01/01/2000,TIW,WA,ANM,WE,Federal Contract Tower,0,0,18,0,18,0,0,34,0,34,0,0,52,0,52,22,0,22,74
01/02/2000,TIW,WA,ANM,WE,Federal Contract Tower,0,4,31,0,35,0,0,157,4,161,0,4,188,4,196,186,2,188,384
01/03/2000,TIW,WA,ANM,WE,Federal Contract Tower,0,3,24,0,27,0,1,17,0,18,0,4,41,0,45,0,0,0,45
01/04/2000,TIW,WA,ANM,WE,Federal Contract Tower,0,2,16,0,18,0,4,32,2,38,0,6,48,2,56,20,0,20,76
01/05/2000,TIW,WA,ANM,WE,Federal Contract Tower,0,4,37,0,41,0,0,57,6,63,0,4,94,6,104,90,0,90,194
01/06/2000,TIW,WA,ANM,WE,Federal Contract Tower,0,4,32,0,36,0,2,108,0,110,0,6,140,0,146,130,0,130,276
01/07/2000,TIW,WA,ANM,WE,Federal Contract Tower,0,3,30,0,33,0,0,100,0,100,0,3,130,0,133,130,0,130,263
01/08/2000,TIW,WA,ANM,WE,Federal Contract Tower,0,1,8,0,9,0,0,36,2,38,0,1,44,2,47,8,0,8,55
01/09/2000,TIW,WA,ANM,WE,Federal Contract Tower,0,0,0,0,0,0,0,13,0,13,0,0,13,0,13,4,0,4,17
01/10/2000,TIW,WA,ANM,WE,Federal Contract Tower,0,2,12,0,14,0,2,0,0,2,0,4,12,0,16,0,0,0,16
01/11/2000,TIW,WA,ANM,WE,Federal Contract Tower,0,3,18,0,21,0,1,25,2,28,0,4,43,2,49,26,0,26,75
01/12/2000,TIW,WA,ANM,WE,Federal Contract Tower,0,4,27,0,31,0,6,28,12,46,0,10,55,12,77,90,0,90,167
01/13/2000,TIW,WA,ANM,WE,Federal Contract Tower,0,4,32,0,36,0,4,68,0,72,0,8,100,0,108,86,0,86,194
01/14/2000,TIW,WA,ANM,WE,Federal Contract Tower,0,3,22,0,25,0,5,23,0,28,0,8,45,0,53,30,0,30,83
01/15/2000,TIW,WA,ANM,WE,Federal Contract Tower,0,1,23,0,24,0,0,335,0,335,0,1,358,0,359,188,0,188,547
01/16/2000,TIW,WA,ANM,WE,Federal Contract Tower,0,0,8,0,8,0,0,18,0,18,0,0,26,0,26,18,0,18,44
01/17/2000,TIW,WA,ANM,WE,Federal Contract Tower,0,2,30,0,32,0,0,183,0,183,0,2,213,0,215,190,0,190,405
01/18/2000,TIW,WA,ANM,WE,Federal Contract Tower,0,2,24,1,27,0,2,130,3,135,0,4,154,4,162,184,0,184,346
01/19/2000,TIW,WA,ANM,WE,Federal Contract Tower,0,3,32,1,36,0,2,157,3,162,0,5,189,4,198,182,0,182,380
01/20/2000,TIW,WA,ANM,WE,Federal Contract Tower,0,5,47,0,52,0,5,48,1,54,0,10,95,1,106,100,0,100,206
01/21/2000,TIW,WA,ANM,WE,Federal Contract Tower,0,3,29,0,32,0,3,76,2,81,0,6,105,2,113,46,0,46,159
01/22/2000,TIW,WA,ANM,WE,Federal Contract Tower,0,0,29,0,29,0,0,218,4,222,0,0,247,4,251,289,0,289,540
01/23/2000,TIW,WA,ANM,WE,Federal Contract Tower,0,2,28,0,30,0,0,138,0,138,0,2,166,0,168,192,0,192,360
01/24/2000,TIW,WA,ANM,WE,Federal Contract Tower,0,3,25,0,28,0,3,119,2,124,0,6,144,2,152,154,0,154,306
01/25/2000,TIW,WA,ANM,WE,Federal Contract Tower,0,6,51,0,57,0,4,52,0,56,0,10,103,0,113,26,0,26,139
01/26/2000,TIW,WA,ANM,WE,Federal Contract Tower,0,3,30,0,33,0,5,53,4,62,0,8,83,4,95,93,0,93,188
01/27/2000,TIW,WA,ANM,WE,Federal Contract Tower,0,4,39,0,43,0,4,121,2,127,0,8,160,2,170,150,0,150,320
01/28/2000,TIW,WA,ANM,WE,Federal Contract Tower,0,5,44,0,49,0,1,176,2,179,0,6,220,2,228,200,0,200,428
01/29/2000,TIW,WA,ANM,WE,Federal Contract Tower,0,0,33,0,33,0,0,232,0,232,0,0,265,0,265,134,0,134,399
01/30/2000,TIW,WA,ANM,WE,Federal Contract Tower,0,0,19,0,19,0,0,107,0,107,0,0,126,0,126,180,0,180,306
01/31/2000,TIW,WA,ANM,WE,Federal Contract Tower,0,2,24,0,26,0,2,70,0,72,0,4,94,0,98,86,0,86,184
02/01/2000,TIW,WA,ANM,WE,Federal Contract Tower,0,2,11,0,13,0,4,4,0,8,0,6,15,0,21,4,0,4,25
02/02/2000,TIW,WA,ANM,WE,Federal Contract Tower,0,4,33,0,37,0,2,89,2,93,0,6,122,2,130,120,0,120,250
02/03/2000,TIW,WA,ANM,WE,Federal Contract Tower,0,3,18,0,21,0,5,152,4,161,0,8,170,4,182,112,0,112,294
02/04/2000,TIW,WA,ANM,WE,Federal Contract Tower,0,4,31,0,35,0,6,261,4,271,0,10,292,4,306,240,0,240,546
02/05/2000,TIW,WA,ANM,WE,Federal Contract Tower,0,1,26,0,27,0,0,331,2,333,0,1,357,2,360,184,0,184,544
02/06/2000,TIW,WA,ANM,WE,Federal Contract Tower,0,1,27,0,28,0,0,130,0,130,0,1,157,0,158,216,0,216,374
02/07/2000,TIW,WA,ANM,WE,Federal Contract Tower,0,3,21,0,24,0,4,50,0,54,0,7,71,0,78,66,0,66,144
02/08/2000,TIW,WA,ANM,WE,Federal Contract Tower,0,4,31,0,35,0,2,18,0,20,0,6,49,0,55,12,0,12,67
02/09/2000,TIW,WA,ANM,WE,Federal Contract Tower,0,5,42,0,47,0,0,180,2,182,0,5,222,2,229,177,0,177,406
02/10/2000,TIW,WA,ANM,WE,Federal Contract Tower,0,5,44,0,49,0,1,167,6,174,0,6,211,6,223,130,4,134,357
02/11/2000,TIW,WA,ANM,WE,Federal Contract Tower,0,4,40,1,45,0,2,135,1,138,0,6,175,2,183,100,0,100,283
02/12/2000,TIW,WA,ANM,WE,Federal Contract Tower,0,4,39,1,44,0,4,66,1,71,0,8,105,2,115,41,0,41,156
02/13/2000,TIW,WA,ANM,WE,Federal Contract Tower,0,0,26,0,26,0,0,132,0,132,0,0,158,0,158,174,0,174,332
02/14/2000,TIW,WA,ANM,WE,Federal Contract Tower,0,2,19,0,21,0,2,1,0,3,0,4,20,0,24,0,0,0,24
02/15/2000,TIW,WA,ANM,WE,Federal Contract Tower,0,3,35,1,39,0,1,92,1,94,0,4,127,2,133,245,0,245,378
02/16/2000,TIW,WA,ANM,WE,Federal Contract Tower,0,2,20,1,23,0,8,138,9,155,0,10,158,10,178,104,0,104,282
02/17/2000,TIW,WA,ANM,WE,Federal Contract Tower,0,4,41,0,45,0,4,209,2,215,0,8,250,2,260,150,0,150,410
02/18/2000,TIW,WA,ANM,WE,Federal Contract Tower,0,4,37,0,41,0,4,173,0,177,0,8,210,0,218,146,0,146,364
02/19/2000,TIW,WA,ANM,WE,Federal Contract Tower,0,0,27,0,27,0,0,228,0,228,0,0,255,0,255,103,0,103,358
02/20/2000,TIW,WA,ANM,WE,Federal Contract Tower,0,0,23,0,23,0,0,197,0,197,0,0,220,0,220,160,0,160,380
02/21/2000,TIW,WA,ANM,WE,Federal Contract Tower,0,0,32,0,32,0,0,32,2,34,0,0,64,2,66,76,0,76,142
02/22/2000,TIW,WA,ANM,WE,Federal Contract Tower,0,1,16,0,17,0,5,10,2,17,0,6,26,2,34,20,0,20,54
02/23/2000,TIW,WA,ANM,WE,Federal Contract Tower,0,4,42,0,46,0,6,42,0,48,0,10,84,0,94,70,0,70,164
02/24/2000,TIW,WA,ANM,WE,Federal Contract Tower,0,3,27,0,30,0,2,113,6,121,0,5,140,6,151,160,0,160,311
02/25/2000,TIW,WA,ANM,WE,Federal Contract Tower,0,1,16,0,17,0,7,74,0,81,0,8,90,0,98,52,0,52,150
02/26/2000,TIW,WA,ANM,WE,Federal Contract Tower,0,1,36,0,37,0,0,87,0,87,0,1,123,0,124,149,0,149,273
02/27/2000,TIW,WA,ANM,WE,Federal Contract Tower,0,0,47,0,47,0,0,82,0,82,0,0,129,0,129,66,0,66,195
02/28/2000,TIW,WA,ANM,WE,Federal Contract Tower,0,3,36,0,39,0,6,26,0,32,0,9,62,0,71,71,0,71,142
02/29/2000,TIW,WA,ANM,WE,Federal Contract Tower,0,4,50,0,54,0,0,35,0,35,0,4,85,0,89,60,0,60,149
03/01/2000,TIW,WA,ANM,WE,Federal Contract Tower,0,3,36,0,39,0,3,105,2,110,0,6,141,2,149,162,0,162,311
03/02/2000,TIW,WA,ANM,WE,Federal Contract Tower,0,3,41,0,44,0,5,59,0,64,0,8,100,0,108,160,0,160,268
03/03/2000,TIW,WA,ANM,WE,Federal Contract Tower,0,3,38,0,41,0,2,32,0,34,0,5,70,0,75,10,0,10,85
03/04/2000,TIW,WA,ANM,WE,Federal Contract Tower,0,0,27,0,27,0,0,79,0,79,0,0,106,0,106,227,0,227,333
03/05/2000,TIW,WA,ANM,WE,Federal Contract Tower,0,2,21,0,23,0,0,132,2,134,0,2,153,2,157,150,0,150,307
03/06/2000,TIW,WA,ANM,WE,Federal Contract Tower,0,2,25,0,27,0,2,105,0,107,0,4,130,0,134,136,0,136,270
03/07/2000,TIW,WA,ANM,WE,Federal Contract Tower,0,3,36,0,39,0,1,182,2,185,0,4,218,2,224,228,0,228,452
03/08/2000,TIW,WA,ANM,WE,Federal Contract Tower,0,2,24,0,26,0,2,56,2,60,0,4,80,2,86,92,0,92,178
03/09/2000,TIW,WA,ANM,WE,Federal Contract Tower,0,3,35,0,38,0,7,139,0,146,0,10,174,0,184,130,0,130,314
03/10/2000,TIW,WA,ANM,WE,Federal Contract Tower,0,2,27,0,29,0,4,173,0,177,0,6,200,0,206,140,0,140,346
03/11/2000,TIW,WA,ANM,WE,Federal Contract Tower,0,0,13,0,13,0,0,114,0,114,0,0,127,0,127,176,0,176,303
03/12/2000,TIW,WA,ANM,WE,Federal Contract Tower,0,0,28,0,28,0,0,134,0,134,0,0,162,0,162,170,0,170,332
03/13/2000,TIW,WA,ANM,WE,Federal Contract Tower,0,2,23,0,25,0,2,83,0,85,0,4,106,0,110,74,0,74,184
03/14/2000,TIW,WA,ANM,WE,Federal Contract Tower,0,2,20,0,22,0,3,70,4,77,0,5,90,4,99,70,0,70,169
03/15/2000,TIW,WA,ANM,WE,Federal Contract Tower,0,4,51,0,55,0,0,184,2,186,0,4,235,2,241,115,0,115,356
03/16/2000,TIW,WA,ANM,WE,Federal Contract Tower,0,1,13,0,14,0,6,39,0,45,0,7,52,0,59,26,0,26,85
03/17/2000,TIW,WA,ANM,WE,Federal Contract Tower,0,1,15,1,17,0,4,25,5,34,0,5,40,6,51,36,0,36,87
03/18/2000,TIW,WA,ANM,WE,Federal Contract Tower,0,0,26,0,26,0,0,22,0,22,0,0,48,0,48,56,0,56,104
03/19/2000,TIW,WA,ANM,WE,Federal Contract Tower,0,2,33,0,35,0,0,67,2,69,0,2,100,2,104,144,0,144,248
03/20/2000,TIW,WA,ANM,WE,Federal Contract Tower,0,2,36,0,38,0,2,89,0,91,0,4,125,0,129,76,0,76,205
03/21/2000,TIW,WA,ANM,WE,Federal Contract Tower,0,2,35,0,37,0,2,125,4,131,0,4,160,4,168,182,0,182,350
03/22/2000,TIW,WA,ANM,WE,Federal Contract Tower,0,1,24,0,25,0,3,28,0,31,0,4,52,0,56,18,0,18,74
03/23/2000,TIW,WA,ANM,WE,Federal Contract Tower,0,2,31,0,33,0,6,141,4,151,0,8,172,4,184,70,0,70,254
03/24/2000,TIW,WA,ANM,WE,Federal Contract Tower,0,2,35,0,37,0,2,245,0,247,0,4,280,0,284,210,0,210,494
03/25/2000,TIW,WA,ANM,WE,Federal Contract Tower,0,0,33,0,33,0,0,212,0,212,0,0,245,0,245,194,0,194,439
03/26/2000,TIW,WA,ANM,WE,Federal Contract Tower,0,1,25,0,26,0,1,231,0,232,0,2,256,0,258,216,0,216,474
03/27/2000,TIW,WA,ANM,WE,Federal Contract Tower,0,2,34,0,36,0,2,79,0,81,0,4,113,0,117,64,0,64,181
03/28/2000,TIW,WA,ANM,WE,Federal Contract Tower,0,2,40,0,42,0,2,90,2,94,0,4,130,2,136,80,0,80,216
03/29/2000,TIW,WA,ANM,WE,Federal Contract Tower,0,3,53,0,56,0,3,134,0,137,0,6,187,0,193,232,0,232,425
03/30/2000,TIW,WA,ANM,WE,Federal Contract Tower,0,3,46,0,49,0,7,174,4,185,0,10,220,4,234,186,0,186,420
03/31/2000,TIW,WA,ANM,WE,Federal Contract Tower,0,3,45,0,48,0,4,251,4,259,0,7,296,4,307,284,0,284,591
04/01/2000,TIW,WA,ANM,WE,Federal Contract Tower,0,1,22,0,23,0,4,212,0,216,0,5,234,0,239,144,0,144,383
04/02/2000,TIW,WA,ANM,WE,Federal Contract Tower,0,0,19,0,19,0,0,152,0,152,0,0,171,0,171,190,0,190,361
04/03/2000,TIW,WA,ANM,WE,Federal Contract Tower,0,2,32,0,34,0,3,135,0,138,0,5,167,0,172,92,0,92,264
04/04/2000,TIW,WA,ANM,WE,Federal Contract Tower,0,1,14,0,15,0,5,51,0,56,0,6,65,0,71,56,0,56,127
04/05/2000,TIW,WA,ANM,WE,Federal Contract Tower,0,2,31,0,33,0,8,69,0,77,0,10,100,0,110,108,0,108,218
04/06/2000,TIW,WA,ANM,WE,Federal Contract Tower,0,2,42,0,44,0,16,58,0,74,0,18,100,0,118,70,0,70,188
04/07/2000,TIW,WA,ANM,WE,Federal Contract Tower,0,1,24,0,25,0,1,160,2,163,0,2,184,2,188,104,0,104,292
04/08/2000,TIW,WA,ANM,WE,Federal Contract Tower,0,0,21,0,21,0,0,195,1,196,0,0,216,1,217,172,0,172,389
04/09/2000,TIW,WA,ANM,WE,Federal Contract Tower,0,0,21,0,21,0,0,147,0,147,0,0,168,0,168,120,0,120,288
04/10/2000,TIW,WA,ANM,WE,Federal Contract Tower,0,1,17,0,18,0,3,144,0,147,0,4,161,0,165,162,0,162,327
04/11/2000,TIW,WA,ANM,WE,Federal Contract Tower,0,2,42,0,44,0,2,148,0,150,0,4,190,0,194,140,0,140,334
04/12/2000,TIW,WA,ANM,WE,Federal Contract Tower,0,1,22,0,23,0,6,153,4,163,0,7,175,4,186,224,0,224,410
04/13/2000,TIW,WA,ANM,WE,Federal Contract Tower,0,1,24,0,25,0,4,51,4,59,0,5,75,4,84,90,0,90,174
04/14/2000,TIW,WA,ANM,WE,Federal Contract Tower,0,2,40,0,42,0,2,32,0,34,0,4,72,0,76,28,0,28,104
04/15/2000,TIW,WA,ANM,WE,Federal Contract Tower,0,1,26,0,27,0,3,106,0,109,0,4,132,0,136,132,0,132,268
04/16/2000,TIW,WA,ANM,WE,Federal Contract Tower,0,0,40,0,40,0,0,118,0,118,0,0,158,0,158,228,0,228,386
04/17/2000,TIW,WA,ANM,WE,Federal Contract Tower,0,1,21,0,22,0,17,190,0,207,0,18,211,0,229,198,0,198,427
04/18/2000,TIW,WA,ANM,WE,Federal Contract Tower,0,2,41,0,43,0,1,109,0,110,0,3,150,0,153,110,0,110,263
04/19/2000,TIW,WA,ANM,WE,Federal Contract Tower,0,1,27,0,28,0,3,111,0,114,0,4,138,0,142,176,0,176,318
04/20/2000,TIW,WA,ANM,WE,Federal Contract Tower,0,0,18,0,18,0,4,225,0,229,0,4,243,0,247,226,0,226,473
04/21/2000,TIW,WA,ANM,WE,Federal Contract Tower,0,1,41,1,43,0,1,179,1,181,0,2,220,2,224,220,0,220,444
04/22/2000,TIW,WA,ANM,WE,Federal Contract Tower,0,0,24,0,24,0,0,122,0,122,0,0,146,0,146,120,0,120,266
04/23/2000,TIW,WA,ANM,WE,Federal Contract Tower,0,0,10,0,10,0,0,22,0,22,0,0,32,0,32,14,0,14,46
04/24/2000,TIW,WA,ANM,WE,Federal Contract Tower,0,1,46,0,47,0,3,141,2,146,0,4,187,2,193,220,0,220,413
04/25/2000,TIW,WA,ANM,WE,Federal Contract Tower,0,0,19,0,19,0,4,38,4,46,0,4,57,4,65,36,0,36,101
04/26/2000,TIW,WA,ANM,WE,Federal Contract Tower,0,1,45,0,46,0,1,146,0,147,0,2,191,0,193,190,0,190,383
04/27/2000,TIW,WA,ANM,WE,Federal Contract Tower,0,1,38,0,39,0,3,72,8,83,0,4,110,8,122,70,0,70,192
04/28/2000,TIW,WA,ANM,WE,Federal Contract Tower,0,0,0,0,0,0,4,102,2,108,0,4,102,2,108,50,0,50,158
04/29/2000,TIW,WA,ANM,WE,Federal Contract Tower,0,0,29,0,29,0,0,198,0,198,0,0,227,0,227,270,0,270,497
04/30/2000,TIW,WA,ANM,WE,Federal Contract Tower,0,0,27,0,27,0,0,173,0,173,0,0,200,0,200,213,0,213,413
05/01/2000,TIW,WA,ANM,WE,Federal Contract Tower,0,2,39,0,41,0,0,117,0,117,0,2,156,0,158,136,0,136,294
05/02/2000,TIW,WA,ANM,WE,Federal Contract Tower,0,1,36,0,37,0,1,97,0,98,0,2,133,0,135,126,0,126,261
05/03/2000,TIW,WA,ANM,WE,Federal Contract Tower,0,1,31,0,32,0,1,66,0,67,0,2,97,0,99,52,0,52,151
05/04/2000,TIW,WA,ANM,WE,Federal Contract Tower,0,1,32,0,33,0,1,85,0,86,0,2,117,0,119,104,0,104,223
05/05/2000,TIW,WA,ANM,WE,Federal Contract Tower,0,1,25,0,26,0,3,75,0,78,0,4,100,0,104,36,0,36,140
05/06/2000,TIW,WA,ANM,WE,Federal Contract Tower,0,0,25,0,25,0,0,196,0,196,0,0,221,0,221,288,0,288,509
05/07/2000,TIW,WA,ANM,WE,Federal Contract Tower,0,1,29,0,30,0,2,191,4,197,0,3,220,4,227,166,0,166,393
05/08/2000,TIW,WA,ANM,WE,Federal Contract Tower,0,1,25,0,26,0,1,79,0,80,0,2,104,0,106,122,0,122,228
05/09/2000,TIW,WA,ANM,WE,Federal Contract Tower,0,1,34,0,35,0,5,16,0,21,0,6,50,0,56,10,0,10,66
05/10/2000,TIW,WA,ANM,WE,Federal Contract Tower,0,1,34,0,35,0,2,73,0,75,0,3,107,0,110,134,0,134,244
05/11/2000,TIW,WA,ANM,WE,Federal Contract Tower,0,1,33,0,34,0,5,102,5,112,0,6,135,5,146,94,0,94,240
05/12/2000,TIW,WA,ANM,WE,Federal Contract Tower,0,2,41,0,43,0,0,229,2,231,0,2,270,2,274,224,0,224,498
05/13/2000,TIW,WA,ANM,WE,Federal Contract Tower,0,1,31,0,32,0,0,184,0,184,0,1,215,0,216,232,0,232,448
05/14/2000,TIW,WA,ANM,WE,Federal Contract Tower,0,0,28,0,28,0,0,144,0,144,0,0,172,0,172,200,0,200,372
05/15/2000,TIW,WA,ANM,WE,Federal Contract Tower,0,1,28,0,29,0,3,106,0,109,0,4,134,0,138,208,0,208,346
05/16/2000,TIW,WA,ANM,WE,Federal Contract Tower,0,2,39,0,41,0,1,131,2,134,0,3,170,2,175,200,0,200,375
05/17/2000,TIW,WA,ANM,WE,Federal Contract Tower,0,1,33,0,34,0,2,78,2,82,0,3,111,2,116,142,0,142,258
05/18/2000,TIW,WA,ANM,WE,Federal Contract Tower,0,2,41,0,43,0,6,83,4,93,0,8,124,4,136,120,0,120,256
05/19/2000,TIW,WA,ANM,WE,Federal Contract Tower,0,2,57,0,59,0,1,55,2,58,0,3,112,2,117,100,0,100,217
05/20/2000,TIW,WA,ANM,WE,Federal Contract Tower,0,0,37,0,37,0,0,154,6,160,0,0,191,6,197,180,0,180,377
05/21/2000,TIW,WA,ANM,WE,Federal Contract Tower,0,0,23,0,23,0,0,103,0,103,0,0,126,0,126,34,0,34,160
05/22/2000,TIW,WA,ANM,WE,Federal Contract Tower,0,0,26,0,26,0,3,68,0,71,0,3,94,0,97,130,0,130,227
05/23/2000,TIW,WA,ANM,WE,Federal Contract Tower,0,0,28,0,28,0,4,138,0,142,0,4,166,0,170,158,0,158,328
05/24/2000,TIW,WA,ANM,WE,Federal Contract Tower,0,1,49,0,50,0,0,208,0,208,0,1,257,0,258,184,0,184,442
05/25/2000,TIW,WA,ANM,WE,Federal Contract Tower,0,1,54,0,55,0,5,203,2,210,0,6,257,2,265,226,0,226,491
05/26/2000,TIW,WA,ANM,WE,Federal Contract Tower,0,0,29,0,29,0,2,47,0,49,0,2,76,0,78,60,0,60,138
05/27/2000,TIW,WA,ANM,WE,Federal Contract Tower,0,0,20,0,20,0,2,22,2,26,0,2,42,2,46,22,0,22,68
05/28/2000,TIW,WA,ANM,WE,Federal Contract Tower,0,0,23,0,23,0,0,93,2,95,0,0,116,2,118,184,0,184,302
05/29/2000,TIW,WA,ANM,WE,Federal Contract Tower,0,0,34,0,34,0,0,92,0,92,0,0,126,0,126,144,0,144,270
05/30/2000,TIW,WA,ANM,WE,Federal Contract Tower,0,0,36,0,36,0,4,40,0,44,0,4,76,0,80,86,0,86,166
05/31/2000,TIW,WA,ANM,WE,Federal Contract Tower,0,1,52,0,53,0,4,54,2,60,0,5,106,2,113,100,0,100,213
06/01/2000,TIW,WA,ANM,WE,Federal Contract Tower,0,2,32,0,34,0,6,161,0,167,0,8,193,0,201,170,0,170,371
06/02/2000,TIW,WA,ANM,WE,Federal Contract Tower,0,2,28,0,30,0,2,154,0,156,0,4,182,0,186,150,0,150,336
06/03/2000,TIW,WA,ANM,WE,Federal Contract Tower,0,0,42,0,42,0,0,224,0,224,0,0,266,0,266,228,0,228,494
06/04/2000,TIW,WA,ANM,WE,Federal Contract Tower,0,0,11,0,11,0,0,122,0,122,0,0,133,0,133,110,0,110,243
06/05/2000,TIW,WA,ANM,WE,Federal Contract Tower,0,2,27,0,29,0,2,61,0,63,0,4,88,0,92,90,0,90,182
06/06/2000,TIW,WA,ANM,WE,Federal Contract Tower,0,2,38,0,40,0,2,22,4,28,0,4,60,4,68,10,0,10,78
06/07/2000,TIW,WA,ANM,WE,Federal Contract Tower,0,3,43,0,46,0,0,15,2,17,0,3,58,2,63,36,0,36,99
06/08/2000,TIW,WA,ANM,WE,Federal Contract Tower,0,2,36,0,38,0,3,106,0,109,0,5,142,0,147,96,0,96,243
06/09/2000,TIW,WA,ANM,WE,Federal Contract Tower,0,2,32,0,34,0,2,110,2,114,0,4,142,2,148,160,0,160,308
06/10/2000,TIW,WA,ANM,WE,Federal Contract Tower,0,2,26,0,28,0,0,80,0,80,0,2,106,0,108,94,0,94,202
06/11/2000,TIW,WA,ANM,WE,Federal Contract Tower,0,0,39,0,39,0,0,42,0,42,0,0,81,0,81,50,0,50,131
06/12/2000,TIW,WA,ANM,WE,Federal Contract Tower,0,2,20,0,22,0,4,19,0,23,0,6,39,0,45,26,0,26,71
06/13/2000,TIW,WA,ANM,WE,Federal Contract Tower,0,2,38,0,40,0,0,164,0,164,0,2,202,0,204,178,0,178,382
06/14/2000,TIW,WA,ANM,WE,Federal Contract Tower,0,3,54,0,57,0,5,86,2,93,0,8,140,2,150,76,0,76,226
06/15/2000,TIW,WA,ANM,WE,Federal Contract Tower,0,2,47,0,49,0,5,188,0,193,0,7,235,0,242,210,0,210,452
06/16/2000,TIW,WA,ANM,WE,Federal Contract Tower,0,1,27,0,28,0,9,273,0,282,0,10,300,0,310,200,0,200,510
06/17/2000,TIW,WA,ANM,WE,Federal Contract Tower,0,0,32,0,32,0,0,321,0,321,0,0,353,0,353,192,0,192,545
06/18/2000,TIW,WA,ANM,WE,Federal Contract Tower,0,1,36,0,37,0,3,90,1,94,0,4,126,1,131,78,0,78,209
06/19/2000,TIW,WA,ANM,WE,Federal Contract Tower,0,2,43,0,45,0,6,158,0,164,0,8,201,0,209,336,0,336,545
06/20/2000,TIW,WA,ANM,WE,Federal Contract Tower,0,1,24,0,25,0,11,197,0,208,0,12,221,0,233,270,0,270,503
06/21/2000,TIW,WA,ANM,WE,Federal Contract Tower,0,1,31,0,32,0,3,99,0,102,0,4,130,0,134,134,0,134,268
06/22/2000,TIW,WA,ANM,WE,Federal Contract Tower,0,1,28,0,29,0,7,197,2,206,0,8,225,2,235,180,0,180,415
06/23/2000,TIW,WA,ANM,WE,Federal Contract Tower,0,2,40,0,42,0,3,120,0,123,0,5,160,0,165,160,0,160,325
06/24/2000,TIW,WA,ANM,WE,Federal Contract Tower,0,0,16,0,16,0,0,112,0,112,0,0,128,0,128,82,0,82,210
06/25/2000,TIW,WA,ANM,WE,Federal Contract Tower,0,1,23,0,24,0,1,172,2,175,0,2,195,2,199,107,0,107,306
06/26/2000,TIW,WA,ANM,WE,Federal Contract Tower,0,1,28,0,29,0,4,163,0,167,0,5,191,0,196,196,0,196,392
06/27/2000,TIW,WA,ANM,WE,Federal Contract Tower,0,1,24,0,25,0,4,176,2,182,0,5,200,2,207,164,0,164,371
06/28/2000,TIW,WA,ANM,WE,Federal Contract Tower,0,2,40,0,42,0,2,155,4,161,0,4,195,4,203,166,0,166,369
06/29/2000,TIW,WA,ANM,WE,Federal Contract Tower,0,2,51,0,53,0,4,74,0,78,0,6,125,0,131,78,0,78,209
06/30/2000,TIW,WA,ANM,WE,Federal Contract Tower,0,2,41,0,43,0,3,133,0,136,0,5,174,0,179,102,0,102,281
07/01/2000,TIW,WA,ANM,WE,Federal Contract Tower,0,0,45,0,45,0,0,148,0,148,0,0,193,0,193,158,0,158,351
07/02/2000,TIW,WA,ANM,WE,Federal Contract Tower,0,0,32,0,32,0,0,115,2,117,0,0,147,2,149,164,0,164,313
07/03/2000,TIW,WA,ANM,WE,Federal Contract Tower,0,2,24,0,26,0,1,97,0,98,0,3,121,0,124,146,0,146,270
07/04/2000,TIW,WA,ANM,WE,Federal Contract Tower,0,0,22,0,22,0,0,124,1,125,0,0,146,1,147,91,0,91,238
07/05/2000,TIW,WA,ANM,WE,Federal Contract Tower,0,2,30,0,32,0,0,155,0,155,0,2,185,0,187,179,0,179,366
07/06/2000,TIW,WA,ANM,WE,Federal Contract Tower,0,2,34,0,36,0,1,186,0,187,0,3,220,0,223,168,0,168,391
07/07/2000,TIW,WA,ANM,WE,Federal Contract Tower,0,1,33,0,34,0,0,187,0,187,0,1,220,0,221,180,0,180,401
07/08/2000,TIW,WA,ANM,WE,Federal Contract Tower,0,0,60,0,60,0,0,144,0,144,0,0,204,0,204,150,0,150,354
07/09/2000,TIW,WA,ANM,WE,Federal Contract Tower,0,1,25,0,26,0,0,141,0,141,0,1,166,0,167,170,0,170,337
07/10/2000,TIW,WA,ANM,WE,Federal Contract Tower,0,1,27,0,28,0,0,114,2,116,0,1,141,2,144,114,0,114,258
07/11/2000,TIW,WA,ANM,WE,Federal Contract Tower,0,3,53,0,56,0,2,134,0,136,0,5,187,0,192,146,0,146,338
07/12/2000,TIW,WA,ANM,WE,Federal Contract Tower,0,2,38,0,40,0,5,132,4,141,0,7,170,4,181,138,0,138,319
07/13/2000,TIW,WA,ANM,WE,Federal Contract Tower,0,3,41,0,44,0,12,109,2,123,0,15,150,2,167,150,0,150,317
07/14/2000,TIW,WA,ANM,WE,Federal Contract Tower,0,2,39,0,41,0,8,206,4,218,0,10,245,4,259,150,0,150,409
07/15/2000,TIW,WA,ANM,WE,Federal Contract Tower,0,0,24,0,24,0,0,184,0,184,0,0,208,0,208,54,0,54,262
07/16/2000,TIW,WA,ANM,WE,Federal Contract Tower,0,0,24,0,24,0,0,283,0,283,0,0,307,0,307,112,0,112,419
07/17/2000,TIW,WA,ANM,WE,Federal Contract Tower,0,2,49,0,51,0,6,176,0,182,0,8,225,0,233,166,0,166,399
07/18/2000,TIW,WA,ANM,WE,Federal Contract Tower,0,2,48,0,50,0,8,132,2,142,0,10,180,2,192,126,0,126,318
07/19/2000,TIW,WA,ANM,WE,Federal Contract Tower,0,2,48,0,50,0,8,202,2,212,0,10,250,2,262,210,0,210,472
07/20/2000,TIW,WA,ANM,WE,Federal Contract Tower,0,2,48,0,50,0,12,172,0,184,0,14,220,0,234,120,0,120,354
07/21/2000,TIW,WA,ANM,WE,Federal Contract Tower,0,1,21,0,22,0,1,157,2,160,0,2,178,2,182,160,0,160,342
07/22/2000,TIW,WA,ANM,WE,Federal Contract Tower,0,0,17,0,17,0,0,74,0,74,0,0,91,0,91,47,0,47,138
07/23/2000,TIW,WA,ANM,WE,Federal Contract Tower,0,0,24,0,24,0,0,121,0,121,0,0,145,0,145,148,2,150,295
07/24/2000,TIW,WA,ANM,WE,Federal Contract Tower,0,1,24,0,25,0,2,169,0,171,0,3,193,0,196,184,0,184,380
07/25/2000,TIW,WA,ANM,WE,Federal Contract Tower,0,1,35,0,36,0,1,98,0,99,0,2,133,0,135,172,0,172,307
07/26/2000,TIW,WA,ANM,WE,Federal Contract Tower,0,1,27,0,28,0,1,173,0,174,0,2,200,0,202,230,0,230,432
07/27/2000,TIW,WA,ANM,WE,Federal Contract Tower,0,1,37,0,38,0,6,133,0,139,0,7,170,0,177,210,0,210,387
07/28/2000,TIW,WA,ANM,WE,Federal Contract Tower,0,0,20,0,20,0,3,164,0,167,0,3,184,0,187,220,0,220,407
07/29/2000,TIW,WA,ANM,WE,Federal Contract Tower,0,0,21,0,21,0,0,208,0,208,0,0,229,0,229,208,0,208,437
07/30/2000,TIW,WA,ANM,WE,Federal Contract Tower,0,0,17,0,17,0,1,147,0,148,0,1,164,0,165,156,0,156,321
07/31/2000,TIW,WA,ANM,WE,Federal Contract Tower,0,0,19,0,19,0,3,120,0,123,0,3,139,0,142,164,0,164,306
08/01/2000,TIW,WA,ANM,WE,Federal Contract Tower,0,1,14,0,15,0,2,137,0,139,0,3,151,0,154,274,0,274,428
08/02/2000,TIW,WA,ANM,WE,Federal Contract Tower,0,1,12,0,13,0,1,181,2,184,0,2,193,2,197,256,0,256,453
08/03/2000,TIW,WA,ANM,WE,Federal Contract Tower,0,2,14,0,16,0,1,201,4,206,0,3,215,4,222,200,0,200,422
08/04/2000,TIW,WA,ANM,WE,Federal Contract Tower,0,2,15,0,17,0,1,193,2,196,0,3,208,2,213,280,0,280,493
08/05/2000,TIW,WA,ANM,WE,Federal Contract Tower,0,2,20,0,22,0,2,137,0,139,0,4,157,0,161,42,0,42,203
08/06/2000,TIW,WA,ANM,WE,Federal Contract Tower,0,2,27,0,29,0,0,119,0,119,0,2,146,0,148,146,0,146,294
08/07/2000,TIW,WA,ANM,WE,Federal Contract Tower,0,2,18,0,20,0,1,96,1,98,0,3,114,1,118,175,1,176,294
08/08/2000,TIW,WA,ANM,WE,Federal Contract Tower,0,2,18,0,20,0,2,92,2,96,0,4,110,2,116,153,0,153,269
08/09/2000,TIW,WA,ANM,WE,Federal Contract Tower,0,3,29,0,32,0,1,136,2,139,0,4,165,2,171,142,0,142,313
08/10/2000,TIW,WA,ANM,WE,Federal Contract Tower,0,3,33,0,36,0,6,137,0,143,0,9,170,0,179,116,0,116,295
08/11/2000,TIW,WA,ANM,WE,Federal Contract Tower,0,3,35,0,38,0,2,165,0,167,0,5,200,0,205,200,0,200,405
08/12/2000,TIW,WA,ANM,WE,Federal Contract Tower,0,2,25,0,27,0,0,193,0,193,0,2,218,0,220,150,0,150,370
08/13/2000,TIW,WA,ANM,WE,Federal Contract Tower,0,0,19,0,19,0,0,120,2,122,0,0,139,2,141,86,0,86,227
08/14/2000,TIW,WA,ANM,WE,Federal Contract Tower,0,3,35,0,38,0,0,175,4,179,0,3,210,4,217,173,0,173,390
08/15/2000,TIW,WA,ANM,WE,Federal Contract Tower,0,2,33,1,36,0,5,147,3,155,0,7,180,4,191,200,0,200,391
08/16/2000,TIW,WA,ANM,WE,Federal Contract Tower,0,2,33,1,36,0,2,185,1,188,0,4,218,2,224,352,0,352,576
08/17/2000,TIW,WA,ANM,WE,Federal Contract Tower,0,1,24,0,25,0,3,184,2,189,0,4,208,2,214,210,0,210,424
08/18/2000,TIW,WA,ANM,WE,Federal Contract Tower,0,3,41,0,44,0,7,29,0,36,0,10,70,0,80,90,0,90,170
08/19/2000,TIW,WA,ANM,WE,Federal Contract Tower,0,0,20,0,20,0,0,110,2,112,0,0,130,2,132,118,0,118,250
08/20/2000,TIW,WA,ANM,WE,Federal Contract Tower,0,1,18,0,19,0,0,129,0,129,0,1,147,0,148,236,0,236,384
08/21/2000,TIW,WA,ANM,WE,Federal Contract Tower,0,1,23,0,24,0,4,171,2,177,0,5,194,2,201,194,2,196,397
08/22/2000,TIW,WA,ANM,WE,Federal Contract Tower,0,0,15,0,15,0,4,203,2,209,0,4,218,2,224,224,0,224,448
08/23/2000,TIW,WA,ANM,WE,Federal Contract Tower,0,1,50,0,51,0,0,216,2,218,0,1,266,2,269,184,0,184,453
08/24/2000,TIW,WA,ANM,WE,Federal Contract Tower,0,4,56,0,60,0,3,172,4,179,0,7,228,4,239,230,0,230,469
08/25/2000,TIW,WA,ANM,WE,Federal Contract Tower,0,3,44,0,47,0,2,145,0,147,0,5,189,0,194,180,0,180,374
08/26/2000,TIW,WA,ANM,WE,Federal Contract Tower,0,0,29,0,29,0,0,126,0,126,0,0,155,0,155,184,0,184,339
08/27/2000,TIW,WA,ANM,WE,Federal Contract Tower,0,0,29,0,29,0,0,178,0,178,0,0,207,0,207,150,0,150,357
08/28/2000,TIW,WA,ANM,WE,Federal Contract Tower,0,2,41,0,43,0,8,172,0,180,0,10,213,0,223,272,0,272,495
08/29/2000,TIW,WA,ANM,WE,Federal Contract Tower,0,1,24,0,25,0,4,102,4,110,0,5,126,4,135,226,0,226,361
08/30/2000,TIW,WA,ANM,WE,Federal Contract Tower,0,2,37,0,39,0,3,166,4,173,0,5,203,4,212,224,0,224,436
08/31/2000,TIW,WA,ANM,WE,Federal Contract Tower,0,1,28,0,29,0,6,82,0,88,0,7,110,0,117,170,0,170,287
09/01/2000,TIW,WA,ANM,WE,Federal Contract Tower,0,2,21,0,23,0,4,174,0,178,0,6,195,0,201,200,0,200,401
09/02/2000,TIW,WA,ANM,WE,Federal Contract Tower,0,2,24,0,26,0,0,118,0,118,0,2,142,0,144,122,0,122,266
09/03/2000,TIW,WA,ANM,WE,Federal Contract Tower,0,0,17,0,17,0,0,114,0,114,0,0,131,0,131,151,0,151,282
09/04/2000,TIW,WA,ANM,WE,Federal Contract Tower,0,0,37,0,37,0,0,238,0,238,0,0,275,0,275,306,0,306,581
09/05/2000,TIW,WA,ANM,WE,Federal Contract Tower,0,2,30,0,32,0,3,77,0,80,0,5,107,0,112,182,0,182,294
09/06/2000,TIW,WA,ANM,WE,Federal Contract Tower,0,3,48,0,51,0,14,136,0,150,0,17,184,0,201,174,0,174,375
09/07/2000,TIW,WA,ANM,WE,Federal Contract Tower,0,2,33,0,35,0,4,50,2,56,0,6,83,2,91,116,0,116,207
09/08/2000,TIW,WA,ANM,WE,Federal Contract Tower,0,3,41,0,44,0,4,57,0,61,0,7,98,0,105,54,0,54,159
09/09/2000,TIW,WA,ANM,WE,Federal Contract Tower,0,0,20,0,20,0,0,104,0,104,0,0,124,0,124,206,0,206,330
09/10/2000,TIW,WA,ANM,WE,Federal Contract Tower,0,0,39,0,39,0,0,53,0,53,0,0,92,0,92,77,0,77,169
09/11/2000,TIW,WA,ANM,WE,Federal Contract Tower,0,2,27,0,29,0,2,108,0,110,0,4,135,0,139,160,0,160,299
09/12/2000,TIW,WA,ANM,WE,Federal Contract Tower,0,3,34,0,37,0,1,256,0,257,0,4,290,0,294,262,0,262,556
09/13/2000,TIW,WA,ANM,WE,Federal Contract Tower,0,2,24,0,26,0,3,207,0,210,0,5,231,0,236,196,0,196,432
09/14/2000,TIW,WA,ANM,WE,Federal Contract Tower,0,2,33,0,35,0,7,143,0,150,0,9,176,0,185,156,0,156,341
09/15/2000,TIW,WA,ANM,WE,Federal Contract Tower,0,3,46,0,49,0,7,144,2,153,0,10,190,2,202,136,0,136,338
09/16/2000,TIW,WA,ANM,WE,Federal Contract Tower,0,2,39,0,41,0,0,150,0,150,0,2,189,0,191,112,0,112,303
09/17/2000,TIW,WA,ANM,WE,Federal Contract Tower,0,1,34,0,35,0,2,142,2,146,0,3,176,2,181,97,0,97,278
09/18/2000,TIW,WA,ANM,WE,Federal Contract Tower,0,2,38,0,40,0,1,91,0,92,0,3,129,0,132,136,0,136,268
09/19/2000,TIW,WA,ANM,WE,Federal Contract Tower,0,2,39,0,41,0,2,162,0,164,0,4,201,0,205,148,0,148,353
09/20/2000,TIW,WA,ANM,WE,Federal Contract Tower,0,2,41,0,43,0,2,49,2,53,0,4,90,2,96,78,0,78,174
09/21/2000,TIW,WA,ANM,WE,Federal Contract Tower,0,2,38,0,40,0,3,144,6,153,0,5,182,6,193,110,0,110,303
09/22/2000,TIW,WA,ANM,WE,Federal Contract Tower,0,1,34,0,35,0,5,326,6,337,0,6,360,6,372,84,0,84,456
09/23/2000,TIW,WA,ANM,WE,Federal Contract Tower,0,0,24,0,24,0,0,244,0,244,0,0,268,0,268,112,0,112,380
09/24/2000,TIW,WA,ANM,WE,Federal Contract Tower,0,0,16,0,16,0,6,199,0,205,0,6,215,0,221,199,0,199,420
09/25/2000,TIW,WA,ANM,WE,Federal Contract Tower,0,1,17,0,18,0,11,158,0,169,0,12,175,0,187,192,0,192,379
09/26/2000,TIW,WA,ANM,WE,Federal Contract Tower,0,1,30,0,31,0,4,249,4,257,0,5,279,4,288,185,0,185,473
09/27/2000,TIW,WA,ANM,WE,Federal Contract Tower,0,1,20,0,21,0,5,177,2,184,0,6,197,2,205,190,0,190,395
09/28/2000,TIW,WA,ANM,WE,Federal Contract Tower,0,2,38,0,40,0,2,101,4,107,0,4,139,4,147,230,0,230,377
09/29/2000,TIW,WA,ANM,WE,Federal Contract Tower,0,2,40,0,42,0,4,75,0,79,0,6,115,0,121,140,0,140,261
09/30/2000,TIW,WA,ANM,WE,Federal Contract Tower,0,0,35,0,35,0,0,17,0,17,0,0,52,0,52,0,0,0,52
10/01/2000,TIW,WA,ANM,WE,Federal Contract Tower,0,0,28,0,28,0,0,119,2,121,0,0,147,2,149,146,0,146,295
10/02/2000,TIW,WA,ANM,WE,Federal Contract Tower,0,3,36,0,39,0,0,130,0,130,0,3,166,0,169,182,0,182,351
10/03/2000,TIW,WA,ANM,WE,Federal Contract Tower,0,3,33,0,36,0,2,172,2,176,0,5,205,2,212,234,0,234,446
10/04/2000,TIW,WA,ANM,WE,Federal Contract Tower,0,3,32,0,35,0,2,177,2,181,0,5,209,2,216,170,0,170,386
10/05/2000,TIW,WA,ANM,WE,Federal Contract Tower,0,3,25,0,28,0,2,183,0,185,0,5,208,0,213,208,0,208,421
10/06/2000,TIW,WA,ANM,WE,Federal Contract Tower,0,3,27,0,30,0,3,165,0,168,0,6,192,0,198,150,0,150,348
10/07/2000,TIW,WA,ANM,WE,Federal Contract Tower,0,2,27,0,29,0,0,252,0,252,0,2,279,0,281,206,0,206,487
10/08/2000,TIW,WA,ANM,WE,Federal Contract Tower,0,0,26,0,26,0,0,164,0,164,0,0,190,0,190,154,0,154,344
10/09/2000,TIW,WA,ANM,WE,Federal Contract Tower,0,3,31,0,34,0,2,13,0,15,0,5,44,0,49,0,0,0,49
10/10/2000,TIW,WA,ANM,WE,Federal Contract Tower,0,3,31,0,34,0,5,116,2,123,0,8,147,2,157,167,0,167,324
10/11/2000,TIW,WA,ANM,WE,Federal Contract Tower,0,4,37,0,41,0,12,63,0,75,0,16,100,0,116,100,0,100,216
10/12/2000,TIW,WA,ANM,WE,Federal Contract Tower,0,5,56,0,61,0,3,117,0,120,0,8,173,0,181,168,0,168,349
10/13/2000,TIW,WA,ANM,WE,Federal Contract Tower,0,4,70,0,74,0,0,22,0,22,0,4,92,0,96,0,0,0,96
10/14/2000,TIW,WA,ANM,WE,Federal Contract Tower,0,0,59,0,59,0,0,119,0,119,0,0,178,0,178,167,0,167,345
10/15/2000,TIW,WA,ANM,WE,Federal Contract Tower,0,4,57,1,62,0,10,108,3,121,0,14,165,4,183,92,0,92,275
10/16/2000,TIW,WA,ANM,WE,Federal Contract Tower,0,3,45,0,48,0,7,15,0,22,0,10,60,0,70,4,0,4,74
10/17/2000,TIW,WA,ANM,WE,Federal Contract Tower,0,2,33,0,35,0,5,97,6,108,0,7,130,6,143,85,0,85,228
10/18/2000,TIW,WA,ANM,WE,Federal Contract Tower,0,3,42,0,45,0,9,122,0,131,0,12,164,0,176,192,0,192,368
10/19/2000,TIW,WA,ANM,WE,Federal Contract Tower,0,3,43,0,46,0,4,95,0,99,0,7,138,0,145,126,0,126,271
10/20/2000,TIW,WA,ANM,WE,Federal Contract Tower,0,2,30,0,32,0,3,31,4,38,0,5,61,4,70,22,0,22,92
10/21/2000,TIW,WA,ANM,WE,Federal Contract Tower,0,0,33,0,33,0,0,253,0,253,0,0,286,0,286,230,0,230,516
10/22/2000,TIW,WA,ANM,WE,Federal Contract Tower,0,1,25,0,26,0,5,187,0,192,0,6,212,0,218,170,0,170,388
10/23/2000,TIW,WA,ANM,WE,Federal Contract Tower,0,4,57,0,61,0,0,163,0,163,0,4,220,0,224,140,0,140,364
10/24/2000,TIW,WA,ANM,WE,Federal Contract Tower,0,4,53,0,57,0,16,186,4,206,0,20,239,4,263,249,0,249,512
10/25/2000,TIW,WA,ANM,WE,Federal Contract Tower,0,2,28,0,30,0,4,137,4,145,0,6,165,4,175,182,0,182,357
10/26/2000,TIW,WA,ANM,WE,Federal Contract Tower,0,3,40,0,43,0,1,91,2,94,0,4,131,2,137,136,6,142,279
10/27/2000,TIW,WA,ANM,WE,Federal Contract Tower,0,2,34,0,36,0,3,126,2,131,0,5,160,2,167,164,0,164,331
10/28/2000,TIW,WA,ANM,WE,Federal Contract Tower,0,1,17,0,18,0,5,78,0,83,0,6,95,0,101,68,0,68,169
10/29/2000,TIW,WA,ANM,WE,Federal Contract Tower,0,1,16,0,17,0,3,94,0,97,0,4,110,0,114,86,0,86,200
10/30/2000,TIW,WA,ANM,WE,Federal Contract Tower,0,4,52,0,56,0,2,23,0,25,0,6,75,0,81,42,0,42,123
10/31/2000,TIW,WA,ANM,WE,Federal Contract Tower,0,3,40,0,43,0,2,72,2,76,0,5,112,2,119,51,0,51,170
11/01/2000,TIW,WA,ANM,WE,Federal Contract Tower,0,3,43,0,46,0,1,113,0,114,0,4,156,0,160,116,0,116,276
11/02/2000,TIW,WA,ANM,WE,Federal Contract Tower,0,3,37,0,40,0,0,121,0,121,0,3,158,0,161,122,0,122,283
11/03/2000,TIW,WA,ANM,WE,Federal Contract Tower,0,2,42,0,44,0,3,105,0,108,0,5,147,0,152,168,0,168,320
11/04/2000,TIW,WA,ANM,WE,Federal Contract Tower,0,0,15,1,16,0,1,92,3,96,0,1,107,4,112,138,0,138,250
11/05/2000,TIW,WA,ANM,WE,Federal Contract Tower,0,2,49,1,52,0,0,66,1,67,0,2,115,2,119,48,0,48,167
11/06/2000,TIW,WA,ANM,WE,Federal Contract Tower,0,2,33,1,36,0,2,57,1,60,0,4,90,2,96,86,0,86,182
11/07/2000,TIW,WA,ANM,WE,Federal Contract Tower,0,3,47,1,51,0,17,99,3,119,0,20,146,4,170,81,0,81,251
11/08/2000,TIW,WA,ANM,WE,Federal Contract Tower,0,2,42,0,44,0,1,85,0,86,0,3,127,0,130,107,0,107,237
11/09/2000,TIW,WA,ANM,WE,Federal Contract Tower,0,2,44,1,47,0,4,127,1,132,0,6,171,2,179,144,0,144,323
11/10/2000,TIW,WA,ANM,WE,Federal Contract Tower,0,2,29,0,31,0,3,184,0,187,0,5,213,0,218,208,0,208,426
11/11/2000,TIW,WA,ANM,WE,Federal Contract Tower,0,1,23,0,24,0,1,241,0,242,0,2,264,0,266,195,0,195,461
11/12/2000,TIW,WA,ANM,WE,Federal Contract Tower,0,1,31,0,32,0,0,247,0,247,0,1,278,0,279,160,0,160,439
11/13/2000,TIW,WA,ANM,WE,Federal Contract Tower,0,2,38,0,40,0,4,104,0,108,0,6,142,0,148,186,0,186,334
11/14/2000,TIW,WA,ANM,WE,Federal Contract Tower,0,1,25,1,27,0,5,215,1,221,0,6,240,2,248,207,0,207,455
11/15/2000,TIW,WA,ANM,WE,Federal Contract Tower,0,2,30,1,33,0,0,133,6,139,0,2,163,7,172,256,0,256,428
11/16/2000,TIW,WA,ANM,WE,Federal Contract Tower,0,2,32,0,34,0,3,106,2,111,0,5,138,2,145,154,0,154,299
11/17/2000,TIW,WA,ANM,WE,Federal Contract Tower,0,2,35,0,37,0,8,98,11,117,0,10,133,11,154,157,0,157,311
11/18/2000,TIW,WA,ANM,WE,Federal Contract Tower,0,0,33,0,33,0,0,269,0,269,0,0,302,0,302,170,0,170,472
11/19/2000,TIW,WA,ANM,WE,Federal Contract Tower,0,2,45,0,47,0,0,156,0,156,0,2,201,0,203,150,0,150,353
11/20/2000,TIW,WA,ANM,WE,Federal Contract Tower,0,2,39,0,41,0,6,181,4,191,0,8,220,4,232,116,0,116,348
11/21/2000,TIW,WA,ANM,WE,Federal Contract Tower,0,2,38,0,40,0,2,174,4,180,0,4,212,4,220,179,0,179,399
11/22/2000,TIW,WA,ANM,WE,Federal Contract Tower,0,1,29,0,30,0,5,163,2,170,0,6,192,2,200,202,0,202,402
11/23/2000,TIW,WA,ANM,WE,Federal Contract Tower,0,0,16,0,16,0,3,1,6,10,0,3,17,6,26,0,0,0,26
11/24/2000,TIW,WA,ANM,WE,Federal Contract Tower,0,1,27,0,28,0,3,167,0,170,0,4,194,0,198,202,0,202,400
11/25/2000,TIW,WA,ANM,WE,Federal Contract Tower,0,0,20,0,20,0,0,45,0,45,0,0,65,0,65,50,0,50,115
11/26/2000,TIW,WA,ANM,WE,Federal Contract Tower,0,1,48,0,49,0,0,48,0,48,0,1,96,0,97,72,0,72,169
11/27/2000,TIW,WA,ANM,WE,Federal Contract Tower,0,2,37,0,39,0,1,105,0,106,0,3,142,0,145,140,0,140,285
11/28/2000,TIW,WA,ANM,WE,Federal Contract Tower,0,2,34,0,36,0,6,153,7,166,0,8,187,7,202,111,0,111,313
11/29/2000,TIW,WA,ANM,WE,Federal Contract Tower,0,2,40,0,42,0,2,72,2,76,0,4,112,2,118,90,0,90,208
11/30/2000,TIW,WA,ANM,WE,Federal Contract Tower,0,3,46,0,49,0,0,123,2,125,0,3,169,2,174,200,0,200,374
12/01/2000,TIW,WA,ANM,WE,Federal Contract Tower,0,2,15,0,17,0,0,153,2,155,0,2,168,2,172,136,0,136,308
12/02/2000,TIW,WA,ANM,WE,Federal Contract Tower,0,0,37,0,37,0,0,186,0,186,0,0,223,0,223,236,0,236,459
12/03/2000,TIW,WA,ANM,WE,Federal Contract Tower,0,2,32,0,34,0,0,133,0,133,0,2,165,0,167,138,0,138,305
12/04/2000,TIW,WA,ANM,WE,Federal Contract Tower,0,2,18,0,20,0,9,172,0,181,0,11,190,0,201,176,0,176,377
12/05/2000,TIW,WA,ANM,WE,Federal Contract Tower,0,3,23,0,26,0,4,136,4,144,0,7,159,4,170,139,5,144,314
12/06/2000,TIW,WA,ANM,WE,Federal Contract Tower,0,5,45,0,50,0,2,107,0,109,0,7,152,0,159,84,0,84,243
12/07/2000,TIW,WA,ANM,WE,Federal Contract Tower,0,2,21,0,23,0,3,2,0,5,0,5,23,0,28,0,0,0,28
12/08/2000,TIW,WA,ANM,WE,Federal Contract Tower,0,3,35,1,39,0,1,21,1,23,0,4,56,2,62,36,0,36,98
12/09/2000,TIW,WA,ANM,WE,Federal Contract Tower,0,0,33,0,33,0,0,150,0,150,0,0,183,0,183,243,0,243,426
12/10/2000,TIW,WA,ANM,WE,Federal Contract Tower,0,0,17,1,18,0,0,73,1,74,0,0,90,2,92,116,0,116,208
12/11/2000,TIW,WA,ANM,WE,Federal Contract Tower,0,3,35,0,38,0,5,79,0,84,0,8,114,0,122,90,0,90,212
12/12/2000,TIW,WA,ANM,WE,Federal Contract Tower,0,2,25,1,28,0,3,144,1,148,0,5,169,2,176,91,0,91,267
12/13/2000,TIW,WA,ANM,WE,Federal Contract Tower,0,1,20,0,21,0,11,61,0,72,0,12,81,0,93,122,0,122,215
12/14/2000,TIW,WA,ANM,WE,Federal Contract Tower,0,2,27,0,29,0,1,4,0,5,0,3,31,0,34,0,0,0,34
12/15/2000,TIW,WA,ANM,WE,Federal Contract Tower,0,2,44,1,47,0,0,116,1,117,0,2,160,2,164,178,0,178,342
12/16/2000,TIW,WA,ANM,WE,Federal Contract Tower,0,0,8,0,8,0,0,20,0,20,0,0,28,0,28,66,0,66,94
12/17/2000,TIW,WA,ANM,WE,Federal Contract Tower,0,1,31,0,32,0,0,124,0,124,0,1,155,0,156,30,0,30,186
12/18/2000,TIW,WA,ANM,WE,Federal Contract Tower,0,3,43,0,46,0,3,132,0,135,0,6,175,0,181,210,0,210,391
12/19/2000,TIW,WA,ANM,WE,Federal Contract Tower,0,3,35,0,38,0,6,41,0,47,0,9,76,0,85,16,0,16,101
12/20/2000,TIW,WA,ANM,WE,Federal Contract Tower,0,2,26,0,28,0,4,29,4,37,0,6,55,4,65,102,0,102,167
12/21/2000,TIW,WA,ANM,WE,Federal Contract Tower,0,2,29,0,31,0,3,75,2,80,0,5,104,2,111,136,0,136,247
12/22/2000,TIW,WA,ANM,WE,Federal Contract Tower,0,4,48,0,52,0,4,42,0,46,0,8,90,0,98,46,0,46,144
12/23/2000,TIW,WA,ANM,WE,Federal Contract Tower,0,0,30,0,30,0,0,58,0,58,0,0,88,0,88,68,0,68,156
12/24/2000,TIW,WA,ANM,WE,Federal Contract Tower,0,0,18,0,18,0,0,60,0,60,0,0,78,0,78,36,0,36,114
12/25/2000,TIW,WA,ANM,WE,Federal Contract Tower,0,0,3,0,3,0,0,23,2,25,0,0,26,2,28,6,0,6,34
12/26/2000,TIW,WA,ANM,WE,Federal Contract Tower,0,2,27,0,29,0,5,132,2,139,0,7,159,2,168,180,0,180,348
12/27/2000,TIW,WA,ANM,WE,Federal Contract Tower,0,4,45,0,49,0,0,0,2,2,0,4,45,2,51,106,0,106,157
12/28/2000,TIW,WA,ANM,WE,Federal Contract Tower,0,3,37,0,40,0,1,75,2,78,0,4,112,2,118,112,0,112,230
12/29/2000,TIW,WA,ANM,WE,Federal Contract Tower,0,1,22,0,23,0,2,41,2,45,0,3,63,2,68,70,0,70,138
12/30/2000,TIW,WA,ANM,WE,Federal Contract Tower,0,3,36,0,39,0,3,8,2,13,0,6,44,2,52,30,0,30,82
12/31/2000,TIW,WA,ANM,WE,Federal Contract Tower,0,1,17,0,18,0,0,33,0,33,0,1,50,0,51,50,0,50,101
01/01/2001,TIW,WA,ANM,WE,Federal Contract Tower,0,0,19,0,19,0,0,14,0,14,0,0,33,0,33,0,0,0,33
01/02/2001,TIW,WA,ANM,WE,Federal Contract Tower,0,1,23,1,25,0,4,162,1,167,0,5,185,2,192,181,0,181,373
01/03/2001,TIW,WA,ANM,WE,Federal Contract Tower,0,2,38,1,41,0,3,74,1,78,0,5,112,2,119,96,2,98,217
01/04/2001,TIW,WA,ANM,WE,Federal Contract Tower,0,2,28,0,30,0,3,16,0,19,0,5,44,0,49,6,0,6,55
01/05/2001,TIW,WA,ANM,WE,Federal Contract Tower,0,2,27,1,30,0,1,53,1,55,0,3,80,2,85,68,0,68,153
01/06/2001,TIW,WA,ANM,WE,Federal Contract Tower,0,3,40,1,44,0,0,326,1,327,0,3,366,2,371,94,0,94,465
01/07/2001,TIW,WA,ANM,WE,Federal Contract Tower,0,1,30,0,31,0,0,115,0,115,0,1,145,0,146,102,0,102,248
01/08/2001,TIW,WA,ANM,WE,Federal Contract Tower,0,4,43,1,48,0,6,48,1,55,0,10,91,2,103,108,0,108,211
01/09/2001,TIW,WA,ANM,WE,Federal Contract Tower,0,3,34,1,38,0,4,82,1,87,0,7,116,2,125,139,0,139,264
01/10/2001,TIW,WA,ANM,WE,Federal Contract Tower,0,3,38,1,42,0,6,146,3,155,0,9,184,4,197,138,0,138,335
01/11/2001,TIW,WA,ANM,WE,Federal Contract Tower,0,2,28,1,31,0,3,105,7,115,0,5,133,8,146,104,0,104,250
01/12/2001,TIW,WA,ANM,WE,Federal Contract Tower,0,4,40,0,44,0,0,127,0,127,0,4,167,0,171,156,0,156,327
01/13/2001,TIW,WA,ANM,WE,Federal Contract Tower,0,2,31,1,34,0,0,16,1,17,0,2,47,2,51,30,0,30,81
01/14/2001,TIW,WA,ANM,WE,Federal Contract Tower,0,0,33,0,33,0,0,37,0,37,0,0,70,0,70,56,0,56,126
01/15/2001,TIW,WA,ANM,WE,Federal Contract Tower,0,4,41,0,45,0,7,168,0,175,0,11,209,0,220,216,0,216,436
01/16/2001,TIW,WA,ANM,WE,Federal Contract Tower,0,4,50,0,54,0,11,13,0,24,0,15,63,0,78,22,0,22,100
01/17/2001,TIW,WA,ANM,WE,Federal Contract Tower,0,2,27,1,30,0,3,73,1,77,0,5,100,2,107,72,0,72,179
01/18/2001,TIW,WA,ANM,WE,Federal Contract Tower,0,3,46,0,49,0,0,23,2,25,0,3,69,2,74,2,0,2,76
01/19/2001,TIW,WA,ANM,WE,Federal Contract Tower,0,4,41,0,45,0,1,94,7,102,0,5,135,7,147,54,0,54,201
01/20/2001,TIW,WA,ANM,WE,Federal Contract Tower,0,2,27,0,29,0,2,158,4,164,0,4,185,4,193,181,0,181,374
01/21/2001,TIW,WA,ANM,WE,Federal Contract Tower,0,1,23,0,24,0,0,12,0,12,0,1,35,0,36,0,0,0,36
01/22/2001,TIW,WA,ANM,WE,Federal Contract Tower,0,4,42,0,46,0,6,158,0,164,0,10,200,0,210,114,0,114,324
01/23/2001,TIW,WA,ANM,WE,Federal Contract Tower,0,4,44,0,48,0,0,163,2,165,0,4,207,2,213,96,6,102,315
01/24/2001,TIW,WA,ANM,WE,Federal Contract Tower,0,2,26,0,28,0,3,57,0,60,0,5,83,0,88,112,0,112,200
01/25/2001,TIW,WA,ANM,WE,Federal Contract Tower,0,3,40,0,43,0,0,107,5,112,0,3,147,5,155,166,0,166,321
01/26/2001,TIW,WA,ANM,WE,Federal Contract Tower,0,2,27,0,29,0,1,215,2,218,0,3,242,2,247,170,2,172,419
01/27/2001,TIW,WA,ANM,WE,Federal Contract Tower,0,1,42,0,43,0,0,164,0,164,0,1,206,0,207,163,0,163,370
01/28/2001,TIW,WA,ANM,WE,Federal Contract Tower,0,0,14,0,14,0,0,176,0,176,0,0,190,0,190,130,0,130,320
01/29/2001,TIW,WA,ANM,WE,Federal Contract Tower,0,2,28,0,30,0,3,56,0,59,0,5,84,0,89,50,0,50,139
01/30/2001,TIW,WA,ANM,WE,Federal Contract Tower,0,3,40,0,43,0,4,37,2,43,0,7,77,2,86,50,0,50,136
01/31/2001,TIW,WA,ANM,WE,Federal Contract Tower,0,3,31,0,34,0,2,100,2,104,0,5,131,2,138,174,0,174,312
02/01/2001,TIW,WA,ANM,WE,Federal Contract Tower,0,3,38,0,41,0,0,133,2,135,0,3,171,2,176,210,0,210,386
02/02/2001,TIW,WA,ANM,WE,Federal Contract Tower,0,3,20,0,23,0,1,33,0,34,0,4,53,0,57,78,0,78,135
02/03/2001,TIW,WA,ANM,WE,Federal Contract Tower,0,0,38,0,38,0,0,349,10,359,0,0,387,10,397,189,4,193,590
02/04/2001,TIW,WA,ANM,WE,Federal Contract Tower,0,1,33,0,34,0,0,15,0,15,0,1,48,0,49,44,0,44,93
02/05/2001,TIW,WA,ANM,WE,Federal Contract Tower,0,4,31,0,35,0,3,100,0,103,0,7,131,0,138,70,0,70,208
02/06/2001,TIW,WA,ANM,WE,Federal Contract Tower,0,4,29,0,33,0,3,161,0,164,0,7,190,0,197,108,0,108,305
02/07/2001,TIW,WA,ANM,WE,Federal Contract Tower,0,3,24,0,27,0,2,240,0,242,0,5,264,0,269,124,0,124,393
02/08/2001,TIW,WA,ANM,WE,Federal Contract Tower,0,1,5,0,6,0,3,0,1,4,0,4,5,1,10,0,0,0,10
02/09/2001,TIW,WA,ANM,WE,Federal Contract Tower,0,4,38,0,42,0,0,132,2,134,0,4,170,2,176,156,0,156,332
02/10/2001,TIW,WA,ANM,WE,Federal Contract Tower,0,3,27,0,30,0,0,170,2,172,0,3,197,2,202,191,0,191,393
02/11/2001,TIW,WA,ANM,WE,Federal Contract Tower,0,3,21,0,24,0,0,219,2,221,0,3,240,2,245,148,0,148,393
02/12/2001,TIW,WA,ANM,WE,Federal Contract Tower,0,3,29,0,32,0,5,191,0,196,0,8,220,0,228,176,0,176,404
02/13/2001,TIW,WA,ANM,WE,Federal Contract Tower,0,5,58,1,64,0,5,96,1,102,0,10,154,2,166,166,0,166,332
02/14/2001,TIW,WA,ANM,WE,Federal Contract Tower,0,2,22,0,24,0,1,60,0,61,0,3,82,0,85,102,0,102,187
02/15/2001,TIW,WA,ANM,WE,Federal Contract Tower,0,2,29,1,32,0,1,79,1,81,0,3,108,2,113,92,0,92,205
02/16/2001,TIW,WA,ANM,WE,Federal Contract Tower,0,1,12,0,13,0,3,22,0,25,0,4,34,0,38,34,0,34,72
02/17/2001,TIW,WA,ANM,WE,Federal Contract Tower,0,3,39,0,42,0,0,145,0,145,0,3,184,0,187,128,0,128,315
02/18/2001,TIW,WA,ANM,WE,Federal Contract Tower,0,1,12,0,13,0,1,128,0,129,0,2,140,0,142,230,0,230,372
02/19/2001,TIW,WA,ANM,WE,Federal Contract Tower,0,1,36,0,37,0,0,194,0,194,0,1,230,0,231,160,0,160,391
02/20/2001,TIW,WA,ANM,WE,Federal Contract Tower,0,2,28,0,30,0,1,132,2,135,0,3,160,2,165,89,0,89,254
02/21/2001,TIW,WA,ANM,WE,Federal Contract Tower,0,3,32,0,35,0,3,128,2,133,0,6,160,2,168,72,0,72,240
02/22/2001,TIW,WA,ANM,WE,Federal Contract Tower,0,2,29,0,31,0,3,71,2,76,0,5,100,2,107,112,0,112,219
02/23/2001,TIW,WA,ANM,WE,Federal Contract Tower,0,1,19,0,20,0,7,49,2,58,0,8,68,2,78,196,0,196,274
02/24/2001,TIW,WA,ANM,WE,Federal Contract Tower,0,0,32,0,32,0,0,100,2,102,0,0,132,2,134,146,0,146,280
02/25/2001,TIW,WA,ANM,WE,Federal Contract Tower,0,2,24,0,26,0,0,176,0,176,0,2,200,0,202,140,0,140,342
02/26/2001,TIW,WA,ANM,WE,Federal Contract Tower,0,2,20,0,22,0,6,140,0,146,0,8,160,0,168,150,0,150,318
02/27/2001,TIW,WA,ANM,WE,Federal Contract Tower,0,3,35,0,38,0,8,193,0,201,0,11,228,0,239,194,0,194,433
02/28/2001,TIW,WA,ANM,WE,Federal Contract Tower,0,2,30,0,32,0,7,107,4,118,0,9,137,4,150,154,0,154,304
03/01/2001,TIW,WA,ANM,WE,Federal Contract Tower,0,2,25,0,27,0,4,55,0,59,0,6,80,0,86,50,0,50,136
03/02/2001,TIW,WA,ANM,WE,Federal Contract Tower,0,4,54,0,58,0,0,64,0,64,0,4,118,0,122,68,0,68,190
03/03/2001,TIW,WA,ANM,WE,Federal Contract Tower,0,0,28,0,28,0,0,262,15,277,0,0,290,15,305,190,0,190,495
03/04/2001,TIW,WA,ANM,WE,Federal Contract Tower,0,0,25,0,25,0,0,101,2,103,0,0,126,2,128,46,0,46,174
03/05/2001,TIW,WA,ANM,WE,Federal Contract Tower,0,2,23,0,25,0,6,169,0,175,0,8,192,0,200,180,0,180,380
03/06/2001,TIW,WA,ANM,WE,Federal Contract Tower,0,2,18,0,20,0,1,165,0,166,0,3,183,0,186,196,0,196,382
03/07/2001,TIW,WA,ANM,WE,Federal Contract Tower,0,3,31,0,34,0,3,175,2,180,0,6,206,2,214,188,0,188,402
03/08/2001,TIW,WA,ANM,WE,Federal Contract Tower,0,2,25,0,27,0,4,92,4,100,0,6,117,4,127,162,0,162,289
03/09/2001,TIW,WA,ANM,WE,Federal Contract Tower,0,3,41,1,45,0,1,173,11,185,0,4,214,12,230,171,0,171,401
03/10/2001,TIW,WA,ANM,WE,Federal Contract Tower,0,0,35,0,35,0,0,206,0,206,0,0,241,0,241,202,0,202,443
03/11/2001,TIW,WA,ANM,WE,Federal Contract Tower,0,0,33,0,33,0,0,157,0,157,0,0,190,0,190,120,0,120,310
03/12/2001,TIW,WA,ANM,WE,Federal Contract Tower,0,2,27,0,29,0,4,43,0,47,0,6,70,0,76,56,0,56,132
03/13/2001,TIW,WA,ANM,WE,Federal Contract Tower,0,0,8,0,8,0,4,14,0,18,0,4,22,0,26,10,0,10,36
03/14/2001,TIW,WA,ANM,WE,Federal Contract Tower,0,2,35,1,38,0,3,124,1,128,0,5,159,2,166,188,0,188,354
03/15/2001,TIW,WA,ANM,WE,Federal Contract Tower,0,1,27,1,29,0,2,63,3,68,0,3,90,4,97,48,0,48,145
03/16/2001,TIW,WA,ANM,WE,Federal Contract Tower,0,2,29,0,31,0,2,112,1,115,0,4,141,1,146,132,0,132,278
03/17/2001,TIW,WA,ANM,WE,Federal Contract Tower,0,0,24,0,24,0,0,118,4,122,0,0,142,4,146,249,0,249,395
03/18/2001,TIW,WA,ANM,WE,Federal Contract Tower,0,1,26,0,27,0,1,24,0,25,0,2,50,0,52,4,0,4,56
03/19/2001,TIW,WA,ANM,WE,Federal Contract Tower,0,2,29,0,31,0,7,57,0,64,0,9,86,0,95,84,0,84,179
03/20/2001,TIW,WA,ANM,WE,Federal Contract Tower,0,1,25,0,26,0,3,167,0,170,0,4,192,0,196,188,0,188,384
03/21/2001,TIW,WA,ANM,WE,Federal Contract Tower,0,1,23,0,24,0,2,202,0,204,0,3,225,0,228,242,0,242,470
03/22/2001,TIW,WA,ANM,WE,Federal Contract Tower,0,2,34,0,36,0,1,154,6,161,0,3,188,6,197,186,8,194,391
03/23/2001,TIW,WA,ANM,WE,Federal Contract Tower,0,1,25,0,26,0,2,86,6,94,0,3,111,6,120,228,0,228,348
03/24/2001,TIW,WA,ANM,WE,Federal Contract Tower,0,0,20,0,20,0,0,212,0,212,0,0,232,0,232,199,0,199,431
03/25/2001,TIW,WA,ANM,WE,Federal Contract Tower,0,1,22,0,23,0,1,87,2,90,0,2,109,2,113,108,0,108,221
03/26/2001,TIW,WA,ANM,WE,Federal Contract Tower,0,2,35,0,37,0,6,80,2,88,0,8,115,2,125,82,0,82,207
03/27/2001,TIW,WA,ANM,WE,Federal Contract Tower,0,2,30,0,32,0,3,39,0,42,0,5,69,0,74,82,0,82,156
03/28/2001,TIW,WA,ANM,WE,Federal Contract Tower,0,2,37,0,39,0,3,80,4,87,0,5,117,4,126,126,0,126,252
03/29/2001,TIW,WA,ANM,WE,Federal Contract Tower,0,2,32,0,34,0,2,55,4,61,0,4,87,4,95,28,0,28,123
03/30/2001,TIW,WA,ANM,WE,Federal Contract Tower,0,3,42,0,45,0,4,101,0,105,0,7,143,0,150,234,0,234,384
03/31/2001,TIW,WA,ANM,WE,Federal Contract Tower,0,0,19,0,19,0,0,12,0,12,0,0,31,0,31,8,0,8,39
04/01/2001,TIW,WA,ANM,WE,Federal Contract Tower,0,0,0,0,0,0,0,130,0,130,0,0,130,0,130,230,0,230,360
04/02/2001,TIW,WA,ANM,WE,Federal Contract Tower,0,6,0,0,6,0,0,52,0,52,0,6,52,0,58,6,0,6,64
04/03/2001,TIW,WA,ANM,WE,Federal Contract Tower,0,6,0,0,6,0,0,119,2,121,0,6,119,2,127,150,0,150,277
04/04/2001,TIW,WA,ANM,WE,Federal Contract Tower,0,7,0,0,7,0,0,165,0,165,0,7,165,0,172,144,0,144,316
04/05/2001,TIW,WA,ANM,WE,Federal Contract Tower,0,6,0,0,6,0,0,95,0,95,0,6,95,0,101,62,0,62,163
04/06/2001,TIW,WA,ANM,WE,Federal Contract Tower,0,3,0,0,3,0,0,113,4,117,0,3,113,4,120,140,0,140,260
04/07/2001,TIW,WA,ANM,WE,Federal Contract Tower,0,6,0,0,6,0,0,172,6,178,0,6,172,6,184,186,0,186,370
04/08/2001,TIW,WA,ANM,WE,Federal Contract Tower,0,4,0,0,4,0,0,186,2,188,0,4,186,2,192,192,0,192,384
04/09/2001,TIW,WA,ANM,WE,Federal Contract Tower,0,4,0,0,4,0,0,148,0,148,0,4,148,0,152,156,0,156,308
04/10/2001,TIW,WA,ANM,WE,Federal Contract Tower,0,9,0,0,9,0,0,32,0,32,0,9,32,0,41,8,0,8,49
04/11/2001,TIW,WA,ANM,WE,Federal Contract Tower,0,5,0,0,5,0,0,208,0,208,0,5,208,0,213,108,0,108,321
04/12/2001,TIW,WA,ANM,WE,Federal Contract Tower,0,5,0,0,5,0,0,80,6,86,0,5,80,6,91,104,0,104,195
04/13/2001,TIW,WA,ANM,WE,Federal Contract Tower,0,5,0,0,5,0,0,118,4,122,0,5,118,4,127,124,0,124,251
04/14/2001,TIW,WA,ANM,WE,Federal Contract Tower,0,0,0,0,0,0,0,277,0,277,0,0,277,0,277,231,0,231,508
04/15/2001,TIW,WA,ANM,WE,Federal Contract Tower,0,0,0,0,0,0,0,141,0,141,0,0,141,0,141,152,0,152,293
04/16/2001,TIW,WA,ANM,WE,Federal Contract Tower,0,6,0,0,6,0,0,153,0,153,0,6,153,0,159,120,0,120,279
04/17/2001,TIW,WA,ANM,WE,Federal Contract Tower,0,4,0,0,4,0,0,97,0,97,0,4,97,0,101,74,0,74,175
04/18/2001,TIW,WA,ANM,WE,Federal Contract Tower,0,3,0,0,3,0,0,112,8,120,0,3,112,8,123,110,0,110,233
04/19/2001,TIW,WA,ANM,WE,Federal Contract Tower,0,6,0,0,6,0,0,160,6,166,0,6,160,6,172,232,0,232,404
04/20/2001,TIW,WA,ANM,WE,Federal Contract Tower,0,8,0,0,8,0,0,139,0,139,0,8,139,0,147,178,0,178,325
04/21/2001,TIW,WA,ANM,WE,Federal Contract Tower,0,1,3,0,4,0,0,255,0,255,0,1,258,0,259,123,0,123,382
04/22/2001,TIW,WA,ANM,WE,Federal Contract Tower,0,1,0,0,1,0,0,115,2,117,0,1,115,2,118,180,0,180,298
04/23/2001,TIW,WA,ANM,WE,Federal Contract Tower,0,6,0,0,6,0,0,130,0,130,0,6,130,0,136,176,0,176,312
04/24/2001,TIW,WA,ANM,WE,Federal Contract Tower,0,6,0,0,6,0,0,213,6,219,0,6,213,6,225,212,0,212,437
04/25/2001,TIW,WA,ANM,WE,Federal Contract Tower,0,3,3,0,6,0,0,275,2,277,0,3,278,2,283,156,0,156,439
04/26/2001,TIW,WA,ANM,WE,Federal Contract Tower,0,3,0,0,3,0,0,127,4,131,0,3,127,4,134,146,0,146,280
04/27/2001,TIW,WA,ANM,WE,Federal Contract Tower,0,7,0,0,7,0,0,135,0,135,0,7,135,0,142,110,0,110,252
04/28/2001,TIW,WA,ANM,WE,Federal Contract Tower,0,0,0,0,0,0,0,99,0,99,0,0,99,0,99,72,0,72,171
04/29/2001,TIW,WA,ANM,WE,Federal Contract Tower,0,0,0,0,0,0,0,20,0,20,0,0,20,0,20,0,0,0,20
04/30/2001,TIW,WA,ANM,WE,Federal Contract Tower,0,6,0,0,6,0,0,35,4,39,0,6,35,4,45,16,0,16,61
05/01/2001,TIW,WA,ANM,WE,Federal Contract Tower,0,0,28,0,28,0,6,93,0,99,0,6,121,0,127,119,0,119,246
05/02/2001,TIW,WA,ANM,WE,Federal Contract Tower,0,0,49,0,49,0,2,163,0,165,0,2,212,0,214,224,0,224,438
05/03/2001,TIW,WA,ANM,WE,Federal Contract Tower,0,1,29,0,30,0,2,145,0,147,0,3,174,0,177,180,0,180,357
05/04/2001,TIW,WA,ANM,WE,Federal Contract Tower,0,1,46,0,47,0,1,99,2,102,0,2,145,2,149,82,2,84,233
05/05/2001,TIW,WA,ANM,WE,Federal Contract Tower,0,0,32,0,32,0,0,140,0,140,0,0,172,0,172,107,0,107,279
05/06/2001,TIW,WA,ANM,WE,Federal Contract Tower,0,0,25,0,25,0,0,270,1,271,0,0,295,1,296,193,1,194,490
05/07/2001,TIW,WA,ANM,WE,Federal Contract Tower,0,0,26,0,26,0,10,202,0,212,0,10,228,0,238,130,0,130,368
05/08/2001,TIW,WA,ANM,WE,Federal Contract Tower,0,3,19,0,22,0,3,109,0,112,0,6,128,0,134,102,0,102,236
05/09/2001,TIW,WA,ANM,WE,Federal Contract Tower,0,1,46,0,47,0,4,130,0,134,0,5,176,0,181,218,0,218,399
05/10/2001,TIW,WA,ANM,WE,Federal Contract Tower,0,1,31,0,32,0,2,93,0,95,0,3,124,0,127,132,0,132,259
05/11/2001,TIW,WA,ANM,WE,Federal Contract Tower,0,3,34,0,37,0,2,147,2,151,0,5,181,2,188,154,0,154,342
05/12/2001,TIW,WA,ANM,WE,Federal Contract Tower,0,0,31,0,31,0,0,267,0,267,0,0,298,0,298,163,0,163,461
05/13/2001,TIW,WA,ANM,WE,Federal Contract Tower,0,0,30,0,30,0,0,110,0,110,0,0,140,0,140,126,0,126,266
05/14/2001,TIW,WA,ANM,WE,Federal Contract Tower,0,6,20,0,26,0,0,29,0,29,0,6,49,0,55,24,0,24,79
05/15/2001,TIW,WA,ANM,WE,Federal Contract Tower,0,3,22,0,25,0,1,67,0,68,0,4,89,0,93,80,0,80,173
05/16/2001,TIW,WA,ANM,WE,Federal Contract Tower,0,3,28,0,31,0,0,60,0,60,0,3,88,0,91,66,0,66,157
05/17/2001,TIW,WA,ANM,WE,Federal Contract Tower,0,2,19,0,21,0,1,94,0,95,0,3,113,0,116,160,0,160,276
05/18/2001,TIW,WA,ANM,WE,Federal Contract Tower,0,2,26,0,28,0,1,158,0,159,0,3,184,0,187,170,0,170,357
05/19/2001,TIW,WA,ANM,WE,Federal Contract Tower,0,1,49,0,50,0,0,123,0,123,0,1,172,0,173,83,0,83,256
05/20/2001,TIW,WA,ANM,WE,Federal Contract Tower,0,0,30,0,30,0,0,200,1,201,0,0,230,1,231,100,0,100,331
05/21/2001,TIW,WA,ANM,WE,Federal Contract Tower,0,2,25,0,27,0,3,152,0,155,0,5,177,0,182,130,0,130,312
05/22/2001,TIW,WA,ANM,WE,Federal Contract Tower,0,3,21,0,24,0,3,165,0,168,0,6,186,0,192,124,0,124,316
05/23/2001,TIW,WA,ANM,WE,Federal Contract Tower,0,1,54,0,55,0,2,163,2,167,0,3,217,2,222,210,0,210,432
05/24/2001,TIW,WA,ANM,WE,Federal Contract Tower,0,1,37,0,38,0,4,94,2,100,0,5,131,2,138,192,0,192,330
05/25/2001,TIW,WA,ANM,WE,Federal Contract Tower,0,0,23,0,23,0,2,152,2,156,0,2,175,2,179,180,0,180,359
05/26/2001,TIW,WA,ANM,WE,Federal Contract Tower,0,0,25,0,25,0,0,282,0,282,0,0,307,0,307,166,0,166,473
05/27/2001,TIW,WA,ANM,WE,Federal Contract Tower,0,0,32,0,32,0,0,67,0,67,0,0,99,0,99,74,0,74,173
05/28/2001,TIW,WA,ANM,WE,Federal Contract Tower,0,0,11,0,11,0,0,27,0,27,0,0,38,0,38,22,0,22,60
05/29/2001,TIW,WA,ANM,WE,Federal Contract Tower,0,2,37,0,39,0,3,112,0,115,0,5,149,0,154,186,0,186,340
05/30/2001,TIW,WA,ANM,WE,Federal Contract Tower,0,3,39,0,42,0,3,140,2,145,0,6,179,2,187,194,0,194,381
05/31/2001,TIW,WA,ANM,WE,Federal Contract Tower,0,1,23,1,25,0,2,199,3,204,0,3,222,4,229,192,0,192,421
06/01/2001,TIW,WA,ANM,WE,Federal Contract Tower,0,1,28,0,29,0,2,48,0,50,0,3,76,0,79,56,0,56,135
06/02/2001,TIW,WA,ANM,WE,Federal Contract Tower,0,0,36,0,36,0,0,49,4,53,0,0,85,4,89,43,0,43,132
06/03/2001,TIW,WA,ANM,WE,Federal Contract Tower,0,0,31,0,31,0,0,116,0,116,0,0,147,0,147,116,0,116,263
06/04/2001,TIW,WA,ANM,WE,Federal Contract Tower,0,2,34,0,36,0,3,171,0,174,0,5,205,0,210,116,0,116,326
06/05/2001,TIW,WA,ANM,WE,Federal Contract Tower,0,2,29,0,31,0,1,79,6,86,0,3,108,6,117,124,0,124,241
06/06/2001,TIW,WA,ANM,WE,Federal Contract Tower,0,2,38,0,40,0,3,131,2,136,0,5,169,2,176,148,0,148,324
06/07/2001,TIW,WA,ANM,WE,Federal Contract Tower,0,1,31,0,32,0,2,231,0,233,0,3,262,0,265,134,0,134,399
06/08/2001,TIW,WA,ANM,WE,Federal Contract Tower,0,1,33,1,35,0,2,166,1,169,0,3,199,2,204,168,0,168,372
06/09/2001,TIW,WA,ANM,WE,Federal Contract Tower,0,0,33,0,33,0,2,121,0,123,0,2,154,0,156,85,0,85,241
06/10/2001,TIW,WA,ANM,WE,Federal Contract Tower,0,0,25,0,25,0,0,95,2,97,0,0,120,2,122,160,0,160,282
06/11/2001,TIW,WA,ANM,WE,Federal Contract Tower,0,8,24,0,32,0,4,46,0,50,0,12,70,0,82,44,0,44,126
06/12/2001,TIW,WA,ANM,WE,Federal Contract Tower,0,4,21,0,25,0,0,108,0,108,0,4,129,0,133,114,0,114,247
06/13/2001,TIW,WA,ANM,WE,Federal Contract Tower,0,5,28,0,33,0,2,167,2,171,0,7,195,2,204,246,0,246,450
06/14/2001,TIW,WA,ANM,WE,Federal Contract Tower,0,1,29,0,30,0,2,108,0,110,0,3,137,0,140,228,0,228,368
06/15/2001,TIW,WA,ANM,WE,Federal Contract Tower,0,2,20,0,22,0,2,158,0,160,0,4,178,0,182,184,0,184,366
06/16/2001,TIW,WA,ANM,WE,Federal Contract Tower,0,0,38,0,38,0,0,213,0,213,0,0,251,0,251,169,0,169,420
06/17/2001,TIW,WA,ANM,WE,Federal Contract Tower,0,0,17,0,17,0,0,148,0,148,0,0,165,0,165,160,0,160,325
06/18/2001,TIW,WA,ANM,WE,Federal Contract Tower,0,2,27,0,29,0,3,203,0,206,0,5,230,0,235,170,0,170,405
06/19/2001,TIW,WA,ANM,WE,Federal Contract Tower,0,0,20,0,20,0,5,144,2,151,0,5,164,2,171,86,0,86,257
06/20/2001,TIW,WA,ANM,WE,Federal Contract Tower,0,1,10,0,11,0,2,178,0,180,0,3,188,0,191,104,0,104,295
06/21/2001,TIW,WA,ANM,WE,Federal Contract Tower,0,0,32,0,32,0,3,117,8,128,0,3,149,8,160,194,0,194,354
06/22/2001,TIW,WA,ANM,WE,Federal Contract Tower,0,1,42,0,43,0,2,129,2,133,0,3,171,2,176,282,0,282,458
06/23/2001,TIW,WA,ANM,WE,Federal Contract Tower,0,0,46,0,46,0,0,179,0,179,0,0,225,0,225,244,0,244,469
06/24/2001,TIW,WA,ANM,WE,Federal Contract Tower,0,0,54,0,54,0,0,66,0,66,0,0,120,0,120,56,0,56,176
06/25/2001,TIW,WA,ANM,WE,Federal Contract Tower,0,1,29,0,30,0,5,113,0,118,0,6,142,0,148,160,0,160,308
06/26/2001,TIW,WA,ANM,WE,Federal Contract Tower,0,2,31,0,33,0,3,125,0,128,0,5,156,0,161,109,0,109,270
06/27/2001,TIW,WA,ANM,WE,Federal Contract Tower,0,3,20,0,23,0,0,19,0,19,0,3,39,0,42,0,0,0,42
06/28/2001,TIW,WA,ANM,WE,Federal Contract Tower,0,2,30,0,32,0,1,115,6,122,0,3,145,6,154,158,0,158,312
06/29/2001,TIW,WA,ANM,WE,Federal Contract Tower,0,2,23,0,25,0,2,206,0,208,0,4,229,0,233,172,0,172,405
06/30/2001,TIW,WA,ANM,WE,Federal Contract Tower,0,0,27,0,27,0,0,163,0,163,0,0,190,0,190,174,0,174,364
07/01/2001,TIW,WA,ANM,WE,Federal Contract Tower,0,0,22,0,22,0,0,138,2,140,0,0,160,2,162,184,0,184,346
07/02/2001,TIW,WA,ANM,WE,Federal Contract Tower,0,3,8,0,11,0,5,142,2,149,0,8,150,2,160,130,0,130,290
07/03/2001,TIW,WA,ANM,WE,Federal Contract Tower,0,1,25,0,26,0,3,144,0,147,0,4,169,0,173,137,0,137,310
07/04/2001,TIW,WA,ANM,WE,Federal Contract Tower,0,0,10,0,10,0,0,146,0,146,0,0,156,0,156,110,0,110,266
07/05/2001,TIW,WA,ANM,WE,Federal Contract Tower,0,1,40,0,41,0,2,116,2,120,0,3,156,2,161,184,0,184,345
07/06/2001,TIW,WA,ANM,WE,Federal Contract Tower,0,2,39,2,43,0,2,94,0,96,0,4,133,2,139,88,0,88,227
07/07/2001,TIW,WA,ANM,WE,Federal Contract Tower,0,0,17,0,17,0,0,243,0,243,0,0,260,0,260,204,0,204,464
07/08/2001,TIW,WA,ANM,WE,Federal Contract Tower,0,0,18,0,18,0,0,121,0,121,0,0,139,0,139,116,0,116,255
07/09/2001,TIW,WA,ANM,WE,Federal Contract Tower,0,0,28,0,28,0,5,132,0,137,0,5,160,0,165,120,0,120,285
07/10/2001,TIW,WA,ANM,WE,Federal Contract Tower,0,1,24,0,25,0,3,130,0,133,0,4,154,0,158,133,0,133,291
07/11/2001,TIW,WA,ANM,WE,Federal Contract Tower,0,0,24,0,24,0,3,142,0,145,0,3,166,0,169,136,0,136,305
07/12/2001,TIW,WA,ANM,WE,Federal Contract Tower,0,1,31,0,32,0,2,155,2,159,0,3,186,2,191,194,0,194,385
07/13/2001,TIW,WA,ANM,WE,Federal Contract Tower,0,1,40,0,41,0,3,140,4,147,0,4,180,4,188,186,0,186,374
07/14/2001,TIW,WA,ANM,WE,Federal Contract Tower,0,0,47,0,47,0,0,87,0,87,0,0,134,0,134,71,0,71,205
07/15/2001,TIW,WA,ANM,WE,Federal Contract Tower,0,0,43,0,43,0,0,29,0,29,0,0,72,0,72,120,0,120,192
07/16/2001,TIW,WA,ANM,WE,Federal Contract Tower,0,4,29,0,33,0,1,77,0,78,0,5,106,0,111,50,0,50,161
07/17/2001,TIW,WA,ANM,WE,Federal Contract Tower,0,4,41,1,46,0,0,113,3,116,0,4,154,4,162,142,0,142,304
07/18/2001,TIW,WA,ANM,WE,Federal Contract Tower,0,1,48,0,49,0,3,117,2,122,0,4,165,2,171,177,0,177,348
07/19/2001,TIW,WA,ANM,WE,Federal Contract Tower,0,1,30,0,31,0,2,147,0,149,0,3,177,0,180,202,0,202,382
07/20/2001,TIW,WA,ANM,WE,Federal Contract Tower,0,2,47,0,49,0,2,105,4,111,0,4,152,4,160,140,0,140,300
07/21/2001,TIW,WA,ANM,WE,Federal Contract Tower,0,0,31,3,34,0,0,119,5,124,0,0,150,8,158,94,2,96,254
07/22/2001,TIW,WA,ANM,WE,Federal Contract Tower,0,0,23,0,23,0,0,157,2,159,0,0,180,2,182,112,0,112,294
07/23/2001,TIW,WA,ANM,WE,Federal Contract Tower,0,2,31,0,33,0,3,149,0,152,0,5,180,0,185,90,0,90,275
07/24/2001,TIW,WA,ANM,WE,Federal Contract Tower,0,3,36,0,39,0,1,127,2,130,0,4,163,2,169,128,0,128,297
07/25/2001,TIW,WA,ANM,WE,Federal Contract Tower,0,3,36,0,39,0,2,167,0,169,0,5,203,0,208,162,0,162,370
07/26/2001,TIW,WA,ANM,WE,Federal Contract Tower,0,1,71,0,72,0,2,113,0,115,0,3,184,0,187,188,0,188,375
07/27/2001,TIW,WA,ANM,WE,Federal Contract Tower,0,3,46,0,49,0,2,127,0,129,0,5,173,0,178,136,0,136,314
07/28/2001,TIW,WA,ANM,WE,Federal Contract Tower,0,0,42,0,42,0,0,58,0,58,0,0,100,0,100,55,0,55,155
07/29/2001,TIW,WA,ANM,WE,Federal Contract Tower,0,0,57,2,59,0,0,128,2,130,0,0,185,4,189,150,0,150,339
07/30/2001,TIW,WA,ANM,WE,Federal Contract Tower,0,3,24,0,27,0,3,186,0,189,0,6,210,0,216,100,0,100,316
07/31/2001,TIW,WA,ANM,WE,Federal Contract Tower,0,3,36,0,39,0,1,153,0,154,0,4,189,0,193,131,0,131,324
08/01/2001,TIW,WA,ANM,WE,Federal Contract Tower,0,3,38,0,41,0,0,144,4,148,0,3,182,4,189,158,0,158,347
08/02/2001,TIW,WA,ANM,WE,Federal Contract Tower,0,3,40,0,43,0,0,102,0,102,0,3,142,0,145,204,0,204,349
08/03/2001,TIW,WA,ANM,WE,Federal Contract Tower,0,2,41,0,43,0,2,63,2,67,0,4,104,2,110,96,0,96,206
08/04/2001,TIW,WA,ANM,WE,Federal Contract Tower,0,0,32,0,32,0,0,138,0,138,0,0,170,0,170,200,0,200,370
08/05/2001,TIW,WA,ANM,WE,Federal Contract Tower,0,0,24,0,24,0,0,146,0,146,0,0,170,0,170,128,0,128,298
08/06/2001,TIW,WA,ANM,WE,Federal Contract Tower,0,4,33,0,37,0,1,137,4,142,0,5,170,4,179,230,1,231,410
08/07/2001,TIW,WA,ANM,WE,Federal Contract Tower,0,3,25,0,28,0,1,156,4,161,0,4,181,4,189,124,0,124,313
08/08/2001,TIW,WA,ANM,WE,Federal Contract Tower,0,3,37,0,40,0,0,179,0,179,0,3,216,0,219,244,0,244,463
08/09/2001,TIW,WA,ANM,WE,Federal Contract Tower,0,2,33,1,36,0,3,173,5,181,0,5,206,6,217,164,0,164,381
08/10/2001,TIW,WA,ANM,WE,Federal Contract Tower,0,1,22,0,23,0,3,186,4,193,0,4,208,4,216,210,0,210,426
08/11/2001,TIW,WA,ANM,WE,Federal Contract Tower,0,0,48,0,48,0,0,124,0,124,0,0,172,0,172,124,0,124,296
08/12/2001,TIW,WA,ANM,WE,Federal Contract Tower,0,0,37,0,37,0,0,123,0,123,0,0,160,0,160,150,0,150,310
08/13/2001,TIW,WA,ANM,WE,Federal Contract Tower,0,2,40,0,42,0,3,130,2,135,0,5,170,2,177,96,6,102,279
08/14/2001,TIW,WA,ANM,WE,Federal Contract Tower,0,4,23,0,27,0,0,98,0,98,0,4,121,0,125,109,0,109,234
08/15/2001,TIW,WA,ANM,WE,Federal Contract Tower,0,4,30,0,34,0,0,105,0,105,0,4,135,0,139,162,0,162,301
08/16/2001,TIW,WA,ANM,WE,Federal Contract Tower,0,4,49,0,53,0,0,90,0,90,0,4,139,0,143,136,0,136,279
08/17/2001,TIW,WA,ANM,WE,Federal Contract Tower,0,2,40,0,42,0,4,187,2,193,0,6,227,2,235,246,0,246,481
08/18/2001,TIW,WA,ANM,WE,Federal Contract Tower,0,0,31,0,31,0,0,137,0,137,0,0,168,0,168,121,0,121,289
08/19/2001,TIW,WA,ANM,WE,Federal Contract Tower,0,0,37,0,37,0,0,208,4,212,0,0,245,4,249,154,0,154,403
08/20/2001,TIW,WA,ANM,WE,Federal Contract Tower,0,3,25,0,28,0,5,185,0,190,0,8,210,0,218,230,0,230,448
08/21/2001,TIW,WA,ANM,WE,Federal Contract Tower,0,3,37,0,40,0,1,29,0,30,0,4,66,0,70,44,0,44,114
08/22/2001,TIW,WA,ANM,WE,Federal Contract Tower,0,3,31,0,34,0,2,40,0,42,0,5,71,0,76,64,0,64,140
08/23/2001,TIW,WA,ANM,WE,Federal Contract Tower,0,3,27,0,30,0,0,53,0,53,0,3,80,0,83,108,0,108,191
08/24/2001,TIW,WA,ANM,WE,Federal Contract Tower,0,0,28,1,29,0,3,178,5,186,0,3,206,6,215,210,0,210,425
08/25/2001,TIW,WA,ANM,WE,Federal Contract Tower,0,0,35,0,35,0,0,315,0,315,0,0,350,0,350,143,0,143,493
08/26/2001,TIW,WA,ANM,WE,Federal Contract Tower,0,0,34,0,34,0,0,221,0,221,0,0,255,0,255,216,0,216,471
08/27/2001,TIW,WA,ANM,WE,Federal Contract Tower,0,2,50,0,52,0,3,140,6,149,0,5,190,6,201,100,0,100,301
08/28/2001,TIW,WA,ANM,WE,Federal Contract Tower,0,4,27,0,31,0,3,133,4,140,0,7,160,4,171,174,0,174,345
08/29/2001,TIW,WA,ANM,WE,Federal Contract Tower,0,3,41,1,45,0,2,166,1,169,0,5,207,2,214,264,0,264,478
08/30/2001,TIW,WA,ANM,WE,Federal Contract Tower,0,6,28,0,34,0,0,97,0,97,0,6,125,0,131,118,0,118,249
08/31/2001,TIW,WA,ANM,WE,Federal Contract Tower,0,1,31,0,32,0,4,162,0,166,0,5,193,0,198,182,0,182,380
09/01/2001,TIW,WA,ANM,WE,Federal Contract Tower,0,0,32,0,32,0,0,93,2,95,0,0,125,2,127,137,0,137,264
09/02/2001,TIW,WA,ANM,WE,Federal Contract Tower,0,0,23,0,23,0,0,142,2,144,0,0,165,2,167,170,0,170,337
09/03/2001,TIW,WA,ANM,WE,Federal Contract Tower,0,0,45,0,45,0,0,125,0,125,0,0,170,0,170,200,0,200,370
09/04/2001,TIW,WA,ANM,WE,Federal Contract Tower,0,1,35,0,36,0,13,144,2,159,0,14,179,2,195,166,0,166,361
09/05/2001,TIW,WA,ANM,WE,Federal Contract Tower,0,3,23,0,26,0,0,148,2,150,0,3,171,2,176,268,0,268,444
09/06/2001,TIW,WA,ANM,WE,Federal Contract Tower,0,0,59,0,59,0,3,115,0,118,0,3,174,0,177,192,0,192,369
09/07/2001,TIW,WA,ANM,WE,Federal Contract Tower,0,1,24,0,25,0,2,125,0,127,0,3,149,0,152,180,0,180,332
09/08/2001,TIW,WA,ANM,WE,Federal Contract Tower,0,0,17,0,17,0,2,187,0,189,0,2,204,0,206,184,0,184,390
09/09/2001,TIW,WA,ANM,WE,Federal Contract Tower,0,0,25,0,25,0,0,142,0,142,0,0,167,0,167,106,0,106,273
09/10/2001,TIW,WA,ANM,WE,Federal Contract Tower,0,1,24,0,25,0,2,155,0,157,0,3,179,0,182,148,0,148,330
09/11/2001,TIW,WA,ANM,WE,Federal Contract Tower,0,0,0,0,0,0,0,0,0,0,0,0,0,0,0,0,0,0,0
09/12/2001,TIW,WA,ANM,WE,Federal Contract Tower,0,0,0,0,0,0,0,0,0,0,0,0,0,0,0,0,0,0,0
09/13/2001,TIW,WA,ANM,WE,Federal Contract Tower,0,0,0,0,0,0,2,0,2,4,0,2,0,2,4,0,0,0,4
09/14/2001,TIW,WA,ANM,WE,Federal Contract Tower,0,7,2,0,9,0,0,0,0,0,0,7,2,0,9,0,0,0,9
09/15/2001,TIW,WA,ANM,WE,Federal Contract Tower,0,0,15,0,15,0,0,0,2,2,0,0,15,2,17,0,2,2,19
09/16/2001,TIW,WA,ANM,WE,Federal Contract Tower,0,0,9,0,9,0,0,0,0,0,0,0,9,0,9,0,0,0,9
09/17/2001,TIW,WA,ANM,WE,Federal Contract Tower,0,6,21,0,27,0,0,0,0,0,0,6,21,0,27,0,0,0,27
09/18/2001,TIW,WA,ANM,WE,Federal Contract Tower,0,6,39,0,45,0,0,8,2,10,0,6,47,2,55,0,0,0,55
09/19/2001,TIW,WA,ANM,WE,Federal Contract Tower,0,3,36,0,39,0,0,25,1,26,0,3,61,1,65,0,0,0,65
09/20/2001,TIW,WA,ANM,WE,Federal Contract Tower,0,7,57,0,64,0,0,24,5,29,0,7,81,5,93,0,0,0,93
09/21/2001,TIW,WA,ANM,WE,Federal Contract Tower,0,5,59,3,67,0,5,24,5,34,0,10,83,8,101,18,0,18,119
09/22/2001,TIW,WA,ANM,WE,Federal Contract Tower,0,0,55,0,55,0,0,50,0,50,0,0,105,0,105,68,0,68,173
09/23/2001,TIW,WA,ANM,WE,Federal Contract Tower,0,0,45,0,45,0,2,53,0,55,0,2,98,0,100,168,0,168,268
09/24/2001,TIW,WA,ANM,WE,Federal Contract Tower,0,6,32,0,38,0,0,24,0,24,0,6,56,0,62,74,0,74,136
09/25/2001,TIW,WA,ANM,WE,Federal Contract Tower,0,3,60,0,63,0,0,12,0,12,0,3,72,0,75,48,0,48,123
09/26/2001,TIW,WA,ANM,WE,Federal Contract Tower,0,4,39,0,43,0,2,36,0,38,0,6,75,0,81,70,0,70,151
09/27/2001,TIW,WA,ANM,WE,Federal Contract Tower,0,10,65,0,75,0,1,35,0,36,0,11,100,0,111,130,0,130,241
09/28/2001,TIW,WA,ANM,WE,Federal Contract Tower,0,7,60,0,67,0,0,67,0,67,0,7,127,0,134,112,0,112,246
09/29/2001,TIW,WA,ANM,WE,Federal Contract Tower,0,1,79,0,80,0,0,101,0,101,0,1,180,0,181,118,0,118,299
09/30/2001,TIW,WA,ANM,WE,Federal Contract Tower,0,2,53,0,55,0,4,27,4,35,0,6,80,4,90,26,0,26,116
10/01/2001,TIW,WA,ANM,WE,Federal Contract Tower,0,3,36,0,39,0,2,66,0,68,0,5,102,0,107,160,0,160,267
10/02/2001,TIW,WA,ANM,WE,Federal Contract Tower,0,5,40,0,45,0,3,56,0,59,0,8,96,0,104,164,0,164,268
10/03/2001,TIW,WA,ANM,WE,Federal Contract Tower,0,2,51,0,53,0,1,79,5,85,0,3,130,5,138,180,4,184,322
10/04/2001,TIW,WA,ANM,WE,Federal Contract Tower,0,6,57,0,63,0,0,97,0,97,0,6,154,0,160,52,0,52,212
10/05/2001,TIW,WA,ANM,WE,Federal Contract Tower,0,3,56,0,59,0,0,76,2,78,0,3,132,2,137,162,0,162,299
10/06/2001,TIW,WA,ANM,WE,Federal Contract Tower,0,0,44,0,44,0,0,63,0,63,0,0,107,0,107,140,0,140,247
10/07/2001,TIW,WA,ANM,WE,Federal Contract Tower,0,0,47,0,47,0,0,61,0,61,0,0,108,0,108,70,0,70,178
10/08/2001,TIW,WA,ANM,WE,Federal Contract Tower,0,0,27,0,27,0,0,56,2,58,0,0,83,2,85,86,0,86,171
10/09/2001,TIW,WA,ANM,WE,Federal Contract Tower,0,4,47,0,51,0,1,73,0,74,0,5,120,0,125,152,0,152,277
10/10/2001,TIW,WA,ANM,WE,Federal Contract Tower,0,3,24,0,27,0,0,6,0,6,0,3,30,0,33,26,0,26,59
10/11/2001,TIW,WA,ANM,WE,Federal Contract Tower,0,3,43,1,47,0,0,65,7,72,0,3,108,8,119,218,0,218,337
10/12/2001,TIW,WA,ANM,WE,Federal Contract Tower,0,3,16,0,19,0,0,1,0,1,0,3,17,0,20,0,0,0,20
10/13/2001,TIW,WA,ANM,WE,Federal Contract Tower,0,3,31,0,34,0,0,70,0,70,0,3,101,0,104,194,0,194,298
10/14/2001,TIW,WA,ANM,WE,Federal Contract Tower,0,0,41,0,41,0,0,36,2,38,0,0,77,2,79,32,0,32,111
10/15/2001,TIW,WA,ANM,WE,Federal Contract Tower,0,5,55,0,60,0,3,99,0,102,0,8,154,0,162,96,0,96,258
10/16/2001,TIW,WA,ANM,WE,Federal Contract Tower,0,3,50,0,53,0,0,59,0,59,0,3,109,0,112,54,0,54,166
10/17/2001,TIW,WA,ANM,WE,Federal Contract Tower,0,3,57,0,60,0,0,93,0,93,0,3,150,0,153,160,0,160,313
10/18/2001,TIW,WA,ANM,WE,Federal Contract Tower,0,8,38,0,46,0,0,60,2,62,0,8,98,2,108,116,0,116,224
10/19/2001,TIW,WA,ANM,WE,Federal Contract Tower,0,1,45,3,49,0,2,50,5,57,0,3,95,8,106,98,0,98,204
10/20/2001,TIW,WA,ANM,WE,Federal Contract Tower,0,0,52,0,52,0,0,92,0,92,0,0,144,0,144,162,0,162,306
10/21/2001,TIW,WA,ANM,WE,Federal Contract Tower,0,0,23,0,23,0,0,13,0,13,0,0,36,0,36,0,0,0,36
10/22/2001,TIW,WA,ANM,WE,Federal Contract Tower,0,4,10,0,14,0,1,17,0,18,0,5,27,0,32,66,0,66,98
10/23/2001,TIW,WA,ANM,WE,Federal Contract Tower,0,4,27,0,31,0,0,18,0,18,0,4,45,0,49,8,0,8,57
10/24/2001,TIW,WA,ANM,WE,Federal Contract Tower,0,4,48,0,52,0,0,72,2,74,0,4,120,2,126,90,0,90,216
10/25/2001,TIW,WA,ANM,WE,Federal Contract Tower,0,2,67,1,70,0,2,121,3,126,0,4,188,4,196,180,0,180,376
10/26/2001,TIW,WA,ANM,WE,Federal Contract Tower,0,3,58,1,62,0,0,131,1,132,0,3,189,2,194,194,0,194,388
10/27/2001,TIW,WA,ANM,WE,Federal Contract Tower,0,0,39,0,39,0,0,26,0,26,0,0,65,0,65,20,0,20,85
10/28/2001,TIW,WA,ANM,WE,Federal Contract Tower,0,0,46,0,46,0,0,195,0,195,0,0,241,0,241,252,0,252,493
10/29/2001,TIW,WA,ANM,WE,Federal Contract Tower,0,5,40,0,45,0,1,121,2,124,0,6,161,2,169,120,0,120,289
10/30/2001,TIW,WA,ANM,WE,Federal Contract Tower,0,3,40,0,43,0,0,23,0,23,0,3,63,0,66,0,0,0,66
10/31/2001,TIW,WA,ANM,WE,Federal Contract Tower,0,7,30,0,37,0,2,17,0,19,0,9,47,0,56,2,0,2,58
11/01/2001,TIW,WA,ANM,WE,Federal Contract Tower,0,4,66,0,70,0,3,70,0,73,0,7,136,0,143,180,0,180,323
11/02/2001,TIW,WA,ANM,WE,Federal Contract Tower,0,4,25,0,29,0,5,109,0,114,0,9,134,0,143,162,0,162,305
11/03/2001,TIW,WA,ANM,WE,Federal Contract Tower,0,0,55,0,55,0,0,170,2,172,0,0,225,2,227,186,0,186,413
11/04/2001,TIW,WA,ANM,WE,Federal Contract Tower,0,0,32,1,33,0,0,47,1,48,0,0,79,2,81,66,0,66,147
11/05/2001,TIW,WA,ANM,WE,Federal Contract Tower,0,4,37,0,41,0,2,79,2,83,0,6,116,2,124,160,0,160,284
11/06/2001,TIW,WA,ANM,WE,Federal Contract Tower,0,6,53,0,59,0,1,78,0,79,0,7,131,0,138,106,2,108,246
11/07/2001,TIW,WA,ANM,WE,Federal Contract Tower,0,3,30,0,33,0,1,184,0,185,0,4,214,0,218,286,0,286,504
11/08/2001,TIW,WA,ANM,WE,Federal Contract Tower,0,2,48,0,50,0,1,162,0,163,0,3,210,0,213,174,0,174,387
11/09/2001,TIW,WA,ANM,WE,Federal Contract Tower,0,3,46,0,49,0,2,128,0,130,0,5,174,0,179,182,0,182,361
11/10/2001,TIW,WA,ANM,WE,Federal Contract Tower,0,0,39,0,39,0,0,193,0,193,0,0,232,0,232,236,0,236,468
11/11/2001,TIW,WA,ANM,WE,Federal Contract Tower,0,0,33,0,33,0,0,84,0,84,0,0,117,0,117,140,0,140,257
11/12/2001,TIW,WA,ANM,WE,Federal Contract Tower,0,0,40,0,40,0,0,30,0,30,0,0,70,0,70,0,0,0,70
11/13/2001,TIW,WA,ANM,WE,Federal Contract Tower,0,5,28,0,33,0,3,44,0,47,0,8,72,0,80,86,0,86,166
11/14/2001,TIW,WA,ANM,WE,Federal Contract Tower,0,3,16,0,19,0,0,14,0,14,0,3,30,0,33,0,0,0,33
11/15/2001,TIW,WA,ANM,WE,Federal Contract Tower,0,5,34,0,39,0,5,40,0,45,0,10,74,0,84,60,0,60,144
11/16/2001,TIW,WA,ANM,WE,Federal Contract Tower,0,3,47,0,50,0,1,70,2,73,0,4,117,2,123,98,0,98,221
11/17/2001,TIW,WA,ANM,WE,Federal Contract Tower,0,0,37,0,37,0,0,174,0,174,0,0,211,0,211,192,0,192,403
11/18/2001,TIW,WA,ANM,WE,Federal Contract Tower,0,0,43,0,43,0,0,150,0,150,0,0,193,0,193,118,0,118,311
11/19/2001,TIW,WA,ANM,WE,Federal Contract Tower,0,5,27,0,32,0,0,25,0,25,0,5,52,0,57,10,0,10,67
11/20/2001,TIW,WA,ANM,WE,Federal Contract Tower,0,3,24,1,28,0,0,61,3,64,0,3,85,4,92,100,0,100,192
11/21/2001,TIW,WA,ANM,WE,Federal Contract Tower,0,3,26,0,29,0,0,44,0,44,0,3,70,0,73,78,0,78,151
11/22/2001,TIW,WA,ANM,WE,Federal Contract Tower,0,0,4,0,4,0,0,0,0,0,0,0,4,0,4,0,0,0,4
11/23/2001,TIW,WA,ANM,WE,Federal Contract Tower,0,2,32,0,34,0,1,82,2,85,0,3,114,2,119,192,0,192,311
11/24/2001,TIW,WA,ANM,WE,Federal Contract Tower,0,0,38,0,38,0,0,84,0,84,0,0,122,0,122,104,0,104,226
11/25/2001,TIW,WA,ANM,WE,Federal Contract Tower,0,0,31,0,31,0,0,36,0,36,0,0,67,0,67,4,0,4,71
11/26/2001,TIW,WA,ANM,WE,Federal Contract Tower,0,6,33,0,39,0,1,103,0,104,0,7,136,0,143,180,0,180,323
11/27/2001,TIW,WA,ANM,WE,Federal Contract Tower,0,8,36,2,46,0,0,119,2,121,0,8,155,4,167,296,0,296,463
11/28/2001,TIW,WA,ANM,WE,Federal Contract Tower,0,5,17,1,23,0,0,18,1,19,0,5,35,2,42,10,0,10,52
11/29/2001,TIW,WA,ANM,WE,Federal Contract Tower,0,2,20,1,23,0,1,41,1,43,0,3,61,2,66,34,0,34,100
11/30/2001,TIW,WA,ANM,WE,Federal Contract Tower,0,3,49,0,52,0,1,46,0,47,0,4,95,0,99,104,0,104,203
12/01/2001,TIW,WA,ANM,WE,Federal Contract Tower,0,0,5,0,5,0,0,5,2,7,0,0,10,2,12,2,0,2,14
12/02/2001,TIW,WA,ANM,WE,Federal Contract Tower,0,0,36,0,36,0,0,40,0,40,0,0,76,0,76,54,0,54,130
12/03/2001,TIW,WA,ANM,WE,Federal Contract Tower,0,3,24,0,27,0,2,74,4,80,0,5,98,4,107,86,0,86,193
12/04/2001,TIW,WA,ANM,WE,Federal Contract Tower,0,3,22,0,25,0,0,20,0,20,0,3,42,0,45,46,0,46,91
12/05/2001,TIW,WA,ANM,WE,Federal Contract Tower,0,3,28,0,31,0,0,22,0,22,0,3,50,0,53,100,0,100,153
12/06/2001,TIW,WA,ANM,WE,Federal Contract Tower,0,3,22,0,25,0,0,28,0,28,0,3,50,0,53,46,0,46,99
12/07/2001,TIW,WA,ANM,WE,Federal Contract Tower,0,2,49,0,51,0,7,106,0,113,0,9,155,0,164,246,0,246,410
12/08/2001,TIW,WA,ANM,WE,Federal Contract Tower,0,0,22,0,22,0,0,45,0,45,0,0,67,0,67,46,0,46,113
12/09/2001,TIW,WA,ANM,WE,Federal Contract Tower,0,0,63,0,63,0,0,102,2,104,0,0,165,2,167,109,0,109,276
12/10/2001,TIW,WA,ANM,WE,Federal Contract Tower,0,3,21,0,24,0,0,15,4,19,0,3,36,4,43,26,0,26,69
12/11/2001,TIW,WA,ANM,WE,Federal Contract Tower,0,1,44,0,45,0,0,81,0,81,0,1,125,0,126,148,0,148,274
12/12/2001,TIW,WA,ANM,WE,Federal Contract Tower,0,1,22,1,24,0,0,48,1,49,0,1,70,2,73,80,0,80,153
12/13/2001,TIW,WA,ANM,WE,Federal Contract Tower,0,3,10,0,13,0,0,1,0,1,0,3,11,0,14,0,0,0,14
12/14/2001,TIW,WA,ANM,WE,Federal Contract Tower,0,3,27,0,30,0,2,83,0,85,0,5,110,0,115,32,0,32,147
12/15/2001,TIW,WA,ANM,WE,Federal Contract Tower,0,0,33,0,33,0,0,39,0,39,0,0,72,0,72,20,0,20,92
12/16/2001,TIW,WA,ANM,WE,Federal Contract Tower,0,0,4,0,4,0,0,12,0,12,0,0,16,0,16,10,0,10,26
12/17/2001,TIW,WA,ANM,WE,Federal Contract Tower,0,2,31,0,33,0,1,109,0,110,0,3,140,0,143,148,0,148,291
12/18/2001,TIW,WA,ANM,WE,Federal Contract Tower,0,1,26,1,28,0,1,33,1,35,0,2,59,2,63,46,2,48,111
12/19/2001,TIW,WA,ANM,WE,Federal Contract Tower,0,1,54,0,55,0,0,61,0,61,0,1,115,0,116,70,0,70,186
12/20/2001,TIW,WA,ANM,WE,Federal Contract Tower,0,1,53,0,54,0,0,33,0,33,0,1,86,0,87,36,0,36,123
12/21/2001,TIW,WA,ANM,WE,Federal Contract Tower,0,5,27,0,32,0,1,72,0,73,0,6,99,0,105,86,0,86,191
12/22/2001,TIW,WA,ANM,WE,Federal Contract Tower,0,0,31,0,31,0,0,138,0,138,0,0,169,0,169,186,0,186,355
12/23/2001,TIW,WA,ANM,WE,Federal Contract Tower,0,0,21,0,21,0,0,128,0,128,0,0,149,0,149,80,0,80,229
12/24/2001,TIW,WA,ANM,WE,Federal Contract Tower,0,3,18,0,21,0,0,59,0,59,0,3,77,0,80,104,0,104,184
12/25/2001,TIW,WA,ANM,WE,Federal Contract Tower,0,1,6,0,7,0,0,39,0,39,0,1,45,0,46,66,0,66,112
12/26/2001,TIW,WA,ANM,WE,Federal Contract Tower,0,0,37,0,37,0,1,101,0,102,0,1,138,0,139,130,0,130,269
12/27/2001,TIW,WA,ANM,WE,Federal Contract Tower,0,3,57,0,60,0,0,93,0,93,0,3,150,0,153,120,0,120,273
12/28/2001,TIW,WA,ANM,WE,Federal Contract Tower,0,3,38,0,41,0,0,130,0,130,0,3,168,0,171,228,0,228,399
12/29/2001,TIW,WA,ANM,WE,Federal Contract Tower,0,0,48,0,48,0,0,60,0,60,0,0,108,0,108,96,0,96,204
12/30/2001,TIW,WA,ANM,WE,Federal Contract Tower,0,0,29,0,29,0,0,27,0,27,0,0,56,0,56,50,0,50,106
12/31/2001,TIW,WA,ANM,WE,Federal Contract Tower,0,1,44,0,45,0,2,17,0,19,0,3,61,0,64,16,0,16,80
01/01/2002,TIW,WA,ANM,WE,Federal Contract Tower,0,0,17,0,17,0,0,11,0,11,0,0,28,0,28,12,0,12,40
01/02/2002,TIW,WA,ANM,WE,Federal Contract Tower,0,2,40,0,42,0,4,88,0,92,0,6,128,0,134,100,0,100,234
01/03/2002,TIW,WA,ANM,WE,Federal Contract Tower,0,1,48,0,49,0,4,92,0,96,0,5,140,0,145,110,0,110,255
01/04/2002,TIW,WA,ANM,WE,Federal Contract Tower,0,2,47,0,49,0,1,123,0,124,0,3,170,0,173,138,0,138,311
01/05/2002,TIW,WA,ANM,WE,Federal Contract Tower,0,0,39,1,40,0,0,48,1,49,0,0,87,2,89,142,0,142,231
01/06/2002,TIW,WA,ANM,WE,Federal Contract Tower,0,0,25,1,26,0,2,21,0,23,0,2,46,1,49,32,0,32,81
01/07/2002,TIW,WA,ANM,WE,Federal Contract Tower,0,3,13,0,16,0,0,14,0,14,0,3,27,0,30,6,0,6,36
01/08/2002,TIW,WA,ANM,WE,Federal Contract Tower,0,3,36,0,39,0,2,35,0,37,0,5,71,0,76,76,0,76,152
01/09/2002,TIW,WA,ANM,WE,Federal Contract Tower,0,0,33,1,34,0,2,137,3,142,0,2,170,4,176,130,0,130,306
01/10/2002,TIW,WA,ANM,WE,Federal Contract Tower,0,0,50,0,50,0,1,90,0,91,0,1,140,0,141,180,0,180,321
01/11/2002,TIW,WA,ANM,WE,Federal Contract Tower,0,2,45,0,47,0,1,75,0,76,0,3,120,0,123,168,0,168,291
01/12/2002,TIW,WA,ANM,WE,Federal Contract Tower,0,0,9,0,9,0,0,23,0,23,0,0,32,0,32,24,0,24,56
01/13/2002,TIW,WA,ANM,WE,Federal Contract Tower,0,0,52,0,52,0,0,75,0,75,0,0,127,0,127,120,0,120,247
01/14/2002,TIW,WA,ANM,WE,Federal Contract Tower,0,1,33,0,34,0,5,59,0,64,0,6,92,0,98,72,0,72,170
01/15/2002,TIW,WA,ANM,WE,Federal Contract Tower,0,1,50,0,51,0,0,99,0,99,0,1,149,0,150,162,0,162,312
01/16/2002,TIW,WA,ANM,WE,Federal Contract Tower,0,1,17,3,21,0,0,13,2,15,0,1,30,5,36,26,0,26,62
01/17/2002,TIW,WA,ANM,WE,Federal Contract Tower,0,1,50,0,51,0,0,60,0,60,0,1,110,0,111,98,2,100,211
01/18/2002,TIW,WA,ANM,WE,Federal Contract Tower,0,3,21,0,24,0,0,15,0,15,0,3,36,0,39,46,0,46,85
01/19/2002,TIW,WA,ANM,WE,Federal Contract Tower,0,0,30,0,30,0,0,63,0,63,0,0,93,0,93,120,0,120,213
01/20/2002,TIW,WA,ANM,WE,Federal Contract Tower,0,0,12,0,12,0,0,5,0,5,0,0,17,0,17,6,0,6,23
01/21/2002,TIW,WA,ANM,WE,Federal Contract Tower,0,0,24,0,24,0,0,13,2,15,0,0,37,2,39,30,0,30,69
01/22/2002,TIW,WA,ANM,WE,Federal Contract Tower,0,2,14,0,16,0,1,27,0,28,0,3,41,0,44,68,0,68,112
01/23/2002,TIW,WA,ANM,WE,Federal Contract Tower,0,1,22,0,23,0,0,48,4,52,0,1,70,4,75,50,0,50,125
01/24/2002,TIW,WA,ANM,WE,Federal Contract Tower,0,3,13,0,16,0,0,7,0,7,0,3,20,0,23,0,0,0,23
01/25/2002,TIW,WA,ANM,WE,Federal Contract Tower,0,2,14,0,16,0,1,7,0,8,0,3,21,0,24,24,0,24,48
01/26/2002,TIW,WA,ANM,WE,Federal Contract Tower,0,0,7,0,7,0,0,98,0,98,0,0,105,0,105,90,0,90,195
01/27/2002,TIW,WA,ANM,WE,Federal Contract Tower,0,0,8,0,8,0,0,10,0,10,0,0,18,0,18,20,0,20,38
01/28/2002,TIW,WA,ANM,WE,Federal Contract Tower,0,1,58,0,59,0,2,102,4,108,0,3,160,4,167,130,0,130,297
01/29/2002,TIW,WA,ANM,WE,Federal Contract Tower,0,3,21,0,24,0,0,29,0,29,0,3,50,0,53,44,0,44,97
01/30/2002,TIW,WA,ANM,WE,Federal Contract Tower,0,3,28,2,33,0,0,30,2,32,0,3,58,4,65,54,0,54,119
01/31/2002,TIW,WA,ANM,WE,Federal Contract Tower,0,1,26,0,27,0,0,14,0,14,0,1,40,0,41,0,0,0,41
02/01/2002,TIW,WA,ANM,WE,Federal Contract Tower,0,1,33,0,34,0,1,87,0,88,0,2,120,0,122,130,0,130,252
02/02/2002,TIW,WA,ANM,WE,Federal Contract Tower,0,0,52,0,52,0,0,188,0,188,0,0,240,0,240,206,0,206,446
02/03/2002,TIW,WA,ANM,WE,Federal Contract Tower,0,0,31,0,31,0,0,65,2,67,0,0,96,2,98,72,0,72,170
02/04/2002,TIW,WA,ANM,WE,Federal Contract Tower,0,3,29,0,32,0,0,169,4,173,0,3,198,4,205,126,0,126,331
02/05/2002,TIW,WA,ANM,WE,Federal Contract Tower,0,2,41,1,44,0,0,34,1,35,0,2,75,2,79,32,0,32,111
02/06/2002,TIW,WA,ANM,WE,Federal Contract Tower,0,0,13,0,13,0,1,27,0,28,0,1,40,0,41,12,0,12,53
02/07/2002,TIW,WA,ANM,WE,Federal Contract Tower,0,1,30,1,32,0,0,100,1,101,0,1,130,2,133,130,0,130,263
02/08/2002,TIW,WA,ANM,WE,Federal Contract Tower,0,3,40,0,43,0,2,90,0,92,0,5,130,0,135,118,0,118,253
02/09/2002,TIW,WA,ANM,WE,Federal Contract Tower,0,0,33,0,33,0,0,192,0,192,0,0,225,0,225,190,0,190,415
02/10/2002,TIW,WA,ANM,WE,Federal Contract Tower,0,0,32,0,32,0,0,50,6,56,0,0,82,6,88,38,0,38,126
02/11/2002,TIW,WA,ANM,WE,Federal Contract Tower,0,0,39,0,39,0,2,135,0,137,0,2,174,0,176,152,0,152,328
02/12/2002,TIW,WA,ANM,WE,Federal Contract Tower,0,0,29,0,29,0,0,104,0,104,0,0,133,0,133,138,0,138,271
02/13/2002,TIW,WA,ANM,WE,Federal Contract Tower,0,0,36,0,36,0,0,84,2,86,0,0,120,2,122,110,0,110,232
02/14/2002,TIW,WA,ANM,WE,Federal Contract Tower,0,0,63,0,63,0,2,145,0,147,0,2,208,0,210,100,0,100,310
02/15/2002,TIW,WA,ANM,WE,Federal Contract Tower,0,0,38,0,38,0,2,113,2,117,0,2,151,2,155,174,0,174,329
02/16/2002,TIW,WA,ANM,WE,Federal Contract Tower,0,0,45,0,45,0,0,85,0,85,0,0,130,0,130,96,0,96,226
02/17/2002,TIW,WA,ANM,WE,Federal Contract Tower,0,0,56,0,56,0,0,34,0,34,0,0,90,0,90,12,0,12,102
02/18/2002,TIW,WA,ANM,WE,Federal Contract Tower,0,0,52,0,52,0,0,51,0,51,0,0,103,0,103,172,0,172,275
02/19/2002,TIW,WA,ANM,WE,Federal Contract Tower,0,0,30,0,30,0,0,34,0,34,0,0,64,0,64,30,0,30,94
02/20/2002,TIW,WA,ANM,WE,Federal Contract Tower,0,0,40,0,40,0,2,160,0,162,0,2,200,0,202,200,0,200,402
02/21/2002,TIW,WA,ANM,WE,Federal Contract Tower,0,0,18,0,18,0,0,22,0,22,0,0,40,0,40,6,0,6,46
02/22/2002,TIW,WA,ANM,WE,Federal Contract Tower,0,0,34,0,34,0,2,20,2,24,0,2,54,2,58,38,0,38,96
02/23/2002,TIW,WA,ANM,WE,Federal Contract Tower,0,0,19,0,19,0,0,6,0,6,0,0,25,0,25,0,0,0,25
02/24/2002,TIW,WA,ANM,WE,Federal Contract Tower,0,0,37,0,37,0,0,169,4,173,0,0,206,4,210,184,0,184,394
02/25/2002,TIW,WA,ANM,WE,Federal Contract Tower,0,0,32,0,32,0,0,108,0,108,0,0,140,0,140,162,0,162,302
02/26/2002,TIW,WA,ANM,WE,Federal Contract Tower,0,0,38,0,38,0,1,135,4,140,0,1,173,4,178,150,0,150,328
02/27/2002,TIW,WA,ANM,WE,Federal Contract Tower,0,0,28,0,28,0,0,112,0,112,0,0,140,0,140,130,0,130,270
02/28/2002,TIW,WA,ANM,WE,Federal Contract Tower,0,4,45,0,49,0,0,165,2,167,0,4,210,2,216,92,0,92,308
03/01/2002,TIW,WA,ANM,WE,Federal Contract Tower,0,0,46,1,47,0,2,131,5,138,0,2,177,6,185,178,8,186,371
03/02/2002,TIW,WA,ANM,WE,Federal Contract Tower,0,0,36,0,36,0,0,234,0,234,0,0,270,0,270,212,0,212,482
03/03/2002,TIW,WA,ANM,WE,Federal Contract Tower,0,0,30,0,30,0,0,146,2,148,0,0,176,2,178,120,2,122,300
03/04/2002,TIW,WA,ANM,WE,Federal Contract Tower,0,2,24,0,26,0,2,70,6,78,0,4,94,6,104,58,0,58,162
03/05/2002,TIW,WA,ANM,WE,Federal Contract Tower,0,0,28,0,28,0,0,53,0,53,0,0,81,0,81,78,0,78,159
03/06/2002,TIW,WA,ANM,WE,Federal Contract Tower,0,0,24,0,24,0,0,128,0,128,0,0,152,0,152,62,0,62,214
03/07/2002,TIW,WA,ANM,WE,Federal Contract Tower,0,0,26,0,26,0,0,29,0,29,0,0,55,0,55,0,60,60,115
03/08/2002,TIW,WA,ANM,WE,Federal Contract Tower,0,1,19,0,20,0,2,36,0,38,0,3,55,0,58,80,0,80,138
03/09/2002,TIW,WA,ANM,WE,Federal Contract Tower,0,0,26,0,26,0,0,89,0,89,0,0,115,0,115,122,0,122,237
03/10/2002,TIW,WA,ANM,WE,Federal Contract Tower,0,0,12,0,12,0,0,19,0,19,0,0,31,0,31,0,0,0,31
03/11/2002,TIW,WA,ANM,WE,Federal Contract Tower,0,1,10,0,11,0,1,2,0,3,0,2,12,0,14,24,0,24,38
03/12/2002,TIW,WA,ANM,WE,Federal Contract Tower,0,0,22,0,22,0,0,13,0,13,0,0,35,0,35,0,0,0,35
03/13/2002,TIW,WA,ANM,WE,Federal Contract Tower,0,0,38,0,38,0,0,24,0,24,0,0,62,0,62,24,0,24,86
03/14/2002,TIW,WA,ANM,WE,Federal Contract Tower,0,0,64,0,64,0,0,72,0,72,0,0,136,0,136,50,0,50,186
03/15/2002,TIW,WA,ANM,WE,Federal Contract Tower,0,1,34,0,35,0,1,40,0,41,0,2,74,0,76,6,0,6,82
03/16/2002,TIW,WA,ANM,WE,Federal Contract Tower,0,0,0,0,0,0,0,0,0,0,0,0,0,0,0,0,0,0,0
03/17/2002,TIW,WA,ANM,WE,Federal Contract Tower,0,0,35,0,35,0,0,121,0,121,0,0,156,0,156,122,0,122,278
03/18/2002,TIW,WA,ANM,WE,Federal Contract Tower,0,2,11,0,13,0,0,5,0,5,0,2,16,0,18,0,0,0,18
03/19/2002,TIW,WA,ANM,WE,Federal Contract Tower,0,0,31,0,31,0,0,9,0,9,0,0,40,0,40,0,0,0,40
03/20/2002,TIW,WA,ANM,WE,Federal Contract Tower,0,1,6,0,7,0,0,0,0,0,0,1,6,0,7,1,0,1,8
03/21/2002,TIW,WA,ANM,WE,Federal Contract Tower,0,0,45,0,45,0,0,140,2,142,0,0,185,2,187,135,0,135,322
03/22/2002,TIW,WA,ANM,WE,Federal Contract Tower,0,1,25,0,26,0,1,129,0,130,0,2,154,0,156,98,0,98,254
03/23/2002,TIW,WA,ANM,WE,Federal Contract Tower,0,0,42,0,42,0,0,154,0,154,0,0,196,0,196,192,0,192,388
03/24/2002,TIW,WA,ANM,WE,Federal Contract Tower,0,0,38,0,38,0,0,76,0,76,0,0,114,0,114,136,0,136,250
03/25/2002,TIW,WA,ANM,WE,Federal Contract Tower,0,2,44,0,46,0,0,125,0,125,0,2,169,0,171,122,0,122,293
03/26/2002,TIW,WA,ANM,WE,Federal Contract Tower,0,0,46,1,47,0,0,56,1,57,0,0,102,2,104,62,0,62,166
03/27/2002,TIW,WA,ANM,WE,Federal Contract Tower,0,0,37,0,37,0,0,63,0,63,0,0,100,0,100,80,0,80,180
03/28/2002,TIW,WA,ANM,WE,Federal Contract Tower,0,4,40,0,44,0,0,86,0,86,0,4,126,0,130,80,0,80,210
03/29/2002,TIW,WA,ANM,WE,Federal Contract Tower,0,2,35,0,37,0,1,99,0,100,0,3,134,0,137,56,0,56,193
03/30/2002,TIW,WA,ANM,WE,Federal Contract Tower,0,0,39,0,39,0,0,143,0,143,0,0,182,0,182,118,0,118,300
03/31/2002,TIW,WA,ANM,WE,Federal Contract Tower,0,0,25,0,25,0,0,83,0,83,0,0,108,0,108,104,0,104,212
04/01/2002,TIW,WA,ANM,WE,Federal Contract Tower,0,1,20,2,23,0,1,44,2,47,0,2,64,4,70,70,0,70,140
04/02/2002,TIW,WA,ANM,WE,Federal Contract Tower,0,4,39,0,43,0,0,128,0,128,0,4,167,0,171,115,2,117,288
04/03/2002,TIW,WA,ANM,WE,Federal Contract Tower,0,1,35,0,36,0,0,155,2,157,0,1,190,2,193,123,0,123,316
04/04/2002,TIW,WA,ANM,WE,Federal Contract Tower,0,0,41,0,41,0,0,149,10,159,0,0,190,10,200,162,0,162,362
04/05/2002,TIW,WA,ANM,WE,Federal Contract Tower,0,2,42,0,44,0,0,38,0,38,0,2,80,0,82,42,0,42,124
04/06/2002,TIW,WA,ANM,WE,Federal Contract Tower,0,0,23,0,23,0,0,50,4,54,0,0,73,4,77,20,0,20,97
04/07/2002,TIW,WA,ANM,WE,Federal Contract Tower,0,1,30,0,31,0,0,37,0,37,0,1,67,0,68,70,0,70,138
04/08/2002,TIW,WA,ANM,WE,Federal Contract Tower,0,1,25,0,26,0,1,83,2,86,0,2,108,2,112,98,0,98,210
04/09/2002,TIW,WA,ANM,WE,Federal Contract Tower,0,0,19,0,19,0,1,25,0,26,0,1,44,0,45,68,0,68,113
04/10/2002,TIW,WA,ANM,WE,Federal Contract Tower,0,0,29,0,29,0,0,36,0,36,0,0,65,0,65,33,0,33,98
04/11/2002,TIW,WA,ANM,WE,Federal Contract Tower,0,0,55,0,55,0,0,68,3,71,0,0,123,3,126,61,0,61,187
04/12/2002,TIW,WA,ANM,WE,Federal Contract Tower,0,1,54,0,55,0,1,46,2,49,0,2,100,2,104,42,0,42,146
04/13/2002,TIW,WA,ANM,WE,Federal Contract Tower,0,0,10,1,11,0,0,3,1,4,0,0,13,2,15,0,0,0,15
04/14/2002,TIW,WA,ANM,WE,Federal Contract Tower,0,0,1,0,1,0,7,0,4,11,0,7,1,4,12,4,0,4,16
04/15/2002,TIW,WA,ANM,WE,Federal Contract Tower,0,1,34,0,35,0,3,38,0,41,0,4,72,0,76,56,0,56,132
04/16/2002,TIW,WA,ANM,WE,Federal Contract Tower,0,2,35,2,39,0,0,32,4,36,0,2,67,6,75,36,0,36,111
04/17/2002,TIW,WA,ANM,WE,Federal Contract Tower,0,4,51,0,55,0,4,61,2,67,0,8,112,2,122,82,0,82,204
04/18/2002,TIW,WA,ANM,WE,Federal Contract Tower,0,0,34,0,34,0,0,91,0,91,0,0,125,0,125,105,0,105,230
04/19/2002,TIW,WA,ANM,WE,Federal Contract Tower,0,0,51,2,53,0,2,86,2,90,0,2,137,4,143,50,0,50,193
04/20/2002,TIW,WA,ANM,WE,Federal Contract Tower,0,0,52,0,52,0,0,199,0,199,0,0,251,0,251,122,0,122,373
04/21/2002,TIW,WA,ANM,WE,Federal Contract Tower,0,2,44,0,46,0,0,119,0,119,0,2,163,0,165,158,0,158,323
04/22/2002,TIW,WA,ANM,WE,Federal Contract Tower,0,1,30,0,31,0,1,50,0,51,0,2,80,0,82,30,0,30,112
04/23/2002,TIW,WA,ANM,WE,Federal Contract Tower,0,0,36,0,36,0,0,115,0,115,0,0,151,0,151,138,1,139,290
04/24/2002,TIW,WA,ANM,WE,Federal Contract Tower,0,0,0,0,0,0,0,230,8,238,0,0,230,8,238,165,0,165,403
04/25/2002,TIW,WA,ANM,WE,Federal Contract Tower,0,0,47,0,47,0,0,168,0,168,0,0,215,0,215,125,0,125,340
04/26/2002,TIW,WA,ANM,WE,Federal Contract Tower,0,2,46,1,49,0,0,54,1,55,0,2,100,2,104,60,0,60,164
04/27/2002,TIW,WA,ANM,WE,Federal Contract Tower,0,0,46,0,46,0,0,54,0,54,0,0,100,0,100,78,0,78,178
04/28/2002,TIW,WA,ANM,WE,Federal Contract Tower,0,0,35,0,35,0,2,188,4,194,0,2,223,4,229,210,0,210,439
04/29/2002,TIW,WA,ANM,WE,Federal Contract Tower,0,0,28,0,28,0,3,126,0,129,0,3,154,0,157,152,0,152,309
04/30/2002,TIW,WA,ANM,WE,Federal Contract Tower,0,2,19,0,21,0,2,108,6,116,0,4,127,6,137,108,0,108,245
05/01/2002,TIW,WA,ANM,WE,Federal Contract Tower,0,0,32,0,32,0,0,118,4,122,0,0,150,4,154,160,0,160,314
05/02/2002,TIW,WA,ANM,WE,Federal Contract Tower,0,1,20,0,21,0,1,35,2,38,0,2,55,2,59,10,0,10,69
05/03/2002,TIW,WA,ANM,WE,Federal Contract Tower,0,2,44,0,46,0,0,103,0,103,0,2,147,0,149,42,0,42,191
05/04/2002,TIW,WA,ANM,WE,Federal Contract Tower,0,1,31,0,32,0,0,95,0,95,0,1,126,0,127,84,0,84,211
05/05/2002,TIW,WA,ANM,WE,Federal Contract Tower,0,0,10,0,10,0,0,37,0,37,0,0,47,0,47,8,0,8,55
05/06/2002,TIW,WA,ANM,WE,Federal Contract Tower,0,2,19,0,21,0,0,48,0,48,0,2,67,0,69,42,0,42,111
05/07/2002,TIW,WA,ANM,WE,Federal Contract Tower,0,0,27,0,27,0,0,86,0,86,0,0,113,0,113,96,0,96,209
05/08/2002,TIW,WA,ANM,WE,Federal Contract Tower,0,2,40,0,42,0,0,97,0,97,0,2,137,0,139,162,0,162,301
05/09/2002,TIW,WA,ANM,WE,Federal Contract Tower,0,0,48,0,48,0,0,112,2,114,0,0,160,2,162,120,0,120,282
05/10/2002,TIW,WA,ANM,WE,Federal Contract Tower,0,1,20,0,21,0,1,110,4,115,0,2,130,4,136,120,0,120,256
05/11/2002,TIW,WA,ANM,WE,Federal Contract Tower,0,0,24,0,24,0,0,175,0,175,0,0,199,0,199,204,0,204,403
05/12/2002,TIW,WA,ANM,WE,Federal Contract Tower,0,1,18,0,19,0,0,147,2,149,0,1,165,2,168,132,0,132,300
05/13/2002,TIW,WA,ANM,WE,Federal Contract Tower,0,1,21,0,22,0,1,38,0,39,0,2,59,0,61,48,0,48,109
05/14/2002,TIW,WA,ANM,WE,Federal Contract Tower,0,0,39,0,39,0,0,93,2,95,0,0,132,2,134,92,0,92,226
05/15/2002,TIW,WA,ANM,WE,Federal Contract Tower,0,0,29,0,29,0,0,112,0,112,0,0,141,0,141,96,0,96,237
05/16/2002,TIW,WA,ANM,WE,Federal Contract Tower,0,0,17,0,17,0,0,119,2,121,0,0,136,2,138,91,0,91,229
05/17/2002,TIW,WA,ANM,WE,Federal Contract Tower,0,1,36,0,37,0,1,94,0,95,0,2,130,0,132,56,0,56,188
05/18/2002,TIW,WA,ANM,WE,Federal Contract Tower,0,0,33,0,33,0,0,119,0,119,0,0,152,0,152,80,0,80,232
05/19/2002,TIW,WA,ANM,WE,Federal Contract Tower,0,0,41,0,41,0,0,84,0,84,0,0,125,0,125,60,0,60,185
05/20/2002,TIW,WA,ANM,WE,Federal Contract Tower,0,0,32,0,32,0,2,93,0,95,0,2,125,0,127,112,0,112,239
05/21/2002,TIW,WA,ANM,WE,Federal Contract Tower,0,0,32,0,32,0,0,79,2,81,0,0,111,2,113,63,0,63,176
05/22/2002,TIW,WA,ANM,WE,Federal Contract Tower,0,0,15,0,15,0,0,115,2,117,0,0,130,2,132,140,0,140,272
05/23/2002,TIW,WA,ANM,WE,Federal Contract Tower,0,0,62,0,62,0,0,138,0,138,0,0,200,0,200,95,0,95,295
05/24/2002,TIW,WA,ANM,WE,Federal Contract Tower,0,0,37,0,37,0,3,193,0,196,0,3,230,0,233,212,0,212,445
05/25/2002,TIW,WA,ANM,WE,Federal Contract Tower,0,0,21,0,21,0,0,117,0,117,0,0,138,0,138,120,0,120,258
05/26/2002,TIW,WA,ANM,WE,Federal Contract Tower,0,2,20,0,22,0,0,118,0,118,0,2,138,0,140,136,0,136,276
05/27/2002,TIW,WA,ANM,WE,Federal Contract Tower,0,2,30,0,32,0,1,110,0,111,0,3,140,0,143,166,0,166,309
05/28/2002,TIW,WA,ANM,WE,Federal Contract Tower,0,0,40,0,40,0,0,48,0,48,0,0,88,0,88,96,0,96,184
05/29/2002,TIW,WA,ANM,WE,Federal Contract Tower,0,1,46,0,47,0,1,114,0,115,0,2,160,0,162,92,0,92,254
05/30/2002,TIW,WA,ANM,WE,Federal Contract Tower,0,0,29,1,30,0,0,107,3,110,0,0,136,4,140,111,0,111,251
05/31/2002,TIW,WA,ANM,WE,Federal Contract Tower,0,0,48,0,48,0,2,243,6,251,0,2,291,6,299,122,0,122,421
06/01/2002,TIW,WA,ANM,WE,Federal Contract Tower,0,0,20,0,20,0,0,210,4,214,0,0,230,4,234,132,0,132,366
06/02/2002,TIW,WA,ANM,WE,Federal Contract Tower,0,1,32,0,33,0,0,77,0,77,0,1,109,0,110,102,0,102,212
06/03/2002,TIW,WA,ANM,WE,Federal Contract Tower,0,2,35,0,37,0,0,105,0,105,0,2,140,0,142,212,0,212,354
06/04/2002,TIW,WA,ANM,WE,Federal Contract Tower,0,0,40,1,41,0,0,88,3,91,0,0,128,4,132,108,0,108,240
06/05/2002,TIW,WA,ANM,WE,Federal Contract Tower,0,0,32,0,32,0,0,67,0,67,0,0,99,0,99,24,0,24,123
06/06/2002,TIW,WA,ANM,WE,Federal Contract Tower,0,0,35,0,35,0,0,97,4,101,0,0,132,4,136,110,0,110,246
06/07/2002,TIW,WA,ANM,WE,Federal Contract Tower,0,0,17,0,17,0,3,83,2,88,0,3,100,2,105,30,7,37,142
06/08/2002,TIW,WA,ANM,WE,Federal Contract Tower,0,0,16,0,16,0,0,135,2,137,0,0,151,2,153,88,0,88,241
06/09/2002,TIW,WA,ANM,WE,Federal Contract Tower,0,0,33,0,33,0,0,164,4,168,0,0,197,4,201,150,0,150,351
06/10/2002,TIW,WA,ANM,WE,Federal Contract Tower,0,1,43,0,44,0,0,88,5,93,0,1,131,5,137,96,0,96,233
06/11/2002,TIW,WA,ANM,WE,Federal Contract Tower,0,0,35,0,35,0,0,138,7,145,0,0,173,7,180,92,2,94,274
06/12/2002,TIW,WA,ANM,WE,Federal Contract Tower,0,0,40,0,40,0,1,201,2,204,0,1,241,2,244,208,0,208,452
06/13/2002,TIW,WA,ANM,WE,Federal Contract Tower,0,0,36,0,36,0,0,119,6,125,0,0,155,6,161,104,0,104,265
06/14/2002,TIW,WA,ANM,WE,Federal Contract Tower,0,0,42,0,42,0,2,133,6,141,0,2,175,6,183,150,0,150,333
06/15/2002,TIW,WA,ANM,WE,Federal Contract Tower,0,0,27,0,27,0,0,175,0,175,0,0,202,0,202,148,0,148,350
06/16/2002,TIW,WA,ANM,WE,Federal Contract Tower,0,0,16,0,16,0,0,85,0,85,0,0,101,0,101,50,0,50,151
06/17/2002,TIW,WA,ANM,WE,Federal Contract Tower,0,1,29,0,30,0,1,24,2,27,0,2,53,2,57,32,0,32,89
06/18/2002,TIW,WA,ANM,WE,Federal Contract Tower,0,0,26,0,26,0,0,63,0,63,0,0,89,0,89,44,0,44,133
06/19/2002,TIW,WA,ANM,WE,Federal Contract Tower,0,0,36,0,36,0,4,120,2,126,0,4,156,2,162,177,0,177,339
06/20/2002,TIW,WA,ANM,WE,Federal Contract Tower,0,0,46,0,46,0,0,128,0,128,0,0,174,0,174,98,0,98,272
06/21/2002,TIW,WA,ANM,WE,Federal Contract Tower,0,5,23,0,28,0,7,147,0,154,0,12,170,0,182,150,0,150,332
06/22/2002,TIW,WA,ANM,WE,Federal Contract Tower,0,0,21,0,21,0,0,98,0,98,0,0,119,0,119,160,0,160,279
06/23/2002,TIW,WA,ANM,WE,Federal Contract Tower,0,0,23,0,23,0,0,114,0,114,0,0,137,0,137,150,0,150,287
06/24/2002,TIW,WA,ANM,WE,Federal Contract Tower,0,2,39,0,41,0,2,131,0,133,0,4,170,0,174,124,0,124,298
06/25/2002,TIW,WA,ANM,WE,Federal Contract Tower,0,0,38,0,38,0,2,164,0,166,0,2,202,0,204,218,0,218,422
06/26/2002,TIW,WA,ANM,WE,Federal Contract Tower,0,0,22,0,22,0,0,115,0,115,0,0,137,0,137,159,0,159,296
06/27/2002,TIW,WA,ANM,WE,Federal Contract Tower,0,1,72,0,73,0,0,89,0,89,0,1,161,0,162,78,0,78,240
06/28/2002,TIW,WA,ANM,WE,Federal Contract Tower,0,0,49,0,49,0,2,31,0,33,0,2,80,0,82,0,0,0,82
06/29/2002,TIW,WA,ANM,WE,Federal Contract Tower,0,3,18,0,21,0,0,124,0,124,0,3,142,0,145,80,0,80,225
06/30/2002,TIW,WA,ANM,WE,Federal Contract Tower,0,0,13,0,13,0,0,68,0,68,0,0,81,0,81,88,0,88,169
07/01/2002,TIW,WA,ANM,WE,Federal Contract Tower,0,1,35,0,36,0,1,103,2,106,0,2,138,2,142,64,0,64,206
07/02/2002,TIW,WA,ANM,WE,Federal Contract Tower,0,2,39,1,42,0,0,88,3,91,0,2,127,4,133,96,0,96,229
07/03/2002,TIW,WA,ANM,WE,Federal Contract Tower,0,1,50,0,51,0,0,85,4,89,0,1,135,4,140,53,0,53,193
07/04/2002,TIW,WA,ANM,WE,Federal Contract Tower,0,0,15,0,15,0,0,52,2,54,0,0,67,2,69,36,0,36,105
07/05/2002,TIW,WA,ANM,WE,Federal Contract Tower,0,2,27,0,29,0,0,123,0,123,0,2,150,0,152,100,0,100,252
07/06/2002,TIW,WA,ANM,WE,Federal Contract Tower,0,0,10,0,10,0,0,156,2,158,0,0,166,2,168,110,0,110,278
07/07/2002,TIW,WA,ANM,WE,Federal Contract Tower,0,1,27,0,28,0,1,55,0,56,0,2,82,0,84,62,0,62,146
07/08/2002,TIW,WA,ANM,WE,Federal Contract Tower,0,1,26,0,27,0,3,112,2,117,0,4,138,2,144,132,2,134,278
07/09/2002,TIW,WA,ANM,WE,Federal Contract Tower,0,2,40,0,42,0,6,140,0,146,0,8,180,0,188,154,0,154,342
07/10/2002,TIW,WA,ANM,WE,Federal Contract Tower,0,0,24,0,24,0,0,192,0,192,0,0,216,0,216,162,0,162,378
07/11/2002,TIW,WA,ANM,WE,Federal Contract Tower,0,0,29,0,29,0,0,145,2,147,0,0,174,2,176,96,0,96,272
07/12/2002,TIW,WA,ANM,WE,Federal Contract Tower,0,0,0,0,0,0,2,200,0,202,0,2,200,0,202,130,0,130,332
07/13/2002,TIW,WA,ANM,WE,Federal Contract Tower,0,0,16,0,16,0,0,126,0,126,0,0,142,0,142,92,0,92,234
07/14/2002,TIW,WA,ANM,WE,Federal Contract Tower,0,0,25,0,25,0,0,81,0,81,0,0,106,0,106,164,0,164,270
07/15/2002,TIW,WA,ANM,WE,Federal Contract Tower,0,2,38,0,40,0,2,103,0,105,0,4,141,0,145,110,0,110,255
07/16/2002,TIW,WA,ANM,WE,Federal Contract Tower,0,1,49,0,50,0,15,114,4,133,0,16,163,4,183,144,0,144,327
07/17/2002,TIW,WA,ANM,WE,Federal Contract Tower,0,3,24,1,28,0,3,84,11,98,0,6,108,12,126,158,0,158,284
07/18/2002,TIW,WA,ANM,WE,Federal Contract Tower,0,0,55,0,55,0,0,92,2,94,0,0,147,2,149,114,0,114,263
07/19/2002,TIW,WA,ANM,WE,Federal Contract Tower,0,2,34,0,36,0,2,81,2,85,0,4,115,2,121,120,0,120,241
07/20/2002,TIW,WA,ANM,WE,Federal Contract Tower,0,0,23,0,23,0,0,150,2,152,0,0,173,2,175,138,2,140,315
07/21/2002,TIW,WA,ANM,WE,Federal Contract Tower,0,0,6,1,7,0,0,164,1,165,0,0,170,2,172,82,0,82,254
07/22/2002,TIW,WA,ANM,WE,Federal Contract Tower,0,0,27,0,27,0,2,105,0,107,0,2,132,0,134,102,0,102,236
07/23/2002,TIW,WA,ANM,WE,Federal Contract Tower,0,0,28,0,28,0,2,91,0,93,0,2,119,0,121,92,0,92,213
07/24/2002,TIW,WA,ANM,WE,Federal Contract Tower,0,0,28,1,29,0,0,85,1,86,0,0,113,2,115,91,0,91,206
07/25/2002,TIW,WA,ANM,WE,Federal Contract Tower,0,0,44,0,44,0,0,81,2,83,0,0,125,2,127,86,0,86,213
07/26/2002,TIW,WA,ANM,WE,Federal Contract Tower,0,6,33,0,39,0,2,27,0,29,0,8,60,0,68,32,0,32,100
07/27/2002,TIW,WA,ANM,WE,Federal Contract Tower,0,1,20,0,21,0,1,113,0,114,0,2,133,0,135,188,0,188,323
07/28/2002,TIW,WA,ANM,WE,Federal Contract Tower,0,3,25,0,28,0,1,40,0,41,0,4,65,0,69,66,0,66,135
07/29/2002,TIW,WA,ANM,WE,Federal Contract Tower,0,0,36,0,36,0,4,108,0,112,0,4,144,0,148,152,0,152,300
07/30/2002,TIW,WA,ANM,WE,Federal Contract Tower,0,0,44,0,44,0,0,80,2,82,0,0,124,2,126,32,0,32,158
07/31/2002,TIW,WA,ANM,WE,Federal Contract Tower,0,0,43,0,43,0,0,157,2,159,0,0,200,2,202,182,0,182,384
08/01/2002,TIW,WA,ANM,WE,Federal Contract Tower,0,1,45,0,46,0,1,121,4,126,0,2,166,4,172,72,0,72,244
08/02/2002,TIW,WA,ANM,WE,Federal Contract Tower,0,2,29,0,31,0,2,151,4,157,0,4,180,4,188,110,0,110,298
08/03/2002,TIW,WA,ANM,WE,Federal Contract Tower,0,0,9,0,9,0,0,107,0,107,0,0,116,0,116,114,0,114,230
08/04/2002,TIW,WA,ANM,WE,Federal Contract Tower,0,0,20,0,20,0,0,49,2,51,0,0,69,2,71,36,0,36,107
08/05/2002,TIW,WA,ANM,WE,Federal Contract Tower,0,1,32,0,33,0,1,93,0,94,0,2,125,0,127,154,0,154,281
08/06/2002,TIW,WA,ANM,WE,Federal Contract Tower,0,1,47,0,48,0,1,127,2,130,0,2,174,2,178,78,0,78,256
08/07/2002,TIW,WA,ANM,WE,Federal Contract Tower,0,2,42,0,44,0,0,168,2,170,0,2,210,2,214,207,0,207,421
08/08/2002,TIW,WA,ANM,WE,Federal Contract Tower,0,0,42,0,42,0,0,178,2,180,0,0,220,2,222,175,0,175,397
08/09/2002,TIW,WA,ANM,WE,Federal Contract Tower,0,0,22,0,22,0,2,198,0,200,0,2,220,0,222,170,0,170,392
08/10/2002,TIW,WA,ANM,WE,Federal Contract Tower,0,0,41,0,41,0,0,92,0,92,0,0,133,0,133,122,0,122,255
08/11/2002,TIW,WA,ANM,WE,Federal Contract Tower,0,0,14,0,14,0,0,142,4,146,0,0,156,4,160,102,0,102,262
08/12/2002,TIW,WA,ANM,WE,Federal Contract Tower,0,0,22,0,22,0,8,136,4,148,0,8,158,4,170,78,0,78,248
08/13/2002,TIW,WA,ANM,WE,Federal Contract Tower,0,1,24,1,26,0,0,151,0,151,0,1,175,1,177,204,0,204,381
08/14/2002,TIW,WA,ANM,WE,Federal Contract Tower,0,0,34,0,34,0,2,189,2,193,0,2,223,2,227,96,0,96,323
08/15/2002,TIW,WA,ANM,WE,Federal Contract Tower,0,1,33,0,34,0,0,159,0,159,0,1,192,0,193,138,0,138,331
08/16/2002,TIW,WA,ANM,WE,Federal Contract Tower,0,1,24,0,25,0,1,106,0,107,0,2,130,0,132,100,0,100,232
08/17/2002,TIW,WA,ANM,WE,Federal Contract Tower,0,0,16,0,16,0,0,131,0,131,0,0,147,0,147,180,0,180,327
08/18/2002,TIW,WA,ANM,WE,Federal Contract Tower,0,0,24,0,24,0,0,186,0,186,0,0,210,0,210,212,0,212,422
08/19/2002,TIW,WA,ANM,WE,Federal Contract Tower,0,1,34,0,35,0,1,129,4,134,0,2,163,4,169,102,0,102,271
08/20/2002,TIW,WA,ANM,WE,Federal Contract Tower,0,2,63,0,65,0,2,111,0,113,0,4,174,0,178,124,0,124,302
08/21/2002,TIW,WA,ANM,WE,Federal Contract Tower,0,0,42,0,42,0,0,118,0,118,0,0,160,0,160,190,0,190,350
08/22/2002,TIW,WA,ANM,WE,Federal Contract Tower,0,2,38,0,40,0,0,146,2,148,0,2,184,2,188,149,0,149,337
08/23/2002,TIW,WA,ANM,WE,Federal Contract Tower,0,0,24,0,24,0,2,206,2,210,0,2,230,2,234,210,0,210,444
08/24/2002,TIW,WA,ANM,WE,Federal Contract Tower,0,0,18,0,18,0,0,107,0,107,0,0,125,0,125,100,0,100,225
08/25/2002,TIW,WA,ANM,WE,Federal Contract Tower,0,0,30,0,30,0,0,86,0,86,0,0,116,0,116,142,0,142,258
08/26/2002,TIW,WA,ANM,WE,Federal Contract Tower,0,1,43,0,44,0,1,111,2,114,0,2,154,2,158,206,0,206,364
08/27/2002,TIW,WA,ANM,WE,Federal Contract Tower,0,0,22,0,22,0,4,138,0,142,0,4,160,0,164,136,0,136,300
08/28/2002,TIW,WA,ANM,WE,Federal Contract Tower,0,0,32,0,32,0,0,203,2,205,0,0,235,2,237,186,0,186,423
08/29/2002,TIW,WA,ANM,WE,Federal Contract Tower,0,0,29,0,29,0,0,108,4,112,0,0,137,4,141,104,0,104,245
08/30/2002,TIW,WA,ANM,WE,Federal Contract Tower,0,0,27,0,27,0,2,133,6,141,0,2,160,6,168,200,0,200,368
08/31/2002,TIW,WA,ANM,WE,Federal Contract Tower,0,2,16,0,18,0,0,163,2,165,0,2,179,2,183,154,0,154,337
09/01/2002,TIW,WA,ANM,WE,Federal Contract Tower,0,3,17,0,20,0,0,92,0,92,0,3,109,0,112,148,0,148,260
09/02/2002,TIW,WA,ANM,WE,Federal Contract Tower,0,0,17,0,17,0,0,156,0,156,0,0,173,0,173,144,0,144,317
09/03/2002,TIW,WA,ANM,WE,Federal Contract Tower,0,0,25,0,25,0,2,78,0,80,0,2,103,0,105,186,0,186,291
09/04/2002,TIW,WA,ANM,WE,Federal Contract Tower,0,2,26,0,28,0,0,170,0,170,0,2,196,0,198,252,0,252,450
09/05/2002,TIW,WA,ANM,WE,Federal Contract Tower,0,0,20,0,20,0,0,98,4,102,0,0,118,4,122,296,0,296,418
09/06/2002,TIW,WA,ANM,WE,Federal Contract Tower,0,0,24,0,24,0,4,98,2,104,0,4,122,2,128,320,0,320,448
09/07/2002,TIW,WA,ANM,WE,Federal Contract Tower,0,0,31,1,32,0,0,143,1,144,0,0,174,2,176,178,2,180,356
09/08/2002,TIW,WA,ANM,WE,Federal Contract Tower,0,0,26,0,26,0,0,68,0,68,0,0,94,0,94,132,0,132,226
09/09/2002,TIW,WA,ANM,WE,Federal Contract Tower,0,0,28,0,28,0,0,161,0,161,0,0,189,0,189,222,0,222,411
09/10/2002,TIW,WA,ANM,WE,Federal Contract Tower,0,0,49,0,49,0,1,150,2,153,0,1,199,2,202,223,0,223,425
09/11/2002,TIW,WA,ANM,WE,Federal Contract Tower,0,0,28,0,28,0,0,132,4,136,0,0,160,4,164,144,0,144,308
09/12/2002,TIW,WA,ANM,WE,Federal Contract Tower,0,0,27,0,27,0,0,134,6,140,0,0,161,6,167,181,0,181,348
09/13/2002,TIW,WA,ANM,WE,Federal Contract Tower,0,2,28,0,30,0,1,118,0,119,0,3,146,0,149,180,0,180,329
09/14/2002,TIW,WA,ANM,WE,Federal Contract Tower,0,0,23,0,23,0,0,163,2,165,0,0,186,2,188,226,0,226,414
09/15/2002,TIW,WA,ANM,WE,Federal Contract Tower,0,0,10,0,10,0,0,85,0,85,0,0,95,0,95,78,0,78,173
09/16/2002,TIW,WA,ANM,WE,Federal Contract Tower,0,1,23,0,24,0,1,46,0,47,0,2,69,0,71,78,0,78,149
09/17/2002,TIW,WA,ANM,WE,Federal Contract Tower,0,0,19,0,19,0,0,110,0,110,0,0,129,0,129,164,0,164,293
09/18/2002,TIW,WA,ANM,WE,Federal Contract Tower,0,0,26,0,26,0,2,89,0,91,0,2,115,0,117,190,0,190,307
09/19/2002,TIW,WA,ANM,WE,Federal Contract Tower,0,0,24,0,24,0,0,72,6,78,0,0,96,6,102,79,0,79,181
09/20/2002,TIW,WA,ANM,WE,Federal Contract Tower,0,0,23,0,23,0,2,152,4,158,0,2,175,4,181,180,0,180,361
09/21/2002,TIW,WA,ANM,WE,Federal Contract Tower,0,0,5,0,5,0,0,134,0,134,0,0,139,0,139,122,0,122,261
09/22/2002,TIW,WA,ANM,WE,Federal Contract Tower,0,0,23,0,23,0,0,137,0,137,0,0,160,0,160,116,0,116,276
09/23/2002,TIW,WA,ANM,WE,Federal Contract Tower,0,1,30,0,31,0,2,179,2,183,0,3,209,2,214,174,0,174,388
09/24/2002,TIW,WA,ANM,WE,Federal Contract Tower,0,0,22,0,22,0,0,123,2,125,0,0,145,2,147,222,1,223,370
09/25/2002,TIW,WA,ANM,WE,Federal Contract Tower,0,1,22,0,23,0,0,129,0,129,0,1,151,0,152,137,0,137,289
09/26/2002,TIW,WA,ANM,WE,Federal Contract Tower,0,0,47,0,47,0,1,110,0,111,0,1,157,0,158,157,0,157,315
09/27/2002,TIW,WA,ANM,WE,Federal Contract Tower,0,0,1,0,1,0,2,239,0,241,0,2,240,0,242,80,0,80,322
09/28/2002,TIW,WA,ANM,WE,Federal Contract Tower,0,0,23,0,23,0,0,171,0,171,0,0,194,0,194,162,0,162,356
09/29/2002,TIW,WA,ANM,WE,Federal Contract Tower,0,0,30,0,30,0,0,60,0,60,0,0,90,0,90,30,0,30,120
09/30/2002,TIW,WA,ANM,WE,Federal Contract Tower,0,1,29,0,30,0,3,79,0,82,0,4,108,0,112,102,0,102,214
10/01/2002,TIW,WA,ANM,WE,Federal Contract Tower,0,1,30,0,31,0,1,137,0,138,0,2,167,0,169,146,0,146,315
10/02/2002,TIW,WA,ANM,WE,Federal Contract Tower,0,4,24,0,28,0,0,96,0,96,0,4,120,0,124,200,0,200,324
10/03/2002,TIW,WA,ANM,WE,Federal Contract Tower,0,0,25,0,25,0,0,13,0,13,0,0,38,0,38,0,0,0,38
10/04/2002,TIW,WA,ANM,WE,Federal Contract Tower,0,3,36,0,39,0,0,94,0,94,0,3,130,0,133,144,0,144,277
10/05/2002,TIW,WA,ANM,WE,Federal Contract Tower,0,0,57,1,58,0,0,54,3,57,0,0,111,4,115,80,0,80,195
10/06/2002,TIW,WA,ANM,WE,Federal Contract Tower,0,0,27,0,27,0,1,128,0,129,0,1,155,0,156,278,0,278,434
10/07/2002,TIW,WA,ANM,WE,Federal Contract Tower,0,0,41,0,41,0,5,64,4,73,0,5,105,4,114,72,0,72,186
10/08/2002,TIW,WA,ANM,WE,Federal Contract Tower,0,0,21,0,21,0,1,45,0,46,0,1,66,0,67,88,0,88,155
10/09/2002,TIW,WA,ANM,WE,Federal Contract Tower,0,0,15,0,15,0,2,35,2,39,0,2,50,2,54,63,0,63,117
10/10/2002,TIW,WA,ANM,WE,Federal Contract Tower,0,0,8,0,8,0,0,75,6,81,0,0,83,6,89,108,0,108,197
10/11/2002,TIW,WA,ANM,WE,Federal Contract Tower,0,0,28,0,28,0,4,100,0,104,0,4,128,0,132,115,0,115,247
10/12/2002,TIW,WA,ANM,WE,Federal Contract Tower,0,0,16,0,16,0,0,136,0,136,0,0,152,0,152,98,0,98,250
10/13/2002,TIW,WA,ANM,WE,Federal Contract Tower,0,0,20,0,20,0,0,190,0,190,0,0,210,0,210,192,0,192,402
10/14/2002,TIW,WA,ANM,WE,Federal Contract Tower,0,0,20,0,20,0,0,81,0,81,0,0,101,0,101,180,0,180,281
10/15/2002,TIW,WA,ANM,WE,Federal Contract Tower,0,0,31,0,31,0,6,114,4,124,0,6,145,4,155,92,0,92,247
10/16/2002,TIW,WA,ANM,WE,Federal Contract Tower,0,0,14,0,14,0,0,146,2,148,0,0,160,2,162,160,0,160,322
10/17/2002,TIW,WA,ANM,WE,Federal Contract Tower,0,0,24,0,24,0,0,131,2,133,0,0,155,2,157,137,0,137,294
10/18/2002,TIW,WA,ANM,WE,Federal Contract Tower,0,1,26,0,27,0,1,39,0,40,0,2,65,0,67,40,0,40,107
10/19/2002,TIW,WA,ANM,WE,Federal Contract Tower,0,0,27,1,28,0,0,22,1,23,0,0,49,2,51,0,0,0,51
10/20/2002,TIW,WA,ANM,WE,Federal Contract Tower,0,0,19,0,19,0,0,23,0,23,0,0,42,0,42,36,0,36,78
10/21/2002,TIW,WA,ANM,WE,Federal Contract Tower,0,4,33,0,37,0,0,49,0,49,0,4,82,0,86,42,0,42,128
10/22/2002,TIW,WA,ANM,WE,Federal Contract Tower,0,0,37,0,37,0,0,89,0,89,0,0,126,0,126,171,0,171,297
10/23/2002,TIW,WA,ANM,WE,Federal Contract Tower,0,1,18,1,20,0,1,95,1,97,0,2,113,2,117,75,0,75,192
10/24/2002,TIW,WA,ANM,WE,Federal Contract Tower,0,0,23,0,23,0,0,52,0,52,0,0,75,0,75,37,0,37,112
10/25/2002,TIW,WA,ANM,WE,Federal Contract Tower,0,4,64,1,69,0,1,3,1,5,0,5,67,2,74,0,0,0,74
10/26/2002,TIW,WA,ANM,WE,Federal Contract Tower,0,0,25,0,25,0,0,6,0,6,0,0,31,0,31,0,0,0,31
10/27/2002,TIW,WA,ANM,WE,Federal Contract Tower,0,0,16,1,17,0,3,60,1,64,0,3,76,2,81,90,0,90,171
10/28/2002,TIW,WA,ANM,WE,Federal Contract Tower,0,1,36,0,37,0,1,82,0,83,0,2,118,0,120,138,0,138,258
10/29/2002,TIW,WA,ANM,WE,Federal Contract Tower,0,0,27,2,29,0,0,100,4,104,0,0,127,6,133,112,0,112,245
10/30/2002,TIW,WA,ANM,WE,Federal Contract Tower,0,0,24,2,26,0,0,138,4,142,0,0,162,6,168,110,0,110,278
10/31/2002,TIW,WA,ANM,WE,Federal Contract Tower,0,0,31,1,32,0,1,144,1,146,0,1,175,2,178,175,0,175,353
11/01/2002,TIW,WA,ANM,WE,Federal Contract Tower,0,0,0,0,0,0,2,155,0,157,0,2,155,0,157,140,0,140,297
11/02/2002,TIW,WA,ANM,WE,Federal Contract Tower,0,0,17,0,17,0,0,141,4,145,0,0,158,4,162,160,0,160,322
11/03/2002,TIW,WA,ANM,WE,Federal Contract Tower,0,0,25,1,26,0,1,195,1,197,0,1,220,2,223,120,0,120,343
11/04/2002,TIW,WA,ANM,WE,Federal Contract Tower,0,3,31,0,34,0,1,99,0,100,0,4,130,0,134,50,0,50,184
11/05/2002,TIW,WA,ANM,WE,Federal Contract Tower,0,0,23,0,23,0,0,81,0,81,0,0,104,0,104,174,0,174,278
11/06/2002,TIW,WA,ANM,WE,Federal Contract Tower,0,0,28,0,28,0,0,12,0,12,0,0,40,0,40,12,0,12,52
11/07/2002,TIW,WA,ANM,WE,Federal Contract Tower,0,0,20,0,20,0,1,55,2,58,0,1,75,2,78,60,0,60,138
11/08/2002,TIW,WA,ANM,WE,Federal Contract Tower,0,1,19,0,20,0,1,51,2,54,0,2,70,2,74,44,0,44,118
11/09/2002,TIW,WA,ANM,WE,Federal Contract Tower,0,0,15,0,15,0,0,84,0,84,0,0,99,0,99,36,0,36,135
11/10/2002,TIW,WA,ANM,WE,Federal Contract Tower,0,1,28,0,29,0,0,74,0,74,0,1,102,0,103,120,0,120,223
11/11/2002,TIW,WA,ANM,WE,Federal Contract Tower,0,0,26,0,26,0,0,78,0,78,0,0,104,0,104,132,0,132,236
11/12/2002,TIW,WA,ANM,WE,Federal Contract Tower,0,3,10,0,13,0,1,35,2,38,0,4,45,2,51,22,0,22,73
11/13/2002,TIW,WA,ANM,WE,Federal Contract Tower,0,0,32,2,34,0,0,65,2,67,0,0,97,4,101,133,0,133,234
11/14/2002,TIW,WA,ANM,WE,Federal Contract Tower,0,0,25,0,25,0,0,92,0,92,0,0,117,0,117,72,0,72,189
11/15/2002,TIW,WA,ANM,WE,Federal Contract Tower,0,1,33,1,35,0,1,107,1,109,0,2,140,2,144,140,0,140,284
11/16/2002,TIW,WA,ANM,WE,Federal Contract Tower,0,0,11,0,11,0,0,22,2,24,0,0,33,2,35,8,0,8,43
11/17/2002,TIW,WA,ANM,WE,Federal Contract Tower,0,0,30,0,30,0,0,110,0,110,0,0,140,0,140,102,0,102,242
11/18/2002,TIW,WA,ANM,WE,Federal Contract Tower,0,4,22,0,26,0,0,22,6,28,0,4,44,6,54,6,0,6,60
11/19/2002,TIW,WA,ANM,WE,Federal Contract Tower,0,1,31,3,35,0,0,25,5,30,0,1,56,8,65,18,0,18,83
11/20/2002,TIW,WA,ANM,WE,Federal Contract Tower,0,0,22,0,22,0,0,79,0,79,0,0,101,0,101,115,0,115,216
11/21/2002,TIW,WA,ANM,WE,Federal Contract Tower,0,0,45,1,46,0,0,57,1,58,0,0,102,2,104,71,0,71,175
11/22/2002,TIW,WA,ANM,WE,Federal Contract Tower,0,4,37,2,43,0,0,0,2,2,0,4,37,4,45,0,0,0,45
11/23/2002,TIW,WA,ANM,WE,Federal Contract Tower,0,0,49,0,49,0,0,45,0,45,0,0,94,0,94,82,0,82,176
11/24/2002,TIW,WA,ANM,WE,Federal Contract Tower,0,0,24,0,24,0,0,66,0,66,0,0,90,0,90,112,0,112,202
11/25/2002,TIW,WA,ANM,WE,Federal Contract Tower,0,0,28,0,28,0,2,51,0,53,0,2,79,0,81,70,0,70,151
11/26/2002,TIW,WA,ANM,WE,Federal Contract Tower,0,0,27,1,28,0,0,136,3,139,0,0,163,4,167,102,0,102,269
11/27/2002,TIW,WA,ANM,WE,Federal Contract Tower,0,0,25,0,25,0,0,87,0,87,0,0,112,0,112,118,0,118,230
11/28/2002,TIW,WA,ANM,WE,Federal Contract Tower,0,0,0,0,0,0,0,0,0,0,0,0,0,0,0,0,0,0,0
11/29/2002,TIW,WA,ANM,WE,Federal Contract Tower,0,0,6,0,6,0,0,2,0,2,0,0,8,0,8,0,0,0,8
11/30/2002,TIW,WA,ANM,WE,Federal Contract Tower,0,0,8,0,8,0,0,0,0,0,0,0,8,0,8,0,0,0,8
12/01/2002,TIW,WA,ANM,WE,Federal Contract Tower,0,2,18,0,20,0,0,137,0,137,0,2,155,0,157,0,0,0,157
12/02/2002,TIW,WA,ANM,WE,Federal Contract Tower,0,3,31,0,34,0,0,16,2,18,0,3,47,2,52,22,0,22,74
12/03/2002,TIW,WA,ANM,WE,Federal Contract Tower,0,0,27,0,27,0,0,61,4,65,0,0,88,4,92,50,0,50,142
12/04/2002,TIW,WA,ANM,WE,Federal Contract Tower,0,0,17,0,17,0,0,22,0,22,0,0,39,0,39,0,0,0,39
12/05/2002,TIW,WA,ANM,WE,Federal Contract Tower,0,0,34,0,34,0,0,76,0,76,0,0,110,0,110,96,0,96,206
12/06/2002,TIW,WA,ANM,WE,Federal Contract Tower,0,0,13,0,13,0,2,107,4,113,0,2,120,4,126,70,0,70,196
12/07/2002,TIW,WA,ANM,WE,Federal Contract Tower,0,0,10,0,10,0,0,5,0,5,0,0,15,0,15,0,0,0,15
12/08/2002,TIW,WA,ANM,WE,Federal Contract Tower,0,0,18,0,18,0,2,83,0,85,0,2,101,0,103,90,0,90,193
12/09/2002,TIW,WA,ANM,WE,Federal Contract Tower,0,1,26,0,27,0,1,69,0,70,0,2,95,0,97,32,0,32,129
12/10/2002,TIW,WA,ANM,WE,Federal Contract Tower,0,0,22,3,25,0,0,25,4,29,0,0,47,7,54,8,0,8,62
12/11/2002,TIW,WA,ANM,WE,Federal Contract Tower,0,0,26,1,27,0,0,22,3,25,0,0,48,4,52,8,0,8,60
12/12/2002,TIW,WA,ANM,WE,Federal Contract Tower,0,0,0,0,0,0,0,44,2,46,0,0,44,2,46,14,0,14,60
12/13/2002,TIW,WA,ANM,WE,Federal Contract Tower,0,1,33,0,34,0,1,82,0,83,0,2,115,0,117,64,0,64,181
12/14/2002,TIW,WA,ANM,WE,Federal Contract Tower,0,0,8,0,8,0,0,12,0,12,0,0,20,0,20,10,0,10,30
12/15/2002,TIW,WA,ANM,WE,Federal Contract Tower,0,0,0,0,0,0,0,73,0,73,0,0,73,0,73,102,0,102,175
12/16/2002,TIW,WA,ANM,WE,Federal Contract Tower,0,4,17,0,21,0,3,13,0,16,0,7,30,0,37,14,0,14,51
12/17/2002,TIW,WA,ANM,WE,Federal Contract Tower,0,0,23,0,23,0,0,10,2,12,0,0,33,2,35,0,0,0,35
12/18/2002,TIW,WA,ANM,WE,Federal Contract Tower,0,1,27,0,28,0,1,68,2,71,0,2,95,2,99,106,0,106,205
12/19/2002,TIW,WA,ANM,WE,Federal Contract Tower,0,1,15,0,16,0,0,67,0,67,0,1,82,0,83,88,0,88,171
12/20/2002,TIW,WA,ANM,WE,Federal Contract Tower,0,1,22,0,23,0,3,131,0,134,0,4,153,0,157,84,0,84,241
12/21/2002,TIW,WA,ANM,WE,Federal Contract Tower,0,0,16,0,16,0,0,162,2,164,0,0,178,2,180,104,0,104,284
12/22/2002,TIW,WA,ANM,WE,Federal Contract Tower,0,0,16,0,16,0,0,82,0,82,0,0,98,0,98,162,0,162,260
12/23/2002,TIW,WA,ANM,WE,Federal Contract Tower,0,1,20,0,21,0,1,95,0,96,0,2,115,0,117,76,0,76,193
12/24/2002,TIW,WA,ANM,WE,Federal Contract Tower,0,3,3,0,6,0,1,11,0,12,0,4,14,0,18,2,0,2,20
12/25/2002,TIW,WA,ANM,WE,Federal Contract Tower,0,2,0,0,2,0,0,3,0,3,0,2,3,0,5,0,0,0,5
12/26/2002,TIW,WA,ANM,WE,Federal Contract Tower,0,1,23,2,26,0,0,91,2,93,0,1,114,4,119,50,0,50,169
12/27/2002,TIW,WA,ANM,WE,Federal Contract Tower,0,2,0,0,2,0,0,4,2,6,0,2,4,2,8,0,0,0,8
12/28/2002,TIW,WA,ANM,WE,Federal Contract Tower,0,0,20,0,20,0,0,12,0,12,0,0,32,0,32,2,0,2,34
12/29/2002,TIW,WA,ANM,WE,Federal Contract Tower,0,0,20,0,20,0,0,213,0,213,0,0,233,0,233,124,0,124,357
12/30/2002,TIW,WA,ANM,WE,Federal Contract Tower,0,2,26,0,28,0,1,67,4,72,0,3,93,4,100,122,2,124,224
12/31/2002,TIW,WA,ANM,WE,Federal Contract Tower,0,0,26,0,26,0,0,85,0,85,0,0,111,0,111,76,0,76,187
01/01/2003,TIW,WA,ANM,WE,Federal Contract Tower,0,0,1,0,1,0,0,1,0,1,0,0,2,0,2,0,0,0,2
01/02/2003,TIW,WA,ANM,WE,Federal Contract Tower,0,0,9,0,9,0,0,61,0,61,0,0,70,0,70,91,0,91,161
01/03/2003,TIW,WA,ANM,WE,Federal Contract Tower,0,1,15,0,16,0,1,66,2,69,0,2,81,2,85,78,0,78,163
01/04/2003,TIW,WA,ANM,WE,Federal Contract Tower,0,0,16,0,16,0,0,28,0,28,0,0,44,0,44,8,0,8,52
01/05/2003,TIW,WA,ANM,WE,Federal Contract Tower,0,2,37,1,40,0,0,202,3,205,0,2,239,4,245,142,2,144,389
01/06/2003,TIW,WA,ANM,WE,Federal Contract Tower,0,0,14,0,14,0,0,6,0,6,0,0,20,0,20,0,0,0,20
01/07/2003,TIW,WA,ANM,WE,Federal Contract Tower,0,0,16,0,16,0,2,252,10,264,0,2,268,10,280,146,0,146,426
01/08/2003,TIW,WA,ANM,WE,Federal Contract Tower,0,1,18,0,19,0,4,152,0,156,0,5,170,0,175,130,0,130,305
01/09/2003,TIW,WA,ANM,WE,Federal Contract Tower,0,0,41,0,41,0,1,131,2,134,0,1,172,2,175,135,0,135,310
01/10/2003,TIW,WA,ANM,WE,Federal Contract Tower,0,0,27,0,27,0,2,163,0,165,0,2,190,0,192,130,0,130,322
01/11/2003,TIW,WA,ANM,WE,Federal Contract Tower,0,0,34,0,34,0,0,167,0,167,0,0,201,0,201,124,0,124,325
01/12/2003,TIW,WA,ANM,WE,Federal Contract Tower,0,0,29,0,29,0,0,52,0,52,0,0,81,0,81,16,0,16,97
01/13/2003,TIW,WA,ANM,WE,Federal Contract Tower,0,1,10,0,11,0,1,10,0,11,0,2,20,0,22,0,0,0,22
01/14/2003,TIW,WA,ANM,WE,Federal Contract Tower,0,0,30,0,30,0,1,87,0,88,0,1,117,0,118,70,0,70,188
01/15/2003,TIW,WA,ANM,WE,Federal Contract Tower,0,3,17,1,21,0,2,17,1,20,0,5,34,2,41,9,1,10,51
01/16/2003,TIW,WA,ANM,WE,Federal Contract Tower,0,2,30,0,32,0,0,56,0,56,0,2,86,0,88,90,0,90,178
01/17/2003,TIW,WA,ANM,WE,Federal Contract Tower,0,0,41,0,41,0,2,133,2,137,0,2,174,2,178,120,0,120,298
01/18/2003,TIW,WA,ANM,WE,Federal Contract Tower,0,5,37,0,42,0,0,160,2,162,0,5,197,2,204,134,0,134,338
01/19/2003,TIW,WA,ANM,WE,Federal Contract Tower,0,0,38,1,39,0,0,40,1,41,0,0,78,2,80,0,0,0,80
01/20/2003,TIW,WA,ANM,WE,Federal Contract Tower,0,2,28,1,31,0,0,21,5,26,0,2,49,6,57,4,0,4,61
01/21/2003,TIW,WA,ANM,WE,Federal Contract Tower,0,5,13,0,18,0,0,10,0,10,0,5,23,0,28,2,0,2,30
01/22/2003,TIW,WA,ANM,WE,Federal Contract Tower,0,0,21,0,21,0,0,13,0,13,0,0,34,0,34,0,0,0,34
01/23/2003,TIW,WA,ANM,WE,Federal Contract Tower,0,1,33,0,34,0,0,107,2,109,0,1,140,2,143,82,0,82,225
01/24/2003,TIW,WA,ANM,WE,Federal Contract Tower,0,2,8,0,10,0,0,92,0,92,0,2,100,0,102,24,0,24,126
01/25/2003,TIW,WA,ANM,WE,Federal Contract Tower,0,0,48,0,48,0,0,32,0,32,0,0,80,0,80,18,0,18,98
01/26/2003,TIW,WA,ANM,WE,Federal Contract Tower,0,4,4,0,8,0,0,23,0,23,0,4,27,0,31,8,0,8,39
01/27/2003,TIW,WA,ANM,WE,Federal Contract Tower,0,1,33,0,34,0,1,87,0,88,0,2,120,0,122,32,0,32,154
01/28/2003,TIW,WA,ANM,WE,Federal Contract Tower,0,0,39,0,39,0,0,135,6,141,0,0,174,6,180,118,2,120,300
01/29/2003,TIW,WA,ANM,WE,Federal Contract Tower,0,0,42,0,42,0,0,43,2,45,0,0,85,2,87,30,0,30,117
01/30/2003,TIW,WA,ANM,WE,Federal Contract Tower,0,5,32,0,37,0,0,32,0,32,0,5,64,0,69,8,0,8,77
01/31/2003,TIW,WA,ANM,WE,Federal Contract Tower,0,1,28,0,29,0,1,36,2,39,0,2,64,2,68,30,0,30,98
02/01/2003,TIW,WA,ANM,WE,Federal Contract Tower,0,1,22,0,23,0,1,129,0,130,0,2,151,0,153,102,0,102,255
02/02/2003,TIW,WA,ANM,WE,Federal Contract Tower,0,0,36,0,36,0,0,72,0,72,0,0,108,0,108,58,0,58,166
02/03/2003,TIW,WA,ANM,WE,Federal Contract Tower,0,1,31,0,32,0,1,89,0,90,0,2,120,0,122,58,0,58,180
02/04/2003,TIW,WA,ANM,WE,Federal Contract Tower,0,0,43,0,43,0,0,150,4,154,0,0,193,4,197,118,0,118,315
02/05/2003,TIW,WA,ANM,WE,Federal Contract Tower,0,0,51,0,51,0,0,69,0,69,0,0,120,0,120,75,0,75,195
02/06/2003,TIW,WA,ANM,WE,Federal Contract Tower,0,2,21,0,23,0,0,79,0,79,0,2,100,0,102,97,0,97,199
02/07/2003,TIW,WA,ANM,WE,Federal Contract Tower,0,0,43,0,43,0,2,6,0,8,0,2,49,0,51,0,0,0,51
02/08/2003,TIW,WA,ANM,WE,Federal Contract Tower,0,1,42,0,43,0,0,26,0,26,0,1,68,0,69,0,0,0,69
02/09/2003,TIW,WA,ANM,WE,Federal Contract Tower,0,0,12,0,12,0,0,38,8,46,0,0,50,8,58,22,0,22,80
02/10/2003,TIW,WA,ANM,WE,Federal Contract Tower,0,1,52,0,53,0,1,69,0,70,0,2,121,0,123,68,0,68,191
02/11/2003,TIW,WA,ANM,WE,Federal Contract Tower,0,2,20,0,22,0,0,175,4,179,0,2,195,4,201,120,0,120,321
02/12/2003,TIW,WA,ANM,WE,Federal Contract Tower,0,0,43,0,43,0,0,85,3,88,0,0,128,3,131,64,0,64,195
02/13/2003,TIW,WA,ANM,WE,Federal Contract Tower,0,0,28,1,29,0,0,72,0,72,0,0,100,1,101,95,0,95,196
02/14/2003,TIW,WA,ANM,WE,Federal Contract Tower,0,1,35,0,36,0,1,97,0,98,0,2,132,0,134,76,0,76,210
02/15/2003,TIW,WA,ANM,WE,Federal Contract Tower,0,0,30,0,30,0,4,93,0,97,0,4,123,0,127,92,0,92,219
02/16/2003,TIW,WA,ANM,WE,Federal Contract Tower,0,0,10,0,10,0,0,25,0,25,0,0,35,0,35,28,0,28,63
02/17/2003,TIW,WA,ANM,WE,Federal Contract Tower,0,0,23,0,23,0,2,88,0,90,0,2,111,0,113,104,0,104,217
02/18/2003,TIW,WA,ANM,WE,Federal Contract Tower,0,1,27,0,28,0,1,59,10,70,0,2,86,10,98,60,0,60,158
02/19/2003,TIW,WA,ANM,WE,Federal Contract Tower,0,3,36,0,39,0,0,48,0,48,0,3,84,0,87,24,0,24,111
02/20/2003,TIW,WA,ANM,WE,Federal Contract Tower,0,0,9,0,9,0,0,3,0,3,0,0,12,0,12,0,0,0,12
02/21/2003,TIW,WA,ANM,WE,Federal Contract Tower,0,1,15,0,16,0,1,15,0,16,0,2,30,0,32,10,0,10,42
02/22/2003,TIW,WA,ANM,WE,Federal Contract Tower,0,0,16,0,16,0,0,108,0,108,0,0,124,0,124,88,0,88,212
02/23/2003,TIW,WA,ANM,WE,Federal Contract Tower,0,0,23,0,23,0,0,151,0,151,0,0,174,0,174,144,0,144,318
02/24/2003,TIW,WA,ANM,WE,Federal Contract Tower,0,1,15,0,16,0,1,199,0,200,0,2,214,0,216,118,0,118,334
02/25/2003,TIW,WA,ANM,WE,Federal Contract Tower,0,0,39,0,39,0,0,241,0,241,0,0,280,0,280,144,0,144,424
02/26/2003,TIW,WA,ANM,WE,Federal Contract Tower,0,0,48,0,48,0,0,142,0,142,0,0,190,0,190,115,0,115,305
02/27/2003,TIW,WA,ANM,WE,Federal Contract Tower,0,0,25,0,25,0,0,105,0,105,0,0,130,0,130,91,0,91,221
02/28/2003,TIW,WA,ANM,WE,Federal Contract Tower,0,1,38,0,39,0,1,36,0,37,0,2,74,0,76,16,0,16,92
03/01/2003,TIW,WA,ANM,WE,Federal Contract Tower,0,0,31,0,31,0,0,235,0,235,0,0,266,0,266,150,0,150,416
03/02/2003,TIW,WA,ANM,WE,Federal Contract Tower,0,0,11,0,11,0,0,6,0,6,0,0,17,0,17,12,0,12,29
03/03/2003,TIW,WA,ANM,WE,Federal Contract Tower,0,1,12,0,13,0,1,120,0,121,0,2,132,0,134,146,0,146,280
03/04/2003,TIW,WA,ANM,WE,Federal Contract Tower,0,4,34,0,38,0,0,106,0,106,0,4,140,0,144,102,0,102,246
03/05/2003,TIW,WA,ANM,WE,Federal Contract Tower,0,0,6,0,6,0,0,5,0,5,0,0,11,0,11,0,0,0,11
03/06/2003,TIW,WA,ANM,WE,Federal Contract Tower,0,1,11,0,12,0,0,11,0,11,0,1,22,0,23,0,0,0,23
03/07/2003,TIW,WA,ANM,WE,Federal Contract Tower,0,1,40,0,41,0,3,15,0,18,0,4,55,0,59,20,0,20,79
03/08/2003,TIW,WA,ANM,WE,Federal Contract Tower,0,0,14,0,14,0,0,13,0,13,0,0,27,0,27,4,0,4,31
03/09/2003,TIW,WA,ANM,WE,Federal Contract Tower,0,0,13,0,13,0,0,5,0,5,0,0,18,0,18,0,0,0,18
03/10/2003,TIW,WA,ANM,WE,Federal Contract Tower,0,2,29,0,31,0,0,17,0,17,0,2,46,0,48,0,0,0,48
03/11/2003,TIW,WA,ANM,WE,Federal Contract Tower,0,1,30,0,31,0,1,38,0,39,0,2,68,0,70,28,0,28,98
03/12/2003,TIW,WA,ANM,WE,Federal Contract Tower,0,0,26,0,26,0,0,38,0,38,0,0,64,0,64,18,0,18,82
03/13/2003,TIW,WA,ANM,WE,Federal Contract Tower,0,0,12,0,12,0,1,17,0,18,0,1,29,0,30,4,0,4,34
03/14/2003,TIW,WA,ANM,WE,Federal Contract Tower,0,3,37,0,40,0,1,98,0,99,0,4,135,0,139,36,0,36,175
03/15/2003,TIW,WA,ANM,WE,Federal Contract Tower,0,0,25,0,25,0,0,81,0,81,0,0,106,0,106,100,0,100,206
03/16/2003,TIW,WA,ANM,WE,Federal Contract Tower,0,0,32,0,32,0,0,140,0,140,0,0,172,0,172,70,0,70,242
03/17/2003,TIW,WA,ANM,WE,Federal Contract Tower,0,3,36,0,39,0,2,222,4,228,0,5,258,4,267,82,0,82,349
03/18/2003,TIW,WA,ANM,WE,Federal Contract Tower,0,0,35,0,35,0,0,99,6,105,0,0,134,6,140,74,0,74,214
03/19/2003,TIW,WA,ANM,WE,Federal Contract Tower,0,0,41,0,41,0,0,61,0,61,0,0,102,0,102,40,0,40,142
03/20/2003,TIW,WA,ANM,WE,Federal Contract Tower,0,1,35,0,36,0,0,42,4,46,0,1,77,4,82,5,0,5,87
03/21/2003,TIW,WA,ANM,WE,Federal Contract Tower,0,1,38,0,39,0,1,26,0,27,0,2,64,0,66,16,1,17,83
03/22/2003,TIW,WA,ANM,WE,Federal Contract Tower,0,0,11,0,11,0,0,65,0,65,0,0,76,0,76,74,0,74,150
03/23/2003,TIW,WA,ANM,WE,Federal Contract Tower,0,0,20,0,20,0,0,82,2,84,0,0,102,2,104,74,0,74,178
03/24/2003,TIW,WA,ANM,WE,Federal Contract Tower,0,1,38,0,39,0,1,201,2,204,0,2,239,2,243,118,2,120,363
03/25/2003,TIW,WA,ANM,WE,Federal Contract Tower,0,0,37,1,38,0,2,97,7,106,0,2,134,8,144,64,2,66,210
03/26/2003,TIW,WA,ANM,WE,Federal Contract Tower,0,0,36,1,37,0,0,74,1,75,0,0,110,2,112,42,0,42,154
03/27/2003,TIW,WA,ANM,WE,Federal Contract Tower,0,1,34,2,37,0,0,106,2,108,0,1,140,4,145,92,0,92,237
03/28/2003,TIW,WA,ANM,WE,Federal Contract Tower,0,6,41,0,47,0,8,85,0,93,0,14,126,0,140,94,0,94,234
03/29/2003,TIW,WA,ANM,WE,Federal Contract Tower,0,0,28,0,28,0,2,289,0,291,0,2,317,0,319,124,0,124,443
03/30/2003,TIW,WA,ANM,WE,Federal Contract Tower,0,0,10,0,10,0,0,111,0,111,0,0,121,0,121,78,0,78,199
03/31/2003,TIW,WA,ANM,WE,Federal Contract Tower,0,5,26,0,31,0,9,54,0,63,0,14,80,0,94,80,0,80,174
04/01/2003,TIW,WA,ANM,WE,Federal Contract Tower,0,2,35,0,37,0,7,71,0,78,0,9,106,0,115,94,0,94,209
04/02/2003,TIW,WA,ANM,WE,Federal Contract Tower,0,3,27,0,30,0,7,53,3,63,0,10,80,3,93,55,1,56,149
04/03/2003,TIW,WA,ANM,WE,Federal Contract Tower,0,5,0,0,5,0,4,30,0,34,0,9,30,0,39,26,1,27,66
04/04/2003,TIW,WA,ANM,WE,Federal Contract Tower,0,6,37,0,43,0,6,83,2,91,0,12,120,2,134,100,0,100,234
04/05/2003,TIW,WA,ANM,WE,Federal Contract Tower,0,2,11,0,13,0,0,42,0,42,0,2,53,0,55,22,0,22,77
04/06/2003,TIW,WA,ANM,WE,Federal Contract Tower,0,1,33,0,34,0,1,49,0,50,0,2,82,0,84,54,0,54,138
04/07/2003,TIW,WA,ANM,WE,Federal Contract Tower,0,4,12,1,17,0,3,18,1,22,0,7,30,2,39,38,0,38,77
04/08/2003,TIW,WA,ANM,WE,Federal Contract Tower,0,1,19,0,20,0,2,83,2,87,0,3,102,2,107,144,0,144,251
04/09/2003,TIW,WA,ANM,WE,Federal Contract Tower,0,0,51,0,51,0,0,124,0,124,0,0,175,0,175,80,0,80,255
04/10/2003,TIW,WA,ANM,WE,Federal Contract Tower,0,0,33,0,33,0,0,72,0,72,0,0,105,0,105,90,0,90,195
04/11/2003,TIW,WA,ANM,WE,Federal Contract Tower,0,1,41,0,42,0,1,101,4,106,0,2,142,4,148,114,0,114,262
04/12/2003,TIW,WA,ANM,WE,Federal Contract Tower,0,2,45,0,47,0,0,109,0,109,0,2,154,0,156,104,0,104,260
04/13/2003,TIW,WA,ANM,WE,Federal Contract Tower,0,0,11,0,11,0,0,55,0,55,0,0,66,0,66,94,0,94,160
04/14/2003,TIW,WA,ANM,WE,Federal Contract Tower,0,1,32,0,33,0,3,70,0,73,0,4,102,0,106,54,0,54,160
04/15/2003,TIW,WA,ANM,WE,Federal Contract Tower,0,0,28,0,28,0,0,154,4,158,0,0,182,4,186,142,0,142,328
04/16/2003,TIW,WA,ANM,WE,Federal Contract Tower,0,0,43,0,43,0,0,107,0,107,0,0,150,0,150,145,0,145,295
04/17/2003,TIW,WA,ANM,WE,Federal Contract Tower,0,2,28,0,30,0,0,77,4,81,0,2,105,4,111,75,0,75,186
04/18/2003,TIW,WA,ANM,WE,Federal Contract Tower,0,2,26,0,28,0,1,89,0,90,0,3,115,0,118,90,0,90,208
04/19/2003,TIW,WA,ANM,WE,Federal Contract Tower,0,0,14,0,14,0,0,173,0,173,0,0,187,0,187,174,0,174,361
04/20/2003,TIW,WA,ANM,WE,Federal Contract Tower,0,0,11,0,11,0,0,66,0,66,0,0,77,0,77,58,0,58,135
04/21/2003,TIW,WA,ANM,WE,Federal Contract Tower,0,5,22,0,27,0,1,9,0,10,0,6,31,0,37,0,0,0,37
04/22/2003,TIW,WA,ANM,WE,Federal Contract Tower,0,0,25,0,25,0,0,98,4,102,0,0,123,4,127,110,1,111,238
04/23/2003,TIW,WA,ANM,WE,Federal Contract Tower,0,0,32,0,32,0,0,8,4,12,0,0,40,4,44,15,0,15,59
04/24/2003,TIW,WA,ANM,WE,Federal Contract Tower,0,0,19,0,19,0,0,56,2,58,0,0,75,2,77,70,0,70,147
04/25/2003,TIW,WA,ANM,WE,Federal Contract Tower,0,0,26,0,26,0,2,107,0,109,0,2,133,0,135,84,0,84,219
04/26/2003,TIW,WA,ANM,WE,Federal Contract Tower,0,0,33,0,33,0,0,85,0,85,0,0,118,0,118,112,0,112,230
04/27/2003,TIW,WA,ANM,WE,Federal Contract Tower,0,0,27,0,27,0,0,288,0,288,0,0,315,0,315,102,0,102,417
04/28/2003,TIW,WA,ANM,WE,Federal Contract Tower,0,2,26,0,28,0,1,116,0,117,0,3,142,0,145,70,0,70,215
04/29/2003,TIW,WA,ANM,WE,Federal Contract Tower,0,0,36,0,36,0,2,207,0,209,0,2,243,0,245,178,0,178,423
04/30/2003,TIW,WA,ANM,WE,Federal Contract Tower,0,0,55,0,55,0,0,125,2,127,0,0,180,2,182,95,0,95,277
05/01/2003,TIW,WA,ANM,WE,Federal Contract Tower,0,2,32,0,34,0,1,128,0,129,0,3,160,0,163,170,0,170,333
05/02/2003,TIW,WA,ANM,WE,Federal Contract Tower,0,0,16,0,16,0,2,84,0,86,0,2,100,0,102,70,0,70,172
05/03/2003,TIW,WA,ANM,WE,Federal Contract Tower,0,2,25,0,27,0,2,109,0,111,0,4,134,0,138,162,0,162,300
05/04/2003,TIW,WA,ANM,WE,Federal Contract Tower,0,2,11,0,13,0,0,28,6,34,0,2,39,6,47,28,0,28,75
05/05/2003,TIW,WA,ANM,WE,Federal Contract Tower,0,1,19,1,21,0,1,79,1,81,0,2,98,2,102,90,0,90,192
05/06/2003,TIW,WA,ANM,WE,Federal Contract Tower,0,0,24,0,24,0,2,112,0,114,0,2,136,0,138,58,0,58,196
05/07/2003,TIW,WA,ANM,WE,Federal Contract Tower,0,0,39,0,39,0,0,111,0,111,0,0,150,0,150,85,0,85,235
05/08/2003,TIW,WA,ANM,WE,Federal Contract Tower,0,0,43,0,43,0,1,152,2,155,0,1,195,2,198,130,0,130,328
05/09/2003,TIW,WA,ANM,WE,Federal Contract Tower,0,0,40,0,40,0,4,120,4,128,0,4,160,4,168,85,0,85,253
05/10/2003,TIW,WA,ANM,WE,Federal Contract Tower,0,0,33,0,33,0,0,144,2,146,0,0,177,2,179,102,0,102,281
05/11/2003,TIW,WA,ANM,WE,Federal Contract Tower,0,0,21,0,21,0,0,38,0,38,0,0,59,0,59,60,0,60,119
05/12/2003,TIW,WA,ANM,WE,Federal Contract Tower,0,1,19,0,20,0,1,62,0,63,0,2,81,0,83,100,0,100,183
05/13/2003,TIW,WA,ANM,WE,Federal Contract Tower,0,5,33,0,38,0,0,157,0,157,0,5,190,0,195,70,0,70,265
05/14/2003,TIW,WA,ANM,WE,Federal Contract Tower,0,1,25,0,26,0,1,47,0,48,0,2,72,0,74,43,0,43,117
05/15/2003,TIW,WA,ANM,WE,Federal Contract Tower,0,0,29,0,29,0,0,61,0,61,0,0,90,0,90,40,0,40,130
05/16/2003,TIW,WA,ANM,WE,Federal Contract Tower,0,3,37,0,40,0,1,78,0,79,0,4,115,0,119,36,0,36,155
05/17/2003,TIW,WA,ANM,WE,Federal Contract Tower,0,0,18,0,18,0,0,120,0,120,0,0,138,0,138,62,0,62,200
05/18/2003,TIW,WA,ANM,WE,Federal Contract Tower,0,0,17,0,17,0,0,129,0,129,0,0,146,0,146,152,0,152,298
05/19/2003,TIW,WA,ANM,WE,Federal Contract Tower,0,0,29,0,29,0,0,161,0,161,0,0,190,0,190,96,0,96,286
05/20/2003,TIW,WA,ANM,WE,Federal Contract Tower,0,0,35,0,35,0,0,99,0,99,0,0,134,0,134,66,0,66,200
05/21/2003,TIW,WA,ANM,WE,Federal Contract Tower,0,0,21,0,21,0,0,81,2,83,0,0,102,2,104,115,0,115,219
05/22/2003,TIW,WA,ANM,WE,Federal Contract Tower,0,0,43,0,43,0,0,92,1,93,0,0,135,1,136,115,0,115,251
05/23/2003,TIW,WA,ANM,WE,Federal Contract Tower,0,0,0,0,0,0,1,160,1,162,0,1,160,1,162,96,0,96,258
05/24/2003,TIW,WA,ANM,WE,Federal Contract Tower,0,1,13,0,14,0,0,115,2,117,0,1,128,2,131,84,0,84,215
05/25/2003,TIW,WA,ANM,WE,Federal Contract Tower,0,0,28,0,28,0,1,164,0,165,0,1,192,0,193,106,0,106,299
05/26/2003,TIW,WA,ANM,WE,Federal Contract Tower,0,0,14,0,14,0,2,147,0,149,0,2,161,0,163,94,0,94,257
05/27/2003,TIW,WA,ANM,WE,Federal Contract Tower,0,0,43,0,43,0,0,160,2,162,0,0,203,2,205,94,0,94,299
05/28/2003,TIW,WA,ANM,WE,Federal Contract Tower,0,2,22,0,24,0,4,88,0,92,0,6,110,0,116,50,0,50,166
05/29/2003,TIW,WA,ANM,WE,Federal Contract Tower,0,0,35,0,35,0,2,145,0,147,0,2,180,0,182,105,0,105,287
05/30/2003,TIW,WA,ANM,WE,Federal Contract Tower,0,0,31,0,31,0,1,129,4,134,0,1,160,4,165,75,0,75,240
05/31/2003,TIW,WA,ANM,WE,Federal Contract Tower,0,3,26,0,29,0,0,207,0,207,0,3,233,0,236,118,0,118,354
06/01/2003,TIW,WA,ANM,WE,Federal Contract Tower,0,0,14,0,14,0,0,101,0,101,0,0,115,0,115,78,0,78,193
06/02/2003,TIW,WA,ANM,WE,Federal Contract Tower,0,1,20,0,21,0,0,140,6,146,0,1,160,6,167,96,0,96,263
06/03/2003,TIW,WA,ANM,WE,Federal Contract Tower,0,0,17,1,18,0,0,177,1,178,0,0,194,2,196,92,0,92,288
06/04/2003,TIW,WA,ANM,WE,Federal Contract Tower,0,0,30,0,30,0,0,142,0,142,0,0,172,0,172,145,0,145,317
06/05/2003,TIW,WA,ANM,WE,Federal Contract Tower,0,0,28,0,28,0,2,112,0,114,0,2,140,0,142,100,0,100,242
06/06/2003,TIW,WA,ANM,WE,Federal Contract Tower,0,0,17,0,17,0,0,118,0,118,0,0,135,0,135,110,0,110,245
06/07/2003,TIW,WA,ANM,WE,Federal Contract Tower,0,0,17,0,17,0,0,155,0,155,0,0,172,0,172,96,0,96,268
06/08/2003,TIW,WA,ANM,WE,Federal Contract Tower,0,1,28,0,29,0,0,60,0,60,0,1,88,0,89,10,0,10,99
06/09/2003,TIW,WA,ANM,WE,Federal Contract Tower,0,0,40,0,40,0,0,100,0,100,0,0,140,0,140,64,0,64,204
06/10/2003,TIW,WA,ANM,WE,Federal Contract Tower,0,0,33,0,33,0,0,43,0,43,0,0,76,0,76,64,0,64,140
06/11/2003,TIW,WA,ANM,WE,Federal Contract Tower,0,0,44,0,44,0,0,126,0,126,0,0,170,0,170,126,0,126,296
06/12/2003,TIW,WA,ANM,WE,Federal Contract Tower,0,0,41,0,41,0,0,79,0,79,0,0,120,0,120,65,0,65,185
06/13/2003,TIW,WA,ANM,WE,Federal Contract Tower,0,1,24,0,25,0,0,41,0,41,0,1,65,0,66,55,0,55,121
06/14/2003,TIW,WA,ANM,WE,Federal Contract Tower,0,2,13,0,15,0,0,130,0,130,0,2,143,0,145,40,0,40,185
06/15/2003,TIW,WA,ANM,WE,Federal Contract Tower,0,1,7,0,8,0,0,173,0,173,0,1,180,0,181,100,0,100,281
06/16/2003,TIW,WA,ANM,WE,Federal Contract Tower,0,0,21,0,21,0,0,119,0,119,0,0,140,0,140,90,0,90,230
06/17/2003,TIW,WA,ANM,WE,Federal Contract Tower,0,1,38,0,39,0,0,180,2,182,0,1,218,2,221,86,0,86,307
06/18/2003,TIW,WA,ANM,WE,Federal Contract Tower,0,0,31,0,31,0,0,44,1,45,0,0,75,1,76,115,0,115,191
06/19/2003,TIW,WA,ANM,WE,Federal Contract Tower,0,0,53,0,53,0,0,77,0,77,0,0,130,0,130,160,0,160,290
06/20/2003,TIW,WA,ANM,WE,Federal Contract Tower,0,0,17,0,17,0,0,78,0,78,0,0,95,0,95,105,0,105,200
06/21/2003,TIW,WA,ANM,WE,Federal Contract Tower,0,0,15,0,15,0,0,62,0,62,0,0,77,0,77,60,0,60,137
06/22/2003,TIW,WA,ANM,WE,Federal Contract Tower,0,0,12,0,12,0,0,93,0,93,0,0,105,0,105,110,0,110,215
06/23/2003,TIW,WA,ANM,WE,Federal Contract Tower,0,0,30,0,30,0,0,90,0,90,0,0,120,0,120,86,0,86,206
06/24/2003,TIW,WA,ANM,WE,Federal Contract Tower,0,0,28,0,28,0,0,99,0,99,0,0,127,0,127,120,0,120,247
06/25/2003,TIW,WA,ANM,WE,Federal Contract Tower,0,0,27,0,27,0,0,108,0,108,0,0,135,0,135,120,0,120,255
06/26/2003,TIW,WA,ANM,WE,Federal Contract Tower,0,0,35,0,35,0,0,105,2,107,0,0,140,2,142,95,0,95,237
06/27/2003,TIW,WA,ANM,WE,Federal Contract Tower,0,1,24,0,25,0,0,141,0,141,0,1,165,0,166,120,0,120,286
06/28/2003,TIW,WA,ANM,WE,Federal Contract Tower,0,0,15,0,15,0,0,260,0,260,0,0,275,0,275,116,0,116,391
06/29/2003,TIW,WA,ANM,WE,Federal Contract Tower,0,0,18,0,18,0,0,125,0,125,0,0,143,0,143,128,0,128,271
06/30/2003,TIW,WA,ANM,WE,Federal Contract Tower,0,0,29,0,29,0,3,63,0,66,0,3,92,0,95,28,0,28,123
07/01/2003,TIW,WA,ANM,WE,Federal Contract Tower,0,0,38,0,38,0,0,85,0,85,0,0,123,0,123,128,0,128,251
07/02/2003,TIW,WA,ANM,WE,Federal Contract Tower,0,3,30,0,33,0,3,130,0,133,0,6,160,0,166,110,0,110,276
07/03/2003,TIW,WA,ANM,WE,Federal Contract Tower,0,0,47,0,47,0,2,143,0,145,0,2,190,0,192,110,0,110,302
07/04/2003,TIW,WA,ANM,WE,Federal Contract Tower,0,0,17,0,17,0,4,92,0,96,0,4,109,0,113,32,0,32,145
07/05/2003,TIW,WA,ANM,WE,Federal Contract Tower,0,0,9,0,9,0,0,83,0,83,0,0,92,0,92,58,0,58,150
07/06/2003,TIW,WA,ANM,WE,Federal Contract Tower,0,0,36,0,36,0,0,132,0,132,0,0,168,0,168,66,0,66,234
07/07/2003,TIW,WA,ANM,WE,Federal Contract Tower,0,0,15,0,15,0,1,110,0,111,0,1,125,0,126,88,0,88,214
07/08/2003,TIW,WA,ANM,WE,Federal Contract Tower,0,0,33,0,33,0,2,96,2,100,0,2,129,2,133,184,0,184,317
07/09/2003,TIW,WA,ANM,WE,Federal Contract Tower,0,0,35,0,35,0,0,100,2,102,0,0,135,2,137,150,0,150,287
07/10/2003,TIW,WA,ANM,WE,Federal Contract Tower,0,0,35,0,35,0,4,160,4,168,0,4,195,4,203,120,0,120,323
07/11/2003,TIW,WA,ANM,WE,Federal Contract Tower,0,2,29,0,31,0,5,116,2,123,0,7,145,2,154,85,0,85,239
07/12/2003,TIW,WA,ANM,WE,Federal Contract Tower,0,0,23,0,23,0,0,101,0,101,0,0,124,0,124,80,0,80,204
07/13/2003,TIW,WA,ANM,WE,Federal Contract Tower,0,0,17,0,17,0,0,95,0,95,0,0,112,0,112,80,0,80,192
07/14/2003,TIW,WA,ANM,WE,Federal Contract Tower,0,0,26,0,26,0,2,136,2,140,0,2,162,2,166,80,2,82,248
07/15/2003,TIW,WA,ANM,WE,Federal Contract Tower,0,1,28,0,29,0,1,166,0,167,0,2,194,0,196,150,0,150,346
07/16/2003,TIW,WA,ANM,WE,Federal Contract Tower,0,5,41,0,46,0,4,89,2,95,0,9,130,2,141,155,0,155,296
07/17/2003,TIW,WA,ANM,WE,Federal Contract Tower,0,0,26,0,26,0,4,119,0,123,0,4,145,0,149,155,0,155,304
07/18/2003,TIW,WA,ANM,WE,Federal Contract Tower,0,0,25,0,25,0,0,130,0,130,0,0,155,0,155,135,0,135,290
07/19/2003,TIW,WA,ANM,WE,Federal Contract Tower,0,0,31,0,31,0,0,288,0,288,0,0,319,0,319,116,0,116,435
07/20/2003,TIW,WA,ANM,WE,Federal Contract Tower,0,0,22,0,22,0,0,127,0,127,0,0,149,0,149,52,0,52,201
07/21/2003,TIW,WA,ANM,WE,Federal Contract Tower,0,1,11,0,12,0,2,107,0,109,0,3,118,0,121,142,0,142,263
07/22/2003,TIW,WA,ANM,WE,Federal Contract Tower,0,0,22,0,22,0,2,130,4,136,0,2,152,4,158,136,2,138,296
07/23/2003,TIW,WA,ANM,WE,Federal Contract Tower,0,6,20,0,26,0,0,100,0,100,0,6,120,0,126,145,0,145,271
07/24/2003,TIW,WA,ANM,WE,Federal Contract Tower,0,4,23,0,27,0,4,127,0,131,0,8,150,0,158,90,0,90,248
07/25/2003,TIW,WA,ANM,WE,Federal Contract Tower,0,2,24,0,26,0,0,131,0,131,0,2,155,0,157,70,0,70,227
07/26/2003,TIW,WA,ANM,WE,Federal Contract Tower,0,0,21,0,21,0,0,221,0,221,0,0,242,0,242,154,0,154,396
07/27/2003,TIW,WA,ANM,WE,Federal Contract Tower,0,0,17,0,17,0,0,173,0,173,0,0,190,0,190,126,0,126,316
07/28/2003,TIW,WA,ANM,WE,Federal Contract Tower,0,0,25,0,25,0,0,94,0,94,0,0,119,0,119,118,0,118,237
07/29/2003,TIW,WA,ANM,WE,Federal Contract Tower,0,0,24,0,24,0,0,109,2,111,0,0,133,2,135,134,0,134,269
07/30/2003,TIW,WA,ANM,WE,Federal Contract Tower,0,0,37,0,37,0,0,128,0,128,0,0,165,0,165,120,0,120,285
07/31/2003,TIW,WA,ANM,WE,Federal Contract Tower,0,0,29,1,30,0,0,71,3,74,0,0,100,4,104,90,0,90,194
08/01/2003,TIW,WA,ANM,WE,Federal Contract Tower,0,2,20,0,22,0,0,95,0,95,0,2,115,0,117,85,0,85,202
08/02/2003,TIW,WA,ANM,WE,Federal Contract Tower,0,0,24,0,24,0,0,101,0,101,0,0,125,0,125,120,0,120,245
08/03/2003,TIW,WA,ANM,WE,Federal Contract Tower,0,3,22,0,25,0,1,73,0,74,0,4,95,0,99,74,0,74,173
08/04/2003,TIW,WA,ANM,WE,Federal Contract Tower,0,0,25,0,25,0,3,90,0,93,0,3,115,0,118,82,0,82,200
08/05/2003,TIW,WA,ANM,WE,Federal Contract Tower,0,0,30,0,30,0,10,74,2,86,0,10,104,2,116,110,0,110,226
08/06/2003,TIW,WA,ANM,WE,Federal Contract Tower,0,0,22,0,22,0,0,93,0,93,0,0,115,0,115,190,0,190,305
08/07/2003,TIW,WA,ANM,WE,Federal Contract Tower,0,0,35,0,35,0,0,155,0,155,0,0,190,0,190,115,0,115,305
08/08/2003,TIW,WA,ANM,WE,Federal Contract Tower,0,0,37,1,38,0,1,118,1,120,0,1,155,2,158,150,0,150,308
08/09/2003,TIW,WA,ANM,WE,Federal Contract Tower,0,0,31,0,31,0,0,43,0,43,0,0,74,0,74,46,0,46,120
08/10/2003,TIW,WA,ANM,WE,Federal Contract Tower,0,0,20,0,20,0,0,92,0,92,0,0,112,0,112,122,0,122,234
08/11/2003,TIW,WA,ANM,WE,Federal Contract Tower,0,0,31,0,31,0,0,91,0,91,0,0,122,0,122,72,0,72,194
08/12/2003,TIW,WA,ANM,WE,Federal Contract Tower,0,0,24,0,24,0,0,98,6,104,0,0,122,6,128,180,0,180,308
08/13/2003,TIW,WA,ANM,WE,Federal Contract Tower,0,3,40,0,43,0,0,125,0,125,0,3,165,0,168,103,0,103,271
08/14/2003,TIW,WA,ANM,WE,Federal Contract Tower,0,0,33,0,33,0,0,97,0,97,0,0,130,0,130,145,0,145,275
08/15/2003,TIW,WA,ANM,WE,Federal Contract Tower,0,0,34,0,34,0,0,80,2,82,0,0,114,2,116,36,0,36,152
08/16/2003,TIW,WA,ANM,WE,Federal Contract Tower,0,0,33,0,33,0,0,127,0,127,0,0,160,0,160,58,0,58,218
08/17/2003,TIW,WA,ANM,WE,Federal Contract Tower,0,2,24,0,26,0,0,148,0,148,0,2,172,0,174,100,0,100,274
08/18/2003,TIW,WA,ANM,WE,Federal Contract Tower,0,6,25,0,31,0,5,135,0,140,0,11,160,0,171,68,0,68,239
08/19/2003,TIW,WA,ANM,WE,Federal Contract Tower,0,0,37,0,37,0,3,119,4,126,0,3,156,4,163,172,0,172,335
08/20/2003,TIW,WA,ANM,WE,Federal Contract Tower,0,0,49,0,49,0,0,116,0,116,0,0,165,0,165,155,0,155,320
08/21/2003,TIW,WA,ANM,WE,Federal Contract Tower,0,1,32,0,33,0,1,148,0,149,0,2,180,0,182,150,0,150,332
08/22/2003,TIW,WA,ANM,WE,Federal Contract Tower,0,0,21,0,21,0,0,54,0,54,0,0,75,0,75,35,0,35,110
08/23/2003,TIW,WA,ANM,WE,Federal Contract Tower,0,0,19,0,19,0,0,93,0,93,0,0,112,0,112,88,0,88,200
08/24/2003,TIW,WA,ANM,WE,Federal Contract Tower,0,0,18,0,18,0,0,102,0,102,0,0,120,0,120,142,0,142,262
08/25/2003,TIW,WA,ANM,WE,Federal Contract Tower,0,2,22,0,24,0,0,70,0,70,0,2,92,0,94,84,0,84,178
08/26/2003,TIW,WA,ANM,WE,Federal Contract Tower,0,0,49,0,49,0,2,54,0,56,0,2,103,0,105,113,0,113,218
08/27/2003,TIW,WA,ANM,WE,Federal Contract Tower,0,0,36,0,36,0,0,104,0,104,0,0,140,0,140,100,0,100,240
08/28/2003,TIW,WA,ANM,WE,Federal Contract Tower,0,0,32,0,32,0,3,123,2,128,0,3,155,2,160,115,0,115,275
08/29/2003,TIW,WA,ANM,WE,Federal Contract Tower,0,3,18,0,21,0,2,102,0,104,0,5,120,0,125,90,0,90,215
08/30/2003,TIW,WA,ANM,WE,Federal Contract Tower,0,0,14,0,14,0,0,138,0,138,0,0,152,0,152,94,0,94,246
08/31/2003,TIW,WA,ANM,WE,Federal Contract Tower,0,7,11,0,18,0,0,158,0,158,0,7,169,0,176,64,0,64,240
09/01/2003,TIW,WA,ANM,WE,Federal Contract Tower,0,0,19,0,19,0,0,278,0,278,0,0,297,0,297,78,0,78,375
09/02/2003,TIW,WA,ANM,WE,Federal Contract Tower,0,0,20,0,20,0,4,109,2,115,0,4,129,2,135,110,8,118,253
09/03/2003,TIW,WA,ANM,WE,Federal Contract Tower,0,1,33,0,34,0,1,107,2,110,0,2,140,2,144,145,0,145,289
09/04/2003,TIW,WA,ANM,WE,Federal Contract Tower,0,0,37,0,37,0,0,93,0,93,0,0,130,0,130,115,0,115,245
09/05/2003,TIW,WA,ANM,WE,Federal Contract Tower,0,0,15,0,15,0,0,110,0,110,0,0,125,0,125,120,0,120,245
09/06/2003,TIW,WA,ANM,WE,Federal Contract Tower,0,0,17,0,17,0,2,164,0,166,0,2,181,0,183,124,0,124,307
09/07/2003,TIW,WA,ANM,WE,Federal Contract Tower,0,2,18,0,20,0,0,30,0,30,0,2,48,0,50,52,0,52,102
09/08/2003,TIW,WA,ANM,WE,Federal Contract Tower,0,3,20,0,23,0,1,70,0,71,0,4,90,0,94,72,0,72,166
09/09/2003,TIW,WA,ANM,WE,Federal Contract Tower,0,2,29,0,31,0,0,61,0,61,0,2,90,0,92,94,0,94,186
09/10/2003,TIW,WA,ANM,WE,Federal Contract Tower,0,0,41,0,41,0,0,24,0,24,0,0,65,0,65,30,0,30,95
09/11/2003,TIW,WA,ANM,WE,Federal Contract Tower,0,2,40,0,42,0,0,25,0,25,0,2,65,0,67,0,0,0,67
09/12/2003,TIW,WA,ANM,WE,Federal Contract Tower,0,2,38,0,40,0,0,118,2,120,0,2,156,2,160,110,2,112,272
09/13/2003,TIW,WA,ANM,WE,Federal Contract Tower,0,0,29,0,29,0,2,247,0,249,0,2,276,0,278,138,0,138,416
09/14/2003,TIW,WA,ANM,WE,Federal Contract Tower,0,1,27,0,28,0,0,110,0,110,0,1,137,0,138,98,0,98,236
09/15/2003,TIW,WA,ANM,WE,Federal Contract Tower,0,0,29,0,29,0,0,66,0,66,0,0,95,0,95,72,0,72,167
09/16/2003,TIW,WA,ANM,WE,Federal Contract Tower,0,3,52,0,55,0,0,25,0,25,0,3,77,0,80,52,0,52,132
09/17/2003,TIW,WA,ANM,WE,Federal Contract Tower,0,1,37,0,38,0,8,88,2,98,0,9,125,2,136,170,0,170,306
09/18/2003,TIW,WA,ANM,WE,Federal Contract Tower,0,0,38,0,38,0,0,72,0,72,0,0,110,0,110,75,0,75,185
09/19/2003,TIW,WA,ANM,WE,Federal Contract Tower,0,0,40,1,41,0,0,70,1,71,0,0,110,2,112,70,0,70,182
09/20/2003,TIW,WA,ANM,WE,Federal Contract Tower,0,0,34,0,34,0,0,84,0,84,0,0,118,0,118,92,0,92,210
09/21/2003,TIW,WA,ANM,WE,Federal Contract Tower,0,0,22,0,22,0,0,114,0,114,0,0,136,0,136,122,0,122,258
09/22/2003,TIW,WA,ANM,WE,Federal Contract Tower,0,0,31,0,31,0,2,101,0,103,0,2,132,0,134,88,0,88,222
09/23/2003,TIW,WA,ANM,WE,Federal Contract Tower,0,0,40,0,40,0,2,92,2,96,0,2,132,2,136,174,0,174,310
09/24/2003,TIW,WA,ANM,WE,Federal Contract Tower,0,0,36,0,36,0,0,119,0,119,0,0,155,0,155,210,0,210,365
09/25/2003,TIW,WA,ANM,WE,Federal Contract Tower,0,0,39,0,39,0,2,106,2,110,0,2,145,2,149,100,0,100,249
09/26/2003,TIW,WA,ANM,WE,Federal Contract Tower,0,2,24,0,26,0,2,141,0,143,0,4,165,0,169,95,0,95,264
09/27/2003,TIW,WA,ANM,WE,Federal Contract Tower,0,0,12,0,12,0,0,108,0,108,0,0,120,0,120,104,0,104,224
09/28/2003,TIW,WA,ANM,WE,Federal Contract Tower,0,0,15,0,15,0,0,171,0,171,0,0,186,0,186,116,0,116,302
09/29/2003,TIW,WA,ANM,WE,Federal Contract Tower,0,1,39,0,40,0,0,36,0,36,0,1,75,0,76,42,0,42,118
09/30/2003,TIW,WA,ANM,WE,Federal Contract Tower,0,2,44,0,46,0,0,108,0,108,0,2,152,0,154,106,0,106,260
10/01/2003,TIW,WA,ANM,WE,Federal Contract Tower,0,1,24,0,25,0,3,71,0,74,0,4,95,0,99,115,0,115,214
10/02/2003,TIW,WA,ANM,WE,Federal Contract Tower,0,0,20,0,20,0,0,18,0,18,0,0,38,0,38,0,0,0,38
10/03/2003,TIW,WA,ANM,WE,Federal Contract Tower,0,0,24,0,24,0,0,26,0,26,0,0,50,0,50,45,0,45,95
10/04/2003,TIW,WA,ANM,WE,Federal Contract Tower,0,0,8,0,8,0,0,1,0,1,0,0,9,0,9,0,0,0,9
10/05/2003,TIW,WA,ANM,WE,Federal Contract Tower,0,0,24,0,24,0,0,16,0,16,0,0,40,0,40,30,0,30,70
10/06/2003,TIW,WA,ANM,WE,Federal Contract Tower,0,0,34,0,34,0,0,91,0,91,0,0,125,0,125,120,0,120,245
10/07/2003,TIW,WA,ANM,WE,Federal Contract Tower,0,2,40,0,42,0,1,101,0,102,0,3,141,0,144,165,0,165,309
10/08/2003,TIW,WA,ANM,WE,Federal Contract Tower,0,1,18,0,19,0,0,13,0,13,0,1,31,0,32,12,0,12,44
10/09/2003,TIW,WA,ANM,WE,Federal Contract Tower,0,0,26,0,26,0,0,49,2,51,0,0,75,2,77,104,0,104,181
10/10/2003,TIW,WA,ANM,WE,Federal Contract Tower,0,2,34,0,36,0,2,56,0,58,0,4,90,0,94,118,0,118,212
10/11/2003,TIW,WA,ANM,WE,Federal Contract Tower,0,0,21,0,21,0,0,36,1,37,0,0,57,1,58,48,0,48,106
10/12/2003,TIW,WA,ANM,WE,Federal Contract Tower,0,1,16,0,17,0,7,9,4,20,0,8,25,4,37,15,0,15,52
10/13/2003,TIW,WA,ANM,WE,Federal Contract Tower,0,0,36,0,36,0,0,89,0,89,0,0,125,0,125,70,0,70,195
10/14/2003,TIW,WA,ANM,WE,Federal Contract Tower,0,2,38,0,40,0,2,40,3,45,0,4,78,3,85,128,0,128,213
10/15/2003,TIW,WA,ANM,WE,Federal Contract Tower,0,2,31,0,33,0,2,15,0,17,0,4,46,0,50,0,0,0,50
10/16/2003,TIW,WA,ANM,WE,Federal Contract Tower,0,0,15,0,15,0,0,10,0,10,0,0,25,0,25,2,0,2,27
10/17/2003,TIW,WA,ANM,WE,Federal Contract Tower,0,1,15,0,16,0,1,9,4,14,0,2,24,4,30,16,0,16,46
10/18/2003,TIW,WA,ANM,WE,Federal Contract Tower,0,0,17,0,17,0,0,147,0,147,0,0,164,0,164,144,0,144,308
10/19/2003,TIW,WA,ANM,WE,Federal Contract Tower,0,0,20,0,20,0,0,45,0,45,0,0,65,0,65,95,0,95,160
10/20/2003,TIW,WA,ANM,WE,Federal Contract Tower,0,0,11,0,11,0,0,6,0,6,0,0,17,0,17,6,0,6,23
10/21/2003,TIW,WA,ANM,WE,Federal Contract Tower,0,0,20,1,21,0,0,23,3,26,0,0,43,4,47,5,0,5,52
10/22/2003,TIW,WA,ANM,WE,Federal Contract Tower,0,0,38,0,38,0,0,32,2,34,0,0,70,2,72,60,0,60,132
10/23/2003,TIW,WA,ANM,WE,Federal Contract Tower,0,2,58,0,60,0,8,96,8,112,0,10,154,8,172,112,0,112,284
10/24/2003,TIW,WA,ANM,WE,Federal Contract Tower,0,1,44,0,45,0,6,156,1,163,0,7,200,1,208,130,0,130,338
10/25/2003,TIW,WA,ANM,WE,Federal Contract Tower,0,1,29,0,30,0,0,224,0,224,0,1,253,0,254,132,0,132,386
10/26/2003,TIW,WA,ANM,WE,Federal Contract Tower,0,0,21,0,21,0,2,109,0,111,0,2,130,0,132,160,0,160,292
10/27/2003,TIW,WA,ANM,WE,Federal Contract Tower,0,0,21,0,21,0,0,84,0,84,0,0,105,0,105,140,0,140,245
10/28/2003,TIW,WA,ANM,WE,Federal Contract Tower,0,0,19,0,19,0,0,41,0,41,0,0,60,0,60,6,0,6,66
10/29/2003,TIW,WA,ANM,WE,Federal Contract Tower,0,0,29,0,29,0,0,52,0,52,0,0,81,0,81,96,0,96,177
10/30/2003,TIW,WA,ANM,WE,Federal Contract Tower,0,0,18,0,18,0,7,66,4,77,0,7,84,4,95,44,0,44,139
10/31/2003,TIW,WA,ANM,WE,Federal Contract Tower,0,0,21,0,21,0,6,91,0,97,0,6,112,0,118,56,0,56,174
11/01/2003,TIW,WA,ANM,WE,Federal Contract Tower,0,0,15,0,15,0,0,159,0,159,0,0,174,0,174,136,0,136,310
11/02/2003,TIW,WA,ANM,WE,Federal Contract Tower,0,1,8,0,9,0,3,57,0,60,0,4,65,0,69,100,0,100,169
11/03/2003,TIW,WA,ANM,WE,Federal Contract Tower,0,0,22,0,22,0,0,93,0,93,0,0,115,0,115,155,0,155,270
11/04/2003,TIW,WA,ANM,WE,Federal Contract Tower,0,0,26,0,26,0,0,100,0,100,0,0,126,0,126,234,0,234,360
11/05/2003,TIW,WA,ANM,WE,Federal Contract Tower,0,3,33,0,36,0,2,74,2,78,0,5,107,2,114,120,0,120,234
11/06/2003,TIW,WA,ANM,WE,Federal Contract Tower,0,3,44,0,47,0,0,110,4,114,0,3,154,4,161,122,0,122,283
11/07/2003,TIW,WA,ANM,WE,Federal Contract Tower,0,0,35,0,35,0,0,117,2,119,0,0,152,2,154,98,0,98,252
11/08/2003,TIW,WA,ANM,WE,Federal Contract Tower,0,3,30,0,33,0,5,137,0,142,0,8,167,0,175,128,0,128,303
11/09/2003,TIW,WA,ANM,WE,Federal Contract Tower,0,2,22,0,24,0,0,93,0,93,0,2,115,0,117,100,0,100,217
11/10/2003,TIW,WA,ANM,WE,Federal Contract Tower,0,0,14,0,14,0,0,36,2,38,0,0,50,2,52,45,0,45,97
11/11/2003,TIW,WA,ANM,WE,Federal Contract Tower,0,2,14,0,16,0,0,60,1,61,0,2,74,1,77,130,0,130,207
11/12/2003,TIW,WA,ANM,WE,Federal Contract Tower,0,0,34,0,34,0,0,47,0,47,0,0,81,0,81,88,0,88,169
11/13/2003,TIW,WA,ANM,WE,Federal Contract Tower,0,2,23,0,25,0,0,57,0,57,0,2,80,0,82,50,0,50,132
11/14/2003,TIW,WA,ANM,WE,Federal Contract Tower,0,0,42,1,43,0,0,102,1,103,0,0,144,2,146,46,0,46,192
11/15/2003,TIW,WA,ANM,WE,Federal Contract Tower,0,1,22,0,23,0,7,15,0,22,0,8,37,0,45,16,0,16,61
11/16/2003,TIW,WA,ANM,WE,Federal Contract Tower,0,0,5,1,6,0,6,0,3,9,0,6,5,4,15,2,0,2,17
11/17/2003,TIW,WA,ANM,WE,Federal Contract Tower,0,1,15,0,16,0,11,20,0,31,0,12,35,0,47,40,0,40,87
11/18/2003,TIW,WA,ANM,WE,Federal Contract Tower,0,0,13,0,13,0,8,7,0,15,0,8,20,0,28,2,0,2,30
11/19/2003,TIW,WA,ANM,WE,Federal Contract Tower,0,1,13,0,14,0,0,15,0,15,0,1,28,0,29,6,0,6,35
11/20/2003,TIW,WA,ANM,WE,Federal Contract Tower,0,1,22,0,23,0,10,0,0,10,0,11,22,0,33,0,0,0,33
11/21/2003,TIW,WA,ANM,WE,Federal Contract Tower,0,1,21,0,22,0,3,69,0,72,0,4,90,0,94,82,0,82,176
11/22/2003,TIW,WA,ANM,WE,Federal Contract Tower,0,0,23,0,23,0,0,88,0,88,0,0,111,0,111,164,0,164,275
11/23/2003,TIW,WA,ANM,WE,Federal Contract Tower,0,1,17,0,18,0,0,28,0,28,0,1,45,0,46,20,0,20,66
11/24/2003,TIW,WA,ANM,WE,Federal Contract Tower,0,2,29,0,31,0,4,80,2,86,0,6,109,2,117,76,0,76,193
11/25/2003,TIW,WA,ANM,WE,Federal Contract Tower,0,0,19,0,19,0,0,76,0,76,0,0,95,0,95,39,0,39,134
11/26/2003,TIW,WA,ANM,WE,Federal Contract Tower,0,0,24,0,24,0,0,56,0,56,0,0,80,0,80,80,0,80,160
11/27/2003,TIW,WA,ANM,WE,Federal Contract Tower,0,0,7,0,7,0,0,25,0,25,0,0,32,0,32,30,0,30,62
11/28/2003,TIW,WA,ANM,WE,Federal Contract Tower,0,0,17,0,17,0,0,23,0,23,0,0,40,0,40,2,0,2,42
11/29/2003,TIW,WA,ANM,WE,Federal Contract Tower,0,0,25,0,25,0,0,27,0,27,0,0,52,0,52,82,0,82,134
11/30/2003,TIW,WA,ANM,WE,Federal Contract Tower,0,2,31,0,33,0,0,71,0,71,0,2,102,0,104,44,0,44,148
12/01/2003,TIW,WA,ANM,WE,Federal Contract Tower,0,0,17,0,17,0,0,17,0,17,0,0,34,0,34,12,0,12,46
12/02/2003,TIW,WA,ANM,WE,Federal Contract Tower,0,0,20,0,20,0,0,66,0,66,0,0,86,0,86,54,0,54,140
12/03/2003,TIW,WA,ANM,WE,Federal Contract Tower,0,3,51,0,54,0,1,69,4,74,0,4,120,4,128,74,0,74,202
12/04/2003,TIW,WA,ANM,WE,Federal Contract Tower,0,0,12,0,12,0,0,16,2,18,0,0,28,2,30,0,0,0,30
12/05/2003,TIW,WA,ANM,WE,Federal Contract Tower,0,0,17,0,17,0,0,18,0,18,0,0,35,0,35,10,0,10,45
12/06/2003,TIW,WA,ANM,WE,Federal Contract Tower,0,2,23,0,25,0,2,122,0,124,0,4,145,0,149,102,0,102,251
12/07/2003,TIW,WA,ANM,WE,Federal Contract Tower,0,2,29,0,31,0,6,35,0,41,0,8,64,0,72,26,0,26,98
12/08/2003,TIW,WA,ANM,WE,Federal Contract Tower,0,3,47,0,50,0,0,45,0,45,0,3,92,0,95,32,0,32,127
12/09/2003,TIW,WA,ANM,WE,Federal Contract Tower,0,3,42,0,45,0,1,112,4,117,0,4,154,4,162,174,0,174,336
12/10/2003,TIW,WA,ANM,WE,Federal Contract Tower,0,2,23,0,25,0,3,20,0,23,0,5,43,0,48,0,0,0,48
12/11/2003,TIW,WA,ANM,WE,Federal Contract Tower,0,2,25,0,27,0,0,33,0,33,0,2,58,0,60,34,0,34,94
12/12/2003,TIW,WA,ANM,WE,Federal Contract Tower,0,0,22,0,22,0,0,34,0,34,0,0,56,0,56,24,0,24,80
12/13/2003,TIW,WA,ANM,WE,Federal Contract Tower,0,1,30,0,31,0,3,54,0,57,0,4,84,0,88,4,0,4,92
12/14/2003,TIW,WA,ANM,WE,Federal Contract Tower,0,0,14,1,15,0,1,29,5,35,0,1,43,6,50,0,0,0,50
12/15/2003,TIW,WA,ANM,WE,Federal Contract Tower,0,0,41,0,41,0,0,133,0,133,0,0,174,0,174,80,0,80,254
12/16/2003,TIW,WA,ANM,WE,Federal Contract Tower,0,0,0,0,0,0,4,55,0,59,0,4,55,0,59,40,0,40,99
12/17/2003,TIW,WA,ANM,WE,Federal Contract Tower,0,1,27,0,28,0,3,141,0,144,0,4,168,0,172,204,0,204,376
12/18/2003,TIW,WA,ANM,WE,Federal Contract Tower,0,0,38,0,38,0,0,109,3,112,0,0,147,3,150,172,0,172,322
12/19/2003,TIW,WA,ANM,WE,Federal Contract Tower,0,0,32,0,32,0,0,54,0,54,0,0,86,0,86,20,0,20,106
12/20/2003,TIW,WA,ANM,WE,Federal Contract Tower,0,0,25,0,25,0,0,45,0,45,0,0,70,0,70,22,0,22,92
12/21/2003,TIW,WA,ANM,WE,Federal Contract Tower,0,0,21,0,21,0,0,71,0,71,0,0,92,0,92,76,0,76,168
12/22/2003,TIW,WA,ANM,WE,Federal Contract Tower,0,0,24,0,24,0,0,38,3,41,0,0,62,3,65,20,1,21,86
12/23/2003,TIW,WA,ANM,WE,Federal Contract Tower,0,0,32,0,32,0,0,88,14,102,0,0,120,14,134,64,0,64,198
12/24/2003,TIW,WA,ANM,WE,Federal Contract Tower,0,0,17,0,17,0,3,27,0,30,0,3,44,0,47,48,0,48,95
12/25/2003,TIW,WA,ANM,WE,Federal Contract Tower,0,0,0,0,0,0,0,11,0,11,0,0,11,0,11,6,0,6,17
12/26/2003,TIW,WA,ANM,WE,Federal Contract Tower,0,1,28,0,29,0,1,19,2,22,0,2,47,2,51,12,0,12,63
12/27/2003,TIW,WA,ANM,WE,Federal Contract Tower,0,0,8,0,8,0,0,32,4,36,0,0,40,4,44,26,0,26,70
12/28/2003,TIW,WA,ANM,WE,Federal Contract Tower,0,0,19,0,19,0,1,25,0,26,0,1,44,0,45,4,0,4,49
12/29/2003,TIW,WA,ANM,WE,Federal Contract Tower,0,0,14,0,14,0,4,153,2,159,0,4,167,2,173,134,0,134,307
12/30/2003,TIW,WA,ANM,WE,Federal Contract Tower,0,0,29,0,29,0,0,158,6,164,0,0,187,6,193,101,0,101,294
12/31/2003,TIW,WA,ANM,WE,Federal Contract Tower,0,0,6,0,6,0,0,11,0,11,0,0,17,0,17,6,0,6,23
01/01/2004,TIW,WA,ANM,WE,Federal Contract Tower,0,0,5,0,5,0,0,20,0,20,0,0,25,0,25,0,0,0,25
01/02/2004,TIW,WA,ANM,WE,Federal Contract Tower,0,0,14,0,14,0,0,6,0,6,0,0,20,0,20,0,0,0,20
01/03/2004,TIW,WA,ANM,WE,Federal Contract Tower,0,0,6,0,6,0,0,9,0,9,0,0,15,0,15,0,0,0,15
01/04/2004,TIW,WA,ANM,WE,Federal Contract Tower,0,1,13,0,14,0,0,136,0,136,0,1,149,0,150,58,0,58,208
01/05/2004,TIW,WA,ANM,WE,Federal Contract Tower,0,0,7,0,7,0,0,43,0,43,0,0,50,0,50,32,0,32,82
01/06/2004,TIW,WA,ANM,WE,Federal Contract Tower,0,0,0,0,0,0,0,0,0,0,0,0,0,0,0,0,0,0,0
01/07/2004,TIW,WA,ANM,WE,Federal Contract Tower,0,0,0,0,0,0,0,1,0,1,0,0,1,0,1,0,0,0,1
01/08/2004,TIW,WA,ANM,WE,Federal Contract Tower,0,1,13,0,14,0,0,19,0,19,0,1,32,0,33,18,0,18,51
01/09/2004,TIW,WA,ANM,WE,Federal Contract Tower,0,0,26,0,26,0,0,57,0,57,0,0,83,0,83,46,0,46,129
01/10/2004,TIW,WA,ANM,WE,Federal Contract Tower,0,0,40,0,40,0,0,30,1,31,0,0,70,1,71,0,0,0,71
01/11/2004,TIW,WA,ANM,WE,Federal Contract Tower,0,0,5,0,5,0,0,6,2,8,0,0,11,2,13,0,0,0,13
01/12/2004,TIW,WA,ANM,WE,Federal Contract Tower,0,0,27,0,27,0,0,57,0,57,0,0,84,0,84,40,0,40,124
01/13/2004,TIW,WA,ANM,WE,Federal Contract Tower,0,2,35,0,37,0,4,29,0,33,0,6,64,0,70,4,0,4,74
01/14/2004,TIW,WA,ANM,WE,Federal Contract Tower,0,0,5,0,5,0,0,9,0,9,0,0,14,0,14,6,0,6,20
01/15/2004,TIW,WA,ANM,WE,Federal Contract Tower,0,2,38,0,40,0,6,39,4,49,0,8,77,4,89,2,0,2,91
01/16/2004,TIW,WA,ANM,WE,Federal Contract Tower,0,0,26,0,26,0,4,61,0,65,0,4,87,0,91,96,0,96,187
01/17/2004,TIW,WA,ANM,WE,Federal Contract Tower,0,0,22,1,23,0,2,191,3,196,0,2,213,4,219,92,0,92,311
01/18/2004,TIW,WA,ANM,WE,Federal Contract Tower,0,0,30,0,30,0,3,23,0,26,0,3,53,0,56,2,0,2,58
01/19/2004,TIW,WA,ANM,WE,Federal Contract Tower,0,0,32,0,32,0,4,188,0,192,0,4,220,0,224,183,0,183,407
01/20/2004,TIW,WA,ANM,WE,Federal Contract Tower,0,0,21,0,21,0,0,24,0,24,0,0,45,0,45,4,0,4,49
01/21/2004,TIW,WA,ANM,WE,Federal Contract Tower,0,1,37,0,38,0,2,42,0,44,0,3,79,0,82,4,0,4,86
01/22/2004,TIW,WA,ANM,WE,Federal Contract Tower,0,0,28,0,28,0,2,108,4,114,0,2,136,4,142,92,0,92,234
01/23/2004,TIW,WA,ANM,WE,Federal Contract Tower,0,0,32,0,32,0,0,21,0,21,0,0,53,0,53,0,0,0,53
01/24/2004,TIW,WA,ANM,WE,Federal Contract Tower,0,0,15,0,15,0,1,82,0,83,0,1,97,0,98,92,0,92,190
01/25/2004,TIW,WA,ANM,WE,Federal Contract Tower,0,0,26,0,26,0,0,83,0,83,0,0,109,0,109,62,0,62,171
01/26/2004,TIW,WA,ANM,WE,Federal Contract Tower,0,0,24,0,24,0,2,27,0,29,0,2,51,0,53,21,0,21,74
01/27/2004,TIW,WA,ANM,WE,Federal Contract Tower,0,1,47,0,48,0,1,108,0,109,0,2,155,0,157,248,0,248,405
01/28/2004,TIW,WA,ANM,WE,Federal Contract Tower,0,0,20,0,20,0,3,10,0,13,0,3,30,0,33,0,0,0,33
01/29/2004,TIW,WA,ANM,WE,Federal Contract Tower,0,0,10,0,10,0,0,5,0,5,0,0,15,0,15,0,0,0,15
01/30/2004,TIW,WA,ANM,WE,Federal Contract Tower,0,0,8,0,8,0,0,19,2,21,0,0,27,2,29,13,0,13,42
01/31/2004,TIW,WA,ANM,WE,Federal Contract Tower,0,0,15,0,15,0,0,87,0,87,0,0,102,0,102,98,0,98,200
02/01/2004,TIW,WA,ANM,WE,Federal Contract Tower,0,0,31,0,31,0,0,116,0,116,0,0,147,0,147,211,0,211,358
02/02/2004,TIW,WA,ANM,WE,Federal Contract Tower,0,1,18,0,19,0,1,91,0,92,0,2,109,0,111,116,0,116,227
02/03/2004,TIW,WA,ANM,WE,Federal Contract Tower,0,0,25,0,25,0,0,97,9,106,0,0,122,9,131,170,0,170,301
02/04/2004,TIW,WA,ANM,WE,Federal Contract Tower,0,0,26,0,26,0,0,67,4,71,0,0,93,4,97,118,0,118,215
02/05/2004,TIW,WA,ANM,WE,Federal Contract Tower,0,2,34,0,36,0,5,37,0,42,0,7,71,0,78,48,0,48,126
02/06/2004,TIW,WA,ANM,WE,Federal Contract Tower,0,1,17,0,18,0,0,34,0,34,0,1,51,0,52,58,0,58,110
02/07/2004,TIW,WA,ANM,WE,Federal Contract Tower,0,0,25,0,25,0,0,135,0,135,0,0,160,0,160,124,0,124,284
02/08/2004,TIW,WA,ANM,WE,Federal Contract Tower,0,2,22,0,24,0,0,165,10,175,0,2,187,10,199,238,0,238,437
02/09/2004,TIW,WA,ANM,WE,Federal Contract Tower,0,0,21,0,21,0,0,50,0,50,0,0,71,0,71,61,0,61,132
02/10/2004,TIW,WA,ANM,WE,Federal Contract Tower,0,0,25,0,25,0,0,157,0,157,0,0,182,0,182,158,0,158,340
02/11/2004,TIW,WA,ANM,WE,Federal Contract Tower,0,0,25,0,25,0,0,146,0,146,0,0,171,0,171,349,0,349,520
02/12/2004,TIW,WA,ANM,WE,Federal Contract Tower,0,1,31,0,32,0,1,111,0,112,0,2,142,0,144,134,0,134,278
02/13/2004,TIW,WA,ANM,WE,Federal Contract Tower,0,1,28,0,29,0,2,56,0,58,0,3,84,0,87,62,0,62,149
02/14/2004,TIW,WA,ANM,WE,Federal Contract Tower,0,0,29,0,29,0,0,136,0,136,0,0,165,0,165,134,0,134,299
02/15/2004,TIW,WA,ANM,WE,Federal Contract Tower,0,1,23,0,24,0,0,102,0,102,0,1,125,0,126,113,0,113,239
02/16/2004,TIW,WA,ANM,WE,Federal Contract Tower,0,0,17,0,17,0,0,24,0,24,0,0,41,0,41,50,0,50,91
02/17/2004,TIW,WA,ANM,WE,Federal Contract Tower,0,1,29,1,31,0,5,55,5,65,0,6,84,6,96,136,0,136,232
02/18/2004,TIW,WA,ANM,WE,Federal Contract Tower,0,1,36,0,37,0,7,65,0,72,0,8,101,0,109,36,0,36,145
02/19/2004,TIW,WA,ANM,WE,Federal Contract Tower,0,1,26,0,27,0,3,75,2,80,0,4,101,2,107,122,0,122,229
02/20/2004,TIW,WA,ANM,WE,Federal Contract Tower,0,0,29,0,29,0,0,54,0,54,0,0,83,0,83,86,0,86,169
02/21/2004,TIW,WA,ANM,WE,Federal Contract Tower,0,2,39,0,41,0,0,152,0,152,0,2,191,0,193,56,0,56,249
02/22/2004,TIW,WA,ANM,WE,Federal Contract Tower,0,0,21,0,21,0,0,262,6,268,0,0,283,6,289,223,0,223,512
02/23/2004,TIW,WA,ANM,WE,Federal Contract Tower,0,1,34,0,35,0,1,110,0,111,0,2,144,0,146,53,0,53,199
02/24/2004,TIW,WA,ANM,WE,Federal Contract Tower,0,1,24,0,25,0,3,46,0,49,0,4,70,0,74,92,0,92,166
02/25/2004,TIW,WA,ANM,WE,Federal Contract Tower,0,0,19,0,19,0,6,39,0,45,0,6,58,0,64,56,0,56,120
02/26/2004,TIW,WA,ANM,WE,Federal Contract Tower,0,1,26,0,27,0,5,37,0,42,0,6,63,0,69,92,0,92,161
02/27/2004,TIW,WA,ANM,WE,Federal Contract Tower,0,2,53,0,55,0,2,50,0,52,0,4,103,0,107,52,0,52,159
02/28/2004,TIW,WA,ANM,WE,Federal Contract Tower,0,0,49,0,49,0,0,114,0,114,0,0,163,0,163,108,0,108,271
02/29/2004,TIW,WA,ANM,WE,Federal Contract Tower,0,1,33,0,34,0,5,157,0,162,0,6,190,0,196,146,0,146,342
03/01/2004,TIW,WA,ANM,WE,Federal Contract Tower,0,0,26,0,26,0,0,102,0,102,0,0,128,0,128,171,0,171,299
03/02/2004,TIW,WA,ANM,WE,Federal Contract Tower,0,0,35,0,35,0,0,180,4,184,0,0,215,4,219,356,0,356,575
03/03/2004,TIW,WA,ANM,WE,Federal Contract Tower,0,0,26,0,26,0,0,27,0,27,0,0,53,0,53,2,0,2,55
03/04/2004,TIW,WA,ANM,WE,Federal Contract Tower,0,0,29,0,29,0,0,77,0,77,0,0,106,0,106,80,0,80,186
03/05/2004,TIW,WA,ANM,WE,Federal Contract Tower,0,1,7,0,8,0,1,9,0,10,0,2,16,0,18,0,0,0,18
03/06/2004,TIW,WA,ANM,WE,Federal Contract Tower,0,2,46,0,48,0,0,123,0,123,0,2,169,0,171,78,0,78,249
03/07/2004,TIW,WA,ANM,WE,Federal Contract Tower,0,0,17,0,17,0,0,21,0,21,0,0,38,0,38,26,0,26,64
03/08/2004,TIW,WA,ANM,WE,Federal Contract Tower,0,1,18,0,19,0,4,307,0,311,0,5,325,0,330,310,0,310,640
03/09/2004,TIW,WA,ANM,WE,Federal Contract Tower,0,2,38,0,40,0,0,94,0,94,0,2,132,0,134,84,0,84,218
03/10/2004,TIW,WA,ANM,WE,Federal Contract Tower,0,0,44,0,44,0,0,137,0,137,0,0,181,0,181,180,0,180,361
03/11/2004,TIW,WA,ANM,WE,Federal Contract Tower,0,1,26,0,27,0,4,140,6,150,0,5,166,6,177,186,0,186,363
03/12/2004,TIW,WA,ANM,WE,Federal Contract Tower,0,0,32,0,32,0,0,50,0,50,0,0,82,0,82,168,0,168,250
03/13/2004,TIW,WA,ANM,WE,Federal Contract Tower,0,0,21,0,21,0,0,230,0,230,0,0,251,0,251,160,0,160,411
03/14/2004,TIW,WA,ANM,WE,Federal Contract Tower,0,0,27,0,27,0,0,41,0,41,0,0,68,0,68,59,0,59,127
03/15/2004,TIW,WA,ANM,WE,Federal Contract Tower,0,1,18,0,19,0,0,112,0,112,0,1,130,0,131,215,0,215,346
03/16/2004,TIW,WA,ANM,WE,Federal Contract Tower,0,0,21,0,21,0,0,114,2,116,0,0,135,2,137,148,0,148,285
03/17/2004,TIW,WA,ANM,WE,Federal Contract Tower,0,0,26,0,26,0,1,54,0,55,0,1,80,0,81,90,0,90,171
03/18/2004,TIW,WA,ANM,WE,Federal Contract Tower,0,0,8,0,8,0,0,6,0,6,0,0,14,0,14,0,0,0,14
03/19/2004,TIW,WA,ANM,WE,Federal Contract Tower,0,0,24,0,24,0,2,36,0,38,0,2,60,0,62,52,0,52,114
03/20/2004,TIW,WA,ANM,WE,Federal Contract Tower,0,0,19,0,19,0,5,285,0,290,0,5,304,0,309,124,0,124,433
03/21/2004,TIW,WA,ANM,WE,Federal Contract Tower,0,0,17,0,17,0,0,182,4,186,0,0,199,4,203,361,0,361,564
03/22/2004,TIW,WA,ANM,WE,Federal Contract Tower,0,0,18,0,18,0,0,49,0,49,0,0,67,0,67,43,0,43,110
03/23/2004,TIW,WA,ANM,WE,Federal Contract Tower,0,0,18,0,18,0,0,27,8,35,0,0,45,8,53,30,0,30,83
03/24/2004,TIW,WA,ANM,WE,Federal Contract Tower,0,0,22,0,22,0,4,22,0,26,0,4,44,0,48,40,0,40,88
03/25/2004,TIW,WA,ANM,WE,Federal Contract Tower,0,0,21,0,21,0,5,28,0,33,0,5,49,0,54,36,0,36,90
03/26/2004,TIW,WA,ANM,WE,Federal Contract Tower,0,0,37,0,37,0,10,41,0,51,0,10,78,0,88,24,0,24,112
03/27/2004,TIW,WA,ANM,WE,Federal Contract Tower,0,0,25,0,25,0,2,73,0,75,0,2,98,0,100,34,0,34,134
03/28/2004,TIW,WA,ANM,WE,Federal Contract Tower,0,0,8,0,8,0,2,92,0,94,0,2,100,0,102,42,0,42,144
03/29/2004,TIW,WA,ANM,WE,Federal Contract Tower,0,0,9,0,9,0,0,70,2,72,0,0,79,2,81,10,0,10,91
03/30/2004,TIW,WA,ANM,WE,Federal Contract Tower,0,0,19,0,19,0,2,48,0,50,0,2,67,0,69,46,0,46,115
03/31/2004,TIW,WA,ANM,WE,Federal Contract Tower,0,0,43,0,43,0,0,91,0,91,0,0,134,0,134,108,0,108,242
04/01/2004,TIW,WA,ANM,WE,Federal Contract Tower,0,1,17,0,18,0,3,72,0,75,0,4,89,0,93,86,0,86,179
04/02/2004,TIW,WA,ANM,WE,Federal Contract Tower,0,0,24,0,24,0,0,130,0,130,0,0,154,0,154,122,0,122,276
04/03/2004,TIW,WA,ANM,WE,Federal Contract Tower,0,1,25,0,26,0,3,230,0,233,0,4,255,0,259,122,0,122,381
04/04/2004,TIW,WA,ANM,WE,Federal Contract Tower,0,0,18,0,18,0,0,65,3,68,0,0,83,3,86,143,0,143,229
04/05/2004,TIW,WA,ANM,WE,Federal Contract Tower,0,0,3,0,3,0,0,45,0,45,0,0,48,0,48,73,0,73,121
04/06/2004,TIW,WA,ANM,WE,Federal Contract Tower,0,1,32,0,33,0,6,118,2,126,0,7,150,2,159,132,0,132,291
04/07/2004,TIW,WA,ANM,WE,Federal Contract Tower,0,1,37,0,38,0,6,85,0,91,0,7,122,0,129,144,0,144,273
04/08/2004,TIW,WA,ANM,WE,Federal Contract Tower,0,1,17,0,18,0,0,70,0,70,0,1,87,0,88,100,0,100,188
04/09/2004,TIW,WA,ANM,WE,Federal Contract Tower,0,1,26,0,27,0,2,153,0,155,0,3,179,0,182,134,0,134,316
04/10/2004,TIW,WA,ANM,WE,Federal Contract Tower,0,0,31,0,31,0,0,128,0,128,0,0,159,0,159,118,0,118,277
04/11/2004,TIW,WA,ANM,WE,Federal Contract Tower,0,0,11,0,11,0,0,97,0,97,0,0,108,0,108,130,0,130,238
04/12/2004,TIW,WA,ANM,WE,Federal Contract Tower,0,1,13,0,14,0,0,72,0,72,0,1,85,0,86,80,0,80,166
04/13/2004,TIW,WA,ANM,WE,Federal Contract Tower,0,1,24,0,25,0,1,130,0,131,0,2,154,0,156,92,0,92,248
04/14/2004,TIW,WA,ANM,WE,Federal Contract Tower,0,0,25,0,25,0,0,49,0,49,0,0,74,0,74,76,0,76,150
04/15/2004,TIW,WA,ANM,WE,Federal Contract Tower,0,1,45,0,46,0,0,50,0,50,0,1,95,0,96,44,0,44,140
04/16/2004,TIW,WA,ANM,WE,Federal Contract Tower,0,1,43,0,44,0,0,62,0,62,0,1,105,0,106,80,0,80,186
04/17/2004,TIW,WA,ANM,WE,Federal Contract Tower,0,1,46,0,47,0,1,154,0,155,0,2,200,0,202,182,0,182,384
04/18/2004,TIW,WA,ANM,WE,Federal Contract Tower,0,0,36,0,36,0,1,112,0,113,0,1,148,0,149,164,0,164,313
04/19/2004,TIW,WA,ANM,WE,Federal Contract Tower,0,0,19,0,19,0,5,48,0,53,0,5,67,0,72,64,0,64,136
04/20/2004,TIW,WA,ANM,WE,Federal Contract Tower,0,1,48,1,50,0,5,99,1,105,0,6,147,2,155,124,0,124,279
04/21/2004,TIW,WA,ANM,WE,Federal Contract Tower,0,0,43,0,43,0,0,75,0,75,0,0,118,0,118,68,0,68,186
04/22/2004,TIW,WA,ANM,WE,Federal Contract Tower,0,0,47,0,47,0,1,76,0,77,0,1,123,0,124,74,0,74,198
04/23/2004,TIW,WA,ANM,WE,Federal Contract Tower,0,0,35,0,35,0,0,58,0,58,0,0,93,0,93,84,0,84,177
04/24/2004,TIW,WA,ANM,WE,Federal Contract Tower,0,0,41,0,41,0,2,136,2,140,0,2,177,2,181,140,0,140,321
04/25/2004,TIW,WA,ANM,WE,Federal Contract Tower,0,0,25,0,25,0,0,200,0,200,0,0,225,0,225,124,0,124,349
04/26/2004,TIW,WA,ANM,WE,Federal Contract Tower,0,0,31,0,31,0,0,257,0,257,0,0,288,0,288,138,0,138,426
04/27/2004,TIW,WA,ANM,WE,Federal Contract Tower,0,0,23,0,23,0,0,30,6,36,0,0,53,6,59,88,0,88,147
04/28/2004,TIW,WA,ANM,WE,Federal Contract Tower,0,0,31,0,31,0,0,85,0,85,0,0,116,0,116,110,0,110,226
04/29/2004,TIW,WA,ANM,WE,Federal Contract Tower,0,0,28,0,28,0,0,80,0,80,0,0,108,0,108,152,0,152,260
04/30/2004,TIW,WA,ANM,WE,Federal Contract Tower,0,0,20,0,20,0,0,124,2,126,0,0,144,2,146,138,2,140,286
05/01/2004,TIW,WA,ANM,WE,Federal Contract Tower,0,2,28,0,30,0,0,236,4,240,0,2,264,4,270,60,0,60,330
05/02/2004,TIW,WA,ANM,WE,Federal Contract Tower,0,0,27,0,27,0,0,96,2,98,0,0,123,2,125,107,0,107,232
05/03/2004,TIW,WA,ANM,WE,Federal Contract Tower,0,1,34,0,35,0,0,119,0,119,0,1,153,0,154,156,0,156,310
05/04/2004,TIW,WA,ANM,WE,Federal Contract Tower,0,0,31,0,31,0,0,86,0,86,0,0,117,0,117,124,0,124,241
05/05/2004,TIW,WA,ANM,WE,Federal Contract Tower,0,0,30,0,30,0,0,117,4,121,0,0,147,4,151,234,0,234,385
05/06/2004,TIW,WA,ANM,WE,Federal Contract Tower,0,2,36,0,38,0,0,119,4,123,0,2,155,4,161,98,0,98,259
05/07/2004,TIW,WA,ANM,WE,Federal Contract Tower,0,2,39,0,41,0,0,25,1,26,0,2,64,1,67,16,0,16,83
05/08/2004,TIW,WA,ANM,WE,Federal Contract Tower,0,2,27,0,29,0,1,81,0,82,0,3,108,0,111,88,0,88,199
05/09/2004,TIW,WA,ANM,WE,Federal Contract Tower,0,1,28,1,30,0,2,111,1,114,0,3,139,2,144,17,0,17,161
05/10/2004,TIW,WA,ANM,WE,Federal Contract Tower,0,1,37,1,39,0,1,18,0,19,0,2,55,1,58,6,0,6,64
05/11/2004,TIW,WA,ANM,WE,Federal Contract Tower,0,0,49,0,49,0,0,53,0,53,0,0,102,0,102,56,0,56,158
05/12/2004,TIW,WA,ANM,WE,Federal Contract Tower,0,1,36,0,37,0,7,111,0,118,0,8,147,0,155,126,0,126,281
05/13/2004,TIW,WA,ANM,WE,Federal Contract Tower,0,0,43,1,44,0,0,244,3,247,0,0,287,4,291,178,0,178,469
05/14/2004,TIW,WA,ANM,WE,Federal Contract Tower,0,1,30,1,32,0,4,163,1,168,0,5,193,2,200,124,0,124,324
05/15/2004,TIW,WA,ANM,WE,Federal Contract Tower,0,0,22,1,23,0,0,114,1,115,0,0,136,2,138,171,2,173,311
05/16/2004,TIW,WA,ANM,WE,Federal Contract Tower,0,0,24,1,25,0,4,37,1,42,0,4,61,2,67,118,0,118,185
05/17/2004,TIW,WA,ANM,WE,Federal Contract Tower,0,1,27,0,28,0,0,63,0,63,0,1,90,0,91,84,0,84,175
05/18/2004,TIW,WA,ANM,WE,Federal Contract Tower,0,1,36,1,38,0,3,96,2,101,0,4,132,3,139,70,0,70,209
05/19/2004,TIW,WA,ANM,WE,Federal Contract Tower,0,1,47,1,49,0,0,150,1,151,0,1,197,2,200,156,2,158,358
05/20/2004,TIW,WA,ANM,WE,Federal Contract Tower,0,2,40,0,42,0,3,141,8,152,0,5,181,8,194,168,0,168,362
05/21/2004,TIW,WA,ANM,WE,Federal Contract Tower,0,2,46,0,48,0,0,96,0,96,0,2,142,0,144,62,0,62,206
05/22/2004,TIW,WA,ANM,WE,Federal Contract Tower,0,0,13,0,13,0,0,15,0,15,0,0,28,0,28,18,0,18,46
05/23/2004,TIW,WA,ANM,WE,Federal Contract Tower,0,2,46,0,48,0,2,88,0,90,0,4,134,0,138,222,0,222,360
05/24/2004,TIW,WA,ANM,WE,Federal Contract Tower,0,1,28,0,29,0,1,124,0,125,0,2,152,0,154,106,0,106,260
05/25/2004,TIW,WA,ANM,WE,Federal Contract Tower,0,2,48,0,50,0,1,154,6,161,0,3,202,6,211,244,0,244,455
05/26/2004,TIW,WA,ANM,WE,Federal Contract Tower,0,0,25,0,25,0,1,22,2,25,0,1,47,2,50,4,0,4,54
05/27/2004,TIW,WA,ANM,WE,Federal Contract Tower,0,1,30,0,31,0,2,18,2,22,0,3,48,2,53,12,0,12,65
05/28/2004,TIW,WA,ANM,WE,Federal Contract Tower,0,0,23,0,23,0,2,56,4,62,0,2,79,4,85,38,0,38,123
05/29/2004,TIW,WA,ANM,WE,Federal Contract Tower,0,0,26,0,26,0,0,88,0,88,0,0,114,0,114,132,0,132,246
05/30/2004,TIW,WA,ANM,WE,Federal Contract Tower,0,0,17,0,17,0,0,47,0,47,0,0,64,0,64,26,0,26,90
05/31/2004,TIW,WA,ANM,WE,Federal Contract Tower,0,0,21,0,21,0,0,153,0,153,0,0,174,0,174,268,0,268,442
06/01/2004,TIW,WA,ANM,WE,Federal Contract Tower,0,1,36,1,38,0,0,101,1,102,0,1,137,2,140,220,0,220,360
06/02/2004,TIW,WA,ANM,WE,Federal Contract Tower,0,1,41,1,43,0,3,229,3,235,0,4,270,4,278,148,2,150,428
06/03/2004,TIW,WA,ANM,WE,Federal Contract Tower,0,1,25,1,27,0,1,228,4,233,0,2,253,5,260,132,0,132,392
06/04/2004,TIW,WA,ANM,WE,Federal Contract Tower,0,0,39,1,40,0,0,273,16,289,0,0,312,17,329,134,0,134,463
06/05/2004,TIW,WA,ANM,WE,Federal Contract Tower,0,0,32,0,32,0,0,89,9,98,0,0,121,9,130,164,4,168,298
06/06/2004,TIW,WA,ANM,WE,Federal Contract Tower,0,0,28,0,28,0,0,87,0,87,0,0,115,0,115,102,0,102,217
06/07/2004,TIW,WA,ANM,WE,Federal Contract Tower,0,1,20,0,21,0,1,62,0,63,0,2,82,0,84,76,0,76,160
06/08/2004,TIW,WA,ANM,WE,Federal Contract Tower,0,0,12,0,12,0,0,96,4,100,0,0,108,4,112,100,0,100,212
06/09/2004,TIW,WA,ANM,WE,Federal Contract Tower,0,0,48,0,48,0,0,95,5,100,0,0,143,5,148,52,0,52,200
06/10/2004,TIW,WA,ANM,WE,Federal Contract Tower,0,1,28,0,29,0,6,33,0,39,0,7,61,0,68,30,0,30,98
06/11/2004,TIW,WA,ANM,WE,Federal Contract Tower,0,0,47,0,47,0,0,151,0,151,0,0,198,0,198,102,0,102,300
06/12/2004,TIW,WA,ANM,WE,Federal Contract Tower,0,1,23,0,24,0,14,194,0,208,0,15,217,0,232,138,10,148,380
06/13/2004,TIW,WA,ANM,WE,Federal Contract Tower,0,1,23,0,24,0,3,104,2,109,0,4,127,2,133,110,0,110,243
06/14/2004,TIW,WA,ANM,WE,Federal Contract Tower,0,0,27,0,27,0,0,137,0,137,0,0,164,0,164,170,0,170,334
06/15/2004,TIW,WA,ANM,WE,Federal Contract Tower,0,0,27,0,27,0,0,168,0,168,0,0,195,0,195,186,0,186,381
06/16/2004,TIW,WA,ANM,WE,Federal Contract Tower,0,1,32,0,33,0,0,163,2,165,0,1,195,2,198,100,0,100,298
06/17/2004,TIW,WA,ANM,WE,Federal Contract Tower,0,1,27,0,28,0,4,187,8,199,0,5,214,8,227,136,0,136,363
06/18/2004,TIW,WA,ANM,WE,Federal Contract Tower,0,0,22,1,23,0,5,110,7,122,0,5,132,8,145,36,10,46,191
06/19/2004,TIW,WA,ANM,WE,Federal Contract Tower,0,0,30,1,31,0,7,241,8,256,0,7,271,9,287,102,0,102,389
06/20/2004,TIW,WA,ANM,WE,Federal Contract Tower,0,0,20,0,20,0,0,180,0,180,0,0,200,0,200,238,0,238,438
06/21/2004,TIW,WA,ANM,WE,Federal Contract Tower,0,0,21,0,21,0,7,89,0,96,0,7,110,0,117,176,0,176,293
06/22/2004,TIW,WA,ANM,WE,Federal Contract Tower,0,0,25,0,25,0,0,65,0,65,0,0,90,0,90,148,0,148,238
06/23/2004,TIW,WA,ANM,WE,Federal Contract Tower,0,0,50,0,50,0,4,169,0,173,0,4,219,0,223,168,0,168,391
06/24/2004,TIW,WA,ANM,WE,Federal Contract Tower,0,0,47,1,48,0,6,141,2,149,0,6,188,3,197,122,4,126,323
06/25/2004,TIW,WA,ANM,WE,Federal Contract Tower,0,0,43,1,44,0,0,194,0,194,0,0,237,1,238,202,0,202,440
06/26/2004,TIW,WA,ANM,WE,Federal Contract Tower,0,0,32,0,32,0,3,285,0,288,0,3,317,0,320,288,0,288,608
06/27/2004,TIW,WA,ANM,WE,Federal Contract Tower,0,0,39,0,39,0,2,151,0,153,0,2,190,0,192,212,0,212,404
06/28/2004,TIW,WA,ANM,WE,Federal Contract Tower,0,0,33,0,33,0,0,140,0,140,0,0,173,0,173,192,0,192,365
06/29/2004,TIW,WA,ANM,WE,Federal Contract Tower,0,0,33,1,34,0,1,133,7,141,0,1,166,8,175,216,0,216,391
06/30/2004,TIW,WA,ANM,WE,Federal Contract Tower,0,0,39,0,39,0,3,310,0,313,0,3,349,0,352,138,11,149,501
07/01/2004,TIW,WA,ANM,WE,Federal Contract Tower,0,0,35,0,35,0,0,143,6,149,0,0,178,6,184,112,2,114,298
07/02/2004,TIW,WA,ANM,WE,Federal Contract Tower,0,1,24,0,25,0,7,249,4,260,0,8,273,4,285,162,0,162,447
07/03/2004,TIW,WA,ANM,WE,Federal Contract Tower,0,1,29,0,30,0,1,191,4,196,0,2,220,4,226,136,2,138,364
07/04/2004,TIW,WA,ANM,WE,Federal Contract Tower,0,0,12,0,12,0,0,155,0,155,0,0,167,0,167,86,0,86,253
07/05/2004,TIW,WA,ANM,WE,Federal Contract Tower,0,1,24,0,25,0,0,122,0,122,0,1,146,0,147,118,0,118,265
07/06/2004,TIW,WA,ANM,WE,Federal Contract Tower,0,1,52,0,53,0,1,48,0,49,0,2,100,0,102,26,0,26,128
07/07/2004,TIW,WA,ANM,WE,Federal Contract Tower,0,1,45,0,46,0,3,172,2,177,0,4,217,2,223,234,0,234,457
07/08/2004,TIW,WA,ANM,WE,Federal Contract Tower,0,1,52,0,53,0,0,149,4,153,0,1,201,4,206,296,0,296,502
07/09/2004,TIW,WA,ANM,WE,Federal Contract Tower,0,1,46,0,47,0,4,131,6,141,0,5,177,6,188,256,0,256,444
07/10/2004,TIW,WA,ANM,WE,Federal Contract Tower,0,0,30,0,30,0,0,148,0,148,0,0,178,0,178,142,1,143,321
07/11/2004,TIW,WA,ANM,WE,Federal Contract Tower,0,1,31,0,32,0,1,133,5,139,0,2,164,5,171,146,0,146,317
07/12/2004,TIW,WA,ANM,WE,Federal Contract Tower,0,0,27,0,27,0,0,129,4,133,0,0,156,4,160,324,0,324,484
07/13/2004,TIW,WA,ANM,WE,Federal Contract Tower,0,1,30,0,31,0,0,131,0,131,0,1,161,0,162,134,0,134,296
07/14/2004,TIW,WA,ANM,WE,Federal Contract Tower,0,0,27,0,27,0,1,135,0,136,0,1,162,0,163,138,0,138,301
07/15/2004,TIW,WA,ANM,WE,Federal Contract Tower,0,0,37,0,37,0,3,199,0,202,0,3,236,0,239,172,0,172,411
07/16/2004,TIW,WA,ANM,WE,Federal Contract Tower,0,0,31,1,32,0,2,167,1,170,0,2,198,2,202,192,0,192,394
07/17/2004,TIW,WA,ANM,WE,Federal Contract Tower,0,0,15,0,15,0,3,259,0,262,0,3,274,0,277,304,0,304,581
07/18/2004,TIW,WA,ANM,WE,Federal Contract Tower,0,0,25,0,25,0,2,123,0,125,0,2,148,0,150,200,0,200,350
07/19/2004,TIW,WA,ANM,WE,Federal Contract Tower,0,0,42,0,42,0,0,104,0,104,0,0,146,0,146,110,0,110,256
07/20/2004,TIW,WA,ANM,WE,Federal Contract Tower,0,0,39,0,39,0,0,113,0,113,0,0,152,0,152,126,0,126,278
07/21/2004,TIW,WA,ANM,WE,Federal Contract Tower,0,0,35,0,35,0,0,178,2,180,0,0,213,2,215,96,0,96,311
07/22/2004,TIW,WA,ANM,WE,Federal Contract Tower,0,0,36,0,36,0,12,281,0,293,0,12,317,0,329,202,0,202,531
07/23/2004,TIW,WA,ANM,WE,Federal Contract Tower,0,0,19,0,19,0,10,158,0,168,0,10,177,0,187,168,0,168,355
07/24/2004,TIW,WA,ANM,WE,Federal Contract Tower,0,0,4,0,4,0,3,216,0,219,0,3,220,0,223,173,0,173,396
07/25/2004,TIW,WA,ANM,WE,Federal Contract Tower,0,0,31,0,31,0,0,113,0,113,0,0,144,0,144,112,0,112,256
07/26/2004,TIW,WA,ANM,WE,Federal Contract Tower,0,0,36,0,36,0,0,98,2,100,0,0,134,2,136,120,0,120,256
07/27/2004,TIW,WA,ANM,WE,Federal Contract Tower,0,0,30,0,30,0,0,98,0,98,0,0,128,0,128,144,0,144,272
07/28/2004,TIW,WA,ANM,WE,Federal Contract Tower,0,0,48,0,48,0,2,147,2,151,0,2,195,2,199,136,2,138,337
07/29/2004,TIW,WA,ANM,WE,Federal Contract Tower,0,0,29,0,29,0,2,227,0,229,0,2,256,0,258,324,0,324,582
07/30/2004,TIW,WA,ANM,WE,Federal Contract Tower,0,0,57,0,57,0,8,80,1,89,0,8,137,1,146,106,0,106,252
07/31/2004,TIW,WA,ANM,WE,Federal Contract Tower,0,0,30,0,30,0,5,177,1,183,0,5,207,1,213,235,0,235,448
08/01/2004,TIW,WA,ANM,WE,Federal Contract Tower,0,0,21,0,21,0,0,79,0,79,0,0,100,0,100,76,0,76,176
08/02/2004,TIW,WA,ANM,WE,Federal Contract Tower,0,2,32,0,34,0,6,78,0,84,0,8,110,0,118,150,0,150,268
08/03/2004,TIW,WA,ANM,WE,Federal Contract Tower,0,2,40,0,42,0,0,70,0,70,0,2,110,0,112,116,0,116,228
08/04/2004,TIW,WA,ANM,WE,Federal Contract Tower,0,2,39,0,41,0,6,62,6,74,0,8,101,6,115,86,0,86,201
08/05/2004,TIW,WA,ANM,WE,Federal Contract Tower,0,0,20,0,20,0,0,154,4,158,0,0,174,4,178,202,0,202,380
08/06/2004,TIW,WA,ANM,WE,Federal Contract Tower,0,0,37,0,37,0,0,59,4,63,0,0,96,4,100,30,0,30,130
08/07/2004,TIW,WA,ANM,WE,Federal Contract Tower,0,1,27,0,28,0,1,145,0,146,0,2,172,0,174,236,0,236,410
08/08/2004,TIW,WA,ANM,WE,Federal Contract Tower,0,2,32,0,34,0,3,87,0,90,0,5,119,0,124,144,0,144,268
08/09/2004,TIW,WA,ANM,WE,Federal Contract Tower,0,0,30,0,30,0,0,118,0,118,0,0,148,0,148,120,0,120,268
08/10/2004,TIW,WA,ANM,WE,Federal Contract Tower,0,1,26,0,27,0,2,96,0,98,0,3,122,0,125,74,0,74,199
08/11/2004,TIW,WA,ANM,WE,Federal Contract Tower,0,0,25,0,25,0,0,189,0,189,0,0,214,0,214,134,0,134,348
08/12/2004,TIW,WA,ANM,WE,Federal Contract Tower,0,1,22,0,23,0,5,316,4,325,0,6,338,4,348,158,0,158,506
08/13/2004,TIW,WA,ANM,WE,Federal Contract Tower,0,2,31,0,33,0,5,137,0,142,0,7,168,0,175,48,0,48,223
08/14/2004,TIW,WA,ANM,WE,Federal Contract Tower,0,1,23,0,24,0,3,205,0,208,0,4,228,0,232,153,0,153,385
08/15/2004,TIW,WA,ANM,WE,Federal Contract Tower,0,1,19,0,20,0,2,112,0,114,0,3,131,0,134,134,0,134,268
08/16/2004,TIW,WA,ANM,WE,Federal Contract Tower,0,0,46,0,46,0,0,100,0,100,0,0,146,0,146,106,0,106,252
08/17/2004,TIW,WA,ANM,WE,Federal Contract Tower,0,1,32,0,33,0,0,94,0,94,0,1,126,0,127,178,0,178,305
08/18/2004,TIW,WA,ANM,WE,Federal Contract Tower,0,1,29,0,30,0,1,170,4,175,0,2,199,4,205,127,0,127,332
08/19/2004,TIW,WA,ANM,WE,Federal Contract Tower,0,0,27,0,27,0,2,309,2,313,0,2,336,2,340,158,0,158,498
08/20/2004,TIW,WA,ANM,WE,Federal Contract Tower,0,1,32,0,33,0,2,295,2,299,0,3,327,2,332,256,0,256,588
08/21/2004,TIW,WA,ANM,WE,Federal Contract Tower,0,0,67,0,67,0,0,43,0,43,0,0,110,0,110,26,0,26,136
08/22/2004,TIW,WA,ANM,WE,Federal Contract Tower,0,0,28,0,28,0,0,31,0,31,0,0,59,0,59,38,0,38,97
08/23/2004,TIW,WA,ANM,WE,Federal Contract Tower,0,0,35,0,35,0,0,90,0,90,0,0,125,0,125,209,0,209,334
08/24/2004,TIW,WA,ANM,WE,Federal Contract Tower,0,1,31,0,32,0,0,22,0,22,0,1,53,0,54,7,0,7,61
08/25/2004,TIW,WA,ANM,WE,Federal Contract Tower,0,0,19,0,19,0,2,25,2,29,0,2,44,2,48,16,0,16,64
08/26/2004,TIW,WA,ANM,WE,Federal Contract Tower,0,1,35,0,36,0,7,106,6,119,0,8,141,6,155,88,0,88,243
08/27/2004,TIW,WA,ANM,WE,Federal Contract Tower,0,1,38,0,39,0,1,172,6,179,0,2,210,6,218,214,2,216,434
08/28/2004,TIW,WA,ANM,WE,Federal Contract Tower,0,1,45,0,46,0,0,123,2,125,0,1,168,2,171,120,0,120,291
08/29/2004,TIW,WA,ANM,WE,Federal Contract Tower,0,0,29,0,29,0,0,72,0,72,0,0,101,0,101,96,0,96,197
08/30/2004,TIW,WA,ANM,WE,Federal Contract Tower,0,1,32,0,33,0,0,111,2,113,0,1,143,2,146,66,0,66,212
08/31/2004,TIW,WA,ANM,WE,Federal Contract Tower,0,1,37,0,38,0,2,68,0,70,0,3,105,0,108,82,0,82,190
09/01/2004,TIW,WA,ANM,WE,Federal Contract Tower,0,0,18,0,18,0,0,62,0,62,0,0,80,0,80,40,0,40,120
09/02/2004,TIW,WA,ANM,WE,Federal Contract Tower,0,2,28,0,30,0,3,168,0,171,0,5,196,0,201,164,0,164,365
09/03/2004,TIW,WA,ANM,WE,Federal Contract Tower,0,2,32,0,34,0,2,136,0,138,0,4,168,0,172,114,0,114,286
09/04/2004,TIW,WA,ANM,WE,Federal Contract Tower,0,2,23,0,25,0,1,205,4,210,0,3,228,4,235,130,0,130,365
09/05/2004,TIW,WA,ANM,WE,Federal Contract Tower,0,2,19,0,21,0,3,101,0,104,0,5,120,0,125,90,0,90,215
09/06/2004,TIW,WA,ANM,WE,Federal Contract Tower,0,0,20,0,20,0,0,160,0,160,0,0,180,0,180,118,0,118,298
09/07/2004,TIW,WA,ANM,WE,Federal Contract Tower,0,2,31,0,33,0,0,111,0,111,0,2,142,0,144,104,0,104,248
09/08/2004,TIW,WA,ANM,WE,Federal Contract Tower,0,3,34,0,37,0,1,84,2,87,0,4,118,2,124,50,0,50,174
09/09/2004,TIW,WA,ANM,WE,Federal Contract Tower,0,3,36,0,39,0,7,185,4,196,0,10,221,4,235,190,0,190,425
09/10/2004,TIW,WA,ANM,WE,Federal Contract Tower,0,1,31,0,32,0,0,145,3,148,0,1,176,3,180,186,0,186,366
09/11/2004,TIW,WA,ANM,WE,Federal Contract Tower,0,1,20,1,22,0,0,112,3,115,0,1,132,4,137,88,0,88,225
09/12/2004,TIW,WA,ANM,WE,Federal Contract Tower,0,0,18,1,19,0,0,128,2,130,0,0,146,3,149,134,0,134,283
09/13/2004,TIW,WA,ANM,WE,Federal Contract Tower,0,0,22,0,22,0,0,38,0,38,0,0,60,0,60,16,0,16,76
09/14/2004,TIW,WA,ANM,WE,Federal Contract Tower,0,0,13,0,13,0,2,53,2,57,0,2,66,2,70,146,0,146,216
09/15/2004,TIW,WA,ANM,WE,Federal Contract Tower,0,0,25,0,25,0,0,25,0,25,0,0,50,0,50,10,0,10,60
09/16/2004,TIW,WA,ANM,WE,Federal Contract Tower,0,1,25,0,26,0,3,154,6,163,0,4,179,6,189,172,0,172,361
09/17/2004,TIW,WA,ANM,WE,Federal Contract Tower,0,1,24,0,25,0,1,146,4,151,0,2,170,4,176,86,0,86,262
09/18/2004,TIW,WA,ANM,WE,Federal Contract Tower,0,0,18,0,18,0,2,39,0,41,0,2,57,0,59,29,0,29,88
09/19/2004,TIW,WA,ANM,WE,Federal Contract Tower,0,0,18,0,18,0,2,74,0,76,0,2,92,0,94,110,0,110,204
09/20/2004,TIW,WA,ANM,WE,Federal Contract Tower,0,0,37,0,37,0,0,83,0,83,0,0,120,0,120,118,0,118,238
09/21/2004,TIW,WA,ANM,WE,Federal Contract Tower,0,2,44,0,46,0,15,89,0,104,0,17,133,0,150,216,0,216,366
09/22/2004,TIW,WA,ANM,WE,Federal Contract Tower,0,1,30,0,31,0,17,20,0,37,0,18,50,0,68,10,0,10,78
09/23/2004,TIW,WA,ANM,WE,Federal Contract Tower,0,0,39,0,39,0,0,139,1,140,0,0,178,1,179,202,0,202,381
09/24/2004,TIW,WA,ANM,WE,Federal Contract Tower,0,2,37,0,39,0,0,212,0,212,0,2,249,0,251,228,0,228,479
09/25/2004,TIW,WA,ANM,WE,Federal Contract Tower,0,0,19,0,19,0,0,127,0,127,0,0,146,0,146,180,2,182,328
09/26/2004,TIW,WA,ANM,WE,Federal Contract Tower,0,0,20,0,20,0,0,23,0,23,0,0,43,0,43,55,1,56,99
09/27/2004,TIW,WA,ANM,WE,Federal Contract Tower,0,0,21,0,21,0,0,161,0,161,0,0,182,0,182,208,0,208,390
09/28/2004,TIW,WA,ANM,WE,Federal Contract Tower,0,2,37,0,39,0,1,61,0,62,0,3,98,0,101,130,0,130,231
09/29/2004,TIW,WA,ANM,WE,Federal Contract Tower,0,2,41,0,43,0,7,122,0,129,0,9,163,0,172,90,0,90,262
09/30/2004,TIW,WA,ANM,WE,Federal Contract Tower,0,2,40,0,42,0,8,183,0,191,0,10,223,0,233,140,0,140,373
10/01/2004,TIW,WA,ANM,WE,Federal Contract Tower,0,3,48,0,51,0,2,405,0,407,0,5,453,0,458,156,0,156,614
10/02/2004,TIW,WA,ANM,WE,Federal Contract Tower,0,2,17,0,19,0,0,293,0,293,0,2,310,0,312,340,0,340,652
10/03/2004,TIW,WA,ANM,WE,Federal Contract Tower,0,0,19,0,19,0,0,69,0,69,0,0,88,0,88,102,0,102,190
10/04/2004,TIW,WA,ANM,WE,Federal Contract Tower,0,0,17,0,17,0,0,6,0,6,0,0,23,0,23,0,0,0,23
10/05/2004,TIW,WA,ANM,WE,Federal Contract Tower,0,0,36,0,36,0,0,78,0,78,0,0,114,0,114,110,0,110,224
10/06/2004,TIW,WA,ANM,WE,Federal Contract Tower,0,0,41,0,41,0,0,215,4,219,0,0,256,4,260,180,0,180,440
10/07/2004,TIW,WA,ANM,WE,Federal Contract Tower,0,2,27,0,29,0,3,220,4,227,0,5,247,4,256,78,0,78,334
10/08/2004,TIW,WA,ANM,WE,Federal Contract Tower,0,0,25,0,25,0,0,18,0,18,0,0,43,0,43,6,0,6,49
10/09/2004,TIW,WA,ANM,WE,Federal Contract Tower,0,0,35,0,35,0,1,75,0,76,0,1,110,0,111,45,0,45,156
10/10/2004,TIW,WA,ANM,WE,Federal Contract Tower,0,0,36,0,36,0,0,78,0,78,0,0,114,0,114,230,0,230,344
10/11/2004,TIW,WA,ANM,WE,Federal Contract Tower,0,0,45,0,45,0,0,38,0,38,0,0,83,0,83,168,0,168,251
10/12/2004,TIW,WA,ANM,WE,Federal Contract Tower,0,1,48,0,49,0,2,89,0,91,0,3,137,0,140,158,0,158,298
10/13/2004,TIW,WA,ANM,WE,Federal Contract Tower,0,1,35,0,36,0,1,295,0,296,0,2,330,0,332,90,0,90,422
10/14/2004,TIW,WA,ANM,WE,Federal Contract Tower,0,0,32,0,32,0,21,330,2,353,0,21,362,2,385,152,0,152,537
10/15/2004,TIW,WA,ANM,WE,Federal Contract Tower,0,0,38,0,38,0,6,69,2,77,0,6,107,2,115,20,0,20,135
10/16/2004,TIW,WA,ANM,WE,Federal Contract Tower,0,0,19,0,19,0,0,15,1,16,0,0,34,1,35,14,0,14,49
10/17/2004,TIW,WA,ANM,WE,Federal Contract Tower,0,2,17,0,19,0,2,18,0,20,0,4,35,0,39,2,0,2,41
10/18/2004,TIW,WA,ANM,WE,Federal Contract Tower,0,2,17,0,19,0,0,65,0,65,0,2,82,0,84,98,0,98,182
10/19/2004,TIW,WA,ANM,WE,Federal Contract Tower,0,0,19,0,19,0,0,42,0,42,0,0,61,0,61,110,0,110,171
10/20/2004,TIW,WA,ANM,WE,Federal Contract Tower,0,4,59,0,63,0,0,376,0,376,0,4,435,0,439,224,0,224,663
10/21/2004,TIW,WA,ANM,WE,Federal Contract Tower,0,1,27,0,28,0,6,122,0,128,0,7,149,0,156,124,0,124,280
10/22/2004,TIW,WA,ANM,WE,Federal Contract Tower,0,0,37,0,37,0,0,25,4,29,0,0,62,4,66,26,2,28,94
10/23/2004,TIW,WA,ANM,WE,Federal Contract Tower,0,0,22,0,22,0,2,201,0,203,0,2,223,0,225,216,0,216,441
10/24/2004,TIW,WA,ANM,WE,Federal Contract Tower,0,0,32,0,32,0,1,156,2,159,0,1,188,2,191,162,0,162,353
10/25/2004,TIW,WA,ANM,WE,Federal Contract Tower,0,0,28,0,28,0,0,74,0,74,0,0,102,0,102,78,0,78,180
10/26/2004,TIW,WA,ANM,WE,Federal Contract Tower,0,0,33,0,33,0,0,91,0,91,0,0,124,0,124,104,0,104,228
10/27/2004,TIW,WA,ANM,WE,Federal Contract Tower,0,0,43,0,43,0,0,246,4,250,0,0,289,4,293,164,0,164,457
10/28/2004,TIW,WA,ANM,WE,Federal Contract Tower,0,7,35,0,42,0,7,35,4,46,0,14,70,4,88,20,0,20,108
10/29/2004,TIW,WA,ANM,WE,Federal Contract Tower,0,4,44,0,48,0,3,172,2,177,0,7,216,2,225,100,0,100,325
10/30/2004,TIW,WA,ANM,WE,Federal Contract Tower,0,3,23,0,26,0,0,115,0,115,0,3,138,0,141,78,0,78,219
10/31/2004,TIW,WA,ANM,WE,Federal Contract Tower,0,0,14,0,14,0,1,283,0,284,0,1,297,0,298,201,0,201,499
11/01/2004,TIW,WA,ANM,WE,Federal Contract Tower,0,2,15,0,17,0,0,8,0,8,0,2,23,0,25,0,0,0,25
11/02/2004,TIW,WA,ANM,WE,Federal Contract Tower,0,2,25,0,27,0,2,27,2,31,0,4,52,2,58,56,0,56,114
11/03/2004,TIW,WA,ANM,WE,Federal Contract Tower,0,0,0,0,0,0,0,126,8,134,0,0,126,8,134,130,0,130,264
11/04/2004,TIW,WA,ANM,WE,Federal Contract Tower,0,2,22,0,24,0,0,175,4,179,0,2,197,4,203,188,2,190,393
11/05/2004,TIW,WA,ANM,WE,Federal Contract Tower,0,5,25,2,32,0,4,96,1,101,0,9,121,3,133,74,0,74,207
11/06/2004,TIW,WA,ANM,WE,Federal Contract Tower,0,7,21,0,28,0,10,240,0,250,0,17,261,0,278,232,0,232,510
11/07/2004,TIW,WA,ANM,WE,Federal Contract Tower,0,0,20,0,20,0,2,172,6,180,0,2,192,6,200,160,2,162,362
11/08/2004,TIW,WA,ANM,WE,Federal Contract Tower,0,0,12,0,12,0,0,12,0,12,0,0,24,0,24,0,0,0,24
11/09/2004,TIW,WA,ANM,WE,Federal Contract Tower,0,3,31,4,38,0,0,96,4,100,0,3,127,8,138,178,0,178,316
11/10/2004,TIW,WA,ANM,WE,Federal Contract Tower,0,0,27,0,27,0,2,56,4,62,0,2,83,4,89,22,0,22,111
11/11/2004,TIW,WA,ANM,WE,Federal Contract Tower,0,0,27,1,28,0,0,139,0,139,0,0,166,1,167,132,0,132,299
11/12/2004,TIW,WA,ANM,WE,Federal Contract Tower,0,0,16,0,16,0,5,38,0,43,0,5,54,0,59,18,0,18,77
11/13/2004,TIW,WA,ANM,WE,Federal Contract Tower,0,2,24,0,26,0,0,166,0,166,0,2,190,0,192,228,0,228,420
11/14/2004,TIW,WA,ANM,WE,Federal Contract Tower,0,0,31,0,31,0,0,54,0,54,0,0,85,0,85,84,0,84,169
11/15/2004,TIW,WA,ANM,WE,Federal Contract Tower,0,0,23,0,23,0,0,22,0,22,0,0,45,0,45,50,0,50,95
11/16/2004,TIW,WA,ANM,WE,Federal Contract Tower,0,0,42,0,42,0,0,57,0,57,0,0,99,0,99,70,0,70,169
11/17/2004,TIW,WA,ANM,WE,Federal Contract Tower,0,4,29,0,33,0,0,303,0,303,0,4,332,0,336,82,0,82,418
11/18/2004,TIW,WA,ANM,WE,Federal Contract Tower,0,0,18,0,18,0,2,43,4,49,0,2,61,4,67,14,0,14,81
11/19/2004,TIW,WA,ANM,WE,Federal Contract Tower,0,4,24,0,28,0,2,338,5,345,0,6,362,5,373,176,0,176,549
11/20/2004,TIW,WA,ANM,WE,Federal Contract Tower,0,0,32,0,32,0,2,72,0,74,0,2,104,0,106,108,0,108,214
11/21/2004,TIW,WA,ANM,WE,Federal Contract Tower,0,0,34,0,34,0,0,55,0,55,0,0,89,0,89,62,0,62,151
11/22/2004,TIW,WA,ANM,WE,Federal Contract Tower,0,3,25,0,28,0,2,9,0,11,0,5,34,0,39,14,0,14,53
11/23/2004,TIW,WA,ANM,WE,Federal Contract Tower,0,2,49,0,51,0,0,49,2,51,0,2,98,2,102,36,0,36,138
11/24/2004,TIW,WA,ANM,WE,Federal Contract Tower,0,0,11,1,12,0,0,21,1,22,0,0,32,2,34,10,4,14,48
11/25/2004,TIW,WA,ANM,WE,Federal Contract Tower,0,0,2,0,2,0,0,21,0,21,0,0,23,0,23,10,0,10,33
11/26/2004,TIW,WA,ANM,WE,Federal Contract Tower,0,2,19,0,21,0,2,183,0,185,0,4,202,0,206,120,0,120,326
11/27/2004,TIW,WA,ANM,WE,Federal Contract Tower,0,0,28,0,28,0,2,135,0,137,0,2,163,0,165,272,0,272,437
11/28/2004,TIW,WA,ANM,WE,Federal Contract Tower,0,0,32,0,32,0,0,119,0,119,0,0,151,0,151,204,0,204,355
11/29/2004,TIW,WA,ANM,WE,Federal Contract Tower,0,0,13,0,13,0,0,18,0,18,0,0,31,0,31,8,0,8,39
11/30/2004,TIW,WA,ANM,WE,Federal Contract Tower,0,2,22,0,24,0,0,9,0,9,0,2,31,0,33,0,0,0,33
12/01/2004,TIW,WA,ANM,WE,Federal Contract Tower,0,0,27,0,27,0,2,128,0,130,0,2,155,0,157,146,0,146,303
12/02/2004,TIW,WA,ANM,WE,Federal Contract Tower,0,3,29,0,32,0,3,90,0,93,0,6,119,0,125,92,0,92,217
12/03/2004,TIW,WA,ANM,WE,Federal Contract Tower,0,1,52,0,53,0,5,103,0,108,0,6,155,0,161,240,0,240,401
12/04/2004,TIW,WA,ANM,WE,Federal Contract Tower,0,2,22,0,24,0,2,20,0,22,0,4,42,0,46,22,0,22,68
12/05/2004,TIW,WA,ANM,WE,Federal Contract Tower,0,5,18,0,23,0,5,42,0,47,0,10,60,0,70,80,0,80,150
12/06/2004,TIW,WA,ANM,WE,Federal Contract Tower,0,2,17,0,19,0,0,52,0,52,0,2,69,0,71,100,0,100,171
12/07/2004,TIW,WA,ANM,WE,Federal Contract Tower,0,0,16,0,16,0,0,24,0,24,0,0,40,0,40,80,0,80,120
12/08/2004,TIW,WA,ANM,WE,Federal Contract Tower,0,0,21,0,21,0,0,35,0,35,0,0,56,0,56,26,0,26,82
12/09/2004,TIW,WA,ANM,WE,Federal Contract Tower,0,0,44,0,44,0,0,47,0,47,0,0,91,0,91,24,2,26,117
12/10/2004,TIW,WA,ANM,WE,Federal Contract Tower,0,3,25,0,28,0,1,35,2,38,0,4,60,2,66,16,0,16,82
12/11/2004,TIW,WA,ANM,WE,Federal Contract Tower,0,0,24,0,24,0,4,203,0,207,0,4,227,0,231,143,0,143,374
12/12/2004,TIW,WA,ANM,WE,Federal Contract Tower,0,0,3,0,3,0,0,56,0,56,0,0,59,0,59,74,0,74,133
12/13/2004,TIW,WA,ANM,WE,Federal Contract Tower,0,2,20,0,22,0,1,55,0,56,0,3,75,0,78,50,0,50,128
12/14/2004,TIW,WA,ANM,WE,Federal Contract Tower,0,0,41,1,42,0,4,27,1,32,0,4,68,2,74,4,0,4,78
12/15/2004,TIW,WA,ANM,WE,Federal Contract Tower,0,0,31,0,31,0,0,225,0,225,0,0,256,0,256,176,0,176,432
12/16/2004,TIW,WA,ANM,WE,Federal Contract Tower,0,2,20,0,22,0,2,41,2,45,0,4,61,2,67,58,0,58,125
12/17/2004,TIW,WA,ANM,WE,Federal Contract Tower,0,0,36,0,36,0,0,15,0,15,0,0,51,0,51,2,0,2,53
12/18/2004,TIW,WA,ANM,WE,Federal Contract Tower,0,0,23,0,23,0,0,67,0,67,0,0,90,0,90,81,0,81,171
12/19/2004,TIW,WA,ANM,WE,Federal Contract Tower,0,0,24,0,24,0,0,44,0,44,0,0,68,0,68,52,0,52,120
12/20/2004,TIW,WA,ANM,WE,Federal Contract Tower,0,2,29,0,31,0,3,113,1,117,0,5,142,1,148,134,0,134,282
12/21/2004,TIW,WA,ANM,WE,Federal Contract Tower,0,4,36,0,40,0,4,92,2,98,0,8,128,2,138,42,0,42,180
12/22/2004,TIW,WA,ANM,WE,Federal Contract Tower,0,0,36,0,36,0,0,48,2,50,0,0,84,2,86,46,0,46,132
12/23/2004,TIW,WA,ANM,WE,Federal Contract Tower,0,16,34,0,50,0,0,18,0,18,0,16,52,0,68,0,0,0,68
12/24/2004,TIW,WA,ANM,WE,Federal Contract Tower,0,4,7,0,11,0,0,2,0,2,0,4,9,0,13,0,0,0,13
12/25/2004,TIW,WA,ANM,WE,Federal Contract Tower,0,0,0,0,0,0,0,0,0,0,0,0,0,0,0,0,0,0,0
12/26/2004,TIW,WA,ANM,WE,Federal Contract Tower,0,0,14,0,14,0,0,78,0,78,0,0,92,0,92,124,0,124,216
12/27/2004,TIW,WA,ANM,WE,Federal Contract Tower,0,2,28,0,30,0,2,124,0,126,0,4,152,0,156,182,0,182,338
12/28/2004,TIW,WA,ANM,WE,Federal Contract Tower,0,2,21,1,24,0,2,15,0,17,0,4,36,1,41,0,0,0,41
12/29/2004,TIW,WA,ANM,WE,Federal Contract Tower,0,0,36,1,37,0,0,12,1,13,0,0,48,2,50,4,0,4,54
12/30/2004,TIW,WA,ANM,WE,Federal Contract Tower,0,0,33,0,33,0,0,23,0,23,0,0,56,0,56,12,0,12,68
12/31/2004,TIW,WA,ANM,WE,Federal Contract Tower,0,0,21,0,21,0,0,327,0,327,0,0,348,0,348,102,0,102,450
01/01/2005,TIW,WA,ANM,WE,Federal Contract Tower,0,0,7,0,7,0,0,27,2,29,0,0,34,2,36,25,0,25,61
01/02/2005,TIW,WA,ANM,WE,Federal Contract Tower,0,0,19,0,19,0,0,112,0,112,0,0,131,0,131,210,0,210,341
01/03/2005,TIW,WA,ANM,WE,Federal Contract Tower,0,2,16,0,18,0,0,95,0,95,0,2,111,0,113,144,0,144,257
01/04/2005,TIW,WA,ANM,WE,Federal Contract Tower,0,0,27,0,27,0,0,93,0,93,0,0,120,0,120,90,0,90,210
01/05/2005,TIW,WA,ANM,WE,Federal Contract Tower,0,2,35,0,37,0,2,186,0,188,0,4,221,0,225,112,0,112,337
01/06/2005,TIW,WA,ANM,WE,Federal Contract Tower,0,5,16,0,21,0,4,21,4,29,0,9,37,4,50,4,0,4,54
01/07/2005,TIW,WA,ANM,WE,Federal Contract Tower,0,0,17,0,17,0,4,57,1,62,0,4,74,1,79,56,0,56,135
01/08/2005,TIW,WA,ANM,WE,Federal Contract Tower,0,3,13,0,16,0,2,116,0,118,0,5,129,0,134,122,0,122,256
01/09/2005,TIW,WA,ANM,WE,Federal Contract Tower,0,4,6,0,10,0,2,9,0,11,0,6,15,0,21,0,0,0,21
01/10/2005,TIW,WA,ANM,WE,Federal Contract Tower,0,3,19,0,22,0,2,75,0,77,0,5,94,0,99,50,0,50,149
01/11/2005,TIW,WA,ANM,WE,Federal Contract Tower,0,3,32,0,35,0,1,56,6,63,0,4,88,6,98,98,0,98,196
01/12/2005,TIW,WA,ANM,WE,Federal Contract Tower,0,2,13,0,15,0,2,57,0,59,0,4,70,0,74,0,0,0,74
01/13/2005,TIW,WA,ANM,WE,Federal Contract Tower,0,1,44,0,45,0,2,158,4,164,0,3,202,4,209,86,0,86,295
01/14/2005,TIW,WA,ANM,WE,Federal Contract Tower,0,1,29,0,30,0,1,235,0,236,0,2,264,0,266,156,0,156,422
01/15/2005,TIW,WA,ANM,WE,Federal Contract Tower,0,0,4,0,4,0,0,41,0,41,0,0,45,0,45,47,0,47,92
01/16/2005,TIW,WA,ANM,WE,Federal Contract Tower,0,0,17,0,17,0,0,27,0,27,0,0,44,0,44,72,0,72,116
01/17/2005,TIW,WA,ANM,WE,Federal Contract Tower,0,4,7,0,11,0,4,1,0,5,0,8,8,0,16,0,0,0,16
01/18/2005,TIW,WA,ANM,WE,Federal Contract Tower,0,1,13,0,14,0,0,10,0,10,0,1,23,0,24,0,0,0,24
01/19/2005,TIW,WA,ANM,WE,Federal Contract Tower,0,1,30,2,33,0,1,152,2,155,0,2,182,4,188,114,0,114,302
01/20/2005,TIW,WA,ANM,WE,Federal Contract Tower,0,0,30,1,31,0,0,41,1,42,0,0,71,2,73,14,0,14,87
01/21/2005,TIW,WA,ANM,WE,Federal Contract Tower,0,0,40,0,40,0,0,43,0,43,0,0,83,0,83,12,0,12,95
01/22/2005,TIW,WA,ANM,WE,Federal Contract Tower,0,2,32,0,34,0,1,12,0,13,0,3,44,0,47,16,0,16,63
01/23/2005,TIW,WA,ANM,WE,Federal Contract Tower,0,0,25,0,25,0,0,113,0,113,0,0,138,0,138,166,0,166,304
01/24/2005,TIW,WA,ANM,WE,Federal Contract Tower,0,2,19,0,21,0,0,96,2,98,0,2,115,2,119,170,0,170,289
01/25/2005,TIW,WA,ANM,WE,Federal Contract Tower,0,0,9,0,9,0,0,8,0,8,0,0,17,0,17,0,0,0,17
01/26/2005,TIW,WA,ANM,WE,Federal Contract Tower,0,3,33,0,36,0,1,37,2,40,0,4,70,2,76,10,0,10,86
01/27/2005,TIW,WA,ANM,WE,Federal Contract Tower,0,1,29,0,30,0,1,162,0,163,0,2,191,0,193,214,0,214,407
01/28/2005,TIW,WA,ANM,WE,Federal Contract Tower,0,1,34,0,35,0,18,212,2,232,0,19,246,2,267,220,0,220,487
01/29/2005,TIW,WA,ANM,WE,Federal Contract Tower,0,1,49,0,50,0,3,69,0,72,0,4,118,0,122,47,0,47,169
01/30/2005,TIW,WA,ANM,WE,Federal Contract Tower,0,3,45,0,48,0,3,140,0,143,0,6,185,0,191,192,0,192,383
01/31/2005,TIW,WA,ANM,WE,Federal Contract Tower,0,1,20,0,21,0,2,53,2,57,0,3,73,2,78,102,0,102,180
02/01/2005,TIW,WA,ANM,WE,Federal Contract Tower,0,0,14,0,14,0,2,131,2,135,0,2,145,2,149,208,0,208,357
02/02/2005,TIW,WA,ANM,WE,Federal Contract Tower,0,1,13,0,14,0,1,252,0,253,0,2,265,0,267,162,0,162,429
02/03/2005,TIW,WA,ANM,WE,Federal Contract Tower,0,4,37,1,42,0,0,19,0,19,0,4,56,1,61,0,0,0,61
02/04/2005,TIW,WA,ANM,WE,Federal Contract Tower,0,0,18,0,18,0,2,60,2,64,0,2,78,2,82,24,0,24,106
02/05/2005,TIW,WA,ANM,WE,Federal Contract Tower,0,0,31,0,31,0,0,269,8,277,0,0,300,8,308,145,0,145,453
02/06/2005,TIW,WA,ANM,WE,Federal Contract Tower,0,0,7,0,7,0,0,22,0,22,0,0,29,0,29,6,0,6,35
02/07/2005,TIW,WA,ANM,WE,Federal Contract Tower,0,2,25,0,27,0,1,90,0,91,0,3,115,0,118,164,0,164,282
02/08/2005,TIW,WA,ANM,WE,Federal Contract Tower,0,1,31,0,32,0,1,90,0,91,0,2,121,0,123,182,0,182,305
02/09/2005,TIW,WA,ANM,WE,Federal Contract Tower,0,1,29,2,32,0,0,111,2,113,0,1,140,4,145,102,0,102,247
02/10/2005,TIW,WA,ANM,WE,Federal Contract Tower,0,0,20,0,20,0,0,255,0,255,0,0,275,0,275,94,0,94,369
02/11/2005,TIW,WA,ANM,WE,Federal Contract Tower,0,0,15,0,15,0,0,191,2,193,0,0,206,2,208,126,0,126,334
02/12/2005,TIW,WA,ANM,WE,Federal Contract Tower,0,2,14,0,16,0,2,41,0,43,0,4,55,0,59,23,0,23,82
02/13/2005,TIW,WA,ANM,WE,Federal Contract Tower,0,0,19,0,19,0,0,113,0,113,0,0,132,0,132,140,0,140,272
02/14/2005,TIW,WA,ANM,WE,Federal Contract Tower,0,4,16,0,20,0,4,44,0,48,0,8,60,0,68,80,0,80,148
02/15/2005,TIW,WA,ANM,WE,Federal Contract Tower,0,4,28,0,32,0,7,69,0,76,0,11,97,0,108,80,0,80,188
02/16/2005,TIW,WA,ANM,WE,Federal Contract Tower,0,2,34,3,39,0,4,198,3,205,0,6,232,6,244,118,0,118,362
02/17/2005,TIW,WA,ANM,WE,Federal Contract Tower,0,4,39,0,43,0,4,262,2,268,0,8,301,2,311,130,0,130,441
02/18/2005,TIW,WA,ANM,WE,Federal Contract Tower,0,1,27,0,28,0,9,326,0,335,0,10,353,0,363,214,0,214,577
02/19/2005,TIW,WA,ANM,WE,Federal Contract Tower,0,2,35,0,37,0,3,239,0,242,0,5,274,0,279,241,0,241,520
02/20/2005,TIW,WA,ANM,WE,Federal Contract Tower,0,2,21,0,23,0,3,172,0,175,0,5,193,0,198,120,0,120,318
02/21/2005,TIW,WA,ANM,WE,Federal Contract Tower,0,0,27,0,27,0,0,139,0,139,0,0,166,0,166,154,0,154,320
02/22/2005,TIW,WA,ANM,WE,Federal Contract Tower,0,0,25,0,25,0,9,100,0,109,0,9,125,0,134,110,0,110,244
02/23/2005,TIW,WA,ANM,WE,Federal Contract Tower,0,0,23,0,23,0,6,106,0,112,0,6,129,0,135,103,2,105,240
02/24/2005,TIW,WA,ANM,WE,Federal Contract Tower,0,2,31,0,33,0,2,137,1,140,0,4,168,1,173,184,0,184,357
02/25/2005,TIW,WA,ANM,WE,Federal Contract Tower,0,0,49,0,49,0,2,237,3,242,0,2,286,3,291,132,0,132,423
02/26/2005,TIW,WA,ANM,WE,Federal Contract Tower,0,0,37,1,38,0,0,42,2,44,0,0,79,3,82,40,4,44,126
02/27/2005,TIW,WA,ANM,WE,Federal Contract Tower,0,0,23,0,23,0,0,95,0,95,0,0,118,0,118,58,0,58,176
02/28/2005,TIW,WA,ANM,WE,Federal Contract Tower,0,2,23,0,25,0,3,39,0,42,0,5,62,0,67,96,0,96,163
03/01/2005,TIW,WA,ANM,WE,Federal Contract Tower,0,0,25,0,25,0,0,63,0,63,0,0,88,0,88,106,0,106,194
03/02/2005,TIW,WA,ANM,WE,Federal Contract Tower,0,0,17,0,17,0,0,65,2,67,0,0,82,2,84,118,0,118,202
03/03/2005,TIW,WA,ANM,WE,Federal Contract Tower,0,1,24,0,25,0,1,261,2,264,0,2,285,2,289,152,0,152,441
03/04/2005,TIW,WA,ANM,WE,Federal Contract Tower,0,2,31,0,33,0,0,296,0,296,0,2,327,0,329,158,0,158,487
03/05/2005,TIW,WA,ANM,WE,Federal Contract Tower,0,2,36,0,38,0,3,181,5,189,0,5,217,5,227,156,0,156,383
03/06/2005,TIW,WA,ANM,WE,Federal Contract Tower,0,3,26,0,29,0,3,169,0,172,0,6,195,0,201,278,0,278,479
03/07/2005,TIW,WA,ANM,WE,Federal Contract Tower,0,3,27,0,30,0,4,63,0,67,0,7,90,0,97,178,0,178,275
03/08/2005,TIW,WA,ANM,WE,Federal Contract Tower,0,1,25,0,26,0,0,88,2,90,0,1,113,2,116,84,0,84,200
03/09/2005,TIW,WA,ANM,WE,Federal Contract Tower,0,1,33,2,36,0,0,82,2,84,0,1,115,4,120,72,0,72,192
03/10/2005,TIW,WA,ANM,WE,Federal Contract Tower,0,2,19,0,21,0,5,129,4,138,0,7,148,4,159,192,0,192,351
03/11/2005,TIW,WA,ANM,WE,Federal Contract Tower,0,0,30,0,30,0,4,337,0,341,0,4,367,0,371,162,0,162,533
03/12/2005,TIW,WA,ANM,WE,Federal Contract Tower,0,0,22,0,22,0,0,250,0,250,0,0,272,0,272,170,0,170,442
03/13/2005,TIW,WA,ANM,WE,Federal Contract Tower,0,0,33,0,33,0,0,170,0,170,0,0,203,0,203,100,0,100,303
03/14/2005,TIW,WA,ANM,WE,Federal Contract Tower,0,2,18,0,20,0,0,87,0,87,0,2,105,0,107,128,0,128,235
03/15/2005,TIW,WA,ANM,WE,Federal Contract Tower,0,3,38,0,41,0,1,76,0,77,0,4,114,0,118,106,0,106,224
03/16/2005,TIW,WA,ANM,WE,Federal Contract Tower,0,0,7,0,7,0,0,16,0,16,0,0,23,0,23,0,0,0,23
03/17/2005,TIW,WA,ANM,WE,Federal Contract Tower,0,0,45,1,46,0,4,237,4,245,0,4,282,5,291,172,0,172,463
03/18/2005,TIW,WA,ANM,WE,Federal Contract Tower,0,1,33,1,35,0,3,395,2,400,0,4,428,3,435,248,0,248,683
03/19/2005,TIW,WA,ANM,WE,Federal Contract Tower,0,0,12,0,12,0,0,27,0,27,0,0,39,0,39,26,0,26,65
03/20/2005,TIW,WA,ANM,WE,Federal Contract Tower,0,3,18,0,21,0,6,21,1,28,0,9,39,1,49,14,0,14,63
03/21/2005,TIW,WA,ANM,WE,Federal Contract Tower,0,0,47,0,47,0,0,73,0,73,0,0,120,0,120,108,0,108,228
03/22/2005,TIW,WA,ANM,WE,Federal Contract Tower,0,1,29,0,30,0,0,45,0,45,0,1,74,0,75,72,0,72,147
03/23/2005,TIW,WA,ANM,WE,Federal Contract Tower,0,4,45,1,50,0,4,187,7,198,0,8,232,8,248,136,0,136,384
03/24/2005,TIW,WA,ANM,WE,Federal Contract Tower,0,0,31,0,31,0,2,218,0,220,0,2,249,0,251,174,0,174,425
03/25/2005,TIW,WA,ANM,WE,Federal Contract Tower,0,2,36,0,38,0,2,217,2,221,0,4,253,2,259,232,0,232,491
03/26/2005,TIW,WA,ANM,WE,Federal Contract Tower,0,0,12,0,12,0,0,14,0,14,0,0,26,0,26,9,0,9,35
03/27/2005,TIW,WA,ANM,WE,Federal Contract Tower,0,3,31,1,35,0,0,33,0,33,0,3,64,1,68,24,0,24,92
03/28/2005,TIW,WA,ANM,WE,Federal Contract Tower,0,1,17,1,19,0,2,21,0,23,0,3,38,1,42,8,0,8,50
03/29/2005,TIW,WA,ANM,WE,Federal Contract Tower,0,2,7,0,9,0,0,8,0,8,0,2,15,0,17,4,0,4,21
03/30/2005,TIW,WA,ANM,WE,Federal Contract Tower,0,0,42,0,42,0,0,168,6,174,0,0,210,6,216,70,0,70,286
03/31/2005,TIW,WA,ANM,WE,Federal Contract Tower,0,1,32,0,33,0,3,137,2,142,0,4,169,2,175,148,0,148,323
04/01/2005,TIW,WA,ANM,WE,Federal Contract Tower,0,2,38,0,40,0,0,89,0,89,0,2,127,0,129,4,0,4,133
04/02/2005,TIW,WA,ANM,WE,Federal Contract Tower,0,0,25,0,25,0,4,180,0,184,0,4,205,0,209,206,0,206,415
04/03/2005,TIW,WA,ANM,WE,Federal Contract Tower,0,2,20,0,22,0,0,40,0,40,0,2,60,0,62,66,0,66,128
04/04/2005,TIW,WA,ANM,WE,Federal Contract Tower,0,4,25,1,30,0,2,59,1,62,0,6,84,2,92,78,0,78,170
04/05/2005,TIW,WA,ANM,WE,Federal Contract Tower,0,1,20,0,21,0,0,45,0,45,0,1,65,0,66,54,0,54,120
04/06/2005,TIW,WA,ANM,WE,Federal Contract Tower,0,0,14,0,14,0,0,143,0,143,0,0,157,0,157,126,0,126,283
04/07/2005,TIW,WA,ANM,WE,Federal Contract Tower,0,0,26,0,26,0,0,38,0,38,0,0,64,0,64,14,0,14,78
04/08/2005,TIW,WA,ANM,WE,Federal Contract Tower,0,0,22,0,22,0,0,192,4,196,0,0,214,4,218,124,0,124,342
04/09/2005,TIW,WA,ANM,WE,Federal Contract Tower,0,9,25,0,34,0,3,197,0,200,0,12,222,0,234,186,0,186,420
04/10/2005,TIW,WA,ANM,WE,Federal Contract Tower,0,3,25,0,28,0,5,139,2,146,0,8,164,2,174,200,0,200,374
04/11/2005,TIW,WA,ANM,WE,Federal Contract Tower,0,2,11,0,13,0,0,35,0,35,0,2,46,0,48,6,0,6,54
04/12/2005,TIW,WA,ANM,WE,Federal Contract Tower,0,0,13,0,13,0,0,23,0,23,0,0,36,0,36,36,0,36,72
04/13/2005,TIW,WA,ANM,WE,Federal Contract Tower,0,0,42,0,42,0,0,85,6,91,0,0,127,6,133,106,0,106,239
04/14/2005,TIW,WA,ANM,WE,Federal Contract Tower,0,0,15,0,15,0,2,119,0,121,0,2,134,0,136,74,0,74,210
04/15/2005,TIW,WA,ANM,WE,Federal Contract Tower,0,0,41,0,41,0,0,52,0,52,0,0,93,0,93,30,0,30,123
04/16/2005,TIW,WA,ANM,WE,Federal Contract Tower,0,0,12,0,12,0,0,39,0,39,0,0,51,0,51,166,0,166,217
04/17/2005,TIW,WA,ANM,WE,Federal Contract Tower,0,0,40,0,40,0,0,75,0,75,0,0,115,0,115,56,0,56,171
04/18/2005,TIW,WA,ANM,WE,Federal Contract Tower,0,2,37,0,39,0,0,80,2,82,0,2,117,2,121,178,0,178,299
04/19/2005,TIW,WA,ANM,WE,Federal Contract Tower,0,0,32,0,32,0,2,122,0,124,0,2,154,0,156,136,0,136,292
04/20/2005,TIW,WA,ANM,WE,Federal Contract Tower,0,0,18,0,18,0,0,188,0,188,0,0,206,0,206,126,0,126,332
04/21/2005,TIW,WA,ANM,WE,Federal Contract Tower,0,4,26,0,30,0,8,209,6,223,0,12,235,6,253,132,2,134,387
04/22/2005,TIW,WA,ANM,WE,Federal Contract Tower,0,0,33,0,33,0,2,234,2,238,0,2,267,2,271,164,0,164,435
04/23/2005,TIW,WA,ANM,WE,Federal Contract Tower,0,3,30,0,33,0,5,245,0,250,0,8,275,0,283,118,0,118,401
04/24/2005,TIW,WA,ANM,WE,Federal Contract Tower,0,2,33,0,35,0,0,137,0,137,0,2,170,0,172,124,0,124,296
04/25/2005,TIW,WA,ANM,WE,Federal Contract Tower,0,5,32,0,37,0,0,50,0,50,0,5,82,0,87,16,0,16,103
04/26/2005,TIW,WA,ANM,WE,Federal Contract Tower,0,5,30,0,35,0,3,83,0,86,0,8,113,0,121,126,0,126,247
04/27/2005,TIW,WA,ANM,WE,Federal Contract Tower,0,1,18,0,19,0,1,107,2,110,0,2,125,2,129,80,0,80,209
04/28/2005,TIW,WA,ANM,WE,Federal Contract Tower,0,2,35,0,37,0,0,168,0,168,0,2,203,0,205,170,8,178,383
04/29/2005,TIW,WA,ANM,WE,Federal Contract Tower,0,2,24,0,26,0,1,24,2,27,0,3,48,2,53,2,0,2,55
04/30/2005,TIW,WA,ANM,WE,Federal Contract Tower,0,0,42,0,42,0,0,97,0,97,0,0,139,0,139,82,0,82,221
05/01/2005,TIW,WA,ANM,WE,Federal Contract Tower,0,3,27,0,30,0,1,153,0,154,0,4,180,0,184,216,0,216,400
05/02/2005,TIW,WA,ANM,WE,Federal Contract Tower,0,3,22,0,25,0,0,27,0,27,0,3,49,0,52,88,0,88,140
05/03/2005,TIW,WA,ANM,WE,Federal Contract Tower,0,2,48,0,50,0,0,79,0,79,0,2,127,0,129,200,0,200,329
05/04/2005,TIW,WA,ANM,WE,Federal Contract Tower,0,0,31,0,31,0,0,81,4,85,0,0,112,4,116,76,0,76,192
05/05/2005,TIW,WA,ANM,WE,Federal Contract Tower,0,0,19,0,19,0,2,93,0,95,0,2,112,0,114,126,0,126,240
05/06/2005,TIW,WA,ANM,WE,Federal Contract Tower,0,1,25,0,26,0,0,139,2,141,0,1,164,2,167,102,0,102,269
05/07/2005,TIW,WA,ANM,WE,Federal Contract Tower,0,2,44,0,46,0,2,191,0,193,0,4,235,0,239,221,0,221,460
05/08/2005,TIW,WA,ANM,WE,Federal Contract Tower,0,2,19,0,21,0,2,46,0,48,0,4,65,0,69,50,0,50,119
05/09/2005,TIW,WA,ANM,WE,Federal Contract Tower,0,2,23,1,26,0,0,8,1,9,0,2,31,2,35,0,2,2,37
05/10/2005,TIW,WA,ANM,WE,Federal Contract Tower,0,2,39,0,41,0,4,32,0,36,0,6,71,0,77,38,0,38,115
05/11/2005,TIW,WA,ANM,WE,Federal Contract Tower,0,1,42,0,43,0,0,105,2,107,0,1,147,2,150,98,0,98,248
05/12/2005,TIW,WA,ANM,WE,Federal Contract Tower,0,2,31,0,33,0,2,185,12,199,0,4,216,12,232,128,0,128,360
05/13/2005,TIW,WA,ANM,WE,Federal Contract Tower,0,2,49,0,51,0,0,262,4,266,0,2,311,4,317,144,0,144,461
05/14/2005,TIW,WA,ANM,WE,Federal Contract Tower,0,1,31,0,32,0,0,159,0,159,0,1,190,0,191,140,14,154,345
05/15/2005,TIW,WA,ANM,WE,Federal Contract Tower,0,2,26,0,28,0,0,35,0,35,0,2,61,0,63,30,0,30,93
05/16/2005,TIW,WA,ANM,WE,Federal Contract Tower,0,6,25,0,31,0,4,48,0,52,0,10,73,0,83,64,0,64,147
05/17/2005,TIW,WA,ANM,WE,Federal Contract Tower,0,0,33,0,33,0,0,78,0,78,0,0,111,0,111,182,0,182,293
05/18/2005,TIW,WA,ANM,WE,Federal Contract Tower,0,5,19,0,24,0,2,49,4,55,0,7,68,4,79,32,0,32,111
05/19/2005,TIW,WA,ANM,WE,Federal Contract Tower,0,2,20,0,22,0,5,47,0,52,0,7,67,0,74,32,0,32,106
05/20/2005,TIW,WA,ANM,WE,Federal Contract Tower,0,0,22,1,23,0,3,115,3,121,0,3,137,4,144,142,0,142,286
05/21/2005,TIW,WA,ANM,WE,Federal Contract Tower,0,0,25,0,25,0,0,189,2,191,0,0,214,2,216,202,0,202,418
05/22/2005,TIW,WA,ANM,WE,Federal Contract Tower,0,0,17,0,17,0,0,39,0,39,0,0,56,0,56,44,0,44,100
05/23/2005,TIW,WA,ANM,WE,Federal Contract Tower,0,0,32,1,33,0,2,97,1,100,0,2,129,2,133,184,0,184,317
05/24/2005,TIW,WA,ANM,WE,Federal Contract Tower,0,0,28,0,28,0,1,82,2,85,0,1,110,2,113,142,0,142,255
05/25/2005,TIW,WA,ANM,WE,Federal Contract Tower,0,1,27,0,28,0,3,192,8,203,0,4,219,8,231,140,0,140,371
05/26/2005,TIW,WA,ANM,WE,Federal Contract Tower,0,0,57,0,57,0,1,213,0,214,0,1,270,0,271,122,0,122,393
05/27/2005,TIW,WA,ANM,WE,Federal Contract Tower,0,2,33,0,35,0,0,206,0,206,0,2,239,0,241,150,0,150,391
05/28/2005,TIW,WA,ANM,WE,Federal Contract Tower,0,0,37,0,37,0,0,176,0,176,0,0,213,0,213,150,0,150,363
05/29/2005,TIW,WA,ANM,WE,Federal Contract Tower,0,2,15,0,17,0,0,61,0,61,0,2,76,0,78,132,0,132,210
05/30/2005,TIW,WA,ANM,WE,Federal Contract Tower,0,0,28,0,28,0,2,52,0,54,0,2,80,0,82,106,0,106,188
05/31/2005,TIW,WA,ANM,WE,Federal Contract Tower,0,2,23,0,25,0,1,32,0,33,0,3,55,0,58,14,0,14,72
06/01/2005,TIW,WA,ANM,WE,Federal Contract Tower,0,2,27,0,29,0,0,113,4,117,0,2,140,4,146,86,0,86,232
06/02/2005,TIW,WA,ANM,WE,Federal Contract Tower,0,1,41,1,43,0,1,103,5,109,0,2,144,6,152,158,0,158,310
06/03/2005,TIW,WA,ANM,WE,Federal Contract Tower,0,4,35,0,39,0,3,201,4,208,0,7,236,4,247,196,0,196,443
06/04/2005,TIW,WA,ANM,WE,Federal Contract Tower,0,2,43,0,45,0,2,222,0,224,0,4,265,0,269,238,0,238,507
06/05/2005,TIW,WA,ANM,WE,Federal Contract Tower,0,0,35,0,35,0,0,86,0,86,0,0,121,0,121,88,0,88,209
06/06/2005,TIW,WA,ANM,WE,Federal Contract Tower,0,2,12,0,14,0,1,21,0,22,0,3,33,0,36,76,0,76,112
06/07/2005,TIW,WA,ANM,WE,Federal Contract Tower,0,1,31,0,32,0,3,94,4,101,0,4,125,4,133,70,0,70,203
06/08/2005,TIW,WA,ANM,WE,Federal Contract Tower,0,1,40,0,41,0,1,97,0,98,0,2,137,0,139,116,0,116,255
06/09/2005,TIW,WA,ANM,WE,Federal Contract Tower,0,1,29,0,30,0,1,202,0,203,0,2,231,0,233,178,0,178,411
06/10/2005,TIW,WA,ANM,WE,Federal Contract Tower,0,0,42,0,42,0,0,139,0,139,0,0,181,0,181,148,0,148,329
06/11/2005,TIW,WA,ANM,WE,Federal Contract Tower,0,0,29,0,29,0,0,167,0,167,0,0,196,0,196,70,0,70,266
06/12/2005,TIW,WA,ANM,WE,Federal Contract Tower,0,1,21,0,22,0,0,176,0,176,0,1,197,0,198,212,0,212,410
06/13/2005,TIW,WA,ANM,WE,Federal Contract Tower,0,1,22,0,23,0,1,60,4,65,0,2,82,4,88,56,0,56,144
06/14/2005,TIW,WA,ANM,WE,Federal Contract Tower,0,0,40,0,40,0,1,126,0,127,0,1,166,0,167,150,0,150,317
06/15/2005,TIW,WA,ANM,WE,Federal Contract Tower,0,1,36,0,37,0,1,270,12,283,0,2,306,12,320,178,0,178,498
06/16/2005,TIW,WA,ANM,WE,Federal Contract Tower,0,0,52,4,56,0,0,173,10,183,0,0,225,14,239,118,0,118,357
06/17/2005,TIW,WA,ANM,WE,Federal Contract Tower,0,2,34,0,36,0,3,187,4,194,0,5,221,4,230,158,0,158,388
06/18/2005,TIW,WA,ANM,WE,Federal Contract Tower,0,3,48,0,51,0,1,169,0,170,0,4,217,0,221,108,0,108,329
06/19/2005,TIW,WA,ANM,WE,Federal Contract Tower,0,1,31,0,32,0,3,144,0,147,0,4,175,0,179,116,0,116,295
06/20/2005,TIW,WA,ANM,WE,Federal Contract Tower,0,0,31,0,31,0,5,104,0,109,0,5,135,0,140,70,0,70,210
06/21/2005,TIW,WA,ANM,WE,Federal Contract Tower,0,0,9,0,9,0,0,43,0,43,0,0,52,0,52,36,0,36,88
06/22/2005,TIW,WA,ANM,WE,Federal Contract Tower,0,0,45,0,45,0,0,30,0,30,0,0,75,0,75,26,0,26,101
06/23/2005,TIW,WA,ANM,WE,Federal Contract Tower,0,0,46,0,46,0,1,190,0,191,0,1,236,0,237,122,0,122,359
06/24/2005,TIW,WA,ANM,WE,Federal Contract Tower,0,0,40,0,40,0,4,217,0,221,0,4,257,0,261,144,0,144,405
06/25/2005,TIW,WA,ANM,WE,Federal Contract Tower,0,0,28,2,30,0,0,89,0,89,0,0,117,2,119,56,0,56,175
06/26/2005,TIW,WA,ANM,WE,Federal Contract Tower,0,2,46,0,48,0,0,92,0,92,0,2,138,0,140,102,0,102,242
06/27/2005,TIW,WA,ANM,WE,Federal Contract Tower,0,1,36,0,37,0,1,34,0,35,0,2,70,0,72,46,0,46,118
06/28/2005,TIW,WA,ANM,WE,Federal Contract Tower,0,5,33,0,38,0,5,76,0,81,0,10,109,0,119,198,0,198,317
06/29/2005,TIW,WA,ANM,WE,Federal Contract Tower,0,0,43,0,43,0,0,205,0,205,0,0,248,0,248,150,0,150,398
06/30/2005,TIW,WA,ANM,WE,Federal Contract Tower,0,0,41,0,41,0,9,260,3,272,0,9,301,3,313,160,0,160,473
07/01/2005,TIW,WA,ANM,WE,Federal Contract Tower,0,0,40,0,40,0,2,174,0,176,0,2,214,0,216,144,0,144,360
07/02/2005,TIW,WA,ANM,WE,Federal Contract Tower,0,1,33,0,34,0,5,143,0,148,0,6,176,0,182,84,0,84,266
07/03/2005,TIW,WA,ANM,WE,Federal Contract Tower,0,4,23,0,27,0,4,146,0,150,0,8,169,0,177,34,0,34,211
07/04/2005,TIW,WA,ANM,WE,Federal Contract Tower,0,3,9,0,12,0,5,143,0,148,0,8,152,0,160,122,0,122,282
07/05/2005,TIW,WA,ANM,WE,Federal Contract Tower,0,3,26,0,29,0,5,49,0,54,0,8,75,0,83,84,0,84,167
07/06/2005,TIW,WA,ANM,WE,Federal Contract Tower,0,1,38,4,43,0,0,50,0,50,0,1,88,4,93,59,0,59,152
07/07/2005,TIW,WA,ANM,WE,Federal Contract Tower,0,5,46,0,51,0,1,182,0,183,0,6,228,0,234,138,0,138,372
07/08/2005,TIW,WA,ANM,WE,Federal Contract Tower,0,3,38,0,41,0,2,33,0,35,0,5,71,0,76,2,0,2,78
07/09/2005,TIW,WA,ANM,WE,Federal Contract Tower,0,0,22,0,22,0,0,148,0,148,0,0,170,0,170,170,0,170,340
07/10/2005,TIW,WA,ANM,WE,Federal Contract Tower,0,3,31,0,34,0,3,76,0,79,0,6,107,0,113,50,0,50,163
07/11/2005,TIW,WA,ANM,WE,Federal Contract Tower,0,6,39,0,45,0,1,94,0,95,0,7,133,0,140,104,0,104,244
07/12/2005,TIW,WA,ANM,WE,Federal Contract Tower,0,3,31,0,34,0,1,99,6,106,0,4,130,6,140,110,0,110,250
07/13/2005,TIW,WA,ANM,WE,Federal Contract Tower,0,6,31,0,37,0,5,114,2,121,0,11,145,2,158,174,0,174,332
07/14/2005,TIW,WA,ANM,WE,Federal Contract Tower,0,1,40,0,41,0,2,192,2,196,0,3,232,2,237,134,0,134,371
07/15/2005,TIW,WA,ANM,WE,Federal Contract Tower,0,0,48,0,48,0,1,137,0,138,0,1,185,0,186,186,0,186,372
07/16/2005,TIW,WA,ANM,WE,Federal Contract Tower,0,0,28,0,28,0,0,136,1,137,0,0,164,1,165,128,1,129,294
07/17/2005,TIW,WA,ANM,WE,Federal Contract Tower,0,1,9,0,10,0,1,179,2,182,0,2,188,2,192,169,0,169,361
07/18/2005,TIW,WA,ANM,WE,Federal Contract Tower,0,0,23,0,23,0,0,89,0,89,0,0,112,0,112,126,0,126,238
07/19/2005,TIW,WA,ANM,WE,Federal Contract Tower,0,4,26,0,30,0,1,109,0,110,0,5,135,0,140,131,0,131,271
07/20/2005,TIW,WA,ANM,WE,Federal Contract Tower,0,2,29,0,31,0,1,203,2,206,0,3,232,2,237,206,0,206,443
07/21/2005,TIW,WA,ANM,WE,Federal Contract Tower,0,0,31,1,32,0,0,247,1,248,0,0,278,2,280,226,0,226,506
07/22/2005,TIW,WA,ANM,WE,Federal Contract Tower,0,0,20,0,20,0,2,134,1,137,0,2,154,1,157,224,0,224,381
07/23/2005,TIW,WA,ANM,WE,Federal Contract Tower,0,0,23,0,23,0,6,267,0,273,0,6,290,0,296,154,4,158,454
07/24/2005,TIW,WA,ANM,WE,Federal Contract Tower,0,4,5,0,9,0,3,90,0,93,0,7,95,0,102,110,0,110,212
07/25/2005,TIW,WA,ANM,WE,Federal Contract Tower,0,2,29,0,31,0,2,92,0,94,0,4,121,0,125,226,0,226,351
07/26/2005,TIW,WA,ANM,WE,Federal Contract Tower,0,2,16,0,18,0,0,82,2,84,0,2,98,2,102,138,0,138,240
07/27/2005,TIW,WA,ANM,WE,Federal Contract Tower,0,0,20,0,20,0,0,119,0,119,0,0,139,0,139,122,0,122,261
07/28/2005,TIW,WA,ANM,WE,Federal Contract Tower,0,1,42,0,43,0,1,256,0,257,0,2,298,0,300,210,0,210,510
07/29/2005,TIW,WA,ANM,WE,Federal Contract Tower,0,1,12,0,13,0,0,139,1,140,0,1,151,1,153,168,0,168,321
07/30/2005,TIW,WA,ANM,WE,Federal Contract Tower,0,0,27,0,27,0,6,182,0,188,0,6,209,0,215,124,0,124,339
07/31/2005,TIW,WA,ANM,WE,Federal Contract Tower,0,1,8,0,9,0,0,148,0,148,0,1,156,0,157,106,0,106,263
08/01/2005,TIW,WA,ANM,WE,Federal Contract Tower,0,4,22,0,26,0,1,74,0,75,0,5,96,0,101,110,0,110,211
08/02/2005,TIW,WA,ANM,WE,Federal Contract Tower,0,5,21,1,27,0,0,105,1,106,0,5,126,2,133,178,0,178,311
08/03/2005,TIW,WA,ANM,WE,Federal Contract Tower,0,2,26,0,28,0,0,126,0,126,0,2,152,0,154,124,0,124,278
08/04/2005,TIW,WA,ANM,WE,Federal Contract Tower,0,2,34,0,36,0,2,242,0,244,0,4,276,0,280,146,0,146,426
08/05/2005,TIW,WA,ANM,WE,Federal Contract Tower,0,2,19,0,21,0,1,189,0,190,0,3,208,0,211,232,0,232,443
08/06/2005,TIW,WA,ANM,WE,Federal Contract Tower,0,1,23,0,24,0,0,81,0,81,0,1,104,0,105,77,0,77,182
08/07/2005,TIW,WA,ANM,WE,Federal Contract Tower,0,0,20,0,20,0,1,51,0,52,0,1,71,0,72,68,0,68,140
08/08/2005,TIW,WA,ANM,WE,Federal Contract Tower,0,1,27,0,28,0,3,83,0,86,0,4,110,0,114,90,0,90,204
08/09/2005,TIW,WA,ANM,WE,Federal Contract Tower,0,0,29,0,29,0,0,52,0,52,0,0,81,0,81,76,0,76,157
08/10/2005,TIW,WA,ANM,WE,Federal Contract Tower,0,1,44,0,45,0,0,49,0,49,0,1,93,0,94,32,0,32,126
08/11/2005,TIW,WA,ANM,WE,Federal Contract Tower,0,0,27,0,27,0,2,159,0,161,0,2,186,0,188,232,0,232,420
08/12/2005,TIW,WA,ANM,WE,Federal Contract Tower,0,0,30,0,30,0,0,208,2,210,0,0,238,2,240,152,0,152,392
08/13/2005,TIW,WA,ANM,WE,Federal Contract Tower,0,2,33,0,35,0,2,198,0,200,0,4,231,0,235,170,0,170,405
08/14/2005,TIW,WA,ANM,WE,Federal Contract Tower,0,0,9,0,9,0,0,92,0,92,0,0,101,0,101,118,0,118,219
08/15/2005,TIW,WA,ANM,WE,Federal Contract Tower,0,2,38,0,40,0,2,84,0,86,0,4,122,0,126,110,0,110,236
08/16/2005,TIW,WA,ANM,WE,Federal Contract Tower,0,0,33,0,33,0,0,23,0,23,0,0,56,0,56,42,0,42,98
08/17/2005,TIW,WA,ANM,WE,Federal Contract Tower,0,0,38,0,38,0,0,64,0,64,0,0,102,0,102,118,0,118,220
08/18/2005,TIW,WA,ANM,WE,Federal Contract Tower,0,4,44,0,48,0,0,173,0,173,0,4,217,0,221,168,0,168,389
08/19/2005,TIW,WA,ANM,WE,Federal Contract Tower,0,0,50,2,52,0,2,221,2,225,0,2,271,4,277,224,0,224,501
08/20/2005,TIW,WA,ANM,WE,Federal Contract Tower,0,0,32,0,32,0,0,149,4,153,0,0,181,4,185,166,0,166,351
08/21/2005,TIW,WA,ANM,WE,Federal Contract Tower,0,2,9,0,11,0,1,107,0,108,0,3,116,0,119,192,0,192,311
08/22/2005,TIW,WA,ANM,WE,Federal Contract Tower,0,1,13,0,14,0,5,58,0,63,0,6,71,0,77,100,0,100,177
08/23/2005,TIW,WA,ANM,WE,Federal Contract Tower,0,2,23,0,25,0,1,83,0,84,0,3,106,0,109,174,0,174,283
08/24/2005,TIW,WA,ANM,WE,Federal Contract Tower,0,0,29,0,29,0,0,209,0,209,0,0,238,0,238,102,0,102,340
08/25/2005,TIW,WA,ANM,WE,Federal Contract Tower,0,0,24,1,25,0,0,227,6,233,0,0,251,7,258,234,0,234,492
08/26/2005,TIW,WA,ANM,WE,Federal Contract Tower,0,0,31,2,33,0,4,303,0,307,0,4,334,2,340,224,0,224,564
08/27/2005,TIW,WA,ANM,WE,Federal Contract Tower,0,3,40,0,43,0,0,121,0,121,0,3,161,0,164,151,0,151,315
08/28/2005,TIW,WA,ANM,WE,Federal Contract Tower,0,3,42,0,45,0,3,72,0,75,0,6,114,0,120,148,0,148,268
08/29/2005,TIW,WA,ANM,WE,Federal Contract Tower,0,2,21,0,23,0,3,76,2,81,0,5,97,2,104,84,0,84,188
08/30/2005,TIW,WA,ANM,WE,Federal Contract Tower,0,0,38,1,39,0,0,90,1,91,0,0,128,2,130,114,0,114,244
08/31/2005,TIW,WA,ANM,WE,Federal Contract Tower,0,3,15,0,18,0,8,130,0,138,0,11,145,0,156,122,0,122,278
09/01/2005,TIW,WA,ANM,WE,Federal Contract Tower,0,5,16,0,21,0,11,158,10,179,0,16,174,10,200,130,0,130,330
09/02/2005,TIW,WA,ANM,WE,Federal Contract Tower,0,2,28,0,30,0,0,161,16,177,0,2,189,16,207,160,0,160,367
09/03/2005,TIW,WA,ANM,WE,Federal Contract Tower,0,4,26,0,30,0,2,133,0,135,0,6,159,0,165,154,1,155,320
09/04/2005,TIW,WA,ANM,WE,Federal Contract Tower,0,2,31,0,33,0,2,49,0,51,0,4,80,0,84,122,0,122,206
09/05/2005,TIW,WA,ANM,WE,Federal Contract Tower,0,3,24,0,27,0,3,88,0,91,0,6,112,0,118,166,0,166,284
09/06/2005,TIW,WA,ANM,WE,Federal Contract Tower,0,2,29,0,31,0,2,107,0,109,0,4,136,0,140,106,0,106,246
09/07/2005,TIW,WA,ANM,WE,Federal Contract Tower,0,0,24,0,24,0,4,114,2,120,0,4,138,2,144,172,0,172,316
09/08/2005,TIW,WA,ANM,WE,Federal Contract Tower,0,1,21,0,22,0,3,173,6,182,0,4,194,6,204,142,0,142,346
09/09/2005,TIW,WA,ANM,WE,Federal Contract Tower,0,1,29,0,30,0,1,106,0,107,0,2,135,0,137,124,0,124,261
09/10/2005,TIW,WA,ANM,WE,Federal Contract Tower,0,0,7,0,7,0,0,60,0,60,0,0,67,0,67,50,0,50,117
09/11/2005,TIW,WA,ANM,WE,Federal Contract Tower,0,2,26,0,28,0,0,66,0,66,0,2,92,0,94,72,0,72,166
09/12/2005,TIW,WA,ANM,WE,Federal Contract Tower,0,0,21,0,21,0,2,66,0,68,0,2,87,0,89,46,0,46,135
09/13/2005,TIW,WA,ANM,WE,Federal Contract Tower,0,0,23,1,24,0,2,92,1,95,0,2,115,2,119,102,0,102,221
09/14/2005,TIW,WA,ANM,WE,Federal Contract Tower,0,1,26,2,29,0,4,94,4,102,0,5,120,6,131,92,0,92,223
09/15/2005,TIW,WA,ANM,WE,Federal Contract Tower,0,0,15,0,15,0,5,101,0,106,0,5,116,0,121,144,0,144,265
09/16/2005,TIW,WA,ANM,WE,Federal Contract Tower,0,1,25,0,26,0,1,36,0,37,0,2,61,0,63,70,0,70,133
09/17/2005,TIW,WA,ANM,WE,Federal Contract Tower,0,0,31,0,31,0,0,67,0,67,0,0,98,0,98,48,0,48,146
09/18/2005,TIW,WA,ANM,WE,Federal Contract Tower,0,3,16,0,19,0,3,80,0,83,0,6,96,0,102,86,0,86,188
09/19/2005,TIW,WA,ANM,WE,Federal Contract Tower,0,2,24,1,27,0,3,83,1,87,0,5,107,2,114,100,0,100,214
09/20/2005,TIW,WA,ANM,WE,Federal Contract Tower,0,0,31,0,31,0,0,101,0,101,0,0,132,0,132,160,0,160,292
09/21/2005,TIW,WA,ANM,WE,Federal Contract Tower,0,3,18,0,21,0,11,110,4,125,0,14,128,4,146,146,0,146,292
09/22/2005,TIW,WA,ANM,WE,Federal Contract Tower,0,2,33,0,35,0,2,144,0,146,0,4,177,0,181,144,0,144,325
09/23/2005,TIW,WA,ANM,WE,Federal Contract Tower,0,1,26,0,27,0,2,137,0,139,0,3,163,0,166,190,0,190,356
09/24/2005,TIW,WA,ANM,WE,Federal Contract Tower,0,0,20,0,20,0,4,197,0,201,0,4,217,0,221,183,0,183,404
09/25/2005,TIW,WA,ANM,WE,Federal Contract Tower,0,4,21,0,25,0,4,140,0,144,0,8,161,0,169,234,0,234,403
09/26/2005,TIW,WA,ANM,WE,Federal Contract Tower,0,0,35,0,35,0,2,100,0,102,0,2,135,0,137,120,0,120,257
09/27/2005,TIW,WA,ANM,WE,Federal Contract Tower,0,2,20,0,22,0,0,55,0,55,0,2,75,0,77,120,0,120,197
09/28/2005,TIW,WA,ANM,WE,Federal Contract Tower,0,1,23,0,24,0,0,68,0,68,0,1,91,0,92,106,0,106,198
09/29/2005,TIW,WA,ANM,WE,Federal Contract Tower,0,0,18,0,18,0,0,13,1,14,0,0,31,1,32,0,0,0,32
09/30/2005,TIW,WA,ANM,WE,Federal Contract Tower,0,0,27,0,27,0,1,122,0,123,0,1,149,0,150,120,0,120,270
10/01/2005,TIW,WA,ANM,WE,Federal Contract Tower,0,0,10,0,10,0,0,96,0,96,0,0,106,0,106,40,0,40,146
10/02/2005,TIW,WA,ANM,WE,Federal Contract Tower,0,0,9,0,9,0,0,33,0,33,0,0,42,0,42,70,0,70,112
10/03/2005,TIW,WA,ANM,WE,Federal Contract Tower,0,1,16,0,17,0,2,81,0,83,0,3,97,0,100,86,0,86,186
10/04/2005,TIW,WA,ANM,WE,Federal Contract Tower,0,2,15,4,21,0,1,107,4,112,0,3,122,8,133,148,0,148,281
10/05/2005,TIW,WA,ANM,WE,Federal Contract Tower,0,1,28,0,29,0,3,132,2,137,0,4,160,2,166,110,0,110,276
10/06/2005,TIW,WA,ANM,WE,Federal Contract Tower,0,2,20,0,22,0,0,53,0,53,0,2,73,0,75,30,0,30,105
10/07/2005,TIW,WA,ANM,WE,Federal Contract Tower,0,1,17,0,18,0,0,112,2,114,0,1,129,2,132,120,0,120,252
10/08/2005,TIW,WA,ANM,WE,Federal Contract Tower,0,0,41,0,41,0,0,105,0,105,0,0,146,0,146,64,0,64,210
10/09/2005,TIW,WA,ANM,WE,Federal Contract Tower,0,6,27,0,33,0,8,63,2,73,0,14,90,2,106,120,0,120,226
10/10/2005,TIW,WA,ANM,WE,Federal Contract Tower,0,0,34,0,34,0,0,44,0,44,0,0,78,0,78,64,0,64,142
10/11/2005,TIW,WA,ANM,WE,Federal Contract Tower,0,0,21,0,21,0,5,77,0,82,0,5,98,0,103,94,0,94,197
10/12/2005,TIW,WA,ANM,WE,Federal Contract Tower,0,0,18,0,18,0,0,102,0,102,0,0,120,0,120,36,0,36,156
10/13/2005,TIW,WA,ANM,WE,Federal Contract Tower,0,2,35,0,37,0,6,94,1,101,0,8,129,1,138,88,2,90,228
10/14/2005,TIW,WA,ANM,WE,Federal Contract Tower,0,2,25,0,27,0,1,114,0,115,0,3,139,0,142,98,0,98,240
10/15/2005,TIW,WA,ANM,WE,Federal Contract Tower,0,6,38,0,44,0,8,120,0,128,0,14,158,0,172,77,4,81,253
10/16/2005,TIW,WA,ANM,WE,Federal Contract Tower,0,0,25,0,25,0,0,42,0,42,0,0,67,0,67,58,0,58,125
10/17/2005,TIW,WA,ANM,WE,Federal Contract Tower,0,1,23,0,24,0,1,44,0,45,0,2,67,0,69,74,8,82,151
10/18/2005,TIW,WA,ANM,WE,Federal Contract Tower,0,0,21,0,21,0,0,9,0,9,0,0,30,0,30,0,0,0,30
10/19/2005,TIW,WA,ANM,WE,Federal Contract Tower,0,0,19,0,19,0,0,56,0,56,0,0,75,0,75,26,0,26,101
10/20/2005,TIW,WA,ANM,WE,Federal Contract Tower,0,2,37,0,39,0,1,282,4,287,0,3,319,4,326,176,0,176,502
10/21/2005,TIW,WA,ANM,WE,Federal Contract Tower,0,0,23,0,23,0,8,255,0,263,0,8,278,0,286,186,0,186,472
10/22/2005,TIW,WA,ANM,WE,Federal Contract Tower,0,2,29,0,31,0,2,340,0,342,0,4,369,0,373,157,0,157,530
10/23/2005,TIW,WA,ANM,WE,Federal Contract Tower,0,4,22,0,26,0,3,12,0,15,0,7,34,0,41,0,0,0,41
10/24/2005,TIW,WA,ANM,WE,Federal Contract Tower,0,2,13,0,15,0,0,15,0,15,0,2,28,0,30,18,0,18,48
10/25/2005,TIW,WA,ANM,WE,Federal Contract Tower,0,0,22,0,22,0,0,78,0,78,0,0,100,0,100,118,0,118,218
10/26/2005,TIW,WA,ANM,WE,Federal Contract Tower,0,0,23,0,23,0,0,101,4,105,0,0,124,4,128,74,0,74,202
10/27/2005,TIW,WA,ANM,WE,Federal Contract Tower,0,3,42,0,45,0,2,149,0,151,0,5,191,0,196,122,0,122,318
10/28/2005,TIW,WA,ANM,WE,Federal Contract Tower,0,0,33,0,33,0,0,91,7,98,0,0,124,7,131,100,0,100,231
10/29/2005,TIW,WA,ANM,WE,Federal Contract Tower,0,4,30,0,34,0,10,102,0,112,0,14,132,0,146,166,0,166,312
10/30/2005,TIW,WA,ANM,WE,Federal Contract Tower,0,4,29,0,33,0,2,108,0,110,0,6,137,0,143,130,0,130,273
10/31/2005,TIW,WA,ANM,WE,Federal Contract Tower,0,3,12,0,15,0,0,36,0,36,0,3,48,0,51,24,0,24,75
11/01/2005,TIW,WA,ANM,WE,Federal Contract Tower,0,2,12,0,14,0,2,11,0,13,0,4,23,0,27,6,0,6,33
11/02/2005,TIW,WA,ANM,WE,Federal Contract Tower,0,0,49,0,49,0,0,92,2,94,0,0,141,2,143,146,0,146,289
11/03/2005,TIW,WA,ANM,WE,Federal Contract Tower,0,0,4,0,4,0,5,28,0,33,0,5,32,0,37,18,0,18,55
11/04/2005,TIW,WA,ANM,WE,Federal Contract Tower,0,0,11,0,11,0,0,20,0,20,0,0,31,0,31,24,0,24,55
11/05/2005,TIW,WA,ANM,WE,Federal Contract Tower,0,0,27,0,27,0,1,11,0,12,0,1,38,0,39,20,0,20,59
11/06/2005,TIW,WA,ANM,WE,Federal Contract Tower,0,1,15,0,16,0,0,92,0,92,0,1,107,0,108,116,0,116,224
11/07/2005,TIW,WA,ANM,WE,Federal Contract Tower,0,1,19,0,20,0,4,101,0,105,0,5,120,0,125,90,0,90,215
11/08/2005,TIW,WA,ANM,WE,Federal Contract Tower,0,0,26,0,26,0,1,92,0,93,0,1,118,0,119,156,0,156,275
11/09/2005,TIW,WA,ANM,WE,Federal Contract Tower,0,0,32,1,33,0,0,170,3,173,0,0,202,4,206,142,0,142,348
11/10/2005,TIW,WA,ANM,WE,Federal Contract Tower,0,0,18,0,18,0,1,59,3,63,0,1,77,3,81,36,0,36,117
11/11/2005,TIW,WA,ANM,WE,Federal Contract Tower,0,0,27,0,27,0,4,41,0,45,0,4,68,0,72,12,0,12,84
11/12/2005,TIW,WA,ANM,WE,Federal Contract Tower,0,3,19,0,22,0,7,75,0,82,0,10,94,0,104,76,0,76,180
11/13/2005,TIW,WA,ANM,WE,Federal Contract Tower,0,0,15,0,15,0,0,5,0,5,0,0,20,0,20,0,0,0,20
11/14/2005,TIW,WA,ANM,WE,Federal Contract Tower,0,1,32,0,33,0,3,84,0,87,0,4,116,0,120,84,0,84,204
11/15/2005,TIW,WA,ANM,WE,Federal Contract Tower,0,5,27,0,32,0,5,63,0,68,0,10,90,0,100,114,0,114,214
11/16/2005,TIW,WA,ANM,WE,Federal Contract Tower,0,2,48,0,50,0,4,102,0,106,0,6,150,0,156,46,0,46,202
11/17/2005,TIW,WA,ANM,WE,Federal Contract Tower,0,3,45,1,49,0,0,41,0,41,0,3,86,1,90,50,0,50,140
11/18/2005,TIW,WA,ANM,WE,Federal Contract Tower,0,4,40,0,44,0,0,59,0,59,0,4,99,0,103,4,0,4,107
11/19/2005,TIW,WA,ANM,WE,Federal Contract Tower,0,0,28,0,28,0,0,11,0,11,0,0,39,0,39,0,0,0,39
11/20/2005,TIW,WA,ANM,WE,Federal Contract Tower,0,6,9,0,15,0,4,3,0,7,0,10,12,0,22,0,0,0,22
11/21/2005,TIW,WA,ANM,WE,Federal Contract Tower,0,2,12,0,14,0,0,7,0,7,0,2,19,0,21,0,0,0,21
11/22/2005,TIW,WA,ANM,WE,Federal Contract Tower,0,3,23,1,27,0,2,10,0,12,0,5,33,1,39,0,0,0,39
11/23/2005,TIW,WA,ANM,WE,Federal Contract Tower,0,0,18,0,18,0,0,94,0,94,0,0,112,0,112,54,0,54,166
11/24/2005,TIW,WA,ANM,WE,Federal Contract Tower,0,0,1,0,1,0,0,30,0,30,0,0,31,0,31,0,0,0,31
11/25/2005,TIW,WA,ANM,WE,Federal Contract Tower,0,0,13,0,13,0,0,8,0,8,0,0,21,0,21,18,0,18,39
11/26/2005,TIW,WA,ANM,WE,Federal Contract Tower,0,0,23,0,23,0,0,163,0,163,0,0,186,0,186,224,0,224,410
11/27/2005,TIW,WA,ANM,WE,Federal Contract Tower,0,3,30,0,33,0,3,94,0,97,0,6,124,0,130,90,0,90,220
11/28/2005,TIW,WA,ANM,WE,Federal Contract Tower,0,3,9,2,14,0,3,89,2,94,0,6,98,4,108,76,0,76,184
11/29/2005,TIW,WA,ANM,WE,Federal Contract Tower,0,0,11,0,11,0,0,4,0,4,0,0,15,0,15,0,0,0,15
11/30/2005,TIW,WA,ANM,WE,Federal Contract Tower,0,3,24,0,27,0,5,107,8,120,0,8,131,8,147,140,0,140,287
12/01/2005,TIW,WA,ANM,WE,Federal Contract Tower,0,0,12,0,12,0,0,13,0,13,0,0,25,0,25,0,0,0,25
12/02/2005,TIW,WA,ANM,WE,Federal Contract Tower,0,1,13,0,14,0,0,7,0,7,0,1,20,0,21,6,0,6,27
12/03/2005,TIW,WA,ANM,WE,Federal Contract Tower,0,3,19,0,22,0,1,85,1,87,0,4,104,1,109,110,0,110,219
12/04/2005,TIW,WA,ANM,WE,Federal Contract Tower,0,0,25,0,25,0,1,70,2,73,0,1,95,2,98,138,0,138,236
12/05/2005,TIW,WA,ANM,WE,Federal Contract Tower,0,7,24,0,31,0,3,27,0,30,0,10,51,0,61,8,0,8,69
12/06/2005,TIW,WA,ANM,WE,Federal Contract Tower,0,4,29,0,33,0,4,38,0,42,0,8,67,0,75,34,0,34,109
12/07/2005,TIW,WA,ANM,WE,Federal Contract Tower,0,0,28,0,28,0,0,84,4,88,0,0,112,4,116,132,0,132,248
12/08/2005,TIW,WA,ANM,WE,Federal Contract Tower,0,0,26,0,26,0,4,209,2,215,0,4,235,2,241,162,0,162,403
12/09/2005,TIW,WA,ANM,WE,Federal Contract Tower,0,1,20,0,21,0,3,269,6,278,0,4,289,6,299,124,0,124,423
12/10/2005,TIW,WA,ANM,WE,Federal Contract Tower,0,0,43,0,43,0,0,69,0,69,0,0,112,0,112,72,0,72,184
12/11/2005,TIW,WA,ANM,WE,Federal Contract Tower,0,0,20,0,20,0,0,93,0,93,0,0,113,0,113,98,0,98,211
12/12/2005,TIW,WA,ANM,WE,Federal Contract Tower,0,9,16,0,25,0,5,15,0,20,0,14,31,0,45,8,0,8,53
12/13/2005,TIW,WA,ANM,WE,Federal Contract Tower,0,0,41,0,41,0,0,32,0,32,0,0,73,0,73,26,0,26,99
12/14/2005,TIW,WA,ANM,WE,Federal Contract Tower,0,2,45,0,47,0,2,45,6,53,0,4,90,6,100,56,0,56,156
12/15/2005,TIW,WA,ANM,WE,Federal Contract Tower,0,3,21,0,24,0,1,158,0,159,0,4,179,0,183,104,0,104,287
12/16/2005,TIW,WA,ANM,WE,Federal Contract Tower,0,5,15,0,20,0,0,26,0,26,0,5,41,0,46,58,0,58,104
12/17/2005,TIW,WA,ANM,WE,Federal Contract Tower,0,2,16,0,18,0,0,160,0,160,0,2,176,0,178,154,0,154,332
12/18/2005,TIW,WA,ANM,WE,Federal Contract Tower,0,3,13,0,16,0,0,50,0,50,0,3,63,0,66,44,0,44,110
12/19/2005,TIW,WA,ANM,WE,Federal Contract Tower,0,2,36,0,38,0,2,30,0,32,0,4,66,0,70,84,0,84,154
12/20/2005,TIW,WA,ANM,WE,Federal Contract Tower,0,1,35,0,36,0,0,35,2,37,0,1,70,2,73,34,0,34,107
12/21/2005,TIW,WA,ANM,WE,Federal Contract Tower,0,0,20,0,20,0,0,38,0,38,0,0,58,0,58,74,0,74,132
12/22/2005,TIW,WA,ANM,WE,Federal Contract Tower,0,0,14,0,14,0,0,24,0,24,0,0,38,0,38,24,0,24,62
12/23/2005,TIW,WA,ANM,WE,Federal Contract Tower,0,3,26,0,29,0,1,106,0,107,0,4,132,0,136,118,0,118,254
12/24/2005,TIW,WA,ANM,WE,Federal Contract Tower,0,0,3,0,3,0,0,31,0,31,0,0,34,0,34,32,0,32,66
12/25/2005,TIW,WA,ANM,WE,Federal Contract Tower,0,0,1,0,1,0,0,8,0,8,0,0,9,0,9,0,0,0,9
12/26/2005,TIW,WA,ANM,WE,Federal Contract Tower,0,0,13,0,13,0,0,36,0,36,0,0,49,0,49,44,0,44,93
12/27/2005,TIW,WA,ANM,WE,Federal Contract Tower,0,2,23,0,25,0,0,55,0,55,0,2,78,0,80,70,0,70,150
12/28/2005,TIW,WA,ANM,WE,Federal Contract Tower,0,0,17,0,17,0,0,33,2,35,0,0,50,2,52,10,0,10,62
12/29/2005,TIW,WA,ANM,WE,Federal Contract Tower,0,3,25,1,29,0,3,236,1,240,0,6,261,2,269,144,0,144,413
12/30/2005,TIW,WA,ANM,WE,Federal Contract Tower,0,2,28,0,30,0,1,48,0,49,0,3,76,0,79,34,0,34,113
12/31/2005,TIW,WA,ANM,WE,Federal Contract Tower,0,0,22,0,22,0,0,82,0,82,0,0,104,0,104,92,0,92,196
01/01/2006,TIW,WA,ANM,WE,Federal Contract Tower,0,1,11,0,12,0,0,12,0,12,0,1,23,0,24,6,0,6,30
01/02/2006,TIW,WA,ANM,WE,Federal Contract Tower,0,1,18,1,20,0,0,14,1,15,0,1,32,2,35,0,0,0,35
01/03/2006,TIW,WA,ANM,WE,Federal Contract Tower,0,1,14,0,15,0,1,33,0,34,0,2,47,0,49,28,0,28,77
01/04/2006,TIW,WA,ANM,WE,Federal Contract Tower,0,0,31,0,31,0,2,171,2,175,0,2,202,2,206,128,0,128,334
01/05/2006,TIW,WA,ANM,WE,Federal Contract Tower,0,0,23,0,23,0,0,33,1,34,0,0,56,1,57,12,0,12,69
01/06/2006,TIW,WA,ANM,WE,Federal Contract Tower,0,0,19,0,19,0,0,63,2,65,0,0,82,2,84,70,0,70,154
01/07/2006,TIW,WA,ANM,WE,Federal Contract Tower,0,0,24,0,24,0,0,43,1,44,0,0,67,1,68,30,4,34,102
01/08/2006,TIW,WA,ANM,WE,Federal Contract Tower,0,2,26,0,28,0,2,80,0,82,0,4,106,0,110,122,0,122,232
01/09/2006,TIW,WA,ANM,WE,Federal Contract Tower,0,2,18,1,21,0,0,14,3,17,0,2,32,4,38,0,0,0,38
01/10/2006,TIW,WA,ANM,WE,Federal Contract Tower,0,1,17,2,20,0,5,11,2,18,0,6,28,4,38,0,0,0,38
01/11/2006,TIW,WA,ANM,WE,Federal Contract Tower,0,4,10,0,14,0,1,16,4,21,0,5,26,4,35,16,0,16,51
01/12/2006,TIW,WA,ANM,WE,Federal Contract Tower,0,5,27,0,32,0,11,38,0,49,0,16,65,0,81,48,0,48,129
01/13/2006,TIW,WA,ANM,WE,Federal Contract Tower,0,0,27,0,27,0,0,40,0,40,0,0,67,0,67,34,0,34,101
01/14/2006,TIW,WA,ANM,WE,Federal Contract Tower,0,0,30,0,30,0,0,92,0,92,0,0,122,0,122,56,0,56,178
01/15/2006,TIW,WA,ANM,WE,Federal Contract Tower,0,5,20,0,25,0,5,99,0,104,0,10,119,0,129,124,0,124,253
01/16/2006,TIW,WA,ANM,WE,Federal Contract Tower,0,6,26,0,32,0,6,6,0,12,0,12,32,0,44,0,0,0,44
01/17/2006,TIW,WA,ANM,WE,Federal Contract Tower,0,3,40,0,43,0,0,96,0,96,0,3,136,0,139,122,0,122,261
01/18/2006,TIW,WA,ANM,WE,Federal Contract Tower,0,2,31,0,33,0,6,41,2,49,0,8,72,2,82,30,0,30,112
01/19/2006,TIW,WA,ANM,WE,Federal Contract Tower,0,2,22,0,24,0,0,79,0,79,0,2,101,0,103,62,0,62,165
01/20/2006,TIW,WA,ANM,WE,Federal Contract Tower,0,2,10,0,12,0,0,36,0,36,0,2,46,0,48,28,0,28,76
01/21/2006,TIW,WA,ANM,WE,Federal Contract Tower,0,0,21,0,21,0,4,55,2,61,0,4,76,2,82,30,0,30,112
01/22/2006,TIW,WA,ANM,WE,Federal Contract Tower,0,2,21,0,23,0,1,62,0,63,0,3,83,0,86,32,0,32,118
01/23/2006,TIW,WA,ANM,WE,Federal Contract Tower,0,3,21,0,24,0,4,77,0,81,0,7,98,0,105,100,0,100,205
01/24/2006,TIW,WA,ANM,WE,Federal Contract Tower,0,2,21,1,24,0,1,90,1,92,0,3,111,2,116,122,0,122,238
01/25/2006,TIW,WA,ANM,WE,Federal Contract Tower,0,0,0,0,0,0,2,52,6,60,0,2,52,6,60,6,0,6,66
01/26/2006,TIW,WA,ANM,WE,Federal Contract Tower,0,0,10,0,10,0,3,24,0,27,0,3,34,0,37,44,0,44,81
01/27/2006,TIW,WA,ANM,WE,Federal Contract Tower,0,4,22,0,26,0,6,71,2,79,0,10,93,2,105,38,0,38,143
01/28/2006,TIW,WA,ANM,WE,Federal Contract Tower,0,0,5,0,5,0,1,28,0,29,0,1,33,0,34,26,0,26,60
01/29/2006,TIW,WA,ANM,WE,Federal Contract Tower,0,0,17,0,17,0,0,32,0,32,0,0,49,0,49,56,0,56,105
01/30/2006,TIW,WA,ANM,WE,Federal Contract Tower,0,2,7,0,9,0,0,28,0,28,0,2,35,0,37,12,0,12,49
01/31/2006,TIW,WA,ANM,WE,Federal Contract Tower,0,2,20,0,22,0,2,35,0,37,0,4,55,0,59,18,0,18,77
02/01/2006,TIW,WA,ANM,WE,Federal Contract Tower,0,0,15,0,15,0,6,38,6,50,0,6,53,6,65,32,0,32,97
02/02/2006,TIW,WA,ANM,WE,Federal Contract Tower,0,0,24,0,24,0,1,76,2,79,0,1,100,2,103,34,0,34,137
02/03/2006,TIW,WA,ANM,WE,Federal Contract Tower,0,0,24,2,26,0,4,118,4,126,0,4,142,6,152,142,2,144,296
02/04/2006,TIW,WA,ANM,WE,Federal Contract Tower,0,0,2,0,2,0,0,3,2,5,0,0,5,2,7,0,0,0,7
02/05/2006,TIW,WA,ANM,WE,Federal Contract Tower,0,5,33,0,38,0,5,94,0,99,0,10,127,0,137,128,0,128,265
02/06/2006,TIW,WA,ANM,WE,Federal Contract Tower,0,0,29,0,29,0,2,127,6,135,0,2,156,6,164,148,0,148,312
02/07/2006,TIW,WA,ANM,WE,Federal Contract Tower,0,1,30,0,31,0,2,100,2,104,0,3,130,2,135,98,0,98,233
02/08/2006,TIW,WA,ANM,WE,Federal Contract Tower,0,2,25,0,27,0,2,105,0,107,0,4,130,0,134,40,0,40,174
02/09/2006,TIW,WA,ANM,WE,Federal Contract Tower,0,0,29,0,29,0,4,131,1,136,0,4,160,1,165,52,0,52,217
02/10/2006,TIW,WA,ANM,WE,Federal Contract Tower,0,5,21,0,26,0,2,213,2,217,0,7,234,2,243,74,0,74,317
02/11/2006,TIW,WA,ANM,WE,Federal Contract Tower,0,0,24,0,24,0,0,250,0,250,0,0,274,0,274,247,0,247,521
02/12/2006,TIW,WA,ANM,WE,Federal Contract Tower,0,0,27,0,27,0,1,88,0,89,0,1,115,0,116,80,0,80,196
02/13/2006,TIW,WA,ANM,WE,Federal Contract Tower,0,1,10,0,11,0,1,33,0,34,0,2,43,0,45,44,0,44,89
02/14/2006,TIW,WA,ANM,WE,Federal Contract Tower,0,0,14,0,14,0,2,68,2,72,0,2,82,2,86,88,0,88,174
02/15/2006,TIW,WA,ANM,WE,Federal Contract Tower,0,0,30,0,30,0,2,162,0,164,0,2,192,0,194,88,0,88,282
02/16/2006,TIW,WA,ANM,WE,Federal Contract Tower,0,1,26,0,27,0,3,90,0,93,0,4,116,0,120,48,0,48,168
02/17/2006,TIW,WA,ANM,WE,Federal Contract Tower,0,1,7,0,8,0,7,22,0,29,0,8,29,0,37,8,0,8,45
02/18/2006,TIW,WA,ANM,WE,Federal Contract Tower,0,0,18,0,18,0,0,110,0,110,0,0,128,0,128,83,0,83,211
02/19/2006,TIW,WA,ANM,WE,Federal Contract Tower,0,0,44,0,44,0,2,156,0,158,0,2,200,0,202,172,0,172,374
02/20/2006,TIW,WA,ANM,WE,Federal Contract Tower,0,3,20,0,23,0,3,55,0,58,0,6,75,0,81,64,0,64,145
02/21/2006,TIW,WA,ANM,WE,Federal Contract Tower,0,3,18,0,21,0,3,16,0,19,0,6,34,0,40,8,0,8,48
02/22/2006,TIW,WA,ANM,WE,Federal Contract Tower,0,0,31,0,31,0,4,29,0,33,0,4,60,0,64,64,0,64,128
02/23/2006,TIW,WA,ANM,WE,Federal Contract Tower,0,0,9,0,9,0,0,8,8,16,0,0,17,8,25,18,0,18,43
02/24/2006,TIW,WA,ANM,WE,Federal Contract Tower,0,2,45,0,47,0,2,275,2,279,0,4,320,2,326,130,2,132,458
02/25/2006,TIW,WA,ANM,WE,Federal Contract Tower,0,8,29,0,37,0,3,153,0,156,0,11,182,0,193,72,0,72,265
02/26/2006,TIW,WA,ANM,WE,Federal Contract Tower,0,8,24,0,32,0,5,46,0,51,0,13,70,0,83,52,0,52,135
02/27/2006,TIW,WA,ANM,WE,Federal Contract Tower,0,2,20,0,22,0,0,12,0,12,0,2,32,0,34,0,0,0,34
02/28/2006,TIW,WA,ANM,WE,Federal Contract Tower,0,0,42,0,42,0,0,24,0,24,0,0,66,0,66,38,0,38,104
03/01/2006,TIW,WA,ANM,WE,Federal Contract Tower,0,0,25,0,25,0,3,58,0,61,0,3,83,0,86,44,0,44,130
03/02/2006,TIW,WA,ANM,WE,Federal Contract Tower,0,0,25,0,25,0,4,33,1,38,0,4,58,1,63,52,0,52,115
03/03/2006,TIW,WA,ANM,WE,Federal Contract Tower,0,0,34,0,34,0,2,178,1,181,0,2,212,1,215,160,0,160,375
03/04/2006,TIW,WA,ANM,WE,Federal Contract Tower,0,0,23,0,23,0,0,206,0,206,0,0,229,0,229,150,0,150,379
03/05/2006,TIW,WA,ANM,WE,Federal Contract Tower,0,3,20,0,23,0,3,44,0,47,0,6,64,0,70,78,0,78,148
03/06/2006,TIW,WA,ANM,WE,Federal Contract Tower,0,2,4,0,6,0,0,5,0,5,0,2,9,0,11,0,0,0,11
03/07/2006,TIW,WA,ANM,WE,Federal Contract Tower,0,0,31,0,31,0,2,45,0,47,0,2,76,0,78,50,0,50,128
03/08/2006,TIW,WA,ANM,WE,Federal Contract Tower,0,0,12,0,12,0,0,13,0,13,0,0,25,0,25,8,0,8,33
03/09/2006,TIW,WA,ANM,WE,Federal Contract Tower,0,0,12,0,12,0,0,5,2,7,0,0,17,2,19,0,0,0,19
03/10/2006,TIW,WA,ANM,WE,Federal Contract Tower,0,2,19,0,21,0,2,75,0,77,0,4,94,0,98,38,0,38,136
03/11/2006,TIW,WA,ANM,WE,Federal Contract Tower,0,0,36,0,36,0,2,89,2,93,0,2,125,2,129,120,0,120,249
03/12/2006,TIW,WA,ANM,WE,Federal Contract Tower,0,0,36,0,36,0,0,172,0,172,0,0,208,0,208,162,0,162,370
03/13/2006,TIW,WA,ANM,WE,Federal Contract Tower,0,2,24,0,26,0,3,99,0,102,0,5,123,0,128,124,0,124,252
03/14/2006,TIW,WA,ANM,WE,Federal Contract Tower,0,1,36,0,37,0,1,42,0,43,0,2,78,0,80,74,0,74,154
03/15/2006,TIW,WA,ANM,WE,Federal Contract Tower,0,6,19,0,25,0,6,47,0,53,0,12,66,0,78,50,0,50,128
03/16/2006,TIW,WA,ANM,WE,Federal Contract Tower,0,0,37,0,37,0,0,75,2,77,0,0,112,2,114,72,4,76,190
03/17/2006,TIW,WA,ANM,WE,Federal Contract Tower,0,0,30,0,30,0,0,54,0,54,0,0,84,0,84,24,0,24,108
03/18/2006,TIW,WA,ANM,WE,Federal Contract Tower,0,0,26,0,26,0,0,113,2,115,0,0,139,2,141,106,0,106,247
03/19/2006,TIW,WA,ANM,WE,Federal Contract Tower,0,0,41,0,41,0,0,140,0,140,0,0,181,0,181,86,0,86,267
03/20/2006,TIW,WA,ANM,WE,Federal Contract Tower,0,0,36,0,36,0,3,86,0,89,0,3,122,0,125,92,0,92,217
03/21/2006,TIW,WA,ANM,WE,Federal Contract Tower,0,0,21,0,21,0,4,67,0,71,0,4,88,0,92,68,0,68,160
03/22/2006,TIW,WA,ANM,WE,Federal Contract Tower,0,0,22,2,24,0,4,52,2,58,0,4,74,4,82,28,0,28,110
03/23/2006,TIW,WA,ANM,WE,Federal Contract Tower,0,0,23,0,23,0,0,148,0,148,0,0,171,0,171,98,0,98,269
03/24/2006,TIW,WA,ANM,WE,Federal Contract Tower,0,1,26,0,27,0,3,107,2,112,0,4,133,2,139,26,0,26,165
03/25/2006,TIW,WA,ANM,WE,Federal Contract Tower,0,1,23,0,24,0,0,171,0,171,0,1,194,0,195,134,0,134,329
03/26/2006,TIW,WA,ANM,WE,Federal Contract Tower,0,2,20,0,22,0,1,55,0,56,0,3,75,0,78,44,0,44,122
03/27/2006,TIW,WA,ANM,WE,Federal Contract Tower,0,3,19,0,22,0,3,99,0,102,0,6,118,0,124,58,0,58,182
03/28/2006,TIW,WA,ANM,WE,Federal Contract Tower,0,3,27,0,30,0,3,73,2,78,0,6,100,2,108,132,8,140,248
03/29/2006,TIW,WA,ANM,WE,Federal Contract Tower,0,5,28,0,33,0,4,58,0,62,0,9,86,0,95,34,0,34,129
03/30/2006,TIW,WA,ANM,WE,Federal Contract Tower,0,1,26,0,27,0,2,164,4,170,0,3,190,4,197,88,0,88,285
03/31/2006,TIW,WA,ANM,WE,Federal Contract Tower,0,1,32,2,35,0,4,206,4,214,0,5,238,6,249,146,0,146,395
04/01/2006,TIW,WA,ANM,WE,Federal Contract Tower,0,0,31,0,31,0,0,40,4,44,0,0,71,4,75,54,2,56,131
04/02/2006,TIW,WA,ANM,WE,Federal Contract Tower,0,4,14,0,18,0,5,64,2,71,0,9,78,2,89,80,0,80,169
04/03/2006,TIW,WA,ANM,WE,Federal Contract Tower,0,1,14,0,15,0,2,38,0,40,0,3,52,0,55,36,0,36,91
04/04/2006,TIW,WA,ANM,WE,Federal Contract Tower,0,2,23,0,25,0,0,80,0,80,0,2,103,0,105,52,0,52,157
04/05/2006,TIW,WA,ANM,WE,Federal Contract Tower,0,0,23,0,23,0,0,95,2,97,0,0,118,2,120,74,0,74,194
04/06/2006,TIW,WA,ANM,WE,Federal Contract Tower,0,1,21,0,22,0,3,134,0,137,0,4,155,0,159,96,0,96,255
04/07/2006,TIW,WA,ANM,WE,Federal Contract Tower,0,1,32,0,33,0,0,172,0,172,0,1,204,0,205,92,0,92,297
04/08/2006,TIW,WA,ANM,WE,Federal Contract Tower,0,3,31,0,34,0,0,4,0,4,0,3,35,0,38,14,0,14,52
04/09/2006,TIW,WA,ANM,WE,Federal Contract Tower,0,1,47,0,48,0,2,92,0,94,0,3,139,0,142,136,0,136,278
04/10/2006,TIW,WA,ANM,WE,Federal Contract Tower,0,0,25,0,25,0,4,35,0,39,0,4,60,0,64,64,0,64,128
04/11/2006,TIW,WA,ANM,WE,Federal Contract Tower,0,3,28,0,31,0,3,50,2,55,0,6,78,2,86,44,0,44,130
04/12/2006,TIW,WA,ANM,WE,Federal Contract Tower,0,0,14,0,14,0,1,106,0,107,0,1,120,0,121,36,0,36,157
04/13/2006,TIW,WA,ANM,WE,Federal Contract Tower,0,1,19,0,20,0,6,38,0,44,0,7,57,0,64,30,0,30,94
04/14/2006,TIW,WA,ANM,WE,Federal Contract Tower,0,1,18,0,19,0,3,35,0,38,0,4,53,0,57,18,0,18,75
04/15/2006,TIW,WA,ANM,WE,Federal Contract Tower,0,0,14,0,14,0,2,37,6,45,0,2,51,6,59,46,0,46,105
04/16/2006,TIW,WA,ANM,WE,Federal Contract Tower,0,1,15,0,16,0,1,31,0,32,0,2,46,0,48,26,0,26,74
04/17/2006,TIW,WA,ANM,WE,Federal Contract Tower,0,2,35,0,37,0,2,101,0,103,0,4,136,0,140,78,0,78,218
04/18/2006,TIW,WA,ANM,WE,Federal Contract Tower,0,0,19,0,19,0,4,112,0,116,0,4,131,0,135,122,0,122,257
04/19/2006,TIW,WA,ANM,WE,Federal Contract Tower,0,3,35,0,38,0,3,118,0,121,0,6,153,0,159,48,0,48,207
04/20/2006,TIW,WA,ANM,WE,Federal Contract Tower,0,2,20,0,22,0,0,104,0,104,0,2,124,0,126,38,0,38,164
04/21/2006,TIW,WA,ANM,WE,Federal Contract Tower,0,1,34,0,35,0,4,141,2,147,0,5,175,2,182,82,0,82,264
04/22/2006,TIW,WA,ANM,WE,Federal Contract Tower,0,0,22,0,22,0,1,91,0,92,0,1,113,0,114,106,0,106,220
04/23/2006,TIW,WA,ANM,WE,Federal Contract Tower,0,0,18,0,18,0,0,75,0,75,0,0,93,0,93,62,0,62,155
04/24/2006,TIW,WA,ANM,WE,Federal Contract Tower,0,1,20,0,21,0,3,65,0,68,0,4,85,0,89,44,0,44,133
04/25/2006,TIW,WA,ANM,WE,Federal Contract Tower,0,0,32,0,32,0,1,99,2,102,0,1,131,2,134,80,0,80,214
04/26/2006,TIW,WA,ANM,WE,Federal Contract Tower,0,2,34,0,36,0,1,64,2,67,0,3,98,2,103,52,0,52,155
04/27/2006,TIW,WA,ANM,WE,Federal Contract Tower,0,1,27,0,28,0,1,174,1,176,0,2,201,1,204,122,0,122,326
04/28/2006,TIW,WA,ANM,WE,Federal Contract Tower,0,3,25,0,28,0,6,222,1,229,0,9,247,1,257,164,0,164,421
04/29/2006,TIW,WA,ANM,WE,Federal Contract Tower,0,0,23,0,23,0,0,30,0,30,0,0,53,0,53,30,0,30,83
04/30/2006,TIW,WA,ANM,WE,Federal Contract Tower,0,0,38,0,38,0,0,105,0,105,0,0,143,0,143,98,0,98,241
05/01/2006,TIW,WA,ANM,WE,Federal Contract Tower,0,1,12,0,13,0,3,76,0,79,0,4,88,0,92,60,0,60,152
05/02/2006,TIW,WA,ANM,WE,Federal Contract Tower,0,0,40,0,40,0,0,90,0,90,0,0,130,0,130,56,0,56,186
05/03/2006,TIW,WA,ANM,WE,Federal Contract Tower,0,0,25,0,25,0,0,77,2,79,0,0,102,2,104,72,0,72,176
05/04/2006,TIW,WA,ANM,WE,Federal Contract Tower,0,0,31,1,32,0,4,188,1,193,0,4,219,2,225,92,0,92,317
05/05/2006,TIW,WA,ANM,WE,Federal Contract Tower,0,2,34,0,36,0,4,203,0,207,0,6,237,0,243,74,0,74,317
05/06/2006,TIW,WA,ANM,WE,Federal Contract Tower,0,2,24,0,26,24,8,98,8,138,24,10,122,8,164,102,0,102,266
05/07/2006,TIW,WA,ANM,WE,Federal Contract Tower,0,0,21,0,21,0,0,14,0,14,0,0,35,0,35,4,0,4,39
05/08/2006,TIW,WA,ANM,WE,Federal Contract Tower,0,1,35,0,36,0,2,73,2,77,0,3,108,2,113,160,2,162,275
05/09/2006,TIW,WA,ANM,WE,Federal Contract Tower,0,1,29,0,30,0,1,83,0,84,0,2,112,0,114,102,0,102,216
05/10/2006,TIW,WA,ANM,WE,Federal Contract Tower,0,3,33,0,36,0,3,163,0,166,0,6,196,0,202,138,0,138,340
05/11/2006,TIW,WA,ANM,WE,Federal Contract Tower,0,0,29,0,29,0,5,105,2,112,0,5,134,2,141,68,4,72,213
05/12/2006,TIW,WA,ANM,WE,Federal Contract Tower,0,0,26,0,26,0,8,125,0,133,0,8,151,0,159,70,0,70,229
05/13/2006,TIW,WA,ANM,WE,Federal Contract Tower,0,1,23,0,24,0,0,195,0,195,0,1,218,0,219,194,0,194,413
05/14/2006,TIW,WA,ANM,WE,Federal Contract Tower,0,0,16,0,16,0,0,102,0,102,0,0,118,0,118,106,0,106,224
05/15/2006,TIW,WA,ANM,WE,Federal Contract Tower,0,0,20,0,20,0,6,104,0,110,0,6,124,0,130,144,0,144,274
05/16/2006,TIW,WA,ANM,WE,Federal Contract Tower,0,2,24,0,26,0,4,93,0,97,0,6,117,0,123,124,0,124,247
05/17/2006,TIW,WA,ANM,WE,Federal Contract Tower,0,0,15,0,15,0,6,97,4,107,0,6,112,4,122,102,0,102,224
05/18/2006,TIW,WA,ANM,WE,Federal Contract Tower,0,6,22,0,28,0,10,199,6,215,0,16,221,6,243,168,0,168,411
05/19/2006,TIW,WA,ANM,WE,Federal Contract Tower,0,2,25,0,27,0,0,152,0,152,0,2,177,0,179,106,0,106,285
05/20/2006,TIW,WA,ANM,WE,Federal Contract Tower,0,0,38,0,38,0,0,80,0,80,0,0,118,0,118,72,0,72,190
05/21/2006,TIW,WA,ANM,WE,Federal Contract Tower,0,0,28,0,28,0,1,82,0,83,0,1,110,0,111,74,0,74,185
05/22/2006,TIW,WA,ANM,WE,Federal Contract Tower,0,0,17,0,17,0,4,33,0,37,0,4,50,0,54,28,0,28,82
05/23/2006,TIW,WA,ANM,WE,Federal Contract Tower,0,2,23,0,25,0,2,19,1,22,0,4,42,1,47,6,0,6,53
05/24/2006,TIW,WA,ANM,WE,Federal Contract Tower,0,2,33,0,35,0,4,41,0,45,0,6,74,0,80,54,0,54,134
05/25/2006,TIW,WA,ANM,WE,Federal Contract Tower,0,2,40,0,42,0,1,38,2,41,0,3,78,2,83,14,0,14,97
05/26/2006,TIW,WA,ANM,WE,Federal Contract Tower,0,3,26,0,29,0,5,82,0,87,0,8,108,0,116,68,0,68,184
05/27/2006,TIW,WA,ANM,WE,Federal Contract Tower,0,0,31,0,31,0,0,42,0,42,0,0,73,0,73,28,0,28,101
05/28/2006,TIW,WA,ANM,WE,Federal Contract Tower,0,5,15,0,20,0,1,24,0,25,0,6,39,0,45,6,0,6,51
05/29/2006,TIW,WA,ANM,WE,Federal Contract Tower,0,0,24,0,24,0,0,80,0,80,0,0,104,0,104,120,0,120,224
05/30/2006,TIW,WA,ANM,WE,Federal Contract Tower,0,0,29,0,29,0,2,138,0,140,0,2,167,0,169,172,0,172,341
05/31/2006,TIW,WA,ANM,WE,Federal Contract Tower,0,2,28,0,30,0,2,110,0,112,0,4,138,0,142,66,0,66,208
06/01/2006,TIW,WA,ANM,WE,Federal Contract Tower,0,0,34,0,34,0,2,42,0,44,0,2,76,0,78,20,0,20,98
06/02/2006,TIW,WA,ANM,WE,Federal Contract Tower,0,0,27,0,27,0,0,43,0,43,0,0,70,0,70,12,0,12,82
06/03/2006,TIW,WA,ANM,WE,Federal Contract Tower,0,0,13,0,13,0,2,170,0,172,0,2,183,0,185,130,0,130,315
06/04/2006,TIW,WA,ANM,WE,Federal Contract Tower,0,0,12,0,12,0,0,23,0,23,0,0,35,0,35,24,0,24,59
06/05/2006,TIW,WA,ANM,WE,Federal Contract Tower,0,0,17,0,17,0,2,62,0,64,0,2,79,0,81,74,0,74,155
06/06/2006,TIW,WA,ANM,WE,Federal Contract Tower,0,0,31,0,31,0,5,109,0,114,0,5,140,0,145,140,0,140,285
06/07/2006,TIW,WA,ANM,WE,Federal Contract Tower,0,2,18,0,20,0,4,134,12,150,0,6,152,12,170,86,0,86,256
06/08/2006,TIW,WA,ANM,WE,Federal Contract Tower,0,0,31,0,31,0,5,131,1,137,0,5,162,1,168,50,0,50,218
06/09/2006,TIW,WA,ANM,WE,Federal Contract Tower,0,0,31,0,31,0,0,24,0,24,0,0,55,0,55,44,0,44,99
06/10/2006,TIW,WA,ANM,WE,Federal Contract Tower,0,1,13,0,14,0,1,107,0,108,0,2,120,0,122,122,0,122,244
06/11/2006,TIW,WA,ANM,WE,Federal Contract Tower,0,1,27,0,28,0,0,109,0,109,0,1,136,0,137,86,0,86,223
06/12/2006,TIW,WA,ANM,WE,Federal Contract Tower,0,1,23,0,24,0,1,59,0,60,0,2,82,0,84,70,0,70,154
06/13/2006,TIW,WA,ANM,WE,Federal Contract Tower,0,0,21,0,21,0,2,52,2,56,0,2,73,2,77,102,0,102,179
06/14/2006,TIW,WA,ANM,WE,Federal Contract Tower,0,0,29,0,29,0,2,43,4,49,0,2,72,4,78,26,0,26,104
06/15/2006,TIW,WA,ANM,WE,Federal Contract Tower,0,3,39,0,42,0,1,117,0,118,0,4,156,0,160,102,0,102,262
06/16/2006,TIW,WA,ANM,WE,Federal Contract Tower,0,0,14,0,14,0,0,20,2,22,0,0,34,2,36,6,0,6,42
06/17/2006,TIW,WA,ANM,WE,Federal Contract Tower,0,0,21,0,21,0,0,215,0,215,0,0,236,0,236,198,0,198,434
06/18/2006,TIW,WA,ANM,WE,Federal Contract Tower,0,1,32,0,33,0,0,75,0,75,0,1,107,0,108,66,0,66,174
06/19/2006,TIW,WA,ANM,WE,Federal Contract Tower,0,2,32,0,34,0,4,89,0,93,0,6,121,0,127,92,0,92,219
06/20/2006,TIW,WA,ANM,WE,Federal Contract Tower,0,0,23,0,23,0,0,94,0,94,0,0,117,0,117,62,0,62,179
06/21/2006,TIW,WA,ANM,WE,Federal Contract Tower,0,0,41,0,41,0,0,199,2,201,0,0,240,2,242,148,0,148,390
06/22/2006,TIW,WA,ANM,WE,Federal Contract Tower,0,6,39,0,45,0,8,189,4,201,0,14,228,4,246,78,0,78,324
06/23/2006,TIW,WA,ANM,WE,Federal Contract Tower,0,0,24,0,24,0,4,180,0,184,0,4,204,0,208,92,0,92,300
06/24/2006,TIW,WA,ANM,WE,Federal Contract Tower,0,0,26,0,26,0,0,256,0,256,0,0,282,0,282,60,0,60,342
06/25/2006,TIW,WA,ANM,WE,Federal Contract Tower,0,0,18,0,18,0,0,86,0,86,0,0,104,0,104,106,0,106,210
06/26/2006,TIW,WA,ANM,WE,Federal Contract Tower,0,0,25,0,25,0,2,68,2,72,0,2,93,2,97,34,0,34,131
06/27/2006,TIW,WA,ANM,WE,Federal Contract Tower,0,0,29,0,29,0,0,82,0,82,0,0,111,0,111,98,0,98,209
06/28/2006,TIW,WA,ANM,WE,Federal Contract Tower,0,0,36,0,36,0,2,192,4,198,0,2,228,4,234,152,0,152,386
06/29/2006,TIW,WA,ANM,WE,Federal Contract Tower,0,0,26,0,26,0,6,160,0,166,0,6,186,0,192,88,0,88,280
06/30/2006,TIW,WA,ANM,WE,Federal Contract Tower,0,1,15,0,16,0,1,135,0,136,0,2,150,0,152,102,0,102,254
07/01/2006,TIW,WA,ANM,WE,Federal Contract Tower,0,0,16,0,16,0,0,184,2,186,0,0,200,2,202,171,0,171,373
07/02/2006,TIW,WA,ANM,WE,Federal Contract Tower,0,2,12,0,14,0,1,107,0,108,0,3,119,0,122,166,0,166,288
07/03/2006,TIW,WA,ANM,WE,Federal Contract Tower,0,0,20,0,20,0,2,90,0,92,0,2,110,0,112,142,0,142,254
07/04/2006,TIW,WA,ANM,WE,Federal Contract Tower,0,4,19,0,23,0,4,63,0,67,0,8,82,0,90,36,0,36,126
07/05/2006,TIW,WA,ANM,WE,Federal Contract Tower,0,1,24,0,25,0,1,114,0,115,0,2,138,0,140,82,0,82,222
07/06/2006,TIW,WA,ANM,WE,Federal Contract Tower,0,1,22,1,24,0,5,74,5,84,0,6,96,6,108,130,0,130,238
07/07/2006,TIW,WA,ANM,WE,Federal Contract Tower,0,0,20,0,20,0,0,265,0,265,0,0,285,0,285,175,0,175,460
07/08/2006,TIW,WA,ANM,WE,Federal Contract Tower,0,0,21,0,21,0,0,235,0,235,0,0,256,0,256,174,0,174,430
07/09/2006,TIW,WA,ANM,WE,Federal Contract Tower,0,0,0,0,0,98,0,0,0,98,98,0,0,0,98,116,0,116,214
07/10/2006,TIW,WA,ANM,WE,Federal Contract Tower,0,0,23,0,23,0,0,42,2,44,0,0,65,2,67,54,0,54,121
07/11/2006,TIW,WA,ANM,WE,Federal Contract Tower,0,0,37,0,37,0,2,111,2,115,0,2,148,2,152,78,0,78,230
07/12/2006,TIW,WA,ANM,WE,Federal Contract Tower,0,0,37,0,37,0,0,15,0,15,0,0,52,0,52,24,0,24,76
07/13/2006,TIW,WA,ANM,WE,Federal Contract Tower,0,0,21,0,21,0,2,65,2,69,0,2,86,2,90,84,0,84,174
07/14/2006,TIW,WA,ANM,WE,Federal Contract Tower,0,3,24,0,27,0,0,158,0,158,0,3,182,0,185,182,0,182,367
07/15/2006,TIW,WA,ANM,WE,Federal Contract Tower,0,0,22,0,22,0,0,123,0,123,0,0,145,0,145,100,0,100,245
07/16/2006,TIW,WA,ANM,WE,Federal Contract Tower,0,0,12,0,12,0,0,102,0,102,0,0,114,0,114,164,0,164,278
07/17/2006,TIW,WA,ANM,WE,Federal Contract Tower,0,4,13,0,17,0,3,58,0,61,0,7,71,0,78,80,0,80,158
07/18/2006,TIW,WA,ANM,WE,Federal Contract Tower,0,2,10,0,12,0,0,74,0,74,0,2,84,0,86,60,0,60,146
07/19/2006,TIW,WA,ANM,WE,Federal Contract Tower,0,0,25,0,25,0,5,127,2,134,0,5,152,2,159,96,0,96,255
07/20/2006,TIW,WA,ANM,WE,Federal Contract Tower,0,1,19,0,20,0,5,178,4,187,0,6,197,4,207,58,2,60,267
07/21/2006,TIW,WA,ANM,WE,Federal Contract Tower,0,1,16,0,17,0,2,90,6,98,0,3,106,6,115,132,0,132,247
07/22/2006,TIW,WA,ANM,WE,Federal Contract Tower,0,0,17,0,17,0,0,155,0,155,0,0,172,0,172,86,0,86,258
07/23/2006,TIW,WA,ANM,WE,Federal Contract Tower,0,0,8,0,8,0,0,84,0,84,0,0,92,0,92,64,0,64,156
07/24/2006,TIW,WA,ANM,WE,Federal Contract Tower,0,0,10,0,10,0,6,64,0,70,0,6,74,0,80,82,0,82,162
07/25/2006,TIW,WA,ANM,WE,Federal Contract Tower,0,1,25,0,26,0,0,30,0,30,0,1,55,0,56,44,0,44,100
07/26/2006,TIW,WA,ANM,WE,Federal Contract Tower,0,1,29,0,30,0,0,86,0,86,0,1,115,0,116,104,0,104,220
07/27/2006,TIW,WA,ANM,WE,Federal Contract Tower,0,2,27,0,29,0,3,171,0,174,0,5,198,0,203,116,0,116,319
07/28/2006,TIW,WA,ANM,WE,Federal Contract Tower,0,5,14,0,19,0,5,109,4,118,0,10,123,4,137,81,0,81,218
07/29/2006,TIW,WA,ANM,WE,Federal Contract Tower,0,3,19,0,22,0,2,159,0,161,0,5,178,0,183,89,12,101,284
07/30/2006,TIW,WA,ANM,WE,Federal Contract Tower,0,1,15,0,16,0,0,47,0,47,0,1,62,0,63,34,0,34,97
07/31/2006,TIW,WA,ANM,WE,Federal Contract Tower,0,3,20,0,23,0,5,122,0,127,0,8,142,0,150,128,0,128,278
08/01/2006,TIW,WA,ANM,WE,Federal Contract Tower,0,0,22,0,22,0,0,93,8,101,0,0,115,8,123,136,0,136,259
08/02/2006,TIW,WA,ANM,WE,Federal Contract Tower,0,0,5,0,5,0,0,90,5,95,0,0,95,5,100,58,0,58,158
08/03/2006,TIW,WA,ANM,WE,Federal Contract Tower,0,4,22,0,26,0,4,196,2,202,0,8,218,2,228,122,0,122,350
08/04/2006,TIW,WA,ANM,WE,Federal Contract Tower,0,0,23,0,23,0,0,117,0,117,0,0,140,0,140,98,0,98,238
08/05/2006,TIW,WA,ANM,WE,Federal Contract Tower,0,0,11,0,11,0,0,110,0,110,0,0,121,0,121,126,0,126,247
08/06/2006,TIW,WA,ANM,WE,Federal Contract Tower,0,0,10,0,10,0,0,89,0,89,0,0,99,0,99,186,0,186,285
08/07/2006,TIW,WA,ANM,WE,Federal Contract Tower,0,2,16,0,18,0,2,64,0,66,0,4,80,0,84,172,0,172,256
08/08/2006,TIW,WA,ANM,WE,Federal Contract Tower,0,0,29,0,29,0,6,98,0,104,0,6,127,0,133,234,0,234,367
08/09/2006,TIW,WA,ANM,WE,Federal Contract Tower,0,0,25,0,25,0,0,43,6,49,0,0,68,6,74,54,0,54,128
08/10/2006,TIW,WA,ANM,WE,Federal Contract Tower,0,1,16,0,17,0,2,149,1,152,0,3,165,1,169,46,0,46,215
08/11/2006,TIW,WA,ANM,WE,Federal Contract Tower,0,1,23,1,25,0,0,210,1,211,0,1,233,2,236,142,0,142,378
08/12/2006,TIW,WA,ANM,WE,Federal Contract Tower,0,0,15,0,15,0,0,129,4,133,0,0,144,4,148,102,0,102,250
08/13/2006,TIW,WA,ANM,WE,Federal Contract Tower,0,0,18,0,18,0,0,97,0,97,0,0,115,0,115,100,0,100,215
08/14/2006,TIW,WA,ANM,WE,Federal Contract Tower,0,0,22,0,22,0,4,76,0,80,0,4,98,0,102,76,0,76,178
08/15/2006,TIW,WA,ANM,WE,Federal Contract Tower,0,3,30,0,33,0,1,81,4,86,0,4,111,4,119,88,0,88,207
08/16/2006,TIW,WA,ANM,WE,Federal Contract Tower,0,1,21,0,22,0,1,158,0,159,0,2,179,0,181,136,0,136,317
08/17/2006,TIW,WA,ANM,WE,Federal Contract Tower,0,1,38,0,39,0,0,194,0,194,0,1,232,0,233,52,0,52,285
08/18/2006,TIW,WA,ANM,WE,Federal Contract Tower,0,3,22,0,25,0,3,288,10,301,0,6,310,10,326,172,0,172,498
08/19/2006,TIW,WA,ANM,WE,Federal Contract Tower,0,0,11,0,11,0,0,238,0,238,0,0,249,0,249,97,0,97,346
08/20/2006,TIW,WA,ANM,WE,Federal Contract Tower,0,2,17,0,19,0,2,88,0,90,0,4,105,0,109,60,0,60,169
08/21/2006,TIW,WA,ANM,WE,Federal Contract Tower,0,3,23,0,26,0,6,86,0,92,0,9,109,0,118,114,0,114,232
08/22/2006,TIW,WA,ANM,WE,Federal Contract Tower,0,0,41,0,41,0,2,45,0,47,0,2,86,0,88,50,0,50,138
08/23/2006,TIW,WA,ANM,WE,Federal Contract Tower,0,1,42,0,43,0,0,40,0,40,0,1,82,0,83,34,0,34,117
08/24/2006,TIW,WA,ANM,WE,Federal Contract Tower,0,0,34,0,34,0,0,166,0,166,0,0,200,0,200,73,0,73,273
08/25/2006,TIW,WA,ANM,WE,Federal Contract Tower,0,3,34,0,37,0,1,173,2,176,0,4,207,2,213,112,0,112,325
08/26/2006,TIW,WA,ANM,WE,Federal Contract Tower,0,0,17,0,17,0,0,270,0,270,0,0,287,0,287,93,0,93,380
08/27/2006,TIW,WA,ANM,WE,Federal Contract Tower,0,2,16,0,18,0,0,151,4,155,0,2,167,4,173,136,0,136,309
08/28/2006,TIW,WA,ANM,WE,Federal Contract Tower,0,4,18,1,23,0,2,102,1,105,0,6,120,2,128,66,0,66,194
08/29/2006,TIW,WA,ANM,WE,Federal Contract Tower,0,0,28,0,28,0,0,46,0,46,0,0,74,0,74,64,0,64,138
08/30/2006,TIW,WA,ANM,WE,Federal Contract Tower,0,0,33,0,33,0,0,119,0,119,0,0,152,0,152,78,0,78,230
08/31/2006,TIW,WA,ANM,WE,Federal Contract Tower,0,3,26,0,29,0,1,124,6,131,0,4,150,6,160,75,0,75,235
09/01/2006,TIW,WA,ANM,WE,Federal Contract Tower,0,0,26,0,26,0,4,183,0,187,0,4,209,0,213,83,0,83,296
09/02/2006,TIW,WA,ANM,WE,Federal Contract Tower,0,0,24,0,24,0,2,211,0,213,0,2,235,0,237,112,0,112,349
09/03/2006,TIW,WA,ANM,WE,Federal Contract Tower,0,0,13,0,13,0,2,71,2,75,0,2,84,2,88,114,2,116,204
09/04/2006,TIW,WA,ANM,WE,Federal Contract Tower,0,0,46,0,46,0,14,106,0,120,0,14,152,0,166,120,0,120,286
09/05/2006,TIW,WA,ANM,WE,Federal Contract Tower,0,0,18,0,18,0,2,45,4,51,0,2,63,4,69,66,0,66,135
09/06/2006,TIW,WA,ANM,WE,Federal Contract Tower,0,0,21,0,21,0,0,147,0,147,0,0,168,0,168,52,0,52,220
09/07/2006,TIW,WA,ANM,WE,Federal Contract Tower,0,5,41,0,46,0,3,136,2,141,0,8,177,2,187,137,0,137,324
09/08/2006,TIW,WA,ANM,WE,Federal Contract Tower,0,0,34,0,34,0,0,131,0,131,0,0,165,0,165,48,0,48,213
09/09/2006,TIW,WA,ANM,WE,Federal Contract Tower,0,0,21,0,21,0,0,137,4,141,0,0,158,4,162,73,0,73,235
09/10/2006,TIW,WA,ANM,WE,Federal Contract Tower,0,0,15,0,15,0,0,98,2,100,0,0,113,2,115,130,0,130,245
09/11/2006,TIW,WA,ANM,WE,Federal Contract Tower,0,0,21,0,21,0,4,82,2,88,0,4,103,2,109,102,0,102,211
09/12/2006,TIW,WA,ANM,WE,Federal Contract Tower,0,0,19,0,19,0,0,123,0,123,0,0,142,0,142,170,0,170,312
09/13/2006,TIW,WA,ANM,WE,Federal Contract Tower,0,2,31,0,33,0,2,119,0,121,0,4,150,0,154,74,0,74,228
09/14/2006,TIW,WA,ANM,WE,Federal Contract Tower,0,0,40,0,40,0,2,98,0,100,0,2,138,0,140,110,0,110,250
09/15/2006,TIW,WA,ANM,WE,Federal Contract Tower,0,0,39,0,39,0,0,48,0,48,0,0,87,0,87,48,0,48,135
09/16/2006,TIW,WA,ANM,WE,Federal Contract Tower,0,0,5,0,5,0,0,195,0,195,0,0,200,0,200,168,0,168,368
09/17/2006,TIW,WA,ANM,WE,Federal Contract Tower,0,4,17,0,21,0,2,51,0,53,0,6,68,0,74,70,0,70,144
09/18/2006,TIW,WA,ANM,WE,Federal Contract Tower,0,3,11,0,14,0,0,50,0,50,0,3,61,0,64,63,0,63,127
09/19/2006,TIW,WA,ANM,WE,Federal Contract Tower,0,0,15,0,15,0,0,38,0,38,0,0,53,0,53,52,0,52,105
09/20/2006,TIW,WA,ANM,WE,Federal Contract Tower,0,2,21,1,24,0,0,31,8,39,0,2,52,9,63,12,0,12,75
09/21/2006,TIW,WA,ANM,WE,Federal Contract Tower,0,2,33,0,35,0,9,136,12,157,0,11,169,12,192,48,0,48,240
09/22/2006,TIW,WA,ANM,WE,Federal Contract Tower,0,1,11,0,12,0,0,204,0,204,0,1,215,0,216,78,0,78,294
09/23/2006,TIW,WA,ANM,WE,Federal Contract Tower,0,0,25,0,25,0,0,274,0,274,0,0,299,0,299,70,0,70,369
09/24/2006,TIW,WA,ANM,WE,Federal Contract Tower,0,2,18,0,20,0,2,101,0,103,0,4,119,0,123,62,0,62,185
09/25/2006,TIW,WA,ANM,WE,Federal Contract Tower,0,0,14,0,14,0,2,93,0,95,0,2,107,0,109,80,0,80,189
09/26/2006,TIW,WA,ANM,WE,Federal Contract Tower,0,0,12,0,12,0,2,82,3,87,0,2,94,3,99,84,2,86,185
09/27/2006,TIW,WA,ANM,WE,Federal Contract Tower,0,3,12,0,15,0,5,142,0,147,0,8,154,0,162,126,0,126,288
09/28/2006,TIW,WA,ANM,WE,Federal Contract Tower,0,2,25,0,27,0,3,132,4,139,0,5,157,4,166,82,0,82,248
09/29/2006,TIW,WA,ANM,WE,Federal Contract Tower,0,3,22,1,26,0,0,150,1,151,0,3,172,2,177,70,0,70,247
09/30/2006,TIW,WA,ANM,WE,Federal Contract Tower,0,0,30,0,30,0,0,61,0,61,0,0,91,0,91,66,0,66,157
10/01/2006,TIW,WA,ANM,WE,Federal Contract Tower,0,1,27,0,28,0,2,65,15,82,0,3,92,15,110,90,0,90,200
10/02/2006,TIW,WA,ANM,WE,Federal Contract Tower,0,2,19,1,22,0,0,55,1,56,0,2,74,2,78,66,0,66,144
10/03/2006,TIW,WA,ANM,WE,Federal Contract Tower,0,0,26,0,26,0,0,65,4,69,0,0,91,4,95,70,0,70,165
10/04/2006,TIW,WA,ANM,WE,Federal Contract Tower,0,0,27,0,27,0,0,104,0,104,0,0,131,0,131,72,0,72,203
10/05/2006,TIW,WA,ANM,WE,Federal Contract Tower,0,0,35,0,35,0,8,137,0,145,0,8,172,0,180,72,0,72,252
10/06/2006,TIW,WA,ANM,WE,Federal Contract Tower,0,4,31,0,35,0,4,20,0,24,0,8,51,0,59,2,0,2,61
10/07/2006,TIW,WA,ANM,WE,Federal Contract Tower,0,5,36,1,42,0,5,101,3,109,0,10,137,4,151,152,0,152,303
10/08/2006,TIW,WA,ANM,WE,Federal Contract Tower,0,0,21,0,21,0,1,20,1,22,0,1,41,1,43,20,0,20,63
10/09/2006,TIW,WA,ANM,WE,Federal Contract Tower,0,1,29,0,30,0,0,74,0,74,0,1,103,0,104,120,0,120,224
10/10/2006,TIW,WA,ANM,WE,Federal Contract Tower,0,2,29,0,31,0,2,116,0,118,0,4,145,0,149,130,0,130,279
10/11/2006,TIW,WA,ANM,WE,Federal Contract Tower,0,4,29,0,33,0,2,191,4,197,0,6,220,4,230,156,0,156,386
10/12/2006,TIW,WA,ANM,WE,Federal Contract Tower,0,2,35,0,37,0,0,98,0,98,0,2,133,0,135,122,0,122,257
10/13/2006,TIW,WA,ANM,WE,Federal Contract Tower,0,0,24,0,24,0,0,99,0,99,0,0,123,0,123,76,0,76,199
10/14/2006,TIW,WA,ANM,WE,Federal Contract Tower,0,0,12,0,12,0,0,0,0,0,0,0,12,0,12,2,0,2,14
10/15/2006,TIW,WA,ANM,WE,Federal Contract Tower,0,0,31,0,31,0,0,0,0,0,0,0,31,0,31,3,0,3,34
10/16/2006,TIW,WA,ANM,WE,Federal Contract Tower,0,2,27,0,29,0,4,37,4,45,0,6,64,4,74,40,0,40,114
10/17/2006,TIW,WA,ANM,WE,Federal Contract Tower,0,0,40,0,40,0,0,54,0,54,0,0,94,0,94,50,0,50,144
10/18/2006,TIW,WA,ANM,WE,Federal Contract Tower,0,1,29,0,30,0,7,15,0,22,0,8,44,0,52,20,0,20,72
10/19/2006,TIW,WA,ANM,WE,Federal Contract Tower,0,0,15,0,15,0,0,7,0,7,0,0,22,0,22,32,0,32,54
10/20/2006,TIW,WA,ANM,WE,Federal Contract Tower,0,0,34,0,34,0,0,80,2,82,0,0,114,2,116,158,0,158,274
10/21/2006,TIW,WA,ANM,WE,Federal Contract Tower,0,0,0,0,0,0,0,158,0,158,0,0,158,0,158,213,0,213,371
10/22/2006,TIW,WA,ANM,WE,Federal Contract Tower,0,0,16,0,16,0,0,81,0,81,0,0,97,0,97,122,0,122,219
10/23/2006,TIW,WA,ANM,WE,Federal Contract Tower,0,2,17,0,19,0,2,45,0,47,0,4,62,0,66,70,0,70,136
10/24/2006,TIW,WA,ANM,WE,Federal Contract Tower,0,0,29,0,29,0,0,39,2,41,0,0,68,2,70,56,0,56,126
10/25/2006,TIW,WA,ANM,WE,Federal Contract Tower,0,0,42,0,42,0,0,84,0,84,0,0,126,0,126,98,0,98,224
10/26/2006,TIW,WA,ANM,WE,Federal Contract Tower,0,2,42,0,44,0,0,66,0,66,0,2,108,0,110,48,0,48,158
10/27/2006,TIW,WA,ANM,WE,Federal Contract Tower,0,0,42,0,42,0,12,125,0,137,0,12,167,0,179,147,0,147,326
10/28/2006,TIW,WA,ANM,WE,Federal Contract Tower,0,0,17,0,17,0,0,4,0,4,0,0,21,0,21,0,0,0,21
10/29/2006,TIW,WA,ANM,WE,Federal Contract Tower,0,5,14,0,19,0,0,18,0,18,0,5,32,0,37,22,0,22,59
10/30/2006,TIW,WA,ANM,WE,Federal Contract Tower,0,11,15,0,26,0,9,103,0,112,0,20,118,0,138,102,0,102,240
10/31/2006,TIW,WA,ANM,WE,Federal Contract Tower,0,3,13,0,16,0,2,105,0,107,0,5,118,0,123,90,0,90,213
11/01/2006,TIW,WA,ANM,WE,Federal Contract Tower,0,0,26,0,26,0,0,113,0,113,0,0,139,0,139,74,0,74,213
11/02/2006,TIW,WA,ANM,WE,Federal Contract Tower,0,0,23,0,23,0,0,0,2,2,0,0,23,2,25,4,0,4,29
11/03/2006,TIW,WA,ANM,WE,Federal Contract Tower,0,0,10,0,10,0,2,44,0,46,0,2,54,0,56,24,0,24,80
11/04/2006,TIW,WA,ANM,WE,Federal Contract Tower,0,0,16,0,16,0,0,0,0,0,0,0,16,0,16,20,0,20,36
11/05/2006,TIW,WA,ANM,WE,Federal Contract Tower,0,3,25,0,28,0,0,36,0,36,0,3,61,0,64,24,0,24,88
11/06/2006,TIW,WA,ANM,WE,Federal Contract Tower,0,3,3,0,6,0,0,1,0,1,0,3,4,0,7,2,0,2,9
11/07/2006,TIW,WA,ANM,WE,Federal Contract Tower,0,1,8,0,9,0,0,11,0,11,0,1,19,0,20,10,0,10,30
11/08/2006,TIW,WA,ANM,WE,Federal Contract Tower,0,0,32,0,32,0,1,112,0,113,0,1,144,0,145,62,0,62,207
11/09/2006,TIW,WA,ANM,WE,Federal Contract Tower,0,2,32,0,34,0,2,76,0,78,0,4,108,0,112,93,0,93,205
11/10/2006,TIW,WA,ANM,WE,Federal Contract Tower,0,0,7,0,7,0,0,19,0,19,0,0,26,0,26,0,0,0,26
11/11/2006,TIW,WA,ANM,WE,Federal Contract Tower,0,0,10,0,10,0,0,37,0,37,0,0,47,0,47,44,0,44,91
11/12/2006,TIW,WA,ANM,WE,Federal Contract Tower,0,0,8,0,8,0,0,9,0,9,0,0,17,0,17,32,0,32,49
11/13/2006,TIW,WA,ANM,WE,Federal Contract Tower,0,2,10,0,12,0,0,13,0,13,0,2,23,0,25,16,0,16,41
11/14/2006,TIW,WA,ANM,WE,Federal Contract Tower,0,1,31,0,32,0,0,123,0,123,0,1,154,0,155,144,0,144,299
11/15/2006,TIW,WA,ANM,WE,Federal Contract Tower,0,0,3,0,3,0,0,5,0,5,0,0,8,0,8,0,0,0,8
11/16/2006,TIW,WA,ANM,WE,Federal Contract Tower,0,0,32,0,32,0,2,68,2,72,0,2,100,2,104,104,0,104,208
11/17/2006,TIW,WA,ANM,WE,Federal Contract Tower,0,0,28,0,28,0,2,94,0,96,0,2,122,0,124,96,0,96,220
11/18/2006,TIW,WA,ANM,WE,Federal Contract Tower,0,2,44,0,46,0,0,198,0,198,0,2,242,0,244,224,0,224,468
11/19/2006,TIW,WA,ANM,WE,Federal Contract Tower,0,0,12,0,12,0,0,4,0,4,0,0,16,0,16,0,0,0,16
11/20/2006,TIW,WA,ANM,WE,Federal Contract Tower,0,2,16,0,18,0,1,39,0,40,0,3,55,0,58,40,0,40,98
11/21/2006,TIW,WA,ANM,WE,Federal Contract Tower,0,2,5,0,7,0,0,3,0,3,0,2,8,0,10,0,0,0,10
11/22/2006,TIW,WA,ANM,WE,Federal Contract Tower,0,0,16,0,16,0,0,23,0,23,0,0,39,0,39,30,0,30,69
11/23/2006,TIW,WA,ANM,WE,Federal Contract Tower,0,0,1,0,1,0,0,0,0,0,0,0,1,0,1,0,0,0,1
11/24/2006,TIW,WA,ANM,WE,Federal Contract Tower,0,0,18,0,18,0,0,29,0,29,0,0,47,0,47,38,0,38,85
11/25/2006,TIW,WA,ANM,WE,Federal Contract Tower,0,0,15,0,15,0,2,168,0,170,0,2,183,0,185,162,0,162,347
11/26/2006,TIW,WA,ANM,WE,Federal Contract Tower,0,0,13,0,13,0,0,4,0,4,0,0,17,0,17,0,0,0,17
11/27/2006,TIW,WA,ANM,WE,Federal Contract Tower,0,5,2,0,7,0,0,6,0,6,0,5,8,0,13,0,0,0,13
11/28/2006,TIW,WA,ANM,WE,Federal Contract Tower,0,3,7,0,10,0,6,13,2,21,0,9,20,2,31,16,0,16,47
11/29/2006,TIW,WA,ANM,WE,Federal Contract Tower,0,4,14,0,18,0,4,58,2,64,0,8,72,2,82,16,0,16,98
11/30/2006,TIW,WA,ANM,WE,Federal Contract Tower,0,0,23,0,23,0,0,116,0,116,0,0,139,0,139,74,0,74,213
12/01/2006,TIW,WA,ANM,WE,Federal Contract Tower,0,4,10,0,14,0,4,37,0,41,0,8,47,0,55,21,0,21,76
12/02/2006,TIW,WA,ANM,WE,Federal Contract Tower,0,2,33,0,35,0,0,124,0,124,0,2,157,0,159,132,0,132,291
12/03/2006,TIW,WA,ANM,WE,Federal Contract Tower,0,0,28,0,28,0,0,94,0,94,0,0,122,0,122,80,0,80,202
12/04/2006,TIW,WA,ANM,WE,Federal Contract Tower,0,2,17,0,19,0,0,14,0,14,0,2,31,0,33,34,0,34,67
12/05/2006,TIW,WA,ANM,WE,Federal Contract Tower,0,2,25,0,27,0,1,43,0,44,0,3,68,0,71,48,0,48,119
12/06/2006,TIW,WA,ANM,WE,Federal Contract Tower,0,0,20,0,20,0,6,14,0,20,0,6,34,0,40,24,0,24,64
12/07/2006,TIW,WA,ANM,WE,Federal Contract Tower,0,1,25,0,26,0,0,43,0,43,0,1,68,0,69,98,0,98,167
12/08/2006,TIW,WA,ANM,WE,Federal Contract Tower,0,3,25,0,28,0,0,89,4,93,0,3,114,4,121,106,0,106,227
12/09/2006,TIW,WA,ANM,WE,Federal Contract Tower,0,0,39,0,39,0,0,67,2,69,0,0,106,2,108,54,0,54,162
12/10/2006,TIW,WA,ANM,WE,Federal Contract Tower,0,0,20,0,20,0,0,27,0,27,0,0,47,0,47,44,0,44,91
12/11/2006,TIW,WA,ANM,WE,Federal Contract Tower,0,3,10,0,13,0,0,5,0,5,0,3,15,0,18,0,0,0,18
12/12/2006,TIW,WA,ANM,WE,Federal Contract Tower,0,0,26,0,26,0,3,54,0,57,0,3,80,0,83,84,0,84,167
12/13/2006,TIW,WA,ANM,WE,Federal Contract Tower,0,0,2,0,2,0,0,3,0,3,0,0,5,0,5,0,0,0,5
12/14/2006,TIW,WA,ANM,WE,Federal Contract Tower,0,2,18,0,20,0,0,18,0,18,0,2,36,0,38,12,0,12,50
12/15/2006,TIW,WA,ANM,WE,Federal Contract Tower,0,0,13,0,13,0,0,44,0,44,0,0,57,0,57,14,0,14,71
12/16/2006,TIW,WA,ANM,WE,Federal Contract Tower,0,1,8,0,9,0,0,24,0,24,0,1,32,0,33,8,0,8,41
12/17/2006,TIW,WA,ANM,WE,Federal Contract Tower,0,2,8,1,11,0,2,0,0,2,0,4,8,1,13,0,0,0,13
12/18/2006,TIW,WA,ANM,WE,Federal Contract Tower,0,2,33,0,35,0,0,54,0,54,0,2,87,0,89,36,0,36,125
12/19/2006,TIW,WA,ANM,WE,Federal Contract Tower,0,0,30,0,30,0,1,80,0,81,0,1,110,0,111,48,0,48,159
12/20/2006,TIW,WA,ANM,WE,Federal Contract Tower,0,2,18,0,20,0,2,78,0,80,0,4,96,0,100,28,0,28,128
12/21/2006,TIW,WA,ANM,WE,Federal Contract Tower,0,0,11,1,12,0,0,29,1,30,0,0,40,2,42,94,0,94,136
12/22/2006,TIW,WA,ANM,WE,Federal Contract Tower,0,0,24,0,24,0,0,97,0,97,0,0,121,0,121,96,0,96,217
12/23/2006,TIW,WA,ANM,WE,Federal Contract Tower,0,2,14,0,16,0,0,20,0,20,0,2,34,0,36,0,0,0,36
12/24/2006,TIW,WA,ANM,WE,Federal Contract Tower,0,0,0,0,0,0,0,3,0,3,0,0,3,0,3,0,0,0,3
12/25/2006,TIW,WA,ANM,WE,Federal Contract Tower,0,0,6,0,6,0,0,28,0,28,0,0,34,0,34,30,0,30,64
12/26/2006,TIW,WA,ANM,WE,Federal Contract Tower,0,2,15,0,17,0,0,11,0,11,0,2,26,0,28,0,0,0,28
12/27/2006,TIW,WA,ANM,WE,Federal Contract Tower,0,0,16,0,16,0,0,106,4,110,0,0,122,4,126,54,0,54,180
12/28/2006,TIW,WA,ANM,WE,Federal Contract Tower,0,1,20,0,21,0,1,142,4,147,0,2,162,4,168,142,0,142,310
12/29/2006,TIW,WA,ANM,WE,Federal Contract Tower,0,0,22,0,22,0,4,55,0,59,0,4,77,0,81,128,0,128,209
12/30/2006,TIW,WA,ANM,WE,Federal Contract Tower,0,2,18,0,20,0,0,15,0,15,0,2,33,0,35,2,0,2,37
12/31/2006,TIW,WA,ANM,WE,Federal Contract Tower,0,0,20,0,20,0,0,87,0,87,0,0,107,0,107,146,0,146,253
01/01/2007,TIW,WA,ANM,WE,Federal Contract Tower,0,0,11,0,11,0,2,13,0,15,0,2,24,0,26,0,0,0,26
01/02/2007,TIW,WA,ANM,WE,Federal Contract Tower,0,1,10,0,11,0,1,3,0,4,0,2,13,0,15,0,0,0,15
01/03/2007,TIW,WA,ANM,WE,Federal Contract Tower,0,0,6,0,6,0,0,16,4,20,0,0,22,4,26,18,0,18,44
01/04/2007,TIW,WA,ANM,WE,Federal Contract Tower,0,3,16,2,21,0,6,36,6,48,0,9,52,8,69,30,4,34,103
01/05/2007,TIW,WA,ANM,WE,Federal Contract Tower,0,1,8,0,9,0,1,22,2,25,0,2,30,2,34,20,0,20,54
01/06/2007,TIW,WA,ANM,WE,Federal Contract Tower,0,0,24,0,24,0,0,40,0,40,0,0,64,0,64,48,0,48,112
01/07/2007,TIW,WA,ANM,WE,Federal Contract Tower,0,0,6,0,6,0,0,0,0,0,0,0,6,0,6,0,0,0,6
01/08/2007,TIW,WA,ANM,WE,Federal Contract Tower,0,4,32,0,36,0,0,36,0,36,0,4,68,0,72,46,0,46,118
01/09/2007,TIW,WA,ANM,WE,Federal Contract Tower,0,0,7,0,7,0,0,12,0,12,0,0,19,0,19,18,0,18,37
01/10/2007,TIW,WA,ANM,WE,Federal Contract Tower,0,2,6,0,8,0,2,26,2,30,0,4,32,2,38,26,0,26,64
01/11/2007,TIW,WA,ANM,WE,Federal Contract Tower,0,0,12,0,12,0,0,9,4,13,0,0,21,4,25,16,0,16,41
01/12/2007,TIW,WA,ANM,WE,Federal Contract Tower,0,2,22,0,24,0,0,62,4,66,0,2,84,4,90,62,0,62,152
01/13/2007,TIW,WA,ANM,WE,Federal Contract Tower,0,0,11,0,11,0,0,17,4,21,0,0,28,4,32,105,0,105,137
01/14/2007,TIW,WA,ANM,WE,Federal Contract Tower,0,0,8,0,8,0,0,42,0,42,0,0,50,0,50,86,0,86,136
01/15/2007,TIW,WA,ANM,WE,Federal Contract Tower,0,8,20,0,28,0,3,34,0,37,0,11,54,0,65,62,0,62,127
01/16/2007,TIW,WA,ANM,WE,Federal Contract Tower,0,1,4,0,5,0,0,0,0,0,0,1,4,0,5,6,0,6,11
01/17/2007,TIW,WA,ANM,WE,Federal Contract Tower,0,6,14,0,20,0,4,8,2,14,0,10,22,2,34,24,0,24,58
01/18/2007,TIW,WA,ANM,WE,Federal Contract Tower,0,8,12,0,20,0,12,40,0,52,0,20,52,0,72,56,0,56,128
01/19/2007,TIW,WA,ANM,WE,Federal Contract Tower,0,9,16,0,25,0,5,21,4,30,0,14,37,4,55,0,0,0,55
01/20/2007,TIW,WA,ANM,WE,Federal Contract Tower,0,0,30,0,30,0,0,143,0,143,0,0,173,0,173,208,0,208,381
01/21/2007,TIW,WA,ANM,WE,Federal Contract Tower,0,2,33,0,35,0,0,69,0,69,0,2,102,0,104,114,0,114,218
01/22/2007,TIW,WA,ANM,WE,Federal Contract Tower,0,3,30,0,33,0,7,60,14,81,0,10,90,14,114,56,0,56,170
01/23/2007,TIW,WA,ANM,WE,Federal Contract Tower,0,2,19,0,21,0,2,57,0,59,0,4,76,0,80,88,0,88,168
01/24/2007,TIW,WA,ANM,WE,Federal Contract Tower,0,4,24,0,28,0,3,99,2,104,0,7,123,2,132,54,0,54,186
01/25/2007,TIW,WA,ANM,WE,Federal Contract Tower,0,2,21,0,23,0,4,47,0,51,0,6,68,0,74,20,0,20,94
01/26/2007,TIW,WA,ANM,WE,Federal Contract Tower,0,0,22,0,22,0,2,94,0,96,0,2,116,0,118,70,0,70,188
01/27/2007,TIW,WA,ANM,WE,Federal Contract Tower,0,0,14,0,14,0,0,161,0,161,0,0,175,0,175,278,0,278,453
01/28/2007,TIW,WA,ANM,WE,Federal Contract Tower,0,1,23,0,24,0,3,81,2,86,0,4,104,2,110,110,10,120,230
01/29/2007,TIW,WA,ANM,WE,Federal Contract Tower,0,3,17,0,20,0,5,17,0,22,0,8,34,0,42,22,0,22,64
01/30/2007,TIW,WA,ANM,WE,Federal Contract Tower,0,2,25,0,27,0,1,95,2,98,0,3,120,2,125,162,0,162,287
01/31/2007,TIW,WA,ANM,WE,Federal Contract Tower,0,3,21,0,24,0,3,106,7,116,0,6,127,7,140,84,0,84,224
02/01/2007,TIW,WA,ANM,WE,Federal Contract Tower,0,5,31,0,36,0,5,227,2,234,0,10,258,2,270,98,0,98,368
02/02/2007,TIW,WA,ANM,WE,Federal Contract Tower,0,0,1,0,1,0,1,118,0,119,0,1,119,0,120,87,0,87,207
02/03/2007,TIW,WA,ANM,WE,Federal Contract Tower,0,0,19,0,19,0,0,55,3,58,0,0,74,3,77,56,0,56,133
02/04/2007,TIW,WA,ANM,WE,Federal Contract Tower,0,4,14,0,18,0,1,41,0,42,0,5,55,0,60,58,0,58,118
02/05/2007,TIW,WA,ANM,WE,Federal Contract Tower,0,0,1,0,1,0,0,0,0,0,0,0,1,0,1,0,0,0,1
02/06/2007,TIW,WA,ANM,WE,Federal Contract Tower,0,2,21,0,23,0,0,21,0,21,0,2,42,0,44,38,0,38,82
02/07/2007,TIW,WA,ANM,WE,Federal Contract Tower,0,3,12,1,16,0,3,6,1,10,0,6,18,2,26,0,0,0,26
02/08/2007,TIW,WA,ANM,WE,Federal Contract Tower,0,2,38,0,40,0,0,152,8,160,0,2,190,8,200,160,0,160,360
02/09/2007,TIW,WA,ANM,WE,Federal Contract Tower,0,0,41,0,41,0,4,93,0,97,0,4,134,0,138,70,0,70,208
02/10/2007,TIW,WA,ANM,WE,Federal Contract Tower,0,0,27,0,27,0,0,131,6,137,0,0,158,6,164,144,0,144,308
02/11/2007,TIW,WA,ANM,WE,Federal Contract Tower,0,2,17,1,20,0,1,38,1,40,0,3,55,2,60,44,0,44,104
02/12/2007,TIW,WA,ANM,WE,Federal Contract Tower,0,2,18,1,21,0,2,77,3,82,0,4,95,4,103,144,0,144,247
02/13/2007,TIW,WA,ANM,WE,Federal Contract Tower,0,3,34,0,37,0,2,43,2,47,0,5,77,2,84,76,0,76,160
02/14/2007,TIW,WA,ANM,WE,Federal Contract Tower,0,5,22,1,28,0,2,22,4,28,0,7,44,5,56,25,0,25,81
02/15/2007,TIW,WA,ANM,WE,Federal Contract Tower,0,2,5,0,7,0,2,8,0,10,0,4,13,0,17,0,0,0,17
02/16/2007,TIW,WA,ANM,WE,Federal Contract Tower,0,0,21,0,21,0,0,101,0,101,0,0,122,0,122,74,0,74,196
02/17/2007,TIW,WA,ANM,WE,Federal Contract Tower,0,0,10,0,10,0,4,199,2,205,0,4,209,2,215,120,0,120,335
02/18/2007,TIW,WA,ANM,WE,Federal Contract Tower,0,5,19,2,26,0,3,37,0,40,0,8,56,2,66,64,0,64,130
02/19/2007,TIW,WA,ANM,WE,Federal Contract Tower,0,0,19,0,19,0,0,13,0,13,0,0,32,0,32,0,0,0,32
02/20/2007,TIW,WA,ANM,WE,Federal Contract Tower,0,1,8,0,9,0,5,17,0,22,0,6,25,0,31,2,0,2,33
02/21/2007,TIW,WA,ANM,WE,Federal Contract Tower,0,4,22,1,27,0,1,167,9,177,0,5,189,10,204,140,0,140,344
02/22/2007,TIW,WA,ANM,WE,Federal Contract Tower,0,0,34,0,34,0,1,52,0,53,0,1,86,0,87,78,0,78,165
02/23/2007,TIW,WA,ANM,WE,Federal Contract Tower,0,0,19,0,19,0,1,84,4,89,0,1,103,4,108,85,0,85,193
02/24/2007,TIW,WA,ANM,WE,Federal Contract Tower,0,0,1,0,1,0,0,21,0,21,0,0,22,0,22,20,0,20,42
02/25/2007,TIW,WA,ANM,WE,Federal Contract Tower,0,1,23,0,24,0,0,43,0,43,0,1,66,0,67,36,0,36,103
02/26/2007,TIW,WA,ANM,WE,Federal Contract Tower,0,1,37,0,38,0,4,43,2,49,0,5,80,2,87,56,0,56,143
02/27/2007,TIW,WA,ANM,WE,Federal Contract Tower,0,1,11,1,13,0,1,27,1,29,0,2,38,2,42,64,0,64,106
02/28/2007,TIW,WA,ANM,WE,Federal Contract Tower,0,0,5,2,7,0,0,23,4,27,0,0,28,6,34,18,0,18,52
03/01/2007,TIW,WA,ANM,WE,Federal Contract Tower,0,2,33,0,35,0,8,65,8,81,0,10,98,8,116,92,0,92,208
03/02/2007,TIW,WA,ANM,WE,Federal Contract Tower,0,0,13,0,13,0,0,13,0,13,0,0,26,0,26,14,0,14,40
03/03/2007,TIW,WA,ANM,WE,Federal Contract Tower,0,0,23,0,23,0,0,55,0,55,0,0,78,0,78,60,0,60,138
03/04/2007,TIW,WA,ANM,WE,Federal Contract Tower,0,1,33,0,34,0,1,112,0,113,0,2,145,0,147,56,0,56,203
03/05/2007,TIW,WA,ANM,WE,Federal Contract Tower,0,2,25,0,27,0,6,113,0,119,0,8,138,0,146,120,0,120,266
03/06/2007,TIW,WA,ANM,WE,Federal Contract Tower,0,1,41,2,44,0,0,122,6,128,0,1,163,8,172,112,0,112,284
03/07/2007,TIW,WA,ANM,WE,Federal Contract Tower,0,1,30,0,31,0,0,70,0,70,0,1,100,0,101,30,0,30,131
03/08/2007,TIW,WA,ANM,WE,Federal Contract Tower,0,2,26,0,28,0,2,106,4,112,0,4,132,4,140,70,0,70,210
03/09/2007,TIW,WA,ANM,WE,Federal Contract Tower,0,0,33,0,33,0,2,61,4,67,0,2,94,4,100,28,0,28,128
03/10/2007,TIW,WA,ANM,WE,Federal Contract Tower,0,0,11,0,11,0,1,40,0,41,0,1,51,0,52,47,0,47,99
03/11/2007,TIW,WA,ANM,WE,Federal Contract Tower,0,4,5,0,9,0,2,4,0,6,0,6,9,0,15,4,0,4,19
03/12/2007,TIW,WA,ANM,WE,Federal Contract Tower,0,3,17,0,20,0,0,43,2,45,0,3,60,2,65,28,0,28,93
03/13/2007,TIW,WA,ANM,WE,Federal Contract Tower,0,1,18,0,19,0,0,39,0,39,0,1,57,0,58,64,0,64,122
03/14/2007,TIW,WA,ANM,WE,Federal Contract Tower,0,0,16,0,16,0,2,82,0,84,0,2,98,0,100,110,0,110,210
03/15/2007,TIW,WA,ANM,WE,Federal Contract Tower,0,0,41,0,41,0,2,238,1,241,0,2,279,1,282,120,0,120,402
03/16/2007,TIW,WA,ANM,WE,Federal Contract Tower,0,0,31,0,31,0,3,205,0,208,0,3,236,0,239,138,0,138,377
03/17/2007,TIW,WA,ANM,WE,Federal Contract Tower,0,0,23,0,23,0,0,54,0,54,0,0,77,0,77,78,0,78,155
03/18/2007,TIW,WA,ANM,WE,Federal Contract Tower,0,0,31,2,33,0,2,55,0,57,0,2,86,2,90,102,0,102,192
03/19/2007,TIW,WA,ANM,WE,Federal Contract Tower,0,4,14,0,18,0,2,9,0,11,0,6,23,0,29,16,0,16,45
03/20/2007,TIW,WA,ANM,WE,Federal Contract Tower,0,0,13,0,13,0,0,55,2,57,0,0,68,2,70,32,2,34,104
03/21/2007,TIW,WA,ANM,WE,Federal Contract Tower,0,2,40,0,42,0,3,106,0,109,0,5,146,0,151,120,0,120,271
03/22/2007,TIW,WA,ANM,WE,Federal Contract Tower,0,2,37,0,39,0,0,113,0,113,0,2,150,0,152,48,0,48,200
03/23/2007,TIW,WA,ANM,WE,Federal Contract Tower,0,3,34,0,37,0,1,21,4,26,0,4,55,4,63,16,0,16,79
03/24/2007,TIW,WA,ANM,WE,Federal Contract Tower,0,1,11,0,12,0,1,10,0,11,0,2,21,0,23,0,0,0,23
03/25/2007,TIW,WA,ANM,WE,Federal Contract Tower,0,0,26,2,28,0,0,69,3,72,0,0,95,5,100,72,0,72,172
03/26/2007,TIW,WA,ANM,WE,Federal Contract Tower,0,5,35,0,40,0,1,71,3,75,0,6,106,3,115,108,0,108,223
03/27/2007,TIW,WA,ANM,WE,Federal Contract Tower,0,1,34,0,35,0,4,52,2,58,0,5,86,2,93,84,0,84,177
03/28/2007,TIW,WA,ANM,WE,Federal Contract Tower,0,3,26,0,29,0,6,151,2,159,0,9,177,2,188,148,0,148,336
03/29/2007,TIW,WA,ANM,WE,Federal Contract Tower,0,0,35,0,35,0,0,145,2,147,0,0,180,2,182,104,0,104,286
03/30/2007,TIW,WA,ANM,WE,Federal Contract Tower,0,6,23,0,29,0,0,85,0,85,0,6,108,0,114,90,0,90,204
03/31/2007,TIW,WA,ANM,WE,Federal Contract Tower,0,6,23,0,29,0,0,85,0,85,0,6,108,0,114,90,0,90,204
04/01/2007,TIW,WA,ANM,WE,Federal Contract Tower,0,2,23,0,25,0,2,73,0,75,0,4,96,0,100,46,0,46,146
04/02/2007,TIW,WA,ANM,WE,Federal Contract Tower,0,0,21,2,23,0,12,78,2,92,0,12,99,4,115,60,0,60,175
04/03/2007,TIW,WA,ANM,WE,Federal Contract Tower,0,0,42,0,42,0,4,210,6,220,0,4,252,6,262,88,0,88,350
04/04/2007,TIW,WA,ANM,WE,Federal Contract Tower,0,2,30,1,33,0,2,108,1,111,0,4,138,2,144,112,0,112,256
04/05/2007,TIW,WA,ANM,WE,Federal Contract Tower,0,0,24,0,24,0,2,117,0,119,0,2,141,0,143,112,0,112,255
04/06/2007,TIW,WA,ANM,WE,Federal Contract Tower,0,0,27,0,27,0,0,338,6,344,0,0,365,6,371,203,0,203,574
04/07/2007,TIW,WA,ANM,WE,Federal Contract Tower,0,0,26,0,26,0,0,17,0,17,0,0,43,0,43,6,0,6,49
04/08/2007,TIW,WA,ANM,WE,Federal Contract Tower,0,1,20,0,21,0,0,45,0,45,0,1,65,0,66,70,0,70,136
04/09/2007,TIW,WA,ANM,WE,Federal Contract Tower,0,2,13,0,15,0,1,12,2,15,0,3,25,2,30,6,0,6,36
04/10/2007,TIW,WA,ANM,WE,Federal Contract Tower,0,2,30,0,32,0,0,42,2,44,0,2,72,2,76,52,0,52,128
04/11/2007,TIW,WA,ANM,WE,Federal Contract Tower,0,0,22,0,22,0,2,120,2,124,0,2,142,2,146,102,0,102,248
04/12/2007,TIW,WA,ANM,WE,Federal Contract Tower,0,0,29,0,29,0,0,56,0,56,0,0,85,0,85,30,0,30,115
04/13/2007,TIW,WA,ANM,WE,Federal Contract Tower,0,2,22,0,24,0,0,30,0,30,0,2,52,0,54,16,0,16,70
04/14/2007,TIW,WA,ANM,WE,Federal Contract Tower,0,1,25,1,27,0,3,96,1,100,0,4,121,2,127,55,0,55,182
04/15/2007,TIW,WA,ANM,WE,Federal Contract Tower,0,0,20,0,20,0,0,99,0,99,0,0,119,0,119,120,0,120,239
04/16/2007,TIW,WA,ANM,WE,Federal Contract Tower,0,1,17,2,20,0,1,40,2,43,0,2,57,4,63,28,0,28,91
04/17/2007,TIW,WA,ANM,WE,Federal Contract Tower,0,0,27,3,30,0,0,59,7,66,0,0,86,10,96,72,0,72,168
04/18/2007,TIW,WA,ANM,WE,Federal Contract Tower,0,0,8,0,8,0,4,67,4,75,0,4,75,4,83,68,0,68,151
04/19/2007,TIW,WA,ANM,WE,Federal Contract Tower,0,5,50,0,55,0,9,142,4,155,0,14,192,4,210,86,0,86,296
04/20/2007,TIW,WA,ANM,WE,Federal Contract Tower,0,2,27,0,29,0,2,195,0,197,0,4,222,0,226,226,0,226,452
04/21/2007,TIW,WA,ANM,WE,Federal Contract Tower,0,0,16,0,16,0,1,153,0,154,0,1,169,0,170,36,0,36,206
04/22/2007,TIW,WA,ANM,WE,Federal Contract Tower,0,4,33,1,38,0,1,84,7,92,0,5,117,8,130,112,0,112,242
04/23/2007,TIW,WA,ANM,WE,Federal Contract Tower,0,0,14,0,14,0,4,104,0,108,0,4,118,0,122,126,0,126,248
04/24/2007,TIW,WA,ANM,WE,Federal Contract Tower,0,3,34,0,37,0,5,42,4,51,0,8,76,4,88,44,0,44,132
04/25/2007,TIW,WA,ANM,WE,Federal Contract Tower,0,0,41,0,41,0,1,113,0,114,0,1,154,0,155,114,0,114,269
04/26/2007,TIW,WA,ANM,WE,Federal Contract Tower,0,1,35,0,36,0,0,184,2,186,0,1,219,2,222,160,2,162,384
04/27/2007,TIW,WA,ANM,WE,Federal Contract Tower,0,1,28,0,29,0,0,107,0,107,0,1,135,0,136,82,0,82,218
04/28/2007,TIW,WA,ANM,WE,Federal Contract Tower,0,0,35,0,35,0,0,268,0,268,0,0,303,0,303,191,0,191,494
04/29/2007,TIW,WA,ANM,WE,Federal Contract Tower,0,0,20,0,20,0,0,103,0,103,0,0,123,0,123,90,0,90,213
04/30/2007,TIW,WA,ANM,WE,Federal Contract Tower,0,6,27,0,33,0,4,115,0,119,0,10,142,0,152,90,0,90,242
05/01/2007,TIW,WA,ANM,WE,Federal Contract Tower,0,1,24,0,25,0,1,84,14,99,0,2,108,14,124,42,0,42,166
05/02/2007,TIW,WA,ANM,WE,Federal Contract Tower,0,2,13,0,15,0,0,53,0,53,0,2,66,0,68,10,0,10,78
05/03/2007,TIW,WA,ANM,WE,Federal Contract Tower,0,2,28,2,32,0,4,92,6,102,0,6,120,8,134,48,0,48,182
05/04/2007,TIW,WA,ANM,WE,Federal Contract Tower,0,0,29,0,29,0,0,86,2,88,0,0,115,2,117,40,0,40,157
05/05/2007,TIW,WA,ANM,WE,Federal Contract Tower,0,0,26,0,26,0,0,98,4,102,0,0,124,4,128,135,0,135,263
05/06/2007,TIW,WA,ANM,WE,Federal Contract Tower,0,1,15,0,16,0,0,51,0,51,0,1,66,0,67,82,0,82,149
05/07/2007,TIW,WA,ANM,WE,Federal Contract Tower,0,4,20,0,24,0,2,50,0,52,0,6,70,0,76,64,0,64,140
05/08/2007,TIW,WA,ANM,WE,Federal Contract Tower,0,1,13,0,14,0,7,86,2,95,0,8,99,2,109,38,0,38,147
05/09/2007,TIW,WA,ANM,WE,Federal Contract Tower,0,2,34,0,36,0,2,180,4,186,0,4,214,4,222,92,0,92,314
05/10/2007,TIW,WA,ANM,WE,Federal Contract Tower,0,3,25,0,28,0,3,171,4,178,0,6,196,4,206,166,0,166,372
05/11/2007,TIW,WA,ANM,WE,Federal Contract Tower,0,2,14,0,16,0,0,150,2,152,0,2,164,2,168,114,0,114,282
05/13/2007,TIW,WA,ANM,WE,Federal Contract Tower,0,3,7,0,10,0,0,48,0,48,0,3,55,0,58,20,0,20,78
05/14/2007,TIW,WA,ANM,WE,Federal Contract Tower,0,2,18,0,20,0,2,116,0,118,0,4,134,0,138,80,0,80,218
05/15/2007,TIW,WA,ANM,WE,Federal Contract Tower,0,2,27,0,29,0,0,104,0,104,0,2,131,0,133,166,0,166,299
05/16/2007,TIW,WA,ANM,WE,Federal Contract Tower,0,0,34,0,34,0,0,95,2,97,0,0,129,2,131,96,0,96,227
05/17/2007,TIW,WA,ANM,WE,Federal Contract Tower,0,1,20,0,21,0,2,155,0,157,0,3,175,0,178,170,0,170,348
05/18/2007,TIW,WA,ANM,WE,Federal Contract Tower,0,1,15,0,16,0,3,143,1,147,0,4,158,1,163,120,0,120,283
05/20/2007,TIW,WA,ANM,WE,Federal Contract Tower,0,2,16,0,18,0,3,26,0,29,0,5,42,0,47,60,0,60,107
05/21/2007,TIW,WA,ANM,WE,Federal Contract Tower,0,0,15,0,15,0,6,36,0,42,0,6,51,0,57,92,0,92,149
05/22/2007,TIW,WA,ANM,WE,Federal Contract Tower,0,0,22,0,22,0,4,77,0,81,0,4,99,0,103,170,0,170,273
05/23/2007,TIW,WA,ANM,WE,Federal Contract Tower,0,2,28,0,30,0,2,241,0,243,0,4,269,0,273,188,0,188,461
05/24/2007,TIW,WA,ANM,WE,Federal Contract Tower,0,2,25,0,27,0,6,221,4,231,0,8,246,4,258,162,0,162,420
05/27/2007,TIW,WA,ANM,WE,Federal Contract Tower,0,0,11,0,11,0,0,27,0,27,0,0,38,0,38,18,0,18,56
05/28/2007,TIW,WA,ANM,WE,Federal Contract Tower,0,1,11,0,12,0,0,97,0,97,0,1,108,0,109,134,0,134,243
05/29/2007,TIW,WA,ANM,WE,Federal Contract Tower,0,0,16,1,17,0,2,89,3,94,0,2,105,4,111,182,0,182,293
05/30/2007,TIW,WA,ANM,WE,Federal Contract Tower,0,0,29,0,29,0,0,209,6,215,0,0,238,6,244,176,0,176,420
05/31/2007,TIW,WA,ANM,WE,Federal Contract Tower,0,0,29,0,29,0,4,127,14,145,0,4,156,14,174,174,0,174,348
06/01/2007,TIW,WA,ANM,WE,Federal Contract Tower,0,2,18,0,20,0,0,187,0,187,0,2,205,0,207,114,0,114,321
06/02/2007,TIW,WA,ANM,WE,Federal Contract Tower,0,3,22,0,25,0,0,183,7,190,0,3,205,7,215,112,0,112,327
06/03/2007,TIW,WA,ANM,WE,Federal Contract Tower,0,4,14,0,18,0,0,67,6,73,0,4,81,6,91,70,0,70,161
06/04/2007,TIW,WA,ANM,WE,Federal Contract Tower,0,1,30,0,31,0,1,52,0,53,0,2,82,0,84,76,0,76,160
06/05/2007,TIW,WA,ANM,WE,Federal Contract Tower,0,1,11,0,12,0,3,64,2,69,0,4,75,2,81,92,0,92,173
06/06/2007,TIW,WA,ANM,WE,Federal Contract Tower,0,3,19,1,23,0,2,65,3,70,0,5,84,4,93,68,0,68,161
06/07/2007,TIW,WA,ANM,WE,Federal Contract Tower,0,3,18,0,21,0,1,74,2,77,0,4,92,2,98,64,0,64,162
06/08/2007,TIW,WA,ANM,WE,Federal Contract Tower,0,1,24,0,25,0,1,191,2,194,0,2,215,2,219,152,0,152,371
06/09/2007,TIW,WA,ANM,WE,Federal Contract Tower,0,4,22,0,26,0,0,100,0,100,0,4,122,0,126,62,0,62,188
06/10/2007,TIW,WA,ANM,WE,Federal Contract Tower,0,4,21,0,25,0,0,38,0,38,0,4,59,0,63,64,0,64,127
06/11/2007,TIW,WA,ANM,WE,Federal Contract Tower,0,1,18,2,21,0,1,60,0,61,0,2,78,2,82,82,0,82,164
06/12/2007,TIW,WA,ANM,WE,Federal Contract Tower,0,2,14,0,16,0,0,90,2,92,0,2,104,2,108,174,0,174,282
06/13/2007,TIW,WA,ANM,WE,Federal Contract Tower,0,0,31,0,31,0,2,49,0,51,0,2,80,0,82,36,0,36,118
06/14/2007,TIW,WA,ANM,WE,Federal Contract Tower,0,0,21,0,21,0,2,147,0,149,0,2,168,0,170,134,0,134,304
06/15/2007,TIW,WA,ANM,WE,Federal Contract Tower,0,3,21,0,24,0,1,66,2,69,0,4,87,2,93,192,0,192,285
06/16/2007,TIW,WA,ANM,WE,Federal Contract Tower,0,0,16,0,16,0,0,142,0,142,0,0,158,0,158,114,0,114,272
06/17/2007,TIW,WA,ANM,WE,Federal Contract Tower,0,2,19,0,21,0,7,20,0,27,0,9,39,0,48,40,0,40,88
06/18/2007,TIW,WA,ANM,WE,Federal Contract Tower,0,1,30,0,31,0,2,54,0,56,0,3,84,0,87,78,0,78,165
06/19/2007,TIW,WA,ANM,WE,Federal Contract Tower,0,1,22,0,23,0,3,118,0,121,0,4,140,0,144,90,0,90,234
06/20/2007,TIW,WA,ANM,WE,Federal Contract Tower,0,1,26,0,27,0,3,198,4,205,0,4,224,4,232,146,0,146,378
06/21/2007,TIW,WA,ANM,WE,Federal Contract Tower,0,0,30,0,30,0,0,99,0,99,0,0,129,0,129,78,0,78,207
06/22/2007,TIW,WA,ANM,WE,Federal Contract Tower,0,3,26,0,29,0,5,146,0,151,0,8,172,0,180,144,0,144,324
06/23/2007,TIW,WA,ANM,WE,Federal Contract Tower,0,0,24,0,24,0,0,223,0,223,0,0,247,0,247,110,0,110,357
06/24/2007,TIW,WA,ANM,WE,Federal Contract Tower,0,0,16,0,16,0,0,19,4,23,0,0,35,4,39,6,0,6,45
06/25/2007,TIW,WA,ANM,WE,Federal Contract Tower,0,0,26,0,26,0,2,66,2,70,0,2,92,2,96,122,0,122,218
06/26/2007,TIW,WA,ANM,WE,Federal Contract Tower,0,0,15,2,17,0,2,84,0,86,0,2,99,2,103,124,0,124,227
06/27/2007,TIW,WA,ANM,WE,Federal Contract Tower,0,0,19,1,20,0,0,149,1,150,0,0,168,2,170,126,0,126,296
06/28/2007,TIW,WA,ANM,WE,Federal Contract Tower,0,0,19,0,19,0,0,80,2,82,0,0,99,2,101,130,0,130,231
06/29/2007,TIW,WA,ANM,WE,Federal Contract Tower,0,0,17,0,17,0,0,45,0,45,0,0,62,0,62,90,0,90,152
06/30/2007,TIW,WA,ANM,WE,Federal Contract Tower,0,0,23,2,25,0,0,196,0,196,0,0,219,2,221,140,0,140,361
07/01/2007,TIW,WA,ANM,WE,Federal Contract Tower,0,0,16,0,16,0,0,94,0,94,0,0,110,0,110,100,0,100,210
07/02/2007,TIW,WA,ANM,WE,Federal Contract Tower,0,0,32,0,32,0,2,138,2,142,0,2,170,2,174,216,0,216,390
07/03/2007,TIW,WA,ANM,WE,Federal Contract Tower,0,0,18,0,18,0,4,118,4,126,0,4,136,4,144,114,0,114,258
07/04/2007,TIW,WA,ANM,WE,Federal Contract Tower,0,0,7,0,7,0,2,107,4,113,0,2,114,4,120,184,0,184,304
07/05/2007,TIW,WA,ANM,WE,Federal Contract Tower,0,0,16,0,16,0,6,89,0,95,0,6,105,0,111,124,0,124,235
07/06/2007,TIW,WA,ANM,WE,Federal Contract Tower,0,0,16,1,17,0,6,102,1,109,0,6,118,2,126,126,0,126,252
07/07/2007,TIW,WA,ANM,WE,Federal Contract Tower,0,0,37,0,37,0,0,87,0,87,0,0,124,0,124,78,0,78,202
07/08/2007,TIW,WA,ANM,WE,Federal Contract Tower,0,0,7,0,7,0,1,56,0,57,0,1,63,0,64,104,0,104,168
07/09/2007,TIW,WA,ANM,WE,Federal Contract Tower,0,1,25,1,27,0,7,93,1,101,0,8,118,2,128,54,0,54,182
07/10/2007,TIW,WA,ANM,WE,Federal Contract Tower,0,1,16,0,17,0,3,63,0,66,0,4,79,0,83,86,0,86,169
07/11/2007,TIW,WA,ANM,WE,Federal Contract Tower,0,1,22,0,23,0,8,86,4,98,0,9,108,4,121,162,0,162,283
07/12/2007,TIW,WA,ANM,WE,Federal Contract Tower,0,0,23,0,23,0,0,133,0,133,0,0,156,0,156,138,0,138,294
07/13/2007,TIW,WA,ANM,WE,Federal Contract Tower,0,0,15,1,16,0,8,60,5,73,0,8,75,6,89,78,0,78,167
07/14/2007,TIW,WA,ANM,WE,Federal Contract Tower,0,3,24,0,27,0,0,138,4,142,0,3,162,4,169,150,0,150,319
07/15/2007,TIW,WA,ANM,WE,Federal Contract Tower,0,2,14,0,16,0,0,96,2,98,0,2,110,2,114,140,0,140,254
07/16/2007,TIW,WA,ANM,WE,Federal Contract Tower,0,0,13,0,13,0,4,99,0,103,0,4,112,0,116,94,0,94,210
07/17/2007,TIW,WA,ANM,WE,Federal Contract Tower,0,6,18,0,24,0,4,30,0,34,0,10,48,0,58,52,0,52,110
07/18/2007,TIW,WA,ANM,WE,Federal Contract Tower,0,0,15,0,15,0,3,35,1,39,0,3,50,1,54,28,0,28,82
07/19/2007,TIW,WA,ANM,WE,Federal Contract Tower,0,5,27,0,32,0,4,79,5,88,0,9,106,5,120,152,0,152,272
07/20/2007,TIW,WA,ANM,WE,Federal Contract Tower,0,4,26,1,31,0,6,30,3,39,0,10,56,4,70,26,0,26,96
07/21/2007,TIW,WA,ANM,WE,Federal Contract Tower,0,0,19,0,19,0,0,71,2,73,0,0,90,2,92,144,0,144,236
07/22/2007,TIW,WA,ANM,WE,Federal Contract Tower,0,0,18,0,18,0,0,35,0,35,0,0,53,0,53,34,0,34,87
07/23/2007,TIW,WA,ANM,WE,Federal Contract Tower,0,3,21,0,24,0,3,46,0,49,0,6,67,0,73,126,0,126,199
07/24/2007,TIW,WA,ANM,WE,Federal Contract Tower,0,2,37,0,39,0,2,123,2,127,0,4,160,2,166,162,0,162,328
07/25/2007,TIW,WA,ANM,WE,Federal Contract Tower,0,2,28,0,30,0,5,121,2,128,0,7,149,2,158,212,0,212,370
07/26/2007,TIW,WA,ANM,WE,Federal Contract Tower,0,5,29,0,34,0,5,53,0,58,0,10,82,0,92,112,0,112,204
07/27/2007,TIW,WA,ANM,WE,Federal Contract Tower,0,2,19,0,21,0,12,131,0,143,0,14,150,0,164,188,0,188,352
07/28/2007,TIW,WA,ANM,WE,Federal Contract Tower,0,7,21,0,28,0,6,74,0,80,0,13,95,0,108,56,0,56,164
07/29/2007,TIW,WA,ANM,WE,Federal Contract Tower,0,2,31,0,33,0,1,67,0,68,0,3,98,0,101,94,0,94,195
07/30/2007,TIW,WA,ANM,WE,Federal Contract Tower,0,2,23,0,25,0,4,77,0,81,0,6,100,0,106,142,0,142,248
07/31/2007,TIW,WA,ANM,WE,Federal Contract Tower,0,2,16,0,18,0,7,100,0,107,0,9,116,0,125,122,0,122,247
08/01/2007,TIW,WA,ANM,WE,Federal Contract Tower,0,0,14,0,14,0,0,131,2,133,0,0,145,2,147,156,0,156,303
08/02/2007,TIW,WA,ANM,WE,Federal Contract Tower,0,0,25,0,25,0,4,145,0,149,0,4,170,0,174,176,0,176,350
08/03/2007,TIW,WA,ANM,WE,Federal Contract Tower,0,0,24,0,24,0,8,94,4,106,0,8,118,4,130,194,0,194,324
08/04/2007,TIW,WA,ANM,WE,Federal Contract Tower,0,0,40,0,40,0,0,54,0,54,0,0,94,0,94,110,0,110,204
08/05/2007,TIW,WA,ANM,WE,Federal Contract Tower,0,0,19,0,19,0,2,63,0,65,0,2,82,0,84,46,0,46,130
08/06/2007,TIW,WA,ANM,WE,Federal Contract Tower,0,1,16,0,17,0,3,54,0,57,0,4,70,0,74,50,0,50,124
08/07/2007,TIW,WA,ANM,WE,Federal Contract Tower,0,0,25,0,25,0,12,37,4,53,0,12,62,4,78,64,2,66,144
08/08/2007,TIW,WA,ANM,WE,Federal Contract Tower,0,0,30,0,30,0,6,69,0,75,0,6,99,0,105,202,0,202,307
08/09/2007,TIW,WA,ANM,WE,Federal Contract Tower,0,0,21,0,21,0,0,109,0,109,0,0,130,0,130,210,0,210,340
08/10/2007,TIW,WA,ANM,WE,Federal Contract Tower,0,2,26,0,28,0,11,102,2,115,0,13,128,2,143,0,248,248,391
08/11/2007,TIW,WA,ANM,WE,Federal Contract Tower,0,3,15,0,18,0,3,107,0,110,0,6,122,0,128,144,0,144,272
08/12/2007,TIW,WA,ANM,WE,Federal Contract Tower,0,1,28,0,29,0,0,78,0,78,0,1,106,0,107,120,0,120,227
08/13/2007,TIW,WA,ANM,WE,Federal Contract Tower,0,3,33,0,36,0,8,137,5,150,0,11,170,5,186,163,0,163,349
08/14/2007,TIW,WA,ANM,WE,Federal Contract Tower,0,3,33,0,36,0,4,117,2,123,0,7,150,2,159,225,0,225,384
08/15/2007,TIW,WA,ANM,WE,Federal Contract Tower,0,0,25,0,25,0,2,118,0,120,0,2,143,0,145,108,0,108,253
08/16/2007,TIW,WA,ANM,WE,Federal Contract Tower,0,3,26,0,29,0,5,179,0,184,0,8,205,0,213,108,0,108,321
08/17/2007,TIW,WA,ANM,WE,Federal Contract Tower,0,1,19,0,20,0,12,289,0,301,0,13,308,0,321,127,0,127,448
08/18/2007,TIW,WA,ANM,WE,Federal Contract Tower,0,1,25,0,26,0,14,73,0,87,0,15,98,0,113,124,0,124,237
08/19/2007,TIW,WA,ANM,WE,Federal Contract Tower,0,0,38,0,38,0,0,53,0,53,0,0,91,0,91,98,0,98,189
08/20/2007,TIW,WA,ANM,WE,Federal Contract Tower,0,1,45,1,47,0,0,42,0,42,0,1,87,1,89,62,0,62,151
08/21/2007,TIW,WA,ANM,WE,Federal Contract Tower,0,2,39,0,41,0,0,60,0,60,0,2,99,0,101,136,0,136,237
08/22/2007,TIW,WA,ANM,WE,Federal Contract Tower,0,5,27,0,32,0,3,113,0,116,0,8,140,0,148,198,0,198,346
08/23/2007,TIW,WA,ANM,WE,Federal Contract Tower,0,0,24,0,24,0,3,149,5,157,0,3,173,5,181,264,0,264,445
08/24/2007,TIW,WA,ANM,WE,Federal Contract Tower,0,2,23,0,25,0,0,84,8,92,0,2,107,8,117,72,0,72,189
08/25/2007,TIW,WA,ANM,WE,Federal Contract Tower,0,0,20,0,20,0,3,139,0,142,0,3,159,0,162,186,0,186,348
08/26/2007,TIW,WA,ANM,WE,Federal Contract Tower,0,6,25,0,31,0,1,126,0,127,0,7,151,0,158,78,0,78,236
08/27/2007,TIW,WA,ANM,WE,Federal Contract Tower,0,1,15,0,16,0,7,109,4,120,0,8,124,4,136,124,0,124,260
08/28/2007,TIW,WA,ANM,WE,Federal Contract Tower,0,2,32,0,34,0,3,173,32,208,0,5,205,32,242,284,0,284,526
08/29/2007,TIW,WA,ANM,WE,Federal Contract Tower,0,1,31,0,32,0,0,170,22,192,0,1,201,22,224,260,0,260,484
08/30/2007,TIW,WA,ANM,WE,Federal Contract Tower,0,4,36,1,41,0,2,150,6,158,0,6,186,7,199,180,0,180,379
08/31/2007,TIW,WA,ANM,WE,Federal Contract Tower,0,1,23,2,26,0,0,103,5,108,0,1,126,7,134,206,1,207,341
09/01/2007,TIW,WA,ANM,WE,Federal Contract Tower,0,0,19,0,19,0,4,149,0,153,0,4,168,0,172,140,0,140,312
09/02/2007,TIW,WA,ANM,WE,Federal Contract Tower,0,0,7,0,7,0,3,83,2,88,0,3,90,2,95,96,0,96,191
09/03/2007,TIW,WA,ANM,WE,Federal Contract Tower,0,0,19,0,19,0,0,97,0,97,0,0,116,0,116,82,0,82,198
09/04/2007,TIW,WA,ANM,WE,Federal Contract Tower,0,2,23,0,25,0,6,59,0,65,0,8,82,0,90,146,0,146,236
09/05/2007,TIW,WA,ANM,WE,Federal Contract Tower,0,4,37,0,41,0,11,74,0,85,0,15,111,0,126,160,0,160,286
09/06/2007,TIW,WA,ANM,WE,Federal Contract Tower,0,3,14,0,17,0,1,96,0,97,0,4,110,0,114,224,0,224,338
09/07/2007,TIW,WA,ANM,WE,Federal Contract Tower,0,1,32,0,33,0,4,179,10,193,0,5,211,10,226,141,0,141,367
09/08/2007,TIW,WA,ANM,WE,Federal Contract Tower,0,2,20,0,22,0,4,154,0,158,0,6,174,0,180,140,0,140,320
09/09/2007,TIW,WA,ANM,WE,Federal Contract Tower,0,0,17,0,17,0,1,137,2,140,0,1,154,2,157,60,0,60,217
09/10/2007,TIW,WA,ANM,WE,Federal Contract Tower,0,2,22,2,26,0,2,132,6,140,0,4,154,8,166,244,0,244,410
09/11/2007,TIW,WA,ANM,WE,Federal Contract Tower,0,2,21,0,23,0,9,122,0,131,0,11,143,0,154,346,0,346,500
09/12/2007,TIW,WA,ANM,WE,Federal Contract Tower,0,4,29,0,33,0,0,90,2,92,0,4,119,2,125,195,0,195,320
09/13/2007,TIW,WA,ANM,WE,Federal Contract Tower,0,0,20,0,20,0,0,39,0,39,0,0,59,0,59,124,0,124,183
09/14/2007,TIW,WA,ANM,WE,Federal Contract Tower,0,3,24,0,27,0,2,96,0,98,0,5,120,0,125,224,0,224,349
09/15/2007,TIW,WA,ANM,WE,Federal Contract Tower,0,2,13,0,15,0,0,104,0,104,0,2,117,0,119,216,0,216,335
09/16/2007,TIW,WA,ANM,WE,Federal Contract Tower,0,0,17,0,17,0,0,41,0,41,0,0,58,0,58,110,0,110,168
09/17/2007,TIW,WA,ANM,WE,Federal Contract Tower,0,6,19,0,25,0,10,49,0,59,0,16,68,0,84,38,0,38,122
09/18/2007,TIW,WA,ANM,WE,Federal Contract Tower,0,5,31,0,36,0,16,85,7,108,0,21,116,7,144,189,0,189,333
09/19/2007,TIW,WA,ANM,WE,Federal Contract Tower,0,1,24,0,25,0,5,117,0,122,0,6,141,0,147,157,0,157,304
09/20/2007,TIW,WA,ANM,WE,Federal Contract Tower,0,2,26,0,28,0,0,109,0,109,0,2,135,0,137,352,0,352,489
09/21/2007,TIW,WA,ANM,WE,Federal Contract Tower,0,2,30,0,32,0,0,116,0,116,0,2,146,0,148,326,0,326,474
09/22/2007,TIW,WA,ANM,WE,Federal Contract Tower,0,0,24,0,24,0,0,125,0,125,0,0,149,0,149,218,0,218,367
09/23/2007,TIW,WA,ANM,WE,Federal Contract Tower,0,0,26,0,26,0,0,102,0,102,0,0,128,0,128,94,0,94,222
09/24/2007,TIW,WA,ANM,WE,Federal Contract Tower,0,4,22,0,26,0,6,83,0,89,0,10,105,0,115,180,0,180,295
09/25/2007,TIW,WA,ANM,WE,Federal Contract Tower,0,1,40,0,41,0,0,36,0,36,0,1,76,0,77,42,0,42,119
09/26/2007,TIW,WA,ANM,WE,Federal Contract Tower,0,1,18,0,19,0,0,84,0,84,0,1,102,0,103,145,0,145,248
09/27/2007,TIW,WA,ANM,WE,Federal Contract Tower,0,2,23,0,25,0,0,164,0,164,0,2,187,0,189,248,0,248,437
09/28/2007,TIW,WA,ANM,WE,Federal Contract Tower,0,0,19,0,19,0,1,69,0,70,0,1,88,0,89,250,0,250,339
09/29/2007,TIW,WA,ANM,WE,Federal Contract Tower,0,2,23,0,25,0,2,65,2,69,0,4,88,2,94,136,0,136,230
09/30/2007,TIW,WA,ANM,WE,Federal Contract Tower,0,1,16,0,17,0,1,30,0,31,0,2,46,0,48,102,0,102,150
10/01/2007,TIW,WA,ANM,WE,Federal Contract Tower,0,1,22,0,23,0,1,65,0,66,0,2,87,0,89,115,0,115,204
10/02/2007,TIW,WA,ANM,WE,Federal Contract Tower,0,0,12,0,12,0,0,6,0,6,0,0,18,0,18,0,0,0,18
10/03/2007,TIW,WA,ANM,WE,Federal Contract Tower,0,0,20,0,20,0,2,26,10,38,0,2,46,10,58,150,0,150,208
10/04/2007,TIW,WA,ANM,WE,Federal Contract Tower,0,7,26,0,33,0,3,86,2,91,0,10,112,2,124,314,0,314,438
10/05/2007,TIW,WA,ANM,WE,Federal Contract Tower,0,1,36,1,38,0,1,154,1,156,0,2,190,2,194,258,0,258,452
10/06/2007,TIW,WA,ANM,WE,Federal Contract Tower,0,0,27,0,27,0,2,52,0,54,0,2,79,0,81,212,0,212,293
10/07/2007,TIW,WA,ANM,WE,Federal Contract Tower,0,0,19,0,19,0,0,18,0,18,0,0,37,0,37,46,0,46,83
10/08/2007,TIW,WA,ANM,WE,Federal Contract Tower,0,4,27,0,31,0,0,162,2,164,0,4,189,2,195,324,0,324,519
10/09/2007,TIW,WA,ANM,WE,Federal Contract Tower,0,1,26,0,27,0,0,78,2,80,0,1,104,2,107,304,0,304,411
10/10/2007,TIW,WA,ANM,WE,Federal Contract Tower,0,0,29,0,29,0,2,54,6,62,0,2,83,6,91,98,0,98,189
10/11/2007,TIW,WA,ANM,WE,Federal Contract Tower,0,3,27,0,30,0,5,127,2,134,0,8,154,2,164,280,0,280,444
10/12/2007,TIW,WA,ANM,WE,Federal Contract Tower,0,0,24,0,24,0,8,106,2,116,0,8,130,2,140,340,0,340,480
10/13/2007,TIW,WA,ANM,WE,Federal Contract Tower,0,0,35,0,35,0,0,75,0,75,0,0,110,0,110,176,0,176,286
10/14/2007,TIW,WA,ANM,WE,Federal Contract Tower,0,0,18,0,18,0,0,106,4,110,0,0,124,4,128,221,0,221,349
10/15/2007,TIW,WA,ANM,WE,Federal Contract Tower,0,0,22,0,22,0,0,0,0,0,0,0,22,0,22,4,0,4,26
10/16/2007,TIW,WA,ANM,WE,Federal Contract Tower,0,5,17,0,22,0,0,45,8,53,0,5,62,8,75,310,0,310,385
10/17/2007,TIW,WA,ANM,WE,Federal Contract Tower,0,11,27,0,38,0,13,85,4,102,0,24,112,4,140,102,0,102,242
10/18/2007,TIW,WA,ANM,WE,Federal Contract Tower,0,0,5,0,5,0,0,19,0,19,0,0,24,0,24,77,0,77,101
10/19/2007,TIW,WA,ANM,WE,Federal Contract Tower,0,1,21,0,22,0,7,38,0,45,0,8,59,0,67,32,0,32,99
10/20/2007,TIW,WA,ANM,WE,Federal Contract Tower,0,1,28,0,29,0,0,36,0,36,0,1,64,0,65,189,0,189,254
10/21/2007,TIW,WA,ANM,WE,Federal Contract Tower,0,0,19,0,19,0,0,33,0,33,0,0,52,0,52,207,0,207,259
10/22/2007,TIW,WA,ANM,WE,Federal Contract Tower,0,1,38,0,39,0,0,107,2,109,0,1,145,2,148,276,0,276,424
10/23/2007,TIW,WA,ANM,WE,Federal Contract Tower,0,6,36,0,42,0,10,108,0,118,0,16,144,0,160,295,0,295,455
10/24/2007,TIW,WA,ANM,WE,Federal Contract Tower,0,1,28,0,29,0,1,29,0,30,0,2,57,0,59,46,0,46,105
10/25/2007,TIW,WA,ANM,WE,Federal Contract Tower,0,0,28,0,28,0,11,94,0,105,0,11,122,0,133,218,0,218,351
10/26/2007,TIW,WA,ANM,WE,Federal Contract Tower,0,5,30,0,35,0,5,113,0,118,0,10,143,0,153,80,0,80,233
10/27/2007,TIW,WA,ANM,WE,Federal Contract Tower,0,8,20,0,28,0,6,71,0,77,0,14,91,0,105,162,0,162,267
10/28/2007,TIW,WA,ANM,WE,Federal Contract Tower,0,3,30,0,33,0,0,54,2,56,0,3,84,2,89,172,0,172,261
10/29/2007,TIW,WA,ANM,WE,Federal Contract Tower,0,2,27,0,29,0,0,0,4,4,0,2,27,4,33,83,0,83,116
10/30/2007,TIW,WA,ANM,WE,Federal Contract Tower,0,8,52,0,60,0,2,25,4,31,0,10,77,4,91,268,0,268,359
10/31/2007,TIW,WA,ANM,WE,Federal Contract Tower,0,6,37,0,43,0,6,31,0,37,0,12,68,0,80,96,0,96,176
11/01/2007,TIW,WA,ANM,WE,Federal Contract Tower,0,6,30,0,36,0,7,56,0,63,0,13,86,0,99,192,0,192,291
11/02/2007,TIW,WA,ANM,WE,Federal Contract Tower,0,0,29,0,29,0,0,75,0,75,0,0,104,0,104,172,0,172,276
11/03/2007,TIW,WA,ANM,WE,Federal Contract Tower,0,0,19,0,19,0,0,68,0,68,0,0,87,0,87,186,0,186,273
11/04/2007,TIW,WA,ANM,WE,Federal Contract Tower,0,0,15,0,15,0,0,0,0,0,0,0,15,0,15,22,0,22,37
11/05/2007,TIW,WA,ANM,WE,Federal Contract Tower,0,1,36,0,37,0,2,24,8,34,0,3,60,8,71,269,0,269,340
11/06/2007,TIW,WA,ANM,WE,Federal Contract Tower,0,0,38,0,38,0,0,9,0,9,0,0,47,0,47,143,0,143,190
11/07/2007,TIW,WA,ANM,WE,Federal Contract Tower,0,4,26,0,30,0,6,60,0,66,0,10,86,0,96,162,0,162,258
11/08/2007,TIW,WA,ANM,WE,Federal Contract Tower,0,3,26,0,29,0,2,39,0,41,0,5,65,0,70,96,0,96,166
11/09/2007,TIW,WA,ANM,WE,Federal Contract Tower,0,0,48,0,48,0,4,34,0,38,0,4,82,0,86,92,0,92,178
11/10/2007,TIW,WA,ANM,WE,Federal Contract Tower,0,0,19,0,19,0,0,73,0,73,0,0,92,0,92,216,0,216,308
11/11/2007,TIW,WA,ANM,WE,Federal Contract Tower,0,2,30,0,32,0,0,18,0,18,0,2,48,0,50,84,0,84,134
11/12/2007,TIW,WA,ANM,WE,Federal Contract Tower,0,1,4,0,5,0,5,1,0,6,0,6,5,0,11,11,0,11,22
11/13/2007,TIW,WA,ANM,WE,Federal Contract Tower,0,4,43,0,47,0,4,112,0,116,0,8,155,0,163,326,0,326,489
11/14/2007,TIW,WA,ANM,WE,Federal Contract Tower,0,0,21,0,21,0,14,93,0,107,0,14,114,0,128,186,0,186,314
11/15/2007,TIW,WA,ANM,WE,Federal Contract Tower,0,0,33,0,33,0,8,34,0,42,0,8,67,0,75,72,0,72,147
11/16/2007,TIW,WA,ANM,WE,Federal Contract Tower,0,0,26,0,26,0,4,69,0,73,0,4,95,0,99,185,0,185,284
11/17/2007,TIW,WA,ANM,WE,Federal Contract Tower,0,1,18,0,19,0,0,6,0,6,0,1,24,0,25,100,0,100,125
11/18/2007,TIW,WA,ANM,WE,Federal Contract Tower,0,0,37,0,37,0,0,51,0,51,0,0,88,0,88,282,0,282,370
11/19/2007,TIW,WA,ANM,WE,Federal Contract Tower,0,2,41,0,43,0,0,43,0,43,0,2,84,0,86,110,0,110,196
11/20/2007,TIW,WA,ANM,WE,Federal Contract Tower,0,2,56,0,58,0,1,50,0,51,0,3,106,0,109,195,0,195,304
11/21/2007,TIW,WA,ANM,WE,Federal Contract Tower,0,9,34,0,43,0,1,103,0,104,0,10,137,0,147,160,0,160,307
11/22/2007,TIW,WA,ANM,WE,Federal Contract Tower,0,0,6,0,6,0,4,30,0,34,0,4,36,0,40,16,0,16,56
11/23/2007,TIW,WA,ANM,WE,Federal Contract Tower,0,0,26,0,26,0,1,152,0,153,0,1,178,0,179,216,0,216,395
11/24/2007,TIW,WA,ANM,WE,Federal Contract Tower,0,0,25,0,25,0,0,58,0,58,0,0,83,0,83,191,0,191,274
11/25/2007,TIW,WA,ANM,WE,Federal Contract Tower,0,0,28,0,28,0,0,47,0,47,0,0,75,0,75,102,0,102,177
11/26/2007,TIW,WA,ANM,WE,Federal Contract Tower,0,2,0,0,2,0,0,49,0,49,0,2,49,0,51,183,0,183,234
11/27/2007,TIW,WA,ANM,WE,Federal Contract Tower,0,3,34,0,37,0,1,77,0,78,0,4,111,0,115,234,0,234,349
11/28/2007,TIW,WA,ANM,WE,Federal Contract Tower,0,0,24,0,24,0,0,55,0,55,0,0,79,0,79,112,0,112,191
11/29/2007,TIW,WA,ANM,WE,Federal Contract Tower,0,0,40,0,40,0,6,59,5,70,0,6,99,5,110,76,0,76,186
11/30/2007,TIW,WA,ANM,WE,Federal Contract Tower,0,0,25,0,25,0,0,91,0,91,0,0,116,0,116,208,0,208,324
12/01/2007,TIW,WA,ANM,WE,Federal Contract Tower,0,0,15,0,15,0,0,27,0,27,0,0,42,0,42,130,0,130,172
12/02/2007,TIW,WA,ANM,WE,Federal Contract Tower,0,4,4,0,8,0,0,0,0,0,0,4,4,0,8,0,0,0,8
12/03/2007,TIW,WA,ANM,WE,Federal Contract Tower,0,4,8,0,12,0,0,0,0,0,0,4,8,0,12,0,0,0,12
12/04/2007,TIW,WA,ANM,WE,Federal Contract Tower,0,1,27,0,28,0,1,19,0,20,0,2,46,0,48,34,0,34,82
12/05/2007,TIW,WA,ANM,WE,Federal Contract Tower,0,3,34,0,37,0,2,81,0,83,0,5,115,0,120,223,0,223,343
12/06/2007,TIW,WA,ANM,WE,Federal Contract Tower,0,0,30,0,30,0,1,66,0,67,0,1,96,0,97,172,0,172,269
12/07/2007,TIW,WA,ANM,WE,Federal Contract Tower,0,0,39,0,39,0,3,111,2,116,0,3,150,2,155,327,0,327,482
12/08/2007,TIW,WA,ANM,WE,Federal Contract Tower,0,0,34,0,34,0,1,182,0,183,0,1,216,0,217,206,0,206,423
12/09/2007,TIW,WA,ANM,WE,Federal Contract Tower,0,0,18,0,18,0,0,26,0,26,0,0,44,0,44,128,0,128,172
12/10/2007,TIW,WA,ANM,WE,Federal Contract Tower,0,1,40,0,41,0,1,83,0,84,0,2,123,0,125,305,0,305,430
12/11/2007,TIW,WA,ANM,WE,Federal Contract Tower,0,2,28,0,30,0,7,19,0,26,0,9,47,0,56,137,0,137,193
12/12/2007,TIW,WA,ANM,WE,Federal Contract Tower,0,0,26,0,26,0,3,92,2,97,0,3,118,2,123,359,0,359,482
12/13/2007,TIW,WA,ANM,WE,Federal Contract Tower,0,1,41,0,42,0,7,15,0,22,0,8,56,0,64,114,0,114,178
12/14/2007,TIW,WA,ANM,WE,Federal Contract Tower,0,0,26,0,26,0,0,79,0,79,0,0,105,0,105,206,0,206,311
12/15/2007,TIW,WA,ANM,WE,Federal Contract Tower,0,0,7,0,7,0,0,17,0,17,0,0,24,0,24,34,0,34,58
12/16/2007,TIW,WA,ANM,WE,Federal Contract Tower,0,0,31,0,31,0,2,42,0,44,0,2,73,0,75,130,0,130,205
12/17/2007,TIW,WA,ANM,WE,Federal Contract Tower,0,1,48,0,49,0,1,54,0,55,0,2,102,0,104,183,0,183,287
12/18/2007,TIW,WA,ANM,WE,Federal Contract Tower,0,0,45,0,45,0,0,4,0,4,0,0,49,0,49,4,0,4,53
12/19/2007,TIW,WA,ANM,WE,Federal Contract Tower,0,2,16,0,18,0,0,3,0,3,0,2,19,0,21,14,0,14,35
12/20/2007,TIW,WA,ANM,WE,Federal Contract Tower,0,0,37,0,37,0,0,36,0,36,0,0,73,0,73,52,0,52,125
12/21/2007,TIW,WA,ANM,WE,Federal Contract Tower,0,0,68,0,68,0,10,66,0,76,0,10,134,0,144,231,0,231,375
12/22/2007,TIW,WA,ANM,WE,Federal Contract Tower,0,0,5,0,5,0,0,8,0,8,0,0,13,0,13,10,0,10,23
12/23/2007,TIW,WA,ANM,WE,Federal Contract Tower,0,2,6,0,8,0,0,5,0,5,0,2,11,0,13,0,0,0,13
12/24/2007,TIW,WA,ANM,WE,Federal Contract Tower,0,3,41,0,44,0,3,78,0,81,0,6,119,0,125,158,0,158,283
12/25/2007,TIW,WA,ANM,WE,Federal Contract Tower,0,0,0,0,0,0,0,4,0,4,0,0,4,0,4,4,0,4,8
12/26/2007,TIW,WA,ANM,WE,Federal Contract Tower,0,0,35,0,35,0,4,77,0,81,0,4,112,0,116,157,0,157,273
12/27/2007,TIW,WA,ANM,WE,Federal Contract Tower,0,0,25,0,25,0,0,15,2,17,0,0,40,2,42,78,0,78,120
12/28/2007,TIW,WA,ANM,WE,Federal Contract Tower,0,0,11,0,11,0,0,0,16,16,0,0,11,16,27,0,0,0,27
12/29/2007,TIW,WA,ANM,WE,Federal Contract Tower,0,6,34,0,40,0,6,63,0,69,0,12,97,0,109,232,0,232,341
12/30/2007,TIW,WA,ANM,WE,Federal Contract Tower,0,0,11,0,11,0,0,7,0,7,0,0,18,0,18,4,0,4,22
12/31/2007,TIW,WA,ANM,WE,Federal Contract Tower,0,1,35,0,36,0,3,141,0,144,0,4,176,0,180,197,0,197,377
01/01/2008,TIW,WA,ANM,WE,Federal Contract Tower,0,0,15,0,15,0,0,78,0,78,0,0,93,0,93,46,0,46,139
01/02/2008,TIW,WA,ANM,WE,Federal Contract Tower,0,0,41,0,41,0,0,7,0,7,0,0,48,0,48,112,0,112,160
01/03/2008,TIW,WA,ANM,WE,Federal Contract Tower,0,1,13,0,14,0,5,55,0,60,0,6,68,0,74,176,0,176,250
01/04/2008,TIW,WA,ANM,WE,Federal Contract Tower,0,3,25,0,28,0,1,39,5,45,0,4,64,5,73,140,0,140,213
01/05/2008,TIW,WA,ANM,WE,Federal Contract Tower,0,0,2,0,2,0,0,10,0,10,0,0,12,0,12,32,0,32,44
01/06/2008,TIW,WA,ANM,WE,Federal Contract Tower,0,0,14,0,14,0,0,36,0,36,0,0,50,0,50,58,0,58,108
01/07/2008,TIW,WA,ANM,WE,Federal Contract Tower,0,1,42,2,45,0,1,69,0,70,0,2,111,2,115,228,0,228,343
01/08/2008,TIW,WA,ANM,WE,Federal Contract Tower,0,0,39,2,41,0,5,16,0,21,0,5,55,2,62,24,0,24,86
01/09/2008,TIW,WA,ANM,WE,Federal Contract Tower,0,1,25,0,26,0,0,78,0,78,0,1,103,0,104,219,0,219,323
01/10/2008,TIW,WA,ANM,WE,Federal Contract Tower,0,2,14,0,16,0,0,9,0,9,0,2,23,0,25,53,0,53,78
01/11/2008,TIW,WA,ANM,WE,Federal Contract Tower,0,1,24,0,25,0,2,50,0,52,0,3,74,0,77,86,0,86,163
01/12/2008,TIW,WA,ANM,WE,Federal Contract Tower,0,1,8,0,9,0,2,38,0,40,0,3,46,0,49,68,0,68,117
01/13/2008,TIW,WA,ANM,WE,Federal Contract Tower,0,0,47,0,47,0,0,173,4,177,0,0,220,4,224,327,0,327,551
01/14/2008,TIW,WA,ANM,WE,Federal Contract Tower,0,1,31,0,32,0,6,28,0,34,0,7,59,0,66,26,0,26,92
01/15/2008,TIW,WA,ANM,WE,Federal Contract Tower,0,4,17,0,21,0,0,133,0,133,0,4,150,0,154,246,0,246,400
01/16/2008,TIW,WA,ANM,WE,Federal Contract Tower,0,0,31,0,31,0,0,126,0,126,0,0,157,0,157,221,0,221,378
01/17/2008,TIW,WA,ANM,WE,Federal Contract Tower,0,0,26,0,26,0,4,134,0,138,0,4,160,0,164,265,0,265,429
01/18/2008,TIW,WA,ANM,WE,Federal Contract Tower,0,8,35,0,43,0,6,72,0,78,0,14,107,0,121,268,0,268,389
01/19/2008,TIW,WA,ANM,WE,Federal Contract Tower,0,0,7,0,7,0,0,3,0,3,0,0,10,0,10,0,0,0,10
01/20/2008,TIW,WA,ANM,WE,Federal Contract Tower,0,0,16,0,16,0,0,32,2,34,0,0,48,2,50,60,0,60,110
01/21/2008,TIW,WA,ANM,WE,Federal Contract Tower,0,1,39,0,40,0,3,180,0,183,0,4,219,0,223,292,2,294,517
01/22/2008,TIW,WA,ANM,WE,Federal Contract Tower,0,6,41,4,51,0,2,98,0,100,0,8,139,4,151,234,0,234,385
01/23/2008,TIW,WA,ANM,WE,Federal Contract Tower,0,0,42,0,42,0,6,150,0,156,0,6,192,0,198,224,0,224,422
01/24/2008,TIW,WA,ANM,WE,Federal Contract Tower,0,4,35,0,39,0,6,97,1,104,0,10,132,1,143,144,0,144,287
01/25/2008,TIW,WA,ANM,WE,Federal Contract Tower,0,3,50,0,53,0,3,139,0,142,0,6,189,0,195,242,0,242,437
01/26/2008,TIW,WA,ANM,WE,Federal Contract Tower,0,8,13,0,21,0,10,34,2,46,0,18,47,2,67,58,0,58,125
01/27/2008,TIW,WA,ANM,WE,Federal Contract Tower,0,0,22,0,22,0,0,18,0,18,0,0,40,0,40,16,0,16,56
01/28/2008,TIW,WA,ANM,WE,Federal Contract Tower,0,4,17,2,23,0,0,1,0,1,0,4,18,2,24,70,0,70,94
01/29/2008,TIW,WA,ANM,WE,Federal Contract Tower,0,4,23,0,27,0,0,7,0,7,0,4,30,0,34,0,0,0,34
01/30/2008,TIW,WA,ANM,WE,Federal Contract Tower,0,0,27,0,27,0,0,42,0,42,0,0,69,0,69,112,0,112,181
01/31/2008,TIW,WA,ANM,WE,Federal Contract Tower,0,10,20,0,30,0,6,64,0,70,0,16,84,0,100,156,0,156,256
02/01/2008,TIW,WA,ANM,WE,Federal Contract Tower,0,0,25,0,25,0,2,44,0,46,0,2,69,0,71,62,0,62,133
02/02/2008,TIW,WA,ANM,WE,Federal Contract Tower,0,6,35,0,41,0,3,71,2,76,0,9,106,2,117,202,0,202,319
02/03/2008,TIW,WA,ANM,WE,Federal Contract Tower,0,0,16,0,16,0,0,61,0,61,0,0,77,0,77,306,0,306,383
02/04/2008,TIW,WA,ANM,WE,Federal Contract Tower,0,2,21,0,23,0,0,25,0,25,0,2,46,0,48,2,0,2,50
02/05/2008,TIW,WA,ANM,WE,Federal Contract Tower,0,0,18,0,18,0,0,9,0,9,0,0,27,0,27,4,0,4,31
02/06/2008,TIW,WA,ANM,WE,Federal Contract Tower,0,0,7,0,7,0,0,27,0,27,0,0,34,0,34,20,0,20,54
02/07/2008,TIW,WA,ANM,WE,Federal Contract Tower,0,0,11,0,11,0,0,7,0,7,0,0,18,0,18,0,0,0,18
02/08/2008,TIW,WA,ANM,WE,Federal Contract Tower,0,0,21,0,21,0,0,17,0,17,0,0,38,0,38,0,0,0,38
02/09/2008,TIW,WA,ANM,WE,Federal Contract Tower,0,0,20,0,20,0,0,37,1,38,0,0,57,1,58,126,0,126,184
02/10/2008,TIW,WA,ANM,WE,Federal Contract Tower,0,3,6,0,9,0,0,10,0,10,0,3,16,0,19,12,0,12,31
02/11/2008,TIW,WA,ANM,WE,Federal Contract Tower,0,8,33,1,42,0,0,43,1,44,0,8,76,2,86,22,0,22,108
02/12/2008,TIW,WA,ANM,WE,Federal Contract Tower,0,0,33,0,33,0,0,75,0,75,0,0,108,0,108,65,0,65,173
02/13/2008,TIW,WA,ANM,WE,Federal Contract Tower,0,0,34,0,34,0,0,71,2,73,0,0,105,2,107,104,0,104,211
02/14/2008,TIW,WA,ANM,WE,Federal Contract Tower,0,0,11,0,11,0,0,68,0,68,0,0,79,0,79,36,2,38,117
02/15/2008,TIW,WA,ANM,WE,Federal Contract Tower,0,4,31,0,35,0,0,55,0,55,0,4,86,0,90,105,0,105,195
02/16/2008,TIW,WA,ANM,WE,Federal Contract Tower,0,0,26,0,26,0,0,87,0,87,0,0,113,0,113,110,0,110,223
02/17/2008,TIW,WA,ANM,WE,Federal Contract Tower,0,0,22,0,22,0,0,96,2,98,0,0,118,2,120,112,14,126,246
02/18/2008,TIW,WA,ANM,WE,Federal Contract Tower,0,4,39,0,43,0,4,60,15,79,0,8,99,15,122,74,0,74,196
02/19/2008,TIW,WA,ANM,WE,Federal Contract Tower,0,0,26,0,26,0,0,61,0,61,0,0,87,0,87,70,0,70,157
02/20/2008,TIW,WA,ANM,WE,Federal Contract Tower,0,1,4,0,5,0,0,47,0,47,0,1,51,0,52,72,0,72,124
02/21/2008,TIW,WA,ANM,WE,Federal Contract Tower,0,0,18,0,18,0,3,46,7,56,0,3,64,7,74,52,0,52,126
02/22/2008,TIW,WA,ANM,WE,Federal Contract Tower,0,0,23,0,23,0,0,42,0,42,0,0,65,0,65,76,0,76,141
02/23/2008,TIW,WA,ANM,WE,Federal Contract Tower,0,0,28,0,28,0,0,87,0,87,0,0,115,0,115,132,0,132,247
02/24/2008,TIW,WA,ANM,WE,Federal Contract Tower,0,1,30,0,31,0,0,60,2,62,0,1,90,2,93,59,6,65,158
02/25/2008,TIW,WA,ANM,WE,Federal Contract Tower,0,2,16,0,18,0,1,56,0,57,0,3,72,0,75,90,0,90,165
02/26/2008,TIW,WA,ANM,WE,Federal Contract Tower,0,2,18,0,20,0,2,63,0,65,0,4,81,0,85,72,0,72,157
02/27/2008,TIW,WA,ANM,WE,Federal Contract Tower,0,0,15,2,17,0,1,31,1,33,0,1,46,3,50,24,2,26,76
02/28/2008,TIW,WA,ANM,WE,Federal Contract Tower,0,2,24,1,27,0,0,39,1,40,0,2,63,2,67,32,0,32,99
02/29/2008,TIW,WA,ANM,WE,Federal Contract Tower,0,6,17,1,24,0,5,80,1,86,0,11,97,2,110,61,0,61,171
03/01/2008,TIW,WA,ANM,WE,Federal Contract Tower,0,2,17,0,19,0,0,64,0,64,0,2,81,0,83,52,0,52,135
03/02/2008,TIW,WA,ANM,WE,Federal Contract Tower,0,1,18,0,19,0,0,80,0,80,0,1,98,0,99,82,0,82,181
03/03/2008,TIW,WA,ANM,WE,Federal Contract Tower,0,3,20,0,23,0,0,23,0,23,0,3,43,0,46,0,0,0,46
03/04/2008,TIW,WA,ANM,WE,Federal Contract Tower,0,3,31,0,34,0,0,67,0,67,0,3,98,0,101,141,0,141,242
03/05/2008,TIW,WA,ANM,WE,Federal Contract Tower,0,1,27,0,28,0,0,98,0,98,0,1,125,0,126,128,0,128,254
03/06/2008,TIW,WA,ANM,WE,Federal Contract Tower,0,0,32,0,32,0,0,99,0,99,0,0,131,0,131,100,0,100,231
03/07/2008,TIW,WA,ANM,WE,Federal Contract Tower,0,2,32,0,34,0,6,70,0,76,0,8,102,0,110,114,0,114,224
03/08/2008,TIW,WA,ANM,WE,Federal Contract Tower,0,0,37,0,37,0,0,41,0,41,0,0,78,0,78,100,0,100,178
03/09/2008,TIW,WA,ANM,WE,Federal Contract Tower,0,3,40,0,43,0,1,88,0,89,0,4,128,0,132,86,0,86,218
03/10/2008,TIW,WA,ANM,WE,Federal Contract Tower,0,2,53,2,57,0,0,53,0,53,0,2,106,2,110,52,0,52,162
03/11/2008,TIW,WA,ANM,WE,Federal Contract Tower,0,0,21,0,21,0,2,36,0,38,0,2,57,0,59,26,0,26,85
03/12/2008,TIW,WA,ANM,WE,Federal Contract Tower,0,3,58,0,61,0,1,85,0,86,0,4,143,0,147,101,0,101,248
03/13/2008,TIW,WA,ANM,WE,Federal Contract Tower,0,2,26,0,28,0,0,12,0,12,0,2,38,0,40,10,0,10,50
03/14/2008,TIW,WA,ANM,WE,Federal Contract Tower,0,4,29,0,33,0,3,34,0,37,0,7,63,0,70,64,0,64,134
03/15/2008,TIW,WA,ANM,WE,Federal Contract Tower,0,0,31,0,31,0,0,32,0,32,0,0,63,0,63,58,0,58,121
03/16/2008,TIW,WA,ANM,WE,Federal Contract Tower,0,0,25,0,25,0,0,60,0,60,0,0,85,0,85,68,0,68,153
03/17/2008,TIW,WA,ANM,WE,Federal Contract Tower,0,2,18,0,20,0,0,19,0,19,0,2,37,0,39,19,0,19,58
03/18/2008,TIW,WA,ANM,WE,Federal Contract Tower,0,0,17,0,17,0,3,66,0,69,0,3,83,0,86,50,0,50,136
03/19/2008,TIW,WA,ANM,WE,Federal Contract Tower,0,3,24,3,30,0,0,76,3,79,0,3,100,6,109,64,0,64,173
03/20/2008,TIW,WA,ANM,WE,Federal Contract Tower,0,0,24,0,24,0,0,76,0,76,0,0,100,0,100,27,1,28,128
03/21/2008,TIW,WA,ANM,WE,Federal Contract Tower,0,2,29,0,31,0,0,62,0,62,0,2,91,0,93,93,0,93,186
03/22/2008,TIW,WA,ANM,WE,Federal Contract Tower,0,0,37,0,37,0,0,148,0,148,0,0,185,0,185,159,0,159,344
03/23/2008,TIW,WA,ANM,WE,Federal Contract Tower,0,0,10,0,10,0,0,5,0,5,0,0,15,0,15,0,0,0,15
03/24/2008,TIW,WA,ANM,WE,Federal Contract Tower,0,5,22,0,27,0,3,44,0,47,0,8,66,0,74,107,0,107,181
03/25/2008,TIW,WA,ANM,WE,Federal Contract Tower,0,0,17,0,17,0,0,39,0,39,0,0,56,0,56,59,0,59,115
03/26/2008,TIW,WA,ANM,WE,Federal Contract Tower,0,8,28,0,36,0,0,30,0,30,0,8,58,0,66,12,0,12,78
03/27/2008,TIW,WA,ANM,WE,Federal Contract Tower,0,6,8,0,14,0,7,26,0,33,0,13,34,0,47,10,1,11,58
03/28/2008,TIW,WA,ANM,WE,Federal Contract Tower,0,1,15,0,16,0,1,23,0,24,0,2,38,0,40,10,0,10,50
03/29/2008,TIW,WA,ANM,WE,Federal Contract Tower,0,1,11,0,12,0,2,14,0,16,0,3,25,0,28,3,0,3,31
03/30/2008,TIW,WA,ANM,WE,Federal Contract Tower,0,0,12,0,12,0,1,86,2,89,0,1,98,2,101,79,0,79,180
03/31/2008,TIW,WA,ANM,WE,Federal Contract Tower,0,1,30,0,31,0,1,47,4,52,0,2,77,4,83,32,0,32,115
04/01/2008,TIW,WA,ANM,WE,Federal Contract Tower,0,0,48,0,48,0,0,56,8,64,0,0,104,8,112,139,0,139,251
04/02/2008,TIW,WA,ANM,WE,Federal Contract Tower,0,0,56,0,56,0,0,152,0,152,0,0,208,0,208,95,0,95,303
04/03/2008,TIW,WA,ANM,WE,Federal Contract Tower,0,0,35,0,35,0,5,102,4,111,0,5,137,4,146,83,0,83,229
04/04/2008,TIW,WA,ANM,WE,Federal Contract Tower,0,1,17,0,18,0,2,19,0,21,0,3,36,0,39,20,0,20,59
04/05/2008,TIW,WA,ANM,WE,Federal Contract Tower,0,0,33,0,33,0,0,78,2,80,0,0,111,2,113,79,0,79,192
04/06/2008,TIW,WA,ANM,WE,Federal Contract Tower,0,0,15,2,17,0,0,24,0,24,0,0,39,2,41,8,0,8,49
04/07/2008,TIW,WA,ANM,WE,Federal Contract Tower,0,2,35,0,37,0,1,15,0,16,0,3,50,0,53,16,0,16,69
04/08/2008,TIW,WA,ANM,WE,Federal Contract Tower,0,3,30,0,33,0,0,35,0,35,0,3,65,0,68,87,0,87,155
04/09/2008,TIW,WA,ANM,WE,Federal Contract Tower,0,0,40,4,44,0,2,71,0,73,0,2,111,4,117,59,0,59,176
04/10/2008,TIW,WA,ANM,WE,Federal Contract Tower,0,0,27,0,27,0,1,54,0,55,0,1,81,0,82,28,0,28,110
04/11/2008,TIW,WA,ANM,WE,Federal Contract Tower,0,3,19,0,22,0,4,106,0,110,0,7,125,0,132,130,0,130,262
04/12/2008,TIW,WA,ANM,WE,Federal Contract Tower,0,2,25,1,28,0,0,183,0,183,0,2,208,1,211,101,0,101,312
04/13/2008,TIW,WA,ANM,WE,Federal Contract Tower,0,1,36,0,37,0,0,42,0,42,0,1,78,0,79,16,0,16,95
04/14/2008,TIW,WA,ANM,WE,Federal Contract Tower,0,3,21,0,24,0,5,57,1,63,0,8,78,1,87,40,0,40,127
04/15/2008,TIW,WA,ANM,WE,Federal Contract Tower,0,1,25,0,26,0,3,41,0,44,0,4,66,0,70,45,0,45,115
04/16/2008,TIW,WA,ANM,WE,Federal Contract Tower,0,0,36,0,36,0,0,80,0,80,0,0,116,0,116,125,0,125,241
04/17/2008,TIW,WA,ANM,WE,Federal Contract Tower,0,2,71,0,73,0,0,48,0,48,0,2,119,0,121,58,0,58,179
04/18/2008,TIW,WA,ANM,WE,Federal Contract Tower,0,1,18,0,19,0,1,28,0,29,0,2,46,0,48,2,0,2,50
04/19/2008,TIW,WA,ANM,WE,Federal Contract Tower,0,2,10,0,12,0,0,4,0,4,0,2,14,0,16,0,0,0,16
04/20/2008,TIW,WA,ANM,WE,Federal Contract Tower,0,0,6,0,6,0,0,58,0,58,0,0,64,0,64,37,0,37,101
04/21/2008,TIW,WA,ANM,WE,Federal Contract Tower,0,1,26,0,27,0,1,56,0,57,0,2,82,0,84,65,0,65,149
04/22/2008,TIW,WA,ANM,WE,Federal Contract Tower,0,0,36,3,39,0,1,87,7,95,0,1,123,10,134,91,0,91,225
04/23/2008,TIW,WA,ANM,WE,Federal Contract Tower,0,3,44,0,47,0,7,58,0,65,0,10,102,0,112,59,0,59,171
04/24/2008,TIW,WA,ANM,WE,Federal Contract Tower,0,0,32,0,32,0,4,56,0,60,0,4,88,0,92,27,0,27,119
04/25/2008,TIW,WA,ANM,WE,Federal Contract Tower,0,0,29,0,29,0,1,129,0,130,0,1,158,0,159,90,0,90,249
04/26/2008,TIW,WA,ANM,WE,Federal Contract Tower,0,6,20,0,26,0,1,135,9,145,0,7,155,9,171,74,0,74,245
04/27/2008,TIW,WA,ANM,WE,Federal Contract Tower,0,0,21,0,21,0,3,67,2,72,0,3,88,2,93,85,0,85,178
04/28/2008,TIW,WA,ANM,WE,Federal Contract Tower,0,1,11,0,12,0,1,29,0,30,0,2,40,0,42,18,0,18,60
04/29/2008,TIW,WA,ANM,WE,Federal Contract Tower,0,2,49,0,51,0,0,52,0,52,0,2,101,0,103,50,0,50,153
04/30/2008,TIW,WA,ANM,WE,Federal Contract Tower,0,7,27,0,34,0,1,58,0,59,0,8,85,0,93,104,0,104,197
05/01/2008,TIW,WA,ANM,WE,Federal Contract Tower,0,3,45,0,48,0,0,81,2,83,0,3,126,2,131,102,0,102,233
05/02/2008,TIW,WA,ANM,WE,Federal Contract Tower,0,6,28,0,34,0,0,55,0,55,0,6,83,0,89,58,0,58,147
05/03/2008,TIW,WA,ANM,WE,Federal Contract Tower,0,5,38,0,43,0,2,31,0,33,0,7,69,0,76,14,0,14,90
05/04/2008,TIW,WA,ANM,WE,Federal Contract Tower,0,2,10,0,12,0,0,103,2,105,0,2,113,2,117,92,0,92,209
05/05/2008,TIW,WA,ANM,WE,Federal Contract Tower,0,0,39,0,39,0,2,70,2,74,0,2,109,2,113,51,0,51,164
05/06/2008,TIW,WA,ANM,WE,Federal Contract Tower,0,1,28,0,29,0,0,31,0,31,0,1,59,0,60,12,0,12,72
05/07/2008,TIW,WA,ANM,WE,Federal Contract Tower,0,3,21,0,24,0,1,18,2,21,0,4,39,2,45,10,6,16,61
05/08/2008,TIW,WA,ANM,WE,Federal Contract Tower,0,3,34,0,37,0,6,87,1,94,0,9,121,1,131,73,0,73,204
05/09/2008,TIW,WA,ANM,WE,Federal Contract Tower,0,2,47,0,49,0,0,107,0,107,0,2,154,0,156,132,0,132,288
05/10/2008,TIW,WA,ANM,WE,Federal Contract Tower,0,0,21,0,21,0,0,67,0,67,0,0,88,0,88,24,0,24,112
05/11/2008,TIW,WA,ANM,WE,Federal Contract Tower,0,3,18,0,21,0,3,42,0,45,0,6,60,0,66,29,0,29,95
05/12/2008,TIW,WA,ANM,WE,Federal Contract Tower,0,1,55,0,56,0,5,70,2,77,0,6,125,2,133,85,0,85,218
05/13/2008,TIW,WA,ANM,WE,Federal Contract Tower,0,0,29,0,29,0,0,23,0,23,0,0,52,0,52,0,0,0,52
05/14/2008,TIW,WA,ANM,WE,Federal Contract Tower,0,0,42,0,42,0,0,37,0,37,0,0,79,0,79,75,0,75,154
05/15/2008,TIW,WA,ANM,WE,Federal Contract Tower,0,0,24,1,25,0,1,60,1,62,0,1,84,2,87,66,0,66,153
05/17/2008,TIW,WA,ANM,WE,Federal Contract Tower,0,0,30,0,30,0,0,137,0,137,0,0,167,0,167,110,0,110,277
05/18/2008,TIW,WA,ANM,WE,Federal Contract Tower,0,0,27,0,27,0,0,105,2,107,0,0,132,2,134,96,0,96,230
05/19/2008,TIW,WA,ANM,WE,Federal Contract Tower,0,1,33,2,36,0,5,65,3,73,0,6,98,5,109,51,2,53,162
05/20/2008,TIW,WA,ANM,WE,Federal Contract Tower,0,2,36,0,38,0,0,52,0,52,0,2,88,0,90,36,0,36,126
05/21/2008,TIW,WA,ANM,WE,Federal Contract Tower,0,0,23,0,23,0,0,47,0,47,0,0,70,0,70,106,0,106,176
05/22/2008,TIW,WA,ANM,WE,Federal Contract Tower,0,0,32,0,32,0,0,60,1,61,0,0,92,1,93,104,0,104,197
05/23/2008,TIW,WA,ANM,WE,Federal Contract Tower,0,0,24,0,24,0,0,68,0,68,0,0,92,0,92,26,0,26,118
05/24/2008,TIW,WA,ANM,WE,Federal Contract Tower,0,0,18,0,18,0,0,120,2,122,0,0,138,2,140,54,0,54,194
05/25/2008,TIW,WA,ANM,WE,Federal Contract Tower,0,0,17,0,17,0,0,33,0,33,0,0,50,0,50,14,0,14,64
05/26/2008,TIW,WA,ANM,WE,Federal Contract Tower,0,0,34,0,34,0,0,64,2,66,0,0,98,2,100,35,0,35,135
05/27/2008,TIW,WA,ANM,WE,Federal Contract Tower,0,4,36,0,40,0,1,50,0,51,0,5,86,0,91,120,0,120,211
05/28/2008,TIW,WA,ANM,WE,Federal Contract Tower,0,3,35,2,40,0,0,64,0,64,0,3,99,2,104,104,0,104,208
05/29/2008,TIW,WA,ANM,WE,Federal Contract Tower,0,3,65,1,69,0,3,73,1,77,0,6,138,2,146,76,2,78,224
05/30/2008,TIW,WA,ANM,WE,Federal Contract Tower,0,0,37,0,37,0,2,76,0,78,0,2,113,0,115,106,0,106,221
05/31/2008,TIW,WA,ANM,WE,Federal Contract Tower,0,22,0,0,22,0,137,1,0,138,0,159,1,0,160,112,0,112,272
06/01/2008,TIW,WA,ANM,WE,Federal Contract Tower,0,0,29,2,31,0,0,55,0,55,0,0,84,2,86,50,0,50,136
06/02/2008,TIW,WA,ANM,WE,Federal Contract Tower,0,1,47,0,48,0,1,89,0,90,0,2,136,0,138,134,0,134,272
06/03/2008,TIW,WA,ANM,WE,Federal Contract Tower,0,4,37,0,41,0,0,25,0,25,0,4,62,0,66,8,0,8,74
06/04/2008,TIW,WA,ANM,WE,Federal Contract Tower,0,2,27,1,30,0,0,67,9,76,0,2,94,10,106,106,0,106,212
06/05/2008,TIW,WA,ANM,WE,Federal Contract Tower,0,4,37,0,41,0,1,56,0,57,0,5,93,0,98,42,0,42,140
06/06/2008,TIW,WA,ANM,WE,Federal Contract Tower,0,1,25,0,26,0,0,26,2,28,0,1,51,2,54,19,0,19,73
06/07/2008,TIW,WA,ANM,WE,Federal Contract Tower,0,4,20,0,24,0,1,56,0,57,0,5,76,0,81,72,0,72,153
06/08/2008,TIW,WA,ANM,WE,Federal Contract Tower,0,3,28,0,31,0,0,55,0,55,0,3,83,0,86,87,0,87,173
06/09/2008,TIW,WA,ANM,WE,Federal Contract Tower,0,2,22,0,24,0,0,22,0,22,0,2,44,0,46,4,0,4,50
06/10/2008,TIW,WA,ANM,WE,Federal Contract Tower,0,0,29,0,29,0,0,21,2,23,0,0,50,2,52,104,0,104,156
06/11/2008,TIW,WA,ANM,WE,Federal Contract Tower,0,0,53,0,53,0,0,55,0,55,0,0,108,0,108,28,0,28,136
06/12/2008,TIW,WA,ANM,WE,Federal Contract Tower,0,4,37,0,41,0,1,98,0,99,0,5,135,0,140,130,0,130,270
06/13/2008,TIW,WA,ANM,WE,Federal Contract Tower,0,3,54,0,57,0,0,86,2,88,0,3,140,2,145,70,0,70,215
06/14/2008,TIW,WA,ANM,WE,Federal Contract Tower,0,2,38,0,40,0,0,123,2,125,0,2,161,2,165,170,0,170,335
06/15/2008,TIW,WA,ANM,WE,Federal Contract Tower,0,0,12,0,12,0,0,92,0,92,0,0,104,0,104,108,0,108,212
06/16/2008,TIW,WA,ANM,WE,Federal Contract Tower,0,5,47,2,54,0,5,94,0,99,0,10,141,2,153,68,0,68,221
06/17/2008,TIW,WA,ANM,WE,Federal Contract Tower,0,3,26,0,29,0,1,84,0,85,0,4,110,0,114,82,0,82,196
06/18/2008,TIW,WA,ANM,WE,Federal Contract Tower,0,4,33,0,37,0,1,118,0,119,0,5,151,0,156,127,0,127,283
06/19/2008,TIW,WA,ANM,WE,Federal Contract Tower,0,2,43,0,45,0,0,145,8,153,0,2,188,8,198,96,0,96,294
06/20/2008,TIW,WA,ANM,WE,Federal Contract Tower,0,0,16,0,16,0,2,147,0,149,0,2,163,0,165,152,0,152,317
06/21/2008,TIW,WA,ANM,WE,Federal Contract Tower,0,1,17,0,18,0,1,87,0,88,0,2,104,0,106,84,0,84,190
06/22/2008,TIW,WA,ANM,WE,Federal Contract Tower,0,0,28,0,28,0,0,64,0,64,0,0,92,0,92,96,0,96,188
06/23/2008,TIW,WA,ANM,WE,Federal Contract Tower,0,1,22,0,23,0,1,103,2,106,0,2,125,2,129,117,0,117,246
06/24/2008,TIW,WA,ANM,WE,Federal Contract Tower,0,2,30,1,33,0,0,104,6,110,0,2,134,7,143,157,0,157,300
06/25/2008,TIW,WA,ANM,WE,Federal Contract Tower,0,0,21,0,21,0,0,106,0,106,0,0,127,0,127,80,0,80,207
06/26/2008,TIW,WA,ANM,WE,Federal Contract Tower,0,0,32,0,32,0,0,99,2,101,0,0,131,2,133,52,0,52,185
06/27/2008,TIW,WA,ANM,WE,Federal Contract Tower,0,0,18,0,18,0,0,105,0,105,0,0,123,0,123,68,0,68,191
06/28/2008,TIW,WA,ANM,WE,Federal Contract Tower,0,1,31,5,37,0,5,165,0,170,0,6,196,5,207,34,0,34,241
06/29/2008,TIW,WA,ANM,WE,Federal Contract Tower,0,0,15,0,15,0,0,76,0,76,0,0,91,0,91,98,0,98,189
06/30/2008,TIW,WA,ANM,WE,Federal Contract Tower,0,0,29,4,33,0,8,97,4,109,0,8,126,8,142,57,2,59,201
07/01/2008,TIW,WA,ANM,WE,Federal Contract Tower,0,0,26,1,27,0,0,71,1,72,0,0,97,2,99,130,6,136,235
07/02/2008,TIW,WA,ANM,WE,Federal Contract Tower,0,0,26,2,28,0,0,84,4,88,0,0,110,6,116,88,0,88,204
07/03/2008,TIW,WA,ANM,WE,Federal Contract Tower,0,2,23,0,25,0,2,80,0,82,0,4,103,0,107,78,0,78,185
07/04/2008,TIW,WA,ANM,WE,Federal Contract Tower,0,0,5,0,5,0,0,45,0,45,0,0,50,0,50,28,2,30,80
07/05/2008,TIW,WA,ANM,WE,Federal Contract Tower,0,0,14,0,14,0,0,42,2,44,0,0,56,2,58,76,6,82,140
07/06/2008,TIW,WA,ANM,WE,Federal Contract Tower,0,0,25,0,25,0,0,71,0,71,0,0,96,0,96,98,0,98,194
07/07/2008,TIW,WA,ANM,WE,Federal Contract Tower,0,4,30,0,34,0,2,91,0,93,0,6,121,0,127,84,0,84,211
07/08/2008,TIW,WA,ANM,WE,Federal Contract Tower,0,0,34,0,34,0,0,136,0,136,0,0,170,0,170,114,0,114,284
07/09/2008,TIW,WA,ANM,WE,Federal Contract Tower,0,0,22,0,22,0,0,149,0,149,0,0,171,0,171,110,0,110,281
07/10/2008,TIW,WA,ANM,WE,Federal Contract Tower,0,1,34,1,36,0,0,87,3,90,0,1,121,4,126,66,0,66,192
07/11/2008,TIW,WA,ANM,WE,Federal Contract Tower,0,0,31,0,31,0,0,78,0,78,0,0,109,0,109,66,0,66,175
07/12/2008,TIW,WA,ANM,WE,Federal Contract Tower,0,3,6,0,9,0,0,101,0,101,0,3,107,0,110,59,0,59,169
07/13/2008,TIW,WA,ANM,WE,Federal Contract Tower,0,3,16,0,19,0,0,92,0,92,0,3,108,0,111,48,0,48,159
07/14/2008,TIW,WA,ANM,WE,Federal Contract Tower,0,2,19,1,22,0,5,60,6,71,0,7,79,7,93,59,0,59,152
07/15/2008,TIW,WA,ANM,WE,Federal Contract Tower,0,1,29,0,30,0,1,82,0,83,0,2,111,0,113,135,0,135,248
07/16/2008,TIW,WA,ANM,WE,Federal Contract Tower,0,2,33,1,36,0,3,138,7,148,0,5,171,8,184,64,0,64,248
07/17/2008,TIW,WA,ANM,WE,Federal Contract Tower,0,2,24,0,26,0,0,78,0,78,0,2,102,0,104,90,0,90,194
07/18/2008,TIW,WA,ANM,WE,Federal Contract Tower,0,2,33,0,35,0,0,73,2,75,0,2,106,2,110,26,0,26,136
07/19/2008,TIW,WA,ANM,WE,Federal Contract Tower,0,3,24,0,27,0,1,77,2,80,0,4,101,2,107,68,0,68,175
07/20/2008,TIW,WA,ANM,WE,Federal Contract Tower,0,1,8,0,9,0,2,86,0,88,0,3,94,0,97,78,0,78,175
07/21/2008,TIW,WA,ANM,WE,Federal Contract Tower,0,6,45,1,52,0,6,63,0,69,0,12,108,1,121,79,0,79,200
07/22/2008,TIW,WA,ANM,WE,Federal Contract Tower,0,1,56,0,57,0,0,62,3,65,0,1,118,3,122,76,0,76,198
07/23/2008,TIW,WA,ANM,WE,Federal Contract Tower,0,7,51,0,58,0,11,95,6,112,0,18,146,6,170,137,0,137,307
07/24/2008,TIW,WA,ANM,WE,Federal Contract Tower,0,7,33,2,42,0,4,102,0,106,0,11,135,2,148,78,0,78,226
07/25/2008,TIW,WA,ANM,WE,Federal Contract Tower,0,1,44,0,45,0,1,64,0,65,0,2,108,0,110,114,0,114,224
07/26/2008,TIW,WA,ANM,WE,Federal Contract Tower,0,0,15,0,15,0,0,86,1,87,0,0,101,1,102,122,0,122,224
07/27/2008,TIW,WA,ANM,WE,Federal Contract Tower,0,3,30,0,33,0,0,36,0,36,0,3,66,0,69,30,0,30,99
07/28/2008,TIW,WA,ANM,WE,Federal Contract Tower,0,2,21,0,23,0,1,48,0,49,0,3,69,0,72,42,16,58,130
07/29/2008,TIW,WA,ANM,WE,Federal Contract Tower,0,4,79,0,83,0,1,33,0,34,0,5,112,0,117,75,0,75,192
07/30/2008,TIW,WA,ANM,WE,Federal Contract Tower,0,2,76,0,78,0,0,113,0,113,0,2,189,0,191,144,0,144,335
07/31/2008,TIW,WA,ANM,WE,Federal Contract Tower,0,3,39,0,42,0,0,76,1,77,0,3,115,1,119,186,0,186,305
08/01/2008,TIW,WA,ANM,WE,Federal Contract Tower,0,6,23,0,29,0,3,62,0,65,0,9,85,0,94,90,0,90,184
08/02/2008,TIW,WA,ANM,WE,Federal Contract Tower,0,1,47,0,48,0,0,72,0,72,0,1,119,0,120,108,0,108,228
08/03/2008,TIW,WA,ANM,WE,Federal Contract Tower,0,7,29,1,37,0,2,49,0,51,0,9,78,1,88,44,0,44,132
08/04/2008,TIW,WA,ANM,WE,Federal Contract Tower,0,4,51,0,55,0,2,87,0,89,0,6,138,0,144,110,0,110,254
08/05/2008,TIW,WA,ANM,WE,Federal Contract Tower,0,0,49,1,50,0,0,58,4,62,0,0,107,5,112,106,0,106,218
08/06/2008,TIW,WA,ANM,WE,Federal Contract Tower,0,1,86,0,87,0,1,94,0,95,0,2,180,0,182,86,0,86,268
08/07/2008,TIW,WA,ANM,WE,Federal Contract Tower,0,4,53,0,57,0,0,78,1,79,0,4,131,1,136,84,0,84,220
08/08/2008,TIW,WA,ANM,WE,Federal Contract Tower,0,1,39,2,42,0,0,81,7,88,0,1,120,9,130,102,4,106,236
08/09/2008,TIW,WA,ANM,WE,Federal Contract Tower,0,0,25,0,25,0,0,55,0,55,0,0,80,0,80,58,0,58,138
08/10/2008,TIW,WA,ANM,WE,Federal Contract Tower,0,2,19,0,21,0,0,74,0,74,0,2,93,0,95,65,0,65,160
08/11/2008,TIW,WA,ANM,WE,Federal Contract Tower,0,15,12,2,29,0,2,77,0,79,0,17,89,2,108,66,0,66,174
08/12/2008,TIW,WA,ANM,WE,Federal Contract Tower,0,6,58,0,64,0,4,65,0,69,0,10,123,0,133,140,0,140,273
08/13/2008,TIW,WA,ANM,WE,Federal Contract Tower,0,9,38,0,47,0,5,110,0,115,0,14,148,0,162,144,0,144,306
08/14/2008,TIW,WA,ANM,WE,Federal Contract Tower,0,5,44,0,49,0,0,85,0,85,0,5,129,0,134,84,0,84,218
08/15/2008,TIW,WA,ANM,WE,Federal Contract Tower,0,3,32,0,35,0,0,119,0,119,0,3,151,0,154,120,0,120,274
08/16/2008,TIW,WA,ANM,WE,Federal Contract Tower,0,0,26,0,26,0,0,99,0,99,0,0,125,0,125,66,0,66,191
08/17/2008,TIW,WA,ANM,WE,Federal Contract Tower,0,14,28,0,42,0,2,56,0,58,0,16,84,0,100,56,0,56,156
08/18/2008,TIW,WA,ANM,WE,Federal Contract Tower,0,7,14,0,21,0,0,7,0,7,0,7,21,0,28,4,0,4,32
08/19/2008,TIW,WA,ANM,WE,Federal Contract Tower,0,7,19,0,26,0,0,39,6,45,0,7,58,6,71,86,0,86,157
08/20/2008,TIW,WA,ANM,WE,Federal Contract Tower,1,6,16,0,23,0,0,28,0,28,1,6,44,0,51,33,0,33,84
08/21/2008,TIW,WA,ANM,WE,Federal Contract Tower,0,12,36,0,48,0,1,62,0,63,0,13,98,0,111,76,0,76,187
08/22/2008,TIW,WA,ANM,WE,Federal Contract Tower,0,3,23,0,26,0,0,133,0,133,0,3,156,0,159,174,0,174,333
08/23/2008,TIW,WA,ANM,WE,Federal Contract Tower,0,2,29,0,31,0,0,165,2,167,0,2,194,2,198,166,0,166,364
08/24/2008,TIW,WA,ANM,WE,Federal Contract Tower,0,0,10,0,10,0,0,45,0,45,0,0,55,0,55,40,0,40,95
08/25/2008,TIW,WA,ANM,WE,Federal Contract Tower,0,10,28,0,38,0,1,62,0,63,0,11,90,0,101,98,0,98,199
08/26/2008,TIW,WA,ANM,WE,Federal Contract Tower,0,3,30,2,35,0,2,56,4,62,0,5,86,6,97,155,6,161,258
08/27/2008,TIW,WA,ANM,WE,Federal Contract Tower,0,3,27,0,30,0,0,41,2,43,0,3,68,2,73,59,0,59,132
08/28/2008,TIW,WA,ANM,WE,Federal Contract Tower,0,1,39,0,40,0,1,53,0,54,0,2,92,0,94,52,0,52,146
08/29/2008,TIW,WA,ANM,WE,Federal Contract Tower,0,5,23,2,30,0,2,84,0,86,0,7,107,2,116,113,0,113,229
08/30/2008,TIW,WA,ANM,WE,Federal Contract Tower,0,1,18,0,19,0,0,94,0,94,0,1,112,0,113,184,0,184,297
08/31/2008,TIW,WA,ANM,WE,Federal Contract Tower,0,3,5,0,8,0,0,37,0,37,0,3,42,0,45,46,0,46,91
09/01/2008,TIW,WA,ANM,WE,Federal Contract Tower,0,2,16,0,18,0,0,66,0,66,0,2,82,0,84,88,0,88,172
09/02/2008,TIW,WA,ANM,WE,Federal Contract Tower,0,8,42,0,50,0,0,65,0,65,0,8,107,0,115,164,0,164,279
09/03/2008,TIW,WA,ANM,WE,Federal Contract Tower,0,2,51,0,53,0,2,93,1,96,0,4,144,1,149,85,0,85,234
09/04/2008,TIW,WA,ANM,WE,Federal Contract Tower,0,0,30,1,31,0,0,102,0,102,0,0,132,1,133,124,0,124,257
09/05/2008,TIW,WA,ANM,WE,Federal Contract Tower,0,0,0,0,0,0,1,116,0,117,0,1,116,0,117,168,0,168,285
09/06/2008,TIW,WA,ANM,WE,Federal Contract Tower,0,2,33,0,35,0,0,74,0,74,0,2,107,0,109,160,0,160,269
09/07/2008,TIW,WA,ANM,WE,Federal Contract Tower,0,1,19,0,20,0,0,71,1,72,0,1,90,1,92,60,0,60,152
09/08/2008,TIW,WA,ANM,WE,Federal Contract Tower,0,4,24,0,28,0,2,79,0,81,0,6,103,0,109,80,0,80,189
09/09/2008,TIW,WA,ANM,WE,Federal Contract Tower,0,4,25,0,29,0,1,83,0,84,0,5,108,0,113,71,0,71,184
09/10/2008,TIW,WA,ANM,WE,Federal Contract Tower,0,2,26,0,28,0,0,79,0,79,0,2,105,0,107,81,0,81,188
09/11/2008,TIW,WA,ANM,WE,Federal Contract Tower,0,11,21,0,32,0,0,94,0,94,0,11,115,0,126,76,0,76,202
09/12/2008,TIW,WA,ANM,WE,Federal Contract Tower,0,1,26,0,27,0,0,89,0,89,0,1,115,0,116,168,0,168,284
09/13/2008,TIW,WA,ANM,WE,Federal Contract Tower,0,0,18,0,18,0,0,69,0,69,0,0,87,0,87,68,0,68,155
09/14/2008,TIW,WA,ANM,WE,Federal Contract Tower,0,0,28,0,28,0,0,101,0,101,0,0,129,0,129,98,0,98,227
09/15/2008,TIW,WA,ANM,WE,Federal Contract Tower,0,2,12,0,14,0,3,74,0,77,0,5,86,0,91,107,0,107,198
09/16/2008,TIW,WA,ANM,WE,Federal Contract Tower,0,0,15,0,15,0,0,95,4,99,0,0,110,4,114,110,0,110,224
09/17/2008,TIW,WA,ANM,WE,Federal Contract Tower,0,5,37,0,42,0,0,93,0,93,0,5,130,0,135,108,2,110,245
09/18/2008,TIW,WA,ANM,WE,Federal Contract Tower,0,2,35,0,37,0,0,23,0,23,0,2,58,0,60,28,0,28,88
09/19/2008,TIW,WA,ANM,WE,Federal Contract Tower,0,0,15,0,15,0,0,15,0,15,0,0,30,0,30,18,0,18,48
09/20/2008,TIW,WA,ANM,WE,Federal Contract Tower,0,1,11,0,12,0,0,4,0,4,0,1,15,0,16,8,0,8,24
09/21/2008,TIW,WA,ANM,WE,Federal Contract Tower,0,0,34,0,34,0,0,28,0,28,0,0,62,0,62,12,0,12,74
09/22/2008,TIW,WA,ANM,WE,Federal Contract Tower,0,1,23,0,24,0,2,57,1,60,0,3,80,1,84,35,0,35,119
09/23/2008,TIW,WA,ANM,WE,Federal Contract Tower,0,2,22,0,24,0,0,88,0,88,0,2,110,0,112,86,0,86,198
09/24/2008,TIW,WA,ANM,WE,Federal Contract Tower,0,4,19,0,23,0,1,50,1,52,0,5,69,1,75,42,0,42,117
09/25/2008,TIW,WA,ANM,WE,Federal Contract Tower,0,2,19,0,21,2,0,42,0,44,2,2,61,0,65,66,0,66,131
09/26/2008,TIW,WA,ANM,WE,Federal Contract Tower,0,0,28,0,28,0,34,0,0,34,0,34,28,0,62,62,0,62,124
09/27/2008,TIW,WA,ANM,WE,Federal Contract Tower,0,5,16,0,21,0,0,143,0,143,0,5,159,0,164,162,0,162,326
09/28/2008,TIW,WA,ANM,WE,Federal Contract Tower,0,2,25,0,27,0,0,109,0,109,0,2,134,0,136,128,0,128,264
09/29/2008,TIW,WA,ANM,WE,Federal Contract Tower,0,1,23,0,24,0,1,97,0,98,0,2,120,0,122,74,0,74,196
09/30/2008,TIW,WA,ANM,WE,Federal Contract Tower,0,3,28,0,31,0,1,79,0,80,0,4,107,0,111,68,0,68,179
10/01/2008,TIW,WA,ANM,WE,Federal Contract Tower,0,0,20,0,20,0,0,48,2,50,0,0,68,2,70,74,0,74,144
10/02/2008,TIW,WA,ANM,WE,Federal Contract Tower,0,8,33,2,43,0,0,42,0,42,0,8,75,2,85,50,0,50,135
10/03/2008,TIW,WA,ANM,WE,Federal Contract Tower,0,2,28,0,30,0,0,30,0,30,0,2,58,0,60,30,0,30,90
10/04/2008,TIW,WA,ANM,WE,Federal Contract Tower,0,0,17,1,18,0,0,8,1,9,0,0,25,2,27,0,0,0,27
10/05/2008,TIW,WA,ANM,WE,Federal Contract Tower,0,0,32,0,32,0,70,2,0,72,0,70,34,0,104,157,0,157,261
10/06/2008,TIW,WA,ANM,WE,Federal Contract Tower,0,7,18,0,25,0,0,0,0,0,0,7,18,0,25,0,0,0,25
10/07/2008,TIW,WA,ANM,WE,Federal Contract Tower,0,5,24,0,29,0,0,15,0,15,0,5,39,0,44,20,0,20,64
10/08/2008,TIW,WA,ANM,WE,Federal Contract Tower,0,4,65,0,69,0,0,67,3,70,0,4,132,3,139,105,0,105,244
10/09/2008,TIW,WA,ANM,WE,Federal Contract Tower,0,1,41,0,42,0,3,67,2,72,0,4,108,2,114,46,0,46,160
10/10/2008,TIW,WA,ANM,WE,Federal Contract Tower,0,3,39,0,42,0,3,78,2,83,0,6,117,2,125,64,0,64,189
10/11/2008,TIW,WA,ANM,WE,Federal Contract Tower,0,10,21,0,31,0,0,72,0,72,0,10,93,0,103,82,0,82,185
10/12/2008,TIW,WA,ANM,WE,Federal Contract Tower,0,4,7,0,11,0,0,140,0,140,0,4,147,0,151,119,0,119,270
10/13/2008,TIW,WA,ANM,WE,Federal Contract Tower,0,1,28,0,29,0,0,8,0,8,0,1,36,0,37,16,0,16,53
10/14/2008,TIW,WA,ANM,WE,Federal Contract Tower,0,0,41,0,41,0,5,56,0,61,0,5,97,0,102,95,0,95,197
10/15/2008,TIW,WA,ANM,WE,Federal Contract Tower,0,0,25,0,25,0,0,52,0,52,0,0,77,0,77,48,0,48,125
10/16/2008,TIW,WA,ANM,WE,Federal Contract Tower,0,1,39,0,40,0,0,45,6,51,0,1,84,6,91,40,0,40,131
10/17/2008,TIW,WA,ANM,WE,Federal Contract Tower,0,0,34,0,34,0,0,51,0,51,0,0,85,0,85,92,0,92,177
10/18/2008,TIW,WA,ANM,WE,Federal Contract Tower,0,0,39,0,39,0,0,114,0,114,0,0,153,0,153,114,0,114,267
10/19/2008,TIW,WA,ANM,WE,Federal Contract Tower,0,1,31,0,32,0,0,66,0,66,0,1,97,0,98,78,0,78,176
10/20/2008,TIW,WA,ANM,WE,Federal Contract Tower,0,2,11,0,13,0,1,5,0,6,0,3,16,0,19,0,0,0,19
10/21/2008,TIW,WA,ANM,WE,Federal Contract Tower,0,1,16,1,18,0,0,64,5,69,0,1,80,6,87,52,0,52,139
10/22/2008,TIW,WA,ANM,WE,Federal Contract Tower,0,4,43,0,47,0,0,96,0,96,0,4,139,0,143,96,0,96,239
10/23/2008,TIW,WA,ANM,WE,Federal Contract Tower,0,0,36,0,36,0,0,29,0,29,0,0,65,0,65,32,0,32,97
10/24/2008,TIW,WA,ANM,WE,Federal Contract Tower,0,1,27,0,28,0,0,37,0,37,0,1,64,0,65,56,0,56,121
10/25/2008,TIW,WA,ANM,WE,Federal Contract Tower,0,0,39,0,39,0,0,73,2,75,0,0,112,2,114,68,0,68,182
10/26/2008,TIW,WA,ANM,WE,Federal Contract Tower,0,1,9,0,10,0,1,117,2,120,0,2,126,2,130,87,0,87,217
10/27/2008,TIW,WA,ANM,WE,Federal Contract Tower,0,4,7,0,11,0,0,85,0,85,0,4,92,0,96,87,0,87,183
10/28/2008,TIW,WA,ANM,WE,Federal Contract Tower,0,1,19,0,20,0,0,34,0,34,0,1,53,0,54,60,0,60,114
10/29/2008,TIW,WA,ANM,WE,Federal Contract Tower,0,1,41,0,42,0,0,110,0,110,0,1,151,0,152,76,4,80,232
10/30/2008,TIW,WA,ANM,WE,Federal Contract Tower,0,1,33,0,34,0,0,48,0,48,0,1,81,0,82,59,0,59,141
10/31/2008,TIW,WA,ANM,WE,Federal Contract Tower,0,12,29,2,43,0,0,6,0,6,0,12,35,2,49,0,0,0,49
11/01/2008,TIW,WA,ANM,WE,Federal Contract Tower,0,6,30,0,36,0,1,75,1,77,0,7,105,1,113,84,0,84,197
11/02/2008,TIW,WA,ANM,WE,Federal Contract Tower,0,0,12,0,12,0,0,9,0,9,0,0,21,0,21,33,0,33,54
11/03/2008,TIW,WA,ANM,WE,Federal Contract Tower,0,5,35,0,40,0,0,10,0,10,0,5,45,0,50,0,0,0,50
11/04/2008,TIW,WA,ANM,WE,Federal Contract Tower,0,0,30,0,30,0,0,28,0,28,0,0,58,0,58,31,0,31,89
11/05/2008,TIW,WA,ANM,WE,Federal Contract Tower,0,1,24,0,25,0,0,77,2,79,0,1,101,2,104,58,0,58,162
11/06/2008,TIW,WA,ANM,WE,Federal Contract Tower,0,2,21,0,23,0,0,2,0,2,0,2,23,0,25,0,0,0,25
11/07/2008,TIW,WA,ANM,WE,Federal Contract Tower,0,1,20,0,21,0,0,22,0,22,0,1,42,0,43,30,0,30,73
11/08/2008,TIW,WA,ANM,WE,Federal Contract Tower,0,1,21,0,22,0,0,18,0,18,0,1,39,0,40,14,0,14,54
11/09/2008,TIW,WA,ANM,WE,Federal Contract Tower,0,0,52,0,52,0,0,35,0,35,0,0,87,0,87,70,0,70,157
11/10/2008,TIW,WA,ANM,WE,Federal Contract Tower,0,1,28,0,29,0,2,46,2,50,0,3,74,2,79,73,0,73,152
11/11/2008,TIW,WA,ANM,WE,Federal Contract Tower,0,0,17,0,17,0,0,5,0,5,0,0,22,0,22,10,0,10,32
11/12/2008,TIW,WA,ANM,WE,Federal Contract Tower,0,0,19,0,19,0,0,1,0,1,0,0,20,0,20,0,0,0,20
11/13/2008,TIW,WA,ANM,WE,Federal Contract Tower,0,4,43,0,47,0,1,86,0,87,0,5,129,0,134,84,0,84,218
11/14/2008,TIW,WA,ANM,WE,Federal Contract Tower,0,2,50,0,52,0,1,92,0,93,0,3,142,0,145,202,0,202,347
11/15/2008,TIW,WA,ANM,WE,Federal Contract Tower,0,0,24,0,24,0,0,146,2,148,0,0,170,2,172,190,0,190,362
11/16/2008,TIW,WA,ANM,WE,Federal Contract Tower,0,0,19,4,23,0,0,22,0,22,0,0,41,4,45,16,2,18,63
11/17/2008,TIW,WA,ANM,WE,Federal Contract Tower,0,1,39,0,40,0,1,51,0,52,0,2,90,0,92,50,0,50,142
11/18/2008,TIW,WA,ANM,WE,Federal Contract Tower,0,1,23,2,26,0,0,15,0,15,0,1,38,2,41,48,0,48,89
11/19/2008,TIW,WA,ANM,WE,Federal Contract Tower,0,0,19,0,19,0,0,54,0,54,0,0,73,0,73,28,0,28,101
11/20/2008,TIW,WA,ANM,WE,Federal Contract Tower,0,0,17,2,19,0,0,11,0,11,0,0,28,2,30,22,0,22,52
11/21/2008,TIW,WA,ANM,WE,Federal Contract Tower,0,0,39,0,39,0,0,54,10,64,0,0,93,10,103,28,0,28,131
11/22/2008,TIW,WA,ANM,WE,Federal Contract Tower,0,0,19,0,19,0,0,71,3,74,0,0,90,3,93,44,0,44,137
11/23/2008,TIW,WA,ANM,WE,Federal Contract Tower,0,2,33,0,35,0,0,117,0,117,0,2,150,0,152,93,0,93,245
11/24/2008,TIW,WA,ANM,WE,Federal Contract Tower,0,1,29,2,32,0,1,45,0,46,0,2,74,2,78,44,0,44,122
11/25/2008,TIW,WA,ANM,WE,Federal Contract Tower,0,2,18,0,20,0,0,12,0,12,0,2,30,0,32,14,0,14,46
11/26/2008,TIW,WA,ANM,WE,Federal Contract Tower,0,4,36,0,40,0,0,63,0,63,0,4,99,0,103,72,0,72,175
11/27/2008,TIW,WA,ANM,WE,Federal Contract Tower,0,0,4,0,4,0,0,17,0,17,0,0,21,0,21,8,0,8,29
11/28/2008,TIW,WA,ANM,WE,Federal Contract Tower,0,0,25,0,25,0,0,22,0,22,0,0,47,0,47,0,0,0,47
11/29/2008,TIW,WA,ANM,WE,Federal Contract Tower,0,0,31,0,31,0,0,23,0,23,0,0,54,0,54,10,0,10,64
11/30/2008,TIW,WA,ANM,WE,Federal Contract Tower,0,0,23,0,23,0,0,0,0,0,0,0,23,0,23,0,0,0,23
12/01/2008,TIW,WA,ANM,WE,Federal Contract Tower,0,5,13,0,18,0,1,21,0,22,0,6,34,0,40,22,0,22,62
12/02/2008,TIW,WA,ANM,WE,Federal Contract Tower,0,0,7,0,7,0,0,5,4,9,0,0,12,4,16,9,0,9,25
12/03/2008,TIW,WA,ANM,WE,Federal Contract Tower,0,5,29,0,34,0,0,32,0,32,0,5,61,0,66,82,0,82,148
12/04/2008,TIW,WA,ANM,WE,Federal Contract Tower,0,0,51,0,51,0,0,84,0,84,0,0,135,0,135,70,2,72,207
12/05/2008,TIW,WA,ANM,WE,Federal Contract Tower,0,1,36,0,37,0,0,58,0,58,0,1,94,0,95,114,0,114,209
12/06/2008,TIW,WA,ANM,WE,Federal Contract Tower,0,1,22,4,27,0,0,105,6,111,0,1,127,10,138,128,0,128,266
12/07/2008,TIW,WA,ANM,WE,Federal Contract Tower,0,0,32,0,32,0,0,17,0,17,0,0,49,0,49,13,0,13,62
12/08/2008,TIW,WA,ANM,WE,Federal Contract Tower,0,3,21,1,25,0,0,12,0,12,0,3,33,1,37,16,0,16,53
12/09/2008,TIW,WA,ANM,WE,Federal Contract Tower,0,2,25,0,27,0,4,23,2,29,0,6,48,2,56,12,0,12,68
12/10/2008,TIW,WA,ANM,WE,Federal Contract Tower,0,0,20,0,20,0,0,7,0,7,0,0,27,0,27,28,0,28,55
12/11/2008,TIW,WA,ANM,WE,Federal Contract Tower,0,0,36,0,36,0,0,41,3,44,0,0,77,3,80,50,0,50,130
12/12/2008,TIW,WA,ANM,WE,Federal Contract Tower,0,0,7,1,8,0,0,0,0,0,0,0,7,1,8,0,0,0,8
12/13/2008,TIW,WA,ANM,WE,Federal Contract Tower,0,0,13,0,13,0,0,34,0,34,0,0,47,0,47,84,0,84,131
12/14/2008,TIW,WA,ANM,WE,Federal Contract Tower,0,0,2,0,2,0,0,4,0,4,0,0,6,0,6,0,0,0,6
12/15/2008,TIW,WA,ANM,WE,Federal Contract Tower,0,3,18,2,23,0,2,33,2,37,0,5,51,4,60,20,2,22,82
12/16/2008,TIW,WA,ANM,WE,Federal Contract Tower,0,0,35,6,41,0,3,52,4,59,0,3,87,10,100,44,2,46,146
12/17/2008,TIW,WA,ANM,WE,Federal Contract Tower,0,0,0,0,0,0,0,0,0,0,0,0,0,0,0,0,0,0,0
12/18/2008,TIW,WA,ANM,WE,Federal Contract Tower,0,1,4,0,5,0,0,1,0,1,0,1,5,0,6,0,0,0,6
12/19/2008,TIW,WA,ANM,WE,Federal Contract Tower,0,1,14,0,15,0,0,23,0,23,0,1,37,0,38,34,0,34,72
12/20/2008,TIW,WA,ANM,WE,Federal Contract Tower,0,0,5,0,5,0,0,15,0,15,0,0,20,0,20,0,0,0,20
12/21/2008,TIW,WA,ANM,WE,Federal Contract Tower,0,0,0,0,0,0,0,2,0,2,0,0,2,0,2,0,0,0,2
12/22/2008,TIW,WA,ANM,WE,Federal Contract Tower,0,0,0,0,0,0,8,0,0,8,0,8,0,0,8,0,0,0,8
12/23/2008,TIW,WA,ANM,WE,Federal Contract Tower,0,1,8,2,11,0,2,7,0,9,0,3,15,2,20,36,0,36,56
12/24/2008,TIW,WA,ANM,WE,Federal Contract Tower,0,2,0,0,2,0,0,0,0,0,0,2,0,0,2,0,0,0,2
12/25/2008,TIW,WA,ANM,WE,Federal Contract Tower,0,0,0,0,0,0,0,2,0,2,0,0,2,0,2,0,0,0,2
12/26/2008,TIW,WA,ANM,WE,Federal Contract Tower,9,0,0,0,9,0,0,0,0,0,9,0,0,0,9,0,0,0,9
12/27/2008,TIW,WA,ANM,WE,Federal Contract Tower,0,0,9,0,9,0,0,0,0,0,0,0,9,0,9,0,0,0,9
12/28/2008,TIW,WA,ANM,WE,Federal Contract Tower,0,0,12,0,12,0,0,17,0,17,0,0,29,0,29,12,0,12,41
12/29/2008,TIW,WA,ANM,WE,Federal Contract Tower,0,6,8,0,14,0,0,4,0,4,0,6,12,0,18,7,0,7,25
12/30/2008,TIW,WA,ANM,WE,Federal Contract Tower,0,0,16,0,16,0,0,56,0,56,0,0,72,0,72,80,0,80,152
12/31/2008,TIW,WA,ANM,WE,Federal Contract Tower,0,0,27,0,27,0,0,11,2,13,0,0,38,2,40,28,0,28,68
01/01/2009,TIW,WA,ANM,WE,Federal Contract Tower,0,0,0,0,0,0,0,2,0,2,0,0,2,0,2,0,0,0,2
01/02/2009,TIW,WA,ANM,WE,Federal Contract Tower,0,0,41,0,41,0,0,30,0,30,0,0,71,0,71,14,0,14,85
01/03/2009,TIW,WA,ANM,WE,Federal Contract Tower,0,0,7,0,7,0,0,40,1,41,0,0,47,1,48,98,0,98,146
01/04/2009,TIW,WA,ANM,WE,Federal Contract Tower,0,0,22,0,22,0,0,31,0,31,0,0,53,0,53,60,0,60,113
01/05/2009,TIW,WA,ANM,WE,Federal Contract Tower,0,2,10,0,12,0,0,5,2,7,0,2,15,2,19,0,0,0,19
01/06/2009,TIW,WA,ANM,WE,Federal Contract Tower,0,0,12,0,12,0,0,0,0,0,0,0,12,0,12,0,0,0,12
01/07/2009,TIW,WA,ANM,WE,Federal Contract Tower,0,1,7,0,8,0,0,0,0,0,0,1,7,0,8,0,0,0,8
01/08/2009,TIW,WA,ANM,WE,Federal Contract Tower,0,1,18,0,19,0,1,27,0,28,0,2,45,0,47,6,0,6,53
01/09/2009,TIW,WA,ANM,WE,Federal Contract Tower,0,6,36,0,42,0,2,55,1,58,0,8,91,1,100,112,0,112,212
01/10/2009,TIW,WA,ANM,WE,Federal Contract Tower,0,0,39,0,39,0,0,79,0,79,0,0,118,0,118,52,0,52,170
01/11/2009,TIW,WA,ANM,WE,Federal Contract Tower,0,0,13,1,14,0,0,0,0,0,0,0,13,1,14,0,0,0,14
01/12/2009,TIW,WA,ANM,WE,Federal Contract Tower,0,2,8,0,10,0,0,0,0,0,0,2,8,0,10,0,0,0,10
01/13/2009,TIW,WA,ANM,WE,Federal Contract Tower,0,12,31,0,43,0,3,37,0,40,0,15,68,0,83,82,0,82,165
01/14/2009,TIW,WA,ANM,WE,Federal Contract Tower,0,1,23,1,25,0,0,33,0,33,0,1,56,1,58,38,0,38,96
01/15/2009,TIW,WA,ANM,WE,Federal Contract Tower,0,2,17,0,19,0,0,0,4,4,0,2,17,4,23,20,0,20,43
01/16/2009,TIW,WA,ANM,WE,Federal Contract Tower,0,0,13,0,13,0,0,0,0,0,0,0,13,0,13,0,0,0,13
01/17/2009,TIW,WA,ANM,WE,Federal Contract Tower,0,0,15,0,15,0,0,10,0,10,0,0,25,0,25,14,0,14,39
01/18/2009,TIW,WA,ANM,WE,Federal Contract Tower,0,0,19,0,19,0,0,25,0,25,0,0,44,0,44,30,0,30,74
01/19/2009,TIW,WA,ANM,WE,Federal Contract Tower,0,0,27,0,27,0,0,0,0,0,0,0,27,0,27,0,0,0,27
01/20/2009,TIW,WA,ANM,WE,Federal Contract Tower,0,0,8,0,8,0,0,0,0,0,0,0,8,0,8,0,0,0,8
01/21/2009,TIW,WA,ANM,WE,Federal Contract Tower,0,0,21,0,21,0,0,0,0,0,0,0,21,0,21,0,0,0,21
01/22/2009,TIW,WA,ANM,WE,Federal Contract Tower,0,2,34,0,36,0,0,0,0,0,0,2,34,0,36,0,0,0,36
01/23/2009,TIW,WA,ANM,WE,Federal Contract Tower,0,0,33,0,33,0,0,35,0,35,0,0,68,0,68,30,0,30,98
01/24/2009,TIW,WA,ANM,WE,Federal Contract Tower,0,0,27,0,27,0,0,57,0,57,0,0,84,0,84,138,0,138,222
01/25/2009,TIW,WA,ANM,WE,Federal Contract Tower,0,0,19,0,19,0,0,31,0,31,0,0,50,0,50,46,0,46,96
01/26/2009,TIW,WA,ANM,WE,Federal Contract Tower,0,1,23,0,24,0,1,118,0,119,0,2,141,0,143,69,0,69,212
01/27/2009,TIW,WA,ANM,WE,Federal Contract Tower,0,0,0,0,0,0,0,0,0,0,0,0,0,0,0,0,0,0,0
01/28/2009,TIW,WA,ANM,WE,Federal Contract Tower,0,0,20,0,20,0,0,38,0,38,0,0,58,0,58,72,0,72,130
01/29/2009,TIW,WA,ANM,WE,Federal Contract Tower,0,0,41,4,45,0,0,24,0,24,0,0,65,4,69,36,0,36,105
01/30/2009,TIW,WA,ANM,WE,Federal Contract Tower,0,0,23,0,23,0,0,27,0,27,0,0,50,0,50,10,0,10,60
01/31/2009,TIW,WA,ANM,WE,Federal Contract Tower,0,0,70,0,70,0,0,106,3,109,0,0,176,3,179,130,0,130,309
02/01/2009,TIW,WA,ANM,WE,Federal Contract Tower,0,0,8,0,8,0,0,30,0,30,0,0,38,0,38,23,0,23,61
02/02/2009,TIW,WA,ANM,WE,Federal Contract Tower,0,1,33,0,34,0,3,54,0,57,0,4,87,0,91,65,0,65,156
02/03/2009,TIW,WA,ANM,WE,Federal Contract Tower,0,1,50,0,51,0,0,81,0,81,0,1,131,0,132,64,0,64,196
02/04/2009,TIW,WA,ANM,WE,Federal Contract Tower,0,1,34,0,35,0,0,84,0,84,0,1,118,0,119,50,0,50,169
02/05/2009,TIW,WA,ANM,WE,Federal Contract Tower,0,2,61,0,63,0,0,40,0,40,0,2,101,0,103,58,0,58,161
02/06/2009,TIW,WA,ANM,WE,Federal Contract Tower,0,2,29,0,31,0,0,7,0,7,0,2,36,0,38,10,0,10,48
02/07/2009,TIW,WA,ANM,WE,Federal Contract Tower,0,0,33,0,33,0,0,19,0,19,0,0,52,0,52,16,0,16,68
02/08/2009,TIW,WA,ANM,WE,Federal Contract Tower,0,0,36,0,36,0,0,57,0,57,0,0,93,0,93,67,0,67,160
02/09/2009,TIW,WA,ANM,WE,Federal Contract Tower,0,1,27,0,28,0,3,23,0,26,0,4,50,0,54,20,0,20,74
02/10/2009,TIW,WA,ANM,WE,Federal Contract Tower,0,4,19,4,27,0,0,0,0,0,0,4,19,4,27,0,0,0,27
02/11/2009,TIW,WA,ANM,WE,Federal Contract Tower,0,2,31,0,33,0,0,96,2,98,0,2,127,2,131,71,2,73,204
02/12/2009,TIW,WA,ANM,WE,Federal Contract Tower,0,1,40,0,41,0,1,44,0,45,0,2,84,0,86,142,0,142,228
02/13/2009,TIW,WA,ANM,WE,Federal Contract Tower,0,0,53,0,53,0,0,47,0,47,0,0,100,0,100,24,0,24,124
02/14/2009,TIW,WA,ANM,WE,Federal Contract Tower,0,1,23,0,24,0,0,82,0,82,0,1,105,0,106,52,0,52,158
02/15/2009,TIW,WA,ANM,WE,Federal Contract Tower,0,1,12,0,13,0,0,61,2,63,0,1,73,2,76,38,0,38,114
02/16/2009,TIW,WA,ANM,WE,Federal Contract Tower,0,1,43,0,44,0,1,60,5,66,0,2,103,5,110,79,0,79,189
02/17/2009,TIW,WA,ANM,WE,Federal Contract Tower,0,0,50,0,50,0,0,64,2,66,0,0,114,2,116,39,6,45,161
02/18/2009,TIW,WA,ANM,WE,Federal Contract Tower,0,0,19,0,19,0,0,70,2,72,0,0,89,2,91,86,0,86,177
02/19/2009,TIW,WA,ANM,WE,Federal Contract Tower,0,2,37,0,39,0,0,83,0,83,0,2,120,0,122,72,0,72,194
02/20/2009,TIW,WA,ANM,WE,Federal Contract Tower,0,4,16,1,21,0,0,89,1,90,0,4,105,2,111,98,0,98,209
02/21/2009,TIW,WA,ANM,WE,Federal Contract Tower,0,0,20,2,22,0,0,107,0,107,0,0,127,2,129,94,0,94,223
02/22/2009,TIW,WA,ANM,WE,Federal Contract Tower,0,0,28,0,28,0,0,41,0,41,0,0,69,0,69,68,0,68,137
02/23/2009,TIW,WA,ANM,WE,Federal Contract Tower,0,1,32,0,33,0,1,27,0,28,0,2,59,0,61,11,0,11,72
02/24/2009,TIW,WA,ANM,WE,Federal Contract Tower,0,0,20,0,20,0,0,0,0,0,0,0,20,0,20,0,4,4,24
02/25/2009,TIW,WA,ANM,WE,Federal Contract Tower,0,0,21,0,21,0,0,18,0,18,0,0,39,0,39,13,0,13,52
02/26/2009,TIW,WA,ANM,WE,Federal Contract Tower,0,0,31,0,31,0,0,30,0,30,0,0,61,0,61,18,0,18,79
02/27/2009,TIW,WA,ANM,WE,Federal Contract Tower,0,0,44,0,44,0,0,108,0,108,0,0,152,0,152,148,0,148,300
02/28/2009,TIW,WA,ANM,WE,Federal Contract Tower,0,0,33,0,33,0,0,70,2,72,0,0,103,2,105,60,2,62,167
03/01/2009,TIW,WA,ANM,WE,Federal Contract Tower,0,2,20,0,22,0,2,7,2,11,0,4,27,2,33,30,6,36,69
03/02/2009,TIW,WA,ANM,WE,Federal Contract Tower,0,2,8,0,10,0,4,18,1,23,0,6,26,1,33,32,0,32,65
03/03/2009,TIW,WA,ANM,WE,Federal Contract Tower,0,0,39,0,39,0,0,59,0,59,0,0,98,0,98,58,0,58,156
03/04/2009,TIW,WA,ANM,WE,Federal Contract Tower,0,0,19,0,19,0,0,30,0,30,0,0,49,0,49,6,0,6,55
03/05/2009,TIW,WA,ANM,WE,Federal Contract Tower,0,1,17,0,18,0,0,32,0,32,0,1,49,0,50,36,0,36,86
03/06/2009,TIW,WA,ANM,WE,Federal Contract Tower,0,0,50,0,50,0,0,98,0,98,0,0,148,0,148,136,2,138,286
03/07/2009,TIW,WA,ANM,WE,Federal Contract Tower,0,0,7,0,7,0,0,6,0,6,0,0,13,0,13,2,0,2,15
03/08/2009,TIW,WA,ANM,WE,Federal Contract Tower,0,0,15,0,15,0,0,3,0,3,0,0,18,0,18,0,0,0,18
03/09/2009,TIW,WA,ANM,WE,Federal Contract Tower,0,1,10,0,11,0,1,3,0,4,0,2,13,0,15,0,0,0,15
03/10/2009,TIW,WA,ANM,WE,Federal Contract Tower,0,0,26,0,26,0,2,53,0,55,0,2,79,0,81,87,0,87,168
03/11/2009,TIW,WA,ANM,WE,Federal Contract Tower,0,2,52,0,54,0,0,71,0,71,0,2,123,0,125,57,0,57,182
03/12/2009,TIW,WA,ANM,WE,Federal Contract Tower,0,2,40,0,42,0,0,0,0,0,0,2,40,0,42,96,0,96,138
03/13/2009,TIW,WA,ANM,WE,Federal Contract Tower,0,0,20,0,20,0,0,65,2,67,0,0,85,2,87,126,0,126,213
03/14/2009,TIW,WA,ANM,WE,Federal Contract Tower,0,0,12,0,12,0,0,1,0,1,0,0,13,0,13,0,0,0,13
03/15/2009,TIW,WA,ANM,WE,Federal Contract Tower,0,0,2,0,2,0,0,1,0,1,0,0,3,0,3,2,0,2,5
03/16/2009,TIW,WA,ANM,WE,Federal Contract Tower,0,2,10,0,12,0,0,1,0,1,0,2,11,0,13,0,0,0,13
03/17/2009,TIW,WA,ANM,WE,Federal Contract Tower,0,0,18,0,18,0,0,24,0,24,0,0,42,0,42,34,0,34,76
03/18/2009,TIW,WA,ANM,WE,Federal Contract Tower,0,0,49,0,49,0,0,47,0,47,0,0,96,0,96,22,0,22,118
03/19/2009,TIW,WA,ANM,WE,Federal Contract Tower,0,0,31,0,31,0,0,3,0,3,0,0,34,0,34,0,0,0,34
03/20/2009,TIW,WA,ANM,WE,Federal Contract Tower,0,0,11,0,11,0,0,9,0,9,0,0,20,0,20,16,0,16,36
03/21/2009,TIW,WA,ANM,WE,Federal Contract Tower,0,0,24,0,24,0,0,53,0,53,0,0,77,0,77,98,0,98,175
03/22/2009,TIW,WA,ANM,WE,Federal Contract Tower,0,0,35,0,35,0,0,23,0,23,0,0,58,0,58,16,0,16,74
03/23/2009,TIW,WA,ANM,WE,Federal Contract Tower,0,2,30,0,32,0,0,12,0,12,0,2,42,0,44,12,0,12,56
03/24/2009,TIW,WA,ANM,WE,Federal Contract Tower,0,1,14,0,15,0,0,9,0,9,0,1,23,0,24,0,0,0,24
03/25/2009,TIW,WA,ANM,WE,Federal Contract Tower,0,2,3,0,5,0,0,8,0,8,0,2,11,0,13,6,0,6,19
03/26/2009,TIW,WA,ANM,WE,Federal Contract Tower,0,0,63,0,63,0,0,107,1,108,0,0,170,1,171,60,0,60,231
03/27/2009,TIW,WA,ANM,WE,Federal Contract Tower,0,0,23,2,25,0,1,15,0,16,0,1,38,2,41,24,0,24,65
03/28/2009,TIW,WA,ANM,WE,Federal Contract Tower,0,0,4,0,4,0,0,0,0,0,0,0,4,0,4,0,0,0,4
03/29/2009,TIW,WA,ANM,WE,Federal Contract Tower,0,0,29,0,29,0,0,88,5,93,0,0,117,5,122,91,4,95,217
03/30/2009,TIW,WA,ANM,WE,Federal Contract Tower,0,1,18,0,19,0,2,25,0,27,0,3,43,0,46,42,0,42,88
03/31/2009,TIW,WA,ANM,WE,Federal Contract Tower,0,0,5,0,5,0,0,4,0,4,0,0,9,0,9,0,0,0,9
04/01/2009,TIW,WA,ANM,WE,Federal Contract Tower,0,6,3,0,9,0,0,0,0,0,0,6,3,0,9,0,0,0,9
04/02/2009,TIW,WA,ANM,WE,Federal Contract Tower,0,7,10,0,17,0,0,5,2,7,0,7,15,2,24,0,0,0,24
04/03/2009,TIW,WA,ANM,WE,Federal Contract Tower,0,0,30,0,30,0,0,65,0,65,0,0,95,0,95,137,0,137,232
04/04/2009,TIW,WA,ANM,WE,Federal Contract Tower,0,0,37,0,37,0,0,136,0,136,0,0,173,0,173,158,0,158,331
04/05/2009,TIW,WA,ANM,WE,Federal Contract Tower,0,0,48,0,48,0,0,87,2,89,0,0,135,2,137,132,0,132,269
04/06/2009,TIW,WA,ANM,WE,Federal Contract Tower,0,1,41,1,43,0,1,80,1,82,0,2,121,2,125,77,0,77,202
04/07/2009,TIW,WA,ANM,WE,Federal Contract Tower,0,4,30,0,34,0,0,79,4,83,0,4,109,4,117,101,0,101,218
04/08/2009,TIW,WA,ANM,WE,Federal Contract Tower,0,0,55,0,55,0,0,54,0,54,0,0,109,0,109,49,0,49,158
04/09/2009,TIW,WA,ANM,WE,Federal Contract Tower,0,1,34,0,35,0,0,22,0,22,0,1,56,0,57,20,0,20,77
04/10/2009,TIW,WA,ANM,WE,Federal Contract Tower,0,6,30,0,36,0,4,0,0,4,0,10,30,0,40,8,0,8,48
04/11/2009,TIW,WA,ANM,WE,Federal Contract Tower,0,0,46,0,46,0,0,39,0,39,0,0,85,0,85,42,0,42,127
04/12/2009,TIW,WA,ANM,WE,Federal Contract Tower,0,0,8,0,8,0,0,0,0,0,0,0,8,0,8,0,0,0,8
04/13/2009,TIW,WA,ANM,WE,Federal Contract Tower,0,2,8,0,10,0,0,8,5,13,0,2,16,5,23,9,0,9,32
04/14/2009,TIW,WA,ANM,WE,Federal Contract Tower,0,8,49,0,57,0,0,58,1,59,0,8,107,1,116,79,0,79,195
04/15/2009,TIW,WA,ANM,WE,Federal Contract Tower,0,3,18,3,24,0,0,55,0,55,0,3,73,3,79,17,0,17,96
04/16/2009,TIW,WA,ANM,WE,Federal Contract Tower,0,0,29,2,31,0,1,87,8,96,0,1,116,10,127,114,2,116,243
04/17/2009,TIW,WA,ANM,WE,Federal Contract Tower,0,0,46,2,48,0,0,28,0,28,0,0,74,2,76,34,0,34,110
04/18/2009,TIW,WA,ANM,WE,Federal Contract Tower,0,0,37,0,37,0,0,72,0,72,0,0,109,0,109,36,0,36,145
04/19/2009,TIW,WA,ANM,WE,Federal Contract Tower,0,0,23,0,23,0,0,76,0,76,0,0,99,0,99,50,0,50,149
04/20/2009,TIW,WA,ANM,WE,Federal Contract Tower,0,5,21,0,26,0,1,100,3,104,0,6,121,3,130,106,9,115,245
04/21/2009,TIW,WA,ANM,WE,Federal Contract Tower,0,4,46,2,52,0,0,118,0,118,0,4,164,2,170,181,0,181,351
04/22/2009,TIW,WA,ANM,WE,Federal Contract Tower,0,1,32,0,33,0,2,33,2,37,0,3,65,2,70,10,0,10,80
04/23/2009,TIW,WA,ANM,WE,Federal Contract Tower,0,0,44,0,44,0,0,36,0,36,0,0,80,0,80,42,0,42,122
04/24/2009,TIW,WA,ANM,WE,Federal Contract Tower,0,2,25,0,27,0,0,63,7,70,0,2,88,7,97,60,0,60,157
04/25/2009,TIW,WA,ANM,WE,Federal Contract Tower,0,0,51,0,51,0,0,58,2,60,0,0,109,2,111,62,0,62,173
04/26/2009,TIW,WA,ANM,WE,Federal Contract Tower,0,0,45,2,47,0,0,37,2,39,0,0,82,4,86,25,2,27,113
04/27/2009,TIW,WA,ANM,WE,Federal Contract Tower,0,1,28,2,31,0,2,53,1,56,0,3,81,3,87,21,0,21,108
04/28/2009,TIW,WA,ANM,WE,Federal Contract Tower,0,2,23,0,25,0,0,27,0,27,0,2,50,0,52,13,0,13,65
04/29/2009,TIW,WA,ANM,WE,Federal Contract Tower,0,4,25,0,29,0,0,59,0,59,0,4,84,0,88,76,1,77,165
04/30/2009,TIW,WA,ANM,WE,Federal Contract Tower,0,6,50,0,56,0,0,79,3,82,0,6,129,3,138,114,0,114,252
05/01/2009,TIW,WA,ANM,WE,Federal Contract Tower,0,5,40,0,45,0,2,95,2,99,0,7,135,2,144,58,0,58,202
05/02/2009,TIW,WA,ANM,WE,Federal Contract Tower,0,1,32,0,33,0,0,37,0,37,0,1,69,0,70,62,0,62,132
05/03/2009,TIW,WA,ANM,WE,Federal Contract Tower,0,0,31,0,31,0,0,47,2,49,0,0,78,2,80,20,0,20,100
05/04/2009,TIW,WA,ANM,WE,Federal Contract Tower,0,2,50,0,52,0,0,37,0,37,0,2,87,0,89,64,0,64,153
05/05/2009,TIW,WA,ANM,WE,Federal Contract Tower,0,1,17,0,18,0,0,8,0,8,0,1,25,0,26,4,0,4,30
05/06/2009,TIW,WA,ANM,WE,Federal Contract Tower,0,2,34,0,36,0,6,6,0,12,0,8,40,0,48,14,0,14,62
05/07/2009,TIW,WA,ANM,WE,Federal Contract Tower,0,0,38,0,38,0,0,43,0,43,0,0,81,0,81,52,0,52,133
05/08/2009,TIW,WA,ANM,WE,Federal Contract Tower,0,2,52,0,54,0,0,100,0,100,0,2,152,0,154,84,0,84,238
05/09/2009,TIW,WA,ANM,WE,Federal Contract Tower,0,0,41,0,41,0,0,129,4,133,0,0,170,4,174,138,0,138,312
05/10/2009,TIW,WA,ANM,WE,Federal Contract Tower,0,0,6,0,6,0,0,98,0,98,0,0,104,0,104,107,0,107,211
05/11/2009,TIW,WA,ANM,WE,Federal Contract Tower,0,1,28,0,29,0,1,19,0,20,0,2,47,0,49,40,0,40,89
05/12/2009,TIW,WA,ANM,WE,Federal Contract Tower,0,8,14,1,23,0,0,28,0,28,0,8,42,1,51,23,0,23,74
05/13/2009,TIW,WA,ANM,WE,Federal Contract Tower,0,1,14,2,17,0,1,23,0,24,0,2,37,2,41,33,0,33,74
05/14/2009,TIW,WA,ANM,WE,Federal Contract Tower,0,8,32,3,43,0,2,19,0,21,0,10,51,3,64,18,0,18,82
05/15/2009,TIW,WA,ANM,WE,Federal Contract Tower,0,0,35,0,35,0,0,79,1,80,0,0,114,1,115,83,2,85,200
05/16/2009,TIW,WA,ANM,WE,Federal Contract Tower,0,0,24,0,24,0,0,122,0,122,0,0,146,0,146,128,0,128,274
05/17/2009,TIW,WA,ANM,WE,Federal Contract Tower,0,0,10,0,10,0,0,112,1,113,0,0,122,1,123,119,0,119,242
05/18/2009,TIW,WA,ANM,WE,Federal Contract Tower,0,1,20,0,21,0,3,65,6,74,0,4,85,6,95,66,0,66,161
05/19/2009,TIW,WA,ANM,WE,Federal Contract Tower,0,6,26,0,32,0,0,37,9,46,0,6,63,9,78,49,10,59,137
05/20/2009,TIW,WA,ANM,WE,Federal Contract Tower,0,2,78,1,81,0,0,51,0,51,0,2,129,1,132,36,0,36,168
05/21/2009,TIW,WA,ANM,WE,Federal Contract Tower,0,0,29,0,29,0,2,69,0,71,0,2,98,0,100,92,0,92,192
05/22/2009,TIW,WA,ANM,WE,Federal Contract Tower,0,0,61,0,61,0,0,87,1,88,0,0,148,1,149,76,0,76,225
05/23/2009,TIW,WA,ANM,WE,Federal Contract Tower,0,1,36,0,37,0,0,108,0,108,0,1,144,0,145,138,0,138,283
05/24/2009,TIW,WA,ANM,WE,Federal Contract Tower,0,1,7,0,8,0,0,62,0,62,0,1,69,0,70,20,0,20,90
05/25/2009,TIW,WA,ANM,WE,Federal Contract Tower,0,4,18,0,22,0,0,114,4,118,0,4,132,4,140,101,0,101,241
05/26/2009,TIW,WA,ANM,WE,Federal Contract Tower,0,1,22,0,23,0,1,56,5,62,0,2,78,5,85,38,16,54,139
05/27/2009,TIW,WA,ANM,WE,Federal Contract Tower,0,1,32,2,35,0,0,89,2,91,0,1,121,4,126,84,0,84,210
05/28/2009,TIW,WA,ANM,WE,Federal Contract Tower,0,6,49,0,55,0,0,58,0,58,0,6,107,0,113,46,0,46,159
05/29/2009,TIW,WA,ANM,WE,Federal Contract Tower,0,1,29,0,30,0,0,103,0,103,0,1,132,0,133,102,0,102,235
05/30/2009,TIW,WA,ANM,WE,Federal Contract Tower,0,0,21,0,21,0,0,108,0,108,0,0,129,0,129,82,0,82,211
05/31/2009,TIW,WA,ANM,WE,Federal Contract Tower,0,0,16,0,16,0,2,113,0,115,0,2,129,0,131,62,0,62,193
06/01/2009,TIW,WA,ANM,WE,Federal Contract Tower,0,1,31,0,32,0,1,50,1,52,0,2,81,1,84,56,0,56,140
06/02/2009,TIW,WA,ANM,WE,Federal Contract Tower,0,1,31,0,32,0,6,91,2,99,0,7,122,2,131,83,0,83,214
06/03/2009,TIW,WA,ANM,WE,Federal Contract Tower,0,0,36,0,36,0,4,81,0,85,0,4,117,0,121,58,0,58,179
06/04/2009,TIW,WA,ANM,WE,Federal Contract Tower,0,0,51,0,51,0,1,64,2,67,0,1,115,2,118,94,0,94,212
06/05/2009,TIW,WA,ANM,WE,Federal Contract Tower,0,15,29,0,44,0,0,44,0,44,0,15,73,0,88,66,0,66,154
06/06/2009,TIW,WA,ANM,WE,Federal Contract Tower,0,1,33,0,34,0,0,14,0,14,0,1,47,0,48,0,0,0,48
06/07/2009,TIW,WA,ANM,WE,Federal Contract Tower,0,1,36,0,37,0,0,54,0,54,0,1,90,0,91,71,0,71,162
06/08/2009,TIW,WA,ANM,WE,Federal Contract Tower,0,5,55,0,60,0,2,52,0,54,0,7,107,0,114,111,0,111,225
06/09/2009,TIW,WA,ANM,WE,Federal Contract Tower,0,9,46,0,55,0,3,85,0,88,0,12,131,0,143,108,0,108,251
06/10/2009,TIW,WA,ANM,WE,Federal Contract Tower,0,2,50,0,52,0,0,85,2,87,0,2,135,2,139,87,0,87,226
06/11/2009,TIW,WA,ANM,WE,Federal Contract Tower,0,7,35,8,50,0,0,65,1,66,0,7,100,9,116,78,2,80,196
06/12/2009,TIW,WA,ANM,WE,Federal Contract Tower,0,2,52,0,54,0,0,60,0,60,0,2,112,0,114,86,0,86,200
06/13/2009,TIW,WA,ANM,WE,Federal Contract Tower,0,0,21,0,21,0,1,40,0,41,0,1,61,0,62,32,0,32,94
06/14/2009,TIW,WA,ANM,WE,Federal Contract Tower,0,3,35,0,38,0,0,59,0,59,0,3,94,0,97,103,0,103,200
06/15/2009,TIW,WA,ANM,WE,Federal Contract Tower,0,3,37,2,42,0,1,54,2,57,0,4,91,4,99,46,0,46,145
06/16/2009,TIW,WA,ANM,WE,Federal Contract Tower,0,0,65,0,65,0,1,74,0,75,0,1,139,0,140,45,0,45,185
06/17/2009,TIW,WA,ANM,WE,Federal Contract Tower,0,1,44,0,45,0,0,57,0,57,0,1,101,0,102,63,0,63,165
06/18/2009,TIW,WA,ANM,WE,Federal Contract Tower,0,0,43,0,43,0,0,92,8,100,0,0,135,8,143,88,4,92,235
06/19/2009,TIW,WA,ANM,WE,Federal Contract Tower,0,0,17,2,19,0,0,30,7,37,0,0,47,9,56,74,8,82,138
06/20/2009,TIW,WA,ANM,WE,Federal Contract Tower,0,1,25,0,26,0,1,102,0,103,0,2,127,0,129,110,0,110,239
06/21/2009,TIW,WA,ANM,WE,Federal Contract Tower,0,1,15,0,16,0,0,53,0,53,0,1,68,0,69,54,0,54,123
06/22/2009,TIW,WA,ANM,WE,Federal Contract Tower,0,5,26,1,32,0,2,67,0,69,0,7,93,1,101,110,0,110,211
06/23/2009,TIW,WA,ANM,WE,Federal Contract Tower,0,2,20,0,22,0,5,91,4,100,0,7,111,4,122,140,0,140,262
06/24/2009,TIW,WA,ANM,WE,Federal Contract Tower,0,2,27,0,29,0,0,81,0,81,0,2,108,0,110,77,1,78,188
06/25/2009,TIW,WA,ANM,WE,Federal Contract Tower,0,0,34,0,34,0,0,59,3,62,0,0,93,3,96,94,0,94,190
06/26/2009,TIW,WA,ANM,WE,Federal Contract Tower,0,7,34,0,41,0,5,130,0,135,0,12,164,0,176,216,0,216,392
06/27/2009,TIW,WA,ANM,WE,Federal Contract Tower,0,0,9,0,9,0,0,121,0,121,0,0,130,0,130,96,0,96,226
06/28/2009,TIW,WA,ANM,WE,Federal Contract Tower,0,0,21,0,21,0,0,53,1,54,0,0,74,1,75,88,0,88,163
06/29/2009,TIW,WA,ANM,WE,Federal Contract Tower,0,2,27,0,29,0,0,85,0,85,0,2,112,0,114,120,0,120,234
06/30/2009,TIW,WA,ANM,WE,Federal Contract Tower,0,2,29,0,31,0,0,80,2,82,0,2,109,2,113,96,0,96,209
07/01/2009,TIW,WA,ANM,WE,Federal Contract Tower,0,3,18,0,21,0,3,85,3,91,0,6,103,3,112,164,0,164,276
07/02/2009,TIW,WA,ANM,WE,Federal Contract Tower,0,5,36,0,41,0,0,88,0,88,0,5,124,0,129,90,0,90,219
07/03/2009,TIW,WA,ANM,WE,Federal Contract Tower,0,0,24,0,24,0,0,106,1,107,0,0,130,1,131,182,0,182,313
07/04/2009,TIW,WA,ANM,WE,Federal Contract Tower,0,0,6,0,6,0,0,88,0,88,0,0,94,0,94,40,2,42,136
07/05/2009,TIW,WA,ANM,WE,Federal Contract Tower,0,1,21,0,22,0,0,80,0,80,0,1,101,0,102,126,0,126,228
07/06/2009,TIW,WA,ANM,WE,Federal Contract Tower,0,3,12,0,15,0,0,32,2,34,0,3,44,2,49,14,0,14,63
07/07/2009,TIW,WA,ANM,WE,Federal Contract Tower,0,0,46,0,46,0,0,58,2,60,0,0,104,2,106,64,0,64,170
07/08/2009,TIW,WA,ANM,WE,Federal Contract Tower,0,5,28,0,33,0,0,55,0,55,0,5,83,0,88,112,0,112,200
07/09/2009,TIW,WA,ANM,WE,Federal Contract Tower,0,2,18,0,20,0,0,95,0,95,0,2,113,0,115,24,0,24,139
07/10/2009,TIW,WA,ANM,WE,Federal Contract Tower,0,0,33,0,33,0,0,105,2,107,0,0,138,2,140,106,0,106,246
07/11/2009,TIW,WA,ANM,WE,Federal Contract Tower,0,0,16,0,16,0,0,115,0,115,0,0,131,0,131,68,0,68,199
07/12/2009,TIW,WA,ANM,WE,Federal Contract Tower,0,2,20,0,22,0,0,16,0,16,0,2,36,0,38,6,0,6,44
07/13/2009,TIW,WA,ANM,WE,Federal Contract Tower,0,6,53,0,59,0,0,43,0,43,0,6,96,0,102,96,0,96,198
07/14/2009,TIW,WA,ANM,WE,Federal Contract Tower,0,0,40,0,40,0,0,81,0,81,0,0,121,0,121,96,0,96,217
07/15/2009,TIW,WA,ANM,WE,Federal Contract Tower,0,0,61,0,61,0,0,64,5,69,0,0,125,5,130,56,0,56,186
07/16/2009,TIW,WA,ANM,WE,Federal Contract Tower,0,0,25,0,25,0,1,88,0,89,0,1,113,0,114,146,0,146,260
07/17/2009,TIW,WA,ANM,WE,Federal Contract Tower,0,0,33,0,33,0,0,117,1,118,0,0,150,1,151,126,0,126,277
07/18/2009,TIW,WA,ANM,WE,Federal Contract Tower,0,0,29,0,29,0,2,30,0,32,0,2,59,0,61,46,0,46,107
07/19/2009,TIW,WA,ANM,WE,Federal Contract Tower,0,2,24,0,26,0,0,99,0,99,0,2,123,0,125,106,0,106,231
07/20/2009,TIW,WA,ANM,WE,Federal Contract Tower,0,0,23,2,25,0,2,50,0,52,0,2,73,2,77,40,0,40,117
07/21/2009,TIW,WA,ANM,WE,Federal Contract Tower,0,1,43,0,44,0,0,67,0,67,0,1,110,0,111,76,0,76,187
07/22/2009,TIW,WA,ANM,WE,Federal Contract Tower,0,1,29,0,30,0,0,47,0,47,0,1,76,0,77,48,0,48,125
07/23/2009,TIW,WA,ANM,WE,Federal Contract Tower,0,2,29,0,31,0,0,36,6,42,0,2,65,6,73,100,0,100,173
07/24/2009,TIW,WA,ANM,WE,Federal Contract Tower,0,0,27,0,27,0,3,70,1,74,0,3,97,1,101,92,0,92,193
07/25/2009,TIW,WA,ANM,WE,Federal Contract Tower,0,8,24,0,32,0,0,74,0,74,0,8,98,0,106,124,0,124,230
07/26/2009,TIW,WA,ANM,WE,Federal Contract Tower,0,0,22,0,22,0,0,81,0,81,0,0,103,0,103,64,0,64,167
07/27/2009,TIW,WA,ANM,WE,Federal Contract Tower,0,3,33,0,36,0,1,77,0,78,0,4,110,0,114,62,0,62,176
07/28/2009,TIW,WA,ANM,WE,Federal Contract Tower,0,4,17,0,21,0,0,60,0,60,0,4,77,0,81,44,0,44,125
07/29/2009,TIW,WA,ANM,WE,Federal Contract Tower,0,2,14,0,16,0,0,68,0,68,0,2,82,0,84,87,0,87,171
07/30/2009,TIW,WA,ANM,WE,Federal Contract Tower,0,0,24,0,24,0,0,82,4,86,0,0,106,4,110,56,2,58,168
07/31/2009,TIW,WA,ANM,WE,Federal Contract Tower,0,7,31,0,38,0,0,64,0,64,0,7,95,0,102,84,0,84,186
08/01/2009,TIW,WA,ANM,WE,Federal Contract Tower,0,1,29,0,30,0,0,90,4,94,0,1,119,4,124,62,0,62,186
08/02/2009,TIW,WA,ANM,WE,Federal Contract Tower,0,0,45,0,45,0,0,92,0,92,0,0,137,0,137,46,0,46,183
08/03/2009,TIW,WA,ANM,WE,Federal Contract Tower,0,4,14,0,18,0,2,52,0,54,0,6,66,0,72,115,0,115,187
08/04/2009,TIW,WA,ANM,WE,Federal Contract Tower,0,3,44,0,47,0,0,68,0,68,0,3,112,0,115,124,0,124,239
08/05/2009,TIW,WA,ANM,WE,Federal Contract Tower,0,0,48,0,48,0,0,77,0,77,0,0,125,0,125,84,0,84,209
08/06/2009,TIW,WA,ANM,WE,Federal Contract Tower,0,1,87,0,88,0,0,62,2,64,0,1,149,2,152,76,0,76,228
08/07/2009,TIW,WA,ANM,WE,Federal Contract Tower,0,1,44,0,45,0,0,56,8,64,0,1,100,8,109,106,0,106,215
08/08/2009,TIW,WA,ANM,WE,Federal Contract Tower,0,4,40,0,44,0,0,52,0,52,0,4,92,0,96,82,0,82,178
08/09/2009,TIW,WA,ANM,WE,Federal Contract Tower,0,1,47,0,48,0,0,34,1,35,0,1,81,1,83,60,0,60,143
08/10/2009,TIW,WA,ANM,WE,Federal Contract Tower,0,2,40,0,42,0,2,68,0,70,0,4,108,0,112,70,0,70,182
08/11/2009,TIW,WA,ANM,WE,Federal Contract Tower,0,0,24,0,24,0,0,47,2,49,0,0,71,2,73,79,0,79,152
08/12/2009,TIW,WA,ANM,WE,Federal Contract Tower,0,0,41,2,43,0,0,77,0,77,0,0,118,2,120,178,0,178,298
08/13/2009,TIW,WA,ANM,WE,Federal Contract Tower,0,2,28,0,30,0,3,61,0,64,0,5,89,0,94,62,0,62,156
08/14/2009,TIW,WA,ANM,WE,Federal Contract Tower,0,0,47,0,47,0,0,78,0,78,0,0,125,0,125,158,0,158,283
08/15/2009,TIW,WA,ANM,WE,Federal Contract Tower,0,1,35,0,36,0,0,103,2,105,0,1,138,2,141,115,0,115,256
08/16/2009,TIW,WA,ANM,WE,Federal Contract Tower,0,1,23,0,24,0,0,81,0,81,0,1,104,0,105,135,0,135,240
08/17/2009,TIW,WA,ANM,WE,Federal Contract Tower,0,1,47,0,48,0,3,82,0,85,0,4,129,0,133,108,0,108,241
08/18/2009,TIW,WA,ANM,WE,Federal Contract Tower,0,4,49,1,54,0,2,118,0,120,0,6,167,1,174,74,0,74,248
08/19/2009,TIW,WA,ANM,WE,Federal Contract Tower,0,0,55,0,55,0,0,117,1,118,0,0,172,1,173,148,0,148,321
08/20/2009,TIW,WA,ANM,WE,Federal Contract Tower,0,2,57,0,59,0,0,95,0,95,0,2,152,0,154,112,0,112,266
08/21/2009,TIW,WA,ANM,WE,Federal Contract Tower,0,0,41,3,44,0,0,45,2,47,0,0,86,5,91,76,0,76,167
08/22/2009,TIW,WA,ANM,WE,Federal Contract Tower,0,0,26,0,26,0,0,124,1,125,0,0,150,1,151,66,0,66,217
08/23/2009,TIW,WA,ANM,WE,Federal Contract Tower,0,1,33,1,35,0,0,69,0,69,0,1,102,1,104,98,0,98,202
08/24/2009,TIW,WA,ANM,WE,Federal Contract Tower,0,2,22,2,26,0,2,113,2,117,0,4,135,4,143,110,0,110,253
08/25/2009,TIW,WA,ANM,WE,Federal Contract Tower,0,2,53,0,55,0,2,65,0,67,0,4,118,0,122,84,0,84,206
08/26/2009,TIW,WA,ANM,WE,Federal Contract Tower,0,1,61,0,62,0,0,106,5,111,0,1,167,5,173,130,0,130,303
08/27/2009,TIW,WA,ANM,WE,Federal Contract Tower,0,4,36,0,40,0,0,117,0,117,0,4,153,0,157,112,0,112,269
08/28/2009,TIW,WA,ANM,WE,Federal Contract Tower,0,0,64,0,64,0,0,105,2,107,0,0,169,2,171,179,0,179,350
08/29/2009,TIW,WA,ANM,WE,Federal Contract Tower,0,0,57,0,57,0,0,15,0,15,0,0,72,0,72,8,0,8,80
08/30/2009,TIW,WA,ANM,WE,Federal Contract Tower,0,0,15,1,16,0,2,106,10,118,0,2,121,11,134,68,0,68,202
08/31/2009,TIW,WA,ANM,WE,Federal Contract Tower,0,2,35,0,37,0,0,0,47,47,0,2,35,47,84,50,0,50,134
09/01/2009,TIW,WA,ANM,WE,Federal Contract Tower,0,7,41,0,48,0,0,23,0,23,0,7,64,0,71,40,0,40,111
09/02/2009,TIW,WA,ANM,WE,Federal Contract Tower,0,0,48,0,48,0,0,93,1,94,0,0,141,1,142,66,0,66,208
09/03/2009,TIW,WA,ANM,WE,Federal Contract Tower,0,1,61,0,62,0,3,69,1,73,0,4,130,1,135,86,0,86,221
09/04/2009,TIW,WA,ANM,WE,Federal Contract Tower,0,5,46,0,51,0,0,136,0,136,0,5,182,0,187,151,0,151,338
09/05/2009,TIW,WA,ANM,WE,Federal Contract Tower,0,0,17,0,17,0,0,38,0,38,0,0,55,0,55,56,0,56,111
09/06/2009,TIW,WA,ANM,WE,Federal Contract Tower,0,0,8,0,8,0,0,0,0,0,0,0,8,0,8,0,0,0,8
09/07/2009,TIW,WA,ANM,WE,Federal Contract Tower,0,0,21,0,21,0,0,52,0,52,0,0,73,0,73,81,0,81,154
09/08/2009,TIW,WA,ANM,WE,Federal Contract Tower,0,7,52,0,59,0,1,66,0,67,0,8,118,0,126,99,0,99,225
09/09/2009,TIW,WA,ANM,WE,Federal Contract Tower,0,2,48,0,50,0,0,39,5,44,0,2,87,5,94,88,0,88,182
09/10/2009,TIW,WA,ANM,WE,Federal Contract Tower,0,4,44,0,48,0,4,109,0,113,0,8,153,0,161,130,0,130,291
09/11/2009,TIW,WA,ANM,WE,Federal Contract Tower,0,8,37,0,45,0,0,127,2,129,0,8,164,2,174,210,0,210,384
09/12/2009,TIW,WA,ANM,WE,Federal Contract Tower,0,0,42,0,42,0,0,178,0,178,0,0,220,0,220,146,0,146,366
09/13/2009,TIW,WA,ANM,WE,Federal Contract Tower,0,0,25,0,25,0,0,96,4,100,0,0,121,4,125,68,0,68,193
09/14/2009,TIW,WA,ANM,WE,Federal Contract Tower,0,0,32,0,32,0,3,61,0,64,0,3,93,0,96,104,0,104,200
09/15/2009,TIW,WA,ANM,WE,Federal Contract Tower,0,0,51,0,51,0,3,85,0,88,0,3,136,0,139,100,0,100,239
09/16/2009,TIW,WA,ANM,WE,Federal Contract Tower,0,2,37,0,39,0,0,72,0,72,0,2,109,0,111,98,0,98,209
09/17/2009,TIW,WA,ANM,WE,Federal Contract Tower,0,1,27,0,28,0,0,54,0,54,0,1,81,0,82,91,0,91,173
09/18/2009,TIW,WA,ANM,WE,Federal Contract Tower,0,2,22,0,24,0,0,104,0,104,0,2,126,0,128,94,0,94,222
09/19/2009,TIW,WA,ANM,WE,Federal Contract Tower,0,0,31,0,31,0,0,34,0,34,0,0,65,0,65,40,2,42,107
09/20/2009,TIW,WA,ANM,WE,Federal Contract Tower,0,0,19,0,19,0,0,74,0,74,0,0,93,0,93,66,0,66,159
09/21/2009,TIW,WA,ANM,WE,Federal Contract Tower,0,0,56,0,56,0,2,80,0,82,0,2,136,0,138,78,0,78,216
09/22/2009,TIW,WA,ANM,WE,Federal Contract Tower,0,4,61,0,65,0,1,79,0,80,0,5,140,0,145,85,0,85,230
09/23/2009,TIW,WA,ANM,WE,Federal Contract Tower,0,0,47,0,47,0,0,110,2,112,0,0,157,2,159,111,0,111,270
09/24/2009,TIW,WA,ANM,WE,Federal Contract Tower,0,7,66,0,73,0,0,43,0,43,0,7,109,0,116,28,0,28,144
09/25/2009,TIW,WA,ANM,WE,Federal Contract Tower,0,3,50,0,53,0,2,102,0,104,0,5,152,0,157,98,0,98,255
09/26/2009,TIW,WA,ANM,WE,Federal Contract Tower,0,6,31,0,37,0,0,104,0,104,0,6,135,0,141,79,0,79,220
09/27/2009,TIW,WA,ANM,WE,Federal Contract Tower,0,2,33,5,40,0,0,88,0,88,0,2,121,5,128,72,0,72,200
09/28/2009,TIW,WA,ANM,WE,Federal Contract Tower,0,6,17,0,23,0,1,38,0,39,0,7,55,0,62,48,0,48,110
09/29/2009,TIW,WA,ANM,WE,Federal Contract Tower,0,10,21,0,31,0,2,26,3,31,0,12,47,3,62,26,0,26,88
09/30/2009,TIW,WA,ANM,WE,Federal Contract Tower,0,6,49,4,59,0,0,64,1,65,0,6,113,5,124,96,0,96,220
10/01/2009,TIW,WA,ANM,WE,Federal Contract Tower,0,1,20,0,21,0,0,24,0,24,0,1,44,0,45,44,0,44,89
10/02/2009,TIW,WA,ANM,WE,Federal Contract Tower,0,0,27,0,27,0,0,51,0,51,0,0,78,0,78,124,0,124,202
10/03/2009,TIW,WA,ANM,WE,Federal Contract Tower,0,0,34,0,34,0,0,27,0,27,0,0,61,0,61,22,0,22,83
10/04/2009,TIW,WA,ANM,WE,Federal Contract Tower,0,0,8,0,8,0,0,74,0,74,0,0,82,0,82,94,0,94,176
10/05/2009,TIW,WA,ANM,WE,Federal Contract Tower,0,0,48,0,48,0,3,91,0,94,0,3,139,0,142,68,0,68,210
10/06/2009,TIW,WA,ANM,WE,Federal Contract Tower,0,2,43,0,45,0,0,77,2,79,0,2,120,2,124,97,2,99,223
10/07/2009,TIW,WA,ANM,WE,Federal Contract Tower,0,0,53,2,55,0,0,51,1,52,0,0,104,3,107,68,0,68,175
10/08/2009,TIW,WA,ANM,WE,Federal Contract Tower,0,4,39,0,43,0,0,63,0,63,0,4,102,0,106,54,0,54,160
10/09/2009,TIW,WA,ANM,WE,Federal Contract Tower,0,0,9,0,9,0,0,12,0,12,0,0,21,0,21,18,0,18,39
10/10/2009,TIW,WA,ANM,WE,Federal Contract Tower,0,5,27,0,32,0,0,133,4,137,0,5,160,4,169,142,0,142,311
10/11/2009,TIW,WA,ANM,WE,Federal Contract Tower,0,0,39,0,39,0,0,106,0,106,0,0,145,0,145,45,0,45,190
10/12/2009,TIW,WA,ANM,WE,Federal Contract Tower,0,4,30,0,34,0,3,66,0,69,0,7,96,0,103,91,0,91,194
10/13/2009,TIW,WA,ANM,WE,Federal Contract Tower,0,0,28,0,28,0,0,20,0,20,0,0,48,0,48,26,0,26,74
10/14/2009,TIW,WA,ANM,WE,Federal Contract Tower,0,2,16,0,18,0,0,10,0,10,0,2,26,0,28,11,0,11,39
10/15/2009,TIW,WA,ANM,WE,Federal Contract Tower,0,0,25,0,25,0,0,68,0,68,0,0,93,0,93,37,0,37,130
10/16/2009,TIW,WA,ANM,WE,Federal Contract Tower,0,1,23,0,24,0,0,21,0,21,0,1,44,0,45,0,0,0,45
10/17/2009,TIW,WA,ANM,WE,Federal Contract Tower,0,0,15,0,15,0,0,5,0,5,0,0,20,0,20,2,0,2,22
10/18/2009,TIW,WA,ANM,WE,Federal Contract Tower,0,0,30,0,30,0,0,60,0,60,0,0,90,0,90,104,0,104,194
10/19/2009,TIW,WA,ANM,WE,Federal Contract Tower,0,1,37,1,39,0,1,17,3,21,0,2,54,4,60,28,0,28,88
10/20/2009,TIW,WA,ANM,WE,Federal Contract Tower,0,1,34,0,35,0,2,18,0,20,0,3,52,0,55,30,0,30,85
10/21/2009,TIW,WA,ANM,WE,Federal Contract Tower,0,0,31,0,31,0,0,11,0,11,0,0,42,0,42,28,0,28,70
10/22/2009,TIW,WA,ANM,WE,Federal Contract Tower,0,6,19,1,26,0,0,25,0,25,0,6,44,1,51,30,0,30,81
10/23/2009,TIW,WA,ANM,WE,Federal Contract Tower,0,0,19,0,19,0,1,6,0,7,0,1,25,0,26,20,0,20,46
10/24/2009,TIW,WA,ANM,WE,Federal Contract Tower,0,6,41,0,47,0,0,128,0,128,0,6,169,0,175,96,0,96,271
10/25/2009,TIW,WA,ANM,WE,Federal Contract Tower,0,0,36,0,36,0,0,24,0,24,0,0,60,0,60,24,0,24,84
10/26/2009,TIW,WA,ANM,WE,Federal Contract Tower,0,1,29,0,30,0,1,9,0,10,0,2,38,0,40,0,0,0,40
10/27/2009,TIW,WA,ANM,WE,Federal Contract Tower,0,0,66,2,68,0,1,100,2,103,0,1,166,4,171,79,0,79,250
10/28/2009,TIW,WA,ANM,WE,Federal Contract Tower,0,0,49,2,51,0,0,57,0,57,0,0,106,2,108,84,0,84,192
10/29/2009,TIW,WA,ANM,WE,Federal Contract Tower,0,4,8,0,12,0,0,0,0,0,0,4,8,0,12,0,0,0,12
10/30/2009,TIW,WA,ANM,WE,Federal Contract Tower,0,0,22,0,22,0,0,19,0,19,0,0,41,0,41,30,0,30,71
10/31/2009,TIW,WA,ANM,WE,Federal Contract Tower,0,2,22,0,24,0,0,56,2,58,0,2,78,2,82,56,0,56,138
11/01/2009,TIW,WA,ANM,WE,Federal Contract Tower,0,0,23,0,23,0,0,57,0,57,0,0,80,0,80,64,0,64,144
11/02/2009,TIW,WA,ANM,WE,Federal Contract Tower,0,1,42,0,43,0,1,77,0,78,0,2,119,0,121,98,0,98,219
11/03/2009,TIW,WA,ANM,WE,Federal Contract Tower,0,0,39,0,39,0,0,29,0,29,0,0,68,0,68,22,0,22,90
11/04/2009,TIW,WA,ANM,WE,Federal Contract Tower,0,0,51,0,51,0,0,113,4,117,0,0,164,4,168,100,0,100,268
11/05/2009,TIW,WA,ANM,WE,Federal Contract Tower,0,2,11,0,13,0,0,7,0,7,0,2,18,0,20,6,0,6,26
11/06/2009,TIW,WA,ANM,WE,Federal Contract Tower,0,2,17,0,19,0,0,20,0,20,0,2,37,0,39,34,0,34,73
11/07/2009,TIW,WA,ANM,WE,Federal Contract Tower,0,1,4,0,5,0,0,2,0,2,0,1,6,0,7,0,0,0,7
11/08/2009,TIW,WA,ANM,WE,Federal Contract Tower,0,1,29,0,30,0,0,45,6,51,0,1,74,6,81,101,0,101,182
11/09/2009,TIW,WA,ANM,WE,Federal Contract Tower,0,3,17,0,20,0,2,8,0,10,0,5,25,0,30,11,0,11,41
11/10/2009,TIW,WA,ANM,WE,Federal Contract Tower,0,5,25,0,30,0,1,33,0,34,0,6,58,0,64,65,0,65,129
11/11/2009,TIW,WA,ANM,WE,Federal Contract Tower,0,2,50,0,52,0,2,112,0,114,0,4,162,0,166,86,0,86,252
11/12/2009,TIW,WA,ANM,WE,Federal Contract Tower,0,2,45,0,47,0,0,35,2,37,0,2,80,2,84,16,0,16,100
11/13/2009,TIW,WA,ANM,WE,Federal Contract Tower,0,0,17,0,17,0,0,12,0,12,0,0,29,0,29,10,0,10,39
11/14/2009,TIW,WA,ANM,WE,Federal Contract Tower,0,0,42,0,42,0,0,52,0,52,0,0,94,0,94,78,0,78,172
11/15/2009,TIW,WA,ANM,WE,Federal Contract Tower,0,0,21,0,21,0,0,2,0,2,0,0,23,0,23,6,0,6,29
11/16/2009,TIW,WA,ANM,WE,Federal Contract Tower,0,2,10,0,12,0,0,1,0,1,0,2,11,0,13,8,0,8,21
11/17/2009,TIW,WA,ANM,WE,Federal Contract Tower,0,1,21,2,24,0,0,6,2,8,0,1,27,4,32,22,0,22,54
11/18/2009,TIW,WA,ANM,WE,Federal Contract Tower,0,0,36,2,38,0,0,27,0,27,0,0,63,2,65,26,4,30,95
11/19/2009,TIW,WA,ANM,WE,Federal Contract Tower,0,1,26,2,29,0,0,12,6,18,0,1,38,8,47,0,0,0,47
11/20/2009,TIW,WA,ANM,WE,Federal Contract Tower,0,3,13,0,16,0,2,14,0,16,0,5,27,0,32,26,0,26,58
11/21/2009,TIW,WA,ANM,WE,Federal Contract Tower,0,0,13,0,13,0,0,33,0,33,0,0,46,0,46,122,0,122,168
11/22/2009,TIW,WA,ANM,WE,Federal Contract Tower,0,0,3,0,3,0,0,2,0,2,0,0,5,0,5,0,0,0,5
11/23/2009,TIW,WA,ANM,WE,Federal Contract Tower,0,5,32,0,37,0,1,35,1,37,0,6,67,1,74,66,0,66,140
11/24/2009,TIW,WA,ANM,WE,Federal Contract Tower,0,0,13,0,13,0,0,0,0,0,0,0,13,0,13,0,0,0,13
11/25/2009,TIW,WA,ANM,WE,Federal Contract Tower,0,0,39,0,39,0,0,73,0,73,0,0,112,0,112,50,0,50,162
11/26/2009,TIW,WA,ANM,WE,Federal Contract Tower,0,0,4,0,4,0,0,0,0,0,0,0,4,0,4,0,0,0,4
11/27/2009,TIW,WA,ANM,WE,Federal Contract Tower,0,0,43,0,43,0,0,58,1,59,0,0,101,1,102,80,0,80,182
11/28/2009,TIW,WA,ANM,WE,Federal Contract Tower,0,0,23,4,27,0,0,28,0,28,0,0,51,4,55,12,0,12,67
11/29/2009,TIW,WA,ANM,WE,Federal Contract Tower,0,0,44,0,44,0,0,65,0,65,0,0,109,0,109,38,0,38,147
11/30/2009,TIW,WA,ANM,WE,Federal Contract Tower,0,2,12,0,14,0,0,15,0,15,0,2,27,0,29,16,0,16,45
12/01/2009,TIW,WA,ANM,WE,Federal Contract Tower,0,0,47,4,51,0,0,62,0,62,0,0,109,4,113,65,0,65,178
12/02/2009,TIW,WA,ANM,WE,Federal Contract Tower,0,0,45,0,45,0,0,85,4,89,0,0,130,4,134,70,0,70,204
12/03/2009,TIW,WA,ANM,WE,Federal Contract Tower,0,1,21,0,22,0,0,52,0,52,0,1,73,0,74,58,0,58,132
12/04/2009,TIW,WA,ANM,WE,Federal Contract Tower,0,0,20,0,20,0,0,19,0,19,0,0,39,0,39,44,0,44,83
12/05/2009,TIW,WA,ANM,WE,Federal Contract Tower,0,0,21,0,21,0,0,89,0,89,0,0,110,0,110,118,0,118,228
12/06/2009,TIW,WA,ANM,WE,Federal Contract Tower,0,2,23,0,25,0,0,32,0,32,0,2,55,0,57,22,0,22,79
12/07/2009,TIW,WA,ANM,WE,Federal Contract Tower,0,1,38,1,40,0,1,62,0,63,0,2,100,1,103,60,0,60,163
12/08/2009,TIW,WA,ANM,WE,Federal Contract Tower,0,0,32,0,32,0,10,74,0,84,0,10,106,0,116,28,0,28,144
12/09/2009,TIW,WA,ANM,WE,Federal Contract Tower,0,0,31,0,31,0,4,51,1,56,0,4,82,1,87,78,0,78,165
12/10/2009,TIW,WA,ANM,WE,Federal Contract Tower,0,2,46,4,52,0,0,65,6,71,0,2,111,10,123,69,0,69,192
12/11/2009,TIW,WA,ANM,WE,Federal Contract Tower,0,1,53,0,54,0,0,37,4,41,0,1,90,4,95,34,0,34,129
12/12/2009,TIW,WA,ANM,WE,Federal Contract Tower,0,2,35,0,37,0,0,86,0,86,0,2,121,0,123,30,0,30,153
12/13/2009,TIW,WA,ANM,WE,Federal Contract Tower,0,0,8,0,8,0,0,23,0,23,0,0,31,0,31,44,0,44,75
12/14/2009,TIW,WA,ANM,WE,Federal Contract Tower,0,2,0,0,2,0,0,0,0,0,0,2,0,0,2,0,0,0,2
12/15/2009,TIW,WA,ANM,WE,Federal Contract Tower,0,0,32,2,34,0,4,10,0,14,0,4,42,2,48,17,0,17,65
12/16/2009,TIW,WA,ANM,WE,Federal Contract Tower,0,6,17,2,25,0,0,1,4,5,0,6,18,6,30,0,0,0,30
12/17/2009,TIW,WA,ANM,WE,Federal Contract Tower,0,3,30,2,35,0,0,37,0,37,0,3,67,2,72,34,0,34,106
12/18/2009,TIW,WA,ANM,WE,Federal Contract Tower,0,0,28,4,32,0,0,51,0,51,0,0,79,4,83,50,0,50,133
12/19/2009,TIW,WA,ANM,WE,Federal Contract Tower,0,3,9,0,12,0,0,0,0,0,0,3,9,0,12,0,0,0,12
12/20/2009,TIW,WA,ANM,WE,Federal Contract Tower,0,1,9,0,10,0,0,41,0,41,0,1,50,0,51,53,0,53,104
12/21/2009,TIW,WA,ANM,WE,Federal Contract Tower,0,2,11,0,13,0,0,8,0,8,0,2,19,0,21,4,0,4,25
12/22/2009,TIW,WA,ANM,WE,Federal Contract Tower,0,6,18,0,24,0,0,44,0,44,0,6,62,0,68,59,0,59,127
12/23/2009,TIW,WA,ANM,WE,Federal Contract Tower,0,0,33,0,33,0,0,70,0,70,0,0,103,0,103,64,0,64,167
12/24/2009,TIW,WA,ANM,WE,Federal Contract Tower,0,0,6,0,6,0,1,33,0,34,0,1,39,0,40,26,0,26,66
12/25/2009,TIW,WA,ANM,WE,Federal Contract Tower,0,0,3,0,3,0,0,27,0,27,0,0,30,0,30,0,0,0,30
12/26/2009,TIW,WA,ANM,WE,Federal Contract Tower,0,0,9,0,9,0,0,56,0,56,0,0,65,0,65,64,0,64,129
12/27/2009,TIW,WA,ANM,WE,Federal Contract Tower,0,0,12,0,12,0,1,113,0,114,0,1,125,0,126,94,0,94,220
12/28/2009,TIW,WA,ANM,WE,Federal Contract Tower,0,2,37,0,39,0,0,79,0,79,0,2,116,0,118,69,0,69,187
12/29/2009,TIW,WA,ANM,WE,Federal Contract Tower,0,0,25,0,25,0,0,23,0,23,0,0,48,0,48,28,0,28,76
12/30/2009,TIW,WA,ANM,WE,Federal Contract Tower,0,1,36,0,37,0,0,23,0,23,0,1,59,0,60,37,0,37,97
12/31/2009,TIW,WA,ANM,WE,Federal Contract Tower,0,1,19,0,20,0,0,9,0,9,0,1,28,0,29,15,0,15,44
01/01/2010,TIW,WA,ANM,WE,Federal Contract Tower,0,0,0,0,0,0,0,0,0,0,0,0,0,0,0,0,0,0,0
01/02/2010,TIW,WA,ANM,WE,Federal Contract Tower,0,0,23,0,23,0,0,3,0,3,0,0,26,0,26,0,0,0,26
01/03/2010,TIW,WA,ANM,WE,Federal Contract Tower,0,0,17,0,17,0,0,15,0,15,0,0,32,0,32,26,0,26,58
01/04/2010,TIW,WA,ANM,WE,Federal Contract Tower,0,2,6,0,8,0,0,0,0,0,0,2,6,0,8,0,0,0,8
01/05/2010,TIW,WA,ANM,WE,Federal Contract Tower,0,2,1,0,3,0,0,0,0,0,0,2,1,0,3,0,0,0,3
01/06/2010,TIW,WA,ANM,WE,Federal Contract Tower,0,0,33,0,33,0,0,30,0,30,0,0,63,0,63,24,0,24,87
01/07/2010,TIW,WA,ANM,WE,Federal Contract Tower,0,0,46,0,46,0,0,70,0,70,0,0,116,0,116,72,0,72,188
01/08/2010,TIW,WA,ANM,WE,Federal Contract Tower,0,2,12,0,14,0,0,0,0,0,0,2,12,0,14,0,0,0,14
01/09/2010,TIW,WA,ANM,WE,Federal Contract Tower,0,0,38,0,38,0,0,53,1,54,0,0,91,1,92,40,0,40,132
01/10/2010,TIW,WA,ANM,WE,Federal Contract Tower,0,1,24,0,25,0,0,106,0,106,0,1,130,0,131,136,0,136,267
01/11/2010,TIW,WA,ANM,WE,Federal Contract Tower,0,2,8,0,10,0,0,1,0,1,0,2,9,0,11,0,0,0,11
01/12/2010,TIW,WA,ANM,WE,Federal Contract Tower,0,0,16,2,18,0,0,1,6,7,0,0,17,8,25,0,14,14,39
01/13/2010,TIW,WA,ANM,WE,Federal Contract Tower,0,0,24,0,24,0,0,16,0,16,0,0,40,0,40,8,0,8,48
01/14/2010,TIW,WA,ANM,WE,Federal Contract Tower,0,0,28,0,28,0,0,12,2,14,0,0,40,2,42,31,0,31,73
01/15/2010,TIW,WA,ANM,WE,Federal Contract Tower,0,0,11,0,11,0,0,3,0,3,0,0,14,0,14,4,0,4,18
01/16/2010,TIW,WA,ANM,WE,Federal Contract Tower,0,0,40,0,40,0,0,1,0,1,0,0,41,0,41,0,0,0,41
01/17/2010,TIW,WA,ANM,WE,Federal Contract Tower,0,0,29,0,29,0,0,50,0,50,0,0,79,0,79,107,0,107,186
01/18/2010,TIW,WA,ANM,WE,Federal Contract Tower,0,1,33,0,34,0,3,95,0,98,0,4,128,0,132,169,0,169,301
01/19/2010,TIW,WA,ANM,WE,Federal Contract Tower,0,3,21,0,24,0,1,25,0,26,0,4,46,0,50,52,0,52,102
01/20/2010,TIW,WA,ANM,WE,Federal Contract Tower,0,0,35,0,35,0,0,85,0,85,0,0,120,0,120,65,0,65,185
01/21/2010,TIW,WA,ANM,WE,Federal Contract Tower,0,0,35,0,35,0,0,69,2,71,0,0,104,2,106,90,0,90,196
01/22/2010,TIW,WA,ANM,WE,Federal Contract Tower,0,0,32,0,32,0,0,82,1,83,0,0,114,1,115,159,4,163,278
01/23/2010,TIW,WA,ANM,WE,Federal Contract Tower,0,0,19,0,19,0,0,108,0,108,0,0,127,0,127,144,0,144,271
01/24/2010,TIW,WA,ANM,WE,Federal Contract Tower,0,0,16,0,16,0,0,25,2,27,0,0,41,2,43,56,0,56,99
01/25/2010,TIW,WA,ANM,WE,Federal Contract Tower,0,2,51,0,53,0,0,2,3,5,0,2,53,3,58,98,2,100,158
01/26/2010,TIW,WA,ANM,WE,Federal Contract Tower,0,2,33,0,35,0,0,17,0,17,0,2,50,0,52,57,0,57,109
01/27/2010,TIW,WA,ANM,WE,Federal Contract Tower,0,0,34,2,36,0,0,34,0,34,0,0,68,2,70,75,0,75,145
01/28/2010,TIW,WA,ANM,WE,Federal Contract Tower,0,0,46,1,47,0,0,54,0,54,0,0,100,1,101,65,0,65,166
01/29/2010,TIW,WA,ANM,WE,Federal Contract Tower,0,0,20,14,34,0,0,47,1,48,0,0,67,15,82,60,0,60,142
01/30/2010,TIW,WA,ANM,WE,Federal Contract Tower,0,0,27,0,27,0,0,0,0,0,0,0,27,0,27,0,0,0,27
01/31/2010,TIW,WA,ANM,WE,Federal Contract Tower,0,0,27,0,27,0,0,22,2,24,0,0,49,2,51,62,6,68,119
02/01/2010,TIW,WA,ANM,WE,Federal Contract Tower,0,4,52,4,60,0,1,28,4,33,0,5,80,8,93,52,0,52,145
02/02/2010,TIW,WA,ANM,WE,Federal Contract Tower,0,4,21,0,25,0,0,73,0,73,0,4,94,0,98,146,0,146,244
02/03/2010,TIW,WA,ANM,WE,Federal Contract Tower,0,0,10,5,15,0,1,13,0,14,0,1,23,5,29,2,0,2,31
02/04/2010,TIW,WA,ANM,WE,Federal Contract Tower,0,0,49,4,53,0,0,70,2,72,0,0,119,6,125,72,6,78,203
02/05/2010,TIW,WA,ANM,WE,Federal Contract Tower,0,4,33,0,37,0,0,60,0,60,0,4,93,0,97,102,30,132,229
02/06/2010,TIW,WA,ANM,WE,Federal Contract Tower,0,0,25,0,25,0,0,127,6,133,0,0,152,6,158,164,6,170,328
02/07/2010,TIW,WA,ANM,WE,Federal Contract Tower,0,2,28,0,30,0,0,5,0,5,0,2,33,0,35,0,0,0,35
02/08/2010,TIW,WA,ANM,WE,Federal Contract Tower,0,2,28,0,30,0,0,5,0,5,0,2,33,0,35,6,0,6,41
02/09/2010,TIW,WA,ANM,WE,Federal Contract Tower,0,0,21,2,23,0,2,66,0,68,0,2,87,2,91,82,0,82,173
02/10/2010,TIW,WA,ANM,WE,Federal Contract Tower,0,0,47,0,47,0,2,28,7,37,0,2,75,7,84,50,0,50,134
02/11/2010,TIW,WA,ANM,WE,Federal Contract Tower,0,0,13,0,13,0,0,30,0,30,0,0,43,0,43,50,0,50,93
02/12/2010,TIW,WA,ANM,WE,Federal Contract Tower,0,0,13,0,13,0,0,16,0,16,0,0,29,0,29,36,0,36,65
02/13/2010,TIW,WA,ANM,WE,Federal Contract Tower,0,0,31,2,33,0,0,46,2,48,0,0,77,4,81,92,6,98,179
02/14/2010,TIW,WA,ANM,WE,Federal Contract Tower,0,0,26,0,26,0,0,40,3,43,0,0,66,3,69,68,0,68,137
02/15/2010,TIW,WA,ANM,WE,Federal Contract Tower,0,0,17,0,17,0,0,40,4,44,0,0,57,4,61,96,0,96,157
02/16/2010,TIW,WA,ANM,WE,Federal Contract Tower,0,1,26,0,27,0,1,54,0,55,0,2,80,0,82,138,0,138,220
02/17/2010,TIW,WA,ANM,WE,Federal Contract Tower,0,0,22,0,22,0,0,42,8,50,0,0,64,8,72,34,0,34,106
02/18/2010,TIW,WA,ANM,WE,Federal Contract Tower,0,0,33,4,37,0,0,93,0,93,0,0,126,4,130,138,0,138,268
02/19/2010,TIW,WA,ANM,WE,Federal Contract Tower,0,10,39,0,49,0,0,113,0,113,0,10,152,0,162,153,8,161,323
02/20/2010,TIW,WA,ANM,WE,Federal Contract Tower,0,0,38,0,38,0,0,109,6,115,0,0,147,6,153,142,8,150,303
02/21/2010,TIW,WA,ANM,WE,Federal Contract Tower,0,0,28,0,28,0,0,132,2,134,0,0,160,2,162,148,0,148,310
02/22/2010,TIW,WA,ANM,WE,Federal Contract Tower,0,1,34,2,37,0,4,89,0,93,0,5,123,2,130,120,0,120,250
02/23/2010,TIW,WA,ANM,WE,Federal Contract Tower,0,2,25,1,28,0,0,40,12,52,0,2,65,13,80,44,0,44,124
02/24/2010,TIW,WA,ANM,WE,Federal Contract Tower,0,0,16,0,16,0,0,9,3,12,0,0,25,3,28,0,0,0,28
02/25/2010,TIW,WA,ANM,WE,Federal Contract Tower,0,0,43,5,48,0,0,33,5,38,0,0,76,10,86,45,0,45,131
02/26/2010,TIW,WA,ANM,WE,Federal Contract Tower,0,0,31,0,31,0,0,15,0,15,0,0,46,0,46,16,0,16,62
02/27/2010,TIW,WA,ANM,WE,Federal Contract Tower,0,0,32,0,32,0,0,68,1,69,0,0,100,1,101,50,0,50,151
02/28/2010,TIW,WA,ANM,WE,Federal Contract Tower,0,0,30,0,30,0,0,109,0,109,0,0,139,0,139,88,0,88,227
03/01/2010,TIW,WA,ANM,WE,Federal Contract Tower,0,1,14,0,15,0,1,55,0,56,0,2,69,0,71,23,0,23,94
03/02/2010,TIW,WA,ANM,WE,Federal Contract Tower,0,1,32,2,35,0,0,35,0,35,0,1,67,2,70,33,0,33,103
03/03/2010,TIW,WA,ANM,WE,Federal Contract Tower,0,5,35,0,40,0,1,21,1,23,0,6,56,1,63,39,0,39,102
03/04/2010,TIW,WA,ANM,WE,Federal Contract Tower,0,15,25,0,40,0,0,36,2,38,0,15,61,2,78,56,0,56,134
03/05/2010,TIW,WA,ANM,WE,Federal Contract Tower,0,0,49,0,49,0,0,73,0,73,0,0,122,0,122,90,0,90,212
03/06/2010,TIW,WA,ANM,WE,Federal Contract Tower,0,0,27,0,27,0,0,149,2,151,0,0,176,2,178,124,0,124,302
03/07/2010,TIW,WA,ANM,WE,Federal Contract Tower,0,0,20,1,21,0,0,54,3,57,0,0,74,4,78,83,0,83,161
03/08/2010,TIW,WA,ANM,WE,Federal Contract Tower,0,1,11,6,18,0,2,9,0,11,0,3,20,6,29,17,0,17,46
03/09/2010,TIW,WA,ANM,WE,Federal Contract Tower,0,0,41,6,47,0,0,50,4,54,0,0,91,10,101,82,0,82,183
03/10/2010,TIW,WA,ANM,WE,Federal Contract Tower,0,7,12,5,24,0,0,33,1,34,0,7,45,6,58,28,0,28,86
03/11/2010,TIW,WA,ANM,WE,Federal Contract Tower,0,3,19,0,22,0,0,0,0,0,0,3,19,0,22,0,0,0,22
03/12/2010,TIW,WA,ANM,WE,Federal Contract Tower,0,0,3,0,3,0,0,12,0,12,0,0,15,0,15,2,0,2,17
03/13/2010,TIW,WA,ANM,WE,Federal Contract Tower,0,0,28,0,28,0,0,78,3,81,0,0,106,3,109,78,0,78,187
03/14/2010,TIW,WA,ANM,WE,Federal Contract Tower,0,0,23,0,23,0,0,98,5,103,0,0,121,5,126,142,0,142,268
03/15/2010,TIW,WA,ANM,WE,Federal Contract Tower,0,1,48,0,49,0,4,73,0,77,0,5,121,0,126,128,0,128,254
03/16/2010,TIW,WA,ANM,WE,Federal Contract Tower,0,0,27,0,27,0,3,28,2,33,0,3,55,2,60,20,0,20,80
03/17/2010,TIW,WA,ANM,WE,Federal Contract Tower,0,0,64,4,68,0,0,72,0,72,0,0,136,4,140,51,0,51,191
03/18/2010,TIW,WA,ANM,WE,Federal Contract Tower,0,3,22,0,25,0,4,86,2,92,0,7,108,2,117,29,0,29,146
03/19/2010,TIW,WA,ANM,WE,Federal Contract Tower,0,0,58,0,58,0,1,98,2,101,0,1,156,2,159,54,0,54,213
03/20/2010,TIW,WA,ANM,WE,Federal Contract Tower,0,0,35,0,35,0,0,128,2,130,0,0,163,2,165,108,0,108,273
03/21/2010,TIW,WA,ANM,WE,Federal Contract Tower,0,2,35,0,37,0,0,24,0,24,0,2,59,0,61,28,0,28,89
03/22/2010,TIW,WA,ANM,WE,Federal Contract Tower,0,3,27,0,30,0,1,37,0,38,0,4,64,0,68,41,0,41,109
03/23/2010,TIW,WA,ANM,WE,Federal Contract Tower,0,0,33,4,37,0,0,72,5,77,0,0,105,9,114,93,0,93,207
03/24/2010,TIW,WA,ANM,WE,Federal Contract Tower,0,8,11,2,21,0,0,86,0,86,0,8,97,2,107,98,0,98,205
03/25/2010,TIW,WA,ANM,WE,Federal Contract Tower,0,4,16,0,20,0,0,5,0,5,0,4,21,0,25,2,0,2,27
03/26/2010,TIW,WA,ANM,WE,Federal Contract Tower,0,0,24,0,24,0,0,39,2,41,0,0,63,2,65,30,0,30,95
03/27/2010,TIW,WA,ANM,WE,Federal Contract Tower,0,0,25,0,25,0,2,119,0,121,0,2,144,0,146,136,0,136,282
03/28/2010,TIW,WA,ANM,WE,Federal Contract Tower,0,0,6,0,6,0,0,17,0,17,0,0,23,0,23,17,0,17,40
03/29/2010,TIW,WA,ANM,WE,Federal Contract Tower,0,2,6,0,8,0,0,2,1,3,0,2,8,1,11,0,0,0,11
03/30/2010,TIW,WA,ANM,WE,Federal Contract Tower,0,0,14,2,16,0,5,5,0,10,0,5,19,2,26,18,0,18,44
03/31/2010,TIW,WA,ANM,WE,Federal Contract Tower,0,0,49,0,49,0,0,38,0,38,0,0,87,0,87,24,0,24,111
04/01/2010,TIW,WA,ANM,WE,Federal Contract Tower,0,0,28,2,30,0,0,43,0,43,0,0,71,2,73,68,0,68,141
04/02/2010,TIW,WA,ANM,WE,Federal Contract Tower,0,0,10,0,10,0,0,0,0,0,0,0,10,0,10,0,0,0,10
04/03/2010,TIW,WA,ANM,WE,Federal Contract Tower,0,0,20,0,20,0,0,24,2,26,0,0,44,2,46,40,0,40,86
04/04/2010,TIW,WA,ANM,WE,Federal Contract Tower,0,0,26,2,28,0,0,34,0,34,0,0,60,2,62,46,0,46,108
04/05/2010,TIW,WA,ANM,WE,Federal Contract Tower,0,1,16,0,17,0,1,30,0,31,0,2,46,0,48,39,0,39,87
04/06/2010,TIW,WA,ANM,WE,Federal Contract Tower,0,0,22,2,24,0,2,15,6,23,0,2,37,8,47,20,6,26,73
04/07/2010,TIW,WA,ANM,WE,Federal Contract Tower,0,0,38,0,38,0,0,35,2,37,0,0,73,2,75,58,6,64,139
04/08/2010,TIW,WA,ANM,WE,Federal Contract Tower,0,0,6,0,6,0,0,16,6,22,0,0,22,6,28,5,0,5,33
04/09/2010,TIW,WA,ANM,WE,Federal Contract Tower,0,0,9,0,9,0,0,35,0,35,0,0,44,0,44,33,0,33,77
04/10/2010,TIW,WA,ANM,WE,Federal Contract Tower,0,0,31,0,31,0,0,86,0,86,0,0,117,0,117,62,0,62,179
04/11/2010,TIW,WA,ANM,WE,Federal Contract Tower,0,1,18,0,19,0,0,92,0,92,0,1,110,0,111,110,0,110,221
04/12/2010,TIW,WA,ANM,WE,Federal Contract Tower,0,2,27,0,29,0,1,51,0,52,0,3,78,0,81,38,0,38,119
04/13/2010,TIW,WA,ANM,WE,Federal Contract Tower,0,0,30,2,32,0,1,44,4,49,0,1,74,6,81,68,0,68,149
04/14/2010,TIW,WA,ANM,WE,Federal Contract Tower,0,1,54,0,55,0,0,86,0,86,0,1,140,0,141,66,0,66,207
04/15/2010,TIW,WA,ANM,WE,Federal Contract Tower,0,1,25,0,26,0,0,44,0,44,0,1,69,0,70,48,0,48,118
04/16/2010,TIW,WA,ANM,WE,Federal Contract Tower,0,3,27,0,30,0,0,64,4,68,0,3,91,4,98,34,0,34,132
04/17/2010,TIW,WA,ANM,WE,Federal Contract Tower,0,0,27,2,29,0,0,64,0,64,0,0,91,2,93,66,0,66,159
04/18/2010,TIW,WA,ANM,WE,Federal Contract Tower,0,2,34,2,38,0,0,86,1,87,0,2,120,3,125,122,0,122,247
04/19/2010,TIW,WA,ANM,WE,Federal Contract Tower,0,4,38,0,42,0,1,67,2,70,0,5,105,2,112,68,6,74,186
04/20/2010,TIW,WA,ANM,WE,Federal Contract Tower,0,2,34,0,36,0,0,16,0,16,0,2,50,0,52,13,0,13,65
04/21/2010,TIW,WA,ANM,WE,Federal Contract Tower,0,2,28,4,34,0,0,23,4,27,0,2,51,8,61,20,0,20,81
04/22/2010,TIW,WA,ANM,WE,Federal Contract Tower,0,0,36,0,36,0,0,53,0,53,0,0,89,0,89,101,0,101,190
04/23/2010,TIW,WA,ANM,WE,Federal Contract Tower,0,0,46,0,46,0,0,83,2,85,0,0,129,2,131,80,0,80,211
04/24/2010,TIW,WA,ANM,WE,Federal Contract Tower,0,0,28,0,28,0,0,52,0,52,0,0,80,0,80,28,0,28,108
04/25/2010,TIW,WA,ANM,WE,Federal Contract Tower,0,0,33,0,33,0,0,0,0,0,0,0,33,0,33,147,0,147,180
04/26/2010,TIW,WA,ANM,WE,Federal Contract Tower,0,1,23,0,24,0,1,45,0,46,0,2,68,0,70,70,0,70,140
04/27/2010,TIW,WA,ANM,WE,Federal Contract Tower,0,0,31,0,31,0,2,26,4,32,0,2,57,4,63,27,0,27,90
04/28/2010,TIW,WA,ANM,WE,Federal Contract Tower,0,0,11,0,11,0,2,28,0,30,0,2,39,0,41,31,0,31,72
04/29/2010,TIW,WA,ANM,WE,Federal Contract Tower,0,2,35,2,39,0,5,52,2,59,0,7,87,4,98,56,4,60,158
04/30/2010,TIW,WA,ANM,WE,Federal Contract Tower,0,1,28,0,29,0,0,54,0,54,0,1,82,0,83,50,0,50,133
05/01/2010,TIW,WA,ANM,WE,Federal Contract Tower,0,2,32,0,34,0,0,52,0,52,0,2,84,0,86,104,0,104,190
05/02/2010,TIW,WA,ANM,WE,Federal Contract Tower,0,1,44,1,46,0,0,31,4,35,0,1,75,5,81,58,0,58,139
05/03/2010,TIW,WA,ANM,WE,Federal Contract Tower,0,1,8,0,9,0,2,15,2,19,0,3,23,2,28,6,0,6,34
05/04/2010,TIW,WA,ANM,WE,Federal Contract Tower,0,2,31,0,33,0,0,54,0,54,0,2,85,0,87,63,0,63,150
05/05/2010,TIW,WA,ANM,WE,Federal Contract Tower,0,2,29,0,31,0,0,53,0,53,0,2,82,0,84,50,0,50,134
05/06/2010,TIW,WA,ANM,WE,Federal Contract Tower,0,2,65,0,67,0,0,69,0,69,0,2,134,0,136,118,0,118,254
05/07/2010,TIW,WA,ANM,WE,Federal Contract Tower,0,2,33,2,37,0,0,106,0,106,0,2,139,2,143,129,0,129,272
05/08/2010,TIW,WA,ANM,WE,Federal Contract Tower,0,0,15,0,15,0,0,132,2,134,0,0,147,2,149,119,0,119,268
05/09/2010,TIW,WA,ANM,WE,Federal Contract Tower,0,0,14,0,14,0,0,78,0,78,0,0,92,0,92,114,0,114,206
05/10/2010,TIW,WA,ANM,WE,Federal Contract Tower,0,2,26,0,28,0,1,15,0,16,0,3,41,0,44,4,0,4,48
05/11/2010,TIW,WA,ANM,WE,Federal Contract Tower,0,0,40,0,40,0,4,55,0,59,0,4,95,0,99,73,0,73,172
05/12/2010,TIW,WA,ANM,WE,Federal Contract Tower,0,0,41,0,41,0,0,85,0,85,0,0,126,0,126,44,0,44,170
05/13/2010,TIW,WA,ANM,WE,Federal Contract Tower,0,0,30,0,30,0,0,90,0,90,0,0,120,0,120,56,0,56,176
05/14/2010,TIW,WA,ANM,WE,Federal Contract Tower,0,0,39,0,39,0,0,118,6,124,0,0,157,6,163,110,0,110,273
05/15/2010,TIW,WA,ANM,WE,Federal Contract Tower,0,4,28,2,34,0,0,139,3,142,0,4,167,5,176,138,0,138,314
05/16/2010,TIW,WA,ANM,WE,Federal Contract Tower,0,2,21,0,23,0,0,62,2,64,0,2,83,2,87,81,0,81,168
05/17/2010,TIW,WA,ANM,WE,Federal Contract Tower,0,1,23,4,28,0,1,39,0,40,0,2,62,4,68,16,0,16,84
05/18/2010,TIW,WA,ANM,WE,Federal Contract Tower,0,0,60,0,60,0,1,20,0,21,0,1,80,0,81,23,0,23,104
05/19/2010,TIW,WA,ANM,WE,Federal Contract Tower,0,2,6,0,8,0,0,30,0,30,0,2,36,0,38,44,0,44,82
05/20/2010,TIW,WA,ANM,WE,Federal Contract Tower,0,2,3,0,5,0,2,15,0,17,0,4,18,0,22,30,0,30,52
05/21/2010,TIW,WA,ANM,WE,Federal Contract Tower,0,0,24,0,24,0,0,50,2,52,0,0,74,2,76,53,0,53,129
05/22/2010,TIW,WA,ANM,WE,Federal Contract Tower,0,0,25,0,25,0,0,49,2,51,0,0,74,2,76,122,0,122,198
05/23/2010,TIW,WA,ANM,WE,Federal Contract Tower,0,0,16,1,17,0,0,50,4,54,0,0,66,5,71,70,0,70,141
05/24/2010,TIW,WA,ANM,WE,Federal Contract Tower,0,1,41,2,44,0,1,72,0,73,0,2,113,2,117,69,0,69,186
05/25/2010,TIW,WA,ANM,WE,Federal Contract Tower,0,2,33,0,35,0,0,40,0,40,0,2,73,0,75,87,0,87,162
05/26/2010,TIW,WA,ANM,WE,Federal Contract Tower,0,0,11,0,11,0,0,10,0,10,0,0,21,0,21,0,0,0,21
05/27/2010,TIW,WA,ANM,WE,Federal Contract Tower,0,0,23,0,23,0,1,38,0,39,0,1,61,0,62,77,0,77,139
05/28/2010,TIW,WA,ANM,WE,Federal Contract Tower,0,0,27,0,27,0,0,0,0,0,0,0,27,0,27,0,0,0,27
05/29/2010,TIW,WA,ANM,WE,Federal Contract Tower,0,0,43,2,45,0,0,25,0,25,0,0,68,2,70,20,0,20,90
05/30/2010,TIW,WA,ANM,WE,Federal Contract Tower,0,0,16,0,16,0,0,29,2,31,0,0,45,2,47,49,0,49,96
05/31/2010,TIW,WA,ANM,WE,Federal Contract Tower,0,0,22,0,22,0,0,19,0,19,0,0,41,0,41,58,0,58,99
06/01/2010,TIW,WA,ANM,WE,Federal Contract Tower,0,5,28,0,33,0,1,66,2,69,0,6,94,2,102,105,6,111,213
06/02/2010,TIW,WA,ANM,WE,Federal Contract Tower,0,1,12,0,13,0,0,6,0,6,0,1,18,0,19,10,0,10,29
06/03/2010,TIW,WA,ANM,WE,Federal Contract Tower,0,2,59,1,62,0,2,82,9,93,0,4,141,10,155,114,3,117,272
06/04/2010,TIW,WA,ANM,WE,Federal Contract Tower,0,0,31,0,31,0,0,22,0,22,0,0,53,0,53,6,0,6,59
06/05/2010,TIW,WA,ANM,WE,Federal Contract Tower,0,0,37,0,37,0,2,131,2,135,0,2,168,2,172,166,0,166,338
06/06/2010,TIW,WA,ANM,WE,Federal Contract Tower,0,0,30,0,30,0,0,6,0,6,0,0,36,0,36,0,0,0,36
06/07/2010,TIW,WA,ANM,WE,Federal Contract Tower,0,0,46,0,46,0,2,52,0,54,0,2,98,0,100,80,0,80,180
06/08/2010,TIW,WA,ANM,WE,Federal Contract Tower,0,0,39,0,39,0,0,89,4,93,0,0,128,4,132,83,0,83,215
06/09/2010,TIW,WA,ANM,WE,Federal Contract Tower,0,0,15,4,19,0,0,16,0,16,0,0,31,4,35,0,0,0,35
06/10/2010,TIW,WA,ANM,WE,Federal Contract Tower,0,0,22,0,22,0,0,25,0,25,0,0,47,0,47,24,0,24,71
06/11/2010,TIW,WA,ANM,WE,Federal Contract Tower,0,1,53,2,56,0,0,44,4,48,0,1,97,6,104,65,0,65,169
06/12/2010,TIW,WA,ANM,WE,Federal Contract Tower,0,0,23,0,23,0,0,157,0,157,0,0,180,0,180,120,0,120,300
06/13/2010,TIW,WA,ANM,WE,Federal Contract Tower,0,0,24,0,24,0,0,101,0,101,0,0,125,0,125,76,0,76,201
06/14/2010,TIW,WA,ANM,WE,Federal Contract Tower,0,3,36,0,39,0,0,94,3,97,0,3,130,3,136,84,0,84,220
06/15/2010,TIW,WA,ANM,WE,Federal Contract Tower,0,3,21,2,26,0,1,57,7,65,0,4,78,9,91,66,0,66,157
06/16/2010,TIW,WA,ANM,WE,Federal Contract Tower,0,0,30,2,32,0,0,33,0,33,0,0,63,2,65,50,0,50,115
06/17/2010,TIW,WA,ANM,WE,Federal Contract Tower,0,0,29,0,29,0,0,58,2,60,0,0,87,2,89,107,2,109,198
06/18/2010,TIW,WA,ANM,WE,Federal Contract Tower,0,2,21,0,23,0,0,67,3,70,0,2,88,3,93,96,0,96,189
06/19/2010,TIW,WA,ANM,WE,Federal Contract Tower,0,0,39,0,39,0,0,0,0,0,0,0,39,0,39,4,0,4,43
06/20/2010,TIW,WA,ANM,WE,Federal Contract Tower,0,0,23,0,23,0,0,23,0,23,0,0,46,0,46,9,0,9,55
06/21/2010,TIW,WA,ANM,WE,Federal Contract Tower,0,1,23,0,24,0,4,65,0,69,0,5,88,0,93,58,0,58,151
06/22/2010,TIW,WA,ANM,WE,Federal Contract Tower,0,3,34,0,37,0,0,100,2,102,0,3,134,2,139,122,0,122,261
06/23/2010,TIW,WA,ANM,WE,Federal Contract Tower,0,0,32,1,33,0,0,113,11,124,0,0,145,12,157,132,0,132,289
06/24/2010,TIW,WA,ANM,WE,Federal Contract Tower,0,0,40,2,42,0,0,51,2,53,0,0,91,4,95,88,0,88,183
06/25/2010,TIW,WA,ANM,WE,Federal Contract Tower,0,0,34,0,34,0,0,41,5,46,0,0,75,5,80,86,0,86,166
06/26/2010,TIW,WA,ANM,WE,Federal Contract Tower,0,0,26,0,26,0,0,83,0,83,0,0,109,0,109,100,0,100,209
06/27/2010,TIW,WA,ANM,WE,Federal Contract Tower,0,0,18,0,18,0,1,98,0,99,0,1,116,0,117,118,0,118,235
06/28/2010,TIW,WA,ANM,WE,Federal Contract Tower,0,1,21,4,26,0,1,64,0,65,0,2,85,4,91,63,0,63,154
06/29/2010,TIW,WA,ANM,WE,Federal Contract Tower,0,0,32,6,38,0,0,66,0,66,0,0,98,6,104,92,0,92,196
06/30/2010,TIW,WA,ANM,WE,Federal Contract Tower,0,0,125,0,125,0,0,55,3,58,0,0,180,3,183,70,0,70,253
07/01/2010,TIW,WA,ANM,WE,Federal Contract Tower,0,0,21,0,21,0,0,58,2,60,0,0,79,2,81,54,0,54,135
07/02/2010,TIW,WA,ANM,WE,Federal Contract Tower,0,0,33,0,33,0,0,37,0,37,0,0,70,0,70,10,0,10,80
07/03/2010,TIW,WA,ANM,WE,Federal Contract Tower,0,0,31,0,31,0,0,89,0,89,0,0,120,0,120,78,0,78,198
07/04/2010,TIW,WA,ANM,WE,Federal Contract Tower,0,0,23,0,23,0,0,63,8,71,0,0,86,8,94,12,14,26,120
07/05/2010,TIW,WA,ANM,WE,Federal Contract Tower,0,0,22,8,30,0,0,53,0,53,0,0,75,8,83,118,0,118,201
07/06/2010,TIW,WA,ANM,WE,Federal Contract Tower,0,0,18,0,18,0,2,71,2,75,0,2,89,2,93,72,8,80,173
07/07/2010,TIW,WA,ANM,WE,Federal Contract Tower,0,0,26,0,26,0,0,88,0,88,0,0,114,0,114,20,0,20,134
07/08/2010,TIW,WA,ANM,WE,Federal Contract Tower,0,0,16,0,16,0,2,117,0,119,0,2,133,0,135,58,0,58,193
07/09/2010,TIW,WA,ANM,WE,Federal Contract Tower,0,0,25,1,26,0,0,83,2,85,0,0,108,3,111,61,0,61,172
07/10/2010,TIW,WA,ANM,WE,Federal Contract Tower,0,0,22,2,24,0,0,122,1,123,0,0,144,3,147,98,2,100,247
07/11/2010,TIW,WA,ANM,WE,Federal Contract Tower,0,0,33,0,33,0,0,68,0,68,0,0,101,0,101,92,0,92,193
07/12/2010,TIW,WA,ANM,WE,Federal Contract Tower,0,3,22,0,25,0,2,68,0,70,0,5,90,0,95,50,0,50,145
07/13/2010,TIW,WA,ANM,WE,Federal Contract Tower,0,1,38,0,39,0,0,85,0,85,0,1,123,0,124,48,0,48,172
07/14/2010,TIW,WA,ANM,WE,Federal Contract Tower,0,0,35,0,35,0,0,85,2,87,0,0,120,2,122,106,0,106,228
07/15/2010,TIW,WA,ANM,WE,Federal Contract Tower,0,0,21,6,27,0,1,70,2,73,0,1,91,8,100,46,0,46,146
07/16/2010,TIW,WA,ANM,WE,Federal Contract Tower,0,1,28,1,30,0,0,49,2,51,0,1,77,3,81,56,0,56,137
07/17/2010,TIW,WA,ANM,WE,Federal Contract Tower,0,1,27,0,28,0,0,68,0,68,0,1,95,0,96,84,0,84,180
07/18/2010,TIW,WA,ANM,WE,Federal Contract Tower,0,0,25,0,25,0,0,35,0,35,0,0,60,0,60,49,0,49,109
07/19/2010,TIW,WA,ANM,WE,Federal Contract Tower,0,1,40,0,41,0,1,51,0,52,0,2,91,0,93,71,0,71,164
07/20/2010,TIW,WA,ANM,WE,Federal Contract Tower,0,3,18,4,25,0,0,54,0,54,0,3,72,4,79,12,0,12,91
07/21/2010,TIW,WA,ANM,WE,Federal Contract Tower,0,3,41,0,44,0,0,87,0,87,0,3,128,0,131,112,0,112,243
07/22/2010,TIW,WA,ANM,WE,Federal Contract Tower,0,0,21,0,21,0,0,28,2,30,0,0,49,2,51,78,0,78,129
07/23/2010,TIW,WA,ANM,WE,Federal Contract Tower,0,2,38,2,42,0,0,79,0,79,0,2,117,2,121,24,0,24,145
07/24/2010,TIW,WA,ANM,WE,Federal Contract Tower,0,0,17,0,17,0,0,107,2,109,0,0,124,2,126,136,0,136,262
07/25/2010,TIW,WA,ANM,WE,Federal Contract Tower,0,0,20,0,20,0,2,99,0,101,0,2,119,0,121,100,0,100,221
07/26/2010,TIW,WA,ANM,WE,Federal Contract Tower,0,1,27,0,28,0,1,93,2,96,0,2,120,2,124,91,0,91,215
07/27/2010,TIW,WA,ANM,WE,Federal Contract Tower,0,0,27,0,27,0,0,61,0,61,0,0,88,0,88,43,0,43,131
07/28/2010,TIW,WA,ANM,WE,Federal Contract Tower,0,4,16,4,24,0,4,63,2,69,0,8,79,6,93,58,0,58,151
07/29/2010,TIW,WA,ANM,WE,Federal Contract Tower,0,13,26,2,41,0,0,53,0,53,0,13,79,2,94,44,0,44,138
07/30/2010,TIW,WA,ANM,WE,Federal Contract Tower,0,0,15,0,15,0,0,57,0,57,0,0,72,0,72,73,0,73,145
07/31/2010,TIW,WA,ANM,WE,Federal Contract Tower,0,1,39,4,44,0,0,58,0,58,0,1,97,4,102,42,0,42,144
08/01/2010,TIW,WA,ANM,WE,Federal Contract Tower,0,2,34,0,36,0,0,88,8,96,0,2,122,8,132,80,0,80,212
08/02/2010,TIW,WA,ANM,WE,Federal Contract Tower,0,2,29,1,32,0,1,60,1,62,0,3,89,2,94,140,0,140,234
08/03/2010,TIW,WA,ANM,WE,Federal Contract Tower,0,0,32,0,32,0,0,47,0,47,0,0,79,0,79,88,0,88,167
08/04/2010,TIW,WA,ANM,WE,Federal Contract Tower,0,0,40,0,40,0,2,76,2,80,0,2,116,2,120,72,0,72,192
08/05/2010,TIW,WA,ANM,WE,Federal Contract Tower,0,0,17,0,17,0,2,83,0,85,0,2,100,0,102,142,0,142,244
08/06/2010,TIW,WA,ANM,WE,Federal Contract Tower,0,2,20,0,22,0,0,64,0,64,0,2,84,0,86,52,0,52,138
08/07/2010,TIW,WA,ANM,WE,Federal Contract Tower,0,0,21,0,21,0,0,8,4,12,0,0,29,4,33,6,0,6,39
08/08/2010,TIW,WA,ANM,WE,Federal Contract Tower,0,7,16,0,23,0,0,65,6,71,0,7,81,6,94,84,0,84,178
08/09/2010,TIW,WA,ANM,WE,Federal Contract Tower,0,9,24,0,33,0,0,45,0,45,0,9,69,0,78,113,0,113,191
08/10/2010,TIW,WA,ANM,WE,Federal Contract Tower,0,3,40,0,43,0,0,68,2,70,0,3,108,2,113,92,4,96,209
08/11/2010,TIW,WA,ANM,WE,Federal Contract Tower,0,0,36,0,36,0,0,68,0,68,0,0,104,0,104,152,0,152,256
08/12/2010,TIW,WA,ANM,WE,Federal Contract Tower,0,0,37,0,37,0,2,79,0,81,0,2,116,0,118,84,0,84,202
08/13/2010,TIW,WA,ANM,WE,Federal Contract Tower,0,2,38,0,40,0,0,106,0,106,0,2,144,0,146,81,0,81,227
08/14/2010,TIW,WA,ANM,WE,Federal Contract Tower,0,0,12,0,12,0,0,107,0,107,0,0,119,0,119,100,0,100,219
08/15/2010,TIW,WA,ANM,WE,Federal Contract Tower,0,2,13,0,15,0,0,53,2,55,0,2,66,2,70,94,0,94,164
08/16/2010,TIW,WA,ANM,WE,Federal Contract Tower,0,4,52,1,57,0,2,66,2,70,0,6,118,3,127,116,0,116,243
08/17/2010,TIW,WA,ANM,WE,Federal Contract Tower,0,1,17,0,18,0,0,39,0,39,0,1,56,0,57,51,0,51,108
08/18/2010,TIW,WA,ANM,WE,Federal Contract Tower,0,1,29,0,30,0,0,46,8,54,0,1,75,8,84,48,0,48,132
08/19/2010,TIW,WA,ANM,WE,Federal Contract Tower,0,0,25,0,25,0,0,59,2,61,0,0,84,2,86,66,0,66,152
08/20/2010,TIW,WA,ANM,WE,Federal Contract Tower,0,0,46,0,46,0,0,83,2,85,0,0,129,2,131,112,0,112,243
08/21/2010,TIW,WA,ANM,WE,Federal Contract Tower,0,1,27,0,28,0,2,99,0,101,0,3,126,0,129,102,0,102,231
08/22/2010,TIW,WA,ANM,WE,Federal Contract Tower,0,0,21,0,21,0,0,76,0,76,0,0,97,0,97,92,0,92,189
08/23/2010,TIW,WA,ANM,WE,Federal Contract Tower,0,1,36,6,43,0,1,72,0,73,0,2,108,6,116,61,0,61,177
08/24/2010,TIW,WA,ANM,WE,Federal Contract Tower,0,6,29,0,35,0,0,97,3,100,0,6,126,3,135,171,1,172,307
08/25/2010,TIW,WA,ANM,WE,Federal Contract Tower,0,0,25,0,25,0,0,111,0,111,0,0,136,0,136,98,0,98,234
08/26/2010,TIW,WA,ANM,WE,Federal Contract Tower,0,0,18,0,18,0,0,38,1,39,0,0,56,1,57,26,0,26,83
08/27/2010,TIW,WA,ANM,WE,Federal Contract Tower,0,0,42,0,42,0,0,61,1,62,0,0,103,1,104,80,0,80,184
08/28/2010,TIW,WA,ANM,WE,Federal Contract Tower,0,0,61,0,61,0,0,108,0,108,0,0,169,0,169,92,0,92,261
08/29/2010,TIW,WA,ANM,WE,Federal Contract Tower,0,0,37,0,37,0,0,62,0,62,0,0,99,0,99,114,0,114,213
08/30/2010,TIW,WA,ANM,WE,Federal Contract Tower,0,1,19,0,20,0,1,77,17,95,0,2,96,17,115,129,0,129,244
08/31/2010,TIW,WA,ANM,WE,Federal Contract Tower,0,0,17,1,18,0,2,12,4,18,0,2,29,5,36,4,0,4,40
09/01/2010,TIW,WA,ANM,WE,Federal Contract Tower,0,0,24,0,24,0,0,31,0,31,0,0,55,0,55,73,0,73,128
09/02/2010,TIW,WA,ANM,WE,Federal Contract Tower,0,0,23,2,25,0,0,70,0,70,0,0,93,2,95,74,0,74,169
09/03/2010,TIW,WA,ANM,WE,Federal Contract Tower,0,0,26,0,26,0,0,114,2,116,0,0,140,2,142,198,0,198,340
09/04/2010,TIW,WA,ANM,WE,Federal Contract Tower,0,0,19,0,19,0,0,99,0,99,0,0,118,0,118,66,0,66,184
09/05/2010,TIW,WA,ANM,WE,Federal Contract Tower,0,0,27,1,28,0,2,80,5,87,0,2,107,6,115,64,0,64,179
09/06/2010,TIW,WA,ANM,WE,Federal Contract Tower,0,0,37,2,39,0,1,39,0,40,0,1,76,2,79,50,0,50,129
09/07/2010,TIW,WA,ANM,WE,Federal Contract Tower,0,4,16,2,22,0,0,43,0,43,0,4,59,2,65,80,0,80,145
09/08/2010,TIW,WA,ANM,WE,Federal Contract Tower,0,0,21,2,23,0,0,10,0,10,0,0,31,2,33,0,0,0,33
09/09/2010,TIW,WA,ANM,WE,Federal Contract Tower,0,2,49,0,51,0,0,55,1,56,0,2,104,1,107,84,0,84,191
09/10/2010,TIW,WA,ANM,WE,Federal Contract Tower,0,0,32,0,32,0,0,62,1,63,0,0,94,1,95,77,0,77,172
09/11/2010,TIW,WA,ANM,WE,Federal Contract Tower,0,2,44,0,46,0,0,107,6,113,0,2,151,6,159,102,0,102,261
09/12/2010,TIW,WA,ANM,WE,Federal Contract Tower,0,0,23,0,23,0,0,72,0,72,0,0,95,0,95,80,0,80,175
09/13/2010,TIW,WA,ANM,WE,Federal Contract Tower,0,6,18,2,26,0,1,75,0,76,0,7,93,2,102,49,0,49,151
09/14/2010,TIW,WA,ANM,WE,Federal Contract Tower,0,2,20,0,22,0,0,73,0,73,0,2,93,0,95,83,0,83,178
09/15/2010,TIW,WA,ANM,WE,Federal Contract Tower,0,1,28,0,29,0,0,39,0,39,0,1,67,0,68,48,0,48,116
09/16/2010,TIW,WA,ANM,WE,Federal Contract Tower,0,0,24,0,24,0,0,2,0,2,0,0,26,0,26,0,0,0,26
09/17/2010,TIW,WA,ANM,WE,Federal Contract Tower,0,1,11,0,12,0,0,7,0,7,0,1,18,0,19,4,0,4,23
09/18/2010,TIW,WA,ANM,WE,Federal Contract Tower,0,0,32,0,32,0,0,72,0,72,0,0,104,0,104,118,0,118,222
09/19/2010,TIW,WA,ANM,WE,Federal Contract Tower,0,0,9,0,9,0,0,34,0,34,0,0,43,0,43,76,0,76,119
09/20/2010,TIW,WA,ANM,WE,Federal Contract Tower,0,4,14,0,18,0,0,27,0,27,0,4,41,0,45,34,0,34,79
09/21/2010,TIW,WA,ANM,WE,Federal Contract Tower,0,0,39,0,39,0,0,89,4,93,0,0,128,4,132,113,0,113,245
09/22/2010,TIW,WA,ANM,WE,Federal Contract Tower,0,0,27,2,29,0,0,162,0,162,0,0,189,2,191,134,0,134,325
09/23/2010,TIW,WA,ANM,WE,Federal Contract Tower,0,0,24,0,24,0,0,25,0,25,0,0,49,0,49,52,0,52,101
09/24/2010,TIW,WA,ANM,WE,Federal Contract Tower,0,1,26,0,27,0,0,68,0,68,0,1,94,0,95,80,0,80,175
09/25/2010,TIW,WA,ANM,WE,Federal Contract Tower,0,3,25,0,28,0,0,179,0,179,0,3,204,0,207,195,0,195,402
09/26/2010,TIW,WA,ANM,WE,Federal Contract Tower,0,2,14,0,16,0,0,2,0,2,0,2,16,0,18,0,0,0,18
09/27/2010,TIW,WA,ANM,WE,Federal Contract Tower,0,1,15,0,16,0,1,36,0,37,0,2,51,0,53,65,0,65,118
09/28/2010,TIW,WA,ANM,WE,Federal Contract Tower,0,10,31,0,41,0,0,23,0,23,0,10,54,0,64,46,0,46,110
09/29/2010,TIW,WA,ANM,WE,Federal Contract Tower,0,0,42,2,44,0,0,54,0,54,0,0,96,2,98,87,0,87,185
09/30/2010,TIW,WA,ANM,WE,Federal Contract Tower,0,0,46,0,46,0,0,53,1,54,0,0,99,1,100,102,0,102,202
10/01/2010,TIW,WA,ANM,WE,Federal Contract Tower,0,2,35,3,40,0,0,72,5,77,0,2,107,8,117,64,0,64,181
10/02/2010,TIW,WA,ANM,WE,Federal Contract Tower,0,0,32,2,34,0,0,77,0,77,0,0,109,2,111,94,4,98,209
10/03/2010,TIW,WA,ANM,WE,Federal Contract Tower,0,1,33,0,34,0,0,37,0,37,0,1,70,0,71,104,0,104,175
10/04/2010,TIW,WA,ANM,WE,Federal Contract Tower,0,2,33,0,35,0,2,67,2,71,0,4,100,2,106,78,0,78,184
10/05/2010,TIW,WA,ANM,WE,Federal Contract Tower,0,5,32,0,37,0,0,101,0,101,0,5,133,0,138,100,0,100,238
10/06/2010,TIW,WA,ANM,WE,Federal Contract Tower,0,1,25,0,26,0,0,102,0,102,0,1,127,0,128,84,0,84,212
10/07/2010,TIW,WA,ANM,WE,Federal Contract Tower,0,0,45,0,45,0,0,65,2,67,0,0,110,2,112,120,0,120,232
10/08/2010,TIW,WA,ANM,WE,Federal Contract Tower,0,0,18,0,18,0,0,39,0,39,0,0,57,0,57,46,0,46,103
10/09/2010,TIW,WA,ANM,WE,Federal Contract Tower,0,0,28,0,28,0,0,13,0,13,0,0,41,0,41,14,0,14,55
10/10/2010,TIW,WA,ANM,WE,Federal Contract Tower,0,0,26,2,28,0,0,14,2,16,0,0,40,4,44,10,4,14,58
10/11/2010,TIW,WA,ANM,WE,Federal Contract Tower,0,0,22,0,22,0,1,93,0,94,0,1,115,0,116,88,0,88,204
10/12/2010,TIW,WA,ANM,WE,Federal Contract Tower,0,7,32,0,39,0,1,98,2,101,0,8,130,2,140,109,0,109,249
10/13/2010,TIW,WA,ANM,WE,Federal Contract Tower,0,4,29,8,41,0,0,132,0,132,0,4,161,8,173,170,0,170,343
10/14/2010,TIW,WA,ANM,WE,Federal Contract Tower,0,0,36,0,36,0,0,42,0,42,0,0,78,0,78,52,0,52,130
10/15/2010,TIW,WA,ANM,WE,Federal Contract Tower,0,2,42,0,44,0,0,74,0,74,0,2,116,0,118,78,0,78,196
10/16/2010,TIW,WA,ANM,WE,Federal Contract Tower,0,1,21,0,22,0,2,118,2,122,0,3,139,2,144,158,0,158,302
10/17/2010,TIW,WA,ANM,WE,Federal Contract Tower,0,0,32,0,32,0,0,95,0,95,0,0,127,0,127,94,0,94,221
10/18/2010,TIW,WA,ANM,WE,Federal Contract Tower,0,3,25,0,28,0,0,33,0,33,0,3,58,0,61,33,0,33,94
10/19/2010,TIW,WA,ANM,WE,Federal Contract Tower,0,4,36,0,40,0,0,68,0,68,0,4,104,0,108,99,0,99,207
10/20/2010,TIW,WA,ANM,WE,Federal Contract Tower,0,10,37,0,47,0,0,106,4,110,0,10,143,4,157,103,0,103,260
10/21/2010,TIW,WA,ANM,WE,Federal Contract Tower,0,1,15,0,16,0,0,18,0,18,0,1,33,0,34,10,0,10,44
10/22/2010,TIW,WA,ANM,WE,Federal Contract Tower,0,6,35,0,41,0,11,69,0,80,0,17,104,0,121,96,0,96,217
10/23/2010,TIW,WA,ANM,WE,Federal Contract Tower,0,0,25,2,27,0,0,55,0,55,0,0,80,2,82,88,0,88,170
10/24/2010,TIW,WA,ANM,WE,Federal Contract Tower,0,0,4,0,4,0,0,5,6,11,0,0,9,6,15,0,0,0,15
10/25/2010,TIW,WA,ANM,WE,Federal Contract Tower,0,6,3,1,10,0,4,8,8,20,0,10,11,9,30,4,0,4,34
10/26/2010,TIW,WA,ANM,WE,Federal Contract Tower,0,4,14,4,22,0,0,7,0,7,0,4,21,4,29,0,0,0,29
10/27/2010,TIW,WA,ANM,WE,Federal Contract Tower,0,5,48,6,59,0,7,81,1,89,0,12,129,7,148,60,0,60,208
10/28/2010,TIW,WA,ANM,WE,Federal Contract Tower,0,1,25,0,26,0,0,42,0,42,0,1,67,0,68,48,0,48,116
10/29/2010,TIW,WA,ANM,WE,Federal Contract Tower,0,2,27,4,33,0,1,98,0,99,0,3,125,4,132,104,0,104,236
10/30/2010,TIW,WA,ANM,WE,Federal Contract Tower,0,0,18,0,18,0,0,0,0,0,0,0,18,0,18,0,0,0,18
10/31/2010,TIW,WA,ANM,WE,Federal Contract Tower,0,0,15,0,15,0,0,80,0,80,0,0,95,0,95,137,0,137,232
11/01/2010,TIW,WA,ANM,WE,Federal Contract Tower,0,2,6,2,10,0,0,4,0,4,0,2,10,2,14,8,0,8,22
11/02/2010,TIW,WA,ANM,WE,Federal Contract Tower,0,10,58,6,74,0,0,59,1,60,0,10,117,7,134,50,0,50,184
11/03/2010,TIW,WA,ANM,WE,Federal Contract Tower,0,0,30,4,34,0,0,105,0,105,0,0,135,4,139,122,0,122,261
11/04/2010,TIW,WA,ANM,WE,Federal Contract Tower,0,1,43,2,46,0,0,70,0,70,0,1,113,2,116,94,0,94,210
11/05/2010,TIW,WA,ANM,WE,Federal Contract Tower,0,0,28,0,28,0,0,7,0,7,0,0,35,0,35,0,0,0,35
11/06/2010,TIW,WA,ANM,WE,Federal Contract Tower,0,0,19,0,19,0,0,0,0,0,0,0,19,0,19,0,0,0,19
11/07/2010,TIW,WA,ANM,WE,Federal Contract Tower,0,0,27,2,29,0,0,73,0,73,0,0,100,2,102,80,0,80,182
11/08/2010,TIW,WA,ANM,WE,Federal Contract Tower,0,2,26,8,36,0,1,58,0,59,0,3,84,8,95,59,0,59,154
11/09/2010,TIW,WA,ANM,WE,Federal Contract Tower,0,4,26,2,32,0,0,10,4,14,0,4,36,6,46,4,0,4,50
11/10/2010,TIW,WA,ANM,WE,Federal Contract Tower,0,1,32,4,37,0,0,79,0,79,0,1,111,4,116,56,0,56,172
11/11/2010,TIW,WA,ANM,WE,Federal Contract Tower,0,2,30,6,38,0,0,27,0,27,0,2,57,6,65,36,0,36,101
11/12/2010,TIW,WA,ANM,WE,Federal Contract Tower,0,0,40,0,40,0,1,53,0,54,0,1,93,0,94,56,0,56,150
11/13/2010,TIW,WA,ANM,WE,Federal Contract Tower,0,0,33,0,33,0,0,10,0,10,0,0,43,0,43,14,0,14,57
11/14/2010,TIW,WA,ANM,WE,Federal Contract Tower,0,0,30,0,30,0,0,0,0,0,0,0,30,0,30,0,0,0,30
11/15/2010,TIW,WA,ANM,WE,Federal Contract Tower,0,2,16,4,22,0,0,1,0,1,0,2,17,4,23,20,0,20,43
11/16/2010,TIW,WA,ANM,WE,Federal Contract Tower,0,6,18,0,24,0,0,56,2,58,0,6,74,2,82,28,0,28,110
11/17/2010,TIW,WA,ANM,WE,Federal Contract Tower,0,2,2,0,4,0,0,6,0,6,0,2,8,0,10,0,0,0,10
11/18/2010,TIW,WA,ANM,WE,Federal Contract Tower,0,0,28,2,30,0,2,28,0,30,0,2,56,2,60,39,0,39,99
11/19/2010,TIW,WA,ANM,WE,Federal Contract Tower,0,3,18,2,23,0,0,42,0,42,0,3,60,2,65,74,0,74,139
11/20/2010,TIW,WA,ANM,WE,Federal Contract Tower,0,0,31,0,31,0,0,60,0,60,0,0,91,0,91,80,0,80,171
11/21/2010,TIW,WA,ANM,WE,Federal Contract Tower,0,0,16,0,16,0,0,31,0,31,0,0,47,0,47,67,0,67,114
11/22/2010,TIW,WA,ANM,WE,Federal Contract Tower,0,0,13,0,13,0,0,3,0,3,0,0,16,0,16,4,0,4,20
11/23/2010,TIW,WA,ANM,WE,Federal Contract Tower,0,1,19,0,20,0,1,21,0,22,0,2,40,0,42,2,0,2,44
11/24/2010,TIW,WA,ANM,WE,Federal Contract Tower,0,4,15,0,19,0,0,56,2,58,0,4,71,2,77,63,0,63,140
11/25/2010,TIW,WA,ANM,WE,Federal Contract Tower,0,0,0,0,0,0,0,2,0,2,0,0,2,0,2,0,0,0,2
11/26/2010,TIW,WA,ANM,WE,Federal Contract Tower,0,0,10,2,12,0,0,34,15,49,0,0,44,17,61,61,0,61,122
11/27/2010,TIW,WA,ANM,WE,Federal Contract Tower,0,0,20,10,30,0,0,24,0,24,0,0,44,10,54,50,0,50,104
11/28/2010,TIW,WA,ANM,WE,Federal Contract Tower,0,0,9,7,16,0,0,17,0,17,0,0,26,7,33,18,0,18,51
11/29/2010,TIW,WA,ANM,WE,Federal Contract Tower,0,2,24,2,28,0,0,32,6,38,0,2,56,8,66,105,0,105,171
11/30/2010,TIW,WA,ANM,WE,Federal Contract Tower,0,0,15,2,17,0,0,4,0,4,0,0,19,2,21,16,0,16,37
12/01/2010,TIW,WA,ANM,WE,Federal Contract Tower,0,0,31,8,39,0,0,10,0,10,0,0,41,8,49,10,0,10,59
12/02/2010,TIW,WA,ANM,WE,Federal Contract Tower,0,0,10,2,12,0,0,17,0,17,0,0,27,2,29,24,0,24,53
12/03/2010,TIW,WA,ANM,WE,Federal Contract Tower,0,0,18,10,28,0,0,72,0,72,0,0,90,10,100,118,0,118,218
12/04/2010,TIW,WA,ANM,WE,Federal Contract Tower,0,0,41,0,41,0,0,98,0,98,0,0,139,0,139,74,0,74,213
12/05/2010,TIW,WA,ANM,WE,Federal Contract Tower,0,0,28,0,28,0,0,90,0,90,0,0,118,0,118,110,0,110,228
12/06/2010,TIW,WA,ANM,WE,Federal Contract Tower,0,6,37,4,47,0,0,46,3,49,0,6,83,7,96,74,0,74,170
12/07/2010,TIW,WA,ANM,WE,Federal Contract Tower,0,7,27,0,34,0,3,22,2,27,0,10,49,2,61,24,0,24,85
12/08/2010,TIW,WA,ANM,WE,Federal Contract Tower,0,8,18,0,26,0,4,18,2,24,0,12,36,2,50,21,0,21,71
12/09/2010,TIW,WA,ANM,WE,Federal Contract Tower,0,6,15,0,21,0,0,15,2,17,0,6,30,2,38,38,0,38,76
12/10/2010,TIW,WA,ANM,WE,Federal Contract Tower,0,0,28,0,28,0,2,36,0,38,0,2,64,0,66,40,0,40,106
12/11/2010,TIW,WA,ANM,WE,Federal Contract Tower,0,1,0,14,15,0,0,21,0,21,0,1,21,14,36,14,0,14,50
12/12/2010,TIW,WA,ANM,WE,Federal Contract Tower,0,0,5,0,5,0,0,0,0,0,0,0,5,0,5,0,0,0,5
12/13/2010,TIW,WA,ANM,WE,Federal Contract Tower,0,5,20,0,25,0,8,15,0,23,0,13,35,0,48,0,0,0,48
12/14/2010,TIW,WA,ANM,WE,Federal Contract Tower,0,5,6,0,11,0,0,7,0,7,0,5,13,0,18,2,0,2,20
12/15/2010,TIW,WA,ANM,WE,Federal Contract Tower,0,3,28,2,33,0,0,42,2,44,0,3,70,4,77,34,0,34,111
12/16/2010,TIW,WA,ANM,WE,Federal Contract Tower,0,0,17,8,25,0,0,85,11,96,0,0,102,19,121,150,0,150,271
12/17/2010,TIW,WA,ANM,WE,Federal Contract Tower,0,2,13,0,15,0,2,79,4,85,0,4,92,4,100,104,0,104,204
12/18/2010,TIW,WA,ANM,WE,Federal Contract Tower,0,0,6,0,6,0,2,35,2,39,0,2,41,2,45,66,0,66,111
12/19/2010,TIW,WA,ANM,WE,Federal Contract Tower,0,0,35,0,35,0,0,73,2,75,0,0,108,2,110,103,0,103,213
12/20/2010,TIW,WA,ANM,WE,Federal Contract Tower,0,2,11,4,17,0,2,23,5,30,0,4,34,9,47,55,0,55,102
12/21/2010,TIW,WA,ANM,WE,Federal Contract Tower,0,3,9,0,12,0,0,42,2,44,0,3,51,2,56,41,0,41,97
12/22/2010,TIW,WA,ANM,WE,Federal Contract Tower,0,2,20,2,24,0,0,57,6,63,0,2,77,8,87,78,0,78,165
12/23/2010,TIW,WA,ANM,WE,Federal Contract Tower,0,0,10,0,10,0,0,29,1,30,0,0,39,1,40,70,0,70,110
12/24/2010,TIW,WA,ANM,WE,Federal Contract Tower,0,4,10,0,14,0,0,15,0,15,0,4,25,0,29,22,0,22,51
12/25/2010,TIW,WA,ANM,WE,Federal Contract Tower,0,0,1,0,1,0,0,24,5,29,0,0,25,5,30,8,0,8,38
12/26/2010,TIW,WA,ANM,WE,Federal Contract Tower,0,0,16,0,16,0,0,5,0,5,0,0,21,0,21,8,0,8,29
12/27/2010,TIW,WA,ANM,WE,Federal Contract Tower,0,2,26,0,28,0,0,41,0,41,0,2,67,0,69,50,0,50,119
12/28/2010,TIW,WA,ANM,WE,Federal Contract Tower,0,0,14,0,14,0,2,28,2,32,0,2,42,2,46,45,0,45,91
12/29/2010,TIW,WA,ANM,WE,Federal Contract Tower,0,0,6,4,10,0,0,25,1,26,0,0,31,5,36,32,0,32,68
12/30/2010,TIW,WA,ANM,WE,Federal Contract Tower,0,13,40,1,54,0,1,105,1,107,0,14,145,2,161,112,0,112,273
12/31/2010,TIW,WA,ANM,WE,Federal Contract Tower,0,0,29,0,29,0,0,94,0,94,0,0,123,0,123,93,0,93,216
01/01/2011,TIW,WA,ANM,WE,Federal Contract Tower,0,0,18,0,18,0,0,96,10,106,0,0,114,10,124,90,0,90,214
01/02/2011,TIW,WA,ANM,WE,Federal Contract Tower,0,8,27,0,35,0,2,91,0,93,0,10,118,0,128,92,0,92,220
01/03/2011,TIW,WA,ANM,WE,Federal Contract Tower,0,13,18,0,31,0,7,64,2,73,0,20,82,2,104,138,0,138,242
01/04/2011,TIW,WA,ANM,WE,Federal Contract Tower,0,3,16,8,27,0,0,60,4,64,0,3,76,12,91,45,6,51,142
01/05/2011,TIW,WA,ANM,WE,Federal Contract Tower,0,0,25,0,25,0,0,6,0,6,0,0,31,0,31,0,0,0,31
01/06/2011,TIW,WA,ANM,WE,Federal Contract Tower,0,4,13,4,21,0,0,0,0,0,0,4,13,4,21,0,0,0,21
01/07/2011,TIW,WA,ANM,WE,Federal Contract Tower,0,4,12,0,16,0,0,9,2,11,0,4,21,2,27,14,0,14,41
01/08/2011,TIW,WA,ANM,WE,Federal Contract Tower,0,0,23,0,23,0,0,44,4,48,0,0,67,4,71,102,0,102,173
01/09/2011,TIW,WA,ANM,WE,Federal Contract Tower,0,3,11,0,14,0,0,11,0,11,0,3,22,0,25,52,0,52,77
01/10/2011,TIW,WA,ANM,WE,Federal Contract Tower,0,2,14,0,16,0,0,31,0,31,0,2,45,0,47,58,0,58,105
01/11/2011,TIW,WA,ANM,WE,Federal Contract Tower,0,0,7,0,7,0,2,46,0,48,0,2,53,0,55,35,0,35,90
01/12/2011,TIW,WA,ANM,WE,Federal Contract Tower,0,2,8,0,10,0,0,0,0,0,0,2,8,0,10,0,0,0,10
01/13/2011,TIW,WA,ANM,WE,Federal Contract Tower,0,0,18,0,18,0,0,0,0,0,0,0,18,0,18,0,0,0,18
01/14/2011,TIW,WA,ANM,WE,Federal Contract Tower,0,4,10,0,14,0,0,5,0,5,0,4,15,0,19,12,0,12,31
01/15/2011,TIW,WA,ANM,WE,Federal Contract Tower,0,2,43,0,45,0,0,38,0,38,0,2,81,0,83,6,0,6,89
01/16/2011,TIW,WA,ANM,WE,Federal Contract Tower,0,0,16,0,16,0,0,0,0,0,0,0,16,0,16,0,0,0,16
01/17/2011,TIW,WA,ANM,WE,Federal Contract Tower,0,4,28,0,32,0,0,10,0,10,0,4,38,0,42,2,0,2,44
01/18/2011,TIW,WA,ANM,WE,Federal Contract Tower,0,3,8,8,19,0,1,22,0,23,0,4,30,8,42,58,0,58,100
01/19/2011,TIW,WA,ANM,WE,Federal Contract Tower,0,1,30,0,31,0,0,74,6,80,0,1,104,6,111,95,0,95,206
01/20/2011,TIW,WA,ANM,WE,Federal Contract Tower,0,3,12,0,15,0,0,19,13,32,0,3,31,13,47,18,0,18,65
01/21/2011,TIW,WA,ANM,WE,Federal Contract Tower,0,0,27,0,27,0,0,0,0,0,0,0,27,0,27,0,0,0,27
01/22/2011,TIW,WA,ANM,WE,Federal Contract Tower,0,2,42,0,44,0,0,132,0,132,0,2,174,0,176,114,0,114,290
01/23/2011,TIW,WA,ANM,WE,Federal Contract Tower,0,0,48,0,48,0,0,38,0,38,0,0,86,0,86,81,0,81,167
01/24/2011,TIW,WA,ANM,WE,Federal Contract Tower,0,7,12,0,19,0,1,19,4,24,0,8,31,4,43,20,0,20,63
01/25/2011,TIW,WA,ANM,WE,Federal Contract Tower,0,2,19,0,21,0,0,24,0,24,0,2,43,0,45,32,0,32,77
01/26/2011,TIW,WA,ANM,WE,Federal Contract Tower,0,0,19,0,19,0,0,74,0,74,0,0,93,0,93,86,0,86,179
01/27/2011,TIW,WA,ANM,WE,Federal Contract Tower,0,9,26,0,35,0,0,54,4,58,0,9,80,4,93,58,0,58,151
01/28/2011,TIW,WA,ANM,WE,Federal Contract Tower,0,1,25,2,28,0,3,19,1,23,0,4,44,3,51,34,0,34,85
01/29/2011,TIW,WA,ANM,WE,Federal Contract Tower,0,0,34,0,34,0,0,4,0,4,0,0,38,0,38,10,0,10,48
01/30/2011,TIW,WA,ANM,WE,Federal Contract Tower,0,0,38,0,38,0,0,78,2,80,0,0,116,2,118,107,0,107,225
01/31/2011,TIW,WA,ANM,WE,Federal Contract Tower,0,5,27,0,32,0,0,67,0,67,0,5,94,0,99,36,0,36,135
02/01/2011,TIW,WA,ANM,WE,Federal Contract Tower,0,0,37,6,43,0,1,93,0,94,0,1,130,6,137,86,0,86,223
02/02/2011,TIW,WA,ANM,WE,Federal Contract Tower,0,0,31,0,31,0,0,105,2,107,0,0,136,2,138,60,0,60,198
02/03/2011,TIW,WA,ANM,WE,Federal Contract Tower,0,0,13,0,13,0,0,39,0,39,0,0,52,0,52,32,0,32,84
02/04/2011,TIW,WA,ANM,WE,Federal Contract Tower,0,6,25,0,31,0,0,0,2,2,0,6,25,2,33,0,0,0,33
02/05/2011,TIW,WA,ANM,WE,Federal Contract Tower,0,0,21,0,21,0,0,14,4,18,0,0,35,4,39,40,0,40,79
02/06/2011,TIW,WA,ANM,WE,Federal Contract Tower,0,0,15,0,15,0,0,1,0,1,0,0,16,0,16,0,0,0,16
02/07/2011,TIW,WA,ANM,WE,Federal Contract Tower,0,8,16,0,24,0,0,35,4,39,0,8,51,4,63,84,0,84,147
02/08/2011,TIW,WA,ANM,WE,Federal Contract Tower,0,0,36,2,38,0,0,58,2,60,0,0,94,4,98,87,0,87,185
02/09/2011,TIW,WA,ANM,WE,Federal Contract Tower,0,1,36,0,37,0,6,107,0,113,0,7,143,0,150,147,0,147,297
02/10/2011,TIW,WA,ANM,WE,Federal Contract Tower,0,1,39,2,42,0,0,76,0,76,0,1,115,2,118,52,0,52,170
02/11/2011,TIW,WA,ANM,WE,Federal Contract Tower,0,0,32,0,32,0,1,33,2,36,0,1,65,2,68,34,0,34,102
02/12/2011,TIW,WA,ANM,WE,Federal Contract Tower,0,0,10,4,14,0,0,19,3,22,0,0,29,7,36,12,0,12,48
02/13/2011,TIW,WA,ANM,WE,Federal Contract Tower,0,0,38,0,38,0,0,98,0,98,0,0,136,0,136,116,0,116,252
02/14/2011,TIW,WA,ANM,WE,Federal Contract Tower,0,2,1,0,3,0,0,9,0,9,0,2,10,0,12,30,0,30,42
02/15/2011,TIW,WA,ANM,WE,Federal Contract Tower,0,0,9,0,9,0,0,12,4,16,0,0,21,4,25,16,8,24,49
02/16/2011,TIW,WA,ANM,WE,Federal Contract Tower,0,1,17,0,18,0,0,30,0,30,0,1,47,0,48,0,0,0,48
02/17/2011,TIW,WA,ANM,WE,Federal Contract Tower,0,1,13,0,14,0,0,13,0,13,0,1,26,0,27,12,0,12,39
02/18/2011,TIW,WA,ANM,WE,Federal Contract Tower,0,0,25,0,25,0,0,43,4,47,0,0,68,4,72,42,0,42,114
02/19/2011,TIW,WA,ANM,WE,Federal Contract Tower,0,0,13,0,13,0,0,77,4,81,0,0,90,4,94,28,0,28,122
02/20/2011,TIW,WA,ANM,WE,Federal Contract Tower,0,0,14,0,14,0,0,89,0,89,0,0,103,0,103,73,0,73,176
02/21/2011,TIW,WA,ANM,WE,Federal Contract Tower,0,2,46,0,48,0,2,29,2,33,0,4,75,2,81,40,0,40,121
02/22/2011,TIW,WA,ANM,WE,Federal Contract Tower,0,3,24,4,31,0,1,24,0,25,0,4,48,4,56,0,0,0,56
02/23/2011,TIW,WA,ANM,WE,Federal Contract Tower,0,0,5,0,5,0,0,0,0,0,0,0,5,0,5,0,0,0,5
02/24/2011,TIW,WA,ANM,WE,Federal Contract Tower,0,5,3,0,8,0,0,4,0,4,0,5,7,0,12,26,0,26,38
02/25/2011,TIW,WA,ANM,WE,Federal Contract Tower,0,1,28,0,29,0,4,53,0,57,0,5,81,0,86,79,0,79,165
02/26/2011,TIW,WA,ANM,WE,Federal Contract Tower,0,0,33,0,33,0,0,64,2,66,0,0,97,2,99,70,0,70,169
02/27/2011,TIW,WA,ANM,WE,Federal Contract Tower,0,3,5,0,8,0,0,3,0,3,0,3,8,0,11,4,0,4,15
02/28/2011,TIW,WA,ANM,WE,Federal Contract Tower,0,2,2,0,4,0,0,2,0,2,0,2,4,0,6,0,0,0,6
03/01/2011,TIW,WA,ANM,WE,Federal Contract Tower,0,2,7,0,9,0,0,4,0,4,0,2,11,0,13,0,0,0,13
03/02/2011,TIW,WA,ANM,WE,Federal Contract Tower,20,0,3,0,23,0,0,6,0,6,20,0,9,0,29,0,0,0,29
03/03/2011,TIW,WA,ANM,WE,Federal Contract Tower,0,0,23,4,27,0,0,36,0,36,0,0,59,4,63,62,0,62,125
03/04/2011,TIW,WA,ANM,WE,Federal Contract Tower,0,0,40,0,40,0,0,33,0,33,0,0,73,0,73,44,0,44,117
03/05/2011,TIW,WA,ANM,WE,Federal Contract Tower,0,2,22,2,26,0,0,77,2,79,0,2,99,4,105,84,0,84,189
03/06/2011,TIW,WA,ANM,WE,Federal Contract Tower,0,0,41,0,41,0,0,84,1,85,0,0,125,1,126,96,0,96,222
03/07/2011,TIW,WA,ANM,WE,Federal Contract Tower,0,2,21,0,23,0,0,78,0,78,0,2,99,0,101,64,0,64,165
03/08/2011,TIW,WA,ANM,WE,Federal Contract Tower,0,0,36,4,40,0,0,21,2,23,0,0,57,6,63,36,0,36,99
03/09/2011,TIW,WA,ANM,WE,Federal Contract Tower,0,0,8,0,8,0,0,5,0,5,0,0,13,0,13,30,0,30,43
03/10/2011,TIW,WA,ANM,WE,Federal Contract Tower,0,0,8,0,8,0,0,9,1,10,0,0,17,1,18,4,0,4,22
03/11/2011,TIW,WA,ANM,WE,Federal Contract Tower,0,2,40,0,42,0,0,61,0,61,0,2,101,0,103,68,0,68,171
03/12/2011,TIW,WA,ANM,WE,Federal Contract Tower,0,0,13,4,17,0,0,8,2,10,0,0,21,6,27,21,0,21,48
03/13/2011,TIW,WA,ANM,WE,Federal Contract Tower,0,0,21,0,21,0,0,25,0,25,0,0,46,0,46,55,0,55,101
03/14/2011,TIW,WA,ANM,WE,Federal Contract Tower,0,3,11,0,14,0,1,23,0,24,0,4,34,0,38,49,0,49,87
03/15/2011,TIW,WA,ANM,WE,Federal Contract Tower,0,0,9,0,9,0,0,16,0,16,0,0,25,0,25,38,0,38,63
03/16/2011,TIW,WA,ANM,WE,Federal Contract Tower,0,0,40,2,42,0,0,28,0,28,0,0,68,2,70,76,0,76,146
03/17/2011,TIW,WA,ANM,WE,Federal Contract Tower,0,3,63,0,66,0,0,77,0,77,0,3,140,0,143,134,0,134,277
03/18/2011,TIW,WA,ANM,WE,Federal Contract Tower,0,2,19,0,21,0,0,11,0,11,0,2,30,0,32,0,0,0,32
03/19/2011,TIW,WA,ANM,WE,Federal Contract Tower,0,1,48,0,49,0,0,100,4,104,0,1,148,4,153,124,0,124,277
03/20/2011,TIW,WA,ANM,WE,Federal Contract Tower,0,0,39,0,39,0,0,47,0,47,0,0,86,0,86,59,0,59,145
03/21/2011,TIW,WA,ANM,WE,Federal Contract Tower,0,2,28,2,32,0,1,25,0,26,0,3,53,2,58,37,0,37,95
03/22/2011,TIW,WA,ANM,WE,Federal Contract Tower,0,0,56,0,56,0,1,65,2,68,0,1,121,2,124,106,0,106,230
03/23/2011,TIW,WA,ANM,WE,Federal Contract Tower,0,0,50,0,50,0,0,117,2,119,0,0,167,2,169,182,0,182,351
03/24/2011,TIW,WA,ANM,WE,Federal Contract Tower,0,3,27,4,34,0,0,45,4,49,0,3,72,8,83,20,0,20,103
03/25/2011,TIW,WA,ANM,WE,Federal Contract Tower,0,0,23,0,23,0,0,64,2,66,0,0,87,2,89,86,0,86,175
03/26/2011,TIW,WA,ANM,WE,Federal Contract Tower,0,0,16,0,16,0,0,47,2,49,0,0,63,2,65,38,0,38,103
03/27/2011,TIW,WA,ANM,WE,Federal Contract Tower,0,0,26,0,26,0,2,31,0,33,0,2,57,0,59,62,0,62,121
03/28/2011,TIW,WA,ANM,WE,Federal Contract Tower,0,2,44,0,46,0,0,66,0,66,0,2,110,0,112,64,0,64,176
03/29/2011,TIW,WA,ANM,WE,Federal Contract Tower,0,6,38,0,44,0,1,9,0,10,0,7,47,0,54,2,0,2,56
03/30/2011,TIW,WA,ANM,WE,Federal Contract Tower,0,4,22,0,26,0,0,0,0,0,0,4,22,0,26,0,0,0,26
03/31/2011,TIW,WA,ANM,WE,Federal Contract Tower,0,2,14,6,22,0,0,19,0,19,0,2,33,6,41,59,0,59,100
04/01/2011,TIW,WA,ANM,WE,Federal Contract Tower,0,0,23,0,23,0,0,3,0,3,0,0,26,0,26,2,0,2,28
04/02/2011,TIW,WA,ANM,WE,Federal Contract Tower,0,0,49,0,49,0,0,69,0,69,0,0,118,0,118,73,0,73,191
04/03/2011,TIW,WA,ANM,WE,Federal Contract Tower,0,2,27,0,29,0,0,108,4,112,0,2,135,4,141,126,0,126,267
04/04/2011,TIW,WA,ANM,WE,Federal Contract Tower,0,8,7,0,15,0,0,15,2,17,0,8,22,2,32,48,0,48,80
04/05/2011,TIW,WA,ANM,WE,Federal Contract Tower,0,0,11,0,11,0,0,31,0,31,0,0,42,0,42,54,0,54,96
04/06/2011,TIW,WA,ANM,WE,Federal Contract Tower,0,3,28,2,33,0,3,38,0,41,0,6,66,2,74,25,0,25,99
04/07/2011,TIW,WA,ANM,WE,Federal Contract Tower,0,5,44,0,49,0,0,32,0,32,0,5,76,0,81,32,0,32,113
04/08/2011,TIW,WA,ANM,WE,Federal Contract Tower,0,1,43,0,44,0,0,88,0,88,0,1,131,0,132,139,0,139,271
04/09/2011,TIW,WA,ANM,WE,Federal Contract Tower,0,0,31,0,31,0,0,85,0,85,0,0,116,0,116,120,0,120,236
04/10/2011,TIW,WA,ANM,WE,Federal Contract Tower,0,0,19,0,19,0,4,33,0,37,0,4,52,0,56,27,0,27,83
04/11/2011,TIW,WA,ANM,WE,Federal Contract Tower,0,6,36,0,42,0,1,50,2,53,0,7,86,2,95,54,0,54,149
04/12/2011,TIW,WA,ANM,WE,Federal Contract Tower,0,0,82,0,82,0,0,68,0,68,0,0,150,0,150,91,0,91,241
04/13/2011,TIW,WA,ANM,WE,Federal Contract Tower,0,1,9,4,14,0,0,30,0,30,0,1,39,4,44,22,0,22,66
04/14/2011,TIW,WA,ANM,WE,Federal Contract Tower,0,0,37,0,37,0,0,32,6,38,0,0,69,6,75,16,0,16,91
04/15/2011,TIW,WA,ANM,WE,Federal Contract Tower,0,4,39,12,55,0,0,29,0,29,0,4,68,12,84,40,0,40,124
04/16/2011,TIW,WA,ANM,WE,Federal Contract Tower,0,2,29,0,31,0,0,61,0,61,0,2,90,0,92,62,0,62,154
04/17/2011,TIW,WA,ANM,WE,Federal Contract Tower,0,0,41,0,41,0,0,96,0,96,0,0,137,0,137,115,0,115,252
04/18/2011,TIW,WA,ANM,WE,Federal Contract Tower,0,1,25,10,36,0,1,52,2,55,0,2,77,12,91,40,0,40,131
04/19/2011,TIW,WA,ANM,WE,Federal Contract Tower,0,0,43,8,51,0,0,51,2,53,0,0,94,10,104,92,0,92,196
04/20/2011,TIW,WA,ANM,WE,Federal Contract Tower,0,0,44,4,48,0,0,85,0,85,0,0,129,4,133,95,0,95,228
04/21/2011,TIW,WA,ANM,WE,Federal Contract Tower,0,2,34,10,46,0,0,54,0,54,0,2,88,10,100,60,0,60,160
04/22/2011,TIW,WA,ANM,WE,Federal Contract Tower,0,7,43,4,54,0,4,93,0,97,0,11,136,4,151,78,0,78,229
04/23/2011,TIW,WA,ANM,WE,Federal Contract Tower,0,0,43,0,43,0,1,160,0,161,0,1,203,0,204,87,0,87,291
04/24/2011,TIW,WA,ANM,WE,Federal Contract Tower,0,0,16,0,16,0,0,15,0,15,0,0,31,0,31,16,0,16,47
04/25/2011,TIW,WA,ANM,WE,Federal Contract Tower,0,2,32,0,34,0,0,10,0,10,0,2,42,0,44,14,0,14,58
04/26/2011,TIW,WA,ANM,WE,Federal Contract Tower,0,8,40,0,48,0,0,60,0,60,0,8,100,0,108,85,0,85,193
04/27/2011,TIW,WA,ANM,WE,Federal Contract Tower,0,2,24,8,34,0,0,22,0,22,0,2,46,8,56,44,0,44,100
04/28/2011,TIW,WA,ANM,WE,Federal Contract Tower,0,3,10,5,18,0,0,31,0,31,0,3,41,5,49,35,0,35,84
04/29/2011,TIW,WA,ANM,WE,Federal Contract Tower,0,7,59,6,72,0,0,84,0,84,0,7,143,6,156,120,0,120,276
04/30/2011,TIW,WA,ANM,WE,Federal Contract Tower,0,0,34,0,34,0,0,102,0,102,0,0,136,0,136,73,0,73,209
05/01/2011,TIW,WA,ANM,WE,Federal Contract Tower,0,0,34,0,34,0,0,142,0,142,0,0,176,0,176,122,0,122,298
05/02/2011,TIW,WA,ANM,WE,Federal Contract Tower,0,5,15,0,20,0,0,13,0,13,0,5,28,0,33,32,0,32,65
05/03/2011,TIW,WA,ANM,WE,Federal Contract Tower,0,1,39,0,40,0,0,47,0,47,0,1,86,0,87,64,0,64,151
05/04/2011,TIW,WA,ANM,WE,Federal Contract Tower,0,1,23,4,28,0,0,143,0,143,0,1,166,4,171,84,0,84,255
05/05/2011,TIW,WA,ANM,WE,Federal Contract Tower,0,14,27,0,41,0,1,42,3,46,0,15,69,3,87,84,0,84,171
05/06/2011,TIW,WA,ANM,WE,Federal Contract Tower,0,8,33,2,43,0,0,35,0,35,0,8,68,2,78,28,0,28,106
05/07/2011,TIW,WA,ANM,WE,Federal Contract Tower,0,7,20,0,27,0,0,63,0,63,0,7,83,0,90,52,0,52,142
05/08/2011,TIW,WA,ANM,WE,Federal Contract Tower,0,3,18,0,21,0,0,39,0,39,0,3,57,0,60,59,0,59,119
05/09/2011,TIW,WA,ANM,WE,Federal Contract Tower,0,2,40,0,42,0,1,61,0,62,0,3,101,0,104,56,0,56,160
05/10/2011,TIW,WA,ANM,WE,Federal Contract Tower,0,2,46,0,48,0,0,84,2,86,0,2,130,2,134,50,0,50,184
05/11/2011,TIW,WA,ANM,WE,Federal Contract Tower,0,3,25,0,28,0,0,20,0,20,0,3,45,0,48,24,0,24,72
05/12/2011,TIW,WA,ANM,WE,Federal Contract Tower,0,10,25,4,39,0,2,74,8,84,0,12,99,12,123,88,0,88,211
05/13/2011,TIW,WA,ANM,WE,Federal Contract Tower,0,10,30,4,44,0,6,107,0,113,0,16,137,4,157,102,0,102,259
05/14/2011,TIW,WA,ANM,WE,Federal Contract Tower,0,2,36,0,38,0,0,105,0,105,0,2,141,0,143,86,0,86,229
05/15/2011,TIW,WA,ANM,WE,Federal Contract Tower,0,0,9,0,9,0,0,3,0,3,0,0,12,0,12,9,0,9,21
05/16/2011,TIW,WA,ANM,WE,Federal Contract Tower,0,8,29,3,40,0,0,19,2,21,0,8,48,5,61,38,0,38,99
05/17/2011,TIW,WA,ANM,WE,Federal Contract Tower,0,0,55,0,55,0,0,80,2,82,0,0,135,2,137,96,0,96,233
05/18/2011,TIW,WA,ANM,WE,Federal Contract Tower,0,0,38,4,42,0,0,104,2,106,0,0,142,6,148,106,0,106,254
05/19/2011,TIW,WA,ANM,WE,Federal Contract Tower,0,6,69,8,83,0,1,101,2,104,0,7,170,10,187,136,0,136,323
05/20/2011,TIW,WA,ANM,WE,Federal Contract Tower,0,0,26,0,26,0,2,114,0,116,0,2,140,0,142,150,0,150,292
05/21/2011,TIW,WA,ANM,WE,Federal Contract Tower,0,1,25,0,26,0,0,51,6,57,0,1,76,6,83,89,0,89,172
05/22/2011,TIW,WA,ANM,WE,Federal Contract Tower,0,1,26,0,27,0,1,74,4,79,0,2,100,4,106,158,0,158,264
05/23/2011,TIW,WA,ANM,WE,Federal Contract Tower,0,2,28,0,30,0,0,65,0,65,0,2,93,0,95,75,0,75,170
05/24/2011,TIW,WA,ANM,WE,Federal Contract Tower,0,0,28,0,28,0,1,120,0,121,0,1,148,0,149,227,0,227,376
05/25/2011,TIW,WA,ANM,WE,Federal Contract Tower,0,0,19,0,19,0,1,17,4,22,0,1,36,4,41,14,2,16,57
05/26/2011,TIW,WA,ANM,WE,Federal Contract Tower,0,0,24,0,24,0,0,65,0,65,0,0,89,0,89,118,0,118,207
05/27/2011,TIW,WA,ANM,WE,Federal Contract Tower,0,0,8,0,8,0,2,64,0,66,0,2,72,0,74,30,0,30,104
05/28/2011,TIW,WA,ANM,WE,Federal Contract Tower,0,0,15,0,15,0,0,87,0,87,0,0,102,0,102,68,0,68,170
05/29/2011,TIW,WA,ANM,WE,Federal Contract Tower,0,0,18,0,18,0,0,68,1,69,0,0,86,1,87,41,0,41,128
05/30/2011,TIW,WA,ANM,WE,Federal Contract Tower,0,0,23,0,23,0,4,78,0,82,0,4,101,0,105,59,0,59,164
05/31/2011,TIW,WA,ANM,WE,Federal Contract Tower,0,1,24,0,25,0,0,51,2,53,0,1,75,2,78,90,0,90,168
06/01/2011,TIW,WA,ANM,WE,Federal Contract Tower,0,7,34,0,41,0,7,35,6,48,0,14,69,6,89,16,0,16,105
06/02/2011,TIW,WA,ANM,WE,Federal Contract Tower,0,0,20,0,20,0,0,56,0,56,0,0,76,0,76,70,0,70,146
06/03/2011,TIW,WA,ANM,WE,Federal Contract Tower,0,7,43,0,50,0,5,134,2,141,0,12,177,2,191,164,0,164,355
06/04/2011,TIW,WA,ANM,WE,Federal Contract Tower,0,0,10,0,10,0,0,158,4,162,0,0,168,4,172,112,0,112,284
06/05/2011,TIW,WA,ANM,WE,Federal Contract Tower,0,0,33,0,33,0,0,118,7,125,0,0,151,7,158,119,0,119,277
06/06/2011,TIW,WA,ANM,WE,Federal Contract Tower,0,1,24,0,25,0,1,40,0,41,0,2,64,0,66,63,0,63,129
06/07/2011,TIW,WA,ANM,WE,Federal Contract Tower,0,4,26,0,30,0,0,16,0,16,0,4,42,0,46,14,0,14,60
06/08/2011,TIW,WA,ANM,WE,Federal Contract Tower,0,0,61,0,61,0,7,51,0,58,0,7,112,0,119,25,0,25,144
06/09/2011,TIW,WA,ANM,WE,Federal Contract Tower,0,0,46,7,53,0,0,123,5,128,0,0,169,12,181,142,0,142,323
06/10/2011,TIW,WA,ANM,WE,Federal Contract Tower,0,0,31,0,31,0,0,73,6,79,0,0,104,6,110,90,0,90,200
06/11/2011,TIW,WA,ANM,WE,Federal Contract Tower,0,0,34,0,34,0,4,95,0,99,0,4,129,0,133,75,0,75,208
06/12/2011,TIW,WA,ANM,WE,Federal Contract Tower,0,0,28,0,28,0,0,101,2,103,0,0,129,2,131,134,0,134,265
06/13/2011,TIW,WA,ANM,WE,Federal Contract Tower,0,6,32,0,38,0,1,28,0,29,0,7,60,0,67,8,0,8,75
06/14/2011,TIW,WA,ANM,WE,Federal Contract Tower,0,0,21,0,21,0,0,86,0,86,0,0,107,0,107,130,0,130,237
06/15/2011,TIW,WA,ANM,WE,Federal Contract Tower,0,3,26,4,33,0,0,49,2,51,0,3,75,6,84,58,5,63,147
06/16/2011,TIW,WA,ANM,WE,Federal Contract Tower,0,0,32,8,40,0,0,64,0,64,0,0,96,8,104,77,0,77,181
06/17/2011,TIW,WA,ANM,WE,Federal Contract Tower,0,2,30,0,32,0,0,110,0,110,0,2,140,0,142,152,0,152,294
06/18/2011,TIW,WA,ANM,WE,Federal Contract Tower,0,0,31,2,33,0,0,2,0,2,0,0,33,2,35,22,0,22,57
06/19/2011,TIW,WA,ANM,WE,Federal Contract Tower,0,1,32,0,33,0,4,68,1,73,0,5,100,1,106,118,0,118,224
06/20/2011,TIW,WA,ANM,WE,Federal Contract Tower,0,1,46,2,49,0,1,72,0,73,0,2,118,2,122,102,0,102,224
06/21/2011,TIW,WA,ANM,WE,Federal Contract Tower,0,0,51,0,51,0,6,86,0,92,0,6,137,0,143,98,0,98,241
06/22/2011,TIW,WA,ANM,WE,Federal Contract Tower,0,3,17,0,20,0,0,46,0,46,0,3,63,0,66,30,0,30,96
06/23/2011,TIW,WA,ANM,WE,Federal Contract Tower,0,0,30,0,30,0,0,64,0,64,0,0,94,0,94,115,0,115,209
06/24/2011,TIW,WA,ANM,WE,Federal Contract Tower,0,0,52,0,52,0,6,77,4,87,0,6,129,4,139,60,0,60,199
06/25/2011,TIW,WA,ANM,WE,Federal Contract Tower,0,0,48,0,48,0,2,89,0,91,0,2,137,0,139,185,0,185,324
06/26/2011,TIW,WA,ANM,WE,Federal Contract Tower,0,48,0,0,48,0,0,135,0,135,0,48,135,0,183,170,0,170,353
06/27/2011,TIW,WA,ANM,WE,Federal Contract Tower,0,2,11,0,13,0,1,58,0,59,0,3,69,0,72,110,0,110,182
06/28/2011,TIW,WA,ANM,WE,Federal Contract Tower,0,0,32,0,32,0,0,56,0,56,0,0,88,0,88,85,0,85,173
06/29/2011,TIW,WA,ANM,WE,Federal Contract Tower,0,0,31,0,31,0,0,39,0,39,0,0,70,0,70,16,0,16,86
06/30/2011,TIW,WA,ANM,WE,Federal Contract Tower,0,0,33,2,35,0,0,67,0,67,0,0,100,2,102,145,6,151,253
07/01/2011,TIW,WA,ANM,WE,Federal Contract Tower,0,0,38,0,38,0,0,101,0,101,0,0,139,0,139,90,0,90,229
07/02/2011,TIW,WA,ANM,WE,Federal Contract Tower,0,0,15,2,17,0,2,119,0,121,0,2,134,2,138,57,0,57,195
07/03/2011,TIW,WA,ANM,WE,Federal Contract Tower,0,0,21,0,21,0,0,171,0,171,0,0,192,0,192,59,6,65,257
07/04/2011,TIW,WA,ANM,WE,Federal Contract Tower,0,0,13,0,13,0,0,103,8,111,0,0,116,8,124,64,0,64,188
07/05/2011,TIW,WA,ANM,WE,Federal Contract Tower,0,2,30,0,32,0,0,116,0,116,0,2,146,0,148,117,0,117,265
07/06/2011,TIW,WA,ANM,WE,Federal Contract Tower,0,0,14,0,14,0,0,109,0,109,0,0,123,0,123,37,0,37,160
07/07/2011,TIW,WA,ANM,WE,Federal Contract Tower,0,0,21,0,21,0,0,51,0,51,0,0,72,0,72,12,0,12,84
07/08/2011,TIW,WA,ANM,WE,Federal Contract Tower,0,0,21,0,21,0,0,67,0,67,0,0,88,0,88,105,0,105,193
07/09/2011,TIW,WA,ANM,WE,Federal Contract Tower,0,0,15,0,15,0,0,112,0,112,0,0,127,0,127,95,0,95,222
07/10/2011,TIW,WA,ANM,WE,Federal Contract Tower,0,0,14,0,14,0,0,75,8,83,0,0,89,8,97,74,0,74,171
07/11/2011,TIW,WA,ANM,WE,Federal Contract Tower,0,0,25,0,25,0,1,83,0,84,0,1,108,0,109,74,0,74,183
07/12/2011,TIW,WA,ANM,WE,Federal Contract Tower,0,5,26,0,31,0,10,55,0,65,0,15,81,0,96,104,0,104,200
07/13/2011,TIW,WA,ANM,WE,Federal Contract Tower,0,0,42,0,42,0,0,49,0,49,0,0,91,0,91,54,0,54,145
07/14/2011,TIW,WA,ANM,WE,Federal Contract Tower,0,0,44,0,44,0,0,32,2,34,0,0,76,2,78,12,0,12,90
07/15/2011,TIW,WA,ANM,WE,Federal Contract Tower,0,0,29,0,29,0,2,77,0,79,0,2,106,0,108,94,0,94,202
07/16/2011,TIW,WA,ANM,WE,Federal Contract Tower,0,0,27,0,27,0,0,18,0,18,0,0,45,0,45,10,0,10,55
07/17/2011,TIW,WA,ANM,WE,Federal Contract Tower,0,0,20,0,20,0,0,42,2,44,0,0,62,2,64,46,0,46,110
07/18/2011,TIW,WA,ANM,WE,Federal Contract Tower,0,1,38,0,39,0,4,49,4,57,0,5,87,4,96,62,0,62,158
07/19/2011,TIW,WA,ANM,WE,Federal Contract Tower,0,4,34,4,42,0,0,33,0,33,0,4,67,4,75,22,0,22,97
07/20/2011,TIW,WA,ANM,WE,Federal Contract Tower,0,4,36,0,40,0,0,70,0,70,0,4,106,0,110,98,0,98,208
07/21/2011,TIW,WA,ANM,WE,Federal Contract Tower,0,2,16,4,22,0,0,35,0,35,0,2,51,4,57,17,0,17,74
07/22/2011,TIW,WA,ANM,WE,Federal Contract Tower,0,0,44,0,44,0,0,119,1,120,0,0,163,1,164,172,0,172,336
07/23/2011,TIW,WA,ANM,WE,Federal Contract Tower,0,0,42,0,42,0,0,99,0,99,0,0,141,0,141,90,0,90,231
07/24/2011,TIW,WA,ANM,WE,Federal Contract Tower,0,0,15,0,15,0,2,103,0,105,0,2,118,0,120,56,0,56,176
07/25/2011,TIW,WA,ANM,WE,Federal Contract Tower,0,1,23,0,24,0,1,26,2,29,0,2,49,2,53,56,0,56,109
07/26/2011,TIW,WA,ANM,WE,Federal Contract Tower,0,0,36,1,37,0,0,58,2,60,0,0,94,3,97,74,0,74,171
07/27/2011,TIW,WA,ANM,WE,Federal Contract Tower,0,0,40,5,45,0,0,47,4,51,0,0,87,9,96,54,0,54,150
07/28/2011,TIW,WA,ANM,WE,Federal Contract Tower,0,0,16,0,16,0,0,90,0,90,0,0,106,0,106,85,0,85,191
07/29/2011,TIW,WA,ANM,WE,Federal Contract Tower,0,0,34,0,34,0,0,83,0,83,0,0,117,0,117,36,0,36,153
07/30/2011,TIW,WA,ANM,WE,Federal Contract Tower,0,0,22,0,22,0,2,114,0,116,0,2,136,0,138,102,0,102,240
07/31/2011,TIW,WA,ANM,WE,Federal Contract Tower,0,1,24,0,25,0,0,51,0,51,0,1,75,0,76,40,0,40,116
08/01/2011,TIW,WA,ANM,WE,Federal Contract Tower,0,2,35,0,37,0,2,87,0,89,0,4,122,0,126,73,0,73,199
08/02/2011,TIW,WA,ANM,WE,Federal Contract Tower,0,0,40,0,40,0,0,72,0,72,0,0,112,0,112,114,0,114,226
08/03/2011,TIW,WA,ANM,WE,Federal Contract Tower,0,0,27,0,27,0,5,103,0,108,0,5,130,0,135,128,0,128,263
08/04/2011,TIW,WA,ANM,WE,Federal Contract Tower,0,0,35,0,35,0,0,84,0,84,0,0,119,0,119,73,0,73,192
08/05/2011,TIW,WA,ANM,WE,Federal Contract Tower,0,0,34,0,34,0,3,34,2,39,0,3,68,2,73,64,0,64,137
08/06/2011,TIW,WA,ANM,WE,Federal Contract Tower,0,3,15,0,18,0,0,47,0,47,0,3,62,0,65,66,0,66,131
08/07/2011,TIW,WA,ANM,WE,Federal Contract Tower,0,1,22,0,23,0,0,67,0,67,0,1,89,0,90,100,0,100,190
08/08/2011,TIW,WA,ANM,WE,Federal Contract Tower,0,2,62,0,64,0,4,81,4,89,0,6,143,4,153,83,0,83,236
08/09/2011,TIW,WA,ANM,WE,Federal Contract Tower,0,1,62,0,63,0,0,111,2,113,0,1,173,2,176,65,0,65,241
08/10/2011,TIW,WA,ANM,WE,Federal Contract Tower,0,0,57,0,57,0,0,68,0,68,0,0,125,0,125,153,0,153,278
08/11/2011,TIW,WA,ANM,WE,Federal Contract Tower,0,0,44,0,44,0,0,83,2,85,0,0,127,2,129,72,0,72,201
08/12/2011,TIW,WA,ANM,WE,Federal Contract Tower,0,2,28,0,30,0,0,67,1,68,0,2,95,1,98,92,0,92,190
08/13/2011,TIW,WA,ANM,WE,Federal Contract Tower,0,3,39,0,42,0,0,88,8,96,0,3,127,8,138,59,23,82,220
08/14/2011,TIW,WA,ANM,WE,Federal Contract Tower,0,1,36,0,37,0,0,49,4,53,0,1,85,4,90,60,0,60,150
08/15/2011,TIW,WA,ANM,WE,Federal Contract Tower,0,2,39,0,41,0,0,57,4,61,0,2,96,4,102,104,0,104,206
08/16/2011,TIW,WA,ANM,WE,Federal Contract Tower,0,1,37,0,38,0,0,104,5,109,0,1,141,5,147,114,0,114,261
08/17/2011,TIW,WA,ANM,WE,Federal Contract Tower,0,0,56,3,59,0,1,100,0,101,0,1,156,3,160,160,0,160,320
08/18/2011,TIW,WA,ANM,WE,Federal Contract Tower,0,2,20,2,24,0,0,73,0,73,0,2,93,2,97,71,0,71,168
08/19/2011,TIW,WA,ANM,WE,Federal Contract Tower,0,0,41,0,41,0,0,62,2,64,0,0,103,2,105,50,0,50,155
08/20/2011,TIW,WA,ANM,WE,Federal Contract Tower,0,0,21,0,21,0,0,113,0,113,0,0,134,0,134,57,0,57,191
08/21/2011,TIW,WA,ANM,WE,Federal Contract Tower,0,0,27,0,27,0,0,98,0,98,0,0,125,0,125,60,0,60,185
08/22/2011,TIW,WA,ANM,WE,Federal Contract Tower,0,2,36,4,42,0,0,24,4,28,0,2,60,8,70,17,0,17,87
08/23/2011,TIW,WA,ANM,WE,Federal Contract Tower,0,1,36,0,37,0,0,68,2,70,0,1,104,2,107,65,0,65,172
08/24/2011,TIW,WA,ANM,WE,Federal Contract Tower,0,1,35,0,36,0,0,80,1,81,0,1,115,1,117,73,0,73,190
08/25/2011,TIW,WA,ANM,WE,Federal Contract Tower,0,1,62,2,65,0,0,81,0,81,0,1,143,2,146,63,0,63,209
08/26/2011,TIW,WA,ANM,WE,Federal Contract Tower,0,13,21,0,34,0,2,79,12,93,0,15,100,12,127,59,0,59,186
08/27/2011,TIW,WA,ANM,WE,Federal Contract Tower,0,1,30,0,31,0,0,117,0,117,0,1,147,0,148,77,0,77,225
08/28/2011,TIW,WA,ANM,WE,Federal Contract Tower,0,3,35,0,38,0,0,86,0,86,0,3,121,0,124,33,0,33,157
08/29/2011,TIW,WA,ANM,WE,Federal Contract Tower,0,2,19,4,25,0,5,47,6,58,0,7,66,10,83,71,0,71,154
08/30/2011,TIW,WA,ANM,WE,Federal Contract Tower,0,1,37,0,38,0,2,76,2,80,0,3,113,2,118,91,0,91,209
08/31/2011,TIW,WA,ANM,WE,Federal Contract Tower,0,1,31,0,32,0,5,56,0,61,0,6,87,0,93,59,0,59,152
09/01/2011,TIW,WA,ANM,WE,Federal Contract Tower,0,0,25,4,29,0,0,45,0,45,0,0,70,4,74,95,0,95,169
09/02/2011,TIW,WA,ANM,WE,Federal Contract Tower,0,1,29,0,30,0,0,87,6,93,0,1,116,6,123,72,0,72,195
09/03/2011,TIW,WA,ANM,WE,Federal Contract Tower,0,0,37,0,37,0,0,99,4,103,0,0,136,4,140,43,0,43,183
09/04/2011,TIW,WA,ANM,WE,Federal Contract Tower,0,0,14,4,18,0,0,83,4,87,0,0,97,8,105,57,0,57,162
09/05/2011,TIW,WA,ANM,WE,Federal Contract Tower,0,3,13,0,16,0,4,104,4,112,0,7,117,4,128,50,0,50,178
09/06/2011,TIW,WA,ANM,WE,Federal Contract Tower,0,0,43,0,43,0,6,67,4,77,0,6,110,4,120,53,0,53,173
09/07/2011,TIW,WA,ANM,WE,Federal Contract Tower,0,0,33,0,33,0,0,48,2,50,0,0,81,2,83,37,0,37,120
09/08/2011,TIW,WA,ANM,WE,Federal Contract Tower,0,2,53,0,55,0,0,74,0,74,0,2,127,0,129,79,0,79,208
09/09/2011,TIW,WA,ANM,WE,Federal Contract Tower,0,2,28,0,30,0,0,95,5,100,0,2,123,5,130,36,0,36,166
09/10/2011,TIW,WA,ANM,WE,Federal Contract Tower,0,0,15,0,15,0,0,93,0,93,0,0,108,0,108,39,0,39,147
09/11/2011,TIW,WA,ANM,WE,Federal Contract Tower,0,0,5,0,5,0,2,67,1,70,0,2,72,1,75,71,0,71,146
09/12/2011,TIW,WA,ANM,WE,Federal Contract Tower,0,2,38,14,54,0,0,40,15,55,0,2,78,29,109,34,10,44,153
09/13/2011,TIW,WA,ANM,WE,Federal Contract Tower,0,0,50,0,50,0,0,64,0,64,0,0,114,0,114,33,0,33,147
09/14/2011,TIW,WA,ANM,WE,Federal Contract Tower,0,1,33,0,34,0,1,70,4,75,0,2,103,4,109,89,4,93,202
09/15/2011,TIW,WA,ANM,WE,Federal Contract Tower,0,3,76,3,82,0,0,56,8,64,0,3,132,11,146,76,0,76,222
09/16/2011,TIW,WA,ANM,WE,Federal Contract Tower,0,1,58,3,62,0,0,65,8,73,0,1,123,11,135,41,0,41,176
09/17/2011,TIW,WA,ANM,WE,Federal Contract Tower,0,1,30,0,31,0,0,19,0,19,0,1,49,0,50,40,0,40,90
09/18/2011,TIW,WA,ANM,WE,Federal Contract Tower,0,0,10,0,10,0,0,11,0,11,0,0,21,0,21,2,0,2,23
09/19/2011,TIW,WA,ANM,WE,Federal Contract Tower,0,9,30,0,39,0,1,75,0,76,0,10,105,0,115,93,0,93,208
09/20/2011,TIW,WA,ANM,WE,Federal Contract Tower,0,0,25,2,27,0,8,91,0,99,0,8,116,2,126,118,0,118,244
09/21/2011,TIW,WA,ANM,WE,Federal Contract Tower,0,4,50,0,54,0,0,78,0,78,0,4,128,0,132,54,0,54,186
09/22/2011,TIW,WA,ANM,WE,Federal Contract Tower,0,5,40,0,45,0,2,65,0,67,0,7,105,0,112,84,0,84,196
09/23/2011,TIW,WA,ANM,WE,Federal Contract Tower,0,0,32,0,32,0,0,74,0,74,0,0,106,0,106,92,0,92,198
09/24/2011,TIW,WA,ANM,WE,Federal Contract Tower,0,0,20,0,20,0,0,122,0,122,0,0,142,0,142,114,0,114,256
09/25/2011,TIW,WA,ANM,WE,Federal Contract Tower,0,2,20,0,22,0,0,12,0,12,0,2,32,0,34,8,0,8,42
09/26/2011,TIW,WA,ANM,WE,Federal Contract Tower,0,8,4,0,12,0,0,2,0,2,0,8,6,0,14,0,0,0,14
09/27/2011,TIW,WA,ANM,WE,Federal Contract Tower,0,0,14,0,14,0,0,46,0,46,0,0,60,0,60,41,0,41,101
09/28/2011,TIW,WA,ANM,WE,Federal Contract Tower,0,11,21,0,32,0,0,54,0,54,0,11,75,0,86,69,0,69,155
09/29/2011,TIW,WA,ANM,WE,Federal Contract Tower,0,0,53,0,53,0,1,103,2,106,0,1,156,2,159,100,0,100,259
09/30/2011,TIW,WA,ANM,WE,Federal Contract Tower,0,0,20,0,20,0,0,57,0,57,0,0,77,0,77,53,0,53,130
10/01/2011,TIW,WA,ANM,WE,Federal Contract Tower,0,0,40,0,40,0,0,22,0,22,0,0,62,0,62,17,0,17,79
10/02/2011,TIW,WA,ANM,WE,Federal Contract Tower,0,0,22,0,22,0,2,68,2,72,0,2,90,2,94,77,0,77,171
10/03/2011,TIW,WA,ANM,WE,Federal Contract Tower,0,2,27,0,29,0,1,50,0,51,0,3,77,0,80,58,0,58,138
10/04/2011,TIW,WA,ANM,WE,Federal Contract Tower,0,1,22,0,23,0,1,44,0,45,0,2,66,0,68,66,0,66,134
10/05/2011,TIW,WA,ANM,WE,Federal Contract Tower,0,0,24,0,24,0,0,36,0,36,0,0,60,0,60,46,0,46,106
10/06/2011,TIW,WA,ANM,WE,Federal Contract Tower,0,2,41,2,45,0,0,36,0,36,0,2,77,2,81,63,0,63,144
10/07/2011,TIW,WA,ANM,WE,Federal Contract Tower,0,3,29,0,32,0,2,6,0,8,0,5,35,0,40,25,0,25,65
10/08/2011,TIW,WA,ANM,WE,Federal Contract Tower,0,0,46,0,46,0,0,132,0,132,0,0,178,0,178,97,0,97,275
10/09/2011,TIW,WA,ANM,WE,Federal Contract Tower,0,0,25,0,25,0,0,15,0,15,0,0,40,0,40,12,0,12,52
10/10/2011,TIW,WA,ANM,WE,Federal Contract Tower,0,0,8,0,8,0,0,21,2,23,0,0,29,2,31,4,0,4,35
10/11/2011,TIW,WA,ANM,WE,Federal Contract Tower,0,3,23,0,26,0,0,4,0,4,0,3,27,0,30,0,0,0,30
10/12/2011,TIW,WA,ANM,WE,Federal Contract Tower,0,2,18,0,20,0,9,61,0,70,0,11,79,0,90,80,0,80,170
10/13/2011,TIW,WA,ANM,WE,Federal Contract Tower,0,1,32,0,33,0,0,65,1,66,0,1,97,1,99,97,0,97,196
10/14/2011,TIW,WA,ANM,WE,Federal Contract Tower,0,0,54,0,54,0,0,56,0,56,0,0,110,0,110,63,0,63,173
10/15/2011,TIW,WA,ANM,WE,Federal Contract Tower,0,1,31,0,32,0,0,57,0,57,0,1,88,0,89,31,0,31,120
10/16/2011,TIW,WA,ANM,WE,Federal Contract Tower,0,0,18,0,18,0,0,50,0,50,0,0,68,0,68,51,0,51,119
10/17/2011,TIW,WA,ANM,WE,Federal Contract Tower,0,1,8,0,9,0,3,101,0,104,0,4,109,0,113,116,0,116,229
10/18/2011,TIW,WA,ANM,WE,Federal Contract Tower,0,0,7,0,7,0,0,110,0,110,0,0,117,0,117,138,0,138,255
10/19/2011,TIW,WA,ANM,WE,Federal Contract Tower,0,2,50,0,52,0,0,89,0,89,0,2,139,0,141,96,0,96,237
10/20/2011,TIW,WA,ANM,WE,Federal Contract Tower,0,0,55,2,57,0,1,60,0,61,0,1,115,2,118,108,0,108,226
10/21/2011,TIW,WA,ANM,WE,Federal Contract Tower,0,0,18,2,20,0,0,12,0,12,0,0,30,2,32,0,0,0,32
10/22/2011,TIW,WA,ANM,WE,Federal Contract Tower,0,0,18,0,18,0,0,0,0,0,0,0,18,0,18,0,0,0,18
10/23/2011,TIW,WA,ANM,WE,Federal Contract Tower,0,1,31,0,32,0,0,50,4,54,0,1,81,4,86,79,0,79,165
10/24/2011,TIW,WA,ANM,WE,Federal Contract Tower,0,10,19,0,29,0,8,66,6,80,0,18,85,6,109,106,0,106,215
10/25/2011,TIW,WA,ANM,WE,Federal Contract Tower,0,0,24,0,24,0,0,82,0,82,0,0,106,0,106,148,0,148,254
10/26/2011,TIW,WA,ANM,WE,Federal Contract Tower,0,0,13,0,13,0,3,45,2,50,0,3,58,2,63,22,0,22,85
10/27/2011,TIW,WA,ANM,WE,Federal Contract Tower,0,0,25,2,27,0,0,86,2,88,0,0,111,4,115,80,0,80,195
10/28/2011,TIW,WA,ANM,WE,Federal Contract Tower,0,2,30,0,32,0,2,31,0,33,0,4,61,0,65,28,0,28,93
10/29/2011,TIW,WA,ANM,WE,Federal Contract Tower,0,0,49,0,49,0,0,58,0,58,0,0,107,0,107,49,0,49,156
10/30/2011,TIW,WA,ANM,WE,Federal Contract Tower,0,0,13,3,16,0,0,7,0,7,0,0,20,3,23,24,0,24,47
10/31/2011,TIW,WA,ANM,WE,Federal Contract Tower,0,1,36,0,37,0,3,47,7,57,0,4,83,7,94,44,0,44,138
11/01/2011,TIW,WA,ANM,WE,Federal Contract Tower,0,0,33,0,33,0,0,93,0,93,0,0,126,0,126,118,0,118,244
11/02/2011,TIW,WA,ANM,WE,Federal Contract Tower,0,0,33,0,33,0,2,62,0,64,0,2,95,0,97,50,0,50,147
11/03/2011,TIW,WA,ANM,WE,Federal Contract Tower,0,4,20,2,26,0,11,69,9,89,0,15,89,11,115,71,0,71,186
11/04/2011,TIW,WA,ANM,WE,Federal Contract Tower,0,0,25,0,25,0,0,33,0,33,0,0,58,0,58,56,0,56,114
11/05/2011,TIW,WA,ANM,WE,Federal Contract Tower,0,1,23,0,24,0,0,92,0,92,0,1,115,0,116,12,0,12,128
11/06/2011,TIW,WA,ANM,WE,Federal Contract Tower,0,1,44,0,45,0,0,105,0,105,0,1,149,0,150,86,0,86,236
11/07/2011,TIW,WA,ANM,WE,Federal Contract Tower,0,2,15,0,17,0,0,17,14,31,0,2,32,14,48,14,0,14,62
11/08/2011,TIW,WA,ANM,WE,Federal Contract Tower,0,0,33,4,37,0,2,88,0,90,0,2,121,4,127,129,0,129,256
11/09/2011,TIW,WA,ANM,WE,Federal Contract Tower,0,2,27,0,29,0,0,82,6,88,0,2,109,6,117,139,0,139,256
11/10/2011,TIW,WA,ANM,WE,Federal Contract Tower,0,0,32,0,32,0,0,107,0,107,0,0,139,0,139,87,0,87,226
11/11/2011,TIW,WA,ANM,WE,Federal Contract Tower,0,0,8,0,8,0,0,9,0,9,0,0,17,0,17,28,0,28,45
11/12/2011,TIW,WA,ANM,WE,Federal Contract Tower,0,0,7,0,7,0,0,37,4,41,0,0,44,4,48,32,8,40,88
11/13/2011,TIW,WA,ANM,WE,Federal Contract Tower,0,0,24,0,24,0,0,13,8,21,0,0,37,8,45,5,0,5,50
11/14/2011,TIW,WA,ANM,WE,Federal Contract Tower,0,5,20,5,30,0,1,31,0,32,0,6,51,5,62,21,0,21,83
11/15/2011,TIW,WA,ANM,WE,Federal Contract Tower,0,0,35,0,35,0,0,73,2,75,0,0,108,2,110,89,0,89,199
11/16/2011,TIW,WA,ANM,WE,Federal Contract Tower,0,0,9,0,9,0,0,6,0,6,0,0,15,0,15,6,0,6,21
11/17/2011,TIW,WA,ANM,WE,Federal Contract Tower,0,0,9,0,9,0,6,21,2,29,0,6,30,2,38,24,0,24,62
11/18/2011,TIW,WA,ANM,WE,Federal Contract Tower,0,0,14,0,14,0,1,8,0,9,0,1,22,0,23,8,0,8,31
11/19/2011,TIW,WA,ANM,WE,Federal Contract Tower,0,0,12,0,12,0,0,90,2,92,0,0,102,2,104,111,0,111,215
11/20/2011,TIW,WA,ANM,WE,Federal Contract Tower,0,4,27,0,31,0,1,89,0,90,0,5,116,0,121,74,0,74,195
11/21/2011,TIW,WA,ANM,WE,Federal Contract Tower,0,1,9,2,12,0,1,11,2,14,0,2,20,4,26,18,8,26,52
11/22/2011,TIW,WA,ANM,WE,Federal Contract Tower,0,1,6,0,7,0,0,2,4,6,0,1,8,4,13,8,0,8,21
11/23/2011,TIW,WA,ANM,WE,Federal Contract Tower,0,0,15,2,17,0,0,17,0,17,0,0,32,2,34,2,0,2,36
11/24/2011,TIW,WA,ANM,WE,Federal Contract Tower,0,0,7,0,7,0,0,2,0,2,0,0,9,0,9,12,0,12,21
11/25/2011,TIW,WA,ANM,WE,Federal Contract Tower,0,3,36,0,39,0,0,72,0,72,0,3,108,0,111,107,0,107,218
11/26/2011,TIW,WA,ANM,WE,Federal Contract Tower,0,0,45,0,45,0,0,24,0,24,0,0,69,0,69,32,0,32,101
11/27/2011,TIW,WA,ANM,WE,Federal Contract Tower,0,0,9,0,9,0,0,5,0,5,0,0,14,0,14,0,0,0,14
11/28/2011,TIW,WA,ANM,WE,Federal Contract Tower,0,2,44,0,46,0,1,49,4,54,0,3,93,4,100,30,0,30,130
11/29/2011,TIW,WA,ANM,WE,Federal Contract Tower,0,1,26,0,27,0,0,12,0,12,0,1,38,0,39,12,2,14,53
11/30/2011,TIW,WA,ANM,WE,Federal Contract Tower,0,0,37,0,37,0,0,43,6,49,0,0,80,6,86,49,0,49,135
12/01/2011,TIW,WA,ANM,WE,Federal Contract Tower,0,0,23,0,23,0,0,0,0,0,0,0,23,0,23,0,0,0,23
12/02/2011,TIW,WA,ANM,WE,Federal Contract Tower,0,6,29,0,35,0,4,55,0,59,0,10,84,0,94,97,0,97,191
12/03/2011,TIW,WA,ANM,WE,Federal Contract Tower,0,0,30,0,30,0,0,16,0,16,0,0,46,0,46,12,0,12,58
12/04/2011,TIW,WA,ANM,WE,Federal Contract Tower,0,0,49,0,49,0,2,95,0,97,0,2,144,0,146,85,0,85,231
12/05/2011,TIW,WA,ANM,WE,Federal Contract Tower,0,6,10,0,16,0,0,10,5,15,0,6,20,5,31,14,10,24,55
12/06/2011,TIW,WA,ANM,WE,Federal Contract Tower,0,2,27,0,29,0,0,0,0,0,0,2,27,0,29,0,0,0,29
12/07/2011,TIW,WA,ANM,WE,Federal Contract Tower,0,0,10,0,10,0,0,6,0,6,0,0,16,0,16,8,0,8,24
12/08/2011,TIW,WA,ANM,WE,Federal Contract Tower,0,0,38,3,41,0,0,37,0,37,0,0,75,3,78,61,0,61,139
12/09/2011,TIW,WA,ANM,WE,Federal Contract Tower,0,0,15,0,15,0,0,35,1,36,0,0,50,1,51,38,0,38,89
12/10/2011,TIW,WA,ANM,WE,Federal Contract Tower,0,1,34,1,36,0,0,35,1,36,0,1,69,2,72,16,0,16,88
12/11/2011,TIW,WA,ANM,WE,Federal Contract Tower,0,0,6,0,6,0,0,27,0,27,0,0,33,0,33,35,0,35,68
12/12/2011,TIW,WA,ANM,WE,Federal Contract Tower,0,1,28,2,31,0,1,65,0,66,0,2,93,2,97,79,0,79,176
12/13/2011,TIW,WA,ANM,WE,Federal Contract Tower,0,4,12,0,16,0,3,39,3,45,0,7,51,3,61,50,0,50,111
12/14/2011,TIW,WA,ANM,WE,Federal Contract Tower,0,0,52,0,52,0,0,46,2,48,0,0,98,2,100,47,2,49,149
12/15/2011,TIW,WA,ANM,WE,Federal Contract Tower,0,0,13,2,15,0,0,2,0,2,0,0,15,2,17,7,0,7,24
12/16/2011,TIW,WA,ANM,WE,Federal Contract Tower,0,1,27,2,30,0,0,57,4,61,0,1,84,6,91,82,0,82,173
12/17/2011,TIW,WA,ANM,WE,Federal Contract Tower,0,0,29,1,30,0,0,89,0,89,0,0,118,1,119,56,0,56,175
12/18/2011,TIW,WA,ANM,WE,Federal Contract Tower,0,0,13,0,13,0,0,7,0,7,0,0,20,0,20,13,0,13,33
12/19/2011,TIW,WA,ANM,WE,Federal Contract Tower,0,1,29,5,35,0,1,18,0,19,0,2,47,5,54,37,0,37,91
12/20/2011,TIW,WA,ANM,WE,Federal Contract Tower,0,0,26,0,26,0,0,0,0,0,0,0,26,0,26,0,0,0,26
12/21/2011,TIW,WA,ANM,WE,Federal Contract Tower,0,1,25,0,26,0,0,47,0,47,0,1,72,0,73,44,0,44,117
12/22/2011,TIW,WA,ANM,WE,Federal Contract Tower,0,17,8,0,25,0,0,0,0,0,0,17,8,0,25,0,0,0,25
12/23/2011,TIW,WA,ANM,WE,Federal Contract Tower,0,0,27,0,27,0,3,52,0,55,0,3,79,0,82,67,0,67,149
12/24/2011,TIW,WA,ANM,WE,Federal Contract Tower,0,0,22,0,22,0,0,70,0,70,0,0,92,0,92,31,0,31,123
12/25/2011,TIW,WA,ANM,WE,Federal Contract Tower,0,0,0,0,0,0,0,2,0,2,0,0,2,0,2,2,0,2,4
12/26/2011,TIW,WA,ANM,WE,Federal Contract Tower,0,2,27,0,29,0,2,70,0,72,0,4,97,0,101,46,0,46,147
12/27/2011,TIW,WA,ANM,WE,Federal Contract Tower,0,6,23,2,31,0,0,1,0,1,0,6,24,2,32,0,0,0,32
12/28/2011,TIW,WA,ANM,WE,Federal Contract Tower,0,12,19,0,31,0,2,1,0,3,0,14,20,0,34,0,0,0,34
12/29/2011,TIW,WA,ANM,WE,Federal Contract Tower,0,4,32,0,36,0,2,23,0,25,0,6,55,0,61,25,2,27,88
12/30/2011,TIW,WA,ANM,WE,Federal Contract Tower,0,10,13,0,23,0,1,27,0,28,0,11,40,0,51,69,0,69,120
12/31/2011,TIW,WA,ANM,WE,Federal Contract Tower,0,2,12,0,14,0,0,100,0,100,0,2,112,0,114,52,0,52,166
01/01/2012,TIW,WA,ANM,WE,Federal Contract Tower,0,0,0,0,0,0,0,0,0,0,0,0,0,0,0,0,0,0,0
01/02/2012,TIW,WA,ANM,WE,Federal Contract Tower,0,0,0,0,0,0,0,0,0,0,0,0,0,0,0,0,0,0,0
01/03/2012,TIW,WA,ANM,WE,Federal Contract Tower,0,0,0,0,0,0,0,0,0,0,0,0,0,0,0,0,0,0,0
01/04/2012,TIW,WA,ANM,WE,Federal Contract Tower,0,0,11,2,13,0,0,10,1,11,0,0,21,3,24,14,11,25,49
01/05/2012,TIW,WA,ANM,WE,Federal Contract Tower,0,0,16,0,16,0,0,35,2,37,0,0,51,2,53,14,20,34,87
01/06/2012,TIW,WA,ANM,WE,Federal Contract Tower,0,0,34,0,34,0,0,44,0,44,0,0,78,0,78,46,0,46,124
01/07/2012,TIW,WA,ANM,WE,Federal Contract Tower,0,0,31,0,31,0,0,61,0,61,0,0,92,0,92,78,0,78,170
01/08/2012,TIW,WA,ANM,WE,Federal Contract Tower,0,0,38,0,38,0,0,159,0,159,0,0,197,0,197,93,0,93,290
01/09/2012,TIW,WA,ANM,WE,Federal Contract Tower,0,2,22,6,30,0,0,17,4,21,0,2,39,10,51,25,0,25,76
01/10/2012,TIW,WA,ANM,WE,Federal Contract Tower,0,0,12,0,12,0,2,52,2,56,0,2,64,2,68,53,26,79,147
01/11/2012,TIW,WA,ANM,WE,Federal Contract Tower,0,0,22,0,22,0,2,63,7,72,0,2,85,7,94,75,14,89,183
01/12/2012,TIW,WA,ANM,WE,Federal Contract Tower,0,1,42,0,43,0,0,65,0,65,0,1,107,0,108,82,0,82,190
01/13/2012,TIW,WA,ANM,WE,Federal Contract Tower,0,0,22,2,24,0,0,53,2,55,0,0,75,4,79,50,9,59,138
01/14/2012,TIW,WA,ANM,WE,Federal Contract Tower,0,0,7,3,10,0,0,0,0,0,0,0,7,3,10,0,0,0,10
01/15/2012,TIW,WA,ANM,WE,Federal Contract Tower,0,0,2,0,2,0,0,0,0,0,0,0,2,0,2,0,0,0,2
01/16/2012,TIW,WA,ANM,WE,Federal Contract Tower,0,0,5,0,5,0,0,0,0,0,0,0,5,0,5,0,0,0,5
01/17/2012,TIW,WA,ANM,WE,Federal Contract Tower,0,2,2,0,4,0,2,7,0,9,0,4,9,0,13,14,0,14,27
01/18/2012,TIW,WA,ANM,WE,Federal Contract Tower,0,0,0,0,0,0,0,0,0,0,0,0,0,0,0,0,0,0,0
01/19/2012,TIW,WA,ANM,WE,Federal Contract Tower,0,0,0,0,0,0,0,0,0,0,0,0,0,0,0,0,0,0,0
01/20/2012,TIW,WA,ANM,WE,Federal Contract Tower,0,3,2,0,5,0,0,0,0,0,0,3,2,0,5,0,0,0,5
01/21/2012,TIW,WA,ANM,WE,Federal Contract Tower,0,0,3,0,3,0,0,4,1,5,0,0,7,1,8,2,0,2,10
01/22/2012,TIW,WA,ANM,WE,Federal Contract Tower,0,0,0,0,0,0,0,1,2,3,0,0,1,2,3,2,0,2,5
01/23/2012,TIW,WA,ANM,WE,Federal Contract Tower,0,10,32,0,42,0,2,99,11,112,0,12,131,11,154,109,0,109,263
01/24/2012,TIW,WA,ANM,WE,Federal Contract Tower,0,2,10,0,12,0,0,11,0,11,0,2,21,0,23,16,0,16,39
01/25/2012,TIW,WA,ANM,WE,Federal Contract Tower,0,1,13,0,14,0,0,11,6,17,0,1,24,6,31,6,14,20,51
01/26/2012,TIW,WA,ANM,WE,Federal Contract Tower,0,2,36,0,38,0,1,45,3,49,0,3,81,3,87,60,2,62,149
01/27/2012,TIW,WA,ANM,WE,Federal Contract Tower,0,0,30,2,32,0,0,81,3,84,0,0,111,5,116,129,10,139,255
01/28/2012,TIW,WA,ANM,WE,Federal Contract Tower,0,6,37,1,44,0,0,117,0,117,0,6,154,1,161,135,0,135,296
01/29/2012,TIW,WA,ANM,WE,Federal Contract Tower,0,0,35,0,35,0,0,12,0,12,0,0,47,0,47,20,0,20,67
01/30/2012,TIW,WA,ANM,WE,Federal Contract Tower,0,5,33,4,42,0,1,25,9,35,0,6,58,13,77,17,0,17,94
01/31/2012,TIW,WA,ANM,WE,Federal Contract Tower,0,4,35,3,42,0,0,41,7,48,0,4,76,10,90,59,0,59,149
02/01/2012,TIW,WA,ANM,WE,Federal Contract Tower,0,0,33,0,33,0,1,29,4,34,0,1,62,4,67,68,29,97,164
02/02/2012,TIW,WA,ANM,WE,Federal Contract Tower,0,0,35,2,37,0,1,62,5,68,0,1,97,7,105,75,3,78,183
02/03/2012,TIW,WA,ANM,WE,Federal Contract Tower,0,3,31,0,34,0,0,104,5,109,0,3,135,5,143,142,2,144,287
02/04/2012,TIW,WA,ANM,WE,Federal Contract Tower,0,1,32,0,33,0,0,148,0,148,0,1,180,0,181,113,0,113,294
02/05/2012,TIW,WA,ANM,WE,Federal Contract Tower,0,0,24,0,24,0,0,93,6,99,0,0,117,6,123,46,2,48,171
02/06/2012,TIW,WA,ANM,WE,Federal Contract Tower,0,0,20,0,20,0,2,72,6,80,0,2,92,6,100,87,0,87,187
02/07/2012,TIW,WA,ANM,WE,Federal Contract Tower,0,0,33,0,33,0,2,89,4,95,0,2,122,4,128,112,4,116,244
02/08/2012,TIW,WA,ANM,WE,Federal Contract Tower,0,0,26,8,34,0,0,5,6,11,0,0,31,14,45,0,0,0,45
02/09/2012,TIW,WA,ANM,WE,Federal Contract Tower,0,0,12,0,12,0,0,6,0,6,0,0,18,0,18,7,0,7,25
02/10/2012,TIW,WA,ANM,WE,Federal Contract Tower,0,1,19,0,20,0,0,19,2,21,0,1,38,2,41,1,1,2,43
02/11/2012,TIW,WA,ANM,WE,Federal Contract Tower,0,0,24,0,24,0,0,34,0,34,0,0,58,0,58,73,0,73,131
02/12/2012,TIW,WA,ANM,WE,Federal Contract Tower,0,0,34,0,34,0,0,77,0,77,0,0,111,0,111,76,0,76,187
02/13/2012,TIW,WA,ANM,WE,Federal Contract Tower,0,2,17,0,19,0,0,6,0,6,0,2,23,0,25,1,0,1,26
02/14/2012,TIW,WA,ANM,WE,Federal Contract Tower,0,0,28,0,28,0,0,16,4,20,0,0,44,4,48,32,0,32,80
02/15/2012,TIW,WA,ANM,WE,Federal Contract Tower,0,0,38,0,38,0,0,38,8,46,0,0,76,8,84,39,0,39,123
02/16/2012,TIW,WA,ANM,WE,Federal Contract Tower,0,0,16,0,16,0,4,4,0,8,0,4,20,0,24,33,0,33,57
02/17/2012,TIW,WA,ANM,WE,Federal Contract Tower,0,1,8,0,9,0,0,0,0,0,0,1,8,0,9,0,0,0,9
02/18/2012,TIW,WA,ANM,WE,Federal Contract Tower,0,1,2,0,3,0,0,0,0,0,0,1,2,0,3,0,0,0,3
02/19/2012,TIW,WA,ANM,WE,Federal Contract Tower,0,0,6,0,6,0,0,72,0,72,0,0,78,0,78,89,0,89,167
02/20/2012,TIW,WA,ANM,WE,Federal Contract Tower,0,1,10,0,11,0,0,3,0,3,0,1,13,0,14,0,0,0,14
02/21/2012,TIW,WA,ANM,WE,Federal Contract Tower,0,2,7,2,11,0,2,0,0,2,0,4,7,2,13,0,0,0,13
02/22/2012,TIW,WA,ANM,WE,Federal Contract Tower,0,0,10,0,10,0,0,21,1,22,0,0,31,1,32,3,1,4,36
02/23/2012,TIW,WA,ANM,WE,Federal Contract Tower,0,0,35,3,38,0,0,61,7,68,0,0,96,10,106,37,2,39,145
02/24/2012,TIW,WA,ANM,WE,Federal Contract Tower,0,0,19,0,19,0,2,26,3,31,0,2,45,3,50,46,0,46,96
02/25/2012,TIW,WA,ANM,WE,Federal Contract Tower,0,0,5,2,7,0,0,5,0,5,0,0,10,2,12,11,0,11,23
02/26/2012,TIW,WA,ANM,WE,Federal Contract Tower,0,0,15,0,15,0,0,34,0,34,0,0,49,0,49,35,0,35,84
02/27/2012,TIW,WA,ANM,WE,Federal Contract Tower,0,2,48,0,50,0,0,133,3,136,0,2,181,3,186,123,0,123,309
02/28/2012,TIW,WA,ANM,WE,Federal Contract Tower,0,0,12,10,22,0,0,34,0,34,0,0,46,10,56,47,0,47,103
02/29/2012,TIW,WA,ANM,WE,Federal Contract Tower,0,0,1,2,3,0,0,3,1,4,0,0,4,3,7,0,5,5,12
03/01/2012,TIW,WA,ANM,WE,Federal Contract Tower,0,1,5,0,6,0,0,15,0,15,0,1,20,0,21,25,0,25,46
03/02/2012,TIW,WA,ANM,WE,Federal Contract Tower,0,2,34,0,36,0,0,25,0,25,0,2,59,0,61,34,0,34,95
03/03/2012,TIW,WA,ANM,WE,Federal Contract Tower,0,0,30,0,30,0,0,20,0,20,0,0,50,0,50,36,0,36,86
03/04/2012,TIW,WA,ANM,WE,Federal Contract Tower,0,0,35,0,35,0,0,82,0,82,0,0,117,0,117,71,0,71,188
03/05/2012,TIW,WA,ANM,WE,Federal Contract Tower,0,1,5,0,6,0,4,1,6,11,0,5,6,6,17,0,12,12,29
03/06/2012,TIW,WA,ANM,WE,Federal Contract Tower,0,2,12,2,16,0,0,37,7,44,0,2,49,9,60,37,10,47,107
03/07/2012,TIW,WA,ANM,WE,Federal Contract Tower,0,0,52,0,52,0,0,94,0,94,0,0,146,0,146,88,0,88,234
03/08/2012,TIW,WA,ANM,WE,Federal Contract Tower,0,6,55,3,64,0,0,116,2,118,0,6,171,5,182,86,1,87,269
03/09/2012,TIW,WA,ANM,WE,Federal Contract Tower,0,0,20,0,20,0,2,31,0,33,0,2,51,0,53,23,0,23,76
03/10/2012,TIW,WA,ANM,WE,Federal Contract Tower,0,5,27,0,32,0,0,2,0,2,0,5,29,0,34,20,0,20,54
03/11/2012,TIW,WA,ANM,WE,Federal Contract Tower,0,1,16,2,19,0,0,22,0,22,0,1,38,2,41,26,0,26,67
03/12/2012,TIW,WA,ANM,WE,Federal Contract Tower,0,2,1,0,3,0,0,2,2,4,0,2,3,2,7,4,0,4,11
03/13/2012,TIW,WA,ANM,WE,Federal Contract Tower,0,0,3,0,3,0,0,7,0,7,0,0,10,0,10,17,4,21,31
03/14/2012,TIW,WA,ANM,WE,Federal Contract Tower,0,0,12,0,12,0,0,3,13,16,0,0,15,13,28,7,0,7,35
03/15/2012,TIW,WA,ANM,WE,Federal Contract Tower,0,0,9,0,9,0,0,3,0,3,0,0,12,0,12,0,0,0,12
03/16/2012,TIW,WA,ANM,WE,Federal Contract Tower,0,1,34,0,35,0,0,28,0,28,0,1,62,0,63,54,0,54,117
03/17/2012,TIW,WA,ANM,WE,Federal Contract Tower,0,2,1,0,3,0,0,18,0,18,0,2,19,0,21,9,0,9,30
03/18/2012,TIW,WA,ANM,WE,Federal Contract Tower,0,2,1,0,3,0,0,8,0,8,0,2,9,0,11,5,0,5,16
03/19/2012,TIW,WA,ANM,WE,Federal Contract Tower,0,4,39,4,47,0,5,68,4,77,0,9,107,8,124,84,10,94,218
03/20/2012,TIW,WA,ANM,WE,Federal Contract Tower,0,0,10,0,10,0,0,7,2,9,0,0,17,2,19,6,18,24,43
03/21/2012,TIW,WA,ANM,WE,Federal Contract Tower,0,0,29,0,29,0,0,63,2,65,0,0,92,2,94,84,2,86,180
03/22/2012,TIW,WA,ANM,WE,Federal Contract Tower,0,0,18,0,18,0,0,48,0,48,0,0,66,0,66,48,0,48,114
03/23/2012,TIW,WA,ANM,WE,Federal Contract Tower,0,2,16,0,18,0,1,73,3,77,0,3,89,3,95,72,2,74,169
03/24/2012,TIW,WA,ANM,WE,Federal Contract Tower,0,0,34,0,34,0,0,83,0,83,0,0,117,0,117,161,0,161,278
03/25/2012,TIW,WA,ANM,WE,Federal Contract Tower,0,0,29,0,29,0,0,67,0,67,0,0,96,0,96,69,0,69,165
03/26/2012,TIW,WA,ANM,WE,Federal Contract Tower,0,3,24,0,27,0,1,47,0,48,0,4,71,0,75,105,2,107,182
03/27/2012,TIW,WA,ANM,WE,Federal Contract Tower,0,1,21,0,22,0,0,35,8,43,0,1,56,8,65,75,0,75,140
03/28/2012,TIW,WA,ANM,WE,Federal Contract Tower,0,0,10,0,10,0,0,16,1,17,0,0,26,1,27,35,1,36,63
03/29/2012,TIW,WA,ANM,WE,Federal Contract Tower,0,0,12,0,12,0,0,7,0,7,0,0,19,0,19,6,0,6,25
03/30/2012,TIW,WA,ANM,WE,Federal Contract Tower,0,0,23,1,24,0,0,16,4,20,0,0,39,5,44,37,10,47,91
03/31/2012,TIW,WA,ANM,WE,Federal Contract Tower,0,0,16,0,16,0,0,6,0,6,0,0,22,0,22,41,0,41,63
04/01/2012,TIW,WA,ANM,WE,Federal Contract Tower,0,0,4,0,4,0,0,11,0,11,0,0,15,0,15,31,0,31,46
04/02/2012,TIW,WA,ANM,WE,Federal Contract Tower,0,1,33,0,34,0,5,40,0,45,0,6,73,0,79,65,4,69,148
04/03/2012,TIW,WA,ANM,WE,Federal Contract Tower,0,0,17,5,22,0,0,8,3,11,0,0,25,8,33,8,8,16,49
04/04/2012,TIW,WA,ANM,WE,Federal Contract Tower,2,0,20,0,22,0,0,56,13,69,2,0,76,13,91,58,0,58,149
04/05/2012,TIW,WA,ANM,WE,Federal Contract Tower,0,0,17,0,17,0,2,26,8,36,0,2,43,8,53,45,38,83,136
04/06/2012,TIW,WA,ANM,WE,Federal Contract Tower,0,0,20,0,20,0,3,67,3,73,0,3,87,3,93,93,6,99,192
04/07/2012,TIW,WA,ANM,WE,Federal Contract Tower,0,4,24,1,29,0,0,165,0,165,0,4,189,1,194,86,0,86,280
04/08/2012,TIW,WA,ANM,WE,Federal Contract Tower,0,0,21,0,21,0,0,62,2,64,0,0,83,2,85,51,0,51,136
04/09/2012,TIW,WA,ANM,WE,Federal Contract Tower,0,2,49,2,53,0,6,87,5,98,0,8,136,7,151,51,0,51,202
04/10/2012,TIW,WA,ANM,WE,Federal Contract Tower,0,1,22,1,24,0,1,30,0,31,0,2,52,1,55,43,0,43,98
04/11/2012,TIW,WA,ANM,WE,Federal Contract Tower,0,0,22,0,22,0,0,6,0,6,0,0,28,0,28,3,0,3,31
04/12/2012,TIW,WA,ANM,WE,Federal Contract Tower,0,8,10,0,18,0,0,31,0,31,0,8,41,0,49,42,0,42,91
04/13/2012,TIW,WA,ANM,WE,Federal Contract Tower,0,2,16,0,18,0,1,61,0,62,0,3,77,0,80,32,0,32,112
04/14/2012,TIW,WA,ANM,WE,Federal Contract Tower,0,0,31,0,31,0,0,63,0,63,0,0,94,0,94,54,0,54,148
04/15/2012,TIW,WA,ANM,WE,Federal Contract Tower,0,0,34,0,34,0,0,90,12,102,0,0,124,12,136,86,0,86,222
04/16/2012,TIW,WA,ANM,WE,Federal Contract Tower,0,1,11,2,14,0,5,4,6,15,0,6,15,8,29,0,0,0,29
04/17/2012,TIW,WA,ANM,WE,Federal Contract Tower,0,4,40,3,47,0,0,32,4,36,0,4,72,7,83,59,0,59,142
04/18/2012,TIW,WA,ANM,WE,Federal Contract Tower,0,0,19,0,19,0,0,23,6,29,0,0,42,6,48,46,8,54,102
04/19/2012,TIW,WA,ANM,WE,Federal Contract Tower,0,4,12,0,16,0,0,26,0,26,0,4,38,0,42,11,0,11,53
04/20/2012,TIW,WA,ANM,WE,Federal Contract Tower,0,4,20,0,24,0,5,62,3,70,0,9,82,3,94,91,0,91,185
04/21/2012,TIW,WA,ANM,WE,Federal Contract Tower,0,0,20,0,20,0,0,145,0,145,0,0,165,0,165,144,0,144,309
04/22/2012,TIW,WA,ANM,WE,Federal Contract Tower,0,2,24,1,27,0,0,131,10,141,0,2,155,11,168,69,0,69,237
04/23/2012,TIW,WA,ANM,WE,Federal Contract Tower,0,1,24,2,27,0,1,53,3,57,0,2,77,5,84,72,4,76,160
04/24/2012,TIW,WA,ANM,WE,Federal Contract Tower,0,1,24,0,25,0,0,48,6,54,0,1,72,6,79,29,0,29,108
04/25/2012,TIW,WA,ANM,WE,Federal Contract Tower,0,1,19,0,20,0,2,32,2,36,0,3,51,2,56,23,5,28,84
04/26/2012,TIW,WA,ANM,WE,Federal Contract Tower,0,0,17,0,17,0,0,36,0,36,0,0,53,0,53,17,0,17,70
04/27/2012,TIW,WA,ANM,WE,Federal Contract Tower,0,0,13,1,14,0,0,38,4,42,0,0,51,5,56,58,0,58,114
04/28/2012,TIW,WA,ANM,WE,Federal Contract Tower,0,2,43,0,45,0,0,83,0,83,0,2,126,0,128,96,0,96,224
04/29/2012,TIW,WA,ANM,WE,Federal Contract Tower,0,6,21,0,27,0,0,42,0,42,0,6,63,0,69,46,0,46,115
04/30/2012,TIW,WA,ANM,WE,Federal Contract Tower,0,1,2,0,3,0,1,5,0,6,0,2,7,0,9,0,0,0,9
05/01/2012,TIW,WA,ANM,WE,Federal Contract Tower,0,0,24,0,24,0,0,28,4,32,0,0,52,4,56,0,0,0,56
05/02/2012,TIW,WA,ANM,WE,Federal Contract Tower,0,0,18,1,19,0,1,33,2,36,0,1,51,3,55,45,0,45,100
05/03/2012,TIW,WA,ANM,WE,Federal Contract Tower,0,0,23,2,25,0,0,0,0,0,0,0,23,2,25,0,0,0,25
05/04/2012,TIW,WA,ANM,WE,Federal Contract Tower,0,0,28,0,28,0,0,56,0,56,0,0,84,0,84,82,0,82,166
05/05/2012,TIW,WA,ANM,WE,Federal Contract Tower,0,0,24,2,26,0,0,77,2,79,0,0,101,4,105,76,5,81,186
05/06/2012,TIW,WA,ANM,WE,Federal Contract Tower,0,0,19,0,19,0,0,103,0,103,0,0,122,0,122,54,0,54,176
05/07/2012,TIW,WA,ANM,WE,Federal Contract Tower,0,4,41,0,45,0,0,85,6,91,0,4,126,6,136,95,0,95,231
05/08/2012,TIW,WA,ANM,WE,Federal Contract Tower,0,5,16,0,21,0,0,53,0,53,0,5,69,0,74,48,0,48,122
05/09/2012,TIW,WA,ANM,WE,Federal Contract Tower,0,0,32,0,32,0,0,38,2,40,0,0,70,2,72,25,0,25,97
05/10/2012,TIW,WA,ANM,WE,Federal Contract Tower,0,2,9,0,11,0,0,37,1,38,0,2,46,1,49,33,2,35,84
05/11/2012,TIW,WA,ANM,WE,Federal Contract Tower,0,1,33,5,39,0,7,125,0,132,0,8,158,5,171,128,8,136,307
05/12/2012,TIW,WA,ANM,WE,Federal Contract Tower,0,1,20,0,21,0,1,100,3,104,0,2,120,3,125,74,0,74,199
05/13/2012,TIW,WA,ANM,WE,Federal Contract Tower,0,4,7,0,11,0,0,67,0,67,0,4,74,0,78,49,0,49,127
05/14/2012,TIW,WA,ANM,WE,Federal Contract Tower,0,0,47,0,47,0,2,47,4,53,0,2,94,4,100,66,0,66,166
05/15/2012,TIW,WA,ANM,WE,Federal Contract Tower,0,0,32,1,33,0,1,44,5,50,0,1,76,6,83,47,0,47,130
05/16/2012,TIW,WA,ANM,WE,Federal Contract Tower,0,0,30,1,31,0,0,68,8,76,0,0,98,9,107,79,0,79,186
05/17/2012,TIW,WA,ANM,WE,Federal Contract Tower,0,2,40,0,42,0,1,70,9,80,0,3,110,9,122,62,9,71,193
05/18/2012,TIW,WA,ANM,WE,Federal Contract Tower,0,3,24,0,27,0,0,74,13,87,0,3,98,13,114,124,0,124,238
05/19/2012,TIW,WA,ANM,WE,Federal Contract Tower,0,0,15,0,15,0,0,120,2,122,0,0,135,2,137,83,1,84,221
05/20/2012,TIW,WA,ANM,WE,Federal Contract Tower,0,1,32,0,33,0,0,17,0,17,0,1,49,0,50,18,0,18,68
05/21/2012,TIW,WA,ANM,WE,Federal Contract Tower,0,2,10,0,12,0,0,3,0,3,0,2,13,0,15,0,0,0,15
05/22/2012,TIW,WA,ANM,WE,Federal Contract Tower,0,0,32,0,32,0,0,11,0,11,0,0,43,0,43,14,0,14,57
05/23/2012,TIW,WA,ANM,WE,Federal Contract Tower,0,0,12,4,16,0,7,33,7,47,0,7,45,11,63,44,4,48,111
05/24/2012,TIW,WA,ANM,WE,Federal Contract Tower,0,0,31,0,31,0,2,43,3,48,0,2,74,3,79,73,0,73,152
05/25/2012,TIW,WA,ANM,WE,Federal Contract Tower,0,0,30,0,30,0,0,68,3,71,0,0,98,3,101,94,1,95,196
05/26/2012,TIW,WA,ANM,WE,Federal Contract Tower,0,0,14,0,14,0,0,98,1,99,0,0,112,1,113,80,0,80,193
05/27/2012,TIW,WA,ANM,WE,Federal Contract Tower,0,0,14,0,14,0,0,38,0,38,0,0,52,0,52,51,0,51,103
05/28/2012,TIW,WA,ANM,WE,Federal Contract Tower,0,0,40,2,42,0,3,62,4,69,0,3,102,6,111,110,0,110,221
05/29/2012,TIW,WA,ANM,WE,Federal Contract Tower,0,0,34,3,37,0,3,59,0,62,0,3,93,3,99,113,0,113,212
05/30/2012,TIW,WA,ANM,WE,Federal Contract Tower,0,0,32,0,32,0,2,37,0,39,0,2,69,0,71,72,0,72,143
05/31/2012,TIW,WA,ANM,WE,Federal Contract Tower,0,4,15,2,21,0,0,19,1,20,0,4,34,3,41,51,11,62,103
06/01/2012,TIW,WA,ANM,WE,Federal Contract Tower,1,0,41,2,44,0,0,36,0,36,1,0,77,2,80,29,0,29,109
06/02/2012,TIW,WA,ANM,WE,Federal Contract Tower,0,2,33,0,35,0,0,67,7,74,0,2,100,7,109,38,3,41,150
06/03/2012,TIW,WA,ANM,WE,Federal Contract Tower,0,5,37,0,42,0,0,88,0,88,0,5,125,0,130,102,0,102,232
06/04/2012,TIW,WA,ANM,WE,Federal Contract Tower,0,1,15,2,18,0,1,31,0,32,0,2,46,2,50,26,0,26,76
06/05/2012,TIW,WA,ANM,WE,Federal Contract Tower,0,2,15,0,17,0,0,12,0,12,0,2,27,0,29,7,0,7,36
06/06/2012,TIW,WA,ANM,WE,Federal Contract Tower,0,2,42,2,46,0,2,109,11,122,0,4,151,13,168,125,3,128,296
06/07/2012,TIW,WA,ANM,WE,Federal Contract Tower,0,2,24,0,26,0,0,13,3,16,0,2,37,3,42,0,1,1,43
06/08/2012,TIW,WA,ANM,WE,Federal Contract Tower,0,0,17,0,17,0,0,42,2,44,0,0,59,2,61,42,0,42,103
06/09/2012,TIW,WA,ANM,WE,Federal Contract Tower,0,0,22,0,22,0,0,53,6,59,0,0,75,6,81,12,0,12,93
06/10/2012,TIW,WA,ANM,WE,Federal Contract Tower,0,1,29,0,30,0,0,94,1,95,0,1,123,1,125,136,0,136,261
06/11/2012,TIW,WA,ANM,WE,Federal Contract Tower,0,0,39,4,43,0,2,80,1,83,0,2,119,5,126,88,4,92,218
06/12/2012,TIW,WA,ANM,WE,Federal Contract Tower,0,0,15,0,15,0,2,14,2,18,0,2,29,2,33,41,0,41,74
06/13/2012,TIW,WA,ANM,WE,Federal Contract Tower,0,0,38,1,39,0,0,39,4,43,0,0,77,5,82,23,0,23,105
06/14/2012,TIW,WA,ANM,WE,Federal Contract Tower,0,1,46,1,48,0,0,46,4,50,0,1,92,5,98,59,1,60,158
06/15/2012,TIW,WA,ANM,WE,Federal Contract Tower,0,0,20,0,20,0,0,114,2,116,0,0,134,2,136,93,6,99,235
06/16/2012,TIW,WA,ANM,WE,Federal Contract Tower,0,0,23,0,23,0,0,51,3,54,0,0,74,3,77,38,10,48,125
06/17/2012,TIW,WA,ANM,WE,Federal Contract Tower,0,2,12,0,14,0,0,20,3,23,0,2,32,3,37,6,0,6,43
06/18/2012,TIW,WA,ANM,WE,Federal Contract Tower,0,5,30,0,35,0,1,39,0,40,0,6,69,0,75,64,0,64,139
06/19/2012,TIW,WA,ANM,WE,Federal Contract Tower,0,1,64,0,65,0,3,27,6,36,0,4,91,6,101,34,2,36,137
06/20/2012,TIW,WA,ANM,WE,Federal Contract Tower,0,2,48,0,50,0,2,89,5,96,0,4,137,5,146,91,1,92,238
06/21/2012,TIW,WA,ANM,WE,Federal Contract Tower,0,1,37,0,38,0,0,67,5,72,0,1,104,5,110,92,0,92,202
06/22/2012,TIW,WA,ANM,WE,Federal Contract Tower,0,4,13,0,17,0,0,6,0,6,0,4,19,0,23,13,0,13,36
06/23/2012,TIW,WA,ANM,WE,Federal Contract Tower,0,1,36,0,37,0,0,7,0,7,0,1,43,0,44,8,0,8,52
06/24/2012,TIW,WA,ANM,WE,Federal Contract Tower,0,0,19,2,21,0,6,38,3,47,0,6,57,5,68,30,0,30,98
06/25/2012,TIW,WA,ANM,WE,Federal Contract Tower,0,1,12,1,14,0,0,43,2,45,0,1,55,3,59,46,0,46,105
06/26/2012,TIW,WA,ANM,WE,Federal Contract Tower,0,0,26,0,26,0,0,45,2,47,0,0,71,2,73,70,2,72,145
06/27/2012,TIW,WA,ANM,WE,Federal Contract Tower,0,9,31,0,40,0,3,91,2,96,0,12,122,2,136,81,0,81,217
06/28/2012,TIW,WA,ANM,WE,Federal Contract Tower,0,10,14,5,29,0,0,86,7,93,0,10,100,12,122,101,5,106,228
06/29/2012,TIW,WA,ANM,WE,Federal Contract Tower,0,0,10,0,10,0,0,39,1,40,0,0,49,1,50,66,0,66,116
06/30/2012,TIW,WA,ANM,WE,Federal Contract Tower,0,0,40,0,40,0,0,33,0,33,0,0,73,0,73,40,0,40,113
07/01/2012,TIW,WA,ANM,WE,Federal Contract Tower,0,1,14,1,16,0,0,123,11,134,0,1,137,12,150,46,0,46,196
07/02/2012,TIW,WA,ANM,WE,Federal Contract Tower,0,4,40,0,44,0,0,53,1,54,0,4,93,1,98,95,0,95,193
07/03/2012,TIW,WA,ANM,WE,Federal Contract Tower,0,1,3,0,4,0,0,18,2,20,0,1,21,2,24,15,0,15,39
07/04/2012,TIW,WA,ANM,WE,Federal Contract Tower,0,1,10,0,11,0,2,86,4,92,0,3,96,4,103,75,7,82,185
07/05/2012,TIW,WA,ANM,WE,Federal Contract Tower,0,3,43,0,46,0,0,115,3,118,0,3,158,3,164,153,6,159,323
07/06/2012,TIW,WA,ANM,WE,Federal Contract Tower,0,0,13,0,13,0,0,89,1,90,0,0,102,1,103,79,0,79,182
07/07/2012,TIW,WA,ANM,WE,Federal Contract Tower,0,0,7,0,7,0,0,111,0,111,0,0,118,0,118,57,0,57,175
07/08/2012,TIW,WA,ANM,WE,Federal Contract Tower,0,3,19,0,22,0,0,79,0,79,0,3,98,0,101,60,0,60,161
07/09/2012,TIW,WA,ANM,WE,Federal Contract Tower,0,10,18,0,28,0,0,29,2,31,0,10,47,2,59,44,9,53,112
07/10/2012,TIW,WA,ANM,WE,Federal Contract Tower,0,9,29,0,38,0,0,29,6,35,0,9,58,6,73,32,2,34,107
07/11/2012,TIW,WA,ANM,WE,Federal Contract Tower,0,2,25,0,27,0,0,66,0,66,0,2,91,0,93,100,0,100,193
07/12/2012,TIW,WA,ANM,WE,Federal Contract Tower,0,0,16,0,16,0,0,67,3,70,0,0,83,3,86,103,9,112,198
07/13/2012,TIW,WA,ANM,WE,Federal Contract Tower,0,8,10,1,19,0,0,42,4,46,0,8,52,5,65,41,2,43,108
07/14/2012,TIW,WA,ANM,WE,Federal Contract Tower,0,1,34,0,35,0,0,24,0,24,0,1,58,0,59,22,0,22,81
07/15/2012,TIW,WA,ANM,WE,Federal Contract Tower,0,1,17,0,18,0,0,20,0,20,0,1,37,0,38,22,0,22,60
07/16/2012,TIW,WA,ANM,WE,Federal Contract Tower,0,0,29,0,29,0,2,41,0,43,0,2,70,0,72,68,0,68,140
07/17/2012,TIW,WA,ANM,WE,Federal Contract Tower,0,4,15,0,19,0,0,57,1,58,0,4,72,1,77,53,0,53,130
07/18/2012,TIW,WA,ANM,WE,Federal Contract Tower,0,2,32,1,35,0,7,56,14,77,0,9,88,15,112,111,16,127,239
07/19/2012,TIW,WA,ANM,WE,Federal Contract Tower,0,5,18,0,23,0,0,68,5,73,0,5,86,5,96,55,0,55,151
07/20/2012,TIW,WA,ANM,WE,Federal Contract Tower,1,1,10,3,15,0,1,35,0,36,1,2,45,3,51,15,0,15,66
07/21/2012,TIW,WA,ANM,WE,Federal Contract Tower,0,2,13,0,15,0,0,78,0,78,0,2,91,0,93,78,0,78,171
07/22/2012,TIW,WA,ANM,WE,Federal Contract Tower,0,1,16,0,17,0,0,39,0,39,0,1,55,0,56,47,0,47,103
07/23/2012,TIW,WA,ANM,WE,Federal Contract Tower,0,2,7,0,9,0,5,39,0,44,0,7,46,0,53,77,0,77,130
07/24/2012,TIW,WA,ANM,WE,Federal Contract Tower,0,0,31,0,31,0,0,42,1,43,0,0,73,1,74,33,0,33,107
07/25/2012,TIW,WA,ANM,WE,Federal Contract Tower,0,0,42,0,42,0,0,60,1,61,0,0,102,1,103,96,1,97,200
07/26/2012,TIW,WA,ANM,WE,Federal Contract Tower,0,0,27,0,27,0,3,45,0,48,0,3,72,0,75,33,3,36,111
07/27/2012,TIW,WA,ANM,WE,Federal Contract Tower,0,0,24,0,24,0,0,60,0,60,0,0,84,0,84,90,0,90,174
07/28/2012,TIW,WA,ANM,WE,Federal Contract Tower,0,0,26,0,26,0,0,80,0,80,0,0,106,0,106,86,0,86,192
07/29/2012,TIW,WA,ANM,WE,Federal Contract Tower,0,6,22,0,28,0,10,54,0,64,0,16,76,0,92,75,0,75,167
07/30/2012,TIW,WA,ANM,WE,Federal Contract Tower,0,1,16,0,17,0,3,44,0,47,0,4,60,0,64,15,0,15,79
07/31/2012,TIW,WA,ANM,WE,Federal Contract Tower,0,2,42,2,46,0,2,61,0,63,0,4,103,2,109,72,0,72,181
08/01/2012,TIW,WA,ANM,WE,Federal Contract Tower,0,0,36,0,36,0,0,69,0,69,0,0,105,0,105,48,0,48,153
08/02/2012,TIW,WA,ANM,WE,Federal Contract Tower,0,0,37,0,37,0,4,54,4,62,0,4,91,4,99,68,0,68,167
08/03/2012,TIW,WA,ANM,WE,Federal Contract Tower,0,4,39,0,43,0,3,67,5,75,0,7,106,5,118,43,0,43,161
08/04/2012,TIW,WA,ANM,WE,Federal Contract Tower,0,1,23,0,24,0,2,86,0,88,0,3,109,0,112,35,0,35,147
08/05/2012,TIW,WA,ANM,WE,Federal Contract Tower,0,1,13,0,14,0,2,60,0,62,0,3,73,0,76,44,0,44,120
08/06/2012,TIW,WA,ANM,WE,Federal Contract Tower,0,0,12,0,12,0,2,62,3,67,0,2,74,3,79,49,6,55,134
08/07/2012,TIW,WA,ANM,WE,Federal Contract Tower,0,1,28,0,29,0,0,27,0,27,0,1,55,0,56,16,0,16,72
08/08/2012,TIW,WA,ANM,WE,Federal Contract Tower,0,1,59,0,60,0,0,61,4,65,0,1,120,4,125,98,4,102,227
08/09/2012,TIW,WA,ANM,WE,Federal Contract Tower,0,0,66,1,67,0,0,94,2,96,0,0,160,3,163,86,0,86,249
08/10/2012,TIW,WA,ANM,WE,Federal Contract Tower,0,3,29,0,32,0,0,75,0,75,0,3,104,0,107,62,0,62,169
08/11/2012,TIW,WA,ANM,WE,Federal Contract Tower,0,1,19,1,21,0,0,66,0,66,0,1,85,1,87,33,0,33,120
08/12/2012,TIW,WA,ANM,WE,Federal Contract Tower,0,1,15,0,16,0,0,85,7,92,0,1,100,7,108,48,0,48,156
08/13/2012,TIW,WA,ANM,WE,Federal Contract Tower,0,0,35,2,37,0,4,48,1,53,0,4,83,3,90,80,0,80,170
08/14/2012,TIW,WA,ANM,WE,Federal Contract Tower,0,0,31,1,32,0,0,72,2,74,0,0,103,3,106,72,0,72,178
08/15/2012,TIW,WA,ANM,WE,Federal Contract Tower,0,0,42,0,42,0,0,71,2,73,0,0,113,2,115,64,0,64,179
08/16/2012,TIW,WA,ANM,WE,Federal Contract Tower,0,0,48,0,48,0,0,74,5,79,0,0,122,5,127,50,3,53,180
08/17/2012,TIW,WA,ANM,WE,Federal Contract Tower,0,0,53,0,53,0,1,67,3,71,0,1,120,3,124,50,0,50,174
08/18/2012,TIW,WA,ANM,WE,Federal Contract Tower,0,0,25,0,25,0,0,35,0,35,0,0,60,0,60,16,0,16,76
08/19/2012,TIW,WA,ANM,WE,Federal Contract Tower,0,0,15,0,15,0,0,59,0,59,0,0,74,0,74,49,0,49,123
08/20/2012,TIW,WA,ANM,WE,Federal Contract Tower,0,1,42,0,43,0,1,56,5,62,0,2,98,5,105,47,0,47,152
08/21/2012,TIW,WA,ANM,WE,Federal Contract Tower,0,0,55,0,55,0,2,63,6,71,0,2,118,6,126,78,0,78,204
08/22/2012,TIW,WA,ANM,WE,Federal Contract Tower,0,0,47,0,47,0,0,71,4,75,0,0,118,4,122,94,0,94,216
08/23/2012,TIW,WA,ANM,WE,Federal Contract Tower,0,2,39,0,41,0,4,58,2,64,0,6,97,2,105,57,0,57,162
08/24/2012,TIW,WA,ANM,WE,Federal Contract Tower,0,0,32,0,32,0,0,70,0,70,0,0,102,0,102,55,0,55,157
08/25/2012,TIW,WA,ANM,WE,Federal Contract Tower,0,2,16,0,18,0,0,95,0,95,0,2,111,0,113,56,0,56,169
08/26/2012,TIW,WA,ANM,WE,Federal Contract Tower,0,3,20,0,23,0,0,63,0,63,0,3,83,0,86,38,0,38,124
08/27/2012,TIW,WA,ANM,WE,Federal Contract Tower,0,1,39,0,40,0,2,36,0,38,0,3,75,0,78,35,0,35,113
08/28/2012,TIW,WA,ANM,WE,Federal Contract Tower,0,0,29,0,29,0,0,37,3,40,0,0,66,3,69,67,0,67,136
08/29/2012,TIW,WA,ANM,WE,Federal Contract Tower,0,2,28,0,30,0,0,41,0,41,0,2,69,0,71,54,0,54,125
08/30/2012,TIW,WA,ANM,WE,Federal Contract Tower,0,0,28,1,29,0,3,60,1,64,0,3,88,2,93,51,0,51,144
08/31/2012,TIW,WA,ANM,WE,Federal Contract Tower,0,2,26,0,28,0,1,58,10,69,0,3,84,10,97,42,1,43,140
09/01/2012,TIW,WA,ANM,WE,Federal Contract Tower,0,1,23,1,25,0,0,85,0,85,0,1,108,1,110,43,0,43,153
09/02/2012,TIW,WA,ANM,WE,Federal Contract Tower,0,0,14,0,14,0,0,63,0,63,0,0,77,0,77,47,0,47,124
09/03/2012,TIW,WA,ANM,WE,Federal Contract Tower,0,2,15,0,17,0,1,68,0,69,0,3,83,0,86,60,0,60,146
09/04/2012,TIW,WA,ANM,WE,Federal Contract Tower,0,2,39,0,41,0,3,73,0,76,0,5,112,0,117,54,0,54,171
09/05/2012,TIW,WA,ANM,WE,Federal Contract Tower,0,0,26,0,26,0,0,37,0,37,0,0,63,0,63,65,0,65,128
09/06/2012,TIW,WA,ANM,WE,Federal Contract Tower,0,2,25,2,29,0,3,82,3,88,0,5,107,5,117,80,3,83,200
09/07/2012,TIW,WA,ANM,WE,Federal Contract Tower,0,4,36,0,40,0,3,78,0,81,0,7,114,0,121,77,0,77,198
09/08/2012,TIW,WA,ANM,WE,Federal Contract Tower,0,0,48,0,48,0,0,97,1,98,0,0,145,1,146,55,0,55,201
09/09/2012,TIW,WA,ANM,WE,Federal Contract Tower,0,0,19,0,19,0,0,33,2,35,0,0,52,2,54,23,0,23,77
09/10/2012,TIW,WA,ANM,WE,Federal Contract Tower,0,0,40,0,40,0,2,27,2,31,0,2,67,2,71,45,1,46,117
09/11/2012,TIW,WA,ANM,WE,Federal Contract Tower,0,0,18,3,21,0,0,51,2,53,0,0,69,5,74,46,0,46,120
09/12/2012,TIW,WA,ANM,WE,Federal Contract Tower,0,0,32,0,32,0,0,51,1,52,0,0,83,1,84,52,0,52,136
09/13/2012,TIW,WA,ANM,WE,Federal Contract Tower,0,2,28,0,30,0,1,74,2,77,0,3,102,2,107,127,0,127,234
09/14/2012,TIW,WA,ANM,WE,Federal Contract Tower,0,0,30,0,30,0,2,67,0,69,0,2,97,0,99,33,0,33,132
09/15/2012,TIW,WA,ANM,WE,Federal Contract Tower,0,0,20,0,20,0,0,54,0,54,0,0,74,0,74,32,0,32,106
09/16/2012,TIW,WA,ANM,WE,Federal Contract Tower,0,0,19,0,19,0,0,60,6,66,0,0,79,6,85,40,0,40,125
09/17/2012,TIW,WA,ANM,WE,Federal Contract Tower,0,2,13,0,15,0,2,53,1,56,0,4,66,1,71,37,0,37,108
09/18/2012,TIW,WA,ANM,WE,Federal Contract Tower,0,0,34,0,34,0,0,55,0,55,0,0,89,0,89,38,0,38,127
09/19/2012,TIW,WA,ANM,WE,Federal Contract Tower,0,0,13,2,15,0,0,30,0,30,0,0,43,2,45,20,0,20,65
09/20/2012,TIW,WA,ANM,WE,Federal Contract Tower,0,0,28,0,28,0,0,38,0,38,0,0,66,0,66,23,0,23,89
09/21/2012,TIW,WA,ANM,WE,Federal Contract Tower,0,1,44,0,45,0,7,38,0,45,0,8,82,0,90,46,0,46,136
09/22/2012,TIW,WA,ANM,WE,Federal Contract Tower,0,0,20,0,20,0,0,53,6,59,0,0,73,6,79,44,0,44,123
09/23/2012,TIW,WA,ANM,WE,Federal Contract Tower,0,0,6,2,8,0,0,47,0,47,0,0,53,2,55,63,0,63,118
09/24/2012,TIW,WA,ANM,WE,Federal Contract Tower,0,0,29,1,30,0,0,56,3,59,0,0,85,4,89,68,0,68,157
09/25/2012,TIW,WA,ANM,WE,Federal Contract Tower,0,0,25,0,25,0,0,46,0,46,0,0,71,0,71,52,0,52,123
09/26/2012,TIW,WA,ANM,WE,Federal Contract Tower,0,2,31,0,33,0,1,60,2,63,0,3,91,2,96,48,0,48,144
09/27/2012,TIW,WA,ANM,WE,Federal Contract Tower,0,4,45,0,49,0,0,60,4,64,0,4,105,4,113,42,2,44,157
09/28/2012,TIW,WA,ANM,WE,Federal Contract Tower,0,6,39,6,51,0,0,93,4,97,0,6,132,10,148,91,0,91,239
09/29/2012,TIW,WA,ANM,WE,Federal Contract Tower,0,0,25,0,25,0,0,84,0,84,0,0,109,0,109,67,0,67,176
09/30/2012,TIW,WA,ANM,WE,Federal Contract Tower,0,0,42,0,42,0,0,81,0,81,0,0,123,0,123,62,0,62,185
10/01/2012,TIW,WA,ANM,WE,Federal Contract Tower,0,0,33,0,33,0,2,63,0,65,0,2,96,0,98,31,0,31,129
10/02/2012,TIW,WA,ANM,WE,Federal Contract Tower,0,0,52,2,54,0,0,67,0,67,0,0,119,2,121,78,0,78,199
10/03/2012,TIW,WA,ANM,WE,Federal Contract Tower,0,0,40,0,40,0,0,51,2,53,0,0,91,2,93,37,0,37,130
10/04/2012,TIW,WA,ANM,WE,Federal Contract Tower,0,0,31,0,31,0,0,83,2,85,0,0,114,2,116,81,0,81,197
10/05/2012,TIW,WA,ANM,WE,Federal Contract Tower,0,0,47,0,47,0,2,65,4,71,0,2,112,4,118,65,0,65,183
10/06/2012,TIW,WA,ANM,WE,Federal Contract Tower,0,0,40,0,40,0,0,103,0,103,0,0,143,0,143,76,0,76,219
10/07/2012,TIW,WA,ANM,WE,Federal Contract Tower,0,1,22,0,23,0,0,70,0,70,0,1,92,0,93,78,0,78,171
10/08/2012,TIW,WA,ANM,WE,Federal Contract Tower,0,1,21,0,22,0,0,79,0,79,0,1,100,0,101,83,0,83,184
10/09/2012,TIW,WA,ANM,WE,Federal Contract Tower,0,0,36,0,36,0,0,32,0,32,0,0,68,0,68,33,0,33,101
10/10/2012,TIW,WA,ANM,WE,Federal Contract Tower,0,0,16,0,16,0,0,0,0,0,0,0,16,0,16,0,0,0,16
10/11/2012,TIW,WA,ANM,WE,Federal Contract Tower,0,0,26,0,26,0,0,53,0,53,0,0,79,0,79,51,0,51,130
10/12/2012,TIW,WA,ANM,WE,Federal Contract Tower,0,0,23,0,23,0,3,16,0,19,0,3,39,0,42,4,0,4,46
10/13/2012,TIW,WA,ANM,WE,Federal Contract Tower,0,0,23,0,23,0,0,12,0,12,0,0,35,0,35,11,0,11,46
10/14/2012,TIW,WA,ANM,WE,Federal Contract Tower,0,0,10,0,10,0,0,3,0,3,0,0,13,0,13,24,0,24,37
10/15/2012,TIW,WA,ANM,WE,Federal Contract Tower,0,2,10,0,12,0,0,10,0,10,0,2,20,0,22,17,0,17,39
10/16/2012,TIW,WA,ANM,WE,Federal Contract Tower,0,0,11,0,11,0,0,29,0,29,0,0,40,0,40,12,0,12,52
10/17/2012,TIW,WA,ANM,WE,Federal Contract Tower,0,0,40,2,42,0,2,63,0,65,0,2,103,2,107,127,0,127,234
10/18/2012,TIW,WA,ANM,WE,Federal Contract Tower,0,0,49,0,49,0,2,76,0,78,0,2,125,0,127,85,0,85,212
10/19/2012,TIW,WA,ANM,WE,Federal Contract Tower,0,2,14,2,18,0,0,20,0,20,0,2,34,2,38,0,0,0,38
10/20/2012,TIW,WA,ANM,WE,Federal Contract Tower,0,1,32,0,33,0,1,42,0,43,0,2,74,0,76,30,0,30,106
10/21/2012,TIW,WA,ANM,WE,Federal Contract Tower,0,0,50,0,50,0,0,23,0,23,0,0,73,0,73,52,0,52,125
10/22/2012,TIW,WA,ANM,WE,Federal Contract Tower,0,3,7,2,12,0,0,5,0,5,0,3,12,2,17,1,0,1,18
10/23/2012,TIW,WA,ANM,WE,Federal Contract Tower,0,2,21,0,23,0,0,28,2,30,0,2,49,2,53,47,0,47,100
10/24/2012,TIW,WA,ANM,WE,Federal Contract Tower,0,0,29,0,29,0,2,25,15,42,0,2,54,15,71,70,0,70,141
10/25/2012,TIW,WA,ANM,WE,Federal Contract Tower,0,0,41,0,41,0,0,47,4,51,0,0,88,4,92,57,0,57,149
10/26/2012,TIW,WA,ANM,WE,Federal Contract Tower,0,3,15,1,19,0,0,6,0,6,0,3,21,1,25,10,0,10,35
10/27/2012,TIW,WA,ANM,WE,Federal Contract Tower,0,4,13,0,17,0,0,2,0,2,0,4,15,0,19,6,0,6,25
10/28/2012,TIW,WA,ANM,WE,Federal Contract Tower,0,0,28,0,28,0,0,24,0,24,0,0,52,0,52,32,0,32,84
10/29/2012,TIW,WA,ANM,WE,Federal Contract Tower,0,2,16,0,18,0,0,12,0,12,0,2,28,0,30,17,0,17,47
10/30/2012,TIW,WA,ANM,WE,Federal Contract Tower,0,2,19,0,21,0,0,0,0,0,0,2,19,0,21,0,0,0,21
10/31/2012,TIW,WA,ANM,WE,Federal Contract Tower,0,8,35,0,43,0,0,10,4,14,0,8,45,4,57,20,0,20,77
11/01/2012,TIW,WA,ANM,WE,Federal Contract Tower,0,0,44,0,44,0,2,42,0,44,0,2,86,0,88,111,0,111,199
11/02/2012,TIW,WA,ANM,WE,Federal Contract Tower,0,3,37,0,40,0,1,47,0,48,0,4,84,0,88,100,0,100,188
11/03/2012,TIW,WA,ANM,WE,Federal Contract Tower,0,0,24,0,24,0,0,26,0,26,0,0,50,0,50,41,0,41,91
11/04/2012,TIW,WA,ANM,WE,Federal Contract Tower,0,1,31,0,32,0,0,19,0,19,0,1,50,0,51,66,0,66,117
11/05/2012,TIW,WA,ANM,WE,Federal Contract Tower,0,1,12,0,13,0,1,44,0,45,0,2,56,0,58,128,0,128,186
11/06/2012,TIW,WA,ANM,WE,Federal Contract Tower,0,0,16,0,16,0,0,12,0,12,0,0,28,0,28,7,0,7,35
11/07/2012,TIW,WA,ANM,WE,Federal Contract Tower,0,0,30,0,30,0,8,55,6,69,0,8,85,6,99,95,0,95,194
11/08/2012,TIW,WA,ANM,WE,Federal Contract Tower,1,1,51,5,58,0,3,60,1,64,1,4,111,6,122,67,3,70,192
11/09/2012,TIW,WA,ANM,WE,Federal Contract Tower,0,2,39,0,41,0,0,83,0,83,0,2,122,0,124,80,0,80,204
11/10/2012,TIW,WA,ANM,WE,Federal Contract Tower,0,1,27,0,28,0,0,118,0,118,0,1,145,0,146,68,0,68,214
11/11/2012,TIW,WA,ANM,WE,Federal Contract Tower,0,1,9,0,10,0,0,2,1,3,0,1,11,1,13,64,0,64,77
11/12/2012,TIW,WA,ANM,WE,Federal Contract Tower,0,2,16,0,18,0,0,15,0,15,0,2,31,0,33,59,0,59,92
11/13/2012,TIW,WA,ANM,WE,Federal Contract Tower,0,2,21,0,23,0,0,22,0,22,0,2,43,0,45,17,0,17,62
11/14/2012,TIW,WA,ANM,WE,Federal Contract Tower,0,1,23,0,24,0,0,19,0,19,0,1,42,0,43,31,0,31,74
11/15/2012,TIW,WA,ANM,WE,Federal Contract Tower,0,1,38,0,39,0,0,29,0,29,0,1,67,0,68,12,0,12,80
11/16/2012,TIW,WA,ANM,WE,Federal Contract Tower,0,2,22,0,24,0,0,29,2,31,0,2,51,2,55,38,0,38,93
11/17/2012,TIW,WA,ANM,WE,Federal Contract Tower,0,2,7,0,9,0,0,7,0,7,0,2,14,0,16,0,0,0,16
11/18/2012,TIW,WA,ANM,WE,Federal Contract Tower,0,2,14,0,16,0,0,13,0,13,0,2,27,0,29,8,0,8,37
11/19/2012,TIW,WA,ANM,WE,Federal Contract Tower,0,2,6,0,8,0,0,1,0,1,0,2,7,0,9,0,0,0,9
11/20/2012,TIW,WA,ANM,WE,Federal Contract Tower,0,0,3,0,3,0,0,16,0,16,0,0,19,0,19,25,0,25,44
11/21/2012,TIW,WA,ANM,WE,Federal Contract Tower,0,1,8,0,9,0,0,10,0,10,0,1,18,0,19,10,0,10,29
11/22/2012,TIW,WA,ANM,WE,Federal Contract Tower,0,0,2,0,2,0,0,24,0,24,0,0,26,0,26,13,0,13,39
11/23/2012,TIW,WA,ANM,WE,Federal Contract Tower,0,0,9,0,9,0,0,0,0,0,0,0,9,0,9,0,0,0,9
11/24/2012,TIW,WA,ANM,WE,Federal Contract Tower,0,2,17,0,19,0,0,0,0,0,0,2,17,0,19,0,0,0,19
11/25/2012,TIW,WA,ANM,WE,Federal Contract Tower,0,3,21,0,24,0,0,42,0,42,0,3,63,0,66,36,0,36,102
11/26/2012,TIW,WA,ANM,WE,Federal Contract Tower,0,3,25,0,28,0,1,66,0,67,0,4,91,0,95,66,4,70,165
11/27/2012,TIW,WA,ANM,WE,Federal Contract Tower,0,0,41,1,42,0,0,58,3,61,0,0,99,4,103,101,0,101,204
11/28/2012,TIW,WA,ANM,WE,Federal Contract Tower,0,2,10,0,12,0,0,11,8,19,0,2,21,8,31,18,0,18,49
11/29/2012,TIW,WA,ANM,WE,Federal Contract Tower,0,6,15,0,21,0,2,17,2,21,0,8,32,2,42,31,2,33,75
11/30/2012,TIW,WA,ANM,WE,Federal Contract Tower,0,1,26,0,27,0,0,35,0,35,0,1,61,0,62,40,0,40,102
12/01/2012,TIW,WA,ANM,WE,Federal Contract Tower,0,1,16,0,17,0,0,20,0,20,0,1,36,0,37,10,0,10,47
12/02/2012,TIW,WA,ANM,WE,Federal Contract Tower,0,0,13,0,13,0,0,4,0,4,0,0,17,0,17,0,0,0,17
12/03/2012,TIW,WA,ANM,WE,Federal Contract Tower,0,2,7,0,9,0,0,3,0,3,0,2,10,0,12,0,0,0,12
12/04/2012,TIW,WA,ANM,WE,Federal Contract Tower,0,1,10,0,11,0,0,9,0,9,0,1,19,0,20,19,0,19,39
12/05/2012,TIW,WA,ANM,WE,Federal Contract Tower,0,2,26,0,28,0,0,48,2,50,0,2,74,2,78,43,0,43,121
12/06/2012,TIW,WA,ANM,WE,Federal Contract Tower,0,0,14,0,14,0,0,12,4,16,0,0,26,4,30,16,0,16,46
12/07/2012,TIW,WA,ANM,WE,Federal Contract Tower,0,4,9,0,13,0,0,13,4,17,0,4,22,4,30,25,0,25,55
12/08/2012,TIW,WA,ANM,WE,Federal Contract Tower,0,0,33,0,33,0,0,64,0,64,0,0,97,0,97,29,0,29,126
12/09/2012,TIW,WA,ANM,WE,Federal Contract Tower,0,2,11,0,13,0,0,0,0,0,0,2,11,0,13,0,0,0,13
12/10/2012,TIW,WA,ANM,WE,Federal Contract Tower,0,2,3,0,5,0,0,0,2,2,0,2,3,2,7,0,6,6,13
12/11/2012,TIW,WA,ANM,WE,Federal Contract Tower,0,0,25,0,25,0,0,16,0,16,0,0,41,0,41,6,0,6,47
12/12/2012,TIW,WA,ANM,WE,Federal Contract Tower,0,0,28,0,28,0,2,34,7,43,0,2,62,7,71,24,16,40,111
12/13/2012,TIW,WA,ANM,WE,Federal Contract Tower,0,0,52,0,52,0,3,80,1,84,0,3,132,1,136,78,26,104,240
12/14/2012,TIW,WA,ANM,WE,Federal Contract Tower,0,0,5,0,5,0,0,22,0,22,0,0,27,0,27,31,0,31,58
12/15/2012,TIW,WA,ANM,WE,Federal Contract Tower,0,0,5,0,5,0,0,10,0,10,0,0,15,0,15,22,0,22,37
12/16/2012,TIW,WA,ANM,WE,Federal Contract Tower,0,0,3,0,3,0,0,1,0,1,0,0,4,0,4,0,0,0,4
12/17/2012,TIW,WA,ANM,WE,Federal Contract Tower,0,1,0,0,1,0,1,2,0,3,0,2,2,0,4,4,0,4,8
12/18/2012,TIW,WA,ANM,WE,Federal Contract Tower,0,0,5,0,5,0,0,0,0,0,0,0,5,0,5,40,1,41,46
12/19/2012,TIW,WA,ANM,WE,Federal Contract Tower,0,2,2,0,4,0,9,2,0,11,0,11,4,0,15,0,0,0,15
12/20/2012,TIW,WA,ANM,WE,Federal Contract Tower,0,0,5,0,5,0,2,16,4,22,0,2,21,4,27,12,0,12,39
12/21/2012,TIW,WA,ANM,WE,Federal Contract Tower,0,1,26,0,27,0,0,65,6,71,0,1,91,6,98,63,0,63,161
12/22/2012,TIW,WA,ANM,WE,Federal Contract Tower,0,2,21,0,23,0,0,24,0,24,0,2,45,0,47,0,0,0,47
12/23/2012,TIW,WA,ANM,WE,Federal Contract Tower,0,0,8,0,8,0,0,15,0,15,0,0,23,0,23,5,0,5,28
12/24/2012,TIW,WA,ANM,WE,Federal Contract Tower,0,2,2,0,4,0,0,2,0,2,0,2,4,0,6,0,0,0,6
12/25/2012,TIW,WA,ANM,WE,Federal Contract Tower,0,0,0,0,0,0,0,0,0,0,0,0,0,0,0,0,0,0,0
12/26/2012,TIW,WA,ANM,WE,Federal Contract Tower,0,0,19,0,19,0,2,7,2,11,0,2,26,2,30,14,0,14,44
12/27/2012,TIW,WA,ANM,WE,Federal Contract Tower,0,1,21,0,22,0,1,21,4,26,0,2,42,4,48,23,0,23,71
12/28/2012,TIW,WA,ANM,WE,Federal Contract Tower,0,0,41,0,41,0,1,69,0,70,0,1,110,0,111,85,0,85,196
12/29/2012,TIW,WA,ANM,WE,Federal Contract Tower,0,0,39,0,39,0,0,38,0,38,0,0,77,0,77,36,0,36,113
12/30/2012,TIW,WA,ANM,WE,Federal Contract Tower,0,0,21,0,21,0,0,17,0,17,0,0,38,0,38,18,0,18,56
12/31/2012,TIW,WA,ANM,WE,Federal Contract Tower,0,2,20,0,22,0,1,16,0,17,0,3,36,0,39,24,0,24,63
01/01/2013,TIW,WA,ANM,WE,Federal Contract Tower,0,0,12,0,12,0,0,79,0,79,0,0,91,0,91,48,0,48,139
01/02/2013,TIW,WA,ANM,WE,Federal Contract Tower,0,0,20,2,22,0,2,15,2,19,0,2,35,4,41,12,0,12,53
01/03/2013,TIW,WA,ANM,WE,Federal Contract Tower,0,0,38,0,38,0,0,36,6,42,0,0,74,6,80,55,0,55,135
01/04/2013,TIW,WA,ANM,WE,Federal Contract Tower,0,0,31,2,33,0,3,45,0,48,0,3,76,2,81,71,0,71,152
01/05/2013,TIW,WA,ANM,WE,Federal Contract Tower,0,0,43,2,45,0,0,49,10,59,0,0,92,12,104,45,0,45,149
01/06/2013,TIW,WA,ANM,WE,Federal Contract Tower,0,0,12,0,12,0,0,14,0,14,0,0,26,0,26,20,0,20,46
01/07/2013,TIW,WA,ANM,WE,Federal Contract Tower,0,2,4,0,6,0,0,2,2,4,0,2,6,2,10,0,0,0,10
01/08/2013,TIW,WA,ANM,WE,Federal Contract Tower,0,0,10,0,10,0,0,0,4,4,0,0,10,4,14,0,0,0,14
01/09/2013,TIW,WA,ANM,WE,Federal Contract Tower,0,0,2,0,2,0,0,11,8,19,0,0,13,8,21,0,8,8,29
01/10/2013,TIW,WA,ANM,WE,Federal Contract Tower,0,2,2,0,4,0,0,11,1,12,0,2,13,1,16,6,10,16,32
01/11/2013,TIW,WA,ANM,WE,Federal Contract Tower,0,0,38,0,38,0,2,88,1,91,0,2,126,1,129,61,0,61,190
01/12/2013,TIW,WA,ANM,WE,Federal Contract Tower,0,0,26,0,26,0,0,89,0,89,0,0,115,0,115,47,0,47,162
01/13/2013,TIW,WA,ANM,WE,Federal Contract Tower,0,0,20,0,20,0,0,68,0,68,0,0,88,0,88,106,0,106,194
01/14/2013,TIW,WA,ANM,WE,Federal Contract Tower,0,2,17,2,21,0,0,42,0,42,0,2,59,2,63,48,0,48,111
01/15/2013,TIW,WA,ANM,WE,Federal Contract Tower,0,0,22,0,22,0,0,44,4,48,0,0,66,4,70,54,0,54,124
01/16/2013,TIW,WA,ANM,WE,Federal Contract Tower,0,2,15,0,17,0,0,38,4,42,0,2,53,4,59,35,0,35,94
01/17/2013,TIW,WA,ANM,WE,Federal Contract Tower,0,0,9,0,9,0,0,0,0,0,0,0,9,0,9,0,0,0,9
01/18/2013,TIW,WA,ANM,WE,Federal Contract Tower,0,1,31,0,32,0,0,0,0,0,0,1,31,0,32,2,0,2,34
01/19/2013,TIW,WA,ANM,WE,Federal Contract Tower,0,0,10,0,10,0,0,0,0,0,0,0,10,0,10,0,0,0,10
01/20/2013,TIW,WA,ANM,WE,Federal Contract Tower,0,2,15,0,17,0,0,0,0,0,0,2,15,0,17,0,0,0,17
01/21/2013,TIW,WA,ANM,WE,Federal Contract Tower,0,2,8,0,10,0,0,0,0,0,0,2,8,0,10,0,0,0,10
01/22/2013,TIW,WA,ANM,WE,Federal Contract Tower,0,1,5,0,6,0,0,12,0,12,0,1,17,0,18,0,0,0,18
01/23/2013,TIW,WA,ANM,WE,Federal Contract Tower,0,0,26,0,26,0,0,13,6,19,0,0,39,6,45,10,0,10,55
01/24/2013,TIW,WA,ANM,WE,Federal Contract Tower,0,0,40,0,40,0,2,45,10,57,0,2,85,10,97,69,4,73,170
01/25/2013,TIW,WA,ANM,WE,Federal Contract Tower,0,0,21,2,23,0,1,49,0,50,0,1,70,2,73,48,0,48,121
01/26/2013,TIW,WA,ANM,WE,Federal Contract Tower,0,0,24,0,24,0,0,33,0,33,0,0,57,0,57,18,0,18,75
01/27/2013,TIW,WA,ANM,WE,Federal Contract Tower,0,0,4,0,4,0,0,3,0,3,0,0,7,0,7,0,0,0,7
01/28/2013,TIW,WA,ANM,WE,Federal Contract Tower,0,2,3,0,5,0,0,9,2,11,0,2,12,2,16,0,4,4,20
01/29/2013,TIW,WA,ANM,WE,Federal Contract Tower,0,0,12,2,14,0,0,8,1,9,0,0,20,3,23,6,3,9,32
01/30/2013,TIW,WA,ANM,WE,Federal Contract Tower,0,0,6,0,6,0,0,0,0,0,0,0,6,0,6,0,0,0,6
01/31/2013,TIW,WA,ANM,WE,Federal Contract Tower,0,0,46,0,46,0,0,39,2,41,0,0,85,2,87,43,0,43,130
02/01/2013,TIW,WA,ANM,WE,Federal Contract Tower,0,0,38,0,38,0,0,46,1,47,0,0,84,1,85,66,1,67,152
02/02/2013,TIW,WA,ANM,WE,Federal Contract Tower,0,0,26,0,26,0,0,0,0,0,0,0,26,0,26,0,0,0,26
02/03/2013,TIW,WA,ANM,WE,Federal Contract Tower,0,0,19,0,19,0,0,36,0,36,0,0,55,0,55,69,0,69,124
02/04/2013,TIW,WA,ANM,WE,Federal Contract Tower,0,2,55,0,57,0,0,52,1,53,0,2,107,1,110,80,5,85,195
02/05/2013,TIW,WA,ANM,WE,Federal Contract Tower,0,0,37,0,37,0,0,27,0,27,0,0,64,0,64,28,0,28,92
02/06/2013,TIW,WA,ANM,WE,Federal Contract Tower,0,7,35,2,44,0,4,45,5,54,0,11,80,7,98,19,0,19,117
02/07/2013,TIW,WA,ANM,WE,Federal Contract Tower,0,0,38,0,38,0,5,53,11,69,0,5,91,11,107,73,18,91,198
02/08/2013,TIW,WA,ANM,WE,Federal Contract Tower,0,1,40,0,41,0,2,63,2,67,0,3,103,2,108,48,0,48,156
02/09/2013,TIW,WA,ANM,WE,Federal Contract Tower,0,0,15,0,15,0,4,53,0,57,0,4,68,0,72,88,0,88,160
02/10/2013,TIW,WA,ANM,WE,Federal Contract Tower,0,0,38,0,38,0,0,49,0,49,0,0,87,0,87,64,2,66,153
02/11/2013,TIW,WA,ANM,WE,Federal Contract Tower,0,2,27,0,29,0,0,24,8,32,0,2,51,8,61,17,24,41,102
02/12/2013,TIW,WA,ANM,WE,Federal Contract Tower,0,1,24,0,25,0,0,11,8,19,0,1,35,8,44,4,6,10,54
02/13/2013,TIW,WA,ANM,WE,Federal Contract Tower,0,0,36,0,36,0,2,34,9,45,0,2,70,9,81,51,29,80,161
02/14/2013,TIW,WA,ANM,WE,Federal Contract Tower,0,2,15,8,25,0,0,1,8,9,0,2,16,16,34,2,10,12,46
02/15/2013,TIW,WA,ANM,WE,Federal Contract Tower,0,3,30,1,34,0,4,81,5,90,0,7,111,6,124,89,17,106,230
02/16/2013,TIW,WA,ANM,WE,Federal Contract Tower,0,1,13,0,14,0,0,20,0,20,0,1,33,0,34,2,0,2,36
02/17/2013,TIW,WA,ANM,WE,Federal Contract Tower,0,1,46,0,47,0,0,58,0,58,0,1,104,0,105,74,0,74,179
02/18/2013,TIW,WA,ANM,WE,Federal Contract Tower,0,2,28,0,30,0,0,39,0,39,0,2,67,0,69,78,0,78,147
02/19/2013,TIW,WA,ANM,WE,Federal Contract Tower,0,2,44,0,46,0,0,0,0,0,0,2,44,0,46,91,11,102,148
02/20/2013,TIW,WA,ANM,WE,Federal Contract Tower,0,0,26,1,27,0,0,22,12,34,0,0,48,13,61,27,38,65,126
02/21/2013,TIW,WA,ANM,WE,Federal Contract Tower,0,0,6,0,6,0,0,2,0,2,0,0,8,0,8,0,0,0,8
02/22/2013,TIW,WA,ANM,WE,Federal Contract Tower,0,0,3,0,3,0,0,0,0,0,0,0,3,0,3,0,0,0,3
02/23/2013,TIW,WA,ANM,WE,Federal Contract Tower,0,0,37,0,37,0,2,50,0,52,0,2,87,0,89,51,0,51,140
02/24/2013,TIW,WA,ANM,WE,Federal Contract Tower,0,0,21,0,21,0,0,8,0,8,0,0,29,0,29,0,0,0,29
02/25/2013,TIW,WA,ANM,WE,Federal Contract Tower,0,2,11,0,13,0,0,7,2,9,0,2,18,2,22,6,0,6,28
02/26/2013,TIW,WA,ANM,WE,Federal Contract Tower,0,0,37,1,38,0,0,37,0,37,0,0,74,1,75,65,0,65,140
02/27/2013,TIW,WA,ANM,WE,Federal Contract Tower,0,0,28,5,33,0,0,26,2,28,0,0,54,7,61,42,0,42,103
02/28/2013,TIW,WA,ANM,WE,Federal Contract Tower,0,0,13,0,13,0,0,0,0,0,0,0,13,0,13,0,0,0,13
03/01/2013,TIW,WA,ANM,WE,Federal Contract Tower,0,1,30,0,31,0,2,19,0,21,0,3,49,0,52,30,0,30,82
03/02/2013,TIW,WA,ANM,WE,Federal Contract Tower,0,2,59,2,63,0,0,41,0,41,0,2,100,2,104,44,0,44,148
03/03/2013,TIW,WA,ANM,WE,Federal Contract Tower,0,0,42,0,42,0,0,75,0,75,0,0,117,0,117,101,0,101,218
03/04/2013,TIW,WA,ANM,WE,Federal Contract Tower,0,2,23,0,25,0,2,61,0,63,0,4,84,0,88,86,0,86,174
03/05/2013,TIW,WA,ANM,WE,Federal Contract Tower,0,0,37,0,37,0,0,24,5,29,0,0,61,5,66,14,24,38,104
03/06/2013,TIW,WA,ANM,WE,Federal Contract Tower,0,0,16,0,16,0,0,1,4,5,0,0,17,4,21,0,0,0,21
03/07/2013,TIW,WA,ANM,WE,Federal Contract Tower,0,0,32,0,32,0,2,28,4,34,0,2,60,4,66,28,0,28,94
03/08/2013,TIW,WA,ANM,WE,Federal Contract Tower,0,0,50,0,50,0,2,72,1,75,0,2,122,1,125,80,3,83,208
03/09/2013,TIW,WA,ANM,WE,Federal Contract Tower,0,0,34,0,34,0,0,106,0,106,0,0,140,0,140,66,0,66,206
03/10/2013,TIW,WA,ANM,WE,Federal Contract Tower,0,0,44,0,44,0,0,0,0,0,0,0,44,0,44,36,0,36,80
03/11/2013,TIW,WA,ANM,WE,Federal Contract Tower,0,7,13,0,20,0,0,11,0,11,0,7,24,0,31,0,0,0,31
03/12/2013,TIW,WA,ANM,WE,Federal Contract Tower,0,0,13,0,13,0,0,11,0,11,0,0,24,0,24,15,0,15,39
03/13/2013,TIW,WA,ANM,WE,Federal Contract Tower,0,6,26,0,32,0,4,6,0,10,0,10,32,0,42,6,0,6,48
03/14/2013,TIW,WA,ANM,WE,Federal Contract Tower,0,1,29,0,30,0,2,23,42,67,0,3,52,42,97,8,1,9,106
03/15/2013,TIW,WA,ANM,WE,Federal Contract Tower,0,0,47,7,54,0,0,25,2,27,0,0,72,9,81,54,0,54,135
03/16/2013,TIW,WA,ANM,WE,Federal Contract Tower,0,0,51,0,51,0,0,11,0,11,0,0,62,0,62,0,0,0,62
03/17/2013,TIW,WA,ANM,WE,Federal Contract Tower,0,0,21,1,22,0,0,21,0,21,0,0,42,1,43,5,0,5,48
03/18/2013,TIW,WA,ANM,WE,Federal Contract Tower,0,4,24,0,28,0,0,21,1,22,0,4,45,1,50,12,0,12,62
03/19/2013,TIW,WA,ANM,WE,Federal Contract Tower,0,7,38,2,47,0,0,33,1,34,0,7,71,3,81,32,0,32,113
03/20/2013,TIW,WA,ANM,WE,Federal Contract Tower,0,0,0,0,0,0,1,6,0,7,0,1,6,0,7,9,0,9,16
03/21/2013,TIW,WA,ANM,WE,Federal Contract Tower,0,3,16,2,21,0,1,22,4,27,0,4,38,6,48,4,0,4,52
03/22/2013,TIW,WA,ANM,WE,Federal Contract Tower,0,3,22,0,25,0,4,71,0,75,0,7,93,0,100,38,0,38,138
03/23/2013,TIW,WA,ANM,WE,Federal Contract Tower,0,0,46,0,46,0,0,80,0,80,0,0,126,0,126,111,0,111,237
03/24/2013,TIW,WA,ANM,WE,Federal Contract Tower,0,0,56,0,56,0,0,75,0,75,0,0,131,0,131,130,0,130,261
03/25/2013,TIW,WA,ANM,WE,Federal Contract Tower,0,2,47,0,49,0,0,51,0,51,0,2,98,0,100,42,0,42,142
03/26/2013,TIW,WA,ANM,WE,Federal Contract Tower,0,0,53,0,53,0,0,51,0,51,0,0,104,0,104,64,0,64,168
03/27/2013,TIW,WA,ANM,WE,Federal Contract Tower,0,0,37,0,37,0,2,42,6,50,0,2,79,6,87,28,0,28,115
03/28/2013,TIW,WA,ANM,WE,Federal Contract Tower,0,2,46,2,50,0,0,36,2,38,0,2,82,4,88,36,27,63,151
03/29/2013,TIW,WA,ANM,WE,Federal Contract Tower,0,2,34,1,37,0,5,78,3,86,0,7,112,4,123,63,2,65,188
03/30/2013,TIW,WA,ANM,WE,Federal Contract Tower,0,0,30,0,30,0,0,29,0,29,0,0,59,0,59,35,0,35,94
03/31/2013,TIW,WA,ANM,WE,Federal Contract Tower,0,0,19,0,19,0,0,25,0,25,0,0,44,0,44,4,0,4,48
04/01/2013,TIW,WA,ANM,WE,Federal Contract Tower,0,3,33,0,36,0,0,26,1,27,0,3,59,1,63,21,0,21,84
04/02/2013,TIW,WA,ANM,WE,Federal Contract Tower,0,2,17,4,23,0,0,38,1,39,0,2,55,5,62,39,0,39,101
04/03/2013,TIW,WA,ANM,WE,Federal Contract Tower,0,0,47,0,47,0,2,75,12,89,0,2,122,12,136,79,0,79,215
04/04/2013,TIW,WA,ANM,WE,Federal Contract Tower,0,2,38,0,40,0,2,12,2,16,0,4,50,2,56,8,0,8,64
04/05/2013,TIW,WA,ANM,WE,Federal Contract Tower,0,6,20,0,26,0,0,19,0,19,0,6,39,0,45,28,0,28,73
04/06/2013,TIW,WA,ANM,WE,Federal Contract Tower,0,0,15,0,15,0,0,17,0,17,0,0,32,0,32,9,0,9,41
04/07/2013,TIW,WA,ANM,WE,Federal Contract Tower,0,0,13,0,13,0,0,0,0,0,0,0,13,0,13,0,0,0,13
04/08/2013,TIW,WA,ANM,WE,Federal Contract Tower,0,4,29,2,35,0,0,21,0,21,0,4,50,2,56,36,0,36,92
04/09/2013,TIW,WA,ANM,WE,Federal Contract Tower,0,4,47,0,51,0,0,39,0,39,0,4,86,0,90,31,0,31,121
04/10/2013,TIW,WA,ANM,WE,Federal Contract Tower,0,0,8,0,8,0,0,3,1,4,0,0,11,1,12,1,0,1,13
04/11/2013,TIW,WA,ANM,WE,Federal Contract Tower,0,10,11,0,21,0,6,37,2,45,0,16,48,2,66,47,0,47,113
04/12/2013,TIW,WA,ANM,WE,Federal Contract Tower,0,11,21,4,36,0,1,22,0,23,0,12,43,4,59,19,0,19,78
04/13/2013,TIW,WA,ANM,WE,Federal Contract Tower,0,1,6,0,7,0,0,20,0,20,0,1,26,0,27,13,0,13,40
04/14/2013,TIW,WA,ANM,WE,Federal Contract Tower,0,0,39,0,39,0,0,24,0,24,0,0,63,0,63,62,0,62,125
04/15/2013,TIW,WA,ANM,WE,Federal Contract Tower,0,2,14,0,16,0,0,28,7,35,0,2,42,7,51,26,44,70,121
04/16/2013,TIW,WA,ANM,WE,Federal Contract Tower,0,0,23,0,23,0,0,53,0,53,0,0,76,0,76,54,0,54,130
04/17/2013,TIW,WA,ANM,WE,Federal Contract Tower,0,1,37,0,38,0,8,69,2,79,0,9,106,2,117,62,0,62,179
04/18/2013,TIW,WA,ANM,WE,Federal Contract Tower,0,0,17,0,17,0,4,11,18,33,0,4,28,18,50,10,22,32,82
04/19/2013,TIW,WA,ANM,WE,Federal Contract Tower,0,5,15,0,20,0,0,2,0,2,0,5,17,0,22,0,0,0,22
04/20/2013,TIW,WA,ANM,WE,Federal Contract Tower,0,1,28,0,29,0,0,39,0,39,0,1,67,0,68,42,0,42,110
04/21/2013,TIW,WA,ANM,WE,Federal Contract Tower,0,2,15,0,17,0,0,32,0,32,0,2,47,0,49,29,0,29,78
04/22/2013,TIW,WA,ANM,WE,Federal Contract Tower,0,8,22,0,30,0,0,54,0,54,0,8,76,0,84,49,0,49,133
04/23/2013,TIW,WA,ANM,WE,Federal Contract Tower,0,1,53,0,54,0,0,71,0,71,0,1,124,0,125,53,0,53,178
04/24/2013,TIW,WA,ANM,WE,Federal Contract Tower,0,1,32,0,33,0,0,95,2,97,0,1,127,2,130,103,0,103,233
04/25/2013,TIW,WA,ANM,WE,Federal Contract Tower,0,0,26,0,26,0,2,64,9,75,0,2,90,9,101,99,0,99,200
04/26/2013,TIW,WA,ANM,WE,Federal Contract Tower,0,0,42,4,46,0,2,65,0,67,0,2,107,4,113,57,0,57,170
04/27/2013,TIW,WA,ANM,WE,Federal Contract Tower,0,0,34,0,34,0,0,46,0,46,0,0,80,0,80,67,0,67,147
04/28/2013,TIW,WA,ANM,WE,Federal Contract Tower,0,2,25,0,27,0,0,26,0,26,0,2,51,0,53,6,0,6,59
04/29/2013,TIW,WA,ANM,WE,Federal Contract Tower,0,4,11,1,16,0,0,37,3,40,0,4,48,4,56,28,10,38,94
04/30/2013,TIW,WA,ANM,WE,Federal Contract Tower,0,0,31,0,31,0,0,62,0,62,0,0,93,0,93,84,0,84,177
05/01/2013,TIW,WA,ANM,WE,Federal Contract Tower,0,0,2,0,2,0,0,82,4,86,0,0,84,4,88,58,0,58,146
05/02/2013,TIW,WA,ANM,WE,Federal Contract Tower,0,0,1,0,1,0,3,70,2,75,0,3,71,2,76,42,0,42,118
05/03/2013,TIW,WA,ANM,WE,Federal Contract Tower,0,0,1,0,1,0,4,73,0,77,0,4,74,0,78,87,0,87,165
05/04/2013,TIW,WA,ANM,WE,Federal Contract Tower,0,0,2,0,2,0,4,80,0,84,0,4,82,0,86,46,0,46,132
05/05/2013,TIW,WA,ANM,WE,Federal Contract Tower,0,0,5,0,5,0,0,77,0,77,0,0,82,0,82,5,0,5,87
05/06/2013,TIW,WA,ANM,WE,Federal Contract Tower,0,2,0,0,2,0,0,58,0,58,0,2,58,0,60,21,2,23,83
05/07/2013,TIW,WA,ANM,WE,Federal Contract Tower,0,0,0,0,0,0,0,27,0,27,0,0,27,0,27,4,0,4,31
05/08/2013,TIW,WA,ANM,WE,Federal Contract Tower,0,0,0,2,2,0,0,27,0,27,0,0,27,2,29,48,0,48,77
05/09/2013,TIW,WA,ANM,WE,Federal Contract Tower,0,0,0,0,0,0,2,43,9,54,0,2,43,9,54,28,1,29,83
05/10/2013,TIW,WA,ANM,WE,Federal Contract Tower,0,0,5,0,5,0,6,121,2,129,0,6,126,2,134,166,1,167,301
05/11/2013,TIW,WA,ANM,WE,Federal Contract Tower,0,0,4,0,4,0,0,99,0,99,0,0,103,0,103,53,0,53,156
05/12/2013,TIW,WA,ANM,WE,Federal Contract Tower,0,0,2,0,2,0,0,22,0,22,0,0,24,0,24,31,0,31,55
05/13/2013,TIW,WA,ANM,WE,Federal Contract Tower,0,1,0,0,1,0,1,10,0,11,0,2,10,0,12,0,0,0,12
05/14/2013,TIW,WA,ANM,WE,Federal Contract Tower,0,0,0,0,0,0,0,61,1,62,0,0,61,1,62,130,8,138,200
05/15/2013,TIW,WA,ANM,WE,Federal Contract Tower,0,0,0,0,0,0,4,16,0,20,0,4,16,0,20,34,0,34,54
05/16/2013,TIW,WA,ANM,WE,Federal Contract Tower,0,0,2,0,2,0,4,57,1,62,0,4,59,1,64,70,4,74,138
05/17/2013,TIW,WA,ANM,WE,Federal Contract Tower,0,0,2,0,2,0,0,49,4,53,0,0,51,4,55,6,0,6,61
05/18/2013,TIW,WA,ANM,WE,Federal Contract Tower,0,0,5,0,5,0,2,48,0,50,0,2,53,0,55,33,0,33,88
05/19/2013,TIW,WA,ANM,WE,Federal Contract Tower,0,0,3,0,3,0,0,53,0,53,0,0,56,0,56,15,0,15,71
05/20/2013,TIW,WA,ANM,WE,Federal Contract Tower,0,0,1,0,1,0,1,73,1,75,0,1,74,1,76,37,7,44,120
05/21/2013,TIW,WA,ANM,WE,Federal Contract Tower,0,0,3,0,3,0,0,9,0,9,0,0,12,0,12,0,0,0,12
05/22/2013,TIW,WA,ANM,WE,Federal Contract Tower,0,0,0,0,0,0,0,3,0,3,0,0,3,0,3,0,0,0,3
05/23/2013,TIW,WA,ANM,WE,Federal Contract Tower,0,0,6,0,6,0,0,14,0,14,0,0,20,0,20,2,0,2,22
05/24/2013,TIW,WA,ANM,WE,Federal Contract Tower,0,0,5,0,5,0,2,58,4,64,0,2,63,4,69,81,0,81,150
05/25/2013,TIW,WA,ANM,WE,Federal Contract Tower,0,0,4,0,4,0,0,70,0,70,0,0,74,0,74,79,0,79,153
05/26/2013,TIW,WA,ANM,WE,Federal Contract Tower,0,0,2,0,2,0,0,9,0,9,0,0,11,0,11,9,0,9,20
05/27/2013,TIW,WA,ANM,WE,Federal Contract Tower,0,0,2,0,2,0,0,7,0,7,0,0,9,0,9,0,0,0,9
05/28/2013,TIW,WA,ANM,WE,Federal Contract Tower,0,2,1,0,3,0,0,13,0,13,0,2,14,0,16,0,0,0,16
05/29/2013,TIW,WA,ANM,WE,Federal Contract Tower,0,0,2,0,2,0,0,19,0,19,0,0,21,0,21,2,0,2,23
05/30/2013,TIW,WA,ANM,WE,Federal Contract Tower,0,0,2,0,2,0,0,62,6,68,0,0,64,6,70,10,9,19,89
05/31/2013,TIW,WA,ANM,WE,Federal Contract Tower,0,0,6,0,6,0,2,64,0,66,0,2,70,0,72,97,0,97,169
06/01/2013,TIW,WA,ANM,WE,Federal Contract Tower,0,0,2,0,2,0,0,131,0,131,0,0,133,0,133,36,0,36,169
06/02/2013,TIW,WA,ANM,WE,Federal Contract Tower,0,0,7,0,7,0,0,72,0,72,0,0,79,0,79,60,0,60,139
06/03/2013,TIW,WA,ANM,WE,Federal Contract Tower,0,1,3,0,4,0,3,36,0,39,0,4,39,0,43,21,0,21,64
06/04/2013,TIW,WA,ANM,WE,Federal Contract Tower,0,0,2,0,2,0,0,53,0,53,0,0,55,0,55,32,0,32,87
06/05/2013,TIW,WA,ANM,WE,Federal Contract Tower,0,0,1,0,1,0,3,84,0,87,0,3,85,0,88,30,0,30,118
06/06/2013,TIW,WA,ANM,WE,Federal Contract Tower,0,0,2,0,2,0,2,89,2,93,0,2,91,2,95,0,0,0,95
06/07/2013,TIW,WA,ANM,WE,Federal Contract Tower,0,0,7,0,7,0,0,63,0,63,0,0,70,0,70,0,0,0,70
06/08/2013,TIW,WA,ANM,WE,Federal Contract Tower,0,0,4,0,4,0,0,93,0,93,0,0,97,0,97,17,0,17,114
06/09/2013,TIW,WA,ANM,WE,Federal Contract Tower,0,0,3,0,3,0,0,74,0,74,0,0,77,0,77,0,0,0,77
06/10/2013,TIW,WA,ANM,WE,Federal Contract Tower,0,2,1,0,3,0,0,42,2,44,0,2,43,2,47,0,0,0,47
06/11/2013,TIW,WA,ANM,WE,Federal Contract Tower,0,0,3,0,3,0,0,45,0,45,0,0,48,0,48,0,0,0,48
06/12/2013,TIW,WA,ANM,WE,Federal Contract Tower,0,0,1,0,1,0,0,26,0,26,0,0,27,0,27,0,0,0,27
06/13/2013,TIW,WA,ANM,WE,Federal Contract Tower,0,0,2,0,2,0,0,22,0,22,0,0,24,0,24,0,0,0,24
06/14/2013,TIW,WA,ANM,WE,Federal Contract Tower,0,0,0,0,0,0,0,33,0,33,0,0,33,0,33,0,0,0,33
06/15/2013,TIW,WA,ANM,WE,Federal Contract Tower,0,0,1,0,1,0,0,108,0,108,0,0,109,0,109,0,0,0,109
06/16/2013,TIW,WA,ANM,WE,Federal Contract Tower,0,0,0,0,0,0,0,69,2,71,0,0,69,2,71,54,0,54,125
06/17/2013,TIW,WA,ANM,WE,Federal Contract Tower,0,2,4,0,6,0,0,41,0,41,0,2,45,0,47,4,0,4,51
06/18/2013,TIW,WA,ANM,WE,Federal Contract Tower,0,0,1,0,1,0,0,71,0,71,0,0,72,0,72,64,0,64,136
06/19/2013,TIW,WA,ANM,WE,Federal Contract Tower,0,0,0,0,0,0,0,51,13,64,0,0,51,13,64,16,0,16,80
06/20/2013,TIW,WA,ANM,WE,Federal Contract Tower,0,1,10,0,11,0,0,25,1,26,0,1,35,1,37,3,0,3,40
06/21/2013,TIW,WA,ANM,WE,Federal Contract Tower,0,2,6,0,8,0,0,41,3,44,0,2,47,3,52,10,3,13,65
06/22/2013,TIW,WA,ANM,WE,Federal Contract Tower,0,0,3,0,3,0,0,115,0,115,0,0,118,0,118,75,0,75,193
06/23/2013,TIW,WA,ANM,WE,Federal Contract Tower,0,0,9,0,9,0,0,39,2,41,0,0,48,2,50,65,0,65,115
06/24/2013,TIW,WA,ANM,WE,Federal Contract Tower,0,1,11,0,12,0,2,29,1,32,0,3,40,1,44,62,0,62,106
06/25/2013,TIW,WA,ANM,WE,Federal Contract Tower,0,0,7,0,7,0,1,37,1,39,0,1,44,1,46,46,0,46,92
06/26/2013,TIW,WA,ANM,WE,Federal Contract Tower,0,0,4,0,4,0,0,33,0,33,0,0,37,0,37,49,0,49,86
06/27/2013,TIW,WA,ANM,WE,Federal Contract Tower,0,0,12,0,12,0,0,18,2,20,0,0,30,2,32,9,0,9,41
06/28/2013,TIW,WA,ANM,WE,Federal Contract Tower,0,0,14,0,14,0,0,69,0,69,0,0,83,0,83,42,0,42,125
06/29/2013,TIW,WA,ANM,WE,Federal Contract Tower,0,0,6,0,6,0,0,86,5,91,0,0,92,5,97,42,0,42,139
06/30/2013,TIW,WA,ANM,WE,Federal Contract Tower,0,0,14,0,14,0,0,71,1,72,0,0,85,1,86,40,0,40,126
07/01/2013,TIW,WA,ANM,WE,Federal Contract Tower,0,1,4,0,5,0,0,0,0,0,0,1,4,0,5,45,0,45,50
07/02/2013,TIW,WA,ANM,WE,Federal Contract Tower,0,0,8,1,9,0,0,46,1,47,0,0,54,2,56,43,0,43,99
07/03/2013,TIW,WA,ANM,WE,Federal Contract Tower,0,0,7,1,8,0,0,0,0,0,0,0,7,1,8,69,1,70,78
07/04/2013,TIW,WA,ANM,WE,Federal Contract Tower,0,0,3,0,3,0,1,60,0,61,0,1,63,0,64,41,0,41,105
07/05/2013,TIW,WA,ANM,WE,Federal Contract Tower,0,0,8,0,8,0,0,91,0,91,0,0,99,0,99,100,0,100,199
07/06/2013,TIW,WA,ANM,WE,Federal Contract Tower,0,0,13,0,13,0,1,101,0,102,0,1,114,0,115,18,0,18,133
07/07/2013,TIW,WA,ANM,WE,Federal Contract Tower,0,0,11,0,11,0,0,63,0,63,0,0,74,0,74,59,0,59,133
07/08/2013,TIW,WA,ANM,WE,Federal Contract Tower,0,3,8,0,11,0,0,41,0,41,0,3,49,0,52,64,0,64,116
07/09/2013,TIW,WA,ANM,WE,Federal Contract Tower,0,0,8,0,8,0,15,51,0,66,0,15,59,0,74,77,0,77,151
07/10/2013,TIW,WA,ANM,WE,Federal Contract Tower,0,4,14,0,18,0,4,51,0,55,0,8,65,0,73,35,0,35,108
07/11/2013,TIW,WA,ANM,WE,Federal Contract Tower,0,2,24,0,26,0,1,79,0,80,0,3,103,0,106,62,0,62,168
07/12/2013,TIW,WA,ANM,WE,Federal Contract Tower,0,0,16,0,16,0,12,108,12,132,0,12,124,12,148,110,0,110,258
07/13/2013,TIW,WA,ANM,WE,Federal Contract Tower,0,0,18,0,18,0,0,95,0,95,0,0,113,0,113,55,0,55,168
07/14/2013,TIW,WA,ANM,WE,Federal Contract Tower,0,0,9,2,11,0,0,86,0,86,0,0,95,2,97,107,0,107,204
07/15/2013,TIW,WA,ANM,WE,Federal Contract Tower,0,2,9,0,11,0,1,59,0,60,0,3,68,0,71,26,0,26,97
07/16/2013,TIW,WA,ANM,WE,Federal Contract Tower,0,0,12,0,12,0,0,51,0,51,0,0,63,0,63,54,0,54,117
07/17/2013,TIW,WA,ANM,WE,Federal Contract Tower,0,1,11,0,12,0,0,41,6,47,0,1,52,6,59,39,0,39,98
07/18/2013,TIW,WA,ANM,WE,Federal Contract Tower,0,6,14,0,20,0,4,85,0,89,0,10,99,0,109,79,0,79,188
07/19/2013,TIW,WA,ANM,WE,Federal Contract Tower,0,5,5,0,10,0,1,94,0,95,0,6,99,0,105,92,0,92,197
07/20/2013,TIW,WA,ANM,WE,Federal Contract Tower,0,0,16,0,16,0,0,32,0,32,0,0,48,0,48,28,0,28,76
07/21/2013,TIW,WA,ANM,WE,Federal Contract Tower,0,2,16,0,18,0,0,31,0,31,0,2,47,0,49,17,0,17,66
07/22/2013,TIW,WA,ANM,WE,Federal Contract Tower,0,3,4,0,7,0,0,48,0,48,0,3,52,0,55,41,1,42,97
07/23/2013,TIW,WA,ANM,WE,Federal Contract Tower,0,0,6,0,6,0,1,63,0,64,0,1,69,0,70,94,0,94,164
07/24/2013,TIW,WA,ANM,WE,Federal Contract Tower,0,0,5,0,5,0,4,54,6,64,0,4,59,6,69,30,0,30,99
07/25/2013,TIW,WA,ANM,WE,Federal Contract Tower,0,0,11,0,11,0,5,69,37,111,0,5,80,37,122,38,0,38,160
07/26/2013,TIW,WA,ANM,WE,Federal Contract Tower,0,0,14,0,14,0,2,98,2,102,0,2,112,2,116,82,0,82,198
07/27/2013,TIW,WA,ANM,WE,Federal Contract Tower,0,0,16,0,16,0,0,83,0,83,0,0,99,0,99,19,0,19,118
07/28/2013,TIW,WA,ANM,WE,Federal Contract Tower,0,0,8,0,8,0,0,37,0,37,0,0,45,0,45,82,0,82,127
07/29/2013,TIW,WA,ANM,WE,Federal Contract Tower,0,2,7,0,9,0,1,41,1,43,0,3,48,1,52,24,1,25,77
07/30/2013,TIW,WA,ANM,WE,Federal Contract Tower,0,7,16,2,25,0,2,62,0,64,0,9,78,2,89,49,0,49,138
07/31/2013,TIW,WA,ANM,WE,Federal Contract Tower,0,1,9,0,10,0,0,39,3,42,0,1,48,3,52,42,1,43,95
08/01/2013,TIW,WA,ANM,WE,Federal Contract Tower,0,0,13,0,13,0,6,31,8,45,0,6,44,8,58,63,0,63,121
08/02/2013,TIW,WA,ANM,WE,Federal Contract Tower,0,2,11,0,13,0,0,9,0,9,0,2,20,0,22,0,0,0,22
08/03/2013,TIW,WA,ANM,WE,Federal Contract Tower,0,2,8,0,10,0,0,22,0,22,0,2,30,0,32,71,0,71,103
08/04/2013,TIW,WA,ANM,WE,Federal Contract Tower,0,2,4,0,6,0,1,94,1,96,0,3,98,1,102,93,0,93,195
08/05/2013,TIW,WA,ANM,WE,Federal Contract Tower,0,3,12,0,15,0,1,55,2,58,0,4,67,2,73,71,5,76,149
08/06/2013,TIW,WA,ANM,WE,Federal Contract Tower,0,4,29,0,33,0,0,55,7,62,0,4,84,7,95,36,24,60,155
08/07/2013,TIW,WA,ANM,WE,Federal Contract Tower,0,1,37,0,38,0,0,69,2,71,0,1,106,2,109,99,0,99,208
08/08/2013,TIW,WA,ANM,WE,Federal Contract Tower,0,1,37,0,38,0,0,69,3,72,0,1,106,3,110,52,0,52,162
08/09/2013,TIW,WA,ANM,WE,Federal Contract Tower,0,0,21,0,21,0,0,64,6,70,0,0,85,6,91,33,0,33,124
08/10/2013,TIW,WA,ANM,WE,Federal Contract Tower,0,2,29,0,31,0,0,37,0,37,0,2,66,0,68,44,0,44,112
08/11/2013,TIW,WA,ANM,WE,Federal Contract Tower,0,2,22,0,24,0,0,58,0,58,0,2,80,0,82,74,0,74,156
08/12/2013,TIW,WA,ANM,WE,Federal Contract Tower,0,1,27,0,28,0,2,66,0,68,0,3,93,0,96,72,0,72,168
08/13/2013,TIW,WA,ANM,WE,Federal Contract Tower,0,0,38,0,38,0,3,46,0,49,0,3,84,0,87,69,0,69,156
08/14/2013,TIW,WA,ANM,WE,Federal Contract Tower,0,0,42,0,42,0,0,75,4,79,0,0,117,4,121,82,0,82,203
08/15/2013,TIW,WA,ANM,WE,Federal Contract Tower,0,2,14,0,16,0,1,17,0,18,0,3,31,0,34,35,0,35,69
08/16/2013,TIW,WA,ANM,WE,Federal Contract Tower,0,0,20,0,20,0,6,62,7,75,0,6,82,7,95,39,0,39,134
08/17/2013,TIW,WA,ANM,WE,Federal Contract Tower,0,4,17,2,23,0,0,70,2,72,0,4,87,4,95,49,0,49,144
08/18/2013,TIW,WA,ANM,WE,Federal Contract Tower,0,0,22,0,22,0,0,84,0,84,0,0,106,0,106,76,2,78,184
08/19/2013,TIW,WA,ANM,WE,Federal Contract Tower,0,2,10,0,12,0,0,66,1,67,0,2,76,1,79,70,0,70,149
08/20/2013,TIW,WA,ANM,WE,Federal Contract Tower,0,0,39,0,39,0,2,86,1,89,0,2,125,1,128,129,0,129,257
08/21/2013,TIW,WA,ANM,WE,Federal Contract Tower,0,0,13,0,13,0,0,82,0,82,0,0,95,0,95,58,0,58,153
08/22/2013,TIW,WA,ANM,WE,Federal Contract Tower,0,0,36,0,36,0,1,76,0,77,0,1,112,0,113,55,0,55,168
08/23/2013,TIW,WA,ANM,WE,Federal Contract Tower,0,4,15,2,21,0,6,56,3,65,0,10,71,5,86,69,8,77,163
08/24/2013,TIW,WA,ANM,WE,Federal Contract Tower,0,0,29,0,29,0,17,73,2,92,0,17,102,2,121,91,0,91,212
08/25/2013,TIW,WA,ANM,WE,Federal Contract Tower,0,0,18,0,18,0,0,79,0,79,0,0,97,0,97,77,0,77,174
08/26/2013,TIW,WA,ANM,WE,Federal Contract Tower,0,2,32,4,38,0,0,34,6,40,0,2,66,10,78,36,2,38,116
08/27/2013,TIW,WA,ANM,WE,Federal Contract Tower,0,2,16,0,18,0,0,55,3,58,0,2,71,3,76,85,0,85,161
08/28/2013,TIW,WA,ANM,WE,Federal Contract Tower,0,0,30,0,30,0,0,70,2,72,0,0,100,2,102,66,5,71,173
08/29/2013,TIW,WA,ANM,WE,Federal Contract Tower,0,2,15,4,21,0,0,31,2,33,0,2,46,6,54,0,0,0,54
08/30/2013,TIW,WA,ANM,WE,Federal Contract Tower,0,0,18,1,19,0,0,88,0,88,0,0,106,1,107,74,0,74,181
08/31/2013,TIW,WA,ANM,WE,Federal Contract Tower,0,0,33,0,33,0,0,100,1,101,0,0,133,1,134,120,1,121,255
09/01/2013,TIW,WA,ANM,WE,Federal Contract Tower,0,0,8,0,8,0,0,54,0,54,0,0,62,0,62,63,0,63,125
09/02/2013,TIW,WA,ANM,WE,Federal Contract Tower,0,0,14,0,14,0,0,66,2,68,0,0,80,2,82,90,0,90,172
09/03/2013,TIW,WA,ANM,WE,Federal Contract Tower,0,1,17,4,22,0,1,12,0,13,0,2,29,4,35,14,0,14,49
09/04/2013,TIW,WA,ANM,WE,Federal Contract Tower,0,0,18,1,19,0,0,38,0,38,0,0,56,1,57,85,0,85,142
09/05/2013,TIW,WA,ANM,WE,Federal Contract Tower,0,2,8,0,10,0,0,7,0,7,0,2,15,0,17,14,0,14,31
09/06/2013,TIW,WA,ANM,WE,Federal Contract Tower,0,0,9,0,9,0,0,11,0,11,0,0,20,0,20,3,0,3,23
09/07/2013,TIW,WA,ANM,WE,Federal Contract Tower,0,0,26,0,26,0,0,64,0,64,0,0,90,0,90,144,0,144,234
09/08/2013,TIW,WA,ANM,WE,Federal Contract Tower,0,0,25,0,25,0,2,79,1,82,0,2,104,1,107,59,0,59,166
09/09/2013,TIW,WA,ANM,WE,Federal Contract Tower,0,1,18,0,19,0,1,46,0,47,0,2,64,0,66,26,0,26,92
09/10/2013,TIW,WA,ANM,WE,Federal Contract Tower,0,0,19,0,19,0,2,58,1,61,0,2,77,1,80,63,0,63,143
09/11/2013,TIW,WA,ANM,WE,Federal Contract Tower,0,0,15,0,15,0,3,66,1,70,0,3,81,1,85,88,0,88,173
09/12/2013,TIW,WA,ANM,WE,Federal Contract Tower,0,2,18,0,20,0,2,35,0,37,0,4,53,0,57,58,0,58,115
09/13/2013,TIW,WA,ANM,WE,Federal Contract Tower,0,6,25,0,31,0,0,1,0,1,0,6,26,0,32,2,0,2,34
09/14/2013,TIW,WA,ANM,WE,Federal Contract Tower,0,0,15,1,16,0,0,24,0,24,0,0,39,1,40,82,0,82,122
09/15/2013,TIW,WA,ANM,WE,Federal Contract Tower,0,0,9,0,9,0,0,1,0,1,0,0,10,0,10,0,0,0,10
09/16/2013,TIW,WA,ANM,WE,Federal Contract Tower,0,2,14,0,16,0,0,30,2,32,0,2,44,2,48,51,4,55,103
09/17/2013,TIW,WA,ANM,WE,Federal Contract Tower,0,0,12,0,12,0,0,40,4,44,0,0,52,4,56,46,18,64,120
09/18/2013,TIW,WA,ANM,WE,Federal Contract Tower,0,0,15,0,15,0,0,54,0,54,0,0,69,0,69,85,0,85,154
09/19/2013,TIW,WA,ANM,WE,Federal Contract Tower,0,2,30,0,32,0,4,127,4,135,0,6,157,4,167,117,0,117,284
09/20/2013,TIW,WA,ANM,WE,Federal Contract Tower,0,2,31,0,33,0,2,75,0,77,0,4,106,0,110,156,0,156,266
09/21/2013,TIW,WA,ANM,WE,Federal Contract Tower,0,0,15,0,15,0,0,50,1,51,0,0,65,1,66,83,0,83,149
09/22/2013,TIW,WA,ANM,WE,Federal Contract Tower,0,0,9,0,9,0,0,4,0,4,0,0,13,0,13,4,2,6,19
09/23/2013,TIW,WA,ANM,WE,Federal Contract Tower,0,2,16,0,18,0,0,13,0,13,0,2,29,0,31,13,0,13,44
09/24/2013,TIW,WA,ANM,WE,Federal Contract Tower,0,0,20,0,20,0,0,34,1,35,0,0,54,1,55,40,1,41,96
09/25/2013,TIW,WA,ANM,WE,Federal Contract Tower,0,0,18,0,18,0,0,42,2,44,0,0,60,2,62,52,0,52,114
09/26/2013,TIW,WA,ANM,WE,Federal Contract Tower,0,0,44,0,44,0,0,89,8,97,0,0,133,8,141,115,0,115,256
09/27/2013,TIW,WA,ANM,WE,Federal Contract Tower,0,0,18,0,18,0,2,6,0,8,0,2,24,0,26,0,0,0,26
09/28/2013,TIW,WA,ANM,WE,Federal Contract Tower,0,4,5,0,9,0,0,0,0,0,0,4,5,0,9,0,0,0,9
09/29/2013,TIW,WA,ANM,WE,Federal Contract Tower,0,0,1,0,1,0,0,3,0,3,0,0,4,0,4,0,0,0,4
09/30/2013,TIW,WA,ANM,WE,Federal Contract Tower,0,2,4,0,6,0,0,2,0,2,0,2,6,0,8,0,0,0,8
10/01/2013,TIW,WA,ANM,WE,Federal Contract Tower,0,0,17,0,17,0,0,21,0,21,0,0,38,0,38,45,0,45,83
10/02/2013,TIW,WA,ANM,WE,Federal Contract Tower,0,0,14,0,14,0,0,18,0,18,0,0,32,0,32,35,0,35,67
10/03/2013,TIW,WA,ANM,WE,Federal Contract Tower,0,0,47,0,47,0,0,39,0,39,0,0,86,0,86,27,0,27,113
10/04/2013,TIW,WA,ANM,WE,Federal Contract Tower,0,0,20,0,20,0,0,118,0,118,0,0,138,0,138,48,0,48,186
10/05/2013,TIW,WA,ANM,WE,Federal Contract Tower,0,0,38,0,38,0,0,0,0,0,0,0,38,0,38,51,0,51,89
10/06/2013,TIW,WA,ANM,WE,Federal Contract Tower,0,0,28,0,28,0,0,132,0,132,0,0,160,0,160,69,0,69,229
10/07/2013,TIW,WA,ANM,WE,Federal Contract Tower,0,2,11,0,13,0,0,29,0,29,0,2,40,0,42,30,0,30,72
10/08/2013,TIW,WA,ANM,WE,Federal Contract Tower,0,0,22,0,22,0,0,45,0,45,0,0,67,0,67,43,0,43,110
10/09/2013,TIW,WA,ANM,WE,Federal Contract Tower,0,0,43,0,43,0,4,65,6,75,0,4,108,6,118,93,0,93,211
10/10/2013,TIW,WA,ANM,WE,Federal Contract Tower,0,2,31,0,33,0,2,9,0,11,0,4,40,0,44,0,0,0,44
10/11/2013,TIW,WA,ANM,WE,Federal Contract Tower,0,0,31,0,31,0,0,47,0,47,0,0,78,0,78,28,0,28,106
10/12/2013,TIW,WA,ANM,WE,Federal Contract Tower,0,3,17,0,20,0,2,26,0,28,0,5,43,0,48,8,0,8,56
10/13/2013,TIW,WA,ANM,WE,Federal Contract Tower,0,0,0,0,0,0,0,57,0,57,0,0,57,0,57,26,0,26,83
10/14/2013,TIW,WA,ANM,WE,Federal Contract Tower,0,0,26,0,26,0,0,58,0,58,0,0,84,0,84,31,0,31,115
10/15/2013,TIW,WA,ANM,WE,Federal Contract Tower,0,0,13,0,13,0,2,48,0,50,0,2,61,0,63,34,0,34,97
10/16/2013,TIW,WA,ANM,WE,Federal Contract Tower,0,0,24,0,24,0,0,10,0,10,0,0,34,0,34,0,0,0,34
10/17/2013,TIW,WA,ANM,WE,Federal Contract Tower,0,1,31,0,32,0,0,54,0,54,0,1,85,0,86,46,0,46,132
10/18/2013,TIW,WA,ANM,WE,Federal Contract Tower,0,0,8,0,8,0,0,23,0,23,0,0,31,0,31,6,0,6,37
10/19/2013,TIW,WA,ANM,WE,Federal Contract Tower,0,0,7,0,7,0,0,0,0,0,0,0,7,0,7,0,0,0,7
10/20/2013,TIW,WA,ANM,WE,Federal Contract Tower,0,0,11,0,11,0,0,0,0,0,0,0,11,0,11,0,0,0,11
10/21/2013,TIW,WA,ANM,WE,Federal Contract Tower,0,2,10,0,12,0,0,0,0,0,0,2,10,0,12,0,0,0,12
10/22/2013,TIW,WA,ANM,WE,Federal Contract Tower,0,0,9,0,9,0,0,0,0,0,0,0,9,0,9,0,0,0,9
10/23/2013,TIW,WA,ANM,WE,Federal Contract Tower,0,0,8,0,8,0,0,12,0,12,0,0,20,0,20,10,0,10,30
10/24/2013,TIW,WA,ANM,WE,Federal Contract Tower,0,0,3,0,3,0,0,0,0,0,0,0,3,0,3,0,0,0,3
10/25/2013,TIW,WA,ANM,WE,Federal Contract Tower,0,0,42,0,42,0,0,9,0,9,0,0,51,0,51,0,0,0,51
10/26/2013,TIW,WA,ANM,WE,Federal Contract Tower,0,0,32,0,32,0,0,29,0,29,0,0,61,0,61,20,0,20,81
10/27/2013,TIW,WA,ANM,WE,Federal Contract Tower,0,0,12,0,12,0,0,31,0,31,0,0,43,0,43,43,0,43,86
10/28/2013,TIW,WA,ANM,WE,Federal Contract Tower,0,1,24,0,25,0,1,62,0,63,0,2,86,0,88,50,0,50,138
10/29/2013,TIW,WA,ANM,WE,Federal Contract Tower,0,4,41,0,45,0,2,95,0,97,0,6,136,0,142,88,0,88,230
10/30/2013,TIW,WA,ANM,WE,Federal Contract Tower,0,6,49,4,59,0,0,77,0,77,0,6,126,4,136,148,2,150,286
10/31/2013,TIW,WA,ANM,WE,Federal Contract Tower,0,0,12,0,12,0,0,0,0,0,0,0,12,0,12,0,0,0,12
11/01/2013,TIW,WA,ANM,WE,Federal Contract Tower,0,1,37,0,38,0,2,61,0,63,0,3,98,0,101,119,0,119,220
11/02/2013,TIW,WA,ANM,WE,Federal Contract Tower,0,0,5,0,5,0,0,0,0,0,0,0,5,0,5,0,0,0,5
11/03/2013,TIW,WA,ANM,WE,Federal Contract Tower,0,2,10,0,12,0,0,56,0,56,0,2,66,0,68,74,0,74,142
11/04/2013,TIW,WA,ANM,WE,Federal Contract Tower,0,4,33,0,37,0,0,55,0,55,0,4,88,0,92,48,0,48,140
11/05/2013,TIW,WA,ANM,WE,Federal Contract Tower,0,7,19,0,26,0,0,17,0,17,0,7,36,0,43,21,0,21,64
11/06/2013,TIW,WA,ANM,WE,Federal Contract Tower,0,1,15,0,16,0,2,52,2,56,0,3,67,2,72,64,2,66,138
11/07/2013,TIW,WA,ANM,WE,Federal Contract Tower,0,0,2,0,2,0,0,0,0,0,0,0,2,0,2,0,0,0,2
11/08/2013,TIW,WA,ANM,WE,Federal Contract Tower,0,0,30,0,30,0,6,69,2,77,0,6,99,2,107,73,0,73,180
11/09/2013,TIW,WA,ANM,WE,Federal Contract Tower,0,0,49,0,49,0,0,3,0,3,0,0,52,0,52,0,0,0,52
11/10/2013,TIW,WA,ANM,WE,Federal Contract Tower,0,0,32,0,32,0,0,27,0,27,0,0,59,0,59,20,0,20,79
11/11/2013,TIW,WA,ANM,WE,Federal Contract Tower,0,0,24,0,24,0,0,72,0,72,0,0,96,0,96,84,0,84,180
11/12/2013,TIW,WA,ANM,WE,Federal Contract Tower,0,4,16,0,20,0,0,26,4,30,0,4,42,4,50,35,0,35,85
11/13/2013,TIW,WA,ANM,WE,Federal Contract Tower,0,0,45,0,45,0,2,60,0,62,0,2,105,0,107,61,0,61,168
11/14/2013,TIW,WA,ANM,WE,Federal Contract Tower,0,4,23,0,27,0,2,27,0,29,0,6,50,0,56,45,0,45,101
11/15/2013,TIW,WA,ANM,WE,Federal Contract Tower,0,0,21,0,21,0,0,11,0,11,0,0,32,0,32,6,0,6,38
11/16/2013,TIW,WA,ANM,WE,Federal Contract Tower,0,0,16,0,16,0,2,66,0,68,0,2,82,0,84,36,0,36,120
11/17/2013,TIW,WA,ANM,WE,Federal Contract Tower,0,0,7,0,7,0,0,1,0,1,0,0,8,0,8,16,0,16,24
11/18/2013,TIW,WA,ANM,WE,Federal Contract Tower,0,2,8,2,12,0,0,1,0,1,0,2,9,2,13,0,0,0,13
11/19/2013,TIW,WA,ANM,WE,Federal Contract Tower,0,4,17,0,21,0,8,24,0,32,0,12,41,0,53,34,0,34,87
11/20/2013,TIW,WA,ANM,WE,Federal Contract Tower,0,4,30,4,38,0,5,101,0,106,0,9,131,4,144,65,0,65,209
11/21/2013,TIW,WA,ANM,WE,Federal Contract Tower,0,0,31,0,31,0,10,127,6,143,0,10,158,6,174,148,0,148,322
11/22/2013,TIW,WA,ANM,WE,Federal Contract Tower,0,0,29,0,29,0,0,103,0,103,0,0,132,0,132,122,0,122,254
11/23/2013,TIW,WA,ANM,WE,Federal Contract Tower,0,0,56,0,56,0,0,123,0,123,0,0,179,0,179,147,0,147,326
11/24/2013,TIW,WA,ANM,WE,Federal Contract Tower,0,2,14,0,16,0,0,24,0,24,0,2,38,0,40,43,0,43,83
11/25/2013,TIW,WA,ANM,WE,Federal Contract Tower,0,10,39,0,49,0,0,67,0,67,0,10,106,0,116,77,0,77,193
11/26/2013,TIW,WA,ANM,WE,Federal Contract Tower,0,0,27,0,27,0,0,61,0,61,0,0,88,0,88,83,0,83,171
11/27/2013,TIW,WA,ANM,WE,Federal Contract Tower,0,8,39,0,47,0,0,107,0,107,0,8,146,0,154,118,0,118,272
11/28/2013,TIW,WA,ANM,WE,Federal Contract Tower,0,0,5,0,5,0,0,12,0,12,0,0,17,0,17,29,0,29,46
11/29/2013,TIW,WA,ANM,WE,Federal Contract Tower,0,0,13,0,13,0,0,6,0,6,0,0,19,0,19,5,0,5,24
11/30/2013,TIW,WA,ANM,WE,Federal Contract Tower,0,1,32,0,33,0,0,35,0,35,0,1,67,0,68,34,0,34,102
12/01/2013,TIW,WA,ANM,WE,Federal Contract Tower,0,0,9,0,9,0,0,2,0,2,0,0,11,0,11,0,0,0,11
12/02/2013,TIW,WA,ANM,WE,Federal Contract Tower,0,2,11,0,13,0,0,28,0,28,0,2,39,0,41,35,0,35,76
12/03/2013,TIW,WA,ANM,WE,Federal Contract Tower,0,0,33,0,33,0,0,17,0,17,0,0,50,0,50,62,0,62,112
12/04/2013,TIW,WA,ANM,WE,Federal Contract Tower,0,2,48,0,50,0,0,56,0,56,0,2,104,0,106,47,0,47,153
12/05/2013,TIW,WA,ANM,WE,Federal Contract Tower,0,4,22,0,26,0,0,33,0,33,0,4,55,0,59,42,0,42,101
12/06/2013,TIW,WA,ANM,WE,Federal Contract Tower,0,0,26,0,26,0,6,38,5,49,0,6,64,5,75,47,0,47,122
12/07/2013,TIW,WA,ANM,WE,Federal Contract Tower,0,0,21,0,21,0,0,76,2,78,0,0,97,2,99,63,0,63,162
12/08/2013,TIW,WA,ANM,WE,Federal Contract Tower,0,0,14,0,14,0,0,37,0,37,0,0,51,0,51,28,0,28,79
12/09/2013,TIW,WA,ANM,WE,Federal Contract Tower,0,1,14,0,15,0,0,16,0,16,0,1,30,0,31,38,0,38,69
12/10/2013,TIW,WA,ANM,WE,Federal Contract Tower,0,0,1,0,1,0,0,0,0,0,0,0,1,0,1,0,0,0,1
12/11/2013,TIW,WA,ANM,WE,Federal Contract Tower,0,0,10,2,12,0,0,4,0,4,0,0,14,2,16,0,0,0,16
12/12/2013,TIW,WA,ANM,WE,Federal Contract Tower,0,0,16,0,16,0,0,11,0,11,0,0,27,0,27,2,0,2,29
12/13/2013,TIW,WA,ANM,WE,Federal Contract Tower,0,5,4,0,9,0,0,14,2,16,0,5,18,2,25,24,0,24,49
12/14/2013,TIW,WA,ANM,WE,Federal Contract Tower,0,4,28,0,32,0,0,85,0,85,0,4,113,0,117,72,0,72,189
12/15/2013,TIW,WA,ANM,WE,Federal Contract Tower,0,5,28,0,33,0,0,18,0,18,0,5,46,0,51,0,0,0,51
12/16/2013,TIW,WA,ANM,WE,Federal Contract Tower,0,2,18,0,20,0,0,15,0,15,0,2,33,0,35,8,0,8,43
12/17/2013,TIW,WA,ANM,WE,Federal Contract Tower,0,0,5,0,5,0,0,6,0,6,0,0,11,0,11,10,0,10,21
12/18/2013,TIW,WA,ANM,WE,Federal Contract Tower,0,0,16,0,16,0,0,28,0,28,0,0,44,0,44,23,0,23,67
12/19/2013,TIW,WA,ANM,WE,Federal Contract Tower,0,2,27,2,31,0,0,84,1,85,0,2,111,3,116,63,1,64,180
12/20/2013,TIW,WA,ANM,WE,Federal Contract Tower,0,0,9,0,9,0,0,3,0,3,0,0,12,0,12,0,0,0,12
12/21/2013,TIW,WA,ANM,WE,Federal Contract Tower,0,0,11,0,11,0,0,0,0,0,0,0,11,0,11,0,0,0,11
12/22/2013,TIW,WA,ANM,WE,Federal Contract Tower,0,0,5,0,5,0,0,0,0,0,0,0,5,0,5,0,0,0,5
12/23/2013,TIW,WA,ANM,WE,Federal Contract Tower,0,5,9,0,14,0,1,10,0,11,0,6,19,0,25,2,0,2,27
12/24/2013,TIW,WA,ANM,WE,Federal Contract Tower,0,2,17,0,19,0,0,22,0,22,0,2,39,0,41,70,0,70,111
12/25/2013,TIW,WA,ANM,WE,Federal Contract Tower,0,0,1,0,1,0,0,7,0,7,0,0,8,0,8,2,0,2,10
12/26/2013,TIW,WA,ANM,WE,Federal Contract Tower,0,0,3,0,3,0,0,0,0,0,0,0,3,0,3,0,0,0,3
12/27/2013,TIW,WA,ANM,WE,Federal Contract Tower,0,0,13,0,13,0,0,18,0,18,0,0,31,0,31,16,0,16,47
12/28/2013,TIW,WA,ANM,WE,Federal Contract Tower,0,6,38,0,44,0,0,15,0,15,0,6,53,0,59,28,0,28,87
12/29/2013,TIW,WA,ANM,WE,Federal Contract Tower,0,0,17,0,17,0,0,7,0,7,0,0,24,0,24,2,0,2,26
12/30/2013,TIW,WA,ANM,WE,Federal Contract Tower,0,2,4,0,6,0,0,23,0,23,0,2,27,0,29,22,0,22,51
12/31/2013,TIW,WA,ANM,WE,Federal Contract Tower,0,0,6,0,6,0,0,0,0,0,0,0,6,0,6,0,0,0,6
01/01/2014,TIW,WA,ANM,WE,Federal Contract Tower,0,0,15,0,15,0,0,0,0,0,0,0,15,0,15,0,0,0,15
01/02/2014,TIW,WA,ANM,WE,Federal Contract Tower,0,0,28,0,28,0,0,57,0,57,0,0,85,0,85,98,0,98,183
01/03/2014,TIW,WA,ANM,WE,Federal Contract Tower,0,0,23,0,23,0,1,68,0,69,0,1,91,0,92,37,0,37,129
01/04/2014,TIW,WA,ANM,WE,Federal Contract Tower,0,0,26,0,26,0,0,127,0,127,0,0,153,0,153,77,0,77,230
01/05/2014,TIW,WA,ANM,WE,Federal Contract Tower,0,0,14,0,14,0,0,104,0,104,0,0,118,0,118,107,0,107,225
01/06/2014,TIW,WA,ANM,WE,Federal Contract Tower,0,0,19,0,19,0,2,25,0,27,0,2,44,0,46,16,0,16,62
01/07/2014,TIW,WA,ANM,WE,Federal Contract Tower,0,6,2,0,8,0,0,5,0,5,0,6,7,0,13,10,0,10,23
01/08/2014,TIW,WA,ANM,WE,Federal Contract Tower,0,2,10,2,14,0,0,19,0,19,0,2,29,2,33,56,0,56,89
01/09/2014,TIW,WA,ANM,WE,Federal Contract Tower,0,4,15,0,19,0,1,25,0,26,0,5,40,0,45,35,0,35,80
01/10/2014,TIW,WA,ANM,WE,Federal Contract Tower,0,1,6,0,7,0,1,10,0,11,0,2,16,0,18,35,0,35,53
01/11/2014,TIW,WA,ANM,WE,Federal Contract Tower,0,0,0,0,0,0,0,1,0,1,0,0,1,0,1,0,0,0,1
01/12/2014,TIW,WA,ANM,WE,Federal Contract Tower,0,0,6,0,6,0,0,3,0,3,0,0,9,0,9,30,0,30,39
01/13/2014,TIW,WA,ANM,WE,Federal Contract Tower,0,2,5,1,8,0,0,4,6,10,0,2,9,7,18,2,2,4,22
01/14/2014,TIW,WA,ANM,WE,Federal Contract Tower,0,1,43,4,48,0,0,52,0,52,0,1,95,4,100,62,0,62,162
01/15/2014,TIW,WA,ANM,WE,Federal Contract Tower,0,0,22,0,22,0,0,57,0,57,0,0,79,0,79,72,0,72,151
01/16/2014,TIW,WA,ANM,WE,Federal Contract Tower,0,1,11,0,12,0,0,0,0,0,0,1,11,0,12,0,0,0,12
01/17/2014,TIW,WA,ANM,WE,Federal Contract Tower,0,0,2,0,2,0,0,0,0,0,0,0,2,0,2,0,0,0,2
01/18/2014,TIW,WA,ANM,WE,Federal Contract Tower,0,0,24,0,24,0,0,92,3,95,0,0,116,3,119,130,0,130,249
01/19/2014,TIW,WA,ANM,WE,Federal Contract Tower,0,0,6,0,6,0,0,0,0,0,0,0,6,0,6,0,0,0,6
01/20/2014,TIW,WA,ANM,WE,Federal Contract Tower,0,0,17,0,17,0,0,46,0,46,0,0,63,0,63,55,0,55,118
01/21/2014,TIW,WA,ANM,WE,Federal Contract Tower,0,2,16,0,18,0,0,51,4,55,0,2,67,4,73,51,0,51,124
01/22/2014,TIW,WA,ANM,WE,Federal Contract Tower,0,2,13,0,15,0,6,27,1,34,0,8,40,1,49,20,0,20,69
01/23/2014,TIW,WA,ANM,WE,Federal Contract Tower,0,0,17,0,17,0,0,58,0,58,0,0,75,0,75,69,10,79,154
01/24/2014,TIW,WA,ANM,WE,Federal Contract Tower,0,0,31,1,32,0,0,87,2,89,0,0,118,3,121,30,0,30,151
01/25/2014,TIW,WA,ANM,WE,Federal Contract Tower,0,4,31,0,35,0,0,119,0,119,0,4,150,0,154,77,0,77,231
01/26/2014,TIW,WA,ANM,WE,Federal Contract Tower,0,0,18,0,18,0,0,32,0,32,0,0,50,0,50,45,0,45,95
01/27/2014,TIW,WA,ANM,WE,Federal Contract Tower,0,2,7,0,9,0,0,0,0,0,0,2,7,0,9,0,0,0,9
01/28/2014,TIW,WA,ANM,WE,Federal Contract Tower,0,0,19,4,23,0,0,41,1,42,0,0,60,5,65,51,0,51,116
01/29/2014,TIW,WA,ANM,WE,Federal Contract Tower,0,0,14,0,14,0,0,0,0,0,0,0,14,0,14,0,0,0,14
01/30/2014,TIW,WA,ANM,WE,Federal Contract Tower,0,0,19,0,19,0,1,26,1,28,0,1,45,1,47,25,0,25,72
01/31/2014,TIW,WA,ANM,WE,Federal Contract Tower,0,0,8,0,8,0,0,25,3,28,0,0,33,3,36,57,0,57,93
02/01/2014,TIW,WA,ANM,WE,Federal Contract Tower,0,0,12,0,12,0,0,26,0,26,0,0,38,0,38,47,0,47,85
02/02/2014,TIW,WA,ANM,WE,Federal Contract Tower,0,0,16,0,16,0,0,55,0,55,0,0,71,0,71,25,0,25,96
02/03/2014,TIW,WA,ANM,WE,Federal Contract Tower,0,2,11,0,13,0,0,55,2,57,0,2,66,2,70,78,0,78,148
02/04/2014,TIW,WA,ANM,WE,Federal Contract Tower,0,0,36,0,36,0,4,55,0,59,0,4,91,0,95,55,0,55,150
02/05/2014,TIW,WA,ANM,WE,Federal Contract Tower,0,0,16,2,18,0,0,42,4,46,0,0,58,6,64,47,0,47,111
02/06/2014,TIW,WA,ANM,WE,Federal Contract Tower,0,3,28,0,31,0,0,51,2,53,0,3,79,2,84,90,9,99,183
02/07/2014,TIW,WA,ANM,WE,Federal Contract Tower,0,1,14,0,15,0,0,71,1,72,0,1,85,1,87,49,0,49,136
02/08/2014,TIW,WA,ANM,WE,Federal Contract Tower,0,3,12,1,16,0,0,87,7,94,0,3,99,8,110,29,0,29,139
02/09/2014,TIW,WA,ANM,WE,Federal Contract Tower,0,6,1,0,7,0,0,1,0,1,0,6,2,0,8,0,0,0,8
02/10/2014,TIW,WA,ANM,WE,Federal Contract Tower,0,2,6,0,8,0,0,2,0,2,0,2,8,0,10,0,0,0,10
02/11/2014,TIW,WA,ANM,WE,Federal Contract Tower,0,0,14,0,14,0,0,20,6,26,0,0,34,6,40,43,0,43,83
02/12/2014,TIW,WA,ANM,WE,Federal Contract Tower,0,0,16,0,16,0,0,26,0,26,0,0,42,0,42,0,0,0,42
02/13/2014,TIW,WA,ANM,WE,Federal Contract Tower,0,0,28,0,28,0,0,42,0,42,0,0,70,0,70,29,0,29,99
02/14/2014,TIW,WA,ANM,WE,Federal Contract Tower,0,3,9,0,12,0,0,16,3,19,0,3,25,3,31,6,0,6,37
02/15/2014,TIW,WA,ANM,WE,Federal Contract Tower,0,0,14,0,14,0,0,32,0,32,0,0,46,0,46,14,0,14,60
02/16/2014,TIW,WA,ANM,WE,Federal Contract Tower,0,1,3,0,4,0,0,14,0,14,0,1,17,0,18,13,0,13,31
02/17/2014,TIW,WA,ANM,WE,Federal Contract Tower,0,3,12,0,15,0,4,16,0,20,0,7,28,0,35,0,0,0,35
02/18/2014,TIW,WA,ANM,WE,Federal Contract Tower,0,0,1,2,3,0,0,0,0,0,0,0,1,2,3,0,0,0,3
02/19/2014,TIW,WA,ANM,WE,Federal Contract Tower,0,2,9,0,11,0,0,40,5,45,0,2,49,5,56,12,1,13,69
02/20/2014,TIW,WA,ANM,WE,Federal Contract Tower,0,0,15,5,20,0,0,36,0,36,0,0,51,5,56,19,0,19,75
02/21/2014,TIW,WA,ANM,WE,Federal Contract Tower,0,1,25,0,26,0,0,48,0,48,0,1,73,0,74,48,0,48,122
02/22/2014,TIW,WA,ANM,WE,Federal Contract Tower,0,6,7,0,13,0,0,22,0,22,0,6,29,0,35,13,0,13,48
02/23/2014,TIW,WA,ANM,WE,Federal Contract Tower,0,0,12,0,12,0,0,32,0,32,0,0,44,0,44,36,0,36,80
02/24/2014,TIW,WA,ANM,WE,Federal Contract Tower,0,2,3,0,5,0,0,0,0,0,0,2,3,0,5,0,0,0,5
02/25/2014,TIW,WA,ANM,WE,Federal Contract Tower,0,8,57,0,65,0,0,79,0,79,0,8,136,0,144,61,0,61,205
02/26/2014,TIW,WA,ANM,WE,Federal Contract Tower,0,0,32,0,32,0,0,105,2,107,0,0,137,2,139,85,0,85,224
02/27/2014,TIW,WA,ANM,WE,Federal Contract Tower,0,2,54,0,56,0,0,87,0,87,0,2,141,0,143,75,0,75,218
02/28/2014,TIW,WA,ANM,WE,Federal Contract Tower,0,9,50,0,59,0,0,92,0,92,0,9,142,0,151,95,0,95,246
03/01/2014,TIW,WA,ANM,WE,Federal Contract Tower,0,2,16,0,18,0,0,72,0,72,0,2,88,0,90,85,0,85,175
03/02/2014,TIW,WA,ANM,WE,Federal Contract Tower,0,4,9,0,13,0,0,5,0,5,0,4,14,0,18,7,0,7,25
03/03/2014,TIW,WA,ANM,WE,Federal Contract Tower,0,2,12,0,14,0,0,3,12,15,0,2,15,12,29,26,0,26,55
03/04/2014,TIW,WA,ANM,WE,Federal Contract Tower,0,1,23,0,24,0,0,25,5,30,0,1,48,5,54,22,0,22,76
03/05/2014,TIW,WA,ANM,WE,Federal Contract Tower,0,3,14,0,17,0,1,1,0,2,0,4,15,0,19,0,0,0,19
03/06/2014,TIW,WA,ANM,WE,Federal Contract Tower,0,0,8,0,8,0,0,5,0,5,0,0,13,0,13,0,0,0,13
03/07/2014,TIW,WA,ANM,WE,Federal Contract Tower,0,0,32,0,32,0,2,65,0,67,0,2,97,0,99,51,0,51,150
03/08/2014,TIW,WA,ANM,WE,Federal Contract Tower,0,0,23,1,24,0,0,37,0,37,0,0,60,1,61,19,0,19,80
03/09/2014,TIW,WA,ANM,WE,Federal Contract Tower,0,0,24,0,24,0,0,33,0,33,0,0,57,0,57,23,0,23,80
03/10/2014,TIW,WA,ANM,WE,Federal Contract Tower,0,2,23,0,25,0,0,22,0,22,0,2,45,0,47,29,0,29,76
03/11/2014,TIW,WA,ANM,WE,Federal Contract Tower,0,0,51,0,51,0,0,86,0,86,0,0,137,0,137,130,0,130,267
03/12/2014,TIW,WA,ANM,WE,Federal Contract Tower,0,8,31,0,39,0,1,66,4,71,0,9,97,4,110,53,0,53,163
03/13/2014,TIW,WA,ANM,WE,Federal Contract Tower,0,0,32,0,32,0,0,80,2,82,0,0,112,2,114,103,0,103,217
03/14/2014,TIW,WA,ANM,WE,Federal Contract Tower,0,0,18,0,18,0,0,38,0,38,0,0,56,0,56,6,0,6,62
03/15/2014,TIW,WA,ANM,WE,Federal Contract Tower,0,0,22,0,22,0,0,55,0,55,0,0,77,0,77,60,0,60,137
03/16/2014,TIW,WA,ANM,WE,Federal Contract Tower,0,2,23,0,25,0,0,3,0,3,0,2,26,0,28,0,0,0,28
03/17/2014,TIW,WA,ANM,WE,Federal Contract Tower,0,2,40,0,42,0,0,57,9,66,0,2,97,9,108,52,0,52,160
03/18/2014,TIW,WA,ANM,WE,Federal Contract Tower,0,0,27,0,27,0,0,27,0,27,0,0,54,0,54,11,0,11,65
03/19/2014,TIW,WA,ANM,WE,Federal Contract Tower,0,0,9,0,9,0,0,5,1,6,0,0,14,1,15,2,0,2,17
03/20/2014,TIW,WA,ANM,WE,Federal Contract Tower,0,0,33,0,33,0,0,81,0,81,0,0,114,0,114,112,0,112,226
03/21/2014,TIW,WA,ANM,WE,Federal Contract Tower,0,0,27,0,27,0,0,90,0,90,0,0,117,0,117,55,0,55,172
03/22/2014,TIW,WA,ANM,WE,Federal Contract Tower,0,0,63,0,63,0,0,67,0,67,0,0,130,0,130,75,0,75,205
03/23/2014,TIW,WA,ANM,WE,Federal Contract Tower,0,0,31,0,31,0,0,125,0,125,0,0,156,0,156,119,0,119,275
03/24/2014,TIW,WA,ANM,WE,Federal Contract Tower,0,5,44,0,49,0,9,100,0,109,0,14,144,0,158,75,0,75,233
03/25/2014,TIW,WA,ANM,WE,Federal Contract Tower,0,0,43,0,43,0,1,25,2,28,0,1,68,2,71,6,0,6,77
03/26/2014,TIW,WA,ANM,WE,Federal Contract Tower,0,0,26,0,26,0,0,21,0,21,0,0,47,0,47,65,2,67,114
03/27/2014,TIW,WA,ANM,WE,Federal Contract Tower,0,0,48,0,48,0,1,29,1,31,0,1,77,1,79,23,0,23,102
03/28/2014,TIW,WA,ANM,WE,Federal Contract Tower,0,0,14,0,14,0,0,17,4,21,0,0,31,4,35,0,0,0,35
03/29/2014,TIW,WA,ANM,WE,Federal Contract Tower,0,2,4,0,6,0,0,23,0,23,0,2,27,0,29,38,0,38,67
03/30/2014,TIW,WA,ANM,WE,Federal Contract Tower,0,0,14,0,14,0,0,55,0,55,0,0,69,0,69,25,0,25,94
03/31/2014,TIW,WA,ANM,WE,Federal Contract Tower,0,1,39,0,40,0,1,86,0,87,0,2,125,0,127,48,0,48,175
04/01/2014,TIW,WA,ANM,WE,Federal Contract Tower,0,2,51,2,55,0,0,53,15,68,0,2,104,17,123,44,0,44,167
04/02/2014,TIW,WA,ANM,WE,Federal Contract Tower,0,0,57,4,61,0,0,80,5,85,0,0,137,9,146,87,0,87,233
04/03/2014,TIW,WA,ANM,WE,Federal Contract Tower,0,0,41,0,41,0,0,38,5,43,0,0,79,5,84,39,0,39,123
04/04/2014,TIW,WA,ANM,WE,Federal Contract Tower,0,3,24,2,29,0,1,48,3,52,0,4,72,5,81,45,0,45,126
04/05/2014,TIW,WA,ANM,WE,Federal Contract Tower,0,0,26,0,26,0,0,15,2,17,0,0,41,2,43,0,0,0,43
04/06/2014,TIW,WA,ANM,WE,Federal Contract Tower,0,0,28,1,29,0,0,46,8,54,0,0,74,9,83,77,0,77,160
04/07/2014,TIW,WA,ANM,WE,Federal Contract Tower,0,3,63,1,67,0,1,114,1,116,0,4,177,2,183,105,2,107,290
04/08/2014,TIW,WA,ANM,WE,Federal Contract Tower,0,2,41,2,45,0,0,42,0,42,0,2,83,2,87,43,0,43,130
04/09/2014,TIW,WA,ANM,WE,Federal Contract Tower,0,0,52,0,52,0,0,80,2,82,0,0,132,2,134,72,0,72,206
04/10/2014,TIW,WA,ANM,WE,Federal Contract Tower,0,4,40,0,44,0,0,64,4,68,0,4,104,4,112,101,0,101,213
04/11/2014,TIW,WA,ANM,WE,Federal Contract Tower,0,4,21,0,25,0,0,82,0,82,0,4,103,0,107,103,0,103,210
04/12/2014,TIW,WA,ANM,WE,Federal Contract Tower,0,0,14,0,14,0,0,122,2,124,0,0,136,2,138,122,0,122,260
04/13/2014,TIW,WA,ANM,WE,Federal Contract Tower,0,0,14,0,14,0,138,4,0,142,0,138,18,0,156,43,0,43,199
04/14/2014,TIW,WA,ANM,WE,Federal Contract Tower,0,1,11,0,12,0,1,62,0,63,0,2,73,0,75,81,0,81,156
04/15/2014,TIW,WA,ANM,WE,Federal Contract Tower,0,0,29,0,29,0,0,23,0,23,0,0,52,0,52,38,0,38,90
04/16/2014,TIW,WA,ANM,WE,Federal Contract Tower,0,1,24,0,25,0,0,3,2,5,0,1,27,2,30,24,0,24,54
04/17/2014,TIW,WA,ANM,WE,Federal Contract Tower,0,0,8,0,8,0,0,11,0,11,0,0,19,0,19,0,0,0,19
04/18/2014,TIW,WA,ANM,WE,Federal Contract Tower,0,0,44,0,44,0,0,87,0,87,0,0,131,0,131,100,2,102,233
04/19/2014,TIW,WA,ANM,WE,Federal Contract Tower,0,2,4,4,10,0,0,47,2,49,0,2,51,6,59,23,16,39,98
04/20/2014,TIW,WA,ANM,WE,Federal Contract Tower,0,1,8,0,9,0,0,74,0,74,0,1,82,0,83,46,0,46,129
04/21/2014,TIW,WA,ANM,WE,Federal Contract Tower,0,8,39,0,47,0,0,71,0,71,0,8,110,0,118,66,0,66,184
04/22/2014,TIW,WA,ANM,WE,Federal Contract Tower,0,4,17,0,21,0,0,23,2,25,0,4,40,2,46,18,0,18,64
04/23/2014,TIW,WA,ANM,WE,Federal Contract Tower,0,1,36,1,38,0,0,18,0,18,0,1,54,1,56,31,0,31,87
04/24/2014,TIW,WA,ANM,WE,Federal Contract Tower,0,1,23,0,24,0,0,31,0,31,0,1,54,0,55,23,0,23,78
04/25/2014,TIW,WA,ANM,WE,Federal Contract Tower,0,0,34,0,34,0,0,61,0,61,0,0,95,0,95,74,0,74,169
04/26/2014,TIW,WA,ANM,WE,Federal Contract Tower,0,1,34,0,35,0,1,89,2,92,0,2,123,2,127,50,4,54,181
04/27/2014,TIW,WA,ANM,WE,Federal Contract Tower,0,1,27,0,28,0,0,10,1,11,0,1,37,1,39,6,0,6,45
04/28/2014,TIW,WA,ANM,WE,Federal Contract Tower,0,2,43,0,45,0,6,65,2,73,0,8,108,2,118,74,0,74,192
04/29/2014,TIW,WA,ANM,WE,Federal Contract Tower,0,2,42,0,44,0,2,94,0,96,0,4,136,0,140,81,0,81,221
04/30/2014,TIW,WA,ANM,WE,Federal Contract Tower,0,0,45,0,45,0,0,93,0,93,0,0,138,0,138,111,0,111,249
05/01/2014,TIW,WA,ANM,WE,Federal Contract Tower,0,2,27,0,29,0,1,97,0,98,0,3,124,0,127,89,0,89,216
05/02/2014,TIW,WA,ANM,WE,Federal Contract Tower,0,1,22,0,23,0,0,70,0,70,0,1,92,0,93,51,0,51,144
05/03/2014,TIW,WA,ANM,WE,Federal Contract Tower,0,0,34,0,34,0,3,40,4,47,0,3,74,4,81,52,0,52,133
05/04/2014,TIW,WA,ANM,WE,Federal Contract Tower,0,5,16,0,21,0,0,12,0,12,0,5,28,0,33,14,0,14,47
05/05/2014,TIW,WA,ANM,WE,Federal Contract Tower,0,1,44,0,45,0,1,24,0,25,0,2,68,0,70,34,0,34,104
05/06/2014,TIW,WA,ANM,WE,Federal Contract Tower,0,0,43,0,43,0,2,32,16,50,0,2,75,16,93,68,0,68,161
05/07/2014,TIW,WA,ANM,WE,Federal Contract Tower,0,0,40,8,48,0,1,83,1,85,0,1,123,9,133,141,4,145,278
05/08/2014,TIW,WA,ANM,WE,Federal Contract Tower,0,0,23,2,25,0,0,16,0,16,0,0,39,2,41,48,0,48,89
05/09/2014,TIW,WA,ANM,WE,Federal Contract Tower,0,7,12,0,19,0,0,46,0,46,0,7,58,0,65,47,0,47,112
05/10/2014,TIW,WA,ANM,WE,Federal Contract Tower,0,0,32,0,32,0,0,56,0,56,0,0,88,0,88,63,0,63,151
05/11/2014,TIW,WA,ANM,WE,Federal Contract Tower,0,1,23,0,24,0,0,70,0,70,0,1,93,0,94,53,0,53,147
05/12/2014,TIW,WA,ANM,WE,Federal Contract Tower,0,3,49,0,52,0,2,87,0,89,0,5,136,0,141,78,0,78,219
05/13/2014,TIW,WA,ANM,WE,Federal Contract Tower,0,4,43,0,47,0,0,84,0,84,0,4,127,0,131,189,0,189,320
05/14/2014,TIW,WA,ANM,WE,Federal Contract Tower,0,0,36,0,36,0,0,94,0,94,0,0,130,0,130,46,0,46,176
05/15/2014,TIW,WA,ANM,WE,Federal Contract Tower,0,8,43,0,51,0,2,117,2,121,0,10,160,2,172,70,0,70,242
05/16/2014,TIW,WA,ANM,WE,Federal Contract Tower,0,0,25,0,25,0,0,69,1,70,0,0,94,1,95,135,0,135,230
05/17/2014,TIW,WA,ANM,WE,Federal Contract Tower,0,4,9,0,13,0,2,92,0,94,0,6,101,0,107,50,0,50,157
05/18/2014,TIW,WA,ANM,WE,Federal Contract Tower,0,4,23,0,27,0,0,24,0,24,0,4,47,0,51,86,0,86,137
05/19/2014,TIW,WA,ANM,WE,Federal Contract Tower,0,6,54,0,60,0,2,49,0,51,0,8,103,0,111,78,0,78,189
05/20/2014,TIW,WA,ANM,WE,Federal Contract Tower,0,0,41,0,41,0,0,86,0,86,0,0,127,0,127,126,0,126,253
05/21/2014,TIW,WA,ANM,WE,Federal Contract Tower,0,0,57,0,57,0,0,70,0,70,0,0,127,0,127,114,0,114,241
05/22/2014,TIW,WA,ANM,WE,Federal Contract Tower,0,4,42,0,46,0,0,111,0,111,0,4,153,0,157,66,0,66,223
05/23/2014,TIW,WA,ANM,WE,Federal Contract Tower,0,8,25,0,33,0,0,21,0,21,0,8,46,0,54,22,0,22,76
05/24/2014,TIW,WA,ANM,WE,Federal Contract Tower,0,5,41,0,46,0,0,35,0,35,0,5,76,0,81,17,0,17,98
05/25/2014,TIW,WA,ANM,WE,Federal Contract Tower,0,0,15,0,15,0,0,13,0,13,0,0,28,0,28,2,0,2,30
05/26/2014,TIW,WA,ANM,WE,Federal Contract Tower,0,2,9,0,11,0,0,22,2,24,0,2,31,2,35,42,0,42,77
05/27/2014,TIW,WA,ANM,WE,Federal Contract Tower,0,8,41,0,49,0,4,49,0,53,0,12,90,0,102,100,0,100,202
05/28/2014,TIW,WA,ANM,WE,Federal Contract Tower,0,0,9,4,13,0,0,36,0,36,0,0,45,4,49,51,0,51,100
05/29/2014,TIW,WA,ANM,WE,Federal Contract Tower,0,0,36,0,36,0,0,69,0,69,0,0,105,0,105,60,0,60,165
05/30/2014,TIW,WA,ANM,WE,Federal Contract Tower,0,0,46,0,46,0,1,85,1,87,0,1,131,1,133,70,0,70,203
05/31/2014,TIW,WA,ANM,WE,Federal Contract Tower,0,4,15,0,19,0,0,114,1,115,0,4,129,1,134,63,0,63,197
06/01/2014,TIW,WA,ANM,WE,Federal Contract Tower,0,0,22,0,22,0,0,51,0,51,0,0,73,0,73,82,0,82,155
06/02/2014,TIW,WA,ANM,WE,Federal Contract Tower,0,3,30,0,33,0,0,52,0,52,0,3,82,0,85,44,0,44,129
06/03/2014,TIW,WA,ANM,WE,Federal Contract Tower,0,0,43,0,43,0,0,39,6,45,0,0,82,6,88,124,0,124,212
06/04/2014,TIW,WA,ANM,WE,Federal Contract Tower,0,2,27,0,29,0,0,56,0,56,0,2,83,0,85,52,0,52,137
06/05/2014,TIW,WA,ANM,WE,Federal Contract Tower,0,0,41,0,41,0,0,57,0,57,0,0,98,0,98,87,0,87,185
06/06/2014,TIW,WA,ANM,WE,Federal Contract Tower,0,0,31,0,31,0,0,66,3,69,0,0,97,3,100,30,3,33,133
06/07/2014,TIW,WA,ANM,WE,Federal Contract Tower,0,0,20,0,20,0,0,128,2,130,0,0,148,2,150,85,0,85,235
06/08/2014,TIW,WA,ANM,WE,Federal Contract Tower,0,1,20,0,21,0,0,73,0,73,0,1,93,0,94,70,0,70,164
06/09/2014,TIW,WA,ANM,WE,Federal Contract Tower,0,2,10,0,12,0,0,64,2,66,0,2,74,2,78,58,0,58,136
06/10/2014,TIW,WA,ANM,WE,Federal Contract Tower,0,0,28,0,28,0,1,66,2,69,0,1,94,2,97,85,0,85,182
06/11/2014,TIW,WA,ANM,WE,Federal Contract Tower,0,0,29,0,29,0,0,112,3,115,0,0,141,3,144,139,0,139,283
06/12/2014,TIW,WA,ANM,WE,Federal Contract Tower,0,0,55,0,55,0,0,46,0,46,0,0,101,0,101,81,0,81,182
06/13/2014,TIW,WA,ANM,WE,Federal Contract Tower,0,0,17,0,17,0,0,13,1,14,0,0,30,1,31,2,0,2,33
06/14/2014,TIW,WA,ANM,WE,Federal Contract Tower,0,0,21,0,21,0,1,79,0,80,0,1,100,0,101,68,0,68,169
06/15/2014,TIW,WA,ANM,WE,Federal Contract Tower,0,1,8,0,9,0,0,18,0,18,0,1,26,0,27,16,0,16,43
06/16/2014,TIW,WA,ANM,WE,Federal Contract Tower,0,3,26,0,29,0,1,29,0,30,0,4,55,0,59,54,0,54,113
06/17/2014,TIW,WA,ANM,WE,Federal Contract Tower,0,4,46,0,50,0,0,49,3,52,0,4,95,3,102,29,6,35,137
06/18/2014,TIW,WA,ANM,WE,Federal Contract Tower,0,0,60,0,60,0,0,58,0,58,0,0,118,0,118,54,0,54,172
06/19/2014,TIW,WA,ANM,WE,Federal Contract Tower,0,0,36,0,36,0,1,80,2,83,0,1,116,2,119,47,0,47,166
06/20/2014,TIW,WA,ANM,WE,Federal Contract Tower,0,1,18,0,19,0,3,62,0,65,0,4,80,0,84,69,0,69,153
06/21/2014,TIW,WA,ANM,WE,Federal Contract Tower,0,1,21,0,22,0,0,103,0,103,0,1,124,0,125,66,0,66,191
06/22/2014,TIW,WA,ANM,WE,Federal Contract Tower,0,0,12,0,12,0,0,122,5,127,0,0,134,5,139,90,0,90,229
06/23/2014,TIW,WA,ANM,WE,Federal Contract Tower,0,1,20,0,21,0,4,86,1,91,0,5,106,1,112,44,0,44,156
06/24/2014,TIW,WA,ANM,WE,Federal Contract Tower,0,0,24,0,24,0,0,47,10,57,0,0,71,10,81,88,22,110,191
06/25/2014,TIW,WA,ANM,WE,Federal Contract Tower,0,7,26,1,34,0,0,48,2,50,0,7,74,3,84,52,12,64,148
06/26/2014,TIW,WA,ANM,WE,Federal Contract Tower,0,2,16,0,18,0,0,38,6,44,0,2,54,6,62,44,0,44,106
06/27/2014,TIW,WA,ANM,WE,Federal Contract Tower,0,1,14,0,15,0,0,48,4,52,0,1,62,4,67,30,0,30,97
06/28/2014,TIW,WA,ANM,WE,Federal Contract Tower,0,1,19,0,20,0,0,15,1,16,0,1,34,1,36,8,0,8,44
06/29/2014,TIW,WA,ANM,WE,Federal Contract Tower,0,0,32,1,33,0,0,45,2,47,0,0,77,3,80,100,4,104,184
06/30/2014,TIW,WA,ANM,WE,Federal Contract Tower,0,1,39,0,40,0,3,65,4,72,0,4,104,4,112,33,0,33,145
07/01/2014,TIW,WA,ANM,WE,Federal Contract Tower,0,3,39,0,42,0,2,87,0,89,0,5,126,0,131,80,0,80,211
07/02/2014,TIW,WA,ANM,WE,Federal Contract Tower,0,3,30,0,33,0,4,96,1,101,0,7,126,1,134,66,0,66,200
07/03/2014,TIW,WA,ANM,WE,Federal Contract Tower,0,1,42,0,43,0,0,108,0,108,0,1,150,0,151,118,0,118,269
07/04/2014,TIW,WA,ANM,WE,Federal Contract Tower,0,0,3,0,3,0,0,82,0,82,0,0,85,0,85,22,0,22,107
07/05/2014,TIW,WA,ANM,WE,Federal Contract Tower,0,0,12,0,12,0,0,72,0,72,0,0,84,0,84,28,0,28,112
07/06/2014,TIW,WA,ANM,WE,Federal Contract Tower,0,0,13,0,13,0,0,186,23,209,0,0,199,23,222,222,0,222,444
07/07/2014,TIW,WA,ANM,WE,Federal Contract Tower,0,2,17,0,19,0,0,65,0,65,0,2,82,0,84,68,0,68,152
07/08/2014,TIW,WA,ANM,WE,Federal Contract Tower,0,2,20,0,22,0,3,102,2,107,0,5,122,2,129,143,0,143,272
07/09/2014,TIW,WA,ANM,WE,Federal Contract Tower,0,1,41,0,42,0,0,58,0,58,0,1,99,0,100,36,0,36,136
07/10/2014,TIW,WA,ANM,WE,Federal Contract Tower,0,0,31,0,31,0,0,88,0,88,0,0,119,0,119,72,0,72,191
07/11/2014,TIW,WA,ANM,WE,Federal Contract Tower,0,0,27,0,27,0,2,96,0,98,0,2,123,0,125,61,0,61,186
07/12/2014,TIW,WA,ANM,WE,Federal Contract Tower,0,3,34,0,37,0,0,110,2,112,0,3,144,2,149,110,0,110,259
07/13/2014,TIW,WA,ANM,WE,Federal Contract Tower,0,2,23,0,25,0,0,89,2,91,0,2,112,2,116,87,0,87,203
07/14/2014,TIW,WA,ANM,WE,Federal Contract Tower,0,0,41,2,43,0,0,53,0,53,0,0,94,2,96,16,0,16,112
07/15/2014,TIW,WA,ANM,WE,Federal Contract Tower,0,0,30,0,30,0,0,65,0,65,0,0,95,0,95,78,0,78,173
07/16/2014,TIW,WA,ANM,WE,Federal Contract Tower,0,2,39,0,41,0,0,69,4,73,0,2,108,4,114,65,0,65,179
07/17/2014,TIW,WA,ANM,WE,Federal Contract Tower,0,5,29,0,34,0,0,98,0,98,0,5,127,0,132,121,2,123,255
07/18/2014,TIW,WA,ANM,WE,Federal Contract Tower,0,0,44,0,44,0,0,63,4,67,0,0,107,4,111,87,0,87,198
07/19/2014,TIW,WA,ANM,WE,Federal Contract Tower,0,0,17,0,17,0,0,36,0,36,0,0,53,0,53,30,0,30,83
07/20/2014,TIW,WA,ANM,WE,Federal Contract Tower,0,1,19,0,20,0,0,57,2,59,0,1,76,2,79,50,0,50,129
07/21/2014,TIW,WA,ANM,WE,Federal Contract Tower,0,0,49,0,49,0,5,45,4,54,0,5,94,4,103,81,0,81,184
07/22/2014,TIW,WA,ANM,WE,Federal Contract Tower,0,3,26,0,29,0,2,18,2,22,0,5,44,2,51,26,0,26,77
07/23/2014,TIW,WA,ANM,WE,Federal Contract Tower,0,0,11,0,11,0,0,3,0,3,0,0,14,0,14,0,0,0,14
07/24/2014,TIW,WA,ANM,WE,Federal Contract Tower,0,1,28,0,29,0,0,40,0,40,0,1,68,0,69,64,0,64,133
07/25/2014,TIW,WA,ANM,WE,Federal Contract Tower,0,2,71,2,75,0,0,83,0,83,0,2,154,2,158,94,0,94,252
07/26/2014,TIW,WA,ANM,WE,Federal Contract Tower,0,0,39,0,39,0,1,120,0,121,0,1,159,0,160,7,6,13,173
07/27/2014,TIW,WA,ANM,WE,Federal Contract Tower,0,0,33,0,33,0,0,118,0,118,0,0,151,0,151,104,0,104,255
07/28/2014,TIW,WA,ANM,WE,Federal Contract Tower,0,2,38,0,40,0,2,72,4,78,0,4,110,4,118,74,0,74,192
07/29/2014,TIW,WA,ANM,WE,Federal Contract Tower,0,0,50,0,50,0,5,85,0,90,0,5,135,0,140,167,0,167,307
07/30/2014,TIW,WA,ANM,WE,Federal Contract Tower,0,0,48,0,48,0,2,55,4,61,0,2,103,4,109,55,0,55,164
07/31/2014,TIW,WA,ANM,WE,Federal Contract Tower,0,2,22,0,24,0,10,90,0,100,0,12,112,0,124,121,0,121,245
08/01/2014,TIW,WA,ANM,WE,Federal Contract Tower,0,0,30,2,32,0,0,59,0,59,0,0,89,2,91,98,0,98,189
08/02/2014,TIW,WA,ANM,WE,Federal Contract Tower,0,0,17,2,19,0,2,94,0,96,0,2,111,2,115,142,0,142,257
08/03/2014,TIW,WA,ANM,WE,Federal Contract Tower,0,0,12,0,12,0,4,63,0,67,0,4,75,0,79,48,0,48,127
08/04/2014,TIW,WA,ANM,WE,Federal Contract Tower,0,0,40,1,41,0,2,84,2,88,0,2,124,3,129,106,0,106,235
08/05/2014,TIW,WA,ANM,WE,Federal Contract Tower,0,0,24,0,24,0,2,43,0,45,0,2,67,0,69,50,0,50,119
08/06/2014,TIW,WA,ANM,WE,Federal Contract Tower,0,0,31,0,31,0,2,69,0,71,0,2,100,0,102,92,0,92,194
08/07/2014,TIW,WA,ANM,WE,Federal Contract Tower,0,0,56,0,56,0,0,71,0,71,0,0,127,0,127,83,0,83,210
08/08/2014,TIW,WA,ANM,WE,Federal Contract Tower,0,0,49,0,49,0,0,88,1,89,0,0,137,1,138,83,0,83,221
08/09/2014,TIW,WA,ANM,WE,Federal Contract Tower,0,0,12,0,12,0,1,139,1,141,0,1,151,1,153,80,0,80,233
08/10/2014,TIW,WA,ANM,WE,Federal Contract Tower,0,2,12,0,14,0,9,112,2,123,0,11,124,2,137,105,0,105,242
08/11/2014,TIW,WA,ANM,WE,Federal Contract Tower,0,2,40,0,42,0,2,78,0,80,0,4,118,0,122,68,0,68,190
08/12/2014,TIW,WA,ANM,WE,Federal Contract Tower,0,0,23,0,23,0,1,53,2,56,0,1,76,2,79,144,0,144,223
08/13/2014,TIW,WA,ANM,WE,Federal Contract Tower,0,2,14,0,16,0,0,38,0,38,0,2,52,0,54,69,0,69,123
08/14/2014,TIW,WA,ANM,WE,Federal Contract Tower,0,1,19,0,20,0,1,36,4,41,0,2,55,4,61,98,0,98,159
08/15/2014,TIW,WA,ANM,WE,Federal Contract Tower,0,3,45,0,48,0,0,56,0,56,0,3,101,0,104,92,0,92,196
08/16/2014,TIW,WA,ANM,WE,Federal Contract Tower,0,2,37,0,39,0,0,109,2,111,0,2,146,2,150,92,6,98,248
08/17/2014,TIW,WA,ANM,WE,Federal Contract Tower,0,0,25,0,25,0,0,125,2,127,0,0,150,2,152,108,0,108,260
08/18/2014,TIW,WA,ANM,WE,Federal Contract Tower,0,2,50,2,54,0,1,97,2,100,0,3,147,4,154,118,0,118,272
08/19/2014,TIW,WA,ANM,WE,Federal Contract Tower,0,0,73,0,73,0,0,86,0,86,0,0,159,0,159,164,0,164,323
08/20/2014,TIW,WA,ANM,WE,Federal Contract Tower,0,1,77,0,78,0,0,91,0,91,0,1,168,0,169,56,0,56,225
08/21/2014,TIW,WA,ANM,WE,Federal Contract Tower,0,2,36,0,38,0,3,95,2,100,0,5,131,2,138,101,0,101,239
08/22/2014,TIW,WA,ANM,WE,Federal Contract Tower,0,0,38,0,38,0,2,97,0,99,0,2,135,0,137,85,0,85,222
08/23/2014,TIW,WA,ANM,WE,Federal Contract Tower,0,6,27,0,33,0,4,117,1,122,0,10,144,1,155,144,0,144,299
08/24/2014,TIW,WA,ANM,WE,Federal Contract Tower,0,0,25,1,26,0,0,99,0,99,0,0,124,1,125,79,0,79,204
08/25/2014,TIW,WA,ANM,WE,Federal Contract Tower,0,0,34,0,34,0,1,91,0,92,0,1,125,0,126,118,0,118,244
08/26/2014,TIW,WA,ANM,WE,Federal Contract Tower,0,1,38,0,39,0,3,130,0,133,0,4,168,0,172,143,0,143,315
08/27/2014,TIW,WA,ANM,WE,Federal Contract Tower,0,1,57,4,62,0,14,112,0,126,0,15,169,4,188,120,0,120,308
08/28/2014,TIW,WA,ANM,WE,Federal Contract Tower,0,0,23,0,23,0,1,55,1,57,0,1,78,1,80,95,0,95,175
08/29/2014,TIW,WA,ANM,WE,Federal Contract Tower,0,0,37,0,37,0,0,60,0,60,0,0,97,0,97,63,0,63,160
08/30/2014,TIW,WA,ANM,WE,Federal Contract Tower,0,0,32,0,32,0,0,4,0,4,0,0,36,0,36,22,0,22,58
08/31/2014,TIW,WA,ANM,WE,Federal Contract Tower,0,1,17,0,18,0,4,87,2,93,0,5,104,2,111,118,0,118,229
09/01/2014,TIW,WA,ANM,WE,Federal Contract Tower,0,1,21,0,22,0,0,103,1,104,0,1,124,1,126,168,0,168,294
09/02/2014,TIW,WA,ANM,WE,Federal Contract Tower,0,0,24,0,24,0,0,26,0,26,0,0,50,0,50,10,0,10,60
09/03/2014,TIW,WA,ANM,WE,Federal Contract Tower,0,0,42,0,42,0,0,79,0,79,0,0,121,0,121,83,0,83,204
09/04/2014,TIW,WA,ANM,WE,Federal Contract Tower,0,4,34,0,38,0,0,109,2,111,0,4,143,2,149,90,0,90,239
09/05/2014,TIW,WA,ANM,WE,Federal Contract Tower,0,0,35,0,35,0,3,99,2,104,0,3,134,2,139,116,1,117,256
09/06/2014,TIW,WA,ANM,WE,Federal Contract Tower,0,2,9,0,11,0,0,176,0,176,0,2,185,0,187,110,0,110,297
09/07/2014,TIW,WA,ANM,WE,Federal Contract Tower,0,2,29,0,31,0,0,83,0,83,0,2,112,0,114,122,0,122,236
09/08/2014,TIW,WA,ANM,WE,Federal Contract Tower,0,0,24,0,24,0,2,23,0,25,0,2,47,0,49,40,0,40,89
09/09/2014,TIW,WA,ANM,WE,Federal Contract Tower,0,1,20,0,21,0,1,82,6,89,0,2,102,6,110,92,0,92,202
09/10/2014,TIW,WA,ANM,WE,Federal Contract Tower,0,3,31,0,34,0,1,47,4,52,0,4,78,4,86,83,2,85,171
09/11/2014,TIW,WA,ANM,WE,Federal Contract Tower,0,2,16,0,18,0,1,89,7,97,0,3,105,7,115,94,0,94,209
09/12/2014,TIW,WA,ANM,WE,Federal Contract Tower,0,2,13,0,15,0,2,122,5,129,0,4,135,5,144,110,1,111,255
09/13/2014,TIW,WA,ANM,WE,Federal Contract Tower,0,3,24,0,27,0,1,142,2,145,0,4,166,2,172,128,0,128,300
09/14/2014,TIW,WA,ANM,WE,Federal Contract Tower,0,0,29,0,29,0,0,118,0,118,0,0,147,0,147,157,0,157,304
09/15/2014,TIW,WA,ANM,WE,Federal Contract Tower,0,1,44,0,45,0,2,104,0,106,0,3,148,0,151,121,2,123,274
09/16/2014,TIW,WA,ANM,WE,Federal Contract Tower,0,0,37,0,37,0,4,98,0,102,0,4,135,0,139,61,0,61,200
09/17/2014,TIW,WA,ANM,WE,Federal Contract Tower,0,0,43,0,43,0,0,70,2,72,0,0,113,2,115,89,0,89,204
09/18/2014,TIW,WA,ANM,WE,Federal Contract Tower,0,0,35,0,35,0,0,31,0,31,0,0,66,0,66,54,0,54,120
09/19/2014,TIW,WA,ANM,WE,Federal Contract Tower,0,0,28,0,28,0,0,80,0,80,0,0,108,0,108,74,0,74,182
09/20/2014,TIW,WA,ANM,WE,Federal Contract Tower,0,5,23,0,28,0,0,98,0,98,0,5,121,0,126,64,0,64,190
09/21/2014,TIW,WA,ANM,WE,Federal Contract Tower,0,3,24,0,27,0,0,83,0,83,0,3,107,0,110,79,0,79,189
09/22/2014,TIW,WA,ANM,WE,Federal Contract Tower,0,0,34,0,34,0,0,40,0,40,0,0,74,0,74,106,0,106,180
09/23/2014,TIW,WA,ANM,WE,Federal Contract Tower,0,0,27,0,27,0,6,34,0,40,0,6,61,0,67,36,0,36,103
09/24/2014,TIW,WA,ANM,WE,Federal Contract Tower,0,0,12,0,12,0,0,33,0,33,0,0,45,0,45,57,0,57,102
09/25/2014,TIW,WA,ANM,WE,Federal Contract Tower,0,4,59,0,63,0,0,62,0,62,0,4,121,0,125,93,0,93,218
09/26/2014,TIW,WA,ANM,WE,Federal Contract Tower,0,0,31,0,31,0,2,43,0,45,0,2,74,0,76,68,0,68,144
09/27/2014,TIW,WA,ANM,WE,Federal Contract Tower,0,0,41,4,45,0,0,94,0,94,0,0,135,4,139,176,0,176,315
09/28/2014,TIW,WA,ANM,WE,Federal Contract Tower,0,0,31,0,31,0,2,76,0,78,0,2,107,0,109,44,0,44,153
09/29/2014,TIW,WA,ANM,WE,Federal Contract Tower,0,0,37,0,37,0,0,19,0,19,0,0,56,0,56,36,0,36,92
09/30/2014,TIW,WA,ANM,WE,Federal Contract Tower,0,9,32,0,41,0,2,64,0,66,0,11,96,0,107,143,0,143,250
10/01/2014,TIW,WA,ANM,WE,Federal Contract Tower,0,2,39,0,41,0,0,79,4,83,0,2,118,4,124,125,0,125,249
10/02/2014,TIW,WA,ANM,WE,Federal Contract Tower,0,0,30,0,30,0,0,129,3,132,0,0,159,3,162,169,0,169,331
10/03/2014,TIW,WA,ANM,WE,Federal Contract Tower,0,0,13,0,13,0,0,139,0,139,0,0,152,0,152,172,0,172,324
10/04/2014,TIW,WA,ANM,WE,Federal Contract Tower,0,1,12,1,14,0,0,158,4,162,0,1,170,5,176,208,0,208,384
10/05/2014,TIW,WA,ANM,WE,Federal Contract Tower,0,1,13,0,14,0,0,105,0,105,0,1,118,0,119,112,0,112,231
10/06/2014,TIW,WA,ANM,WE,Federal Contract Tower,0,0,20,0,20,0,0,93,0,93,0,0,113,0,113,88,0,88,201
10/07/2014,TIW,WA,ANM,WE,Federal Contract Tower,0,2,11,0,13,0,0,24,0,24,0,2,35,0,37,65,0,65,102
10/08/2014,TIW,WA,ANM,WE,Federal Contract Tower,0,2,16,0,18,0,0,59,0,59,0,2,75,0,77,87,0,87,164
10/09/2014,TIW,WA,ANM,WE,Federal Contract Tower,0,0,39,0,39,0,0,35,0,35,0,0,74,0,74,34,0,34,108
10/10/2014,TIW,WA,ANM,WE,Federal Contract Tower,0,0,39,1,40,0,0,54,0,54,0,0,93,1,94,74,0,74,168
10/11/2014,TIW,WA,ANM,WE,Federal Contract Tower,0,0,17,0,17,0,0,43,0,43,0,0,60,0,60,92,0,92,152
10/12/2014,TIW,WA,ANM,WE,Federal Contract Tower,0,1,43,0,44,0,0,56,0,56,0,1,99,0,100,71,0,71,171
10/13/2014,TIW,WA,ANM,WE,Federal Contract Tower,0,1,37,0,38,0,0,49,0,49,0,1,86,0,87,64,0,64,151
10/14/2014,TIW,WA,ANM,WE,Federal Contract Tower,0,0,55,0,55,0,4,54,2,60,0,4,109,2,115,140,0,140,255
10/15/2014,TIW,WA,ANM,WE,Federal Contract Tower,0,2,20,0,22,0,0,22,0,22,0,2,42,0,44,13,0,13,57
10/16/2014,TIW,WA,ANM,WE,Federal Contract Tower,0,0,52,0,52,0,0,109,2,111,0,0,161,2,163,106,0,106,269
10/17/2014,TIW,WA,ANM,WE,Federal Contract Tower,0,0,44,0,44,0,0,36,0,36,0,0,80,0,80,82,0,82,162
10/18/2014,TIW,WA,ANM,WE,Federal Contract Tower,0,2,46,0,48,0,0,30,0,30,0,2,76,0,78,124,0,124,202
10/19/2014,TIW,WA,ANM,WE,Federal Contract Tower,0,0,52,0,52,0,0,119,0,119,0,0,171,0,171,96,0,96,267
10/20/2014,TIW,WA,ANM,WE,Federal Contract Tower,0,0,25,8,33,0,2,29,6,37,0,2,54,14,70,100,0,100,170
10/21/2014,TIW,WA,ANM,WE,Federal Contract Tower,0,0,23,2,25,0,2,61,0,63,0,2,84,2,88,120,0,120,208
10/22/2014,TIW,WA,ANM,WE,Federal Contract Tower,0,0,28,0,28,0,0,7,0,7,0,0,35,0,35,15,0,15,50
10/23/2014,TIW,WA,ANM,WE,Federal Contract Tower,0,2,26,1,29,0,0,44,0,44,0,2,70,1,73,42,0,42,115
10/24/2014,TIW,WA,ANM,WE,Federal Contract Tower,0,2,40,0,42,0,0,91,3,94,0,2,131,3,136,80,1,81,217
10/25/2014,TIW,WA,ANM,WE,Federal Contract Tower,0,0,35,0,35,0,0,40,0,40,0,0,75,0,75,128,0,128,203
10/26/2014,TIW,WA,ANM,WE,Federal Contract Tower,0,1,8,0,9,0,0,20,0,20,0,1,28,0,29,38,0,38,67
10/27/2014,TIW,WA,ANM,WE,Federal Contract Tower,0,0,45,0,45,0,0,82,0,82,0,0,127,0,127,93,0,93,220
10/28/2014,TIW,WA,ANM,WE,Federal Contract Tower,0,0,27,0,27,0,0,13,0,13,0,0,40,0,40,14,0,14,54
10/29/2014,TIW,WA,ANM,WE,Federal Contract Tower,0,0,36,0,36,0,1,93,2,96,0,1,129,2,132,130,0,130,262
10/30/2014,TIW,WA,ANM,WE,Federal Contract Tower,0,0,15,0,15,0,0,12,0,12,0,0,27,0,27,5,0,5,32
10/31/2014,TIW,WA,ANM,WE,Federal Contract Tower,0,0,17,0,17,0,0,36,0,36,0,0,53,0,53,53,0,53,106
11/01/2014,TIW,WA,ANM,WE,Federal Contract Tower,0,2,22,0,24,0,0,60,0,60,0,2,82,0,84,134,0,134,218
11/02/2014,TIW,WA,ANM,WE,Federal Contract Tower,0,0,44,4,48,0,0,44,0,44,0,0,88,4,92,92,0,92,184
11/03/2014,TIW,WA,ANM,WE,Federal Contract Tower,0,0,29,1,30,0,1,8,0,9,0,1,37,1,39,151,0,151,190
11/04/2014,TIW,WA,ANM,WE,Federal Contract Tower,0,2,33,0,35,0,1,25,0,26,0,3,58,0,61,73,0,73,134
11/05/2014,TIW,WA,ANM,WE,Federal Contract Tower,0,1,40,0,41,0,0,48,0,48,0,1,88,0,89,49,0,49,138
11/06/2014,TIW,WA,ANM,WE,Federal Contract Tower,0,0,4,1,5,0,0,4,0,4,0,0,8,1,9,6,0,6,15
11/07/2014,TIW,WA,ANM,WE,Federal Contract Tower,0,3,54,0,57,0,0,113,0,113,0,3,167,0,170,126,0,126,296
11/08/2014,TIW,WA,ANM,WE,Federal Contract Tower,0,2,53,0,55,0,0,108,0,108,0,2,161,0,163,124,0,124,287
11/09/2014,TIW,WA,ANM,WE,Federal Contract Tower,0,2,16,0,18,0,0,15,4,19,0,2,31,4,37,10,0,10,47
11/10/2014,TIW,WA,ANM,WE,Federal Contract Tower,0,0,20,0,20,0,2,69,0,71,0,2,89,0,91,50,0,50,141
11/11/2014,TIW,WA,ANM,WE,Federal Contract Tower,0,0,14,0,14,0,1,24,0,25,0,1,38,0,39,10,0,10,49
11/12/2014,TIW,WA,ANM,WE,Federal Contract Tower,0,0,28,0,28,0,0,74,0,74,0,0,102,0,102,89,0,89,191
11/13/2014,TIW,WA,ANM,WE,Federal Contract Tower,0,0,33,4,37,0,0,70,1,71,0,0,103,5,108,55,1,56,164
11/14/2014,TIW,WA,ANM,WE,Federal Contract Tower,0,0,32,0,32,0,0,104,0,104,0,0,136,0,136,71,0,71,207
11/15/2014,TIW,WA,ANM,WE,Federal Contract Tower,0,2,48,0,50,0,0,131,0,131,0,2,179,0,181,124,0,124,305
11/16/2014,TIW,WA,ANM,WE,Federal Contract Tower,0,1,25,1,27,0,0,94,0,94,0,1,119,1,121,156,0,156,277
11/17/2014,TIW,WA,ANM,WE,Federal Contract Tower,0,10,25,0,35,0,0,61,0,61,0,10,86,0,96,106,0,106,202
11/18/2014,TIW,WA,ANM,WE,Federal Contract Tower,0,0,27,0,27,0,2,35,0,37,0,2,62,0,64,52,0,52,116
11/19/2014,TIW,WA,ANM,WE,Federal Contract Tower,0,2,49,0,51,0,3,82,0,85,0,5,131,0,136,76,0,76,212
11/20/2014,TIW,WA,ANM,WE,Federal Contract Tower,0,0,38,2,40,0,1,53,2,56,0,1,91,4,96,125,0,125,221
11/21/2014,TIW,WA,ANM,WE,Federal Contract Tower,0,2,22,2,26,0,0,23,0,23,0,2,45,2,49,20,0,20,69
11/22/2014,TIW,WA,ANM,WE,Federal Contract Tower,0,0,40,0,40,0,1,34,9,44,0,1,74,9,84,24,0,24,108
11/23/2014,TIW,WA,ANM,WE,Federal Contract Tower,0,2,9,0,11,0,0,32,0,32,0,2,41,0,43,37,0,37,80
11/24/2014,TIW,WA,ANM,WE,Federal Contract Tower,0,6,26,0,32,0,4,39,0,43,0,10,65,0,75,128,0,128,203
11/25/2014,TIW,WA,ANM,WE,Federal Contract Tower,0,2,19,0,21,0,0,0,0,0,0,2,19,0,21,0,0,0,21
11/26/2014,TIW,WA,ANM,WE,Federal Contract Tower,0,0,43,0,43,0,3,31,2,36,0,3,74,2,79,83,0,83,162
11/27/2014,TIW,WA,ANM,WE,Federal Contract Tower,0,0,3,0,3,0,0,2,0,2,0,0,5,0,5,0,0,0,5
11/28/2014,TIW,WA,ANM,WE,Federal Contract Tower,0,0,4,0,4,0,0,0,0,0,0,0,4,0,4,0,0,0,4
11/29/2014,TIW,WA,ANM,WE,Federal Contract Tower,0,0,7,0,7,0,0,18,0,18,0,0,25,0,25,18,0,18,43
11/30/2014,TIW,WA,ANM,WE,Federal Contract Tower,0,1,53,0,54,0,0,112,0,112,0,1,165,0,166,104,0,104,270
12/01/2014,TIW,WA,ANM,WE,Federal Contract Tower,0,2,37,0,39,0,2,105,2,109,0,4,142,2,148,108,0,108,256
12/02/2014,TIW,WA,ANM,WE,Federal Contract Tower,0,7,40,5,52,0,0,69,12,81,0,7,109,17,133,44,0,44,177
12/03/2014,TIW,WA,ANM,WE,Federal Contract Tower,0,2,55,0,57,0,2,83,0,85,0,4,138,0,142,102,0,102,244
12/04/2014,TIW,WA,ANM,WE,Federal Contract Tower,0,0,26,0,26,0,0,19,0,19,0,0,45,0,45,50,0,50,95
12/05/2014,TIW,WA,ANM,WE,Federal Contract Tower,0,0,39,0,39,0,0,26,0,26,0,0,65,0,65,54,0,54,119
12/06/2014,TIW,WA,ANM,WE,Federal Contract Tower,0,12,27,2,41,0,0,47,2,49,0,12,74,4,90,118,10,128,218
12/07/2014,TIW,WA,ANM,WE,Federal Contract Tower,0,0,46,0,46,0,0,87,0,87,0,0,133,0,133,112,0,112,245
12/08/2014,TIW,WA,ANM,WE,Federal Contract Tower,0,0,52,0,52,0,13,93,0,106,0,13,145,0,158,120,0,120,278
12/09/2014,TIW,WA,ANM,WE,Federal Contract Tower,0,8,7,0,15,0,0,8,0,8,0,8,15,0,23,16,0,16,39
12/10/2014,TIW,WA,ANM,WE,Federal Contract Tower,0,0,2,0,2,0,0,3,0,3,0,0,5,0,5,2,0,2,7
12/11/2014,TIW,WA,ANM,WE,Federal Contract Tower,0,0,3,0,3,0,0,26,0,26,0,0,29,0,29,29,0,29,58
12/12/2014,TIW,WA,ANM,WE,Federal Contract Tower,0,1,34,0,35,0,1,66,3,70,0,2,100,3,105,39,1,40,145
12/13/2014,TIW,WA,ANM,WE,Federal Contract Tower,0,1,48,0,49,0,0,52,0,52,0,1,100,0,101,110,0,110,211
12/14/2014,TIW,WA,ANM,WE,Federal Contract Tower,0,0,21,0,21,0,0,77,0,77,0,0,98,0,98,114,0,114,212
12/15/2014,TIW,WA,ANM,WE,Federal Contract Tower,0,4,14,0,18,0,4,54,0,58,0,8,68,0,76,116,0,116,192
12/16/2014,TIW,WA,ANM,WE,Federal Contract Tower,0,12,16,0,28,0,4,26,4,34,0,16,42,4,62,154,0,154,216
12/17/2014,TIW,WA,ANM,WE,Federal Contract Tower,0,6,16,0,22,0,3,17,2,22,0,9,33,2,44,4,0,4,48
12/18/2014,TIW,WA,ANM,WE,Federal Contract Tower,0,11,29,0,40,0,7,31,0,38,0,18,60,0,78,25,0,25,103
12/19/2014,TIW,WA,ANM,WE,Federal Contract Tower,0,0,32,0,32,0,2,54,2,58,0,2,86,2,90,63,0,63,153
12/20/2014,TIW,WA,ANM,WE,Federal Contract Tower,0,0,14,0,14,0,0,1,0,1,0,0,15,0,15,0,0,0,15
12/21/2014,TIW,WA,ANM,WE,Federal Contract Tower,0,6,17,0,23,0,0,34,0,34,0,6,51,0,57,8,0,8,65
12/22/2014,TIW,WA,ANM,WE,Federal Contract Tower,0,12,32,2,46,0,0,24,2,26,0,12,56,4,72,14,0,14,86
12/23/2014,TIW,WA,ANM,WE,Federal Contract Tower,0,2,12,0,14,0,0,10,0,10,0,2,22,0,24,2,0,2,26
12/24/2014,TIW,WA,ANM,WE,Federal Contract Tower,0,0,3,0,3,0,0,9,0,9,0,0,12,0,12,12,0,12,24
12/25/2014,TIW,WA,ANM,WE,Federal Contract Tower,0,0,6,0,6,0,0,0,0,0,0,0,6,0,6,0,0,0,6
12/26/2014,TIW,WA,ANM,WE,Federal Contract Tower,0,0,6,0,6,0,0,8,0,8,0,0,14,0,14,6,0,6,20
12/27/2014,TIW,WA,ANM,WE,Federal Contract Tower,0,0,11,0,11,0,0,4,0,4,0,0,15,0,15,8,0,8,23
12/28/2014,TIW,WA,ANM,WE,Federal Contract Tower,0,0,12,0,12,0,0,47,0,47,0,0,59,0,59,103,0,103,162
12/29/2014,TIW,WA,ANM,WE,Federal Contract Tower,0,13,9,0,22,0,1,54,0,55,0,14,63,0,77,34,0,34,111
12/30/2014,TIW,WA,ANM,WE,Federal Contract Tower,0,2,24,0,26,0,5,89,10,104,0,7,113,10,130,131,0,131,261
12/31/2014,TIW,WA,ANM,WE,Federal Contract Tower,0,3,39,0,42,0,0,121,0,121,0,3,160,0,163,68,0,68,231
01/01/2015,TIW,WA,ANM,WE,Federal Contract Tower,0,1,10,0,11,0,0,182,0,182,0,1,192,0,193,60,0,60,253
01/02/2015,TIW,WA,ANM,WE,Federal Contract Tower,0,1,6,0,7,0,0,18,0,18,0,1,24,0,25,28,0,28,53
01/03/2015,TIW,WA,ANM,WE,Federal Contract Tower,0,3,29,0,32,0,0,16,0,16,0,3,45,0,48,24,0,24,72
01/04/2015,TIW,WA,ANM,WE,Federal Contract Tower,0,0,18,0,18,0,0,0,0,0,0,0,18,0,18,0,0,0,18
01/05/2015,TIW,WA,ANM,WE,Federal Contract Tower,0,4,4,0,8,0,0,1,0,1,0,4,5,0,9,0,0,0,9
01/06/2015,TIW,WA,ANM,WE,Federal Contract Tower,0,0,24,0,24,0,0,0,0,0,0,0,24,0,24,0,0,0,24
01/07/2015,TIW,WA,ANM,WE,Federal Contract Tower,0,0,14,0,14,0,0,0,0,0,0,0,14,0,14,0,0,0,14
01/08/2015,TIW,WA,ANM,WE,Federal Contract Tower,0,0,23,0,23,0,0,1,0,1,0,0,24,0,24,0,0,0,24
01/09/2015,TIW,WA,ANM,WE,Federal Contract Tower,0,0,39,2,41,0,0,81,0,81,0,0,120,2,122,128,0,128,250
01/10/2015,TIW,WA,ANM,WE,Federal Contract Tower,0,0,31,0,31,0,0,0,0,0,0,0,31,0,31,0,0,0,31
01/11/2015,TIW,WA,ANM,WE,Federal Contract Tower,0,6,22,0,28,0,0,0,0,0,0,6,22,0,28,3,0,3,31
01/12/2015,TIW,WA,ANM,WE,Federal Contract Tower,0,6,37,0,43,0,0,17,0,17,0,6,54,0,60,8,0,8,68
01/13/2015,TIW,WA,ANM,WE,Federal Contract Tower,0,0,18,0,18,0,0,37,0,37,0,0,55,0,55,66,0,66,121
01/14/2015,TIW,WA,ANM,WE,Federal Contract Tower,0,6,28,0,34,0,0,97,22,119,0,6,125,22,153,90,0,90,243
01/15/2015,TIW,WA,ANM,WE,Federal Contract Tower,0,2,33,0,35,0,0,52,10,62,0,2,85,10,97,64,0,64,161
01/16/2015,TIW,WA,ANM,WE,Federal Contract Tower,0,4,27,0,31,0,0,66,0,66,0,4,93,0,97,168,0,168,265
01/17/2015,TIW,WA,ANM,WE,Federal Contract Tower,0,0,30,0,30,0,0,5,0,5,0,0,35,0,35,4,0,4,39
01/18/2015,TIW,WA,ANM,WE,Federal Contract Tower,0,0,3,0,3,0,0,8,0,8,0,0,11,0,11,0,0,0,11
01/19/2015,TIW,WA,ANM,WE,Federal Contract Tower,0,0,25,0,25,0,0,67,0,67,0,0,92,0,92,138,0,138,230
01/20/2015,TIW,WA,ANM,WE,Federal Contract Tower,0,0,21,0,21,0,0,69,3,72,0,0,90,3,93,128,0,128,221
01/21/2015,TIW,WA,ANM,WE,Federal Contract Tower,0,0,25,0,25,0,0,43,0,43,0,0,68,0,68,49,4,53,121
01/22/2015,TIW,WA,ANM,WE,Federal Contract Tower,0,0,30,2,32,0,0,8,4,12,0,0,38,6,44,3,0,3,47
01/23/2015,TIW,WA,ANM,WE,Federal Contract Tower,0,0,21,0,21,0,0,10,0,10,0,0,31,0,31,17,0,17,48
01/24/2015,TIW,WA,ANM,WE,Federal Contract Tower,0,0,46,0,46,0,0,12,1,13,0,0,58,1,59,34,0,34,93
01/25/2015,TIW,WA,ANM,WE,Federal Contract Tower,0,2,33,0,35,0,0,117,0,117,0,2,150,0,152,204,0,204,356
01/26/2015,TIW,WA,ANM,WE,Federal Contract Tower,0,0,32,0,32,0,0,87,0,87,0,0,119,0,119,71,0,71,190
01/27/2015,TIW,WA,ANM,WE,Federal Contract Tower,0,1,31,2,34,0,0,0,0,0,0,1,31,2,34,0,0,0,34
01/28/2015,TIW,WA,ANM,WE,Federal Contract Tower,0,0,25,6,31,0,0,24,0,24,0,0,49,6,55,47,0,47,102
01/29/2015,TIW,WA,ANM,WE,Federal Contract Tower,0,1,55,0,56,0,0,97,0,97,0,1,152,0,153,125,0,125,278
01/30/2015,TIW,WA,ANM,WE,Federal Contract Tower,0,3,14,0,17,0,0,0,0,0,0,3,14,0,17,0,0,0,17
01/31/2015,TIW,WA,ANM,WE,Federal Contract Tower,0,0,22,0,22,0,0,0,0,0,0,0,22,0,22,0,0,0,22
02/01/2015,TIW,WA,ANM,WE,Federal Contract Tower,0,2,7,0,9,0,0,5,0,5,0,2,12,0,14,32,0,32,46
02/02/2015,TIW,WA,ANM,WE,Federal Contract Tower,0,0,9,0,9,0,0,7,2,9,0,0,16,2,18,6,0,6,24
02/03/2015,TIW,WA,ANM,WE,Federal Contract Tower,0,6,26,0,32,0,0,9,4,13,0,6,35,4,45,13,4,17,62
02/04/2015,TIW,WA,ANM,WE,Federal Contract Tower,0,1,32,0,33,0,0,14,0,14,0,1,46,0,47,22,0,22,69
02/05/2015,TIW,WA,ANM,WE,Federal Contract Tower,0,0,33,2,35,0,0,10,2,12,0,0,43,4,47,4,8,12,59
02/06/2015,TIW,WA,ANM,WE,Federal Contract Tower,0,0,7,0,7,0,0,10,0,10,0,0,17,0,17,22,0,22,39
02/07/2015,TIW,WA,ANM,WE,Federal Contract Tower,0,1,15,0,16,0,0,0,0,0,0,1,15,0,16,50,0,50,66
02/08/2015,TIW,WA,ANM,WE,Federal Contract Tower,0,0,31,0,31,0,0,85,0,85,0,0,116,0,116,140,0,140,256
02/09/2015,TIW,WA,ANM,WE,Federal Contract Tower,0,0,48,1,49,0,0,27,1,28,0,0,75,2,77,65,0,65,142
02/10/2015,TIW,WA,ANM,WE,Federal Contract Tower,0,0,65,0,65,0,0,36,0,36,0,0,101,0,101,46,0,46,147
02/11/2015,TIW,WA,ANM,WE,Federal Contract Tower,0,0,26,0,26,0,0,42,2,44,0,0,68,2,70,74,12,86,156
02/12/2015,TIW,WA,ANM,WE,Federal Contract Tower,0,4,45,0,49,0,4,72,4,80,0,8,117,4,129,111,0,111,240
02/13/2015,TIW,WA,ANM,WE,Federal Contract Tower,0,0,33,0,33,0,0,60,1,61,0,0,93,1,94,140,0,140,234
02/14/2015,TIW,WA,ANM,WE,Federal Contract Tower,0,0,34,0,34,0,0,77,0,77,0,0,111,0,111,192,0,192,303
02/15/2015,TIW,WA,ANM,WE,Federal Contract Tower,0,0,31,0,31,0,0,85,0,85,0,0,116,0,116,116,0,116,232
02/16/2015,TIW,WA,ANM,WE,Federal Contract Tower,0,1,48,0,49,0,0,95,0,95,0,1,143,0,144,85,0,85,229
02/17/2015,TIW,WA,ANM,WE,Federal Contract Tower,0,2,46,0,48,0,0,96,2,98,0,2,142,2,146,141,0,141,287
02/18/2015,TIW,WA,ANM,WE,Federal Contract Tower,0,0,63,0,63,0,0,85,2,87,0,0,148,2,150,87,0,87,237
02/19/2015,TIW,WA,ANM,WE,Federal Contract Tower,0,0,35,2,37,0,0,5,0,5,0,0,40,2,42,2,0,2,44
02/20/2015,TIW,WA,ANM,WE,Federal Contract Tower,0,1,34,0,35,0,4,37,0,41,0,5,71,0,76,28,0,28,104
02/21/2015,TIW,WA,ANM,WE,Federal Contract Tower,0,2,29,0,31,0,8,107,0,115,0,10,136,0,146,158,0,158,304
02/22/2015,TIW,WA,ANM,WE,Federal Contract Tower,0,0,31,0,31,0,0,121,0,121,0,0,152,0,152,96,0,96,248
02/23/2015,TIW,WA,ANM,WE,Federal Contract Tower,0,1,45,0,46,0,1,94,0,95,0,2,139,0,141,130,0,130,271
02/24/2015,TIW,WA,ANM,WE,Federal Contract Tower,0,3,58,0,61,0,0,88,0,88,0,3,146,0,149,111,0,111,260
02/25/2015,TIW,WA,ANM,WE,Federal Contract Tower,0,0,21,0,21,0,0,0,0,0,0,0,21,0,21,0,0,0,21
02/26/2015,TIW,WA,ANM,WE,Federal Contract Tower,0,0,31,0,31,0,0,0,0,0,0,0,31,0,31,0,0,0,31
02/27/2015,TIW,WA,ANM,WE,Federal Contract Tower,0,9,25,0,34,0,0,6,0,6,0,9,31,0,40,4,0,4,44
02/28/2015,TIW,WA,ANM,WE,Federal Contract Tower,0,0,29,2,31,0,2,165,0,167,0,2,194,2,198,140,0,140,338
03/01/2015,TIW,WA,ANM,WE,Federal Contract Tower,0,2,35,0,37,0,0,125,0,125,0,2,160,0,162,144,0,144,306
03/02/2015,TIW,WA,ANM,WE,Federal Contract Tower,0,4,26,0,30,0,0,51,0,51,0,4,77,0,81,137,0,137,218
03/03/2015,TIW,WA,ANM,WE,Federal Contract Tower,0,0,42,0,42,0,0,101,2,103,0,0,143,2,145,98,0,98,243
03/04/2015,TIW,WA,ANM,WE,Federal Contract Tower,0,5,50,0,55,0,4,117,6,127,0,9,167,6,182,61,9,70,252
03/05/2015,TIW,WA,ANM,WE,Federal Contract Tower,0,1,47,3,51,0,0,108,8,116,0,1,155,11,167,73,2,75,242
03/06/2015,TIW,WA,ANM,WE,Federal Contract Tower,0,0,62,1,63,0,1,104,2,107,0,1,166,3,170,91,0,91,261
03/07/2015,TIW,WA,ANM,WE,Federal Contract Tower,0,0,15,0,15,0,0,148,8,156,0,0,163,8,171,190,0,190,361
03/08/2015,TIW,WA,ANM,WE,Federal Contract Tower,0,0,19,0,19,0,0,107,6,113,0,0,126,6,132,113,0,113,245
03/09/2015,TIW,WA,ANM,WE,Federal Contract Tower,0,2,18,1,21,0,1,76,7,84,0,3,94,8,105,77,14,91,196
03/10/2015,TIW,WA,ANM,WE,Federal Contract Tower,0,2,19,0,21,0,0,63,0,63,0,2,82,0,84,83,0,83,167
03/11/2015,TIW,WA,ANM,WE,Federal Contract Tower,0,1,23,0,24,0,0,39,4,43,0,1,62,4,67,38,0,38,105
03/12/2015,TIW,WA,ANM,WE,Federal Contract Tower,0,0,37,0,37,0,0,49,8,57,0,0,86,8,94,85,0,85,179
03/13/2015,TIW,WA,ANM,WE,Federal Contract Tower,0,0,49,0,49,0,2,111,7,120,0,2,160,7,169,94,0,94,263
03/14/2015,TIW,WA,ANM,WE,Federal Contract Tower,0,1,6,0,7,0,0,18,0,18,0,1,24,0,25,76,0,76,101
03/15/2015,TIW,WA,ANM,WE,Federal Contract Tower,0,0,8,0,8,0,0,0,0,0,0,0,8,0,8,0,0,0,8
03/16/2015,TIW,WA,ANM,WE,Federal Contract Tower,0,2,35,0,37,0,0,50,0,50,0,2,85,0,87,97,0,97,184
03/17/2015,TIW,WA,ANM,WE,Federal Contract Tower,0,2,36,0,38,0,0,54,4,58,0,2,90,4,96,54,1,55,151
03/18/2015,TIW,WA,ANM,WE,Federal Contract Tower,0,0,64,0,64,0,4,55,4,63,0,4,119,4,127,67,0,67,194
03/19/2015,TIW,WA,ANM,WE,Federal Contract Tower,0,6,47,0,53,0,4,97,0,101,0,10,144,0,154,123,0,123,277
03/20/2015,TIW,WA,ANM,WE,Federal Contract Tower,0,0,40,0,40,0,2,69,1,72,0,2,109,1,112,98,0,98,210
03/21/2015,TIW,WA,ANM,WE,Federal Contract Tower,0,0,9,0,9,0,0,30,2,32,0,0,39,2,41,82,0,82,123
03/22/2015,TIW,WA,ANM,WE,Federal Contract Tower,0,0,60,0,60,0,0,47,0,47,0,0,107,0,107,109,0,109,216
03/23/2015,TIW,WA,ANM,WE,Federal Contract Tower,0,8,13,2,23,0,0,3,0,3,0,8,16,2,26,30,0,30,56
03/24/2015,TIW,WA,ANM,WE,Federal Contract Tower,0,4,19,0,23,0,0,32,0,32,0,4,51,0,55,91,0,91,146
03/25/2015,TIW,WA,ANM,WE,Federal Contract Tower,0,6,21,0,27,0,0,16,12,28,0,6,37,12,55,10,0,10,65
03/26/2015,TIW,WA,ANM,WE,Federal Contract Tower,0,0,56,0,56,0,2,126,1,129,0,2,182,1,185,85,1,86,271
03/27/2015,TIW,WA,ANM,WE,Federal Contract Tower,0,7,39,0,46,0,2,127,0,129,0,9,166,0,175,104,0,104,279
03/28/2015,TIW,WA,ANM,WE,Federal Contract Tower,0,11,53,0,64,0,2,64,0,66,0,13,117,0,130,120,0,120,250
03/29/2015,TIW,WA,ANM,WE,Federal Contract Tower,0,0,35,0,35,0,0,81,0,81,0,0,116,0,116,82,0,82,198
03/30/2015,TIW,WA,ANM,WE,Federal Contract Tower,0,2,27,0,29,0,0,81,2,83,0,2,108,2,112,174,7,181,293
03/31/2015,TIW,WA,ANM,WE,Federal Contract Tower,0,6,13,0,19,0,0,23,0,23,0,6,36,0,42,104,0,104,146
04/01/2015,TIW,WA,ANM,WE,Federal Contract Tower,0,9,17,0,26,0,2,17,0,19,0,11,34,0,45,98,0,98,143
04/02/2015,TIW,WA,ANM,WE,Federal Contract Tower,0,0,18,0,18,0,0,54,1,55,0,0,72,1,73,39,0,39,112
04/03/2015,TIW,WA,ANM,WE,Federal Contract Tower,0,0,27,0,27,0,0,36,0,36,0,0,63,0,63,44,0,44,107
04/04/2015,TIW,WA,ANM,WE,Federal Contract Tower,0,0,37,0,37,0,0,103,2,105,0,0,140,2,142,144,4,148,290
04/05/2015,TIW,WA,ANM,WE,Federal Contract Tower,0,0,16,0,16,0,0,67,0,67,0,0,83,0,83,84,0,84,167
04/06/2015,TIW,WA,ANM,WE,Federal Contract Tower,0,6,33,0,39,0,0,59,0,59,0,6,92,0,98,44,0,44,142
04/07/2015,TIW,WA,ANM,WE,Federal Contract Tower,0,2,32,0,34,0,0,70,0,70,0,2,102,0,104,92,0,92,196
04/08/2015,TIW,WA,ANM,WE,Federal Contract Tower,0,5,42,0,47,0,4,115,6,125,0,9,157,6,172,95,0,95,267
04/09/2015,TIW,WA,ANM,WE,Federal Contract Tower,0,0,29,4,33,0,0,97,4,101,0,0,126,8,134,79,0,79,213
04/10/2015,TIW,WA,ANM,WE,Federal Contract Tower,0,9,20,0,29,0,0,49,0,49,0,9,69,0,78,32,0,32,110
04/11/2015,TIW,WA,ANM,WE,Federal Contract Tower,0,0,15,0,15,0,0,55,0,55,0,0,70,0,70,40,0,40,110
04/12/2015,TIW,WA,ANM,WE,Federal Contract Tower,0,7,37,0,44,0,0,94,6,100,0,7,131,6,144,90,4,94,238
04/13/2015,TIW,WA,ANM,WE,Federal Contract Tower,0,1,28,2,31,0,0,15,0,15,0,1,43,2,46,44,0,44,90
04/14/2015,TIW,WA,ANM,WE,Federal Contract Tower,0,1,41,0,42,0,0,29,0,29,0,1,70,0,71,24,0,24,95
04/15/2015,TIW,WA,ANM,WE,Federal Contract Tower,0,1,37,0,38,0,0,93,0,93,0,1,130,0,131,64,0,64,195
04/16/2015,TIW,WA,ANM,WE,Federal Contract Tower,0,3,60,0,63,0,0,98,0,98,0,3,158,0,161,54,0,54,215
04/17/2015,TIW,WA,ANM,WE,Federal Contract Tower,0,3,49,2,54,0,0,93,0,93,0,3,142,2,147,33,0,33,180
04/18/2015,TIW,WA,ANM,WE,Federal Contract Tower,0,0,53,0,53,0,4,130,0,134,0,4,183,0,187,102,0,102,289
04/19/2015,TIW,WA,ANM,WE,Federal Contract Tower,0,2,71,0,73,0,0,97,0,97,0,2,168,0,170,121,0,121,291
04/20/2015,TIW,WA,ANM,WE,Federal Contract Tower,0,1,58,0,59,0,0,84,0,84,0,1,142,0,143,69,7,76,219
04/21/2015,TIW,WA,ANM,WE,Federal Contract Tower,0,1,46,0,47,0,0,50,0,50,0,1,96,0,97,103,0,103,200
04/22/2015,TIW,WA,ANM,WE,Federal Contract Tower,0,0,29,0,29,0,4,64,2,70,0,4,93,2,99,81,0,81,180
04/23/2015,TIW,WA,ANM,WE,Federal Contract Tower,0,0,29,0,29,0,0,9,1,10,0,0,38,1,39,36,0,36,75
04/24/2015,TIW,WA,ANM,WE,Federal Contract Tower,0,4,12,0,16,0,0,17,7,24,0,4,29,7,40,6,0,6,46
04/25/2015,TIW,WA,ANM,WE,Federal Contract Tower,0,0,25,0,25,0,6,82,2,90,0,6,107,2,115,102,0,102,217
04/26/2015,TIW,WA,ANM,WE,Federal Contract Tower,0,0,35,0,35,0,0,77,0,77,0,0,112,0,112,88,0,88,200
04/27/2015,TIW,WA,ANM,WE,Federal Contract Tower,0,0,45,0,45,0,0,88,2,90,0,0,133,2,135,71,6,77,212
04/28/2015,TIW,WA,ANM,WE,Federal Contract Tower,0,0,39,0,39,0,0,18,0,18,0,0,57,0,57,16,0,16,73
04/29/2015,TIW,WA,ANM,WE,Federal Contract Tower,0,0,42,0,42,0,3,42,10,55,0,3,84,10,97,23,0,23,120
04/30/2015,TIW,WA,ANM,WE,Federal Contract Tower,0,0,45,0,45,0,5,80,4,89,0,5,125,4,134,105,0,105,239
05/01/2015,TIW,WA,ANM,WE,Federal Contract Tower,0,2,38,0,40,0,3,92,0,95,0,5,130,0,135,67,0,67,202
05/02/2015,TIW,WA,ANM,WE,Federal Contract Tower,0,2,39,6,47,0,0,161,8,169,0,2,200,14,216,116,0,116,332
05/03/2015,TIW,WA,ANM,WE,Federal Contract Tower,0,0,54,0,54,0,0,110,0,110,0,0,164,0,164,106,0,106,270
05/04/2015,TIW,WA,ANM,WE,Federal Contract Tower,0,0,32,0,32,0,0,45,0,45,0,0,77,0,77,34,0,34,111
05/05/2015,TIW,WA,ANM,WE,Federal Contract Tower,0,0,3,0,3,0,0,22,0,22,0,0,25,0,25,5,0,5,30
05/06/2015,TIW,WA,ANM,WE,Federal Contract Tower,0,0,22,0,22,0,1,46,0,47,0,1,68,0,69,56,0,56,125
05/07/2015,TIW,WA,ANM,WE,Federal Contract Tower,0,0,48,0,48,0,0,70,0,70,0,0,118,0,118,84,0,84,202
05/08/2015,TIW,WA,ANM,WE,Federal Contract Tower,0,1,39,0,40,0,2,102,4,108,0,3,141,4,148,86,8,94,242
05/09/2015,TIW,WA,ANM,WE,Federal Contract Tower,0,0,32,0,32,0,0,129,2,131,0,0,161,2,163,121,0,121,284
05/10/2015,TIW,WA,ANM,WE,Federal Contract Tower,0,0,16,0,16,0,0,68,0,68,0,0,84,0,84,103,0,103,187
05/11/2015,TIW,WA,ANM,WE,Federal Contract Tower,0,0,33,0,33,0,1,13,0,14,0,1,46,0,47,16,0,16,63
05/12/2015,TIW,WA,ANM,WE,Federal Contract Tower,0,1,25,0,26,0,0,17,0,17,0,1,42,0,43,11,0,11,54
05/13/2015,TIW,WA,ANM,WE,Federal Contract Tower,0,0,7,0,7,0,0,18,0,18,0,0,25,0,25,25,0,25,50
05/14/2015,TIW,WA,ANM,WE,Federal Contract Tower,0,0,24,0,24,0,2,69,5,76,0,2,93,5,100,76,0,76,176
05/15/2015,TIW,WA,ANM,WE,Federal Contract Tower,0,2,18,2,22,0,0,72,6,78,0,2,90,8,100,69,0,69,169
05/16/2015,TIW,WA,ANM,WE,Federal Contract Tower,0,2,29,0,31,0,0,65,0,65,0,2,94,0,96,116,0,116,212
05/17/2015,TIW,WA,ANM,WE,Federal Contract Tower,0,0,23,0,23,0,0,81,0,81,0,0,104,0,104,81,0,81,185
05/18/2015,TIW,WA,ANM,WE,Federal Contract Tower,0,3,16,2,21,0,0,76,0,76,0,3,92,2,97,135,0,135,232
05/19/2015,TIW,WA,ANM,WE,Federal Contract Tower,0,3,16,0,19,0,0,34,6,40,0,3,50,6,59,7,2,9,68
05/20/2015,TIW,WA,ANM,WE,Federal Contract Tower,0,6,9,0,15,0,2,54,0,56,0,8,63,0,71,64,9,73,144
05/21/2015,TIW,WA,ANM,WE,Federal Contract Tower,0,0,36,0,36,0,3,59,4,66,0,3,95,4,102,113,0,113,215
05/22/2015,TIW,WA,ANM,WE,Federal Contract Tower,0,3,35,2,40,0,3,20,0,23,0,6,55,2,63,30,0,30,93
05/23/2015,TIW,WA,ANM,WE,Federal Contract Tower,0,0,23,0,23,0,2,62,0,64,0,2,85,0,87,114,0,114,201
05/24/2015,TIW,WA,ANM,WE,Federal Contract Tower,0,1,22,0,23,0,0,40,0,40,0,1,62,0,63,40,0,40,103
05/25/2015,TIW,WA,ANM,WE,Federal Contract Tower,0,2,18,0,20,0,0,33,0,33,0,2,51,0,53,77,0,77,130
05/26/2015,TIW,WA,ANM,WE,Federal Contract Tower,0,1,26,0,27,0,0,50,0,50,0,1,76,0,77,117,0,117,194
05/27/2015,TIW,WA,ANM,WE,Federal Contract Tower,0,0,40,0,40,0,2,107,10,119,0,2,147,10,159,96,0,96,255
05/28/2015,TIW,WA,ANM,WE,Federal Contract Tower,0,0,34,1,35,0,2,115,6,123,0,2,149,7,158,74,0,74,232
05/29/2015,TIW,WA,ANM,WE,Federal Contract Tower,0,0,45,0,45,0,4,89,2,95,0,4,134,2,140,64,0,64,204
05/30/2015,TIW,WA,ANM,WE,Federal Contract Tower,0,0,43,0,43,0,2,159,0,161,0,2,202,0,204,90,0,90,294
05/31/2015,TIW,WA,ANM,WE,Federal Contract Tower,0,1,43,0,44,0,0,126,0,126,0,1,169,0,170,106,0,106,276
06/01/2015,TIW,WA,ANM,WE,Federal Contract Tower,0,0,11,0,11,0,0,14,2,16,0,0,25,2,27,5,0,5,32
06/02/2015,TIW,WA,ANM,WE,Federal Contract Tower,0,1,20,0,21,0,0,9,0,9,0,1,29,0,30,11,0,11,41
06/03/2015,TIW,WA,ANM,WE,Federal Contract Tower,0,0,18,0,18,0,0,50,2,52,0,0,68,2,70,84,0,84,154
06/04/2015,TIW,WA,ANM,WE,Federal Contract Tower,0,0,68,4,72,0,0,131,6,137,0,0,199,10,209,137,0,137,346
06/05/2015,TIW,WA,ANM,WE,Federal Contract Tower,0,0,59,0,59,0,0,133,0,133,0,0,192,0,192,122,0,122,314
06/06/2015,TIW,WA,ANM,WE,Federal Contract Tower,0,0,34,0,34,0,0,171,2,173,0,0,205,2,207,83,0,83,290
06/07/2015,TIW,WA,ANM,WE,Federal Contract Tower,0,0,26,0,26,0,0,102,0,102,0,0,128,0,128,87,0,87,215
06/08/2015,TIW,WA,ANM,WE,Federal Contract Tower,0,0,62,2,64,0,0,98,7,105,0,0,160,9,169,112,6,118,287
06/09/2015,TIW,WA,ANM,WE,Federal Contract Tower,0,0,47,0,47,0,0,93,2,95,0,0,140,2,142,168,22,190,332
06/10/2015,TIW,WA,ANM,WE,Federal Contract Tower,0,0,32,0,32,0,0,65,0,65,0,0,97,0,97,80,0,80,177
06/11/2015,TIW,WA,ANM,WE,Federal Contract Tower,0,0,20,0,20,0,4,85,0,89,0,4,105,0,109,117,0,117,226
06/12/2015,TIW,WA,ANM,WE,Federal Contract Tower,0,10,28,0,38,0,0,89,0,89,0,10,117,0,127,64,0,64,191
06/13/2015,TIW,WA,ANM,WE,Federal Contract Tower,0,8,21,0,29,0,0,67,0,67,0,8,88,0,96,99,0,99,195
06/14/2015,TIW,WA,ANM,WE,Federal Contract Tower,0,5,12,0,17,0,0,113,2,115,0,5,125,2,132,89,0,89,221
06/15/2015,TIW,WA,ANM,WE,Federal Contract Tower,1,4,21,0,26,0,0,81,2,83,1,4,102,2,109,69,0,69,178
06/16/2015,TIW,WA,ANM,WE,Federal Contract Tower,0,2,9,0,11,0,0,58,4,62,0,2,67,4,73,58,0,58,131
06/17/2015,TIW,WA,ANM,WE,Federal Contract Tower,0,7,33,0,40,0,1,92,0,93,0,8,125,0,133,63,0,63,196
06/18/2015,TIW,WA,ANM,WE,Federal Contract Tower,0,1,41,0,42,0,2,127,4,133,0,3,168,4,175,100,0,100,275
06/19/2015,TIW,WA,ANM,WE,Federal Contract Tower,0,3,37,0,40,0,0,93,0,93,0,3,130,0,133,114,0,114,247
06/20/2015,TIW,WA,ANM,WE,Federal Contract Tower,0,2,24,0,26,0,0,157,0,157,0,2,181,0,183,139,0,139,322
06/21/2015,TIW,WA,ANM,WE,Federal Contract Tower,0,17,38,0,55,0,2,88,0,90,0,19,126,0,145,104,0,104,249
06/22/2015,TIW,WA,ANM,WE,Federal Contract Tower,0,2,14,0,16,0,0,83,0,83,0,2,97,0,99,110,0,110,209
06/23/2015,TIW,WA,ANM,WE,Federal Contract Tower,0,2,31,0,33,0,1,94,5,100,0,3,125,5,133,164,0,164,297
06/24/2015,TIW,WA,ANM,WE,Federal Contract Tower,0,0,30,0,30,0,0,77,0,77,0,0,107,0,107,108,0,108,215
06/25/2015,TIW,WA,ANM,WE,Federal Contract Tower,0,0,39,0,39,0,0,118,0,118,0,0,157,0,157,120,0,120,277
06/26/2015,TIW,WA,ANM,WE,Federal Contract Tower,0,2,17,0,19,0,0,87,1,88,0,2,104,1,107,112,0,112,219
06/27/2015,TIW,WA,ANM,WE,Federal Contract Tower,0,1,26,0,27,0,1,120,2,123,0,2,146,2,150,137,0,137,287
06/28/2015,TIW,WA,ANM,WE,Federal Contract Tower,0,3,17,0,20,0,0,83,2,85,0,3,100,2,105,49,0,49,154
06/29/2015,TIW,WA,ANM,WE,Federal Contract Tower,0,6,23,0,29,0,1,83,2,86,0,7,106,2,115,72,0,72,187
06/30/2015,TIW,WA,ANM,WE,Federal Contract Tower,0,0,28,0,28,0,8,86,7,101,0,8,114,7,129,51,0,51,180
07/01/2015,TIW,WA,ANM,WE,Federal Contract Tower,0,4,16,0,20,0,1,73,1,75,0,5,89,1,95,86,0,86,181
07/02/2015,TIW,WA,ANM,WE,Federal Contract Tower,0,1,29,2,32,0,0,100,0,100,0,1,129,2,132,63,0,63,195
07/03/2015,TIW,WA,ANM,WE,Federal Contract Tower,0,1,20,0,21,0,0,133,0,133,0,1,153,0,154,122,0,122,276
07/04/2015,TIW,WA,ANM,WE,Federal Contract Tower,0,0,0,0,0,0,0,111,0,111,0,0,111,0,111,161,0,161,272
07/05/2015,TIW,WA,ANM,WE,Federal Contract Tower,0,0,2,0,2,0,0,103,0,103,0,0,105,0,105,182,0,182,287
07/06/2015,TIW,WA,ANM,WE,Federal Contract Tower,0,0,25,0,25,0,0,77,0,77,0,0,102,0,102,78,0,78,180
07/07/2015,TIW,WA,ANM,WE,Federal Contract Tower,0,0,42,0,42,0,0,111,6,117,0,0,153,6,159,99,0,99,258
07/08/2015,TIW,WA,ANM,WE,Federal Contract Tower,0,6,41,0,47,0,1,103,0,104,0,7,144,0,151,132,0,132,283
07/09/2015,TIW,WA,ANM,WE,Federal Contract Tower,0,0,26,0,26,0,4,80,6,90,0,4,106,6,116,59,0,59,175
07/10/2015,TIW,WA,ANM,WE,Federal Contract Tower,0,7,39,0,46,0,4,98,2,104,0,11,137,2,150,62,2,64,214
07/11/2015,TIW,WA,ANM,WE,Federal Contract Tower,0,1,43,0,44,0,0,95,1,96,0,1,138,1,140,152,1,153,293
07/12/2015,TIW,WA,ANM,WE,Federal Contract Tower,0,1,17,0,18,0,0,102,0,102,0,1,119,0,120,116,0,116,236
07/13/2015,TIW,WA,ANM,WE,Federal Contract Tower,0,0,38,0,38,0,0,102,5,107,0,0,140,5,145,70,0,70,215
07/14/2015,TIW,WA,ANM,WE,Federal Contract Tower,0,3,31,2,36,0,0,102,0,102,0,3,133,2,138,106,0,106,244
07/15/2015,TIW,WA,ANM,WE,Federal Contract Tower,0,6,56,2,64,0,2,90,2,94,0,8,146,4,158,146,7,153,311
07/16/2015,TIW,WA,ANM,WE,Federal Contract Tower,0,5,14,0,19,0,1,79,2,82,0,6,93,2,101,108,0,108,209
07/17/2015,TIW,WA,ANM,WE,Federal Contract Tower,0,0,34,0,34,0,4,76,0,80,0,4,110,0,114,28,0,28,142
07/18/2015,TIW,WA,ANM,WE,Federal Contract Tower,0,0,19,0,19,0,0,125,0,125,0,0,144,0,144,134,0,134,278
07/19/2015,TIW,WA,ANM,WE,Federal Contract Tower,0,2,20,0,22,0,0,102,5,107,0,2,122,5,129,16,0,16,145
07/20/2015,TIW,WA,ANM,WE,Federal Contract Tower,0,0,44,0,44,0,1,77,2,80,0,1,121,2,124,178,8,186,310
07/21/2015,TIW,WA,ANM,WE,Federal Contract Tower,0,0,64,0,64,0,0,66,4,70,0,0,130,4,134,118,0,118,252
07/22/2015,TIW,WA,ANM,WE,Federal Contract Tower,0,3,43,0,46,0,2,77,4,83,0,5,120,4,129,141,8,149,278
07/23/2015,TIW,WA,ANM,WE,Federal Contract Tower,2,5,47,0,54,0,2,119,0,121,2,7,166,0,175,149,0,149,324
07/24/2015,TIW,WA,ANM,WE,Federal Contract Tower,0,2,58,0,60,0,4,60,10,74,0,6,118,10,134,94,0,94,228
07/25/2015,TIW,WA,ANM,WE,Federal Contract Tower,0,1,21,0,22,0,0,97,0,97,0,1,118,0,119,142,0,142,261
07/26/2015,TIW,WA,ANM,WE,Federal Contract Tower,0,0,14,0,14,0,1,48,0,49,0,1,62,0,63,123,0,123,186
07/27/2015,TIW,WA,ANM,WE,Federal Contract Tower,0,8,19,0,27,0,0,74,0,74,0,8,93,0,101,146,0,146,247
07/28/2015,TIW,WA,ANM,WE,Federal Contract Tower,0,1,34,0,35,0,0,94,0,94,0,1,128,0,129,171,0,171,300
07/29/2015,TIW,WA,ANM,WE,Federal Contract Tower,0,1,37,0,38,0,0,106,4,110,0,1,143,4,148,118,0,118,266
07/30/2015,TIW,WA,ANM,WE,Federal Contract Tower,0,0,42,0,42,0,0,115,0,115,0,0,157,0,157,103,0,103,260
07/31/2015,TIW,WA,ANM,WE,Federal Contract Tower,0,0,43,0,43,0,0,129,8,137,0,0,172,8,180,112,0,112,292
08/01/2015,TIW,WA,ANM,WE,Federal Contract Tower,0,8,17,0,25,0,0,149,0,149,0,8,166,0,174,57,0,57,231
08/02/2015,TIW,WA,ANM,WE,Federal Contract Tower,0,0,20,0,20,0,0,97,0,97,0,0,117,0,117,128,0,128,245
08/03/2015,TIW,WA,ANM,WE,Federal Contract Tower,0,0,33,0,33,0,0,79,0,79,0,0,112,0,112,81,0,81,193
08/04/2015,TIW,WA,ANM,WE,Federal Contract Tower,0,3,40,0,43,0,3,72,0,75,0,6,112,0,118,122,0,122,240
08/05/2015,TIW,WA,ANM,WE,Federal Contract Tower,0,2,50,0,52,0,0,86,0,86,0,2,136,0,138,88,0,88,226
08/06/2015,TIW,WA,ANM,WE,Federal Contract Tower,0,0,50,0,50,0,0,127,0,127,0,0,177,0,177,112,0,112,289
08/07/2015,TIW,WA,ANM,WE,Federal Contract Tower,0,0,27,0,27,0,3,144,2,149,0,3,171,2,176,149,0,149,325
08/08/2015,TIW,WA,ANM,WE,Federal Contract Tower,0,0,27,1,28,0,0,64,4,68,0,0,91,5,96,28,0,28,124
08/09/2015,TIW,WA,ANM,WE,Federal Contract Tower,0,1,34,0,35,0,0,116,0,116,0,1,150,0,151,156,0,156,307
08/10/2015,TIW,WA,ANM,WE,Federal Contract Tower,0,0,37,0,37,0,0,102,0,102,0,0,139,0,139,124,0,124,263
08/11/2015,TIW,WA,ANM,WE,Federal Contract Tower,0,2,46,0,48,0,0,91,0,91,0,2,137,0,139,129,0,129,268
08/12/2015,TIW,WA,ANM,WE,Federal Contract Tower,0,0,36,0,36,0,2,90,2,94,0,2,126,2,130,52,0,52,182
08/13/2015,TIW,WA,ANM,WE,Federal Contract Tower,0,0,34,0,34,0,0,107,0,107,0,0,141,0,141,143,0,143,284
08/14/2015,TIW,WA,ANM,WE,Federal Contract Tower,0,0,22,0,22,0,0,14,0,14,0,0,36,0,36,4,0,4,40
08/15/2015,TIW,WA,ANM,WE,Federal Contract Tower,0,0,41,0,41,0,1,124,0,125,0,1,165,0,166,140,0,140,306
08/16/2015,TIW,WA,ANM,WE,Federal Contract Tower,0,0,46,0,46,0,0,102,0,102,0,0,148,0,148,97,0,97,245
08/17/2015,TIW,WA,ANM,WE,Federal Contract Tower,0,0,28,0,28,0,1,102,0,103,0,1,130,0,131,130,0,130,261
08/18/2015,TIW,WA,ANM,WE,Federal Contract Tower,0,0,41,0,41,0,0,108,2,110,0,0,149,2,151,108,0,108,259
08/19/2015,TIW,WA,ANM,WE,Federal Contract Tower,0,2,28,0,30,0,0,84,4,88,0,2,112,4,118,93,0,93,211
08/20/2015,TIW,WA,ANM,WE,Federal Contract Tower,0,2,16,0,18,0,0,69,10,79,0,2,85,10,97,64,0,64,161
08/21/2015,TIW,WA,ANM,WE,Federal Contract Tower,0,0,26,0,26,0,0,78,0,78,0,0,104,0,104,120,0,120,224
08/22/2015,TIW,WA,ANM,WE,Federal Contract Tower,0,0,40,0,40,0,1,138,0,139,0,1,178,0,179,135,0,135,314
08/23/2015,TIW,WA,ANM,WE,Federal Contract Tower,0,0,32,0,32,0,0,46,0,46,0,0,78,0,78,34,0,34,112
08/24/2015,TIW,WA,ANM,WE,Federal Contract Tower,0,0,41,0,41,0,0,95,0,95,0,0,136,0,136,186,0,186,322
08/25/2015,TIW,WA,ANM,WE,Federal Contract Tower,0,0,35,0,35,0,0,98,0,98,0,0,133,0,133,239,0,239,372
08/26/2015,TIW,WA,ANM,WE,Federal Contract Tower,0,0,41,0,41,0,0,99,0,99,0,0,140,0,140,132,0,132,272
08/27/2015,TIW,WA,ANM,WE,Federal Contract Tower,0,1,39,0,40,0,0,128,0,128,0,1,167,0,168,138,0,138,306
08/28/2015,TIW,WA,ANM,WE,Federal Contract Tower,0,0,31,0,31,0,0,62,0,62,0,0,93,0,93,98,0,98,191
08/29/2015,TIW,WA,ANM,WE,Federal Contract Tower,0,0,1,0,1,0,0,8,2,10,0,0,9,2,11,2,0,2,13
08/30/2015,TIW,WA,ANM,WE,Federal Contract Tower,0,0,10,0,10,0,0,31,0,31,0,0,41,0,41,43,0,43,84
08/31/2015,TIW,WA,ANM,WE,Federal Contract Tower,0,0,20,0,20,0,0,27,2,29,0,0,47,2,49,46,0,46,95
09/01/2015,TIW,WA,ANM,WE,Federal Contract Tower,0,0,41,0,41,0,0,33,0,33,0,0,74,0,74,96,0,96,170
09/02/2015,TIW,WA,ANM,WE,Federal Contract Tower,0,0,25,0,25,0,0,75,0,75,0,0,100,0,100,47,0,47,147
09/03/2015,TIW,WA,ANM,WE,Federal Contract Tower,0,2,37,0,39,0,0,62,2,64,0,2,99,2,103,98,0,98,201
09/04/2015,TIW,WA,ANM,WE,Federal Contract Tower,0,0,47,0,47,0,1,98,0,99,0,1,145,0,146,176,0,176,322
09/05/2015,TIW,WA,ANM,WE,Federal Contract Tower,0,0,56,0,56,0,0,100,9,109,0,0,156,9,165,104,0,104,269
09/06/2015,TIW,WA,ANM,WE,Federal Contract Tower,0,0,33,0,33,0,0,51,0,51,0,0,84,0,84,78,0,78,162
09/07/2015,TIW,WA,ANM,WE,Federal Contract Tower,0,0,40,0,40,0,0,91,0,91,0,0,131,0,131,175,0,175,306
09/08/2015,TIW,WA,ANM,WE,Federal Contract Tower,0,0,33,0,33,0,0,75,0,75,0,0,108,0,108,178,0,178,286
09/09/2015,TIW,WA,ANM,WE,Federal Contract Tower,0,0,42,0,42,0,0,110,2,112,0,0,152,2,154,159,0,159,313
09/10/2015,TIW,WA,ANM,WE,Federal Contract Tower,0,0,37,0,37,0,0,108,0,108,0,0,145,0,145,123,0,123,268
09/11/2015,TIW,WA,ANM,WE,Federal Contract Tower,0,1,26,0,27,0,0,112,0,112,0,1,138,0,139,65,0,65,204
09/12/2015,TIW,WA,ANM,WE,Federal Contract Tower,0,3,37,1,41,0,0,144,0,144,0,3,181,1,185,254,0,254,439
09/13/2015,TIW,WA,ANM,WE,Federal Contract Tower,0,2,29,0,31,0,0,67,1,68,0,2,96,1,99,125,0,125,224
09/14/2015,TIW,WA,ANM,WE,Federal Contract Tower,0,1,39,0,40,0,0,72,0,72,0,1,111,0,112,210,0,210,322
09/15/2015,TIW,WA,ANM,WE,Federal Contract Tower,0,2,27,2,31,0,0,89,0,89,0,2,116,2,120,144,0,144,264
09/16/2015,TIW,WA,ANM,WE,Federal Contract Tower,0,0,28,2,30,0,2,97,8,107,0,2,125,10,137,99,0,99,236
09/17/2015,TIW,WA,ANM,WE,Federal Contract Tower,0,0,44,0,44,0,0,41,0,41,0,0,85,0,85,87,0,87,172
09/18/2015,TIW,WA,ANM,WE,Federal Contract Tower,0,0,53,0,53,0,0,120,0,120,0,0,173,0,173,141,0,141,314
09/19/2015,TIW,WA,ANM,WE,Federal Contract Tower,0,0,17,0,17,0,0,87,4,91,0,0,104,4,108,162,0,162,270
09/20/2015,TIW,WA,ANM,WE,Federal Contract Tower,0,0,29,0,29,0,0,58,0,58,0,0,87,0,87,98,0,98,185
09/21/2015,TIW,WA,ANM,WE,Federal Contract Tower,0,0,38,4,42,0,0,101,0,101,0,0,139,4,143,126,0,126,269
09/22/2015,TIW,WA,ANM,WE,Federal Contract Tower,0,2,56,0,58,0,1,117,4,122,0,3,173,4,180,116,0,116,296
09/23/2015,TIW,WA,ANM,WE,Federal Contract Tower,0,0,45,0,45,0,0,123,2,125,0,0,168,2,170,187,0,187,357
09/24/2015,TIW,WA,ANM,WE,Federal Contract Tower,0,0,42,2,44,0,0,114,0,114,0,0,156,2,158,147,0,147,305
09/25/2015,TIW,WA,ANM,WE,Federal Contract Tower,0,0,43,0,43,0,4,27,0,31,0,4,70,0,74,92,0,92,166
09/26/2015,TIW,WA,ANM,WE,Federal Contract Tower,0,1,30,0,31,0,0,120,0,120,0,1,150,0,151,238,0,238,389
09/27/2015,TIW,WA,ANM,WE,Federal Contract Tower,0,4,8,4,16,0,0,103,0,103,0,4,111,4,119,95,0,95,214
09/28/2015,TIW,WA,ANM,WE,Federal Contract Tower,0,0,26,0,26,0,0,85,0,85,0,0,111,0,111,102,0,102,213
09/29/2015,TIW,WA,ANM,WE,Federal Contract Tower,0,0,28,0,28,0,0,120,0,120,0,0,148,0,148,211,0,211,359
09/30/2015,TIW,WA,ANM,WE,Federal Contract Tower,0,0,23,0,23,0,2,92,0,94,0,2,115,0,117,65,0,65,182
10/01/2015,TIW,WA,ANM,WE,Federal Contract Tower,0,3,36,0,39,0,0,77,0,77,0,3,113,0,116,114,0,114,230
10/02/2015,TIW,WA,ANM,WE,Federal Contract Tower,0,11,27,0,38,0,0,44,0,44,0,11,71,0,82,81,0,81,163
10/03/2015,TIW,WA,ANM,WE,Federal Contract Tower,0,0,35,0,35,0,2,141,0,143,0,2,176,0,178,134,0,134,312
10/04/2015,TIW,WA,ANM,WE,Federal Contract Tower,0,0,26,0,26,0,0,131,0,131,0,0,157,0,157,72,0,72,229
10/05/2015,TIW,WA,ANM,WE,Federal Contract Tower,0,0,34,0,34,0,0,111,0,111,0,0,145,0,145,99,0,99,244
10/06/2015,TIW,WA,ANM,WE,Federal Contract Tower,0,0,19,0,19,0,1,73,2,76,0,1,92,2,95,162,0,162,257
10/07/2015,TIW,WA,ANM,WE,Federal Contract Tower,0,0,20,0,20,0,0,2,0,2,0,0,22,0,22,0,0,0,22
10/08/2015,TIW,WA,ANM,WE,Federal Contract Tower,0,0,15,0,15,0,0,27,0,27,0,0,42,0,42,48,0,48,90
10/09/2015,TIW,WA,ANM,WE,Federal Contract Tower,0,3,36,0,39,0,2,38,0,40,0,5,74,0,79,113,0,113,192
10/10/2015,TIW,WA,ANM,WE,Federal Contract Tower,0,0,2,0,2,0,0,2,0,2,0,0,4,0,4,0,0,0,4
10/11/2015,TIW,WA,ANM,WE,Federal Contract Tower,0,5,27,0,32,0,2,100,0,102,0,7,127,0,134,122,0,122,256
10/12/2015,TIW,WA,ANM,WE,Federal Contract Tower,0,2,42,0,44,0,0,71,0,71,0,2,113,0,115,176,0,176,291
10/13/2015,TIW,WA,ANM,WE,Federal Contract Tower,0,0,53,0,53,0,0,47,0,47,0,0,100,0,100,81,0,81,181
10/14/2015,TIW,WA,ANM,WE,Federal Contract Tower,0,4,60,0,64,0,0,71,0,71,0,4,131,0,135,54,0,54,189
10/15/2015,TIW,WA,ANM,WE,Federal Contract Tower,0,2,52,0,54,0,0,109,0,109,0,2,161,0,163,169,0,169,332
10/16/2015,TIW,WA,ANM,WE,Federal Contract Tower,0,3,39,2,44,0,0,176,0,176,0,3,215,2,220,189,0,189,409
10/17/2015,TIW,WA,ANM,WE,Federal Contract Tower,0,0,59,0,59,0,0,78,0,78,0,0,137,0,137,78,0,78,215
10/18/2015,TIW,WA,ANM,WE,Federal Contract Tower,0,2,37,0,39,0,0,0,0,0,0,2,37,0,39,0,0,0,39
10/19/2015,TIW,WA,ANM,WE,Federal Contract Tower,0,4,28,2,34,0,0,35,0,35,0,4,63,2,69,91,0,91,160
10/20/2015,TIW,WA,ANM,WE,Federal Contract Tower,0,14,39,0,53,0,0,98,0,98,0,14,137,0,151,158,0,158,309
10/21/2015,TIW,WA,ANM,WE,Federal Contract Tower,0,0,26,0,26,0,0,79,4,83,0,0,105,4,109,116,0,116,225
10/22/2015,TIW,WA,ANM,WE,Federal Contract Tower,0,0,42,0,42,0,0,67,0,67,0,0,109,0,109,91,0,91,200
10/23/2015,TIW,WA,ANM,WE,Federal Contract Tower,0,2,25,0,27,0,2,100,0,102,0,4,125,0,129,126,0,126,255
10/24/2015,TIW,WA,ANM,WE,Federal Contract Tower,0,0,45,0,45,0,0,63,0,63,0,0,108,0,108,116,0,116,224
10/25/2015,TIW,WA,ANM,WE,Federal Contract Tower,0,0,27,0,27,0,0,41,0,41,0,0,68,0,68,136,0,136,204
10/26/2015,TIW,WA,ANM,WE,Federal Contract Tower,0,7,13,0,20,0,2,12,0,14,0,9,25,0,34,82,0,82,116
10/27/2015,TIW,WA,ANM,WE,Federal Contract Tower,0,0,32,0,32,0,0,85,2,87,0,0,117,2,119,204,0,204,323
10/28/2015,TIW,WA,ANM,WE,Federal Contract Tower,0,3,38,0,41,0,3,43,2,48,0,6,81,2,89,94,0,94,183
10/29/2015,TIW,WA,ANM,WE,Federal Contract Tower,0,0,73,0,73,0,0,43,0,43,0,0,116,0,116,69,0,69,185
10/30/2015,TIW,WA,ANM,WE,Federal Contract Tower,0,0,10,0,10,0,0,10,0,10,0,0,20,0,20,5,1,6,26
10/31/2015,TIW,WA,ANM,WE,Federal Contract Tower,0,0,0,0,0,0,0,3,0,3,0,0,3,0,3,10,0,10,13
11/01/2015,TIW,WA,ANM,WE,Federal Contract Tower,0,0,10,0,10,0,0,4,3,7,0,0,14,3,17,0,0,0,17
11/02/2015,TIW,WA,ANM,WE,Federal Contract Tower,0,1,52,0,53,0,0,54,0,54,0,1,106,0,107,165,0,165,272
11/03/2015,TIW,WA,ANM,WE,Federal Contract Tower,0,3,71,0,74,0,2,100,1,103,0,5,171,1,177,126,0,126,303
11/04/2015,TIW,WA,ANM,WE,Federal Contract Tower,0,4,83,0,87,0,0,112,1,113,0,4,195,1,200,157,1,158,358
11/05/2015,TIW,WA,ANM,WE,Federal Contract Tower,0,0,19,0,19,0,2,29,0,31,0,2,48,0,50,0,0,0,50
11/06/2015,TIW,WA,ANM,WE,Federal Contract Tower,0,3,55,0,58,0,0,94,2,96,0,3,149,2,154,135,0,135,289
11/07/2015,TIW,WA,ANM,WE,Federal Contract Tower,0,0,16,0,16,0,0,20,0,20,0,0,36,0,36,96,0,96,132
11/08/2015,TIW,WA,ANM,WE,Federal Contract Tower,0,0,66,0,66,0,2,33,0,35,0,2,99,0,101,86,0,86,187
11/09/2015,TIW,WA,ANM,WE,Federal Contract Tower,0,0,5,0,5,0,0,20,2,22,0,0,25,2,27,150,0,150,177
11/10/2015,TIW,WA,ANM,WE,Federal Contract Tower,0,0,66,0,66,0,1,61,3,65,0,1,127,3,131,178,2,180,311
11/11/2015,TIW,WA,ANM,WE,Federal Contract Tower,0,0,41,0,41,0,1,152,0,153,0,1,193,0,194,96,0,96,290
11/12/2015,TIW,WA,ANM,WE,Federal Contract Tower,0,0,20,0,20,0,0,27,4,31,0,0,47,4,51,29,0,29,80
11/13/2015,TIW,WA,ANM,WE,Federal Contract Tower,0,0,4,0,4,0,0,0,0,0,0,0,4,0,4,0,0,0,4
11/14/2015,TIW,WA,ANM,WE,Federal Contract Tower,0,0,18,0,18,0,0,0,0,0,0,0,18,0,18,0,0,0,18
11/15/2015,TIW,WA,ANM,WE,Federal Contract Tower,0,0,16,0,16,0,0,57,0,57,0,0,73,0,73,132,0,132,205
11/16/2015,TIW,WA,ANM,WE,Federal Contract Tower,0,0,14,4,18,0,0,19,2,21,0,0,33,6,39,162,20,182,221
11/17/2015,TIW,WA,ANM,WE,Federal Contract Tower,0,2,3,0,5,0,0,0,0,0,0,2,3,0,5,0,0,0,5
11/18/2015,TIW,WA,ANM,WE,Federal Contract Tower,0,0,58,2,60,0,2,99,0,101,0,2,157,2,161,195,0,195,356
11/19/2015,TIW,WA,ANM,WE,Federal Contract Tower,0,0,33,0,33,0,0,68,0,68,0,0,101,0,101,73,14,87,188
11/20/2015,TIW,WA,ANM,WE,Federal Contract Tower,0,3,62,0,65,0,0,75,2,77,0,3,137,2,142,99,0,99,241
11/21/2015,TIW,WA,ANM,WE,Federal Contract Tower,0,5,56,0,61,0,2,213,2,217,0,7,269,2,278,166,0,166,444
11/22/2015,TIW,WA,ANM,WE,Federal Contract Tower,0,2,31,0,33,0,6,100,0,106,0,8,131,0,139,123,0,123,262
11/23/2015,TIW,WA,ANM,WE,Federal Contract Tower,0,0,46,0,46,0,0,44,0,44,0,0,90,0,90,30,0,30,120
11/24/2015,TIW,WA,ANM,WE,Federal Contract Tower,0,2,6,0,8,0,2,35,2,39,0,4,41,2,47,64,0,64,111
11/25/2015,TIW,WA,ANM,WE,Federal Contract Tower,0,0,61,0,61,0,6,93,4,103,0,6,154,4,164,85,0,85,249
11/26/2015,TIW,WA,ANM,WE,Federal Contract Tower,0,0,4,0,4,0,0,30,0,30,0,0,34,0,34,36,0,36,70
11/27/2015,TIW,WA,ANM,WE,Federal Contract Tower,0,0,21,0,21,0,2,73,2,77,0,2,94,2,98,135,0,135,233
11/28/2015,TIW,WA,ANM,WE,Federal Contract Tower,0,2,30,0,32,0,0,62,0,62,0,2,92,0,94,126,0,126,220
11/29/2015,TIW,WA,ANM,WE,Federal Contract Tower,0,2,16,0,18,0,0,0,0,0,0,2,16,0,18,0,0,0,18
11/30/2015,TIW,WA,ANM,WE,Federal Contract Tower,0,0,15,0,15,0,0,10,2,12,0,0,25,2,27,38,2,40,67
12/01/2015,TIW,WA,ANM,WE,Federal Contract Tower,0,1,58,0,59,0,0,93,0,93,0,1,151,0,152,121,0,121,273
12/02/2015,TIW,WA,ANM,WE,Federal Contract Tower,0,0,47,0,47,0,2,42,0,44,0,2,89,0,91,58,0,58,149
12/03/2015,TIW,WA,ANM,WE,Federal Contract Tower,0,0,6,0,6,0,0,12,0,12,0,0,18,0,18,36,0,36,54
12/04/2015,TIW,WA,ANM,WE,Federal Contract Tower,0,3,64,0,67,0,0,68,0,68,0,3,132,0,135,125,0,125,260
12/05/2015,TIW,WA,ANM,WE,Federal Contract Tower,0,0,22,0,22,0,0,37,0,37,0,0,59,0,59,126,0,126,185
12/06/2015,TIW,WA,ANM,WE,Federal Contract Tower,0,1,21,0,22,0,1,16,0,17,0,2,37,0,39,52,0,52,91
12/07/2015,TIW,WA,ANM,WE,Federal Contract Tower,0,1,6,0,7,0,0,4,0,4,0,1,10,0,11,26,0,26,37
12/08/2015,TIW,WA,ANM,WE,Federal Contract Tower,0,5,4,0,9,0,0,0,0,0,0,5,4,0,9,0,0,0,9
12/09/2015,TIW,WA,ANM,WE,Federal Contract Tower,0,0,12,0,12,0,0,24,2,26,0,0,36,2,38,44,6,50,88
12/10/2015,TIW,WA,ANM,WE,Federal Contract Tower,0,0,7,0,7,0,0,4,0,4,0,0,11,0,11,1,2,3,14
12/11/2015,TIW,WA,ANM,WE,Federal Contract Tower,0,0,31,2,33,0,0,42,0,42,0,0,73,2,75,82,0,82,157
12/12/2015,TIW,WA,ANM,WE,Federal Contract Tower,0,0,21,0,21,0,0,17,2,19,0,0,38,2,40,67,0,67,107
12/13/2015,TIW,WA,ANM,WE,Federal Contract Tower,0,0,3,0,3,0,0,1,0,1,0,0,4,0,4,0,0,0,4
12/14/2015,TIW,WA,ANM,WE,Federal Contract Tower,0,1,39,0,40,0,0,84,0,84,0,1,123,0,124,131,0,131,255
12/15/2015,TIW,WA,ANM,WE,Federal Contract Tower,0,0,15,0,15,0,0,0,0,0,0,0,15,0,15,0,0,0,15
12/16/2015,TIW,WA,ANM,WE,Federal Contract Tower,0,0,62,0,62,0,0,88,0,88,0,0,150,0,150,125,18,143,293
12/17/2015,TIW,WA,ANM,WE,Federal Contract Tower,0,0,1,0,1,0,0,3,0,3,0,0,4,0,4,18,0,18,22
12/18/2015,TIW,WA,ANM,WE,Federal Contract Tower,0,0,7,0,7,0,0,6,0,6,0,0,13,0,13,31,0,31,44
12/19/2015,TIW,WA,ANM,WE,Federal Contract Tower,0,0,64,0,64,0,1,93,0,94,0,1,157,0,158,118,0,118,276
12/20/2015,TIW,WA,ANM,WE,Federal Contract Tower,0,0,5,0,5,0,0,19,0,19,0,0,24,0,24,16,0,16,40
12/21/2015,TIW,WA,ANM,WE,Federal Contract Tower,0,0,4,0,4,0,0,7,0,7,0,0,11,0,11,19,0,19,30
12/22/2015,TIW,WA,ANM,WE,Federal Contract Tower,0,0,32,0,32,0,0,49,0,49,0,0,81,0,81,65,0,65,146
12/23/2015,TIW,WA,ANM,WE,Federal Contract Tower,0,0,4,0,4,0,0,2,0,2,0,0,6,0,6,0,0,0,6
12/24/2015,TIW,WA,ANM,WE,Federal Contract Tower,0,0,2,0,2,0,0,13,0,13,0,0,15,0,15,23,0,23,38
12/25/2015,TIW,WA,ANM,WE,Federal Contract Tower,0,0,2,0,2,0,0,2,0,2,0,0,4,0,4,4,0,4,8
12/26/2015,TIW,WA,ANM,WE,Federal Contract Tower,0,0,19,0,19,0,2,81,0,83,0,2,100,0,102,77,0,77,179
12/27/2015,TIW,WA,ANM,WE,Federal Contract Tower,0,6,2,0,8,0,0,0,0,0,0,6,2,0,8,0,0,0,8
12/28/2015,TIW,WA,ANM,WE,Federal Contract Tower,0,0,20,0,20,0,0,1,0,1,0,0,21,0,21,0,0,0,21
12/29/2015,TIW,WA,ANM,WE,Federal Contract Tower,0,0,11,0,11,0,0,45,0,45,0,0,56,0,56,73,0,73,129
12/30/2015,TIW,WA,ANM,WE,Federal Contract Tower,0,1,34,0,35,0,0,136,1,137,0,1,170,1,172,112,1,113,285
12/31/2015,TIW,WA,ANM,WE,Federal Contract Tower,0,0,32,0,32,0,0,80,0,80,0,0,112,0,112,46,0,46,158
01/01/2016,TIW,WA,ANM,WE,Federal Contract Tower,0,0,3,0,3,0,0,46,0,46,0,0,49,0,49,58,0,58,107
01/02/2016,TIW,WA,ANM,WE,Federal Contract Tower,0,0,7,0,7,0,2,132,2,136,0,2,139,2,143,99,0,99,242
01/03/2016,TIW,WA,ANM,WE,Federal Contract Tower,0,7,16,0,23,0,0,32,0,32,0,7,48,0,55,12,0,12,67
01/04/2016,TIW,WA,ANM,WE,Federal Contract Tower,0,0,3,0,3,0,0,0,0,0,0,0,3,0,3,0,0,0,3
01/05/2016,TIW,WA,ANM,WE,Federal Contract Tower,0,1,8,0,9,0,0,0,0,0,0,1,8,0,9,0,0,0,9
01/06/2016,TIW,WA,ANM,WE,Federal Contract Tower,0,0,40,4,44,0,0,66,2,68,0,0,106,6,112,81,0,81,193
01/07/2016,TIW,WA,ANM,WE,Federal Contract Tower,0,7,34,0,41,0,0,0,0,0,0,7,34,0,41,0,0,0,41
01/08/2016,TIW,WA,ANM,WE,Federal Contract Tower,0,0,17,0,17,0,0,7,0,7,0,0,24,0,24,0,0,0,24
01/09/2016,TIW,WA,ANM,WE,Federal Contract Tower,0,1,22,0,23,0,0,53,0,53,0,1,75,0,76,91,0,91,167
01/10/2016,TIW,WA,ANM,WE,Federal Contract Tower,0,3,25,0,28,0,0,112,0,112,0,3,137,0,140,84,0,84,224
01/11/2016,TIW,WA,ANM,WE,Federal Contract Tower,0,2,19,0,21,0,0,2,0,2,0,2,21,0,23,3,0,3,26
01/12/2016,TIW,WA,ANM,WE,Federal Contract Tower,0,2,22,0,24,0,0,21,0,21,0,2,43,0,45,35,0,35,80
01/13/2016,TIW,WA,ANM,WE,Federal Contract Tower,0,1,11,0,12,0,0,13,0,13,0,1,24,0,25,12,0,12,37
01/14/2016,TIW,WA,ANM,WE,Federal Contract Tower,0,3,64,2,69,0,0,101,0,101,0,3,165,2,170,91,0,91,261
01/15/2016,TIW,WA,ANM,WE,Federal Contract Tower,0,0,29,0,29,0,0,29,0,29,0,0,58,0,58,15,0,15,73
01/16/2016,TIW,WA,ANM,WE,Federal Contract Tower,0,1,26,0,27,0,0,17,0,17,0,1,43,0,44,47,0,47,91
01/17/2016,TIW,WA,ANM,WE,Federal Contract Tower,0,1,28,0,29,0,0,7,0,7,0,1,35,0,36,5,0,5,41
01/18/2016,TIW,WA,ANM,WE,Federal Contract Tower,0,0,47,2,49,0,2,77,0,79,0,2,124,2,128,33,0,33,161
01/19/2016,TIW,WA,ANM,WE,Federal Contract Tower,0,0,27,0,27,0,0,30,0,30,0,0,57,0,57,53,0,53,110
01/20/2016,TIW,WA,ANM,WE,Federal Contract Tower,0,4,69,0,73,0,0,90,0,90,0,4,159,0,163,0,0,0,163
01/21/2016,TIW,WA,ANM,WE,Federal Contract Tower,0,0,15,0,15,0,0,0,0,0,0,0,15,0,15,0,0,0,15
01/22/2016,TIW,WA,ANM,WE,Federal Contract Tower,0,2,29,0,31,0,0,52,0,52,0,2,81,0,83,72,0,72,155
01/23/2016,TIW,WA,ANM,WE,Federal Contract Tower,0,6,24,0,30,0,0,1,1,2,0,6,25,1,32,18,0,18,50
01/24/2016,TIW,WA,ANM,WE,Federal Contract Tower,0,0,45,0,45,0,0,76,4,80,0,0,121,4,125,122,0,122,247
01/25/2016,TIW,WA,ANM,WE,Federal Contract Tower,0,0,47,0,47,0,2,105,1,108,0,2,152,1,155,97,0,97,252
01/26/2016,TIW,WA,ANM,WE,Federal Contract Tower,0,0,14,0,14,0,0,37,4,41,0,0,51,4,55,39,18,57,112
01/27/2016,TIW,WA,ANM,WE,Federal Contract Tower,0,2,46,1,49,0,0,33,3,36,0,2,79,4,85,16,0,16,101
01/28/2016,TIW,WA,ANM,WE,Federal Contract Tower,0,0,7,0,7,0,0,40,1,41,0,0,47,1,48,27,0,27,75
01/29/2016,TIW,WA,ANM,WE,Federal Contract Tower,0,3,14,0,17,0,1,8,6,15,0,4,22,6,32,5,0,5,37
01/30/2016,TIW,WA,ANM,WE,Federal Contract Tower,0,4,16,0,20,0,0,71,0,71,0,4,87,0,91,112,0,112,203
01/31/2016,TIW,WA,ANM,WE,Federal Contract Tower,0,0,20,0,20,0,2,61,2,65,0,2,81,2,85,82,0,82,167
02/01/2016,TIW,WA,ANM,WE,Federal Contract Tower,0,0,20,2,22,0,4,9,0,13,0,4,29,2,35,4,0,4,39
02/02/2016,TIW,WA,ANM,WE,Federal Contract Tower,0,1,53,0,54,0,0,120,0,120,0,1,173,0,174,87,0,87,261
02/03/2016,TIW,WA,ANM,WE,Federal Contract Tower,0,1,45,0,46,0,1,45,0,46,0,2,90,0,92,52,0,52,144
02/04/2016,TIW,WA,ANM,WE,Federal Contract Tower,0,0,23,0,23,0,0,48,0,48,0,0,71,0,71,66,0,66,137
02/05/2016,TIW,WA,ANM,WE,Federal Contract Tower,0,0,29,0,29,0,0,57,2,59,0,0,86,2,88,48,0,48,136
02/06/2016,TIW,WA,ANM,WE,Federal Contract Tower,0,0,32,0,32,0,0,134,0,134,0,0,166,0,166,136,0,136,302
02/07/2016,TIW,WA,ANM,WE,Federal Contract Tower,0,2,18,0,20,0,0,95,0,95,0,2,113,0,115,76,0,76,191
02/08/2016,TIW,WA,ANM,WE,Federal Contract Tower,0,1,32,0,33,0,3,123,4,130,0,4,155,4,163,69,0,69,232
02/09/2016,TIW,WA,ANM,WE,Federal Contract Tower,0,6,47,0,53,0,0,114,0,114,0,6,161,0,167,68,0,68,235
02/10/2016,TIW,WA,ANM,WE,Federal Contract Tower,0,2,25,2,29,0,2,66,0,68,0,4,91,2,97,154,0,154,251
02/11/2016,TIW,WA,ANM,WE,Federal Contract Tower,0,0,25,0,25,0,0,24,5,29,0,0,49,5,54,11,5,16,70
02/12/2016,TIW,WA,ANM,WE,Federal Contract Tower,0,4,18,0,22,0,0,41,0,41,0,4,59,0,63,35,0,35,98
02/13/2016,TIW,WA,ANM,WE,Federal Contract Tower,0,0,22,0,22,0,0,34,0,34,0,0,56,0,56,31,0,31,87
02/14/2016,TIW,WA,ANM,WE,Federal Contract Tower,0,0,7,0,7,0,0,0,0,0,0,0,7,0,7,0,0,0,7
02/15/2016,TIW,WA,ANM,WE,Federal Contract Tower,0,0,21,0,21,0,0,5,0,5,0,0,26,0,26,6,0,6,32
02/16/2016,TIW,WA,ANM,WE,Federal Contract Tower,0,1,19,0,20,0,0,29,0,29,0,1,48,0,49,10,0,10,59
02/17/2016,TIW,WA,ANM,WE,Federal Contract Tower,0,5,39,0,44,0,4,89,0,93,0,9,128,0,137,127,0,127,264
02/18/2016,TIW,WA,ANM,WE,Federal Contract Tower,0,8,10,0,18,0,1,57,3,61,0,9,67,3,79,91,0,91,170
02/19/2016,TIW,WA,ANM,WE,Federal Contract Tower,0,0,24,0,24,0,1,18,1,20,0,1,42,1,44,23,0,23,67
02/20/2016,TIW,WA,ANM,WE,Federal Contract Tower,0,0,30,0,30,0,0,113,0,113,0,0,143,0,143,87,0,87,230
02/21/2016,TIW,WA,ANM,WE,Federal Contract Tower,0,0,13,0,13,0,2,28,0,30,0,2,41,0,43,27,0,27,70
02/22/2016,TIW,WA,ANM,WE,Federal Contract Tower,0,0,19,0,19,0,0,48,0,48,0,0,67,0,67,57,0,57,124
02/23/2016,TIW,WA,ANM,WE,Federal Contract Tower,0,2,22,0,24,0,2,147,0,149,0,4,169,0,173,100,0,100,273
02/24/2016,TIW,WA,ANM,WE,Federal Contract Tower,0,1,34,4,39,0,0,121,8,129,0,1,155,12,168,115,6,121,289
02/25/2016,TIW,WA,ANM,WE,Federal Contract Tower,0,0,46,0,46,0,0,145,0,145,0,0,191,0,191,205,0,205,396
02/26/2016,TIW,WA,ANM,WE,Federal Contract Tower,0,2,42,0,44,0,0,136,0,136,0,2,178,0,180,136,0,136,316
02/27/2016,TIW,WA,ANM,WE,Federal Contract Tower,0,7,22,0,29,0,0,41,0,41,0,7,63,0,70,35,0,35,105
02/28/2016,TIW,WA,ANM,WE,Federal Contract Tower,0,0,5,0,5,0,0,11,0,11,0,0,16,0,16,0,0,0,16
02/29/2016,TIW,WA,ANM,WE,Federal Contract Tower,0,4,42,0,46,0,0,105,0,105,0,4,147,0,151,86,0,86,237
03/01/2016,TIW,WA,ANM,WE,Federal Contract Tower,0,1,0,2,3,0,0,7,0,7,0,1,7,2,10,3,0,3,13
03/02/2016,TIW,WA,ANM,WE,Federal Contract Tower,0,0,32,0,32,0,0,66,0,66,0,0,98,0,98,99,0,99,197
03/03/2016,TIW,WA,ANM,WE,Federal Contract Tower,0,4,19,0,23,0,1,61,0,62,0,5,80,0,85,17,0,17,102
03/04/2016,TIW,WA,ANM,WE,Federal Contract Tower,0,2,37,0,39,0,0,94,0,94,0,2,131,0,133,61,0,61,194
03/05/2016,TIW,WA,ANM,WE,Federal Contract Tower,0,2,15,0,17,0,0,108,0,108,0,2,123,0,125,103,0,103,228
03/06/2016,TIW,WA,ANM,WE,Federal Contract Tower,0,0,6,0,6,0,0,6,0,6,0,0,12,0,12,6,0,6,18
03/07/2016,TIW,WA,ANM,WE,Federal Contract Tower,0,0,9,0,9,0,0,27,0,27,0,0,36,0,36,26,0,26,62
03/08/2016,TIW,WA,ANM,WE,Federal Contract Tower,0,0,34,2,36,0,0,91,0,91,0,0,125,2,127,75,0,75,202
03/09/2016,TIW,WA,ANM,WE,Federal Contract Tower,0,0,22,0,22,0,0,31,0,31,0,0,53,0,53,26,0,26,79
03/10/2016,TIW,WA,ANM,WE,Federal Contract Tower,0,1,8,0,9,0,0,20,0,20,0,1,28,0,29,1,0,1,30
03/11/2016,TIW,WA,ANM,WE,Federal Contract Tower,0,1,24,0,25,0,0,70,2,72,0,1,94,2,97,69,0,69,166
03/12/2016,TIW,WA,ANM,WE,Federal Contract Tower,0,0,13,0,13,0,0,14,0,14,0,0,27,0,27,0,0,0,27
03/13/2016,TIW,WA,ANM,WE,Federal Contract Tower,0,0,6,0,6,0,0,4,0,4,0,0,10,0,10,0,0,0,10
03/14/2016,TIW,WA,ANM,WE,Federal Contract Tower,0,0,9,0,9,0,0,8,0,8,0,0,17,0,17,52,0,52,69
03/15/2016,TIW,WA,ANM,WE,Federal Contract Tower,0,1,30,0,31,0,0,77,0,77,0,1,107,0,108,157,0,157,265
03/16/2016,TIW,WA,ANM,WE,Federal Contract Tower,0,8,41,2,51,0,4,120,4,128,0,12,161,6,179,131,0,131,310
03/17/2016,TIW,WA,ANM,WE,Federal Contract Tower,0,0,38,0,38,0,0,109,2,111,0,0,147,2,149,74,10,84,233
03/18/2016,TIW,WA,ANM,WE,Federal Contract Tower,0,0,40,0,40,0,0,173,0,173,0,0,213,0,213,111,0,111,324
03/19/2016,TIW,WA,ANM,WE,Federal Contract Tower,0,0,28,0,28,0,0,116,0,116,0,0,144,0,144,126,0,126,270
03/20/2016,TIW,WA,ANM,WE,Federal Contract Tower,0,0,26,0,26,0,0,33,0,33,0,0,59,0,59,22,0,22,81
03/21/2016,TIW,WA,ANM,WE,Federal Contract Tower,0,1,23,0,24,0,0,21,0,21,0,1,44,0,45,17,0,17,62
03/22/2016,TIW,WA,ANM,WE,Federal Contract Tower,0,0,85,2,87,0,0,108,0,108,0,0,193,2,195,171,0,171,366
03/23/2016,TIW,WA,ANM,WE,Federal Contract Tower,0,1,32,0,33,0,0,57,4,61,0,1,89,4,94,34,0,34,128
03/24/2016,TIW,WA,ANM,WE,Federal Contract Tower,0,2,17,0,19,0,0,50,5,55,0,2,67,5,74,35,0,35,109
03/25/2016,TIW,WA,ANM,WE,Federal Contract Tower,0,0,33,0,33,0,2,109,1,112,0,2,142,1,145,206,0,206,351
03/26/2016,TIW,WA,ANM,WE,Federal Contract Tower,0,0,25,0,25,0,0,109,0,109,0,0,134,0,134,159,0,159,293
03/27/2016,TIW,WA,ANM,WE,Federal Contract Tower,0,0,2,0,2,0,0,5,0,5,0,0,7,0,7,0,0,0,7
03/28/2016,TIW,WA,ANM,WE,Federal Contract Tower,0,1,19,0,20,0,0,108,0,108,0,1,127,0,128,109,0,109,237
03/29/2016,TIW,WA,ANM,WE,Federal Contract Tower,0,1,26,2,29,0,0,151,0,151,0,1,177,2,180,150,0,150,330
03/30/2016,TIW,WA,ANM,WE,Federal Contract Tower,0,4,41,0,45,0,0,147,0,147,0,4,188,0,192,157,0,157,349
03/31/2016,TIW,WA,ANM,WE,Federal Contract Tower,0,0,42,0,42,0,0,152,0,152,0,0,194,0,194,165,0,165,359
04/01/2016,TIW,WA,ANM,WE,Federal Contract Tower,0,1,43,2,46,0,0,122,0,122,0,1,165,2,168,69,0,69,237
04/02/2016,TIW,WA,ANM,WE,Federal Contract Tower,0,3,17,0,20,0,0,116,0,116,0,3,133,0,136,112,2,114,250
04/03/2016,TIW,WA,ANM,WE,Federal Contract Tower,0,2,27,0,29,0,0,100,0,100,0,2,127,0,129,76,0,76,205
04/04/2016,TIW,WA,ANM,WE,Federal Contract Tower,0,0,5,0,5,0,0,9,0,9,0,0,14,0,14,27,0,27,41
04/05/2016,TIW,WA,ANM,WE,Federal Contract Tower,0,2,58,0,60,0,0,50,0,50,0,2,108,0,110,133,0,133,243
04/06/2016,TIW,WA,ANM,WE,Federal Contract Tower,0,0,37,0,37,0,0,158,0,158,0,0,195,0,195,225,0,225,420
04/07/2016,TIW,WA,ANM,WE,Federal Contract Tower,0,0,26,0,26,0,0,158,3,161,0,0,184,3,187,195,3,198,385
04/08/2016,TIW,WA,ANM,WE,Federal Contract Tower,0,0,35,0,35,0,0,148,2,150,0,0,183,2,185,207,1,208,393
04/09/2016,TIW,WA,ANM,WE,Federal Contract Tower,0,0,24,2,26,0,0,86,0,86,0,0,110,2,112,96,0,96,208
04/10/2016,TIW,WA,ANM,WE,Federal Contract Tower,0,0,15,0,15,0,0,73,0,73,0,0,88,0,88,113,0,113,201
04/11/2016,TIW,WA,ANM,WE,Federal Contract Tower,0,1,21,0,22,0,0,61,0,61,0,1,82,0,83,102,0,102,185
04/12/2016,TIW,WA,ANM,WE,Federal Contract Tower,0,0,56,0,56,0,0,42,0,42,0,0,98,0,98,88,0,88,186
04/13/2016,TIW,WA,ANM,WE,Federal Contract Tower,0,0,39,0,39,0,0,61,2,63,0,0,100,2,102,128,16,144,246
04/14/2016,TIW,WA,ANM,WE,Federal Contract Tower,0,1,10,2,13,0,0,44,0,44,0,1,54,2,57,78,0,78,135
04/15/2016,TIW,WA,ANM,WE,Federal Contract Tower,0,1,33,2,36,0,0,76,0,76,0,1,109,2,112,185,0,185,297
04/16/2016,TIW,WA,ANM,WE,Federal Contract Tower,0,0,24,0,24,0,0,154,0,154,0,0,178,0,178,151,0,151,329
04/17/2016,TIW,WA,ANM,WE,Federal Contract Tower,0,0,27,0,27,0,0,115,0,115,0,0,142,0,142,117,0,117,259
04/18/2016,TIW,WA,ANM,WE,Federal Contract Tower,0,0,23,0,23,0,0,108,0,108,0,0,131,0,131,102,0,102,233
04/19/2016,TIW,WA,ANM,WE,Federal Contract Tower,0,2,39,4,45,0,0,117,0,117,0,2,156,4,162,217,0,217,379
04/20/2016,TIW,WA,ANM,WE,Federal Contract Tower,0,1,23,0,24,0,0,128,0,128,0,1,151,0,152,160,0,160,312
04/21/2016,TIW,WA,ANM,WE,Federal Contract Tower,0,6,39,0,45,0,0,106,2,108,0,6,145,2,153,66,0,66,219
04/22/2016,TIW,WA,ANM,WE,Federal Contract Tower,0,0,30,0,30,0,0,43,0,43,0,0,73,0,73,65,0,65,138
04/23/2016,TIW,WA,ANM,WE,Federal Contract Tower,0,0,45,0,45,0,0,54,0,54,0,0,99,0,99,58,0,58,157
04/24/2016,TIW,WA,ANM,WE,Federal Contract Tower,0,0,10,0,10,0,0,20,0,20,0,0,30,0,30,30,0,30,60
04/25/2016,TIW,WA,ANM,WE,Federal Contract Tower,0,0,14,0,14,0,0,56,1,57,0,0,70,1,71,109,0,109,180
04/26/2016,TIW,WA,ANM,WE,Federal Contract Tower,0,0,58,0,58,0,0,101,2,103,0,0,159,2,161,134,0,134,295
04/27/2016,TIW,WA,ANM,WE,Federal Contract Tower,0,0,34,0,34,0,2,82,2,86,0,2,116,2,120,101,0,101,221
04/28/2016,TIW,WA,ANM,WE,Federal Contract Tower,0,0,52,2,54,0,0,94,0,94,0,0,146,2,148,133,0,133,281
04/29/2016,TIW,WA,ANM,WE,Federal Contract Tower,0,0,36,0,36,0,0,48,0,48,0,0,84,0,84,63,0,63,147
04/30/2016,TIW,WA,ANM,WE,Federal Contract Tower,0,0,20,0,20,0,0,115,0,115,0,0,135,0,135,61,0,61,196
05/01/2016,TIW,WA,ANM,WE,Federal Contract Tower,0,0,23,0,23,0,0,122,0,122,0,0,145,0,145,79,0,79,224
05/02/2016,TIW,WA,ANM,WE,Federal Contract Tower,0,2,39,1,42,0,0,105,2,107,0,2,144,3,149,221,0,221,370
05/03/2016,TIW,WA,ANM,WE,Federal Contract Tower,0,1,32,0,33,0,0,69,0,69,0,1,101,0,102,96,0,96,198
05/04/2016,TIW,WA,ANM,WE,Federal Contract Tower,0,0,46,0,46,0,0,64,0,64,0,0,110,0,110,86,0,86,196
05/05/2016,TIW,WA,ANM,WE,Federal Contract Tower,0,0,26,0,26,0,1,96,5,102,0,1,122,5,128,119,0,119,247
05/06/2016,TIW,WA,ANM,WE,Federal Contract Tower,0,0,35,0,35,0,0,106,0,106,0,0,141,0,141,166,0,166,307
05/07/2016,TIW,WA,ANM,WE,Federal Contract Tower,0,1,32,0,33,0,0,107,0,107,0,1,139,0,140,52,0,52,192
05/08/2016,TIW,WA,ANM,WE,Federal Contract Tower,0,0,23,0,23,0,0,18,0,18,0,0,41,0,41,4,0,4,45
05/09/2016,TIW,WA,ANM,WE,Federal Contract Tower,0,0,32,4,36,0,0,105,0,105,0,0,137,4,141,113,0,113,254
05/10/2016,TIW,WA,ANM,WE,Federal Contract Tower,0,0,33,0,33,0,0,153,0,153,0,0,186,0,186,182,0,182,368
05/11/2016,TIW,WA,ANM,WE,Federal Contract Tower,0,0,28,0,28,0,0,177,0,177,0,0,205,0,205,112,0,112,317
05/12/2016,TIW,WA,ANM,WE,Federal Contract Tower,0,0,55,0,55,0,0,130,0,130,0,0,185,0,185,131,0,131,316
05/13/2016,TIW,WA,ANM,WE,Federal Contract Tower,0,0,36,0,36,0,0,160,0,160,0,0,196,0,196,105,0,105,301
05/14/2016,TIW,WA,ANM,WE,Federal Contract Tower,0,0,21,0,21,0,0,28,0,28,0,0,49,0,49,37,0,37,86
05/15/2016,TIW,WA,ANM,WE,Federal Contract Tower,0,0,19,0,19,0,0,9,0,9,0,0,28,0,28,1,0,1,29
05/16/2016,TIW,WA,ANM,WE,Federal Contract Tower,0,0,16,0,16,0,0,27,0,27,0,0,43,0,43,44,0,44,87
05/17/2016,TIW,WA,ANM,WE,Federal Contract Tower,0,2,47,0,49,0,4,97,0,101,0,6,144,0,150,147,0,147,297
05/18/2016,TIW,WA,ANM,WE,Federal Contract Tower,0,0,19,0,19,0,3,76,0,79,0,3,95,0,98,145,0,145,243
05/19/2016,TIW,WA,ANM,WE,Federal Contract Tower,0,0,19,0,19,0,0,62,2,64,0,0,81,2,83,88,0,88,171
05/20/2016,TIW,WA,ANM,WE,Federal Contract Tower,0,6,56,2,64,0,0,89,0,89,0,6,145,2,153,111,0,111,264
05/21/2016,TIW,WA,ANM,WE,Federal Contract Tower,0,5,27,0,32,0,0,10,0,10,0,5,37,0,42,8,0,8,50
05/22/2016,TIW,WA,ANM,WE,Federal Contract Tower,0,0,34,2,36,0,4,36,0,40,0,4,70,2,76,23,0,23,99
05/23/2016,TIW,WA,ANM,WE,Federal Contract Tower,0,1,35,0,36,0,0,91,0,91,0,1,126,0,127,195,0,195,322
05/24/2016,TIW,WA,ANM,WE,Federal Contract Tower,0,2,38,2,42,0,0,30,0,30,0,2,68,2,72,47,0,47,119
05/25/2016,TIW,WA,ANM,WE,Federal Contract Tower,0,1,37,0,38,0,2,87,0,89,0,3,124,0,127,127,0,127,254
05/26/2016,TIW,WA,ANM,WE,Federal Contract Tower,0,2,46,0,48,0,0,68,0,68,0,2,114,0,116,101,0,101,217
05/27/2016,TIW,WA,ANM,WE,Federal Contract Tower,0,1,55,0,56,0,0,84,0,84,0,1,139,0,140,112,0,112,252
05/28/2016,TIW,WA,ANM,WE,Federal Contract Tower,0,0,34,0,34,0,0,31,0,31,0,0,65,0,65,65,0,65,130
05/29/2016,TIW,WA,ANM,WE,Federal Contract Tower,0,0,13,0,13,0,0,29,0,29,0,0,42,0,42,35,0,35,77
05/30/2016,TIW,WA,ANM,WE,Federal Contract Tower,0,1,18,0,19,0,0,139,0,139,0,1,157,0,158,42,0,42,200
05/31/2016,TIW,WA,ANM,WE,Federal Contract Tower,0,0,35,0,35,0,0,130,0,130,0,0,165,0,165,107,0,107,272
06/01/2016,TIW,WA,ANM,WE,Federal Contract Tower,0,1,35,0,36,0,0,115,0,115,0,1,150,0,151,144,0,144,295
06/02/2016,TIW,WA,ANM,WE,Federal Contract Tower,0,0,45,0,45,0,0,70,0,70,0,0,115,0,115,106,0,106,221
06/03/2016,TIW,WA,ANM,WE,Federal Contract Tower,0,0,48,0,48,0,0,101,0,101,0,0,149,0,149,143,0,143,292
06/04/2016,TIW,WA,ANM,WE,Federal Contract Tower,0,0,30,0,30,0,0,106,0,106,0,0,136,0,136,110,0,110,246
06/05/2016,TIW,WA,ANM,WE,Federal Contract Tower,0,0,22,0,22,0,0,118,0,118,0,0,140,0,140,100,0,100,240
06/06/2016,TIW,WA,ANM,WE,Federal Contract Tower,0,0,25,0,25,0,0,101,0,101,0,0,126,0,126,143,0,143,269
06/07/2016,TIW,WA,ANM,WE,Federal Contract Tower,0,0,42,0,42,0,2,102,2,106,0,2,144,2,148,88,0,88,236
06/08/2016,TIW,WA,ANM,WE,Federal Contract Tower,0,2,28,0,30,0,0,86,10,96,0,2,114,10,126,66,0,66,192
06/09/2016,TIW,WA,ANM,WE,Federal Contract Tower,0,6,42,0,48,0,1,104,0,105,0,7,146,0,153,211,0,211,364
06/10/2016,TIW,WA,ANM,WE,Federal Contract Tower,0,1,20,0,21,0,0,57,0,57,0,1,77,0,78,167,0,167,245
06/11/2016,TIW,WA,ANM,WE,Federal Contract Tower,0,2,22,0,24,0,0,61,0,61,0,2,83,0,85,102,0,102,187
06/12/2016,TIW,WA,ANM,WE,Federal Contract Tower,0,0,21,0,21,0,0,84,1,85,0,0,105,1,106,156,1,157,263
06/13/2016,TIW,WA,ANM,WE,Federal Contract Tower,0,3,24,0,27,0,3,40,1,44,0,6,64,1,71,67,0,67,138
06/14/2016,TIW,WA,ANM,WE,Federal Contract Tower,0,0,15,0,15,0,0,25,3,28,0,0,40,3,43,58,0,58,101
06/15/2016,TIW,WA,ANM,WE,Federal Contract Tower,0,1,42,0,43,0,0,145,1,146,0,1,187,1,189,167,0,167,356
06/16/2016,TIW,WA,ANM,WE,Federal Contract Tower,0,1,42,0,43,0,0,148,0,148,0,1,190,0,191,168,0,168,359
06/17/2016,TIW,WA,ANM,WE,Federal Contract Tower,0,8,47,0,55,0,0,75,1,76,0,8,122,1,131,102,0,102,233
06/18/2016,TIW,WA,ANM,WE,Federal Contract Tower,0,1,32,0,33,0,0,8,0,8,0,1,40,0,41,13,0,13,54
06/19/2016,TIW,WA,ANM,WE,Federal Contract Tower,0,2,24,0,26,0,0,140,0,140,0,2,164,0,166,133,0,133,299
06/20/2016,TIW,WA,ANM,WE,Federal Contract Tower,0,2,27,0,29,0,0,117,0,117,0,2,144,0,146,143,0,143,289
06/21/2016,TIW,WA,ANM,WE,Federal Contract Tower,0,0,46,0,46,0,0,101,0,101,0,0,147,0,147,105,0,105,252
06/22/2016,TIW,WA,ANM,WE,Federal Contract Tower,0,0,73,0,73,0,0,178,0,178,0,0,251,0,251,183,0,183,434
06/23/2016,TIW,WA,ANM,WE,Federal Contract Tower,0,15,49,0,64,0,0,26,10,36,0,15,75,10,100,34,0,34,134
06/24/2016,TIW,WA,ANM,WE,Federal Contract Tower,0,0,21,0,21,0,0,18,0,18,0,0,39,0,39,11,0,11,50
06/25/2016,TIW,WA,ANM,WE,Federal Contract Tower,0,0,14,0,14,0,0,88,1,89,0,0,102,1,103,110,0,110,213
06/26/2016,TIW,WA,ANM,WE,Federal Contract Tower,0,1,21,3,25,0,0,110,0,110,0,1,131,3,135,106,5,111,246
06/27/2016,TIW,WA,ANM,WE,Federal Contract Tower,0,10,34,0,44,0,0,85,0,85,0,10,119,0,129,130,0,130,259
06/28/2016,TIW,WA,ANM,WE,Federal Contract Tower,0,0,30,0,30,0,2,92,2,96,0,2,122,2,126,135,0,135,261
06/29/2016,TIW,WA,ANM,WE,Federal Contract Tower,0,1,24,0,25,0,0,58,0,58,0,1,82,0,83,122,0,122,205
06/30/2016,TIW,WA,ANM,WE,Federal Contract Tower,0,4,38,0,42,0,0,90,0,90,0,4,128,0,132,139,0,139,271
07/01/2016,TIW,WA,ANM,WE,Federal Contract Tower,0,4,34,0,38,0,0,125,2,127,0,4,159,2,165,208,12,220,385
07/02/2016,TIW,WA,ANM,WE,Federal Contract Tower,0,1,16,0,17,0,0,90,0,90,0,1,106,0,107,108,0,108,215
07/03/2016,TIW,WA,ANM,WE,Federal Contract Tower,0,2,10,0,12,0,0,122,1,123,0,2,132,1,135,22,0,22,157
07/04/2016,TIW,WA,ANM,WE,Federal Contract Tower,0,1,19,0,20,0,1,58,8,67,0,2,77,8,87,19,2,21,108
07/05/2016,TIW,WA,ANM,WE,Federal Contract Tower,0,0,55,2,57,0,0,54,3,57,0,0,109,5,114,116,0,116,230
07/06/2016,TIW,WA,ANM,WE,Federal Contract Tower,0,1,39,0,40,0,1,101,0,102,0,2,140,0,142,140,0,140,282
07/07/2016,TIW,WA,ANM,WE,Federal Contract Tower,0,2,40,0,42,0,0,73,0,73,0,2,113,0,115,144,0,144,259
07/08/2016,TIW,WA,ANM,WE,Federal Contract Tower,0,0,19,0,19,0,0,59,0,59,0,0,78,0,78,90,0,90,168
07/09/2016,TIW,WA,ANM,WE,Federal Contract Tower,0,2,32,0,34,0,0,88,0,88,0,2,120,0,122,57,0,57,179
07/10/2016,TIW,WA,ANM,WE,Federal Contract Tower,0,1,36,0,37,0,0,85,0,85,0,1,121,0,122,191,0,191,313
07/11/2016,TIW,WA,ANM,WE,Federal Contract Tower,0,0,32,0,32,0,0,104,0,104,0,0,136,0,136,165,0,165,301
07/12/2016,TIW,WA,ANM,WE,Federal Contract Tower,0,0,32,0,32,0,78,6,0,84,0,78,38,0,116,161,0,161,277
07/13/2016,TIW,WA,ANM,WE,Federal Contract Tower,0,12,27,0,39,0,0,143,0,143,0,12,170,0,182,218,0,218,400
07/14/2016,TIW,WA,ANM,WE,Federal Contract Tower,0,0,48,1,49,0,0,164,1,165,0,0,212,2,214,216,0,216,430
07/15/2016,TIW,WA,ANM,WE,Federal Contract Tower,0,2,21,0,23,0,0,115,0,115,0,2,136,0,138,132,0,132,270
07/16/2016,TIW,WA,ANM,WE,Federal Contract Tower,0,0,39,0,39,0,0,91,0,91,0,0,130,0,130,53,0,53,183
07/17/2016,TIW,WA,ANM,WE,Federal Contract Tower,0,0,21,0,21,0,0,83,0,83,0,0,104,0,104,76,0,76,180
07/18/2016,TIW,WA,ANM,WE,Federal Contract Tower,0,0,25,2,27,0,0,72,1,73,0,0,97,3,100,88,0,88,188
07/19/2016,TIW,WA,ANM,WE,Federal Contract Tower,0,2,42,0,44,0,0,113,0,113,0,2,155,0,157,155,0,155,312
07/20/2016,TIW,WA,ANM,WE,Federal Contract Tower,0,1,29,0,30,0,0,127,0,127,0,1,156,0,157,152,0,152,309
07/21/2016,TIW,WA,ANM,WE,Federal Contract Tower,0,0,24,0,24,0,2,109,1,112,0,2,133,1,136,97,0,97,233
07/22/2016,TIW,WA,ANM,WE,Federal Contract Tower,0,0,25,0,25,0,0,37,0,37,0,0,62,0,62,61,0,61,123
07/23/2016,TIW,WA,ANM,WE,Federal Contract Tower,0,0,22,0,22,0,0,93,0,93,0,0,115,0,115,68,0,68,183
07/24/2016,TIW,WA,ANM,WE,Federal Contract Tower,0,2,20,0,22,0,1,146,0,147,0,3,166,0,169,153,0,153,322
07/25/2016,TIW,WA,ANM,WE,Federal Contract Tower,0,1,33,0,34,0,0,116,0,116,0,1,149,0,150,157,0,157,307
07/26/2016,TIW,WA,ANM,WE,Federal Contract Tower,0,0,40,0,40,0,0,104,6,110,0,0,144,6,150,117,0,117,267
07/27/2016,TIW,WA,ANM,WE,Federal Contract Tower,0,0,33,0,33,0,0,122,11,133,0,0,155,11,166,112,0,112,278
07/28/2016,TIW,WA,ANM,WE,Federal Contract Tower,0,0,13,0,13,0,0,164,0,164,0,0,177,0,177,135,0,135,312
07/29/2016,TIW,WA,ANM,WE,Federal Contract Tower,0,1,39,0,40,0,0,108,1,109,0,1,147,1,149,83,0,83,232
07/30/2016,TIW,WA,ANM,WE,Federal Contract Tower,0,2,28,0,30,0,0,71,0,71,0,2,99,0,101,52,0,52,153
07/31/2016,TIW,WA,ANM,WE,Federal Contract Tower,0,1,42,0,43,0,0,106,2,108,0,1,148,2,151,66,0,66,217
08/01/2016,TIW,WA,ANM,WE,Federal Contract Tower,0,2,30,0,32,0,0,107,0,107,0,2,137,0,139,102,0,102,241
08/02/2016,TIW,WA,ANM,WE,Federal Contract Tower,0,0,20,0,20,0,0,74,8,82,0,0,94,8,102,93,0,93,195
08/03/2016,TIW,WA,ANM,WE,Federal Contract Tower,0,3,33,0,36,0,4,122,0,126,0,7,155,0,162,177,0,177,339
08/04/2016,TIW,WA,ANM,WE,Federal Contract Tower,0,5,21,0,26,0,0,139,0,139,0,5,160,0,165,161,0,161,326
08/05/2016,TIW,WA,ANM,WE,Federal Contract Tower,0,0,41,0,41,0,0,108,0,108,0,0,149,0,149,57,0,57,206
08/06/2016,TIW,WA,ANM,WE,Federal Contract Tower,0,2,31,0,33,0,0,96,0,96,0,2,127,0,129,180,0,180,309
08/07/2016,TIW,WA,ANM,WE,Federal Contract Tower,0,0,15,0,15,0,0,8,0,8,0,0,23,0,23,20,0,20,43
08/08/2016,TIW,WA,ANM,WE,Federal Contract Tower,0,4,16,0,20,0,0,49,0,49,0,4,65,0,69,49,0,49,118
08/09/2016,TIW,WA,ANM,WE,Federal Contract Tower,0,0,18,0,18,0,0,55,0,55,0,0,73,0,73,121,0,121,194
08/10/2016,TIW,WA,ANM,WE,Federal Contract Tower,0,0,29,0,29,0,0,95,0,95,0,0,124,0,124,140,0,140,264
08/11/2016,TIW,WA,ANM,WE,Federal Contract Tower,0,0,39,0,39,0,2,142,0,144,0,2,181,0,183,136,0,136,319
08/12/2016,TIW,WA,ANM,WE,Federal Contract Tower,0,2,32,0,34,0,1,161,0,162,0,3,193,0,196,87,0,87,283
08/13/2016,TIW,WA,ANM,WE,Federal Contract Tower,0,0,14,0,14,0,0,163,0,163,0,0,177,0,177,132,0,132,309
08/14/2016,TIW,WA,ANM,WE,Federal Contract Tower,0,0,14,0,14,0,0,138,0,138,0,0,152,0,152,82,0,82,234
08/15/2016,TIW,WA,ANM,WE,Federal Contract Tower,0,0,44,0,44,0,0,112,10,122,0,0,156,10,166,98,0,98,264
08/16/2016,TIW,WA,ANM,WE,Federal Contract Tower,0,0,40,0,40,0,4,75,0,79,0,4,115,0,119,68,0,68,187
08/17/2016,TIW,WA,ANM,WE,Federal Contract Tower,0,0,42,0,42,0,0,117,0,117,0,0,159,0,159,135,0,135,294
08/18/2016,TIW,WA,ANM,WE,Federal Contract Tower,0,0,33,0,33,0,0,127,3,130,0,0,160,3,163,107,0,107,270
08/19/2016,TIW,WA,ANM,WE,Federal Contract Tower,0,0,21,0,21,0,0,83,0,83,0,0,104,0,104,121,0,121,225
08/20/2016,TIW,WA,ANM,WE,Federal Contract Tower,0,0,7,0,7,0,0,94,0,94,0,0,101,0,101,56,0,56,157
08/21/2016,TIW,WA,ANM,WE,Federal Contract Tower,0,3,19,0,22,0,0,49,0,49,0,3,68,0,71,23,0,23,94
08/22/2016,TIW,WA,ANM,WE,Federal Contract Tower,0,0,34,0,34,0,0,67,0,67,0,0,101,0,101,116,0,116,217
08/23/2016,TIW,WA,ANM,WE,Federal Contract Tower,0,0,35,0,35,0,0,100,0,100,0,0,135,0,135,151,0,151,286
08/24/2016,TIW,WA,ANM,WE,Federal Contract Tower,0,4,31,0,35,0,0,129,0,129,0,4,160,0,164,105,0,105,269
08/25/2016,TIW,WA,ANM,WE,Federal Contract Tower,0,0,35,0,35,0,3,118,7,128,0,3,153,7,163,105,2,107,270
08/26/2016,TIW,WA,ANM,WE,Federal Contract Tower,0,0,43,0,43,0,0,142,0,142,0,0,185,0,185,169,0,169,354
08/27/2016,TIW,WA,ANM,WE,Federal Contract Tower,0,0,21,0,21,0,0,47,1,48,0,0,68,1,69,1,0,1,70
08/28/2016,TIW,WA,ANM,WE,Federal Contract Tower,0,0,18,0,18,0,2,70,0,72,0,2,88,0,90,139,0,139,229
08/29/2016,TIW,WA,ANM,WE,Federal Contract Tower,0,1,41,0,42,0,4,123,3,130,0,5,164,3,172,111,0,111,283
08/30/2016,TIW,WA,ANM,WE,Federal Contract Tower,0,0,28,0,28,0,0,50,0,50,0,0,78,0,78,121,0,121,199
08/31/2016,TIW,WA,ANM,WE,Federal Contract Tower,0,0,36,0,36,0,0,41,0,41,0,0,77,0,77,45,0,45,122
09/01/2016,TIW,WA,ANM,WE,Federal Contract Tower,0,0,40,0,40,0,0,68,0,68,0,0,108,0,108,70,0,70,178
09/02/2016,TIW,WA,ANM,WE,Federal Contract Tower,0,0,24,0,24,0,0,42,0,42,0,0,66,0,66,45,0,45,111
09/03/2016,TIW,WA,ANM,WE,Federal Contract Tower,0,4,12,4,20,0,0,71,2,73,0,4,83,6,93,62,0,62,155
09/04/2016,TIW,WA,ANM,WE,Federal Contract Tower,0,2,31,0,33,0,0,120,0,120,0,2,151,0,153,96,0,96,249
09/05/2016,TIW,WA,ANM,WE,Federal Contract Tower,0,0,22,0,22,0,0,89,2,91,0,0,111,2,113,155,0,155,268
09/06/2016,TIW,WA,ANM,WE,Federal Contract Tower,0,0,47,2,49,0,0,39,0,39,0,0,86,2,88,58,0,58,146
09/07/2016,TIW,WA,ANM,WE,Federal Contract Tower,0,0,40,0,40,0,0,65,0,65,0,0,105,0,105,119,0,119,224
09/08/2016,TIW,WA,ANM,WE,Federal Contract Tower,0,0,38,0,38,0,0,47,0,47,0,0,85,0,85,74,0,74,159
09/09/2016,TIW,WA,ANM,WE,Federal Contract Tower,0,0,21,0,21,0,0,118,1,119,0,0,139,1,140,116,0,116,256
09/10/2016,TIW,WA,ANM,WE,Federal Contract Tower,0,3,21,0,24,0,0,142,0,142,0,3,163,0,166,81,0,81,247
09/11/2016,TIW,WA,ANM,WE,Federal Contract Tower,0,0,8,0,8,0,0,0,0,0,0,0,8,0,8,95,0,95,103
09/12/2016,TIW,WA,ANM,WE,Federal Contract Tower,0,0,15,0,15,0,0,91,0,91,0,0,106,0,106,48,0,48,154
09/13/2016,TIW,WA,ANM,WE,Federal Contract Tower,0,4,17,0,21,0,0,152,1,153,0,4,169,1,174,131,1,132,306
09/14/2016,TIW,WA,ANM,WE,Federal Contract Tower,0,1,25,3,29,0,0,126,0,126,0,1,151,3,155,184,4,188,343
09/15/2016,TIW,WA,ANM,WE,Federal Contract Tower,0,4,67,5,76,0,0,106,3,109,0,4,173,8,185,128,0,128,313
09/16/2016,TIW,WA,ANM,WE,Federal Contract Tower,0,0,12,2,14,0,0,112,0,112,0,0,124,2,126,118,0,118,244
09/17/2016,TIW,WA,ANM,WE,Federal Contract Tower,0,1,18,0,19,0,0,2,0,2,0,1,20,0,21,8,0,8,29
09/18/2016,TIW,WA,ANM,WE,Federal Contract Tower,0,2,20,0,22,0,0,52,0,52,0,2,72,0,74,29,0,29,103
09/19/2016,TIW,WA,ANM,WE,Federal Contract Tower,0,2,26,0,28,0,0,51,0,51,0,2,77,0,79,37,0,37,116
09/20/2016,TIW,WA,ANM,WE,Federal Contract Tower,0,0,36,1,37,0,0,90,0,90,0,0,126,1,127,155,0,155,282
09/21/2016,TIW,WA,ANM,WE,Federal Contract Tower,0,2,21,0,23,0,1,146,1,148,0,3,167,1,171,130,0,130,301
09/22/2016,TIW,WA,ANM,WE,Federal Contract Tower,0,4,37,0,41,0,2,86,0,88,0,6,123,0,129,58,0,58,187
09/23/2016,TIW,WA,ANM,WE,Federal Contract Tower,0,0,39,0,39,0,0,26,1,27,0,0,65,1,66,22,1,23,89
09/24/2016,TIW,WA,ANM,WE,Federal Contract Tower,0,0,34,0,34,0,0,107,0,107,0,0,141,0,141,124,0,124,265
09/25/2016,TIW,WA,ANM,WE,Federal Contract Tower,0,0,26,0,26,0,0,101,0,101,0,0,127,0,127,103,0,103,230
09/26/2016,TIW,WA,ANM,WE,Federal Contract Tower,0,0,39,0,39,0,0,110,0,110,0,0,149,0,149,132,0,132,281
09/27/2016,TIW,WA,ANM,WE,Federal Contract Tower,0,0,55,0,55,0,0,59,3,62,0,0,114,3,117,93,0,93,210
09/28/2016,TIW,WA,ANM,WE,Federal Contract Tower,0,0,31,0,31,0,0,131,0,131,0,0,162,0,162,175,0,175,337
09/29/2016,TIW,WA,ANM,WE,Federal Contract Tower,0,2,58,0,60,0,0,101,0,101,0,2,159,0,161,248,0,248,409
09/30/2016,TIW,WA,ANM,WE,Federal Contract Tower,0,4,28,0,32,0,0,74,0,74,0,4,102,0,106,157,0,157,263
10/01/2016,TIW,WA,ANM,WE,Federal Contract Tower,0,0,45,0,45,0,0,58,0,58,0,0,103,0,103,59,0,59,162
10/02/2016,TIW,WA,ANM,WE,Federal Contract Tower,0,0,11,0,11,0,0,46,0,46,0,0,57,0,57,37,0,37,94
10/03/2016,TIW,WA,ANM,WE,Federal Contract Tower,0,0,53,0,53,0,0,101,0,101,0,0,154,0,154,209,0,209,363
10/04/2016,TIW,WA,ANM,WE,Federal Contract Tower,0,0,43,0,43,0,0,22,0,22,0,0,65,0,65,135,0,135,200
10/05/2016,TIW,WA,ANM,WE,Federal Contract Tower,0,1,32,0,33,0,0,65,0,65,0,1,97,0,98,197,0,197,295
10/06/2016,TIW,WA,ANM,WE,Federal Contract Tower,0,2,48,0,50,0,0,65,0,65,0,2,113,0,115,185,0,185,300
10/07/2016,TIW,WA,ANM,WE,Federal Contract Tower,0,0,21,0,21,0,0,57,0,57,0,0,78,0,78,95,0,95,173
10/08/2016,TIW,WA,ANM,WE,Federal Contract Tower,0,0,12,0,12,0,0,1,0,1,0,0,13,0,13,0,0,0,13
10/09/2016,TIW,WA,ANM,WE,Federal Contract Tower,0,3,27,0,30,0,0,41,0,41,0,3,68,0,71,48,0,48,119
10/10/2016,TIW,WA,ANM,WE,Federal Contract Tower,0,1,26,0,27,0,0,73,0,73,0,1,99,0,100,111,0,111,211
10/11/2016,TIW,WA,ANM,WE,Federal Contract Tower,0,1,47,0,48,0,0,122,2,124,0,1,169,2,172,182,0,182,354
10/12/2016,TIW,WA,ANM,WE,Federal Contract Tower,0,0,47,0,47,0,0,123,0,123,0,0,170,0,170,257,0,257,427
10/13/2016,TIW,WA,ANM,WE,Federal Contract Tower,0,2,7,0,9,0,0,2,0,2,0,2,9,0,11,0,1,1,12
10/14/2016,TIW,WA,ANM,WE,Federal Contract Tower,0,0,0,0,0,0,0,2,0,2,0,0,2,0,2,0,0,0,2
10/15/2016,TIW,WA,ANM,WE,Federal Contract Tower,0,0,0,0,0,0,0,2,0,2,0,0,2,0,2,16,0,16,18
10/16/2016,TIW,WA,ANM,WE,Federal Contract Tower,0,0,5,0,5,0,0,13,0,13,0,0,18,0,18,30,0,30,48
10/17/2016,TIW,WA,ANM,WE,Federal Contract Tower,0,2,26,0,28,0,0,10,2,12,0,2,36,2,40,30,0,30,70
10/18/2016,TIW,WA,ANM,WE,Federal Contract Tower,0,4,42,0,46,0,2,22,2,26,0,6,64,2,72,34,0,34,106
10/19/2016,TIW,WA,ANM,WE,Federal Contract Tower,0,0,63,0,63,0,0,102,0,102,0,0,165,0,165,118,0,118,283
10/20/2016,TIW,WA,ANM,WE,Federal Contract Tower,0,0,19,1,20,0,0,31,4,35,0,0,50,5,55,36,0,36,91
10/21/2016,TIW,WA,ANM,WE,Federal Contract Tower,0,0,60,0,60,0,1,121,0,122,0,1,181,0,182,204,0,204,386
10/22/2016,TIW,WA,ANM,WE,Federal Contract Tower,0,0,51,0,51,0,0,132,0,132,0,0,183,0,183,156,0,156,339
10/23/2016,TIW,WA,ANM,WE,Federal Contract Tower,0,0,33,0,33,0,0,73,0,73,0,0,106,0,106,140,0,140,246
10/24/2016,TIW,WA,ANM,WE,Federal Contract Tower,0,0,48,2,50,0,0,49,0,49,0,0,97,2,99,144,0,144,243
10/25/2016,TIW,WA,ANM,WE,Federal Contract Tower,0,0,59,0,59,0,0,56,13,69,0,0,115,13,128,123,3,126,254
10/26/2016,TIW,WA,ANM,WE,Federal Contract Tower,0,4,26,0,30,0,0,0,0,0,0,4,26,0,30,0,0,0,30
10/27/2016,TIW,WA,ANM,WE,Federal Contract Tower,0,0,41,0,41,0,0,106,6,112,0,0,147,6,153,216,0,216,369
10/28/2016,TIW,WA,ANM,WE,Federal Contract Tower,0,1,22,0,23,0,0,124,0,124,0,1,146,0,147,267,0,267,414
10/29/2016,TIW,WA,ANM,WE,Federal Contract Tower,0,0,45,0,45,0,0,46,0,46,0,0,91,0,91,59,0,59,150
10/30/2016,TIW,WA,ANM,WE,Federal Contract Tower,0,0,20,0,20,0,0,20,0,20,0,0,40,0,40,29,0,29,69
10/31/2016,TIW,WA,ANM,WE,Federal Contract Tower,0,1,8,0,9,0,0,10,2,12,0,1,18,2,21,36,0,36,57
11/01/2016,TIW,WA,ANM,WE,Federal Contract Tower,0,0,31,0,31,0,0,29,0,29,0,0,60,0,60,50,0,50,110
11/02/2016,TIW,WA,ANM,WE,Federal Contract Tower,0,0,46,0,46,0,0,7,2,9,0,0,53,2,55,30,0,30,85
11/03/2016,TIW,WA,ANM,WE,Federal Contract Tower,0,4,48,1,53,0,0,142,0,142,0,4,190,1,195,157,0,157,352
11/04/2016,TIW,WA,ANM,WE,Federal Contract Tower,0,0,32,0,32,0,0,89,0,89,0,0,121,0,121,150,0,150,271
11/05/2016,TIW,WA,ANM,WE,Federal Contract Tower,0,0,8,0,8,0,0,1,0,1,0,0,9,0,9,0,0,0,9
11/06/2016,TIW,WA,ANM,WE,Federal Contract Tower,0,0,36,0,36,0,0,89,0,89,0,0,125,0,125,98,0,98,223
11/07/2016,TIW,WA,ANM,WE,Federal Contract Tower,0,1,45,2,48,0,0,90,12,102,0,1,135,14,150,75,0,75,225
11/08/2016,TIW,WA,ANM,WE,Federal Contract Tower,0,3,31,2,36,0,0,144,0,144,0,3,175,2,180,209,4,213,393
11/09/2016,TIW,WA,ANM,WE,Federal Contract Tower,0,0,51,0,51,0,0,65,0,65,0,0,116,0,116,160,0,160,276
11/10/2016,TIW,WA,ANM,WE,Federal Contract Tower,0,2,28,0,30,0,0,107,0,107,0,2,135,0,137,146,0,146,283
11/11/2016,TIW,WA,ANM,WE,Federal Contract Tower,0,0,19,0,19,0,0,112,0,112,0,0,131,0,131,204,0,204,335
11/12/2016,TIW,WA,ANM,WE,Federal Contract Tower,0,0,9,0,9,0,0,6,0,6,0,0,15,0,15,4,0,4,19
11/13/2016,TIW,WA,ANM,WE,Federal Contract Tower,0,0,30,0,30,0,0,26,0,26,0,0,56,0,56,69,0,69,125
11/14/2016,TIW,WA,ANM,WE,Federal Contract Tower,0,0,36,0,36,0,0,89,0,89,0,0,125,0,125,176,0,176,301
11/15/2016,TIW,WA,ANM,WE,Federal Contract Tower,0,0,21,0,21,0,2,16,0,18,0,2,37,0,39,10,0,10,49
11/16/2016,TIW,WA,ANM,WE,Federal Contract Tower,0,3,61,0,64,0,0,80,0,80,0,3,141,0,144,119,0,119,263
11/17/2016,TIW,WA,ANM,WE,Federal Contract Tower,0,1,63,0,64,0,0,121,0,121,0,1,184,0,185,198,0,198,383
11/18/2016,TIW,WA,ANM,WE,Federal Contract Tower,0,1,26,0,27,0,0,105,1,106,0,1,131,1,133,160,1,161,294
11/19/2016,TIW,WA,ANM,WE,Federal Contract Tower,0,1,19,0,20,0,0,96,0,96,0,1,115,0,116,170,0,170,286
11/20/2016,TIW,WA,ANM,WE,Federal Contract Tower,0,2,21,0,23,0,0,24,0,24,0,2,45,0,47,24,0,24,71
11/21/2016,TIW,WA,ANM,WE,Federal Contract Tower,0,0,72,2,74,0,0,113,0,113,0,0,185,2,187,166,0,166,353
11/22/2016,TIW,WA,ANM,WE,Federal Contract Tower,0,0,36,2,38,0,0,103,0,103,0,0,139,2,141,132,0,132,273
11/23/2016,TIW,WA,ANM,WE,Federal Contract Tower,0,0,12,0,12,0,0,19,0,19,0,0,31,0,31,10,0,10,41
11/24/2016,TIW,WA,ANM,WE,Federal Contract Tower,0,0,1,0,1,0,0,2,0,2,0,0,3,0,3,0,0,0,3
11/25/2016,TIW,WA,ANM,WE,Federal Contract Tower,0,0,38,0,38,0,0,101,0,101,0,0,139,0,139,121,0,121,260
11/26/2016,TIW,WA,ANM,WE,Federal Contract Tower,0,2,18,0,20,0,0,26,0,26,0,2,44,0,46,33,0,33,79
11/27/2016,TIW,WA,ANM,WE,Federal Contract Tower,0,0,23,0,23,0,0,0,0,0,0,0,23,0,23,0,0,0,23
11/28/2016,TIW,WA,ANM,WE,Federal Contract Tower,0,2,61,8,71,0,0,93,0,93,0,2,154,8,164,137,0,137,301
11/29/2016,TIW,WA,ANM,WE,Federal Contract Tower,0,1,60,0,61,0,0,100,2,102,0,1,160,2,163,106,4,110,273
11/30/2016,TIW,WA,ANM,WE,Federal Contract Tower,0,0,15,0,15,0,0,52,0,52,0,0,67,0,67,12,25,37,104
12/01/2016,TIW,WA,ANM,WE,Federal Contract Tower,0,2,42,0,44,0,2,82,0,84,0,4,124,0,128,101,0,101,229
12/02/2016,TIW,WA,ANM,WE,Federal Contract Tower,0,1,22,0,23,0,4,22,0,26,0,5,44,0,49,43,0,43,92
12/03/2016,TIW,WA,ANM,WE,Federal Contract Tower,0,0,37,0,37,0,0,48,0,48,0,0,85,0,85,88,0,88,173
12/04/2016,TIW,WA,ANM,WE,Federal Contract Tower,0,0,12,2,14,0,0,101,4,105,0,0,113,6,119,80,8,88,207
12/05/2016,TIW,WA,ANM,WE,Federal Contract Tower,0,1,2,0,3,0,0,0,0,0,0,1,2,0,3,0,0,0,3
12/06/2016,TIW,WA,ANM,WE,Federal Contract Tower,0,1,50,0,51,0,0,79,0,79,0,1,129,0,130,140,0,140,270
12/07/2016,TIW,WA,ANM,WE,Federal Contract Tower,0,0,67,0,67,0,0,115,0,115,0,0,182,0,182,113,0,113,295
12/08/2016,TIW,WA,ANM,WE,Federal Contract Tower,0,0,21,0,21,0,0,30,0,30,0,0,51,0,51,20,0,20,71
12/09/2016,TIW,WA,ANM,WE,Federal Contract Tower,0,5,7,0,12,0,0,0,2,2,0,5,7,2,14,0,2,2,16
12/10/2016,TIW,WA,ANM,WE,Federal Contract Tower,0,0,7,0,7,0,0,29,0,29,0,0,36,0,36,37,0,37,73
12/11/2016,TIW,WA,ANM,WE,Federal Contract Tower,0,2,11,0,13,0,0,0,0,0,0,2,11,0,13,0,0,0,13
12/12/2016,TIW,WA,ANM,WE,Federal Contract Tower,0,0,5,0,5,0,0,12,0,12,0,0,17,0,17,0,0,0,17
12/13/2016,TIW,WA,ANM,WE,Federal Contract Tower,0,0,15,0,15,0,0,37,0,37,0,0,52,0,52,103,0,103,155
12/14/2016,TIW,WA,ANM,WE,Federal Contract Tower,0,0,39,2,41,0,0,82,3,85,0,0,121,5,126,83,0,83,209
12/15/2016,TIW,WA,ANM,WE,Federal Contract Tower,0,0,35,0,35,0,0,84,0,84,0,0,119,0,119,135,0,135,254
12/16/2016,TIW,WA,ANM,WE,Federal Contract Tower,0,0,35,0,35,0,0,87,0,87,0,0,122,0,122,85,0,85,207
12/17/2016,TIW,WA,ANM,WE,Federal Contract Tower,0,0,28,2,30,0,0,78,2,80,0,0,106,4,110,84,6,90,200
12/18/2016,TIW,WA,ANM,WE,Federal Contract Tower,0,4,21,0,25,0,0,89,0,89,0,4,110,0,114,108,0,108,222
12/19/2016,TIW,WA,ANM,WE,Federal Contract Tower,0,0,14,0,14,0,0,4,0,4,0,0,18,0,18,4,0,4,22
12/20/2016,TIW,WA,ANM,WE,Federal Contract Tower,0,0,17,0,17,0,0,27,0,27,0,0,44,0,44,12,0,12,56
12/21/2016,TIW,WA,ANM,WE,Federal Contract Tower,0,0,59,2,61,0,0,104,1,105,0,0,163,3,166,214,11,225,391
12/22/2016,TIW,WA,ANM,WE,Federal Contract Tower,0,2,32,0,34,0,0,50,3,53,0,2,82,3,87,74,0,74,161
12/23/2016,TIW,WA,ANM,WE,Federal Contract Tower,0,2,8,0,10,0,0,0,0,0,0,2,8,0,10,0,0,0,10
12/24/2016,TIW,WA,ANM,WE,Federal Contract Tower,0,0,0,0,0,0,0,1,0,1,0,0,1,0,1,0,0,0,1
12/25/2016,TIW,WA,ANM,WE,Federal Contract Tower,0,0,0,0,0,0,0,0,0,0,0,0,0,0,0,0,0,0,0
12/26/2016,TIW,WA,ANM,WE,Federal Contract Tower,0,5,23,2,30,0,0,64,0,64,0,5,87,2,94,88,18,106,200
12/27/2016,TIW,WA,ANM,WE,Federal Contract Tower,0,4,21,0,25,0,1,15,0,16,0,5,36,0,41,10,0,10,51
12/28/2016,TIW,WA,ANM,WE,Federal Contract Tower,0,3,26,2,31,0,0,70,0,70,0,3,96,2,101,102,0,102,203
12/29/2016,TIW,WA,ANM,WE,Federal Contract Tower,0,0,24,0,24,0,0,37,0,37,0,0,61,0,61,40,0,40,101
12/30/2016,TIW,WA,ANM,WE,Federal Contract Tower,0,0,19,0,19,0,0,61,2,63,0,0,80,2,82,146,0,146,228
12/31/2016,TIW,WA,ANM,WE,Federal Contract Tower,0,3,13,0,16,0,0,6,0,6,0,3,19,0,22,0,0,0,22
01/01/2017,TIW,WA,ANM,WE,Federal Contract Tower,0,1,5,0,6,0,0,18,0,18,0,1,23,0,24,0,0,0,24
01/02/2017,TIW,WA,ANM,WE,Federal Contract Tower,0,0,18,0,18,0,0,110,0,110,0,0,128,0,128,22,0,22,150
01/03/2017,TIW,WA,ANM,WE,Federal Contract Tower,0,0,42,0,42,0,0,81,0,81,0,0,123,0,123,136,0,136,259
01/04/2017,TIW,WA,ANM,WE,Federal Contract Tower,0,1,18,0,19,0,2,69,0,71,0,3,87,0,90,37,0,37,127
01/05/2017,TIW,WA,ANM,WE,Federal Contract Tower,0,2,25,0,27,0,0,147,4,151,0,2,172,4,178,137,0,137,315
01/06/2017,TIW,WA,ANM,WE,Federal Contract Tower,0,1,35,0,36,0,0,128,0,128,0,1,163,0,164,125,0,125,289
01/07/2017,TIW,WA,ANM,WE,Federal Contract Tower,0,0,40,0,40,0,0,88,0,88,0,0,128,0,128,87,0,87,215
01/08/2017,TIW,WA,ANM,WE,Federal Contract Tower,0,0,1,0,1,0,0,40,4,44,0,0,41,4,45,2,0,2,47
01/09/2017,TIW,WA,ANM,WE,Federal Contract Tower,0,2,15,0,17,0,10,24,0,34,0,12,39,0,51,7,0,7,58
01/10/2017,TIW,WA,ANM,WE,Federal Contract Tower,0,2,5,0,7,0,0,0,6,6,0,2,5,6,13,0,0,0,13
01/11/2017,TIW,WA,ANM,WE,Federal Contract Tower,0,0,31,0,31,0,0,108,0,108,0,0,139,0,139,68,0,68,207
01/12/2017,TIW,WA,ANM,WE,Federal Contract Tower,0,0,44,0,44,0,0,135,0,135,0,0,179,0,179,184,0,184,363
01/13/2017,TIW,WA,ANM,WE,Federal Contract Tower,0,0,45,0,45,0,0,135,0,135,0,0,180,0,180,89,0,89,269
01/14/2017,TIW,WA,ANM,WE,Federal Contract Tower,0,1,38,0,39,0,0,113,0,113,0,1,151,0,152,79,0,79,231
01/15/2017,TIW,WA,ANM,WE,Federal Contract Tower,0,0,40,0,40,0,0,74,0,74,0,0,114,0,114,77,0,77,191
01/16/2017,TIW,WA,ANM,WE,Federal Contract Tower,0,0,26,0,26,0,0,105,0,105,0,0,131,0,131,128,0,128,259
01/17/2017,TIW,WA,ANM,WE,Federal Contract Tower,0,0,10,0,10,0,0,20,2,22,0,0,30,2,32,56,0,56,88
01/18/2017,TIW,WA,ANM,WE,Federal Contract Tower,0,0,9,0,9,0,0,23,0,23,0,0,32,0,32,2,0,2,34
01/19/2017,TIW,WA,ANM,WE,Federal Contract Tower,0,7,22,0,29,0,0,55,0,55,0,7,77,0,84,68,0,68,152
01/20/2017,TIW,WA,ANM,WE,Federal Contract Tower,0,0,44,0,44,0,0,79,1,80,0,0,123,1,124,126,1,127,251
01/21/2017,TIW,WA,ANM,WE,Federal Contract Tower,0,0,50,0,50,0,0,70,0,70,0,0,120,0,120,89,0,89,209
01/22/2017,TIW,WA,ANM,WE,Federal Contract Tower,0,1,26,0,27,0,0,62,0,62,0,1,88,0,89,60,0,60,149
01/23/2017,TIW,WA,ANM,WE,Federal Contract Tower,0,0,59,2,61,0,2,106,0,108,0,2,165,2,169,109,0,109,278
01/24/2017,TIW,WA,ANM,WE,Federal Contract Tower,0,3,30,4,37,0,0,3,0,3,0,3,33,4,40,19,0,19,59
01/25/2017,TIW,WA,ANM,WE,Federal Contract Tower,0,1,24,3,28,0,0,0,0,0,0,1,24,3,28,0,0,0,28
01/26/2017,TIW,WA,ANM,WE,Federal Contract Tower,0,0,31,1,32,0,0,49,0,49,0,0,80,1,81,70,0,70,151
01/27/2017,TIW,WA,ANM,WE,Federal Contract Tower,0,6,53,0,59,0,0,154,0,154,0,6,207,0,213,186,0,186,399
01/28/2017,TIW,WA,ANM,WE,Federal Contract Tower,0,0,49,0,49,0,0,147,0,147,0,0,196,0,196,158,0,158,354
01/29/2017,TIW,WA,ANM,WE,Federal Contract Tower,0,0,16,0,16,0,2,25,1,28,0,2,41,1,44,22,0,22,66
01/30/2017,TIW,WA,ANM,WE,Federal Contract Tower,0,0,44,0,44,0,0,61,0,61,0,0,105,0,105,147,0,147,252
01/31/2017,TIW,WA,ANM,WE,Federal Contract Tower,0,0,45,3,48,0,0,79,2,81,0,0,124,5,129,195,0,195,324
02/01/2017,TIW,WA,ANM,WE,Federal Contract Tower,0,0,10,0,10,0,0,28,0,28,0,0,38,0,38,10,0,10,48
02/02/2017,TIW,WA,ANM,WE,Federal Contract Tower,0,2,35,0,37,0,0,101,0,101,0,2,136,0,138,92,0,92,230
02/03/2017,TIW,WA,ANM,WE,Federal Contract Tower,0,0,8,0,8,0,0,5,0,5,0,0,13,0,13,22,0,22,35
02/04/2017,TIW,WA,ANM,WE,Federal Contract Tower,0,1,15,0,16,0,0,0,0,0,0,1,15,0,16,0,0,0,16
02/05/2017,TIW,WA,ANM,WE,Federal Contract Tower,0,2,3,0,5,0,0,0,0,0,0,2,3,0,5,0,0,0,5
02/06/2017,TIW,WA,ANM,WE,Federal Contract Tower,0,0,2,0,2,0,0,1,0,1,0,0,3,0,3,0,0,0,3
02/07/2017,TIW,WA,ANM,WE,Federal Contract Tower,0,0,15,0,15,0,0,44,0,44,0,0,59,0,59,123,0,123,182
02/08/2017,TIW,WA,ANM,WE,Federal Contract Tower,0,0,3,0,3,0,0,0,0,0,0,0,3,0,3,0,0,0,3
02/09/2017,TIW,WA,ANM,WE,Federal Contract Tower,0,1,7,0,8,0,0,4,0,4,0,1,11,0,12,0,0,0,12
02/10/2017,TIW,WA,ANM,WE,Federal Contract Tower,0,0,7,0,7,0,0,0,0,0,0,0,7,0,7,0,0,0,7
02/11/2017,TIW,WA,ANM,WE,Federal Contract Tower,0,0,68,0,68,0,0,118,0,118,0,0,186,0,186,189,0,189,375
02/12/2017,TIW,WA,ANM,WE,Federal Contract Tower,0,0,30,3,33,0,0,155,1,156,0,0,185,4,189,222,0,222,411
02/13/2017,TIW,WA,ANM,WE,Federal Contract Tower,0,0,38,4,42,0,0,147,2,149,0,0,185,6,191,316,0,316,507
02/14/2017,TIW,WA,ANM,WE,Federal Contract Tower,0,0,45,0,45,0,0,142,7,149,0,0,187,7,194,266,6,272,466
02/15/2017,TIW,WA,ANM,WE,Federal Contract Tower,0,0,34,0,34,0,0,5,0,5,0,0,39,0,39,36,0,36,75
02/16/2017,TIW,WA,ANM,WE,Federal Contract Tower,0,1,25,0,26,0,0,56,0,56,0,1,81,0,82,141,0,141,223
02/17/2017,TIW,WA,ANM,WE,Federal Contract Tower,0,1,35,0,36,0,0,154,0,154,0,1,189,0,190,248,0,248,438
02/18/2017,TIW,WA,ANM,WE,Federal Contract Tower,0,2,20,0,22,0,0,0,0,0,0,2,20,0,22,0,0,0,22
02/19/2017,TIW,WA,ANM,WE,Federal Contract Tower,0,0,33,0,33,0,0,59,0,59,0,0,92,0,92,86,0,86,178
02/20/2017,TIW,WA,ANM,WE,Federal Contract Tower,0,0,26,0,26,0,0,9,0,9,0,0,35,0,35,8,0,8,43
02/21/2017,TIW,WA,ANM,WE,Federal Contract Tower,0,0,7,0,7,0,0,35,0,35,0,0,42,0,42,0,0,0,42
02/22/2017,TIW,WA,ANM,WE,Federal Contract Tower,0,0,43,0,43,0,0,56,0,56,0,0,99,0,99,169,0,169,268
02/23/2017,TIW,WA,ANM,WE,Federal Contract Tower,0,0,25,0,25,0,0,27,0,27,0,0,52,0,52,61,0,61,113
02/24/2017,TIW,WA,ANM,WE,Federal Contract Tower,0,6,45,0,51,0,0,86,1,87,0,6,131,1,138,182,0,182,320
02/25/2017,TIW,WA,ANM,WE,Federal Contract Tower,0,0,41,0,41,0,0,97,0,97,0,0,138,0,138,93,0,93,231
02/26/2017,TIW,WA,ANM,WE,Federal Contract Tower,0,2,7,0,9,0,0,0,0,0,0,2,7,0,9,0,0,0,9
02/27/2017,TIW,WA,ANM,WE,Federal Contract Tower,0,0,5,0,5,0,0,4,0,4,0,0,9,0,9,0,0,0,9
02/28/2017,TIW,WA,ANM,WE,Federal Contract Tower,0,4,43,4,51,0,0,81,3,84,0,4,124,7,135,172,0,172,307
03/01/2017,TIW,WA,ANM,WE,Federal Contract Tower,0,2,29,2,33,0,0,44,0,44,0,2,73,2,77,97,0,97,174
03/02/2017,TIW,WA,ANM,WE,Federal Contract Tower,0,0,38,0,38,0,0,42,0,42,0,0,80,0,80,106,0,106,186
03/03/2017,TIW,WA,ANM,WE,Federal Contract Tower,0,0,14,0,14,0,0,8,0,8,0,0,22,0,22,4,0,4,26
03/04/2017,TIW,WA,ANM,WE,Federal Contract Tower,0,2,47,0,49,0,0,123,4,127,0,2,170,4,176,226,0,226,402
03/05/2017,TIW,WA,ANM,WE,Federal Contract Tower,0,0,16,0,16,0,0,12,0,12,0,0,28,0,28,0,0,0,28
03/06/2017,TIW,WA,ANM,WE,Federal Contract Tower,0,0,3,0,3,0,0,18,0,18,0,0,21,0,21,6,0,6,27
03/07/2017,TIW,WA,ANM,WE,Federal Contract Tower,0,2,14,0,16,0,0,2,0,2,0,2,16,0,18,8,0,8,26
03/08/2017,TIW,WA,ANM,WE,Federal Contract Tower,0,0,38,0,38,0,0,52,0,52,0,0,90,0,90,97,0,97,187
03/09/2017,TIW,WA,ANM,WE,Federal Contract Tower,0,1,6,0,7,0,0,0,0,0,0,1,6,0,7,0,0,0,7
03/10/2017,TIW,WA,ANM,WE,Federal Contract Tower,0,0,34,0,34,0,0,95,0,95,0,0,129,0,129,76,0,76,205
03/11/2017,TIW,WA,ANM,WE,Federal Contract Tower,0,0,16,0,16,0,0,14,0,14,0,0,30,0,30,64,0,64,94
03/12/2017,TIW,WA,ANM,WE,Federal Contract Tower,0,0,39,0,39,0,0,99,2,101,0,0,138,2,140,216,0,216,356
03/13/2017,TIW,WA,ANM,WE,Federal Contract Tower,0,2,30,0,32,0,0,4,0,4,0,2,34,0,36,4,0,4,40
03/14/2017,TIW,WA,ANM,WE,Federal Contract Tower,0,4,16,0,20,0,0,4,0,4,0,4,20,0,24,15,0,15,39
03/15/2017,TIW,WA,ANM,WE,Federal Contract Tower,0,0,24,0,24,0,0,3,0,3,0,0,27,0,27,0,0,0,27
03/16/2017,TIW,WA,ANM,WE,Federal Contract Tower,0,5,97,0,102,0,0,134,0,134,0,5,231,0,236,181,0,181,417
03/17/2017,TIW,WA,ANM,WE,Federal Contract Tower,0,0,63,0,63,0,0,28,0,28,0,0,91,0,91,28,0,28,119
03/18/2017,TIW,WA,ANM,WE,Federal Contract Tower,0,0,11,0,11,0,0,33,0,33,0,0,44,0,44,63,0,63,107
03/19/2017,TIW,WA,ANM,WE,Federal Contract Tower,0,0,49,2,51,0,0,244,0,244,0,0,293,2,295,252,0,252,547
03/20/2017,TIW,WA,ANM,WE,Federal Contract Tower,0,2,61,0,63,0,2,143,0,145,0,4,204,0,208,209,0,209,417
03/21/2017,TIW,WA,ANM,WE,Federal Contract Tower,0,0,57,0,57,0,0,52,0,52,0,0,109,0,109,126,0,126,235
03/22/2017,TIW,WA,ANM,WE,Federal Contract Tower,0,0,35,0,35,0,0,27,0,27,0,0,62,0,62,48,0,48,110
03/23/2017,TIW,WA,ANM,WE,Federal Contract Tower,0,2,69,0,71,0,2,114,0,116,0,4,183,0,187,223,0,223,410
03/24/2017,TIW,WA,ANM,WE,Federal Contract Tower,0,3,40,0,43,0,0,39,0,39,0,3,79,0,82,19,0,19,101
03/25/2017,TIW,WA,ANM,WE,Federal Contract Tower,0,0,65,4,69,0,0,88,0,88,0,0,153,4,157,193,0,193,350
03/26/2017,TIW,WA,ANM,WE,Federal Contract Tower,0,0,37,0,37,0,0,5,0,5,0,0,42,0,42,10,0,10,52
03/27/2017,TIW,WA,ANM,WE,Federal Contract Tower,0,0,35,0,35,0,1,29,2,32,0,1,64,2,67,81,0,81,148
03/28/2017,TIW,WA,ANM,WE,Federal Contract Tower,0,0,37,0,37,0,0,11,0,11,0,0,48,0,48,20,0,20,68
03/29/2017,TIW,WA,ANM,WE,Federal Contract Tower,0,0,26,0,26,0,0,8,0,8,0,0,34,0,34,13,0,13,47
03/30/2017,TIW,WA,ANM,WE,Federal Contract Tower,0,0,41,0,41,0,0,96,1,97,0,0,137,1,138,179,0,179,317
03/31/2017,TIW,WA,ANM,WE,Federal Contract Tower,0,0,49,0,49,0,0,151,0,151,0,0,200,0,200,174,0,174,374
04/01/2017,TIW,WA,ANM,WE,Federal Contract Tower,0,1,21,0,22,0,0,31,0,31,0,1,52,0,53,41,0,41,94
04/02/2017,TIW,WA,ANM,WE,Federal Contract Tower,0,1,23,0,24,0,0,138,1,139,0,1,161,1,163,152,0,152,315
04/03/2017,TIW,WA,ANM,WE,Federal Contract Tower,0,0,47,0,47,0,0,174,4,178,0,0,221,4,225,0,0,0,225
04/04/2017,TIW,WA,ANM,WE,Federal Contract Tower,0,3,47,0,50,0,0,130,3,133,0,3,177,3,183,216,0,216,399
04/05/2017,TIW,WA,ANM,WE,Federal Contract Tower,0,0,25,0,25,0,0,17,0,17,0,0,42,0,42,40,0,40,82
04/06/2017,TIW,WA,ANM,WE,Federal Contract Tower,0,0,42,2,44,0,0,116,0,116,0,0,158,2,160,77,0,77,237
04/07/2017,TIW,WA,ANM,WE,Federal Contract Tower,0,0,2,0,2,0,0,2,0,2,0,0,4,0,4,5,0,5,9
04/08/2017,TIW,WA,ANM,WE,Federal Contract Tower,0,0,20,0,20,0,0,35,0,35,0,0,55,0,55,70,0,70,125
04/09/2017,TIW,WA,ANM,WE,Federal Contract Tower,0,0,11,0,11,0,0,153,0,153,0,0,164,0,164,225,0,225,389
04/10/2017,TIW,WA,ANM,WE,Federal Contract Tower,0,2,21,2,25,0,0,33,0,33,0,2,54,2,58,52,0,52,110
04/11/2017,TIW,WA,ANM,WE,Federal Contract Tower,0,1,47,0,48,0,0,174,1,175,0,1,221,1,223,172,0,172,395
04/12/2017,TIW,WA,ANM,WE,Federal Contract Tower,0,0,29,0,29,0,0,74,0,74,0,0,103,0,103,148,0,148,251
04/13/2017,TIW,WA,ANM,WE,Federal Contract Tower,0,4,38,0,42,0,0,55,2,57,0,4,93,2,99,75,0,75,174
04/14/2017,TIW,WA,ANM,WE,Federal Contract Tower,0,1,37,0,38,0,0,35,0,35,0,1,72,0,73,62,0,62,135
04/15/2017,TIW,WA,ANM,WE,Federal Contract Tower,0,2,38,0,40,0,0,180,0,180,0,2,218,0,220,161,0,161,381
04/16/2017,TIW,WA,ANM,WE,Federal Contract Tower,0,1,18,4,23,0,1,89,4,94,0,2,107,8,117,56,3,59,176
04/17/2017,TIW,WA,ANM,WE,Federal Contract Tower,0,0,34,0,34,0,0,88,0,88,0,0,122,0,122,105,0,105,227
04/18/2017,TIW,WA,ANM,WE,Federal Contract Tower,0,9,23,1,33,0,0,68,4,72,0,9,91,5,105,63,0,63,168
04/19/2017,TIW,WA,ANM,WE,Federal Contract Tower,0,0,37,0,37,0,0,59,0,59,0,0,96,0,96,115,0,115,211
04/20/2017,TIW,WA,ANM,WE,Federal Contract Tower,0,2,51,2,55,0,0,52,0,52,0,2,103,2,107,135,0,135,242
04/21/2017,TIW,WA,ANM,WE,Federal Contract Tower,0,2,62,0,64,0,0,243,0,243,0,2,305,0,307,269,0,269,576
04/22/2017,TIW,WA,ANM,WE,Federal Contract Tower,0,1,29,0,30,0,0,43,0,43,0,1,72,0,73,18,0,18,91
04/23/2017,TIW,WA,ANM,WE,Federal Contract Tower,0,3,34,0,37,0,0,27,0,27,0,3,61,0,64,39,0,39,103
04/24/2017,TIW,WA,ANM,WE,Federal Contract Tower,0,0,32,0,32,0,0,65,1,66,0,0,97,1,98,200,1,201,299
04/25/2017,TIW,WA,ANM,WE,Federal Contract Tower,0,0,52,0,52,0,0,127,1,128,0,0,179,1,180,229,0,229,409
04/26/2017,TIW,WA,ANM,WE,Federal Contract Tower,0,0,55,0,55,0,0,85,0,85,0,0,140,0,140,38,0,38,178
04/27/2017,TIW,WA,ANM,WE,Federal Contract Tower,0,6,62,0,68,0,0,192,0,192,0,6,254,0,260,184,0,184,444
04/28/2017,TIW,WA,ANM,WE,Federal Contract Tower,0,0,106,0,106,0,0,254,0,254,0,0,360,0,360,188,0,188,548
04/29/2017,TIW,WA,ANM,WE,Federal Contract Tower,0,0,45,0,45,0,0,228,0,228,0,0,273,0,273,301,0,301,574
04/30/2017,TIW,WA,ANM,WE,Federal Contract Tower,0,0,14,0,14,0,0,64,0,64,0,0,78,0,78,53,0,53,131
05/01/2017,TIW,WA,ANM,WE,Federal Contract Tower,0,3,35,0,38,0,0,70,0,70,0,3,105,0,108,109,0,109,217
05/02/2017,TIW,WA,ANM,WE,Federal Contract Tower,0,0,47,2,49,0,1,78,0,79,0,1,125,2,128,263,0,263,391
05/03/2017,TIW,WA,ANM,WE,Federal Contract Tower,0,0,39,0,39,0,0,107,0,107,0,0,146,0,146,120,0,120,266
05/04/2017,TIW,WA,ANM,WE,Federal Contract Tower,0,0,17,0,17,0,0,68,0,68,0,0,85,0,85,113,1,114,199
05/05/2017,TIW,WA,ANM,WE,Federal Contract Tower,0,2,42,1,45,0,3,27,0,30,0,5,69,1,75,40,0,40,115
05/06/2017,TIW,WA,ANM,WE,Federal Contract Tower,0,0,65,0,65,0,0,190,0,190,0,0,255,0,255,244,0,244,499
05/07/2017,TIW,WA,ANM,WE,Federal Contract Tower,0,4,23,0,27,0,0,131,0,131,0,4,154,0,158,193,0,193,351
05/08/2017,TIW,WA,ANM,WE,Federal Contract Tower,0,2,58,0,60,0,0,161,0,161,0,2,219,0,221,330,0,330,551
05/09/2017,TIW,WA,ANM,WE,Federal Contract Tower,0,0,79,0,79,0,0,177,2,179,0,0,256,2,258,258,0,258,516
05/10/2017,TIW,WA,ANM,WE,Federal Contract Tower,0,0,49,0,49,0,0,149,0,149,0,0,198,0,198,303,0,303,501
05/11/2017,TIW,WA,ANM,WE,Federal Contract Tower,0,0,56,0,56,0,2,40,0,42,0,2,96,0,98,41,0,41,139
05/12/2017,TIW,WA,ANM,WE,Federal Contract Tower,0,2,29,1,32,0,1,54,0,55,0,3,83,1,87,91,0,91,178
05/13/2017,TIW,WA,ANM,WE,Federal Contract Tower,0,0,39,0,39,0,0,56,0,56,0,0,95,0,95,88,0,88,183
05/14/2017,TIW,WA,ANM,WE,Federal Contract Tower,0,1,31,0,32,0,0,22,0,22,0,1,53,0,54,16,0,16,70
05/15/2017,TIW,WA,ANM,WE,Federal Contract Tower,0,0,57,0,57,0,0,53,0,53,0,0,110,0,110,174,0,174,284
05/16/2017,TIW,WA,ANM,WE,Federal Contract Tower,0,2,20,0,22,0,0,25,0,25,0,2,45,0,47,88,0,88,135
05/17/2017,TIW,WA,ANM,WE,Federal Contract Tower,0,0,50,0,50,0,0,94,0,94,0,0,144,0,144,140,0,140,284
05/18/2017,TIW,WA,ANM,WE,Federal Contract Tower,0,0,64,0,64,0,0,186,0,186,0,0,250,0,250,192,0,192,442
05/19/2017,TIW,WA,ANM,WE,Federal Contract Tower,0,1,57,0,58,0,0,186,0,186,0,1,243,0,244,235,0,235,479
05/20/2017,TIW,WA,ANM,WE,Federal Contract Tower,0,0,58,0,58,0,0,221,0,221,0,0,279,0,279,292,0,292,571
05/21/2017,TIW,WA,ANM,WE,Federal Contract Tower,0,1,34,0,35,0,0,127,0,127,0,1,161,0,162,174,0,174,336
05/22/2017,TIW,WA,ANM,WE,Federal Contract Tower,0,0,35,0,35,0,0,164,0,164,0,0,199,0,199,174,0,174,373
05/23/2017,TIW,WA,ANM,WE,Federal Contract Tower,0,0,38,0,38,0,0,139,0,139,0,0,177,0,177,77,0,77,254
05/24/2017,TIW,WA,ANM,WE,Federal Contract Tower,0,0,45,0,45,0,0,146,0,146,0,0,191,0,191,248,0,248,439
05/25/2017,TIW,WA,ANM,WE,Federal Contract Tower,0,2,61,0,63,0,0,132,0,132,0,2,193,0,195,161,0,161,356
05/26/2017,TIW,WA,ANM,WE,Federal Contract Tower,0,0,44,0,44,0,0,138,0,138,0,0,182,0,182,165,0,165,347
05/27/2017,TIW,WA,ANM,WE,Federal Contract Tower,0,0,38,0,38,0,0,192,0,192,0,0,230,0,230,188,0,188,418
05/28/2017,TIW,WA,ANM,WE,Federal Contract Tower,0,0,18,0,18,0,0,139,0,139,0,0,157,0,157,95,0,95,252
05/29/2017,TIW,WA,ANM,WE,Federal Contract Tower,0,1,36,0,37,0,0,121,0,121,0,1,157,0,158,89,0,89,247
05/30/2017,TIW,WA,ANM,WE,Federal Contract Tower,0,0,41,0,41,0,0,21,0,21,0,0,62,0,62,110,0,110,172
05/31/2017,TIW,WA,ANM,WE,Federal Contract Tower,0,0,48,0,48,0,0,136,0,136,0,0,184,0,184,195,0,195,379
06/01/2017,TIW,WA,ANM,WE,Federal Contract Tower,0,0,54,0,54,0,0,39,0,39,0,0,93,0,93,88,0,88,181
06/02/2017,TIW,WA,ANM,WE,Federal Contract Tower,0,5,64,0,69,0,0,123,0,123,0,5,187,0,192,194,0,194,386
06/03/2017,TIW,WA,ANM,WE,Federal Contract Tower,0,0,56,0,56,0,0,204,0,204,0,0,260,0,260,232,0,232,492
06/04/2017,TIW,WA,ANM,WE,Federal Contract Tower,0,3,32,0,35,0,0,121,0,121,0,3,153,0,156,183,0,183,339
06/05/2017,TIW,WA,ANM,WE,Federal Contract Tower,0,2,46,0,48,0,0,164,0,164,0,2,210,0,212,191,0,191,403
06/06/2017,TIW,WA,ANM,WE,Federal Contract Tower,0,0,26,0,26,0,0,174,2,176,0,0,200,2,202,194,5,199,401
06/07/2017,TIW,WA,ANM,WE,Federal Contract Tower,0,0,42,0,42,0,0,204,0,204,0,0,246,0,246,274,0,274,520
06/08/2017,TIW,WA,ANM,WE,Federal Contract Tower,0,0,14,0,14,0,0,26,0,26,0,0,40,0,40,6,0,6,46
06/09/2017,TIW,WA,ANM,WE,Federal Contract Tower,0,0,47,0,47,0,2,107,1,110,0,2,154,1,157,72,0,72,229
06/10/2017,TIW,WA,ANM,WE,Federal Contract Tower,0,1,50,0,51,0,2,119,0,121,0,3,169,0,172,155,0,155,327
06/11/2017,TIW,WA,ANM,WE,Federal Contract Tower,0,3,62,0,65,0,0,113,0,113,0,3,175,0,178,130,0,130,308
06/12/2017,TIW,WA,ANM,WE,Federal Contract Tower,0,0,42,0,42,0,0,79,10,89,0,0,121,10,131,135,0,135,266
06/13/2017,TIW,WA,ANM,WE,Federal Contract Tower,0,0,61,0,61,0,0,143,2,145,0,0,204,2,206,184,0,184,390
06/14/2017,TIW,WA,ANM,WE,Federal Contract Tower,0,1,61,0,62,0,0,209,0,209,0,1,270,0,271,151,0,151,422
06/15/2017,TIW,WA,ANM,WE,Federal Contract Tower,0,0,30,0,30,0,0,2,0,2,0,0,32,0,32,0,0,0,32
06/16/2017,TIW,WA,ANM,WE,Federal Contract Tower,0,6,48,0,54,0,0,121,0,121,0,6,169,0,175,183,0,183,358
06/17/2017,TIW,WA,ANM,WE,Federal Contract Tower,0,0,27,0,27,0,0,168,0,168,0,0,195,0,195,284,0,284,479
06/18/2017,TIW,WA,ANM,WE,Federal Contract Tower,0,0,29,0,29,0,0,59,0,59,0,0,88,0,88,89,0,89,177
06/19/2017,TIW,WA,ANM,WE,Federal Contract Tower,0,0,32,0,32,0,0,107,0,107,0,0,139,0,139,154,0,154,293
06/20/2017,TIW,WA,ANM,WE,Federal Contract Tower,0,1,64,0,65,0,0,88,0,88,0,1,152,0,153,81,0,81,234
06/21/2017,TIW,WA,ANM,WE,Federal Contract Tower,0,0,55,0,55,0,0,237,0,237,0,0,292,0,292,350,0,350,642
06/22/2017,TIW,WA,ANM,WE,Federal Contract Tower,0,0,36,0,36,0,0,153,0,153,0,0,189,0,189,239,0,239,428
06/23/2017,TIW,WA,ANM,WE,Federal Contract Tower,0,2,37,0,39,0,0,170,0,170,0,2,207,0,209,156,0,156,365
06/24/2017,TIW,WA,ANM,WE,Federal Contract Tower,0,0,16,0,16,0,0,129,0,129,0,0,145,0,145,104,0,104,249
06/25/2017,TIW,WA,ANM,WE,Federal Contract Tower,0,0,17,0,17,0,0,114,0,114,0,0,131,0,131,143,0,143,274
06/26/2017,TIW,WA,ANM,WE,Federal Contract Tower,0,0,40,0,40,0,0,120,2,122,0,0,160,2,162,97,4,101,263
06/27/2017,TIW,WA,ANM,WE,Federal Contract Tower,0,2,39,0,41,0,0,130,2,132,0,2,169,2,173,100,0,100,273
06/28/2017,TIW,WA,ANM,WE,Federal Contract Tower,0,0,83,0,83,0,0,91,0,91,0,0,174,0,174,275,0,275,449
06/29/2017,TIW,WA,ANM,WE,Federal Contract Tower,0,2,59,0,61,0,0,176,0,176,0,2,235,0,237,156,0,156,393
06/30/2017,TIW,WA,ANM,WE,Federal Contract Tower,0,13,27,0,40,0,0,233,0,233,0,13,260,0,273,155,0,155,428
07/01/2017,TIW,WA,ANM,WE,Federal Contract Tower,0,0,58,0,58,0,0,136,0,136,0,0,194,0,194,152,0,152,346
07/02/2017,TIW,WA,ANM,WE,Federal Contract Tower,0,1,15,0,16,0,0,93,2,95,0,1,108,2,111,24,0,24,135
07/03/2017,TIW,WA,ANM,WE,Federal Contract Tower,0,1,24,0,25,0,0,89,3,92,0,1,113,3,117,96,0,96,213
07/04/2017,TIW,WA,ANM,WE,Federal Contract Tower,0,1,11,0,12,0,0,148,0,148,0,1,159,0,160,97,0,97,257
07/05/2017,TIW,WA,ANM,WE,Federal Contract Tower,0,1,46,0,47,0,1,177,0,178,0,2,223,0,225,306,0,306,531
07/06/2017,TIW,WA,ANM,WE,Federal Contract Tower,0,3,45,2,50,0,0,190,0,190,0,3,235,2,240,178,0,178,418
07/07/2017,TIW,WA,ANM,WE,Federal Contract Tower,0,1,69,0,70,0,0,145,0,145,0,1,214,0,215,143,0,143,358
07/08/2017,TIW,WA,ANM,WE,Federal Contract Tower,0,0,18,0,18,0,0,137,0,137,0,0,155,0,155,147,0,147,302
07/09/2017,TIW,WA,ANM,WE,Federal Contract Tower,0,2,35,0,37,0,0,138,0,138,0,2,173,0,175,168,0,168,343
07/10/2017,TIW,WA,ANM,WE,Federal Contract Tower,0,3,40,0,43,0,0,87,0,87,0,3,127,0,130,159,0,159,289
07/11/2017,TIW,WA,ANM,WE,Federal Contract Tower,0,3,88,0,91,0,0,152,0,152,0,3,240,0,243,168,0,168,411
07/12/2017,TIW,WA,ANM,WE,Federal Contract Tower,0,1,57,0,58,0,0,136,0,136,0,1,193,0,194,200,0,200,394
07/13/2017,TIW,WA,ANM,WE,Federal Contract Tower,0,5,59,0,64,0,1,119,0,120,0,6,178,0,184,202,0,202,386
07/14/2017,TIW,WA,ANM,WE,Federal Contract Tower,0,0,30,0,30,0,0,176,2,178,0,0,206,2,208,214,26,240,448
07/15/2017,TIW,WA,ANM,WE,Federal Contract Tower,0,0,24,0,24,0,0,174,0,174,0,0,198,0,198,155,0,155,353
07/16/2017,TIW,WA,ANM,WE,Federal Contract Tower,0,0,34,0,34,0,0,132,0,132,0,0,166,0,166,112,0,112,278
07/17/2017,TIW,WA,ANM,WE,Federal Contract Tower,0,2,42,0,44,0,2,154,0,156,0,4,196,0,200,172,0,172,372
07/18/2017,TIW,WA,ANM,WE,Federal Contract Tower,0,0,72,0,72,0,0,158,1,159,0,0,230,1,231,165,1,166,397
07/19/2017,TIW,WA,ANM,WE,Federal Contract Tower,0,1,62,1,64,0,0,152,0,152,0,1,214,1,216,168,0,168,384
07/20/2017,TIW,WA,ANM,WE,Federal Contract Tower,0,0,122,0,122,0,0,86,0,86,0,0,208,0,208,93,0,93,301
07/21/2017,TIW,WA,ANM,WE,Federal Contract Tower,0,2,65,0,67,0,0,120,0,120,0,2,185,0,187,132,0,132,319
07/22/2017,TIW,WA,ANM,WE,Federal Contract Tower,0,1,29,0,30,0,0,125,0,125,0,1,154,0,155,81,0,81,236
07/23/2017,TIW,WA,ANM,WE,Federal Contract Tower,0,0,35,0,35,0,0,93,0,93,0,0,128,0,128,22,0,22,150
07/24/2017,TIW,WA,ANM,WE,Federal Contract Tower,0,0,43,0,43,0,0,128,0,128,0,0,171,0,171,139,0,139,310
07/25/2017,TIW,WA,ANM,WE,Federal Contract Tower,0,0,55,0,55,0,0,167,0,167,0,0,222,0,222,155,0,155,377
07/26/2017,TIW,WA,ANM,WE,Federal Contract Tower,0,1,56,0,57,0,0,118,1,119,0,1,174,1,176,135,0,135,311
07/27/2017,TIW,WA,ANM,WE,Federal Contract Tower,0,3,54,0,57,0,0,68,0,68,0,3,122,0,125,134,0,134,259
07/28/2017,TIW,WA,ANM,WE,Federal Contract Tower,0,0,46,0,46,0,2,104,0,106,0,2,150,0,152,244,0,244,396
07/29/2017,TIW,WA,ANM,WE,Federal Contract Tower,0,0,30,0,30,0,0,136,0,136,0,0,166,0,166,183,0,183,349
07/30/2017,TIW,WA,ANM,WE,Federal Contract Tower,0,0,18,0,18,0,0,110,0,110,0,0,128,0,128,134,0,134,262
07/31/2017,TIW,WA,ANM,WE,Federal Contract Tower,0,1,25,0,26,0,0,152,0,152,0,1,177,0,178,205,0,205,383
08/01/2017,TIW,WA,ANM,WE,Federal Contract Tower,0,0,45,0,45,0,0,125,5,130,0,0,170,5,175,116,0,116,291
08/02/2017,TIW,WA,ANM,WE,Federal Contract Tower,0,0,54,0,54,0,0,65,0,65,0,0,119,0,119,152,0,152,271
08/03/2017,TIW,WA,ANM,WE,Federal Contract Tower,0,2,39,2,43,0,1,41,2,44,0,3,80,4,87,65,6,71,158
08/04/2017,TIW,WA,ANM,WE,Federal Contract Tower,0,0,46,0,46,0,1,90,0,91,0,1,136,0,137,98,0,98,235
08/05/2017,TIW,WA,ANM,WE,Federal Contract Tower,0,0,47,0,47,0,0,121,0,121,0,0,168,0,168,104,0,104,272
08/06/2017,TIW,WA,ANM,WE,Federal Contract Tower,0,1,24,0,25,0,0,98,0,98,0,1,122,0,123,115,0,115,238
08/07/2017,TIW,WA,ANM,WE,Federal Contract Tower,0,1,54,0,55,0,0,103,0,103,0,1,157,0,158,165,0,165,323
08/08/2017,TIW,WA,ANM,WE,Federal Contract Tower,0,0,51,0,51,0,0,92,0,92,0,0,143,0,143,135,0,135,278
08/09/2017,TIW,WA,ANM,WE,Federal Contract Tower,0,0,82,0,82,0,0,138,0,138,0,0,220,0,220,192,0,192,412
08/10/2017,TIW,WA,ANM,WE,Federal Contract Tower,0,0,39,0,39,0,0,97,0,97,0,0,136,0,136,239,0,239,375
08/11/2017,TIW,WA,ANM,WE,Federal Contract Tower,0,1,26,7,34,0,0,128,0,128,0,1,154,7,162,150,0,150,312
08/12/2017,TIW,WA,ANM,WE,Federal Contract Tower,0,0,49,0,49,0,0,137,0,137,0,0,186,0,186,181,0,181,367
08/13/2017,TIW,WA,ANM,WE,Federal Contract Tower,0,2,14,0,16,0,0,77,0,77,0,2,91,0,93,70,0,70,163
08/14/2017,TIW,WA,ANM,WE,Federal Contract Tower,0,3,83,6,92,0,0,169,0,169,0,3,252,6,261,244,0,244,505
08/15/2017,TIW,WA,ANM,WE,Federal Contract Tower,0,0,43,0,43,0,0,166,0,166,0,0,209,0,209,199,0,199,408
08/16/2017,TIW,WA,ANM,WE,Federal Contract Tower,0,1,53,0,54,0,0,170,0,170,0,1,223,0,224,209,0,209,433
08/17/2017,TIW,WA,ANM,WE,Federal Contract Tower,0,0,62,0,62,0,0,93,0,93,0,0,155,0,155,153,0,153,308
08/18/2017,TIW,WA,ANM,WE,Federal Contract Tower,0,1,48,0,49,0,0,116,0,116,0,1,164,0,165,69,0,69,234
08/19/2017,TIW,WA,ANM,WE,Federal Contract Tower,0,3,32,0,35,0,0,157,0,157,0,3,189,0,192,192,0,192,384
08/20/2017,TIW,WA,ANM,WE,Federal Contract Tower,0,1,15,0,16,0,0,147,10,157,0,1,162,10,173,79,0,79,252
08/21/2017,TIW,WA,ANM,WE,Federal Contract Tower,0,2,23,0,25,0,0,151,0,151,0,2,174,0,176,124,0,124,300
08/22/2017,TIW,WA,ANM,WE,Federal Contract Tower,0,0,34,0,34,0,0,167,0,167,0,0,201,0,201,253,0,253,454
08/23/2017,TIW,WA,ANM,WE,Federal Contract Tower,0,0,50,0,50,0,0,75,0,75,0,0,125,0,125,76,0,76,201
08/25/2017,TIW,WA,ANM,WE,Federal Contract Tower,0,0,21,0,21,0,0,146,0,146,0,0,167,0,167,146,0,146,313
08/26/2017,TIW,WA,ANM,WE,Federal Contract Tower,0,0,23,0,23,0,0,126,0,126,0,0,149,0,149,117,0,117,266
08/27/2017,TIW,WA,ANM,WE,Federal Contract Tower,0,0,35,0,35,0,0,112,0,112,0,0,147,0,147,95,0,95,242
08/28/2017,TIW,WA,ANM,WE,Federal Contract Tower,0,2,37,0,39,0,0,123,2,125,0,2,160,2,164,169,0,169,333
08/29/2017,TIW,WA,ANM,WE,Federal Contract Tower,0,2,59,0,61,0,0,127,0,127,0,2,186,0,188,137,0,137,325
08/30/2017,TIW,WA,ANM,WE,Federal Contract Tower,0,1,52,0,53,0,0,103,0,103,0,1,155,0,156,82,0,82,238
08/31/2017,TIW,WA,ANM,WE,Federal Contract Tower,0,3,63,0,66,0,0,82,0,82,0,3,145,0,148,97,0,97,245
09/01/2017,TIW,WA,ANM,WE,Federal Contract Tower,0,2,43,0,45,0,0,165,0,165,0,2,208,0,210,201,0,201,411
09/02/2017,TIW,WA,ANM,WE,Federal Contract Tower,0,1,31,0,32,0,0,160,0,160,0,1,191,0,192,134,0,134,326
09/03/2017,TIW,WA,ANM,WE,Federal Contract Tower,0,1,31,0,32,0,0,132,0,132,0,1,163,0,164,167,0,167,331
09/04/2017,TIW,WA,ANM,WE,Federal Contract Tower,0,1,27,0,28,0,1,173,1,175,0,2,200,1,203,146,1,147,350
09/05/2017,TIW,WA,ANM,WE,Federal Contract Tower,0,0,29,0,29,0,0,64,0,64,0,0,93,0,93,107,0,107,200
09/06/2017,TIW,WA,ANM,WE,Federal Contract Tower,0,2,41,0,43,0,0,55,0,55,0,2,96,0,98,105,0,105,203
09/07/2017,TIW,WA,ANM,WE,Federal Contract Tower,0,1,26,0,27,0,0,101,0,101,0,1,127,0,128,180,0,180,308
09/08/2017,TIW,WA,ANM,WE,Federal Contract Tower,0,0,61,0,61,0,0,42,2,44,0,0,103,2,105,68,0,68,173
09/09/2017,TIW,WA,ANM,WE,Federal Contract Tower,0,1,42,3,46,0,0,112,0,112,0,1,154,3,158,116,0,116,274
09/10/2017,TIW,WA,ANM,WE,Federal Contract Tower,0,1,15,0,16,0,0,109,0,109,0,1,124,0,125,84,0,84,209
09/11/2017,TIW,WA,ANM,WE,Federal Contract Tower,0,0,40,0,40,0,0,176,0,176,0,0,216,0,216,232,0,232,448
09/12/2017,TIW,WA,ANM,WE,Federal Contract Tower,0,1,59,0,60,0,0,115,2,117,0,1,174,2,177,219,0,219,396
09/13/2017,TIW,WA,ANM,WE,Federal Contract Tower,0,0,54,0,54,0,0,122,0,122,0,0,176,0,176,149,0,149,325
09/14/2017,TIW,WA,ANM,WE,Federal Contract Tower,0,1,36,0,37,0,0,145,0,145,0,1,181,0,182,170,0,170,352
09/15/2017,TIW,WA,ANM,WE,Federal Contract Tower,0,5,28,0,33,0,0,138,6,144,0,5,166,6,177,193,6,199,376
09/16/2017,TIW,WA,ANM,WE,Federal Contract Tower,0,0,47,2,49,0,0,120,0,120,0,0,167,2,169,128,0,128,297
09/17/2017,TIW,WA,ANM,WE,Federal Contract Tower,0,2,11,0,13,0,0,28,0,28,0,2,39,0,41,42,0,42,83
09/18/2017,TIW,WA,ANM,WE,Federal Contract Tower,0,0,25,0,25,0,0,51,0,51,0,0,76,0,76,93,0,93,169
09/19/2017,TIW,WA,ANM,WE,Federal Contract Tower,0,0,42,0,42,0,0,52,0,52,0,0,94,0,94,42,0,42,136
09/20/2017,TIW,WA,ANM,WE,Federal Contract Tower,0,4,43,2,49,0,0,0,0,0,0,4,43,2,49,38,0,38,87
09/21/2017,TIW,WA,ANM,WE,Federal Contract Tower,0,2,57,5,64,0,4,80,0,84,0,6,137,5,148,91,0,91,239
09/22/2017,TIW,WA,ANM,WE,Federal Contract Tower,0,0,37,0,37,0,1,164,3,168,0,1,201,3,205,143,10,153,358
09/23/2017,TIW,WA,ANM,WE,Federal Contract Tower,0,1,41,0,42,0,0,142,0,142,0,1,183,0,184,190,0,190,374
09/24/2017,TIW,WA,ANM,WE,Federal Contract Tower,0,1,37,0,38,0,0,112,0,112,0,1,149,0,150,114,0,114,264
09/25/2017,TIW,WA,ANM,WE,Federal Contract Tower,0,2,62,4,68,0,0,58,3,61,0,2,120,7,129,120,1,121,250
09/26/2017,TIW,WA,ANM,WE,Federal Contract Tower,0,0,39,0,39,0,3,182,0,185,0,3,221,0,224,213,0,213,437
09/27/2017,TIW,WA,ANM,WE,Federal Contract Tower,0,0,41,0,41,0,0,142,0,142,0,0,183,0,183,174,0,174,357
09/28/2017,TIW,WA,ANM,WE,Federal Contract Tower,0,0,73,0,73,0,0,168,1,169,0,0,241,1,242,160,0,160,402
09/29/2017,TIW,WA,ANM,WE,Federal Contract Tower,0,0,52,0,52,0,0,27,3,30,0,0,79,3,82,3,0,3,85
09/30/2017,TIW,WA,ANM,WE,Federal Contract Tower,0,0,27,0,27,0,0,56,0,56,0,0,83,0,83,55,0,55,138
10/01/2017,TIW,WA,ANM,WE,Federal Contract Tower,0,2,18,0,20,0,0,26,0,26,0,2,44,0,46,24,0,24,70
10/02/2017,TIW,WA,ANM,WE,Federal Contract Tower,0,0,75,0,75,0,1,96,1,98,0,1,171,1,173,122,0,122,295
10/03/2017,TIW,WA,ANM,WE,Federal Contract Tower,0,0,33,0,33,0,0,136,0,136,0,0,169,0,169,217,0,217,386
10/04/2017,TIW,WA,ANM,WE,Federal Contract Tower,0,0,32,0,32,0,0,183,0,183,0,0,215,0,215,195,10,205,420
10/05/2017,TIW,WA,ANM,WE,Federal Contract Tower,0,1,53,2,56,0,0,202,2,204,0,1,255,4,260,238,0,238,498
10/06/2017,TIW,WA,ANM,WE,Federal Contract Tower,0,0,45,0,45,0,0,61,0,61,0,0,106,0,106,106,0,106,212
10/07/2017,TIW,WA,ANM,WE,Federal Contract Tower,0,0,35,0,35,0,0,61,0,61,0,0,96,0,96,71,0,71,167
10/08/2017,TIW,WA,ANM,WE,Federal Contract Tower,0,0,22,0,22,0,0,109,0,109,0,0,131,0,131,162,0,162,293
10/09/2017,TIW,WA,ANM,WE,Federal Contract Tower,0,2,40,0,42,0,0,117,0,117,0,2,157,0,159,166,0,166,325
10/10/2017,TIW,WA,ANM,WE,Federal Contract Tower,0,1,58,0,59,0,0,50,0,50,0,1,108,0,109,52,0,52,161
10/11/2017,TIW,WA,ANM,WE,Federal Contract Tower,0,6,34,0,40,0,0,64,0,64,0,6,98,0,104,112,0,112,216
10/12/2017,TIW,WA,ANM,WE,Federal Contract Tower,0,0,32,0,32,0,0,6,0,6,0,0,38,0,38,3,0,3,41
10/13/2017,TIW,WA,ANM,WE,Federal Contract Tower,0,4,34,0,38,0,0,93,0,93,0,4,127,0,131,168,0,168,299
10/14/2017,TIW,WA,ANM,WE,Federal Contract Tower,0,2,56,0,58,0,0,121,2,123,0,2,177,2,181,95,2,97,278
10/15/2017,TIW,WA,ANM,WE,Federal Contract Tower,0,0,17,6,23,0,2,162,5,169,0,2,179,11,192,142,4,146,338
10/16/2017,TIW,WA,ANM,WE,Federal Contract Tower,0,0,49,1,50,0,0,101,0,101,0,0,150,1,151,102,0,102,253
10/17/2017,TIW,WA,ANM,WE,Federal Contract Tower,0,0,10,1,11,0,1,33,0,34,0,1,43,1,45,15,0,15,60
10/18/2017,TIW,WA,ANM,WE,Federal Contract Tower,0,0,9,0,9,0,0,26,0,26,0,0,35,0,35,72,0,72,107
10/19/2017,TIW,WA,ANM,WE,Federal Contract Tower,0,5,19,0,24,0,0,24,0,24,0,5,43,0,48,32,0,32,80
10/20/2017,TIW,WA,ANM,WE,Federal Contract Tower,0,4,47,0,51,0,1,28,0,29,0,5,75,0,80,64,0,64,144
10/21/2017,TIW,WA,ANM,WE,Federal Contract Tower,0,3,8,1,12,0,0,0,0,0,0,3,8,1,12,0,0,0,12
10/22/2017,TIW,WA,ANM,WE,Federal Contract Tower,0,1,19,0,20,0,0,38,0,38,0,1,57,0,58,43,0,43,101
10/23/2017,TIW,WA,ANM,WE,Federal Contract Tower,0,0,31,0,31,0,0,101,0,101,0,0,132,0,132,234,0,234,366
10/24/2017,TIW,WA,ANM,WE,Federal Contract Tower,0,0,40,0,40,0,2,152,0,154,0,2,192,0,194,212,0,212,406
10/25/2017,TIW,WA,ANM,WE,Federal Contract Tower,0,0,47,1,48,0,0,41,1,42,0,0,88,2,90,56,2,58,148
10/26/2017,TIW,WA,ANM,WE,Federal Contract Tower,0,3,37,0,40,0,0,93,0,93,0,3,130,0,133,123,0,123,256
10/27/2017,TIW,WA,ANM,WE,Federal Contract Tower,0,0,31,1,32,0,0,164,0,164,0,0,195,1,196,159,0,159,355
10/28/2017,TIW,WA,ANM,WE,Federal Contract Tower,0,0,28,1,29,0,0,140,0,140,0,0,168,1,169,80,0,80,249
10/29/2017,TIW,WA,ANM,WE,Federal Contract Tower,0,3,10,0,13,0,0,13,0,13,0,3,23,0,26,0,0,0,26
10/30/2017,TIW,WA,ANM,WE,Federal Contract Tower,0,1,37,0,38,0,0,183,0,183,0,1,220,0,221,159,0,159,380
10/31/2017,TIW,WA,ANM,WE,Federal Contract Tower,0,1,49,0,50,0,0,205,0,205,0,1,254,0,255,150,0,150,405
11/01/2017,TIW,WA,ANM,WE,Federal Contract Tower,0,1,31,0,32,0,0,53,0,53,0,1,84,0,85,137,0,137,222
11/02/2017,TIW,WA,ANM,WE,Federal Contract Tower,0,0,42,0,42,0,0,16,0,16,0,0,58,0,58,0,0,0,58
11/03/2017,TIW,WA,ANM,WE,Federal Contract Tower,0,10,6,0,16,0,0,0,0,0,0,10,6,0,16,0,0,0,16
11/04/2017,TIW,WA,ANM,WE,Federal Contract Tower,0,0,13,0,13,0,0,20,0,20,0,0,33,0,33,0,0,0,33
11/05/2017,TIW,WA,ANM,WE,Federal Contract Tower,0,0,3,0,3,0,0,1,0,1,0,0,4,0,4,7,0,7,11
11/06/2017,TIW,WA,ANM,WE,Federal Contract Tower,0,0,50,0,50,0,0,143,0,143,0,0,193,0,193,147,0,147,340
11/07/2017,TIW,WA,ANM,WE,Federal Contract Tower,0,2,50,0,52,0,0,104,0,104,0,2,154,0,156,190,0,190,346
11/08/2017,TIW,WA,ANM,WE,Federal Contract Tower,0,6,34,0,40,0,0,38,2,40,0,6,72,2,80,74,0,74,154
11/09/2017,TIW,WA,ANM,WE,Federal Contract Tower,0,2,44,0,46,0,0,24,0,24,0,2,68,0,70,29,0,29,99
11/10/2017,TIW,WA,ANM,WE,Federal Contract Tower,0,5,47,0,52,0,0,19,0,19,0,5,66,0,71,47,0,47,118
11/11/2017,TIW,WA,ANM,WE,Federal Contract Tower,0,0,52,0,52,0,0,71,2,73,0,0,123,2,125,114,0,114,239
11/12/2017,TIW,WA,ANM,WE,Federal Contract Tower,0,1,36,0,37,0,0,49,0,49,0,1,85,0,86,146,0,146,232
11/13/2017,TIW,WA,ANM,WE,Federal Contract Tower,0,1,0,0,1,0,0,3,0,3,0,1,3,0,4,0,0,0,4
11/14/2017,TIW,WA,ANM,WE,Federal Contract Tower,0,0,8,0,8,0,0,6,0,6,0,0,14,0,14,7,0,7,21
11/15/2017,TIW,WA,ANM,WE,Federal Contract Tower,0,1,60,0,61,0,0,47,0,47,0,1,107,0,108,166,0,166,274
11/16/2017,TIW,WA,ANM,WE,Federal Contract Tower,0,0,29,0,29,0,0,0,0,0,0,0,29,0,29,0,0,0,29
11/17/2017,TIW,WA,ANM,WE,Federal Contract Tower,0,1,71,0,72,0,0,143,0,143,0,1,214,0,215,168,0,168,383
11/18/2017,TIW,WA,ANM,WE,Federal Contract Tower,0,0,38,6,44,0,0,184,0,184,0,0,222,6,228,244,0,244,472
11/19/2017,TIW,WA,ANM,WE,Federal Contract Tower,0,2,15,0,17,0,0,24,0,24,0,2,39,0,41,11,0,11,52
11/20/2017,TIW,WA,ANM,WE,Federal Contract Tower,0,3,27,0,30,0,0,46,0,46,0,3,73,0,76,114,0,114,190
11/21/2017,TIW,WA,ANM,WE,Federal Contract Tower,0,7,14,0,21,0,0,0,0,0,0,7,14,0,21,10,0,10,31
11/22/2017,TIW,WA,ANM,WE,Federal Contract Tower,0,1,21,0,22,0,0,63,0,63,0,1,84,0,85,167,0,167,252
11/23/2017,TIW,WA,ANM,WE,Federal Contract Tower,0,0,2,0,2,0,0,0,0,0,0,0,2,0,2,0,0,0,2
11/24/2017,TIW,WA,ANM,WE,Federal Contract Tower,0,0,32,0,32,0,0,104,0,104,0,0,136,0,136,82,0,82,218
11/25/2017,TIW,WA,ANM,WE,Federal Contract Tower,0,0,43,0,43,0,0,117,0,117,0,0,160,0,160,118,0,118,278
11/26/2017,TIW,WA,ANM,WE,Federal Contract Tower,0,2,6,0,8,0,0,12,0,12,0,2,18,0,20,28,0,28,48
11/27/2017,TIW,WA,ANM,WE,Federal Contract Tower,0,1,40,0,41,0,0,86,0,86,0,1,126,0,127,142,0,142,269
11/28/2017,TIW,WA,ANM,WE,Federal Contract Tower,0,2,8,4,14,0,0,1,0,1,0,2,9,4,15,14,0,14,29
11/29/2017,TIW,WA,ANM,WE,Federal Contract Tower,0,4,69,0,73,0,0,167,0,167,0,4,236,0,240,203,0,203,443
11/30/2017,TIW,WA,ANM,WE,Federal Contract Tower,0,0,42,2,44,0,0,10,0,10,0,0,52,2,54,17,0,17,71
12/01/2017,TIW,WA,ANM,WE,Federal Contract Tower,0,46,0,0,46,0,0,41,0,41,0,46,41,0,87,74,0,74,161
12/02/2017,TIW,WA,ANM,WE,Federal Contract Tower,0,1,19,0,20,0,0,6,0,6,0,1,25,0,26,4,0,4,30
12/03/2017,TIW,WA,ANM,WE,Federal Contract Tower,0,0,15,0,15,0,0,32,0,32,0,0,47,0,47,43,0,43,90
12/04/2017,TIW,WA,ANM,WE,Federal Contract Tower,0,0,31,0,31,0,0,28,4,32,0,0,59,4,63,57,4,61,124
12/05/2017,TIW,WA,ANM,WE,Federal Contract Tower,0,0,32,0,32,0,0,118,0,118,0,0,150,0,150,167,0,167,317
12/06/2017,TIW,WA,ANM,WE,Federal Contract Tower,0,0,49,0,49,0,0,126,6,132,0,0,175,6,181,134,1,135,316
12/07/2017,TIW,WA,ANM,WE,Federal Contract Tower,0,0,37,0,37,0,0,21,0,21,0,0,58,0,58,0,0,0,58
12/08/2017,TIW,WA,ANM,WE,Federal Contract Tower,0,0,17,0,17,0,0,0,0,0,0,0,17,0,17,0,0,0,17
12/09/2017,TIW,WA,ANM,WE,Federal Contract Tower,0,0,36,0,36,0,0,51,0,51,0,0,87,0,87,72,0,72,159
12/10/2017,TIW,WA,ANM,WE,Federal Contract Tower,0,0,15,0,15,0,0,95,0,95,0,0,110,0,110,149,0,149,259
12/11/2017,TIW,WA,ANM,WE,Federal Contract Tower,0,0,50,0,50,0,0,114,0,114,0,0,164,0,164,152,0,152,316
12/12/2017,TIW,WA,ANM,WE,Federal Contract Tower,0,0,55,0,55,0,0,106,0,106,0,0,161,0,161,197,0,197,358
12/13/2017,TIW,WA,ANM,WE,Federal Contract Tower,0,8,46,0,54,0,0,127,0,127,0,8,173,0,181,182,0,182,363
12/14/2017,TIW,WA,ANM,WE,Federal Contract Tower,0,0,40,0,40,0,0,107,0,107,0,0,147,0,147,92,0,92,239
12/15/2017,TIW,WA,ANM,WE,Federal Contract Tower,0,0,37,0,37,0,0,16,0,16,0,0,53,0,53,7,0,7,60
12/16/2017,TIW,WA,ANM,WE,Federal Contract Tower,0,0,16,0,16,0,0,21,2,23,0,0,37,2,39,40,0,40,79
12/17/2017,TIW,WA,ANM,WE,Federal Contract Tower,0,0,12,0,12,0,0,7,0,7,0,0,19,0,19,20,0,20,39
12/18/2017,TIW,WA,ANM,WE,Federal Contract Tower,0,3,27,0,30,0,0,42,0,42,0,3,69,0,72,115,0,115,187
12/19/2017,TIW,WA,ANM,WE,Federal Contract Tower,0,1,16,0,17,0,0,2,0,2,0,1,18,0,19,7,0,7,26
12/20/2017,TIW,WA,ANM,WE,Federal Contract Tower,0,1,49,0,50,0,0,101,0,101,0,1,150,0,151,147,0,147,298
12/21/2017,TIW,WA,ANM,WE,Federal Contract Tower,0,0,48,0,48,0,0,158,0,158,0,0,206,0,206,197,0,197,403
12/22/2017,TIW,WA,ANM,WE,Federal Contract Tower,0,0,7,0,7,0,0,15,0,15,0,0,22,0,22,0,0,0,22
12/23/2017,TIW,WA,ANM,WE,Federal Contract Tower,0,2,20,4,26,0,0,140,0,140,0,2,160,4,166,119,0,119,285
12/24/2017,TIW,WA,ANM,WE,Federal Contract Tower,0,0,0,0,0,0,0,23,0,23,0,0,23,0,23,18,0,18,41
12/25/2017,TIW,WA,ANM,WE,Federal Contract Tower,0,0,5,0,5,0,0,0,0,0,0,0,5,0,5,0,0,0,5
12/26/2017,TIW,WA,ANM,WE,Federal Contract Tower,0,0,12,0,12,0,0,12,0,12,0,0,24,0,24,2,0,2,26
12/27/2017,TIW,WA,ANM,WE,Federal Contract Tower,0,3,28,0,31,0,0,13,0,13,0,3,41,0,44,29,0,29,73
12/28/2017,TIW,WA,ANM,WE,Federal Contract Tower,0,0,12,0,12,0,0,14,0,14,0,0,26,0,26,14,0,14,40
12/29/2017,TIW,WA,ANM,WE,Federal Contract Tower,0,0,7,0,7,0,0,0,0,0,0,0,7,0,7,0,0,0,7
12/30/2017,TIW,WA,ANM,WE,Federal Contract Tower,0,0,29,0,29,0,0,58,0,58,0,0,87,0,87,175,0,175,262
12/31/2017,TIW,WA,ANM,WE,Federal Contract Tower,0,0,11,0,11,0,0,61,0,61,0,0,72,0,72,121,0,121,193
01/01/2018,TIW,WA,ANM,WE,Federal Contract Tower,0,0,21,0,21,0,0,70,0,70,0,0,91,0,91,43,0,43,134
01/02/2018,TIW,WA,ANM,WE,Federal Contract Tower,0,0,64,0,64,0,0,122,0,122,0,0,186,0,186,152,0,152,338
01/03/2018,TIW,WA,ANM,WE,Federal Contract Tower,0,0,33,2,35,0,0,129,4,133,0,0,162,6,168,96,0,96,264
01/04/2018,TIW,WA,ANM,WE,Federal Contract Tower,0,0,60,0,60,0,0,90,2,92,0,0,150,2,152,226,0,226,378
01/05/2018,TIW,WA,ANM,WE,Federal Contract Tower,0,0,43,0,43,0,0,5,0,5,0,0,48,0,48,0,0,0,48
01/06/2018,TIW,WA,ANM,WE,Federal Contract Tower,0,0,32,0,32,0,0,56,0,56,0,0,88,0,88,91,0,91,179
01/07/2018,TIW,WA,ANM,WE,Federal Contract Tower,0,0,1,0,1,0,0,17,0,17,0,0,18,0,18,33,0,33,51
01/08/2018,TIW,WA,ANM,WE,Federal Contract Tower,0,0,26,0,26,0,0,0,0,0,0,0,26,0,26,0,0,0,26
01/09/2018,TIW,WA,ANM,WE,Federal Contract Tower,0,1,38,0,39,0,0,13,0,13,0,1,51,0,52,21,0,21,73
01/10/2018,TIW,WA,ANM,WE,Federal Contract Tower,0,0,39,0,39,0,0,83,0,83,0,0,122,0,122,165,0,165,287
01/11/2018,TIW,WA,ANM,WE,Federal Contract Tower,0,0,17,0,17,0,0,1,0,1,0,0,18,0,18,0,0,0,18
01/12/2018,TIW,WA,ANM,WE,Federal Contract Tower,0,1,28,0,29,0,0,17,4,21,0,1,45,4,50,0,0,0,50
01/13/2018,TIW,WA,ANM,WE,Federal Contract Tower,0,1,66,0,67,0,0,96,0,96,0,1,162,0,163,123,0,123,286
01/14/2018,TIW,WA,ANM,WE,Federal Contract Tower,0,0,27,0,27,0,0,111,0,111,0,0,138,0,138,106,0,106,244
01/15/2018,TIW,WA,ANM,WE,Federal Contract Tower,0,0,43,0,43,0,0,123,0,123,0,0,166,0,166,148,0,148,314
01/16/2018,TIW,WA,ANM,WE,Federal Contract Tower,0,2,30,0,32,0,0,89,0,89,0,2,119,0,121,165,0,165,286
01/17/2018,TIW,WA,ANM,WE,Federal Contract Tower,0,2,36,0,38,0,0,57,0,57,0,2,93,0,95,135,0,135,230
01/18/2018,TIW,WA,ANM,WE,Federal Contract Tower,0,3,39,3,45,0,1,48,1,50,0,4,87,4,95,121,0,121,216
01/19/2018,TIW,WA,ANM,WE,Federal Contract Tower,0,5,43,0,48,0,0,66,0,66,0,5,109,0,114,74,0,74,188
01/20/2018,TIW,WA,ANM,WE,Federal Contract Tower,0,0,35,0,35,0,0,49,0,49,0,0,84,0,84,74,0,74,158
01/21/2018,TIW,WA,ANM,WE,Federal Contract Tower,0,1,11,0,12,0,0,2,0,2,0,1,13,0,14,2,0,2,16
01/22/2018,TIW,WA,ANM,WE,Federal Contract Tower,0,2,43,0,45,0,0,60,0,60,0,2,103,0,105,132,0,132,237
01/23/2018,TIW,WA,ANM,WE,Federal Contract Tower,0,0,10,0,10,0,0,1,0,1,0,0,11,0,11,4,0,4,15
01/24/2018,TIW,WA,ANM,WE,Federal Contract Tower,0,0,48,0,48,0,0,43,0,43,0,0,91,0,91,51,0,51,142
01/25/2018,TIW,WA,ANM,WE,Federal Contract Tower,0,0,8,0,8,0,0,30,0,30,0,0,38,0,38,76,0,76,114
01/26/2018,TIW,WA,ANM,WE,Federal Contract Tower,0,2,13,0,15,0,0,2,0,2,0,2,15,0,17,0,0,0,17
01/27/2018,TIW,WA,ANM,WE,Federal Contract Tower,0,0,11,0,11,0,0,6,0,6,0,0,17,0,17,2,0,2,19
01/28/2018,TIW,WA,ANM,WE,Federal Contract Tower,0,0,47,0,47,0,0,48,0,48,0,0,95,0,95,175,0,175,270
01/29/2018,TIW,WA,ANM,WE,Federal Contract Tower,0,0,12,2,14,0,0,28,2,30,0,0,40,4,44,134,2,136,180
01/30/2018,TIW,WA,ANM,WE,Federal Contract Tower,0,13,22,0,35,0,0,103,0,103,0,13,125,0,138,155,0,155,293
01/31/2018,TIW,WA,ANM,WE,Federal Contract Tower,0,0,77,0,77,0,0,82,0,82,0,0,159,0,159,216,0,216,375
02/01/2018,TIW,WA,ANM,WE,Federal Contract Tower,0,0,47,0,47,0,0,50,0,50,0,0,97,0,97,158,0,158,255
02/02/2018,TIW,WA,ANM,WE,Federal Contract Tower,0,0,23,1,24,0,2,9,4,15,0,2,32,5,39,2,0,2,41
02/03/2018,TIW,WA,ANM,WE,Federal Contract Tower,0,0,27,0,27,0,0,0,0,0,0,0,27,0,27,0,0,0,27
02/04/2018,TIW,WA,ANM,WE,Federal Contract Tower,0,0,8,0,8,0,0,5,0,5,0,0,13,0,13,4,0,4,17
02/05/2018,TIW,WA,ANM,WE,Federal Contract Tower,0,0,26,0,26,0,0,26,2,28,0,0,52,2,54,45,0,45,99
02/06/2018,TIW,WA,ANM,WE,Federal Contract Tower,0,1,61,1,63,0,0,29,1,30,0,1,90,2,93,51,6,57,150
02/07/2018,TIW,WA,ANM,WE,Federal Contract Tower,0,0,111,0,111,0,0,91,0,91,0,0,202,0,202,216,0,216,418
02/08/2018,TIW,WA,ANM,WE,Federal Contract Tower,0,4,34,0,38,0,0,12,2,14,0,4,46,2,52,12,0,12,64
02/09/2018,TIW,WA,ANM,WE,Federal Contract Tower,0,0,55,0,55,0,0,138,0,138,0,0,193,0,193,185,0,185,378
02/10/2018,TIW,WA,ANM,WE,Federal Contract Tower,0,0,41,0,41,0,0,221,0,221,0,0,262,0,262,286,2,288,550
02/11/2018,TIW,WA,ANM,WE,Federal Contract Tower,0,2,22,0,24,0,0,103,0,103,0,2,125,0,127,112,0,112,239
02/12/2018,TIW,WA,ANM,WE,Federal Contract Tower,0,0,43,0,43,0,0,156,0,156,0,0,199,0,199,218,0,218,417
02/13/2018,TIW,WA,ANM,WE,Federal Contract Tower,0,0,56,0,56,0,0,142,0,142,0,0,198,0,198,187,0,187,385
02/14/2018,TIW,WA,ANM,WE,Federal Contract Tower,0,4,15,0,19,0,0,23,0,23,0,4,38,0,42,82,0,82,124
02/15/2018,TIW,WA,ANM,WE,Federal Contract Tower,0,0,26,0,26,0,0,56,0,56,0,0,82,0,82,90,0,90,172
02/16/2018,TIW,WA,ANM,WE,Federal Contract Tower,0,0,4,0,4,0,0,0,0,0,0,0,4,0,4,0,0,0,4
02/17/2018,TIW,WA,ANM,WE,Federal Contract Tower,0,1,2,0,3,0,0,0,0,0,0,1,2,0,3,0,0,0,3
02/18/2018,TIW,WA,ANM,WE,Federal Contract Tower,0,0,2,0,2,0,0,0,0,0,0,0,2,0,2,0,0,0,2
02/19/2018,TIW,WA,ANM,WE,Federal Contract Tower,0,0,54,0,54,0,0,146,0,146,0,0,200,0,200,113,0,113,313
02/20/2018,TIW,WA,ANM,WE,Federal Contract Tower,0,0,19,0,19,0,0,5,0,5,0,0,24,0,24,18,0,18,42
02/21/2018,TIW,WA,ANM,WE,Federal Contract Tower,0,3,54,0,57,0,1,101,0,102,0,4,155,0,159,190,0,190,349
02/22/2018,TIW,WA,ANM,WE,Federal Contract Tower,0,2,54,0,56,0,0,120,0,120,0,2,174,0,176,129,0,129,305
02/23/2018,TIW,WA,ANM,WE,Federal Contract Tower,0,3,20,0,23,0,0,65,0,65,0,3,85,0,88,66,0,66,154
02/24/2018,TIW,WA,ANM,WE,Federal Contract Tower,0,1,40,0,41,0,0,64,0,64,0,1,104,0,105,121,0,121,226
02/25/2018,TIW,WA,ANM,WE,Federal Contract Tower,0,1,24,0,25,0,0,11,0,11,0,1,35,0,36,16,0,16,52
02/26/2018,TIW,WA,ANM,WE,Federal Contract Tower,0,3,33,0,36,0,0,94,0,94,0,3,127,0,130,149,0,149,279
02/27/2018,TIW,WA,ANM,WE,Federal Contract Tower,0,2,22,0,24,0,0,12,2,14,0,2,34,2,38,17,0,17,55
02/28/2018,TIW,WA,ANM,WE,Federal Contract Tower,0,2,49,0,51,0,0,82,2,84,0,2,131,2,135,64,0,64,199
03/01/2018,TIW,WA,ANM,WE,Federal Contract Tower,0,2,60,0,62,0,0,195,0,195,0,2,255,0,257,235,0,235,492
03/02/2018,TIW,WA,ANM,WE,Federal Contract Tower,0,2,43,0,45,0,0,117,0,117,0,2,160,0,162,228,0,228,390
03/03/2018,TIW,WA,ANM,WE,Federal Contract Tower,0,0,52,0,52,0,0,220,0,220,0,0,272,0,272,345,0,345,617
03/04/2018,TIW,WA,ANM,WE,Federal Contract Tower,0,4,15,0,19,0,0,65,0,65,0,4,80,0,84,101,0,101,185
03/05/2018,TIW,WA,ANM,WE,Federal Contract Tower,0,0,41,0,41,0,0,95,2,97,0,0,136,2,138,104,42,146,284
03/06/2018,TIW,WA,ANM,WE,Federal Contract Tower,0,0,37,0,37,0,0,152,2,154,0,0,189,2,191,239,4,243,434
03/07/2018,TIW,WA,ANM,WE,Federal Contract Tower,0,1,56,0,57,0,0,145,0,145,0,1,201,0,202,179,0,179,381
03/08/2018,TIW,WA,ANM,WE,Federal Contract Tower,0,2,11,0,13,0,0,22,0,22,0,2,33,0,35,24,0,24,59
03/09/2018,TIW,WA,ANM,WE,Federal Contract Tower,0,1,85,0,86,0,0,159,0,159,0,1,244,0,245,212,0,212,457
03/10/2018,TIW,WA,ANM,WE,Federal Contract Tower,0,0,59,0,59,0,0,280,0,280,0,0,339,0,339,321,0,321,660
03/11/2018,TIW,WA,ANM,WE,Federal Contract Tower,0,2,32,0,34,0,0,166,0,166,0,2,198,0,200,185,0,185,385
03/12/2018,TIW,WA,ANM,WE,Federal Contract Tower,0,0,37,0,37,0,0,144,0,144,0,0,181,0,181,212,0,212,393
03/13/2018,TIW,WA,ANM,WE,Federal Contract Tower,0,1,62,0,63,0,0,47,0,47,0,1,109,0,110,71,0,71,181
03/14/2018,TIW,WA,ANM,WE,Federal Contract Tower,0,0,50,0,50,0,0,95,0,95,0,0,145,0,145,150,0,150,295
03/15/2018,TIW,WA,ANM,WE,Federal Contract Tower,0,0,56,0,56,0,0,229,0,229,0,0,285,0,285,240,0,240,525
03/16/2018,TIW,WA,ANM,WE,Federal Contract Tower,0,0,51,0,51,0,0,179,10,189,0,0,230,10,240,219,0,219,459
03/17/2018,TIW,WA,ANM,WE,Federal Contract Tower,0,0,44,2,46,0,0,99,0,99,0,0,143,2,145,115,0,115,260
03/18/2018,TIW,WA,ANM,WE,Federal Contract Tower,0,0,30,0,30,0,0,131,0,131,0,0,161,0,161,161,0,161,322
03/19/2018,TIW,WA,ANM,WE,Federal Contract Tower,0,7,51,0,58,0,0,78,0,78,0,7,129,0,136,109,0,109,245
03/20/2018,TIW,WA,ANM,WE,Federal Contract Tower,0,0,64,0,64,0,0,125,0,125,0,0,189,0,189,261,0,261,450
03/21/2018,TIW,WA,ANM,WE,Federal Contract Tower,0,0,39,0,39,0,0,100,0,100,0,0,139,0,139,124,2,126,265
03/22/2018,TIW,WA,ANM,WE,Federal Contract Tower,0,0,18,0,18,0,0,26,2,28,0,0,44,2,46,24,0,24,70
03/23/2018,TIW,WA,ANM,WE,Federal Contract Tower,0,0,9,0,9,0,0,6,1,7,0,0,15,1,16,24,0,24,40
03/24/2018,TIW,WA,ANM,WE,Federal Contract Tower,0,0,37,0,37,0,0,54,0,54,0,0,91,0,91,74,0,74,165
03/25/2018,TIW,WA,ANM,WE,Federal Contract Tower,0,1,13,1,15,0,0,84,1,85,0,1,97,2,100,105,0,105,205
03/26/2018,TIW,WA,ANM,WE,Federal Contract Tower,0,1,25,2,28,0,0,12,0,12,0,1,37,2,40,6,0,6,46
03/27/2018,TIW,WA,ANM,WE,Federal Contract Tower,0,0,17,0,17,0,0,6,0,6,0,0,23,0,23,4,0,4,27
03/28/2018,TIW,WA,ANM,WE,Federal Contract Tower,0,0,41,0,41,0,0,97,6,103,0,0,138,6,144,133,32,165,309
03/29/2018,TIW,WA,ANM,WE,Federal Contract Tower,0,0,52,0,52,0,0,145,0,145,0,0,197,0,197,323,0,323,520
03/30/2018,TIW,WA,ANM,WE,Federal Contract Tower,0,0,67,0,67,0,0,70,0,70,0,0,137,0,137,66,0,66,203
03/31/2018,TIW,WA,ANM,WE,Federal Contract Tower,0,0,46,0,46,0,0,138,0,138,0,0,184,0,184,164,0,164,348
04/01/2018,TIW,WA,ANM,WE,Federal Contract Tower,0,1,3,0,4,0,0,6,0,6,0,1,9,0,10,2,0,2,12
04/02/2018,TIW,WA,ANM,WE,Federal Contract Tower,0,1,71,0,72,0,0,0,0,0,0,1,71,0,72,156,0,156,228
04/03/2018,TIW,WA,ANM,WE,Federal Contract Tower,0,0,69,0,69,0,0,99,0,99,0,0,168,0,168,160,0,160,328
04/04/2018,TIW,WA,ANM,WE,Federal Contract Tower,0,0,24,0,24,0,0,2,0,2,0,0,26,0,26,0,0,0,26
04/05/2018,TIW,WA,ANM,WE,Federal Contract Tower,0,3,24,0,27,0,0,1,0,1,0,3,25,0,28,0,0,0,28
04/06/2018,TIW,WA,ANM,WE,Federal Contract Tower,0,7,65,0,72,0,0,78,0,78,0,7,143,0,150,157,0,157,307
04/07/2018,TIW,WA,ANM,WE,Federal Contract Tower,0,0,6,0,6,0,0,2,0,2,0,0,8,0,8,6,0,6,14
04/08/2018,TIW,WA,ANM,WE,Federal Contract Tower,0,0,5,0,5,0,0,0,0,0,0,0,5,0,5,0,0,0,5
04/09/2018,TIW,WA,ANM,WE,Federal Contract Tower,0,1,62,0,63,0,0,165,1,166,0,1,227,1,229,206,0,206,435
04/10/2018,TIW,WA,ANM,WE,Federal Contract Tower,0,1,19,0,20,0,0,23,5,28,0,1,42,5,48,14,10,24,72
04/11/2018,TIW,WA,ANM,WE,Federal Contract Tower,0,0,49,0,49,0,0,58,0,58,0,0,107,0,107,54,0,54,161
04/12/2018,TIW,WA,ANM,WE,Federal Contract Tower,0,0,26,0,26,0,0,39,0,39,0,0,65,0,65,67,0,67,132
04/13/2018,TIW,WA,ANM,WE,Federal Contract Tower,0,8,5,0,13,0,0,5,0,5,0,8,10,0,18,0,0,0,18
04/14/2018,TIW,WA,ANM,WE,Federal Contract Tower,0,0,31,0,31,0,0,1,0,1,0,0,32,0,32,0,0,0,32
04/15/2018,TIW,WA,ANM,WE,Federal Contract Tower,0,0,30,0,30,0,0,27,0,27,0,0,57,0,57,37,0,37,94
04/16/2018,TIW,WA,ANM,WE,Federal Contract Tower,0,0,13,0,13,0,0,2,0,2,0,0,15,0,15,0,0,0,15
04/17/2018,TIW,WA,ANM,WE,Federal Contract Tower,0,1,48,0,49,0,0,84,0,84,0,1,132,0,133,44,0,44,177
04/18/2018,TIW,WA,ANM,WE,Federal Contract Tower,0,0,61,0,61,0,0,164,0,164,0,0,225,0,225,235,0,235,460
04/19/2018,TIW,WA,ANM,WE,Federal Contract Tower,0,1,66,0,67,0,0,237,0,237,0,1,303,0,304,255,0,255,559
04/20/2018,TIW,WA,ANM,WE,Federal Contract Tower,0,0,96,0,96,0,0,162,0,162,0,0,258,0,258,298,0,298,556
04/21/2018,TIW,WA,ANM,WE,Federal Contract Tower,0,0,43,0,43,0,0,127,0,127,0,0,170,0,170,122,0,122,292
04/22/2018,TIW,WA,ANM,WE,Federal Contract Tower,0,0,34,0,34,0,0,0,0,0,0,0,34,0,34,198,0,198,232
04/23/2018,TIW,WA,ANM,WE,Federal Contract Tower,0,2,64,0,66,0,0,178,0,178,0,2,242,0,244,309,0,309,553
04/24/2018,TIW,WA,ANM,WE,Federal Contract Tower,0,0,43,0,43,0,0,151,0,151,0,0,194,0,194,266,0,266,460
04/25/2018,TIW,WA,ANM,WE,Federal Contract Tower,0,0,49,0,49,0,0,164,0,164,0,0,213,0,213,194,0,194,407
04/26/2018,TIW,WA,ANM,WE,Federal Contract Tower,0,0,41,0,41,0,0,248,0,248,0,0,289,0,289,255,0,255,544
04/27/2018,TIW,WA,ANM,WE,Federal Contract Tower,0,0,23,0,23,0,0,16,0,16,0,0,39,0,39,30,0,30,69
04/28/2018,TIW,WA,ANM,WE,Federal Contract Tower,0,0,59,0,59,0,0,14,0,14,0,0,73,0,73,10,0,10,83
04/29/2018,TIW,WA,ANM,WE,Federal Contract Tower,0,0,33,0,33,0,0,108,0,108,0,0,141,0,141,169,0,169,310
04/30/2018,TIW,WA,ANM,WE,Federal Contract Tower,0,0,52,0,52,0,0,98,0,98,0,0,150,0,150,257,0,257,407
05/01/2018,TIW,WA,ANM,WE,Federal Contract Tower,0,0,63,1,64,0,0,116,2,118,0,0,179,3,182,134,10,144,326
05/02/2018,TIW,WA,ANM,WE,Federal Contract Tower,0,0,48,0,48,0,0,216,0,216,0,0,264,0,264,228,0,228,492
05/03/2018,TIW,WA,ANM,WE,Federal Contract Tower,0,2,62,0,64,0,1,137,0,138,0,3,199,0,202,125,0,125,327
05/04/2018,TIW,WA,ANM,WE,Federal Contract Tower,0,0,39,0,39,0,0,208,0,208,0,0,247,0,247,216,0,216,463
05/05/2018,TIW,WA,ANM,WE,Federal Contract Tower,0,0,52,0,52,0,0,132,2,134,0,0,184,2,186,144,0,144,330
05/06/2018,TIW,WA,ANM,WE,Federal Contract Tower,0,0,34,0,34,0,0,136,0,136,0,0,170,0,170,115,0,115,285
05/07/2018,TIW,WA,ANM,WE,Federal Contract Tower,0,0,58,0,58,0,0,108,0,108,0,0,166,0,166,160,0,160,326
05/08/2018,TIW,WA,ANM,WE,Federal Contract Tower,0,6,68,0,74,0,0,107,2,109,0,6,175,2,183,117,0,117,300
05/09/2018,TIW,WA,ANM,WE,Federal Contract Tower,0,0,58,2,60,0,0,103,3,106,0,0,161,5,166,77,0,77,243
05/10/2018,TIW,WA,ANM,WE,Federal Contract Tower,0,0,51,0,51,0,1,0,0,1,0,1,51,0,52,92,0,92,144
05/11/2018,TIW,WA,ANM,WE,Federal Contract Tower,0,3,58,0,61,0,0,100,0,100,0,3,158,0,161,228,0,228,389
05/12/2018,TIW,WA,ANM,WE,Federal Contract Tower,0,0,36,0,36,0,0,112,0,112,0,0,148,0,148,118,0,118,266
05/13/2018,TIW,WA,ANM,WE,Federal Contract Tower,0,0,36,0,36,0,0,128,0,128,0,0,164,0,164,99,0,99,263
05/14/2018,TIW,WA,ANM,WE,Federal Contract Tower,0,0,54,0,54,0,0,129,2,131,0,0,183,2,185,152,0,152,337
05/15/2018,TIW,WA,ANM,WE,Federal Contract Tower,0,2,51,0,53,0,0,44,0,44,0,2,95,0,97,75,0,75,172
05/16/2018,TIW,WA,ANM,WE,Federal Contract Tower,0,0,42,0,42,0,0,142,0,142,0,0,184,0,184,182,0,182,366
05/17/2018,TIW,WA,ANM,WE,Federal Contract Tower,0,0,60,0,60,0,0,146,0,146,0,0,206,0,206,221,33,254,460
05/18/2018,TIW,WA,ANM,WE,Federal Contract Tower,0,6,55,0,61,0,0,74,0,74,0,6,129,0,135,95,0,95,230
05/19/2018,TIW,WA,ANM,WE,Federal Contract Tower,0,0,36,0,36,0,0,141,2,143,0,0,177,2,179,214,0,214,393
05/20/2018,TIW,WA,ANM,WE,Federal Contract Tower,0,1,18,0,19,0,0,69,0,69,0,1,87,0,88,150,0,150,238
05/21/2018,TIW,WA,ANM,WE,Federal Contract Tower,0,2,48,1,51,0,0,109,2,111,0,2,157,3,162,101,8,109,271
05/22/2018,TIW,WA,ANM,WE,Federal Contract Tower,0,4,40,0,44,0,0,154,0,154,0,4,194,0,198,205,0,205,403
05/23/2018,TIW,WA,ANM,WE,Federal Contract Tower,0,4,51,0,55,0,0,216,0,216,0,4,267,0,271,196,0,196,467
05/24/2018,TIW,WA,ANM,WE,Federal Contract Tower,0,1,102,0,103,0,0,137,0,137,0,1,239,0,240,172,0,172,412
05/25/2018,TIW,WA,ANM,WE,Federal Contract Tower,0,0,74,0,74,0,0,143,0,143,0,0,217,0,217,254,0,254,471
05/26/2018,TIW,WA,ANM,WE,Federal Contract Tower,0,3,44,0,47,0,0,104,0,104,0,3,148,0,151,218,0,218,369
05/27/2018,TIW,WA,ANM,WE,Federal Contract Tower,0,0,25,0,25,0,0,91,0,91,0,0,116,0,116,141,0,141,257
05/28/2018,TIW,WA,ANM,WE,Federal Contract Tower,0,0,31,0,31,0,0,100,0,100,0,0,131,0,131,123,0,123,254
05/29/2018,TIW,WA,ANM,WE,Federal Contract Tower,0,5,56,0,61,0,0,130,0,130,0,5,186,0,191,220,0,220,411
05/30/2018,TIW,WA,ANM,WE,Federal Contract Tower,0,2,48,0,50,0,2,205,0,207,0,4,253,0,257,220,0,220,477
05/31/2018,TIW,WA,ANM,WE,Federal Contract Tower,0,1,27,0,28,0,0,115,0,115,0,1,142,0,143,84,0,84,227
06/01/2018,TIW,WA,ANM,WE,Federal Contract Tower,0,0,62,0,62,0,0,109,0,109,0,0,171,0,171,146,0,146,317
06/02/2018,TIW,WA,ANM,WE,Federal Contract Tower,0,0,42,0,42,0,0,166,0,166,0,0,208,0,208,169,0,169,377
06/03/2018,TIW,WA,ANM,WE,Federal Contract Tower,0,0,23,0,23,0,0,53,0,53,0,0,76,0,76,72,0,72,148
06/04/2018,TIW,WA,ANM,WE,Federal Contract Tower,0,0,66,0,66,0,0,84,0,84,0,0,150,0,150,117,0,117,267
06/05/2018,TIW,WA,ANM,WE,Federal Contract Tower,0,7,40,0,47,0,0,123,0,123,0,7,163,0,170,149,0,149,319
06/06/2018,TIW,WA,ANM,WE,Federal Contract Tower,0,1,16,2,19,0,0,122,0,122,0,1,138,2,141,79,0,79,220
06/07/2018,TIW,WA,ANM,WE,Federal Contract Tower,0,1,71,0,72,0,0,123,0,123,0,1,194,0,195,234,0,234,429
06/08/2018,TIW,WA,ANM,WE,Federal Contract Tower,0,8,53,0,61,0,0,48,0,48,0,8,101,0,109,85,0,85,194
06/09/2018,TIW,WA,ANM,WE,Federal Contract Tower,0,0,21,0,21,0,0,25,0,25,0,0,46,0,46,28,0,28,74
06/10/2018,TIW,WA,ANM,WE,Federal Contract Tower,0,0,11,1,12,0,0,24,0,24,0,0,35,1,36,29,0,29,65
06/11/2018,TIW,WA,ANM,WE,Federal Contract Tower,0,0,64,2,66,0,0,96,0,96,0,0,160,2,162,266,0,266,428
06/12/2018,TIW,WA,ANM,WE,Federal Contract Tower,0,0,42,0,42,0,0,146,2,148,0,0,188,2,190,206,0,206,396
06/13/2018,TIW,WA,ANM,WE,Federal Contract Tower,0,0,48,0,48,0,0,62,0,62,0,0,110,0,110,48,0,48,158
06/14/2018,TIW,WA,ANM,WE,Federal Contract Tower,0,0,72,0,72,0,0,127,0,127,0,0,199,0,199,191,0,191,390
06/15/2018,TIW,WA,ANM,WE,Federal Contract Tower,0,0,81,0,81,0,0,130,0,130,0,0,211,0,211,101,0,101,312
06/16/2018,TIW,WA,ANM,WE,Federal Contract Tower,0,0,35,0,35,0,0,118,0,118,0,0,153,0,153,100,0,100,253
06/17/2018,TIW,WA,ANM,WE,Federal Contract Tower,0,0,16,0,16,0,0,140,6,146,0,0,156,6,162,135,0,135,297
06/18/2018,TIW,WA,ANM,WE,Federal Contract Tower,0,0,46,0,46,0,0,154,2,156,0,0,200,2,202,185,0,185,387
06/19/2018,TIW,WA,ANM,WE,Federal Contract Tower,0,0,61,0,61,0,0,138,0,138,0,0,199,0,199,283,0,283,482
06/20/2018,TIW,WA,ANM,WE,Federal Contract Tower,0,3,40,0,43,0,0,172,0,172,0,3,212,0,215,207,0,207,422
06/21/2018,TIW,WA,ANM,WE,Federal Contract Tower,0,0,69,0,69,0,0,108,0,108,0,0,177,0,177,128,0,128,305
06/22/2018,TIW,WA,ANM,WE,Federal Contract Tower,0,1,39,0,40,0,0,81,0,81,0,1,120,0,121,245,0,245,366
06/23/2018,TIW,WA,ANM,WE,Federal Contract Tower,0,1,42,0,43,0,0,100,0,100,0,1,142,0,143,161,0,161,304
06/24/2018,TIW,WA,ANM,WE,Federal Contract Tower,0,3,19,0,22,0,0,125,0,125,0,3,144,0,147,112,0,112,259
06/25/2018,TIW,WA,ANM,WE,Federal Contract Tower,0,6,21,0,27,0,0,38,1,39,0,6,59,1,66,46,0,46,112
06/26/2018,TIW,WA,ANM,WE,Federal Contract Tower,0,1,83,0,84,0,0,131,0,131,0,1,214,0,215,212,0,212,427
06/27/2018,TIW,WA,ANM,WE,Federal Contract Tower,0,1,49,0,50,0,0,139,0,139,0,1,188,0,189,186,0,186,375
06/28/2018,TIW,WA,ANM,WE,Federal Contract Tower,0,0,66,0,66,0,0,157,0,157,0,0,223,0,223,0,222,222,445
06/29/2018,TIW,WA,ANM,WE,Federal Contract Tower,0,3,67,0,70,0,0,172,2,174,0,3,239,2,244,286,8,294,538
06/30/2018,TIW,WA,ANM,WE,Federal Contract Tower,0,0,36,0,36,0,0,79,0,79,0,0,115,0,115,38,0,38,153
07/01/2018,TIW,WA,ANM,WE,Federal Contract Tower,0,0,17,0,17,0,0,122,0,122,0,0,139,0,139,22,0,22,161
07/02/2018,TIW,WA,ANM,WE,Federal Contract Tower,0,1,45,0,46,0,0,81,0,81,0,1,126,0,127,152,0,152,279
07/03/2018,TIW,WA,ANM,WE,Federal Contract Tower,0,0,65,0,65,0,0,221,0,221,0,0,286,0,286,208,0,208,494
07/04/2018,TIW,WA,ANM,WE,Federal Contract Tower,0,3,15,0,18,0,0,136,0,136,0,3,151,0,154,167,0,167,321
07/05/2018,TIW,WA,ANM,WE,Federal Contract Tower,0,1,59,0,60,0,0,145,1,146,0,1,204,1,206,162,0,162,368
07/06/2018,TIW,WA,ANM,WE,Federal Contract Tower,0,0,50,0,50,0,0,115,0,115,0,0,165,0,165,97,0,97,262
07/07/2018,TIW,WA,ANM,WE,Federal Contract Tower,0,1,31,0,32,0,0,82,0,82,0,1,113,0,114,72,0,72,186
07/08/2018,TIW,WA,ANM,WE,Federal Contract Tower,0,0,16,0,16,0,0,136,2,138,0,0,152,2,154,133,0,133,287
07/09/2018,TIW,WA,ANM,WE,Federal Contract Tower,0,0,37,0,37,0,0,68,0,68,0,0,105,0,105,163,0,163,268
07/10/2018,TIW,WA,ANM,WE,Federal Contract Tower,0,0,81,0,81,0,0,65,0,65,0,0,146,0,146,184,0,184,330
07/11/2018,TIW,WA,ANM,WE,Federal Contract Tower,0,1,56,0,57,0,0,192,0,192,0,1,248,0,249,178,0,178,427
07/12/2018,TIW,WA,ANM,WE,Federal Contract Tower,0,0,46,0,46,0,0,175,2,177,0,0,221,2,223,294,0,294,517
07/13/2018,TIW,WA,ANM,WE,Federal Contract Tower,0,1,25,0,26,0,0,171,0,171,0,1,196,0,197,278,0,278,475
07/14/2018,TIW,WA,ANM,WE,Federal Contract Tower,0,1,20,0,21,0,0,185,0,185,0,1,205,0,206,208,0,208,414
07/15/2018,TIW,WA,ANM,WE,Federal Contract Tower,0,0,30,0,30,0,0,127,0,127,0,0,157,0,157,121,0,121,278
07/16/2018,TIW,WA,ANM,WE,Federal Contract Tower,0,0,39,0,39,0,0,126,0,126,0,0,165,0,165,200,0,200,365
07/17/2018,TIW,WA,ANM,WE,Federal Contract Tower,0,3,52,1,56,0,0,94,0,94,0,3,146,1,150,168,0,168,318
07/18/2018,TIW,WA,ANM,WE,Federal Contract Tower,0,2,85,0,87,0,0,100,0,100,0,2,185,0,187,90,0,90,277
07/19/2018,TIW,WA,ANM,WE,Federal Contract Tower,0,0,53,0,53,0,0,85,0,85,0,0,138,0,138,113,0,113,251
07/20/2018,TIW,WA,ANM,WE,Federal Contract Tower,0,0,38,0,38,0,0,93,0,93,0,0,131,0,131,249,0,249,380
07/21/2018,TIW,WA,ANM,WE,Federal Contract Tower,0,1,19,0,20,0,0,115,0,115,0,1,134,0,135,104,0,104,239
07/22/2018,TIW,WA,ANM,WE,Federal Contract Tower,0,3,21,0,24,0,0,112,0,112,0,3,133,0,136,160,0,160,296
07/23/2018,TIW,WA,ANM,WE,Federal Contract Tower,0,0,34,0,34,0,0,86,0,86,0,0,120,0,120,232,0,232,352
07/24/2018,TIW,WA,ANM,WE,Federal Contract Tower,0,1,47,0,48,0,0,104,0,104,0,1,151,0,152,185,0,185,337
07/25/2018,TIW,WA,ANM,WE,Federal Contract Tower,0,0,49,0,49,0,0,117,0,117,0,0,166,0,166,111,0,111,277
07/26/2018,TIW,WA,ANM,WE,Federal Contract Tower,0,1,50,1,52,0,0,160,0,160,0,1,210,1,212,145,0,145,357
07/27/2018,TIW,WA,ANM,WE,Federal Contract Tower,0,2,77,0,79,0,0,137,0,137,0,2,214,0,216,209,0,209,425
07/28/2018,TIW,WA,ANM,WE,Federal Contract Tower,0,1,34,0,35,0,0,78,0,78,0,1,112,0,113,160,0,160,273
07/29/2018,TIW,WA,ANM,WE,Federal Contract Tower,0,0,28,0,28,0,0,121,0,121,0,0,149,0,149,101,0,101,250
07/30/2018,TIW,WA,ANM,WE,Federal Contract Tower,0,0,61,0,61,0,0,108,0,108,0,0,169,0,169,176,0,176,345
07/31/2018,TIW,WA,ANM,WE,Federal Contract Tower,0,1,67,2,70,0,0,62,0,62,0,1,129,2,132,162,0,162,294
08/01/2018,TIW,WA,ANM,WE,Federal Contract Tower,0,0,45,0,45,0,0,74,0,74,0,0,119,0,119,125,0,125,244
08/02/2018,TIW,WA,ANM,WE,Federal Contract Tower,0,0,81,0,81,0,0,53,0,53,0,0,134,0,134,208,0,208,342
08/03/2018,TIW,WA,ANM,WE,Federal Contract Tower,0,0,38,0,38,0,0,75,0,75,0,0,113,0,113,124,0,124,237
08/04/2018,TIW,WA,ANM,WE,Federal Contract Tower,0,0,40,0,40,0,0,121,0,121,0,0,161,0,161,156,0,156,317
08/05/2018,TIW,WA,ANM,WE,Federal Contract Tower,0,0,16,0,16,0,0,107,0,107,0,0,123,0,123,64,0,64,187
08/06/2018,TIW,WA,ANM,WE,Federal Contract Tower,0,0,46,0,46,0,0,116,0,116,0,0,162,0,162,153,0,153,315
08/07/2018,TIW,WA,ANM,WE,Federal Contract Tower,0,1,43,0,44,0,0,86,0,86,0,1,129,0,130,209,0,209,339
08/08/2018,TIW,WA,ANM,WE,Federal Contract Tower,0,2,29,0,31,0,0,100,0,100,0,2,129,0,131,132,0,132,263
08/09/2018,TIW,WA,ANM,WE,Federal Contract Tower,0,1,40,0,41,0,0,133,0,133,0,1,173,0,174,223,0,223,397
08/10/2018,TIW,WA,ANM,WE,Federal Contract Tower,0,1,46,0,47,0,0,105,0,105,0,1,151,0,152,100,0,100,252
08/11/2018,TIW,WA,ANM,WE,Federal Contract Tower,0,0,25,0,25,0,1,41,0,42,0,1,66,0,67,46,0,46,113
08/12/2018,TIW,WA,ANM,WE,Federal Contract Tower,0,0,31,0,31,0,0,110,0,110,0,0,141,0,141,117,0,117,258
08/13/2018,TIW,WA,ANM,WE,Federal Contract Tower,0,0,65,0,65,0,5,131,0,136,0,5,196,0,201,201,0,201,402
08/14/2018,TIW,WA,ANM,WE,Federal Contract Tower,0,0,60,0,60,0,0,45,0,45,0,0,105,0,105,74,0,74,179
08/15/2018,TIW,WA,ANM,WE,Federal Contract Tower,0,0,39,0,39,0,0,63,0,63,0,0,102,0,102,44,0,44,146
08/16/2018,TIW,WA,ANM,WE,Federal Contract Tower,0,0,57,0,57,0,0,57,0,57,0,0,114,0,114,69,0,69,183
08/17/2018,TIW,WA,ANM,WE,Federal Contract Tower,0,0,69,0,69,0,0,99,0,99,0,0,168,0,168,164,0,164,332
08/18/2018,TIW,WA,ANM,WE,Federal Contract Tower,0,1,41,0,42,0,0,132,0,132,0,1,173,0,174,98,0,98,272
08/19/2018,TIW,WA,ANM,WE,Federal Contract Tower,0,0,19,0,19,0,0,85,2,87,0,0,104,2,106,46,0,46,152
08/20/2018,TIW,WA,ANM,WE,Federal Contract Tower,0,0,30,0,30,0,0,11,0,11,0,0,41,0,41,0,0,0,41
08/21/2018,TIW,WA,ANM,WE,Federal Contract Tower,0,4,26,0,30,0,0,5,0,5,0,4,31,0,35,14,0,14,49
08/22/2018,TIW,WA,ANM,WE,Federal Contract Tower,0,0,58,0,58,0,0,0,0,0,0,0,58,0,58,0,0,0,58
08/23/2018,TIW,WA,ANM,WE,Federal Contract Tower,0,3,70,0,73,0,0,94,0,94,0,3,164,0,167,185,0,185,352
08/24/2018,TIW,WA,ANM,WE,Federal Contract Tower,0,0,58,0,58,0,0,93,0,93,0,0,151,0,151,179,0,179,330
08/25/2018,TIW,WA,ANM,WE,Federal Contract Tower,0,0,55,1,56,0,0,24,0,24,0,0,79,1,80,106,0,106,186
08/26/2018,TIW,WA,ANM,WE,Federal Contract Tower,0,0,39,0,39,0,0,28,0,28,0,0,67,0,67,51,0,51,118
08/27/2018,TIW,WA,ANM,WE,Federal Contract Tower,0,0,61,0,61,0,0,81,0,81,0,0,142,0,142,82,0,82,224
08/28/2018,TIW,WA,ANM,WE,Federal Contract Tower,0,1,67,0,68,0,0,185,0,185,0,1,252,0,253,206,0,206,459
08/29/2018,TIW,WA,ANM,WE,Federal Contract Tower,0,0,71,0,71,0,0,145,0,145,0,0,216,0,216,138,0,138,354
08/30/2018,TIW,WA,ANM,WE,Federal Contract Tower,0,0,60,0,60,0,0,79,0,79,0,0,139,0,139,89,0,89,228
08/31/2018,TIW,WA,ANM,WE,Federal Contract Tower,0,0,60,0,60,0,0,106,0,106,0,0,166,0,166,171,0,171,337
09/01/2018,TIW,WA,ANM,WE,Federal Contract Tower,0,0,36,0,36,0,0,110,0,110,0,0,146,0,146,61,0,61,207
09/02/2018,TIW,WA,ANM,WE,Federal Contract Tower,0,0,14,0,14,0,0,148,0,148,0,0,162,0,162,126,0,126,288
09/03/2018,TIW,WA,ANM,WE,Federal Contract Tower,0,1,28,0,29,0,0,125,0,125,0,1,153,0,154,112,0,112,266
09/04/2018,TIW,WA,ANM,WE,Federal Contract Tower,0,0,47,0,47,0,0,111,0,111,0,0,158,0,158,111,0,111,269
09/05/2018,TIW,WA,ANM,WE,Federal Contract Tower,0,0,46,0,46,0,0,135,0,135,0,0,181,0,181,235,0,235,416
09/06/2018,TIW,WA,ANM,WE,Federal Contract Tower,0,0,30,0,30,0,0,92,0,92,0,0,122,0,122,190,0,190,312
09/07/2018,TIW,WA,ANM,WE,Federal Contract Tower,0,2,40,0,42,0,0,165,0,165,0,2,205,0,207,232,0,232,439
09/08/2018,TIW,WA,ANM,WE,Federal Contract Tower,0,0,42,0,42,0,0,99,0,99,0,0,141,0,141,173,0,173,314
09/09/2018,TIW,WA,ANM,WE,Federal Contract Tower,0,1,29,0,30,0,0,110,0,110,0,1,139,0,140,59,0,59,199
09/10/2018,TIW,WA,ANM,WE,Federal Contract Tower,0,2,29,0,31,0,0,38,2,40,0,2,67,2,71,80,0,80,151
09/11/2018,TIW,WA,ANM,WE,Federal Contract Tower,0,1,5,0,6,0,0,48,0,48,0,1,53,0,54,116,0,116,170
09/12/2018,TIW,WA,ANM,WE,Federal Contract Tower,0,0,24,0,24,0,0,46,0,46,0,0,70,0,70,107,0,107,177
09/13/2018,TIW,WA,ANM,WE,Federal Contract Tower,0,0,44,0,44,0,0,76,0,76,0,0,120,0,120,185,0,185,305
09/14/2018,TIW,WA,ANM,WE,Federal Contract Tower,0,0,49,0,49,0,0,84,0,84,0,0,133,0,133,147,0,147,280
09/15/2018,TIW,WA,ANM,WE,Federal Contract Tower,0,0,56,0,56,0,0,80,0,80,0,0,136,0,136,133,0,133,269
09/16/2018,TIW,WA,ANM,WE,Federal Contract Tower,0,0,6,0,6,0,0,22,0,22,0,0,28,0,28,21,0,21,49
09/17/2018,TIW,WA,ANM,WE,Federal Contract Tower,0,4,26,0,30,0,0,83,0,83,0,4,109,0,113,123,0,123,236
09/18/2018,TIW,WA,ANM,WE,Federal Contract Tower,0,0,50,0,50,0,0,118,0,118,0,0,168,0,168,152,0,152,320
09/19/2018,TIW,WA,ANM,WE,Federal Contract Tower,0,0,39,0,39,0,0,124,0,124,0,0,163,0,163,152,0,152,315
09/20/2018,TIW,WA,ANM,WE,Federal Contract Tower,0,1,33,0,34,0,0,83,0,83,0,1,116,0,117,70,0,70,187
09/21/2018,TIW,WA,ANM,WE,Federal Contract Tower,0,1,43,0,44,0,0,136,0,136,0,1,179,0,180,161,0,161,341
09/22/2018,TIW,WA,ANM,WE,Federal Contract Tower,0,0,26,0,26,0,0,12,0,12,0,0,38,0,38,4,0,4,42
09/23/2018,TIW,WA,ANM,WE,Federal Contract Tower,0,4,27,0,31,0,0,86,0,86,0,4,113,0,117,68,0,68,185
09/24/2018,TIW,WA,ANM,WE,Federal Contract Tower,0,0,22,0,22,0,0,100,0,100,0,0,122,0,122,134,0,134,256
09/25/2018,TIW,WA,ANM,WE,Federal Contract Tower,0,2,39,0,41,0,0,106,0,106,0,2,145,0,147,162,0,162,309
09/26/2018,TIW,WA,ANM,WE,Federal Contract Tower,0,1,28,0,29,0,0,132,1,133,0,1,160,1,162,195,0,195,357
09/27/2018,TIW,WA,ANM,WE,Federal Contract Tower,0,2,44,0,46,0,0,141,0,141,0,2,185,0,187,182,0,182,369
09/28/2018,TIW,WA,ANM,WE,Federal Contract Tower,0,0,31,0,31,0,0,154,0,154,0,0,185,0,185,170,0,170,355
09/29/2018,TIW,WA,ANM,WE,Federal Contract Tower,0,0,49,0,49,0,0,98,0,98,0,0,147,0,147,109,0,109,256
09/30/2018,TIW,WA,ANM,WE,Federal Contract Tower,0,2,22,0,24,0,0,78,0,78,0,2,100,0,102,66,0,66,168
10/01/2018,TIW,WA,ANM,WE,Federal Contract Tower,0,0,52,0,52,0,0,29,0,29,0,0,81,0,81,48,0,48,129
10/02/2018,TIW,WA,ANM,WE,Federal Contract Tower,0,0,20,0,20,0,0,12,0,12,0,0,32,0,32,24,0,24,56
10/03/2018,TIW,WA,ANM,WE,Federal Contract Tower,0,0,43,0,43,0,0,100,0,100,0,0,143,0,143,176,0,176,319
10/04/2018,TIW,WA,ANM,WE,Federal Contract Tower,0,0,44,0,44,0,0,141,0,141,0,0,185,0,185,257,0,257,442
10/05/2018,TIW,WA,ANM,WE,Federal Contract Tower,0,1,44,0,45,0,0,14,0,14,0,1,58,0,59,133,0,133,192
10/06/2018,TIW,WA,ANM,WE,Federal Contract Tower,0,2,48,0,50,0,0,75,0,75,0,2,123,0,125,163,0,163,288
10/07/2018,TIW,WA,ANM,WE,Federal Contract Tower,0,0,18,0,18,0,0,18,0,18,0,0,36,0,36,28,0,28,64
10/08/2018,TIW,WA,ANM,WE,Federal Contract Tower,0,1,10,0,11,0,0,0,0,0,0,1,10,0,11,0,0,0,11
10/09/2018,TIW,WA,ANM,WE,Federal Contract Tower,0,0,33,0,33,0,0,39,0,39,0,0,72,0,72,98,0,98,170
10/10/2018,TIW,WA,ANM,WE,Federal Contract Tower,0,0,25,0,25,0,0,78,0,78,0,0,103,0,103,120,0,120,223
10/11/2018,TIW,WA,ANM,WE,Federal Contract Tower,0,0,48,0,48,0,0,75,0,75,0,0,123,0,123,120,0,120,243
10/12/2018,TIW,WA,ANM,WE,Federal Contract Tower,0,0,34,0,34,0,0,189,0,189,0,0,223,0,223,215,0,215,438
10/13/2018,TIW,WA,ANM,WE,Federal Contract Tower,0,0,36,0,36,0,0,208,0,208,0,0,244,0,244,205,0,205,449
10/14/2018,TIW,WA,ANM,WE,Federal Contract Tower,0,1,13,0,14,0,0,122,0,122,0,1,135,0,136,70,0,70,206
10/15/2018,TIW,WA,ANM,WE,Federal Contract Tower,0,0,38,0,38,0,0,105,0,105,0,0,143,0,143,120,0,120,263
10/16/2018,TIW,WA,ANM,WE,Federal Contract Tower,0,1,23,0,24,0,0,114,0,114,0,1,137,0,138,151,0,151,289
10/17/2018,TIW,WA,ANM,WE,Federal Contract Tower,0,0,62,0,62,0,0,77,0,77,0,0,139,0,139,117,2,119,258
10/18/2018,TIW,WA,ANM,WE,Federal Contract Tower,0,0,43,0,43,0,0,113,0,113,0,0,156,0,156,151,0,151,307
10/19/2018,TIW,WA,ANM,WE,Federal Contract Tower,0,0,32,2,34,0,0,22,0,22,0,0,54,2,56,15,0,15,71
10/20/2018,TIW,WA,ANM,WE,Federal Contract Tower,0,0,27,0,27,0,0,27,0,27,0,0,54,0,54,56,0,56,110
10/21/2018,TIW,WA,ANM,WE,Federal Contract Tower,0,1,22,0,23,0,0,36,0,36,0,1,58,0,59,22,0,22,81
10/22/2018,TIW,WA,ANM,WE,Federal Contract Tower,0,0,13,0,13,0,0,0,0,0,0,0,13,0,13,0,0,0,13
10/23/2018,TIW,WA,ANM,WE,Federal Contract Tower,0,0,26,0,26,0,0,18,0,18,0,0,44,0,44,27,0,27,71
10/24/2018,TIW,WA,ANM,WE,Federal Contract Tower,0,0,80,0,80,0,2,86,0,88,0,2,166,0,168,107,0,107,275
10/25/2018,TIW,WA,ANM,WE,Federal Contract Tower,0,0,29,0,29,0,0,12,0,12,0,0,41,0,41,42,0,42,83
10/26/2018,TIW,WA,ANM,WE,Federal Contract Tower,0,0,27,2,29,0,0,30,0,30,0,0,57,2,59,90,0,90,149
10/27/2018,TIW,WA,ANM,WE,Federal Contract Tower,0,0,25,0,25,0,0,66,0,66,0,0,91,0,91,73,0,73,164
10/28/2018,TIW,WA,ANM,WE,Federal Contract Tower,0,1,18,0,19,0,0,23,0,23,0,1,41,0,42,27,0,27,69
10/29/2018,TIW,WA,ANM,WE,Federal Contract Tower,0,0,48,0,48,0,0,31,0,31,0,0,79,0,79,86,0,86,165
10/30/2018,TIW,WA,ANM,WE,Federal Contract Tower,0,0,60,0,60,0,0,54,4,58,0,0,114,4,118,123,7,130,248
10/31/2018,TIW,WA,ANM,WE,Federal Contract Tower,0,0,22,0,22,0,0,7,0,7,0,0,29,0,29,7,0,7,36
11/01/2018,TIW,WA,ANM,WE,Federal Contract Tower,0,0,30,0,30,0,1,4,0,5,0,1,34,0,35,16,4,20,55
11/02/2018,TIW,WA,ANM,WE,Federal Contract Tower,0,1,41,0,42,0,0,33,0,33,0,1,74,0,75,8,0,8,83
11/03/2018,TIW,WA,ANM,WE,Federal Contract Tower,0,0,38,0,38,0,0,16,2,18,0,0,54,2,56,78,0,78,134
11/04/2018,TIW,WA,ANM,WE,Federal Contract Tower,0,2,22,0,24,0,0,72,0,72,0,2,94,0,96,61,0,61,157
11/05/2018,TIW,WA,ANM,WE,Federal Contract Tower,0,1,47,0,48,0,0,49,0,49,0,1,96,0,97,74,0,74,171
11/06/2018,TIW,WA,ANM,WE,Federal Contract Tower,0,0,64,0,64,0,0,92,0,92,0,0,156,0,156,132,2,134,290
11/07/2018,TIW,WA,ANM,WE,Federal Contract Tower,0,0,53,3,56,0,0,107,0,107,0,0,160,3,163,160,0,160,323
11/08/2018,TIW,WA,ANM,WE,Federal Contract Tower,0,1,26,0,27,0,0,139,0,139,0,1,165,0,166,225,0,225,391
11/09/2018,TIW,WA,ANM,WE,Federal Contract Tower,0,0,22,0,22,0,0,8,0,8,0,0,30,0,30,19,0,19,49
11/10/2018,TIW,WA,ANM,WE,Federal Contract Tower,0,0,55,0,55,0,0,71,0,71,0,0,126,0,126,93,0,93,219
11/11/2018,TIW,WA,ANM,WE,Federal Contract Tower,0,0,22,0,22,0,0,105,0,105,0,0,127,0,127,96,0,96,223
11/12/2018,TIW,WA,ANM,WE,Federal Contract Tower,0,2,45,0,47,0,0,170,0,170,0,2,215,0,217,170,0,170,387
11/13/2018,TIW,WA,ANM,WE,Federal Contract Tower,0,0,49,0,49,0,0,94,0,94,0,0,143,0,143,177,0,177,320
11/14/2018,TIW,WA,ANM,WE,Federal Contract Tower,0,3,19,0,22,0,0,20,0,20,0,3,39,0,42,1,0,1,43
11/15/2018,TIW,WA,ANM,WE,Federal Contract Tower,0,1,61,0,62,0,0,87,0,87,0,1,148,0,149,210,0,210,359
11/16/2018,TIW,WA,ANM,WE,Federal Contract Tower,0,3,49,0,52,0,0,30,0,30,0,3,79,0,82,71,0,71,153
11/17/2018,TIW,WA,ANM,WE,Federal Contract Tower,0,0,22,0,22,0,0,199,0,199,0,0,221,0,221,224,0,224,445
11/18/2018,TIW,WA,ANM,WE,Federal Contract Tower,0,0,20,0,20,0,0,133,0,133,0,0,153,0,153,164,0,164,317
11/19/2018,TIW,WA,ANM,WE,Federal Contract Tower,0,0,29,0,29,0,0,52,2,54,0,0,81,2,83,99,0,99,182
11/20/2018,TIW,WA,ANM,WE,Federal Contract Tower,0,2,34,0,36,0,0,73,0,73,0,2,107,0,109,108,0,108,217
11/21/2018,TIW,WA,ANM,WE,Federal Contract Tower,0,3,76,0,79,0,0,50,0,50,0,3,126,0,129,100,0,100,229
11/22/2018,TIW,WA,ANM,WE,Federal Contract Tower,0,1,8,0,9,0,0,2,0,2,0,1,10,0,11,0,0,0,11
11/23/2018,TIW,WA,ANM,WE,Federal Contract Tower,0,0,13,0,13,0,0,19,0,19,0,0,32,0,32,32,0,32,64
11/24/2018,TIW,WA,ANM,WE,Federal Contract Tower,0,1,36,0,37,0,0,37,0,37,0,1,73,0,74,79,0,79,153
11/25/2018,TIW,WA,ANM,WE,Federal Contract Tower,0,0,52,0,52,0,0,41,0,41,0,0,93,0,93,11,0,11,104
11/26/2018,TIW,WA,ANM,WE,Federal Contract Tower,0,0,18,0,18,0,0,14,0,14,0,0,32,0,32,20,6,26,58
11/27/2018,TIW,WA,ANM,WE,Federal Contract Tower,0,3,32,2,37,0,0,26,2,28,0,3,58,4,65,16,0,16,81
11/28/2018,TIW,WA,ANM,WE,Federal Contract Tower,0,0,76,0,76,0,0,71,0,71,0,0,147,0,147,144,0,144,291
11/29/2018,TIW,WA,ANM,WE,Federal Contract Tower,0,2,32,0,34,0,0,20,0,20,0,2,52,0,54,41,0,41,95
11/30/2018,TIW,WA,ANM,WE,Federal Contract Tower,0,0,51,0,51,0,0,44,0,44,0,0,95,0,95,84,0,84,179
12/01/2018,TIW,WA,ANM,WE,Federal Contract Tower,0,0,27,0,27,0,0,52,0,52,0,0,79,0,79,45,0,45,124
12/02/2018,TIW,WA,ANM,WE,Federal Contract Tower,0,0,43,0,43,0,0,81,0,81,0,0,124,0,124,57,0,57,181
12/03/2018,TIW,WA,ANM,WE,Federal Contract Tower,0,1,42,0,43,0,0,58,0,58,0,1,100,0,101,78,0,78,179
12/04/2018,TIW,WA,ANM,WE,Federal Contract Tower,0,6,44,0,50,0,0,105,0,105,0,6,149,0,155,138,0,138,293
12/05/2018,TIW,WA,ANM,WE,Federal Contract Tower,0,0,41,0,41,0,0,158,0,158,0,0,199,0,199,186,0,186,385
12/06/2018,TIW,WA,ANM,WE,Federal Contract Tower,0,3,23,0,26,0,0,138,0,138,0,3,161,0,164,177,0,177,341
12/07/2018,TIW,WA,ANM,WE,Federal Contract Tower,0,0,66,0,66,0,0,151,0,151,0,0,217,0,217,233,0,233,450
12/08/2018,TIW,WA,ANM,WE,Federal Contract Tower,0,0,50,0,50,0,0,85,0,85,0,0,135,0,135,86,0,86,221
12/09/2018,TIW,WA,ANM,WE,Federal Contract Tower,0,1,23,0,24,0,0,17,0,17,0,1,40,0,41,14,0,14,55
12/10/2018,TIW,WA,ANM,WE,Federal Contract Tower,0,1,46,4,51,0,0,43,0,43,0,1,89,4,94,78,8,86,180
12/11/2018,TIW,WA,ANM,WE,Federal Contract Tower,0,4,16,0,20,0,0,0,0,0,0,4,16,0,20,0,0,0,20
12/12/2018,TIW,WA,ANM,WE,Federal Contract Tower,0,6,66,0,72,0,0,89,0,89,0,6,155,0,161,176,10,186,347
12/13/2018,TIW,WA,ANM,WE,Federal Contract Tower,0,1,19,0,20,0,0,7,0,7,0,1,26,0,27,12,0,12,39
12/14/2018,TIW,WA,ANM,WE,Federal Contract Tower,0,0,38,0,38,0,0,66,0,66,0,0,104,0,104,176,0,176,280
12/15/2018,TIW,WA,ANM,WE,Federal Contract Tower,0,0,37,0,37,0,0,145,0,145,0,0,182,0,182,163,0,163,345
12/16/2018,TIW,WA,ANM,WE,Federal Contract Tower,0,0,22,0,22,0,0,5,0,5,0,0,27,0,27,3,0,3,30
12/17/2018,TIW,WA,ANM,WE,Federal Contract Tower,0,0,23,0,23,0,0,52,0,52,0,0,75,0,75,50,0,50,125
12/18/2018,TIW,WA,ANM,WE,Federal Contract Tower,0,0,21,0,21,0,0,1,0,1,0,0,22,0,22,0,0,0,22
12/19/2018,TIW,WA,ANM,WE,Federal Contract Tower,0,0,53,2,55,0,0,107,0,107,0,0,160,2,162,247,0,247,409
12/20/2018,TIW,WA,ANM,WE,Federal Contract Tower,0,2,1,0,3,0,0,0,0,0,0,2,1,0,3,0,0,0,3
12/21/2018,TIW,WA,ANM,WE,Federal Contract Tower,0,0,45,0,45,0,0,126,0,126,0,0,171,0,171,251,0,251,422
12/22/2018,TIW,WA,ANM,WE,Federal Contract Tower,0,0,20,0,20,0,0,84,0,84,0,0,104,0,104,118,0,118,222
12/23/2018,TIW,WA,ANM,WE,Federal Contract Tower,0,2,15,0,17,0,0,25,0,25,0,2,40,0,42,8,0,8,50
12/24/2018,TIW,WA,ANM,WE,Federal Contract Tower,0,0,8,0,8,0,0,39,0,39,0,0,47,0,47,13,0,13,60
12/25/2018,TIW,WA,ANM,WE,Federal Contract Tower,0,0,0,0,0,0,0,4,0,4,0,0,4,0,4,0,0,0,4
12/26/2018,TIW,WA,ANM,WE,Federal Contract Tower,0,2,4,0,6,0,0,3,0,3,0,2,7,0,9,4,0,4,13
12/27/2018,TIW,WA,ANM,WE,Federal Contract Tower,0,0,22,0,22,0,0,30,0,30,0,0,52,0,52,18,0,18,70
12/28/2018,TIW,WA,ANM,WE,Federal Contract Tower,0,0,17,0,17,0,0,4,0,4,0,0,21,0,21,0,0,0,21
12/29/2018,TIW,WA,ANM,WE,Federal Contract Tower,0,0,5,0,5,0,0,0,0,0,0,0,5,0,5,0,0,0,5
12/30/2018,TIW,WA,ANM,WE,Federal Contract Tower,0,0,35,0,35,0,0,99,0,99,0,0,134,0,134,59,0,59,193
12/31/2018,TIW,WA,ANM,WE,Federal Contract Tower,0,1,23,0,24,0,0,106,0,106,0,1,129,0,130,130,0,130,260
01/01/2019,TIW,WA,ANM,WE,Federal Contract Tower,0,0,26,0,26,0,0,43,0,43,0,0,69,0,69,52,0,52,121
01/02/2019,TIW,WA,ANM,WE,Federal Contract Tower,0,0,55,0,55,0,0,108,0,108,0,0,163,0,163,158,0,158,321
01/03/2019,TIW,WA,ANM,WE,Federal Contract Tower,0,0,8,0,8,0,0,2,0,2,0,0,10,0,10,0,0,0,10
01/04/2019,TIW,WA,ANM,WE,Federal Contract Tower,0,0,16,0,16,0,0,7,0,7,0,0,23,0,23,110,4,114,137
01/05/2019,TIW,WA,ANM,WE,Federal Contract Tower,0,2,42,0,44,0,0,37,0,37,0,2,79,0,81,28,0,28,109
01/06/2019,TIW,WA,ANM,WE,Federal Contract Tower,0,0,13,0,13,0,0,14,0,14,0,0,27,0,27,17,0,17,44
01/07/2019,TIW,WA,ANM,WE,Federal Contract Tower,0,3,55,0,58,0,0,74,0,74,0,3,129,0,132,116,0,116,248
01/08/2019,TIW,WA,ANM,WE,Federal Contract Tower,0,1,39,0,40,0,0,42,0,42,0,1,81,0,82,186,0,186,268
01/09/2019,TIW,WA,ANM,WE,Federal Contract Tower,0,0,52,0,52,0,0,50,0,50,0,0,102,0,102,126,0,126,228
01/10/2019,TIW,WA,ANM,WE,Federal Contract Tower,0,2,59,0,61,0,0,122,0,122,0,2,181,0,183,277,0,277,460
01/11/2019,TIW,WA,ANM,WE,Federal Contract Tower,0,0,71,0,71,0,0,140,0,140,0,0,211,0,211,217,0,217,428
01/12/2019,TIW,WA,ANM,WE,Federal Contract Tower,0,0,46,0,46,0,0,65,0,65,0,0,111,0,111,34,0,34,145
01/13/2019,TIW,WA,ANM,WE,Federal Contract Tower,0,0,31,0,31,0,0,31,0,31,0,0,62,0,62,21,0,21,83
01/14/2019,TIW,WA,ANM,WE,Federal Contract Tower,0,0,20,0,20,0,0,0,0,0,0,0,20,0,20,0,0,0,20
01/15/2019,TIW,WA,ANM,WE,Federal Contract Tower,0,2,53,0,55,0,0,97,2,99,0,2,150,2,154,133,0,133,287
01/16/2019,TIW,WA,ANM,WE,Federal Contract Tower,0,0,48,0,48,0,0,98,0,98,0,0,146,0,146,211,0,211,357
01/17/2019,TIW,WA,ANM,WE,Federal Contract Tower,0,1,66,0,67,0,2,63,0,65,0,3,129,0,132,152,0,152,284
01/18/2019,TIW,WA,ANM,WE,Federal Contract Tower,0,0,90,0,90,0,0,87,0,87,0,0,177,0,177,173,0,173,350
01/19/2019,TIW,WA,ANM,WE,Federal Contract Tower,0,0,52,0,52,0,0,63,0,63,0,0,115,0,115,84,0,84,199
01/20/2019,TIW,WA,ANM,WE,Federal Contract Tower,0,1,25,0,26,0,0,31,0,31,0,1,56,0,57,37,0,37,94
01/21/2019,TIW,WA,ANM,WE,Federal Contract Tower,0,1,53,0,54,0,0,89,0,89,0,1,142,0,143,102,0,102,245
01/22/2019,TIW,WA,ANM,WE,Federal Contract Tower,0,0,15,0,15,0,0,14,0,14,0,0,29,0,29,30,0,30,59
01/23/2019,TIW,WA,ANM,WE,Federal Contract Tower,0,0,20,0,20,0,0,22,0,22,0,0,42,0,42,78,0,78,120
01/24/2019,TIW,WA,ANM,WE,Federal Contract Tower,0,1,41,0,42,0,0,36,0,36,0,1,77,0,78,78,0,78,156
01/25/2019,TIW,WA,ANM,WE,Federal Contract Tower,0,0,51,0,51,0,0,141,0,141,0,0,192,0,192,309,0,309,501
01/26/2019,TIW,WA,ANM,WE,Federal Contract Tower,0,0,29,0,29,0,0,82,0,82,0,0,111,0,111,141,0,141,252
01/27/2019,TIW,WA,ANM,WE,Federal Contract Tower,0,0,13,0,13,0,0,0,0,0,0,0,13,0,13,0,0,0,13
01/28/2019,TIW,WA,ANM,WE,Federal Contract Tower,0,0,40,0,40,0,0,119,0,119,0,0,159,0,159,154,0,154,313
01/29/2019,TIW,WA,ANM,WE,Federal Contract Tower,0,1,40,0,41,0,0,175,0,175,0,1,215,0,216,286,0,286,502
01/30/2019,TIW,WA,ANM,WE,Federal Contract Tower,0,2,42,0,44,0,0,103,0,103,0,2,145,0,147,139,0,139,286
01/31/2019,TIW,WA,ANM,WE,Federal Contract Tower,0,0,46,0,46,0,0,126,0,126,0,0,172,0,172,223,0,223,395
02/01/2019,TIW,WA,ANM,WE,Federal Contract Tower,0,0,26,0,26,0,0,1,0,1,0,0,27,0,27,2,0,2,29
02/02/2019,TIW,WA,ANM,WE,Federal Contract Tower,0,0,36,0,36,0,0,24,0,24,0,0,60,0,60,21,0,21,81
02/03/2019,TIW,WA,ANM,WE,Federal Contract Tower,0,0,3,0,3,0,0,6,0,6,0,0,9,0,9,3,0,3,12
02/04/2019,TIW,WA,ANM,WE,Federal Contract Tower,0,0,0,0,0,0,0,0,0,0,0,0,0,0,0,0,0,0,0
02/05/2019,TIW,WA,ANM,WE,Federal Contract Tower,0,0,14,0,14,0,0,57,0,57,0,0,71,0,71,126,0,126,197
02/06/2019,TIW,WA,ANM,WE,Federal Contract Tower,0,1,38,0,39,0,0,162,0,162,0,1,200,0,201,253,0,253,454
02/07/2019,TIW,WA,ANM,WE,Federal Contract Tower,0,1,32,0,33,0,0,115,0,115,0,1,147,0,148,198,0,198,346
02/09/2019,TIW,WA,ANM,WE,Federal Contract Tower,0,0,0,0,0,0,0,0,0,0,0,0,0,0,0,0,0,0,0
02/10/2019,TIW,WA,ANM,WE,Federal Contract Tower,0,0,0,0,0,0,0,4,0,4,0,0,4,0,4,0,0,0,4
02/11/2019,TIW,WA,ANM,WE,Federal Contract Tower,0,0,0,0,0,0,0,0,0,0,0,0,0,0,0,0,0,0,0
02/12/2019,TIW,WA,ANM,WE,Federal Contract Tower,0,2,0,0,2,0,0,0,0,0,0,2,0,0,2,0,0,0,2
02/13/2019,TIW,WA,ANM,WE,Federal Contract Tower,0,1,4,0,5,0,0,1,0,1,0,1,5,0,6,14,0,14,20
02/14/2019,TIW,WA,ANM,WE,Federal Contract Tower,0,1,15,0,16,0,0,43,0,43,0,1,58,0,59,84,0,84,143
02/15/2019,TIW,WA,ANM,WE,Federal Contract Tower,0,2,20,0,22,0,0,87,0,87,0,2,107,0,109,204,0,204,313
02/16/2019,TIW,WA,ANM,WE,Federal Contract Tower,0,0,19,0,19,0,0,6,0,6,0,0,25,0,25,12,0,12,37
02/17/2019,TIW,WA,ANM,WE,Federal Contract Tower,0,1,28,0,29,0,0,38,0,38,0,1,66,0,67,45,0,45,112
02/18/2019,TIW,WA,ANM,WE,Federal Contract Tower,0,5,25,0,30,0,0,107,0,107,0,5,132,0,137,178,0,178,315
02/19/2019,TIW,WA,ANM,WE,Federal Contract Tower,0,0,15,0,15,0,2,13,0,15,0,2,28,0,30,0,0,0,30
02/20/2019,TIW,WA,ANM,WE,Federal Contract Tower,0,0,12,0,12,0,0,29,0,29,0,0,41,0,41,80,0,80,121
02/21/2019,TIW,WA,ANM,WE,Federal Contract Tower,0,0,70,0,70,0,0,219,0,219,0,0,289,0,289,252,0,252,541
02/22/2019,TIW,WA,ANM,WE,Federal Contract Tower,0,1,13,0,14,0,0,1,1,2,0,1,14,1,16,0,0,0,16
02/23/2019,TIW,WA,ANM,WE,Federal Contract Tower,0,0,29,0,29,0,0,41,0,41,0,0,70,0,70,152,0,152,222
02/24/2019,TIW,WA,ANM,WE,Federal Contract Tower,0,1,9,0,10,0,0,9,0,9,0,1,18,0,19,6,0,6,25
02/25/2019,TIW,WA,ANM,WE,Federal Contract Tower,0,0,32,0,32,0,0,89,0,89,0,0,121,0,121,135,0,135,256
02/26/2019,TIW,WA,ANM,WE,Federal Contract Tower,0,0,31,0,31,0,0,90,0,90,0,0,121,0,121,79,0,79,200
02/27/2019,TIW,WA,ANM,WE,Federal Contract Tower,0,0,32,0,32,0,0,98,0,98,0,0,130,0,130,244,0,244,374
02/28/2019,TIW,WA,ANM,WE,Federal Contract Tower,0,6,23,0,29,0,0,165,0,165,0,6,188,0,194,299,0,299,493
03/01/2019,TIW,WA,ANM,WE,Federal Contract Tower,0,0,47,0,47,0,0,179,0,179,0,0,226,0,226,327,0,327,553
03/02/2019,TIW,WA,ANM,WE,Federal Contract Tower,0,0,43,0,43,0,0,144,0,144,0,0,187,0,187,66,0,66,253
03/03/2019,TIW,WA,ANM,WE,Federal Contract Tower,0,0,28,0,28,0,0,118,0,118,0,0,146,0,146,188,0,188,334
03/04/2019,TIW,WA,ANM,WE,Federal Contract Tower,0,1,60,0,61,0,0,118,0,118,0,1,178,0,179,184,0,184,363
03/05/2019,TIW,WA,ANM,WE,Federal Contract Tower,0,0,57,0,57,0,0,127,0,127,0,0,184,0,184,211,0,211,395
03/06/2019,TIW,WA,ANM,WE,Federal Contract Tower,0,7,10,0,17,0,0,24,0,24,0,7,34,0,41,36,0,36,77
03/07/2019,TIW,WA,ANM,WE,Federal Contract Tower,0,8,10,0,18,0,0,2,0,2,0,8,12,0,20,0,0,0,20
03/08/2019,TIW,WA,ANM,WE,Federal Contract Tower,0,5,11,0,16,0,0,7,0,7,0,5,18,0,23,7,0,7,30
03/09/2019,TIW,WA,ANM,WE,Federal Contract Tower,0,2,33,0,35,0,0,90,0,90,0,2,123,0,125,98,0,98,223
03/10/2019,TIW,WA,ANM,WE,Federal Contract Tower,0,1,46,0,47,0,0,133,0,133,0,1,179,0,180,174,0,174,354
03/11/2019,TIW,WA,ANM,WE,Federal Contract Tower,0,1,25,0,26,0,0,95,0,95,0,1,120,0,121,173,0,173,294
03/12/2019,TIW,WA,ANM,WE,Federal Contract Tower,0,0,20,0,20,0,0,40,0,40,0,0,60,0,60,71,0,71,131
03/13/2019,TIW,WA,ANM,WE,Federal Contract Tower,0,1,40,0,41,0,0,98,0,98,0,1,138,0,139,168,0,168,307
03/14/2019,TIW,WA,ANM,WE,Federal Contract Tower,0,1,47,0,48,0,0,193,2,195,0,1,240,2,243,319,0,319,562
03/15/2019,TIW,WA,ANM,WE,Federal Contract Tower,0,0,63,0,63,0,0,104,0,104,0,0,167,0,167,215,0,215,382
03/16/2019,TIW,WA,ANM,WE,Federal Contract Tower,0,1,30,0,31,0,0,114,0,114,0,1,144,0,145,153,0,153,298
03/17/2019,TIW,WA,ANM,WE,Federal Contract Tower,0,3,24,0,27,0,0,101,0,101,0,3,125,0,128,101,0,101,229
03/18/2019,TIW,WA,ANM,WE,Federal Contract Tower,0,3,53,0,56,0,0,134,0,134,0,3,187,0,190,149,0,149,339
03/19/2019,TIW,WA,ANM,WE,Federal Contract Tower,0,0,23,0,23,0,1,122,2,125,0,1,145,2,148,143,5,148,296
03/20/2019,TIW,WA,ANM,WE,Federal Contract Tower,0,1,50,0,51,0,0,204,0,204,0,1,254,0,255,239,0,239,494
03/21/2019,TIW,WA,ANM,WE,Federal Contract Tower,0,0,41,0,41,0,0,92,0,92,0,0,133,0,133,215,0,215,348
03/22/2019,TIW,WA,ANM,WE,Federal Contract Tower,0,2,27,0,29,0,0,75,0,75,0,2,102,0,104,111,0,111,215
03/23/2019,TIW,WA,ANM,WE,Federal Contract Tower,0,2,57,0,59,0,0,91,0,91,0,2,148,0,150,216,0,216,366
03/24/2019,TIW,WA,ANM,WE,Federal Contract Tower,0,3,36,0,39,0,0,84,0,84,0,3,120,0,123,161,0,161,284
03/25/2019,TIW,WA,ANM,WE,Federal Contract Tower,0,1,53,0,54,0,0,37,0,37,0,1,90,0,91,125,0,125,216
03/26/2019,TIW,WA,ANM,WE,Federal Contract Tower,0,0,70,0,70,0,0,147,0,147,0,0,217,0,217,246,2,248,465
03/27/2019,TIW,WA,ANM,WE,Federal Contract Tower,0,1,36,0,37,0,0,77,0,77,0,1,113,0,114,52,0,52,166
03/28/2019,TIW,WA,ANM,WE,Federal Contract Tower,0,2,58,0,60,0,0,166,0,166,0,2,224,0,226,201,0,201,427
03/29/2019,TIW,WA,ANM,WE,Federal Contract Tower,0,1,66,0,67,0,0,141,0,141,0,1,207,0,208,201,0,201,409
03/30/2019,TIW,WA,ANM,WE,Federal Contract Tower,0,4,35,0,39,0,0,197,0,197,0,4,232,0,236,191,0,191,427
03/31/2019,TIW,WA,ANM,WE,Federal Contract Tower,0,1,24,0,25,0,0,97,0,97,0,1,121,0,122,117,0,117,239
04/01/2019,TIW,WA,ANM,WE,Federal Contract Tower,0,0,36,0,36,0,0,115,0,115,0,0,151,0,151,218,0,218,369
04/02/2019,TIW,WA,ANM,WE,Federal Contract Tower,0,0,41,0,41,0,1,97,0,98,0,1,138,0,139,216,0,216,355
04/03/2019,TIW,WA,ANM,WE,Federal Contract Tower,0,0,12,0,12,0,0,11,0,11,0,0,23,0,23,23,0,23,46
04/04/2019,TIW,WA,ANM,WE,Federal Contract Tower,0,0,43,0,43,0,0,161,0,161,0,0,204,0,204,215,0,215,419
04/05/2019,TIW,WA,ANM,WE,Federal Contract Tower,0,0,25,0,25,0,0,24,0,24,0,0,49,0,49,58,0,58,107
04/06/2019,TIW,WA,ANM,WE,Federal Contract Tower,0,1,19,0,20,0,0,0,0,0,0,1,19,0,20,2,0,2,22
04/07/2019,TIW,WA,ANM,WE,Federal Contract Tower,0,0,40,0,40,0,0,39,0,39,0,0,79,0,79,74,0,74,153
04/08/2019,TIW,WA,ANM,WE,Federal Contract Tower,0,0,27,0,27,0,0,15,0,15,0,0,42,0,42,63,0,63,105
04/09/2019,TIW,WA,ANM,WE,Federal Contract Tower,0,1,25,0,26,0,0,56,0,56,0,1,81,0,82,123,0,123,205
04/10/2019,TIW,WA,ANM,WE,Federal Contract Tower,0,11,9,0,20,0,0,18,0,18,0,11,27,0,38,8,0,8,46
04/11/2019,TIW,WA,ANM,WE,Federal Contract Tower,0,3,20,0,23,0,0,3,0,3,0,3,23,0,26,0,0,0,26
04/12/2019,TIW,WA,ANM,WE,Federal Contract Tower,0,1,56,0,57,0,0,75,0,75,0,1,131,0,132,108,0,108,240
04/13/2019,TIW,WA,ANM,WE,Federal Contract Tower,0,3,26,0,29,0,0,3,0,3,0,3,29,0,32,24,0,24,56
04/14/2019,TIW,WA,ANM,WE,Federal Contract Tower,0,2,31,0,33,0,0,24,1,25,0,2,55,1,58,32,0,32,90
04/15/2019,TIW,WA,ANM,WE,Federal Contract Tower,0,4,41,0,45,0,0,124,0,124,0,4,165,0,169,219,0,219,388
04/16/2019,TIW,WA,ANM,WE,Federal Contract Tower,0,0,69,0,69,0,0,51,2,53,0,0,120,2,122,186,0,186,308
04/17/2019,TIW,WA,ANM,WE,Federal Contract Tower,0,0,77,0,77,0,4,70,0,74,0,4,147,0,151,243,0,243,394
04/18/2019,TIW,WA,ANM,WE,Federal Contract Tower,0,0,51,0,51,0,0,80,0,80,0,0,131,0,131,226,6,232,363
04/19/2019,TIW,WA,ANM,WE,Federal Contract Tower,0,8,37,0,45,0,0,7,0,7,0,8,44,0,52,0,0,0,52
04/20/2019,TIW,WA,ANM,WE,Federal Contract Tower,0,0,44,0,44,0,0,114,0,114,0,0,158,0,158,156,0,156,314
04/21/2019,TIW,WA,ANM,WE,Federal Contract Tower,0,1,35,0,36,0,0,81,0,81,0,1,116,0,117,52,0,52,169
04/22/2019,TIW,WA,ANM,WE,Federal Contract Tower,0,0,36,0,36,0,0,39,0,39,0,0,75,0,75,110,0,110,185
04/23/2019,TIW,WA,ANM,WE,Federal Contract Tower,0,5,38,0,43,0,0,52,0,52,0,5,90,0,95,61,0,61,156
04/24/2019,TIW,WA,ANM,WE,Federal Contract Tower,0,0,51,0,51,0,0,147,0,147,0,0,198,0,198,177,0,177,375
04/25/2019,TIW,WA,ANM,WE,Federal Contract Tower,0,0,46,0,46,0,0,113,0,113,0,0,159,0,159,132,0,132,291
04/26/2019,TIW,WA,ANM,WE,Federal Contract Tower,0,1,55,0,56,0,0,115,0,115,0,1,170,0,171,172,0,172,343
04/27/2019,TIW,WA,ANM,WE,Federal Contract Tower,0,0,23,0,23,0,0,81,0,81,0,0,104,0,104,114,0,114,218
04/28/2019,TIW,WA,ANM,WE,Federal Contract Tower,0,1,28,0,29,0,0,169,0,169,0,1,197,0,198,168,0,168,366
04/29/2019,TIW,WA,ANM,WE,Federal Contract Tower,0,0,32,0,32,0,0,98,0,98,0,0,130,0,130,155,0,155,285
04/30/2019,TIW,WA,ANM,WE,Federal Contract Tower,0,1,43,0,44,0,0,126,0,126,0,1,169,0,170,268,0,268,438
05/01/2019,TIW,WA,ANM,WE,Federal Contract Tower,0,0,44,0,44,0,0,95,0,95,0,0,139,0,139,148,0,148,287
05/02/2019,TIW,WA,ANM,WE,Federal Contract Tower,0,0,55,0,55,0,0,86,0,86,0,0,141,0,141,168,0,168,309
05/03/2019,TIW,WA,ANM,WE,Federal Contract Tower,0,0,40,0,40,0,0,111,0,111,0,0,151,0,151,187,0,187,338
05/04/2019,TIW,WA,ANM,WE,Federal Contract Tower,0,0,31,0,31,0,0,142,0,142,0,0,173,0,173,185,0,185,358
05/05/2019,TIW,WA,ANM,WE,Federal Contract Tower,0,0,21,0,21,0,0,109,1,110,0,0,130,1,131,81,0,81,212
05/06/2019,TIW,WA,ANM,WE,Federal Contract Tower,0,2,38,0,40,0,0,117,0,117,0,2,155,0,157,225,0,225,382
05/07/2019,TIW,WA,ANM,WE,Federal Contract Tower,0,1,54,0,55,0,0,97,0,97,0,1,151,0,152,179,0,179,331
05/08/2019,TIW,WA,ANM,WE,Federal Contract Tower,0,4,48,0,52,0,0,112,0,112,0,4,160,0,164,152,0,152,316
05/09/2019,TIW,WA,ANM,WE,Federal Contract Tower,0,0,49,0,49,0,0,133,0,133,0,0,182,0,182,184,0,184,366
05/10/2019,TIW,WA,ANM,WE,Federal Contract Tower,0,3,32,0,35,0,0,141,0,141,0,3,173,0,176,181,0,181,357
05/11/2019,TIW,WA,ANM,WE,Federal Contract Tower,0,1,27,0,28,0,0,159,0,159,0,1,186,0,187,135,0,135,322
05/12/2019,TIW,WA,ANM,WE,Federal Contract Tower,0,2,20,0,22,0,0,70,0,70,0,2,90,0,92,84,0,84,176
05/13/2019,TIW,WA,ANM,WE,Federal Contract Tower,0,0,48,0,48,0,0,88,0,88,0,0,136,0,136,148,0,148,284
05/14/2019,TIW,WA,ANM,WE,Federal Contract Tower,0,1,50,0,51,0,0,8,0,8,0,1,58,0,59,16,0,16,75
05/15/2019,TIW,WA,ANM,WE,Federal Contract Tower,0,0,56,0,56,0,0,84,0,84,0,0,140,0,140,229,0,229,369
05/16/2019,TIW,WA,ANM,WE,Federal Contract Tower,0,1,34,0,35,0,0,10,0,10,0,1,44,0,45,20,0,20,65
05/17/2019,TIW,WA,ANM,WE,Federal Contract Tower,0,3,41,0,44,0,0,49,0,49,0,3,90,0,93,86,0,86,179
05/18/2019,TIW,WA,ANM,WE,Federal Contract Tower,0,1,28,0,29,0,0,208,0,208,0,1,236,0,237,218,0,218,455
05/19/2019,TIW,WA,ANM,WE,Federal Contract Tower,0,3,35,0,38,0,0,69,0,69,0,3,104,0,107,81,0,81,188
05/20/2019,TIW,WA,ANM,WE,Federal Contract Tower,0,10,40,1,51,0,0,20,0,20,0,10,60,1,71,108,0,108,179
05/21/2019,TIW,WA,ANM,WE,Federal Contract Tower,0,0,41,0,41,0,0,74,0,74,0,0,115,0,115,217,0,217,332
05/22/2019,TIW,WA,ANM,WE,Federal Contract Tower,0,0,41,0,41,0,0,145,0,145,0,0,186,0,186,261,0,261,447
05/23/2019,TIW,WA,ANM,WE,Federal Contract Tower,0,0,38,0,38,0,0,166,0,166,0,0,204,0,204,216,0,216,420
05/24/2019,TIW,WA,ANM,WE,Federal Contract Tower,0,1,28,0,29,0,0,59,0,59,0,1,87,0,88,114,0,114,202
05/25/2019,TIW,WA,ANM,WE,Federal Contract Tower,0,0,26,0,26,0,0,13,0,13,0,0,39,0,39,30,0,30,69
05/26/2019,TIW,WA,ANM,WE,Federal Contract Tower,0,1,19,0,20,0,0,65,0,65,0,1,84,0,85,95,0,95,180
05/27/2019,TIW,WA,ANM,WE,Federal Contract Tower,0,1,29,0,30,0,0,137,0,137,0,1,166,0,167,200,0,200,367
05/28/2019,TIW,WA,ANM,WE,Federal Contract Tower,0,0,52,0,52,0,0,71,0,71,0,0,123,0,123,164,0,164,287
05/29/2019,TIW,WA,ANM,WE,Federal Contract Tower,0,0,70,0,70,0,0,62,0,62,0,0,132,0,132,147,0,147,279
05/30/2019,TIW,WA,ANM,WE,Federal Contract Tower,0,0,44,0,44,0,0,102,0,102,0,0,146,0,146,130,0,130,276
05/31/2019,TIW,WA,ANM,WE,Federal Contract Tower,0,2,45,0,47,0,0,104,0,104,0,2,149,0,151,154,0,154,305
06/01/2019,TIW,WA,ANM,WE,Federal Contract Tower,0,0,32,0,32,0,0,85,0,85,0,0,117,0,117,116,0,116,233
06/02/2019,TIW,WA,ANM,WE,Federal Contract Tower,0,2,40,0,42,0,0,64,0,64,0,2,104,0,106,85,0,85,191
06/03/2019,TIW,WA,ANM,WE,Federal Contract Tower,0,0,31,0,31,0,0,96,0,96,0,0,127,0,127,214,0,214,341
06/04/2019,TIW,WA,ANM,WE,Federal Contract Tower,0,0,44,0,44,0,0,116,0,116,0,0,160,0,160,216,10,226,386
06/05/2019,TIW,WA,ANM,WE,Federal Contract Tower,0,0,40,0,40,0,0,53,0,53,0,0,93,0,93,202,0,202,295
06/06/2019,TIW,WA,ANM,WE,Federal Contract Tower,0,0,39,0,39,0,0,62,0,62,0,0,101,0,101,75,0,75,176
06/07/2019,TIW,WA,ANM,WE,Federal Contract Tower,0,2,11,0,13,0,0,39,2,41,0,2,50,2,54,100,0,100,154
06/08/2019,TIW,WA,ANM,WE,Federal Contract Tower,0,0,28,0,28,0,0,116,0,116,0,0,144,0,144,141,0,141,285
06/09/2019,TIW,WA,ANM,WE,Federal Contract Tower,0,0,28,0,28,0,0,125,2,127,0,0,153,2,155,115,0,115,270
06/10/2019,TIW,WA,ANM,WE,Federal Contract Tower,0,3,18,1,22,0,1,92,1,94,0,4,110,2,116,218,0,218,334
06/11/2019,TIW,WA,ANM,WE,Federal Contract Tower,0,0,24,0,24,0,0,101,0,101,0,0,125,0,125,147,0,147,272
06/12/2019,TIW,WA,ANM,WE,Federal Contract Tower,0,4,27,0,31,0,0,91,0,91,0,4,118,0,122,242,0,242,364
06/13/2019,TIW,WA,ANM,WE,Federal Contract Tower,0,4,40,0,44,0,0,91,0,91,0,4,131,0,135,146,0,146,281
06/14/2019,TIW,WA,ANM,WE,Federal Contract Tower,0,0,61,0,61,0,0,77,0,77,0,0,138,0,138,145,0,145,283
06/15/2019,TIW,WA,ANM,WE,Federal Contract Tower,0,0,18,0,18,0,0,132,0,132,0,0,150,0,150,231,0,231,381
06/16/2019,TIW,WA,ANM,WE,Federal Contract Tower,0,1,38,0,39,0,0,78,0,78,0,1,116,0,117,90,0,90,207
06/17/2019,TIW,WA,ANM,WE,Federal Contract Tower,0,0,51,0,51,0,0,101,0,101,0,0,152,0,152,158,0,158,310
06/18/2019,TIW,WA,ANM,WE,Federal Contract Tower,0,2,49,0,51,0,0,36,0,36,0,2,85,0,87,141,0,141,228
06/19/2019,TIW,WA,ANM,WE,Federal Contract Tower,0,0,45,0,45,0,0,83,0,83,0,0,128,0,128,183,0,183,311
06/20/2019,TIW,WA,ANM,WE,Federal Contract Tower,0,1,46,0,47,0,0,121,0,121,0,1,167,0,168,325,0,325,493
06/21/2019,TIW,WA,ANM,WE,Federal Contract Tower,0,0,40,0,40,0,0,169,0,169,0,0,209,0,209,329,0,329,538
06/22/2019,TIW,WA,ANM,WE,Federal Contract Tower,0,0,46,0,46,0,0,56,0,56,0,0,102,0,102,117,0,117,219
06/23/2019,TIW,WA,ANM,WE,Federal Contract Tower,0,0,44,0,44,0,0,80,0,80,0,0,124,0,124,141,0,141,265
06/24/2019,TIW,WA,ANM,WE,Federal Contract Tower,0,6,53,3,62,0,0,64,0,64,0,6,117,3,126,200,0,200,326
06/25/2019,TIW,WA,ANM,WE,Federal Contract Tower,0,3,32,0,35,0,0,131,0,131,0,3,163,0,166,257,0,257,423
06/27/2019,TIW,WA,ANM,WE,Federal Contract Tower,0,3,43,0,46,0,0,57,0,57,0,3,100,0,103,240,0,240,343
06/28/2019,TIW,WA,ANM,WE,Federal Contract Tower,0,2,53,0,55,0,0,86,2,88,0,2,139,2,143,208,0,208,351
06/29/2019,TIW,WA,ANM,WE,Federal Contract Tower,0,2,18,0,20,0,0,137,1,138,0,2,155,1,158,146,0,146,304
06/30/2019,TIW,WA,ANM,WE,Federal Contract Tower,0,1,21,0,22,0,0,123,0,123,0,1,144,0,145,126,0,126,271
07/01/2019,TIW,WA,ANM,WE,Federal Contract Tower,0,3,47,0,50,0,0,101,0,101,0,3,148,0,151,146,0,146,297
07/02/2019,TIW,WA,ANM,WE,Federal Contract Tower,0,2,24,0,26,0,0,27,0,27,0,2,51,0,53,99,0,99,152
07/03/2019,TIW,WA,ANM,WE,Federal Contract Tower,0,0,23,1,24,0,0,72,0,72,0,0,95,1,96,102,0,102,198
07/04/2019,TIW,WA,ANM,WE,Federal Contract Tower,0,0,18,0,18,0,0,60,0,60,0,0,78,0,78,58,0,58,136
07/05/2019,TIW,WA,ANM,WE,Federal Contract Tower,0,0,22,0,22,0,0,97,0,97,0,0,119,0,119,220,0,220,339
07/06/2019,TIW,WA,ANM,WE,Federal Contract Tower,0,0,4,0,4,0,0,69,0,69,0,0,73,0,73,70,0,70,143
07/07/2019,TIW,WA,ANM,WE,Federal Contract Tower,0,0,12,0,12,0,0,54,0,54,0,0,66,0,66,38,0,38,104
07/08/2019,TIW,WA,ANM,WE,Federal Contract Tower,0,4,65,0,69,0,0,71,0,71,0,4,136,0,140,135,0,135,275
07/09/2019,TIW,WA,ANM,WE,Federal Contract Tower,0,0,27,0,27,0,0,118,0,118,0,0,145,0,145,149,0,149,294
07/10/2019,TIW,WA,ANM,WE,Federal Contract Tower,0,2,48,0,50,0,0,32,0,32,0,2,80,0,82,152,0,152,234
07/11/2019,TIW,WA,ANM,WE,Federal Contract Tower,0,4,49,0,53,0,0,116,0,116,0,4,165,0,169,190,0,190,359
07/12/2019,TIW,WA,ANM,WE,Federal Contract Tower,0,5,30,0,35,0,0,117,2,119,0,5,147,2,154,301,16,317,471
07/13/2019,TIW,WA,ANM,WE,Federal Contract Tower,0,3,44,0,47,0,0,90,0,90,0,3,134,0,137,158,0,158,295
07/14/2019,TIW,WA,ANM,WE,Federal Contract Tower,0,0,39,0,39,0,0,106,0,106,0,0,145,0,145,145,0,145,290
07/15/2019,TIW,WA,ANM,WE,Federal Contract Tower,0,0,43,0,43,0,0,67,0,67,0,0,110,0,110,163,0,163,273
07/16/2019,TIW,WA,ANM,WE,Federal Contract Tower,0,0,48,0,48,0,0,106,0,106,0,0,154,0,154,149,0,149,303
07/17/2019,TIW,WA,ANM,WE,Federal Contract Tower,0,5,30,0,35,0,0,5,0,5,0,5,35,0,40,0,0,0,40
07/18/2019,TIW,WA,ANM,WE,Federal Contract Tower,0,4,53,0,57,0,1,101,0,102,0,5,154,0,159,178,6,184,343
07/19/2019,TIW,WA,ANM,WE,Federal Contract Tower,0,2,17,0,19,0,0,119,0,119,0,2,136,0,138,326,0,326,464
07/20/2019,TIW,WA,ANM,WE,Federal Contract Tower,0,1,35,0,36,0,0,150,0,150,0,1,185,0,186,108,0,108,294
07/21/2019,TIW,WA,ANM,WE,Federal Contract Tower,0,0,26,0,26,0,0,135,0,135,0,0,161,0,161,177,0,177,338
07/22/2019,TIW,WA,ANM,WE,Federal Contract Tower,0,1,48,0,49,0,0,112,0,112,0,1,160,0,161,132,0,132,293
07/23/2019,TIW,WA,ANM,WE,Federal Contract Tower,0,0,37,0,37,0,0,55,0,55,0,0,92,0,92,197,0,197,289
07/24/2019,TIW,WA,ANM,WE,Federal Contract Tower,0,6,56,0,62,0,0,145,0,145,0,6,201,0,207,284,0,284,491
07/25/2019,TIW,WA,ANM,WE,Federal Contract Tower,0,2,28,0,30,0,0,159,0,159,0,2,187,0,189,238,0,238,427
07/26/2019,TIW,WA,ANM,WE,Federal Contract Tower,0,0,35,0,35,0,2,171,0,173,0,2,206,0,208,229,0,229,437
07/27/2019,TIW,WA,ANM,WE,Federal Contract Tower,0,0,15,0,15,0,0,121,0,121,0,0,136,0,136,222,0,222,358
07/28/2019,TIW,WA,ANM,WE,Federal Contract Tower,0,0,25,0,25,0,0,143,0,143,0,0,168,0,168,192,0,192,360
07/29/2019,TIW,WA,ANM,WE,Federal Contract Tower,0,0,38,0,38,0,0,110,0,110,0,0,148,0,148,236,0,236,384
07/30/2019,TIW,WA,ANM,WE,Federal Contract Tower,0,4,56,0,60,0,0,99,0,99,0,4,155,0,159,381,0,381,540
07/31/2019,TIW,WA,ANM,WE,Federal Contract Tower,0,4,75,0,79,0,0,164,0,164,0,4,239,0,243,258,0,258,501
08/01/2019,TIW,WA,ANM,WE,Federal Contract Tower,0,0,38,0,38,0,0,111,0,111,0,0,149,0,149,195,0,195,344
08/02/2019,TIW,WA,ANM,WE,Federal Contract Tower,0,4,46,0,50,0,3,61,0,64,0,7,107,0,114,178,0,178,292
08/03/2019,TIW,WA,ANM,WE,Federal Contract Tower,0,0,14,0,14,0,0,141,0,141,0,0,155,0,155,132,0,132,287
08/04/2019,TIW,WA,ANM,WE,Federal Contract Tower,0,0,20,0,20,0,0,101,0,101,0,0,121,0,121,83,0,83,204
08/05/2019,TIW,WA,ANM,WE,Federal Contract Tower,0,3,36,0,39,0,0,115,0,115,0,3,151,0,154,203,0,203,357
08/06/2019,TIW,WA,ANM,WE,Federal Contract Tower,0,5,44,2,51,0,1,97,0,98,0,6,141,2,149,175,0,175,324
08/07/2019,TIW,WA,ANM,WE,Federal Contract Tower,0,1,34,0,35,0,0,81,0,81,0,1,115,0,116,117,0,117,233
08/08/2019,TIW,WA,ANM,WE,Federal Contract Tower,0,2,66,0,68,0,0,64,2,66,0,2,130,2,134,270,0,270,404
08/09/2019,TIW,WA,ANM,WE,Federal Contract Tower,0,0,65,0,65,0,0,112,0,112,0,0,177,0,177,228,0,228,405
08/10/2019,TIW,WA,ANM,WE,Federal Contract Tower,0,0,20,0,20,0,0,33,0,33,0,0,53,0,53,74,0,74,127
08/11/2019,TIW,WA,ANM,WE,Federal Contract Tower,0,1,34,0,35,0,0,42,0,42,0,1,76,0,77,72,0,72,149
08/12/2019,TIW,WA,ANM,WE,Federal Contract Tower,0,0,46,0,46,0,8,113,0,121,0,8,159,0,167,119,0,119,286
08/13/2019,TIW,WA,ANM,WE,Federal Contract Tower,0,0,34,0,34,0,0,89,0,89,0,0,123,0,123,195,0,195,318
08/14/2019,TIW,WA,ANM,WE,Federal Contract Tower,0,0,61,0,61,0,0,111,0,111,0,0,172,0,172,196,0,196,368
08/15/2019,TIW,WA,ANM,WE,Federal Contract Tower,0,0,31,0,31,0,0,79,0,79,0,0,110,0,110,190,0,190,300
08/16/2019,TIW,WA,ANM,WE,Federal Contract Tower,0,1,50,0,51,0,0,67,0,67,0,1,117,0,118,214,0,214,332
08/17/2019,TIW,WA,ANM,WE,Federal Contract Tower,0,1,34,0,35,0,0,90,0,90,0,1,124,0,125,150,0,150,275
08/18/2019,TIW,WA,ANM,WE,Federal Contract Tower,0,0,40,0,40,0,0,119,0,119,0,0,159,0,159,80,0,80,239
08/19/2019,TIW,WA,ANM,WE,Federal Contract Tower,0,0,54,0,54,0,0,104,0,104,0,0,158,0,158,171,0,171,329
08/20/2019,TIW,WA,ANM,WE,Federal Contract Tower,0,1,58,0,59,0,140,0,3,143,0,141,58,3,202,231,0,231,433
08/21/2019,TIW,WA,ANM,WE,Federal Contract Tower,0,3,26,0,29,0,0,0,0,0,0,3,26,0,29,2,0,2,31
08/22/2019,TIW,WA,ANM,WE,Federal Contract Tower,0,1,54,0,55,0,0,65,0,65,0,1,119,0,120,110,0,110,230
08/23/2019,TIW,WA,ANM,WE,Federal Contract Tower,0,0,28,0,28,0,0,86,0,86,0,0,114,0,114,324,0,324,438
08/24/2019,TIW,WA,ANM,WE,Federal Contract Tower,0,2,15,0,17,0,0,162,0,162,0,2,177,0,179,230,0,230,409
08/25/2019,TIW,WA,ANM,WE,Federal Contract Tower,0,1,24,0,25,0,0,82,0,82,0,1,106,0,107,132,0,132,239
08/26/2019,TIW,WA,ANM,WE,Federal Contract Tower,0,0,17,0,17,0,0,126,0,126,0,0,143,0,143,226,0,226,369
08/27/2019,TIW,WA,ANM,WE,Federal Contract Tower,0,1,16,0,17,0,0,145,0,145,0,1,161,0,162,198,0,198,360
08/28/2019,TIW,WA,ANM,WE,Federal Contract Tower,0,0,39,0,39,0,2,126,0,128,0,2,165,0,167,342,0,342,509
08/29/2019,TIW,WA,ANM,WE,Federal Contract Tower,0,0,37,0,37,0,0,70,0,70,0,0,107,0,107,186,0,186,293
08/30/2019,TIW,WA,ANM,WE,Federal Contract Tower,0,1,50,0,51,0,1,128,0,129,0,2,178,0,180,305,0,305,485
08/31/2019,TIW,WA,ANM,WE,Federal Contract Tower,0,3,20,0,23,0,0,136,0,136,0,3,156,0,159,184,0,184,343
09/01/2019,TIW,WA,ANM,WE,Federal Contract Tower,0,6,25,0,31,0,0,67,0,67,0,6,92,0,98,95,0,95,193
09/02/2019,TIW,WA,ANM,WE,Federal Contract Tower,0,1,31,0,32,0,0,114,0,114,0,1,145,0,146,124,0,124,270
09/03/2019,TIW,WA,ANM,WE,Federal Contract Tower,0,6,40,0,46,0,0,130,0,130,0,6,170,0,176,161,0,161,337
09/04/2019,TIW,WA,ANM,WE,Federal Contract Tower,0,1,27,0,28,0,0,70,0,70,0,1,97,0,98,240,0,240,338
09/05/2019,TIW,WA,ANM,WE,Federal Contract Tower,0,0,28,0,28,0,0,120,2,122,0,0,148,2,150,170,2,172,322
09/06/2019,TIW,WA,ANM,WE,Federal Contract Tower,0,2,42,0,44,0,0,109,0,109,0,2,151,0,153,164,0,164,317
09/07/2019,TIW,WA,ANM,WE,Federal Contract Tower,0,0,32,0,32,0,0,48,0,48,0,0,80,0,80,48,0,48,128
09/08/2019,TIW,WA,ANM,WE,Federal Contract Tower,0,0,19,0,19,0,0,43,0,43,0,0,62,0,62,109,0,109,171
09/09/2019,TIW,WA,ANM,WE,Federal Contract Tower,0,2,14,0,16,0,0,10,0,10,0,2,24,0,26,0,0,0,26
09/10/2019,TIW,WA,ANM,WE,Federal Contract Tower,0,1,40,0,41,0,0,54,0,54,0,1,94,0,95,138,0,138,233
09/11/2019,TIW,WA,ANM,WE,Federal Contract Tower,0,0,43,0,43,0,0,75,0,75,0,0,118,0,118,255,0,255,373
09/12/2019,TIW,WA,ANM,WE,Federal Contract Tower,0,1,35,3,39,0,0,140,2,142,0,1,175,5,181,170,0,170,351
09/13/2019,TIW,WA,ANM,WE,Federal Contract Tower,0,0,55,0,55,0,0,53,0,53,0,0,108,0,108,209,0,209,317
09/14/2019,TIW,WA,ANM,WE,Federal Contract Tower,0,0,20,0,20,0,0,67,0,67,0,0,87,0,87,104,0,104,191
09/15/2019,TIW,WA,ANM,WE,Federal Contract Tower,0,0,15,0,15,0,0,29,0,29,0,0,44,0,44,102,0,102,146
09/16/2019,TIW,WA,ANM,WE,Federal Contract Tower,0,2,39,0,41,0,0,63,0,63,0,2,102,0,104,219,0,219,323
09/17/2019,TIW,WA,ANM,WE,Federal Contract Tower,0,0,18,0,18,0,0,38,0,38,0,0,56,0,56,138,0,138,194
09/18/2019,TIW,WA,ANM,WE,Federal Contract Tower,0,0,23,0,23,0,0,44,2,46,0,0,67,2,69,130,2,132,201
09/19/2019,TIW,WA,ANM,WE,Federal Contract Tower,0,0,27,0,27,0,0,79,0,79,0,0,106,0,106,179,0,179,285
09/20/2019,TIW,WA,ANM,WE,Federal Contract Tower,0,1,30,0,31,0,0,35,0,35,0,1,65,0,66,122,0,122,188
09/21/2019,TIW,WA,ANM,WE,Federal Contract Tower,0,0,41,0,41,0,0,104,1,105,0,0,145,1,146,107,0,107,253
09/22/2019,TIW,WA,ANM,WE,Federal Contract Tower,0,0,33,0,33,0,0,3,0,3,0,0,36,0,36,0,0,0,36
09/23/2019,TIW,WA,ANM,WE,Federal Contract Tower,0,0,64,0,64,0,0,51,0,51,0,0,115,0,115,130,0,130,245
09/24/2019,TIW,WA,ANM,WE,Federal Contract Tower,0,0,31,0,31,0,0,76,0,76,0,0,107,0,107,197,0,197,304
09/25/2019,TIW,WA,ANM,WE,Federal Contract Tower,0,0,50,2,52,0,0,153,0,153,0,0,203,2,205,226,0,226,431
09/26/2019,TIW,WA,ANM,WE,Federal Contract Tower,0,4,23,2,29,0,0,37,0,37,0,4,60,2,66,60,0,60,126
09/27/2019,TIW,WA,ANM,WE,Federal Contract Tower,0,0,34,0,34,0,0,29,0,29,0,0,63,0,63,26,0,26,89
09/28/2019,TIW,WA,ANM,WE,Federal Contract Tower,0,0,17,0,17,0,0,48,0,48,0,0,65,0,65,98,0,98,163
09/29/2019,TIW,WA,ANM,WE,Federal Contract Tower,0,0,35,0,35,0,0,93,0,93,0,0,128,0,128,148,0,148,276
09/30/2019,TIW,WA,ANM,WE,Federal Contract Tower,0,3,54,0,57,0,0,128,0,128,0,3,182,0,185,255,0,255,440
10/01/2019,TIW,WA,ANM,WE,Federal Contract Tower,0,0,59,0,59,0,0,127,0,127,0,0,186,0,186,340,0,340,526
10/02/2019,TIW,WA,ANM,WE,Federal Contract Tower,0,2,60,0,62,0,0,9,1,10,0,2,69,1,72,230,0,230,302
10/03/2019,TIW,WA,ANM,WE,Federal Contract Tower,0,3,30,0,33,0,0,66,0,66,0,3,96,0,99,143,0,143,242
10/04/2019,TIW,WA,ANM,WE,Federal Contract Tower,0,1,37,0,38,0,1,32,0,33,0,2,69,0,71,55,0,55,126
10/05/2019,TIW,WA,ANM,WE,Federal Contract Tower,0,0,16,0,16,0,2,41,0,43,0,2,57,0,59,92,0,92,151
10/06/2019,TIW,WA,ANM,WE,Federal Contract Tower,0,4,14,0,18,0,0,85,0,85,0,4,99,0,103,117,0,117,220
10/07/2019,TIW,WA,ANM,WE,Federal Contract Tower,0,0,16,0,16,0,0,4,0,4,0,0,20,0,20,6,0,6,26
10/08/2019,TIW,WA,ANM,WE,Federal Contract Tower,0,0,22,0,22,0,0,23,3,26,0,0,45,3,48,6,0,6,54
10/09/2019,TIW,WA,ANM,WE,Federal Contract Tower,0,0,34,2,36,0,0,110,2,112,0,0,144,4,148,312,0,312,460
10/10/2019,TIW,WA,ANM,WE,Federal Contract Tower,0,2,22,0,24,0,0,110,0,110,0,2,132,0,134,256,0,256,390
10/11/2019,TIW,WA,ANM,WE,Federal Contract Tower,0,1,43,0,44,0,2,120,0,122,0,3,163,0,166,262,0,262,428
10/12/2019,TIW,WA,ANM,WE,Federal Contract Tower,0,0,25,0,25,0,0,81,0,81,0,0,106,0,106,131,0,131,237
10/13/2019,TIW,WA,ANM,WE,Federal Contract Tower,0,2,19,0,21,0,0,60,0,60,0,2,79,0,81,106,0,106,187
10/14/2019,TIW,WA,ANM,WE,Federal Contract Tower,0,2,21,0,23,0,1,93,0,94,0,3,114,0,117,186,0,186,303
10/15/2019,TIW,WA,ANM,WE,Federal Contract Tower,0,0,50,2,52,0,0,96,4,100,0,0,146,6,152,133,2,135,287
10/16/2019,TIW,WA,ANM,WE,Federal Contract Tower,0,1,21,0,22,0,0,2,0,2,0,1,23,0,24,34,0,34,58
10/17/2019,TIW,WA,ANM,WE,Federal Contract Tower,0,1,13,0,14,0,0,2,0,2,0,1,15,0,16,0,0,0,16
10/18/2019,TIW,WA,ANM,WE,Federal Contract Tower,0,0,20,0,20,0,0,8,0,8,0,0,28,0,28,0,0,0,28
10/19/2019,TIW,WA,ANM,WE,Federal Contract Tower,0,0,24,0,24,0,0,8,0,8,0,0,32,0,32,30,0,30,62
10/20/2019,TIW,WA,ANM,WE,Federal Contract Tower,0,1,17,0,18,0,0,14,0,14,0,1,31,0,32,27,0,27,59
10/21/2019,TIW,WA,ANM,WE,Federal Contract Tower,0,1,37,0,38,0,0,3,0,3,0,1,40,0,41,26,0,26,67
10/22/2019,TIW,WA,ANM,WE,Federal Contract Tower,0,0,53,0,53,0,0,7,0,7,0,0,60,0,60,4,0,4,64
10/23/2019,TIW,WA,ANM,WE,Federal Contract Tower,0,1,39,0,40,0,0,107,0,107,0,1,146,0,147,171,0,171,318
10/24/2019,TIW,WA,ANM,WE,Federal Contract Tower,0,3,40,0,43,0,0,98,0,98,0,3,138,0,141,159,0,159,300
10/25/2019,TIW,WA,ANM,WE,Federal Contract Tower,0,0,28,0,28,0,0,14,0,14,0,0,42,0,42,34,0,34,76
10/26/2019,TIW,WA,ANM,WE,Federal Contract Tower,0,0,45,0,45,0,0,71,0,71,0,0,116,0,116,34,0,34,150
10/27/2019,TIW,WA,ANM,WE,Federal Contract Tower,0,8,31,0,39,0,0,141,0,141,0,8,172,0,180,149,0,149,329
10/28/2019,TIW,WA,ANM,WE,Federal Contract Tower,0,0,33,0,33,0,0,124,0,124,0,0,157,0,157,157,0,157,314
10/29/2019,TIW,WA,ANM,WE,Federal Contract Tower,0,1,56,0,57,0,0,109,0,109,0,1,165,0,166,150,0,150,316
10/30/2019,TIW,WA,ANM,WE,Federal Contract Tower,0,1,42,0,43,0,0,12,2,14,0,1,54,2,57,276,0,276,333
10/31/2019,TIW,WA,ANM,WE,Federal Contract Tower,0,2,42,0,44,0,0,102,0,102,0,2,144,0,146,218,0,218,364
11/01/2019,TIW,WA,ANM,WE,Federal Contract Tower,0,0,53,0,53,0,0,121,0,121,0,0,174,0,174,133,0,133,307
11/02/2019,TIW,WA,ANM,WE,Federal Contract Tower,0,0,22,0,22,0,0,126,0,126,0,0,148,0,148,225,0,225,373
11/03/2019,TIW,WA,ANM,WE,Federal Contract Tower,0,0,25,0,25,0,0,44,0,44,0,0,69,0,69,100,0,100,169
11/04/2019,TIW,WA,ANM,WE,Federal Contract Tower,0,1,17,0,18,0,0,53,0,53,0,1,70,0,71,179,0,179,250
11/05/2019,TIW,WA,ANM,WE,Federal Contract Tower,0,1,19,0,20,0,0,61,2,63,0,1,80,2,83,114,4,118,201
11/06/2019,TIW,WA,ANM,WE,Federal Contract Tower,0,0,33,1,34,0,0,58,1,59,0,0,91,2,93,224,0,224,317
11/07/2019,TIW,WA,ANM,WE,Federal Contract Tower,0,1,28,0,29,0,0,75,0,75,0,1,103,0,104,240,0,240,344
11/08/2019,TIW,WA,ANM,WE,Federal Contract Tower,0,0,36,0,36,0,0,70,0,70,0,0,106,0,106,189,0,189,295
11/09/2019,TIW,WA,ANM,WE,Federal Contract Tower,0,1,28,0,29,0,0,0,0,0,0,1,28,0,29,0,0,0,29
11/10/2019,TIW,WA,ANM,WE,Federal Contract Tower,0,3,11,0,14,0,0,10,0,10,0,3,21,0,24,9,1,10,34
11/11/2019,TIW,WA,ANM,WE,Federal Contract Tower,0,3,28,0,31,0,0,97,0,97,0,3,125,0,128,185,0,185,313
11/12/2019,TIW,WA,ANM,WE,Federal Contract Tower,0,3,22,0,25,0,0,0,0,0,0,3,22,0,25,0,0,0,25
11/13/2019,TIW,WA,ANM,WE,Federal Contract Tower,0,1,25,0,26,0,0,16,0,16,0,1,41,0,42,108,0,108,150
11/14/2019,TIW,WA,ANM,WE,Federal Contract Tower,0,3,39,0,42,0,0,78,0,78,0,3,117,0,120,134,2,136,256
11/15/2019,TIW,WA,ANM,WE,Federal Contract Tower,0,0,39,0,39,0,0,15,0,15,0,0,54,0,54,46,0,46,100
11/16/2019,TIW,WA,ANM,WE,Federal Contract Tower,0,1,65,0,66,0,0,80,0,80,0,1,145,0,146,154,0,154,300
11/17/2019,TIW,WA,ANM,WE,Federal Contract Tower,0,0,18,0,18,0,0,5,0,5,0,0,23,0,23,13,0,13,36
11/18/2019,TIW,WA,ANM,WE,Federal Contract Tower,0,0,5,0,5,0,0,1,0,1,0,0,6,0,6,0,0,0,6
11/19/2019,TIW,WA,ANM,WE,Federal Contract Tower,0,0,27,0,27,0,0,46,4,50,0,0,73,4,77,213,8,221,298
11/20/2019,TIW,WA,ANM,WE,Federal Contract Tower,0,2,48,2,52,0,0,127,0,127,0,2,175,2,179,219,0,219,398
11/21/2019,TIW,WA,ANM,WE,Federal Contract Tower,0,3,57,0,60,0,0,46,2,48,0,3,103,2,108,139,0,139,247
11/22/2019,TIW,WA,ANM,WE,Federal Contract Tower,0,1,47,2,50,0,0,1,0,1,0,1,48,2,51,0,0,0,51
11/23/2019,TIW,WA,ANM,WE,Federal Contract Tower,0,0,59,0,59,0,0,45,1,46,0,0,104,1,105,188,0,188,293
11/24/2019,TIW,WA,ANM,WE,Federal Contract Tower,0,0,24,0,24,0,0,68,1,69,0,0,92,1,93,151,0,151,244
11/25/2019,TIW,WA,ANM,WE,Federal Contract Tower,0,0,23,0,23,0,0,54,0,54,0,0,77,0,77,149,0,149,226
11/26/2019,TIW,WA,ANM,WE,Federal Contract Tower,0,1,33,0,34,0,0,54,2,56,0,1,87,2,90,121,6,127,217
11/27/2019,TIW,WA,ANM,WE,Federal Contract Tower,0,1,16,0,17,0,0,30,0,30,0,1,46,0,47,54,0,54,101
11/28/2019,TIW,WA,ANM,WE,Federal Contract Tower,0,0,3,0,3,0,0,18,0,18,0,0,21,0,21,83,0,83,104
11/29/2019,TIW,WA,ANM,WE,Federal Contract Tower,0,0,34,0,34,0,0,95,0,95,0,0,129,0,129,250,0,250,379
11/30/2019,TIW,WA,ANM,WE,Federal Contract Tower,0,5,36,0,41,0,0,95,0,95,0,5,131,0,136,139,0,139,275
12/01/2019,TIW,WA,ANM,WE,Federal Contract Tower,0,0,22,0,22,0,0,33,0,33,0,0,55,0,55,87,0,87,142
12/02/2019,TIW,WA,ANM,WE,Federal Contract Tower,0,0,26,0,26,0,0,54,0,54,0,0,80,0,80,111,0,111,191
12/03/2019,TIW,WA,ANM,WE,Federal Contract Tower,0,0,40,2,42,0,0,62,0,62,0,0,102,2,104,222,0,222,326
12/04/2019,TIW,WA,ANM,WE,Federal Contract Tower,0,2,19,0,21,0,0,1,0,1,0,2,20,0,22,0,0,0,22
12/05/2019,TIW,WA,ANM,WE,Federal Contract Tower,0,0,33,0,33,0,0,12,0,12,0,0,45,0,45,4,0,4,49
12/06/2019,TIW,WA,ANM,WE,Federal Contract Tower,0,0,34,0,34,0,0,29,0,29,0,0,63,0,63,172,0,172,235
12/07/2019,TIW,WA,ANM,WE,Federal Contract Tower,0,0,38,0,38,0,0,0,0,0,0,0,38,0,38,0,0,0,38
12/08/2019,TIW,WA,ANM,WE,Federal Contract Tower,0,0,19,0,19,0,0,11,0,11,0,0,30,0,30,0,0,0,30
12/09/2019,TIW,WA,ANM,WE,Federal Contract Tower,0,0,29,0,29,0,0,5,0,5,0,0,34,0,34,0,0,0,34
12/10/2019,TIW,WA,ANM,WE,Federal Contract Tower,0,1,20,0,21,0,0,2,0,2,0,1,22,0,23,0,0,0,23
12/11/2019,TIW,WA,ANM,WE,Federal Contract Tower,0,6,51,2,59,0,0,14,0,14,0,6,65,2,73,86,0,86,159
12/12/2019,TIW,WA,ANM,WE,Federal Contract Tower,0,2,17,0,19,0,0,13,0,13,0,2,30,0,32,99,2,101,133
12/13/2019,TIW,WA,ANM,WE,Federal Contract Tower,0,1,40,0,41,0,0,38,0,38,0,1,78,0,79,236,0,236,315
12/14/2019,TIW,WA,ANM,WE,Federal Contract Tower,0,0,25,0,25,0,0,0,0,0,0,0,25,0,25,0,0,0,25
12/15/2019,TIW,WA,ANM,WE,Federal Contract Tower,0,1,15,0,16,0,0,29,0,29,0,1,44,0,45,51,0,51,96
12/16/2019,TIW,WA,ANM,WE,Federal Contract Tower,0,2,21,0,23,0,0,45,0,45,0,2,66,0,68,248,0,248,316
12/17/2019,TIW,WA,ANM,WE,Federal Contract Tower,0,0,40,0,40,0,0,116,0,116,0,0,156,0,156,144,0,144,300
12/18/2019,TIW,WA,ANM,WE,Federal Contract Tower,0,0,28,0,28,0,1,73,0,74,0,1,101,0,102,170,0,170,272
12/19/2019,TIW,WA,ANM,WE,Federal Contract Tower,0,0,26,0,26,0,0,21,0,21,0,0,47,0,47,126,0,126,173
12/20/2019,TIW,WA,ANM,WE,Federal Contract Tower,0,3,6,0,9,0,0,0,0,0,0,3,6,0,9,0,0,0,9
12/21/2019,TIW,WA,ANM,WE,Federal Contract Tower,0,0,37,0,37,0,0,0,0,0,0,0,37,0,37,0,0,0,37
12/22/2019,TIW,WA,ANM,WE,Federal Contract Tower,0,4,25,0,29,0,0,15,0,15,0,4,40,0,44,20,0,20,64
12/23/2019,TIW,WA,ANM,WE,Federal Contract Tower,0,11,28,0,39,0,0,19,0,19,0,11,47,0,58,15,0,15,73
12/24/2019,TIW,WA,ANM,WE,Federal Contract Tower,0,2,11,0,13,0,0,8,0,8,0,2,19,0,21,12,0,12,33
12/25/2019,TIW,WA,ANM,WE,Federal Contract Tower,0,0,3,0,3,0,0,17,0,17,0,0,20,0,20,18,0,18,38
12/26/2019,TIW,WA,ANM,WE,Federal Contract Tower,0,0,17,0,17,0,0,23,0,23,0,0,40,0,40,50,0,50,90
12/27/2019,TIW,WA,ANM,WE,Federal Contract Tower,0,3,20,0,23,0,0,0,0,0,0,3,20,0,23,0,0,0,23
12/28/2019,TIW,WA,ANM,WE,Federal Contract Tower,0,0,43,0,43,0,2,71,0,73,0,2,114,0,116,69,0,69,185
12/29/2019,TIW,WA,ANM,WE,Federal Contract Tower,0,0,35,0,35,0,0,3,0,3,0,0,38,0,38,11,0,11,49
12/30/2019,TIW,WA,ANM,WE,Federal Contract Tower,0,1,36,0,37,0,0,35,0,35,0,1,71,0,72,68,0,68,140
12/31/2019,TIW,WA,ANM,WE,Federal Contract Tower,0,2,5,0,7,0,0,2,0,2,0,2,7,0,9,0,0,0,9
01/01/2020,TIW,WA,ANM,WE,Federal Contract Tower,0,1,8,0,9,0,0,16,0,16,0,1,24,0,25,4,0,4,29
01/02/2020,TIW,WA,ANM,WE,Federal Contract Tower,0,0,21,0,21,0,0,24,0,24,0,0,45,0,45,136,0,136,181
01/03/2020,TIW,WA,ANM,WE,Federal Contract Tower,0,28,0,0,28,0,2,92,0,94,0,30,92,0,122,180,0,180,302
01/04/2020,TIW,WA,ANM,WE,Federal Contract Tower,0,0,26,0,26,0,0,25,2,27,0,0,51,2,53,109,0,109,162
01/05/2020,TIW,WA,ANM,WE,Federal Contract Tower,0,0,11,0,11,0,0,6,0,6,0,0,17,0,17,20,0,20,37
01/06/2020,TIW,WA,ANM,WE,Federal Contract Tower,0,0,18,0,18,0,0,0,0,0,0,0,18,0,18,0,0,0,18
01/07/2020,TIW,WA,ANM,WE,Federal Contract Tower,0,1,24,0,25,0,0,36,0,36,0,1,60,0,61,94,0,94,155
01/08/2020,TIW,WA,ANM,WE,Federal Contract Tower,0,0,11,0,11,0,0,51,0,51,0,0,62,0,62,114,0,114,176
01/09/2020,TIW,WA,ANM,WE,Federal Contract Tower,0,3,5,0,8,0,0,0,0,0,0,3,5,0,8,0,0,0,8
01/10/2020,TIW,WA,ANM,WE,Federal Contract Tower,0,1,3,0,4,0,0,1,0,1,0,1,4,0,5,0,0,0,5
01/11/2020,TIW,WA,ANM,WE,Federal Contract Tower,0,5,20,0,25,0,0,24,0,24,0,5,44,0,49,36,0,36,85
01/12/2020,TIW,WA,ANM,WE,Federal Contract Tower,0,0,4,0,4,0,0,9,2,11,0,0,13,2,15,8,0,8,23
01/13/2020,TIW,WA,ANM,WE,Federal Contract Tower,0,1,1,1,3,0,0,4,0,4,0,1,5,1,7,0,0,0,7
01/14/2020,TIW,WA,ANM,WE,Federal Contract Tower,0,0,7,1,8,0,0,15,0,15,0,0,22,1,23,8,0,8,31
01/15/2020,TIW,WA,ANM,WE,Federal Contract Tower,0,0,9,0,9,0,0,26,0,26,0,0,35,0,35,68,0,68,103
01/16/2020,TIW,WA,ANM,WE,Federal Contract Tower,0,2,42,0,44,0,0,92,0,92,0,2,134,0,136,173,0,173,309
01/17/2020,TIW,WA,ANM,WE,Federal Contract Tower,0,1,20,0,21,0,0,21,0,21,0,1,41,0,42,76,0,76,118
01/18/2020,TIW,WA,ANM,WE,Federal Contract Tower,0,2,32,0,34,0,0,42,0,42,0,2,74,0,76,75,0,75,151
01/19/2020,TIW,WA,ANM,WE,Federal Contract Tower,0,0,22,0,22,0,0,26,0,26,0,0,48,0,48,50,0,50,98
01/20/2020,TIW,WA,ANM,WE,Federal Contract Tower,0,0,29,0,29,0,0,92,0,92,0,0,121,0,121,245,0,245,366
01/21/2020,TIW,WA,ANM,WE,Federal Contract Tower,0,3,15,2,20,0,0,21,1,22,0,3,36,3,42,54,0,54,96
01/22/2020,TIW,WA,ANM,WE,Federal Contract Tower,0,2,35,0,37,0,0,26,0,26,0,2,61,0,63,94,0,94,157
01/23/2020,TIW,WA,ANM,WE,Federal Contract Tower,0,0,42,0,42,0,0,4,0,4,0,0,46,0,46,45,0,45,91
01/24/2020,TIW,WA,ANM,WE,Federal Contract Tower,0,1,36,0,37,0,0,11,0,11,0,1,47,0,48,36,0,36,84
01/25/2020,TIW,WA,ANM,WE,Federal Contract Tower,0,0,45,0,45,0,0,9,0,9,0,0,54,0,54,22,0,22,76
01/26/2020,TIW,WA,ANM,WE,Federal Contract Tower,0,1,29,0,30,0,0,69,0,69,0,1,98,0,99,85,0,85,184
01/27/2020,TIW,WA,ANM,WE,Federal Contract Tower,0,1,32,4,37,0,0,91,0,91,0,1,123,4,128,120,0,120,248
01/28/2020,TIW,WA,ANM,WE,Federal Contract Tower,0,2,58,0,60,0,0,40,0,40,0,2,98,0,100,112,0,112,212
01/29/2020,TIW,WA,ANM,WE,Federal Contract Tower,0,1,16,2,19,0,0,7,4,11,0,1,23,6,30,38,0,38,68
01/30/2020,TIW,WA,ANM,WE,Federal Contract Tower,0,0,62,0,62,0,0,31,2,33,0,0,93,2,95,114,0,114,209
01/31/2020,TIW,WA,ANM,WE,Federal Contract Tower,0,0,18,0,18,0,0,0,0,0,0,0,18,0,18,0,0,0,18
02/01/2020,TIW,WA,ANM,WE,Federal Contract Tower,0,1,24,0,25,0,0,18,0,18,0,1,42,0,43,9,0,9,52
02/02/2020,TIW,WA,ANM,WE,Federal Contract Tower,0,0,31,0,31,0,0,73,0,73,0,0,104,0,104,140,0,140,244
02/03/2020,TIW,WA,ANM,WE,Federal Contract Tower,0,0,16,0,16,0,0,39,0,39,0,0,55,0,55,38,0,38,93
02/04/2020,TIW,WA,ANM,WE,Federal Contract Tower,0,1,18,0,19,0,0,35,0,35,0,1,53,0,54,18,0,18,72
02/05/2020,TIW,WA,ANM,WE,Federal Contract Tower,0,2,11,2,15,0,0,0,0,0,0,2,11,2,15,0,0,0,15
02/06/2020,TIW,WA,ANM,WE,Federal Contract Tower,0,2,11,0,13,0,0,0,0,0,0,2,11,0,13,0,0,0,13
02/07/2020,TIW,WA,ANM,WE,Federal Contract Tower,0,0,22,4,26,0,0,0,0,0,0,0,22,4,26,0,0,0,26
02/08/2020,TIW,WA,ANM,WE,Federal Contract Tower,0,0,43,0,43,0,0,44,0,44,0,0,87,0,87,162,0,162,249
02/09/2020,TIW,WA,ANM,WE,Federal Contract Tower,0,2,25,1,28,0,0,114,0,114,0,2,139,1,142,87,0,87,229
02/10/2020,TIW,WA,ANM,WE,Federal Contract Tower,0,0,30,0,30,0,0,86,0,86,0,0,116,0,116,193,0,193,309
02/11/2020,TIW,WA,ANM,WE,Federal Contract Tower,0,2,53,0,55,0,0,30,0,30,0,2,83,0,85,32,0,32,117
02/12/2020,TIW,WA,ANM,WE,Federal Contract Tower,0,1,20,3,24,0,0,63,0,63,0,1,83,3,87,86,0,86,173
02/13/2020,TIW,WA,ANM,WE,Federal Contract Tower,0,0,28,0,28,0,0,4,0,4,0,0,32,0,32,28,0,28,60
02/14/2020,TIW,WA,ANM,WE,Federal Contract Tower,0,3,42,0,45,0,0,72,0,72,0,3,114,0,117,116,0,116,233
02/15/2020,TIW,WA,ANM,WE,Federal Contract Tower,0,2,26,0,28,0,0,9,0,9,0,2,35,0,37,48,0,48,85
02/16/2020,TIW,WA,ANM,WE,Federal Contract Tower,0,1,13,0,14,0,0,35,0,35,0,1,48,0,49,45,0,45,94
02/17/2020,TIW,WA,ANM,WE,Federal Contract Tower,0,2,47,0,49,0,0,98,0,98,0,2,145,0,147,162,0,162,309
02/18/2020,TIW,WA,ANM,WE,Federal Contract Tower,0,0,30,0,30,0,0,116,0,116,0,0,146,0,146,140,0,140,286
02/19/2020,TIW,WA,ANM,WE,Federal Contract Tower,0,2,31,0,33,0,0,149,4,153,0,2,180,4,186,256,8,264,450
02/20/2020,TIW,WA,ANM,WE,Federal Contract Tower,0,0,34,0,34,0,0,104,0,104,0,0,138,0,138,234,0,234,372
02/21/2020,TIW,WA,ANM,WE,Federal Contract Tower,0,1,29,0,30,0,0,99,0,99,0,1,128,0,129,222,0,222,351
02/22/2020,TIW,WA,ANM,WE,Federal Contract Tower,0,1,21,0,22,0,0,10,0,10,0,1,31,0,32,24,0,24,56
02/23/2020,TIW,WA,ANM,WE,Federal Contract Tower,0,2,7,0,9,0,0,1,0,1,0,2,8,0,10,0,0,0,10
02/24/2020,TIW,WA,ANM,WE,Federal Contract Tower,0,0,25,2,27,0,1,88,0,89,0,1,113,2,116,203,0,203,319
02/25/2020,TIW,WA,ANM,WE,Federal Contract Tower,0,0,21,0,21,0,0,90,0,90,0,0,111,0,111,204,0,204,315
02/26/2020,TIW,WA,ANM,WE,Federal Contract Tower,0,0,48,0,48,0,0,55,0,55,0,0,103,0,103,171,0,171,274
02/27/2020,TIW,WA,ANM,WE,Federal Contract Tower,0,0,38,0,38,0,0,98,0,98,0,0,136,0,136,304,0,304,440
02/28/2020,TIW,WA,ANM,WE,Federal Contract Tower,0,0,8,0,8,0,0,4,0,4,0,0,12,0,12,0,0,0,12
02/29/2020,TIW,WA,ANM,WE,Federal Contract Tower,0,0,18,0,18,0,0,43,0,43,0,0,61,0,61,66,0,66,127
03/01/2020,TIW,WA,ANM,WE,Federal Contract Tower,0,0,9,0,9,0,0,97,0,97,0,0,106,0,106,92,0,92,198
03/02/2020,TIW,WA,ANM,WE,Federal Contract Tower,0,1,21,0,22,0,0,1,0,1,0,1,22,0,23,0,0,0,23
03/03/2020,TIW,WA,ANM,WE,Federal Contract Tower,0,1,28,0,29,0,0,7,2,9,0,1,35,2,38,22,0,22,60
03/04/2020,TIW,WA,ANM,WE,Federal Contract Tower,0,1,38,0,39,0,0,123,2,125,0,1,161,2,164,256,0,256,420
03/05/2020,TIW,WA,ANM,WE,Federal Contract Tower,0,1,16,0,17,0,0,14,0,14,0,1,30,0,31,11,0,11,42
03/06/2020,TIW,WA,ANM,WE,Federal Contract Tower,0,0,15,0,15,0,0,3,0,3,0,0,18,0,18,0,0,0,18
03/07/2020,TIW,WA,ANM,WE,Federal Contract Tower,0,0,12,0,12,0,0,8,0,8,0,0,20,0,20,6,0,6,26
03/08/2020,TIW,WA,ANM,WE,Federal Contract Tower,0,1,15,0,16,0,0,77,0,77,0,1,92,0,93,53,0,53,146
03/09/2020,TIW,WA,ANM,WE,Federal Contract Tower,0,0,34,0,34,0,0,119,0,119,0,0,153,0,153,135,0,135,288
03/10/2020,TIW,WA,ANM,WE,Federal Contract Tower,0,0,22,0,22,0,0,74,0,74,0,0,96,0,96,180,0,180,276
03/11/2020,TIW,WA,ANM,WE,Federal Contract Tower,0,0,17,0,17,0,0,45,0,45,0,0,62,0,62,242,0,242,304
03/12/2020,TIW,WA,ANM,WE,Federal Contract Tower,0,2,40,0,42,0,0,89,5,94,0,2,129,5,136,139,0,139,275
03/13/2020,TIW,WA,ANM,WE,Federal Contract Tower,0,0,4,0,4,0,0,0,0,0,0,0,4,0,4,0,0,0,4
03/14/2020,TIW,WA,ANM,WE,Federal Contract Tower,0,3,5,0,8,0,0,22,0,22,0,3,27,0,30,0,0,0,30
03/15/2020,TIW,WA,ANM,WE,Federal Contract Tower,0,3,10,0,13,0,1,25,0,26,0,4,35,0,39,0,0,0,39
03/16/2020,TIW,WA,ANM,WE,Federal Contract Tower,0,2,25,0,27,0,0,97,0,97,0,2,122,0,124,106,0,106,230
03/17/2020,TIW,WA,ANM,WE,Federal Contract Tower,0,2,26,0,28,0,0,78,0,78,0,2,104,0,106,258,0,258,364
03/18/2020,TIW,WA,ANM,WE,Federal Contract Tower,0,2,29,2,33,0,0,111,0,111,0,2,140,2,144,210,0,210,354
03/19/2020,TIW,WA,ANM,WE,Federal Contract Tower,0,0,20,0,20,0,0,62,0,62,0,0,82,0,82,262,0,262,344
03/20/2020,TIW,WA,ANM,WE,Federal Contract Tower,0,0,27,0,27,0,0,69,0,69,0,0,96,0,96,199,0,199,295
03/21/2020,TIW,WA,ANM,WE,Federal Contract Tower,0,0,21,0,21,0,0,41,0,41,0,0,62,0,62,98,0,98,160
03/22/2020,TIW,WA,ANM,WE,Federal Contract Tower,0,0,22,0,22,0,0,87,0,87,0,0,109,0,109,89,0,89,198
03/23/2020,TIW,WA,ANM,WE,Federal Contract Tower,0,0,2,0,2,0,0,0,0,0,0,0,2,0,2,0,0,0,2
03/24/2020,TIW,WA,ANM,WE,Federal Contract Tower,0,0,6,0,6,0,0,7,0,7,0,0,13,0,13,13,0,13,26
03/25/2020,TIW,WA,ANM,WE,Federal Contract Tower,0,0,5,0,5,0,0,17,0,17,0,0,22,0,22,38,0,38,60
03/26/2020,TIW,WA,ANM,WE,Federal Contract Tower,0,7,2,0,9,0,0,22,0,22,0,7,24,0,31,5,0,5,36
03/27/2020,TIW,WA,ANM,WE,Federal Contract Tower,0,0,6,0,6,0,0,2,0,2,0,0,8,0,8,0,0,0,8
03/28/2020,TIW,WA,ANM,WE,Federal Contract Tower,0,0,13,0,13,0,0,12,0,12,0,0,25,0,25,22,0,22,47
03/29/2020,TIW,WA,ANM,WE,Federal Contract Tower,0,0,27,0,27,0,0,17,0,17,0,0,44,0,44,4,0,4,48
03/30/2020,TIW,WA,ANM,WE,Federal Contract Tower,0,0,0,0,0,0,0,0,0,0,0,0,0,0,0,0,0,0,0
03/31/2020,TIW,WA,ANM,WE,Federal Contract Tower,0,0,6,0,6,0,0,7,0,7,0,0,13,0,13,6,0,6,19
04/01/2020,TIW,WA,ANM,WE,Federal Contract Tower,0,0,1,0,1,0,0,22,0,22,0,0,23,0,23,51,0,51,74
04/02/2020,TIW,WA,ANM,WE,Federal Contract Tower,0,0,10,0,10,0,0,7,0,7,0,0,17,0,17,20,0,20,37
04/03/2020,TIW,WA,ANM,WE,Federal Contract Tower,0,0,2,0,2,0,0,8,0,8,0,0,10,0,10,11,0,11,21
04/04/2020,TIW,WA,ANM,WE,Federal Contract Tower,0,0,20,0,20,0,0,44,0,44,0,0,64,0,64,20,0,20,84
04/05/2020,TIW,WA,ANM,WE,Federal Contract Tower,0,0,6,0,6,0,0,43,0,43,0,0,49,0,49,29,0,29,78
04/06/2020,TIW,WA,ANM,WE,Federal Contract Tower,0,0,5,0,5,0,0,82,0,82,0,0,87,0,87,48,0,48,135
04/07/2020,TIW,WA,ANM,WE,Federal Contract Tower,0,1,10,0,11,0,0,48,0,48,0,1,58,0,59,34,0,34,93
04/08/2020,TIW,WA,ANM,WE,Federal Contract Tower,0,0,22,0,22,0,0,69,0,69,0,0,91,0,91,63,0,63,154
04/09/2020,TIW,WA,ANM,WE,Federal Contract Tower,0,0,5,0,5,0,0,60,0,60,0,0,65,0,65,92,0,92,157
04/10/2020,TIW,WA,ANM,WE,Federal Contract Tower,0,0,4,0,4,0,0,55,0,55,0,0,59,0,59,88,0,88,147
04/11/2020,TIW,WA,ANM,WE,Federal Contract Tower,0,0,19,0,19,0,0,24,0,24,0,0,43,0,43,38,0,38,81
04/12/2020,TIW,WA,ANM,WE,Federal Contract Tower,0,0,3,0,3,0,0,61,0,61,0,0,64,0,64,31,0,31,95
04/13/2020,TIW,WA,ANM,WE,Federal Contract Tower,0,0,6,0,6,0,0,68,2,70,0,0,74,2,76,49,0,49,125
04/14/2020,TIW,WA,ANM,WE,Federal Contract Tower,0,0,12,0,12,0,0,52,0,52,0,0,64,0,64,79,0,79,143
04/15/2020,TIW,WA,ANM,WE,Federal Contract Tower,0,1,10,0,11,0,0,39,0,39,0,1,49,0,50,24,0,24,74
04/16/2020,TIW,WA,ANM,WE,Federal Contract Tower,0,0,13,0,13,0,0,70,0,70,0,0,83,0,83,69,0,69,152
04/17/2020,TIW,WA,ANM,WE,Federal Contract Tower,0,0,16,0,16,0,0,86,0,86,0,0,102,0,102,51,0,51,153
04/18/2020,TIW,WA,ANM,WE,Federal Contract Tower,0,0,18,0,18,0,0,12,0,12,0,0,30,0,30,6,0,6,36
04/19/2020,TIW,WA,ANM,WE,Federal Contract Tower,0,0,25,0,25,0,0,60,2,62,0,0,85,2,87,61,0,61,148
04/20/2020,TIW,WA,ANM,WE,Federal Contract Tower,0,1,13,0,14,0,0,71,2,73,0,1,84,2,87,98,12,110,197
04/21/2020,TIW,WA,ANM,WE,Federal Contract Tower,0,0,26,0,26,0,0,35,0,35,0,0,61,0,61,62,0,62,123
04/22/2020,TIW,WA,ANM,WE,Federal Contract Tower,0,2,14,0,16,0,0,0,0,0,0,2,14,0,16,0,0,0,16
04/23/2020,TIW,WA,ANM,WE,Federal Contract Tower,0,0,10,0,10,0,0,5,0,5,0,0,15,0,15,0,0,0,15
04/24/2020,TIW,WA,ANM,WE,Federal Contract Tower,0,0,16,0,16,0,0,56,0,56,0,0,72,0,72,59,0,59,131
04/25/2020,TIW,WA,ANM,WE,Federal Contract Tower,0,0,5,0,5,0,0,3,0,3,0,0,8,0,8,14,0,14,22
04/26/2020,TIW,WA,ANM,WE,Federal Contract Tower,0,0,12,0,12,0,0,54,0,54,0,0,66,0,66,75,0,75,141
04/27/2020,TIW,WA,ANM,WE,Federal Contract Tower,0,0,13,0,13,0,0,12,0,12,0,0,25,0,25,2,0,2,27
04/28/2020,TIW,WA,ANM,WE,Federal Contract Tower,0,0,20,0,20,0,0,63,0,63,0,0,83,0,83,80,0,80,163
04/29/2020,TIW,WA,ANM,WE,Federal Contract Tower,0,1,18,0,19,0,0,41,0,41,0,1,59,0,60,21,0,21,81
04/30/2020,TIW,WA,ANM,WE,Federal Contract Tower,0,0,13,0,13,0,0,25,0,25,0,0,38,0,38,47,0,47,85
05/01/2020,TIW,WA,ANM,WE,Federal Contract Tower,1,3,22,0,26,0,1,94,0,95,1,4,116,0,121,152,0,152,273
05/02/2020,TIW,WA,ANM,WE,Federal Contract Tower,0,0,5,0,5,0,0,2,0,2,0,0,7,0,7,0,0,0,7
05/03/2020,TIW,WA,ANM,WE,Federal Contract Tower,0,1,10,0,11,0,0,27,0,27,0,1,37,0,38,18,0,18,56
05/04/2020,TIW,WA,ANM,WE,Federal Contract Tower,0,1,41,0,42,0,2,64,0,66,0,3,105,0,108,60,0,60,168
05/05/2020,TIW,WA,ANM,WE,Federal Contract Tower,0,0,20,0,20,0,0,61,0,61,0,0,81,0,81,72,0,72,153
05/06/2020,TIW,WA,ANM,WE,Federal Contract Tower,0,0,19,0,19,0,0,23,0,23,0,0,42,0,42,4,0,4,46
05/07/2020,TIW,WA,ANM,WE,Federal Contract Tower,0,0,16,0,16,0,0,102,0,102,0,0,118,0,118,124,0,124,242
05/08/2020,TIW,WA,ANM,WE,Federal Contract Tower,0,0,14,0,14,0,0,96,0,96,0,0,110,0,110,134,0,134,244
05/09/2020,TIW,WA,ANM,WE,Federal Contract Tower,0,0,22,0,22,0,0,102,0,102,0,0,124,0,124,113,0,113,237
05/10/2020,TIW,WA,ANM,WE,Federal Contract Tower,0,0,8,0,8,0,0,74,0,74,0,0,82,0,82,80,0,80,162
05/11/2020,TIW,WA,ANM,WE,Federal Contract Tower,0,0,30,4,34,0,0,61,0,61,0,0,91,4,95,78,0,78,173
05/12/2020,TIW,WA,ANM,WE,Federal Contract Tower,0,0,21,3,24,0,0,29,1,30,0,0,50,4,54,94,0,94,148
05/13/2020,TIW,WA,ANM,WE,Federal Contract Tower,0,0,29,0,29,0,0,53,0,53,0,0,82,0,82,111,0,111,193
05/14/2020,TIW,WA,ANM,WE,Federal Contract Tower,0,0,58,2,60,0,0,55,0,55,0,0,113,2,115,145,0,145,260
05/15/2020,TIW,WA,ANM,WE,Federal Contract Tower,0,0,35,0,35,0,0,136,0,136,0,0,171,0,171,198,0,198,369
05/16/2020,TIW,WA,ANM,WE,Federal Contract Tower,0,3,43,0,46,0,1,32,0,33,0,4,75,0,79,100,0,100,179
05/17/2020,TIW,WA,ANM,WE,Federal Contract Tower,0,0,21,0,21,0,0,52,0,52,0,0,73,0,73,108,0,108,181
05/18/2020,TIW,WA,ANM,WE,Federal Contract Tower,0,0,25,0,25,0,0,76,0,76,0,0,101,0,101,137,0,137,238
05/19/2020,TIW,WA,ANM,WE,Federal Contract Tower,0,0,52,0,52,0,0,43,0,43,0,0,95,0,95,168,0,168,263
05/20/2020,TIW,WA,ANM,WE,Federal Contract Tower,0,0,37,2,39,0,0,25,2,27,0,0,62,4,66,16,8,24,90
05/21/2020,TIW,WA,ANM,WE,Federal Contract Tower,0,0,17,0,17,0,0,22,0,22,0,0,39,0,39,59,0,59,98
05/22/2020,TIW,WA,ANM,WE,Federal Contract Tower,0,0,46,0,46,0,0,57,0,57,0,0,103,0,103,39,0,39,142
05/23/2020,TIW,WA,ANM,WE,Federal Contract Tower,0,0,32,0,32,0,0,100,0,100,0,0,132,0,132,221,0,221,353
05/24/2020,TIW,WA,ANM,WE,Federal Contract Tower,0,0,20,0,20,0,0,105,0,105,0,0,125,0,125,113,0,113,238
05/25/2020,TIW,WA,ANM,WE,Federal Contract Tower,0,1,39,0,40,0,0,1,0,1,0,1,40,0,41,0,0,0,41
05/26/2020,TIW,WA,ANM,WE,Federal Contract Tower,0,4,59,0,63,0,0,46,0,46,0,4,105,0,109,100,0,100,209
05/27/2020,TIW,WA,ANM,WE,Federal Contract Tower,0,1,37,0,38,0,0,122,2,124,0,1,159,2,162,210,4,214,376
05/28/2020,TIW,WA,ANM,WE,Federal Contract Tower,0,2,49,0,51,0,0,103,0,103,0,2,152,0,154,149,0,149,303
05/29/2020,TIW,WA,ANM,WE,Federal Contract Tower,0,0,46,0,46,0,0,117,0,117,0,0,163,0,163,188,0,188,351
05/30/2020,TIW,WA,ANM,WE,Federal Contract Tower,0,2,16,0,18,0,0,1,0,1,0,2,17,0,19,0,0,0,19
05/31/2020,TIW,WA,ANM,WE,Federal Contract Tower,0,8,26,0,34,0,0,49,0,49,0,8,75,0,83,50,0,50,133
06/01/2020,TIW,WA,ANM,WE,Federal Contract Tower,0,3,32,0,35,0,0,80,0,80,0,3,112,0,115,108,0,108,223
06/02/2020,TIW,WA,ANM,WE,Federal Contract Tower,0,2,28,2,32,0,0,94,0,94,0,2,122,2,126,89,0,89,215
06/03/2020,TIW,WA,ANM,WE,Federal Contract Tower,0,1,40,0,41,0,0,93,0,93,0,1,133,0,134,166,0,166,300
06/04/2020,TIW,WA,ANM,WE,Federal Contract Tower,0,4,23,0,27,0,0,113,0,113,0,4,136,0,140,150,0,150,290
06/05/2020,TIW,WA,ANM,WE,Federal Contract Tower,0,2,44,0,46,0,0,112,0,112,0,2,156,0,158,213,0,213,371
06/06/2020,TIW,WA,ANM,WE,Federal Contract Tower,0,1,7,0,8,0,0,15,0,15,0,1,22,0,23,61,0,61,84
06/07/2020,TIW,WA,ANM,WE,Federal Contract Tower,0,1,18,0,19,0,0,41,0,41,0,1,59,0,60,46,0,46,106
06/08/2020,TIW,WA,ANM,WE,Federal Contract Tower,0,3,27,0,30,0,0,49,0,49,0,3,76,0,79,52,0,52,131
06/09/2020,TIW,WA,ANM,WE,Federal Contract Tower,0,2,15,0,17,0,0,3,0,3,0,2,18,0,20,0,0,0,20
06/10/2020,TIW,WA,ANM,WE,Federal Contract Tower,0,0,25,0,25,0,0,36,0,36,0,0,61,0,61,86,0,86,147
06/11/2020,TIW,WA,ANM,WE,Federal Contract Tower,0,0,37,0,37,0,0,80,0,80,0,0,117,0,117,211,0,211,328
06/12/2020,TIW,WA,ANM,WE,Federal Contract Tower,0,2,27,0,29,0,0,29,0,29,0,2,56,0,58,87,0,87,145
06/13/2020,TIW,WA,ANM,WE,Federal Contract Tower,0,5,35,0,40,0,0,25,0,25,0,5,60,0,65,50,0,50,115
06/14/2020,TIW,WA,ANM,WE,Federal Contract Tower,0,0,29,0,29,0,0,110,0,110,0,0,139,0,139,199,0,199,338
06/15/2020,TIW,WA,ANM,WE,Federal Contract Tower,0,3,30,0,33,0,0,26,0,26,0,3,56,0,59,36,0,36,95
06/16/2020,TIW,WA,ANM,WE,Federal Contract Tower,0,1,16,0,17,0,0,100,9,109,0,1,116,9,126,180,0,180,306
06/17/2020,TIW,WA,ANM,WE,Federal Contract Tower,0,0,46,0,46,0,1,110,0,111,0,1,156,0,157,150,0,150,307
06/18/2020,TIW,WA,ANM,WE,Federal Contract Tower,0,1,39,0,40,0,0,175,0,175,0,1,214,0,215,183,0,183,398
06/19/2020,TIW,WA,ANM,WE,Federal Contract Tower,0,3,51,0,54,0,0,160,0,160,0,3,211,0,214,245,0,245,459
06/20/2020,TIW,WA,ANM,WE,Federal Contract Tower,0,2,40,0,42,0,0,4,0,4,0,2,44,0,46,8,0,8,54
06/21/2020,TIW,WA,ANM,WE,Federal Contract Tower,0,0,26,0,26,0,0,84,0,84,0,0,110,0,110,131,0,131,241
06/22/2020,TIW,WA,ANM,WE,Federal Contract Tower,0,0,31,0,31,0,0,132,0,132,0,0,163,0,163,284,0,284,447
06/23/2020,TIW,WA,ANM,WE,Federal Contract Tower,0,0,24,2,26,0,0,100,0,100,0,0,124,2,126,124,0,124,250
06/24/2020,TIW,WA,ANM,WE,Federal Contract Tower,0,0,27,0,27,0,0,75,0,75,0,0,102,0,102,204,0,204,306
06/25/2020,TIW,WA,ANM,WE,Federal Contract Tower,0,0,24,0,24,0,1,113,0,114,0,1,137,0,138,146,0,146,284
06/26/2020,TIW,WA,ANM,WE,Federal Contract Tower,0,1,28,0,29,0,0,122,0,122,0,1,150,0,151,200,0,200,351
06/27/2020,TIW,WA,ANM,WE,Federal Contract Tower,0,2,41,0,43,0,0,28,0,28,0,2,69,0,71,39,0,39,110
06/28/2020,TIW,WA,ANM,WE,Federal Contract Tower,0,2,36,0,38,0,0,45,0,45,0,2,81,0,83,61,0,61,144
06/29/2020,TIW,WA,ANM,WE,Federal Contract Tower,0,2,46,0,48,0,0,66,0,66,0,2,112,0,114,202,0,202,316
06/30/2020,TIW,WA,ANM,WE,Federal Contract Tower,0,5,21,0,26,0,0,21,0,21,0,5,42,0,47,6,0,6,53
07/01/2020,TIW,WA,ANM,WE,Federal Contract Tower,0,3,22,0,25,0,0,21,0,21,0,3,43,0,46,56,0,56,102
07/02/2020,TIW,WA,ANM,WE,Federal Contract Tower,0,4,48,0,52,0,0,51,0,51,0,4,99,0,103,189,0,189,292
07/03/2020,TIW,WA,ANM,WE,Federal Contract Tower,0,0,41,0,41,0,0,81,0,81,0,0,122,0,122,320,0,320,442
07/04/2020,TIW,WA,ANM,WE,Federal Contract Tower,0,0,34,0,34,0,0,68,0,68,0,0,102,0,102,64,0,64,166
07/05/2020,TIW,WA,ANM,WE,Federal Contract Tower,0,1,29,0,30,0,0,117,0,117,0,1,146,0,147,143,0,143,290
07/06/2020,TIW,WA,ANM,WE,Federal Contract Tower,0,1,46,0,47,0,0,135,0,135,0,1,181,0,182,185,0,185,367
07/07/2020,TIW,WA,ANM,WE,Federal Contract Tower,0,3,31,0,34,0,0,65,0,65,0,3,96,0,99,82,0,82,181
07/08/2020,TIW,WA,ANM,WE,Federal Contract Tower,0,0,77,0,77,0,0,124,1,125,0,0,201,1,202,184,0,184,386
07/09/2020,TIW,WA,ANM,WE,Federal Contract Tower,0,0,63,0,63,0,0,105,0,105,0,0,168,0,168,274,0,274,442
07/10/2020,TIW,WA,ANM,WE,Federal Contract Tower,0,1,58,0,59,0,0,117,2,119,0,1,175,2,178,192,0,192,370
07/11/2020,TIW,WA,ANM,WE,Federal Contract Tower,0,2,67,0,69,0,0,101,0,101,0,2,168,0,170,119,0,119,289
07/12/2020,TIW,WA,ANM,WE,Federal Contract Tower,0,0,25,0,25,0,0,65,0,65,0,0,90,0,90,166,0,166,256
07/13/2020,TIW,WA,ANM,WE,Federal Contract Tower,0,2,25,0,27,0,1,105,0,106,0,3,130,0,133,194,0,194,327
07/14/2020,TIW,WA,ANM,WE,Federal Contract Tower,0,2,43,0,45,0,0,124,0,124,0,2,167,0,169,178,0,178,347
07/15/2020,TIW,WA,ANM,WE,Federal Contract Tower,0,0,13,0,13,0,0,146,0,146,0,0,159,0,159,281,0,281,440
07/16/2020,TIW,WA,ANM,WE,Federal Contract Tower,0,4,50,0,54,0,0,53,0,53,0,4,103,0,107,142,0,142,249
07/17/2020,TIW,WA,ANM,WE,Federal Contract Tower,0,2,65,0,67,0,0,61,0,61,0,2,126,0,128,230,0,230,358
07/18/2020,TIW,WA,ANM,WE,Federal Contract Tower,0,0,20,0,20,0,0,130,0,130,0,0,150,0,150,134,0,134,284
07/19/2020,TIW,WA,ANM,WE,Federal Contract Tower,0,0,18,0,18,0,0,124,0,124,0,0,142,0,142,204,0,204,346
07/20/2020,TIW,WA,ANM,WE,Federal Contract Tower,0,0,30,0,30,0,0,127,0,127,0,0,157,0,157,294,0,294,451
07/21/2020,TIW,WA,ANM,WE,Federal Contract Tower,0,0,37,0,37,0,0,98,0,98,0,0,135,0,135,250,0,250,385
07/22/2020,TIW,WA,ANM,WE,Federal Contract Tower,0,2,53,0,55,0,0,40,0,40,0,2,93,0,95,140,0,140,235
07/23/2020,TIW,WA,ANM,WE,Federal Contract Tower,0,0,41,0,41,0,0,52,2,54,0,0,93,2,95,392,0,392,487
07/24/2020,TIW,WA,ANM,WE,Federal Contract Tower,0,0,33,0,33,0,0,94,0,94,0,0,127,0,127,176,0,176,303
07/25/2020,TIW,WA,ANM,WE,Federal Contract Tower,0,0,24,0,24,0,0,130,0,130,0,0,154,0,154,292,0,292,446
07/26/2020,TIW,WA,ANM,WE,Federal Contract Tower,0,0,16,0,16,0,0,150,0,150,0,0,166,0,166,192,0,192,358
07/27/2020,TIW,WA,ANM,WE,Federal Contract Tower,0,5,16,0,21,0,0,167,0,167,0,5,183,0,188,225,0,225,413
07/28/2020,TIW,WA,ANM,WE,Federal Contract Tower,0,0,35,0,35,0,0,109,0,109,0,0,144,0,144,329,0,329,473
07/29/2020,TIW,WA,ANM,WE,Federal Contract Tower,0,0,56,0,56,0,0,151,0,151,0,0,207,0,207,299,0,299,506
07/30/2020,TIW,WA,ANM,WE,Federal Contract Tower,0,2,9,0,11,0,0,22,0,22,0,2,31,0,33,71,0,71,104
07/31/2020,TIW,WA,ANM,WE,Federal Contract Tower,0,0,62,0,62,0,0,133,0,133,0,0,195,0,195,202,0,202,397
08/01/2020,TIW,WA,ANM,WE,Federal Contract Tower,0,0,23,0,23,0,0,55,0,55,0,0,78,0,78,274,0,274,352
08/02/2020,TIW,WA,ANM,WE,Federal Contract Tower,0,0,28,0,28,0,0,116,0,116,0,0,144,0,144,85,0,85,229
08/03/2020,TIW,WA,ANM,WE,Federal Contract Tower,0,3,47,0,50,0,0,82,0,82,0,3,129,0,132,143,0,143,275
08/04/2020,TIW,WA,ANM,WE,Federal Contract Tower,0,0,29,0,29,0,0,123,0,123,0,0,152,0,152,226,0,226,378
08/05/2020,TIW,WA,ANM,WE,Federal Contract Tower,0,3,47,1,51,0,0,136,0,136,0,3,183,1,187,234,0,234,421
08/06/2020,TIW,WA,ANM,WE,Federal Contract Tower,0,5,25,0,30,0,0,26,2,28,0,5,51,2,58,70,0,70,128
08/07/2020,TIW,WA,ANM,WE,Federal Contract Tower,0,0,43,0,43,0,0,87,0,87,0,0,130,0,130,285,0,285,415
08/08/2020,TIW,WA,ANM,WE,Federal Contract Tower,0,2,32,0,34,0,0,74,0,74,0,2,106,0,108,274,0,274,382
08/09/2020,TIW,WA,ANM,WE,Federal Contract Tower,0,2,33,0,35,0,0,144,0,144,0,2,177,0,179,149,0,149,328
08/10/2020,TIW,WA,ANM,WE,Federal Contract Tower,0,3,25,0,28,0,0,118,0,118,0,3,143,0,146,276,0,276,422
08/11/2020,TIW,WA,ANM,WE,Federal Contract Tower,0,0,42,0,42,0,0,70,0,70,0,0,112,0,112,80,0,80,192
08/12/2020,TIW,WA,ANM,WE,Federal Contract Tower,0,0,47,0,47,0,0,122,2,124,0,0,169,2,171,302,0,302,473
08/13/2020,TIW,WA,ANM,WE,Federal Contract Tower,0,0,43,8,51,0,2,138,0,140,0,2,181,8,191,250,0,250,441
08/14/2020,TIW,WA,ANM,WE,Federal Contract Tower,0,1,33,4,38,0,0,117,0,117,0,1,150,4,155,315,0,315,470
08/15/2020,TIW,WA,ANM,WE,Federal Contract Tower,0,0,20,0,20,0,0,127,0,127,0,0,147,0,147,180,0,180,327
08/16/2020,TIW,WA,ANM,WE,Federal Contract Tower,0,0,23,0,23,0,0,77,0,77,0,0,100,0,100,186,0,186,286
08/17/2020,TIW,WA,ANM,WE,Federal Contract Tower,0,4,56,0,60,0,1,110,0,111,0,5,166,0,171,231,0,231,402
08/18/2020,TIW,WA,ANM,WE,Federal Contract Tower,0,1,47,2,50,0,0,120,0,120,0,1,167,2,170,265,0,265,435
08/19/2020,TIW,WA,ANM,WE,Federal Contract Tower,0,1,39,0,40,0,0,153,4,157,0,1,192,4,197,282,0,282,479
08/20/2020,TIW,WA,ANM,WE,Federal Contract Tower,0,0,42,6,48,0,0,69,0,69,0,0,111,6,117,300,0,300,417
08/21/2020,TIW,WA,ANM,WE,Federal Contract Tower,0,0,24,0,24,0,0,16,0,16,0,0,40,0,40,30,0,30,70
08/22/2020,TIW,WA,ANM,WE,Federal Contract Tower,0,0,33,0,33,0,0,77,0,77,0,0,110,0,110,214,0,214,324
08/23/2020,TIW,WA,ANM,WE,Federal Contract Tower,0,0,31,0,31,0,0,137,0,137,0,0,168,0,168,196,0,196,364
08/24/2020,TIW,WA,ANM,WE,Federal Contract Tower,0,3,20,0,23,0,0,131,0,131,0,3,151,0,154,182,0,182,336
08/25/2020,TIW,WA,ANM,WE,Federal Contract Tower,0,0,39,0,39,0,1,102,0,103,0,1,141,0,142,189,0,189,331
08/26/2020,TIW,WA,ANM,WE,Federal Contract Tower,0,0,30,0,30,0,0,129,0,129,0,0,159,0,159,222,0,222,381
08/27/2020,TIW,WA,ANM,WE,Federal Contract Tower,0,10,40,8,58,0,2,102,0,104,0,12,142,8,162,294,0,294,456
08/28/2020,TIW,WA,ANM,WE,Federal Contract Tower,0,2,34,0,36,0,0,86,0,86,0,2,120,0,122,238,0,238,360
08/29/2020,TIW,WA,ANM,WE,Federal Contract Tower,0,0,42,0,42,0,0,109,0,109,0,0,151,0,151,206,0,206,357
08/30/2020,TIW,WA,ANM,WE,Federal Contract Tower,0,2,45,0,47,0,0,124,0,124,0,2,169,0,171,140,0,140,311
08/31/2020,TIW,WA,ANM,WE,Federal Contract Tower,0,0,42,0,42,0,0,66,0,66,0,0,108,0,108,197,0,197,305
09/01/2020,TIW,WA,ANM,WE,Federal Contract Tower,0,0,15,0,15,0,0,0,0,0,0,0,15,0,15,212,0,212,227
09/02/2020,TIW,WA,ANM,WE,Federal Contract Tower,0,2,22,0,24,0,0,140,0,140,0,2,162,0,164,260,0,260,424
09/03/2020,TIW,WA,ANM,WE,Federal Contract Tower,0,2,25,16,43,0,0,141,0,141,0,2,166,16,184,158,0,158,342
09/04/2020,TIW,WA,ANM,WE,Federal Contract Tower,0,0,40,0,40,0,3,128,0,131,0,3,168,0,171,186,0,186,357
09/05/2020,TIW,WA,ANM,WE,Federal Contract Tower,0,0,23,0,23,0,0,103,0,103,0,0,126,0,126,246,0,246,372
09/06/2020,TIW,WA,ANM,WE,Federal Contract Tower,0,0,26,0,26,0,0,108,0,108,0,0,134,0,134,110,0,110,244
09/07/2020,TIW,WA,ANM,WE,Federal Contract Tower,0,1,20,0,21,0,0,84,0,84,0,1,104,0,105,30,0,30,135
09/08/2020,TIW,WA,ANM,WE,Federal Contract Tower,0,8,12,0,20,0,0,18,0,18,0,8,30,0,38,5,0,5,43
09/10/2020,TIW,WA,ANM,WE,Federal Contract Tower,0,0,43,0,43,0,0,89,0,89,0,0,132,0,132,150,0,150,282
09/11/2020,TIW,WA,ANM,WE,Federal Contract Tower,0,2,21,0,23,0,0,0,0,0,0,2,21,0,23,0,0,0,23
09/12/2020,TIW,WA,ANM,WE,Federal Contract Tower,0,0,16,0,16,0,0,0,0,0,0,0,16,0,16,0,0,0,16
09/13/2020,TIW,WA,ANM,WE,Federal Contract Tower,0,4,5,0,9,0,0,0,0,0,0,4,5,0,9,0,0,0,9
09/14/2020,TIW,WA,ANM,WE,Federal Contract Tower,0,0,13,0,13,0,0,0,0,0,0,0,13,0,13,0,0,0,13
09/15/2020,TIW,WA,ANM,WE,Federal Contract Tower,0,0,15,0,15,0,0,0,0,0,0,0,15,0,15,0,0,0,15
09/16/2020,TIW,WA,ANM,WE,Federal Contract Tower,0,0,4,0,4,0,0,0,0,0,0,0,4,0,4,0,0,0,4
09/17/2020,TIW,WA,ANM,WE,Federal Contract Tower,0,0,25,0,25,0,0,3,0,3,0,0,28,0,28,30,0,30,58
09/18/2020,TIW,WA,ANM,WE,Federal Contract Tower,0,0,12,0,12,0,0,4,0,4,0,0,16,0,16,44,0,44,60
09/19/2020,TIW,WA,ANM,WE,Federal Contract Tower,0,0,38,0,38,0,0,29,0,29,0,0,67,0,67,88,0,88,155
09/20/2020,TIW,WA,ANM,WE,Federal Contract Tower,0,1,23,0,24,0,0,80,3,83,0,1,103,3,107,116,0,116,223
09/21/2020,TIW,WA,ANM,WE,Federal Contract Tower,0,1,49,0,50,0,0,119,0,119,0,1,168,0,169,190,0,190,359
09/22/2020,TIW,WA,ANM,WE,Federal Contract Tower,0,0,61,0,61,0,0,134,0,134,0,0,195,0,195,217,0,217,412
09/23/2020,TIW,WA,ANM,WE,Federal Contract Tower,0,1,38,0,39,0,0,5,2,7,0,1,43,2,46,26,10,36,82
09/24/2020,TIW,WA,ANM,WE,Federal Contract Tower,0,0,15,0,15,0,0,15,0,15,0,0,30,0,30,58,0,58,88
09/25/2020,TIW,WA,ANM,WE,Federal Contract Tower,0,0,8,0,8,0,0,6,0,6,0,0,14,0,14,30,0,30,44
09/26/2020,TIW,WA,ANM,WE,Federal Contract Tower,0,0,33,0,33,0,0,50,0,50,0,0,83,0,83,82,0,82,165
09/27/2020,TIW,WA,ANM,WE,Federal Contract Tower,0,0,48,0,48,0,0,93,0,93,0,0,141,0,141,154,0,154,295
09/28/2020,TIW,WA,ANM,WE,Federal Contract Tower,0,0,33,2,35,0,0,123,0,123,0,0,156,2,158,173,0,173,331
09/29/2020,TIW,WA,ANM,WE,Federal Contract Tower,0,6,29,0,35,0,0,148,0,148,0,6,177,0,183,215,0,215,398
09/30/2020,TIW,WA,ANM,WE,Federal Contract Tower,0,2,79,1,82,0,0,101,3,104,0,2,180,4,186,270,0,270,456
10/01/2020,TIW,WA,ANM,WE,Federal Contract Tower,0,0,27,0,27,0,0,67,0,67,0,0,94,0,94,189,0,189,283
10/02/2020,TIW,WA,ANM,WE,Federal Contract Tower,0,2,36,0,38,0,0,81,0,81,0,2,117,0,119,106,0,106,225
10/03/2020,TIW,WA,ANM,WE,Federal Contract Tower,0,0,8,0,8,0,0,0,0,0,0,0,8,0,8,0,0,0,8
10/04/2020,TIW,WA,ANM,WE,Federal Contract Tower,0,1,35,0,36,0,0,2,0,2,0,1,37,0,38,0,0,0,38
10/05/2020,TIW,WA,ANM,WE,Federal Contract Tower,0,0,41,0,41,0,0,54,0,54,0,0,95,0,95,172,0,172,267
10/06/2020,TIW,WA,ANM,WE,Federal Contract Tower,0,0,41,0,41,0,0,104,0,104,0,0,145,0,145,113,0,113,258
10/07/2020,TIW,WA,ANM,WE,Federal Contract Tower,0,1,50,0,51,0,0,27,0,27,0,1,77,0,78,53,0,53,131
10/08/2020,TIW,WA,ANM,WE,Federal Contract Tower,0,1,50,0,51,0,0,113,0,113,0,1,163,0,164,272,0,272,436
10/09/2020,TIW,WA,ANM,WE,Federal Contract Tower,0,0,95,0,95,0,0,39,0,39,0,0,134,0,134,156,0,156,290
10/10/2020,TIW,WA,ANM,WE,Federal Contract Tower,0,2,7,0,9,0,0,11,0,11,0,2,18,0,20,0,0,0,20
10/11/2020,TIW,WA,ANM,WE,Federal Contract Tower,0,0,24,0,24,0,0,7,0,7,0,0,31,0,31,22,0,22,53
10/12/2020,TIW,WA,ANM,WE,Federal Contract Tower,0,0,57,0,57,0,0,113,0,113,0,0,170,0,170,199,0,199,369
10/13/2020,TIW,WA,ANM,WE,Federal Contract Tower,0,4,0,0,4,0,0,0,0,0,0,4,0,0,4,0,0,0,4
10/14/2020,TIW,WA,ANM,WE,Federal Contract Tower,0,2,41,2,45,0,0,76,0,76,0,2,117,2,121,200,0,200,321
10/15/2020,TIW,WA,ANM,WE,Federal Contract Tower,0,2,58,0,60,0,2,120,0,122,0,4,178,0,182,215,0,215,397
10/16/2020,TIW,WA,ANM,WE,Federal Contract Tower,0,2,16,0,18,0,0,3,4,7,0,2,19,4,25,0,0,0,25
10/17/2020,TIW,WA,ANM,WE,Federal Contract Tower,0,0,64,0,64,0,0,28,0,28,0,0,92,0,92,162,0,162,254
10/18/2020,TIW,WA,ANM,WE,Federal Contract Tower,0,0,14,0,14,0,0,3,0,3,0,0,17,0,17,0,0,0,17
10/19/2020,TIW,WA,ANM,WE,Federal Contract Tower,0,0,36,0,36,0,0,67,0,67,0,0,103,0,103,58,0,58,161
10/20/2020,TIW,WA,ANM,WE,Federal Contract Tower,0,0,66,2,68,0,0,107,0,107,0,0,173,2,175,226,0,226,401
10/21/2020,TIW,WA,ANM,WE,Federal Contract Tower,0,2,53,0,55,0,3,70,0,73,0,5,123,0,128,110,0,110,238
10/22/2020,TIW,WA,ANM,WE,Federal Contract Tower,0,4,65,0,69,0,0,81,0,81,0,4,146,0,150,214,0,214,364
10/23/2020,TIW,WA,ANM,WE,Federal Contract Tower,0,2,17,0,19,0,0,8,0,8,0,2,25,0,27,16,0,16,43
10/24/2020,TIW,WA,ANM,WE,Federal Contract Tower,0,0,18,0,18,0,1,55,0,56,0,1,73,0,74,50,0,50,124
10/25/2020,TIW,WA,ANM,WE,Federal Contract Tower,0,1,18,0,19,0,0,98,0,98,0,1,116,0,117,118,0,118,235
10/26/2020,TIW,WA,ANM,WE,Federal Contract Tower,0,0,46,0,46,0,0,169,0,169,0,0,215,0,215,186,0,186,401
10/27/2020,TIW,WA,ANM,WE,Federal Contract Tower,0,0,55,2,57,0,0,87,0,87,0,0,142,2,144,242,0,242,386
10/28/2020,TIW,WA,ANM,WE,Federal Contract Tower,0,1,60,1,62,0,1,11,2,14,0,2,71,3,76,20,0,20,96
10/29/2020,TIW,WA,ANM,WE,Federal Contract Tower,0,1,46,0,47,0,0,75,4,79,0,1,121,4,126,94,0,94,220
10/30/2020,TIW,WA,ANM,WE,Federal Contract Tower,0,0,20,0,20,0,0,31,0,31,0,0,51,0,51,46,0,46,97
10/31/2020,TIW,WA,ANM,WE,Federal Contract Tower,0,0,29,0,29,0,0,113,0,113,0,0,142,0,142,138,0,138,280
11/01/2020,TIW,WA,ANM,WE,Federal Contract Tower,0,0,16,0,16,0,0,166,0,166,0,0,182,0,182,152,0,152,334
11/02/2020,TIW,WA,ANM,WE,Federal Contract Tower,0,3,54,4,61,0,0,159,0,159,0,3,213,4,220,185,0,185,405
11/03/2020,TIW,WA,ANM,WE,Federal Contract Tower,0,3,12,0,15,0,0,0,0,0,0,3,12,0,15,0,0,0,15
11/04/2020,TIW,WA,ANM,WE,Federal Contract Tower,0,2,23,0,25,0,0,0,0,0,0,2,23,0,25,2,0,2,27
11/05/2020,TIW,WA,ANM,WE,Federal Contract Tower,0,1,29,0,30,0,2,6,0,8,0,3,35,0,38,48,0,48,86
11/06/2020,TIW,WA,ANM,WE,Federal Contract Tower,0,1,34,0,35,0,0,47,0,47,0,1,81,0,82,96,0,96,178
11/07/2020,TIW,WA,ANM,WE,Federal Contract Tower,0,0,9,0,9,0,0,16,0,16,0,0,25,0,25,38,0,38,63
11/08/2020,TIW,WA,ANM,WE,Federal Contract Tower,0,0,12,0,12,0,0,98,4,102,0,0,110,4,114,94,0,94,208
11/09/2020,TIW,WA,ANM,WE,Federal Contract Tower,0,2,43,0,45,0,0,91,0,91,0,2,134,0,136,106,0,106,242
11/10/2020,TIW,WA,ANM,WE,Federal Contract Tower,0,6,24,1,31,0,0,15,0,15,0,6,39,1,46,97,0,97,143
11/11/2020,TIW,WA,ANM,WE,Federal Contract Tower,0,4,62,1,67,0,0,88,0,88,0,4,150,1,155,251,0,251,406
11/12/2020,TIW,WA,ANM,WE,Federal Contract Tower,0,1,40,0,41,0,0,54,0,54,0,1,94,0,95,200,0,200,295
11/13/2020,TIW,WA,ANM,WE,Federal Contract Tower,0,1,6,0,7,0,0,7,0,7,0,1,13,0,14,0,0,0,14
11/14/2020,TIW,WA,ANM,WE,Federal Contract Tower,0,0,22,0,22,0,0,53,0,53,0,0,75,0,75,156,0,156,231
11/15/2020,TIW,WA,ANM,WE,Federal Contract Tower,0,2,28,0,30,0,0,17,0,17,0,2,45,0,47,12,0,12,59
11/16/2020,TIW,WA,ANM,WE,Federal Contract Tower,0,0,27,0,27,0,0,0,0,0,0,0,27,0,27,0,0,0,27
11/17/2020,TIW,WA,ANM,WE,Federal Contract Tower,0,0,8,0,8,0,0,3,0,3,0,0,11,0,11,14,0,14,25
11/18/2020,TIW,WA,ANM,WE,Federal Contract Tower,0,0,23,0,23,0,0,1,0,1,0,0,24,0,24,2,0,2,26
11/19/2020,TIW,WA,ANM,WE,Federal Contract Tower,0,1,19,0,20,0,0,26,0,26,0,1,45,0,46,40,0,40,86
11/20/2020,TIW,WA,ANM,WE,Federal Contract Tower,0,5,64,0,69,0,0,69,0,69,0,5,133,0,138,218,0,218,356
11/21/2020,TIW,WA,ANM,WE,Federal Contract Tower,0,0,39,0,39,0,0,147,0,147,0,0,186,0,186,220,0,220,406
11/22/2020,TIW,WA,ANM,WE,Federal Contract Tower,0,2,37,0,39,0,0,60,0,60,0,2,97,0,99,166,0,166,265
11/23/2020,TIW,WA,ANM,WE,Federal Contract Tower,0,0,39,2,41,0,0,53,2,55,0,0,92,4,96,137,0,137,233
11/24/2020,TIW,WA,ANM,WE,Federal Contract Tower,0,0,49,2,51,0,0,12,0,12,0,0,61,2,63,2,0,2,65
11/25/2020,TIW,WA,ANM,WE,Federal Contract Tower,0,0,33,0,33,0,0,33,0,33,0,0,66,0,66,102,0,102,168
11/26/2020,TIW,WA,ANM,WE,Federal Contract Tower,0,0,2,0,2,0,0,4,0,4,0,0,6,0,6,48,0,48,54
11/27/2020,TIW,WA,ANM,WE,Federal Contract Tower,0,0,38,0,38,0,0,142,0,142,0,0,180,0,180,142,0,142,322
11/28/2020,TIW,WA,ANM,WE,Federal Contract Tower,0,1,37,0,38,0,0,12,0,12,0,1,49,0,50,70,0,70,120
11/29/2020,TIW,WA,ANM,WE,Federal Contract Tower,0,1,41,0,42,0,0,83,0,83,0,1,124,0,125,138,0,138,263
11/30/2020,TIW,WA,ANM,WE,Federal Contract Tower,0,7,17,0,24,0,0,16,0,16,0,7,33,0,40,4,0,4,44
12/01/2020,TIW,WA,ANM,WE,Federal Contract Tower,0,1,39,0,40,0,0,102,2,104,0,1,141,2,144,118,0,118,262
12/02/2020,TIW,WA,ANM,WE,Federal Contract Tower,0,0,37,6,43,0,0,133,0,133,0,0,170,6,176,240,0,240,416
12/03/2020,TIW,WA,ANM,WE,Federal Contract Tower,0,0,35,0,35,0,0,115,0,115,0,0,150,0,150,240,0,240,390
12/04/2020,TIW,WA,ANM,WE,Federal Contract Tower,0,0,38,0,38,0,0,132,0,132,0,0,170,0,170,220,0,220,390
12/05/2020,TIW,WA,ANM,WE,Federal Contract Tower,0,0,37,0,37,0,0,149,0,149,0,0,186,0,186,160,0,160,346
12/06/2020,TIW,WA,ANM,WE,Federal Contract Tower,0,1,30,0,31,0,0,55,0,55,0,1,85,0,86,128,0,128,214
12/07/2020,TIW,WA,ANM,WE,Federal Contract Tower,0,2,55,0,57,0,0,117,2,119,0,2,172,2,176,128,14,142,318
12/08/2020,TIW,WA,ANM,WE,Federal Contract Tower,0,5,5,0,10,0,0,0,0,0,0,5,5,0,10,0,0,0,10
12/09/2020,TIW,WA,ANM,WE,Federal Contract Tower,0,6,38,0,44,0,1,29,0,30,0,7,67,0,74,82,0,82,156
12/10/2020,TIW,WA,ANM,WE,Federal Contract Tower,0,0,31,2,33,0,0,5,0,5,0,0,36,2,38,50,0,50,88
12/11/2020,TIW,WA,ANM,WE,Federal Contract Tower,0,0,44,0,44,0,0,34,0,34,0,0,78,0,78,132,0,132,210
12/12/2020,TIW,WA,ANM,WE,Federal Contract Tower,0,1,26,0,27,0,0,87,0,87,0,1,113,0,114,90,0,90,204
12/13/2020,TIW,WA,ANM,WE,Federal Contract Tower,0,8,10,0,18,0,0,18,0,18,0,8,28,0,36,142,0,142,178
12/14/2020,TIW,WA,ANM,WE,Federal Contract Tower,0,0,43,0,43,0,0,89,8,97,0,0,132,8,140,154,17,171,311
12/15/2020,TIW,WA,ANM,WE,Federal Contract Tower,0,0,12,0,12,0,0,0,0,0,0,0,12,0,12,0,0,0,12
12/16/2020,TIW,WA,ANM,WE,Federal Contract Tower,0,0,37,2,39,0,0,37,2,39,0,0,74,4,78,115,0,115,193
12/17/2020,TIW,WA,ANM,WE,Federal Contract Tower,0,0,26,0,26,0,0,26,0,26,0,0,52,0,52,46,0,46,98
12/18/2020,TIW,WA,ANM,WE,Federal Contract Tower,0,0,27,0,27,0,0,6,0,6,0,0,33,0,33,86,0,86,119
12/19/2020,TIW,WA,ANM,WE,Federal Contract Tower,0,0,36,0,36,0,0,28,0,28,0,0,64,0,64,102,0,102,166
12/20/2020,TIW,WA,ANM,WE,Federal Contract Tower,0,3,26,0,29,0,0,55,0,55,0,3,81,0,84,101,0,101,185
12/21/2020,TIW,WA,ANM,WE,Federal Contract Tower,0,2,8,0,10,0,0,1,0,1,0,2,9,0,11,0,0,0,11
12/22/2020,TIW,WA,ANM,WE,Federal Contract Tower,0,1,45,0,46,0,2,155,0,157,0,3,200,0,203,162,0,162,365
12/23/2020,TIW,WA,ANM,WE,Federal Contract Tower,0,1,45,0,46,0,0,118,0,118,0,1,163,0,164,62,0,62,226
12/24/2020,TIW,WA,ANM,WE,Federal Contract Tower,0,1,25,0,26,0,0,63,0,63,0,1,88,0,89,36,0,36,125
12/25/2020,TIW,WA,ANM,WE,Federal Contract Tower,0,2,0,0,2,0,0,2,0,2,0,2,2,0,4,0,0,0,4
12/26/2020,TIW,WA,ANM,WE,Federal Contract Tower,0,2,16,0,18,0,0,10,0,10,0,2,26,0,28,0,0,0,28
12/27/2020,TIW,WA,ANM,WE,Federal Contract Tower,0,2,22,0,24,0,0,68,0,68,0,2,90,0,92,49,0,49,141
12/28/2020,TIW,WA,ANM,WE,Federal Contract Tower,0,0,32,0,32,0,0,56,0,56,0,0,88,0,88,86,0,86,174
12/29/2020,TIW,WA,ANM,WE,Federal Contract Tower,0,2,39,0,41,0,2,32,0,34,0,4,71,0,75,50,0,50,125
12/30/2020,TIW,WA,ANM,WE,Federal Contract Tower,0,2,10,0,12,0,0,0,2,2,0,2,10,2,14,14,0,14,28
12/31/2020,TIW,WA,ANM,WE,Federal Contract Tower,0,0,24,0,24,0,0,11,0,11,0,0,35,0,35,44,0,44,79
01/01/2021,TIW,WA,ANM,WE,Federal Contract Tower,0,0,5,0,5,0,0,6,0,6,0,0,11,0,11,16,0,16,27
01/02/2021,TIW,WA,ANM,WE,Federal Contract Tower,0,0,16,0,16,0,0,2,0,2,0,0,18,0,18,0,0,0,18
01/03/2021,TIW,WA,ANM,WE,Federal Contract Tower,0,1,12,0,13,0,0,15,0,15,0,1,27,0,28,33,0,33,61
01/04/2021,TIW,WA,ANM,WE,Federal Contract Tower,0,0,20,0,20,0,0,3,0,3,0,0,23,0,23,0,0,0,23
01/05/2021,TIW,WA,ANM,WE,Federal Contract Tower,0,0,16,0,16,0,0,24,0,24,0,0,40,0,40,72,0,72,112
01/06/2021,TIW,WA,ANM,WE,Federal Contract Tower,0,2,46,0,48,0,0,29,0,29,0,2,75,0,77,37,0,37,114
01/07/2021,TIW,WA,ANM,WE,Federal Contract Tower,0,6,70,0,76,0,1,52,2,55,0,7,122,2,131,102,2,104,235
01/08/2021,TIW,WA,ANM,WE,Federal Contract Tower,0,0,28,0,28,0,0,5,0,5,0,0,33,0,33,6,0,6,39
01/09/2021,TIW,WA,ANM,WE,Federal Contract Tower,0,0,33,0,33,0,2,87,0,89,0,2,120,0,122,108,0,108,230
01/10/2021,TIW,WA,ANM,WE,Federal Contract Tower,0,0,32,0,32,0,0,50,0,50,0,0,82,0,82,65,0,65,147
01/11/2021,TIW,WA,ANM,WE,Federal Contract Tower,0,3,13,0,16,0,0,3,0,3,0,3,16,0,19,3,0,3,22
01/12/2021,TIW,WA,ANM,WE,Federal Contract Tower,0,1,22,4,27,0,0,2,0,2,0,1,24,4,29,116,0,116,145
01/13/2021,TIW,WA,ANM,WE,Federal Contract Tower,0,0,43,0,43,0,0,71,0,71,0,0,114,0,114,98,0,98,212
01/14/2021,TIW,WA,ANM,WE,Federal Contract Tower,0,2,65,0,67,0,0,115,0,115,0,2,180,0,182,220,0,220,402
01/15/2021,TIW,WA,ANM,WE,Federal Contract Tower,0,1,45,0,46,0,0,36,0,36,0,1,81,0,82,108,0,108,190
01/16/2021,TIW,WA,ANM,WE,Federal Contract Tower,0,0,19,0,19,0,0,18,0,18,0,0,37,0,37,28,0,28,65
01/17/2021,TIW,WA,ANM,WE,Federal Contract Tower,0,26,0,0,26,0,0,16,0,16,0,26,16,0,42,68,0,68,110
01/18/2021,TIW,WA,ANM,WE,Federal Contract Tower,0,0,36,0,36,0,0,92,2,94,0,0,128,2,130,177,0,177,307
01/19/2021,TIW,WA,ANM,WE,Federal Contract Tower,0,0,40,2,42,0,0,56,0,56,0,0,96,2,98,112,0,112,210
01/20/2021,TIW,WA,ANM,WE,Federal Contract Tower,0,2,32,0,34,0,0,26,6,32,0,2,58,6,66,84,4,88,154
01/21/2021,TIW,WA,ANM,WE,Federal Contract Tower,0,1,29,0,30,0,0,5,0,5,0,1,34,0,35,6,0,6,41
01/22/2021,TIW,WA,ANM,WE,Federal Contract Tower,0,0,37,0,37,0,0,121,0,121,0,0,158,0,158,106,0,106,264
01/23/2021,TIW,WA,ANM,WE,Federal Contract Tower,0,0,43,0,43,0,0,79,0,79,0,0,122,0,122,92,0,92,214
01/24/2021,TIW,WA,ANM,WE,Federal Contract Tower,0,2,8,0,10,0,0,2,0,2,0,2,10,0,12,4,0,4,16
01/25/2021,TIW,WA,ANM,WE,Federal Contract Tower,0,0,33,0,33,0,0,65,0,65,0,0,98,0,98,186,0,186,284
01/26/2021,TIW,WA,ANM,WE,Federal Contract Tower,0,0,31,0,31,0,0,72,0,72,0,0,103,0,103,256,0,256,359
01/27/2021,TIW,WA,ANM,WE,Federal Contract Tower,0,0,18,0,18,0,0,30,0,30,0,0,48,0,48,54,10,64,112
01/28/2021,TIW,WA,ANM,WE,Federal Contract Tower,0,0,36,0,36,0,0,13,0,13,0,0,49,0,49,12,10,22,71
01/29/2021,TIW,WA,ANM,WE,Federal Contract Tower,0,0,25,1,26,0,0,49,0,49,0,0,74,1,75,124,0,124,199
01/30/2021,TIW,WA,ANM,WE,Federal Contract Tower,0,0,42,0,42,0,0,50,0,50,0,0,92,0,92,160,0,160,252
01/31/2021,TIW,WA,ANM,WE,Federal Contract Tower,0,0,7,0,7,0,0,3,0,3,0,0,10,0,10,0,0,0,10
02/01/2021,TIW,WA,ANM,WE,Federal Contract Tower,0,1,61,0,62,0,0,34,0,34,0,1,95,0,96,110,0,110,206
02/02/2021,TIW,WA,ANM,WE,Federal Contract Tower,0,1,12,0,13,0,0,0,4,4,0,1,12,4,17,0,26,26,43
02/03/2021,TIW,WA,ANM,WE,Federal Contract Tower,0,0,37,0,37,0,2,93,0,95,0,2,130,0,132,250,0,250,382
02/04/2021,TIW,WA,ANM,WE,Federal Contract Tower,0,0,17,2,19,0,0,4,0,4,0,0,21,2,23,4,0,4,27
02/05/2021,TIW,WA,ANM,WE,Federal Contract Tower,0,0,61,0,61,0,0,30,0,30,0,0,91,0,91,142,0,142,233
02/06/2021,TIW,WA,ANM,WE,Federal Contract Tower,0,0,3,0,3,0,0,0,0,0,0,0,3,0,3,0,0,0,3
02/07/2021,TIW,WA,ANM,WE,Federal Contract Tower,0,0,39,0,39,0,0,83,0,83,0,0,122,0,122,26,0,26,148
02/08/2021,TIW,WA,ANM,WE,Federal Contract Tower,0,1,31,2,34,0,1,82,0,83,0,2,113,2,117,157,0,157,274
02/09/2021,TIW,WA,ANM,WE,Federal Contract Tower,0,2,36,0,38,0,0,128,2,130,0,2,164,2,168,226,12,238,406
02/10/2021,TIW,WA,ANM,WE,Federal Contract Tower,0,0,53,0,53,0,0,79,2,81,0,0,132,2,134,251,0,251,385
02/11/2021,TIW,WA,ANM,WE,Federal Contract Tower,0,0,7,0,7,0,0,0,0,0,0,0,7,0,7,0,0,0,7
02/12/2021,TIW,WA,ANM,WE,Federal Contract Tower,0,0,12,0,12,0,0,5,0,5,0,0,17,0,17,4,0,4,21
02/14/2021,TIW,WA,ANM,WE,Federal Contract Tower,0,0,0,0,0,0,0,0,0,0,0,0,0,0,0,0,0,0,0
02/15/2021,TIW,WA,ANM,WE,Federal Contract Tower,0,2,8,0,10,0,0,0,0,0,0,2,8,0,10,0,0,0,10
02/16/2021,TIW,WA,ANM,WE,Federal Contract Tower,0,0,28,0,28,0,0,58,2,60,0,0,86,2,88,84,0,84,172
02/17/2021,TIW,WA,ANM,WE,Federal Contract Tower,0,2,47,2,51,0,0,104,1,105,0,2,151,3,156,206,0,206,362
02/18/2021,TIW,WA,ANM,WE,Federal Contract Tower,0,0,11,0,11,0,0,19,0,19,0,0,30,0,30,46,0,46,76
02/19/2021,TIW,WA,ANM,WE,Federal Contract Tower,0,1,56,0,57,0,0,43,0,43,0,1,99,0,100,122,0,122,222
02/20/2021,TIW,WA,ANM,WE,Federal Contract Tower,0,0,52,0,52,0,0,66,0,66,0,0,118,0,118,62,0,62,180
02/21/2021,TIW,WA,ANM,WE,Federal Contract Tower,0,0,13,0,13,0,1,3,0,4,0,1,16,0,17,10,0,10,27
02/22/2021,TIW,WA,ANM,WE,Federal Contract Tower,0,0,5,0,5,0,0,0,0,0,0,0,5,0,5,0,0,0,5
02/23/2021,TIW,WA,ANM,WE,Federal Contract Tower,0,0,18,12,30,0,0,31,0,31,0,0,49,12,61,21,0,21,82
02/24/2021,TIW,WA,ANM,WE,Federal Contract Tower,0,0,38,0,38,0,0,128,2,130,0,0,166,2,168,216,8,224,392
02/25/2021,TIW,WA,ANM,WE,Federal Contract Tower,0,0,7,0,7,0,0,3,4,7,0,0,10,4,14,0,0,0,14
02/26/2021,TIW,WA,ANM,WE,Federal Contract Tower,0,1,19,0,20,0,0,68,0,68,0,1,87,0,88,138,0,138,226
02/27/2021,TIW,WA,ANM,WE,Federal Contract Tower,0,2,61,0,63,0,0,150,0,150,0,2,211,0,213,160,0,160,373
02/28/2021,TIW,WA,ANM,WE,Federal Contract Tower,0,0,46,0,46,0,0,50,0,50,0,0,96,0,96,80,0,80,176
03/01/2021,TIW,WA,ANM,WE,Federal Contract Tower,0,0,55,0,55,0,0,102,9,111,0,0,157,9,166,208,0,208,374
03/02/2021,TIW,WA,ANM,WE,Federal Contract Tower,0,0,44,0,44,0,0,114,4,118,0,0,158,4,162,283,10,293,455
03/03/2021,TIW,WA,ANM,WE,Federal Contract Tower,0,5,48,0,53,0,0,140,0,140,0,5,188,0,193,216,0,216,409
03/04/2021,TIW,WA,ANM,WE,Federal Contract Tower,0,1,38,0,39,0,0,29,0,29,0,1,67,0,68,166,0,166,234
03/05/2021,TIW,WA,ANM,WE,Federal Contract Tower,0,3,25,0,28,0,0,4,0,4,0,3,29,0,32,4,0,4,36
03/06/2021,TIW,WA,ANM,WE,Federal Contract Tower,0,0,29,0,29,0,0,48,0,48,0,0,77,0,77,52,0,52,129
03/07/2021,TIW,WA,ANM,WE,Federal Contract Tower,0,0,15,0,15,0,0,8,0,8,0,0,23,0,23,0,0,0,23
03/08/2021,TIW,WA,ANM,WE,Federal Contract Tower,0,2,50,2,54,0,0,131,0,131,0,2,181,2,185,128,5,133,318
03/09/2021,TIW,WA,ANM,WE,Federal Contract Tower,0,0,37,2,39,0,0,90,0,90,0,0,127,2,129,238,0,238,367
03/10/2021,TIW,WA,ANM,WE,Federal Contract Tower,0,0,44,0,44,0,0,110,0,110,0,0,154,0,154,176,0,176,330
03/11/2021,TIW,WA,ANM,WE,Federal Contract Tower,0,0,50,2,52,0,0,139,0,139,0,0,189,2,191,188,0,188,379
03/12/2021,TIW,WA,ANM,WE,Federal Contract Tower,0,4,51,0,55,0,0,157,0,157,0,4,208,0,212,164,0,164,376
03/13/2021,TIW,WA,ANM,WE,Federal Contract Tower,0,0,46,0,46,0,0,109,0,109,0,0,155,0,155,106,0,106,261
03/14/2021,TIW,WA,ANM,WE,Federal Contract Tower,0,0,53,0,53,0,0,28,0,28,0,0,81,0,81,13,0,13,94
03/15/2021,TIW,WA,ANM,WE,Federal Contract Tower,0,2,21,0,23,0,0,98,0,98,0,2,119,0,121,141,0,141,262
03/16/2021,TIW,WA,ANM,WE,Federal Contract Tower,0,0,50,0,50,0,0,107,0,107,0,0,157,0,157,157,0,157,314
03/17/2021,TIW,WA,ANM,WE,Federal Contract Tower,0,0,74,0,74,0,0,109,2,111,0,0,183,2,185,166,0,166,351
03/18/2021,TIW,WA,ANM,WE,Federal Contract Tower,0,2,21,0,23,0,0,32,0,32,0,2,53,0,55,130,0,130,185
03/19/2021,TIW,WA,ANM,WE,Federal Contract Tower,0,5,18,0,23,0,0,27,0,27,0,5,45,0,50,36,0,36,86
03/20/2021,TIW,WA,ANM,WE,Federal Contract Tower,0,0,16,0,16,0,0,10,0,10,0,0,26,0,26,10,0,10,36
03/21/2021,TIW,WA,ANM,WE,Federal Contract Tower,0,1,13,0,14,0,0,15,0,15,0,1,28,0,29,24,0,24,53
03/22/2021,TIW,WA,ANM,WE,Federal Contract Tower,0,2,23,0,25,0,0,69,0,69,0,2,92,0,94,113,0,113,207
03/23/2021,TIW,WA,ANM,WE,Federal Contract Tower,0,0,56,0,56,0,0,87,0,87,0,0,143,0,143,134,0,134,277
03/24/2021,TIW,WA,ANM,WE,Federal Contract Tower,0,2,8,0,10,0,0,5,0,5,0,2,13,0,15,0,0,0,15
03/25/2021,TIW,WA,ANM,WE,Federal Contract Tower,0,0,31,0,31,0,0,38,2,40,0,0,69,2,71,154,2,156,227
03/26/2021,TIW,WA,ANM,WE,Federal Contract Tower,0,0,70,0,70,0,0,103,0,103,0,0,173,0,173,278,0,278,451
03/27/2021,TIW,WA,ANM,WE,Federal Contract Tower,0,0,54,0,54,0,0,81,0,81,0,0,135,0,135,244,0,244,379
03/28/2021,TIW,WA,ANM,WE,Federal Contract Tower,0,1,6,0,7,0,0,0,0,0,0,1,6,0,7,0,0,0,7
03/29/2021,TIW,WA,ANM,WE,Federal Contract Tower,0,0,74,0,74,0,1,149,4,154,0,1,223,4,228,168,0,168,396
03/30/2021,TIW,WA,ANM,WE,Federal Contract Tower,0,2,50,0,52,0,1,140,2,143,0,3,190,2,195,176,0,176,371
03/31/2021,TIW,WA,ANM,WE,Federal Contract Tower,0,0,37,1,38,0,1,167,2,170,0,1,204,3,208,220,0,220,428
04/01/2021,TIW,WA,ANM,WE,Federal Contract Tower,0,1,58,0,59,0,0,107,0,107,0,1,165,0,166,126,0,126,292
04/02/2021,TIW,WA,ANM,WE,Federal Contract Tower,0,1,66,0,67,0,0,91,0,91,0,1,157,0,158,178,0,178,336
04/03/2021,TIW,WA,ANM,WE,Federal Contract Tower,0,0,27,0,27,0,0,129,0,129,0,0,156,0,156,134,0,134,290
04/04/2021,TIW,WA,ANM,WE,Federal Contract Tower,0,1,21,0,22,0,0,40,0,40,0,1,61,0,62,86,0,86,148
04/05/2021,TIW,WA,ANM,WE,Federal Contract Tower,0,0,36,0,36,0,0,122,0,122,0,0,158,0,158,124,0,124,282
04/06/2021,TIW,WA,ANM,WE,Federal Contract Tower,0,2,34,0,36,0,0,148,2,150,0,2,182,2,186,164,2,166,352
04/07/2021,TIW,WA,ANM,WE,Federal Contract Tower,0,3,10,0,13,0,0,7,0,7,0,3,17,0,20,22,0,22,42
04/08/2021,TIW,WA,ANM,WE,Federal Contract Tower,0,3,47,0,50,0,0,104,0,104,0,3,151,0,154,184,0,184,338
04/09/2021,TIW,WA,ANM,WE,Federal Contract Tower,0,0,39,0,39,0,1,62,0,63,0,1,101,0,102,78,0,78,180
04/10/2021,TIW,WA,ANM,WE,Federal Contract Tower,0,0,8,0,8,0,0,53,0,53,0,0,61,0,61,40,0,40,101
04/11/2021,TIW,WA,ANM,WE,Federal Contract Tower,0,1,27,0,28,0,0,125,0,125,0,1,152,0,153,141,0,141,294
04/12/2021,TIW,WA,ANM,WE,Federal Contract Tower,0,0,15,0,15,0,0,82,0,82,0,0,97,0,97,71,0,71,168
04/13/2021,TIW,WA,ANM,WE,Federal Contract Tower,0,0,24,0,24,0,2,107,1,110,0,2,131,1,134,120,0,120,254
04/14/2021,TIW,WA,ANM,WE,Federal Contract Tower,0,1,35,0,36,0,0,107,6,113,0,1,142,6,149,144,2,146,295
04/15/2021,TIW,WA,ANM,WE,Federal Contract Tower,0,1,33,0,34,0,1,137,0,138,0,2,170,0,172,234,0,234,406
04/16/2021,TIW,WA,ANM,WE,Federal Contract Tower,0,0,36,0,36,0,0,124,0,124,0,0,160,0,160,188,0,188,348
04/17/2021,TIW,WA,ANM,WE,Federal Contract Tower,0,0,36,0,36,0,0,144,0,144,0,0,180,0,180,108,0,108,288
04/18/2021,TIW,WA,ANM,WE,Federal Contract Tower,0,1,26,0,27,0,0,117,0,117,0,1,143,0,144,91,0,91,235
04/19/2021,TIW,WA,ANM,WE,Federal Contract Tower,0,2,41,0,43,0,1,116,0,117,0,3,157,0,160,211,0,211,371
04/20/2021,TIW,WA,ANM,WE,Federal Contract Tower,0,1,51,5,57,0,0,141,0,141,0,1,192,5,198,214,0,214,412
04/21/2021,TIW,WA,ANM,WE,Federal Contract Tower,0,2,48,0,50,0,0,131,0,131,0,2,179,0,181,201,0,201,382
04/22/2021,TIW,WA,ANM,WE,Federal Contract Tower,0,0,37,0,37,0,0,67,0,67,0,0,104,0,104,166,0,166,270
04/23/2021,TIW,WA,ANM,WE,Federal Contract Tower,0,1,45,0,46,0,0,90,0,90,0,1,135,0,136,200,0,200,336
04/24/2021,TIW,WA,ANM,WE,Federal Contract Tower,0,0,37,0,37,0,0,2,0,2,0,0,39,0,39,26,0,26,65
04/25/2021,TIW,WA,ANM,WE,Federal Contract Tower,0,0,27,0,27,0,0,62,0,62,0,0,89,0,89,136,0,136,225
04/26/2021,TIW,WA,ANM,WE,Federal Contract Tower,0,0,33,0,33,0,0,100,0,100,0,0,133,0,133,250,0,250,383
04/27/2021,TIW,WA,ANM,WE,Federal Contract Tower,0,1,66,0,67,0,2,110,0,112,0,3,176,0,179,236,0,236,415
04/28/2021,TIW,WA,ANM,WE,Federal Contract Tower,0,0,62,0,62,0,0,114,0,114,0,0,176,0,176,280,0,280,456
04/29/2021,TIW,WA,ANM,WE,Federal Contract Tower,0,0,42,0,42,0,0,120,0,120,0,0,162,0,162,240,0,240,402
04/30/2021,TIW,WA,ANM,WE,Federal Contract Tower,0,0,26,0,26,0,0,5,0,5,0,0,31,0,31,68,0,68,99
05/01/2021,TIW,WA,ANM,WE,Federal Contract Tower,0,2,47,0,49,0,0,53,0,53,0,2,100,0,102,92,0,92,194
05/02/2021,TIW,WA,ANM,WE,Federal Contract Tower,0,1,41,0,42,0,1,109,0,110,0,2,150,0,152,204,0,204,356
05/03/2021,TIW,WA,ANM,WE,Federal Contract Tower,0,5,41,0,46,0,1,67,2,70,0,6,108,2,116,220,4,224,340
05/04/2021,TIW,WA,ANM,WE,Federal Contract Tower,0,2,55,0,57,0,0,72,0,72,0,2,127,0,129,220,0,220,349
05/05/2021,TIW,WA,ANM,WE,Federal Contract Tower,0,5,48,0,53,0,0,120,0,120,0,5,168,0,173,157,0,157,330
05/06/2021,TIW,WA,ANM,WE,Federal Contract Tower,0,1,31,0,32,0,0,35,0,35,0,1,66,0,67,100,0,100,167
05/07/2021,TIW,WA,ANM,WE,Federal Contract Tower,0,2,23,0,25,0,0,43,0,43,0,2,66,0,68,118,0,118,186
05/08/2021,TIW,WA,ANM,WE,Federal Contract Tower,0,0,38,1,39,0,0,90,0,90,0,0,128,1,129,142,0,142,271
05/09/2021,TIW,WA,ANM,WE,Federal Contract Tower,0,2,23,0,25,0,0,74,0,74,0,2,97,0,99,119,0,119,218
05/10/2021,TIW,WA,ANM,WE,Federal Contract Tower,0,1,63,0,64,0,1,138,0,139,0,2,201,0,203,270,0,270,473
05/11/2021,TIW,WA,ANM,WE,Federal Contract Tower,0,3,40,0,43,0,0,129,0,129,0,3,169,0,172,256,0,256,428
05/12/2021,TIW,WA,ANM,WE,Federal Contract Tower,0,1,35,0,36,0,0,115,0,115,0,1,150,0,151,252,0,252,403
05/13/2021,TIW,WA,ANM,WE,Federal Contract Tower,0,1,42,0,43,0,0,145,0,145,0,1,187,0,188,232,2,234,422
05/14/2021,TIW,WA,ANM,WE,Federal Contract Tower,0,2,44,0,46,0,0,128,0,128,0,2,172,0,174,271,0,271,445
05/15/2021,TIW,WA,ANM,WE,Federal Contract Tower,0,0,17,0,17,0,0,103,0,103,0,0,120,0,120,164,0,164,284
05/16/2021,TIW,WA,ANM,WE,Federal Contract Tower,0,0,31,0,31,0,0,94,0,94,0,0,125,0,125,169,0,169,294
05/17/2021,TIW,WA,ANM,WE,Federal Contract Tower,0,0,20,1,21,0,0,45,3,48,0,0,65,4,69,126,6,132,201
05/18/2021,TIW,WA,ANM,WE,Federal Contract Tower,0,2,25,0,27,0,0,69,0,69,0,2,94,0,96,57,0,57,153
05/19/2021,TIW,WA,ANM,WE,Federal Contract Tower,0,0,16,0,16,0,0,89,0,89,0,0,105,0,105,266,0,266,371
05/20/2021,TIW,WA,ANM,WE,Federal Contract Tower,0,2,28,0,30,0,0,113,2,115,0,2,141,2,145,240,0,240,385
05/21/2021,TIW,WA,ANM,WE,Federal Contract Tower,0,0,38,0,38,0,3,87,0,90,0,3,125,0,128,278,0,278,406
05/22/2021,TIW,WA,ANM,WE,Federal Contract Tower,0,0,51,0,51,0,0,48,0,48,0,0,99,0,99,32,0,32,131
05/23/2021,TIW,WA,ANM,WE,Federal Contract Tower,0,2,24,0,26,0,0,19,0,19,0,2,43,0,45,0,0,0,45
05/24/2021,TIW,WA,ANM,WE,Federal Contract Tower,0,0,44,0,44,0,0,29,0,29,0,0,73,0,73,177,0,177,250
05/25/2021,TIW,WA,ANM,WE,Federal Contract Tower,0,0,57,0,57,0,0,88,0,88,0,0,145,0,145,338,0,338,483
05/26/2021,TIW,WA,ANM,WE,Federal Contract Tower,0,0,55,0,55,0,3,116,1,120,0,3,171,1,175,178,0,178,353
05/27/2021,TIW,WA,ANM,WE,Federal Contract Tower,0,4,13,2,19,0,0,4,0,4,0,4,17,2,23,6,0,6,29
05/28/2021,TIW,WA,ANM,WE,Federal Contract Tower,0,2,55,0,57,0,2,114,2,118,0,4,169,2,175,304,0,304,479
05/29/2021,TIW,WA,ANM,WE,Federal Contract Tower,0,2,22,0,24,0,0,153,0,153,0,2,175,0,177,190,0,190,367
05/30/2021,TIW,WA,ANM,WE,Federal Contract Tower,0,1,22,0,23,0,2,131,0,133,0,3,153,0,156,166,0,166,322
05/31/2021,TIW,WA,ANM,WE,Federal Contract Tower,0,2,21,0,23,0,3,155,0,158,0,5,176,0,181,188,0,188,369
06/01/2021,TIW,WA,ANM,WE,Federal Contract Tower,0,1,20,0,21,0,0,112,0,112,0,1,132,0,133,164,0,164,297
06/02/2021,TIW,WA,ANM,WE,Federal Contract Tower,0,0,42,0,42,0,0,197,0,197,0,0,239,0,239,204,0,204,443
06/03/2021,TIW,WA,ANM,WE,Federal Contract Tower,0,0,55,0,55,0,0,99,0,99,0,0,154,0,154,154,0,154,308
06/04/2021,TIW,WA,ANM,WE,Federal Contract Tower,0,3,32,0,35,0,2,85,2,89,0,5,117,2,124,168,0,168,292
06/05/2021,TIW,WA,ANM,WE,Federal Contract Tower,0,0,12,0,12,0,1,22,0,23,0,1,34,0,35,10,0,10,45
06/06/2021,TIW,WA,ANM,WE,Federal Contract Tower,0,2,29,0,31,0,0,14,0,14,0,2,43,0,45,2,0,2,47
06/07/2021,TIW,WA,ANM,WE,Federal Contract Tower,0,1,39,0,40,0,0,120,0,120,0,1,159,0,160,281,0,281,441
06/08/2021,TIW,WA,ANM,WE,Federal Contract Tower,0,0,56,0,56,0,4,127,0,131,0,4,183,0,187,172,0,172,359
06/09/2021,TIW,WA,ANM,WE,Federal Contract Tower,0,2,37,0,39,0,0,137,0,137,0,2,174,0,176,216,0,216,392
06/10/2021,TIW,WA,ANM,WE,Federal Contract Tower,0,3,26,0,29,0,2,88,2,92,0,5,114,2,121,184,0,184,305
06/11/2021,TIW,WA,ANM,WE,Federal Contract Tower,0,0,39,0,39,0,0,28,0,28,0,0,67,0,67,86,0,86,153
06/12/2021,TIW,WA,ANM,WE,Federal Contract Tower,0,2,41,0,43,0,0,118,0,118,0,2,159,0,161,192,0,192,353
06/13/2021,TIW,WA,ANM,WE,Federal Contract Tower,0,1,36,0,37,0,0,5,0,5,0,1,41,0,42,0,0,0,42
06/14/2021,TIW,WA,ANM,WE,Federal Contract Tower,0,1,36,0,37,0,1,50,0,51,0,2,86,0,88,82,0,82,170
06/15/2021,TIW,WA,ANM,WE,Federal Contract Tower,0,1,15,0,16,0,0,95,0,95,0,1,110,0,111,164,0,164,275
06/16/2021,TIW,WA,ANM,WE,Federal Contract Tower,0,1,46,1,48,0,0,179,0,179,0,1,225,1,227,331,0,331,558
06/17/2021,TIW,WA,ANM,WE,Federal Contract Tower,0,1,55,0,56,0,0,145,0,145,0,1,200,0,201,194,0,194,395
06/18/2021,TIW,WA,ANM,WE,Federal Contract Tower,0,1,44,0,45,0,0,152,0,152,0,1,196,0,197,171,0,171,368
06/19/2021,TIW,WA,ANM,WE,Federal Contract Tower,0,0,47,0,47,0,2,140,2,144,0,2,187,2,191,233,0,233,424
06/20/2021,TIW,WA,ANM,WE,Federal Contract Tower,0,1,22,0,23,0,0,137,0,137,0,1,159,0,160,184,0,184,344
06/21/2021,TIW,WA,ANM,WE,Federal Contract Tower,0,1,31,2,34,0,6,121,0,127,0,7,152,2,161,232,0,232,393
06/22/2021,TIW,WA,ANM,WE,Federal Contract Tower,0,1,48,2,51,0,2,127,6,135,0,3,175,8,186,161,0,161,347
06/23/2021,TIW,WA,ANM,WE,Federal Contract Tower,0,1,43,0,44,0,0,126,0,126,0,1,169,0,170,209,0,209,379
06/24/2021,TIW,WA,ANM,WE,Federal Contract Tower,0,2,38,0,40,0,2,130,0,132,0,4,168,0,172,256,0,256,428
06/25/2021,TIW,WA,ANM,WE,Federal Contract Tower,0,4,40,0,44,0,0,141,0,141,0,4,181,0,185,186,0,186,371
06/26/2021,TIW,WA,ANM,WE,Federal Contract Tower,0,0,10,0,10,0,0,120,0,120,0,0,130,0,130,142,0,142,272
06/27/2021,TIW,WA,ANM,WE,Federal Contract Tower,0,1,11,0,12,0,0,78,0,78,0,1,89,0,90,98,0,98,188
06/28/2021,TIW,WA,ANM,WE,Federal Contract Tower,0,1,13,0,14,0,2,65,0,67,0,3,78,0,81,119,0,119,200
06/29/2021,TIW,WA,ANM,WE,Federal Contract Tower,0,2,40,0,42,0,0,153,0,153,0,2,193,0,195,179,0,179,374
06/30/2021,TIW,WA,ANM,WE,Federal Contract Tower,0,2,47,0,49,0,0,103,0,103,0,2,150,0,152,183,0,183,335
07/01/2021,TIW,WA,ANM,WE,Federal Contract Tower,0,3,54,0,57,0,2,148,0,150,0,5,202,0,207,204,0,204,411
07/02/2021,TIW,WA,ANM,WE,Federal Contract Tower,0,1,24,0,25,0,0,79,0,79,0,1,103,0,104,36,0,36,140
07/03/2021,TIW,WA,ANM,WE,Federal Contract Tower,0,1,3,0,4,0,0,23,0,23,0,1,26,0,27,0,0,0,27
07/04/2021,TIW,WA,ANM,WE,Federal Contract Tower,0,0,9,0,9,0,2,34,0,36,0,2,43,0,45,9,0,9,54
07/05/2021,TIW,WA,ANM,WE,Federal Contract Tower,0,4,62,0,66,0,1,89,0,90,0,5,151,0,156,132,0,132,288
07/06/2021,TIW,WA,ANM,WE,Federal Contract Tower,0,3,33,0,36,0,6,118,0,124,0,9,151,0,160,201,0,201,361
07/07/2021,TIW,WA,ANM,WE,Federal Contract Tower,0,4,47,0,51,0,0,86,0,86,0,4,133,0,137,72,0,72,209
07/08/2021,TIW,WA,ANM,WE,Federal Contract Tower,0,2,58,0,60,0,1,124,0,125,0,3,182,0,185,224,0,224,409
07/09/2021,TIW,WA,ANM,WE,Federal Contract Tower,0,1,38,0,39,0,1,132,0,133,0,2,170,0,172,218,0,218,390
07/10/2021,TIW,WA,ANM,WE,Federal Contract Tower,0,3,33,0,36,0,0,93,0,93,0,3,126,0,129,106,0,106,235
07/11/2021,TIW,WA,ANM,WE,Federal Contract Tower,0,2,21,0,23,0,0,114,0,114,0,2,135,0,137,125,0,125,262
07/12/2021,TIW,WA,ANM,WE,Federal Contract Tower,0,0,40,0,40,0,0,153,0,153,0,0,193,0,193,157,0,157,350
07/13/2021,TIW,WA,ANM,WE,Federal Contract Tower,0,2,26,2,30,0,3,147,0,150,0,5,173,2,180,183,0,183,363
07/14/2021,TIW,WA,ANM,WE,Federal Contract Tower,0,4,40,0,44,0,0,111,0,111,0,4,151,0,155,186,0,186,341
07/15/2021,TIW,WA,ANM,WE,Federal Contract Tower,0,1,61,0,62,0,0,102,0,102,0,1,163,0,164,234,0,234,398
07/16/2021,TIW,WA,ANM,WE,Federal Contract Tower,0,0,58,0,58,0,0,59,4,63,0,0,117,4,121,180,0,180,301
07/17/2021,TIW,WA,ANM,WE,Federal Contract Tower,0,2,30,0,32,0,0,143,0,143,0,2,173,0,175,142,0,142,317
07/18/2021,TIW,WA,ANM,WE,Federal Contract Tower,0,2,23,0,25,0,2,126,0,128,0,4,149,0,153,192,0,192,345
07/19/2021,TIW,WA,ANM,WE,Federal Contract Tower,0,3,12,0,15,0,1,138,0,139,0,4,150,0,154,160,0,160,314
07/20/2021,TIW,WA,ANM,WE,Federal Contract Tower,0,3,25,0,28,0,0,135,0,135,0,3,160,0,163,194,0,194,357
07/21/2021,TIW,WA,ANM,WE,Federal Contract Tower,0,4,66,0,70,0,0,133,2,135,0,4,199,2,205,260,4,264,469
07/22/2021,TIW,WA,ANM,WE,Federal Contract Tower,0,2,35,0,37,0,2,179,2,183,0,4,214,2,220,160,0,160,380
07/23/2021,TIW,WA,ANM,WE,Federal Contract Tower,0,1,54,0,55,0,4,159,0,163,0,5,213,0,218,168,0,168,386
07/24/2021,TIW,WA,ANM,WE,Federal Contract Tower,0,1,22,0,23,0,0,142,0,142,0,1,164,0,165,168,0,168,333
07/25/2021,TIW,WA,ANM,WE,Federal Contract Tower,0,2,25,0,27,0,0,140,0,140,0,2,165,0,167,162,0,162,329
07/26/2021,TIW,WA,ANM,WE,Federal Contract Tower,0,3,30,0,33,0,4,170,0,174,0,7,200,0,207,186,0,186,393
07/27/2021,TIW,WA,ANM,WE,Federal Contract Tower,0,1,39,0,40,0,0,116,0,116,0,1,155,0,156,196,0,196,352
07/28/2021,TIW,WA,ANM,WE,Federal Contract Tower,0,0,27,0,27,0,0,170,0,170,0,0,197,0,197,322,0,322,519
07/29/2021,TIW,WA,ANM,WE,Federal Contract Tower,0,0,32,0,32,0,0,194,0,194,0,0,226,0,226,210,0,210,436
07/30/2021,TIW,WA,ANM,WE,Federal Contract Tower,0,0,26,0,26,0,2,151,0,153,0,2,177,0,179,200,0,200,379
07/31/2021,TIW,WA,ANM,WE,Federal Contract Tower,0,1,29,0,30,0,0,119,0,119,0,1,148,0,149,180,0,180,329
08/01/2021,TIW,WA,ANM,WE,Federal Contract Tower,0,1,26,0,27,0,4,111,0,115,0,5,137,0,142,154,0,154,296
08/02/2021,TIW,WA,ANM,WE,Federal Contract Tower,0,2,43,0,45,0,0,103,0,103,0,2,146,0,148,110,0,110,258
08/03/2021,TIW,WA,ANM,WE,Federal Contract Tower,0,0,38,0,38,0,0,153,0,153,0,0,191,0,191,209,0,209,400
08/04/2021,TIW,WA,ANM,WE,Federal Contract Tower,0,0,58,0,58,0,1,150,0,151,0,1,208,0,209,138,0,138,347
08/05/2021,TIW,WA,ANM,WE,Federal Contract Tower,0,0,55,0,55,0,0,153,2,155,0,0,208,2,210,224,0,224,434
08/06/2021,TIW,WA,ANM,WE,Federal Contract Tower,0,2,64,0,66,0,0,70,0,70,0,2,134,0,136,124,0,124,260
08/07/2021,TIW,WA,ANM,WE,Federal Contract Tower,0,3,28,0,31,0,0,36,0,36,0,3,64,0,67,74,0,74,141
08/08/2021,TIW,WA,ANM,WE,Federal Contract Tower,0,5,16,0,21,0,0,93,0,93,0,5,109,0,114,131,0,131,245
08/09/2021,TIW,WA,ANM,WE,Federal Contract Tower,0,3,45,0,48,0,0,135,0,135,0,3,180,0,183,156,0,156,339
08/10/2021,TIW,WA,ANM,WE,Federal Contract Tower,0,0,40,0,40,0,2,145,0,147,0,2,185,0,187,237,0,237,424
08/11/2021,TIW,WA,ANM,WE,Federal Contract Tower,0,0,31,0,31,0,2,115,0,117,0,2,146,0,148,194,0,194,342
08/12/2021,TIW,WA,ANM,WE,Federal Contract Tower,0,0,25,2,27,0,2,132,0,134,0,2,157,2,161,176,0,176,337
08/13/2021,TIW,WA,ANM,WE,Federal Contract Tower,0,0,30,0,30,0,0,91,0,91,0,0,121,0,121,258,0,258,379
08/14/2021,TIW,WA,ANM,WE,Federal Contract Tower,0,2,43,0,45,0,0,72,0,72,0,2,115,0,117,116,0,116,233
08/15/2021,TIW,WA,ANM,WE,Federal Contract Tower,0,2,24,0,26,0,2,96,0,98,0,4,120,0,124,143,0,143,267
08/16/2021,TIW,WA,ANM,WE,Federal Contract Tower,0,4,43,0,47,0,0,44,0,44,0,4,87,0,91,74,0,74,165
08/17/2021,TIW,WA,ANM,WE,Federal Contract Tower,0,5,58,0,63,0,0,135,0,135,0,5,193,0,198,191,0,191,389
08/18/2021,TIW,WA,ANM,WE,Federal Contract Tower,0,7,44,0,51,0,2,133,0,135,0,9,177,0,186,144,0,144,330
08/19/2021,TIW,WA,ANM,WE,Federal Contract Tower,0,2,46,0,48,0,0,94,0,94,0,2,140,0,142,200,0,200,342
08/20/2021,TIW,WA,ANM,WE,Federal Contract Tower,0,3,75,0,78,0,0,55,0,55,0,3,130,0,133,176,0,176,309
08/21/2021,TIW,WA,ANM,WE,Federal Contract Tower,0,0,53,0,53,0,0,91,0,91,0,0,144,0,144,142,0,142,286
08/22/2021,TIW,WA,ANM,WE,Federal Contract Tower,0,2,17,0,19,0,1,61,1,63,0,3,78,1,82,52,0,52,134
08/23/2021,TIW,WA,ANM,WE,Federal Contract Tower,0,1,43,0,44,0,0,158,0,158,0,1,201,0,202,167,0,167,369
08/24/2021,TIW,WA,ANM,WE,Federal Contract Tower,0,2,39,1,42,0,0,153,0,153,0,2,192,1,195,171,0,171,366
08/25/2021,TIW,WA,ANM,WE,Federal Contract Tower,0,1,41,0,42,0,0,116,0,116,0,1,157,0,158,196,0,196,354
08/26/2021,TIW,WA,ANM,WE,Federal Contract Tower,0,2,39,0,41,0,0,58,0,58,0,2,97,0,99,151,0,151,250
08/27/2021,TIW,WA,ANM,WE,Federal Contract Tower,0,0,48,0,48,0,0,80,0,80,0,0,128,0,128,108,0,108,236
08/28/2021,TIW,WA,ANM,WE,Federal Contract Tower,0,0,19,0,19,0,0,162,0,162,0,0,181,0,181,172,0,172,353
08/29/2021,TIW,WA,ANM,WE,Federal Contract Tower,0,0,34,0,34,0,0,157,0,157,0,0,191,0,191,138,0,138,329
08/30/2021,TIW,WA,ANM,WE,Federal Contract Tower,0,1,28,0,29,0,0,93,0,93,0,1,121,0,122,179,0,179,301
08/31/2021,TIW,WA,ANM,WE,Federal Contract Tower,0,0,54,0,54,0,0,139,0,139,0,0,193,0,193,207,0,207,400
09/01/2021,TIW,WA,ANM,WE,Federal Contract Tower,0,4,48,0,52,0,0,124,0,124,0,4,172,0,176,134,0,134,310
09/02/2021,TIW,WA,ANM,WE,Federal Contract Tower,0,1,34,0,35,0,0,180,0,180,0,1,214,0,215,204,0,204,419
09/03/2021,TIW,WA,ANM,WE,Federal Contract Tower,0,3,27,0,30,0,0,124,2,126,0,3,151,2,156,260,0,260,416
09/04/2021,TIW,WA,ANM,WE,Federal Contract Tower,0,0,19,0,19,0,2,112,2,116,0,2,131,2,135,170,0,170,305
09/05/2021,TIW,WA,ANM,WE,Federal Contract Tower,0,2,27,0,29,0,0,109,0,109,0,2,136,0,138,94,0,94,232
09/06/2021,TIW,WA,ANM,WE,Federal Contract Tower,0,1,41,0,42,0,0,167,0,167,0,1,208,0,209,236,0,236,445
09/07/2021,TIW,WA,ANM,WE,Federal Contract Tower,0,2,35,0,37,0,0,128,0,128,0,2,163,0,165,168,0,168,333
09/08/2021,TIW,WA,ANM,WE,Federal Contract Tower,0,2,20,0,22,0,0,115,0,115,0,2,135,0,137,204,0,204,341
09/09/2021,TIW,WA,ANM,WE,Federal Contract Tower,0,0,44,0,44,0,0,139,2,141,0,0,183,2,185,205,0,205,390
09/10/2021,TIW,WA,ANM,WE,Federal Contract Tower,0,0,39,0,39,0,0,51,0,51,0,0,90,0,90,174,0,174,264
09/11/2021,TIW,WA,ANM,WE,Federal Contract Tower,0,0,53,0,53,0,0,127,0,127,0,0,180,0,180,114,0,114,294
09/12/2021,TIW,WA,ANM,WE,Federal Contract Tower,0,0,29,0,29,0,1,58,0,59,0,1,87,0,88,82,0,82,170
09/13/2021,TIW,WA,ANM,WE,Federal Contract Tower,0,0,40,0,40,0,2,173,0,175,0,2,213,0,215,157,0,157,372
09/14/2021,TIW,WA,ANM,WE,Federal Contract Tower,0,6,49,0,55,0,2,165,2,169,0,8,214,2,224,217,0,217,441
09/15/2021,TIW,WA,ANM,WE,Federal Contract Tower,0,0,40,0,40,0,1,81,0,82,0,1,121,0,122,218,0,218,340
09/16/2021,TIW,WA,ANM,WE,Federal Contract Tower,0,3,43,1,47,0,0,180,4,184,0,3,223,5,231,283,0,283,514
09/17/2021,TIW,WA,ANM,WE,Federal Contract Tower,0,0,29,0,29,0,0,13,1,14,0,0,42,1,43,36,0,36,79
09/18/2021,TIW,WA,ANM,WE,Federal Contract Tower,0,0,29,0,29,0,0,24,0,24,0,0,53,0,53,90,0,90,143
09/19/2021,TIW,WA,ANM,WE,Federal Contract Tower,0,0,10,0,10,0,0,22,0,22,0,0,32,0,32,25,0,25,57
09/20/2021,TIW,WA,ANM,WE,Federal Contract Tower,0,4,40,0,44,0,2,160,4,166,0,6,200,4,210,191,0,191,401
09/21/2021,TIW,WA,ANM,WE,Federal Contract Tower,0,0,39,0,39,0,4,161,0,165,0,4,200,0,204,194,0,194,398
09/22/2021,TIW,WA,ANM,WE,Federal Contract Tower,0,4,43,0,47,0,0,107,0,107,0,4,150,0,154,192,0,192,346
09/23/2021,TIW,WA,ANM,WE,Federal Contract Tower,0,1,44,0,45,0,0,112,0,112,0,1,156,0,157,213,0,213,370
09/24/2021,TIW,WA,ANM,WE,Federal Contract Tower,0,0,28,0,28,0,2,173,0,175,0,2,201,0,203,235,0,235,438
09/25/2021,TIW,WA,ANM,WE,Federal Contract Tower,0,2,46,0,48,0,0,212,0,212,0,2,258,0,260,134,0,134,394
09/26/2021,TIW,WA,ANM,WE,Federal Contract Tower,0,1,28,0,29,0,0,34,0,34,0,1,62,0,63,112,0,112,175
09/27/2021,TIW,WA,ANM,WE,Federal Contract Tower,0,3,35,0,38,0,0,4,0,4,0,3,39,0,42,0,0,0,42
09/28/2021,TIW,WA,ANM,WE,Federal Contract Tower,0,1,26,0,27,0,0,34,3,37,0,1,60,3,64,40,0,40,104
09/29/2021,TIW,WA,ANM,WE,Federal Contract Tower,0,0,39,0,39,0,2,94,0,96,0,2,133,0,135,346,0,346,481
09/30/2021,TIW,WA,ANM,WE,Federal Contract Tower,0,0,28,0,28,0,0,11,0,11,0,0,39,0,39,44,0,44,83
10/01/2021,TIW,WA,ANM,WE,Federal Contract Tower,0,0,70,0,70,0,0,120,0,120,0,0,190,0,190,140,0,140,330
10/02/2021,TIW,WA,ANM,WE,Federal Contract Tower,0,1,19,0,20,0,0,113,0,113,0,1,132,0,133,138,0,138,271
10/03/2021,TIW,WA,ANM,WE,Federal Contract Tower,0,1,29,0,30,0,0,8,0,8,0,1,37,0,38,48,0,48,86
10/04/2021,TIW,WA,ANM,WE,Federal Contract Tower,0,2,33,0,35,0,0,121,0,121,0,2,154,0,156,179,0,179,335
10/05/2021,TIW,WA,ANM,WE,Federal Contract Tower,0,1,34,0,35,0,0,49,0,49,0,1,83,0,84,68,0,68,152
10/06/2021,TIW,WA,ANM,WE,Federal Contract Tower,0,1,50,0,51,0,0,55,2,57,0,1,105,2,108,70,0,70,178
10/07/2021,TIW,WA,ANM,WE,Federal Contract Tower,0,1,69,0,70,0,0,144,0,144,0,1,213,0,214,202,0,202,416
10/08/2021,TIW,WA,ANM,WE,Federal Contract Tower,0,1,30,0,31,0,0,108,0,108,0,1,138,0,139,190,0,190,329
10/09/2021,TIW,WA,ANM,WE,Federal Contract Tower,0,0,37,0,37,0,0,86,0,86,0,0,123,0,123,152,0,152,275
10/10/2021,TIW,WA,ANM,WE,Federal Contract Tower,0,1,22,0,23,0,0,73,0,73,0,1,95,0,96,85,0,85,181
10/11/2021,TIW,WA,ANM,WE,Federal Contract Tower,0,0,39,0,39,0,0,70,0,70,0,0,109,0,109,94,0,94,203
10/12/2021,TIW,WA,ANM,WE,Federal Contract Tower,0,3,47,0,50,0,1,99,3,103,0,4,146,3,153,158,8,166,319
10/13/2021,TIW,WA,ANM,WE,Federal Contract Tower,0,1,38,0,39,0,1,80,2,83,0,2,118,2,122,154,0,154,276
10/14/2021,TIW,WA,ANM,WE,Federal Contract Tower,0,0,49,0,49,0,0,30,0,30,0,0,79,0,79,68,0,68,147
10/15/2021,TIW,WA,ANM,WE,Federal Contract Tower,0,2,38,0,40,0,0,60,0,60,0,2,98,0,100,172,0,172,272
10/16/2021,TIW,WA,ANM,WE,Federal Contract Tower,0,0,40,0,40,0,0,121,0,121,0,0,161,0,161,120,0,120,281
10/17/2021,TIW,WA,ANM,WE,Federal Contract Tower,0,1,40,0,41,0,0,13,0,13,0,1,53,0,54,8,0,8,62
10/18/2021,TIW,WA,ANM,WE,Federal Contract Tower,0,1,49,0,50,0,0,85,0,85,0,1,134,0,135,143,0,143,278
10/19/2021,TIW,WA,ANM,WE,Federal Contract Tower,0,3,62,0,65,0,0,143,0,143,0,3,205,0,208,198,0,198,406
10/20/2021,TIW,WA,ANM,WE,Federal Contract Tower,0,0,36,0,36,0,0,31,0,31,0,0,67,0,67,72,0,72,139
10/21/2021,TIW,WA,ANM,WE,Federal Contract Tower,0,2,40,1,43,0,0,89,0,89,0,2,129,1,132,160,0,160,292
10/22/2021,TIW,WA,ANM,WE,Federal Contract Tower,0,0,31,0,31,0,0,26,0,26,0,0,57,0,57,54,0,54,111
10/23/2021,TIW,WA,ANM,WE,Federal Contract Tower,0,0,12,0,12,0,0,31,0,31,0,0,43,0,43,82,0,82,125
10/24/2021,TIW,WA,ANM,WE,Federal Contract Tower,0,0,9,0,9,0,0,21,0,21,0,0,30,0,30,32,0,32,62
10/25/2021,TIW,WA,ANM,WE,Federal Contract Tower,0,0,7,2,9,0,0,2,4,6,0,0,9,6,15,0,6,6,21
10/26/2021,TIW,WA,ANM,WE,Federal Contract Tower,0,2,31,0,33,0,0,34,0,34,0,2,65,0,67,87,0,87,154
10/27/2021,TIW,WA,ANM,WE,Federal Contract Tower,0,0,57,1,58,0,0,71,1,72,0,0,128,2,130,154,0,154,284
10/28/2021,TIW,WA,ANM,WE,Federal Contract Tower,0,1,12,0,13,0,0,0,0,0,0,1,12,0,13,0,0,0,13
10/29/2021,TIW,WA,ANM,WE,Federal Contract Tower,0,1,42,0,43,0,0,32,0,32,0,1,74,0,75,70,0,70,145
10/30/2021,TIW,WA,ANM,WE,Federal Contract Tower,0,0,34,0,34,0,0,127,0,127,0,0,161,0,161,55,0,55,216
10/31/2021,TIW,WA,ANM,WE,Federal Contract Tower,0,2,35,0,37,0,3,215,0,218,0,5,250,0,255,195,0,195,450
11/01/2021,TIW,WA,ANM,WE,Federal Contract Tower,0,7,58,0,65,0,0,56,0,56,0,7,114,0,121,68,0,68,189
11/02/2021,TIW,WA,ANM,WE,Federal Contract Tower,0,2,50,0,52,0,2,18,0,20,0,4,68,0,72,31,0,31,103
11/03/2021,TIW,WA,ANM,WE,Federal Contract Tower,0,2,30,0,32,0,0,34,0,34,0,2,64,0,66,73,0,73,139
11/04/2021,TIW,WA,ANM,WE,Federal Contract Tower,0,1,11,0,12,0,0,2,0,2,0,1,13,0,14,0,0,0,14
11/05/2021,TIW,WA,ANM,WE,Federal Contract Tower,0,2,48,0,50,0,0,57,0,57,0,2,105,0,107,154,0,154,261
11/06/2021,TIW,WA,ANM,WE,Federal Contract Tower,0,0,8,0,8,0,0,5,2,7,0,0,13,2,15,12,0,12,27
11/07/2021,TIW,WA,ANM,WE,Federal Contract Tower,0,2,8,0,10,0,0,5,0,5,0,2,13,0,15,38,0,38,53
11/08/2021,TIW,WA,ANM,WE,Federal Contract Tower,0,0,58,0,58,0,0,143,2,145,0,0,201,2,203,199,0,199,402
11/09/2021,TIW,WA,ANM,WE,Federal Contract Tower,0,0,9,0,9,0,0,8,0,8,0,0,17,0,17,0,0,0,17
11/10/2021,TIW,WA,ANM,WE,Federal Contract Tower,0,2,72,0,74,0,0,137,0,137,0,2,209,0,211,322,0,322,533
11/11/2021,TIW,WA,ANM,WE,Federal Contract Tower,0,1,23,0,24,0,0,0,0,0,0,1,23,0,24,0,0,0,24
11/12/2021,TIW,WA,ANM,WE,Federal Contract Tower,0,0,34,0,34,0,0,2,0,2,0,0,36,0,36,4,0,4,40
11/13/2021,TIW,WA,ANM,WE,Federal Contract Tower,0,0,47,1,48,0,0,0,0,0,0,0,47,1,48,0,0,0,48
11/14/2021,TIW,WA,ANM,WE,Federal Contract Tower,0,2,18,0,20,0,2,1,0,3,0,4,19,0,23,0,0,0,23
11/15/2021,TIW,WA,ANM,WE,Federal Contract Tower,0,0,3,0,3,0,0,2,2,4,0,0,5,2,7,0,0,0,7
11/16/2021,TIW,WA,ANM,WE,Federal Contract Tower,0,0,58,0,58,0,0,188,0,188,0,0,246,0,246,234,0,234,480
11/17/2021,TIW,WA,ANM,WE,Federal Contract Tower,0,2,78,0,80,0,0,194,2,196,0,2,272,2,276,275,0,275,551
11/18/2021,TIW,WA,ANM,WE,Federal Contract Tower,0,1,36,0,37,0,0,58,1,59,0,1,94,1,96,218,0,218,314
11/19/2021,TIW,WA,ANM,WE,Federal Contract Tower,0,1,50,0,51,0,0,47,0,47,0,1,97,0,98,212,0,212,310
11/20/2021,TIW,WA,ANM,WE,Federal Contract Tower,0,4,61,0,65,0,0,82,0,82,0,4,143,0,147,156,0,156,303
11/21/2021,TIW,WA,ANM,WE,Federal Contract Tower,0,1,27,4,32,0,4,119,0,123,0,5,146,4,155,181,0,181,336
11/22/2021,TIW,WA,ANM,WE,Federal Contract Tower,0,1,38,0,39,0,0,38,0,38,0,1,76,0,77,78,0,78,155
11/23/2021,TIW,WA,ANM,WE,Federal Contract Tower,0,6,48,0,54,0,0,111,4,115,0,6,159,4,169,232,0,232,401
11/24/2021,TIW,WA,ANM,WE,Federal Contract Tower,0,0,49,0,49,0,2,171,2,175,0,2,220,2,224,228,0,228,452
11/25/2021,TIW,WA,ANM,WE,Federal Contract Tower,0,0,13,0,13,0,0,5,0,5,0,0,18,0,18,0,0,0,18
11/26/2021,TIW,WA,ANM,WE,Federal Contract Tower,0,2,38,1,41,0,0,17,2,19,0,2,55,3,60,4,0,4,64
11/27/2021,TIW,WA,ANM,WE,Federal Contract Tower,0,0,22,0,22,0,0,2,0,2,0,0,24,0,24,14,0,14,38
11/28/2021,TIW,WA,ANM,WE,Federal Contract Tower,0,7,24,0,31,0,0,0,0,0,0,7,24,0,31,0,0,0,31
11/29/2021,TIW,WA,ANM,WE,Federal Contract Tower,0,2,72,0,74,0,2,62,0,64,0,4,134,0,138,167,0,167,305
11/30/2021,TIW,WA,ANM,WE,Federal Contract Tower,0,0,15,0,15,0,0,4,2,6,0,0,19,2,21,6,0,6,27
12/01/2021,TIW,WA,ANM,WE,Federal Contract Tower,0,1,26,2,29,0,0,52,0,52,0,1,78,2,81,38,0,38,119
12/02/2021,TIW,WA,ANM,WE,Federal Contract Tower,0,1,55,0,56,0,2,98,2,102,0,3,153,2,158,246,0,246,404
12/03/2021,TIW,WA,ANM,WE,Federal Contract Tower,0,0,54,0,54,0,2,140,0,142,0,2,194,0,196,202,0,202,398
12/04/2021,TIW,WA,ANM,WE,Federal Contract Tower,0,1,9,0,10,0,0,0,0,0,0,1,9,0,10,0,0,0,10
12/05/2021,TIW,WA,ANM,WE,Federal Contract Tower,0,4,34,0,38,0,0,151,0,151,0,4,185,0,189,202,0,202,391
12/06/2021,TIW,WA,ANM,WE,Federal Contract Tower,0,2,7,0,9,0,0,0,0,0,0,2,7,0,9,0,0,0,9
12/07/2021,TIW,WA,ANM,WE,Federal Contract Tower,0,0,9,0,9,0,0,0,0,0,0,0,9,0,9,0,0,0,9
12/08/2021,TIW,WA,ANM,WE,Federal Contract Tower,0,0,62,2,64,0,0,118,4,122,0,0,180,6,186,83,4,87,273
12/09/2021,TIW,WA,ANM,WE,Federal Contract Tower,0,5,17,2,24,0,0,26,0,26,0,5,43,2,50,36,0,36,86
12/10/2021,TIW,WA,ANM,WE,Federal Contract Tower,0,0,20,0,20,0,1,25,0,26,0,1,45,0,46,118,0,118,164
12/11/2021,TIW,WA,ANM,WE,Federal Contract Tower,0,0,10,0,10,0,0,4,0,4,0,0,14,0,14,4,0,4,18
12/12/2021,TIW,WA,ANM,WE,Federal Contract Tower,0,3,23,0,26,0,0,21,0,21,0,3,44,0,47,40,0,40,87
12/13/2021,TIW,WA,ANM,WE,Federal Contract Tower,0,0,33,0,33,0,0,57,0,57,0,0,90,0,90,172,0,172,262
12/14/2021,TIW,WA,ANM,WE,Federal Contract Tower,0,2,9,0,11,0,0,39,4,43,0,2,48,4,54,22,0,22,76
12/15/2021,TIW,WA,ANM,WE,Federal Contract Tower,0,3,28,0,31,0,0,48,0,48,0,3,76,0,79,82,0,82,161
12/16/2021,TIW,WA,ANM,WE,Federal Contract Tower,0,0,44,0,44,0,0,20,2,22,0,0,64,2,66,22,2,24,90
12/17/2021,TIW,WA,ANM,WE,Federal Contract Tower,0,0,45,0,45,0,4,138,2,144,0,4,183,2,189,296,0,296,485
12/18/2021,TIW,WA,ANM,WE,Federal Contract Tower,0,0,1,0,1,0,0,0,0,0,0,0,1,0,1,0,0,0,1
12/19/2021,TIW,WA,ANM,WE,Federal Contract Tower,0,1,33,0,34,0,0,81,0,81,0,1,114,0,115,44,0,44,159
12/20/2021,TIW,WA,ANM,WE,Federal Contract Tower,0,0,5,0,5,0,0,1,0,1,0,0,6,0,6,0,0,0,6
12/21/2021,TIW,WA,ANM,WE,Federal Contract Tower,0,2,31,0,33,0,0,0,0,0,0,2,31,0,33,0,0,0,33
12/22/2021,TIW,WA,ANM,WE,Federal Contract Tower,0,2,21,0,23,0,0,18,0,18,0,2,39,0,41,82,0,82,123
12/23/2021,TIW,WA,ANM,WE,Federal Contract Tower,0,0,14,0,14,0,2,25,0,27,0,2,39,0,41,10,0,10,51
12/24/2021,TIW,WA,ANM,WE,Federal Contract Tower,0,0,2,0,2,0,0,4,0,4,0,0,6,0,6,44,0,44,50
12/25/2021,TIW,WA,ANM,WE,Federal Contract Tower,0,0,4,0,4,0,0,4,0,4,0,0,8,0,8,0,0,0,8
12/26/2021,TIW,WA,ANM,WE,Federal Contract Tower,0,0,0,0,0,0,0,0,0,0,0,0,0,0,0,0,0,0,0
12/27/2021,TIW,WA,ANM,WE,Federal Contract Tower,0,0,0,0,0,0,0,31,0,31,0,0,31,0,31,0,0,0,31
12/28/2021,TIW,WA,ANM,WE,Federal Contract Tower,0,0,0,0,0,0,0,0,0,0,0,0,0,0,0,0,0,0,0
12/29/2021,TIW,WA,ANM,WE,Federal Contract Tower,0,0,20,0,20,0,0,3,0,3,0,0,23,0,23,0,0,0,23
12/31/2021,TIW,WA,ANM,WE,Federal Contract Tower,0,0,7,0,7,0,0,10,0,10,0,0,17,0,17,0,0,0,17
01/01/2022,TIW,WA,ANM,WE,Federal Contract Tower,0,0,7,0,7,0,0,5,0,5,0,0,12,0,12,8,0,8,20
01/02/2022,TIW,WA,ANM,WE,Federal Contract Tower,0,2,9,0,11,0,0,12,0,12,0,2,21,0,23,20,0,20,43
01/03/2022,TIW,WA,ANM,WE,Federal Contract Tower,0,1,7,0,8,0,0,5,0,5,0,1,12,0,13,16,0,16,29
01/04/2022,TIW,WA,ANM,WE,Federal Contract Tower,0,2,12,0,14,0,0,18,0,18,0,2,30,0,32,72,0,72,104
01/05/2022,TIW,WA,ANM,WE,Federal Contract Tower,0,0,5,0,5,0,0,2,0,2,0,0,7,0,7,0,0,0,7
01/06/2022,TIW,WA,ANM,WE,Federal Contract Tower,0,1,5,1,7,0,0,0,1,1,0,1,5,2,8,0,0,0,8
01/07/2022,TIW,WA,ANM,WE,Federal Contract Tower,0,0,5,0,5,0,0,2,0,2,0,0,7,0,7,2,0,2,9
01/08/2022,TIW,WA,ANM,WE,Federal Contract Tower,0,1,19,0,20,0,1,126,0,127,0,2,145,0,147,198,0,198,345
01/09/2022,TIW,WA,ANM,WE,Federal Contract Tower,0,2,37,0,39,0,0,67,0,67,0,2,104,0,106,47,0,47,153
01/10/2022,TIW,WA,ANM,WE,Federal Contract Tower,0,0,17,2,19,0,0,16,0,16,0,0,33,2,35,40,0,40,75
01/11/2022,TIW,WA,ANM,WE,Federal Contract Tower,0,0,22,2,24,0,0,4,0,4,0,0,26,2,28,0,0,0,28
01/12/2022,TIW,WA,ANM,WE,Federal Contract Tower,0,3,35,0,38,0,1,106,0,107,0,4,141,0,145,224,0,224,369
01/13/2022,TIW,WA,ANM,WE,Federal Contract Tower,0,0,59,0,59,0,0,92,4,96,0,0,151,4,155,216,0,216,371
01/14/2022,TIW,WA,ANM,WE,Federal Contract Tower,0,0,19,0,19,0,0,45,4,49,0,0,64,4,68,100,0,100,168
01/15/2022,TIW,WA,ANM,WE,Federal Contract Tower,0,0,0,0,0,0,0,0,0,0,0,0,0,0,0,0,0,0,0
01/16/2022,TIW,WA,ANM,WE,Federal Contract Tower,0,0,8,0,8,0,0,0,0,0,0,0,8,0,8,0,0,0,8
01/17/2022,TIW,WA,ANM,WE,Federal Contract Tower,0,0,33,0,33,0,0,67,0,67,0,0,100,0,100,134,0,134,234
01/18/2022,TIW,WA,ANM,WE,Federal Contract Tower,0,0,30,0,30,0,0,10,0,10,0,0,40,0,40,54,0,54,94
01/19/2022,TIW,WA,ANM,WE,Federal Contract Tower,0,2,50,0,52,0,0,36,1,37,0,2,86,1,89,40,0,40,129
01/20/2022,TIW,WA,ANM,WE,Federal Contract Tower,0,0,30,0,30,0,0,8,0,8,0,0,38,0,38,0,0,0,38
01/21/2022,TIW,WA,ANM,WE,Federal Contract Tower,0,0,83,0,83,0,0,36,0,36,0,0,119,0,119,112,0,112,231
01/22/2022,TIW,WA,ANM,WE,Federal Contract Tower,0,2,26,0,28,0,1,79,0,80,0,3,105,0,108,70,0,70,178
01/23/2022,TIW,WA,ANM,WE,Federal Contract Tower,0,1,16,0,17,0,0,0,0,0,0,1,16,0,17,0,0,0,17
01/24/2022,TIW,WA,ANM,WE,Federal Contract Tower,0,0,5,0,5,0,0,0,0,0,0,0,5,0,5,0,0,0,5
01/25/2022,TIW,WA,ANM,WE,Federal Contract Tower,0,0,35,0,35,0,0,15,0,15,0,0,50,0,50,56,0,56,106
01/26/2022,TIW,WA,ANM,WE,Federal Contract Tower,0,0,35,0,35,0,0,27,0,27,0,0,62,0,62,0,0,0,62
01/27/2022,TIW,WA,ANM,WE,Federal Contract Tower,0,1,44,6,51,0,0,78,0,78,0,1,122,6,129,146,0,146,275
01/28/2022,TIW,WA,ANM,WE,Federal Contract Tower,0,0,36,2,38,0,0,135,0,135,0,0,171,2,173,278,0,278,451
01/29/2022,TIW,WA,ANM,WE,Federal Contract Tower,0,1,41,0,42,0,0,187,0,187,0,1,228,0,229,158,0,158,387
01/30/2022,TIW,WA,ANM,WE,Federal Contract Tower,0,3,14,0,17,0,0,33,0,33,0,3,47,0,50,62,0,62,112
01/31/2022,TIW,WA,ANM,WE,Federal Contract Tower,0,0,9,0,9,0,2,52,0,54,0,2,61,0,63,55,4,59,122
02/01/2022,TIW,WA,ANM,WE,Federal Contract Tower,0,0,41,0,41,0,0,100,0,100,0,0,141,0,141,124,0,124,265
02/02/2022,TIW,WA,ANM,WE,Federal Contract Tower,0,4,19,0,23,0,0,19,0,19,0,4,38,0,42,100,0,100,142
02/03/2022,TIW,WA,ANM,WE,Federal Contract Tower,0,1,32,0,33,0,0,9,0,9,0,1,41,0,42,16,0,16,58
02/04/2022,TIW,WA,ANM,WE,Federal Contract Tower,0,0,49,0,49,0,0,25,0,25,0,0,74,0,74,80,0,80,154
02/05/2022,TIW,WA,ANM,WE,Federal Contract Tower,0,0,49,0,49,0,0,57,0,57,0,0,106,0,106,98,0,98,204
02/06/2022,TIW,WA,ANM,WE,Federal Contract Tower,0,0,47,0,47,0,0,76,0,76,0,0,123,0,123,83,0,83,206
02/07/2022,TIW,WA,ANM,WE,Federal Contract Tower,0,0,24,0,24,0,0,49,0,49,0,0,73,0,73,52,0,52,125
02/08/2022,TIW,WA,ANM,WE,Federal Contract Tower,0,1,39,0,40,0,0,59,0,59,0,1,98,0,99,203,0,203,302
02/09/2022,TIW,WA,ANM,WE,Federal Contract Tower,0,4,91,0,95,0,1,102,2,105,0,5,193,2,200,302,10,312,512
02/10/2022,TIW,WA,ANM,WE,Federal Contract Tower,0,3,36,0,39,0,0,4,0,4,0,3,40,0,43,2,0,2,45
02/11/2022,TIW,WA,ANM,WE,Federal Contract Tower,0,5,62,0,67,0,0,145,0,145,0,5,207,0,212,100,0,100,312
02/12/2022,TIW,WA,ANM,WE,Federal Contract Tower,0,0,32,0,32,0,0,186,0,186,0,0,218,0,218,137,0,137,355
02/13/2022,TIW,WA,ANM,WE,Federal Contract Tower,0,0,33,0,33,0,0,127,0,127,0,0,160,0,160,169,0,169,329
02/14/2022,TIW,WA,ANM,WE,Federal Contract Tower,0,1,19,0,20,0,1,27,0,28,0,2,46,0,48,104,0,104,152
02/15/2022,TIW,WA,ANM,WE,Federal Contract Tower,0,0,42,0,42,0,0,66,0,66,0,0,108,0,108,167,0,167,275
02/16/2022,TIW,WA,ANM,WE,Federal Contract Tower,0,0,75,0,75,0,0,115,2,117,0,0,190,2,192,320,0,320,512
02/17/2022,TIW,WA,ANM,WE,Federal Contract Tower,0,0,54,0,54,0,0,25,0,25,0,0,79,0,79,38,0,38,117
02/18/2022,TIW,WA,ANM,WE,Federal Contract Tower,0,2,52,0,54,0,1,58,0,59,0,3,110,0,113,200,0,200,313
02/19/2022,TIW,WA,ANM,WE,Federal Contract Tower,0,0,22,0,22,0,0,7,0,7,0,0,29,0,29,8,0,8,37
02/20/2022,TIW,WA,ANM,WE,Federal Contract Tower,0,0,25,0,25,0,0,58,0,58,0,0,83,0,83,126,0,126,209
02/21/2022,TIW,WA,ANM,WE,Federal Contract Tower,0,0,19,0,19,0,0,26,0,26,0,0,45,0,45,24,0,24,69
02/22/2022,TIW,WA,ANM,WE,Federal Contract Tower,0,1,21,0,22,0,0,58,0,58,0,1,79,0,80,54,0,54,134
02/23/2022,TIW,WA,ANM,WE,Federal Contract Tower,0,2,49,0,51,0,0,164,0,164,0,2,213,0,215,261,0,261,476
02/24/2022,TIW,WA,ANM,WE,Federal Contract Tower,0,0,38,0,38,0,0,110,0,110,0,0,148,0,148,290,0,290,438
02/25/2022,TIW,WA,ANM,WE,Federal Contract Tower,0,2,47,0,49,0,0,196,0,196,0,2,243,0,245,358,0,358,603
02/26/2022,TIW,WA,ANM,WE,Federal Contract Tower,0,3,37,0,40,0,1,46,0,47,0,4,83,0,87,163,0,163,250
02/27/2022,TIW,WA,ANM,WE,Federal Contract Tower,0,1,16,0,17,0,1,0,0,1,0,2,16,0,18,0,0,0,18
02/28/2022,TIW,WA,ANM,WE,Federal Contract Tower,0,0,13,0,13,0,0,0,0,0,0,0,13,0,13,0,0,0,13
03/01/2022,TIW,WA,ANM,WE,Federal Contract Tower,0,1,52,0,53,0,0,20,0,20,0,1,72,0,73,110,0,110,183
03/02/2022,TIW,WA,ANM,WE,Federal Contract Tower,0,0,36,0,36,0,0,27,0,27,0,0,63,0,63,42,0,42,105
03/03/2022,TIW,WA,ANM,WE,Federal Contract Tower,0,2,34,0,36,0,0,37,0,37,0,2,71,0,73,192,0,192,265
03/04/2022,TIW,WA,ANM,WE,Federal Contract Tower,0,0,34,0,34,0,0,76,0,76,0,0,110,0,110,186,0,186,296
03/05/2022,TIW,WA,ANM,WE,Federal Contract Tower,0,1,37,0,38,0,0,152,0,152,0,1,189,0,190,214,0,214,404
03/06/2022,TIW,WA,ANM,WE,Federal Contract Tower,0,9,49,0,58,0,0,120,0,120,0,9,169,0,178,178,0,178,356
03/07/2022,TIW,WA,ANM,WE,Federal Contract Tower,0,0,22,0,22,0,2,37,0,39,0,2,59,0,61,144,0,144,205
03/08/2022,TIW,WA,ANM,WE,Federal Contract Tower,0,1,25,0,26,0,0,13,4,17,0,1,38,4,43,71,0,71,114
03/09/2022,TIW,WA,ANM,WE,Federal Contract Tower,0,3,51,0,54,0,0,137,0,137,0,3,188,0,191,164,0,164,355
03/10/2022,TIW,WA,ANM,WE,Federal Contract Tower,0,2,34,0,36,0,2,126,0,128,0,4,160,0,164,300,0,300,464
03/11/2022,TIW,WA,ANM,WE,Federal Contract Tower,0,0,47,0,47,0,0,0,0,0,0,0,47,0,47,228,0,228,275
03/12/2022,TIW,WA,ANM,WE,Federal Contract Tower,0,1,12,0,13,0,0,116,0,116,0,1,128,0,129,128,0,128,257
03/13/2022,TIW,WA,ANM,WE,Federal Contract Tower,0,0,24,0,24,0,0,41,0,41,0,0,65,0,65,66,0,66,131
03/14/2022,TIW,WA,ANM,WE,Federal Contract Tower,0,0,14,0,14,0,0,3,0,3,0,0,17,0,17,30,0,30,47
03/15/2022,TIW,WA,ANM,WE,Federal Contract Tower,0,1,7,0,8,0,0,17,4,21,0,1,24,4,29,25,0,25,54
03/16/2022,TIW,WA,ANM,WE,Federal Contract Tower,0,0,24,0,24,0,0,126,0,126,0,0,150,0,150,252,0,252,402
03/17/2022,TIW,WA,ANM,WE,Federal Contract Tower,0,2,41,0,43,0,0,77,0,77,0,2,118,0,120,306,0,306,426
03/18/2022,TIW,WA,ANM,WE,Federal Contract Tower,0,0,29,0,29,0,2,70,0,72,0,2,99,0,101,220,0,220,321
03/19/2022,TIW,WA,ANM,WE,Federal Contract Tower,0,2,13,0,15,0,0,47,0,47,0,2,60,0,62,36,0,36,98
03/20/2022,TIW,WA,ANM,WE,Federal Contract Tower,0,0,34,0,34,0,0,31,0,31,0,0,65,0,65,62,0,62,127
03/21/2022,TIW,WA,ANM,WE,Federal Contract Tower,0,3,23,0,26,0,0,3,0,3,0,3,26,0,29,25,0,25,54
03/22/2022,TIW,WA,ANM,WE,Federal Contract Tower,0,0,53,0,53,0,0,58,0,58,0,0,111,0,111,128,0,128,239
03/23/2022,TIW,WA,ANM,WE,Federal Contract Tower,0,1,17,0,18,0,3,15,0,18,0,4,32,0,36,32,0,32,68
03/24/2022,TIW,WA,ANM,WE,Federal Contract Tower,0,0,41,0,41,0,2,131,0,133,0,2,172,0,174,282,0,282,456
03/25/2022,TIW,WA,ANM,WE,Federal Contract Tower,0,4,44,0,48,0,0,146,0,146,0,4,190,0,194,225,0,225,419
03/26/2022,TIW,WA,ANM,WE,Federal Contract Tower,0,0,26,0,26,0,0,82,0,82,0,0,108,0,108,279,0,279,387
03/27/2022,TIW,WA,ANM,WE,Federal Contract Tower,0,1,46,0,47,0,0,139,2,141,0,1,185,2,188,187,0,187,375
03/28/2022,TIW,WA,ANM,WE,Federal Contract Tower,0,1,50,0,51,0,0,25,0,25,0,1,75,0,76,58,0,58,134
03/29/2022,TIW,WA,ANM,WE,Federal Contract Tower,0,0,30,0,30,0,0,45,0,45,0,0,75,0,75,100,0,100,175
03/30/2022,TIW,WA,ANM,WE,Federal Contract Tower,0,0,12,2,14,0,1,37,3,41,0,1,49,5,55,16,4,20,75
03/31/2022,TIW,WA,ANM,WE,Federal Contract Tower,0,1,40,0,41,0,0,86,0,86,0,1,126,0,127,244,0,244,371
04/01/2022,TIW,WA,ANM,WE,Federal Contract Tower,0,6,19,0,25,0,0,138,0,138,0,6,157,0,163,203,0,203,366
04/02/2022,TIW,WA,ANM,WE,Federal Contract Tower,0,3,18,0,21,0,0,92,0,92,0,3,110,0,113,64,0,64,177
04/03/2022,TIW,WA,ANM,WE,Federal Contract Tower,0,1,4,0,5,0,0,11,0,11,0,1,15,0,16,4,0,4,20
04/04/2022,TIW,WA,ANM,WE,Federal Contract Tower,0,0,4,0,4,0,0,1,0,1,0,0,5,0,5,0,0,0,5
04/05/2022,TIW,WA,ANM,WE,Federal Contract Tower,0,0,4,0,4,0,0,29,0,29,0,0,33,0,33,25,0,25,58
04/06/2022,TIW,WA,ANM,WE,Federal Contract Tower,0,0,33,0,33,0,0,0,0,0,0,0,33,0,33,140,0,140,173
04/07/2022,TIW,WA,ANM,WE,Federal Contract Tower,0,0,21,0,21,0,0,195,0,195,0,0,216,0,216,274,0,274,490
04/08/2022,TIW,WA,ANM,WE,Federal Contract Tower,0,2,4,0,6,0,3,8,0,11,0,5,12,0,17,4,0,4,21
04/09/2022,TIW,WA,ANM,WE,Federal Contract Tower,0,4,12,0,16,0,5,45,0,50,0,9,57,0,66,30,0,30,96
04/10/2022,TIW,WA,ANM,WE,Federal Contract Tower,0,0,8,0,8,0,0,27,0,27,0,0,35,0,35,19,0,19,54
04/11/2022,TIW,WA,ANM,WE,Federal Contract Tower,0,1,7,0,8,0,1,36,2,39,0,2,43,2,47,24,0,24,71
04/12/2022,TIW,WA,ANM,WE,Federal Contract Tower,0,2,8,0,10,0,0,13,0,13,0,2,21,0,23,8,0,8,31
04/13/2022,TIW,WA,ANM,WE,Federal Contract Tower,0,3,10,0,13,0,0,11,0,11,0,3,21,0,24,0,0,0,24
04/14/2022,TIW,WA,ANM,WE,Federal Contract Tower,0,1,24,0,25,0,0,20,0,20,0,1,44,0,45,90,0,90,135
04/15/2022,TIW,WA,ANM,WE,Federal Contract Tower,0,4,41,0,45,0,0,95,0,95,0,4,136,0,140,258,0,258,398
04/16/2022,TIW,WA,ANM,WE,Federal Contract Tower,0,0,29,0,29,0,2,62,0,64,0,2,91,0,93,57,0,57,150
04/17/2022,TIW,WA,ANM,WE,Federal Contract Tower,0,4,45,0,49,0,3,121,8,132,0,7,166,8,181,195,14,209,390
04/18/2022,TIW,WA,ANM,WE,Federal Contract Tower,0,3,17,0,20,0,0,20,0,20,0,3,37,0,40,62,0,62,102
04/19/2022,TIW,WA,ANM,WE,Federal Contract Tower,0,3,34,0,37,0,2,73,1,76,0,5,107,1,113,197,12,209,322
04/20/2022,TIW,WA,ANM,WE,Federal Contract Tower,0,2,25,0,27,0,0,72,6,78,0,2,97,6,105,136,4,140,245
04/21/2022,TIW,WA,ANM,WE,Federal Contract Tower,0,0,14,0,14,0,0,28,1,29,0,0,42,1,43,65,0,65,108
04/22/2022,TIW,WA,ANM,WE,Federal Contract Tower,0,2,20,0,22,0,3,35,0,38,0,5,55,0,60,75,0,75,135
04/23/2022,TIW,WA,ANM,WE,Federal Contract Tower,0,0,73,0,73,0,6,110,0,116,0,6,183,0,189,103,0,103,292
04/24/2022,TIW,WA,ANM,WE,Federal Contract Tower,0,0,40,0,40,0,0,145,3,148,0,0,185,3,188,110,0,110,298
04/25/2022,TIW,WA,ANM,WE,Federal Contract Tower,0,2,46,0,48,0,0,95,2,97,0,2,141,2,145,136,0,136,281
04/26/2022,TIW,WA,ANM,WE,Federal Contract Tower,0,1,31,0,32,0,0,41,0,41,0,1,72,0,73,86,0,86,159
04/27/2022,TIW,WA,ANM,WE,Federal Contract Tower,0,5,50,0,55,0,2,56,1,59,0,7,106,1,114,162,0,162,276
04/28/2022,TIW,WA,ANM,WE,Federal Contract Tower,0,4,57,0,61,0,0,97,0,97,0,4,154,0,158,194,0,194,352
04/29/2022,TIW,WA,ANM,WE,Federal Contract Tower,0,0,60,0,60,0,0,164,0,164,0,0,224,0,224,363,0,363,587
04/30/2022,TIW,WA,ANM,WE,Federal Contract Tower,0,0,28,0,28,0,0,57,0,57,0,0,85,0,85,100,0,100,185
05/01/2022,TIW,WA,ANM,WE,Federal Contract Tower,0,4,29,0,33,0,1,85,0,86,0,5,114,0,119,93,0,93,212
05/02/2022,TIW,WA,ANM,WE,Federal Contract Tower,0,0,14,0,14,0,1,70,0,71,0,1,84,0,85,64,0,64,149
05/03/2022,TIW,WA,ANM,WE,Federal Contract Tower,0,5,20,0,25,0,2,56,2,60,0,7,76,2,85,120,0,120,205
05/04/2022,TIW,WA,ANM,WE,Federal Contract Tower,0,3,35,0,38,0,0,176,0,176,0,3,211,0,214,214,0,214,428
05/05/2022,TIW,WA,ANM,WE,Federal Contract Tower,0,2,35,2,39,0,0,5,0,5,0,2,40,2,44,56,0,56,100
05/06/2022,TIW,WA,ANM,WE,Federal Contract Tower,0,0,9,0,9,0,0,13,0,13,0,0,22,0,22,88,0,88,110
05/07/2022,TIW,WA,ANM,WE,Federal Contract Tower,0,2,23,0,25,0,0,6,0,6,0,2,29,0,31,1,0,1,32
05/08/2022,TIW,WA,ANM,WE,Federal Contract Tower,0,1,30,0,31,0,2,74,2,78,0,3,104,2,109,121,4,125,234
05/09/2022,TIW,WA,ANM,WE,Federal Contract Tower,0,0,18,0,18,0,0,89,0,89,0,0,107,0,107,152,0,152,259
05/10/2022,TIW,WA,ANM,WE,Federal Contract Tower,0,4,61,0,65,0,1,148,0,149,0,5,209,0,214,255,0,255,469
05/11/2022,TIW,WA,ANM,WE,Federal Contract Tower,0,0,37,0,37,0,2,119,1,122,0,2,156,1,159,164,0,164,323
05/12/2022,TIW,WA,ANM,WE,Federal Contract Tower,0,9,22,0,31,0,0,7,2,9,0,9,29,2,40,4,0,4,44
05/13/2022,TIW,WA,ANM,WE,Federal Contract Tower,0,1,31,0,32,0,0,155,0,155,0,1,186,0,187,300,0,300,487
05/14/2022,TIW,WA,ANM,WE,Federal Contract Tower,0,2,23,0,25,0,2,32,0,34,0,4,55,0,59,62,0,62,121
05/15/2022,TIW,WA,ANM,WE,Federal Contract Tower,0,2,25,0,27,0,0,1,0,1,0,2,26,0,28,0,0,0,28
05/16/2022,TIW,WA,ANM,WE,Federal Contract Tower,0,0,21,0,21,0,0,48,0,48,0,0,69,0,69,6,0,6,75
05/17/2022,TIW,WA,ANM,WE,Federal Contract Tower,0,6,41,2,49,0,0,183,3,186,0,6,224,5,235,310,0,310,545
05/18/2022,TIW,WA,ANM,WE,Federal Contract Tower,0,3,8,0,11,0,0,1,0,1,0,3,9,0,12,0,0,0,12
05/19/2022,TIW,WA,ANM,WE,Federal Contract Tower,0,3,50,3,56,0,0,97,1,98,0,3,147,4,154,198,0,198,352
05/20/2022,TIW,WA,ANM,WE,Federal Contract Tower,0,3,32,0,35,0,0,131,1,132,0,3,163,1,167,264,0,264,431
05/21/2022,TIW,WA,ANM,WE,Federal Contract Tower,0,0,24,0,24,0,2,181,0,183,0,2,205,0,207,176,0,176,383
05/22/2022,TIW,WA,ANM,WE,Federal Contract Tower,0,0,28,0,28,0,3,115,0,118,0,3,143,0,146,40,0,40,186
05/23/2022,TIW,WA,ANM,WE,Federal Contract Tower,0,0,29,0,29,0,0,107,0,107,0,0,136,0,136,8,0,8,144
05/24/2022,TIW,WA,ANM,WE,Federal Contract Tower,0,5,36,0,41,0,0,79,1,80,0,5,115,1,121,204,0,204,325
05/25/2022,TIW,WA,ANM,WE,Federal Contract Tower,0,4,40,0,44,0,0,66,0,66,0,4,106,0,110,64,0,64,174
05/26/2022,TIW,WA,ANM,WE,Federal Contract Tower,0,2,47,0,49,0,2,105,0,107,0,4,152,0,156,364,0,364,520
05/27/2022,TIW,WA,ANM,WE,Federal Contract Tower,0,0,24,0,24,0,2,44,0,46,0,2,68,0,70,114,0,114,184
05/28/2022,TIW,WA,ANM,WE,Federal Contract Tower,0,0,28,0,28,0,2,14,0,16,0,2,42,0,44,126,0,126,170
05/29/2022,TIW,WA,ANM,WE,Federal Contract Tower,0,2,22,0,24,0,0,13,0,13,0,2,35,0,37,20,0,20,57
05/30/2022,TIW,WA,ANM,WE,Federal Contract Tower,0,0,43,0,43,0,1,99,0,100,0,1,142,0,143,179,0,179,322
05/31/2022,TIW,WA,ANM,WE,Federal Contract Tower,0,1,42,0,43,0,0,186,0,186,0,1,228,0,229,270,0,270,499
06/01/2022,TIW,WA,ANM,WE,Federal Contract Tower,0,1,43,0,44,0,2,158,0,160,0,3,201,0,204,298,0,298,502
06/02/2022,TIW,WA,ANM,WE,Federal Contract Tower,0,1,23,0,24,0,0,154,2,156,0,1,177,2,180,260,0,260,440
06/03/2022,TIW,WA,ANM,WE,Federal Contract Tower,0,1,31,0,32,0,0,41,0,41,0,1,72,0,73,92,0,92,165
06/04/2022,TIW,WA,ANM,WE,Federal Contract Tower,0,2,38,0,40,0,2,129,0,131,0,4,167,0,171,188,0,188,359
06/05/2022,TIW,WA,ANM,WE,Federal Contract Tower,0,2,14,0,16,0,0,9,0,9,0,2,23,0,25,8,0,8,33
06/06/2022,TIW,WA,ANM,WE,Federal Contract Tower,0,0,22,0,22,0,0,159,1,160,0,0,181,1,182,279,0,279,461
06/07/2022,TIW,WA,ANM,WE,Federal Contract Tower,0,0,30,0,30,0,2,197,0,199,0,2,227,0,229,238,0,238,467
06/08/2022,TIW,WA,ANM,WE,Federal Contract Tower,0,1,26,0,27,0,0,154,2,156,0,1,180,2,183,296,2,298,481
06/09/2022,TIW,WA,ANM,WE,Federal Contract Tower,0,1,37,0,38,0,0,4,0,4,0,1,41,0,42,18,0,18,60
06/10/2022,TIW,WA,ANM,WE,Federal Contract Tower,0,2,31,0,33,0,0,10,2,12,0,2,41,2,45,22,0,22,67
06/11/2022,TIW,WA,ANM,WE,Federal Contract Tower,0,0,65,0,65,0,0,85,0,85,0,0,150,0,150,180,0,180,330
06/12/2022,TIW,WA,ANM,WE,Federal Contract Tower,0,2,15,0,17,0,0,47,0,47,0,2,62,0,64,276,0,276,340
06/13/2022,TIW,WA,ANM,WE,Federal Contract Tower,0,4,6,0,10,0,0,23,0,23,0,4,29,0,33,10,0,10,43
06/14/2022,TIW,WA,ANM,WE,Federal Contract Tower,0,2,49,0,51,0,3,101,0,104,0,5,150,0,155,328,0,328,483
06/15/2022,TIW,WA,ANM,WE,Federal Contract Tower,0,1,50,0,51,0,0,116,4,120,0,1,166,4,171,390,2,392,563
06/16/2022,TIW,WA,ANM,WE,Federal Contract Tower,0,4,34,3,41,0,0,100,3,103,0,4,134,6,144,316,0,316,460
06/17/2022,TIW,WA,ANM,WE,Federal Contract Tower,0,2,36,0,38,0,0,33,12,45,0,2,69,12,83,140,0,140,223
06/18/2022,TIW,WA,ANM,WE,Federal Contract Tower,0,1,56,4,61,0,7,45,0,52,0,8,101,4,113,120,0,120,233
06/19/2022,TIW,WA,ANM,WE,Federal Contract Tower,0,4,35,0,39,0,0,92,0,92,0,4,127,0,131,239,0,239,370
06/20/2022,TIW,WA,ANM,WE,Federal Contract Tower,0,1,37,0,38,0,2,94,0,96,0,3,131,0,134,261,0,261,395
06/21/2022,TIW,WA,ANM,WE,Federal Contract Tower,0,2,27,0,29,0,0,96,0,96,0,2,123,0,125,198,0,198,323
06/22/2022,TIW,WA,ANM,WE,Federal Contract Tower,0,2,37,0,39,0,0,32,0,32,0,2,69,0,71,98,0,98,169
06/23/2022,TIW,WA,ANM,WE,Federal Contract Tower,0,2,33,0,35,0,0,184,2,186,0,2,217,2,221,327,0,327,548
06/24/2022,TIW,WA,ANM,WE,Federal Contract Tower,0,0,41,0,41,0,0,160,2,162,0,0,201,2,203,163,0,163,366
06/25/2022,TIW,WA,ANM,WE,Federal Contract Tower,0,0,28,0,28,0,10,118,2,130,0,10,146,2,158,96,0,96,254
06/26/2022,TIW,WA,ANM,WE,Federal Contract Tower,0,0,15,0,15,0,1,110,2,113,0,1,125,2,128,42,0,42,170
06/27/2022,TIW,WA,ANM,WE,Federal Contract Tower,0,0,21,0,21,0,4,143,0,147,0,4,164,0,168,186,0,186,354
06/28/2022,TIW,WA,ANM,WE,Federal Contract Tower,0,0,31,0,31,0,0,43,0,43,0,0,74,0,74,67,0,67,141
06/29/2022,TIW,WA,ANM,WE,Federal Contract Tower,0,0,37,0,37,0,1,80,0,81,0,1,117,0,118,192,0,192,310
06/30/2022,TIW,WA,ANM,WE,Federal Contract Tower,0,1,19,0,20,0,2,166,0,168,0,3,185,0,188,318,0,318,506
07/01/2022,TIW,WA,ANM,WE,Federal Contract Tower,0,2,52,0,54,0,0,94,0,94,0,2,146,0,148,110,0,110,258
07/02/2022,TIW,WA,ANM,WE,Federal Contract Tower,0,2,51,0,53,0,0,21,0,21,0,2,72,0,74,63,0,63,137
07/03/2022,TIW,WA,ANM,WE,Federal Contract Tower,0,4,14,0,18,0,0,32,0,32,0,4,46,0,50,188,0,188,238
07/04/2022,TIW,WA,ANM,WE,Federal Contract Tower,0,3,25,0,28,0,0,81,0,81,0,3,106,0,109,188,0,188,297
07/05/2022,TIW,WA,ANM,WE,Federal Contract Tower,0,0,23,0,23,0,0,84,0,84,0,0,107,0,107,258,0,258,365
07/06/2022,TIW,WA,ANM,WE,Federal Contract Tower,0,0,16,0,16,0,0,43,0,43,0,0,59,0,59,214,0,214,273
07/07/2022,TIW,WA,ANM,WE,Federal Contract Tower,0,0,51,2,53,0,0,136,2,138,0,0,187,4,191,248,0,248,439
07/08/2022,TIW,WA,ANM,WE,Federal Contract Tower,0,1,42,0,43,0,1,124,0,125,0,2,166,0,168,207,0,207,375
07/09/2022,TIW,WA,ANM,WE,Federal Contract Tower,0,1,41,0,42,0,0,149,0,149,0,1,190,0,191,329,0,329,520
07/10/2022,TIW,WA,ANM,WE,Federal Contract Tower,0,1,28,0,29,0,2,87,2,91,0,3,115,2,120,155,0,155,275
07/11/2022,TIW,WA,ANM,WE,Federal Contract Tower,0,0,26,0,26,0,0,140,2,142,0,0,166,2,168,299,0,299,467
07/12/2022,TIW,WA,ANM,WE,Federal Contract Tower,0,3,6,0,9,0,0,61,0,61,0,3,67,0,70,83,0,83,153
07/13/2022,TIW,WA,ANM,WE,Federal Contract Tower,0,2,34,0,36,0,6,142,0,148,0,8,176,0,184,304,0,304,488
07/14/2022,TIW,WA,ANM,WE,Federal Contract Tower,0,1,43,3,47,0,2,131,0,133,0,3,174,3,180,314,0,314,494
07/15/2022,TIW,WA,ANM,WE,Federal Contract Tower,0,1,42,0,43,0,1,119,0,120,0,2,161,0,163,262,0,262,425
07/16/2022,TIW,WA,ANM,WE,Federal Contract Tower,0,0,32,0,32,0,1,99,0,100,0,1,131,0,132,251,0,251,383
07/17/2022,TIW,WA,ANM,WE,Federal Contract Tower,0,0,29,0,29,0,3,92,0,95,0,3,121,0,124,250,0,250,374
07/18/2022,TIW,WA,ANM,WE,Federal Contract Tower,0,2,40,0,42,0,0,79,0,79,0,2,119,0,121,308,0,308,429
07/19/2022,TIW,WA,ANM,WE,Federal Contract Tower,0,3,39,0,42,0,0,147,0,147,0,3,186,0,189,261,0,261,450
07/20/2022,TIW,WA,ANM,WE,Federal Contract Tower,0,5,53,0,58,0,4,169,0,173,0,9,222,0,231,268,0,268,499
07/21/2022,TIW,WA,ANM,WE,Federal Contract Tower,0,3,35,0,38,0,3,103,0,106,0,6,138,0,144,252,0,252,396
07/22/2022,TIW,WA,ANM,WE,Federal Contract Tower,0,1,41,0,42,0,2,72,7,81,0,3,113,7,123,187,0,187,310
07/23/2022,TIW,WA,ANM,WE,Federal Contract Tower,0,0,44,2,46,0,0,85,0,85,0,0,129,2,131,155,0,155,286
07/24/2022,TIW,WA,ANM,WE,Federal Contract Tower,0,0,23,0,23,0,13,126,0,139,0,13,149,0,162,155,0,155,317
07/25/2022,TIW,WA,ANM,WE,Federal Contract Tower,0,1,27,0,28,0,1,128,0,129,0,2,155,0,157,259,0,259,416
07/26/2022,TIW,WA,ANM,WE,Federal Contract Tower,0,0,17,1,18,0,3,121,1,125,0,3,138,2,143,171,0,171,314
07/27/2022,TIW,WA,ANM,WE,Federal Contract Tower,0,6,36,0,42,0,4,117,0,121,0,10,153,0,163,244,0,244,407
07/28/2022,TIW,WA,ANM,WE,Federal Contract Tower,0,1,31,3,35,0,3,102,2,107,0,4,133,5,142,276,14,290,432
07/29/2022,TIW,WA,ANM,WE,Federal Contract Tower,0,2,30,0,32,0,0,117,6,123,0,2,147,6,155,167,0,167,322
07/30/2022,TIW,WA,ANM,WE,Federal Contract Tower,0,4,21,0,25,0,8,105,0,113,0,12,126,0,138,173,0,173,311
07/31/2022,TIW,WA,ANM,WE,Federal Contract Tower,0,1,26,0,27,0,10,101,0,111,0,11,127,0,138,149,0,149,287
08/01/2022,TIW,WA,ANM,WE,Federal Contract Tower,0,2,33,0,35,0,0,94,0,94,0,2,127,0,129,126,0,126,255
08/02/2022,TIW,WA,ANM,WE,Federal Contract Tower,0,0,27,0,27,0,0,93,0,93,0,0,120,0,120,151,0,151,271
08/03/2022,TIW,WA,ANM,WE,Federal Contract Tower,0,4,31,0,35,0,0,88,0,88,0,4,119,0,123,80,0,80,203
08/04/2022,TIW,WA,ANM,WE,Federal Contract Tower,0,1,41,0,42,0,0,67,4,71,0,1,108,4,113,174,0,174,287
08/05/2022,TIW,WA,ANM,WE,Federal Contract Tower,0,2,26,0,28,0,3,119,0,122,0,5,145,0,150,224,0,224,374
08/06/2022,TIW,WA,ANM,WE,Federal Contract Tower,0,3,16,0,19,0,0,159,1,160,0,3,175,1,179,225,1,226,405
08/07/2022,TIW,WA,ANM,WE,Federal Contract Tower,0,1,15,0,16,0,2,118,0,120,0,3,133,0,136,173,0,173,309
08/08/2022,TIW,WA,ANM,WE,Federal Contract Tower,0,1,39,0,40,0,2,120,2,124,0,3,159,2,164,244,0,244,408
08/09/2022,TIW,WA,ANM,WE,Federal Contract Tower,0,2,39,0,41,0,2,75,0,77,0,4,114,0,118,174,0,174,292
08/10/2022,TIW,WA,ANM,WE,Federal Contract Tower,0,6,29,0,35,0,0,6,0,6,0,6,35,0,41,22,0,22,63
08/11/2022,TIW,WA,ANM,WE,Federal Contract Tower,0,2,40,2,44,0,1,145,0,146,0,3,185,2,190,337,0,337,527
08/12/2022,TIW,WA,ANM,WE,Federal Contract Tower,0,1,36,0,37,0,0,139,0,139,0,1,175,0,176,155,0,155,331
08/13/2022,TIW,WA,ANM,WE,Federal Contract Tower,0,4,30,0,34,0,0,148,7,155,0,4,178,7,189,167,0,167,356
08/14/2022,TIW,WA,ANM,WE,Federal Contract Tower,0,3,27,0,30,0,0,103,0,103,0,3,130,0,133,211,0,211,344
08/15/2022,TIW,WA,ANM,WE,Federal Contract Tower,0,0,38,0,38,0,1,138,0,139,0,1,176,0,177,292,0,292,469
08/16/2022,TIW,WA,ANM,WE,Federal Contract Tower,0,1,47,0,48,0,0,83,0,83,0,1,130,0,131,242,0,242,373
08/17/2022,TIW,WA,ANM,WE,Federal Contract Tower,0,7,40,0,47,0,0,122,0,122,0,7,162,0,169,201,0,201,370
08/18/2022,TIW,WA,ANM,WE,Federal Contract Tower,0,10,33,0,43,0,0,106,2,108,0,10,139,2,151,401,0,401,552
08/19/2022,TIW,WA,ANM,WE,Federal Contract Tower,0,0,43,1,44,0,1,102,0,103,0,1,145,1,147,235,0,235,382
08/20/2022,TIW,WA,ANM,WE,Federal Contract Tower,0,3,33,1,37,0,2,118,0,120,0,5,151,1,157,309,0,309,466
08/21/2022,TIW,WA,ANM,WE,Federal Contract Tower,0,6,42,0,48,0,0,94,0,94,0,6,136,0,142,171,0,171,313
08/22/2022,TIW,WA,ANM,WE,Federal Contract Tower,0,4,34,0,38,0,0,117,0,117,0,4,151,0,155,312,0,312,467
08/23/2022,TIW,WA,ANM,WE,Federal Contract Tower,0,4,39,0,43,0,0,110,0,110,0,4,149,0,153,126,0,126,279
08/24/2022,TIW,WA,ANM,WE,Federal Contract Tower,0,0,33,0,33,0,2,187,0,189,0,2,220,0,222,328,0,328,550
08/25/2022,TIW,WA,ANM,WE,Federal Contract Tower,0,0,25,0,25,0,6,162,2,170,0,6,187,2,195,265,0,265,460
08/26/2022,TIW,WA,ANM,WE,Federal Contract Tower,0,8,46,0,54,0,0,52,0,52,0,8,98,0,106,87,0,87,193
08/27/2022,TIW,WA,ANM,WE,Federal Contract Tower,0,1,31,0,32,0,0,86,0,86,0,1,117,0,118,236,0,236,354
08/28/2022,TIW,WA,ANM,WE,Federal Contract Tower,0,0,26,0,26,0,4,151,0,155,0,4,177,0,181,315,0,315,496
08/29/2022,TIW,WA,ANM,WE,Federal Contract Tower,0,3,26,0,29,0,0,130,0,130,0,3,156,0,159,198,0,198,357
08/30/2022,TIW,WA,ANM,WE,Federal Contract Tower,0,1,30,0,31,0,0,144,0,144,0,1,174,0,175,254,0,254,429
08/31/2022,TIW,WA,ANM,WE,Federal Contract Tower,0,2,33,0,35,0,3,152,0,155,0,5,185,0,190,248,0,248,438
09/01/2022,TIW,WA,ANM,WE,Federal Contract Tower,0,10,34,0,44,0,0,78,0,78,0,10,112,0,122,137,0,137,259
09/02/2022,TIW,WA,ANM,WE,Federal Contract Tower,0,3,38,0,41,0,2,91,0,93,0,5,129,0,134,344,0,344,478
09/03/2022,TIW,WA,ANM,WE,Federal Contract Tower,0,4,23,0,27,0,0,66,0,66,0,4,89,0,93,149,0,149,242
09/04/2022,TIW,WA,ANM,WE,Federal Contract Tower,0,0,23,0,23,0,0,99,0,99,0,0,122,0,122,125,0,125,247
09/05/2022,TIW,WA,ANM,WE,Federal Contract Tower,0,0,26,0,26,0,2,119,0,121,0,2,145,0,147,206,0,206,353
09/06/2022,TIW,WA,ANM,WE,Federal Contract Tower,0,0,31,0,31,0,0,132,0,132,0,0,163,0,163,219,0,219,382
09/07/2022,TIW,WA,ANM,WE,Federal Contract Tower,0,0,19,0,19,0,1,133,0,134,0,1,152,0,153,398,0,398,551
09/08/2022,TIW,WA,ANM,WE,Federal Contract Tower,0,3,17,0,20,0,2,216,4,222,0,5,233,4,242,284,0,284,526
09/09/2022,TIW,WA,ANM,WE,Federal Contract Tower,0,3,20,0,23,0,1,69,0,70,0,4,89,0,93,58,0,58,151
09/10/2022,TIW,WA,ANM,WE,Federal Contract Tower,0,0,16,0,16,0,0,62,0,62,0,0,78,0,78,72,0,72,150
09/11/2022,TIW,WA,ANM,WE,Federal Contract Tower,0,0,20,0,20,0,0,72,2,74,0,0,92,2,94,136,0,136,230
09/12/2022,TIW,WA,ANM,WE,Federal Contract Tower,0,0,34,0,34,0,0,54,0,54,0,0,88,0,88,327,0,327,415
09/13/2022,TIW,WA,ANM,WE,Federal Contract Tower,0,0,24,0,24,0,2,143,2,147,0,2,167,2,171,290,8,298,469
09/14/2022,TIW,WA,ANM,WE,Federal Contract Tower,0,0,7,0,7,0,0,45,3,48,0,0,52,3,55,84,0,84,139
09/15/2022,TIW,WA,ANM,WE,Federal Contract Tower,0,0,7,0,7,0,1,48,3,52,0,1,55,3,59,88,0,88,147
09/16/2022,TIW,WA,ANM,WE,Federal Contract Tower,0,1,51,0,52,0,0,78,2,80,0,1,129,2,132,98,0,98,230
09/17/2022,TIW,WA,ANM,WE,Federal Contract Tower,0,0,20,0,20,0,1,118,0,119,0,1,138,0,139,78,0,78,217
09/18/2022,TIW,WA,ANM,WE,Federal Contract Tower,0,1,17,0,18,0,2,98,0,100,0,3,115,0,118,57,0,57,175
09/19/2022,TIW,WA,ANM,WE,Federal Contract Tower,0,3,25,0,28,0,2,131,2,135,0,5,156,2,163,193,0,193,356
09/20/2022,TIW,WA,ANM,WE,Federal Contract Tower,0,2,39,2,43,0,2,119,0,121,0,4,158,2,164,125,0,125,289
09/21/2022,TIW,WA,ANM,WE,Federal Contract Tower,0,4,22,0,26,0,3,172,2,177,0,7,194,2,203,262,0,262,465
09/22/2022,TIW,WA,ANM,WE,Federal Contract Tower,0,3,34,0,37,0,0,48,4,52,0,3,82,4,89,40,0,40,129
09/23/2022,TIW,WA,ANM,WE,Federal Contract Tower,0,2,31,1,34,0,0,182,2,184,0,2,213,3,218,321,4,325,543
09/24/2022,TIW,WA,ANM,WE,Federal Contract Tower,0,0,10,1,11,0,5,130,0,135,0,5,140,1,146,161,0,161,307
09/25/2022,TIW,WA,ANM,WE,Federal Contract Tower,0,4,17,0,21,0,1,158,0,159,0,5,175,0,180,167,0,167,347
09/26/2022,TIW,WA,ANM,WE,Federal Contract Tower,0,6,35,0,41,0,4,143,0,147,0,10,178,0,188,319,0,319,507
09/27/2022,TIW,WA,ANM,WE,Federal Contract Tower,0,4,47,0,51,0,0,78,2,80,0,4,125,2,131,174,1,175,306
09/28/2022,TIW,WA,ANM,WE,Federal Contract Tower,0,2,30,0,32,0,0,30,2,32,0,2,60,2,64,74,4,78,142
09/29/2022,TIW,WA,ANM,WE,Federal Contract Tower,0,8,31,0,39,0,0,106,0,106,0,8,137,0,145,312,0,312,457
09/30/2022,TIW,WA,ANM,WE,Federal Contract Tower,0,3,23,0,26,0,2,110,0,112,0,5,133,0,138,217,0,217,355
10/01/2022,TIW,WA,ANM,WE,Federal Contract Tower,0,2,38,0,40,0,0,129,0,129,0,2,167,0,169,163,0,163,332
10/02/2022,TIW,WA,ANM,WE,Federal Contract Tower,0,4,27,0,31,0,0,107,0,107,0,4,134,0,138,219,0,219,357
10/03/2022,TIW,WA,ANM,WE,Federal Contract Tower,0,1,25,0,26,0,0,85,0,85,0,1,110,0,111,200,0,200,311
10/04/2022,TIW,WA,ANM,WE,Federal Contract Tower,0,2,24,0,26,0,0,37,0,37,0,2,61,0,63,66,0,66,129
10/05/2022,TIW,WA,ANM,WE,Federal Contract Tower,0,4,33,0,37,0,0,14,0,14,0,4,47,0,51,0,0,0,51
10/06/2022,TIW,WA,ANM,WE,Federal Contract Tower,0,3,25,0,28,0,0,80,2,82,0,3,105,2,110,207,7,214,324
10/07/2022,TIW,WA,ANM,WE,Federal Contract Tower,0,0,33,0,33,0,0,137,0,137,0,0,170,0,170,249,0,249,419
10/08/2022,TIW,WA,ANM,WE,Federal Contract Tower,0,2,19,0,21,0,0,150,0,150,0,2,169,0,171,365,0,365,536
10/09/2022,TIW,WA,ANM,WE,Federal Contract Tower,0,0,26,0,26,0,0,75,0,75,0,0,101,0,101,243,0,243,344
10/10/2022,TIW,WA,ANM,WE,Federal Contract Tower,0,0,40,0,40,0,0,105,0,105,0,0,145,0,145,160,0,160,305
10/11/2022,TIW,WA,ANM,WE,Federal Contract Tower,0,1,34,0,35,0,0,121,2,123,0,1,155,2,158,251,10,261,419
10/12/2022,TIW,WA,ANM,WE,Federal Contract Tower,0,2,42,1,45,0,1,127,4,132,0,3,169,5,177,176,0,176,353
10/13/2022,TIW,WA,ANM,WE,Federal Contract Tower,0,1,34,1,36,0,0,106,2,108,0,1,140,3,144,215,0,215,359
10/14/2022,TIW,WA,ANM,WE,Federal Contract Tower,0,5,29,0,34,0,0,108,0,108,0,5,137,0,142,230,0,230,372
10/15/2022,TIW,WA,ANM,WE,Federal Contract Tower,0,0,31,0,31,0,0,43,0,43,0,0,74,0,74,86,0,86,160
10/16/2022,TIW,WA,ANM,WE,Federal Contract Tower,0,5,22,0,27,0,14,84,0,98,0,19,106,0,125,207,0,207,332
10/17/2022,TIW,WA,ANM,WE,Federal Contract Tower,0,2,32,0,34,0,1,121,2,124,0,3,153,2,158,318,0,318,476
10/18/2022,TIW,WA,ANM,WE,Federal Contract Tower,0,0,44,0,44,0,1,86,2,89,0,1,130,2,133,187,0,187,320
10/19/2022,TIW,WA,ANM,WE,Federal Contract Tower,0,0,35,0,35,0,0,1,0,1,0,0,36,0,36,0,0,0,36
10/20/2022,TIW,WA,ANM,WE,Federal Contract Tower,0,0,13,0,13,0,0,0,0,0,0,0,13,0,13,0,0,0,13
10/21/2022,TIW,WA,ANM,WE,Federal Contract Tower,0,4,33,0,37,0,0,15,0,15,0,4,48,0,52,72,0,72,124
10/22/2022,TIW,WA,ANM,WE,Federal Contract Tower,0,4,37,0,41,0,0,32,0,32,0,4,69,0,73,148,0,148,221
10/23/2022,TIW,WA,ANM,WE,Federal Contract Tower,0,5,37,0,42,0,0,58,2,60,0,5,95,2,102,168,0,168,270
10/24/2022,TIW,WA,ANM,WE,Federal Contract Tower,0,3,15,0,18,0,0,12,0,12,0,3,27,0,30,14,0,14,44
10/25/2022,TIW,WA,ANM,WE,Federal Contract Tower,0,2,31,1,34,0,0,16,4,20,0,2,47,5,54,40,0,40,94
10/26/2022,TIW,WA,ANM,WE,Federal Contract Tower,0,1,46,0,47,0,2,79,1,82,0,3,125,1,129,224,0,224,353
10/27/2022,TIW,WA,ANM,WE,Federal Contract Tower,0,3,15,0,18,0,0,24,7,31,0,3,39,7,49,3,5,8,57
10/28/2022,TIW,WA,ANM,WE,Federal Contract Tower,0,4,37,1,42,0,1,33,0,34,0,5,70,1,76,195,0,195,271
10/29/2022,TIW,WA,ANM,WE,Federal Contract Tower,0,0,30,0,30,0,0,96,4,100,0,0,126,4,130,169,0,169,299
10/30/2022,TIW,WA,ANM,WE,Federal Contract Tower,0,0,9,0,9,0,0,2,0,2,0,0,11,0,11,9,0,9,20
10/31/2022,TIW,WA,ANM,WE,Federal Contract Tower,0,2,12,0,14,0,0,34,0,34,0,2,46,0,48,54,0,54,102
11/01/2022,TIW,WA,ANM,WE,Federal Contract Tower,0,5,33,0,38,0,0,57,2,59,0,5,90,2,97,166,0,166,263
11/02/2022,TIW,WA,ANM,WE,Federal Contract Tower,0,4,26,0,30,0,0,29,2,31,0,4,55,2,61,90,2,92,153
11/03/2022,TIW,WA,ANM,WE,Federal Contract Tower,0,3,14,0,17,0,0,18,0,18,0,3,32,0,35,10,0,10,45
11/04/2022,TIW,WA,ANM,WE,Federal Contract Tower,0,0,3,0,3,0,0,0,0,0,0,0,3,0,3,0,0,0,3
11/05/2022,TIW,WA,ANM,WE,Federal Contract Tower,0,0,17,0,17,0,0,33,2,35,0,0,50,2,52,3,0,3,55
11/06/2022,TIW,WA,ANM,WE,Federal Contract Tower,0,0,15,0,15,0,0,52,0,52,0,0,67,0,67,201,0,201,268
11/07/2022,TIW,WA,ANM,WE,Federal Contract Tower,0,2,9,0,11,0,0,9,3,12,0,2,18,3,23,88,0,88,111
11/08/2022,TIW,WA,ANM,WE,Federal Contract Tower,0,0,13,0,13,0,2,35,4,41,0,2,48,4,54,2,18,20,74
11/09/2022,TIW,WA,ANM,WE,Federal Contract Tower,0,3,31,0,34,0,0,156,2,158,0,3,187,2,192,374,0,374,566
11/10/2022,TIW,WA,ANM,WE,Federal Contract Tower,0,5,42,0,47,0,0,84,2,86,0,5,126,2,133,146,0,146,279
11/11/2022,TIW,WA,ANM,WE,Federal Contract Tower,0,2,37,0,39,0,0,117,0,117,0,2,154,0,156,100,0,100,256
11/12/2022,TIW,WA,ANM,WE,Federal Contract Tower,0,0,28,0,28,0,0,169,0,169,0,0,197,0,197,189,0,189,386
11/13/2022,TIW,WA,ANM,WE,Federal Contract Tower,0,2,26,0,28,0,3,73,0,76,0,5,99,0,104,136,0,136,240
11/14/2022,TIW,WA,ANM,WE,Federal Contract Tower,0,2,35,0,37,0,0,109,2,111,0,2,144,2,148,144,0,144,292
11/15/2022,TIW,WA,ANM,WE,Federal Contract Tower,0,2,37,0,39,0,0,92,4,96,0,2,129,4,135,177,0,177,312
11/16/2022,TIW,WA,ANM,WE,Federal Contract Tower,0,0,55,0,55,0,2,107,0,109,0,2,162,0,164,142,0,142,306
11/17/2022,TIW,WA,ANM,WE,Federal Contract Tower,0,6,12,0,18,0,0,47,2,49,0,6,59,2,67,38,0,38,105
11/18/2022,TIW,WA,ANM,WE,Federal Contract Tower,0,4,41,0,45,0,0,143,0,143,0,4,184,0,188,179,0,179,367
11/19/2022,TIW,WA,ANM,WE,Federal Contract Tower,0,1,21,0,22,0,4,134,1,139,0,5,155,1,161,246,0,246,407
11/20/2022,TIW,WA,ANM,WE,Federal Contract Tower,0,1,30,2,33,0,0,94,0,94,0,1,124,2,127,189,0,189,316
11/21/2022,TIW,WA,ANM,WE,Federal Contract Tower,0,5,36,0,41,0,0,99,1,100,0,5,135,1,141,210,0,210,351
11/22/2022,TIW,WA,ANM,WE,Federal Contract Tower,0,2,21,0,23,0,0,2,2,4,0,2,23,2,27,0,0,0,27
11/23/2022,TIW,WA,ANM,WE,Federal Contract Tower,0,0,27,0,27,0,0,93,0,93,0,0,120,0,120,200,0,200,320
11/24/2022,TIW,WA,ANM,WE,Federal Contract Tower,0,0,1,0,1,0,0,28,0,28,0,0,29,0,29,58,0,58,87
11/25/2022,TIW,WA,ANM,WE,Federal Contract Tower,0,1,1,0,2,0,0,0,0,0,0,1,1,0,2,0,0,0,2
11/26/2022,TIW,WA,ANM,WE,Federal Contract Tower,0,1,31,0,32,0,0,3,0,3,0,1,34,0,35,33,0,33,68
11/27/2022,TIW,WA,ANM,WE,Federal Contract Tower,0,3,21,0,24,0,0,34,0,34,0,3,55,0,58,23,0,23,81
11/28/2022,TIW,WA,ANM,WE,Federal Contract Tower,0,5,15,0,20,0,0,39,0,39,0,5,54,0,59,163,0,163,222
11/29/2022,TIW,WA,ANM,WE,Federal Contract Tower,0,3,0,0,3,0,0,0,0,0,0,3,0,0,3,0,0,0,3
11/30/2022,TIW,WA,ANM,WE,Federal Contract Tower,0,0,9,0,9,0,0,28,0,28,0,0,37,0,37,46,0,46,83
12/01/2022,TIW,WA,ANM,WE,Federal Contract Tower,0,0,15,1,16,0,0,57,9,66,0,0,72,10,82,78,0,78,160
12/02/2022,TIW,WA,ANM,WE,Federal Contract Tower,0,2,20,0,22,0,0,52,0,52,0,2,72,0,74,308,0,308,382
12/03/2022,TIW,WA,ANM,WE,Federal Contract Tower,0,4,19,0,23,0,0,107,0,107,0,4,126,0,130,109,0,109,239
12/04/2022,TIW,WA,ANM,WE,Federal Contract Tower,0,0,7,0,7,0,0,3,0,3,0,0,10,0,10,8,0,8,18
12/05/2022,TIW,WA,ANM,WE,Federal Contract Tower,0,1,12,0,13,0,0,0,0,0,0,1,12,0,13,0,0,0,13
12/06/2022,TIW,WA,ANM,WE,Federal Contract Tower,0,2,12,2,16,0,0,0,0,0,0,2,12,2,16,0,0,0,16
12/07/2022,TIW,WA,ANM,WE,Federal Contract Tower,0,4,36,0,40,0,0,104,6,110,0,4,140,6,150,394,14,408,558
12/08/2022,TIW,WA,ANM,WE,Federal Contract Tower,0,0,10,0,10,0,0,12,6,18,0,0,22,6,28,16,8,24,52
12/09/2022,TIW,WA,ANM,WE,Federal Contract Tower,0,0,28,0,28,0,0,40,0,40,0,0,68,0,68,216,0,216,284
12/10/2022,TIW,WA,ANM,WE,Federal Contract Tower,0,2,17,0,19,0,0,18,0,18,0,2,35,0,37,48,0,48,85
12/11/2022,TIW,WA,ANM,WE,Federal Contract Tower,0,0,12,0,12,0,0,0,0,0,0,0,12,0,12,0,0,0,12
12/12/2022,TIW,WA,ANM,WE,Federal Contract Tower,0,6,29,0,35,0,0,55,2,57,0,6,84,2,92,204,12,216,308
12/13/2022,TIW,WA,ANM,WE,Federal Contract Tower,0,2,35,2,39,0,0,68,4,72,0,2,103,6,111,132,0,132,243
12/14/2022,TIW,WA,ANM,WE,Federal Contract Tower,0,0,22,0,22,0,0,42,0,42,0,0,64,0,64,237,0,237,301
12/15/2022,TIW,WA,ANM,WE,Federal Contract Tower,0,3,36,0,39,0,0,100,0,100,0,3,136,0,139,175,0,175,314
12/16/2022,TIW,WA,ANM,WE,Federal Contract Tower,0,2,27,0,29,0,0,110,0,110,0,2,137,0,139,224,0,224,363
12/17/2022,TIW,WA,ANM,WE,Federal Contract Tower,0,0,3,0,3,0,0,0,0,0,0,0,3,0,3,0,0,0,3
12/18/2022,TIW,WA,ANM,WE,Federal Contract Tower,0,3,9,0,12,0,0,8,0,8,0,3,17,0,20,5,0,5,25
12/19/2022,TIW,WA,ANM,WE,Federal Contract Tower,0,1,11,0,12,0,0,6,0,6,0,1,17,0,18,0,0,0,18
12/20/2022,TIW,WA,ANM,WE,Federal Contract Tower,0,2,0,0,2,0,0,0,0,0,0,2,0,0,2,0,0,0,2
12/21/2022,TIW,WA,ANM,WE,Federal Contract Tower,0,0,15,0,15,0,2,7,2,11,0,2,22,2,26,8,0,8,34
12/22/2022,TIW,WA,ANM,WE,Federal Contract Tower,0,2,17,0,19,0,2,51,8,61,0,4,68,8,80,62,0,62,142
12/23/2022,TIW,WA,ANM,WE,Federal Contract Tower,0,0,0,0,0,0,0,0,0,0,0,0,0,0,0,0,0,0,0
12/24/2022,TIW,WA,ANM,WE,Federal Contract Tower,0,0,0,0,0,0,0,0,0,0,0,0,0,0,0,0,0,0,0
12/25/2022,TIW,WA,ANM,WE,Federal Contract Tower,0,0,4,0,4,0,0,0,0,0,0,0,4,0,4,0,0,0,4
12/26/2022,TIW,WA,ANM,WE,Federal Contract Tower,0,2,17,0,19,0,0,17,0,17,0,2,34,0,36,52,0,52,88
12/27/2022,TIW,WA,ANM,WE,Federal Contract Tower,0,11,6,0,17,0,0,1,0,1,0,11,7,0,18,0,1,1,19
12/28/2022,TIW,WA,ANM,WE,Federal Contract Tower,0,6,48,0,54,0,3,37,2,42,0,9,85,2,96,14,0,14,110
12/29/2022,TIW,WA,ANM,WE,Federal Contract Tower,0,14,33,0,47,0,2,11,0,13,0,16,44,0,60,128,0,128,188
12/30/2022,TIW,WA,ANM,WE,Federal Contract Tower,0,1,16,0,17,0,0,4,2,6,0,1,20,2,23,18,0,18,41
12/31/2022,TIW,WA,ANM,WE,Federal Contract Tower,0,1,16,0,17,0,0,60,0,60,0,1,76,0,77,143,0,143,220
01/01/2023,TIW,WA,ANM,WE,Federal Contract Tower,0,0,12,0,12,0,0,33,0,33,0,0,45,0,45,10,0,10,55
01/02/2023,TIW,WA,ANM,WE,Federal Contract Tower,0,0,48,0,48,0,0,112,0,112,0,0,160,0,160,148,0,148,308
01/03/2023,TIW,WA,ANM,WE,Federal Contract Tower,0,0,26,0,26,0,1,64,0,65,0,1,90,0,91,126,0,126,217
01/04/2023,TIW,WA,ANM,WE,Federal Contract Tower,0,5,26,0,31,0,0,80,2,82,0,5,106,2,113,104,2,106,219
01/05/2023,TIW,WA,ANM,WE,Federal Contract Tower,0,4,14,0,18,0,1,20,2,23,0,5,34,2,41,36,0,36,77
01/06/2023,TIW,WA,ANM,WE,Federal Contract Tower,0,0,30,0,30,0,0,93,0,93,0,0,123,0,123,278,0,278,401
01/07/2023,TIW,WA,ANM,WE,Federal Contract Tower,0,1,24,0,25,0,0,33,0,33,0,1,57,0,58,191,0,191,249
01/08/2023,TIW,WA,ANM,WE,Federal Contract Tower,0,0,16,0,16,0,0,14,2,16,0,0,30,2,32,35,0,35,67
01/09/2023,TIW,WA,ANM,WE,Federal Contract Tower,0,0,7,0,7,0,0,7,2,9,0,0,14,2,16,6,4,10,26
01/10/2023,TIW,WA,ANM,WE,Federal Contract Tower,0,2,50,0,52,0,0,177,2,179,0,2,227,2,231,210,0,210,441
01/11/2023,TIW,WA,ANM,WE,Federal Contract Tower,0,2,35,0,37,0,2,113,7,122,0,4,148,7,159,178,0,178,337
01/12/2023,TIW,WA,ANM,WE,Federal Contract Tower,0,3,9,0,12,0,0,19,2,21,0,3,28,2,33,26,0,26,59
01/13/2023,TIW,WA,ANM,WE,Federal Contract Tower,0,2,26,0,28,0,0,12,0,12,0,2,38,0,40,18,0,18,58
01/14/2023,TIW,WA,ANM,WE,Federal Contract Tower,0,1,26,0,27,0,1,115,3,119,0,2,141,3,146,264,10,274,420
01/15/2023,TIW,WA,ANM,WE,Federal Contract Tower,0,6,7,0,13,0,0,4,0,4,0,6,11,0,17,8,0,8,25
01/16/2023,TIW,WA,ANM,WE,Federal Contract Tower,0,1,48,0,49,0,1,82,0,83,0,2,130,0,132,175,0,175,307
01/17/2023,TIW,WA,ANM,WE,Federal Contract Tower,0,0,30,0,30,0,5,32,0,37,0,5,62,0,67,71,32,103,170
01/18/2023,TIW,WA,ANM,WE,Federal Contract Tower,0,1,14,2,17,0,0,2,5,7,0,1,16,7,24,0,14,14,38
01/19/2023,TIW,WA,ANM,WE,Federal Contract Tower,0,1,8,3,12,0,0,0,0,0,0,1,8,3,12,0,0,0,12
01/20/2023,TIW,WA,ANM,WE,Federal Contract Tower,0,1,34,0,35,0,0,94,2,96,0,1,128,2,131,161,0,161,292
01/21/2023,TIW,WA,ANM,WE,Federal Contract Tower,0,6,6,0,12,0,0,0,0,0,0,6,6,0,12,0,0,0,12
01/22/2023,TIW,WA,ANM,WE,Federal Contract Tower,0,2,33,0,35,0,0,20,0,20,0,2,53,0,55,65,0,65,120
01/23/2023,TIW,WA,ANM,WE,Federal Contract Tower,0,2,27,0,29,0,0,38,0,38,0,2,65,0,67,126,0,126,193
01/24/2023,TIW,WA,ANM,WE,Federal Contract Tower,0,1,35,0,36,0,0,0,0,0,0,1,35,0,36,0,0,0,36
01/25/2023,TIW,WA,ANM,WE,Federal Contract Tower,0,1,49,2,52,0,0,33,0,33,0,1,82,2,85,176,0,176,261
01/26/2023,TIW,WA,ANM,WE,Federal Contract Tower,0,6,63,0,69,0,0,13,6,19,0,6,76,6,88,118,21,139,227
01/27/2023,TIW,WA,ANM,WE,Federal Contract Tower,0,0,31,0,31,0,0,33,0,33,0,0,64,0,64,211,0,211,275
01/28/2023,TIW,WA,ANM,WE,Federal Contract Tower,0,0,15,2,17,0,0,37,2,39,0,0,52,4,56,111,4,115,171
01/29/2023,TIW,WA,ANM,WE,Federal Contract Tower,0,1,35,0,36,0,0,138,0,138,0,1,173,0,174,131,0,131,305
01/30/2023,TIW,WA,ANM,WE,Federal Contract Tower,0,3,42,0,45,0,1,189,1,191,0,4,231,1,236,138,0,138,374
01/31/2023,TIW,WA,ANM,WE,Federal Contract Tower,0,3,37,0,40,0,1,103,0,104,0,4,140,0,144,246,0,246,390
02/01/2023,TIW,WA,ANM,WE,Federal Contract Tower,0,1,31,0,32,0,0,153,0,153,0,1,184,0,185,228,0,228,413
02/02/2023,TIW,WA,ANM,WE,Federal Contract Tower,0,2,42,0,44,0,0,118,1,119,0,2,160,1,163,135,0,135,298
02/03/2023,TIW,WA,ANM,WE,Federal Contract Tower,0,2,4,0,6,0,2,14,0,16,0,4,18,0,22,80,0,80,102
02/04/2023,TIW,WA,ANM,WE,Federal Contract Tower,0,0,46,0,46,0,0,46,0,46,0,0,92,0,92,159,0,159,251
02/05/2023,TIW,WA,ANM,WE,Federal Contract Tower,0,0,17,0,17,0,0,5,0,5,0,0,22,0,22,0,0,0,22
02/06/2023,TIW,WA,ANM,WE,Federal Contract Tower,0,1,10,0,11,0,0,11,1,12,0,1,21,1,23,12,0,12,35
02/07/2023,TIW,WA,ANM,WE,Federal Contract Tower,0,3,23,0,26,0,0,7,2,9,0,3,30,2,35,6,4,10,45
02/08/2023,TIW,WA,ANM,WE,Federal Contract Tower,0,4,65,0,69,0,3,130,0,133,0,7,195,0,202,220,0,220,422
02/09/2023,TIW,WA,ANM,WE,Federal Contract Tower,0,1,53,2,56,0,0,159,8,167,0,1,212,10,223,189,2,191,414
02/10/2023,TIW,WA,ANM,WE,Federal Contract Tower,0,0,63,1,64,0,0,102,1,103,0,0,165,2,167,117,0,117,284
02/11/2023,TIW,WA,ANM,WE,Federal Contract Tower,0,0,42,0,42,0,0,105,0,105,0,0,147,0,147,264,0,264,411
02/12/2023,TIW,WA,ANM,WE,Federal Contract Tower,0,2,32,0,34,0,0,68,0,68,0,2,100,0,102,85,0,85,187
02/13/2023,TIW,WA,ANM,WE,Federal Contract Tower,0,0,23,0,23,0,0,14,2,16,0,0,37,2,39,4,4,8,47
02/14/2023,TIW,WA,ANM,WE,Federal Contract Tower,0,3,24,0,27,0,0,105,2,107,0,3,129,2,134,162,0,162,296
02/15/2023,TIW,WA,ANM,WE,Federal Contract Tower,0,1,39,2,42,0,0,145,4,149,0,1,184,6,191,136,0,136,327
02/16/2023,TIW,WA,ANM,WE,Federal Contract Tower,0,1,42,0,43,0,0,97,2,99,0,1,139,2,142,206,0,206,348
02/17/2023,TIW,WA,ANM,WE,Federal Contract Tower,0,2,38,0,40,0,0,18,0,18,0,2,56,0,58,110,0,110,168
02/18/2023,TIW,WA,ANM,WE,Federal Contract Tower,0,1,8,0,9,0,0,7,0,7,0,1,15,0,16,2,0,2,18
02/19/2023,TIW,WA,ANM,WE,Federal Contract Tower,0,1,13,0,14,0,0,12,1,13,0,1,25,1,27,50,0,50,77
02/20/2023,TIW,WA,ANM,WE,Federal Contract Tower,0,1,8,0,9,0,1,1,0,2,0,2,9,0,11,0,0,0,11
02/21/2023,TIW,WA,ANM,WE,Federal Contract Tower,0,0,18,0,18,0,0,17,0,17,0,0,35,0,35,20,0,20,55
02/22/2023,TIW,WA,ANM,WE,Federal Contract Tower,0,2,10,0,12,0,0,20,0,20,0,2,30,0,32,6,0,6,38
02/23/2023,TIW,WA,ANM,WE,Federal Contract Tower,0,2,22,0,24,0,2,47,5,54,0,4,69,5,78,26,4,30,108
02/24/2023,TIW,WA,ANM,WE,Federal Contract Tower,0,5,30,0,35,0,0,190,2,192,0,5,220,2,227,126,0,126,353
02/25/2023,TIW,WA,ANM,WE,Federal Contract Tower,0,0,30,0,30,0,2,125,2,129,0,2,155,2,159,418,0,418,577
02/26/2023,TIW,WA,ANM,WE,Federal Contract Tower,0,0,14,0,14,0,1,14,0,15,0,1,28,0,29,4,0,4,33
02/27/2023,TIW,WA,ANM,WE,Federal Contract Tower,0,2,4,0,6,0,0,8,0,8,0,2,12,0,14,159,0,159,173
02/28/2023,TIW,WA,ANM,WE,Federal Contract Tower,0,1,22,0,23,0,0,36,2,38,0,1,58,2,61,148,4,152,213
03/01/2023,TIW,WA,ANM,WE,Federal Contract Tower,0,4,55,0,59,0,0,80,3,83,0,4,135,3,142,95,9,104,246
03/02/2023,TIW,WA,ANM,WE,Federal Contract Tower,0,0,11,0,11,0,0,3,0,3,0,0,14,0,14,0,0,0,14
03/03/2023,TIW,WA,ANM,WE,Federal Contract Tower,0,1,10,0,11,0,0,2,0,2,0,1,12,0,13,0,0,0,13
03/04/2023,TIW,WA,ANM,WE,Federal Contract Tower,0,4,38,2,44,0,0,15,0,15,0,4,53,2,59,38,0,38,97
03/05/2023,TIW,WA,ANM,WE,Federal Contract Tower,0,0,29,0,29,0,0,82,0,82,0,0,111,0,111,222,0,222,333
03/06/2023,TIW,WA,ANM,WE,Federal Contract Tower,0,0,39,0,39,0,0,93,0,93,0,0,132,0,132,172,0,172,304
03/07/2023,TIW,WA,ANM,WE,Federal Contract Tower,0,1,48,2,51,0,0,58,0,58,0,1,106,2,109,158,0,158,267
03/08/2023,TIW,WA,ANM,WE,Federal Contract Tower,0,3,16,6,25,0,0,68,3,71,0,3,84,9,96,142,2,144,240
03/09/2023,TIW,WA,ANM,WE,Federal Contract Tower,0,1,21,3,25,0,0,59,2,61,0,1,80,5,86,221,0,221,307
03/10/2023,TIW,WA,ANM,WE,Federal Contract Tower,0,0,31,0,31,0,0,48,0,48,0,0,79,0,79,90,0,90,169
03/11/2023,TIW,WA,ANM,WE,Federal Contract Tower,0,3,53,0,56,0,6,96,0,102,0,9,149,0,158,361,0,361,519
03/12/2023,TIW,WA,ANM,WE,Federal Contract Tower,0,2,23,0,25,0,2,15,0,17,0,4,38,0,42,59,0,59,101
03/13/2023,TIW,WA,ANM,WE,Federal Contract Tower,0,1,9,0,10,0,0,9,0,9,0,1,18,0,19,4,0,4,23
03/14/2023,TIW,WA,ANM,WE,Federal Contract Tower,0,4,43,0,47,0,11,144,2,157,0,15,187,2,204,290,0,290,494
03/15/2023,TIW,WA,ANM,WE,Federal Contract Tower,0,6,42,0,48,0,9,131,3,143,0,15,173,3,191,272,0,272,463
03/16/2023,TIW,WA,ANM,WE,Federal Contract Tower,0,5,27,0,32,0,7,134,0,141,0,12,161,0,173,155,0,155,328
03/17/2023,TIW,WA,ANM,WE,Federal Contract Tower,0,6,40,0,46,0,15,175,4,194,0,21,215,4,240,330,6,336,576
03/18/2023,TIW,WA,ANM,WE,Federal Contract Tower,0,2,34,0,36,0,2,203,0,205,0,4,237,0,241,225,0,225,466
03/19/2023,TIW,WA,ANM,WE,Federal Contract Tower,0,1,25,0,26,0,4,82,0,86,0,5,107,0,112,185,0,185,297
03/20/2023,TIW,WA,ANM,WE,Federal Contract Tower,0,2,26,0,28,0,0,7,2,9,0,2,33,2,37,32,0,32,69
03/21/2023,TIW,WA,ANM,WE,Federal Contract Tower,0,3,52,0,55,0,0,67,0,67,0,3,119,0,122,263,0,263,385
03/22/2023,TIW,WA,ANM,WE,Federal Contract Tower,0,4,36,0,40,0,7,155,0,162,0,11,191,0,202,152,0,152,354
03/23/2023,TIW,WA,ANM,WE,Federal Contract Tower,0,2,3,0,5,0,0,7,0,7,0,2,10,0,12,0,0,0,12
03/24/2023,TIW,WA,ANM,WE,Federal Contract Tower,0,1,2,0,3,0,0,2,2,4,0,1,4,2,7,0,0,0,7
03/25/2023,TIW,WA,ANM,WE,Federal Contract Tower,0,1,13,0,14,0,2,58,0,60,0,3,71,0,74,184,0,184,258
03/26/2023,TIW,WA,ANM,WE,Federal Contract Tower,0,1,17,0,18,0,2,48,0,50,0,3,65,0,68,182,0,182,250
03/27/2023,TIW,WA,ANM,WE,Federal Contract Tower,0,2,25,0,27,0,4,130,0,134,0,6,155,0,161,121,0,121,282
03/28/2023,TIW,WA,ANM,WE,Federal Contract Tower,0,1,7,0,8,0,3,9,3,15,0,4,16,3,23,2,0,2,25
03/29/2023,TIW,WA,ANM,WE,Federal Contract Tower,0,6,42,0,48,0,8,184,2,194,0,14,226,2,242,328,0,328,570
03/30/2023,TIW,WA,ANM,WE,Federal Contract Tower,0,1,19,0,20,0,3,57,0,60,0,4,76,0,80,102,0,102,182
03/31/2023,TIW,WA,ANM,WE,Federal Contract Tower,0,1,13,0,14,0,0,7,2,9,0,1,20,2,23,0,0,0,23
04/01/2023,TIW,WA,ANM,WE,Federal Contract Tower,0,2,5,0,7,0,0,0,0,0,0,2,5,0,7,0,0,0,7
04/02/2023,TIW,WA,ANM,WE,Federal Contract Tower,0,0,9,0,9,0,2,5,0,7,0,2,14,0,16,4,0,4,20
04/03/2023,TIW,WA,ANM,WE,Federal Contract Tower,0,0,21,1,22,0,0,37,1,38,0,0,58,2,60,110,0,110,170
04/04/2023,TIW,WA,ANM,WE,Federal Contract Tower,0,4,33,0,37,0,0,108,0,108,0,4,141,0,145,157,0,157,302
04/05/2023,TIW,WA,ANM,WE,Federal Contract Tower,0,5,52,0,57,0,14,124,2,140,0,19,176,2,197,308,0,308,505
04/06/2023,TIW,WA,ANM,WE,Federal Contract Tower,0,2,25,0,27,0,0,15,4,19,0,2,40,4,46,193,8,201,247
04/07/2023,TIW,WA,ANM,WE,Federal Contract Tower,0,4,38,0,42,0,0,34,2,36,0,4,72,2,78,68,0,68,146
04/08/2023,TIW,WA,ANM,WE,Federal Contract Tower,0,0,22,0,22,0,0,26,2,28,0,0,48,2,50,242,0,242,292
04/09/2023,TIW,WA,ANM,WE,Federal Contract Tower,0,0,5,0,5,0,0,3,0,3,0,0,8,0,8,24,0,24,32
04/10/2023,TIW,WA,ANM,WE,Federal Contract Tower,0,1,14,0,15,0,0,1,0,1,0,1,15,0,16,0,0,0,16
04/11/2023,TIW,WA,ANM,WE,Federal Contract Tower,0,2,5,1,8,0,0,13,1,14,0,2,18,2,22,14,0,14,36
04/12/2023,TIW,WA,ANM,WE,Federal Contract Tower,0,5,46,0,51,0,9,156,0,165,0,14,202,0,216,382,0,382,598
04/13/2023,TIW,WA,ANM,WE,Federal Contract Tower,0,7,22,2,31,0,4,97,5,106,0,11,119,7,137,322,0,322,459
04/14/2023,TIW,WA,ANM,WE,Federal Contract Tower,0,2,41,0,43,0,7,136,0,143,0,9,177,0,186,140,0,140,326
04/15/2023,TIW,WA,ANM,WE,Federal Contract Tower,0,3,28,0,31,0,2,89,5,96,0,5,117,5,127,276,0,276,403
04/16/2023,TIW,WA,ANM,WE,Federal Contract Tower,0,1,5,0,6,0,0,1,0,1,0,1,6,0,7,28,0,28,35
04/17/2023,TIW,WA,ANM,WE,Federal Contract Tower,0,1,17,0,18,0,2,55,0,57,0,3,72,0,75,172,0,172,247
04/18/2023,TIW,WA,ANM,WE,Federal Contract Tower,0,0,7,2,9,0,0,7,0,7,0,0,14,2,16,14,0,14,30
04/19/2023,TIW,WA,ANM,WE,Federal Contract Tower,0,0,23,0,23,0,1,36,0,37,0,1,59,0,60,110,0,110,170
04/20/2023,TIW,WA,ANM,WE,Federal Contract Tower,0,4,35,0,39,0,0,31,0,31,0,4,66,0,70,206,0,206,276
04/21/2023,TIW,WA,ANM,WE,Federal Contract Tower,0,6,46,0,52,0,5,97,0,102,0,11,143,0,154,365,0,365,519
04/22/2023,TIW,WA,ANM,WE,Federal Contract Tower,0,7,38,0,45,0,0,96,0,96,0,7,134,0,141,247,0,247,388
04/23/2023,TIW,WA,ANM,WE,Federal Contract Tower,0,5,22,0,27,0,4,21,0,25,0,9,43,0,52,20,0,20,72
04/24/2023,TIW,WA,ANM,WE,Federal Contract Tower,0,2,46,1,49,0,0,96,0,96,0,2,142,1,145,142,0,142,287
04/25/2023,TIW,WA,ANM,WE,Federal Contract Tower,0,3,46,0,49,0,3,129,0,132,0,6,175,0,181,244,0,244,425
04/26/2023,TIW,WA,ANM,WE,Federal Contract Tower,0,10,50,0,60,0,19,161,5,185,0,29,211,5,245,256,0,256,501
04/27/2023,TIW,WA,ANM,WE,Federal Contract Tower,0,14,39,0,53,0,14,107,1,122,0,28,146,1,175,171,9,180,355
04/28/2023,TIW,WA,ANM,WE,Federal Contract Tower,0,6,20,0,26,0,13,191,0,204,0,19,211,0,230,271,0,271,501
04/29/2023,TIW,WA,ANM,WE,Federal Contract Tower,0,8,14,0,22,0,8,161,0,169,0,16,175,0,191,208,0,208,399
04/30/2023,TIW,WA,ANM,WE,Federal Contract Tower,0,5,29,0,34,0,2,103,3,108,0,7,132,3,142,156,0,156,298
05/01/2023,TIW,WA,ANM,WE,Federal Contract Tower,0,0,45,0,45,0,0,96,0,96,0,0,141,0,141,234,0,234,375
05/02/2023,TIW,WA,ANM,WE,Federal Contract Tower,0,16,37,0,53,0,4,107,0,111,0,20,144,0,164,193,0,193,357
05/03/2023,TIW,WA,ANM,WE,Federal Contract Tower,0,12,41,0,53,0,16,131,2,149,0,28,172,2,202,254,0,254,456
05/04/2023,TIW,WA,ANM,WE,Federal Contract Tower,0,7,21,0,28,0,0,2,0,2,0,7,23,0,30,42,0,42,72
05/05/2023,TIW,WA,ANM,WE,Federal Contract Tower,0,6,30,0,36,0,1,1,0,2,0,7,31,0,38,12,0,12,50
05/06/2023,TIW,WA,ANM,WE,Federal Contract Tower,0,3,22,0,25,0,2,37,0,39,0,5,59,0,64,122,0,122,186
05/07/2023,TIW,WA,ANM,WE,Federal Contract Tower,0,5,25,0,30,0,6,94,2,102,0,11,119,2,132,158,0,158,290
05/08/2023,TIW,WA,ANM,WE,Federal Contract Tower,0,8,28,0,36,0,2,108,0,110,0,10,136,0,146,213,0,213,359
05/09/2023,TIW,WA,ANM,WE,Federal Contract Tower,0,12,31,0,43,0,4,132,2,138,0,16,163,2,181,260,0,260,441
05/10/2023,TIW,WA,ANM,WE,Federal Contract Tower,0,3,22,0,25,0,7,163,7,177,0,10,185,7,202,214,0,214,416
05/11/2023,TIW,WA,ANM,WE,Federal Contract Tower,0,14,39,0,53,0,13,140,0,153,0,27,179,0,206,296,0,296,502
05/12/2023,TIW,WA,ANM,WE,Federal Contract Tower,0,5,16,0,21,0,7,169,0,176,0,12,185,0,197,209,0,209,406
05/13/2023,TIW,WA,ANM,WE,Federal Contract Tower,0,1,24,0,25,0,3,153,3,159,0,4,177,3,184,144,0,144,328
05/14/2023,TIW,WA,ANM,WE,Federal Contract Tower,0,6,8,0,14,0,5,65,2,72,0,11,73,2,86,102,0,102,188
05/15/2023,TIW,WA,ANM,WE,Federal Contract Tower,0,7,31,0,38,0,5,96,0,101,0,12,127,0,139,192,0,192,331
05/16/2023,TIW,WA,ANM,WE,Federal Contract Tower,0,4,35,0,39,0,8,101,0,109,0,12,136,0,148,188,0,188,336
05/17/2023,TIW,WA,ANM,WE,Federal Contract Tower,0,5,28,0,33,0,6,116,2,124,0,11,144,2,157,354,0,354,511
05/18/2023,TIW,WA,ANM,WE,Federal Contract Tower,0,9,26,0,35,0,10,94,0,104,0,19,120,0,139,144,0,144,283
05/19/2023,TIW,WA,ANM,WE,Federal Contract Tower,0,2,31,1,34,0,0,108,1,109,0,2,139,2,143,189,0,189,332
05/20/2023,TIW,WA,ANM,WE,Federal Contract Tower,0,0,35,0,35,0,5,102,0,107,0,5,137,0,142,213,0,213,355
05/21/2023,TIW,WA,ANM,WE,Federal Contract Tower,0,0,24,0,24,0,2,22,2,26,0,2,46,2,50,128,0,128,178
05/22/2023,TIW,WA,ANM,WE,Federal Contract Tower,0,14,25,0,39,0,5,77,2,84,0,19,102,2,123,120,0,120,243
05/23/2023,TIW,WA,ANM,WE,Federal Contract Tower,0,24,33,0,57,0,13,141,1,155,0,37,174,1,212,338,0,338,550
05/24/2023,TIW,WA,ANM,WE,Federal Contract Tower,0,2,32,0,34,0,11,121,4,136,0,13,153,4,170,115,0,115,285
05/25/2023,TIW,WA,ANM,WE,Federal Contract Tower,0,15,48,0,63,0,6,139,0,145,0,21,187,0,208,182,0,182,390
05/26/2023,TIW,WA,ANM,WE,Federal Contract Tower,0,7,20,0,27,0,7,138,0,145,0,14,158,0,172,205,0,205,377
05/27/2023,TIW,WA,ANM,WE,Federal Contract Tower,0,1,43,0,44,0,3,63,2,68,0,4,106,2,112,104,0,104,216
05/28/2023,TIW,WA,ANM,WE,Federal Contract Tower,0,1,42,0,43,0,1,58,0,59,0,2,100,0,102,150,0,150,252
05/29/2023,TIW,WA,ANM,WE,Federal Contract Tower,0,4,20,0,24,0,2,63,0,65,0,6,83,0,89,102,0,102,191
05/30/2023,TIW,WA,ANM,WE,Federal Contract Tower,0,3,30,0,33,0,5,43,0,48,0,8,73,0,81,216,0,216,297
05/31/2023,TIW,WA,ANM,WE,Federal Contract Tower,0,9,38,0,47,0,6,103,2,111,0,15,141,2,158,303,0,303,461
06/01/2023,TIW,WA,ANM,WE,Federal Contract Tower,0,6,31,0,37,0,11,139,3,153,0,17,170,3,190,276,0,276,466
06/02/2023,TIW,WA,ANM,WE,Federal Contract Tower,0,6,45,0,51,0,10,152,0,162,0,16,197,0,213,291,0,291,504
06/03/2023,TIW,WA,ANM,WE,Federal Contract Tower,0,4,33,0,37,0,3,153,0,156,0,7,186,0,193,189,0,189,382
06/04/2023,TIW,WA,ANM,WE,Federal Contract Tower,0,6,10,0,16,0,2,95,0,97,0,8,105,0,113,50,0,50,163
06/05/2023,TIW,WA,ANM,WE,Federal Contract Tower,0,8,12,0,20,0,11,65,0,76,0,19,77,0,96,76,0,76,172
06/06/2023,TIW,WA,ANM,WE,Federal Contract Tower,0,9,34,0,43,0,3,124,0,127,0,12,158,0,170,183,0,183,353
06/07/2023,TIW,WA,ANM,WE,Federal Contract Tower,0,9,27,0,36,0,12,132,0,144,0,21,159,0,180,310,0,310,490
06/08/2023,TIW,WA,ANM,WE,Federal Contract Tower,0,7,35,0,42,0,6,96,2,104,0,13,131,2,146,206,2,208,354
06/09/2023,TIW,WA,ANM,WE,Federal Contract Tower,0,2,56,0,58,0,0,4,0,4,0,2,60,0,62,0,0,0,62
06/10/2023,TIW,WA,ANM,WE,Federal Contract Tower,0,0,47,0,47,0,0,12,3,15,0,0,59,3,62,56,0,56,118
06/11/2023,TIW,WA,ANM,WE,Federal Contract Tower,0,7,29,0,36,0,3,75,1,79,0,10,104,1,115,44,0,44,159
06/12/2023,TIW,WA,ANM,WE,Federal Contract Tower,0,7,19,0,26,0,13,129,0,142,0,20,148,0,168,180,0,180,348
06/13/2023,TIW,WA,ANM,WE,Federal Contract Tower,0,8,24,0,32,0,1,22,0,23,0,9,46,0,55,32,0,32,87
06/14/2023,TIW,WA,ANM,WE,Federal Contract Tower,0,10,61,0,71,0,2,71,4,77,0,12,132,4,148,277,0,277,425
06/15/2023,TIW,WA,ANM,WE,Federal Contract Tower,0,12,62,1,75,0,5,143,4,152,0,17,205,5,227,256,0,256,483
06/16/2023,TIW,WA,ANM,WE,Federal Contract Tower,0,6,48,0,54,0,7,93,0,100,0,13,141,0,154,236,0,236,390
06/17/2023,TIW,WA,ANM,WE,Federal Contract Tower,0,4,24,0,28,0,2,35,0,37,0,6,59,0,65,149,0,149,214
06/18/2023,TIW,WA,ANM,WE,Federal Contract Tower,0,4,13,0,17,0,0,32,0,32,0,4,45,0,49,70,0,70,119
06/19/2023,TIW,WA,ANM,WE,Federal Contract Tower,0,5,39,0,44,0,3,75,0,78,0,8,114,0,122,118,0,118,240
06/20/2023,TIW,WA,ANM,WE,Federal Contract Tower,0,7,42,0,49,0,3,48,2,53,0,10,90,2,102,290,0,290,392
06/21/2023,TIW,WA,ANM,WE,Federal Contract Tower,0,4,30,0,34,0,9,124,2,135,0,13,154,2,169,230,4,234,403
06/22/2023,TIW,WA,ANM,WE,Federal Contract Tower,0,7,28,0,35,0,9,151,2,162,0,16,179,2,197,275,0,275,472
06/23/2023,TIW,WA,ANM,WE,Federal Contract Tower,0,4,23,0,27,0,6,126,0,132,0,10,149,0,159,243,0,243,402
06/24/2023,TIW,WA,ANM,WE,Federal Contract Tower,0,3,36,0,39,0,2,115,0,117,0,5,151,0,156,294,0,294,450
06/25/2023,TIW,WA,ANM,WE,Federal Contract Tower,0,0,16,0,16,0,2,100,0,102,0,2,116,0,118,146,0,146,264
06/26/2023,TIW,WA,ANM,WE,Federal Contract Tower,0,11,44,0,55,0,5,85,0,90,0,16,129,0,145,135,0,135,280
06/27/2023,TIW,WA,ANM,WE,Federal Contract Tower,0,11,49,0,60,0,8,90,0,98,0,19,139,0,158,286,0,286,444
06/28/2023,TIW,WA,ANM,WE,Federal Contract Tower,0,12,45,0,57,0,1,83,2,86,0,13,128,2,143,212,0,212,355
06/29/2023,TIW,WA,ANM,WE,Federal Contract Tower,0,19,28,0,47,0,5,121,1,127,0,24,149,1,174,203,0,203,377
06/30/2023,TIW,WA,ANM,WE,Federal Contract Tower,0,1,38,0,39,0,3,81,0,84,0,4,119,0,123,174,0,174,297
07/01/2023,TIW,WA,ANM,WE,Federal Contract Tower,0,1,22,0,23,0,0,144,0,144,0,1,166,0,167,240,0,240,407
07/02/2023,TIW,WA,ANM,WE,Federal Contract Tower,0,3,16,0,19,0,2,101,2,105,0,5,117,2,124,172,0,172,296
07/03/2023,TIW,WA,ANM,WE,Federal Contract Tower,0,3,12,0,15,0,11,143,0,154,0,14,155,0,169,136,0,136,305
07/04/2023,TIW,WA,ANM,WE,Federal Contract Tower,0,0,11,0,11,0,1,104,0,105,0,1,115,0,116,250,0,250,366
07/05/2023,TIW,WA,ANM,WE,Federal Contract Tower,0,0,30,0,30,0,3,112,2,117,0,3,142,2,147,220,0,220,367
07/06/2023,TIW,WA,ANM,WE,Federal Contract Tower,0,5,29,0,34,0,6,132,0,138,0,11,161,0,172,201,0,201,373
07/07/2023,TIW,WA,ANM,WE,Federal Contract Tower,0,6,27,0,33,0,2,88,0,90,0,8,115,0,123,240,0,240,363
07/08/2023,TIW,WA,ANM,WE,Federal Contract Tower,0,4,37,0,41,0,3,106,2,111,0,7,143,2,152,332,0,332,484
07/09/2023,TIW,WA,ANM,WE,Federal Contract Tower,0,1,16,0,17,0,0,132,3,135,0,1,148,3,152,174,0,174,326
07/10/2023,TIW,WA,ANM,WE,Federal Contract Tower,0,4,44,0,48,0,0,80,0,80,0,4,124,0,128,262,0,262,390
07/11/2023,TIW,WA,ANM,WE,Federal Contract Tower,0,9,44,0,53,0,11,138,0,149,0,20,182,0,202,438,0,438,640
07/12/2023,TIW,WA,ANM,WE,Federal Contract Tower,0,6,43,0,49,0,1,86,1,88,0,7,129,1,137,258,0,258,395
07/13/2023,TIW,WA,ANM,WE,Federal Contract Tower,0,9,45,0,54,0,2,163,0,165,0,11,208,0,219,201,0,201,420
07/14/2023,TIW,WA,ANM,WE,Federal Contract Tower,0,10,24,0,34,0,12,137,0,149,0,22,161,0,183,306,0,306,489
07/15/2023,TIW,WA,ANM,WE,Federal Contract Tower,0,5,18,0,23,0,1,148,0,149,0,6,166,0,172,200,0,200,372
07/16/2023,TIW,WA,ANM,WE,Federal Contract Tower,0,5,9,0,14,0,1,88,1,90,0,6,97,1,104,158,0,158,262
07/17/2023,TIW,WA,ANM,WE,Federal Contract Tower,0,6,38,0,44,0,3,36,0,39,0,9,74,0,83,8,0,8,91
07/18/2023,TIW,WA,ANM,WE,Federal Contract Tower,0,6,33,0,39,0,16,138,0,154,0,22,171,0,193,154,0,154,347
07/19/2023,TIW,WA,ANM,WE,Federal Contract Tower,0,8,35,0,43,0,7,117,0,124,0,15,152,0,167,252,0,252,419
07/20/2023,TIW,WA,ANM,WE,Federal Contract Tower,0,7,63,0,70,0,4,121,0,125,0,11,184,0,195,312,0,312,507
07/21/2023,TIW,WA,ANM,WE,Federal Contract Tower,0,7,29,0,36,0,0,89,0,89,0,7,118,0,125,92,0,92,217
07/22/2023,TIW,WA,ANM,WE,Federal Contract Tower,0,6,34,4,44,0,1,114,0,115,0,7,148,4,159,160,0,160,319
07/23/2023,TIW,WA,ANM,WE,Federal Contract Tower,0,4,37,0,41,0,7,108,0,115,0,11,145,0,156,218,0,218,374
07/24/2023,TIW,WA,ANM,WE,Federal Contract Tower,0,9,37,0,46,0,4,45,0,49,0,13,82,0,95,212,0,212,307
07/25/2023,TIW,WA,ANM,WE,Federal Contract Tower,0,7,26,0,33,0,5,97,0,102,0,12,123,0,135,288,0,288,423
07/26/2023,TIW,WA,ANM,WE,Federal Contract Tower,0,2,24,0,26,0,5,131,2,138,0,7,155,2,164,177,0,177,341
07/27/2023,TIW,WA,ANM,WE,Federal Contract Tower,0,3,40,0,43,0,10,107,2,119,0,13,147,2,162,271,0,271,433
07/28/2023,TIW,WA,ANM,WE,Federal Contract Tower,0,4,30,0,34,0,7,62,0,69,0,11,92,0,103,144,0,144,247
07/29/2023,TIW,WA,ANM,WE,Federal Contract Tower,0,2,29,2,33,0,2,122,0,124,0,4,151,2,157,212,0,212,369
07/30/2023,TIW,WA,ANM,WE,Federal Contract Tower,0,5,12,0,17,0,2,97,0,99,0,7,109,0,116,192,0,192,308
07/31/2023,TIW,WA,ANM,WE,Federal Contract Tower,0,7,42,0,49,0,5,119,2,126,0,12,161,2,175,230,0,230,405
08/01/2023,TIW,WA,ANM,WE,Federal Contract Tower,0,7,35,0,42,0,7,119,0,126,0,14,154,0,168,343,0,343,511
08/02/2023,TIW,WA,ANM,WE,Federal Contract Tower,0,3,27,0,30,0,1,123,1,125,0,4,150,1,155,256,0,256,411
08/03/2023,TIW,WA,ANM,WE,Federal Contract Tower,0,7,44,0,51,0,1,93,4,98,0,8,137,4,149,178,0,178,327
08/04/2023,TIW,WA,ANM,WE,Federal Contract Tower,0,13,20,0,33,0,7,122,0,129,0,20,142,0,162,198,0,198,360
08/05/2023,TIW,WA,ANM,WE,Federal Contract Tower,0,5,15,0,20,0,5,112,0,117,0,10,127,0,137,144,0,144,281
08/06/2023,TIW,WA,ANM,WE,Federal Contract Tower,0,9,30,0,39,0,0,35,0,35,0,9,65,0,74,104,0,104,178
08/07/2023,TIW,WA,ANM,WE,Federal Contract Tower,0,8,35,0,43,0,4,71,1,76,0,12,106,1,119,100,0,100,219
08/08/2023,TIW,WA,ANM,WE,Federal Contract Tower,0,6,30,0,36,0,1,64,4,69,0,7,94,4,105,222,0,222,327
08/09/2023,TIW,WA,ANM,WE,Federal Contract Tower,0,9,23,0,32,0,2,34,1,37,0,11,57,1,69,74,0,74,143
08/10/2023,TIW,WA,ANM,WE,Federal Contract Tower,0,12,36,2,50,0,4,118,0,122,0,16,154,2,172,385,0,385,557
08/11/2023,TIW,WA,ANM,WE,Federal Contract Tower,0,6,28,0,34,0,5,136,0,141,0,11,164,0,175,208,0,208,383
08/12/2023,TIW,WA,ANM,WE,Federal Contract Tower,0,4,17,0,21,0,5,131,2,138,0,9,148,2,159,174,0,174,333
08/13/2023,TIW,WA,ANM,WE,Federal Contract Tower,0,6,10,0,16,0,7,77,0,84,0,13,87,0,100,74,0,74,174
08/14/2023,TIW,WA,ANM,WE,Federal Contract Tower,0,5,14,0,19,0,14,127,0,141,0,19,141,0,160,133,0,133,293
08/15/2023,TIW,WA,ANM,WE,Federal Contract Tower,0,7,30,0,37,0,10,114,0,124,0,17,144,0,161,202,0,202,363
08/16/2023,TIW,WA,ANM,WE,Federal Contract Tower,0,11,15,0,26,0,6,103,1,110,0,17,118,1,136,284,0,284,420
08/17/2023,TIW,WA,ANM,WE,Federal Contract Tower,0,11,22,0,33,0,1,110,0,111,0,12,132,0,144,265,0,265,409
08/18/2023,TIW,WA,ANM,WE,Federal Contract Tower,0,4,44,0,48,0,0,107,2,109,0,4,151,2,157,202,0,202,359
08/19/2023,TIW,WA,ANM,WE,Federal Contract Tower,0,7,14,0,21,0,4,101,0,105,0,11,115,0,126,104,0,104,230
08/20/2023,TIW,WA,ANM,WE,Federal Contract Tower,0,15,21,0,36,0,8,65,2,75,0,23,86,2,111,178,6,184,295
08/21/2023,TIW,WA,ANM,WE,Federal Contract Tower,0,17,44,0,61,0,5,43,2,50,0,22,87,2,111,280,0,280,391
08/22/2023,TIW,WA,ANM,WE,Federal Contract Tower,0,8,24,0,32,0,14,112,0,126,0,22,136,0,158,240,0,240,398
08/23/2023,TIW,WA,ANM,WE,Federal Contract Tower,0,9,28,0,37,0,5,84,0,89,0,14,112,0,126,227,0,227,353
08/24/2023,TIW,WA,ANM,WE,Federal Contract Tower,0,11,20,0,31,0,4,91,0,95,0,15,111,0,126,132,0,132,258
08/25/2023,TIW,WA,ANM,WE,Federal Contract Tower,0,6,26,0,32,0,12,96,0,108,0,18,122,0,140,176,0,176,316
08/26/2023,TIW,WA,ANM,WE,Federal Contract Tower,0,3,12,0,15,0,9,107,0,116,0,12,119,0,131,84,0,84,215
08/27/2023,TIW,WA,ANM,WE,Federal Contract Tower,0,3,40,0,43,0,0,67,0,67,0,3,107,0,110,176,0,176,286
08/28/2023,TIW,WA,ANM,WE,Federal Contract Tower,0,2,39,0,41,0,0,10,0,10,0,2,49,0,51,25,2,27,78
08/29/2023,TIW,WA,ANM,WE,Federal Contract Tower,0,1,26,0,27,0,1,29,0,30,0,2,55,0,57,76,0,76,133
08/30/2023,TIW,WA,ANM,WE,Federal Contract Tower,0,7,33,0,40,0,3,50,0,53,0,10,83,0,93,170,0,170,263
08/31/2023,TIW,WA,ANM,WE,Federal Contract Tower,0,12,46,0,58,0,2,34,0,36,0,14,80,0,94,72,0,72,166
