01/01/2000,TIX,FL,ASO,ES,Federal Contract Tower,0,0,18,0,18,0,0,72,0,72,0,0,90,0,90,54,0,54,144
01/02/2000,TIX,FL,ASO,ES,Federal Contract Tower,0,0,37,0,37,0,0,113,0,113,0,0,150,0,150,146,0,146,296
01/03/2000,TIX,FL,ASO,ES,Federal Contract Tower,0,2,58,0,60,0,0,71,0,71,0,2,129,0,131,143,0,143,274
01/04/2000,TIX,FL,ASO,ES,Federal Contract Tower,0,4,85,0,89,0,0,63,0,63,0,4,148,0,152,106,0,106,258
01/05/2000,TIX,FL,ASO,ES,Federal Contract Tower,0,0,62,0,62,0,0,51,2,53,0,0,113,2,115,180,0,180,295
01/06/2000,TIX,FL,ASO,ES,Federal Contract Tower,0,0,60,0,60,0,0,31,2,33,0,0,91,2,93,89,0,89,182
01/07/2000,TIX,FL,ASO,ES,Federal Contract Tower,0,0,64,0,64,0,0,71,0,71,0,0,135,0,135,89,0,89,224
01/08/2000,TIX,FL,ASO,ES,Federal Contract Tower,0,0,25,0,25,0,0,95,0,95,0,0,120,0,120,129,0,129,249
01/09/2000,TIX,FL,ASO,ES,Federal Contract Tower,0,0,42,0,42,0,0,119,0,119,0,0,161,0,161,174,0,174,335
01/10/2000,TIX,FL,ASO,ES,Federal Contract Tower,0,3,61,0,64,0,1,43,0,44,0,4,104,0,108,146,0,146,254
01/11/2000,TIX,FL,ASO,ES,Federal Contract Tower,0,5,99,0,104,0,10,81,0,91,0,15,180,0,195,291,0,291,486
01/12/2000,TIX,FL,ASO,ES,Federal Contract Tower,0,3,57,1,61,0,19,121,5,145,0,22,178,6,206,198,0,198,404
01/13/2000,TIX,FL,ASO,ES,Federal Contract Tower,0,7,124,1,132,0,9,29,10,48,0,16,153,11,180,202,0,202,382
01/14/2000,TIX,FL,ASO,ES,Federal Contract Tower,0,1,33,0,34,0,3,37,0,40,0,4,70,0,74,30,0,30,104
01/15/2000,TIX,FL,ASO,ES,Federal Contract Tower,0,1,30,1,32,0,1,122,3,126,0,2,152,4,158,152,0,152,310
01/16/2000,TIX,FL,ASO,ES,Federal Contract Tower,0,0,42,0,42,0,0,141,0,141,0,0,183,0,183,236,0,236,419
01/17/2000,TIX,FL,ASO,ES,Federal Contract Tower,0,3,60,0,63,0,31,111,0,142,0,34,171,0,205,247,0,247,452
01/18/2000,TIX,FL,ASO,ES,Federal Contract Tower,0,4,70,0,74,0,2,68,2,72,0,6,138,2,146,120,0,120,266
01/19/2000,TIX,FL,ASO,ES,Federal Contract Tower,0,3,64,0,67,0,1,68,0,69,0,4,132,0,136,94,0,94,230
01/20/2000,TIX,FL,ASO,ES,Federal Contract Tower,0,0,45,0,45,0,0,53,0,53,0,0,98,0,98,72,0,72,170
01/21/2000,TIX,FL,ASO,ES,Federal Contract Tower,0,5,88,0,93,0,11,72,0,83,0,16,160,0,176,183,0,183,359
01/22/2000,TIX,FL,ASO,ES,Federal Contract Tower,0,2,44,0,46,0,4,189,2,195,0,6,233,2,241,331,0,331,572
01/23/2000,TIX,FL,ASO,ES,Federal Contract Tower,0,0,42,0,42,0,0,120,0,120,0,0,162,0,162,146,0,146,308
01/24/2000,TIX,FL,ASO,ES,Federal Contract Tower,0,4,70,0,74,0,0,7,0,7,0,4,77,0,81,35,0,35,116
01/25/2000,TIX,FL,ASO,ES,Federal Contract Tower,0,4,81,0,85,0,7,78,2,87,0,11,159,2,172,227,0,227,399
01/26/2000,TIX,FL,ASO,ES,Federal Contract Tower,0,5,87,0,92,0,3,34,2,39,0,8,121,2,131,218,0,218,349
01/27/2000,TIX,FL,ASO,ES,Federal Contract Tower,0,0,67,0,67,0,0,129,2,131,0,0,196,2,198,278,0,278,476
01/28/2000,TIX,FL,ASO,ES,Federal Contract Tower,0,7,131,0,138,0,5,21,2,28,0,12,152,2,166,171,0,171,337
01/29/2000,TIX,FL,ASO,ES,Federal Contract Tower,0,3,60,0,63,0,44,102,0,146,0,47,162,0,209,170,0,170,379
01/30/2000,TIX,FL,ASO,ES,Federal Contract Tower,0,4,80,0,84,0,16,79,0,95,0,20,159,0,179,144,0,144,323
01/31/2000,TIX,FL,ASO,ES,Federal Contract Tower,0,3,51,0,54,0,1,0,0,1,0,4,51,0,55,4,0,4,59
02/01/2000,TIX,FL,ASO,ES,Federal Contract Tower,0,2,48,0,50,0,8,128,1,137,0,10,176,1,187,362,0,362,549
02/02/2000,TIX,FL,ASO,ES,Federal Contract Tower,0,0,37,0,37,0,0,112,0,112,0,0,149,0,149,274,0,274,423
02/03/2000,TIX,FL,ASO,ES,Federal Contract Tower,0,0,77,0,77,0,0,70,0,70,0,0,147,0,147,199,0,199,346
02/04/2000,TIX,FL,ASO,ES,Federal Contract Tower,0,3,75,0,78,0,11,126,0,137,0,14,201,0,215,252,0,252,467
02/05/2000,TIX,FL,ASO,ES,Federal Contract Tower,0,0,69,0,69,0,0,107,4,111,0,0,176,4,180,227,0,227,407
02/06/2000,TIX,FL,ASO,ES,Federal Contract Tower,0,2,54,0,56,0,0,146,0,146,0,2,200,0,202,313,0,313,515
02/07/2000,TIX,FL,ASO,ES,Federal Contract Tower,0,2,51,0,53,0,0,123,4,127,0,2,174,4,180,282,0,282,462
02/08/2000,TIX,FL,ASO,ES,Federal Contract Tower,0,3,69,0,72,0,10,61,0,71,0,13,130,0,143,251,0,251,394
02/09/2000,TIX,FL,ASO,ES,Federal Contract Tower,0,3,95,0,98,0,12,85,0,97,0,15,180,0,195,148,0,148,343
02/10/2000,TIX,FL,ASO,ES,Federal Contract Tower,0,6,174,0,180,0,22,22,0,44,0,28,196,0,224,273,0,273,497
02/11/2000,TIX,FL,ASO,ES,Federal Contract Tower,0,3,102,0,105,0,1,98,0,99,0,4,200,0,204,203,0,203,407
02/12/2000,TIX,FL,ASO,ES,Federal Contract Tower,0,3,115,0,118,0,1,140,0,141,0,4,255,0,259,284,0,284,543
02/13/2000,TIX,FL,ASO,ES,Federal Contract Tower,0,2,95,1,98,0,1,97,1,99,0,3,192,2,197,313,0,313,510
02/14/2000,TIX,FL,ASO,ES,Federal Contract Tower,0,1,75,0,76,0,0,59,0,59,0,1,134,0,135,164,0,164,299
02/15/2000,TIX,FL,ASO,ES,Federal Contract Tower,0,1,48,0,49,0,1,105,0,106,0,2,153,0,155,251,0,251,406
02/16/2000,TIX,FL,ASO,ES,Federal Contract Tower,0,1,61,0,62,0,4,98,0,102,0,5,159,0,164,173,0,173,337
02/17/2000,TIX,FL,ASO,ES,Federal Contract Tower,0,1,66,0,67,0,1,128,0,129,0,2,194,0,196,168,0,168,364
02/18/2000,TIX,FL,ASO,ES,Federal Contract Tower,0,1,65,0,66,0,9,61,0,70,0,10,126,0,136,164,0,164,300
02/19/2000,TIX,FL,ASO,ES,Federal Contract Tower,0,2,84,0,86,0,0,148,0,148,0,2,232,0,234,269,0,269,503
02/20/2000,TIX,FL,ASO,ES,Federal Contract Tower,0,0,45,0,45,0,0,69,2,71,0,0,114,2,116,100,0,100,216
02/21/2000,TIX,FL,ASO,ES,Federal Contract Tower,0,1,37,0,38,0,5,136,0,141,0,6,173,0,179,147,0,147,326
02/22/2000,TIX,FL,ASO,ES,Federal Contract Tower,0,0,59,0,59,0,0,85,0,85,0,0,144,0,144,178,0,178,322
02/23/2000,TIX,FL,ASO,ES,Federal Contract Tower,0,0,84,0,84,0,0,126,0,126,0,0,210,0,210,205,0,205,415
02/24/2000,TIX,FL,ASO,ES,Federal Contract Tower,0,1,47,0,48,0,0,113,3,116,0,1,160,3,164,206,0,206,370
02/25/2000,TIX,FL,ASO,ES,Federal Contract Tower,0,1,49,0,50,0,9,167,0,176,0,10,216,0,226,280,0,280,506
02/26/2000,TIX,FL,ASO,ES,Federal Contract Tower,0,1,63,0,64,0,1,167,0,168,0,2,230,0,232,304,0,304,536
02/27/2000,TIX,FL,ASO,ES,Federal Contract Tower,0,1,44,0,45,0,8,175,0,183,0,9,219,0,228,263,0,263,491
02/28/2000,TIX,FL,ASO,ES,Federal Contract Tower,0,1,43,0,44,0,65,99,0,164,0,66,142,0,208,149,0,149,357
02/29/2000,TIX,FL,ASO,ES,Federal Contract Tower,0,1,58,0,59,0,28,127,0,155,0,29,185,0,214,295,0,295,509
03/01/2000,TIX,FL,ASO,ES,Federal Contract Tower,0,3,70,0,73,0,10,216,2,228,0,13,286,2,301,319,0,319,620
03/02/2000,TIX,FL,ASO,ES,Federal Contract Tower,0,5,115,0,120,0,14,105,0,119,0,19,220,0,239,185,0,185,424
03/03/2000,TIX,FL,ASO,ES,Federal Contract Tower,0,5,166,0,171,0,26,54,0,80,0,31,220,0,251,255,0,255,506
03/04/2000,TIX,FL,ASO,ES,Federal Contract Tower,0,2,67,0,69,0,11,190,0,201,0,13,257,0,270,157,0,157,427
03/05/2000,TIX,FL,ASO,ES,Federal Contract Tower,0,1,52,0,53,0,3,156,0,159,0,4,208,0,212,273,0,273,485
03/06/2000,TIX,FL,ASO,ES,Federal Contract Tower,0,3,81,0,84,0,5,171,0,176,0,8,252,0,260,170,0,170,430
03/07/2000,TIX,FL,ASO,ES,Federal Contract Tower,0,2,60,0,62,0,0,132,0,132,0,2,192,0,194,232,0,232,426
03/08/2000,TIX,FL,ASO,ES,Federal Contract Tower,0,3,79,0,82,0,8,184,0,192,0,11,263,0,274,256,0,256,530
03/09/2000,TIX,FL,ASO,ES,Federal Contract Tower,0,0,43,1,44,0,0,189,3,192,0,0,232,4,236,193,14,207,443
03/10/2000,TIX,FL,ASO,ES,Federal Contract Tower,0,1,35,1,37,0,41,202,7,250,0,42,237,8,287,96,8,104,391
03/11/2000,TIX,FL,ASO,ES,Federal Contract Tower,0,0,18,0,18,0,67,147,0,214,0,67,165,0,232,64,0,64,296
03/12/2000,TIX,FL,ASO,ES,Federal Contract Tower,0,0,13,1,14,0,53,145,10,208,0,53,158,11,222,68,0,68,290
03/13/2000,TIX,FL,ASO,ES,Federal Contract Tower,0,1,41,1,43,0,1,155,1,157,0,2,196,2,200,241,0,241,441
03/14/2000,TIX,FL,ASO,ES,Federal Contract Tower,0,2,77,1,80,0,10,104,3,117,0,12,181,4,197,250,0,250,447
03/15/2000,TIX,FL,ASO,ES,Federal Contract Tower,0,3,106,1,110,0,1,122,3,126,0,4,228,4,236,220,2,222,458
03/16/2000,TIX,FL,ASO,ES,Federal Contract Tower,0,1,45,0,46,0,15,81,0,96,0,16,126,0,142,100,0,100,242
03/17/2000,TIX,FL,ASO,ES,Federal Contract Tower,0,1,42,0,43,0,3,116,0,119,0,4,158,0,162,194,0,194,356
03/18/2000,TIX,FL,ASO,ES,Federal Contract Tower,0,1,52,0,53,0,5,103,0,108,0,6,155,0,161,123,0,123,284
03/19/2000,TIX,FL,ASO,ES,Federal Contract Tower,0,2,54,0,56,0,0,52,0,52,0,2,106,0,108,60,0,60,168
03/20/2000,TIX,FL,ASO,ES,Federal Contract Tower,0,2,59,0,61,0,0,84,0,84,0,2,143,0,145,254,0,254,399
03/21/2000,TIX,FL,ASO,ES,Federal Contract Tower,0,3,98,0,101,0,31,125,0,156,0,34,223,0,257,295,0,295,552
03/22/2000,TIX,FL,ASO,ES,Federal Contract Tower,0,3,89,0,92,0,5,134,0,139,0,8,223,0,231,255,0,255,486
03/23/2000,TIX,FL,ASO,ES,Federal Contract Tower,0,0,52,0,52,0,0,112,6,118,0,0,164,6,170,76,0,76,246
03/24/2000,TIX,FL,ASO,ES,Federal Contract Tower,0,2,55,0,57,0,0,88,0,88,0,2,143,0,145,184,0,184,329
03/25/2000,TIX,FL,ASO,ES,Federal Contract Tower,0,1,41,0,42,0,9,150,0,159,0,10,191,0,201,317,0,317,518
03/26/2000,TIX,FL,ASO,ES,Federal Contract Tower,0,2,58,0,60,0,0,120,0,120,0,2,178,0,180,209,0,209,389
03/27/2000,TIX,FL,ASO,ES,Federal Contract Tower,0,0,64,0,64,0,0,34,0,34,0,0,98,0,98,44,0,44,142
03/28/2000,TIX,FL,ASO,ES,Federal Contract Tower,0,3,97,0,100,0,7,109,4,120,0,10,206,4,220,310,0,310,530
03/29/2000,TIX,FL,ASO,ES,Federal Contract Tower,0,2,62,0,64,0,3,160,4,167,0,5,222,4,231,259,0,259,490
03/30/2000,TIX,FL,ASO,ES,Federal Contract Tower,0,0,49,0,49,0,0,98,0,98,0,0,147,0,147,106,0,106,253
03/31/2000,TIX,FL,ASO,ES,Federal Contract Tower,0,0,78,0,78,0,0,42,0,42,0,0,120,0,120,117,0,117,237
04/01/2000,TIX,FL,ASO,ES,Federal Contract Tower,0,0,70,0,70,0,0,133,0,133,0,0,203,0,203,161,0,161,364
04/02/2000,TIX,FL,ASO,ES,Federal Contract Tower,0,2,57,0,59,0,2,121,0,123,0,4,178,0,182,164,0,164,346
04/03/2000,TIX,FL,ASO,ES,Federal Contract Tower,0,0,43,0,43,0,0,100,0,100,0,0,143,0,143,142,0,142,285
04/04/2000,TIX,FL,ASO,ES,Federal Contract Tower,0,0,92,0,92,0,0,20,0,20,0,0,112,0,112,72,0,72,184
04/05/2000,TIX,FL,ASO,ES,Federal Contract Tower,0,0,85,0,85,0,0,126,0,126,0,0,211,0,211,232,0,232,443
04/06/2000,TIX,FL,ASO,ES,Federal Contract Tower,0,0,60,0,60,0,0,180,2,182,0,0,240,2,242,315,0,315,557
04/07/2000,TIX,FL,ASO,ES,Federal Contract Tower,0,2,50,0,52,0,2,142,1,145,0,4,192,1,197,279,0,279,476
04/08/2000,TIX,FL,ASO,ES,Federal Contract Tower,0,2,65,0,67,0,6,98,0,104,0,8,163,0,171,242,0,242,413
04/09/2000,TIX,FL,ASO,ES,Federal Contract Tower,0,2,46,0,48,0,0,88,0,88,0,2,134,0,136,188,0,188,324
04/10/2000,TIX,FL,ASO,ES,Federal Contract Tower,0,0,85,0,85,0,0,112,5,117,0,0,197,5,202,232,0,232,434
04/11/2000,TIX,FL,ASO,ES,Federal Contract Tower,0,0,34,0,34,0,0,128,0,128,0,0,162,0,162,189,0,189,351
04/12/2000,TIX,FL,ASO,ES,Federal Contract Tower,0,3,81,0,84,0,4,75,0,79,0,7,156,0,163,107,0,107,270
04/13/2000,TIX,FL,ASO,ES,Federal Contract Tower,0,2,51,0,53,0,9,111,0,120,0,11,162,0,173,157,0,157,330
04/14/2000,TIX,FL,ASO,ES,Federal Contract Tower,0,1,69,0,70,0,12,0,0,12,0,13,69,0,82,89,0,89,171
04/15/2000,TIX,FL,ASO,ES,Federal Contract Tower,0,0,74,0,74,0,0,60,0,60,0,0,134,0,134,274,0,274,408
04/16/2000,TIX,FL,ASO,ES,Federal Contract Tower,0,0,43,0,43,0,0,124,0,124,0,0,167,0,167,211,0,211,378
04/17/2000,TIX,FL,ASO,ES,Federal Contract Tower,0,3,123,0,126,0,7,99,0,106,0,10,222,0,232,290,0,290,522
04/18/2000,TIX,FL,ASO,ES,Federal Contract Tower,0,0,108,0,108,0,0,72,0,72,0,0,180,0,180,186,0,186,366
04/19/2000,TIX,FL,ASO,ES,Federal Contract Tower,0,1,60,0,61,0,13,160,2,175,0,14,220,2,236,254,0,254,490
04/20/2000,TIX,FL,ASO,ES,Federal Contract Tower,0,1,72,0,73,0,7,118,0,125,0,8,190,0,198,234,0,234,432
04/21/2000,TIX,FL,ASO,ES,Federal Contract Tower,0,1,73,0,74,0,11,81,0,92,0,12,154,0,166,206,0,206,372
04/22/2000,TIX,FL,ASO,ES,Federal Contract Tower,0,0,44,0,44,0,0,119,2,121,0,0,163,2,165,171,0,171,336
04/23/2000,TIX,FL,ASO,ES,Federal Contract Tower,0,2,80,0,82,0,4,142,0,146,0,6,222,0,228,164,0,164,392
04/24/2000,TIX,FL,ASO,ES,Federal Contract Tower,0,2,108,0,110,0,10,82,0,92,0,12,190,0,202,87,0,87,289
04/25/2000,TIX,FL,ASO,ES,Federal Contract Tower,0,0,115,0,115,0,0,19,0,19,0,0,134,0,134,101,0,101,235
04/26/2000,TIX,FL,ASO,ES,Federal Contract Tower,0,3,126,0,129,0,10,114,0,124,0,13,240,0,253,203,0,203,456
04/27/2000,TIX,FL,ASO,ES,Federal Contract Tower,0,2,99,0,101,0,14,113,4,131,0,16,212,4,232,207,0,207,439
04/28/2000,TIX,FL,ASO,ES,Federal Contract Tower,0,3,129,0,132,0,1,55,0,56,0,4,184,0,188,150,0,150,338
04/29/2000,TIX,FL,ASO,ES,Federal Contract Tower,0,3,148,0,151,0,11,66,0,77,0,14,214,0,228,154,0,154,382
04/30/2000,TIX,FL,ASO,ES,Federal Contract Tower,0,1,61,0,62,0,3,139,0,142,0,4,200,0,204,302,0,302,506
05/01/2000,TIX,FL,ASO,ES,Federal Contract Tower,0,0,111,0,111,0,0,77,0,77,0,0,188,0,188,286,0,286,474
05/02/2000,TIX,FL,ASO,ES,Federal Contract Tower,0,2,94,0,96,0,0,74,0,74,0,2,168,0,170,295,0,295,465
05/03/2000,TIX,FL,ASO,ES,Federal Contract Tower,0,1,59,0,60,0,0,113,2,115,0,1,172,2,175,229,0,229,404
05/04/2000,TIX,FL,ASO,ES,Federal Contract Tower,0,0,68,0,68,0,0,114,2,116,0,0,182,2,184,239,0,239,423
05/05/2000,TIX,FL,ASO,ES,Federal Contract Tower,0,3,85,0,88,0,1,82,0,83,0,4,167,0,171,232,0,232,403
05/06/2000,TIX,FL,ASO,ES,Federal Contract Tower,0,0,69,0,69,0,0,140,0,140,0,0,209,0,209,170,0,170,379
05/07/2000,TIX,FL,ASO,ES,Federal Contract Tower,0,0,62,1,63,0,0,110,2,112,0,0,172,3,175,191,0,191,366
05/08/2000,TIX,FL,ASO,ES,Federal Contract Tower,0,0,27,0,27,0,0,131,0,131,0,0,158,0,158,303,0,303,461
05/09/2000,TIX,FL,ASO,ES,Federal Contract Tower,0,0,69,0,69,0,0,58,0,58,0,0,127,0,127,155,0,155,282
05/10/2000,TIX,FL,ASO,ES,Federal Contract Tower,0,2,90,1,93,0,4,84,1,89,0,6,174,2,182,266,0,266,448
05/11/2000,TIX,FL,ASO,ES,Federal Contract Tower,0,3,113,1,117,0,4,93,1,98,0,7,206,2,215,238,0,238,453
05/12/2000,TIX,FL,ASO,ES,Federal Contract Tower,0,3,121,0,124,0,15,55,0,70,0,18,176,0,194,310,0,310,504
05/13/2000,TIX,FL,ASO,ES,Federal Contract Tower,0,0,71,0,71,0,0,117,0,117,0,0,188,0,188,180,0,180,368
05/14/2000,TIX,FL,ASO,ES,Federal Contract Tower,0,0,96,1,97,0,0,58,1,59,0,0,154,2,156,128,0,128,284
05/15/2000,TIX,FL,ASO,ES,Federal Contract Tower,0,0,50,0,50,0,0,72,0,72,0,0,122,0,122,123,0,123,245
05/16/2000,TIX,FL,ASO,ES,Federal Contract Tower,0,2,74,0,76,0,2,101,0,103,0,4,175,0,179,202,0,202,381
05/17/2000,TIX,FL,ASO,ES,Federal Contract Tower,0,1,68,0,69,0,0,90,0,90,0,1,158,0,159,212,0,212,371
05/18/2000,TIX,FL,ASO,ES,Federal Contract Tower,0,1,49,0,50,0,8,123,0,131,0,9,172,0,181,148,0,148,329
05/19/2000,TIX,FL,ASO,ES,Federal Contract Tower,0,0,23,0,23,0,0,129,0,129,0,0,152,0,152,240,0,240,392
05/20/2000,TIX,FL,ASO,ES,Federal Contract Tower,0,0,64,0,64,0,0,110,0,110,0,0,174,0,174,198,0,198,372
05/21/2000,TIX,FL,ASO,ES,Federal Contract Tower,0,0,65,0,65,0,0,86,1,87,0,0,151,1,152,273,0,273,425
05/22/2000,TIX,FL,ASO,ES,Federal Contract Tower,0,0,37,0,37,0,0,66,2,68,0,0,103,2,105,97,0,97,202
05/23/2000,TIX,FL,ASO,ES,Federal Contract Tower,0,1,65,0,66,0,10,92,3,105,0,11,157,3,171,242,0,242,413
05/24/2000,TIX,FL,ASO,ES,Federal Contract Tower,0,0,96,0,96,0,0,76,2,78,0,0,172,2,174,162,0,162,336
05/25/2000,TIX,FL,ASO,ES,Federal Contract Tower,0,1,109,0,110,0,0,35,0,35,0,1,144,0,145,151,0,151,296
05/26/2000,TIX,FL,ASO,ES,Federal Contract Tower,0,3,136,0,139,0,3,0,0,3,0,6,136,0,142,128,0,128,270
05/27/2000,TIX,FL,ASO,ES,Federal Contract Tower,0,2,80,0,82,0,2,108,6,116,0,4,188,6,198,203,0,203,401
05/28/2000,TIX,FL,ASO,ES,Federal Contract Tower,0,0,66,0,66,0,0,86,0,86,0,0,152,0,152,122,0,122,274
05/29/2000,TIX,FL,ASO,ES,Federal Contract Tower,0,1,55,0,56,0,2,91,0,93,0,3,146,0,149,110,0,110,259
05/30/2000,TIX,FL,ASO,ES,Federal Contract Tower,0,0,66,0,66,0,0,57,6,63,0,0,123,6,129,177,10,187,316
05/31/2000,TIX,FL,ASO,ES,Federal Contract Tower,0,2,76,0,78,0,4,87,8,99,0,6,163,8,177,109,4,113,290
06/01/2000,TIX,FL,ASO,ES,Federal Contract Tower,0,3,85,0,88,0,7,100,0,107,0,10,185,0,195,250,0,250,445
06/02/2000,TIX,FL,ASO,ES,Federal Contract Tower,0,0,39,0,39,0,0,106,2,108,0,0,145,2,147,237,0,237,384
06/03/2000,TIX,FL,ASO,ES,Federal Contract Tower,0,0,57,0,57,0,0,148,0,148,0,0,205,0,205,235,0,235,440
06/04/2000,TIX,FL,ASO,ES,Federal Contract Tower,0,0,41,0,41,0,0,82,0,82,0,0,123,0,123,120,0,120,243
06/05/2000,TIX,FL,ASO,ES,Federal Contract Tower,0,3,88,0,91,0,11,60,0,71,0,14,148,0,162,134,0,134,296
06/06/2000,TIX,FL,ASO,ES,Federal Contract Tower,0,1,35,0,36,0,5,71,0,76,0,6,106,0,112,81,0,81,193
06/07/2000,TIX,FL,ASO,ES,Federal Contract Tower,0,0,65,0,65,0,0,48,3,51,0,0,113,3,116,149,0,149,265
06/08/2000,TIX,FL,ASO,ES,Federal Contract Tower,0,2,65,0,67,0,2,88,2,92,0,4,153,2,159,205,0,205,364
06/09/2000,TIX,FL,ASO,ES,Federal Contract Tower,0,1,71,0,72,0,0,67,0,67,0,1,138,0,139,216,0,216,355
06/10/2000,TIX,FL,ASO,ES,Federal Contract Tower,0,0,42,0,42,0,0,116,4,120,0,0,158,4,162,167,0,167,329
06/11/2000,TIX,FL,ASO,ES,Federal Contract Tower,0,0,37,0,37,0,0,39,0,39,0,0,76,0,76,96,0,96,172
06/12/2000,TIX,FL,ASO,ES,Federal Contract Tower,0,1,55,1,57,0,6,25,3,34,0,7,80,4,91,128,0,128,219
06/13/2000,TIX,FL,ASO,ES,Federal Contract Tower,0,0,45,0,45,0,0,103,0,103,0,0,148,0,148,231,0,231,379
06/14/2000,TIX,FL,ASO,ES,Federal Contract Tower,0,0,47,0,47,0,0,123,0,123,0,0,170,0,170,204,0,204,374
06/15/2000,TIX,FL,ASO,ES,Federal Contract Tower,0,0,50,0,50,0,0,134,0,134,0,0,184,0,184,238,0,238,422
06/16/2000,TIX,FL,ASO,ES,Federal Contract Tower,0,0,84,0,84,0,0,53,0,53,0,0,137,0,137,194,0,194,331
06/17/2000,TIX,FL,ASO,ES,Federal Contract Tower,0,0,56,0,56,0,0,184,2,186,0,0,240,2,242,264,0,264,506
06/18/2000,TIX,FL,ASO,ES,Federal Contract Tower,0,0,42,0,42,0,0,100,0,100,0,0,142,0,142,216,0,216,358
06/19/2000,TIX,FL,ASO,ES,Federal Contract Tower,0,1,47,0,48,0,1,108,3,112,0,2,155,3,160,213,3,216,376
06/20/2000,TIX,FL,ASO,ES,Federal Contract Tower,0,2,94,0,96,0,3,84,0,87,0,5,178,0,183,248,0,248,431
06/21/2000,TIX,FL,ASO,ES,Federal Contract Tower,0,2,77,0,79,0,1,126,0,127,0,3,203,0,206,216,0,216,422
06/22/2000,TIX,FL,ASO,ES,Federal Contract Tower,0,0,74,0,74,0,0,91,0,91,0,0,165,0,165,177,0,177,342
06/23/2000,TIX,FL,ASO,ES,Federal Contract Tower,0,2,94,0,96,0,6,23,1,30,0,8,117,1,126,73,0,73,199
06/24/2000,TIX,FL,ASO,ES,Federal Contract Tower,0,0,33,0,33,0,0,56,0,56,0,0,89,0,89,97,0,97,186
06/25/2000,TIX,FL,ASO,ES,Federal Contract Tower,0,0,57,0,57,0,0,40,0,40,0,0,97,0,97,64,0,64,161
06/26/2000,TIX,FL,ASO,ES,Federal Contract Tower,0,0,72,0,72,0,0,63,3,66,0,0,135,3,138,167,0,167,305
06/27/2000,TIX,FL,ASO,ES,Federal Contract Tower,0,0,61,0,61,0,0,29,2,31,0,0,90,2,92,97,0,97,189
06/28/2000,TIX,FL,ASO,ES,Federal Contract Tower,0,0,67,0,67,0,0,108,0,108,0,0,175,0,175,225,0,225,400
06/29/2000,TIX,FL,ASO,ES,Federal Contract Tower,0,0,113,0,113,0,0,79,0,79,0,0,192,0,192,271,0,271,463
06/30/2000,TIX,FL,ASO,ES,Federal Contract Tower,0,0,114,0,114,0,0,38,0,38,0,0,152,0,152,117,0,117,269
07/01/2000,TIX,FL,ASO,ES,Federal Contract Tower,0,0,75,0,75,0,0,92,0,92,0,0,167,0,167,140,0,140,307
07/02/2000,TIX,FL,ASO,ES,Federal Contract Tower,0,2,79,0,81,0,2,72,5,79,0,4,151,5,160,193,0,193,353
07/03/2000,TIX,FL,ASO,ES,Federal Contract Tower,0,1,57,0,58,0,22,97,0,119,0,23,154,0,177,183,0,183,360
07/04/2000,TIX,FL,ASO,ES,Federal Contract Tower,0,0,29,0,29,0,0,110,0,110,0,0,139,0,139,195,0,195,334
07/05/2000,TIX,FL,ASO,ES,Federal Contract Tower,0,0,76,0,76,0,0,90,0,90,0,0,166,0,166,189,0,189,355
07/06/2000,TIX,FL,ASO,ES,Federal Contract Tower,0,0,132,0,132,0,0,65,4,69,0,0,197,4,201,157,0,157,358
07/07/2000,TIX,FL,ASO,ES,Federal Contract Tower,0,0,67,0,67,0,0,51,0,51,0,0,118,0,118,154,0,154,272
07/08/2000,TIX,FL,ASO,ES,Federal Contract Tower,0,0,81,0,81,0,0,6,2,8,0,0,87,2,89,53,0,53,142
07/09/2000,TIX,FL,ASO,ES,Federal Contract Tower,0,0,68,0,68,0,0,38,2,40,0,0,106,2,108,89,0,89,197
07/10/2000,TIX,FL,ASO,ES,Federal Contract Tower,0,0,62,0,62,0,0,76,2,78,0,0,138,2,140,193,0,193,333
07/11/2000,TIX,FL,ASO,ES,Federal Contract Tower,0,1,80,0,81,0,0,128,1,129,0,1,208,1,210,231,0,231,441
07/12/2000,TIX,FL,ASO,ES,Federal Contract Tower,0,1,88,0,89,0,1,67,0,68,0,2,155,0,157,153,0,153,310
07/13/2000,TIX,FL,ASO,ES,Federal Contract Tower,0,0,101,0,101,0,0,57,0,57,0,0,158,0,158,169,0,169,327
07/14/2000,TIX,FL,ASO,ES,Federal Contract Tower,0,0,99,0,99,0,0,59,0,59,0,0,158,0,158,169,0,169,327
07/15/2000,TIX,FL,ASO,ES,Federal Contract Tower,0,1,96,0,97,0,6,59,0,65,0,7,155,0,162,154,0,154,316
07/16/2000,TIX,FL,ASO,ES,Federal Contract Tower,0,1,90,0,91,0,8,30,0,38,0,9,120,0,129,105,0,105,234
07/17/2000,TIX,FL,ASO,ES,Federal Contract Tower,0,0,87,0,87,0,0,63,0,63,0,0,150,0,150,207,0,207,357
07/18/2000,TIX,FL,ASO,ES,Federal Contract Tower,0,2,154,1,157,0,8,58,3,69,0,10,212,4,226,197,0,197,423
07/19/2000,TIX,FL,ASO,ES,Federal Contract Tower,0,0,92,0,92,0,0,108,0,108,0,0,200,0,200,278,0,278,478
07/20/2000,TIX,FL,ASO,ES,Federal Contract Tower,0,0,128,1,129,0,0,16,1,17,0,0,144,2,146,76,0,76,222
07/21/2000,TIX,FL,ASO,ES,Federal Contract Tower,0,2,124,0,126,0,0,15,0,15,0,2,139,0,141,168,0,168,309
07/22/2000,TIX,FL,ASO,ES,Federal Contract Tower,0,1,84,0,85,0,17,112,0,129,0,18,196,0,214,176,0,176,390
07/23/2000,TIX,FL,ASO,ES,Federal Contract Tower,0,0,83,0,83,0,0,70,0,70,0,0,153,0,153,98,0,98,251
07/24/2000,TIX,FL,ASO,ES,Federal Contract Tower,0,0,50,0,50,0,0,74,0,74,0,0,124,0,124,155,0,155,279
07/25/2000,TIX,FL,ASO,ES,Federal Contract Tower,0,0,38,0,38,0,5,81,10,96,0,5,119,10,134,186,0,186,320
07/26/2000,TIX,FL,ASO,ES,Federal Contract Tower,0,0,49,0,49,0,0,88,2,90,0,0,137,2,139,144,0,144,283
07/27/2000,TIX,FL,ASO,ES,Federal Contract Tower,0,0,58,0,58,0,0,107,0,107,0,0,165,0,165,171,0,171,336
07/28/2000,TIX,FL,ASO,ES,Federal Contract Tower,0,0,57,0,57,0,11,90,2,103,0,11,147,2,160,155,0,155,315
07/29/2000,TIX,FL,ASO,ES,Federal Contract Tower,0,0,51,0,51,0,0,120,0,120,0,0,171,0,171,273,0,273,444
07/30/2000,TIX,FL,ASO,ES,Federal Contract Tower,0,0,48,0,48,0,0,69,0,69,0,0,117,0,117,98,0,98,215
07/31/2000,TIX,FL,ASO,ES,Federal Contract Tower,0,0,49,0,49,0,0,78,0,78,0,0,127,0,127,149,0,149,276
08/01/2000,TIX,FL,ASO,ES,Federal Contract Tower,0,0,69,0,69,0,0,78,0,78,0,0,147,0,147,207,0,207,354
08/02/2000,TIX,FL,ASO,ES,Federal Contract Tower,0,1,70,0,71,0,17,108,7,132,0,18,178,7,203,241,0,241,444
08/03/2000,TIX,FL,ASO,ES,Federal Contract Tower,0,1,60,0,61,0,3,96,0,99,0,4,156,0,160,197,0,197,357
08/04/2000,TIX,FL,ASO,ES,Federal Contract Tower,0,0,74,0,74,0,0,59,2,61,0,0,133,2,135,121,0,121,256
08/05/2000,TIX,FL,ASO,ES,Federal Contract Tower,0,0,70,0,70,0,0,98,0,98,0,0,168,0,168,98,0,98,266
08/06/2000,TIX,FL,ASO,ES,Federal Contract Tower,0,0,41,0,41,0,0,121,0,121,0,0,162,0,162,107,0,107,269
08/07/2000,TIX,FL,ASO,ES,Federal Contract Tower,0,2,96,0,98,0,2,81,2,85,0,4,177,2,183,154,0,154,337
08/08/2000,TIX,FL,ASO,ES,Federal Contract Tower,0,0,65,0,65,0,0,119,0,119,0,0,184,0,184,227,0,227,411
08/09/2000,TIX,FL,ASO,ES,Federal Contract Tower,0,1,61,0,62,0,3,123,4,130,0,4,184,4,192,196,0,196,388
08/10/2000,TIX,FL,ASO,ES,Federal Contract Tower,0,3,110,0,113,0,5,60,2,67,0,8,170,2,180,190,0,190,370
08/11/2000,TIX,FL,ASO,ES,Federal Contract Tower,0,0,110,0,110,0,0,56,0,56,0,0,166,0,166,155,0,155,321
08/12/2000,TIX,FL,ASO,ES,Federal Contract Tower,0,0,106,0,106,0,0,28,0,28,0,0,134,0,134,171,0,171,305
08/13/2000,TIX,FL,ASO,ES,Federal Contract Tower,0,2,106,0,108,0,2,88,0,90,0,4,194,0,198,137,0,137,335
08/14/2000,TIX,FL,ASO,ES,Federal Contract Tower,0,0,69,0,69,0,0,49,0,49,0,0,118,0,118,250,0,250,368
08/15/2000,TIX,FL,ASO,ES,Federal Contract Tower,0,2,178,0,180,0,2,76,0,78,0,4,254,0,258,240,0,240,498
08/16/2000,TIX,FL,ASO,ES,Federal Contract Tower,0,0,58,1,59,0,7,148,1,156,0,7,206,2,215,181,0,181,396
08/17/2000,TIX,FL,ASO,ES,Federal Contract Tower,0,0,57,0,57,0,0,139,0,139,0,0,196,0,196,164,0,164,360
08/18/2000,TIX,FL,ASO,ES,Federal Contract Tower,0,0,72,1,73,0,10,121,1,132,0,10,193,2,205,225,0,225,430
08/19/2000,TIX,FL,ASO,ES,Federal Contract Tower,0,0,59,0,59,0,0,164,0,164,0,0,223,0,223,258,0,258,481
08/20/2000,TIX,FL,ASO,ES,Federal Contract Tower,0,0,48,0,48,0,2,100,0,102,0,2,148,0,150,87,0,87,237
08/21/2000,TIX,FL,ASO,ES,Federal Contract Tower,0,1,93,1,95,0,7,70,5,82,0,8,163,6,177,140,0,140,317
08/22/2000,TIX,FL,ASO,ES,Federal Contract Tower,0,0,100,0,100,0,0,38,0,38,0,0,138,0,138,133,0,133,271
08/23/2000,TIX,FL,ASO,ES,Federal Contract Tower,0,1,93,1,95,0,9,109,14,132,0,10,202,15,227,190,0,190,417
08/24/2000,TIX,FL,ASO,ES,Federal Contract Tower,0,2,101,1,104,0,0,65,2,67,0,2,166,3,171,190,0,190,361
08/25/2000,TIX,FL,ASO,ES,Federal Contract Tower,0,0,59,1,60,0,0,71,0,71,0,0,130,1,131,158,0,158,289
08/26/2000,TIX,FL,ASO,ES,Federal Contract Tower,0,0,68,1,69,0,0,108,1,109,0,0,176,2,178,202,0,202,380
08/27/2000,TIX,FL,ASO,ES,Federal Contract Tower,0,0,21,0,21,0,0,104,0,104,0,0,125,0,125,262,0,262,387
08/28/2000,TIX,FL,ASO,ES,Federal Contract Tower,0,0,54,0,54,0,0,124,0,124,0,0,178,0,178,186,0,186,364
08/29/2000,TIX,FL,ASO,ES,Federal Contract Tower,0,1,96,0,97,0,1,39,4,44,0,2,135,4,141,172,0,172,313
08/30/2000,TIX,FL,ASO,ES,Federal Contract Tower,0,0,112,0,112,0,0,138,8,146,0,0,250,8,258,264,0,264,522
08/31/2000,TIX,FL,ASO,ES,Federal Contract Tower,0,0,78,0,78,0,0,107,0,107,0,0,185,0,185,188,0,188,373
09/01/2000,TIX,FL,ASO,ES,Federal Contract Tower,0,0,81,0,81,0,0,70,0,70,0,0,151,0,151,179,0,179,330
09/02/2000,TIX,FL,ASO,ES,Federal Contract Tower,0,0,32,0,32,0,0,142,0,142,0,0,174,0,174,206,0,206,380
09/03/2000,TIX,FL,ASO,ES,Federal Contract Tower,0,0,13,0,13,0,0,141,0,141,0,0,154,0,154,151,0,151,305
09/04/2000,TIX,FL,ASO,ES,Federal Contract Tower,0,0,35,0,35,0,0,111,0,111,0,0,146,0,146,118,0,118,264
09/05/2000,TIX,FL,ASO,ES,Federal Contract Tower,0,0,57,0,57,0,0,42,0,42,0,0,99,0,99,149,0,149,248
09/06/2000,TIX,FL,ASO,ES,Federal Contract Tower,0,0,63,0,63,0,0,115,0,115,0,0,178,0,178,210,0,210,388
09/07/2000,TIX,FL,ASO,ES,Federal Contract Tower,0,0,34,0,34,0,0,106,0,106,0,0,140,0,140,104,0,104,244
09/08/2000,TIX,FL,ASO,ES,Federal Contract Tower,0,0,77,0,77,0,0,126,0,126,0,0,203,0,203,296,0,296,499
09/09/2000,TIX,FL,ASO,ES,Federal Contract Tower,0,0,39,0,39,0,0,62,0,62,0,0,101,0,101,166,0,166,267
09/10/2000,TIX,FL,ASO,ES,Federal Contract Tower,0,0,61,0,61,0,0,114,11,125,0,0,175,11,186,242,0,242,428
09/11/2000,TIX,FL,ASO,ES,Federal Contract Tower,0,1,59,0,60,0,6,117,0,123,0,7,176,0,183,260,0,260,443
09/12/2000,TIX,FL,ASO,ES,Federal Contract Tower,0,1,52,0,53,0,26,76,4,106,0,27,128,4,159,211,0,211,370
09/13/2000,TIX,FL,ASO,ES,Federal Contract Tower,0,0,44,0,44,0,0,115,0,115,0,0,159,0,159,189,0,189,348
09/14/2000,TIX,FL,ASO,ES,Federal Contract Tower,0,0,52,0,52,0,0,111,0,111,0,0,163,0,163,239,0,239,402
09/15/2000,TIX,FL,ASO,ES,Federal Contract Tower,0,0,85,0,85,0,0,88,0,88,0,0,173,0,173,254,0,254,427
09/16/2000,TIX,FL,ASO,ES,Federal Contract Tower,0,0,52,0,52,0,0,82,0,82,0,0,134,0,134,147,0,147,281
09/17/2000,TIX,FL,ASO,ES,Federal Contract Tower,0,0,1,0,1,0,0,1,0,1,0,0,2,0,2,0,0,0,2
09/18/2000,TIX,FL,ASO,ES,Federal Contract Tower,0,0,40,0,40,0,11,88,0,99,0,11,128,0,139,204,0,204,343
09/19/2000,TIX,FL,ASO,ES,Federal Contract Tower,0,0,64,0,64,0,0,99,0,99,0,0,163,0,163,310,0,310,473
09/20/2000,TIX,FL,ASO,ES,Federal Contract Tower,0,0,59,1,60,0,0,81,1,82,0,0,140,2,142,254,0,254,396
09/21/2000,TIX,FL,ASO,ES,Federal Contract Tower,0,0,46,0,46,0,0,89,0,89,0,0,135,0,135,219,0,219,354
09/22/2000,TIX,FL,ASO,ES,Federal Contract Tower,0,0,40,0,40,0,0,68,0,68,0,0,108,0,108,113,0,113,221
09/23/2000,TIX,FL,ASO,ES,Federal Contract Tower,0,0,58,0,58,0,0,141,0,141,0,0,199,0,199,176,0,176,375
09/24/2000,TIX,FL,ASO,ES,Federal Contract Tower,0,0,33,0,33,0,0,116,0,116,0,0,149,0,149,137,0,137,286
09/25/2000,TIX,FL,ASO,ES,Federal Contract Tower,0,0,35,0,35,0,0,115,0,115,0,0,150,0,150,245,0,245,395
09/26/2000,TIX,FL,ASO,ES,Federal Contract Tower,0,0,91,0,91,0,2,75,0,77,0,2,166,0,168,289,0,289,457
09/27/2000,TIX,FL,ASO,ES,Federal Contract Tower,0,0,88,0,88,0,1,110,0,111,0,1,198,0,199,311,0,311,510
09/28/2000,TIX,FL,ASO,ES,Federal Contract Tower,0,0,49,0,49,0,0,81,0,81,0,0,130,0,130,185,0,185,315
09/29/2000,TIX,FL,ASO,ES,Federal Contract Tower,0,0,37,0,37,0,0,100,1,101,0,0,137,1,138,244,0,244,382
09/30/2000,TIX,FL,ASO,ES,Federal Contract Tower,0,0,56,0,56,0,0,110,0,110,0,0,166,0,166,230,0,230,396
10/01/2000,TIX,FL,ASO,ES,Federal Contract Tower,0,0,69,0,69,0,0,120,0,120,0,0,189,0,189,159,0,159,348
10/02/2000,TIX,FL,ASO,ES,Federal Contract Tower,0,0,68,0,68,0,0,119,0,119,0,0,187,0,187,241,0,241,428
10/03/2000,TIX,FL,ASO,ES,Federal Contract Tower,0,0,72,0,72,0,0,0,0,0,0,0,72,0,72,40,0,40,112
10/04/2000,TIX,FL,ASO,ES,Federal Contract Tower,0,0,112,0,112,0,0,20,0,20,0,0,132,0,132,83,0,83,215
10/05/2000,TIX,FL,ASO,ES,Federal Contract Tower,0,0,88,0,88,0,0,154,0,154,0,0,242,0,242,225,0,225,467
10/06/2000,TIX,FL,ASO,ES,Federal Contract Tower,0,0,112,0,112,0,0,101,0,101,0,0,213,0,213,200,0,200,413
10/07/2000,TIX,FL,ASO,ES,Federal Contract Tower,0,0,37,0,37,0,0,142,0,142,0,0,179,0,179,231,0,231,410
10/08/2000,TIX,FL,ASO,ES,Federal Contract Tower,0,0,49,0,49,0,0,48,0,48,0,0,97,0,97,120,0,120,217
10/09/2000,TIX,FL,ASO,ES,Federal Contract Tower,0,0,70,0,70,0,0,41,0,41,0,0,111,0,111,171,0,171,282
10/10/2000,TIX,FL,ASO,ES,Federal Contract Tower,0,0,77,0,77,0,0,117,0,117,0,0,194,0,194,276,0,276,470
10/11/2000,TIX,FL,ASO,ES,Federal Contract Tower,0,0,79,0,79,0,0,147,0,147,0,0,226,0,226,319,0,319,545
10/12/2000,TIX,FL,ASO,ES,Federal Contract Tower,0,0,72,0,72,0,0,132,2,134,0,0,204,2,206,230,0,230,436
10/13/2000,TIX,FL,ASO,ES,Federal Contract Tower,0,0,42,0,42,0,0,111,0,111,0,0,153,0,153,219,0,219,372
10/14/2000,TIX,FL,ASO,ES,Federal Contract Tower,0,0,53,0,53,0,0,177,0,177,0,0,230,0,230,270,0,270,500
10/15/2000,TIX,FL,ASO,ES,Federal Contract Tower,0,0,51,0,51,0,0,149,0,149,0,0,200,0,200,310,0,310,510
10/16/2000,TIX,FL,ASO,ES,Federal Contract Tower,0,0,39,0,39,0,0,104,1,105,0,0,143,1,144,218,0,218,362
10/17/2000,TIX,FL,ASO,ES,Federal Contract Tower,0,1,32,0,33,0,3,163,0,166,0,4,195,0,199,331,0,331,530
10/18/2000,TIX,FL,ASO,ES,Federal Contract Tower,0,1,73,0,74,0,4,124,0,128,0,5,197,0,202,244,0,244,446
10/19/2000,TIX,FL,ASO,ES,Federal Contract Tower,0,0,53,1,54,0,6,108,4,118,0,6,161,5,172,213,0,213,385
10/20/2000,TIX,FL,ASO,ES,Federal Contract Tower,0,0,40,0,40,0,23,86,0,109,0,23,126,0,149,195,0,195,344
10/21/2000,TIX,FL,ASO,ES,Federal Contract Tower,0,0,34,0,34,0,0,202,0,202,0,0,236,0,236,481,0,481,717
10/22/2000,TIX,FL,ASO,ES,Federal Contract Tower,0,0,37,0,37,0,13,112,0,125,0,13,149,0,162,296,0,296,458
10/23/2000,TIX,FL,ASO,ES,Federal Contract Tower,0,0,54,0,54,0,0,110,0,110,0,0,164,0,164,186,0,186,350
10/24/2000,TIX,FL,ASO,ES,Federal Contract Tower,0,0,56,0,56,0,0,68,0,68,0,0,124,0,124,129,0,129,253
10/25/2000,TIX,FL,ASO,ES,Federal Contract Tower,0,0,49,0,49,0,5,120,0,125,0,5,169,0,174,209,0,209,383
10/26/2000,TIX,FL,ASO,ES,Federal Contract Tower,0,0,50,0,50,0,0,75,0,75,0,0,125,0,125,170,0,170,295
10/27/2000,TIX,FL,ASO,ES,Federal Contract Tower,0,0,61,0,61,0,13,130,0,143,0,13,191,0,204,206,0,206,410
10/28/2000,TIX,FL,ASO,ES,Federal Contract Tower,0,0,46,0,46,0,0,132,0,132,0,0,178,0,178,276,0,276,454
10/29/2000,TIX,FL,ASO,ES,Federal Contract Tower,0,0,48,0,48,0,34,130,0,164,0,34,178,0,212,251,0,251,463
10/30/2000,TIX,FL,ASO,ES,Federal Contract Tower,0,0,32,0,32,0,0,75,2,77,0,0,107,2,109,146,0,146,255
10/31/2000,TIX,FL,ASO,ES,Federal Contract Tower,0,0,53,0,53,0,18,92,0,110,0,18,145,0,163,174,0,174,337
11/01/2000,TIX,FL,ASO,ES,Federal Contract Tower,0,2,82,0,84,0,0,116,2,118,0,2,198,2,202,199,0,199,401
11/02/2000,TIX,FL,ASO,ES,Federal Contract Tower,0,1,61,0,62,0,0,85,3,88,0,1,146,3,150,230,0,230,380
11/03/2000,TIX,FL,ASO,ES,Federal Contract Tower,0,1,44,0,45,0,19,137,0,156,0,20,181,0,201,202,0,202,403
11/04/2000,TIX,FL,ASO,ES,Federal Contract Tower,0,0,70,0,70,0,0,125,0,125,0,0,195,0,195,256,0,256,451
11/05/2000,TIX,FL,ASO,ES,Federal Contract Tower,0,0,30,0,30,0,0,117,3,120,0,0,147,3,150,220,0,220,370
11/06/2000,TIX,FL,ASO,ES,Federal Contract Tower,0,0,36,0,36,0,0,91,0,91,0,0,127,0,127,128,0,128,255
11/07/2000,TIX,FL,ASO,ES,Federal Contract Tower,0,1,48,0,49,0,1,102,0,103,0,2,150,0,152,224,0,224,376
11/08/2000,TIX,FL,ASO,ES,Federal Contract Tower,0,0,53,0,53,0,0,80,0,80,0,0,133,0,133,121,0,121,254
11/09/2000,TIX,FL,ASO,ES,Federal Contract Tower,0,2,53,0,55,0,2,98,1,101,0,4,151,1,156,133,0,133,289
11/10/2000,TIX,FL,ASO,ES,Federal Contract Tower,0,0,103,0,103,0,0,28,6,34,0,0,131,6,137,116,0,116,253
11/11/2000,TIX,FL,ASO,ES,Federal Contract Tower,0,0,29,0,29,0,0,196,0,196,0,0,225,0,225,331,0,331,556
11/12/2000,TIX,FL,ASO,ES,Federal Contract Tower,0,0,34,0,34,0,0,80,0,80,0,0,114,0,114,151,0,151,265
11/13/2000,TIX,FL,ASO,ES,Federal Contract Tower,0,0,67,0,67,0,0,157,0,157,0,0,224,0,224,254,0,254,478
11/14/2000,TIX,FL,ASO,ES,Federal Contract Tower,0,0,66,0,66,0,0,48,6,54,0,0,114,6,120,130,0,130,250
11/15/2000,TIX,FL,ASO,ES,Federal Contract Tower,0,0,34,1,35,0,2,166,3,171,0,2,200,4,206,324,0,324,530
11/16/2000,TIX,FL,ASO,ES,Federal Contract Tower,0,1,60,0,61,0,11,102,2,115,0,12,162,2,176,239,0,239,415
11/17/2000,TIX,FL,ASO,ES,Federal Contract Tower,0,0,73,0,73,0,0,56,0,56,0,0,129,0,129,204,0,204,333
11/18/2000,TIX,FL,ASO,ES,Federal Contract Tower,0,1,75,0,76,0,1,155,0,156,0,2,230,0,232,357,0,357,589
11/19/2000,TIX,FL,ASO,ES,Federal Contract Tower,0,1,54,0,55,0,3,70,0,73,0,4,124,0,128,146,0,146,274
11/20/2000,TIX,FL,ASO,ES,Federal Contract Tower,0,1,85,0,86,0,1,60,0,61,0,2,145,0,147,228,0,228,375
11/21/2000,TIX,FL,ASO,ES,Federal Contract Tower,0,1,84,0,85,0,1,145,0,146,0,2,229,0,231,239,0,239,470
11/22/2000,TIX,FL,ASO,ES,Federal Contract Tower,0,1,62,0,63,0,8,184,0,192,0,9,246,0,255,281,0,281,536
11/23/2000,TIX,FL,ASO,ES,Federal Contract Tower,0,0,36,0,36,0,0,89,0,89,0,0,125,0,125,168,0,168,293
11/24/2000,TIX,FL,ASO,ES,Federal Contract Tower,0,0,54,0,54,0,0,117,0,117,0,0,171,0,171,161,0,161,332
11/25/2000,TIX,FL,ASO,ES,Federal Contract Tower,0,1,82,0,83,0,1,44,0,45,0,2,126,0,128,158,0,158,286
11/26/2000,TIX,FL,ASO,ES,Federal Contract Tower,0,0,47,0,47,0,7,57,0,64,0,7,104,0,111,120,0,120,231
11/27/2000,TIX,FL,ASO,ES,Federal Contract Tower,0,0,54,0,54,0,0,164,1,165,0,0,218,1,219,274,0,274,493
11/28/2000,TIX,FL,ASO,ES,Federal Contract Tower,0,1,58,0,59,0,0,109,0,109,0,1,167,0,168,224,0,224,392
11/29/2000,TIX,FL,ASO,ES,Federal Contract Tower,0,0,71,0,71,0,0,149,0,149,0,0,220,0,220,380,0,380,600
11/30/2000,TIX,FL,ASO,ES,Federal Contract Tower,0,0,73,0,73,0,0,130,0,130,0,0,203,0,203,334,0,334,537
12/01/2000,TIX,FL,ASO,ES,Federal Contract Tower,0,0,43,0,43,0,0,117,0,117,0,0,160,0,160,260,0,260,420
12/02/2000,TIX,FL,ASO,ES,Federal Contract Tower,0,0,45,0,45,0,0,194,0,194,0,0,239,0,239,282,0,282,521
12/03/2000,TIX,FL,ASO,ES,Federal Contract Tower,0,0,40,0,40,0,0,31,0,31,0,0,71,0,71,58,0,58,129
12/04/2000,TIX,FL,ASO,ES,Federal Contract Tower,0,0,61,0,61,0,0,75,1,76,0,0,136,1,137,181,0,181,318
12/05/2000,TIX,FL,ASO,ES,Federal Contract Tower,0,0,89,0,89,0,0,68,3,71,0,0,157,3,160,181,0,181,341
12/06/2000,TIX,FL,ASO,ES,Federal Contract Tower,0,1,71,0,72,0,8,110,0,118,0,9,181,0,190,214,0,214,404
12/07/2000,TIX,FL,ASO,ES,Federal Contract Tower,0,1,53,0,54,0,0,84,4,88,0,1,137,4,142,360,0,360,502
12/08/2000,TIX,FL,ASO,ES,Federal Contract Tower,0,1,54,0,55,0,0,118,0,118,0,1,172,0,173,295,0,295,468
12/09/2000,TIX,FL,ASO,ES,Federal Contract Tower,0,0,29,0,29,0,0,151,0,151,0,0,180,0,180,210,0,210,390
12/10/2000,TIX,FL,ASO,ES,Federal Contract Tower,0,0,28,0,28,0,0,91,0,91,0,0,119,0,119,160,0,160,279
12/11/2000,TIX,FL,ASO,ES,Federal Contract Tower,0,1,33,0,34,0,1,113,0,114,0,2,146,0,148,233,0,233,381
12/12/2000,TIX,FL,ASO,ES,Federal Contract Tower,0,0,22,0,22,0,0,36,1,37,0,0,58,1,59,54,0,54,113
12/13/2000,TIX,FL,ASO,ES,Federal Contract Tower,0,1,59,0,60,0,0,146,1,147,0,1,205,1,207,247,0,247,454
12/14/2000,TIX,FL,ASO,ES,Federal Contract Tower,0,1,58,0,59,0,2,114,0,116,0,3,172,0,175,244,0,244,419
12/15/2000,TIX,FL,ASO,ES,Federal Contract Tower,0,1,65,0,66,0,5,105,0,110,0,6,170,0,176,270,0,270,446
12/16/2000,TIX,FL,ASO,ES,Federal Contract Tower,0,0,33,0,33,0,0,160,0,160,0,0,193,0,193,298,0,298,491
12/17/2000,TIX,FL,ASO,ES,Federal Contract Tower,0,0,54,1,55,0,0,72,1,73,0,0,126,2,128,221,0,221,349
12/18/2000,TIX,FL,ASO,ES,Federal Contract Tower,0,0,48,0,48,0,0,95,0,95,0,0,143,0,143,329,0,329,472
12/19/2000,TIX,FL,ASO,ES,Federal Contract Tower,0,0,36,0,36,0,0,44,0,44,0,0,80,0,80,137,2,139,219
12/20/2000,TIX,FL,ASO,ES,Federal Contract Tower,0,0,48,0,48,0,0,119,0,119,0,0,167,0,167,374,0,374,541
12/21/2000,TIX,FL,ASO,ES,Federal Contract Tower,0,0,60,0,60,0,2,109,0,111,0,2,169,0,171,456,2,458,629
12/22/2000,TIX,FL,ASO,ES,Federal Contract Tower,0,0,36,0,36,0,0,139,0,139,0,0,175,0,175,317,0,317,492
12/23/2000,TIX,FL,ASO,ES,Federal Contract Tower,0,0,26,0,26,0,1,119,0,120,0,1,145,0,146,199,0,199,345
12/24/2000,TIX,FL,ASO,ES,Federal Contract Tower,0,0,15,0,15,0,0,30,0,30,0,0,45,0,45,70,0,70,115
12/25/2000,TIX,FL,ASO,ES,Federal Contract Tower,0,0,2,0,2,0,0,20,0,20,0,0,22,0,22,12,0,12,34
12/26/2000,TIX,FL,ASO,ES,Federal Contract Tower,0,0,22,0,22,0,0,84,0,84,0,0,106,0,106,185,0,185,291
12/27/2000,TIX,FL,ASO,ES,Federal Contract Tower,0,0,23,0,23,0,0,161,0,161,0,0,184,0,184,346,0,346,530
12/28/2000,TIX,FL,ASO,ES,Federal Contract Tower,0,0,36,0,36,0,2,29,0,31,0,2,65,0,67,89,0,89,156
12/29/2000,TIX,FL,ASO,ES,Federal Contract Tower,0,0,54,0,54,0,0,44,0,44,0,0,98,0,98,162,0,162,260
12/30/2000,TIX,FL,ASO,ES,Federal Contract Tower,0,0,34,0,34,0,0,130,0,130,0,0,164,0,164,207,0,207,371
12/31/2000,TIX,FL,ASO,ES,Federal Contract Tower,0,0,45,0,45,0,10,57,0,67,0,10,102,0,112,235,0,235,347
01/01/2001,TIX,FL,ASO,ES,Federal Contract Tower,0,0,21,0,21,0,0,96,0,96,0,0,117,0,117,112,0,112,229
01/02/2001,TIX,FL,ASO,ES,Federal Contract Tower,0,0,41,0,41,0,0,141,0,141,0,0,182,0,182,294,0,294,476
01/03/2001,TIX,FL,ASO,ES,Federal Contract Tower,0,1,75,0,76,0,3,87,2,92,0,4,162,2,168,235,0,235,403
01/04/2001,TIX,FL,ASO,ES,Federal Contract Tower,0,1,44,0,45,0,3,138,2,143,0,4,182,2,188,303,0,303,491
01/05/2001,TIX,FL,ASO,ES,Federal Contract Tower,0,0,106,0,106,0,0,92,0,92,0,0,198,0,198,240,0,240,438
01/06/2001,TIX,FL,ASO,ES,Federal Contract Tower,0,0,59,0,59,0,0,161,0,161,0,0,220,0,220,359,0,359,579
01/07/2001,TIX,FL,ASO,ES,Federal Contract Tower,0,0,77,0,77,0,0,105,2,107,0,0,182,2,184,335,0,335,519
01/08/2001,TIX,FL,ASO,ES,Federal Contract Tower,0,0,55,0,55,0,0,70,0,70,0,0,125,0,125,218,0,218,343
01/09/2001,TIX,FL,ASO,ES,Federal Contract Tower,0,0,87,0,87,0,0,84,0,84,0,0,171,0,171,340,0,340,511
01/10/2001,TIX,FL,ASO,ES,Federal Contract Tower,0,0,80,0,80,0,0,92,0,92,0,0,172,0,172,380,0,380,552
01/11/2001,TIX,FL,ASO,ES,Federal Contract Tower,0,0,55,1,56,0,3,86,1,90,0,3,141,2,146,369,0,369,515
01/12/2001,TIX,FL,ASO,ES,Federal Contract Tower,0,0,82,0,82,0,0,117,0,117,0,0,199,0,199,283,0,283,482
01/13/2001,TIX,FL,ASO,ES,Federal Contract Tower,0,0,66,1,67,0,4,190,1,195,0,4,256,2,262,332,0,332,594
01/14/2001,TIX,FL,ASO,ES,Federal Contract Tower,0,0,46,1,47,0,0,137,0,137,0,0,183,1,184,262,0,262,446
01/15/2001,TIX,FL,ASO,ES,Federal Contract Tower,0,0,64,0,64,0,0,138,0,138,0,0,202,0,202,343,0,343,545
01/16/2001,TIX,FL,ASO,ES,Federal Contract Tower,0,0,77,0,77,0,0,118,0,118,0,0,195,0,195,411,0,411,606
01/17/2001,TIX,FL,ASO,ES,Federal Contract Tower,0,0,75,0,75,0,0,151,0,151,0,0,226,0,226,294,0,294,520
01/18/2001,TIX,FL,ASO,ES,Federal Contract Tower,0,0,23,0,23,0,0,165,0,165,0,0,188,0,188,468,0,468,656
01/19/2001,TIX,FL,ASO,ES,Federal Contract Tower,0,0,67,0,67,0,0,89,0,89,0,0,156,0,156,377,0,377,533
01/20/2001,TIX,FL,ASO,ES,Federal Contract Tower,0,0,47,0,47,0,0,47,0,47,0,0,94,0,94,140,0,140,234
01/21/2001,TIX,FL,ASO,ES,Federal Contract Tower,0,0,54,0,54,0,4,229,0,233,0,4,283,0,287,436,0,436,723
01/22/2001,TIX,FL,ASO,ES,Federal Contract Tower,0,0,100,0,100,0,0,20,0,20,0,0,120,0,120,218,0,218,338
01/23/2001,TIX,FL,ASO,ES,Federal Contract Tower,0,0,79,0,79,0,0,90,6,96,0,0,169,6,175,268,0,268,443
01/24/2001,TIX,FL,ASO,ES,Federal Contract Tower,0,0,114,0,114,0,0,239,0,239,0,0,353,0,353,628,0,628,981
01/25/2001,TIX,FL,ASO,ES,Federal Contract Tower,0,0,102,0,102,0,0,130,0,130,0,0,232,0,232,495,0,495,727
01/26/2001,TIX,FL,ASO,ES,Federal Contract Tower,0,0,64,0,64,0,0,154,2,156,0,0,218,2,220,415,0,415,635
01/27/2001,TIX,FL,ASO,ES,Federal Contract Tower,0,0,91,0,91,0,0,256,0,256,0,0,347,0,347,463,0,463,810
01/28/2001,TIX,FL,ASO,ES,Federal Contract Tower,0,0,67,0,67,0,0,187,0,187,0,0,254,0,254,370,0,370,624
01/29/2001,TIX,FL,ASO,ES,Federal Contract Tower,0,0,77,0,77,0,0,176,1,177,0,0,253,1,254,571,0,571,825
01/30/2001,TIX,FL,ASO,ES,Federal Contract Tower,0,0,57,0,57,0,0,117,0,117,0,0,174,0,174,337,0,337,511
01/31/2001,TIX,FL,ASO,ES,Federal Contract Tower,0,0,77,0,77,0,0,87,0,87,0,0,164,0,164,318,0,318,482
02/01/2001,TIX,FL,ASO,ES,Federal Contract Tower,0,0,53,0,53,0,0,61,0,61,0,0,114,0,114,336,0,336,450
02/02/2001,TIX,FL,ASO,ES,Federal Contract Tower,0,0,59,0,59,0,0,0,0,0,0,0,59,0,59,31,0,31,90
02/03/2001,TIX,FL,ASO,ES,Federal Contract Tower,0,0,46,0,46,0,0,52,0,52,0,0,98,0,98,133,0,133,231
02/04/2001,TIX,FL,ASO,ES,Federal Contract Tower,0,0,59,0,59,0,0,10,0,10,0,0,69,0,69,34,0,34,103
02/05/2001,TIX,FL,ASO,ES,Federal Contract Tower,0,0,96,0,96,0,0,130,2,132,0,0,226,2,228,559,0,559,787
02/06/2001,TIX,FL,ASO,ES,Federal Contract Tower,0,0,90,0,90,0,0,181,0,181,0,0,271,0,271,651,0,651,922
02/07/2001,TIX,FL,ASO,ES,Federal Contract Tower,0,0,92,0,92,0,0,231,0,231,0,0,323,0,323,446,0,446,769
02/08/2001,TIX,FL,ASO,ES,Federal Contract Tower,0,0,53,1,54,0,0,146,3,149,0,0,199,4,203,411,0,411,614
02/09/2001,TIX,FL,ASO,ES,Federal Contract Tower,0,0,55,0,55,0,0,144,0,144,0,0,199,0,199,446,0,446,645
02/10/2001,TIX,FL,ASO,ES,Federal Contract Tower,0,0,59,1,60,0,0,168,1,169,0,0,227,2,229,487,0,487,716
02/11/2001,TIX,FL,ASO,ES,Federal Contract Tower,0,0,18,0,18,0,0,78,0,78,0,0,96,0,96,188,0,188,284
02/12/2001,TIX,FL,ASO,ES,Federal Contract Tower,0,0,9,0,9,0,0,50,0,50,0,0,59,0,59,183,0,183,242
02/13/2001,TIX,FL,ASO,ES,Federal Contract Tower,0,0,8,0,8,0,0,106,0,106,0,0,114,0,114,373,0,373,487
02/14/2001,TIX,FL,ASO,ES,Federal Contract Tower,0,0,9,0,9,0,1,140,0,141,0,1,149,0,150,460,0,460,610
02/15/2001,TIX,FL,ASO,ES,Federal Contract Tower,0,0,17,0,17,0,0,172,5,177,0,0,189,5,194,497,0,497,691
02/16/2001,TIX,FL,ASO,ES,Federal Contract Tower,0,0,15,0,15,0,0,141,0,141,0,0,156,0,156,570,0,570,726
02/17/2001,TIX,FL,ASO,ES,Federal Contract Tower,0,0,15,0,15,0,0,91,0,91,0,0,106,0,106,215,0,215,321
02/18/2001,TIX,FL,ASO,ES,Federal Contract Tower,0,0,8,0,8,0,0,159,0,159,0,0,167,0,167,259,0,259,426
02/19/2001,TIX,FL,ASO,ES,Federal Contract Tower,0,0,16,0,16,0,0,197,0,197,0,0,213,0,213,481,0,481,694
02/20/2001,TIX,FL,ASO,ES,Federal Contract Tower,0,0,29,0,29,0,0,173,6,179,0,0,202,6,208,428,0,428,636
02/21/2001,TIX,FL,ASO,ES,Federal Contract Tower,0,0,19,0,19,0,0,208,0,208,0,0,227,0,227,426,0,426,653
02/22/2001,TIX,FL,ASO,ES,Federal Contract Tower,0,0,41,0,41,0,2,145,0,147,0,2,186,0,188,551,0,551,739
02/23/2001,TIX,FL,ASO,ES,Federal Contract Tower,0,0,20,0,20,0,0,42,1,43,0,0,62,1,63,199,0,199,262
02/24/2001,TIX,FL,ASO,ES,Federal Contract Tower,0,0,32,0,32,0,0,137,0,137,0,0,169,0,169,234,0,234,403
02/25/2001,TIX,FL,ASO,ES,Federal Contract Tower,0,0,10,0,10,0,0,159,0,159,0,0,169,0,169,427,0,427,596
02/26/2001,TIX,FL,ASO,ES,Federal Contract Tower,0,0,13,0,13,0,0,201,0,201,0,0,214,0,214,587,0,587,801
02/27/2001,TIX,FL,ASO,ES,Federal Contract Tower,0,0,13,0,13,0,0,165,2,167,0,0,178,2,180,417,0,417,597
02/28/2001,TIX,FL,ASO,ES,Federal Contract Tower,0,0,9,0,9,0,0,130,0,130,0,0,139,0,139,349,0,349,488
03/01/2001,TIX,FL,ASO,ES,Federal Contract Tower,0,0,12,0,12,0,0,143,3,146,0,0,155,3,158,394,0,394,552
03/02/2001,TIX,FL,ASO,ES,Federal Contract Tower,0,0,13,0,13,0,0,111,0,111,0,0,124,0,124,329,0,329,453
03/03/2001,TIX,FL,ASO,ES,Federal Contract Tower,0,0,4,0,4,0,0,204,0,204,0,0,208,0,208,386,0,386,594
03/04/2001,TIX,FL,ASO,ES,Federal Contract Tower,0,0,3,0,3,0,0,92,0,92,0,0,95,0,95,303,0,303,398
03/05/2001,TIX,FL,ASO,ES,Federal Contract Tower,0,1,6,0,7,0,1,57,0,58,0,2,63,0,65,67,0,67,132
03/06/2001,TIX,FL,ASO,ES,Federal Contract Tower,0,1,4,0,5,0,9,89,0,98,0,10,93,0,103,79,0,79,182
03/07/2001,TIX,FL,ASO,ES,Federal Contract Tower,0,0,17,0,17,0,0,228,2,230,0,0,245,2,247,221,0,221,468
03/08/2001,TIX,FL,ASO,ES,Federal Contract Tower,0,0,29,0,29,0,0,242,6,248,0,0,271,6,277,300,0,300,577
03/09/2001,TIX,FL,ASO,ES,Federal Contract Tower,0,0,17,0,17,0,0,156,0,156,0,0,173,0,173,269,0,269,442
03/10/2001,TIX,FL,ASO,ES,Federal Contract Tower,0,0,14,0,14,0,0,205,15,220,0,0,219,15,234,156,40,196,430
03/11/2001,TIX,FL,ASO,ES,Federal Contract Tower,0,1,20,0,21,0,77,158,16,251,0,78,178,16,272,71,0,71,343
03/12/2001,TIX,FL,ASO,ES,Federal Contract Tower,0,1,13,0,14,0,0,164,2,166,0,1,177,2,180,199,0,199,379
03/13/2001,TIX,FL,ASO,ES,Federal Contract Tower,0,0,16,0,16,0,0,84,0,84,0,0,100,0,100,193,0,193,293
03/14/2001,TIX,FL,ASO,ES,Federal Contract Tower,0,0,15,0,15,0,0,228,0,228,0,0,243,0,243,586,0,586,829
03/15/2001,TIX,FL,ASO,ES,Federal Contract Tower,0,0,18,0,18,0,2,100,0,102,0,2,118,0,120,249,0,249,369
03/16/2001,TIX,FL,ASO,ES,Federal Contract Tower,0,0,16,1,17,0,0,112,3,115,0,0,128,4,132,225,0,225,357
03/17/2001,TIX,FL,ASO,ES,Federal Contract Tower,0,0,12,0,12,0,0,280,0,280,0,0,292,0,292,562,0,562,854
03/18/2001,TIX,FL,ASO,ES,Federal Contract Tower,0,0,12,0,12,0,4,60,0,64,0,4,72,0,76,104,0,104,180
03/19/2001,TIX,FL,ASO,ES,Federal Contract Tower,0,0,3,0,3,0,2,2,0,4,0,2,5,0,7,24,0,24,31
03/20/2001,TIX,FL,ASO,ES,Federal Contract Tower,0,0,10,0,10,0,0,111,0,111,0,0,121,0,121,480,0,480,601
03/21/2001,TIX,FL,ASO,ES,Federal Contract Tower,0,0,17,0,17,0,0,101,0,101,0,0,118,0,118,218,0,218,336
03/22/2001,TIX,FL,ASO,ES,Federal Contract Tower,0,0,15,0,15,0,0,203,0,203,0,0,218,0,218,526,0,526,744
03/23/2001,TIX,FL,ASO,ES,Federal Contract Tower,0,0,32,0,32,0,0,212,0,212,0,0,244,0,244,579,0,579,823
03/24/2001,TIX,FL,ASO,ES,Federal Contract Tower,0,0,10,0,10,0,0,263,0,263,0,0,273,0,273,483,0,483,756
03/25/2001,TIX,FL,ASO,ES,Federal Contract Tower,0,0,7,1,8,0,0,192,4,196,0,0,199,5,204,352,2,354,558
03/26/2001,TIX,FL,ASO,ES,Federal Contract Tower,0,0,14,1,15,0,0,129,1,130,0,0,143,2,145,506,0,506,651
03/27/2001,TIX,FL,ASO,ES,Federal Contract Tower,0,0,11,0,11,0,1,174,0,175,0,1,185,0,186,685,0,685,871
03/28/2001,TIX,FL,ASO,ES,Federal Contract Tower,0,0,14,0,14,0,0,175,2,177,0,0,189,2,191,605,0,605,796
03/29/2001,TIX,FL,ASO,ES,Federal Contract Tower,0,0,9,0,9,0,0,25,0,25,0,0,34,0,34,32,0,32,66
03/30/2001,TIX,FL,ASO,ES,Federal Contract Tower,0,0,15,0,15,0,0,76,0,76,0,0,91,0,91,264,0,264,355
03/31/2001,TIX,FL,ASO,ES,Federal Contract Tower,0,0,23,0,23,0,5,87,0,92,0,5,110,0,115,318,0,318,433
04/01/2001,TIX,FL,ASO,ES,Federal Contract Tower,0,0,12,0,12,0,0,138,0,138,0,0,150,0,150,207,0,207,357
04/02/2001,TIX,FL,ASO,ES,Federal Contract Tower,0,1,15,0,16,0,0,185,0,185,0,1,200,0,201,402,0,402,603
04/03/2001,TIX,FL,ASO,ES,Federal Contract Tower,0,0,16,0,16,0,0,182,0,182,0,0,198,0,198,446,0,446,644
04/04/2001,TIX,FL,ASO,ES,Federal Contract Tower,0,0,20,0,20,0,0,208,0,208,0,0,228,0,228,504,0,504,732
04/05/2001,TIX,FL,ASO,ES,Federal Contract Tower,0,0,6,0,6,0,0,143,0,143,0,0,149,0,149,519,0,519,668
04/06/2001,TIX,FL,ASO,ES,Federal Contract Tower,0,0,12,0,12,0,0,232,0,232,0,0,244,0,244,570,0,570,814
04/07/2001,TIX,FL,ASO,ES,Federal Contract Tower,0,0,16,0,16,0,1,240,0,241,0,1,256,0,257,415,0,415,672
04/08/2001,TIX,FL,ASO,ES,Federal Contract Tower,0,0,8,0,8,0,0,130,0,130,0,0,138,0,138,250,0,250,388
04/09/2001,TIX,FL,ASO,ES,Federal Contract Tower,0,0,11,0,11,0,0,204,0,204,0,0,215,0,215,489,0,489,704
04/10/2001,TIX,FL,ASO,ES,Federal Contract Tower,0,0,10,0,10,0,0,232,0,232,0,0,242,0,242,590,0,590,832
04/11/2001,TIX,FL,ASO,ES,Federal Contract Tower,0,0,20,0,20,0,0,170,2,172,0,0,190,2,192,372,0,372,564
04/12/2001,TIX,FL,ASO,ES,Federal Contract Tower,0,0,24,0,24,0,0,188,0,188,0,0,212,0,212,327,0,327,539
04/13/2001,TIX,FL,ASO,ES,Federal Contract Tower,0,0,10,0,10,0,0,182,2,184,0,0,192,2,194,385,0,385,579
04/14/2001,TIX,FL,ASO,ES,Federal Contract Tower,0,0,13,0,13,0,0,177,0,177,0,0,190,0,190,267,0,267,457
04/15/2001,TIX,FL,ASO,ES,Federal Contract Tower,0,0,10,0,10,0,0,116,0,116,0,0,126,0,126,100,0,100,226
04/16/2001,TIX,FL,ASO,ES,Federal Contract Tower,0,0,13,0,13,0,0,134,0,134,0,0,147,0,147,179,0,179,326
04/17/2001,TIX,FL,ASO,ES,Federal Contract Tower,0,0,21,0,21,0,0,173,2,175,0,0,194,2,196,306,0,306,502
04/18/2001,TIX,FL,ASO,ES,Federal Contract Tower,0,0,9,0,9,0,2,142,2,146,0,2,151,2,155,227,0,227,382
04/19/2001,TIX,FL,ASO,ES,Federal Contract Tower,0,0,56,0,56,0,0,262,0,262,0,0,318,0,318,385,0,385,703
04/20/2001,TIX,FL,ASO,ES,Federal Contract Tower,0,0,12,0,12,0,0,169,0,169,0,0,181,0,181,389,0,389,570
04/21/2001,TIX,FL,ASO,ES,Federal Contract Tower,0,0,26,0,26,0,0,177,0,177,0,0,203,0,203,270,0,270,473
04/22/2001,TIX,FL,ASO,ES,Federal Contract Tower,0,0,9,0,9,0,0,175,0,175,0,0,184,0,184,305,0,305,489
04/23/2001,TIX,FL,ASO,ES,Federal Contract Tower,0,0,20,0,20,0,1,141,0,142,0,1,161,0,162,433,0,433,595
04/24/2001,TIX,FL,ASO,ES,Federal Contract Tower,0,0,25,0,25,0,0,174,0,174,0,0,199,0,199,576,0,576,775
04/25/2001,TIX,FL,ASO,ES,Federal Contract Tower,0,0,13,0,13,0,0,149,2,151,0,0,162,2,164,402,0,402,566
04/26/2001,TIX,FL,ASO,ES,Federal Contract Tower,0,0,15,0,15,0,1,80,0,81,0,1,95,0,96,133,0,133,229
04/27/2001,TIX,FL,ASO,ES,Federal Contract Tower,0,0,10,0,10,0,0,147,0,147,0,0,157,0,157,322,0,322,479
04/28/2001,TIX,FL,ASO,ES,Federal Contract Tower,0,0,19,0,19,0,0,233,0,233,0,0,252,0,252,539,0,539,791
04/29/2001,TIX,FL,ASO,ES,Federal Contract Tower,0,0,11,0,11,0,0,93,0,93,0,0,104,0,104,155,0,155,259
04/30/2001,TIX,FL,ASO,ES,Federal Contract Tower,0,0,12,0,12,0,0,101,0,101,0,0,113,0,113,231,0,231,344
05/01/2001,TIX,FL,ASO,ES,Federal Contract Tower,0,0,15,0,15,0,0,112,0,112,0,0,127,0,127,378,0,378,505
05/02/2001,TIX,FL,ASO,ES,Federal Contract Tower,0,0,16,0,16,0,0,191,2,193,0,0,207,2,209,472,0,472,681
05/03/2001,TIX,FL,ASO,ES,Federal Contract Tower,0,0,13,0,13,0,1,29,0,30,0,1,42,0,43,91,0,91,134
05/04/2001,TIX,FL,ASO,ES,Federal Contract Tower,0,0,8,0,8,0,0,196,0,196,0,0,204,0,204,424,0,424,628
05/05/2001,TIX,FL,ASO,ES,Federal Contract Tower,0,0,11,0,11,0,0,208,2,210,0,0,219,2,221,422,6,428,649
05/06/2001,TIX,FL,ASO,ES,Federal Contract Tower,0,0,11,0,11,0,0,130,0,130,0,0,141,0,141,437,0,437,578
05/07/2001,TIX,FL,ASO,ES,Federal Contract Tower,0,0,14,0,14,0,0,121,6,127,0,0,135,6,141,381,0,381,522
05/08/2001,TIX,FL,ASO,ES,Federal Contract Tower,0,0,15,0,15,0,0,172,2,174,0,0,187,2,189,494,0,494,683
05/09/2001,TIX,FL,ASO,ES,Federal Contract Tower,0,0,11,0,11,0,0,174,0,174,0,0,185,0,185,555,0,555,740
05/10/2001,TIX,FL,ASO,ES,Federal Contract Tower,0,0,6,0,6,0,0,165,3,168,0,0,171,3,174,444,0,444,618
05/11/2001,TIX,FL,ASO,ES,Federal Contract Tower,0,0,13,0,13,0,0,144,0,144,0,0,157,0,157,353,0,353,510
05/12/2001,TIX,FL,ASO,ES,Federal Contract Tower,0,0,8,0,8,0,0,236,0,236,0,0,244,0,244,501,0,501,745
05/13/2001,TIX,FL,ASO,ES,Federal Contract Tower,0,0,7,0,7,0,0,152,0,152,0,0,159,0,159,293,0,293,452
05/14/2001,TIX,FL,ASO,ES,Federal Contract Tower,0,0,13,0,13,0,0,177,0,177,0,0,190,0,190,452,0,452,642
05/15/2001,TIX,FL,ASO,ES,Federal Contract Tower,0,0,17,0,17,0,0,230,0,230,0,0,247,0,247,551,0,551,798
05/16/2001,TIX,FL,ASO,ES,Federal Contract Tower,0,0,17,0,17,0,0,149,0,149,0,0,166,0,166,400,0,400,566
05/17/2001,TIX,FL,ASO,ES,Federal Contract Tower,0,0,11,0,11,0,0,137,0,137,0,0,148,0,148,420,0,420,568
05/18/2001,TIX,FL,ASO,ES,Federal Contract Tower,0,0,13,0,13,0,0,185,0,185,0,0,198,0,198,364,0,364,562
05/19/2001,TIX,FL,ASO,ES,Federal Contract Tower,0,0,11,0,11,0,0,144,0,144,0,0,155,0,155,309,0,309,464
05/20/2001,TIX,FL,ASO,ES,Federal Contract Tower,0,0,12,0,12,0,0,165,2,167,0,0,177,2,179,140,0,140,319
05/21/2001,TIX,FL,ASO,ES,Federal Contract Tower,0,0,5,0,5,0,0,153,2,155,0,0,158,2,160,406,0,406,566
05/22/2001,TIX,FL,ASO,ES,Federal Contract Tower,0,0,15,0,15,0,0,119,0,119,0,0,134,0,134,288,0,288,422
05/23/2001,TIX,FL,ASO,ES,Federal Contract Tower,0,0,40,0,40,0,0,51,0,51,0,0,91,0,91,232,0,232,323
05/24/2001,TIX,FL,ASO,ES,Federal Contract Tower,0,0,19,0,19,0,0,186,0,186,0,0,205,0,205,356,0,356,561
05/25/2001,TIX,FL,ASO,ES,Federal Contract Tower,0,0,21,0,21,0,0,143,0,143,0,0,164,0,164,214,0,214,378
05/26/2001,TIX,FL,ASO,ES,Federal Contract Tower,0,0,20,0,20,0,0,125,0,125,0,0,145,0,145,254,0,254,399
05/27/2001,TIX,FL,ASO,ES,Federal Contract Tower,0,0,17,0,17,0,0,143,0,143,0,0,160,0,160,182,0,182,342
05/28/2001,TIX,FL,ASO,ES,Federal Contract Tower,0,0,7,0,7,0,0,181,0,181,0,0,188,0,188,307,0,307,495
05/29/2001,TIX,FL,ASO,ES,Federal Contract Tower,0,0,11,0,11,0,0,142,0,142,0,0,153,0,153,335,0,335,488
05/30/2001,TIX,FL,ASO,ES,Federal Contract Tower,0,0,2,0,2,0,0,220,0,220,0,0,222,0,222,431,0,431,653
05/31/2001,TIX,FL,ASO,ES,Federal Contract Tower,0,0,19,0,19,0,0,161,0,161,0,0,180,0,180,454,0,454,634
06/01/2001,TIX,FL,ASO,ES,Federal Contract Tower,0,0,19,0,19,0,0,120,2,122,0,0,139,2,141,291,0,291,432
06/02/2001,TIX,FL,ASO,ES,Federal Contract Tower,0,0,16,0,16,0,0,110,0,110,0,0,126,0,126,310,0,310,436
06/03/2001,TIX,FL,ASO,ES,Federal Contract Tower,0,0,11,0,11,0,0,176,0,176,0,0,187,0,187,289,0,289,476
06/04/2001,TIX,FL,ASO,ES,Federal Contract Tower,0,0,12,0,12,0,2,145,4,151,0,2,157,4,163,323,0,323,486
06/05/2001,TIX,FL,ASO,ES,Federal Contract Tower,0,0,8,0,8,0,2,168,0,170,0,2,176,0,178,403,0,403,581
06/06/2001,TIX,FL,ASO,ES,Federal Contract Tower,0,0,9,0,9,0,0,211,0,211,0,0,220,0,220,397,0,397,617
06/07/2001,TIX,FL,ASO,ES,Federal Contract Tower,0,0,18,0,18,0,0,114,0,114,0,0,132,0,132,256,0,256,388
06/08/2001,TIX,FL,ASO,ES,Federal Contract Tower,0,0,15,0,15,0,0,126,0,126,0,0,141,0,141,276,0,276,417
06/09/2001,TIX,FL,ASO,ES,Federal Contract Tower,0,0,11,0,11,0,0,198,0,198,0,0,209,0,209,308,0,308,517
06/10/2001,TIX,FL,ASO,ES,Federal Contract Tower,0,0,10,0,10,0,0,136,0,136,0,0,146,0,146,192,0,192,338
06/11/2001,TIX,FL,ASO,ES,Federal Contract Tower,0,0,10,0,10,0,0,140,0,140,0,0,150,0,150,320,0,320,470
06/12/2001,TIX,FL,ASO,ES,Federal Contract Tower,0,0,14,0,14,0,0,150,0,150,0,0,164,0,164,359,0,359,523
06/13/2001,TIX,FL,ASO,ES,Federal Contract Tower,0,0,31,0,31,0,0,62,0,62,0,0,93,0,93,128,0,128,221
06/14/2001,TIX,FL,ASO,ES,Federal Contract Tower,0,0,37,0,37,0,0,32,0,32,0,0,69,0,69,240,0,240,309
06/15/2001,TIX,FL,ASO,ES,Federal Contract Tower,0,0,6,0,6,0,0,161,1,162,0,0,167,1,168,304,10,314,482
06/16/2001,TIX,FL,ASO,ES,Federal Contract Tower,0,0,12,0,12,0,0,195,0,195,0,0,207,0,207,332,0,332,539
06/17/2001,TIX,FL,ASO,ES,Federal Contract Tower,0,0,9,0,9,0,0,112,0,112,0,0,121,0,121,172,0,172,293
06/18/2001,TIX,FL,ASO,ES,Federal Contract Tower,0,0,10,0,10,0,0,162,0,162,0,0,172,0,172,360,0,360,532
06/19/2001,TIX,FL,ASO,ES,Federal Contract Tower,0,0,6,0,6,0,0,200,0,200,0,0,206,0,206,481,0,481,687
06/20/2001,TIX,FL,ASO,ES,Federal Contract Tower,0,0,13,0,13,0,0,177,0,177,0,0,190,0,190,293,0,293,483
06/21/2001,TIX,FL,ASO,ES,Federal Contract Tower,0,0,8,0,8,0,0,209,0,209,0,0,217,0,217,412,0,412,629
06/22/2001,TIX,FL,ASO,ES,Federal Contract Tower,0,0,6,0,6,0,0,137,0,137,0,0,143,0,143,316,0,316,459
06/23/2001,TIX,FL,ASO,ES,Federal Contract Tower,0,0,6,0,6,0,0,131,6,137,0,0,137,6,143,174,0,174,317
06/24/2001,TIX,FL,ASO,ES,Federal Contract Tower,0,0,6,0,6,0,0,111,0,111,0,0,117,0,117,184,0,184,301
06/25/2001,TIX,FL,ASO,ES,Federal Contract Tower,0,0,7,0,7,0,0,194,0,194,0,0,201,0,201,438,0,438,639
06/26/2001,TIX,FL,ASO,ES,Federal Contract Tower,0,0,10,0,10,0,0,216,0,216,0,0,226,0,226,521,0,521,747
06/27/2001,TIX,FL,ASO,ES,Federal Contract Tower,0,0,13,0,13,0,0,146,0,146,0,0,159,0,159,362,0,362,521
06/28/2001,TIX,FL,ASO,ES,Federal Contract Tower,0,0,16,0,16,0,0,63,0,63,0,0,79,0,79,246,0,246,325
06/29/2001,TIX,FL,ASO,ES,Federal Contract Tower,0,0,16,0,16,0,0,148,0,148,0,0,164,0,164,494,0,494,658
06/30/2001,TIX,FL,ASO,ES,Federal Contract Tower,0,0,11,0,11,0,0,169,0,169,0,0,180,0,180,294,0,294,474
07/01/2001,TIX,FL,ASO,ES,Federal Contract Tower,0,0,2,0,2,0,0,168,0,168,0,0,170,0,170,308,0,308,478
07/02/2001,TIX,FL,ASO,ES,Federal Contract Tower,0,0,4,0,4,0,0,175,0,175,0,0,179,0,179,532,0,532,711
07/03/2001,TIX,FL,ASO,ES,Federal Contract Tower,0,0,4,0,4,0,0,172,0,172,0,0,176,0,176,525,0,525,701
07/04/2001,TIX,FL,ASO,ES,Federal Contract Tower,0,0,4,0,4,0,0,156,0,156,0,0,160,0,160,177,0,177,337
07/05/2001,TIX,FL,ASO,ES,Federal Contract Tower,0,0,5,0,5,0,0,116,0,116,0,0,121,0,121,352,0,352,473
07/06/2001,TIX,FL,ASO,ES,Federal Contract Tower,0,0,7,0,7,0,0,116,0,116,0,0,123,0,123,484,0,484,607
07/07/2001,TIX,FL,ASO,ES,Federal Contract Tower,0,0,5,0,5,0,0,161,0,161,0,0,166,0,166,396,0,396,562
07/08/2001,TIX,FL,ASO,ES,Federal Contract Tower,0,0,11,0,11,0,0,86,0,86,0,0,97,0,97,199,0,199,296
07/09/2001,TIX,FL,ASO,ES,Federal Contract Tower,0,0,10,1,11,0,0,108,6,114,0,0,118,7,125,238,0,238,363
07/10/2001,TIX,FL,ASO,ES,Federal Contract Tower,0,0,12,0,12,0,0,96,0,96,0,0,108,0,108,173,0,173,281
07/11/2001,TIX,FL,ASO,ES,Federal Contract Tower,0,0,73,1,74,0,0,131,1,132,0,0,204,2,206,340,0,340,546
07/12/2001,TIX,FL,ASO,ES,Federal Contract Tower,0,0,53,1,54,0,0,133,1,134,0,0,186,2,188,328,0,328,516
07/13/2001,TIX,FL,ASO,ES,Federal Contract Tower,0,0,41,0,41,0,0,107,0,107,0,0,148,0,148,273,0,273,421
07/14/2001,TIX,FL,ASO,ES,Federal Contract Tower,0,0,32,0,32,0,0,57,6,63,0,0,89,6,95,236,10,246,341
07/15/2001,TIX,FL,ASO,ES,Federal Contract Tower,0,0,15,0,15,0,0,131,2,133,0,0,146,2,148,311,0,311,459
07/16/2001,TIX,FL,ASO,ES,Federal Contract Tower,0,0,42,0,42,0,0,194,2,196,0,0,236,2,238,393,0,393,631
07/17/2001,TIX,FL,ASO,ES,Federal Contract Tower,0,0,67,0,67,0,0,154,0,154,0,0,221,0,221,573,0,573,794
07/18/2001,TIX,FL,ASO,ES,Federal Contract Tower,0,0,67,0,67,0,0,136,0,136,0,0,203,0,203,430,0,430,633
07/19/2001,TIX,FL,ASO,ES,Federal Contract Tower,0,0,66,0,66,0,0,161,6,167,0,0,227,6,233,476,0,476,709
07/20/2001,TIX,FL,ASO,ES,Federal Contract Tower,0,0,46,0,46,0,1,77,0,78,0,1,123,0,124,376,0,376,500
07/21/2001,TIX,FL,ASO,ES,Federal Contract Tower,0,0,40,0,40,0,0,25,4,29,0,0,65,4,69,142,0,142,211
07/22/2001,TIX,FL,ASO,ES,Federal Contract Tower,0,0,31,0,31,0,0,55,0,55,0,0,86,0,86,97,0,97,183
07/23/2001,TIX,FL,ASO,ES,Federal Contract Tower,0,0,66,0,66,2,0,169,0,171,2,0,235,0,237,526,0,526,763
07/24/2001,TIX,FL,ASO,ES,Federal Contract Tower,0,0,41,0,41,0,2,67,0,69,0,2,108,0,110,393,0,393,503
07/25/2001,TIX,FL,ASO,ES,Federal Contract Tower,0,0,46,0,46,0,0,197,4,201,0,0,243,4,247,499,0,499,746
07/26/2001,TIX,FL,ASO,ES,Federal Contract Tower,0,0,57,0,57,0,1,125,2,128,0,1,182,2,185,552,0,552,737
07/27/2001,TIX,FL,ASO,ES,Federal Contract Tower,0,0,46,0,46,0,0,143,2,145,0,0,189,2,191,365,0,365,556
07/28/2001,TIX,FL,ASO,ES,Federal Contract Tower,0,0,68,0,68,0,0,173,1,174,0,0,241,1,242,465,0,465,707
07/29/2001,TIX,FL,ASO,ES,Federal Contract Tower,0,0,14,0,14,0,0,195,0,195,0,0,209,0,209,196,0,196,405
07/30/2001,TIX,FL,ASO,ES,Federal Contract Tower,0,0,67,0,67,0,0,133,0,133,0,0,200,0,200,554,0,554,754
07/31/2001,TIX,FL,ASO,ES,Federal Contract Tower,0,0,51,0,51,0,0,81,0,81,0,0,132,0,132,338,0,338,470
08/01/2001,TIX,FL,ASO,ES,Federal Contract Tower,0,0,69,0,69,0,0,76,0,76,0,0,145,0,145,408,0,408,553
08/02/2001,TIX,FL,ASO,ES,Federal Contract Tower,0,0,26,0,26,0,0,59,0,59,0,0,85,0,85,261,0,261,346
08/03/2001,TIX,FL,ASO,ES,Federal Contract Tower,0,0,37,0,37,0,0,127,0,127,0,0,164,0,164,370,0,370,534
08/04/2001,TIX,FL,ASO,ES,Federal Contract Tower,0,0,68,0,68,0,0,144,0,144,0,0,212,0,212,330,0,330,542
08/05/2001,TIX,FL,ASO,ES,Federal Contract Tower,0,0,20,0,20,0,0,93,0,93,0,0,113,0,113,304,0,304,417
08/06/2001,TIX,FL,ASO,ES,Federal Contract Tower,0,0,61,0,61,0,0,102,0,102,0,0,163,0,163,389,0,389,552
08/07/2001,TIX,FL,ASO,ES,Federal Contract Tower,0,0,107,2,109,0,0,210,2,212,0,0,317,4,321,688,0,688,1009
08/08/2001,TIX,FL,ASO,ES,Federal Contract Tower,0,0,75,0,75,0,6,180,0,186,0,6,255,0,261,550,0,550,811
08/09/2001,TIX,FL,ASO,ES,Federal Contract Tower,0,0,61,1,62,0,0,166,1,167,0,0,227,2,229,410,0,410,639
08/10/2001,TIX,FL,ASO,ES,Federal Contract Tower,0,0,66,1,67,0,0,171,1,172,0,0,237,2,239,617,0,617,856
08/11/2001,TIX,FL,ASO,ES,Federal Contract Tower,0,0,51,0,51,0,0,191,0,191,0,0,242,0,242,504,0,504,746
08/12/2001,TIX,FL,ASO,ES,Federal Contract Tower,0,0,44,0,44,0,0,146,0,146,0,0,190,0,190,391,0,391,581
08/13/2001,TIX,FL,ASO,ES,Federal Contract Tower,0,0,87,2,89,0,0,172,6,178,0,0,259,8,267,565,0,565,832
08/14/2001,TIX,FL,ASO,ES,Federal Contract Tower,0,0,115,2,117,0,0,176,1,177,0,0,291,3,294,444,4,448,742
08/15/2001,TIX,FL,ASO,ES,Federal Contract Tower,0,0,106,2,108,0,0,103,0,103,0,0,209,2,211,373,0,373,584
08/16/2001,TIX,FL,ASO,ES,Federal Contract Tower,0,0,91,1,92,0,0,94,0,94,0,0,185,1,186,350,0,350,536
08/17/2001,TIX,FL,ASO,ES,Federal Contract Tower,0,0,122,0,122,0,0,32,0,32,0,0,154,0,154,244,0,244,398
08/18/2001,TIX,FL,ASO,ES,Federal Contract Tower,0,0,33,1,34,0,0,234,1,235,0,0,267,2,269,340,0,340,609
08/19/2001,TIX,FL,ASO,ES,Federal Contract Tower,0,0,59,0,59,0,0,108,0,108,0,0,167,0,167,198,0,198,365
08/20/2001,TIX,FL,ASO,ES,Federal Contract Tower,0,0,80,0,80,0,0,86,0,86,0,0,166,0,166,382,0,382,548
08/21/2001,TIX,FL,ASO,ES,Federal Contract Tower,0,0,82,1,83,0,0,91,0,91,0,0,173,1,174,456,0,456,630
08/22/2001,TIX,FL,ASO,ES,Federal Contract Tower,0,0,74,0,74,0,0,172,6,178,0,0,246,6,252,515,0,515,767
08/23/2001,TIX,FL,ASO,ES,Federal Contract Tower,0,0,74,1,75,0,6,107,1,114,0,6,181,2,189,526,0,526,715
08/24/2001,TIX,FL,ASO,ES,Federal Contract Tower,0,0,59,0,59,0,0,138,0,138,0,0,197,0,197,405,0,405,602
08/25/2001,TIX,FL,ASO,ES,Federal Contract Tower,0,0,36,0,36,0,0,193,0,193,0,0,229,0,229,392,0,392,621
08/26/2001,TIX,FL,ASO,ES,Federal Contract Tower,0,0,29,0,29,0,0,125,0,125,0,0,154,0,154,308,0,308,462
08/27/2001,TIX,FL,ASO,ES,Federal Contract Tower,0,0,64,0,64,0,0,165,2,167,0,0,229,2,231,586,0,586,817
08/28/2001,TIX,FL,ASO,ES,Federal Contract Tower,0,0,74,0,74,0,0,146,0,146,0,0,220,0,220,702,0,702,922
08/29/2001,TIX,FL,ASO,ES,Federal Contract Tower,0,0,50,0,50,0,0,188,9,197,0,0,238,9,247,595,0,595,842
08/30/2001,TIX,FL,ASO,ES,Federal Contract Tower,0,0,18,0,18,0,0,164,2,166,0,0,182,2,184,511,0,511,695
08/31/2001,TIX,FL,ASO,ES,Federal Contract Tower,0,0,29,0,29,0,0,170,2,172,0,0,199,2,201,446,0,446,647
09/01/2001,TIX,FL,ASO,ES,Federal Contract Tower,0,0,36,0,36,0,0,186,0,186,0,0,222,0,222,432,0,432,654
09/02/2001,TIX,FL,ASO,ES,Federal Contract Tower,0,0,16,0,16,0,0,163,0,163,0,0,179,0,179,229,0,229,408
09/03/2001,TIX,FL,ASO,ES,Federal Contract Tower,0,0,22,0,22,0,0,143,0,143,0,0,165,0,165,470,0,470,635
09/04/2001,TIX,FL,ASO,ES,Federal Contract Tower,0,0,48,0,48,0,0,160,0,160,0,0,208,0,208,459,0,459,667
09/05/2001,TIX,FL,ASO,ES,Federal Contract Tower,0,0,68,0,68,0,0,120,0,120,0,0,188,0,188,464,0,464,652
09/06/2001,TIX,FL,ASO,ES,Federal Contract Tower,0,0,62,0,62,0,0,67,0,67,0,0,129,0,129,262,0,262,391
09/07/2001,TIX,FL,ASO,ES,Federal Contract Tower,0,0,58,0,58,0,0,57,2,59,0,0,115,2,117,251,0,251,368
09/08/2001,TIX,FL,ASO,ES,Federal Contract Tower,0,0,51,0,51,0,0,109,0,109,0,0,160,0,160,317,0,317,477
09/09/2001,TIX,FL,ASO,ES,Federal Contract Tower,0,0,32,0,32,0,0,84,0,84,0,0,116,0,116,278,0,278,394
09/10/2001,TIX,FL,ASO,ES,Federal Contract Tower,0,0,47,0,47,0,0,152,0,152,0,0,199,0,199,547,0,547,746
09/11/2001,TIX,FL,ASO,ES,Federal Contract Tower,0,0,15,0,15,0,0,23,0,23,0,0,38,0,38,51,0,51,89
09/12/2001,TIX,FL,ASO,ES,Federal Contract Tower,0,0,0,0,0,0,0,0,0,0,0,0,0,0,0,0,0,0,0
09/13/2001,TIX,FL,ASO,ES,Federal Contract Tower,0,0,0,0,0,0,0,0,0,0,0,0,0,0,0,0,0,0,0
09/14/2001,TIX,FL,ASO,ES,Federal Contract Tower,0,0,0,0,0,0,0,0,0,0,0,0,0,0,0,0,0,0,0
09/15/2001,TIX,FL,ASO,ES,Federal Contract Tower,0,0,29,0,29,0,0,0,0,0,0,0,29,0,29,0,0,0,29
09/16/2001,TIX,FL,ASO,ES,Federal Contract Tower,0,0,47,0,47,0,0,0,0,0,0,0,47,0,47,0,0,0,47
09/17/2001,TIX,FL,ASO,ES,Federal Contract Tower,0,0,24,0,24,0,0,0,0,0,0,0,24,0,24,0,0,0,24
09/18/2001,TIX,FL,ASO,ES,Federal Contract Tower,0,0,70,0,70,0,0,10,2,12,0,0,80,2,82,1,0,1,83
09/19/2001,TIX,FL,ASO,ES,Federal Contract Tower,0,0,90,0,90,0,4,0,0,4,0,4,90,0,94,0,0,0,94
09/20/2001,TIX,FL,ASO,ES,Federal Contract Tower,0,0,112,0,112,0,0,55,3,58,0,0,167,3,170,199,0,199,369
09/21/2001,TIX,FL,ASO,ES,Federal Contract Tower,0,0,76,0,76,0,0,72,2,74,0,0,148,2,150,571,0,571,721
09/22/2001,TIX,FL,ASO,ES,Federal Contract Tower,0,0,53,0,53,0,2,150,0,152,0,2,203,0,205,453,0,453,658
09/23/2001,TIX,FL,ASO,ES,Federal Contract Tower,0,0,30,0,30,0,0,120,1,121,0,0,150,1,151,526,0,526,677
09/24/2001,TIX,FL,ASO,ES,Federal Contract Tower,0,0,53,0,53,0,0,127,3,130,0,0,180,3,183,748,0,748,931
09/25/2001,TIX,FL,ASO,ES,Federal Contract Tower,0,0,50,0,50,0,0,98,0,98,0,0,148,0,148,569,0,569,717
09/26/2001,TIX,FL,ASO,ES,Federal Contract Tower,0,0,52,0,52,0,0,162,0,162,0,0,214,0,214,591,0,591,805
09/27/2001,TIX,FL,ASO,ES,Federal Contract Tower,0,0,47,0,47,0,0,140,0,140,0,0,187,0,187,633,0,633,820
09/28/2001,TIX,FL,ASO,ES,Federal Contract Tower,0,0,51,0,51,0,0,126,2,128,0,0,177,2,179,607,0,607,786
09/29/2001,TIX,FL,ASO,ES,Federal Contract Tower,0,0,46,0,46,0,0,25,1,26,0,0,71,1,72,82,0,82,154
09/30/2001,TIX,FL,ASO,ES,Federal Contract Tower,0,0,10,0,10,0,0,102,0,102,0,0,112,0,112,256,0,256,368
10/01/2001,TIX,FL,ASO,ES,Federal Contract Tower,0,0,47,0,47,0,0,154,0,154,0,0,201,0,201,813,0,813,1014
10/02/2001,TIX,FL,ASO,ES,Federal Contract Tower,0,0,56,0,56,0,0,203,1,204,0,0,259,1,260,765,0,765,1025
10/03/2001,TIX,FL,ASO,ES,Federal Contract Tower,0,0,55,0,55,0,2,197,3,202,0,2,252,3,257,565,1,566,823
10/04/2001,TIX,FL,ASO,ES,Federal Contract Tower,0,0,40,0,40,0,0,178,1,179,0,0,218,1,219,598,0,598,817
10/05/2001,TIX,FL,ASO,ES,Federal Contract Tower,0,0,53,0,53,0,0,134,0,134,0,0,187,0,187,544,0,544,731
10/06/2001,TIX,FL,ASO,ES,Federal Contract Tower,0,0,55,0,55,0,0,153,0,153,0,0,208,0,208,415,0,415,623
10/07/2001,TIX,FL,ASO,ES,Federal Contract Tower,0,0,14,0,14,0,0,43,2,45,0,0,57,2,59,112,0,112,171
10/08/2001,TIX,FL,ASO,ES,Federal Contract Tower,0,0,49,0,49,0,0,82,1,83,0,0,131,1,132,467,0,467,599
10/09/2001,TIX,FL,ASO,ES,Federal Contract Tower,0,0,33,0,33,0,0,131,2,133,0,0,164,2,166,450,0,450,616
10/10/2001,TIX,FL,ASO,ES,Federal Contract Tower,0,0,34,0,34,0,0,143,0,143,0,0,177,0,177,380,0,380,557
10/11/2001,TIX,FL,ASO,ES,Federal Contract Tower,0,0,38,0,38,0,0,209,0,209,0,0,247,0,247,740,0,740,987
10/12/2001,TIX,FL,ASO,ES,Federal Contract Tower,0,0,43,0,43,0,0,131,0,131,0,0,174,0,174,669,0,669,843
10/13/2001,TIX,FL,ASO,ES,Federal Contract Tower,0,0,49,0,49,0,0,116,2,118,0,0,165,2,167,369,0,369,536
10/14/2001,TIX,FL,ASO,ES,Federal Contract Tower,0,0,31,0,31,0,0,100,0,100,0,0,131,0,131,344,0,344,475
10/15/2001,TIX,FL,ASO,ES,Federal Contract Tower,0,0,50,0,50,0,0,201,8,209,0,0,251,8,259,742,0,742,1001
10/16/2001,TIX,FL,ASO,ES,Federal Contract Tower,0,0,71,0,71,0,0,160,0,160,0,0,231,0,231,805,0,805,1036
10/17/2001,TIX,FL,ASO,ES,Federal Contract Tower,0,2,56,0,58,0,0,138,0,138,0,2,194,0,196,333,0,333,529
10/18/2001,TIX,FL,ASO,ES,Federal Contract Tower,0,0,28,0,28,0,0,136,0,136,0,0,164,0,164,581,0,581,745
10/19/2001,TIX,FL,ASO,ES,Federal Contract Tower,0,0,28,0,28,0,0,91,0,91,0,0,119,0,119,403,0,403,522
10/20/2001,TIX,FL,ASO,ES,Federal Contract Tower,0,0,36,0,36,0,0,144,2,146,0,0,180,2,182,666,0,666,848
10/21/2001,TIX,FL,ASO,ES,Federal Contract Tower,0,0,12,0,12,0,0,6,2,8,0,0,18,2,20,45,0,45,65
10/22/2001,TIX,FL,ASO,ES,Federal Contract Tower,0,2,51,0,53,0,0,67,1,68,0,2,118,1,121,514,0,514,635
10/23/2001,TIX,FL,ASO,ES,Federal Contract Tower,0,0,106,0,106,0,0,123,0,123,0,0,229,0,229,570,0,570,799
10/24/2001,TIX,FL,ASO,ES,Federal Contract Tower,0,0,98,0,98,0,0,88,0,88,0,0,186,0,186,230,0,230,416
10/25/2001,TIX,FL,ASO,ES,Federal Contract Tower,0,4,100,0,104,0,11,47,0,58,0,15,147,0,162,408,0,408,570
10/26/2001,TIX,FL,ASO,ES,Federal Contract Tower,0,0,52,0,52,0,0,85,0,85,0,0,137,0,137,303,0,303,440
10/27/2001,TIX,FL,ASO,ES,Federal Contract Tower,0,0,44,0,44,0,0,109,2,111,0,0,153,2,155,382,0,382,537
10/28/2001,TIX,FL,ASO,ES,Federal Contract Tower,0,0,10,0,10,0,0,86,0,86,0,0,96,0,96,263,0,263,359
10/29/2001,TIX,FL,ASO,ES,Federal Contract Tower,0,0,30,0,30,0,1,129,0,130,0,1,159,0,160,548,0,548,708
10/30/2001,TIX,FL,ASO,ES,Federal Contract Tower,0,0,45,0,45,0,0,160,0,160,0,0,205,0,205,700,0,700,905
10/31/2001,TIX,FL,ASO,ES,Federal Contract Tower,0,0,61,1,62,0,0,173,1,174,0,0,234,2,236,326,0,326,562
11/01/2001,TIX,FL,ASO,ES,Federal Contract Tower,0,0,60,0,60,0,0,121,0,121,0,0,181,0,181,507,0,507,688
11/02/2001,TIX,FL,ASO,ES,Federal Contract Tower,0,0,29,0,29,0,0,47,0,47,0,0,76,0,76,329,0,329,405
11/03/2001,TIX,FL,ASO,ES,Federal Contract Tower,0,0,45,0,45,0,0,111,0,111,0,0,156,0,156,416,0,416,572
11/04/2001,TIX,FL,ASO,ES,Federal Contract Tower,0,0,14,0,14,0,0,97,3,100,0,0,111,3,114,231,0,231,345
11/05/2001,TIX,FL,ASO,ES,Federal Contract Tower,0,0,18,0,18,0,0,26,0,26,0,0,44,0,44,166,0,166,210
11/06/2001,TIX,FL,ASO,ES,Federal Contract Tower,0,0,59,0,59,0,0,159,0,159,0,0,218,0,218,701,0,701,919
11/07/2001,TIX,FL,ASO,ES,Federal Contract Tower,0,0,34,0,34,0,0,211,2,213,0,0,245,2,247,554,0,554,801
11/08/2001,TIX,FL,ASO,ES,Federal Contract Tower,0,0,34,0,34,0,0,167,0,167,0,0,201,0,201,617,0,617,818
11/09/2001,TIX,FL,ASO,ES,Federal Contract Tower,0,0,30,0,30,0,0,123,0,123,0,0,153,0,153,510,0,510,663
11/10/2001,TIX,FL,ASO,ES,Federal Contract Tower,0,0,35,0,35,0,0,124,0,124,0,0,159,0,159,384,0,384,543
11/11/2001,TIX,FL,ASO,ES,Federal Contract Tower,0,0,25,0,25,0,0,95,0,95,0,0,120,0,120,326,0,326,446
11/12/2001,TIX,FL,ASO,ES,Federal Contract Tower,0,0,38,0,38,0,0,122,0,122,0,0,160,0,160,516,0,516,676
11/13/2001,TIX,FL,ASO,ES,Federal Contract Tower,0,2,23,0,25,0,0,50,0,50,0,2,73,0,75,220,0,220,295
11/14/2001,TIX,FL,ASO,ES,Federal Contract Tower,0,0,21,0,21,0,0,0,0,0,0,0,21,0,21,2,0,2,23
11/15/2001,TIX,FL,ASO,ES,Federal Contract Tower,0,0,36,0,36,0,0,5,0,5,0,0,41,0,41,0,0,0,41
11/16/2001,TIX,FL,ASO,ES,Federal Contract Tower,0,0,33,0,33,0,0,46,6,52,0,0,79,6,85,277,0,277,362
11/17/2001,TIX,FL,ASO,ES,Federal Contract Tower,0,0,42,0,42,0,0,147,0,147,0,0,189,0,189,358,0,358,547
11/18/2001,TIX,FL,ASO,ES,Federal Contract Tower,0,0,27,6,33,0,0,108,0,108,0,0,135,6,141,493,0,493,634
11/19/2001,TIX,FL,ASO,ES,Federal Contract Tower,0,0,44,0,44,0,0,62,0,62,0,0,106,0,106,439,0,439,545
11/20/2001,TIX,FL,ASO,ES,Federal Contract Tower,0,0,75,0,75,0,2,167,2,171,0,2,242,2,246,559,0,559,805
11/21/2001,TIX,FL,ASO,ES,Federal Contract Tower,0,0,53,0,53,0,0,153,2,155,0,0,206,2,208,578,0,578,786
11/22/2001,TIX,FL,ASO,ES,Federal Contract Tower,0,0,28,0,28,0,0,41,0,41,0,0,69,0,69,172,0,172,241
11/23/2001,TIX,FL,ASO,ES,Federal Contract Tower,0,0,33,0,33,0,0,88,0,88,0,0,121,0,121,263,0,263,384
11/24/2001,TIX,FL,ASO,ES,Federal Contract Tower,0,0,47,0,47,0,0,141,0,141,0,0,188,0,188,434,0,434,622
11/25/2001,TIX,FL,ASO,ES,Federal Contract Tower,0,0,35,0,35,0,0,109,0,109,0,0,144,0,144,206,0,206,350
11/26/2001,TIX,FL,ASO,ES,Federal Contract Tower,0,0,30,0,30,0,0,131,2,133,0,0,161,2,163,480,0,480,643
11/27/2001,TIX,FL,ASO,ES,Federal Contract Tower,0,0,44,0,44,0,0,137,0,137,0,0,181,0,181,534,0,534,715
11/28/2001,TIX,FL,ASO,ES,Federal Contract Tower,0,0,67,0,67,0,0,108,0,108,0,0,175,0,175,396,0,396,571
11/29/2001,TIX,FL,ASO,ES,Federal Contract Tower,0,0,3,0,3,0,0,6,0,6,0,0,9,0,9,2,0,2,11
11/30/2001,TIX,FL,ASO,ES,Federal Contract Tower,0,0,26,0,26,0,0,49,0,49,0,0,75,0,75,196,0,196,271
12/01/2001,TIX,FL,ASO,ES,Federal Contract Tower,0,0,47,0,47,0,0,71,0,71,0,0,118,0,118,295,0,295,413
12/02/2001,TIX,FL,ASO,ES,Federal Contract Tower,0,0,24,0,24,0,0,130,2,132,0,0,154,2,156,465,0,465,621
12/03/2001,TIX,FL,ASO,ES,Federal Contract Tower,0,2,48,0,50,0,0,153,0,153,0,2,201,0,203,573,0,573,776
12/04/2001,TIX,FL,ASO,ES,Federal Contract Tower,0,0,0,0,0,0,0,9,0,9,0,0,9,0,9,0,0,0,9
12/05/2001,TIX,FL,ASO,ES,Federal Contract Tower,0,1,0,0,1,0,1,14,0,15,0,2,14,0,16,0,0,0,16
12/06/2001,TIX,FL,ASO,ES,Federal Contract Tower,0,0,47,0,47,0,0,214,3,217,0,0,261,3,264,691,0,691,955
12/07/2001,TIX,FL,ASO,ES,Federal Contract Tower,0,0,48,0,48,0,2,123,0,125,0,2,171,0,173,617,0,617,790
12/08/2001,TIX,FL,ASO,ES,Federal Contract Tower,0,0,24,0,24,0,0,183,0,183,0,0,207,0,207,495,0,495,702
12/09/2001,TIX,FL,ASO,ES,Federal Contract Tower,0,0,74,0,74,0,0,84,2,86,0,0,158,2,160,521,0,521,681
12/10/2001,TIX,FL,ASO,ES,Federal Contract Tower,0,0,42,0,42,0,0,133,0,133,0,0,175,0,175,761,0,761,936
12/11/2001,TIX,FL,ASO,ES,Federal Contract Tower,0,1,56,2,59,0,0,154,0,154,0,1,210,2,213,713,4,717,930
12/12/2001,TIX,FL,ASO,ES,Federal Contract Tower,0,0,27,0,27,0,0,192,2,194,0,0,219,2,221,482,0,482,703
12/13/2001,TIX,FL,ASO,ES,Federal Contract Tower,0,0,30,0,30,0,0,152,0,152,0,0,182,0,182,463,0,463,645
12/14/2001,TIX,FL,ASO,ES,Federal Contract Tower,0,0,60,1,61,0,0,138,0,138,0,0,198,1,199,495,0,495,694
12/15/2001,TIX,FL,ASO,ES,Federal Contract Tower,0,2,63,0,65,0,0,134,5,139,0,2,197,5,204,488,0,488,692
12/16/2001,TIX,FL,ASO,ES,Federal Contract Tower,0,0,65,0,65,0,0,101,0,101,0,0,166,0,166,382,0,382,548
12/17/2001,TIX,FL,ASO,ES,Federal Contract Tower,0,0,34,0,34,0,0,106,0,106,0,0,140,0,140,497,0,497,637
12/18/2001,TIX,FL,ASO,ES,Federal Contract Tower,0,0,87,0,87,0,1,82,2,85,0,1,169,2,172,660,0,660,832
12/19/2001,TIX,FL,ASO,ES,Federal Contract Tower,0,0,90,2,92,0,0,172,2,174,0,0,262,4,266,414,10,424,690
12/20/2001,TIX,FL,ASO,ES,Federal Contract Tower,0,1,89,1,91,0,16,122,4,142,0,17,211,5,233,497,0,497,730
12/21/2001,TIX,FL,ASO,ES,Federal Contract Tower,0,0,32,0,32,0,0,145,0,145,0,0,177,0,177,412,0,412,589
12/22/2001,TIX,FL,ASO,ES,Federal Contract Tower,0,0,54,0,54,0,2,109,0,111,0,2,163,0,165,152,0,152,317
12/23/2001,TIX,FL,ASO,ES,Federal Contract Tower,0,2,15,0,17,0,0,80,0,80,0,2,95,0,97,171,0,171,268
12/24/2001,TIX,FL,ASO,ES,Federal Contract Tower,0,0,14,0,14,0,0,60,0,60,0,0,74,0,74,151,0,151,225
12/25/2001,TIX,FL,ASO,ES,Federal Contract Tower,0,0,1,0,1,0,0,15,0,15,0,0,16,0,16,2,0,2,18
12/26/2001,TIX,FL,ASO,ES,Federal Contract Tower,0,0,57,4,61,0,0,39,0,39,0,0,96,4,100,77,0,77,177
12/27/2001,TIX,FL,ASO,ES,Federal Contract Tower,0,0,89,6,95,0,0,54,0,54,0,0,143,6,149,254,0,254,403
12/28/2001,TIX,FL,ASO,ES,Federal Contract Tower,0,0,45,0,45,0,0,105,0,105,0,0,150,0,150,269,0,269,419
12/29/2001,TIX,FL,ASO,ES,Federal Contract Tower,0,0,58,0,58,0,0,71,0,71,0,0,129,0,129,214,0,214,343
12/30/2001,TIX,FL,ASO,ES,Federal Contract Tower,0,0,28,0,28,0,1,140,0,141,0,1,168,0,169,108,0,108,277
12/31/2001,TIX,FL,ASO,ES,Federal Contract Tower,0,0,15,0,15,0,0,67,0,67,0,0,82,0,82,323,0,323,405
01/01/2002,TIX,FL,ASO,ES,Federal Contract Tower,0,0,30,0,30,0,0,92,0,92,0,0,122,0,122,111,0,111,233
01/02/2002,TIX,FL,ASO,ES,Federal Contract Tower,0,0,15,0,15,0,0,36,0,36,0,0,51,0,51,77,0,77,128
01/03/2002,TIX,FL,ASO,ES,Federal Contract Tower,0,0,46,0,46,0,0,58,0,58,0,0,104,0,104,162,0,162,266
01/04/2002,TIX,FL,ASO,ES,Federal Contract Tower,0,0,53,0,53,0,0,108,0,108,0,0,161,0,161,349,0,349,510
01/05/2002,TIX,FL,ASO,ES,Federal Contract Tower,0,0,44,0,44,0,0,158,2,160,0,0,202,2,204,398,0,398,602
01/06/2002,TIX,FL,ASO,ES,Federal Contract Tower,0,0,126,0,126,0,0,103,0,103,0,0,229,0,229,445,0,445,674
01/07/2002,TIX,FL,ASO,ES,Federal Contract Tower,0,0,44,0,44,0,0,6,0,6,0,0,50,0,50,46,0,46,96
01/08/2002,TIX,FL,ASO,ES,Federal Contract Tower,0,0,99,0,99,0,0,107,0,107,0,0,206,0,206,333,0,333,539
01/09/2002,TIX,FL,ASO,ES,Federal Contract Tower,0,9,79,0,88,0,1,133,0,134,0,10,212,0,222,366,0,366,588
01/10/2002,TIX,FL,ASO,ES,Federal Contract Tower,0,0,67,0,67,0,0,167,0,167,0,0,234,0,234,602,0,602,836
01/11/2002,TIX,FL,ASO,ES,Federal Contract Tower,0,0,70,0,70,0,0,113,0,113,0,0,183,0,183,453,0,453,636
01/12/2002,TIX,FL,ASO,ES,Federal Contract Tower,0,0,67,0,67,0,0,133,0,133,0,0,200,0,200,287,0,287,487
01/13/2002,TIX,FL,ASO,ES,Federal Contract Tower,0,0,26,0,26,0,30,217,19,266,0,30,243,19,292,368,0,368,660
01/14/2002,TIX,FL,ASO,ES,Federal Contract Tower,0,3,58,0,61,0,0,16,0,16,0,3,74,0,77,121,0,121,198
01/15/2002,TIX,FL,ASO,ES,Federal Contract Tower,0,0,76,0,76,0,0,65,0,65,0,0,141,0,141,227,0,227,368
01/16/2002,TIX,FL,ASO,ES,Federal Contract Tower,0,4,62,0,66,0,17,189,1,207,0,21,251,1,273,423,0,423,696
01/17/2002,TIX,FL,ASO,ES,Federal Contract Tower,0,0,53,0,53,0,0,170,0,170,0,0,223,0,223,728,0,728,951
01/18/2002,TIX,FL,ASO,ES,Federal Contract Tower,0,2,75,2,79,0,0,122,0,122,0,2,197,2,201,478,0,478,679
01/19/2002,TIX,FL,ASO,ES,Federal Contract Tower,0,0,53,0,53,0,0,156,0,156,0,0,209,0,209,311,0,311,520
01/20/2002,TIX,FL,ASO,ES,Federal Contract Tower,0,0,49,0,49,0,0,73,0,73,0,0,122,0,122,161,0,161,283
01/21/2002,TIX,FL,ASO,ES,Federal Contract Tower,0,0,80,0,80,0,21,93,0,114,0,21,173,0,194,277,0,277,471
01/22/2002,TIX,FL,ASO,ES,Federal Contract Tower,0,0,40,0,40,0,0,124,0,124,0,0,164,0,164,546,0,546,710
01/23/2002,TIX,FL,ASO,ES,Federal Contract Tower,0,0,55,0,55,0,2,180,0,182,0,2,235,0,237,579,0,579,816
01/24/2002,TIX,FL,ASO,ES,Federal Contract Tower,0,0,81,0,81,0,0,87,0,87,0,0,168,0,168,487,0,487,655
01/25/2002,TIX,FL,ASO,ES,Federal Contract Tower,0,0,70,0,70,0,6,85,2,93,0,6,155,2,163,521,0,521,684
01/26/2002,TIX,FL,ASO,ES,Federal Contract Tower,0,0,21,0,21,0,0,59,0,59,0,0,80,0,80,199,0,199,279
01/27/2002,TIX,FL,ASO,ES,Federal Contract Tower,0,0,29,0,29,0,0,47,0,47,0,0,76,0,76,92,0,92,168
01/28/2002,TIX,FL,ASO,ES,Federal Contract Tower,0,0,52,0,52,0,0,83,0,83,0,0,135,0,135,424,0,424,559
01/29/2002,TIX,FL,ASO,ES,Federal Contract Tower,0,4,53,0,57,0,2,131,0,133,0,6,184,0,190,492,0,492,682
01/30/2002,TIX,FL,ASO,ES,Federal Contract Tower,0,0,42,2,44,0,0,129,0,129,0,0,171,2,173,406,0,406,579
01/31/2002,TIX,FL,ASO,ES,Federal Contract Tower,0,0,34,0,34,0,0,132,0,132,0,0,166,0,166,434,0,434,600
02/01/2002,TIX,FL,ASO,ES,Federal Contract Tower,0,1,39,0,40,0,0,120,0,120,0,1,159,0,160,450,0,450,610
02/02/2002,TIX,FL,ASO,ES,Federal Contract Tower,0,0,42,0,42,0,0,109,0,109,0,0,151,0,151,316,0,316,467
02/03/2002,TIX,FL,ASO,ES,Federal Contract Tower,0,0,41,0,41,0,0,139,0,139,0,0,180,0,180,315,0,315,495
02/04/2002,TIX,FL,ASO,ES,Federal Contract Tower,0,0,41,0,41,0,0,131,0,131,0,0,172,0,172,315,0,315,487
02/05/2002,TIX,FL,ASO,ES,Federal Contract Tower,0,0,37,0,37,0,0,142,0,142,0,0,179,0,179,433,0,433,612
02/06/2002,TIX,FL,ASO,ES,Federal Contract Tower,0,0,61,0,61,0,0,119,2,121,0,0,180,2,182,444,4,448,630
02/07/2002,TIX,FL,ASO,ES,Federal Contract Tower,0,0,48,0,48,0,0,40,0,40,0,0,88,0,88,121,0,121,209
02/08/2002,TIX,FL,ASO,ES,Federal Contract Tower,0,0,57,0,57,0,0,111,0,111,0,0,168,0,168,419,0,419,587
02/09/2002,TIX,FL,ASO,ES,Federal Contract Tower,0,0,96,0,96,0,0,163,14,177,0,0,259,14,273,411,0,411,684
02/10/2002,TIX,FL,ASO,ES,Federal Contract Tower,0,0,63,0,63,0,0,85,0,85,0,0,148,0,148,200,0,200,348
02/11/2002,TIX,FL,ASO,ES,Federal Contract Tower,0,0,61,0,61,0,0,147,0,147,0,0,208,0,208,626,0,626,834
02/12/2002,TIX,FL,ASO,ES,Federal Contract Tower,0,2,62,0,64,0,0,185,0,185,0,2,247,0,249,568,0,568,817
02/13/2002,TIX,FL,ASO,ES,Federal Contract Tower,0,0,31,0,31,0,0,140,2,142,0,0,171,2,173,390,0,390,563
02/14/2002,TIX,FL,ASO,ES,Federal Contract Tower,0,0,40,0,40,0,12,121,0,133,0,12,161,0,173,352,0,352,525
02/15/2002,TIX,FL,ASO,ES,Federal Contract Tower,0,0,42,0,42,0,1,185,0,186,0,1,227,0,228,419,0,419,647
02/16/2002,TIX,FL,ASO,ES,Federal Contract Tower,0,0,37,2,39,0,0,99,3,102,0,0,136,5,141,354,8,362,503
02/17/2002,TIX,FL,ASO,ES,Federal Contract Tower,0,1,38,0,39,0,0,163,0,163,0,1,201,0,202,310,0,310,512
02/18/2002,TIX,FL,ASO,ES,Federal Contract Tower,0,0,50,0,50,0,0,136,2,138,0,0,186,2,188,343,6,349,537
02/19/2002,TIX,FL,ASO,ES,Federal Contract Tower,0,0,31,0,31,0,0,123,0,123,0,0,154,0,154,308,0,308,462
02/20/2002,TIX,FL,ASO,ES,Federal Contract Tower,0,2,61,0,63,0,1,111,2,114,0,3,172,2,177,377,0,377,554
02/21/2002,TIX,FL,ASO,ES,Federal Contract Tower,0,0,52,0,52,0,19,128,0,147,0,19,180,0,199,358,0,358,557
02/22/2002,TIX,FL,ASO,ES,Federal Contract Tower,0,0,31,0,31,0,0,2,0,2,0,0,33,0,33,20,0,20,53
02/23/2002,TIX,FL,ASO,ES,Federal Contract Tower,0,5,21,0,26,0,0,0,0,0,0,5,21,0,26,0,0,0,26
02/24/2002,TIX,FL,ASO,ES,Federal Contract Tower,0,3,71,0,74,0,0,148,9,157,0,3,219,9,231,311,0,311,542
02/25/2002,TIX,FL,ASO,ES,Federal Contract Tower,0,0,38,0,38,0,16,184,0,200,0,16,222,0,238,483,0,483,721
02/26/2002,TIX,FL,ASO,ES,Federal Contract Tower,0,0,76,0,76,0,0,222,2,224,0,0,298,2,300,616,0,616,916
02/27/2002,TIX,FL,ASO,ES,Federal Contract Tower,0,0,49,0,49,0,0,63,0,63,0,0,112,0,112,84,0,84,196
02/28/2002,TIX,FL,ASO,ES,Federal Contract Tower,0,0,50,0,50,0,0,162,0,162,0,0,212,0,212,464,0,464,676
03/01/2002,TIX,FL,ASO,ES,Federal Contract Tower,0,1,39,0,40,0,0,102,2,104,0,1,141,2,144,236,0,236,380
03/02/2002,TIX,FL,ASO,ES,Federal Contract Tower,0,0,24,0,24,0,0,41,2,43,0,0,65,2,67,115,0,115,182
03/03/2002,TIX,FL,ASO,ES,Federal Contract Tower,0,0,29,0,29,0,0,46,0,46,0,0,75,0,75,216,0,216,291
03/04/2002,TIX,FL,ASO,ES,Federal Contract Tower,0,0,105,0,105,0,0,95,0,95,0,0,200,0,200,247,0,247,447
03/05/2002,TIX,FL,ASO,ES,Federal Contract Tower,0,0,80,0,80,0,22,146,0,168,0,22,226,0,248,324,0,324,572
03/06/2002,TIX,FL,ASO,ES,Federal Contract Tower,0,0,53,0,53,0,0,180,0,180,0,0,233,0,233,240,0,240,473
03/07/2002,TIX,FL,ASO,ES,Federal Contract Tower,0,0,57,0,57,0,0,218,6,224,0,0,275,6,281,490,0,490,771
03/08/2002,TIX,FL,ASO,ES,Federal Contract Tower,0,0,25,0,25,0,0,134,0,134,0,0,159,0,159,123,6,129,288
03/09/2002,TIX,FL,ASO,ES,Federal Contract Tower,0,0,20,0,20,0,81,204,0,285,0,81,224,0,305,125,0,125,430
03/10/2002,TIX,FL,ASO,ES,Federal Contract Tower,0,0,36,0,36,0,124,114,0,238,0,124,150,0,274,26,0,26,300
03/11/2002,TIX,FL,ASO,ES,Federal Contract Tower,0,0,33,12,45,0,0,173,0,173,0,0,206,12,218,452,0,452,670
03/12/2002,TIX,FL,ASO,ES,Federal Contract Tower,0,2,53,1,56,0,0,161,13,174,0,2,214,14,230,487,0,487,717
03/13/2002,TIX,FL,ASO,ES,Federal Contract Tower,0,0,27,0,27,0,0,133,0,133,0,0,160,0,160,202,0,202,362
03/14/2002,TIX,FL,ASO,ES,Federal Contract Tower,0,2,49,0,51,0,2,162,0,164,0,4,211,0,215,400,0,400,615
03/15/2002,TIX,FL,ASO,ES,Federal Contract Tower,0,2,67,12,81,0,3,143,0,146,0,5,210,12,227,550,0,550,777
03/16/2002,TIX,FL,ASO,ES,Federal Contract Tower,0,0,34,0,34,0,0,193,0,193,0,0,227,0,227,561,0,561,788
03/17/2002,TIX,FL,ASO,ES,Federal Contract Tower,0,0,55,0,55,0,0,190,0,190,0,0,245,0,245,390,0,390,635
03/18/2002,TIX,FL,ASO,ES,Federal Contract Tower,0,2,62,0,64,0,0,146,2,148,0,2,208,2,212,581,0,581,793
03/19/2002,TIX,FL,ASO,ES,Federal Contract Tower,0,0,73,0,73,0,0,163,0,163,0,0,236,0,236,546,0,546,782
03/20/2002,TIX,FL,ASO,ES,Federal Contract Tower,0,0,52,0,52,0,0,159,0,159,0,0,211,0,211,440,0,440,651
03/21/2002,TIX,FL,ASO,ES,Federal Contract Tower,0,0,62,0,62,0,0,81,0,81,0,0,143,0,143,233,0,233,376
03/22/2002,TIX,FL,ASO,ES,Federal Contract Tower,0,0,31,0,31,0,0,87,0,87,0,0,118,0,118,116,0,116,234
03/23/2002,TIX,FL,ASO,ES,Federal Contract Tower,0,6,56,2,64,0,0,169,0,169,0,6,225,2,233,381,0,381,614
03/24/2002,TIX,FL,ASO,ES,Federal Contract Tower,0,2,45,0,47,0,0,181,0,181,0,2,226,0,228,374,0,374,602
03/25/2002,TIX,FL,ASO,ES,Federal Contract Tower,0,0,58,0,58,0,0,128,0,128,0,0,186,0,186,250,0,250,436
03/26/2002,TIX,FL,ASO,ES,Federal Contract Tower,0,0,59,0,59,0,0,166,0,166,0,0,225,0,225,336,0,336,561
03/27/2002,TIX,FL,ASO,ES,Federal Contract Tower,0,0,94,0,94,0,0,178,0,178,0,0,272,0,272,316,0,316,588
03/28/2002,TIX,FL,ASO,ES,Federal Contract Tower,0,2,70,0,72,0,0,124,0,124,0,2,194,0,196,417,0,417,613
03/29/2002,TIX,FL,ASO,ES,Federal Contract Tower,0,2,39,0,41,0,0,150,0,150,0,2,189,0,191,306,0,306,497
03/30/2002,TIX,FL,ASO,ES,Federal Contract Tower,0,1,48,0,49,0,0,137,5,142,0,1,185,5,191,223,0,223,414
03/31/2002,TIX,FL,ASO,ES,Federal Contract Tower,0,0,24,0,24,0,2,69,0,71,0,2,93,0,95,246,0,246,341
04/01/2002,TIX,FL,ASO,ES,Federal Contract Tower,0,0,61,0,61,0,0,113,0,113,0,0,174,0,174,493,0,493,667
04/02/2002,TIX,FL,ASO,ES,Federal Contract Tower,0,1,57,0,58,0,11,163,0,174,0,12,220,0,232,449,0,449,681
04/03/2002,TIX,FL,ASO,ES,Federal Contract Tower,0,0,43,0,43,0,0,121,0,121,0,0,164,0,164,309,0,309,473
04/04/2002,TIX,FL,ASO,ES,Federal Contract Tower,0,3,44,0,47,0,12,103,0,115,0,15,147,0,162,253,0,253,415
04/05/2002,TIX,FL,ASO,ES,Federal Contract Tower,0,0,33,0,33,0,0,87,0,87,0,0,120,0,120,358,0,358,478
04/06/2002,TIX,FL,ASO,ES,Federal Contract Tower,0,0,32,0,32,0,0,154,2,156,0,0,186,2,188,213,0,213,401
04/07/2002,TIX,FL,ASO,ES,Federal Contract Tower,0,0,11,0,11,0,2,86,4,92,0,2,97,4,103,126,0,126,229
04/08/2002,TIX,FL,ASO,ES,Federal Contract Tower,0,1,26,0,27,0,0,27,0,27,0,1,53,0,54,124,0,124,178
04/09/2002,TIX,FL,ASO,ES,Federal Contract Tower,0,0,37,0,37,0,0,121,0,121,0,0,158,0,158,323,0,323,481
04/10/2002,TIX,FL,ASO,ES,Federal Contract Tower,0,3,51,0,54,0,3,184,0,187,0,6,235,0,241,374,0,374,615
04/11/2002,TIX,FL,ASO,ES,Federal Contract Tower,0,0,32,0,32,0,0,128,0,128,0,0,160,0,160,189,0,189,349
04/12/2002,TIX,FL,ASO,ES,Federal Contract Tower,0,0,36,0,36,0,0,35,0,35,0,0,71,0,71,103,0,103,174
04/13/2002,TIX,FL,ASO,ES,Federal Contract Tower,0,0,33,0,33,0,0,150,0,150,0,0,183,0,183,332,0,332,515
04/14/2002,TIX,FL,ASO,ES,Federal Contract Tower,0,0,26,0,26,0,0,77,0,77,0,0,103,0,103,142,0,142,245
04/15/2002,TIX,FL,ASO,ES,Federal Contract Tower,0,2,53,0,55,0,0,194,0,194,0,2,247,0,249,315,0,315,564
04/16/2002,TIX,FL,ASO,ES,Federal Contract Tower,0,0,72,0,72,0,0,200,0,200,0,0,272,0,272,399,0,399,671
04/17/2002,TIX,FL,ASO,ES,Federal Contract Tower,0,0,76,0,76,0,0,199,0,199,0,0,275,0,275,426,0,426,701
04/18/2002,TIX,FL,ASO,ES,Federal Contract Tower,0,0,22,0,22,0,0,195,13,208,0,0,217,13,230,399,0,399,629
04/19/2002,TIX,FL,ASO,ES,Federal Contract Tower,0,3,56,0,59,0,0,122,0,122,0,3,178,0,181,352,0,352,533
04/20/2002,TIX,FL,ASO,ES,Federal Contract Tower,0,0,32,0,32,0,0,165,0,165,0,0,197,0,197,423,0,423,620
04/21/2002,TIX,FL,ASO,ES,Federal Contract Tower,0,0,41,0,41,0,0,122,0,122,0,0,163,0,163,229,0,229,392
04/22/2002,TIX,FL,ASO,ES,Federal Contract Tower,0,0,59,0,59,0,0,171,2,173,0,0,230,2,232,576,0,576,808
04/23/2002,TIX,FL,ASO,ES,Federal Contract Tower,0,0,64,0,64,0,0,132,0,132,0,0,196,0,196,349,0,349,545
04/24/2002,TIX,FL,ASO,ES,Federal Contract Tower,0,0,35,0,35,0,0,160,0,160,0,0,195,0,195,427,0,427,622
04/25/2002,TIX,FL,ASO,ES,Federal Contract Tower,0,0,43,0,43,0,0,141,0,141,0,0,184,0,184,222,0,222,406
04/26/2002,TIX,FL,ASO,ES,Federal Contract Tower,0,0,47,0,47,0,0,128,0,128,0,0,175,0,175,471,0,471,646
04/27/2002,TIX,FL,ASO,ES,Federal Contract Tower,0,0,12,0,12,0,0,154,0,154,0,0,166,0,166,274,0,274,440
04/28/2002,TIX,FL,ASO,ES,Federal Contract Tower,0,0,13,0,13,0,0,137,2,139,0,0,150,2,152,212,0,212,364
04/29/2002,TIX,FL,ASO,ES,Federal Contract Tower,0,0,110,0,110,0,0,149,2,151,0,0,259,2,261,492,0,492,753
04/30/2002,TIX,FL,ASO,ES,Federal Contract Tower,0,0,68,1,69,0,21,132,3,156,0,21,200,4,225,530,0,530,755
05/01/2002,TIX,FL,ASO,ES,Federal Contract Tower,0,0,76,0,76,0,0,155,0,155,0,0,231,0,231,499,0,499,730
05/02/2002,TIX,FL,ASO,ES,Federal Contract Tower,0,2,116,0,118,0,0,111,0,111,0,2,227,0,229,351,0,351,580
05/03/2002,TIX,FL,ASO,ES,Federal Contract Tower,0,0,72,0,72,0,11,113,0,124,0,11,185,0,196,297,0,297,493
05/04/2002,TIX,FL,ASO,ES,Federal Contract Tower,0,0,28,0,28,0,0,164,0,164,0,0,192,0,192,304,0,304,496
05/05/2002,TIX,FL,ASO,ES,Federal Contract Tower,0,0,25,0,25,0,0,80,2,82,0,0,105,2,107,152,0,152,259
05/06/2002,TIX,FL,ASO,ES,Federal Contract Tower,0,0,48,0,48,0,0,124,3,127,0,0,172,3,175,424,0,424,599
05/07/2002,TIX,FL,ASO,ES,Federal Contract Tower,0,0,57,2,59,0,0,147,0,147,0,0,204,2,206,516,0,516,722
05/08/2002,TIX,FL,ASO,ES,Federal Contract Tower,0,0,50,0,50,0,0,182,0,182,0,0,232,0,232,422,0,422,654
05/09/2002,TIX,FL,ASO,ES,Federal Contract Tower,0,0,18,0,18,0,0,178,0,178,0,0,196,0,196,485,0,485,681
05/10/2002,TIX,FL,ASO,ES,Federal Contract Tower,0,0,22,0,22,0,0,128,2,130,0,0,150,2,152,503,0,503,655
05/11/2002,TIX,FL,ASO,ES,Federal Contract Tower,0,0,15,0,15,0,0,112,0,112,0,0,127,0,127,306,0,306,433
05/12/2002,TIX,FL,ASO,ES,Federal Contract Tower,0,0,16,0,16,0,0,112,0,112,0,0,128,0,128,200,0,200,328
05/13/2002,TIX,FL,ASO,ES,Federal Contract Tower,0,0,29,0,29,0,0,153,0,153,0,0,182,0,182,637,0,637,819
05/14/2002,TIX,FL,ASO,ES,Federal Contract Tower,0,0,43,0,43,0,0,97,0,97,0,0,140,0,140,360,0,360,500
05/15/2002,TIX,FL,ASO,ES,Federal Contract Tower,0,0,14,0,14,0,0,146,0,146,0,0,160,0,160,275,0,275,435
05/16/2002,TIX,FL,ASO,ES,Federal Contract Tower,0,0,26,0,26,0,0,184,0,184,0,0,210,0,210,430,0,430,640
05/17/2002,TIX,FL,ASO,ES,Federal Contract Tower,0,1,43,0,44,0,0,90,0,90,0,1,133,0,134,270,0,270,404
05/18/2002,TIX,FL,ASO,ES,Federal Contract Tower,0,0,31,0,31,0,1,143,0,144,0,1,174,0,175,237,0,237,412
05/19/2002,TIX,FL,ASO,ES,Federal Contract Tower,0,0,18,0,18,0,0,42,0,42,0,0,60,0,60,62,0,62,122
05/20/2002,TIX,FL,ASO,ES,Federal Contract Tower,0,0,16,0,16,0,0,125,0,125,0,0,141,0,141,390,0,390,531
05/21/2002,TIX,FL,ASO,ES,Federal Contract Tower,0,0,57,0,57,0,18,160,0,178,0,18,217,0,235,394,0,394,629
05/22/2002,TIX,FL,ASO,ES,Federal Contract Tower,0,0,45,0,45,0,0,88,0,88,0,0,133,0,133,106,0,106,239
05/23/2002,TIX,FL,ASO,ES,Federal Contract Tower,0,0,28,0,28,0,0,138,0,138,0,0,166,0,166,288,0,288,454
05/24/2002,TIX,FL,ASO,ES,Federal Contract Tower,0,0,34,0,34,0,0,132,1,133,0,0,166,1,167,337,0,337,504
05/25/2002,TIX,FL,ASO,ES,Federal Contract Tower,0,0,21,0,21,0,2,150,0,152,0,2,171,0,173,250,0,250,423
05/26/2002,TIX,FL,ASO,ES,Federal Contract Tower,0,0,10,0,10,0,0,136,0,136,0,0,146,0,146,226,0,226,372
05/27/2002,TIX,FL,ASO,ES,Federal Contract Tower,0,0,36,0,36,0,0,174,0,174,0,0,210,0,210,392,0,392,602
05/28/2002,TIX,FL,ASO,ES,Federal Contract Tower,0,0,23,0,23,0,0,123,0,123,0,0,146,0,146,341,0,341,487
05/29/2002,TIX,FL,ASO,ES,Federal Contract Tower,0,0,44,0,44,0,0,126,2,128,0,0,170,2,172,217,2,219,391
05/30/2002,TIX,FL,ASO,ES,Federal Contract Tower,0,0,20,0,20,0,1,53,0,54,0,1,73,0,74,138,0,138,212
05/31/2002,TIX,FL,ASO,ES,Federal Contract Tower,0,0,20,0,20,0,0,82,0,82,0,0,102,0,102,140,0,140,242
06/01/2002,TIX,FL,ASO,ES,Federal Contract Tower,0,0,29,0,29,0,0,96,0,96,0,0,125,0,125,250,0,250,375
06/02/2002,TIX,FL,ASO,ES,Federal Contract Tower,0,0,34,0,34,0,0,122,0,122,0,0,156,0,156,255,0,255,411
06/03/2002,TIX,FL,ASO,ES,Federal Contract Tower,0,0,44,0,44,0,0,124,2,126,0,0,168,2,170,292,0,292,462
06/04/2002,TIX,FL,ASO,ES,Federal Contract Tower,0,0,34,0,34,0,0,138,0,138,0,0,172,0,172,426,0,426,598
06/05/2002,TIX,FL,ASO,ES,Federal Contract Tower,0,2,7,0,9,0,0,25,0,25,0,2,32,0,34,164,0,164,198
06/06/2002,TIX,FL,ASO,ES,Federal Contract Tower,0,2,51,0,53,0,0,177,0,177,0,2,228,0,230,402,0,402,632
06/07/2002,TIX,FL,ASO,ES,Federal Contract Tower,0,3,36,0,39,0,12,80,3,95,0,15,116,3,134,229,0,229,363
06/08/2002,TIX,FL,ASO,ES,Federal Contract Tower,0,0,19,0,19,0,0,56,0,56,0,0,75,0,75,171,0,171,246
06/09/2002,TIX,FL,ASO,ES,Federal Contract Tower,0,1,26,0,27,0,1,98,0,99,0,2,124,0,126,207,0,207,333
06/10/2002,TIX,FL,ASO,ES,Federal Contract Tower,0,0,40,2,42,0,0,119,0,119,0,0,159,2,161,400,0,400,561
06/11/2002,TIX,FL,ASO,ES,Federal Contract Tower,0,0,41,0,41,0,0,110,0,110,0,0,151,0,151,458,0,458,609
06/12/2002,TIX,FL,ASO,ES,Federal Contract Tower,0,0,50,0,50,0,0,236,0,236,0,0,286,0,286,435,0,435,721
06/13/2002,TIX,FL,ASO,ES,Federal Contract Tower,0,0,53,0,53,0,0,125,2,127,0,0,178,2,180,388,0,388,568
06/14/2002,TIX,FL,ASO,ES,Federal Contract Tower,0,2,35,0,37,0,0,135,0,135,0,2,170,0,172,310,0,310,482
06/15/2002,TIX,FL,ASO,ES,Federal Contract Tower,0,0,72,0,72,0,0,34,0,34,0,0,106,0,106,173,0,173,279
06/16/2002,TIX,FL,ASO,ES,Federal Contract Tower,0,2,13,0,15,0,0,113,0,113,0,2,126,0,128,283,0,283,411
06/17/2002,TIX,FL,ASO,ES,Federal Contract Tower,0,0,14,0,14,0,0,54,0,54,0,0,68,0,68,248,0,248,316
06/18/2002,TIX,FL,ASO,ES,Federal Contract Tower,0,2,49,0,51,0,0,67,0,67,0,2,116,0,118,211,0,211,329
06/19/2002,TIX,FL,ASO,ES,Federal Contract Tower,0,0,40,4,44,0,0,83,0,83,0,0,123,4,127,294,0,294,421
06/20/2002,TIX,FL,ASO,ES,Federal Contract Tower,0,0,61,0,61,0,0,118,0,118,0,0,179,0,179,305,0,305,484
06/21/2002,TIX,FL,ASO,ES,Federal Contract Tower,0,0,49,0,49,0,0,67,0,67,0,0,116,0,116,277,0,277,393
06/22/2002,TIX,FL,ASO,ES,Federal Contract Tower,0,0,19,0,19,0,0,19,0,19,0,0,38,0,38,89,0,89,127
06/23/2002,TIX,FL,ASO,ES,Federal Contract Tower,0,0,8,0,8,0,0,58,0,58,0,0,66,0,66,121,0,121,187
06/24/2002,TIX,FL,ASO,ES,Federal Contract Tower,0,0,48,0,48,0,0,107,0,107,0,0,155,0,155,291,0,291,446
06/25/2002,TIX,FL,ASO,ES,Federal Contract Tower,0,0,61,0,61,0,0,118,0,118,0,0,179,0,179,463,0,463,642
06/26/2002,TIX,FL,ASO,ES,Federal Contract Tower,0,0,68,0,68,0,0,156,2,158,0,0,224,2,226,505,0,505,731
06/27/2002,TIX,FL,ASO,ES,Federal Contract Tower,0,0,61,0,61,0,1,127,0,128,0,1,188,0,189,378,0,378,567
06/28/2002,TIX,FL,ASO,ES,Federal Contract Tower,0,0,39,0,39,0,0,136,0,136,0,0,175,0,175,215,0,215,390
06/29/2002,TIX,FL,ASO,ES,Federal Contract Tower,0,2,41,0,43,0,0,123,0,123,0,2,164,0,166,244,0,244,410
06/30/2002,TIX,FL,ASO,ES,Federal Contract Tower,0,0,28,0,28,0,0,39,0,39,0,0,67,0,67,58,0,58,125
07/01/2002,TIX,FL,ASO,ES,Federal Contract Tower,0,0,28,0,28,0,0,95,0,95,0,0,123,0,123,368,0,368,491
07/02/2002,TIX,FL,ASO,ES,Federal Contract Tower,0,0,28,0,28,0,0,155,0,155,0,0,183,0,183,525,0,525,708
07/03/2002,TIX,FL,ASO,ES,Federal Contract Tower,0,0,39,1,40,0,0,157,4,161,0,0,196,5,201,410,0,410,611
07/04/2002,TIX,FL,ASO,ES,Federal Contract Tower,0,0,22,1,23,0,0,66,1,67,0,0,88,2,90,105,0,105,195
07/05/2002,TIX,FL,ASO,ES,Federal Contract Tower,0,0,34,0,34,0,0,85,0,85,0,0,119,0,119,205,0,205,324
07/06/2002,TIX,FL,ASO,ES,Federal Contract Tower,0,0,35,0,35,0,0,128,0,128,0,0,163,0,163,352,0,352,515
07/07/2002,TIX,FL,ASO,ES,Federal Contract Tower,0,0,31,0,31,0,0,124,4,128,0,0,155,4,159,347,0,347,506
07/08/2002,TIX,FL,ASO,ES,Federal Contract Tower,0,0,34,0,34,0,0,148,0,148,0,0,182,0,182,305,0,305,487
07/09/2002,TIX,FL,ASO,ES,Federal Contract Tower,0,0,61,4,65,0,0,105,1,106,0,0,166,5,171,231,0,231,402
07/10/2002,TIX,FL,ASO,ES,Federal Contract Tower,0,2,35,0,37,0,0,165,0,165,0,2,200,0,202,351,0,351,553
07/11/2002,TIX,FL,ASO,ES,Federal Contract Tower,0,0,28,0,28,0,24,146,0,170,0,24,174,0,198,338,0,338,536
07/12/2002,TIX,FL,ASO,ES,Federal Contract Tower,0,0,67,0,67,0,0,99,0,99,0,0,166,0,166,179,0,179,345
07/13/2002,TIX,FL,ASO,ES,Federal Contract Tower,0,0,49,0,49,0,0,93,0,93,0,0,142,0,142,107,0,107,249
07/14/2002,TIX,FL,ASO,ES,Federal Contract Tower,0,0,68,0,68,0,0,107,0,107,0,0,175,0,175,299,0,299,474
07/15/2002,TIX,FL,ASO,ES,Federal Contract Tower,0,0,52,4,56,0,8,152,0,160,0,8,204,4,216,503,0,503,719
07/16/2002,TIX,FL,ASO,ES,Federal Contract Tower,0,0,66,0,66,0,0,183,0,183,0,0,249,0,249,555,0,555,804
07/17/2002,TIX,FL,ASO,ES,Federal Contract Tower,0,0,57,0,57,0,0,158,4,162,0,0,215,4,219,395,0,395,614
07/18/2002,TIX,FL,ASO,ES,Federal Contract Tower,0,0,49,0,49,0,0,148,0,148,0,0,197,0,197,344,0,344,541
07/19/2002,TIX,FL,ASO,ES,Federal Contract Tower,0,2,67,0,69,0,0,71,0,71,0,2,138,0,140,338,0,338,478
07/20/2002,TIX,FL,ASO,ES,Federal Contract Tower,0,0,12,0,12,0,0,91,0,91,0,0,103,0,103,124,0,124,227
07/21/2002,TIX,FL,ASO,ES,Federal Contract Tower,0,0,9,0,9,0,0,57,0,57,0,0,66,0,66,169,0,169,235
07/22/2002,TIX,FL,ASO,ES,Federal Contract Tower,0,0,39,0,39,0,0,95,0,95,0,0,134,0,134,293,0,293,427
07/23/2002,TIX,FL,ASO,ES,Federal Contract Tower,0,0,75,0,75,0,0,133,4,137,0,0,208,4,212,389,0,389,601
07/24/2002,TIX,FL,ASO,ES,Federal Contract Tower,0,0,63,0,63,0,0,194,0,194,0,0,257,0,257,420,0,420,677
07/25/2002,TIX,FL,ASO,ES,Federal Contract Tower,0,0,30,2,32,0,3,121,0,124,0,3,151,2,156,514,0,514,670
07/26/2002,TIX,FL,ASO,ES,Federal Contract Tower,0,0,39,0,39,0,0,115,2,117,0,0,154,2,156,356,0,356,512
07/27/2002,TIX,FL,ASO,ES,Federal Contract Tower,0,0,18,0,18,0,0,144,0,144,0,0,162,0,162,210,0,210,372
07/28/2002,TIX,FL,ASO,ES,Federal Contract Tower,0,0,36,0,36,0,0,120,0,120,0,0,156,0,156,182,0,182,338
07/29/2002,TIX,FL,ASO,ES,Federal Contract Tower,0,0,33,0,33,0,18,147,0,165,0,18,180,0,198,573,0,573,771
07/30/2002,TIX,FL,ASO,ES,Federal Contract Tower,0,0,19,0,19,0,0,150,0,150,0,0,169,0,169,432,0,432,601
07/31/2002,TIX,FL,ASO,ES,Federal Contract Tower,0,0,12,0,12,0,0,155,0,155,0,0,167,0,167,425,0,425,592
08/01/2002,TIX,FL,ASO,ES,Federal Contract Tower,0,0,13,0,13,0,0,142,0,142,0,0,155,0,155,381,0,381,536
08/02/2002,TIX,FL,ASO,ES,Federal Contract Tower,0,0,5,0,5,0,14,91,0,105,0,14,96,0,110,276,0,276,386
08/03/2002,TIX,FL,ASO,ES,Federal Contract Tower,0,0,11,0,11,0,0,127,0,127,0,0,138,0,138,161,0,161,299
08/04/2002,TIX,FL,ASO,ES,Federal Contract Tower,0,0,15,0,15,0,0,94,0,94,0,0,109,0,109,140,0,140,249
08/05/2002,TIX,FL,ASO,ES,Federal Contract Tower,0,0,5,0,5,0,15,152,0,167,0,15,157,0,172,567,0,567,739
08/06/2002,TIX,FL,ASO,ES,Federal Contract Tower,0,0,9,0,9,0,0,124,0,124,0,0,133,0,133,410,0,410,543
08/07/2002,TIX,FL,ASO,ES,Federal Contract Tower,0,0,19,0,19,0,0,107,0,107,0,0,126,0,126,297,0,297,423
08/08/2002,TIX,FL,ASO,ES,Federal Contract Tower,0,0,34,0,34,0,0,119,0,119,0,0,153,0,153,431,0,431,584
08/09/2002,TIX,FL,ASO,ES,Federal Contract Tower,0,0,38,0,38,0,0,117,0,117,0,0,155,0,155,341,0,341,496
08/10/2002,TIX,FL,ASO,ES,Federal Contract Tower,0,0,26,0,26,0,0,119,0,119,0,0,145,0,145,97,0,97,242
08/11/2002,TIX,FL,ASO,ES,Federal Contract Tower,0,0,23,0,23,0,0,61,0,61,0,0,84,0,84,107,0,107,191
08/12/2002,TIX,FL,ASO,ES,Federal Contract Tower,0,0,24,0,24,0,0,147,6,153,0,0,171,6,177,528,0,528,705
08/13/2002,TIX,FL,ASO,ES,Federal Contract Tower,0,0,18,0,18,0,0,81,0,81,0,0,99,0,99,273,0,273,372
08/14/2002,TIX,FL,ASO,ES,Federal Contract Tower,0,0,67,0,67,0,0,140,3,143,0,0,207,3,210,366,0,366,576
08/15/2002,TIX,FL,ASO,ES,Federal Contract Tower,0,0,33,0,33,0,0,147,0,147,0,0,180,0,180,446,0,446,626
08/16/2002,TIX,FL,ASO,ES,Federal Contract Tower,0,0,39,0,39,0,0,126,0,126,0,0,165,0,165,323,0,323,488
08/17/2002,TIX,FL,ASO,ES,Federal Contract Tower,0,0,17,0,17,0,0,116,0,116,0,0,133,0,133,240,0,240,373
08/18/2002,TIX,FL,ASO,ES,Federal Contract Tower,0,0,59,0,59,0,0,107,2,109,0,0,166,2,168,201,0,201,369
08/19/2002,TIX,FL,ASO,ES,Federal Contract Tower,0,0,47,0,47,0,10,102,2,114,0,10,149,2,161,337,0,337,498
08/20/2002,TIX,FL,ASO,ES,Federal Contract Tower,0,0,46,0,46,0,0,70,0,70,0,0,116,0,116,288,0,288,404
08/21/2002,TIX,FL,ASO,ES,Federal Contract Tower,0,0,55,0,55,0,0,145,0,145,0,0,200,0,200,344,0,344,544
08/22/2002,TIX,FL,ASO,ES,Federal Contract Tower,0,2,39,0,41,0,0,81,2,83,0,2,120,2,124,253,0,253,377
08/23/2002,TIX,FL,ASO,ES,Federal Contract Tower,0,0,37,0,37,0,0,178,2,180,0,0,215,2,217,464,0,464,681
08/24/2002,TIX,FL,ASO,ES,Federal Contract Tower,0,0,15,0,15,0,0,157,0,157,0,0,172,0,172,191,0,191,363
08/25/2002,TIX,FL,ASO,ES,Federal Contract Tower,0,0,19,0,19,0,0,123,0,123,0,0,142,0,142,215,0,215,357
08/26/2002,TIX,FL,ASO,ES,Federal Contract Tower,0,0,80,0,80,0,0,101,0,101,0,0,181,0,181,493,0,493,674
08/27/2002,TIX,FL,ASO,ES,Federal Contract Tower,0,0,50,0,50,0,0,107,11,118,0,0,157,11,168,323,0,323,491
08/28/2002,TIX,FL,ASO,ES,Federal Contract Tower,0,0,88,0,88,0,0,99,1,100,0,0,187,1,188,305,0,305,493
08/29/2002,TIX,FL,ASO,ES,Federal Contract Tower,0,2,52,0,54,0,0,135,0,135,0,2,187,0,189,469,0,469,658
08/30/2002,TIX,FL,ASO,ES,Federal Contract Tower,0,2,59,0,61,0,1,102,2,105,0,3,161,2,166,329,0,329,495
08/31/2002,TIX,FL,ASO,ES,Federal Contract Tower,0,0,28,0,28,0,6,95,0,101,0,6,123,0,129,141,0,141,270
09/01/2002,TIX,FL,ASO,ES,Federal Contract Tower,0,0,14,0,14,0,8,97,0,105,0,8,111,0,119,260,0,260,379
09/02/2002,TIX,FL,ASO,ES,Federal Contract Tower,0,0,35,0,35,0,6,123,0,129,0,6,158,0,164,242,0,242,406
09/03/2002,TIX,FL,ASO,ES,Federal Contract Tower,0,0,51,0,51,0,10,120,0,130,0,10,171,0,181,440,0,440,621
09/04/2002,TIX,FL,ASO,ES,Federal Contract Tower,0,2,89,2,93,0,1,55,0,56,0,3,144,2,149,258,2,260,409
09/05/2002,TIX,FL,ASO,ES,Federal Contract Tower,0,0,60,0,60,0,10,67,0,77,0,10,127,0,137,317,0,317,454
09/06/2002,TIX,FL,ASO,ES,Federal Contract Tower,0,0,72,0,72,0,7,83,0,90,0,7,155,0,162,379,0,379,541
09/07/2002,TIX,FL,ASO,ES,Federal Contract Tower,0,0,37,0,37,0,14,132,6,152,0,14,169,6,189,208,0,208,397
09/08/2002,TIX,FL,ASO,ES,Federal Contract Tower,0,0,17,0,17,0,1,112,0,113,0,1,129,0,130,322,0,322,452
09/09/2002,TIX,FL,ASO,ES,Federal Contract Tower,0,0,46,0,46,0,6,119,1,126,0,6,165,1,172,420,0,420,592
09/10/2002,TIX,FL,ASO,ES,Federal Contract Tower,0,2,78,0,80,0,1,157,2,160,0,3,235,2,240,337,0,337,577
09/11/2002,TIX,FL,ASO,ES,Federal Contract Tower,0,0,60,0,60,0,3,92,0,95,0,3,152,0,155,302,0,302,457
09/12/2002,TIX,FL,ASO,ES,Federal Contract Tower,0,0,69,0,69,0,1,102,0,103,0,1,171,0,172,292,0,292,464
09/13/2002,TIX,FL,ASO,ES,Federal Contract Tower,0,0,30,0,30,0,6,91,1,98,0,6,121,1,128,193,0,193,321
09/14/2002,TIX,FL,ASO,ES,Federal Contract Tower,0,0,33,0,33,0,39,96,0,135,0,39,129,0,168,168,0,168,336
09/15/2002,TIX,FL,ASO,ES,Federal Contract Tower,0,0,34,0,34,0,13,104,2,119,0,13,138,2,153,153,0,153,306
09/16/2002,TIX,FL,ASO,ES,Federal Contract Tower,0,0,31,0,31,0,2,145,10,157,0,2,176,10,188,377,0,377,565
09/17/2002,TIX,FL,ASO,ES,Federal Contract Tower,0,0,33,0,33,0,6,165,0,171,0,6,198,0,204,415,0,415,619
09/18/2002,TIX,FL,ASO,ES,Federal Contract Tower,0,0,46,0,46,0,6,161,2,169,0,6,207,2,215,456,0,456,671
09/19/2002,TIX,FL,ASO,ES,Federal Contract Tower,0,0,23,0,23,0,3,155,2,160,0,3,178,2,183,535,0,535,718
09/20/2002,TIX,FL,ASO,ES,Federal Contract Tower,0,0,9,0,9,0,5,120,9,134,0,5,129,9,143,264,0,264,407
09/21/2002,TIX,FL,ASO,ES,Federal Contract Tower,0,0,29,0,29,0,1,103,0,104,0,1,132,0,133,239,0,239,372
09/22/2002,TIX,FL,ASO,ES,Federal Contract Tower,0,0,36,0,36,0,10,91,0,101,0,10,127,0,137,243,0,243,380
09/23/2002,TIX,FL,ASO,ES,Federal Contract Tower,0,0,41,0,41,0,7,92,0,99,0,7,133,0,140,400,0,400,540
09/24/2002,TIX,FL,ASO,ES,Federal Contract Tower,0,0,24,0,24,0,6,83,0,89,0,6,107,0,113,255,0,255,368
09/25/2002,TIX,FL,ASO,ES,Federal Contract Tower,0,0,54,0,54,0,6,94,3,103,0,6,148,3,157,307,0,307,464
09/26/2002,TIX,FL,ASO,ES,Federal Contract Tower,0,0,34,3,37,0,1,65,2,68,0,1,99,5,105,121,3,124,229
09/27/2002,TIX,FL,ASO,ES,Federal Contract Tower,0,0,26,0,26,0,1,109,3,113,0,1,135,3,139,266,0,266,405
09/28/2002,TIX,FL,ASO,ES,Federal Contract Tower,0,0,26,0,26,0,16,139,0,155,0,16,165,0,181,270,0,270,451
09/29/2002,TIX,FL,ASO,ES,Federal Contract Tower,0,0,32,0,32,0,7,118,0,125,0,7,150,0,157,315,0,315,472
09/30/2002,TIX,FL,ASO,ES,Federal Contract Tower,0,0,36,0,36,0,0,144,0,144,0,0,180,0,180,297,0,297,477
10/01/2002,TIX,FL,ASO,ES,Federal Contract Tower,0,0,38,0,38,0,0,115,0,115,0,0,153,0,153,340,0,340,493
10/02/2002,TIX,FL,ASO,ES,Federal Contract Tower,0,0,39,0,39,0,0,108,0,108,0,0,147,0,147,263,0,263,410
10/03/2002,TIX,FL,ASO,ES,Federal Contract Tower,0,0,45,0,45,0,0,106,2,108,0,0,151,2,153,318,0,318,471
10/04/2002,TIX,FL,ASO,ES,Federal Contract Tower,0,0,46,0,46,0,0,110,0,110,0,0,156,0,156,472,0,472,628
10/05/2002,TIX,FL,ASO,ES,Federal Contract Tower,0,0,29,0,29,0,0,135,0,135,0,0,164,0,164,284,0,284,448
10/06/2002,TIX,FL,ASO,ES,Federal Contract Tower,0,0,25,0,25,0,0,131,2,133,0,0,156,2,158,266,0,266,424
10/07/2002,TIX,FL,ASO,ES,Federal Contract Tower,0,0,27,0,27,0,0,35,5,40,0,0,62,5,67,109,0,109,176
10/08/2002,TIX,FL,ASO,ES,Federal Contract Tower,0,0,33,0,33,0,0,160,3,163,0,0,193,3,196,442,0,442,638
10/09/2002,TIX,FL,ASO,ES,Federal Contract Tower,0,0,23,0,23,0,0,184,0,184,0,0,207,0,207,396,0,396,603
10/10/2002,TIX,FL,ASO,ES,Federal Contract Tower,0,2,36,0,38,0,0,93,0,93,0,2,129,0,131,362,0,362,493
10/11/2002,TIX,FL,ASO,ES,Federal Contract Tower,0,0,54,0,54,0,0,74,0,74,0,0,128,0,128,328,0,328,456
10/12/2002,TIX,FL,ASO,ES,Federal Contract Tower,0,0,42,0,42,0,0,96,0,96,0,0,138,0,138,236,0,236,374
10/13/2002,TIX,FL,ASO,ES,Federal Contract Tower,0,0,24,0,24,0,2,99,0,101,0,2,123,0,125,150,0,150,275
10/14/2002,TIX,FL,ASO,ES,Federal Contract Tower,0,0,39,0,39,0,0,115,0,115,0,0,154,0,154,312,0,312,466
10/15/2002,TIX,FL,ASO,ES,Federal Contract Tower,0,0,59,4,63,0,9,93,0,102,0,9,152,4,165,368,0,368,533
10/16/2002,TIX,FL,ASO,ES,Federal Contract Tower,0,0,92,1,93,0,0,110,0,110,0,0,202,1,203,375,0,375,578
10/17/2002,TIX,FL,ASO,ES,Federal Contract Tower,0,0,54,2,56,0,1,120,0,121,0,1,174,2,177,428,0,428,605
10/18/2002,TIX,FL,ASO,ES,Federal Contract Tower,0,0,42,0,42,0,6,98,2,106,0,6,140,2,148,372,0,372,520
10/19/2002,TIX,FL,ASO,ES,Federal Contract Tower,0,0,29,0,29,0,0,134,0,134,0,0,163,0,163,250,0,250,413
10/20/2002,TIX,FL,ASO,ES,Federal Contract Tower,0,2,21,2,25,0,0,117,2,119,0,2,138,4,144,199,0,199,343
10/21/2002,TIX,FL,ASO,ES,Federal Contract Tower,0,0,39,0,39,0,10,104,0,114,0,10,143,0,153,388,0,388,541
10/22/2002,TIX,FL,ASO,ES,Federal Contract Tower,0,0,66,0,66,0,0,118,0,118,0,0,184,0,184,419,0,419,603
10/23/2002,TIX,FL,ASO,ES,Federal Contract Tower,0,0,59,0,59,0,0,162,0,162,0,0,221,0,221,401,0,401,622
10/24/2002,TIX,FL,ASO,ES,Federal Contract Tower,0,0,38,2,40,0,0,62,0,62,0,0,100,2,102,398,0,398,500
10/25/2002,TIX,FL,ASO,ES,Federal Contract Tower,0,0,36,0,36,0,0,60,0,60,0,0,96,0,96,270,0,270,366
10/26/2002,TIX,FL,ASO,ES,Federal Contract Tower,0,0,31,0,31,0,0,117,0,117,0,0,148,0,148,298,0,298,446
10/27/2002,TIX,FL,ASO,ES,Federal Contract Tower,0,0,15,0,15,0,0,108,0,108,0,0,123,0,123,189,0,189,312
10/28/2002,TIX,FL,ASO,ES,Federal Contract Tower,0,0,29,0,29,0,0,111,0,111,0,0,140,0,140,450,0,450,590
10/29/2002,TIX,FL,ASO,ES,Federal Contract Tower,0,0,54,0,54,0,0,129,0,129,0,0,183,0,183,326,0,326,509
10/30/2002,TIX,FL,ASO,ES,Federal Contract Tower,0,0,85,0,85,0,0,110,0,110,0,0,195,0,195,242,0,242,437
10/31/2002,TIX,FL,ASO,ES,Federal Contract Tower,0,0,49,0,49,0,1,121,0,122,0,1,170,0,171,414,0,414,585
11/01/2002,TIX,FL,ASO,ES,Federal Contract Tower,0,0,40,0,40,0,0,98,0,98,0,0,138,0,138,304,0,304,442
11/02/2002,TIX,FL,ASO,ES,Federal Contract Tower,0,0,29,0,29,0,0,116,0,116,0,0,145,0,145,190,4,194,339
11/03/2002,TIX,FL,ASO,ES,Federal Contract Tower,0,0,44,0,44,0,2,125,0,127,0,2,169,0,171,275,0,275,446
11/04/2002,TIX,FL,ASO,ES,Federal Contract Tower,0,2,58,1,61,0,0,151,4,155,0,2,209,5,216,429,0,429,645
11/05/2002,TIX,FL,ASO,ES,Federal Contract Tower,0,0,49,2,51,0,0,111,0,111,0,0,160,2,162,343,0,343,505
11/06/2002,TIX,FL,ASO,ES,Federal Contract Tower,0,0,25,0,25,0,0,29,2,31,0,0,54,2,56,111,0,111,167
11/07/2002,TIX,FL,ASO,ES,Federal Contract Tower,0,0,82,0,82,0,0,179,0,179,0,0,261,0,261,436,0,436,697
11/08/2002,TIX,FL,ASO,ES,Federal Contract Tower,0,0,43,0,43,0,0,126,0,126,0,0,169,0,169,425,0,425,594
11/09/2002,TIX,FL,ASO,ES,Federal Contract Tower,0,0,39,0,39,0,0,134,0,134,0,0,173,0,173,253,0,253,426
11/10/2002,TIX,FL,ASO,ES,Federal Contract Tower,0,2,29,0,31,0,0,103,1,104,0,2,132,1,135,219,0,219,354
11/11/2002,TIX,FL,ASO,ES,Federal Contract Tower,0,2,47,0,49,0,0,128,6,134,0,2,175,6,183,427,0,427,610
11/12/2002,TIX,FL,ASO,ES,Federal Contract Tower,0,0,53,0,53,0,0,92,0,92,0,0,145,0,145,382,0,382,527
11/13/2002,TIX,FL,ASO,ES,Federal Contract Tower,0,0,50,2,52,0,0,104,0,104,0,0,154,2,156,296,10,306,462
11/14/2002,TIX,FL,ASO,ES,Federal Contract Tower,0,4,58,0,62,0,1,141,0,142,0,5,199,0,204,504,0,504,708
11/15/2002,TIX,FL,ASO,ES,Federal Contract Tower,0,4,37,0,41,0,0,113,8,121,0,4,150,8,162,432,0,432,594
11/16/2002,TIX,FL,ASO,ES,Federal Contract Tower,0,0,17,0,17,0,0,16,0,16,0,0,33,0,33,51,0,51,84
11/17/2002,TIX,FL,ASO,ES,Federal Contract Tower,0,0,30,0,30,0,0,33,0,33,0,0,63,0,63,60,0,60,123
11/18/2002,TIX,FL,ASO,ES,Federal Contract Tower,0,0,64,0,64,0,0,134,4,138,0,0,198,4,202,474,0,474,676
11/19/2002,TIX,FL,ASO,ES,Federal Contract Tower,0,0,58,0,58,0,0,124,0,124,0,0,182,0,182,455,0,455,637
11/20/2002,TIX,FL,ASO,ES,Federal Contract Tower,0,0,59,0,59,0,0,149,0,149,0,0,208,0,208,400,0,400,608
11/21/2002,TIX,FL,ASO,ES,Federal Contract Tower,0,0,56,0,56,0,0,83,0,83,0,0,139,0,139,473,0,473,612
11/22/2002,TIX,FL,ASO,ES,Federal Contract Tower,0,3,14,0,17,0,0,82,0,82,0,3,96,0,99,326,0,326,425
11/23/2002,TIX,FL,ASO,ES,Federal Contract Tower,0,0,26,0,26,0,0,97,2,99,0,0,123,2,125,246,0,246,371
11/24/2002,TIX,FL,ASO,ES,Federal Contract Tower,0,0,41,0,41,0,0,164,0,164,0,0,205,0,205,364,0,364,569
11/25/2002,TIX,FL,ASO,ES,Federal Contract Tower,0,0,28,0,28,0,0,150,0,150,0,0,178,0,178,464,0,464,642
11/26/2002,TIX,FL,ASO,ES,Federal Contract Tower,0,2,32,0,34,0,0,111,0,111,0,2,143,0,145,514,0,514,659
11/27/2002,TIX,FL,ASO,ES,Federal Contract Tower,0,0,37,0,37,0,0,139,0,139,0,0,176,0,176,352,0,352,528
11/28/2002,TIX,FL,ASO,ES,Federal Contract Tower,0,0,13,0,13,0,0,56,0,56,0,0,69,0,69,102,0,102,171
11/29/2002,TIX,FL,ASO,ES,Federal Contract Tower,0,0,48,0,48,0,0,139,2,141,0,0,187,2,189,312,0,312,501
11/30/2002,TIX,FL,ASO,ES,Federal Contract Tower,0,0,54,0,54,0,0,115,0,115,0,0,169,0,169,368,0,368,537
12/01/2002,TIX,FL,ASO,ES,Federal Contract Tower,0,3,25,0,28,0,0,163,2,165,0,3,188,2,193,390,0,390,583
12/02/2002,TIX,FL,ASO,ES,Federal Contract Tower,0,1,73,0,74,0,25,142,2,169,0,26,215,2,243,415,0,415,658
12/03/2002,TIX,FL,ASO,ES,Federal Contract Tower,0,0,52,0,52,0,0,162,0,162,0,0,214,0,214,594,0,594,808
12/04/2002,TIX,FL,ASO,ES,Federal Contract Tower,0,2,51,0,53,0,9,131,0,140,0,11,182,0,193,505,0,505,698
12/05/2002,TIX,FL,ASO,ES,Federal Contract Tower,0,0,59,0,59,0,0,79,0,79,0,0,138,0,138,442,0,442,580
12/06/2002,TIX,FL,ASO,ES,Federal Contract Tower,0,0,69,0,69,0,0,0,0,0,0,0,69,0,69,4,0,4,73
12/07/2002,TIX,FL,ASO,ES,Federal Contract Tower,0,1,41,0,42,0,0,127,2,129,0,1,168,2,171,230,0,230,401
12/08/2002,TIX,FL,ASO,ES,Federal Contract Tower,0,1,43,0,44,0,0,115,6,121,0,1,158,6,165,363,0,363,528
12/09/2002,TIX,FL,ASO,ES,Federal Contract Tower,0,0,48,0,48,0,0,34,0,34,0,0,82,0,82,224,0,224,306
12/10/2002,TIX,FL,ASO,ES,Federal Contract Tower,0,2,96,0,98,0,0,16,4,20,0,2,112,4,118,56,0,56,174
12/11/2002,TIX,FL,ASO,ES,Federal Contract Tower,0,0,90,0,90,0,0,161,0,161,0,0,251,0,251,485,0,485,736
12/12/2002,TIX,FL,ASO,ES,Federal Contract Tower,0,0,87,10,97,0,0,81,2,83,0,0,168,12,180,384,0,384,564
12/13/2002,TIX,FL,ASO,ES,Federal Contract Tower,0,0,27,0,27,0,0,7,0,7,0,0,34,0,34,21,0,21,55
12/14/2002,TIX,FL,ASO,ES,Federal Contract Tower,0,0,105,0,105,0,0,59,2,61,0,0,164,2,166,260,0,260,426
12/15/2002,TIX,FL,ASO,ES,Federal Contract Tower,0,0,57,0,57,0,0,119,0,119,0,0,176,0,176,389,0,389,565
12/16/2002,TIX,FL,ASO,ES,Federal Contract Tower,0,0,77,0,77,0,0,143,0,143,0,0,220,0,220,491,0,491,711
12/17/2002,TIX,FL,ASO,ES,Federal Contract Tower,0,4,75,0,79,0,0,151,0,151,0,4,226,0,230,553,0,553,783
12/18/2002,TIX,FL,ASO,ES,Federal Contract Tower,0,0,39,2,41,0,0,159,1,160,0,0,198,3,201,500,0,500,701
12/19/2002,TIX,FL,ASO,ES,Federal Contract Tower,0,1,39,0,40,0,0,148,0,148,0,1,187,0,188,442,0,442,630
12/20/2002,TIX,FL,ASO,ES,Federal Contract Tower,0,1,47,0,48,0,0,49,0,49,0,1,96,0,97,205,0,205,302
12/21/2002,TIX,FL,ASO,ES,Federal Contract Tower,0,1,25,0,26,0,0,155,0,155,0,1,180,0,181,364,0,364,545
12/22/2002,TIX,FL,ASO,ES,Federal Contract Tower,0,0,45,0,45,0,0,111,2,113,0,0,156,2,158,207,0,207,365
12/23/2002,TIX,FL,ASO,ES,Federal Contract Tower,0,0,16,2,18,0,0,105,0,105,0,0,121,2,123,370,0,370,493
12/24/2002,TIX,FL,ASO,ES,Federal Contract Tower,0,0,16,0,16,0,0,33,0,33,0,0,49,0,49,89,0,89,138
12/25/2002,TIX,FL,ASO,ES,Federal Contract Tower,0,0,0,0,0,0,0,4,0,4,0,0,4,0,4,0,0,0,4
12/26/2002,TIX,FL,ASO,ES,Federal Contract Tower,0,1,36,0,37,0,0,65,0,65,0,1,101,0,102,173,0,173,275
12/27/2002,TIX,FL,ASO,ES,Federal Contract Tower,0,0,36,0,36,0,0,90,0,90,0,0,126,0,126,228,0,228,354
12/28/2002,TIX,FL,ASO,ES,Federal Contract Tower,0,0,31,0,31,0,0,131,0,131,0,0,162,0,162,273,0,273,435
12/29/2002,TIX,FL,ASO,ES,Federal Contract Tower,0,0,33,0,33,0,0,112,0,112,0,0,145,0,145,317,0,317,462
12/30/2002,TIX,FL,ASO,ES,Federal Contract Tower,0,0,40,6,46,0,0,112,0,112,0,0,152,6,158,340,0,340,498
12/31/2002,TIX,FL,ASO,ES,Federal Contract Tower,0,0,17,0,17,0,0,83,0,83,0,0,100,0,100,186,0,186,286
01/01/2003,TIX,FL,ASO,ES,Federal Contract Tower,0,0,6,0,6,0,0,16,0,16,0,0,22,0,22,5,0,5,27
01/02/2003,TIX,FL,ASO,ES,Federal Contract Tower,0,0,50,0,50,0,0,94,0,94,0,0,144,0,144,240,0,240,384
01/03/2003,TIX,FL,ASO,ES,Federal Contract Tower,0,0,63,0,63,0,0,51,0,51,0,0,114,0,114,119,0,119,233
01/04/2003,TIX,FL,ASO,ES,Federal Contract Tower,0,1,74,0,75,0,0,106,0,106,0,1,180,0,181,232,0,232,413
01/05/2003,TIX,FL,ASO,ES,Federal Contract Tower,0,2,37,0,39,0,0,123,2,125,0,2,160,2,164,259,0,259,423
01/06/2003,TIX,FL,ASO,ES,Federal Contract Tower,0,0,39,0,39,0,0,126,0,126,0,0,165,0,165,386,0,386,551
01/07/2003,TIX,FL,ASO,ES,Federal Contract Tower,0,0,55,2,57,0,0,101,0,101,0,0,156,2,158,318,0,318,476
01/08/2003,TIX,FL,ASO,ES,Federal Contract Tower,0,0,80,0,80,0,0,101,4,105,0,0,181,4,185,349,0,349,534
01/09/2003,TIX,FL,ASO,ES,Federal Contract Tower,0,0,98,0,98,0,0,87,2,89,0,0,185,2,187,467,0,467,654
01/10/2003,TIX,FL,ASO,ES,Federal Contract Tower,0,0,80,0,80,0,0,128,4,132,0,0,208,4,212,409,0,409,621
01/11/2003,TIX,FL,ASO,ES,Federal Contract Tower,0,0,39,0,39,0,0,146,0,146,0,0,185,0,185,250,0,250,435
01/12/2003,TIX,FL,ASO,ES,Federal Contract Tower,0,0,52,0,52,0,0,65,0,65,0,0,117,0,117,212,0,212,329
01/13/2003,TIX,FL,ASO,ES,Federal Contract Tower,0,0,42,0,42,0,0,98,0,98,0,0,140,0,140,437,0,437,577
01/14/2003,TIX,FL,ASO,ES,Federal Contract Tower,0,0,73,0,73,0,0,132,0,132,0,0,205,0,205,433,0,433,638
01/15/2003,TIX,FL,ASO,ES,Federal Contract Tower,0,0,53,12,65,0,11,121,0,132,0,11,174,12,197,402,0,402,599
01/16/2003,TIX,FL,ASO,ES,Federal Contract Tower,0,2,21,0,23,0,0,75,0,75,0,2,96,0,98,306,0,306,404
01/17/2003,TIX,FL,ASO,ES,Federal Contract Tower,0,0,51,0,51,0,13,46,0,59,0,13,97,0,110,252,0,252,362
01/18/2003,TIX,FL,ASO,ES,Federal Contract Tower,0,0,19,0,19,0,0,136,0,136,0,0,155,0,155,288,0,288,443
01/19/2003,TIX,FL,ASO,ES,Federal Contract Tower,0,0,42,0,42,0,0,58,0,58,0,0,100,0,100,146,0,146,246
01/20/2003,TIX,FL,ASO,ES,Federal Contract Tower,0,0,92,0,92,0,0,115,0,115,0,0,207,0,207,423,0,423,630
01/21/2003,TIX,FL,ASO,ES,Federal Contract Tower,0,0,99,0,99,0,0,149,2,151,0,0,248,2,250,506,0,506,756
01/22/2003,TIX,FL,ASO,ES,Federal Contract Tower,0,0,92,0,92,0,0,124,0,124,0,0,216,0,216,344,0,344,560
01/23/2003,TIX,FL,ASO,ES,Federal Contract Tower,0,0,71,0,71,0,0,47,0,47,0,0,118,0,118,209,0,209,327
01/24/2003,TIX,FL,ASO,ES,Federal Contract Tower,0,0,36,0,36,0,0,77,0,77,0,0,113,0,113,237,0,237,350
01/25/2003,TIX,FL,ASO,ES,Federal Contract Tower,0,0,26,0,26,0,0,117,0,117,0,0,143,0,143,338,0,338,481
01/26/2003,TIX,FL,ASO,ES,Federal Contract Tower,0,0,35,0,35,0,0,116,0,116,0,0,151,0,151,297,0,297,448
01/27/2003,TIX,FL,ASO,ES,Federal Contract Tower,0,1,46,0,47,0,0,119,0,119,0,1,165,0,166,421,0,421,587
01/28/2003,TIX,FL,ASO,ES,Federal Contract Tower,0,3,72,0,75,0,0,179,0,179,0,3,251,0,254,569,0,569,823
01/29/2003,TIX,FL,ASO,ES,Federal Contract Tower,0,1,51,0,52,0,0,179,0,179,0,1,230,0,231,438,0,438,669
01/30/2003,TIX,FL,ASO,ES,Federal Contract Tower,0,0,90,0,90,0,0,87,0,87,0,0,177,0,177,510,0,510,687
01/31/2003,TIX,FL,ASO,ES,Federal Contract Tower,0,1,41,0,42,0,0,139,0,139,0,1,180,0,181,400,0,400,581
02/01/2003,TIX,FL,ASO,ES,Federal Contract Tower,0,0,63,0,63,0,0,95,0,95,0,0,158,0,158,124,0,124,282
02/02/2003,TIX,FL,ASO,ES,Federal Contract Tower,0,0,52,0,52,0,1,69,1,71,0,1,121,1,123,157,0,157,280
02/03/2003,TIX,FL,ASO,ES,Federal Contract Tower,0,0,74,0,74,0,0,100,0,100,0,0,174,0,174,350,0,350,524
02/04/2003,TIX,FL,ASO,ES,Federal Contract Tower,0,0,72,0,72,0,14,64,4,82,0,14,136,4,154,236,0,236,390
02/05/2003,TIX,FL,ASO,ES,Federal Contract Tower,0,3,64,0,67,0,0,130,0,130,0,3,194,0,197,479,0,479,676
02/06/2003,TIX,FL,ASO,ES,Federal Contract Tower,0,0,50,0,50,0,6,100,0,106,0,6,150,0,156,383,0,383,539
02/07/2003,TIX,FL,ASO,ES,Federal Contract Tower,0,0,66,0,66,0,1,42,0,43,0,1,108,0,109,174,0,174,283
02/08/2003,TIX,FL,ASO,ES,Federal Contract Tower,0,0,66,0,66,0,0,99,0,99,0,0,165,0,165,228,0,228,393
02/09/2003,TIX,FL,ASO,ES,Federal Contract Tower,0,0,55,0,55,0,0,0,0,0,0,0,55,0,55,0,0,0,55
02/10/2003,TIX,FL,ASO,ES,Federal Contract Tower,0,0,65,0,65,0,0,47,3,50,0,0,112,3,115,122,0,122,237
02/11/2003,TIX,FL,ASO,ES,Federal Contract Tower,0,0,40,0,40,0,1,165,4,170,0,1,205,4,210,372,0,372,582
02/12/2003,TIX,FL,ASO,ES,Federal Contract Tower,0,0,90,0,90,0,0,238,0,238,0,0,328,0,328,585,0,585,913
02/13/2003,TIX,FL,ASO,ES,Federal Contract Tower,0,1,64,2,67,0,0,117,2,119,0,1,181,4,186,497,0,497,683
02/14/2003,TIX,FL,ASO,ES,Federal Contract Tower,0,2,58,0,60,0,0,99,0,99,0,2,157,0,159,340,0,340,499
02/15/2003,TIX,FL,ASO,ES,Federal Contract Tower,0,0,68,0,68,0,0,126,0,126,0,0,194,0,194,320,0,320,514
02/16/2003,TIX,FL,ASO,ES,Federal Contract Tower,0,1,40,0,41,0,0,35,0,35,0,1,75,0,76,85,0,85,161
02/17/2003,TIX,FL,ASO,ES,Federal Contract Tower,0,0,60,0,60,0,0,33,0,33,0,0,93,0,93,217,0,217,310
02/18/2003,TIX,FL,ASO,ES,Federal Contract Tower,0,0,64,0,64,0,0,164,0,164,0,0,228,0,228,464,0,464,692
02/19/2003,TIX,FL,ASO,ES,Federal Contract Tower,0,0,52,0,52,0,0,127,0,127,0,0,179,0,179,376,0,376,555
02/20/2003,TIX,FL,ASO,ES,Federal Contract Tower,0,0,59,0,59,0,0,68,0,68,0,0,127,0,127,373,0,373,500
02/21/2003,TIX,FL,ASO,ES,Federal Contract Tower,0,2,58,0,60,0,0,46,0,46,0,2,104,0,106,227,0,227,333
02/22/2003,TIX,FL,ASO,ES,Federal Contract Tower,0,0,16,0,16,0,0,13,0,13,0,0,29,0,29,4,0,4,33
02/23/2003,TIX,FL,ASO,ES,Federal Contract Tower,0,0,26,0,26,0,12,121,0,133,0,12,147,0,159,163,0,163,322
02/24/2003,TIX,FL,ASO,ES,Federal Contract Tower,0,0,69,0,69,0,20,167,0,187,0,20,236,0,256,554,0,554,810
02/25/2003,TIX,FL,ASO,ES,Federal Contract Tower,0,0,80,0,80,0,0,114,0,114,0,0,194,0,194,630,0,630,824
02/26/2003,TIX,FL,ASO,ES,Federal Contract Tower,0,0,60,2,62,0,0,143,0,143,0,0,203,2,205,508,0,508,713
02/27/2003,TIX,FL,ASO,ES,Federal Contract Tower,0,1,47,0,48,0,0,50,0,50,0,1,97,0,98,319,0,319,417
02/28/2003,TIX,FL,ASO,ES,Federal Contract Tower,0,0,30,0,30,0,0,3,0,3,0,0,33,0,33,91,0,91,124
03/01/2003,TIX,FL,ASO,ES,Federal Contract Tower,0,0,11,0,11,0,0,50,0,50,0,0,61,0,61,84,0,84,145
03/02/2003,TIX,FL,ASO,ES,Federal Contract Tower,0,2,34,0,36,0,0,24,0,24,0,2,58,0,60,98,0,98,158
03/03/2003,TIX,FL,ASO,ES,Federal Contract Tower,0,0,45,0,45,0,0,95,0,95,0,0,140,0,140,406,0,406,546
03/04/2003,TIX,FL,ASO,ES,Federal Contract Tower,0,1,30,0,31,0,0,32,0,32,0,1,62,0,63,281,0,281,344
03/05/2003,TIX,FL,ASO,ES,Federal Contract Tower,0,0,52,9,61,0,0,130,1,131,0,0,182,10,192,370,0,370,562
03/06/2003,TIX,FL,ASO,ES,Federal Contract Tower,0,0,43,1,44,0,0,133,5,138,0,0,176,6,182,365,0,365,547
03/07/2003,TIX,FL,ASO,ES,Federal Contract Tower,0,3,29,2,34,0,2,116,4,122,0,5,145,6,156,34,0,34,190
03/08/2003,TIX,FL,ASO,ES,Federal Contract Tower,0,0,37,0,37,0,47,64,7,118,0,47,101,7,155,97,0,97,252
03/09/2003,TIX,FL,ASO,ES,Federal Contract Tower,0,4,25,1,30,0,48,48,0,96,0,52,73,1,126,22,0,22,148
03/10/2003,TIX,FL,ASO,ES,Federal Contract Tower,0,0,63,0,63,0,0,171,4,175,0,0,234,4,238,240,0,240,478
03/11/2003,TIX,FL,ASO,ES,Federal Contract Tower,0,0,63,0,63,0,0,137,1,138,0,0,200,1,201,520,0,520,721
03/12/2003,TIX,FL,ASO,ES,Federal Contract Tower,0,0,40,0,40,0,0,111,1,112,0,0,151,1,152,451,0,451,603
03/13/2003,TIX,FL,ASO,ES,Federal Contract Tower,0,0,53,0,53,0,0,109,0,109,0,0,162,0,162,407,0,407,569
03/14/2003,TIX,FL,ASO,ES,Federal Contract Tower,0,0,55,0,55,0,0,116,2,118,0,0,171,2,173,496,0,496,669
03/15/2003,TIX,FL,ASO,ES,Federal Contract Tower,0,0,45,0,45,0,0,82,0,82,0,0,127,0,127,208,0,208,335
03/16/2003,TIX,FL,ASO,ES,Federal Contract Tower,0,2,32,0,34,0,0,52,0,52,0,2,84,0,86,88,0,88,174
03/17/2003,TIX,FL,ASO,ES,Federal Contract Tower,0,0,92,0,92,0,0,86,0,86,0,0,178,0,178,258,0,258,436
03/18/2003,TIX,FL,ASO,ES,Federal Contract Tower,0,1,87,0,88,0,0,76,0,76,0,1,163,0,164,403,0,403,567
03/19/2003,TIX,FL,ASO,ES,Federal Contract Tower,0,0,29,2,31,0,0,200,0,200,0,0,229,2,231,346,0,346,577
03/20/2003,TIX,FL,ASO,ES,Federal Contract Tower,0,0,35,2,37,0,0,53,0,53,0,0,88,2,90,258,0,258,348
03/21/2003,TIX,FL,ASO,ES,Federal Contract Tower,0,0,30,0,30,0,0,45,0,45,0,0,75,0,75,197,0,197,272
03/22/2003,TIX,FL,ASO,ES,Federal Contract Tower,0,0,81,0,81,0,0,102,0,102,0,0,183,0,183,289,0,289,472
03/23/2003,TIX,FL,ASO,ES,Federal Contract Tower,0,0,23,0,23,0,0,0,0,0,0,0,23,0,23,4,0,4,27
03/24/2003,TIX,FL,ASO,ES,Federal Contract Tower,0,0,81,0,81,0,0,141,0,141,0,0,222,0,222,448,0,448,670
03/25/2003,TIX,FL,ASO,ES,Federal Contract Tower,0,0,55,0,55,0,0,143,3,146,0,0,198,3,201,547,0,547,748
03/26/2003,TIX,FL,ASO,ES,Federal Contract Tower,0,2,49,0,51,0,0,125,0,125,0,2,174,0,176,351,0,351,527
03/27/2003,TIX,FL,ASO,ES,Federal Contract Tower,0,2,35,0,37,0,0,74,0,74,0,2,109,0,111,312,0,312,423
03/28/2003,TIX,FL,ASO,ES,Federal Contract Tower,0,0,50,0,50,0,0,114,0,114,0,0,164,0,164,323,0,323,487
03/29/2003,TIX,FL,ASO,ES,Federal Contract Tower,0,0,57,0,57,0,0,112,2,114,0,0,169,2,171,242,0,242,413
03/30/2003,TIX,FL,ASO,ES,Federal Contract Tower,0,0,19,0,19,0,0,14,0,14,0,0,33,0,33,87,0,87,120
03/31/2003,TIX,FL,ASO,ES,Federal Contract Tower,0,2,53,0,55,0,0,89,0,89,0,2,142,0,144,489,0,489,633
04/01/2003,TIX,FL,ASO,ES,Federal Contract Tower,0,2,37,0,39,0,0,117,2,119,0,2,154,2,158,518,0,518,676
04/02/2003,TIX,FL,ASO,ES,Federal Contract Tower,0,0,42,0,42,0,0,115,0,115,0,0,157,0,157,417,0,417,574
04/03/2003,TIX,FL,ASO,ES,Federal Contract Tower,0,0,49,0,49,0,0,126,4,130,0,0,175,4,179,381,0,381,560
04/04/2003,TIX,FL,ASO,ES,Federal Contract Tower,0,0,40,0,40,0,0,111,0,111,0,0,151,0,151,433,0,433,584
04/05/2003,TIX,FL,ASO,ES,Federal Contract Tower,0,0,33,0,33,0,0,106,0,106,0,0,139,0,139,236,0,236,375
04/06/2003,TIX,FL,ASO,ES,Federal Contract Tower,0,0,30,0,30,0,1,70,0,71,0,1,100,0,101,167,0,167,268
04/07/2003,TIX,FL,ASO,ES,Federal Contract Tower,0,0,50,0,50,0,0,99,6,105,0,0,149,6,155,198,0,198,353
04/08/2003,TIX,FL,ASO,ES,Federal Contract Tower,0,0,35,0,35,0,0,127,3,130,0,0,162,3,165,333,0,333,498
04/09/2003,TIX,FL,ASO,ES,Federal Contract Tower,0,0,33,0,33,0,0,80,0,80,0,0,113,0,113,192,0,192,305
04/10/2003,TIX,FL,ASO,ES,Federal Contract Tower,0,0,31,0,31,0,4,34,0,38,0,4,65,0,69,99,0,99,168
04/11/2003,TIX,FL,ASO,ES,Federal Contract Tower,0,3,43,0,46,0,0,68,0,68,0,3,111,0,114,168,0,168,282
04/12/2003,TIX,FL,ASO,ES,Federal Contract Tower,0,0,73,0,73,0,0,144,0,144,0,0,217,0,217,302,0,302,519
04/13/2003,TIX,FL,ASO,ES,Federal Contract Tower,0,0,43,0,43,0,0,148,4,152,0,0,191,4,195,264,0,264,459
04/14/2003,TIX,FL,ASO,ES,Federal Contract Tower,0,0,48,0,48,0,2,145,0,147,0,2,193,0,195,354,0,354,549
04/15/2003,TIX,FL,ASO,ES,Federal Contract Tower,0,0,31,0,31,0,0,130,4,134,0,0,161,4,165,351,0,351,516
04/16/2003,TIX,FL,ASO,ES,Federal Contract Tower,0,0,40,0,40,0,0,187,0,187,0,0,227,0,227,345,0,345,572
04/17/2003,TIX,FL,ASO,ES,Federal Contract Tower,0,2,51,0,53,0,0,138,5,143,0,2,189,5,196,416,0,416,612
04/18/2003,TIX,FL,ASO,ES,Federal Contract Tower,0,2,66,0,68,0,0,87,7,94,0,2,153,7,162,427,0,427,589
04/19/2003,TIX,FL,ASO,ES,Federal Contract Tower,0,1,25,0,26,0,0,117,0,117,0,1,142,0,143,308,0,308,451
04/20/2003,TIX,FL,ASO,ES,Federal Contract Tower,0,1,35,0,36,0,0,110,0,110,0,1,145,0,146,272,0,272,418
04/21/2003,TIX,FL,ASO,ES,Federal Contract Tower,0,2,64,0,66,0,0,119,0,119,0,2,183,0,185,353,0,353,538
04/22/2003,TIX,FL,ASO,ES,Federal Contract Tower,0,2,83,0,85,0,0,128,4,132,0,2,211,4,217,372,0,372,589
04/23/2003,TIX,FL,ASO,ES,Federal Contract Tower,0,0,69,0,69,0,0,182,6,188,0,0,251,6,257,458,0,458,715
04/24/2003,TIX,FL,ASO,ES,Federal Contract Tower,0,0,54,0,54,0,0,121,0,121,0,0,175,0,175,492,0,492,667
04/25/2003,TIX,FL,ASO,ES,Federal Contract Tower,0,0,32,0,32,0,0,42,4,46,0,0,74,4,78,121,0,121,199
04/26/2003,TIX,FL,ASO,ES,Federal Contract Tower,0,0,25,0,25,0,0,74,0,74,0,0,99,0,99,175,0,175,274
04/27/2003,TIX,FL,ASO,ES,Federal Contract Tower,0,0,16,0,16,0,0,123,0,123,0,0,139,0,139,258,0,258,397
04/28/2003,TIX,FL,ASO,ES,Federal Contract Tower,0,0,45,0,45,0,13,127,2,142,0,13,172,2,187,371,0,371,558
04/29/2003,TIX,FL,ASO,ES,Federal Contract Tower,0,0,50,0,50,0,13,144,2,159,0,13,194,2,209,362,0,362,571
04/30/2003,TIX,FL,ASO,ES,Federal Contract Tower,0,0,34,0,34,0,0,111,0,111,0,0,145,0,145,287,0,287,432
05/01/2003,TIX,FL,ASO,ES,Federal Contract Tower,0,0,67,0,67,0,0,43,0,43,0,0,110,0,110,271,0,271,381
05/02/2003,TIX,FL,ASO,ES,Federal Contract Tower,0,0,37,0,37,0,0,105,0,105,0,0,142,0,142,317,0,317,459
05/03/2003,TIX,FL,ASO,ES,Federal Contract Tower,0,0,22,0,22,0,0,103,0,103,0,0,125,0,125,311,0,311,436
05/04/2003,TIX,FL,ASO,ES,Federal Contract Tower,0,1,38,0,39,0,3,112,0,115,0,4,150,0,154,281,0,281,435
05/05/2003,TIX,FL,ASO,ES,Federal Contract Tower,0,0,40,0,40,0,18,106,2,126,0,18,146,2,166,312,0,312,478
05/06/2003,TIX,FL,ASO,ES,Federal Contract Tower,0,4,60,0,64,0,3,140,4,147,0,7,200,4,211,388,0,388,599
05/07/2003,TIX,FL,ASO,ES,Federal Contract Tower,0,1,41,0,42,0,8,102,2,112,0,9,143,2,154,392,0,392,546
05/08/2003,TIX,FL,ASO,ES,Federal Contract Tower,0,0,66,0,66,0,0,120,2,122,0,0,186,2,188,382,0,382,570
05/09/2003,TIX,FL,ASO,ES,Federal Contract Tower,0,0,62,0,62,0,0,116,1,117,0,0,178,1,179,324,0,324,503
05/10/2003,TIX,FL,ASO,ES,Federal Contract Tower,0,0,31,0,31,0,0,99,1,100,0,0,130,1,131,333,0,333,464
05/11/2003,TIX,FL,ASO,ES,Federal Contract Tower,0,0,23,0,23,0,18,99,0,117,0,18,122,0,140,234,0,234,374
05/12/2003,TIX,FL,ASO,ES,Federal Contract Tower,0,0,45,0,45,0,12,105,0,117,0,12,150,0,162,416,0,416,578
05/13/2003,TIX,FL,ASO,ES,Federal Contract Tower,0,0,39,0,39,0,0,204,0,204,0,0,243,0,243,432,0,432,675
05/14/2003,TIX,FL,ASO,ES,Federal Contract Tower,0,2,42,0,44,0,0,145,4,149,0,2,187,4,193,506,0,506,699
05/15/2003,TIX,FL,ASO,ES,Federal Contract Tower,0,2,67,0,69,0,0,130,6,136,0,2,197,6,205,667,0,667,872
05/16/2003,TIX,FL,ASO,ES,Federal Contract Tower,0,2,41,0,43,0,2,115,0,117,0,4,156,0,160,430,0,430,590
05/17/2003,TIX,FL,ASO,ES,Federal Contract Tower,0,0,25,0,25,0,4,131,5,140,0,4,156,5,165,239,0,239,404
05/18/2003,TIX,FL,ASO,ES,Federal Contract Tower,0,0,27,0,27,0,0,73,4,77,0,0,100,4,104,185,0,185,289
05/19/2003,TIX,FL,ASO,ES,Federal Contract Tower,0,0,16,0,16,0,0,115,0,115,0,0,131,0,131,322,0,322,453
05/20/2003,TIX,FL,ASO,ES,Federal Contract Tower,0,0,32,0,32,0,0,89,6,95,0,0,121,6,127,330,0,330,457
05/21/2003,TIX,FL,ASO,ES,Federal Contract Tower,0,0,21,0,21,0,2,142,0,144,0,2,163,0,165,245,0,245,410
05/22/2003,TIX,FL,ASO,ES,Federal Contract Tower,0,0,30,0,30,0,0,61,2,63,0,0,91,2,93,173,0,173,266
05/23/2003,TIX,FL,ASO,ES,Federal Contract Tower,0,0,60,0,60,0,2,60,6,68,0,2,120,6,128,230,0,230,358
05/24/2003,TIX,FL,ASO,ES,Federal Contract Tower,0,0,21,0,21,0,8,110,0,118,0,8,131,0,139,183,0,183,322
05/25/2003,TIX,FL,ASO,ES,Federal Contract Tower,0,0,34,0,34,0,4,105,2,111,0,4,139,2,145,193,0,193,338
05/26/2003,TIX,FL,ASO,ES,Federal Contract Tower,0,0,36,0,36,0,1,127,0,128,0,1,163,0,164,293,0,293,457
05/27/2003,TIX,FL,ASO,ES,Federal Contract Tower,0,0,50,0,50,0,0,107,2,109,0,0,157,2,159,309,0,309,468
05/28/2003,TIX,FL,ASO,ES,Federal Contract Tower,0,0,81,0,81,0,0,85,2,87,0,0,166,2,168,293,0,293,461
05/29/2003,TIX,FL,ASO,ES,Federal Contract Tower,0,0,83,0,83,0,4,90,0,94,0,4,173,0,177,446,0,446,623
05/30/2003,TIX,FL,ASO,ES,Federal Contract Tower,0,4,55,0,59,0,0,86,4,90,0,4,141,4,149,332,0,332,481
05/31/2003,TIX,FL,ASO,ES,Federal Contract Tower,0,0,47,0,47,0,0,134,0,134,0,0,181,0,181,192,0,192,373
06/01/2003,TIX,FL,ASO,ES,Federal Contract Tower,0,0,62,0,62,0,2,91,0,93,0,2,153,0,155,222,0,222,377
06/02/2003,TIX,FL,ASO,ES,Federal Contract Tower,0,0,46,0,46,0,4,94,0,98,0,4,140,0,144,196,0,196,340
06/03/2003,TIX,FL,ASO,ES,Federal Contract Tower,0,2,46,0,48,0,4,97,0,101,0,6,143,0,149,228,0,228,377
06/04/2003,TIX,FL,ASO,ES,Federal Contract Tower,0,0,27,0,27,0,2,82,0,84,0,2,109,0,111,149,0,149,260
06/05/2003,TIX,FL,ASO,ES,Federal Contract Tower,0,2,69,0,71,0,0,81,0,81,0,2,150,0,152,298,0,298,450
06/06/2003,TIX,FL,ASO,ES,Federal Contract Tower,0,2,46,0,48,0,0,77,6,83,0,2,123,6,131,250,0,250,381
06/07/2003,TIX,FL,ASO,ES,Federal Contract Tower,0,0,36,0,36,0,0,127,7,134,0,0,163,7,170,103,0,103,273
06/08/2003,TIX,FL,ASO,ES,Federal Contract Tower,0,0,39,0,39,0,6,79,3,88,0,6,118,3,127,153,0,153,280
06/09/2003,TIX,FL,ASO,ES,Federal Contract Tower,0,1,37,0,38,0,2,66,0,68,0,3,103,0,106,198,0,198,304
06/10/2003,TIX,FL,ASO,ES,Federal Contract Tower,0,0,48,0,48,0,0,93,0,93,0,0,141,0,141,257,0,257,398
06/11/2003,TIX,FL,ASO,ES,Federal Contract Tower,0,0,64,0,64,0,1,136,0,137,0,1,200,0,201,423,0,423,624
06/12/2003,TIX,FL,ASO,ES,Federal Contract Tower,0,1,36,0,37,0,3,110,1,114,0,4,146,1,151,216,0,216,367
06/13/2003,TIX,FL,ASO,ES,Federal Contract Tower,0,0,48,0,48,0,0,146,3,149,0,0,194,3,197,305,0,305,502
06/14/2003,TIX,FL,ASO,ES,Federal Contract Tower,0,0,29,0,29,0,0,135,0,135,0,0,164,0,164,309,0,309,473
06/15/2003,TIX,FL,ASO,ES,Federal Contract Tower,0,0,41,0,41,0,0,74,0,74,0,0,115,0,115,134,0,134,249
06/16/2003,TIX,FL,ASO,ES,Federal Contract Tower,0,0,50,0,50,0,0,121,0,121,0,0,171,0,171,376,0,376,547
06/17/2003,TIX,FL,ASO,ES,Federal Contract Tower,0,0,61,0,61,0,0,171,0,171,0,0,232,0,232,442,0,442,674
06/18/2003,TIX,FL,ASO,ES,Federal Contract Tower,0,0,45,0,45,0,0,100,0,100,0,0,145,0,145,277,0,277,422
06/19/2003,TIX,FL,ASO,ES,Federal Contract Tower,0,0,30,0,30,0,0,73,0,73,0,0,103,0,103,262,0,262,365
06/20/2003,TIX,FL,ASO,ES,Federal Contract Tower,0,0,73,0,73,0,0,24,2,26,0,0,97,2,99,166,0,166,265
06/21/2003,TIX,FL,ASO,ES,Federal Contract Tower,0,0,80,0,80,0,0,36,3,39,0,0,116,3,119,52,0,52,171
06/22/2003,TIX,FL,ASO,ES,Federal Contract Tower,0,0,20,0,20,0,0,4,0,4,0,0,24,0,24,0,0,0,24
06/23/2003,TIX,FL,ASO,ES,Federal Contract Tower,0,0,58,0,58,0,0,111,0,111,0,0,169,0,169,423,0,423,592
06/24/2003,TIX,FL,ASO,ES,Federal Contract Tower,0,1,67,0,68,0,0,106,0,106,0,1,173,0,174,423,0,423,597
06/25/2003,TIX,FL,ASO,ES,Federal Contract Tower,0,0,59,0,59,0,18,124,3,145,0,18,183,3,204,416,0,416,620
06/26/2003,TIX,FL,ASO,ES,Federal Contract Tower,0,0,37,0,37,0,0,100,3,103,0,0,137,3,140,356,0,356,496
06/27/2003,TIX,FL,ASO,ES,Federal Contract Tower,0,0,55,0,55,0,0,70,0,70,0,0,125,0,125,357,0,357,482
06/28/2003,TIX,FL,ASO,ES,Federal Contract Tower,0,0,29,0,29,0,23,101,0,124,0,23,130,0,153,170,0,170,323
06/29/2003,TIX,FL,ASO,ES,Federal Contract Tower,0,0,23,0,23,0,16,70,0,86,0,16,93,0,109,215,0,215,324
06/30/2003,TIX,FL,ASO,ES,Federal Contract Tower,0,0,14,0,14,0,0,86,0,86,0,0,100,0,100,297,0,297,397
07/01/2003,TIX,FL,ASO,ES,Federal Contract Tower,0,0,41,0,41,0,0,105,0,105,0,0,146,0,146,335,0,335,481
07/02/2003,TIX,FL,ASO,ES,Federal Contract Tower,0,0,54,0,54,0,0,88,0,88,0,0,142,0,142,208,0,208,350
07/03/2003,TIX,FL,ASO,ES,Federal Contract Tower,0,1,56,0,57,0,0,62,0,62,0,1,118,0,119,216,0,216,335
07/04/2003,TIX,FL,ASO,ES,Federal Contract Tower,0,0,28,0,28,0,0,80,0,80,0,0,108,0,108,199,0,199,307
07/05/2003,TIX,FL,ASO,ES,Federal Contract Tower,0,0,19,0,19,0,0,147,0,147,0,0,166,0,166,183,0,183,349
07/06/2003,TIX,FL,ASO,ES,Federal Contract Tower,0,2,20,0,22,0,0,102,4,106,0,2,122,4,128,233,0,233,361
07/07/2003,TIX,FL,ASO,ES,Federal Contract Tower,0,1,40,0,41,0,9,139,2,150,0,10,179,2,191,400,0,400,591
07/08/2003,TIX,FL,ASO,ES,Federal Contract Tower,0,0,29,2,31,0,0,150,3,153,0,0,179,5,184,297,0,297,481
07/09/2003,TIX,FL,ASO,ES,Federal Contract Tower,0,0,74,2,76,0,0,90,2,92,0,0,164,4,168,326,0,326,494
07/10/2003,TIX,FL,ASO,ES,Federal Contract Tower,0,0,62,0,62,0,0,102,2,104,0,0,164,2,166,355,0,355,521
07/11/2003,TIX,FL,ASO,ES,Federal Contract Tower,0,0,73,0,73,0,2,71,0,73,0,2,144,0,146,133,0,133,279
07/12/2003,TIX,FL,ASO,ES,Federal Contract Tower,0,0,19,0,19,0,0,72,0,72,0,0,91,0,91,213,0,213,304
07/13/2003,TIX,FL,ASO,ES,Federal Contract Tower,0,0,10,0,10,0,0,90,0,90,0,0,100,0,100,180,0,180,280
07/14/2003,TIX,FL,ASO,ES,Federal Contract Tower,0,0,21,0,21,0,0,89,0,89,0,0,110,0,110,191,0,191,301
07/15/2003,TIX,FL,ASO,ES,Federal Contract Tower,0,0,34,0,34,0,0,94,0,94,0,0,128,0,128,118,0,118,246
07/16/2003,TIX,FL,ASO,ES,Federal Contract Tower,0,0,37,0,37,0,0,95,2,97,0,0,132,2,134,268,0,268,402
07/17/2003,TIX,FL,ASO,ES,Federal Contract Tower,0,0,46,0,46,0,0,90,0,90,0,0,136,0,136,303,0,303,439
07/18/2003,TIX,FL,ASO,ES,Federal Contract Tower,0,0,47,0,47,0,0,127,2,129,0,0,174,2,176,451,0,451,627
07/19/2003,TIX,FL,ASO,ES,Federal Contract Tower,0,0,33,0,33,0,0,97,0,97,0,0,130,0,130,159,0,159,289
07/20/2003,TIX,FL,ASO,ES,Federal Contract Tower,0,0,11,0,11,0,0,86,0,86,0,0,97,0,97,312,0,312,409
07/21/2003,TIX,FL,ASO,ES,Federal Contract Tower,0,0,40,0,40,0,23,129,0,152,0,23,169,0,192,380,0,380,572
07/22/2003,TIX,FL,ASO,ES,Federal Contract Tower,0,0,35,0,35,0,0,82,0,82,0,0,117,0,117,241,0,241,358
07/23/2003,TIX,FL,ASO,ES,Federal Contract Tower,0,0,48,0,48,0,0,130,2,132,0,0,178,2,180,333,0,333,513
07/24/2003,TIX,FL,ASO,ES,Federal Contract Tower,0,0,36,0,36,0,0,114,0,114,0,0,150,0,150,338,0,338,488
07/25/2003,TIX,FL,ASO,ES,Federal Contract Tower,0,0,43,0,43,0,3,74,0,77,0,3,117,0,120,293,0,293,413
07/26/2003,TIX,FL,ASO,ES,Federal Contract Tower,0,0,46,0,46,0,0,121,0,121,0,0,167,0,167,232,0,232,399
07/27/2003,TIX,FL,ASO,ES,Federal Contract Tower,0,0,41,2,43,0,0,104,0,104,0,0,145,2,147,245,0,245,392
07/28/2003,TIX,FL,ASO,ES,Federal Contract Tower,0,0,32,0,32,0,0,143,8,151,0,0,175,8,183,473,0,473,656
07/29/2003,TIX,FL,ASO,ES,Federal Contract Tower,0,0,25,2,27,0,19,131,0,150,0,19,156,2,177,460,0,460,637
07/30/2003,TIX,FL,ASO,ES,Federal Contract Tower,0,0,34,0,34,0,0,87,0,87,0,0,121,0,121,210,0,210,331
07/31/2003,TIX,FL,ASO,ES,Federal Contract Tower,0,0,18,0,18,0,2,64,7,73,0,2,82,7,91,169,0,169,260
08/01/2003,TIX,FL,ASO,ES,Federal Contract Tower,0,0,25,0,25,0,6,88,1,95,0,6,113,1,120,296,0,296,416
08/02/2003,TIX,FL,ASO,ES,Federal Contract Tower,0,0,22,0,22,0,0,99,0,99,0,0,121,0,121,264,0,264,385
08/03/2003,TIX,FL,ASO,ES,Federal Contract Tower,0,0,22,0,22,0,0,97,4,101,0,0,119,4,123,169,0,169,292
08/04/2003,TIX,FL,ASO,ES,Federal Contract Tower,0,0,39,0,39,0,0,95,2,97,0,0,134,2,136,343,0,343,479
08/05/2003,TIX,FL,ASO,ES,Federal Contract Tower,0,0,42,0,42,0,0,97,0,97,0,0,139,0,139,332,0,332,471
08/06/2003,TIX,FL,ASO,ES,Federal Contract Tower,0,0,34,0,34,0,0,109,0,109,0,0,143,0,143,233,0,233,376
08/07/2003,TIX,FL,ASO,ES,Federal Contract Tower,0,0,46,0,46,0,0,74,2,76,0,0,120,2,122,235,0,235,357
08/08/2003,TIX,FL,ASO,ES,Federal Contract Tower,0,0,41,0,41,0,0,67,0,67,0,0,108,0,108,232,0,232,340
08/09/2003,TIX,FL,ASO,ES,Federal Contract Tower,0,0,25,0,25,0,0,103,0,103,0,0,128,0,128,98,0,98,226
08/10/2003,TIX,FL,ASO,ES,Federal Contract Tower,0,0,31,0,31,0,0,100,2,102,0,0,131,2,133,213,0,213,346
08/11/2003,TIX,FL,ASO,ES,Federal Contract Tower,0,0,40,0,40,0,0,62,2,64,0,0,102,2,104,304,0,304,408
08/12/2003,TIX,FL,ASO,ES,Federal Contract Tower,0,0,53,0,53,0,0,133,0,133,0,0,186,0,186,324,0,324,510
08/13/2003,TIX,FL,ASO,ES,Federal Contract Tower,0,0,35,0,35,0,1,144,2,147,0,1,179,2,182,249,0,249,431
08/14/2003,TIX,FL,ASO,ES,Federal Contract Tower,0,0,16,0,16,0,0,61,0,61,0,0,77,0,77,160,0,160,237
08/15/2003,TIX,FL,ASO,ES,Federal Contract Tower,0,0,64,0,64,0,0,91,0,91,0,0,155,0,155,349,0,349,504
08/16/2003,TIX,FL,ASO,ES,Federal Contract Tower,0,0,51,0,51,0,0,125,2,127,0,0,176,2,178,250,0,250,428
08/17/2003,TIX,FL,ASO,ES,Federal Contract Tower,0,0,26,0,26,0,0,92,0,92,0,0,118,0,118,202,0,202,320
08/18/2003,TIX,FL,ASO,ES,Federal Contract Tower,0,0,39,0,39,0,0,69,0,69,0,0,108,0,108,254,0,254,362
08/19/2003,TIX,FL,ASO,ES,Federal Contract Tower,0,0,32,0,32,0,0,87,5,92,0,0,119,5,124,246,0,246,370
08/20/2003,TIX,FL,ASO,ES,Federal Contract Tower,0,0,57,0,57,0,0,108,1,109,0,0,165,1,166,406,0,406,572
08/21/2003,TIX,FL,ASO,ES,Federal Contract Tower,0,0,67,0,67,0,0,77,0,77,0,0,144,0,144,299,0,299,443
08/22/2003,TIX,FL,ASO,ES,Federal Contract Tower,0,0,38,0,38,0,0,82,0,82,0,0,120,0,120,209,0,209,329
08/23/2003,TIX,FL,ASO,ES,Federal Contract Tower,0,0,13,0,13,0,0,121,2,123,0,0,134,2,136,202,0,202,338
08/24/2003,TIX,FL,ASO,ES,Federal Contract Tower,0,2,23,0,25,0,0,105,4,109,0,2,128,4,134,129,0,129,263
08/25/2003,TIX,FL,ASO,ES,Federal Contract Tower,0,0,41,0,41,0,0,99,4,103,0,0,140,4,144,340,0,340,484
08/26/2003,TIX,FL,ASO,ES,Federal Contract Tower,0,0,48,0,48,0,0,109,0,109,0,0,157,0,157,273,0,273,430
08/27/2003,TIX,FL,ASO,ES,Federal Contract Tower,0,0,26,2,28,0,0,131,5,136,0,0,157,7,164,294,0,294,458
08/28/2003,TIX,FL,ASO,ES,Federal Contract Tower,0,0,29,0,29,0,0,86,3,89,0,0,115,3,118,309,0,309,427
08/29/2003,TIX,FL,ASO,ES,Federal Contract Tower,0,0,45,0,45,0,0,99,2,101,0,0,144,2,146,191,0,191,337
08/30/2003,TIX,FL,ASO,ES,Federal Contract Tower,0,0,18,0,18,0,0,114,0,114,0,0,132,0,132,154,0,154,286
08/31/2003,TIX,FL,ASO,ES,Federal Contract Tower,0,0,38,0,38,0,0,58,0,58,0,0,96,0,96,130,0,130,226
09/01/2003,TIX,FL,ASO,ES,Federal Contract Tower,0,0,40,0,40,0,0,112,0,112,0,0,152,0,152,315,0,315,467
09/02/2003,TIX,FL,ASO,ES,Federal Contract Tower,0,1,29,0,30,0,0,90,0,90,0,1,119,0,120,379,0,379,499
09/03/2003,TIX,FL,ASO,ES,Federal Contract Tower,0,1,50,0,51,0,0,108,0,108,0,1,158,0,159,369,0,369,528
09/04/2003,TIX,FL,ASO,ES,Federal Contract Tower,0,0,34,0,34,0,0,93,0,93,0,0,127,0,127,206,0,206,333
09/05/2003,TIX,FL,ASO,ES,Federal Contract Tower,0,0,52,0,52,0,0,48,0,48,0,0,100,0,100,244,0,244,344
09/06/2003,TIX,FL,ASO,ES,Federal Contract Tower,0,0,21,0,21,0,0,26,0,26,0,0,47,0,47,98,0,98,145
09/07/2003,TIX,FL,ASO,ES,Federal Contract Tower,0,0,44,0,44,0,0,38,0,38,0,0,82,0,82,59,0,59,141
09/08/2003,TIX,FL,ASO,ES,Federal Contract Tower,0,2,36,0,38,0,0,76,0,76,0,2,112,0,114,392,0,392,506
09/09/2003,TIX,FL,ASO,ES,Federal Contract Tower,0,2,20,0,22,0,0,123,0,123,0,2,143,0,145,413,0,413,558
09/10/2003,TIX,FL,ASO,ES,Federal Contract Tower,0,0,44,0,44,0,0,142,0,142,0,0,186,0,186,257,0,257,443
09/11/2003,TIX,FL,ASO,ES,Federal Contract Tower,0,0,50,0,50,0,6,143,0,149,0,6,193,0,199,495,0,495,694
09/12/2003,TIX,FL,ASO,ES,Federal Contract Tower,0,0,35,0,35,0,6,157,0,163,0,6,192,0,198,375,0,375,573
09/13/2003,TIX,FL,ASO,ES,Federal Contract Tower,0,0,31,0,31,0,6,142,0,148,0,6,173,0,179,331,0,331,510
09/14/2003,TIX,FL,ASO,ES,Federal Contract Tower,0,4,27,0,31,0,3,94,0,97,0,7,121,0,128,239,0,239,367
09/15/2003,TIX,FL,ASO,ES,Federal Contract Tower,0,0,37,0,37,0,0,120,18,138,0,0,157,18,175,439,0,439,614
09/16/2003,TIX,FL,ASO,ES,Federal Contract Tower,0,2,30,0,32,0,6,89,0,95,0,8,119,0,127,310,0,310,437
09/17/2003,TIX,FL,ASO,ES,Federal Contract Tower,0,0,21,0,21,0,1,64,2,67,0,1,85,2,88,140,0,140,228
09/18/2003,TIX,FL,ASO,ES,Federal Contract Tower,0,1,29,1,31,0,10,141,1,152,0,11,170,2,183,374,0,374,557
09/19/2003,TIX,FL,ASO,ES,Federal Contract Tower,0,1,37,0,38,0,3,76,0,79,0,4,113,0,117,301,0,301,418
09/20/2003,TIX,FL,ASO,ES,Federal Contract Tower,0,0,30,0,30,0,4,104,5,113,0,4,134,5,143,198,0,198,341
09/21/2003,TIX,FL,ASO,ES,Federal Contract Tower,0,0,33,0,33,0,0,114,0,114,0,0,147,0,147,212,0,212,359
09/22/2003,TIX,FL,ASO,ES,Federal Contract Tower,0,0,21,0,21,0,2,143,0,145,0,2,164,0,166,428,0,428,594
09/23/2003,TIX,FL,ASO,ES,Federal Contract Tower,0,0,52,0,52,0,2,109,0,111,0,2,161,0,163,462,0,462,625
09/24/2003,TIX,FL,ASO,ES,Federal Contract Tower,0,0,59,0,59,0,0,134,5,139,0,0,193,5,198,408,0,408,606
09/25/2003,TIX,FL,ASO,ES,Federal Contract Tower,0,2,50,0,52,0,0,113,0,113,0,2,163,0,165,379,0,379,544
09/26/2003,TIX,FL,ASO,ES,Federal Contract Tower,0,2,39,0,41,0,0,62,0,62,0,2,101,0,103,186,0,186,289
09/27/2003,TIX,FL,ASO,ES,Federal Contract Tower,0,0,39,0,39,0,0,65,2,67,0,0,104,2,106,170,0,170,276
09/28/2003,TIX,FL,ASO,ES,Federal Contract Tower,0,2,22,0,24,0,0,50,0,50,0,2,72,0,74,108,0,108,182
09/29/2003,TIX,FL,ASO,ES,Federal Contract Tower,0,0,37,0,37,0,2,91,2,95,0,2,128,2,132,446,0,446,578
09/30/2003,TIX,FL,ASO,ES,Federal Contract Tower,0,0,42,0,42,0,0,91,0,91,0,0,133,0,133,344,0,344,477
10/01/2003,TIX,FL,ASO,ES,Federal Contract Tower,0,0,38,0,38,0,0,54,0,54,0,0,92,0,92,255,0,255,347
10/02/2003,TIX,FL,ASO,ES,Federal Contract Tower,0,0,41,0,41,0,0,121,0,121,0,0,162,0,162,443,0,443,605
10/03/2003,TIX,FL,ASO,ES,Federal Contract Tower,0,1,28,0,29,0,5,136,1,142,0,6,164,1,171,408,0,408,579
10/04/2003,TIX,FL,ASO,ES,Federal Contract Tower,0,1,26,0,27,0,1,126,2,129,0,2,152,2,156,349,0,349,505
10/05/2003,TIX,FL,ASO,ES,Federal Contract Tower,0,1,13,0,14,0,0,98,2,100,0,1,111,2,114,279,0,279,393
10/06/2003,TIX,FL,ASO,ES,Federal Contract Tower,0,1,59,0,60,0,5,138,4,147,0,6,197,4,207,457,0,457,664
10/07/2003,TIX,FL,ASO,ES,Federal Contract Tower,0,1,30,0,31,0,7,103,2,112,0,8,133,2,143,380,0,380,523
10/08/2003,TIX,FL,ASO,ES,Federal Contract Tower,0,0,54,0,54,0,0,138,0,138,0,0,192,0,192,425,0,425,617
10/09/2003,TIX,FL,ASO,ES,Federal Contract Tower,0,0,50,0,50,0,0,111,2,113,0,0,161,2,163,356,0,356,519
10/10/2003,TIX,FL,ASO,ES,Federal Contract Tower,0,1,20,0,21,0,1,90,0,91,0,2,110,0,112,440,0,440,552
10/11/2003,TIX,FL,ASO,ES,Federal Contract Tower,0,1,16,0,17,0,1,89,0,90,0,2,105,0,107,178,0,178,285
10/12/2003,TIX,FL,ASO,ES,Federal Contract Tower,0,0,31,0,31,0,0,62,0,62,0,0,93,0,93,267,0,267,360
10/13/2003,TIX,FL,ASO,ES,Federal Contract Tower,0,0,34,0,34,0,0,79,0,79,0,0,113,0,113,394,0,394,507
10/14/2003,TIX,FL,ASO,ES,Federal Contract Tower,0,0,54,0,54,0,0,95,0,95,0,0,149,0,149,364,0,364,513
10/15/2003,TIX,FL,ASO,ES,Federal Contract Tower,0,0,42,0,42,0,0,141,0,141,0,0,183,0,183,393,0,393,576
10/16/2003,TIX,FL,ASO,ES,Federal Contract Tower,0,0,50,0,50,0,0,124,0,124,0,0,174,0,174,476,0,476,650
10/17/2003,TIX,FL,ASO,ES,Federal Contract Tower,0,0,39,1,40,0,2,130,3,135,0,2,169,4,175,372,0,372,547
10/18/2003,TIX,FL,ASO,ES,Federal Contract Tower,0,0,25,0,25,0,0,123,0,123,0,0,148,0,148,207,0,207,355
10/19/2003,TIX,FL,ASO,ES,Federal Contract Tower,0,0,23,0,23,0,0,88,0,88,0,0,111,0,111,229,0,229,340
10/20/2003,TIX,FL,ASO,ES,Federal Contract Tower,0,0,28,0,28,0,0,97,2,99,0,0,125,2,127,336,0,336,463
10/21/2003,TIX,FL,ASO,ES,Federal Contract Tower,0,0,55,0,55,0,0,114,0,114,0,0,169,0,169,433,0,433,602
10/22/2003,TIX,FL,ASO,ES,Federal Contract Tower,0,0,95,0,95,0,0,106,0,106,0,0,201,0,201,450,0,450,651
10/23/2003,TIX,FL,ASO,ES,Federal Contract Tower,0,0,63,0,63,0,1,103,0,104,0,1,166,0,167,349,0,349,516
10/24/2003,TIX,FL,ASO,ES,Federal Contract Tower,0,0,58,0,58,0,2,106,3,111,0,2,164,3,169,423,0,423,592
10/25/2003,TIX,FL,ASO,ES,Federal Contract Tower,0,0,34,0,34,0,2,168,4,174,0,2,202,4,208,271,0,271,479
10/26/2003,TIX,FL,ASO,ES,Federal Contract Tower,0,0,28,0,28,0,0,112,0,112,0,0,140,0,140,229,0,229,369
10/27/2003,TIX,FL,ASO,ES,Federal Contract Tower,0,0,47,0,47,0,2,93,2,97,0,2,140,2,144,365,0,365,509
10/28/2003,TIX,FL,ASO,ES,Federal Contract Tower,0,0,28,0,28,0,5,81,1,87,0,5,109,1,115,263,0,263,378
10/29/2003,TIX,FL,ASO,ES,Federal Contract Tower,0,0,89,0,89,0,14,111,4,129,0,14,200,4,218,398,0,398,616
10/30/2003,TIX,FL,ASO,ES,Federal Contract Tower,0,0,89,0,89,0,0,127,4,131,0,0,216,4,220,531,0,531,751
10/31/2003,TIX,FL,ASO,ES,Federal Contract Tower,0,0,55,0,55,0,2,95,4,101,0,2,150,4,156,395,0,395,551
11/01/2003,TIX,FL,ASO,ES,Federal Contract Tower,0,0,31,0,31,0,0,52,0,52,0,0,83,0,83,165,0,165,248
11/02/2003,TIX,FL,ASO,ES,Federal Contract Tower,0,1,24,0,25,0,3,80,14,97,0,4,104,14,122,205,0,205,327
11/03/2003,TIX,FL,ASO,ES,Federal Contract Tower,0,0,49,0,49,0,2,58,0,60,0,2,107,0,109,265,0,265,374
11/04/2003,TIX,FL,ASO,ES,Federal Contract Tower,0,0,76,1,77,0,9,85,5,99,0,9,161,6,176,431,0,431,607
11/05/2003,TIX,FL,ASO,ES,Federal Contract Tower,0,0,34,0,34,0,1,73,0,74,0,1,107,0,108,357,0,357,465
11/06/2003,TIX,FL,ASO,ES,Federal Contract Tower,0,0,31,0,31,0,0,57,0,57,0,0,88,0,88,260,0,260,348
11/07/2003,TIX,FL,ASO,ES,Federal Contract Tower,0,0,43,0,43,0,0,169,0,169,0,0,212,0,212,392,0,392,604
11/08/2003,TIX,FL,ASO,ES,Federal Contract Tower,0,0,20,1,21,0,0,87,3,90,0,0,107,4,111,268,0,268,379
11/09/2003,TIX,FL,ASO,ES,Federal Contract Tower,0,0,9,0,9,0,0,4,0,4,0,0,13,0,13,0,0,0,13
11/10/2003,TIX,FL,ASO,ES,Federal Contract Tower,0,0,60,0,60,0,0,120,0,120,0,0,180,0,180,281,0,281,461
11/11/2003,TIX,FL,ASO,ES,Federal Contract Tower,0,0,109,0,109,0,0,139,3,142,0,0,248,3,251,685,0,685,936
11/12/2003,TIX,FL,ASO,ES,Federal Contract Tower,0,0,43,0,43,0,0,196,0,196,0,0,239,0,239,392,0,392,631
11/13/2003,TIX,FL,ASO,ES,Federal Contract Tower,0,0,75,0,75,0,0,70,10,80,0,0,145,10,155,367,0,367,522
11/14/2003,TIX,FL,ASO,ES,Federal Contract Tower,0,0,66,0,66,0,0,104,0,104,0,0,170,0,170,543,0,543,713
11/15/2003,TIX,FL,ASO,ES,Federal Contract Tower,0,0,26,0,26,0,5,182,0,187,0,5,208,0,213,357,0,357,570
11/16/2003,TIX,FL,ASO,ES,Federal Contract Tower,0,0,22,0,22,0,0,142,0,142,0,0,164,0,164,356,0,356,520
11/17/2003,TIX,FL,ASO,ES,Federal Contract Tower,0,0,41,0,41,0,5,108,2,115,0,5,149,2,156,567,0,567,723
11/18/2003,TIX,FL,ASO,ES,Federal Contract Tower,0,0,40,0,40,0,3,116,0,119,0,3,156,0,159,435,0,435,594
11/19/2003,TIX,FL,ASO,ES,Federal Contract Tower,0,0,13,0,13,0,0,21,0,21,0,0,34,0,34,99,0,99,133
11/20/2003,TIX,FL,ASO,ES,Federal Contract Tower,0,0,54,0,54,0,0,103,2,105,0,0,157,2,159,448,0,448,607
11/21/2003,TIX,FL,ASO,ES,Federal Contract Tower,0,0,49,0,49,0,0,138,0,138,0,0,187,0,187,495,0,495,682
11/22/2003,TIX,FL,ASO,ES,Federal Contract Tower,0,0,42,0,42,0,0,135,0,135,0,0,177,0,177,324,0,324,501
11/23/2003,TIX,FL,ASO,ES,Federal Contract Tower,0,0,56,0,56,0,0,119,0,119,0,0,175,0,175,324,0,324,499
11/24/2003,TIX,FL,ASO,ES,Federal Contract Tower,0,0,41,0,41,0,0,129,0,129,0,0,170,0,170,377,0,377,547
11/25/2003,TIX,FL,ASO,ES,Federal Contract Tower,0,0,40,0,40,0,0,95,1,96,0,0,135,1,136,312,0,312,448
11/26/2003,TIX,FL,ASO,ES,Federal Contract Tower,0,0,85,0,85,0,0,109,2,111,0,0,194,2,196,510,0,510,706
11/27/2003,TIX,FL,ASO,ES,Federal Contract Tower,0,0,13,0,13,0,0,71,0,71,0,0,84,0,84,177,0,177,261
11/28/2003,TIX,FL,ASO,ES,Federal Contract Tower,0,0,40,0,40,0,0,79,0,79,0,0,119,0,119,267,0,267,386
11/29/2003,TIX,FL,ASO,ES,Federal Contract Tower,0,0,23,0,23,0,0,92,0,92,0,0,115,0,115,217,0,217,332
11/30/2003,TIX,FL,ASO,ES,Federal Contract Tower,0,0,62,0,62,0,0,98,0,98,0,0,160,0,160,368,0,368,528
12/01/2003,TIX,FL,ASO,ES,Federal Contract Tower,0,0,50,0,50,0,0,116,8,124,0,0,166,8,174,491,0,491,665
12/02/2003,TIX,FL,ASO,ES,Federal Contract Tower,0,1,42,0,43,0,3,121,16,140,0,4,163,16,183,380,0,380,563
12/03/2003,TIX,FL,ASO,ES,Federal Contract Tower,0,2,67,0,69,0,5,108,10,123,0,7,175,10,192,420,0,420,612
12/04/2003,TIX,FL,ASO,ES,Federal Contract Tower,0,1,70,0,71,0,0,120,8,128,0,1,190,8,199,343,0,343,542
12/05/2003,TIX,FL,ASO,ES,Federal Contract Tower,0,1,102,0,103,0,0,76,0,76,0,1,178,0,179,230,0,230,409
12/06/2003,TIX,FL,ASO,ES,Federal Contract Tower,0,1,57,0,58,0,31,123,7,161,0,32,180,7,219,310,0,310,529
12/07/2003,TIX,FL,ASO,ES,Federal Contract Tower,0,1,17,0,18,0,0,128,3,131,0,1,145,3,149,212,0,212,361
12/08/2003,TIX,FL,ASO,ES,Federal Contract Tower,0,1,65,0,66,0,13,133,18,164,0,14,198,18,230,557,0,557,787
12/09/2003,TIX,FL,ASO,ES,Federal Contract Tower,0,2,68,0,70,0,4,171,10,185,0,6,239,10,255,474,0,474,729
12/10/2003,TIX,FL,ASO,ES,Federal Contract Tower,0,1,44,0,45,0,12,107,9,128,0,13,151,9,173,393,0,393,566
12/11/2003,TIX,FL,ASO,ES,Federal Contract Tower,0,2,88,0,90,0,0,73,6,79,0,2,161,6,169,479,0,479,648
12/12/2003,TIX,FL,ASO,ES,Federal Contract Tower,0,1,60,0,61,0,0,161,5,166,0,1,221,5,227,478,0,478,705
12/13/2003,TIX,FL,ASO,ES,Federal Contract Tower,0,1,35,0,36,0,23,224,2,249,0,24,259,2,285,292,0,292,577
12/14/2003,TIX,FL,ASO,ES,Federal Contract Tower,0,0,27,0,27,0,0,17,0,17,0,0,44,0,44,12,0,12,56
12/15/2003,TIX,FL,ASO,ES,Federal Contract Tower,0,0,59,0,59,0,0,136,0,136,0,0,195,0,195,447,0,447,642
12/16/2003,TIX,FL,ASO,ES,Federal Contract Tower,0,0,30,0,30,0,0,172,0,172,0,0,202,0,202,590,0,590,792
12/17/2003,TIX,FL,ASO,ES,Federal Contract Tower,0,0,25,0,25,0,0,24,0,24,0,0,49,0,49,12,0,12,61
12/18/2003,TIX,FL,ASO,ES,Federal Contract Tower,0,0,58,0,58,0,0,137,0,137,0,0,195,0,195,591,0,591,786
12/19/2003,TIX,FL,ASO,ES,Federal Contract Tower,0,0,26,0,26,0,0,84,0,84,0,0,110,0,110,282,0,282,392
12/20/2003,TIX,FL,ASO,ES,Federal Contract Tower,0,0,26,1,27,0,16,127,8,151,0,16,153,9,178,207,0,207,385
12/21/2003,TIX,FL,ASO,ES,Federal Contract Tower,0,0,25,1,26,0,2,106,1,109,0,2,131,2,135,390,0,390,525
12/22/2003,TIX,FL,ASO,ES,Federal Contract Tower,0,0,30,0,30,0,8,111,0,119,0,8,141,0,149,320,0,320,469
12/23/2003,TIX,FL,ASO,ES,Federal Contract Tower,0,0,24,0,24,0,7,75,0,82,0,7,99,0,106,263,0,263,369
12/24/2003,TIX,FL,ASO,ES,Federal Contract Tower,0,0,32,0,32,0,2,82,0,84,0,2,114,0,116,108,0,108,224
12/25/2003,TIX,FL,ASO,ES,Federal Contract Tower,0,0,8,0,8,0,0,19,0,19,0,0,27,0,27,12,0,12,39
12/26/2003,TIX,FL,ASO,ES,Federal Contract Tower,0,0,14,0,14,0,0,100,0,100,0,0,114,0,114,167,0,167,281
12/27/2003,TIX,FL,ASO,ES,Federal Contract Tower,0,0,22,0,22,0,2,121,0,123,0,2,143,0,145,296,0,296,441
12/28/2003,TIX,FL,ASO,ES,Federal Contract Tower,0,0,27,0,27,0,2,90,0,92,0,2,117,0,119,298,0,298,417
12/29/2003,TIX,FL,ASO,ES,Federal Contract Tower,0,0,41,0,41,0,4,146,0,150,0,4,187,0,191,496,0,496,687
12/30/2003,TIX,FL,ASO,ES,Federal Contract Tower,0,0,33,0,33,0,0,141,2,143,0,0,174,2,176,472,0,472,648
12/31/2003,TIX,FL,ASO,ES,Federal Contract Tower,0,0,34,0,34,0,2,125,2,129,0,2,159,2,163,315,0,315,478
01/01/2004,TIX,FL,ASO,ES,Federal Contract Tower,0,0,19,0,19,0,0,48,0,48,0,0,67,0,67,114,0,114,181
01/02/2004,TIX,FL,ASO,ES,Federal Contract Tower,0,1,36,0,37,0,2,127,0,129,0,3,163,0,166,287,0,287,453
01/03/2004,TIX,FL,ASO,ES,Federal Contract Tower,0,1,37,0,38,0,1,91,0,92,0,2,128,0,130,229,0,229,359
01/04/2004,TIX,FL,ASO,ES,Federal Contract Tower,0,1,28,0,29,0,8,121,2,131,0,9,149,2,160,198,0,198,358
01/05/2004,TIX,FL,ASO,ES,Federal Contract Tower,0,1,39,0,40,0,11,111,0,122,0,12,150,0,162,447,0,447,609
01/06/2004,TIX,FL,ASO,ES,Federal Contract Tower,0,1,57,0,58,0,3,52,7,62,0,4,109,7,120,253,0,253,373
01/07/2004,TIX,FL,ASO,ES,Federal Contract Tower,0,1,27,0,28,0,3,83,2,88,0,4,110,2,116,291,0,291,407
01/08/2004,TIX,FL,ASO,ES,Federal Contract Tower,0,1,49,0,50,0,3,123,0,126,0,4,172,0,176,528,0,528,704
01/09/2004,TIX,FL,ASO,ES,Federal Contract Tower,0,0,74,0,74,0,0,153,1,154,0,0,227,1,228,393,0,393,621
01/10/2004,TIX,FL,ASO,ES,Federal Contract Tower,0,1,33,0,34,0,2,63,2,67,0,3,96,2,101,121,0,121,222
01/11/2004,TIX,FL,ASO,ES,Federal Contract Tower,0,1,54,0,55,0,0,90,12,102,0,1,144,12,157,214,0,214,371
01/12/2004,TIX,FL,ASO,ES,Federal Contract Tower,0,1,75,0,76,0,11,112,2,125,0,12,187,2,201,333,0,333,534
01/13/2004,TIX,FL,ASO,ES,Federal Contract Tower,0,2,95,0,97,0,13,99,0,112,0,15,194,0,209,441,0,441,650
01/14/2004,TIX,FL,ASO,ES,Federal Contract Tower,0,0,54,0,54,0,0,179,0,179,0,0,233,0,233,490,0,490,723
01/15/2004,TIX,FL,ASO,ES,Federal Contract Tower,0,0,71,0,71,0,0,118,0,118,0,0,189,0,189,371,0,371,560
01/16/2004,TIX,FL,ASO,ES,Federal Contract Tower,0,0,53,0,53,0,0,144,0,144,0,0,197,0,197,362,0,362,559
01/17/2004,TIX,FL,ASO,ES,Federal Contract Tower,0,1,24,0,25,0,5,173,4,182,0,6,197,4,207,304,0,304,511
01/18/2004,TIX,FL,ASO,ES,Federal Contract Tower,0,0,42,0,42,0,0,40,0,40,0,0,82,0,82,156,0,156,238
01/19/2004,TIX,FL,ASO,ES,Federal Contract Tower,0,0,29,0,29,0,4,73,0,77,0,4,102,0,106,246,0,246,352
01/20/2004,TIX,FL,ASO,ES,Federal Contract Tower,0,0,81,0,81,0,4,170,0,174,0,4,251,0,255,558,0,558,813
01/21/2004,TIX,FL,ASO,ES,Federal Contract Tower,0,0,64,0,64,0,3,130,0,133,0,3,194,0,197,419,0,419,616
01/22/2004,TIX,FL,ASO,ES,Federal Contract Tower,0,1,96,0,97,0,3,121,0,124,0,4,217,0,221,585,0,585,806
01/23/2004,TIX,FL,ASO,ES,Federal Contract Tower,0,0,77,1,78,0,6,132,1,139,0,6,209,2,217,374,0,374,591
01/24/2004,TIX,FL,ASO,ES,Federal Contract Tower,0,0,49,0,49,0,6,111,0,117,0,6,160,0,166,421,0,421,587
01/25/2004,TIX,FL,ASO,ES,Federal Contract Tower,0,0,35,0,35,0,2,96,0,98,0,2,131,0,133,226,0,226,359
01/26/2004,TIX,FL,ASO,ES,Federal Contract Tower,0,0,76,0,76,0,0,111,0,111,0,0,187,0,187,425,0,425,612
01/27/2004,TIX,FL,ASO,ES,Federal Contract Tower,0,0,60,0,60,0,2,82,0,84,0,2,142,0,144,293,0,293,437
01/28/2004,TIX,FL,ASO,ES,Federal Contract Tower,0,0,83,0,83,0,8,171,0,179,0,8,254,0,262,317,0,317,579
01/29/2004,TIX,FL,ASO,ES,Federal Contract Tower,0,0,65,0,65,0,0,99,0,99,0,0,164,0,164,421,0,421,585
01/30/2004,TIX,FL,ASO,ES,Federal Contract Tower,0,0,64,0,64,0,0,100,2,102,0,0,164,2,166,325,0,325,491
01/31/2004,TIX,FL,ASO,ES,Federal Contract Tower,0,0,27,0,27,0,0,116,2,118,0,0,143,2,145,277,0,277,422
02/01/2004,TIX,FL,ASO,ES,Federal Contract Tower,0,0,31,0,31,0,0,0,0,0,0,0,31,0,31,44,0,44,75
02/02/2004,TIX,FL,ASO,ES,Federal Contract Tower,0,2,78,0,80,0,10,79,4,93,0,12,157,4,173,259,0,259,432
02/03/2004,TIX,FL,ASO,ES,Federal Contract Tower,0,1,82,0,83,0,0,71,2,73,0,1,153,2,156,213,0,213,369
02/04/2004,TIX,FL,ASO,ES,Federal Contract Tower,0,1,33,0,34,0,8,165,0,173,0,9,198,0,207,419,0,419,626
02/05/2004,TIX,FL,ASO,ES,Federal Contract Tower,0,0,41,0,41,0,0,98,0,98,0,0,139,0,139,403,0,403,542
02/06/2004,TIX,FL,ASO,ES,Federal Contract Tower,0,0,63,0,63,0,0,107,0,107,0,0,170,0,170,421,0,421,591
02/07/2004,TIX,FL,ASO,ES,Federal Contract Tower,0,2,92,0,94,0,16,71,2,89,0,18,163,2,183,359,0,359,542
02/08/2004,TIX,FL,ASO,ES,Federal Contract Tower,0,1,41,0,42,0,7,98,0,105,0,8,139,0,147,283,0,283,430
02/09/2004,TIX,FL,ASO,ES,Federal Contract Tower,0,1,49,0,50,0,3,145,2,150,0,4,194,2,200,568,0,568,768
02/10/2004,TIX,FL,ASO,ES,Federal Contract Tower,0,0,55,0,55,0,0,136,0,136,0,0,191,0,191,378,0,378,569
02/11/2004,TIX,FL,ASO,ES,Federal Contract Tower,0,0,59,0,59,0,0,145,0,145,0,0,204,0,204,447,0,447,651
02/12/2004,TIX,FL,ASO,ES,Federal Contract Tower,0,0,112,0,112,0,0,125,0,125,0,0,237,0,237,510,0,510,747
02/13/2004,TIX,FL,ASO,ES,Federal Contract Tower,0,2,89,0,91,0,0,1,0,1,0,2,90,0,92,104,0,104,196
02/14/2004,TIX,FL,ASO,ES,Federal Contract Tower,0,1,37,0,38,0,15,73,0,88,0,16,110,0,126,326,0,326,452
02/15/2004,TIX,FL,ASO,ES,Federal Contract Tower,0,0,46,0,46,0,6,26,0,32,0,6,72,0,78,208,0,208,286
02/16/2004,TIX,FL,ASO,ES,Federal Contract Tower,0,1,62,0,63,0,10,89,0,99,0,11,151,0,162,389,0,389,551
02/17/2004,TIX,FL,ASO,ES,Federal Contract Tower,0,0,54,0,54,0,0,25,0,25,0,0,79,0,79,78,0,78,157
02/18/2004,TIX,FL,ASO,ES,Federal Contract Tower,0,1,69,1,71,0,17,120,2,139,0,18,189,3,210,320,0,320,530
02/19/2004,TIX,FL,ASO,ES,Federal Contract Tower,0,2,129,0,131,0,10,76,0,86,0,12,205,0,217,492,0,492,709
02/20/2004,TIX,FL,ASO,ES,Federal Contract Tower,0,1,55,0,56,0,9,121,0,130,0,10,176,0,186,376,0,376,562
02/21/2004,TIX,FL,ASO,ES,Federal Contract Tower,0,0,18,0,18,0,10,193,0,203,0,10,211,0,221,291,0,291,512
02/22/2004,TIX,FL,ASO,ES,Federal Contract Tower,0,0,34,0,34,0,8,116,8,132,0,8,150,8,166,272,0,272,438
02/23/2004,TIX,FL,ASO,ES,Federal Contract Tower,0,0,57,0,57,0,0,65,0,65,0,0,122,0,122,525,0,525,647
02/24/2004,TIX,FL,ASO,ES,Federal Contract Tower,0,0,22,0,22,0,2,10,0,12,0,2,32,0,34,159,0,159,193
02/25/2004,TIX,FL,ASO,ES,Federal Contract Tower,0,0,35,0,35,0,0,36,0,36,0,0,71,0,71,166,0,166,237
02/26/2004,TIX,FL,ASO,ES,Federal Contract Tower,0,0,44,0,44,0,0,14,2,16,0,0,58,2,60,177,0,177,237
02/27/2004,TIX,FL,ASO,ES,Federal Contract Tower,0,0,64,0,64,0,0,76,0,76,0,0,140,0,140,420,0,420,560
02/28/2004,TIX,FL,ASO,ES,Federal Contract Tower,0,0,67,0,67,0,0,134,0,134,0,0,201,0,201,271,0,271,472
02/29/2004,TIX,FL,ASO,ES,Federal Contract Tower,0,0,49,0,49,0,3,133,0,136,0,3,182,0,185,349,0,349,534
03/01/2004,TIX,FL,ASO,ES,Federal Contract Tower,0,0,63,0,63,0,14,154,2,170,0,14,217,2,233,416,0,416,649
03/02/2004,TIX,FL,ASO,ES,Federal Contract Tower,0,0,71,0,71,0,13,116,0,129,0,13,187,0,200,365,0,365,565
03/03/2004,TIX,FL,ASO,ES,Federal Contract Tower,0,1,75,0,76,0,7,164,0,171,0,8,239,0,247,524,0,524,771
03/04/2004,TIX,FL,ASO,ES,Federal Contract Tower,0,2,91,0,93,0,11,117,0,128,0,13,208,0,221,533,0,533,754
03/05/2004,TIX,FL,ASO,ES,Federal Contract Tower,0,1,52,0,53,0,9,161,0,170,0,10,213,0,223,458,0,458,681
03/06/2004,TIX,FL,ASO,ES,Federal Contract Tower,0,1,56,0,57,0,7,139,0,146,0,8,195,0,203,377,0,377,580
03/07/2004,TIX,FL,ASO,ES,Federal Contract Tower,0,1,72,0,73,0,3,32,0,35,0,4,104,0,108,264,0,264,372
03/08/2004,TIX,FL,ASO,ES,Federal Contract Tower,0,2,83,0,85,0,10,144,0,154,0,12,227,0,239,456,0,456,695
03/09/2004,TIX,FL,ASO,ES,Federal Contract Tower,0,1,71,0,72,0,1,157,0,158,0,2,228,0,230,575,0,575,805
03/10/2004,TIX,FL,ASO,ES,Federal Contract Tower,0,1,66,0,67,0,1,168,1,170,0,2,234,1,237,319,0,319,556
03/11/2004,TIX,FL,ASO,ES,Federal Contract Tower,0,1,76,0,77,0,3,203,7,213,0,4,279,7,290,296,6,302,592
03/12/2004,TIX,FL,ASO,ES,Federal Contract Tower,0,1,53,0,54,0,7,214,0,221,0,8,267,0,275,252,0,252,527
03/13/2004,TIX,FL,ASO,ES,Federal Contract Tower,0,1,36,0,37,0,101,115,0,216,0,102,151,0,253,39,0,39,292
03/14/2004,TIX,FL,ASO,ES,Federal Contract Tower,0,1,24,0,25,0,142,109,0,251,0,143,133,0,276,61,0,61,337
03/15/2004,TIX,FL,ASO,ES,Federal Contract Tower,0,1,45,0,46,2,20,136,11,169,2,21,181,11,215,266,0,266,481
03/16/2004,TIX,FL,ASO,ES,Federal Contract Tower,0,0,31,0,31,0,0,1,0,1,0,0,32,0,32,226,0,226,258
03/17/2004,TIX,FL,ASO,ES,Federal Contract Tower,0,2,84,0,86,0,29,137,0,166,0,31,221,0,252,417,0,417,669
03/18/2004,TIX,FL,ASO,ES,Federal Contract Tower,0,1,70,0,71,0,18,163,0,181,0,19,233,0,252,522,0,522,774
03/19/2004,TIX,FL,ASO,ES,Federal Contract Tower,0,1,42,0,43,0,4,171,0,175,0,5,213,0,218,512,0,512,730
03/20/2004,TIX,FL,ASO,ES,Federal Contract Tower,0,1,30,0,31,0,15,89,8,112,0,16,119,8,143,333,0,333,476
03/21/2004,TIX,FL,ASO,ES,Federal Contract Tower,0,1,36,0,37,0,5,158,4,167,0,6,194,4,204,321,0,321,525
03/22/2004,TIX,FL,ASO,ES,Federal Contract Tower,0,0,59,0,59,0,3,113,0,116,0,3,172,0,175,371,0,371,546
03/23/2004,TIX,FL,ASO,ES,Federal Contract Tower,0,0,54,1,55,0,11,161,1,173,0,11,215,2,228,428,0,428,656
03/24/2004,TIX,FL,ASO,ES,Federal Contract Tower,0,0,55,0,55,0,9,131,0,140,0,9,186,0,195,389,0,389,584
03/25/2004,TIX,FL,ASO,ES,Federal Contract Tower,0,0,55,1,56,0,2,75,1,78,0,2,130,2,134,436,0,436,570
03/26/2004,TIX,FL,ASO,ES,Federal Contract Tower,0,0,68,0,68,0,7,153,0,160,0,7,221,0,228,498,0,498,726
03/27/2004,TIX,FL,ASO,ES,Federal Contract Tower,0,0,34,0,34,0,5,164,0,169,0,5,198,0,203,346,0,346,549
03/28/2004,TIX,FL,ASO,ES,Federal Contract Tower,0,0,49,1,50,0,4,143,3,150,0,4,192,4,200,273,0,273,473
03/29/2004,TIX,FL,ASO,ES,Federal Contract Tower,0,0,54,0,54,0,2,132,0,134,0,2,186,0,188,410,0,410,598
03/30/2004,TIX,FL,ASO,ES,Federal Contract Tower,0,0,77,0,77,0,24,104,1,129,0,24,181,1,206,487,0,487,693
03/31/2004,TIX,FL,ASO,ES,Federal Contract Tower,0,2,109,0,111,0,7,102,0,109,0,9,211,0,220,320,0,320,540
04/01/2004,TIX,FL,ASO,ES,Federal Contract Tower,0,3,104,0,107,0,10,129,0,139,0,13,233,0,246,493,0,493,739
04/02/2004,TIX,FL,ASO,ES,Federal Contract Tower,0,2,72,0,74,0,2,106,2,110,0,4,178,2,184,355,0,355,539
04/03/2004,TIX,FL,ASO,ES,Federal Contract Tower,0,2,51,0,53,0,15,106,0,121,0,17,157,0,174,272,0,272,446
04/04/2004,TIX,FL,ASO,ES,Federal Contract Tower,0,0,38,0,38,0,0,61,0,61,0,0,99,0,99,139,0,139,238
04/05/2004,TIX,FL,ASO,ES,Federal Contract Tower,0,1,29,0,30,0,17,193,0,210,0,18,222,0,240,476,0,476,716
04/06/2004,TIX,FL,ASO,ES,Federal Contract Tower,0,1,44,0,45,0,15,129,2,146,0,16,173,2,191,502,0,502,693
04/07/2004,TIX,FL,ASO,ES,Federal Contract Tower,0,2,60,0,62,0,9,138,0,147,0,11,198,0,209,373,0,373,582
04/08/2004,TIX,FL,ASO,ES,Federal Contract Tower,0,2,62,0,64,0,6,76,0,82,0,8,138,0,146,309,0,309,455
04/09/2004,TIX,FL,ASO,ES,Federal Contract Tower,0,2,53,0,55,0,13,165,0,178,0,15,218,0,233,474,0,474,707
04/10/2004,TIX,FL,ASO,ES,Federal Contract Tower,0,2,62,0,64,0,18,182,0,200,0,20,244,0,264,272,0,272,536
04/11/2004,TIX,FL,ASO,ES,Federal Contract Tower,0,0,35,0,35,0,0,64,0,64,0,0,99,0,99,145,0,145,244
04/12/2004,TIX,FL,ASO,ES,Federal Contract Tower,0,1,35,0,36,0,1,64,0,65,0,2,99,0,101,266,0,266,367
04/13/2004,TIX,FL,ASO,ES,Federal Contract Tower,0,1,39,0,40,0,1,83,2,86,0,2,122,2,126,189,0,189,315
04/14/2004,TIX,FL,ASO,ES,Federal Contract Tower,0,2,64,0,66,0,4,45,0,49,0,6,109,0,115,144,0,144,259
04/15/2004,TIX,FL,ASO,ES,Federal Contract Tower,0,2,76,0,78,0,8,171,0,179,0,10,247,0,257,351,0,351,608
04/16/2004,TIX,FL,ASO,ES,Federal Contract Tower,0,2,84,1,87,0,14,131,1,146,0,16,215,2,233,393,0,393,626
04/17/2004,TIX,FL,ASO,ES,Federal Contract Tower,0,0,45,0,45,0,14,87,0,101,0,14,132,0,146,273,0,273,419
04/18/2004,TIX,FL,ASO,ES,Federal Contract Tower,0,0,25,0,25,0,18,168,0,186,0,18,193,0,211,232,0,232,443
04/19/2004,TIX,FL,ASO,ES,Federal Contract Tower,0,2,89,0,91,0,19,134,0,153,0,21,223,0,244,432,0,432,676
04/20/2004,TIX,FL,ASO,ES,Federal Contract Tower,0,1,52,1,54,0,15,151,1,167,0,16,203,2,221,398,0,398,619
04/21/2004,TIX,FL,ASO,ES,Federal Contract Tower,0,1,49,0,50,0,15,137,0,152,0,16,186,0,202,346,0,346,548
04/22/2004,TIX,FL,ASO,ES,Federal Contract Tower,0,1,64,0,65,0,1,174,2,177,0,2,238,2,242,505,0,505,747
04/23/2004,TIX,FL,ASO,ES,Federal Contract Tower,0,2,86,0,88,0,0,129,2,131,0,2,215,2,219,531,0,531,750
04/24/2004,TIX,FL,ASO,ES,Federal Contract Tower,0,0,35,0,35,0,7,172,0,179,0,7,207,0,214,231,0,231,445
04/25/2004,TIX,FL,ASO,ES,Federal Contract Tower,0,0,49,0,49,0,0,103,0,103,0,0,152,0,152,242,0,242,394
04/26/2004,TIX,FL,ASO,ES,Federal Contract Tower,0,1,62,0,63,0,14,143,2,159,0,15,205,2,222,460,0,460,682
04/27/2004,TIX,FL,ASO,ES,Federal Contract Tower,0,0,39,0,39,0,13,101,0,114,0,13,140,0,153,226,0,226,379
04/28/2004,TIX,FL,ASO,ES,Federal Contract Tower,0,0,42,0,42,0,5,161,0,166,0,5,203,0,208,316,0,316,524
04/29/2004,TIX,FL,ASO,ES,Federal Contract Tower,0,0,39,0,39,0,21,148,0,169,0,21,187,0,208,348,0,348,556
04/30/2004,TIX,FL,ASO,ES,Federal Contract Tower,0,0,40,0,40,0,15,115,0,130,0,15,155,0,170,342,0,342,512
05/01/2004,TIX,FL,ASO,ES,Federal Contract Tower,0,1,43,0,44,0,17,98,1,116,0,18,141,1,160,224,0,224,384
05/02/2004,TIX,FL,ASO,ES,Federal Contract Tower,0,1,19,0,20,0,10,69,0,79,0,11,88,0,99,197,0,197,296
05/03/2004,TIX,FL,ASO,ES,Federal Contract Tower,0,1,29,0,30,0,3,28,4,35,0,4,57,4,65,158,0,158,223
05/04/2004,TIX,FL,ASO,ES,Federal Contract Tower,0,1,49,0,50,0,9,152,0,161,0,10,201,0,211,396,0,396,607
05/05/2004,TIX,FL,ASO,ES,Federal Contract Tower,0,1,38,0,39,0,15,166,0,181,0,16,204,0,220,352,0,352,572
05/06/2004,TIX,FL,ASO,ES,Federal Contract Tower,0,1,54,0,55,0,15,145,1,161,0,16,199,1,216,400,0,400,616
05/07/2004,TIX,FL,ASO,ES,Federal Contract Tower,0,0,45,0,45,0,0,115,0,115,0,0,160,0,160,328,0,328,488
05/08/2004,TIX,FL,ASO,ES,Federal Contract Tower,0,1,54,0,55,0,1,89,2,92,0,2,143,2,147,321,0,321,468
05/09/2004,TIX,FL,ASO,ES,Federal Contract Tower,0,0,18,0,18,0,0,99,2,101,0,0,117,2,119,199,0,199,318
05/10/2004,TIX,FL,ASO,ES,Federal Contract Tower,0,1,41,0,42,0,4,142,0,146,0,5,183,0,188,471,0,471,659
05/11/2004,TIX,FL,ASO,ES,Federal Contract Tower,0,1,33,0,34,0,0,135,0,135,0,1,168,0,169,445,0,445,614
05/12/2004,TIX,FL,ASO,ES,Federal Contract Tower,0,1,47,0,48,0,4,92,0,96,0,5,139,0,144,427,0,427,571
05/13/2004,TIX,FL,ASO,ES,Federal Contract Tower,0,1,53,0,54,0,1,122,0,123,0,2,175,0,177,425,0,425,602
05/14/2004,TIX,FL,ASO,ES,Federal Contract Tower,0,1,65,0,66,0,0,97,2,99,0,1,162,2,165,452,10,462,627
05/15/2004,TIX,FL,ASO,ES,Federal Contract Tower,0,1,36,0,37,0,1,99,0,100,0,2,135,0,137,217,0,217,354
05/16/2004,TIX,FL,ASO,ES,Federal Contract Tower,0,1,23,0,24,0,0,77,0,77,0,1,100,0,101,192,0,192,293
05/17/2004,TIX,FL,ASO,ES,Federal Contract Tower,0,1,80,0,81,0,0,146,0,146,0,1,226,0,227,385,0,385,612
05/18/2004,TIX,FL,ASO,ES,Federal Contract Tower,0,0,40,0,40,0,18,158,0,176,0,18,198,0,216,504,0,504,720
05/19/2004,TIX,FL,ASO,ES,Federal Contract Tower,0,0,57,0,57,0,16,165,0,181,0,16,222,0,238,437,0,437,675
05/20/2004,TIX,FL,ASO,ES,Federal Contract Tower,0,0,58,0,58,0,7,88,0,95,0,7,146,0,153,404,0,404,557
05/21/2004,TIX,FL,ASO,ES,Federal Contract Tower,0,0,44,0,44,0,6,94,0,100,0,6,138,0,144,411,0,411,555
05/22/2004,TIX,FL,ASO,ES,Federal Contract Tower,0,0,30,0,30,0,13,115,0,128,0,13,145,0,158,287,0,287,445
05/23/2004,TIX,FL,ASO,ES,Federal Contract Tower,0,0,22,0,22,0,0,115,0,115,0,0,137,0,137,167,0,167,304
05/24/2004,TIX,FL,ASO,ES,Federal Contract Tower,0,0,37,0,37,0,0,106,0,106,0,0,143,0,143,391,0,391,534
05/25/2004,TIX,FL,ASO,ES,Federal Contract Tower,0,0,43,0,43,0,1,141,0,142,0,1,184,0,185,396,0,396,581
05/26/2004,TIX,FL,ASO,ES,Federal Contract Tower,0,0,52,0,52,0,1,140,0,141,0,1,192,0,193,360,0,360,553
05/27/2004,TIX,FL,ASO,ES,Federal Contract Tower,0,0,51,0,51,0,6,173,0,179,0,6,224,0,230,533,0,533,763
05/28/2004,TIX,FL,ASO,ES,Federal Contract Tower,0,0,69,0,69,0,0,97,0,97,0,0,166,0,166,357,0,357,523
05/29/2004,TIX,FL,ASO,ES,Federal Contract Tower,0,0,40,0,40,0,6,126,0,132,0,6,166,0,172,223,0,223,395
05/30/2004,TIX,FL,ASO,ES,Federal Contract Tower,0,0,10,0,10,0,1,77,0,78,0,1,87,0,88,84,0,84,172
05/31/2004,TIX,FL,ASO,ES,Federal Contract Tower,0,0,49,0,49,0,0,130,0,130,0,0,179,0,179,397,0,397,576
06/01/2004,TIX,FL,ASO,ES,Federal Contract Tower,0,0,61,0,61,0,0,111,2,113,0,0,172,2,174,236,0,236,410
06/02/2004,TIX,FL,ASO,ES,Federal Contract Tower,0,0,31,0,31,0,0,119,0,119,0,0,150,0,150,200,0,200,350
06/03/2004,TIX,FL,ASO,ES,Federal Contract Tower,0,1,56,0,57,0,0,125,0,125,0,1,181,0,182,261,0,261,443
06/04/2004,TIX,FL,ASO,ES,Federal Contract Tower,0,0,62,0,62,0,0,65,0,65,0,0,127,0,127,299,0,299,426
06/05/2004,TIX,FL,ASO,ES,Federal Contract Tower,0,1,43,0,44,0,20,99,0,119,0,21,142,0,163,270,0,270,433
06/06/2004,TIX,FL,ASO,ES,Federal Contract Tower,0,1,45,0,46,0,7,62,6,75,0,8,107,6,121,166,0,166,287
06/07/2004,TIX,FL,ASO,ES,Federal Contract Tower,0,1,57,0,58,0,8,142,4,154,0,9,199,4,212,461,2,463,675
06/08/2004,TIX,FL,ASO,ES,Federal Contract Tower,0,0,54,0,54,0,8,84,0,92,0,8,138,0,146,286,0,286,432
06/09/2004,TIX,FL,ASO,ES,Federal Contract Tower,0,0,53,0,53,0,6,151,0,157,0,6,204,0,210,452,0,452,662
06/10/2004,TIX,FL,ASO,ES,Federal Contract Tower,0,0,50,0,50,0,0,113,2,115,0,0,163,2,165,261,0,261,426
06/11/2004,TIX,FL,ASO,ES,Federal Contract Tower,0,0,87,0,87,0,18,113,3,134,0,18,200,3,221,239,0,239,460
06/12/2004,TIX,FL,ASO,ES,Federal Contract Tower,0,0,42,0,42,0,1,133,0,134,0,1,175,0,176,232,0,232,408
06/13/2004,TIX,FL,ASO,ES,Federal Contract Tower,0,0,23,0,23,0,0,117,0,117,0,0,140,0,140,119,0,119,259
06/14/2004,TIX,FL,ASO,ES,Federal Contract Tower,0,0,43,0,43,0,6,100,0,106,0,6,143,0,149,256,0,256,405
06/15/2004,TIX,FL,ASO,ES,Federal Contract Tower,0,0,41,0,41,0,2,128,0,130,0,2,169,0,171,383,0,383,554
06/16/2004,TIX,FL,ASO,ES,Federal Contract Tower,0,0,39,0,39,0,4,149,0,153,0,4,188,0,192,315,0,315,507
06/17/2004,TIX,FL,ASO,ES,Federal Contract Tower,0,0,68,0,68,0,3,113,0,116,0,3,181,0,184,364,0,364,548
06/18/2004,TIX,FL,ASO,ES,Federal Contract Tower,0,0,44,0,44,0,3,84,2,89,0,3,128,2,133,291,0,291,424
06/19/2004,TIX,FL,ASO,ES,Federal Contract Tower,0,0,64,0,64,0,28,82,0,110,0,28,146,0,174,118,0,118,292
06/20/2004,TIX,FL,ASO,ES,Federal Contract Tower,0,0,31,0,31,0,23,74,0,97,0,23,105,0,128,72,0,72,200
06/21/2004,TIX,FL,ASO,ES,Federal Contract Tower,0,0,87,0,87,0,8,89,0,97,0,8,176,0,184,413,0,413,597
06/22/2004,TIX,FL,ASO,ES,Federal Contract Tower,0,0,77,0,77,0,10,116,0,126,0,10,193,0,203,409,0,409,612
06/23/2004,TIX,FL,ASO,ES,Federal Contract Tower,0,0,24,0,24,0,5,155,0,160,0,5,179,0,184,346,0,346,530
06/24/2004,TIX,FL,ASO,ES,Federal Contract Tower,0,0,50,0,50,0,7,122,0,129,0,7,172,0,179,315,0,315,494
06/25/2004,TIX,FL,ASO,ES,Federal Contract Tower,0,0,66,0,66,0,2,92,0,94,0,2,158,0,160,311,0,311,471
06/26/2004,TIX,FL,ASO,ES,Federal Contract Tower,0,0,44,0,44,0,0,96,0,96,0,0,140,0,140,185,0,185,325
06/27/2004,TIX,FL,ASO,ES,Federal Contract Tower,0,0,21,0,21,0,2,65,2,69,0,2,86,2,90,99,0,99,189
06/28/2004,TIX,FL,ASO,ES,Federal Contract Tower,0,0,68,0,68,0,2,107,0,109,0,2,175,0,177,341,0,341,518
06/29/2004,TIX,FL,ASO,ES,Federal Contract Tower,0,0,55,0,55,0,3,107,0,110,0,3,162,0,165,245,0,245,410
06/30/2004,TIX,FL,ASO,ES,Federal Contract Tower,0,0,53,0,53,0,4,155,0,159,0,4,208,0,212,305,0,305,517
07/01/2004,TIX,FL,ASO,ES,Federal Contract Tower,0,0,78,0,78,0,13,173,0,186,0,13,251,0,264,313,0,313,577
07/02/2004,TIX,FL,ASO,ES,Federal Contract Tower,0,0,68,0,68,0,9,77,0,86,0,9,145,0,154,342,0,342,496
07/03/2004,TIX,FL,ASO,ES,Federal Contract Tower,0,0,45,0,45,0,11,94,0,105,0,11,139,0,150,308,0,308,458
07/04/2004,TIX,FL,ASO,ES,Federal Contract Tower,0,0,12,0,12,0,0,92,0,92,0,0,104,0,104,115,0,115,219
07/05/2004,TIX,FL,ASO,ES,Federal Contract Tower,0,1,23,0,24,0,1,84,0,85,0,2,107,0,109,296,0,296,405
07/06/2004,TIX,FL,ASO,ES,Federal Contract Tower,0,1,65,0,66,0,0,89,0,89,0,1,154,0,155,263,0,263,418
07/07/2004,TIX,FL,ASO,ES,Federal Contract Tower,0,1,39,0,40,0,2,112,0,114,0,3,151,0,154,241,0,241,395
07/08/2004,TIX,FL,ASO,ES,Federal Contract Tower,0,1,109,0,110,0,11,111,0,122,0,12,220,0,232,502,0,502,734
07/09/2004,TIX,FL,ASO,ES,Federal Contract Tower,0,1,69,0,70,0,0,127,0,127,0,1,196,0,197,381,0,381,578
07/10/2004,TIX,FL,ASO,ES,Federal Contract Tower,0,0,83,0,83,0,0,129,0,129,0,0,212,0,212,365,0,365,577
07/11/2004,TIX,FL,ASO,ES,Federal Contract Tower,0,0,10,0,10,0,0,71,0,71,0,0,81,0,81,161,0,161,242
07/12/2004,TIX,FL,ASO,ES,Federal Contract Tower,0,0,21,0,21,0,0,70,0,70,0,0,91,0,91,256,0,256,347
07/13/2004,TIX,FL,ASO,ES,Federal Contract Tower,0,0,64,0,64,0,0,42,0,42,0,0,106,0,106,89,0,89,195
07/14/2004,TIX,FL,ASO,ES,Federal Contract Tower,0,0,68,0,68,0,0,64,2,66,0,0,132,2,134,344,0,344,478
07/15/2004,TIX,FL,ASO,ES,Federal Contract Tower,0,0,94,0,94,0,0,108,0,108,0,0,202,0,202,353,0,353,555
07/16/2004,TIX,FL,ASO,ES,Federal Contract Tower,0,0,119,0,119,0,0,84,0,84,0,0,203,0,203,320,0,320,523
07/17/2004,TIX,FL,ASO,ES,Federal Contract Tower,0,0,35,0,35,0,0,107,0,107,0,0,142,0,142,301,0,301,443
07/18/2004,TIX,FL,ASO,ES,Federal Contract Tower,0,0,29,0,29,0,0,46,0,46,0,0,75,0,75,112,0,112,187
07/19/2004,TIX,FL,ASO,ES,Federal Contract Tower,0,0,45,0,45,0,0,82,0,82,0,0,127,0,127,319,0,319,446
07/20/2004,TIX,FL,ASO,ES,Federal Contract Tower,0,0,101,0,101,0,0,27,0,27,0,0,128,0,128,200,0,200,328
07/21/2004,TIX,FL,ASO,ES,Federal Contract Tower,0,0,91,0,91,0,12,100,0,112,0,12,191,0,203,372,0,372,575
07/22/2004,TIX,FL,ASO,ES,Federal Contract Tower,0,0,48,0,48,0,10,105,2,117,0,10,153,2,165,281,0,281,446
07/23/2004,TIX,FL,ASO,ES,Federal Contract Tower,0,0,72,0,72,0,11,122,0,133,0,11,194,0,205,485,0,485,690
07/24/2004,TIX,FL,ASO,ES,Federal Contract Tower,0,0,67,0,67,0,11,120,0,131,0,11,187,0,198,270,0,270,468
07/25/2004,TIX,FL,ASO,ES,Federal Contract Tower,0,0,44,0,44,0,13,81,0,94,0,13,125,0,138,145,0,145,283
07/26/2004,TIX,FL,ASO,ES,Federal Contract Tower,0,0,65,0,65,3,2,81,0,86,3,2,146,0,151,310,0,310,461
07/27/2004,TIX,FL,ASO,ES,Federal Contract Tower,0,0,45,0,45,0,31,72,0,103,0,31,117,0,148,422,0,422,570
07/28/2004,TIX,FL,ASO,ES,Federal Contract Tower,0,0,60,0,60,0,9,99,0,108,0,9,159,0,168,415,0,415,583
07/29/2004,TIX,FL,ASO,ES,Federal Contract Tower,0,0,63,0,63,0,0,111,4,115,0,0,174,4,178,361,0,361,539
07/30/2004,TIX,FL,ASO,ES,Federal Contract Tower,0,0,64,0,64,0,9,83,0,92,0,9,147,0,156,470,0,470,626
07/31/2004,TIX,FL,ASO,ES,Federal Contract Tower,0,0,35,0,35,0,0,78,0,78,0,0,113,0,113,193,0,193,306
08/01/2004,TIX,FL,ASO,ES,Federal Contract Tower,0,0,25,0,25,0,0,17,0,17,0,0,42,0,42,40,0,40,82
08/02/2004,TIX,FL,ASO,ES,Federal Contract Tower,0,1,79,0,80,0,6,110,0,116,0,7,189,0,196,376,0,376,572
08/03/2004,TIX,FL,ASO,ES,Federal Contract Tower,0,1,78,0,79,0,3,78,0,81,0,4,156,0,160,264,0,264,424
08/04/2004,TIX,FL,ASO,ES,Federal Contract Tower,0,0,76,0,76,0,0,97,0,97,0,0,173,0,173,242,0,242,415
08/05/2004,TIX,FL,ASO,ES,Federal Contract Tower,0,1,75,0,76,0,5,70,0,75,0,6,145,0,151,229,0,229,380
08/06/2004,TIX,FL,ASO,ES,Federal Contract Tower,0,1,78,0,79,0,8,45,0,53,0,9,123,0,132,328,0,328,460
08/07/2004,TIX,FL,ASO,ES,Federal Contract Tower,0,1,25,0,26,0,1,58,0,59,0,2,83,0,85,235,0,235,320
08/08/2004,TIX,FL,ASO,ES,Federal Contract Tower,0,1,24,0,25,0,1,20,0,21,0,2,44,0,46,4,0,4,50
08/09/2004,TIX,FL,ASO,ES,Federal Contract Tower,0,0,41,0,41,0,0,78,0,78,0,0,119,0,119,316,0,316,435
08/10/2004,TIX,FL,ASO,ES,Federal Contract Tower,0,0,51,0,51,0,0,108,0,108,0,0,159,0,159,310,0,310,469
08/11/2004,TIX,FL,ASO,ES,Federal Contract Tower,0,0,60,0,60,0,0,109,5,114,0,0,169,5,174,286,0,286,460
08/12/2004,TIX,FL,ASO,ES,Federal Contract Tower,0,0,41,0,41,0,0,83,0,83,0,0,124,0,124,372,0,372,496
08/13/2004,TIX,FL,ASO,ES,Federal Contract Tower,0,0,13,0,13,0,0,49,0,49,0,0,62,0,62,206,0,206,268
08/14/2004,TIX,FL,ASO,ES,Federal Contract Tower,0,0,7,0,7,0,2,52,3,57,0,2,59,3,64,158,0,158,222
08/15/2004,TIX,FL,ASO,ES,Federal Contract Tower,0,0,35,0,35,0,2,44,0,46,0,2,79,0,81,147,0,147,228
08/16/2004,TIX,FL,ASO,ES,Federal Contract Tower,0,0,30,0,30,0,4,111,0,115,0,4,141,0,145,242,0,242,387
08/17/2004,TIX,FL,ASO,ES,Federal Contract Tower,0,0,65,0,65,0,9,123,0,132,0,9,188,0,197,448,0,448,645
08/18/2004,TIX,FL,ASO,ES,Federal Contract Tower,0,0,24,0,24,0,0,77,0,77,0,0,101,0,101,229,0,229,330
08/19/2004,TIX,FL,ASO,ES,Federal Contract Tower,0,0,51,0,51,0,0,112,0,112,0,0,163,0,163,468,0,468,631
08/20/2004,TIX,FL,ASO,ES,Federal Contract Tower,0,0,58,0,58,0,6,148,0,154,0,6,206,0,212,549,0,549,761
08/21/2004,TIX,FL,ASO,ES,Federal Contract Tower,0,0,43,0,43,0,0,99,0,99,0,0,142,0,142,266,0,266,408
08/22/2004,TIX,FL,ASO,ES,Federal Contract Tower,0,0,35,0,35,0,0,99,0,99,0,0,134,0,134,375,0,375,509
08/23/2004,TIX,FL,ASO,ES,Federal Contract Tower,0,0,48,0,48,0,5,92,0,97,0,5,140,0,145,327,0,327,472
08/24/2004,TIX,FL,ASO,ES,Federal Contract Tower,0,0,77,0,77,0,4,100,0,104,0,4,177,0,181,385,0,385,566
08/25/2004,TIX,FL,ASO,ES,Federal Contract Tower,0,0,50,0,50,0,3,125,0,128,0,3,175,0,178,372,0,372,550
08/26/2004,TIX,FL,ASO,ES,Federal Contract Tower,0,0,75,0,75,0,4,122,0,126,0,4,197,0,201,329,0,329,530
08/27/2004,TIX,FL,ASO,ES,Federal Contract Tower,0,0,55,0,55,0,0,106,0,106,0,0,161,0,161,373,0,373,534
08/28/2004,TIX,FL,ASO,ES,Federal Contract Tower,0,0,40,0,40,0,10,127,0,137,0,10,167,0,177,368,0,368,545
08/29/2004,TIX,FL,ASO,ES,Federal Contract Tower,0,0,47,0,47,0,0,137,0,137,0,0,184,0,184,293,0,293,477
08/30/2004,TIX,FL,ASO,ES,Federal Contract Tower,0,0,51,0,51,0,1,137,0,138,0,1,188,0,189,280,0,280,469
08/31/2004,TIX,FL,ASO,ES,Federal Contract Tower,0,0,45,0,45,0,0,185,0,185,0,0,230,0,230,577,0,577,807
09/01/2004,TIX,FL,ASO,ES,Federal Contract Tower,0,0,11,0,11,0,0,120,0,120,0,0,131,0,131,232,0,232,363
09/02/2004,TIX,FL,ASO,ES,Federal Contract Tower,0,0,15,0,15,0,0,56,0,56,0,0,71,0,71,7,0,7,78
09/03/2004,TIX,FL,ASO,ES,Federal Contract Tower,0,0,3,0,3,0,0,3,0,3,0,0,6,0,6,0,0,0,6
09/04/2004,TIX,FL,ASO,ES,Federal Contract Tower,0,0,0,0,0,0,0,0,0,0,0,0,0,0,0,0,0,0,0
09/05/2004,TIX,FL,ASO,ES,Federal Contract Tower,0,0,0,0,0,0,0,0,0,0,0,0,0,0,0,0,0,0,0
09/06/2004,TIX,FL,ASO,ES,Federal Contract Tower,0,0,0,0,0,0,0,0,0,0,0,0,0,0,0,0,0,0,0
09/07/2004,TIX,FL,ASO,ES,Federal Contract Tower,0,0,2,0,2,0,0,91,0,91,0,0,93,0,93,10,0,10,103
09/08/2004,TIX,FL,ASO,ES,Federal Contract Tower,0,0,22,1,23,0,0,122,5,127,0,0,144,6,150,227,0,227,377
09/09/2004,TIX,FL,ASO,ES,Federal Contract Tower,0,0,12,0,12,0,0,95,0,95,0,0,107,0,107,318,0,318,425
09/10/2004,TIX,FL,ASO,ES,Federal Contract Tower,0,0,22,0,22,0,12,128,0,140,0,12,150,0,162,422,0,422,584
09/11/2004,TIX,FL,ASO,ES,Federal Contract Tower,0,0,13,0,13,0,0,117,4,121,0,0,130,4,134,257,0,257,391
09/12/2004,TIX,FL,ASO,ES,Federal Contract Tower,0,0,16,0,16,0,0,59,2,61,0,0,75,2,77,174,0,174,251
09/13/2004,TIX,FL,ASO,ES,Federal Contract Tower,0,0,28,0,28,0,0,142,0,142,0,0,170,0,170,291,0,291,461
09/14/2004,TIX,FL,ASO,ES,Federal Contract Tower,0,0,43,0,43,0,1,94,0,95,0,1,137,0,138,293,0,293,431
09/15/2004,TIX,FL,ASO,ES,Federal Contract Tower,0,0,39,0,39,0,0,108,0,108,0,0,147,0,147,355,0,355,502
09/16/2004,TIX,FL,ASO,ES,Federal Contract Tower,0,0,52,0,52,0,1,112,0,113,0,1,164,0,165,301,0,301,466
09/17/2004,TIX,FL,ASO,ES,Federal Contract Tower,0,0,47,0,47,0,1,102,0,103,0,1,149,0,150,377,0,377,527
09/18/2004,TIX,FL,ASO,ES,Federal Contract Tower,0,0,28,0,28,0,1,168,2,171,0,1,196,2,199,407,0,407,606
09/19/2004,TIX,FL,ASO,ES,Federal Contract Tower,0,0,38,0,38,0,0,127,0,127,0,0,165,0,165,247,0,247,412
09/20/2004,TIX,FL,ASO,ES,Federal Contract Tower,0,0,29,0,29,0,0,47,0,47,0,0,76,0,76,191,0,191,267
09/21/2004,TIX,FL,ASO,ES,Federal Contract Tower,0,0,43,0,43,0,0,66,0,66,0,0,109,0,109,181,0,181,290
09/22/2004,TIX,FL,ASO,ES,Federal Contract Tower,0,0,51,0,51,0,2,133,2,137,0,2,184,2,188,452,0,452,640
09/23/2004,TIX,FL,ASO,ES,Federal Contract Tower,0,0,29,0,29,0,3,160,0,163,0,3,189,0,192,359,0,359,551
09/24/2004,TIX,FL,ASO,ES,Federal Contract Tower,0,0,24,0,24,0,1,139,0,140,0,1,163,0,164,279,0,279,443
09/25/2004,TIX,FL,ASO,ES,Federal Contract Tower,0,0,2,0,2,0,0,16,0,16,0,0,18,0,18,0,0,0,18
09/26/2004,TIX,FL,ASO,ES,Federal Contract Tower,0,0,0,0,0,0,0,0,0,0,0,0,0,0,0,0,0,0,0
09/27/2004,TIX,FL,ASO,ES,Federal Contract Tower,0,0,9,0,9,0,0,63,7,70,0,0,72,7,79,131,0,131,210
09/28/2004,TIX,FL,ASO,ES,Federal Contract Tower,0,0,44,0,44,0,0,141,0,141,0,0,185,0,185,338,0,338,523
09/29/2004,TIX,FL,ASO,ES,Federal Contract Tower,0,0,58,0,58,0,2,135,0,137,0,2,193,0,195,368,0,368,563
09/30/2004,TIX,FL,ASO,ES,Federal Contract Tower,0,0,48,0,48,0,1,117,0,118,0,1,165,0,166,445,0,445,611
10/01/2004,TIX,FL,ASO,ES,Federal Contract Tower,0,2,66,0,68,0,6,87,0,93,0,8,153,0,161,321,0,321,482
10/02/2004,TIX,FL,ASO,ES,Federal Contract Tower,0,2,52,0,54,0,1,143,0,144,0,3,195,0,198,379,0,379,577
10/03/2004,TIX,FL,ASO,ES,Federal Contract Tower,0,0,28,0,28,0,0,108,0,108,0,0,136,0,136,253,0,253,389
10/04/2004,TIX,FL,ASO,ES,Federal Contract Tower,0,4,111,0,115,0,0,90,0,90,0,4,201,0,205,319,0,319,524
10/05/2004,TIX,FL,ASO,ES,Federal Contract Tower,0,0,74,0,74,0,1,113,0,114,0,1,187,0,188,448,0,448,636
10/06/2004,TIX,FL,ASO,ES,Federal Contract Tower,0,0,84,0,84,0,0,78,1,79,0,0,162,1,163,376,0,376,539
10/07/2004,TIX,FL,ASO,ES,Federal Contract Tower,0,0,39,0,39,0,0,139,0,139,0,0,178,0,178,409,0,409,587
10/08/2004,TIX,FL,ASO,ES,Federal Contract Tower,0,0,62,0,62,0,0,80,0,80,0,0,142,0,142,526,0,526,668
10/09/2004,TIX,FL,ASO,ES,Federal Contract Tower,0,0,34,0,34,0,0,95,0,95,0,0,129,0,129,394,0,394,523
10/10/2004,TIX,FL,ASO,ES,Federal Contract Tower,0,0,38,0,38,0,0,129,0,129,0,0,167,0,167,311,0,311,478
10/11/2004,TIX,FL,ASO,ES,Federal Contract Tower,0,0,105,0,105,0,0,49,0,49,0,0,154,0,154,277,0,277,431
10/12/2004,TIX,FL,ASO,ES,Federal Contract Tower,0,0,79,0,79,0,0,70,0,70,0,0,149,0,149,373,0,373,522
10/13/2004,TIX,FL,ASO,ES,Federal Contract Tower,0,0,88,0,88,0,0,116,3,119,0,0,204,3,207,434,0,434,641
10/14/2004,TIX,FL,ASO,ES,Federal Contract Tower,0,2,116,0,118,0,22,142,0,164,0,24,258,0,282,394,0,394,676
10/15/2004,TIX,FL,ASO,ES,Federal Contract Tower,0,1,73,0,74,0,0,82,0,82,0,1,155,0,156,331,0,331,487
10/16/2004,TIX,FL,ASO,ES,Federal Contract Tower,0,0,54,0,54,0,8,114,0,122,0,8,168,0,176,212,0,212,388
10/17/2004,TIX,FL,ASO,ES,Federal Contract Tower,0,0,48,0,48,0,1,132,0,133,0,1,180,0,181,403,0,403,584
10/18/2004,TIX,FL,ASO,ES,Federal Contract Tower,0,2,118,0,120,0,0,115,0,115,0,2,233,0,235,394,0,394,629
10/20/2004,TIX,FL,ASO,ES,Federal Contract Tower,0,0,104,0,104,0,0,94,0,94,0,0,198,0,198,360,0,360,558
10/21/2004,TIX,FL,ASO,ES,Federal Contract Tower,0,0,120,0,120,0,2,107,0,109,0,2,227,0,229,409,0,409,638
10/22/2004,TIX,FL,ASO,ES,Federal Contract Tower,0,0,117,0,117,0,8,78,0,86,0,8,195,0,203,446,2,448,651
10/23/2004,TIX,FL,ASO,ES,Federal Contract Tower,0,0,47,0,47,0,0,54,0,54,0,0,101,0,101,320,0,320,421
10/24/2004,TIX,FL,ASO,ES,Federal Contract Tower,0,0,45,0,45,0,0,108,0,108,0,0,153,0,153,566,0,566,719
10/25/2004,TIX,FL,ASO,ES,Federal Contract Tower,0,0,110,0,110,0,0,109,0,109,0,0,219,0,219,525,0,525,744
10/26/2004,TIX,FL,ASO,ES,Federal Contract Tower,0,0,115,0,115,0,0,85,2,87,0,0,200,2,202,404,0,404,606
10/27/2004,TIX,FL,ASO,ES,Federal Contract Tower,0,2,123,0,125,0,3,89,0,92,0,5,212,0,217,526,0,526,743
10/28/2004,TIX,FL,ASO,ES,Federal Contract Tower,0,1,71,0,72,0,0,106,0,106,0,1,177,0,178,403,0,403,581
10/29/2004,TIX,FL,ASO,ES,Federal Contract Tower,0,0,109,0,109,0,2,81,0,83,0,2,190,0,192,401,0,401,593
10/30/2004,TIX,FL,ASO,ES,Federal Contract Tower,0,0,28,0,28,0,0,104,0,104,0,0,132,0,132,287,0,287,419
10/31/2004,TIX,FL,ASO,ES,Federal Contract Tower,0,0,22,0,22,0,0,77,0,77,0,0,99,0,99,182,0,182,281
11/01/2004,TIX,FL,ASO,ES,Federal Contract Tower,0,0,90,0,90,0,1,95,0,96,0,1,185,0,186,350,0,350,536
11/02/2004,TIX,FL,ASO,ES,Federal Contract Tower,0,0,61,0,61,0,0,92,0,92,0,0,153,0,153,441,0,441,594
11/03/2004,TIX,FL,ASO,ES,Federal Contract Tower,0,0,54,0,54,0,0,95,1,96,0,0,149,1,150,345,0,345,495
11/04/2004,TIX,FL,ASO,ES,Federal Contract Tower,0,0,68,0,68,0,0,146,0,146,0,0,214,0,214,440,0,440,654
11/05/2004,TIX,FL,ASO,ES,Federal Contract Tower,0,2,53,0,55,0,1,165,0,166,0,3,218,0,221,447,0,447,668
11/06/2004,TIX,FL,ASO,ES,Federal Contract Tower,0,0,23,0,23,0,0,86,0,86,0,0,109,0,109,335,0,335,444
11/07/2004,TIX,FL,ASO,ES,Federal Contract Tower,0,0,17,0,17,0,0,103,2,105,0,0,120,2,122,256,0,256,378
11/08/2004,TIX,FL,ASO,ES,Federal Contract Tower,0,2,78,0,80,0,0,91,0,91,0,2,169,0,171,344,0,344,515
11/09/2004,TIX,FL,ASO,ES,Federal Contract Tower,0,0,37,0,37,0,0,86,0,86,0,0,123,0,123,282,0,282,405
11/10/2004,TIX,FL,ASO,ES,Federal Contract Tower,0,0,30,0,30,0,0,116,0,116,0,0,146,0,146,377,0,377,523
11/11/2004,TIX,FL,ASO,ES,Federal Contract Tower,0,0,67,0,67,0,2,130,0,132,0,2,197,0,199,451,0,451,650
11/12/2004,TIX,FL,ASO,ES,Federal Contract Tower,0,0,69,0,69,0,2,89,0,91,0,2,158,0,160,486,0,486,646
11/13/2004,TIX,FL,ASO,ES,Federal Contract Tower,0,2,28,0,30,0,22,162,0,184,0,24,190,0,214,479,0,479,693
11/14/2004,TIX,FL,ASO,ES,Federal Contract Tower,0,2,17,0,19,0,0,42,0,42,0,2,59,0,61,81,0,81,142
11/15/2004,TIX,FL,ASO,ES,Federal Contract Tower,0,0,41,0,41,0,0,101,0,101,0,0,142,0,142,304,0,304,446
11/16/2004,TIX,FL,ASO,ES,Federal Contract Tower,0,2,42,0,44,0,0,146,0,146,0,2,188,0,190,464,0,464,654
11/17/2004,TIX,FL,ASO,ES,Federal Contract Tower,0,0,46,0,46,0,0,191,4,195,0,0,237,4,241,494,0,494,735
11/18/2004,TIX,FL,ASO,ES,Federal Contract Tower,0,2,52,0,54,0,0,143,0,143,0,2,195,0,197,419,0,419,616
11/19/2004,TIX,FL,ASO,ES,Federal Contract Tower,0,0,57,0,57,0,2,121,2,125,0,2,178,2,182,461,0,461,643
11/20/2004,TIX,FL,ASO,ES,Federal Contract Tower,0,0,53,0,53,0,5,140,0,145,0,5,193,0,198,372,0,372,570
11/21/2004,TIX,FL,ASO,ES,Federal Contract Tower,0,0,24,0,24,0,0,144,0,144,0,0,168,0,168,334,0,334,502
11/22/2004,TIX,FL,ASO,ES,Federal Contract Tower,0,0,64,0,64,0,0,93,0,93,0,0,157,0,157,563,0,563,720
11/23/2004,TIX,FL,ASO,ES,Federal Contract Tower,0,0,63,0,63,0,0,102,0,102,0,0,165,0,165,486,0,486,651
11/24/2004,TIX,FL,ASO,ES,Federal Contract Tower,0,0,58,0,58,0,0,128,0,128,0,0,186,0,186,427,0,427,613
11/25/2004,TIX,FL,ASO,ES,Federal Contract Tower,0,0,17,0,17,0,0,49,0,49,0,0,66,0,66,154,0,154,220
11/26/2004,TIX,FL,ASO,ES,Federal Contract Tower,0,0,68,0,68,0,0,136,0,136,0,0,204,0,204,418,0,418,622
11/27/2004,TIX,FL,ASO,ES,Federal Contract Tower,0,0,43,0,43,0,0,109,0,109,0,0,152,0,152,316,0,316,468
11/28/2004,TIX,FL,ASO,ES,Federal Contract Tower,0,0,34,0,34,0,0,111,2,113,0,0,145,2,147,297,0,297,444
11/29/2004,TIX,FL,ASO,ES,Federal Contract Tower,0,0,72,0,72,0,0,96,0,96,0,0,168,0,168,449,0,449,617
11/30/2004,TIX,FL,ASO,ES,Federal Contract Tower,0,0,83,0,83,0,8,103,0,111,0,8,186,0,194,563,0,563,757
12/01/2004,TIX,FL,ASO,ES,Federal Contract Tower,0,0,49,0,49,0,0,82,0,82,0,0,131,0,131,428,0,428,559
12/02/2004,TIX,FL,ASO,ES,Federal Contract Tower,0,2,97,0,99,0,0,97,0,97,0,2,194,0,196,602,0,602,798
12/03/2004,TIX,FL,ASO,ES,Federal Contract Tower,0,0,76,0,76,0,3,122,0,125,0,3,198,0,201,397,0,397,598
12/04/2004,TIX,FL,ASO,ES,Federal Contract Tower,0,4,45,0,49,0,8,167,0,175,0,12,212,0,224,316,0,316,540
12/05/2004,TIX,FL,ASO,ES,Federal Contract Tower,0,0,22,0,22,0,3,115,0,118,0,3,137,0,140,307,0,307,447
12/06/2004,TIX,FL,ASO,ES,Federal Contract Tower,0,0,61,0,61,0,0,68,0,68,0,0,129,0,129,304,0,304,433
12/07/2004,TIX,FL,ASO,ES,Federal Contract Tower,0,4,47,0,51,0,3,115,0,118,0,7,162,0,169,484,0,484,653
12/08/2004,TIX,FL,ASO,ES,Federal Contract Tower,0,2,65,0,67,0,0,118,0,118,0,2,183,0,185,321,0,321,506
12/09/2004,TIX,FL,ASO,ES,Federal Contract Tower,0,0,50,0,50,0,14,115,0,129,0,14,165,0,179,540,0,540,719
12/10/2004,TIX,FL,ASO,ES,Federal Contract Tower,0,0,35,0,35,0,3,19,0,22,0,3,54,0,57,207,0,207,264
12/11/2004,TIX,FL,ASO,ES,Federal Contract Tower,0,0,45,0,45,0,11,102,2,115,0,11,147,2,160,359,0,359,519
12/12/2004,TIX,FL,ASO,ES,Federal Contract Tower,0,0,27,0,27,0,0,119,0,119,0,0,146,0,146,247,0,247,393
12/13/2004,TIX,FL,ASO,ES,Federal Contract Tower,0,0,106,0,106,0,2,70,0,72,0,2,176,0,178,310,0,310,488
12/14/2004,TIX,FL,ASO,ES,Federal Contract Tower,0,0,42,0,42,0,3,106,0,109,0,3,148,0,151,310,0,310,461
12/15/2004,TIX,FL,ASO,ES,Federal Contract Tower,0,0,22,0,22,0,0,60,0,60,0,0,82,0,82,230,0,230,312
12/16/2004,TIX,FL,ASO,ES,Federal Contract Tower,0,0,56,0,56,0,0,85,0,85,0,0,141,0,141,279,0,279,420
12/17/2004,TIX,FL,ASO,ES,Federal Contract Tower,0,0,45,0,45,0,2,139,0,141,0,2,184,0,186,454,0,454,640
12/18/2004,TIX,FL,ASO,ES,Federal Contract Tower,0,4,33,0,37,0,7,89,0,96,0,11,122,0,133,239,0,239,372
12/19/2004,TIX,FL,ASO,ES,Federal Contract Tower,0,0,67,0,67,0,2,64,0,66,0,2,131,0,133,200,0,200,333
12/20/2004,TIX,FL,ASO,ES,Federal Contract Tower,0,2,42,0,44,0,5,102,0,107,0,7,144,0,151,374,0,374,525
12/21/2004,TIX,FL,ASO,ES,Federal Contract Tower,0,1,29,0,30,0,4,89,0,93,0,5,118,0,123,331,0,331,454
12/22/2004,TIX,FL,ASO,ES,Federal Contract Tower,0,0,22,0,22,0,1,93,0,94,0,1,115,0,116,278,0,278,394
12/23/2004,TIX,FL,ASO,ES,Federal Contract Tower,0,1,25,0,26,0,0,39,0,39,0,1,64,0,65,157,0,157,222
12/24/2004,TIX,FL,ASO,ES,Federal Contract Tower,0,0,4,0,4,0,0,0,0,0,0,0,4,0,4,16,0,16,20
12/25/2004,TIX,FL,ASO,ES,Federal Contract Tower,0,4,0,0,4,0,0,0,0,0,0,4,0,0,4,0,0,0,4
12/26/2004,TIX,FL,ASO,ES,Federal Contract Tower,0,5,12,0,17,0,6,5,0,11,0,11,17,0,28,2,0,2,30
12/27/2004,TIX,FL,ASO,ES,Federal Contract Tower,0,0,22,0,22,0,0,105,0,105,0,0,127,0,127,423,0,423,550
12/28/2004,TIX,FL,ASO,ES,Federal Contract Tower,0,1,16,0,17,0,0,74,0,74,0,1,90,0,91,321,0,321,412
12/29/2004,TIX,FL,ASO,ES,Federal Contract Tower,0,0,12,0,12,0,0,100,0,100,0,0,112,0,112,342,0,342,454
12/30/2004,TIX,FL,ASO,ES,Federal Contract Tower,0,2,12,0,14,0,0,120,0,120,0,2,132,0,134,259,0,259,393
12/31/2004,TIX,FL,ASO,ES,Federal Contract Tower,0,2,6,0,8,0,5,97,0,102,0,7,103,0,110,219,0,219,329
01/01/2005,TIX,FL,ASO,ES,Federal Contract Tower,0,0,4,0,4,0,0,43,0,43,0,0,47,0,47,59,0,59,106
01/02/2005,TIX,FL,ASO,ES,Federal Contract Tower,0,2,10,0,12,0,7,72,0,79,0,9,82,0,91,139,0,139,230
01/03/2005,TIX,FL,ASO,ES,Federal Contract Tower,0,0,11,0,11,0,2,88,0,90,0,2,99,0,101,273,0,273,374
01/04/2005,TIX,FL,ASO,ES,Federal Contract Tower,0,0,13,0,13,0,0,114,0,114,0,0,127,0,127,258,0,258,385
01/05/2005,TIX,FL,ASO,ES,Federal Contract Tower,0,0,23,0,23,0,8,125,0,133,0,8,148,0,156,274,0,274,430
01/06/2005,TIX,FL,ASO,ES,Federal Contract Tower,0,0,24,0,24,0,3,99,2,104,0,3,123,2,128,379,0,379,507
01/07/2005,TIX,FL,ASO,ES,Federal Contract Tower,0,0,18,3,21,0,3,116,0,119,0,3,134,3,140,295,2,297,437
01/08/2005,TIX,FL,ASO,ES,Federal Contract Tower,0,0,5,0,5,0,0,174,0,174,0,0,179,0,179,284,0,284,463
01/09/2005,TIX,FL,ASO,ES,Federal Contract Tower,0,0,6,0,6,0,0,91,0,91,0,0,97,0,97,372,0,372,469
01/10/2005,TIX,FL,ASO,ES,Federal Contract Tower,0,0,20,0,20,0,1,142,0,143,0,1,162,0,163,395,0,395,558
01/11/2005,TIX,FL,ASO,ES,Federal Contract Tower,0,0,21,0,21,0,0,90,4,94,0,0,111,4,115,372,4,376,491
01/12/2005,TIX,FL,ASO,ES,Federal Contract Tower,0,0,29,0,29,0,7,168,0,175,0,7,197,0,204,455,0,455,659
01/13/2005,TIX,FL,ASO,ES,Federal Contract Tower,0,0,31,0,31,0,1,52,0,53,0,1,83,0,84,190,0,190,274
01/14/2005,TIX,FL,ASO,ES,Federal Contract Tower,0,0,28,0,28,0,2,2,0,4,0,2,30,0,32,56,0,56,88
01/15/2005,TIX,FL,ASO,ES,Federal Contract Tower,0,0,31,0,31,0,0,19,0,19,0,0,50,0,50,112,0,112,162
01/16/2005,TIX,FL,ASO,ES,Federal Contract Tower,0,0,16,0,16,0,0,0,0,0,0,0,16,0,16,0,0,0,16
01/17/2005,TIX,FL,ASO,ES,Federal Contract Tower,0,0,39,0,39,0,0,112,0,112,0,0,151,0,151,389,0,389,540
01/18/2005,TIX,FL,ASO,ES,Federal Contract Tower,0,0,26,0,26,0,6,132,0,138,0,6,158,0,164,501,0,501,665
01/19/2005,TIX,FL,ASO,ES,Federal Contract Tower,0,0,41,0,41,0,2,168,4,174,0,2,209,4,215,461,0,461,676
01/20/2005,TIX,FL,ASO,ES,Federal Contract Tower,0,2,36,0,38,0,2,195,0,197,0,4,231,0,235,514,0,514,749
01/21/2005,TIX,FL,ASO,ES,Federal Contract Tower,0,0,36,0,36,0,6,178,0,184,0,6,214,0,220,504,0,504,724
01/22/2005,TIX,FL,ASO,ES,Federal Contract Tower,0,0,16,0,16,0,0,110,0,110,0,0,126,0,126,274,0,274,400
01/23/2005,TIX,FL,ASO,ES,Federal Contract Tower,0,0,16,0,16,0,0,71,0,71,0,0,87,0,87,245,0,245,332
01/24/2005,TIX,FL,ASO,ES,Federal Contract Tower,0,0,31,2,33,0,0,146,0,146,0,0,177,2,179,533,0,533,712
01/25/2005,TIX,FL,ASO,ES,Federal Contract Tower,0,0,29,0,29,0,1,148,0,149,0,1,177,0,178,559,0,559,737
01/26/2005,TIX,FL,ASO,ES,Federal Contract Tower,0,0,27,0,27,0,0,148,0,148,0,0,175,0,175,402,0,402,577
01/27/2005,TIX,FL,ASO,ES,Federal Contract Tower,0,5,61,0,66,0,1,83,0,84,0,6,144,0,150,246,0,246,396
01/28/2005,TIX,FL,ASO,ES,Federal Contract Tower,0,0,23,0,23,0,0,63,0,63,0,0,86,0,86,268,0,268,354
01/29/2005,TIX,FL,ASO,ES,Federal Contract Tower,0,0,5,0,5,0,12,169,0,181,0,12,174,0,186,310,0,310,496
01/30/2005,TIX,FL,ASO,ES,Federal Contract Tower,0,2,10,0,12,0,44,115,0,159,0,46,125,0,171,239,0,239,410
01/31/2005,TIX,FL,ASO,ES,Federal Contract Tower,0,4,24,0,28,0,5,167,0,172,0,9,191,0,200,577,0,577,777
02/01/2005,TIX,FL,ASO,ES,Federal Contract Tower,0,0,34,0,34,0,0,100,0,100,0,0,134,0,134,295,0,295,429
02/02/2005,TIX,FL,ASO,ES,Federal Contract Tower,0,2,57,0,59,0,0,27,0,27,0,2,84,0,86,215,0,215,301
02/03/2005,TIX,FL,ASO,ES,Federal Contract Tower,0,0,21,0,21,0,0,102,0,102,0,0,123,0,123,360,0,360,483
02/04/2005,TIX,FL,ASO,ES,Federal Contract Tower,0,4,22,0,26,0,0,136,0,136,0,4,158,0,162,408,0,408,570
02/05/2005,TIX,FL,ASO,ES,Federal Contract Tower,0,1,38,0,39,0,0,121,0,121,0,1,159,0,160,451,0,451,611
02/06/2005,TIX,FL,ASO,ES,Federal Contract Tower,0,1,9,0,10,0,9,124,0,133,0,10,133,0,143,275,0,275,418
02/07/2005,TIX,FL,ASO,ES,Federal Contract Tower,0,2,26,0,28,0,0,112,0,112,0,2,138,0,140,497,0,497,637
02/08/2005,TIX,FL,ASO,ES,Federal Contract Tower,0,0,25,0,25,0,10,85,0,95,0,10,110,0,120,442,0,442,562
02/09/2005,TIX,FL,ASO,ES,Federal Contract Tower,0,0,23,0,23,0,0,166,0,166,0,0,189,0,189,467,0,467,656
02/10/2005,TIX,FL,ASO,ES,Federal Contract Tower,0,2,22,0,24,0,9,119,0,128,0,11,141,0,152,400,0,400,552
02/11/2005,TIX,FL,ASO,ES,Federal Contract Tower,0,2,29,0,31,0,4,172,0,176,0,6,201,0,207,442,0,442,649
02/12/2005,TIX,FL,ASO,ES,Federal Contract Tower,0,2,25,0,27,0,13,166,0,179,0,15,191,0,206,356,0,356,562
02/13/2005,TIX,FL,ASO,ES,Federal Contract Tower,0,0,16,0,16,0,9,121,0,130,0,9,137,0,146,336,0,336,482
02/14/2005,TIX,FL,ASO,ES,Federal Contract Tower,0,0,29,0,29,0,11,151,0,162,0,11,180,0,191,469,0,469,660
02/15/2005,TIX,FL,ASO,ES,Federal Contract Tower,0,0,23,0,23,0,0,200,0,200,0,0,223,0,223,463,0,463,686
02/16/2005,TIX,FL,ASO,ES,Federal Contract Tower,0,0,21,0,21,0,0,178,0,178,0,0,199,0,199,497,0,497,696
02/17/2005,TIX,FL,ASO,ES,Federal Contract Tower,0,0,29,0,29,0,8,131,0,139,0,8,160,0,168,454,0,454,622
02/18/2005,TIX,FL,ASO,ES,Federal Contract Tower,0,0,40,0,40,0,38,162,2,202,0,38,202,2,242,389,0,389,631
02/19/2005,TIX,FL,ASO,ES,Federal Contract Tower,0,4,15,0,19,0,21,173,0,194,0,25,188,0,213,415,0,415,628
02/20/2005,TIX,FL,ASO,ES,Federal Contract Tower,0,0,5,0,5,0,0,128,0,128,0,0,133,0,133,204,0,204,337
02/21/2005,TIX,FL,ASO,ES,Federal Contract Tower,0,0,41,0,41,0,0,118,0,118,0,0,159,0,159,424,0,424,583
02/22/2005,TIX,FL,ASO,ES,Federal Contract Tower,0,0,57,0,57,0,0,119,0,119,0,0,176,0,176,330,0,330,506
02/23/2005,TIX,FL,ASO,ES,Federal Contract Tower,0,1,29,0,30,0,7,134,0,141,0,8,163,0,171,422,0,422,593
02/24/2005,TIX,FL,ASO,ES,Federal Contract Tower,0,0,31,0,31,0,14,161,0,175,0,14,192,0,206,458,0,458,664
02/25/2005,TIX,FL,ASO,ES,Federal Contract Tower,0,0,46,0,46,0,0,47,0,47,0,0,93,0,93,350,0,350,443
02/26/2005,TIX,FL,ASO,ES,Federal Contract Tower,0,2,40,0,42,0,0,41,0,41,0,2,81,0,83,292,0,292,375
02/27/2005,TIX,FL,ASO,ES,Federal Contract Tower,0,0,3,0,3,0,0,0,0,0,0,0,3,0,3,2,0,2,5
02/28/2005,TIX,FL,ASO,ES,Federal Contract Tower,0,0,34,0,34,0,4,141,0,145,0,4,175,0,179,306,0,306,485
03/01/2005,TIX,FL,ASO,ES,Federal Contract Tower,0,2,31,0,33,0,3,156,4,163,0,5,187,4,196,419,0,419,615
03/02/2005,TIX,FL,ASO,ES,Federal Contract Tower,0,0,19,0,19,0,9,237,0,246,0,9,256,0,265,442,0,442,707
03/03/2005,TIX,FL,ASO,ES,Federal Contract Tower,0,2,39,0,41,0,0,128,0,128,0,2,167,0,169,348,0,348,517
03/04/2005,TIX,FL,ASO,ES,Federal Contract Tower,0,0,20,0,20,0,2,191,2,195,0,2,211,2,215,434,6,440,655
03/05/2005,TIX,FL,ASO,ES,Federal Contract Tower,0,3,22,0,25,0,5,199,0,204,0,8,221,0,229,482,0,482,711
03/06/2005,TIX,FL,ASO,ES,Federal Contract Tower,0,0,25,0,25,0,0,123,0,123,0,0,148,0,148,358,0,358,506
03/07/2005,TIX,FL,ASO,ES,Federal Contract Tower,0,0,29,2,31,0,14,160,0,174,0,14,189,2,205,531,0,531,736
03/08/2005,TIX,FL,ASO,ES,Federal Contract Tower,0,0,13,0,13,0,0,15,0,15,0,0,28,0,28,41,0,41,69
03/09/2005,TIX,FL,ASO,ES,Federal Contract Tower,0,0,50,0,50,0,0,40,0,40,0,0,90,0,90,210,0,210,300
03/10/2005,TIX,FL,ASO,ES,Federal Contract Tower,0,0,21,2,23,0,36,193,14,243,0,36,214,16,266,294,0,294,560
03/11/2005,TIX,FL,ASO,ES,Federal Contract Tower,0,0,20,2,22,0,4,81,5,90,0,4,101,7,112,98,8,106,218
03/12/2005,TIX,FL,ASO,ES,Federal Contract Tower,0,2,17,0,19,0,96,127,0,223,0,98,144,0,242,101,0,101,343
03/13/2005,TIX,FL,ASO,ES,Federal Contract Tower,0,0,10,0,10,0,81,115,2,198,0,81,125,2,208,70,0,70,278
03/14/2005,TIX,FL,ASO,ES,Federal Contract Tower,0,0,16,1,17,0,3,149,2,154,0,3,165,3,171,305,8,313,484
03/15/2005,TIX,FL,ASO,ES,Federal Contract Tower,0,0,52,1,53,0,0,81,0,81,0,0,133,1,134,336,0,336,470
03/16/2005,TIX,FL,ASO,ES,Federal Contract Tower,0,0,38,0,38,0,1,61,0,62,0,1,99,0,100,279,0,279,379
03/17/2005,TIX,FL,ASO,ES,Federal Contract Tower,0,2,30,0,32,0,0,15,0,15,0,2,45,0,47,60,0,60,107
03/18/2005,TIX,FL,ASO,ES,Federal Contract Tower,0,1,46,0,47,0,0,67,0,67,0,1,113,0,114,244,0,244,358
03/19/2005,TIX,FL,ASO,ES,Federal Contract Tower,0,8,29,0,37,0,36,232,0,268,0,44,261,0,305,619,0,619,924
03/20/2005,TIX,FL,ASO,ES,Federal Contract Tower,0,0,27,0,27,0,22,251,0,273,0,22,278,0,300,534,0,534,834
03/21/2005,TIX,FL,ASO,ES,Federal Contract Tower,0,0,20,0,20,0,1,137,0,138,0,1,157,0,158,465,0,465,623
03/22/2005,TIX,FL,ASO,ES,Federal Contract Tower,0,0,18,0,18,0,1,95,0,96,0,1,113,0,114,516,0,516,630
03/23/2005,TIX,FL,ASO,ES,Federal Contract Tower,0,0,24,0,24,0,0,68,0,68,0,0,92,0,92,149,0,149,241
03/24/2005,TIX,FL,ASO,ES,Federal Contract Tower,0,0,49,0,49,0,14,181,10,205,0,14,230,10,254,579,0,579,833
03/25/2005,TIX,FL,ASO,ES,Federal Contract Tower,0,0,20,0,20,0,7,66,0,73,0,7,86,0,93,333,0,333,426
03/26/2005,TIX,FL,ASO,ES,Federal Contract Tower,0,7,37,0,44,0,9,15,0,24,0,16,52,0,68,240,0,240,308
03/27/2005,TIX,FL,ASO,ES,Federal Contract Tower,0,1,7,0,8,0,14,81,0,95,0,15,88,0,103,183,0,183,286
03/28/2005,TIX,FL,ASO,ES,Federal Contract Tower,0,0,17,0,17,0,9,75,0,84,0,9,92,0,101,188,0,188,289
03/29/2005,TIX,FL,ASO,ES,Federal Contract Tower,0,2,48,0,50,0,4,201,0,205,0,6,249,0,255,626,0,626,881
03/30/2005,TIX,FL,ASO,ES,Federal Contract Tower,0,0,39,0,39,0,2,161,0,163,0,2,200,0,202,696,0,696,898
03/31/2005,TIX,FL,ASO,ES,Federal Contract Tower,0,0,44,0,44,0,16,121,0,137,0,16,165,0,181,507,0,507,688
04/01/2005,TIX,FL,ASO,ES,Federal Contract Tower,0,0,22,0,22,0,18,176,0,194,0,18,198,0,216,532,0,532,748
04/02/2005,TIX,FL,ASO,ES,Federal Contract Tower,0,0,17,0,17,0,16,35,2,53,0,16,52,2,70,44,2,46,116
04/03/2005,TIX,FL,ASO,ES,Federal Contract Tower,0,0,18,0,18,0,17,137,0,154,0,17,155,0,172,246,0,246,418
04/04/2005,TIX,FL,ASO,ES,Federal Contract Tower,0,0,24,0,24,0,15,167,0,182,0,15,191,0,206,509,0,509,715
04/05/2005,TIX,FL,ASO,ES,Federal Contract Tower,0,0,19,0,19,0,9,213,0,222,0,9,232,0,241,572,0,572,813
04/06/2005,TIX,FL,ASO,ES,Federal Contract Tower,0,2,17,0,19,0,15,188,0,203,0,17,205,0,222,493,0,493,715
04/07/2005,TIX,FL,ASO,ES,Federal Contract Tower,0,4,12,0,16,0,5,134,0,139,0,9,146,0,155,351,0,351,506
04/08/2005,TIX,FL,ASO,ES,Federal Contract Tower,0,2,41,0,43,0,45,141,0,186,0,47,182,0,229,370,0,370,599
04/09/2005,TIX,FL,ASO,ES,Federal Contract Tower,0,2,14,0,16,0,37,189,0,226,0,39,203,0,242,424,0,424,666
04/10/2005,TIX,FL,ASO,ES,Federal Contract Tower,0,2,22,0,24,0,0,156,0,156,0,2,178,0,180,326,0,326,506
04/11/2005,TIX,FL,ASO,ES,Federal Contract Tower,0,1,42,0,43,0,7,188,0,195,0,8,230,0,238,431,0,431,669
04/12/2005,TIX,FL,ASO,ES,Federal Contract Tower,0,0,20,0,20,0,6,179,0,185,0,6,199,0,205,465,0,465,670
04/13/2005,TIX,FL,ASO,ES,Federal Contract Tower,0,2,41,0,43,0,4,129,0,133,0,6,170,0,176,261,0,261,437
04/14/2005,TIX,FL,ASO,ES,Federal Contract Tower,0,0,29,0,29,0,8,135,0,143,0,8,164,0,172,393,0,393,565
04/15/2005,TIX,FL,ASO,ES,Federal Contract Tower,0,0,54,0,54,0,0,119,0,119,0,0,173,0,173,314,0,314,487
04/16/2005,TIX,FL,ASO,ES,Federal Contract Tower,0,1,10,0,11,0,0,83,0,83,0,1,93,0,94,171,0,171,265
04/17/2005,TIX,FL,ASO,ES,Federal Contract Tower,0,0,18,0,18,0,4,111,0,115,0,4,129,0,133,230,0,230,363
04/18/2005,TIX,FL,ASO,ES,Federal Contract Tower,0,0,41,0,41,0,11,169,0,180,0,11,210,0,221,591,0,591,812
04/19/2005,TIX,FL,ASO,ES,Federal Contract Tower,0,0,34,0,34,0,4,194,0,198,0,4,228,0,232,526,0,526,758
04/20/2005,TIX,FL,ASO,ES,Federal Contract Tower,0,0,35,0,35,0,0,172,4,176,0,0,207,4,211,490,0,490,701
04/21/2005,TIX,FL,ASO,ES,Federal Contract Tower,0,0,38,0,38,0,20,164,4,188,0,20,202,4,226,569,0,569,795
04/22/2005,TIX,FL,ASO,ES,Federal Contract Tower,0,0,9,0,9,0,6,117,0,123,0,6,126,0,132,129,0,129,261
04/23/2005,TIX,FL,ASO,ES,Federal Contract Tower,0,0,44,0,44,0,0,167,0,167,0,0,211,0,211,483,0,483,694
04/24/2005,TIX,FL,ASO,ES,Federal Contract Tower,0,0,27,0,27,0,0,135,0,135,0,0,162,0,162,179,0,179,341
04/25/2005,TIX,FL,ASO,ES,Federal Contract Tower,0,0,15,0,15,0,6,174,0,180,0,6,189,0,195,431,0,431,626
04/26/2005,TIX,FL,ASO,ES,Federal Contract Tower,0,0,24,0,24,0,0,112,0,112,0,0,136,0,136,279,0,279,415
04/27/2005,TIX,FL,ASO,ES,Federal Contract Tower,0,2,14,0,16,0,4,93,0,97,0,6,107,0,113,421,0,421,534
04/28/2005,TIX,FL,ASO,ES,Federal Contract Tower,0,2,22,0,24,0,8,209,0,217,0,10,231,0,241,550,0,550,791
04/29/2005,TIX,FL,ASO,ES,Federal Contract Tower,0,0,17,0,17,0,10,222,0,232,0,10,239,0,249,502,0,502,751
04/30/2005,TIX,FL,ASO,ES,Federal Contract Tower,0,0,12,0,12,0,21,185,0,206,0,21,197,0,218,306,0,306,524
05/01/2005,TIX,FL,ASO,ES,Federal Contract Tower,0,1,20,0,21,0,0,68,0,68,0,1,88,0,89,163,0,163,252
05/02/2005,TIX,FL,ASO,ES,Federal Contract Tower,0,0,33,2,35,0,2,118,0,120,0,2,151,2,155,578,0,578,733
05/03/2005,TIX,FL,ASO,ES,Federal Contract Tower,0,0,16,4,20,0,2,166,0,168,0,2,182,4,188,474,0,474,662
05/04/2005,TIX,FL,ASO,ES,Federal Contract Tower,0,0,19,0,19,0,2,83,0,85,0,2,102,0,104,289,0,289,393
05/05/2005,TIX,FL,ASO,ES,Federal Contract Tower,0,0,15,0,15,0,0,90,0,90,0,0,105,0,105,332,0,332,437
05/06/2005,TIX,FL,ASO,ES,Federal Contract Tower,0,0,62,0,62,0,0,116,0,116,0,0,178,0,178,488,0,488,666
05/07/2005,TIX,FL,ASO,ES,Federal Contract Tower,0,0,18,0,18,0,0,216,0,216,0,0,234,0,234,420,0,420,654
05/08/2005,TIX,FL,ASO,ES,Federal Contract Tower,0,0,15,0,15,0,0,175,0,175,0,0,190,0,190,261,0,261,451
05/09/2005,TIX,FL,ASO,ES,Federal Contract Tower,0,0,36,2,38,0,0,167,0,167,0,0,203,2,205,492,0,492,697
05/10/2005,TIX,FL,ASO,ES,Federal Contract Tower,0,0,18,0,18,0,10,189,0,199,0,10,207,0,217,420,0,420,637
05/11/2005,TIX,FL,ASO,ES,Federal Contract Tower,0,0,16,0,16,0,8,102,4,114,0,8,118,4,130,208,0,208,338
05/12/2005,TIX,FL,ASO,ES,Federal Contract Tower,0,2,23,0,25,0,12,249,0,261,0,14,272,0,286,612,0,612,898
05/13/2005,TIX,FL,ASO,ES,Federal Contract Tower,0,4,27,1,32,0,5,189,1,195,0,9,216,2,227,410,0,410,637
05/14/2005,TIX,FL,ASO,ES,Federal Contract Tower,0,0,13,0,13,0,11,174,12,197,0,11,187,12,210,449,0,449,659
05/15/2005,TIX,FL,ASO,ES,Federal Contract Tower,0,0,19,0,19,0,0,108,0,108,0,0,127,0,127,214,0,214,341
05/16/2005,TIX,FL,ASO,ES,Federal Contract Tower,0,0,29,0,29,0,2,187,0,189,0,2,216,0,218,486,0,486,704
05/17/2005,TIX,FL,ASO,ES,Federal Contract Tower,0,0,33,0,33,0,0,128,0,128,0,0,161,0,161,494,0,494,655
05/18/2005,TIX,FL,ASO,ES,Federal Contract Tower,0,2,14,0,16,0,0,224,0,224,0,2,238,0,240,535,0,535,775
05/19/2005,TIX,FL,ASO,ES,Federal Contract Tower,0,3,22,0,25,0,3,159,4,166,0,6,181,4,191,400,0,400,591
05/20/2005,TIX,FL,ASO,ES,Federal Contract Tower,0,1,20,0,21,0,33,186,3,222,0,34,206,3,243,526,0,526,769
05/21/2005,TIX,FL,ASO,ES,Federal Contract Tower,0,1,9,0,10,0,22,103,0,125,0,23,112,0,135,292,0,292,427
05/22/2005,TIX,FL,ASO,ES,Federal Contract Tower,0,3,19,0,22,0,0,107,0,107,0,3,126,0,129,194,0,194,323
05/23/2005,TIX,FL,ASO,ES,Federal Contract Tower,0,0,27,0,27,0,0,172,0,172,0,0,199,0,199,452,0,452,651
05/24/2005,TIX,FL,ASO,ES,Federal Contract Tower,0,0,39,2,41,0,2,123,0,125,0,2,162,2,166,421,0,421,587
05/25/2005,TIX,FL,ASO,ES,Federal Contract Tower,0,0,30,2,32,0,0,201,0,201,0,0,231,2,233,316,0,316,549
05/26/2005,TIX,FL,ASO,ES,Federal Contract Tower,0,2,40,0,42,0,0,205,0,205,0,2,245,0,247,645,0,645,892
05/27/2005,TIX,FL,ASO,ES,Federal Contract Tower,0,1,14,0,15,0,18,156,0,174,0,19,170,0,189,447,0,447,636
05/28/2005,TIX,FL,ASO,ES,Federal Contract Tower,0,0,27,0,27,0,4,109,0,113,0,4,136,0,140,279,0,279,419
05/29/2005,TIX,FL,ASO,ES,Federal Contract Tower,0,0,16,0,16,0,0,108,0,108,0,0,124,0,124,148,0,148,272
05/30/2005,TIX,FL,ASO,ES,Federal Contract Tower,0,2,20,0,22,0,26,168,0,194,0,28,188,0,216,362,0,362,578
05/31/2005,TIX,FL,ASO,ES,Federal Contract Tower,0,0,5,0,5,0,0,42,0,42,0,0,47,0,47,125,0,125,172
06/01/2005,TIX,FL,ASO,ES,Federal Contract Tower,0,0,10,0,10,0,0,24,0,24,0,0,34,0,34,140,0,140,174
06/02/2005,TIX,FL,ASO,ES,Federal Contract Tower,0,0,23,0,23,0,0,121,0,121,0,0,144,0,144,462,0,462,606
06/03/2005,TIX,FL,ASO,ES,Federal Contract Tower,0,0,18,0,18,0,10,115,0,125,0,10,133,0,143,382,0,382,525
06/04/2005,TIX,FL,ASO,ES,Federal Contract Tower,0,0,9,0,9,0,17,154,0,171,0,17,163,0,180,370,0,370,550
06/05/2005,TIX,FL,ASO,ES,Federal Contract Tower,0,0,20,0,20,0,0,39,0,39,0,0,59,0,59,224,0,224,283
06/06/2005,TIX,FL,ASO,ES,Federal Contract Tower,0,0,14,0,14,0,4,106,0,110,0,4,120,0,124,493,0,493,617
06/07/2005,TIX,FL,ASO,ES,Federal Contract Tower,0,0,35,0,35,0,6,172,4,182,0,6,207,4,217,593,0,593,810
06/08/2005,TIX,FL,ASO,ES,Federal Contract Tower,0,0,37,0,37,0,25,191,0,216,0,25,228,0,253,516,0,516,769
06/09/2005,TIX,FL,ASO,ES,Federal Contract Tower,0,0,30,0,30,0,6,122,0,128,0,6,152,0,158,434,0,434,592
06/10/2005,TIX,FL,ASO,ES,Federal Contract Tower,0,0,16,0,16,0,0,144,0,144,0,0,160,0,160,499,0,499,659
06/11/2005,TIX,FL,ASO,ES,Federal Contract Tower,0,0,13,0,13,0,0,13,0,13,0,0,26,0,26,66,0,66,92
06/12/2005,TIX,FL,ASO,ES,Federal Contract Tower,0,0,27,0,27,0,9,122,4,135,0,9,149,4,162,271,0,271,433
06/13/2005,TIX,FL,ASO,ES,Federal Contract Tower,0,0,23,0,23,0,2,259,0,261,0,2,282,0,284,602,0,602,886
06/14/2005,TIX,FL,ASO,ES,Federal Contract Tower,0,0,15,0,15,0,8,218,0,226,0,8,233,0,241,592,0,592,833
06/15/2005,TIX,FL,ASO,ES,Federal Contract Tower,0,0,51,0,51,0,0,166,4,170,0,0,217,4,221,327,0,327,548
06/16/2005,TIX,FL,ASO,ES,Federal Contract Tower,0,0,14,0,14,0,0,133,0,133,0,0,147,0,147,443,0,443,590
06/17/2005,TIX,FL,ASO,ES,Federal Contract Tower,0,0,9,0,9,0,0,153,0,153,0,0,162,0,162,451,0,451,613
06/18/2005,TIX,FL,ASO,ES,Federal Contract Tower,0,0,33,0,33,0,0,127,0,127,0,0,160,0,160,342,0,342,502
06/19/2005,TIX,FL,ASO,ES,Federal Contract Tower,0,0,20,0,20,0,0,117,0,117,0,0,137,0,137,236,0,236,373
06/20/2005,TIX,FL,ASO,ES,Federal Contract Tower,0,0,27,0,27,0,1,150,0,151,0,1,177,0,178,473,0,473,651
06/21/2005,TIX,FL,ASO,ES,Federal Contract Tower,0,0,34,0,34,0,0,147,0,147,0,0,181,0,181,435,0,435,616
06/22/2005,TIX,FL,ASO,ES,Federal Contract Tower,0,0,35,0,35,0,0,108,0,108,0,0,143,0,143,325,0,325,468
06/23/2005,TIX,FL,ASO,ES,Federal Contract Tower,0,2,19,0,21,0,0,156,0,156,0,2,175,0,177,549,0,549,726
06/24/2005,TIX,FL,ASO,ES,Federal Contract Tower,0,2,19,0,21,0,0,51,0,51,0,2,70,0,72,239,0,239,311
06/25/2005,TIX,FL,ASO,ES,Federal Contract Tower,0,0,25,0,25,0,15,106,0,121,0,15,131,0,146,334,0,334,480
06/26/2005,TIX,FL,ASO,ES,Federal Contract Tower,0,1,26,0,27,0,0,164,0,164,0,1,190,0,191,197,0,197,388
06/27/2005,TIX,FL,ASO,ES,Federal Contract Tower,0,0,18,0,18,0,7,160,0,167,0,7,178,0,185,260,0,260,445
06/28/2005,TIX,FL,ASO,ES,Federal Contract Tower,0,0,85,0,85,0,0,122,0,122,0,0,207,0,207,599,0,599,806
06/29/2005,TIX,FL,ASO,ES,Federal Contract Tower,0,0,66,0,66,0,0,139,2,141,0,0,205,2,207,359,0,359,566
06/30/2005,TIX,FL,ASO,ES,Federal Contract Tower,0,1,38,0,39,0,1,176,0,177,0,2,214,0,216,369,0,369,585
07/01/2005,TIX,FL,ASO,ES,Federal Contract Tower,0,1,50,0,51,0,19,160,0,179,0,20,210,0,230,438,0,438,668
07/02/2005,TIX,FL,ASO,ES,Federal Contract Tower,0,1,20,0,21,0,13,191,0,204,0,14,211,0,225,309,0,309,534
07/03/2005,TIX,FL,ASO,ES,Federal Contract Tower,0,0,22,0,22,0,0,128,0,128,0,0,150,0,150,224,0,224,374
07/04/2005,TIX,FL,ASO,ES,Federal Contract Tower,0,0,9,0,9,0,0,80,0,80,0,0,89,0,89,98,0,98,187
07/05/2005,TIX,FL,ASO,ES,Federal Contract Tower,0,0,12,0,12,0,2,154,0,156,0,2,166,0,168,476,0,476,644
07/06/2005,TIX,FL,ASO,ES,Federal Contract Tower,0,0,38,0,38,0,8,260,3,271,0,8,298,3,309,365,0,365,674
07/07/2005,TIX,FL,ASO,ES,Federal Contract Tower,0,2,22,0,24,0,17,234,0,251,0,19,256,0,275,496,0,496,771
07/08/2005,TIX,FL,ASO,ES,Federal Contract Tower,0,2,22,0,24,0,8,195,0,203,0,10,217,0,227,535,0,535,762
07/09/2005,TIX,FL,ASO,ES,Federal Contract Tower,0,1,2,0,3,0,0,8,0,8,0,1,10,0,11,76,0,76,87
07/10/2005,TIX,FL,ASO,ES,Federal Contract Tower,0,3,6,0,9,0,0,18,0,18,0,3,24,0,27,34,0,34,61
07/11/2005,TIX,FL,ASO,ES,Federal Contract Tower,0,0,9,0,9,0,16,183,0,199,0,16,192,0,208,450,0,450,658
07/12/2005,TIX,FL,ASO,ES,Federal Contract Tower,0,2,22,0,24,0,3,188,0,191,0,5,210,0,215,618,0,618,833
07/13/2005,TIX,FL,ASO,ES,Federal Contract Tower,0,0,10,0,10,0,0,15,13,28,0,0,25,13,38,14,6,20,58
07/14/2005,TIX,FL,ASO,ES,Federal Contract Tower,0,0,15,0,15,0,14,173,0,187,0,14,188,0,202,592,0,592,794
07/15/2005,TIX,FL,ASO,ES,Federal Contract Tower,0,2,16,0,18,0,0,197,0,197,0,2,213,0,215,609,0,609,824
07/16/2005,TIX,FL,ASO,ES,Federal Contract Tower,0,0,10,0,10,0,0,199,0,199,0,0,209,0,209,521,0,521,730
07/17/2005,TIX,FL,ASO,ES,Federal Contract Tower,0,3,20,0,23,0,0,139,0,139,0,3,159,0,162,302,0,302,464
07/18/2005,TIX,FL,ASO,ES,Federal Contract Tower,0,0,30,0,30,0,10,169,0,179,0,10,199,0,209,554,0,554,763
07/19/2005,TIX,FL,ASO,ES,Federal Contract Tower,0,0,20,0,20,0,0,154,2,156,0,0,174,2,176,585,0,585,761
07/20/2005,TIX,FL,ASO,ES,Federal Contract Tower,0,3,36,0,39,0,0,189,0,189,0,3,225,0,228,539,0,539,767
07/21/2005,TIX,FL,ASO,ES,Federal Contract Tower,0,3,20,0,23,0,0,175,0,175,0,3,195,0,198,616,0,616,814
07/22/2005,TIX,FL,ASO,ES,Federal Contract Tower,0,0,23,0,23,0,0,186,0,186,0,0,209,0,209,559,0,559,768
07/23/2005,TIX,FL,ASO,ES,Federal Contract Tower,0,0,8,0,8,0,0,143,0,143,0,0,151,0,151,201,0,201,352
07/24/2005,TIX,FL,ASO,ES,Federal Contract Tower,0,0,37,0,37,0,0,91,0,91,0,0,128,0,128,287,0,287,415
07/25/2005,TIX,FL,ASO,ES,Federal Contract Tower,0,0,27,0,27,0,0,168,0,168,0,0,195,0,195,606,0,606,801
07/26/2005,TIX,FL,ASO,ES,Federal Contract Tower,0,0,17,0,17,0,0,114,2,116,0,0,131,2,133,153,3,156,289
07/27/2005,TIX,FL,ASO,ES,Federal Contract Tower,0,0,23,0,23,0,22,277,4,303,0,22,300,4,326,603,0,603,929
07/28/2005,TIX,FL,ASO,ES,Federal Contract Tower,0,0,9,0,9,0,8,177,0,185,0,8,186,0,194,430,0,430,624
07/29/2005,TIX,FL,ASO,ES,Federal Contract Tower,0,0,16,0,16,0,12,168,2,182,0,12,184,2,198,483,0,483,681
07/30/2005,TIX,FL,ASO,ES,Federal Contract Tower,0,0,9,0,9,0,4,159,0,163,0,4,168,0,172,352,0,352,524
07/31/2005,TIX,FL,ASO,ES,Federal Contract Tower,0,0,16,0,16,0,0,101,0,101,0,0,117,0,117,278,0,278,395
08/01/2005,TIX,FL,ASO,ES,Federal Contract Tower,0,0,22,0,22,0,0,96,0,96,0,0,118,0,118,244,0,244,362
08/02/2005,TIX,FL,ASO,ES,Federal Contract Tower,0,0,24,0,24,0,0,136,0,136,0,0,160,0,160,474,0,474,634
08/03/2005,TIX,FL,ASO,ES,Federal Contract Tower,0,0,15,0,15,0,0,159,0,159,0,0,174,0,174,344,0,344,518
08/04/2005,TIX,FL,ASO,ES,Federal Contract Tower,0,0,25,0,25,0,2,176,0,178,0,2,201,0,203,379,0,379,582
08/05/2005,TIX,FL,ASO,ES,Federal Contract Tower,0,1,15,0,16,0,3,162,0,165,0,4,177,0,181,340,0,340,521
08/06/2005,TIX,FL,ASO,ES,Federal Contract Tower,0,2,11,0,13,0,5,170,2,177,0,7,181,2,190,327,0,327,517
08/07/2005,TIX,FL,ASO,ES,Federal Contract Tower,0,1,12,0,13,0,0,83,0,83,0,1,95,0,96,170,0,170,266
08/08/2005,TIX,FL,ASO,ES,Federal Contract Tower,0,0,4,0,4,0,0,159,0,159,0,0,163,0,163,505,0,505,668
08/09/2005,TIX,FL,ASO,ES,Federal Contract Tower,0,0,9,0,9,0,0,164,2,166,0,0,173,2,175,440,0,440,615
08/10/2005,TIX,FL,ASO,ES,Federal Contract Tower,0,0,15,0,15,0,2,250,0,252,0,2,265,0,267,462,0,462,729
08/11/2005,TIX,FL,ASO,ES,Federal Contract Tower,0,0,7,0,7,0,6,122,0,128,0,6,129,0,135,367,0,367,502
08/12/2005,TIX,FL,ASO,ES,Federal Contract Tower,0,0,11,0,11,0,0,195,0,195,0,0,206,0,206,388,0,388,594
08/13/2005,TIX,FL,ASO,ES,Federal Contract Tower,0,0,7,0,7,0,4,246,0,250,0,4,253,0,257,414,0,414,671
08/14/2005,TIX,FL,ASO,ES,Federal Contract Tower,0,0,13,0,13,0,0,145,0,145,0,0,158,0,158,216,0,216,374
08/15/2005,TIX,FL,ASO,ES,Federal Contract Tower,0,0,14,2,16,0,0,171,0,171,0,0,185,2,187,686,0,686,873
08/16/2005,TIX,FL,ASO,ES,Federal Contract Tower,0,0,23,2,25,0,0,218,0,218,0,0,241,2,243,491,0,491,734
08/17/2005,TIX,FL,ASO,ES,Federal Contract Tower,0,0,24,0,24,0,4,215,0,219,0,4,239,0,243,546,0,546,789
08/18/2005,TIX,FL,ASO,ES,Federal Contract Tower,0,0,16,0,16,0,0,272,0,272,0,0,288,0,288,685,0,685,973
08/19/2005,TIX,FL,ASO,ES,Federal Contract Tower,0,0,27,0,27,0,0,266,0,266,0,0,293,0,293,724,0,724,1017
08/20/2005,TIX,FL,ASO,ES,Federal Contract Tower,0,0,6,0,6,0,0,196,0,196,0,0,202,0,202,463,0,463,665
08/21/2005,TIX,FL,ASO,ES,Federal Contract Tower,0,0,16,0,16,0,0,102,4,106,0,0,118,4,122,297,0,297,419
08/22/2005,TIX,FL,ASO,ES,Federal Contract Tower,0,0,17,0,17,0,0,190,2,192,0,0,207,2,209,573,0,573,782
08/23/2005,TIX,FL,ASO,ES,Federal Contract Tower,0,0,7,0,7,0,0,171,0,171,0,0,178,0,178,578,0,578,756
08/24/2005,TIX,FL,ASO,ES,Federal Contract Tower,0,0,19,0,19,0,12,179,0,191,0,12,198,0,210,574,0,574,784
08/25/2005,TIX,FL,ASO,ES,Federal Contract Tower,0,0,13,0,13,0,0,14,0,14,0,0,27,0,27,189,0,189,216
08/26/2005,TIX,FL,ASO,ES,Federal Contract Tower,0,0,4,0,4,0,2,77,4,83,0,2,81,4,87,347,0,347,434
08/27/2005,TIX,FL,ASO,ES,Federal Contract Tower,0,0,5,0,5,0,4,123,2,129,0,4,128,2,134,347,0,347,481
08/28/2005,TIX,FL,ASO,ES,Federal Contract Tower,0,0,5,0,5,0,0,81,0,81,0,0,86,0,86,206,0,206,292
08/29/2005,TIX,FL,ASO,ES,Federal Contract Tower,0,0,16,0,16,0,0,201,0,201,0,0,217,0,217,505,0,505,722
08/30/2005,TIX,FL,ASO,ES,Federal Contract Tower,0,2,14,0,16,0,0,169,0,169,0,2,183,0,185,494,0,494,679
08/31/2005,TIX,FL,ASO,ES,Federal Contract Tower,0,0,40,0,40,0,4,137,0,141,0,4,177,0,181,285,0,285,466
09/01/2005,TIX,FL,ASO,ES,Federal Contract Tower,0,0,17,0,17,0,0,166,0,166,0,0,183,0,183,452,0,452,635
09/02/2005,TIX,FL,ASO,ES,Federal Contract Tower,0,0,25,0,25,0,2,173,1,176,0,2,198,1,201,329,0,329,530
09/03/2005,TIX,FL,ASO,ES,Federal Contract Tower,0,0,8,0,8,0,2,141,4,147,0,2,149,4,155,300,0,300,455
09/04/2005,TIX,FL,ASO,ES,Federal Contract Tower,0,0,12,0,12,0,0,111,0,111,0,0,123,0,123,203,0,203,326
09/05/2005,TIX,FL,ASO,ES,Federal Contract Tower,0,0,9,0,9,0,0,76,0,76,0,0,85,0,85,286,0,286,371
09/06/2005,TIX,FL,ASO,ES,Federal Contract Tower,0,0,9,0,9,0,0,88,0,88,0,0,97,0,97,287,0,287,384
09/07/2005,TIX,FL,ASO,ES,Federal Contract Tower,0,0,18,0,18,0,0,24,0,24,0,0,42,0,42,281,0,281,323
09/08/2005,TIX,FL,ASO,ES,Federal Contract Tower,0,0,12,0,12,0,0,0,0,0,0,0,12,0,12,143,0,143,155
09/09/2005,TIX,FL,ASO,ES,Federal Contract Tower,0,0,61,0,61,0,0,5,0,5,0,0,66,0,66,375,0,375,441
09/10/2005,TIX,FL,ASO,ES,Federal Contract Tower,0,0,4,0,4,0,0,234,0,234,0,0,238,0,238,405,0,405,643
09/11/2005,TIX,FL,ASO,ES,Federal Contract Tower,0,0,4,0,4,0,0,196,0,196,0,0,200,0,200,365,0,365,565
09/12/2005,TIX,FL,ASO,ES,Federal Contract Tower,0,0,11,0,11,0,0,230,0,230,0,0,241,0,241,541,0,541,782
09/13/2005,TIX,FL,ASO,ES,Federal Contract Tower,0,0,17,0,17,0,0,263,0,263,0,0,280,0,280,541,0,541,821
09/14/2005,TIX,FL,ASO,ES,Federal Contract Tower,0,0,18,0,18,0,0,277,0,277,0,0,295,0,295,427,0,427,722
09/15/2005,TIX,FL,ASO,ES,Federal Contract Tower,0,1,83,0,84,0,0,88,0,88,0,1,171,0,172,465,0,465,637
09/16/2005,TIX,FL,ASO,ES,Federal Contract Tower,0,0,24,0,24,0,0,195,2,197,0,0,219,2,221,524,0,524,745
09/17/2005,TIX,FL,ASO,ES,Federal Contract Tower,0,0,15,0,15,0,1,105,0,106,0,1,120,0,121,269,0,269,390
09/18/2005,TIX,FL,ASO,ES,Federal Contract Tower,0,0,21,0,21,0,0,139,0,139,0,0,160,0,160,322,0,322,482
09/19/2005,TIX,FL,ASO,ES,Federal Contract Tower,0,2,12,0,14,0,1,168,0,169,0,3,180,0,183,613,0,613,796
09/20/2005,TIX,FL,ASO,ES,Federal Contract Tower,0,0,5,0,5,0,0,53,0,53,0,0,58,0,58,454,0,454,512
09/21/2005,TIX,FL,ASO,ES,Federal Contract Tower,0,0,4,0,4,0,0,6,0,6,0,0,10,0,10,140,0,140,150
09/22/2005,TIX,FL,ASO,ES,Federal Contract Tower,0,0,16,0,16,0,4,144,0,148,0,4,160,0,164,474,0,474,638
09/23/2005,TIX,FL,ASO,ES,Federal Contract Tower,0,0,20,0,20,0,0,236,2,238,0,0,256,2,258,557,0,557,815
09/24/2005,TIX,FL,ASO,ES,Federal Contract Tower,0,0,5,0,5,0,2,211,0,213,0,2,216,0,218,534,0,534,752
09/25/2005,TIX,FL,ASO,ES,Federal Contract Tower,0,0,12,0,12,0,0,116,0,116,0,0,128,0,128,244,0,244,372
09/26/2005,TIX,FL,ASO,ES,Federal Contract Tower,0,0,7,0,7,0,0,206,0,206,0,0,213,0,213,777,0,777,990
09/27/2005,TIX,FL,ASO,ES,Federal Contract Tower,0,0,6,0,6,0,0,208,0,208,0,0,214,0,214,643,0,643,857
09/28/2005,TIX,FL,ASO,ES,Federal Contract Tower,0,0,12,0,12,0,25,162,0,187,0,25,174,0,199,479,0,479,678
09/29/2005,TIX,FL,ASO,ES,Federal Contract Tower,0,0,19,0,19,0,2,219,0,221,0,2,238,0,240,706,0,706,946
09/30/2005,TIX,FL,ASO,ES,Federal Contract Tower,0,0,19,0,19,0,8,223,0,231,0,8,242,0,250,567,0,567,817
10/01/2005,TIX,FL,ASO,ES,Federal Contract Tower,0,0,16,0,16,0,0,151,0,151,0,0,167,0,167,357,0,357,524
10/02/2005,TIX,FL,ASO,ES,Federal Contract Tower,0,0,9,0,9,0,0,89,0,89,0,0,98,0,98,301,0,301,399
10/03/2005,TIX,FL,ASO,ES,Federal Contract Tower,0,0,11,0,11,0,0,164,0,164,0,0,175,0,175,632,0,632,807
10/04/2005,TIX,FL,ASO,ES,Federal Contract Tower,0,0,18,0,18,0,0,77,0,77,0,0,95,0,95,348,0,348,443
10/05/2005,TIX,FL,ASO,ES,Federal Contract Tower,0,0,12,0,12,0,0,95,0,95,0,0,107,0,107,505,0,505,612
10/06/2005,TIX,FL,ASO,ES,Federal Contract Tower,0,0,19,0,19,0,2,143,0,145,0,2,162,0,164,538,0,538,702
10/07/2005,TIX,FL,ASO,ES,Federal Contract Tower,0,0,27,0,27,0,0,117,0,117,0,0,144,0,144,543,0,543,687
10/08/2005,TIX,FL,ASO,ES,Federal Contract Tower,0,0,39,0,39,0,4,128,0,132,0,4,167,0,171,280,0,280,451
10/09/2005,TIX,FL,ASO,ES,Federal Contract Tower,0,0,14,0,14,0,0,80,0,80,0,0,94,0,94,324,0,324,418
10/10/2005,TIX,FL,ASO,ES,Federal Contract Tower,0,0,24,0,24,0,0,201,0,201,0,0,225,0,225,479,0,479,704
10/11/2005,TIX,FL,ASO,ES,Federal Contract Tower,0,0,19,0,19,0,0,104,0,104,0,0,123,0,123,479,0,479,602
10/12/2005,TIX,FL,ASO,ES,Federal Contract Tower,0,0,25,0,25,0,0,180,0,180,0,0,205,0,205,566,0,566,771
10/13/2005,TIX,FL,ASO,ES,Federal Contract Tower,0,1,40,0,41,0,0,54,0,54,0,1,94,0,95,379,0,379,474
10/14/2005,TIX,FL,ASO,ES,Federal Contract Tower,0,0,19,0,19,0,0,159,0,159,0,0,178,0,178,561,0,561,739
10/15/2005,TIX,FL,ASO,ES,Federal Contract Tower,0,0,15,0,15,0,0,254,0,254,0,0,269,0,269,531,0,531,800
10/16/2005,TIX,FL,ASO,ES,Federal Contract Tower,0,0,12,0,12,0,0,151,0,151,0,0,163,0,163,351,0,351,514
10/17/2005,TIX,FL,ASO,ES,Federal Contract Tower,0,0,13,0,13,0,0,234,0,234,0,0,247,0,247,619,0,619,866
10/18/2005,TIX,FL,ASO,ES,Federal Contract Tower,0,0,20,0,20,0,0,234,0,234,0,0,254,0,254,648,0,648,902
10/19/2005,TIX,FL,ASO,ES,Federal Contract Tower,0,0,40,4,44,0,1,194,0,195,0,1,234,4,239,674,0,674,913
10/20/2005,TIX,FL,ASO,ES,Federal Contract Tower,0,0,12,0,12,0,4,225,0,229,0,4,237,0,241,858,0,858,1099
10/21/2005,TIX,FL,ASO,ES,Federal Contract Tower,0,0,27,0,27,0,2,142,0,144,0,2,169,0,171,486,0,486,657
10/22/2005,TIX,FL,ASO,ES,Federal Contract Tower,0,0,7,0,7,0,4,161,2,167,0,4,168,2,174,406,0,406,580
10/23/2005,TIX,FL,ASO,ES,Federal Contract Tower,0,0,2,0,2,0,0,32,0,32,0,0,34,0,34,44,0,44,78
10/24/2005,TIX,FL,ASO,ES,Federal Contract Tower,0,0,0,0,0,0,0,9,0,9,0,0,9,0,9,0,0,0,9
10/25/2005,TIX,FL,ASO,ES,Federal Contract Tower,0,2,7,0,9,0,4,187,6,197,0,6,194,6,206,455,0,455,661
10/26/2005,TIX,FL,ASO,ES,Federal Contract Tower,0,0,12,0,12,0,1,240,0,241,0,1,252,0,253,559,0,559,812
10/27/2005,TIX,FL,ASO,ES,Federal Contract Tower,0,0,22,0,22,0,0,233,0,233,0,0,255,0,255,539,0,539,794
10/28/2005,TIX,FL,ASO,ES,Federal Contract Tower,0,0,19,0,19,0,0,167,2,169,0,0,186,2,188,553,0,553,741
10/29/2005,TIX,FL,ASO,ES,Federal Contract Tower,0,0,7,0,7,0,0,140,5,145,0,0,147,5,152,304,0,304,456
10/30/2005,TIX,FL,ASO,ES,Federal Contract Tower,0,0,15,0,15,0,0,84,0,84,0,0,99,0,99,139,0,139,238
10/31/2005,TIX,FL,ASO,ES,Federal Contract Tower,0,0,23,0,23,0,0,170,0,170,0,0,193,0,193,473,0,473,666
11/01/2005,TIX,FL,ASO,ES,Federal Contract Tower,0,0,31,0,31,0,0,136,0,136,0,0,167,0,167,349,0,349,516
11/02/2005,TIX,FL,ASO,ES,Federal Contract Tower,0,0,71,0,71,0,2,146,0,148,0,2,217,0,219,414,0,414,633
11/03/2005,TIX,FL,ASO,ES,Federal Contract Tower,0,0,14,0,14,0,19,235,0,254,0,19,249,0,268,556,0,556,824
11/04/2005,TIX,FL,ASO,ES,Federal Contract Tower,0,0,32,0,32,0,0,197,0,197,0,0,229,0,229,427,0,427,656
11/05/2005,TIX,FL,ASO,ES,Federal Contract Tower,0,0,11,0,11,0,2,217,0,219,0,2,228,0,230,498,0,498,728
11/06/2005,TIX,FL,ASO,ES,Federal Contract Tower,0,0,19,0,19,0,0,151,0,151,0,0,170,0,170,272,0,272,442
11/07/2005,TIX,FL,ASO,ES,Federal Contract Tower,0,0,22,0,22,0,0,207,0,207,0,0,229,0,229,482,0,482,711
11/08/2005,TIX,FL,ASO,ES,Federal Contract Tower,0,0,30,0,30,0,0,164,0,164,0,0,194,0,194,601,0,601,795
11/09/2005,TIX,FL,ASO,ES,Federal Contract Tower,0,0,20,0,20,0,0,194,2,196,0,0,214,2,216,446,0,446,662
11/10/2005,TIX,FL,ASO,ES,Federal Contract Tower,0,0,22,0,22,0,2,214,0,216,0,2,236,0,238,545,0,545,783
11/11/2005,TIX,FL,ASO,ES,Federal Contract Tower,0,0,21,0,21,0,0,217,1,218,0,0,238,1,239,507,0,507,746
11/12/2005,TIX,FL,ASO,ES,Federal Contract Tower,0,0,11,0,11,0,0,227,0,227,0,0,238,0,238,513,0,513,751
11/13/2005,TIX,FL,ASO,ES,Federal Contract Tower,0,0,28,0,28,0,0,162,0,162,0,0,190,0,190,244,0,244,434
11/14/2005,TIX,FL,ASO,ES,Federal Contract Tower,0,0,19,4,23,0,1,135,0,136,0,1,154,4,159,435,0,435,594
11/15/2005,TIX,FL,ASO,ES,Federal Contract Tower,0,0,10,0,10,0,0,197,0,197,0,0,207,0,207,481,0,481,688
11/16/2005,TIX,FL,ASO,ES,Federal Contract Tower,0,4,35,0,39,0,0,226,0,226,0,4,261,0,265,543,0,543,808
11/17/2005,TIX,FL,ASO,ES,Federal Contract Tower,0,2,33,0,35,0,0,150,0,150,0,2,183,0,185,318,0,318,503
11/18/2005,TIX,FL,ASO,ES,Federal Contract Tower,0,0,35,0,35,0,0,196,1,197,0,0,231,1,232,435,0,435,667
11/19/2005,TIX,FL,ASO,ES,Federal Contract Tower,0,3,26,0,29,0,0,187,0,187,0,3,213,0,216,402,0,402,618
11/20/2005,TIX,FL,ASO,ES,Federal Contract Tower,0,4,32,0,36,0,0,44,0,44,0,4,76,0,80,224,0,224,304
11/21/2005,TIX,FL,ASO,ES,Federal Contract Tower,0,0,26,0,26,0,2,101,0,103,0,2,127,0,129,366,0,366,495
11/22/2005,TIX,FL,ASO,ES,Federal Contract Tower,0,1,25,0,26,0,0,70,0,70,0,1,95,0,96,221,0,221,317
11/23/2005,TIX,FL,ASO,ES,Federal Contract Tower,0,4,29,0,33,0,0,241,0,241,0,4,270,0,274,411,0,411,685
11/24/2005,TIX,FL,ASO,ES,Federal Contract Tower,0,0,0,0,0,0,0,37,0,37,0,0,37,0,37,13,0,13,50
11/25/2005,TIX,FL,ASO,ES,Federal Contract Tower,0,6,26,0,32,0,0,208,0,208,0,6,234,0,240,414,0,414,654
11/26/2005,TIX,FL,ASO,ES,Federal Contract Tower,0,1,22,0,23,0,0,202,0,202,0,1,224,0,225,343,0,343,568
11/27/2005,TIX,FL,ASO,ES,Federal Contract Tower,0,5,15,0,20,0,0,178,0,178,0,5,193,0,198,225,0,225,423
11/28/2005,TIX,FL,ASO,ES,Federal Contract Tower,0,0,24,0,24,0,0,141,0,141,0,0,165,0,165,444,0,444,609
11/29/2005,TIX,FL,ASO,ES,Federal Contract Tower,0,0,15,0,15,0,0,110,0,110,0,0,125,0,125,515,0,515,640
11/30/2005,TIX,FL,ASO,ES,Federal Contract Tower,0,0,40,0,40,0,0,248,2,250,0,0,288,2,290,593,0,593,883
12/01/2005,TIX,FL,ASO,ES,Federal Contract Tower,0,0,31,0,31,0,0,242,0,242,0,0,273,0,273,711,0,711,984
12/02/2005,TIX,FL,ASO,ES,Federal Contract Tower,0,0,33,0,33,0,0,241,0,241,0,0,274,0,274,461,0,461,735
12/03/2005,TIX,FL,ASO,ES,Federal Contract Tower,0,0,23,0,23,0,0,185,0,185,0,0,208,0,208,422,0,422,630
12/04/2005,TIX,FL,ASO,ES,Federal Contract Tower,0,0,20,0,20,0,0,134,0,134,0,0,154,0,154,256,0,256,410
12/05/2005,TIX,FL,ASO,ES,Federal Contract Tower,0,2,17,0,19,0,0,168,0,168,0,2,185,0,187,410,0,410,597
12/06/2005,TIX,FL,ASO,ES,Federal Contract Tower,0,0,23,0,23,0,0,64,0,64,0,0,87,0,87,156,0,156,243
12/07/2005,TIX,FL,ASO,ES,Federal Contract Tower,0,0,23,0,23,0,0,210,0,210,0,0,233,0,233,383,0,383,616
12/08/2005,TIX,FL,ASO,ES,Federal Contract Tower,0,0,12,0,12,0,0,0,0,0,0,0,12,0,12,2,0,2,14
12/09/2005,TIX,FL,ASO,ES,Federal Contract Tower,0,1,38,0,39,0,0,35,0,35,0,1,73,0,74,197,0,197,271
12/10/2005,TIX,FL,ASO,ES,Federal Contract Tower,0,3,19,0,22,0,0,227,0,227,0,3,246,0,249,373,0,373,622
12/11/2005,TIX,FL,ASO,ES,Federal Contract Tower,0,0,30,0,30,0,0,79,0,79,0,0,109,0,109,221,0,221,330
12/12/2005,TIX,FL,ASO,ES,Federal Contract Tower,0,2,47,0,49,0,0,231,0,231,0,2,278,0,280,606,0,606,886
12/13/2005,TIX,FL,ASO,ES,Federal Contract Tower,0,0,40,0,40,0,0,229,0,229,0,0,269,0,269,494,0,494,763
12/14/2005,TIX,FL,ASO,ES,Federal Contract Tower,0,0,25,0,25,0,0,252,0,252,0,0,277,0,277,576,0,576,853
12/15/2005,TIX,FL,ASO,ES,Federal Contract Tower,0,0,7,3,10,0,3,167,0,170,0,3,174,3,180,482,0,482,662
12/16/2005,TIX,FL,ASO,ES,Federal Contract Tower,0,0,37,0,37,0,0,171,0,171,0,0,208,0,208,486,0,486,694
12/17/2005,TIX,FL,ASO,ES,Federal Contract Tower,0,1,29,0,30,0,0,31,0,31,0,1,60,0,61,160,0,160,221
12/18/2005,TIX,FL,ASO,ES,Federal Contract Tower,0,0,28,0,28,0,0,2,0,2,0,0,30,0,30,0,0,0,30
12/19/2005,TIX,FL,ASO,ES,Federal Contract Tower,0,0,15,0,15,0,0,33,0,33,0,0,48,0,48,100,0,100,148
12/20/2005,TIX,FL,ASO,ES,Federal Contract Tower,0,0,15,0,15,0,0,169,0,169,0,0,184,0,184,448,0,448,632
12/21/2005,TIX,FL,ASO,ES,Federal Contract Tower,0,0,24,0,24,0,0,234,0,234,0,0,258,0,258,459,0,459,717
12/22/2005,TIX,FL,ASO,ES,Federal Contract Tower,0,0,17,0,17,0,0,158,0,158,0,0,175,0,175,310,0,310,485
12/23/2005,TIX,FL,ASO,ES,Federal Contract Tower,0,0,17,0,17,0,4,150,0,154,0,4,167,0,171,252,0,252,423
12/24/2005,TIX,FL,ASO,ES,Federal Contract Tower,0,0,4,0,4,0,0,141,0,141,0,0,145,0,145,132,0,132,277
12/25/2005,TIX,FL,ASO,ES,Federal Contract Tower,0,2,1,0,3,0,0,11,0,11,0,2,12,0,14,0,0,0,14
12/26/2005,TIX,FL,ASO,ES,Federal Contract Tower,0,0,6,0,6,0,0,42,0,42,0,0,48,0,48,112,0,112,160
12/27/2005,TIX,FL,ASO,ES,Federal Contract Tower,0,0,14,0,14,0,0,147,0,147,0,0,161,0,161,314,0,314,475
12/28/2005,TIX,FL,ASO,ES,Federal Contract Tower,0,0,18,0,18,0,0,192,0,192,0,0,210,0,210,398,0,398,608
12/29/2005,TIX,FL,ASO,ES,Federal Contract Tower,0,0,13,0,13,0,0,114,0,114,0,0,127,0,127,273,0,273,400
12/30/2005,TIX,FL,ASO,ES,Federal Contract Tower,0,0,18,0,18,0,0,157,0,157,0,0,175,0,175,326,0,326,501
12/31/2005,TIX,FL,ASO,ES,Federal Contract Tower,0,0,25,0,25,0,0,122,0,122,0,0,147,0,147,242,0,242,389
01/01/2006,TIX,FL,ASO,ES,Federal Contract Tower,0,0,12,0,12,0,0,55,0,55,0,0,67,0,67,20,0,20,87
01/02/2006,TIX,FL,ASO,ES,Federal Contract Tower,0,0,17,0,17,0,0,116,0,116,0,0,133,0,133,302,0,302,435
01/03/2006,TIX,FL,ASO,ES,Federal Contract Tower,0,6,20,0,26,0,4,73,0,77,0,10,93,0,103,137,0,137,240
01/04/2006,TIX,FL,ASO,ES,Federal Contract Tower,0,2,26,0,28,0,0,218,0,218,0,2,244,0,246,479,0,479,725
01/05/2006,TIX,FL,ASO,ES,Federal Contract Tower,0,0,12,2,14,0,0,194,0,194,0,0,206,2,208,486,0,486,694
01/06/2006,TIX,FL,ASO,ES,Federal Contract Tower,0,0,36,0,36,0,0,144,0,144,0,0,180,0,180,296,0,296,476
01/07/2006,TIX,FL,ASO,ES,Federal Contract Tower,0,1,16,0,17,0,0,200,0,200,0,1,216,0,217,452,0,452,669
01/08/2006,TIX,FL,ASO,ES,Federal Contract Tower,0,0,16,0,16,0,0,117,0,117,0,0,133,0,133,311,0,311,444
01/09/2006,TIX,FL,ASO,ES,Federal Contract Tower,0,0,6,0,6,0,0,220,0,220,0,0,226,0,226,460,0,460,686
01/10/2006,TIX,FL,ASO,ES,Federal Contract Tower,0,0,23,0,23,0,0,171,0,171,0,0,194,0,194,534,0,534,728
01/11/2006,TIX,FL,ASO,ES,Federal Contract Tower,0,0,4,0,4,0,0,326,2,328,0,0,330,2,332,593,0,593,925
01/12/2006,TIX,FL,ASO,ES,Federal Contract Tower,0,3,16,0,19,0,0,256,0,256,0,3,272,0,275,515,0,515,790
01/13/2006,TIX,FL,ASO,ES,Federal Contract Tower,0,0,20,0,20,0,2,168,0,170,0,2,188,0,190,364,0,364,554
01/14/2006,TIX,FL,ASO,ES,Federal Contract Tower,0,2,4,0,6,0,7,36,0,43,0,9,40,0,49,72,0,72,121
01/15/2006,TIX,FL,ASO,ES,Federal Contract Tower,0,0,7,0,7,0,0,202,4,206,0,0,209,4,213,360,0,360,573
01/16/2006,TIX,FL,ASO,ES,Federal Contract Tower,0,0,23,0,23,0,0,187,0,187,0,0,210,0,210,582,0,582,792
01/17/2006,TIX,FL,ASO,ES,Federal Contract Tower,0,0,16,0,16,0,0,111,2,113,0,0,127,2,129,244,0,244,373
01/18/2006,TIX,FL,ASO,ES,Federal Contract Tower,0,0,19,0,19,0,8,175,0,183,0,8,194,0,202,428,0,428,630
01/19/2006,TIX,FL,ASO,ES,Federal Contract Tower,0,0,18,0,18,0,8,239,0,247,0,8,257,0,265,562,0,562,827
01/20/2006,TIX,FL,ASO,ES,Federal Contract Tower,0,2,15,0,17,0,2,202,0,204,0,4,217,0,221,498,0,498,719
01/21/2006,TIX,FL,ASO,ES,Federal Contract Tower,0,0,5,2,7,0,2,208,4,214,0,2,213,6,221,516,0,516,737
01/22/2006,TIX,FL,ASO,ES,Federal Contract Tower,0,0,12,0,12,0,0,144,0,144,0,0,156,0,156,345,0,345,501
01/23/2006,TIX,FL,ASO,ES,Federal Contract Tower,0,0,17,0,17,0,0,132,0,132,0,0,149,0,149,328,0,328,477
01/24/2006,TIX,FL,ASO,ES,Federal Contract Tower,0,0,25,0,25,0,0,170,0,170,0,0,195,0,195,660,0,660,855
01/25/2006,TIX,FL,ASO,ES,Federal Contract Tower,0,0,31,0,31,0,8,227,2,237,0,8,258,2,268,506,0,506,774
01/26/2006,TIX,FL,ASO,ES,Federal Contract Tower,0,0,11,0,11,0,2,238,0,240,0,2,249,0,251,589,0,589,840
01/27/2006,TIX,FL,ASO,ES,Federal Contract Tower,0,0,22,0,22,0,0,218,2,220,0,0,240,2,242,400,0,400,642
01/28/2006,TIX,FL,ASO,ES,Federal Contract Tower,0,0,24,0,24,0,12,203,0,215,0,12,227,0,239,450,0,450,689
01/29/2006,TIX,FL,ASO,ES,Federal Contract Tower,0,0,9,0,9,0,0,162,0,162,0,0,171,0,171,0,365,365,536
01/30/2006,TIX,FL,ASO,ES,Federal Contract Tower,0,0,42,0,42,0,0,85,0,85,0,0,127,0,127,246,0,246,373
01/31/2006,TIX,FL,ASO,ES,Federal Contract Tower,0,0,19,0,19,0,0,197,0,197,0,0,216,0,216,464,0,464,680
02/01/2006,TIX,FL,ASO,ES,Federal Contract Tower,0,0,12,0,12,0,4,233,0,237,0,4,245,0,249,423,0,423,672
02/02/2006,TIX,FL,ASO,ES,Federal Contract Tower,0,0,6,0,6,0,2,220,0,222,0,2,226,0,228,577,0,577,805
02/03/2006,TIX,FL,ASO,ES,Federal Contract Tower,0,0,0,0,0,0,0,26,0,26,0,0,26,0,26,66,0,66,92
02/04/2006,TIX,FL,ASO,ES,Federal Contract Tower,0,2,7,0,9,0,0,31,0,31,0,2,38,0,40,98,0,98,138
02/05/2006,TIX,FL,ASO,ES,Federal Contract Tower,0,2,9,0,11,0,2,134,0,136,0,4,143,0,147,317,0,317,464
02/06/2006,TIX,FL,ASO,ES,Federal Contract Tower,0,0,11,0,11,0,0,204,2,206,0,0,215,2,217,659,0,659,876
02/07/2006,TIX,FL,ASO,ES,Federal Contract Tower,0,0,23,0,23,0,0,177,0,177,0,0,200,0,200,575,0,575,775
02/08/2006,TIX,FL,ASO,ES,Federal Contract Tower,0,0,19,0,19,0,0,265,0,265,0,0,284,0,284,641,0,641,925
02/09/2006,TIX,FL,ASO,ES,Federal Contract Tower,0,2,22,0,24,0,0,204,2,206,0,2,226,2,230,531,0,531,761
02/10/2006,TIX,FL,ASO,ES,Federal Contract Tower,0,0,16,0,16,0,5,198,4,207,0,5,214,4,223,503,0,503,726
02/11/2006,TIX,FL,ASO,ES,Federal Contract Tower,0,1,6,0,7,0,4,67,0,71,0,5,73,0,78,172,0,172,250
02/12/2006,TIX,FL,ASO,ES,Federal Contract Tower,0,0,8,0,8,0,0,72,0,72,0,0,80,0,80,111,0,111,191
02/13/2006,TIX,FL,ASO,ES,Federal Contract Tower,0,0,6,0,6,0,2,174,0,176,0,2,180,0,182,398,0,398,580
02/14/2006,TIX,FL,ASO,ES,Federal Contract Tower,0,0,12,0,12,0,0,209,0,209,0,0,221,0,221,487,0,487,708
02/15/2006,TIX,FL,ASO,ES,Federal Contract Tower,0,0,19,0,19,0,10,279,0,289,0,10,298,0,308,616,0,616,924
02/16/2006,TIX,FL,ASO,ES,Federal Contract Tower,0,0,21,0,21,0,6,246,0,252,0,6,267,0,273,504,0,504,777
02/17/2006,TIX,FL,ASO,ES,Federal Contract Tower,0,0,19,0,19,0,0,206,0,206,0,0,225,0,225,537,0,537,762
02/18/2006,TIX,FL,ASO,ES,Federal Contract Tower,0,0,11,0,11,0,0,0,0,0,0,0,11,0,11,235,0,235,246
02/19/2006,TIX,FL,ASO,ES,Federal Contract Tower,0,4,41,0,45,0,0,41,0,41,0,4,82,0,86,212,0,212,298
02/20/2006,TIX,FL,ASO,ES,Federal Contract Tower,0,0,21,0,21,0,0,125,0,125,0,0,146,0,146,296,0,296,442
02/21/2006,TIX,FL,ASO,ES,Federal Contract Tower,0,0,22,0,22,0,0,159,0,159,0,0,181,0,181,289,0,289,470
02/22/2006,TIX,FL,ASO,ES,Federal Contract Tower,0,0,25,0,25,0,4,194,0,198,0,4,219,0,223,333,0,333,556
02/23/2006,TIX,FL,ASO,ES,Federal Contract Tower,0,0,2,0,2,0,0,0,199,199,0,0,2,199,201,538,0,538,739
02/24/2006,TIX,FL,ASO,ES,Federal Contract Tower,0,0,22,0,22,0,0,158,0,158,0,0,180,0,180,489,0,489,669
02/25/2006,TIX,FL,ASO,ES,Federal Contract Tower,0,0,11,0,11,0,0,92,0,92,0,0,103,0,103,286,0,286,389
02/26/2006,TIX,FL,ASO,ES,Federal Contract Tower,0,0,38,0,38,0,0,14,0,14,0,0,52,0,52,5,0,5,57
02/27/2006,TIX,FL,ASO,ES,Federal Contract Tower,0,0,33,0,33,0,1,241,0,242,0,1,274,0,275,504,0,504,779
02/28/2006,TIX,FL,ASO,ES,Federal Contract Tower,0,4,24,0,28,0,0,214,0,214,0,4,238,0,242,525,0,525,767
03/01/2006,TIX,FL,ASO,ES,Federal Contract Tower,0,4,35,0,39,0,0,213,0,213,0,4,248,0,252,621,0,621,873
03/02/2006,TIX,FL,ASO,ES,Federal Contract Tower,0,3,22,0,25,0,0,251,0,251,0,3,273,0,276,475,0,475,751
03/03/2006,TIX,FL,ASO,ES,Federal Contract Tower,0,0,26,0,26,0,4,234,0,238,0,4,260,0,264,445,0,445,709
03/04/2006,TIX,FL,ASO,ES,Federal Contract Tower,0,0,11,0,11,0,0,146,0,146,0,0,157,0,157,255,0,255,412
03/05/2006,TIX,FL,ASO,ES,Federal Contract Tower,0,0,11,0,11,0,14,180,0,194,0,14,191,0,205,340,0,340,545
03/06/2006,TIX,FL,ASO,ES,Federal Contract Tower,0,0,14,0,14,0,0,184,0,184,0,0,198,0,198,394,0,394,592
03/07/2006,TIX,FL,ASO,ES,Federal Contract Tower,0,0,8,0,8,0,2,175,0,177,0,2,183,0,185,347,0,347,532
03/08/2006,TIX,FL,ASO,ES,Federal Contract Tower,0,0,26,0,26,0,16,302,2,320,0,16,328,2,346,296,0,296,642
03/09/2006,TIX,FL,ASO,ES,Federal Contract Tower,0,0,18,1,19,0,6,257,0,263,0,6,275,1,282,130,16,146,428
03/10/2006,TIX,FL,ASO,ES,Federal Contract Tower,0,0,12,0,12,0,3,113,4,120,0,3,125,4,132,78,0,78,210
03/11/2006,TIX,FL,ASO,ES,Federal Contract Tower,0,0,14,0,14,0,29,146,0,175,0,29,160,0,189,128,0,128,317
03/12/2006,TIX,FL,ASO,ES,Federal Contract Tower,0,0,15,0,15,0,86,122,2,210,0,86,137,2,225,46,0,46,271
03/13/2006,TIX,FL,ASO,ES,Federal Contract Tower,0,0,19,6,25,0,2,221,5,228,0,2,240,11,253,284,0,284,537
03/14/2006,TIX,FL,ASO,ES,Federal Contract Tower,0,0,20,0,20,0,0,202,0,202,0,0,222,0,222,514,0,514,736
03/15/2006,TIX,FL,ASO,ES,Federal Contract Tower,0,2,36,0,38,0,0,172,0,172,0,2,208,0,210,459,0,459,669
03/16/2006,TIX,FL,ASO,ES,Federal Contract Tower,0,6,12,2,20,0,12,220,0,232,0,18,232,2,252,584,0,584,836
03/17/2006,TIX,FL,ASO,ES,Federal Contract Tower,0,0,38,0,38,0,8,177,0,185,0,8,215,0,223,296,0,296,519
03/18/2006,TIX,FL,ASO,ES,Federal Contract Tower,0,3,15,0,18,0,11,210,0,221,0,14,225,0,239,254,0,254,493
03/19/2006,TIX,FL,ASO,ES,Federal Contract Tower,0,1,38,0,39,0,0,142,0,142,0,1,180,0,181,240,0,240,421
03/20/2006,TIX,FL,ASO,ES,Federal Contract Tower,0,0,17,0,17,0,0,201,0,201,0,0,218,0,218,398,0,398,616
03/21/2006,TIX,FL,ASO,ES,Federal Contract Tower,0,0,41,0,41,0,0,38,0,38,0,0,79,0,79,0,176,176,255
03/22/2006,TIX,FL,ASO,ES,Federal Contract Tower,0,0,37,0,37,0,10,309,1,320,0,10,346,1,357,558,0,558,915
03/23/2006,TIX,FL,ASO,ES,Federal Contract Tower,0,0,22,2,24,0,12,158,2,172,0,12,180,4,196,606,0,606,802
03/24/2006,TIX,FL,ASO,ES,Federal Contract Tower,0,1,28,0,29,0,0,116,0,116,0,1,144,0,145,260,0,260,405
03/25/2006,TIX,FL,ASO,ES,Federal Contract Tower,0,7,13,0,20,0,12,165,0,177,0,19,178,0,197,252,0,252,449
03/26/2006,TIX,FL,ASO,ES,Federal Contract Tower,0,1,17,0,18,0,1,114,0,115,0,2,131,0,133,229,0,229,362
03/27/2006,TIX,FL,ASO,ES,Federal Contract Tower,0,2,25,0,27,0,0,180,0,180,0,2,205,0,207,406,0,406,613
03/28/2006,TIX,FL,ASO,ES,Federal Contract Tower,0,0,20,0,20,0,0,249,0,249,0,0,269,0,269,403,0,403,672
03/29/2006,TIX,FL,ASO,ES,Federal Contract Tower,0,0,20,0,20,0,3,232,0,235,0,3,252,0,255,324,0,324,579
03/30/2006,TIX,FL,ASO,ES,Federal Contract Tower,0,0,11,0,11,0,0,245,0,245,0,0,256,0,256,573,0,573,829
03/31/2006,TIX,FL,ASO,ES,Federal Contract Tower,0,0,28,0,28,0,9,157,0,166,0,9,185,0,194,334,0,334,528
04/01/2006,TIX,FL,ASO,ES,Federal Contract Tower,0,0,16,0,16,0,4,182,0,186,0,4,198,0,202,473,0,473,675
04/02/2006,TIX,FL,ASO,ES,Federal Contract Tower,0,0,16,0,16,0,0,132,0,132,0,0,148,0,148,149,0,149,297
04/03/2006,TIX,FL,ASO,ES,Federal Contract Tower,0,4,23,0,27,0,0,152,0,152,0,4,175,0,179,380,0,380,559
04/04/2006,TIX,FL,ASO,ES,Federal Contract Tower,0,0,34,0,34,0,2,168,0,170,0,2,202,0,204,335,0,335,539
04/05/2006,TIX,FL,ASO,ES,Federal Contract Tower,0,1,27,0,28,0,19,239,0,258,0,20,266,0,286,503,0,503,789
04/06/2006,TIX,FL,ASO,ES,Federal Contract Tower,0,0,21,0,21,0,1,182,0,183,0,1,203,0,204,397,0,397,601
04/07/2006,TIX,FL,ASO,ES,Federal Contract Tower,0,0,30,0,30,0,0,177,16,193,0,0,207,16,223,479,0,479,702
04/08/2006,TIX,FL,ASO,ES,Federal Contract Tower,0,1,7,0,8,0,0,83,0,83,0,1,90,0,91,125,0,125,216
04/09/2006,TIX,FL,ASO,ES,Federal Contract Tower,0,0,35,0,35,0,2,47,1,50,0,2,82,1,85,108,0,108,193
04/10/2006,TIX,FL,ASO,ES,Federal Contract Tower,0,0,23,0,23,0,1,154,0,155,0,1,177,0,178,366,0,366,544
04/11/2006,TIX,FL,ASO,ES,Federal Contract Tower,0,0,20,0,20,0,0,114,0,114,0,0,134,0,134,421,0,421,555
04/12/2006,TIX,FL,ASO,ES,Federal Contract Tower,0,0,28,0,28,0,6,182,0,188,0,6,210,0,216,434,0,434,650
04/13/2006,TIX,FL,ASO,ES,Federal Contract Tower,0,0,37,0,37,0,10,179,0,189,0,10,216,0,226,394,0,394,620
04/14/2006,TIX,FL,ASO,ES,Federal Contract Tower,0,0,14,0,14,0,20,199,0,219,0,20,213,0,233,325,0,325,558
04/15/2006,TIX,FL,ASO,ES,Federal Contract Tower,0,3,16,0,19,0,5,178,0,183,0,8,194,0,202,331,0,331,533
04/16/2006,TIX,FL,ASO,ES,Federal Contract Tower,0,0,10,0,10,0,2,93,0,95,0,2,103,0,105,159,0,159,264
04/17/2006,TIX,FL,ASO,ES,Federal Contract Tower,0,2,16,0,18,0,1,98,0,99,0,3,114,0,117,179,0,179,296
04/18/2006,TIX,FL,ASO,ES,Federal Contract Tower,0,0,34,0,34,0,0,182,3,185,0,0,216,3,219,443,0,443,662
04/19/2006,TIX,FL,ASO,ES,Federal Contract Tower,0,2,35,0,37,0,12,230,0,242,0,14,265,0,279,439,0,439,718
04/20/2006,TIX,FL,ASO,ES,Federal Contract Tower,0,0,15,0,15,0,10,275,2,287,0,10,290,2,302,432,0,432,734
04/21/2006,TIX,FL,ASO,ES,Federal Contract Tower,0,0,22,0,22,0,0,197,2,199,0,0,219,2,221,390,0,390,611
04/22/2006,TIX,FL,ASO,ES,Federal Contract Tower,0,5,20,0,25,0,12,105,0,117,0,17,125,0,142,136,0,136,278
04/23/2006,TIX,FL,ASO,ES,Federal Contract Tower,0,1,39,0,40,0,1,113,1,115,0,2,152,1,155,303,0,303,458
04/24/2006,TIX,FL,ASO,ES,Federal Contract Tower,0,0,32,0,32,0,0,173,0,173,0,0,205,0,205,269,0,269,474
04/25/2006,TIX,FL,ASO,ES,Federal Contract Tower,0,0,19,0,19,0,0,221,0,221,0,0,240,0,240,455,0,455,695
04/26/2006,TIX,FL,ASO,ES,Federal Contract Tower,0,0,19,0,19,0,0,317,0,317,0,0,336,0,336,542,0,542,878
04/27/2006,TIX,FL,ASO,ES,Federal Contract Tower,0,2,29,0,31,0,1,177,2,180,0,3,206,2,211,435,0,435,646
04/28/2006,TIX,FL,ASO,ES,Federal Contract Tower,0,0,24,0,24,0,0,248,0,248,0,0,272,0,272,438,0,438,710
04/29/2006,TIX,FL,ASO,ES,Federal Contract Tower,0,0,13,0,13,0,0,112,0,112,0,0,125,0,125,173,0,173,298
04/30/2006,TIX,FL,ASO,ES,Federal Contract Tower,2,1,8,0,11,0,0,141,0,141,2,1,149,0,152,249,0,249,401
05/01/2006,TIX,FL,ASO,ES,Federal Contract Tower,0,0,23,0,23,0,0,179,0,179,0,0,202,0,202,437,0,437,639
05/02/2006,TIX,FL,ASO,ES,Federal Contract Tower,0,0,22,0,22,0,0,249,0,249,0,0,271,0,271,478,0,478,749
05/03/2006,TIX,FL,ASO,ES,Federal Contract Tower,0,0,16,0,16,0,6,208,0,214,0,6,224,0,230,560,0,560,790
05/04/2006,TIX,FL,ASO,ES,Federal Contract Tower,0,0,9,0,9,0,4,175,0,179,0,4,184,0,188,602,0,602,790
05/05/2006,TIX,FL,ASO,ES,Federal Contract Tower,0,0,12,0,12,0,4,134,0,138,0,4,146,0,150,284,0,284,434
05/06/2006,TIX,FL,ASO,ES,Federal Contract Tower,0,0,6,0,6,0,13,166,0,179,0,13,172,0,185,275,0,275,460
05/07/2006,TIX,FL,ASO,ES,Federal Contract Tower,0,0,16,0,16,0,0,74,0,74,0,0,90,0,90,203,0,203,293
05/08/2006,TIX,FL,ASO,ES,Federal Contract Tower,0,0,21,0,21,0,0,83,0,83,0,0,104,0,104,383,0,383,487
05/09/2006,TIX,FL,ASO,ES,Federal Contract Tower,0,0,19,0,19,0,2,75,2,79,0,2,94,2,98,540,0,540,638
05/10/2006,TIX,FL,ASO,ES,Federal Contract Tower,0,0,11,0,11,0,0,145,3,148,0,0,156,3,159,536,0,536,695
05/11/2006,TIX,FL,ASO,ES,Federal Contract Tower,0,0,25,0,25,0,0,105,2,107,0,0,130,2,132,366,0,366,498
05/12/2006,TIX,FL,ASO,ES,Federal Contract Tower,0,0,28,0,28,0,0,227,0,227,0,0,255,0,255,439,0,439,694
05/13/2006,TIX,FL,ASO,ES,Federal Contract Tower,0,0,20,0,20,0,2,236,0,238,0,2,256,0,258,310,0,310,568
05/14/2006,TIX,FL,ASO,ES,Federal Contract Tower,0,0,16,0,16,0,0,145,0,145,0,0,161,0,161,114,0,114,275
05/15/2006,TIX,FL,ASO,ES,Federal Contract Tower,0,0,15,0,15,0,0,157,2,159,0,0,172,2,174,257,0,257,431
05/16/2006,TIX,FL,ASO,ES,Federal Contract Tower,0,0,30,0,30,0,0,32,0,32,0,0,62,0,62,99,0,99,161
05/17/2006,TIX,FL,ASO,ES,Federal Contract Tower,0,0,30,0,30,0,0,257,0,257,0,0,287,0,287,523,0,523,810
05/18/2006,TIX,FL,ASO,ES,Federal Contract Tower,0,0,39,0,39,0,0,226,6,232,0,0,265,6,271,253,0,253,524
05/19/2006,TIX,FL,ASO,ES,Federal Contract Tower,0,0,41,0,41,0,0,204,2,206,0,0,245,2,247,388,0,388,635
05/20/2006,TIX,FL,ASO,ES,Federal Contract Tower,0,0,7,0,7,0,0,221,0,221,0,0,228,0,228,375,0,375,603
05/21/2006,TIX,FL,ASO,ES,Federal Contract Tower,0,0,14,0,14,0,0,149,0,149,0,0,163,0,163,364,0,364,527
05/22/2006,TIX,FL,ASO,ES,Federal Contract Tower,0,0,19,0,19,0,0,187,0,187,0,0,206,0,206,396,0,396,602
05/23/2006,TIX,FL,ASO,ES,Federal Contract Tower,0,0,20,0,20,0,0,177,0,177,0,0,197,0,197,344,0,344,541
05/24/2006,TIX,FL,ASO,ES,Federal Contract Tower,0,0,16,0,16,0,0,217,0,217,0,0,233,0,233,441,0,441,674
05/25/2006,TIX,FL,ASO,ES,Federal Contract Tower,0,0,9,0,9,0,0,195,2,197,0,0,204,2,206,413,0,413,619
05/26/2006,TIX,FL,ASO,ES,Federal Contract Tower,0,0,8,0,8,0,0,158,0,158,0,0,166,0,166,285,0,285,451
05/27/2006,TIX,FL,ASO,ES,Federal Contract Tower,0,0,12,0,12,0,0,168,0,168,0,0,180,0,180,222,0,222,402
05/28/2006,TIX,FL,ASO,ES,Federal Contract Tower,0,2,8,0,10,0,0,104,0,104,0,2,112,0,114,197,0,197,311
05/29/2006,TIX,FL,ASO,ES,Federal Contract Tower,0,0,19,0,19,0,0,115,0,115,0,0,134,0,134,389,0,389,523
05/30/2006,TIX,FL,ASO,ES,Federal Contract Tower,0,0,18,0,18,0,1,196,2,199,0,1,214,2,217,393,0,393,610
05/31/2006,TIX,FL,ASO,ES,Federal Contract Tower,0,0,20,0,20,0,0,209,0,209,0,0,229,0,229,426,0,426,655
06/01/2006,TIX,FL,ASO,ES,Federal Contract Tower,0,0,25,8,33,0,0,169,3,172,0,0,194,11,205,338,4,342,547
06/02/2006,TIX,FL,ASO,ES,Federal Contract Tower,0,0,14,0,14,0,1,170,4,175,0,1,184,4,189,370,0,370,559
06/03/2006,TIX,FL,ASO,ES,Federal Contract Tower,0,1,14,0,15,0,1,173,0,174,0,2,187,0,189,236,0,236,425
06/04/2006,TIX,FL,ASO,ES,Federal Contract Tower,0,1,5,0,6,0,0,124,0,124,0,1,129,0,130,130,0,130,260
06/05/2006,TIX,FL,ASO,ES,Federal Contract Tower,0,0,28,0,28,0,0,129,0,129,0,0,157,0,157,260,0,260,417
06/06/2006,TIX,FL,ASO,ES,Federal Contract Tower,0,0,8,0,8,0,0,156,0,156,0,0,164,0,164,280,0,280,444
06/07/2006,TIX,FL,ASO,ES,Federal Contract Tower,0,0,1,0,1,0,0,191,0,191,0,0,192,0,192,333,0,333,525
06/08/2006,TIX,FL,ASO,ES,Federal Contract Tower,0,0,14,0,14,0,0,201,0,201,0,0,215,0,215,395,0,395,610
06/09/2006,TIX,FL,ASO,ES,Federal Contract Tower,0,0,10,0,10,0,0,181,0,181,0,0,191,0,191,411,0,411,602
06/10/2006,TIX,FL,ASO,ES,Federal Contract Tower,0,0,6,0,6,0,0,153,0,153,0,0,159,0,159,190,0,190,349
06/11/2006,TIX,FL,ASO,ES,Federal Contract Tower,0,2,4,0,6,0,0,69,0,69,0,2,73,0,75,114,0,114,189
06/12/2006,TIX,FL,ASO,ES,Federal Contract Tower,0,0,8,0,8,0,0,27,0,27,0,0,35,0,35,130,0,130,165
06/13/2006,TIX,FL,ASO,ES,Federal Contract Tower,0,0,2,0,2,0,0,36,0,36,0,0,38,0,38,59,0,59,97
06/14/2006,TIX,FL,ASO,ES,Federal Contract Tower,0,0,7,0,7,0,0,132,0,132,0,0,139,0,139,266,0,266,405
06/15/2006,TIX,FL,ASO,ES,Federal Contract Tower,0,2,11,0,13,0,0,197,1,198,0,2,208,1,211,484,0,484,695
06/16/2006,TIX,FL,ASO,ES,Federal Contract Tower,0,0,5,0,5,0,0,239,0,239,0,0,244,0,244,339,0,339,583
06/17/2006,TIX,FL,ASO,ES,Federal Contract Tower,0,1,14,0,15,0,3,161,0,164,0,4,175,0,179,221,0,221,400
06/18/2006,TIX,FL,ASO,ES,Federal Contract Tower,0,0,9,0,9,0,0,38,0,38,0,0,47,0,47,109,0,109,156
06/19/2006,TIX,FL,ASO,ES,Federal Contract Tower,0,0,8,0,8,0,0,196,0,196,0,0,204,0,204,255,0,255,459
06/20/2006,TIX,FL,ASO,ES,Federal Contract Tower,0,0,19,0,19,0,5,199,0,204,0,5,218,0,223,477,0,477,700
06/21/2006,TIX,FL,ASO,ES,Federal Contract Tower,0,1,12,0,13,0,0,210,0,210,0,1,222,0,223,411,0,411,634
06/22/2006,TIX,FL,ASO,ES,Federal Contract Tower,0,0,14,0,14,0,0,203,0,203,0,0,217,0,217,368,0,368,585
06/23/2006,TIX,FL,ASO,ES,Federal Contract Tower,0,0,8,0,8,0,0,143,0,143,0,0,151,0,151,343,0,343,494
06/24/2006,TIX,FL,ASO,ES,Federal Contract Tower,0,4,16,0,20,0,0,121,0,121,0,4,137,0,141,160,0,160,301
06/25/2006,TIX,FL,ASO,ES,Federal Contract Tower,0,0,11,0,11,0,0,78,0,78,0,0,89,0,89,273,0,273,362
06/26/2006,TIX,FL,ASO,ES,Federal Contract Tower,0,0,7,0,7,0,0,43,0,43,0,0,50,0,50,178,0,178,228
06/27/2006,TIX,FL,ASO,ES,Federal Contract Tower,0,1,6,0,7,0,0,155,0,155,0,1,161,0,162,304,0,304,466
06/28/2006,TIX,FL,ASO,ES,Federal Contract Tower,0,0,14,0,14,0,0,199,0,199,0,0,213,0,213,409,0,409,622
06/29/2006,TIX,FL,ASO,ES,Federal Contract Tower,0,0,12,0,12,0,0,165,0,165,0,0,177,0,177,282,0,282,459
06/30/2006,TIX,FL,ASO,ES,Federal Contract Tower,0,0,19,0,19,0,0,0,0,0,0,0,19,0,19,194,0,194,213
07/01/2006,TIX,FL,ASO,ES,Federal Contract Tower,0,0,12,0,12,0,0,22,14,36,0,0,34,14,48,72,0,72,120
07/02/2006,TIX,FL,ASO,ES,Federal Contract Tower,0,0,8,0,8,0,0,18,9,27,0,0,26,9,35,24,0,24,59
07/03/2006,TIX,FL,ASO,ES,Federal Contract Tower,0,0,4,0,4,0,16,217,0,233,0,16,221,0,237,348,0,348,585
07/04/2006,TIX,FL,ASO,ES,Federal Contract Tower,0,0,6,0,6,0,0,77,0,77,0,0,83,0,83,4,0,4,87
07/05/2006,TIX,FL,ASO,ES,Federal Contract Tower,0,0,8,0,8,0,0,185,0,185,0,0,193,0,193,385,0,385,578
07/06/2006,TIX,FL,ASO,ES,Federal Contract Tower,0,2,17,0,19,0,8,155,2,165,0,10,172,2,184,288,0,288,472
07/07/2006,TIX,FL,ASO,ES,Federal Contract Tower,0,0,11,0,11,0,5,87,0,92,0,5,98,0,103,154,0,154,257
07/08/2006,TIX,FL,ASO,ES,Federal Contract Tower,0,0,11,0,11,0,0,166,0,166,0,0,177,0,177,320,0,320,497
07/09/2006,TIX,FL,ASO,ES,Federal Contract Tower,0,1,14,0,15,0,0,161,0,161,0,1,175,0,176,200,0,200,376
07/10/2006,TIX,FL,ASO,ES,Federal Contract Tower,0,0,17,0,17,0,0,174,0,174,0,0,191,0,191,202,0,202,393
07/11/2006,TIX,FL,ASO,ES,Federal Contract Tower,0,0,11,0,11,0,0,96,2,98,0,0,107,2,109,361,0,361,470
07/12/2006,TIX,FL,ASO,ES,Federal Contract Tower,0,0,11,0,11,0,4,160,0,164,0,4,171,0,175,389,0,389,564
07/13/2006,TIX,FL,ASO,ES,Federal Contract Tower,0,0,17,0,17,0,2,176,3,181,0,2,193,3,198,337,0,337,535
07/14/2006,TIX,FL,ASO,ES,Federal Contract Tower,0,0,15,0,15,0,0,181,0,181,0,0,196,0,196,285,0,285,481
07/15/2006,TIX,FL,ASO,ES,Federal Contract Tower,0,0,8,0,8,0,0,177,0,177,0,0,185,0,185,288,0,288,473
07/16/2006,TIX,FL,ASO,ES,Federal Contract Tower,0,4,11,0,15,0,0,120,0,120,0,4,131,0,135,218,0,218,353
07/17/2006,TIX,FL,ASO,ES,Federal Contract Tower,0,0,8,0,8,0,0,115,0,115,0,0,123,0,123,65,0,65,188
07/18/2006,TIX,FL,ASO,ES,Federal Contract Tower,0,0,8,0,8,0,0,164,4,168,0,0,172,4,176,257,0,257,433
07/19/2006,TIX,FL,ASO,ES,Federal Contract Tower,0,0,18,0,18,0,0,166,0,166,0,0,184,0,184,307,0,307,491
07/20/2006,TIX,FL,ASO,ES,Federal Contract Tower,0,0,10,0,10,0,0,116,0,116,0,0,126,0,126,275,0,275,401
07/21/2006,TIX,FL,ASO,ES,Federal Contract Tower,0,0,16,0,16,0,0,143,0,143,0,0,159,0,159,354,0,354,513
07/22/2006,TIX,FL,ASO,ES,Federal Contract Tower,0,0,31,0,31,0,0,92,0,92,0,0,123,0,123,332,0,332,455
07/23/2006,TIX,FL,ASO,ES,Federal Contract Tower,0,4,7,0,11,0,0,107,0,107,0,4,114,0,118,144,0,144,262
07/24/2006,TIX,FL,ASO,ES,Federal Contract Tower,0,0,8,0,8,0,0,161,0,161,0,0,169,0,169,208,0,208,377
07/25/2006,TIX,FL,ASO,ES,Federal Contract Tower,0,0,22,0,22,0,6,0,0,6,0,6,22,0,28,531,0,531,559
07/26/2006,TIX,FL,ASO,ES,Federal Contract Tower,0,0,27,0,27,0,10,178,0,188,0,10,205,0,215,394,0,394,609
07/27/2006,TIX,FL,ASO,ES,Federal Contract Tower,0,0,10,0,10,0,10,152,0,162,0,10,162,0,172,430,0,430,602
07/28/2006,TIX,FL,ASO,ES,Federal Contract Tower,0,0,7,0,7,0,0,100,4,104,0,0,107,4,111,387,0,387,498
07/29/2006,TIX,FL,ASO,ES,Federal Contract Tower,0,0,19,0,19,0,0,188,0,188,0,0,207,0,207,430,0,430,637
07/30/2006,TIX,FL,ASO,ES,Federal Contract Tower,0,0,14,0,14,0,0,118,0,118,0,0,132,0,132,174,0,174,306
07/31/2006,TIX,FL,ASO,ES,Federal Contract Tower,0,0,11,0,11,0,2,141,0,143,0,2,152,0,154,343,0,343,497
08/01/2006,TIX,FL,ASO,ES,Federal Contract Tower,0,0,10,0,10,0,0,133,0,133,0,0,143,0,143,478,0,478,621
08/02/2006,TIX,FL,ASO,ES,Federal Contract Tower,0,0,21,0,21,0,10,165,0,175,0,10,186,0,196,384,0,384,580
08/03/2006,TIX,FL,ASO,ES,Federal Contract Tower,0,0,15,0,15,0,0,204,0,204,0,0,219,0,219,424,0,424,643
08/04/2006,TIX,FL,ASO,ES,Federal Contract Tower,0,0,8,0,8,0,0,188,0,188,0,0,196,0,196,382,0,382,578
08/05/2006,TIX,FL,ASO,ES,Federal Contract Tower,0,2,14,0,16,0,0,162,0,162,0,2,176,0,178,315,0,315,493
08/06/2006,TIX,FL,ASO,ES,Federal Contract Tower,0,0,8,0,8,0,0,145,0,145,0,0,153,0,153,195,0,195,348
08/07/2006,TIX,FL,ASO,ES,Federal Contract Tower,0,0,5,0,5,0,0,121,0,121,0,0,126,0,126,301,0,301,427
08/08/2006,TIX,FL,ASO,ES,Federal Contract Tower,0,0,10,0,10,0,4,167,0,171,0,4,177,0,181,460,0,460,641
08/09/2006,TIX,FL,ASO,ES,Federal Contract Tower,0,0,19,0,19,0,0,194,0,194,0,0,213,0,213,340,0,340,553
08/10/2006,TIX,FL,ASO,ES,Federal Contract Tower,0,0,7,0,7,0,2,203,0,205,0,2,210,0,212,370,0,370,582
08/11/2006,TIX,FL,ASO,ES,Federal Contract Tower,0,0,24,0,24,0,0,176,0,176,0,0,200,0,200,368,0,368,568
08/12/2006,TIX,FL,ASO,ES,Federal Contract Tower,0,0,19,0,19,0,0,196,0,196,0,0,215,0,215,320,0,320,535
08/13/2006,TIX,FL,ASO,ES,Federal Contract Tower,0,0,3,0,3,0,0,68,0,68,0,0,71,0,71,143,0,143,214
08/14/2006,TIX,FL,ASO,ES,Federal Contract Tower,0,0,9,0,9,0,0,115,2,117,0,0,124,2,126,176,0,176,302
08/15/2006,TIX,FL,ASO,ES,Federal Contract Tower,0,0,22,0,22,0,0,183,0,183,0,0,205,0,205,407,0,407,612
08/16/2006,TIX,FL,ASO,ES,Federal Contract Tower,0,0,21,0,21,0,2,205,0,207,0,2,226,0,228,432,0,432,660
08/17/2006,TIX,FL,ASO,ES,Federal Contract Tower,0,0,12,0,12,0,0,144,0,144,0,0,156,0,156,345,0,345,501
08/18/2006,TIX,FL,ASO,ES,Federal Contract Tower,0,0,18,0,18,0,0,191,2,193,0,0,209,2,211,395,0,395,606
08/19/2006,TIX,FL,ASO,ES,Federal Contract Tower,0,0,5,0,5,0,0,165,0,165,0,0,170,0,170,264,0,264,434
08/20/2006,TIX,FL,ASO,ES,Federal Contract Tower,0,0,8,0,8,0,0,136,0,136,0,0,144,0,144,251,0,251,395
08/21/2006,TIX,FL,ASO,ES,Federal Contract Tower,0,0,15,0,15,0,0,131,2,133,0,0,146,2,148,462,0,462,610
08/22/2006,TIX,FL,ASO,ES,Federal Contract Tower,0,0,13,0,13,0,0,125,0,125,0,0,138,0,138,331,0,331,469
08/23/2006,TIX,FL,ASO,ES,Federal Contract Tower,0,0,15,0,15,0,0,225,2,227,0,0,240,2,242,318,0,318,560
08/24/2006,TIX,FL,ASO,ES,Federal Contract Tower,0,0,8,0,8,0,0,128,0,128,0,0,136,0,136,318,0,318,454
08/25/2006,TIX,FL,ASO,ES,Federal Contract Tower,0,1,28,0,29,0,0,119,3,122,0,1,147,3,151,312,0,312,463
08/26/2006,TIX,FL,ASO,ES,Federal Contract Tower,0,3,7,0,10,0,0,152,2,154,0,3,159,2,164,241,0,241,405
08/27/2006,TIX,FL,ASO,ES,Federal Contract Tower,0,3,5,0,8,0,0,91,0,91,0,3,96,0,99,230,0,230,329
08/28/2006,TIX,FL,ASO,ES,Federal Contract Tower,0,0,16,0,16,0,0,189,0,189,0,0,205,0,205,546,0,546,751
08/29/2006,TIX,FL,ASO,ES,Federal Contract Tower,0,0,15,0,15,0,0,187,2,189,0,0,202,2,204,443,0,443,647
08/30/2006,TIX,FL,ASO,ES,Federal Contract Tower,0,0,4,0,4,0,0,0,0,0,0,0,4,0,4,32,0,32,36
08/31/2006,TIX,FL,ASO,ES,Federal Contract Tower,0,0,14,0,14,0,0,147,2,149,0,0,161,2,163,333,0,333,496
09/01/2006,TIX,FL,ASO,ES,Federal Contract Tower,0,0,17,0,17,0,0,154,0,154,0,0,171,0,171,376,0,376,547
09/02/2006,TIX,FL,ASO,ES,Federal Contract Tower,0,0,12,0,12,0,0,89,0,89,0,0,101,0,101,204,0,204,305
09/03/2006,TIX,FL,ASO,ES,Federal Contract Tower,0,0,21,0,21,0,0,86,0,86,0,0,107,0,107,107,0,107,214
09/04/2006,TIX,FL,ASO,ES,Federal Contract Tower,0,0,11,0,11,0,0,156,0,156,0,0,167,0,167,408,0,408,575
09/05/2006,TIX,FL,ASO,ES,Federal Contract Tower,0,1,11,0,12,0,0,175,0,175,0,1,186,0,187,370,0,370,557
09/06/2006,TIX,FL,ASO,ES,Federal Contract Tower,0,1,24,0,25,0,0,110,0,110,0,1,134,0,135,320,0,320,455
09/07/2006,TIX,FL,ASO,ES,Federal Contract Tower,0,0,14,0,14,0,0,124,0,124,0,0,138,0,138,292,0,292,430
09/08/2006,TIX,FL,ASO,ES,Federal Contract Tower,0,0,3,0,3,0,0,93,0,93,0,0,96,0,96,158,0,158,254
09/09/2006,TIX,FL,ASO,ES,Federal Contract Tower,0,0,4,0,4,0,0,110,0,110,0,0,114,0,114,204,0,204,318
09/10/2006,TIX,FL,ASO,ES,Federal Contract Tower,0,0,12,0,12,0,0,92,0,92,0,0,104,0,104,252,0,252,356
09/11/2006,TIX,FL,ASO,ES,Federal Contract Tower,0,0,11,0,11,0,0,198,0,198,0,0,209,0,209,399,0,399,608
09/12/2006,TIX,FL,ASO,ES,Federal Contract Tower,0,0,8,0,8,0,0,169,0,169,0,0,177,0,177,519,0,519,696
09/13/2006,TIX,FL,ASO,ES,Federal Contract Tower,0,0,7,0,7,0,0,191,0,191,0,0,198,0,198,520,0,520,718
09/14/2006,TIX,FL,ASO,ES,Federal Contract Tower,0,0,10,0,10,0,0,125,0,125,0,0,135,0,135,361,0,361,496
09/15/2006,TIX,FL,ASO,ES,Federal Contract Tower,0,0,10,0,10,0,0,248,0,248,0,0,258,0,258,479,0,479,737
09/16/2006,TIX,FL,ASO,ES,Federal Contract Tower,0,0,3,0,3,0,0,217,0,217,0,0,220,0,220,345,0,345,565
09/17/2006,TIX,FL,ASO,ES,Federal Contract Tower,0,0,10,0,10,0,0,140,0,140,0,0,150,0,150,196,0,196,346
09/18/2006,TIX,FL,ASO,ES,Federal Contract Tower,0,0,12,0,12,0,0,173,0,173,0,0,185,0,185,345,0,345,530
09/19/2006,TIX,FL,ASO,ES,Federal Contract Tower,0,0,19,0,19,0,4,118,0,122,0,4,137,0,141,280,0,280,421
09/20/2006,TIX,FL,ASO,ES,Federal Contract Tower,0,0,56,0,56,0,0,170,0,170,0,0,226,0,226,443,0,443,669
09/21/2006,TIX,FL,ASO,ES,Federal Contract Tower,0,0,13,0,13,0,0,116,0,116,0,0,129,0,129,138,0,138,267
09/22/2006,TIX,FL,ASO,ES,Federal Contract Tower,0,0,10,0,10,0,0,0,0,0,0,0,10,0,10,527,0,527,537
09/23/2006,TIX,FL,ASO,ES,Federal Contract Tower,0,0,8,0,8,0,0,155,0,155,0,0,163,0,163,394,0,394,557
09/24/2006,TIX,FL,ASO,ES,Federal Contract Tower,0,0,4,0,4,0,0,103,4,107,0,0,107,4,111,250,0,250,361
09/25/2006,TIX,FL,ASO,ES,Federal Contract Tower,0,0,10,0,10,0,0,212,0,212,0,0,222,0,222,427,0,427,649
09/26/2006,TIX,FL,ASO,ES,Federal Contract Tower,0,0,14,0,14,0,0,98,0,98,0,0,112,0,112,150,0,150,262
09/27/2006,TIX,FL,ASO,ES,Federal Contract Tower,0,0,32,0,32,0,0,240,0,240,0,0,272,0,272,369,0,369,641
09/28/2006,TIX,FL,ASO,ES,Federal Contract Tower,0,0,26,2,28,0,0,217,4,221,0,0,243,6,249,470,0,470,719
09/29/2006,TIX,FL,ASO,ES,Federal Contract Tower,0,0,15,0,15,0,0,180,0,180,0,0,195,0,195,475,0,475,670
09/30/2006,TIX,FL,ASO,ES,Federal Contract Tower,0,0,10,0,10,0,0,191,0,191,0,0,201,0,201,338,0,338,539
10/01/2006,TIX,FL,ASO,ES,Federal Contract Tower,0,0,8,0,8,0,0,97,0,97,0,0,105,0,105,217,0,217,322
10/02/2006,TIX,FL,ASO,ES,Federal Contract Tower,0,0,19,0,19,0,0,169,2,171,0,0,188,2,190,323,0,323,513
10/03/2006,TIX,FL,ASO,ES,Federal Contract Tower,0,0,22,0,22,0,0,157,0,157,0,0,179,0,179,442,0,442,621
10/04/2006,TIX,FL,ASO,ES,Federal Contract Tower,0,0,16,0,16,0,0,213,0,213,0,0,229,0,229,429,0,429,658
10/05/2006,TIX,FL,ASO,ES,Federal Contract Tower,0,0,15,0,15,0,0,176,0,176,0,0,191,0,191,351,0,351,542
10/06/2006,TIX,FL,ASO,ES,Federal Contract Tower,0,0,13,0,13,0,0,232,0,232,0,0,245,0,245,442,0,442,687
10/07/2006,TIX,FL,ASO,ES,Federal Contract Tower,0,0,4,0,4,0,0,164,0,164,0,0,168,0,168,318,0,318,486
10/08/2006,TIX,FL,ASO,ES,Federal Contract Tower,0,0,9,0,9,0,0,126,0,126,0,0,135,0,135,162,0,162,297
10/09/2006,TIX,FL,ASO,ES,Federal Contract Tower,0,0,25,0,25,0,1,189,0,190,0,1,214,0,215,494,0,494,709
10/10/2006,TIX,FL,ASO,ES,Federal Contract Tower,0,0,18,0,18,0,0,218,0,218,0,0,236,0,236,399,0,399,635
10/11/2006,TIX,FL,ASO,ES,Federal Contract Tower,0,0,19,0,19,0,0,225,0,225,0,0,244,0,244,545,0,545,789
10/12/2006,TIX,FL,ASO,ES,Federal Contract Tower,0,0,17,0,17,0,0,215,0,215,0,0,232,0,232,439,0,439,671
10/13/2006,TIX,FL,ASO,ES,Federal Contract Tower,0,0,37,0,37,0,0,113,0,113,0,0,150,0,150,224,0,224,374
10/14/2006,TIX,FL,ASO,ES,Federal Contract Tower,0,0,7,0,7,0,0,176,0,176,0,0,183,0,183,124,0,124,307
10/15/2006,TIX,FL,ASO,ES,Federal Contract Tower,0,0,8,0,8,0,0,148,0,148,0,0,156,0,156,263,0,263,419
10/16/2006,TIX,FL,ASO,ES,Federal Contract Tower,0,0,18,0,18,0,0,197,2,199,0,0,215,2,217,396,0,396,613
10/17/2006,TIX,FL,ASO,ES,Federal Contract Tower,0,0,13,0,13,0,0,219,0,219,0,0,232,0,232,491,0,491,723
10/18/2006,TIX,FL,ASO,ES,Federal Contract Tower,0,0,18,0,18,0,0,286,0,286,0,0,304,0,304,418,0,418,722
10/19/2006,TIX,FL,ASO,ES,Federal Contract Tower,0,5,13,0,18,0,0,226,2,228,0,5,239,2,246,364,8,372,618
10/20/2006,TIX,FL,ASO,ES,Federal Contract Tower,0,0,20,0,20,0,0,217,0,217,0,0,237,0,237,515,7,522,759
10/21/2006,TIX,FL,ASO,ES,Federal Contract Tower,0,0,16,0,16,0,0,178,0,178,0,0,194,0,194,464,0,464,658
10/22/2006,TIX,FL,ASO,ES,Federal Contract Tower,0,0,13,0,13,0,0,123,0,123,0,0,136,0,136,286,0,286,422
10/23/2006,TIX,FL,ASO,ES,Federal Contract Tower,0,0,28,0,28,0,0,157,0,157,0,0,185,0,185,404,0,404,589
10/24/2006,TIX,FL,ASO,ES,Federal Contract Tower,0,0,17,0,17,0,0,169,0,169,0,0,186,0,186,326,0,326,512
10/25/2006,TIX,FL,ASO,ES,Federal Contract Tower,0,0,19,0,19,0,0,269,0,269,0,0,288,0,288,466,0,466,754
10/26/2006,TIX,FL,ASO,ES,Federal Contract Tower,0,0,17,0,17,0,4,235,2,241,0,4,252,2,258,540,0,540,798
10/27/2006,TIX,FL,ASO,ES,Federal Contract Tower,0,0,16,0,16,0,0,177,0,177,0,0,193,0,193,380,0,380,573
10/28/2006,TIX,FL,ASO,ES,Federal Contract Tower,0,0,17,0,17,0,4,55,0,59,0,4,72,0,76,174,0,174,250
10/29/2006,TIX,FL,ASO,ES,Federal Contract Tower,0,0,18,0,18,0,0,153,0,153,0,0,171,0,171,249,0,249,420
10/30/2006,TIX,FL,ASO,ES,Federal Contract Tower,0,0,26,0,26,0,0,206,0,206,0,0,232,0,232,383,0,383,615
10/31/2006,TIX,FL,ASO,ES,Federal Contract Tower,0,0,7,0,7,0,0,265,0,265,0,0,272,0,272,395,0,395,667
11/01/2006,TIX,FL,ASO,ES,Federal Contract Tower,0,0,31,0,31,0,0,27,0,27,0,0,58,0,58,61,0,61,119
11/02/2006,TIX,FL,ASO,ES,Federal Contract Tower,0,2,23,0,25,0,0,285,0,285,0,2,308,0,310,436,0,436,746
11/03/2006,TIX,FL,ASO,ES,Federal Contract Tower,0,0,23,0,23,0,0,98,0,98,0,0,121,0,121,108,0,108,229
11/04/2006,TIX,FL,ASO,ES,Federal Contract Tower,0,1,4,0,5,0,0,95,2,97,0,1,99,2,102,158,0,158,260
11/05/2006,TIX,FL,ASO,ES,Federal Contract Tower,0,2,16,0,18,0,0,142,0,142,0,2,158,0,160,242,0,242,402
11/06/2006,TIX,FL,ASO,ES,Federal Contract Tower,0,0,22,0,22,0,0,164,0,164,0,0,186,0,186,329,0,329,515
11/07/2006,TIX,FL,ASO,ES,Federal Contract Tower,0,3,10,0,13,0,0,152,0,152,0,3,162,0,165,223,0,223,388
11/08/2006,TIX,FL,ASO,ES,Federal Contract Tower,0,0,28,0,28,0,10,138,0,148,0,10,166,0,176,597,0,597,773
11/09/2006,TIX,FL,ASO,ES,Federal Contract Tower,0,0,21,0,21,0,0,250,0,250,0,0,271,0,271,335,0,335,606
11/10/2006,TIX,FL,ASO,ES,Federal Contract Tower,0,0,10,0,10,0,0,210,0,210,0,0,220,0,220,277,0,277,497
11/11/2006,TIX,FL,ASO,ES,Federal Contract Tower,0,0,12,0,12,0,0,155,0,155,0,0,167,0,167,322,0,322,489
11/12/2006,TIX,FL,ASO,ES,Federal Contract Tower,0,1,17,0,18,0,0,69,0,69,0,1,86,0,87,255,0,255,342
11/13/2006,TIX,FL,ASO,ES,Federal Contract Tower,0,0,21,0,21,0,0,185,0,185,0,0,206,0,206,380,0,380,586
11/14/2006,TIX,FL,ASO,ES,Federal Contract Tower,0,0,16,0,16,0,0,235,0,235,0,0,251,0,251,412,0,412,663
11/15/2006,TIX,FL,ASO,ES,Federal Contract Tower,0,0,19,0,19,0,0,232,0,232,0,0,251,0,251,390,0,390,641
11/16/2006,TIX,FL,ASO,ES,Federal Contract Tower,0,0,13,0,13,0,0,64,0,64,0,0,77,0,77,180,0,180,257
11/17/2006,TIX,FL,ASO,ES,Federal Contract Tower,0,0,31,0,31,0,0,269,0,269,0,0,300,0,300,398,0,398,698
11/18/2006,TIX,FL,ASO,ES,Federal Contract Tower,0,1,11,0,12,0,0,199,0,199,0,1,210,0,211,264,0,264,475
11/19/2006,TIX,FL,ASO,ES,Federal Contract Tower,0,0,10,0,10,0,0,146,0,146,0,0,156,0,156,162,0,162,318
11/20/2006,TIX,FL,ASO,ES,Federal Contract Tower,0,0,22,0,22,0,0,177,0,177,0,0,199,0,199,415,0,415,614
11/21/2006,TIX,FL,ASO,ES,Federal Contract Tower,0,0,10,0,10,0,0,118,0,118,0,0,128,0,128,214,0,214,342
11/22/2006,TIX,FL,ASO,ES,Federal Contract Tower,0,2,18,0,20,0,7,136,2,145,0,9,154,2,165,236,2,238,403
11/23/2006,TIX,FL,ASO,ES,Federal Contract Tower,0,0,5,0,5,0,0,43,0,43,0,0,48,0,48,4,0,4,52
11/24/2006,TIX,FL,ASO,ES,Federal Contract Tower,0,0,21,0,21,0,2,181,0,183,0,2,202,0,204,322,0,322,526
11/25/2006,TIX,FL,ASO,ES,Federal Contract Tower,0,0,18,0,18,0,0,155,0,155,0,0,173,0,173,279,0,279,452
11/26/2006,TIX,FL,ASO,ES,Federal Contract Tower,0,0,12,0,12,0,0,131,0,131,0,0,143,0,143,244,0,244,387
11/27/2006,TIX,FL,ASO,ES,Federal Contract Tower,0,0,14,0,14,0,0,182,0,182,0,0,196,0,196,307,0,307,503
11/28/2006,TIX,FL,ASO,ES,Federal Contract Tower,0,0,6,0,6,0,0,157,0,157,0,0,163,0,163,358,0,358,521
11/29/2006,TIX,FL,ASO,ES,Federal Contract Tower,0,0,44,0,44,0,0,57,0,57,0,0,101,0,101,222,0,222,323
11/30/2006,TIX,FL,ASO,ES,Federal Contract Tower,0,0,22,0,22,0,0,171,0,171,0,0,193,0,193,395,0,395,588
12/01/2006,TIX,FL,ASO,ES,Federal Contract Tower,0,0,22,0,22,0,0,204,0,204,0,0,226,0,226,398,0,398,624
12/02/2006,TIX,FL,ASO,ES,Federal Contract Tower,0,0,21,0,21,0,0,174,0,174,0,0,195,0,195,288,0,288,483
12/03/2006,TIX,FL,ASO,ES,Federal Contract Tower,0,3,24,0,27,0,0,106,0,106,0,3,130,0,133,296,0,296,429
12/04/2006,TIX,FL,ASO,ES,Federal Contract Tower,0,0,4,0,4,0,0,109,0,109,0,0,113,0,113,341,0,341,454
12/05/2006,TIX,FL,ASO,ES,Federal Contract Tower,0,0,12,2,14,0,0,230,0,230,0,0,242,2,244,548,0,548,792
12/06/2006,TIX,FL,ASO,ES,Federal Contract Tower,0,0,30,0,30,0,0,220,0,220,0,0,250,0,250,476,0,476,726
12/07/2006,TIX,FL,ASO,ES,Federal Contract Tower,0,0,8,0,8,0,0,130,0,130,0,0,138,0,138,322,0,322,460
12/08/2006,TIX,FL,ASO,ES,Federal Contract Tower,0,2,12,0,14,0,0,119,0,119,0,2,131,0,133,286,0,286,419
12/09/2006,TIX,FL,ASO,ES,Federal Contract Tower,0,0,1,0,1,0,0,0,149,149,0,0,1,149,150,158,0,158,308
12/10/2006,TIX,FL,ASO,ES,Federal Contract Tower,0,0,2,2,4,0,2,141,0,143,0,2,143,2,147,284,0,284,431
12/11/2006,TIX,FL,ASO,ES,Federal Contract Tower,0,0,21,0,21,0,0,165,0,165,0,0,186,0,186,467,0,467,653
12/12/2006,TIX,FL,ASO,ES,Federal Contract Tower,0,2,36,2,40,0,0,123,0,123,0,2,159,2,163,292,0,292,455
12/13/2006,TIX,FL,ASO,ES,Federal Contract Tower,0,0,11,0,11,0,0,230,0,230,0,0,241,0,241,471,0,471,712
12/14/2006,TIX,FL,ASO,ES,Federal Contract Tower,0,1,30,2,33,0,0,64,0,64,0,1,94,2,97,202,0,202,299
12/15/2006,TIX,FL,ASO,ES,Federal Contract Tower,0,1,41,0,42,0,0,48,0,48,0,1,89,0,90,230,0,230,320
12/16/2006,TIX,FL,ASO,ES,Federal Contract Tower,0,0,13,0,13,0,0,167,0,167,0,0,180,0,180,388,0,388,568
12/17/2006,TIX,FL,ASO,ES,Federal Contract Tower,0,0,11,0,11,0,0,158,0,158,0,0,169,0,169,168,0,168,337
12/18/2006,TIX,FL,ASO,ES,Federal Contract Tower,0,0,12,0,12,0,0,166,0,166,0,0,178,0,178,306,0,306,484
12/19/2006,TIX,FL,ASO,ES,Federal Contract Tower,0,4,14,0,18,0,0,140,0,140,0,4,154,0,158,393,0,393,551
12/20/2006,TIX,FL,ASO,ES,Federal Contract Tower,0,0,7,0,7,0,0,136,0,136,0,0,143,0,143,304,0,304,447
12/21/2006,TIX,FL,ASO,ES,Federal Contract Tower,0,2,10,2,14,0,0,162,0,162,0,2,172,2,176,172,0,172,348
12/22/2006,TIX,FL,ASO,ES,Federal Contract Tower,0,0,4,0,4,0,0,136,0,136,0,0,140,0,140,198,0,198,338
12/23/2006,TIX,FL,ASO,ES,Federal Contract Tower,0,0,11,0,11,0,4,73,0,77,0,4,84,0,88,90,0,90,178
12/24/2006,TIX,FL,ASO,ES,Federal Contract Tower,0,0,10,0,10,0,0,30,0,30,0,0,40,0,40,50,0,50,90
12/25/2006,TIX,FL,ASO,ES,Federal Contract Tower,0,2,4,0,6,0,0,0,0,0,0,2,4,0,6,0,0,0,6
12/26/2006,TIX,FL,ASO,ES,Federal Contract Tower,0,2,24,0,26,0,0,25,0,25,0,2,49,0,51,82,0,82,133
12/27/2006,TIX,FL,ASO,ES,Federal Contract Tower,0,0,8,0,8,0,0,137,0,137,0,0,145,0,145,124,0,124,269
12/28/2006,TIX,FL,ASO,ES,Federal Contract Tower,0,0,15,0,15,0,0,216,0,216,0,0,231,0,231,152,0,152,383
12/29/2006,TIX,FL,ASO,ES,Federal Contract Tower,0,0,10,0,10,0,3,144,0,147,0,3,154,0,157,236,0,236,393
12/30/2006,TIX,FL,ASO,ES,Federal Contract Tower,0,4,16,0,20,0,1,183,0,184,0,5,199,0,204,204,0,204,408
12/31/2006,TIX,FL,ASO,ES,Federal Contract Tower,0,0,7,0,7,0,0,75,0,75,0,0,82,0,82,70,0,70,152
01/01/2007,TIX,FL,ASO,ES,Federal Contract Tower,0,0,10,0,10,0,0,27,0,27,0,0,37,0,37,28,0,28,65
01/02/2007,TIX,FL,ASO,ES,Federal Contract Tower,0,1,10,0,11,0,0,110,2,112,0,1,120,2,123,120,0,120,243
01/03/2007,TIX,FL,ASO,ES,Federal Contract Tower,0,0,8,0,8,0,2,117,0,119,0,2,125,0,127,362,0,362,489
01/04/2007,TIX,FL,ASO,ES,Federal Contract Tower,0,0,12,0,12,0,4,169,0,173,0,4,181,0,185,199,0,199,384
01/05/2007,TIX,FL,ASO,ES,Federal Contract Tower,0,0,27,0,27,0,0,152,0,152,0,0,179,0,179,240,0,240,419
01/06/2007,TIX,FL,ASO,ES,Federal Contract Tower,0,4,8,0,12,0,1,129,0,130,0,5,137,0,142,216,0,216,358
01/07/2007,TIX,FL,ASO,ES,Federal Contract Tower,0,2,13,0,15,0,0,89,0,89,0,2,102,0,104,142,0,142,246
01/08/2007,TIX,FL,ASO,ES,Federal Contract Tower,0,0,16,0,16,0,0,80,2,82,0,0,96,2,98,166,0,166,264
01/09/2007,TIX,FL,ASO,ES,Federal Contract Tower,0,0,19,0,19,0,2,265,0,267,0,2,284,0,286,337,0,337,623
01/10/2007,TIX,FL,ASO,ES,Federal Contract Tower,0,0,32,0,32,0,0,353,0,353,0,0,385,0,385,352,0,352,737
01/11/2007,TIX,FL,ASO,ES,Federal Contract Tower,0,2,19,0,21,0,0,204,0,204,0,2,223,0,225,428,0,428,653
01/12/2007,TIX,FL,ASO,ES,Federal Contract Tower,0,0,21,0,21,0,0,185,0,185,0,0,206,0,206,436,0,436,642
01/13/2007,TIX,FL,ASO,ES,Federal Contract Tower,0,0,15,0,15,0,2,198,0,200,0,2,213,0,215,302,0,302,517
01/14/2007,TIX,FL,ASO,ES,Federal Contract Tower,0,0,14,0,14,0,0,83,0,83,0,0,97,0,97,167,0,167,264
01/15/2007,TIX,FL,ASO,ES,Federal Contract Tower,0,0,20,0,20,0,0,154,0,154,0,0,174,0,174,309,0,309,483
01/16/2007,TIX,FL,ASO,ES,Federal Contract Tower,0,0,10,0,10,0,0,168,0,168,0,0,178,0,178,356,0,356,534
01/17/2007,TIX,FL,ASO,ES,Federal Contract Tower,0,0,29,0,29,0,0,123,0,123,0,0,152,0,152,296,0,296,448
01/18/2007,TIX,FL,ASO,ES,Federal Contract Tower,0,0,22,0,22,0,0,10,0,10,0,0,32,0,32,26,0,26,58
01/19/2007,TIX,FL,ASO,ES,Federal Contract Tower,0,0,14,0,14,0,0,213,2,215,0,0,227,2,229,310,0,310,539
01/20/2007,TIX,FL,ASO,ES,Federal Contract Tower,0,0,9,0,9,0,0,186,0,186,0,0,195,0,195,318,0,318,513
01/21/2007,TIX,FL,ASO,ES,Federal Contract Tower,0,0,16,0,16,0,0,139,0,139,0,0,155,0,155,193,0,193,348
01/22/2007,TIX,FL,ASO,ES,Federal Contract Tower,0,0,21,0,21,0,0,143,0,143,0,0,164,0,164,235,0,235,399
01/23/2007,TIX,FL,ASO,ES,Federal Contract Tower,0,0,34,0,34,0,0,249,0,249,0,0,283,0,283,422,0,422,705
01/24/2007,TIX,FL,ASO,ES,Federal Contract Tower,0,2,12,0,14,0,0,206,0,206,0,2,218,0,220,341,0,341,561
01/25/2007,TIX,FL,ASO,ES,Federal Contract Tower,0,0,23,0,23,0,0,99,0,99,0,0,122,0,122,308,0,308,430
01/26/2007,TIX,FL,ASO,ES,Federal Contract Tower,0,0,12,0,12,0,0,223,0,223,0,0,235,0,235,454,0,454,689
01/27/2007,TIX,FL,ASO,ES,Federal Contract Tower,0,1,8,0,9,0,0,292,0,292,0,1,300,0,301,238,0,238,539
01/28/2007,TIX,FL,ASO,ES,Federal Contract Tower,0,3,6,0,9,0,0,49,0,49,0,3,55,0,58,86,0,86,144
01/29/2007,TIX,FL,ASO,ES,Federal Contract Tower,0,0,13,0,13,0,0,217,0,217,0,0,230,0,230,385,0,385,615
01/30/2007,TIX,FL,ASO,ES,Federal Contract Tower,0,2,20,0,22,0,0,257,0,257,0,2,277,0,279,389,0,389,668
01/31/2007,TIX,FL,ASO,ES,Federal Contract Tower,0,0,22,0,22,0,0,232,0,232,0,0,254,0,254,444,0,444,698
02/01/2007,TIX,FL,ASO,ES,Federal Contract Tower,0,0,5,0,5,0,0,96,0,96,0,0,101,0,101,230,0,230,331
02/02/2007,TIX,FL,ASO,ES,Federal Contract Tower,0,1,15,0,16,0,0,50,0,50,0,1,65,0,66,162,0,162,228
02/03/2007,TIX,FL,ASO,ES,Federal Contract Tower,0,2,22,0,24,0,0,78,0,78,0,2,100,0,102,238,0,238,340
02/04/2007,TIX,FL,ASO,ES,Federal Contract Tower,0,0,16,0,16,0,0,66,0,66,0,0,82,0,82,142,0,142,224
02/05/2007,TIX,FL,ASO,ES,Federal Contract Tower,0,0,27,0,27,0,0,182,0,182,0,0,209,0,209,294,0,294,503
02/06/2007,TIX,FL,ASO,ES,Federal Contract Tower,0,2,11,0,13,0,0,242,0,242,0,2,253,0,255,416,0,416,671
02/07/2007,TIX,FL,ASO,ES,Federal Contract Tower,0,0,54,0,54,0,0,234,0,234,0,0,288,0,288,322,0,322,610
02/08/2007,TIX,FL,ASO,ES,Federal Contract Tower,0,2,33,0,35,0,0,214,0,214,0,2,247,0,249,289,0,289,538
02/09/2007,TIX,FL,ASO,ES,Federal Contract Tower,0,0,24,0,24,0,0,216,0,216,0,0,240,0,240,427,0,427,667
02/10/2007,TIX,FL,ASO,ES,Federal Contract Tower,0,1,29,0,30,0,0,203,0,203,0,1,232,0,233,320,0,320,553
02/11/2007,TIX,FL,ASO,ES,Federal Contract Tower,2,2,13,0,17,0,0,172,0,172,2,2,185,0,189,225,0,225,414
02/12/2007,TIX,FL,ASO,ES,Federal Contract Tower,0,3,26,0,29,0,0,85,0,85,0,3,111,0,114,332,0,332,446
02/13/2007,TIX,FL,ASO,ES,Federal Contract Tower,0,0,17,0,17,0,0,147,0,147,0,0,164,0,164,211,0,211,375
02/14/2007,TIX,FL,ASO,ES,Federal Contract Tower,0,0,60,0,60,0,0,118,0,118,0,0,178,0,178,153,0,153,331
02/15/2007,TIX,FL,ASO,ES,Federal Contract Tower,0,0,31,0,31,0,0,267,0,267,0,0,298,0,298,458,0,458,756
02/16/2007,TIX,FL,ASO,ES,Federal Contract Tower,0,0,46,0,46,0,0,187,0,187,0,0,233,0,233,236,0,236,469
02/17/2007,TIX,FL,ASO,ES,Federal Contract Tower,0,0,13,0,13,0,0,185,0,185,0,0,198,0,198,238,0,238,436
02/18/2007,TIX,FL,ASO,ES,Federal Contract Tower,0,2,18,0,20,0,0,55,0,55,0,2,73,0,75,68,0,68,143
02/19/2007,TIX,FL,ASO,ES,Federal Contract Tower,0,0,26,0,26,0,0,260,0,260,0,0,286,0,286,363,0,363,649
02/20/2007,TIX,FL,ASO,ES,Federal Contract Tower,0,0,7,0,7,0,0,227,0,227,0,0,234,0,234,288,0,288,522
02/21/2007,TIX,FL,ASO,ES,Federal Contract Tower,0,2,29,0,31,0,0,207,0,207,0,2,236,0,238,417,0,417,655
02/22/2007,TIX,FL,ASO,ES,Federal Contract Tower,0,2,42,0,44,0,0,244,0,244,0,2,286,0,288,353,0,353,641
02/23/2007,TIX,FL,ASO,ES,Federal Contract Tower,0,0,40,0,40,0,0,206,0,206,0,0,246,0,246,288,0,288,534
02/24/2007,TIX,FL,ASO,ES,Federal Contract Tower,0,0,8,0,8,0,0,212,0,212,0,0,220,0,220,243,0,243,463
02/25/2007,TIX,FL,ASO,ES,Federal Contract Tower,0,0,13,0,13,0,0,104,0,104,0,0,117,0,117,162,0,162,279
02/26/2007,TIX,FL,ASO,ES,Federal Contract Tower,0,0,27,0,27,0,0,89,0,89,0,0,116,0,116,188,0,188,304
02/27/2007,TIX,FL,ASO,ES,Federal Contract Tower,0,0,25,0,25,0,0,151,0,151,0,0,176,0,176,255,0,255,431
02/28/2007,TIX,FL,ASO,ES,Federal Contract Tower,0,0,27,0,27,0,0,211,0,211,0,0,238,0,238,328,0,328,566
03/01/2007,TIX,FL,ASO,ES,Federal Contract Tower,0,0,8,0,8,0,0,80,0,80,0,0,88,0,88,126,0,126,214
03/02/2007,TIX,FL,ASO,ES,Federal Contract Tower,0,0,17,0,17,0,0,56,0,56,0,0,73,0,73,98,0,98,171
03/03/2007,TIX,FL,ASO,ES,Federal Contract Tower,0,0,17,0,17,0,0,79,2,81,0,0,96,2,98,129,0,129,227
03/04/2007,TIX,FL,ASO,ES,Federal Contract Tower,0,0,10,0,10,0,0,177,0,177,0,0,187,0,187,122,0,122,309
03/05/2007,TIX,FL,ASO,ES,Federal Contract Tower,0,0,20,0,20,0,0,217,0,217,0,0,237,0,237,229,0,229,466
03/06/2007,TIX,FL,ASO,ES,Federal Contract Tower,0,0,31,0,31,0,2,264,0,266,0,2,295,0,297,431,0,431,728
03/07/2007,TIX,FL,ASO,ES,Federal Contract Tower,0,0,11,0,11,0,0,289,0,289,0,0,300,0,300,411,0,411,711
03/08/2007,TIX,FL,ASO,ES,Federal Contract Tower,0,0,25,0,25,0,0,233,0,233,0,0,258,0,258,436,0,436,694
03/09/2007,TIX,FL,ASO,ES,Federal Contract Tower,0,0,26,0,26,0,2,226,0,228,0,2,252,0,254,381,0,381,635
03/10/2007,TIX,FL,ASO,ES,Federal Contract Tower,0,2,19,1,22,0,0,159,0,159,0,2,178,1,181,266,0,266,447
03/11/2007,TIX,FL,ASO,ES,Federal Contract Tower,0,0,13,0,13,0,0,89,0,89,0,0,102,0,102,102,0,102,204
03/12/2007,TIX,FL,ASO,ES,Federal Contract Tower,0,0,21,0,21,0,4,176,0,180,0,4,197,0,201,426,0,426,627
03/13/2007,TIX,FL,ASO,ES,Federal Contract Tower,0,0,14,0,14,0,0,215,0,215,0,0,229,0,229,413,0,413,642
03/14/2007,TIX,FL,ASO,ES,Federal Contract Tower,0,0,25,0,25,0,0,218,0,218,0,0,243,0,243,229,0,229,472
03/15/2007,TIX,FL,ASO,ES,Federal Contract Tower,0,0,11,5,16,0,0,256,0,256,0,0,267,5,272,83,17,100,372
03/16/2007,TIX,FL,ASO,ES,Federal Contract Tower,0,0,21,1,22,0,24,67,2,93,0,24,88,3,115,66,0,66,181
03/17/2007,TIX,FL,ASO,ES,Federal Contract Tower,0,0,12,0,12,0,36,134,0,170,0,36,146,0,182,100,0,100,282
03/18/2007,TIX,FL,ASO,ES,Federal Contract Tower,0,0,19,0,19,0,58,131,0,189,0,58,150,0,208,40,0,40,248
03/19/2007,TIX,FL,ASO,ES,Federal Contract Tower,0,0,18,6,24,0,0,205,5,210,0,0,223,11,234,183,0,183,417
03/20/2007,TIX,FL,ASO,ES,Federal Contract Tower,0,0,12,0,12,0,0,245,0,245,0,0,257,0,257,404,0,404,661
03/21/2007,TIX,FL,ASO,ES,Federal Contract Tower,0,0,212,0,212,0,0,0,0,0,0,0,212,0,212,212,0,212,424
03/22/2007,TIX,FL,ASO,ES,Federal Contract Tower,0,0,24,0,24,0,2,219,0,221,0,2,243,0,245,543,0,543,788
03/23/2007,TIX,FL,ASO,ES,Federal Contract Tower,0,2,18,0,20,0,1,211,0,212,0,3,229,0,232,625,0,625,857
03/24/2007,TIX,FL,ASO,ES,Federal Contract Tower,0,0,15,0,15,0,4,179,0,183,0,4,194,0,198,224,0,224,422
03/25/2007,TIX,FL,ASO,ES,Federal Contract Tower,0,0,25,0,25,0,0,117,0,117,0,0,142,0,142,182,0,182,324
03/26/2007,TIX,FL,ASO,ES,Federal Contract Tower,0,0,17,0,17,0,0,177,0,177,0,0,194,0,194,368,0,368,562
03/27/2007,TIX,FL,ASO,ES,Federal Contract Tower,0,0,11,0,11,0,0,183,0,183,0,0,194,0,194,478,0,478,672
03/28/2007,TIX,FL,ASO,ES,Federal Contract Tower,0,0,17,0,17,0,0,265,0,265,0,0,282,0,282,389,0,389,671
03/29/2007,TIX,FL,ASO,ES,Federal Contract Tower,0,1,20,0,21,0,0,213,0,213,0,1,233,0,234,356,0,356,590
03/30/2007,TIX,FL,ASO,ES,Federal Contract Tower,0,0,31,0,31,0,0,100,0,100,0,0,131,0,131,154,0,154,285
03/31/2007,TIX,FL,ASO,ES,Federal Contract Tower,0,0,21,0,21,0,0,177,0,177,0,0,198,0,198,222,0,222,420
04/01/2007,TIX,FL,ASO,ES,Federal Contract Tower,0,0,22,0,22,0,0,116,0,116,0,0,138,0,138,125,0,125,263
04/02/2007,TIX,FL,ASO,ES,Federal Contract Tower,0,0,19,0,19,0,0,190,0,190,0,0,209,0,209,313,0,313,522
04/03/2007,TIX,FL,ASO,ES,Federal Contract Tower,0,2,5,0,7,0,0,222,0,222,0,2,227,0,229,490,0,490,719
04/04/2007,TIX,FL,ASO,ES,Federal Contract Tower,0,0,21,0,21,0,0,223,0,223,0,0,244,0,244,451,0,451,695
04/05/2007,TIX,FL,ASO,ES,Federal Contract Tower,0,1,26,0,27,0,0,227,0,227,0,1,253,0,254,396,0,396,650
04/06/2007,TIX,FL,ASO,ES,Federal Contract Tower,0,0,31,0,31,0,0,193,0,193,0,0,224,0,224,358,0,358,582
04/07/2007,TIX,FL,ASO,ES,Federal Contract Tower,0,2,23,0,25,0,0,149,0,149,0,2,172,0,174,160,0,160,334
04/08/2007,TIX,FL,ASO,ES,Federal Contract Tower,0,2,17,0,19,0,0,83,0,83,0,2,100,0,102,78,0,78,180
04/09/2007,TIX,FL,ASO,ES,Federal Contract Tower,0,0,19,0,19,0,0,103,0,103,0,0,122,0,122,184,0,184,306
04/10/2007,TIX,FL,ASO,ES,Federal Contract Tower,0,0,26,0,26,0,0,98,0,98,0,0,124,0,124,396,0,396,520
04/11/2007,TIX,FL,ASO,ES,Federal Contract Tower,0,0,48,0,48,0,0,229,0,229,0,0,277,0,277,234,0,234,511
04/12/2007,TIX,FL,ASO,ES,Federal Contract Tower,0,0,28,0,28,0,0,249,0,249,0,0,277,0,277,315,0,315,592
04/13/2007,TIX,FL,ASO,ES,Federal Contract Tower,0,0,36,2,38,0,0,230,0,230,0,0,266,2,268,342,0,342,610
04/14/2007,TIX,FL,ASO,ES,Federal Contract Tower,0,0,11,0,11,0,0,201,0,201,0,0,212,0,212,236,0,236,448
04/15/2007,TIX,FL,ASO,ES,Federal Contract Tower,0,2,5,0,7,0,0,14,0,14,0,2,19,0,21,0,0,0,21
04/16/2007,TIX,FL,ASO,ES,Federal Contract Tower,0,0,17,0,17,0,0,99,0,99,0,0,116,0,116,86,0,86,202
04/17/2007,TIX,FL,ASO,ES,Federal Contract Tower,0,0,26,0,26,0,0,216,0,216,0,0,242,0,242,270,0,270,512
04/18/2007,TIX,FL,ASO,ES,Federal Contract Tower,0,0,14,0,14,0,0,239,0,239,0,0,253,0,253,454,0,454,707
04/19/2007,TIX,FL,ASO,ES,Federal Contract Tower,0,0,14,0,14,0,0,206,0,206,0,0,220,0,220,345,0,345,565
04/20/2007,TIX,FL,ASO,ES,Federal Contract Tower,0,0,14,0,14,0,0,181,4,185,0,0,195,4,199,266,0,266,465
04/21/2007,TIX,FL,ASO,ES,Federal Contract Tower,0,0,11,0,11,0,0,96,0,96,0,0,107,0,107,326,0,326,433
04/22/2007,TIX,FL,ASO,ES,Federal Contract Tower,0,0,17,0,17,0,0,98,0,98,0,0,115,0,115,246,0,246,361
04/23/2007,TIX,FL,ASO,ES,Federal Contract Tower,0,0,13,0,13,0,0,173,0,173,0,0,186,0,186,401,0,401,587
04/24/2007,TIX,FL,ASO,ES,Federal Contract Tower,0,0,22,0,22,0,0,204,0,204,0,0,226,0,226,353,0,353,579
04/25/2007,TIX,FL,ASO,ES,Federal Contract Tower,0,1,17,0,18,0,0,211,0,211,0,1,228,0,229,484,0,484,713
04/26/2007,TIX,FL,ASO,ES,Federal Contract Tower,0,1,26,0,27,0,0,207,0,207,0,1,233,0,234,367,0,367,601
04/27/2007,TIX,FL,ASO,ES,Federal Contract Tower,0,0,12,0,12,0,0,199,0,199,0,0,211,0,211,374,0,374,585
04/28/2007,TIX,FL,ASO,ES,Federal Contract Tower,0,0,14,0,14,0,0,226,0,226,0,0,240,0,240,308,0,308,548
04/29/2007,TIX,FL,ASO,ES,Federal Contract Tower,0,0,35,0,35,0,0,87,0,87,0,0,122,0,122,103,0,103,225
04/30/2007,TIX,FL,ASO,ES,Federal Contract Tower,0,0,16,0,16,0,0,146,0,146,0,0,162,0,162,314,0,314,476
05/01/2007,TIX,FL,ASO,ES,Federal Contract Tower,0,0,12,0,12,0,0,212,0,212,0,0,224,0,224,340,0,340,564
05/02/2007,TIX,FL,ASO,ES,Federal Contract Tower,0,0,12,0,12,0,0,212,0,212,0,0,224,0,224,340,0,340,564
05/03/2007,TIX,FL,ASO,ES,Federal Contract Tower,0,0,9,0,9,0,0,239,0,239,0,0,248,0,248,382,0,382,630
05/04/2007,TIX,FL,ASO,ES,Federal Contract Tower,0,0,44,0,44,0,1,201,0,202,0,1,245,0,246,316,0,316,562
05/05/2007,TIX,FL,ASO,ES,Federal Contract Tower,0,1,14,0,15,0,0,179,0,179,0,1,193,0,194,174,0,174,368
05/06/2007,TIX,FL,ASO,ES,Federal Contract Tower,0,1,8,0,9,0,1,69,0,70,0,2,77,0,79,24,0,24,103
05/07/2007,TIX,FL,ASO,ES,Federal Contract Tower,0,0,26,0,26,0,0,0,0,0,0,0,26,0,26,53,0,53,79
05/08/2007,TIX,FL,ASO,ES,Federal Contract Tower,0,0,10,0,10,0,0,196,0,196,0,0,206,0,206,212,0,212,418
05/09/2007,TIX,FL,ASO,ES,Federal Contract Tower,0,0,51,0,51,0,0,40,0,40,0,0,91,0,91,142,0,142,233
05/10/2007,TIX,FL,ASO,ES,Federal Contract Tower,0,0,42,0,42,0,0,73,0,73,0,0,115,0,115,388,0,388,503
05/11/2007,TIX,FL,ASO,ES,Federal Contract Tower,0,0,23,0,23,0,0,170,0,170,0,0,193,0,193,359,0,359,552
05/12/2007,TIX,FL,ASO,ES,Federal Contract Tower,0,0,2,0,2,0,4,141,0,145,0,4,143,0,147,293,0,293,440
05/13/2007,TIX,FL,ASO,ES,Federal Contract Tower,0,1,13,0,14,0,0,92,0,92,0,1,105,0,106,208,0,208,314
05/14/2007,TIX,FL,ASO,ES,Federal Contract Tower,0,0,12,0,12,0,2,55,0,57,0,2,67,0,69,151,0,151,220
05/15/2007,TIX,FL,ASO,ES,Federal Contract Tower,0,0,16,0,16,0,0,241,0,241,0,0,257,0,257,449,0,449,706
05/16/2007,TIX,FL,ASO,ES,Federal Contract Tower,0,0,12,0,12,0,0,183,0,183,0,0,195,0,195,553,0,553,748
05/17/2007,TIX,FL,ASO,ES,Federal Contract Tower,0,0,10,0,10,0,0,222,9,231,0,0,232,9,241,483,0,483,724
05/18/2007,TIX,FL,ASO,ES,Federal Contract Tower,0,0,10,0,10,0,0,222,0,222,0,0,232,0,232,483,0,483,715
05/19/2007,TIX,FL,ASO,ES,Federal Contract Tower,0,0,9,0,9,0,0,159,0,159,0,0,168,0,168,256,0,256,424
05/20/2007,TIX,FL,ASO,ES,Federal Contract Tower,0,0,18,0,18,0,0,184,0,184,0,0,202,0,202,258,0,258,460
05/21/2007,TIX,FL,ASO,ES,Federal Contract Tower,0,0,18,0,18,0,0,209,0,209,0,0,227,0,227,384,0,384,611
05/22/2007,TIX,FL,ASO,ES,Federal Contract Tower,0,0,25,0,25,0,2,244,0,246,0,2,269,0,271,400,0,400,671
05/23/2007,TIX,FL,ASO,ES,Federal Contract Tower,0,0,18,0,18,0,0,175,0,175,0,0,193,0,193,202,0,202,395
05/24/2007,TIX,FL,ASO,ES,Federal Contract Tower,0,2,27,0,29,0,0,142,0,142,0,2,169,0,171,274,0,274,445
05/25/2007,TIX,FL,ASO,ES,Federal Contract Tower,0,0,23,0,23,0,2,180,0,182,0,2,203,0,205,253,0,253,458
05/26/2007,TIX,FL,ASO,ES,Federal Contract Tower,0,0,13,0,13,0,0,184,0,184,0,0,197,0,197,284,0,284,481
05/27/2007,TIX,FL,ASO,ES,Federal Contract Tower,0,0,16,0,16,0,0,148,0,148,0,0,164,0,164,230,0,230,394
05/28/2007,TIX,FL,ASO,ES,Federal Contract Tower,0,0,11,0,11,0,0,210,0,210,0,0,221,0,221,416,0,416,637
05/29/2007,TIX,FL,ASO,ES,Federal Contract Tower,0,0,14,0,14,0,0,235,0,235,0,0,249,0,249,340,0,340,589
05/30/2007,TIX,FL,ASO,ES,Federal Contract Tower,0,2,28,0,30,0,0,225,9,234,0,2,253,9,264,352,0,352,616
05/31/2007,TIX,FL,ASO,ES,Federal Contract Tower,0,0,16,0,16,0,0,225,0,225,0,0,241,0,241,418,0,418,659
06/01/2007,TIX,FL,ASO,ES,Federal Contract Tower,0,0,31,0,31,0,0,117,0,117,0,0,148,0,148,439,0,439,587
06/02/2007,TIX,FL,ASO,ES,Federal Contract Tower,0,0,4,0,4,0,0,2,0,2,0,0,6,0,6,3,0,3,9
06/03/2007,TIX,FL,ASO,ES,Federal Contract Tower,0,3,22,0,25,0,0,48,0,48,0,3,70,0,73,49,0,49,122
06/04/2007,TIX,FL,ASO,ES,Federal Contract Tower,0,0,43,0,43,0,0,187,0,187,0,0,230,0,230,250,0,250,480
06/05/2007,TIX,FL,ASO,ES,Federal Contract Tower,0,0,44,0,44,0,0,170,0,170,0,0,214,0,214,386,0,386,600
06/06/2007,TIX,FL,ASO,ES,Federal Contract Tower,0,0,34,2,36,0,0,120,0,120,0,0,154,2,156,275,0,275,431
06/07/2007,TIX,FL,ASO,ES,Federal Contract Tower,0,0,13,0,13,0,0,230,0,230,0,0,243,0,243,524,0,524,767
06/08/2007,TIX,FL,ASO,ES,Federal Contract Tower,0,0,11,0,11,0,0,94,20,114,0,0,105,20,125,196,0,196,321
06/09/2007,TIX,FL,ASO,ES,Federal Contract Tower,0,0,18,0,18,0,1,217,1,219,0,1,235,1,237,285,0,285,522
06/10/2007,TIX,FL,ASO,ES,Federal Contract Tower,0,0,13,0,13,0,0,98,0,98,0,0,111,0,111,75,0,75,186
06/11/2007,TIX,FL,ASO,ES,Federal Contract Tower,0,0,23,0,23,0,0,144,0,144,0,0,167,0,167,364,0,364,531
06/12/2007,TIX,FL,ASO,ES,Federal Contract Tower,0,0,21,0,21,0,0,143,0,143,0,0,164,0,164,261,0,261,425
06/13/2007,TIX,FL,ASO,ES,Federal Contract Tower,0,0,14,0,14,0,0,139,0,139,0,0,153,0,153,254,0,254,407
06/14/2007,TIX,FL,ASO,ES,Federal Contract Tower,0,0,15,0,15,0,0,240,0,240,0,0,255,0,255,443,0,443,698
06/15/2007,TIX,FL,ASO,ES,Federal Contract Tower,0,1,18,0,19,0,0,200,0,200,0,1,218,0,219,376,0,376,595
06/16/2007,TIX,FL,ASO,ES,Federal Contract Tower,0,0,8,0,8,0,0,235,0,235,0,0,243,0,243,266,0,266,509
06/17/2007,TIX,FL,ASO,ES,Federal Contract Tower,0,1,13,0,14,0,0,141,0,141,0,1,154,0,155,201,2,203,358
06/18/2007,TIX,FL,ASO,ES,Federal Contract Tower,0,0,34,0,34,0,0,212,0,212,0,0,246,0,246,321,0,321,567
06/19/2007,TIX,FL,ASO,ES,Federal Contract Tower,0,0,30,2,32,0,0,169,0,169,0,0,199,2,201,559,0,559,760
06/20/2007,TIX,FL,ASO,ES,Federal Contract Tower,0,0,24,0,24,0,0,229,0,229,0,0,253,0,253,441,0,441,694
06/21/2007,TIX,FL,ASO,ES,Federal Contract Tower,0,2,19,0,21,0,0,130,0,130,0,2,149,0,151,294,0,294,445
06/22/2007,TIX,FL,ASO,ES,Federal Contract Tower,0,0,19,0,19,0,0,159,0,159,0,0,178,0,178,274,0,274,452
06/23/2007,TIX,FL,ASO,ES,Federal Contract Tower,0,1,22,0,23,0,0,211,0,211,0,1,233,0,234,280,0,280,514
06/24/2007,TIX,FL,ASO,ES,Federal Contract Tower,0,1,6,0,7,0,0,129,0,129,0,1,135,0,136,157,0,157,293
06/25/2007,TIX,FL,ASO,ES,Federal Contract Tower,0,0,9,0,9,0,0,183,0,183,0,0,192,0,192,254,0,254,446
06/26/2007,TIX,FL,ASO,ES,Federal Contract Tower,0,0,25,0,25,0,0,249,0,249,0,0,274,0,274,556,0,556,830
06/27/2007,TIX,FL,ASO,ES,Federal Contract Tower,0,0,24,0,24,0,0,264,0,264,0,0,288,0,288,583,0,583,871
06/28/2007,TIX,FL,ASO,ES,Federal Contract Tower,0,0,15,0,15,0,0,142,0,142,0,0,157,0,157,247,0,247,404
06/29/2007,TIX,FL,ASO,ES,Federal Contract Tower,0,0,29,4,33,0,0,74,0,74,0,0,103,4,107,160,0,160,267
06/30/2007,TIX,FL,ASO,ES,Federal Contract Tower,0,0,17,0,17,0,0,74,0,74,0,0,91,0,91,164,0,164,255
07/01/2007,TIX,FL,ASO,ES,Federal Contract Tower,0,2,5,0,7,0,0,109,0,109,0,2,114,0,116,359,0,359,475
07/02/2007,TIX,FL,ASO,ES,Federal Contract Tower,0,0,18,0,18,0,0,128,0,128,0,0,146,0,146,215,0,215,361
07/03/2007,TIX,FL,ASO,ES,Federal Contract Tower,0,0,31,0,31,0,0,127,0,127,0,0,158,0,158,284,0,284,442
07/04/2007,TIX,FL,ASO,ES,Federal Contract Tower,0,0,12,0,12,0,0,26,0,26,0,0,38,0,38,63,0,63,101
07/05/2007,TIX,FL,ASO,ES,Federal Contract Tower,0,0,25,0,25,0,0,17,0,17,0,0,42,0,42,82,0,82,124
07/06/2007,TIX,FL,ASO,ES,Federal Contract Tower,0,0,31,0,31,0,0,158,0,158,0,0,189,0,189,252,0,252,441
07/07/2007,TIX,FL,ASO,ES,Federal Contract Tower,0,0,13,0,13,0,0,154,0,154,0,0,167,0,167,217,0,217,384
07/08/2007,TIX,FL,ASO,ES,Federal Contract Tower,0,0,15,0,15,0,0,141,0,141,0,0,156,0,156,190,0,190,346
07/09/2007,TIX,FL,ASO,ES,Federal Contract Tower,0,0,11,0,11,0,0,209,0,209,0,0,220,0,220,182,0,182,402
07/10/2007,TIX,FL,ASO,ES,Federal Contract Tower,0,0,9,0,9,0,0,213,0,213,0,0,222,0,222,292,0,292,514
07/11/2007,TIX,FL,ASO,ES,Federal Contract Tower,0,0,18,0,18,0,0,221,0,221,0,0,239,0,239,314,0,314,553
07/12/2007,TIX,FL,ASO,ES,Federal Contract Tower,0,0,34,0,34,0,0,158,0,158,0,0,192,0,192,299,0,299,491
07/13/2007,TIX,FL,ASO,ES,Federal Contract Tower,0,2,11,0,13,0,0,203,0,203,0,2,214,0,216,238,0,238,454
07/14/2007,TIX,FL,ASO,ES,Federal Contract Tower,0,0,13,0,13,0,0,162,0,162,0,0,175,0,175,236,0,236,411
07/15/2007,TIX,FL,ASO,ES,Federal Contract Tower,0,0,11,0,11,0,0,92,0,92,0,0,103,0,103,206,0,206,309
07/16/2007,TIX,FL,ASO,ES,Federal Contract Tower,0,0,8,0,8,0,0,147,0,147,0,0,155,0,155,237,0,237,392
07/17/2007,TIX,FL,ASO,ES,Federal Contract Tower,0,0,9,0,9,0,0,245,0,245,0,0,254,0,254,452,0,452,706
07/18/2007,TIX,FL,ASO,ES,Federal Contract Tower,0,0,18,0,18,0,0,190,0,190,0,0,208,0,208,330,0,330,538
07/19/2007,TIX,FL,ASO,ES,Federal Contract Tower,0,0,22,0,22,0,0,132,0,132,0,0,154,0,154,198,0,198,352
07/20/2007,TIX,FL,ASO,ES,Federal Contract Tower,0,0,12,2,14,0,0,192,0,192,0,0,204,2,206,392,0,392,598
07/21/2007,TIX,FL,ASO,ES,Federal Contract Tower,0,1,8,0,9,0,0,106,0,106,0,1,114,0,115,150,0,150,265
07/22/2007,TIX,FL,ASO,ES,Federal Contract Tower,0,2,14,0,16,0,0,86,0,86,0,2,100,0,102,191,0,191,293
07/23/2007,TIX,FL,ASO,ES,Federal Contract Tower,0,0,12,0,12,0,0,107,0,107,0,0,119,0,119,293,0,293,412
07/24/2007,TIX,FL,ASO,ES,Federal Contract Tower,0,2,10,0,12,0,0,145,0,145,0,2,155,0,157,324,0,324,481
07/25/2007,TIX,FL,ASO,ES,Federal Contract Tower,0,0,12,0,12,0,0,202,0,202,0,0,214,0,214,364,0,364,578
07/26/2007,TIX,FL,ASO,ES,Federal Contract Tower,0,0,6,0,6,0,0,166,0,166,0,0,172,0,172,504,0,504,676
07/27/2007,TIX,FL,ASO,ES,Federal Contract Tower,0,0,6,0,6,0,0,127,0,127,0,0,133,0,133,300,0,300,433
07/28/2007,TIX,FL,ASO,ES,Federal Contract Tower,0,0,5,0,5,0,0,157,2,159,0,0,162,2,164,207,4,211,375
07/29/2007,TIX,FL,ASO,ES,Federal Contract Tower,0,0,11,0,11,0,0,73,2,75,0,0,84,2,86,109,0,109,195
07/30/2007,TIX,FL,ASO,ES,Federal Contract Tower,0,0,8,0,8,0,0,0,0,0,0,0,8,0,8,128,0,128,136
07/31/2007,TIX,FL,ASO,ES,Federal Contract Tower,0,0,9,0,9,0,0,99,0,99,0,0,108,0,108,222,0,222,330
08/01/2007,TIX,FL,ASO,ES,Federal Contract Tower,0,0,29,0,29,0,0,98,0,98,0,0,127,0,127,238,0,238,365
08/02/2007,TIX,FL,ASO,ES,Federal Contract Tower,0,0,29,0,29,0,0,98,0,98,0,0,127,0,127,187,0,187,314
08/03/2007,TIX,FL,ASO,ES,Federal Contract Tower,0,0,19,0,19,0,0,230,0,230,0,0,249,0,249,422,0,422,671
08/04/2007,TIX,FL,ASO,ES,Federal Contract Tower,0,0,12,0,12,0,0,189,0,189,0,0,201,0,201,362,0,362,563
08/05/2007,TIX,FL,ASO,ES,Federal Contract Tower,0,2,18,0,20,0,0,105,0,105,0,2,123,0,125,110,0,110,235
08/06/2007,TIX,FL,ASO,ES,Federal Contract Tower,0,0,25,0,25,0,0,179,0,179,0,0,204,0,204,295,0,295,499
08/07/2007,TIX,FL,ASO,ES,Federal Contract Tower,0,0,36,0,36,0,0,163,0,163,0,0,199,0,199,411,0,411,610
08/08/2007,TIX,FL,ASO,ES,Federal Contract Tower,0,0,10,0,10,0,0,192,0,192,0,0,202,0,202,167,0,167,369
08/09/2007,TIX,FL,ASO,ES,Federal Contract Tower,0,0,29,0,29,0,0,223,0,223,0,0,252,0,252,333,0,333,585
08/10/2007,TIX,FL,ASO,ES,Federal Contract Tower,0,2,25,0,27,0,0,227,0,227,0,2,252,0,254,413,0,413,667
08/11/2007,TIX,FL,ASO,ES,Federal Contract Tower,0,1,16,0,17,0,0,159,0,159,0,1,175,0,176,246,0,246,422
08/12/2007,TIX,FL,ASO,ES,Federal Contract Tower,0,3,12,0,15,0,0,86,0,86,0,3,98,0,101,101,0,101,202
08/13/2007,TIX,FL,ASO,ES,Federal Contract Tower,0,0,14,0,14,0,0,129,0,129,0,0,143,0,143,481,0,481,624
08/14/2007,TIX,FL,ASO,ES,Federal Contract Tower,0,0,25,0,25,0,0,0,0,0,0,0,25,0,25,220,0,220,245
08/15/2007,TIX,FL,ASO,ES,Federal Contract Tower,0,0,42,0,42,0,0,187,0,187,0,0,229,0,229,365,0,365,594
08/16/2007,TIX,FL,ASO,ES,Federal Contract Tower,0,0,44,0,44,0,0,190,0,190,0,0,234,0,234,439,0,439,673
08/17/2007,TIX,FL,ASO,ES,Federal Contract Tower,0,0,12,0,12,0,0,194,0,194,0,0,206,0,206,226,0,226,432
08/18/2007,TIX,FL,ASO,ES,Federal Contract Tower,0,0,6,0,6,0,0,178,0,178,0,0,184,0,184,265,0,265,449
08/19/2007,TIX,FL,ASO,ES,Federal Contract Tower,0,0,6,0,6,0,0,111,2,113,0,0,117,2,119,158,0,158,277
08/20/2007,TIX,FL,ASO,ES,Federal Contract Tower,0,0,25,0,25,0,0,164,0,164,0,0,189,0,189,278,0,278,467
08/21/2007,TIX,FL,ASO,ES,Federal Contract Tower,0,0,24,0,24,0,0,170,0,170,0,0,194,0,194,360,0,360,554
08/22/2007,TIX,FL,ASO,ES,Federal Contract Tower,0,0,17,0,17,0,0,220,0,220,0,0,237,0,237,482,0,482,719
08/23/2007,TIX,FL,ASO,ES,Federal Contract Tower,0,0,26,0,26,0,0,168,0,168,0,0,194,0,194,327,0,327,521
08/24/2007,TIX,FL,ASO,ES,Federal Contract Tower,0,0,29,4,33,0,0,130,0,130,0,0,159,4,163,242,0,242,405
08/25/2007,TIX,FL,ASO,ES,Federal Contract Tower,0,0,30,4,34,0,0,181,0,181,0,0,211,4,215,246,0,246,461
08/26/2007,TIX,FL,ASO,ES,Federal Contract Tower,0,2,15,0,17,0,0,91,0,91,0,2,106,0,108,109,0,109,217
08/27/2007,TIX,FL,ASO,ES,Federal Contract Tower,0,0,35,0,35,0,0,171,0,171,0,0,206,0,206,346,0,346,552
08/28/2007,TIX,FL,ASO,ES,Federal Contract Tower,0,0,64,0,64,0,0,232,0,232,0,0,296,0,296,346,0,346,642
08/29/2007,TIX,FL,ASO,ES,Federal Contract Tower,0,0,53,0,53,0,0,186,0,186,0,0,239,0,239,316,0,316,555
08/30/2007,TIX,FL,ASO,ES,Federal Contract Tower,0,0,99,0,99,0,0,232,0,232,0,0,331,0,331,375,0,375,706
08/31/2007,TIX,FL,ASO,ES,Federal Contract Tower,0,0,36,0,36,0,0,156,0,156,0,0,192,0,192,302,0,302,494
09/01/2007,TIX,FL,ASO,ES,Federal Contract Tower,0,0,23,0,23,0,0,149,0,149,0,0,172,0,172,227,0,227,399
09/02/2007,TIX,FL,ASO,ES,Federal Contract Tower,0,0,13,0,13,0,0,61,0,61,0,0,74,0,74,205,0,205,279
09/03/2007,TIX,FL,ASO,ES,Federal Contract Tower,0,0,25,0,25,0,0,146,0,146,0,0,171,0,171,283,0,283,454
09/04/2007,TIX,FL,ASO,ES,Federal Contract Tower,0,0,44,0,44,0,0,182,0,182,0,0,226,0,226,494,0,494,720
09/05/2007,TIX,FL,ASO,ES,Federal Contract Tower,0,0,28,0,28,0,0,173,0,173,0,0,201,0,201,374,0,374,575
09/06/2007,TIX,FL,ASO,ES,Federal Contract Tower,0,0,36,0,36,0,0,198,0,198,0,0,234,0,234,447,0,447,681
09/07/2007,TIX,FL,ASO,ES,Federal Contract Tower,0,0,54,0,54,0,0,125,0,125,0,0,179,0,179,322,0,322,501
09/08/2007,TIX,FL,ASO,ES,Federal Contract Tower,0,0,19,0,19,0,0,152,0,152,0,0,171,0,171,382,0,382,553
09/09/2007,TIX,FL,ASO,ES,Federal Contract Tower,0,0,16,0,16,0,0,64,0,64,0,0,80,0,80,135,0,135,215
09/10/2007,TIX,FL,ASO,ES,Federal Contract Tower,0,0,31,0,31,0,0,104,0,104,0,0,135,0,135,159,0,159,294
09/11/2007,TIX,FL,ASO,ES,Federal Contract Tower,0,0,22,0,22,0,0,172,0,172,0,0,194,0,194,334,0,334,528
09/12/2007,TIX,FL,ASO,ES,Federal Contract Tower,0,0,39,0,39,0,0,162,0,162,0,0,201,0,201,330,0,330,531
09/13/2007,TIX,FL,ASO,ES,Federal Contract Tower,0,0,33,0,33,0,0,229,0,229,0,0,262,0,262,433,0,433,695
09/14/2007,TIX,FL,ASO,ES,Federal Contract Tower,0,0,31,0,31,0,0,125,0,125,0,0,156,0,156,390,0,390,546
09/15/2007,TIX,FL,ASO,ES,Federal Contract Tower,0,0,23,0,23,0,0,168,0,168,0,0,191,0,191,196,0,196,387
09/16/2007,TIX,FL,ASO,ES,Federal Contract Tower,0,0,17,0,17,0,0,104,0,104,0,0,121,0,121,199,0,199,320
09/17/2007,TIX,FL,ASO,ES,Federal Contract Tower,0,4,29,0,33,0,4,60,0,64,0,8,89,0,97,214,0,214,311
09/18/2007,TIX,FL,ASO,ES,Federal Contract Tower,0,0,23,0,23,0,0,105,0,105,0,0,128,0,128,238,0,238,366
09/19/2007,TIX,FL,ASO,ES,Federal Contract Tower,0,0,21,0,21,0,0,0,0,0,0,0,21,0,21,18,0,18,39
09/20/2007,TIX,FL,ASO,ES,Federal Contract Tower,0,2,42,0,44,0,0,231,0,231,0,2,273,0,275,335,0,335,610
09/21/2007,TIX,FL,ASO,ES,Federal Contract Tower,0,0,43,0,43,0,0,142,0,142,0,0,185,0,185,266,0,266,451
09/22/2007,TIX,FL,ASO,ES,Federal Contract Tower,0,0,26,0,26,0,0,112,0,112,0,0,138,0,138,278,0,278,416
09/23/2007,TIX,FL,ASO,ES,Federal Contract Tower,0,0,8,0,8,0,0,42,0,42,0,0,50,0,50,96,0,96,146
09/24/2007,TIX,FL,ASO,ES,Federal Contract Tower,0,0,30,0,30,0,0,0,0,0,0,0,30,0,30,182,0,182,212
09/25/2007,TIX,FL,ASO,ES,Federal Contract Tower,0,0,41,0,41,0,0,0,0,0,0,0,41,0,41,205,0,205,246
09/26/2007,TIX,FL,ASO,ES,Federal Contract Tower,0,0,28,0,28,0,0,0,0,0,0,0,28,0,28,145,0,145,173
09/27/2007,TIX,FL,ASO,ES,Federal Contract Tower,0,0,47,0,47,0,0,216,0,216,0,0,263,0,263,433,0,433,696
09/28/2007,TIX,FL,ASO,ES,Federal Contract Tower,0,0,42,0,42,0,0,172,0,172,0,0,214,0,214,297,0,297,511
09/29/2007,TIX,FL,ASO,ES,Federal Contract Tower,0,0,10,0,10,0,0,75,0,75,0,0,85,0,85,132,0,132,217
09/30/2007,TIX,FL,ASO,ES,Federal Contract Tower,0,0,16,0,16,0,0,0,0,0,0,0,16,0,16,70,0,70,86
10/01/2007,TIX,FL,ASO,ES,Federal Contract Tower,0,0,11,0,11,0,0,13,0,13,0,0,24,0,24,6,0,6,30
10/02/2007,TIX,FL,ASO,ES,Federal Contract Tower,0,2,36,0,38,0,0,97,0,97,0,2,133,0,135,284,0,284,419
10/03/2007,TIX,FL,ASO,ES,Federal Contract Tower,0,0,49,0,49,0,0,198,0,198,0,0,247,0,247,349,0,349,596
10/04/2007,TIX,FL,ASO,ES,Federal Contract Tower,0,0,42,0,42,0,0,185,0,185,0,0,227,0,227,386,0,386,613
10/05/2007,TIX,FL,ASO,ES,Federal Contract Tower,0,0,20,0,20,0,0,111,0,111,0,0,131,0,131,399,0,399,530
10/06/2007,TIX,FL,ASO,ES,Federal Contract Tower,0,0,38,0,38,0,0,126,0,126,0,0,164,0,164,332,0,332,496
10/07/2007,TIX,FL,ASO,ES,Federal Contract Tower,0,0,15,0,15,0,0,35,0,35,0,0,50,0,50,60,0,60,110
10/08/2007,TIX,FL,ASO,ES,Federal Contract Tower,0,0,42,0,42,0,0,191,0,191,0,0,233,0,233,312,0,312,545
10/09/2007,TIX,FL,ASO,ES,Federal Contract Tower,0,0,57,0,57,0,0,236,2,238,0,0,293,2,295,421,0,421,716
10/10/2007,TIX,FL,ASO,ES,Federal Contract Tower,0,0,65,0,65,0,0,207,0,207,0,0,272,0,272,368,0,368,640
10/11/2007,TIX,FL,ASO,ES,Federal Contract Tower,0,0,52,0,52,0,0,180,0,180,0,0,232,0,232,477,0,477,709
10/12/2007,TIX,FL,ASO,ES,Federal Contract Tower,0,0,72,0,72,0,0,171,0,171,0,0,243,0,243,448,0,448,691
10/13/2007,TIX,FL,ASO,ES,Federal Contract Tower,0,0,27,0,27,0,0,190,0,190,0,0,217,0,217,182,0,182,399
10/14/2007,TIX,FL,ASO,ES,Federal Contract Tower,0,2,38,0,40,0,0,106,0,106,0,2,144,0,146,204,0,204,350
10/15/2007,TIX,FL,ASO,ES,Federal Contract Tower,0,0,39,0,39,0,0,143,0,143,0,0,182,0,182,282,0,282,464
10/16/2007,TIX,FL,ASO,ES,Federal Contract Tower,0,0,43,0,43,0,0,183,0,183,0,0,226,0,226,410,0,410,636
10/17/2007,TIX,FL,ASO,ES,Federal Contract Tower,0,0,28,0,28,0,0,190,0,190,0,0,218,0,218,386,0,386,604
10/18/2007,TIX,FL,ASO,ES,Federal Contract Tower,0,2,44,0,46,0,0,125,0,125,0,2,169,0,171,376,0,376,547
10/19/2007,TIX,FL,ASO,ES,Federal Contract Tower,0,0,40,0,40,0,0,99,0,99,0,0,139,0,139,234,0,234,373
10/20/2007,TIX,FL,ASO,ES,Federal Contract Tower,0,2,26,0,28,0,0,102,0,102,0,2,128,0,130,150,0,150,280
10/21/2007,TIX,FL,ASO,ES,Federal Contract Tower,0,0,20,0,20,0,0,50,0,50,0,0,70,0,70,200,0,200,270
10/22/2007,TIX,FL,ASO,ES,Federal Contract Tower,0,4,41,0,45,0,0,157,0,157,0,4,198,0,202,339,0,339,541
10/23/2007,TIX,FL,ASO,ES,Federal Contract Tower,0,4,34,0,38,0,0,106,0,106,0,4,140,0,144,269,0,269,413
10/24/2007,TIX,FL,ASO,ES,Federal Contract Tower,0,0,46,0,46,0,3,171,1,175,0,3,217,1,221,414,0,414,635
10/25/2007,TIX,FL,ASO,ES,Federal Contract Tower,0,0,67,0,67,0,0,197,2,199,0,0,264,2,266,350,0,350,616
10/26/2007,TIX,FL,ASO,ES,Federal Contract Tower,0,0,40,0,40,0,0,92,0,92,0,0,132,0,132,376,0,376,508
10/27/2007,TIX,FL,ASO,ES,Federal Contract Tower,0,0,52,0,52,0,0,82,0,82,0,0,134,0,134,251,0,251,385
10/28/2007,TIX,FL,ASO,ES,Federal Contract Tower,0,0,17,0,17,0,0,97,2,99,0,0,114,2,116,149,0,149,265
10/29/2007,TIX,FL,ASO,ES,Federal Contract Tower,0,0,6,0,6,0,0,12,0,12,0,0,18,0,18,64,0,64,82
10/30/2007,TIX,FL,ASO,ES,Federal Contract Tower,0,0,6,0,6,0,0,27,0,27,0,0,33,0,33,52,0,52,85
10/31/2007,TIX,FL,ASO,ES,Federal Contract Tower,0,0,11,0,11,0,0,49,0,49,0,0,60,0,60,84,0,84,144
11/01/2007,TIX,FL,ASO,ES,Federal Contract Tower,0,0,40,0,40,0,0,94,0,94,0,0,134,0,134,143,0,143,277
11/02/2007,TIX,FL,ASO,ES,Federal Contract Tower,0,0,32,0,32,0,0,142,0,142,0,0,174,0,174,233,0,233,407
11/03/2007,TIX,FL,ASO,ES,Federal Contract Tower,0,0,69,0,69,0,0,193,0,193,0,0,262,0,262,239,0,239,501
11/04/2007,TIX,FL,ASO,ES,Federal Contract Tower,0,0,66,0,66,0,0,149,0,149,0,0,215,0,215,314,0,314,529
11/05/2007,TIX,FL,ASO,ES,Federal Contract Tower,0,0,70,0,70,0,0,197,0,197,0,0,267,0,267,278,0,278,545
11/06/2007,TIX,FL,ASO,ES,Federal Contract Tower,0,0,62,0,62,0,0,214,0,214,0,0,276,0,276,402,0,402,678
11/07/2007,TIX,FL,ASO,ES,Federal Contract Tower,0,0,78,0,78,0,0,174,0,174,0,0,252,0,252,350,0,350,602
11/08/2007,TIX,FL,ASO,ES,Federal Contract Tower,0,0,91,0,91,0,0,226,2,228,0,0,317,2,319,443,0,443,762
11/09/2007,TIX,FL,ASO,ES,Federal Contract Tower,0,0,61,0,61,0,0,193,0,193,0,0,254,0,254,472,0,472,726
11/10/2007,TIX,FL,ASO,ES,Federal Contract Tower,0,0,40,0,40,0,0,179,0,179,0,0,219,0,219,279,0,279,498
11/11/2007,TIX,FL,ASO,ES,Federal Contract Tower,0,0,32,0,32,0,0,100,0,100,0,0,132,0,132,164,0,164,296
11/12/2007,TIX,FL,ASO,ES,Federal Contract Tower,0,0,55,0,55,0,0,184,0,184,0,0,239,0,239,340,0,340,579
11/13/2007,TIX,FL,ASO,ES,Federal Contract Tower,0,2,63,0,65,0,0,210,2,212,0,2,273,2,277,462,0,462,739
11/14/2007,TIX,FL,ASO,ES,Federal Contract Tower,0,0,55,0,55,0,0,287,0,287,0,0,342,0,342,454,0,454,796
11/15/2007,TIX,FL,ASO,ES,Federal Contract Tower,0,0,99,0,99,0,0,175,0,175,0,0,274,0,274,200,0,200,474
11/16/2007,TIX,FL,ASO,ES,Federal Contract Tower,0,0,68,0,68,0,0,167,0,167,0,0,235,0,235,407,0,407,642
11/17/2007,TIX,FL,ASO,ES,Federal Contract Tower,0,0,42,0,42,0,0,120,0,120,0,0,162,0,162,374,0,374,536
11/18/2007,TIX,FL,ASO,ES,Federal Contract Tower,0,0,41,0,41,0,0,105,0,105,0,0,146,0,146,234,0,234,380
11/19/2007,TIX,FL,ASO,ES,Federal Contract Tower,0,0,44,2,46,0,2,172,12,186,0,2,216,14,232,448,0,448,680
11/20/2007,TIX,FL,ASO,ES,Federal Contract Tower,0,0,49,0,49,0,0,193,0,193,0,0,242,0,242,506,0,506,748
11/21/2007,TIX,FL,ASO,ES,Federal Contract Tower,0,0,37,0,37,0,0,217,0,217,0,0,254,0,254,345,0,345,599
11/22/2007,TIX,FL,ASO,ES,Federal Contract Tower,0,0,2,0,2,0,0,8,0,8,0,0,10,0,10,16,0,16,26
11/23/2007,TIX,FL,ASO,ES,Federal Contract Tower,0,0,67,0,67,0,0,77,0,77,0,0,144,0,144,158,0,158,302
11/24/2007,TIX,FL,ASO,ES,Federal Contract Tower,0,0,37,0,37,0,1,182,0,183,0,1,219,0,220,309,0,309,529
11/25/2007,TIX,FL,ASO,ES,Federal Contract Tower,0,2,30,0,32,0,0,139,0,139,0,2,169,0,171,205,0,205,376
11/26/2007,TIX,FL,ASO,ES,Federal Contract Tower,0,0,47,0,47,0,0,136,0,136,0,0,183,0,183,215,0,215,398
11/27/2007,TIX,FL,ASO,ES,Federal Contract Tower,0,0,97,0,97,0,0,140,0,140,0,0,237,0,237,288,0,288,525
11/28/2007,TIX,FL,ASO,ES,Federal Contract Tower,0,0,46,0,46,0,0,177,0,177,0,0,223,0,223,348,0,348,571
11/29/2007,TIX,FL,ASO,ES,Federal Contract Tower,0,0,52,0,52,0,0,223,0,223,0,0,275,0,275,418,0,418,693
11/30/2007,TIX,FL,ASO,ES,Federal Contract Tower,0,0,68,0,68,0,0,12,0,12,0,0,80,0,80,102,0,102,182
12/01/2007,TIX,FL,ASO,ES,Federal Contract Tower,0,0,64,0,64,0,0,173,0,173,0,0,237,0,237,322,0,322,559
12/02/2007,TIX,FL,ASO,ES,Federal Contract Tower,0,0,27,0,27,0,0,132,0,132,0,0,159,0,159,201,0,201,360
12/03/2007,TIX,FL,ASO,ES,Federal Contract Tower,0,3,55,2,60,0,0,107,0,107,0,3,162,2,167,356,0,356,523
12/04/2007,TIX,FL,ASO,ES,Federal Contract Tower,0,0,67,0,67,0,0,168,0,168,0,0,235,0,235,390,0,390,625
12/05/2007,TIX,FL,ASO,ES,Federal Contract Tower,0,0,54,0,54,0,0,240,0,240,0,0,294,0,294,432,0,432,726
12/06/2007,TIX,FL,ASO,ES,Federal Contract Tower,0,0,43,0,43,0,0,109,0,109,0,0,152,0,152,224,0,224,376
12/07/2007,TIX,FL,ASO,ES,Federal Contract Tower,0,0,48,0,48,0,0,140,0,140,0,0,188,0,188,337,0,337,525
12/08/2007,TIX,FL,ASO,ES,Federal Contract Tower,0,0,26,0,26,0,0,136,0,136,0,0,162,0,162,141,0,141,303
12/09/2007,TIX,FL,ASO,ES,Federal Contract Tower,0,0,25,0,25,0,0,71,1,72,0,0,96,1,97,148,0,148,245
12/10/2007,TIX,FL,ASO,ES,Federal Contract Tower,0,2,36,0,38,0,0,143,0,143,0,2,179,0,181,360,0,360,541
12/11/2007,TIX,FL,ASO,ES,Federal Contract Tower,0,0,39,0,39,0,0,196,2,198,0,0,235,2,237,340,0,340,577
12/12/2007,TIX,FL,ASO,ES,Federal Contract Tower,0,0,63,0,63,0,0,275,0,275,0,0,338,0,338,404,0,404,742
12/13/2007,TIX,FL,ASO,ES,Federal Contract Tower,0,0,75,0,75,0,2,203,0,205,0,2,278,0,280,351,0,351,631
12/14/2007,TIX,FL,ASO,ES,Federal Contract Tower,0,0,31,0,31,0,0,113,0,113,0,0,144,0,144,351,0,351,495
12/15/2007,TIX,FL,ASO,ES,Federal Contract Tower,0,0,23,0,23,0,0,60,0,60,0,0,83,0,83,118,0,118,201
12/16/2007,TIX,FL,ASO,ES,Federal Contract Tower,0,0,11,0,11,0,0,45,0,45,0,0,56,0,56,48,0,48,104
12/17/2007,TIX,FL,ASO,ES,Federal Contract Tower,0,0,73,0,73,0,0,140,0,140,0,0,213,0,213,221,0,221,434
12/18/2007,TIX,FL,ASO,ES,Federal Contract Tower,0,0,42,0,42,0,0,183,0,183,0,0,225,0,225,266,0,266,491
12/19/2007,TIX,FL,ASO,ES,Federal Contract Tower,0,0,55,0,55,0,0,186,0,186,0,0,241,0,241,289,0,289,530
12/20/2007,TIX,FL,ASO,ES,Federal Contract Tower,0,0,43,0,43,0,0,149,0,149,0,0,192,0,192,278,0,278,470
12/21/2007,TIX,FL,ASO,ES,Federal Contract Tower,0,1,34,0,35,0,0,73,0,73,0,1,107,0,108,224,0,224,332
12/22/2007,TIX,FL,ASO,ES,Federal Contract Tower,0,1,25,0,26,0,0,30,0,30,0,1,55,0,56,143,0,143,199
12/23/2007,TIX,FL,ASO,ES,Federal Contract Tower,0,0,22,0,22,0,0,93,0,93,0,0,115,0,115,178,0,178,293
12/24/2007,TIX,FL,ASO,ES,Federal Contract Tower,0,0,10,0,10,0,0,64,0,64,0,0,74,0,74,124,0,124,198
12/25/2007,TIX,FL,ASO,ES,Federal Contract Tower,0,0,0,0,0,0,0,27,0,27,0,0,27,0,27,20,0,20,47
12/26/2007,TIX,FL,ASO,ES,Federal Contract Tower,0,0,24,0,24,0,0,83,0,83,0,0,107,0,107,74,0,74,181
12/27/2007,TIX,FL,ASO,ES,Federal Contract Tower,0,0,40,0,40,0,3,171,0,174,0,3,211,0,214,194,0,194,408
12/28/2007,TIX,FL,ASO,ES,Federal Contract Tower,0,0,42,0,42,0,2,130,0,132,0,2,172,0,174,180,0,180,354
12/29/2007,TIX,FL,ASO,ES,Federal Contract Tower,0,1,46,0,47,0,0,96,0,96,0,1,142,0,143,208,0,208,351
12/30/2007,TIX,FL,ASO,ES,Federal Contract Tower,0,1,19,0,20,0,0,71,0,71,0,1,90,0,91,123,0,123,214
12/31/2007,TIX,FL,ASO,ES,Federal Contract Tower,0,0,14,0,14,0,0,56,0,56,0,0,70,0,70,56,0,56,126
01/01/2008,TIX,FL,ASO,ES,Federal Contract Tower,0,0,10,0,10,0,0,22,0,22,0,0,32,0,32,6,0,6,38
01/02/2008,TIX,FL,ASO,ES,Federal Contract Tower,0,1,28,0,29,0,0,78,0,78,0,1,106,0,107,76,0,76,183
01/03/2008,TIX,FL,ASO,ES,Federal Contract Tower,0,0,19,0,19,0,0,34,0,34,0,0,53,0,53,102,0,102,155
01/04/2008,TIX,FL,ASO,ES,Federal Contract Tower,0,0,53,2,55,0,0,149,0,149,0,0,202,2,204,285,0,285,489
01/05/2008,TIX,FL,ASO,ES,Federal Contract Tower,0,2,52,0,54,0,0,148,0,148,0,2,200,0,202,224,0,224,426
01/06/2008,TIX,FL,ASO,ES,Federal Contract Tower,0,0,39,0,39,0,0,121,0,121,0,0,160,0,160,191,0,191,351
01/07/2008,TIX,FL,ASO,ES,Federal Contract Tower,0,0,47,0,47,0,0,141,0,141,0,0,188,0,188,244,0,244,432
01/08/2008,TIX,FL,ASO,ES,Federal Contract Tower,0,0,85,0,85,0,0,178,0,178,0,0,263,0,263,376,0,376,639
01/09/2008,TIX,FL,ASO,ES,Federal Contract Tower,0,0,68,0,68,0,0,233,0,233,0,0,301,0,301,382,0,382,683
01/10/2008,TIX,FL,ASO,ES,Federal Contract Tower,0,0,60,0,60,0,0,187,0,187,0,0,247,0,247,392,0,392,639
01/11/2008,TIX,FL,ASO,ES,Federal Contract Tower,0,0,73,0,73,0,0,203,0,203,0,0,276,0,276,379,0,379,655
01/12/2008,TIX,FL,ASO,ES,Federal Contract Tower,0,0,45,0,45,0,0,177,2,179,0,0,222,2,224,285,0,285,509
01/13/2008,TIX,FL,ASO,ES,Federal Contract Tower,0,0,13,0,13,0,0,26,0,26,0,0,39,0,39,104,0,104,143
01/14/2008,TIX,FL,ASO,ES,Federal Contract Tower,0,0,69,0,69,0,0,140,0,140,0,0,209,0,209,240,0,240,449
01/15/2008,TIX,FL,ASO,ES,Federal Contract Tower,0,0,79,0,79,0,0,188,0,188,0,0,267,0,267,334,0,334,601
01/16/2008,TIX,FL,ASO,ES,Federal Contract Tower,0,0,56,0,56,0,0,135,0,135,0,0,191,0,191,336,0,336,527
01/17/2008,TIX,FL,ASO,ES,Federal Contract Tower,0,2,49,0,51,0,0,67,0,67,0,2,116,0,118,150,0,150,268
01/18/2008,TIX,FL,ASO,ES,Federal Contract Tower,0,1,85,0,86,0,0,13,0,13,0,1,98,0,99,90,0,90,189
01/19/2008,TIX,FL,ASO,ES,Federal Contract Tower,0,6,13,0,19,0,0,22,0,22,0,6,35,0,41,10,0,10,51
01/20/2008,TIX,FL,ASO,ES,Federal Contract Tower,0,5,31,0,36,0,0,48,0,48,0,5,79,0,84,38,0,38,122
01/21/2008,TIX,FL,ASO,ES,Federal Contract Tower,0,0,55,0,55,0,0,128,0,128,0,0,183,0,183,264,0,264,447
01/22/2008,TIX,FL,ASO,ES,Federal Contract Tower,0,0,87,0,87,0,0,251,0,251,0,0,338,0,338,456,0,456,794
01/23/2008,TIX,FL,ASO,ES,Federal Contract Tower,0,0,48,0,48,0,0,137,0,137,0,0,185,0,185,206,0,206,391
01/24/2008,TIX,FL,ASO,ES,Federal Contract Tower,0,0,69,0,69,0,0,176,0,176,0,0,245,0,245,298,0,298,543
01/25/2008,TIX,FL,ASO,ES,Federal Contract Tower,0,0,56,0,56,0,0,163,0,163,0,0,219,0,219,190,0,190,409
01/26/2008,TIX,FL,ASO,ES,Federal Contract Tower,0,0,40,0,40,0,0,120,0,120,0,0,160,0,160,248,0,248,408
01/27/2008,TIX,FL,ASO,ES,Federal Contract Tower,0,0,56,0,56,0,0,67,0,67,0,0,123,0,123,110,0,110,233
01/28/2008,TIX,FL,ASO,ES,Federal Contract Tower,0,0,55,0,55,0,0,183,0,183,0,0,238,0,238,281,0,281,519
01/29/2008,TIX,FL,ASO,ES,Federal Contract Tower,0,0,56,0,56,0,0,208,0,208,0,0,264,0,264,370,0,370,634
01/30/2008,TIX,FL,ASO,ES,Federal Contract Tower,0,0,71,0,71,0,0,191,0,191,0,0,262,0,262,296,0,296,558
01/31/2008,TIX,FL,ASO,ES,Federal Contract Tower,0,1,81,0,82,0,0,248,0,248,0,1,329,0,330,527,0,527,857
02/01/2008,TIX,FL,ASO,ES,Federal Contract Tower,0,0,35,0,35,0,0,174,0,174,0,0,209,0,209,240,0,240,449
02/02/2008,TIX,FL,ASO,ES,Federal Contract Tower,0,0,38,0,38,0,1,170,0,171,0,1,208,0,209,301,0,301,510
02/03/2008,TIX,FL,ASO,ES,Federal Contract Tower,0,0,23,0,23,0,1,112,0,113,0,1,135,0,136,116,0,116,252
02/04/2008,TIX,FL,ASO,ES,Federal Contract Tower,0,0,56,0,56,0,0,146,0,146,0,0,202,0,202,284,0,284,486
02/05/2008,TIX,FL,ASO,ES,Federal Contract Tower,0,0,52,0,52,0,2,144,0,146,0,2,196,0,198,264,0,264,462
02/06/2008,TIX,FL,ASO,ES,Federal Contract Tower,0,0,28,0,28,0,0,138,0,138,0,0,166,0,166,262,0,262,428
02/07/2008,TIX,FL,ASO,ES,Federal Contract Tower,0,1,20,0,21,0,0,34,10,44,0,1,54,10,65,118,0,118,183
02/08/2008,TIX,FL,ASO,ES,Federal Contract Tower,0,2,38,0,40,0,0,174,0,174,0,2,212,0,214,196,0,196,410
02/09/2008,TIX,FL,ASO,ES,Federal Contract Tower,0,0,55,0,55,0,0,152,0,152,0,0,207,0,207,336,0,336,543
02/10/2008,TIX,FL,ASO,ES,Federal Contract Tower,0,0,34,0,34,0,0,102,0,102,0,0,136,0,136,116,0,116,252
02/11/2008,TIX,FL,ASO,ES,Federal Contract Tower,0,0,75,0,75,0,0,167,0,167,0,0,242,0,242,348,0,348,590
02/12/2008,TIX,FL,ASO,ES,Federal Contract Tower,0,0,22,4,26,0,0,95,0,95,0,0,117,4,121,204,0,204,325
02/13/2008,TIX,FL,ASO,ES,Federal Contract Tower,0,0,33,0,33,0,0,76,1,77,0,0,109,1,110,116,0,116,226
02/14/2008,TIX,FL,ASO,ES,Federal Contract Tower,0,2,61,0,63,0,1,243,0,244,0,3,304,0,307,355,0,355,662
02/15/2008,TIX,FL,ASO,ES,Federal Contract Tower,0,0,83,0,83,0,0,183,0,183,0,0,266,0,266,287,0,287,553
02/16/2008,TIX,FL,ASO,ES,Federal Contract Tower,0,0,64,0,64,0,0,203,0,203,0,0,267,0,267,218,0,218,485
02/17/2008,TIX,FL,ASO,ES,Federal Contract Tower,0,0,58,0,58,0,0,71,0,71,0,0,129,0,129,151,0,151,280
02/18/2008,TIX,FL,ASO,ES,Federal Contract Tower,0,0,41,0,41,0,0,37,0,37,0,0,78,0,78,116,0,116,194
02/19/2008,TIX,FL,ASO,ES,Federal Contract Tower,0,0,75,0,75,0,0,231,0,231,0,0,306,0,306,378,0,378,684
02/20/2008,TIX,FL,ASO,ES,Federal Contract Tower,0,0,58,0,58,0,0,256,0,256,0,0,314,0,314,300,0,300,614
02/21/2008,TIX,FL,ASO,ES,Federal Contract Tower,0,2,59,0,61,0,0,212,0,212,0,2,271,0,273,224,0,224,497
02/22/2008,TIX,FL,ASO,ES,Federal Contract Tower,0,0,54,4,58,0,1,185,0,186,0,1,239,4,244,284,0,284,528
02/23/2008,TIX,FL,ASO,ES,Federal Contract Tower,0,7,27,0,34,0,0,53,0,53,0,7,80,0,87,78,0,78,165
02/24/2008,TIX,FL,ASO,ES,Federal Contract Tower,0,2,32,0,34,0,0,121,0,121,0,2,153,0,155,100,0,100,255
02/25/2008,TIX,FL,ASO,ES,Federal Contract Tower,0,0,59,0,59,0,0,193,0,193,0,0,252,0,252,224,0,224,476
02/26/2008,TIX,FL,ASO,ES,Federal Contract Tower,0,0,42,0,42,0,0,53,0,53,0,0,95,0,95,94,0,94,189
02/27/2008,TIX,FL,ASO,ES,Federal Contract Tower,0,0,52,0,52,0,0,174,0,174,0,0,226,0,226,233,0,233,459
02/28/2008,TIX,FL,ASO,ES,Federal Contract Tower,0,0,88,3,91,0,0,260,5,265,0,0,348,8,356,222,0,222,578
02/29/2008,TIX,FL,ASO,ES,Federal Contract Tower,0,1,85,0,86,0,4,243,2,249,0,5,328,2,335,341,0,341,676
03/01/2008,TIX,FL,ASO,ES,Federal Contract Tower,0,1,52,0,53,0,0,208,0,208,0,1,260,0,261,203,0,203,464
03/02/2008,TIX,FL,ASO,ES,Federal Contract Tower,0,0,38,0,38,0,0,106,0,106,0,0,144,0,144,175,0,175,319
03/03/2008,TIX,FL,ASO,ES,Federal Contract Tower,0,0,41,0,41,0,0,166,0,166,0,0,207,0,207,257,0,257,464
03/04/2008,TIX,FL,ASO,ES,Federal Contract Tower,0,1,25,0,26,0,0,100,0,100,0,1,125,0,126,248,0,248,374
03/05/2008,TIX,FL,ASO,ES,Federal Contract Tower,0,0,72,0,72,0,0,249,0,249,0,0,321,0,321,258,0,258,579
03/06/2008,TIX,FL,ASO,ES,Federal Contract Tower,0,0,65,0,65,0,0,219,0,219,0,0,284,0,284,185,0,185,469
03/07/2008,TIX,FL,ASO,ES,Federal Contract Tower,0,1,16,1,18,0,1,67,0,68,0,2,83,1,86,36,0,36,122
03/08/2008,TIX,FL,ASO,ES,Federal Contract Tower,0,0,14,0,14,0,0,8,1,9,0,0,22,1,23,14,4,18,41
03/09/2008,TIX,FL,ASO,ES,Federal Contract Tower,0,0,53,0,53,0,0,160,0,160,0,0,213,0,213,179,0,179,392
03/10/2008,TIX,FL,ASO,ES,Federal Contract Tower,0,0,70,0,70,0,1,191,0,192,0,1,261,0,262,268,4,272,534
03/11/2008,TIX,FL,ASO,ES,Federal Contract Tower,0,1,65,0,66,0,2,227,0,229,0,3,292,0,295,306,0,306,601
03/12/2008,TIX,FL,ASO,ES,Federal Contract Tower,0,0,66,0,66,0,0,252,0,252,0,0,318,0,318,166,0,166,484
03/13/2008,TIX,FL,ASO,ES,Federal Contract Tower,0,0,64,1,65,0,0,249,3,252,0,0,313,4,317,64,1,65,382
03/14/2008,TIX,FL,ASO,ES,Federal Contract Tower,0,0,13,0,13,0,0,108,0,108,0,0,121,0,121,45,0,45,166
03/15/2008,TIX,FL,ASO,ES,Federal Contract Tower,0,0,20,0,20,0,0,95,0,95,0,0,115,0,115,28,0,28,143
03/16/2008,TIX,FL,ASO,ES,Federal Contract Tower,0,2,20,0,22,0,2,81,0,83,0,4,101,0,105,28,0,28,133
03/17/2008,TIX,FL,ASO,ES,Federal Contract Tower,0,0,74,1,75,0,2,211,4,217,0,2,285,5,292,248,4,252,544
03/18/2008,TIX,FL,ASO,ES,Federal Contract Tower,0,0,62,0,62,0,0,161,1,162,0,0,223,1,224,146,0,146,370
03/19/2008,TIX,FL,ASO,ES,Federal Contract Tower,0,0,39,0,39,0,0,155,0,155,0,0,194,0,194,122,0,122,316
03/20/2008,TIX,FL,ASO,ES,Federal Contract Tower,0,2,38,0,40,0,0,116,2,118,0,2,154,2,158,154,0,154,312
03/21/2008,TIX,FL,ASO,ES,Federal Contract Tower,0,0,55,0,55,0,0,245,0,245,0,0,300,0,300,306,0,306,606
03/22/2008,TIX,FL,ASO,ES,Federal Contract Tower,0,0,45,0,45,0,0,204,0,204,0,0,249,0,249,194,0,194,443
03/23/2008,TIX,FL,ASO,ES,Federal Contract Tower,0,1,22,0,23,0,0,118,0,118,0,1,140,0,141,114,0,114,255
03/24/2008,TIX,FL,ASO,ES,Federal Contract Tower,0,1,49,0,50,0,0,109,0,109,0,1,158,0,159,123,0,123,282
03/25/2008,TIX,FL,ASO,ES,Federal Contract Tower,0,0,64,0,64,0,0,206,0,206,0,0,270,0,270,172,0,172,442
03/26/2008,TIX,FL,ASO,ES,Federal Contract Tower,0,0,44,0,44,0,0,214,0,214,0,0,258,0,258,214,0,214,472
03/27/2008,TIX,FL,ASO,ES,Federal Contract Tower,0,2,71,0,73,0,1,208,0,209,0,3,279,0,282,304,0,304,586
03/28/2008,TIX,FL,ASO,ES,Federal Contract Tower,0,0,36,0,36,0,0,203,0,203,0,0,239,0,239,278,0,278,517
03/29/2008,TIX,FL,ASO,ES,Federal Contract Tower,0,0,45,0,45,0,0,158,0,158,0,0,203,0,203,250,0,250,453
03/30/2008,TIX,FL,ASO,ES,Federal Contract Tower,0,0,35,0,35,0,6,59,0,65,0,6,94,0,100,71,0,71,171
03/31/2008,TIX,FL,ASO,ES,Federal Contract Tower,0,0,41,1,42,0,0,170,1,171,0,0,211,2,213,302,0,302,515
04/01/2008,TIX,FL,ASO,ES,Federal Contract Tower,0,0,39,0,39,0,0,121,0,121,0,0,160,0,160,214,0,214,374
04/02/2008,TIX,FL,ASO,ES,Federal Contract Tower,0,0,39,0,39,0,0,263,0,263,0,0,302,0,302,258,0,258,560
04/03/2008,TIX,FL,ASO,ES,Federal Contract Tower,0,2,28,0,30,0,0,127,0,127,0,2,155,0,157,241,0,241,398
04/04/2008,TIX,FL,ASO,ES,Federal Contract Tower,0,0,71,1,72,0,3,221,0,224,0,3,292,1,296,248,0,248,544
04/05/2008,TIX,FL,ASO,ES,Federal Contract Tower,0,3,68,1,72,0,0,224,0,224,0,3,292,1,296,248,0,248,544
04/06/2008,TIX,FL,ASO,ES,Federal Contract Tower,0,1,31,0,32,0,0,72,0,72,0,1,103,0,104,111,0,111,215
04/07/2008,TIX,FL,ASO,ES,Federal Contract Tower,0,0,50,0,50,0,0,84,0,84,0,0,134,0,134,218,0,218,352
04/08/2008,TIX,FL,ASO,ES,Federal Contract Tower,0,1,44,2,47,0,0,193,0,193,0,1,237,2,240,170,0,170,410
04/09/2008,TIX,FL,ASO,ES,Federal Contract Tower,0,0,80,0,80,0,0,299,2,301,0,0,379,2,381,418,0,418,799
04/10/2008,TIX,FL,ASO,ES,Federal Contract Tower,0,1,59,0,60,0,0,244,0,244,0,1,303,0,304,306,0,306,610
04/11/2008,TIX,FL,ASO,ES,Federal Contract Tower,0,1,49,0,50,0,0,239,0,239,0,1,288,0,289,204,0,204,493
04/12/2008,TIX,FL,ASO,ES,Federal Contract Tower,0,6,46,0,52,0,2,123,0,125,0,8,169,0,177,115,0,115,292
04/13/2008,TIX,FL,ASO,ES,Federal Contract Tower,0,3,39,0,42,0,0,81,0,81,0,3,120,0,123,72,0,72,195
04/14/2008,TIX,FL,ASO,ES,Federal Contract Tower,0,0,57,0,57,0,0,218,0,218,0,0,275,0,275,288,0,288,563
04/15/2008,TIX,FL,ASO,ES,Federal Contract Tower,0,4,35,0,39,0,0,190,0,190,0,4,225,0,229,143,0,143,372
04/16/2008,TIX,FL,ASO,ES,Federal Contract Tower,0,0,43,0,43,0,0,122,0,122,0,0,165,0,165,128,0,128,293
04/17/2008,TIX,FL,ASO,ES,Federal Contract Tower,0,0,52,0,52,0,0,287,1,288,0,0,339,1,340,278,0,278,618
04/18/2008,TIX,FL,ASO,ES,Federal Contract Tower,0,0,54,0,54,0,0,202,2,204,0,0,256,2,258,322,4,326,584
04/19/2008,TIX,FL,ASO,ES,Federal Contract Tower,0,0,28,0,28,0,0,134,0,134,0,0,162,0,162,223,0,223,385
04/20/2008,TIX,FL,ASO,ES,Federal Contract Tower,0,3,33,0,36,0,0,98,0,98,0,3,131,0,134,156,0,156,290
04/21/2008,TIX,FL,ASO,ES,Federal Contract Tower,0,0,53,0,53,0,0,197,0,197,0,0,250,0,250,214,0,214,464
04/22/2008,TIX,FL,ASO,ES,Federal Contract Tower,0,0,51,2,53,0,0,247,0,247,0,0,298,2,300,353,0,353,653
04/23/2008,TIX,FL,ASO,ES,Federal Contract Tower,0,0,51,0,51,0,0,145,0,145,0,0,196,0,196,300,0,300,496
04/24/2008,TIX,FL,ASO,ES,Federal Contract Tower,0,1,47,0,48,0,0,224,0,224,0,1,271,0,272,442,0,442,714
04/25/2008,TIX,FL,ASO,ES,Federal Contract Tower,0,1,42,0,43,0,0,249,0,249,0,1,291,0,292,359,0,359,651
04/26/2008,TIX,FL,ASO,ES,Federal Contract Tower,0,0,41,0,41,0,1,190,0,191,0,1,231,0,232,192,0,192,424
04/27/2008,TIX,FL,ASO,ES,Federal Contract Tower,0,1,36,0,37,0,0,106,0,106,0,1,142,0,143,138,0,138,281
04/28/2008,TIX,FL,ASO,ES,Federal Contract Tower,0,0,21,0,21,0,0,173,0,173,0,0,194,0,194,398,0,398,592
04/29/2008,TIX,FL,ASO,ES,Federal Contract Tower,0,0,59,0,59,0,0,206,0,206,0,0,265,0,265,422,0,422,687
04/30/2008,TIX,FL,ASO,ES,Federal Contract Tower,0,0,23,0,23,0,0,277,0,277,0,0,300,0,300,322,0,322,622
05/01/2008,TIX,FL,ASO,ES,Federal Contract Tower,0,0,42,0,42,0,0,228,0,228,0,0,270,0,270,380,0,380,650
05/02/2008,TIX,FL,ASO,ES,Federal Contract Tower,0,0,33,0,33,0,0,247,0,247,0,0,280,0,280,190,0,190,470
05/03/2008,TIX,FL,ASO,ES,Federal Contract Tower,0,0,22,0,22,0,0,156,0,156,0,0,178,0,178,249,0,249,427
05/04/2008,TIX,FL,ASO,ES,Federal Contract Tower,0,0,16,0,16,0,0,105,0,105,0,0,121,0,121,137,0,137,258
05/05/2008,TIX,FL,ASO,ES,Federal Contract Tower,0,0,60,0,60,0,0,197,0,197,0,0,257,0,257,216,0,216,473
05/06/2008,TIX,FL,ASO,ES,Federal Contract Tower,0,0,40,0,40,0,0,220,0,220,0,0,260,0,260,468,0,468,728
05/07/2008,TIX,FL,ASO,ES,Federal Contract Tower,0,2,30,0,32,0,0,257,0,257,0,2,287,0,289,328,0,328,617
05/08/2008,TIX,FL,ASO,ES,Federal Contract Tower,0,0,25,0,25,0,0,226,0,226,0,0,251,0,251,271,0,271,522
05/09/2008,TIX,FL,ASO,ES,Federal Contract Tower,0,0,48,0,48,0,0,93,0,93,0,0,141,0,141,186,0,186,327
05/10/2008,TIX,FL,ASO,ES,Federal Contract Tower,0,0,31,0,31,0,0,143,0,143,0,0,174,0,174,72,0,72,246
05/11/2008,TIX,FL,ASO,ES,Federal Contract Tower,0,0,9,0,9,0,0,27,0,27,0,0,36,0,36,12,0,12,48
05/12/2008,TIX,FL,ASO,ES,Federal Contract Tower,0,0,59,0,59,0,0,163,0,163,0,0,222,0,222,285,0,285,507
05/13/2008,TIX,FL,ASO,ES,Federal Contract Tower,0,0,33,0,33,0,0,234,0,234,0,0,267,0,267,360,0,360,627
05/14/2008,TIX,FL,ASO,ES,Federal Contract Tower,0,0,52,0,52,0,0,209,0,209,0,0,261,0,261,453,0,453,714
05/15/2008,TIX,FL,ASO,ES,Federal Contract Tower,0,0,38,0,38,0,0,190,0,190,0,0,228,0,228,364,0,364,592
05/16/2008,TIX,FL,ASO,ES,Federal Contract Tower,0,0,33,0,33,0,0,176,0,176,0,0,209,0,209,242,0,242,451
05/17/2008,TIX,FL,ASO,ES,Federal Contract Tower,0,0,21,0,21,0,0,104,0,104,0,0,125,0,125,242,0,242,367
05/18/2008,TIX,FL,ASO,ES,Federal Contract Tower,0,0,26,0,26,0,0,27,0,27,0,0,53,0,53,76,0,76,129
05/19/2008,TIX,FL,ASO,ES,Federal Contract Tower,0,0,18,0,18,0,0,41,0,41,0,0,59,0,59,299,0,299,358
05/20/2008,TIX,FL,ASO,ES,Federal Contract Tower,0,0,14,0,14,0,0,31,0,31,0,0,45,0,45,246,0,246,291
05/21/2008,TIX,FL,ASO,ES,Federal Contract Tower,0,0,26,0,26,0,0,52,0,52,0,0,78,0,78,255,0,255,333
05/22/2008,TIX,FL,ASO,ES,Federal Contract Tower,0,0,23,2,25,0,0,137,0,137,0,0,160,2,162,258,0,258,420
05/23/2008,TIX,FL,ASO,ES,Federal Contract Tower,0,0,40,0,40,0,0,168,0,168,0,0,208,0,208,247,0,247,455
05/24/2008,TIX,FL,ASO,ES,Federal Contract Tower,0,0,10,0,10,0,0,125,0,125,0,0,135,0,135,270,0,270,405
05/25/2008,TIX,FL,ASO,ES,Federal Contract Tower,0,2,20,0,22,0,0,27,0,27,0,2,47,0,49,155,0,155,204
05/26/2008,TIX,FL,ASO,ES,Federal Contract Tower,0,1,18,0,19,0,0,38,0,38,0,1,56,0,57,359,0,359,416
05/27/2008,TIX,FL,ASO,ES,Federal Contract Tower,0,0,54,0,54,0,0,84,0,84,0,0,138,0,138,484,0,484,622
05/28/2008,TIX,FL,ASO,ES,Federal Contract Tower,0,4,43,0,47,0,1,113,0,114,0,5,156,0,161,457,0,457,618
05/29/2008,TIX,FL,ASO,ES,Federal Contract Tower,0,2,54,0,56,0,0,194,0,194,0,2,248,0,250,393,0,393,643
05/30/2008,TIX,FL,ASO,ES,Federal Contract Tower,0,1,35,0,36,0,0,209,0,209,0,1,244,0,245,262,0,262,507
05/31/2008,TIX,FL,ASO,ES,Federal Contract Tower,0,5,20,0,25,0,1,28,5,34,0,6,48,5,59,20,0,20,79
06/01/2008,TIX,FL,ASO,ES,Federal Contract Tower,0,2,12,0,14,0,1,48,0,49,0,3,60,0,63,100,2,102,165
06/02/2008,TIX,FL,ASO,ES,Federal Contract Tower,0,0,20,0,20,0,0,24,0,24,0,0,44,0,44,364,0,364,408
06/03/2008,TIX,FL,ASO,ES,Federal Contract Tower,0,0,29,0,29,0,1,65,0,66,0,1,94,0,95,460,0,460,555
06/04/2008,TIX,FL,ASO,ES,Federal Contract Tower,0,0,46,0,46,0,0,61,0,61,0,0,107,0,107,406,0,406,513
06/05/2008,TIX,FL,ASO,ES,Federal Contract Tower,0,0,30,0,30,0,0,57,0,57,0,0,87,0,87,346,0,346,433
06/06/2008,TIX,FL,ASO,ES,Federal Contract Tower,0,0,39,0,39,0,0,26,0,26,0,0,65,0,65,456,0,456,521
06/07/2008,TIX,FL,ASO,ES,Federal Contract Tower,0,1,35,0,36,0,0,75,0,75,0,1,110,0,111,253,0,253,364
06/08/2008,TIX,FL,ASO,ES,Federal Contract Tower,0,0,16,0,16,0,0,23,0,23,0,0,39,0,39,160,0,160,199
06/09/2008,TIX,FL,ASO,ES,Federal Contract Tower,0,1,21,0,22,0,0,33,0,33,0,1,54,0,55,388,0,388,443
06/10/2008,TIX,FL,ASO,ES,Federal Contract Tower,0,0,18,0,18,0,0,22,0,22,0,0,40,0,40,283,0,283,323
06/11/2008,TIX,FL,ASO,ES,Federal Contract Tower,0,1,33,0,34,0,1,112,0,113,0,2,145,0,147,315,0,315,462
06/12/2008,TIX,FL,ASO,ES,Federal Contract Tower,0,1,34,0,35,0,0,101,0,101,0,1,135,0,136,465,0,465,601
06/13/2008,TIX,FL,ASO,ES,Federal Contract Tower,0,0,25,0,25,0,0,72,0,72,0,0,97,0,97,354,0,354,451
06/14/2008,TIX,FL,ASO,ES,Federal Contract Tower,0,4,30,0,34,0,0,74,0,74,0,4,104,0,108,184,0,184,292
06/15/2008,TIX,FL,ASO,ES,Federal Contract Tower,0,8,16,0,24,0,0,26,0,26,0,8,42,0,50,138,0,138,188
06/16/2008,TIX,FL,ASO,ES,Federal Contract Tower,0,1,26,0,27,0,0,15,0,15,0,1,41,0,42,241,0,241,283
06/17/2008,TIX,FL,ASO,ES,Federal Contract Tower,0,0,36,0,36,0,0,56,0,56,0,0,92,0,92,393,0,393,485
06/18/2008,TIX,FL,ASO,ES,Federal Contract Tower,0,0,30,0,30,0,0,91,0,91,0,0,121,0,121,302,0,302,423
06/19/2008,TIX,FL,ASO,ES,Federal Contract Tower,0,0,23,0,23,0,0,97,0,97,0,0,120,0,120,359,0,359,479
06/20/2008,TIX,FL,ASO,ES,Federal Contract Tower,0,0,31,0,31,0,0,106,0,106,0,0,137,0,137,363,0,363,500
06/21/2008,TIX,FL,ASO,ES,Federal Contract Tower,0,1,50,0,51,0,0,53,1,54,0,1,103,1,105,94,0,94,199
06/22/2008,TIX,FL,ASO,ES,Federal Contract Tower,0,2,24,0,26,0,0,46,0,46,0,2,70,0,72,209,0,209,281
06/23/2008,TIX,FL,ASO,ES,Federal Contract Tower,0,0,30,0,30,0,0,25,1,26,0,0,55,1,56,510,0,510,566
06/24/2008,TIX,FL,ASO,ES,Federal Contract Tower,0,0,54,0,54,0,0,37,0,37,0,0,91,0,91,485,0,485,576
06/25/2008,TIX,FL,ASO,ES,Federal Contract Tower,0,0,34,0,34,0,0,33,0,33,0,0,67,0,67,363,0,363,430
06/26/2008,TIX,FL,ASO,ES,Federal Contract Tower,0,1,21,0,22,0,0,59,0,59,0,1,80,0,81,248,0,248,329
06/27/2008,TIX,FL,ASO,ES,Federal Contract Tower,0,0,38,0,38,0,0,89,0,89,0,0,127,0,127,419,0,419,546
06/28/2008,TIX,FL,ASO,ES,Federal Contract Tower,0,0,39,0,39,0,0,72,0,72,0,0,111,0,111,176,0,176,287
06/29/2008,TIX,FL,ASO,ES,Federal Contract Tower,0,1,21,0,22,0,0,19,0,19,0,1,40,0,41,177,0,177,218
06/30/2008,TIX,FL,ASO,ES,Federal Contract Tower,0,0,28,0,28,0,0,85,0,85,0,0,113,0,113,500,0,500,613
07/01/2008,TIX,FL,ASO,ES,Federal Contract Tower,0,0,16,0,16,0,0,53,0,53,0,0,69,0,69,367,0,367,436
07/02/2008,TIX,FL,ASO,ES,Federal Contract Tower,0,0,30,0,30,0,0,113,0,113,0,0,143,0,143,437,0,437,580
07/03/2008,TIX,FL,ASO,ES,Federal Contract Tower,0,0,43,0,43,0,0,129,0,129,0,0,172,0,172,324,0,324,496
07/04/2008,TIX,FL,ASO,ES,Federal Contract Tower,0,0,12,0,12,0,0,93,0,93,0,0,105,0,105,81,0,81,186
07/05/2008,TIX,FL,ASO,ES,Federal Contract Tower,0,0,19,0,19,0,0,93,0,93,0,0,112,0,112,269,0,269,381
07/06/2008,TIX,FL,ASO,ES,Federal Contract Tower,0,0,14,0,14,0,0,60,0,60,0,0,74,0,74,345,0,345,419
07/07/2008,TIX,FL,ASO,ES,Federal Contract Tower,0,0,37,0,37,0,0,53,0,53,0,0,90,0,90,488,0,488,578
07/08/2008,TIX,FL,ASO,ES,Federal Contract Tower,0,0,23,1,24,0,0,47,1,48,0,0,70,2,72,402,2,404,476
07/09/2008,TIX,FL,ASO,ES,Federal Contract Tower,0,0,64,2,66,0,0,174,2,176,0,0,238,4,242,373,0,373,615
07/10/2008,TIX,FL,ASO,ES,Federal Contract Tower,0,0,36,0,36,0,0,140,0,140,0,0,176,0,176,285,0,285,461
07/11/2008,TIX,FL,ASO,ES,Federal Contract Tower,0,0,40,0,40,0,0,140,0,140,0,0,180,0,180,262,0,262,442
07/12/2008,TIX,FL,ASO,ES,Federal Contract Tower,0,0,16,0,16,0,0,69,0,69,0,0,85,0,85,246,0,246,331
07/13/2008,TIX,FL,ASO,ES,Federal Contract Tower,0,0,12,0,12,0,0,27,0,27,0,0,39,0,39,166,0,166,205
07/14/2008,TIX,FL,ASO,ES,Federal Contract Tower,0,0,32,0,32,0,0,74,0,74,0,0,106,0,106,487,0,487,593
07/15/2008,TIX,FL,ASO,ES,Federal Contract Tower,0,0,21,0,21,0,0,61,0,61,0,0,82,0,82,318,0,318,400
07/16/2008,TIX,FL,ASO,ES,Federal Contract Tower,0,0,20,0,20,0,0,50,0,50,0,0,70,0,70,202,0,202,272
07/17/2008,TIX,FL,ASO,ES,Federal Contract Tower,0,0,12,0,12,0,0,107,0,107,0,0,119,0,119,129,0,129,248
07/18/2008,TIX,FL,ASO,ES,Federal Contract Tower,0,0,52,0,52,0,0,154,0,154,0,0,206,0,206,314,0,314,520
07/19/2008,TIX,FL,ASO,ES,Federal Contract Tower,0,0,33,0,33,0,2,124,0,126,0,2,157,0,159,296,0,296,455
07/20/2008,TIX,FL,ASO,ES,Federal Contract Tower,0,0,18,0,18,0,0,79,0,79,0,0,97,0,97,179,0,179,276
07/21/2008,TIX,FL,ASO,ES,Federal Contract Tower,0,0,47,0,47,0,0,116,4,120,0,0,163,4,167,286,0,286,453
07/22/2008,TIX,FL,ASO,ES,Federal Contract Tower,0,0,34,0,34,0,0,95,0,95,0,0,129,0,129,313,0,313,442
07/23/2008,TIX,FL,ASO,ES,Federal Contract Tower,0,0,24,0,24,0,1,86,4,91,0,1,110,4,115,327,0,327,442
07/24/2008,TIX,FL,ASO,ES,Federal Contract Tower,0,0,65,0,65,0,0,219,0,219,0,0,284,0,284,302,0,302,586
07/25/2008,TIX,FL,ASO,ES,Federal Contract Tower,0,0,47,0,47,0,0,161,0,161,0,0,208,0,208,327,0,327,535
07/26/2008,TIX,FL,ASO,ES,Federal Contract Tower,0,0,27,0,27,0,0,114,0,114,0,0,141,0,141,281,0,281,422
07/27/2008,TIX,FL,ASO,ES,Federal Contract Tower,0,0,13,0,13,0,0,0,0,0,0,0,13,0,13,59,0,59,72
07/28/2008,TIX,FL,ASO,ES,Federal Contract Tower,0,0,31,0,31,0,0,126,0,126,0,0,157,0,157,246,0,246,403
07/29/2008,TIX,FL,ASO,ES,Federal Contract Tower,0,1,29,0,30,0,0,161,2,163,0,1,190,2,193,299,0,299,492
07/30/2008,TIX,FL,ASO,ES,Federal Contract Tower,0,1,37,0,38,0,0,119,1,120,0,1,156,1,158,216,0,216,374
07/31/2008,TIX,FL,ASO,ES,Federal Contract Tower,0,2,50,0,52,0,0,116,0,116,0,2,166,0,168,327,0,327,495
08/01/2008,TIX,FL,ASO,ES,Federal Contract Tower,0,0,41,2,43,0,0,113,0,113,0,0,154,2,156,355,2,357,513
08/02/2008,TIX,FL,ASO,ES,Federal Contract Tower,0,0,34,0,34,0,0,105,3,108,0,0,139,3,142,208,2,210,352
08/03/2008,TIX,FL,ASO,ES,Federal Contract Tower,0,0,16,0,16,0,0,96,1,97,0,0,112,1,113,43,0,43,156
08/04/2008,TIX,FL,ASO,ES,Federal Contract Tower,0,0,56,0,56,0,0,152,0,152,0,0,208,0,208,2,0,2,210
08/05/2008,TIX,FL,ASO,ES,Federal Contract Tower,0,0,47,4,51,0,0,218,0,218,0,0,265,4,269,249,0,249,518
08/06/2008,TIX,FL,ASO,ES,Federal Contract Tower,0,0,45,1,46,0,0,203,0,203,0,0,248,1,249,340,0,340,589
08/07/2008,TIX,FL,ASO,ES,Federal Contract Tower,0,0,68,0,68,0,0,230,0,230,0,0,298,0,298,524,0,524,822
08/08/2008,TIX,FL,ASO,ES,Federal Contract Tower,0,0,46,0,46,0,0,101,0,101,0,0,147,0,147,230,0,230,377
08/09/2008,TIX,FL,ASO,ES,Federal Contract Tower,0,0,20,0,20,0,0,72,0,72,0,0,92,0,92,126,0,126,218
08/10/2008,TIX,FL,ASO,ES,Federal Contract Tower,0,0,26,0,26,0,0,98,0,98,0,0,124,0,124,130,0,130,254
08/11/2008,TIX,FL,ASO,ES,Federal Contract Tower,0,0,46,0,46,0,0,200,0,200,0,0,246,0,246,3,0,3,249
08/12/2008,TIX,FL,ASO,ES,Federal Contract Tower,0,0,44,0,44,0,0,178,0,178,0,0,222,0,222,190,0,190,412
08/13/2008,TIX,FL,ASO,ES,Federal Contract Tower,0,0,59,1,60,0,0,180,0,180,0,0,239,1,240,155,0,155,395
08/14/2008,TIX,FL,ASO,ES,Federal Contract Tower,0,0,35,0,35,0,0,146,0,146,0,0,181,0,181,189,0,189,370
08/15/2008,TIX,FL,ASO,ES,Federal Contract Tower,0,0,35,0,35,0,0,133,0,133,0,0,168,0,168,282,0,282,450
08/16/2008,TIX,FL,ASO,ES,Federal Contract Tower,0,0,17,0,17,0,0,61,0,61,0,0,78,0,78,191,0,191,269
08/17/2008,TIX,FL,ASO,ES,Federal Contract Tower,0,0,27,0,27,0,0,79,0,79,0,0,106,0,106,150,0,150,256
08/18/2008,TIX,FL,ASO,ES,Federal Contract Tower,0,0,25,0,25,0,0,116,0,116,0,0,141,0,141,316,0,316,457
08/19/2008,TIX,FL,ASO,ES,Federal Contract Tower,0,0,1,0,1,0,0,0,0,0,0,0,1,0,1,0,0,0,1
08/20/2008,TIX,FL,ASO,ES,Federal Contract Tower,0,0,2,0,2,0,0,0,0,0,0,0,2,0,2,0,0,0,2
08/21/2008,TIX,FL,ASO,ES,Federal Contract Tower,0,0,4,0,4,0,0,0,0,0,0,0,4,0,4,0,0,0,4
08/22/2008,TIX,FL,ASO,ES,Federal Contract Tower,0,0,9,0,9,0,0,13,0,13,0,0,22,0,22,1,0,1,23
08/23/2008,TIX,FL,ASO,ES,Federal Contract Tower,0,0,12,0,12,0,0,40,0,40,0,0,52,0,52,143,0,143,195
08/24/2008,TIX,FL,ASO,ES,Federal Contract Tower,0,0,20,0,20,0,0,143,0,143,0,0,163,0,163,339,0,339,502
08/25/2008,TIX,FL,ASO,ES,Federal Contract Tower,0,0,22,0,22,0,0,114,0,114,0,0,136,0,136,289,0,289,425
08/26/2008,TIX,FL,ASO,ES,Federal Contract Tower,0,0,73,0,73,0,0,217,0,217,0,0,290,0,290,327,0,327,617
08/27/2008,TIX,FL,ASO,ES,Federal Contract Tower,0,0,40,0,40,0,0,168,0,168,0,0,208,0,208,262,0,262,470
08/28/2008,TIX,FL,ASO,ES,Federal Contract Tower,0,0,31,0,31,0,0,202,0,202,0,0,233,0,233,387,0,387,620
08/29/2008,TIX,FL,ASO,ES,Federal Contract Tower,0,0,35,0,35,0,0,202,0,202,0,0,237,0,237,316,0,316,553
08/30/2008,TIX,FL,ASO,ES,Federal Contract Tower,0,0,14,0,14,0,0,109,0,109,0,0,123,0,123,166,0,166,289
08/31/2008,TIX,FL,ASO,ES,Federal Contract Tower,0,0,22,0,22,0,0,71,0,71,0,0,93,0,93,104,0,104,197
09/01/2008,TIX,FL,ASO,ES,Federal Contract Tower,0,0,31,0,31,0,0,147,0,147,0,0,178,0,178,217,0,217,395
09/02/2008,TIX,FL,ASO,ES,Federal Contract Tower,0,0,48,0,48,0,0,190,0,190,0,0,238,0,238,330,0,330,568
09/03/2008,TIX,FL,ASO,ES,Federal Contract Tower,0,0,39,0,39,0,0,228,0,228,0,0,267,0,267,358,0,358,625
09/04/2008,TIX,FL,ASO,ES,Federal Contract Tower,0,0,29,0,29,0,0,235,0,235,0,0,264,0,264,310,0,310,574
09/05/2008,TIX,FL,ASO,ES,Federal Contract Tower,0,0,12,0,12,0,0,3,0,3,0,0,15,0,15,6,0,6,21
09/06/2008,TIX,FL,ASO,ES,Federal Contract Tower,0,0,71,0,71,0,0,165,0,165,0,0,236,0,236,233,0,233,469
09/07/2008,TIX,FL,ASO,ES,Federal Contract Tower,0,0,26,0,26,0,0,107,0,107,0,0,133,0,133,120,0,120,253
09/08/2008,TIX,FL,ASO,ES,Federal Contract Tower,0,0,27,0,27,0,0,172,0,172,0,0,199,0,199,360,0,360,559
09/09/2008,TIX,FL,ASO,ES,Federal Contract Tower,0,0,43,0,43,0,0,157,0,157,0,0,200,0,200,349,0,349,549
09/10/2008,TIX,FL,ASO,ES,Federal Contract Tower,0,0,33,0,33,0,0,158,0,158,0,0,191,0,191,489,0,489,680
09/11/2008,TIX,FL,ASO,ES,Federal Contract Tower,0,0,30,0,30,0,0,204,0,204,0,0,234,0,234,347,0,347,581
09/12/2008,TIX,FL,ASO,ES,Federal Contract Tower,0,0,40,0,40,0,0,186,0,186,0,0,226,0,226,417,0,417,643
09/13/2008,TIX,FL,ASO,ES,Federal Contract Tower,0,0,21,0,21,0,0,128,0,128,0,0,149,0,149,231,0,231,380
09/14/2008,TIX,FL,ASO,ES,Federal Contract Tower,0,0,12,0,12,0,0,122,0,122,0,0,134,0,134,209,0,209,343
09/15/2008,TIX,FL,ASO,ES,Federal Contract Tower,0,0,46,0,46,0,0,217,0,217,0,0,263,0,263,355,0,355,618
09/16/2008,TIX,FL,ASO,ES,Federal Contract Tower,0,0,45,0,45,0,0,210,0,210,0,0,255,0,255,384,0,384,639
09/17/2008,TIX,FL,ASO,ES,Federal Contract Tower,0,0,27,0,27,0,0,209,0,209,0,0,236,0,236,340,0,340,576
09/18/2008,TIX,FL,ASO,ES,Federal Contract Tower,0,0,30,0,30,0,0,220,0,220,0,0,250,0,250,6,0,6,256
09/19/2008,TIX,FL,ASO,ES,Federal Contract Tower,0,0,24,0,24,0,0,133,0,133,0,0,157,0,157,288,0,288,445
09/20/2008,TIX,FL,ASO,ES,Federal Contract Tower,0,2,29,0,31,0,0,121,0,121,0,2,150,0,152,211,0,211,363
09/21/2008,TIX,FL,ASO,ES,Federal Contract Tower,0,0,16,0,16,0,0,86,0,86,0,0,102,0,102,112,0,112,214
09/22/2008,TIX,FL,ASO,ES,Federal Contract Tower,0,0,32,0,32,0,0,191,0,191,0,0,223,0,223,335,0,335,558
09/23/2008,TIX,FL,ASO,ES,Federal Contract Tower,0,0,25,3,28,0,0,88,0,88,0,0,113,3,116,264,0,264,380
09/24/2008,TIX,FL,ASO,ES,Federal Contract Tower,0,0,26,0,26,0,0,84,0,84,0,0,110,0,110,305,0,305,415
09/25/2008,TIX,FL,ASO,ES,Federal Contract Tower,0,2,45,0,47,0,0,301,2,303,0,2,346,2,350,500,0,500,850
09/26/2008,TIX,FL,ASO,ES,Federal Contract Tower,0,0,78,0,78,0,0,193,0,193,0,0,271,0,271,408,0,408,679
09/27/2008,TIX,FL,ASO,ES,Federal Contract Tower,0,4,15,0,19,0,0,144,0,144,0,4,159,0,163,267,0,267,430
09/28/2008,TIX,FL,ASO,ES,Federal Contract Tower,0,2,29,0,31,0,0,89,0,89,0,2,118,0,120,137,0,137,257
09/29/2008,TIX,FL,ASO,ES,Federal Contract Tower,0,0,36,0,36,0,0,178,0,178,0,0,214,0,214,424,0,424,638
09/30/2008,TIX,FL,ASO,ES,Federal Contract Tower,0,2,43,0,45,0,0,121,0,121,0,2,164,0,166,225,0,225,391
10/01/2008,TIX,FL,ASO,ES,Federal Contract Tower,0,0,56,0,56,0,0,277,0,277,0,0,333,0,333,319,0,319,652
10/02/2008,TIX,FL,ASO,ES,Federal Contract Tower,0,0,45,0,45,0,0,256,0,256,0,0,301,0,301,215,0,215,516
10/03/2008,TIX,FL,ASO,ES,Federal Contract Tower,0,1,51,0,52,0,0,199,0,199,0,1,250,0,251,217,0,217,468
10/04/2008,TIX,FL,ASO,ES,Federal Contract Tower,0,0,15,0,15,0,0,147,0,147,0,0,162,0,162,115,0,115,277
10/05/2008,TIX,FL,ASO,ES,Federal Contract Tower,0,2,20,0,22,0,0,60,0,60,0,2,80,0,82,77,0,77,159
10/06/2008,TIX,FL,ASO,ES,Federal Contract Tower,0,1,43,0,44,0,0,140,0,140,0,1,183,0,184,274,0,274,458
10/07/2008,TIX,FL,ASO,ES,Federal Contract Tower,0,0,29,0,29,0,0,141,0,141,0,0,170,0,170,283,0,283,453
10/08/2008,TIX,FL,ASO,ES,Federal Contract Tower,0,1,30,0,31,0,0,93,0,93,0,1,123,0,124,229,0,229,353
10/09/2008,TIX,FL,ASO,ES,Federal Contract Tower,0,0,32,0,32,0,0,175,0,175,0,0,207,0,207,246,0,246,453
10/10/2008,TIX,FL,ASO,ES,Federal Contract Tower,0,2,29,0,31,0,0,155,0,155,0,2,184,0,186,384,0,384,570
10/11/2008,TIX,FL,ASO,ES,Federal Contract Tower,0,0,34,0,34,0,0,163,0,163,0,0,197,0,197,148,0,148,345
10/12/2008,TIX,FL,ASO,ES,Federal Contract Tower,0,0,18,0,18,0,0,87,0,87,0,0,105,0,105,157,0,157,262
10/13/2008,TIX,FL,ASO,ES,Federal Contract Tower,0,1,20,0,21,0,0,118,0,118,0,1,138,0,139,68,0,68,207
10/14/2008,TIX,FL,ASO,ES,Federal Contract Tower,0,0,40,0,40,0,0,200,0,200,0,0,240,0,240,280,0,280,520
10/15/2008,TIX,FL,ASO,ES,Federal Contract Tower,0,2,49,0,51,0,0,278,0,278,0,2,327,0,329,353,0,353,682
10/16/2008,TIX,FL,ASO,ES,Federal Contract Tower,0,0,39,0,39,0,0,296,0,296,0,0,335,0,335,281,0,281,616
10/17/2008,TIX,FL,ASO,ES,Federal Contract Tower,0,0,40,0,40,0,0,182,0,182,0,0,222,0,222,232,0,232,454
10/18/2008,TIX,FL,ASO,ES,Federal Contract Tower,0,3,44,0,47,0,0,176,0,176,0,3,220,0,223,265,0,265,488
10/19/2008,TIX,FL,ASO,ES,Federal Contract Tower,0,0,17,0,17,0,0,74,0,74,0,0,91,0,91,93,0,93,184
10/20/2008,TIX,FL,ASO,ES,Federal Contract Tower,0,1,28,0,29,0,0,221,0,221,0,1,249,0,250,241,0,241,491
10/21/2008,TIX,FL,ASO,ES,Federal Contract Tower,0,0,39,0,39,0,0,223,0,223,0,0,262,0,262,370,0,370,632
10/22/2008,TIX,FL,ASO,ES,Federal Contract Tower,0,0,44,0,44,0,0,251,0,251,0,0,295,0,295,322,0,322,617
10/23/2008,TIX,FL,ASO,ES,Federal Contract Tower,0,0,23,0,23,0,0,168,0,168,0,0,191,0,191,337,0,337,528
10/24/2008,TIX,FL,ASO,ES,Federal Contract Tower,0,0,24,0,24,0,0,46,1,47,0,0,70,1,71,76,0,76,147
10/25/2008,TIX,FL,ASO,ES,Federal Contract Tower,0,0,35,0,35,0,0,93,0,93,0,0,128,0,128,165,0,165,293
10/26/2008,TIX,FL,ASO,ES,Federal Contract Tower,0,0,40,0,40,0,0,156,0,156,0,0,196,0,196,132,0,132,328
10/27/2008,TIX,FL,ASO,ES,Federal Contract Tower,0,0,39,0,39,0,0,198,0,198,0,0,237,0,237,379,0,379,616
10/28/2008,TIX,FL,ASO,ES,Federal Contract Tower,0,0,65,0,65,0,0,194,0,194,0,0,259,0,259,316,0,316,575
10/29/2008,TIX,FL,ASO,ES,Federal Contract Tower,0,0,81,0,81,0,0,291,0,291,0,0,372,0,372,365,0,365,737
10/30/2008,TIX,FL,ASO,ES,Federal Contract Tower,0,0,58,0,58,0,0,237,0,237,0,0,295,0,295,399,0,399,694
10/31/2008,TIX,FL,ASO,ES,Federal Contract Tower,0,0,23,0,23,0,0,169,0,169,0,0,192,0,192,373,0,373,565
11/01/2008,TIX,FL,ASO,ES,Federal Contract Tower,0,0,37,0,37,0,0,85,0,85,0,0,122,0,122,154,0,154,276
11/02/2008,TIX,FL,ASO,ES,Federal Contract Tower,0,0,16,0,16,0,0,19,0,19,0,0,35,0,35,22,0,22,57
11/03/2008,TIX,FL,ASO,ES,Federal Contract Tower,0,0,28,0,28,0,0,204,0,204,0,0,232,0,232,308,0,308,540
11/04/2008,TIX,FL,ASO,ES,Federal Contract Tower,0,0,58,0,58,0,0,127,0,127,0,0,185,0,185,289,0,289,474
11/05/2008,TIX,FL,ASO,ES,Federal Contract Tower,0,0,65,0,65,0,0,264,0,264,0,0,329,0,329,304,0,304,633
11/06/2008,TIX,FL,ASO,ES,Federal Contract Tower,0,0,36,0,36,0,0,247,0,247,0,0,283,0,283,14,0,14,297
11/07/2008,TIX,FL,ASO,ES,Federal Contract Tower,0,0,38,2,40,0,0,195,0,195,0,0,233,2,235,470,0,470,705
11/08/2008,TIX,FL,ASO,ES,Federal Contract Tower,0,0,44,0,44,0,0,144,0,144,0,0,188,0,188,0,203,203,391
11/09/2008,TIX,FL,ASO,ES,Federal Contract Tower,0,0,29,0,29,0,0,125,0,125,0,0,154,0,154,136,0,136,290
11/10/2008,TIX,FL,ASO,ES,Federal Contract Tower,0,0,54,0,54,0,0,197,0,197,0,0,251,0,251,268,0,268,519
11/11/2008,TIX,FL,ASO,ES,Federal Contract Tower,0,0,41,0,41,0,0,205,0,205,0,0,246,0,246,414,0,414,660
11/12/2008,TIX,FL,ASO,ES,Federal Contract Tower,0,2,37,0,39,0,0,158,0,158,0,2,195,0,197,252,0,252,449
11/13/2008,TIX,FL,ASO,ES,Federal Contract Tower,0,0,38,0,38,0,0,218,0,218,0,0,256,0,256,301,0,301,557
11/14/2008,TIX,FL,ASO,ES,Federal Contract Tower,0,1,13,0,14,0,0,67,10,77,0,1,80,10,91,183,0,183,274
11/15/2008,TIX,FL,ASO,ES,Federal Contract Tower,0,8,30,0,38,0,0,22,0,22,0,8,52,0,60,75,0,75,135
11/16/2008,TIX,FL,ASO,ES,Federal Contract Tower,0,1,24,0,25,0,0,97,0,97,0,1,121,0,122,120,0,120,242
11/17/2008,TIX,FL,ASO,ES,Federal Contract Tower,0,0,61,0,61,0,0,216,0,216,0,0,277,0,277,241,0,241,518
11/18/2008,TIX,FL,ASO,ES,Federal Contract Tower,0,0,83,0,83,0,0,211,0,211,0,0,294,0,294,292,0,292,586
11/19/2008,TIX,FL,ASO,ES,Federal Contract Tower,0,1,82,0,83,0,0,196,0,196,0,1,278,0,279,299,0,299,578
11/20/2008,TIX,FL,ASO,ES,Federal Contract Tower,0,0,98,0,98,0,0,251,0,251,0,0,349,0,349,350,0,350,699
11/21/2008,TIX,FL,ASO,ES,Federal Contract Tower,0,2,75,0,77,0,0,153,0,153,0,2,228,0,230,331,0,331,561
11/22/2008,TIX,FL,ASO,ES,Federal Contract Tower,0,0,52,0,52,0,0,148,0,148,0,0,200,0,200,205,0,205,405
11/23/2008,TIX,FL,ASO,ES,Federal Contract Tower,0,0,24,0,24,0,0,121,0,121,0,0,145,0,145,152,0,152,297
11/24/2008,TIX,FL,ASO,ES,Federal Contract Tower,0,0,37,0,37,0,0,187,2,189,0,0,224,2,226,360,0,360,586
11/25/2008,TIX,FL,ASO,ES,Federal Contract Tower,0,0,56,2,58,0,0,204,0,204,0,0,260,2,262,279,0,279,541
11/26/2008,TIX,FL,ASO,ES,Federal Contract Tower,0,0,44,0,44,0,0,268,0,268,0,0,312,0,312,346,0,346,658
11/27/2008,TIX,FL,ASO,ES,Federal Contract Tower,0,0,9,0,9,0,0,28,0,28,0,0,37,0,37,32,0,32,69
11/28/2008,TIX,FL,ASO,ES,Federal Contract Tower,0,0,34,0,34,0,0,139,0,139,0,0,173,0,173,310,0,310,483
11/29/2008,TIX,FL,ASO,ES,Federal Contract Tower,0,0,26,0,26,0,0,136,0,136,0,0,162,0,162,234,0,234,396
11/30/2008,TIX,FL,ASO,ES,Federal Contract Tower,0,5,7,0,12,0,0,7,0,7,0,5,14,0,19,8,0,8,27
12/01/2008,TIX,FL,ASO,ES,Federal Contract Tower,0,0,80,0,80,0,0,164,0,164,0,0,244,0,244,257,0,257,501
12/02/2008,TIX,FL,ASO,ES,Federal Contract Tower,0,0,54,0,54,0,0,203,0,203,0,0,257,0,257,339,0,339,596
12/03/2008,TIX,FL,ASO,ES,Federal Contract Tower,0,0,47,0,47,0,0,226,0,226,0,0,273,0,273,317,0,317,590
12/04/2008,TIX,FL,ASO,ES,Federal Contract Tower,0,0,74,0,74,0,0,260,0,260,0,0,334,0,334,341,0,341,675
12/05/2008,TIX,FL,ASO,ES,Federal Contract Tower,0,1,56,0,57,0,0,173,0,173,0,1,229,0,230,310,0,310,540
12/06/2008,TIX,FL,ASO,ES,Federal Contract Tower,0,2,39,0,41,0,0,102,0,102,0,2,141,0,143,190,0,190,333
12/07/2008,TIX,FL,ASO,ES,Federal Contract Tower,0,4,33,0,37,0,0,120,0,120,0,4,153,0,157,132,0,132,289
12/08/2008,TIX,FL,ASO,ES,Federal Contract Tower,0,0,32,1,33,0,0,200,1,201,0,0,232,2,234,292,0,292,526
12/09/2008,TIX,FL,ASO,ES,Federal Contract Tower,0,0,25,0,25,0,0,239,0,239,0,0,264,0,264,318,0,318,582
12/10/2008,TIX,FL,ASO,ES,Federal Contract Tower,0,0,32,0,32,0,0,220,0,220,0,0,252,0,252,388,0,388,640
12/11/2008,TIX,FL,ASO,ES,Federal Contract Tower,0,0,18,0,18,0,0,20,0,20,0,0,38,0,38,72,0,72,110
12/12/2008,TIX,FL,ASO,ES,Federal Contract Tower,0,0,54,0,54,0,0,178,0,178,0,0,232,0,232,278,0,278,510
12/13/2008,TIX,FL,ASO,ES,Federal Contract Tower,0,0,39,3,42,0,0,139,1,140,0,0,178,4,182,317,0,317,499
12/14/2008,TIX,FL,ASO,ES,Federal Contract Tower,0,0,27,0,27,0,0,108,0,108,0,0,135,0,135,148,0,148,283
12/15/2008,TIX,FL,ASO,ES,Federal Contract Tower,0,0,33,0,33,0,0,215,0,215,0,0,248,0,248,254,0,254,502
12/16/2008,TIX,FL,ASO,ES,Federal Contract Tower,0,0,36,0,36,0,0,201,0,201,0,0,237,0,237,327,0,327,564
12/17/2008,TIX,FL,ASO,ES,Federal Contract Tower,0,0,44,2,46,0,0,172,2,174,0,0,216,4,220,424,0,424,644
12/18/2008,TIX,FL,ASO,ES,Federal Contract Tower,0,0,57,0,57,0,0,215,0,215,0,0,272,0,272,279,0,279,551
12/19/2008,TIX,FL,ASO,ES,Federal Contract Tower,0,0,55,0,55,0,0,172,0,172,0,0,227,0,227,363,0,363,590
12/20/2008,TIX,FL,ASO,ES,Federal Contract Tower,0,0,32,0,32,0,0,120,0,120,0,0,152,0,152,176,0,176,328
12/21/2008,TIX,FL,ASO,ES,Federal Contract Tower,0,0,27,0,27,0,0,94,0,94,0,0,121,0,121,108,0,108,229
12/22/2008,TIX,FL,ASO,ES,Federal Contract Tower,0,0,24,0,24,0,0,80,0,80,0,0,104,0,104,88,0,88,192
12/23/2008,TIX,FL,ASO,ES,Federal Contract Tower,0,2,20,0,22,0,0,90,0,90,0,2,110,0,112,326,0,326,438
12/24/2008,TIX,FL,ASO,ES,Federal Contract Tower,0,0,12,0,12,0,0,72,0,72,0,0,84,0,84,118,0,118,202
12/25/2008,TIX,FL,ASO,ES,Federal Contract Tower,0,0,2,0,2,0,0,3,0,3,0,0,5,0,5,0,1,1,6
12/26/2008,TIX,FL,ASO,ES,Federal Contract Tower,0,3,24,0,27,0,0,70,0,70,0,3,94,0,97,54,0,54,151
12/27/2008,TIX,FL,ASO,ES,Federal Contract Tower,0,1,19,0,20,0,0,112,0,112,0,1,131,0,132,109,0,109,241
12/28/2008,TIX,FL,ASO,ES,Federal Contract Tower,0,1,22,0,23,0,0,126,0,126,0,1,148,0,149,80,0,80,229
12/29/2008,TIX,FL,ASO,ES,Federal Contract Tower,0,0,23,0,23,0,0,0,0,0,0,0,23,0,23,304,0,304,327
12/30/2008,TIX,FL,ASO,ES,Federal Contract Tower,0,0,28,0,28,0,0,126,0,126,0,0,154,0,154,134,0,134,288
12/31/2008,TIX,FL,ASO,ES,Federal Contract Tower,0,0,26,0,26,0,0,93,0,93,0,0,119,0,119,129,0,129,248
01/01/2009,TIX,FL,ASO,ES,Federal Contract Tower,0,0,4,0,4,0,0,7,0,7,0,0,11,0,11,0,0,0,11
01/02/2009,TIX,FL,ASO,ES,Federal Contract Tower,0,0,18,0,18,0,0,114,0,114,0,0,132,0,132,181,0,181,313
01/03/2009,TIX,FL,ASO,ES,Federal Contract Tower,0,3,32,0,35,0,0,148,0,148,0,3,180,0,183,167,0,167,350
01/04/2009,TIX,FL,ASO,ES,Federal Contract Tower,0,1,11,0,12,0,0,100,0,100,0,1,111,0,112,46,0,46,158
01/05/2009,TIX,FL,ASO,ES,Federal Contract Tower,0,1,28,0,29,0,0,167,0,167,0,1,195,0,196,252,0,252,448
01/06/2009,TIX,FL,ASO,ES,Federal Contract Tower,0,0,23,1,24,0,0,162,0,162,0,0,185,1,186,226,0,226,412
01/07/2009,TIX,FL,ASO,ES,Federal Contract Tower,0,0,27,0,27,0,0,85,0,85,0,0,112,0,112,306,0,306,418
01/08/2009,TIX,FL,ASO,ES,Federal Contract Tower,0,0,29,0,29,0,1,219,0,220,0,1,248,0,249,235,0,235,484
01/09/2009,TIX,FL,ASO,ES,Federal Contract Tower,0,1,52,0,53,0,0,211,0,211,0,1,263,0,264,342,0,342,606
01/10/2009,TIX,FL,ASO,ES,Federal Contract Tower,0,1,22,0,23,0,0,174,0,174,0,1,196,0,197,270,0,270,467
01/11/2009,TIX,FL,ASO,ES,Federal Contract Tower,0,1,10,0,11,0,0,153,0,153,0,1,163,0,164,335,0,335,499
01/12/2009,TIX,FL,ASO,ES,Federal Contract Tower,0,0,36,0,36,0,0,196,0,196,0,0,232,0,232,212,0,212,444
01/13/2009,TIX,FL,ASO,ES,Federal Contract Tower,0,0,14,0,14,0,0,101,0,101,0,0,115,0,115,180,0,180,295
01/14/2009,TIX,FL,ASO,ES,Federal Contract Tower,0,0,53,0,53,0,0,251,0,251,0,0,304,0,304,376,0,376,680
01/15/2009,TIX,FL,ASO,ES,Federal Contract Tower,0,1,62,0,63,0,0,232,0,232,0,1,294,0,295,298,0,298,593
01/16/2009,TIX,FL,ASO,ES,Federal Contract Tower,0,1,32,0,33,0,0,227,0,227,0,1,259,0,260,192,0,192,452
01/17/2009,TIX,FL,ASO,ES,Federal Contract Tower,0,1,14,0,15,0,0,200,0,200,0,1,214,0,215,133,0,133,348
01/18/2009,TIX,FL,ASO,ES,Federal Contract Tower,0,0,16,0,16,0,0,120,0,120,0,0,136,0,136,148,0,148,284
01/19/2009,TIX,FL,ASO,ES,Federal Contract Tower,0,0,33,0,33,0,0,195,0,195,0,0,228,0,228,247,0,247,475
01/20/2009,TIX,FL,ASO,ES,Federal Contract Tower,0,0,11,0,11,0,0,81,0,81,0,0,92,0,92,106,0,106,198
01/21/2009,TIX,FL,ASO,ES,Federal Contract Tower,0,0,45,0,45,0,0,281,0,281,0,0,326,0,326,244,0,244,570
01/22/2009,TIX,FL,ASO,ES,Federal Contract Tower,0,0,34,0,34,0,0,229,0,229,0,0,263,0,263,296,0,296,559
01/23/2009,TIX,FL,ASO,ES,Federal Contract Tower,0,0,41,0,41,0,0,230,0,230,0,0,271,0,271,305,0,305,576
01/24/2009,TIX,FL,ASO,ES,Federal Contract Tower,0,0,25,0,25,0,0,239,0,239,0,0,264,0,264,191,0,191,455
01/25/2009,TIX,FL,ASO,ES,Federal Contract Tower,0,0,22,0,22,0,0,182,0,182,0,0,204,0,204,95,0,95,299
01/26/2009,TIX,FL,ASO,ES,Federal Contract Tower,0,1,35,0,36,0,0,218,0,218,0,1,253,0,254,300,0,300,554
01/27/2009,TIX,FL,ASO,ES,Federal Contract Tower,0,0,35,0,35,0,0,238,0,238,0,0,273,0,273,273,0,273,546
01/28/2009,TIX,FL,ASO,ES,Federal Contract Tower,0,0,34,0,34,0,0,261,0,261,0,0,295,0,295,276,0,276,571
01/29/2009,TIX,FL,ASO,ES,Federal Contract Tower,0,0,27,0,27,0,0,82,0,82,0,0,109,0,109,147,0,147,256
01/30/2009,TIX,FL,ASO,ES,Federal Contract Tower,0,0,41,0,41,0,0,143,0,143,0,0,184,0,184,179,0,179,363
01/31/2009,TIX,FL,ASO,ES,Federal Contract Tower,0,0,33,0,33,0,0,197,0,197,0,0,230,0,230,197,0,197,427
02/01/2009,TIX,FL,ASO,ES,Federal Contract Tower,0,1,15,0,16,0,0,177,0,177,0,1,192,0,193,282,0,282,475
02/02/2009,TIX,FL,ASO,ES,Federal Contract Tower,0,0,33,0,33,0,0,81,0,81,0,0,114,0,114,84,0,84,198
02/03/2009,TIX,FL,ASO,ES,Federal Contract Tower,0,0,71,0,71,0,0,215,0,215,0,0,286,0,286,329,0,329,615
02/04/2009,TIX,FL,ASO,ES,Federal Contract Tower,0,0,58,0,58,0,0,188,0,188,0,0,246,0,246,203,0,203,449
02/05/2009,TIX,FL,ASO,ES,Federal Contract Tower,0,2,51,0,53,0,0,211,0,211,0,2,262,0,264,327,0,327,591
02/06/2009,TIX,FL,ASO,ES,Federal Contract Tower,0,0,65,0,65,0,0,260,0,260,0,0,325,0,325,286,0,286,611
02/07/2009,TIX,FL,ASO,ES,Federal Contract Tower,0,2,34,2,38,0,0,184,0,184,0,2,218,2,222,205,0,205,427
02/08/2009,TIX,FL,ASO,ES,Federal Contract Tower,0,6,29,0,35,0,0,197,0,197,0,6,226,0,232,145,0,145,377
02/09/2009,TIX,FL,ASO,ES,Federal Contract Tower,0,1,38,0,39,0,0,216,0,216,0,1,254,0,255,200,0,200,455
02/10/2009,TIX,FL,ASO,ES,Federal Contract Tower,0,0,40,0,40,0,0,232,0,232,0,0,272,0,272,252,0,252,524
02/11/2009,TIX,FL,ASO,ES,Federal Contract Tower,0,0,33,0,33,0,0,245,0,245,0,0,278,0,278,271,0,271,549
02/12/2009,TIX,FL,ASO,ES,Federal Contract Tower,0,0,62,0,62,0,0,226,0,226,0,0,288,0,288,193,0,193,481
02/13/2009,TIX,FL,ASO,ES,Federal Contract Tower,0,0,46,0,46,0,0,258,0,258,0,0,304,0,304,237,0,237,541
02/14/2009,TIX,FL,ASO,ES,Federal Contract Tower,0,1,17,0,18,0,0,112,0,112,0,1,129,0,130,216,0,216,346
02/15/2009,TIX,FL,ASO,ES,Federal Contract Tower,0,1,17,0,18,0,0,68,0,68,0,1,85,0,86,178,0,178,264
02/16/2009,TIX,FL,ASO,ES,Federal Contract Tower,0,0,40,0,40,0,0,210,0,210,0,0,250,0,250,188,0,188,438
02/17/2009,TIX,FL,ASO,ES,Federal Contract Tower,0,0,32,0,32,0,0,293,0,293,0,0,325,0,325,270,0,270,595
02/18/2009,TIX,FL,ASO,ES,Federal Contract Tower,0,0,42,0,42,0,0,222,0,222,0,0,264,0,264,249,0,249,513
02/19/2009,TIX,FL,ASO,ES,Federal Contract Tower,0,1,29,0,30,0,0,70,0,70,0,1,99,0,100,89,0,89,189
02/20/2009,TIX,FL,ASO,ES,Federal Contract Tower,0,3,90,0,93,0,0,260,0,260,0,3,350,0,353,278,0,278,631
02/21/2009,TIX,FL,ASO,ES,Federal Contract Tower,0,3,33,0,36,0,0,178,0,178,0,3,211,0,214,220,0,220,434
02/22/2009,TIX,FL,ASO,ES,Federal Contract Tower,0,0,29,0,29,0,0,164,0,164,0,0,193,0,193,150,0,150,343
02/23/2009,TIX,FL,ASO,ES,Federal Contract Tower,0,0,56,0,56,0,0,207,0,207,0,0,263,0,263,339,0,339,602
02/24/2009,TIX,FL,ASO,ES,Federal Contract Tower,0,0,57,0,57,0,0,230,0,230,0,0,287,0,287,325,0,325,612
02/25/2009,TIX,FL,ASO,ES,Federal Contract Tower,0,0,22,0,22,0,0,253,0,253,0,0,275,0,275,291,0,291,566
02/26/2009,TIX,FL,ASO,ES,Federal Contract Tower,0,0,41,0,41,0,0,272,0,272,0,0,313,0,313,280,0,280,593
02/27/2009,TIX,FL,ASO,ES,Federal Contract Tower,0,0,40,0,40,0,0,206,0,206,0,0,246,0,246,330,0,330,576
02/28/2009,TIX,FL,ASO,ES,Federal Contract Tower,0,4,17,0,21,0,0,125,0,125,0,4,142,0,146,114,0,114,260
03/01/2009,TIX,FL,ASO,ES,Federal Contract Tower,0,4,4,0,8,0,0,4,0,4,0,4,8,0,12,0,0,0,12
03/02/2009,TIX,FL,ASO,ES,Federal Contract Tower,0,0,36,0,36,0,0,237,0,237,0,0,273,0,273,184,0,184,457
03/03/2009,TIX,FL,ASO,ES,Federal Contract Tower,0,0,44,0,44,0,0,240,0,240,0,0,284,0,284,222,0,222,506
03/04/2009,TIX,FL,ASO,ES,Federal Contract Tower,0,1,40,0,41,0,0,294,0,294,0,1,334,0,335,225,0,225,560
03/05/2009,TIX,FL,ASO,ES,Federal Contract Tower,0,2,52,0,54,0,0,288,0,288,0,2,340,0,342,303,0,303,645
03/06/2009,TIX,FL,ASO,ES,Federal Contract Tower,0,0,54,0,54,0,0,265,0,265,0,0,319,0,319,318,0,318,637
03/07/2009,TIX,FL,ASO,ES,Federal Contract Tower,0,0,26,2,28,0,0,187,0,187,0,0,213,2,215,111,0,111,326
03/08/2009,TIX,FL,ASO,ES,Federal Contract Tower,0,4,22,0,26,0,0,158,0,158,0,4,180,0,184,137,0,137,321
03/09/2009,TIX,FL,ASO,ES,Federal Contract Tower,0,0,38,3,41,0,0,219,0,219,0,0,257,3,260,247,0,247,507
03/10/2009,TIX,FL,ASO,ES,Federal Contract Tower,0,0,52,0,52,0,0,278,0,278,0,0,330,0,330,280,0,280,610
03/11/2009,TIX,FL,ASO,ES,Federal Contract Tower,0,0,37,1,38,0,1,189,3,193,0,1,226,4,231,37,2,39,270
03/12/2009,TIX,FL,ASO,ES,Federal Contract Tower,0,1,34,0,35,0,0,216,0,216,0,1,250,0,251,126,4,130,381
03/13/2009,TIX,FL,ASO,ES,Federal Contract Tower,0,0,24,0,24,0,0,127,0,127,0,0,151,0,151,58,0,58,209
03/14/2009,TIX,FL,ASO,ES,Federal Contract Tower,0,0,17,0,17,0,0,88,0,88,0,0,105,0,105,37,2,39,144
03/15/2009,TIX,FL,ASO,ES,Federal Contract Tower,0,1,4,0,5,0,0,34,6,40,0,1,38,6,45,4,0,4,49
03/16/2009,TIX,FL,ASO,ES,Federal Contract Tower,0,2,40,1,43,0,0,243,0,243,0,2,283,1,286,171,0,171,457
03/17/2009,TIX,FL,ASO,ES,Federal Contract Tower,0,0,42,0,42,0,0,210,0,210,0,0,252,0,252,146,0,146,398
03/18/2009,TIX,FL,ASO,ES,Federal Contract Tower,0,0,45,0,45,0,0,282,0,282,0,0,327,0,327,280,0,280,607
03/19/2009,TIX,FL,ASO,ES,Federal Contract Tower,0,0,67,0,67,0,0,230,0,230,0,0,297,0,297,262,0,262,559
03/20/2009,TIX,FL,ASO,ES,Federal Contract Tower,0,0,64,0,64,0,0,194,0,194,0,0,258,0,258,225,0,225,483
03/21/2009,TIX,FL,ASO,ES,Federal Contract Tower,0,1,17,0,18,0,0,54,0,54,0,1,71,0,72,84,0,84,156
03/22/2009,TIX,FL,ASO,ES,Federal Contract Tower,0,0,27,0,27,51,0,0,0,51,51,0,27,0,78,81,0,81,159
03/23/2009,TIX,FL,ASO,ES,Federal Contract Tower,0,0,31,0,31,0,0,178,0,178,0,0,209,0,209,246,0,246,455
03/24/2009,TIX,FL,ASO,ES,Federal Contract Tower,0,0,51,0,51,0,0,296,0,296,0,0,347,0,347,335,0,335,682
03/25/2009,TIX,FL,ASO,ES,Federal Contract Tower,0,2,36,0,38,0,0,186,0,186,0,2,222,0,224,189,0,189,413
03/26/2009,TIX,FL,ASO,ES,Federal Contract Tower,0,1,49,0,50,0,0,210,0,210,0,1,259,0,260,353,0,353,613
03/27/2009,TIX,FL,ASO,ES,Federal Contract Tower,0,2,29,0,31,0,0,155,0,155,0,2,184,0,186,151,0,151,337
03/28/2009,TIX,FL,ASO,ES,Federal Contract Tower,0,1,13,0,14,0,0,50,0,50,0,1,63,0,64,107,0,107,171
03/29/2009,TIX,FL,ASO,ES,Federal Contract Tower,0,1,10,0,11,0,0,19,0,19,0,1,29,0,30,10,0,10,40
03/30/2009,TIX,FL,ASO,ES,Federal Contract Tower,0,1,45,0,46,0,0,306,0,306,0,1,351,0,352,285,0,285,637
03/31/2009,TIX,FL,ASO,ES,Federal Contract Tower,0,0,21,0,21,0,0,164,0,164,0,0,185,0,185,249,0,249,434
04/01/2009,TIX,FL,ASO,ES,Federal Contract Tower,0,0,41,0,41,0,0,170,0,170,0,0,211,0,211,233,0,233,444
04/02/2009,TIX,FL,ASO,ES,Federal Contract Tower,0,2,43,0,45,0,0,144,0,144,0,2,187,0,189,258,0,258,447
04/03/2009,TIX,FL,ASO,ES,Federal Contract Tower,0,0,9,0,9,0,0,81,0,81,0,0,90,0,90,134,0,134,224
04/04/2009,TIX,FL,ASO,ES,Federal Contract Tower,0,0,16,0,16,0,0,225,0,225,0,0,241,0,241,263,0,263,504
04/05/2009,TIX,FL,ASO,ES,Federal Contract Tower,0,0,9,2,11,0,0,64,0,64,0,0,73,2,75,155,0,155,230
04/06/2009,TIX,FL,ASO,ES,Federal Contract Tower,0,0,23,0,23,0,0,76,0,76,0,0,99,0,99,52,0,52,151
04/07/2009,TIX,FL,ASO,ES,Federal Contract Tower,0,0,12,0,12,0,0,18,0,18,0,0,30,0,30,22,0,22,52
04/08/2009,TIX,FL,ASO,ES,Federal Contract Tower,0,0,74,0,74,0,0,315,0,315,0,0,389,0,389,277,0,277,666
04/09/2009,TIX,FL,ASO,ES,Federal Contract Tower,0,0,32,0,32,0,0,278,0,278,0,0,310,0,310,349,0,349,659
04/10/2009,TIX,FL,ASO,ES,Federal Contract Tower,0,0,39,0,39,0,0,149,0,149,0,0,188,0,188,217,0,217,405
04/11/2009,TIX,FL,ASO,ES,Federal Contract Tower,0,0,25,0,25,0,0,66,0,66,0,0,91,0,91,151,0,151,242
04/12/2009,TIX,FL,ASO,ES,Federal Contract Tower,0,2,17,0,19,0,0,110,0,110,0,2,127,0,129,94,0,94,223
04/13/2009,TIX,FL,ASO,ES,Federal Contract Tower,0,0,24,0,24,0,0,244,0,244,0,0,268,0,268,268,0,268,536
04/14/2009,TIX,FL,ASO,ES,Federal Contract Tower,0,0,3,0,3,0,0,87,0,87,0,0,90,0,90,38,0,38,128
04/15/2009,TIX,FL,ASO,ES,Federal Contract Tower,0,2,69,0,71,0,0,385,0,385,0,2,454,0,456,265,0,265,721
04/16/2009,TIX,FL,ASO,ES,Federal Contract Tower,0,2,63,0,65,0,0,352,0,352,0,2,415,0,417,415,0,415,832
04/17/2009,TIX,FL,ASO,ES,Federal Contract Tower,0,0,37,0,37,0,0,0,0,0,0,0,37,0,37,303,0,303,340
04/18/2009,TIX,FL,ASO,ES,Federal Contract Tower,0,1,36,0,37,0,0,185,0,185,0,1,221,0,222,229,0,229,451
04/19/2009,TIX,FL,ASO,ES,Federal Contract Tower,0,3,13,0,16,0,1,129,0,130,0,4,142,0,146,77,0,77,223
04/20/2009,TIX,FL,ASO,ES,Federal Contract Tower,0,3,35,0,38,0,0,184,0,184,0,3,219,0,222,162,0,162,384
04/21/2009,TIX,FL,ASO,ES,Federal Contract Tower,0,0,90,0,90,0,0,337,0,337,0,0,427,0,427,260,0,260,687
04/22/2009,TIX,FL,ASO,ES,Federal Contract Tower,0,1,79,0,80,0,0,344,0,344,0,1,423,0,424,256,0,256,680
04/23/2009,TIX,FL,ASO,ES,Federal Contract Tower,0,1,52,0,53,0,0,319,0,319,0,1,371,0,372,148,0,148,520
04/24/2009,TIX,FL,ASO,ES,Federal Contract Tower,0,0,45,0,45,0,0,227,2,229,0,0,272,2,274,323,0,323,597
04/25/2009,TIX,FL,ASO,ES,Federal Contract Tower,0,0,22,0,22,0,0,113,0,113,0,0,135,0,135,116,0,116,251
04/26/2009,TIX,FL,ASO,ES,Federal Contract Tower,0,0,21,0,21,0,0,84,0,84,0,0,105,0,105,94,0,94,199
04/27/2009,TIX,FL,ASO,ES,Federal Contract Tower,0,0,35,0,35,0,0,247,0,247,0,0,282,0,282,156,0,156,438
04/28/2009,TIX,FL,ASO,ES,Federal Contract Tower,0,0,55,0,55,0,0,217,0,217,0,0,272,0,272,236,0,236,508
04/29/2009,TIX,FL,ASO,ES,Federal Contract Tower,0,0,62,0,62,0,0,321,0,321,0,0,383,0,383,222,0,222,605
04/30/2009,TIX,FL,ASO,ES,Federal Contract Tower,0,1,30,0,31,0,0,288,0,288,0,1,318,0,319,376,0,376,695
05/01/2009,TIX,FL,ASO,ES,Federal Contract Tower,0,2,58,0,60,0,1,242,0,243,0,3,300,0,303,270,0,270,573
05/02/2009,TIX,FL,ASO,ES,Federal Contract Tower,0,0,30,0,30,0,0,108,0,108,0,0,138,0,138,120,0,120,258
05/03/2009,TIX,FL,ASO,ES,Federal Contract Tower,0,0,19,0,19,0,0,154,0,154,0,0,173,0,173,88,0,88,261
05/04/2009,TIX,FL,ASO,ES,Federal Contract Tower,0,0,38,0,38,0,0,245,0,245,0,0,283,0,283,302,0,302,585
05/05/2009,TIX,FL,ASO,ES,Federal Contract Tower,0,0,45,2,47,0,0,286,0,286,0,0,331,2,333,229,8,237,570
05/06/2009,TIX,FL,ASO,ES,Federal Contract Tower,0,0,42,0,42,0,0,287,0,287,0,0,329,0,329,255,0,255,584
05/07/2009,TIX,FL,ASO,ES,Federal Contract Tower,0,0,52,0,52,0,0,317,0,317,0,0,369,0,369,278,0,278,647
05/08/2009,TIX,FL,ASO,ES,Federal Contract Tower,0,0,41,0,41,0,0,228,1,229,0,0,269,1,270,248,0,248,518
05/09/2009,TIX,FL,ASO,ES,Federal Contract Tower,0,0,39,0,39,0,0,162,0,162,0,0,201,0,201,108,0,108,309
05/10/2009,TIX,FL,ASO,ES,Federal Contract Tower,0,0,15,0,15,0,0,92,0,92,0,0,107,0,107,40,0,40,147
05/11/2009,TIX,FL,ASO,ES,Federal Contract Tower,0,3,20,0,23,0,0,29,10,39,0,3,49,10,62,0,0,0,62
05/12/2009,TIX,FL,ASO,ES,Federal Contract Tower,0,2,24,0,26,0,0,183,0,183,0,2,207,0,209,253,0,253,462
05/13/2009,TIX,FL,ASO,ES,Federal Contract Tower,0,0,48,1,49,0,0,245,0,245,0,0,293,1,294,208,0,208,502
05/14/2009,TIX,FL,ASO,ES,Federal Contract Tower,0,0,59,0,59,0,0,214,0,214,0,0,273,0,273,289,0,289,562
05/15/2009,TIX,FL,ASO,ES,Federal Contract Tower,0,0,49,0,49,0,0,253,0,253,0,0,302,0,302,273,0,273,575
05/16/2009,TIX,FL,ASO,ES,Federal Contract Tower,0,0,32,0,32,0,0,208,0,208,0,0,240,0,240,151,0,151,391
05/17/2009,TIX,FL,ASO,ES,Federal Contract Tower,0,0,20,0,20,0,0,114,0,114,0,0,134,0,134,128,0,128,262
05/18/2009,TIX,FL,ASO,ES,Federal Contract Tower,0,0,19,1,20,0,0,75,0,75,0,0,94,1,95,46,1,47,142
05/19/2009,TIX,FL,ASO,ES,Federal Contract Tower,0,1,27,0,28,0,0,6,0,6,0,1,33,0,34,88,0,88,122
05/20/2009,TIX,FL,ASO,ES,Federal Contract Tower,0,0,8,0,8,0,0,45,0,45,0,0,53,0,53,76,0,76,129
05/21/2009,TIX,FL,ASO,ES,Federal Contract Tower,0,0,16,0,16,0,0,73,0,73,0,0,89,0,89,129,0,129,218
05/22/2009,TIX,FL,ASO,ES,Federal Contract Tower,0,0,19,0,19,0,0,49,0,49,0,0,68,0,68,57,0,57,125
05/23/2009,TIX,FL,ASO,ES,Federal Contract Tower,0,0,2,0,2,0,0,44,0,44,0,0,46,0,46,72,0,72,118
05/24/2009,TIX,FL,ASO,ES,Federal Contract Tower,0,0,10,0,10,0,0,94,0,94,0,0,104,0,104,204,0,204,308
05/25/2009,TIX,FL,ASO,ES,Federal Contract Tower,0,0,34,0,34,0,0,194,0,194,0,0,228,0,228,160,0,160,388
05/26/2009,TIX,FL,ASO,ES,Federal Contract Tower,0,0,29,0,29,0,0,227,0,227,0,0,256,0,256,121,0,121,377
05/27/2009,TIX,FL,ASO,ES,Federal Contract Tower,0,0,67,0,67,0,0,269,0,269,0,0,336,0,336,241,0,241,577
05/28/2009,TIX,FL,ASO,ES,Federal Contract Tower,0,0,34,0,34,0,0,173,0,173,0,0,207,0,207,190,0,190,397
05/29/2009,TIX,FL,ASO,ES,Federal Contract Tower,0,0,58,1,59,0,0,162,0,162,0,0,220,1,221,255,0,255,476
05/30/2009,TIX,FL,ASO,ES,Federal Contract Tower,0,0,41,0,41,0,0,154,0,154,0,0,195,0,195,173,0,173,368
05/31/2009,TIX,FL,ASO,ES,Federal Contract Tower,0,0,16,2,18,0,0,170,0,170,0,0,186,2,188,242,0,242,430
06/01/2009,TIX,FL,ASO,ES,Federal Contract Tower,0,0,46,0,46,0,0,248,0,248,0,0,294,0,294,205,0,205,499
06/02/2009,TIX,FL,ASO,ES,Federal Contract Tower,0,0,56,0,56,0,0,223,0,223,0,0,279,0,279,204,0,204,483
06/03/2009,TIX,FL,ASO,ES,Federal Contract Tower,0,0,41,0,41,0,0,225,0,225,0,0,266,0,266,283,0,283,549
06/04/2009,TIX,FL,ASO,ES,Federal Contract Tower,0,0,13,0,13,0,0,124,0,124,0,0,137,0,137,130,0,130,267
06/05/2009,TIX,FL,ASO,ES,Federal Contract Tower,0,0,50,0,50,0,0,171,0,171,0,0,221,0,221,245,0,245,466
06/06/2009,TIX,FL,ASO,ES,Federal Contract Tower,0,0,28,0,28,0,0,118,0,118,0,0,146,0,146,152,0,152,298
06/07/2009,TIX,FL,ASO,ES,Federal Contract Tower,0,2,9,0,11,0,0,91,0,91,0,2,100,0,102,66,0,66,168
06/08/2009,TIX,FL,ASO,ES,Federal Contract Tower,0,0,34,0,34,0,0,214,0,214,0,0,248,0,248,328,0,328,576
06/09/2009,TIX,FL,ASO,ES,Federal Contract Tower,0,0,56,0,56,0,0,232,0,232,0,0,288,0,288,374,6,380,668
06/10/2009,TIX,FL,ASO,ES,Federal Contract Tower,0,0,51,0,51,0,0,225,0,225,0,0,276,0,276,297,0,297,573
06/11/2009,TIX,FL,ASO,ES,Federal Contract Tower,0,4,53,0,57,0,0,252,0,252,0,4,305,0,309,331,0,331,640
06/12/2009,TIX,FL,ASO,ES,Federal Contract Tower,0,9,47,0,56,0,0,247,0,247,0,9,294,0,303,304,0,304,607
06/13/2009,TIX,FL,ASO,ES,Federal Contract Tower,0,8,36,0,44,0,4,148,0,152,0,12,184,0,196,82,0,82,278
06/14/2009,TIX,FL,ASO,ES,Federal Contract Tower,0,3,45,0,48,0,0,128,0,128,0,3,173,0,176,74,0,74,250
06/15/2009,TIX,FL,ASO,ES,Federal Contract Tower,0,0,31,0,31,0,0,166,2,168,0,0,197,2,199,202,0,202,401
06/16/2009,TIX,FL,ASO,ES,Federal Contract Tower,0,2,50,0,52,0,0,208,0,208,0,2,258,0,260,214,0,214,474
06/17/2009,TIX,FL,ASO,ES,Federal Contract Tower,0,0,59,0,59,0,0,210,0,210,0,0,269,0,269,291,0,291,560
06/18/2009,TIX,FL,ASO,ES,Federal Contract Tower,0,1,38,1,40,0,0,181,0,181,0,1,219,1,221,144,0,144,365
06/19/2009,TIX,FL,ASO,ES,Federal Contract Tower,0,10,37,0,47,0,0,242,0,242,0,10,279,0,289,199,0,199,488
06/20/2009,TIX,FL,ASO,ES,Federal Contract Tower,0,2,24,0,26,0,1,151,0,152,0,3,175,0,178,75,0,75,253
06/21/2009,TIX,FL,ASO,ES,Federal Contract Tower,0,4,24,0,28,0,0,94,0,94,0,4,118,0,122,28,0,28,150
06/22/2009,TIX,FL,ASO,ES,Federal Contract Tower,0,0,45,2,47,0,0,187,0,187,0,0,232,2,234,212,0,212,446
06/23/2009,TIX,FL,ASO,ES,Federal Contract Tower,0,0,51,0,51,0,0,204,0,204,0,0,255,0,255,206,0,206,461
06/24/2009,TIX,FL,ASO,ES,Federal Contract Tower,0,0,49,0,49,0,0,249,0,249,0,0,298,0,298,294,0,294,592
06/25/2009,TIX,FL,ASO,ES,Federal Contract Tower,0,0,32,0,32,0,0,176,0,176,0,0,208,0,208,195,0,195,403
06/26/2009,TIX,FL,ASO,ES,Federal Contract Tower,0,2,23,0,25,0,0,127,0,127,0,2,150,0,152,167,0,167,319
06/27/2009,TIX,FL,ASO,ES,Federal Contract Tower,0,1,20,0,21,0,0,135,0,135,0,1,155,0,156,101,0,101,257
06/28/2009,TIX,FL,ASO,ES,Federal Contract Tower,0,0,17,0,17,0,0,86,0,86,0,0,103,0,103,98,0,98,201
06/29/2009,TIX,FL,ASO,ES,Federal Contract Tower,0,0,46,0,46,0,0,111,0,111,0,0,157,0,157,152,0,152,309
06/30/2009,TIX,FL,ASO,ES,Federal Contract Tower,0,0,25,0,25,0,0,96,0,96,0,0,121,0,121,131,0,131,252
07/01/2009,TIX,FL,ASO,ES,Federal Contract Tower,0,0,42,0,42,0,0,95,0,95,0,0,137,0,137,274,0,274,411
07/02/2009,TIX,FL,ASO,ES,Federal Contract Tower,0,0,57,3,60,0,0,156,0,156,0,0,213,3,216,286,0,286,502
07/03/2009,TIX,FL,ASO,ES,Federal Contract Tower,0,0,35,0,35,0,0,133,0,133,0,0,168,0,168,141,0,141,309
07/04/2009,TIX,FL,ASO,ES,Federal Contract Tower,0,0,12,0,12,0,0,34,0,34,0,0,46,0,46,4,0,4,50
07/05/2009,TIX,FL,ASO,ES,Federal Contract Tower,0,0,18,0,18,0,0,92,0,92,0,0,110,0,110,14,0,14,124
07/06/2009,TIX,FL,ASO,ES,Federal Contract Tower,0,0,54,0,54,0,0,159,0,159,0,0,213,0,213,180,0,180,393
07/07/2009,TIX,FL,ASO,ES,Federal Contract Tower,0,0,48,4,52,0,0,136,0,136,0,0,184,4,188,177,0,177,365
07/08/2009,TIX,FL,ASO,ES,Federal Contract Tower,0,0,55,0,55,0,0,169,0,169,0,0,224,0,224,160,0,160,384
07/09/2009,TIX,FL,ASO,ES,Federal Contract Tower,0,1,42,0,43,0,0,168,0,168,0,1,210,0,211,147,0,147,358
07/10/2009,TIX,FL,ASO,ES,Federal Contract Tower,0,0,31,0,31,0,0,129,0,129,0,0,160,0,160,209,0,209,369
07/11/2009,TIX,FL,ASO,ES,Federal Contract Tower,0,1,21,0,22,0,0,127,0,127,0,1,148,0,149,68,0,68,217
07/12/2009,TIX,FL,ASO,ES,Federal Contract Tower,0,1,10,1,12,0,0,65,13,78,0,1,75,14,90,46,2,48,138
07/13/2009,TIX,FL,ASO,ES,Federal Contract Tower,0,0,16,0,16,0,0,56,14,70,0,0,72,14,86,86,1,87,173
07/14/2009,TIX,FL,ASO,ES,Federal Contract Tower,0,0,48,2,50,0,0,208,0,208,0,0,256,2,258,227,0,227,485
07/15/2009,TIX,FL,ASO,ES,Federal Contract Tower,0,0,18,0,18,0,0,72,11,83,0,0,90,11,101,84,0,84,185
07/16/2009,TIX,FL,ASO,ES,Federal Contract Tower,0,2,56,2,60,0,0,223,0,223,0,2,279,2,283,234,0,234,517
07/17/2009,TIX,FL,ASO,ES,Federal Contract Tower,0,0,27,0,27,0,0,223,0,223,0,0,250,0,250,3,0,3,253
07/18/2009,TIX,FL,ASO,ES,Federal Contract Tower,0,1,14,0,15,0,0,169,0,169,0,1,183,0,184,89,0,89,273
07/19/2009,TIX,FL,ASO,ES,Federal Contract Tower,0,0,19,0,19,0,0,117,0,117,0,0,136,0,136,118,0,118,254
07/20/2009,TIX,FL,ASO,ES,Federal Contract Tower,0,0,19,0,19,0,0,102,0,102,0,0,121,0,121,195,0,195,316
07/21/2009,TIX,FL,ASO,ES,Federal Contract Tower,0,0,35,0,35,0,0,191,0,191,0,0,226,0,226,265,0,265,491
07/22/2009,TIX,FL,ASO,ES,Federal Contract Tower,0,0,51,1,52,0,0,177,1,178,0,0,228,2,230,221,0,221,451
07/23/2009,TIX,FL,ASO,ES,Federal Contract Tower,0,0,25,0,25,0,0,207,0,207,0,0,232,0,232,294,0,294,526
07/24/2009,TIX,FL,ASO,ES,Federal Contract Tower,0,0,45,0,45,0,0,154,0,154,0,0,199,0,199,138,0,138,337
07/25/2009,TIX,FL,ASO,ES,Federal Contract Tower,0,1,29,0,30,0,0,125,0,125,0,1,154,0,155,50,0,50,205
07/26/2009,TIX,FL,ASO,ES,Federal Contract Tower,0,1,14,0,15,0,0,105,0,105,0,1,119,0,120,104,0,104,224
07/27/2009,TIX,FL,ASO,ES,Federal Contract Tower,0,0,23,0,23,0,0,133,0,133,0,0,156,0,156,244,0,244,400
07/28/2009,TIX,FL,ASO,ES,Federal Contract Tower,0,0,38,0,38,0,0,177,0,177,0,0,215,0,215,204,0,204,419
07/29/2009,TIX,FL,ASO,ES,Federal Contract Tower,0,0,29,6,35,0,0,149,0,149,0,0,178,6,184,168,0,168,352
07/30/2009,TIX,FL,ASO,ES,Federal Contract Tower,0,0,17,0,17,0,0,120,0,120,0,0,137,0,137,124,0,124,261
07/31/2009,TIX,FL,ASO,ES,Federal Contract Tower,0,0,26,0,26,0,0,98,0,98,0,0,124,0,124,181,0,181,305
08/01/2009,TIX,FL,ASO,ES,Federal Contract Tower,0,1,27,0,28,0,1,129,2,132,0,2,156,2,160,88,0,88,248
08/02/2009,TIX,FL,ASO,ES,Federal Contract Tower,0,1,18,0,19,0,0,95,0,95,0,1,113,0,114,22,0,22,136
08/03/2009,TIX,FL,ASO,ES,Federal Contract Tower,0,0,25,0,25,0,0,121,0,121,0,0,146,0,146,219,0,219,365
08/04/2009,TIX,FL,ASO,ES,Federal Contract Tower,0,0,24,0,24,0,0,164,0,164,0,0,188,0,188,262,0,262,450
08/05/2009,TIX,FL,ASO,ES,Federal Contract Tower,0,0,32,0,32,0,0,97,0,97,0,0,129,0,129,106,0,106,235
08/06/2009,TIX,FL,ASO,ES,Federal Contract Tower,0,0,28,0,28,0,0,174,0,174,0,0,202,0,202,278,0,278,480
08/07/2009,TIX,FL,ASO,ES,Federal Contract Tower,0,0,21,0,21,0,0,156,0,156,0,0,177,0,177,124,0,124,301
08/08/2009,TIX,FL,ASO,ES,Federal Contract Tower,0,0,19,0,19,0,0,113,0,113,0,0,132,0,132,40,0,40,172
08/09/2009,TIX,FL,ASO,ES,Federal Contract Tower,0,4,14,0,18,0,0,121,0,121,0,4,135,0,139,96,0,96,235
08/10/2009,TIX,FL,ASO,ES,Federal Contract Tower,0,0,26,0,26,0,0,132,0,132,0,0,158,0,158,209,6,215,373
08/11/2009,TIX,FL,ASO,ES,Federal Contract Tower,0,0,37,0,37,0,0,179,0,179,0,0,216,0,216,288,0,288,504
08/12/2009,TIX,FL,ASO,ES,Federal Contract Tower,0,0,33,0,33,0,0,178,0,178,0,0,211,0,211,296,0,296,507
08/13/2009,TIX,FL,ASO,ES,Federal Contract Tower,0,0,33,0,33,0,0,156,0,156,0,0,189,0,189,216,0,216,405
08/14/2009,TIX,FL,ASO,ES,Federal Contract Tower,0,0,42,0,42,0,0,195,0,195,0,0,237,0,237,1,0,1,238
08/15/2009,TIX,FL,ASO,ES,Federal Contract Tower,0,2,13,0,15,0,0,130,0,130,0,2,143,0,145,132,0,132,277
08/16/2009,TIX,FL,ASO,ES,Federal Contract Tower,0,5,17,0,22,0,0,91,0,91,0,5,108,0,113,114,0,114,227
08/17/2009,TIX,FL,ASO,ES,Federal Contract Tower,0,0,26,0,26,0,0,154,0,154,0,0,180,0,180,178,0,178,358
08/18/2009,TIX,FL,ASO,ES,Federal Contract Tower,0,0,39,0,39,0,0,166,0,166,0,0,205,0,205,245,0,245,450
08/19/2009,TIX,FL,ASO,ES,Federal Contract Tower,0,0,36,0,36,0,0,191,0,191,0,0,227,0,227,207,0,207,434
08/20/2009,TIX,FL,ASO,ES,Federal Contract Tower,0,0,26,0,26,0,0,180,0,180,0,0,206,0,206,266,0,266,472
08/21/2009,TIX,FL,ASO,ES,Federal Contract Tower,0,0,41,0,41,0,0,163,0,163,0,0,204,0,204,260,0,260,464
08/22/2009,TIX,FL,ASO,ES,Federal Contract Tower,0,0,22,0,22,0,0,128,0,128,0,0,150,0,150,96,0,96,246
08/23/2009,TIX,FL,ASO,ES,Federal Contract Tower,0,0,23,0,23,0,0,60,0,60,0,0,83,0,83,20,0,20,103
08/24/2009,TIX,FL,ASO,ES,Federal Contract Tower,0,0,22,0,22,0,0,173,0,173,0,0,195,0,195,196,0,196,391
08/25/2009,TIX,FL,ASO,ES,Federal Contract Tower,0,0,29,0,29,0,0,175,2,177,0,0,204,2,206,178,0,178,384
08/26/2009,TIX,FL,ASO,ES,Federal Contract Tower,0,0,30,0,30,0,0,155,0,155,0,0,185,0,185,200,0,200,385
08/27/2009,TIX,FL,ASO,ES,Federal Contract Tower,0,0,36,0,36,0,0,170,0,170,0,0,206,0,206,251,0,251,457
08/28/2009,TIX,FL,ASO,ES,Federal Contract Tower,0,0,28,5,33,0,0,167,0,167,0,0,195,5,200,300,0,300,500
08/29/2009,TIX,FL,ASO,ES,Federal Contract Tower,0,0,26,1,27,0,0,171,0,171,0,0,197,1,198,23,0,23,221
08/30/2009,TIX,FL,ASO,ES,Federal Contract Tower,0,1,24,0,25,0,0,156,0,156,0,1,180,0,181,79,0,79,260
08/31/2009,TIX,FL,ASO,ES,Federal Contract Tower,0,0,42,0,42,0,0,196,0,196,0,0,238,0,238,229,2,231,469
09/01/2009,TIX,FL,ASO,ES,Federal Contract Tower,0,0,22,0,22,0,0,99,0,99,0,0,121,0,121,118,0,118,239
09/02/2009,TIX,FL,ASO,ES,Federal Contract Tower,0,0,27,0,27,0,0,96,0,96,0,0,123,0,123,164,0,164,287
09/03/2009,TIX,FL,ASO,ES,Federal Contract Tower,0,0,25,0,25,0,0,166,0,166,0,0,191,0,191,241,0,241,432
09/04/2009,TIX,FL,ASO,ES,Federal Contract Tower,0,0,51,0,51,0,0,116,0,116,0,0,167,0,167,115,0,115,282
09/05/2009,TIX,FL,ASO,ES,Federal Contract Tower,0,0,26,0,26,0,0,134,0,134,0,0,160,0,160,92,0,92,252
09/06/2009,TIX,FL,ASO,ES,Federal Contract Tower,0,0,8,0,8,0,0,52,0,52,0,0,60,0,60,52,0,52,112
09/07/2009,TIX,FL,ASO,ES,Federal Contract Tower,0,0,26,0,26,0,0,154,0,154,0,0,180,0,180,172,0,172,352
09/08/2009,TIX,FL,ASO,ES,Federal Contract Tower,0,0,32,0,32,0,0,163,0,163,0,0,195,0,195,264,0,264,459
09/09/2009,TIX,FL,ASO,ES,Federal Contract Tower,0,0,42,0,42,0,0,237,2,239,0,0,279,2,281,236,0,236,517
09/10/2009,TIX,FL,ASO,ES,Federal Contract Tower,0,2,19,0,21,0,0,162,0,162,0,2,181,0,183,200,0,200,383
09/11/2009,TIX,FL,ASO,ES,Federal Contract Tower,0,0,16,0,16,0,0,117,0,117,0,0,133,0,133,248,0,248,381
09/12/2009,TIX,FL,ASO,ES,Federal Contract Tower,0,1,18,0,19,0,0,62,0,62,0,1,80,0,81,136,0,136,217
09/13/2009,TIX,FL,ASO,ES,Federal Contract Tower,0,0,9,0,9,0,0,55,0,55,0,0,64,0,64,98,0,98,162
09/14/2009,TIX,FL,ASO,ES,Federal Contract Tower,0,0,35,0,35,0,0,175,0,175,0,0,210,0,210,233,0,233,443
09/15/2009,TIX,FL,ASO,ES,Federal Contract Tower,0,0,14,0,14,0,0,166,0,166,0,0,180,0,180,300,0,300,480
09/16/2009,TIX,FL,ASO,ES,Federal Contract Tower,0,0,33,0,33,0,0,205,0,205,0,0,238,0,238,248,0,248,486
09/17/2009,TIX,FL,ASO,ES,Federal Contract Tower,0,0,18,1,19,0,0,199,1,200,0,0,217,2,219,270,0,270,489
09/18/2009,TIX,FL,ASO,ES,Federal Contract Tower,0,0,20,0,20,0,0,177,0,177,0,0,197,0,197,246,0,246,443
09/19/2009,TIX,FL,ASO,ES,Federal Contract Tower,0,0,16,0,16,0,0,132,0,132,0,0,148,0,148,121,0,121,269
09/20/2009,TIX,FL,ASO,ES,Federal Contract Tower,0,0,21,0,21,0,0,117,0,117,0,0,138,0,138,46,0,46,184
09/21/2009,TIX,FL,ASO,ES,Federal Contract Tower,0,1,38,0,39,0,0,143,0,143,0,1,181,0,182,199,0,199,381
09/22/2009,TIX,FL,ASO,ES,Federal Contract Tower,0,0,37,0,37,0,0,197,0,197,0,0,234,0,234,258,0,258,492
09/23/2009,TIX,FL,ASO,ES,Federal Contract Tower,0,0,39,0,39,0,0,210,0,210,0,0,249,0,249,204,0,204,453
09/24/2009,TIX,FL,ASO,ES,Federal Contract Tower,0,0,31,0,31,0,0,257,0,257,0,0,288,0,288,404,0,404,692
09/25/2009,TIX,FL,ASO,ES,Federal Contract Tower,0,0,21,2,23,0,0,230,0,230,0,0,251,2,253,176,0,176,429
09/26/2009,TIX,FL,ASO,ES,Federal Contract Tower,0,0,15,0,15,0,0,112,0,112,0,0,127,0,127,106,0,106,233
09/27/2009,TIX,FL,ASO,ES,Federal Contract Tower,0,0,9,2,11,0,0,32,0,32,0,0,41,2,43,42,0,42,85
09/28/2009,TIX,FL,ASO,ES,Federal Contract Tower,0,0,34,0,34,0,0,180,0,180,0,0,214,0,214,139,0,139,353
09/29/2009,TIX,FL,ASO,ES,Federal Contract Tower,0,0,49,0,49,0,0,162,0,162,0,0,211,0,211,329,0,329,540
09/30/2009,TIX,FL,ASO,ES,Federal Contract Tower,0,0,60,0,60,0,0,249,0,249,0,0,309,0,309,240,0,240,549
10/01/2009,TIX,FL,ASO,ES,Federal Contract Tower,0,0,33,0,33,0,0,247,0,247,0,0,280,0,280,296,0,296,576
10/02/2009,TIX,FL,ASO,ES,Federal Contract Tower,0,0,35,0,35,0,0,212,3,215,0,0,247,3,250,204,0,204,454
10/03/2009,TIX,FL,ASO,ES,Federal Contract Tower,0,0,22,0,22,0,0,103,4,107,0,0,125,4,129,100,2,102,231
10/04/2009,TIX,FL,ASO,ES,Federal Contract Tower,0,1,22,1,24,0,0,60,8,68,0,1,82,9,92,70,0,70,162
10/05/2009,TIX,FL,ASO,ES,Federal Contract Tower,0,0,25,1,26,0,0,159,0,159,0,0,184,1,185,208,0,208,393
10/06/2009,TIX,FL,ASO,ES,Federal Contract Tower,0,0,44,0,44,0,0,142,0,142,0,0,186,0,186,236,0,236,422
10/07/2009,TIX,FL,ASO,ES,Federal Contract Tower,0,0,37,0,37,0,0,245,0,245,0,0,282,0,282,251,0,251,533
10/08/2009,TIX,FL,ASO,ES,Federal Contract Tower,0,0,35,0,35,0,0,199,0,199,0,0,234,0,234,227,0,227,461
10/09/2009,TIX,FL,ASO,ES,Federal Contract Tower,0,0,23,0,23,0,0,193,0,193,0,0,216,0,216,120,0,120,336
10/10/2009,TIX,FL,ASO,ES,Federal Contract Tower,0,0,8,0,8,0,0,144,0,144,0,0,152,0,152,81,0,81,233
10/11/2009,TIX,FL,ASO,ES,Federal Contract Tower,0,0,11,1,12,0,0,67,0,67,0,0,78,1,79,98,0,98,177
10/12/2009,TIX,FL,ASO,ES,Federal Contract Tower,0,0,30,0,30,0,0,190,0,190,0,0,220,0,220,204,0,204,424
10/13/2009,TIX,FL,ASO,ES,Federal Contract Tower,0,0,42,0,42,0,0,190,0,190,0,0,232,0,232,260,0,260,492
10/14/2009,TIX,FL,ASO,ES,Federal Contract Tower,0,0,36,0,36,0,0,173,0,173,0,0,209,0,209,224,0,224,433
10/15/2009,TIX,FL,ASO,ES,Federal Contract Tower,0,0,35,0,35,0,0,144,0,144,0,0,179,0,179,216,0,216,395
10/16/2009,TIX,FL,ASO,ES,Federal Contract Tower,0,0,28,0,28,0,0,151,0,151,0,0,179,0,179,168,0,168,347
10/17/2009,TIX,FL,ASO,ES,Federal Contract Tower,0,0,17,0,17,0,0,133,2,135,0,0,150,2,152,82,0,82,234
10/18/2009,TIX,FL,ASO,ES,Federal Contract Tower,0,0,11,0,11,0,0,89,0,89,0,0,100,0,100,78,0,78,178
10/19/2009,TIX,FL,ASO,ES,Federal Contract Tower,0,0,40,0,40,0,0,163,0,163,0,0,203,0,203,169,0,169,372
10/20/2009,TIX,FL,ASO,ES,Federal Contract Tower,0,0,36,0,36,0,0,150,0,150,0,0,186,0,186,201,0,201,387
10/21/2009,TIX,FL,ASO,ES,Federal Contract Tower,0,0,20,0,20,0,0,184,0,184,0,0,204,0,204,260,0,260,464
10/22/2009,TIX,FL,ASO,ES,Federal Contract Tower,0,0,26,0,26,0,0,218,0,218,0,0,244,0,244,346,0,346,590
10/23/2009,TIX,FL,ASO,ES,Federal Contract Tower,0,0,36,2,38,0,0,236,1,237,0,0,272,3,275,282,0,282,557
10/24/2009,TIX,FL,ASO,ES,Federal Contract Tower,0,0,17,0,17,0,0,178,0,178,0,0,195,0,195,216,0,216,411
10/25/2009,TIX,FL,ASO,ES,Federal Contract Tower,0,0,6,0,6,0,0,85,0,85,0,0,91,0,91,11,0,11,102
10/26/2009,TIX,FL,ASO,ES,Federal Contract Tower,0,0,26,0,26,0,0,172,0,172,0,0,198,0,198,272,0,272,470
10/27/2009,TIX,FL,ASO,ES,Federal Contract Tower,0,0,10,0,10,0,0,175,0,175,0,0,185,0,185,182,0,182,367
10/28/2009,TIX,FL,ASO,ES,Federal Contract Tower,0,0,25,0,25,0,0,262,0,262,0,0,287,0,287,190,0,190,477
10/29/2009,TIX,FL,ASO,ES,Federal Contract Tower,0,0,20,0,20,0,0,198,0,198,0,0,218,0,218,206,0,206,424
10/30/2009,TIX,FL,ASO,ES,Federal Contract Tower,0,0,17,0,17,0,0,156,0,156,0,0,173,0,173,253,0,253,426
10/31/2009,TIX,FL,ASO,ES,Federal Contract Tower,0,0,9,0,9,0,0,134,0,134,0,0,143,0,143,113,0,113,256
11/01/2009,TIX,FL,ASO,ES,Federal Contract Tower,0,0,13,0,13,0,0,52,0,52,0,0,65,0,65,14,0,14,79
11/02/2009,TIX,FL,ASO,ES,Federal Contract Tower,0,0,39,0,39,0,0,188,0,188,0,0,227,0,227,188,0,188,415
11/03/2009,TIX,FL,ASO,ES,Federal Contract Tower,0,0,49,0,49,0,0,180,0,180,0,0,229,0,229,210,0,210,439
11/04/2009,TIX,FL,ASO,ES,Federal Contract Tower,0,0,37,0,37,0,0,218,0,218,0,0,255,0,255,292,0,292,547
11/05/2009,TIX,FL,ASO,ES,Federal Contract Tower,0,0,27,0,27,0,0,206,0,206,0,0,233,0,233,224,0,224,457
11/06/2009,TIX,FL,ASO,ES,Federal Contract Tower,0,1,21,0,22,0,0,180,0,180,0,1,201,0,202,146,0,146,348
11/07/2009,TIX,FL,ASO,ES,Federal Contract Tower,0,3,8,0,11,0,0,128,0,128,0,3,136,0,139,116,2,118,257
11/08/2009,TIX,FL,ASO,ES,Federal Contract Tower,0,0,9,0,9,0,0,60,0,60,0,0,69,0,69,40,0,40,109
11/09/2009,TIX,FL,ASO,ES,Federal Contract Tower,0,1,23,0,24,0,0,54,0,54,0,1,77,0,78,88,0,88,166
11/10/2009,TIX,FL,ASO,ES,Federal Contract Tower,0,0,48,0,48,0,0,128,0,128,0,0,176,0,176,176,0,176,352
11/11/2009,TIX,FL,ASO,ES,Federal Contract Tower,0,0,41,0,41,0,0,208,0,208,0,0,249,0,249,120,0,120,369
11/12/2009,TIX,FL,ASO,ES,Federal Contract Tower,0,0,11,0,11,0,0,148,0,148,0,0,159,0,159,180,2,182,341
11/13/2009,TIX,FL,ASO,ES,Federal Contract Tower,0,0,37,0,37,0,0,194,0,194,0,0,231,0,231,151,0,151,382
11/14/2009,TIX,FL,ASO,ES,Federal Contract Tower,0,0,36,1,37,0,0,225,1,226,0,0,261,2,263,132,0,132,395
11/15/2009,TIX,FL,ASO,ES,Federal Contract Tower,0,0,14,0,14,0,0,123,0,123,0,0,137,0,137,146,0,146,283
11/16/2009,TIX,FL,ASO,ES,Federal Contract Tower,0,0,23,0,23,0,0,64,16,80,0,0,87,16,103,46,0,46,149
11/17/2009,TIX,FL,ASO,ES,Federal Contract Tower,0,2,65,1,68,0,0,311,1,312,0,2,376,2,380,336,0,336,716
11/18/2009,TIX,FL,ASO,ES,Federal Contract Tower,0,0,59,0,59,0,0,268,0,268,0,0,327,0,327,371,0,371,698
11/19/2009,TIX,FL,ASO,ES,Federal Contract Tower,0,0,60,0,60,0,0,236,0,236,0,0,296,0,296,296,0,296,592
11/20/2009,TIX,FL,ASO,ES,Federal Contract Tower,0,2,48,0,50,0,0,169,0,169,0,2,217,0,219,198,0,198,417
11/21/2009,TIX,FL,ASO,ES,Federal Contract Tower,0,2,38,0,40,0,0,163,0,163,0,2,201,0,203,222,0,222,425
11/22/2009,TIX,FL,ASO,ES,Federal Contract Tower,0,0,12,0,12,0,0,105,0,105,0,0,117,0,117,119,0,119,236
11/23/2009,TIX,FL,ASO,ES,Federal Contract Tower,0,1,17,0,18,0,0,85,0,85,0,1,102,0,103,160,0,160,263
11/24/2009,TIX,FL,ASO,ES,Federal Contract Tower,0,1,30,0,31,0,0,159,0,159,0,1,189,0,190,250,0,250,440
11/25/2009,TIX,FL,ASO,ES,Federal Contract Tower,0,2,13,0,15,0,0,9,0,9,0,2,22,0,24,0,0,0,24
11/26/2009,TIX,FL,ASO,ES,Federal Contract Tower,0,0,5,2,7,0,0,26,0,26,0,0,31,2,33,8,0,8,41
11/27/2009,TIX,FL,ASO,ES,Federal Contract Tower,0,0,25,0,25,0,0,114,0,114,0,0,139,0,139,72,0,72,211
11/28/2009,TIX,FL,ASO,ES,Federal Contract Tower,0,1,45,0,46,0,0,129,0,129,0,1,174,0,175,138,0,138,313
11/29/2009,TIX,FL,ASO,ES,Federal Contract Tower,0,1,15,0,16,0,0,104,0,104,0,1,119,0,120,66,0,66,186
11/30/2009,TIX,FL,ASO,ES,Federal Contract Tower,0,0,39,0,39,0,0,160,0,160,0,0,199,0,199,206,0,206,405
12/01/2009,TIX,FL,ASO,ES,Federal Contract Tower,0,0,30,0,30,0,0,152,0,152,0,0,182,0,182,232,0,232,414
12/02/2009,TIX,FL,ASO,ES,Federal Contract Tower,0,2,9,0,11,0,0,89,0,89,0,2,98,0,100,70,0,70,170
12/03/2009,TIX,FL,ASO,ES,Federal Contract Tower,0,0,37,0,37,0,0,220,0,220,0,0,257,0,257,243,0,243,500
12/04/2009,TIX,FL,ASO,ES,Federal Contract Tower,0,0,55,0,55,0,0,14,0,14,0,0,69,0,69,10,0,10,79
12/05/2009,TIX,FL,ASO,ES,Federal Contract Tower,0,0,10,0,10,0,0,3,0,3,0,0,13,0,13,36,0,36,49
12/06/2009,TIX,FL,ASO,ES,Federal Contract Tower,0,0,21,0,21,0,0,144,0,144,0,0,165,0,165,50,0,50,215
12/07/2009,TIX,FL,ASO,ES,Federal Contract Tower,0,0,26,0,26,0,0,182,0,182,0,0,208,0,208,252,0,252,460
12/08/2009,TIX,FL,ASO,ES,Federal Contract Tower,0,0,36,0,36,0,0,190,0,190,0,0,226,0,226,5,0,5,231
12/09/2009,TIX,FL,ASO,ES,Federal Contract Tower,0,0,40,0,40,0,0,143,1,144,0,0,183,1,184,106,0,106,290
12/10/2009,TIX,FL,ASO,ES,Federal Contract Tower,0,0,24,3,27,0,0,112,1,113,0,0,136,4,140,196,2,198,338
12/11/2009,TIX,FL,ASO,ES,Federal Contract Tower,0,0,58,3,61,0,0,237,3,240,0,0,295,6,301,303,0,303,604
12/12/2009,TIX,FL,ASO,ES,Federal Contract Tower,0,1,11,0,12,0,0,146,0,146,0,1,157,0,158,6,0,6,164
12/13/2009,TIX,FL,ASO,ES,Federal Contract Tower,0,0,23,0,23,0,0,96,0,96,0,0,119,0,119,99,0,99,218
12/14/2009,TIX,FL,ASO,ES,Federal Contract Tower,0,0,32,2,34,0,0,79,0,79,0,0,111,2,113,135,0,135,248
12/15/2009,TIX,FL,ASO,ES,Federal Contract Tower,0,0,36,0,36,0,0,134,0,134,0,0,170,0,170,248,0,248,418
12/16/2009,TIX,FL,ASO,ES,Federal Contract Tower,0,0,17,0,17,0,0,138,0,138,0,0,155,0,155,262,0,262,417
12/17/2009,TIX,FL,ASO,ES,Federal Contract Tower,0,0,33,0,33,0,0,78,0,78,0,0,111,0,111,56,0,56,167
12/18/2009,TIX,FL,ASO,ES,Federal Contract Tower,0,0,8,0,8,0,0,5,0,5,0,0,13,0,13,0,0,0,13
12/19/2009,TIX,FL,ASO,ES,Federal Contract Tower,0,0,32,0,32,0,0,104,0,104,0,0,136,0,136,177,0,177,313
12/20/2009,TIX,FL,ASO,ES,Federal Contract Tower,0,0,37,0,37,0,0,116,0,116,0,0,153,0,153,130,0,130,283
12/21/2009,TIX,FL,ASO,ES,Federal Contract Tower,0,1,36,2,39,0,1,139,0,140,0,2,175,2,179,110,0,110,289
12/22/2009,TIX,FL,ASO,ES,Federal Contract Tower,0,0,34,0,34,0,0,125,0,125,0,0,159,0,159,172,0,172,331
12/23/2009,TIX,FL,ASO,ES,Federal Contract Tower,0,0,21,0,21,0,0,99,0,99,0,0,120,0,120,138,0,138,258
12/24/2009,TIX,FL,ASO,ES,Federal Contract Tower,0,0,11,0,11,0,0,54,0,54,0,0,65,0,65,92,0,92,157
12/25/2009,TIX,FL,ASO,ES,Federal Contract Tower,0,0,2,0,2,0,0,2,0,2,0,0,4,0,4,0,0,0,4
12/26/2009,TIX,FL,ASO,ES,Federal Contract Tower,0,4,19,0,23,0,0,46,0,46,0,4,65,0,69,75,0,75,144
12/27/2009,TIX,FL,ASO,ES,Federal Contract Tower,0,2,26,0,28,0,0,76,0,76,0,2,102,0,104,116,0,116,220
12/28/2009,TIX,FL,ASO,ES,Federal Contract Tower,0,0,19,0,19,0,0,80,0,80,0,0,99,0,99,72,0,72,171
12/29/2009,TIX,FL,ASO,ES,Federal Contract Tower,0,0,25,0,25,0,0,99,2,101,0,0,124,2,126,104,0,104,230
12/30/2009,TIX,FL,ASO,ES,Federal Contract Tower,0,5,26,0,31,0,0,106,0,106,0,5,132,0,137,148,0,148,285
12/31/2009,TIX,FL,ASO,ES,Federal Contract Tower,0,0,18,0,18,0,0,68,0,68,0,0,86,0,86,100,0,100,186
01/01/2010,TIX,FL,ASO,ES,Federal Contract Tower,0,0,2,0,2,0,0,0,0,0,0,0,2,0,2,0,0,0,2
01/02/2010,TIX,FL,ASO,ES,Federal Contract Tower,0,0,20,0,20,0,0,114,0,114,0,0,134,0,134,66,0,66,200
01/03/2010,TIX,FL,ASO,ES,Federal Contract Tower,0,1,15,0,16,0,0,75,0,75,0,1,90,0,91,80,0,80,171
01/04/2010,TIX,FL,ASO,ES,Federal Contract Tower,0,0,23,0,23,0,0,130,0,130,0,0,153,0,153,146,0,146,299
01/05/2010,TIX,FL,ASO,ES,Federal Contract Tower,0,0,19,0,19,0,0,172,0,172,0,0,191,0,191,129,0,129,320
01/06/2010,TIX,FL,ASO,ES,Federal Contract Tower,0,0,33,0,33,0,0,198,0,198,0,0,231,0,231,160,0,160,391
01/07/2010,TIX,FL,ASO,ES,Federal Contract Tower,0,0,33,0,33,0,0,239,0,239,0,0,272,0,272,146,0,146,418
01/08/2010,TIX,FL,ASO,ES,Federal Contract Tower,0,0,29,0,29,0,0,133,1,134,0,0,162,1,163,104,2,106,269
01/09/2010,TIX,FL,ASO,ES,Federal Contract Tower,0,0,2,1,3,0,0,4,0,4,0,0,6,1,7,0,2,2,9
01/10/2010,TIX,FL,ASO,ES,Federal Contract Tower,0,0,19,0,19,0,0,85,0,85,0,0,104,0,104,48,0,48,152
01/11/2010,TIX,FL,ASO,ES,Federal Contract Tower,0,0,42,0,42,0,0,238,0,238,0,0,280,0,280,168,0,168,448
01/12/2010,TIX,FL,ASO,ES,Federal Contract Tower,0,0,44,0,44,0,0,152,0,152,0,0,196,0,196,152,0,152,348
01/13/2010,TIX,FL,ASO,ES,Federal Contract Tower,0,0,50,0,50,0,0,262,0,262,0,0,312,0,312,158,0,158,470
01/14/2010,TIX,FL,ASO,ES,Federal Contract Tower,0,2,35,0,37,0,0,206,0,206,0,2,241,0,243,263,0,263,506
01/15/2010,TIX,FL,ASO,ES,Federal Contract Tower,0,0,33,0,33,0,0,225,0,225,0,0,258,0,258,210,0,210,468
01/16/2010,TIX,FL,ASO,ES,Federal Contract Tower,0,0,15,1,16,0,0,58,1,59,0,0,73,2,75,60,0,60,135
01/17/2010,TIX,FL,ASO,ES,Federal Contract Tower,0,0,13,0,13,0,0,31,0,31,0,0,44,0,44,22,0,22,66
01/18/2010,TIX,FL,ASO,ES,Federal Contract Tower,0,0,47,0,47,0,0,199,0,199,0,0,246,0,246,196,0,196,442
01/19/2010,TIX,FL,ASO,ES,Federal Contract Tower,0,0,41,0,41,0,0,205,0,205,0,0,246,0,246,276,0,276,522
01/20/2010,TIX,FL,ASO,ES,Federal Contract Tower,0,0,59,0,59,0,0,239,0,239,0,0,298,0,298,256,0,256,554
01/21/2010,TIX,FL,ASO,ES,Federal Contract Tower,0,0,13,0,13,0,0,102,0,102,0,0,115,0,115,81,0,81,196
01/22/2010,TIX,FL,ASO,ES,Federal Contract Tower,0,0,25,0,25,0,0,155,0,155,0,0,180,0,180,136,0,136,316
01/23/2010,TIX,FL,ASO,ES,Federal Contract Tower,0,2,37,0,39,0,0,169,0,169,0,2,206,0,208,142,0,142,350
01/24/2010,TIX,FL,ASO,ES,Federal Contract Tower,0,0,6,0,6,0,0,29,0,29,0,0,35,0,35,16,0,16,51
01/25/2010,TIX,FL,ASO,ES,Federal Contract Tower,0,0,43,0,43,0,0,110,0,110,0,0,153,0,153,59,0,59,212
01/26/2010,TIX,FL,ASO,ES,Federal Contract Tower,0,0,64,0,64,0,0,203,0,203,0,0,267,0,267,164,0,164,431
01/27/2010,TIX,FL,ASO,ES,Federal Contract Tower,0,0,58,0,58,0,0,274,0,274,0,0,332,0,332,278,0,278,610
01/28/2010,TIX,FL,ASO,ES,Federal Contract Tower,0,0,35,0,35,0,0,219,0,219,0,0,254,0,254,216,0,216,470
01/29/2010,TIX,FL,ASO,ES,Federal Contract Tower,0,0,33,0,33,0,0,234,0,234,0,0,267,0,267,142,0,142,409
01/30/2010,TIX,FL,ASO,ES,Federal Contract Tower,0,0,6,0,6,0,0,42,0,42,0,0,48,0,48,31,0,31,79
01/31/2010,TIX,FL,ASO,ES,Federal Contract Tower,0,0,4,0,4,0,0,7,0,7,0,0,11,0,11,14,0,14,25
02/01/2010,TIX,FL,ASO,ES,Federal Contract Tower,0,0,15,0,15,0,0,57,0,57,0,0,72,0,72,8,0,8,80
02/02/2010,TIX,FL,ASO,ES,Federal Contract Tower,0,0,8,0,8,0,0,35,0,35,0,0,43,0,43,82,0,82,125
02/03/2010,TIX,FL,ASO,ES,Federal Contract Tower,0,0,56,0,56,0,0,274,0,274,0,0,330,0,330,262,0,262,592
02/04/2010,TIX,FL,ASO,ES,Federal Contract Tower,0,0,40,0,40,0,1,217,0,218,0,1,257,0,258,258,0,258,516
02/05/2010,TIX,FL,ASO,ES,Federal Contract Tower,0,2,16,1,19,0,0,128,1,129,0,2,144,2,148,86,0,86,234
02/06/2010,TIX,FL,ASO,ES,Federal Contract Tower,0,4,29,0,33,0,0,72,0,72,0,4,101,0,105,14,0,14,119
02/07/2010,TIX,FL,ASO,ES,Federal Contract Tower,0,4,29,1,34,0,0,111,1,112,0,4,140,2,146,66,0,66,212
02/08/2010,TIX,FL,ASO,ES,Federal Contract Tower,0,1,34,0,35,0,0,208,0,208,0,1,242,0,243,188,0,188,431
02/09/2010,TIX,FL,ASO,ES,Federal Contract Tower,0,2,29,0,31,0,2,100,0,102,0,4,129,0,133,100,0,100,233
02/10/2010,TIX,FL,ASO,ES,Federal Contract Tower,0,0,46,0,46,0,0,196,0,196,0,0,242,0,242,138,0,138,380
02/11/2010,TIX,FL,ASO,ES,Federal Contract Tower,0,0,30,0,30,0,0,206,0,206,0,0,236,0,236,280,0,280,516
02/12/2010,TIX,FL,ASO,ES,Federal Contract Tower,0,0,13,0,13,0,0,81,0,81,0,0,94,0,94,58,0,58,152
02/13/2010,TIX,FL,ASO,ES,Federal Contract Tower,0,2,16,0,18,0,0,81,0,81,0,2,97,0,99,40,0,40,139
02/14/2010,TIX,FL,ASO,ES,Federal Contract Tower,0,1,16,0,17,0,0,109,0,109,0,1,125,0,126,80,0,80,206
02/15/2010,TIX,FL,ASO,ES,Federal Contract Tower,0,0,23,0,23,0,0,137,0,137,0,0,160,0,160,92,0,92,252
02/16/2010,TIX,FL,ASO,ES,Federal Contract Tower,0,0,42,0,42,0,0,147,0,147,0,0,189,0,189,202,0,202,391
02/17/2010,TIX,FL,ASO,ES,Federal Contract Tower,0,0,53,0,53,0,0,141,0,141,0,0,194,0,194,134,0,134,328
02/18/2010,TIX,FL,ASO,ES,Federal Contract Tower,0,0,56,0,56,0,0,241,0,241,0,0,297,0,297,261,0,261,558
02/19/2010,TIX,FL,ASO,ES,Federal Contract Tower,0,0,53,0,53,0,0,262,0,262,0,0,315,0,315,188,0,188,503
02/20/2010,TIX,FL,ASO,ES,Federal Contract Tower,0,2,29,0,31,0,0,151,0,151,0,2,180,0,182,143,0,143,325
02/21/2010,TIX,FL,ASO,ES,Federal Contract Tower,0,2,25,0,27,0,0,93,0,93,0,2,118,0,120,86,0,86,206
02/22/2010,TIX,FL,ASO,ES,Federal Contract Tower,0,2,25,0,27,0,0,93,0,93,0,2,118,0,120,86,0,86,206
02/23/2010,TIX,FL,ASO,ES,Federal Contract Tower,0,0,53,0,53,0,0,133,0,133,0,0,186,0,186,158,0,158,344
02/24/2010,TIX,FL,ASO,ES,Federal Contract Tower,0,0,41,0,41,0,0,91,0,91,0,0,132,0,132,121,0,121,253
02/25/2010,TIX,FL,ASO,ES,Federal Contract Tower,0,0,42,0,42,0,0,195,0,195,0,0,237,0,237,167,0,167,404
02/26/2010,TIX,FL,ASO,ES,Federal Contract Tower,0,0,52,0,52,0,0,251,0,251,0,0,303,0,303,293,0,293,596
02/27/2010,TIX,FL,ASO,ES,Federal Contract Tower,0,3,11,0,14,0,0,90,0,90,0,3,101,0,104,52,0,52,156
02/28/2010,TIX,FL,ASO,ES,Federal Contract Tower,0,1,31,0,32,0,0,112,0,112,0,1,143,0,144,70,0,70,214
03/01/2010,TIX,FL,ASO,ES,Federal Contract Tower,0,0,47,0,47,0,0,224,0,224,0,0,271,0,271,184,0,184,455
03/02/2010,TIX,FL,ASO,ES,Federal Contract Tower,0,1,11,0,12,0,0,3,0,3,0,1,14,0,15,6,0,6,21
03/03/2010,TIX,FL,ASO,ES,Federal Contract Tower,0,0,39,0,39,0,0,143,0,143,0,0,182,0,182,162,0,162,344
03/04/2010,TIX,FL,ASO,ES,Federal Contract Tower,0,0,39,0,39,0,0,191,0,191,0,0,230,0,230,151,0,151,381
03/05/2010,TIX,FL,ASO,ES,Federal Contract Tower,0,1,34,5,40,0,0,215,1,216,0,1,249,6,256,176,0,176,432
03/06/2010,TIX,FL,ASO,ES,Federal Contract Tower,0,3,37,0,40,0,2,147,0,149,0,5,184,0,189,50,0,50,239
03/07/2010,TIX,FL,ASO,ES,Federal Contract Tower,0,0,22,0,22,0,0,110,0,110,0,0,132,0,132,70,0,70,202
03/08/2010,TIX,FL,ASO,ES,Federal Contract Tower,0,0,27,0,27,0,0,192,0,192,0,0,219,0,219,196,0,196,415
03/09/2010,TIX,FL,ASO,ES,Federal Contract Tower,0,0,26,0,26,0,0,189,2,191,0,0,215,2,217,240,0,240,457
03/10/2010,TIX,FL,ASO,ES,Federal Contract Tower,0,0,25,0,25,0,0,199,0,199,0,0,224,0,224,122,0,122,346
03/11/2010,TIX,FL,ASO,ES,Federal Contract Tower,0,2,17,2,21,0,0,21,0,21,0,2,38,2,42,2,0,2,44
03/12/2010,TIX,FL,ASO,ES,Federal Contract Tower,0,1,17,3,21,0,0,5,0,5,0,1,22,3,26,0,0,0,26
03/13/2010,TIX,FL,ASO,ES,Federal Contract Tower,0,0,12,0,12,0,0,121,0,121,0,0,133,0,133,0,0,0,133
03/14/2010,TIX,FL,ASO,ES,Federal Contract Tower,0,0,13,0,13,0,0,88,0,88,0,0,101,0,101,24,0,24,125
03/15/2010,TIX,FL,ASO,ES,Federal Contract Tower,0,0,20,0,20,0,0,128,2,130,0,0,148,2,150,90,4,94,244
03/16/2010,TIX,FL,ASO,ES,Federal Contract Tower,0,0,54,1,55,0,0,224,0,224,0,0,278,1,279,212,0,212,491
03/17/2010,TIX,FL,ASO,ES,Federal Contract Tower,0,0,55,0,55,0,0,212,1,213,0,0,267,1,268,145,0,145,413
03/18/2010,TIX,FL,ASO,ES,Federal Contract Tower,0,0,34,2,36,0,0,200,0,200,0,0,234,2,236,212,0,212,448
03/19/2010,TIX,FL,ASO,ES,Federal Contract Tower,0,0,31,0,31,0,0,211,0,211,0,0,242,0,242,148,0,148,390
03/20/2010,TIX,FL,ASO,ES,Federal Contract Tower,0,0,32,0,32,0,0,178,0,178,0,0,210,0,210,150,0,150,360
03/21/2010,TIX,FL,ASO,ES,Federal Contract Tower,0,0,13,0,13,0,0,39,0,39,0,0,52,0,52,26,0,26,78
03/22/2010,TIX,FL,ASO,ES,Federal Contract Tower,0,0,52,0,52,0,0,108,0,108,0,0,160,0,160,104,0,104,264
03/23/2010,TIX,FL,ASO,ES,Federal Contract Tower,0,0,36,0,36,0,0,227,0,227,0,0,263,0,263,182,0,182,445
03/24/2010,TIX,FL,ASO,ES,Federal Contract Tower,0,0,46,4,50,0,0,213,0,213,0,0,259,4,263,174,8,182,445
03/25/2010,TIX,FL,ASO,ES,Federal Contract Tower,0,0,25,0,25,0,0,196,0,196,0,0,221,0,221,219,0,219,440
03/26/2010,TIX,FL,ASO,ES,Federal Contract Tower,0,0,48,0,48,0,0,120,0,120,0,0,168,0,168,148,0,148,316
03/27/2010,TIX,FL,ASO,ES,Federal Contract Tower,0,0,27,0,27,0,0,125,0,125,0,0,152,0,152,60,0,60,212
03/28/2010,TIX,FL,ASO,ES,Federal Contract Tower,0,1,8,0,9,0,0,36,0,36,0,1,44,0,45,38,0,38,83
03/29/2010,TIX,FL,ASO,ES,Federal Contract Tower,0,0,0,0,0,0,0,50,0,50,0,0,50,0,50,110,0,110,160
03/30/2010,TIX,FL,ASO,ES,Federal Contract Tower,0,1,56,0,57,0,0,162,0,162,0,1,218,0,219,222,0,222,441
03/31/2010,TIX,FL,ASO,ES,Federal Contract Tower,0,0,30,0,30,0,0,230,0,230,0,0,260,0,260,156,0,156,416
04/01/2010,TIX,FL,ASO,ES,Federal Contract Tower,0,1,44,0,45,0,0,186,0,186,0,1,230,0,231,200,0,200,431
04/02/2010,TIX,FL,ASO,ES,Federal Contract Tower,0,0,40,0,40,0,0,146,0,146,0,0,186,0,186,122,0,122,308
04/03/2010,TIX,FL,ASO,ES,Federal Contract Tower,0,2,33,0,35,0,0,179,0,179,0,2,212,0,214,80,0,80,294
04/04/2010,TIX,FL,ASO,ES,Federal Contract Tower,0,2,19,0,21,0,0,56,0,56,0,2,75,0,77,10,0,10,87
04/05/2010,TIX,FL,ASO,ES,Federal Contract Tower,0,4,33,0,37,0,0,172,0,172,0,4,205,0,209,185,0,185,394
04/06/2010,TIX,FL,ASO,ES,Federal Contract Tower,0,2,32,1,35,0,1,198,0,199,0,3,230,1,234,128,0,128,362
04/07/2010,TIX,FL,ASO,ES,Federal Contract Tower,0,0,18,0,18,0,0,187,0,187,0,0,205,0,205,198,0,198,403
04/08/2010,TIX,FL,ASO,ES,Federal Contract Tower,0,0,35,1,36,0,0,177,1,178,0,0,212,2,214,180,0,180,394
04/09/2010,TIX,FL,ASO,ES,Federal Contract Tower,0,1,22,0,23,0,0,122,0,122,0,1,144,0,145,172,0,172,317
04/10/2010,TIX,FL,ASO,ES,Federal Contract Tower,0,1,18,0,19,0,0,106,0,106,0,1,124,0,125,54,0,54,179
04/11/2010,TIX,FL,ASO,ES,Federal Contract Tower,0,0,18,0,18,0,0,69,0,69,0,0,87,0,87,50,0,50,137
04/12/2010,TIX,FL,ASO,ES,Federal Contract Tower,0,0,7,0,7,0,0,104,0,104,0,0,111,0,111,102,0,102,213
04/13/2010,TIX,FL,ASO,ES,Federal Contract Tower,0,0,22,0,22,0,0,155,0,155,0,0,177,0,177,153,0,153,330
04/14/2010,TIX,FL,ASO,ES,Federal Contract Tower,0,0,23,0,23,0,0,160,0,160,0,0,183,0,183,162,0,162,345
04/15/2010,TIX,FL,ASO,ES,Federal Contract Tower,0,0,26,0,26,0,0,91,1,92,0,0,117,1,118,152,0,152,270
04/16/2010,TIX,FL,ASO,ES,Federal Contract Tower,0,1,23,0,24,0,0,204,0,204,0,1,227,0,228,192,0,192,420
04/17/2010,TIX,FL,ASO,ES,Federal Contract Tower,0,2,16,0,18,0,0,120,0,120,0,2,136,0,138,78,0,78,216
04/18/2010,TIX,FL,ASO,ES,Federal Contract Tower,0,0,10,0,10,0,0,41,0,41,0,0,51,0,51,10,0,10,61
04/19/2010,TIX,FL,ASO,ES,Federal Contract Tower,0,0,21,0,21,0,0,138,0,138,0,0,159,0,159,118,0,118,277
04/20/2010,TIX,FL,ASO,ES,Federal Contract Tower,0,0,35,0,35,0,0,202,0,202,0,0,237,0,237,227,0,227,464
04/21/2010,TIX,FL,ASO,ES,Federal Contract Tower,0,4,32,0,36,0,0,167,0,167,0,4,199,0,203,178,0,178,381
04/22/2010,TIX,FL,ASO,ES,Federal Contract Tower,0,0,30,0,30,0,0,200,0,200,0,0,230,0,230,234,0,234,464
04/23/2010,TIX,FL,ASO,ES,Federal Contract Tower,0,3,24,2,29,0,0,185,0,185,0,3,209,2,214,190,0,190,404
04/24/2010,TIX,FL,ASO,ES,Federal Contract Tower,0,6,21,0,27,0,0,105,0,105,0,6,126,0,132,118,0,118,250
04/25/2010,TIX,FL,ASO,ES,Federal Contract Tower,0,0,9,0,9,0,0,21,0,21,0,0,30,0,30,2,0,2,32
04/26/2010,TIX,FL,ASO,ES,Federal Contract Tower,0,0,27,0,27,0,0,95,0,95,0,0,122,0,122,82,0,82,204
04/27/2010,TIX,FL,ASO,ES,Federal Contract Tower,0,0,49,0,49,0,0,218,0,218,0,0,267,0,267,244,0,244,511
04/28/2010,TIX,FL,ASO,ES,Federal Contract Tower,0,0,58,0,58,0,0,238,0,238,0,0,296,0,296,170,0,170,466
04/29/2010,TIX,FL,ASO,ES,Federal Contract Tower,0,0,33,0,33,0,0,218,0,218,0,0,251,0,251,168,0,168,419
04/30/2010,TIX,FL,ASO,ES,Federal Contract Tower,0,0,13,0,13,0,0,148,0,148,0,0,161,0,161,137,0,137,298
05/01/2010,TIX,FL,ASO,ES,Federal Contract Tower,0,0,5,0,5,0,0,71,0,71,0,0,76,0,76,80,0,80,156
05/02/2010,TIX,FL,ASO,ES,Federal Contract Tower,0,0,11,0,11,0,0,57,0,57,0,0,68,0,68,52,0,52,120
05/03/2010,TIX,FL,ASO,ES,Federal Contract Tower,0,0,59,0,59,0,0,158,0,158,0,0,217,0,217,127,0,127,344
05/04/2010,TIX,FL,ASO,ES,Federal Contract Tower,0,0,25,0,25,0,0,150,0,150,0,0,175,0,175,158,0,158,333
05/05/2010,TIX,FL,ASO,ES,Federal Contract Tower,0,0,37,4,41,0,0,132,0,132,0,0,169,4,173,96,0,96,269
05/06/2010,TIX,FL,ASO,ES,Federal Contract Tower,0,0,27,0,27,0,0,136,0,136,0,0,163,0,163,134,0,134,297
05/07/2010,TIX,FL,ASO,ES,Federal Contract Tower,0,1,44,0,45,0,0,143,0,143,0,1,187,0,188,114,0,114,302
05/08/2010,TIX,FL,ASO,ES,Federal Contract Tower,0,0,14,0,14,0,0,142,0,142,0,0,156,0,156,73,0,73,229
05/09/2010,TIX,FL,ASO,ES,Federal Contract Tower,0,0,8,0,8,0,0,57,0,57,0,0,65,0,65,20,0,20,85
05/10/2010,TIX,FL,ASO,ES,Federal Contract Tower,0,0,28,0,28,0,0,161,0,161,0,0,189,0,189,118,0,118,307
05/11/2010,TIX,FL,ASO,ES,Federal Contract Tower,0,3,43,0,46,0,0,169,0,169,0,3,212,0,215,254,0,254,469
05/12/2010,TIX,FL,ASO,ES,Federal Contract Tower,0,0,43,0,43,0,0,181,0,181,0,0,224,0,224,8,0,8,232
05/13/2010,TIX,FL,ASO,ES,Federal Contract Tower,0,3,56,0,59,0,0,220,0,220,0,3,276,0,279,120,0,120,399
05/14/2010,TIX,FL,ASO,ES,Federal Contract Tower,0,4,18,0,22,0,0,85,0,85,0,4,103,0,107,42,0,42,149
05/15/2010,TIX,FL,ASO,ES,Federal Contract Tower,0,0,35,0,35,0,0,147,0,147,0,0,182,0,182,78,0,78,260
05/16/2010,TIX,FL,ASO,ES,Federal Contract Tower,0,1,30,0,31,0,0,63,0,63,0,1,93,0,94,37,0,37,131
05/17/2010,TIX,FL,ASO,ES,Federal Contract Tower,0,0,22,9,31,0,0,87,0,87,0,0,109,9,118,52,0,52,170
05/18/2010,TIX,FL,ASO,ES,Federal Contract Tower,0,0,31,0,31,0,0,150,0,150,0,0,181,0,181,216,0,216,397
05/19/2010,TIX,FL,ASO,ES,Federal Contract Tower,0,0,40,0,40,0,0,185,0,185,0,0,225,0,225,162,0,162,387
05/20/2010,TIX,FL,ASO,ES,Federal Contract Tower,0,0,42,0,42,0,0,227,0,227,0,0,269,0,269,214,0,214,483
05/21/2010,TIX,FL,ASO,ES,Federal Contract Tower,0,1,43,0,44,0,0,181,0,181,0,1,224,0,225,94,0,94,319
05/22/2010,TIX,FL,ASO,ES,Federal Contract Tower,0,0,16,2,18,0,0,135,0,135,0,0,151,2,153,50,4,54,207
05/23/2010,TIX,FL,ASO,ES,Federal Contract Tower,0,2,18,0,20,0,0,68,0,68,0,2,86,0,88,28,0,28,116
05/24/2010,TIX,FL,ASO,ES,Federal Contract Tower,0,0,43,0,43,0,0,197,0,197,0,0,240,0,240,214,0,214,454
05/25/2010,TIX,FL,ASO,ES,Federal Contract Tower,0,0,15,0,15,0,0,131,0,131,0,0,146,0,146,198,0,198,344
05/26/2010,TIX,FL,ASO,ES,Federal Contract Tower,0,0,36,0,36,0,0,169,0,169,0,0,205,0,205,170,0,170,375
05/27/2010,TIX,FL,ASO,ES,Federal Contract Tower,0,1,38,0,39,0,0,172,0,172,0,1,210,0,211,310,0,310,521
05/28/2010,TIX,FL,ASO,ES,Federal Contract Tower,0,2,32,0,34,0,0,162,0,162,0,2,194,0,196,186,0,186,382
05/29/2010,TIX,FL,ASO,ES,Federal Contract Tower,0,1,8,0,9,0,0,77,0,77,0,1,85,0,86,78,0,78,164
05/30/2010,TIX,FL,ASO,ES,Federal Contract Tower,0,1,4,0,5,0,0,51,0,51,0,1,55,0,56,102,0,102,158
05/31/2010,TIX,FL,ASO,ES,Federal Contract Tower,0,1,12,0,13,0,0,130,0,130,0,1,142,0,143,128,0,128,271
06/01/2010,TIX,FL,ASO,ES,Federal Contract Tower,0,0,29,0,29,0,0,149,0,149,0,0,178,0,178,220,0,220,398
06/02/2010,TIX,FL,ASO,ES,Federal Contract Tower,0,0,35,0,35,0,0,144,0,144,0,0,179,0,179,184,0,184,363
06/03/2010,TIX,FL,ASO,ES,Federal Contract Tower,0,0,25,2,27,0,0,122,0,122,0,0,147,2,149,227,0,227,376
06/04/2010,TIX,FL,ASO,ES,Federal Contract Tower,0,0,32,1,33,0,0,108,0,108,0,0,140,1,141,150,0,150,291
06/05/2010,TIX,FL,ASO,ES,Federal Contract Tower,0,0,29,0,29,0,0,152,0,152,0,0,181,0,181,131,0,131,312
06/06/2010,TIX,FL,ASO,ES,Federal Contract Tower,0,0,13,1,14,0,0,50,1,51,0,0,63,2,65,64,0,64,129
06/07/2010,TIX,FL,ASO,ES,Federal Contract Tower,0,2,24,2,28,0,0,70,3,73,0,2,94,5,101,166,0,166,267
06/08/2010,TIX,FL,ASO,ES,Federal Contract Tower,0,1,46,0,47,0,0,154,0,154,0,1,200,0,201,256,0,256,457
06/09/2010,TIX,FL,ASO,ES,Federal Contract Tower,0,0,48,0,48,0,0,138,0,138,0,0,186,0,186,342,0,342,528
06/10/2010,TIX,FL,ASO,ES,Federal Contract Tower,0,0,31,0,31,0,0,154,0,154,0,0,185,0,185,281,0,281,466
06/11/2010,TIX,FL,ASO,ES,Federal Contract Tower,0,0,26,0,26,0,0,143,0,143,0,0,169,0,169,222,0,222,391
06/12/2010,TIX,FL,ASO,ES,Federal Contract Tower,0,0,16,0,16,0,0,121,0,121,0,0,137,0,137,139,0,139,276
06/13/2010,TIX,FL,ASO,ES,Federal Contract Tower,0,1,21,0,22,0,0,85,0,85,0,1,106,0,107,56,0,56,163
06/14/2010,TIX,FL,ASO,ES,Federal Contract Tower,0,0,44,0,44,0,0,163,0,163,0,0,207,0,207,82,0,82,289
06/15/2010,TIX,FL,ASO,ES,Federal Contract Tower,0,1,16,0,17,0,0,105,0,105,0,1,121,0,122,174,0,174,296
06/16/2010,TIX,FL,ASO,ES,Federal Contract Tower,0,4,25,0,29,0,0,155,1,156,0,4,180,1,185,202,0,202,387
06/17/2010,TIX,FL,ASO,ES,Federal Contract Tower,0,0,26,0,26,0,0,107,0,107,0,0,133,0,133,123,0,123,256
06/18/2010,TIX,FL,ASO,ES,Federal Contract Tower,0,0,21,0,21,0,0,122,1,123,0,0,143,1,144,192,0,192,336
06/19/2010,TIX,FL,ASO,ES,Federal Contract Tower,0,0,14,0,14,0,0,135,0,135,0,0,149,0,149,132,0,132,281
06/20/2010,TIX,FL,ASO,ES,Federal Contract Tower,0,0,10,0,10,0,0,61,0,61,0,0,71,0,71,68,0,68,139
06/21/2010,TIX,FL,ASO,ES,Federal Contract Tower,0,0,10,0,10,0,0,61,0,61,0,0,71,0,71,68,0,68,139
06/22/2010,TIX,FL,ASO,ES,Federal Contract Tower,0,0,24,0,24,0,0,162,0,162,0,0,186,0,186,236,0,236,422
06/23/2010,TIX,FL,ASO,ES,Federal Contract Tower,0,0,26,0,26,0,0,183,0,183,0,0,209,0,209,163,0,163,372
06/24/2010,TIX,FL,ASO,ES,Federal Contract Tower,0,0,38,0,38,0,0,168,0,168,0,0,206,0,206,172,0,172,378
06/25/2010,TIX,FL,ASO,ES,Federal Contract Tower,0,0,16,0,16,0,0,123,0,123,0,0,139,0,139,108,0,108,247
06/26/2010,TIX,FL,ASO,ES,Federal Contract Tower,0,2,4,0,6,0,0,116,0,116,0,2,120,0,122,90,0,90,212
06/27/2010,TIX,FL,ASO,ES,Federal Contract Tower,0,4,12,1,17,0,0,70,1,71,0,4,82,2,88,43,0,43,131
06/28/2010,TIX,FL,ASO,ES,Federal Contract Tower,0,0,16,1,17,0,0,96,0,96,0,0,112,1,113,188,2,190,303
06/29/2010,TIX,FL,ASO,ES,Federal Contract Tower,0,0,32,0,32,0,0,145,0,145,0,0,177,0,177,141,0,141,318
06/30/2010,TIX,FL,ASO,ES,Federal Contract Tower,0,0,28,0,28,0,0,0,0,0,0,0,28,0,28,182,0,182,210
07/01/2010,TIX,FL,ASO,ES,Federal Contract Tower,0,2,26,0,28,0,0,143,0,143,0,2,169,0,171,180,0,180,351
07/02/2010,TIX,FL,ASO,ES,Federal Contract Tower,0,4,28,0,32,0,0,157,0,157,0,4,185,0,189,154,0,154,343
07/03/2010,TIX,FL,ASO,ES,Federal Contract Tower,0,0,11,0,11,0,0,89,0,89,0,0,100,0,100,36,0,36,136
07/04/2010,TIX,FL,ASO,ES,Federal Contract Tower,0,1,9,0,10,0,0,36,0,36,0,1,45,0,46,20,0,20,66
07/05/2010,TIX,FL,ASO,ES,Federal Contract Tower,0,0,17,0,17,0,0,71,0,71,0,0,88,0,88,94,0,94,182
07/06/2010,TIX,FL,ASO,ES,Federal Contract Tower,0,3,35,0,38,0,0,149,0,149,0,3,184,0,187,186,0,186,373
07/07/2010,TIX,FL,ASO,ES,Federal Contract Tower,0,0,43,0,43,0,0,158,0,158,0,0,201,0,201,190,0,190,391
07/08/2010,TIX,FL,ASO,ES,Federal Contract Tower,0,0,22,0,22,0,0,168,0,168,0,0,190,0,190,110,0,110,300
07/09/2010,TIX,FL,ASO,ES,Federal Contract Tower,0,0,38,0,38,0,0,189,0,189,0,0,227,0,227,212,0,212,439
07/10/2010,TIX,FL,ASO,ES,Federal Contract Tower,0,5,19,0,24,0,0,157,0,157,0,5,176,0,181,98,0,98,279
07/11/2010,TIX,FL,ASO,ES,Federal Contract Tower,0,0,11,0,11,0,0,77,0,77,0,0,88,0,88,30,0,30,118
07/12/2010,TIX,FL,ASO,ES,Federal Contract Tower,0,0,24,0,24,0,0,77,0,77,0,0,101,0,101,168,0,168,269
07/13/2010,TIX,FL,ASO,ES,Federal Contract Tower,0,0,38,0,38,0,0,126,0,126,0,0,164,0,164,230,0,230,394
07/14/2010,TIX,FL,ASO,ES,Federal Contract Tower,0,0,37,0,37,0,0,134,0,134,0,0,171,0,171,248,0,248,419
07/15/2010,TIX,FL,ASO,ES,Federal Contract Tower,0,2,40,0,42,0,0,153,0,153,0,2,193,0,195,214,0,214,409
07/16/2010,TIX,FL,ASO,ES,Federal Contract Tower,0,0,49,1,50,0,0,195,0,195,0,0,244,1,245,174,0,174,419
07/17/2010,TIX,FL,ASO,ES,Federal Contract Tower,0,0,19,0,19,0,0,158,0,158,0,0,177,0,177,80,0,80,257
07/18/2010,TIX,FL,ASO,ES,Federal Contract Tower,0,4,34,0,38,0,0,90,0,90,0,4,124,0,128,58,0,58,186
07/19/2010,TIX,FL,ASO,ES,Federal Contract Tower,0,0,43,0,43,0,0,108,0,108,0,0,151,0,151,142,0,142,293
07/20/2010,TIX,FL,ASO,ES,Federal Contract Tower,0,2,34,0,36,0,0,166,0,166,0,2,200,0,202,194,0,194,396
07/21/2010,TIX,FL,ASO,ES,Federal Contract Tower,0,0,29,0,29,0,0,137,0,137,0,0,166,0,166,172,0,172,338
07/22/2010,TIX,FL,ASO,ES,Federal Contract Tower,0,0,53,0,53,0,0,179,0,179,0,0,232,0,232,167,0,167,399
07/23/2010,TIX,FL,ASO,ES,Federal Contract Tower,0,0,26,0,26,0,0,92,0,92,0,0,118,0,118,92,0,92,210
07/24/2010,TIX,FL,ASO,ES,Federal Contract Tower,0,0,17,0,17,0,0,82,0,82,0,0,99,0,99,68,0,68,167
07/25/2010,TIX,FL,ASO,ES,Federal Contract Tower,0,2,9,0,11,0,0,42,0,42,0,2,51,0,53,26,0,26,79
07/26/2010,TIX,FL,ASO,ES,Federal Contract Tower,0,0,25,0,25,0,0,123,0,123,0,0,148,0,148,124,0,124,272
07/27/2010,TIX,FL,ASO,ES,Federal Contract Tower,0,3,33,0,36,0,0,109,0,109,0,3,142,0,145,148,0,148,293
07/28/2010,TIX,FL,ASO,ES,Federal Contract Tower,0,0,40,0,40,0,0,131,0,131,0,0,171,0,171,212,0,212,383
07/29/2010,TIX,FL,ASO,ES,Federal Contract Tower,0,0,21,0,21,0,0,112,0,112,0,0,133,0,133,138,0,138,271
07/30/2010,TIX,FL,ASO,ES,Federal Contract Tower,0,2,24,0,26,0,0,181,0,181,0,2,205,0,207,130,0,130,337
07/31/2010,TIX,FL,ASO,ES,Federal Contract Tower,0,0,10,0,10,0,0,88,0,88,0,0,98,0,98,48,0,48,146
08/01/2010,TIX,FL,ASO,ES,Federal Contract Tower,0,0,9,0,9,0,0,81,0,81,0,0,90,0,90,10,0,10,100
08/02/2010,TIX,FL,ASO,ES,Federal Contract Tower,0,0,27,0,27,0,0,102,0,102,0,0,129,0,129,152,0,152,281
08/03/2010,TIX,FL,ASO,ES,Federal Contract Tower,0,2,33,0,35,0,0,116,0,116,0,2,149,0,151,124,0,124,275
08/04/2010,TIX,FL,ASO,ES,Federal Contract Tower,0,0,28,0,28,0,0,112,0,112,0,0,140,0,140,142,0,142,282
08/05/2010,TIX,FL,ASO,ES,Federal Contract Tower,0,0,21,0,21,0,0,101,0,101,0,0,122,0,122,90,0,90,212
08/06/2010,TIX,FL,ASO,ES,Federal Contract Tower,0,1,11,0,12,0,0,82,0,82,0,1,93,0,94,96,0,96,190
08/07/2010,TIX,FL,ASO,ES,Federal Contract Tower,0,4,10,0,14,0,0,61,0,61,0,4,71,0,75,24,0,24,99
08/08/2010,TIX,FL,ASO,ES,Federal Contract Tower,0,0,16,0,16,0,0,44,0,44,0,0,60,0,60,19,0,19,79
08/09/2010,TIX,FL,ASO,ES,Federal Contract Tower,0,0,36,0,36,0,0,91,0,91,0,0,127,0,127,140,0,140,267
08/10/2010,TIX,FL,ASO,ES,Federal Contract Tower,0,0,24,0,24,0,0,92,0,92,0,0,116,0,116,138,0,138,254
08/11/2010,TIX,FL,ASO,ES,Federal Contract Tower,0,0,27,0,27,0,0,147,0,147,0,0,174,0,174,164,0,164,338
08/12/2010,TIX,FL,ASO,ES,Federal Contract Tower,0,0,33,0,33,0,0,187,0,187,0,0,220,0,220,114,0,114,334
08/13/2010,TIX,FL,ASO,ES,Federal Contract Tower,0,0,32,0,32,0,0,164,0,164,0,0,196,0,196,146,0,146,342
08/14/2010,TIX,FL,ASO,ES,Federal Contract Tower,0,0,17,0,17,0,0,122,0,122,0,0,139,0,139,60,0,60,199
08/15/2010,TIX,FL,ASO,ES,Federal Contract Tower,0,1,11,0,12,0,0,86,0,86,0,1,97,0,98,36,0,36,134
08/16/2010,TIX,FL,ASO,ES,Federal Contract Tower,0,0,24,0,24,0,0,118,0,118,0,0,142,0,142,154,0,154,296
08/17/2010,TIX,FL,ASO,ES,Federal Contract Tower,0,1,30,0,31,0,0,177,0,177,0,1,207,0,208,114,0,114,322
08/18/2010,TIX,FL,ASO,ES,Federal Contract Tower,0,0,34,0,34,0,0,132,0,132,0,0,166,0,166,144,0,144,310
08/19/2010,TIX,FL,ASO,ES,Federal Contract Tower,0,0,37,0,37,0,0,192,0,192,0,0,229,0,229,176,0,176,405
08/20/2010,TIX,FL,ASO,ES,Federal Contract Tower,0,0,31,0,31,0,0,176,0,176,0,0,207,0,207,132,0,132,339
08/21/2010,TIX,FL,ASO,ES,Federal Contract Tower,0,0,20,0,20,0,0,88,0,88,0,0,108,0,108,44,0,44,152
08/22/2010,TIX,FL,ASO,ES,Federal Contract Tower,0,0,5,0,5,0,0,39,0,39,0,0,44,0,44,36,0,36,80
08/23/2010,TIX,FL,ASO,ES,Federal Contract Tower,0,0,21,0,21,0,0,97,0,97,0,0,118,0,118,128,0,128,246
08/24/2010,TIX,FL,ASO,ES,Federal Contract Tower,0,0,23,0,23,0,0,112,0,112,0,0,135,0,135,134,0,134,269
08/25/2010,TIX,FL,ASO,ES,Federal Contract Tower,0,0,42,0,42,0,0,120,0,120,0,0,162,0,162,216,0,216,378
08/26/2010,TIX,FL,ASO,ES,Federal Contract Tower,0,0,42,0,42,0,0,195,0,195,0,0,237,0,237,162,12,174,411
08/27/2010,TIX,FL,ASO,ES,Federal Contract Tower,0,0,40,0,40,0,0,193,0,193,0,0,233,0,233,194,0,194,427
08/28/2010,TIX,FL,ASO,ES,Federal Contract Tower,0,0,24,0,24,0,0,112,0,112,0,0,136,0,136,129,0,129,265
08/29/2010,TIX,FL,ASO,ES,Federal Contract Tower,0,0,15,0,15,0,0,32,0,32,0,0,47,0,47,28,0,28,75
08/30/2010,TIX,FL,ASO,ES,Federal Contract Tower,0,0,29,0,29,0,0,137,0,137,0,0,166,0,166,160,0,160,326
08/31/2010,TIX,FL,ASO,ES,Federal Contract Tower,0,0,30,0,30,0,0,124,0,124,0,0,154,0,154,94,0,94,248
09/01/2010,TIX,FL,ASO,ES,Federal Contract Tower,0,0,35,0,35,0,0,156,0,156,0,0,191,0,191,146,0,146,337
09/02/2010,TIX,FL,ASO,ES,Federal Contract Tower,0,0,41,0,41,0,0,207,0,207,0,0,248,0,248,138,0,138,386
09/03/2010,TIX,FL,ASO,ES,Federal Contract Tower,0,0,41,0,41,0,0,177,0,177,0,0,218,0,218,199,0,199,417
09/04/2010,TIX,FL,ASO,ES,Federal Contract Tower,0,0,15,3,18,0,0,80,0,80,0,0,95,3,98,116,0,116,214
09/05/2010,TIX,FL,ASO,ES,Federal Contract Tower,0,0,6,0,6,0,0,48,0,48,0,0,54,0,54,42,0,42,96
09/06/2010,TIX,FL,ASO,ES,Federal Contract Tower,0,0,20,0,20,0,0,64,0,64,0,0,84,0,84,82,0,82,166
09/07/2010,TIX,FL,ASO,ES,Federal Contract Tower,0,0,33,0,33,0,0,125,0,125,0,0,158,0,158,92,0,92,250
09/08/2010,TIX,FL,ASO,ES,Federal Contract Tower,0,2,25,0,27,0,0,120,0,120,0,2,145,0,147,159,0,159,306
09/09/2010,TIX,FL,ASO,ES,Federal Contract Tower,0,0,37,0,37,0,0,172,0,172,0,0,209,0,209,176,0,176,385
09/10/2010,TIX,FL,ASO,ES,Federal Contract Tower,0,0,31,0,31,0,0,154,0,154,0,0,185,0,185,180,0,180,365
09/11/2010,TIX,FL,ASO,ES,Federal Contract Tower,0,0,17,0,17,0,0,139,0,139,0,0,156,0,156,91,0,91,247
09/12/2010,TIX,FL,ASO,ES,Federal Contract Tower,0,0,13,0,13,0,0,75,0,75,0,0,88,0,88,58,0,58,146
09/13/2010,TIX,FL,ASO,ES,Federal Contract Tower,0,0,26,0,26,0,0,143,0,143,0,0,169,0,169,132,0,132,301
09/14/2010,TIX,FL,ASO,ES,Federal Contract Tower,0,0,19,0,19,0,0,163,0,163,0,0,182,0,182,222,0,222,404
09/15/2010,TIX,FL,ASO,ES,Federal Contract Tower,0,0,40,0,40,0,0,144,0,144,0,0,184,0,184,100,0,100,284
09/16/2010,TIX,FL,ASO,ES,Federal Contract Tower,0,0,32,0,32,0,0,169,0,169,0,0,201,0,201,240,0,240,441
09/17/2010,TIX,FL,ASO,ES,Federal Contract Tower,0,0,24,0,24,0,0,158,0,158,0,0,182,0,182,130,0,130,312
09/18/2010,TIX,FL,ASO,ES,Federal Contract Tower,0,0,5,0,5,0,0,92,0,92,0,0,97,0,97,95,0,95,192
09/19/2010,TIX,FL,ASO,ES,Federal Contract Tower,0,0,7,0,7,0,0,42,0,42,0,0,49,0,49,40,0,40,89
09/20/2010,TIX,FL,ASO,ES,Federal Contract Tower,0,0,28,0,28,0,0,164,0,164,0,0,192,0,192,148,0,148,340
09/21/2010,TIX,FL,ASO,ES,Federal Contract Tower,0,0,26,0,26,0,0,171,0,171,0,0,197,0,197,178,0,178,375
09/22/2010,TIX,FL,ASO,ES,Federal Contract Tower,0,0,32,0,32,0,0,157,0,157,0,0,189,0,189,260,0,260,449
09/23/2010,TIX,FL,ASO,ES,Federal Contract Tower,0,0,32,0,32,0,0,186,0,186,0,0,218,0,218,171,0,171,389
09/24/2010,TIX,FL,ASO,ES,Federal Contract Tower,0,0,19,0,19,0,0,126,0,126,0,0,145,0,145,241,0,241,386
09/25/2010,TIX,FL,ASO,ES,Federal Contract Tower,0,0,7,0,7,0,0,89,0,89,0,0,96,0,96,94,0,94,190
09/26/2010,TIX,FL,ASO,ES,Federal Contract Tower,0,0,7,0,7,0,0,80,0,80,0,0,87,0,87,58,0,58,145
09/27/2010,TIX,FL,ASO,ES,Federal Contract Tower,0,0,23,0,23,0,0,130,0,130,0,0,153,0,153,172,0,172,325
09/28/2010,TIX,FL,ASO,ES,Federal Contract Tower,0,3,12,0,15,0,0,55,0,55,0,3,67,0,70,112,0,112,182
09/29/2010,TIX,FL,ASO,ES,Federal Contract Tower,0,1,5,0,6,0,0,50,0,50,0,1,55,0,56,72,0,72,128
09/30/2010,TIX,FL,ASO,ES,Federal Contract Tower,0,0,46,0,46,0,0,124,0,124,0,0,170,0,170,112,0,112,282
10/01/2010,TIX,FL,ASO,ES,Federal Contract Tower,0,0,32,0,32,0,0,134,0,134,0,0,166,0,166,140,0,140,306
10/02/2010,TIX,FL,ASO,ES,Federal Contract Tower,0,1,36,0,37,0,0,132,0,132,0,1,168,0,169,102,0,102,271
10/03/2010,TIX,FL,ASO,ES,Federal Contract Tower,0,0,18,0,18,0,0,83,0,83,0,0,101,0,101,80,0,80,181
10/04/2010,TIX,FL,ASO,ES,Federal Contract Tower,0,0,39,0,39,0,0,141,0,141,0,0,180,0,180,247,0,247,427
10/05/2010,TIX,FL,ASO,ES,Federal Contract Tower,0,0,23,2,25,0,0,105,0,105,0,0,128,2,130,132,0,132,262
10/06/2010,TIX,FL,ASO,ES,Federal Contract Tower,0,2,39,2,43,0,0,195,0,195,0,2,234,2,238,152,0,152,390
10/07/2010,TIX,FL,ASO,ES,Federal Contract Tower,0,0,58,0,58,0,0,190,0,190,0,0,248,0,248,243,0,243,491
10/08/2010,TIX,FL,ASO,ES,Federal Contract Tower,0,2,25,0,27,0,0,145,0,145,0,2,170,0,172,185,0,185,357
10/09/2010,TIX,FL,ASO,ES,Federal Contract Tower,0,0,13,0,13,0,0,135,0,135,0,0,148,0,148,66,0,66,214
10/10/2010,TIX,FL,ASO,ES,Federal Contract Tower,0,0,13,0,13,0,0,72,0,72,0,0,85,0,85,38,0,38,123
10/11/2010,TIX,FL,ASO,ES,Federal Contract Tower,0,0,29,0,29,0,0,130,0,130,0,0,159,0,159,224,0,224,383
10/12/2010,TIX,FL,ASO,ES,Federal Contract Tower,0,0,22,0,22,0,0,132,0,132,0,0,154,0,154,170,0,170,324
10/13/2010,TIX,FL,ASO,ES,Federal Contract Tower,0,0,22,0,22,0,0,132,0,132,0,0,154,0,154,170,0,170,324
10/14/2010,TIX,FL,ASO,ES,Federal Contract Tower,0,0,34,0,34,0,0,171,0,171,0,0,205,0,205,221,2,223,428
10/15/2010,TIX,FL,ASO,ES,Federal Contract Tower,0,0,30,0,30,0,0,145,0,145,0,0,175,0,175,158,0,158,333
10/16/2010,TIX,FL,ASO,ES,Federal Contract Tower,0,0,16,0,16,0,0,105,0,105,0,0,121,0,121,84,0,84,205
10/17/2010,TIX,FL,ASO,ES,Federal Contract Tower,0,0,8,0,8,0,0,69,0,69,0,0,77,0,77,130,0,130,207
10/18/2010,TIX,FL,ASO,ES,Federal Contract Tower,0,0,34,0,34,0,0,143,0,143,0,0,177,0,177,194,0,194,371
10/19/2010,TIX,FL,ASO,ES,Federal Contract Tower,0,0,29,0,29,0,0,140,0,140,0,0,169,0,169,282,0,282,451
10/20/2010,TIX,FL,ASO,ES,Federal Contract Tower,0,0,41,0,41,0,0,195,0,195,0,0,236,0,236,204,0,204,440
10/21/2010,TIX,FL,ASO,ES,Federal Contract Tower,0,1,44,0,45,0,0,170,0,170,0,1,214,0,215,260,0,260,475
10/22/2010,TIX,FL,ASO,ES,Federal Contract Tower,0,0,36,0,36,0,0,143,0,143,0,0,179,0,179,181,0,181,360
10/23/2010,TIX,FL,ASO,ES,Federal Contract Tower,0,0,17,0,17,0,0,129,0,129,0,0,146,0,146,100,0,100,246
10/24/2010,TIX,FL,ASO,ES,Federal Contract Tower,0,0,13,0,13,0,0,61,0,61,0,0,74,0,74,60,0,60,134
10/25/2010,TIX,FL,ASO,ES,Federal Contract Tower,0,0,18,0,18,0,0,84,0,84,0,0,102,0,102,110,0,110,212
10/26/2010,TIX,FL,ASO,ES,Federal Contract Tower,0,0,29,0,29,0,0,145,0,145,0,0,174,0,174,188,0,188,362
10/27/2010,TIX,FL,ASO,ES,Federal Contract Tower,0,0,32,0,32,0,0,133,0,133,0,0,165,0,165,162,0,162,327
10/28/2010,TIX,FL,ASO,ES,Federal Contract Tower,0,0,41,2,43,0,0,131,0,131,0,0,172,2,174,138,2,140,314
10/29/2010,TIX,FL,ASO,ES,Federal Contract Tower,0,0,34,6,40,0,0,128,1,129,0,0,162,7,169,154,14,168,337
10/30/2010,TIX,FL,ASO,ES,Federal Contract Tower,0,0,25,0,25,0,0,85,0,85,0,0,110,0,110,36,0,36,146
10/31/2010,TIX,FL,ASO,ES,Federal Contract Tower,0,2,17,0,19,0,0,80,0,80,0,2,97,0,99,49,0,49,148
11/01/2010,TIX,FL,ASO,ES,Federal Contract Tower,0,0,31,0,31,0,0,136,0,136,0,0,167,0,167,161,0,161,328
11/02/2010,TIX,FL,ASO,ES,Federal Contract Tower,0,0,35,0,35,0,0,134,0,134,0,0,169,0,169,132,0,132,301
11/03/2010,TIX,FL,ASO,ES,Federal Contract Tower,0,0,30,0,30,0,0,138,0,138,0,0,168,0,168,92,0,92,260
11/04/2010,TIX,FL,ASO,ES,Federal Contract Tower,0,0,14,0,14,0,0,47,0,47,0,0,61,0,61,20,0,20,81
11/05/2010,TIX,FL,ASO,ES,Federal Contract Tower,0,2,34,1,37,0,0,106,1,107,0,2,140,2,144,94,0,94,238
11/06/2010,TIX,FL,ASO,ES,Federal Contract Tower,0,2,13,0,15,0,0,86,0,86,0,2,99,0,101,22,0,22,123
11/07/2010,TIX,FL,ASO,ES,Federal Contract Tower,0,0,14,0,14,0,0,31,0,31,0,0,45,0,45,8,0,8,53
11/08/2010,TIX,FL,ASO,ES,Federal Contract Tower,0,0,38,0,38,0,0,147,0,147,0,0,185,0,185,143,0,143,328
11/09/2010,TIX,FL,ASO,ES,Federal Contract Tower,0,0,70,0,70,0,0,154,0,154,0,0,224,0,224,132,0,132,356
11/10/2010,TIX,FL,ASO,ES,Federal Contract Tower,0,0,38,0,38,0,0,182,0,182,0,0,220,0,220,106,0,106,326
11/11/2010,TIX,FL,ASO,ES,Federal Contract Tower,0,0,26,0,26,0,0,131,2,133,0,0,157,2,159,126,0,126,285
11/12/2010,TIX,FL,ASO,ES,Federal Contract Tower,0,0,25,0,25,0,0,143,0,143,0,0,168,0,168,162,0,162,330
11/13/2010,TIX,FL,ASO,ES,Federal Contract Tower,0,0,11,0,11,0,0,115,0,115,0,0,126,0,126,98,0,98,224
11/14/2010,TIX,FL,ASO,ES,Federal Contract Tower,0,0,15,0,15,0,0,121,0,121,0,0,136,0,136,64,0,64,200
11/15/2010,TIX,FL,ASO,ES,Federal Contract Tower,0,0,31,0,31,0,0,134,0,134,0,0,165,0,165,174,0,174,339
11/16/2010,TIX,FL,ASO,ES,Federal Contract Tower,0,0,25,1,26,0,0,114,0,114,0,0,139,1,140,120,2,122,262
11/17/2010,TIX,FL,ASO,ES,Federal Contract Tower,0,0,40,0,40,0,0,173,0,173,0,0,213,0,213,192,0,192,405
11/18/2010,TIX,FL,ASO,ES,Federal Contract Tower,0,0,35,0,35,0,0,172,0,172,0,0,207,0,207,280,0,280,487
11/19/2010,TIX,FL,ASO,ES,Federal Contract Tower,0,0,45,0,45,0,0,161,2,163,0,0,206,2,208,182,0,182,390
11/20/2010,TIX,FL,ASO,ES,Federal Contract Tower,0,2,14,0,16,0,0,121,0,121,0,2,135,0,137,82,0,82,219
11/21/2010,TIX,FL,ASO,ES,Federal Contract Tower,0,0,17,0,17,0,0,32,0,32,0,0,49,0,49,12,0,12,61
11/22/2010,TIX,FL,ASO,ES,Federal Contract Tower,0,0,39,0,39,0,0,102,0,102,0,0,141,0,141,208,0,208,349
11/23/2010,TIX,FL,ASO,ES,Federal Contract Tower,0,0,51,0,51,0,0,136,0,136,0,0,187,0,187,196,0,196,383
11/24/2010,TIX,FL,ASO,ES,Federal Contract Tower,0,0,37,0,37,0,0,130,0,130,0,0,167,0,167,140,0,140,307
11/25/2010,TIX,FL,ASO,ES,Federal Contract Tower,0,0,3,0,3,0,0,9,0,9,0,0,12,0,12,4,0,4,16
11/26/2010,TIX,FL,ASO,ES,Federal Contract Tower,0,0,5,2,7,0,0,48,0,48,0,0,53,2,55,82,0,82,137
11/27/2010,TIX,FL,ASO,ES,Federal Contract Tower,0,1,14,0,15,0,0,35,0,35,0,1,49,0,50,72,0,72,122
11/28/2010,TIX,FL,ASO,ES,Federal Contract Tower,0,1,20,2,23,0,0,80,0,80,0,1,100,2,103,36,0,36,139
11/29/2010,TIX,FL,ASO,ES,Federal Contract Tower,0,0,19,0,19,0,0,10,0,10,0,0,29,0,29,0,0,0,29
11/30/2010,TIX,FL,ASO,ES,Federal Contract Tower,0,0,19,0,19,0,0,146,0,146,0,0,165,0,165,150,0,150,315
12/01/2010,TIX,FL,ASO,ES,Federal Contract Tower,0,0,33,0,33,0,0,124,2,126,0,0,157,2,159,142,0,142,301
12/02/2010,TIX,FL,ASO,ES,Federal Contract Tower,0,0,45,0,45,0,0,143,0,143,0,0,188,0,188,140,0,140,328
12/03/2010,TIX,FL,ASO,ES,Federal Contract Tower,0,0,31,1,32,0,0,145,0,145,0,0,176,1,177,112,0,112,289
12/04/2010,TIX,FL,ASO,ES,Federal Contract Tower,0,0,17,0,17,0,0,105,0,105,0,0,122,0,122,141,0,141,263
12/05/2010,TIX,FL,ASO,ES,Federal Contract Tower,0,0,22,0,22,0,0,46,0,46,0,0,68,0,68,28,0,28,96
12/06/2010,TIX,FL,ASO,ES,Federal Contract Tower,0,0,37,0,37,0,0,127,0,127,0,0,164,0,164,130,0,130,294
12/07/2010,TIX,FL,ASO,ES,Federal Contract Tower,0,0,104,0,104,0,0,140,0,140,0,0,244,0,244,120,0,120,364
12/08/2010,TIX,FL,ASO,ES,Federal Contract Tower,0,0,43,0,43,0,0,173,0,173,0,0,216,0,216,142,0,142,358
12/09/2010,TIX,FL,ASO,ES,Federal Contract Tower,0,1,36,0,37,0,0,142,0,142,0,1,178,0,179,132,0,132,311
12/10/2010,TIX,FL,ASO,ES,Federal Contract Tower,0,0,41,0,41,0,0,144,0,144,0,0,185,0,185,192,0,192,377
12/11/2010,TIX,FL,ASO,ES,Federal Contract Tower,0,0,17,0,17,0,0,55,0,55,0,0,72,0,72,80,0,80,152
12/12/2010,TIX,FL,ASO,ES,Federal Contract Tower,0,0,10,0,10,0,0,33,0,33,0,0,43,0,43,22,0,22,65
12/13/2010,TIX,FL,ASO,ES,Federal Contract Tower,0,0,23,0,23,0,0,47,0,47,0,0,70,0,70,28,0,28,98
12/14/2010,TIX,FL,ASO,ES,Federal Contract Tower,0,0,57,0,57,0,0,164,0,164,0,0,221,0,221,140,0,140,361
12/15/2010,TIX,FL,ASO,ES,Federal Contract Tower,0,0,67,0,67,0,0,192,0,192,0,0,259,0,259,154,0,154,413
12/16/2010,TIX,FL,ASO,ES,Federal Contract Tower,0,0,33,0,33,0,0,174,0,174,0,0,207,0,207,168,0,168,375
12/17/2010,TIX,FL,ASO,ES,Federal Contract Tower,0,2,24,0,26,0,0,158,0,158,0,2,182,0,184,141,0,141,325
12/18/2010,TIX,FL,ASO,ES,Federal Contract Tower,0,2,18,0,20,0,0,28,0,28,0,2,46,0,48,3,0,3,51
12/19/2010,TIX,FL,ASO,ES,Federal Contract Tower,0,3,12,0,15,0,0,23,0,23,0,3,35,0,38,18,0,18,56
12/20/2010,TIX,FL,ASO,ES,Federal Contract Tower,0,0,40,0,40,0,0,105,0,105,0,0,145,0,145,100,0,100,245
12/21/2010,TIX,FL,ASO,ES,Federal Contract Tower,0,0,33,0,33,0,0,124,0,124,0,0,157,0,157,114,0,114,271
12/22/2010,TIX,FL,ASO,ES,Federal Contract Tower,0,0,31,0,31,0,0,97,0,97,0,0,128,0,128,98,0,98,226
12/23/2010,TIX,FL,ASO,ES,Federal Contract Tower,0,3,24,0,27,0,0,78,0,78,0,3,102,0,105,66,0,66,171
12/24/2010,TIX,FL,ASO,ES,Federal Contract Tower,0,1,8,0,9,0,0,52,0,52,0,1,60,0,61,42,0,42,103
12/25/2010,TIX,FL,ASO,ES,Federal Contract Tower,0,0,1,0,1,0,0,9,0,9,0,0,10,0,10,4,0,4,14
12/26/2010,TIX,FL,ASO,ES,Federal Contract Tower,0,0,2,0,2,0,0,3,0,3,0,0,5,0,5,0,0,0,5
12/27/2010,TIX,FL,ASO,ES,Federal Contract Tower,0,0,12,0,12,0,0,32,0,32,0,0,44,0,44,64,0,64,108
12/28/2010,TIX,FL,ASO,ES,Federal Contract Tower,0,1,21,2,24,0,0,85,0,85,0,1,106,2,109,94,0,94,203
12/29/2010,TIX,FL,ASO,ES,Federal Contract Tower,0,1,26,0,27,0,0,90,0,90,0,1,116,0,117,52,0,52,169
12/30/2010,TIX,FL,ASO,ES,Federal Contract Tower,0,2,19,0,21,0,0,122,0,122,0,2,141,0,143,40,0,40,183
12/31/2010,TIX,FL,ASO,ES,Federal Contract Tower,0,0,19,0,19,0,0,74,0,74,0,0,93,0,93,38,0,38,131
01/01/2011,TIX,FL,ASO,ES,Federal Contract Tower,0,1,7,0,8,0,0,18,0,18,0,1,25,0,26,12,0,12,38
01/02/2011,TIX,FL,ASO,ES,Federal Contract Tower,0,0,6,0,6,0,0,42,0,42,0,0,48,0,48,44,0,44,92
01/03/2011,TIX,FL,ASO,ES,Federal Contract Tower,0,1,22,0,23,0,0,90,0,90,0,1,112,0,113,90,0,90,203
01/04/2011,TIX,FL,ASO,ES,Federal Contract Tower,0,0,30,0,30,0,0,93,0,93,0,0,123,0,123,118,0,118,241
01/05/2011,TIX,FL,ASO,ES,Federal Contract Tower,0,2,23,0,25,0,0,116,0,116,0,2,139,0,141,210,0,210,351
01/06/2011,TIX,FL,ASO,ES,Federal Contract Tower,0,0,14,0,14,0,0,55,0,55,0,0,69,0,69,124,0,124,193
01/07/2011,TIX,FL,ASO,ES,Federal Contract Tower,0,1,25,0,26,0,0,109,0,109,0,1,134,0,135,226,0,226,361
01/08/2011,TIX,FL,ASO,ES,Federal Contract Tower,0,0,3,0,3,0,0,80,0,80,0,0,83,0,83,74,0,74,157
01/09/2011,TIX,FL,ASO,ES,Federal Contract Tower,0,4,9,0,13,0,0,68,0,68,0,4,77,0,81,114,0,114,195
01/10/2011,TIX,FL,ASO,ES,Federal Contract Tower,0,2,17,0,19,0,0,81,0,81,0,2,98,0,100,136,0,136,236
01/11/2011,TIX,FL,ASO,ES,Federal Contract Tower,0,0,35,0,35,0,0,72,0,72,0,0,107,0,107,204,0,204,311
01/12/2011,TIX,FL,ASO,ES,Federal Contract Tower,0,0,39,0,39,0,0,174,0,174,0,0,213,0,213,278,0,278,491
01/13/2011,TIX,FL,ASO,ES,Federal Contract Tower,0,0,25,0,25,0,0,166,0,166,0,0,191,0,191,240,0,240,431
01/14/2011,TIX,FL,ASO,ES,Federal Contract Tower,0,2,20,0,22,0,0,165,0,165,0,2,185,0,187,208,0,208,395
01/15/2011,TIX,FL,ASO,ES,Federal Contract Tower,0,0,25,0,25,0,0,168,0,168,0,0,193,0,193,134,0,134,327
01/16/2011,TIX,FL,ASO,ES,Federal Contract Tower,0,2,18,0,20,0,0,68,0,68,0,2,86,0,88,50,0,50,138
01/17/2011,TIX,FL,ASO,ES,Federal Contract Tower,0,0,7,0,7,0,0,34,0,34,0,0,41,0,41,22,0,22,63
01/18/2011,TIX,FL,ASO,ES,Federal Contract Tower,0,0,24,0,24,0,0,110,0,110,0,0,134,0,134,142,0,142,276
01/19/2011,TIX,FL,ASO,ES,Federal Contract Tower,0,0,30,0,30,0,0,165,0,165,0,0,195,0,195,122,0,122,317
01/20/2011,TIX,FL,ASO,ES,Federal Contract Tower,0,0,28,0,28,0,0,134,0,134,0,0,162,0,162,116,0,116,278
01/21/2011,TIX,FL,ASO,ES,Federal Contract Tower,0,2,16,0,18,0,0,32,0,32,0,2,48,0,50,16,0,16,66
01/22/2011,TIX,FL,ASO,ES,Federal Contract Tower,0,0,22,0,22,0,0,36,0,36,0,0,58,0,58,26,0,26,84
01/23/2011,TIX,FL,ASO,ES,Federal Contract Tower,0,1,19,0,20,0,0,91,0,91,0,1,110,0,111,44,0,44,155
01/24/2011,TIX,FL,ASO,ES,Federal Contract Tower,0,0,38,0,38,0,0,150,0,150,0,0,188,0,188,116,0,116,304
01/25/2011,TIX,FL,ASO,ES,Federal Contract Tower,0,0,12,0,12,0,0,57,0,57,0,0,69,0,69,48,0,48,117
01/26/2011,TIX,FL,ASO,ES,Federal Contract Tower,0,3,29,0,32,0,0,74,0,74,0,3,103,0,106,74,0,74,180
01/27/2011,TIX,FL,ASO,ES,Federal Contract Tower,0,0,26,0,26,0,0,204,0,204,0,0,230,0,230,110,0,110,340
01/28/2011,TIX,FL,ASO,ES,Federal Contract Tower,0,0,46,0,46,0,0,164,0,164,0,0,210,0,210,114,0,114,324
01/29/2011,TIX,FL,ASO,ES,Federal Contract Tower,0,0,19,0,19,0,0,129,0,129,0,0,148,0,148,54,0,54,202
01/30/2011,TIX,FL,ASO,ES,Federal Contract Tower,0,0,14,0,14,0,0,76,0,76,0,0,90,0,90,62,0,62,152
01/31/2011,TIX,FL,ASO,ES,Federal Contract Tower,0,0,28,2,30,0,0,86,0,86,0,0,114,2,116,212,0,212,328
02/01/2011,TIX,FL,ASO,ES,Federal Contract Tower,0,0,26,0,26,0,0,164,0,164,0,0,190,0,190,194,0,194,384
02/02/2011,TIX,FL,ASO,ES,Federal Contract Tower,0,0,28,0,28,0,0,147,0,147,0,0,175,0,175,126,0,126,301
02/03/2011,TIX,FL,ASO,ES,Federal Contract Tower,0,4,20,1,25,0,0,95,0,95,0,4,115,1,120,114,0,114,234
02/04/2011,TIX,FL,ASO,ES,Federal Contract Tower,0,0,25,0,25,0,0,77,0,77,0,0,102,0,102,92,0,92,194
02/05/2011,TIX,FL,ASO,ES,Federal Contract Tower,0,0,25,0,25,0,0,51,0,51,0,0,76,0,76,68,0,68,144
02/06/2011,TIX,FL,ASO,ES,Federal Contract Tower,0,0,25,0,25,0,0,28,0,28,0,0,53,0,53,8,0,8,61
02/07/2011,TIX,FL,ASO,ES,Federal Contract Tower,0,0,13,0,13,0,0,33,0,33,0,0,46,0,46,34,0,34,80
02/08/2011,TIX,FL,ASO,ES,Federal Contract Tower,0,0,54,0,54,0,0,133,0,133,0,0,187,0,187,152,0,152,339
02/09/2011,TIX,FL,ASO,ES,Federal Contract Tower,0,0,27,1,28,0,0,156,1,157,0,0,183,2,185,92,0,92,277
02/10/2011,TIX,FL,ASO,ES,Federal Contract Tower,0,1,16,1,18,0,0,29,0,29,0,1,45,1,47,52,0,52,99
02/11/2011,TIX,FL,ASO,ES,Federal Contract Tower,0,0,40,0,40,0,0,55,0,55,0,0,95,0,95,54,0,54,149
02/12/2011,TIX,FL,ASO,ES,Federal Contract Tower,0,0,24,0,24,0,0,103,0,103,0,0,127,0,127,71,0,71,198
02/13/2011,TIX,FL,ASO,ES,Federal Contract Tower,0,0,18,0,18,0,0,96,0,96,0,0,114,0,114,70,0,70,184
02/14/2011,TIX,FL,ASO,ES,Federal Contract Tower,0,0,27,0,27,0,0,136,0,136,0,0,163,0,163,260,0,260,423
02/15/2011,TIX,FL,ASO,ES,Federal Contract Tower,0,0,33,2,35,0,0,116,0,116,0,0,149,2,151,190,0,190,341
02/16/2011,TIX,FL,ASO,ES,Federal Contract Tower,0,0,36,0,36,0,0,138,0,138,0,0,174,0,174,202,0,202,376
02/17/2011,TIX,FL,ASO,ES,Federal Contract Tower,0,0,23,0,23,0,0,161,0,161,0,0,184,0,184,228,0,228,412
02/18/2011,TIX,FL,ASO,ES,Federal Contract Tower,0,0,47,0,47,0,0,164,0,164,0,0,211,0,211,177,0,177,388
02/19/2011,TIX,FL,ASO,ES,Federal Contract Tower,0,0,27,0,27,0,0,96,0,96,0,0,123,0,123,142,0,142,265
02/20/2011,TIX,FL,ASO,ES,Federal Contract Tower,0,0,13,0,13,0,0,47,0,47,0,0,60,0,60,18,0,18,78
02/21/2011,TIX,FL,ASO,ES,Federal Contract Tower,0,0,26,0,26,0,0,132,0,132,0,0,158,0,158,208,0,208,366
02/22/2011,TIX,FL,ASO,ES,Federal Contract Tower,0,2,35,2,39,0,0,119,0,119,0,2,154,2,158,186,0,186,344
02/23/2011,TIX,FL,ASO,ES,Federal Contract Tower,0,1,54,0,55,0,0,104,0,104,0,1,158,0,159,42,0,42,201
02/24/2011,TIX,FL,ASO,ES,Federal Contract Tower,0,1,19,0,20,0,0,31,16,47,0,1,50,16,67,6,0,6,73
02/25/2011,TIX,FL,ASO,ES,Federal Contract Tower,0,1,30,1,32,0,0,148,0,148,0,1,178,1,180,148,0,148,328
02/26/2011,TIX,FL,ASO,ES,Federal Contract Tower,0,4,16,0,20,0,0,117,0,117,0,4,133,0,137,82,0,82,219
02/27/2011,TIX,FL,ASO,ES,Federal Contract Tower,0,2,14,0,16,0,0,80,0,80,0,2,94,0,96,62,0,62,158
02/28/2011,TIX,FL,ASO,ES,Federal Contract Tower,0,0,21,0,21,0,0,118,0,118,0,0,139,0,139,154,0,154,293
03/01/2011,TIX,FL,ASO,ES,Federal Contract Tower,0,0,11,0,11,0,0,37,0,37,0,0,48,0,48,52,0,52,100
03/02/2011,TIX,FL,ASO,ES,Federal Contract Tower,0,0,25,0,25,0,0,154,2,156,0,0,179,2,181,124,0,124,305
03/03/2011,TIX,FL,ASO,ES,Federal Contract Tower,0,2,19,0,21,0,0,152,0,152,0,2,171,0,173,94,0,94,267
03/04/2011,TIX,FL,ASO,ES,Federal Contract Tower,0,0,13,0,13,0,0,65,0,65,0,0,78,0,78,68,0,68,146
03/05/2011,TIX,FL,ASO,ES,Federal Contract Tower,0,0,16,0,16,0,0,72,0,72,0,0,88,0,88,0,77,77,165
03/06/2011,TIX,FL,ASO,ES,Federal Contract Tower,0,2,7,0,9,0,0,16,0,16,0,2,23,0,25,0,0,0,25
03/07/2011,TIX,FL,ASO,ES,Federal Contract Tower,0,0,23,0,23,0,0,129,0,129,0,0,152,0,152,128,0,128,280
03/08/2011,TIX,FL,ASO,ES,Federal Contract Tower,0,0,33,0,33,0,0,118,0,118,0,0,151,0,151,124,0,124,275
03/09/2011,TIX,FL,ASO,ES,Federal Contract Tower,0,0,13,0,13,0,0,99,0,99,0,0,112,0,112,48,0,48,160
03/10/2011,TIX,FL,ASO,ES,Federal Contract Tower,0,1,16,2,19,0,1,56,5,62,0,2,72,7,81,52,2,54,135
03/11/2011,TIX,FL,ASO,ES,Federal Contract Tower,0,0,54,0,54,0,0,98,0,98,0,0,152,0,152,57,4,61,213
03/12/2011,TIX,FL,ASO,ES,Federal Contract Tower,0,2,11,0,13,0,0,135,0,135,0,2,146,0,148,6,0,6,154
03/13/2011,TIX,FL,ASO,ES,Federal Contract Tower,0,2,9,0,11,0,0,115,1,116,0,2,124,1,127,26,0,26,153
03/14/2011,TIX,FL,ASO,ES,Federal Contract Tower,0,0,24,5,29,0,0,137,2,139,0,0,161,7,168,72,6,78,246
03/15/2011,TIX,FL,ASO,ES,Federal Contract Tower,0,2,20,0,22,0,0,130,0,130,0,2,150,0,152,104,0,104,256
03/16/2011,TIX,FL,ASO,ES,Federal Contract Tower,0,0,21,0,21,0,0,134,0,134,0,0,155,0,155,184,0,184,339
03/17/2011,TIX,FL,ASO,ES,Federal Contract Tower,0,2,18,0,20,0,0,138,0,138,0,2,156,0,158,169,0,169,327
03/18/2011,TIX,FL,ASO,ES,Federal Contract Tower,0,0,28,0,28,0,0,134,0,134,0,0,162,0,162,162,0,162,324
03/19/2011,TIX,FL,ASO,ES,Federal Contract Tower,0,0,34,0,34,0,0,90,0,90,0,0,124,0,124,78,0,78,202
03/20/2011,TIX,FL,ASO,ES,Federal Contract Tower,0,2,17,0,19,0,0,29,0,29,0,2,46,0,48,42,0,42,90
03/21/2011,TIX,FL,ASO,ES,Federal Contract Tower,0,0,22,0,22,0,0,148,0,148,0,0,170,0,170,180,0,180,350
03/22/2011,TIX,FL,ASO,ES,Federal Contract Tower,0,0,22,0,22,0,0,130,0,130,0,0,152,0,152,172,0,172,324
03/23/2011,TIX,FL,ASO,ES,Federal Contract Tower,0,0,22,0,22,0,0,86,0,86,0,0,108,0,108,104,0,104,212
03/24/2011,TIX,FL,ASO,ES,Federal Contract Tower,0,0,30,0,30,0,0,59,0,59,0,0,89,0,89,32,0,32,121
03/25/2011,TIX,FL,ASO,ES,Federal Contract Tower,0,0,35,0,35,0,0,145,0,145,0,0,180,0,180,118,0,118,298
03/26/2011,TIX,FL,ASO,ES,Federal Contract Tower,0,2,53,0,55,0,0,112,0,112,0,2,165,0,167,131,0,131,298
03/27/2011,TIX,FL,ASO,ES,Federal Contract Tower,0,0,16,0,16,0,0,52,0,52,0,0,68,0,68,66,0,66,134
03/28/2011,TIX,FL,ASO,ES,Federal Contract Tower,0,0,8,0,8,0,0,27,0,27,0,0,35,0,35,24,0,24,59
03/29/2011,TIX,FL,ASO,ES,Federal Contract Tower,0,0,24,0,24,0,0,114,0,114,0,0,138,0,138,178,0,178,316
03/30/2011,TIX,FL,ASO,ES,Federal Contract Tower,0,0,13,0,13,0,0,79,0,79,0,0,92,0,92,144,0,144,236
03/31/2011,TIX,FL,ASO,ES,Federal Contract Tower,0,2,0,0,2,0,0,0,0,0,0,2,0,0,2,0,0,0,2
04/01/2011,TIX,FL,ASO,ES,Federal Contract Tower,0,0,23,0,23,0,0,136,0,136,0,0,159,0,159,182,0,182,341
04/02/2011,TIX,FL,ASO,ES,Federal Contract Tower,0,2,20,2,24,0,0,102,0,102,0,2,122,2,126,58,2,60,186
04/03/2011,TIX,FL,ASO,ES,Federal Contract Tower,0,0,20,0,20,0,0,72,0,72,0,0,92,0,92,74,0,74,166
04/04/2011,TIX,FL,ASO,ES,Federal Contract Tower,0,0,22,0,22,0,0,115,0,115,0,0,137,0,137,80,0,80,217
04/05/2011,TIX,FL,ASO,ES,Federal Contract Tower,0,0,10,0,10,0,0,20,0,20,0,0,30,0,30,24,0,24,54
04/06/2011,TIX,FL,ASO,ES,Federal Contract Tower,0,0,41,0,41,0,0,188,0,188,0,0,229,0,229,232,0,232,461
04/07/2011,TIX,FL,ASO,ES,Federal Contract Tower,0,0,25,0,25,0,0,118,0,118,0,0,143,0,143,152,0,152,295
04/08/2011,TIX,FL,ASO,ES,Federal Contract Tower,0,0,21,0,21,0,0,149,0,149,0,0,170,0,170,152,0,152,322
04/09/2011,TIX,FL,ASO,ES,Federal Contract Tower,0,3,16,0,19,0,0,87,0,87,0,3,103,0,106,94,0,94,200
04/10/2011,TIX,FL,ASO,ES,Federal Contract Tower,0,0,12,0,12,0,0,65,0,65,0,0,77,0,77,26,0,26,103
04/11/2011,TIX,FL,ASO,ES,Federal Contract Tower,0,0,26,0,26,0,0,144,0,144,0,0,170,0,170,142,0,142,312
04/12/2011,TIX,FL,ASO,ES,Federal Contract Tower,0,0,31,0,31,0,0,109,0,109,0,0,140,0,140,118,0,118,258
04/13/2011,TIX,FL,ASO,ES,Federal Contract Tower,0,0,30,3,33,0,0,146,1,147,0,0,176,4,180,149,0,149,329
04/14/2011,TIX,FL,ASO,ES,Federal Contract Tower,0,1,23,0,24,0,0,126,0,126,0,1,149,0,150,152,0,152,302
04/15/2011,TIX,FL,ASO,ES,Federal Contract Tower,0,0,23,0,23,0,0,131,0,131,0,0,154,0,154,106,0,106,260
04/16/2011,TIX,FL,ASO,ES,Federal Contract Tower,0,0,32,0,32,0,0,91,0,91,0,0,123,0,123,84,0,84,207
04/17/2011,TIX,FL,ASO,ES,Federal Contract Tower,0,0,26,0,26,0,0,92,0,92,0,0,118,0,118,86,0,86,204
04/18/2011,TIX,FL,ASO,ES,Federal Contract Tower,0,0,28,0,28,0,0,135,0,135,0,0,163,0,163,276,0,276,439
04/19/2011,TIX,FL,ASO,ES,Federal Contract Tower,0,0,34,0,34,0,0,157,2,159,0,0,191,2,193,134,0,134,327
04/20/2011,TIX,FL,ASO,ES,Federal Contract Tower,0,0,31,0,31,0,0,167,0,167,0,0,198,0,198,88,0,88,286
04/21/2011,TIX,FL,ASO,ES,Federal Contract Tower,0,0,37,0,37,0,0,153,0,153,0,0,190,0,190,126,0,126,316
04/22/2011,TIX,FL,ASO,ES,Federal Contract Tower,0,0,24,0,24,0,0,153,0,153,0,0,177,0,177,56,0,56,233
04/23/2011,TIX,FL,ASO,ES,Federal Contract Tower,0,0,17,0,17,0,0,74,0,74,0,0,91,0,91,54,0,54,145
04/24/2011,TIX,FL,ASO,ES,Federal Contract Tower,0,0,8,0,8,0,0,30,2,32,0,0,38,2,40,30,0,30,70
04/25/2011,TIX,FL,ASO,ES,Federal Contract Tower,0,0,13,0,13,0,0,120,0,120,0,0,133,0,133,96,0,96,229
04/26/2011,TIX,FL,ASO,ES,Federal Contract Tower,0,0,19,0,19,0,0,107,0,107,0,0,126,0,126,180,0,180,306
04/27/2011,TIX,FL,ASO,ES,Federal Contract Tower,0,0,39,0,39,0,0,128,0,128,0,0,167,0,167,112,0,112,279
04/28/2011,TIX,FL,ASO,ES,Federal Contract Tower,0,3,40,0,43,0,0,125,0,125,0,3,165,0,168,50,0,50,218
04/29/2011,TIX,FL,ASO,ES,Federal Contract Tower,0,3,29,2,34,0,0,19,12,31,0,3,48,14,65,10,0,10,75
04/30/2011,TIX,FL,ASO,ES,Federal Contract Tower,0,9,25,0,34,0,0,103,0,103,0,9,128,0,137,90,0,90,227
05/01/2011,TIX,FL,ASO,ES,Federal Contract Tower,0,3,24,1,28,0,0,73,1,74,0,3,97,2,102,52,0,52,154
05/02/2011,TIX,FL,ASO,ES,Federal Contract Tower,0,0,26,0,26,0,0,133,0,133,0,0,159,0,159,144,0,144,303
05/03/2011,TIX,FL,ASO,ES,Federal Contract Tower,0,0,37,1,38,0,0,152,0,152,0,0,189,1,190,185,6,191,381
05/04/2011,TIX,FL,ASO,ES,Federal Contract Tower,0,0,37,0,37,0,0,98,0,98,0,0,135,0,135,179,0,179,314
05/05/2011,TIX,FL,ASO,ES,Federal Contract Tower,0,0,31,0,31,0,0,144,0,144,0,0,175,0,175,160,0,160,335
05/06/2011,TIX,FL,ASO,ES,Federal Contract Tower,0,0,26,0,26,0,0,97,0,97,0,0,123,0,123,66,0,66,189
05/07/2011,TIX,FL,ASO,ES,Federal Contract Tower,0,0,21,0,21,0,0,92,0,92,0,0,113,0,113,84,0,84,197
05/08/2011,TIX,FL,ASO,ES,Federal Contract Tower,0,0,10,0,10,0,0,51,0,51,0,0,61,0,61,72,0,72,133
05/09/2011,TIX,FL,ASO,ES,Federal Contract Tower,0,0,48,0,48,0,0,164,2,166,0,0,212,2,214,136,0,136,350
05/10/2011,TIX,FL,ASO,ES,Federal Contract Tower,0,0,40,0,40,0,0,131,0,131,0,0,171,0,171,180,0,180,351
05/11/2011,TIX,FL,ASO,ES,Federal Contract Tower,0,0,52,0,52,0,0,154,0,154,0,0,206,0,206,186,0,186,392
05/12/2011,TIX,FL,ASO,ES,Federal Contract Tower,0,0,41,0,41,0,0,154,0,154,0,0,195,0,195,180,0,180,375
05/13/2011,TIX,FL,ASO,ES,Federal Contract Tower,0,0,39,1,40,0,0,89,1,90,0,0,128,2,130,164,10,174,304
05/14/2011,TIX,FL,ASO,ES,Federal Contract Tower,0,2,16,0,18,0,0,47,0,47,0,2,63,0,65,22,0,22,87
05/15/2011,TIX,FL,ASO,ES,Federal Contract Tower,0,5,35,0,40,0,0,57,0,57,0,5,92,0,97,46,0,46,143
05/16/2011,TIX,FL,ASO,ES,Federal Contract Tower,0,10,48,1,59,0,0,107,4,111,0,10,155,5,170,58,0,58,228
05/17/2011,TIX,FL,ASO,ES,Federal Contract Tower,0,0,43,0,43,0,0,113,0,113,0,0,156,0,156,76,0,76,232
05/18/2011,TIX,FL,ASO,ES,Federal Contract Tower,0,0,38,0,38,0,0,124,0,124,0,0,162,0,162,134,0,134,296
05/19/2011,TIX,FL,ASO,ES,Federal Contract Tower,0,0,43,0,43,0,0,151,0,151,0,0,194,0,194,108,0,108,302
05/20/2011,TIX,FL,ASO,ES,Federal Contract Tower,0,2,15,0,17,0,0,77,0,77,0,2,92,0,94,85,0,85,179
05/21/2011,TIX,FL,ASO,ES,Federal Contract Tower,0,0,20,0,20,0,0,88,0,88,0,0,108,0,108,70,0,70,178
05/22/2011,TIX,FL,ASO,ES,Federal Contract Tower,0,0,11,0,11,0,0,61,0,61,0,0,72,0,72,58,0,58,130
05/23/2011,TIX,FL,ASO,ES,Federal Contract Tower,0,1,26,0,27,0,0,133,0,133,0,1,159,0,160,138,0,138,298
05/24/2011,TIX,FL,ASO,ES,Federal Contract Tower,0,1,27,0,28,0,0,112,0,112,0,1,139,0,140,174,2,176,316
05/25/2011,TIX,FL,ASO,ES,Federal Contract Tower,0,1,40,0,41,0,0,158,0,158,0,1,198,0,199,130,0,130,329
05/26/2011,TIX,FL,ASO,ES,Federal Contract Tower,0,2,18,0,20,0,0,152,0,152,0,2,170,0,172,120,0,120,292
05/27/2011,TIX,FL,ASO,ES,Federal Contract Tower,0,0,13,0,13,0,0,79,0,79,0,0,92,0,92,66,0,66,158
05/28/2011,TIX,FL,ASO,ES,Federal Contract Tower,0,0,14,0,14,0,0,119,0,119,0,0,133,0,133,105,0,105,238
05/29/2011,TIX,FL,ASO,ES,Federal Contract Tower,0,4,9,0,13,0,0,81,0,81,0,4,90,0,94,88,0,88,182
05/30/2011,TIX,FL,ASO,ES,Federal Contract Tower,0,2,24,0,26,0,0,103,0,103,0,2,127,0,129,172,0,172,301
05/31/2011,TIX,FL,ASO,ES,Federal Contract Tower,0,0,22,0,22,0,0,140,0,140,0,0,162,0,162,88,0,88,250
06/01/2011,TIX,FL,ASO,ES,Federal Contract Tower,0,0,29,0,29,0,0,91,0,91,0,0,120,0,120,122,0,122,242
06/02/2011,TIX,FL,ASO,ES,Federal Contract Tower,0,1,23,0,24,0,0,137,0,137,0,1,160,0,161,142,0,142,303
06/03/2011,TIX,FL,ASO,ES,Federal Contract Tower,0,1,22,1,24,0,0,136,0,136,0,1,158,1,160,126,0,126,286
06/04/2011,TIX,FL,ASO,ES,Federal Contract Tower,0,0,18,0,18,0,0,133,0,133,0,0,151,0,151,100,0,100,251
06/05/2011,TIX,FL,ASO,ES,Federal Contract Tower,0,0,10,0,10,0,0,66,0,66,0,0,76,0,76,94,0,94,170
06/06/2011,TIX,FL,ASO,ES,Federal Contract Tower,0,0,17,0,17,0,0,137,0,137,0,0,154,0,154,194,0,194,348
06/07/2011,TIX,FL,ASO,ES,Federal Contract Tower,0,0,23,0,23,0,0,148,0,148,0,0,171,0,171,158,0,158,329
06/08/2011,TIX,FL,ASO,ES,Federal Contract Tower,0,0,22,0,22,0,0,152,0,152,0,0,174,0,174,144,0,144,318
06/09/2011,TIX,FL,ASO,ES,Federal Contract Tower,0,0,23,0,23,0,0,119,0,119,0,0,142,0,142,180,0,180,322
06/10/2011,TIX,FL,ASO,ES,Federal Contract Tower,0,0,14,0,14,0,0,130,0,130,0,0,144,0,144,126,0,126,270
06/11/2011,TIX,FL,ASO,ES,Federal Contract Tower,0,0,34,0,34,0,0,87,0,87,0,0,121,0,121,70,0,70,191
06/12/2011,TIX,FL,ASO,ES,Federal Contract Tower,0,1,22,0,23,0,0,75,0,75,0,1,97,0,98,118,0,118,216
06/13/2011,TIX,FL,ASO,ES,Federal Contract Tower,0,0,21,0,21,0,0,155,0,155,0,0,176,0,176,154,0,154,330
06/14/2011,TIX,FL,ASO,ES,Federal Contract Tower,0,0,13,0,13,0,0,112,0,112,0,0,125,0,125,106,0,106,231
06/15/2011,TIX,FL,ASO,ES,Federal Contract Tower,0,0,29,0,29,0,0,58,0,58,0,0,87,0,87,56,0,56,143
06/16/2011,TIX,FL,ASO,ES,Federal Contract Tower,0,0,5,0,5,0,0,167,0,167,0,0,172,0,172,134,0,134,306
06/17/2011,TIX,FL,ASO,ES,Federal Contract Tower,0,0,36,0,36,0,0,77,0,77,0,0,113,0,113,90,0,90,203
06/18/2011,TIX,FL,ASO,ES,Federal Contract Tower,0,0,2,0,2,0,0,88,0,88,0,0,90,0,90,3,0,3,93
06/19/2011,TIX,FL,ASO,ES,Federal Contract Tower,0,0,7,0,7,0,0,61,0,61,0,0,68,0,68,52,0,52,120
06/20/2011,TIX,FL,ASO,ES,Federal Contract Tower,0,0,15,0,15,0,0,176,0,176,0,0,191,0,191,130,0,130,321
06/21/2011,TIX,FL,ASO,ES,Federal Contract Tower,0,0,13,0,13,0,0,150,0,150,0,0,163,0,163,106,0,106,269
06/22/2011,TIX,FL,ASO,ES,Federal Contract Tower,0,0,13,0,13,0,0,152,0,152,0,0,165,0,165,146,0,146,311
06/23/2011,TIX,FL,ASO,ES,Federal Contract Tower,0,0,6,0,6,0,0,123,0,123,0,0,129,0,129,164,0,164,293
06/24/2011,TIX,FL,ASO,ES,Federal Contract Tower,0,0,13,0,13,0,0,118,0,118,0,0,131,0,131,94,0,94,225
06/25/2011,TIX,FL,ASO,ES,Federal Contract Tower,0,0,2,0,2,0,0,82,0,82,0,0,84,0,84,67,0,67,151
06/26/2011,TIX,FL,ASO,ES,Federal Contract Tower,0,0,4,0,4,0,0,53,0,53,0,0,57,0,57,104,0,104,161
06/27/2011,TIX,FL,ASO,ES,Federal Contract Tower,0,0,2,0,2,0,0,106,0,106,0,0,108,0,108,204,0,204,312
06/28/2011,TIX,FL,ASO,ES,Federal Contract Tower,0,0,9,0,9,0,0,130,0,130,0,0,139,0,139,150,0,150,289
06/29/2011,TIX,FL,ASO,ES,Federal Contract Tower,0,0,8,0,8,0,0,73,0,73,0,0,81,0,81,66,0,66,147
06/30/2011,TIX,FL,ASO,ES,Federal Contract Tower,0,0,13,0,13,0,0,66,0,66,0,0,79,0,79,46,0,46,125
07/01/2011,TIX,FL,ASO,ES,Federal Contract Tower,0,0,17,0,17,0,0,127,0,127,0,0,144,0,144,88,0,88,232
07/02/2011,TIX,FL,ASO,ES,Federal Contract Tower,0,0,12,0,12,0,0,96,0,96,0,0,108,0,108,64,0,64,172
07/03/2011,TIX,FL,ASO,ES,Federal Contract Tower,0,0,6,0,6,0,0,39,0,39,0,0,45,0,45,64,0,64,109
07/04/2011,TIX,FL,ASO,ES,Federal Contract Tower,0,0,1,0,1,0,0,34,0,34,0,0,35,0,35,54,0,54,89
07/05/2011,TIX,FL,ASO,ES,Federal Contract Tower,0,0,21,2,23,0,0,148,0,148,0,0,169,2,171,134,0,134,305
07/06/2011,TIX,FL,ASO,ES,Federal Contract Tower,0,0,29,0,29,0,0,158,0,158,0,0,187,0,187,221,0,221,408
07/07/2011,TIX,FL,ASO,ES,Federal Contract Tower,0,3,39,1,43,0,0,72,0,72,0,3,111,1,115,28,0,28,143
07/08/2011,TIX,FL,ASO,ES,Federal Contract Tower,0,2,24,0,26,0,0,58,6,64,0,2,82,6,90,38,0,38,128
07/09/2011,TIX,FL,ASO,ES,Federal Contract Tower,0,0,26,1,27,0,0,97,0,97,0,0,123,1,124,61,0,61,185
07/10/2011,TIX,FL,ASO,ES,Federal Contract Tower,0,0,15,0,15,0,0,78,0,78,0,0,93,0,93,24,0,24,117
07/11/2011,TIX,FL,ASO,ES,Federal Contract Tower,0,2,29,0,31,0,0,120,0,120,0,2,149,0,151,72,0,72,223
07/12/2011,TIX,FL,ASO,ES,Federal Contract Tower,0,0,46,2,48,0,0,142,2,144,0,0,188,4,192,88,0,88,280
07/13/2011,TIX,FL,ASO,ES,Federal Contract Tower,0,0,31,0,31,0,0,159,0,159,0,0,190,0,190,121,0,121,311
07/14/2011,TIX,FL,ASO,ES,Federal Contract Tower,0,0,25,0,25,0,0,129,0,129,0,0,154,0,154,50,0,50,204
07/15/2011,TIX,FL,ASO,ES,Federal Contract Tower,0,0,22,0,22,0,0,118,0,118,0,0,140,0,140,22,0,22,162
07/16/2011,TIX,FL,ASO,ES,Federal Contract Tower,0,0,23,0,23,0,0,73,0,73,0,0,96,0,96,38,0,38,134
07/17/2011,TIX,FL,ASO,ES,Federal Contract Tower,0,0,10,0,10,0,0,59,0,59,0,0,69,0,69,40,0,40,109
07/18/2011,TIX,FL,ASO,ES,Federal Contract Tower,0,0,24,0,24,0,0,154,0,154,0,0,178,0,178,180,0,180,358
07/19/2011,TIX,FL,ASO,ES,Federal Contract Tower,0,0,29,0,29,0,0,146,2,148,0,0,175,2,177,208,0,208,385
07/20/2011,TIX,FL,ASO,ES,Federal Contract Tower,0,0,32,0,32,0,0,153,0,153,0,0,185,0,185,124,0,124,309
07/21/2011,TIX,FL,ASO,ES,Federal Contract Tower,0,0,32,2,34,0,0,133,0,133,0,0,165,2,167,114,0,114,281
07/22/2011,TIX,FL,ASO,ES,Federal Contract Tower,0,0,31,2,33,0,0,135,0,135,0,0,166,2,168,97,0,97,265
07/23/2011,TIX,FL,ASO,ES,Federal Contract Tower,0,0,8,0,8,0,0,64,0,64,0,0,72,0,72,32,0,32,104
07/24/2011,TIX,FL,ASO,ES,Federal Contract Tower,0,0,13,0,13,0,0,44,0,44,0,0,57,0,57,44,0,44,101
07/25/2011,TIX,FL,ASO,ES,Federal Contract Tower,0,13,10,0,23,0,0,152,0,152,0,13,162,0,175,184,0,184,359
07/26/2011,TIX,FL,ASO,ES,Federal Contract Tower,0,0,24,0,24,0,0,135,0,135,0,0,159,0,159,142,0,142,301
07/27/2011,TIX,FL,ASO,ES,Federal Contract Tower,0,0,18,0,18,0,0,106,0,106,0,0,124,0,124,104,0,104,228
07/28/2011,TIX,FL,ASO,ES,Federal Contract Tower,0,0,24,0,24,0,0,135,0,135,0,0,159,0,159,170,0,170,329
07/29/2011,TIX,FL,ASO,ES,Federal Contract Tower,0,0,22,0,22,0,0,127,0,127,0,0,149,0,149,74,0,74,223
07/30/2011,TIX,FL,ASO,ES,Federal Contract Tower,0,0,7,2,9,0,0,86,0,86,0,0,93,2,95,26,0,26,121
07/31/2011,TIX,FL,ASO,ES,Federal Contract Tower,0,0,12,0,12,0,0,56,0,56,0,0,68,0,68,50,0,50,118
08/01/2011,TIX,FL,ASO,ES,Federal Contract Tower,0,0,15,2,17,0,0,104,0,104,0,0,119,2,121,138,0,138,259
08/02/2011,TIX,FL,ASO,ES,Federal Contract Tower,0,0,32,0,32,0,0,142,0,142,0,0,174,0,174,152,0,152,326
08/03/2011,TIX,FL,ASO,ES,Federal Contract Tower,0,1,49,0,50,0,0,147,0,147,0,1,196,0,197,206,0,206,403
08/04/2011,TIX,FL,ASO,ES,Federal Contract Tower,0,0,31,0,31,0,0,155,0,155,0,0,186,0,186,102,0,102,288
08/05/2011,TIX,FL,ASO,ES,Federal Contract Tower,0,2,31,0,33,0,0,137,0,137,0,2,168,0,170,188,0,188,358
08/06/2011,TIX,FL,ASO,ES,Federal Contract Tower,0,0,6,0,6,0,0,44,0,44,0,0,50,0,50,99,0,99,149
08/07/2011,TIX,FL,ASO,ES,Federal Contract Tower,0,0,5,0,5,0,0,39,0,39,0,0,44,0,44,44,0,44,88
08/08/2011,TIX,FL,ASO,ES,Federal Contract Tower,0,0,22,0,22,0,0,39,0,39,0,0,61,0,61,72,0,72,133
08/09/2011,TIX,FL,ASO,ES,Federal Contract Tower,0,0,22,0,22,0,0,62,0,62,0,0,84,0,84,138,0,138,222
08/10/2011,TIX,FL,ASO,ES,Federal Contract Tower,0,0,23,0,23,0,0,110,0,110,0,0,133,0,133,202,0,202,335
08/11/2011,TIX,FL,ASO,ES,Federal Contract Tower,0,1,28,0,29,0,0,110,0,110,0,1,138,0,139,260,0,260,399
08/12/2011,TIX,FL,ASO,ES,Federal Contract Tower,0,2,26,0,28,0,0,129,0,129,0,2,155,0,157,130,0,130,287
08/13/2011,TIX,FL,ASO,ES,Federal Contract Tower,0,0,14,0,14,0,0,63,0,63,0,0,77,0,77,93,2,95,172
08/14/2011,TIX,FL,ASO,ES,Federal Contract Tower,0,0,10,0,10,0,0,57,0,57,0,0,67,0,67,46,0,46,113
08/15/2011,TIX,FL,ASO,ES,Federal Contract Tower,0,0,20,0,20,0,0,102,0,102,0,0,122,0,122,196,2,198,320
08/16/2011,TIX,FL,ASO,ES,Federal Contract Tower,0,0,35,0,35,0,0,149,0,149,0,0,184,0,184,196,0,196,380
08/17/2011,TIX,FL,ASO,ES,Federal Contract Tower,0,0,23,0,23,0,0,97,0,97,0,0,120,0,120,152,0,152,272
08/18/2011,TIX,FL,ASO,ES,Federal Contract Tower,0,0,21,0,21,0,0,129,0,129,0,0,150,0,150,178,0,178,328
08/19/2011,TIX,FL,ASO,ES,Federal Contract Tower,0,0,28,0,28,0,0,148,0,148,0,0,176,0,176,175,0,175,351
08/20/2011,TIX,FL,ASO,ES,Federal Contract Tower,0,3,12,0,15,0,0,64,0,64,0,3,76,0,79,53,0,53,132
08/21/2011,TIX,FL,ASO,ES,Federal Contract Tower,0,0,11,0,11,0,0,55,0,55,0,0,66,0,66,48,0,48,114
08/22/2011,TIX,FL,ASO,ES,Federal Contract Tower,0,0,23,0,23,0,0,139,0,139,0,0,162,0,162,202,0,202,364
08/23/2011,TIX,FL,ASO,ES,Federal Contract Tower,0,0,21,0,21,0,0,118,0,118,0,0,139,0,139,172,0,172,311
08/24/2011,TIX,FL,ASO,ES,Federal Contract Tower,0,0,15,0,15,0,0,142,0,142,0,0,157,0,157,212,0,212,369
08/25/2011,TIX,FL,ASO,ES,Federal Contract Tower,0,0,11,0,11,0,0,40,0,40,0,0,51,0,51,20,0,20,71
08/26/2011,TIX,FL,ASO,ES,Federal Contract Tower,0,0,6,0,6,0,0,25,0,25,0,0,31,0,31,32,0,32,63
08/27/2011,TIX,FL,ASO,ES,Federal Contract Tower,0,0,6,0,6,0,0,51,0,51,0,0,57,0,57,40,0,40,97
08/28/2011,TIX,FL,ASO,ES,Federal Contract Tower,0,0,12,0,12,0,0,65,0,65,0,0,77,0,77,60,0,60,137
08/29/2011,TIX,FL,ASO,ES,Federal Contract Tower,0,0,19,0,19,0,0,95,0,95,0,0,114,0,114,176,0,176,290
08/30/2011,TIX,FL,ASO,ES,Federal Contract Tower,0,0,17,0,17,0,0,133,0,133,0,0,150,0,150,180,0,180,330
08/31/2011,TIX,FL,ASO,ES,Federal Contract Tower,0,0,25,2,27,0,0,144,0,144,0,0,169,2,171,148,0,148,319
09/01/2011,TIX,FL,ASO,ES,Federal Contract Tower,0,0,23,0,23,0,0,147,0,147,0,0,170,0,170,128,0,128,298
09/02/2011,TIX,FL,ASO,ES,Federal Contract Tower,0,0,33,0,33,0,0,168,0,168,0,0,201,0,201,180,0,180,381
09/03/2011,TIX,FL,ASO,ES,Federal Contract Tower,0,0,14,0,14,0,0,84,0,84,0,0,98,0,98,112,0,112,210
09/04/2011,TIX,FL,ASO,ES,Federal Contract Tower,0,0,22,0,22,0,0,61,0,61,0,0,83,0,83,72,0,72,155
09/05/2011,TIX,FL,ASO,ES,Federal Contract Tower,0,0,32,0,32,0,0,104,0,104,0,0,136,0,136,99,0,99,235
09/06/2011,TIX,FL,ASO,ES,Federal Contract Tower,0,0,16,0,16,0,0,86,0,86,0,0,102,0,102,102,0,102,204
09/07/2011,TIX,FL,ASO,ES,Federal Contract Tower,0,0,37,0,37,0,0,146,0,146,0,0,183,0,183,138,0,138,321
09/08/2011,TIX,FL,ASO,ES,Federal Contract Tower,0,4,40,0,44,0,0,167,0,167,0,4,207,0,211,176,0,176,387
09/09/2011,TIX,FL,ASO,ES,Federal Contract Tower,0,0,42,0,42,0,0,175,0,175,0,0,217,0,217,132,0,132,349
09/10/2011,TIX,FL,ASO,ES,Federal Contract Tower,0,0,18,0,18,0,0,103,0,103,0,0,121,0,121,100,0,100,221
09/11/2011,TIX,FL,ASO,ES,Federal Contract Tower,0,2,21,0,23,0,0,71,0,71,0,2,92,0,94,62,0,62,156
09/12/2011,TIX,FL,ASO,ES,Federal Contract Tower,0,0,35,0,35,0,0,142,0,142,0,0,177,0,177,154,0,154,331
09/13/2011,TIX,FL,ASO,ES,Federal Contract Tower,0,0,39,0,39,0,0,158,0,158,0,0,197,0,197,206,0,206,403
09/14/2011,TIX,FL,ASO,ES,Federal Contract Tower,0,0,49,0,49,0,0,154,0,154,0,0,203,0,203,179,0,179,382
09/15/2011,TIX,FL,ASO,ES,Federal Contract Tower,0,0,28,1,29,0,0,143,0,143,0,0,171,1,172,162,0,162,334
09/16/2011,TIX,FL,ASO,ES,Federal Contract Tower,0,0,42,0,42,0,0,147,0,147,0,0,189,0,189,150,0,150,339
09/17/2011,TIX,FL,ASO,ES,Federal Contract Tower,0,0,14,0,14,0,0,64,0,64,0,0,78,0,78,48,0,48,126
09/18/2011,TIX,FL,ASO,ES,Federal Contract Tower,0,0,8,0,8,0,0,26,0,26,0,0,34,0,34,22,0,22,56
09/19/2011,TIX,FL,ASO,ES,Federal Contract Tower,0,0,17,0,17,0,0,92,0,92,0,0,109,0,109,156,0,156,265
09/20/2011,TIX,FL,ASO,ES,Federal Contract Tower,0,0,18,0,18,0,0,103,0,103,0,0,121,0,121,208,0,208,329
09/21/2011,TIX,FL,ASO,ES,Federal Contract Tower,0,0,29,0,29,0,0,143,0,143,0,0,172,0,172,146,0,146,318
09/22/2011,TIX,FL,ASO,ES,Federal Contract Tower,0,0,18,0,18,0,0,104,0,104,0,0,122,0,122,125,0,125,247
09/23/2011,TIX,FL,ASO,ES,Federal Contract Tower,0,0,24,2,26,0,0,132,2,134,0,0,156,4,160,120,0,120,280
09/24/2011,TIX,FL,ASO,ES,Federal Contract Tower,0,0,14,0,14,0,0,89,0,89,0,0,103,0,103,98,0,98,201
09/25/2011,TIX,FL,ASO,ES,Federal Contract Tower,0,0,13,0,13,0,0,40,0,40,0,0,53,0,53,20,0,20,73
09/26/2011,TIX,FL,ASO,ES,Federal Contract Tower,0,0,24,0,24,0,0,127,0,127,0,0,151,0,151,166,0,166,317
09/27/2011,TIX,FL,ASO,ES,Federal Contract Tower,0,0,26,0,26,0,0,155,2,157,0,0,181,2,183,204,0,204,387
09/28/2011,TIX,FL,ASO,ES,Federal Contract Tower,0,0,41,0,41,0,0,178,0,178,0,0,219,0,219,144,0,144,363
09/29/2011,TIX,FL,ASO,ES,Federal Contract Tower,0,0,29,0,29,0,0,149,0,149,0,0,178,0,178,190,0,190,368
09/30/2011,TIX,FL,ASO,ES,Federal Contract Tower,0,2,37,0,39,0,0,157,0,157,0,2,194,0,196,146,0,146,342
10/01/2011,TIX,FL,ASO,ES,Federal Contract Tower,0,0,26,0,26,0,0,77,0,77,0,0,103,0,103,64,0,64,167
10/02/2011,TIX,FL,ASO,ES,Federal Contract Tower,0,0,11,0,11,0,0,66,0,66,0,0,77,0,77,104,0,104,181
10/03/2011,TIX,FL,ASO,ES,Federal Contract Tower,0,0,44,0,44,0,0,205,0,205,0,0,249,0,249,196,0,196,445
10/04/2011,TIX,FL,ASO,ES,Federal Contract Tower,0,0,37,0,37,0,0,205,0,205,0,0,242,0,242,190,0,190,432
10/05/2011,TIX,FL,ASO,ES,Federal Contract Tower,0,0,33,0,33,0,0,183,0,183,0,0,216,0,216,130,0,130,346
10/06/2011,TIX,FL,ASO,ES,Federal Contract Tower,0,0,48,0,48,0,0,164,0,164,0,0,212,0,212,190,0,190,402
10/07/2011,TIX,FL,ASO,ES,Federal Contract Tower,0,0,16,0,16,0,0,81,0,81,0,0,97,0,97,106,0,106,203
10/08/2011,TIX,FL,ASO,ES,Federal Contract Tower,0,0,1,0,1,0,0,0,0,0,0,0,1,0,1,0,0,0,1
10/09/2011,TIX,FL,ASO,ES,Federal Contract Tower,0,2,4,0,6,0,0,0,0,0,0,2,4,0,6,0,0,0,6
10/10/2011,TIX,FL,ASO,ES,Federal Contract Tower,0,0,31,0,31,0,0,144,0,144,0,0,175,0,175,166,0,166,341
10/11/2011,TIX,FL,ASO,ES,Federal Contract Tower,0,0,0,18,18,0,0,146,0,146,0,0,146,18,164,186,0,186,350
10/12/2011,TIX,FL,ASO,ES,Federal Contract Tower,0,0,36,0,36,0,0,231,0,231,0,0,267,0,267,222,0,222,489
10/13/2011,TIX,FL,ASO,ES,Federal Contract Tower,0,2,31,0,33,0,0,179,0,179,0,2,210,0,212,226,0,226,438
10/14/2011,TIX,FL,ASO,ES,Federal Contract Tower,0,0,38,0,38,0,0,170,0,170,0,0,208,0,208,171,0,171,379
10/15/2011,TIX,FL,ASO,ES,Federal Contract Tower,0,0,8,0,8,0,0,82,0,82,0,0,90,0,90,60,0,60,150
10/16/2011,TIX,FL,ASO,ES,Federal Contract Tower,0,0,9,0,9,0,0,66,0,66,0,0,75,0,75,70,0,70,145
10/17/2011,TIX,FL,ASO,ES,Federal Contract Tower,0,0,17,0,17,0,0,158,0,158,0,0,175,0,175,212,0,212,387
10/18/2011,TIX,FL,ASO,ES,Federal Contract Tower,0,0,12,0,12,0,0,69,0,69,0,0,81,0,81,78,0,78,159
10/19/2011,TIX,FL,ASO,ES,Federal Contract Tower,0,0,28,0,28,0,0,108,0,108,0,0,136,0,136,202,0,202,338
10/20/2011,TIX,FL,ASO,ES,Federal Contract Tower,0,0,34,0,34,0,0,179,0,179,0,0,213,0,213,224,0,224,437
10/21/2011,TIX,FL,ASO,ES,Federal Contract Tower,0,0,29,0,29,0,0,191,0,191,0,0,220,0,220,238,0,238,458
10/22/2011,TIX,FL,ASO,ES,Federal Contract Tower,0,0,18,0,18,0,0,107,0,107,0,0,125,0,125,173,0,173,298
10/23/2011,TIX,FL,ASO,ES,Federal Contract Tower,10,0,0,0,10,0,0,73,0,73,10,0,73,0,83,90,0,90,173
10/24/2011,TIX,FL,ASO,ES,Federal Contract Tower,0,0,30,0,30,0,0,155,0,155,0,0,185,0,185,100,0,100,285
10/25/2011,TIX,FL,ASO,ES,Federal Contract Tower,0,0,21,0,21,0,0,153,0,153,0,0,174,0,174,94,0,94,268
10/26/2011,TIX,FL,ASO,ES,Federal Contract Tower,0,0,19,0,19,0,0,191,0,191,0,0,210,0,210,235,0,235,445
10/27/2011,TIX,FL,ASO,ES,Federal Contract Tower,0,0,40,0,40,0,0,196,0,196,0,0,236,0,236,192,0,192,428
10/28/2011,TIX,FL,ASO,ES,Federal Contract Tower,0,0,42,0,42,0,0,139,0,139,0,0,181,0,181,193,0,193,374
10/29/2011,TIX,FL,ASO,ES,Federal Contract Tower,0,0,9,0,9,0,0,17,0,17,0,0,26,0,26,8,0,8,34
10/30/2011,TIX,FL,ASO,ES,Federal Contract Tower,0,1,21,0,22,0,0,55,0,55,0,1,76,0,77,66,0,66,143
10/31/2011,TIX,FL,ASO,ES,Federal Contract Tower,0,0,17,0,17,0,0,25,0,25,0,0,42,0,42,68,0,68,110
11/01/2011,TIX,FL,ASO,ES,Federal Contract Tower,0,0,90,0,90,0,0,179,0,179,0,0,269,0,269,196,0,196,465
11/02/2011,TIX,FL,ASO,ES,Federal Contract Tower,0,0,126,0,126,0,0,235,0,235,0,0,361,0,361,224,0,224,585
11/03/2011,TIX,FL,ASO,ES,Federal Contract Tower,0,1,29,0,30,0,0,209,0,209,0,1,238,0,239,253,0,253,492
11/04/2011,TIX,FL,ASO,ES,Federal Contract Tower,0,0,23,0,23,0,0,150,0,150,0,0,173,0,173,193,0,193,366
11/05/2011,TIX,FL,ASO,ES,Federal Contract Tower,0,1,7,0,8,0,0,59,0,59,0,1,66,0,67,88,0,88,155
11/06/2011,TIX,FL,ASO,ES,Federal Contract Tower,0,0,10,0,10,0,0,43,0,43,0,0,53,0,53,34,0,34,87
11/07/2011,TIX,FL,ASO,ES,Federal Contract Tower,0,0,31,0,31,0,0,142,0,142,0,0,173,0,173,206,0,206,379
11/08/2011,TIX,FL,ASO,ES,Federal Contract Tower,0,1,50,0,51,0,0,182,0,182,0,1,232,0,233,226,0,226,459
11/09/2011,TIX,FL,ASO,ES,Federal Contract Tower,0,0,66,0,66,0,0,180,0,180,0,0,246,0,246,234,0,234,480
11/10/2011,TIX,FL,ASO,ES,Federal Contract Tower,0,0,60,0,60,0,0,215,0,215,0,0,275,0,275,251,0,251,526
11/11/2011,TIX,FL,ASO,ES,Federal Contract Tower,0,0,68,0,68,0,0,169,0,169,0,0,237,0,237,232,0,232,469
11/12/2011,TIX,FL,ASO,ES,Federal Contract Tower,0,2,29,0,31,0,0,134,0,134,0,2,163,0,165,174,0,174,339
11/13/2011,TIX,FL,ASO,ES,Federal Contract Tower,0,0,12,0,12,0,0,114,0,114,0,0,126,0,126,150,0,150,276
11/14/2011,TIX,FL,ASO,ES,Federal Contract Tower,0,0,36,0,36,0,0,170,0,170,0,0,206,0,206,258,0,258,464
11/15/2011,TIX,FL,ASO,ES,Federal Contract Tower,0,0,46,0,46,0,0,125,0,125,0,0,171,0,171,234,0,234,405
11/16/2011,TIX,FL,ASO,ES,Federal Contract Tower,0,0,32,0,32,0,0,157,0,157,0,0,189,0,189,278,0,278,467
11/17/2011,TIX,FL,ASO,ES,Federal Contract Tower,0,0,41,1,42,0,0,147,2,149,0,0,188,3,191,259,0,259,450
11/18/2011,TIX,FL,ASO,ES,Federal Contract Tower,0,0,30,0,30,0,0,129,0,129,0,0,159,0,159,174,0,174,333
11/19/2011,TIX,FL,ASO,ES,Federal Contract Tower,0,0,33,0,33,0,0,103,0,103,0,0,136,0,136,154,0,154,290
11/20/2011,TIX,FL,ASO,ES,Federal Contract Tower,0,2,28,0,30,0,0,108,0,108,0,2,136,0,138,200,0,200,338
11/21/2011,TIX,FL,ASO,ES,Federal Contract Tower,0,0,48,0,48,0,0,124,0,124,0,0,172,0,172,106,0,106,278
11/22/2011,TIX,FL,ASO,ES,Federal Contract Tower,0,1,27,0,28,0,0,183,0,183,0,1,210,0,211,256,0,256,467
11/23/2011,TIX,FL,ASO,ES,Federal Contract Tower,0,0,43,0,43,0,0,140,0,140,0,0,183,0,183,364,0,364,547
11/24/2011,TIX,FL,ASO,ES,Federal Contract Tower,0,0,6,0,6,0,0,20,0,20,0,0,26,0,26,12,0,12,38
11/25/2011,TIX,FL,ASO,ES,Federal Contract Tower,0,0,9,0,9,0,0,75,0,75,0,0,84,0,84,116,0,116,200
11/26/2011,TIX,FL,ASO,ES,Federal Contract Tower,0,0,12,0,12,0,0,88,0,88,0,0,100,0,100,102,0,102,202
11/27/2011,TIX,FL,ASO,ES,Federal Contract Tower,0,0,17,0,17,0,0,63,0,63,0,0,80,0,80,76,0,76,156
11/28/2011,TIX,FL,ASO,ES,Federal Contract Tower,0,0,13,2,15,0,0,86,0,86,0,0,99,2,101,116,0,116,217
11/29/2011,TIX,FL,ASO,ES,Federal Contract Tower,0,1,32,0,33,0,0,148,0,148,0,1,180,0,181,170,0,170,351
11/30/2011,TIX,FL,ASO,ES,Federal Contract Tower,0,3,34,0,37,0,0,234,0,234,0,3,268,0,271,160,0,160,431
12/01/2011,TIX,FL,ASO,ES,Federal Contract Tower,0,3,59,0,62,0,0,151,0,151,0,3,210,0,213,120,0,120,333
12/02/2011,TIX,FL,ASO,ES,Federal Contract Tower,0,0,54,0,54,0,0,181,0,181,0,0,235,0,235,226,0,226,461
12/03/2011,TIX,FL,ASO,ES,Federal Contract Tower,0,1,21,0,22,0,0,89,0,89,0,1,110,0,111,92,0,92,203
12/04/2011,TIX,FL,ASO,ES,Federal Contract Tower,0,0,10,0,10,0,0,77,0,77,0,0,87,0,87,68,0,68,155
12/05/2011,TIX,FL,ASO,ES,Federal Contract Tower,0,0,28,0,28,0,0,158,0,158,0,0,186,0,186,102,0,102,288
12/06/2011,TIX,FL,ASO,ES,Federal Contract Tower,0,1,21,0,22,0,0,139,0,139,0,1,160,0,161,246,0,246,407
12/07/2011,TIX,FL,ASO,ES,Federal Contract Tower,0,0,25,0,25,0,0,139,0,139,0,0,164,0,164,106,0,106,270
12/08/2011,TIX,FL,ASO,ES,Federal Contract Tower,0,0,38,0,38,0,0,185,0,185,0,0,223,0,223,278,0,278,501
12/09/2011,TIX,FL,ASO,ES,Federal Contract Tower,0,0,29,0,29,0,0,133,0,133,0,0,162,0,162,180,0,180,342
12/10/2011,TIX,FL,ASO,ES,Federal Contract Tower,0,0,19,0,19,0,0,42,0,42,0,0,61,0,61,46,0,46,107
12/11/2011,TIX,FL,ASO,ES,Federal Contract Tower,0,0,10,0,10,0,2,45,0,47,0,2,55,0,57,80,0,80,137
12/12/2011,TIX,FL,ASO,ES,Federal Contract Tower,0,2,28,0,30,0,0,52,0,52,0,2,80,0,82,154,0,154,236
12/13/2011,TIX,FL,ASO,ES,Federal Contract Tower,0,0,28,0,28,0,0,152,0,152,0,0,180,0,180,136,0,136,316
12/14/2011,TIX,FL,ASO,ES,Federal Contract Tower,0,0,20,0,20,0,0,157,0,157,0,0,177,0,177,134,0,134,311
12/15/2011,TIX,FL,ASO,ES,Federal Contract Tower,0,0,35,0,35,0,0,166,0,166,0,0,201,0,201,142,0,142,343
12/16/2011,TIX,FL,ASO,ES,Federal Contract Tower,0,0,18,0,18,0,0,113,0,113,0,0,131,0,131,211,0,211,342
12/17/2011,TIX,FL,ASO,ES,Federal Contract Tower,0,0,23,0,23,0,0,86,0,86,0,0,109,0,109,118,0,118,227
12/18/2011,TIX,FL,ASO,ES,Federal Contract Tower,0,0,13,0,13,0,0,52,0,52,0,0,65,0,65,44,0,44,109
12/19/2011,TIX,FL,ASO,ES,Federal Contract Tower,0,0,24,0,24,0,0,87,0,87,0,0,111,0,111,132,0,132,243
12/20/2011,TIX,FL,ASO,ES,Federal Contract Tower,0,0,27,0,27,0,0,105,0,105,0,0,132,0,132,116,0,116,248
12/21/2011,TIX,FL,ASO,ES,Federal Contract Tower,0,0,26,0,26,0,0,90,0,90,0,0,116,0,116,178,0,178,294
12/22/2011,TIX,FL,ASO,ES,Federal Contract Tower,0,1,14,0,15,0,1,70,0,71,0,2,84,0,86,114,0,114,200
12/23/2011,TIX,FL,ASO,ES,Federal Contract Tower,0,2,9,0,11,0,0,53,0,53,0,2,62,0,64,70,0,70,134
12/24/2011,TIX,FL,ASO,ES,Federal Contract Tower,0,1,5,0,6,0,0,16,0,16,0,1,21,0,22,40,0,40,62
12/25/2011,TIX,FL,ASO,ES,Federal Contract Tower,0,0,1,0,1,0,0,10,0,10,0,0,11,0,11,10,0,10,21
12/26/2011,TIX,FL,ASO,ES,Federal Contract Tower,0,0,7,0,7,0,0,35,0,35,0,0,42,0,42,68,0,68,110
12/27/2011,TIX,FL,ASO,ES,Federal Contract Tower,0,0,16,0,16,0,0,30,0,30,0,0,46,0,46,72,0,72,118
12/28/2011,TIX,FL,ASO,ES,Federal Contract Tower,0,0,41,0,41,0,0,64,0,64,0,0,105,0,105,132,0,132,237
12/29/2011,TIX,FL,ASO,ES,Federal Contract Tower,0,0,24,0,24,0,0,72,0,72,0,0,96,0,96,126,0,126,222
12/30/2011,TIX,FL,ASO,ES,Federal Contract Tower,0,2,33,0,35,0,0,93,0,93,0,2,126,0,128,99,0,99,227
12/31/2011,TIX,FL,ASO,ES,Federal Contract Tower,0,0,8,0,8,0,0,34,0,34,0,0,42,0,42,8,0,8,50
01/01/2012,TIX,FL,ASO,ES,Federal Contract Tower,0,0,3,0,3,0,0,29,0,29,0,0,32,0,32,18,0,18,50
01/02/2012,TIX,FL,ASO,ES,Federal Contract Tower,0,0,15,0,15,0,0,55,0,55,0,0,70,0,70,44,0,44,114
01/03/2012,TIX,FL,ASO,ES,Federal Contract Tower,0,0,25,0,25,0,0,66,0,66,0,0,91,0,91,28,0,28,119
01/04/2012,TIX,FL,ASO,ES,Federal Contract Tower,0,0,37,0,37,0,0,123,0,123,0,0,160,0,160,202,0,202,362
01/05/2012,TIX,FL,ASO,ES,Federal Contract Tower,0,0,43,0,43,0,0,128,0,128,0,0,171,0,171,102,0,102,273
01/06/2012,TIX,FL,ASO,ES,Federal Contract Tower,0,0,37,0,37,0,0,115,0,115,0,0,152,0,152,129,0,129,281
01/07/2012,TIX,FL,ASO,ES,Federal Contract Tower,0,2,37,0,39,0,0,66,0,66,0,2,103,0,105,82,0,82,187
01/08/2012,TIX,FL,ASO,ES,Federal Contract Tower,0,0,10,0,10,0,0,65,0,65,0,0,75,0,75,62,0,62,137
01/09/2012,TIX,FL,ASO,ES,Federal Contract Tower,0,0,41,0,41,0,0,111,0,111,0,0,152,0,152,108,0,108,260
01/10/2012,TIX,FL,ASO,ES,Federal Contract Tower,0,0,47,0,47,0,0,121,0,121,0,0,168,0,168,226,0,226,394
01/11/2012,TIX,FL,ASO,ES,Federal Contract Tower,0,0,20,0,20,0,0,140,0,140,0,0,160,0,160,118,0,118,278
01/12/2012,TIX,FL,ASO,ES,Federal Contract Tower,0,0,50,0,50,0,0,200,0,200,0,0,250,0,250,232,0,232,482
01/13/2012,TIX,FL,ASO,ES,Federal Contract Tower,0,1,47,0,48,0,0,198,0,198,0,1,245,0,246,224,0,224,470
01/14/2012,TIX,FL,ASO,ES,Federal Contract Tower,0,3,25,0,28,0,0,145,0,145,0,3,170,0,173,74,0,74,247
01/15/2012,TIX,FL,ASO,ES,Federal Contract Tower,0,0,7,0,7,0,0,69,0,69,0,0,76,0,76,54,0,54,130
01/16/2012,TIX,FL,ASO,ES,Federal Contract Tower,0,0,35,0,35,0,0,134,0,134,0,0,169,0,169,226,0,226,395
01/17/2012,TIX,FL,ASO,ES,Federal Contract Tower,0,0,36,0,36,0,0,191,0,191,0,0,227,0,227,238,0,238,465
01/18/2012,TIX,FL,ASO,ES,Federal Contract Tower,0,0,35,0,35,0,0,184,0,184,0,0,219,0,219,104,0,104,323
01/19/2012,TIX,FL,ASO,ES,Federal Contract Tower,0,0,20,0,20,0,0,104,0,104,0,0,124,0,124,126,0,126,250
01/20/2012,TIX,FL,ASO,ES,Federal Contract Tower,0,0,34,0,34,0,0,179,0,179,0,0,213,0,213,161,0,161,374
01/21/2012,TIX,FL,ASO,ES,Federal Contract Tower,0,0,26,0,26,0,0,66,0,66,0,0,92,0,92,80,0,80,172
01/22/2012,TIX,FL,ASO,ES,Federal Contract Tower,0,0,16,0,16,0,0,83,0,83,0,0,99,0,99,110,0,110,209
01/23/2012,TIX,FL,ASO,ES,Federal Contract Tower,0,0,29,0,29,0,0,161,0,161,0,0,190,0,190,206,0,206,396
01/24/2012,TIX,FL,ASO,ES,Federal Contract Tower,0,0,37,0,37,0,0,173,0,173,0,0,210,0,210,225,0,225,435
01/25/2012,TIX,FL,ASO,ES,Federal Contract Tower,0,0,35,0,35,0,0,156,0,156,0,0,191,0,191,176,0,176,367
01/26/2012,TIX,FL,ASO,ES,Federal Contract Tower,0,0,38,0,38,0,0,149,0,149,0,0,187,0,187,198,0,198,385
01/27/2012,TIX,FL,ASO,ES,Federal Contract Tower,0,2,27,0,29,0,0,31,0,31,0,2,58,0,60,33,0,33,93
01/28/2012,TIX,FL,ASO,ES,Federal Contract Tower,0,1,33,0,34,0,0,126,0,126,0,1,159,0,160,76,0,76,236
01/29/2012,TIX,FL,ASO,ES,Federal Contract Tower,0,0,28,0,28,0,0,85,0,85,0,0,113,0,113,126,0,126,239
01/30/2012,TIX,FL,ASO,ES,Federal Contract Tower,0,0,55,0,55,0,0,127,0,127,0,0,182,0,182,190,0,190,372
01/31/2012,TIX,FL,ASO,ES,Federal Contract Tower,0,0,47,0,47,0,0,148,0,148,0,0,195,0,195,292,0,292,487
02/01/2012,TIX,FL,ASO,ES,Federal Contract Tower,0,0,39,0,39,0,0,157,0,157,0,0,196,0,196,272,0,272,468
02/02/2012,TIX,FL,ASO,ES,Federal Contract Tower,0,0,49,0,49,0,0,167,0,167,0,0,216,0,216,340,0,340,556
02/03/2012,TIX,FL,ASO,ES,Federal Contract Tower,0,0,37,0,37,0,0,131,0,131,0,0,168,0,168,234,0,234,402
02/04/2012,TIX,FL,ASO,ES,Federal Contract Tower,0,0,29,0,29,0,0,90,0,90,0,0,119,0,119,100,0,100,219
02/05/2012,TIX,FL,ASO,ES,Federal Contract Tower,0,0,13,0,13,0,0,76,0,76,0,0,89,0,89,114,0,114,203
02/06/2012,TIX,FL,ASO,ES,Federal Contract Tower,0,1,55,0,56,0,0,132,0,132,0,1,187,0,188,160,0,160,348
02/07/2012,TIX,FL,ASO,ES,Federal Contract Tower,0,0,42,0,42,0,0,80,0,80,0,0,122,0,122,102,0,102,224
02/08/2012,TIX,FL,ASO,ES,Federal Contract Tower,0,0,59,0,59,0,0,187,0,187,0,0,246,0,246,214,0,214,460
02/09/2012,TIX,FL,ASO,ES,Federal Contract Tower,0,0,56,0,56,0,0,175,2,177,0,0,231,2,233,212,0,212,445
02/10/2012,TIX,FL,ASO,ES,Federal Contract Tower,0,0,51,0,51,0,0,150,0,150,0,0,201,0,201,154,0,154,355
02/11/2012,TIX,FL,ASO,ES,Federal Contract Tower,0,0,43,0,43,0,0,105,0,105,0,0,148,0,148,54,0,54,202
02/12/2012,TIX,FL,ASO,ES,Federal Contract Tower,0,0,34,0,34,0,0,73,0,73,0,0,107,0,107,52,0,52,159
02/13/2012,TIX,FL,ASO,ES,Federal Contract Tower,0,0,86,0,86,0,0,148,0,148,0,0,234,0,234,314,0,314,548
02/14/2012,TIX,FL,ASO,ES,Federal Contract Tower,0,0,56,0,56,0,0,159,0,159,0,0,215,0,215,166,0,166,381
02/15/2012,TIX,FL,ASO,ES,Federal Contract Tower,0,0,64,0,64,0,0,169,0,169,0,0,233,0,233,238,0,238,471
02/16/2012,TIX,FL,ASO,ES,Federal Contract Tower,0,0,52,0,52,0,0,192,0,192,0,0,244,0,244,194,0,194,438
02/17/2012,TIX,FL,ASO,ES,Federal Contract Tower,0,2,56,0,58,0,0,122,0,122,0,2,178,0,180,184,0,184,364
02/18/2012,TIX,FL,ASO,ES,Federal Contract Tower,0,1,62,0,63,0,0,74,0,74,0,1,136,0,137,32,0,32,169
02/19/2012,TIX,FL,ASO,ES,Federal Contract Tower,0,0,15,0,15,0,0,24,0,24,0,0,39,0,39,8,0,8,47
02/20/2012,TIX,FL,ASO,ES,Federal Contract Tower,0,0,40,0,40,0,0,140,0,140,0,0,180,0,180,202,0,202,382
02/21/2012,TIX,FL,ASO,ES,Federal Contract Tower,0,0,62,0,62,0,0,164,0,164,0,0,226,0,226,180,0,180,406
02/22/2012,TIX,FL,ASO,ES,Federal Contract Tower,0,0,50,0,50,0,0,156,0,156,0,0,206,0,206,110,0,110,316
02/23/2012,TIX,FL,ASO,ES,Federal Contract Tower,0,0,52,0,52,0,0,115,0,115,0,0,167,0,167,118,0,118,285
02/24/2012,TIX,FL,ASO,ES,Federal Contract Tower,0,2,51,0,53,0,0,108,0,108,0,2,159,0,161,86,0,86,247
02/25/2012,TIX,FL,ASO,ES,Federal Contract Tower,0,2,55,0,57,0,0,90,0,90,0,2,145,0,147,156,0,156,303
02/26/2012,TIX,FL,ASO,ES,Federal Contract Tower,0,2,23,0,25,0,0,65,0,65,0,2,88,0,90,22,0,22,112
02/27/2012,TIX,FL,ASO,ES,Federal Contract Tower,0,0,19,0,19,0,0,116,0,116,0,0,135,0,135,142,0,142,277
02/28/2012,TIX,FL,ASO,ES,Federal Contract Tower,0,2,61,0,63,0,0,130,0,130,0,2,191,0,193,198,0,198,391
02/29/2012,TIX,FL,ASO,ES,Federal Contract Tower,0,0,45,0,45,0,0,195,0,195,0,0,240,0,240,101,0,101,341
03/01/2012,TIX,FL,ASO,ES,Federal Contract Tower,0,3,79,0,82,0,0,205,0,205,0,3,284,0,287,212,0,212,499
03/02/2012,TIX,FL,ASO,ES,Federal Contract Tower,0,1,44,0,45,0,0,171,0,171,0,1,215,0,216,136,0,136,352
03/03/2012,TIX,FL,ASO,ES,Federal Contract Tower,0,1,14,0,15,0,0,57,0,57,0,1,71,0,72,44,0,44,116
03/04/2012,TIX,FL,ASO,ES,Federal Contract Tower,0,0,14,0,14,0,0,15,0,15,0,0,29,0,29,28,0,28,57
03/05/2012,TIX,FL,ASO,ES,Federal Contract Tower,0,0,46,0,46,0,0,193,0,193,0,0,239,0,239,208,0,208,447
03/06/2012,TIX,FL,ASO,ES,Federal Contract Tower,0,0,24,0,24,0,0,86,0,86,0,0,110,0,110,44,0,44,154
03/07/2012,TIX,FL,ASO,ES,Federal Contract Tower,0,2,41,0,43,0,0,157,0,157,0,2,198,0,200,44,0,44,244
03/08/2012,TIX,FL,ASO,ES,Federal Contract Tower,2,0,33,0,35,0,0,204,1,205,2,0,237,1,240,88,1,89,329
03/09/2012,TIX,FL,ASO,ES,Federal Contract Tower,0,0,9,2,11,0,0,108,0,108,0,0,117,2,119,34,0,34,153
03/10/2012,TIX,FL,ASO,ES,Federal Contract Tower,0,0,3,0,3,0,0,73,0,73,0,0,76,0,76,46,0,46,122
03/11/2012,TIX,FL,ASO,ES,Federal Contract Tower,0,0,7,0,7,0,0,6,0,6,0,0,13,0,13,32,0,32,45
03/12/2012,TIX,FL,ASO,ES,Federal Contract Tower,0,0,36,0,36,0,0,202,0,202,0,0,238,0,238,114,0,114,352
03/13/2012,TIX,FL,ASO,ES,Federal Contract Tower,0,0,35,0,35,0,0,213,0,213,0,0,248,0,248,344,0,344,592
03/14/2012,TIX,FL,ASO,ES,Federal Contract Tower,0,0,32,0,32,0,0,196,0,196,0,0,228,0,228,192,0,192,420
03/15/2012,TIX,FL,ASO,ES,Federal Contract Tower,0,0,42,0,42,0,0,169,0,169,0,0,211,0,211,174,0,174,385
03/16/2012,TIX,FL,ASO,ES,Federal Contract Tower,0,0,25,0,25,0,0,165,0,165,0,0,190,0,190,145,0,145,335
03/17/2012,TIX,FL,ASO,ES,Federal Contract Tower,0,2,18,0,20,0,0,97,0,97,0,2,115,0,117,137,0,137,254
03/18/2012,TIX,FL,ASO,ES,Federal Contract Tower,0,0,20,0,20,0,0,78,0,78,0,0,98,0,98,120,0,120,218
03/19/2012,TIX,FL,ASO,ES,Federal Contract Tower,0,0,28,0,28,0,0,128,0,128,0,0,156,0,156,136,0,136,292
03/20/2012,TIX,FL,ASO,ES,Federal Contract Tower,0,0,39,0,39,0,0,156,0,156,0,0,195,0,195,140,0,140,335
03/21/2012,TIX,FL,ASO,ES,Federal Contract Tower,0,0,31,2,33,0,0,120,0,120,0,0,151,2,153,140,0,140,293
03/22/2012,TIX,FL,ASO,ES,Federal Contract Tower,0,0,38,0,38,0,0,180,0,180,0,0,218,0,218,140,0,140,358
03/23/2012,TIX,FL,ASO,ES,Federal Contract Tower,0,0,22,1,23,0,0,149,0,149,0,0,171,1,172,141,0,141,313
03/24/2012,TIX,FL,ASO,ES,Federal Contract Tower,0,0,16,0,16,0,0,99,0,99,0,0,115,0,115,29,0,29,144
03/25/2012,TIX,FL,ASO,ES,Federal Contract Tower,0,1,12,0,13,0,0,42,0,42,0,1,54,0,55,24,0,24,79
03/26/2012,TIX,FL,ASO,ES,Federal Contract Tower,0,0,31,0,31,0,0,135,0,135,0,0,166,0,166,134,0,134,300
03/27/2012,TIX,FL,ASO,ES,Federal Contract Tower,0,0,29,0,29,0,0,164,0,164,0,0,193,0,193,242,0,242,435
03/28/2012,TIX,FL,ASO,ES,Federal Contract Tower,0,0,39,0,39,0,0,174,0,174,0,0,213,0,213,202,0,202,415
03/29/2012,TIX,FL,ASO,ES,Federal Contract Tower,0,2,39,0,41,0,0,146,0,146,0,2,185,0,187,52,0,52,239
03/30/2012,TIX,FL,ASO,ES,Federal Contract Tower,0,3,33,0,36,0,0,186,0,186,0,3,219,0,222,137,0,137,359
03/31/2012,TIX,FL,ASO,ES,Federal Contract Tower,0,1,12,0,13,0,0,59,0,59,0,1,71,0,72,68,0,68,140
04/01/2012,TIX,FL,ASO,ES,Federal Contract Tower,0,4,24,0,28,0,0,62,0,62,0,4,86,0,90,66,0,66,156
04/02/2012,TIX,FL,ASO,ES,Federal Contract Tower,0,0,23,0,23,0,0,133,0,133,0,0,156,0,156,88,0,88,244
04/03/2012,TIX,FL,ASO,ES,Federal Contract Tower,0,0,32,0,32,0,0,157,0,157,0,0,189,0,189,172,0,172,361
04/04/2012,TIX,FL,ASO,ES,Federal Contract Tower,0,0,37,0,37,0,0,146,0,146,0,0,183,0,183,152,0,152,335
04/05/2012,TIX,FL,ASO,ES,Federal Contract Tower,0,0,34,0,34,0,0,114,0,114,0,0,148,0,148,138,0,138,286
04/06/2012,TIX,FL,ASO,ES,Federal Contract Tower,0,0,24,0,24,0,0,58,0,58,0,0,82,0,82,42,0,42,124
04/07/2012,TIX,FL,ASO,ES,Federal Contract Tower,0,2,44,0,46,0,0,51,0,51,0,2,95,0,97,40,0,40,137
04/08/2012,TIX,FL,ASO,ES,Federal Contract Tower,0,0,7,0,7,0,0,53,0,53,0,0,60,0,60,36,0,36,96
04/09/2012,TIX,FL,ASO,ES,Federal Contract Tower,0,0,44,0,44,0,0,143,0,143,0,0,187,0,187,184,0,184,371
04/10/2012,TIX,FL,ASO,ES,Federal Contract Tower,0,2,40,0,42,0,0,171,0,171,0,2,211,0,213,140,0,140,353
04/11/2012,TIX,FL,ASO,ES,Federal Contract Tower,0,0,63,4,67,0,0,155,0,155,0,0,218,4,222,176,0,176,398
04/12/2012,TIX,FL,ASO,ES,Federal Contract Tower,0,0,35,0,35,0,0,137,0,137,0,0,172,0,172,168,0,168,340
04/13/2012,TIX,FL,ASO,ES,Federal Contract Tower,0,1,30,0,31,0,0,143,0,143,0,1,173,0,174,194,0,194,368
04/14/2012,TIX,FL,ASO,ES,Federal Contract Tower,0,4,24,0,28,0,0,47,2,49,0,4,71,2,77,28,2,30,107
04/15/2012,TIX,FL,ASO,ES,Federal Contract Tower,0,1,3,0,4,0,0,58,0,58,0,1,61,0,62,72,0,72,134
04/16/2012,TIX,FL,ASO,ES,Federal Contract Tower,0,0,5,0,5,0,0,103,0,103,0,0,108,0,108,150,0,150,258
04/17/2012,TIX,FL,ASO,ES,Federal Contract Tower,0,0,15,0,15,0,0,166,0,166,0,0,181,0,181,235,0,235,416
04/18/2012,TIX,FL,ASO,ES,Federal Contract Tower,0,0,24,0,24,0,0,158,0,158,0,0,182,0,182,176,0,176,358
04/19/2012,TIX,FL,ASO,ES,Federal Contract Tower,0,0,29,0,29,0,0,128,0,128,0,0,157,0,157,186,0,186,343
04/20/2012,TIX,FL,ASO,ES,Federal Contract Tower,0,1,22,0,23,0,0,81,0,81,0,1,103,0,104,59,0,59,163
04/21/2012,TIX,FL,ASO,ES,Federal Contract Tower,0,4,16,0,20,0,0,40,0,40,0,4,56,0,60,58,0,58,118
04/22/2012,TIX,FL,ASO,ES,Federal Contract Tower,0,0,11,0,11,0,0,29,0,29,0,0,40,0,40,68,0,68,108
04/23/2012,TIX,FL,ASO,ES,Federal Contract Tower,0,0,26,0,26,0,0,99,0,99,0,0,125,0,125,102,0,102,227
04/24/2012,TIX,FL,ASO,ES,Federal Contract Tower,0,0,40,3,43,0,0,168,0,168,0,0,208,3,211,178,0,178,389
04/25/2012,TIX,FL,ASO,ES,Federal Contract Tower,0,0,26,0,26,0,0,169,0,169,0,0,195,0,195,132,0,132,327
04/26/2012,TIX,FL,ASO,ES,Federal Contract Tower,0,0,31,1,32,0,0,162,0,162,0,0,193,1,194,174,0,174,368
04/27/2012,TIX,FL,ASO,ES,Federal Contract Tower,0,0,17,0,17,0,0,161,0,161,0,0,178,0,178,178,0,178,356
04/28/2012,TIX,FL,ASO,ES,Federal Contract Tower,0,2,11,0,13,0,0,82,0,82,0,2,93,0,95,76,0,76,171
04/29/2012,TIX,FL,ASO,ES,Federal Contract Tower,0,0,5,0,5,0,0,44,0,44,0,0,49,0,49,8,0,8,57
04/30/2012,TIX,FL,ASO,ES,Federal Contract Tower,0,0,30,0,30,0,0,125,0,125,0,0,155,0,155,168,0,168,323
05/01/2012,TIX,FL,ASO,ES,Federal Contract Tower,0,0,27,0,27,0,0,122,0,122,0,0,149,0,149,138,0,138,287
05/02/2012,TIX,FL,ASO,ES,Federal Contract Tower,0,0,32,0,32,0,0,171,0,171,0,0,203,0,203,234,0,234,437
05/03/2012,TIX,FL,ASO,ES,Federal Contract Tower,0,0,39,0,39,0,0,162,0,162,0,0,201,0,201,200,0,200,401
05/04/2012,TIX,FL,ASO,ES,Federal Contract Tower,0,0,24,0,24,0,0,157,0,157,0,0,181,0,181,126,0,126,307
05/05/2012,TIX,FL,ASO,ES,Federal Contract Tower,0,2,12,0,14,0,0,131,0,131,0,2,143,0,145,138,0,138,283
05/06/2012,TIX,FL,ASO,ES,Federal Contract Tower,0,0,10,0,10,0,0,65,0,65,0,0,75,0,75,114,0,114,189
05/07/2012,TIX,FL,ASO,ES,Federal Contract Tower,0,0,16,0,16,0,0,56,0,56,0,0,72,0,72,24,0,24,96
05/08/2012,TIX,FL,ASO,ES,Federal Contract Tower,0,0,28,0,28,0,0,110,0,110,0,0,138,0,138,182,0,182,320
05/09/2012,TIX,FL,ASO,ES,Federal Contract Tower,0,0,48,0,48,0,0,133,0,133,0,0,181,0,181,136,0,136,317
05/10/2012,TIX,FL,ASO,ES,Federal Contract Tower,0,0,68,0,68,0,0,195,0,195,0,0,263,0,263,231,0,231,494
05/11/2012,TIX,FL,ASO,ES,Federal Contract Tower,0,0,33,0,33,0,0,156,0,156,0,0,189,0,189,126,0,126,315
05/12/2012,TIX,FL,ASO,ES,Federal Contract Tower,0,2,19,0,21,0,0,93,0,93,0,2,112,0,114,85,0,85,199
05/13/2012,TIX,FL,ASO,ES,Federal Contract Tower,0,0,26,0,26,0,0,57,0,57,0,0,83,0,83,56,0,56,139
05/14/2012,TIX,FL,ASO,ES,Federal Contract Tower,0,1,22,0,23,0,0,163,0,163,0,1,185,0,186,90,0,90,276
05/15/2012,TIX,FL,ASO,ES,Federal Contract Tower,0,0,32,0,32,0,0,153,0,153,0,0,185,0,185,162,0,162,347
05/16/2012,TIX,FL,ASO,ES,Federal Contract Tower,0,0,42,0,42,0,0,179,0,179,0,0,221,0,221,194,0,194,415
05/17/2012,TIX,FL,ASO,ES,Federal Contract Tower,0,0,30,8,38,0,0,160,0,160,0,0,190,8,198,164,4,168,366
05/18/2012,TIX,FL,ASO,ES,Federal Contract Tower,0,1,47,0,48,0,0,161,0,161,0,1,208,0,209,126,0,126,335
05/19/2012,TIX,FL,ASO,ES,Federal Contract Tower,0,4,13,0,17,0,0,100,0,100,0,4,113,0,117,64,0,64,181
05/20/2012,TIX,FL,ASO,ES,Federal Contract Tower,0,0,12,0,12,0,0,78,0,78,0,0,90,0,90,92,0,92,182
05/21/2012,TIX,FL,ASO,ES,Federal Contract Tower,0,0,41,0,41,0,0,117,0,117,0,0,158,0,158,186,0,186,344
05/22/2012,TIX,FL,ASO,ES,Federal Contract Tower,0,0,48,0,48,0,0,164,0,164,0,0,212,0,212,182,0,182,394
05/23/2012,TIX,FL,ASO,ES,Federal Contract Tower,0,0,33,0,33,0,0,157,0,157,0,0,190,0,190,176,0,176,366
05/24/2012,TIX,FL,ASO,ES,Federal Contract Tower,0,2,26,0,28,0,0,125,0,125,0,2,151,0,153,66,0,66,219
05/25/2012,TIX,FL,ASO,ES,Federal Contract Tower,0,0,21,0,21,0,0,146,0,146,0,0,167,0,167,154,0,154,321
05/26/2012,TIX,FL,ASO,ES,Federal Contract Tower,0,0,23,0,23,0,0,116,0,116,0,0,139,0,139,86,0,86,225
05/27/2012,TIX,FL,ASO,ES,Federal Contract Tower,0,1,18,0,19,0,0,34,0,34,0,1,52,0,53,8,0,8,61
05/28/2012,TIX,FL,ASO,ES,Federal Contract Tower,0,0,15,0,15,0,0,44,0,44,0,0,59,0,59,48,0,48,107
05/29/2012,TIX,FL,ASO,ES,Federal Contract Tower,0,0,21,0,21,0,0,121,0,121,0,0,142,0,142,82,0,82,224
05/30/2012,TIX,FL,ASO,ES,Federal Contract Tower,0,0,44,12,56,0,0,162,2,164,0,0,206,14,220,212,2,214,434
05/31/2012,TIX,FL,ASO,ES,Federal Contract Tower,0,1,50,9,60,0,0,138,0,138,0,1,188,9,198,136,0,136,334
06/01/2012,TIX,FL,ASO,ES,Federal Contract Tower,0,1,42,0,43,0,0,79,0,79,0,1,121,0,122,106,0,106,228
06/02/2012,TIX,FL,ASO,ES,Federal Contract Tower,0,1,46,0,47,0,0,113,0,113,0,1,159,0,160,132,0,132,292
06/03/2012,TIX,FL,ASO,ES,Federal Contract Tower,0,0,27,0,27,0,0,90,0,90,0,0,117,0,117,106,0,106,223
06/04/2012,TIX,FL,ASO,ES,Federal Contract Tower,0,0,63,0,63,0,0,134,0,134,0,0,197,0,197,148,0,148,345
06/05/2012,TIX,FL,ASO,ES,Federal Contract Tower,0,0,48,0,48,0,0,93,0,93,0,0,141,0,141,224,0,224,365
06/06/2012,TIX,FL,ASO,ES,Federal Contract Tower,0,0,27,0,27,0,0,77,0,77,0,0,104,0,104,144,0,144,248
06/07/2012,TIX,FL,ASO,ES,Federal Contract Tower,0,0,15,0,15,0,0,46,0,46,0,0,61,0,61,158,4,162,223
06/08/2012,TIX,FL,ASO,ES,Federal Contract Tower,0,0,27,0,27,0,0,95,0,95,0,0,122,0,122,199,0,199,321
06/09/2012,TIX,FL,ASO,ES,Federal Contract Tower,0,0,21,0,21,0,0,119,0,119,0,0,140,0,140,45,0,45,185
06/10/2012,TIX,FL,ASO,ES,Federal Contract Tower,0,2,15,0,17,0,0,58,0,58,0,2,73,0,75,44,0,44,119
06/11/2012,TIX,FL,ASO,ES,Federal Contract Tower,0,0,31,0,31,0,0,130,1,131,0,0,161,1,162,248,0,248,410
06/12/2012,TIX,FL,ASO,ES,Federal Contract Tower,0,0,24,0,24,0,0,158,0,158,0,0,182,0,182,206,0,206,388
06/13/2012,TIX,FL,ASO,ES,Federal Contract Tower,0,2,25,8,35,0,0,126,0,126,0,2,151,8,161,128,0,128,289
06/14/2012,TIX,FL,ASO,ES,Federal Contract Tower,0,0,28,0,28,0,0,105,0,105,0,0,133,0,133,180,0,180,313
06/15/2012,TIX,FL,ASO,ES,Federal Contract Tower,0,4,34,2,40,0,0,178,0,178,0,4,212,2,218,176,0,176,394
06/16/2012,TIX,FL,ASO,ES,Federal Contract Tower,0,10,19,0,29,0,0,91,0,91,0,10,110,0,120,64,0,64,184
06/17/2012,TIX,FL,ASO,ES,Federal Contract Tower,0,0,7,0,7,0,0,69,0,69,0,0,76,0,76,108,0,108,184
06/18/2012,TIX,FL,ASO,ES,Federal Contract Tower,0,0,36,0,36,0,0,134,0,134,0,0,170,0,170,92,0,92,262
06/19/2012,TIX,FL,ASO,ES,Federal Contract Tower,0,2,24,0,26,0,0,173,0,173,0,2,197,0,199,190,0,190,389
06/20/2012,TIX,FL,ASO,ES,Federal Contract Tower,0,4,37,0,41,0,0,76,0,76,0,4,113,0,117,50,0,50,167
06/21/2012,TIX,FL,ASO,ES,Federal Contract Tower,0,0,33,0,33,0,0,190,0,190,0,0,223,0,223,308,0,308,531
06/22/2012,TIX,FL,ASO,ES,Federal Contract Tower,0,1,9,0,10,0,0,97,0,97,0,1,106,0,107,262,0,262,369
06/23/2012,TIX,FL,ASO,ES,Federal Contract Tower,0,4,24,0,28,0,0,145,2,147,0,4,169,2,175,154,0,154,329
06/24/2012,TIX,FL,ASO,ES,Federal Contract Tower,0,0,9,0,9,0,0,14,0,14,0,0,23,0,23,24,0,24,47
06/25/2012,TIX,FL,ASO,ES,Federal Contract Tower,0,0,2,0,2,0,0,15,0,15,0,0,17,0,17,8,0,8,25
06/26/2012,TIX,FL,ASO,ES,Federal Contract Tower,0,0,6,0,6,0,0,23,0,23,0,0,29,0,29,8,0,8,37
06/27/2012,TIX,FL,ASO,ES,Federal Contract Tower,0,0,30,0,30,0,0,63,0,63,0,0,93,0,93,90,0,90,183
06/28/2012,TIX,FL,ASO,ES,Federal Contract Tower,0,0,44,0,44,0,0,198,0,198,0,0,242,0,242,190,0,190,432
06/29/2012,TIX,FL,ASO,ES,Federal Contract Tower,0,0,31,0,31,0,0,211,0,211,0,0,242,0,242,266,0,266,508
06/30/2012,TIX,FL,ASO,ES,Federal Contract Tower,0,0,20,0,20,0,0,161,0,161,0,0,181,0,181,78,0,78,259
07/01/2012,TIX,FL,ASO,ES,Federal Contract Tower,0,0,21,0,21,0,0,97,0,97,0,0,118,0,118,44,0,44,162
07/02/2012,TIX,FL,ASO,ES,Federal Contract Tower,0,0,30,1,31,0,0,135,0,135,0,0,165,1,166,196,2,198,364
07/03/2012,TIX,FL,ASO,ES,Federal Contract Tower,0,0,23,0,23,0,0,158,0,158,0,0,181,0,181,214,0,214,395
07/04/2012,TIX,FL,ASO,ES,Federal Contract Tower,0,0,6,0,6,0,0,21,0,21,0,0,27,0,27,36,0,36,63
07/05/2012,TIX,FL,ASO,ES,Federal Contract Tower,0,0,29,0,29,0,0,174,0,174,0,0,203,0,203,196,0,196,399
07/06/2012,TIX,FL,ASO,ES,Federal Contract Tower,0,0,28,0,28,0,0,211,0,211,0,0,239,0,239,152,0,152,391
07/07/2012,TIX,FL,ASO,ES,Federal Contract Tower,0,0,28,0,28,0,0,124,0,124,0,0,152,0,152,146,0,146,298
07/08/2012,TIX,FL,ASO,ES,Federal Contract Tower,0,0,22,0,22,0,0,69,0,69,0,0,91,0,91,68,0,68,159
07/09/2012,TIX,FL,ASO,ES,Federal Contract Tower,0,0,22,0,22,0,0,127,0,127,0,0,149,0,149,104,0,104,253
07/10/2012,TIX,FL,ASO,ES,Federal Contract Tower,0,0,14,0,14,0,0,139,0,139,0,0,153,0,153,174,0,174,327
07/11/2012,TIX,FL,ASO,ES,Federal Contract Tower,0,0,29,2,31,0,0,55,0,55,0,0,84,2,86,82,0,82,168
07/12/2012,TIX,FL,ASO,ES,Federal Contract Tower,0,0,32,0,32,0,0,144,0,144,0,0,176,0,176,136,0,136,312
07/13/2012,TIX,FL,ASO,ES,Federal Contract Tower,0,3,28,0,31,0,0,167,0,167,0,3,195,0,198,228,4,232,430
07/14/2012,TIX,FL,ASO,ES,Federal Contract Tower,0,4,18,0,22,0,0,158,0,158,0,4,176,0,180,85,0,85,265
07/15/2012,TIX,FL,ASO,ES,Federal Contract Tower,0,0,22,0,22,0,0,54,0,54,0,0,76,0,76,82,0,82,158
07/16/2012,TIX,FL,ASO,ES,Federal Contract Tower,0,1,35,0,36,0,0,57,0,57,0,1,92,0,93,74,0,74,167
07/17/2012,TIX,FL,ASO,ES,Federal Contract Tower,0,2,31,0,33,0,0,75,0,75,0,2,106,0,108,108,0,108,216
07/18/2012,TIX,FL,ASO,ES,Federal Contract Tower,0,2,40,1,43,0,0,131,0,131,0,2,171,1,174,190,0,190,364
07/19/2012,TIX,FL,ASO,ES,Federal Contract Tower,0,0,25,0,25,0,0,175,0,175,0,0,200,0,200,204,0,204,404
07/20/2012,TIX,FL,ASO,ES,Federal Contract Tower,0,2,25,0,27,0,0,115,0,115,0,2,140,0,142,196,0,196,338
07/21/2012,TIX,FL,ASO,ES,Federal Contract Tower,0,1,12,0,13,0,0,95,0,95,0,1,107,0,108,58,0,58,166
07/22/2012,TIX,FL,ASO,ES,Federal Contract Tower,0,0,8,0,8,0,0,60,0,60,0,0,68,0,68,84,0,84,152
07/23/2012,TIX,FL,ASO,ES,Federal Contract Tower,0,2,5,0,7,0,0,46,0,46,0,2,51,0,53,44,0,44,97
07/24/2012,TIX,FL,ASO,ES,Federal Contract Tower,0,0,28,0,28,0,0,139,0,139,0,0,167,0,167,134,0,134,301
07/25/2012,TIX,FL,ASO,ES,Federal Contract Tower,0,0,36,1,37,0,0,132,1,133,0,0,168,2,170,86,0,86,256
07/26/2012,TIX,FL,ASO,ES,Federal Contract Tower,0,0,47,0,47,0,0,127,0,127,0,0,174,0,174,164,0,164,338
07/27/2012,TIX,FL,ASO,ES,Federal Contract Tower,0,1,35,0,36,0,0,157,0,157,0,1,192,0,193,98,0,98,291
07/28/2012,TIX,FL,ASO,ES,Federal Contract Tower,0,6,14,0,20,0,0,110,0,110,0,6,124,0,130,144,0,144,274
07/29/2012,TIX,FL,ASO,ES,Federal Contract Tower,0,1,25,0,26,0,0,75,0,75,0,1,100,0,101,100,0,100,201
07/30/2012,TIX,FL,ASO,ES,Federal Contract Tower,0,0,18,0,18,0,0,86,0,86,0,0,104,0,104,140,0,140,244
07/31/2012,TIX,FL,ASO,ES,Federal Contract Tower,0,0,49,0,49,0,0,108,0,108,0,0,157,0,157,168,0,168,325
08/01/2012,TIX,FL,ASO,ES,Federal Contract Tower,0,0,38,0,38,0,0,107,0,107,0,0,145,0,145,62,0,62,207
08/02/2012,TIX,FL,ASO,ES,Federal Contract Tower,0,0,14,3,17,0,0,78,0,78,0,0,92,3,95,70,6,76,171
08/03/2012,TIX,FL,ASO,ES,Federal Contract Tower,0,1,27,0,28,0,0,120,0,120,0,1,147,0,148,85,0,85,233
08/04/2012,TIX,FL,ASO,ES,Federal Contract Tower,0,1,49,0,50,0,0,108,0,108,0,1,157,0,158,100,0,100,258
08/05/2012,TIX,FL,ASO,ES,Federal Contract Tower,0,2,15,0,17,0,0,37,0,37,0,2,52,0,54,122,0,122,176
08/06/2012,TIX,FL,ASO,ES,Federal Contract Tower,0,0,17,0,17,0,0,111,0,111,0,0,128,0,128,172,0,172,300
08/07/2012,TIX,FL,ASO,ES,Federal Contract Tower,0,0,15,0,15,0,0,105,0,105,0,0,120,0,120,130,0,130,250
08/08/2012,TIX,FL,ASO,ES,Federal Contract Tower,0,2,19,0,21,0,0,130,0,130,0,2,149,0,151,207,0,207,358
08/09/2012,TIX,FL,ASO,ES,Federal Contract Tower,0,1,28,0,29,0,0,123,0,123,0,1,151,0,152,174,0,174,326
08/10/2012,TIX,FL,ASO,ES,Federal Contract Tower,0,4,23,0,27,0,0,127,0,127,0,4,150,0,154,140,0,140,294
08/11/2012,TIX,FL,ASO,ES,Federal Contract Tower,0,0,11,0,11,0,0,98,0,98,0,0,109,0,109,56,0,56,165
08/12/2012,TIX,FL,ASO,ES,Federal Contract Tower,0,0,19,0,19,0,0,55,0,55,0,0,74,0,74,114,0,114,188
08/13/2012,TIX,FL,ASO,ES,Federal Contract Tower,0,2,26,1,29,0,0,83,0,83,0,2,109,1,112,184,0,184,296
08/14/2012,TIX,FL,ASO,ES,Federal Contract Tower,0,4,42,1,47,0,0,103,0,103,0,4,145,1,150,128,0,128,278
08/15/2012,TIX,FL,ASO,ES,Federal Contract Tower,0,4,38,0,42,0,0,139,0,139,0,4,177,0,181,172,0,172,353
08/16/2012,TIX,FL,ASO,ES,Federal Contract Tower,0,1,19,0,20,0,0,116,0,116,0,1,135,0,136,134,0,134,270
08/17/2012,TIX,FL,ASO,ES,Federal Contract Tower,0,0,24,0,24,0,0,116,0,116,0,0,140,0,140,122,0,122,262
08/18/2012,TIX,FL,ASO,ES,Federal Contract Tower,0,1,7,0,8,0,0,51,0,51,0,1,58,0,59,83,0,83,142
08/19/2012,TIX,FL,ASO,ES,Federal Contract Tower,0,1,17,0,18,0,0,66,0,66,0,1,83,0,84,110,0,110,194
08/20/2012,TIX,FL,ASO,ES,Federal Contract Tower,0,0,14,1,15,0,0,99,1,100,0,0,113,2,115,138,0,138,253
08/21/2012,TIX,FL,ASO,ES,Federal Contract Tower,0,0,5,0,5,0,0,88,0,88,0,0,93,0,93,116,0,116,209
08/22/2012,TIX,FL,ASO,ES,Federal Contract Tower,0,0,35,0,35,0,0,129,0,129,0,0,164,0,164,199,0,199,363
08/23/2012,TIX,FL,ASO,ES,Federal Contract Tower,0,0,40,0,40,0,0,164,0,164,0,0,204,0,204,142,0,142,346
08/24/2012,TIX,FL,ASO,ES,Federal Contract Tower,0,0,37,0,37,0,0,133,0,133,0,0,170,0,170,129,0,129,299
08/25/2012,TIX,FL,ASO,ES,Federal Contract Tower,0,0,16,0,16,0,0,54,0,54,0,0,70,0,70,74,0,74,144
08/26/2012,TIX,FL,ASO,ES,Federal Contract Tower,0,0,4,0,4,0,0,14,0,14,0,0,18,0,18,38,0,38,56
08/27/2012,TIX,FL,ASO,ES,Federal Contract Tower,0,0,0,0,0,0,0,0,0,0,0,0,0,0,0,0,0,0,0
08/28/2012,TIX,FL,ASO,ES,Federal Contract Tower,0,0,9,0,9,0,0,81,0,81,0,0,90,0,90,124,0,124,214
08/29/2012,TIX,FL,ASO,ES,Federal Contract Tower,0,1,27,0,28,0,0,153,0,153,0,1,180,0,181,226,0,226,407
08/30/2012,TIX,FL,ASO,ES,Federal Contract Tower,0,0,20,0,20,0,0,168,0,168,0,0,188,0,188,282,0,282,470
08/31/2012,TIX,FL,ASO,ES,Federal Contract Tower,0,0,20,0,20,0,0,139,0,139,0,0,159,0,159,141,0,141,300
09/01/2012,TIX,FL,ASO,ES,Federal Contract Tower,0,3,15,0,18,0,0,104,0,104,0,3,119,0,122,130,0,130,252
09/02/2012,TIX,FL,ASO,ES,Federal Contract Tower,0,2,3,0,5,0,0,55,0,55,0,2,58,0,60,176,0,176,236
09/03/2012,TIX,FL,ASO,ES,Federal Contract Tower,0,0,11,0,11,0,0,79,0,79,0,0,90,0,90,166,0,166,256
09/04/2012,TIX,FL,ASO,ES,Federal Contract Tower,0,0,8,0,8,0,0,112,0,112,0,0,120,0,120,130,0,130,250
09/05/2012,TIX,FL,ASO,ES,Federal Contract Tower,0,0,14,0,14,0,0,123,0,123,0,0,137,0,137,220,0,220,357
09/06/2012,TIX,FL,ASO,ES,Federal Contract Tower,0,0,13,0,13,0,0,106,0,106,0,0,119,0,119,140,0,140,259
09/07/2012,TIX,FL,ASO,ES,Federal Contract Tower,0,0,0,0,0,0,0,50,0,50,0,0,50,0,50,60,0,60,110
09/08/2012,TIX,FL,ASO,ES,Federal Contract Tower,0,0,2,0,2,0,0,107,0,107,0,0,109,0,109,132,0,132,241
09/09/2012,TIX,FL,ASO,ES,Federal Contract Tower,0,0,6,0,6,0,0,11,0,11,0,0,17,0,17,62,0,62,79
09/10/2012,TIX,FL,ASO,ES,Federal Contract Tower,0,0,31,0,31,0,0,124,0,124,0,0,155,0,155,118,0,118,273
09/11/2012,TIX,FL,ASO,ES,Federal Contract Tower,0,0,27,0,27,0,0,169,0,169,0,0,196,0,196,190,0,190,386
09/12/2012,TIX,FL,ASO,ES,Federal Contract Tower,0,0,31,0,31,0,0,133,0,133,0,0,164,0,164,98,0,98,262
09/13/2012,TIX,FL,ASO,ES,Federal Contract Tower,0,0,36,0,36,0,0,126,0,126,0,0,162,0,162,144,0,144,306
09/14/2012,TIX,FL,ASO,ES,Federal Contract Tower,0,0,23,0,23,0,0,142,0,142,0,0,165,0,165,219,0,219,384
09/15/2012,TIX,FL,ASO,ES,Federal Contract Tower,0,0,11,0,11,0,0,78,0,78,0,0,89,0,89,118,0,118,207
09/16/2012,TIX,FL,ASO,ES,Federal Contract Tower,0,0,19,0,19,0,0,61,0,61,0,0,80,0,80,90,0,90,170
09/17/2012,TIX,FL,ASO,ES,Federal Contract Tower,0,0,31,0,31,0,0,139,0,139,0,0,170,0,170,116,0,116,286
09/18/2012,TIX,FL,ASO,ES,Federal Contract Tower,0,0,6,0,6,0,0,88,0,88,0,0,94,0,94,86,0,86,180
09/19/2012,TIX,FL,ASO,ES,Federal Contract Tower,0,1,28,1,30,0,0,82,1,83,0,1,110,2,113,76,0,76,189
09/20/2012,TIX,FL,ASO,ES,Federal Contract Tower,0,0,23,0,23,0,0,125,0,125,0,0,148,0,148,178,0,178,326
09/21/2012,TIX,FL,ASO,ES,Federal Contract Tower,0,0,27,0,27,0,0,97,0,97,0,0,124,0,124,120,0,120,244
09/22/2012,TIX,FL,ASO,ES,Federal Contract Tower,0,1,22,0,23,0,0,68,0,68,0,1,90,0,91,252,0,252,343
09/23/2012,TIX,FL,ASO,ES,Federal Contract Tower,0,0,11,0,11,0,0,75,0,75,0,0,86,0,86,116,0,116,202
09/24/2012,TIX,FL,ASO,ES,Federal Contract Tower,0,2,43,0,45,0,0,156,0,156,0,2,199,0,201,274,0,274,475
09/25/2012,TIX,FL,ASO,ES,Federal Contract Tower,0,0,39,2,41,0,0,147,0,147,0,0,186,2,188,112,0,112,300
09/26/2012,TIX,FL,ASO,ES,Federal Contract Tower,0,0,25,0,25,0,0,150,0,150,0,0,175,0,175,168,0,168,343
09/27/2012,TIX,FL,ASO,ES,Federal Contract Tower,0,0,29,0,29,0,0,129,0,129,0,0,158,0,158,202,0,202,360
09/28/2012,TIX,FL,ASO,ES,Federal Contract Tower,0,0,32,0,32,0,0,133,0,133,0,0,165,0,165,184,0,184,349
09/29/2012,TIX,FL,ASO,ES,Federal Contract Tower,0,2,19,0,21,0,0,106,0,106,0,2,125,0,127,174,0,174,301
09/30/2012,TIX,FL,ASO,ES,Federal Contract Tower,0,0,9,0,9,0,0,44,0,44,0,0,53,0,53,68,0,68,121
10/01/2012,TIX,FL,ASO,ES,Federal Contract Tower,0,0,18,0,18,0,0,82,0,82,0,0,100,0,100,112,0,112,212
10/02/2012,TIX,FL,ASO,ES,Federal Contract Tower,0,2,11,0,13,0,0,81,0,81,0,2,92,0,94,102,0,102,196
10/03/2012,TIX,FL,ASO,ES,Federal Contract Tower,0,0,16,0,16,0,0,120,0,120,0,0,136,0,136,246,0,246,382
10/04/2012,TIX,FL,ASO,ES,Federal Contract Tower,0,1,18,0,19,0,0,183,0,183,0,1,201,0,202,194,0,194,396
10/05/2012,TIX,FL,ASO,ES,Federal Contract Tower,0,0,24,0,24,0,0,106,2,108,0,0,130,2,132,78,0,78,210
10/06/2012,TIX,FL,ASO,ES,Federal Contract Tower,0,2,11,0,13,0,0,76,0,76,0,2,87,0,89,46,0,46,135
10/07/2012,TIX,FL,ASO,ES,Federal Contract Tower,0,1,17,0,18,0,0,87,0,87,0,1,104,0,105,86,0,86,191
10/08/2012,TIX,FL,ASO,ES,Federal Contract Tower,0,0,33,0,33,0,0,112,0,112,0,0,145,0,145,176,0,176,321
10/09/2012,TIX,FL,ASO,ES,Federal Contract Tower,0,0,36,0,36,0,0,154,0,154,0,0,190,0,190,202,0,202,392
10/10/2012,TIX,FL,ASO,ES,Federal Contract Tower,0,0,38,0,38,0,0,160,0,160,0,0,198,0,198,348,0,348,546
10/11/2012,TIX,FL,ASO,ES,Federal Contract Tower,0,0,35,1,36,0,0,176,1,177,0,0,211,2,213,305,0,305,518
10/12/2012,TIX,FL,ASO,ES,Federal Contract Tower,0,0,18,0,18,0,0,138,0,138,0,0,156,0,156,208,0,208,364
10/13/2012,TIX,FL,ASO,ES,Federal Contract Tower,0,0,20,0,20,0,0,100,0,100,0,0,120,0,120,83,0,83,203
10/14/2012,TIX,FL,ASO,ES,Federal Contract Tower,0,0,16,0,16,0,0,75,0,75,0,0,91,0,91,116,0,116,207
10/15/2012,TIX,FL,ASO,ES,Federal Contract Tower,0,0,17,0,17,0,0,114,0,114,0,0,131,0,131,132,0,132,263
10/16/2012,TIX,FL,ASO,ES,Federal Contract Tower,0,0,43,0,43,0,0,179,0,179,0,0,222,0,222,118,0,118,340
10/17/2012,TIX,FL,ASO,ES,Federal Contract Tower,0,0,34,0,34,0,0,162,0,162,0,0,196,0,196,132,0,132,328
10/18/2012,TIX,FL,ASO,ES,Federal Contract Tower,0,4,18,0,22,0,0,184,0,184,0,4,202,0,206,148,0,148,354
10/19/2012,TIX,FL,ASO,ES,Federal Contract Tower,0,0,25,0,25,0,0,205,0,205,0,0,230,0,230,136,0,136,366
10/20/2012,TIX,FL,ASO,ES,Federal Contract Tower,0,0,17,0,17,0,0,91,0,91,0,0,108,0,108,136,0,136,244
10/21/2012,TIX,FL,ASO,ES,Federal Contract Tower,0,2,26,0,28,0,0,79,0,79,0,2,105,0,107,128,0,128,235
10/22/2012,TIX,FL,ASO,ES,Federal Contract Tower,0,0,32,2,34,0,0,126,0,126,0,0,158,2,160,146,0,146,306
10/23/2012,TIX,FL,ASO,ES,Federal Contract Tower,0,0,37,0,37,0,0,153,0,153,0,0,190,0,190,140,0,140,330
10/24/2012,TIX,FL,ASO,ES,Federal Contract Tower,0,1,56,0,57,0,0,147,0,147,0,1,203,0,204,166,0,166,370
10/25/2012,TIX,FL,ASO,ES,Federal Contract Tower,0,0,11,0,11,0,0,74,0,74,0,0,85,0,85,72,0,72,157
10/26/2012,TIX,FL,ASO,ES,Federal Contract Tower,0,0,1,0,1,0,0,2,0,2,0,0,3,0,3,0,0,0,3
10/27/2012,TIX,FL,ASO,ES,Federal Contract Tower,0,0,3,0,3,0,0,1,0,1,0,0,4,0,4,0,0,0,4
10/28/2012,TIX,FL,ASO,ES,Federal Contract Tower,0,0,4,0,4,0,0,44,0,44,0,0,48,0,48,68,0,68,116
10/29/2012,TIX,FL,ASO,ES,Federal Contract Tower,0,0,31,0,31,0,0,62,0,62,0,0,93,0,93,92,0,92,185
10/30/2012,TIX,FL,ASO,ES,Federal Contract Tower,0,0,33,0,33,0,0,130,0,130,0,0,163,0,163,146,0,146,309
10/31/2012,TIX,FL,ASO,ES,Federal Contract Tower,0,0,65,0,65,0,0,161,0,161,0,0,226,0,226,224,0,224,450
11/01/2012,TIX,FL,ASO,ES,Federal Contract Tower,0,0,40,0,40,0,0,176,0,176,0,0,216,0,216,108,0,108,324
11/02/2012,TIX,FL,ASO,ES,Federal Contract Tower,0,1,32,0,33,0,0,203,0,203,0,1,235,0,236,169,0,169,405
11/03/2012,TIX,FL,ASO,ES,Federal Contract Tower,0,1,17,0,18,0,0,140,0,140,0,1,157,0,158,122,0,122,280
11/04/2012,TIX,FL,ASO,ES,Federal Contract Tower,0,0,10,0,10,0,0,79,0,79,0,0,89,0,89,186,0,186,275
11/05/2012,TIX,FL,ASO,ES,Federal Contract Tower,0,0,34,0,34,0,0,108,0,108,0,0,142,0,142,166,0,166,308
11/06/2012,TIX,FL,ASO,ES,Federal Contract Tower,0,0,32,1,33,0,0,127,1,128,0,0,159,2,161,226,0,226,387
11/07/2012,TIX,FL,ASO,ES,Federal Contract Tower,0,0,32,0,32,0,0,139,0,139,0,0,171,0,171,164,0,164,335
11/08/2012,TIX,FL,ASO,ES,Federal Contract Tower,0,0,38,0,38,0,0,148,0,148,0,0,186,0,186,156,0,156,342
11/09/2012,TIX,FL,ASO,ES,Federal Contract Tower,0,0,36,0,36,0,0,156,0,156,0,0,192,0,192,186,0,186,378
11/10/2012,TIX,FL,ASO,ES,Federal Contract Tower,0,1,21,0,22,0,0,175,0,175,0,1,196,0,197,60,0,60,257
11/11/2012,TIX,FL,ASO,ES,Federal Contract Tower,0,0,9,0,9,0,0,82,0,82,0,0,91,0,91,118,0,118,209
11/12/2012,TIX,FL,ASO,ES,Federal Contract Tower,0,0,33,0,33,0,0,108,0,108,0,0,141,0,141,260,0,260,401
11/13/2012,TIX,FL,ASO,ES,Federal Contract Tower,0,0,50,1,51,0,0,178,1,179,0,0,228,2,230,126,0,126,356
11/14/2012,TIX,FL,ASO,ES,Federal Contract Tower,0,0,38,0,38,0,0,66,0,66,0,0,104,0,104,224,0,224,328
11/15/2012,TIX,FL,ASO,ES,Federal Contract Tower,0,0,28,0,28,0,0,5,0,5,0,0,33,0,33,10,0,10,43
11/16/2012,TIX,FL,ASO,ES,Federal Contract Tower,0,0,31,0,31,0,0,81,0,81,0,0,112,0,112,108,0,108,220
11/17/2012,TIX,FL,ASO,ES,Federal Contract Tower,0,1,32,0,33,0,0,124,0,124,0,1,156,0,157,140,0,140,297
11/18/2012,TIX,FL,ASO,ES,Federal Contract Tower,0,1,15,0,16,0,0,22,0,22,0,1,37,0,38,32,0,32,70
11/19/2012,TIX,FL,ASO,ES,Federal Contract Tower,0,2,38,4,44,0,0,13,0,13,0,2,51,4,57,12,0,12,69
11/20/2012,TIX,FL,ASO,ES,Federal Contract Tower,0,0,61,2,63,0,0,149,2,151,0,0,210,4,214,138,0,138,352
11/21/2012,TIX,FL,ASO,ES,Federal Contract Tower,0,0,47,0,47,0,0,149,0,149,0,0,196,0,196,178,0,178,374
11/22/2012,TIX,FL,ASO,ES,Federal Contract Tower,0,0,5,0,5,0,0,19,0,19,0,0,24,0,24,10,0,10,34
11/23/2012,TIX,FL,ASO,ES,Federal Contract Tower,0,2,24,0,26,0,0,136,0,136,0,2,160,0,162,76,0,76,238
11/24/2012,TIX,FL,ASO,ES,Federal Contract Tower,0,1,28,0,29,0,0,109,0,109,0,1,137,0,138,94,0,94,232
11/25/2012,TIX,FL,ASO,ES,Federal Contract Tower,0,0,21,0,21,0,0,59,0,59,0,0,80,0,80,44,0,44,124
11/26/2012,TIX,FL,ASO,ES,Federal Contract Tower,0,0,15,0,15,0,0,95,0,95,0,0,110,0,110,104,0,104,214
11/27/2012,TIX,FL,ASO,ES,Federal Contract Tower,0,0,14,0,14,0,0,176,0,176,0,0,190,0,190,190,0,190,380
11/28/2012,TIX,FL,ASO,ES,Federal Contract Tower,0,0,26,0,26,0,0,118,0,118,0,0,144,0,144,146,0,146,290
11/29/2012,TIX,FL,ASO,ES,Federal Contract Tower,0,0,28,0,28,0,0,190,0,190,0,0,218,0,218,160,0,160,378
11/30/2012,TIX,FL,ASO,ES,Federal Contract Tower,0,0,49,0,49,0,0,144,0,144,0,0,193,0,193,92,0,92,285
12/01/2012,TIX,FL,ASO,ES,Federal Contract Tower,0,0,24,0,24,0,0,89,0,89,0,0,113,0,113,70,0,70,183
12/02/2012,TIX,FL,ASO,ES,Federal Contract Tower,0,2,23,0,25,0,0,104,0,104,0,2,127,0,129,4,3,7,136
12/03/2012,TIX,FL,ASO,ES,Federal Contract Tower,0,0,22,0,22,0,0,126,0,126,0,0,148,0,148,184,0,184,332
12/04/2012,TIX,FL,ASO,ES,Federal Contract Tower,0,0,46,0,46,0,0,174,0,174,0,0,220,0,220,152,0,152,372
12/05/2012,TIX,FL,ASO,ES,Federal Contract Tower,0,0,47,0,47,0,0,102,0,102,0,0,149,0,149,80,0,80,229
12/06/2012,TIX,FL,ASO,ES,Federal Contract Tower,0,1,27,0,28,0,0,165,0,165,0,1,192,0,193,156,0,156,349
12/07/2012,TIX,FL,ASO,ES,Federal Contract Tower,0,0,14,0,14,0,0,53,0,53,0,0,67,0,67,66,0,66,133
12/08/2012,TIX,FL,ASO,ES,Federal Contract Tower,0,2,23,0,25,0,0,68,0,68,0,2,91,0,93,116,0,116,209
12/09/2012,TIX,FL,ASO,ES,Federal Contract Tower,0,1,12,0,13,0,0,73,0,73,0,1,85,0,86,104,0,104,190
12/10/2012,TIX,FL,ASO,ES,Federal Contract Tower,0,0,12,0,12,0,0,53,0,53,0,0,65,0,65,64,0,64,129
12/11/2012,TIX,FL,ASO,ES,Federal Contract Tower,0,0,24,0,24,0,0,73,0,73,0,0,97,0,97,98,0,98,195
12/12/2012,TIX,FL,ASO,ES,Federal Contract Tower,0,0,13,0,13,0,0,84,0,84,0,0,97,0,97,70,0,70,167
12/13/2012,TIX,FL,ASO,ES,Federal Contract Tower,0,0,40,0,40,0,0,46,0,46,0,0,86,0,86,170,0,170,256
12/14/2012,TIX,FL,ASO,ES,Federal Contract Tower,0,0,36,1,37,0,0,142,0,142,0,0,178,1,179,136,0,136,315
12/15/2012,TIX,FL,ASO,ES,Federal Contract Tower,0,0,19,0,19,0,0,97,0,97,0,0,116,0,116,141,0,141,257
12/16/2012,TIX,FL,ASO,ES,Federal Contract Tower,0,0,8,0,8,0,0,90,0,90,0,0,98,0,98,90,0,90,188
12/17/2012,TIX,FL,ASO,ES,Federal Contract Tower,0,1,7,0,8,0,0,99,0,99,0,1,106,0,107,206,0,206,313
12/18/2012,TIX,FL,ASO,ES,Federal Contract Tower,0,0,38,0,38,0,0,69,0,69,0,0,107,0,107,66,0,66,173
12/19/2012,TIX,FL,ASO,ES,Federal Contract Tower,0,2,41,1,44,0,0,136,0,136,0,2,177,1,180,102,0,102,282
12/20/2012,TIX,FL,ASO,ES,Federal Contract Tower,0,0,15,0,15,0,0,122,0,122,0,0,137,0,137,128,0,128,265
12/21/2012,TIX,FL,ASO,ES,Federal Contract Tower,0,0,24,0,24,0,0,38,0,38,0,0,62,0,62,14,0,14,76
12/22/2012,TIX,FL,ASO,ES,Federal Contract Tower,0,4,18,0,22,0,0,71,0,71,0,4,89,0,93,50,0,50,143
12/23/2012,TIX,FL,ASO,ES,Federal Contract Tower,0,0,18,0,18,0,0,64,0,64,0,0,82,0,82,58,0,58,140
12/24/2012,TIX,FL,ASO,ES,Federal Contract Tower,0,0,8,0,8,0,0,39,0,39,0,0,47,0,47,28,0,28,75
12/25/2012,TIX,FL,ASO,ES,Federal Contract Tower,0,0,1,0,1,0,0,7,0,7,0,0,8,0,8,0,0,0,8
12/26/2012,TIX,FL,ASO,ES,Federal Contract Tower,0,0,3,0,3,0,0,18,0,18,0,0,21,0,21,50,0,50,71
12/27/2012,TIX,FL,ASO,ES,Federal Contract Tower,0,0,33,0,33,0,0,85,2,87,0,0,118,2,120,100,0,100,220
12/28/2012,TIX,FL,ASO,ES,Federal Contract Tower,0,3,17,0,20,0,0,102,4,106,0,3,119,4,126,124,8,132,258
12/29/2012,TIX,FL,ASO,ES,Federal Contract Tower,0,1,8,0,9,0,0,11,0,11,0,1,19,0,20,2,0,2,22
12/30/2012,TIX,FL,ASO,ES,Federal Contract Tower,0,0,23,0,23,0,0,43,0,43,0,0,66,0,66,24,0,24,90
12/31/2012,TIX,FL,ASO,ES,Federal Contract Tower,0,0,14,0,14,0,0,72,0,72,0,0,86,0,86,20,0,20,106
01/01/2013,TIX,FL,ASO,ES,Federal Contract Tower,0,0,5,0,5,0,0,23,0,23,0,0,28,0,28,20,0,20,48
01/02/2013,TIX,FL,ASO,ES,Federal Contract Tower,0,0,20,0,20,0,0,67,0,67,0,0,87,0,87,106,0,106,193
01/03/2013,TIX,FL,ASO,ES,Federal Contract Tower,0,1,25,0,26,0,0,10,0,10,0,1,35,0,36,28,0,28,64
01/04/2013,TIX,FL,ASO,ES,Federal Contract Tower,0,1,12,0,13,0,0,22,0,22,0,1,34,0,35,0,0,0,35
01/05/2013,TIX,FL,ASO,ES,Federal Contract Tower,0,0,38,0,38,0,0,124,0,124,0,0,162,0,162,114,0,114,276
01/06/2013,TIX,FL,ASO,ES,Federal Contract Tower,0,0,11,0,11,0,0,83,0,83,0,0,94,0,94,116,0,116,210
01/07/2013,TIX,FL,ASO,ES,Federal Contract Tower,0,0,25,0,25,0,0,99,0,99,0,0,124,0,124,92,0,92,216
01/08/2013,TIX,FL,ASO,ES,Federal Contract Tower,0,0,27,1,28,0,0,156,1,157,0,0,183,2,185,252,0,252,437
01/09/2013,TIX,FL,ASO,ES,Federal Contract Tower,0,0,17,0,17,0,0,133,0,133,0,0,150,0,150,154,0,154,304
01/10/2013,TIX,FL,ASO,ES,Federal Contract Tower,0,0,29,0,29,0,0,164,0,164,0,0,193,0,193,102,0,102,295
01/11/2013,TIX,FL,ASO,ES,Federal Contract Tower,0,0,19,0,19,0,0,122,0,122,0,0,141,0,141,175,0,175,316
01/12/2013,TIX,FL,ASO,ES,Federal Contract Tower,0,0,8,0,8,0,0,157,0,157,0,0,165,0,165,92,0,92,257
01/13/2013,TIX,FL,ASO,ES,Federal Contract Tower,0,0,7,0,7,0,0,78,0,78,0,0,85,0,85,62,0,62,147
01/14/2013,TIX,FL,ASO,ES,Federal Contract Tower,0,0,14,0,14,0,0,97,0,97,0,0,111,0,111,132,0,132,243
01/15/2013,TIX,FL,ASO,ES,Federal Contract Tower,0,0,13,0,13,0,0,137,0,137,0,0,150,0,150,90,0,90,240
01/16/2013,TIX,FL,ASO,ES,Federal Contract Tower,0,0,24,2,26,0,0,150,0,150,0,0,174,2,176,192,0,192,368
01/17/2013,TIX,FL,ASO,ES,Federal Contract Tower,0,0,15,0,15,0,0,73,0,73,0,0,88,0,88,22,0,22,110
01/18/2013,TIX,FL,ASO,ES,Federal Contract Tower,0,2,47,0,49,0,0,63,0,63,0,2,110,0,112,68,0,68,180
01/19/2013,TIX,FL,ASO,ES,Federal Contract Tower,0,0,22,0,22,0,0,96,0,96,0,0,118,0,118,204,0,204,322
01/20/2013,TIX,FL,ASO,ES,Federal Contract Tower,0,0,29,2,31,0,0,90,0,90,0,0,119,2,121,120,0,120,241
01/21/2013,TIX,FL,ASO,ES,Federal Contract Tower,0,2,31,0,33,0,0,126,0,126,0,2,157,0,159,186,0,186,345
01/22/2013,TIX,FL,ASO,ES,Federal Contract Tower,0,0,27,0,27,0,0,121,0,121,0,0,148,0,148,174,0,174,322
01/23/2013,TIX,FL,ASO,ES,Federal Contract Tower,0,0,49,0,49,0,0,177,0,177,0,0,226,0,226,118,0,118,344
01/24/2013,TIX,FL,ASO,ES,Federal Contract Tower,0,0,30,0,30,0,0,173,0,173,0,0,203,0,203,212,0,212,415
01/25/2013,TIX,FL,ASO,ES,Federal Contract Tower,0,3,55,0,58,0,0,140,0,140,0,3,195,0,198,60,0,60,258
01/26/2013,TIX,FL,ASO,ES,Federal Contract Tower,0,0,38,0,38,0,0,133,0,133,0,0,171,0,171,114,0,114,285
01/27/2013,TIX,FL,ASO,ES,Federal Contract Tower,0,0,24,0,24,0,0,80,0,80,0,0,104,0,104,134,0,134,238
01/28/2013,TIX,FL,ASO,ES,Federal Contract Tower,0,0,17,0,17,0,0,119,0,119,0,0,136,0,136,90,0,90,226
01/29/2013,TIX,FL,ASO,ES,Federal Contract Tower,0,2,25,0,27,0,0,156,0,156,0,2,181,0,183,124,0,124,307
01/30/2013,TIX,FL,ASO,ES,Federal Contract Tower,0,0,13,1,14,0,0,151,1,152,0,0,164,2,166,238,0,238,404
01/31/2013,TIX,FL,ASO,ES,Federal Contract Tower,0,0,42,0,42,0,0,156,0,156,0,0,198,0,198,120,0,120,318
02/01/2013,TIX,FL,ASO,ES,Federal Contract Tower,0,0,39,0,39,0,0,170,0,170,0,0,209,0,209,198,0,198,407
02/02/2013,TIX,FL,ASO,ES,Federal Contract Tower,0,3,45,0,48,0,0,138,0,138,0,3,183,0,186,142,0,142,328
02/03/2013,TIX,FL,ASO,ES,Federal Contract Tower,0,4,29,0,33,0,0,77,0,77,0,4,106,0,110,88,0,88,198
02/04/2013,TIX,FL,ASO,ES,Federal Contract Tower,0,0,32,0,32,0,0,124,0,124,0,0,156,0,156,192,2,194,350
02/05/2013,TIX,FL,ASO,ES,Federal Contract Tower,0,0,26,0,26,0,0,127,0,127,0,0,153,0,153,182,0,182,335
02/06/2013,TIX,FL,ASO,ES,Federal Contract Tower,0,0,22,0,22,0,0,136,0,136,0,0,158,0,158,164,0,164,322
02/07/2013,TIX,FL,ASO,ES,Federal Contract Tower,0,0,17,0,17,0,0,115,0,115,0,0,132,0,132,126,0,126,258
02/08/2013,TIX,FL,ASO,ES,Federal Contract Tower,0,1,36,0,37,0,0,177,0,177,0,1,213,0,214,134,0,134,348
02/09/2013,TIX,FL,ASO,ES,Federal Contract Tower,0,0,22,0,22,0,0,156,0,156,0,0,178,0,178,166,0,166,344
02/10/2013,TIX,FL,ASO,ES,Federal Contract Tower,0,0,21,0,21,0,0,71,0,71,0,0,92,0,92,76,0,76,168
02/11/2013,TIX,FL,ASO,ES,Federal Contract Tower,0,0,13,0,13,0,0,157,0,157,0,0,170,0,170,156,0,156,326
02/12/2013,TIX,FL,ASO,ES,Federal Contract Tower,0,0,10,0,10,0,0,145,0,145,0,0,155,0,155,194,0,194,349
02/13/2013,TIX,FL,ASO,ES,Federal Contract Tower,0,0,11,0,11,0,0,51,0,51,0,0,62,0,62,0,0,0,62
02/14/2013,TIX,FL,ASO,ES,Federal Contract Tower,0,0,36,0,36,0,0,82,0,82,0,0,118,0,118,78,0,78,196
02/15/2013,TIX,FL,ASO,ES,Federal Contract Tower,0,0,71,0,71,0,0,133,0,133,0,0,204,0,204,116,0,116,320
02/16/2013,TIX,FL,ASO,ES,Federal Contract Tower,0,0,23,0,23,0,0,82,0,82,0,0,105,0,105,16,0,16,121
02/17/2013,TIX,FL,ASO,ES,Federal Contract Tower,0,0,26,0,26,0,0,60,0,60,0,0,86,0,86,104,0,104,190
02/18/2013,TIX,FL,ASO,ES,Federal Contract Tower,0,0,24,0,24,0,0,136,0,136,0,0,160,0,160,360,0,360,520
02/19/2013,TIX,FL,ASO,ES,Federal Contract Tower,0,0,14,0,14,0,0,158,0,158,0,0,172,0,172,234,0,234,406
02/20/2013,TIX,FL,ASO,ES,Federal Contract Tower,0,0,28,1,29,0,0,170,0,170,0,0,198,1,199,272,0,272,471
02/21/2013,TIX,FL,ASO,ES,Federal Contract Tower,0,0,26,0,26,0,0,198,0,198,0,0,224,0,224,398,0,398,622
02/22/2013,TIX,FL,ASO,ES,Federal Contract Tower,0,0,15,0,15,0,0,167,0,167,0,0,182,0,182,206,0,206,388
02/23/2013,TIX,FL,ASO,ES,Federal Contract Tower,0,0,10,0,10,0,0,75,0,75,0,0,85,0,85,86,0,86,171
02/24/2013,TIX,FL,ASO,ES,Federal Contract Tower,0,2,10,0,12,0,0,8,0,8,0,2,18,0,20,54,0,54,74
02/25/2013,TIX,FL,ASO,ES,Federal Contract Tower,0,0,15,0,15,0,0,115,0,115,0,0,130,0,130,304,0,304,434
02/26/2013,TIX,FL,ASO,ES,Federal Contract Tower,0,0,5,0,5,0,0,32,0,32,0,0,37,0,37,124,0,124,161
02/27/2013,TIX,FL,ASO,ES,Federal Contract Tower,0,0,38,1,39,0,0,211,0,211,0,0,249,1,250,336,0,336,586
02/28/2013,TIX,FL,ASO,ES,Federal Contract Tower,0,0,45,0,45,0,0,187,0,187,0,0,232,0,232,158,0,158,390
03/01/2013,TIX,FL,ASO,ES,Federal Contract Tower,0,0,40,0,40,0,0,194,0,194,0,0,234,0,234,144,0,144,378
03/02/2013,TIX,FL,ASO,ES,Federal Contract Tower,0,0,27,0,27,0,0,55,0,55,0,0,82,0,82,36,0,36,118
03/03/2013,TIX,FL,ASO,ES,Federal Contract Tower,0,0,22,0,22,0,0,57,0,57,0,0,79,0,79,156,0,156,235
03/04/2013,TIX,FL,ASO,ES,Federal Contract Tower,0,0,28,0,28,0,0,144,0,144,0,0,172,0,172,228,0,228,400
03/05/2013,TIX,FL,ASO,ES,Federal Contract Tower,0,0,18,0,18,0,0,156,0,156,0,0,174,0,174,278,0,278,452
03/06/2013,TIX,FL,ASO,ES,Federal Contract Tower,0,0,36,0,36,0,0,132,0,132,0,0,168,0,168,160,0,160,328
03/07/2013,TIX,FL,ASO,ES,Federal Contract Tower,0,0,67,0,67,0,0,136,0,136,0,0,203,0,203,258,0,258,461
03/08/2013,TIX,FL,ASO,ES,Federal Contract Tower,0,0,40,0,40,0,0,148,2,150,0,0,188,2,190,196,0,196,386
03/09/2013,TIX,FL,ASO,ES,Federal Contract Tower,0,0,22,0,22,0,0,149,0,149,0,0,171,0,171,124,0,124,295
03/10/2013,TIX,FL,ASO,ES,Federal Contract Tower,0,0,13,0,13,0,0,73,2,75,0,0,86,2,88,136,0,136,224
03/11/2013,TIX,FL,ASO,ES,Federal Contract Tower,0,2,12,0,14,0,0,113,0,113,0,2,125,0,127,130,0,130,257
03/12/2013,TIX,FL,ASO,ES,Federal Contract Tower,0,0,5,0,5,0,0,80,0,80,0,0,85,0,85,100,0,100,185
03/13/2013,TIX,FL,ASO,ES,Federal Contract Tower,0,0,54,0,54,0,0,160,0,160,0,0,214,0,214,130,0,130,344
03/14/2013,TIX,FL,ASO,ES,Federal Contract Tower,0,1,24,0,25,0,0,171,0,171,0,1,195,0,196,90,0,90,286
03/15/2013,TIX,FL,ASO,ES,Federal Contract Tower,0,0,38,0,38,0,0,176,0,176,0,0,214,0,214,204,0,204,418
03/16/2013,TIX,FL,ASO,ES,Federal Contract Tower,0,0,12,0,12,0,0,122,0,122,0,0,134,0,134,82,0,82,216
03/17/2013,TIX,FL,ASO,ES,Federal Contract Tower,0,2,14,0,16,0,0,96,0,96,0,2,110,0,112,186,0,186,298
03/18/2013,TIX,FL,ASO,ES,Federal Contract Tower,0,0,16,0,16,0,0,122,0,122,0,0,138,0,138,242,0,242,380
03/19/2013,TIX,FL,ASO,ES,Federal Contract Tower,0,0,33,0,33,0,0,174,0,174,0,0,207,0,207,126,0,126,333
03/20/2013,TIX,FL,ASO,ES,Federal Contract Tower,0,0,28,0,28,0,0,58,0,58,0,0,86,0,86,51,0,51,137
03/21/2013,TIX,FL,ASO,ES,Federal Contract Tower,0,1,34,0,35,0,0,167,0,167,0,1,201,0,202,146,0,146,348
03/22/2013,TIX,FL,ASO,ES,Federal Contract Tower,0,0,13,0,13,0,0,118,0,118,0,0,131,0,131,152,0,152,283
03/23/2013,TIX,FL,ASO,ES,Federal Contract Tower,0,2,5,0,7,0,0,127,0,127,0,2,132,0,134,12,0,12,146
03/24/2013,TIX,FL,ASO,ES,Federal Contract Tower,0,0,8,0,8,0,0,66,0,66,0,0,74,0,74,10,0,10,84
03/25/2013,TIX,FL,ASO,ES,Federal Contract Tower,0,0,34,0,34,0,0,123,0,123,0,0,157,0,157,84,0,84,241
03/26/2013,TIX,FL,ASO,ES,Federal Contract Tower,0,0,55,0,55,0,0,136,0,136,0,0,191,0,191,136,0,136,327
03/27/2013,TIX,FL,ASO,ES,Federal Contract Tower,0,0,63,0,63,0,0,191,0,191,0,0,254,0,254,206,0,206,460
03/28/2013,TIX,FL,ASO,ES,Federal Contract Tower,0,0,54,0,54,0,0,177,0,177,0,0,231,0,231,190,0,190,421
03/29/2013,TIX,FL,ASO,ES,Federal Contract Tower,0,0,40,0,40,0,0,128,0,128,0,0,168,0,168,175,0,175,343
03/30/2013,TIX,FL,ASO,ES,Federal Contract Tower,0,0,14,0,14,0,0,83,0,83,0,0,97,0,97,100,0,100,197
03/31/2013,TIX,FL,ASO,ES,Federal Contract Tower,0,0,3,0,3,0,0,52,0,52,0,0,55,0,55,70,0,70,125
04/01/2013,TIX,FL,ASO,ES,Federal Contract Tower,0,0,33,0,33,0,0,105,0,105,0,0,138,0,138,168,0,168,306
04/02/2013,TIX,FL,ASO,ES,Federal Contract Tower,0,0,68,0,68,0,0,164,0,164,0,0,232,0,232,206,0,206,438
04/03/2013,TIX,FL,ASO,ES,Federal Contract Tower,0,0,46,0,46,0,0,170,0,170,0,0,216,0,216,198,0,198,414
04/04/2013,TIX,FL,ASO,ES,Federal Contract Tower,0,0,10,0,10,0,0,53,0,53,0,0,63,0,63,52,0,52,115
04/05/2013,TIX,FL,ASO,ES,Federal Contract Tower,0,3,24,0,27,0,0,108,0,108,0,3,132,0,135,134,0,134,269
04/06/2013,TIX,FL,ASO,ES,Federal Contract Tower,0,1,43,0,44,0,0,119,0,119,0,1,162,0,163,136,0,136,299
04/07/2013,TIX,FL,ASO,ES,Federal Contract Tower,0,1,29,0,30,0,0,101,0,101,0,1,130,0,131,118,0,118,249
04/08/2013,TIX,FL,ASO,ES,Federal Contract Tower,0,0,36,0,36,0,0,167,0,167,0,0,203,0,203,212,0,212,415
04/09/2013,TIX,FL,ASO,ES,Federal Contract Tower,0,0,28,0,28,0,0,180,0,180,0,0,208,0,208,246,0,246,454
04/10/2013,TIX,FL,ASO,ES,Federal Contract Tower,0,0,40,0,40,0,0,165,0,165,0,0,205,0,205,134,0,134,339
04/11/2013,TIX,FL,ASO,ES,Federal Contract Tower,0,0,17,0,17,0,0,146,0,146,0,0,163,0,163,126,0,126,289
04/12/2013,TIX,FL,ASO,ES,Federal Contract Tower,0,1,15,0,16,0,0,79,0,79,0,1,94,0,95,56,0,56,151
04/13/2013,TIX,FL,ASO,ES,Federal Contract Tower,0,1,26,0,27,0,0,109,0,109,0,1,135,0,136,130,0,130,266
04/14/2013,TIX,FL,ASO,ES,Federal Contract Tower,0,0,10,0,10,0,0,59,0,59,0,0,69,0,69,104,0,104,173
04/15/2013,TIX,FL,ASO,ES,Federal Contract Tower,0,2,42,0,44,0,0,169,0,169,0,2,211,0,213,284,0,284,497
04/16/2013,TIX,FL,ASO,ES,Federal Contract Tower,0,0,43,0,43,0,0,199,0,199,0,0,242,0,242,220,0,220,462
04/17/2013,TIX,FL,ASO,ES,Federal Contract Tower,0,0,26,0,26,0,0,167,0,167,0,0,193,0,193,198,0,198,391
04/18/2013,TIX,FL,ASO,ES,Federal Contract Tower,0,0,34,0,34,0,0,197,0,197,0,0,231,0,231,142,0,142,373
04/19/2013,TIX,FL,ASO,ES,Federal Contract Tower,0,0,22,0,22,0,0,144,0,144,0,0,166,0,166,116,0,116,282
04/20/2013,TIX,FL,ASO,ES,Federal Contract Tower,0,0,33,0,33,0,0,70,0,70,0,0,103,0,103,118,0,118,221
04/21/2013,TIX,FL,ASO,ES,Federal Contract Tower,0,0,18,0,18,0,0,49,0,49,0,0,67,0,67,114,0,114,181
04/22/2013,TIX,FL,ASO,ES,Federal Contract Tower,0,0,28,0,28,0,0,88,0,88,0,0,116,0,116,156,0,156,272
04/23/2013,TIX,FL,ASO,ES,Federal Contract Tower,0,0,47,0,47,0,0,176,0,176,0,0,223,0,223,278,0,278,501
04/24/2013,TIX,FL,ASO,ES,Federal Contract Tower,0,1,33,0,34,0,0,200,0,200,0,1,233,0,234,254,0,254,488
04/25/2013,TIX,FL,ASO,ES,Federal Contract Tower,0,0,39,0,39,0,0,234,0,234,0,0,273,0,273,168,0,168,441
04/26/2013,TIX,FL,ASO,ES,Federal Contract Tower,0,1,43,0,44,0,0,188,0,188,0,1,231,0,232,125,4,129,361
04/27/2013,TIX,FL,ASO,ES,Federal Contract Tower,0,0,37,0,37,0,0,134,0,134,0,0,171,0,171,228,0,228,399
04/28/2013,TIX,FL,ASO,ES,Federal Contract Tower,0,0,11,0,11,0,0,118,0,118,0,0,129,0,129,184,0,184,313
04/29/2013,TIX,FL,ASO,ES,Federal Contract Tower,0,0,13,0,13,0,0,144,0,144,0,0,157,0,157,306,0,306,463
04/30/2013,TIX,FL,ASO,ES,Federal Contract Tower,0,0,8,0,8,0,0,117,0,117,0,0,125,0,125,198,0,198,323
05/01/2013,TIX,FL,ASO,ES,Federal Contract Tower,0,0,24,0,24,0,0,103,0,103,0,0,127,0,127,166,0,166,293
05/02/2013,TIX,FL,ASO,ES,Federal Contract Tower,0,0,8,0,8,0,0,69,0,69,0,0,77,0,77,74,0,74,151
05/03/2013,TIX,FL,ASO,ES,Federal Contract Tower,0,0,19,0,19,0,0,30,0,30,0,0,49,0,49,24,0,24,73
05/04/2013,TIX,FL,ASO,ES,Federal Contract Tower,0,0,29,0,29,0,0,65,0,65,0,0,94,0,94,130,0,130,224
05/05/2013,TIX,FL,ASO,ES,Federal Contract Tower,0,0,44,0,44,0,0,71,0,71,0,0,115,0,115,146,0,146,261
05/06/2013,TIX,FL,ASO,ES,Federal Contract Tower,0,0,66,0,66,0,0,196,0,196,0,0,262,0,262,188,0,188,450
05/07/2013,TIX,FL,ASO,ES,Federal Contract Tower,0,0,29,0,29,0,0,181,0,181,0,0,210,0,210,278,0,278,488
05/08/2013,TIX,FL,ASO,ES,Federal Contract Tower,0,0,60,0,60,0,0,209,0,209,0,0,269,0,269,256,0,256,525
05/09/2013,TIX,FL,ASO,ES,Federal Contract Tower,0,2,62,0,64,0,0,185,0,185,0,2,247,0,249,196,0,196,445
05/10/2013,TIX,FL,ASO,ES,Federal Contract Tower,0,2,25,0,27,0,0,160,0,160,0,2,185,0,187,152,2,154,341
05/11/2013,TIX,FL,ASO,ES,Federal Contract Tower,0,0,13,0,13,0,0,157,0,157,0,0,170,0,170,156,0,156,326
05/12/2013,TIX,FL,ASO,ES,Federal Contract Tower,0,0,32,0,32,0,0,46,0,46,0,0,78,0,78,56,0,56,134
05/13/2013,TIX,FL,ASO,ES,Federal Contract Tower,0,0,64,0,64,0,0,191,0,191,0,0,255,0,255,220,0,220,475
05/14/2013,TIX,FL,ASO,ES,Federal Contract Tower,0,0,48,2,50,0,0,181,2,183,0,0,229,4,233,248,2,250,483
05/15/2013,TIX,FL,ASO,ES,Federal Contract Tower,0,0,41,4,45,0,0,207,0,207,0,0,248,4,252,314,0,314,566
05/16/2013,TIX,FL,ASO,ES,Federal Contract Tower,0,0,35,0,35,0,0,150,0,150,0,0,185,0,185,240,0,240,425
05/17/2013,TIX,FL,ASO,ES,Federal Contract Tower,0,1,42,0,43,0,0,188,0,188,0,1,230,0,231,210,0,210,441
05/18/2013,TIX,FL,ASO,ES,Federal Contract Tower,0,2,24,0,26,0,0,103,0,103,0,2,127,0,129,134,0,134,263
05/19/2013,TIX,FL,ASO,ES,Federal Contract Tower,0,0,3,0,3,0,0,53,0,53,0,0,56,0,56,56,0,56,112
05/20/2013,TIX,FL,ASO,ES,Federal Contract Tower,0,0,19,0,19,0,0,126,0,126,0,0,145,0,145,146,0,146,291
05/21/2013,TIX,FL,ASO,ES,Federal Contract Tower,0,0,28,0,28,0,0,81,0,81,0,0,109,0,109,68,0,68,177
05/22/2013,TIX,FL,ASO,ES,Federal Contract Tower,0,1,24,0,25,0,0,130,0,130,0,1,154,0,155,224,0,224,379
05/23/2013,TIX,FL,ASO,ES,Federal Contract Tower,0,0,32,0,32,0,0,172,0,172,0,0,204,0,204,108,0,108,312
05/24/2013,TIX,FL,ASO,ES,Federal Contract Tower,0,2,29,0,31,0,0,199,0,199,0,2,228,0,230,122,0,122,352
05/25/2013,TIX,FL,ASO,ES,Federal Contract Tower,0,2,21,0,23,0,0,82,0,82,0,2,103,0,105,7,0,7,112
05/26/2013,TIX,FL,ASO,ES,Federal Contract Tower,0,2,13,0,15,0,0,76,0,76,0,2,89,0,91,146,0,146,237
05/27/2013,TIX,FL,ASO,ES,Federal Contract Tower,0,0,21,0,21,0,0,116,0,116,0,0,137,0,137,148,0,148,285
05/28/2013,TIX,FL,ASO,ES,Federal Contract Tower,0,0,42,0,42,0,0,175,0,175,0,0,217,0,217,170,0,170,387
05/29/2013,TIX,FL,ASO,ES,Federal Contract Tower,0,0,22,0,22,0,0,132,0,132,0,0,154,0,154,80,0,80,234
05/30/2013,TIX,FL,ASO,ES,Federal Contract Tower,0,0,16,0,16,0,0,114,0,114,0,0,130,0,130,159,0,159,289
05/31/2013,TIX,FL,ASO,ES,Federal Contract Tower,0,0,19,0,19,0,0,104,1,105,0,0,123,1,124,105,0,105,229
06/01/2013,TIX,FL,ASO,ES,Federal Contract Tower,0,0,26,0,26,0,0,53,0,53,0,0,79,0,79,68,0,68,147
06/02/2013,TIX,FL,ASO,ES,Federal Contract Tower,0,0,9,0,9,0,0,21,0,21,0,0,30,0,30,12,0,12,42
06/03/2013,TIX,FL,ASO,ES,Federal Contract Tower,0,0,16,0,16,0,0,166,0,166,0,0,182,0,182,118,0,118,300
06/04/2013,TIX,FL,ASO,ES,Federal Contract Tower,0,0,21,0,21,0,0,159,0,159,0,0,180,0,180,74,0,74,254
06/05/2013,TIX,FL,ASO,ES,Federal Contract Tower,0,0,26,0,26,0,0,170,0,170,0,0,196,0,196,238,0,238,434
06/06/2013,TIX,FL,ASO,ES,Federal Contract Tower,0,0,2,0,2,0,0,0,0,0,0,0,2,0,2,0,0,0,2
06/07/2013,TIX,FL,ASO,ES,Federal Contract Tower,0,0,12,0,12,0,0,143,0,143,0,0,155,0,155,50,0,50,205
06/08/2013,TIX,FL,ASO,ES,Federal Contract Tower,0,0,29,0,29,0,0,107,0,107,0,0,136,0,136,130,0,130,266
06/09/2013,TIX,FL,ASO,ES,Federal Contract Tower,0,0,39,0,39,0,0,103,0,103,0,0,142,0,142,98,0,98,240
06/10/2013,TIX,FL,ASO,ES,Federal Contract Tower,0,0,9,0,9,0,0,119,0,119,0,0,128,0,128,180,0,180,308
06/11/2013,TIX,FL,ASO,ES,Federal Contract Tower,0,0,22,0,22,0,0,104,0,104,0,0,126,0,126,148,0,148,274
06/12/2013,TIX,FL,ASO,ES,Federal Contract Tower,0,0,31,0,31,0,0,165,0,165,0,0,196,0,196,290,0,290,486
06/13/2013,TIX,FL,ASO,ES,Federal Contract Tower,0,0,28,0,28,0,0,165,0,165,0,0,193,0,193,174,2,176,369
06/14/2013,TIX,FL,ASO,ES,Federal Contract Tower,0,0,54,0,54,0,0,164,0,164,0,0,218,0,218,174,0,174,392
06/15/2013,TIX,FL,ASO,ES,Federal Contract Tower,0,1,31,0,32,0,0,84,0,84,0,1,115,0,116,162,0,162,278
06/16/2013,TIX,FL,ASO,ES,Federal Contract Tower,0,0,7,0,7,0,0,64,0,64,0,0,71,0,71,158,0,158,229
06/17/2013,TIX,FL,ASO,ES,Federal Contract Tower,0,0,16,0,16,0,0,142,0,142,0,0,158,0,158,248,0,248,406
06/18/2013,TIX,FL,ASO,ES,Federal Contract Tower,0,0,10,0,10,0,0,136,0,136,0,0,146,0,146,162,0,162,308
06/19/2013,TIX,FL,ASO,ES,Federal Contract Tower,0,0,20,0,20,0,0,201,0,201,0,0,221,0,221,210,0,210,431
06/20/2013,TIX,FL,ASO,ES,Federal Contract Tower,0,2,14,0,16,0,0,124,0,124,0,2,138,0,140,130,0,130,270
06/21/2013,TIX,FL,ASO,ES,Federal Contract Tower,23,0,0,0,23,0,0,134,0,134,23,0,134,0,157,197,0,197,354
06/22/2013,TIX,FL,ASO,ES,Federal Contract Tower,0,0,36,0,36,0,0,134,0,134,0,0,170,0,170,184,0,184,354
06/23/2013,TIX,FL,ASO,ES,Federal Contract Tower,0,0,12,0,12,0,0,28,0,28,0,0,40,0,40,32,0,32,72
06/24/2013,TIX,FL,ASO,ES,Federal Contract Tower,0,2,26,0,28,0,0,167,0,167,0,2,193,0,195,174,0,174,369
06/25/2013,TIX,FL,ASO,ES,Federal Contract Tower,0,0,28,0,28,0,0,165,0,165,0,0,193,0,193,174,0,174,367
06/26/2013,TIX,FL,ASO,ES,Federal Contract Tower,0,0,20,0,20,0,0,122,0,122,0,0,142,0,142,166,0,166,308
06/27/2013,TIX,FL,ASO,ES,Federal Contract Tower,0,3,17,0,20,0,0,178,0,178,0,3,195,0,198,182,0,182,380
06/28/2013,TIX,FL,ASO,ES,Federal Contract Tower,0,0,29,0,29,0,0,149,0,149,0,0,178,0,178,86,0,86,264
06/29/2013,TIX,FL,ASO,ES,Federal Contract Tower,0,0,9,0,9,0,0,77,0,77,0,0,86,0,86,106,0,106,192
06/30/2013,TIX,FL,ASO,ES,Federal Contract Tower,0,0,2,0,2,0,0,42,0,42,0,0,44,0,44,96,0,96,140
07/01/2013,TIX,FL,ASO,ES,Federal Contract Tower,0,0,9,0,9,0,0,52,0,52,0,0,61,0,61,50,0,50,111
07/02/2013,TIX,FL,ASO,ES,Federal Contract Tower,0,0,12,0,12,0,0,107,0,107,0,0,119,0,119,152,0,152,271
07/03/2013,TIX,FL,ASO,ES,Federal Contract Tower,0,0,15,0,15,0,0,161,0,161,0,0,176,0,176,238,0,238,414
07/04/2013,TIX,FL,ASO,ES,Federal Contract Tower,0,2,11,0,13,0,0,36,0,36,0,2,47,0,49,62,0,62,111
07/05/2013,TIX,FL,ASO,ES,Federal Contract Tower,0,0,17,0,17,0,0,118,0,118,0,0,135,0,135,102,0,102,237
07/06/2013,TIX,FL,ASO,ES,Federal Contract Tower,0,0,9,0,9,0,0,102,0,102,0,0,111,0,111,146,0,146,257
07/07/2013,TIX,FL,ASO,ES,Federal Contract Tower,0,2,12,0,14,0,0,52,0,52,0,2,64,0,66,72,0,72,138
07/08/2013,TIX,FL,ASO,ES,Federal Contract Tower,0,3,16,0,19,0,0,109,0,109,0,3,125,0,128,94,0,94,222
07/09/2013,TIX,FL,ASO,ES,Federal Contract Tower,0,2,440,0,442,0,0,134,0,134,0,2,574,0,576,92,0,92,668
07/10/2013,TIX,FL,ASO,ES,Federal Contract Tower,0,14,17,0,31,0,0,154,0,154,0,14,171,0,185,104,0,104,289
07/11/2013,TIX,FL,ASO,ES,Federal Contract Tower,0,0,22,0,22,0,0,156,0,156,0,0,178,0,178,64,0,64,242
07/12/2013,TIX,FL,ASO,ES,Federal Contract Tower,0,2,38,0,40,0,0,140,0,140,0,2,178,0,180,136,0,136,316
07/13/2013,TIX,FL,ASO,ES,Federal Contract Tower,0,6,12,0,18,0,0,112,1,113,0,6,124,1,131,58,6,64,195
07/14/2013,TIX,FL,ASO,ES,Federal Contract Tower,0,4,19,0,23,0,0,38,0,38,0,4,57,0,61,80,0,80,141
07/15/2013,TIX,FL,ASO,ES,Federal Contract Tower,0,0,37,0,37,0,0,133,0,133,0,0,170,0,170,190,0,190,360
07/16/2013,TIX,FL,ASO,ES,Federal Contract Tower,0,0,32,0,32,0,0,145,0,145,0,0,177,0,177,192,0,192,369
07/17/2013,TIX,FL,ASO,ES,Federal Contract Tower,0,0,41,0,41,0,0,125,0,125,0,0,166,0,166,106,0,106,272
07/18/2013,TIX,FL,ASO,ES,Federal Contract Tower,0,2,24,0,26,0,0,122,0,122,0,2,146,0,148,146,0,146,294
07/19/2013,TIX,FL,ASO,ES,Federal Contract Tower,0,2,21,0,23,0,0,155,0,155,0,2,176,0,178,118,0,118,296
07/20/2013,TIX,FL,ASO,ES,Federal Contract Tower,0,2,7,0,9,0,0,66,0,66,0,2,73,0,75,124,0,124,199
07/21/2013,TIX,FL,ASO,ES,Federal Contract Tower,0,3,24,0,27,0,0,78,0,78,0,3,102,0,105,134,0,134,239
07/22/2013,TIX,FL,ASO,ES,Federal Contract Tower,0,2,19,0,21,0,0,109,0,109,0,2,128,0,130,108,0,108,238
07/23/2013,TIX,FL,ASO,ES,Federal Contract Tower,0,0,51,0,51,0,0,149,0,149,0,0,200,0,200,178,0,178,378
07/24/2013,TIX,FL,ASO,ES,Federal Contract Tower,0,3,21,0,24,0,0,97,0,97,0,3,118,0,121,118,0,118,239
07/25/2013,TIX,FL,ASO,ES,Federal Contract Tower,0,2,23,0,25,0,0,106,0,106,0,2,129,0,131,148,0,148,279
07/26/2013,TIX,FL,ASO,ES,Federal Contract Tower,0,0,33,0,33,0,0,129,0,129,0,0,162,0,162,142,0,142,304
07/27/2013,TIX,FL,ASO,ES,Federal Contract Tower,0,2,34,0,36,0,0,123,0,123,0,2,157,0,159,94,0,94,253
07/28/2013,TIX,FL,ASO,ES,Federal Contract Tower,0,0,26,0,26,0,0,63,0,63,0,0,89,0,89,50,0,50,139
07/29/2013,TIX,FL,ASO,ES,Federal Contract Tower,0,0,10,0,10,0,0,133,0,133,0,0,143,0,143,160,0,160,303
07/30/2013,TIX,FL,ASO,ES,Federal Contract Tower,0,0,24,0,24,0,0,143,0,143,0,0,167,0,167,190,0,190,357
07/31/2013,TIX,FL,ASO,ES,Federal Contract Tower,0,0,19,0,19,0,0,151,0,151,0,0,170,0,170,254,0,254,424
08/01/2013,TIX,FL,ASO,ES,Federal Contract Tower,0,0,27,0,27,0,0,136,0,136,0,0,163,0,163,164,0,164,327
08/02/2013,TIX,FL,ASO,ES,Federal Contract Tower,0,2,35,2,39,0,0,158,2,160,0,2,193,4,199,125,0,125,324
08/03/2013,TIX,FL,ASO,ES,Federal Contract Tower,0,0,9,0,9,0,0,62,0,62,0,0,71,0,71,124,0,124,195
08/04/2013,TIX,FL,ASO,ES,Federal Contract Tower,0,0,16,0,16,0,0,55,0,55,0,0,71,0,71,72,0,72,143
08/05/2013,TIX,FL,ASO,ES,Federal Contract Tower,0,2,20,0,22,0,0,126,0,126,0,2,146,0,148,120,0,120,268
08/06/2013,TIX,FL,ASO,ES,Federal Contract Tower,0,0,42,0,42,0,0,163,0,163,0,0,205,0,205,250,0,250,455
08/07/2013,TIX,FL,ASO,ES,Federal Contract Tower,0,0,31,0,31,0,0,129,0,129,0,0,160,0,160,210,0,210,370
08/08/2013,TIX,FL,ASO,ES,Federal Contract Tower,0,0,36,0,36,0,0,145,0,145,0,0,181,0,181,216,0,216,397
08/09/2013,TIX,FL,ASO,ES,Federal Contract Tower,0,3,40,0,43,0,0,150,0,150,0,3,190,0,193,274,0,274,467
08/10/2013,TIX,FL,ASO,ES,Federal Contract Tower,0,2,8,0,10,0,0,78,0,78,0,2,86,0,88,86,0,86,174
08/11/2013,TIX,FL,ASO,ES,Federal Contract Tower,0,1,20,0,21,0,0,72,0,72,0,1,92,0,93,66,0,66,159
08/12/2013,TIX,FL,ASO,ES,Federal Contract Tower,0,0,26,0,26,0,0,145,0,145,0,0,171,0,171,170,0,170,341
08/13/2013,TIX,FL,ASO,ES,Federal Contract Tower,0,2,39,0,41,0,0,170,0,170,0,2,209,0,211,188,0,188,399
08/14/2013,TIX,FL,ASO,ES,Federal Contract Tower,0,0,38,0,38,0,0,112,0,112,0,0,150,0,150,238,0,238,388
08/15/2013,TIX,FL,ASO,ES,Federal Contract Tower,0,0,29,0,29,0,0,156,0,156,0,0,185,0,185,210,0,210,395
08/16/2013,TIX,FL,ASO,ES,Federal Contract Tower,0,0,21,0,21,189,0,0,0,189,189,0,21,0,210,196,0,196,406
08/17/2013,TIX,FL,ASO,ES,Federal Contract Tower,0,1,16,0,17,0,0,110,0,110,0,1,126,0,127,104,0,104,231
08/18/2013,TIX,FL,ASO,ES,Federal Contract Tower,0,1,33,0,34,0,0,41,0,41,0,1,74,0,75,90,0,90,165
08/19/2013,TIX,FL,ASO,ES,Federal Contract Tower,0,0,17,0,17,0,0,120,0,120,0,0,137,0,137,182,0,182,319
08/20/2013,TIX,FL,ASO,ES,Federal Contract Tower,0,0,32,0,32,0,0,156,0,156,0,0,188,0,188,146,0,146,334
08/21/2013,TIX,FL,ASO,ES,Federal Contract Tower,0,0,12,0,12,0,0,126,2,128,0,0,138,2,140,124,2,126,266
08/22/2013,TIX,FL,ASO,ES,Federal Contract Tower,0,0,19,0,19,0,0,104,0,104,0,0,123,0,123,134,0,134,257
08/23/2013,TIX,FL,ASO,ES,Federal Contract Tower,0,0,29,0,29,0,0,139,0,139,0,0,168,0,168,136,0,136,304
08/24/2013,TIX,FL,ASO,ES,Federal Contract Tower,0,1,20,0,21,0,0,74,0,74,0,1,94,0,95,116,0,116,211
08/25/2013,TIX,FL,ASO,ES,Federal Contract Tower,0,0,18,0,18,0,0,75,0,75,0,0,93,0,93,50,0,50,143
08/26/2013,TIX,FL,ASO,ES,Federal Contract Tower,0,0,40,0,40,0,0,121,0,121,0,0,161,0,161,138,0,138,299
08/27/2013,TIX,FL,ASO,ES,Federal Contract Tower,0,0,54,0,54,0,0,177,0,177,0,0,231,0,231,172,0,172,403
08/28/2013,TIX,FL,ASO,ES,Federal Contract Tower,0,2,48,0,50,0,0,164,0,164,0,2,212,0,214,234,0,234,448
08/29/2013,TIX,FL,ASO,ES,Federal Contract Tower,0,2,35,1,38,0,0,127,1,128,0,2,162,2,166,148,0,148,314
08/30/2013,TIX,FL,ASO,ES,Federal Contract Tower,0,1,42,0,43,0,0,160,0,160,0,1,202,0,203,94,0,94,297
08/31/2013,TIX,FL,ASO,ES,Federal Contract Tower,0,3,8,0,11,0,0,102,0,102,0,3,110,0,113,110,0,110,223
09/01/2013,TIX,FL,ASO,ES,Federal Contract Tower,0,0,17,0,17,0,0,71,0,71,0,0,88,0,88,64,0,64,152
09/02/2013,TIX,FL,ASO,ES,Federal Contract Tower,0,0,12,0,12,0,0,83,0,83,0,0,95,0,95,80,0,80,175
09/03/2013,TIX,FL,ASO,ES,Federal Contract Tower,0,0,70,0,70,0,0,139,0,139,0,0,209,0,209,178,0,178,387
09/04/2013,TIX,FL,ASO,ES,Federal Contract Tower,0,3,46,0,49,0,0,159,0,159,0,3,205,0,208,166,0,166,374
09/05/2013,TIX,FL,ASO,ES,Federal Contract Tower,0,0,41,2,43,0,0,148,0,148,0,0,189,2,191,186,0,186,377
09/06/2013,TIX,FL,ASO,ES,Federal Contract Tower,0,1,27,0,28,0,0,81,0,81,0,1,108,0,109,138,0,138,247
09/07/2013,TIX,FL,ASO,ES,Federal Contract Tower,0,2,22,0,24,0,0,57,0,57,0,2,79,0,81,44,0,44,125
09/08/2013,TIX,FL,ASO,ES,Federal Contract Tower,0,0,33,0,33,0,0,66,0,66,0,0,99,0,99,54,0,54,153
09/09/2013,TIX,FL,ASO,ES,Federal Contract Tower,0,0,45,0,45,0,0,126,0,126,0,0,171,0,171,132,0,132,303
09/10/2013,TIX,FL,ASO,ES,Federal Contract Tower,0,0,46,0,46,0,0,134,0,134,0,0,180,0,180,230,0,230,410
09/11/2013,TIX,FL,ASO,ES,Federal Contract Tower,0,1,52,0,53,0,0,127,0,127,0,1,179,0,180,216,0,216,396
09/12/2013,TIX,FL,ASO,ES,Federal Contract Tower,0,0,31,2,33,0,0,97,0,97,0,0,128,2,130,224,0,224,354
09/13/2013,TIX,FL,ASO,ES,Federal Contract Tower,0,3,38,0,41,0,0,147,0,147,0,3,185,0,188,98,0,98,286
09/14/2013,TIX,FL,ASO,ES,Federal Contract Tower,0,1,17,0,18,0,0,139,0,139,0,1,156,0,157,92,0,92,249
09/15/2013,TIX,FL,ASO,ES,Federal Contract Tower,0,0,18,0,18,0,0,73,0,73,0,0,91,0,91,54,0,54,145
09/16/2013,TIX,FL,ASO,ES,Federal Contract Tower,0,0,54,0,54,0,0,133,0,133,0,0,187,0,187,120,0,120,307
09/17/2013,TIX,FL,ASO,ES,Federal Contract Tower,0,0,55,0,55,0,0,122,0,122,0,0,177,0,177,303,0,303,480
09/18/2013,TIX,FL,ASO,ES,Federal Contract Tower,0,0,38,0,38,0,0,100,0,100,0,0,138,0,138,206,0,206,344
09/19/2013,TIX,FL,ASO,ES,Federal Contract Tower,0,0,22,0,22,0,0,142,0,142,0,0,164,0,164,168,0,168,332
09/20/2013,TIX,FL,ASO,ES,Federal Contract Tower,0,0,38,1,39,0,0,145,0,145,0,0,183,1,184,170,0,170,354
09/21/2013,TIX,FL,ASO,ES,Federal Contract Tower,0,0,22,2,24,0,0,115,0,115,0,0,137,2,139,84,2,86,225
09/22/2013,TIX,FL,ASO,ES,Federal Contract Tower,0,0,7,0,7,0,0,39,0,39,0,0,46,0,46,8,0,8,54
09/23/2013,TIX,FL,ASO,ES,Federal Contract Tower,0,0,27,0,27,0,0,89,0,89,0,0,116,0,116,54,0,54,170
09/24/2013,TIX,FL,ASO,ES,Federal Contract Tower,0,0,21,0,21,0,0,124,0,124,0,0,145,0,145,208,0,208,353
09/25/2013,TIX,FL,ASO,ES,Federal Contract Tower,0,0,30,0,30,0,0,76,0,76,0,0,106,0,106,236,0,236,342
09/26/2013,TIX,FL,ASO,ES,Federal Contract Tower,0,0,24,0,24,0,0,135,0,135,0,0,159,0,159,204,0,204,363
09/27/2013,TIX,FL,ASO,ES,Federal Contract Tower,0,0,36,1,37,0,0,130,0,130,0,0,166,1,167,98,0,98,265
09/28/2013,TIX,FL,ASO,ES,Federal Contract Tower,0,2,22,0,24,0,0,48,0,48,0,2,70,0,72,72,0,72,144
09/29/2013,TIX,FL,ASO,ES,Federal Contract Tower,0,0,19,3,22,0,0,49,0,49,0,0,68,3,71,48,8,56,127
09/30/2013,TIX,FL,ASO,ES,Federal Contract Tower,0,0,27,0,27,0,0,170,0,170,0,0,197,0,197,234,0,234,431
10/01/2013,TIX,FL,ASO,ES,Federal Contract Tower,0,0,24,0,24,0,0,146,0,146,0,0,170,0,170,164,0,164,334
10/02/2013,TIX,FL,ASO,ES,Federal Contract Tower,0,0,30,0,30,0,0,170,0,170,0,0,200,0,200,138,0,138,338
10/03/2013,TIX,FL,ASO,ES,Federal Contract Tower,0,0,33,0,33,0,0,129,0,129,0,0,162,0,162,152,0,152,314
10/04/2013,TIX,FL,ASO,ES,Federal Contract Tower,0,0,28,0,28,0,0,88,0,88,0,0,116,0,116,134,0,134,250
10/05/2013,TIX,FL,ASO,ES,Federal Contract Tower,0,3,16,0,19,0,0,92,0,92,0,3,108,0,111,146,0,146,257
10/06/2013,TIX,FL,ASO,ES,Federal Contract Tower,0,0,9,0,9,0,0,31,0,31,0,0,40,0,40,38,0,38,78
10/07/2013,TIX,FL,ASO,ES,Federal Contract Tower,0,0,18,0,18,0,0,92,0,92,0,0,110,0,110,98,0,98,208
10/08/2013,TIX,FL,ASO,ES,Federal Contract Tower,0,0,21,0,21,0,0,95,0,95,0,0,116,0,116,186,0,186,302
10/09/2013,TIX,FL,ASO,ES,Federal Contract Tower,0,0,28,2,30,0,0,102,0,102,0,0,130,2,132,148,0,148,280
10/10/2013,TIX,FL,ASO,ES,Federal Contract Tower,0,0,23,0,23,0,0,179,0,179,0,0,202,0,202,196,0,196,398
10/11/2013,TIX,FL,ASO,ES,Federal Contract Tower,0,0,28,0,28,0,0,132,0,132,0,0,160,0,160,74,0,74,234
10/12/2013,TIX,FL,ASO,ES,Federal Contract Tower,0,0,28,0,28,0,0,145,0,145,0,0,173,0,173,92,0,92,265
10/13/2013,TIX,FL,ASO,ES,Federal Contract Tower,0,2,23,0,25,0,0,51,0,51,0,2,74,0,76,86,0,86,162
10/14/2013,TIX,FL,ASO,ES,Federal Contract Tower,0,0,39,0,39,0,0,127,0,127,0,0,166,0,166,164,0,164,330
10/15/2013,TIX,FL,ASO,ES,Federal Contract Tower,0,0,33,0,33,0,0,41,0,41,0,0,74,0,74,56,0,56,130
10/16/2013,TIX,FL,ASO,ES,Federal Contract Tower,0,2,34,0,36,0,0,100,0,100,0,2,134,0,136,94,0,94,230
10/17/2013,TIX,FL,ASO,ES,Federal Contract Tower,0,0,35,0,35,0,0,140,0,140,0,0,175,0,175,76,0,76,251
10/18/2013,TIX,FL,ASO,ES,Federal Contract Tower,0,0,24,0,24,0,0,169,0,169,0,0,193,0,193,76,0,76,269
10/19/2013,TIX,FL,ASO,ES,Federal Contract Tower,0,0,8,0,8,0,0,111,0,111,0,0,119,0,119,148,0,148,267
10/20/2013,TIX,FL,ASO,ES,Federal Contract Tower,0,0,9,0,9,0,0,60,0,60,0,0,69,0,69,66,0,66,135
10/21/2013,TIX,FL,ASO,ES,Federal Contract Tower,0,0,21,0,21,0,0,123,0,123,0,0,144,0,144,120,0,120,264
10/22/2013,TIX,FL,ASO,ES,Federal Contract Tower,0,0,37,0,37,0,0,135,0,135,0,0,172,0,172,66,0,66,238
10/23/2013,TIX,FL,ASO,ES,Federal Contract Tower,0,0,36,2,38,0,0,138,2,140,0,0,174,4,178,94,0,94,272
10/24/2013,TIX,FL,ASO,ES,Federal Contract Tower,0,2,35,0,37,0,0,146,0,146,0,2,181,0,183,216,0,216,399
10/25/2013,TIX,FL,ASO,ES,Federal Contract Tower,0,0,46,1,47,0,0,165,0,165,0,0,211,1,212,156,16,172,384
10/26/2013,TIX,FL,ASO,ES,Federal Contract Tower,0,0,14,0,14,0,0,79,0,79,0,0,93,0,93,112,0,112,205
10/27/2013,TIX,FL,ASO,ES,Federal Contract Tower,0,0,22,0,22,0,0,54,0,54,0,0,76,0,76,82,0,82,158
10/28/2013,TIX,FL,ASO,ES,Federal Contract Tower,0,0,29,6,35,0,0,136,0,136,0,0,165,6,171,116,4,120,291
10/29/2013,TIX,FL,ASO,ES,Federal Contract Tower,0,0,31,0,31,0,0,106,0,106,0,0,137,0,137,160,0,160,297
10/30/2013,TIX,FL,ASO,ES,Federal Contract Tower,0,0,45,0,45,0,0,126,0,126,0,0,171,0,171,118,0,118,289
10/31/2013,TIX,FL,ASO,ES,Federal Contract Tower,0,0,30,4,34,0,0,135,0,135,0,0,165,4,169,152,4,156,325
11/01/2013,TIX,FL,ASO,ES,Federal Contract Tower,0,1,15,0,16,0,0,149,0,149,0,1,164,0,165,82,0,82,247
11/02/2013,TIX,FL,ASO,ES,Federal Contract Tower,0,2,20,0,22,0,0,42,0,42,0,2,62,0,64,36,0,36,100
11/03/2013,TIX,FL,ASO,ES,Federal Contract Tower,0,0,26,0,26,0,0,38,0,38,0,0,64,0,64,40,0,40,104
11/04/2013,TIX,FL,ASO,ES,Federal Contract Tower,0,0,11,2,13,0,0,40,0,40,0,0,51,2,53,80,0,80,133
11/05/2013,TIX,FL,ASO,ES,Federal Contract Tower,0,0,20,0,20,0,0,44,0,44,0,0,64,0,64,70,0,70,134
11/06/2013,TIX,FL,ASO,ES,Federal Contract Tower,0,1,46,0,47,0,0,136,0,136,0,1,182,0,183,250,0,250,433
11/07/2013,TIX,FL,ASO,ES,Federal Contract Tower,0,0,47,0,47,0,0,109,0,109,0,0,156,0,156,74,0,74,230
11/08/2013,TIX,FL,ASO,ES,Federal Contract Tower,1,33,0,0,34,0,0,106,0,106,1,33,106,0,140,202,0,202,342
11/09/2013,TIX,FL,ASO,ES,Federal Contract Tower,0,1,28,0,29,0,0,113,0,113,0,1,141,0,142,170,0,170,312
11/10/2013,TIX,FL,ASO,ES,Federal Contract Tower,0,0,9,0,9,0,0,69,0,69,0,0,78,0,78,70,0,70,148
11/11/2013,TIX,FL,ASO,ES,Federal Contract Tower,0,0,38,2,40,0,0,123,0,123,0,0,161,2,163,86,0,86,249
11/12/2013,TIX,FL,ASO,ES,Federal Contract Tower,0,0,64,5,69,0,0,150,0,150,0,0,214,5,219,120,4,124,343
11/13/2013,TIX,FL,ASO,ES,Federal Contract Tower,0,0,15,2,17,0,0,3,0,3,0,0,18,2,20,0,0,0,20
11/14/2013,TIX,FL,ASO,ES,Federal Contract Tower,0,0,39,0,39,0,0,122,0,122,0,0,161,0,161,178,0,178,339
11/15/2013,TIX,FL,ASO,ES,Federal Contract Tower,0,1,33,0,34,0,0,188,0,188,0,1,221,0,222,254,0,254,476
11/16/2013,TIX,FL,ASO,ES,Federal Contract Tower,0,0,9,0,9,0,0,73,0,73,0,0,82,0,82,92,0,92,174
11/17/2013,TIX,FL,ASO,ES,Federal Contract Tower,0,5,8,0,13,0,0,55,0,55,0,5,63,0,68,82,0,82,150
11/18/2013,TIX,FL,ASO,ES,Federal Contract Tower,0,0,44,0,44,0,0,135,0,135,0,0,179,0,179,176,0,176,355
11/19/2013,TIX,FL,ASO,ES,Federal Contract Tower,0,0,30,0,30,0,0,141,0,141,0,0,171,0,171,190,0,190,361
11/20/2013,TIX,FL,ASO,ES,Federal Contract Tower,0,2,20,0,22,0,0,57,0,57,0,2,77,0,79,106,0,106,185
11/21/2013,TIX,FL,ASO,ES,Federal Contract Tower,0,1,35,1,37,0,0,49,1,50,0,1,84,2,87,80,0,80,167
11/22/2013,TIX,FL,ASO,ES,Federal Contract Tower,0,2,52,0,54,0,0,142,0,142,0,2,194,0,196,176,0,176,372
11/23/2013,TIX,FL,ASO,ES,Federal Contract Tower,0,2,33,0,35,0,0,113,0,113,0,2,146,0,148,146,0,146,294
11/24/2013,TIX,FL,ASO,ES,Federal Contract Tower,0,0,13,0,13,0,0,6,0,6,0,0,19,0,19,30,0,30,49
11/25/2013,TIX,FL,ASO,ES,Federal Contract Tower,0,0,23,0,23,0,0,113,0,113,0,0,136,0,136,128,0,128,264
11/26/2013,TIX,FL,ASO,ES,Federal Contract Tower,0,0,9,0,9,0,0,57,0,57,0,0,66,0,66,108,0,108,174
11/27/2013,TIX,FL,ASO,ES,Federal Contract Tower,0,0,18,0,18,0,0,47,0,47,0,0,65,0,65,14,0,14,79
11/28/2013,TIX,FL,ASO,ES,Federal Contract Tower,0,1,8,0,9,0,0,21,0,21,0,1,29,0,30,6,2,8,38
11/29/2013,TIX,FL,ASO,ES,Federal Contract Tower,0,1,10,0,11,0,0,41,0,41,0,1,51,0,52,31,0,31,83
11/30/2013,TIX,FL,ASO,ES,Federal Contract Tower,0,1,17,0,18,0,0,36,0,36,0,1,53,0,54,8,0,8,62
12/01/2013,TIX,FL,ASO,ES,Federal Contract Tower,0,2,20,0,22,0,0,18,0,18,0,2,38,0,40,4,0,4,44
12/02/2013,TIX,FL,ASO,ES,Federal Contract Tower,0,0,44,0,44,0,0,106,0,106,0,0,150,0,150,152,0,152,302
12/03/2013,TIX,FL,ASO,ES,Federal Contract Tower,0,0,43,0,43,0,0,139,0,139,0,0,182,0,182,216,0,216,398
12/04/2013,TIX,FL,ASO,ES,Federal Contract Tower,0,2,35,2,39,0,0,131,0,131,0,2,166,2,170,182,6,188,358
12/05/2013,TIX,FL,ASO,ES,Federal Contract Tower,0,0,10,0,10,0,0,191,0,191,0,0,201,0,201,194,0,194,395
12/06/2013,TIX,FL,ASO,ES,Federal Contract Tower,0,6,9,0,15,0,0,104,0,104,0,6,113,0,119,149,0,149,268
12/07/2013,TIX,FL,ASO,ES,Federal Contract Tower,0,1,8,0,9,0,0,69,0,69,0,1,77,0,78,58,0,58,136
12/08/2013,TIX,FL,ASO,ES,Federal Contract Tower,0,0,10,0,10,0,0,64,0,64,0,0,74,0,74,76,0,76,150
12/09/2013,TIX,FL,ASO,ES,Federal Contract Tower,0,0,13,0,13,0,0,150,0,150,0,0,163,0,163,198,0,198,361
12/10/2013,TIX,FL,ASO,ES,Federal Contract Tower,0,0,20,0,20,0,0,146,0,146,0,0,166,0,166,318,0,318,484
12/11/2013,TIX,FL,ASO,ES,Federal Contract Tower,0,2,38,3,43,0,0,146,3,149,0,2,184,6,192,262,0,262,454
12/12/2013,TIX,FL,ASO,ES,Federal Contract Tower,0,2,39,0,41,0,0,82,0,82,0,2,121,0,123,268,0,268,391
12/13/2013,TIX,FL,ASO,ES,Federal Contract Tower,0,0,32,0,32,0,0,120,0,120,0,0,152,0,152,209,0,209,361
12/14/2013,TIX,FL,ASO,ES,Federal Contract Tower,0,0,12,0,12,0,0,121,0,121,0,0,133,0,133,108,0,108,241
12/15/2013,TIX,FL,ASO,ES,Federal Contract Tower,0,4,6,0,10,0,0,29,0,29,0,4,35,0,39,88,0,88,127
12/16/2013,TIX,FL,ASO,ES,Federal Contract Tower,0,0,29,0,29,0,0,125,0,125,0,0,154,0,154,248,0,248,402
12/17/2013,TIX,FL,ASO,ES,Federal Contract Tower,0,0,35,0,35,0,0,159,0,159,0,0,194,0,194,224,0,224,418
12/18/2013,TIX,FL,ASO,ES,Federal Contract Tower,0,1,36,1,38,0,0,148,1,149,0,1,184,2,187,181,0,181,368
12/19/2013,TIX,FL,ASO,ES,Federal Contract Tower,0,1,15,0,16,0,0,176,0,176,0,1,191,0,192,158,0,158,350
12/20/2013,TIX,FL,ASO,ES,Federal Contract Tower,0,0,14,0,14,0,0,97,0,97,0,0,111,0,111,140,0,140,251
12/21/2013,TIX,FL,ASO,ES,Federal Contract Tower,0,0,14,0,14,0,2,71,0,73,0,2,85,0,87,80,0,80,167
12/22/2013,TIX,FL,ASO,ES,Federal Contract Tower,0,2,2,0,4,0,0,41,0,41,0,2,43,0,45,72,0,72,117
12/23/2013,TIX,FL,ASO,ES,Federal Contract Tower,0,0,8,0,8,0,0,85,0,85,0,0,93,0,93,162,0,162,255
12/24/2013,TIX,FL,ASO,ES,Federal Contract Tower,0,0,9,0,9,0,0,19,0,19,0,0,28,0,28,24,0,24,52
12/25/2013,TIX,FL,ASO,ES,Federal Contract Tower,0,0,3,0,3,0,0,6,0,6,0,0,9,0,9,10,0,10,19
12/26/2013,TIX,FL,ASO,ES,Federal Contract Tower,0,0,7,0,7,0,0,36,0,36,0,0,43,0,43,18,0,18,61
12/27/2013,TIX,FL,ASO,ES,Federal Contract Tower,0,0,23,0,23,0,0,58,0,58,0,0,81,0,81,120,0,120,201
12/28/2013,TIX,FL,ASO,ES,Federal Contract Tower,0,0,19,0,19,0,0,28,0,28,0,0,47,0,47,24,0,24,71
12/29/2013,TIX,FL,ASO,ES,Federal Contract Tower,0,1,17,0,18,0,0,5,0,5,0,1,22,0,23,82,0,82,105
12/30/2013,TIX,FL,ASO,ES,Federal Contract Tower,0,0,63,0,63,0,0,29,0,29,0,0,92,0,92,84,0,84,176
12/31/2013,TIX,FL,ASO,ES,Federal Contract Tower,0,0,27,0,27,0,0,90,0,90,0,0,117,0,117,100,0,100,217
01/01/2014,TIX,FL,ASO,ES,Federal Contract Tower,0,0,2,0,2,0,0,1,0,1,0,0,3,0,3,0,0,0,3
01/02/2014,TIX,FL,ASO,ES,Federal Contract Tower,0,3,4,0,7,0,0,12,0,12,0,3,16,0,19,32,0,32,51
01/03/2014,TIX,FL,ASO,ES,Federal Contract Tower,0,0,24,0,24,0,0,36,0,36,0,0,60,0,60,50,0,50,110
01/04/2014,TIX,FL,ASO,ES,Federal Contract Tower,0,0,17,0,17,0,0,77,0,77,0,0,94,0,94,154,0,154,248
01/05/2014,TIX,FL,ASO,ES,Federal Contract Tower,0,0,8,0,8,0,0,43,0,43,0,0,51,0,51,126,0,126,177
01/06/2014,TIX,FL,ASO,ES,Federal Contract Tower,0,0,16,0,16,0,0,44,0,44,0,0,60,0,60,38,0,38,98
01/07/2014,TIX,FL,ASO,ES,Federal Contract Tower,0,2,16,0,18,0,0,87,0,87,0,2,103,0,105,160,0,160,265
01/08/2014,TIX,FL,ASO,ES,Federal Contract Tower,0,0,20,0,20,0,0,151,0,151,0,0,171,0,171,202,0,202,373
01/09/2014,TIX,FL,ASO,ES,Federal Contract Tower,0,0,12,1,13,0,0,68,0,68,0,0,80,1,81,154,0,154,235
01/10/2014,TIX,FL,ASO,ES,Federal Contract Tower,0,1,13,0,14,0,0,132,0,132,0,1,145,0,146,218,0,218,364
01/11/2014,TIX,FL,ASO,ES,Federal Contract Tower,0,2,21,0,23,0,0,40,0,40,0,2,61,0,63,40,0,40,103
01/12/2014,TIX,FL,ASO,ES,Federal Contract Tower,0,0,30,0,30,0,0,136,0,136,0,0,166,0,166,242,0,242,408
01/13/2014,TIX,FL,ASO,ES,Federal Contract Tower,0,11,0,0,11,0,0,128,0,128,0,11,128,0,139,138,0,138,277
01/14/2014,TIX,FL,ASO,ES,Federal Contract Tower,0,0,19,1,20,0,0,89,1,90,0,0,108,2,110,124,0,124,234
01/15/2014,TIX,FL,ASO,ES,Federal Contract Tower,0,0,26,0,26,0,0,133,0,133,0,0,159,0,159,252,0,252,411
01/16/2014,TIX,FL,ASO,ES,Federal Contract Tower,0,0,24,0,24,0,0,140,0,140,0,0,164,0,164,114,0,114,278
01/17/2014,TIX,FL,ASO,ES,Federal Contract Tower,0,0,24,0,24,0,0,130,0,130,0,0,154,0,154,116,0,116,270
01/18/2014,TIX,FL,ASO,ES,Federal Contract Tower,0,2,21,0,23,0,0,107,0,107,0,2,128,0,130,106,0,106,236
01/19/2014,TIX,FL,ASO,ES,Federal Contract Tower,0,2,4,0,6,0,0,95,0,95,0,2,99,0,101,124,0,124,225
01/20/2014,TIX,FL,ASO,ES,Federal Contract Tower,0,0,16,0,16,0,0,132,0,132,0,0,148,0,148,186,0,186,334
01/21/2014,TIX,FL,ASO,ES,Federal Contract Tower,0,0,17,0,17,0,0,78,0,78,0,0,95,0,95,148,0,148,243
01/22/2014,TIX,FL,ASO,ES,Federal Contract Tower,0,0,58,0,58,0,0,140,0,140,0,0,198,0,198,189,0,189,387
01/23/2014,TIX,FL,ASO,ES,Federal Contract Tower,0,0,33,0,33,0,0,132,0,132,0,0,165,0,165,214,0,214,379
01/24/2014,TIX,FL,ASO,ES,Federal Contract Tower,0,0,27,0,27,0,0,145,0,145,0,0,172,0,172,164,0,164,336
01/25/2014,TIX,FL,ASO,ES,Federal Contract Tower,0,0,14,0,14,0,0,125,0,125,0,0,139,0,139,42,0,42,181
01/26/2014,TIX,FL,ASO,ES,Federal Contract Tower,0,0,24,0,24,0,0,69,0,69,0,0,93,0,93,108,0,108,201
01/27/2014,TIX,FL,ASO,ES,Federal Contract Tower,0,0,35,2,37,0,0,92,0,92,0,0,127,2,129,172,0,172,301
01/28/2014,TIX,FL,ASO,ES,Federal Contract Tower,0,0,8,0,8,0,0,163,0,163,0,0,171,0,171,140,0,140,311
01/29/2014,TIX,FL,ASO,ES,Federal Contract Tower,0,0,38,0,38,0,0,0,0,0,0,0,38,0,38,38,0,38,76
01/30/2014,TIX,FL,ASO,ES,Federal Contract Tower,0,3,5,0,8,0,0,0,0,0,0,3,5,0,8,4,0,4,12
01/31/2014,TIX,FL,ASO,ES,Federal Contract Tower,0,0,13,0,13,0,0,0,0,0,0,0,13,0,13,0,0,0,13
02/01/2014,TIX,FL,ASO,ES,Federal Contract Tower,0,2,8,0,10,0,0,57,0,57,0,2,65,0,67,78,0,78,145
02/02/2014,TIX,FL,ASO,ES,Federal Contract Tower,0,0,7,0,7,0,0,83,0,83,0,0,90,0,90,144,0,144,234
02/03/2014,TIX,FL,ASO,ES,Federal Contract Tower,0,0,2,0,2,0,0,141,0,141,0,0,143,0,143,261,0,261,404
02/04/2014,TIX,FL,ASO,ES,Federal Contract Tower,0,0,3,0,3,0,0,161,0,161,0,0,164,0,164,178,0,178,342
02/05/2014,TIX,FL,ASO,ES,Federal Contract Tower,0,0,19,0,19,0,0,136,0,136,0,0,155,0,155,153,0,153,308
02/06/2014,TIX,FL,ASO,ES,Federal Contract Tower,0,1,23,0,24,0,0,90,0,90,0,1,113,0,114,105,0,105,219
02/07/2014,TIX,FL,ASO,ES,Federal Contract Tower,0,1,37,0,38,0,0,0,0,0,0,1,37,0,38,14,0,14,52
02/08/2014,TIX,FL,ASO,ES,Federal Contract Tower,0,0,14,0,14,0,0,0,0,0,0,0,14,0,14,6,0,6,20
02/09/2014,TIX,FL,ASO,ES,Federal Contract Tower,0,0,24,0,24,0,0,93,0,93,0,0,117,0,117,164,0,164,281
02/10/2014,TIX,FL,ASO,ES,Federal Contract Tower,0,0,21,2,23,0,0,149,0,149,0,0,170,2,172,254,0,254,426
02/11/2014,TIX,FL,ASO,ES,Federal Contract Tower,0,0,16,0,16,0,0,171,0,171,0,0,187,0,187,184,0,184,371
02/12/2014,TIX,FL,ASO,ES,Federal Contract Tower,0,0,11,0,11,0,0,72,0,72,0,0,83,0,83,106,0,106,189
02/13/2014,TIX,FL,ASO,ES,Federal Contract Tower,0,1,8,0,9,0,0,21,0,21,0,1,29,0,30,96,0,96,126
02/14/2014,TIX,FL,ASO,ES,Federal Contract Tower,0,2,19,0,21,0,0,132,0,132,0,2,151,0,153,166,0,166,319
02/15/2014,TIX,FL,ASO,ES,Federal Contract Tower,0,0,33,0,33,0,0,55,0,55,0,0,88,0,88,8,0,8,96
02/16/2014,TIX,FL,ASO,ES,Federal Contract Tower,0,0,28,0,28,0,0,123,0,123,0,0,151,0,151,52,0,52,203
02/17/2014,TIX,FL,ASO,ES,Federal Contract Tower,0,0,18,0,18,0,0,143,0,143,0,0,161,0,161,130,0,130,291
02/18/2014,TIX,FL,ASO,ES,Federal Contract Tower,0,0,12,0,12,0,0,109,0,109,0,0,121,0,121,152,0,152,273
02/19/2014,TIX,FL,ASO,ES,Federal Contract Tower,0,0,15,2,17,0,0,141,0,141,0,0,156,2,158,154,0,154,312
02/20/2014,TIX,FL,ASO,ES,Federal Contract Tower,0,4,14,0,18,0,0,148,0,148,0,4,162,0,166,270,0,270,436
02/21/2014,TIX,FL,ASO,ES,Federal Contract Tower,0,2,10,0,12,0,0,83,0,83,0,2,93,0,95,98,0,98,193
02/22/2014,TIX,FL,ASO,ES,Federal Contract Tower,0,0,9,0,9,0,0,0,0,0,0,0,9,0,9,8,0,8,17
02/23/2014,TIX,FL,ASO,ES,Federal Contract Tower,0,0,14,0,14,0,0,33,0,33,0,0,47,0,47,50,0,50,97
02/24/2014,TIX,FL,ASO,ES,Federal Contract Tower,0,2,32,1,35,0,0,149,0,149,0,2,181,1,184,188,0,188,372
02/25/2014,TIX,FL,ASO,ES,Federal Contract Tower,0,0,43,0,43,0,0,191,0,191,0,0,234,0,234,246,0,246,480
02/26/2014,TIX,FL,ASO,ES,Federal Contract Tower,0,0,34,0,34,0,0,112,0,112,0,0,146,0,146,118,0,118,264
02/27/2014,TIX,FL,ASO,ES,Federal Contract Tower,0,0,45,0,45,0,0,42,0,42,0,0,87,0,87,88,0,88,175
02/28/2014,TIX,FL,ASO,ES,Federal Contract Tower,0,0,28,0,28,0,0,196,0,196,0,0,224,0,224,172,0,172,396
03/01/2014,TIX,FL,ASO,ES,Federal Contract Tower,0,0,20,0,20,0,0,123,0,123,0,0,143,0,143,190,0,190,333
03/02/2014,TIX,FL,ASO,ES,Federal Contract Tower,0,0,6,0,6,0,0,101,0,101,0,0,107,0,107,90,0,90,197
03/03/2014,TIX,FL,ASO,ES,Federal Contract Tower,0,0,9,0,9,0,0,137,0,137,0,0,146,0,146,158,0,158,304
03/04/2014,TIX,FL,ASO,ES,Federal Contract Tower,0,0,16,0,16,0,0,155,0,155,0,0,171,0,171,150,0,150,321
03/05/2014,TIX,FL,ASO,ES,Federal Contract Tower,0,0,32,0,32,0,0,46,0,46,0,0,78,0,78,46,0,46,124
03/06/2014,TIX,FL,ASO,ES,Federal Contract Tower,0,2,16,0,18,0,0,64,0,64,0,2,80,0,82,98,0,98,180
03/07/2014,TIX,FL,ASO,ES,Federal Contract Tower,0,0,34,3,37,0,0,85,0,85,0,0,119,3,122,142,0,142,264
03/08/2014,TIX,FL,ASO,ES,Federal Contract Tower,0,0,20,0,20,0,0,108,0,108,0,0,128,0,128,104,0,104,232
03/09/2014,TIX,FL,ASO,ES,Federal Contract Tower,0,0,33,0,33,0,0,114,0,114,0,0,147,0,147,58,0,58,205
03/10/2014,TIX,FL,ASO,ES,Federal Contract Tower,0,0,35,0,35,0,0,141,0,141,0,0,176,0,176,176,0,176,352
03/11/2014,TIX,FL,ASO,ES,Federal Contract Tower,0,0,35,0,35,0,0,171,0,171,0,0,206,0,206,96,0,96,302
03/12/2014,TIX,FL,ASO,ES,Federal Contract Tower,0,0,13,0,13,0,0,93,0,93,0,0,106,0,106,38,0,38,144
03/13/2014,TIX,FL,ASO,ES,Federal Contract Tower,0,0,39,0,39,0,0,203,0,203,0,0,242,0,242,148,0,148,390
03/14/2014,TIX,FL,ASO,ES,Federal Contract Tower,0,1,5,0,6,0,0,97,0,97,0,1,102,0,103,34,0,34,137
03/15/2014,TIX,FL,ASO,ES,Federal Contract Tower,0,0,8,0,8,0,0,141,0,141,0,0,149,0,149,34,0,34,183
03/16/2014,TIX,FL,ASO,ES,Federal Contract Tower,0,1,3,0,4,0,0,103,0,103,0,1,106,0,107,6,0,6,113
03/17/2014,TIX,FL,ASO,ES,Federal Contract Tower,0,1,1,0,2,0,0,38,0,38,0,1,39,0,40,72,0,72,112
03/18/2014,TIX,FL,ASO,ES,Federal Contract Tower,0,0,39,0,39,0,0,138,0,138,0,0,177,0,177,142,0,142,319
03/19/2014,TIX,FL,ASO,ES,Federal Contract Tower,0,0,19,0,19,0,0,168,2,170,0,0,187,2,189,204,0,204,393
03/20/2014,TIX,FL,ASO,ES,Federal Contract Tower,0,1,14,0,15,0,0,99,0,99,0,1,113,0,114,76,0,76,190
03/21/2014,TIX,FL,ASO,ES,Federal Contract Tower,0,0,27,0,27,0,0,195,0,195,0,0,222,0,222,178,2,180,402
03/22/2014,TIX,FL,ASO,ES,Federal Contract Tower,0,2,8,0,10,0,0,62,0,62,0,2,70,0,72,120,0,120,192
03/23/2014,TIX,FL,ASO,ES,Federal Contract Tower,0,1,15,0,16,0,0,78,0,78,0,1,93,0,94,56,0,56,150
03/24/2014,TIX,FL,ASO,ES,Federal Contract Tower,0,0,28,0,28,0,0,119,0,119,0,0,147,0,147,178,0,178,325
03/25/2014,TIX,FL,ASO,ES,Federal Contract Tower,0,0,38,0,38,0,0,62,0,62,0,0,100,0,100,104,0,104,204
03/26/2014,TIX,FL,ASO,ES,Federal Contract Tower,0,0,32,2,34,0,0,131,0,131,0,0,163,2,165,160,0,160,325
03/27/2014,TIX,FL,ASO,ES,Federal Contract Tower,0,0,23,0,23,0,0,112,0,112,0,0,135,0,135,230,0,230,365
03/28/2014,TIX,FL,ASO,ES,Federal Contract Tower,0,1,13,0,14,0,0,93,0,93,0,1,106,0,107,116,0,116,223
03/29/2014,TIX,FL,ASO,ES,Federal Contract Tower,0,3,10,0,13,0,0,16,0,16,0,3,26,0,29,14,0,14,43
03/30/2014,TIX,FL,ASO,ES,Federal Contract Tower,0,2,6,0,8,0,0,66,0,66,0,2,72,0,74,52,0,52,126
03/31/2014,TIX,FL,ASO,ES,Federal Contract Tower,0,1,31,0,32,0,0,155,0,155,0,1,186,0,187,218,0,218,405
04/01/2014,TIX,FL,ASO,ES,Federal Contract Tower,0,0,36,0,36,0,0,173,0,173,0,0,209,0,209,162,0,162,371
04/02/2014,TIX,FL,ASO,ES,Federal Contract Tower,0,0,29,0,29,0,0,117,0,117,0,0,146,0,146,138,0,138,284
04/03/2014,TIX,FL,ASO,ES,Federal Contract Tower,0,1,22,0,23,0,0,175,0,175,0,1,197,0,198,244,0,244,442
04/04/2014,TIX,FL,ASO,ES,Federal Contract Tower,0,0,22,0,22,0,0,198,0,198,0,0,220,0,220,216,0,216,436
04/05/2014,TIX,FL,ASO,ES,Federal Contract Tower,0,0,13,0,13,0,0,88,0,88,0,0,101,0,101,90,0,90,191
04/06/2014,TIX,FL,ASO,ES,Federal Contract Tower,0,0,7,0,7,0,0,68,0,68,0,0,75,0,75,198,0,198,273
04/07/2014,TIX,FL,ASO,ES,Federal Contract Tower,0,0,10,0,10,0,0,130,0,130,0,0,140,0,140,212,0,212,352
04/08/2014,TIX,FL,ASO,ES,Federal Contract Tower,0,0,3,0,3,0,0,14,0,14,0,0,17,0,17,54,0,54,71
04/09/2014,TIX,FL,ASO,ES,Federal Contract Tower,0,0,34,0,34,0,0,185,0,185,0,0,219,0,219,202,0,202,421
04/10/2014,TIX,FL,ASO,ES,Federal Contract Tower,0,0,34,0,34,0,0,172,0,172,0,0,206,0,206,260,0,260,466
04/11/2014,TIX,FL,ASO,ES,Federal Contract Tower,0,0,16,0,16,0,0,167,0,167,0,0,183,0,183,126,0,126,309
04/12/2014,TIX,FL,ASO,ES,Federal Contract Tower,0,1,20,0,21,0,0,155,0,155,0,1,175,0,176,70,0,70,246
04/13/2014,TIX,FL,ASO,ES,Federal Contract Tower,0,2,7,0,9,0,0,61,0,61,0,2,68,0,70,62,0,62,132
04/14/2014,TIX,FL,ASO,ES,Federal Contract Tower,0,0,16,0,16,0,0,152,0,152,0,0,168,0,168,205,0,205,373
04/15/2014,TIX,FL,ASO,ES,Federal Contract Tower,0,0,8,0,8,0,0,66,0,66,0,0,74,0,74,82,0,82,156
04/16/2014,TIX,FL,ASO,ES,Federal Contract Tower,0,1,33,0,34,0,0,151,0,151,0,1,184,0,185,130,0,130,315
04/17/2014,TIX,FL,ASO,ES,Federal Contract Tower,0,2,19,0,21,0,0,78,0,78,0,2,97,0,99,34,0,34,133
04/18/2014,TIX,FL,ASO,ES,Federal Contract Tower,0,0,18,0,18,0,0,33,0,33,0,0,51,0,51,44,0,44,95
04/19/2014,TIX,FL,ASO,ES,Federal Contract Tower,0,0,12,0,12,0,0,64,0,64,0,0,76,0,76,138,0,138,214
04/20/2014,TIX,FL,ASO,ES,Federal Contract Tower,0,0,18,0,18,0,0,34,0,34,0,0,52,0,52,40,0,40,92
04/21/2014,TIX,FL,ASO,ES,Federal Contract Tower,0,0,38,0,38,0,0,168,0,168,0,0,206,0,206,210,0,210,416
04/22/2014,TIX,FL,ASO,ES,Federal Contract Tower,0,0,41,0,41,0,0,238,0,238,0,0,279,0,279,240,0,240,519
04/23/2014,TIX,FL,ASO,ES,Federal Contract Tower,0,0,35,0,35,0,0,154,0,154,0,0,189,0,189,278,0,278,467
04/24/2014,TIX,FL,ASO,ES,Federal Contract Tower,0,0,32,0,32,0,0,169,0,169,0,0,201,0,201,206,0,206,407
04/25/2014,TIX,FL,ASO,ES,Federal Contract Tower,0,0,56,0,56,0,0,239,0,239,0,0,295,0,295,336,0,336,631
04/26/2014,TIX,FL,ASO,ES,Federal Contract Tower,0,0,20,0,20,0,0,114,0,114,0,0,134,0,134,50,0,50,184
04/27/2014,TIX,FL,ASO,ES,Federal Contract Tower,0,0,16,0,16,0,0,82,1,83,0,0,98,1,99,140,0,140,239
04/28/2014,TIX,FL,ASO,ES,Federal Contract Tower,0,0,16,0,16,0,0,152,0,152,0,0,168,0,168,230,0,230,398
04/29/2014,TIX,FL,ASO,ES,Federal Contract Tower,0,0,9,0,9,0,0,139,0,139,0,0,148,0,148,156,0,156,304
04/30/2014,TIX,FL,ASO,ES,Federal Contract Tower,0,0,8,0,8,0,0,116,0,116,0,0,124,0,124,236,0,236,360
05/01/2014,TIX,FL,ASO,ES,Federal Contract Tower,0,0,20,0,20,0,0,132,0,132,0,0,152,0,152,186,0,186,338
05/02/2014,TIX,FL,ASO,ES,Federal Contract Tower,0,0,15,0,15,0,0,96,0,96,0,0,111,0,111,128,0,128,239
05/03/2014,TIX,FL,ASO,ES,Federal Contract Tower,0,0,4,0,4,0,0,0,0,0,0,0,4,0,4,2,0,2,6
05/04/2014,TIX,FL,ASO,ES,Federal Contract Tower,0,0,25,0,25,0,0,115,0,115,0,0,140,0,140,238,0,238,378
05/05/2014,TIX,FL,ASO,ES,Federal Contract Tower,0,4,38,2,44,0,0,193,0,193,0,4,231,2,237,322,0,322,559
05/06/2014,TIX,FL,ASO,ES,Federal Contract Tower,0,2,47,0,49,0,0,271,0,271,0,2,318,0,320,296,0,296,616
05/07/2014,TIX,FL,ASO,ES,Federal Contract Tower,0,0,12,0,12,0,0,223,0,223,0,0,235,0,235,258,0,258,493
05/08/2014,TIX,FL,ASO,ES,Federal Contract Tower,0,0,8,0,8,0,0,226,0,226,0,0,234,0,234,298,2,300,534
05/09/2014,TIX,FL,ASO,ES,Federal Contract Tower,0,2,10,0,12,0,0,120,0,120,0,2,130,0,132,172,0,172,304
05/10/2014,TIX,FL,ASO,ES,Federal Contract Tower,0,1,8,0,9,0,0,93,0,93,0,1,101,0,102,72,0,72,174
05/11/2014,TIX,FL,ASO,ES,Federal Contract Tower,0,0,10,0,10,0,0,50,0,50,0,0,60,0,60,82,0,82,142
05/12/2014,TIX,FL,ASO,ES,Federal Contract Tower,0,2,22,0,24,0,0,134,0,134,0,2,156,0,158,214,0,214,372
05/13/2014,TIX,FL,ASO,ES,Federal Contract Tower,0,0,36,0,36,0,0,165,0,165,0,0,201,0,201,190,0,190,391
05/14/2014,TIX,FL,ASO,ES,Federal Contract Tower,0,4,24,0,28,0,0,143,0,143,0,4,167,0,171,172,0,172,343
05/15/2014,TIX,FL,ASO,ES,Federal Contract Tower,0,3,13,0,16,0,0,83,0,83,0,3,96,0,99,70,0,70,169
05/16/2014,TIX,FL,ASO,ES,Federal Contract Tower,0,1,66,2,69,0,0,206,0,206,0,1,272,2,275,283,0,283,558
05/17/2014,TIX,FL,ASO,ES,Federal Contract Tower,0,1,17,0,18,0,0,92,0,92,0,1,109,0,110,112,0,112,222
05/18/2014,TIX,FL,ASO,ES,Federal Contract Tower,0,0,19,0,19,0,0,81,0,81,0,0,100,0,100,82,0,82,182
05/19/2014,TIX,FL,ASO,ES,Federal Contract Tower,0,0,23,0,23,0,0,192,0,192,0,0,215,0,215,202,0,202,417
05/20/2014,TIX,FL,ASO,ES,Federal Contract Tower,0,0,34,0,34,0,0,201,0,201,0,0,235,0,235,210,0,210,445
05/21/2014,TIX,FL,ASO,ES,Federal Contract Tower,0,0,24,0,24,0,0,172,0,172,0,0,196,0,196,246,0,246,442
05/22/2014,TIX,FL,ASO,ES,Federal Contract Tower,0,3,31,0,34,0,0,215,0,215,0,3,246,0,249,188,0,188,437
05/23/2014,TIX,FL,ASO,ES,Federal Contract Tower,0,0,35,0,35,0,0,174,0,174,0,0,209,0,209,174,0,174,383
05/24/2014,TIX,FL,ASO,ES,Federal Contract Tower,0,0,19,0,19,0,0,90,0,90,0,0,109,0,109,80,0,80,189
05/25/2014,TIX,FL,ASO,ES,Federal Contract Tower,0,2,11,0,13,0,0,62,0,62,0,2,73,0,75,90,0,90,165
05/26/2014,TIX,FL,ASO,ES,Federal Contract Tower,0,0,15,0,15,0,0,77,0,77,0,0,92,0,92,78,0,78,170
05/27/2014,TIX,FL,ASO,ES,Federal Contract Tower,0,0,11,2,13,0,0,166,0,166,0,0,177,2,179,188,0,188,367
05/28/2014,TIX,FL,ASO,ES,Federal Contract Tower,0,0,14,0,14,0,0,205,0,205,0,0,219,0,219,236,0,236,455
05/29/2014,TIX,FL,ASO,ES,Federal Contract Tower,0,3,26,0,29,0,0,127,0,127,0,3,153,0,156,234,0,234,390
05/30/2014,TIX,FL,ASO,ES,Federal Contract Tower,0,1,12,1,14,0,0,148,0,148,0,1,160,1,162,238,2,240,402
05/31/2014,TIX,FL,ASO,ES,Federal Contract Tower,0,0,13,0,13,0,0,49,0,49,0,0,62,0,62,98,0,98,160
06/01/2014,TIX,FL,ASO,ES,Federal Contract Tower,0,2,11,0,13,0,0,30,0,30,0,2,41,0,43,54,0,54,97
06/02/2014,TIX,FL,ASO,ES,Federal Contract Tower,0,0,26,0,26,0,0,134,0,134,0,0,160,0,160,250,0,250,410
06/03/2014,TIX,FL,ASO,ES,Federal Contract Tower,0,0,36,2,38,0,0,186,0,186,0,0,222,2,224,256,0,256,480
06/04/2014,TIX,FL,ASO,ES,Federal Contract Tower,0,0,28,0,28,0,0,200,0,200,0,0,228,0,228,166,0,166,394
06/05/2014,TIX,FL,ASO,ES,Federal Contract Tower,0,0,35,0,35,0,0,192,0,192,0,0,227,0,227,240,0,240,467
06/06/2014,TIX,FL,ASO,ES,Federal Contract Tower,0,2,42,4,48,0,0,185,0,185,0,2,227,4,233,216,0,216,449
06/07/2014,TIX,FL,ASO,ES,Federal Contract Tower,0,3,25,0,28,0,0,107,0,107,0,3,132,0,135,72,0,72,207
06/08/2014,TIX,FL,ASO,ES,Federal Contract Tower,0,0,8,0,8,0,0,46,0,46,0,0,54,0,54,52,0,52,106
06/09/2014,TIX,FL,ASO,ES,Federal Contract Tower,0,0,41,0,41,0,0,167,0,167,0,0,208,0,208,278,0,278,486
06/10/2014,TIX,FL,ASO,ES,Federal Contract Tower,0,0,20,0,20,0,0,163,0,163,0,0,183,0,183,154,0,154,337
06/11/2014,TIX,FL,ASO,ES,Federal Contract Tower,0,0,18,0,18,0,0,81,0,81,0,0,99,0,99,92,0,92,191
06/12/2014,TIX,FL,ASO,ES,Federal Contract Tower,0,0,19,0,19,0,0,118,0,118,0,0,137,0,137,258,0,258,395
06/13/2014,TIX,FL,ASO,ES,Federal Contract Tower,0,8,7,0,15,0,0,138,0,138,0,8,145,0,153,184,0,184,337
06/14/2014,TIX,FL,ASO,ES,Federal Contract Tower,0,2,17,0,19,0,0,117,0,117,0,2,134,0,136,44,0,44,180
06/15/2014,TIX,FL,ASO,ES,Federal Contract Tower,0,4,12,0,16,0,0,48,0,48,0,4,60,0,64,78,0,78,142
06/16/2014,TIX,FL,ASO,ES,Federal Contract Tower,0,2,28,0,30,0,0,160,0,160,0,2,188,0,190,174,0,174,364
06/17/2014,TIX,FL,ASO,ES,Federal Contract Tower,0,0,21,0,21,0,0,191,0,191,0,0,212,0,212,332,0,332,544
06/18/2014,TIX,FL,ASO,ES,Federal Contract Tower,0,0,12,0,12,0,0,86,0,86,0,0,98,0,98,116,0,116,214
06/19/2014,TIX,FL,ASO,ES,Federal Contract Tower,0,0,28,0,28,0,0,136,0,136,0,0,164,0,164,270,0,270,434
06/20/2014,TIX,FL,ASO,ES,Federal Contract Tower,0,0,28,2,30,0,0,108,0,108,0,0,136,2,138,140,0,140,278
06/21/2014,TIX,FL,ASO,ES,Federal Contract Tower,0,1,21,1,23,0,0,87,1,88,0,1,108,2,111,46,0,46,157
06/22/2014,TIX,FL,ASO,ES,Federal Contract Tower,0,5,18,0,23,0,0,40,0,40,0,5,58,0,63,76,0,76,139
06/23/2014,TIX,FL,ASO,ES,Federal Contract Tower,0,0,34,0,34,0,0,161,0,161,0,0,195,0,195,194,0,194,389
06/24/2014,TIX,FL,ASO,ES,Federal Contract Tower,0,2,35,0,37,0,0,188,0,188,0,2,223,0,225,200,0,200,425
06/25/2014,TIX,FL,ASO,ES,Federal Contract Tower,0,1,28,0,29,0,0,183,0,183,0,1,211,0,212,224,0,224,436
06/26/2014,TIX,FL,ASO,ES,Federal Contract Tower,0,0,45,0,45,0,0,174,0,174,0,0,219,0,219,184,0,184,403
06/27/2014,TIX,FL,ASO,ES,Federal Contract Tower,0,2,24,2,28,0,0,158,0,158,0,2,182,2,186,186,2,188,374
06/28/2014,TIX,FL,ASO,ES,Federal Contract Tower,0,0,21,2,23,0,0,92,0,92,0,0,113,2,115,100,8,108,223
06/29/2014,TIX,FL,ASO,ES,Federal Contract Tower,0,0,9,1,10,0,0,65,0,65,0,0,74,1,75,36,2,38,113
06/30/2014,TIX,FL,ASO,ES,Federal Contract Tower,0,0,30,0,30,0,0,98,0,98,0,0,128,0,128,172,0,172,300
07/01/2014,TIX,FL,ASO,ES,Federal Contract Tower,0,0,39,0,39,0,0,120,0,120,0,0,159,0,159,142,0,142,301
07/02/2014,TIX,FL,ASO,ES,Federal Contract Tower,0,0,10,0,10,0,0,32,0,32,0,0,42,0,42,116,0,116,158
07/03/2014,TIX,FL,ASO,ES,Federal Contract Tower,0,2,28,0,30,0,0,140,0,140,0,2,168,0,170,190,0,190,360
07/04/2014,TIX,FL,ASO,ES,Federal Contract Tower,0,0,2,0,2,0,0,26,0,26,0,0,28,0,28,44,0,44,72
07/05/2014,TIX,FL,ASO,ES,Federal Contract Tower,0,1,12,0,13,0,0,48,0,48,0,1,60,0,61,30,0,30,91
07/06/2014,TIX,FL,ASO,ES,Federal Contract Tower,0,1,11,0,12,0,0,61,0,61,0,1,72,0,73,128,0,128,201
07/07/2014,TIX,FL,ASO,ES,Federal Contract Tower,0,1,29,0,30,0,0,118,0,118,0,1,147,0,148,174,0,174,322
07/08/2014,TIX,FL,ASO,ES,Federal Contract Tower,0,0,10,0,10,0,0,107,0,107,0,0,117,0,117,162,0,162,279
07/09/2014,TIX,FL,ASO,ES,Federal Contract Tower,0,0,14,0,14,0,0,148,0,148,0,0,162,0,162,132,0,132,294
07/10/2014,TIX,FL,ASO,ES,Federal Contract Tower,0,0,21,0,21,0,0,190,0,190,0,0,211,0,211,276,0,276,487
07/11/2014,TIX,FL,ASO,ES,Federal Contract Tower,0,0,12,0,12,0,0,145,0,145,0,0,157,0,157,198,0,198,355
07/12/2014,TIX,FL,ASO,ES,Federal Contract Tower,0,0,13,0,13,0,0,132,0,132,0,0,145,0,145,88,0,88,233
07/13/2014,TIX,FL,ASO,ES,Federal Contract Tower,0,0,22,1,23,0,0,60,0,60,0,0,82,1,83,62,0,62,145
07/14/2014,TIX,FL,ASO,ES,Federal Contract Tower,0,0,17,3,20,0,0,123,0,123,0,0,140,3,143,130,0,130,273
07/15/2014,TIX,FL,ASO,ES,Federal Contract Tower,0,0,7,0,7,0,0,124,0,124,0,0,131,0,131,164,0,164,295
07/16/2014,TIX,FL,ASO,ES,Federal Contract Tower,0,0,13,0,13,0,0,119,0,119,0,0,132,0,132,182,0,182,314
07/17/2014,TIX,FL,ASO,ES,Federal Contract Tower,0,1,37,0,38,0,0,166,0,166,0,1,203,0,204,180,0,180,384
07/18/2014,TIX,FL,ASO,ES,Federal Contract Tower,0,2,31,0,33,0,0,174,0,174,0,2,205,0,207,250,0,250,457
07/19/2014,TIX,FL,ASO,ES,Federal Contract Tower,0,2,27,0,29,0,0,152,0,152,0,2,179,0,181,106,0,106,287
07/20/2014,TIX,FL,ASO,ES,Federal Contract Tower,0,1,12,0,13,0,0,91,0,91,0,1,103,0,104,54,0,54,158
07/21/2014,TIX,FL,ASO,ES,Federal Contract Tower,0,3,18,0,21,0,0,111,0,111,0,3,129,0,132,248,0,248,380
07/22/2014,TIX,FL,ASO,ES,Federal Contract Tower,0,0,24,0,24,0,0,91,0,91,0,0,115,0,115,92,0,92,207
07/23/2014,TIX,FL,ASO,ES,Federal Contract Tower,0,0,10,0,10,0,0,138,0,138,0,0,148,0,148,150,0,150,298
07/24/2014,TIX,FL,ASO,ES,Federal Contract Tower,0,1,16,0,17,0,0,138,0,138,0,1,154,0,155,134,0,134,289
07/25/2014,TIX,FL,ASO,ES,Federal Contract Tower,0,1,25,0,26,0,0,167,0,167,0,1,192,0,193,212,0,212,405
07/26/2014,TIX,FL,ASO,ES,Federal Contract Tower,0,1,24,0,25,0,0,92,2,94,0,1,116,2,119,80,0,80,199
07/27/2014,TIX,FL,ASO,ES,Federal Contract Tower,0,1,19,0,20,0,0,47,0,47,0,1,66,0,67,72,0,72,139
07/28/2014,TIX,FL,ASO,ES,Federal Contract Tower,0,0,14,0,14,0,0,143,0,143,0,0,157,0,157,314,0,314,471
07/29/2014,TIX,FL,ASO,ES,Federal Contract Tower,0,0,1,10,11,0,0,127,0,127,0,0,128,10,138,158,2,160,298
07/30/2014,TIX,FL,ASO,ES,Federal Contract Tower,0,0,26,0,26,0,0,160,0,160,0,0,186,0,186,204,0,204,390
07/31/2014,TIX,FL,ASO,ES,Federal Contract Tower,0,1,22,0,23,0,0,151,0,151,0,1,173,0,174,148,0,148,322
08/01/2014,TIX,FL,ASO,ES,Federal Contract Tower,0,0,11,0,11,0,0,127,0,127,0,0,138,0,138,250,0,250,388
08/02/2014,TIX,FL,ASO,ES,Federal Contract Tower,0,0,12,0,12,0,0,54,0,54,0,0,66,0,66,100,0,100,166
08/03/2014,TIX,FL,ASO,ES,Federal Contract Tower,0,0,10,0,10,0,0,33,0,33,0,0,43,0,43,34,0,34,77
08/04/2014,TIX,FL,ASO,ES,Federal Contract Tower,0,0,0,0,0,0,0,36,0,36,0,0,36,0,36,112,0,112,148
08/05/2014,TIX,FL,ASO,ES,Federal Contract Tower,0,0,16,0,16,0,0,134,0,134,0,0,150,0,150,142,0,142,292
08/06/2014,TIX,FL,ASO,ES,Federal Contract Tower,0,0,30,1,31,0,0,173,1,174,0,0,203,2,205,212,0,212,417
08/07/2014,TIX,FL,ASO,ES,Federal Contract Tower,0,0,19,1,20,0,0,80,0,80,0,0,99,1,100,102,0,102,202
08/08/2014,TIX,FL,ASO,ES,Federal Contract Tower,0,0,21,0,21,0,0,154,0,154,0,0,175,0,175,188,0,188,363
08/09/2014,TIX,FL,ASO,ES,Federal Contract Tower,0,2,15,0,17,0,0,114,0,114,0,2,129,0,131,112,0,112,243
08/10/2014,TIX,FL,ASO,ES,Federal Contract Tower,0,0,7,0,7,0,0,81,0,81,0,0,88,0,88,80,0,80,168
08/11/2014,TIX,FL,ASO,ES,Federal Contract Tower,0,0,21,0,21,0,0,98,0,98,0,0,119,0,119,176,0,176,295
08/12/2014,TIX,FL,ASO,ES,Federal Contract Tower,0,0,21,0,21,0,0,133,0,133,0,0,154,0,154,226,0,226,380
08/13/2014,TIX,FL,ASO,ES,Federal Contract Tower,0,0,11,0,11,0,0,125,2,127,0,0,136,2,138,162,10,172,310
08/14/2014,TIX,FL,ASO,ES,Federal Contract Tower,0,0,20,0,20,0,0,138,0,138,0,0,158,0,158,122,0,122,280
08/15/2014,TIX,FL,ASO,ES,Federal Contract Tower,0,0,14,0,14,0,0,108,2,110,0,0,122,2,124,124,0,124,248
08/16/2014,TIX,FL,ASO,ES,Federal Contract Tower,0,0,12,0,12,0,0,82,0,82,0,0,94,0,94,92,0,92,186
08/17/2014,TIX,FL,ASO,ES,Federal Contract Tower,0,0,10,0,10,0,0,60,0,60,0,0,70,0,70,96,0,96,166
08/18/2014,TIX,FL,ASO,ES,Federal Contract Tower,0,0,11,0,11,0,0,97,0,97,0,0,108,0,108,98,0,98,206
08/19/2014,TIX,FL,ASO,ES,Federal Contract Tower,0,2,31,0,33,0,0,165,0,165,0,2,196,0,198,200,0,200,398
08/20/2014,TIX,FL,ASO,ES,Federal Contract Tower,0,0,12,0,12,0,0,152,0,152,0,0,164,0,164,154,0,154,318
08/21/2014,TIX,FL,ASO,ES,Federal Contract Tower,0,0,11,2,13,0,0,147,0,147,0,0,158,2,160,144,8,152,312
08/22/2014,TIX,FL,ASO,ES,Federal Contract Tower,0,2,38,0,40,0,0,145,0,145,0,2,183,0,185,246,0,246,431
08/23/2014,TIX,FL,ASO,ES,Federal Contract Tower,0,0,15,0,15,0,0,105,0,105,0,0,120,0,120,116,0,116,236
08/24/2014,TIX,FL,ASO,ES,Federal Contract Tower,0,1,21,0,22,0,0,49,0,49,0,1,70,0,71,78,0,78,149
08/25/2014,TIX,FL,ASO,ES,Federal Contract Tower,0,2,11,0,13,0,0,39,0,39,0,2,50,0,52,54,0,54,106
08/26/2014,TIX,FL,ASO,ES,Federal Contract Tower,0,0,18,0,18,0,0,86,0,86,0,0,104,0,104,176,0,176,280
08/27/2014,TIX,FL,ASO,ES,Federal Contract Tower,0,0,24,0,24,0,0,149,0,149,0,0,173,0,173,246,0,246,419
08/28/2014,TIX,FL,ASO,ES,Federal Contract Tower,0,0,22,0,22,0,0,157,0,157,0,0,179,0,179,210,0,210,389
08/29/2014,TIX,FL,ASO,ES,Federal Contract Tower,0,0,14,0,14,0,0,119,0,119,0,0,133,0,133,86,0,86,219
08/30/2014,TIX,FL,ASO,ES,Federal Contract Tower,0,0,8,0,8,0,0,77,0,77,0,0,85,0,85,138,0,138,223
08/31/2014,TIX,FL,ASO,ES,Federal Contract Tower,0,0,10,0,10,0,0,82,0,82,0,0,92,0,92,162,0,162,254
09/01/2014,TIX,FL,ASO,ES,Federal Contract Tower,0,0,9,0,9,0,0,83,0,83,0,0,92,0,92,148,0,148,240
09/02/2014,TIX,FL,ASO,ES,Federal Contract Tower,0,0,24,0,24,0,0,152,0,152,0,0,176,0,176,158,0,158,334
09/03/2014,TIX,FL,ASO,ES,Federal Contract Tower,0,2,15,2,19,0,0,90,0,90,0,2,105,2,109,128,0,128,237
09/04/2014,TIX,FL,ASO,ES,Federal Contract Tower,0,0,30,0,30,0,0,123,0,123,0,0,153,0,153,178,0,178,331
09/05/2014,TIX,FL,ASO,ES,Federal Contract Tower,0,1,35,0,36,0,0,95,0,95,0,1,130,0,131,110,0,110,241
09/06/2014,TIX,FL,ASO,ES,Federal Contract Tower,0,1,19,0,20,0,0,98,0,98,0,1,117,0,118,76,0,76,194
09/07/2014,TIX,FL,ASO,ES,Federal Contract Tower,0,0,3,0,3,0,0,23,0,23,0,0,26,0,26,24,0,24,50
09/08/2014,TIX,FL,ASO,ES,Federal Contract Tower,0,0,6,0,6,0,0,82,0,82,0,0,88,0,88,116,0,116,204
09/09/2014,TIX,FL,ASO,ES,Federal Contract Tower,0,1,25,0,26,0,0,140,0,140,0,1,165,0,166,206,0,206,372
09/10/2014,TIX,FL,ASO,ES,Federal Contract Tower,0,2,31,0,33,0,0,166,0,166,0,2,197,0,199,234,0,234,433
09/11/2014,TIX,FL,ASO,ES,Federal Contract Tower,0,0,25,0,25,0,0,151,0,151,0,0,176,0,176,216,0,216,392
09/12/2014,TIX,FL,ASO,ES,Federal Contract Tower,0,0,28,0,28,0,0,141,0,141,0,0,169,0,169,164,0,164,333
09/13/2014,TIX,FL,ASO,ES,Federal Contract Tower,0,0,16,0,16,0,0,78,0,78,0,0,94,0,94,40,0,40,134
09/14/2014,TIX,FL,ASO,ES,Federal Contract Tower,0,0,4,0,4,0,0,50,0,50,0,0,54,0,54,64,0,64,118
09/15/2014,TIX,FL,ASO,ES,Federal Contract Tower,0,0,28,0,28,0,0,141,0,141,0,0,169,0,169,118,0,118,287
09/16/2014,TIX,FL,ASO,ES,Federal Contract Tower,0,0,28,0,28,0,0,155,0,155,0,0,183,0,183,244,0,244,427
09/17/2014,TIX,FL,ASO,ES,Federal Contract Tower,0,0,23,0,23,0,0,129,0,129,0,0,152,0,152,178,0,178,330
09/18/2014,TIX,FL,ASO,ES,Federal Contract Tower,0,0,15,0,15,0,0,140,0,140,0,0,155,0,155,162,0,162,317
09/19/2014,TIX,FL,ASO,ES,Federal Contract Tower,0,0,8,0,8,0,0,84,0,84,0,0,92,0,92,96,0,96,188
09/20/2014,TIX,FL,ASO,ES,Federal Contract Tower,0,0,11,0,11,0,0,2,0,2,0,0,13,0,13,8,0,8,21
09/21/2014,TIX,FL,ASO,ES,Federal Contract Tower,0,0,20,0,20,0,0,64,0,64,0,0,84,0,84,102,0,102,186
09/22/2014,TIX,FL,ASO,ES,Federal Contract Tower,0,0,20,0,20,0,0,87,0,87,0,0,107,0,107,86,0,86,193
09/23/2014,TIX,FL,ASO,ES,Federal Contract Tower,0,0,19,0,19,0,0,77,0,77,0,0,96,0,96,100,0,100,196
09/24/2014,TIX,FL,ASO,ES,Federal Contract Tower,0,0,27,0,27,0,0,105,0,105,0,0,132,0,132,130,0,130,262
09/25/2014,TIX,FL,ASO,ES,Federal Contract Tower,0,0,26,0,26,0,0,64,0,64,0,0,90,0,90,128,0,128,218
09/26/2014,TIX,FL,ASO,ES,Federal Contract Tower,0,0,26,0,26,0,0,98,0,98,0,0,124,0,124,156,0,156,280
09/27/2014,TIX,FL,ASO,ES,Federal Contract Tower,0,0,20,0,20,0,0,80,0,80,0,0,100,0,100,48,0,48,148
09/28/2014,TIX,FL,ASO,ES,Federal Contract Tower,0,0,23,0,23,0,0,55,0,55,0,0,78,0,78,42,0,42,120
09/29/2014,TIX,FL,ASO,ES,Federal Contract Tower,0,0,5,0,5,0,0,64,0,64,0,0,69,0,69,98,0,98,167
09/30/2014,TIX,FL,ASO,ES,Federal Contract Tower,0,0,27,0,27,0,0,50,0,50,0,0,77,0,77,58,0,58,135
10/01/2014,TIX,FL,ASO,ES,Federal Contract Tower,0,2,37,2,41,0,0,95,0,95,0,2,132,2,136,190,0,190,326
10/02/2014,TIX,FL,ASO,ES,Federal Contract Tower,0,0,31,0,31,0,0,172,0,172,0,0,203,0,203,176,0,176,379
10/03/2014,TIX,FL,ASO,ES,Federal Contract Tower,0,2,40,0,42,0,0,159,0,159,0,2,199,0,201,220,0,220,421
10/04/2014,TIX,FL,ASO,ES,Federal Contract Tower,0,3,30,0,33,0,0,63,0,63,0,3,93,0,96,152,0,152,248
10/05/2014,TIX,FL,ASO,ES,Federal Contract Tower,0,0,23,0,23,0,0,89,0,89,0,0,112,0,112,104,0,104,216
10/06/2014,TIX,FL,ASO,ES,Federal Contract Tower,0,1,33,2,36,0,0,133,0,133,0,1,166,2,169,140,0,140,309
10/07/2014,TIX,FL,ASO,ES,Federal Contract Tower,0,3,46,1,50,0,0,146,1,147,0,3,192,2,197,202,2,204,401
10/08/2014,TIX,FL,ASO,ES,Federal Contract Tower,0,2,28,0,30,0,0,170,0,170,0,2,198,0,200,208,0,208,408
10/09/2014,TIX,FL,ASO,ES,Federal Contract Tower,0,1,43,0,44,0,0,173,0,173,0,1,216,0,217,182,0,182,399
10/10/2014,TIX,FL,ASO,ES,Federal Contract Tower,0,0,19,0,19,0,0,138,0,138,0,0,157,0,157,114,0,114,271
10/11/2014,TIX,FL,ASO,ES,Federal Contract Tower,0,1,23,0,24,0,0,86,0,86,0,1,109,0,110,48,0,48,158
10/12/2014,TIX,FL,ASO,ES,Federal Contract Tower,0,3,23,0,26,0,0,66,0,66,0,3,89,0,92,68,0,68,160
10/13/2014,TIX,FL,ASO,ES,Federal Contract Tower,0,0,27,0,27,0,0,105,0,105,0,0,132,0,132,76,0,76,208
10/14/2014,TIX,FL,ASO,ES,Federal Contract Tower,0,0,17,0,17,0,0,82,0,82,0,0,99,0,99,154,0,154,253
10/15/2014,TIX,FL,ASO,ES,Federal Contract Tower,0,6,32,0,38,0,0,133,0,133,0,6,165,0,171,168,0,168,339
10/16/2014,TIX,FL,ASO,ES,Federal Contract Tower,0,1,40,0,41,0,0,166,0,166,0,1,206,0,207,218,0,218,425
10/17/2014,TIX,FL,ASO,ES,Federal Contract Tower,0,0,36,0,36,0,0,144,0,144,0,0,180,0,180,250,0,250,430
10/18/2014,TIX,FL,ASO,ES,Federal Contract Tower,0,2,30,0,32,0,0,94,0,94,0,2,124,0,126,78,0,78,204
10/19/2014,TIX,FL,ASO,ES,Federal Contract Tower,0,2,17,0,19,0,0,91,0,91,0,2,108,0,110,140,0,140,250
10/20/2014,TIX,FL,ASO,ES,Federal Contract Tower,0,0,33,0,33,0,0,144,0,144,0,0,177,0,177,186,0,186,363
10/21/2014,TIX,FL,ASO,ES,Federal Contract Tower,0,0,42,0,42,0,0,158,0,158,0,0,200,0,200,158,0,158,358
10/22/2014,TIX,FL,ASO,ES,Federal Contract Tower,0,0,44,0,44,0,0,140,0,140,0,0,184,0,184,182,0,182,366
10/23/2014,TIX,FL,ASO,ES,Federal Contract Tower,0,0,17,0,17,0,0,137,0,137,0,0,154,0,154,274,0,274,428
10/24/2014,TIX,FL,ASO,ES,Federal Contract Tower,0,1,24,0,25,0,0,109,0,109,0,1,133,0,134,212,0,212,346
10/25/2014,TIX,FL,ASO,ES,Federal Contract Tower,0,0,33,0,33,0,0,100,0,100,0,0,133,0,133,106,0,106,239
10/26/2014,TIX,FL,ASO,ES,Federal Contract Tower,0,0,10,0,10,0,0,76,0,76,0,0,86,0,86,84,0,84,170
10/27/2014,TIX,FL,ASO,ES,Federal Contract Tower,0,0,32,0,32,0,0,116,0,116,0,0,148,0,148,144,0,144,292
10/28/2014,TIX,FL,ASO,ES,Federal Contract Tower,0,0,32,0,32,0,0,132,0,132,0,0,164,0,164,114,0,114,278
10/29/2014,TIX,FL,ASO,ES,Federal Contract Tower,0,0,35,0,35,0,0,160,0,160,0,0,195,0,195,162,0,162,357
10/30/2014,TIX,FL,ASO,ES,Federal Contract Tower,0,0,34,0,34,0,0,138,0,138,0,0,172,0,172,186,0,186,358
10/31/2014,TIX,FL,ASO,ES,Federal Contract Tower,0,0,34,0,34,0,0,122,0,122,0,0,156,0,156,110,0,110,266
11/01/2014,TIX,FL,ASO,ES,Federal Contract Tower,0,0,12,0,12,0,0,16,0,16,0,0,28,0,28,22,0,22,50
11/02/2014,TIX,FL,ASO,ES,Federal Contract Tower,0,0,20,0,20,0,0,69,0,69,0,0,89,0,89,90,0,90,179
11/03/2014,TIX,FL,ASO,ES,Federal Contract Tower,0,0,34,0,34,0,0,154,0,154,0,0,188,0,188,134,0,134,322
11/04/2014,TIX,FL,ASO,ES,Federal Contract Tower,0,0,19,1,20,0,0,170,0,170,0,0,189,1,190,156,0,156,346
11/05/2014,TIX,FL,ASO,ES,Federal Contract Tower,0,0,29,0,29,0,0,175,0,175,0,0,204,0,204,194,0,194,398
11/06/2014,TIX,FL,ASO,ES,Federal Contract Tower,0,16,13,0,29,0,0,178,0,178,0,16,191,0,207,258,0,258,465
11/07/2014,TIX,FL,ASO,ES,Federal Contract Tower,0,0,36,0,36,0,0,160,0,160,0,0,196,0,196,266,0,266,462
11/08/2014,TIX,FL,ASO,ES,Federal Contract Tower,0,0,19,0,19,0,0,98,0,98,0,0,117,0,117,118,0,118,235
11/09/2014,TIX,FL,ASO,ES,Federal Contract Tower,0,0,12,0,12,0,0,5,0,5,0,0,17,0,17,8,0,8,25
11/10/2014,TIX,FL,ASO,ES,Federal Contract Tower,0,0,26,0,26,0,0,23,0,23,0,0,49,0,49,72,0,72,121
11/11/2014,TIX,FL,ASO,ES,Federal Contract Tower,0,0,43,0,43,0,0,161,0,161,0,0,204,0,204,230,0,230,434
11/12/2014,TIX,FL,ASO,ES,Federal Contract Tower,0,0,54,0,54,0,0,198,0,198,0,0,252,0,252,204,0,204,456
11/13/2014,TIX,FL,ASO,ES,Federal Contract Tower,0,0,56,0,56,0,0,197,0,197,0,0,253,0,253,256,0,256,509
11/14/2014,TIX,FL,ASO,ES,Federal Contract Tower,0,1,48,0,49,0,0,15,0,15,0,1,63,0,64,28,0,28,92
11/15/2014,TIX,FL,ASO,ES,Federal Contract Tower,0,0,29,0,29,0,0,133,0,133,0,0,162,0,162,122,0,122,284
11/16/2014,TIX,FL,ASO,ES,Federal Contract Tower,0,0,15,0,15,0,0,80,0,80,0,0,95,0,95,120,0,120,215
11/17/2014,TIX,FL,ASO,ES,Federal Contract Tower,0,0,16,0,16,0,0,30,0,30,0,0,46,0,46,40,0,40,86
11/18/2014,TIX,FL,ASO,ES,Federal Contract Tower,0,0,48,0,48,0,0,94,0,94,0,0,142,0,142,150,0,150,292
11/19/2014,TIX,FL,ASO,ES,Federal Contract Tower,0,0,75,2,77,0,0,149,0,149,0,0,224,2,226,172,0,172,398
11/20/2014,TIX,FL,ASO,ES,Federal Contract Tower,0,0,53,0,53,0,0,142,0,142,0,0,195,0,195,204,0,204,399
11/21/2014,TIX,FL,ASO,ES,Federal Contract Tower,0,0,34,0,34,0,0,134,0,134,0,0,168,0,168,160,0,160,328
11/22/2014,TIX,FL,ASO,ES,Federal Contract Tower,0,0,20,0,20,0,0,9,0,9,0,0,29,0,29,28,0,28,57
11/23/2014,TIX,FL,ASO,ES,Federal Contract Tower,0,0,9,0,9,0,0,23,0,23,0,0,32,0,32,66,0,66,98
11/24/2014,TIX,FL,ASO,ES,Federal Contract Tower,0,4,17,0,21,0,0,115,0,115,0,4,132,0,136,120,0,120,256
11/25/2014,TIX,FL,ASO,ES,Federal Contract Tower,0,0,2,0,2,0,0,5,0,5,0,0,7,0,7,26,0,26,33
11/26/2014,TIX,FL,ASO,ES,Federal Contract Tower,0,0,23,0,23,0,0,21,0,21,0,0,44,0,44,30,0,30,74
11/27/2014,TIX,FL,ASO,ES,Federal Contract Tower,0,0,5,0,5,0,0,16,0,16,0,0,21,0,21,4,0,4,25
11/28/2014,TIX,FL,ASO,ES,Federal Contract Tower,0,3,14,0,17,0,0,53,0,53,0,3,67,0,70,58,0,58,128
11/29/2014,TIX,FL,ASO,ES,Federal Contract Tower,0,0,11,0,11,0,0,71,0,71,0,0,82,0,82,88,0,88,170
11/30/2014,TIX,FL,ASO,ES,Federal Contract Tower,0,0,12,0,12,0,0,75,0,75,0,0,87,0,87,110,0,110,197
12/01/2014,TIX,FL,ASO,ES,Federal Contract Tower,0,0,28,0,28,0,0,131,0,131,0,0,159,0,159,144,0,144,303
12/02/2014,TIX,FL,ASO,ES,Federal Contract Tower,0,1,17,0,18,0,0,66,0,66,0,1,83,0,84,76,0,76,160
12/03/2014,TIX,FL,ASO,ES,Federal Contract Tower,0,0,37,0,37,0,0,137,0,137,0,0,174,0,174,234,0,234,408
12/04/2014,TIX,FL,ASO,ES,Federal Contract Tower,0,0,23,0,23,0,0,91,0,91,0,0,114,0,114,114,0,114,228
12/05/2014,TIX,FL,ASO,ES,Federal Contract Tower,0,0,21,0,21,0,0,126,0,126,0,0,147,0,147,150,0,150,297
12/06/2014,TIX,FL,ASO,ES,Federal Contract Tower,0,0,22,0,22,0,0,119,0,119,0,0,141,0,141,88,0,88,229
12/07/2014,TIX,FL,ASO,ES,Federal Contract Tower,0,0,36,0,36,0,0,27,0,27,0,0,63,0,63,100,2,102,165
12/08/2014,TIX,FL,ASO,ES,Federal Contract Tower,0,0,41,0,41,0,0,32,0,32,0,0,73,0,73,92,0,92,165
12/09/2014,TIX,FL,ASO,ES,Federal Contract Tower,0,0,53,0,53,0,0,158,2,160,0,0,211,2,213,200,2,202,415
12/10/2014,TIX,FL,ASO,ES,Federal Contract Tower,0,0,67,0,67,0,0,185,0,185,0,0,252,0,252,232,0,232,484
12/11/2014,TIX,FL,ASO,ES,Federal Contract Tower,0,0,65,0,65,0,0,166,0,166,0,0,231,0,231,178,0,178,409
12/12/2014,TIX,FL,ASO,ES,Federal Contract Tower,0,0,27,0,27,0,0,187,0,187,0,0,214,0,214,196,0,196,410
12/13/2014,TIX,FL,ASO,ES,Federal Contract Tower,0,2,36,0,38,0,0,85,0,85,0,2,121,0,123,86,0,86,209
12/14/2014,TIX,FL,ASO,ES,Federal Contract Tower,0,0,26,0,26,0,0,120,0,120,0,0,146,0,146,174,0,174,320
12/15/2014,TIX,FL,ASO,ES,Federal Contract Tower,0,0,60,0,60,0,0,157,0,157,0,0,217,0,217,292,0,292,509
12/16/2014,TIX,FL,ASO,ES,Federal Contract Tower,0,0,53,0,53,0,0,177,0,177,0,0,230,0,230,166,0,166,396
12/17/2014,TIX,FL,ASO,ES,Federal Contract Tower,0,7,64,0,71,0,0,152,0,152,0,7,216,0,223,134,0,134,357
12/18/2014,TIX,FL,ASO,ES,Federal Contract Tower,0,0,63,0,63,0,0,146,0,146,0,0,209,0,209,150,4,154,363
12/19/2014,TIX,FL,ASO,ES,Federal Contract Tower,0,9,38,0,47,0,0,125,0,125,0,9,163,0,172,148,0,148,320
12/20/2014,TIX,FL,ASO,ES,Federal Contract Tower,0,0,20,0,20,0,0,54,0,54,0,0,74,0,74,112,0,112,186
12/21/2014,TIX,FL,ASO,ES,Federal Contract Tower,0,0,10,0,10,0,0,33,0,33,0,0,43,0,43,120,0,120,163
12/22/2014,TIX,FL,ASO,ES,Federal Contract Tower,0,0,8,0,8,0,0,56,0,56,0,0,64,0,64,86,0,86,150
12/23/2014,TIX,FL,ASO,ES,Federal Contract Tower,0,0,11,0,11,0,0,54,0,54,0,0,65,0,65,78,0,78,143
12/24/2014,TIX,FL,ASO,ES,Federal Contract Tower,0,0,4,0,4,0,0,12,0,12,0,0,16,0,16,90,0,90,106
12/25/2014,TIX,FL,ASO,ES,Federal Contract Tower,0,0,2,0,2,0,0,7,0,7,0,0,9,0,9,0,2,2,11
12/26/2014,TIX,FL,ASO,ES,Federal Contract Tower,0,0,14,0,14,0,0,21,0,21,0,0,35,0,35,80,0,80,115
12/27/2014,TIX,FL,ASO,ES,Federal Contract Tower,0,1,21,0,22,0,0,44,0,44,0,1,65,0,66,56,6,62,128
12/28/2014,TIX,FL,ASO,ES,Federal Contract Tower,0,0,8,0,8,0,0,65,0,65,0,0,73,0,73,134,0,134,207
12/29/2014,TIX,FL,ASO,ES,Federal Contract Tower,0,0,12,0,12,0,0,69,0,69,0,0,81,0,81,134,0,134,215
12/30/2014,TIX,FL,ASO,ES,Federal Contract Tower,0,0,11,0,11,0,0,7,0,7,0,0,18,0,18,20,0,20,38
12/31/2014,TIX,FL,ASO,ES,Federal Contract Tower,0,2,11,0,13,0,0,0,0,0,0,2,11,0,13,6,0,6,19
01/01/2015,TIX,FL,ASO,ES,Federal Contract Tower,0,0,5,0,5,0,0,1,0,1,0,0,6,0,6,6,0,6,12
01/02/2015,TIX,FL,ASO,ES,Federal Contract Tower,0,0,16,0,16,0,0,23,0,23,0,0,39,0,39,32,0,32,71
01/03/2015,TIX,FL,ASO,ES,Federal Contract Tower,0,0,13,0,13,0,0,41,0,41,0,0,54,0,54,96,0,96,150
01/04/2015,TIX,FL,ASO,ES,Federal Contract Tower,0,0,10,0,10,0,0,37,0,37,0,0,47,0,47,116,0,116,163
01/05/2015,TIX,FL,ASO,ES,Federal Contract Tower,0,2,25,0,27,0,0,114,0,114,0,2,139,0,141,114,0,114,255
01/06/2015,TIX,FL,ASO,ES,Federal Contract Tower,0,0,36,0,36,0,0,153,0,153,0,0,189,0,189,240,0,240,429
01/07/2015,TIX,FL,ASO,ES,Federal Contract Tower,0,1,46,0,47,0,0,160,0,160,0,1,206,0,207,266,0,266,473
01/08/2015,TIX,FL,ASO,ES,Federal Contract Tower,0,1,27,0,28,0,0,33,2,35,0,1,60,2,63,44,0,44,107
01/09/2015,TIX,FL,ASO,ES,Federal Contract Tower,0,2,37,0,39,0,0,157,0,157,0,2,194,0,196,228,0,228,424
01/10/2015,TIX,FL,ASO,ES,Federal Contract Tower,0,0,26,0,26,0,0,116,0,116,0,0,142,0,142,108,0,108,250
01/11/2015,TIX,FL,ASO,ES,Federal Contract Tower,0,0,11,0,11,43,0,0,0,43,43,0,11,0,54,42,0,42,96
01/12/2015,TIX,FL,ASO,ES,Federal Contract Tower,0,2,1,0,3,0,0,80,0,80,0,2,81,0,83,146,0,146,229
01/13/2015,TIX,FL,ASO,ES,Federal Contract Tower,0,0,41,0,41,0,0,82,0,82,0,0,123,0,123,138,0,138,261
01/14/2015,TIX,FL,ASO,ES,Federal Contract Tower,0,0,30,2,32,0,0,15,0,15,0,0,45,2,47,40,0,40,87
01/15/2015,TIX,FL,ASO,ES,Federal Contract Tower,0,1,40,0,41,0,0,117,0,117,0,1,157,0,158,190,0,190,348
01/16/2015,TIX,FL,ASO,ES,Federal Contract Tower,0,2,39,0,41,0,0,149,0,149,0,2,188,0,190,184,0,184,374
01/17/2015,TIX,FL,ASO,ES,Federal Contract Tower,0,0,22,0,22,0,0,129,0,129,0,0,151,0,151,146,0,146,297
01/18/2015,TIX,FL,ASO,ES,Federal Contract Tower,0,0,8,0,8,0,0,97,0,97,0,0,105,0,105,94,0,94,199
01/19/2015,TIX,FL,ASO,ES,Federal Contract Tower,0,0,27,0,27,0,0,175,0,175,0,0,202,0,202,276,0,276,478
01/20/2015,TIX,FL,ASO,ES,Federal Contract Tower,0,0,35,0,35,0,0,166,0,166,0,0,201,0,201,236,0,236,437
01/21/2015,TIX,FL,ASO,ES,Federal Contract Tower,0,0,20,0,20,0,0,155,2,157,0,0,175,2,177,134,4,138,315
01/22/2015,TIX,FL,ASO,ES,Federal Contract Tower,0,0,24,0,24,0,0,149,0,149,0,0,173,0,173,258,0,258,431
01/23/2015,TIX,FL,ASO,ES,Federal Contract Tower,0,1,14,0,15,0,0,42,0,42,0,1,56,0,57,58,0,58,115
01/24/2015,TIX,FL,ASO,ES,Federal Contract Tower,0,3,9,0,12,0,0,9,0,9,0,3,18,0,21,10,0,10,31
01/25/2015,TIX,FL,ASO,ES,Federal Contract Tower,0,2,21,0,23,0,0,101,0,101,0,2,122,0,124,170,0,170,294
01/26/2015,TIX,FL,ASO,ES,Federal Contract Tower,0,1,16,0,17,0,0,26,0,26,0,1,42,0,43,26,0,26,69
01/27/2015,TIX,FL,ASO,ES,Federal Contract Tower,0,0,18,0,18,0,0,77,0,77,0,0,95,0,95,120,0,120,215
01/28/2015,TIX,FL,ASO,ES,Federal Contract Tower,0,0,39,0,39,0,0,147,0,147,0,0,186,0,186,166,0,166,352
01/29/2015,TIX,FL,ASO,ES,Federal Contract Tower,0,0,30,0,30,0,0,180,0,180,0,0,210,0,210,246,0,246,456
01/30/2015,TIX,FL,ASO,ES,Federal Contract Tower,0,0,34,0,34,0,0,134,0,134,0,0,168,0,168,182,0,182,350
01/31/2015,TIX,FL,ASO,ES,Federal Contract Tower,0,2,10,0,12,0,0,80,0,80,0,2,90,0,92,144,0,144,236
02/01/2015,TIX,FL,ASO,ES,Federal Contract Tower,0,0,9,0,9,0,0,73,0,73,0,0,82,0,82,128,0,128,210
02/02/2015,TIX,FL,ASO,ES,Federal Contract Tower,0,0,7,0,7,0,0,15,0,15,0,0,22,0,22,36,0,36,58
02/03/2015,TIX,FL,ASO,ES,Federal Contract Tower,0,0,52,0,52,0,0,196,0,196,0,0,248,0,248,284,0,284,532
02/04/2015,TIX,FL,ASO,ES,Federal Contract Tower,2,0,33,0,35,0,0,141,0,141,2,0,174,0,176,134,0,134,310
02/05/2015,TIX,FL,ASO,ES,Federal Contract Tower,0,0,18,0,18,0,0,25,0,25,0,0,43,0,43,34,0,34,77
02/06/2015,TIX,FL,ASO,ES,Federal Contract Tower,0,0,29,0,29,0,0,99,0,99,0,0,128,0,128,82,0,82,210
02/07/2015,TIX,FL,ASO,ES,Federal Contract Tower,0,1,23,0,24,0,0,118,0,118,0,1,141,0,142,174,0,174,316
02/08/2015,TIX,FL,ASO,ES,Federal Contract Tower,0,0,11,0,11,0,0,91,0,91,0,0,102,0,102,96,0,96,198
02/09/2015,TIX,FL,ASO,ES,Federal Contract Tower,0,0,24,0,24,0,0,76,0,76,0,0,100,0,100,124,0,124,224
02/10/2015,TIX,FL,ASO,ES,Federal Contract Tower,0,0,44,0,44,0,0,51,0,51,0,0,95,0,95,130,0,130,225
02/11/2015,TIX,FL,ASO,ES,Federal Contract Tower,0,2,41,0,43,0,0,123,0,123,0,2,164,0,166,194,0,194,360
02/12/2015,TIX,FL,ASO,ES,Federal Contract Tower,0,0,43,0,43,0,0,157,0,157,0,0,200,0,200,214,0,214,414
02/13/2015,TIX,FL,ASO,ES,Federal Contract Tower,0,0,49,0,49,0,0,151,0,151,0,0,200,0,200,256,0,256,456
02/14/2015,TIX,FL,ASO,ES,Federal Contract Tower,0,2,40,0,42,0,0,111,0,111,0,2,151,0,153,98,0,98,251
02/15/2015,TIX,FL,ASO,ES,Federal Contract Tower,0,0,9,0,9,0,0,55,0,55,0,0,64,0,64,60,0,60,124
02/16/2015,TIX,FL,ASO,ES,Federal Contract Tower,0,0,16,0,16,0,0,145,0,145,0,0,161,0,161,116,0,116,277
02/17/2015,TIX,FL,ASO,ES,Federal Contract Tower,0,0,5,0,5,0,0,50,0,50,0,0,55,0,55,78,0,78,133
02/18/2015,TIX,FL,ASO,ES,Federal Contract Tower,0,2,57,0,59,0,0,132,0,132,0,2,189,0,191,162,0,162,353
02/19/2015,TIX,FL,ASO,ES,Federal Contract Tower,0,0,65,0,65,0,0,122,0,122,0,0,187,0,187,182,0,182,369
02/20/2015,TIX,FL,ASO,ES,Federal Contract Tower,0,2,74,0,76,0,0,166,0,166,0,2,240,0,242,270,0,270,512
02/21/2015,TIX,FL,ASO,ES,Federal Contract Tower,0,0,20,4,24,0,0,97,0,97,0,0,117,4,121,128,10,138,259
02/22/2015,TIX,FL,ASO,ES,Federal Contract Tower,0,0,1,0,1,0,0,79,0,79,0,0,80,0,80,100,0,100,180
02/23/2015,TIX,FL,ASO,ES,Federal Contract Tower,0,0,64,0,64,0,0,119,0,119,0,0,183,0,183,214,0,214,397
02/24/2015,TIX,FL,ASO,ES,Federal Contract Tower,0,2,78,0,80,0,0,119,0,119,0,2,197,0,199,230,0,230,429
02/25/2015,TIX,FL,ASO,ES,Federal Contract Tower,0,2,37,2,41,0,0,30,0,30,0,2,67,2,71,54,0,54,125
02/26/2015,TIX,FL,ASO,ES,Federal Contract Tower,0,0,53,0,53,0,0,108,0,108,0,0,161,0,161,86,0,86,247
02/27/2015,TIX,FL,ASO,ES,Federal Contract Tower,0,0,28,0,28,0,0,52,0,52,0,0,80,0,80,86,0,86,166
02/28/2015,TIX,FL,ASO,ES,Federal Contract Tower,0,0,5,0,5,0,0,1,0,1,0,0,6,0,6,8,0,8,14
03/01/2015,TIX,FL,ASO,ES,Federal Contract Tower,0,0,7,0,7,0,0,47,0,47,0,0,54,0,54,112,0,112,166
03/02/2015,TIX,FL,ASO,ES,Federal Contract Tower,0,0,46,0,46,0,0,152,0,152,0,0,198,0,198,318,0,318,516
03/03/2015,TIX,FL,ASO,ES,Federal Contract Tower,0,0,48,0,48,0,0,113,0,113,0,0,161,0,161,188,0,188,349
03/04/2015,TIX,FL,ASO,ES,Federal Contract Tower,0,0,15,0,15,0,0,150,0,150,0,0,165,0,165,208,0,208,373
03/05/2015,TIX,FL,ASO,ES,Federal Contract Tower,0,0,15,0,15,0,0,166,1,167,0,0,181,1,182,528,0,528,710
03/06/2015,TIX,FL,ASO,ES,Federal Contract Tower,0,0,23,0,23,0,0,52,0,52,0,0,75,0,75,114,0,114,189
03/07/2015,TIX,FL,ASO,ES,Federal Contract Tower,0,0,25,0,25,0,0,29,0,29,0,0,54,0,54,110,0,110,164
03/08/2015,TIX,FL,ASO,ES,Federal Contract Tower,0,0,22,0,22,0,0,130,0,130,0,0,152,0,152,196,0,196,348
03/09/2015,TIX,FL,ASO,ES,Federal Contract Tower,0,0,38,0,38,0,0,167,0,167,0,0,205,0,205,242,0,242,447
03/10/2015,TIX,FL,ASO,ES,Federal Contract Tower,0,0,32,0,32,0,0,179,0,179,0,0,211,0,211,232,0,232,443
03/11/2015,TIX,FL,ASO,ES,Federal Contract Tower,0,0,6,0,6,0,0,113,0,113,0,0,119,0,119,76,0,76,195
03/12/2015,TIX,FL,ASO,ES,Federal Contract Tower,0,1,7,1,9,0,0,150,0,150,0,1,157,1,159,158,0,158,317
03/13/2015,TIX,FL,ASO,ES,Federal Contract Tower,0,0,12,0,12,0,0,123,0,123,0,0,135,0,135,84,0,84,219
03/14/2015,TIX,FL,ASO,ES,Federal Contract Tower,0,2,4,0,6,0,0,85,0,85,0,2,89,0,91,196,0,196,287
03/15/2015,TIX,FL,ASO,ES,Federal Contract Tower,0,0,7,1,8,0,0,145,0,145,0,0,152,1,153,94,0,94,247
03/16/2015,TIX,FL,ASO,ES,Federal Contract Tower,0,0,39,0,39,0,0,175,0,175,0,0,214,0,214,216,0,216,430
03/17/2015,TIX,FL,ASO,ES,Federal Contract Tower,0,0,45,0,45,0,0,184,0,184,0,0,229,0,229,214,0,214,443
03/18/2015,TIX,FL,ASO,ES,Federal Contract Tower,0,0,43,0,43,0,0,151,0,151,0,0,194,0,194,266,0,266,460
03/19/2015,TIX,FL,ASO,ES,Federal Contract Tower,0,0,42,0,42,0,0,146,0,146,0,0,188,0,188,246,0,246,434
03/20/2015,TIX,FL,ASO,ES,Federal Contract Tower,0,0,54,0,54,0,0,137,0,137,0,0,191,0,191,192,0,192,383
03/21/2015,TIX,FL,ASO,ES,Federal Contract Tower,0,1,31,0,32,0,0,92,0,92,0,1,123,0,124,112,0,112,236
03/22/2015,TIX,FL,ASO,ES,Federal Contract Tower,0,1,17,0,18,0,0,70,0,70,0,1,87,0,88,112,0,112,200
03/23/2015,TIX,FL,ASO,ES,Federal Contract Tower,0,0,10,0,10,0,0,39,0,39,0,0,49,0,49,50,0,50,99
03/24/2015,TIX,FL,ASO,ES,Federal Contract Tower,0,0,48,4,52,0,0,53,0,53,0,0,101,4,105,116,0,116,221
03/25/2015,TIX,FL,ASO,ES,Federal Contract Tower,0,0,29,0,29,0,0,71,0,71,0,0,100,0,100,130,0,130,230
03/26/2015,TIX,FL,ASO,ES,Federal Contract Tower,0,0,14,0,14,0,0,79,0,79,0,0,93,0,93,138,0,138,231
03/27/2015,TIX,FL,ASO,ES,Federal Contract Tower,0,0,31,0,31,0,0,82,0,82,0,0,113,0,113,174,0,174,287
03/28/2015,TIX,FL,ASO,ES,Federal Contract Tower,0,6,27,0,33,0,0,109,0,109,0,6,136,0,142,116,0,116,258
03/29/2015,TIX,FL,ASO,ES,Federal Contract Tower,0,0,32,0,32,0,0,111,0,111,0,0,143,0,143,160,0,160,303
03/30/2015,TIX,FL,ASO,ES,Federal Contract Tower,0,0,50,0,50,0,0,216,0,216,0,0,266,0,266,410,0,410,676
03/31/2015,TIX,FL,ASO,ES,Federal Contract Tower,0,0,44,0,44,0,0,190,0,190,0,0,234,0,234,304,0,304,538
04/01/2015,TIX,FL,ASO,ES,Federal Contract Tower,0,0,44,0,44,0,0,132,0,132,0,0,176,0,176,194,0,194,370
04/02/2015,TIX,FL,ASO,ES,Federal Contract Tower,0,0,35,0,35,0,0,134,0,134,0,0,169,0,169,264,0,264,433
04/03/2015,TIX,FL,ASO,ES,Federal Contract Tower,0,3,30,0,33,0,0,105,0,105,0,3,135,0,138,136,0,136,274
04/04/2015,TIX,FL,ASO,ES,Federal Contract Tower,0,3,24,0,27,0,0,56,0,56,0,3,80,0,83,120,0,120,203
04/05/2015,TIX,FL,ASO,ES,Federal Contract Tower,0,0,6,2,8,0,0,23,0,23,0,0,29,2,31,42,0,42,73
04/06/2015,TIX,FL,ASO,ES,Federal Contract Tower,0,0,26,0,26,0,0,150,0,150,0,0,176,0,176,283,0,283,459
04/07/2015,TIX,FL,ASO,ES,Federal Contract Tower,0,0,41,0,41,0,0,197,0,197,0,0,238,0,238,270,0,270,508
04/08/2015,TIX,FL,ASO,ES,Federal Contract Tower,0,0,22,0,22,0,0,176,0,176,0,0,198,0,198,228,0,228,426
04/09/2015,TIX,FL,ASO,ES,Federal Contract Tower,0,0,29,0,29,0,0,98,0,98,0,0,127,0,127,116,0,116,243
04/10/2015,TIX,FL,ASO,ES,Federal Contract Tower,0,2,23,0,25,0,0,140,0,140,0,2,163,0,165,268,0,268,433
04/11/2015,TIX,FL,ASO,ES,Federal Contract Tower,0,1,20,0,21,0,0,104,0,104,0,1,124,0,125,50,0,50,175
04/12/2015,TIX,FL,ASO,ES,Federal Contract Tower,0,0,5,0,5,0,0,37,0,37,0,0,42,0,42,86,0,86,128
04/13/2015,TIX,FL,ASO,ES,Federal Contract Tower,0,0,14,0,14,0,0,136,0,136,0,0,150,0,150,262,0,262,412
04/14/2015,TIX,FL,ASO,ES,Federal Contract Tower,0,0,25,0,25,0,0,166,0,166,0,0,191,0,191,220,0,220,411
04/15/2015,TIX,FL,ASO,ES,Federal Contract Tower,0,1,25,0,26,0,0,155,0,155,0,1,180,0,181,180,0,180,361
04/16/2015,TIX,FL,ASO,ES,Federal Contract Tower,0,0,36,0,36,0,0,87,2,89,0,0,123,2,125,144,0,144,269
04/17/2015,TIX,FL,ASO,ES,Federal Contract Tower,0,0,20,0,20,0,0,64,0,64,0,0,84,0,84,120,0,120,204
04/18/2015,TIX,FL,ASO,ES,Federal Contract Tower,0,0,27,0,27,0,0,82,0,82,0,0,109,0,109,208,0,208,317
04/19/2015,TIX,FL,ASO,ES,Federal Contract Tower,0,0,10,0,10,0,0,77,0,77,0,0,87,0,87,132,0,132,219
04/20/2015,TIX,FL,ASO,ES,Federal Contract Tower,0,0,12,0,12,0,0,113,0,113,0,0,125,0,125,190,0,190,315
04/21/2015,TIX,FL,ASO,ES,Federal Contract Tower,0,0,38,0,38,0,0,191,0,191,0,0,229,0,229,178,0,178,407
04/22/2015,TIX,FL,ASO,ES,Federal Contract Tower,0,0,36,0,36,0,0,214,0,214,0,0,250,0,250,264,0,264,514
04/23/2015,TIX,FL,ASO,ES,Federal Contract Tower,0,0,30,4,34,0,0,70,0,70,0,0,100,4,104,104,0,104,208
04/24/2015,TIX,FL,ASO,ES,Federal Contract Tower,0,0,36,0,36,0,0,195,0,195,0,0,231,0,231,236,0,236,467
04/25/2015,TIX,FL,ASO,ES,Federal Contract Tower,0,0,10,0,10,0,0,64,0,64,0,0,74,0,74,110,0,110,184
04/26/2015,TIX,FL,ASO,ES,Federal Contract Tower,0,1,20,1,22,0,0,39,0,39,0,1,59,1,61,98,0,98,159
04/27/2015,TIX,FL,ASO,ES,Federal Contract Tower,0,0,38,2,40,0,0,126,0,126,0,0,164,2,166,164,0,164,330
04/28/2015,TIX,FL,ASO,ES,Federal Contract Tower,0,0,11,0,11,0,0,63,0,63,0,0,74,0,74,216,0,216,290
04/29/2015,TIX,FL,ASO,ES,Federal Contract Tower,0,0,36,2,38,0,0,135,0,135,0,0,171,2,173,176,44,220,393
04/30/2015,TIX,FL,ASO,ES,Federal Contract Tower,0,0,33,0,33,0,0,125,0,125,0,0,158,0,158,222,0,222,380
05/01/2015,TIX,FL,ASO,ES,Federal Contract Tower,0,0,40,0,40,0,0,160,0,160,0,0,200,0,200,204,0,204,404
05/02/2015,TIX,FL,ASO,ES,Federal Contract Tower,0,0,18,0,18,0,0,102,0,102,0,0,120,0,120,94,0,94,214
05/03/2015,TIX,FL,ASO,ES,Federal Contract Tower,0,1,14,0,15,0,0,99,0,99,0,1,113,0,114,126,0,126,240
05/04/2015,TIX,FL,ASO,ES,Federal Contract Tower,0,0,37,0,37,0,0,144,0,144,0,0,181,0,181,218,0,218,399
05/05/2015,TIX,FL,ASO,ES,Federal Contract Tower,0,2,21,0,23,0,0,148,0,148,0,2,169,0,171,188,0,188,359
05/06/2015,TIX,FL,ASO,ES,Federal Contract Tower,0,0,14,0,14,0,0,78,0,78,0,0,92,0,92,160,0,160,252
05/07/2015,TIX,FL,ASO,ES,Federal Contract Tower,0,0,46,1,47,0,0,151,1,152,0,0,197,2,199,134,0,134,333
05/08/2015,TIX,FL,ASO,ES,Federal Contract Tower,0,0,37,0,37,0,0,188,0,188,0,0,225,0,225,306,0,306,531
05/09/2015,TIX,FL,ASO,ES,Federal Contract Tower,0,0,15,0,15,0,0,170,0,170,0,0,185,0,185,274,0,274,459
05/10/2015,TIX,FL,ASO,ES,Federal Contract Tower,0,0,7,0,7,0,0,108,0,108,0,0,115,0,115,102,0,102,217
05/11/2015,TIX,FL,ASO,ES,Federal Contract Tower,0,0,22,0,22,0,0,172,0,172,0,0,194,0,194,276,0,276,470
05/12/2015,TIX,FL,ASO,ES,Federal Contract Tower,0,0,21,2,23,0,0,186,0,186,0,0,207,2,209,294,0,294,503
05/13/2015,TIX,FL,ASO,ES,Federal Contract Tower,0,2,29,0,31,0,0,140,0,140,0,2,169,0,171,134,0,134,305
05/14/2015,TIX,FL,ASO,ES,Federal Contract Tower,0,2,38,0,40,0,0,123,0,123,0,2,161,0,163,182,0,182,345
05/15/2015,TIX,FL,ASO,ES,Federal Contract Tower,0,1,21,0,22,0,0,68,0,68,0,1,89,0,90,40,0,40,130
05/16/2015,TIX,FL,ASO,ES,Federal Contract Tower,0,0,17,0,17,0,0,89,0,89,0,0,106,0,106,121,0,121,227
05/17/2015,TIX,FL,ASO,ES,Federal Contract Tower,0,0,17,0,17,0,0,38,0,38,0,0,55,0,55,66,0,66,121
05/18/2015,TIX,FL,ASO,ES,Federal Contract Tower,0,0,34,1,35,0,0,185,2,187,0,0,219,3,222,202,4,206,428
05/19/2015,TIX,FL,ASO,ES,Federal Contract Tower,0,0,45,0,45,0,0,226,0,226,0,0,271,0,271,262,0,262,533
05/20/2015,TIX,FL,ASO,ES,Federal Contract Tower,0,0,47,0,47,0,0,172,0,172,0,0,219,0,219,210,0,210,429
05/21/2015,TIX,FL,ASO,ES,Federal Contract Tower,0,2,54,0,56,0,0,140,0,140,0,2,194,0,196,106,0,106,302
05/22/2015,TIX,FL,ASO,ES,Federal Contract Tower,0,0,41,0,41,0,0,161,0,161,0,0,202,0,202,158,0,158,360
05/23/2015,TIX,FL,ASO,ES,Federal Contract Tower,0,0,9,0,9,0,0,101,0,101,0,0,110,0,110,98,0,98,208
05/24/2015,TIX,FL,ASO,ES,Federal Contract Tower,0,0,19,0,19,0,0,72,0,72,0,0,91,0,91,124,0,124,215
05/25/2015,TIX,FL,ASO,ES,Federal Contract Tower,0,4,16,0,20,0,0,110,0,110,0,4,126,0,130,126,0,126,256
05/26/2015,TIX,FL,ASO,ES,Federal Contract Tower,0,0,36,0,36,0,0,192,0,192,0,0,228,0,228,244,0,244,472
05/27/2015,TIX,FL,ASO,ES,Federal Contract Tower,0,0,39,0,39,0,0,140,0,140,0,0,179,0,179,174,0,174,353
05/28/2015,TIX,FL,ASO,ES,Federal Contract Tower,0,3,33,0,36,0,0,168,0,168,0,3,201,0,204,257,0,257,461
05/29/2015,TIX,FL,ASO,ES,Federal Contract Tower,0,3,27,0,30,0,0,110,0,110,0,3,137,0,140,174,0,174,314
05/30/2015,TIX,FL,ASO,ES,Federal Contract Tower,0,0,29,0,29,0,0,61,0,61,0,0,90,0,90,198,0,198,288
05/31/2015,TIX,FL,ASO,ES,Federal Contract Tower,0,0,13,0,13,0,0,67,4,71,0,0,80,4,84,132,0,132,216
06/01/2015,TIX,FL,ASO,ES,Federal Contract Tower,0,0,24,0,24,0,0,106,0,106,0,0,130,0,130,190,2,192,322
06/02/2015,TIX,FL,ASO,ES,Federal Contract Tower,0,0,24,0,24,0,0,124,0,124,0,0,148,0,148,184,0,184,332
06/03/2015,TIX,FL,ASO,ES,Federal Contract Tower,0,0,20,0,20,0,0,105,0,105,0,0,125,0,125,140,0,140,265
06/04/2015,TIX,FL,ASO,ES,Federal Contract Tower,0,0,56,0,56,0,0,150,0,150,0,0,206,0,206,196,0,196,402
06/05/2015,TIX,FL,ASO,ES,Federal Contract Tower,0,0,31,0,31,0,0,134,0,134,0,0,165,0,165,218,0,218,383
06/06/2015,TIX,FL,ASO,ES,Federal Contract Tower,0,0,31,0,31,0,0,97,0,97,0,0,128,0,128,130,0,130,258
06/07/2015,TIX,FL,ASO,ES,Federal Contract Tower,0,2,24,0,26,0,0,64,0,64,0,2,88,0,90,98,0,98,188
06/08/2015,TIX,FL,ASO,ES,Federal Contract Tower,0,3,22,0,25,0,0,172,0,172,0,3,194,0,197,302,0,302,499
06/09/2015,TIX,FL,ASO,ES,Federal Contract Tower,0,0,55,0,55,0,0,154,0,154,0,0,209,0,209,270,0,270,479
06/10/2015,TIX,FL,ASO,ES,Federal Contract Tower,0,0,26,2,28,0,0,120,0,120,0,0,146,2,148,226,0,226,374
06/11/2015,TIX,FL,ASO,ES,Federal Contract Tower,0,0,38,0,38,0,0,197,0,197,0,0,235,0,235,258,0,258,493
06/12/2015,TIX,FL,ASO,ES,Federal Contract Tower,0,4,41,0,45,0,0,142,0,142,0,4,183,0,187,292,0,292,479
06/13/2015,TIX,FL,ASO,ES,Federal Contract Tower,0,0,11,0,11,0,0,167,0,167,0,0,178,0,178,218,0,218,396
06/14/2015,TIX,FL,ASO,ES,Federal Contract Tower,0,0,19,0,19,0,0,97,0,97,0,0,116,0,116,142,0,142,258
06/15/2015,TIX,FL,ASO,ES,Federal Contract Tower,0,0,48,0,48,0,0,188,0,188,0,0,236,0,236,228,0,228,464
06/16/2015,TIX,FL,ASO,ES,Federal Contract Tower,0,0,32,0,32,0,0,216,0,216,0,0,248,0,248,342,0,342,590
06/17/2015,TIX,FL,ASO,ES,Federal Contract Tower,0,0,37,0,37,0,0,152,0,152,0,0,189,0,189,204,0,204,393
06/18/2015,TIX,FL,ASO,ES,Federal Contract Tower,0,0,27,0,27,0,0,138,0,138,0,0,165,0,165,206,0,206,371
06/19/2015,TIX,FL,ASO,ES,Federal Contract Tower,0,0,36,0,36,0,0,156,0,156,0,0,192,0,192,290,0,290,482
06/20/2015,TIX,FL,ASO,ES,Federal Contract Tower,0,0,11,0,11,0,0,108,0,108,0,0,119,0,119,116,0,116,235
06/21/2015,TIX,FL,ASO,ES,Federal Contract Tower,0,0,17,0,17,0,0,95,0,95,0,0,112,0,112,108,0,108,220
06/22/2015,TIX,FL,ASO,ES,Federal Contract Tower,0,0,34,0,34,0,0,122,1,123,0,0,156,1,157,242,0,242,399
06/23/2015,TIX,FL,ASO,ES,Federal Contract Tower,0,0,27,0,27,0,0,145,0,145,0,0,172,0,172,214,0,214,386
06/24/2015,TIX,FL,ASO,ES,Federal Contract Tower,0,0,32,0,32,0,0,113,2,115,0,0,145,2,147,171,0,171,318
06/25/2015,TIX,FL,ASO,ES,Federal Contract Tower,0,0,25,0,25,0,0,132,2,134,0,0,157,2,159,246,2,248,407
06/26/2015,TIX,FL,ASO,ES,Federal Contract Tower,0,0,19,0,19,0,0,127,0,127,0,0,146,0,146,246,0,246,392
06/27/2015,TIX,FL,ASO,ES,Federal Contract Tower,0,0,23,0,23,0,0,70,0,70,0,0,93,0,93,90,0,90,183
06/28/2015,TIX,FL,ASO,ES,Federal Contract Tower,0,0,24,0,24,0,0,86,0,86,0,0,110,0,110,86,0,86,196
06/29/2015,TIX,FL,ASO,ES,Federal Contract Tower,0,0,19,0,19,0,0,68,0,68,0,0,87,0,87,94,0,94,181
06/30/2015,TIX,FL,ASO,ES,Federal Contract Tower,0,0,70,0,70,0,0,185,0,185,0,0,255,0,255,244,0,244,499
07/01/2015,TIX,FL,ASO,ES,Federal Contract Tower,0,1,45,0,46,0,0,174,0,174,0,1,219,0,220,236,0,236,456
07/02/2015,TIX,FL,ASO,ES,Federal Contract Tower,0,2,19,0,21,0,0,127,0,127,0,2,146,0,148,110,0,110,258
07/03/2015,TIX,FL,ASO,ES,Federal Contract Tower,0,0,6,0,6,0,0,134,0,134,0,0,140,0,140,122,0,122,262
07/04/2015,TIX,FL,ASO,ES,Federal Contract Tower,0,0,7,0,7,0,0,15,0,15,0,0,22,0,22,10,0,10,32
07/05/2015,TIX,FL,ASO,ES,Federal Contract Tower,0,0,3,0,3,0,0,40,0,40,0,0,43,0,43,80,0,80,123
07/06/2015,TIX,FL,ASO,ES,Federal Contract Tower,0,1,42,0,43,0,0,140,0,140,0,1,182,0,183,114,0,114,297
07/07/2015,TIX,FL,ASO,ES,Federal Contract Tower,0,0,26,0,26,0,0,172,0,172,0,0,198,0,198,232,0,232,430
07/08/2015,TIX,FL,ASO,ES,Federal Contract Tower,0,0,25,0,25,0,0,154,0,154,0,0,179,0,179,140,0,140,319
07/09/2015,TIX,FL,ASO,ES,Federal Contract Tower,0,0,22,0,22,0,0,157,0,157,0,0,179,0,179,284,0,284,463
07/10/2015,TIX,FL,ASO,ES,Federal Contract Tower,0,2,30,0,32,0,0,172,0,172,0,2,202,0,204,262,0,262,466
07/11/2015,TIX,FL,ASO,ES,Federal Contract Tower,0,1,26,1,28,0,0,173,0,173,0,1,199,1,201,158,0,158,359
07/12/2015,TIX,FL,ASO,ES,Federal Contract Tower,0,0,12,0,12,0,0,58,0,58,0,0,70,0,70,0,0,0,70
07/13/2015,TIX,FL,ASO,ES,Federal Contract Tower,0,0,31,0,31,0,0,173,0,173,0,0,204,0,204,236,0,236,440
07/14/2015,TIX,FL,ASO,ES,Federal Contract Tower,0,0,46,0,46,0,0,122,0,122,0,0,168,0,168,198,0,198,366
07/15/2015,TIX,FL,ASO,ES,Federal Contract Tower,0,0,33,0,33,0,0,122,0,122,0,0,155,0,155,166,0,166,321
07/16/2015,TIX,FL,ASO,ES,Federal Contract Tower,0,2,34,0,36,0,0,118,0,118,0,2,152,0,154,168,0,168,322
07/17/2015,TIX,FL,ASO,ES,Federal Contract Tower,0,0,27,0,27,0,0,127,0,127,0,0,154,0,154,214,0,214,368
07/18/2015,TIX,FL,ASO,ES,Federal Contract Tower,0,4,31,0,35,0,0,72,0,72,0,4,103,0,107,110,0,110,217
07/19/2015,TIX,FL,ASO,ES,Federal Contract Tower,0,1,16,0,17,0,0,48,0,48,0,1,64,0,65,80,0,80,145
07/20/2015,TIX,FL,ASO,ES,Federal Contract Tower,0,1,18,0,19,0,0,135,0,135,0,1,153,0,154,188,0,188,342
07/21/2015,TIX,FL,ASO,ES,Federal Contract Tower,0,0,42,0,42,0,0,122,0,122,0,0,164,0,164,224,0,224,388
07/22/2015,TIX,FL,ASO,ES,Federal Contract Tower,0,0,19,0,19,0,0,116,0,116,0,0,135,0,135,228,0,228,363
07/23/2015,TIX,FL,ASO,ES,Federal Contract Tower,0,0,34,0,34,0,0,84,0,84,0,0,118,0,118,78,0,78,196
07/24/2015,TIX,FL,ASO,ES,Federal Contract Tower,0,5,19,0,24,0,0,64,0,64,0,5,83,0,88,80,0,80,168
07/25/2015,TIX,FL,ASO,ES,Federal Contract Tower,0,2,19,0,21,0,0,65,0,65,0,2,84,0,86,93,0,93,179
07/26/2015,TIX,FL,ASO,ES,Federal Contract Tower,0,0,19,0,19,0,0,37,0,37,0,0,56,0,56,108,0,108,164
07/27/2015,TIX,FL,ASO,ES,Federal Contract Tower,0,0,25,0,25,0,0,80,0,80,0,0,105,0,105,114,0,114,219
07/28/2015,TIX,FL,ASO,ES,Federal Contract Tower,0,1,24,0,25,0,0,155,0,155,0,1,179,0,180,202,0,202,382
07/29/2015,TIX,FL,ASO,ES,Federal Contract Tower,0,3,44,0,47,0,0,169,0,169,0,3,213,0,216,262,0,262,478
07/30/2015,TIX,FL,ASO,ES,Federal Contract Tower,0,2,62,0,64,0,0,137,0,137,0,2,199,0,201,158,0,158,359
07/31/2015,TIX,FL,ASO,ES,Federal Contract Tower,0,0,25,2,27,0,0,92,0,92,0,0,117,2,119,134,0,134,253
08/01/2015,TIX,FL,ASO,ES,Federal Contract Tower,0,0,13,0,13,0,0,59,0,59,0,0,72,0,72,78,0,78,150
08/02/2015,TIX,FL,ASO,ES,Federal Contract Tower,0,0,16,0,16,0,0,50,0,50,0,0,66,0,66,96,0,96,162
08/03/2015,TIX,FL,ASO,ES,Federal Contract Tower,0,0,16,0,16,0,0,90,0,90,0,0,106,0,106,132,0,132,238
08/04/2015,TIX,FL,ASO,ES,Federal Contract Tower,0,0,43,0,43,0,0,175,0,175,0,0,218,0,218,218,0,218,436
08/05/2015,TIX,FL,ASO,ES,Federal Contract Tower,0,0,35,0,35,0,0,169,0,169,0,0,204,0,204,220,0,220,424
08/06/2015,TIX,FL,ASO,ES,Federal Contract Tower,0,0,38,0,38,0,0,126,0,126,0,0,164,0,164,160,0,160,324
08/07/2015,TIX,FL,ASO,ES,Federal Contract Tower,0,0,16,0,16,0,0,88,0,88,0,0,104,0,104,66,0,66,170
08/08/2015,TIX,FL,ASO,ES,Federal Contract Tower,0,0,18,0,18,0,0,114,0,114,0,0,132,0,132,100,0,100,232
08/09/2015,TIX,FL,ASO,ES,Federal Contract Tower,0,0,17,0,17,0,0,79,0,79,0,0,96,0,96,96,0,96,192
08/10/2015,TIX,FL,ASO,ES,Federal Contract Tower,0,2,43,0,45,0,0,155,0,155,0,2,198,0,200,232,0,232,432
08/11/2015,TIX,FL,ASO,ES,Federal Contract Tower,0,1,30,0,31,0,0,215,0,215,0,1,245,0,246,248,0,248,494
08/12/2015,TIX,FL,ASO,ES,Federal Contract Tower,0,0,34,0,34,0,0,141,0,141,0,0,175,0,175,160,0,160,335
08/13/2015,TIX,FL,ASO,ES,Federal Contract Tower,0,0,30,0,30,0,0,54,0,54,0,0,84,0,84,77,0,77,161
08/14/2015,TIX,FL,ASO,ES,Federal Contract Tower,0,3,38,0,41,0,0,138,0,138,0,3,176,0,179,192,0,192,371
08/15/2015,TIX,FL,ASO,ES,Federal Contract Tower,0,6,20,0,26,0,0,68,0,68,0,6,88,0,94,70,0,70,164
08/16/2015,TIX,FL,ASO,ES,Federal Contract Tower,0,0,20,0,20,0,0,77,0,77,0,0,97,0,97,108,0,108,205
08/17/2015,TIX,FL,ASO,ES,Federal Contract Tower,0,1,41,0,42,0,0,156,0,156,0,1,197,0,198,0,300,300,498
08/18/2015,TIX,FL,ASO,ES,Federal Contract Tower,0,0,25,0,25,0,0,126,0,126,0,0,151,0,151,128,0,128,279
08/19/2015,TIX,FL,ASO,ES,Federal Contract Tower,0,0,20,0,20,0,0,158,2,160,0,0,178,2,180,252,4,256,436
08/20/2015,TIX,FL,ASO,ES,Federal Contract Tower,0,0,20,0,20,0,0,106,0,106,0,0,126,0,126,122,0,122,248
08/21/2015,TIX,FL,ASO,ES,Federal Contract Tower,0,0,33,0,33,0,0,177,0,177,0,0,210,0,210,232,0,232,442
08/22/2015,TIX,FL,ASO,ES,Federal Contract Tower,0,3,46,0,49,0,0,148,0,148,0,3,194,0,197,136,0,136,333
08/23/2015,TIX,FL,ASO,ES,Federal Contract Tower,0,0,53,0,53,0,0,86,0,86,0,0,139,0,139,112,0,112,251
08/24/2015,TIX,FL,ASO,ES,Federal Contract Tower,0,1,23,0,24,0,0,146,0,146,0,1,169,0,170,190,0,190,360
08/25/2015,TIX,FL,ASO,ES,Federal Contract Tower,0,0,45,0,45,0,0,206,0,206,0,0,251,0,251,228,0,228,479
08/26/2015,TIX,FL,ASO,ES,Federal Contract Tower,0,1,48,0,49,0,0,97,1,98,0,1,145,1,147,90,0,90,237
08/27/2015,TIX,FL,ASO,ES,Federal Contract Tower,0,0,37,0,37,0,0,107,0,107,0,0,144,0,144,138,0,138,282
08/28/2015,TIX,FL,ASO,ES,Federal Contract Tower,0,2,26,0,28,0,0,87,0,87,0,2,113,0,115,132,0,132,247
08/29/2015,TIX,FL,ASO,ES,Federal Contract Tower,0,1,23,0,24,0,0,74,0,74,0,1,97,0,98,82,0,82,180
08/30/2015,TIX,FL,ASO,ES,Federal Contract Tower,0,1,3,0,4,0,0,0,0,0,0,1,3,0,4,6,0,6,10
08/31/2015,TIX,FL,ASO,ES,Federal Contract Tower,0,0,8,0,8,0,0,119,0,119,0,0,127,0,127,180,0,180,307
09/01/2015,TIX,FL,ASO,ES,Federal Contract Tower,0,0,38,0,38,0,0,145,0,145,0,0,183,0,183,243,0,243,426
09/02/2015,TIX,FL,ASO,ES,Federal Contract Tower,0,2,41,0,43,0,0,139,0,139,0,2,180,0,182,268,0,268,450
09/03/2015,TIX,FL,ASO,ES,Federal Contract Tower,0,0,66,0,66,0,0,146,0,146,0,0,212,0,212,342,0,342,554
09/04/2015,TIX,FL,ASO,ES,Federal Contract Tower,0,0,33,0,33,0,0,149,0,149,0,0,182,0,182,246,0,246,428
09/05/2015,TIX,FL,ASO,ES,Federal Contract Tower,0,0,25,0,25,0,0,67,0,67,0,0,92,0,92,152,0,152,244
09/06/2015,TIX,FL,ASO,ES,Federal Contract Tower,0,1,29,0,30,0,0,55,0,55,0,1,84,0,85,78,0,78,163
09/07/2015,TIX,FL,ASO,ES,Federal Contract Tower,0,1,25,0,26,0,0,88,0,88,0,1,113,0,114,112,0,112,226
09/08/2015,TIX,FL,ASO,ES,Federal Contract Tower,0,0,22,0,22,0,0,128,0,128,0,0,150,0,150,240,0,240,390
09/09/2015,TIX,FL,ASO,ES,Federal Contract Tower,0,0,63,0,63,0,0,149,0,149,0,0,212,0,212,254,0,254,466
09/10/2015,TIX,FL,ASO,ES,Federal Contract Tower,0,0,54,0,54,0,0,145,0,145,0,0,199,0,199,256,0,256,455
09/11/2015,TIX,FL,ASO,ES,Federal Contract Tower,0,0,52,0,52,0,0,174,0,174,0,0,226,0,226,260,0,260,486
09/12/2015,TIX,FL,ASO,ES,Federal Contract Tower,0,0,15,0,15,0,0,77,0,77,0,0,92,0,92,100,0,100,192
09/13/2015,TIX,FL,ASO,ES,Federal Contract Tower,0,0,26,0,26,0,0,41,0,41,0,0,67,0,67,74,0,74,141
09/14/2015,TIX,FL,ASO,ES,Federal Contract Tower,0,1,49,0,50,0,0,132,0,132,0,1,181,0,182,214,0,214,396
09/15/2015,TIX,FL,ASO,ES,Federal Contract Tower,0,1,30,0,31,0,0,92,0,92,0,1,122,0,123,168,0,168,291
09/16/2015,TIX,FL,ASO,ES,Federal Contract Tower,0,0,18,0,18,0,0,52,0,52,0,0,70,0,70,82,0,82,152
09/17/2015,TIX,FL,ASO,ES,Federal Contract Tower,0,0,13,0,13,0,0,27,0,27,0,0,40,0,40,72,0,72,112
09/18/2015,TIX,FL,ASO,ES,Federal Contract Tower,0,0,18,0,18,0,0,104,0,104,0,0,122,0,122,170,0,170,292
09/19/2015,TIX,FL,ASO,ES,Federal Contract Tower,0,0,26,0,26,0,0,42,0,42,0,0,68,0,68,42,0,42,110
09/20/2015,TIX,FL,ASO,ES,Federal Contract Tower,0,0,43,0,43,0,0,90,0,90,0,0,133,0,133,98,0,98,231
09/21/2015,TIX,FL,ASO,ES,Federal Contract Tower,0,0,53,0,53,0,0,123,0,123,0,0,176,0,176,328,0,328,504
09/22/2015,TIX,FL,ASO,ES,Federal Contract Tower,0,0,48,0,48,0,0,149,0,149,0,0,197,0,197,196,0,196,393
09/23/2015,TIX,FL,ASO,ES,Federal Contract Tower,0,0,35,0,35,0,0,113,0,113,0,0,148,0,148,382,0,382,530
09/24/2015,TIX,FL,ASO,ES,Federal Contract Tower,0,0,41,0,41,0,0,75,0,75,0,0,116,0,116,202,0,202,318
09/25/2015,TIX,FL,ASO,ES,Federal Contract Tower,0,4,20,0,24,0,0,98,0,98,0,4,118,0,122,196,0,196,318
09/26/2015,TIX,FL,ASO,ES,Federal Contract Tower,0,2,56,0,58,0,0,120,0,120,0,2,176,0,178,202,0,202,380
09/27/2015,TIX,FL,ASO,ES,Federal Contract Tower,0,0,5,0,5,0,0,36,0,36,0,0,41,0,41,44,0,44,85
09/28/2015,TIX,FL,ASO,ES,Federal Contract Tower,0,0,19,0,19,0,0,130,0,130,0,0,149,0,149,246,0,246,395
09/29/2015,TIX,FL,ASO,ES,Federal Contract Tower,0,0,3,0,3,0,0,27,0,27,0,0,30,0,30,106,0,106,136
09/30/2015,TIX,FL,ASO,ES,Federal Contract Tower,0,0,66,0,66,0,0,118,0,118,0,0,184,0,184,170,0,170,354
10/01/2015,TIX,FL,ASO,ES,Federal Contract Tower,0,4,68,0,72,0,0,103,0,103,0,4,171,0,175,128,0,128,303
10/02/2015,TIX,FL,ASO,ES,Federal Contract Tower,0,0,20,0,20,0,0,78,0,78,0,0,98,0,98,102,0,102,200
10/03/2015,TIX,FL,ASO,ES,Federal Contract Tower,0,2,34,0,36,0,0,61,0,61,0,2,95,0,97,56,0,56,153
10/04/2015,TIX,FL,ASO,ES,Federal Contract Tower,0,2,41,0,43,0,0,65,0,65,0,2,106,0,108,96,0,96,204
10/05/2015,TIX,FL,ASO,ES,Federal Contract Tower,0,0,105,0,105,0,0,155,0,155,0,0,260,0,260,282,0,282,542
10/06/2015,TIX,FL,ASO,ES,Federal Contract Tower,0,0,71,0,71,0,0,92,0,92,0,0,163,0,163,200,0,200,363
10/07/2015,TIX,FL,ASO,ES,Federal Contract Tower,0,0,89,0,89,0,0,169,0,169,0,0,258,0,258,238,0,238,496
10/08/2015,TIX,FL,ASO,ES,Federal Contract Tower,0,0,21,0,21,0,0,113,0,113,0,0,134,0,134,240,0,240,374
10/09/2015,TIX,FL,ASO,ES,Federal Contract Tower,0,0,37,0,37,0,0,142,0,142,0,0,179,0,179,234,0,234,413
10/10/2015,TIX,FL,ASO,ES,Federal Contract Tower,0,0,27,0,27,0,0,80,0,80,0,0,107,0,107,116,0,116,223
10/11/2015,TIX,FL,ASO,ES,Federal Contract Tower,0,0,21,0,21,0,0,34,0,34,0,0,55,0,55,50,0,50,105
10/12/2015,TIX,FL,ASO,ES,Federal Contract Tower,0,0,53,0,53,0,0,139,0,139,0,0,192,0,192,190,0,190,382
10/13/2015,TIX,FL,ASO,ES,Federal Contract Tower,0,0,83,0,83,0,0,148,0,148,0,0,231,0,231,222,0,222,453
10/14/2015,TIX,FL,ASO,ES,Federal Contract Tower,0,0,71,0,71,0,0,192,0,192,0,0,263,0,263,312,0,312,575
10/15/2015,TIX,FL,ASO,ES,Federal Contract Tower,0,0,33,0,33,0,0,154,0,154,0,0,187,0,187,161,0,161,348
10/16/2015,TIX,FL,ASO,ES,Federal Contract Tower,0,0,38,0,38,0,0,113,0,113,0,0,151,0,151,90,0,90,241
10/17/2015,TIX,FL,ASO,ES,Federal Contract Tower,0,0,13,0,13,0,0,111,0,111,0,0,124,0,124,104,0,104,228
10/18/2015,TIX,FL,ASO,ES,Federal Contract Tower,0,0,10,0,10,0,0,31,0,31,0,0,41,0,41,22,0,22,63
10/19/2015,TIX,FL,ASO,ES,Federal Contract Tower,0,0,12,0,12,0,0,29,0,29,0,0,41,0,41,32,0,32,73
10/20/2015,TIX,FL,ASO,ES,Federal Contract Tower,0,0,50,0,50,0,0,93,0,93,0,0,143,0,143,118,0,118,261
10/21/2015,TIX,FL,ASO,ES,Federal Contract Tower,0,0,44,0,44,0,0,152,0,152,0,0,196,0,196,204,0,204,400
10/22/2015,TIX,FL,ASO,ES,Federal Contract Tower,0,0,35,0,35,0,0,152,0,152,0,0,187,0,187,196,0,196,383
10/23/2015,TIX,FL,ASO,ES,Federal Contract Tower,0,0,41,0,41,0,0,132,0,132,0,0,173,0,173,122,0,122,295
10/24/2015,TIX,FL,ASO,ES,Federal Contract Tower,0,0,25,0,25,0,0,104,0,104,0,0,129,0,129,88,0,88,217
10/25/2015,TIX,FL,ASO,ES,Federal Contract Tower,0,0,17,0,17,0,0,50,0,50,0,0,67,0,67,68,0,68,135
10/26/2015,TIX,FL,ASO,ES,Federal Contract Tower,0,0,40,0,40,0,0,137,0,137,0,0,177,0,177,256,0,256,433
10/27/2015,TIX,FL,ASO,ES,Federal Contract Tower,0,0,50,0,50,0,0,134,0,134,0,0,184,0,184,174,0,174,358
10/28/2015,TIX,FL,ASO,ES,Federal Contract Tower,0,0,11,0,11,0,0,130,0,130,0,0,141,0,141,218,0,218,359
10/29/2015,TIX,FL,ASO,ES,Federal Contract Tower,0,0,34,0,34,0,0,98,0,98,0,0,132,0,132,218,0,218,350
10/30/2015,TIX,FL,ASO,ES,Federal Contract Tower,0,2,46,0,48,0,0,118,0,118,0,2,164,0,166,239,0,239,405
10/31/2015,TIX,FL,ASO,ES,Federal Contract Tower,0,0,17,0,17,0,0,88,0,88,0,0,105,0,105,148,0,148,253
11/01/2015,TIX,FL,ASO,ES,Federal Contract Tower,0,0,8,0,8,0,0,52,0,52,0,0,60,0,60,80,0,80,140
11/02/2015,TIX,FL,ASO,ES,Federal Contract Tower,0,0,26,0,26,0,0,152,0,152,0,0,178,0,178,204,0,204,382
11/03/2015,TIX,FL,ASO,ES,Federal Contract Tower,0,0,39,0,39,0,0,149,0,149,0,0,188,0,188,228,0,228,416
11/04/2015,TIX,FL,ASO,ES,Federal Contract Tower,0,0,32,0,32,0,0,102,0,102,0,0,134,0,134,168,0,168,302
11/05/2015,TIX,FL,ASO,ES,Federal Contract Tower,0,0,37,0,37,0,0,172,0,172,0,0,209,0,209,302,0,302,511
11/06/2015,TIX,FL,ASO,ES,Federal Contract Tower,0,0,21,1,22,0,0,150,1,151,0,0,171,2,173,356,4,360,533
11/07/2015,TIX,FL,ASO,ES,Federal Contract Tower,0,0,3,0,3,0,0,55,0,55,0,0,58,0,58,102,0,102,160
11/08/2015,TIX,FL,ASO,ES,Federal Contract Tower,0,4,24,0,28,0,0,70,0,70,0,4,94,0,98,106,0,106,204
11/09/2015,TIX,FL,ASO,ES,Federal Contract Tower,0,1,12,0,13,0,0,116,0,116,0,1,128,0,129,264,0,264,393
11/10/2015,TIX,FL,ASO,ES,Federal Contract Tower,0,0,57,0,57,0,0,148,0,148,0,0,205,0,205,340,0,340,545
11/11/2015,TIX,FL,ASO,ES,Federal Contract Tower,0,0,53,0,53,0,0,115,0,115,0,0,168,0,168,188,0,188,356
11/12/2015,TIX,FL,ASO,ES,Federal Contract Tower,0,0,34,0,34,0,0,105,0,105,0,0,139,0,139,156,0,156,295
11/13/2015,TIX,FL,ASO,ES,Federal Contract Tower,0,0,67,0,67,0,0,84,0,84,0,0,151,0,151,222,0,222,373
11/14/2015,TIX,FL,ASO,ES,Federal Contract Tower,0,0,24,0,24,0,0,95,0,95,0,0,119,0,119,118,0,118,237
11/15/2015,TIX,FL,ASO,ES,Federal Contract Tower,0,0,21,0,21,0,0,41,0,41,0,0,62,0,62,56,0,56,118
11/16/2015,TIX,FL,ASO,ES,Federal Contract Tower,0,0,51,0,51,0,0,106,0,106,0,0,157,0,157,168,0,168,325
11/17/2015,TIX,FL,ASO,ES,Federal Contract Tower,0,0,53,0,53,0,0,116,0,116,0,0,169,0,169,266,0,266,435
11/18/2015,TIX,FL,ASO,ES,Federal Contract Tower,0,0,10,0,10,0,0,77,0,77,0,0,87,0,87,140,0,140,227
11/19/2015,TIX,FL,ASO,ES,Federal Contract Tower,0,0,21,0,21,0,0,85,0,85,0,0,106,0,106,210,0,210,316
11/20/2015,TIX,FL,ASO,ES,Federal Contract Tower,0,0,14,0,14,0,0,39,0,39,0,0,53,0,53,100,0,100,153
11/21/2015,TIX,FL,ASO,ES,Federal Contract Tower,0,1,11,0,12,0,0,38,0,38,0,1,49,0,50,72,0,72,122
11/22/2015,TIX,FL,ASO,ES,Federal Contract Tower,0,1,36,0,37,0,0,19,0,19,0,1,55,0,56,30,0,30,86
11/23/2015,TIX,FL,ASO,ES,Federal Contract Tower,0,0,76,0,76,0,0,131,0,131,0,0,207,0,207,304,0,304,511
11/24/2015,TIX,FL,ASO,ES,Federal Contract Tower,0,0,50,0,50,0,0,127,0,127,0,0,177,0,177,194,0,194,371
11/25/2015,TIX,FL,ASO,ES,Federal Contract Tower,0,0,21,0,21,0,0,72,0,72,0,0,93,0,93,128,0,128,221
11/26/2015,TIX,FL,ASO,ES,Federal Contract Tower,0,0,11,0,11,0,0,1,0,1,0,0,12,0,12,2,0,2,14
11/27/2015,TIX,FL,ASO,ES,Federal Contract Tower,0,1,11,0,12,0,0,28,0,28,0,1,39,0,40,28,0,28,68
11/28/2015,TIX,FL,ASO,ES,Federal Contract Tower,0,3,45,0,48,0,0,63,0,63,0,3,108,0,111,82,0,82,193
11/29/2015,TIX,FL,ASO,ES,Federal Contract Tower,0,0,20,0,20,0,0,27,0,27,0,0,47,0,47,58,0,58,105
11/30/2015,TIX,FL,ASO,ES,Federal Contract Tower,0,0,37,0,37,0,0,108,0,108,0,0,145,0,145,264,0,264,409
12/01/2015,TIX,FL,ASO,ES,Federal Contract Tower,0,0,46,0,46,0,0,85,1,86,0,0,131,1,132,146,0,146,278
12/02/2015,TIX,FL,ASO,ES,Federal Contract Tower,0,0,16,0,16,0,0,95,0,95,0,0,111,0,111,170,0,170,281
12/03/2015,TIX,FL,ASO,ES,Federal Contract Tower,0,0,47,0,47,0,0,37,0,37,0,0,84,0,84,124,0,124,208
12/04/2015,TIX,FL,ASO,ES,Federal Contract Tower,0,0,46,0,46,0,0,67,0,67,0,0,113,0,113,140,0,140,253
12/05/2015,TIX,FL,ASO,ES,Federal Contract Tower,0,2,23,0,25,0,0,17,0,17,0,2,40,0,42,20,0,20,62
12/06/2015,TIX,FL,ASO,ES,Federal Contract Tower,0,0,30,0,30,0,0,56,0,56,0,0,86,0,86,108,0,108,194
12/07/2015,TIX,FL,ASO,ES,Federal Contract Tower,0,2,47,0,49,0,0,37,0,37,0,2,84,0,86,112,0,112,198
12/08/2015,TIX,FL,ASO,ES,Federal Contract Tower,0,0,84,0,84,0,0,165,0,165,0,0,249,0,249,284,0,284,533
12/09/2015,TIX,FL,ASO,ES,Federal Contract Tower,0,0,52,0,52,0,0,111,0,111,0,0,163,0,163,182,6,188,351
12/10/2015,TIX,FL,ASO,ES,Federal Contract Tower,0,0,57,0,57,0,0,102,0,102,0,0,159,0,159,142,2,144,303
12/11/2015,TIX,FL,ASO,ES,Federal Contract Tower,0,0,27,0,27,0,0,90,0,90,0,0,117,0,117,116,0,116,233
12/12/2015,TIX,FL,ASO,ES,Federal Contract Tower,0,0,24,0,24,0,0,125,0,125,0,0,149,0,149,72,0,72,221
12/13/2015,TIX,FL,ASO,ES,Federal Contract Tower,0,0,25,0,25,0,0,49,0,49,0,0,74,0,74,74,0,74,148
12/14/2015,TIX,FL,ASO,ES,Federal Contract Tower,0,0,5,0,5,0,0,60,0,60,0,0,65,0,65,188,0,188,253
12/15/2015,TIX,FL,ASO,ES,Federal Contract Tower,0,0,16,0,16,0,0,102,0,102,0,0,118,0,118,220,0,220,338
12/16/2015,TIX,FL,ASO,ES,Federal Contract Tower,0,0,25,0,25,0,0,120,0,120,0,0,145,0,145,250,0,250,395
12/17/2015,TIX,FL,ASO,ES,Federal Contract Tower,0,0,15,0,15,0,0,56,0,56,0,0,71,0,71,192,0,192,263
12/18/2015,TIX,FL,ASO,ES,Federal Contract Tower,0,2,11,0,13,0,0,15,0,15,0,2,26,0,28,12,0,12,40
12/19/2015,TIX,FL,ASO,ES,Federal Contract Tower,0,1,34,0,35,0,0,72,0,72,0,1,106,0,107,124,0,124,231
12/20/2015,TIX,FL,ASO,ES,Federal Contract Tower,0,0,16,0,16,0,0,37,0,37,0,0,53,0,53,100,0,100,153
12/21/2015,TIX,FL,ASO,ES,Federal Contract Tower,0,0,31,0,31,0,0,114,0,114,0,0,145,0,145,292,0,292,437
12/22/2015,TIX,FL,ASO,ES,Federal Contract Tower,0,7,11,0,18,0,0,97,0,97,0,7,108,0,115,216,0,216,331
12/23/2015,TIX,FL,ASO,ES,Federal Contract Tower,0,0,6,0,6,0,0,47,0,47,0,0,53,0,53,54,0,54,107
12/24/2015,TIX,FL,ASO,ES,Federal Contract Tower,0,0,8,0,8,0,0,60,0,60,0,0,68,0,68,112,0,112,180
12/25/2015,TIX,FL,ASO,ES,Federal Contract Tower,0,0,0,0,0,0,0,6,0,6,0,0,6,0,6,12,0,12,18
12/26/2015,TIX,FL,ASO,ES,Federal Contract Tower,0,1,11,0,12,0,0,25,0,25,0,1,36,0,37,44,0,44,81
12/27/2015,TIX,FL,ASO,ES,Federal Contract Tower,0,0,6,0,6,0,0,29,0,29,0,0,35,0,35,36,0,36,71
12/28/2015,TIX,FL,ASO,ES,Federal Contract Tower,0,0,20,2,22,0,0,80,0,80,0,0,100,2,102,180,0,180,282
12/29/2015,TIX,FL,ASO,ES,Federal Contract Tower,0,0,8,0,8,0,0,94,0,94,0,0,102,0,102,288,0,288,390
12/30/2015,TIX,FL,ASO,ES,Federal Contract Tower,0,0,5,0,5,0,0,93,0,93,0,0,98,0,98,210,0,210,308
12/31/2015,TIX,FL,ASO,ES,Federal Contract Tower,0,1,16,0,17,0,0,102,0,102,0,1,118,0,119,164,0,164,283
01/01/2016,TIX,FL,ASO,ES,Federal Contract Tower,0,0,7,0,7,0,0,9,0,9,0,0,16,0,16,26,0,26,42
01/02/2016,TIX,FL,ASO,ES,Federal Contract Tower,0,1,9,0,10,0,0,16,0,16,0,1,25,0,26,38,0,38,64
01/03/2016,TIX,FL,ASO,ES,Federal Contract Tower,0,1,23,0,24,0,0,4,0,4,0,1,27,0,28,4,0,4,32
01/04/2016,TIX,FL,ASO,ES,Federal Contract Tower,0,0,32,0,32,0,0,101,0,101,0,0,133,0,133,240,0,240,373
01/05/2016,TIX,FL,ASO,ES,Federal Contract Tower,0,0,37,0,37,0,0,86,0,86,0,0,123,0,123,162,0,162,285
01/06/2016,TIX,FL,ASO,ES,Federal Contract Tower,0,2,24,0,26,0,0,79,0,79,0,2,103,0,105,76,0,76,181
01/07/2016,TIX,FL,ASO,ES,Federal Contract Tower,0,0,36,0,36,0,0,46,0,46,0,0,82,0,82,92,0,92,174
01/08/2016,TIX,FL,ASO,ES,Federal Contract Tower,0,0,17,0,17,0,0,2,0,2,0,0,19,0,19,8,0,8,27
01/09/2016,TIX,FL,ASO,ES,Federal Contract Tower,0,2,7,0,9,0,0,20,0,20,0,2,27,0,29,56,0,56,85
01/10/2016,TIX,FL,ASO,ES,Federal Contract Tower,0,1,30,0,31,0,1,51,0,52,0,2,81,0,83,150,0,150,233
01/11/2016,TIX,FL,ASO,ES,Federal Contract Tower,0,0,32,0,32,0,0,135,0,135,0,0,167,0,167,232,0,232,399
01/12/2016,TIX,FL,ASO,ES,Federal Contract Tower,0,0,72,0,72,0,0,99,0,99,0,0,171,0,171,214,0,214,385
01/13/2016,TIX,FL,ASO,ES,Federal Contract Tower,0,1,63,0,64,0,0,137,0,137,0,1,200,0,201,272,0,272,473
01/14/2016,TIX,FL,ASO,ES,Federal Contract Tower,0,2,43,0,45,0,0,108,0,108,0,2,151,0,153,240,0,240,393
01/15/2016,TIX,FL,ASO,ES,Federal Contract Tower,0,0,7,0,7,0,0,24,0,24,0,0,31,0,31,92,0,92,123
01/16/2016,TIX,FL,ASO,ES,Federal Contract Tower,0,2,18,0,20,0,0,105,0,105,0,2,123,0,125,170,0,170,295
01/17/2016,TIX,FL,ASO,ES,Federal Contract Tower,0,0,4,0,4,0,0,22,0,22,0,0,26,0,26,36,0,36,62
01/18/2016,TIX,FL,ASO,ES,Federal Contract Tower,0,0,63,0,63,0,0,77,0,77,0,0,140,0,140,184,0,184,324
01/19/2016,TIX,FL,ASO,ES,Federal Contract Tower,0,0,65,0,65,0,0,121,0,121,0,0,186,0,186,250,0,250,436
01/20/2016,TIX,FL,ASO,ES,Federal Contract Tower,0,2,60,1,63,0,0,110,0,110,0,2,170,1,173,240,0,240,413
01/21/2016,TIX,FL,ASO,ES,Federal Contract Tower,0,0,29,0,29,0,0,94,0,94,0,0,123,0,123,232,0,232,355
01/22/2016,TIX,FL,ASO,ES,Federal Contract Tower,0,0,6,0,6,0,0,14,0,14,0,0,20,0,20,8,0,8,28
01/23/2016,TIX,FL,ASO,ES,Federal Contract Tower,0,2,4,0,6,0,0,1,0,1,0,2,5,0,7,8,0,8,15
01/24/2016,TIX,FL,ASO,ES,Federal Contract Tower,0,1,44,0,45,0,0,78,0,78,0,1,122,0,123,78,0,78,201
01/25/2016,TIX,FL,ASO,ES,Federal Contract Tower,0,0,74,4,78,0,0,121,0,121,0,0,195,4,199,286,0,286,485
01/26/2016,TIX,FL,ASO,ES,Federal Contract Tower,0,0,49,0,49,0,0,121,0,121,0,0,170,0,170,176,2,178,348
01/27/2016,TIX,FL,ASO,ES,Federal Contract Tower,0,2,8,0,10,0,0,4,0,4,0,2,12,0,14,0,0,0,14
01/28/2016,TIX,FL,ASO,ES,Federal Contract Tower,0,0,3,0,3,0,0,0,0,0,0,0,3,0,3,0,0,0,3
01/29/2016,TIX,FL,ASO,ES,Federal Contract Tower,0,0,75,0,75,0,0,147,0,147,0,0,222,0,222,148,0,148,370
01/30/2016,TIX,FL,ASO,ES,Federal Contract Tower,0,0,44,0,44,0,0,123,0,123,0,0,167,0,167,126,0,126,293
01/31/2016,TIX,FL,ASO,ES,Federal Contract Tower,0,0,24,0,24,0,0,78,0,78,0,0,102,0,102,54,0,54,156
02/01/2016,TIX,FL,ASO,ES,Federal Contract Tower,0,0,51,0,51,0,0,115,0,115,0,0,166,0,166,234,0,234,400
02/02/2016,TIX,FL,ASO,ES,Federal Contract Tower,0,0,24,0,24,0,0,80,0,80,0,0,104,0,104,118,0,118,222
02/03/2016,TIX,FL,ASO,ES,Federal Contract Tower,0,0,23,0,23,0,0,113,0,113,0,0,136,0,136,162,0,162,298
02/04/2016,TIX,FL,ASO,ES,Federal Contract Tower,0,0,18,0,18,0,0,63,0,63,0,0,81,0,81,144,0,144,225
02/05/2016,TIX,FL,ASO,ES,Federal Contract Tower,0,0,52,0,52,0,0,76,0,76,0,0,128,0,128,122,0,122,250
02/06/2016,TIX,FL,ASO,ES,Federal Contract Tower,0,0,19,0,19,0,0,63,0,63,0,0,82,0,82,132,0,132,214
02/07/2016,TIX,FL,ASO,ES,Federal Contract Tower,0,0,7,0,7,0,0,16,0,16,0,0,23,0,23,12,0,12,35
02/08/2016,TIX,FL,ASO,ES,Federal Contract Tower,0,0,54,0,54,0,0,76,0,76,0,0,130,0,130,144,0,144,274
02/09/2016,TIX,FL,ASO,ES,Federal Contract Tower,0,0,49,0,49,0,0,46,0,46,0,0,95,0,95,60,0,60,155
02/10/2016,TIX,FL,ASO,ES,Federal Contract Tower,0,0,64,0,64,0,0,71,0,71,0,0,135,0,135,90,0,90,225
02/11/2016,TIX,FL,ASO,ES,Federal Contract Tower,0,0,62,0,62,0,0,79,0,79,0,0,141,0,141,134,0,134,275
02/12/2016,TIX,FL,ASO,ES,Federal Contract Tower,0,1,41,0,42,0,0,87,0,87,0,1,128,0,129,206,0,206,335
02/13/2016,TIX,FL,ASO,ES,Federal Contract Tower,0,1,62,0,63,0,0,152,0,152,0,1,214,0,215,234,0,234,449
02/14/2016,TIX,FL,ASO,ES,Federal Contract Tower,0,2,16,0,18,0,0,61,0,61,0,2,77,0,79,128,0,128,207
02/15/2016,TIX,FL,ASO,ES,Federal Contract Tower,0,0,20,0,20,0,0,78,0,78,0,0,98,0,98,116,0,116,214
02/16/2016,TIX,FL,ASO,ES,Federal Contract Tower,0,0,62,0,62,0,0,93,0,93,0,0,155,0,155,178,0,178,333
02/17/2016,TIX,FL,ASO,ES,Federal Contract Tower,0,0,57,0,57,0,0,134,0,134,0,0,191,0,191,298,0,298,489
02/18/2016,TIX,FL,ASO,ES,Federal Contract Tower,0,0,50,0,50,0,0,85,0,85,0,0,135,0,135,86,0,86,221
02/19/2016,TIX,FL,ASO,ES,Federal Contract Tower,0,0,40,0,40,0,0,119,0,119,0,0,159,0,159,252,0,252,411
02/20/2016,TIX,FL,ASO,ES,Federal Contract Tower,0,0,26,0,26,0,0,86,0,86,0,0,112,0,112,168,0,168,280
02/21/2016,TIX,FL,ASO,ES,Federal Contract Tower,0,0,18,0,18,0,0,56,0,56,0,0,74,0,74,94,0,94,168
02/22/2016,TIX,FL,ASO,ES,Federal Contract Tower,0,0,30,0,30,0,0,119,0,119,0,0,149,0,149,148,0,148,297
02/23/2016,TIX,FL,ASO,ES,Federal Contract Tower,0,0,24,0,24,0,0,87,0,87,0,0,111,0,111,114,0,114,225
02/24/2016,TIX,FL,ASO,ES,Federal Contract Tower,0,0,1,0,1,0,0,1,0,1,0,0,2,0,2,8,0,8,10
02/25/2016,TIX,FL,ASO,ES,Federal Contract Tower,0,1,62,0,63,0,0,70,0,70,0,1,132,0,133,68,0,68,201
02/26/2016,TIX,FL,ASO,ES,Federal Contract Tower,0,0,61,0,61,0,0,104,0,104,0,0,165,0,165,240,0,240,405
02/27/2016,TIX,FL,ASO,ES,Federal Contract Tower,0,2,46,0,48,0,0,77,0,77,0,2,123,0,125,126,0,126,251
02/28/2016,TIX,FL,ASO,ES,Federal Contract Tower,0,0,30,0,30,0,0,85,0,85,0,0,115,0,115,108,0,108,223
02/29/2016,TIX,FL,ASO,ES,Federal Contract Tower,0,0,46,0,46,0,0,102,0,102,0,0,148,0,148,164,0,164,312
03/01/2016,TIX,FL,ASO,ES,Federal Contract Tower,0,0,21,0,21,0,0,152,0,152,0,0,173,0,173,226,0,226,399
03/02/2016,TIX,FL,ASO,ES,Federal Contract Tower,0,0,56,1,57,0,0,93,0,93,0,0,149,1,150,132,0,132,282
03/03/2016,TIX,FL,ASO,ES,Federal Contract Tower,0,2,28,0,30,0,0,102,0,102,0,2,130,0,132,174,0,174,306
03/04/2016,TIX,FL,ASO,ES,Federal Contract Tower,0,1,61,0,62,0,0,65,0,65,0,1,126,0,127,118,0,118,245
03/05/2016,TIX,FL,ASO,ES,Federal Contract Tower,0,3,17,0,20,0,0,79,0,79,0,3,96,0,99,122,0,122,221
03/06/2016,TIX,FL,ASO,ES,Federal Contract Tower,0,0,28,0,28,0,0,59,0,59,0,0,87,0,87,70,0,70,157
03/07/2016,TIX,FL,ASO,ES,Federal Contract Tower,0,0,27,0,27,0,0,139,0,139,0,0,166,0,166,166,0,166,332
03/08/2016,TIX,FL,ASO,ES,Federal Contract Tower,0,1,23,3,27,0,0,120,0,120,0,1,143,3,147,204,0,204,351
03/09/2016,TIX,FL,ASO,ES,Federal Contract Tower,0,0,17,0,17,0,0,113,0,113,0,0,130,0,130,84,0,84,214
03/10/2016,TIX,FL,ASO,ES,Federal Contract Tower,0,0,12,3,15,0,0,101,2,103,0,0,113,5,118,104,2,106,224
03/11/2016,TIX,FL,ASO,ES,Federal Contract Tower,0,0,8,0,8,0,0,102,0,102,0,0,110,0,110,134,0,134,244
03/12/2016,TIX,FL,ASO,ES,Federal Contract Tower,0,1,12,0,13,0,0,129,0,129,0,1,141,0,142,118,0,118,260
03/13/2016,TIX,FL,ASO,ES,Federal Contract Tower,0,0,2,0,2,0,0,29,0,29,0,0,31,0,31,144,0,144,175
03/14/2016,TIX,FL,ASO,ES,Federal Contract Tower,0,0,11,4,15,0,0,78,4,82,0,0,89,8,97,3,0,3,100
03/15/2016,TIX,FL,ASO,ES,Federal Contract Tower,0,0,40,0,40,0,0,76,0,76,0,0,116,0,116,126,0,126,242
03/16/2016,TIX,FL,ASO,ES,Federal Contract Tower,0,0,61,0,61,0,0,81,0,81,0,0,142,0,142,74,0,74,216
03/17/2016,TIX,FL,ASO,ES,Federal Contract Tower,0,0,32,0,32,0,0,81,0,81,0,0,113,0,113,86,0,86,199
03/18/2016,TIX,FL,ASO,ES,Federal Contract Tower,0,2,64,0,66,0,0,87,0,87,0,2,151,0,153,210,0,210,363
03/19/2016,TIX,FL,ASO,ES,Federal Contract Tower,0,2,14,0,16,0,0,44,0,44,0,2,58,0,60,106,0,106,166
03/20/2016,TIX,FL,ASO,ES,Federal Contract Tower,0,0,34,0,34,0,0,38,0,38,0,0,72,0,72,76,0,76,148
03/21/2016,TIX,FL,ASO,ES,Federal Contract Tower,0,0,47,0,47,0,0,91,0,91,0,0,138,0,138,178,0,178,316
03/22/2016,TIX,FL,ASO,ES,Federal Contract Tower,0,2,72,0,74,0,0,132,0,132,0,2,204,0,206,322,0,322,528
03/23/2016,TIX,FL,ASO,ES,Federal Contract Tower,0,0,46,0,46,0,0,152,0,152,0,0,198,0,198,326,0,326,524
03/24/2016,TIX,FL,ASO,ES,Federal Contract Tower,0,0,19,0,19,0,0,92,0,92,0,0,111,0,111,168,0,168,279
03/25/2016,TIX,FL,ASO,ES,Federal Contract Tower,0,1,18,0,19,0,0,58,0,58,0,1,76,0,77,162,0,162,239
03/26/2016,TIX,FL,ASO,ES,Federal Contract Tower,0,1,15,0,16,0,0,26,0,26,0,1,41,0,42,76,0,76,118
03/27/2016,TIX,FL,ASO,ES,Federal Contract Tower,0,2,8,0,10,0,0,26,0,26,0,2,34,0,36,62,0,62,98
03/28/2016,TIX,FL,ASO,ES,Federal Contract Tower,0,0,15,0,15,0,0,43,0,43,0,0,58,0,58,138,0,138,196
03/29/2016,TIX,FL,ASO,ES,Federal Contract Tower,0,1,47,0,48,0,0,104,0,104,0,1,151,0,152,234,0,234,386
03/30/2016,TIX,FL,ASO,ES,Federal Contract Tower,0,0,30,2,32,0,0,123,2,125,0,0,153,4,157,252,0,252,409
03/31/2016,TIX,FL,ASO,ES,Federal Contract Tower,0,0,13,0,13,0,0,92,0,92,0,0,105,0,105,88,0,88,193
04/01/2016,TIX,FL,ASO,ES,Federal Contract Tower,0,4,20,0,24,0,0,44,0,44,0,4,64,0,68,88,0,88,156
04/02/2016,TIX,FL,ASO,ES,Federal Contract Tower,0,2,5,0,7,0,0,6,0,6,0,2,11,0,13,12,0,12,25
04/03/2016,TIX,FL,ASO,ES,Federal Contract Tower,0,2,25,0,27,0,0,55,0,55,0,2,80,0,82,104,0,104,186
04/04/2016,TIX,FL,ASO,ES,Federal Contract Tower,0,2,49,0,51,0,0,112,0,112,0,2,161,0,163,198,0,198,361
04/05/2016,TIX,FL,ASO,ES,Federal Contract Tower,0,0,65,4,69,0,0,165,0,165,0,0,230,4,234,244,0,244,478
04/06/2016,TIX,FL,ASO,ES,Federal Contract Tower,0,0,49,0,49,0,0,99,0,99,0,0,148,0,148,158,0,158,306
04/07/2016,TIX,FL,ASO,ES,Federal Contract Tower,0,1,24,0,25,0,0,87,0,87,0,1,111,0,112,120,0,120,232
04/08/2016,TIX,FL,ASO,ES,Federal Contract Tower,0,3,28,4,35,0,0,112,0,112,0,3,140,4,147,132,0,132,279
04/09/2016,TIX,FL,ASO,ES,Federal Contract Tower,0,1,28,0,29,0,0,95,0,95,0,1,123,0,124,160,0,160,284
04/10/2016,TIX,FL,ASO,ES,Federal Contract Tower,0,0,19,0,19,0,0,63,0,63,0,0,82,0,82,118,0,118,200
04/11/2016,TIX,FL,ASO,ES,Federal Contract Tower,0,0,10,0,10,0,0,117,0,117,0,0,127,0,127,160,0,160,287
04/12/2016,TIX,FL,ASO,ES,Federal Contract Tower,0,2,33,0,35,0,0,141,0,141,0,2,174,0,176,210,0,210,386
04/13/2016,TIX,FL,ASO,ES,Federal Contract Tower,0,0,30,0,30,0,0,86,0,86,0,0,116,0,116,86,0,86,202
04/14/2016,TIX,FL,ASO,ES,Federal Contract Tower,0,0,22,0,22,0,0,60,0,60,0,0,82,0,82,84,0,84,166
04/15/2016,TIX,FL,ASO,ES,Federal Contract Tower,0,0,18,0,18,0,0,29,0,29,0,0,47,0,47,120,0,120,167
04/16/2016,TIX,FL,ASO,ES,Federal Contract Tower,0,0,19,0,19,0,0,4,0,4,0,0,23,0,23,0,0,0,23
04/17/2016,TIX,FL,ASO,ES,Federal Contract Tower,0,1,19,0,20,0,0,35,0,35,0,1,54,0,55,38,0,38,93
04/18/2016,TIX,FL,ASO,ES,Federal Contract Tower,0,1,13,1,15,0,0,69,0,69,0,1,82,1,84,138,0,138,222
04/19/2016,TIX,FL,ASO,ES,Federal Contract Tower,0,0,19,0,19,0,0,105,0,105,0,0,124,0,124,168,0,168,292
04/20/2016,TIX,FL,ASO,ES,Federal Contract Tower,0,0,27,0,27,0,0,137,0,137,0,0,164,0,164,158,0,158,322
04/21/2016,TIX,FL,ASO,ES,Federal Contract Tower,0,0,15,0,15,0,0,80,0,80,0,0,95,0,95,112,0,112,207
04/22/2016,TIX,FL,ASO,ES,Federal Contract Tower,0,0,24,0,24,0,0,95,0,95,0,0,119,0,119,222,0,222,341
04/23/2016,TIX,FL,ASO,ES,Federal Contract Tower,0,0,22,0,22,0,0,53,0,53,0,0,75,0,75,94,0,94,169
04/24/2016,TIX,FL,ASO,ES,Federal Contract Tower,0,0,14,0,14,0,0,42,0,42,0,0,56,0,56,90,0,90,146
04/25/2016,TIX,FL,ASO,ES,Federal Contract Tower,0,0,31,0,31,0,0,129,0,129,0,0,160,0,160,206,0,206,366
04/26/2016,TIX,FL,ASO,ES,Federal Contract Tower,0,0,34,0,34,0,0,104,0,104,0,0,138,0,138,160,0,160,298
04/27/2016,TIX,FL,ASO,ES,Federal Contract Tower,0,0,18,0,18,0,0,100,0,100,0,0,118,0,118,114,0,114,232
04/28/2016,TIX,FL,ASO,ES,Federal Contract Tower,0,2,16,0,18,0,0,107,0,107,0,2,123,0,125,110,0,110,235
04/29/2016,TIX,FL,ASO,ES,Federal Contract Tower,0,2,30,0,32,0,0,95,0,95,0,2,125,0,127,180,0,180,307
04/30/2016,TIX,FL,ASO,ES,Federal Contract Tower,0,0,2,0,2,0,0,50,0,50,0,0,52,0,52,72,0,72,124
05/01/2016,TIX,FL,ASO,ES,Federal Contract Tower,0,0,11,0,11,0,0,35,0,35,0,0,46,0,46,72,0,72,118
05/02/2016,TIX,FL,ASO,ES,Federal Contract Tower,0,0,12,0,12,0,0,80,0,80,0,0,92,0,92,84,0,84,176
05/03/2016,TIX,FL,ASO,ES,Federal Contract Tower,0,0,15,4,19,0,0,69,0,69,0,0,84,4,88,144,0,144,232
05/04/2016,TIX,FL,ASO,ES,Federal Contract Tower,0,0,0,0,0,0,0,4,0,4,0,0,4,0,4,4,0,4,8
05/05/2016,TIX,FL,ASO,ES,Federal Contract Tower,0,0,22,0,22,0,0,115,0,115,0,0,137,0,137,180,0,180,317
05/06/2016,TIX,FL,ASO,ES,Federal Contract Tower,0,2,23,0,25,0,0,98,0,98,0,2,121,0,123,90,0,90,213
05/07/2016,TIX,FL,ASO,ES,Federal Contract Tower,0,0,41,0,41,0,0,90,0,90,0,0,131,0,131,106,0,106,237
05/08/2016,TIX,FL,ASO,ES,Federal Contract Tower,0,0,4,0,4,0,0,41,0,41,0,0,45,0,45,58,0,58,103
05/09/2016,TIX,FL,ASO,ES,Federal Contract Tower,0,0,19,0,19,0,0,75,0,75,0,0,94,0,94,106,0,106,200
05/10/2016,TIX,FL,ASO,ES,Federal Contract Tower,0,0,21,0,21,0,0,93,0,93,0,0,114,0,114,150,0,150,264
05/11/2016,TIX,FL,ASO,ES,Federal Contract Tower,0,0,41,0,41,0,0,116,0,116,0,0,157,0,157,130,0,130,287
05/12/2016,TIX,FL,ASO,ES,Federal Contract Tower,0,0,32,0,32,0,0,85,0,85,0,0,117,0,117,126,0,126,243
05/13/2016,TIX,FL,ASO,ES,Federal Contract Tower,0,0,38,0,38,0,0,91,0,91,0,0,129,0,129,60,0,60,189
05/14/2016,TIX,FL,ASO,ES,Federal Contract Tower,0,8,15,0,23,0,0,99,0,99,0,8,114,0,122,102,0,102,224
05/15/2016,TIX,FL,ASO,ES,Federal Contract Tower,0,0,7,0,7,0,0,38,0,38,0,0,45,0,45,70,0,70,115
05/16/2016,TIX,FL,ASO,ES,Federal Contract Tower,0,0,38,0,38,0,0,96,0,96,0,0,134,0,134,144,0,144,278
05/17/2016,TIX,FL,ASO,ES,Federal Contract Tower,0,0,11,0,11,0,0,56,0,56,0,0,67,0,67,158,0,158,225
05/18/2016,TIX,FL,ASO,ES,Federal Contract Tower,0,2,31,2,35,0,0,95,0,95,0,2,126,2,130,180,0,180,310
05/19/2016,TIX,FL,ASO,ES,Federal Contract Tower,0,0,23,0,23,0,0,39,0,39,0,0,62,0,62,60,0,60,122
05/20/2016,TIX,FL,ASO,ES,Federal Contract Tower,0,0,18,0,18,0,0,96,2,98,0,0,114,2,116,120,0,120,236
05/21/2016,TIX,FL,ASO,ES,Federal Contract Tower,0,0,32,0,32,0,0,96,0,96,0,0,128,0,128,118,0,118,246
05/22/2016,TIX,FL,ASO,ES,Federal Contract Tower,0,0,23,0,23,0,0,45,0,45,0,0,68,0,68,32,0,32,100
05/23/2016,TIX,FL,ASO,ES,Federal Contract Tower,0,0,41,0,41,0,0,112,0,112,0,0,153,0,153,260,0,260,413
05/24/2016,TIX,FL,ASO,ES,Federal Contract Tower,0,0,25,0,25,0,0,77,0,77,0,0,102,0,102,100,0,100,202
05/25/2016,TIX,FL,ASO,ES,Federal Contract Tower,0,0,40,0,40,0,0,119,0,119,0,0,159,0,159,176,0,176,335
05/26/2016,TIX,FL,ASO,ES,Federal Contract Tower,0,0,29,0,29,0,0,85,0,85,0,0,114,0,114,136,0,136,250
05/27/2016,TIX,FL,ASO,ES,Federal Contract Tower,0,2,39,0,41,0,0,107,0,107,0,2,146,0,148,88,0,88,236
05/28/2016,TIX,FL,ASO,ES,Federal Contract Tower,0,2,20,0,22,0,0,81,0,81,0,2,101,0,103,76,0,76,179
05/29/2016,TIX,FL,ASO,ES,Federal Contract Tower,0,1,11,0,12,0,0,30,0,30,0,1,41,0,42,80,0,80,122
05/30/2016,TIX,FL,ASO,ES,Federal Contract Tower,0,1,28,0,29,0,0,68,0,68,0,1,96,0,97,82,0,82,179
05/31/2016,TIX,FL,ASO,ES,Federal Contract Tower,0,0,24,0,24,0,0,109,0,109,0,0,133,0,133,236,0,236,369
06/01/2016,TIX,FL,ASO,ES,Federal Contract Tower,0,0,48,0,48,0,0,112,0,112,0,0,160,0,160,158,0,158,318
06/02/2016,TIX,FL,ASO,ES,Federal Contract Tower,0,2,30,0,32,0,0,96,0,96,0,2,126,0,128,120,0,120,248
06/03/2016,TIX,FL,ASO,ES,Federal Contract Tower,0,1,36,0,37,0,0,98,0,98,0,1,134,0,135,92,0,92,227
06/04/2016,TIX,FL,ASO,ES,Federal Contract Tower,0,2,10,0,12,0,0,44,0,44,0,2,54,0,56,82,0,82,138
06/05/2016,TIX,FL,ASO,ES,Federal Contract Tower,0,1,13,1,15,0,0,34,0,34,0,1,47,1,49,36,0,36,85
06/06/2016,TIX,FL,ASO,ES,Federal Contract Tower,0,0,12,0,12,0,0,19,0,19,0,0,31,0,31,104,0,104,135
06/07/2016,TIX,FL,ASO,ES,Federal Contract Tower,0,0,11,0,11,0,0,12,0,12,0,0,23,0,23,16,0,16,39
06/08/2016,TIX,FL,ASO,ES,Federal Contract Tower,0,0,22,1,23,0,0,41,0,41,0,0,63,1,64,96,0,96,160
06/09/2016,TIX,FL,ASO,ES,Federal Contract Tower,0,2,20,0,22,0,0,39,0,39,0,2,59,0,61,70,0,70,131
06/10/2016,TIX,FL,ASO,ES,Federal Contract Tower,0,0,21,0,21,0,0,63,0,63,0,0,84,0,84,118,0,118,202
06/11/2016,TIX,FL,ASO,ES,Federal Contract Tower,0,4,30,0,34,0,0,97,0,97,0,4,127,0,131,72,0,72,203
06/12/2016,TIX,FL,ASO,ES,Federal Contract Tower,0,1,18,0,19,0,0,30,0,30,0,1,48,0,49,90,0,90,139
06/13/2016,TIX,FL,ASO,ES,Federal Contract Tower,0,0,48,0,48,0,0,115,0,115,0,0,163,0,163,196,0,196,359
06/14/2016,TIX,FL,ASO,ES,Federal Contract Tower,0,0,47,0,47,0,0,89,0,89,0,0,136,0,136,228,0,228,364
06/15/2016,TIX,FL,ASO,ES,Federal Contract Tower,0,1,42,0,43,0,0,114,0,114,0,1,156,0,157,196,0,196,353
06/16/2016,TIX,FL,ASO,ES,Federal Contract Tower,0,0,23,0,23,0,0,88,0,88,0,0,111,0,111,164,0,164,275
06/17/2016,TIX,FL,ASO,ES,Federal Contract Tower,0,1,39,0,40,0,0,67,0,67,0,1,106,0,107,118,0,118,225
06/18/2016,TIX,FL,ASO,ES,Federal Contract Tower,0,4,22,0,26,0,0,67,0,67,0,4,89,0,93,98,0,98,191
06/19/2016,TIX,FL,ASO,ES,Federal Contract Tower,0,0,15,0,15,0,0,18,0,18,0,0,33,0,33,22,0,22,55
06/20/2016,TIX,FL,ASO,ES,Federal Contract Tower,0,2,34,0,36,0,0,46,0,46,0,2,80,0,82,90,0,90,172
06/21/2016,TIX,FL,ASO,ES,Federal Contract Tower,0,0,46,0,46,0,0,117,0,117,0,0,163,0,163,262,0,262,425
06/22/2016,TIX,FL,ASO,ES,Federal Contract Tower,0,0,42,0,42,0,0,129,0,129,0,0,171,0,171,246,0,246,417
06/23/2016,TIX,FL,ASO,ES,Federal Contract Tower,0,0,36,0,36,0,0,97,0,97,0,0,133,0,133,68,0,68,201
06/24/2016,TIX,FL,ASO,ES,Federal Contract Tower,0,1,48,0,49,0,0,118,0,118,0,1,166,0,167,214,0,214,381
06/25/2016,TIX,FL,ASO,ES,Federal Contract Tower,0,2,25,0,27,0,0,98,0,98,0,2,123,0,125,100,0,100,225
06/26/2016,TIX,FL,ASO,ES,Federal Contract Tower,0,2,20,0,22,0,0,30,0,30,0,2,50,0,52,50,0,50,102
06/27/2016,TIX,FL,ASO,ES,Federal Contract Tower,0,1,36,0,37,0,0,106,0,106,0,1,142,0,143,102,0,102,245
06/28/2016,TIX,FL,ASO,ES,Federal Contract Tower,0,0,16,0,16,0,0,68,0,68,0,0,84,0,84,152,0,152,236
06/29/2016,TIX,FL,ASO,ES,Federal Contract Tower,0,0,39,0,39,0,0,122,0,122,0,0,161,0,161,138,0,138,299
06/30/2016,TIX,FL,ASO,ES,Federal Contract Tower,0,0,30,0,30,0,0,45,0,45,0,0,75,0,75,74,0,74,149
07/01/2016,TIX,FL,ASO,ES,Federal Contract Tower,0,0,22,0,22,0,0,69,0,69,0,0,91,0,91,96,0,96,187
07/02/2016,TIX,FL,ASO,ES,Federal Contract Tower,0,2,35,0,37,0,0,62,0,62,0,2,97,0,99,48,0,48,147
07/03/2016,TIX,FL,ASO,ES,Federal Contract Tower,0,2,7,0,9,0,0,52,0,52,0,2,59,0,61,80,0,80,141
07/04/2016,TIX,FL,ASO,ES,Federal Contract Tower,0,2,7,0,9,0,0,26,0,26,0,2,33,0,35,30,0,30,65
07/05/2016,TIX,FL,ASO,ES,Federal Contract Tower,0,0,21,0,21,0,0,103,0,103,0,0,124,0,124,137,0,137,261
07/06/2016,TIX,FL,ASO,ES,Federal Contract Tower,0,0,38,0,38,0,0,69,0,69,0,0,107,0,107,92,0,92,199
07/07/2016,TIX,FL,ASO,ES,Federal Contract Tower,0,0,42,0,42,0,0,114,0,114,0,0,156,0,156,160,0,160,316
07/08/2016,TIX,FL,ASO,ES,Federal Contract Tower,0,2,37,0,39,0,0,85,0,85,0,2,122,0,124,90,0,90,214
07/09/2016,TIX,FL,ASO,ES,Federal Contract Tower,0,0,29,0,29,0,0,135,0,135,0,0,164,0,164,70,0,70,234
07/10/2016,TIX,FL,ASO,ES,Federal Contract Tower,0,0,16,0,16,0,0,36,0,36,0,0,52,0,52,106,0,106,158
07/11/2016,TIX,FL,ASO,ES,Federal Contract Tower,0,0,29,0,29,0,0,74,0,74,0,0,103,0,103,106,0,106,209
07/12/2016,TIX,FL,ASO,ES,Federal Contract Tower,0,0,44,0,44,0,0,79,0,79,0,0,123,0,123,78,0,78,201
07/13/2016,TIX,FL,ASO,ES,Federal Contract Tower,0,0,49,0,49,0,0,63,0,63,0,0,112,0,112,94,0,94,206
07/14/2016,TIX,FL,ASO,ES,Federal Contract Tower,0,0,45,0,45,0,0,67,0,67,0,0,112,0,112,74,0,74,186
07/15/2016,TIX,FL,ASO,ES,Federal Contract Tower,0,2,36,0,38,0,0,74,0,74,0,2,110,0,112,158,0,158,270
07/16/2016,TIX,FL,ASO,ES,Federal Contract Tower,0,2,21,0,23,0,0,59,0,59,0,2,80,0,82,90,0,90,172
07/17/2016,TIX,FL,ASO,ES,Federal Contract Tower,0,0,30,0,30,0,0,55,0,55,0,0,85,0,85,70,0,70,155
07/18/2016,TIX,FL,ASO,ES,Federal Contract Tower,0,1,55,0,56,0,0,80,0,80,0,1,135,0,136,124,0,124,260
07/19/2016,TIX,FL,ASO,ES,Federal Contract Tower,0,0,34,0,34,0,0,48,0,48,0,0,82,0,82,96,0,96,178
07/20/2016,TIX,FL,ASO,ES,Federal Contract Tower,0,0,66,0,66,0,0,109,0,109,0,0,175,0,175,178,0,178,353
07/21/2016,TIX,FL,ASO,ES,Federal Contract Tower,0,1,37,0,38,0,0,70,0,70,0,1,107,0,108,122,0,122,230
07/22/2016,TIX,FL,ASO,ES,Federal Contract Tower,0,3,52,0,55,0,0,84,0,84,0,3,136,0,139,152,0,152,291
07/23/2016,TIX,FL,ASO,ES,Federal Contract Tower,0,1,32,0,33,0,0,56,0,56,0,1,88,0,89,116,0,116,205
07/24/2016,TIX,FL,ASO,ES,Federal Contract Tower,0,0,22,0,22,0,0,36,0,36,0,0,58,0,58,86,0,86,144
07/25/2016,TIX,FL,ASO,ES,Federal Contract Tower,0,3,48,0,51,0,0,63,0,63,0,3,111,0,114,170,0,170,284
07/26/2016,TIX,FL,ASO,ES,Federal Contract Tower,0,0,45,0,45,0,0,100,0,100,0,0,145,0,145,138,0,138,283
07/27/2016,TIX,FL,ASO,ES,Federal Contract Tower,0,2,21,0,23,0,0,111,0,111,0,2,132,0,134,138,0,138,272
07/28/2016,TIX,FL,ASO,ES,Federal Contract Tower,0,2,17,0,19,0,0,71,0,71,0,2,88,0,90,86,0,86,176
07/29/2016,TIX,FL,ASO,ES,Federal Contract Tower,0,0,20,0,20,0,0,68,0,68,0,0,88,0,88,108,0,108,196
07/30/2016,TIX,FL,ASO,ES,Federal Contract Tower,0,0,14,0,14,0,0,65,0,65,0,0,79,0,79,82,0,82,161
07/31/2016,TIX,FL,ASO,ES,Federal Contract Tower,0,0,16,0,16,0,0,42,0,42,0,0,58,0,58,72,0,72,130
08/01/2016,TIX,FL,ASO,ES,Federal Contract Tower,0,0,48,0,48,0,0,67,0,67,0,0,115,0,115,108,0,108,223
08/02/2016,TIX,FL,ASO,ES,Federal Contract Tower,0,0,40,0,40,0,0,38,0,38,0,0,78,0,78,52,0,52,130
08/03/2016,TIX,FL,ASO,ES,Federal Contract Tower,0,0,51,0,51,0,0,69,0,69,0,0,120,0,120,124,0,124,244
08/04/2016,TIX,FL,ASO,ES,Federal Contract Tower,0,0,15,0,15,0,0,61,0,61,0,0,76,0,76,132,0,132,208
08/05/2016,TIX,FL,ASO,ES,Federal Contract Tower,0,1,21,0,22,0,0,77,0,77,0,1,98,0,99,248,0,248,347
08/06/2016,TIX,FL,ASO,ES,Federal Contract Tower,0,2,20,0,22,0,0,83,0,83,0,2,103,0,105,114,0,114,219
08/07/2016,TIX,FL,ASO,ES,Federal Contract Tower,0,0,6,0,6,0,0,31,0,31,0,0,37,0,37,56,0,56,93
08/08/2016,TIX,FL,ASO,ES,Federal Contract Tower,0,0,11,0,11,0,0,65,0,65,0,0,76,0,76,114,0,114,190
08/09/2016,TIX,FL,ASO,ES,Federal Contract Tower,0,0,9,0,9,0,0,68,0,68,0,0,77,0,77,166,0,166,243
08/10/2016,TIX,FL,ASO,ES,Federal Contract Tower,0,0,38,0,38,0,0,62,0,62,0,0,100,0,100,68,0,68,168
08/11/2016,TIX,FL,ASO,ES,Federal Contract Tower,0,0,22,0,22,0,0,68,0,68,0,0,90,0,90,114,0,114,204
08/12/2016,TIX,FL,ASO,ES,Federal Contract Tower,0,0,14,0,14,0,0,99,0,99,0,0,113,0,113,156,0,156,269
08/13/2016,TIX,FL,ASO,ES,Federal Contract Tower,0,3,4,0,7,0,0,64,0,64,0,3,68,0,71,54,0,54,125
08/14/2016,TIX,FL,ASO,ES,Federal Contract Tower,0,0,7,0,7,0,0,28,0,28,0,0,35,0,35,62,0,62,97
08/15/2016,TIX,FL,ASO,ES,Federal Contract Tower,0,0,23,0,23,0,0,74,0,74,0,0,97,0,97,120,0,120,217
08/16/2016,TIX,FL,ASO,ES,Federal Contract Tower,0,0,46,0,46,0,0,89,0,89,0,0,135,0,135,120,0,120,255
08/17/2016,TIX,FL,ASO,ES,Federal Contract Tower,0,0,34,0,34,0,0,87,0,87,0,0,121,0,121,180,0,180,301
08/18/2016,TIX,FL,ASO,ES,Federal Contract Tower,0,0,32,0,32,0,0,84,0,84,0,0,116,0,116,130,0,130,246
08/19/2016,TIX,FL,ASO,ES,Federal Contract Tower,0,0,25,0,25,0,0,70,0,70,0,0,95,0,95,116,0,116,211
08/20/2016,TIX,FL,ASO,ES,Federal Contract Tower,0,0,16,0,16,0,0,37,0,37,0,0,53,0,53,68,0,68,121
08/21/2016,TIX,FL,ASO,ES,Federal Contract Tower,0,0,6,0,6,0,0,73,0,73,0,0,79,0,79,104,0,104,183
08/22/2016,TIX,FL,ASO,ES,Federal Contract Tower,0,2,39,0,41,0,0,98,0,98,0,2,137,0,139,172,0,172,311
08/23/2016,TIX,FL,ASO,ES,Federal Contract Tower,0,1,41,0,42,0,0,112,0,112,0,1,153,0,154,214,0,214,368
08/24/2016,TIX,FL,ASO,ES,Federal Contract Tower,0,0,5,0,5,0,0,32,0,32,0,0,37,0,37,26,0,26,63
08/25/2016,TIX,FL,ASO,ES,Federal Contract Tower,0,0,24,0,24,0,0,42,0,42,0,0,66,0,66,56,0,56,122
08/26/2016,TIX,FL,ASO,ES,Federal Contract Tower,0,0,23,0,23,0,0,50,0,50,0,0,73,0,73,98,0,98,171
08/27/2016,TIX,FL,ASO,ES,Federal Contract Tower,0,0,15,0,15,0,0,74,0,74,0,0,89,0,89,94,0,94,183
08/28/2016,TIX,FL,ASO,ES,Federal Contract Tower,0,0,12,0,12,0,0,34,0,34,0,0,46,0,46,54,0,54,100
08/29/2016,TIX,FL,ASO,ES,Federal Contract Tower,0,0,22,0,22,0,0,39,0,39,0,0,61,0,61,92,0,92,153
08/30/2016,TIX,FL,ASO,ES,Federal Contract Tower,0,0,14,0,14,0,0,54,0,54,0,0,68,0,68,182,0,182,250
08/31/2016,TIX,FL,ASO,ES,Federal Contract Tower,0,0,17,0,17,0,0,56,0,56,0,0,73,0,73,106,0,106,179
09/01/2016,TIX,FL,ASO,ES,Federal Contract Tower,0,0,15,0,15,0,0,42,0,42,0,0,57,0,57,62,0,62,119
09/02/2016,TIX,FL,ASO,ES,Federal Contract Tower,0,0,3,0,3,0,0,5,0,5,0,0,8,0,8,0,0,0,8
09/03/2016,TIX,FL,ASO,ES,Federal Contract Tower,0,0,15,0,15,0,0,72,0,72,0,0,87,0,87,190,0,190,277
09/04/2016,TIX,FL,ASO,ES,Federal Contract Tower,0,0,16,0,16,0,0,35,0,35,0,0,51,0,51,62,0,62,113
09/05/2016,TIX,FL,ASO,ES,Federal Contract Tower,0,0,30,0,30,0,0,45,0,45,0,0,75,0,75,200,0,200,275
09/06/2016,TIX,FL,ASO,ES,Federal Contract Tower,0,0,55,0,55,0,0,109,0,109,0,0,164,0,164,164,0,164,328
09/07/2016,TIX,FL,ASO,ES,Federal Contract Tower,0,0,24,0,24,0,0,119,0,119,0,0,143,0,143,106,0,106,249
09/08/2016,TIX,FL,ASO,ES,Federal Contract Tower,0,0,35,0,35,0,0,84,0,84,0,0,119,0,119,196,0,196,315
09/09/2016,TIX,FL,ASO,ES,Federal Contract Tower,0,2,58,0,60,0,0,85,0,85,0,2,143,0,145,150,0,150,295
09/10/2016,TIX,FL,ASO,ES,Federal Contract Tower,0,4,7,0,11,0,0,92,0,92,0,4,99,0,103,118,0,118,221
09/11/2016,TIX,FL,ASO,ES,Federal Contract Tower,0,0,22,0,22,0,0,27,0,27,0,0,49,0,49,18,0,18,67
09/12/2016,TIX,FL,ASO,ES,Federal Contract Tower,0,0,42,0,42,0,0,96,0,96,0,0,138,0,138,184,0,184,322
09/13/2016,TIX,FL,ASO,ES,Federal Contract Tower,0,0,3,0,3,0,0,3,0,3,0,0,6,0,6,4,0,4,10
09/14/2016,TIX,FL,ASO,ES,Federal Contract Tower,0,0,13,0,13,0,0,40,0,40,0,0,53,0,53,54,0,54,107
09/15/2016,TIX,FL,ASO,ES,Federal Contract Tower,0,0,22,0,22,0,0,57,0,57,0,0,79,0,79,96,0,96,175
09/16/2016,TIX,FL,ASO,ES,Federal Contract Tower,0,0,21,0,21,0,0,59,0,59,0,0,80,0,80,144,0,144,224
09/17/2016,TIX,FL,ASO,ES,Federal Contract Tower,0,0,29,0,29,0,0,90,0,90,0,0,119,0,119,92,0,92,211
09/18/2016,TIX,FL,ASO,ES,Federal Contract Tower,0,0,12,0,12,0,0,37,0,37,0,0,49,0,49,88,0,88,137
09/19/2016,TIX,FL,ASO,ES,Federal Contract Tower,0,0,25,0,25,0,0,76,0,76,0,0,101,0,101,202,0,202,303
09/20/2016,TIX,FL,ASO,ES,Federal Contract Tower,0,0,49,0,49,0,0,93,0,93,0,0,142,0,142,150,0,150,292
09/21/2016,TIX,FL,ASO,ES,Federal Contract Tower,0,2,28,0,30,0,0,102,0,102,0,2,130,0,132,156,0,156,288
09/22/2016,TIX,FL,ASO,ES,Federal Contract Tower,0,0,22,0,22,0,0,96,0,96,0,0,118,0,118,190,0,190,308
09/23/2016,TIX,FL,ASO,ES,Federal Contract Tower,0,3,30,0,33,0,0,82,0,82,0,3,112,0,115,150,0,150,265
09/24/2016,TIX,FL,ASO,ES,Federal Contract Tower,0,0,11,0,11,0,0,65,0,65,0,0,76,0,76,158,0,158,234
09/25/2016,TIX,FL,ASO,ES,Federal Contract Tower,0,0,16,0,16,0,0,33,0,33,0,0,49,0,49,78,0,78,127
09/26/2016,TIX,FL,ASO,ES,Federal Contract Tower,0,0,23,0,23,0,0,58,0,58,0,0,81,0,81,116,0,116,197
09/27/2016,TIX,FL,ASO,ES,Federal Contract Tower,0,0,30,0,30,0,0,68,0,68,0,0,98,0,98,138,0,138,236
09/28/2016,TIX,FL,ASO,ES,Federal Contract Tower,0,0,33,0,33,0,0,70,0,70,0,0,103,0,103,96,0,96,199
09/29/2016,TIX,FL,ASO,ES,Federal Contract Tower,0,0,18,0,18,0,0,88,0,88,0,0,106,0,106,94,0,94,200
09/30/2016,TIX,FL,ASO,ES,Federal Contract Tower,0,1,14,0,15,0,0,64,0,64,0,1,78,0,79,114,0,114,193
10/01/2016,TIX,FL,ASO,ES,Federal Contract Tower,0,3,9,0,12,0,0,98,0,98,0,3,107,0,110,174,0,174,284
10/02/2016,TIX,FL,ASO,ES,Federal Contract Tower,0,0,9,0,9,0,0,35,0,35,0,0,44,0,44,44,0,44,88
10/03/2016,TIX,FL,ASO,ES,Federal Contract Tower,0,2,10,0,12,0,0,52,0,52,0,2,62,0,64,66,0,66,130
10/04/2016,TIX,FL,ASO,ES,Federal Contract Tower,0,0,28,0,28,0,0,66,0,66,0,0,94,0,94,152,0,152,246
10/05/2016,TIX,FL,ASO,ES,Federal Contract Tower,0,3,12,0,15,0,0,22,0,22,0,3,34,0,37,6,0,6,43
10/06/2016,TIX,FL,ASO,ES,Federal Contract Tower,0,0,1,0,1,0,0,1,0,1,0,0,2,0,2,0,0,0,2
10/08/2016,TIX,FL,ASO,ES,Federal Contract Tower,0,0,6,0,6,0,0,38,0,38,0,0,44,0,44,40,0,40,84
10/09/2016,TIX,FL,ASO,ES,Federal Contract Tower,0,2,6,0,8,0,0,25,0,25,0,2,31,0,33,22,0,22,55
10/10/2016,TIX,FL,ASO,ES,Federal Contract Tower,0,0,10,0,10,0,0,62,2,64,0,0,72,2,74,80,0,80,154
10/11/2016,TIX,FL,ASO,ES,Federal Contract Tower,0,0,13,0,13,0,0,91,0,91,0,0,104,0,104,170,0,170,274
10/12/2016,TIX,FL,ASO,ES,Federal Contract Tower,0,2,21,2,25,0,0,75,0,75,0,2,96,2,100,176,0,176,276
10/13/2016,TIX,FL,ASO,ES,Federal Contract Tower,0,0,12,0,12,0,0,78,0,78,0,0,90,0,90,126,0,126,216
10/14/2016,TIX,FL,ASO,ES,Federal Contract Tower,0,0,33,0,33,0,0,71,0,71,0,0,104,0,104,40,0,40,144
10/15/2016,TIX,FL,ASO,ES,Federal Contract Tower,0,0,12,0,12,0,0,58,0,58,0,0,70,0,70,52,0,52,122
10/16/2016,TIX,FL,ASO,ES,Federal Contract Tower,0,0,16,0,16,0,0,38,0,38,0,0,54,0,54,62,0,62,116
10/17/2016,TIX,FL,ASO,ES,Federal Contract Tower,0,0,22,0,22,0,0,65,0,65,0,0,87,0,87,104,0,104,191
10/18/2016,TIX,FL,ASO,ES,Federal Contract Tower,0,0,47,0,47,0,0,74,0,74,0,0,121,0,121,98,0,98,219
10/19/2016,TIX,FL,ASO,ES,Federal Contract Tower,0,0,35,0,35,0,0,90,0,90,0,0,125,0,125,204,0,204,329
10/20/2016,TIX,FL,ASO,ES,Federal Contract Tower,0,0,37,0,37,0,0,88,0,88,0,0,125,0,125,106,0,106,231
10/21/2016,TIX,FL,ASO,ES,Federal Contract Tower,0,0,46,0,46,0,0,58,0,58,0,0,104,0,104,196,0,196,300
10/22/2016,TIX,FL,ASO,ES,Federal Contract Tower,0,0,41,0,41,0,0,81,0,81,0,0,122,0,122,130,0,130,252
10/23/2016,TIX,FL,ASO,ES,Federal Contract Tower,0,0,11,0,11,0,0,34,0,34,0,0,45,0,45,66,0,66,111
10/24/2016,TIX,FL,ASO,ES,Federal Contract Tower,0,0,39,0,39,0,0,70,0,70,0,0,109,0,109,152,0,152,261
10/25/2016,TIX,FL,ASO,ES,Federal Contract Tower,0,0,34,0,34,0,0,60,0,60,0,0,94,0,94,142,0,142,236
10/26/2016,TIX,FL,ASO,ES,Federal Contract Tower,0,2,22,0,24,0,0,44,0,44,0,2,66,0,68,104,0,104,172
10/27/2016,TIX,FL,ASO,ES,Federal Contract Tower,0,0,24,0,24,0,0,40,0,40,0,0,64,0,64,22,0,22,86
10/28/2016,TIX,FL,ASO,ES,Federal Contract Tower,0,0,24,0,24,0,0,42,0,42,0,0,66,0,66,42,0,42,108
10/29/2016,TIX,FL,ASO,ES,Federal Contract Tower,0,0,10,0,10,0,0,51,0,51,0,0,61,0,61,60,0,60,121
10/30/2016,TIX,FL,ASO,ES,Federal Contract Tower,0,0,18,0,18,0,0,59,0,59,0,0,77,0,77,104,0,104,181
10/31/2016,TIX,FL,ASO,ES,Federal Contract Tower,0,0,49,0,49,0,0,60,0,60,0,0,109,0,109,94,0,94,203
11/01/2016,TIX,FL,ASO,ES,Federal Contract Tower,0,1,42,0,43,0,0,69,0,69,0,1,111,0,112,106,0,106,218
11/02/2016,TIX,FL,ASO,ES,Federal Contract Tower,0,0,25,0,25,0,0,55,0,55,0,0,80,0,80,76,0,76,156
11/03/2016,TIX,FL,ASO,ES,Federal Contract Tower,0,1,32,0,33,0,0,85,0,85,0,1,117,0,118,106,0,106,224
11/04/2016,TIX,FL,ASO,ES,Federal Contract Tower,0,4,46,0,50,0,0,87,0,87,0,4,133,0,137,158,0,158,295
11/05/2016,TIX,FL,ASO,ES,Federal Contract Tower,0,0,18,0,18,0,0,44,0,44,0,0,62,0,62,70,0,70,132
11/06/2016,TIX,FL,ASO,ES,Federal Contract Tower,0,0,9,0,9,0,0,10,0,10,0,0,19,0,19,14,0,14,33
11/07/2016,TIX,FL,ASO,ES,Federal Contract Tower,0,0,25,0,25,0,0,39,0,39,0,0,64,0,64,76,0,76,140
11/08/2016,TIX,FL,ASO,ES,Federal Contract Tower,0,0,21,0,21,0,0,75,0,75,0,0,96,0,96,106,0,106,202
11/09/2016,TIX,FL,ASO,ES,Federal Contract Tower,0,0,30,0,30,0,0,60,0,60,0,0,90,0,90,36,0,36,126
11/10/2016,TIX,FL,ASO,ES,Federal Contract Tower,0,2,45,0,47,0,0,76,0,76,0,2,121,0,123,62,0,62,185
11/11/2016,TIX,FL,ASO,ES,Federal Contract Tower,0,3,36,0,39,0,0,69,0,69,0,3,105,0,108,119,0,119,227
11/12/2016,TIX,FL,ASO,ES,Federal Contract Tower,0,1,16,0,17,0,0,45,0,45,0,1,61,0,62,96,0,96,158
11/13/2016,TIX,FL,ASO,ES,Federal Contract Tower,0,0,30,0,30,0,0,49,0,49,0,0,79,0,79,136,0,136,215
11/14/2016,TIX,FL,ASO,ES,Federal Contract Tower,0,0,18,3,21,0,0,58,0,58,0,0,76,3,79,68,0,68,147
11/15/2016,TIX,FL,ASO,ES,Federal Contract Tower,0,0,70,0,70,0,0,86,0,86,0,0,156,0,156,112,0,112,268
11/16/2016,TIX,FL,ASO,ES,Federal Contract Tower,0,0,53,0,53,0,0,74,0,74,0,0,127,0,127,132,0,132,259
11/17/2016,TIX,FL,ASO,ES,Federal Contract Tower,0,0,42,0,42,0,0,87,0,87,0,0,129,0,129,136,0,136,265
11/18/2016,TIX,FL,ASO,ES,Federal Contract Tower,0,0,39,0,39,0,0,52,0,52,0,0,91,0,91,64,0,64,155
11/19/2016,TIX,FL,ASO,ES,Federal Contract Tower,0,4,24,0,28,0,0,50,0,50,0,4,74,0,78,70,0,70,148
11/20/2016,TIX,FL,ASO,ES,Federal Contract Tower,0,0,25,0,25,0,0,31,0,31,0,0,56,0,56,46,0,46,102
11/21/2016,TIX,FL,ASO,ES,Federal Contract Tower,0,0,62,0,62,0,0,69,0,69,0,0,131,0,131,144,0,144,275
11/22/2016,TIX,FL,ASO,ES,Federal Contract Tower,0,0,31,0,31,0,0,88,0,88,0,0,119,0,119,206,0,206,325
11/23/2016,TIX,FL,ASO,ES,Federal Contract Tower,0,0,24,0,24,0,0,55,0,55,0,0,79,0,79,50,0,50,129
11/24/2016,TIX,FL,ASO,ES,Federal Contract Tower,0,0,3,0,3,0,0,28,0,28,0,0,31,0,31,20,0,20,51
11/25/2016,TIX,FL,ASO,ES,Federal Contract Tower,0,3,16,0,19,0,0,52,0,52,0,3,68,0,71,72,0,72,143
11/26/2016,TIX,FL,ASO,ES,Federal Contract Tower,0,9,15,0,24,0,0,41,0,41,0,9,56,0,65,52,0,52,117
11/27/2016,TIX,FL,ASO,ES,Federal Contract Tower,0,0,11,0,11,0,0,35,0,35,0,0,46,0,46,2,0,2,48
11/28/2016,TIX,FL,ASO,ES,Federal Contract Tower,0,0,23,0,23,0,0,72,0,72,0,0,95,0,95,140,0,140,235
11/29/2016,TIX,FL,ASO,ES,Federal Contract Tower,0,0,7,0,7,0,0,84,0,84,0,0,91,0,91,136,0,136,227
11/30/2016,TIX,FL,ASO,ES,Federal Contract Tower,0,0,7,0,7,0,0,62,0,62,0,0,69,0,69,60,0,60,129
12/01/2016,TIX,FL,ASO,ES,Federal Contract Tower,0,0,22,2,24,0,0,61,0,61,0,0,83,2,85,88,0,88,173
12/02/2016,TIX,FL,ASO,ES,Federal Contract Tower,0,2,43,0,45,0,0,84,2,86,0,2,127,2,131,114,0,114,245
12/03/2016,TIX,FL,ASO,ES,Federal Contract Tower,0,0,16,0,16,0,0,37,0,37,0,0,53,0,53,32,0,32,85
12/04/2016,TIX,FL,ASO,ES,Federal Contract Tower,0,1,15,0,16,0,0,64,0,64,0,1,79,0,80,128,0,128,208
12/05/2016,TIX,FL,ASO,ES,Federal Contract Tower,0,0,15,0,15,0,0,67,0,67,0,0,82,0,82,140,0,140,222
12/06/2016,TIX,FL,ASO,ES,Federal Contract Tower,0,0,7,0,7,0,0,35,0,35,0,0,42,0,42,80,0,80,122
12/07/2016,TIX,FL,ASO,ES,Federal Contract Tower,0,0,29,0,29,0,0,92,0,92,0,0,121,0,121,158,0,158,279
12/08/2016,TIX,FL,ASO,ES,Federal Contract Tower,0,0,38,0,38,0,0,79,0,79,0,0,117,0,117,122,0,122,239
12/09/2016,TIX,FL,ASO,ES,Federal Contract Tower,0,3,46,0,49,0,0,88,0,88,0,3,134,0,137,128,0,128,265
12/10/2016,TIX,FL,ASO,ES,Federal Contract Tower,0,0,18,0,18,0,0,92,0,92,0,0,110,0,110,142,0,142,252
12/11/2016,TIX,FL,ASO,ES,Federal Contract Tower,0,2,26,0,28,0,0,41,0,41,0,2,67,0,69,132,0,132,201
12/12/2016,TIX,FL,ASO,ES,Federal Contract Tower,0,0,18,0,18,0,0,66,0,66,0,0,84,0,84,122,0,122,206
12/13/2016,TIX,FL,ASO,ES,Federal Contract Tower,0,0,39,0,39,0,0,117,0,117,0,0,156,0,156,282,0,282,438
12/14/2016,TIX,FL,ASO,ES,Federal Contract Tower,0,2,26,0,28,0,0,79,0,79,0,2,105,0,107,110,0,110,217
12/15/2016,TIX,FL,ASO,ES,Federal Contract Tower,0,0,44,0,44,0,0,79,0,79,0,0,123,0,123,127,0,127,250
12/16/2016,TIX,FL,ASO,ES,Federal Contract Tower,0,0,22,0,22,0,0,59,0,59,0,0,81,0,81,116,0,116,197
12/17/2016,TIX,FL,ASO,ES,Federal Contract Tower,0,2,16,0,18,0,0,51,0,51,0,2,67,0,69,85,0,85,154
12/18/2016,TIX,FL,ASO,ES,Federal Contract Tower,0,0,7,0,7,0,0,44,0,44,0,0,51,0,51,118,0,118,169
12/19/2016,TIX,FL,ASO,ES,Federal Contract Tower,0,0,28,0,28,0,0,80,0,80,0,0,108,0,108,190,0,190,298
12/20/2016,TIX,FL,ASO,ES,Federal Contract Tower,0,0,10,0,10,0,0,12,0,12,0,0,22,0,22,30,0,30,52
12/21/2016,TIX,FL,ASO,ES,Federal Contract Tower,0,1,16,0,17,0,0,2,0,2,0,1,18,0,19,10,0,10,29
12/22/2016,TIX,FL,ASO,ES,Federal Contract Tower,0,0,48,0,48,0,0,69,0,69,0,0,117,0,117,130,0,130,247
12/23/2016,TIX,FL,ASO,ES,Federal Contract Tower,0,1,22,0,23,0,0,52,0,52,0,1,74,0,75,118,0,118,193
12/24/2016,TIX,FL,ASO,ES,Federal Contract Tower,0,0,9,0,9,0,0,24,0,24,0,0,33,0,33,12,0,12,45
12/25/2016,TIX,FL,ASO,ES,Federal Contract Tower,0,0,3,0,3,0,0,0,0,0,0,0,3,0,3,0,0,0,3
12/26/2016,TIX,FL,ASO,ES,Federal Contract Tower,0,0,31,0,31,0,0,57,0,57,0,0,88,0,88,126,0,126,214
12/27/2016,TIX,FL,ASO,ES,Federal Contract Tower,0,2,27,0,29,0,0,55,0,55,0,2,82,0,84,112,0,112,196
12/28/2016,TIX,FL,ASO,ES,Federal Contract Tower,0,2,31,0,33,0,0,61,0,61,0,2,92,0,94,90,0,90,184
12/29/2016,TIX,FL,ASO,ES,Federal Contract Tower,0,0,43,0,43,0,0,72,0,72,0,0,115,0,115,80,0,80,195
12/30/2016,TIX,FL,ASO,ES,Federal Contract Tower,0,0,29,0,29,0,0,52,0,52,0,0,81,0,81,178,0,178,259
12/31/2016,TIX,FL,ASO,ES,Federal Contract Tower,0,0,12,0,12,0,0,54,0,54,0,0,66,0,66,82,0,82,148
01/01/2017,TIX,FL,ASO,ES,Federal Contract Tower,0,0,7,0,7,0,0,35,0,35,0,0,42,0,42,18,0,18,60
01/02/2017,TIX,FL,ASO,ES,Federal Contract Tower,0,0,5,0,5,0,0,53,0,53,0,0,58,0,58,160,0,160,218
01/03/2017,TIX,FL,ASO,ES,Federal Contract Tower,0,2,10,0,12,0,0,50,0,50,0,2,60,0,62,28,0,28,90
01/04/2017,TIX,FL,ASO,ES,Federal Contract Tower,0,2,9,0,11,0,0,30,0,30,0,2,39,0,41,40,0,40,81
01/05/2017,TIX,FL,ASO,ES,Federal Contract Tower,0,2,24,0,26,0,0,74,0,74,0,2,98,0,100,88,0,88,188
01/06/2017,TIX,FL,ASO,ES,Federal Contract Tower,0,0,25,0,25,0,0,68,0,68,0,0,93,0,93,126,0,126,219
01/07/2017,TIX,FL,ASO,ES,Federal Contract Tower,0,1,3,0,4,0,0,0,0,0,0,1,3,0,4,0,0,0,4
01/08/2017,TIX,FL,ASO,ES,Federal Contract Tower,0,0,17,0,17,0,0,35,1,36,0,0,52,1,53,44,0,44,97
01/09/2017,TIX,FL,ASO,ES,Federal Contract Tower,0,0,37,0,37,0,0,88,0,88,0,0,125,0,125,216,0,216,341
01/10/2017,TIX,FL,ASO,ES,Federal Contract Tower,0,0,46,1,47,0,0,82,0,82,0,0,128,1,129,182,0,182,311
01/11/2017,TIX,FL,ASO,ES,Federal Contract Tower,0,0,40,2,42,0,0,57,1,58,0,0,97,3,100,48,0,48,148
01/12/2017,TIX,FL,ASO,ES,Federal Contract Tower,0,1,15,0,16,0,0,49,0,49,0,1,64,0,65,58,0,58,123
01/13/2017,TIX,FL,ASO,ES,Federal Contract Tower,0,0,20,1,21,0,0,28,0,28,0,0,48,1,49,30,0,30,79
01/14/2017,TIX,FL,ASO,ES,Federal Contract Tower,0,0,27,0,27,0,0,87,0,87,0,0,114,0,114,98,0,98,212
01/15/2017,TIX,FL,ASO,ES,Federal Contract Tower,0,0,5,2,7,0,0,41,0,41,0,0,46,2,48,64,0,64,112
01/16/2017,TIX,FL,ASO,ES,Federal Contract Tower,0,0,37,0,37,0,0,94,0,94,0,0,131,0,131,240,0,240,371
01/17/2017,TIX,FL,ASO,ES,Federal Contract Tower,0,2,23,0,25,0,0,80,0,80,0,2,103,0,105,138,0,138,243
01/18/2017,TIX,FL,ASO,ES,Federal Contract Tower,0,5,20,0,25,0,0,58,0,58,0,5,78,0,83,66,0,66,149
01/19/2017,TIX,FL,ASO,ES,Federal Contract Tower,0,0,34,4,38,0,0,86,0,86,0,0,120,4,124,146,0,146,270
01/20/2017,TIX,FL,ASO,ES,Federal Contract Tower,0,0,15,0,15,0,0,67,0,67,0,0,82,0,82,108,0,108,190
01/21/2017,TIX,FL,ASO,ES,Federal Contract Tower,0,8,5,0,13,0,0,43,0,43,0,8,48,0,56,88,0,88,144
01/22/2017,TIX,FL,ASO,ES,Federal Contract Tower,0,2,3,0,5,0,0,9,0,9,0,2,12,0,14,14,0,14,28
01/23/2017,TIX,FL,ASO,ES,Federal Contract Tower,0,0,3,0,3,0,0,18,0,18,0,0,21,0,21,62,0,62,83
01/24/2017,TIX,FL,ASO,ES,Federal Contract Tower,0,0,48,0,48,0,0,99,0,99,0,0,147,0,147,266,0,266,413
01/25/2017,TIX,FL,ASO,ES,Federal Contract Tower,0,0,28,0,28,0,0,86,0,86,0,0,114,0,114,152,0,152,266
01/26/2017,TIX,FL,ASO,ES,Federal Contract Tower,0,0,24,0,24,0,0,64,0,64,0,0,88,0,88,90,0,90,178
01/27/2017,TIX,FL,ASO,ES,Federal Contract Tower,0,1,43,0,44,0,0,107,0,107,0,1,150,0,151,150,0,150,301
01/28/2017,TIX,FL,ASO,ES,Federal Contract Tower,0,2,39,0,41,0,0,65,0,65,0,2,104,0,106,132,0,132,238
01/29/2017,TIX,FL,ASO,ES,Federal Contract Tower,0,2,14,1,17,0,0,5,0,5,0,2,19,1,22,2,0,2,24
01/30/2017,TIX,FL,ASO,ES,Federal Contract Tower,0,2,42,2,46,0,0,105,1,106,0,2,147,3,152,248,0,248,400
01/31/2017,TIX,FL,ASO,ES,Federal Contract Tower,0,0,49,0,49,0,0,97,0,97,0,0,146,0,146,212,0,212,358
02/01/2017,TIX,FL,ASO,ES,Federal Contract Tower,0,0,30,0,30,0,0,69,0,69,0,0,99,0,99,110,0,110,209
02/02/2017,TIX,FL,ASO,ES,Federal Contract Tower,0,0,27,2,29,0,0,67,0,67,0,0,94,2,96,128,0,128,224
02/03/2017,TIX,FL,ASO,ES,Federal Contract Tower,0,0,29,0,29,0,0,61,0,61,0,0,90,0,90,112,0,112,202
02/04/2017,TIX,FL,ASO,ES,Federal Contract Tower,0,0,23,0,23,0,0,62,0,62,0,0,85,0,85,168,0,168,253
02/05/2017,TIX,FL,ASO,ES,Federal Contract Tower,0,0,28,0,28,0,0,37,0,37,0,0,65,0,65,32,0,32,97
02/06/2017,TIX,FL,ASO,ES,Federal Contract Tower,0,0,34,0,34,0,0,90,0,90,0,0,124,0,124,236,0,236,360
02/07/2017,TIX,FL,ASO,ES,Federal Contract Tower,0,0,24,0,24,0,0,73,0,73,0,0,97,0,97,192,0,192,289
02/08/2017,TIX,FL,ASO,ES,Federal Contract Tower,0,0,18,0,18,0,0,86,0,86,0,0,104,0,104,138,0,138,242
02/09/2017,TIX,FL,ASO,ES,Federal Contract Tower,0,0,15,0,15,0,0,43,0,43,0,0,58,0,58,58,0,58,116
02/10/2017,TIX,FL,ASO,ES,Federal Contract Tower,0,1,36,0,37,0,0,83,0,83,0,1,119,0,120,228,0,228,348
02/11/2017,TIX,FL,ASO,ES,Federal Contract Tower,0,4,17,1,22,0,0,126,0,126,0,4,143,1,148,72,0,72,220
02/12/2017,TIX,FL,ASO,ES,Federal Contract Tower,0,2,12,0,14,0,0,49,2,51,0,2,61,2,65,122,0,122,187
02/13/2017,TIX,FL,ASO,ES,Federal Contract Tower,0,0,34,0,34,0,0,82,0,82,0,0,116,0,116,248,0,248,364
02/14/2017,TIX,FL,ASO,ES,Federal Contract Tower,0,0,27,0,27,0,0,108,0,108,0,0,135,0,135,206,0,206,341
02/15/2017,TIX,FL,ASO,ES,Federal Contract Tower,0,0,9,0,9,0,0,18,0,18,0,0,27,0,27,28,0,28,55
02/16/2017,TIX,FL,ASO,ES,Federal Contract Tower,0,0,66,0,66,0,0,104,0,104,0,0,170,0,170,126,0,126,296
02/17/2017,TIX,FL,ASO,ES,Federal Contract Tower,0,3,25,0,28,0,0,69,0,69,0,3,94,0,97,92,0,92,189
02/18/2017,TIX,FL,ASO,ES,Federal Contract Tower,0,0,13,0,13,0,0,43,0,43,0,0,56,0,56,102,0,102,158
02/19/2017,TIX,FL,ASO,ES,Federal Contract Tower,0,0,15,0,15,0,0,35,0,35,0,0,50,0,50,54,0,54,104
02/20/2017,TIX,FL,ASO,ES,Federal Contract Tower,0,0,52,0,52,0,0,110,0,110,0,0,162,0,162,244,0,244,406
02/21/2017,TIX,FL,ASO,ES,Federal Contract Tower,0,1,51,2,54,0,0,98,0,98,0,1,149,2,152,190,0,190,342
02/22/2017,TIX,FL,ASO,ES,Federal Contract Tower,0,0,10,0,10,0,0,7,0,7,0,0,17,0,17,26,0,26,43
02/23/2017,TIX,FL,ASO,ES,Federal Contract Tower,0,0,35,0,35,0,0,18,0,18,0,0,53,0,53,20,0,20,73
02/24/2017,TIX,FL,ASO,ES,Federal Contract Tower,0,0,53,0,53,0,0,127,2,129,0,0,180,2,182,232,0,232,414
02/25/2017,TIX,FL,ASO,ES,Federal Contract Tower,0,1,43,0,44,0,0,57,0,57,0,1,100,0,101,192,0,192,293
02/26/2017,TIX,FL,ASO,ES,Federal Contract Tower,0,3,22,0,25,0,0,87,0,87,0,3,109,0,112,94,0,94,206
02/27/2017,TIX,FL,ASO,ES,Federal Contract Tower,0,0,20,0,20,0,0,80,0,80,0,0,100,0,100,202,0,202,302
02/28/2017,TIX,FL,ASO,ES,Federal Contract Tower,0,0,48,0,48,0,0,123,0,123,0,0,171,0,171,208,0,208,379
03/01/2017,TIX,FL,ASO,ES,Federal Contract Tower,0,2,22,0,24,0,0,80,0,80,0,2,102,0,104,134,0,134,238
03/02/2017,TIX,FL,ASO,ES,Federal Contract Tower,0,0,54,0,54,0,0,72,0,72,0,0,126,0,126,4,0,4,130
03/03/2017,TIX,FL,ASO,ES,Federal Contract Tower,0,0,26,0,26,0,0,35,0,35,0,0,61,0,61,64,0,64,125
03/04/2017,TIX,FL,ASO,ES,Federal Contract Tower,0,0,18,0,18,0,0,45,2,47,0,0,63,2,65,78,0,78,143
03/05/2017,TIX,FL,ASO,ES,Federal Contract Tower,0,0,2,0,2,0,0,21,0,21,0,0,23,0,23,42,0,42,65
03/06/2017,TIX,FL,ASO,ES,Federal Contract Tower,0,0,34,0,34,0,0,69,0,69,0,0,103,0,103,168,0,168,271
03/07/2017,TIX,FL,ASO,ES,Federal Contract Tower,0,2,13,0,15,0,0,96,0,96,0,2,109,0,111,94,0,94,205
03/08/2017,TIX,FL,ASO,ES,Federal Contract Tower,0,2,15,0,17,0,0,66,1,67,0,2,81,1,84,66,8,74,158
03/09/2017,TIX,FL,ASO,ES,Federal Contract Tower,0,0,25,6,31,0,0,107,0,107,0,0,132,6,138,178,0,178,316
03/10/2017,TIX,FL,ASO,ES,Federal Contract Tower,0,0,7,0,7,0,0,30,4,34,0,0,37,4,41,20,82,102,143
03/11/2017,TIX,FL,ASO,ES,Federal Contract Tower,0,0,9,0,9,0,0,128,0,128,0,0,137,0,137,214,0,214,351
03/12/2017,TIX,FL,ASO,ES,Federal Contract Tower,0,0,1,3,4,0,0,65,2,67,0,0,66,5,71,120,0,120,191
03/13/2017,TIX,FL,ASO,ES,Federal Contract Tower,0,11,20,0,31,0,0,85,0,85,0,11,105,0,116,208,0,208,324
03/14/2017,TIX,FL,ASO,ES,Federal Contract Tower,0,0,32,0,32,0,0,56,0,56,0,0,88,0,88,46,0,46,134
03/15/2017,TIX,FL,ASO,ES,Federal Contract Tower,0,2,36,0,38,0,0,87,0,87,0,2,123,0,125,116,0,116,241
03/16/2017,TIX,FL,ASO,ES,Federal Contract Tower,0,1,36,0,37,0,0,77,0,77,0,1,113,0,114,112,0,112,226
03/17/2017,TIX,FL,ASO,ES,Federal Contract Tower,0,3,16,0,19,0,0,70,0,70,0,3,86,0,89,84,0,84,173
03/18/2017,TIX,FL,ASO,ES,Federal Contract Tower,0,3,19,0,22,0,0,65,0,65,0,3,84,0,87,166,0,166,253
03/19/2017,TIX,FL,ASO,ES,Federal Contract Tower,0,2,18,0,20,0,0,52,0,52,0,2,70,0,72,76,0,76,148
03/20/2017,TIX,FL,ASO,ES,Federal Contract Tower,0,0,47,0,47,0,0,107,0,107,0,0,154,0,154,252,0,252,406
03/21/2017,TIX,FL,ASO,ES,Federal Contract Tower,0,0,24,0,24,0,0,61,0,61,0,0,85,0,85,72,0,72,157
03/22/2017,TIX,FL,ASO,ES,Federal Contract Tower,0,0,34,0,34,0,0,90,0,90,0,0,124,0,124,132,0,132,256
03/23/2017,TIX,FL,ASO,ES,Federal Contract Tower,0,1,6,0,7,0,0,19,0,19,0,1,25,0,26,50,0,50,76
03/24/2017,TIX,FL,ASO,ES,Federal Contract Tower,0,0,26,0,26,0,0,71,0,71,0,0,97,0,97,116,0,116,213
03/25/2017,TIX,FL,ASO,ES,Federal Contract Tower,0,4,17,0,21,0,0,48,0,48,0,4,65,0,69,76,0,76,145
03/26/2017,TIX,FL,ASO,ES,Federal Contract Tower,0,0,25,0,25,0,0,53,0,53,0,0,78,0,78,130,0,130,208
03/27/2017,TIX,FL,ASO,ES,Federal Contract Tower,0,0,51,0,51,0,0,94,0,94,0,0,145,0,145,220,0,220,365
03/28/2017,TIX,FL,ASO,ES,Federal Contract Tower,0,0,31,0,31,0,0,85,0,85,0,0,116,0,116,52,0,52,168
03/29/2017,TIX,FL,ASO,ES,Federal Contract Tower,0,0,39,0,39,0,0,87,1,88,0,0,126,1,127,134,0,134,261
03/30/2017,TIX,FL,ASO,ES,Federal Contract Tower,0,0,15,0,15,0,0,66,0,66,0,0,81,0,81,84,0,84,165
03/31/2017,TIX,FL,ASO,ES,Federal Contract Tower,0,3,21,2,26,0,0,61,0,61,0,3,82,2,87,90,0,90,177
04/01/2017,TIX,FL,ASO,ES,Federal Contract Tower,0,4,29,0,33,0,0,70,0,70,0,4,99,0,103,96,0,96,199
04/02/2017,TIX,FL,ASO,ES,Federal Contract Tower,0,0,9,0,9,0,0,70,0,70,0,0,79,0,79,88,0,88,167
04/03/2017,TIX,FL,ASO,ES,Federal Contract Tower,0,0,19,0,19,0,0,41,0,41,0,0,60,0,60,76,0,76,136
04/04/2017,TIX,FL,ASO,ES,Federal Contract Tower,0,0,16,0,16,0,0,35,0,35,0,0,51,0,51,40,0,40,91
04/05/2017,TIX,FL,ASO,ES,Federal Contract Tower,0,0,18,0,18,0,0,56,0,56,0,0,74,0,74,120,0,120,194
04/06/2017,TIX,FL,ASO,ES,Federal Contract Tower,0,0,44,0,44,0,0,46,0,46,0,0,90,0,90,84,0,84,174
04/07/2017,TIX,FL,ASO,ES,Federal Contract Tower,0,2,49,0,51,0,0,74,0,74,0,2,123,0,125,142,0,142,267
04/08/2017,TIX,FL,ASO,ES,Federal Contract Tower,0,2,24,0,26,0,0,91,0,91,0,2,115,0,117,126,0,126,243
04/09/2017,TIX,FL,ASO,ES,Federal Contract Tower,0,0,31,0,31,0,0,91,0,91,0,0,122,0,122,168,0,168,290
04/10/2017,TIX,FL,ASO,ES,Federal Contract Tower,0,0,28,0,28,0,0,84,0,84,0,0,112,0,112,188,0,188,300
04/11/2017,TIX,FL,ASO,ES,Federal Contract Tower,0,0,22,0,22,0,0,100,0,100,0,0,122,0,122,242,0,242,364
04/12/2017,TIX,FL,ASO,ES,Federal Contract Tower,0,0,24,0,24,0,0,91,0,91,0,0,115,0,115,212,0,212,327
04/13/2017,TIX,FL,ASO,ES,Federal Contract Tower,0,1,17,0,18,0,0,70,0,70,0,1,87,0,88,186,0,186,274
04/14/2017,TIX,FL,ASO,ES,Federal Contract Tower,0,0,24,0,24,0,0,52,0,52,0,0,76,0,76,146,0,146,222
04/15/2017,TIX,FL,ASO,ES,Federal Contract Tower,0,2,33,0,35,0,0,43,0,43,0,2,76,0,78,90,0,90,168
04/16/2017,TIX,FL,ASO,ES,Federal Contract Tower,0,0,12,0,12,0,0,36,0,36,0,0,48,0,48,40,0,40,88
04/17/2017,TIX,FL,ASO,ES,Federal Contract Tower,0,0,44,0,44,0,0,97,0,97,0,0,141,0,141,254,0,254,395
04/18/2017,TIX,FL,ASO,ES,Federal Contract Tower,0,0,34,0,34,0,0,104,0,104,0,0,138,0,138,158,0,158,296
04/19/2017,TIX,FL,ASO,ES,Federal Contract Tower,0,0,18,0,18,0,0,56,0,56,0,0,74,0,74,88,0,88,162
04/20/2017,TIX,FL,ASO,ES,Federal Contract Tower,0,3,19,0,22,0,0,88,0,88,0,3,107,0,110,148,0,148,258
04/21/2017,TIX,FL,ASO,ES,Federal Contract Tower,0,1,29,0,30,0,0,85,0,85,0,1,114,0,115,156,0,156,271
04/22/2017,TIX,FL,ASO,ES,Federal Contract Tower,0,1,12,1,14,0,0,43,0,43,0,1,55,1,57,118,4,122,179
04/23/2017,TIX,FL,ASO,ES,Federal Contract Tower,0,0,4,0,4,0,0,29,0,29,0,0,33,0,33,58,0,58,91
04/24/2017,TIX,FL,ASO,ES,Federal Contract Tower,0,0,29,0,29,0,0,71,0,71,0,0,100,0,100,230,0,230,330
04/25/2017,TIX,FL,ASO,ES,Federal Contract Tower,0,0,20,0,20,0,0,84,0,84,0,0,104,0,104,118,0,118,222
04/26/2017,TIX,FL,ASO,ES,Federal Contract Tower,0,0,12,0,12,0,0,73,0,73,0,0,85,0,85,206,0,206,291
04/27/2017,TIX,FL,ASO,ES,Federal Contract Tower,0,0,13,4,17,0,0,69,0,69,0,0,82,4,86,118,0,118,204
04/28/2017,TIX,FL,ASO,ES,Federal Contract Tower,0,0,18,0,18,0,0,82,0,82,0,0,100,0,100,94,0,94,194
04/29/2017,TIX,FL,ASO,ES,Federal Contract Tower,0,0,3,0,3,0,0,50,0,50,0,0,53,0,53,68,0,68,121
04/30/2017,TIX,FL,ASO,ES,Federal Contract Tower,0,0,13,0,13,0,0,13,0,13,0,0,26,0,26,24,0,24,50
05/01/2017,TIX,FL,ASO,ES,Federal Contract Tower,0,0,12,0,12,0,0,45,0,45,0,0,57,0,57,152,0,152,209
05/02/2017,TIX,FL,ASO,ES,Federal Contract Tower,0,0,40,0,40,0,0,40,0,40,0,0,80,0,80,114,0,114,194
05/03/2017,TIX,FL,ASO,ES,Federal Contract Tower,0,0,40,0,40,0,0,90,0,90,0,0,130,0,130,132,0,132,262
05/04/2017,TIX,FL,ASO,ES,Federal Contract Tower,0,2,20,0,22,0,0,70,0,70,0,2,90,0,92,92,0,92,184
05/05/2017,TIX,FL,ASO,ES,Federal Contract Tower,0,0,21,0,21,0,0,49,0,49,0,0,70,0,70,16,0,16,86
05/06/2017,TIX,FL,ASO,ES,Federal Contract Tower,0,0,17,0,17,0,0,62,0,62,0,0,79,0,79,34,0,34,113
05/07/2017,TIX,FL,ASO,ES,Federal Contract Tower,0,0,14,0,14,0,0,39,0,39,0,0,53,0,53,50,0,50,103
05/08/2017,TIX,FL,ASO,ES,Federal Contract Tower,0,0,57,0,57,0,0,84,0,84,0,0,141,0,141,276,0,276,417
05/09/2017,TIX,FL,ASO,ES,Federal Contract Tower,0,0,39,0,39,0,0,90,0,90,0,0,129,0,129,238,0,238,367
05/10/2017,TIX,FL,ASO,ES,Federal Contract Tower,0,0,35,0,35,0,0,78,0,78,0,0,113,0,113,104,0,104,217
05/11/2017,TIX,FL,ASO,ES,Federal Contract Tower,0,0,24,0,24,0,0,57,0,57,0,0,81,0,81,44,0,44,125
05/12/2017,TIX,FL,ASO,ES,Federal Contract Tower,0,0,32,0,32,0,0,85,0,85,0,0,117,0,117,140,0,140,257
05/13/2017,TIX,FL,ASO,ES,Federal Contract Tower,0,0,19,0,19,0,0,44,0,44,0,0,63,0,63,112,0,112,175
05/14/2017,TIX,FL,ASO,ES,Federal Contract Tower,0,0,25,0,25,0,0,65,0,65,0,0,90,0,90,48,0,48,138
05/15/2017,TIX,FL,ASO,ES,Federal Contract Tower,0,0,37,4,41,0,0,105,0,105,0,0,142,4,146,258,0,258,404
05/16/2017,TIX,FL,ASO,ES,Federal Contract Tower,0,0,17,0,17,0,0,109,0,109,0,0,126,0,126,128,0,128,254
05/17/2017,TIX,FL,ASO,ES,Federal Contract Tower,0,0,35,0,35,0,0,100,0,100,0,0,135,0,135,90,0,90,225
05/18/2017,TIX,FL,ASO,ES,Federal Contract Tower,0,1,13,0,14,0,0,76,0,76,0,1,89,0,90,110,0,110,200
05/19/2017,TIX,FL,ASO,ES,Federal Contract Tower,0,1,28,0,29,0,0,68,0,68,0,1,96,0,97,78,0,78,175
05/20/2017,TIX,FL,ASO,ES,Federal Contract Tower,0,1,14,0,15,0,0,55,0,55,0,1,69,0,70,78,0,78,148
05/21/2017,TIX,FL,ASO,ES,Federal Contract Tower,0,0,7,2,9,0,0,46,0,46,0,0,53,2,55,92,0,92,147
05/22/2017,TIX,FL,ASO,ES,Federal Contract Tower,0,0,14,0,14,0,0,80,0,80,0,0,94,0,94,204,0,204,298
05/23/2017,TIX,FL,ASO,ES,Federal Contract Tower,0,0,9,0,9,0,0,82,0,82,0,0,91,0,91,186,0,186,277
05/24/2017,TIX,FL,ASO,ES,Federal Contract Tower,0,1,6,0,7,0,0,18,0,18,0,1,24,0,25,24,0,24,49
05/25/2017,TIX,FL,ASO,ES,Federal Contract Tower,0,1,21,2,24,0,0,60,0,60,0,1,81,2,84,104,0,104,188
05/26/2017,TIX,FL,ASO,ES,Federal Contract Tower,0,2,39,0,41,0,0,117,0,117,0,2,156,0,158,157,0,157,315
05/27/2017,TIX,FL,ASO,ES,Federal Contract Tower,0,6,15,0,21,0,0,68,0,68,0,6,83,0,89,146,0,146,235
05/28/2017,TIX,FL,ASO,ES,Federal Contract Tower,0,1,16,0,17,0,0,52,0,52,0,1,68,0,69,82,0,82,151
05/29/2017,TIX,FL,ASO,ES,Federal Contract Tower,0,0,47,0,47,0,0,104,0,104,0,0,151,0,151,284,0,284,435
05/30/2017,TIX,FL,ASO,ES,Federal Contract Tower,0,2,39,0,41,0,0,78,0,78,0,2,117,0,119,202,0,202,321
05/31/2017,TIX,FL,ASO,ES,Federal Contract Tower,0,0,19,0,19,0,0,57,0,57,0,0,76,0,76,92,0,92,168
06/01/2017,TIX,FL,ASO,ES,Federal Contract Tower,0,3,19,0,22,0,0,59,0,59,0,3,78,0,81,82,0,82,163
06/02/2017,TIX,FL,ASO,ES,Federal Contract Tower,0,0,17,0,17,0,0,46,0,46,0,0,63,0,63,56,0,56,119
06/03/2017,TIX,FL,ASO,ES,Federal Contract Tower,0,3,18,0,21,0,0,43,0,43,0,3,61,0,64,120,0,120,184
06/04/2017,TIX,FL,ASO,ES,Federal Contract Tower,0,0,13,0,13,0,0,55,0,55,0,0,68,0,68,56,0,56,124
06/05/2017,TIX,FL,ASO,ES,Federal Contract Tower,0,0,32,0,32,0,0,68,0,68,0,0,100,0,100,148,0,148,248
06/06/2017,TIX,FL,ASO,ES,Federal Contract Tower,0,1,14,0,15,0,0,33,0,33,0,1,47,0,48,118,0,118,166
06/07/2017,TIX,FL,ASO,ES,Federal Contract Tower,0,0,19,0,19,0,0,22,0,22,0,0,41,0,41,42,0,42,83
06/08/2017,TIX,FL,ASO,ES,Federal Contract Tower,0,1,12,0,13,0,0,11,0,11,0,1,23,0,24,22,0,22,46
06/09/2017,TIX,FL,ASO,ES,Federal Contract Tower,0,2,58,0,60,0,0,66,0,66,0,2,124,0,126,150,0,150,276
06/10/2017,TIX,FL,ASO,ES,Federal Contract Tower,0,3,24,0,27,0,0,68,0,68,0,3,92,0,95,84,0,84,179
06/11/2017,TIX,FL,ASO,ES,Federal Contract Tower,0,0,21,0,21,0,0,53,0,53,0,0,74,0,74,72,0,72,146
06/12/2017,TIX,FL,ASO,ES,Federal Contract Tower,0,0,15,0,15,0,0,41,0,41,0,0,56,0,56,100,0,100,156
06/13/2017,TIX,FL,ASO,ES,Federal Contract Tower,0,0,15,0,15,0,0,36,0,36,0,0,51,0,51,82,0,82,133
06/14/2017,TIX,FL,ASO,ES,Federal Contract Tower,0,0,22,0,22,0,0,45,0,45,0,0,67,0,67,106,0,106,173
06/15/2017,TIX,FL,ASO,ES,Federal Contract Tower,0,0,20,0,20,0,0,37,0,37,0,0,57,0,57,56,0,56,113
06/16/2017,TIX,FL,ASO,ES,Federal Contract Tower,0,0,45,0,45,0,0,54,0,54,0,0,99,0,99,98,0,98,197
06/17/2017,TIX,FL,ASO,ES,Federal Contract Tower,0,2,26,0,28,0,0,96,0,96,0,2,122,0,124,178,0,178,302
06/18/2017,TIX,FL,ASO,ES,Federal Contract Tower,0,0,10,0,10,0,0,45,0,45,0,0,55,0,55,90,0,90,145
06/19/2017,TIX,FL,ASO,ES,Federal Contract Tower,0,0,14,0,14,0,0,54,0,54,0,0,68,0,68,126,0,126,194
06/20/2017,TIX,FL,ASO,ES,Federal Contract Tower,0,0,46,0,46,0,0,67,0,67,0,0,113,0,113,158,0,158,271
06/21/2017,TIX,FL,ASO,ES,Federal Contract Tower,0,8,14,0,22,0,0,72,0,72,0,8,86,0,94,142,0,142,236
06/22/2017,TIX,FL,ASO,ES,Federal Contract Tower,0,0,18,0,18,0,0,84,0,84,0,0,102,0,102,126,0,126,228
06/23/2017,TIX,FL,ASO,ES,Federal Contract Tower,0,0,12,1,13,0,0,70,0,70,0,0,82,1,83,148,0,148,231
06/24/2017,TIX,FL,ASO,ES,Federal Contract Tower,0,0,6,1,7,0,0,110,0,110,0,0,116,1,117,122,0,122,239
06/25/2017,TIX,FL,ASO,ES,Federal Contract Tower,0,0,17,0,17,0,0,69,0,69,0,0,86,0,86,142,0,142,228
06/26/2017,TIX,FL,ASO,ES,Federal Contract Tower,0,0,4,0,4,0,0,72,0,72,0,0,76,0,76,112,0,112,188
06/27/2017,TIX,FL,ASO,ES,Federal Contract Tower,0,0,48,0,48,0,0,67,0,67,0,0,115,0,115,158,0,158,273
06/28/2017,TIX,FL,ASO,ES,Federal Contract Tower,0,1,32,0,33,0,0,95,0,95,0,1,127,0,128,120,0,120,248
06/29/2017,TIX,FL,ASO,ES,Federal Contract Tower,0,0,22,0,22,0,0,82,0,82,0,0,104,0,104,140,0,140,244
06/30/2017,TIX,FL,ASO,ES,Federal Contract Tower,0,0,14,0,14,58,0,0,0,58,58,0,14,0,72,60,0,60,132
07/01/2017,TIX,FL,ASO,ES,Federal Contract Tower,0,0,12,0,12,0,0,75,0,75,0,0,87,0,87,84,0,84,171
07/02/2017,TIX,FL,ASO,ES,Federal Contract Tower,0,0,7,0,7,0,0,51,0,51,0,0,58,0,58,158,0,158,216
07/03/2017,TIX,FL,ASO,ES,Federal Contract Tower,0,0,20,0,20,0,2,88,0,90,0,2,108,0,110,208,0,208,318
07/04/2017,TIX,FL,ASO,ES,Federal Contract Tower,0,0,10,0,10,0,0,54,0,54,0,0,64,0,64,144,0,144,208
07/05/2017,TIX,FL,ASO,ES,Federal Contract Tower,0,2,16,0,18,0,0,77,0,77,0,2,93,0,95,102,0,102,197
07/06/2017,TIX,FL,ASO,ES,Federal Contract Tower,0,0,22,2,24,0,0,70,0,70,0,0,92,2,94,156,0,156,250
07/07/2017,TIX,FL,ASO,ES,Federal Contract Tower,0,10,18,0,28,0,0,66,0,66,0,10,84,0,94,98,0,98,192
07/08/2017,TIX,FL,ASO,ES,Federal Contract Tower,0,1,7,0,8,0,0,95,0,95,0,1,102,0,103,30,0,30,133
07/09/2017,TIX,FL,ASO,ES,Federal Contract Tower,0,0,7,0,7,0,0,61,0,61,0,0,68,0,68,86,0,86,154
07/10/2017,TIX,FL,ASO,ES,Federal Contract Tower,0,2,21,0,23,0,0,80,0,80,0,2,101,0,103,166,0,166,269
07/11/2017,TIX,FL,ASO,ES,Federal Contract Tower,0,0,51,0,51,0,0,75,0,75,0,0,126,0,126,174,0,174,300
07/12/2017,TIX,FL,ASO,ES,Federal Contract Tower,0,0,11,0,11,0,0,50,0,50,0,0,61,0,61,62,0,62,123
07/13/2017,TIX,FL,ASO,ES,Federal Contract Tower,0,2,12,0,14,0,0,64,0,64,0,2,76,0,78,124,0,124,202
07/14/2017,TIX,FL,ASO,ES,Federal Contract Tower,0,0,28,0,28,0,0,94,0,94,0,0,122,0,122,196,0,196,318
07/15/2017,TIX,FL,ASO,ES,Federal Contract Tower,0,2,21,0,23,0,0,80,0,80,0,2,101,0,103,156,0,156,259
07/16/2017,TIX,FL,ASO,ES,Federal Contract Tower,0,1,24,0,25,0,0,72,0,72,0,1,96,0,97,134,0,134,231
07/17/2017,TIX,FL,ASO,ES,Federal Contract Tower,0,0,40,0,40,0,0,75,0,75,0,0,115,0,115,170,0,170,285
07/18/2017,TIX,FL,ASO,ES,Federal Contract Tower,0,0,28,0,28,0,0,77,0,77,0,0,105,0,105,196,0,196,301
07/19/2017,TIX,FL,ASO,ES,Federal Contract Tower,0,0,52,0,52,0,0,90,0,90,0,0,142,0,142,186,0,186,328
07/20/2017,TIX,FL,ASO,ES,Federal Contract Tower,0,0,23,0,23,0,0,74,0,74,0,0,97,0,97,166,0,166,263
07/21/2017,TIX,FL,ASO,ES,Federal Contract Tower,0,0,35,0,35,0,0,42,8,50,0,0,77,8,85,131,0,131,216
07/22/2017,TIX,FL,ASO,ES,Federal Contract Tower,0,5,34,0,39,0,0,69,0,69,0,5,103,0,108,184,0,184,292
07/23/2017,TIX,FL,ASO,ES,Federal Contract Tower,0,0,18,0,18,0,0,54,0,54,0,0,72,0,72,76,0,76,148
07/24/2017,TIX,FL,ASO,ES,Federal Contract Tower,0,0,36,0,36,0,0,98,0,98,0,0,134,0,134,256,0,256,390
07/25/2017,TIX,FL,ASO,ES,Federal Contract Tower,0,0,63,0,63,0,0,105,0,105,0,0,168,0,168,246,0,246,414
07/26/2017,TIX,FL,ASO,ES,Federal Contract Tower,0,2,15,0,17,0,0,52,0,52,0,2,67,0,69,92,0,92,161
07/27/2017,TIX,FL,ASO,ES,Federal Contract Tower,0,1,17,0,18,0,0,52,0,52,0,1,69,0,70,192,0,192,262
07/28/2017,TIX,FL,ASO,ES,Federal Contract Tower,0,1,21,0,22,0,0,64,2,66,0,1,85,2,88,74,0,74,162
07/29/2017,TIX,FL,ASO,ES,Federal Contract Tower,0,3,19,0,22,0,0,78,0,78,0,3,97,0,100,95,0,95,195
07/30/2017,TIX,FL,ASO,ES,Federal Contract Tower,0,0,8,0,8,0,0,33,0,33,0,0,41,0,41,50,0,50,91
07/31/2017,TIX,FL,ASO,ES,Federal Contract Tower,0,0,24,0,24,0,0,55,0,55,0,0,79,0,79,126,0,126,205
08/01/2017,TIX,FL,ASO,ES,Federal Contract Tower,0,2,63,2,67,0,0,75,0,75,0,2,138,2,142,0,214,214,356
08/02/2017,TIX,FL,ASO,ES,Federal Contract Tower,0,0,21,0,21,0,0,54,0,54,0,0,75,0,75,154,0,154,229
08/03/2017,TIX,FL,ASO,ES,Federal Contract Tower,0,1,8,0,9,0,0,56,0,56,0,1,64,0,65,118,0,118,183
08/04/2017,TIX,FL,ASO,ES,Federal Contract Tower,0,3,15,0,18,0,0,80,0,80,0,3,95,0,98,130,0,130,228
08/05/2017,TIX,FL,ASO,ES,Federal Contract Tower,0,1,16,0,17,0,0,47,0,47,0,1,63,0,64,44,0,44,108
08/06/2017,TIX,FL,ASO,ES,Federal Contract Tower,0,0,8,0,8,0,0,44,0,44,0,0,52,0,52,78,0,78,130
08/07/2017,TIX,FL,ASO,ES,Federal Contract Tower,0,2,35,2,39,0,0,78,0,78,0,2,113,2,117,232,0,232,349
08/08/2017,TIX,FL,ASO,ES,Federal Contract Tower,0,29,0,0,29,0,0,77,0,77,0,29,77,0,106,228,0,228,334
08/09/2017,TIX,FL,ASO,ES,Federal Contract Tower,0,0,14,0,14,0,0,76,0,76,0,0,90,0,90,152,0,152,242
08/10/2017,TIX,FL,ASO,ES,Federal Contract Tower,0,0,25,0,25,0,0,90,0,90,0,0,115,0,115,160,0,160,275
08/11/2017,TIX,FL,ASO,ES,Federal Contract Tower,0,2,23,0,25,0,0,17,0,17,0,2,40,0,42,56,0,56,98
08/12/2017,TIX,FL,ASO,ES,Federal Contract Tower,0,0,11,0,11,0,0,68,0,68,0,0,79,0,79,102,0,102,181
08/13/2017,TIX,FL,ASO,ES,Federal Contract Tower,0,1,10,0,11,0,0,48,0,48,0,1,58,0,59,50,0,50,109
08/14/2017,TIX,FL,ASO,ES,Federal Contract Tower,0,2,78,0,80,0,0,109,0,109,0,2,187,0,189,252,0,252,441
08/15/2017,TIX,FL,ASO,ES,Federal Contract Tower,0,0,35,0,35,0,0,71,0,71,0,0,106,0,106,224,0,224,330
08/16/2017,TIX,FL,ASO,ES,Federal Contract Tower,0,0,8,0,8,0,0,71,2,73,0,0,79,2,81,94,12,106,187
08/17/2017,TIX,FL,ASO,ES,Federal Contract Tower,0,0,14,2,16,0,0,63,0,63,0,0,77,2,79,52,16,68,147
08/18/2017,TIX,FL,ASO,ES,Federal Contract Tower,0,0,14,0,14,0,0,84,0,84,0,0,98,0,98,110,0,110,208
08/19/2017,TIX,FL,ASO,ES,Federal Contract Tower,0,0,16,0,16,0,0,85,0,85,0,0,101,0,101,122,0,122,223
08/20/2017,TIX,FL,ASO,ES,Federal Contract Tower,0,0,10,0,10,0,0,45,0,45,0,0,55,0,55,42,0,42,97
08/21/2017,TIX,FL,ASO,ES,Federal Contract Tower,0,2,36,0,38,0,0,105,0,105,0,2,141,0,143,260,0,260,403
08/22/2017,TIX,FL,ASO,ES,Federal Contract Tower,0,1,35,0,36,0,0,103,0,103,0,1,138,0,139,194,0,194,333
08/23/2017,TIX,FL,ASO,ES,Federal Contract Tower,0,0,33,0,33,0,0,72,0,72,0,0,105,0,105,146,0,146,251
08/24/2017,TIX,FL,ASO,ES,Federal Contract Tower,0,0,16,0,16,0,0,67,0,67,0,0,83,0,83,76,0,76,159
08/25/2017,TIX,FL,ASO,ES,Federal Contract Tower,0,0,23,0,23,0,0,35,0,35,0,0,58,0,58,134,0,134,192
08/26/2017,TIX,FL,ASO,ES,Federal Contract Tower,0,4,0,0,4,0,0,23,0,23,0,4,23,0,27,40,0,40,67
08/27/2017,TIX,FL,ASO,ES,Federal Contract Tower,0,0,9,0,9,0,0,36,0,36,0,0,45,0,45,46,0,46,91
08/28/2017,TIX,FL,ASO,ES,Federal Contract Tower,0,0,24,0,24,0,0,62,0,62,0,0,86,0,86,188,0,188,274
08/29/2017,TIX,FL,ASO,ES,Federal Contract Tower,0,0,44,0,44,0,0,95,0,95,0,0,139,0,139,244,0,244,383
08/30/2017,TIX,FL,ASO,ES,Federal Contract Tower,0,1,17,0,18,0,0,109,0,109,0,1,126,0,127,202,0,202,329
08/31/2017,TIX,FL,ASO,ES,Federal Contract Tower,0,0,9,0,9,0,0,88,0,88,0,0,97,0,97,100,0,100,197
09/01/2017,TIX,FL,ASO,ES,Federal Contract Tower,0,0,28,0,28,0,0,69,0,69,0,0,97,0,97,126,0,126,223
09/02/2017,TIX,FL,ASO,ES,Federal Contract Tower,0,0,21,0,21,0,0,79,0,79,0,0,100,0,100,208,0,208,308
09/03/2017,TIX,FL,ASO,ES,Federal Contract Tower,0,0,4,0,4,0,0,44,0,44,0,0,48,0,48,78,0,78,126
09/04/2017,TIX,FL,ASO,ES,Federal Contract Tower,0,0,32,0,32,0,0,120,0,120,0,0,152,0,152,226,0,226,378
09/05/2017,TIX,FL,ASO,ES,Federal Contract Tower,0,0,23,0,23,0,0,70,0,70,0,0,93,0,93,150,0,150,243
09/06/2017,TIX,FL,ASO,ES,Federal Contract Tower,0,0,8,1,9,0,0,51,1,52,0,0,59,2,61,58,0,58,119
09/07/2017,TIX,FL,ASO,ES,Federal Contract Tower,0,0,10,0,10,0,0,52,0,52,0,0,62,0,62,48,0,48,110
09/08/2017,TIX,FL,ASO,ES,Federal Contract Tower,0,0,3,0,3,0,0,14,0,14,0,0,17,0,17,0,0,0,17
09/09/2017,TIX,FL,ASO,ES,Federal Contract Tower,0,0,0,0,0,0,0,0,0,0,0,0,0,0,0,0,0,0,0
09/10/2017,TIX,FL,ASO,ES,Federal Contract Tower,0,0,0,0,0,0,0,0,0,0,0,0,0,0,0,0,0,0,0
09/11/2017,TIX,FL,ASO,ES,Federal Contract Tower,0,0,0,0,0,0,0,0,0,0,0,0,0,0,0,0,0,0,0
09/12/2017,TIX,FL,ASO,ES,Federal Contract Tower,0,0,1,0,1,0,0,11,0,11,0,0,12,0,12,0,0,0,12
09/13/2017,TIX,FL,ASO,ES,Federal Contract Tower,0,2,2,0,4,0,0,43,0,43,0,2,45,0,47,8,0,8,55
09/14/2017,TIX,FL,ASO,ES,Federal Contract Tower,0,0,20,0,20,0,0,37,0,37,0,0,57,0,57,40,0,40,97
09/15/2017,TIX,FL,ASO,ES,Federal Contract Tower,0,0,9,0,9,0,0,36,0,36,0,0,45,0,45,58,0,58,103
09/16/2017,TIX,FL,ASO,ES,Federal Contract Tower,0,0,7,0,7,0,0,68,0,68,0,0,75,0,75,86,0,86,161
09/17/2017,TIX,FL,ASO,ES,Federal Contract Tower,0,0,17,0,17,0,0,55,0,55,0,0,72,0,72,176,0,176,248
09/18/2017,TIX,FL,ASO,ES,Federal Contract Tower,0,2,14,0,16,0,0,60,0,60,0,2,74,0,76,164,0,164,240
09/19/2017,TIX,FL,ASO,ES,Federal Contract Tower,0,0,20,0,20,0,0,64,0,64,0,0,84,0,84,138,0,138,222
09/20/2017,TIX,FL,ASO,ES,Federal Contract Tower,0,0,25,0,25,0,0,77,0,77,0,0,102,0,102,154,0,154,256
09/21/2017,TIX,FL,ASO,ES,Federal Contract Tower,0,2,9,1,12,0,0,72,1,73,0,2,81,2,85,106,0,106,191
09/22/2017,TIX,FL,ASO,ES,Federal Contract Tower,0,3,7,0,10,0,0,53,0,53,0,3,60,0,63,128,0,128,191
09/23/2017,TIX,FL,ASO,ES,Federal Contract Tower,0,0,7,0,7,0,0,41,0,41,0,0,48,0,48,40,0,40,88
09/24/2017,TIX,FL,ASO,ES,Federal Contract Tower,0,0,8,0,8,0,0,73,0,73,0,0,81,0,81,128,0,128,209
09/25/2017,TIX,FL,ASO,ES,Federal Contract Tower,0,0,38,0,38,0,0,102,0,102,0,0,140,0,140,258,0,258,398
09/26/2017,TIX,FL,ASO,ES,Federal Contract Tower,0,1,18,0,19,0,1,67,0,68,0,2,85,0,87,146,0,146,233
09/27/2017,TIX,FL,ASO,ES,Federal Contract Tower,0,0,17,0,17,0,0,124,0,124,0,0,141,0,141,142,0,142,283
09/28/2017,TIX,FL,ASO,ES,Federal Contract Tower,0,0,6,0,6,0,0,78,0,78,0,0,84,0,84,106,0,106,190
09/29/2017,TIX,FL,ASO,ES,Federal Contract Tower,0,0,25,0,25,0,0,37,0,37,0,0,62,0,62,43,0,43,105
09/30/2017,TIX,FL,ASO,ES,Federal Contract Tower,0,0,7,0,7,0,0,13,0,13,0,0,20,0,20,16,0,16,36
10/01/2017,TIX,FL,ASO,ES,Federal Contract Tower,0,0,0,0,0,0,0,31,0,31,0,0,31,0,31,66,0,66,97
10/02/2017,TIX,FL,ASO,ES,Federal Contract Tower,0,1,27,0,28,0,0,63,0,63,0,1,90,0,91,206,0,206,297
10/03/2017,TIX,FL,ASO,ES,Federal Contract Tower,0,0,19,0,19,0,1,16,0,17,0,1,35,0,36,70,2,72,108
10/04/2017,TIX,FL,ASO,ES,Federal Contract Tower,0,0,13,0,13,0,0,17,0,17,0,0,30,0,30,1,1,2,32
10/05/2017,TIX,FL,ASO,ES,Federal Contract Tower,0,0,2,0,2,0,0,0,0,0,0,0,2,0,2,34,0,34,36
10/06/2017,TIX,FL,ASO,ES,Federal Contract Tower,1,6,9,1,17,0,0,55,0,55,1,6,64,1,72,104,0,104,176
10/07/2017,TIX,FL,ASO,ES,Federal Contract Tower,0,2,3,0,5,0,0,51,0,51,0,2,54,0,56,58,0,58,114
10/08/2017,TIX,FL,ASO,ES,Federal Contract Tower,0,0,22,0,22,0,0,57,0,57,0,0,79,0,79,214,0,214,293
10/09/2017,TIX,FL,ASO,ES,Federal Contract Tower,0,2,28,0,30,0,0,82,0,82,0,2,110,0,112,254,0,254,366
10/10/2017,TIX,FL,ASO,ES,Federal Contract Tower,0,1,23,0,24,0,0,86,0,86,0,1,109,0,110,250,0,250,360
10/11/2017,TIX,FL,ASO,ES,Federal Contract Tower,0,0,27,0,27,0,0,95,0,95,0,0,122,0,122,270,0,270,392
10/12/2017,TIX,FL,ASO,ES,Federal Contract Tower,0,0,28,0,28,0,0,90,0,90,0,0,118,0,118,270,0,270,388
10/13/2017,TIX,FL,ASO,ES,Federal Contract Tower,0,0,5,0,5,0,0,46,0,46,0,0,51,0,51,94,0,94,145
10/14/2017,TIX,FL,ASO,ES,Federal Contract Tower,0,0,10,0,10,0,0,75,0,75,0,0,85,0,85,70,0,70,155
10/15/2017,TIX,FL,ASO,ES,Federal Contract Tower,0,0,6,0,6,0,0,36,0,36,0,0,42,0,42,86,0,86,128
10/16/2017,TIX,FL,ASO,ES,Federal Contract Tower,0,0,19,0,19,0,0,90,0,90,0,0,109,0,109,202,0,202,311
10/17/2017,TIX,FL,ASO,ES,Federal Contract Tower,0,0,31,0,31,0,0,40,0,40,0,0,71,0,71,102,0,102,173
10/18/2017,TIX,FL,ASO,ES,Federal Contract Tower,0,3,24,0,27,0,0,34,0,34,0,3,58,0,61,88,0,88,149
10/19/2017,TIX,FL,ASO,ES,Federal Contract Tower,0,0,21,0,21,0,0,57,0,57,0,0,78,0,78,146,0,146,224
10/20/2017,TIX,FL,ASO,ES,Federal Contract Tower,0,0,33,0,33,0,0,48,0,48,0,0,81,0,81,120,0,120,201
10/21/2017,TIX,FL,ASO,ES,Federal Contract Tower,0,0,9,0,9,0,0,45,0,45,0,0,54,0,54,128,0,128,182
10/22/2017,TIX,FL,ASO,ES,Federal Contract Tower,0,0,19,0,19,0,0,70,0,70,0,0,89,0,89,214,0,214,303
10/23/2017,TIX,FL,ASO,ES,Federal Contract Tower,0,1,33,0,34,0,0,90,0,90,0,1,123,0,124,268,0,268,392
10/24/2017,TIX,FL,ASO,ES,Federal Contract Tower,0,0,29,0,29,0,0,34,0,34,0,0,63,0,63,102,0,102,165
10/25/2017,TIX,FL,ASO,ES,Federal Contract Tower,0,2,19,0,21,0,0,67,0,67,0,2,86,0,88,180,0,180,268
10/26/2017,TIX,FL,ASO,ES,Federal Contract Tower,0,0,9,0,9,0,0,100,0,100,0,0,109,0,109,188,0,188,297
10/27/2017,TIX,FL,ASO,ES,Federal Contract Tower,0,1,20,0,21,0,0,70,0,70,0,1,90,0,91,138,0,138,229
10/28/2017,TIX,FL,ASO,ES,Federal Contract Tower,0,0,15,0,15,0,0,56,0,56,0,0,71,0,71,58,0,58,129
10/29/2017,TIX,FL,ASO,ES,Federal Contract Tower,0,0,18,0,18,0,0,26,0,26,0,0,44,0,44,58,0,58,102
10/30/2017,TIX,FL,ASO,ES,Federal Contract Tower,0,0,21,0,21,0,0,97,0,97,0,0,118,0,118,130,0,130,248
10/31/2017,TIX,FL,ASO,ES,Federal Contract Tower,0,0,30,0,30,0,0,87,0,87,0,0,117,0,117,158,0,158,275
11/01/2017,TIX,FL,ASO,ES,Federal Contract Tower,0,0,28,0,28,0,0,77,0,77,0,0,105,0,105,138,0,138,243
11/02/2017,TIX,FL,ASO,ES,Federal Contract Tower,0,0,19,0,19,0,0,79,0,79,0,0,98,0,98,202,0,202,300
11/03/2017,TIX,FL,ASO,ES,Federal Contract Tower,0,0,14,0,14,0,0,76,0,76,0,0,90,0,90,70,0,70,160
11/04/2017,TIX,FL,ASO,ES,Federal Contract Tower,0,0,16,0,16,0,0,56,0,56,0,0,72,0,72,102,0,102,174
11/05/2017,TIX,FL,ASO,ES,Federal Contract Tower,0,0,16,0,16,0,0,62,0,62,0,0,78,0,78,92,0,92,170
11/06/2017,TIX,FL,ASO,ES,Federal Contract Tower,0,0,35,0,35,0,0,84,0,84,0,0,119,0,119,268,0,268,387
11/07/2017,TIX,FL,ASO,ES,Federal Contract Tower,0,0,16,0,16,0,0,75,0,75,0,0,91,0,91,140,0,140,231
11/08/2017,TIX,FL,ASO,ES,Federal Contract Tower,0,0,15,0,15,0,0,78,0,78,0,0,93,0,93,188,0,188,281
11/09/2017,TIX,FL,ASO,ES,Federal Contract Tower,0,0,22,0,22,0,0,58,0,58,0,0,80,0,80,112,0,112,192
11/10/2017,TIX,FL,ASO,ES,Federal Contract Tower,0,4,17,0,21,0,0,44,0,44,0,4,61,0,65,88,0,88,153
11/11/2017,TIX,FL,ASO,ES,Federal Contract Tower,0,0,16,0,16,0,0,22,0,22,0,0,38,0,38,24,0,24,62
11/12/2017,TIX,FL,ASO,ES,Federal Contract Tower,0,0,12,0,12,0,0,35,0,35,0,0,47,0,47,46,0,46,93
11/13/2017,TIX,FL,ASO,ES,Federal Contract Tower,0,1,27,0,28,0,0,92,0,92,0,1,119,0,120,190,0,190,310
11/14/2017,TIX,FL,ASO,ES,Federal Contract Tower,0,0,20,0,20,0,0,46,0,46,0,0,66,0,66,172,0,172,238
11/15/2017,TIX,FL,ASO,ES,Federal Contract Tower,0,1,13,0,14,0,0,56,0,56,0,1,69,0,70,126,0,126,196
11/16/2017,TIX,FL,ASO,ES,Federal Contract Tower,0,2,27,0,29,0,0,79,0,79,0,2,106,0,108,148,0,148,256
11/17/2017,TIX,FL,ASO,ES,Federal Contract Tower,0,1,29,0,30,0,0,95,0,95,0,1,124,0,125,144,0,144,269
11/18/2017,TIX,FL,ASO,ES,Federal Contract Tower,0,0,16,0,16,0,0,62,0,62,0,0,78,0,78,54,0,54,132
11/19/2017,TIX,FL,ASO,ES,Federal Contract Tower,0,0,21,0,21,0,0,47,0,47,0,0,68,0,68,82,0,82,150
11/20/2017,TIX,FL,ASO,ES,Federal Contract Tower,0,1,52,0,53,0,0,102,0,102,0,1,154,0,155,238,0,238,393
11/21/2017,TIX,FL,ASO,ES,Federal Contract Tower,0,2,17,2,21,0,3,21,2,26,0,5,38,4,47,62,0,62,109
11/22/2017,TIX,FL,ASO,ES,Federal Contract Tower,0,0,19,0,19,0,0,65,0,65,0,0,84,0,84,134,0,134,218
11/23/2017,TIX,FL,ASO,ES,Federal Contract Tower,0,0,0,0,0,0,0,5,0,5,0,0,5,0,5,8,0,8,13
11/24/2017,TIX,FL,ASO,ES,Federal Contract Tower,0,0,10,0,10,0,0,0,0,0,0,0,10,0,10,0,0,0,10
11/25/2017,TIX,FL,ASO,ES,Federal Contract Tower,0,0,13,0,13,0,0,60,0,60,0,0,73,0,73,65,0,65,138
11/26/2017,TIX,FL,ASO,ES,Federal Contract Tower,0,0,15,0,15,0,0,72,0,72,0,0,87,0,87,114,0,114,201
11/27/2017,TIX,FL,ASO,ES,Federal Contract Tower,0,0,9,0,9,0,0,103,0,103,0,0,112,0,112,274,0,274,386
11/28/2017,TIX,FL,ASO,ES,Federal Contract Tower,0,0,31,1,32,0,0,82,0,82,0,0,113,1,114,170,0,170,284
11/29/2017,TIX,FL,ASO,ES,Federal Contract Tower,0,3,27,0,30,0,0,68,0,68,0,3,95,0,98,14,0,14,112
11/30/2017,TIX,FL,ASO,ES,Federal Contract Tower,0,0,26,0,26,0,0,79,0,79,0,0,105,0,105,164,0,164,269
12/01/2017,TIX,FL,ASO,ES,Federal Contract Tower,0,2,43,2,47,0,0,113,0,113,0,2,156,2,160,272,0,272,432
12/02/2017,TIX,FL,ASO,ES,Federal Contract Tower,0,0,10,2,12,0,0,63,0,63,0,0,73,2,75,102,0,102,177
12/03/2017,TIX,FL,ASO,ES,Federal Contract Tower,0,6,18,0,24,0,0,96,0,96,0,6,114,0,120,266,0,266,386
12/04/2017,TIX,FL,ASO,ES,Federal Contract Tower,0,5,20,0,25,0,0,99,0,99,0,5,119,0,124,260,0,260,384
12/05/2017,TIX,FL,ASO,ES,Federal Contract Tower,0,0,42,0,42,0,0,71,0,71,0,0,113,0,113,160,0,160,273
12/06/2017,TIX,FL,ASO,ES,Federal Contract Tower,0,0,15,0,15,0,0,56,0,56,0,0,71,0,71,148,0,148,219
12/07/2017,TIX,FL,ASO,ES,Federal Contract Tower,0,0,9,0,9,0,0,15,0,15,0,0,24,0,24,48,0,48,72
12/08/2017,TIX,FL,ASO,ES,Federal Contract Tower,0,0,9,0,9,0,0,9,0,9,0,0,18,0,18,18,0,18,36
12/09/2017,TIX,FL,ASO,ES,Federal Contract Tower,0,0,7,0,7,0,0,1,0,1,0,0,8,0,8,20,0,20,28
12/10/2017,TIX,FL,ASO,ES,Federal Contract Tower,0,0,19,0,19,0,0,40,0,40,0,0,59,0,59,32,0,32,91
12/11/2017,TIX,FL,ASO,ES,Federal Contract Tower,0,0,47,0,47,0,0,101,0,101,0,0,148,0,148,210,0,210,358
12/12/2017,TIX,FL,ASO,ES,Federal Contract Tower,0,3,38,0,41,0,0,84,2,86,0,3,122,2,127,164,0,164,291
12/13/2017,TIX,FL,ASO,ES,Federal Contract Tower,0,6,22,0,28,0,0,54,0,54,0,6,76,0,82,134,0,134,216
12/14/2017,TIX,FL,ASO,ES,Federal Contract Tower,0,0,28,0,28,0,0,72,0,72,0,0,100,0,100,150,0,150,250
12/15/2017,TIX,FL,ASO,ES,Federal Contract Tower,0,1,15,0,16,0,0,81,0,81,0,1,96,0,97,168,0,168,265
12/16/2017,TIX,FL,ASO,ES,Federal Contract Tower,0,0,12,0,12,0,0,101,0,101,0,0,113,0,113,182,0,182,295
12/17/2017,TIX,FL,ASO,ES,Federal Contract Tower,0,0,13,0,13,0,0,64,0,64,0,0,77,0,77,128,0,128,205
12/18/2017,TIX,FL,ASO,ES,Federal Contract Tower,0,3,60,0,63,0,0,117,0,117,0,3,177,0,180,284,0,284,464
12/19/2017,TIX,FL,ASO,ES,Federal Contract Tower,0,1,64,0,65,0,0,100,0,100,0,1,164,0,165,320,0,320,485
12/20/2017,TIX,FL,ASO,ES,Federal Contract Tower,0,0,12,0,12,0,0,84,0,84,0,0,96,0,96,78,0,78,174
12/21/2017,TIX,FL,ASO,ES,Federal Contract Tower,0,0,14,0,14,0,0,77,0,77,0,0,91,0,91,48,0,48,139
12/22/2017,TIX,FL,ASO,ES,Federal Contract Tower,0,0,35,0,35,0,0,60,0,60,0,0,95,0,95,42,0,42,137
12/23/2017,TIX,FL,ASO,ES,Federal Contract Tower,0,2,5,0,7,0,0,68,0,68,0,2,73,0,75,52,0,52,127
12/24/2017,TIX,FL,ASO,ES,Federal Contract Tower,0,2,9,0,11,0,0,29,0,29,0,2,38,0,40,36,0,36,76
12/25/2017,TIX,FL,ASO,ES,Federal Contract Tower,0,0,1,0,1,0,0,6,0,6,0,0,7,0,7,18,0,18,25
12/26/2017,TIX,FL,ASO,ES,Federal Contract Tower,0,0,13,0,13,0,0,87,0,87,0,0,100,0,100,148,0,148,248
12/27/2017,TIX,FL,ASO,ES,Federal Contract Tower,0,0,40,0,40,0,0,66,0,66,0,0,106,0,106,86,0,86,192
12/28/2017,TIX,FL,ASO,ES,Federal Contract Tower,0,0,24,0,24,0,0,35,0,35,0,0,59,0,59,50,0,50,109
12/29/2017,TIX,FL,ASO,ES,Federal Contract Tower,0,4,11,0,15,0,0,0,0,0,0,4,11,0,15,0,0,0,15
12/30/2017,TIX,FL,ASO,ES,Federal Contract Tower,0,2,8,0,10,0,0,39,0,39,0,2,47,0,49,78,0,78,127
12/31/2017,TIX,FL,ASO,ES,Federal Contract Tower,0,2,8,0,10,0,0,45,0,45,0,2,53,0,55,134,0,134,189
01/01/2018,TIX,FL,ASO,ES,Federal Contract Tower,0,1,1,0,2,0,0,0,0,0,0,1,1,0,2,0,0,0,2
01/02/2018,TIX,FL,ASO,ES,Federal Contract Tower,0,0,27,0,27,0,0,15,0,15,0,0,42,0,42,44,0,44,86
01/03/2018,TIX,FL,ASO,ES,Federal Contract Tower,0,0,3,0,3,0,0,0,0,0,0,0,3,0,3,0,0,0,3
01/04/2018,TIX,FL,ASO,ES,Federal Contract Tower,0,1,12,0,13,0,0,46,0,46,0,1,58,0,59,88,0,88,147
01/05/2018,TIX,FL,ASO,ES,Federal Contract Tower,0,5,14,0,19,0,0,48,0,48,0,5,62,0,67,94,0,94,161
01/06/2018,TIX,FL,ASO,ES,Federal Contract Tower,0,1,18,0,19,0,0,39,0,39,0,1,57,0,58,40,0,40,98
01/07/2018,TIX,FL,ASO,ES,Federal Contract Tower,0,4,6,0,10,0,0,45,0,45,0,4,51,0,55,60,0,60,115
01/08/2018,TIX,FL,ASO,ES,Federal Contract Tower,0,8,33,0,41,0,0,70,0,70,0,8,103,0,111,210,0,210,321
01/09/2018,TIX,FL,ASO,ES,Federal Contract Tower,0,0,31,0,31,0,0,76,1,77,0,0,107,1,108,238,6,244,352
01/10/2018,TIX,FL,ASO,ES,Federal Contract Tower,0,1,36,0,37,0,0,45,2,47,0,1,81,2,84,132,0,132,216
01/11/2018,TIX,FL,ASO,ES,Federal Contract Tower,0,0,10,0,10,0,0,40,0,40,0,0,50,0,50,67,0,67,117
01/12/2018,TIX,FL,ASO,ES,Federal Contract Tower,0,4,11,0,15,0,0,14,0,14,0,4,25,0,29,2,0,2,31
01/13/2018,TIX,FL,ASO,ES,Federal Contract Tower,0,2,20,0,22,0,0,59,0,59,0,2,79,0,81,90,0,90,171
01/14/2018,TIX,FL,ASO,ES,Federal Contract Tower,0,0,27,0,27,0,0,58,0,58,0,0,85,0,85,110,0,110,195
01/15/2018,TIX,FL,ASO,ES,Federal Contract Tower,0,1,57,0,58,0,0,73,0,73,0,1,130,0,131,202,0,202,333
01/16/2018,TIX,FL,ASO,ES,Federal Contract Tower,0,2,64,0,66,0,0,101,0,101,0,2,165,0,167,254,0,254,421
01/17/2018,TIX,FL,ASO,ES,Federal Contract Tower,0,0,31,0,31,0,0,93,0,93,0,0,124,0,124,166,0,166,290
01/18/2018,TIX,FL,ASO,ES,Federal Contract Tower,0,0,48,0,48,0,0,49,0,49,0,0,97,0,97,128,0,128,225
01/19/2018,TIX,FL,ASO,ES,Federal Contract Tower,0,1,43,2,46,0,0,91,0,91,0,1,134,2,137,130,0,130,267
01/20/2018,TIX,FL,ASO,ES,Federal Contract Tower,0,0,22,0,22,0,0,90,0,90,0,0,112,0,112,132,0,132,244
01/21/2018,TIX,FL,ASO,ES,Federal Contract Tower,0,0,15,0,15,0,0,49,0,49,0,0,64,0,64,108,0,108,172
01/22/2018,TIX,FL,ASO,ES,Federal Contract Tower,0,3,43,0,46,0,0,87,0,87,0,3,130,0,133,244,0,244,377
01/23/2018,TIX,FL,ASO,ES,Federal Contract Tower,0,0,35,0,35,0,0,80,0,80,0,0,115,0,115,254,0,254,369
01/24/2018,TIX,FL,ASO,ES,Federal Contract Tower,0,0,48,0,48,0,0,83,0,83,0,0,131,0,131,142,0,142,273
01/25/2018,TIX,FL,ASO,ES,Federal Contract Tower,0,0,29,0,29,0,0,67,0,67,0,0,96,0,96,88,0,88,184
01/26/2018,TIX,FL,ASO,ES,Federal Contract Tower,0,3,23,0,26,0,0,133,0,133,0,3,156,0,159,62,0,62,221
01/27/2018,TIX,FL,ASO,ES,Federal Contract Tower,0,0,17,0,17,0,0,60,0,60,0,0,77,0,77,90,0,90,167
01/28/2018,TIX,FL,ASO,ES,Federal Contract Tower,0,0,43,0,43,0,0,93,0,93,0,0,136,0,136,78,0,78,214
01/29/2018,TIX,FL,ASO,ES,Federal Contract Tower,0,1,37,0,38,0,0,50,0,50,0,1,87,0,88,152,0,152,240
01/30/2018,TIX,FL,ASO,ES,Federal Contract Tower,0,0,50,0,50,0,0,89,0,89,0,0,139,0,139,198,0,198,337
01/31/2018,TIX,FL,ASO,ES,Federal Contract Tower,0,0,58,0,58,0,0,106,0,106,0,0,164,0,164,188,14,202,366
02/01/2018,TIX,FL,ASO,ES,Federal Contract Tower,0,0,33,0,33,0,0,76,0,76,0,0,109,0,109,142,0,142,251
02/02/2018,TIX,FL,ASO,ES,Federal Contract Tower,0,0,31,0,31,0,0,74,0,74,0,0,105,0,105,104,0,104,209
02/03/2018,TIX,FL,ASO,ES,Federal Contract Tower,0,0,22,0,22,0,0,68,0,68,0,0,90,0,90,68,0,68,158
02/04/2018,TIX,FL,ASO,ES,Federal Contract Tower,0,0,13,0,13,0,0,36,0,36,0,0,49,0,49,78,0,78,127
02/05/2018,TIX,FL,ASO,ES,Federal Contract Tower,0,0,69,0,69,0,0,68,0,68,0,0,137,0,137,188,0,188,325
02/06/2018,TIX,FL,ASO,ES,Federal Contract Tower,0,4,91,0,95,0,0,135,0,135,0,4,226,0,230,210,0,210,440
02/07/2018,TIX,FL,ASO,ES,Federal Contract Tower,0,1,30,0,31,0,0,94,0,94,0,1,124,0,125,144,0,144,269
02/08/2018,TIX,FL,ASO,ES,Federal Contract Tower,0,2,32,0,34,0,0,48,0,48,0,2,80,0,82,126,0,126,208
02/09/2018,TIX,FL,ASO,ES,Federal Contract Tower,0,5,20,0,25,0,0,58,0,58,0,5,78,0,83,92,0,92,175
02/10/2018,TIX,FL,ASO,ES,Federal Contract Tower,0,0,33,1,34,0,0,91,0,91,0,0,124,1,125,56,0,56,181
02/11/2018,TIX,FL,ASO,ES,Federal Contract Tower,0,0,7,0,7,0,0,49,0,49,0,0,56,0,56,60,0,60,116
02/12/2018,TIX,FL,ASO,ES,Federal Contract Tower,0,2,46,0,48,0,0,95,0,95,0,2,141,0,143,218,0,218,361
02/13/2018,TIX,FL,ASO,ES,Federal Contract Tower,0,0,48,0,48,0,0,71,0,71,0,0,119,0,119,186,0,186,305
02/14/2018,TIX,FL,ASO,ES,Federal Contract Tower,0,2,21,0,23,0,0,14,0,14,0,2,35,0,37,12,0,12,49
02/15/2018,TIX,FL,ASO,ES,Federal Contract Tower,0,2,19,0,21,0,0,56,0,56,0,2,75,0,77,48,30,78,155
02/16/2018,TIX,FL,ASO,ES,Federal Contract Tower,0,4,24,0,28,0,0,71,0,71,0,4,95,0,99,104,0,104,203
02/17/2018,TIX,FL,ASO,ES,Federal Contract Tower,0,1,23,0,24,0,0,57,0,57,0,1,80,0,81,92,0,92,173
02/18/2018,TIX,FL,ASO,ES,Federal Contract Tower,0,0,26,0,26,0,0,61,0,61,0,0,87,0,87,114,0,114,201
02/19/2018,TIX,FL,ASO,ES,Federal Contract Tower,0,0,41,2,43,0,0,66,1,67,0,0,107,3,110,200,10,210,320
02/20/2018,TIX,FL,ASO,ES,Federal Contract Tower,0,5,58,0,63,0,0,92,0,92,0,5,150,0,155,176,0,176,331
02/21/2018,TIX,FL,ASO,ES,Federal Contract Tower,0,9,29,0,38,0,1,73,0,74,0,10,102,0,112,104,0,104,216
02/22/2018,TIX,FL,ASO,ES,Federal Contract Tower,0,0,21,0,21,0,0,73,0,73,0,0,94,0,94,126,0,126,220
02/23/2018,TIX,FL,ASO,ES,Federal Contract Tower,0,19,14,1,34,0,0,61,0,61,0,19,75,1,95,70,0,70,165
02/24/2018,TIX,FL,ASO,ES,Federal Contract Tower,0,4,28,0,32,0,0,86,0,86,0,4,114,0,118,120,0,120,238
02/25/2018,TIX,FL,ASO,ES,Federal Contract Tower,0,15,21,0,36,0,0,47,0,47,0,15,68,0,83,100,0,100,183
02/26/2018,TIX,FL,ASO,ES,Federal Contract Tower,0,3,30,0,33,0,0,87,0,87,0,3,117,0,120,214,0,214,334
02/27/2018,TIX,FL,ASO,ES,Federal Contract Tower,0,0,70,0,70,0,0,83,0,83,0,0,153,0,153,240,0,240,393
02/28/2018,TIX,FL,ASO,ES,Federal Contract Tower,0,3,35,0,38,0,0,102,0,102,0,3,137,0,140,152,0,152,292
03/01/2018,TIX,FL,ASO,ES,Federal Contract Tower,0,2,34,0,36,0,0,94,0,94,0,2,128,0,130,164,0,164,294
03/02/2018,TIX,FL,ASO,ES,Federal Contract Tower,0,1,42,1,44,0,0,85,0,85,0,1,127,1,129,147,0,147,276
03/03/2018,TIX,FL,ASO,ES,Federal Contract Tower,0,3,33,1,37,0,0,60,0,60,0,3,93,1,97,104,0,104,201
03/04/2018,TIX,FL,ASO,ES,Federal Contract Tower,0,0,30,0,30,0,0,60,0,60,0,0,90,0,90,106,0,106,196
03/05/2018,TIX,FL,ASO,ES,Federal Contract Tower,0,3,66,0,69,0,0,88,0,88,0,3,154,0,157,202,0,202,359
03/06/2018,TIX,FL,ASO,ES,Federal Contract Tower,0,0,23,0,23,0,0,81,2,83,0,0,104,2,106,170,0,170,276
03/07/2018,TIX,FL,ASO,ES,Federal Contract Tower,0,0,25,0,25,0,0,69,0,69,0,0,94,0,94,110,0,110,204
03/08/2018,TIX,FL,ASO,ES,Federal Contract Tower,0,1,37,0,38,0,0,94,0,94,0,1,131,0,132,142,0,142,274
03/09/2018,TIX,FL,ASO,ES,Federal Contract Tower,0,5,35,0,40,0,0,114,0,114,0,5,149,0,154,136,0,136,290
03/10/2018,TIX,FL,ASO,ES,Federal Contract Tower,0,8,21,0,29,0,0,145,0,145,0,8,166,0,174,120,0,120,294
03/11/2018,TIX,FL,ASO,ES,Federal Contract Tower,0,0,10,0,10,0,0,57,0,57,0,0,67,0,67,104,0,104,171
03/12/2018,TIX,FL,ASO,ES,Federal Contract Tower,0,1,45,0,46,0,0,73,0,73,0,1,118,0,119,194,0,194,313
03/13/2018,TIX,FL,ASO,ES,Federal Contract Tower,0,0,52,0,52,0,0,112,0,112,0,0,164,0,164,150,0,150,314
03/14/2018,TIX,FL,ASO,ES,Federal Contract Tower,0,0,66,0,66,0,0,102,0,102,0,0,168,0,168,198,0,198,366
03/15/2018,TIX,FL,ASO,ES,Federal Contract Tower,0,0,29,0,29,0,0,95,0,95,0,0,124,0,124,180,0,180,304
03/16/2018,TIX,FL,ASO,ES,Federal Contract Tower,0,1,53,0,54,0,0,134,0,134,0,1,187,0,188,224,0,224,412
03/17/2018,TIX,FL,ASO,ES,Federal Contract Tower,0,4,14,0,18,0,0,90,0,90,0,4,104,0,108,126,0,126,234
03/18/2018,TIX,FL,ASO,ES,Federal Contract Tower,0,0,31,0,31,0,0,95,0,95,0,0,126,0,126,206,0,206,332
03/19/2018,TIX,FL,ASO,ES,Federal Contract Tower,0,0,30,0,30,0,0,72,0,72,0,0,102,0,102,176,0,176,278
03/20/2018,TIX,FL,ASO,ES,Federal Contract Tower,0,3,13,0,16,0,0,22,0,22,0,3,35,0,38,40,0,40,78
03/21/2018,TIX,FL,ASO,ES,Federal Contract Tower,0,0,35,0,35,0,0,68,0,68,0,0,103,0,103,68,0,68,171
03/22/2018,TIX,FL,ASO,ES,Federal Contract Tower,0,0,59,0,59,0,0,95,0,95,0,0,154,0,154,144,0,144,298
03/23/2018,TIX,FL,ASO,ES,Federal Contract Tower,0,4,48,0,52,0,0,81,1,82,0,4,129,1,134,184,0,184,318
03/24/2018,TIX,FL,ASO,ES,Federal Contract Tower,0,1,25,0,26,0,0,62,0,62,0,1,87,0,88,52,0,52,140
03/25/2018,TIX,FL,ASO,ES,Federal Contract Tower,0,1,30,0,31,0,0,65,1,66,0,1,95,1,97,168,0,168,265
03/26/2018,TIX,FL,ASO,ES,Federal Contract Tower,0,5,25,0,30,0,0,73,0,73,0,5,98,0,103,146,0,146,249
03/27/2018,TIX,FL,ASO,ES,Federal Contract Tower,0,2,55,0,57,0,0,87,0,87,0,2,142,0,144,168,0,168,312
03/28/2018,TIX,FL,ASO,ES,Federal Contract Tower,0,0,27,0,27,0,0,83,2,85,0,0,110,2,112,112,0,112,224
03/29/2018,TIX,FL,ASO,ES,Federal Contract Tower,0,4,36,0,40,0,0,66,0,66,0,4,102,0,106,154,0,154,260
03/30/2018,TIX,FL,ASO,ES,Federal Contract Tower,0,7,17,0,24,0,0,76,0,76,0,7,93,0,100,98,0,98,198
03/31/2018,TIX,FL,ASO,ES,Federal Contract Tower,0,4,28,0,32,0,0,38,0,38,0,4,66,0,70,66,0,66,136
04/01/2018,TIX,FL,ASO,ES,Federal Contract Tower,0,3,13,0,16,0,0,15,0,15,0,3,28,0,31,38,0,38,69
04/02/2018,TIX,FL,ASO,ES,Federal Contract Tower,0,0,33,0,33,0,0,74,0,74,0,0,107,0,107,186,0,186,293
04/03/2018,TIX,FL,ASO,ES,Federal Contract Tower,0,0,21,1,22,0,0,72,0,72,0,0,93,1,94,202,0,202,296
04/04/2018,TIX,FL,ASO,ES,Federal Contract Tower,0,1,40,0,41,0,0,78,0,78,0,1,118,0,119,136,0,136,255
04/05/2018,TIX,FL,ASO,ES,Federal Contract Tower,0,2,29,0,31,0,0,87,0,87,0,2,116,0,118,194,0,194,312
04/06/2018,TIX,FL,ASO,ES,Federal Contract Tower,0,4,24,0,28,0,0,63,0,63,0,4,87,0,91,118,0,118,209
04/07/2018,TIX,FL,ASO,ES,Federal Contract Tower,0,2,10,0,12,0,0,27,0,27,0,2,37,0,39,108,0,108,147
04/08/2018,TIX,FL,ASO,ES,Federal Contract Tower,0,0,9,4,13,0,0,37,0,37,0,0,46,4,50,84,0,84,134
04/09/2018,TIX,FL,ASO,ES,Federal Contract Tower,0,0,48,6,54,0,0,89,0,89,0,0,137,6,143,166,0,166,309
04/10/2018,TIX,FL,ASO,ES,Federal Contract Tower,0,0,35,0,35,0,0,35,0,35,0,0,70,0,70,84,0,84,154
04/11/2018,TIX,FL,ASO,ES,Federal Contract Tower,0,0,78,1,79,0,0,116,0,116,0,0,194,1,195,180,0,180,375
04/12/2018,TIX,FL,ASO,ES,Federal Contract Tower,0,5,55,0,60,0,0,128,0,128,0,5,183,0,188,152,0,152,340
04/13/2018,TIX,FL,ASO,ES,Federal Contract Tower,0,1,25,0,26,0,0,122,0,122,0,1,147,0,148,116,0,116,264
04/14/2018,TIX,FL,ASO,ES,Federal Contract Tower,0,0,41,0,41,0,0,88,0,88,0,0,129,0,129,118,0,118,247
04/15/2018,TIX,FL,ASO,ES,Federal Contract Tower,0,1,11,0,12,0,0,16,0,16,0,1,27,0,28,24,0,24,52
04/16/2018,TIX,FL,ASO,ES,Federal Contract Tower,0,11,73,0,84,0,0,86,0,86,0,11,159,0,170,160,0,160,330
04/17/2018,TIX,FL,ASO,ES,Federal Contract Tower,0,0,63,0,63,0,0,101,0,101,0,0,164,0,164,102,0,102,266
04/18/2018,TIX,FL,ASO,ES,Federal Contract Tower,0,0,57,0,57,0,0,128,0,128,0,0,185,0,185,200,0,200,385
04/19/2018,TIX,FL,ASO,ES,Federal Contract Tower,0,0,38,0,38,0,0,134,0,134,0,0,172,0,172,178,0,178,350
04/20/2018,TIX,FL,ASO,ES,Federal Contract Tower,0,8,41,0,49,0,0,107,2,109,0,8,148,2,158,88,4,92,250
04/21/2018,TIX,FL,ASO,ES,Federal Contract Tower,0,0,13,0,13,0,0,15,0,15,0,0,28,0,28,46,0,46,74
04/22/2018,TIX,FL,ASO,ES,Federal Contract Tower,0,0,11,0,11,0,0,25,0,25,0,0,36,0,36,22,0,22,58
04/23/2018,TIX,FL,ASO,ES,Federal Contract Tower,0,3,0,35,38,0,0,63,0,63,0,3,63,35,101,140,0,140,241
04/24/2018,TIX,FL,ASO,ES,Federal Contract Tower,0,3,57,0,60,0,0,111,0,111,0,3,168,0,171,158,0,158,329
04/25/2018,TIX,FL,ASO,ES,Federal Contract Tower,0,0,46,0,46,0,0,114,0,114,0,0,160,0,160,160,0,160,320
04/26/2018,TIX,FL,ASO,ES,Federal Contract Tower,0,0,49,0,49,0,0,73,0,73,0,0,122,0,122,92,0,92,214
04/27/2018,TIX,FL,ASO,ES,Federal Contract Tower,0,0,41,0,41,0,0,78,0,78,0,0,119,0,119,196,0,196,315
04/28/2018,TIX,FL,ASO,ES,Federal Contract Tower,0,0,26,0,26,0,0,68,0,68,0,0,94,0,94,138,0,138,232
04/29/2018,TIX,FL,ASO,ES,Federal Contract Tower,0,0,38,0,38,0,0,63,0,63,0,0,101,0,101,214,0,214,315
04/30/2018,TIX,FL,ASO,ES,Federal Contract Tower,0,2,67,0,69,0,0,81,0,81,0,2,148,0,150,174,0,174,324
05/01/2018,TIX,FL,ASO,ES,Federal Contract Tower,0,0,59,0,59,0,0,90,0,90,0,0,149,0,149,188,0,188,337
05/02/2018,TIX,FL,ASO,ES,Federal Contract Tower,0,0,63,0,63,0,0,106,0,106,0,0,169,0,169,248,0,248,417
05/03/2018,TIX,FL,ASO,ES,Federal Contract Tower,0,1,52,0,53,0,0,96,0,96,0,1,148,0,149,190,0,190,339
05/04/2018,TIX,FL,ASO,ES,Federal Contract Tower,0,11,45,0,56,0,0,103,0,103,0,11,148,0,159,192,0,192,351
05/06/2018,TIX,FL,ASO,ES,Federal Contract Tower,0,2,14,0,16,0,0,29,0,29,0,2,43,0,45,42,0,42,87
05/07/2018,TIX,FL,ASO,ES,Federal Contract Tower,0,0,50,0,50,0,0,96,0,96,0,0,146,0,146,138,0,138,284
05/08/2018,TIX,FL,ASO,ES,Federal Contract Tower,0,0,57,0,57,0,0,72,0,72,0,0,129,0,129,114,0,114,243
05/09/2018,TIX,FL,ASO,ES,Federal Contract Tower,0,0,42,0,42,0,0,91,0,91,0,0,133,0,133,166,0,166,299
05/10/2018,TIX,FL,ASO,ES,Federal Contract Tower,0,3,40,0,43,0,0,86,0,86,0,3,126,0,129,186,0,186,315
05/11/2018,TIX,FL,ASO,ES,Federal Contract Tower,0,0,37,0,37,0,0,76,0,76,0,0,113,0,113,160,0,160,273
05/12/2018,TIX,FL,ASO,ES,Federal Contract Tower,0,0,44,0,44,0,0,87,0,87,0,0,131,0,131,228,0,228,359
05/13/2018,TIX,FL,ASO,ES,Federal Contract Tower,0,0,3,0,3,0,0,46,0,46,0,0,49,0,49,96,0,96,145
05/14/2018,TIX,FL,ASO,ES,Federal Contract Tower,0,0,18,0,18,0,0,18,0,18,0,0,36,0,36,78,0,78,114
05/15/2018,TIX,FL,ASO,ES,Federal Contract Tower,0,0,23,0,23,0,0,46,0,46,0,0,69,0,69,148,0,148,217
05/16/2018,TIX,FL,ASO,ES,Federal Contract Tower,0,0,21,0,21,0,0,42,0,42,0,0,63,0,63,104,0,104,167
05/17/2018,TIX,FL,ASO,ES,Federal Contract Tower,0,0,11,0,11,0,0,14,0,14,0,0,25,0,25,42,0,42,67
05/18/2018,TIX,FL,ASO,ES,Federal Contract Tower,0,0,18,0,18,0,0,69,0,69,0,0,87,0,87,124,0,124,211
05/19/2018,TIX,FL,ASO,ES,Federal Contract Tower,0,0,10,0,10,0,0,26,0,26,0,0,36,0,36,62,0,62,98
05/20/2018,TIX,FL,ASO,ES,Federal Contract Tower,0,0,6,0,6,0,0,15,0,15,0,0,21,0,21,44,0,44,65
05/21/2018,TIX,FL,ASO,ES,Federal Contract Tower,0,2,10,0,12,0,0,38,0,38,0,2,48,0,50,70,0,70,120
05/22/2018,TIX,FL,ASO,ES,Federal Contract Tower,0,0,41,0,41,0,0,71,0,71,0,0,112,0,112,208,0,208,320
05/23/2018,TIX,FL,ASO,ES,Federal Contract Tower,0,0,56,0,56,0,0,82,0,82,0,0,138,0,138,230,0,230,368
05/24/2018,TIX,FL,ASO,ES,Federal Contract Tower,0,0,61,0,61,0,0,53,0,53,0,0,114,0,114,182,0,182,296
05/25/2018,TIX,FL,ASO,ES,Federal Contract Tower,0,3,39,2,44,0,0,68,0,68,0,3,107,2,112,180,0,180,292
05/27/2018,TIX,FL,ASO,ES,Federal Contract Tower,0,0,2,0,2,0,0,2,0,2,0,0,4,0,4,6,0,6,10
05/28/2018,TIX,FL,ASO,ES,Federal Contract Tower,0,0,9,0,9,0,0,57,0,57,0,0,66,0,66,136,0,136,202
05/29/2018,TIX,FL,ASO,ES,Federal Contract Tower,0,0,15,0,15,0,0,56,0,56,0,0,71,0,71,102,0,102,173
05/30/2018,TIX,FL,ASO,ES,Federal Contract Tower,0,0,37,0,37,0,0,51,0,51,0,0,88,0,88,162,0,162,250
05/31/2018,TIX,FL,ASO,ES,Federal Contract Tower,0,0,43,0,43,0,0,68,0,68,0,0,111,0,111,160,0,160,271
06/01/2018,TIX,FL,ASO,ES,Federal Contract Tower,0,11,34,0,45,0,0,75,0,75,0,11,109,0,120,244,0,244,364
06/02/2018,TIX,FL,ASO,ES,Federal Contract Tower,0,2,29,0,31,0,0,65,0,65,0,2,94,0,96,154,0,154,250
06/03/2018,TIX,FL,ASO,ES,Federal Contract Tower,0,0,29,0,29,0,0,78,0,78,0,0,107,0,107,130,0,130,237
06/04/2018,TIX,FL,ASO,ES,Federal Contract Tower,0,0,55,0,55,0,0,102,0,102,0,0,157,0,157,170,0,170,327
06/05/2018,TIX,FL,ASO,ES,Federal Contract Tower,0,1,49,0,50,0,0,102,0,102,0,1,151,0,152,136,0,136,288
06/06/2018,TIX,FL,ASO,ES,Federal Contract Tower,0,3,33,0,36,0,0,63,0,63,0,3,96,0,99,134,0,134,233
06/07/2018,TIX,FL,ASO,ES,Federal Contract Tower,0,0,23,0,23,0,0,61,0,61,0,0,84,0,84,124,0,124,208
06/08/2018,TIX,FL,ASO,ES,Federal Contract Tower,0,0,29,0,29,0,0,118,0,118,0,0,147,0,147,180,0,180,327
06/09/2018,TIX,FL,ASO,ES,Federal Contract Tower,0,6,33,0,39,0,0,100,0,100,0,6,133,0,139,146,0,146,285
06/10/2018,TIX,FL,ASO,ES,Federal Contract Tower,0,0,36,0,36,0,0,83,0,83,0,0,119,0,119,152,0,152,271
06/11/2018,TIX,FL,ASO,ES,Federal Contract Tower,0,0,47,0,47,0,0,72,0,72,0,0,119,0,119,174,0,174,293
06/12/2018,TIX,FL,ASO,ES,Federal Contract Tower,0,2,47,0,49,0,0,89,0,89,0,2,136,0,138,160,0,160,298
06/13/2018,TIX,FL,ASO,ES,Federal Contract Tower,0,0,66,0,66,0,0,100,0,100,0,0,166,0,166,174,0,174,340
06/14/2018,TIX,FL,ASO,ES,Federal Contract Tower,0,0,68,0,68,0,0,107,0,107,0,0,175,0,175,200,0,200,375
06/15/2018,TIX,FL,ASO,ES,Federal Contract Tower,0,2,44,0,46,0,0,81,0,81,0,2,125,0,127,178,0,178,305
06/16/2018,TIX,FL,ASO,ES,Federal Contract Tower,0,3,24,0,27,0,0,45,0,45,0,3,69,0,72,130,0,130,202
06/17/2018,TIX,FL,ASO,ES,Federal Contract Tower,0,1,21,0,22,0,0,46,0,46,0,1,67,0,68,80,0,80,148
06/18/2018,TIX,FL,ASO,ES,Federal Contract Tower,0,0,41,0,41,0,0,86,0,86,0,0,127,0,127,198,0,198,325
06/19/2018,TIX,FL,ASO,ES,Federal Contract Tower,0,0,28,0,28,0,0,92,0,92,0,0,120,0,120,172,0,172,292
06/20/2018,TIX,FL,ASO,ES,Federal Contract Tower,0,5,22,0,27,0,0,68,0,68,0,5,90,0,95,262,0,262,357
06/21/2018,TIX,FL,ASO,ES,Federal Contract Tower,0,0,17,0,17,0,0,70,0,70,0,0,87,0,87,128,0,128,215
06/22/2018,TIX,FL,ASO,ES,Federal Contract Tower,0,0,23,0,23,0,0,65,0,65,0,0,88,0,88,162,0,162,250
06/23/2018,TIX,FL,ASO,ES,Federal Contract Tower,0,0,12,0,12,0,0,53,0,53,0,0,65,0,65,82,0,82,147
06/24/2018,TIX,FL,ASO,ES,Federal Contract Tower,0,0,30,0,30,0,0,75,0,75,0,0,105,0,105,108,0,108,213
06/25/2018,TIX,FL,ASO,ES,Federal Contract Tower,0,0,51,0,51,0,0,96,0,96,0,0,147,0,147,210,0,210,357
06/26/2018,TIX,FL,ASO,ES,Federal Contract Tower,0,0,39,0,39,0,0,79,0,79,0,0,118,0,118,150,0,150,268
06/27/2018,TIX,FL,ASO,ES,Federal Contract Tower,0,2,35,0,37,0,0,68,0,68,0,2,103,0,105,124,0,124,229
06/28/2018,TIX,FL,ASO,ES,Federal Contract Tower,0,0,41,0,41,0,0,66,0,66,0,0,107,0,107,104,0,104,211
06/29/2018,TIX,FL,ASO,ES,Federal Contract Tower,0,2,57,0,59,0,0,66,0,66,0,2,123,0,125,158,0,158,283
06/30/2018,TIX,FL,ASO,ES,Federal Contract Tower,0,0,24,0,24,0,0,40,0,40,0,0,64,0,64,118,0,118,182
07/01/2018,TIX,FL,ASO,ES,Federal Contract Tower,0,0,7,0,7,0,0,53,0,53,0,0,60,0,60,124,0,124,184
07/02/2018,TIX,FL,ASO,ES,Federal Contract Tower,0,0,44,0,44,0,0,85,0,85,0,0,129,0,129,182,0,182,311
07/03/2018,TIX,FL,ASO,ES,Federal Contract Tower,0,1,60,0,61,0,0,69,14,83,0,1,129,14,144,156,0,156,300
07/04/2018,TIX,FL,ASO,ES,Federal Contract Tower,0,0,13,0,13,0,0,34,0,34,0,0,47,0,47,64,0,64,111
07/05/2018,TIX,FL,ASO,ES,Federal Contract Tower,0,0,39,0,39,0,0,51,0,51,0,0,90,0,90,122,0,122,212
07/06/2018,TIX,FL,ASO,ES,Federal Contract Tower,0,0,24,0,24,0,0,35,0,35,0,0,59,0,59,50,0,50,109
07/07/2018,TIX,FL,ASO,ES,Federal Contract Tower,0,0,25,0,25,0,0,47,0,47,0,0,72,0,72,114,0,114,186
07/08/2018,TIX,FL,ASO,ES,Federal Contract Tower,0,0,19,0,19,0,0,73,0,73,0,0,92,0,92,122,0,122,214
07/09/2018,TIX,FL,ASO,ES,Federal Contract Tower,0,0,47,4,51,0,0,73,1,74,0,0,120,5,125,192,0,192,317
07/10/2018,TIX,FL,ASO,ES,Federal Contract Tower,0,0,34,0,34,0,0,88,0,88,0,0,122,0,122,170,0,170,292
07/11/2018,TIX,FL,ASO,ES,Federal Contract Tower,0,1,40,0,41,0,0,79,0,79,0,1,119,0,120,150,0,150,270
07/12/2018,TIX,FL,ASO,ES,Federal Contract Tower,0,1,40,0,41,0,0,72,0,72,0,1,112,0,113,126,0,126,239
07/13/2018,TIX,FL,ASO,ES,Federal Contract Tower,0,0,27,0,27,0,0,72,0,72,0,0,99,0,99,114,0,114,213
07/14/2018,TIX,FL,ASO,ES,Federal Contract Tower,0,0,31,0,31,0,0,87,0,87,0,0,118,0,118,137,0,137,255
07/15/2018,TIX,FL,ASO,ES,Federal Contract Tower,0,2,7,0,9,0,0,66,0,66,0,2,73,0,75,152,0,152,227
07/16/2018,TIX,FL,ASO,ES,Federal Contract Tower,0,0,32,0,32,0,0,92,0,92,0,0,124,0,124,206,0,206,330
07/17/2018,TIX,FL,ASO,ES,Federal Contract Tower,0,1,41,0,42,0,0,84,0,84,0,1,125,0,126,184,0,184,310
07/18/2018,TIX,FL,ASO,ES,Federal Contract Tower,0,0,21,0,21,0,0,77,0,77,0,0,98,0,98,136,0,136,234
07/19/2018,TIX,FL,ASO,ES,Federal Contract Tower,0,0,9,0,9,0,0,54,0,54,0,0,63,0,63,114,0,114,177
07/20/2018,TIX,FL,ASO,ES,Federal Contract Tower,0,0,47,0,47,0,0,51,0,51,0,0,98,0,98,128,0,128,226
07/21/2018,TIX,FL,ASO,ES,Federal Contract Tower,0,0,34,0,34,0,0,51,0,51,0,0,85,0,85,88,0,88,173
07/22/2018,TIX,FL,ASO,ES,Federal Contract Tower,0,2,28,0,30,0,0,67,0,67,0,2,95,0,97,136,0,136,233
07/23/2018,TIX,FL,ASO,ES,Federal Contract Tower,0,0,28,0,28,0,0,73,0,73,0,0,101,0,101,182,0,182,283
07/24/2018,TIX,FL,ASO,ES,Federal Contract Tower,0,0,40,0,40,0,0,50,0,50,0,0,90,0,90,172,0,172,262
07/25/2018,TIX,FL,ASO,ES,Federal Contract Tower,0,0,14,0,14,0,0,47,0,47,0,0,61,0,61,130,0,130,191
07/26/2018,TIX,FL,ASO,ES,Federal Contract Tower,0,0,10,0,10,0,0,64,0,64,0,0,74,0,74,162,0,162,236
07/27/2018,TIX,FL,ASO,ES,Federal Contract Tower,0,2,22,0,24,0,0,99,1,100,0,2,121,1,124,198,0,198,322
07/28/2018,TIX,FL,ASO,ES,Federal Contract Tower,0,0,21,0,21,0,0,62,0,62,0,0,83,0,83,114,0,114,197
07/29/2018,TIX,FL,ASO,ES,Federal Contract Tower,0,0,29,0,29,0,0,80,0,80,0,0,109,0,109,162,0,162,271
07/30/2018,TIX,FL,ASO,ES,Federal Contract Tower,0,0,32,0,32,0,0,100,0,100,0,0,132,0,132,220,0,220,352
07/31/2018,TIX,FL,ASO,ES,Federal Contract Tower,0,0,44,0,44,0,0,87,0,87,0,0,131,0,131,0,158,158,289
08/01/2018,TIX,FL,ASO,ES,Federal Contract Tower,0,0,19,0,19,0,0,80,0,80,0,0,99,0,99,166,0,166,265
08/02/2018,TIX,FL,ASO,ES,Federal Contract Tower,0,0,27,0,27,0,0,105,0,105,0,0,132,0,132,186,0,186,318
08/03/2018,TIX,FL,ASO,ES,Federal Contract Tower,0,2,31,0,33,0,0,70,0,70,0,2,101,0,103,130,0,130,233
08/04/2018,TIX,FL,ASO,ES,Federal Contract Tower,0,0,18,0,18,0,0,73,0,73,0,0,91,0,91,168,0,168,259
08/05/2018,TIX,FL,ASO,ES,Federal Contract Tower,0,0,9,0,9,0,0,56,0,56,0,0,65,0,65,94,0,94,159
08/06/2018,TIX,FL,ASO,ES,Federal Contract Tower,0,1,60,0,61,0,0,80,0,80,0,1,140,0,141,206,0,206,347
08/07/2018,TIX,FL,ASO,ES,Federal Contract Tower,0,0,30,0,30,0,0,86,0,86,0,0,116,0,116,190,0,190,306
08/08/2018,TIX,FL,ASO,ES,Federal Contract Tower,0,0,27,0,27,0,0,86,0,86,0,0,113,0,113,174,0,174,287
08/09/2018,TIX,FL,ASO,ES,Federal Contract Tower,0,0,35,0,35,0,0,51,0,51,0,0,86,0,86,146,0,146,232
08/10/2018,TIX,FL,ASO,ES,Federal Contract Tower,0,1,38,0,39,0,0,44,0,44,0,1,82,0,83,98,0,98,181
08/11/2018,TIX,FL,ASO,ES,Federal Contract Tower,0,2,12,0,14,0,0,52,0,52,0,2,64,0,66,74,0,74,140
08/12/2018,TIX,FL,ASO,ES,Federal Contract Tower,0,0,20,0,20,0,0,46,0,46,0,0,66,0,66,54,0,54,120
08/13/2018,TIX,FL,ASO,ES,Federal Contract Tower,0,2,30,0,32,0,0,84,0,84,0,2,114,0,116,180,0,180,296
08/14/2018,TIX,FL,ASO,ES,Federal Contract Tower,0,0,26,0,26,0,0,64,0,64,0,0,90,0,90,110,0,110,200
08/15/2018,TIX,FL,ASO,ES,Federal Contract Tower,0,0,23,0,23,0,0,108,0,108,0,0,131,0,131,232,0,232,363
08/16/2018,TIX,FL,ASO,ES,Federal Contract Tower,0,0,36,0,36,0,0,79,0,79,0,0,115,0,115,106,0,106,221
08/17/2018,TIX,FL,ASO,ES,Federal Contract Tower,0,0,10,0,10,0,0,66,0,66,0,0,76,0,76,104,0,104,180
08/18/2018,TIX,FL,ASO,ES,Federal Contract Tower,0,2,15,0,17,0,0,93,0,93,0,2,108,0,110,78,0,78,188
08/19/2018,TIX,FL,ASO,ES,Federal Contract Tower,0,0,12,0,12,0,0,52,0,52,0,0,64,0,64,118,0,118,182
08/20/2018,TIX,FL,ASO,ES,Federal Contract Tower,0,0,26,0,26,0,0,84,0,84,0,0,110,0,110,210,0,210,320
08/21/2018,TIX,FL,ASO,ES,Federal Contract Tower,0,2,11,1,14,0,0,50,0,50,0,2,61,1,64,74,0,74,138
08/22/2018,TIX,FL,ASO,ES,Federal Contract Tower,0,0,11,0,11,0,0,60,0,60,0,0,71,0,71,108,0,108,179
08/23/2018,TIX,FL,ASO,ES,Federal Contract Tower,0,0,29,0,29,0,0,64,0,64,0,0,93,0,93,130,0,130,223
08/24/2018,TIX,FL,ASO,ES,Federal Contract Tower,0,0,10,1,11,0,0,39,0,39,0,0,49,1,50,126,0,126,176
08/25/2018,TIX,FL,ASO,ES,Federal Contract Tower,0,0,38,0,38,0,1,59,0,60,0,1,97,0,98,140,0,140,238
08/26/2018,TIX,FL,ASO,ES,Federal Contract Tower,0,0,18,0,18,0,0,38,0,38,0,0,56,0,56,74,0,74,130
08/27/2018,TIX,FL,ASO,ES,Federal Contract Tower,0,2,28,0,30,0,0,70,0,70,0,2,98,0,100,156,0,156,256
08/28/2018,TIX,FL,ASO,ES,Federal Contract Tower,0,0,26,0,26,0,0,41,0,41,0,0,67,0,67,68,0,68,135
08/29/2018,TIX,FL,ASO,ES,Federal Contract Tower,0,0,21,0,21,0,0,48,0,48,0,0,69,0,69,60,0,60,129
08/30/2018,TIX,FL,ASO,ES,Federal Contract Tower,0,0,19,0,19,0,0,56,0,56,0,0,75,0,75,70,0,70,145
08/31/2018,TIX,FL,ASO,ES,Federal Contract Tower,0,0,45,0,45,0,0,58,0,58,0,0,103,0,103,109,0,109,212
09/01/2018,TIX,FL,ASO,ES,Federal Contract Tower,0,0,15,0,15,0,0,43,0,43,0,0,58,0,58,68,0,68,126
09/02/2018,TIX,FL,ASO,ES,Federal Contract Tower,0,0,14,0,14,0,0,45,0,45,0,0,59,0,59,98,0,98,157
09/03/2018,TIX,FL,ASO,ES,Federal Contract Tower,0,0,5,0,5,0,0,35,0,35,0,0,40,0,40,62,0,62,102
09/04/2018,TIX,FL,ASO,ES,Federal Contract Tower,0,0,22,0,22,0,0,64,0,64,0,0,86,0,86,102,0,102,188
09/05/2018,TIX,FL,ASO,ES,Federal Contract Tower,0,0,28,0,28,0,0,75,0,75,0,0,103,0,103,142,0,142,245
09/06/2018,TIX,FL,ASO,ES,Federal Contract Tower,0,0,45,0,45,0,0,77,0,77,0,0,122,0,122,126,0,126,248
09/07/2018,TIX,FL,ASO,ES,Federal Contract Tower,0,0,34,0,34,0,0,63,0,63,0,0,97,0,97,162,0,162,259
09/08/2018,TIX,FL,ASO,ES,Federal Contract Tower,0,0,25,0,25,0,0,82,0,82,0,0,107,0,107,130,0,130,237
09/09/2018,TIX,FL,ASO,ES,Federal Contract Tower,0,0,16,0,16,0,0,65,0,65,0,0,81,0,81,112,0,112,193
09/10/2018,TIX,FL,ASO,ES,Federal Contract Tower,0,1,35,0,36,0,0,61,0,61,0,1,96,0,97,142,0,142,239
09/11/2018,TIX,FL,ASO,ES,Federal Contract Tower,0,0,44,0,44,0,55,0,0,55,0,55,44,0,99,110,0,110,209
09/12/2018,TIX,FL,ASO,ES,Federal Contract Tower,0,0,52,0,52,0,85,0,0,85,0,85,52,0,137,180,0,180,317
09/13/2018,TIX,FL,ASO,ES,Federal Contract Tower,0,0,23,0,23,0,0,78,0,78,0,0,101,0,101,174,0,174,275
09/14/2018,TIX,FL,ASO,ES,Federal Contract Tower,0,1,30,0,31,0,0,87,0,87,0,1,117,0,118,154,0,154,272
09/15/2018,TIX,FL,ASO,ES,Federal Contract Tower,0,1,26,0,27,0,0,60,0,60,0,1,86,0,87,170,0,170,257
09/16/2018,TIX,FL,ASO,ES,Federal Contract Tower,0,0,16,0,16,0,0,60,0,60,0,0,76,0,76,138,0,138,214
09/17/2018,TIX,FL,ASO,ES,Federal Contract Tower,0,1,38,0,39,0,0,91,0,91,0,1,129,0,130,176,0,176,306
09/18/2018,TIX,FL,ASO,ES,Federal Contract Tower,0,0,27,0,27,0,0,75,0,75,0,0,102,0,102,188,0,188,290
09/19/2018,TIX,FL,ASO,ES,Federal Contract Tower,0,0,34,0,34,0,0,88,0,88,0,0,122,0,122,148,0,148,270
09/20/2018,TIX,FL,ASO,ES,Federal Contract Tower,0,1,27,0,28,0,0,87,0,87,0,1,114,0,115,172,0,172,287
09/21/2018,TIX,FL,ASO,ES,Federal Contract Tower,0,0,31,0,31,0,0,72,0,72,0,0,103,0,103,186,0,186,289
09/22/2018,TIX,FL,ASO,ES,Federal Contract Tower,0,0,22,0,22,0,0,54,0,54,0,0,76,0,76,76,0,76,152
09/23/2018,TIX,FL,ASO,ES,Federal Contract Tower,0,0,24,0,24,0,0,76,0,76,0,0,100,0,100,120,0,120,220
09/24/2018,TIX,FL,ASO,ES,Federal Contract Tower,0,0,44,0,44,0,0,75,0,75,0,0,119,0,119,184,0,184,303
09/25/2018,TIX,FL,ASO,ES,Federal Contract Tower,0,0,67,0,67,0,0,74,0,74,0,0,141,0,141,226,0,226,367
09/26/2018,TIX,FL,ASO,ES,Federal Contract Tower,0,0,46,0,46,0,0,77,0,77,0,0,123,0,123,200,0,200,323
09/27/2018,TIX,FL,ASO,ES,Federal Contract Tower,0,0,31,0,31,0,0,94,0,94,0,0,125,0,125,204,0,204,329
09/28/2018,TIX,FL,ASO,ES,Federal Contract Tower,0,1,29,0,30,0,0,81,0,81,0,1,110,0,111,224,0,224,335
09/29/2018,TIX,FL,ASO,ES,Federal Contract Tower,0,0,30,0,30,0,0,53,0,53,0,0,83,0,83,62,0,62,145
09/30/2018,TIX,FL,ASO,ES,Federal Contract Tower,0,0,21,2,23,0,0,63,0,63,0,0,84,2,86,144,0,144,230
10/01/2018,TIX,FL,ASO,ES,Federal Contract Tower,0,0,39,2,41,0,0,78,0,78,0,0,117,2,119,192,0,192,311
10/02/2018,TIX,FL,ASO,ES,Federal Contract Tower,0,0,37,0,37,0,0,58,0,58,0,0,95,0,95,112,0,112,207
10/03/2018,TIX,FL,ASO,ES,Federal Contract Tower,0,1,40,0,41,0,0,84,0,84,0,1,124,0,125,190,0,190,315
10/04/2018,TIX,FL,ASO,ES,Federal Contract Tower,0,0,37,0,37,0,0,45,0,45,0,0,82,0,82,76,0,76,158
10/05/2018,TIX,FL,ASO,ES,Federal Contract Tower,0,0,33,0,33,0,0,84,0,84,0,0,117,0,117,184,0,184,301
10/06/2018,TIX,FL,ASO,ES,Federal Contract Tower,0,3,15,0,18,0,0,71,0,71,0,3,86,0,89,120,0,120,209
10/07/2018,TIX,FL,ASO,ES,Federal Contract Tower,0,0,33,0,33,0,0,54,0,54,0,0,87,0,87,148,0,148,235
10/08/2018,TIX,FL,ASO,ES,Federal Contract Tower,0,0,9,0,9,0,0,16,0,16,0,0,25,0,25,54,0,54,79
10/09/2018,TIX,FL,ASO,ES,Federal Contract Tower,0,0,27,0,27,0,0,43,0,43,0,0,70,0,70,130,0,130,200
10/10/2018,TIX,FL,ASO,ES,Federal Contract Tower,0,0,11,0,11,0,0,47,0,47,0,0,58,0,58,124,0,124,182
10/11/2018,TIX,FL,ASO,ES,Federal Contract Tower,0,0,19,0,19,0,0,53,0,53,0,0,72,0,72,152,0,152,224
10/12/2018,TIX,FL,ASO,ES,Federal Contract Tower,0,1,27,0,28,0,0,66,0,66,0,1,93,0,94,124,0,124,218
10/13/2018,TIX,FL,ASO,ES,Federal Contract Tower,0,1,23,0,24,0,0,103,0,103,0,1,126,0,127,104,0,104,231
10/14/2018,TIX,FL,ASO,ES,Federal Contract Tower,0,0,20,0,20,0,0,64,0,64,0,0,84,0,84,106,0,106,190
10/15/2018,TIX,FL,ASO,ES,Federal Contract Tower,0,0,38,0,38,0,0,83,0,83,0,0,121,0,121,160,0,160,281
10/16/2018,TIX,FL,ASO,ES,Federal Contract Tower,0,1,34,0,35,0,0,90,0,90,0,1,124,0,125,152,0,152,277
10/17/2018,TIX,FL,ASO,ES,Federal Contract Tower,0,1,28,0,29,0,0,83,0,83,0,1,111,0,112,168,0,168,280
10/18/2018,TIX,FL,ASO,ES,Federal Contract Tower,0,2,44,0,46,0,0,107,0,107,0,2,151,0,153,172,0,172,325
10/19/2018,TIX,FL,ASO,ES,Federal Contract Tower,0,2,21,0,23,0,0,37,0,37,0,2,58,0,60,126,0,126,186
10/20/2018,TIX,FL,ASO,ES,Federal Contract Tower,0,1,38,2,41,0,0,56,0,56,0,1,94,2,97,104,0,104,201
10/21/2018,TIX,FL,ASO,ES,Federal Contract Tower,0,0,21,0,21,0,0,42,0,42,0,0,63,0,63,94,0,94,157
10/22/2018,TIX,FL,ASO,ES,Federal Contract Tower,0,1,50,0,51,0,0,81,0,81,0,1,131,0,132,218,0,218,350
10/23/2018,TIX,FL,ASO,ES,Federal Contract Tower,0,0,35,0,35,0,0,63,0,63,0,0,98,0,98,146,0,146,244
10/24/2018,TIX,FL,ASO,ES,Federal Contract Tower,0,0,55,0,55,0,0,103,0,103,0,0,158,0,158,190,0,190,348
10/25/2018,TIX,FL,ASO,ES,Federal Contract Tower,0,3,29,0,32,0,0,90,0,90,0,3,119,0,122,160,0,160,282
10/26/2018,TIX,FL,ASO,ES,Federal Contract Tower,0,3,24,0,27,0,0,39,0,39,0,3,63,0,66,76,0,76,142
10/27/2018,TIX,FL,ASO,ES,Federal Contract Tower,0,1,36,0,37,0,0,106,0,106,0,1,142,0,143,212,0,212,355
10/28/2018,TIX,FL,ASO,ES,Federal Contract Tower,0,0,22,0,22,0,0,66,0,66,0,0,88,0,88,136,0,136,224
10/29/2018,TIX,FL,ASO,ES,Federal Contract Tower,0,0,50,0,50,0,0,82,0,82,0,0,132,0,132,196,0,196,328
10/30/2018,TIX,FL,ASO,ES,Federal Contract Tower,1,57,0,0,58,0,0,96,0,96,1,57,96,0,154,146,0,146,300
10/31/2018,TIX,FL,ASO,ES,Federal Contract Tower,0,0,52,0,52,0,0,112,0,112,0,0,164,0,164,168,0,168,332
11/01/2018,TIX,FL,ASO,ES,Federal Contract Tower,0,0,11,0,11,0,0,72,0,72,0,0,83,0,83,98,0,98,181
11/02/2018,TIX,FL,ASO,ES,Federal Contract Tower,0,1,21,0,22,0,0,49,1,50,0,1,70,1,72,132,0,132,204
11/03/2018,TIX,FL,ASO,ES,Federal Contract Tower,0,0,21,0,21,0,0,77,0,77,0,0,98,0,98,146,0,146,244
11/04/2018,TIX,FL,ASO,ES,Federal Contract Tower,0,0,13,0,13,0,0,33,0,33,0,0,46,0,46,50,0,50,96
11/05/2018,TIX,FL,ASO,ES,Federal Contract Tower,0,6,37,0,43,0,0,86,0,86,0,6,123,0,129,200,0,200,329
11/06/2018,TIX,FL,ASO,ES,Federal Contract Tower,0,0,63,0,63,0,0,101,0,101,0,0,164,0,164,268,0,268,432
11/07/2018,TIX,FL,ASO,ES,Federal Contract Tower,0,1,51,0,52,0,0,124,0,124,0,1,175,0,176,250,0,250,426
11/08/2018,TIX,FL,ASO,ES,Federal Contract Tower,0,0,46,0,46,0,0,104,2,106,0,0,150,2,152,212,4,216,368
11/09/2018,TIX,FL,ASO,ES,Federal Contract Tower,0,0,23,0,23,0,0,66,0,66,0,0,89,0,89,124,0,124,213
11/10/2018,TIX,FL,ASO,ES,Federal Contract Tower,0,0,41,0,41,0,0,69,0,69,0,0,110,0,110,132,0,132,242
11/11/2018,TIX,FL,ASO,ES,Federal Contract Tower,0,0,44,0,44,0,0,67,0,67,0,0,111,0,111,124,0,124,235
11/12/2018,TIX,FL,ASO,ES,Federal Contract Tower,0,0,19,0,19,0,0,61,0,61,0,0,80,0,80,164,0,164,244
11/13/2018,TIX,FL,ASO,ES,Federal Contract Tower,0,0,28,0,28,0,0,56,0,56,0,0,84,0,84,100,0,100,184
11/14/2018,TIX,FL,ASO,ES,Federal Contract Tower,0,0,38,0,38,0,0,98,0,98,0,0,136,0,136,150,0,150,286
11/15/2018,TIX,FL,ASO,ES,Federal Contract Tower,0,1,51,1,53,0,0,99,0,99,0,1,150,1,152,140,0,140,292
11/16/2018,TIX,FL,ASO,ES,Federal Contract Tower,0,0,64,0,64,0,0,81,0,81,0,0,145,0,145,198,0,198,343
11/17/2018,TIX,FL,ASO,ES,Federal Contract Tower,0,0,26,0,26,0,0,107,0,107,0,0,133,0,133,176,0,176,309
11/18/2018,TIX,FL,ASO,ES,Federal Contract Tower,0,2,26,0,28,0,0,76,0,76,0,2,102,0,104,152,0,152,256
11/19/2018,TIX,FL,ASO,ES,Federal Contract Tower,0,0,46,0,46,0,0,95,0,95,0,0,141,0,141,204,0,204,345
11/20/2018,TIX,FL,ASO,ES,Federal Contract Tower,0,0,33,0,33,0,0,42,0,42,0,0,75,0,75,84,0,84,159
11/21/2018,TIX,FL,ASO,ES,Federal Contract Tower,0,0,34,0,34,0,0,77,0,77,0,0,111,0,111,158,0,158,269
11/22/2018,TIX,FL,ASO,ES,Federal Contract Tower,0,0,14,0,14,0,0,20,0,20,0,0,34,0,34,3,0,3,37
11/23/2018,TIX,FL,ASO,ES,Federal Contract Tower,0,3,20,0,23,0,0,30,0,30,0,3,50,0,53,60,0,60,113
11/24/2018,TIX,FL,ASO,ES,Federal Contract Tower,0,0,27,0,27,0,0,32,0,32,0,0,59,0,59,112,0,112,171
11/25/2018,TIX,FL,ASO,ES,Federal Contract Tower,0,0,23,0,23,0,0,38,0,38,0,0,61,0,61,58,0,58,119
11/26/2018,TIX,FL,ASO,ES,Federal Contract Tower,0,0,47,0,47,0,0,83,1,84,0,0,130,1,131,158,6,164,295
11/27/2018,TIX,FL,ASO,ES,Federal Contract Tower,0,0,48,0,48,0,0,96,0,96,0,0,144,0,144,124,0,124,268
11/28/2018,TIX,FL,ASO,ES,Federal Contract Tower,0,0,50,0,50,0,0,71,0,71,0,0,121,0,121,170,0,170,291
11/29/2018,TIX,FL,ASO,ES,Federal Contract Tower,0,0,24,0,24,0,0,81,2,83,0,0,105,2,107,140,4,144,251
11/30/2018,TIX,FL,ASO,ES,Federal Contract Tower,0,0,41,0,41,0,0,64,0,64,0,0,105,0,105,108,0,108,213
12/01/2018,TIX,FL,ASO,ES,Federal Contract Tower,0,0,19,0,19,0,0,60,0,60,0,0,79,0,79,98,0,98,177
12/02/2018,TIX,FL,ASO,ES,Federal Contract Tower,0,0,24,0,24,0,0,65,0,65,0,0,89,0,89,164,0,164,253
12/03/2018,TIX,FL,ASO,ES,Federal Contract Tower,0,0,34,0,34,0,0,74,0,74,0,0,108,0,108,166,0,166,274
12/04/2018,TIX,FL,ASO,ES,Federal Contract Tower,0,0,49,2,51,0,0,62,0,62,0,0,111,2,113,132,2,134,247
12/05/2018,TIX,FL,ASO,ES,Federal Contract Tower,0,3,42,0,45,0,0,92,0,92,0,3,134,0,137,136,0,136,273
12/06/2018,TIX,FL,ASO,ES,Federal Contract Tower,0,0,30,0,30,0,0,86,0,86,0,0,116,0,116,190,0,190,306
12/07/2018,TIX,FL,ASO,ES,Federal Contract Tower,0,0,15,0,15,0,2,87,0,89,0,2,102,0,104,184,0,184,288
12/08/2018,TIX,FL,ASO,ES,Federal Contract Tower,0,0,16,0,16,0,0,80,0,80,0,0,96,0,96,96,0,96,192
12/09/2018,TIX,FL,ASO,ES,Federal Contract Tower,0,0,9,0,9,0,0,25,0,25,0,0,34,0,34,54,0,54,88
12/10/2018,TIX,FL,ASO,ES,Federal Contract Tower,0,0,46,0,46,0,0,65,0,65,0,0,111,0,111,138,0,138,249
12/11/2018,TIX,FL,ASO,ES,Federal Contract Tower,0,0,31,0,31,0,0,65,0,65,0,0,96,0,96,112,0,112,208
12/12/2018,TIX,FL,ASO,ES,Federal Contract Tower,0,2,22,0,24,0,0,107,0,107,0,2,129,0,131,216,0,216,347
12/13/2018,TIX,FL,ASO,ES,Federal Contract Tower,0,1,43,0,44,0,0,74,0,74,0,1,117,0,118,174,0,174,292
12/14/2018,TIX,FL,ASO,ES,Federal Contract Tower,0,0,27,0,27,0,0,44,0,44,0,0,71,0,71,92,0,92,163
12/15/2018,TIX,FL,ASO,ES,Federal Contract Tower,0,1,30,0,31,0,0,67,0,67,0,1,97,0,98,50,0,50,148
12/16/2018,TIX,FL,ASO,ES,Federal Contract Tower,0,0,28,0,28,0,0,60,0,60,0,0,88,0,88,160,0,160,248
12/17/2018,TIX,FL,ASO,ES,Federal Contract Tower,0,8,68,4,80,0,0,78,0,78,0,8,146,4,158,176,0,176,334
12/18/2018,TIX,FL,ASO,ES,Federal Contract Tower,0,2,61,0,63,0,0,88,0,88,0,2,149,0,151,174,0,174,325
12/19/2018,TIX,FL,ASO,ES,Federal Contract Tower,0,2,45,0,47,0,0,93,0,93,0,2,138,0,140,194,0,194,334
12/20/2018,TIX,FL,ASO,ES,Federal Contract Tower,0,2,1,0,3,0,0,0,0,0,0,2,1,0,3,0,0,0,3
12/21/2018,TIX,FL,ASO,ES,Federal Contract Tower,0,0,11,0,11,0,0,21,0,21,0,0,32,0,32,0,0,0,32
12/22/2018,TIX,FL,ASO,ES,Federal Contract Tower,0,0,26,0,26,0,0,51,0,51,0,0,77,0,77,130,0,130,207
12/23/2018,TIX,FL,ASO,ES,Federal Contract Tower,0,2,16,0,18,0,0,64,0,64,0,2,80,0,82,126,0,126,208
12/24/2018,TIX,FL,ASO,ES,Federal Contract Tower,0,0,12,0,12,0,0,54,0,54,0,0,66,0,66,74,0,74,140
12/25/2018,TIX,FL,ASO,ES,Federal Contract Tower,0,0,1,0,1,0,0,6,0,6,0,0,7,0,7,8,0,8,15
12/26/2018,TIX,FL,ASO,ES,Federal Contract Tower,0,2,21,0,23,0,0,69,0,69,0,2,90,0,92,132,0,132,224
12/27/2018,TIX,FL,ASO,ES,Federal Contract Tower,0,1,12,0,13,0,0,54,0,54,0,1,66,0,67,122,0,122,189
12/28/2018,TIX,FL,ASO,ES,Federal Contract Tower,0,0,23,0,23,0,0,67,0,67,0,0,90,0,90,108,0,108,198
12/29/2018,TIX,FL,ASO,ES,Federal Contract Tower,0,3,28,0,31,0,0,39,0,39,0,3,67,0,70,88,0,88,158
12/30/2018,TIX,FL,ASO,ES,Federal Contract Tower,0,0,22,0,22,0,0,50,0,50,0,0,72,0,72,90,0,90,162
12/31/2018,TIX,FL,ASO,ES,Federal Contract Tower,0,1,30,0,31,0,0,60,0,60,0,1,90,0,91,166,0,166,257
01/01/2019,TIX,FL,ASO,ES,Federal Contract Tower,0,0,3,0,3,0,0,27,0,27,0,0,30,0,30,74,0,74,104
01/02/2019,TIX,FL,ASO,ES,Federal Contract Tower,0,0,24,0,24,0,0,64,0,64,0,0,88,0,88,110,0,110,198
01/03/2019,TIX,FL,ASO,ES,Federal Contract Tower,0,0,23,0,23,0,0,48,0,48,0,0,71,0,71,96,0,96,167
01/04/2019,TIX,FL,ASO,ES,Federal Contract Tower,0,1,14,0,15,0,0,16,0,16,0,1,30,0,31,26,0,26,57
01/05/2019,TIX,FL,ASO,ES,Federal Contract Tower,0,1,39,0,40,0,0,73,0,73,0,1,112,0,113,128,0,128,241
01/06/2019,TIX,FL,ASO,ES,Federal Contract Tower,0,0,34,0,34,0,0,61,0,61,0,0,95,0,95,124,0,124,219
01/07/2019,TIX,FL,ASO,ES,Federal Contract Tower,0,0,45,0,45,0,0,73,0,73,0,0,118,0,118,182,0,182,300
01/08/2019,TIX,FL,ASO,ES,Federal Contract Tower,0,0,29,0,29,0,0,49,0,49,0,0,78,0,78,122,0,122,200
01/09/2019,TIX,FL,ASO,ES,Federal Contract Tower,0,0,51,0,51,0,0,77,0,77,0,0,128,0,128,192,0,192,320
01/10/2019,TIX,FL,ASO,ES,Federal Contract Tower,0,0,45,0,45,0,0,72,1,73,0,0,117,1,118,134,2,136,254
01/11/2019,TIX,FL,ASO,ES,Federal Contract Tower,0,0,27,0,27,0,0,60,0,60,0,0,87,0,87,100,0,100,187
01/12/2019,TIX,FL,ASO,ES,Federal Contract Tower,0,0,35,0,35,0,0,75,0,75,0,0,110,0,110,94,0,94,204
01/13/2019,TIX,FL,ASO,ES,Federal Contract Tower,0,0,15,0,15,0,0,51,0,51,0,0,66,0,66,104,0,104,170
01/14/2019,TIX,FL,ASO,ES,Federal Contract Tower,0,0,38,0,38,0,0,70,2,72,0,0,108,2,110,176,0,176,286
01/15/2019,TIX,FL,ASO,ES,Federal Contract Tower,0,0,50,0,50,0,0,71,0,71,0,0,121,0,121,136,0,136,257
01/16/2019,TIX,FL,ASO,ES,Federal Contract Tower,0,0,36,0,36,0,0,82,0,82,0,0,118,0,118,160,0,160,278
01/17/2019,TIX,FL,ASO,ES,Federal Contract Tower,0,0,46,0,46,0,0,68,0,68,0,0,114,0,114,128,0,128,242
01/18/2019,TIX,FL,ASO,ES,Federal Contract Tower,0,0,57,0,57,0,0,62,0,62,0,0,119,0,119,148,0,148,267
01/19/2019,TIX,FL,ASO,ES,Federal Contract Tower,0,0,28,0,28,0,0,49,0,49,0,0,77,0,77,78,0,78,155
01/20/2019,TIX,FL,ASO,ES,Federal Contract Tower,0,0,19,0,19,0,0,2,0,2,0,0,21,0,21,0,0,0,21
01/21/2019,TIX,FL,ASO,ES,Federal Contract Tower,0,0,45,0,45,0,0,71,0,71,0,0,116,0,116,188,0,188,304
01/22/2019,TIX,FL,ASO,ES,Federal Contract Tower,0,0,48,0,48,0,0,49,0,49,0,0,97,0,97,104,0,104,201
01/23/2019,TIX,FL,ASO,ES,Federal Contract Tower,0,2,11,0,13,0,0,59,0,59,0,2,70,0,72,108,0,108,180
01/24/2019,TIX,FL,ASO,ES,Federal Contract Tower,0,0,13,0,13,0,0,11,0,11,0,0,24,0,24,2,0,2,26
01/25/2019,TIX,FL,ASO,ES,Federal Contract Tower,0,0,33,0,33,0,0,64,0,64,0,0,97,0,97,110,0,110,207
01/26/2019,TIX,FL,ASO,ES,Federal Contract Tower,0,0,43,0,43,0,0,44,0,44,0,0,87,0,87,92,0,92,179
01/27/2019,TIX,FL,ASO,ES,Federal Contract Tower,0,0,9,0,9,0,0,0,0,0,0,0,9,0,9,0,0,0,9
01/28/2019,TIX,FL,ASO,ES,Federal Contract Tower,0,2,44,2,48,0,0,51,0,51,0,2,95,2,99,158,0,158,257
01/29/2019,TIX,FL,ASO,ES,Federal Contract Tower,0,0,49,0,49,0,0,80,0,80,0,0,129,0,129,166,0,166,295
01/30/2019,TIX,FL,ASO,ES,Federal Contract Tower,0,1,37,0,38,0,0,50,0,50,0,1,87,0,88,84,0,84,172
01/31/2019,TIX,FL,ASO,ES,Federal Contract Tower,0,1,40,0,41,0,0,79,0,79,0,1,119,0,120,142,0,142,262
02/01/2019,TIX,FL,ASO,ES,Federal Contract Tower,0,2,50,0,52,0,0,48,4,52,0,2,98,4,104,118,0,118,222
02/02/2019,TIX,FL,ASO,ES,Federal Contract Tower,0,0,31,0,31,0,0,39,0,39,0,0,70,0,70,48,0,48,118
02/03/2019,TIX,FL,ASO,ES,Federal Contract Tower,0,0,12,0,12,0,0,15,0,15,0,0,27,0,27,10,0,10,37
02/04/2019,TIX,FL,ASO,ES,Federal Contract Tower,0,3,55,0,58,0,0,72,0,72,0,3,127,0,130,182,0,182,312
02/05/2019,TIX,FL,ASO,ES,Federal Contract Tower,0,1,48,0,49,0,0,92,0,92,0,1,140,0,141,210,0,210,351
02/06/2019,TIX,FL,ASO,ES,Federal Contract Tower,0,1,51,0,52,0,0,96,0,96,0,1,147,0,148,178,0,178,326
02/07/2019,TIX,FL,ASO,ES,Federal Contract Tower,0,0,29,0,29,0,0,75,0,75,0,0,104,0,104,134,0,134,238
02/08/2019,TIX,FL,ASO,ES,Federal Contract Tower,0,0,18,2,20,0,0,83,0,83,0,0,101,2,103,178,0,178,281
02/09/2019,TIX,FL,ASO,ES,Federal Contract Tower,0,2,25,0,27,0,0,39,0,39,0,2,64,0,66,8,0,8,74
02/10/2019,TIX,FL,ASO,ES,Federal Contract Tower,0,0,26,0,26,0,0,18,0,18,0,0,44,0,44,32,0,32,76
02/11/2019,TIX,FL,ASO,ES,Federal Contract Tower,0,0,27,0,27,0,0,78,0,78,0,0,105,0,105,218,0,218,323
02/12/2019,TIX,FL,ASO,ES,Federal Contract Tower,0,0,14,0,14,0,0,30,0,30,0,0,44,0,44,38,0,38,82
02/13/2019,TIX,FL,ASO,ES,Federal Contract Tower,0,1,22,0,23,0,0,25,0,25,0,1,47,0,48,48,0,48,96
02/14/2019,TIX,FL,ASO,ES,Federal Contract Tower,0,0,36,0,36,0,0,92,0,92,0,0,128,0,128,194,0,194,322
02/15/2019,TIX,FL,ASO,ES,Federal Contract Tower,0,4,46,0,50,0,0,68,0,68,0,4,114,0,118,190,0,190,308
02/16/2019,TIX,FL,ASO,ES,Federal Contract Tower,0,0,26,0,26,0,0,72,0,72,0,0,98,0,98,116,0,116,214
02/17/2019,TIX,FL,ASO,ES,Federal Contract Tower,0,1,22,0,23,0,0,65,0,65,0,1,87,0,88,148,0,148,236
02/18/2019,TIX,FL,ASO,ES,Federal Contract Tower,0,1,27,13,41,0,0,72,0,72,0,1,99,13,113,180,0,180,293
02/19/2019,TIX,FL,ASO,ES,Federal Contract Tower,0,0,17,0,17,0,0,49,0,49,0,0,66,0,66,94,0,94,160
02/20/2019,TIX,FL,ASO,ES,Federal Contract Tower,0,1,17,0,18,0,0,64,0,64,0,1,81,0,82,140,0,140,222
02/21/2019,TIX,FL,ASO,ES,Federal Contract Tower,0,2,27,0,29,0,0,76,0,76,0,2,103,0,105,170,0,170,275
02/22/2019,TIX,FL,ASO,ES,Federal Contract Tower,0,0,40,1,41,0,0,68,0,68,0,0,108,1,109,138,0,138,247
02/23/2019,TIX,FL,ASO,ES,Federal Contract Tower,0,0,28,0,28,0,0,32,0,32,0,0,60,0,60,58,0,58,118
02/24/2019,TIX,FL,ASO,ES,Federal Contract Tower,0,0,22,0,22,0,0,43,0,43,0,0,65,0,65,88,0,88,153
02/25/2019,TIX,FL,ASO,ES,Federal Contract Tower,0,2,51,0,53,0,0,81,0,81,0,2,132,0,134,196,0,196,330
02/26/2019,TIX,FL,ASO,ES,Federal Contract Tower,0,2,49,0,51,0,0,57,0,57,0,2,106,0,108,116,0,116,224
02/27/2019,TIX,FL,ASO,ES,Federal Contract Tower,0,0,24,0,24,0,0,53,0,53,0,0,77,0,77,110,0,110,187
02/28/2019,TIX,FL,ASO,ES,Federal Contract Tower,0,1,30,0,31,0,0,62,0,62,0,1,92,0,93,140,0,140,233
03/01/2019,TIX,FL,ASO,ES,Federal Contract Tower,0,1,30,0,31,0,0,57,0,57,0,1,87,0,88,118,0,118,206
03/02/2019,TIX,FL,ASO,ES,Federal Contract Tower,0,1,24,0,25,0,0,59,0,59,0,1,83,0,84,104,0,104,188
03/03/2019,TIX,FL,ASO,ES,Federal Contract Tower,0,0,21,0,21,0,0,54,0,54,0,0,75,0,75,102,0,102,177
03/04/2019,TIX,FL,ASO,ES,Federal Contract Tower,0,1,43,0,44,0,0,71,0,71,0,1,114,0,115,170,0,170,285
03/05/2019,TIX,FL,ASO,ES,Federal Contract Tower,0,0,25,0,25,0,0,9,0,9,0,0,34,0,34,12,0,12,46
03/06/2019,TIX,FL,ASO,ES,Federal Contract Tower,0,0,60,0,60,0,0,77,0,77,0,0,137,0,137,204,0,204,341
03/07/2019,TIX,FL,ASO,ES,Federal Contract Tower,0,0,59,0,59,0,0,157,0,157,0,0,216,0,216,194,0,194,410
03/08/2019,TIX,FL,ASO,ES,Federal Contract Tower,0,1,35,0,36,0,0,82,0,82,0,1,117,0,118,174,0,174,292
03/09/2019,TIX,FL,ASO,ES,Federal Contract Tower,0,3,29,0,32,0,0,68,0,68,0,3,97,0,100,106,0,106,206
03/10/2019,TIX,FL,ASO,ES,Federal Contract Tower,0,0,34,0,34,0,0,69,0,69,0,0,103,0,103,184,0,184,287
03/11/2019,TIX,FL,ASO,ES,Federal Contract Tower,0,3,41,0,44,0,0,91,0,91,0,3,132,0,135,220,0,220,355
03/12/2019,TIX,FL,ASO,ES,Federal Contract Tower,0,0,42,2,44,0,0,40,0,40,0,0,82,2,84,94,0,94,178
03/13/2019,TIX,FL,ASO,ES,Federal Contract Tower,0,0,41,2,43,0,0,94,0,94,0,0,135,2,137,164,0,164,301
03/14/2019,TIX,FL,ASO,ES,Federal Contract Tower,0,0,25,0,25,0,0,81,1,82,0,0,106,1,107,146,0,146,253
03/15/2019,TIX,FL,ASO,ES,Federal Contract Tower,0,4,29,3,36,0,0,61,11,72,0,4,90,14,108,208,18,226,334
03/16/2019,TIX,FL,ASO,ES,Federal Contract Tower,0,4,20,0,24,0,0,73,20,93,0,4,93,20,117,106,10,116,233
03/17/2019,TIX,FL,ASO,ES,Federal Contract Tower,0,2,7,0,9,0,0,39,0,39,0,2,46,0,48,114,0,114,162
03/18/2019,TIX,FL,ASO,ES,Federal Contract Tower,0,0,58,0,58,0,0,64,15,79,0,0,122,15,137,174,0,174,311
03/19/2019,TIX,FL,ASO,ES,Federal Contract Tower,0,0,53,1,54,0,0,42,0,42,0,0,95,1,96,62,0,62,158
03/20/2019,TIX,FL,ASO,ES,Federal Contract Tower,0,0,34,0,34,0,0,29,0,29,0,0,63,0,63,44,0,44,107
03/21/2019,TIX,FL,ASO,ES,Federal Contract Tower,0,0,27,0,27,0,0,90,0,90,0,0,117,0,117,174,0,174,291
03/22/2019,TIX,FL,ASO,ES,Federal Contract Tower,0,0,57,1,58,0,0,66,0,66,0,0,123,1,124,88,0,88,212
03/23/2019,TIX,FL,ASO,ES,Federal Contract Tower,0,1,33,0,34,0,0,68,0,68,0,1,101,0,102,142,0,142,244
03/24/2019,TIX,FL,ASO,ES,Federal Contract Tower,0,0,37,0,37,0,0,58,0,58,0,0,95,0,95,158,0,158,253
03/25/2019,TIX,FL,ASO,ES,Federal Contract Tower,0,2,37,0,39,0,0,83,0,83,0,2,120,0,122,182,0,182,304
03/26/2019,TIX,FL,ASO,ES,Federal Contract Tower,0,0,64,2,66,0,0,72,0,72,0,0,136,2,138,164,0,164,302
03/27/2019,TIX,FL,ASO,ES,Federal Contract Tower,0,0,5,0,5,0,0,3,0,3,0,0,8,0,8,0,0,0,8
03/28/2019,TIX,FL,ASO,ES,Federal Contract Tower,0,2,31,0,33,0,0,55,0,55,0,2,86,0,88,92,0,92,180
03/29/2019,TIX,FL,ASO,ES,Federal Contract Tower,0,6,72,0,78,0,0,96,0,96,0,6,168,0,174,192,0,192,366
03/30/2019,TIX,FL,ASO,ES,Federal Contract Tower,0,1,39,0,40,0,0,100,0,100,0,1,139,0,140,108,0,108,248
03/31/2019,TIX,FL,ASO,ES,Federal Contract Tower,0,3,14,0,17,0,0,105,0,105,0,3,119,0,122,146,0,146,268
04/01/2019,TIX,FL,ASO,ES,Federal Contract Tower,0,8,61,0,69,0,0,76,10,86,0,8,137,10,155,202,0,202,357
04/02/2019,TIX,FL,ASO,ES,Federal Contract Tower,0,0,30,0,30,0,0,30,0,30,0,0,60,0,60,94,0,94,154
04/03/2019,TIX,FL,ASO,ES,Federal Contract Tower,0,1,48,1,50,0,0,102,1,103,0,1,150,2,153,186,0,186,339
04/04/2019,TIX,FL,ASO,ES,Federal Contract Tower,0,1,30,0,31,0,0,69,0,69,0,1,99,0,100,130,0,130,230
04/05/2019,TIX,FL,ASO,ES,Federal Contract Tower,0,0,26,0,26,0,0,29,0,29,0,0,55,0,55,60,0,60,115
04/06/2019,TIX,FL,ASO,ES,Federal Contract Tower,0,3,53,0,56,0,0,71,0,71,0,3,124,0,127,178,0,178,305
04/07/2019,TIX,FL,ASO,ES,Federal Contract Tower,0,0,40,0,40,0,0,66,2,68,0,0,106,2,108,128,4,132,240
04/08/2019,TIX,FL,ASO,ES,Federal Contract Tower,0,2,38,0,40,0,0,76,0,76,0,2,114,0,116,174,0,174,290
04/09/2019,TIX,FL,ASO,ES,Federal Contract Tower,0,0,10,0,10,0,0,29,0,29,0,0,39,0,39,48,0,48,87
04/10/2019,TIX,FL,ASO,ES,Federal Contract Tower,0,2,37,0,39,0,0,65,0,65,0,2,102,0,104,88,0,88,192
04/11/2019,TIX,FL,ASO,ES,Federal Contract Tower,0,0,46,1,47,0,0,107,1,108,0,0,153,2,155,128,0,128,283
04/12/2019,TIX,FL,ASO,ES,Federal Contract Tower,0,0,27,0,27,0,0,67,0,67,0,0,94,0,94,118,0,118,212
04/13/2019,TIX,FL,ASO,ES,Federal Contract Tower,0,1,14,0,15,0,0,61,0,61,0,1,75,0,76,70,0,70,146
04/14/2019,TIX,FL,ASO,ES,Federal Contract Tower,0,0,14,0,14,0,0,27,0,27,0,0,41,0,41,28,0,28,69
04/15/2019,TIX,FL,ASO,ES,Federal Contract Tower,0,0,75,0,75,0,0,88,1,89,0,0,163,1,164,212,0,212,376
04/16/2019,TIX,FL,ASO,ES,Federal Contract Tower,0,0,38,0,38,0,0,96,0,96,0,0,134,0,134,172,0,172,306
04/17/2019,TIX,FL,ASO,ES,Federal Contract Tower,0,3,26,0,29,0,0,67,0,67,0,3,93,0,96,154,0,154,250
04/18/2019,TIX,FL,ASO,ES,Federal Contract Tower,0,0,33,0,33,0,0,60,0,60,0,0,93,0,93,120,0,120,213
04/19/2019,TIX,FL,ASO,ES,Federal Contract Tower,0,0,9,0,9,0,0,3,0,3,0,0,12,0,12,6,0,6,18
04/20/2019,TIX,FL,ASO,ES,Federal Contract Tower,0,0,35,0,35,0,0,52,0,52,0,0,87,0,87,118,0,118,205
04/21/2019,TIX,FL,ASO,ES,Federal Contract Tower,0,1,23,0,24,0,0,75,0,75,0,1,98,0,99,118,0,118,217
04/22/2019,TIX,FL,ASO,ES,Federal Contract Tower,0,0,62,0,62,0,0,92,0,92,0,0,154,0,154,188,0,188,342
04/23/2019,TIX,FL,ASO,ES,Federal Contract Tower,0,2,42,0,44,0,0,74,0,74,0,2,116,0,118,114,0,114,232
04/24/2019,TIX,FL,ASO,ES,Federal Contract Tower,0,0,27,0,27,0,0,104,0,104,0,0,131,0,131,230,0,230,361
04/25/2019,TIX,FL,ASO,ES,Federal Contract Tower,0,1,39,0,40,0,0,102,0,102,0,1,141,0,142,258,0,258,400
04/26/2019,TIX,FL,ASO,ES,Federal Contract Tower,0,2,16,0,18,0,0,24,0,24,0,2,40,0,42,64,0,64,106
04/27/2019,TIX,FL,ASO,ES,Federal Contract Tower,0,1,28,0,29,0,0,53,0,53,0,1,81,0,82,68,0,68,150
04/28/2019,TIX,FL,ASO,ES,Federal Contract Tower,0,5,31,0,36,0,0,74,0,74,0,5,105,0,110,224,0,224,334
04/29/2019,TIX,FL,ASO,ES,Federal Contract Tower,0,0,50,0,50,0,0,81,0,81,0,0,131,0,131,200,0,200,331
04/30/2019,TIX,FL,ASO,ES,Federal Contract Tower,0,0,50,0,50,0,0,84,2,86,0,0,134,2,136,188,8,196,332
05/01/2019,TIX,FL,ASO,ES,Federal Contract Tower,0,0,42,0,42,0,0,80,0,80,0,0,122,0,122,166,0,166,288
05/02/2019,TIX,FL,ASO,ES,Federal Contract Tower,0,0,30,0,30,0,0,40,0,40,0,0,70,0,70,84,0,84,154
05/03/2019,TIX,FL,ASO,ES,Federal Contract Tower,0,0,12,0,12,0,0,31,0,31,0,0,43,0,43,60,0,60,103
05/04/2019,TIX,FL,ASO,ES,Federal Contract Tower,0,0,21,0,21,0,0,59,0,59,0,0,80,0,80,132,0,132,212
05/05/2019,TIX,FL,ASO,ES,Federal Contract Tower,0,0,3,0,3,0,0,35,0,35,0,0,38,0,38,74,0,74,112
05/06/2019,TIX,FL,ASO,ES,Federal Contract Tower,0,0,52,0,52,0,0,80,0,80,0,0,132,0,132,184,0,184,316
05/07/2019,TIX,FL,ASO,ES,Federal Contract Tower,0,0,29,0,29,0,0,63,0,63,0,0,92,0,92,110,0,110,202
05/08/2019,TIX,FL,ASO,ES,Federal Contract Tower,0,0,46,0,46,0,0,98,0,98,0,0,144,0,144,234,0,234,378
05/09/2019,TIX,FL,ASO,ES,Federal Contract Tower,0,3,31,0,34,0,0,95,0,95,0,3,126,0,129,228,0,228,357
05/10/2019,TIX,FL,ASO,ES,Federal Contract Tower,0,2,46,0,48,0,0,85,0,85,0,2,131,0,133,212,0,212,345
05/11/2019,TIX,FL,ASO,ES,Federal Contract Tower,0,3,15,0,18,0,0,69,0,69,0,3,84,0,87,138,0,138,225
05/12/2019,TIX,FL,ASO,ES,Federal Contract Tower,0,1,10,0,11,0,0,51,0,51,0,1,61,0,62,86,0,86,148
05/13/2019,TIX,FL,ASO,ES,Federal Contract Tower,0,1,20,0,21,0,0,26,0,26,0,1,46,0,47,76,0,76,123
05/14/2019,TIX,FL,ASO,ES,Federal Contract Tower,0,0,29,0,29,0,0,57,0,57,0,0,86,0,86,134,0,134,220
05/15/2019,TIX,FL,ASO,ES,Federal Contract Tower,0,0,44,0,44,0,0,83,0,83,0,0,127,0,127,230,0,230,357
05/16/2019,TIX,FL,ASO,ES,Federal Contract Tower,0,0,24,0,24,0,0,104,0,104,0,0,128,0,128,206,0,206,334
05/17/2019,TIX,FL,ASO,ES,Federal Contract Tower,0,2,22,0,24,0,0,87,0,87,0,2,109,0,111,128,0,128,239
05/18/2019,TIX,FL,ASO,ES,Federal Contract Tower,0,0,24,0,24,0,0,77,0,77,0,0,101,0,101,114,0,114,215
05/19/2019,TIX,FL,ASO,ES,Federal Contract Tower,0,0,18,0,18,0,0,59,0,59,0,0,77,0,77,132,0,132,209
05/20/2019,TIX,FL,ASO,ES,Federal Contract Tower,0,0,34,0,34,0,0,90,0,90,0,0,124,0,124,228,0,228,352
05/21/2019,TIX,FL,ASO,ES,Federal Contract Tower,0,0,19,0,19,0,0,54,0,54,0,0,73,0,73,132,0,132,205
05/22/2019,TIX,FL,ASO,ES,Federal Contract Tower,0,0,40,0,40,0,0,86,0,86,0,0,126,0,126,208,0,208,334
05/23/2019,TIX,FL,ASO,ES,Federal Contract Tower,0,0,28,0,28,0,0,71,0,71,0,0,99,0,99,148,0,148,247
05/24/2019,TIX,FL,ASO,ES,Federal Contract Tower,0,0,36,0,36,0,0,79,0,79,0,0,115,0,115,158,0,158,273
05/25/2019,TIX,FL,ASO,ES,Federal Contract Tower,0,2,17,0,19,0,0,85,0,85,0,2,102,0,104,172,0,172,276
05/26/2019,TIX,FL,ASO,ES,Federal Contract Tower,0,0,28,0,28,0,0,67,0,67,0,0,95,0,95,136,0,136,231
05/27/2019,TIX,FL,ASO,ES,Federal Contract Tower,0,2,57,0,59,0,0,86,0,86,0,2,143,0,145,210,0,210,355
05/28/2019,TIX,FL,ASO,ES,Federal Contract Tower,0,0,25,0,25,0,0,57,0,57,0,0,82,0,82,114,0,114,196
05/29/2019,TIX,FL,ASO,ES,Federal Contract Tower,0,0,35,0,35,0,0,72,0,72,0,0,107,0,107,132,0,132,239
05/30/2019,TIX,FL,ASO,ES,Federal Contract Tower,0,0,53,0,53,0,0,101,0,101,0,0,154,0,154,238,0,238,392
05/31/2019,TIX,FL,ASO,ES,Federal Contract Tower,0,1,46,0,47,0,64,0,0,64,0,65,46,0,111,104,0,104,215
06/01/2019,TIX,FL,ASO,ES,Federal Contract Tower,0,2,29,0,31,0,0,53,0,53,0,2,82,0,84,70,0,70,154
06/02/2019,TIX,FL,ASO,ES,Federal Contract Tower,0,2,25,0,27,0,0,68,0,68,0,2,93,0,95,118,0,118,213
06/03/2019,TIX,FL,ASO,ES,Federal Contract Tower,0,2,60,0,62,0,0,78,0,78,0,2,138,0,140,190,0,190,330
06/04/2019,TIX,FL,ASO,ES,Federal Contract Tower,0,0,60,0,60,0,0,78,0,78,0,0,138,0,138,136,0,136,274
06/05/2019,TIX,FL,ASO,ES,Federal Contract Tower,0,0,47,0,47,0,0,95,0,95,0,0,142,0,142,152,0,152,294
06/06/2019,TIX,FL,ASO,ES,Federal Contract Tower,0,0,31,2,33,0,0,66,0,66,0,0,97,2,99,150,0,150,249
06/07/2019,TIX,FL,ASO,ES,Federal Contract Tower,0,1,27,0,28,0,0,54,0,54,0,1,81,0,82,112,0,112,194
06/08/2019,TIX,FL,ASO,ES,Federal Contract Tower,0,8,32,0,40,0,0,58,0,58,0,8,90,0,98,156,0,156,254
06/09/2019,TIX,FL,ASO,ES,Federal Contract Tower,0,1,20,0,21,0,0,39,0,39,0,1,59,0,60,84,0,84,144
06/10/2019,TIX,FL,ASO,ES,Federal Contract Tower,0,5,68,0,73,0,0,86,0,86,0,5,154,0,159,180,0,180,339
06/11/2019,TIX,FL,ASO,ES,Federal Contract Tower,0,0,39,0,39,0,0,56,0,56,0,0,95,0,95,104,0,104,199
06/12/2019,TIX,FL,ASO,ES,Federal Contract Tower,0,0,33,0,33,0,0,64,0,64,0,0,97,0,97,138,0,138,235
06/13/2019,TIX,FL,ASO,ES,Federal Contract Tower,0,0,26,0,26,0,0,52,0,52,0,0,78,0,78,82,0,82,160
06/14/2019,TIX,FL,ASO,ES,Federal Contract Tower,0,0,47,0,47,0,0,53,0,53,0,0,100,0,100,118,0,118,218
06/15/2019,TIX,FL,ASO,ES,Federal Contract Tower,0,0,50,0,50,0,0,50,0,50,0,0,100,0,100,116,0,116,216
06/16/2019,TIX,FL,ASO,ES,Federal Contract Tower,0,0,23,0,23,0,0,40,0,40,0,0,63,0,63,80,0,80,143
06/17/2019,TIX,FL,ASO,ES,Federal Contract Tower,0,0,64,0,64,0,0,78,0,78,0,0,142,0,142,198,0,198,340
06/18/2019,TIX,FL,ASO,ES,Federal Contract Tower,0,0,14,0,14,0,0,49,0,49,0,0,63,0,63,84,0,84,147
06/19/2019,TIX,FL,ASO,ES,Federal Contract Tower,0,0,36,0,36,0,0,47,0,47,0,0,83,0,83,98,0,98,181
06/20/2019,TIX,FL,ASO,ES,Federal Contract Tower,0,0,43,0,43,0,0,71,0,71,0,0,114,0,114,154,0,154,268
06/21/2019,TIX,FL,ASO,ES,Federal Contract Tower,0,5,62,0,67,0,0,89,0,89,0,5,151,0,156,156,0,156,312
06/22/2019,TIX,FL,ASO,ES,Federal Contract Tower,0,7,39,0,46,0,0,74,0,74,0,7,113,0,120,94,0,94,214
06/23/2019,TIX,FL,ASO,ES,Federal Contract Tower,0,2,34,0,36,0,0,63,0,63,0,2,97,0,99,96,0,96,195
06/24/2019,TIX,FL,ASO,ES,Federal Contract Tower,0,1,62,0,63,0,0,101,0,101,0,1,163,0,164,238,0,238,402
06/25/2019,TIX,FL,ASO,ES,Federal Contract Tower,0,3,44,0,47,0,0,76,0,76,0,3,120,0,123,144,0,144,267
06/26/2019,TIX,FL,ASO,ES,Federal Contract Tower,0,1,75,0,76,0,0,84,0,84,0,1,159,0,160,224,0,224,384
06/27/2019,TIX,FL,ASO,ES,Federal Contract Tower,0,0,52,0,52,0,0,103,0,103,0,0,155,0,155,230,0,230,385
06/28/2019,TIX,FL,ASO,ES,Federal Contract Tower,0,0,53,0,53,0,0,73,0,73,0,0,126,0,126,160,0,160,286
06/29/2019,TIX,FL,ASO,ES,Federal Contract Tower,0,1,31,0,32,0,0,61,0,61,0,1,92,0,93,130,0,130,223
06/30/2019,TIX,FL,ASO,ES,Federal Contract Tower,0,8,43,0,51,0,0,93,0,93,0,8,136,0,144,196,0,196,340
07/01/2019,TIX,FL,ASO,ES,Federal Contract Tower,0,0,67,0,67,0,0,101,0,101,0,0,168,0,168,224,0,224,392
07/02/2019,TIX,FL,ASO,ES,Federal Contract Tower,0,0,52,0,52,0,0,79,0,79,0,0,131,0,131,176,0,176,307
07/03/2019,TIX,FL,ASO,ES,Federal Contract Tower,0,0,39,0,39,0,0,72,0,72,0,0,111,0,111,172,0,172,283
07/04/2019,TIX,FL,ASO,ES,Federal Contract Tower,0,0,16,0,16,0,0,44,0,44,0,0,60,0,60,62,0,62,122
07/05/2019,TIX,FL,ASO,ES,Federal Contract Tower,0,2,16,0,18,0,0,61,0,61,0,2,77,0,79,160,0,160,239
07/06/2019,TIX,FL,ASO,ES,Federal Contract Tower,0,5,9,0,14,0,0,55,0,55,0,5,64,0,69,114,0,114,183
07/07/2019,TIX,FL,ASO,ES,Federal Contract Tower,0,0,11,0,11,0,0,53,0,53,0,0,64,0,64,86,0,86,150
07/08/2019,TIX,FL,ASO,ES,Federal Contract Tower,0,0,55,0,55,0,0,73,0,73,0,0,128,0,128,174,0,174,302
07/09/2019,TIX,FL,ASO,ES,Federal Contract Tower,0,0,23,0,23,0,0,41,0,41,0,0,64,0,64,84,0,84,148
07/10/2019,TIX,FL,ASO,ES,Federal Contract Tower,0,0,47,0,47,0,0,87,0,87,0,0,134,0,134,158,0,158,292
07/11/2019,TIX,FL,ASO,ES,Federal Contract Tower,0,0,35,0,35,0,0,80,0,80,0,0,115,0,115,142,0,142,257
07/12/2019,TIX,FL,ASO,ES,Federal Contract Tower,0,3,50,0,53,0,0,66,0,66,0,3,116,0,119,138,0,138,257
07/13/2019,TIX,FL,ASO,ES,Federal Contract Tower,0,1,29,0,30,0,0,97,0,97,0,1,126,0,127,170,0,170,297
07/14/2019,TIX,FL,ASO,ES,Federal Contract Tower,0,2,11,2,15,0,0,59,0,59,0,2,70,2,74,100,0,100,174
07/15/2019,TIX,FL,ASO,ES,Federal Contract Tower,0,1,42,0,43,0,0,83,0,83,0,1,125,0,126,116,0,116,242
07/16/2019,TIX,FL,ASO,ES,Federal Contract Tower,0,0,57,0,57,0,0,67,0,67,0,0,124,0,124,164,0,164,288
07/17/2019,TIX,FL,ASO,ES,Federal Contract Tower,0,1,26,0,27,0,0,77,0,77,0,1,103,0,104,146,0,146,250
07/18/2019,TIX,FL,ASO,ES,Federal Contract Tower,0,0,28,0,28,0,0,77,0,77,0,0,105,0,105,156,0,156,261
07/19/2019,TIX,FL,ASO,ES,Federal Contract Tower,0,0,37,0,37,0,0,58,0,58,0,0,95,0,95,116,0,116,211
07/20/2019,TIX,FL,ASO,ES,Federal Contract Tower,0,1,29,0,30,39,0,0,0,39,39,1,29,0,69,90,0,90,159
07/21/2019,TIX,FL,ASO,ES,Federal Contract Tower,0,0,31,0,31,0,1,51,0,52,0,1,82,0,83,88,0,88,171
07/22/2019,TIX,FL,ASO,ES,Federal Contract Tower,0,1,32,0,33,0,0,53,0,53,0,1,85,0,86,94,0,94,180
07/23/2019,TIX,FL,ASO,ES,Federal Contract Tower,0,0,29,0,29,0,0,42,0,42,0,0,71,0,71,100,0,100,171
07/24/2019,TIX,FL,ASO,ES,Federal Contract Tower,0,0,33,0,33,0,0,47,0,47,0,0,80,0,80,82,0,82,162
07/25/2019,TIX,FL,ASO,ES,Federal Contract Tower,0,1,53,0,54,0,0,58,0,58,0,1,111,0,112,104,0,104,216
07/26/2019,TIX,FL,ASO,ES,Federal Contract Tower,0,0,69,0,69,0,0,68,0,68,0,0,137,0,137,160,0,160,297
07/27/2019,TIX,FL,ASO,ES,Federal Contract Tower,0,0,36,0,36,0,0,65,0,65,0,0,101,0,101,142,0,142,243
07/28/2019,TIX,FL,ASO,ES,Federal Contract Tower,0,0,28,0,28,0,0,71,0,71,0,0,99,0,99,148,0,148,247
07/29/2019,TIX,FL,ASO,ES,Federal Contract Tower,0,3,46,0,49,0,0,86,0,86,0,3,132,0,135,208,0,208,343
07/30/2019,TIX,FL,ASO,ES,Federal Contract Tower,0,0,32,0,32,0,0,59,0,59,0,0,91,0,91,134,0,134,225
07/31/2019,TIX,FL,ASO,ES,Federal Contract Tower,0,0,36,0,36,0,0,60,0,60,0,0,96,0,96,108,0,108,204
08/01/2019,TIX,FL,ASO,ES,Federal Contract Tower,0,0,44,0,44,0,0,41,0,41,0,0,85,0,85,86,0,86,171
08/02/2019,TIX,FL,ASO,ES,Federal Contract Tower,0,0,17,0,17,0,0,22,0,22,0,0,39,0,39,52,0,52,91
08/03/2019,TIX,FL,ASO,ES,Federal Contract Tower,0,0,20,0,20,0,0,33,0,33,0,0,53,0,53,88,0,88,141
08/04/2019,TIX,FL,ASO,ES,Federal Contract Tower,0,2,38,0,40,0,0,87,0,87,0,2,125,0,127,210,0,210,337
08/05/2019,TIX,FL,ASO,ES,Federal Contract Tower,0,0,33,0,33,0,0,63,0,63,0,0,96,0,96,166,0,166,262
08/06/2019,TIX,FL,ASO,ES,Federal Contract Tower,2,0,15,0,17,0,0,66,0,66,2,0,81,0,83,136,0,136,219
08/07/2019,TIX,FL,ASO,ES,Federal Contract Tower,0,0,25,0,25,0,0,42,0,42,0,0,67,0,67,80,0,80,147
08/08/2019,TIX,FL,ASO,ES,Federal Contract Tower,0,0,33,0,33,0,0,58,0,58,0,0,91,0,91,136,0,136,227
08/09/2019,TIX,FL,ASO,ES,Federal Contract Tower,0,0,44,0,44,0,0,47,0,47,0,0,91,0,91,138,0,138,229
08/10/2019,TIX,FL,ASO,ES,Federal Contract Tower,0,0,33,0,33,0,0,64,0,64,0,0,97,0,97,106,0,106,203
08/11/2019,TIX,FL,ASO,ES,Federal Contract Tower,0,0,16,0,16,0,0,48,0,48,0,0,64,0,64,94,0,94,158
08/12/2019,TIX,FL,ASO,ES,Federal Contract Tower,0,0,47,0,47,0,0,61,0,61,0,0,108,0,108,142,0,142,250
08/13/2019,TIX,FL,ASO,ES,Federal Contract Tower,0,0,24,0,24,0,0,31,0,31,0,0,55,0,55,110,0,110,165
08/14/2019,TIX,FL,ASO,ES,Federal Contract Tower,0,0,20,0,20,0,0,37,0,37,0,0,57,0,57,98,0,98,155
08/15/2019,TIX,FL,ASO,ES,Federal Contract Tower,2,2,22,0,26,0,0,78,0,78,2,2,100,0,104,100,0,100,204
08/16/2019,TIX,FL,ASO,ES,Federal Contract Tower,0,0,39,0,39,0,0,61,0,61,0,0,100,0,100,112,0,112,212
08/17/2019,TIX,FL,ASO,ES,Federal Contract Tower,0,0,25,0,25,0,0,81,0,81,0,0,106,0,106,152,0,152,258
08/18/2019,TIX,FL,ASO,ES,Federal Contract Tower,0,1,21,0,22,0,0,87,0,87,0,1,108,0,109,140,0,140,249
08/19/2019,TIX,FL,ASO,ES,Federal Contract Tower,0,0,75,0,75,0,0,78,0,78,0,0,153,0,153,178,0,178,331
08/20/2019,TIX,FL,ASO,ES,Federal Contract Tower,0,0,17,0,17,0,0,69,0,69,0,0,86,0,86,176,0,176,262
08/21/2019,TIX,FL,ASO,ES,Federal Contract Tower,0,0,29,0,29,0,0,91,0,91,0,0,120,0,120,176,0,176,296
08/22/2019,TIX,FL,ASO,ES,Federal Contract Tower,0,0,72,0,72,0,0,89,0,89,0,0,161,0,161,140,0,140,301
08/23/2019,TIX,FL,ASO,ES,Federal Contract Tower,0,0,57,0,57,0,0,48,0,48,0,0,105,0,105,68,0,68,173
08/24/2019,TIX,FL,ASO,ES,Federal Contract Tower,0,0,22,0,22,0,0,52,0,52,0,0,74,0,74,106,0,106,180
08/25/2019,TIX,FL,ASO,ES,Federal Contract Tower,0,0,46,0,46,0,0,79,0,79,0,0,125,0,125,142,0,142,267
08/26/2019,TIX,FL,ASO,ES,Federal Contract Tower,0,0,71,0,71,0,0,67,0,67,0,0,138,0,138,168,0,168,306
08/27/2019,TIX,FL,ASO,ES,Federal Contract Tower,0,0,51,0,51,0,0,66,0,66,0,0,117,0,117,130,0,130,247
08/28/2019,TIX,FL,ASO,ES,Federal Contract Tower,0,0,45,0,45,0,0,87,0,87,0,0,132,0,132,156,0,156,288
08/29/2019,TIX,FL,ASO,ES,Federal Contract Tower,0,0,44,0,44,0,0,58,0,58,0,0,102,0,102,112,0,112,214
08/30/2019,TIX,FL,ASO,ES,Federal Contract Tower,0,0,18,0,18,0,0,20,0,20,0,0,38,0,38,8,0,8,46
08/31/2019,TIX,FL,ASO,ES,Federal Contract Tower,0,1,7,0,8,0,0,12,0,12,0,1,19,0,20,10,0,10,30
09/01/2019,TIX,FL,ASO,ES,Federal Contract Tower,0,0,0,0,0,0,0,37,0,37,0,0,37,0,37,98,0,98,135
09/02/2019,TIX,FL,ASO,ES,Federal Contract Tower,0,0,5,0,5,0,0,11,0,11,0,0,16,0,16,46,0,46,62
09/04/2019,TIX,FL,ASO,ES,Federal Contract Tower,0,0,0,0,0,0,0,21,0,21,0,0,21,0,21,16,0,16,37
09/05/2019,TIX,FL,ASO,ES,Federal Contract Tower,0,0,18,0,18,0,0,64,0,64,0,0,82,0,82,162,0,162,244
09/06/2019,TIX,FL,ASO,ES,Federal Contract Tower,0,0,36,0,36,0,0,63,0,63,0,0,99,0,99,178,0,178,277
09/07/2019,TIX,FL,ASO,ES,Federal Contract Tower,0,0,31,0,31,0,0,92,0,92,0,0,123,0,123,98,0,98,221
09/08/2019,TIX,FL,ASO,ES,Federal Contract Tower,0,0,40,0,40,0,0,76,0,76,0,0,116,0,116,206,0,206,322
09/09/2019,TIX,FL,ASO,ES,Federal Contract Tower,0,0,32,0,32,0,0,67,0,67,0,0,99,0,99,188,0,188,287
09/10/2019,TIX,FL,ASO,ES,Federal Contract Tower,0,0,54,0,54,0,0,87,0,87,0,0,141,0,141,206,0,206,347
09/11/2019,TIX,FL,ASO,ES,Federal Contract Tower,0,0,45,2,47,0,0,71,1,72,0,0,116,3,119,138,0,138,257
09/12/2019,TIX,FL,ASO,ES,Federal Contract Tower,0,0,53,0,53,0,0,75,0,75,0,0,128,0,128,138,0,138,266
09/13/2019,TIX,FL,ASO,ES,Federal Contract Tower,0,0,26,0,26,0,0,50,0,50,0,0,76,0,76,122,0,122,198
09/14/2019,TIX,FL,ASO,ES,Federal Contract Tower,0,0,16,0,16,0,0,12,0,12,0,0,28,0,28,30,0,30,58
09/15/2019,TIX,FL,ASO,ES,Federal Contract Tower,0,0,40,0,40,0,0,37,0,37,0,0,77,0,77,86,0,86,163
09/16/2019,TIX,FL,ASO,ES,Federal Contract Tower,0,0,64,0,64,0,0,78,0,78,0,0,142,0,142,154,0,154,296
09/17/2019,TIX,FL,ASO,ES,Federal Contract Tower,0,0,59,0,59,0,0,75,0,75,0,0,134,0,134,180,0,180,314
09/18/2019,TIX,FL,ASO,ES,Federal Contract Tower,0,0,44,0,44,0,0,81,0,81,0,0,125,0,125,153,0,153,278
09/19/2019,TIX,FL,ASO,ES,Federal Contract Tower,0,0,59,0,59,0,0,83,0,83,0,0,142,0,142,162,0,162,304
09/20/2019,TIX,FL,ASO,ES,Federal Contract Tower,0,0,49,0,49,0,0,65,0,65,0,0,114,0,114,102,0,102,216
09/21/2019,TIX,FL,ASO,ES,Federal Contract Tower,0,1,29,0,30,0,0,57,0,57,0,1,86,0,87,116,0,116,203
09/22/2019,TIX,FL,ASO,ES,Federal Contract Tower,0,0,26,0,26,0,0,67,0,67,0,0,93,0,93,158,0,158,251
09/23/2019,TIX,FL,ASO,ES,Federal Contract Tower,0,0,52,0,52,0,0,69,0,69,0,0,121,0,121,180,0,180,301
09/24/2019,TIX,FL,ASO,ES,Federal Contract Tower,0,0,41,0,41,0,0,89,0,89,0,0,130,0,130,188,0,188,318
09/25/2019,TIX,FL,ASO,ES,Federal Contract Tower,0,1,59,0,60,0,0,106,0,106,0,1,165,0,166,230,0,230,396
09/26/2019,TIX,FL,ASO,ES,Federal Contract Tower,0,0,41,0,41,0,0,73,0,73,0,0,114,0,114,152,0,152,266
09/27/2019,TIX,FL,ASO,ES,Federal Contract Tower,0,0,44,0,44,0,0,67,0,67,0,0,111,0,111,142,0,142,253
09/28/2019,TIX,FL,ASO,ES,Federal Contract Tower,0,1,33,0,34,0,0,59,0,59,0,1,92,0,93,112,0,112,205
09/29/2019,TIX,FL,ASO,ES,Federal Contract Tower,0,0,39,0,39,0,0,44,0,44,0,0,83,0,83,102,0,102,185
09/30/2019,TIX,FL,ASO,ES,Federal Contract Tower,0,0,48,6,54,0,0,68,0,68,0,0,116,6,122,162,0,162,284
10/01/2019,TIX,FL,ASO,ES,Federal Contract Tower,0,0,42,0,42,0,0,78,0,78,0,0,120,0,120,164,0,164,284
10/02/2019,TIX,FL,ASO,ES,Federal Contract Tower,0,0,54,0,54,0,0,69,0,69,0,0,123,0,123,196,0,196,319
10/03/2019,TIX,FL,ASO,ES,Federal Contract Tower,0,0,89,0,89,0,0,103,0,103,0,0,192,0,192,252,0,252,444
10/04/2019,TIX,FL,ASO,ES,Federal Contract Tower,0,2,41,0,43,0,0,90,2,92,0,2,131,2,135,130,0,130,265
10/05/2019,TIX,FL,ASO,ES,Federal Contract Tower,0,0,44,0,44,0,0,54,0,54,0,0,98,0,98,108,0,108,206
10/06/2019,TIX,FL,ASO,ES,Federal Contract Tower,0,0,39,2,41,0,0,45,0,45,0,0,84,2,86,56,0,56,142
10/07/2019,TIX,FL,ASO,ES,Federal Contract Tower,0,0,55,0,55,0,0,33,0,33,0,0,88,0,88,38,0,38,126
10/08/2019,TIX,FL,ASO,ES,Federal Contract Tower,0,0,33,0,33,0,0,64,0,64,0,0,97,0,97,164,0,164,261
10/09/2019,TIX,FL,ASO,ES,Federal Contract Tower,0,0,36,0,36,0,0,34,0,34,0,0,70,0,70,64,0,64,134
10/10/2019,TIX,FL,ASO,ES,Federal Contract Tower,0,1,29,0,30,0,0,57,0,57,0,1,86,0,87,100,0,100,187
10/11/2019,TIX,FL,ASO,ES,Federal Contract Tower,0,2,70,0,72,0,0,73,0,73,0,2,143,0,145,170,0,170,315
10/12/2019,TIX,FL,ASO,ES,Federal Contract Tower,0,1,63,0,64,0,0,101,0,101,0,1,164,0,165,150,0,150,315
10/13/2019,TIX,FL,ASO,ES,Federal Contract Tower,0,0,55,0,55,0,0,55,0,55,0,0,110,0,110,96,0,96,206
10/14/2019,TIX,FL,ASO,ES,Federal Contract Tower,0,2,65,0,67,0,0,75,0,75,0,2,140,0,142,202,0,202,344
10/15/2019,TIX,FL,ASO,ES,Federal Contract Tower,0,2,14,0,16,0,0,108,0,108,0,2,122,0,124,216,0,216,340
10/16/2019,TIX,FL,ASO,ES,Federal Contract Tower,0,0,52,0,52,0,0,80,0,80,0,0,132,0,132,212,0,212,344
10/17/2019,TIX,FL,ASO,ES,Federal Contract Tower,0,0,72,0,72,0,0,87,0,87,0,0,159,0,159,198,0,198,357
10/18/2019,TIX,FL,ASO,ES,Federal Contract Tower,0,1,29,0,30,0,0,60,0,60,0,1,89,0,90,122,0,122,212
10/19/2019,TIX,FL,ASO,ES,Federal Contract Tower,0,0,2,0,2,0,0,10,0,10,0,0,12,0,12,20,0,20,32
10/20/2019,TIX,FL,ASO,ES,Federal Contract Tower,0,1,38,0,39,0,0,48,0,48,0,1,86,0,87,102,0,102,189
10/21/2019,TIX,FL,ASO,ES,Federal Contract Tower,0,0,55,0,55,0,0,83,0,83,0,0,138,0,138,216,0,216,354
10/22/2019,TIX,FL,ASO,ES,Federal Contract Tower,0,0,67,0,67,0,0,116,0,116,0,0,183,0,183,266,0,266,449
10/23/2019,TIX,FL,ASO,ES,Federal Contract Tower,0,0,44,0,44,0,0,92,0,92,0,0,136,0,136,248,0,248,384
10/24/2019,TIX,FL,ASO,ES,Federal Contract Tower,0,2,26,0,28,0,0,60,0,60,0,2,86,0,88,122,0,122,210
10/25/2019,TIX,FL,ASO,ES,Federal Contract Tower,0,0,35,0,35,0,0,71,0,71,0,0,106,0,106,132,0,132,238
10/26/2019,TIX,FL,ASO,ES,Federal Contract Tower,0,0,21,0,21,0,0,35,0,35,0,0,56,0,56,128,0,128,184
10/27/2019,TIX,FL,ASO,ES,Federal Contract Tower,0,0,22,0,22,0,0,50,0,50,0,0,72,0,72,118,0,118,190
10/28/2019,TIX,FL,ASO,ES,Federal Contract Tower,0,1,42,0,43,0,0,67,0,67,0,1,109,0,110,156,0,156,266
10/29/2019,TIX,FL,ASO,ES,Federal Contract Tower,0,1,52,0,53,0,0,86,0,86,0,1,138,0,139,184,0,184,323
10/30/2019,TIX,FL,ASO,ES,Federal Contract Tower,0,0,53,0,53,0,0,88,0,88,0,0,141,0,141,222,0,222,363
10/31/2019,TIX,FL,ASO,ES,Federal Contract Tower,0,0,30,0,30,0,0,70,0,70,0,0,100,0,100,156,0,156,256
11/01/2019,TIX,FL,ASO,ES,Federal Contract Tower,0,0,58,0,58,0,0,52,0,52,0,0,110,0,110,114,0,114,224
11/02/2019,TIX,FL,ASO,ES,Federal Contract Tower,0,0,54,0,54,0,0,63,0,63,0,0,117,0,117,154,0,154,271
11/03/2019,TIX,FL,ASO,ES,Federal Contract Tower,0,0,67,0,67,0,0,48,0,48,0,0,115,0,115,94,0,94,209
11/04/2019,TIX,FL,ASO,ES,Federal Contract Tower,0,0,50,0,50,0,0,47,0,47,0,0,97,0,97,96,0,96,193
11/05/2019,TIX,FL,ASO,ES,Federal Contract Tower,0,0,53,0,53,0,0,72,0,72,0,0,125,0,125,182,0,182,307
11/06/2019,TIX,FL,ASO,ES,Federal Contract Tower,0,0,45,0,45,0,0,67,0,67,0,0,112,0,112,148,0,148,260
11/07/2019,TIX,FL,ASO,ES,Federal Contract Tower,0,0,60,0,60,0,0,92,0,92,0,0,152,0,152,202,0,202,354
11/08/2019,TIX,FL,ASO,ES,Federal Contract Tower,0,0,57,0,57,0,0,31,0,31,0,0,88,0,88,92,0,92,180
11/09/2019,TIX,FL,ASO,ES,Federal Contract Tower,0,0,37,0,37,0,0,29,0,29,0,0,66,0,66,72,0,72,138
11/10/2019,TIX,FL,ASO,ES,Federal Contract Tower,0,3,45,0,48,0,0,94,0,94,0,3,139,0,142,152,0,152,294
11/11/2019,TIX,FL,ASO,ES,Federal Contract Tower,0,1,37,0,38,0,0,75,0,75,0,1,112,0,113,180,0,180,293
11/12/2019,TIX,FL,ASO,ES,Federal Contract Tower,0,1,47,0,48,0,0,76,0,76,0,1,123,0,124,184,0,184,308
11/13/2019,TIX,FL,ASO,ES,Federal Contract Tower,0,0,65,0,65,0,0,33,0,33,0,0,98,0,98,60,0,60,158
11/14/2019,TIX,FL,ASO,ES,Federal Contract Tower,0,0,74,0,74,0,0,75,0,75,0,0,149,0,149,126,0,126,275
11/15/2019,TIX,FL,ASO,ES,Federal Contract Tower,0,0,45,0,45,0,0,50,0,50,0,0,95,0,95,114,0,114,209
11/16/2019,TIX,FL,ASO,ES,Federal Contract Tower,0,0,52,0,52,0,0,57,0,57,0,0,109,0,109,94,0,94,203
11/17/2019,TIX,FL,ASO,ES,Federal Contract Tower,0,0,35,0,35,0,0,0,0,0,0,0,35,0,35,0,0,0,35
11/18/2019,TIX,FL,ASO,ES,Federal Contract Tower,0,0,45,0,45,0,0,74,0,74,0,0,119,0,119,176,0,176,295
11/19/2019,TIX,FL,ASO,ES,Federal Contract Tower,0,1,45,0,46,0,0,101,0,101,0,1,146,0,147,224,0,224,371
11/20/2019,TIX,FL,ASO,ES,Federal Contract Tower,0,3,37,0,40,0,0,84,0,84,0,3,121,0,124,214,0,214,338
11/21/2019,TIX,FL,ASO,ES,Federal Contract Tower,0,0,47,0,47,0,0,92,0,92,0,0,139,0,139,152,0,152,291
11/22/2019,TIX,FL,ASO,ES,Federal Contract Tower,0,0,44,4,48,0,0,100,0,100,0,0,144,4,148,170,2,172,320
11/23/2019,TIX,FL,ASO,ES,Federal Contract Tower,0,5,24,0,29,0,0,72,0,72,0,5,96,0,101,176,0,176,277
11/24/2019,TIX,FL,ASO,ES,Federal Contract Tower,0,0,35,0,35,0,0,55,0,55,0,0,90,0,90,96,0,96,186
11/25/2019,TIX,FL,ASO,ES,Federal Contract Tower,0,0,46,0,46,0,0,80,0,80,0,0,126,0,126,182,0,182,308
11/26/2019,TIX,FL,ASO,ES,Federal Contract Tower,0,0,64,0,64,0,0,105,0,105,0,0,169,0,169,194,0,194,363
11/27/2019,TIX,FL,ASO,ES,Federal Contract Tower,0,0,75,0,75,0,0,86,0,86,0,0,161,0,161,140,0,140,301
11/28/2019,TIX,FL,ASO,ES,Federal Contract Tower,0,0,7,0,7,0,0,18,0,18,0,0,25,0,25,26,0,26,51
11/29/2019,TIX,FL,ASO,ES,Federal Contract Tower,0,0,27,0,27,0,0,30,0,30,0,0,57,0,57,46,0,46,103
11/30/2019,TIX,FL,ASO,ES,Federal Contract Tower,0,0,42,0,42,0,0,70,0,70,0,0,112,0,112,128,0,128,240
12/01/2019,TIX,FL,ASO,ES,Federal Contract Tower,0,2,41,0,43,0,0,44,0,44,0,2,85,0,87,46,0,46,133
12/02/2019,TIX,FL,ASO,ES,Federal Contract Tower,0,2,50,0,52,0,0,65,0,65,0,2,115,0,117,156,0,156,273
12/03/2019,TIX,FL,ASO,ES,Federal Contract Tower,0,0,92,0,92,0,0,76,0,76,0,0,168,0,168,154,0,154,322
12/04/2019,TIX,FL,ASO,ES,Federal Contract Tower,0,0,47,0,47,0,0,73,0,73,0,0,120,0,120,152,0,152,272
12/05/2019,TIX,FL,ASO,ES,Federal Contract Tower,0,0,42,2,44,0,0,61,0,61,0,0,103,2,105,156,0,156,261
12/06/2019,TIX,FL,ASO,ES,Federal Contract Tower,0,1,31,0,32,0,0,77,0,77,0,1,108,0,109,128,0,128,237
12/07/2019,TIX,FL,ASO,ES,Federal Contract Tower,0,0,35,0,35,0,0,62,0,62,0,0,97,0,97,148,0,148,245
12/08/2019,TIX,FL,ASO,ES,Federal Contract Tower,0,5,27,0,32,0,0,60,0,60,0,5,87,0,92,124,0,124,216
12/09/2019,TIX,FL,ASO,ES,Federal Contract Tower,0,0,38,0,38,0,0,73,0,73,0,0,111,0,111,208,0,208,319
12/10/2019,TIX,FL,ASO,ES,Federal Contract Tower,0,1,43,0,44,0,0,72,0,72,0,1,115,0,116,156,0,156,272
12/11/2019,TIX,FL,ASO,ES,Federal Contract Tower,0,0,50,0,50,0,0,18,0,18,0,0,68,0,68,0,0,0,68
12/12/2019,TIX,FL,ASO,ES,Federal Contract Tower,0,2,42,0,44,0,0,8,0,8,0,2,50,0,52,6,0,6,58
12/13/2019,TIX,FL,ASO,ES,Federal Contract Tower,0,0,33,0,33,0,0,40,0,40,0,0,73,0,73,112,0,112,185
12/14/2019,TIX,FL,ASO,ES,Federal Contract Tower,0,0,24,0,24,0,0,58,0,58,0,0,82,0,82,108,0,108,190
12/15/2019,TIX,FL,ASO,ES,Federal Contract Tower,0,0,38,0,38,0,0,56,0,56,0,0,94,0,94,116,0,116,210
12/16/2019,TIX,FL,ASO,ES,Federal Contract Tower,0,0,31,0,31,0,0,77,0,77,0,0,108,0,108,230,0,230,338
12/17/2019,TIX,FL,ASO,ES,Federal Contract Tower,0,0,29,0,29,0,0,36,0,36,0,0,65,0,65,68,0,68,133
12/18/2019,TIX,FL,ASO,ES,Federal Contract Tower,0,1,28,0,29,0,0,13,0,13,0,1,41,0,42,44,0,44,86
12/19/2019,TIX,FL,ASO,ES,Federal Contract Tower,0,2,36,0,38,0,0,69,0,69,0,2,105,0,107,176,0,176,283
12/20/2019,TIX,FL,ASO,ES,Federal Contract Tower,0,2,34,0,36,0,0,62,0,62,0,2,96,0,98,176,0,176,274
12/21/2019,TIX,FL,ASO,ES,Federal Contract Tower,0,0,26,0,26,0,0,63,0,63,0,0,89,0,89,194,0,194,283
12/22/2019,TIX,FL,ASO,ES,Federal Contract Tower,0,1,16,0,17,0,0,2,0,2,0,1,18,0,19,12,0,12,31
12/23/2019,TIX,FL,ASO,ES,Federal Contract Tower,0,1,44,0,45,0,0,61,0,61,0,1,105,0,106,196,0,196,302
12/24/2019,TIX,FL,ASO,ES,Federal Contract Tower,0,0,22,0,22,0,0,28,0,28,0,0,50,0,50,94,0,94,144
12/25/2019,TIX,FL,ASO,ES,Federal Contract Tower,0,0,0,0,0,0,0,4,0,4,0,0,4,0,4,4,0,4,8
12/26/2019,TIX,FL,ASO,ES,Federal Contract Tower,0,0,24,0,24,0,0,72,0,72,0,0,96,0,96,186,0,186,282
12/27/2019,TIX,FL,ASO,ES,Federal Contract Tower,0,1,66,0,67,0,0,37,0,37,0,1,103,0,104,112,0,112,216
12/28/2019,TIX,FL,ASO,ES,Federal Contract Tower,0,2,39,0,41,0,0,24,0,24,0,2,63,0,65,46,0,46,111
12/29/2019,TIX,FL,ASO,ES,Federal Contract Tower,0,0,33,0,33,0,0,7,0,7,0,0,40,0,40,0,0,0,40
12/30/2019,TIX,FL,ASO,ES,Federal Contract Tower,0,0,38,0,38,0,0,75,0,75,0,0,113,0,113,168,0,168,281
12/31/2019,TIX,FL,ASO,ES,Federal Contract Tower,0,1,30,0,31,0,0,59,0,59,0,1,89,0,90,150,0,150,240
01/01/2020,TIX,FL,ASO,ES,Federal Contract Tower,0,1,13,0,14,0,0,43,0,43,0,1,56,0,57,92,0,92,149
01/02/2020,TIX,FL,ASO,ES,Federal Contract Tower,0,0,31,0,31,0,0,63,0,63,0,0,94,0,94,192,0,192,286
01/03/2020,TIX,FL,ASO,ES,Federal Contract Tower,0,2,30,0,32,0,0,44,0,44,0,2,74,0,76,92,0,92,168
01/04/2020,TIX,FL,ASO,ES,Federal Contract Tower,0,5,25,0,30,0,0,8,0,8,0,5,33,0,38,18,0,18,56
01/05/2020,TIX,FL,ASO,ES,Federal Contract Tower,0,2,49,0,51,0,0,58,0,58,0,2,107,0,109,144,0,144,253
01/06/2020,TIX,FL,ASO,ES,Federal Contract Tower,0,1,67,0,68,0,0,91,0,91,0,1,158,0,159,204,0,204,363
01/07/2020,TIX,FL,ASO,ES,Federal Contract Tower,0,0,47,0,47,0,0,71,0,71,0,0,118,0,118,182,0,182,300
01/08/2020,TIX,FL,ASO,ES,Federal Contract Tower,0,0,67,0,67,0,0,93,0,93,0,0,160,0,160,206,0,206,366
01/09/2020,TIX,FL,ASO,ES,Federal Contract Tower,0,0,36,0,36,0,0,57,0,57,0,0,93,0,93,138,0,138,231
01/10/2020,TIX,FL,ASO,ES,Federal Contract Tower,0,0,25,0,25,0,0,63,2,65,0,0,88,2,90,120,0,120,210
01/11/2020,TIX,FL,ASO,ES,Federal Contract Tower,0,0,18,2,20,0,0,50,0,50,0,0,68,2,70,120,20,140,210
01/12/2020,TIX,FL,ASO,ES,Federal Contract Tower,0,0,21,0,21,0,0,65,0,65,0,0,86,0,86,98,0,98,184
01/13/2020,TIX,FL,ASO,ES,Federal Contract Tower,0,0,33,0,33,0,0,81,0,81,0,0,114,0,114,212,0,212,326
01/14/2020,TIX,FL,ASO,ES,Federal Contract Tower,0,0,31,0,31,0,0,76,0,76,0,0,107,0,107,194,0,194,301
01/15/2020,TIX,FL,ASO,ES,Federal Contract Tower,0,0,28,0,28,0,0,97,0,97,0,0,125,0,125,192,0,192,317
01/16/2020,TIX,FL,ASO,ES,Federal Contract Tower,0,3,33,0,36,0,0,78,0,78,0,3,111,0,114,172,0,172,286
01/17/2020,TIX,FL,ASO,ES,Federal Contract Tower,0,1,33,0,34,0,0,65,0,65,0,1,98,0,99,130,0,130,229
01/18/2020,TIX,FL,ASO,ES,Federal Contract Tower,0,0,29,0,29,0,0,72,0,72,0,0,101,0,101,222,0,222,323
01/19/2020,TIX,FL,ASO,ES,Federal Contract Tower,0,2,25,0,27,0,0,56,0,56,0,2,81,0,83,154,0,154,237
01/20/2020,TIX,FL,ASO,ES,Federal Contract Tower,0,1,54,0,55,0,0,83,0,83,0,1,137,0,138,188,0,188,326
01/21/2020,TIX,FL,ASO,ES,Federal Contract Tower,0,4,72,0,76,0,0,70,0,70,0,4,142,0,146,158,0,158,304
01/22/2020,TIX,FL,ASO,ES,Federal Contract Tower,0,1,17,2,20,0,0,18,0,18,0,1,35,2,38,44,0,44,82
01/23/2020,TIX,FL,ASO,ES,Federal Contract Tower,0,0,34,0,34,0,0,40,0,40,0,0,74,0,74,60,0,60,134
01/24/2020,TIX,FL,ASO,ES,Federal Contract Tower,0,2,41,0,43,0,0,122,0,122,0,2,163,0,165,242,0,242,407
01/25/2020,TIX,FL,ASO,ES,Federal Contract Tower,0,0,63,0,63,0,0,104,0,104,0,0,167,0,167,156,0,156,323
01/26/2020,TIX,FL,ASO,ES,Federal Contract Tower,0,0,43,0,43,0,0,85,0,85,0,0,128,0,128,152,0,152,280
01/27/2020,TIX,FL,ASO,ES,Federal Contract Tower,0,0,38,0,38,0,0,79,0,79,0,0,117,0,117,200,0,200,317
01/28/2020,TIX,FL,ASO,ES,Federal Contract Tower,0,0,69,0,69,0,0,93,0,93,0,0,162,0,162,210,0,210,372
01/29/2020,TIX,FL,ASO,ES,Federal Contract Tower,0,0,75,0,75,0,0,92,0,92,0,0,167,0,167,232,0,232,399
01/30/2020,TIX,FL,ASO,ES,Federal Contract Tower,0,1,55,0,56,0,0,38,0,38,0,1,93,0,94,92,0,92,186
01/31/2020,TIX,FL,ASO,ES,Federal Contract Tower,0,0,47,0,47,0,0,73,0,73,0,0,120,0,120,158,0,158,278
02/01/2020,TIX,FL,ASO,ES,Federal Contract Tower,0,0,24,0,24,0,0,0,0,0,0,0,24,0,24,30,0,30,54
02/02/2020,TIX,FL,ASO,ES,Federal Contract Tower,0,0,51,0,51,0,0,68,0,68,0,0,119,0,119,116,0,116,235
02/03/2020,TIX,FL,ASO,ES,Federal Contract Tower,0,0,38,0,38,0,0,85,0,85,0,0,123,0,123,206,0,206,329
02/04/2020,TIX,FL,ASO,ES,Federal Contract Tower,0,4,47,0,51,0,0,86,0,86,0,4,133,0,137,170,0,170,307
02/05/2020,TIX,FL,ASO,ES,Federal Contract Tower,0,0,37,1,38,0,0,102,0,102,0,0,139,1,140,216,0,216,356
02/06/2020,TIX,FL,ASO,ES,Federal Contract Tower,0,0,12,0,12,0,0,12,0,12,0,0,24,0,24,12,0,12,36
02/07/2020,TIX,FL,ASO,ES,Federal Contract Tower,0,1,38,0,39,0,0,55,0,55,0,1,93,0,94,92,0,92,186
02/08/2020,TIX,FL,ASO,ES,Federal Contract Tower,0,0,40,1,41,0,0,80,0,80,0,0,120,1,121,206,0,206,327
02/09/2020,TIX,FL,ASO,ES,Federal Contract Tower,0,2,33,2,37,0,0,68,0,68,0,2,101,2,105,226,0,226,331
02/10/2020,TIX,FL,ASO,ES,Federal Contract Tower,0,0,52,0,52,0,0,98,0,98,0,0,150,0,150,262,0,262,412
02/11/2020,TIX,FL,ASO,ES,Federal Contract Tower,0,1,51,0,52,0,0,111,0,111,0,1,162,0,163,310,0,310,473
02/12/2020,TIX,FL,ASO,ES,Federal Contract Tower,0,4,40,0,44,0,0,81,0,81,0,4,121,0,125,202,0,202,327
02/13/2020,TIX,FL,ASO,ES,Federal Contract Tower,0,0,31,0,31,0,0,44,0,44,0,0,75,0,75,92,0,92,167
02/14/2020,TIX,FL,ASO,ES,Federal Contract Tower,0,0,28,0,28,0,0,4,0,4,0,0,32,0,32,0,0,0,32
02/15/2020,TIX,FL,ASO,ES,Federal Contract Tower,0,1,36,0,37,0,0,33,0,33,0,1,69,0,70,74,0,74,144
02/16/2020,TIX,FL,ASO,ES,Federal Contract Tower,0,2,18,0,20,0,0,52,0,52,0,2,70,0,72,156,0,156,228
02/17/2020,TIX,FL,ASO,ES,Federal Contract Tower,0,0,47,0,47,0,0,63,0,63,0,0,110,0,110,140,0,140,250
02/18/2020,TIX,FL,ASO,ES,Federal Contract Tower,0,2,30,0,32,0,0,81,0,81,0,2,111,0,113,192,0,192,305
02/19/2020,TIX,FL,ASO,ES,Federal Contract Tower,0,0,40,0,40,0,0,71,0,71,0,0,111,0,111,166,0,166,277
02/20/2020,TIX,FL,ASO,ES,Federal Contract Tower,0,0,28,0,28,0,0,46,0,46,0,0,74,0,74,88,0,88,162
02/21/2020,TIX,FL,ASO,ES,Federal Contract Tower,0,0,18,0,18,0,0,3,0,3,0,0,21,0,21,0,0,0,21
02/22/2020,TIX,FL,ASO,ES,Federal Contract Tower,0,0,30,0,30,0,0,43,1,44,0,0,73,1,74,174,0,174,248
02/23/2020,TIX,FL,ASO,ES,Federal Contract Tower,0,1,41,0,42,0,0,68,0,68,0,1,109,0,110,208,0,208,318
02/24/2020,TIX,FL,ASO,ES,Federal Contract Tower,0,0,35,0,35,0,0,81,0,81,0,0,116,0,116,230,0,230,346
02/25/2020,TIX,FL,ASO,ES,Federal Contract Tower,0,0,46,0,46,0,0,76,0,76,0,0,122,0,122,188,0,188,310
02/26/2020,TIX,FL,ASO,ES,Federal Contract Tower,0,0,16,0,16,0,0,22,0,22,0,0,38,0,38,50,0,50,88
02/27/2020,TIX,FL,ASO,ES,Federal Contract Tower,0,0,62,0,62,0,0,53,0,53,0,0,115,0,115,124,0,124,239
02/28/2020,TIX,FL,ASO,ES,Federal Contract Tower,0,0,41,0,41,0,0,63,0,63,0,0,104,0,104,172,0,172,276
02/29/2020,TIX,FL,ASO,ES,Federal Contract Tower,0,1,57,0,58,0,0,71,0,71,0,1,128,0,129,146,0,146,275
03/01/2020,TIX,FL,ASO,ES,Federal Contract Tower,0,1,35,0,36,0,0,77,0,77,0,1,112,0,113,226,0,226,339
03/02/2020,TIX,FL,ASO,ES,Federal Contract Tower,0,0,37,0,37,0,0,61,0,61,0,0,98,0,98,168,0,168,266
03/03/2020,TIX,FL,ASO,ES,Federal Contract Tower,0,0,43,0,43,0,0,89,0,89,0,0,132,0,132,182,0,182,314
03/04/2020,TIX,FL,ASO,ES,Federal Contract Tower,0,0,29,0,29,0,0,69,0,69,0,0,98,0,98,176,0,176,274
03/05/2020,TIX,FL,ASO,ES,Federal Contract Tower,0,0,36,0,36,0,0,47,0,47,0,0,83,0,83,116,0,116,199
03/06/2020,TIX,FL,ASO,ES,Federal Contract Tower,0,0,58,0,58,0,0,78,0,78,0,0,136,0,136,186,0,186,322
03/07/2020,TIX,FL,ASO,ES,Federal Contract Tower,0,1,30,0,31,0,0,41,0,41,0,1,71,0,72,66,0,66,138
03/08/2020,TIX,FL,ASO,ES,Federal Contract Tower,0,0,30,0,30,0,0,53,0,53,0,0,83,0,83,180,0,180,263
03/09/2020,TIX,FL,ASO,ES,Federal Contract Tower,0,0,25,0,25,0,0,37,0,37,0,0,62,0,62,108,0,108,170
03/10/2020,TIX,FL,ASO,ES,Federal Contract Tower,0,0,49,0,49,0,0,96,0,96,0,0,145,0,145,160,0,160,305
03/11/2020,TIX,FL,ASO,ES,Federal Contract Tower,0,0,43,0,43,0,0,87,0,87,0,0,130,0,130,240,0,240,370
03/12/2020,TIX,FL,ASO,ES,Federal Contract Tower,0,0,43,0,43,0,0,83,0,83,0,0,126,0,126,240,0,240,366
03/13/2020,TIX,FL,ASO,ES,Federal Contract Tower,0,0,17,2,19,0,0,81,0,81,0,0,98,2,100,170,0,170,270
03/14/2020,TIX,FL,ASO,ES,Federal Contract Tower,0,3,13,0,16,0,0,96,0,96,0,3,109,0,112,150,0,150,262
03/15/2020,TIX,FL,ASO,ES,Federal Contract Tower,0,0,17,5,22,0,0,72,0,72,0,0,89,5,94,210,0,210,304
03/16/2020,TIX,FL,ASO,ES,Federal Contract Tower,0,0,27,0,27,0,0,53,1,54,0,0,80,1,81,130,2,132,213
03/17/2020,TIX,FL,ASO,ES,Federal Contract Tower,0,0,41,0,41,0,0,82,0,82,0,0,123,0,123,164,0,164,287
03/18/2020,TIX,FL,ASO,ES,Federal Contract Tower,0,0,51,0,51,0,0,78,0,78,0,0,129,0,129,186,0,186,315
03/19/2020,TIX,FL,ASO,ES,Federal Contract Tower,0,0,13,0,13,0,0,86,0,86,0,0,99,0,99,136,0,136,235
03/20/2020,TIX,FL,ASO,ES,Federal Contract Tower,0,0,16,0,16,0,0,82,0,82,0,0,98,0,98,124,0,124,222
03/21/2020,TIX,FL,ASO,ES,Federal Contract Tower,0,0,19,0,19,0,0,76,0,76,0,0,95,0,95,158,0,158,253
03/22/2020,TIX,FL,ASO,ES,Federal Contract Tower,0,0,29,0,29,0,0,77,0,77,0,0,106,0,106,184,0,184,290
03/23/2020,TIX,FL,ASO,ES,Federal Contract Tower,0,2,10,0,12,0,0,72,0,72,0,2,82,0,84,164,0,164,248
03/24/2020,TIX,FL,ASO,ES,Federal Contract Tower,0,2,18,0,20,0,0,88,0,88,0,2,106,0,108,214,0,214,322
03/25/2020,TIX,FL,ASO,ES,Federal Contract Tower,0,0,33,0,33,0,0,70,0,70,0,0,103,0,103,170,0,170,273
03/26/2020,TIX,FL,ASO,ES,Federal Contract Tower,0,0,43,0,43,0,0,66,0,66,0,0,109,0,109,180,0,180,289
03/27/2020,TIX,FL,ASO,ES,Federal Contract Tower,0,2,8,0,10,0,0,77,0,77,0,2,85,0,87,172,0,172,259
03/28/2020,TIX,FL,ASO,ES,Federal Contract Tower,0,0,20,0,20,0,0,68,0,68,0,0,88,0,88,168,0,168,256
03/29/2020,TIX,FL,ASO,ES,Federal Contract Tower,0,0,16,0,16,0,0,82,0,82,0,0,98,0,98,194,0,194,292
03/30/2020,TIX,FL,ASO,ES,Federal Contract Tower,0,0,43,0,43,0,0,95,0,95,0,0,138,0,138,326,0,326,464
03/31/2020,TIX,FL,ASO,ES,Federal Contract Tower,0,0,23,0,23,0,0,90,0,90,0,0,113,0,113,204,0,204,317
04/01/2020,TIX,FL,ASO,ES,Federal Contract Tower,0,0,29,0,29,0,0,67,0,67,0,0,96,0,96,210,0,210,306
04/02/2020,TIX,FL,ASO,ES,Federal Contract Tower,0,0,47,0,47,0,0,91,0,91,0,0,138,0,138,241,0,241,379
04/03/2020,TIX,FL,ASO,ES,Federal Contract Tower,0,0,22,0,22,0,0,71,0,71,0,0,93,0,93,186,0,186,279
04/04/2020,TIX,FL,ASO,ES,Federal Contract Tower,0,0,14,0,14,0,0,60,0,60,0,0,74,0,74,76,0,76,150
04/05/2020,TIX,FL,ASO,ES,Federal Contract Tower,0,0,16,0,16,0,0,35,0,35,0,0,51,0,51,77,0,77,128
04/06/2020,TIX,FL,ASO,ES,Federal Contract Tower,0,1,19,0,20,0,0,90,0,90,0,1,109,0,110,264,0,264,374
04/07/2020,TIX,FL,ASO,ES,Federal Contract Tower,0,1,26,0,27,0,0,100,0,100,0,1,126,0,127,250,0,250,377
04/08/2020,TIX,FL,ASO,ES,Federal Contract Tower,0,0,24,0,24,0,0,81,0,81,0,0,105,0,105,210,0,210,315
04/09/2020,TIX,FL,ASO,ES,Federal Contract Tower,0,0,25,0,25,0,0,62,0,62,0,0,87,0,87,138,0,138,225
04/10/2020,TIX,FL,ASO,ES,Federal Contract Tower,0,0,15,0,15,0,0,36,0,36,0,0,51,0,51,72,0,72,123
04/11/2020,TIX,FL,ASO,ES,Federal Contract Tower,0,1,15,0,16,0,0,57,0,57,0,1,72,0,73,176,0,176,249
04/12/2020,TIX,FL,ASO,ES,Federal Contract Tower,0,1,12,0,13,0,0,36,0,36,0,1,48,0,49,110,0,110,159
04/13/2020,TIX,FL,ASO,ES,Federal Contract Tower,0,0,10,0,10,0,0,55,0,55,0,0,65,0,65,206,0,206,271
04/14/2020,TIX,FL,ASO,ES,Federal Contract Tower,0,2,27,0,29,0,0,76,0,76,0,2,103,0,105,220,0,220,325
04/15/2020,TIX,FL,ASO,ES,Federal Contract Tower,0,0,19,0,19,0,0,49,0,49,0,0,68,0,68,136,0,136,204
04/16/2020,TIX,FL,ASO,ES,Federal Contract Tower,0,1,18,0,19,0,0,1,0,1,0,1,19,0,20,0,0,0,20
04/17/2020,TIX,FL,ASO,ES,Federal Contract Tower,0,0,32,0,32,0,0,68,0,68,0,0,100,0,100,180,0,180,280
04/18/2020,TIX,FL,ASO,ES,Federal Contract Tower,0,0,30,0,30,0,0,48,0,48,0,0,78,0,78,78,0,78,156
04/19/2020,TIX,FL,ASO,ES,Federal Contract Tower,0,0,14,0,14,0,0,71,0,71,0,0,85,0,85,208,0,208,293
04/20/2020,TIX,FL,ASO,ES,Federal Contract Tower,0,2,6,0,8,0,0,63,0,63,0,2,69,0,71,188,0,188,259
04/21/2020,TIX,FL,ASO,ES,Federal Contract Tower,0,0,52,0,52,0,0,104,0,104,0,0,156,0,156,234,0,234,390
04/22/2020,TIX,FL,ASO,ES,Federal Contract Tower,0,0,27,0,27,0,0,93,1,94,0,0,120,1,121,242,8,250,371
04/23/2020,TIX,FL,ASO,ES,Federal Contract Tower,0,0,10,0,10,0,0,37,0,37,0,0,47,0,47,70,0,70,117
04/24/2020,TIX,FL,ASO,ES,Federal Contract Tower,0,2,1,0,3,0,0,2,0,2,0,2,3,0,5,0,0,0,5
04/25/2020,TIX,FL,ASO,ES,Federal Contract Tower,0,0,3,0,3,0,0,48,0,48,0,0,51,0,51,108,0,108,159
04/26/2020,TIX,FL,ASO,ES,Federal Contract Tower,0,0,4,0,4,0,0,30,0,30,0,0,34,0,34,54,0,54,88
04/27/2020,TIX,FL,ASO,ES,Federal Contract Tower,0,2,40,0,42,0,0,81,0,81,0,2,121,0,123,240,0,240,363
04/28/2020,TIX,FL,ASO,ES,Federal Contract Tower,0,0,10,0,10,0,0,79,0,79,0,0,89,0,89,168,0,168,257
04/29/2020,TIX,FL,ASO,ES,Federal Contract Tower,0,0,13,0,13,0,0,70,0,70,0,0,83,0,83,134,0,134,217
04/30/2020,TIX,FL,ASO,ES,Federal Contract Tower,0,0,8,0,8,0,0,19,0,19,0,0,27,0,27,50,0,50,77
05/01/2020,TIX,FL,ASO,ES,Federal Contract Tower,0,0,26,0,26,0,0,96,0,96,0,0,122,0,122,212,0,212,334
05/02/2020,TIX,FL,ASO,ES,Federal Contract Tower,0,0,17,0,17,0,0,45,0,45,0,0,62,0,62,106,0,106,168
05/03/2020,TIX,FL,ASO,ES,Federal Contract Tower,0,0,4,0,4,0,0,55,0,55,0,0,59,0,59,114,0,114,173
05/04/2020,TIX,FL,ASO,ES,Federal Contract Tower,0,0,21,0,21,0,0,85,0,85,0,0,106,0,106,210,0,210,316
05/05/2020,TIX,FL,ASO,ES,Federal Contract Tower,0,0,41,0,41,0,0,72,0,72,0,0,113,0,113,194,0,194,307
05/06/2020,TIX,FL,ASO,ES,Federal Contract Tower,0,1,28,0,29,0,0,54,0,54,0,1,82,0,83,146,0,146,229
05/07/2020,TIX,FL,ASO,ES,Federal Contract Tower,0,0,13,0,13,0,0,58,0,58,0,0,71,0,71,120,0,120,191
05/08/2020,TIX,FL,ASO,ES,Federal Contract Tower,0,2,4,0,6,0,0,64,0,64,0,2,68,0,70,150,0,150,220
05/09/2020,TIX,FL,ASO,ES,Federal Contract Tower,0,0,37,0,37,0,0,84,0,84,0,0,121,0,121,168,0,168,289
05/10/2020,TIX,FL,ASO,ES,Federal Contract Tower,0,1,25,0,26,0,0,24,0,24,0,1,49,0,50,28,0,28,78
05/11/2020,TIX,FL,ASO,ES,Federal Contract Tower,0,0,25,5,30,0,0,69,0,69,0,0,94,5,99,178,0,178,277
05/12/2020,TIX,FL,ASO,ES,Federal Contract Tower,0,0,19,2,21,0,0,79,0,79,0,0,98,2,100,192,0,192,292
05/13/2020,TIX,FL,ASO,ES,Federal Contract Tower,0,0,27,0,27,0,0,48,0,48,0,0,75,0,75,158,0,158,233
05/14/2020,TIX,FL,ASO,ES,Federal Contract Tower,0,0,13,0,13,0,0,62,0,62,0,0,75,0,75,132,0,132,207
05/15/2020,TIX,FL,ASO,ES,Federal Contract Tower,0,2,20,0,22,0,0,60,0,60,0,2,80,0,82,122,0,122,204
05/16/2020,TIX,FL,ASO,ES,Federal Contract Tower,0,4,15,0,19,0,0,18,0,18,0,4,33,0,37,16,0,16,53
05/17/2020,TIX,FL,ASO,ES,Federal Contract Tower,0,0,41,0,41,0,0,62,0,62,0,0,103,0,103,110,0,110,213
05/18/2020,TIX,FL,ASO,ES,Federal Contract Tower,0,8,13,0,21,0,0,76,0,76,0,8,89,0,97,232,0,232,329
05/19/2020,TIX,FL,ASO,ES,Federal Contract Tower,0,4,49,2,55,0,0,101,1,102,0,4,150,3,157,242,2,244,401
05/20/2020,TIX,FL,ASO,ES,Federal Contract Tower,0,0,42,0,42,0,0,90,0,90,0,0,132,0,132,268,0,268,400
05/21/2020,TIX,FL,ASO,ES,Federal Contract Tower,0,1,23,0,24,0,0,93,0,93,0,1,116,0,117,242,0,242,359
05/22/2020,TIX,FL,ASO,ES,Federal Contract Tower,0,2,18,0,20,0,0,96,0,96,0,2,114,0,116,258,0,258,374
05/23/2020,TIX,FL,ASO,ES,Federal Contract Tower,0,0,19,0,19,0,0,72,0,72,0,0,91,0,91,156,0,156,247
05/24/2020,TIX,FL,ASO,ES,Federal Contract Tower,0,1,21,0,22,0,0,55,0,55,0,1,76,0,77,82,0,82,159
05/25/2020,TIX,FL,ASO,ES,Federal Contract Tower,0,1,16,0,17,0,0,25,0,25,0,1,41,0,42,90,0,90,132
05/26/2020,TIX,FL,ASO,ES,Federal Contract Tower,0,3,42,0,45,0,0,66,0,66,0,3,108,0,111,152,0,152,263
05/27/2020,TIX,FL,ASO,ES,Federal Contract Tower,0,1,22,0,23,0,0,6,0,6,0,1,28,0,29,2,0,2,31
05/28/2020,TIX,FL,ASO,ES,Federal Contract Tower,0,1,24,0,25,0,0,50,0,50,0,1,74,0,75,120,0,120,195
05/29/2020,TIX,FL,ASO,ES,Federal Contract Tower,0,0,35,0,35,0,0,83,0,83,0,0,118,0,118,214,0,214,332
05/30/2020,TIX,FL,ASO,ES,Federal Contract Tower,0,6,37,0,43,0,0,39,0,39,0,6,76,0,82,138,0,138,220
05/31/2020,TIX,FL,ASO,ES,Federal Contract Tower,0,3,49,0,52,0,0,76,0,76,0,3,125,0,128,168,2,170,298
06/01/2020,TIX,FL,ASO,ES,Federal Contract Tower,0,4,59,0,63,0,0,87,0,87,0,4,146,0,150,236,0,236,386
06/02/2020,TIX,FL,ASO,ES,Federal Contract Tower,0,0,15,0,15,0,0,65,0,65,0,0,80,0,80,180,0,180,260
06/03/2020,TIX,FL,ASO,ES,Federal Contract Tower,0,1,47,0,48,0,0,73,0,73,0,1,120,0,121,132,0,132,253
06/04/2020,TIX,FL,ASO,ES,Federal Contract Tower,0,0,5,0,5,0,0,6,0,6,0,0,11,0,11,24,0,24,35
06/05/2020,TIX,FL,ASO,ES,Federal Contract Tower,0,1,18,0,19,0,0,81,0,81,0,1,99,0,100,142,0,142,242
06/06/2020,TIX,FL,ASO,ES,Federal Contract Tower,0,0,32,0,32,0,0,10,0,10,0,0,42,0,42,22,0,22,64
06/07/2020,TIX,FL,ASO,ES,Federal Contract Tower,0,0,14,0,14,0,0,28,0,28,0,0,42,0,42,58,0,58,100
06/08/2020,TIX,FL,ASO,ES,Federal Contract Tower,0,2,34,0,36,0,0,89,0,89,0,2,123,0,125,266,0,266,391
06/09/2020,TIX,FL,ASO,ES,Federal Contract Tower,0,0,39,0,39,0,0,87,0,87,0,0,126,0,126,206,0,206,332
06/10/2020,TIX,FL,ASO,ES,Federal Contract Tower,0,3,34,0,37,0,0,67,0,67,0,3,101,0,104,236,0,236,340
06/11/2020,TIX,FL,ASO,ES,Federal Contract Tower,0,0,23,0,23,0,0,58,0,58,0,0,81,0,81,182,0,182,263
06/12/2020,TIX,FL,ASO,ES,Federal Contract Tower,0,0,57,0,57,0,0,99,0,99,0,0,156,0,156,214,0,214,370
06/13/2020,TIX,FL,ASO,ES,Federal Contract Tower,0,0,32,0,32,0,0,44,0,44,0,0,76,0,76,150,0,150,226
06/14/2020,TIX,FL,ASO,ES,Federal Contract Tower,0,0,11,0,11,0,0,52,0,52,0,0,63,0,63,100,0,100,163
06/15/2020,TIX,FL,ASO,ES,Federal Contract Tower,0,0,58,0,58,0,0,72,0,72,0,0,130,0,130,234,0,234,364
06/16/2020,TIX,FL,ASO,ES,Federal Contract Tower,0,0,61,0,61,0,0,106,0,106,0,0,167,0,167,256,0,256,423
06/17/2020,TIX,FL,ASO,ES,Federal Contract Tower,0,0,35,0,35,0,0,64,0,64,0,0,99,0,99,200,0,200,299
06/18/2020,TIX,FL,ASO,ES,Federal Contract Tower,0,0,21,0,21,0,0,58,0,58,0,0,79,0,79,164,0,164,243
06/19/2020,TIX,FL,ASO,ES,Federal Contract Tower,0,0,29,0,29,0,0,54,0,54,0,0,83,0,83,158,0,158,241
06/20/2020,TIX,FL,ASO,ES,Federal Contract Tower,0,0,8,0,8,0,0,61,0,61,0,0,69,0,69,90,0,90,159
06/21/2020,TIX,FL,ASO,ES,Federal Contract Tower,0,0,18,0,18,0,0,50,0,50,0,0,68,0,68,114,0,114,182
06/22/2020,TIX,FL,ASO,ES,Federal Contract Tower,0,0,30,0,30,0,0,79,2,81,0,0,109,2,111,212,0,212,323
06/23/2020,TIX,FL,ASO,ES,Federal Contract Tower,0,0,55,0,55,0,0,87,0,87,0,0,142,0,142,226,0,226,368
06/24/2020,TIX,FL,ASO,ES,Federal Contract Tower,0,0,26,0,26,0,0,92,0,92,0,0,118,0,118,224,0,224,342
06/25/2020,TIX,FL,ASO,ES,Federal Contract Tower,0,0,8,0,8,0,0,58,0,58,0,0,66,0,66,108,0,108,174
06/26/2020,TIX,FL,ASO,ES,Federal Contract Tower,0,0,30,0,30,0,0,94,0,94,0,0,124,0,124,276,0,276,400
06/27/2020,TIX,FL,ASO,ES,Federal Contract Tower,0,0,7,0,7,0,0,74,0,74,0,0,81,0,81,140,0,140,221
06/28/2020,TIX,FL,ASO,ES,Federal Contract Tower,0,0,7,0,7,0,0,61,0,61,0,0,68,0,68,80,0,80,148
06/29/2020,TIX,FL,ASO,ES,Federal Contract Tower,0,0,30,0,30,0,0,83,0,83,0,0,113,0,113,212,0,212,325
06/30/2020,TIX,FL,ASO,ES,Federal Contract Tower,0,0,40,0,40,0,0,90,0,90,0,0,130,0,130,174,0,174,304
07/01/2020,TIX,FL,ASO,ES,Federal Contract Tower,0,2,20,0,22,0,0,62,0,62,0,2,82,0,84,144,0,144,228
07/02/2020,TIX,FL,ASO,ES,Federal Contract Tower,0,0,28,0,28,0,0,57,0,57,0,0,85,0,85,94,0,94,179
07/03/2020,TIX,FL,ASO,ES,Federal Contract Tower,0,0,20,0,20,0,0,72,0,72,0,0,92,0,92,168,0,168,260
07/04/2020,TIX,FL,ASO,ES,Federal Contract Tower,0,0,6,0,6,0,0,27,0,27,0,0,33,0,33,8,0,8,41
07/05/2020,TIX,FL,ASO,ES,Federal Contract Tower,0,0,4,0,4,0,0,39,0,39,0,0,43,0,43,78,0,78,121
07/06/2020,TIX,FL,ASO,ES,Federal Contract Tower,0,0,44,0,44,0,0,70,0,70,0,0,114,0,114,178,0,178,292
07/07/2020,TIX,FL,ASO,ES,Federal Contract Tower,0,0,19,0,19,0,0,67,0,67,0,0,86,0,86,170,0,170,256
07/08/2020,TIX,FL,ASO,ES,Federal Contract Tower,0,0,14,0,14,0,0,59,0,59,0,0,73,0,73,104,0,104,177
07/09/2020,TIX,FL,ASO,ES,Federal Contract Tower,0,0,58,0,58,0,0,84,0,84,0,0,142,0,142,202,0,202,344
07/10/2020,TIX,FL,ASO,ES,Federal Contract Tower,0,0,27,0,27,0,0,60,0,60,0,0,87,0,87,166,0,166,253
07/11/2020,TIX,FL,ASO,ES,Federal Contract Tower,0,0,7,0,7,0,0,28,0,28,0,0,35,0,35,60,0,60,95
07/12/2020,TIX,FL,ASO,ES,Federal Contract Tower,0,0,9,0,9,0,0,44,0,44,0,0,53,0,53,110,0,110,163
07/13/2020,TIX,FL,ASO,ES,Federal Contract Tower,0,2,37,0,39,0,0,62,0,62,0,2,99,0,101,154,0,154,255
07/14/2020,TIX,FL,ASO,ES,Federal Contract Tower,0,1,31,0,32,0,0,65,0,65,0,1,96,0,97,146,0,146,243
07/15/2020,TIX,FL,ASO,ES,Federal Contract Tower,0,0,31,0,31,0,0,58,0,58,0,0,89,0,89,138,0,138,227
07/16/2020,TIX,FL,ASO,ES,Federal Contract Tower,0,0,41,0,41,0,0,78,0,78,0,0,119,0,119,118,0,118,237
07/17/2020,TIX,FL,ASO,ES,Federal Contract Tower,0,0,53,0,53,0,0,74,0,74,0,0,127,0,127,148,0,148,275
07/18/2020,TIX,FL,ASO,ES,Federal Contract Tower,0,0,13,0,13,0,0,57,0,57,0,0,70,0,70,98,0,98,168
07/19/2020,TIX,FL,ASO,ES,Federal Contract Tower,0,0,6,0,6,0,0,50,0,50,0,0,56,0,56,140,0,140,196
07/20/2020,TIX,FL,ASO,ES,Federal Contract Tower,0,1,38,0,39,0,0,86,0,86,0,1,124,0,125,218,0,218,343
07/21/2020,TIX,FL,ASO,ES,Federal Contract Tower,0,1,33,0,34,0,0,74,0,74,0,1,107,0,108,174,0,174,282
07/22/2020,TIX,FL,ASO,ES,Federal Contract Tower,0,1,40,0,41,0,0,51,0,51,0,1,91,0,92,124,0,124,216
07/23/2020,TIX,FL,ASO,ES,Federal Contract Tower,0,0,20,0,20,0,0,55,0,55,0,0,75,0,75,108,0,108,183
07/24/2020,TIX,FL,ASO,ES,Federal Contract Tower,0,1,32,0,33,0,0,73,0,73,0,1,105,0,106,138,0,138,244
07/25/2020,TIX,FL,ASO,ES,Federal Contract Tower,0,0,15,0,15,0,0,50,0,50,0,0,65,0,65,84,0,84,149
07/26/2020,TIX,FL,ASO,ES,Federal Contract Tower,0,0,5,0,5,0,0,49,0,49,0,0,54,0,54,76,0,76,130
07/27/2020,TIX,FL,ASO,ES,Federal Contract Tower,0,0,18,0,18,0,0,65,0,65,0,0,83,0,83,124,0,124,207
07/28/2020,TIX,FL,ASO,ES,Federal Contract Tower,0,0,29,0,29,0,0,64,0,64,0,0,93,0,93,178,0,178,271
07/29/2020,TIX,FL,ASO,ES,Federal Contract Tower,0,0,23,0,23,0,0,61,2,63,0,0,84,2,86,148,0,148,234
07/30/2020,TIX,FL,ASO,ES,Federal Contract Tower,0,0,22,0,22,0,0,79,0,79,0,0,101,0,101,182,0,182,283
07/31/2020,TIX,FL,ASO,ES,Federal Contract Tower,0,0,55,0,55,0,0,97,0,97,0,0,152,0,152,230,0,230,382
08/01/2020,TIX,FL,ASO,ES,Federal Contract Tower,0,0,4,0,4,0,0,37,0,37,0,0,41,0,41,4,0,4,45
08/02/2020,TIX,FL,ASO,ES,Federal Contract Tower,0,0,0,0,0,0,0,0,0,0,0,0,0,0,0,0,0,0,0
08/03/2020,TIX,FL,ASO,ES,Federal Contract Tower,0,0,38,0,38,0,0,49,0,49,0,0,87,0,87,48,0,48,135
08/04/2020,TIX,FL,ASO,ES,Federal Contract Tower,0,0,28,0,28,0,0,58,0,58,0,0,86,0,86,136,0,136,222
08/05/2020,TIX,FL,ASO,ES,Federal Contract Tower,0,0,4,0,4,0,0,30,0,30,0,0,34,0,34,68,0,68,102
08/07/2020,TIX,FL,ASO,ES,Federal Contract Tower,0,0,47,0,47,0,0,71,0,71,0,0,118,0,118,188,0,188,306
08/08/2020,TIX,FL,ASO,ES,Federal Contract Tower,0,0,10,0,10,0,0,73,0,73,0,0,83,0,83,108,0,108,191
08/09/2020,TIX,FL,ASO,ES,Federal Contract Tower,0,0,8,0,8,0,0,56,0,56,0,0,64,0,64,72,0,72,136
08/10/2020,TIX,FL,ASO,ES,Federal Contract Tower,0,0,51,0,51,0,0,86,0,86,0,0,137,0,137,154,0,154,291
08/11/2020,TIX,FL,ASO,ES,Federal Contract Tower,0,0,27,0,27,0,0,46,0,46,0,0,73,0,73,100,0,100,173
08/12/2020,TIX,FL,ASO,ES,Federal Contract Tower,0,0,28,0,28,0,0,49,0,49,0,0,77,0,77,116,0,116,193
08/13/2020,TIX,FL,ASO,ES,Federal Contract Tower,0,0,31,0,31,0,0,56,0,56,0,0,87,0,87,120,0,120,207
08/14/2020,TIX,FL,ASO,ES,Federal Contract Tower,0,0,18,0,18,0,0,74,0,74,0,0,92,0,92,138,0,138,230
08/15/2020,TIX,FL,ASO,ES,Federal Contract Tower,0,0,12,0,12,0,0,48,0,48,0,0,60,0,60,108,0,108,168
08/16/2020,TIX,FL,ASO,ES,Federal Contract Tower,0,0,6,0,6,0,0,32,0,32,0,0,38,0,38,114,0,114,152
08/17/2020,TIX,FL,ASO,ES,Federal Contract Tower,0,0,28,0,28,0,0,65,0,65,0,0,93,0,93,168,0,168,261
08/18/2020,TIX,FL,ASO,ES,Federal Contract Tower,0,0,46,0,46,0,0,49,0,49,0,0,95,0,95,90,0,90,185
08/19/2020,TIX,FL,ASO,ES,Federal Contract Tower,0,0,40,0,40,0,0,64,0,64,0,0,104,0,104,122,0,122,226
08/20/2020,TIX,FL,ASO,ES,Federal Contract Tower,0,0,50,0,50,0,0,76,0,76,0,0,126,0,126,168,0,168,294
08/21/2020,TIX,FL,ASO,ES,Federal Contract Tower,0,0,13,0,13,0,0,58,0,58,0,0,71,0,71,126,0,126,197
08/22/2020,TIX,FL,ASO,ES,Federal Contract Tower,0,0,19,0,19,0,0,72,0,72,0,0,91,0,91,166,0,166,257
08/23/2020,TIX,FL,ASO,ES,Federal Contract Tower,0,0,19,0,19,0,0,43,0,43,0,0,62,0,62,100,0,100,162
08/24/2020,TIX,FL,ASO,ES,Federal Contract Tower,0,0,10,0,10,0,0,47,0,47,0,0,57,0,57,94,0,94,151
08/25/2020,TIX,FL,ASO,ES,Federal Contract Tower,0,3,36,0,39,0,0,72,2,74,0,3,108,2,113,80,0,80,193
08/26/2020,TIX,FL,ASO,ES,Federal Contract Tower,0,0,36,0,36,0,0,65,0,65,0,0,101,0,101,138,0,138,239
08/27/2020,TIX,FL,ASO,ES,Federal Contract Tower,0,0,15,0,15,0,0,75,0,75,0,0,90,0,90,134,0,134,224
08/28/2020,TIX,FL,ASO,ES,Federal Contract Tower,0,1,34,0,35,0,0,68,0,68,0,1,102,0,103,146,0,146,249
08/29/2020,TIX,FL,ASO,ES,Federal Contract Tower,0,0,6,0,6,0,0,53,0,53,0,0,59,0,59,120,0,120,179
08/30/2020,TIX,FL,ASO,ES,Federal Contract Tower,0,0,12,0,12,0,0,37,0,37,0,0,49,0,49,32,0,32,81
08/31/2020,TIX,FL,ASO,ES,Federal Contract Tower,0,0,28,1,29,0,0,53,0,53,0,0,81,1,82,124,0,124,206
09/01/2020,TIX,FL,ASO,ES,Federal Contract Tower,0,0,27,0,27,0,0,54,0,54,0,0,81,0,81,100,0,100,181
09/02/2020,TIX,FL,ASO,ES,Federal Contract Tower,0,0,34,0,34,0,0,67,0,67,0,0,101,0,101,90,0,90,191
09/03/2020,TIX,FL,ASO,ES,Federal Contract Tower,0,0,50,0,50,0,0,66,0,66,0,0,116,0,116,152,0,152,268
09/04/2020,TIX,FL,ASO,ES,Federal Contract Tower,0,0,35,0,35,0,0,72,0,72,0,0,107,0,107,140,0,140,247
09/05/2020,TIX,FL,ASO,ES,Federal Contract Tower,0,0,9,0,9,0,0,65,0,65,0,0,74,0,74,70,0,70,144
09/06/2020,TIX,FL,ASO,ES,Federal Contract Tower,0,0,9,0,9,0,0,56,0,56,0,0,65,0,65,58,0,58,123
09/07/2020,TIX,FL,ASO,ES,Federal Contract Tower,0,0,11,0,11,0,0,50,0,50,0,0,61,0,61,92,0,92,153
09/08/2020,TIX,FL,ASO,ES,Federal Contract Tower,0,0,41,0,41,0,0,42,0,42,0,0,83,0,83,100,0,100,183
09/09/2020,TIX,FL,ASO,ES,Federal Contract Tower,0,0,36,0,36,0,0,64,0,64,0,0,100,0,100,138,0,138,238
09/10/2020,TIX,FL,ASO,ES,Federal Contract Tower,0,1,35,0,36,0,0,75,0,75,0,1,110,0,111,150,0,150,261
09/11/2020,TIX,FL,ASO,ES,Federal Contract Tower,0,0,51,0,51,0,0,35,0,35,0,0,86,0,86,54,0,54,140
09/12/2020,TIX,FL,ASO,ES,Federal Contract Tower,0,0,2,0,2,0,0,12,0,12,0,0,14,0,14,36,0,36,50
09/13/2020,TIX,FL,ASO,ES,Federal Contract Tower,0,0,1,0,1,0,0,22,0,22,0,0,23,0,23,32,0,32,55
09/14/2020,TIX,FL,ASO,ES,Federal Contract Tower,0,0,41,0,41,0,0,86,0,86,0,0,127,0,127,232,0,232,359
09/15/2020,TIX,FL,ASO,ES,Federal Contract Tower,0,1,55,0,56,0,0,93,0,93,0,1,148,0,149,180,0,180,329
09/16/2020,TIX,FL,ASO,ES,Federal Contract Tower,0,0,9,0,9,0,0,70,0,70,0,0,79,0,79,166,0,166,245
09/17/2020,TIX,FL,ASO,ES,Federal Contract Tower,0,0,21,0,21,0,0,50,0,50,0,0,71,0,71,136,0,136,207
09/18/2020,TIX,FL,ASO,ES,Federal Contract Tower,0,0,60,0,60,0,0,61,0,61,0,0,121,0,121,138,4,142,263
09/19/2020,TIX,FL,ASO,ES,Federal Contract Tower,0,0,12,0,12,0,0,54,0,54,0,0,66,0,66,86,0,86,152
09/20/2020,TIX,FL,ASO,ES,Federal Contract Tower,0,0,1,0,1,0,0,3,0,3,0,0,4,0,4,0,0,0,4
09/21/2020,TIX,FL,ASO,ES,Federal Contract Tower,0,1,11,0,12,0,0,57,0,57,0,1,68,0,69,134,0,134,203
09/22/2020,TIX,FL,ASO,ES,Federal Contract Tower,0,0,43,0,43,0,0,65,0,65,0,0,108,0,108,154,0,154,262
09/23/2020,TIX,FL,ASO,ES,Federal Contract Tower,0,0,71,0,71,0,0,93,0,93,0,0,164,0,164,230,0,230,394
09/24/2020,TIX,FL,ASO,ES,Federal Contract Tower,0,2,21,0,23,0,0,82,0,82,0,2,103,0,105,174,0,174,279
09/25/2020,TIX,FL,ASO,ES,Federal Contract Tower,0,0,22,0,22,0,0,56,0,56,0,0,78,0,78,142,0,142,220
09/26/2020,TIX,FL,ASO,ES,Federal Contract Tower,0,0,13,0,13,0,0,54,0,54,0,0,67,0,67,96,0,96,163
09/27/2020,TIX,FL,ASO,ES,Federal Contract Tower,0,6,19,0,25,0,0,61,0,61,0,6,80,0,86,186,0,186,272
09/28/2020,TIX,FL,ASO,ES,Federal Contract Tower,0,0,26,0,26,0,0,49,0,49,0,0,75,0,75,134,0,134,209
09/29/2020,TIX,FL,ASO,ES,Federal Contract Tower,0,0,23,0,23,0,0,37,0,37,0,0,60,0,60,50,0,50,110
09/30/2020,TIX,FL,ASO,ES,Federal Contract Tower,0,0,73,0,73,0,0,71,0,71,0,0,144,0,144,150,0,150,294
10/01/2020,TIX,FL,ASO,ES,Federal Contract Tower,0,0,54,0,54,0,0,69,0,69,0,0,123,0,123,176,0,176,299
10/02/2020,TIX,FL,ASO,ES,Federal Contract Tower,0,0,42,0,42,0,0,63,0,63,0,0,105,0,105,144,0,144,249
10/03/2020,TIX,FL,ASO,ES,Federal Contract Tower,0,0,5,0,5,0,0,24,0,24,0,0,29,0,29,46,0,46,75
10/04/2020,TIX,FL,ASO,ES,Federal Contract Tower,0,0,8,0,8,0,0,34,0,34,0,0,42,0,42,88,0,88,130
10/05/2020,TIX,FL,ASO,ES,Federal Contract Tower,0,2,58,0,60,0,0,51,0,51,0,2,109,0,111,136,0,136,247
10/06/2020,TIX,FL,ASO,ES,Federal Contract Tower,0,0,66,0,66,0,0,80,0,80,0,0,146,0,146,158,0,158,304
10/07/2020,TIX,FL,ASO,ES,Federal Contract Tower,0,0,60,0,60,0,0,92,0,92,0,0,152,0,152,200,0,200,352
10/08/2020,TIX,FL,ASO,ES,Federal Contract Tower,0,0,52,0,52,0,0,89,6,95,0,0,141,6,147,248,0,248,395
10/09/2020,TIX,FL,ASO,ES,Federal Contract Tower,0,0,30,0,30,0,0,74,0,74,0,0,104,0,104,208,0,208,312
10/10/2020,TIX,FL,ASO,ES,Federal Contract Tower,0,2,2,0,4,0,0,28,0,28,0,2,30,0,32,76,0,76,108
10/11/2020,TIX,FL,ASO,ES,Federal Contract Tower,0,0,10,0,10,0,0,32,0,32,0,0,42,0,42,90,0,90,132
10/12/2020,TIX,FL,ASO,ES,Federal Contract Tower,0,0,73,0,73,0,0,65,0,65,0,0,138,0,138,174,0,174,312
10/13/2020,TIX,FL,ASO,ES,Federal Contract Tower,0,0,74,0,74,0,0,81,0,81,0,0,155,0,155,242,0,242,397
10/14/2020,TIX,FL,ASO,ES,Federal Contract Tower,0,0,50,0,50,0,0,79,0,79,0,0,129,0,129,216,0,216,345
10/15/2020,TIX,FL,ASO,ES,Federal Contract Tower,0,0,42,0,42,0,0,53,0,53,0,0,95,0,95,148,0,148,243
10/16/2020,TIX,FL,ASO,ES,Federal Contract Tower,0,0,74,0,74,0,0,94,0,94,0,0,168,0,168,212,0,212,380
10/17/2020,TIX,FL,ASO,ES,Federal Contract Tower,0,0,32,0,32,0,0,47,0,47,0,0,79,0,79,122,0,122,201
10/18/2020,TIX,FL,ASO,ES,Federal Contract Tower,0,0,4,0,4,0,0,22,0,22,0,0,26,0,26,46,0,46,72
10/19/2020,TIX,FL,ASO,ES,Federal Contract Tower,0,0,34,0,34,0,0,62,0,62,0,0,96,0,96,174,0,174,270
10/20/2020,TIX,FL,ASO,ES,Federal Contract Tower,0,0,47,0,47,0,0,76,0,76,0,0,123,0,123,194,0,194,317
10/21/2020,TIX,FL,ASO,ES,Federal Contract Tower,0,2,31,0,33,0,0,47,0,47,0,2,78,0,80,132,0,132,212
10/22/2020,TIX,FL,ASO,ES,Federal Contract Tower,0,0,43,0,43,0,0,59,0,59,0,0,102,0,102,196,0,196,298
10/23/2020,TIX,FL,ASO,ES,Federal Contract Tower,0,0,50,0,50,0,0,65,0,65,0,0,115,0,115,114,0,114,229
10/24/2020,TIX,FL,ASO,ES,Federal Contract Tower,0,0,9,0,9,0,0,59,0,59,0,0,68,0,68,128,0,128,196
10/25/2020,TIX,FL,ASO,ES,Federal Contract Tower,0,0,4,0,4,0,0,35,0,35,0,0,39,0,39,40,0,40,79
10/26/2020,TIX,FL,ASO,ES,Federal Contract Tower,0,0,57,0,57,0,0,89,0,89,0,0,146,0,146,196,0,196,342
10/27/2020,TIX,FL,ASO,ES,Federal Contract Tower,0,0,52,0,52,0,0,92,0,92,0,0,144,0,144,198,0,198,342
10/28/2020,TIX,FL,ASO,ES,Federal Contract Tower,0,0,50,0,50,0,0,75,0,75,0,0,125,0,125,208,0,208,333
10/29/2020,TIX,FL,ASO,ES,Federal Contract Tower,0,0,57,0,57,0,0,76,0,76,0,0,133,0,133,228,0,228,361
10/30/2020,TIX,FL,ASO,ES,Federal Contract Tower,0,0,55,0,55,0,0,67,0,67,0,0,122,0,122,176,0,176,298
10/31/2020,TIX,FL,ASO,ES,Federal Contract Tower,0,0,21,0,21,0,0,42,0,42,0,0,63,0,63,74,0,74,137
11/01/2020,TIX,FL,ASO,ES,Federal Contract Tower,0,0,11,0,11,0,0,43,0,43,0,0,54,0,54,78,0,78,132
11/02/2020,TIX,FL,ASO,ES,Federal Contract Tower,0,0,25,1,26,0,0,45,0,45,0,0,70,1,71,118,2,120,191
11/03/2020,TIX,FL,ASO,ES,Federal Contract Tower,0,0,42,2,44,0,0,64,0,64,0,0,106,2,108,180,0,180,288
11/04/2020,TIX,FL,ASO,ES,Federal Contract Tower,0,0,37,0,37,0,0,74,0,74,0,0,111,0,111,190,0,190,301
11/05/2020,TIX,FL,ASO,ES,Federal Contract Tower,0,0,30,0,30,0,0,56,0,56,0,0,86,0,86,170,0,170,256
11/06/2020,TIX,FL,ASO,ES,Federal Contract Tower,0,2,43,0,45,0,0,56,0,56,0,2,99,0,101,150,0,150,251
11/07/2020,TIX,FL,ASO,ES,Federal Contract Tower,0,2,10,0,12,0,0,32,0,32,0,2,42,0,44,38,0,38,82
11/08/2020,TIX,FL,ASO,ES,Federal Contract Tower,0,0,3,0,3,0,0,1,0,1,0,0,4,0,4,0,0,0,4
11/09/2020,TIX,FL,ASO,ES,Federal Contract Tower,0,0,0,0,0,0,0,0,0,0,0,0,0,0,0,38,0,38,38
11/10/2020,TIX,FL,ASO,ES,Federal Contract Tower,0,1,33,0,34,0,0,47,0,47,0,1,80,0,81,148,0,148,229
11/11/2020,TIX,FL,ASO,ES,Federal Contract Tower,0,0,31,0,31,0,0,43,0,43,0,0,74,0,74,144,0,144,218
11/12/2020,TIX,FL,ASO,ES,Federal Contract Tower,0,0,16,0,16,0,0,27,0,27,0,0,43,0,43,108,0,108,151
11/13/2020,TIX,FL,ASO,ES,Federal Contract Tower,0,0,37,2,39,0,0,65,0,65,0,0,102,2,104,210,0,210,314
11/14/2020,TIX,FL,ASO,ES,Federal Contract Tower,0,2,25,0,27,0,0,15,0,15,0,2,40,0,42,0,0,0,42
11/15/2020,TIX,FL,ASO,ES,Federal Contract Tower,0,1,21,0,22,0,0,40,0,40,0,1,61,0,62,70,0,70,132
11/16/2020,TIX,FL,ASO,ES,Federal Contract Tower,0,2,39,0,41,0,0,80,0,80,0,2,119,0,121,208,0,208,329
11/17/2020,TIX,FL,ASO,ES,Federal Contract Tower,0,2,46,2,50,0,0,96,0,96,0,2,142,2,146,210,0,210,356
11/18/2020,TIX,FL,ASO,ES,Federal Contract Tower,0,0,34,0,34,0,0,61,0,61,0,0,95,0,95,192,0,192,287
11/19/2020,TIX,FL,ASO,ES,Federal Contract Tower,0,0,19,0,19,0,0,88,0,88,0,0,107,0,107,210,0,210,317
11/20/2020,TIX,FL,ASO,ES,Federal Contract Tower,0,2,51,0,53,0,0,76,0,76,0,2,127,0,129,124,0,124,253
11/21/2020,TIX,FL,ASO,ES,Federal Contract Tower,0,0,23,0,23,0,0,21,0,21,0,0,44,0,44,22,0,22,66
11/22/2020,TIX,FL,ASO,ES,Federal Contract Tower,0,0,8,0,8,0,0,20,0,20,0,0,28,0,28,48,0,48,76
11/23/2020,TIX,FL,ASO,ES,Federal Contract Tower,0,0,47,0,47,0,0,80,0,80,0,0,127,0,127,230,0,230,357
11/24/2020,TIX,FL,ASO,ES,Federal Contract Tower,0,0,32,0,32,0,0,92,0,92,0,0,124,0,124,208,0,208,332
11/25/2020,TIX,FL,ASO,ES,Federal Contract Tower,0,0,29,0,29,0,0,66,0,66,0,0,95,0,95,156,0,156,251
11/26/2020,TIX,FL,ASO,ES,Federal Contract Tower,0,0,7,0,7,0,0,17,0,17,0,0,24,0,24,10,0,10,34
11/27/2020,TIX,FL,ASO,ES,Federal Contract Tower,0,0,14,0,14,0,0,48,0,48,0,0,62,0,62,58,0,58,120
11/28/2020,TIX,FL,ASO,ES,Federal Contract Tower,0,1,23,0,24,0,0,65,0,65,0,1,88,0,89,144,0,144,233
11/29/2020,TIX,FL,ASO,ES,Federal Contract Tower,0,0,9,0,9,0,0,38,0,38,0,0,47,0,47,46,0,46,93
11/30/2020,TIX,FL,ASO,ES,Federal Contract Tower,0,2,32,0,34,0,0,42,0,42,0,2,74,0,76,110,0,110,186
12/01/2020,TIX,FL,ASO,ES,Federal Contract Tower,0,0,73,2,75,0,0,102,0,102,0,0,175,2,177,266,0,266,443
12/02/2020,TIX,FL,ASO,ES,Federal Contract Tower,0,0,69,0,69,0,0,77,0,77,0,0,146,0,146,228,0,228,374
12/03/2020,TIX,FL,ASO,ES,Federal Contract Tower,0,0,53,0,53,0,0,60,0,60,0,0,113,0,113,204,0,204,317
12/04/2020,TIX,FL,ASO,ES,Federal Contract Tower,0,0,31,0,31,0,0,63,0,63,0,0,94,0,94,204,0,204,298
12/05/2020,TIX,FL,ASO,ES,Federal Contract Tower,0,0,30,0,30,0,0,36,0,36,0,0,66,0,66,74,0,74,140
12/06/2020,TIX,FL,ASO,ES,Federal Contract Tower,0,0,19,0,19,0,0,62,0,62,0,0,81,0,81,150,0,150,231
12/07/2020,TIX,FL,ASO,ES,Federal Contract Tower,0,0,52,0,52,0,0,69,0,69,0,0,121,0,121,228,0,228,349
12/08/2020,TIX,FL,ASO,ES,Federal Contract Tower,0,2,53,0,55,0,0,108,0,108,0,2,161,0,163,240,0,240,403
12/09/2020,TIX,FL,ASO,ES,Federal Contract Tower,0,0,67,0,67,0,0,103,0,103,0,0,170,0,170,262,0,262,432
12/10/2020,TIX,FL,ASO,ES,Federal Contract Tower,0,0,49,0,49,0,0,95,0,95,0,0,144,0,144,262,0,262,406
12/11/2020,TIX,FL,ASO,ES,Federal Contract Tower,0,0,42,6,48,0,0,75,2,77,0,0,117,8,125,188,0,188,313
12/12/2020,TIX,FL,ASO,ES,Federal Contract Tower,0,0,6,6,12,0,0,50,0,50,0,0,56,6,62,86,30,116,178
12/13/2020,TIX,FL,ASO,ES,Federal Contract Tower,0,0,7,0,7,0,0,42,0,42,0,0,49,0,49,72,0,72,121
12/14/2020,TIX,FL,ASO,ES,Federal Contract Tower,0,0,37,0,37,0,0,76,0,76,0,0,113,0,113,282,0,282,395
12/15/2020,TIX,FL,ASO,ES,Federal Contract Tower,0,0,40,0,40,0,0,89,0,89,0,0,129,0,129,252,0,252,381
12/16/2020,TIX,FL,ASO,ES,Federal Contract Tower,0,0,35,0,35,0,0,63,0,63,0,0,98,0,98,180,0,180,278
12/17/2020,TIX,FL,ASO,ES,Federal Contract Tower,0,0,53,0,53,0,0,9,0,9,0,0,62,0,62,118,0,118,180
12/18/2020,TIX,FL,ASO,ES,Federal Contract Tower,0,0,60,0,60,0,0,70,0,70,0,0,130,0,130,178,0,178,308
12/19/2020,TIX,FL,ASO,ES,Federal Contract Tower,0,0,17,0,17,0,0,40,0,40,0,0,57,0,57,88,0,88,145
12/20/2020,TIX,FL,ASO,ES,Federal Contract Tower,0,0,24,0,24,0,0,51,0,51,0,0,75,0,75,154,0,154,229
12/21/2020,TIX,FL,ASO,ES,Federal Contract Tower,0,0,56,0,56,0,0,90,0,90,0,0,146,0,146,248,0,248,394
12/22/2020,TIX,FL,ASO,ES,Federal Contract Tower,0,0,48,0,48,0,0,89,0,89,0,0,137,0,137,204,0,204,341
12/23/2020,TIX,FL,ASO,ES,Federal Contract Tower,0,0,27,0,27,0,0,60,0,60,0,0,87,0,87,162,0,162,249
12/24/2020,TIX,FL,ASO,ES,Federal Contract Tower,0,0,0,0,0,0,0,9,0,9,0,0,9,0,9,0,0,0,9
12/25/2020,TIX,FL,ASO,ES,Federal Contract Tower,0,0,4,0,4,0,0,3,0,3,0,0,7,0,7,0,0,0,7
12/26/2020,TIX,FL,ASO,ES,Federal Contract Tower,0,2,26,0,28,0,0,46,0,46,0,2,72,0,74,64,0,64,138
12/27/2020,TIX,FL,ASO,ES,Federal Contract Tower,0,0,12,0,12,0,0,42,0,42,0,0,54,0,54,80,0,80,134
12/28/2020,TIX,FL,ASO,ES,Federal Contract Tower,0,0,46,0,46,0,0,78,0,78,0,0,124,0,124,210,0,210,334
12/29/2020,TIX,FL,ASO,ES,Federal Contract Tower,0,2,42,0,44,0,0,73,0,73,0,2,115,0,117,196,0,196,313
12/30/2020,TIX,FL,ASO,ES,Federal Contract Tower,0,2,24,0,26,0,0,70,0,70,0,2,94,0,96,148,0,148,244
12/31/2020,TIX,FL,ASO,ES,Federal Contract Tower,0,0,24,0,24,0,0,43,0,43,0,0,67,0,67,100,0,100,167
01/01/2021,TIX,FL,ASO,ES,Federal Contract Tower,0,0,3,0,3,0,0,16,0,16,0,0,19,0,19,32,0,32,51
01/02/2021,TIX,FL,ASO,ES,Federal Contract Tower,0,0,9,0,9,0,0,34,0,34,0,0,43,0,43,48,0,48,91
01/03/2021,TIX,FL,ASO,ES,Federal Contract Tower,0,0,9,0,9,0,0,24,0,24,0,0,33,0,33,32,0,32,65
01/04/2021,TIX,FL,ASO,ES,Federal Contract Tower,0,0,28,0,28,0,0,98,0,98,0,0,126,0,126,266,0,266,392
01/05/2021,TIX,FL,ASO,ES,Federal Contract Tower,0,0,45,0,45,0,0,90,0,90,0,0,135,0,135,232,0,232,367
01/06/2021,TIX,FL,ASO,ES,Federal Contract Tower,0,0,30,0,30,0,0,86,0,86,0,0,116,0,116,244,0,244,360
01/07/2021,TIX,FL,ASO,ES,Federal Contract Tower,0,0,32,0,32,0,0,76,0,76,0,0,108,0,108,156,0,156,264
01/08/2021,TIX,FL,ASO,ES,Federal Contract Tower,0,0,18,2,20,0,0,64,0,64,0,0,82,2,84,94,0,94,178
01/09/2021,TIX,FL,ASO,ES,Federal Contract Tower,0,0,24,0,24,0,0,65,0,65,0,0,89,0,89,158,0,158,247
01/10/2021,TIX,FL,ASO,ES,Federal Contract Tower,0,0,17,2,19,0,0,67,0,67,0,0,84,2,86,120,0,120,206
01/11/2021,TIX,FL,ASO,ES,Federal Contract Tower,0,0,24,0,24,0,0,83,0,83,0,0,107,0,107,230,0,230,337
01/12/2021,TIX,FL,ASO,ES,Federal Contract Tower,0,0,39,0,39,0,0,50,0,50,0,0,89,0,89,174,0,174,263
01/13/2021,TIX,FL,ASO,ES,Federal Contract Tower,0,0,45,0,45,0,0,68,0,68,0,0,113,0,113,132,0,132,245
01/14/2021,TIX,FL,ASO,ES,Federal Contract Tower,0,0,33,0,33,0,0,102,0,102,0,0,135,0,135,156,0,156,291
01/15/2021,TIX,FL,ASO,ES,Federal Contract Tower,0,0,22,0,22,0,0,67,0,67,0,0,89,0,89,135,0,135,224
01/16/2021,TIX,FL,ASO,ES,Federal Contract Tower,0,0,6,0,6,0,0,40,0,40,0,0,46,0,46,120,0,120,166
01/17/2021,TIX,FL,ASO,ES,Federal Contract Tower,0,0,21,0,21,0,0,64,0,64,0,0,85,0,85,92,0,92,177
01/18/2021,TIX,FL,ASO,ES,Federal Contract Tower,0,0,28,0,28,0,0,84,0,84,0,0,112,0,112,166,0,166,278
01/19/2021,TIX,FL,ASO,ES,Federal Contract Tower,0,0,29,0,29,0,0,73,0,73,0,0,102,0,102,188,0,188,290
01/20/2021,TIX,FL,ASO,ES,Federal Contract Tower,0,0,34,0,34,0,0,67,0,67,0,0,101,0,101,182,0,182,283
01/21/2021,TIX,FL,ASO,ES,Federal Contract Tower,0,0,38,0,38,0,0,59,0,59,0,0,97,0,97,208,0,208,305
01/22/2021,TIX,FL,ASO,ES,Federal Contract Tower,0,0,44,1,45,0,0,88,1,89,0,0,132,2,134,226,0,226,360
01/23/2021,TIX,FL,ASO,ES,Federal Contract Tower,0,0,26,0,26,0,0,7,0,7,0,0,33,0,33,4,0,4,37
01/24/2021,TIX,FL,ASO,ES,Federal Contract Tower,0,0,10,0,10,0,0,34,0,34,0,0,44,0,44,64,0,64,108
01/25/2021,TIX,FL,ASO,ES,Federal Contract Tower,0,0,24,0,24,0,0,73,0,73,0,0,97,0,97,202,0,202,299
01/26/2021,TIX,FL,ASO,ES,Federal Contract Tower,0,0,19,2,21,0,0,35,0,35,0,0,54,2,56,70,0,70,126
01/27/2021,TIX,FL,ASO,ES,Federal Contract Tower,0,0,19,0,19,0,0,38,0,38,0,0,57,0,57,90,0,90,147
01/28/2021,TIX,FL,ASO,ES,Federal Contract Tower,0,0,18,0,18,0,0,32,0,32,0,0,50,0,50,90,0,90,140
01/29/2021,TIX,FL,ASO,ES,Federal Contract Tower,0,0,32,0,32,0,0,77,0,77,0,0,109,0,109,174,0,174,283
01/30/2021,TIX,FL,ASO,ES,Federal Contract Tower,0,0,12,0,12,0,0,74,0,74,0,0,86,0,86,148,0,148,234
01/31/2021,TIX,FL,ASO,ES,Federal Contract Tower,0,0,6,0,6,0,0,55,0,55,0,0,61,0,61,48,0,48,109
02/01/2021,TIX,FL,ASO,ES,Federal Contract Tower,0,0,15,0,15,0,0,52,0,52,0,0,67,0,67,162,0,162,229
02/02/2021,TIX,FL,ASO,ES,Federal Contract Tower,0,0,10,0,10,0,0,37,0,37,0,0,47,0,47,88,0,88,135
02/03/2021,TIX,FL,ASO,ES,Federal Contract Tower,0,0,47,0,47,0,0,79,0,79,0,0,126,0,126,228,0,228,354
02/04/2021,TIX,FL,ASO,ES,Federal Contract Tower,0,0,25,0,25,0,0,84,0,84,0,0,109,0,109,162,0,162,271
02/05/2021,TIX,FL,ASO,ES,Federal Contract Tower,0,0,16,0,16,0,0,52,0,52,0,0,68,0,68,130,0,130,198
02/06/2021,TIX,FL,ASO,ES,Federal Contract Tower,0,0,22,0,22,0,0,21,0,21,0,0,43,0,43,140,0,140,183
02/07/2021,TIX,FL,ASO,ES,Federal Contract Tower,0,0,5,0,5,0,0,29,0,29,0,0,34,0,34,74,0,74,108
02/08/2021,TIX,FL,ASO,ES,Federal Contract Tower,0,0,17,0,17,0,0,26,0,26,0,0,43,0,43,90,0,90,133
02/09/2021,TIX,FL,ASO,ES,Federal Contract Tower,0,0,30,0,30,0,0,42,0,42,0,0,72,0,72,86,0,86,158
02/10/2021,TIX,FL,ASO,ES,Federal Contract Tower,0,0,19,0,19,0,0,60,0,60,0,0,79,0,79,146,0,146,225
02/11/2021,TIX,FL,ASO,ES,Federal Contract Tower,0,0,15,0,15,0,0,39,0,39,0,0,54,0,54,134,0,134,188
02/12/2021,TIX,FL,ASO,ES,Federal Contract Tower,0,1,17,1,19,0,0,82,0,82,0,1,99,1,101,254,4,258,359
02/13/2021,TIX,FL,ASO,ES,Federal Contract Tower,0,0,6,0,6,0,0,11,0,11,0,0,17,0,17,0,0,0,17
02/14/2021,TIX,FL,ASO,ES,Federal Contract Tower,0,0,4,0,4,0,0,26,0,26,0,0,30,0,30,98,0,98,128
02/15/2021,TIX,FL,ASO,ES,Federal Contract Tower,0,0,25,0,25,0,0,49,0,49,0,0,74,0,74,88,0,88,162
02/16/2021,TIX,FL,ASO,ES,Federal Contract Tower,0,0,30,0,30,0,0,72,0,72,0,0,102,0,102,168,0,168,270
02/17/2021,TIX,FL,ASO,ES,Federal Contract Tower,0,0,16,0,16,0,0,0,0,0,0,0,16,0,16,8,0,8,24
02/18/2021,TIX,FL,ASO,ES,Federal Contract Tower,0,0,27,0,27,0,0,84,0,84,0,0,111,0,111,178,0,178,289
02/19/2021,TIX,FL,ASO,ES,Federal Contract Tower,0,0,28,0,28,0,0,22,0,22,0,0,50,0,50,58,0,58,108
02/20/2021,TIX,FL,ASO,ES,Federal Contract Tower,0,0,17,0,17,0,0,50,0,50,0,0,67,0,67,104,0,104,171
02/21/2021,TIX,FL,ASO,ES,Federal Contract Tower,0,1,10,0,11,0,0,55,0,55,0,1,65,0,66,130,0,130,196
02/22/2021,TIX,FL,ASO,ES,Federal Contract Tower,0,1,35,0,36,0,0,90,0,90,0,1,125,0,126,242,0,242,368
02/23/2021,TIX,FL,ASO,ES,Federal Contract Tower,0,0,45,0,45,0,0,73,0,73,0,0,118,0,118,182,0,182,300
02/24/2021,TIX,FL,ASO,ES,Federal Contract Tower,0,25,2,0,27,0,0,73,0,73,0,25,75,0,100,200,0,200,300
02/25/2021,TIX,FL,ASO,ES,Federal Contract Tower,0,4,13,0,17,0,0,54,0,54,0,4,67,0,71,130,0,130,201
02/26/2021,TIX,FL,ASO,ES,Federal Contract Tower,0,5,22,0,27,0,0,73,0,73,0,5,95,0,100,180,0,180,280
02/27/2021,TIX,FL,ASO,ES,Federal Contract Tower,0,1,3,0,4,0,0,53,0,53,0,1,56,0,57,146,0,146,203
02/28/2021,TIX,FL,ASO,ES,Federal Contract Tower,0,2,12,0,14,0,0,47,0,47,0,2,59,0,61,44,0,44,105
03/01/2021,TIX,FL,ASO,ES,Federal Contract Tower,0,0,10,0,10,0,0,77,0,77,0,0,87,0,87,162,0,162,249
03/02/2021,TIX,FL,ASO,ES,Federal Contract Tower,0,1,19,0,20,0,0,58,0,58,0,1,77,0,78,152,0,152,230
03/03/2021,TIX,FL,ASO,ES,Federal Contract Tower,0,0,17,0,17,0,0,42,0,42,0,0,59,0,59,100,0,100,159
03/04/2021,TIX,FL,ASO,ES,Federal Contract Tower,0,0,43,2,45,0,0,53,0,53,0,0,96,2,98,160,0,160,258
03/05/2021,TIX,FL,ASO,ES,Federal Contract Tower,0,0,19,0,19,0,0,75,0,75,0,0,94,0,94,242,0,242,336
03/06/2021,TIX,FL,ASO,ES,Federal Contract Tower,0,0,6,0,6,0,0,14,0,14,0,0,20,0,20,42,0,42,62
03/07/2021,TIX,FL,ASO,ES,Federal Contract Tower,0,0,0,0,0,0,0,1,0,1,0,0,1,0,1,8,0,8,9
03/08/2021,TIX,FL,ASO,ES,Federal Contract Tower,0,1,33,0,34,0,0,80,0,80,0,1,113,0,114,248,0,248,362
03/09/2021,TIX,FL,ASO,ES,Federal Contract Tower,0,1,31,0,32,0,0,105,0,105,0,1,136,0,137,284,0,284,421
03/10/2021,TIX,FL,ASO,ES,Federal Contract Tower,0,0,47,0,47,0,0,97,0,97,0,0,144,0,144,266,0,266,410
03/11/2021,TIX,FL,ASO,ES,Federal Contract Tower,0,3,26,0,29,0,0,73,0,73,0,3,99,0,102,220,0,220,322
03/12/2021,TIX,FL,ASO,ES,Federal Contract Tower,0,0,27,0,27,0,0,68,0,68,0,0,95,0,95,238,0,238,333
03/13/2021,TIX,FL,ASO,ES,Federal Contract Tower,0,0,13,0,13,0,0,59,0,59,0,0,72,0,72,70,0,70,142
03/14/2021,TIX,FL,ASO,ES,Federal Contract Tower,0,0,15,0,15,0,0,52,0,52,0,0,67,0,67,116,0,116,183
03/15/2021,TIX,FL,ASO,ES,Federal Contract Tower,0,0,25,0,25,0,0,91,0,91,0,0,116,0,116,200,0,200,316
03/16/2021,TIX,FL,ASO,ES,Federal Contract Tower,0,0,22,0,22,0,0,77,0,77,0,0,99,0,99,198,0,198,297
03/17/2021,TIX,FL,ASO,ES,Federal Contract Tower,0,0,37,0,37,0,0,89,0,89,0,0,126,0,126,278,0,278,404
03/18/2021,TIX,FL,ASO,ES,Federal Contract Tower,0,2,20,0,22,0,0,28,0,28,0,2,48,0,50,62,0,62,112
03/19/2021,TIX,FL,ASO,ES,Federal Contract Tower,0,0,22,0,22,0,0,75,0,75,0,0,97,0,97,192,0,192,289
03/20/2021,TIX,FL,ASO,ES,Federal Contract Tower,0,0,20,0,20,0,0,20,0,20,0,0,40,0,40,52,0,52,92
03/21/2021,TIX,FL,ASO,ES,Federal Contract Tower,0,1,15,0,16,0,0,40,0,40,0,1,55,0,56,72,0,72,128
03/22/2021,TIX,FL,ASO,ES,Federal Contract Tower,0,0,42,0,42,0,0,67,0,67,0,0,109,0,109,202,0,202,311
03/23/2021,TIX,FL,ASO,ES,Federal Contract Tower,0,2,49,0,51,0,0,104,0,104,0,2,153,0,155,252,0,252,407
03/24/2021,TIX,FL,ASO,ES,Federal Contract Tower,0,0,28,0,28,0,0,87,0,87,0,0,115,0,115,234,0,234,349
03/25/2021,TIX,FL,ASO,ES,Federal Contract Tower,0,0,37,0,37,0,0,54,2,56,0,0,91,2,93,94,0,94,187
03/26/2021,TIX,FL,ASO,ES,Federal Contract Tower,0,6,29,0,35,0,0,48,2,50,0,6,77,2,85,118,0,118,203
03/27/2021,TIX,FL,ASO,ES,Federal Contract Tower,0,0,10,0,10,0,0,49,0,49,0,0,59,0,59,100,0,100,159
03/28/2021,TIX,FL,ASO,ES,Federal Contract Tower,0,0,19,0,19,0,0,32,0,32,0,0,51,0,51,108,0,108,159
03/29/2021,TIX,FL,ASO,ES,Federal Contract Tower,0,0,39,0,39,0,0,51,0,51,0,0,90,0,90,108,0,108,198
03/30/2021,TIX,FL,ASO,ES,Federal Contract Tower,0,0,30,0,30,0,0,89,0,89,0,0,119,0,119,268,0,268,387
03/31/2021,TIX,FL,ASO,ES,Federal Contract Tower,0,1,38,0,39,0,0,67,0,67,0,1,105,0,106,216,0,216,322
04/01/2021,TIX,FL,ASO,ES,Federal Contract Tower,0,2,18,0,20,0,0,43,0,43,0,2,61,0,63,76,0,76,139
04/02/2021,TIX,FL,ASO,ES,Federal Contract Tower,0,0,16,2,18,0,0,40,0,40,0,0,56,2,58,14,0,14,72
04/03/2021,TIX,FL,ASO,ES,Federal Contract Tower,0,2,1,0,3,0,0,24,0,24,0,2,25,0,27,48,0,48,75
04/04/2021,TIX,FL,ASO,ES,Federal Contract Tower,0,0,3,0,3,0,0,50,0,50,0,0,53,0,53,72,0,72,125
04/05/2021,TIX,FL,ASO,ES,Federal Contract Tower,0,2,26,0,28,0,0,90,0,90,0,2,116,0,118,230,0,230,348
04/06/2021,TIX,FL,ASO,ES,Federal Contract Tower,0,0,13,1,14,0,0,75,0,75,0,0,88,1,89,194,0,194,283
04/07/2021,TIX,FL,ASO,ES,Federal Contract Tower,0,0,39,0,39,0,0,70,1,71,0,0,109,1,110,208,0,208,318
04/08/2021,TIX,FL,ASO,ES,Federal Contract Tower,0,0,18,0,18,0,0,77,0,77,0,0,95,0,95,158,0,158,253
04/09/2021,TIX,FL,ASO,ES,Federal Contract Tower,0,0,10,0,10,0,0,69,0,69,0,0,79,0,79,162,0,162,241
04/10/2021,TIX,FL,ASO,ES,Federal Contract Tower,0,0,2,1,3,0,0,41,0,41,0,0,43,1,44,49,0,49,93
04/11/2021,TIX,FL,ASO,ES,Federal Contract Tower,0,0,3,0,3,0,0,1,0,1,0,0,4,0,4,0,0,0,4
04/12/2021,TIX,FL,ASO,ES,Federal Contract Tower,0,0,28,0,28,0,0,70,0,70,0,0,98,0,98,154,0,154,252
04/13/2021,TIX,FL,ASO,ES,Federal Contract Tower,0,0,29,0,29,0,0,96,0,96,0,0,125,0,125,192,0,192,317
04/14/2021,TIX,FL,ASO,ES,Federal Contract Tower,0,2,25,0,27,0,0,72,0,72,0,2,97,0,99,136,0,136,235
04/16/2021,TIX,FL,ASO,ES,Federal Contract Tower,0,0,21,0,21,0,0,51,0,51,0,0,72,0,72,122,0,122,194
04/17/2021,TIX,FL,ASO,ES,Federal Contract Tower,0,0,31,0,31,0,0,38,0,38,0,0,69,0,69,56,0,56,125
04/18/2021,TIX,FL,ASO,ES,Federal Contract Tower,0,0,12,0,12,0,0,23,0,23,0,0,35,0,35,42,0,42,77
04/19/2021,TIX,FL,ASO,ES,Federal Contract Tower,0,0,28,0,28,0,0,49,0,49,0,0,77,0,77,160,0,160,237
04/20/2021,TIX,FL,ASO,ES,Federal Contract Tower,0,3,18,0,21,0,0,7,0,7,0,3,25,0,28,18,0,18,46
04/21/2021,TIX,FL,ASO,ES,Federal Contract Tower,0,3,43,0,46,0,0,81,0,81,0,3,124,0,127,184,0,184,311
04/22/2021,TIX,FL,ASO,ES,Federal Contract Tower,0,10,50,0,60,0,0,91,0,91,0,10,141,0,151,186,0,186,337
04/23/2021,TIX,FL,ASO,ES,Federal Contract Tower,0,4,25,2,31,0,0,67,0,67,0,4,92,2,98,166,0,166,264
04/24/2021,TIX,FL,ASO,ES,Federal Contract Tower,0,0,7,0,7,0,0,41,0,41,0,0,48,0,48,122,0,122,170
04/25/2021,TIX,FL,ASO,ES,Federal Contract Tower,0,1,5,0,6,0,0,28,0,28,0,1,33,0,34,60,0,60,94
04/26/2021,TIX,FL,ASO,ES,Federal Contract Tower,0,0,17,0,17,0,0,78,0,78,0,0,95,0,95,228,0,228,323
04/27/2021,TIX,FL,ASO,ES,Federal Contract Tower,0,1,38,0,39,0,0,96,0,96,0,1,134,0,135,322,0,322,457
04/28/2021,TIX,FL,ASO,ES,Federal Contract Tower,0,0,44,0,44,0,0,84,0,84,0,0,128,0,128,270,0,270,398
04/29/2021,TIX,FL,ASO,ES,Federal Contract Tower,0,0,4,1,5,0,0,63,0,63,0,0,67,1,68,132,0,132,200
04/30/2021,TIX,FL,ASO,ES,Federal Contract Tower,0,0,13,0,13,0,0,69,0,69,0,0,82,0,82,130,0,130,212
05/01/2021,TIX,FL,ASO,ES,Federal Contract Tower,0,0,8,0,8,0,0,78,0,78,0,0,86,0,86,160,0,160,246
05/02/2021,TIX,FL,ASO,ES,Federal Contract Tower,0,0,7,0,7,0,0,53,3,56,0,0,60,3,63,86,0,86,149
05/03/2021,TIX,FL,ASO,ES,Federal Contract Tower,0,0,19,0,19,0,0,60,2,62,0,0,79,2,81,168,0,168,249
05/04/2021,TIX,FL,ASO,ES,Federal Contract Tower,0,2,8,0,10,0,0,69,0,69,0,2,77,0,79,176,0,176,255
05/05/2021,TIX,FL,ASO,ES,Federal Contract Tower,0,1,26,0,27,0,0,71,0,71,0,1,97,0,98,214,0,214,312
05/06/2021,TIX,FL,ASO,ES,Federal Contract Tower,0,0,10,0,10,0,0,44,0,44,0,0,54,0,54,84,0,84,138
05/07/2021,TIX,FL,ASO,ES,Federal Contract Tower,0,0,28,0,28,0,0,77,0,77,0,0,105,0,105,148,0,148,253
05/08/2021,TIX,FL,ASO,ES,Federal Contract Tower,0,0,20,0,20,0,0,72,2,74,0,0,92,2,94,118,0,118,212
05/09/2021,TIX,FL,ASO,ES,Federal Contract Tower,0,0,8,0,8,0,0,58,0,58,0,0,66,0,66,118,0,118,184
05/10/2021,TIX,FL,ASO,ES,Federal Contract Tower,0,0,32,0,32,0,0,81,0,81,0,0,113,0,113,274,0,274,387
05/11/2021,TIX,FL,ASO,ES,Federal Contract Tower,0,0,18,0,18,0,0,52,0,52,0,0,70,0,70,162,0,162,232
05/12/2021,TIX,FL,ASO,ES,Federal Contract Tower,0,0,10,0,10,0,0,41,0,41,0,0,51,0,51,126,0,126,177
05/13/2021,TIX,FL,ASO,ES,Federal Contract Tower,0,0,48,0,48,0,0,37,2,39,0,0,85,2,87,88,0,88,175
05/14/2021,TIX,FL,ASO,ES,Federal Contract Tower,0,2,50,0,52,0,0,69,0,69,0,2,119,0,121,220,0,220,341
05/15/2021,TIX,FL,ASO,ES,Federal Contract Tower,0,0,23,0,23,0,0,55,0,55,0,0,78,0,78,182,0,182,260
05/16/2021,TIX,FL,ASO,ES,Federal Contract Tower,0,0,20,0,20,0,0,41,0,41,0,0,61,0,61,76,0,76,137
05/17/2021,TIX,FL,ASO,ES,Federal Contract Tower,0,0,41,0,41,0,0,90,0,90,0,0,131,0,131,274,0,274,405
05/18/2021,TIX,FL,ASO,ES,Federal Contract Tower,0,1,28,0,29,0,0,64,0,64,0,1,92,0,93,188,0,188,281
05/19/2021,TIX,FL,ASO,ES,Federal Contract Tower,0,0,36,0,36,0,0,65,0,65,0,0,101,0,101,220,0,220,321
05/20/2021,TIX,FL,ASO,ES,Federal Contract Tower,0,0,11,0,11,0,0,46,0,46,0,0,57,0,57,124,0,124,181
05/21/2021,TIX,FL,ASO,ES,Federal Contract Tower,0,3,33,0,36,0,0,67,0,67,0,3,100,0,103,146,0,146,249
05/22/2021,TIX,FL,ASO,ES,Federal Contract Tower,0,0,18,0,18,0,0,53,0,53,0,0,71,0,71,138,0,138,209
05/23/2021,TIX,FL,ASO,ES,Federal Contract Tower,0,0,22,0,22,0,0,72,0,72,0,0,94,0,94,146,0,146,240
05/24/2021,TIX,FL,ASO,ES,Federal Contract Tower,0,0,41,0,41,0,0,93,0,93,0,0,134,0,134,208,0,208,342
05/25/2021,TIX,FL,ASO,ES,Federal Contract Tower,0,0,21,0,21,0,0,95,0,95,0,0,116,0,116,232,0,232,348
05/26/2021,TIX,FL,ASO,ES,Federal Contract Tower,0,0,25,0,25,0,0,71,0,71,0,0,96,0,96,180,0,180,276
05/27/2021,TIX,FL,ASO,ES,Federal Contract Tower,0,0,31,2,33,0,0,58,0,58,0,0,89,2,91,155,0,155,246
05/29/2021,TIX,FL,ASO,ES,Federal Contract Tower,0,0,13,0,13,0,0,42,0,42,0,0,55,0,55,104,0,104,159
05/30/2021,TIX,FL,ASO,ES,Federal Contract Tower,0,0,24,0,24,0,0,42,0,42,0,0,66,0,66,92,0,92,158
05/31/2021,TIX,FL,ASO,ES,Federal Contract Tower,0,0,16,0,16,0,0,61,2,63,0,0,77,2,79,132,0,132,211
06/01/2021,TIX,FL,ASO,ES,Federal Contract Tower,0,0,23,0,23,0,0,67,0,67,0,0,90,0,90,84,0,84,174
06/02/2021,TIX,FL,ASO,ES,Federal Contract Tower,0,0,28,0,28,0,0,73,0,73,0,0,101,0,101,184,0,184,285
06/03/2021,TIX,FL,ASO,ES,Federal Contract Tower,0,0,23,0,23,0,0,45,0,45,0,0,68,0,68,120,0,120,188
06/04/2021,TIX,FL,ASO,ES,Federal Contract Tower,0,1,13,0,14,0,0,34,0,34,0,1,47,0,48,128,0,128,176
06/05/2021,TIX,FL,ASO,ES,Federal Contract Tower,0,0,28,0,28,0,0,38,0,38,0,0,66,0,66,96,0,96,162
06/06/2021,TIX,FL,ASO,ES,Federal Contract Tower,0,0,5,0,5,0,0,51,0,51,0,0,56,0,56,162,0,162,218
06/07/2021,TIX,FL,ASO,ES,Federal Contract Tower,0,2,9,0,11,0,0,73,0,73,0,2,82,0,84,172,0,172,256
06/08/2021,TIX,FL,ASO,ES,Federal Contract Tower,0,0,9,0,9,0,0,58,0,58,0,0,67,0,67,138,0,138,205
06/09/2021,TIX,FL,ASO,ES,Federal Contract Tower,0,0,27,0,27,0,0,81,2,83,0,0,108,2,110,126,8,134,244
06/10/2021,TIX,FL,ASO,ES,Federal Contract Tower,0,0,19,0,19,0,0,67,0,67,0,0,86,0,86,182,0,182,268
06/11/2021,TIX,FL,ASO,ES,Federal Contract Tower,0,2,33,0,35,0,0,91,0,91,0,2,124,0,126,238,0,238,364
06/12/2021,TIX,FL,ASO,ES,Federal Contract Tower,0,0,24,0,24,0,0,97,0,97,0,0,121,0,121,26,0,26,147
06/13/2021,TIX,FL,ASO,ES,Federal Contract Tower,0,0,18,0,18,0,0,61,0,61,0,0,79,0,79,150,0,150,229
06/14/2021,TIX,FL,ASO,ES,Federal Contract Tower,0,0,23,2,25,0,0,62,0,62,0,0,85,2,87,250,0,250,337
06/15/2021,TIX,FL,ASO,ES,Federal Contract Tower,0,0,17,0,17,0,0,54,0,54,0,0,71,0,71,168,0,168,239
06/16/2021,TIX,FL,ASO,ES,Federal Contract Tower,0,0,21,0,21,0,0,58,0,58,0,0,79,0,79,116,0,116,195
06/17/2021,TIX,FL,ASO,ES,Federal Contract Tower,0,2,17,0,19,0,0,62,0,62,0,2,79,0,81,124,0,124,205
06/18/2021,TIX,FL,ASO,ES,Federal Contract Tower,0,0,15,0,15,0,0,86,0,86,0,0,101,0,101,206,0,206,307
06/19/2021,TIX,FL,ASO,ES,Federal Contract Tower,0,0,10,0,10,0,0,67,0,67,0,0,77,0,77,164,0,164,241
06/20/2021,TIX,FL,ASO,ES,Federal Contract Tower,0,0,16,0,16,0,0,50,0,50,0,0,66,0,66,108,0,108,174
06/21/2021,TIX,FL,ASO,ES,Federal Contract Tower,0,0,11,0,11,0,0,75,0,75,0,0,86,0,86,210,0,210,296
06/22/2021,TIX,FL,ASO,ES,Federal Contract Tower,0,0,11,2,13,0,0,66,0,66,0,0,77,2,79,154,0,154,233
06/23/2021,TIX,FL,ASO,ES,Federal Contract Tower,0,0,42,0,42,0,0,88,0,88,0,0,130,0,130,272,0,272,402
06/25/2021,TIX,FL,ASO,ES,Federal Contract Tower,0,0,33,0,33,0,0,55,0,55,0,0,88,0,88,198,0,198,286
06/26/2021,TIX,FL,ASO,ES,Federal Contract Tower,0,0,13,0,13,0,0,65,0,65,0,0,78,0,78,102,0,102,180
06/27/2021,TIX,FL,ASO,ES,Federal Contract Tower,0,0,9,0,9,0,0,64,0,64,0,0,73,0,73,166,0,166,239
06/28/2021,TIX,FL,ASO,ES,Federal Contract Tower,0,0,33,0,33,0,0,94,0,94,0,0,127,0,127,326,0,326,453
06/29/2021,TIX,FL,ASO,ES,Federal Contract Tower,0,4,49,5,58,0,0,75,1,76,0,4,124,6,134,216,4,220,354
06/30/2021,TIX,FL,ASO,ES,Federal Contract Tower,0,1,43,0,44,0,0,60,0,60,0,1,103,0,104,170,0,170,274
07/01/2021,TIX,FL,ASO,ES,Federal Contract Tower,0,0,18,0,18,0,0,27,0,27,0,0,45,0,45,46,0,46,91
07/02/2021,TIX,FL,ASO,ES,Federal Contract Tower,0,1,28,0,29,0,0,56,0,56,0,1,84,0,85,206,0,206,291
07/03/2021,TIX,FL,ASO,ES,Federal Contract Tower,0,0,7,0,7,0,0,18,0,18,0,0,25,0,25,42,0,42,67
07/04/2021,TIX,FL,ASO,ES,Federal Contract Tower,0,0,13,0,13,0,0,37,0,37,0,0,50,0,50,114,0,114,164
07/05/2021,TIX,FL,ASO,ES,Federal Contract Tower,0,0,31,0,31,0,0,72,0,72,0,0,103,0,103,178,0,178,281
07/06/2021,TIX,FL,ASO,ES,Federal Contract Tower,0,0,9,0,9,0,0,40,0,40,0,0,49,0,49,72,0,72,121
07/07/2021,TIX,FL,ASO,ES,Federal Contract Tower,0,0,4,0,4,0,0,14,0,14,0,0,18,0,18,26,0,26,44
07/08/2021,TIX,FL,ASO,ES,Federal Contract Tower,0,5,7,0,12,0,0,51,1,52,0,5,58,1,64,162,0,162,226
07/09/2021,TIX,FL,ASO,ES,Federal Contract Tower,0,0,11,2,13,0,0,67,0,67,0,0,78,2,80,222,0,222,302
07/10/2021,TIX,FL,ASO,ES,Federal Contract Tower,0,0,11,0,11,0,0,47,0,47,0,0,58,0,58,72,0,72,130
07/11/2021,TIX,FL,ASO,ES,Federal Contract Tower,0,0,7,0,7,0,0,55,0,55,0,0,62,0,62,116,0,116,178
07/12/2021,TIX,FL,ASO,ES,Federal Contract Tower,0,0,12,0,12,0,0,61,0,61,0,0,73,0,73,126,0,126,199
07/13/2021,TIX,FL,ASO,ES,Federal Contract Tower,0,0,15,0,15,0,0,73,0,73,0,0,88,0,88,132,0,132,220
07/14/2021,TIX,FL,ASO,ES,Federal Contract Tower,0,0,16,0,16,0,0,37,0,37,0,0,53,0,53,122,0,122,175
07/15/2021,TIX,FL,ASO,ES,Federal Contract Tower,0,0,24,0,24,0,0,70,0,70,0,0,94,0,94,156,0,156,250
07/16/2021,TIX,FL,ASO,ES,Federal Contract Tower,0,4,29,0,33,0,0,84,0,84,0,4,113,0,117,224,0,224,341
07/17/2021,TIX,FL,ASO,ES,Federal Contract Tower,0,0,11,0,11,0,0,65,0,65,0,0,76,0,76,118,0,118,194
07/18/2021,TIX,FL,ASO,ES,Federal Contract Tower,0,0,11,0,11,0,0,60,0,60,0,0,71,0,71,124,0,124,195
07/19/2021,TIX,FL,ASO,ES,Federal Contract Tower,0,0,24,0,24,0,0,87,0,87,0,0,111,0,111,272,0,272,383
07/20/2021,TIX,FL,ASO,ES,Federal Contract Tower,0,1,32,0,33,0,0,72,0,72,0,1,104,0,105,124,0,124,229
07/21/2021,TIX,FL,ASO,ES,Federal Contract Tower,0,0,4,0,4,0,0,58,0,58,0,0,62,0,62,170,0,170,232
07/22/2021,TIX,FL,ASO,ES,Federal Contract Tower,0,0,36,0,36,0,0,64,0,64,0,0,100,0,100,130,0,130,230
07/23/2021,TIX,FL,ASO,ES,Federal Contract Tower,0,0,10,0,10,0,0,34,0,34,0,0,44,0,44,104,0,104,148
07/24/2021,TIX,FL,ASO,ES,Federal Contract Tower,0,0,27,0,27,0,0,49,0,49,0,0,76,0,76,112,0,112,188
07/25/2021,TIX,FL,ASO,ES,Federal Contract Tower,0,1,13,0,14,0,0,69,0,69,0,1,82,0,83,138,0,138,221
07/26/2021,TIX,FL,ASO,ES,Federal Contract Tower,0,0,20,0,20,0,0,74,0,74,0,0,94,0,94,200,0,200,294
07/27/2021,TIX,FL,ASO,ES,Federal Contract Tower,0,0,32,0,32,0,0,82,0,82,0,0,114,0,114,196,0,196,310
07/28/2021,TIX,FL,ASO,ES,Federal Contract Tower,0,0,19,0,19,0,0,41,2,43,0,0,60,2,62,128,0,128,190
07/29/2021,TIX,FL,ASO,ES,Federal Contract Tower,0,0,24,0,24,0,0,38,0,38,0,0,62,0,62,100,0,100,162
07/30/2021,TIX,FL,ASO,ES,Federal Contract Tower,0,0,17,4,21,0,0,40,0,40,0,0,57,4,61,90,2,92,153
07/31/2021,TIX,FL,ASO,ES,Federal Contract Tower,0,2,8,0,10,0,0,43,0,43,0,2,51,0,53,94,0,94,147
08/01/2021,TIX,FL,ASO,ES,Federal Contract Tower,0,2,13,0,15,0,0,44,0,44,0,2,57,0,59,120,0,120,179
08/02/2021,TIX,FL,ASO,ES,Federal Contract Tower,0,2,29,0,31,0,0,111,0,111,0,2,140,0,142,274,0,274,416
08/03/2021,TIX,FL,ASO,ES,Federal Contract Tower,0,1,14,0,15,0,0,52,0,52,0,1,66,0,67,46,0,46,113
08/04/2021,TIX,FL,ASO,ES,Federal Contract Tower,0,3,42,0,45,0,0,77,0,77,0,3,119,0,122,298,0,298,420
08/05/2021,TIX,FL,ASO,ES,Federal Contract Tower,0,0,23,0,23,0,0,60,0,60,0,0,83,0,83,170,0,170,253
08/06/2021,TIX,FL,ASO,ES,Federal Contract Tower,0,0,20,0,20,0,0,49,0,49,0,0,69,0,69,146,0,146,215
08/07/2021,TIX,FL,ASO,ES,Federal Contract Tower,0,0,12,0,12,0,0,56,0,56,0,0,68,0,68,82,0,82,150
08/08/2021,TIX,FL,ASO,ES,Federal Contract Tower,0,0,0,0,0,0,0,37,0,37,0,0,37,0,37,82,0,82,119
08/09/2021,TIX,FL,ASO,ES,Federal Contract Tower,0,2,20,0,22,0,0,87,4,91,0,2,107,4,113,244,0,244,357
08/10/2021,TIX,FL,ASO,ES,Federal Contract Tower,0,0,34,0,34,0,0,77,0,77,0,0,111,0,111,194,0,194,305
08/11/2021,TIX,FL,ASO,ES,Federal Contract Tower,0,0,38,0,38,0,0,79,0,79,0,0,117,0,117,240,0,240,357
08/12/2021,TIX,FL,ASO,ES,Federal Contract Tower,0,0,36,0,36,0,0,58,0,58,0,0,94,0,94,140,0,140,234
08/13/2021,TIX,FL,ASO,ES,Federal Contract Tower,0,0,14,0,14,0,0,48,0,48,0,0,62,0,62,142,0,142,204
08/14/2021,TIX,FL,ASO,ES,Federal Contract Tower,0,0,7,0,7,0,0,31,0,31,0,0,38,0,38,80,0,80,118
08/15/2021,TIX,FL,ASO,ES,Federal Contract Tower,0,1,13,0,14,0,0,65,0,65,0,1,78,0,79,122,0,122,201
08/16/2021,TIX,FL,ASO,ES,Federal Contract Tower,0,1,12,0,13,0,0,62,0,62,0,1,74,0,75,202,0,202,277
08/17/2021,TIX,FL,ASO,ES,Federal Contract Tower,0,2,32,0,34,0,0,72,0,72,0,2,104,0,106,246,0,246,352
08/18/2021,TIX,FL,ASO,ES,Federal Contract Tower,0,2,44,0,46,0,0,73,0,73,0,2,117,0,119,220,0,220,339
08/19/2021,TIX,FL,ASO,ES,Federal Contract Tower,0,0,22,0,22,0,0,54,0,54,0,0,76,0,76,96,0,96,172
08/20/2021,TIX,FL,ASO,ES,Federal Contract Tower,0,0,24,0,24,0,0,40,0,40,0,0,64,0,64,138,0,138,202
08/21/2021,TIX,FL,ASO,ES,Federal Contract Tower,0,0,14,0,14,0,0,43,0,43,0,0,57,0,57,54,0,54,111
08/22/2021,TIX,FL,ASO,ES,Federal Contract Tower,0,0,10,0,10,0,0,48,0,48,0,0,58,0,58,112,0,112,170
08/23/2021,TIX,FL,ASO,ES,Federal Contract Tower,0,0,25,1,26,0,0,91,0,91,0,0,116,1,117,242,0,242,359
08/24/2021,TIX,FL,ASO,ES,Federal Contract Tower,0,0,10,0,10,0,0,60,0,60,0,0,70,0,70,128,0,128,198
08/25/2021,TIX,FL,ASO,ES,Federal Contract Tower,0,0,28,0,28,0,0,71,1,72,0,0,99,1,100,198,0,198,298
08/27/2021,TIX,FL,ASO,ES,Federal Contract Tower,0,0,12,0,12,0,0,27,0,27,0,0,39,0,39,132,0,132,171
08/28/2021,TIX,FL,ASO,ES,Federal Contract Tower,0,0,19,0,19,0,0,47,0,47,0,0,66,0,66,70,0,70,136
08/29/2021,TIX,FL,ASO,ES,Federal Contract Tower,0,4,20,0,24,0,0,51,0,51,0,4,71,0,75,94,0,94,169
08/30/2021,TIX,FL,ASO,ES,Federal Contract Tower,0,0,15,1,16,0,0,80,0,80,0,0,95,1,96,192,0,192,288
08/31/2021,TIX,FL,ASO,ES,Federal Contract Tower,0,0,23,0,23,0,0,69,0,69,0,0,92,0,92,168,0,168,260
09/01/2021,TIX,FL,ASO,ES,Federal Contract Tower,0,0,21,0,21,0,0,45,0,45,0,0,66,0,66,110,0,110,176
09/02/2021,TIX,FL,ASO,ES,Federal Contract Tower,0,2,23,0,25,0,0,62,0,62,0,2,85,0,87,152,0,152,239
09/03/2021,TIX,FL,ASO,ES,Federal Contract Tower,0,0,19,0,19,0,0,48,0,48,0,0,67,0,67,90,0,90,157
09/04/2021,TIX,FL,ASO,ES,Federal Contract Tower,0,1,22,0,23,0,0,58,0,58,0,1,80,0,81,98,0,98,179
09/05/2021,TIX,FL,ASO,ES,Federal Contract Tower,0,1,25,0,26,0,0,63,0,63,0,1,88,0,89,132,0,132,221
09/06/2021,TIX,FL,ASO,ES,Federal Contract Tower,0,0,12,0,12,0,0,69,0,69,0,0,81,0,81,154,0,154,235
09/07/2021,TIX,FL,ASO,ES,Federal Contract Tower,0,0,16,0,16,0,0,58,0,58,0,0,74,0,74,126,0,126,200
09/08/2021,TIX,FL,ASO,ES,Federal Contract Tower,0,1,9,0,10,0,0,62,0,62,0,1,71,0,72,114,0,114,186
09/09/2021,TIX,FL,ASO,ES,Federal Contract Tower,0,0,22,0,22,0,0,35,0,35,0,0,57,0,57,86,0,86,143
09/10/2021,TIX,FL,ASO,ES,Federal Contract Tower,0,0,26,0,26,0,0,32,0,32,0,0,58,0,58,90,0,90,148
09/11/2021,TIX,FL,ASO,ES,Federal Contract Tower,0,0,22,0,22,0,0,61,0,61,0,0,83,0,83,94,0,94,177
09/12/2021,TIX,FL,ASO,ES,Federal Contract Tower,0,0,11,2,13,0,0,34,0,34,0,0,45,2,47,88,4,92,139
09/13/2021,TIX,FL,ASO,ES,Federal Contract Tower,0,0,34,0,34,0,0,68,0,68,0,0,102,0,102,162,0,162,264
09/14/2021,TIX,FL,ASO,ES,Federal Contract Tower,0,1,58,0,59,0,0,88,0,88,0,1,146,0,147,214,0,214,361
09/15/2021,TIX,FL,ASO,ES,Federal Contract Tower,0,1,31,0,32,0,0,56,0,56,0,1,87,0,88,92,0,92,180
09/16/2021,TIX,FL,ASO,ES,Federal Contract Tower,0,6,21,0,27,0,0,73,0,73,0,6,94,0,100,124,0,124,224
09/17/2021,TIX,FL,ASO,ES,Federal Contract Tower,0,0,13,0,13,0,0,40,0,40,0,0,53,0,53,122,0,122,175
09/18/2021,TIX,FL,ASO,ES,Federal Contract Tower,0,0,26,0,26,0,0,35,0,35,0,0,61,0,61,26,0,26,87
09/19/2021,TIX,FL,ASO,ES,Federal Contract Tower,0,0,36,0,36,0,0,82,0,82,0,0,118,0,118,240,0,240,358
09/20/2021,TIX,FL,ASO,ES,Federal Contract Tower,0,2,30,0,32,0,0,72,0,72,0,2,102,0,104,198,0,198,302
09/21/2021,TIX,FL,ASO,ES,Federal Contract Tower,0,0,26,0,26,0,0,69,0,69,0,0,95,0,95,156,0,156,251
09/22/2021,TIX,FL,ASO,ES,Federal Contract Tower,0,2,36,0,38,0,0,60,0,60,0,2,96,0,98,146,0,146,244
09/23/2021,TIX,FL,ASO,ES,Federal Contract Tower,0,0,26,0,26,0,0,43,0,43,0,0,69,0,69,106,0,106,175
09/24/2021,TIX,FL,ASO,ES,Federal Contract Tower,0,0,21,0,21,0,0,74,0,74,0,0,95,0,95,148,0,148,243
09/25/2021,TIX,FL,ASO,ES,Federal Contract Tower,0,0,20,0,20,0,0,70,0,70,0,0,90,0,90,164,0,164,254
09/26/2021,TIX,FL,ASO,ES,Federal Contract Tower,0,1,51,0,52,0,0,67,0,67,0,1,118,0,119,168,0,168,287
09/27/2021,TIX,FL,ASO,ES,Federal Contract Tower,0,0,31,0,31,0,0,88,0,88,0,0,119,0,119,182,0,182,301
09/28/2021,TIX,FL,ASO,ES,Federal Contract Tower,0,3,44,0,47,0,0,83,0,83,0,3,127,0,130,214,0,214,344
09/29/2021,TIX,FL,ASO,ES,Federal Contract Tower,0,0,40,0,40,0,0,67,0,67,0,0,107,0,107,136,0,136,243
09/30/2021,TIX,FL,ASO,ES,Federal Contract Tower,0,0,34,0,34,0,0,72,0,72,0,0,106,0,106,136,0,136,242
10/01/2021,TIX,FL,ASO,ES,Federal Contract Tower,0,1,37,0,38,0,0,78,0,78,0,1,115,0,116,172,0,172,288
10/02/2021,TIX,FL,ASO,ES,Federal Contract Tower,0,0,30,0,30,0,0,68,0,68,0,0,98,0,98,134,0,134,232
10/03/2021,TIX,FL,ASO,ES,Federal Contract Tower,0,2,30,0,32,0,0,67,0,67,0,2,97,0,99,128,0,128,227
10/04/2021,TIX,FL,ASO,ES,Federal Contract Tower,0,0,49,0,49,0,0,80,0,80,0,0,129,0,129,206,0,206,335
10/05/2021,TIX,FL,ASO,ES,Federal Contract Tower,0,0,50,0,50,0,0,95,0,95,0,0,145,0,145,272,0,272,417
10/06/2021,TIX,FL,ASO,ES,Federal Contract Tower,0,0,44,0,44,0,0,82,0,82,0,0,126,0,126,250,0,250,376
10/07/2021,TIX,FL,ASO,ES,Federal Contract Tower,0,0,41,0,41,0,0,65,0,65,0,0,106,0,106,262,0,262,368
10/08/2021,TIX,FL,ASO,ES,Federal Contract Tower,0,0,16,0,16,0,0,50,0,50,0,0,66,0,66,114,0,114,180
10/09/2021,TIX,FL,ASO,ES,Federal Contract Tower,0,0,30,0,30,0,0,42,0,42,0,0,72,0,72,66,0,66,138
10/10/2021,TIX,FL,ASO,ES,Federal Contract Tower,0,0,19,0,19,0,0,39,0,39,0,0,58,0,58,52,0,52,110
10/11/2021,TIX,FL,ASO,ES,Federal Contract Tower,0,0,31,0,31,0,0,90,0,90,0,0,121,0,121,272,0,272,393
10/12/2021,TIX,FL,ASO,ES,Federal Contract Tower,0,0,27,2,29,0,0,76,1,77,0,0,103,3,106,238,10,248,354
10/13/2021,TIX,FL,ASO,ES,Federal Contract Tower,0,0,49,1,50,0,0,77,0,77,0,0,126,1,127,270,0,270,397
10/14/2021,TIX,FL,ASO,ES,Federal Contract Tower,0,21,0,0,21,0,0,43,0,43,0,21,43,0,64,124,0,124,188
10/15/2021,TIX,FL,ASO,ES,Federal Contract Tower,0,2,24,0,26,0,0,52,0,52,0,2,76,0,78,112,0,112,190
10/16/2021,TIX,FL,ASO,ES,Federal Contract Tower,0,0,10,0,10,0,0,53,0,53,0,0,63,0,63,114,0,114,177
10/17/2021,TIX,FL,ASO,ES,Federal Contract Tower,0,0,23,0,23,0,0,35,0,35,0,0,58,0,58,44,0,44,102
10/18/2021,TIX,FL,ASO,ES,Federal Contract Tower,0,0,37,0,37,0,0,71,0,71,0,0,108,0,108,232,0,232,340
10/19/2021,TIX,FL,ASO,ES,Federal Contract Tower,0,0,30,0,30,0,0,85,0,85,0,0,115,0,115,240,0,240,355
10/20/2021,TIX,FL,ASO,ES,Federal Contract Tower,0,3,37,0,40,0,0,78,0,78,0,3,115,0,118,162,0,162,280
10/21/2021,TIX,FL,ASO,ES,Federal Contract Tower,0,2,35,0,37,0,0,56,0,56,0,2,91,0,93,170,0,170,263
10/22/2021,TIX,FL,ASO,ES,Federal Contract Tower,0,4,21,0,25,0,0,43,0,43,0,4,64,0,68,94,0,94,162
10/23/2021,TIX,FL,ASO,ES,Federal Contract Tower,1,11,0,0,12,0,0,69,0,69,1,11,69,0,81,228,0,228,309
10/24/2021,TIX,FL,ASO,ES,Federal Contract Tower,0,0,6,0,6,0,0,45,0,45,0,0,51,0,51,80,0,80,131
10/25/2021,TIX,FL,ASO,ES,Federal Contract Tower,0,1,25,0,26,0,0,67,0,67,0,1,92,0,93,198,0,198,291
10/26/2021,TIX,FL,ASO,ES,Federal Contract Tower,0,0,31,0,31,0,0,55,0,55,0,0,86,0,86,150,0,150,236
10/27/2021,TIX,FL,ASO,ES,Federal Contract Tower,0,2,59,0,61,0,0,76,0,76,0,2,135,0,137,248,0,248,385
10/28/2021,TIX,FL,ASO,ES,Federal Contract Tower,0,1,5,0,6,0,0,23,0,23,0,1,28,0,29,46,0,46,75
10/29/2021,TIX,FL,ASO,ES,Federal Contract Tower,0,0,22,0,22,0,0,27,0,27,0,0,49,0,49,78,0,78,127
10/30/2021,TIX,FL,ASO,ES,Federal Contract Tower,0,0,42,0,42,0,0,43,0,43,0,0,85,0,85,88,0,88,173
10/31/2021,TIX,FL,ASO,ES,Federal Contract Tower,0,0,38,0,38,0,0,50,0,50,0,0,88,0,88,88,0,88,176
11/01/2021,TIX,FL,ASO,ES,Federal Contract Tower,0,3,52,0,55,0,0,90,0,90,0,3,142,0,145,220,0,220,365
11/02/2021,TIX,FL,ASO,ES,Federal Contract Tower,0,0,37,0,37,0,0,90,0,90,0,0,127,0,127,224,0,224,351
11/03/2021,TIX,FL,ASO,ES,Federal Contract Tower,0,4,21,0,25,0,0,79,0,79,0,4,100,0,104,214,0,214,318
11/04/2021,TIX,FL,ASO,ES,Federal Contract Tower,0,0,27,0,27,0,0,65,0,65,0,0,92,0,92,178,0,178,270
11/05/2021,TIX,FL,ASO,ES,Federal Contract Tower,0,0,13,0,13,0,0,1,0,1,0,0,14,0,14,0,0,0,14
11/06/2021,TIX,FL,ASO,ES,Federal Contract Tower,0,3,22,0,25,0,0,1,0,1,0,3,23,0,26,6,0,6,32
11/07/2021,TIX,FL,ASO,ES,Federal Contract Tower,0,1,20,0,21,0,0,23,0,23,0,1,43,0,44,104,2,106,150
11/08/2021,TIX,FL,ASO,ES,Federal Contract Tower,0,1,40,0,41,0,0,74,0,74,0,1,114,0,115,198,0,198,313
11/09/2021,TIX,FL,ASO,ES,Federal Contract Tower,0,2,56,0,58,0,0,96,0,96,0,2,152,0,154,258,0,258,412
11/10/2021,TIX,FL,ASO,ES,Federal Contract Tower,0,11,33,0,44,0,0,51,0,51,0,11,84,0,95,140,0,140,235
11/11/2021,TIX,FL,ASO,ES,Federal Contract Tower,0,4,19,0,23,0,0,30,0,30,0,4,49,0,53,68,0,68,121
11/12/2021,TIX,FL,ASO,ES,Federal Contract Tower,0,1,36,0,37,0,0,33,0,33,0,1,69,0,70,116,2,118,188
11/13/2021,TIX,FL,ASO,ES,Federal Contract Tower,0,2,31,0,33,0,0,38,0,38,0,2,69,0,71,32,0,32,103
11/14/2021,TIX,FL,ASO,ES,Federal Contract Tower,0,1,24,0,25,0,0,68,0,68,0,1,92,0,93,180,0,180,273
11/15/2021,TIX,FL,ASO,ES,Federal Contract Tower,0,0,52,2,54,0,0,105,0,105,0,0,157,2,159,230,0,230,389
11/16/2021,TIX,FL,ASO,ES,Federal Contract Tower,0,3,50,0,53,0,0,89,0,89,0,3,139,0,142,232,0,232,374
11/17/2021,TIX,FL,ASO,ES,Federal Contract Tower,0,0,35,2,37,0,0,75,1,76,0,0,110,3,113,226,36,262,375
11/18/2021,TIX,FL,ASO,ES,Federal Contract Tower,0,1,25,0,26,0,0,38,0,38,0,1,63,0,64,84,0,84,148
11/19/2021,TIX,FL,ASO,ES,Federal Contract Tower,0,0,17,0,17,0,0,32,0,32,0,0,49,0,49,94,0,94,143
11/20/2021,TIX,FL,ASO,ES,Federal Contract Tower,0,1,12,0,13,0,0,5,0,5,0,1,17,0,18,4,0,4,22
11/21/2021,TIX,FL,ASO,ES,Federal Contract Tower,0,1,31,0,32,0,0,36,0,36,0,1,67,0,68,86,0,86,154
11/22/2021,TIX,FL,ASO,ES,Federal Contract Tower,0,0,45,0,45,0,0,75,0,75,0,0,120,0,120,206,0,206,326
11/23/2021,TIX,FL,ASO,ES,Federal Contract Tower,0,0,20,0,20,0,0,71,0,71,0,0,91,0,91,156,0,156,247
11/24/2021,TIX,FL,ASO,ES,Federal Contract Tower,0,0,13,0,13,0,0,63,0,63,0,0,76,0,76,120,0,120,196
11/25/2021,TIX,FL,ASO,ES,Federal Contract Tower,0,0,16,0,16,0,0,42,0,42,0,0,58,0,58,102,0,102,160
11/26/2021,TIX,FL,ASO,ES,Federal Contract Tower,0,0,27,0,27,0,0,43,0,43,0,0,70,0,70,84,0,84,154
11/27/2021,TIX,FL,ASO,ES,Federal Contract Tower,0,2,22,0,24,0,0,51,0,51,0,2,73,0,75,78,0,78,153
11/28/2021,TIX,FL,ASO,ES,Federal Contract Tower,0,2,32,0,34,0,0,67,0,67,0,2,99,0,101,146,0,146,247
11/29/2021,TIX,FL,ASO,ES,Federal Contract Tower,0,0,28,0,28,0,0,101,0,101,0,0,129,0,129,244,0,244,373
11/30/2021,TIX,FL,ASO,ES,Federal Contract Tower,0,2,43,0,45,0,0,94,0,94,0,2,137,0,139,262,0,262,401
12/01/2021,TIX,FL,ASO,ES,Federal Contract Tower,0,0,38,0,38,0,0,58,1,59,0,0,96,1,97,132,0,132,229
12/02/2021,TIX,FL,ASO,ES,Federal Contract Tower,0,1,33,0,34,0,0,68,0,68,0,1,101,0,102,174,0,174,276
12/03/2021,TIX,FL,ASO,ES,Federal Contract Tower,0,4,33,7,44,0,0,66,3,69,0,4,99,10,113,182,8,190,303
12/04/2021,TIX,FL,ASO,ES,Federal Contract Tower,0,1,30,0,31,0,0,67,3,70,0,1,97,3,101,140,0,140,241
12/05/2021,TIX,FL,ASO,ES,Federal Contract Tower,0,0,40,3,43,0,0,61,4,65,0,0,101,7,108,120,0,120,228
12/06/2021,TIX,FL,ASO,ES,Federal Contract Tower,0,3,31,0,34,0,0,70,2,72,0,3,101,2,106,150,0,150,256
12/07/2021,TIX,FL,ASO,ES,Federal Contract Tower,0,2,25,0,27,0,0,52,0,52,0,2,77,0,79,132,0,132,211
12/08/2021,TIX,FL,ASO,ES,Federal Contract Tower,0,0,25,0,25,0,0,63,0,63,0,0,88,0,88,190,0,190,278
12/09/2021,TIX,FL,ASO,ES,Federal Contract Tower,0,3,62,0,65,0,0,43,0,43,0,3,105,0,108,90,0,90,198
12/10/2021,TIX,FL,ASO,ES,Federal Contract Tower,0,0,23,0,23,0,0,60,0,60,0,0,83,0,83,174,0,174,257
12/11/2021,TIX,FL,ASO,ES,Federal Contract Tower,0,2,9,0,11,0,0,64,0,64,0,2,73,0,75,154,0,154,229
12/12/2021,TIX,FL,ASO,ES,Federal Contract Tower,0,0,40,0,40,0,0,43,0,43,0,0,83,0,83,46,0,46,129
12/13/2021,TIX,FL,ASO,ES,Federal Contract Tower,0,0,57,0,57,0,0,76,6,82,0,0,133,6,139,172,0,172,311
12/14/2021,TIX,FL,ASO,ES,Federal Contract Tower,0,0,27,0,27,0,0,54,0,54,0,0,81,0,81,108,0,108,189
12/15/2021,TIX,FL,ASO,ES,Federal Contract Tower,0,0,28,0,28,0,0,39,0,39,0,0,67,0,67,84,0,84,151
12/16/2021,TIX,FL,ASO,ES,Federal Contract Tower,0,0,14,0,14,0,0,74,0,74,0,0,88,0,88,172,0,172,260
12/17/2021,TIX,FL,ASO,ES,Federal Contract Tower,0,0,9,0,9,0,0,63,0,63,0,0,72,0,72,126,0,126,198
12/18/2021,TIX,FL,ASO,ES,Federal Contract Tower,0,2,7,0,9,0,0,38,0,38,0,2,45,0,47,128,0,128,175
12/19/2021,TIX,FL,ASO,ES,Federal Contract Tower,0,0,9,0,9,0,0,26,0,26,0,0,35,0,35,32,0,32,67
12/20/2021,TIX,FL,ASO,ES,Federal Contract Tower,0,0,26,0,26,0,0,9,0,9,0,0,35,0,35,34,0,34,69
12/21/2021,TIX,FL,ASO,ES,Federal Contract Tower,0,0,22,0,22,0,0,0,0,0,0,0,22,0,22,0,0,0,22
12/22/2021,TIX,FL,ASO,ES,Federal Contract Tower,0,4,45,0,49,0,0,62,1,63,0,4,107,1,112,200,12,212,324
12/23/2021,TIX,FL,ASO,ES,Federal Contract Tower,0,0,41,0,41,0,0,53,0,53,0,0,94,0,94,140,0,140,234
12/24/2021,TIX,FL,ASO,ES,Federal Contract Tower,0,0,14,0,14,0,0,24,0,24,0,0,38,0,38,12,0,12,50
12/25/2021,TIX,FL,ASO,ES,Federal Contract Tower,0,0,0,0,0,0,0,15,0,15,0,0,15,0,15,14,0,14,29
12/26/2021,TIX,FL,ASO,ES,Federal Contract Tower,0,0,17,0,17,0,0,42,0,42,0,0,59,0,59,100,0,100,159
12/27/2021,TIX,FL,ASO,ES,Federal Contract Tower,0,0,20,0,20,0,0,79,0,79,0,0,99,0,99,172,0,172,271
12/28/2021,TIX,FL,ASO,ES,Federal Contract Tower,0,0,23,0,23,0,0,58,0,58,0,0,81,0,81,158,0,158,239
12/29/2021,TIX,FL,ASO,ES,Federal Contract Tower,0,0,15,0,15,0,0,51,0,51,0,0,66,0,66,154,0,154,220
12/30/2021,TIX,FL,ASO,ES,Federal Contract Tower,0,0,20,0,20,0,0,60,0,60,0,0,80,0,80,194,0,194,274
12/31/2021,TIX,FL,ASO,ES,Federal Contract Tower,0,0,18,0,18,0,0,31,0,31,0,0,49,0,49,26,0,26,75
01/01/2022,TIX,FL,ASO,ES,Federal Contract Tower,0,0,5,0,5,0,0,19,0,19,0,0,24,0,24,18,0,18,42
01/02/2022,TIX,FL,ASO,ES,Federal Contract Tower,0,0,28,0,28,0,0,30,0,30,0,0,58,0,58,42,0,42,100
01/03/2022,TIX,FL,ASO,ES,Federal Contract Tower,0,0,41,0,41,0,0,45,0,45,0,0,86,0,86,102,0,102,188
01/04/2022,TIX,FL,ASO,ES,Federal Contract Tower,0,0,33,0,33,0,0,76,0,76,0,0,109,0,109,190,0,190,299
01/05/2022,TIX,FL,ASO,ES,Federal Contract Tower,0,0,13,0,13,0,0,52,0,52,0,0,65,0,65,104,0,104,169
01/06/2022,TIX,FL,ASO,ES,Federal Contract Tower,0,1,32,0,33,0,0,62,0,62,0,1,94,0,95,124,0,124,219
01/07/2022,TIX,FL,ASO,ES,Federal Contract Tower,0,1,20,0,21,0,0,28,0,28,0,1,48,0,49,84,0,84,133
01/08/2022,TIX,FL,ASO,ES,Federal Contract Tower,0,0,16,0,16,0,0,44,0,44,0,0,60,0,60,18,0,18,78
01/09/2022,TIX,FL,ASO,ES,Federal Contract Tower,0,1,9,0,10,0,0,31,0,31,0,1,40,0,41,70,0,70,111
01/10/2022,TIX,FL,ASO,ES,Federal Contract Tower,0,2,24,0,26,0,0,72,0,72,0,2,96,0,98,170,0,170,268
01/11/2022,TIX,FL,ASO,ES,Federal Contract Tower,0,4,29,0,33,0,0,60,0,60,0,4,89,0,93,184,0,184,277
01/12/2022,TIX,FL,ASO,ES,Federal Contract Tower,0,2,26,0,28,0,0,59,0,59,0,2,85,0,87,124,0,124,211
01/13/2022,TIX,FL,ASO,ES,Federal Contract Tower,0,1,40,0,41,0,0,53,0,53,0,1,93,0,94,110,0,110,204
01/14/2022,TIX,FL,ASO,ES,Federal Contract Tower,0,0,54,0,54,0,0,66,0,66,0,0,120,0,120,106,0,106,226
01/15/2022,TIX,FL,ASO,ES,Federal Contract Tower,0,0,17,0,17,0,0,50,0,50,0,0,67,0,67,66,0,66,133
01/16/2022,TIX,FL,ASO,ES,Federal Contract Tower,0,0,0,0,0,0,0,17,0,17,0,0,17,0,17,38,0,38,55
01/17/2022,TIX,FL,ASO,ES,Federal Contract Tower,0,0,71,0,71,0,0,39,0,39,0,0,110,0,110,94,0,94,204
01/18/2022,TIX,FL,ASO,ES,Federal Contract Tower,0,0,45,0,45,0,0,89,0,89,0,0,134,0,134,208,0,208,342
01/19/2022,TIX,FL,ASO,ES,Federal Contract Tower,0,3,46,2,51,0,0,75,0,75,0,3,121,2,126,210,0,210,336
01/20/2022,TIX,FL,ASO,ES,Federal Contract Tower,0,0,46,0,46,0,0,69,0,69,0,0,115,0,115,192,0,192,307
01/21/2022,TIX,FL,ASO,ES,Federal Contract Tower,0,0,46,0,46,0,0,67,0,67,0,0,113,0,113,180,0,180,293
01/22/2022,TIX,FL,ASO,ES,Federal Contract Tower,0,0,18,0,18,0,0,0,0,0,0,0,18,0,18,0,0,0,18
01/23/2022,TIX,FL,ASO,ES,Federal Contract Tower,0,0,38,0,38,0,0,57,0,57,0,0,95,0,95,102,0,102,197
01/24/2022,TIX,FL,ASO,ES,Federal Contract Tower,0,0,39,0,39,0,0,69,0,69,0,0,108,0,108,140,0,140,248
01/25/2022,TIX,FL,ASO,ES,Federal Contract Tower,0,0,45,0,45,0,0,62,0,62,0,0,107,0,107,148,0,148,255
01/26/2022,TIX,FL,ASO,ES,Federal Contract Tower,0,3,22,0,25,0,0,0,0,0,0,3,22,0,25,0,0,0,25
01/27/2022,TIX,FL,ASO,ES,Federal Contract Tower,0,0,19,0,19,0,0,14,0,14,0,0,33,0,33,22,0,22,55
01/28/2022,TIX,FL,ASO,ES,Federal Contract Tower,0,0,23,0,23,0,0,0,0,0,0,0,23,0,23,2,0,2,25
01/29/2022,TIX,FL,ASO,ES,Federal Contract Tower,0,0,8,0,8,0,0,18,0,18,0,0,26,0,26,16,4,20,46
01/30/2022,TIX,FL,ASO,ES,Federal Contract Tower,0,0,29,0,29,0,0,76,0,76,0,0,105,0,105,180,0,180,285
01/31/2022,TIX,FL,ASO,ES,Federal Contract Tower,0,0,46,0,46,0,0,94,0,94,0,0,140,0,140,274,0,274,414
02/01/2022,TIX,FL,ASO,ES,Federal Contract Tower,0,0,48,0,48,0,0,89,0,89,0,0,137,0,137,210,0,210,347
02/02/2022,TIX,FL,ASO,ES,Federal Contract Tower,0,2,16,0,18,0,0,79,0,79,0,2,95,0,97,158,0,158,255
02/03/2022,TIX,FL,ASO,ES,Federal Contract Tower,0,4,10,0,14,0,0,55,0,55,0,4,65,0,69,86,0,86,155
02/04/2022,TIX,FL,ASO,ES,Federal Contract Tower,0,0,17,0,17,0,0,66,0,66,0,0,83,0,83,134,0,134,217
02/05/2022,TIX,FL,ASO,ES,Federal Contract Tower,0,0,9,0,9,0,0,1,0,1,0,0,10,0,10,0,0,0,10
02/06/2022,TIX,FL,ASO,ES,Federal Contract Tower,0,0,26,0,26,0,0,6,0,6,0,0,32,0,32,0,0,0,32
02/07/2022,TIX,FL,ASO,ES,Federal Contract Tower,0,1,27,0,28,0,0,21,0,21,0,1,48,0,49,30,0,30,79
02/08/2022,TIX,FL,ASO,ES,Federal Contract Tower,0,1,43,0,44,0,0,30,0,30,0,1,73,0,74,78,0,78,152
02/09/2022,TIX,FL,ASO,ES,Federal Contract Tower,0,2,43,0,45,0,0,60,0,60,0,2,103,0,105,166,0,166,271
02/10/2022,TIX,FL,ASO,ES,Federal Contract Tower,0,0,39,0,39,0,0,69,0,69,0,0,108,0,108,196,2,198,306
02/11/2022,TIX,FL,ASO,ES,Federal Contract Tower,0,2,33,0,35,0,0,104,0,104,0,2,137,0,139,226,0,226,365
02/12/2022,TIX,FL,ASO,ES,Federal Contract Tower,0,1,28,0,29,0,0,71,0,71,0,1,99,0,100,200,0,200,300
02/13/2022,TIX,FL,ASO,ES,Federal Contract Tower,0,5,18,0,23,0,0,45,0,45,0,5,63,0,68,88,0,88,156
02/14/2022,TIX,FL,ASO,ES,Federal Contract Tower,0,2,39,0,41,0,0,70,0,70,0,2,109,0,111,172,0,172,283
02/15/2022,TIX,FL,ASO,ES,Federal Contract Tower,0,0,24,0,24,0,0,77,0,77,0,0,101,0,101,174,0,174,275
02/16/2022,TIX,FL,ASO,ES,Federal Contract Tower,0,0,36,0,36,0,0,58,3,61,0,0,94,3,97,116,0,116,213
02/17/2022,TIX,FL,ASO,ES,Federal Contract Tower,0,3,27,0,30,0,0,37,0,37,0,3,64,0,67,80,0,80,147
02/18/2022,TIX,FL,ASO,ES,Federal Contract Tower,0,1,17,0,18,0,0,47,0,47,0,1,64,0,65,74,0,74,139
02/19/2022,TIX,FL,ASO,ES,Federal Contract Tower,0,0,28,0,28,0,0,35,0,35,0,0,63,0,63,78,0,78,141
02/20/2022,TIX,FL,ASO,ES,Federal Contract Tower,0,3,12,0,15,0,0,68,0,68,0,3,80,0,83,112,0,112,195
02/21/2022,TIX,FL,ASO,ES,Federal Contract Tower,0,3,22,1,26,0,0,73,0,73,0,3,95,1,99,136,0,136,235
02/22/2022,TIX,FL,ASO,ES,Federal Contract Tower,0,0,23,0,23,0,0,92,0,92,0,0,115,0,115,222,0,222,337
02/23/2022,TIX,FL,ASO,ES,Federal Contract Tower,0,1,29,0,30,0,0,70,0,70,0,1,99,0,100,152,0,152,252
02/24/2022,TIX,FL,ASO,ES,Federal Contract Tower,0,0,30,1,31,0,0,67,0,67,0,0,97,1,98,176,0,176,274
02/25/2022,TIX,FL,ASO,ES,Federal Contract Tower,0,6,21,0,27,0,0,65,0,65,0,6,86,0,92,130,0,130,222
02/26/2022,TIX,FL,ASO,ES,Federal Contract Tower,0,0,20,0,20,0,0,48,0,48,0,0,68,0,68,152,0,152,220
02/27/2022,TIX,FL,ASO,ES,Federal Contract Tower,0,2,15,0,17,0,0,56,0,56,0,2,71,0,73,108,0,108,181
02/28/2022,TIX,FL,ASO,ES,Federal Contract Tower,0,0,38,0,38,0,0,33,0,33,0,0,71,0,71,90,0,90,161
03/01/2022,TIX,FL,ASO,ES,Federal Contract Tower,0,0,42,0,42,0,0,64,0,64,0,0,106,0,106,146,0,146,252
03/02/2022,TIX,FL,ASO,ES,Federal Contract Tower,0,1,42,0,43,0,0,67,0,67,0,1,109,0,110,190,0,190,300
03/03/2022,TIX,FL,ASO,ES,Federal Contract Tower,0,0,16,0,16,0,0,65,0,65,0,0,81,0,81,212,0,212,293
03/04/2022,TIX,FL,ASO,ES,Federal Contract Tower,0,2,15,0,17,0,0,86,0,86,0,2,101,0,103,258,0,258,361
03/05/2022,TIX,FL,ASO,ES,Federal Contract Tower,0,2,17,0,19,0,0,47,0,47,0,2,64,0,66,66,0,66,132
03/06/2022,TIX,FL,ASO,ES,Federal Contract Tower,0,0,28,0,28,0,0,48,0,48,0,0,76,0,76,56,0,56,132
03/07/2022,TIX,FL,ASO,ES,Federal Contract Tower,0,2,22,0,24,0,0,78,0,78,0,2,100,0,102,236,0,236,338
03/08/2022,TIX,FL,ASO,ES,Federal Contract Tower,0,0,18,0,18,0,0,39,0,39,0,0,57,0,57,46,0,46,103
03/09/2022,TIX,FL,ASO,ES,Federal Contract Tower,0,2,7,0,9,0,0,17,0,17,0,2,24,0,26,16,0,16,42
03/10/2022,TIX,FL,ASO,ES,Federal Contract Tower,0,4,15,0,19,0,0,9,0,9,0,4,24,0,28,38,0,38,66
03/11/2022,TIX,FL,ASO,ES,Federal Contract Tower,0,3,20,0,23,0,0,53,0,53,0,3,73,0,76,143,0,143,219
03/12/2022,TIX,FL,ASO,ES,Federal Contract Tower,0,4,4,0,8,0,0,1,0,1,0,4,5,0,9,0,0,0,9
03/13/2022,TIX,FL,ASO,ES,Federal Contract Tower,0,1,27,0,28,0,0,48,0,48,0,1,75,0,76,94,0,94,170
03/14/2022,TIX,FL,ASO,ES,Federal Contract Tower,0,1,30,3,34,0,0,64,1,65,0,1,94,4,99,154,0,154,253
03/15/2022,TIX,FL,ASO,ES,Federal Contract Tower,0,0,30,0,30,0,0,68,0,68,0,0,98,0,98,120,0,120,218
03/16/2022,TIX,FL,ASO,ES,Federal Contract Tower,0,0,9,0,9,0,0,40,0,40,0,0,49,0,49,80,0,80,129
03/17/2022,TIX,FL,ASO,ES,Federal Contract Tower,0,0,29,0,29,0,0,60,0,60,0,0,89,0,89,168,0,168,257
03/18/2022,TIX,FL,ASO,ES,Federal Contract Tower,0,2,18,0,20,0,0,40,0,40,0,2,58,0,60,76,0,76,136
03/19/2022,TIX,FL,ASO,ES,Federal Contract Tower,0,3,17,0,20,0,0,49,0,49,0,3,66,0,69,100,0,100,169
03/20/2022,TIX,FL,ASO,ES,Federal Contract Tower,0,0,27,0,27,0,0,50,0,50,0,0,77,0,77,72,0,72,149
03/21/2022,TIX,FL,ASO,ES,Federal Contract Tower,0,0,25,0,25,0,0,77,0,77,0,0,102,0,102,198,0,198,300
03/22/2022,TIX,FL,ASO,ES,Federal Contract Tower,0,0,27,0,27,0,0,92,0,92,0,0,119,0,119,190,0,190,309
03/23/2022,TIX,FL,ASO,ES,Federal Contract Tower,0,0,9,0,9,0,0,33,0,33,0,0,42,0,42,70,0,70,112
03/24/2022,TIX,FL,ASO,ES,Federal Contract Tower,0,2,10,0,12,0,0,1,0,1,0,2,11,0,13,4,0,4,17
03/25/2022,TIX,FL,ASO,ES,Federal Contract Tower,0,1,27,0,28,0,0,78,0,78,0,1,105,0,106,186,0,186,292
03/26/2022,TIX,FL,ASO,ES,Federal Contract Tower,0,3,18,0,21,0,0,65,0,65,0,3,83,0,86,76,0,76,162
03/27/2022,TIX,FL,ASO,ES,Federal Contract Tower,0,2,29,0,31,0,0,52,0,52,0,2,81,0,83,100,0,100,183
03/28/2022,TIX,FL,ASO,ES,Federal Contract Tower,0,2,65,0,67,0,0,104,0,104,0,2,169,0,171,254,0,254,425
03/29/2022,TIX,FL,ASO,ES,Federal Contract Tower,0,0,44,0,44,0,0,95,0,95,0,0,139,0,139,202,0,202,341
03/30/2022,TIX,FL,ASO,ES,Federal Contract Tower,0,0,21,0,21,0,0,56,0,56,0,0,77,0,77,94,0,94,171
03/31/2022,TIX,FL,ASO,ES,Federal Contract Tower,0,0,22,0,22,0,0,34,0,34,0,0,56,0,56,82,0,82,138
04/01/2022,TIX,FL,ASO,ES,Federal Contract Tower,0,4,15,0,19,0,0,16,0,16,0,4,31,0,35,30,0,30,65
04/02/2022,TIX,FL,ASO,ES,Federal Contract Tower,0,4,12,0,16,0,0,14,0,14,0,4,26,0,30,54,0,54,84
04/03/2022,TIX,FL,ASO,ES,Federal Contract Tower,0,2,30,0,32,0,0,44,0,44,0,2,74,0,76,92,0,92,168
04/04/2022,TIX,FL,ASO,ES,Federal Contract Tower,0,0,26,0,26,0,0,90,0,90,0,0,116,0,116,182,0,182,298
04/05/2022,TIX,FL,ASO,ES,Federal Contract Tower,0,5,17,0,22,0,0,84,0,84,0,5,101,0,106,158,0,158,264
04/06/2022,TIX,FL,ASO,ES,Federal Contract Tower,0,4,27,0,31,0,0,39,0,39,0,4,66,0,70,110,0,110,180
04/07/2022,TIX,FL,ASO,ES,Federal Contract Tower,0,4,22,0,26,0,0,19,0,19,0,4,41,0,45,14,0,14,59
04/08/2022,TIX,FL,ASO,ES,Federal Contract Tower,0,1,50,4,55,0,0,87,0,87,0,1,137,4,142,118,0,118,260
04/09/2022,TIX,FL,ASO,ES,Federal Contract Tower,0,7,30,0,37,0,0,37,0,37,0,7,67,0,74,78,0,78,152
04/10/2022,TIX,FL,ASO,ES,Federal Contract Tower,0,4,32,0,36,0,0,71,0,71,0,4,103,0,107,126,0,126,233
04/11/2022,TIX,FL,ASO,ES,Federal Contract Tower,0,1,16,0,17,0,0,89,0,89,0,1,105,0,106,140,0,140,246
04/12/2022,TIX,FL,ASO,ES,Federal Contract Tower,0,2,21,0,23,0,0,76,0,76,0,2,97,0,99,146,0,146,245
04/13/2022,TIX,FL,ASO,ES,Federal Contract Tower,0,4,9,0,13,0,0,59,0,59,0,4,68,0,72,118,0,118,190
04/14/2022,TIX,FL,ASO,ES,Federal Contract Tower,0,0,9,0,9,0,0,52,0,52,0,0,61,0,61,122,0,122,183
04/15/2022,TIX,FL,ASO,ES,Federal Contract Tower,0,9,12,0,21,0,0,39,0,39,0,9,51,0,60,52,0,52,112
04/16/2022,TIX,FL,ASO,ES,Federal Contract Tower,0,0,13,0,13,0,0,58,0,58,0,0,71,0,71,114,0,114,185
04/17/2022,TIX,FL,ASO,ES,Federal Contract Tower,0,0,12,0,12,0,0,41,0,41,0,0,53,0,53,46,0,46,99
04/18/2022,TIX,FL,ASO,ES,Federal Contract Tower,0,0,44,0,44,0,0,82,0,82,0,0,126,0,126,222,0,222,348
04/19/2022,TIX,FL,ASO,ES,Federal Contract Tower,0,1,27,0,28,0,0,65,0,65,0,1,92,0,93,110,0,110,203
04/20/2022,TIX,FL,ASO,ES,Federal Contract Tower,0,0,18,0,18,0,0,45,0,45,0,0,63,0,63,68,0,68,131
04/21/2022,TIX,FL,ASO,ES,Federal Contract Tower,0,0,14,0,14,0,0,43,0,43,0,0,57,0,57,58,0,58,115
04/22/2022,TIX,FL,ASO,ES,Federal Contract Tower,0,0,27,0,27,0,0,42,0,42,0,0,69,0,69,54,0,54,123
04/23/2022,TIX,FL,ASO,ES,Federal Contract Tower,0,1,13,0,14,0,0,40,0,40,0,1,53,0,54,18,0,18,72
04/24/2022,TIX,FL,ASO,ES,Federal Contract Tower,0,0,13,1,14,0,0,38,0,38,0,0,51,1,52,64,0,64,116
04/25/2022,TIX,FL,ASO,ES,Federal Contract Tower,0,0,44,0,44,0,0,84,0,84,0,0,128,0,128,166,0,166,294
04/26/2022,TIX,FL,ASO,ES,Federal Contract Tower,0,0,39,0,39,0,0,89,0,89,0,0,128,0,128,208,0,208,336
04/27/2022,TIX,FL,ASO,ES,Federal Contract Tower,0,0,28,0,28,0,0,67,1,68,0,0,95,1,96,174,2,176,272
04/28/2022,TIX,FL,ASO,ES,Federal Contract Tower,0,0,32,3,35,0,0,38,3,41,0,0,70,6,76,52,2,54,130
04/29/2022,TIX,FL,ASO,ES,Federal Contract Tower,0,0,31,2,33,0,0,34,0,34,0,0,65,2,67,4,30,34,101
04/30/2022,TIX,FL,ASO,ES,Federal Contract Tower,0,0,4,4,8,0,0,32,2,34,0,0,36,6,42,8,52,60,102
05/01/2022,TIX,FL,ASO,ES,Federal Contract Tower,0,1,7,0,8,0,0,36,0,36,0,1,43,0,44,38,0,38,82
05/02/2022,TIX,FL,ASO,ES,Federal Contract Tower,0,3,30,0,33,0,0,74,0,74,0,3,104,0,107,178,0,178,285
05/03/2022,TIX,FL,ASO,ES,Federal Contract Tower,0,0,30,0,30,0,0,70,0,70,0,0,100,0,100,156,0,156,256
05/04/2022,TIX,FL,ASO,ES,Federal Contract Tower,0,4,35,0,39,0,0,62,0,62,0,4,97,0,101,204,0,204,305
05/05/2022,TIX,FL,ASO,ES,Federal Contract Tower,0,4,27,0,31,0,0,62,0,62,0,4,89,0,93,150,0,150,243
05/06/2022,TIX,FL,ASO,ES,Federal Contract Tower,0,2,31,0,33,0,0,66,0,66,0,2,97,0,99,120,0,120,219
05/07/2022,TIX,FL,ASO,ES,Federal Contract Tower,0,0,14,0,14,0,0,22,0,22,0,0,36,0,36,34,0,34,70
05/08/2022,TIX,FL,ASO,ES,Federal Contract Tower,0,0,19,0,19,0,0,44,0,44,0,0,63,0,63,70,0,70,133
05/09/2022,TIX,FL,ASO,ES,Federal Contract Tower,0,2,31,0,33,0,0,66,0,66,0,2,97,0,99,180,0,180,279
05/10/2022,TIX,FL,ASO,ES,Federal Contract Tower,0,2,29,0,31,0,0,79,0,79,0,2,108,0,110,208,0,208,318
05/11/2022,TIX,FL,ASO,ES,Federal Contract Tower,0,0,35,0,35,0,0,57,0,57,0,0,92,0,92,160,0,160,252
05/12/2022,TIX,FL,ASO,ES,Federal Contract Tower,0,0,13,0,13,0,0,51,0,51,0,0,64,0,64,134,0,134,198
05/13/2022,TIX,FL,ASO,ES,Federal Contract Tower,0,0,11,0,11,0,0,67,0,67,0,0,78,0,78,184,0,184,262
05/14/2022,TIX,FL,ASO,ES,Federal Contract Tower,0,0,31,0,31,0,0,85,0,85,0,0,116,0,116,90,0,90,206
05/15/2022,TIX,FL,ASO,ES,Federal Contract Tower,0,2,18,0,20,0,0,47,0,47,0,2,65,0,67,64,0,64,131
05/16/2022,TIX,FL,ASO,ES,Federal Contract Tower,0,2,43,0,45,0,0,84,0,84,0,2,127,0,129,248,0,248,377
05/17/2022,TIX,FL,ASO,ES,Federal Contract Tower,0,3,33,0,36,0,1,88,0,89,0,4,121,0,125,172,0,172,297
05/18/2022,TIX,FL,ASO,ES,Federal Contract Tower,0,8,35,0,43,0,0,87,0,87,0,8,122,0,130,220,0,220,350
05/19/2022,TIX,FL,ASO,ES,Federal Contract Tower,0,2,10,2,14,0,0,48,6,54,0,2,58,8,68,106,2,108,176
05/20/2022,TIX,FL,ASO,ES,Federal Contract Tower,0,2,9,4,15,0,0,26,0,26,0,2,35,4,41,18,0,18,59
05/21/2022,TIX,FL,ASO,ES,Federal Contract Tower,0,2,2,0,4,0,0,56,0,56,0,2,58,0,60,44,0,44,104
05/22/2022,TIX,FL,ASO,ES,Federal Contract Tower,0,0,6,0,6,0,0,35,0,35,0,0,41,0,41,24,0,24,65
05/23/2022,TIX,FL,ASO,ES,Federal Contract Tower,0,7,37,3,47,0,0,95,0,95,0,7,132,3,142,204,0,204,346
05/24/2022,TIX,FL,ASO,ES,Federal Contract Tower,0,3,30,0,33,0,0,100,0,100,0,3,130,0,133,258,0,258,391
05/25/2022,TIX,FL,ASO,ES,Federal Contract Tower,0,1,39,1,41,0,0,94,0,94,0,1,133,1,135,220,0,220,355
05/26/2022,TIX,FL,ASO,ES,Federal Contract Tower,0,0,15,0,15,0,0,65,0,65,0,0,80,0,80,120,0,120,200
05/27/2022,TIX,FL,ASO,ES,Federal Contract Tower,0,0,12,0,12,0,0,64,0,64,0,0,76,0,76,112,0,112,188
05/28/2022,TIX,FL,ASO,ES,Federal Contract Tower,0,4,10,0,14,0,0,31,0,31,0,4,41,0,45,46,0,46,91
05/29/2022,TIX,FL,ASO,ES,Federal Contract Tower,0,0,7,0,7,0,0,43,0,43,0,0,50,0,50,124,0,124,174
05/30/2022,TIX,FL,ASO,ES,Federal Contract Tower,0,0,19,0,19,0,0,66,0,66,0,0,85,0,85,200,0,200,285
05/31/2022,TIX,FL,ASO,ES,Federal Contract Tower,0,0,22,0,22,0,0,60,0,60,0,0,82,0,82,132,0,132,214
06/01/2022,TIX,FL,ASO,ES,Federal Contract Tower,0,0,35,0,35,0,0,91,0,91,0,0,126,0,126,250,0,250,376
06/02/2022,TIX,FL,ASO,ES,Federal Contract Tower,0,0,27,1,28,0,0,70,2,72,0,0,97,3,100,192,0,192,292
06/03/2022,TIX,FL,ASO,ES,Federal Contract Tower,0,0,21,0,21,0,0,33,0,33,0,0,54,0,54,138,0,138,192
06/04/2022,TIX,FL,ASO,ES,Federal Contract Tower,0,0,7,0,7,0,0,0,0,0,0,0,7,0,7,6,0,6,13
06/05/2022,TIX,FL,ASO,ES,Federal Contract Tower,0,2,37,0,39,0,0,61,0,61,0,2,98,0,100,124,0,124,224
06/06/2022,TIX,FL,ASO,ES,Federal Contract Tower,0,0,7,0,7,0,0,36,0,36,0,0,43,0,43,86,0,86,129
06/07/2022,TIX,FL,ASO,ES,Federal Contract Tower,0,0,32,0,32,0,0,82,0,82,0,0,114,0,114,176,0,176,290
06/08/2022,TIX,FL,ASO,ES,Federal Contract Tower,0,0,34,0,34,0,0,60,0,60,0,0,94,0,94,134,0,134,228
06/09/2022,TIX,FL,ASO,ES,Federal Contract Tower,0,0,28,0,28,0,0,64,0,64,0,0,92,0,92,130,0,130,222
06/10/2022,TIX,FL,ASO,ES,Federal Contract Tower,0,0,31,0,31,0,0,50,0,50,0,0,81,0,81,162,0,162,243
06/11/2022,TIX,FL,ASO,ES,Federal Contract Tower,0,3,14,0,17,0,0,80,0,80,0,3,94,0,97,178,0,178,275
06/12/2022,TIX,FL,ASO,ES,Federal Contract Tower,0,5,31,0,36,0,0,87,0,87,0,5,118,0,123,258,0,258,381
06/13/2022,TIX,FL,ASO,ES,Federal Contract Tower,0,0,16,0,16,0,0,104,0,104,0,0,120,0,120,210,0,210,330
06/14/2022,TIX,FL,ASO,ES,Federal Contract Tower,0,4,26,0,30,0,0,93,0,93,0,4,119,0,123,240,0,240,363
06/15/2022,TIX,FL,ASO,ES,Federal Contract Tower,0,0,40,0,40,0,0,111,0,111,0,0,151,0,151,302,0,302,453
06/16/2022,TIX,FL,ASO,ES,Federal Contract Tower,0,1,35,0,36,0,0,63,0,63,0,1,98,0,99,102,0,102,201
06/17/2022,TIX,FL,ASO,ES,Federal Contract Tower,0,1,35,0,36,0,0,69,0,69,0,1,104,0,105,104,0,104,209
06/18/2022,TIX,FL,ASO,ES,Federal Contract Tower,0,7,21,0,28,0,0,40,0,40,0,7,61,0,68,64,0,64,132
06/19/2022,TIX,FL,ASO,ES,Federal Contract Tower,0,2,8,0,10,0,0,31,0,31,0,2,39,0,41,44,0,44,85
06/20/2022,TIX,FL,ASO,ES,Federal Contract Tower,0,0,31,0,31,0,0,75,0,75,0,0,106,0,106,182,0,182,288
06/21/2022,TIX,FL,ASO,ES,Federal Contract Tower,0,0,40,0,40,0,0,72,0,72,0,0,112,0,112,166,0,166,278
06/22/2022,TIX,FL,ASO,ES,Federal Contract Tower,0,0,26,0,26,0,0,72,0,72,0,0,98,0,98,132,0,132,230
06/23/2022,TIX,FL,ASO,ES,Federal Contract Tower,0,0,6,0,6,0,0,68,0,68,0,0,74,0,74,172,0,172,246
06/24/2022,TIX,FL,ASO,ES,Federal Contract Tower,0,0,24,0,24,0,0,41,0,41,0,0,65,0,65,42,0,42,107
06/25/2022,TIX,FL,ASO,ES,Federal Contract Tower,0,4,7,0,11,0,0,50,0,50,0,4,57,0,61,106,0,106,167
06/26/2022,TIX,FL,ASO,ES,Federal Contract Tower,0,0,9,0,9,0,0,40,0,40,0,0,49,0,49,82,0,82,131
06/27/2022,TIX,FL,ASO,ES,Federal Contract Tower,0,0,12,0,12,0,0,64,0,64,0,0,76,0,76,146,0,146,222
06/28/2022,TIX,FL,ASO,ES,Federal Contract Tower,0,0,38,0,38,0,0,62,0,62,0,0,100,0,100,138,0,138,238
06/29/2022,TIX,FL,ASO,ES,Federal Contract Tower,0,2,40,0,42,0,0,83,0,83,0,2,123,0,125,206,0,206,331
06/30/2022,TIX,FL,ASO,ES,Federal Contract Tower,0,2,24,0,26,0,0,48,0,48,0,2,72,0,74,78,0,78,152
07/01/2022,TIX,FL,ASO,ES,Federal Contract Tower,0,5,12,0,17,0,0,51,0,51,0,5,63,0,68,86,0,86,154
07/02/2022,TIX,FL,ASO,ES,Federal Contract Tower,0,3,23,0,26,0,0,36,0,36,0,3,59,0,62,78,0,78,140
07/03/2022,TIX,FL,ASO,ES,Federal Contract Tower,0,0,7,0,7,0,0,50,0,50,0,0,57,0,57,98,0,98,155
07/04/2022,TIX,FL,ASO,ES,Federal Contract Tower,0,0,31,0,31,0,0,71,0,71,0,0,102,0,102,88,0,88,190
07/05/2022,TIX,FL,ASO,ES,Federal Contract Tower,0,1,18,0,19,0,0,80,0,80,0,1,98,0,99,194,0,194,293
07/06/2022,TIX,FL,ASO,ES,Federal Contract Tower,0,2,29,0,31,0,0,80,0,80,0,2,109,0,111,154,0,154,265
07/07/2022,TIX,FL,ASO,ES,Federal Contract Tower,0,0,32,0,32,0,0,59,0,59,0,0,91,0,91,151,0,151,242
07/08/2022,TIX,FL,ASO,ES,Federal Contract Tower,0,1,29,0,30,0,0,76,0,76,0,1,105,0,106,170,0,170,276
07/09/2022,TIX,FL,ASO,ES,Federal Contract Tower,0,2,19,0,21,0,0,46,0,46,0,2,65,0,67,124,0,124,191
07/10/2022,TIX,FL,ASO,ES,Federal Contract Tower,0,2,21,0,23,0,0,50,0,50,0,2,71,0,73,96,0,96,169
07/11/2022,TIX,FL,ASO,ES,Federal Contract Tower,0,0,28,0,28,0,0,56,0,56,0,0,84,0,84,168,0,168,252
07/12/2022,TIX,FL,ASO,ES,Federal Contract Tower,0,0,24,0,24,0,0,73,0,73,0,0,97,0,97,154,0,154,251
07/13/2022,TIX,FL,ASO,ES,Federal Contract Tower,0,0,46,0,46,0,0,81,0,81,0,0,127,0,127,208,0,208,335
07/14/2022,TIX,FL,ASO,ES,Federal Contract Tower,0,0,42,0,42,0,0,72,0,72,0,0,114,0,114,230,0,230,344
07/15/2022,TIX,FL,ASO,ES,Federal Contract Tower,0,0,23,0,23,0,0,51,0,51,0,0,74,0,74,150,0,150,224
07/16/2022,TIX,FL,ASO,ES,Federal Contract Tower,0,4,18,0,22,0,0,43,0,43,0,4,61,0,65,32,0,32,97
07/17/2022,TIX,FL,ASO,ES,Federal Contract Tower,0,0,8,0,8,0,0,36,0,36,0,0,44,0,44,54,0,54,98
07/18/2022,TIX,FL,ASO,ES,Federal Contract Tower,0,0,21,0,21,0,0,80,0,80,0,0,101,0,101,196,0,196,297
07/19/2022,TIX,FL,ASO,ES,Federal Contract Tower,0,0,14,0,14,0,0,71,0,71,0,0,85,0,85,140,0,140,225
07/20/2022,TIX,FL,ASO,ES,Federal Contract Tower,0,0,22,0,22,0,0,86,0,86,0,0,108,0,108,230,0,230,338
07/21/2022,TIX,FL,ASO,ES,Federal Contract Tower,0,0,29,0,29,0,0,102,0,102,0,0,131,0,131,210,0,210,341
07/22/2022,TIX,FL,ASO,ES,Federal Contract Tower,0,2,25,0,27,0,0,90,0,90,0,2,115,0,117,218,0,218,335
07/23/2022,TIX,FL,ASO,ES,Federal Contract Tower,0,2,14,0,16,0,1,58,0,59,0,3,72,0,75,110,0,110,185
07/24/2022,TIX,FL,ASO,ES,Federal Contract Tower,0,1,26,0,27,0,0,47,0,47,0,1,73,0,74,120,0,120,194
07/25/2022,TIX,FL,ASO,ES,Federal Contract Tower,0,7,24,0,31,0,0,78,0,78,0,7,102,0,109,236,0,236,345
07/26/2022,TIX,FL,ASO,ES,Federal Contract Tower,0,7,25,0,32,0,0,76,0,76,0,7,101,0,108,162,0,162,270
07/27/2022,TIX,FL,ASO,ES,Federal Contract Tower,0,1,27,0,28,0,0,93,0,93,0,1,120,0,121,268,0,268,389
07/28/2022,TIX,FL,ASO,ES,Federal Contract Tower,0,0,22,0,22,0,0,74,0,74,0,0,96,0,96,236,0,236,332
07/29/2022,TIX,FL,ASO,ES,Federal Contract Tower,0,1,18,0,19,0,0,61,0,61,0,1,79,0,80,162,0,162,242
07/30/2022,TIX,FL,ASO,ES,Federal Contract Tower,0,2,11,0,13,0,0,44,0,44,0,2,55,0,57,99,0,99,156
07/31/2022,TIX,FL,ASO,ES,Federal Contract Tower,0,0,17,0,17,0,0,66,0,66,0,0,83,0,83,154,0,154,237
08/01/2022,TIX,FL,ASO,ES,Federal Contract Tower,0,0,24,0,24,0,0,69,0,69,0,0,93,0,93,150,0,150,243
08/02/2022,TIX,FL,ASO,ES,Federal Contract Tower,0,2,8,0,10,0,0,72,0,72,0,2,80,0,82,148,0,148,230
08/03/2022,TIX,FL,ASO,ES,Federal Contract Tower,0,6,24,0,30,0,0,87,0,87,0,6,111,0,117,266,0,266,383
08/04/2022,TIX,FL,ASO,ES,Federal Contract Tower,0,0,32,0,32,0,0,80,0,80,0,0,112,0,112,196,0,196,308
08/05/2022,TIX,FL,ASO,ES,Federal Contract Tower,0,1,15,0,16,0,0,63,0,63,0,1,78,0,79,158,0,158,237
08/06/2022,TIX,FL,ASO,ES,Federal Contract Tower,0,0,8,0,8,0,0,54,0,54,0,0,62,0,62,140,0,140,202
08/07/2022,TIX,FL,ASO,ES,Federal Contract Tower,0,2,14,0,16,0,0,53,0,53,0,2,67,0,69,142,0,142,211
08/08/2022,TIX,FL,ASO,ES,Federal Contract Tower,0,0,26,0,26,0,0,66,0,66,0,0,92,0,92,154,0,154,246
08/09/2022,TIX,FL,ASO,ES,Federal Contract Tower,0,0,24,0,24,0,0,72,0,72,0,0,96,0,96,112,0,112,208
08/10/2022,TIX,FL,ASO,ES,Federal Contract Tower,0,1,15,0,16,0,0,119,0,119,0,1,134,0,135,308,0,308,443
08/11/2022,TIX,FL,ASO,ES,Federal Contract Tower,0,2,25,0,27,0,0,66,0,66,0,2,91,0,93,196,0,196,289
08/12/2022,TIX,FL,ASO,ES,Federal Contract Tower,0,3,24,0,27,0,0,76,0,76,0,3,100,0,103,208,0,208,311
08/13/2022,TIX,FL,ASO,ES,Federal Contract Tower,0,0,8,0,8,0,0,73,0,73,0,0,81,0,81,112,0,112,193
08/14/2022,TIX,FL,ASO,ES,Federal Contract Tower,0,3,13,0,16,0,0,48,0,48,0,3,61,0,64,70,0,70,134
08/15/2022,TIX,FL,ASO,ES,Federal Contract Tower,0,1,28,0,29,0,0,75,0,75,0,1,103,0,104,194,0,194,298
08/16/2022,TIX,FL,ASO,ES,Federal Contract Tower,0,0,33,0,33,0,0,75,0,75,0,0,108,0,108,160,0,160,268
08/17/2022,TIX,FL,ASO,ES,Federal Contract Tower,0,4,29,0,33,0,0,65,0,65,0,4,94,0,98,232,0,232,330
08/18/2022,TIX,FL,ASO,ES,Federal Contract Tower,0,2,19,0,21,0,0,60,0,60,0,2,79,0,81,90,0,90,171
08/19/2022,TIX,FL,ASO,ES,Federal Contract Tower,0,0,28,0,28,0,0,59,0,59,0,0,87,0,87,110,0,110,197
08/20/2022,TIX,FL,ASO,ES,Federal Contract Tower,0,2,20,0,22,0,0,50,0,50,0,2,70,0,72,100,0,100,172
08/21/2022,TIX,FL,ASO,ES,Federal Contract Tower,0,2,23,0,25,0,0,66,0,66,0,2,89,0,91,166,0,166,257
08/22/2022,TIX,FL,ASO,ES,Federal Contract Tower,0,0,51,0,51,0,0,80,0,80,0,0,131,0,131,184,0,184,315
08/23/2022,TIX,FL,ASO,ES,Federal Contract Tower,0,0,30,0,30,0,0,85,0,85,0,0,115,0,115,206,0,206,321
08/24/2022,TIX,FL,ASO,ES,Federal Contract Tower,0,0,21,0,21,0,0,86,0,86,0,0,107,0,107,208,0,208,315
08/25/2022,TIX,FL,ASO,ES,Federal Contract Tower,0,0,21,0,21,0,0,48,0,48,0,0,69,0,69,90,0,90,159
08/26/2022,TIX,FL,ASO,ES,Federal Contract Tower,0,2,8,0,10,0,0,50,0,50,0,2,58,0,60,116,0,116,176
08/27/2022,TIX,FL,ASO,ES,Federal Contract Tower,0,0,13,0,13,0,0,31,0,31,0,0,44,0,44,70,0,70,114
08/28/2022,TIX,FL,ASO,ES,Federal Contract Tower,0,19,24,0,43,0,0,49,0,49,0,19,73,0,92,132,0,132,224
08/29/2022,TIX,FL,ASO,ES,Federal Contract Tower,0,14,38,0,52,0,0,64,0,64,0,14,102,0,116,152,0,152,268
08/30/2022,TIX,FL,ASO,ES,Federal Contract Tower,0,0,18,0,18,0,0,82,0,82,0,0,100,0,100,218,0,218,318
08/31/2022,TIX,FL,ASO,ES,Federal Contract Tower,0,4,19,0,23,0,0,88,0,88,0,4,107,0,111,230,0,230,341
09/01/2022,TIX,FL,ASO,ES,Federal Contract Tower,0,0,17,0,17,0,0,98,0,98,0,0,115,0,115,200,0,200,315
09/02/2022,TIX,FL,ASO,ES,Federal Contract Tower,0,4,18,0,22,0,0,49,0,49,0,4,67,0,71,110,0,110,181
09/03/2022,TIX,FL,ASO,ES,Federal Contract Tower,0,7,24,0,31,0,0,72,0,72,0,7,96,0,103,90,0,90,193
09/04/2022,TIX,FL,ASO,ES,Federal Contract Tower,0,1,18,0,19,0,0,57,0,57,0,1,75,0,76,132,0,132,208
09/05/2022,TIX,FL,ASO,ES,Federal Contract Tower,0,2,16,0,18,0,0,87,0,87,0,2,103,0,105,146,0,146,251
09/06/2022,TIX,FL,ASO,ES,Federal Contract Tower,0,0,17,0,17,0,0,81,0,81,0,0,98,0,98,208,0,208,306
09/07/2022,TIX,FL,ASO,ES,Federal Contract Tower,0,0,11,0,11,0,0,59,0,59,0,0,70,0,70,174,0,174,244
09/08/2022,TIX,FL,ASO,ES,Federal Contract Tower,0,0,6,2,8,0,0,46,0,46,0,0,52,2,54,124,0,124,178
09/09/2022,TIX,FL,ASO,ES,Federal Contract Tower,0,0,15,0,15,0,0,64,0,64,0,0,79,0,79,132,2,134,213
09/10/2022,TIX,FL,ASO,ES,Federal Contract Tower,0,0,14,0,14,0,0,73,0,73,0,0,87,0,87,120,0,120,207
09/11/2022,TIX,FL,ASO,ES,Federal Contract Tower,0,0,8,0,8,0,0,51,0,51,0,0,59,0,59,156,0,156,215
09/12/2022,TIX,FL,ASO,ES,Federal Contract Tower,0,0,29,0,29,0,0,59,0,59,0,0,88,0,88,198,0,198,286
09/13/2022,TIX,FL,ASO,ES,Federal Contract Tower,0,0,21,0,21,0,0,76,0,76,0,0,97,0,97,176,0,176,273
09/14/2022,TIX,FL,ASO,ES,Federal Contract Tower,0,0,24,0,24,0,0,52,0,52,0,0,76,0,76,160,0,160,236
09/15/2022,TIX,FL,ASO,ES,Federal Contract Tower,0,0,20,0,20,0,0,70,0,70,0,0,90,0,90,214,0,214,304
09/16/2022,TIX,FL,ASO,ES,Federal Contract Tower,0,0,8,0,8,0,0,30,0,30,0,0,38,0,38,134,0,134,172
09/17/2022,TIX,FL,ASO,ES,Federal Contract Tower,0,3,9,0,12,0,0,27,0,27,0,3,36,0,39,118,0,118,157
09/18/2022,TIX,FL,ASO,ES,Federal Contract Tower,0,0,8,0,8,0,0,35,0,35,0,0,43,0,43,142,0,142,185
09/19/2022,TIX,FL,ASO,ES,Federal Contract Tower,0,0,21,0,21,0,0,89,0,89,0,0,110,0,110,182,0,182,292
09/20/2022,TIX,FL,ASO,ES,Federal Contract Tower,0,1,24,0,25,0,0,71,0,71,0,1,95,0,96,216,0,216,312
09/21/2022,TIX,FL,ASO,ES,Federal Contract Tower,0,5,12,0,17,0,0,59,0,59,0,5,71,0,76,186,0,186,262
09/22/2022,TIX,FL,ASO,ES,Federal Contract Tower,0,0,30,0,30,0,0,70,0,70,0,0,100,0,100,174,0,174,274
09/23/2022,TIX,FL,ASO,ES,Federal Contract Tower,0,0,20,0,20,0,0,68,0,68,0,0,88,0,88,138,0,138,226
09/24/2022,TIX,FL,ASO,ES,Federal Contract Tower,0,0,13,0,13,0,0,71,0,71,0,0,84,0,84,66,0,66,150
09/25/2022,TIX,FL,ASO,ES,Federal Contract Tower,0,2,12,0,14,0,0,71,0,71,0,2,83,0,85,150,0,150,235
09/26/2022,TIX,FL,ASO,ES,Federal Contract Tower,0,0,42,0,42,0,0,79,0,79,0,0,121,0,121,216,0,216,337
09/27/2022,TIX,FL,ASO,ES,Federal Contract Tower,0,1,9,0,10,0,0,49,6,55,0,1,58,6,65,130,0,130,195
09/28/2022,TIX,FL,ASO,ES,Federal Contract Tower,0,0,1,0,1,0,0,0,0,0,0,0,1,0,1,0,0,0,1
09/29/2022,TIX,FL,ASO,ES,Federal Contract Tower,0,0,1,0,1,0,0,0,0,0,0,0,1,0,1,0,0,0,1
09/30/2022,TIX,FL,ASO,ES,Federal Contract Tower,0,0,6,0,6,0,0,65,0,65,0,0,71,0,71,30,0,30,101
10/01/2022,TIX,FL,ASO,ES,Federal Contract Tower,0,1,5,0,6,0,0,66,2,68,0,1,71,2,74,102,0,102,176
10/02/2022,TIX,FL,ASO,ES,Federal Contract Tower,0,0,16,0,16,0,0,77,0,77,0,0,93,0,93,108,0,108,201
10/03/2022,TIX,FL,ASO,ES,Federal Contract Tower,0,0,26,0,26,0,0,85,0,85,0,0,111,0,111,198,0,198,309
10/04/2022,TIX,FL,ASO,ES,Federal Contract Tower,0,0,26,0,26,0,0,99,0,99,0,0,125,0,125,270,0,270,395
10/05/2022,TIX,FL,ASO,ES,Federal Contract Tower,0,2,28,2,32,0,0,65,0,65,0,2,93,2,97,154,0,154,251
10/06/2022,TIX,FL,ASO,ES,Federal Contract Tower,0,0,27,0,27,0,0,97,0,97,0,0,124,0,124,236,0,236,360
10/07/2022,TIX,FL,ASO,ES,Federal Contract Tower,0,1,26,0,27,0,0,73,0,73,0,1,99,0,100,152,0,152,252
10/08/2022,TIX,FL,ASO,ES,Federal Contract Tower,0,2,20,0,22,0,0,135,0,135,0,2,155,0,157,172,0,172,329
10/09/2022,TIX,FL,ASO,ES,Federal Contract Tower,0,0,19,0,19,0,0,38,0,38,0,0,57,0,57,128,0,128,185
10/10/2022,TIX,FL,ASO,ES,Federal Contract Tower,0,4,29,0,33,0,0,88,0,88,0,4,117,0,121,250,0,250,371
10/11/2022,TIX,FL,ASO,ES,Federal Contract Tower,0,0,22,0,22,0,0,85,0,85,0,0,107,0,107,252,0,252,359
10/12/2022,TIX,FL,ASO,ES,Federal Contract Tower,0,4,31,0,35,0,0,87,0,87,0,4,118,0,122,262,0,262,384
10/13/2022,TIX,FL,ASO,ES,Federal Contract Tower,0,0,26,0,26,0,0,58,0,58,0,0,84,0,84,122,0,122,206
10/14/2022,TIX,FL,ASO,ES,Federal Contract Tower,0,0,37,0,37,0,0,75,0,75,0,0,112,0,112,184,0,184,296
10/15/2022,TIX,FL,ASO,ES,Federal Contract Tower,0,1,12,0,13,0,0,47,0,47,0,1,59,0,60,110,0,110,170
10/16/2022,TIX,FL,ASO,ES,Federal Contract Tower,0,0,17,0,17,0,0,60,0,60,0,0,77,0,77,70,0,70,147
10/17/2022,TIX,FL,ASO,ES,Federal Contract Tower,0,0,32,0,32,0,0,71,0,71,0,0,103,0,103,272,0,272,375
10/18/2022,TIX,FL,ASO,ES,Federal Contract Tower,0,0,41,0,41,0,0,92,0,92,0,0,133,0,133,320,0,320,453
10/19/2022,TIX,FL,ASO,ES,Federal Contract Tower,0,0,72,0,72,0,0,100,0,100,0,0,172,0,172,290,0,290,462
10/20/2022,TIX,FL,ASO,ES,Federal Contract Tower,0,2,41,0,43,0,0,57,0,57,0,2,98,0,100,150,0,150,250
10/21/2022,TIX,FL,ASO,ES,Federal Contract Tower,0,0,47,0,47,0,0,72,0,72,0,0,119,0,119,222,0,222,341
10/22/2022,TIX,FL,ASO,ES,Federal Contract Tower,0,2,26,0,28,0,0,53,0,53,0,2,79,0,81,106,0,106,187
10/23/2022,TIX,FL,ASO,ES,Federal Contract Tower,0,0,6,0,6,0,0,80,0,80,0,0,86,0,86,170,0,170,256
10/24/2022,TIX,FL,ASO,ES,Federal Contract Tower,0,0,53,0,53,0,0,89,0,89,0,0,142,0,142,250,0,250,392
10/25/2022,TIX,FL,ASO,ES,Federal Contract Tower,0,0,32,1,33,0,0,90,0,90,0,0,122,1,123,210,0,210,333
10/26/2022,TIX,FL,ASO,ES,Federal Contract Tower,0,0,25,0,25,0,0,100,0,100,0,0,125,0,125,232,0,232,357
10/27/2022,TIX,FL,ASO,ES,Federal Contract Tower,0,0,19,0,19,0,0,84,0,84,0,0,103,0,103,258,0,258,361
10/28/2022,TIX,FL,ASO,ES,Federal Contract Tower,0,0,36,1,37,0,0,87,0,87,0,0,123,1,124,270,0,270,394
10/29/2022,TIX,FL,ASO,ES,Federal Contract Tower,0,1,16,0,17,0,0,61,0,61,0,1,77,0,78,154,0,154,232
10/30/2022,TIX,FL,ASO,ES,Federal Contract Tower,0,2,16,0,18,0,0,48,0,48,0,2,64,0,66,132,0,132,198
10/31/2022,TIX,FL,ASO,ES,Federal Contract Tower,0,1,26,0,27,0,0,87,0,87,0,1,113,0,114,246,0,246,360
11/01/2022,TIX,FL,ASO,ES,Federal Contract Tower,0,1,21,0,22,0,0,46,0,46,0,1,67,0,68,134,0,134,202
11/02/2022,TIX,FL,ASO,ES,Federal Contract Tower,0,3,30,0,33,0,0,111,0,111,0,3,141,0,144,282,0,282,426
11/03/2022,TIX,FL,ASO,ES,Federal Contract Tower,0,0,20,0,20,0,0,80,0,80,0,0,100,0,100,190,0,190,290
11/04/2022,TIX,FL,ASO,ES,Federal Contract Tower,0,6,20,0,26,0,0,72,0,72,0,6,92,0,98,136,0,136,234
11/05/2022,TIX,FL,ASO,ES,Federal Contract Tower,0,2,9,0,11,0,0,50,0,50,0,2,59,0,61,104,0,104,165
11/06/2022,TIX,FL,ASO,ES,Federal Contract Tower,0,1,16,0,17,0,0,45,0,45,0,1,61,0,62,102,0,102,164
11/07/2022,TIX,FL,ASO,ES,Federal Contract Tower,0,0,28,0,28,0,0,87,2,89,0,0,115,2,117,246,0,246,363
11/08/2022,TIX,FL,ASO,ES,Federal Contract Tower,0,0,12,0,12,0,0,43,0,43,0,0,55,0,55,60,0,60,115
11/09/2022,TIX,FL,ASO,ES,Federal Contract Tower,0,0,1,0,1,0,0,0,0,0,0,0,1,0,1,0,0,0,1
11/10/2022,TIX,FL,ASO,ES,Federal Contract Tower,0,0,0,0,0,0,0,0,0,0,0,0,0,0,0,0,0,0,0
11/11/2022,TIX,FL,ASO,ES,Federal Contract Tower,0,0,15,1,16,0,0,39,0,39,0,0,54,1,55,64,0,64,119
11/12/2022,TIX,FL,ASO,ES,Federal Contract Tower,0,0,9,0,9,0,0,45,0,45,0,0,54,0,54,60,0,60,114
11/13/2022,TIX,FL,ASO,ES,Federal Contract Tower,0,0,19,0,19,0,0,46,0,46,0,0,65,0,65,82,0,82,147
11/14/2022,TIX,FL,ASO,ES,Federal Contract Tower,0,2,33,0,35,0,0,96,0,96,0,2,129,0,131,256,0,256,387
11/15/2022,TIX,FL,ASO,ES,Federal Contract Tower,0,2,42,0,44,0,0,97,0,97,0,2,139,0,141,294,0,294,435
11/16/2022,TIX,FL,ASO,ES,Federal Contract Tower,0,2,37,0,39,0,0,66,0,66,0,2,103,0,105,140,0,140,245
11/17/2022,TIX,FL,ASO,ES,Federal Contract Tower,0,0,39,0,39,0,0,88,0,88,0,0,127,0,127,164,0,164,291
11/18/2022,TIX,FL,ASO,ES,Federal Contract Tower,0,0,52,0,52,0,0,74,0,74,0,0,126,0,126,190,0,190,316
11/19/2022,TIX,FL,ASO,ES,Federal Contract Tower,0,2,16,0,18,0,0,70,0,70,0,2,86,0,88,118,0,118,206
11/20/2022,TIX,FL,ASO,ES,Federal Contract Tower,0,0,9,0,9,0,0,6,0,6,0,0,15,0,15,24,0,24,39
11/21/2022,TIX,FL,ASO,ES,Federal Contract Tower,0,0,36,0,36,0,0,72,0,72,0,0,108,0,108,210,0,210,318
11/22/2022,TIX,FL,ASO,ES,Federal Contract Tower,0,0,11,0,11,0,0,0,0,0,0,0,11,0,11,0,0,0,11
11/23/2022,TIX,FL,ASO,ES,Federal Contract Tower,0,0,16,0,16,0,0,5,0,5,0,0,21,0,21,12,0,12,33
11/24/2022,TIX,FL,ASO,ES,Federal Contract Tower,0,1,2,0,3,0,0,15,0,15,0,1,17,0,18,74,0,74,92
11/25/2022,TIX,FL,ASO,ES,Federal Contract Tower,0,2,18,0,20,0,0,44,0,44,0,2,62,0,64,50,0,50,114
11/26/2022,TIX,FL,ASO,ES,Federal Contract Tower,0,1,23,0,24,0,0,28,0,28,0,1,51,0,52,50,0,50,102
11/27/2022,TIX,FL,ASO,ES,Federal Contract Tower,0,3,22,0,25,0,0,48,0,48,0,3,70,0,73,66,0,66,139
11/28/2022,TIX,FL,ASO,ES,Federal Contract Tower,0,1,36,0,37,0,0,86,0,86,0,1,122,0,123,230,0,230,353
11/29/2022,TIX,FL,ASO,ES,Federal Contract Tower,0,0,44,0,44,0,0,74,0,74,0,0,118,0,118,230,0,230,348
11/30/2022,TIX,FL,ASO,ES,Federal Contract Tower,0,1,36,0,37,0,0,88,0,88,0,1,124,0,125,234,0,234,359
12/01/2022,TIX,FL,ASO,ES,Federal Contract Tower,0,0,26,1,27,0,0,70,0,70,0,0,96,1,97,92,0,92,189
12/02/2022,TIX,FL,ASO,ES,Federal Contract Tower,0,0,48,1,49,0,0,72,0,72,0,0,120,1,121,176,0,176,297
12/03/2022,TIX,FL,ASO,ES,Federal Contract Tower,0,0,12,0,12,0,0,89,0,89,0,0,101,0,101,104,0,104,205
12/04/2022,TIX,FL,ASO,ES,Federal Contract Tower,0,1,23,1,25,0,0,81,0,81,0,1,104,1,106,126,12,138,244
12/05/2022,TIX,FL,ASO,ES,Federal Contract Tower,0,1,43,0,44,0,0,100,0,100,0,1,143,0,144,264,0,264,408
12/06/2022,TIX,FL,ASO,ES,Federal Contract Tower,0,0,47,0,47,0,0,94,0,94,0,0,141,0,141,244,0,244,385
12/07/2022,TIX,FL,ASO,ES,Federal Contract Tower,0,0,42,0,42,0,0,123,0,123,0,0,165,0,165,250,0,250,415
12/08/2022,TIX,FL,ASO,ES,Federal Contract Tower,0,0,37,2,39,0,0,84,0,84,0,0,121,2,123,224,0,224,347
12/09/2022,TIX,FL,ASO,ES,Federal Contract Tower,0,0,27,0,27,0,0,86,0,86,0,0,113,0,113,174,0,174,287
12/10/2022,TIX,FL,ASO,ES,Federal Contract Tower,0,0,21,0,21,0,0,37,0,37,0,0,58,0,58,50,0,50,108
12/11/2022,TIX,FL,ASO,ES,Federal Contract Tower,0,1,30,0,31,0,0,39,0,39,0,1,69,0,70,86,0,86,156
12/12/2022,TIX,FL,ASO,ES,Federal Contract Tower,0,0,44,0,44,0,0,98,0,98,0,0,142,0,142,250,0,250,392
12/13/2022,TIX,FL,ASO,ES,Federal Contract Tower,0,1,28,2,31,0,0,20,0,20,0,1,48,2,51,32,0,32,83
12/14/2022,TIX,FL,ASO,ES,Federal Contract Tower,0,0,29,0,29,0,0,75,0,75,0,0,104,0,104,172,0,172,276
12/15/2022,TIX,FL,ASO,ES,Federal Contract Tower,0,0,10,0,10,0,0,37,0,37,0,0,47,0,47,62,0,62,109
12/16/2022,TIX,FL,ASO,ES,Federal Contract Tower,0,0,55,0,55,0,0,109,0,109,0,0,164,0,164,244,0,244,408
12/17/2022,TIX,FL,ASO,ES,Federal Contract Tower,0,0,28,0,28,0,0,83,0,83,0,0,111,0,111,126,0,126,237
12/18/2022,TIX,FL,ASO,ES,Federal Contract Tower,0,2,22,0,24,0,0,44,0,44,0,2,66,0,68,104,0,104,172
12/19/2022,TIX,FL,ASO,ES,Federal Contract Tower,0,2,53,0,55,0,0,106,4,110,0,2,159,4,165,226,0,226,391
12/20/2022,TIX,FL,ASO,ES,Federal Contract Tower,0,0,51,0,51,0,0,87,0,87,0,0,138,0,138,284,0,284,422
12/21/2022,TIX,FL,ASO,ES,Federal Contract Tower,0,5,25,0,30,0,0,3,0,3,0,5,28,0,33,42,0,42,75
12/22/2022,TIX,FL,ASO,ES,Federal Contract Tower,0,4,39,0,43,0,0,21,0,21,0,4,60,0,64,62,0,62,126
12/23/2022,TIX,FL,ASO,ES,Federal Contract Tower,0,0,14,0,14,0,0,40,0,40,0,0,54,0,54,110,0,110,164
12/24/2022,TIX,FL,ASO,ES,Federal Contract Tower,0,2,16,0,18,0,0,26,0,26,0,2,42,0,44,58,0,58,102
12/25/2022,TIX,FL,ASO,ES,Federal Contract Tower,0,0,1,0,1,0,0,26,0,26,0,0,27,0,27,34,0,34,61
12/26/2022,TIX,FL,ASO,ES,Federal Contract Tower,0,0,46,0,46,0,0,75,0,75,0,0,121,0,121,208,0,208,329
12/27/2022,TIX,FL,ASO,ES,Federal Contract Tower,0,0,28,0,28,0,0,83,0,83,0,0,111,0,111,242,0,242,353
12/28/2022,TIX,FL,ASO,ES,Federal Contract Tower,0,0,23,0,23,0,0,92,0,92,0,0,115,0,115,208,0,208,323
12/29/2022,TIX,FL,ASO,ES,Federal Contract Tower,0,1,33,0,34,0,0,83,0,83,0,1,116,0,117,202,0,202,319
12/30/2022,TIX,FL,ASO,ES,Federal Contract Tower,0,2,19,0,21,0,0,86,0,86,0,2,105,0,107,188,0,188,295
12/31/2022,TIX,FL,ASO,ES,Federal Contract Tower,0,2,10,0,12,0,0,11,0,11,0,2,21,0,23,0,0,0,23
01/01/2023,TIX,FL,ASO,ES,Federal Contract Tower,0,3,11,0,14,0,0,35,0,35,0,3,46,0,49,74,0,74,123
01/02/2023,TIX,FL,ASO,ES,Federal Contract Tower,0,0,44,0,44,0,0,94,0,94,0,0,138,0,138,234,0,234,372
01/03/2023,TIX,FL,ASO,ES,Federal Contract Tower,0,5,10,0,15,0,0,69,0,69,0,5,79,0,84,158,0,158,242
01/04/2023,TIX,FL,ASO,ES,Federal Contract Tower,0,0,24,0,24,0,0,78,0,78,0,0,102,0,102,150,0,150,252
01/05/2023,TIX,FL,ASO,ES,Federal Contract Tower,0,0,34,2,36,0,0,45,0,45,0,0,79,2,81,100,0,100,181
01/06/2023,TIX,FL,ASO,ES,Federal Contract Tower,0,1,54,0,55,0,0,111,0,111,0,1,165,0,166,240,0,240,406
01/07/2023,TIX,FL,ASO,ES,Federal Contract Tower,0,2,10,0,12,0,0,80,0,80,0,2,90,0,92,162,0,162,254
01/08/2023,TIX,FL,ASO,ES,Federal Contract Tower,0,0,20,0,20,0,0,57,0,57,0,0,77,0,77,116,0,116,193
01/09/2023,TIX,FL,ASO,ES,Federal Contract Tower,0,2,32,0,34,0,0,77,0,77,0,2,109,0,111,286,0,286,397
01/10/2023,TIX,FL,ASO,ES,Federal Contract Tower,0,0,41,0,41,0,0,76,0,76,0,0,117,0,117,178,0,178,295
01/11/2023,TIX,FL,ASO,ES,Federal Contract Tower,0,0,32,2,34,0,0,89,0,89,0,0,121,2,123,168,0,168,291
01/12/2023,TIX,FL,ASO,ES,Federal Contract Tower,0,0,30,0,30,0,0,88,0,88,0,0,118,0,118,200,0,200,318
01/13/2023,TIX,FL,ASO,ES,Federal Contract Tower,0,4,17,0,21,0,0,15,0,15,0,4,32,0,36,20,0,20,56
01/14/2023,TIX,FL,ASO,ES,Federal Contract Tower,0,0,26,0,26,0,0,64,0,64,0,0,90,0,90,42,0,42,132
01/15/2023,TIX,FL,ASO,ES,Federal Contract Tower,0,0,19,0,19,0,0,57,0,57,0,0,76,0,76,88,0,88,164
01/16/2023,TIX,FL,ASO,ES,Federal Contract Tower,0,0,41,0,41,0,0,107,0,107,0,0,148,0,148,226,0,226,374
01/17/2023,TIX,FL,ASO,ES,Federal Contract Tower,0,0,32,0,32,0,0,106,0,106,0,0,138,0,138,180,0,180,318
01/18/2023,TIX,FL,ASO,ES,Federal Contract Tower,0,0,31,0,31,0,0,83,0,83,0,0,114,0,114,170,0,170,284
01/19/2023,TIX,FL,ASO,ES,Federal Contract Tower,0,0,22,0,22,0,0,76,0,76,0,0,98,0,98,244,0,244,342
01/20/2023,TIX,FL,ASO,ES,Federal Contract Tower,0,0,32,0,32,0,0,65,0,65,0,0,97,0,97,190,0,190,287
01/21/2023,TIX,FL,ASO,ES,Federal Contract Tower,0,1,25,0,26,0,0,51,0,51,0,1,76,0,77,48,0,48,125
01/22/2023,TIX,FL,ASO,ES,Federal Contract Tower,0,3,26,0,29,0,0,55,0,55,0,3,81,0,84,100,0,100,184
01/23/2023,TIX,FL,ASO,ES,Federal Contract Tower,0,3,60,0,63,0,0,85,0,85,0,3,145,0,148,222,0,222,370
01/24/2023,TIX,FL,ASO,ES,Federal Contract Tower,0,1,34,0,35,0,0,116,0,116,0,1,150,0,151,256,0,256,407
01/25/2023,TIX,FL,ASO,ES,Federal Contract Tower,0,2,29,3,34,0,0,85,0,85,0,2,114,3,119,212,0,212,331
01/26/2023,TIX,FL,ASO,ES,Federal Contract Tower,0,0,51,0,51,0,0,79,0,79,0,0,130,0,130,186,0,186,316
01/27/2023,TIX,FL,ASO,ES,Federal Contract Tower,0,1,26,0,27,0,0,119,0,119,0,1,145,0,146,232,0,232,378
01/28/2023,TIX,FL,ASO,ES,Federal Contract Tower,0,5,13,0,18,0,0,70,0,70,0,5,83,0,88,172,0,172,260
01/29/2023,TIX,FL,ASO,ES,Federal Contract Tower,0,1,16,0,17,0,0,57,0,57,0,1,73,0,74,86,0,86,160
01/30/2023,TIX,FL,ASO,ES,Federal Contract Tower,0,0,39,0,39,0,0,78,0,78,0,0,117,0,117,228,0,228,345
01/31/2023,TIX,FL,ASO,ES,Federal Contract Tower,0,0,14,0,14,0,0,64,0,64,0,0,78,0,78,180,0,180,258
02/01/2023,TIX,FL,ASO,ES,Federal Contract Tower,0,2,24,0,26,0,0,69,0,69,0,2,93,0,95,196,0,196,291
02/02/2023,TIX,FL,ASO,ES,Federal Contract Tower,0,0,44,0,44,0,0,69,0,69,0,0,113,0,113,166,0,166,279
02/03/2023,TIX,FL,ASO,ES,Federal Contract Tower,0,0,23,0,23,0,0,11,0,11,0,0,34,0,34,8,0,8,42
02/04/2023,TIX,FL,ASO,ES,Federal Contract Tower,0,1,20,0,21,0,0,36,0,36,0,1,56,0,57,36,0,36,93
02/05/2023,TIX,FL,ASO,ES,Federal Contract Tower,0,4,29,0,33,0,0,8,0,8,0,4,37,0,41,28,0,28,69
02/06/2023,TIX,FL,ASO,ES,Federal Contract Tower,0,2,56,4,62,0,0,78,0,78,0,2,134,4,140,240,0,240,380
02/07/2023,TIX,FL,ASO,ES,Federal Contract Tower,0,0,28,0,28,0,0,75,0,75,0,0,103,0,103,176,0,176,279
02/08/2023,TIX,FL,ASO,ES,Federal Contract Tower,0,1,20,0,21,0,0,84,0,84,0,1,104,0,105,116,0,116,221
02/09/2023,TIX,FL,ASO,ES,Federal Contract Tower,0,0,26,0,26,0,0,75,0,75,0,0,101,0,101,174,0,174,275
02/10/2023,TIX,FL,ASO,ES,Federal Contract Tower,0,0,40,0,40,0,0,104,0,104,0,0,144,0,144,210,0,210,354
02/11/2023,TIX,FL,ASO,ES,Federal Contract Tower,0,2,13,0,15,0,0,66,0,66,0,2,79,0,81,80,0,80,161
02/12/2023,TIX,FL,ASO,ES,Federal Contract Tower,0,1,2,0,3,0,0,16,0,16,0,1,18,0,19,8,0,8,27
02/13/2023,TIX,FL,ASO,ES,Federal Contract Tower,0,0,65,0,65,0,0,108,0,108,0,0,173,0,173,242,0,242,415
02/14/2023,TIX,FL,ASO,ES,Federal Contract Tower,0,1,48,0,49,0,0,91,0,91,0,1,139,0,140,180,0,180,320
02/15/2023,TIX,FL,ASO,ES,Federal Contract Tower,0,2,27,0,29,0,0,95,0,95,0,2,122,0,124,182,0,182,306
02/16/2023,TIX,FL,ASO,ES,Federal Contract Tower,0,6,28,0,34,0,0,100,0,100,0,6,128,0,134,164,0,164,298
02/17/2023,TIX,FL,ASO,ES,Federal Contract Tower,0,1,34,0,35,0,0,61,0,61,0,1,95,0,96,152,0,152,248
02/18/2023,TIX,FL,ASO,ES,Federal Contract Tower,0,0,34,0,34,0,0,59,0,59,0,0,93,0,93,90,0,90,183
02/19/2023,TIX,FL,ASO,ES,Federal Contract Tower,0,2,21,0,23,0,0,75,0,75,0,2,96,0,98,114,0,114,212
02/20/2023,TIX,FL,ASO,ES,Federal Contract Tower,0,4,61,0,65,0,0,82,0,82,0,4,143,0,147,256,0,256,403
02/21/2023,TIX,FL,ASO,ES,Federal Contract Tower,0,2,38,0,40,0,0,86,0,86,0,2,124,0,126,248,0,248,374
02/22/2023,TIX,FL,ASO,ES,Federal Contract Tower,0,0,50,0,50,0,0,120,0,120,0,0,170,0,170,178,0,178,348
02/23/2023,TIX,FL,ASO,ES,Federal Contract Tower,0,0,35,6,41,0,0,89,0,89,0,0,124,6,130,172,10,182,312
02/24/2023,TIX,FL,ASO,ES,Federal Contract Tower,0,0,63,0,63,0,0,94,1,95,0,0,157,1,158,206,0,206,364
02/25/2023,TIX,FL,ASO,ES,Federal Contract Tower,0,0,45,0,45,0,0,100,0,100,0,0,145,0,145,98,0,98,243
02/26/2023,TIX,FL,ASO,ES,Federal Contract Tower,0,3,28,0,31,0,0,76,0,76,0,3,104,0,107,136,0,136,243
02/27/2023,TIX,FL,ASO,ES,Federal Contract Tower,0,3,45,0,48,0,0,76,0,76,0,3,121,0,124,224,0,224,348
02/28/2023,TIX,FL,ASO,ES,Federal Contract Tower,0,2,31,2,35,0,0,81,0,81,0,2,112,2,116,204,2,206,322
03/01/2023,TIX,FL,ASO,ES,Federal Contract Tower,0,2,69,0,71,0,0,78,0,78,0,2,147,0,149,212,0,212,361
03/02/2023,TIX,FL,ASO,ES,Federal Contract Tower,0,2,30,0,32,0,0,99,0,99,0,2,129,0,131,258,0,258,389
03/03/2023,TIX,FL,ASO,ES,Federal Contract Tower,0,3,49,0,52,0,0,71,0,71,0,3,120,0,123,238,0,238,361
03/04/2023,TIX,FL,ASO,ES,Federal Contract Tower,0,3,14,0,17,0,0,27,0,27,0,3,41,0,44,42,0,42,86
03/05/2023,TIX,FL,ASO,ES,Federal Contract Tower,0,1,23,0,24,0,0,52,0,52,0,1,75,0,76,88,0,88,164
03/06/2023,TIX,FL,ASO,ES,Federal Contract Tower,0,2,48,2,52,0,0,86,0,86,0,2,134,2,138,208,0,208,346
03/07/2023,TIX,FL,ASO,ES,Federal Contract Tower,0,1,39,0,40,0,0,91,0,91,0,1,130,0,131,248,0,248,379
03/08/2023,TIX,FL,ASO,ES,Federal Contract Tower,0,0,41,0,41,0,0,98,0,98,0,0,139,0,139,250,0,250,389
03/09/2023,TIX,FL,ASO,ES,Federal Contract Tower,0,1,17,0,18,0,0,103,0,103,0,1,120,0,121,190,0,190,311
03/10/2023,TIX,FL,ASO,ES,Federal Contract Tower,0,5,24,0,29,0,0,103,0,103,0,5,127,0,132,240,0,240,372
03/11/2023,TIX,FL,ASO,ES,Federal Contract Tower,0,0,26,0,26,0,0,160,0,160,0,0,186,0,186,110,0,110,296
03/12/2023,TIX,FL,ASO,ES,Federal Contract Tower,0,1,12,0,13,0,0,101,0,101,0,1,113,0,114,154,0,154,268
03/13/2023,TIX,FL,ASO,ES,Federal Contract Tower,0,5,29,0,34,0,0,56,0,56,0,5,85,0,90,148,0,148,238
03/14/2023,TIX,FL,ASO,ES,Federal Contract Tower,0,2,29,0,31,0,0,106,0,106,0,2,135,0,137,308,0,308,445
03/15/2023,TIX,FL,ASO,ES,Federal Contract Tower,0,0,56,1,57,0,0,93,1,94,0,0,149,2,151,264,0,264,415
03/16/2023,TIX,FL,ASO,ES,Federal Contract Tower,0,0,44,0,44,0,0,260,0,260,0,0,304,0,304,114,0,114,418
03/17/2023,TIX,FL,ASO,ES,Federal Contract Tower,0,0,38,0,38,0,0,101,0,101,0,0,139,0,139,160,0,160,299
03/18/2023,TIX,FL,ASO,ES,Federal Contract Tower,0,0,20,0,20,0,0,59,0,59,0,0,79,0,79,127,0,127,206
03/19/2023,TIX,FL,ASO,ES,Federal Contract Tower,0,0,34,0,34,0,0,57,0,57,0,0,91,0,91,114,0,114,205
03/20/2023,TIX,FL,ASO,ES,Federal Contract Tower,0,1,62,0,63,0,0,92,0,92,0,1,154,0,155,276,0,276,431
03/21/2023,TIX,FL,ASO,ES,Federal Contract Tower,0,0,22,0,22,0,0,95,0,95,0,0,117,0,117,242,0,242,359
03/22/2023,TIX,FL,ASO,ES,Federal Contract Tower,0,4,40,0,44,0,0,114,0,114,0,4,154,0,158,306,0,306,464
03/23/2023,TIX,FL,ASO,ES,Federal Contract Tower,0,4,52,0,56,0,0,101,0,101,0,4,153,0,157,238,0,238,395
03/24/2023,TIX,FL,ASO,ES,Federal Contract Tower,0,1,32,0,33,0,0,110,0,110,0,1,142,0,143,214,0,214,357
03/25/2023,TIX,FL,ASO,ES,Federal Contract Tower,0,3,34,0,37,0,0,41,0,41,0,3,75,0,78,46,0,46,124
03/26/2023,TIX,FL,ASO,ES,Federal Contract Tower,0,0,24,0,24,0,0,67,0,67,0,0,91,0,91,114,0,114,205
03/27/2023,TIX,FL,ASO,ES,Federal Contract Tower,0,1,21,0,22,0,0,89,0,89,0,1,110,0,111,220,0,220,331
03/28/2023,TIX,FL,ASO,ES,Federal Contract Tower,0,0,25,0,25,0,0,75,0,75,0,0,100,0,100,136,0,136,236
03/29/2023,TIX,FL,ASO,ES,Federal Contract Tower,0,0,46,0,46,0,0,75,0,75,0,0,121,0,121,200,0,200,321
03/30/2023,TIX,FL,ASO,ES,Federal Contract Tower,0,0,26,0,26,0,0,91,0,91,0,0,117,0,117,200,0,200,317
03/31/2023,TIX,FL,ASO,ES,Federal Contract Tower,0,1,31,0,32,0,0,66,0,66,0,1,97,0,98,162,0,162,260
04/01/2023,TIX,FL,ASO,ES,Federal Contract Tower,0,1,22,0,23,0,0,52,0,52,0,1,74,0,75,110,0,110,185
04/02/2023,TIX,FL,ASO,ES,Federal Contract Tower,0,2,22,0,24,0,0,56,0,56,0,2,78,0,80,106,0,106,186
04/03/2023,TIX,FL,ASO,ES,Federal Contract Tower,0,1,30,0,31,0,0,84,0,84,0,1,114,0,115,188,0,188,303
04/04/2023,TIX,FL,ASO,ES,Federal Contract Tower,0,0,45,0,45,0,0,76,0,76,0,0,121,0,121,182,0,182,303
04/05/2023,TIX,FL,ASO,ES,Federal Contract Tower,0,2,27,0,29,0,0,83,0,83,0,2,110,0,112,174,0,174,286
04/06/2023,TIX,FL,ASO,ES,Federal Contract Tower,0,0,36,0,36,0,0,93,0,93,0,0,129,0,129,280,0,280,409
04/07/2023,TIX,FL,ASO,ES,Federal Contract Tower,0,0,25,0,25,0,0,70,0,70,0,0,95,0,95,122,0,122,217
04/08/2023,TIX,FL,ASO,ES,Federal Contract Tower,0,5,24,0,29,0,0,60,0,60,0,5,84,0,89,88,0,88,177
04/09/2023,TIX,FL,ASO,ES,Federal Contract Tower,0,1,18,0,19,0,0,14,0,14,0,1,32,0,33,36,0,36,69
04/10/2023,TIX,FL,ASO,ES,Federal Contract Tower,0,2,33,0,35,0,0,58,0,58,0,2,91,0,93,140,0,140,233
04/11/2023,TIX,FL,ASO,ES,Federal Contract Tower,0,1,34,0,35,0,0,60,0,60,0,1,94,0,95,140,0,140,235
04/12/2023,TIX,FL,ASO,ES,Federal Contract Tower,0,0,27,4,31,0,0,61,0,61,0,0,88,4,92,106,0,106,198
04/13/2023,TIX,FL,ASO,ES,Federal Contract Tower,0,0,17,0,17,0,0,56,0,56,0,0,73,0,73,126,0,126,199
04/14/2023,TIX,FL,ASO,ES,Federal Contract Tower,0,1,32,0,33,0,0,75,0,75,0,1,107,0,108,146,0,146,254
04/15/2023,TIX,FL,ASO,ES,Federal Contract Tower,0,3,29,0,32,0,0,85,0,85,0,3,114,0,117,136,0,136,253
04/16/2023,TIX,FL,ASO,ES,Federal Contract Tower,0,2,11,0,13,0,0,38,0,38,0,2,49,0,51,56,0,56,107
04/17/2023,TIX,FL,ASO,ES,Federal Contract Tower,0,0,45,0,45,0,0,26,0,26,0,0,71,0,71,50,0,50,121
04/18/2023,TIX,FL,ASO,ES,Federal Contract Tower,0,0,33,0,33,0,0,88,0,88,0,0,121,0,121,222,0,222,343
04/19/2023,TIX,FL,ASO,ES,Federal Contract Tower,0,0,22,0,22,0,0,93,0,93,0,0,115,0,115,198,0,198,313
04/20/2023,TIX,FL,ASO,ES,Federal Contract Tower,0,0,32,0,32,0,0,100,0,100,0,0,132,0,132,264,0,264,396
04/21/2023,TIX,FL,ASO,ES,Federal Contract Tower,0,1,28,0,29,0,0,87,0,87,0,1,115,0,116,150,0,150,266
04/22/2023,TIX,FL,ASO,ES,Federal Contract Tower,0,0,6,0,6,0,0,58,0,58,0,0,64,0,64,98,0,98,162
04/23/2023,TIX,FL,ASO,ES,Federal Contract Tower,0,2,24,0,26,0,0,43,0,43,0,2,67,0,69,72,0,72,141
04/24/2023,TIX,FL,ASO,ES,Federal Contract Tower,0,1,32,0,33,0,0,45,0,45,0,1,77,0,78,164,0,164,242
04/25/2023,TIX,FL,ASO,ES,Federal Contract Tower,0,1,24,0,25,0,0,73,0,73,0,1,97,0,98,158,0,158,256
04/26/2023,TIX,FL,ASO,ES,Federal Contract Tower,0,0,15,0,15,0,0,71,0,71,0,0,86,0,86,120,0,120,206
04/27/2023,TIX,FL,ASO,ES,Federal Contract Tower,0,2,36,0,38,0,0,77,0,77,0,2,113,0,115,188,0,188,303
04/28/2023,TIX,FL,ASO,ES,Federal Contract Tower,0,0,13,0,13,0,0,66,0,66,0,0,79,0,79,174,0,174,253
04/29/2023,TIX,FL,ASO,ES,Federal Contract Tower,0,0,11,0,11,0,0,58,0,58,0,0,69,0,69,104,0,104,173
04/30/2023,TIX,FL,ASO,ES,Federal Contract Tower,0,1,9,0,10,0,0,30,0,30,0,1,39,0,40,30,0,30,70
05/01/2023,TIX,FL,ASO,ES,Federal Contract Tower,0,4,37,0,41,0,0,101,0,101,0,4,138,0,142,180,0,180,322
05/02/2023,TIX,FL,ASO,ES,Federal Contract Tower,0,2,40,0,42,0,0,87,0,87,0,2,127,0,129,232,0,232,361
05/03/2023,TIX,FL,ASO,ES,Federal Contract Tower,0,0,46,0,46,0,0,93,0,93,0,0,139,0,139,146,0,146,285
05/04/2023,TIX,FL,ASO,ES,Federal Contract Tower,0,0,35,0,35,0,0,116,0,116,0,0,151,0,151,176,0,176,327
05/05/2023,TIX,FL,ASO,ES,Federal Contract Tower,0,5,20,0,25,0,0,74,0,74,0,5,94,0,99,186,0,186,285
05/06/2023,TIX,FL,ASO,ES,Federal Contract Tower,0,3,12,0,15,0,0,55,0,55,0,3,67,0,70,74,0,74,144
05/07/2023,TIX,FL,ASO,ES,Federal Contract Tower,0,0,21,0,21,0,0,61,0,61,0,0,82,0,82,100,0,100,182
05/08/2023,TIX,FL,ASO,ES,Federal Contract Tower,0,6,37,0,43,0,0,94,0,94,0,6,131,0,137,210,0,210,347
05/09/2023,TIX,FL,ASO,ES,Federal Contract Tower,0,0,24,0,24,0,0,93,0,93,0,0,117,0,117,210,0,210,327
05/10/2023,TIX,FL,ASO,ES,Federal Contract Tower,0,3,24,0,27,0,0,88,0,88,0,3,112,0,115,152,0,152,267
05/11/2023,TIX,FL,ASO,ES,Federal Contract Tower,0,1,17,0,18,0,0,108,0,108,0,1,125,0,126,190,0,190,316
05/12/2023,TIX,FL,ASO,ES,Federal Contract Tower,0,1,19,0,20,0,0,88,0,88,0,1,107,0,108,166,0,166,274
05/13/2023,TIX,FL,ASO,ES,Federal Contract Tower,0,0,20,0,20,0,0,92,0,92,0,0,112,0,112,118,0,118,230
05/14/2023,TIX,FL,ASO,ES,Federal Contract Tower,0,1,18,0,19,0,0,46,0,46,0,1,64,0,65,96,0,96,161
05/15/2023,TIX,FL,ASO,ES,Federal Contract Tower,0,1,22,0,23,0,0,81,0,81,0,1,103,0,104,192,2,194,298
05/16/2023,TIX,FL,ASO,ES,Federal Contract Tower,0,1,33,0,34,0,0,78,0,78,0,1,111,0,112,210,0,210,322
05/17/2023,TIX,FL,ASO,ES,Federal Contract Tower,0,0,19,0,19,0,0,73,0,73,0,0,92,0,92,138,0,138,230
05/18/2023,TIX,FL,ASO,ES,Federal Contract Tower,0,0,23,0,23,0,0,87,0,87,0,0,110,0,110,130,0,130,240
05/19/2023,TIX,FL,ASO,ES,Federal Contract Tower,0,0,27,0,27,0,0,88,0,88,0,0,115,0,115,178,0,178,293
05/20/2023,TIX,FL,ASO,ES,Federal Contract Tower,0,3,9,0,12,0,0,78,0,78,0,3,87,0,90,152,0,152,242
05/21/2023,TIX,FL,ASO,ES,Federal Contract Tower,0,3,20,0,23,0,0,65,0,65,0,3,85,0,88,98,0,98,186
05/22/2023,TIX,FL,ASO,ES,Federal Contract Tower,0,4,30,2,36,0,0,58,0,58,0,4,88,2,94,118,0,118,212
05/23/2023,TIX,FL,ASO,ES,Federal Contract Tower,0,1,13,0,14,0,0,42,2,44,0,1,55,2,58,96,0,96,154
05/24/2023,TIX,FL,ASO,ES,Federal Contract Tower,0,0,14,0,14,0,0,30,0,30,0,0,44,0,44,46,0,46,90
05/25/2023,TIX,FL,ASO,ES,Federal Contract Tower,0,5,42,0,47,0,0,45,0,45,0,5,87,0,92,102,0,102,194
05/26/2023,TIX,FL,ASO,ES,Federal Contract Tower,0,0,43,0,43,0,0,50,0,50,0,0,93,0,93,90,0,90,183
05/27/2023,TIX,FL,ASO,ES,Federal Contract Tower,0,0,23,4,27,0,0,81,0,81,0,0,104,4,108,132,0,132,240
05/28/2023,TIX,FL,ASO,ES,Federal Contract Tower,0,0,20,0,20,0,0,89,0,89,0,0,109,0,109,140,0,140,249
05/29/2023,TIX,FL,ASO,ES,Federal Contract Tower,0,5,31,0,36,0,0,81,0,81,0,5,112,0,117,162,0,162,279
05/30/2023,TIX,FL,ASO,ES,Federal Contract Tower,0,1,40,0,41,0,0,113,0,113,0,1,153,0,154,162,0,162,316
05/31/2023,TIX,FL,ASO,ES,Federal Contract Tower,0,0,45,0,45,0,0,84,0,84,0,0,129,0,129,236,0,236,365
06/01/2023,TIX,FL,ASO,ES,Federal Contract Tower,0,1,15,0,16,0,0,30,0,30,0,1,45,0,46,112,0,112,158
06/02/2023,TIX,FL,ASO,ES,Federal Contract Tower,0,6,24,0,30,0,0,91,0,91,0,6,115,0,121,194,0,194,315
06/03/2023,TIX,FL,ASO,ES,Federal Contract Tower,0,3,16,0,19,0,0,39,0,39,0,3,55,0,58,124,0,124,182
06/04/2023,TIX,FL,ASO,ES,Federal Contract Tower,0,3,28,0,31,0,0,73,0,73,0,3,101,0,104,188,0,188,292
06/05/2023,TIX,FL,ASO,ES,Federal Contract Tower,0,2,24,0,26,0,0,87,0,87,0,2,111,0,113,252,0,252,365
06/06/2023,TIX,FL,ASO,ES,Federal Contract Tower,0,0,36,0,36,0,0,85,0,85,0,0,121,0,121,258,0,258,379
06/07/2023,TIX,FL,ASO,ES,Federal Contract Tower,0,1,25,0,26,0,0,69,0,69,0,1,94,0,95,166,0,166,261
06/08/2023,TIX,FL,ASO,ES,Federal Contract Tower,0,0,29,0,29,0,0,87,0,87,0,0,116,0,116,108,0,108,224
06/09/2023,TIX,FL,ASO,ES,Federal Contract Tower,0,5,26,0,31,0,0,104,0,104,0,5,130,0,135,150,0,150,285
06/10/2023,TIX,FL,ASO,ES,Federal Contract Tower,0,3,23,0,26,0,0,74,0,74,0,3,97,0,100,170,0,170,270
06/11/2023,TIX,FL,ASO,ES,Federal Contract Tower,0,1,16,0,17,0,0,79,0,79,0,1,95,0,96,128,0,128,224
06/12/2023,TIX,FL,ASO,ES,Federal Contract Tower,0,5,31,0,36,0,0,90,0,90,0,5,121,0,126,212,0,212,338
06/13/2023,TIX,FL,ASO,ES,Federal Contract Tower,0,0,22,0,22,0,0,106,0,106,0,0,128,0,128,150,0,150,278
06/14/2023,TIX,FL,ASO,ES,Federal Contract Tower,0,0,25,0,25,0,0,91,0,91,0,0,116,0,116,150,0,150,266
06/15/2023,TIX,FL,ASO,ES,Federal Contract Tower,0,0,28,0,28,0,0,79,0,79,0,0,107,0,107,190,0,190,297
06/16/2023,TIX,FL,ASO,ES,Federal Contract Tower,0,1,28,0,29,0,0,40,0,40,0,1,68,0,69,86,0,86,155
06/17/2023,TIX,FL,ASO,ES,Federal Contract Tower,0,1,16,0,17,0,0,32,0,32,0,1,48,0,49,62,0,62,111
06/18/2023,TIX,FL,ASO,ES,Federal Contract Tower,0,0,18,0,18,0,0,72,0,72,0,0,90,0,90,178,0,178,268
06/19/2023,TIX,FL,ASO,ES,Federal Contract Tower,0,3,49,0,52,0,0,89,0,89,0,3,138,0,141,256,0,256,397
06/20/2023,TIX,FL,ASO,ES,Federal Contract Tower,0,0,18,0,18,0,0,63,0,63,0,0,81,0,81,174,0,174,255
06/21/2023,TIX,FL,ASO,ES,Federal Contract Tower,0,0,23,0,23,0,0,48,0,48,0,0,71,0,71,148,0,148,219
06/22/2023,TIX,FL,ASO,ES,Federal Contract Tower,0,0,10,0,10,0,0,65,0,65,0,0,75,0,75,162,0,162,237
06/23/2023,TIX,FL,ASO,ES,Federal Contract Tower,0,1,24,0,25,0,0,50,0,50,0,1,74,0,75,110,0,110,185
06/24/2023,TIX,FL,ASO,ES,Federal Contract Tower,0,0,29,0,29,0,0,91,0,91,0,0,120,0,120,196,0,196,316
06/25/2023,TIX,FL,ASO,ES,Federal Contract Tower,0,3,31,0,34,0,0,100,0,100,0,3,131,0,134,190,0,190,324
06/26/2023,TIX,FL,ASO,ES,Federal Contract Tower,0,8,39,0,47,0,0,102,0,102,0,8,141,0,149,290,0,290,439
06/27/2023,TIX,FL,ASO,ES,Federal Contract Tower,0,1,41,0,42,0,0,112,0,112,0,1,153,0,154,240,0,240,394
06/28/2023,TIX,FL,ASO,ES,Federal Contract Tower,0,2,32,0,34,0,0,76,0,76,0,2,108,0,110,190,0,190,300
06/29/2023,TIX,FL,ASO,ES,Federal Contract Tower,0,0,30,0,30,0,0,90,0,90,0,0,120,0,120,162,0,162,282
06/30/2023,TIX,FL,ASO,ES,Federal Contract Tower,0,3,49,0,52,0,0,110,0,110,0,3,159,0,162,162,0,162,324
07/01/2023,TIX,FL,ASO,ES,Federal Contract Tower,0,4,12,0,16,0,0,69,0,69,0,4,81,0,85,98,0,98,183
07/02/2023,TIX,FL,ASO,ES,Federal Contract Tower,0,1,9,0,10,0,0,69,0,69,0,1,78,0,79,164,0,164,243
07/03/2023,TIX,FL,ASO,ES,Federal Contract Tower,0,0,34,0,34,0,0,101,0,101,0,0,135,0,135,250,0,250,385
07/04/2023,TIX,FL,ASO,ES,Federal Contract Tower,0,0,14,0,14,0,0,52,0,52,0,0,66,0,66,76,0,76,142
07/05/2023,TIX,FL,ASO,ES,Federal Contract Tower,0,0,10,0,10,0,0,57,0,57,0,0,67,0,67,112,0,112,179
07/06/2023,TIX,FL,ASO,ES,Federal Contract Tower,0,2,21,0,23,0,0,106,0,106,0,2,127,0,129,228,0,228,357
07/07/2023,TIX,FL,ASO,ES,Federal Contract Tower,0,3,27,0,30,0,0,107,0,107,0,3,134,0,137,286,0,286,423
07/08/2023,TIX,FL,ASO,ES,Federal Contract Tower,0,1,23,0,24,0,0,72,0,72,0,1,95,0,96,140,0,140,236
07/09/2023,TIX,FL,ASO,ES,Federal Contract Tower,0,5,11,0,16,0,0,58,0,58,0,5,69,0,74,196,0,196,270
07/10/2023,TIX,FL,ASO,ES,Federal Contract Tower,0,1,20,0,21,0,0,94,0,94,0,1,114,0,115,236,0,236,351
07/11/2023,TIX,FL,ASO,ES,Federal Contract Tower,0,3,38,0,41,0,0,99,0,99,0,3,137,0,140,204,0,204,344
07/12/2023,TIX,FL,ASO,ES,Federal Contract Tower,0,1,25,0,26,0,0,85,0,85,0,1,110,0,111,238,0,238,349
07/13/2023,TIX,FL,ASO,ES,Federal Contract Tower,0,0,21,0,21,0,0,64,0,64,0,0,85,0,85,190,0,190,275
07/14/2023,TIX,FL,ASO,ES,Federal Contract Tower,0,0,30,0,30,0,0,75,0,75,0,0,105,0,105,154,0,154,259
07/15/2023,TIX,FL,ASO,ES,Federal Contract Tower,0,0,23,0,23,0,0,61,0,61,0,0,84,0,84,164,0,164,248
07/16/2023,TIX,FL,ASO,ES,Federal Contract Tower,0,1,25,0,26,0,0,46,0,46,0,1,71,0,72,78,0,78,150
07/17/2023,TIX,FL,ASO,ES,Federal Contract Tower,0,2,38,0,40,0,0,86,0,86,0,2,124,0,126,252,0,252,378
07/18/2023,TIX,FL,ASO,ES,Federal Contract Tower,0,1,12,0,13,0,0,90,0,90,0,1,102,0,103,224,0,224,327
07/19/2023,TIX,FL,ASO,ES,Federal Contract Tower,0,1,21,0,22,0,0,90,0,90,0,1,111,0,112,238,0,238,350
07/20/2023,TIX,FL,ASO,ES,Federal Contract Tower,0,0,56,0,56,0,0,109,0,109,0,0,165,0,165,266,0,266,431
07/21/2023,TIX,FL,ASO,ES,Federal Contract Tower,0,1,50,0,51,0,0,80,0,80,0,1,130,0,131,222,0,222,353
07/22/2023,TIX,FL,ASO,ES,Federal Contract Tower,0,0,36,0,36,0,1,65,0,66,0,1,101,0,102,142,0,142,244
07/23/2023,TIX,FL,ASO,ES,Federal Contract Tower,0,3,23,0,26,0,0,65,0,65,0,3,88,0,91,172,0,172,263
07/24/2023,TIX,FL,ASO,ES,Federal Contract Tower,0,4,33,0,37,0,0,96,0,96,0,4,129,0,133,236,0,236,369
07/25/2023,TIX,FL,ASO,ES,Federal Contract Tower,0,1,28,0,29,0,0,86,0,86,0,1,114,0,115,262,0,262,377
07/26/2023,TIX,FL,ASO,ES,Federal Contract Tower,0,0,52,0,52,0,0,99,0,99,0,0,151,0,151,198,0,198,349
07/27/2023,TIX,FL,ASO,ES,Federal Contract Tower,0,0,25,0,25,0,0,28,0,28,0,0,53,0,53,66,0,66,119
07/28/2023,TIX,FL,ASO,ES,Federal Contract Tower,0,4,38,0,42,0,0,77,0,77,0,4,115,0,119,258,0,258,377
07/29/2023,TIX,FL,ASO,ES,Federal Contract Tower,0,1,24,0,25,0,0,36,0,36,0,1,60,0,61,102,0,102,163
07/30/2023,TIX,FL,ASO,ES,Federal Contract Tower,0,6,10,0,16,0,0,69,0,69,0,6,79,0,85,126,0,126,211
07/31/2023,TIX,FL,ASO,ES,Federal Contract Tower,0,5,16,0,21,0,0,80,0,80,0,5,96,0,101,132,0,132,233
08/01/2023,TIX,FL,ASO,ES,Federal Contract Tower,0,0,30,0,30,0,0,108,0,108,0,0,138,0,138,178,0,178,316
08/02/2023,TIX,FL,ASO,ES,Federal Contract Tower,0,0,41,0,41,0,0,128,0,128,0,0,169,0,169,330,0,330,499
08/03/2023,TIX,FL,ASO,ES,Federal Contract Tower,0,1,32,0,33,0,0,103,0,103,0,1,135,0,136,234,0,234,370
08/04/2023,TIX,FL,ASO,ES,Federal Contract Tower,0,1,22,0,23,0,0,78,0,78,0,1,100,0,101,114,0,114,215
08/05/2023,TIX,FL,ASO,ES,Federal Contract Tower,0,0,16,0,16,0,0,80,0,80,0,0,96,0,96,212,0,212,308
08/06/2023,TIX,FL,ASO,ES,Federal Contract Tower,0,4,16,0,20,0,0,83,2,85,0,4,99,2,105,156,2,158,263
08/07/2023,TIX,FL,ASO,ES,Federal Contract Tower,0,1,32,0,33,0,0,95,0,95,0,1,127,0,128,186,0,186,314
08/08/2023,TIX,FL,ASO,ES,Federal Contract Tower,0,0,30,0,30,0,0,92,0,92,0,0,122,0,122,178,0,178,300
08/09/2023,TIX,FL,ASO,ES,Federal Contract Tower,0,0,46,0,46,0,0,116,0,116,0,0,162,0,162,290,0,290,452
08/10/2023,TIX,FL,ASO,ES,Federal Contract Tower,0,0,23,0,23,0,0,69,0,69,0,0,92,0,92,140,0,140,232
08/11/2023,TIX,FL,ASO,ES,Federal Contract Tower,0,2,24,0,26,0,0,103,0,103,0,2,127,0,129,258,0,258,387
08/12/2023,TIX,FL,ASO,ES,Federal Contract Tower,0,1,13,0,14,0,0,83,0,83,0,1,96,0,97,132,0,132,229
08/13/2023,TIX,FL,ASO,ES,Federal Contract Tower,0,1,12,0,13,0,0,76,0,76,0,1,88,0,89,122,0,122,211
08/14/2023,TIX,FL,ASO,ES,Federal Contract Tower,0,2,25,0,27,0,0,73,0,73,0,2,98,0,100,186,0,186,286
08/15/2023,TIX,FL,ASO,ES,Federal Contract Tower,0,0,27,0,27,0,0,84,0,84,0,0,111,0,111,214,0,214,325
08/16/2023,TIX,FL,ASO,ES,Federal Contract Tower,0,0,24,0,24,0,0,46,0,46,0,0,70,0,70,132,0,132,202
08/17/2023,TIX,FL,ASO,ES,Federal Contract Tower,0,0,52,0,52,0,0,62,0,62,0,0,114,0,114,182,0,182,296
08/18/2023,TIX,FL,ASO,ES,Federal Contract Tower,0,0,30,0,30,0,0,58,0,58,0,0,88,0,88,100,0,100,188
08/19/2023,TIX,FL,ASO,ES,Federal Contract Tower,0,2,21,0,23,0,0,71,0,71,0,2,92,0,94,126,0,126,220
08/20/2023,TIX,FL,ASO,ES,Federal Contract Tower,0,1,27,0,28,0,0,58,0,58,0,1,85,0,86,144,0,144,230
08/21/2023,TIX,FL,ASO,ES,Federal Contract Tower,0,1,27,0,28,0,0,83,0,83,0,1,110,0,111,362,0,362,473
08/22/2023,TIX,FL,ASO,ES,Federal Contract Tower,0,1,41,0,42,0,0,98,0,98,0,1,139,0,140,216,0,216,356
08/23/2023,TIX,FL,ASO,ES,Federal Contract Tower,0,0,30,0,30,0,0,61,0,61,0,0,91,0,91,150,0,150,241
08/24/2023,TIX,FL,ASO,ES,Federal Contract Tower,0,2,47,0,49,0,0,86,0,86,0,2,133,0,135,362,0,362,497
08/25/2023,TIX,FL,ASO,ES,Federal Contract Tower,0,1,27,0,28,0,0,64,0,64,0,1,91,0,92,158,0,158,250
08/26/2023,TIX,FL,ASO,ES,Federal Contract Tower,0,1,27,0,28,0,0,75,0,75,0,1,102,0,103,90,0,90,193
08/27/2023,TIX,FL,ASO,ES,Federal Contract Tower,0,0,19,0,19,0,0,66,0,66,0,0,85,0,85,118,0,118,203
08/28/2023,TIX,FL,ASO,ES,Federal Contract Tower,0,4,30,0,34,0,0,81,0,81,0,4,111,0,115,234,0,234,349
08/29/2023,TIX,FL,ASO,ES,Federal Contract Tower,0,3,18,0,21,0,0,57,0,57,0,3,75,0,78,168,0,168,246
08/30/2023,TIX,FL,ASO,ES,Federal Contract Tower,0,0,0,0,0,0,0,1,0,1,0,0,1,0,1,0,0,0,1
08/31/2023,TIX,FL,ASO,ES,Federal Contract Tower,0,1,30,0,31,0,0,59,0,59,0,1,89,0,90,120,0,120,210
