01/01/2000,TLH,FL,ASO,ES,Towers with Radar,12,55,55,0,122,0,0,49,0,49,12,55,104,0,171,32,0,32,203
01/02/2000,TLH,FL,ASO,ES,Towers with Radar,4,23,24,0,51,6,0,21,0,27,10,23,45,0,78,96,0,96,174
01/03/2000,TLH,FL,ASO,ES,Towers with Radar,11,97,58,18,184,0,13,15,13,41,11,110,73,31,225,10,20,30,255
01/04/2000,TLH,FL,ASO,ES,Towers with Radar,11,98,58,0,167,2,15,14,0,31,13,113,72,0,198,0,0,0,198
01/05/2000,TLH,FL,ASO,ES,Towers with Radar,23,113,72,72,280,0,10,84,9,103,23,123,156,81,383,26,90,116,499
01/06/2000,TLH,FL,ASO,ES,Towers with Radar,13,116,67,21,217,0,8,83,8,99,13,124,150,29,316,6,54,60,376
01/07/2000,TLH,FL,ASO,ES,Towers with Radar,9,115,66,39,229,0,7,88,6,101,9,122,154,45,330,86,46,132,462
01/08/2000,TLH,FL,ASO,ES,Towers with Radar,7,55,33,10,105,5,0,63,5,73,12,55,96,15,178,56,40,96,274
01/09/2000,TLH,FL,ASO,ES,Towers with Radar,12,70,41,7,130,0,0,0,1,1,12,70,41,8,131,0,0,0,131
01/10/2000,TLH,FL,ASO,ES,Towers with Radar,12,94,54,2,162,0,35,19,0,54,12,129,73,2,216,10,6,16,232
01/11/2000,TLH,FL,ASO,ES,Towers with Radar,13,112,65,18,208,0,17,90,0,107,13,129,155,18,315,42,24,66,381
01/12/2000,TLH,FL,ASO,ES,Towers with Radar,12,129,75,23,239,0,3,62,17,82,12,132,137,40,321,144,102,246,567
01/13/2000,TLH,FL,ASO,ES,Towers with Radar,13,109,78,14,214,0,2,49,7,58,13,111,127,21,272,72,0,72,344
01/14/2000,TLH,FL,ASO,ES,Towers with Radar,11,119,57,28,215,0,16,77,18,111,11,135,134,46,326,42,44,86,412
01/15/2000,TLH,FL,ASO,ES,Towers with Radar,6,56,33,2,97,8,1,97,0,106,14,57,130,2,203,100,0,100,303
01/16/2000,TLH,FL,ASO,ES,Towers with Radar,8,67,39,4,118,5,1,78,0,84,13,68,117,4,202,72,0,72,274
01/17/2000,TLH,FL,ASO,ES,Towers with Radar,10,89,52,3,154,5,7,45,0,57,15,96,97,3,211,70,0,70,281
01/18/2000,TLH,FL,ASO,ES,Towers with Radar,12,123,71,23,229,0,15,81,12,108,12,138,152,35,337,36,42,78,415
01/19/2000,TLH,FL,ASO,ES,Towers with Radar,11,127,74,23,235,0,1,22,7,30,11,128,96,30,265,24,34,58,323
01/20/2000,TLH,FL,ASO,ES,Towers with Radar,10,121,70,17,218,0,10,55,0,65,10,131,125,17,283,62,20,82,365
01/21/2000,TLH,FL,ASO,ES,Towers with Radar,12,131,77,24,244,0,0,53,31,84,12,131,130,55,328,24,24,48,376
01/22/2000,TLH,FL,ASO,ES,Towers with Radar,8,54,34,0,96,4,0,102,0,106,12,54,136,0,202,102,2,104,306
01/23/2000,TLH,FL,ASO,ES,Towers with Radar,11,61,34,3,109,0,0,9,1,10,11,61,43,4,119,58,0,58,177
01/24/2000,TLH,FL,ASO,ES,Towers with Radar,13,96,62,19,190,0,0,14,20,34,13,96,76,39,224,10,24,34,258
01/25/2000,TLH,FL,ASO,ES,Towers with Radar,12,128,74,22,236,0,12,92,0,104,12,140,166,22,340,76,54,130,470
01/26/2000,TLH,FL,ASO,ES,Towers with Radar,12,112,65,20,209,0,12,71,9,92,12,124,136,29,301,42,18,60,361
01/27/2000,TLH,FL,ASO,ES,Towers with Radar,13,128,74,23,238,0,10,79,47,136,13,138,153,70,374,52,98,150,524
01/28/2000,TLH,FL,ASO,ES,Towers with Radar,8,125,68,3,204,0,7,11,4,22,8,132,79,7,226,10,12,22,248
01/29/2000,TLH,FL,ASO,ES,Towers with Radar,4,46,27,0,77,0,0,5,0,5,4,46,32,0,82,0,2,2,84
01/30/2000,TLH,FL,ASO,ES,Towers with Radar,8,67,27,5,107,0,0,0,1,1,8,67,27,6,108,30,0,30,138
01/31/2000,TLH,FL,ASO,ES,Towers with Radar,10,116,67,21,214,0,22,77,2,101,10,138,144,23,315,110,12,122,437
02/01/2000,TLH,FL,ASO,ES,Towers with Radar,10,115,76,25,226,0,44,53,20,117,10,159,129,45,343,138,46,184,527
02/02/2000,TLH,FL,ASO,ES,Towers with Radar,11,120,79,26,236,0,6,93,12,111,11,126,172,38,347,134,60,194,541
02/03/2000,TLH,FL,ASO,ES,Towers with Radar,13,107,71,17,208,0,13,69,0,82,13,120,140,17,290,80,12,92,382
02/04/2000,TLH,FL,ASO,ES,Towers with Radar,11,119,78,26,234,0,8,113,7,128,11,127,191,33,362,110,8,118,480
02/05/2000,TLH,FL,ASO,ES,Towers with Radar,8,58,44,13,123,4,0,137,0,141,12,58,181,13,264,132,12,144,408
02/06/2000,TLH,FL,ASO,ES,Towers with Radar,9,74,51,15,149,4,0,119,3,126,13,74,170,18,275,122,22,144,419
02/07/2000,TLH,FL,ASO,ES,Towers with Radar,11,101,65,17,194,0,19,71,0,90,11,120,136,17,284,122,18,140,424
02/08/2000,TLH,FL,ASO,ES,Towers with Radar,12,108,70,9,199,0,18,88,0,106,12,126,158,9,305,98,10,108,413
02/09/2000,TLH,FL,ASO,ES,Towers with Radar,11,113,73,24,221,0,7,83,8,98,11,120,156,32,319,102,34,136,455
02/10/2000,TLH,FL,ASO,ES,Towers with Radar,12,123,79,26,240,0,11,100,5,116,12,134,179,31,356,100,14,114,470
02/11/2000,TLH,FL,ASO,ES,Towers with Radar,12,119,77,25,233,0,0,81,18,99,12,119,158,43,332,80,34,114,446
02/12/2000,TLH,FL,ASO,ES,Towers with Radar,8,47,46,16,117,4,0,69,18,91,12,47,115,34,208,98,60,158,366
02/13/2000,TLH,FL,ASO,ES,Towers with Radar,8,65,51,18,142,2,0,50,1,53,10,65,101,19,195,90,14,104,299
02/14/2000,TLH,FL,ASO,ES,Towers with Radar,9,83,53,10,155,4,21,38,0,63,13,104,91,10,218,10,2,12,230
02/15/2000,TLH,FL,ASO,ES,Towers with Radar,13,120,78,27,238,0,15,79,17,111,13,135,157,44,349,52,40,92,441
02/16/2000,TLH,FL,ASO,ES,Towers with Radar,14,124,84,37,259,0,2,90,9,101,14,126,174,46,360,52,24,76,436
02/17/2000,TLH,FL,ASO,ES,Towers with Radar,9,127,84,29,249,0,0,38,0,38,9,127,122,29,287,18,8,26,313
02/18/2000,TLH,FL,ASO,ES,Towers with Radar,11,114,74,26,225,0,0,85,17,102,11,114,159,43,327,38,30,68,395
02/19/2000,TLH,FL,ASO,ES,Towers with Radar,7,56,41,2,106,4,0,50,0,54,11,56,91,2,160,52,6,58,218
02/20/2000,TLH,FL,ASO,ES,Towers with Radar,9,68,53,18,148,3,0,76,0,79,12,68,129,18,227,100,24,124,351
02/21/2000,TLH,FL,ASO,ES,Towers with Radar,11,102,66,11,190,1,1,106,0,108,12,103,172,11,298,116,14,130,428
02/22/2000,TLH,FL,ASO,ES,Towers with Radar,12,108,70,21,211,1,22,85,0,108,13,130,155,21,319,58,34,92,411
02/23/2000,TLH,FL,ASO,ES,Towers with Radar,8,127,86,28,249,0,0,104,14,118,8,127,190,42,367,96,44,140,507
02/24/2000,TLH,FL,ASO,ES,Towers with Radar,10,113,74,24,221,0,4,71,10,85,10,117,145,34,306,68,20,88,394
02/25/2000,TLH,FL,ASO,ES,Towers with Radar,11,121,92,30,254,0,0,76,32,108,11,121,168,62,362,110,60,170,532
02/26/2000,TLH,FL,ASO,ES,Towers with Radar,7,65,43,8,123,4,3,82,0,89,11,68,125,8,212,78,12,90,302
02/27/2000,TLH,FL,ASO,ES,Towers with Radar,7,68,45,2,122,5,0,33,0,38,12,68,78,2,160,4,0,4,164
02/28/2000,TLH,FL,ASO,ES,Towers with Radar,11,103,67,22,203,0,19,64,6,89,11,122,131,28,292,92,34,126,418
02/29/2000,TLH,FL,ASO,ES,Towers with Radar,12,115,75,15,217,0,21,76,0,97,12,136,151,15,314,106,14,120,434
03/01/2000,TLH,FL,ASO,ES,Towers with Radar,12,106,72,25,215,0,9,62,17,88,12,115,134,42,303,74,52,126,429
03/02/2000,TLH,FL,ASO,ES,Towers with Radar,15,115,78,27,235,0,3,76,14,93,15,118,154,41,328,96,40,136,464
03/03/2000,TLH,FL,ASO,ES,Towers with Radar,9,116,89,31,245,0,0,76,48,124,9,116,165,79,369,96,86,182,551
03/04/2000,TLH,FL,ASO,ES,Towers with Radar,8,62,42,0,112,10,0,73,0,83,18,62,115,0,195,58,0,58,253
03/05/2000,TLH,FL,ASO,ES,Towers with Radar,11,77,59,18,165,2,0,77,0,79,13,77,136,18,244,120,16,136,380
03/06/2000,TLH,FL,ASO,ES,Towers with Radar,13,99,67,22,201,1,33,100,0,134,14,132,167,22,335,80,26,106,441
03/07/2000,TLH,FL,ASO,ES,Towers with Radar,9,111,75,27,222,0,25,125,0,150,9,136,200,27,372,82,10,92,464
03/08/2000,TLH,FL,ASO,ES,Towers with Radar,11,123,84,26,244,0,6,94,0,100,11,129,178,26,344,112,60,172,516
03/09/2000,TLH,FL,ASO,ES,Towers with Radar,13,132,90,31,266,0,14,54,4,72,13,146,144,35,338,96,54,150,488
03/10/2000,TLH,FL,ASO,ES,Towers with Radar,12,128,87,30,257,0,5,69,21,95,12,133,156,51,352,30,56,86,438
03/11/2000,TLH,FL,ASO,ES,Towers with Radar,6,54,37,4,101,8,9,21,0,38,14,63,58,4,139,54,2,56,195
03/12/2000,TLH,FL,ASO,ES,Towers with Radar,10,68,59,20,157,0,0,78,0,78,10,68,137,20,235,88,26,114,349
03/13/2000,TLH,FL,ASO,ES,Towers with Radar,11,91,61,21,184,2,16,90,2,110,13,107,151,23,294,74,16,90,384
03/14/2000,TLH,FL,ASO,ES,Towers with Radar,12,98,66,23,199,1,22,65,18,106,13,120,131,41,305,20,26,46,351
03/15/2000,TLH,FL,ASO,ES,Towers with Radar,13,110,74,26,223,6,29,85,15,135,19,139,159,41,358,70,70,140,498
03/16/2000,TLH,FL,ASO,ES,Towers with Radar,17,106,48,0,171,0,2,7,0,9,17,108,55,0,180,2,0,2,182
03/17/2000,TLH,FL,ASO,ES,Towers with Radar,14,121,87,30,252,0,0,54,7,61,14,121,141,37,313,40,18,58,371
03/18/2000,TLH,FL,ASO,ES,Towers with Radar,8,51,46,7,112,5,0,54,0,59,13,51,100,7,171,86,22,108,279
03/19/2000,TLH,FL,ASO,ES,Towers with Radar,11,66,44,5,126,0,1,5,0,6,11,67,49,5,132,2,0,2,134
03/20/2000,TLH,FL,ASO,ES,Towers with Radar,12,126,90,31,259,0,0,59,32,91,12,126,149,63,350,104,16,120,470
03/21/2000,TLH,FL,ASO,ES,Towers with Radar,12,98,66,9,185,0,30,99,0,129,12,128,165,9,314,126,16,142,456
03/22/2000,TLH,FL,ASO,ES,Towers with Radar,9,106,72,21,208,0,26,93,0,119,9,132,165,21,327,90,12,102,429
03/23/2000,TLH,FL,ASO,ES,Towers with Radar,15,123,86,29,253,1,0,139,13,153,16,123,225,42,406,84,52,136,542
03/24/2000,TLH,FL,ASO,ES,Towers with Radar,12,114,83,29,238,0,0,97,15,112,12,114,180,44,350,94,48,142,492
03/25/2000,TLH,FL,ASO,ES,Towers with Radar,12,61,71,14,158,1,0,45,0,46,13,61,116,14,204,60,16,76,280
03/26/2000,TLH,FL,ASO,ES,Towers with Radar,8,65,46,7,126,2,0,12,0,14,10,65,58,7,140,16,0,16,156
03/27/2000,TLH,FL,ASO,ES,Towers with Radar,12,94,62,8,176,0,28,18,0,46,12,122,80,8,222,0,0,0,222
03/28/2000,TLH,FL,ASO,ES,Towers with Radar,12,104,70,24,210,0,19,107,1,127,12,123,177,25,337,118,36,154,491
03/29/2000,TLH,FL,ASO,ES,Towers with Radar,12,115,77,27,231,0,15,71,0,86,12,130,148,27,317,16,4,20,337
03/30/2000,TLH,FL,ASO,ES,Towers with Radar,12,111,74,6,203,0,4,46,0,50,12,115,120,6,253,16,4,20,273
03/31/2000,TLH,FL,ASO,ES,Towers with Radar,12,121,115,43,291,0,4,67,5,76,12,125,182,48,367,170,70,240,607
04/01/2000,TLH,FL,ASO,ES,Towers with Radar,11,65,60,14,150,1,0,72,0,73,12,65,132,14,223,102,12,114,337
04/02/2000,TLH,FL,ASO,ES,Towers with Radar,12,64,54,8,138,1,2,24,1,28,13,66,78,9,166,12,0,12,178
04/03/2000,TLH,FL,ASO,ES,Towers with Radar,16,101,55,12,184,1,6,32,1,40,17,107,87,13,224,14,6,20,244
04/04/2000,TLH,FL,ASO,ES,Towers with Radar,11,102,70,20,203,0,33,51,7,91,11,135,121,27,294,32,52,84,378
04/05/2000,TLH,FL,ASO,ES,Towers with Radar,12,96,66,19,193,1,28,128,3,160,13,124,194,22,353,122,22,144,497
04/06/2000,TLH,FL,ASO,ES,Towers with Radar,13,115,83,24,235,1,9,102,7,119,14,124,185,31,354,78,20,98,452
04/07/2000,TLH,FL,ASO,ES,Towers with Radar,12,131,99,27,269,0,0,88,15,103,12,131,187,42,372,56,74,130,502
04/08/2000,TLH,FL,ASO,ES,Towers with Radar,11,50,60,5,126,2,0,46,0,48,13,50,106,5,174,78,2,80,254
04/09/2000,TLH,FL,ASO,ES,Towers with Radar,11,62,64,19,156,1,0,91,2,94,12,62,155,21,250,90,12,102,352
04/10/2000,TLH,FL,ASO,ES,Towers with Radar,11,104,72,20,207,0,17,99,0,116,11,121,171,20,323,114,12,126,449
04/11/2000,TLH,FL,ASO,ES,Towers with Radar,12,119,84,24,239,0,0,105,14,119,12,119,189,38,358,72,46,118,476
04/12/2000,TLH,FL,ASO,ES,Towers with Radar,11,118,99,28,256,0,0,84,40,124,11,118,183,68,380,88,76,164,544
04/13/2000,TLH,FL,ASO,ES,Towers with Radar,11,121,93,25,250,0,0,66,10,76,11,121,159,35,326,80,36,116,442
04/14/2000,TLH,FL,ASO,ES,Towers with Radar,11,108,107,26,252,0,3,11,1,15,11,111,118,27,267,6,0,6,273
04/15/2000,TLH,FL,ASO,ES,Towers with Radar,12,54,67,11,144,0,0,55,0,55,12,54,122,11,199,44,8,52,251
04/16/2000,TLH,FL,ASO,ES,Towers with Radar,8,61,44,5,118,4,1,82,0,87,12,62,126,5,205,94,4,98,303
04/17/2000,TLH,FL,ASO,ES,Towers with Radar,9,91,64,4,168,0,23,100,0,123,9,114,164,4,291,48,0,48,339
04/18/2000,TLH,FL,ASO,ES,Towers with Radar,11,91,64,13,179,0,45,83,0,128,11,136,147,13,307,24,8,32,339
04/19/2000,TLH,FL,ASO,ES,Towers with Radar,12,108,74,21,215,0,33,112,7,152,12,141,186,28,367,138,32,170,537
04/20/2000,TLH,FL,ASO,ES,Towers with Radar,12,97,67,13,189,6,31,90,0,127,18,128,157,13,316,128,24,152,468
04/21/2000,TLH,FL,ASO,ES,Towers with Radar,12,100,69,20,201,0,19,72,15,106,12,119,141,35,307,62,16,78,385
04/22/2000,TLH,FL,ASO,ES,Towers with Radar,7,51,36,6,100,4,0,77,0,81,11,51,113,6,181,72,0,72,253
04/23/2000,TLH,FL,ASO,ES,Towers with Radar,7,56,38,5,106,4,17,52,0,73,11,73,90,5,179,34,0,34,213
04/24/2000,TLH,FL,ASO,ES,Towers with Radar,14,111,63,0,188,0,5,19,0,24,14,116,82,0,212,0,0,0,212
04/25/2000,TLH,FL,ASO,ES,Towers with Radar,12,93,64,19,188,0,39,57,9,105,12,132,121,28,293,82,16,98,391
04/26/2000,TLH,FL,ASO,ES,Towers with Radar,12,89,61,18,180,0,42,62,3,107,12,131,123,21,287,86,10,96,383
04/27/2000,TLH,FL,ASO,ES,Towers with Radar,11,115,68,29,223,0,4,114,9,127,11,119,182,38,350,74,54,128,478
04/28/2000,TLH,FL,ASO,ES,Towers with Radar,14,124,86,24,248,0,2,74,9,85,14,126,160,33,333,54,44,98,431
04/29/2000,TLH,FL,ASO,ES,Towers with Radar,9,50,44,11,114,7,0,115,0,122,16,50,159,11,236,18,8,26,262
04/30/2000,TLH,FL,ASO,ES,Towers with Radar,8,61,42,13,124,5,0,79,5,89,13,61,121,18,213,64,28,92,305
05/01/2000,TLH,FL,ASO,ES,Towers with Radar,12,96,57,17,182,2,30,61,15,108,14,126,118,32,290,62,82,144,434
05/02/2000,TLH,FL,ASO,ES,Towers with Radar,12,119,74,48,253,0,18,76,5,99,12,137,150,53,352,66,66,132,484
05/03/2000,TLH,FL,ASO,ES,Towers with Radar,12,122,76,22,232,0,0,100,38,138,12,122,176,60,370,82,54,136,506
05/04/2000,TLH,FL,ASO,ES,Towers with Radar,12,115,60,44,231,0,13,102,36,151,12,128,162,80,382,32,62,94,476
05/05/2000,TLH,FL,ASO,ES,Towers with Radar,13,103,61,18,195,0,12,90,51,153,13,115,151,69,348,44,18,62,410
05/06/2000,TLH,FL,ASO,ES,Towers with Radar,8,60,37,0,105,5,0,110,0,115,13,60,147,0,220,68,0,68,288
05/07/2000,TLH,FL,ASO,ES,Towers with Radar,11,69,49,14,143,0,0,101,1,102,11,69,150,15,245,52,8,60,305
05/08/2000,TLH,FL,ASO,ES,Towers with Radar,12,94,55,13,174,0,39,92,0,131,12,133,147,13,305,96,4,100,405
05/09/2000,TLH,FL,ASO,ES,Towers with Radar,12,112,66,19,209,0,20,75,1,96,12,132,141,20,305,42,10,52,357
05/10/2000,TLH,FL,ASO,ES,Towers with Radar,12,115,68,15,210,0,19,82,0,101,12,134,150,15,311,66,6,72,383
05/11/2000,TLH,FL,ASO,ES,Towers with Radar,11,115,68,20,214,0,42,80,3,125,11,157,148,23,339,80,14,94,433
05/12/2000,TLH,FL,ASO,ES,Towers with Radar,13,104,61,12,190,0,15,68,0,83,13,119,129,12,273,50,18,68,341
05/13/2000,TLH,FL,ASO,ES,Towers with Radar,8,61,44,12,125,3,0,73,18,94,11,61,117,30,219,124,34,158,377
05/14/2000,TLH,FL,ASO,ES,Towers with Radar,9,71,42,11,133,0,1,75,0,76,9,72,117,11,209,92,14,106,315
05/15/2000,TLH,FL,ASO,ES,Towers with Radar,9,96,58,16,179,0,22,91,16,129,9,118,149,32,308,84,6,90,398
05/16/2000,TLH,FL,ASO,ES,Towers with Radar,12,117,71,20,220,0,0,123,10,133,12,117,194,30,353,46,8,54,407
05/17/2000,TLH,FL,ASO,ES,Towers with Radar,11,109,86,10,216,0,2,113,5,120,11,111,199,15,336,16,0,16,352
05/18/2000,TLH,FL,ASO,ES,Towers with Radar,12,120,68,10,210,0,4,125,4,133,12,124,193,14,343,92,16,108,451
05/19/2000,TLH,FL,ASO,ES,Towers with Radar,14,119,71,20,224,0,0,87,15,102,14,119,158,35,326,44,56,100,426
05/20/2000,TLH,FL,ASO,ES,Towers with Radar,7,54,38,10,109,4,0,95,3,102,11,54,133,13,211,52,26,78,289
05/21/2000,TLH,FL,ASO,ES,Towers with Radar,9,66,45,12,132,2,0,45,7,54,11,66,90,19,186,44,20,64,250
05/22/2000,TLH,FL,ASO,ES,Towers with Radar,12,105,62,10,189,0,11,52,0,63,12,116,114,10,252,6,4,10,262
05/23/2000,TLH,FL,ASO,ES,Towers with Radar,11,116,69,19,215,0,5,101,3,109,11,121,170,22,324,34,12,46,370
05/24/2000,TLH,FL,ASO,ES,Towers with Radar,12,112,65,18,207,0,19,81,7,107,12,131,146,25,314,60,46,106,420
05/25/2000,TLH,FL,ASO,ES,Towers with Radar,14,115,67,19,215,1,3,106,3,113,15,118,173,22,328,82,2,84,412
05/26/2000,TLH,FL,ASO,ES,Towers with Radar,13,126,64,19,222,0,7,96,4,107,13,133,160,23,329,100,4,104,433
05/27/2000,TLH,FL,ASO,ES,Towers with Radar,7,56,34,0,97,4,0,71,0,75,11,56,105,0,172,46,0,46,218
05/28/2000,TLH,FL,ASO,ES,Towers with Radar,5,44,25,7,81,7,4,46,8,65,12,48,71,15,146,46,20,66,212
05/29/2000,TLH,FL,ASO,ES,Towers with Radar,9,71,47,8,135,3,0,103,0,106,12,71,150,8,241,38,8,46,287
05/30/2000,TLH,FL,ASO,ES,Towers with Radar,10,88,51,8,157,0,27,86,0,113,10,115,137,8,270,82,12,94,364
05/31/2000,TLH,FL,ASO,ES,Towers with Radar,14,121,66,19,220,0,14,92,1,107,14,135,158,20,327,58,24,82,409
06/01/2000,TLH,FL,ASO,ES,Towers with Radar,11,128,64,16,219,0,18,98,3,119,11,146,162,19,338,72,16,88,426
06/02/2000,TLH,FL,ASO,ES,Towers with Radar,11,117,39,15,182,0,6,106,7,119,11,123,145,22,301,62,22,84,385
06/03/2000,TLH,FL,ASO,ES,Towers with Radar,9,69,37,9,124,1,0,59,4,64,10,69,96,13,188,76,30,106,294
06/04/2000,TLH,FL,ASO,ES,Towers with Radar,9,64,38,9,120,2,0,66,13,81,11,64,104,22,201,34,24,58,259
06/05/2000,TLH,FL,ASO,ES,Towers with Radar,11,96,48,11,166,0,23,47,0,70,11,119,95,11,236,52,8,60,296
06/06/2000,TLH,FL,ASO,ES,Towers with Radar,11,107,54,5,177,0,23,78,0,101,11,130,132,5,278,126,0,126,404
06/07/2000,TLH,FL,ASO,ES,Towers with Radar,10,104,53,13,180,0,27,104,0,131,10,131,157,13,311,72,8,80,391
06/08/2000,TLH,FL,ASO,ES,Towers with Radar,13,126,63,16,218,0,25,75,8,108,13,151,138,24,326,156,34,190,516
06/09/2000,TLH,FL,ASO,ES,Towers with Radar,11,118,59,15,203,0,11,99,17,127,11,129,158,32,330,102,0,102,432
06/10/2000,TLH,FL,ASO,ES,Towers with Radar,9,61,41,7,118,3,0,121,0,124,12,61,162,7,242,132,16,148,390
06/11/2000,TLH,FL,ASO,ES,Towers with Radar,8,58,39,10,115,1,0,68,15,84,9,58,107,25,199,74,28,102,301
06/12/2000,TLH,FL,ASO,ES,Towers with Radar,11,93,47,12,163,0,12,31,12,55,11,105,78,24,218,64,40,104,322
06/13/2000,TLH,FL,ASO,ES,Towers with Radar,11,100,51,14,176,1,27,102,10,140,12,127,153,24,316,60,24,84,400
06/14/2000,TLH,FL,ASO,ES,Towers with Radar,11,103,52,14,180,0,19,70,12,101,11,122,122,26,281,70,44,114,395
06/15/2000,TLH,FL,ASO,ES,Towers with Radar,14,120,60,16,210,5,10,84,10,109,19,130,144,26,319,40,24,64,383
06/16/2000,TLH,FL,ASO,ES,Towers with Radar,10,106,53,14,183,0,15,38,1,54,10,121,91,15,237,10,4,14,251
06/17/2000,TLH,FL,ASO,ES,Towers with Radar,7,53,33,8,101,10,0,82,0,92,17,53,115,8,193,24,8,32,225
06/18/2000,TLH,FL,ASO,ES,Towers with Radar,9,72,36,1,118,2,3,44,0,49,11,75,80,1,167,2,0,2,169
06/19/2000,TLH,FL,ASO,ES,Towers with Radar,11,102,52,9,174,0,28,66,0,94,11,130,118,9,268,80,0,80,348
06/20/2000,TLH,FL,ASO,ES,Towers with Radar,12,121,61,16,210,0,3,114,15,132,12,124,175,31,342,96,44,140,482
06/21/2000,TLH,FL,ASO,ES,Towers with Radar,11,112,55,15,193,0,3,68,7,78,11,115,123,22,271,72,20,92,363
06/22/2000,TLH,FL,ASO,ES,Towers with Radar,12,121,60,16,209,0,0,78,2,80,12,121,138,18,289,72,12,84,373
06/23/2000,TLH,FL,ASO,ES,Towers with Radar,11,128,66,12,217,0,0,55,0,55,11,128,121,12,272,50,4,54,326
06/24/2000,TLH,FL,ASO,ES,Towers with Radar,7,51,32,3,93,6,0,45,0,51,13,51,77,3,144,64,0,64,208
06/25/2000,TLH,FL,ASO,ES,Towers with Radar,10,95,48,12,165,3,16,37,1,57,13,111,85,13,222,16,14,30,252
06/26/2000,TLH,FL,ASO,ES,Towers with Radar,10,95,48,12,165,3,16,37,1,57,13,111,85,13,222,16,14,30,252
06/27/2000,TLH,FL,ASO,ES,Towers with Radar,10,98,49,11,168,0,23,45,5,73,10,121,94,16,241,74,10,84,325
06/28/2000,TLH,FL,ASO,ES,Towers with Radar,11,120,60,11,202,0,4,61,0,65,11,124,121,11,267,42,6,48,315
06/29/2000,TLH,FL,ASO,ES,Towers with Radar,11,114,57,13,195,0,9,54,0,63,11,123,111,13,258,6,20,26,284
06/30/2000,TLH,FL,ASO,ES,Towers with Radar,11,118,60,23,212,0,6,51,2,59,11,124,111,25,271,56,18,74,345
07/01/2000,TLH,FL,ASO,ES,Towers with Radar,8,45,28,2,83,1,0,54,0,55,9,45,82,2,138,94,10,104,242
07/02/2000,TLH,FL,ASO,ES,Towers with Radar,7,54,25,0,86,3,0,62,0,65,10,54,87,0,151,52,0,52,203
07/03/2000,TLH,FL,ASO,ES,Towers with Radar,8,61,26,0,95,1,18,64,0,83,9,79,90,0,178,68,0,68,246
07/04/2000,TLH,FL,ASO,ES,Towers with Radar,7,58,24,2,91,5,10,58,0,73,12,68,82,2,164,46,6,52,216
07/05/2000,TLH,FL,ASO,ES,Towers with Radar,10,99,44,9,162,0,17,58,6,81,10,116,102,15,243,66,12,78,321
07/06/2000,TLH,FL,ASO,ES,Towers with Radar,11,108,52,10,181,0,18,63,2,83,11,126,115,12,264,86,16,102,366
07/07/2000,TLH,FL,ASO,ES,Towers with Radar,12,107,47,9,175,0,32,68,0,100,12,139,115,9,275,56,22,78,353
07/08/2000,TLH,FL,ASO,ES,Towers with Radar,9,64,31,6,110,3,0,52,5,60,12,64,83,11,170,40,10,50,220
07/09/2000,TLH,FL,ASO,ES,Towers with Radar,11,75,36,3,125,2,0,62,0,64,13,75,98,3,189,84,0,84,273
07/10/2000,TLH,FL,ASO,ES,Towers with Radar,11,110,49,11,181,0,15,44,13,72,11,125,93,24,253,50,12,62,315
07/11/2000,TLH,FL,ASO,ES,Towers with Radar,11,105,46,10,172,0,14,43,0,57,11,119,89,10,229,28,8,36,265
07/12/2000,TLH,FL,ASO,ES,Towers with Radar,9,113,78,20,220,0,7,32,1,40,9,120,110,21,260,36,0,36,296
07/13/2000,TLH,FL,ASO,ES,Towers with Radar,10,122,54,11,197,0,22,29,8,59,10,144,83,19,256,86,6,92,348
07/14/2000,TLH,FL,ASO,ES,Towers with Radar,12,125,67,6,210,0,0,44,2,46,12,125,111,8,256,36,10,46,302
07/15/2000,TLH,FL,ASO,ES,Towers with Radar,8,49,29,6,92,9,0,81,0,90,17,49,110,6,182,100,8,108,290
07/16/2000,TLH,FL,ASO,ES,Towers with Radar,9,56,32,5,102,2,0,58,8,68,11,56,90,13,170,50,16,66,236
07/17/2000,TLH,FL,ASO,ES,Towers with Radar,12,109,49,9,179,0,11,59,4,74,12,120,108,13,253,66,8,74,327
07/18/2000,TLH,FL,ASO,ES,Towers with Radar,12,131,60,12,215,0,47,54,4,105,12,178,114,16,320,66,4,70,390
07/19/2000,TLH,FL,ASO,ES,Towers with Radar,16,124,57,11,208,2,6,64,18,90,18,130,121,29,298,20,32,52,350
07/20/2000,TLH,FL,ASO,ES,Towers with Radar,16,116,59,8,199,0,0,77,0,77,16,116,136,8,276,66,0,66,342
07/21/2000,TLH,FL,ASO,ES,Towers with Radar,18,110,51,14,193,0,2,63,2,67,18,112,114,16,260,26,12,38,298
07/22/2000,TLH,FL,ASO,ES,Towers with Radar,9,62,33,0,104,4,0,55,0,59,13,62,88,0,163,56,0,56,219
07/23/2000,TLH,FL,ASO,ES,Towers with Radar,9,64,31,1,105,1,0,30,0,31,10,64,61,1,136,50,0,50,186
07/24/2000,TLH,FL,ASO,ES,Towers with Radar,11,96,44,8,159,0,25,27,4,56,11,121,71,12,215,46,2,48,263
07/25/2000,TLH,FL,ASO,ES,Towers with Radar,10,106,49,3,168,0,12,47,0,59,10,118,96,3,227,12,0,12,239
07/26/2000,TLH,FL,ASO,ES,Towers with Radar,12,115,56,12,195,0,0,65,7,72,12,115,121,19,267,32,26,58,325
07/27/2000,TLH,FL,ASO,ES,Towers with Radar,11,114,52,11,188,0,8,59,3,70,11,122,111,14,258,96,34,130,388
07/28/2000,TLH,FL,ASO,ES,Towers with Radar,9,126,60,13,208,0,0,67,14,81,9,126,127,27,289,58,20,78,367
07/29/2000,TLH,FL,ASO,ES,Towers with Radar,8,58,29,4,99,4,0,54,0,58,12,58,83,4,157,88,0,88,245
07/30/2000,TLH,FL,ASO,ES,Towers with Radar,9,62,33,4,108,1,0,40,0,41,10,62,73,4,149,42,0,42,191
07/31/2000,TLH,FL,ASO,ES,Towers with Radar,10,96,44,5,155,0,19,24,0,43,10,115,68,5,198,8,0,8,206
08/01/2000,TLH,FL,ASO,ES,Towers with Radar,12,124,29,4,169,0,2,30,1,33,12,126,59,5,202,54,8,62,264
08/02/2000,TLH,FL,ASO,ES,Towers with Radar,9,100,44,6,159,0,19,29,0,48,9,119,73,6,207,70,6,76,283
08/03/2000,TLH,FL,ASO,ES,Towers with Radar,12,104,46,5,167,0,16,23,0,39,12,120,69,5,206,64,8,72,278
08/04/2000,TLH,FL,ASO,ES,Towers with Radar,10,112,49,15,186,0,7,18,2,27,10,119,67,17,213,28,0,28,241
08/05/2000,TLH,FL,ASO,ES,Towers with Radar,10,64,35,0,109,2,0,85,0,87,12,64,120,0,196,114,0,114,310
08/06/2000,TLH,FL,ASO,ES,Towers with Radar,7,61,27,5,100,4,20,39,0,63,11,81,66,5,163,94,48,142,305
08/07/2000,TLH,FL,ASO,ES,Towers with Radar,13,112,49,9,183,0,2,50,4,56,13,114,99,13,239,52,12,64,303
08/08/2000,TLH,FL,ASO,ES,Towers with Radar,12,114,50,15,191,0,4,82,20,106,12,118,132,35,297,54,16,70,367
08/09/2000,TLH,FL,ASO,ES,Towers with Radar,10,115,51,16,192,0,3,67,7,77,10,118,118,23,269,8,0,8,277
08/10/2000,TLH,FL,ASO,ES,Towers with Radar,10,117,72,9,208,0,2,55,0,57,10,119,127,9,265,44,40,84,349
08/11/2000,TLH,FL,ASO,ES,Towers with Radar,10,115,52,15,192,0,20,47,0,67,10,135,99,15,259,38,4,42,301
08/12/2000,TLH,FL,ASO,ES,Towers with Radar,7,58,28,2,95,4,0,26,0,30,11,58,54,2,125,38,2,40,165
08/13/2000,TLH,FL,ASO,ES,Towers with Radar,8,67,31,8,114,4,0,53,0,57,12,67,84,8,171,68,0,68,239
08/14/2000,TLH,FL,ASO,ES,Towers with Radar,14,111,53,15,193,2,0,68,8,78,16,111,121,23,271,88,26,114,385
08/15/2000,TLH,FL,ASO,ES,Towers with Radar,12,121,61,44,238,0,2,69,6,77,12,123,130,50,315,48,74,122,437
08/16/2000,TLH,FL,ASO,ES,Towers with Radar,13,115,52,15,195,7,12,46,0,65,20,127,98,15,260,50,20,70,330
08/17/2000,TLH,FL,ASO,ES,Towers with Radar,11,118,54,15,198,0,0,86,13,99,11,118,140,28,297,88,54,142,439
08/18/2000,TLH,FL,ASO,ES,Towers with Radar,11,118,55,16,200,0,0,42,42,84,11,118,97,58,284,82,34,116,400
08/19/2000,TLH,FL,ASO,ES,Towers with Radar,8,62,32,5,107,5,0,44,0,49,13,62,76,5,156,98,30,128,284
08/20/2000,TLH,FL,ASO,ES,Towers with Radar,8,66,31,9,114,3,0,9,5,17,11,66,40,14,131,60,4,64,195
08/21/2000,TLH,FL,ASO,ES,Towers with Radar,12,114,51,10,187,1,4,27,0,32,13,118,78,10,219,14,6,20,239
08/22/2000,TLH,FL,ASO,ES,Towers with Radar,11,122,53,15,201,0,15,36,20,71,11,137,89,35,272,54,38,92,364
08/23/2000,TLH,FL,ASO,ES,Towers with Radar,10,116,51,15,192,0,7,94,14,115,10,123,145,29,307,104,14,118,425
08/24/2000,TLH,FL,ASO,ES,Towers with Radar,10,121,59,17,207,0,0,85,18,103,10,121,144,35,310,88,68,156,466
08/25/2000,TLH,FL,ASO,ES,Towers with Radar,11,117,51,14,193,0,1,45,1,47,11,118,96,15,240,76,22,98,338
08/26/2000,TLH,FL,ASO,ES,Towers with Radar,6,57,25,5,93,4,0,57,0,61,10,57,82,5,154,70,10,80,234
08/27/2000,TLH,FL,ASO,ES,Towers with Radar,9,64,32,3,108,3,0,76,0,79,12,64,108,3,187,46,0,46,233
08/28/2000,TLH,FL,ASO,ES,Towers with Radar,12,113,49,14,188,2,12,47,12,73,14,125,96,26,261,54,20,74,335
08/29/2000,TLH,FL,ASO,ES,Towers with Radar,12,112,49,15,188,1,13,62,1,77,13,125,111,16,265,30,22,52,317
08/30/2000,TLH,FL,ASO,ES,Towers with Radar,12,123,54,17,206,0,6,64,14,84,12,129,118,31,290,74,28,102,392
08/31/2000,TLH,FL,ASO,ES,Towers with Radar,11,128,57,18,214,0,0,63,16,79,11,128,120,34,293,126,8,134,427
09/01/2000,TLH,FL,ASO,ES,Towers with Radar,10,115,52,4,181,0,7,35,0,42,10,122,87,4,223,34,0,34,257
09/02/2000,TLH,FL,ASO,ES,Towers with Radar,9,56,34,0,99,3,7,12,0,22,12,63,46,0,121,82,0,82,203
09/03/2000,TLH,FL,ASO,ES,Towers with Radar,8,49,31,4,92,4,0,7,0,11,12,49,38,4,103,46,0,46,149
09/04/2000,TLH,FL,ASO,ES,Towers with Radar,11,80,47,8,146,1,1,24,3,29,12,81,71,11,175,22,8,30,205
09/05/2000,TLH,FL,ASO,ES,Towers with Radar,11,103,60,4,178,0,21,7,0,28,11,124,67,4,206,6,0,6,212
09/06/2000,TLH,FL,ASO,ES,Towers with Radar,10,125,54,2,191,0,3,1,0,4,10,128,55,2,195,0,0,0,195
09/07/2000,TLH,FL,ASO,ES,Towers with Radar,18,117,46,0,181,0,10,2,1,13,18,127,48,1,194,22,0,22,216
09/08/2000,TLH,FL,ASO,ES,Towers with Radar,13,124,65,9,211,0,10,32,3,45,13,134,97,12,256,82,8,90,346
09/09/2000,TLH,FL,ASO,ES,Towers with Radar,9,62,41,2,114,4,0,37,0,41,13,62,78,2,155,80,0,80,235
09/10/2000,TLH,FL,ASO,ES,Towers with Radar,9,64,41,7,121,5,0,60,0,65,14,64,101,7,186,60,6,66,252
09/11/2000,TLH,FL,ASO,ES,Towers with Radar,11,106,63,11,191,0,27,44,25,96,11,133,107,36,287,50,24,74,361
09/12/2000,TLH,FL,ASO,ES,Towers with Radar,12,111,65,12,200,0,22,66,3,91,12,133,131,15,291,124,18,142,433
09/13/2000,TLH,FL,ASO,ES,Towers with Radar,11,112,65,12,200,0,21,40,15,76,11,133,105,27,276,48,22,70,346
09/14/2000,TLH,FL,ASO,ES,Towers with Radar,15,121,67,26,229,0,6,72,11,89,15,127,139,37,318,98,30,128,446
09/15/2000,TLH,FL,ASO,ES,Towers with Radar,14,109,76,16,215,0,15,60,2,77,14,124,136,18,292,102,12,114,406
09/16/2000,TLH,FL,ASO,ES,Towers with Radar,10,67,46,2,125,6,0,94,0,100,16,67,140,2,225,90,0,90,315
09/17/2000,TLH,FL,ASO,ES,Towers with Radar,4,18,17,2,41,10,0,2,0,12,14,18,19,2,53,0,0,0,53
09/18/2000,TLH,FL,ASO,ES,Towers with Radar,11,102,58,11,182,0,15,23,17,55,11,117,81,28,237,34,6,40,277
09/19/2000,TLH,FL,ASO,ES,Towers with Radar,12,126,72,13,223,0,12,78,5,95,12,138,150,18,318,48,30,78,396
09/20/2000,TLH,FL,ASO,ES,Towers with Radar,13,114,65,11,203,0,10,47,0,57,13,124,112,11,260,36,18,54,314
09/21/2000,TLH,FL,ASO,ES,Towers with Radar,11,111,61,6,189,0,6,16,0,22,11,117,77,6,211,4,6,10,221
09/22/2000,TLH,FL,ASO,ES,Towers with Radar,8,68,19,0,95,0,2,6,0,8,8,70,25,0,103,0,0,0,103
09/23/2000,TLH,FL,ASO,ES,Towers with Radar,12,56,51,0,119,0,0,22,0,22,12,56,73,0,141,28,0,28,169
09/24/2000,TLH,FL,ASO,ES,Towers with Radar,11,65,46,8,130,2,0,59,2,63,13,65,105,10,193,50,8,58,251
09/25/2000,TLH,FL,ASO,ES,Towers with Radar,11,104,56,29,200,0,6,55,1,62,11,110,111,30,262,60,18,78,340
09/26/2000,TLH,FL,ASO,ES,Towers with Radar,11,119,69,13,212,0,0,70,12,82,11,119,139,25,294,72,16,88,382
09/27/2000,TLH,FL,ASO,ES,Towers with Radar,13,112,59,8,192,0,2,72,8,82,13,114,131,16,274,42,2,44,318
09/28/2000,TLH,FL,ASO,ES,Towers with Radar,13,116,67,10,206,0,0,66,0,66,13,116,133,10,272,84,8,92,364
09/29/2000,TLH,FL,ASO,ES,Towers with Radar,11,135,77,13,236,0,2,79,8,89,11,137,156,21,325,80,20,100,425
09/30/2000,TLH,FL,ASO,ES,Towers with Radar,9,63,37,1,110,5,1,54,0,60,14,64,91,1,170,122,0,122,292
10/01/2000,TLH,FL,ASO,ES,Towers with Radar,10,60,45,0,115,1,0,66,2,69,11,60,111,2,184,52,0,52,236
10/02/2000,TLH,FL,ASO,ES,Towers with Radar,10,98,50,15,173,0,20,67,1,88,10,118,117,16,261,62,9,71,332
10/03/2000,TLH,FL,ASO,ES,Towers with Radar,11,109,55,17,192,2,7,58,31,98,13,116,113,48,290,42,33,75,365
10/04/2000,TLH,FL,ASO,ES,Towers with Radar,10,115,47,23,195,1,1,68,3,73,11,116,115,26,268,72,24,96,364
10/05/2000,TLH,FL,ASO,ES,Towers with Radar,9,123,56,28,216,1,0,65,5,71,10,123,121,33,287,44,20,64,351
10/06/2000,TLH,FL,ASO,ES,Towers with Radar,16,104,59,15,194,1,0,31,5,37,17,104,90,20,231,4,0,4,235
10/07/2000,TLH,FL,ASO,ES,Towers with Radar,12,66,33,0,111,1,2,50,3,56,13,68,83,3,167,70,0,70,237
10/08/2000,TLH,FL,ASO,ES,Towers with Radar,10,65,45,8,128,1,0,46,2,49,11,65,91,10,177,34,8,42,219
10/09/2000,TLH,FL,ASO,ES,Towers with Radar,9,90,47,4,150,2,12,42,0,56,11,102,89,4,206,47,4,51,257
10/10/2000,TLH,FL,ASO,ES,Towers with Radar,10,116,60,17,203,0,23,76,4,103,10,139,136,21,306,158,16,174,480
10/11/2000,TLH,FL,ASO,ES,Towers with Radar,11,121,68,26,226,1,0,88,7,96,12,121,156,33,322,26,20,46,368
10/12/2000,TLH,FL,ASO,ES,Towers with Radar,12,117,61,12,202,0,12,79,0,91,12,129,140,12,293,150,6,156,449
10/13/2000,TLH,FL,ASO,ES,Towers with Radar,14,126,54,16,210,0,0,93,3,96,14,126,147,19,306,72,33,105,411
10/14/2000,TLH,FL,ASO,ES,Towers with Radar,11,60,41,4,116,0,0,77,2,79,11,60,118,6,195,88,6,94,289
10/15/2000,TLH,FL,ASO,ES,Towers with Radar,9,72,39,3,123,4,0,128,0,132,13,72,167,3,255,100,0,100,355
10/16/2000,TLH,FL,ASO,ES,Towers with Radar,10,94,48,12,164,0,20,65,0,85,10,114,113,12,249,32,4,36,285
10/17/2000,TLH,FL,ASO,ES,Towers with Radar,11,123,65,16,215,0,0,84,0,84,11,123,149,16,299,42,24,66,365
10/18/2000,TLH,FL,ASO,ES,Towers with Radar,13,123,63,19,218,0,6,57,10,73,13,129,120,29,291,28,16,44,335
10/19/2000,TLH,FL,ASO,ES,Towers with Radar,12,115,78,35,240,0,0,79,3,82,12,115,157,38,322,42,24,66,388
10/20/2000,TLH,FL,ASO,ES,Towers with Radar,13,133,60,34,240,0,4,70,8,82,13,137,130,42,322,107,26,133,455
10/21/2000,TLH,FL,ASO,ES,Towers with Radar,13,76,67,5,161,0,0,93,1,94,13,76,160,6,255,86,16,102,357
10/22/2000,TLH,FL,ASO,ES,Towers with Radar,12,69,60,13,154,0,0,81,1,82,12,69,141,14,236,100,20,120,356
10/23/2000,TLH,FL,ASO,ES,Towers with Radar,10,125,64,19,218,0,3,25,23,51,10,128,89,42,269,24,56,80,349
10/24/2000,TLH,FL,ASO,ES,Towers with Radar,16,120,63,25,224,0,13,60,7,80,16,133,123,32,304,41,48,89,393
10/25/2000,TLH,FL,ASO,ES,Towers with Radar,12,120,58,31,221,0,10,78,3,91,12,130,136,34,312,37,14,51,363
10/26/2000,TLH,FL,ASO,ES,Towers with Radar,11,127,58,7,203,0,5,56,4,65,11,132,114,11,268,66,24,90,358
10/27/2000,TLH,FL,ASO,ES,Towers with Radar,15,134,76,39,264,0,0,61,5,66,15,134,137,44,330,43,42,85,415
10/28/2000,TLH,FL,ASO,ES,Towers with Radar,15,57,43,0,115,0,0,55,2,57,15,57,98,2,172,38,2,40,212
10/29/2000,TLH,FL,ASO,ES,Towers with Radar,11,63,41,27,142,0,0,45,11,56,11,63,86,38,198,50,50,100,298
10/30/2000,TLH,FL,ASO,ES,Towers with Radar,11,100,51,10,172,0,17,35,0,52,11,117,86,10,224,38,4,42,266
10/31/2000,TLH,FL,ASO,ES,Towers with Radar,11,100,51,11,173,0,27,45,0,72,11,127,96,11,245,38,8,46,291
11/01/2000,TLH,FL,ASO,ES,Towers with Radar,14,126,71,20,231,1,11,46,1,59,15,137,117,21,290,52,14,66,356
11/02/2000,TLH,FL,ASO,ES,Towers with Radar,11,114,65,26,216,1,1,51,3,56,12,115,116,29,272,12,22,34,306
11/03/2000,TLH,FL,ASO,ES,Towers with Radar,13,112,90,30,245,1,0,54,0,55,14,112,144,30,300,56,38,94,394
11/04/2000,TLH,FL,ASO,ES,Towers with Radar,9,68,111,17,205,1,2,142,0,145,10,70,253,17,350,42,12,54,404
11/05/2000,TLH,FL,ASO,ES,Towers with Radar,10,71,96,40,217,1,0,79,0,80,11,71,175,40,297,28,30,58,355
11/06/2000,TLH,FL,ASO,ES,Towers with Radar,7,124,42,14,187,1,0,25,0,26,8,124,67,14,213,28,6,34,247
11/07/2000,TLH,FL,ASO,ES,Towers with Radar,9,128,68,39,244,1,0,37,1,39,10,128,105,40,283,46,44,90,373
11/08/2000,TLH,FL,ASO,ES,Towers with Radar,8,129,81,21,239,0,0,30,0,30,8,129,111,21,269,6,16,22,291
11/09/2000,TLH,FL,ASO,ES,Towers with Radar,12,131,50,3,196,0,2,15,3,20,12,133,65,6,216,0,0,0,216
11/10/2000,TLH,FL,ASO,ES,Towers with Radar,13,119,51,12,195,0,0,58,3,61,13,119,109,15,256,82,14,96,352
11/11/2000,TLH,FL,ASO,ES,Towers with Radar,11,66,43,25,145,0,0,86,1,87,11,66,129,26,232,42,14,56,288
11/12/2000,TLH,FL,ASO,ES,Towers with Radar,10,76,40,6,132,0,0,74,0,74,10,76,114,6,206,48,0,48,254
11/13/2000,TLH,FL,ASO,ES,Towers with Radar,9,95,58,17,179,1,32,61,2,96,10,127,119,19,275,38,14,52,327
11/14/2000,TLH,FL,ASO,ES,Towers with Radar,8,103,63,18,192,0,26,5,1,32,8,129,68,19,224,57,19,76,300
11/15/2000,TLH,FL,ASO,ES,Towers with Radar,11,120,74,20,225,0,12,57,0,69,11,132,131,20,294,16,16,32,326
11/16/2000,TLH,FL,ASO,ES,Towers with Radar,9,131,51,22,213,0,1,58,0,59,9,132,109,22,272,40,26,66,338
11/17/2000,TLH,FL,ASO,ES,Towers with Radar,11,142,91,41,285,0,9,20,12,41,11,151,111,53,326,2,28,30,356
11/18/2000,TLH,FL,ASO,ES,Towers with Radar,10,79,124,4,217,0,1,45,0,46,10,80,169,4,263,4,14,18,281
11/19/2000,TLH,FL,ASO,ES,Towers with Radar,10,89,146,12,257,0,0,7,0,7,10,89,153,12,264,0,0,0,264
11/20/2000,TLH,FL,ASO,ES,Towers with Radar,8,125,75,6,214,0,0,70,0,70,8,125,145,6,284,38,26,64,348
11/21/2000,TLH,FL,ASO,ES,Towers with Radar,10,131,64,27,232,0,0,80,4,84,10,131,144,31,316,16,26,42,358
11/22/2000,TLH,FL,ASO,ES,Towers with Radar,10,120,80,7,217,0,1,105,0,106,10,121,185,7,323,40,8,48,371
11/23/2000,TLH,FL,ASO,ES,Towers with Radar,7,78,21,0,106,0,4,57,0,61,7,82,78,0,167,12,0,12,179
11/24/2000,TLH,FL,ASO,ES,Towers with Radar,11,52,20,4,87,0,0,19,0,19,11,52,39,4,106,4,8,12,118
11/25/2000,TLH,FL,ASO,ES,Towers with Radar,21,55,19,0,95,0,0,16,0,16,21,55,35,0,111,2,0,2,113
11/26/2000,TLH,FL,ASO,ES,Towers with Radar,9,80,73,0,162,0,0,56,0,56,9,80,129,0,218,28,0,28,246
11/27/2000,TLH,FL,ASO,ES,Towers with Radar,9,124,78,21,232,0,3,53,8,64,9,127,131,29,296,52,20,72,368
11/28/2000,TLH,FL,ASO,ES,Towers with Radar,13,119,78,21,231,2,0,78,14,94,15,119,156,35,325,34,40,74,399
11/29/2000,TLH,FL,ASO,ES,Towers with Radar,9,124,78,21,232,0,4,59,12,75,9,128,137,33,307,50,46,96,403
11/30/2000,TLH,FL,ASO,ES,Towers with Radar,8,114,63,14,199,0,8,84,0,92,8,122,147,14,291,28,20,48,339
12/01/2000,TLH,FL,ASO,ES,Towers with Radar,8,127,57,36,228,1,7,77,16,101,9,134,134,52,329,40,102,142,471
12/02/2000,TLH,FL,ASO,ES,Towers with Radar,7,71,41,8,127,3,3,63,0,69,10,74,104,8,196,36,15,51,247
12/03/2000,TLH,FL,ASO,ES,Towers with Radar,8,75,51,14,148,0,0,42,1,43,8,75,93,15,191,10,16,26,217
12/04/2000,TLH,FL,ASO,ES,Towers with Radar,10,116,67,12,205,0,1,37,1,39,10,117,104,13,244,24,18,42,286
12/05/2000,TLH,FL,ASO,ES,Towers with Radar,10,121,75,23,229,0,5,45,4,54,10,126,120,27,283,18,18,36,319
12/06/2000,TLH,FL,ASO,ES,Towers with Radar,9,116,54,33,212,0,12,79,3,94,9,128,133,36,306,53,20,73,379
12/07/2000,TLH,FL,ASO,ES,Towers with Radar,10,130,83,48,271,0,7,53,2,62,10,137,136,50,333,84,64,148,481
12/08/2000,TLH,FL,ASO,ES,Towers with Radar,11,115,55,32,213,0,4,55,3,62,11,119,110,35,275,46,60,106,381
12/09/2000,TLH,FL,ASO,ES,Towers with Radar,11,70,58,9,148,0,2,46,2,50,11,72,104,11,198,50,8,58,256
12/10/2000,TLH,FL,ASO,ES,Towers with Radar,11,73,61,30,175,0,1,0,1,2,11,74,61,31,177,0,8,8,185
12/11/2000,TLH,FL,ASO,ES,Towers with Radar,8,98,57,15,178,0,5,24,0,29,8,103,81,15,207,0,9,9,216
12/12/2000,TLH,FL,ASO,ES,Towers with Radar,13,113,65,18,209,1,2,10,11,24,14,115,75,29,233,5,16,21,254
12/13/2000,TLH,FL,ASO,ES,Towers with Radar,9,118,67,46,240,0,4,10,1,15,9,122,77,47,255,28,66,94,349
12/14/2000,TLH,FL,ASO,ES,Towers with Radar,13,98,75,2,188,0,1,1,1,3,13,99,76,3,191,0,0,0,191
12/15/2000,TLH,FL,ASO,ES,Towers with Radar,10,117,55,22,204,0,1,0,1,2,10,118,55,23,206,0,8,8,214
12/16/2000,TLH,FL,ASO,ES,Towers with Radar,12,64,17,0,93,0,1,0,1,2,12,65,17,1,95,2,0,2,97
12/17/2000,TLH,FL,ASO,ES,Towers with Radar,7,67,44,6,124,0,0,65,0,65,7,67,109,6,189,6,0,6,195
12/18/2000,TLH,FL,ASO,ES,Towers with Radar,13,111,64,22,210,0,15,81,10,106,13,126,145,32,316,56,28,84,400
12/19/2000,TLH,FL,ASO,ES,Towers with Radar,25,102,78,25,230,0,1,23,0,24,25,103,101,25,254,24,24,48,302
12/20/2000,TLH,FL,ASO,ES,Towers with Radar,9,114,60,16,199,0,3,87,18,108,9,117,147,34,307,67,10,77,384
12/21/2000,TLH,FL,ASO,ES,Towers with Radar,4,107,47,23,181,0,4,74,2,80,4,111,121,25,261,46,30,76,337
12/22/2000,TLH,FL,ASO,ES,Towers with Radar,9,112,53,1,175,0,10,36,6,52,9,122,89,7,227,98,22,120,347
12/23/2000,TLH,FL,ASO,ES,Towers with Radar,11,49,26,0,86,0,0,58,0,58,11,49,84,0,144,20,0,20,164
12/24/2000,TLH,FL,ASO,ES,Towers with Radar,10,41,20,0,71,0,4,25,0,29,10,45,45,0,100,28,0,28,128
12/25/2000,TLH,FL,ASO,ES,Towers with Radar,7,49,14,0,70,0,1,19,0,20,7,50,33,0,90,0,0,0,90
12/26/2000,TLH,FL,ASO,ES,Towers with Radar,5,101,42,1,149,0,5,54,2,61,5,106,96,3,210,12,0,12,222
12/27/2000,TLH,FL,ASO,ES,Towers with Radar,9,104,37,19,169,0,12,34,5,51,9,116,71,24,220,40,28,68,288
12/28/2000,TLH,FL,ASO,ES,Towers with Radar,10,112,28,0,150,0,0,0,0,0,10,112,28,0,150,0,0,0,150
12/29/2000,TLH,FL,ASO,ES,Towers with Radar,16,111,86,1,214,0,1,38,1,40,16,112,124,2,254,20,0,20,274
12/30/2000,TLH,FL,ASO,ES,Towers with Radar,10,44,45,0,99,0,8,65,0,73,10,52,110,0,172,26,0,26,198
12/31/2000,TLH,FL,ASO,ES,Towers with Radar,9,42,20,0,71,0,2,48,0,50,9,44,68,0,121,36,0,36,157
01/01/2001,TLH,FL,ASO,ES,Towers with Radar,5,52,28,0,85,3,4,27,0,34,8,56,55,0,119,26,0,26,145
01/02/2001,TLH,FL,ASO,ES,Towers with Radar,9,115,61,3,188,0,8,32,0,40,9,123,93,3,228,32,0,32,260
01/03/2001,TLH,FL,ASO,ES,Towers with Radar,10,115,61,16,202,0,4,63,0,67,10,119,124,16,269,30,10,40,309
01/04/2001,TLH,FL,ASO,ES,Towers with Radar,11,123,43,22,199,1,3,74,3,81,12,126,117,25,280,44,40,84,364
01/05/2001,TLH,FL,ASO,ES,Towers with Radar,10,114,47,26,197,0,5,60,10,75,10,119,107,36,272,60,40,100,372
01/06/2001,TLH,FL,ASO,ES,Towers with Radar,11,56,46,1,114,0,2,99,3,104,11,58,145,4,218,100,2,102,320
01/07/2001,TLH,FL,ASO,ES,Towers with Radar,11,68,50,4,133,0,0,52,5,57,11,68,102,9,190,48,8,56,246
01/08/2001,TLH,FL,ASO,ES,Towers with Radar,10,114,70,0,194,0,13,25,0,38,10,127,95,0,232,24,0,24,256
01/09/2001,TLH,FL,ASO,ES,Towers with Radar,9,116,60,15,200,0,22,44,4,70,9,138,104,19,270,29,24,53,323
01/10/2001,TLH,FL,ASO,ES,Towers with Radar,10,128,54,28,220,0,10,77,4,91,10,138,131,32,311,50,20,70,381
01/11/2001,TLH,FL,ASO,ES,Towers with Radar,11,137,73,27,248,0,8,36,3,47,11,145,109,30,295,44,28,72,367
01/12/2001,TLH,FL,ASO,ES,Towers with Radar,10,114,61,26,211,0,0,23,1,24,10,114,84,27,235,10,16,26,261
01/13/2001,TLH,FL,ASO,ES,Towers with Radar,7,64,36,0,107,5,0,43,0,48,12,64,79,0,155,12,0,12,167
01/14/2001,TLH,FL,ASO,ES,Towers with Radar,9,69,19,2,99,0,0,49,6,55,9,69,68,8,154,50,14,64,218
01/15/2001,TLH,FL,ASO,ES,Towers with Radar,11,85,39,16,151,0,9,48,1,58,11,94,87,17,209,38,14,52,261
01/16/2001,TLH,FL,ASO,ES,Towers with Radar,9,114,61,18,202,0,16,33,6,55,9,130,94,24,257,62,4,66,323
01/17/2001,TLH,FL,ASO,ES,Towers with Radar,10,115,65,19,209,0,0,51,23,74,10,115,116,42,283,8,26,34,317
01/18/2001,TLH,FL,ASO,ES,Towers with Radar,7,120,77,47,251,0,0,46,6,52,7,120,123,53,303,58,68,126,429
01/19/2001,TLH,FL,ASO,ES,Towers with Radar,10,111,42,2,165,0,1,9,1,11,10,112,51,3,176,20,4,24,200
01/20/2001,TLH,FL,ASO,ES,Towers with Radar,8,55,38,7,108,1,0,42,0,43,9,55,80,7,151,38,4,42,193
01/21/2001,TLH,FL,ASO,ES,Towers with Radar,8,70,43,3,124,0,0,85,2,87,8,70,128,5,211,76,2,78,289
01/22/2001,TLH,FL,ASO,ES,Towers with Radar,10,105,60,14,189,0,1,67,4,72,10,106,127,18,261,50,12,62,323
01/23/2001,TLH,FL,ASO,ES,Towers with Radar,11,109,58,17,195,1,9,85,10,105,12,118,143,27,300,64,24,88,388
01/24/2001,TLH,FL,ASO,ES,Towers with Radar,10,116,70,30,226,0,1,93,3,97,10,117,163,33,323,100,16,116,439
01/25/2001,TLH,FL,ASO,ES,Towers with Radar,10,118,72,12,212,0,4,89,11,104,10,122,161,23,316,28,10,38,354
01/26/2001,TLH,FL,ASO,ES,Towers with Radar,10,113,69,39,231,0,0,95,8,103,10,113,164,47,334,60,52,112,446
01/27/2001,TLH,FL,ASO,ES,Towers with Radar,11,58,43,3,115,0,13,86,1,100,11,71,129,4,215,59,2,61,276
01/28/2001,TLH,FL,ASO,ES,Towers with Radar,11,62,33,13,119,0,8,59,5,72,11,70,92,18,191,56,8,64,255
01/29/2001,TLH,FL,ASO,ES,Towers with Radar,10,103,52,17,182,0,3,39,1,43,10,106,91,18,225,33,16,49,274
01/30/2001,TLH,FL,ASO,ES,Towers with Radar,9,111,59,14,193,0,10,57,0,67,9,121,116,14,260,48,6,54,314
01/31/2001,TLH,FL,ASO,ES,Towers with Radar,10,102,55,10,177,0,16,7,0,23,10,118,62,10,200,2,4,6,206
02/01/2001,TLH,FL,ASO,ES,Towers with Radar,9,124,84,22,239,1,0,40,3,44,10,124,124,25,283,72,26,98,381
02/02/2001,TLH,FL,ASO,ES,Towers with Radar,13,118,78,39,248,1,10,38,10,59,14,128,116,49,307,50,32,82,389
02/03/2001,TLH,FL,ASO,ES,Towers with Radar,11,65,46,3,125,1,6,80,5,92,12,71,126,8,217,88,0,88,305
02/04/2001,TLH,FL,ASO,ES,Towers with Radar,9,69,64,23,165,1,5,43,3,52,10,74,107,26,217,86,18,104,321
02/05/2001,TLH,FL,ASO,ES,Towers with Radar,12,127,77,18,234,1,33,58,9,101,13,160,135,27,335,16,2,18,353
02/06/2001,TLH,FL,ASO,ES,Towers with Radar,10,111,71,20,212,1,22,75,1,99,11,133,146,21,311,38,18,56,367
02/07/2001,TLH,FL,ASO,ES,Towers with Radar,11,129,75,7,222,0,4,68,3,75,11,133,143,10,297,58,4,62,359
02/08/2001,TLH,FL,ASO,ES,Towers with Radar,11,126,94,18,249,0,1,84,4,89,11,127,178,22,338,60,16,76,414
02/09/2001,TLH,FL,ASO,ES,Towers with Radar,12,117,49,45,223,0,11,54,11,76,12,128,103,56,299,44,26,70,369
02/10/2001,TLH,FL,ASO,ES,Towers with Radar,12,59,42,0,113,0,1,3,0,4,12,60,45,0,117,0,0,0,117
02/11/2001,TLH,FL,ASO,ES,Towers with Radar,9,72,53,13,147,1,0,60,0,61,10,72,113,13,208,44,22,66,274
02/12/2001,TLH,FL,ASO,ES,Towers with Radar,10,115,50,25,200,0,0,2,1,3,10,115,52,26,203,0,26,26,229
02/13/2001,TLH,FL,ASO,ES,Towers with Radar,9,117,50,8,184,0,0,24,2,26,9,117,74,10,210,41,12,53,263
02/14/2001,TLH,FL,ASO,ES,Towers with Radar,9,115,55,14,193,0,0,20,4,24,9,115,75,18,217,8,2,10,227
02/15/2001,TLH,FL,ASO,ES,Towers with Radar,13,108,65,6,192,0,1,25,1,27,13,109,90,7,219,36,2,38,257
02/16/2001,TLH,FL,ASO,ES,Towers with Radar,9,114,72,20,215,0,0,19,7,26,9,114,91,27,241,36,14,50,291
02/17/2001,TLH,FL,ASO,ES,Towers with Radar,5,58,63,8,134,0,1,37,0,38,5,59,100,8,172,42,6,48,220
02/18/2001,TLH,FL,ASO,ES,Towers with Radar,11,66,45,2,124,0,2,75,0,77,11,68,120,2,201,20,0,20,221
02/19/2001,TLH,FL,ASO,ES,Towers with Radar,10,108,69,20,207,0,2,77,12,91,10,110,146,32,298,10,8,18,316
02/20/2001,TLH,FL,ASO,ES,Towers with Radar,12,120,84,22,238,0,0,94,0,94,12,120,178,22,332,18,6,24,356
02/21/2001,TLH,FL,ASO,ES,Towers with Radar,7,118,98,29,252,0,4,60,3,67,7,122,158,32,319,36,28,64,383
02/22/2001,TLH,FL,ASO,ES,Towers with Radar,10,120,90,38,258,0,3,36,0,39,10,123,126,38,297,49,28,77,374
02/23/2001,TLH,FL,ASO,ES,Towers with Radar,10,133,93,26,262,0,0,53,17,70,10,133,146,43,332,78,72,150,482
02/24/2001,TLH,FL,ASO,ES,Towers with Radar,7,60,38,6,111,3,2,51,0,56,10,62,89,6,167,52,4,56,223
02/25/2001,TLH,FL,ASO,ES,Towers with Radar,13,80,64,18,175,0,1,30,0,31,13,81,94,18,206,14,14,28,234
02/26/2001,TLH,FL,ASO,ES,Towers with Radar,10,123,79,19,231,0,4,35,0,39,10,127,114,19,270,8,0,8,278
02/27/2001,TLH,FL,ASO,ES,Towers with Radar,11,110,71,20,212,0,29,55,21,105,11,139,126,41,317,82,28,110,427
02/28/2001,TLH,FL,ASO,ES,Towers with Radar,11,122,89,28,250,0,19,48,2,69,11,141,137,30,319,10,18,28,347
03/01/2001,TLH,FL,ASO,ES,Towers with Radar,10,146,99,25,280,0,3,31,5,39,10,149,130,30,319,14,32,46,365
03/02/2001,TLH,FL,ASO,ES,Towers with Radar,9,137,44,36,226,0,1,29,4,34,9,138,73,40,260,40,38,78,338
03/03/2001,TLH,FL,ASO,ES,Towers with Radar,13,68,25,0,106,0,1,2,2,5,13,69,27,2,111,0,0,0,111
03/04/2001,TLH,FL,ASO,ES,Towers with Radar,10,70,38,0,118,0,11,20,2,33,10,81,58,2,151,6,0,6,157
03/05/2001,TLH,FL,ASO,ES,Towers with Radar,15,116,73,33,237,0,17,32,6,55,15,133,105,39,292,16,8,24,316
03/06/2001,TLH,FL,ASO,ES,Towers with Radar,9,122,55,12,198,0,21,63,2,86,9,143,118,14,284,12,8,20,304
03/07/2001,TLH,FL,ASO,ES,Towers with Radar,12,135,73,30,250,0,5,92,4,101,12,140,165,34,351,80,20,100,451
03/08/2001,TLH,FL,ASO,ES,Towers with Radar,10,106,66,16,198,0,5,62,0,67,10,111,128,16,265,34,18,52,317
03/09/2001,TLH,FL,ASO,ES,Towers with Radar,9,127,50,11,197,0,13,23,2,38,9,140,73,13,235,12,8,20,255
03/10/2001,TLH,FL,ASO,ES,Towers with Radar,12,66,43,1,122,0,4,86,1,91,12,70,129,2,213,112,0,112,325
03/11/2001,TLH,FL,ASO,ES,Towers with Radar,10,108,74,13,205,0,3,54,3,60,10,111,128,16,265,34,18,52,317
03/12/2001,TLH,FL,ASO,ES,Towers with Radar,8,80,48,5,141,0,41,0,0,41,8,121,48,5,182,2,0,2,184
03/13/2001,TLH,FL,ASO,ES,Towers with Radar,11,106,67,13,197,0,9,59,0,68,11,115,126,13,265,4,0,4,269
03/14/2001,TLH,FL,ASO,ES,Towers with Radar,11,118,132,31,292,0,2,53,7,62,11,120,185,38,354,42,10,52,406
03/15/2001,TLH,FL,ASO,ES,Towers with Radar,9,81,52,13,155,3,11,20,3,37,12,92,72,16,192,16,4,20,212
03/16/2001,TLH,FL,ASO,ES,Towers with Radar,10,122,80,50,262,0,6,40,7,53,10,128,120,57,315,20,66,86,401
03/17/2001,TLH,FL,ASO,ES,Towers with Radar,11,74,46,3,134,0,7,49,1,57,11,81,95,4,191,64,0,64,255
03/18/2001,TLH,FL,ASO,ES,Towers with Radar,11,79,47,6,143,0,1,8,2,11,11,80,55,8,154,8,0,8,162
03/19/2001,TLH,FL,ASO,ES,Towers with Radar,8,116,24,2,150,0,1,0,1,2,8,117,24,3,152,0,0,0,152
03/20/2001,TLH,FL,ASO,ES,Towers with Radar,10,103,65,12,190,0,19,5,0,24,10,122,70,12,214,2,30,32,246
03/21/2001,TLH,FL,ASO,ES,Towers with Radar,10,125,77,5,217,0,1,35,12,48,10,126,112,17,265,18,6,24,289
03/22/2001,TLH,FL,ASO,ES,Towers with Radar,10,128,99,16,253,0,5,88,13,106,10,133,187,29,359,72,18,90,449
03/23/2001,TLH,FL,ASO,ES,Towers with Radar,10,126,86,8,230,0,6,122,17,145,10,132,208,25,375,126,10,136,511
03/24/2001,TLH,FL,ASO,ES,Towers with Radar,8,68,43,2,121,5,5,72,0,82,13,73,115,2,203,48,4,52,255
03/25/2001,TLH,FL,ASO,ES,Towers with Radar,8,68,54,8,138,4,0,13,0,17,12,68,67,8,155,6,0,6,161
03/26/2001,TLH,FL,ASO,ES,Towers with Radar,15,93,65,11,184,0,2,60,14,76,15,95,125,25,260,2,6,8,268
03/27/2001,TLH,FL,ASO,ES,Towers with Radar,9,103,69,52,233,0,4,118,14,136,9,107,187,66,369,49,38,87,456
03/28/2001,TLH,FL,ASO,ES,Towers with Radar,10,101,82,19,212,0,0,82,1,83,10,101,164,20,295,28,19,47,342
03/29/2001,TLH,FL,ASO,ES,Towers with Radar,11,86,40,32,169,0,0,0,2,2,11,86,40,34,171,0,46,46,217
03/30/2001,TLH,FL,ASO,ES,Towers with Radar,14,97,81,14,206,0,4,21,5,30,14,101,102,19,236,6,10,16,252
03/31/2001,TLH,FL,ASO,ES,Towers with Radar,9,42,55,10,116,6,0,68,0,74,15,42,123,10,190,78,14,92,282
04/01/2001,TLH,FL,ASO,ES,Towers with Radar,7,52,47,8,114,0,2,40,7,49,7,54,87,15,163,14,8,22,185
04/02/2001,TLH,FL,ASO,ES,Towers with Radar,7,91,52,15,165,0,6,71,13,90,7,97,123,28,255,29,4,33,288
04/03/2001,TLH,FL,ASO,ES,Towers with Radar,6,99,84,22,211,0,10,109,9,128,6,109,193,31,339,50,12,62,401
04/04/2001,TLH,FL,ASO,ES,Towers with Radar,0,0,0,0,0,0,0,0,0,0,0,0,0,0,0,0,0,0,0
04/05/2001,TLH,FL,ASO,ES,Towers with Radar,10,106,92,14,222,0,0,99,0,99,10,106,191,14,321,80,16,96,417
04/06/2001,TLH,FL,ASO,ES,Towers with Radar,6,99,92,14,211,0,7,88,5,100,6,106,180,19,311,58,12,70,381
04/07/2001,TLH,FL,ASO,ES,Towers with Radar,8,44,52,11,115,0,4,86,3,93,8,48,138,14,208,48,30,78,286
04/08/2001,TLH,FL,ASO,ES,Towers with Radar,9,61,90,8,168,0,8,70,3,81,9,69,160,11,249,26,0,26,275
04/09/2001,TLH,FL,ASO,ES,Towers with Radar,6,105,93,7,211,0,4,65,1,70,6,109,158,8,281,16,17,33,314
04/10/2001,TLH,FL,ASO,ES,Towers with Radar,8,105,80,19,212,0,14,60,5,79,8,119,140,24,291,58,10,68,359
04/11/2001,TLH,FL,ASO,ES,Towers with Radar,7,100,96,21,224,0,0,107,0,107,7,100,203,21,331,22,20,42,373
04/12/2001,TLH,FL,ASO,ES,Towers with Radar,7,115,96,40,258,0,7,48,4,59,7,122,144,44,317,56,54,110,427
04/13/2001,TLH,FL,ASO,ES,Towers with Radar,10,101,77,17,205,0,3,53,3,59,10,104,130,20,264,48,62,110,374
04/14/2001,TLH,FL,ASO,ES,Towers with Radar,10,42,43,0,95,0,0,7,4,11,10,42,50,4,106,4,0,4,110
04/15/2001,TLH,FL,ASO,ES,Towers with Radar,8,53,33,21,115,0,0,38,2,40,8,53,71,23,155,4,22,26,181
04/16/2001,TLH,FL,ASO,ES,Towers with Radar,6,109,91,19,225,0,10,53,1,64,6,119,144,20,289,51,8,59,348
04/17/2001,TLH,FL,ASO,ES,Towers with Radar,7,82,70,18,177,0,18,65,4,87,7,100,135,22,264,34,26,60,324
04/18/2001,TLH,FL,ASO,ES,Towers with Radar,8,110,93,31,242,0,4,70,8,82,8,114,163,39,324,72,36,108,432
04/19/2001,TLH,FL,ASO,ES,Towers with Radar,7,101,79,26,213,0,12,70,4,86,7,113,149,30,299,61,49,110,409
04/20/2001,TLH,FL,ASO,ES,Towers with Radar,8,103,85,18,214,0,2,88,8,98,8,105,173,26,312,94,26,120,432
04/21/2001,TLH,FL,ASO,ES,Towers with Radar,3,42,38,9,92,10,2,54,1,67,13,44,92,10,159,44,10,54,213
04/22/2001,TLH,FL,ASO,ES,Towers with Radar,8,53,54,10,125,0,2,30,8,40,8,55,84,18,165,62,10,72,237
04/23/2001,TLH,FL,ASO,ES,Towers with Radar,6,95,61,35,197,0,4,46,5,55,6,99,107,40,252,42,24,66,318
04/24/2001,TLH,FL,ASO,ES,Towers with Radar,9,112,65,35,221,0,3,40,5,48,9,115,105,40,269,6,16,22,291
04/25/2001,TLH,FL,ASO,ES,Towers with Radar,7,95,71,19,192,0,11,16,4,31,7,106,87,23,223,6,28,34,257
04/26/2001,TLH,FL,ASO,ES,Towers with Radar,8,98,74,30,210,0,5,52,5,62,8,103,126,35,272,42,34,76,348
04/27/2001,TLH,FL,ASO,ES,Towers with Radar,10,96,71,46,223,0,4,88,6,98,10,100,159,52,321,60,60,120,441
04/28/2001,TLH,FL,ASO,ES,Towers with Radar,13,39,36,2,90,0,4,96,4,104,13,43,132,6,194,96,14,110,304
04/29/2001,TLH,FL,ASO,ES,Towers with Radar,8,57,43,28,136,0,4,80,4,88,8,61,123,32,224,44,28,72,296
04/30/2001,TLH,FL,ASO,ES,Towers with Radar,9,91,65,21,186,0,4,72,3,79,9,95,137,24,265,8,4,12,277
05/01/2001,TLH,FL,ASO,ES,Towers with Radar,7,96,47,6,156,0,5,81,4,90,7,101,128,10,246,20,2,22,268
05/02/2001,TLH,FL,ASO,ES,Towers with Radar,8,98,71,18,195,0,4,76,7,87,8,102,147,25,282,20,32,52,334
05/03/2001,TLH,FL,ASO,ES,Towers with Radar,9,90,67,4,170,0,6,74,10,90,9,96,141,14,260,56,4,60,320
05/04/2001,TLH,FL,ASO,ES,Towers with Radar,0,0,0,0,0,0,0,0,0,0,0,0,0,0,0,0,0,0,0
05/05/2001,TLH,FL,ASO,ES,Towers with Radar,12,34,39,0,85,0,6,73,2,81,12,40,112,2,166,86,0,86,252
05/06/2001,TLH,FL,ASO,ES,Towers with Radar,8,47,39,17,111,0,3,89,12,104,8,50,128,29,215,42,6,48,263
05/07/2001,TLH,FL,ASO,ES,Towers with Radar,8,90,46,21,165,0,4,55,14,73,8,94,101,35,238,54,14,68,306
05/08/2001,TLH,FL,ASO,ES,Towers with Radar,7,97,64,29,197,0,7,65,10,82,7,104,129,39,279,42,24,66,345
05/09/2001,TLH,FL,ASO,ES,Towers with Radar,9,82,53,19,163,0,19,103,2,124,9,101,156,21,287,41,60,101,388
05/10/2001,TLH,FL,ASO,ES,Towers with Radar,9,94,79,22,204,0,9,82,5,96,9,103,161,27,300,68,21,89,389
05/11/2001,TLH,FL,ASO,ES,Towers with Radar,10,79,51,33,173,0,4,83,3,90,10,83,134,36,263,74,24,98,361
05/12/2001,TLH,FL,ASO,ES,Towers with Radar,7,42,34,12,95,10,0,55,1,66,17,42,89,13,161,78,7,85,246
05/13/2001,TLH,FL,ASO,ES,Towers with Radar,7,56,37,11,111,6,7,62,0,75,13,63,99,11,186,46,2,48,234
05/14/2001,TLH,FL,ASO,ES,Towers with Radar,8,94,28,4,134,0,5,90,4,99,8,99,118,8,233,36,4,40,273
05/15/2001,TLH,FL,ASO,ES,Towers with Radar,7,91,59,21,178,0,4,133,7,144,7,95,192,28,322,27,14,41,363
05/16/2001,TLH,FL,ASO,ES,Towers with Radar,8,96,60,16,180,0,10,86,6,102,8,106,146,22,282,34,32,66,348
05/17/2001,TLH,FL,ASO,ES,Towers with Radar,9,91,46,44,190,0,14,89,9,112,9,105,135,53,302,49,26,75,377
05/18/2001,TLH,FL,ASO,ES,Towers with Radar,11,93,53,50,207,0,13,81,27,121,11,106,134,77,328,50,56,106,434
05/19/2001,TLH,FL,ASO,ES,Towers with Radar,6,38,30,9,83,1,0,66,6,73,7,38,96,15,156,78,6,84,240
05/20/2001,TLH,FL,ASO,ES,Towers with Radar,6,52,34,12,104,1,3,23,17,44,7,55,57,29,148,0,6,6,154
05/21/2001,TLH,FL,ASO,ES,Towers with Radar,6,89,55,63,213,0,2,70,5,77,6,91,125,68,290,48,62,110,400
05/22/2001,TLH,FL,ASO,ES,Towers with Radar,7,95,55,15,172,0,12,66,10,88,7,107,121,25,260,2,24,26,286
05/23/2001,TLH,FL,ASO,ES,Towers with Radar,9,103,67,24,203,0,8,93,15,116,9,111,160,39,319,32,44,76,395
05/24/2001,TLH,FL,ASO,ES,Towers with Radar,10,93,87,52,242,0,10,81,6,97,10,103,168,58,339,48,12,60,399
05/25/2001,TLH,FL,ASO,ES,Towers with Radar,7,93,66,30,196,0,11,94,4,109,7,104,160,34,305,124,52,176,481
05/26/2001,TLH,FL,ASO,ES,Towers with Radar,6,51,36,6,99,4,0,73,0,77,10,51,109,6,176,28,0,28,204
05/27/2001,TLH,FL,ASO,ES,Towers with Radar,5,42,28,0,75,0,8,79,0,87,5,50,107,0,162,56,0,56,218
05/28/2001,TLH,FL,ASO,ES,Towers with Radar,7,64,43,15,129,0,5,41,0,46,7,69,84,15,175,24,0,24,199
05/29/2001,TLH,FL,ASO,ES,Towers with Radar,7,70,46,13,136,0,11,28,0,39,7,81,74,13,175,14,0,14,189
05/30/2001,TLH,FL,ASO,ES,Towers with Radar,15,97,61,12,185,0,3,60,4,67,15,100,121,16,252,24,0,24,276
05/31/2001,TLH,FL,ASO,ES,Towers with Radar,7,88,47,16,158,0,1,26,8,35,7,89,73,24,193,16,4,20,213
06/01/2001,TLH,FL,ASO,ES,Towers with Radar,9,86,40,0,135,0,2,6,1,9,9,88,46,1,144,12,0,12,156
06/02/2001,TLH,FL,ASO,ES,Towers with Radar,7,42,37,8,94,3,0,33,0,36,10,42,70,8,130,32,6,38,168
06/03/2001,TLH,FL,ASO,ES,Towers with Radar,9,44,23,15,91,0,7,42,1,50,9,51,65,16,141,26,24,50,191
06/04/2001,TLH,FL,ASO,ES,Towers with Radar,7,80,49,19,155,0,8,42,2,52,7,88,91,21,207,32,8,40,247
06/05/2001,TLH,FL,ASO,ES,Towers with Radar,6,89,37,18,150,0,3,56,1,60,6,92,93,19,210,52,2,54,264
06/06/2001,TLH,FL,ASO,ES,Towers with Radar,6,86,57,20,169,0,4,43,31,78,6,90,100,51,247,34,12,46,293
06/07/2001,TLH,FL,ASO,ES,Towers with Radar,5,40,28,9,82,0,0,29,0,29,5,40,57,9,111,26,4,30,141
06/08/2001,TLH,FL,ASO,ES,Towers with Radar,9,89,52,17,167,0,5,15,1,21,9,94,67,18,188,26,8,34,222
06/09/2001,TLH,FL,ASO,ES,Towers with Radar,8,37,49,0,94,0,1,28,0,29,8,38,77,0,123,56,0,56,179
06/10/2001,TLH,FL,ASO,ES,Towers with Radar,6,48,27,0,81,0,1,2,1,4,6,49,29,1,85,10,0,10,95
06/11/2001,TLH,FL,ASO,ES,Towers with Radar,6,50,33,1,90,1,23,2,0,26,7,73,35,1,116,0,0,0,116
06/12/2001,TLH,FL,ASO,ES,Towers with Radar,8,89,44,18,159,0,6,33,1,40,8,95,77,19,199,14,16,30,229
06/13/2001,TLH,FL,ASO,ES,Towers with Radar,9,97,66,13,185,0,6,64,1,71,9,103,130,14,256,40,6,46,302
06/14/2001,TLH,FL,ASO,ES,Towers with Radar,10,91,67,10,178,0,6,53,7,66,10,97,120,17,244,32,0,32,276
06/15/2001,TLH,FL,ASO,ES,Towers with Radar,8,90,51,59,208,0,3,77,5,85,8,93,128,64,293,52,34,86,379
06/16/2001,TLH,FL,ASO,ES,Towers with Radar,8,35,27,9,79,0,9,36,2,47,8,44,63,11,126,10,0,10,136
06/17/2001,TLH,FL,ASO,ES,Towers with Radar,8,55,38,6,107,0,3,57,3,63,8,58,95,9,170,42,2,44,214
06/18/2001,TLH,FL,ASO,ES,Towers with Radar,7,73,48,6,134,1,20,50,0,71,8,93,98,6,205,46,2,48,253
06/19/2001,TLH,FL,ASO,ES,Towers with Radar,9,91,59,20,179,1,11,53,7,72,10,102,112,27,251,26,4,30,281
06/20/2001,TLH,FL,ASO,ES,Towers with Radar,6,92,60,21,179,0,14,51,12,77,6,106,111,33,256,22,50,72,328
06/21/2001,TLH,FL,ASO,ES,Towers with Radar,8,90,67,28,193,0,1,59,9,69,8,91,126,37,262,60,8,68,330
06/22/2001,TLH,FL,ASO,ES,Towers with Radar,7,83,64,6,160,0,2,40,0,42,7,85,104,6,202,76,12,88,290
06/23/2001,TLH,FL,ASO,ES,Towers with Radar,5,45,31,10,91,2,0,39,6,47,7,45,70,16,138,76,16,92,230
06/24/2001,TLH,FL,ASO,ES,Towers with Radar,6,54,40,14,114,2,0,69,9,80,8,54,109,23,194,70,0,70,264
06/25/2001,TLH,FL,ASO,ES,Towers with Radar,6,88,63,32,189,0,1,57,6,64,6,89,120,38,253,81,4,85,338
06/26/2001,TLH,FL,ASO,ES,Towers with Radar,9,90,56,14,169,0,1,66,4,71,9,91,122,18,240,22,4,26,266
06/27/2001,TLH,FL,ASO,ES,Towers with Radar,7,92,63,15,177,0,2,59,7,68,7,94,122,22,245,36,6,42,287
06/28/2001,TLH,FL,ASO,ES,Towers with Radar,10,91,66,44,211,0,8,58,3,69,10,99,124,47,280,64,8,72,352
06/29/2001,TLH,FL,ASO,ES,Towers with Radar,9,86,57,17,169,0,1,39,3,43,9,87,96,20,212,20,12,32,244
06/30/2001,TLH,FL,ASO,ES,Towers with Radar,5,38,34,3,80,6,0,20,0,26,11,38,54,3,106,0,0,0,106
07/01/2001,TLH,FL,ASO,ES,Towers with Radar,7,57,34,3,101,0,1,29,2,32,7,58,63,5,133,54,0,54,187
07/02/2001,TLH,FL,ASO,ES,Towers with Radar,6,87,32,12,137,0,3,59,4,66,6,90,91,16,203,33,10,43,246
07/03/2001,TLH,FL,ASO,ES,Towers with Radar,9,88,51,18,166,0,6,79,6,91,9,94,130,24,257,24,10,34,291
07/04/2001,TLH,FL,ASO,ES,Towers with Radar,5,44,26,0,75,3,20,70,0,93,8,64,96,0,168,6,0,6,174
07/05/2001,TLH,FL,ASO,ES,Towers with Radar,9,78,31,1,119,0,5,61,2,68,9,83,92,3,187,40,0,40,227
07/06/2001,TLH,FL,ASO,ES,Towers with Radar,9,89,46,37,181,0,3,60,6,69,9,92,106,43,250,89,18,107,357
07/07/2001,TLH,FL,ASO,ES,Towers with Radar,5,44,30,10,89,3,0,65,0,68,8,44,95,10,157,34,16,50,207
07/08/2001,TLH,FL,ASO,ES,Towers with Radar,6,58,38,9,111,2,0,55,0,57,8,58,93,9,168,52,0,52,220
07/09/2001,TLH,FL,ASO,ES,Towers with Radar,6,88,73,29,196,0,6,51,7,64,6,94,124,36,260,36,10,46,306
07/10/2001,TLH,FL,ASO,ES,Towers with Radar,7,94,50,4,155,0,0,30,0,30,7,94,80,4,185,0,0,0,185
07/11/2001,TLH,FL,ASO,ES,Towers with Radar,9,94,55,4,162,0,0,39,0,39,9,94,94,4,201,36,4,40,241
07/12/2001,TLH,FL,ASO,ES,Towers with Radar,8,91,50,39,188,0,2,33,3,38,8,93,83,42,226,30,58,88,314
07/13/2001,TLH,FL,ASO,ES,Towers with Radar,7,93,63,29,192,0,1,41,5,47,7,94,104,34,239,14,38,52,291
07/14/2001,TLH,FL,ASO,ES,Towers with Radar,12,47,45,4,108,0,0,40,0,40,12,47,85,4,148,4,0,4,152
07/15/2001,TLH,FL,ASO,ES,Towers with Radar,9,51,51,11,122,0,0,63,6,69,9,51,114,17,191,30,8,38,229
07/16/2001,TLH,FL,ASO,ES,Towers with Radar,6,95,45,30,176,0,2,86,10,98,6,97,131,40,274,48,14,62,336
07/17/2001,TLH,FL,ASO,ES,Towers with Radar,7,85,49,17,158,0,14,77,22,113,7,99,126,39,271,59,24,83,354
07/18/2001,TLH,FL,ASO,ES,Towers with Radar,12,89,59,34,194,0,2,58,5,65,12,91,117,39,259,50,15,65,324
07/19/2001,TLH,FL,ASO,ES,Towers with Radar,9,94,55,41,199,0,2,63,4,69,9,96,118,45,268,39,38,77,345
07/20/2001,TLH,FL,ASO,ES,Towers with Radar,6,88,45,29,168,0,1,38,8,47,6,89,83,37,215,58,32,90,305
07/21/2001,TLH,FL,ASO,ES,Towers with Radar,12,43,51,3,109,0,1,12,0,13,12,44,63,3,122,22,8,30,152
07/22/2001,TLH,FL,ASO,ES,Towers with Radar,10,66,38,5,119,0,0,31,2,33,10,66,69,7,152,50,0,50,202
07/23/2001,TLH,FL,ASO,ES,Towers with Radar,7,108,63,22,200,0,0,63,16,79,7,108,126,38,279,44,54,98,377
07/24/2001,TLH,FL,ASO,ES,Towers with Radar,8,116,41,0,165,0,1,4,0,5,8,117,45,0,170,0,0,0,170
07/25/2001,TLH,FL,ASO,ES,Towers with Radar,10,109,52,2,173,0,0,21,3,24,10,109,73,5,197,44,0,44,241
07/26/2001,TLH,FL,ASO,ES,Towers with Radar,10,112,47,45,214,0,1,30,1,32,10,113,77,46,246,90,18,108,354
07/27/2001,TLH,FL,ASO,ES,Towers with Radar,8,108,50,9,175,0,3,52,0,55,8,111,102,9,230,108,4,112,342
07/28/2001,TLH,FL,ASO,ES,Towers with Radar,10,62,34,0,106,0,0,41,0,41,10,62,75,0,147,48,0,48,195
07/29/2001,TLH,FL,ASO,ES,Towers with Radar,9,67,57,6,139,0,4,49,1,54,9,71,106,7,193,40,0,40,233
07/30/2001,TLH,FL,ASO,ES,Towers with Radar,7,106,38,23,174,0,3,39,1,43,7,109,77,24,217,28,12,40,257
07/31/2001,TLH,FL,ASO,ES,Towers with Radar,10,102,58,12,182,0,15,7,0,22,10,117,65,12,204,0,4,4,208
08/01/2001,TLH,FL,ASO,ES,Towers with Radar,7,114,45,36,202,0,2,32,5,39,7,116,77,41,241,12,0,12,253
08/02/2001,TLH,FL,ASO,ES,Towers with Radar,10,105,49,7,171,0,5,46,4,55,10,110,95,11,226,18,0,18,244
08/03/2001,TLH,FL,ASO,ES,Towers with Radar,9,114,63,24,210,0,4,45,4,53,9,118,108,28,263,54,20,74,337
08/04/2001,TLH,FL,ASO,ES,Towers with Radar,10,70,23,0,103,0,5,17,0,22,10,75,40,0,125,38,0,38,163
08/05/2001,TLH,FL,ASO,ES,Towers with Radar,6,42,12,0,60,0,2,2,0,4,6,44,14,0,64,0,0,0,64
08/06/2001,TLH,FL,ASO,ES,Towers with Radar,5,89,11,0,105,0,3,0,0,3,5,92,11,0,108,0,0,0,108
08/07/2001,TLH,FL,ASO,ES,Towers with Radar,6,107,33,14,160,0,5,26,0,31,6,112,59,14,191,13,12,25,216
08/08/2001,TLH,FL,ASO,ES,Towers with Radar,11,115,51,27,204,0,3,42,1,46,11,118,93,28,250,24,10,34,284
08/09/2001,TLH,FL,ASO,ES,Towers with Radar,9,98,65,27,199,0,3,95,1,99,9,101,160,28,298,92,14,106,404
08/10/2001,TLH,FL,ASO,ES,Towers with Radar,9,104,69,15,197,0,2,64,0,66,9,106,133,15,263,44,16,60,323
08/11/2001,TLH,FL,ASO,ES,Towers with Radar,5,66,36,8,115,1,0,41,0,42,6,66,77,8,157,52,0,52,209
08/12/2001,TLH,FL,ASO,ES,Towers with Radar,6,70,38,10,124,2,10,29,0,41,8,80,67,10,165,0,4,4,169
08/13/2001,TLH,FL,ASO,ES,Towers with Radar,9,101,54,28,192,0,14,39,21,74,9,115,93,49,266,6,10,16,282
08/14/2001,TLH,FL,ASO,ES,Towers with Radar,7,114,50,7,178,0,3,41,6,50,7,117,91,13,228,24,8,32,260
08/15/2001,TLH,FL,ASO,ES,Towers with Radar,10,106,57,20,193,0,2,52,1,55,10,108,109,21,248,44,4,48,296
08/16/2001,TLH,FL,ASO,ES,Towers with Radar,10,116,67,34,227,0,0,52,30,82,10,116,119,64,309,60,20,80,389
08/17/2001,TLH,FL,ASO,ES,Towers with Radar,7,110,47,18,182,0,6,73,0,79,7,116,120,18,261,14,8,22,283
08/18/2001,TLH,FL,ASO,ES,Towers with Radar,4,51,27,3,85,5,10,38,0,53,9,61,65,3,138,10,28,38,176
08/19/2001,TLH,FL,ASO,ES,Towers with Radar,5,57,31,1,94,2,19,15,0,36,7,76,46,1,130,32,0,32,162
08/20/2001,TLH,FL,ASO,ES,Towers with Radar,8,107,60,3,178,0,8,62,0,70,8,115,122,3,248,53,0,53,301
08/21/2001,TLH,FL,ASO,ES,Towers with Radar,7,113,63,32,215,0,0,63,17,80,7,113,126,49,295,26,54,80,375
08/22/2001,TLH,FL,ASO,ES,Towers with Radar,11,117,74,54,256,0,3,86,7,96,11,120,160,61,352,118,28,146,498
08/23/2001,TLH,FL,ASO,ES,Towers with Radar,8,108,85,55,256,0,2,52,0,54,8,110,137,55,310,52,28,80,390
08/24/2001,TLH,FL,ASO,ES,Towers with Radar,8,112,67,26,213,0,8,86,18,112,8,120,153,44,325,44,10,54,379
08/25/2001,TLH,FL,ASO,ES,Towers with Radar,9,58,27,5,99,0,3,73,0,76,9,61,100,5,175,52,8,60,235
08/26/2001,TLH,FL,ASO,ES,Towers with Radar,9,69,51,23,152,0,3,37,0,40,9,72,88,23,192,0,18,18,210
08/27/2001,TLH,FL,ASO,ES,Towers with Radar,9,104,60,38,211,0,4,38,12,54,9,108,98,50,265,32,14,46,311
08/28/2001,TLH,FL,ASO,ES,Towers with Radar,6,112,71,49,238,0,8,47,13,68,6,120,118,62,306,20,24,44,350
08/29/2001,TLH,FL,ASO,ES,Towers with Radar,7,114,68,34,223,0,0,75,13,88,7,114,143,47,311,42,10,52,363
08/30/2001,TLH,FL,ASO,ES,Towers with Radar,9,113,69,65,256,0,3,46,0,49,9,116,115,65,305,36,56,92,397
08/31/2001,TLH,FL,ASO,ES,Towers with Radar,11,114,68,34,227,0,0,35,22,57,11,114,103,56,284,44,58,102,386
09/01/2001,TLH,FL,ASO,ES,Towers with Radar,8,54,22,0,84,0,3,43,0,46,8,57,65,0,130,22,0,22,152
09/02/2001,TLH,FL,ASO,ES,Towers with Radar,10,64,29,0,103,0,1,38,0,39,10,65,67,0,142,8,0,8,150
09/03/2001,TLH,FL,ASO,ES,Towers with Radar,6,84,17,0,107,0,1,41,5,47,6,85,58,5,154,24,0,24,178
09/04/2001,TLH,FL,ASO,ES,Towers with Radar,7,91,58,12,168,0,20,23,0,43,7,111,81,12,211,8,38,46,257
09/05/2001,TLH,FL,ASO,ES,Towers with Radar,9,103,65,23,200,0,14,75,13,102,9,117,140,36,302,80,124,204,506
09/06/2001,TLH,FL,ASO,ES,Towers with Radar,8,108,59,19,194,0,4,49,12,65,8,112,108,31,259,24,16,40,299
09/07/2001,TLH,FL,ASO,ES,Towers with Radar,11,110,58,32,211,0,6,42,7,55,11,116,100,39,266,80,68,148,414
09/08/2001,TLH,FL,ASO,ES,Towers with Radar,7,62,59,2,130,0,1,66,1,68,7,63,125,3,198,38,0,38,236
09/09/2001,TLH,FL,ASO,ES,Towers with Radar,7,73,46,10,136,2,6,70,0,78,9,79,116,10,214,34,0,34,248
09/10/2001,TLH,FL,ASO,ES,Towers with Radar,7,115,78,28,228,0,0,30,28,58,7,115,108,56,286,8,48,56,342
09/11/2001,TLH,FL,ASO,ES,Towers with Radar,2,30,29,2,63,0,1,10,1,12,2,31,39,3,75,10,2,12,87
09/12/2001,TLH,FL,ASO,ES,Towers with Radar,0,0,1,0,1,0,0,0,0,0,0,0,1,0,1,0,0,0,1
09/13/2001,TLH,FL,ASO,ES,Towers with Radar,3,22,11,0,36,0,1,3,0,4,3,23,14,0,40,0,0,0,40
09/14/2001,TLH,FL,ASO,ES,Towers with Radar,4,73,18,8,103,0,5,2,8,15,4,78,20,16,118,0,26,26,144
09/15/2001,TLH,FL,ASO,ES,Towers with Radar,5,60,36,7,108,0,3,3,1,7,5,63,39,8,115,0,10,10,125
09/16/2001,TLH,FL,ASO,ES,Towers with Radar,6,62,41,0,109,0,3,1,0,4,6,65,42,0,113,0,0,0,113
09/17/2001,TLH,FL,ASO,ES,Towers with Radar,7,104,80,22,213,0,5,0,1,6,7,109,80,23,219,0,12,12,231
09/18/2001,TLH,FL,ASO,ES,Towers with Radar,5,105,74,43,227,0,4,3,1,8,5,109,77,44,235,8,0,8,243
09/19/2001,TLH,FL,ASO,ES,Towers with Radar,10,109,75,122,316,0,8,9,3,20,10,117,84,125,336,2,174,176,512
09/20/2001,TLH,FL,ASO,ES,Towers with Radar,8,102,76,18,204,0,2,28,2,32,8,104,104,20,236,22,0,22,258
09/21/2001,TLH,FL,ASO,ES,Towers with Radar,12,109,75,64,260,0,5,44,2,51,12,114,119,66,311,14,20,34,345
09/22/2001,TLH,FL,ASO,ES,Towers with Radar,11,59,48,16,134,0,2,38,1,41,11,61,86,17,175,32,36,68,243
09/23/2001,TLH,FL,ASO,ES,Towers with Radar,6,67,45,16,134,2,0,7,6,15,8,67,52,22,149,10,36,46,195
09/24/2001,TLH,FL,ASO,ES,Towers with Radar,6,101,38,4,149,0,1,2,1,4,6,102,40,5,153,0,2,2,155
09/25/2001,TLH,FL,ASO,ES,Towers with Radar,9,107,68,25,209,0,0,39,6,45,9,107,107,31,254,70,28,98,352
09/26/2001,TLH,FL,ASO,ES,Towers with Radar,7,103,87,9,206,0,2,71,4,77,7,105,158,13,283,66,20,86,369
09/27/2001,TLH,FL,ASO,ES,Towers with Radar,8,94,67,13,182,0,6,76,1,83,8,100,143,14,265,98,4,102,367
09/28/2001,TLH,FL,ASO,ES,Towers with Radar,9,105,68,5,187,5,0,54,0,59,14,105,122,5,246,76,4,80,326
09/29/2001,TLH,FL,ASO,ES,Towers with Radar,6,60,40,4,110,3,0,43,0,46,9,60,83,4,156,64,0,64,220
09/30/2001,TLH,FL,ASO,ES,Towers with Radar,8,73,51,8,140,1,0,46,0,47,9,73,97,8,187,14,6,20,207
10/01/2001,TLH,FL,ASO,ES,Towers with Radar,7,95,61,27,190,2,14,50,1,67,9,109,111,28,257,42,14,56,313
10/02/2001,TLH,FL,ASO,ES,Towers with Radar,9,108,72,32,221,0,0,76,37,113,9,108,148,69,334,66,22,88,422
10/03/2001,TLH,FL,ASO,ES,Towers with Radar,9,117,55,73,254,1,1,74,1,77,10,118,129,74,331,64,48,112,443
10/04/2001,TLH,FL,ASO,ES,Towers with Radar,9,102,54,22,187,1,6,58,11,76,10,108,112,33,263,24,42,66,329
10/05/2001,TLH,FL,ASO,ES,Towers with Radar,13,97,53,42,205,1,4,51,2,58,14,101,104,44,263,10,52,62,325
10/06/2001,TLH,FL,ASO,ES,Towers with Radar,7,59,24,0,90,1,0,14,0,15,8,59,38,0,105,12,0,12,117
10/07/2001,TLH,FL,ASO,ES,Towers with Radar,10,71,57,4,142,0,3,52,0,55,10,74,109,4,197,60,0,60,257
10/08/2001,TLH,FL,ASO,ES,Towers with Radar,8,92,58,26,184,0,6,43,5,54,8,98,101,31,238,28,14,42,280
10/09/2001,TLH,FL,ASO,ES,Towers with Radar,6,112,61,31,210,0,0,56,2,58,6,112,117,33,268,34,16,50,318
10/10/2001,TLH,FL,ASO,ES,Towers with Radar,7,113,75,31,226,0,0,40,0,40,7,113,115,31,266,10,26,36,302
10/11/2001,TLH,FL,ASO,ES,Towers with Radar,10,110,47,60,227,0,2,52,2,56,10,112,99,62,283,22,40,62,345
10/12/2001,TLH,FL,ASO,ES,Towers with Radar,12,115,77,22,226,0,4,43,1,48,12,119,120,23,274,12,0,12,286
10/13/2001,TLH,FL,ASO,ES,Towers with Radar,11,75,138,1,225,0,0,51,0,51,11,75,189,1,276,4,0,4,280
10/14/2001,TLH,FL,ASO,ES,Towers with Radar,7,75,47,16,145,0,4,29,3,36,7,79,76,19,181,0,4,4,185
10/15/2001,TLH,FL,ASO,ES,Towers with Radar,7,102,54,31,194,0,15,63,0,78,7,117,117,31,272,42,14,56,328
10/16/2001,TLH,FL,ASO,ES,Towers with Radar,5,93,60,31,189,0,4,71,2,77,5,97,131,33,266,51,16,67,333
10/17/2001,TLH,FL,ASO,ES,Towers with Radar,9,102,65,15,191,1,13,60,0,74,10,115,125,15,265,76,0,76,341
10/18/2001,TLH,FL,ASO,ES,Towers with Radar,8,102,58,41,209,0,5,59,4,68,8,107,117,45,277,72,52,124,401
10/19/2001,TLH,FL,ASO,ES,Towers with Radar,9,98,71,39,217,0,5,89,0,94,9,103,160,39,311,88,24,112,423
10/20/2001,TLH,FL,ASO,ES,Towers with Radar,9,60,55,1,125,0,5,55,0,60,9,65,110,1,185,50,0,50,235
10/21/2001,TLH,FL,ASO,ES,Towers with Radar,9,80,60,12,161,0,5,63,2,70,9,85,123,14,231,24,12,36,267
10/22/2001,TLH,FL,ASO,ES,Towers with Radar,8,112,72,32,224,0,1,26,30,57,8,113,98,62,281,10,130,140,421
10/23/2001,TLH,FL,ASO,ES,Towers with Radar,9,99,64,28,200,2,18,26,0,46,11,117,90,28,246,36,26,62,308
10/24/2001,TLH,FL,ASO,ES,Towers with Radar,8,104,67,30,209,0,1,14,7,22,8,105,81,37,231,0,2,2,233
10/25/2001,TLH,FL,ASO,ES,Towers with Radar,9,110,73,23,215,0,3,46,18,67,9,113,119,41,282,68,8,76,358
10/26/2001,TLH,FL,ASO,ES,Towers with Radar,12,112,71,39,234,0,7,64,11,82,12,119,135,50,316,42,38,80,396
10/27/2001,TLH,FL,ASO,ES,Towers with Radar,11,69,68,3,151,0,7,84,0,91,11,76,152,3,242,34,14,48,290
10/28/2001,TLH,FL,ASO,ES,Towers with Radar,11,74,46,23,154,0,9,58,9,76,11,83,104,32,230,36,0,36,266
10/29/2001,TLH,FL,ASO,ES,Towers with Radar,8,100,39,33,180,0,5,62,25,92,8,105,101,58,272,88,4,92,364
10/30/2001,TLH,FL,ASO,ES,Towers with Radar,6,102,66,16,190,0,5,65,4,74,6,107,131,20,264,28,4,32,296
10/31/2001,TLH,FL,ASO,ES,Towers with Radar,10,105,52,21,188,0,6,59,5,70,10,111,111,26,258,108,12,120,378
11/01/2001,TLH,FL,ASO,ES,Towers with Radar,5,99,61,6,171,1,2,70,4,77,6,101,131,10,248,100,2,102,350
11/02/2001,TLH,FL,ASO,ES,Towers with Radar,8,97,77,53,235,1,1,41,1,44,9,98,118,54,279,56,54,110,389
11/03/2001,TLH,FL,ASO,ES,Towers with Radar,8,61,45,5,119,0,9,62,0,71,8,70,107,5,190,50,0,50,240
11/04/2001,TLH,FL,ASO,ES,Towers with Radar,7,62,46,9,124,2,4,20,0,26,9,66,66,9,150,40,4,44,194
11/05/2001,TLH,FL,ASO,ES,Towers with Radar,4,98,42,51,195,1,0,38,3,42,5,98,80,54,237,29,10,39,276
11/06/2001,TLH,FL,ASO,ES,Towers with Radar,7,82,60,21,170,0,22,75,0,97,7,104,135,21,267,44,2,46,313
11/07/2001,TLH,FL,ASO,ES,Towers with Radar,9,96,81,43,229,1,9,80,15,105,10,105,161,58,334,62,38,100,434
11/08/2001,TLH,FL,ASO,ES,Towers with Radar,7,99,87,16,209,1,4,62,3,70,8,103,149,19,279,50,16,66,345
11/09/2001,TLH,FL,ASO,ES,Towers with Radar,11,93,96,51,251,0,3,83,12,98,11,96,179,63,349,48,22,70,419
11/10/2001,TLH,FL,ASO,ES,Towers with Radar,10,66,57,0,133,0,0,119,0,119,10,66,176,0,252,16,0,16,268
11/11/2001,TLH,FL,ASO,ES,Towers with Radar,6,80,60,2,148,0,3,75,0,78,6,83,135,2,226,36,0,36,262
11/12/2001,TLH,FL,ASO,ES,Towers with Radar,5,82,57,8,152,0,2,49,10,61,5,84,106,18,213,32,22,54,267
11/13/2001,TLH,FL,ASO,ES,Towers with Radar,6,103,79,30,218,0,3,45,5,53,6,106,124,35,271,38,24,62,333
11/14/2001,TLH,FL,ASO,ES,Towers with Radar,10,99,80,8,197,0,1,38,2,41,10,100,118,10,238,46,10,56,294
11/15/2001,TLH,FL,ASO,ES,Towers with Radar,16,100,81,18,215,0,10,38,4,52,16,110,119,22,267,34,74,108,375
11/16/2001,TLH,FL,ASO,ES,Towers with Radar,13,94,76,58,241,0,1,42,10,53,13,95,118,68,294,28,18,46,340
11/17/2001,TLH,FL,ASO,ES,Towers with Radar,11,63,35,7,116,0,3,89,3,95,11,66,124,10,211,50,6,56,267
11/18/2001,TLH,FL,ASO,ES,Towers with Radar,17,63,33,26,139,0,1,50,8,59,17,64,83,34,198,24,2,26,224
11/19/2001,TLH,FL,ASO,ES,Towers with Radar,15,100,82,13,210,0,9,73,10,92,15,109,155,23,302,25,8,33,335
11/20/2001,TLH,FL,ASO,ES,Towers with Radar,19,100,58,26,203,0,0,46,5,51,19,100,104,31,254,4,0,4,258
11/21/2001,TLH,FL,ASO,ES,Towers with Radar,16,93,87,4,200,0,4,78,2,84,16,97,165,6,284,38,4,42,326
11/22/2001,TLH,FL,ASO,ES,Towers with Radar,18,50,24,0,92,0,4,20,0,24,18,54,44,0,116,24,0,24,140
11/23/2001,TLH,FL,ASO,ES,Towers with Radar,12,61,32,0,105,0,0,1,0,1,12,61,33,0,106,0,0,0,106
11/24/2001,TLH,FL,ASO,ES,Towers with Radar,17,61,57,0,135,0,0,34,3,37,17,61,91,3,172,40,0,40,212
11/25/2001,TLH,FL,ASO,ES,Towers with Radar,13,78,80,0,171,0,0,3,2,5,13,78,83,2,176,0,0,0,176
11/26/2001,TLH,FL,ASO,ES,Towers with Radar,16,100,84,44,244,0,5,29,13,47,16,105,113,57,291,26,14,40,331
11/27/2001,TLH,FL,ASO,ES,Towers with Radar,16,106,79,29,230,5,0,44,40,89,21,106,123,69,319,66,56,122,441
11/28/2001,TLH,FL,ASO,ES,Towers with Radar,19,102,65,77,263,0,4,51,3,58,19,106,116,80,321,12,58,70,391
11/29/2001,TLH,FL,ASO,ES,Towers with Radar,25,93,41,20,179,0,6,35,4,45,25,99,76,24,224,8,2,10,234
11/30/2001,TLH,FL,ASO,ES,Towers with Radar,26,96,48,54,224,0,0,1,3,4,26,96,49,57,228,2,8,10,238
12/01/2001,TLH,FL,ASO,ES,Towers with Radar,17,56,54,3,130,4,0,115,0,119,21,56,169,3,249,58,0,58,307
12/02/2001,TLH,FL,ASO,ES,Towers with Radar,14,69,48,22,153,0,1,51,10,62,14,70,99,32,215,78,4,82,297
12/03/2001,TLH,FL,ASO,ES,Towers with Radar,28,94,47,15,184,1,4,49,0,54,29,98,96,15,238,64,0,64,302
12/04/2001,TLH,FL,ASO,ES,Towers with Radar,20,97,55,18,190,0,8,80,5,93,20,105,135,23,283,62,10,72,355
12/05/2001,TLH,FL,ASO,ES,Towers with Radar,18,100,68,18,204,0,9,47,3,59,18,109,115,21,263,50,2,52,315
12/06/2001,TLH,FL,ASO,ES,Towers with Radar,17,108,84,17,226,0,5,73,6,84,17,113,157,23,310,43,0,43,353
12/07/2001,TLH,FL,ASO,ES,Towers with Radar,19,105,85,23,232,0,3,30,5,38,19,108,115,28,270,57,73,130,400
12/08/2001,TLH,FL,ASO,ES,Towers with Radar,16,57,68,7,148,0,0,1,1,2,16,57,69,8,150,0,0,0,150
12/09/2001,TLH,FL,ASO,ES,Towers with Radar,19,64,43,44,170,0,3,21,2,26,19,67,64,46,196,25,4,29,225
12/10/2001,TLH,FL,ASO,ES,Towers with Radar,16,102,60,32,210,0,3,0,1,4,16,105,60,33,214,2,0,2,216
12/11/2001,TLH,FL,ASO,ES,Towers with Radar,17,100,69,19,205,0,0,14,1,15,17,100,83,20,220,0,0,0,220
12/12/2001,TLH,FL,ASO,ES,Towers with Radar,17,95,66,40,218,0,2,0,1,3,17,97,66,41,221,0,0,0,221
12/13/2001,TLH,FL,ASO,ES,Towers with Radar,27,107,61,37,232,0,4,10,4,18,27,111,71,41,250,8,12,20,270
12/14/2001,TLH,FL,ASO,ES,Towers with Radar,16,99,82,31,228,0,0,8,3,11,16,99,90,34,239,10,0,10,249
12/15/2001,TLH,FL,ASO,ES,Towers with Radar,17,66,58,15,156,0,0,62,24,86,17,66,120,39,242,30,30,60,302
12/16/2001,TLH,FL,ASO,ES,Towers with Radar,15,64,47,12,138,0,0,27,17,44,15,64,74,29,182,36,6,42,224
12/17/2001,TLH,FL,ASO,ES,Towers with Radar,16,87,59,8,170,0,13,44,0,57,16,100,103,8,227,2,0,2,229
12/18/2001,TLH,FL,ASO,ES,Towers with Radar,18,97,78,34,227,0,9,73,3,85,18,106,151,37,312,24,4,28,340
12/19/2001,TLH,FL,ASO,ES,Towers with Radar,20,92,64,17,193,0,13,56,11,80,20,105,120,28,273,18,14,32,305
12/20/2001,TLH,FL,ASO,ES,Towers with Radar,20,96,55,11,182,0,5,70,6,81,20,101,125,17,263,50,0,50,313
12/21/2001,TLH,FL,ASO,ES,Towers with Radar,23,92,66,1,182,0,9,67,5,81,23,101,133,6,263,56,0,56,319
12/22/2001,TLH,FL,ASO,ES,Towers with Radar,14,64,46,5,129,2,0,30,0,32,16,64,76,5,161,42,1,43,204
12/23/2001,TLH,FL,ASO,ES,Towers with Radar,11,49,25,0,85,5,12,0,0,17,16,61,25,0,102,20,0,20,122
12/24/2001,TLH,FL,ASO,ES,Towers with Radar,12,55,38,7,112,0,23,31,0,54,12,78,69,7,166,10,0,10,176
12/25/2001,TLH,FL,ASO,ES,Towers with Radar,14,63,13,0,90,0,0,5,0,5,14,63,18,0,95,28,0,28,123
12/26/2001,TLH,FL,ASO,ES,Towers with Radar,24,82,61,4,171,0,6,51,2,59,24,88,112,6,230,78,4,82,312
12/27/2001,TLH,FL,ASO,ES,Towers with Radar,16,93,50,16,175,0,5,56,7,68,16,98,106,23,243,110,24,134,377
12/28/2001,TLH,FL,ASO,ES,Towers with Radar,14,86,35,10,145,0,9,42,3,54,14,95,77,13,199,80,18,98,297
12/29/2001,TLH,FL,ASO,ES,Towers with Radar,16,59,32,0,107,0,0,59,0,59,16,59,91,0,166,32,0,32,198
12/30/2001,TLH,FL,ASO,ES,Towers with Radar,14,64,35,1,114,0,1,68,0,69,14,65,103,1,183,82,0,82,265
12/31/2001,TLH,FL,ASO,ES,Towers with Radar,12,55,39,0,106,1,21,9,0,31,13,76,48,0,137,22,0,22,159
01/01/2002,TLH,FL,ASO,ES,Towers with Radar,14,66,49,0,129,2,5,9,0,16,16,71,58,0,145,8,0,8,153
01/02/2002,TLH,FL,ASO,ES,Towers with Radar,12,92,16,0,120,0,1,0,0,1,12,93,16,0,121,0,0,0,121
01/03/2002,TLH,FL,ASO,ES,Towers with Radar,7,95,44,13,159,0,2,3,2,7,7,97,47,15,166,0,0,0,166
01/04/2002,TLH,FL,ASO,ES,Towers with Radar,17,96,54,40,207,0,9,60,4,73,17,105,114,44,280,78,38,116,396
01/05/2002,TLH,FL,ASO,ES,Towers with Radar,19,67,36,1,123,0,1,55,1,57,19,68,91,2,180,62,0,62,242
01/06/2002,TLH,FL,ASO,ES,Towers with Radar,11,54,40,4,109,6,18,4,0,28,17,72,44,4,137,4,2,6,143
01/07/2002,TLH,FL,ASO,ES,Towers with Radar,19,86,64,17,186,6,8,10,0,24,25,94,74,17,210,0,0,0,210
01/08/2002,TLH,FL,ASO,ES,Towers with Radar,16,99,72,21,208,0,2,98,0,100,16,101,170,21,308,38,2,40,348
01/09/2002,TLH,FL,ASO,ES,Towers with Radar,19,93,56,61,229,0,14,71,6,91,19,107,127,67,320,76,60,136,456
01/10/2002,TLH,FL,ASO,ES,Towers with Radar,20,101,77,18,216,0,14,45,5,64,20,115,122,23,280,102,20,122,402
01/11/2002,TLH,FL,ASO,ES,Towers with Radar,17,103,59,54,233,0,6,46,13,65,17,109,105,67,298,36,40,76,374
01/12/2002,TLH,FL,ASO,ES,Towers with Radar,17,61,56,2,136,0,0,5,4,9,17,61,61,6,145,0,0,0,145
01/13/2002,TLH,FL,ASO,ES,Towers with Radar,17,70,60,20,167,5,0,52,1,58,22,70,112,21,225,40,4,44,269
01/14/2002,TLH,FL,ASO,ES,Towers with Radar,14,68,48,5,135,0,26,0,0,26,14,94,48,5,161,0,0,0,161
01/15/2002,TLH,FL,ASO,ES,Towers with Radar,19,111,87,30,247,0,4,64,7,75,19,115,151,37,322,14,20,34,356
01/16/2002,TLH,FL,ASO,ES,Towers with Radar,18,98,72,16,204,0,10,77,4,91,18,108,149,20,295,66,0,66,361
01/17/2002,TLH,FL,ASO,ES,Towers with Radar,16,95,94,37,242,0,6,45,4,55,16,101,139,41,297,90,20,110,407
01/18/2002,TLH,FL,ASO,ES,Towers with Radar,20,114,67,50,251,0,4,41,8,53,20,118,108,58,304,64,20,84,388
01/19/2002,TLH,FL,ASO,ES,Towers with Radar,11,52,38,10,111,7,16,31,0,54,18,68,69,10,165,18,0,18,183
01/20/2002,TLH,FL,ASO,ES,Towers with Radar,19,71,57,0,147,0,2,42,2,46,19,73,99,2,193,52,2,54,247
01/21/2002,TLH,FL,ASO,ES,Towers with Radar,17,88,64,10,179,0,9,22,0,31,17,97,86,10,210,0,0,0,210
01/22/2002,TLH,FL,ASO,ES,Towers with Radar,15,104,110,24,253,0,1,10,5,16,15,105,120,29,269,50,2,52,321
01/23/2002,TLH,FL,ASO,ES,Towers with Radar,21,112,106,34,273,0,2,11,6,19,21,114,117,40,292,20,18,38,330
01/24/2002,TLH,FL,ASO,ES,Towers with Radar,18,107,83,29,237,0,0,9,47,56,18,107,92,76,293,30,84,114,407
01/25/2002,TLH,FL,ASO,ES,Towers with Radar,21,110,80,28,239,0,0,20,6,26,21,110,100,34,265,24,8,32,297
01/26/2002,TLH,FL,ASO,ES,Towers with Radar,14,55,50,13,132,1,0,33,0,34,15,55,83,13,166,10,2,12,178
01/27/2002,TLH,FL,ASO,ES,Towers with Radar,16,78,53,21,168,3,0,0,4,7,19,78,53,25,175,0,0,0,175
01/28/2002,TLH,FL,ASO,ES,Towers with Radar,16,95,69,11,191,0,7,38,0,45,16,102,107,11,236,6,0,6,242
01/29/2002,TLH,FL,ASO,ES,Towers with Radar,19,87,71,25,202,0,0,31,31,62,19,87,102,56,264,18,50,68,332
01/30/2002,TLH,FL,ASO,ES,Towers with Radar,17,94,74,24,209,0,0,87,0,87,17,94,161,24,296,73,0,73,369
01/31/2002,TLH,FL,ASO,ES,Towers with Radar,20,93,76,27,216,2,0,35,21,58,22,93,111,48,274,40,28,68,342
02/01/2002,TLH,FL,ASO,ES,Towers with Radar,22,88,67,41,218,1,9,27,1,38,23,97,94,42,256,42,8,50,306
02/02/2002,TLH,FL,ASO,ES,Towers with Radar,16,60,48,6,130,1,5,73,0,79,17,65,121,6,209,60,10,70,279
02/03/2002,TLH,FL,ASO,ES,Towers with Radar,18,65,57,12,152,1,5,73,0,79,19,70,130,12,231,90,4,94,325
02/04/2002,TLH,FL,ASO,ES,Towers with Radar,16,94,80,32,222,0,7,111,18,136,16,101,191,50,358,26,12,38,396
02/05/2002,TLH,FL,ASO,ES,Towers with Radar,16,94,70,30,210,1,10,60,0,71,17,104,130,30,281,32,18,50,331
02/06/2002,TLH,FL,ASO,ES,Towers with Radar,16,99,89,20,224,1,3,16,10,30,17,102,105,30,254,10,16,26,280
02/07/2002,TLH,FL,ASO,ES,Towers with Radar,17,102,102,18,239,1,2,13,0,16,18,104,115,18,255,12,0,12,267
02/08/2002,TLH,FL,ASO,ES,Towers with Radar,14,106,78,24,222,1,7,86,6,100,15,113,164,30,322,64,14,78,400
02/09/2002,TLH,FL,ASO,ES,Towers with Radar,16,67,46,11,140,1,3,79,1,84,17,70,125,12,224,100,6,106,330
02/10/2002,TLH,FL,ASO,ES,Towers with Radar,17,73,42,35,167,1,4,28,4,37,18,77,70,39,204,34,14,48,252
02/11/2002,TLH,FL,ASO,ES,Towers with Radar,14,101,72,20,207,1,10,75,3,89,15,111,147,23,296,86,24,110,406
02/12/2002,TLH,FL,ASO,ES,Towers with Radar,18,94,83,22,217,0,0,105,0,105,18,94,188,22,322,42,18,60,382
02/13/2002,TLH,FL,ASO,ES,Towers with Radar,20,101,127,40,288,0,6,59,2,67,20,107,186,42,355,102,24,126,481
02/14/2002,TLH,FL,ASO,ES,Towers with Radar,21,102,70,28,221,0,7,83,0,90,21,109,153,28,311,34,20,54,365
02/15/2002,TLH,FL,ASO,ES,Towers with Radar,18,105,104,42,269,0,0,48,58,106,18,105,152,100,375,50,58,108,483
02/16/2002,TLH,FL,ASO,ES,Towers with Radar,12,60,51,11,134,3,7,77,0,87,15,67,128,11,221,28,0,28,249
02/17/2002,TLH,FL,ASO,ES,Towers with Radar,14,70,59,15,158,5,4,90,0,99,19,74,149,15,257,30,8,38,295
02/18/2002,TLH,FL,ASO,ES,Towers with Radar,16,79,67,27,189,0,12,58,6,76,16,91,125,33,265,42,2,44,309
02/19/2002,TLH,FL,ASO,ES,Towers with Radar,16,105,89,36,246,0,4,83,20,107,16,109,172,56,353,24,46,70,423
02/20/2002,TLH,FL,ASO,ES,Towers with Radar,18,87,73,11,189,1,15,28,0,44,19,102,101,11,233,6,0,6,239
02/21/2002,TLH,FL,ASO,ES,Towers with Radar,20,109,104,42,275,0,0,75,21,96,20,109,179,63,371,58,28,86,457
02/22/2002,TLH,FL,ASO,ES,Towers with Radar,17,102,86,34,239,0,10,27,6,43,17,112,113,40,282,30,2,32,314
02/23/2002,TLH,FL,ASO,ES,Towers with Radar,13,64,54,1,132,3,2,65,0,70,16,66,119,1,202,0,0,0,202
02/24/2002,TLH,FL,ASO,ES,Towers with Radar,15,75,63,15,168,5,2,67,0,74,20,77,130,15,242,10,0,10,252
02/25/2002,TLH,FL,ASO,ES,Towers with Radar,18,87,74,30,209,1,12,66,36,115,19,99,140,66,324,28,38,66,390
02/26/2002,TLH,FL,ASO,ES,Towers with Radar,19,99,85,29,232,0,0,57,0,57,19,99,142,29,289,2,2,4,293
02/27/2002,TLH,FL,ASO,ES,Towers with Radar,20,101,86,35,242,0,36,29,4,69,20,137,115,39,311,4,22,26,337
02/28/2002,TLH,FL,ASO,ES,Towers with Radar,18,107,93,38,256,0,0,80,15,95,18,107,173,53,351,32,4,36,387
03/01/2002,TLH,FL,ASO,ES,Towers with Radar,19,108,82,53,262,0,8,47,21,76,19,116,129,74,338,36,52,88,426
03/02/2002,TLH,FL,ASO,ES,Towers with Radar,14,63,15,4,96,0,0,0,3,3,14,63,15,7,99,0,0,0,99
03/03/2002,TLH,FL,ASO,ES,Towers with Radar,17,62,43,22,144,0,0,8,3,11,17,62,51,25,155,18,4,22,177
03/04/2002,TLH,FL,ASO,ES,Towers with Radar,26,98,62,32,218,0,2,42,10,54,26,100,104,42,272,12,22,34,306
03/05/2002,TLH,FL,ASO,ES,Towers with Radar,15,95,62,32,204,0,15,66,6,87,15,110,128,38,291,116,36,152,443
03/06/2002,TLH,FL,ASO,ES,Towers with Radar,14,106,77,28,225,0,1,71,9,81,14,107,148,37,306,84,8,92,398
03/07/2002,TLH,FL,ASO,ES,Towers with Radar,24,99,66,26,215,0,13,62,6,81,24,112,128,32,296,70,30,100,396
03/08/2002,TLH,FL,ASO,ES,Towers with Radar,17,105,68,73,263,0,8,60,15,83,17,113,128,88,346,63,84,147,493
03/09/2002,TLH,FL,ASO,ES,Towers with Radar,17,65,67,1,150,0,5,44,3,52,17,70,111,4,202,44,0,44,246
03/10/2002,TLH,FL,ASO,ES,Towers with Radar,16,68,56,38,178,0,0,55,3,58,16,68,111,41,236,18,2,20,256
03/11/2002,TLH,FL,ASO,ES,Towers with Radar,14,87,57,29,187,0,11,65,6,82,14,98,122,35,269,38,48,86,355
03/12/2002,TLH,FL,ASO,ES,Towers with Radar,13,67,44,8,132,4,22,20,0,46,17,89,64,8,178,0,2,2,180
03/13/2002,TLH,FL,ASO,ES,Towers with Radar,14,111,70,29,224,0,0,34,5,39,14,111,104,34,263,24,18,42,305
03/14/2002,TLH,FL,ASO,ES,Towers with Radar,17,107,78,33,235,0,9,73,5,87,17,116,151,38,322,40,22,62,384
03/15/2002,TLH,FL,ASO,ES,Towers with Radar,20,111,82,62,275,0,2,50,18,70,20,113,132,80,345,36,75,111,456
03/16/2002,TLH,FL,ASO,ES,Towers with Radar,14,68,47,22,151,1,0,25,0,26,15,68,72,22,177,8,6,14,191
03/17/2002,TLH,FL,ASO,ES,Towers with Radar,17,66,67,29,179,0,0,41,7,48,17,66,108,36,227,24,0,24,251
03/18/2002,TLH,FL,ASO,ES,Towers with Radar,17,92,60,32,201,2,1,41,40,84,19,93,101,72,285,38,24,62,347
03/19/2002,TLH,FL,ASO,ES,Towers with Radar,15,105,61,34,215,0,3,80,5,88,15,108,141,39,303,16,4,20,323
03/20/2002,TLH,FL,ASO,ES,Towers with Radar,26,90,57,81,254,0,3,45,7,55,26,93,102,88,309,28,54,82,391
03/21/2002,TLH,FL,ASO,ES,Towers with Radar,17,102,69,28,216,0,2,35,3,40,17,104,104,31,256,44,22,66,322
03/22/2002,TLH,FL,ASO,ES,Towers with Radar,20,103,67,77,267,0,23,77,20,120,20,126,144,97,387,48,48,96,483
03/23/2002,TLH,FL,ASO,ES,Towers with Radar,21,66,48,4,139,0,1,105,8,114,21,67,153,12,253,66,0,66,319
03/24/2002,TLH,FL,ASO,ES,Towers with Radar,19,76,42,32,169,0,0,53,15,68,19,76,95,47,237,48,24,72,309
03/25/2002,TLH,FL,ASO,ES,Towers with Radar,16,86,55,29,186,0,16,54,18,88,16,102,109,47,274,14,28,42,316
03/26/2002,TLH,FL,ASO,ES,Towers with Radar,11,71,46,8,136,0,22,47,0,69,11,93,93,8,205,8,8,16,221
03/27/2002,TLH,FL,ASO,ES,Towers with Radar,17,103,67,19,206,0,15,76,0,91,17,118,143,19,297,28,26,54,351
03/28/2002,TLH,FL,ASO,ES,Towers with Radar,18,94,55,14,181,0,7,101,13,121,18,101,156,27,302,118,6,124,426
03/29/2002,TLH,FL,ASO,ES,Towers with Radar,17,95,59,44,215,0,10,107,10,127,17,105,166,54,342,64,50,114,456
03/30/2002,TLH,FL,ASO,ES,Towers with Radar,11,56,36,1,104,5,8,81,0,94,16,64,117,1,198,22,0,22,220
03/31/2002,TLH,FL,ASO,ES,Towers with Radar,9,50,31,0,90,9,5,8,0,22,18,55,39,0,112,0,0,0,112
04/01/2002,TLH,FL,ASO,ES,Towers with Radar,16,98,72,28,214,0,0,37,29,66,16,98,109,57,280,54,78,132,412
04/02/2002,TLH,FL,ASO,ES,Towers with Radar,14,86,63,22,185,0,28,45,0,73,14,114,108,22,258,70,39,109,367
04/03/2002,TLH,FL,ASO,ES,Towers with Radar,17,84,62,15,178,1,22,33,0,56,18,106,95,15,234,8,2,10,244
04/04/2002,TLH,FL,ASO,ES,Towers with Radar,16,98,72,29,215,0,14,75,23,112,16,112,147,52,327,76,12,88,415
04/05/2002,TLH,FL,ASO,ES,Towers with Radar,14,94,81,30,219,0,11,105,5,121,14,105,186,35,340,64,50,114,454
04/06/2002,TLH,FL,ASO,ES,Towers with Radar,18,59,49,15,141,0,5,105,6,116,18,64,154,21,257,36,20,56,313
04/07/2002,TLH,FL,ASO,ES,Towers with Radar,18,70,64,18,170,1,0,38,0,39,19,70,102,18,209,34,0,34,243
04/08/2002,TLH,FL,ASO,ES,Towers with Radar,17,98,60,15,190,0,11,40,17,68,17,109,100,32,258,16,0,16,274
04/09/2002,TLH,FL,ASO,ES,Towers with Radar,15,93,61,6,175,0,0,50,4,54,15,93,111,10,229,19,0,19,248
04/10/2002,TLH,FL,ASO,ES,Towers with Radar,17,112,92,20,241,0,0,12,0,12,17,112,104,20,253,34,0,34,287
04/11/2002,TLH,FL,ASO,ES,Towers with Radar,13,98,74,31,216,0,5,52,1,58,13,103,126,32,274,26,6,32,306
04/12/2002,TLH,FL,ASO,ES,Towers with Radar,22,100,93,39,254,0,4,55,3,62,22,104,148,42,316,26,18,44,360
04/13/2002,TLH,FL,ASO,ES,Towers with Radar,12,60,47,0,119,5,0,54,0,59,17,60,101,0,178,32,0,32,210
04/14/2002,TLH,FL,ASO,ES,Towers with Radar,12,64,45,17,138,6,4,53,0,63,18,68,98,17,201,30,10,40,241
04/15/2002,TLH,FL,ASO,ES,Towers with Radar,13,91,67,20,191,0,7,30,6,43,13,98,97,26,234,56,32,88,322
04/16/2002,TLH,FL,ASO,ES,Towers with Radar,17,90,64,26,197,1,11,70,1,83,18,101,134,27,280,36,6,42,322
04/17/2002,TLH,FL,ASO,ES,Towers with Radar,15,110,75,8,208,0,3,88,7,98,15,113,163,15,306,100,4,104,410
04/18/2002,TLH,FL,ASO,ES,Towers with Radar,21,96,57,51,225,0,5,51,8,64,21,101,108,59,289,40,24,64,353
04/19/2002,TLH,FL,ASO,ES,Towers with Radar,18,90,65,48,221,0,4,71,4,79,18,94,136,52,300,76,32,108,408
04/20/2002,TLH,FL,ASO,ES,Towers with Radar,17,60,39,5,121,0,2,69,1,72,17,62,108,6,193,50,0,50,243
04/21/2002,TLH,FL,ASO,ES,Towers with Radar,15,73,55,23,166,5,0,78,16,99,20,73,133,39,265,12,24,36,301
04/22/2002,TLH,FL,ASO,ES,Towers with Radar,16,82,58,24,180,0,10,38,13,61,16,92,96,37,241,77,24,101,342
04/23/2002,TLH,FL,ASO,ES,Towers with Radar,15,89,64,24,192,0,8,64,0,72,15,97,128,24,264,90,26,116,380
04/24/2002,TLH,FL,ASO,ES,Towers with Radar,17,93,83,51,244,0,7,58,12,77,17,100,141,63,321,87,102,189,510
04/25/2002,TLH,FL,ASO,ES,Towers with Radar,15,103,68,35,221,0,1,54,11,66,15,104,122,46,287,40,40,80,367
04/26/2002,TLH,FL,ASO,ES,Towers with Radar,18,103,72,36,229,0,9,53,5,67,18,112,125,41,296,44,56,100,396
04/27/2002,TLH,FL,ASO,ES,Towers with Radar,16,60,47,24,147,0,0,56,10,66,16,60,103,34,213,6,16,22,235
04/28/2002,TLH,FL,ASO,ES,Towers with Radar,13,68,51,20,152,7,0,34,7,48,20,68,85,27,200,14,10,24,224
04/29/2002,TLH,FL,ASO,ES,Towers with Radar,16,84,61,24,185,0,13,17,25,55,16,97,78,49,240,92,22,114,354
04/30/2002,TLH,FL,ASO,ES,Towers with Radar,17,106,67,35,225,0,10,17,11,38,17,116,84,46,263,32,32,64,327
05/01/2002,TLH,FL,ASO,ES,Towers with Radar,17,93,59,37,206,0,13,50,6,69,17,106,109,43,275,34,28,62,337
05/02/2002,TLH,FL,ASO,ES,Towers with Radar,18,94,59,38,209,0,6,62,1,69,18,100,121,39,278,12,2,14,292
05/03/2002,TLH,FL,ASO,ES,Towers with Radar,15,93,61,38,207,0,13,45,10,68,15,106,106,48,275,30,24,54,329
05/04/2002,TLH,FL,ASO,ES,Towers with Radar,16,59,59,13,147,0,4,51,1,56,16,63,110,14,203,52,10,62,265
05/05/2002,TLH,FL,ASO,ES,Towers with Radar,16,63,47,15,141,6,0,38,0,44,22,63,85,15,185,65,10,75,260
05/06/2002,TLH,FL,ASO,ES,Towers with Radar,18,97,80,39,234,0,1,32,5,38,18,98,112,44,272,28,26,54,326
05/07/2002,TLH,FL,ASO,ES,Towers with Radar,20,89,56,16,181,0,14,63,2,79,20,103,119,18,260,69,0,69,329
05/08/2002,TLH,FL,ASO,ES,Towers with Radar,18,99,67,43,227,0,0,58,21,79,18,99,125,64,306,72,48,120,426
05/09/2002,TLH,FL,ASO,ES,Towers with Radar,20,102,69,87,278,0,8,68,2,78,20,110,137,89,356,42,90,132,488
05/10/2002,TLH,FL,ASO,ES,Towers with Radar,18,96,51,38,203,0,8,73,6,87,18,104,124,44,290,68,22,90,380
05/11/2002,TLH,FL,ASO,ES,Towers with Radar,20,58,48,9,135,0,3,42,1,46,20,61,90,10,181,28,0,28,209
05/12/2002,TLH,FL,ASO,ES,Towers with Radar,12,61,39,23,135,8,13,47,0,68,20,74,86,23,203,24,0,24,227
05/13/2002,TLH,FL,ASO,ES,Towers with Radar,15,94,58,10,177,0,14,25,5,44,15,108,83,15,221,52,4,56,277
05/14/2002,TLH,FL,ASO,ES,Towers with Radar,17,94,73,41,225,0,8,57,2,67,17,102,130,43,292,24,28,52,344
05/15/2002,TLH,FL,ASO,ES,Towers with Radar,17,98,62,38,215,0,8,107,0,115,17,106,169,38,330,56,10,66,396
05/16/2002,TLH,FL,ASO,ES,Towers with Radar,19,91,57,37,204,0,24,61,10,95,19,115,118,47,299,58,32,90,389
05/17/2002,TLH,FL,ASO,ES,Towers with Radar,19,93,68,45,225,0,0,48,32,80,19,93,116,77,305,26,32,58,363
05/18/2002,TLH,FL,ASO,ES,Towers with Radar,16,53,26,8,103,0,3,31,0,34,16,56,57,8,137,8,2,10,147
05/19/2002,TLH,FL,ASO,ES,Towers with Radar,13,58,42,28,141,6,0,17,3,26,19,58,59,31,167,0,18,18,185
05/20/2002,TLH,FL,ASO,ES,Towers with Radar,17,87,49,81,234,0,14,74,12,100,17,101,123,93,334,64,42,106,440
05/21/2002,TLH,FL,ASO,ES,Towers with Radar,19,98,62,41,220,0,6,101,20,127,19,104,163,61,347,52,30,82,429
05/22/2002,TLH,FL,ASO,ES,Towers with Radar,12,96,60,40,208,0,14,39,6,59,12,110,99,46,267,58,60,118,385
05/23/2002,TLH,FL,ASO,ES,Towers with Radar,19,90,66,26,201,0,8,54,2,64,19,98,120,28,265,62,21,83,348
05/24/2002,TLH,FL,ASO,ES,Towers with Radar,14,93,41,31,179,0,9,88,3,100,14,102,129,34,279,108,24,132,411
05/25/2002,TLH,FL,ASO,ES,Towers with Radar,12,54,35,0,101,5,17,91,0,113,17,71,126,0,214,66,0,66,280
05/26/2002,TLH,FL,ASO,ES,Towers with Radar,17,54,27,2,100,0,3,63,0,66,17,57,90,2,166,76,2,78,244
05/27/2002,TLH,FL,ASO,ES,Towers with Radar,14,70,43,8,135,4,12,70,0,86,18,82,113,8,221,37,0,37,258
05/28/2002,TLH,FL,ASO,ES,Towers with Radar,18,98,38,61,215,0,16,52,9,77,18,114,90,70,292,10,18,28,320
05/29/2002,TLH,FL,ASO,ES,Towers with Radar,19,102,57,71,249,0,18,45,6,69,19,120,102,77,318,62,52,114,432
05/30/2002,TLH,FL,ASO,ES,Towers with Radar,18,106,49,20,193,0,4,47,8,59,18,110,96,28,252,70,6,76,328
05/31/2002,TLH,FL,ASO,ES,Towers with Radar,22,87,54,40,203,0,8,72,10,90,22,95,126,50,293,10,0,10,303
06/01/2002,TLH,FL,ASO,ES,Towers with Radar,10,60,39,3,112,12,5,41,2,60,22,65,80,5,172,16,0,16,188
06/02/2002,TLH,FL,ASO,ES,Towers with Radar,19,61,32,5,117,0,41,65,20,126,19,102,97,25,243,14,10,24,267
06/03/2002,TLH,FL,ASO,ES,Towers with Radar,19,87,56,17,179,0,15,52,0,67,19,102,108,17,246,44,18,62,308
06/04/2002,TLH,FL,ASO,ES,Towers with Radar,17,79,52,24,172,4,20,38,15,77,21,99,90,39,249,36,22,58,307
06/05/2002,TLH,FL,ASO,ES,Towers with Radar,20,86,59,34,199,1,0,31,0,32,21,86,90,34,231,73,30,103,334
06/06/2002,TLH,FL,ASO,ES,Towers with Radar,20,84,52,7,163,0,2,28,0,30,20,86,80,7,193,40,0,40,233
06/07/2002,TLH,FL,ASO,ES,Towers with Radar,18,58,39,0,115,0,0,12,0,12,18,58,51,0,127,12,0,12,139
06/08/2002,TLH,FL,ASO,ES,Towers with Radar,17,59,45,0,121,1,5,36,15,57,18,64,81,15,178,0,0,0,178
06/09/2002,TLH,FL,ASO,ES,Towers with Radar,11,59,39,6,115,0,0,65,0,65,11,59,104,6,180,16,6,22,202
06/10/2002,TLH,FL,ASO,ES,Towers with Radar,18,82,53,25,178,1,4,60,9,74,19,86,113,34,252,52,53,105,357
06/11/2002,TLH,FL,ASO,ES,Towers with Radar,19,83,54,22,178,3,15,68,0,86,22,98,122,22,264,72,28,100,364
06/12/2002,TLH,FL,ASO,ES,Towers with Radar,18,97,66,31,212,0,0,86,23,109,18,97,152,54,321,50,25,75,396
06/13/2002,TLH,FL,ASO,ES,Towers with Radar,18,98,64,29,209,0,0,94,1,95,18,98,158,30,304,81,54,135,439
06/14/2002,TLH,FL,ASO,ES,Towers with Radar,21,90,42,56,209,0,6,53,0,59,21,96,95,56,268,30,58,88,356
06/15/2002,TLH,FL,ASO,ES,Towers with Radar,18,55,42,11,126,0,0,94,9,103,18,55,136,20,229,100,10,110,339
06/16/2002,TLH,FL,ASO,ES,Towers with Radar,16,64,43,20,143,3,0,55,0,58,19,64,98,20,201,8,6,14,215
06/17/2002,TLH,FL,ASO,ES,Towers with Radar,18,78,51,23,170,5,7,42,7,61,23,85,93,30,231,36,10,46,277
06/18/2002,TLH,FL,ASO,ES,Towers with Radar,21,88,44,20,173,0,0,21,6,27,21,88,65,26,200,10,4,14,214
06/19/2002,TLH,FL,ASO,ES,Towers with Radar,20,107,73,32,232,0,2,43,3,48,20,109,116,35,280,26,14,40,320
06/20/2002,TLH,FL,ASO,ES,Towers with Radar,21,85,56,39,201,0,9,65,5,79,21,94,121,44,280,72,48,120,400
06/21/2002,TLH,FL,ASO,ES,Towers with Radar,20,90,53,68,231,0,0,17,1,18,20,90,70,69,249,34,106,140,389
06/22/2002,TLH,FL,ASO,ES,Towers with Radar,18,53,35,3,109,0,2,34,0,36,18,55,69,3,145,8,0,8,153
06/23/2002,TLH,FL,ASO,ES,Towers with Radar,19,59,22,0,100,0,0,17,0,17,19,59,39,0,117,6,0,6,123
06/24/2002,TLH,FL,ASO,ES,Towers with Radar,18,83,46,16,163,0,0,20,2,22,18,83,66,18,185,13,2,15,200
06/25/2002,TLH,FL,ASO,ES,Towers with Radar,18,81,69,35,203,0,0,20,1,21,18,81,89,36,224,106,12,118,342
06/26/2002,TLH,FL,ASO,ES,Towers with Radar,20,96,62,23,201,0,10,56,0,66,20,106,118,23,267,84,10,94,361
06/27/2002,TLH,FL,ASO,ES,Towers with Radar,15,100,65,30,210,0,1,49,21,71,15,101,114,51,281,78,20,98,379
06/28/2002,TLH,FL,ASO,ES,Towers with Radar,17,85,74,40,216,0,7,54,8,69,17,92,128,48,285,64,42,106,391
06/29/2002,TLH,FL,ASO,ES,Towers with Radar,16,62,39,9,126,0,4,51,1,56,16,66,90,10,182,34,10,44,226
06/30/2002,TLH,FL,ASO,ES,Towers with Radar,18,60,32,18,128,0,4,40,3,47,18,64,72,21,175,16,14,30,205
07/01/2002,TLH,FL,ASO,ES,Towers with Radar,18,76,44,22,160,2,20,38,3,63,20,96,82,25,223,46,8,54,277
07/02/2002,TLH,FL,ASO,ES,Towers with Radar,19,86,51,24,180,0,1,47,35,83,19,87,98,59,263,32,32,64,327
07/03/2002,TLH,FL,ASO,ES,Towers with Radar,16,88,52,15,171,1,2,50,1,54,17,90,102,16,225,28,14,42,267
07/04/2002,TLH,FL,ASO,ES,Towers with Radar,14,61,35,5,115,4,9,45,0,58,18,70,80,5,173,40,8,48,221
07/05/2002,TLH,FL,ASO,ES,Towers with Radar,18,75,31,2,126,1,1,39,0,41,19,76,70,2,167,54,0,54,221
07/06/2002,TLH,FL,ASO,ES,Towers with Radar,14,57,46,2,119,1,11,46,0,58,15,68,92,2,177,28,14,42,219
07/07/2002,TLH,FL,ASO,ES,Towers with Radar,17,53,34,5,109,1,3,52,0,56,18,56,86,5,165,0,0,0,165
07/08/2002,TLH,FL,ASO,ES,Towers with Radar,19,76,47,27,169,1,1,37,0,39,20,77,84,27,208,0,0,0,208
07/09/2002,TLH,FL,ASO,ES,Towers with Radar,24,90,55,21,190,0,0,49,0,49,24,90,104,21,239,4,10,14,253
07/10/2002,TLH,FL,ASO,ES,Towers with Radar,19,93,83,34,229,0,8,50,8,66,19,101,133,42,295,58,6,64,359
07/11/2002,TLH,FL,ASO,ES,Towers with Radar,15,78,46,14,153,0,16,77,0,93,15,94,123,14,246,82,16,98,344
07/12/2002,TLH,FL,ASO,ES,Towers with Radar,19,89,60,27,195,0,17,39,2,58,19,106,99,29,253,44,24,68,321
07/13/2002,TLH,FL,ASO,ES,Towers with Radar,18,52,20,9,99,0,4,24,1,29,18,56,44,10,128,12,6,18,146
07/14/2002,TLH,FL,ASO,ES,Towers with Radar,13,48,28,2,91,6,6,42,0,54,19,54,70,2,145,12,0,12,157
07/15/2002,TLH,FL,ASO,ES,Towers with Radar,23,93,55,26,197,0,0,48,19,67,23,93,103,45,264,24,30,54,318
07/16/2002,TLH,FL,ASO,ES,Towers with Radar,22,85,52,25,184,1,0,64,4,69,23,85,116,29,253,78,16,94,347
07/17/2002,TLH,FL,ASO,ES,Towers with Radar,23,95,57,26,201,0,2,55,34,91,23,97,112,60,292,62,50,112,404
07/18/2002,TLH,FL,ASO,ES,Towers with Radar,18,97,58,26,199,0,2,53,21,76,18,99,111,47,275,10,18,28,303
07/19/2002,TLH,FL,ASO,ES,Towers with Radar,21,78,55,45,199,0,10,59,3,72,21,88,114,48,271,52,8,60,331
07/20/2002,TLH,FL,ASO,ES,Towers with Radar,13,54,43,0,110,0,4,41,0,45,13,58,84,0,155,10,0,10,165
07/21/2002,TLH,FL,ASO,ES,Towers with Radar,19,57,39,4,119,0,3,33,0,36,19,60,72,4,155,8,0,8,163
07/22/2002,TLH,FL,ASO,ES,Towers with Radar,20,87,34,26,167,0,2,34,2,38,20,89,68,28,205,50,4,54,259
07/23/2002,TLH,FL,ASO,ES,Towers with Radar,20,86,52,25,183,0,2,30,6,38,20,88,82,31,221,44,0,44,265
07/24/2002,TLH,FL,ASO,ES,Towers with Radar,17,86,49,21,173,0,1,42,0,43,17,87,91,21,216,30,0,30,246
07/25/2002,TLH,FL,ASO,ES,Towers with Radar,16,90,83,18,207,0,5,43,0,48,16,95,126,18,255,54,4,58,313
07/26/2002,TLH,FL,ASO,ES,Towers with Radar,18,63,44,8,133,0,15,28,0,43,18,78,72,8,176,0,0,0,176
07/27/2002,TLH,FL,ASO,ES,Towers with Radar,19,59,44,5,127,0,5,50,1,56,19,64,94,6,183,104,0,104,287
07/28/2002,TLH,FL,ASO,ES,Towers with Radar,20,57,25,0,102,0,2,34,0,36,20,59,59,0,138,142,0,142,280
07/29/2002,TLH,FL,ASO,ES,Towers with Radar,20,87,23,9,139,0,0,48,0,48,20,87,71,9,187,18,4,22,209
07/30/2002,TLH,FL,ASO,ES,Towers with Radar,20,80,47,22,169,3,12,57,4,76,23,92,104,26,245,38,14,52,297
07/31/2002,TLH,FL,ASO,ES,Towers with Radar,18,89,52,23,182,0,1,39,18,58,18,90,91,41,240,64,8,72,312
08/01/2002,TLH,FL,ASO,ES,Towers with Radar,10,44,29,8,91,6,7,18,0,31,16,51,47,8,122,22,0,22,144
08/02/2002,TLH,FL,ASO,ES,Towers with Radar,18,89,50,39,196,1,2,74,1,78,19,91,124,40,274,16,12,28,302
08/03/2002,TLH,FL,ASO,ES,Towers with Radar,18,59,32,19,128,1,0,50,1,52,19,59,82,20,180,36,0,36,216
08/04/2002,TLH,FL,ASO,ES,Towers with Radar,16,63,57,17,153,1,0,33,1,35,17,63,90,18,188,0,0,0,188
08/05/2002,TLH,FL,ASO,ES,Towers with Radar,19,83,33,16,151,0,3,41,0,44,19,86,74,16,195,2,0,2,197
08/06/2002,TLH,FL,ASO,ES,Towers with Radar,19,82,54,33,188,0,13,43,5,61,19,95,97,38,249,38,20,58,307
08/07/2002,TLH,FL,ASO,ES,Towers with Radar,17,94,48,38,197,0,5,45,6,56,17,99,93,44,253,28,8,36,289
08/08/2002,TLH,FL,ASO,ES,Towers with Radar,20,87,52,32,191,0,8,68,2,78,20,95,120,34,269,10,4,14,283
08/09/2002,TLH,FL,ASO,ES,Towers with Radar,19,90,55,41,205,0,7,71,6,84,19,97,126,47,289,6,22,28,317
08/10/2002,TLH,FL,ASO,ES,Towers with Radar,17,59,56,0,132,0,0,88,6,94,17,59,144,6,226,98,0,98,324
08/11/2002,TLH,FL,ASO,ES,Towers with Radar,21,63,50,10,144,0,6,81,6,93,21,69,131,16,237,54,16,70,307
08/12/2002,TLH,FL,ASO,ES,Towers with Radar,22,76,51,42,191,0,6,28,1,35,22,82,79,43,226,20,36,56,282
08/13/2002,TLH,FL,ASO,ES,Towers with Radar,22,98,68,14,202,0,0,28,3,31,22,98,96,17,233,76,0,76,309
08/14/2002,TLH,FL,ASO,ES,Towers with Radar,24,88,55,14,181,0,1,54,1,56,24,89,109,15,237,10,6,16,253
08/15/2002,TLH,FL,ASO,ES,Towers with Radar,21,93,66,56,236,0,2,38,7,47,21,95,104,63,283,52,0,52,335
08/16/2002,TLH,FL,ASO,ES,Towers with Radar,19,93,74,94,280,0,6,42,7,55,19,99,116,101,335,24,52,76,411
08/17/2002,TLH,FL,ASO,ES,Towers with Radar,17,60,34,11,122,0,7,58,1,66,17,67,92,12,188,33,2,35,223
08/18/2002,TLH,FL,ASO,ES,Towers with Radar,18,58,28,7,111,0,3,41,4,48,18,61,69,11,159,0,0,0,159
08/19/2002,TLH,FL,ASO,ES,Towers with Radar,20,78,51,7,156,0,3,32,5,40,20,81,83,12,196,46,0,46,242
08/20/2002,TLH,FL,ASO,ES,Towers with Radar,20,82,55,28,185,0,16,17,0,33,20,98,72,28,218,40,0,40,258
08/21/2002,TLH,FL,ASO,ES,Towers with Radar,21,89,63,37,210,0,0,80,20,100,21,89,143,57,310,106,46,152,462
08/22/2002,TLH,FL,ASO,ES,Towers with Radar,20,97,82,56,255,0,4,44,12,60,20,101,126,68,315,144,65,209,524
08/23/2002,TLH,FL,ASO,ES,Towers with Radar,27,81,60,82,250,0,6,82,5,93,27,87,142,87,343,34,10,44,387
08/24/2002,TLH,FL,ASO,ES,Towers with Radar,18,57,35,23,133,0,0,61,4,65,18,57,96,27,198,14,0,14,212
08/25/2002,TLH,FL,ASO,ES,Towers with Radar,19,52,42,18,131,0,2,57,3,62,19,54,99,21,193,16,6,22,215
08/26/2002,TLH,FL,ASO,ES,Towers with Radar,20,79,59,35,193,0,0,14,32,46,20,79,73,67,239,66,4,70,309
08/27/2002,TLH,FL,ASO,ES,Towers with Radar,19,87,59,54,219,0,6,31,5,42,19,93,90,59,261,12,2,14,275
08/28/2002,TLH,FL,ASO,ES,Towers with Radar,20,83,79,50,232,0,8,25,4,37,20,91,104,54,269,36,40,76,345
08/29/2002,TLH,FL,ASO,ES,Towers with Radar,22,89,60,32,203,0,15,22,0,37,22,104,82,32,240,36,34,70,310
08/30/2002,TLH,FL,ASO,ES,Towers with Radar,31,83,54,35,203,0,2,41,5,48,31,85,95,40,251,44,0,44,295
08/31/2002,TLH,FL,ASO,ES,Towers with Radar,16,60,41,1,118,0,0,40,0,40,16,60,81,1,158,5,4,9,167
09/01/2002,TLH,FL,ASO,ES,Towers with Radar,15,50,27,6,98,1,1,20,2,24,16,51,47,8,122,22,0,22,144
09/02/2002,TLH,FL,ASO,ES,Towers with Radar,15,64,35,4,118,1,6,36,2,45,16,70,71,6,163,64,0,64,227
09/03/2002,TLH,FL,ASO,ES,Towers with Radar,19,95,44,43,201,1,2,33,3,39,20,97,77,46,240,28,0,28,268
09/04/2002,TLH,FL,ASO,ES,Towers with Radar,24,95,51,59,229,0,5,48,5,58,24,100,99,64,287,56,40,96,383
09/05/2002,TLH,FL,ASO,ES,Towers with Radar,19,94,59,31,203,0,7,39,23,69,19,101,98,54,272,46,22,68,340
09/06/2002,TLH,FL,ASO,ES,Towers with Radar,21,96,66,55,238,0,5,37,4,46,21,101,103,59,284,52,50,102,386
09/07/2002,TLH,FL,ASO,ES,Towers with Radar,18,65,48,15,146,0,6,60,10,76,18,71,108,25,222,42,14,56,278
09/08/2002,TLH,FL,ASO,ES,Towers with Radar,19,63,53,15,150,0,0,49,1,50,19,63,102,16,200,22,8,30,230
09/09/2002,TLH,FL,ASO,ES,Towers with Radar,22,78,63,40,203,0,14,46,5,65,22,92,109,45,268,94,10,104,372
09/10/2002,TLH,FL,ASO,ES,Towers with Radar,17,96,65,33,211,0,0,59,5,64,17,96,124,38,275,28,22,50,325
09/11/2002,TLH,FL,ASO,ES,Towers with Radar,15,81,52,45,193,0,5,70,10,85,15,86,122,55,278,42,28,70,348
09/12/2002,TLH,FL,ASO,ES,Towers with Radar,18,91,73,53,235,0,7,54,5,66,18,98,127,58,301,56,26,82,383
09/13/2002,TLH,FL,ASO,ES,Towers with Radar,27,89,44,0,160,0,1,10,0,11,27,90,54,0,171,16,0,16,187
09/14/2002,TLH,FL,ASO,ES,Towers with Radar,19,59,14,0,92,0,0,0,0,0,19,59,14,0,92,0,0,0,92
09/15/2002,TLH,FL,ASO,ES,Towers with Radar,20,58,41,0,119,0,0,12,1,13,20,58,53,1,132,14,0,14,146
09/16/2002,TLH,FL,ASO,ES,Towers with Radar,21,82,46,22,171,0,0,18,6,24,21,82,64,28,195,56,28,84,279
09/17/2002,TLH,FL,ASO,ES,Towers with Radar,19,96,54,50,219,0,2,41,4,47,19,98,95,54,266,16,4,20,286
09/18/2002,TLH,FL,ASO,ES,Towers with Radar,22,94,61,22,199,0,0,81,0,81,22,94,142,22,280,30,14,44,324
09/19/2002,TLH,FL,ASO,ES,Towers with Radar,22,101,64,33,220,0,1,21,34,56,22,102,85,67,276,30,32,62,338
09/20/2002,TLH,FL,ASO,ES,Towers with Radar,22,98,67,82,269,0,6,63,7,76,22,104,130,89,345,70,48,118,463
09/21/2002,TLH,FL,ASO,ES,Towers with Radar,15,64,41,5,125,4,4,72,0,80,19,68,113,5,205,62,0,62,267
09/22/2002,TLH,FL,ASO,ES,Towers with Radar,17,65,46,24,152,1,0,91,20,112,18,65,137,44,264,8,16,24,288
09/23/2002,TLH,FL,ASO,ES,Towers with Radar,21,86,53,19,179,0,0,36,10,46,21,86,89,29,225,6,14,20,245
09/24/2002,TLH,FL,ASO,ES,Towers with Radar,18,79,50,4,151,0,14,10,0,24,18,93,60,4,175,2,4,6,181
09/25/2002,TLH,FL,ASO,ES,Towers with Radar,24,89,41,8,162,0,0,16,1,17,24,89,57,9,179,42,14,56,235
09/26/2002,TLH,FL,ASO,ES,Towers with Radar,15,62,37,0,114,6,24,0,0,30,21,86,37,0,144,0,0,0,144
09/27/2002,TLH,FL,ASO,ES,Towers with Radar,21,92,51,38,202,0,6,26,1,33,21,98,77,39,235,26,30,56,291
09/28/2002,TLH,FL,ASO,ES,Towers with Radar,17,51,31,3,102,0,4,59,1,64,17,55,90,4,166,36,0,36,202
09/29/2002,TLH,FL,ASO,ES,Towers with Radar,15,59,38,6,118,3,3,63,0,69,18,62,101,6,187,44,0,44,231
09/30/2002,TLH,FL,ASO,ES,Towers with Radar,19,85,63,14,181,0,3,31,4,38,19,88,94,18,219,54,4,58,277
10/01/2002,TLH,FL,ASO,ES,Towers with Radar,21,95,64,28,208,0,6,34,2,42,21,101,98,30,250,12,22,34,284
10/02/2002,TLH,FL,ASO,ES,Towers with Radar,27,93,55,51,226,0,2,74,5,81,27,95,129,56,307,58,12,70,377
10/03/2002,TLH,FL,ASO,ES,Towers with Radar,21,81,73,37,212,0,6,76,11,93,21,87,149,48,305,44,72,116,421
10/04/2002,TLH,FL,ASO,ES,Towers with Radar,25,87,78,41,231,2,9,55,12,78,27,96,133,53,309,58,36,94,403
10/05/2002,TLH,FL,ASO,ES,Towers with Radar,18,65,40,19,142,0,1,51,2,54,18,66,91,21,196,60,0,60,256
10/06/2002,TLH,FL,ASO,ES,Towers with Radar,18,56,63,7,144,0,1,54,0,55,18,57,117,7,199,72,0,72,271
10/07/2002,TLH,FL,ASO,ES,Towers with Radar,20,74,47,44,185,0,8,36,4,48,20,82,83,48,233,2,8,10,243
10/08/2002,TLH,FL,ASO,ES,Towers with Radar,18,69,62,22,171,0,20,40,0,60,18,89,102,22,231,16,0,16,247
10/09/2002,TLH,FL,ASO,ES,Towers with Radar,20,86,131,39,276,0,1,15,0,16,20,87,146,39,292,48,22,70,362
10/10/2002,TLH,FL,ASO,ES,Towers with Radar,22,82,61,81,246,0,3,39,3,45,22,85,100,84,291,40,26,66,357
10/11/2002,TLH,FL,ASO,ES,Towers with Radar,19,86,60,37,202,0,2,39,1,42,19,88,99,38,244,54,18,72,316
10/12/2002,TLH,FL,ASO,ES,Towers with Radar,22,60,31,4,117,0,4,50,4,58,22,64,81,8,175,0,0,0,175
10/13/2002,TLH,FL,ASO,ES,Towers with Radar,19,57,34,2,112,0,3,41,0,44,19,60,75,2,156,26,0,26,182
10/14/2002,TLH,FL,ASO,ES,Towers with Radar,22,68,40,0,130,0,0,29,1,30,22,68,69,1,160,118,0,118,278
10/15/2002,TLH,FL,ASO,ES,Towers with Radar,15,55,46,5,121,3,28,0,0,31,18,83,46,5,152,0,0,0,152
10/16/2002,TLH,FL,ASO,ES,Towers with Radar,24,87,97,50,258,0,0,50,30,80,24,87,147,80,338,72,30,102,440
10/17/2002,TLH,FL,ASO,ES,Towers with Radar,25,79,77,21,202,0,0,85,6,91,25,79,162,27,293,72,28,100,393
10/18/2002,TLH,FL,ASO,ES,Towers with Radar,19,80,55,38,192,0,14,89,9,112,19,94,144,47,304,70,24,94,398
10/19/2002,TLH,FL,ASO,ES,Towers with Radar,20,63,35,37,155,0,3,74,0,77,20,66,109,37,232,56,8,64,296
10/20/2002,TLH,FL,ASO,ES,Towers with Radar,17,50,31,7,105,0,0,54,1,55,17,50,85,8,160,0,0,0,160
10/21/2002,TLH,FL,ASO,ES,Towers with Radar,19,71,46,53,189,0,5,24,6,35,19,76,70,59,224,28,16,44,268
10/22/2002,TLH,FL,ASO,ES,Towers with Radar,21,78,50,57,206,0,1,43,8,52,21,79,93,65,258,74,22,96,354
10/23/2002,TLH,FL,ASO,ES,Towers with Radar,16,74,69,55,214,0,5,20,6,31,16,79,89,61,245,36,46,82,327
10/24/2002,TLH,FL,ASO,ES,Towers with Radar,22,87,93,65,267,0,0,6,0,6,22,87,99,65,273,10,22,32,305
10/25/2002,TLH,FL,ASO,ES,Towers with Radar,27,96,140,116,379,0,0,4,0,4,27,96,144,116,383,0,40,40,423
10/26/2002,TLH,FL,ASO,ES,Towers with Radar,23,91,206,1,321,0,0,13,0,13,23,91,219,1,334,0,0,0,334
10/27/2002,TLH,FL,ASO,ES,Towers with Radar,16,61,96,27,200,0,0,40,2,42,16,61,136,29,242,8,0,8,250
10/28/2002,TLH,FL,ASO,ES,Towers with Radar,19,81,86,37,223,0,3,40,2,45,19,84,126,39,268,26,44,70,338
10/29/2002,TLH,FL,ASO,ES,Towers with Radar,22,80,80,8,190,0,0,11,4,15,22,80,91,12,205,22,0,22,227
10/30/2002,TLH,FL,ASO,ES,Towers with Radar,23,91,72,49,235,0,4,70,3,77,23,95,142,52,312,34,44,78,390
10/31/2002,TLH,FL,ASO,ES,Towers with Radar,20,79,71,36,206,5,6,66,4,81,25,85,137,40,287,54,16,70,357
11/01/2002,TLH,FL,ASO,ES,Towers with Radar,21,80,75,48,224,0,3,79,7,89,21,83,154,55,313,76,40,116,429
11/02/2002,TLH,FL,ASO,ES,Towers with Radar,17,47,46,15,125,4,22,72,0,98,21,69,118,15,223,8,20,28,251
11/03/2002,TLH,FL,ASO,ES,Towers with Radar,20,47,33,22,122,0,2,33,7,42,20,49,66,29,164,10,18,28,192
11/04/2002,TLH,FL,ASO,ES,Towers with Radar,18,60,45,43,166,0,18,15,1,34,18,78,60,44,200,30,28,58,258
11/05/2002,TLH,FL,ASO,ES,Towers with Radar,23,62,31,14,130,0,1,18,2,21,23,63,49,16,151,0,0,0,151
11/06/2002,TLH,FL,ASO,ES,Towers with Radar,18,76,80,76,250,0,11,63,6,80,18,87,143,82,330,70,40,110,440
11/07/2002,TLH,FL,ASO,ES,Towers with Radar,23,71,61,90,245,0,7,82,4,93,23,78,143,94,338,52,84,136,474
11/08/2002,TLH,FL,ASO,ES,Towers with Radar,24,68,70,37,199,7,0,78,0,85,31,68,148,37,284,100,22,122,406
11/09/2002,TLH,FL,ASO,ES,Towers with Radar,18,49,49,25,141,2,8,40,0,50,20,57,89,25,191,72,2,74,265
11/10/2002,TLH,FL,ASO,ES,Towers with Radar,17,49,50,16,132,4,0,6,0,10,21,49,56,16,142,10,12,22,164
11/11/2002,TLH,FL,ASO,ES,Towers with Radar,22,44,42,18,126,0,2,11,2,15,22,46,53,20,141,0,0,0,141
11/12/2002,TLH,FL,ASO,ES,Towers with Radar,20,70,36,22,148,0,1,1,1,3,20,71,37,23,151,0,0,0,151
11/13/2002,TLH,FL,ASO,ES,Towers with Radar,19,67,70,82,238,0,2,77,8,87,19,69,147,90,325,36,48,84,409
11/14/2002,TLH,FL,ASO,ES,Towers with Radar,18,64,63,51,196,0,9,77,3,89,18,73,140,54,285,36,30,66,351
11/15/2002,TLH,FL,ASO,ES,Towers with Radar,23,66,97,86,272,0,10,71,2,83,23,76,168,88,355,46,24,70,425
11/16/2002,TLH,FL,ASO,ES,Towers with Radar,21,52,33,8,114,0,4,10,1,15,21,56,43,9,129,8,10,18,147
11/17/2002,TLH,FL,ASO,ES,Towers with Radar,16,47,59,11,133,0,2,33,3,38,16,49,92,14,171,33,24,57,228
11/18/2002,TLH,FL,ASO,ES,Towers with Radar,22,71,70,47,210,0,0,41,37,78,22,71,111,84,288,58,6,64,352
11/19/2002,TLH,FL,ASO,ES,Towers with Radar,22,82,82,55,241,0,0,61,57,118,22,82,143,112,359,52,56,108,467
11/20/2002,TLH,FL,ASO,ES,Towers with Radar,21,63,83,76,243,0,0,50,8,58,21,63,133,84,301,82,22,104,405
11/21/2002,TLH,FL,ASO,ES,Towers with Radar,22,72,66,84,244,0,9,36,12,57,22,81,102,96,301,22,22,44,345
11/22/2002,TLH,FL,ASO,ES,Towers with Radar,21,75,65,72,233,0,9,65,13,87,21,84,130,85,320,72,60,132,452
11/23/2002,TLH,FL,ASO,ES,Towers with Radar,18,51,39,5,113,0,1,87,3,91,18,52,126,8,204,30,16,46,250
11/24/2002,TLH,FL,ASO,ES,Towers with Radar,16,48,46,30,140,4,3,69,9,85,20,51,115,39,225,50,12,62,287
11/25/2002,TLH,FL,ASO,ES,Towers with Radar,19,57,55,36,167,0,4,71,20,95,19,61,126,56,262,0,2,2,264
11/26/2002,TLH,FL,ASO,ES,Towers with Radar,20,74,88,57,239,0,5,65,8,78,20,79,153,65,317,30,46,76,393
11/27/2002,TLH,FL,ASO,ES,Towers with Radar,23,70,100,19,212,0,7,40,4,51,23,77,140,23,263,34,0,34,297
11/28/2002,TLH,FL,ASO,ES,Towers with Radar,16,50,29,0,95,0,5,32,0,37,16,55,61,0,132,4,0,4,136
11/29/2002,TLH,FL,ASO,ES,Towers with Radar,15,52,70,7,144,0,9,74,1,84,15,61,144,8,228,44,10,54,282
11/30/2002,TLH,FL,ASO,ES,Towers with Radar,17,74,77,1,169,0,0,144,0,144,17,74,221,1,313,38,0,38,351
12/01/2002,TLH,FL,ASO,ES,Towers with Radar,18,50,93,2,163,0,0,83,1,84,18,50,176,3,247,56,0,56,303
12/02/2002,TLH,FL,ASO,ES,Towers with Radar,17,61,52,33,163,0,0,35,12,47,17,61,87,45,210,28,42,70,280
12/03/2002,TLH,FL,ASO,ES,Towers with Radar,21,66,62,40,189,0,0,56,20,76,21,66,118,60,265,26,6,32,297
12/04/2002,TLH,FL,ASO,ES,Towers with Radar,17,66,61,83,227,0,5,31,3,39,17,71,92,86,266,20,38,58,324
12/05/2002,TLH,FL,ASO,ES,Towers with Radar,20,64,62,19,165,0,0,3,0,3,20,64,65,19,168,0,0,0,168
12/06/2002,TLH,FL,ASO,ES,Towers with Radar,21,59,85,91,256,0,0,42,6,48,21,59,127,97,304,2,102,104,408
12/07/2002,TLH,FL,ASO,ES,Towers with Radar,20,56,52,11,139,0,5,71,2,78,20,61,123,13,217,34,8,42,259
12/08/2002,TLH,FL,ASO,ES,Towers with Radar,16,43,33,36,128,0,0,46,7,53,16,43,79,43,181,12,12,24,205
12/09/2002,TLH,FL,ASO,ES,Towers with Radar,18,61,48,51,178,0,0,9,0,9,18,61,57,51,187,0,0,0,187
12/10/2002,TLH,FL,ASO,ES,Towers with Radar,19,69,68,8,164,0,0,1,0,1,19,69,69,8,165,0,0,0,165
12/11/2002,TLH,FL,ASO,ES,Towers with Radar,20,72,73,106,271,0,0,17,11,28,20,72,90,117,299,0,10,10,309
12/12/2002,TLH,FL,ASO,ES,Towers with Radar,20,77,83,53,233,0,0,48,33,81,20,77,131,86,314,26,68,94,408
12/13/2002,TLH,FL,ASO,ES,Towers with Radar,21,73,60,55,209,0,14,17,5,36,21,87,77,60,245,8,26,34,279
12/14/2002,TLH,FL,ASO,ES,Towers with Radar,17,51,43,21,132,0,8,71,0,79,17,59,114,21,211,24,18,42,253
12/15/2002,TLH,FL,ASO,ES,Towers with Radar,16,50,42,22,130,1,4,76,0,81,17,54,118,22,211,16,0,16,227
12/16/2002,TLH,FL,ASO,ES,Towers with Radar,18,61,52,33,164,0,4,56,32,92,18,65,108,65,256,14,6,20,276
12/17/2002,TLH,FL,ASO,ES,Towers with Radar,27,72,71,65,235,0,1,65,6,72,27,73,136,71,307,17,14,31,338
12/18/2002,TLH,FL,ASO,ES,Towers with Radar,21,65,129,90,305,0,5,80,9,94,21,70,209,99,399,54,42,96,495
12/19/2002,TLH,FL,ASO,ES,Towers with Radar,18,78,58,61,215,0,9,38,2,49,18,87,96,63,264,50,94,144,408
12/20/2002,TLH,FL,ASO,ES,Towers with Radar,28,65,58,33,184,0,10,41,1,52,28,75,99,34,236,0,10,10,246
12/21/2002,TLH,FL,ASO,ES,Towers with Radar,19,58,34,0,111,0,20,56,0,76,19,78,90,0,187,24,0,24,211
12/22/2002,TLH,FL,ASO,ES,Towers with Radar,12,38,32,0,82,9,14,45,0,68,21,52,77,0,150,44,2,46,196
12/23/2002,TLH,FL,ASO,ES,Towers with Radar,18,59,37,10,124,0,0,61,1,62,18,59,98,11,186,42,8,50,236
12/24/2002,TLH,FL,ASO,ES,Towers with Radar,26,69,36,0,131,0,0,2,0,2,26,69,38,0,133,0,0,0,133
12/25/2002,TLH,FL,ASO,ES,Towers with Radar,9,28,23,0,60,3,17,15,0,35,12,45,38,0,95,4,0,4,99
12/26/2002,TLH,FL,ASO,ES,Towers with Radar,19,55,47,12,133,0,1,51,0,52,19,56,98,12,185,4,0,4,189
12/27/2002,TLH,FL,ASO,ES,Towers with Radar,22,59,34,9,124,0,1,45,8,54,22,60,79,17,178,46,0,46,224
12/28/2002,TLH,FL,ASO,ES,Towers with Radar,21,53,32,0,106,0,3,44,0,47,21,56,76,0,153,38,0,38,191
12/29/2002,TLH,FL,ASO,ES,Towers with Radar,15,46,40,0,101,3,1,54,0,58,18,47,94,0,159,32,0,32,191
12/30/2002,TLH,FL,ASO,ES,Towers with Radar,19,57,33,13,122,0,0,38,0,38,19,57,71,13,160,52,0,52,212
12/31/2002,TLH,FL,ASO,ES,Towers with Radar,20,65,17,0,102,0,0,6,0,6,20,65,23,0,108,4,0,4,112
01/01/2003,TLH,FL,ASO,ES,Towers with Radar,20,47,50,0,117,0,0,16,0,16,20,47,66,0,133,12,0,12,145
01/02/2003,TLH,FL,ASO,ES,Towers with Radar,24,65,57,20,166,0,2,48,6,56,24,67,105,26,222,64,8,72,294
01/03/2003,TLH,FL,ASO,ES,Towers with Radar,25,63,43,74,205,0,3,40,5,48,25,66,83,79,253,14,32,46,299
01/04/2003,TLH,FL,ASO,ES,Towers with Radar,20,50,34,9,113,0,0,52,2,54,20,50,86,11,167,46,8,54,221
01/05/2003,TLH,FL,ASO,ES,Towers with Radar,17,42,44,13,116,0,3,71,8,82,17,45,115,21,198,42,20,62,260
01/06/2003,TLH,FL,ASO,ES,Towers with Radar,17,70,66,34,187,3,9,83,0,95,20,79,149,34,282,42,22,64,346
01/07/2003,TLH,FL,ASO,ES,Towers with Radar,13,80,128,72,293,0,6,73,6,85,13,86,201,78,378,62,40,102,480
01/08/2003,TLH,FL,ASO,ES,Towers with Radar,13,80,78,90,261,0,3,46,1,50,13,83,124,91,311,59,32,91,402
01/09/2003,TLH,FL,ASO,ES,Towers with Radar,16,87,65,51,219,0,8,67,9,84,16,95,132,60,303,10,20,30,333
01/10/2003,TLH,FL,ASO,ES,Towers with Radar,16,80,89,56,241,0,1,32,12,45,16,81,121,68,286,9,14,23,309
01/11/2003,TLH,FL,ASO,ES,Towers with Radar,15,66,34,11,126,0,4,89,1,94,15,70,123,12,220,44,0,44,264
01/12/2003,TLH,FL,ASO,ES,Towers with Radar,14,58,27,5,104,0,0,31,3,34,14,58,58,8,138,14,0,14,152
01/13/2003,TLH,FL,ASO,ES,Towers with Radar,21,72,50,88,231,0,2,17,8,27,21,74,67,96,258,4,34,38,296
01/14/2003,TLH,FL,ASO,ES,Towers with Radar,12,79,73,58,222,0,4,61,21,86,12,83,134,79,308,40,8,48,356
01/15/2003,TLH,FL,ASO,ES,Towers with Radar,15,88,70,67,240,0,2,46,1,49,15,90,116,68,289,60,30,90,379
01/16/2003,TLH,FL,ASO,ES,Towers with Radar,14,71,72,67,224,0,0,66,9,75,14,71,138,76,299,12,32,44,343
01/17/2003,TLH,FL,ASO,ES,Towers with Radar,17,71,68,98,254,0,3,43,6,52,17,74,111,104,306,14,6,20,326
01/18/2003,TLH,FL,ASO,ES,Towers with Radar,16,56,28,23,123,0,0,55,2,57,16,56,83,25,180,30,2,32,212
01/19/2003,TLH,FL,ASO,ES,Towers with Radar,14,53,30,10,107,0,0,44,1,45,14,53,74,11,152,12,4,16,168
01/20/2003,TLH,FL,ASO,ES,Towers with Radar,17,61,73,11,162,0,0,79,4,83,17,61,152,15,245,54,10,64,309
01/21/2003,TLH,FL,ASO,ES,Towers with Radar,17,79,96,37,229,0,12,61,3,76,17,91,157,40,305,16,1,17,322
01/22/2003,TLH,FL,ASO,ES,Towers with Radar,15,81,82,63,241,0,0,4,6,10,15,81,86,69,251,16,34,50,301
01/23/2003,TLH,FL,ASO,ES,Towers with Radar,15,78,71,75,239,0,1,36,13,50,15,79,107,88,289,22,24,46,335
01/24/2003,TLH,FL,ASO,ES,Towers with Radar,17,74,61,100,252,0,8,54,15,77,17,82,115,115,329,0,82,82,411
01/25/2003,TLH,FL,ASO,ES,Towers with Radar,11,46,45,2,104,4,23,100,0,127,15,69,145,2,231,38,6,44,275
01/26/2003,TLH,FL,ASO,ES,Towers with Radar,13,57,45,19,134,0,6,53,10,69,13,63,98,29,203,80,0,80,283
01/27/2003,TLH,FL,ASO,ES,Towers with Radar,14,76,70,59,219,0,15,35,7,57,14,91,105,66,276,8,6,14,290
01/28/2003,TLH,FL,ASO,ES,Towers with Radar,15,87,71,85,258,0,9,51,2,62,15,96,122,87,320,26,38,64,384
01/29/2003,TLH,FL,ASO,ES,Towers with Radar,18,81,87,86,272,0,10,34,4,48,18,91,121,90,320,16,34,50,370
01/30/2003,TLH,FL,ASO,ES,Towers with Radar,17,85,92,67,261,0,1,38,4,43,17,86,130,71,304,0,6,6,310
01/31/2003,TLH,FL,ASO,ES,Towers with Radar,16,82,104,133,335,0,3,49,7,59,16,85,153,140,394,66,76,142,536
02/01/2003,TLH,FL,ASO,ES,Towers with Radar,14,58,36,6,114,1,8,51,0,60,15,66,87,6,174,74,4,78,252
02/02/2003,TLH,FL,ASO,ES,Towers with Radar,13,55,55,41,164,3,0,86,31,120,16,55,141,72,284,18,38,56,340
02/03/2003,TLH,FL,ASO,ES,Towers with Radar,14,67,61,111,253,1,5,26,7,39,15,72,87,118,292,12,44,56,348
02/04/2003,TLH,FL,ASO,ES,Towers with Radar,11,68,61,41,181,0,11,64,0,75,11,79,125,41,256,38,44,82,338
02/05/2003,TLH,FL,ASO,ES,Towers with Radar,11,72,68,44,195,1,4,79,0,84,12,76,147,44,279,60,28,88,367
02/06/2003,TLH,FL,ASO,ES,Towers with Radar,12,82,73,55,222,0,0,18,21,39,12,82,91,76,261,14,0,14,275
02/07/2003,TLH,FL,ASO,ES,Towers with Radar,16,75,74,52,217,1,8,9,0,18,17,83,83,52,235,0,12,12,247
02/08/2003,TLH,FL,ASO,ES,Towers with Radar,13,67,49,31,160,1,1,57,3,62,14,68,106,34,222,70,16,86,308
02/09/2003,TLH,FL,ASO,ES,Towers with Radar,11,60,50,6,127,1,1,11,1,14,12,61,61,7,141,18,6,24,165
02/10/2003,TLH,FL,ASO,ES,Towers with Radar,16,75,49,31,171,1,0,32,6,39,17,75,81,37,210,10,6,16,226
02/11/2003,TLH,FL,ASO,ES,Towers with Radar,13,82,65,38,198,1,0,74,9,84,14,82,139,47,282,74,14,88,370
02/12/2003,TLH,FL,ASO,ES,Towers with Radar,16,84,67,50,217,1,4,66,9,80,17,88,133,59,297,36,4,40,337
02/13/2003,TLH,FL,ASO,ES,Towers with Radar,19,76,106,53,254,1,7,75,3,86,20,83,181,56,340,66,6,72,412
02/14/2003,TLH,FL,ASO,ES,Towers with Radar,26,82,71,40,219,1,1,70,6,78,27,83,141,46,297,14,10,24,321
02/15/2003,TLH,FL,ASO,ES,Towers with Radar,14,58,50,0,122,1,0,63,2,66,15,58,113,2,188,60,0,60,248
02/16/2003,TLH,FL,ASO,ES,Towers with Radar,18,56,13,0,87,0,1,0,0,1,18,57,13,0,88,0,0,0,88
02/17/2003,TLH,FL,ASO,ES,Towers with Radar,16,68,66,3,153,0,0,39,0,39,16,68,105,3,192,6,0,6,198
02/18/2003,TLH,FL,ASO,ES,Towers with Radar,14,86,77,56,233,0,0,31,18,49,14,86,108,74,282,51,32,83,365
02/19/2003,TLH,FL,ASO,ES,Towers with Radar,15,76,72,26,189,0,2,51,5,58,15,78,123,31,247,62,10,72,319
02/20/2003,TLH,FL,ASO,ES,Towers with Radar,17,70,94,48,229,0,6,46,5,57,17,76,140,53,286,52,72,124,410
02/21/2003,TLH,FL,ASO,ES,Towers with Radar,21,75,68,45,209,0,1,2,3,6,21,76,70,48,215,56,4,60,275
02/22/2003,TLH,FL,ASO,ES,Towers with Radar,20,59,26,3,108,0,1,2,0,3,20,60,28,3,111,0,0,0,111
02/23/2003,TLH,FL,ASO,ES,Towers with Radar,13,58,53,31,155,0,0,71,0,71,13,58,124,31,226,134,8,142,368
02/24/2003,TLH,FL,ASO,ES,Towers with Radar,13,77,68,83,241,0,5,65,8,78,13,82,133,91,319,76,60,136,455
02/25/2003,TLH,FL,ASO,ES,Towers with Radar,15,78,54,100,247,0,2,53,7,62,15,80,107,107,309,83,34,117,426
02/26/2003,TLH,FL,ASO,ES,Towers with Radar,17,82,89,66,254,0,1,36,4,41,17,83,125,70,295,34,20,54,349
02/27/2003,TLH,FL,ASO,ES,Towers with Radar,16,86,63,91,256,0,1,9,3,13,16,87,72,94,269,40,46,86,355
02/28/2003,TLH,FL,ASO,ES,Towers with Radar,17,81,68,106,272,0,3,8,0,11,17,84,76,106,283,30,18,48,331
03/01/2003,TLH,FL,ASO,ES,Towers with Radar,20,53,17,0,90,1,2,2,0,5,21,55,19,0,95,0,0,0,95
03/02/2003,TLH,FL,ASO,ES,Towers with Radar,12,58,62,25,157,1,2,29,0,32,13,60,91,25,189,88,12,100,289
03/03/2003,TLH,FL,ASO,ES,Towers with Radar,11,72,88,18,189,1,2,25,0,28,12,74,113,18,217,18,12,30,247
03/04/2003,TLH,FL,ASO,ES,Towers with Radar,13,78,70,7,168,1,2,2,0,5,14,80,72,7,173,0,0,0,173
03/05/2003,TLH,FL,ASO,ES,Towers with Radar,12,81,84,69,246,1,2,10,0,13,13,83,94,69,259,26,12,38,297
03/06/2003,TLH,FL,ASO,ES,Towers with Radar,13,95,69,18,195,0,5,22,0,27,13,100,91,18,222,14,0,14,236
03/07/2003,TLH,FL,ASO,ES,Towers with Radar,12,83,67,28,190,0,5,16,0,21,12,88,83,28,211,16,14,30,241
03/08/2003,TLH,FL,ASO,ES,Towers with Radar,16,57,41,14,128,0,3,6,0,9,16,60,47,14,137,0,0,0,137
03/09/2003,TLH,FL,ASO,ES,Towers with Radar,10,50,47,5,112,0,4,17,0,21,10,54,64,5,133,8,0,8,141
03/10/2003,TLH,FL,ASO,ES,Towers with Radar,13,82,86,48,229,0,3,87,5,95,13,85,173,53,324,12,8,20,344
03/11/2003,TLH,FL,ASO,ES,Towers with Radar,12,83,97,52,244,0,7,74,0,81,12,90,171,52,325,72,32,104,429
03/12/2003,TLH,FL,ASO,ES,Towers with Radar,9,6,46,23,84,4,0,0,54,58,13,6,46,77,142,134,16,150,292
03/13/2003,TLH,FL,ASO,ES,Towers with Radar,16,85,78,31,210,0,7,28,7,42,16,92,106,38,252,40,14,54,306
03/14/2003,TLH,FL,ASO,ES,Towers with Radar,13,79,54,26,172,0,5,29,0,34,13,84,83,26,206,44,0,44,250
03/15/2003,TLH,FL,ASO,ES,Towers with Radar,11,61,54,6,132,0,3,18,0,21,11,64,72,6,153,14,4,18,171
03/16/2003,TLH,FL,ASO,ES,Towers with Radar,12,58,85,26,181,0,4,24,0,28,12,62,109,26,209,50,0,50,259
03/17/2003,TLH,FL,ASO,ES,Towers with Radar,14,67,76,13,170,0,3,6,0,9,14,70,82,13,179,16,0,16,195
03/18/2003,TLH,FL,ASO,ES,Towers with Radar,15,88,112,56,271,0,6,48,7,61,15,94,160,63,332,166,10,176,508
03/19/2003,TLH,FL,ASO,ES,Towers with Radar,14,95,121,21,251,0,3,6,0,9,14,98,127,21,260,4,2,6,266
03/20/2003,TLH,FL,ASO,ES,Towers with Radar,16,88,89,1,194,0,3,14,0,17,16,91,103,1,211,6,2,8,219
03/21/2003,TLH,FL,ASO,ES,Towers with Radar,14,82,75,38,209,0,3,59,1,63,14,85,134,39,272,56,18,74,346
03/22/2003,TLH,FL,ASO,ES,Towers with Radar,11,64,65,14,154,0,7,66,0,73,11,71,131,14,227,66,36,102,329
03/23/2003,TLH,FL,ASO,ES,Towers with Radar,11,60,68,27,166,0,0,52,0,52,11,60,120,27,218,46,4,50,268
03/24/2003,TLH,FL,ASO,ES,Towers with Radar,12,82,93,42,229,0,0,54,32,86,12,82,147,74,315,68,8,76,391
03/25/2003,TLH,FL,ASO,ES,Towers with Radar,13,77,76,54,220,0,14,79,1,94,13,91,155,55,314,68,12,80,394
03/26/2003,TLH,FL,ASO,ES,Towers with Radar,14,78,86,39,217,0,0,76,29,105,14,78,162,68,322,108,11,119,441
03/27/2003,TLH,FL,ASO,ES,Towers with Radar,14,80,113,10,217,0,3,33,0,36,14,83,146,10,253,18,0,18,271
03/28/2003,TLH,FL,ASO,ES,Towers with Radar,12,77,71,82,242,0,2,54,0,56,12,79,125,82,298,144,46,190,488
03/29/2003,TLH,FL,ASO,ES,Towers with Radar,13,64,45,15,137,0,5,52,0,57,13,69,97,15,194,60,18,78,272
03/30/2003,TLH,FL,ASO,ES,Towers with Radar,8,57,58,23,146,0,2,40,0,42,8,59,98,23,188,16,2,18,206
03/31/2003,TLH,FL,ASO,ES,Towers with Radar,8,76,54,27,165,0,4,89,2,95,8,80,143,29,260,93,2,95,355
04/01/2003,TLH,FL,ASO,ES,Towers with Radar,9,82,80,37,208,0,6,91,2,99,9,88,171,39,307,140,24,164,471
04/02/2003,TLH,FL,ASO,ES,Towers with Radar,14,88,93,26,221,0,0,80,5,85,14,88,173,31,306,76,14,90,396
04/03/2003,TLH,FL,ASO,ES,Towers with Radar,14,85,96,81,276,0,1,65,7,73,14,86,161,88,349,50,64,114,463
04/04/2003,TLH,FL,ASO,ES,Towers with Radar,12,84,70,55,221,0,0,56,4,60,12,84,126,59,281,30,38,68,349
04/05/2003,TLH,FL,ASO,ES,Towers with Radar,9,65,69,5,148,0,0,23,2,25,9,65,92,7,173,4,0,4,177
04/06/2003,TLH,FL,ASO,ES,Towers with Radar,14,66,59,28,167,0,3,83,3,89,14,69,142,31,256,58,10,68,324
04/07/2003,TLH,FL,ASO,ES,Towers with Radar,12,76,91,26,205,0,0,30,2,32,12,76,121,28,237,41,0,41,278
04/08/2003,TLH,FL,ASO,ES,Towers with Radar,10,59,57,18,144,9,15,11,0,35,19,74,68,18,179,24,0,24,203
04/09/2003,TLH,FL,ASO,ES,Towers with Radar,12,91,115,66,284,0,0,19,1,20,12,91,134,67,304,16,28,44,348
04/10/2003,TLH,FL,ASO,ES,Towers with Radar,15,81,95,40,231,0,0,68,0,68,15,81,163,40,299,12,10,22,321
04/11/2003,TLH,FL,ASO,ES,Towers with Radar,14,80,67,62,223,0,5,57,11,73,14,85,124,73,296,50,42,92,388
04/12/2003,TLH,FL,ASO,ES,Towers with Radar,11,60,60,25,156,3,1,97,0,101,14,61,157,25,257,32,2,34,291
04/13/2003,TLH,FL,ASO,ES,Towers with Radar,13,58,32,27,130,0,1,59,4,64,13,59,91,31,194,50,0,50,244
04/14/2003,TLH,FL,ASO,ES,Towers with Radar,16,85,68,26,195,0,1,53,1,55,16,86,121,27,250,45,28,73,323
04/15/2003,TLH,FL,ASO,ES,Towers with Radar,15,89,88,30,222,0,0,69,1,70,15,89,157,31,292,60,0,60,352
04/16/2003,TLH,FL,ASO,ES,Towers with Radar,22,67,58,53,200,0,1,78,2,81,22,68,136,55,281,70,34,104,385
04/17/2003,TLH,FL,ASO,ES,Towers with Radar,10,92,65,42,209,0,0,49,4,53,10,92,114,46,262,44,14,58,320
04/18/2003,TLH,FL,ASO,ES,Towers with Radar,11,80,88,42,221,0,0,61,1,62,11,80,149,43,283,102,30,132,415
04/19/2003,TLH,FL,ASO,ES,Towers with Radar,6,40,39,0,85,6,23,22,0,51,12,63,61,0,136,22,14,36,172
04/20/2003,TLH,FL,ASO,ES,Towers with Radar,10,61,53,2,126,0,0,34,1,35,10,61,87,3,161,2,0,2,163
04/21/2003,TLH,FL,ASO,ES,Towers with Radar,13,73,71,31,188,0,13,72,0,85,13,86,143,31,273,12,6,18,291
04/22/2003,TLH,FL,ASO,ES,Towers with Radar,15,80,84,40,219,1,0,95,20,116,16,80,179,60,335,66,40,106,441
04/23/2003,TLH,FL,ASO,ES,Towers with Radar,18,90,109,58,275,0,0,115,5,120,18,90,224,63,395,112,36,148,543
04/24/2003,TLH,FL,ASO,ES,Towers with Radar,15,83,104,71,273,0,4,57,13,74,15,87,161,84,347,54,44,98,445
04/25/2003,TLH,FL,ASO,ES,Towers with Radar,15,73,52,11,151,0,1,10,3,14,15,74,62,14,165,12,4,16,181
04/26/2003,TLH,FL,ASO,ES,Towers with Radar,13,74,66,6,159,0,1,65,2,68,13,75,131,8,227,30,28,58,285
04/27/2003,TLH,FL,ASO,ES,Towers with Radar,11,62,61,25,159,0,1,62,0,63,11,63,123,25,222,16,1,17,239
04/28/2003,TLH,FL,ASO,ES,Towers with Radar,12,71,69,33,185,0,13,61,10,84,12,84,130,43,269,70,56,126,395
04/29/2003,TLH,FL,ASO,ES,Towers with Radar,12,86,84,40,222,0,0,54,19,73,12,86,138,59,295,126,22,148,443
04/30/2003,TLH,FL,ASO,ES,Towers with Radar,12,86,72,52,222,0,10,43,2,55,12,96,115,54,277,62,18,80,357
05/01/2003,TLH,FL,ASO,ES,Towers with Radar,13,79,48,76,216,0,3,51,1,55,13,82,99,77,271,20,48,68,339
05/02/2003,TLH,FL,ASO,ES,Towers with Radar,15,77,72,63,227,0,2,53,5,60,15,79,125,68,287,52,10,62,349
05/03/2003,TLH,FL,ASO,ES,Towers with Radar,15,63,29,8,115,0,4,34,0,38,15,67,63,8,153,72,4,76,229
05/04/2003,TLH,FL,ASO,ES,Towers with Radar,13,52,28,45,138,0,3,22,6,31,13,55,50,51,169,6,4,10,179
05/05/2003,TLH,FL,ASO,ES,Towers with Radar,15,64,40,45,164,0,2,44,6,52,15,66,84,51,216,12,4,16,232
05/06/2003,TLH,FL,ASO,ES,Towers with Radar,14,79,50,58,201,0,0,50,3,53,14,79,100,61,254,104,30,134,388
05/07/2003,TLH,FL,ASO,ES,Towers with Radar,15,74,58,36,183,0,0,39,23,62,15,74,97,59,245,30,2,32,277
05/08/2003,TLH,FL,ASO,ES,Towers with Radar,15,87,72,51,225,0,4,51,1,56,15,91,123,52,281,106,16,122,403
05/09/2003,TLH,FL,ASO,ES,Towers with Radar,16,78,49,66,209,0,8,68,1,77,16,86,117,67,286,62,30,92,378
05/10/2003,TLH,FL,ASO,ES,Towers with Radar,17,63,32,26,138,0,0,37,2,39,17,63,69,28,177,98,8,106,283
05/11/2003,TLH,FL,ASO,ES,Towers with Radar,14,57,43,16,130,2,0,27,0,29,16,57,70,16,159,40,10,50,209
05/12/2003,TLH,FL,ASO,ES,Towers with Radar,14,72,61,34,181,0,3,55,5,63,14,75,116,39,244,42,24,66,310
05/13/2003,TLH,FL,ASO,ES,Towers with Radar,17,75,58,35,185,3,0,86,0,89,20,75,144,35,274,66,0,66,340
05/14/2003,TLH,FL,ASO,ES,Towers with Radar,16,73,61,55,205,0,2,73,3,78,16,75,134,58,283,38,4,42,325
05/15/2003,TLH,FL,ASO,ES,Towers with Radar,18,78,71,39,206,0,2,44,4,50,18,80,115,43,256,88,14,102,358
05/16/2003,TLH,FL,ASO,ES,Towers with Radar,16,83,61,74,234,0,2,36,3,41,16,85,97,77,275,84,44,128,403
05/17/2003,TLH,FL,ASO,ES,Towers with Radar,11,51,39,6,107,7,12,49,0,68,18,63,88,6,175,98,0,98,273
05/18/2003,TLH,FL,ASO,ES,Towers with Radar,14,55,55,4,128,0,1,27,1,29,14,56,82,5,157,30,0,30,187
05/19/2003,TLH,FL,ASO,ES,Towers with Radar,15,73,49,8,145,0,2,22,1,25,15,75,71,9,170,24,0,24,194
05/20/2003,TLH,FL,ASO,ES,Towers with Radar,17,81,74,46,218,0,0,63,19,82,17,81,137,65,300,6,0,6,306
05/21/2003,TLH,FL,ASO,ES,Towers with Radar,22,72,60,6,160,0,3,35,1,39,22,75,95,7,199,58,0,58,257
05/22/2003,TLH,FL,ASO,ES,Towers with Radar,16,75,45,17,153,0,0,4,1,5,16,75,49,18,158,0,0,0,158
05/23/2003,TLH,FL,ASO,ES,Towers with Radar,17,73,64,16,170,0,1,18,1,20,17,74,82,17,190,30,10,40,230
05/24/2003,TLH,FL,ASO,ES,Towers with Radar,17,59,37,0,113,0,0,84,1,85,17,59,121,1,198,94,0,94,292
05/25/2003,TLH,FL,ASO,ES,Towers with Radar,15,58,29,0,102,0,1,65,0,66,15,59,94,0,168,50,0,50,218
05/26/2003,TLH,FL,ASO,ES,Towers with Radar,18,62,51,0,131,0,10,30,0,40,18,72,81,0,171,122,0,122,293
05/27/2003,TLH,FL,ASO,ES,Towers with Radar,16,72,55,25,168,0,8,57,0,65,16,80,112,25,233,64,0,64,297
05/28/2003,TLH,FL,ASO,ES,Towers with Radar,14,89,91,40,234,0,3,76,7,86,14,92,167,47,320,58,14,72,392
05/29/2003,TLH,FL,ASO,ES,Towers with Radar,14,79,75,59,227,0,4,52,5,61,14,83,127,64,288,66,30,96,384
05/30/2003,TLH,FL,ASO,ES,Towers with Radar,14,73,60,51,198,0,1,45,4,50,14,74,105,55,248,88,14,102,350
05/31/2003,TLH,FL,ASO,ES,Towers with Radar,11,46,36,14,107,5,20,36,0,61,16,66,72,14,168,54,0,54,222
06/01/2003,TLH,FL,ASO,ES,Towers with Radar,16,58,52,25,151,0,0,16,12,28,16,58,68,37,179,12,14,26,205
06/02/2003,TLH,FL,ASO,ES,Towers with Radar,17,75,55,38,185,0,1,29,8,38,17,76,84,46,223,10,2,12,235
06/03/2003,TLH,FL,ASO,ES,Towers with Radar,19,80,33,7,139,0,0,5,5,10,19,80,38,12,149,12,0,12,161
06/04/2003,TLH,FL,ASO,ES,Towers with Radar,14,81,55,37,187,0,3,15,2,20,14,84,70,39,207,14,0,14,221
06/05/2003,TLH,FL,ASO,ES,Towers with Radar,18,81,58,9,166,0,13,33,0,46,18,94,91,9,212,25,2,27,239
06/06/2003,TLH,FL,ASO,ES,Towers with Radar,18,75,61,11,165,0,0,21,0,21,18,75,82,11,186,0,0,0,186
06/07/2003,TLH,FL,ASO,ES,Towers with Radar,9,59,31,0,99,0,0,5,0,5,9,59,36,0,104,0,0,0,104
06/08/2003,TLH,FL,ASO,ES,Towers with Radar,11,60,43,3,117,0,0,18,0,18,11,60,61,3,135,0,0,0,135
06/09/2003,TLH,FL,ASO,ES,Towers with Radar,13,78,44,30,165,0,3,40,3,46,13,81,84,33,211,26,10,36,247
06/10/2003,TLH,FL,ASO,ES,Towers with Radar,14,82,57,59,212,0,2,28,8,38,14,84,85,67,250,48,8,56,306
06/11/2003,TLH,FL,ASO,ES,Towers with Radar,16,76,53,63,208,0,0,58,7,65,16,76,111,70,273,24,70,94,367
06/12/2003,TLH,FL,ASO,ES,Towers with Radar,14,79,62,45,200,0,1,46,2,49,14,80,108,47,249,2,20,22,271
06/13/2003,TLH,FL,ASO,ES,Towers with Radar,12,70,37,33,152,0,1,18,0,19,12,71,55,33,171,22,10,32,203
06/14/2003,TLH,FL,ASO,ES,Towers with Radar,23,56,35,5,119,0,2,51,1,54,23,58,86,6,173,86,2,88,261
06/15/2003,TLH,FL,ASO,ES,Towers with Radar,15,64,47,7,133,0,0,48,4,52,15,64,95,11,185,52,0,52,237
06/16/2003,TLH,FL,ASO,ES,Towers with Radar,19,70,51,10,150,0,6,45,0,51,19,76,96,10,201,4,0,4,205
06/17/2003,TLH,FL,ASO,ES,Towers with Radar,16,89,57,15,177,0,5,16,0,21,16,94,73,15,198,10,4,14,212
06/18/2003,TLH,FL,ASO,ES,Towers with Radar,14,67,49,25,155,0,9,28,8,45,14,76,77,33,200,38,0,38,238
06/19/2003,TLH,FL,ASO,ES,Towers with Radar,15,80,67,47,209,0,4,31,3,38,15,84,98,50,247,14,20,34,281
06/20/2003,TLH,FL,ASO,ES,Towers with Radar,14,83,61,21,179,0,1,14,4,19,14,84,75,25,198,30,0,30,228
06/21/2003,TLH,FL,ASO,ES,Towers with Radar,15,63,51,11,140,0,4,15,0,19,15,67,66,11,159,12,0,12,171
06/22/2003,TLH,FL,ASO,ES,Towers with Radar,14,58,39,16,127,0,0,47,0,47,14,58,86,16,174,76,12,88,262
06/23/2003,TLH,FL,ASO,ES,Towers with Radar,17,82,57,54,210,0,23,48,5,76,17,105,105,59,286,4,0,4,290
06/24/2003,TLH,FL,ASO,ES,Towers with Radar,22,75,98,23,218,0,8,80,7,95,22,83,178,30,313,44,1,45,358
06/25/2003,TLH,FL,ASO,ES,Towers with Radar,24,71,68,48,211,0,4,92,0,96,24,75,160,48,307,34,30,64,371
06/26/2003,TLH,FL,ASO,ES,Towers with Radar,14,71,70,55,210,0,10,70,3,83,14,81,140,58,293,56,4,60,353
06/27/2003,TLH,FL,ASO,ES,Towers with Radar,15,76,61,39,191,0,3,66,12,81,15,79,127,51,272,54,28,82,354
06/28/2003,TLH,FL,ASO,ES,Towers with Radar,12,54,39,2,107,1,11,52,0,64,13,65,91,2,171,74,0,74,245
06/29/2003,TLH,FL,ASO,ES,Towers with Radar,15,63,31,0,109,0,0,19,0,19,15,63,50,0,128,24,0,24,152
06/30/2003,TLH,FL,ASO,ES,Towers with Radar,22,61,47,27,157,0,3,36,0,39,22,64,83,27,196,10,4,14,210
07/01/2003,TLH,FL,ASO,ES,Towers with Radar,15,85,44,4,148,0,0,16,2,18,15,85,60,6,166,36,0,36,202
07/02/2003,TLH,FL,ASO,ES,Towers with Radar,16,82,43,11,152,0,2,17,1,20,16,84,60,12,172,8,2,10,182
07/03/2003,TLH,FL,ASO,ES,Towers with Radar,17,78,69,6,170,0,0,19,1,20,17,78,88,7,190,16,0,16,206
07/04/2003,TLH,FL,ASO,ES,Towers with Radar,11,57,19,0,87,0,0,15,0,15,11,57,34,0,102,4,0,4,106
07/05/2003,TLH,FL,ASO,ES,Towers with Radar,13,56,29,0,98,0,1,46,0,47,13,57,75,0,145,48,0,48,193
07/06/2003,TLH,FL,ASO,ES,Towers with Radar,32,43,39,5,119,0,0,35,1,36,32,43,74,6,155,26,0,26,181
07/07/2003,TLH,FL,ASO,ES,Towers with Radar,14,77,42,9,142,0,10,49,4,63,14,87,91,13,205,56,2,58,263
07/08/2003,TLH,FL,ASO,ES,Towers with Radar,16,81,54,30,181,0,0,46,2,48,16,81,100,32,229,33,0,33,262
07/09/2003,TLH,FL,ASO,ES,Towers with Radar,15,83,86,32,216,0,0,43,4,47,15,83,129,36,263,22,26,48,311
07/10/2003,TLH,FL,ASO,ES,Towers with Radar,16,73,66,31,186,0,0,79,6,85,16,73,145,37,271,42,34,76,347
07/11/2003,TLH,FL,ASO,ES,Towers with Radar,10,80,61,62,213,0,3,47,4,54,10,83,108,66,267,60,30,90,357
07/12/2003,TLH,FL,ASO,ES,Towers with Radar,13,61,25,0,99,0,0,32,1,33,13,61,57,1,132,50,0,50,182
07/13/2003,TLH,FL,ASO,ES,Towers with Radar,17,59,37,5,118,0,0,40,1,41,17,59,77,6,159,70,0,70,229
07/14/2003,TLH,FL,ASO,ES,Towers with Radar,13,62,42,13,130,0,6,25,0,31,13,68,67,13,161,28,2,30,191
07/15/2003,TLH,FL,ASO,ES,Towers with Radar,13,84,57,19,173,0,4,43,7,54,13,88,100,26,227,26,4,30,257
07/16/2003,TLH,FL,ASO,ES,Towers with Radar,16,72,58,24,170,0,2,33,3,38,16,74,91,27,208,12,4,16,224
07/17/2003,TLH,FL,ASO,ES,Towers with Radar,15,87,59,23,184,0,1,23,1,25,15,88,82,24,209,14,12,26,235
07/18/2003,TLH,FL,ASO,ES,Towers with Radar,16,73,51,38,178,0,3,48,4,55,16,76,99,42,233,58,26,84,317
07/19/2003,TLH,FL,ASO,ES,Towers with Radar,11,49,33,6,99,5,12,53,0,70,16,61,86,6,169,40,0,40,209
07/20/2003,TLH,FL,ASO,ES,Towers with Radar,13,66,44,8,131,0,3,42,0,45,13,69,86,8,176,32,0,32,208
07/21/2003,TLH,FL,ASO,ES,Towers with Radar,15,69,52,16,152,0,0,23,6,29,15,69,75,22,181,24,6,30,211
07/22/2003,TLH,FL,ASO,ES,Towers with Radar,13,58,39,2,112,5,14,17,0,36,18,72,56,2,148,50,0,50,198
07/23/2003,TLH,FL,ASO,ES,Towers with Radar,16,82,62,17,177,0,1,32,2,35,16,83,94,19,212,56,4,60,272
07/24/2003,TLH,FL,ASO,ES,Towers with Radar,15,73,52,30,170,0,1,34,7,42,15,74,86,37,212,0,12,12,224
07/25/2003,TLH,FL,ASO,ES,Towers with Radar,14,73,53,14,154,0,1,18,2,21,14,74,71,16,175,52,20,72,247
07/26/2003,TLH,FL,ASO,ES,Towers with Radar,13,62,43,6,124,2,0,36,0,38,15,62,79,6,162,24,0,24,186
07/27/2003,TLH,FL,ASO,ES,Towers with Radar,19,62,24,5,110,0,0,43,2,45,19,62,67,7,155,98,4,102,257
07/28/2003,TLH,FL,ASO,ES,Towers with Radar,15,73,50,17,155,0,3,45,17,65,15,76,95,34,220,68,58,126,346
07/29/2003,TLH,FL,ASO,ES,Towers with Radar,15,79,59,23,176,0,0,34,4,38,15,79,93,27,214,30,26,56,270
07/30/2003,TLH,FL,ASO,ES,Towers with Radar,16,73,56,18,163,0,0,34,2,36,16,73,90,20,199,44,20,64,263
07/31/2003,TLH,FL,ASO,ES,Towers with Radar,15,78,55,28,176,0,0,32,3,35,15,78,87,31,211,64,24,88,299
08/01/2003,TLH,FL,ASO,ES,Towers with Radar,17,76,52,15,160,0,0,28,3,31,17,76,80,18,191,30,0,30,221
08/02/2003,TLH,FL,ASO,ES,Towers with Radar,14,65,51,6,136,0,0,13,1,14,14,65,64,7,150,18,0,18,168
08/03/2003,TLH,FL,ASO,ES,Towers with Radar,20,59,40,8,127,0,0,22,0,22,20,59,62,8,149,18,0,18,167
08/04/2003,TLH,FL,ASO,ES,Towers with Radar,13,76,37,6,132,0,4,43,0,47,13,80,80,6,179,60,0,60,239
08/05/2003,TLH,FL,ASO,ES,Towers with Radar,15,76,61,29,181,0,0,50,3,53,15,76,111,32,234,20,0,20,254
08/06/2003,TLH,FL,ASO,ES,Towers with Radar,14,81,60,29,184,0,7,33,1,41,14,88,93,30,225,52,0,52,277
08/07/2003,TLH,FL,ASO,ES,Towers with Radar,16,80,95,10,201,0,0,18,0,18,16,80,113,10,219,38,0,38,257
08/08/2003,TLH,FL,ASO,ES,Towers with Radar,15,75,41,63,194,0,1,51,3,55,15,76,92,66,249,42,22,64,313
08/09/2003,TLH,FL,ASO,ES,Towers with Radar,12,52,39,6,109,5,8,61,0,74,17,60,100,6,183,94,6,100,283
08/10/2003,TLH,FL,ASO,ES,Towers with Radar,13,61,31,6,111,0,1,30,2,33,13,62,61,8,144,0,2,2,146
08/11/2003,TLH,FL,ASO,ES,Towers with Radar,15,71,58,27,171,0,0,21,12,33,15,71,79,39,204,13,4,17,221
08/12/2003,TLH,FL,ASO,ES,Towers with Radar,18,71,59,14,162,0,3,23,2,28,18,74,82,16,190,12,0,12,202
08/13/2003,TLH,FL,ASO,ES,Towers with Radar,16,82,70,25,193,0,4,30,3,37,16,86,100,28,230,22,0,22,252
08/14/2003,TLH,FL,ASO,ES,Towers with Radar,16,77,74,47,214,0,2,52,2,56,16,79,126,49,270,12,10,22,292
08/15/2003,TLH,FL,ASO,ES,Towers with Radar,15,74,81,52,222,0,0,39,6,45,15,74,120,58,267,32,12,44,311
08/16/2003,TLH,FL,ASO,ES,Towers with Radar,15,62,51,14,142,3,0,53,0,56,18,62,104,14,198,38,18,56,254
08/17/2003,TLH,FL,ASO,ES,Towers with Radar,17,53,60,9,139,0,0,14,1,15,17,53,74,10,154,52,0,52,206
08/18/2003,TLH,FL,ASO,ES,Towers with Radar,14,73,59,15,161,0,0,34,2,36,14,73,93,17,197,32,10,42,239
08/19/2003,TLH,FL,ASO,ES,Towers with Radar,20,79,63,30,192,0,3,39,4,46,20,82,102,34,238,49,8,57,295
08/20/2003,TLH,FL,ASO,ES,Towers with Radar,16,79,61,29,185,0,12,13,12,37,16,91,74,41,222,44,16,60,282
08/21/2003,TLH,FL,ASO,ES,Towers with Radar,15,71,84,18,188,0,3,40,0,43,15,74,124,18,231,54,8,62,293
08/22/2003,TLH,FL,ASO,ES,Towers with Radar,13,69,39,16,137,0,1,26,1,28,13,70,65,17,165,62,4,66,231
08/23/2003,TLH,FL,ASO,ES,Towers with Radar,16,62,48,2,128,0,0,28,0,28,16,62,76,2,156,14,0,14,170
08/24/2003,TLH,FL,ASO,ES,Towers with Radar,15,65,50,23,153,1,0,44,6,51,16,65,94,29,204,38,10,48,252
08/25/2003,TLH,FL,ASO,ES,Towers with Radar,17,69,33,50,169,0,4,38,6,48,17,73,71,56,217,54,22,76,293
08/26/2003,TLH,FL,ASO,ES,Towers with Radar,15,79,51,46,191,0,1,47,3,51,15,80,98,49,242,102,34,136,378
08/27/2003,TLH,FL,ASO,ES,Towers with Radar,21,68,50,43,182,0,3,53,8,64,21,71,103,51,246,58,24,82,328
08/28/2003,TLH,FL,ASO,ES,Towers with Radar,18,75,55,44,192,0,11,46,7,64,18,86,101,51,256,19,24,43,299
08/29/2003,TLH,FL,ASO,ES,Towers with Radar,17,80,67,48,212,0,6,45,3,54,17,86,112,51,266,16,38,54,320
08/30/2003,TLH,FL,ASO,ES,Towers with Radar,16,52,27,21,116,0,2,48,0,50,16,54,75,21,166,44,0,44,210
08/31/2003,TLH,FL,ASO,ES,Towers with Radar,18,51,24,1,94,0,2,22,2,26,18,53,46,3,120,12,0,12,132
09/01/2003,TLH,FL,ASO,ES,Towers with Radar,16,59,54,10,139,0,3,36,3,42,16,62,90,13,181,44,0,44,225
09/02/2003,TLH,FL,ASO,ES,Towers with Radar,17,74,78,38,207,0,0,25,57,82,17,74,103,95,289,92,28,120,409
09/03/2003,TLH,FL,ASO,ES,Towers with Radar,16,78,53,53,200,0,7,24,6,37,16,85,77,59,237,62,14,76,313
09/04/2003,TLH,FL,ASO,ES,Towers with Radar,12,80,42,47,181,0,1,12,3,16,12,81,54,50,197,22,0,22,219
09/05/2003,TLH,FL,ASO,ES,Towers with Radar,14,83,43,4,144,0,0,15,4,19,14,83,58,8,163,14,0,14,177
09/06/2003,TLH,FL,ASO,ES,Towers with Radar,11,65,46,0,122,0,5,16,1,22,11,70,62,1,144,8,0,8,152
09/07/2003,TLH,FL,ASO,ES,Towers with Radar,10,60,56,18,144,2,0,47,0,49,12,60,103,18,193,54,6,60,253
09/08/2003,TLH,FL,ASO,ES,Towers with Radar,10,77,37,36,160,0,1,55,7,63,10,78,92,43,223,52,32,84,307
09/09/2003,TLH,FL,ASO,ES,Towers with Radar,9,70,59,25,163,0,13,47,0,60,9,83,106,25,223,89,28,117,340
09/10/2003,TLH,FL,ASO,ES,Towers with Radar,10,81,61,35,187,0,0,45,6,51,10,81,106,41,238,82,22,104,342
09/11/2003,TLH,FL,ASO,ES,Towers with Radar,13,84,60,42,199,0,2,77,3,82,13,86,137,45,281,60,22,82,363
09/12/2003,TLH,FL,ASO,ES,Towers with Radar,15,74,62,48,199,0,5,63,4,72,15,79,125,52,271,74,10,84,355
09/13/2003,TLH,FL,ASO,ES,Towers with Radar,11,75,52,15,153,0,0,52,2,54,11,75,104,17,207,18,0,18,225
09/14/2003,TLH,FL,ASO,ES,Towers with Radar,12,74,62,21,169,3,6,48,0,57,15,80,110,21,226,18,0,18,244
09/15/2003,TLH,FL,ASO,ES,Towers with Radar,12,80,64,28,184,0,4,51,6,61,12,84,115,34,245,48,20,68,313
09/16/2003,TLH,FL,ASO,ES,Towers with Radar,13,74,59,53,199,0,4,52,6,62,13,78,111,59,261,62,12,74,335
09/17/2003,TLH,FL,ASO,ES,Towers with Radar,13,76,52,87,228,0,4,66,3,73,13,80,118,90,301,30,44,74,375
09/18/2003,TLH,FL,ASO,ES,Towers with Radar,11,79,57,98,245,0,2,45,6,53,11,81,102,104,298,62,90,152,450
09/19/2003,TLH,FL,ASO,ES,Towers with Radar,14,81,77,33,205,0,9,65,10,84,14,90,142,43,289,52,54,106,395
09/20/2003,TLH,FL,ASO,ES,Towers with Radar,9,75,93,7,184,0,3,43,3,49,9,78,136,10,233,14,0,14,247
09/21/2003,TLH,FL,ASO,ES,Towers with Radar,9,65,70,16,160,0,0,18,6,24,9,65,88,22,184,0,0,0,184
09/22/2003,TLH,FL,ASO,ES,Towers with Radar,17,79,66,9,171,0,1,11,0,12,17,80,77,9,183,0,0,0,183
09/23/2003,TLH,FL,ASO,ES,Towers with Radar,14,71,76,36,197,0,0,37,2,39,14,71,113,38,236,44,20,64,300
09/24/2003,TLH,FL,ASO,ES,Towers with Radar,13,80,98,54,245,0,2,70,4,76,13,82,168,58,321,40,68,108,429
09/25/2003,TLH,FL,ASO,ES,Towers with Radar,16,80,114,31,241,0,0,25,4,29,16,80,139,35,270,70,10,80,350
09/26/2003,TLH,FL,ASO,ES,Towers with Radar,12,75,53,13,153,0,3,51,4,58,12,78,104,17,211,24,38,62,273
09/27/2003,TLH,FL,ASO,ES,Towers with Radar,8,50,43,6,107,0,16,30,0,46,8,66,73,6,153,30,0,30,183
09/28/2003,TLH,FL,ASO,ES,Towers with Radar,9,65,48,7,129,0,0,56,3,59,9,65,104,10,188,78,6,84,272
09/29/2003,TLH,FL,ASO,ES,Towers with Radar,11,70,74,6,161,0,10,55,7,72,11,80,129,13,233,46,0,46,279
09/30/2003,TLH,FL,ASO,ES,Towers with Radar,12,70,60,5,147,1,16,85,0,102,13,86,145,5,249,12,0,12,261
10/01/2003,TLH,FL,ASO,ES,Towers with Radar,14,86,81,40,221,0,0,22,31,53,14,86,103,71,274,38,50,88,362
10/02/2003,TLH,FL,ASO,ES,Towers with Radar,14,83,83,41,221,0,0,49,38,87,14,83,132,79,308,16,101,117,425
10/03/2003,TLH,FL,ASO,ES,Towers with Radar,9,83,80,39,211,0,0,22,63,85,9,83,102,102,296,36,72,108,404
10/04/2003,TLH,FL,ASO,ES,Towers with Radar,7,53,50,14,124,0,25,55,0,80,7,78,105,14,204,68,8,76,280
10/05/2003,TLH,FL,ASO,ES,Towers with Radar,8,48,45,10,111,5,15,44,0,64,13,63,89,10,175,4,10,14,189
10/06/2003,TLH,FL,ASO,ES,Towers with Radar,13,74,72,35,194,0,0,25,16,41,13,74,97,51,235,44,11,55,290
10/07/2003,TLH,FL,ASO,ES,Towers with Radar,12,72,70,34,188,5,0,21,1,27,17,72,91,35,215,4,0,4,219
10/08/2003,TLH,FL,ASO,ES,Towers with Radar,9,85,89,45,228,0,0,5,3,8,9,85,94,48,236,28,24,52,288
10/09/2003,TLH,FL,ASO,ES,Towers with Radar,14,87,104,52,257,0,0,32,51,83,14,87,136,103,340,42,20,62,402
10/10/2003,TLH,FL,ASO,ES,Towers with Radar,12,94,90,29,225,0,0,40,0,40,12,94,130,29,265,0,6,6,271
10/11/2003,TLH,FL,ASO,ES,Towers with Radar,15,99,99,1,214,0,0,127,0,127,15,99,226,1,341,0,0,0,341
10/12/2003,TLH,FL,ASO,ES,Towers with Radar,11,70,68,5,154,0,0,24,0,24,11,70,92,5,178,6,0,6,184
10/13/2003,TLH,FL,ASO,ES,Towers with Radar,11,68,64,9,152,0,0,35,0,35,11,68,99,9,187,0,0,0,187
10/14/2003,TLH,FL,ASO,ES,Towers with Radar,14,81,79,39,213,2,0,25,11,38,16,81,104,50,251,64,22,86,337
10/15/2003,TLH,FL,ASO,ES,Towers with Radar,12,78,71,36,197,6,3,77,9,95,18,81,148,45,292,22,20,42,334
10/16/2003,TLH,FL,ASO,ES,Towers with Radar,14,82,77,39,212,0,0,58,7,65,14,82,135,46,277,104,10,114,391
10/17/2003,TLH,FL,ASO,ES,Towers with Radar,12,76,69,35,192,4,6,53,4,67,16,82,122,39,259,48,4,52,311
10/18/2003,TLH,FL,ASO,ES,Towers with Radar,8,49,45,17,119,3,17,45,0,65,11,66,90,17,184,60,6,66,250
10/19/2003,TLH,FL,ASO,ES,Towers with Radar,9,60,55,23,147,3,4,64,0,71,12,64,119,23,218,56,6,62,280
10/20/2003,TLH,FL,ASO,ES,Towers with Radar,12,75,69,34,190,5,2,39,27,73,17,77,108,61,263,4,0,4,267
10/21/2003,TLH,FL,ASO,ES,Towers with Radar,12,73,66,33,184,0,10,52,0,62,12,83,118,33,246,64,0,64,310
10/22/2003,TLH,FL,ASO,ES,Towers with Radar,11,75,68,27,181,0,15,74,0,89,11,90,142,27,270,84,16,100,370
10/23/2003,TLH,FL,ASO,ES,Towers with Radar,10,80,73,37,200,0,9,49,4,62,10,89,122,41,262,74,14,88,350
10/24/2003,TLH,FL,ASO,ES,Towers with Radar,15,81,83,42,221,3,0,41,22,66,18,81,124,64,287,76,22,98,385
10/25/2003,TLH,FL,ASO,ES,Towers with Radar,8,66,60,4,138,0,16,115,0,131,8,82,175,4,269,30,4,34,303
10/26/2003,TLH,FL,ASO,ES,Towers with Radar,9,61,56,13,139,0,3,36,0,39,9,64,92,13,178,20,0,20,198
10/27/2003,TLH,FL,ASO,ES,Towers with Radar,14,74,76,37,201,3,0,3,5,11,17,74,79,42,212,0,0,0,212
10/28/2003,TLH,FL,ASO,ES,Towers with Radar,11,65,53,2,131,2,34,0,0,36,13,99,53,2,167,0,0,0,167
10/29/2003,TLH,FL,ASO,ES,Towers with Radar,10,83,77,38,208,0,10,48,8,66,10,93,125,46,274,34,16,50,324
10/30/2003,TLH,FL,ASO,ES,Towers with Radar,12,83,78,38,211,0,0,42,34,76,12,83,120,72,287,8,14,22,309
10/31/2003,TLH,FL,ASO,ES,Towers with Radar,14,81,81,40,216,5,0,51,10,66,19,81,132,50,282,22,46,68,350
11/01/2003,TLH,FL,ASO,ES,Towers with Radar,7,51,40,0,98,4,16,50,0,70,11,67,90,0,168,40,0,40,208
11/02/2003,TLH,FL,ASO,ES,Towers with Radar,8,60,46,5,119,5,7,44,0,56,13,67,90,5,175,16,0,16,191
11/03/2003,TLH,FL,ASO,ES,Towers with Radar,9,62,48,15,134,3,14,32,0,49,12,76,80,15,183,18,4,22,205
11/04/2003,TLH,FL,ASO,ES,Towers with Radar,9,68,53,13,143,1,17,10,0,28,10,85,63,13,171,22,0,22,193
11/05/2003,TLH,FL,ASO,ES,Towers with Radar,9,87,72,31,199,0,0,26,14,40,9,87,98,45,239,10,20,30,269
11/06/2003,TLH,FL,ASO,ES,Towers with Radar,13,89,72,31,205,0,0,26,13,39,13,89,98,44,244,64,6,70,314
11/07/2003,TLH,FL,ASO,ES,Towers with Radar,14,89,81,33,217,0,0,52,13,65,14,89,133,46,282,40,10,50,332
11/08/2003,TLH,FL,ASO,ES,Towers with Radar,10,64,52,14,140,0,2,47,0,49,10,66,99,14,189,12,0,12,201
11/09/2003,TLH,FL,ASO,ES,Towers with Radar,12,63,65,26,166,0,0,15,4,19,12,63,80,30,185,16,0,16,201
11/10/2003,TLH,FL,ASO,ES,Towers with Radar,12,71,62,25,170,2,0,29,21,52,14,71,91,46,222,54,0,54,276
11/11/2003,TLH,FL,ASO,ES,Towers with Radar,10,62,50,4,126,6,20,79,0,105,16,82,129,4,231,24,0,24,255
11/12/2003,TLH,FL,ASO,ES,Towers with Radar,11,93,86,35,225,0,0,61,31,92,11,93,147,66,317,16,24,40,357
11/13/2003,TLH,FL,ASO,ES,Towers with Radar,10,87,74,30,201,0,0,40,12,52,10,87,114,42,253,90,0,90,343
11/14/2003,TLH,FL,ASO,ES,Towers with Radar,14,92,85,35,226,0,0,83,32,115,14,92,168,67,341,22,42,64,405
11/15/2003,TLH,FL,ASO,ES,Towers with Radar,10,60,48,5,123,2,7,110,0,119,12,67,158,5,242,64,16,80,322
11/16/2003,TLH,FL,ASO,ES,Towers with Radar,12,71,61,25,169,1,0,88,2,91,13,71,149,27,260,18,18,36,296
11/17/2003,TLH,FL,ASO,ES,Towers with Radar,13,76,68,29,186,1,0,49,29,79,14,76,117,58,265,26,14,40,305
11/18/2003,TLH,FL,ASO,ES,Towers with Radar,10,61,49,7,127,0,25,33,0,58,10,86,82,7,185,0,2,2,187
11/19/2003,TLH,FL,ASO,ES,Towers with Radar,10,77,62,26,175,0,16,16,13,45,10,93,78,39,220,18,16,34,254
11/20/2003,TLH,FL,ASO,ES,Towers with Radar,11,93,75,31,210,0,0,70,17,87,11,93,145,48,297,27,40,67,364
11/21/2003,TLH,FL,ASO,ES,Towers with Radar,11,91,77,33,212,0,0,61,35,96,11,91,138,68,308,42,38,80,388
11/22/2003,TLH,FL,ASO,ES,Towers with Radar,9,58,45,7,119,1,13,72,0,86,10,71,117,7,205,66,6,72,277
11/23/2003,TLH,FL,ASO,ES,Towers with Radar,10,67,56,24,157,2,0,34,18,54,12,67,90,42,211,26,26,52,263
11/24/2003,TLH,FL,ASO,ES,Towers with Radar,10,68,53,21,152,1,3,7,0,11,11,71,60,21,163,10,4,14,177
11/25/2003,TLH,FL,ASO,ES,Towers with Radar,12,88,87,37,224,0,0,71,36,107,12,88,158,73,331,18,4,22,353
11/26/2003,TLH,FL,ASO,ES,Towers with Radar,12,88,79,34,213,0,0,45,0,45,12,88,124,34,258,22,0,22,280
11/27/2003,TLH,FL,ASO,ES,Towers with Radar,4,30,23,0,57,2,33,6,0,41,6,63,29,0,98,18,0,18,116
11/28/2003,TLH,FL,ASO,ES,Towers with Radar,8,51,40,0,99,4,29,8,0,41,12,80,48,0,140,0,0,0,140
11/29/2003,TLH,FL,ASO,ES,Towers with Radar,10,61,48,2,121,1,4,48,0,53,11,65,96,2,174,14,0,14,188
11/30/2003,TLH,FL,ASO,ES,Towers with Radar,12,66,64,0,142,0,0,70,0,70,12,66,134,0,212,30,0,30,242
12/01/2003,TLH,FL,ASO,ES,Towers with Radar,9,78,60,27,174,0,0,55,12,67,9,78,115,39,241,122,24,146,387
12/02/2003,TLH,FL,ASO,ES,Towers with Radar,13,90,64,17,184,0,8,78,0,86,13,98,142,17,270,64,8,72,342
12/03/2003,TLH,FL,ASO,ES,Towers with Radar,11,98,71,33,213,0,0,72,32,104,11,98,143,65,317,24,12,36,353
12/04/2003,TLH,FL,ASO,ES,Towers with Radar,10,83,65,30,188,0,0,22,1,23,10,83,87,31,211,10,0,10,221
12/05/2003,TLH,FL,ASO,ES,Towers with Radar,10,80,64,28,182,0,0,18,19,37,10,80,82,47,219,38,16,54,273
12/06/2003,TLH,FL,ASO,ES,Towers with Radar,10,68,48,20,146,0,0,43,0,43,10,68,91,20,189,36,2,38,227
12/07/2003,TLH,FL,ASO,ES,Towers with Radar,8,57,41,8,114,2,9,41,0,52,10,66,82,8,166,50,0,50,216
12/08/2003,TLH,FL,ASO,ES,Towers with Radar,14,70,67,32,183,4,0,80,33,117,18,70,147,65,300,34,32,66,366
12/09/2003,TLH,FL,ASO,ES,Towers with Radar,12,88,63,28,191,0,0,54,20,74,12,88,117,48,265,4,26,30,295
12/10/2003,TLH,FL,ASO,ES,Towers with Radar,12,84,59,26,181,0,7,23,0,30,12,91,82,26,211,0,6,6,217
12/11/2003,TLH,FL,ASO,ES,Towers with Radar,10,102,71,34,217,0,2,61,29,92,10,104,132,63,309,72,34,106,415
12/12/2003,TLH,FL,ASO,ES,Towers with Radar,14,96,83,39,232,0,0,88,26,114,14,96,171,65,346,42,36,78,424
12/13/2003,TLH,FL,ASO,ES,Towers with Radar,8,60,42,17,127,1,9,50,0,60,9,69,92,17,187,24,0,24,211
12/14/2003,TLH,FL,ASO,ES,Towers with Radar,10,65,50,23,148,4,0,0,5,9,14,65,50,28,157,8,0,8,165
12/15/2003,TLH,FL,ASO,ES,Towers with Radar,11,88,66,30,195,0,0,61,30,91,11,88,127,60,286,26,24,50,336
12/16/2003,TLH,FL,ASO,ES,Towers with Radar,11,79,54,26,170,1,5,44,2,52,12,84,98,28,222,56,2,58,280
12/17/2003,TLH,FL,ASO,ES,Towers with Radar,11,88,61,27,187,0,5,34,0,39,11,93,95,27,226,10,6,16,242
12/18/2003,TLH,FL,ASO,ES,Towers with Radar,13,92,78,36,219,0,0,86,46,132,13,92,164,82,351,26,32,58,409
12/19/2003,TLH,FL,ASO,ES,Towers with Radar,13,89,66,31,199,3,0,69,18,90,16,89,135,49,289,32,20,52,341
12/20/2003,TLH,FL,ASO,ES,Towers with Radar,8,55,38,0,101,4,20,39,0,63,12,75,77,0,164,36,0,36,200
12/21/2003,TLH,FL,ASO,ES,Towers with Radar,8,56,38,6,108,2,12,59,0,73,10,68,97,6,181,44,0,44,225
12/22/2003,TLH,FL,ASO,ES,Towers with Radar,10,66,45,22,143,1,11,45,4,61,11,77,90,26,204,0,0,0,204
12/23/2003,TLH,FL,ASO,ES,Towers with Radar,12,79,54,26,171,0,18,31,2,51,12,97,85,28,222,0,4,4,226
12/24/2003,TLH,FL,ASO,ES,Towers with Radar,10,62,42,1,115,2,25,20,0,47,12,87,62,1,162,0,0,0,162
12/25/2003,TLH,FL,ASO,ES,Towers with Radar,6,40,27,0,73,6,21,26,0,53,12,61,53,0,126,14,0,14,140
12/26/2003,TLH,FL,ASO,ES,Towers with Radar,11,81,56,0,148,0,2,47,0,49,11,83,103,0,197,52,0,52,249
12/27/2003,TLH,FL,ASO,ES,Towers with Radar,8,58,40,0,106,1,10,42,0,53,9,68,82,0,159,10,8,18,177
12/28/2003,TLH,FL,ASO,ES,Towers with Radar,10,62,42,0,114,2,6,35,0,43,12,68,77,0,157,0,0,0,157
12/29/2003,TLH,FL,ASO,ES,Towers with Radar,10,62,42,20,134,0,20,9,11,40,10,82,51,31,174,30,14,44,218
12/30/2003,TLH,FL,ASO,ES,Towers with Radar,12,82,61,19,174,2,0,48,0,50,14,82,109,19,224,46,0,46,270
12/31/2003,TLH,FL,ASO,ES,Towers with Radar,11,79,55,0,145,0,6,53,0,59,11,85,108,0,204,92,0,92,296
01/01/2004,TLH,FL,ASO,ES,Towers with Radar,7,41,35,0,83,6,14,42,0,62,13,55,77,0,145,18,0,18,163
01/02/2004,TLH,FL,ASO,ES,Towers with Radar,12,76,65,2,155,0,4,60,0,64,12,80,125,2,219,18,0,18,237
01/03/2004,TLH,FL,ASO,ES,Towers with Radar,11,58,50,0,119,0,8,20,0,28,11,66,70,0,147,48,0,48,195
01/04/2004,TLH,FL,ASO,ES,Towers with Radar,10,61,52,0,123,3,3,11,0,17,13,64,63,0,140,6,0,6,146
01/05/2004,TLH,FL,ASO,ES,Towers with Radar,12,70,62,31,175,2,0,19,2,23,14,70,81,33,198,4,6,10,208
01/06/2004,TLH,FL,ASO,ES,Towers with Radar,11,79,68,33,191,0,4,33,4,41,11,83,101,37,232,30,8,38,270
01/07/2004,TLH,FL,ASO,ES,Towers with Radar,13,76,65,18,172,0,15,56,0,71,13,91,121,18,243,30,8,38,281
01/08/2004,TLH,FL,ASO,ES,Towers with Radar,11,82,70,34,197,0,3,47,15,65,11,85,117,49,262,58,22,80,342
01/09/2004,TLH,FL,ASO,ES,Towers with Radar,11,81,64,34,190,0,4,0,5,9,11,85,64,39,199,14,0,14,213
01/10/2004,TLH,FL,ASO,ES,Towers with Radar,11,64,61,16,152,3,0,48,0,51,14,64,109,16,203,58,0,58,261
01/11/2004,TLH,FL,ASO,ES,Towers with Radar,11,66,60,30,167,3,0,36,18,57,14,66,96,48,224,62,30,92,316
01/12/2004,TLH,FL,ASO,ES,Towers with Radar,11,71,61,31,174,3,11,46,19,79,14,82,107,50,253,46,12,58,311
01/13/2004,TLH,FL,ASO,ES,Towers with Radar,12,75,64,33,184,1,8,31,10,50,13,83,95,43,234,32,20,52,286
01/14/2004,TLH,FL,ASO,ES,Towers with Radar,12,90,78,33,213,0,0,69,0,69,12,90,147,33,282,82,26,108,390
01/15/2004,TLH,FL,ASO,ES,Towers with Radar,10,91,81,41,223,0,0,85,2,87,10,91,166,43,310,20,30,50,360
01/16/2004,TLH,FL,ASO,ES,Towers with Radar,11,95,85,43,234,0,0,41,27,68,11,95,126,70,302,44,24,68,370
01/17/2004,TLH,FL,ASO,ES,Towers with Radar,9,56,47,23,135,4,15,26,0,45,13,71,73,23,180,32,0,32,212
01/18/2004,TLH,FL,ASO,ES,Towers with Radar,8,49,41,13,111,6,12,9,0,27,14,61,50,13,138,0,0,0,138
01/19/2004,TLH,FL,ASO,ES,Towers with Radar,12,70,58,23,163,2,0,29,0,31,14,70,87,23,194,10,0,10,204
01/20/2004,TLH,FL,ASO,ES,Towers with Radar,10,92,85,43,230,0,0,94,33,127,10,92,179,76,357,18,20,38,395
01/21/2004,TLH,FL,ASO,ES,Towers with Radar,14,88,74,28,204,1,3,92,0,96,15,91,166,28,300,22,6,28,328
01/22/2004,TLH,FL,ASO,ES,Towers with Radar,11,90,75,39,215,0,5,75,12,92,11,95,150,51,307,54,28,82,389
01/23/2004,TLH,FL,ASO,ES,Towers with Radar,11,89,78,40,218,0,0,58,18,76,11,89,136,58,294,104,46,150,444
01/24/2004,TLH,FL,ASO,ES,Towers with Radar,8,48,39,16,111,6,13,62,0,81,14,61,101,16,192,68,16,84,276
01/25/2004,TLH,FL,ASO,ES,Towers with Radar,9,51,47,24,131,3,0,13,5,21,12,51,60,29,152,0,20,20,172
01/26/2004,TLH,FL,ASO,ES,Towers with Radar,8,49,40,13,110,3,11,17,0,31,11,60,57,13,141,0,0,0,141
01/27/2004,TLH,FL,ASO,ES,Towers with Radar,12,96,85,43,236,0,0,25,41,66,12,96,110,84,302,30,98,128,430
01/28/2004,TLH,FL,ASO,ES,Towers with Radar,11,91,77,38,217,0,2,61,18,81,11,93,138,56,298,9,14,23,321
01/29/2004,TLH,FL,ASO,ES,Towers with Radar,9,81,68,34,192,0,2,41,22,65,9,83,109,56,257,46,10,56,313
01/30/2004,TLH,FL,ASO,ES,Towers with Radar,8,81,70,34,193,0,0,41,17,58,8,81,111,51,251,18,2,20,271
01/31/2004,TLH,FL,ASO,ES,Towers with Radar,10,64,57,20,151,7,0,52,0,59,17,64,109,20,210,62,8,70,280
02/01/2004,TLH,FL,ASO,ES,Towers with Radar,7,49,40,19,115,6,12,0,0,18,13,61,40,19,133,0,0,0,133
02/02/2004,TLH,FL,ASO,ES,Towers with Radar,13,71,72,33,189,1,0,1,37,39,14,71,73,70,228,0,0,0,228
02/03/2004,TLH,FL,ASO,ES,Towers with Radar,14,81,74,35,204,0,0,0,37,37,14,81,74,72,241,2,8,10,251
02/04/2004,TLH,FL,ASO,ES,Towers with Radar,9,101,90,42,242,0,0,68,30,98,9,101,158,72,340,74,38,112,452
02/05/2004,TLH,FL,ASO,ES,Towers with Radar,9,78,69,32,188,0,3,16,27,46,9,81,85,59,234,0,6,6,240
02/06/2004,TLH,FL,ASO,ES,Towers with Radar,9,55,48,0,112,4,32,6,0,42,13,87,54,0,154,0,0,0,154
02/07/2004,TLH,FL,ASO,ES,Towers with Radar,10,63,56,7,136,2,16,47,0,65,12,79,103,7,201,4,0,4,205
02/08/2004,TLH,FL,ASO,ES,Towers with Radar,10,62,54,17,143,1,9,30,0,40,11,71,84,17,183,18,0,18,201
02/09/2004,TLH,FL,ASO,ES,Towers with Radar,10,66,58,27,161,0,26,46,15,87,10,92,104,42,248,38,24,62,310
02/10/2004,TLH,FL,ASO,ES,Towers with Radar,13,85,74,35,207,9,3,27,12,51,22,88,101,47,258,36,32,68,326
02/11/2004,TLH,FL,ASO,ES,Towers with Radar,11,84,74,29,198,0,12,14,0,26,11,96,88,29,224,0,0,0,224
02/12/2004,TLH,FL,ASO,ES,Towers with Radar,13,76,67,4,160,1,10,19,0,30,14,86,86,4,190,0,0,0,190
02/13/2004,TLH,FL,ASO,ES,Towers with Radar,12,88,73,47,220,0,0,0,30,30,12,88,73,77,250,0,20,20,270
02/14/2004,TLH,FL,ASO,ES,Towers with Radar,6,41,37,1,85,9,18,5,0,32,15,59,42,1,117,0,0,0,117
02/15/2004,TLH,FL,ASO,ES,Towers with Radar,9,53,53,2,117,10,0,26,0,36,19,53,79,2,153,56,0,56,209
02/16/2004,TLH,FL,ASO,ES,Towers with Radar,13,74,73,11,171,0,0,40,0,40,13,74,113,11,211,70,0,70,281
02/17/2004,TLH,FL,ASO,ES,Towers with Radar,10,93,85,41,229,0,0,64,3,67,10,93,149,44,296,2,54,56,352
02/18/2004,TLH,FL,ASO,ES,Towers with Radar,10,93,85,41,229,0,0,81,6,87,10,93,166,47,316,42,20,62,378
02/19/2004,TLH,FL,ASO,ES,Towers with Radar,9,89,76,37,211,0,4,89,5,98,9,93,165,42,309,0,4,4,313
02/20/2004,TLH,FL,ASO,ES,Towers with Radar,10,82,83,40,215,0,0,37,39,76,10,82,120,79,291,32,86,118,409
02/21/2004,TLH,FL,ASO,ES,Towers with Radar,10,63,53,15,141,1,2,29,0,32,11,65,82,15,173,4,0,4,177
02/22/2004,TLH,FL,ASO,ES,Towers with Radar,12,63,64,31,170,0,0,42,16,58,12,63,106,47,228,0,6,6,234
02/23/2004,TLH,FL,ASO,ES,Towers with Radar,10,64,54,12,140,5,11,31,0,47,15,75,85,12,187,11,20,31,218
02/24/2004,TLH,FL,ASO,ES,Towers with Radar,7,50,42,0,99,4,34,2,0,40,11,84,44,0,139,0,0,0,139
02/25/2004,TLH,FL,ASO,ES,Towers with Radar,10,63,53,8,134,0,18,10,0,28,10,81,63,8,162,14,0,14,176
02/26/2004,TLH,FL,ASO,ES,Towers with Radar,8,82,82,32,204,0,0,21,0,21,8,82,103,32,225,12,10,22,247
02/27/2004,TLH,FL,ASO,ES,Towers with Radar,8,86,94,45,233,0,0,28,19,47,8,86,122,64,280,6,2,8,288
02/28/2004,TLH,FL,ASO,ES,Towers with Radar,12,68,62,30,172,0,0,53,12,65,12,68,115,42,237,22,42,64,301
02/29/2004,TLH,FL,ASO,ES,Towers with Radar,10,61,59,27,157,5,0,74,11,90,15,61,133,38,247,22,2,24,271
03/01/2004,TLH,FL,ASO,ES,Towers with Radar,10,78,75,33,196,0,8,49,6,63,10,86,124,39,259,25,26,51,310
03/02/2004,TLH,FL,ASO,ES,Towers with Radar,10,78,75,35,198,0,11,70,2,83,10,89,145,37,281,0,8,8,289
03/03/2004,TLH,FL,ASO,ES,Towers with Radar,10,86,91,42,229,0,0,30,11,41,10,86,121,53,270,40,0,40,310
03/04/2004,TLH,FL,ASO,ES,Towers with Radar,11,85,89,39,224,0,0,48,29,77,11,85,137,68,301,14,8,22,323
03/05/2004,TLH,FL,ASO,ES,Towers with Radar,10,82,110,49,251,0,0,29,40,69,10,82,139,89,320,0,28,28,348
03/06/2004,TLH,FL,ASO,ES,Towers with Radar,9,54,47,20,130,3,17,0,0,20,12,71,47,20,150,4,6,10,160
03/07/2004,TLH,FL,ASO,ES,Towers with Radar,9,61,60,26,156,0,3,5,26,34,9,64,65,52,190,8,24,32,222
03/08/2004,TLH,FL,ASO,ES,Towers with Radar,10,68,67,17,162,2,27,49,0,78,12,95,116,17,240,8,8,16,256
03/09/2004,TLH,FL,ASO,ES,Towers with Radar,12,86,84,37,219,0,6,53,36,95,12,92,137,73,314,6,26,32,346
03/10/2004,TLH,FL,ASO,ES,Towers with Radar,14,88,86,38,226,4,2,77,1,84,18,90,163,39,310,6,4,10,320
03/11/2004,TLH,FL,ASO,ES,Towers with Radar,11,94,92,41,238,0,4,106,1,111,11,98,198,42,349,90,0,90,439
03/12/2004,TLH,FL,ASO,ES,Towers with Radar,11,98,95,41,245,0,1,48,42,91,11,99,143,83,336,4,16,20,356
03/13/2004,TLH,FL,ASO,ES,Towers with Radar,8,53,52,8,121,3,28,59,0,90,11,81,111,8,211,12,10,22,233
03/14/2004,TLH,FL,ASO,ES,Towers with Radar,12,68,71,27,178,0,0,45,0,45,12,68,116,27,223,1,6,7,230
03/15/2004,TLH,FL,ASO,ES,Towers with Radar,13,84,82,37,216,0,4,59,6,69,13,88,141,43,285,74,10,84,369
03/16/2004,TLH,FL,ASO,ES,Towers with Radar,12,72,70,32,186,2,15,11,5,33,14,87,81,37,219,12,0,12,231
03/17/2004,TLH,FL,ASO,ES,Towers with Radar,13,90,88,34,225,0,8,94,0,102,13,98,182,34,327,70,0,70,397
03/18/2004,TLH,FL,ASO,ES,Towers with Radar,16,100,99,45,260,2,0,94,3,99,18,100,193,48,359,18,36,54,413
03/19/2004,TLH,FL,ASO,ES,Towers with Radar,12,91,93,43,239,0,0,36,42,78,12,91,129,85,317,72,64,136,453
03/20/2004,TLH,FL,ASO,ES,Towers with Radar,10,68,64,17,159,4,1,84,0,89,14,69,148,17,248,24,2,26,274
03/21/2004,TLH,FL,ASO,ES,Towers with Radar,11,70,67,31,179,4,4,43,11,62,15,74,110,42,241,42,16,58,299
03/22/2004,TLH,FL,ASO,ES,Towers with Radar,12,76,72,33,193,1,11,87,5,104,13,87,159,38,297,62,16,78,375
03/23/2004,TLH,FL,ASO,ES,Towers with Radar,11,67,63,29,170,6,14,96,1,117,17,81,159,30,287,66,32,98,385
03/24/2004,TLH,FL,ASO,ES,Towers with Radar,13,88,84,28,213,0,10,99,0,109,13,98,183,28,322,16,4,20,342
03/25/2004,TLH,FL,ASO,ES,Towers with Radar,12,80,76,35,203,0,9,82,4,95,12,89,158,39,298,46,18,64,362
03/26/2004,TLH,FL,ASO,ES,Towers with Radar,11,81,77,35,204,0,7,54,9,70,11,88,131,44,274,38,28,66,340
03/27/2004,TLH,FL,ASO,ES,Towers with Radar,8,54,51,5,118,6,13,52,0,71,14,67,103,5,189,12,0,12,201
03/28/2004,TLH,FL,ASO,ES,Towers with Radar,10,62,59,27,158,2,6,42,0,50,12,68,101,27,208,1,8,9,217
03/29/2004,TLH,FL,ASO,ES,Towers with Radar,10,68,64,30,172,2,7,84,6,99,12,75,148,36,271,38,0,38,309
03/30/2004,TLH,FL,ASO,ES,Towers with Radar,12,79,75,10,176,1,12,70,0,83,13,91,145,10,259,14,0,14,273
03/31/2004,TLH,FL,ASO,ES,Towers with Radar,12,90,86,21,209,0,2,93,0,95,12,92,179,21,304,24,6,30,334
04/01/2004,TLH,FL,ASO,ES,Towers with Radar,12,91,81,31,215,0,5,81,21,107,12,96,162,52,322,0,2,2,324
04/02/2004,TLH,FL,ASO,ES,Towers with Radar,11,89,86,33,219,0,0,88,42,130,11,89,174,75,349,46,34,80,429
04/03/2004,TLH,FL,ASO,ES,Towers with Radar,9,50,46,2,107,3,24,87,0,114,12,74,133,2,221,33,0,33,254
04/04/2004,TLH,FL,ASO,ES,Towers with Radar,10,63,62,23,158,0,0,63,37,100,10,63,125,60,258,12,22,34,292
04/05/2004,TLH,FL,ASO,ES,Towers with Radar,9,67,61,23,160,0,16,41,17,74,9,83,102,40,234,63,0,63,297
04/06/2004,TLH,FL,ASO,ES,Towers with Radar,10,79,71,27,187,0,12,98,33,143,10,91,169,60,330,32,12,44,374
04/07/2004,TLH,FL,ASO,ES,Towers with Radar,12,69,62,15,158,6,5,39,0,50,18,74,101,15,208,36,2,38,246
04/08/2004,TLH,FL,ASO,ES,Towers with Radar,10,70,63,12,155,0,16,43,0,59,10,86,106,12,214,28,0,28,242
04/09/2004,TLH,FL,ASO,ES,Towers with Radar,12,80,76,29,197,0,0,72,0,72,12,80,148,29,269,28,6,34,303
04/10/2004,TLH,FL,ASO,ES,Towers with Radar,7,45,41,3,96,7,15,47,0,69,14,60,88,3,165,47,0,47,212
04/11/2004,TLH,FL,ASO,ES,Towers with Radar,8,50,45,14,117,2,18,25,0,45,10,68,70,14,162,6,8,14,176
04/12/2004,TLH,FL,ASO,ES,Towers with Radar,17,97,92,36,242,4,0,42,27,73,21,97,134,63,315,69,52,121,436
04/13/2004,TLH,FL,ASO,ES,Towers with Radar,17,87,88,35,227,2,0,34,5,41,19,87,122,40,268,70,4,74,342
04/14/2004,TLH,FL,ASO,ES,Towers with Radar,12,81,92,36,221,0,0,77,1,78,12,81,169,37,299,28,20,48,347
04/15/2004,TLH,FL,ASO,ES,Towers with Radar,11,91,91,22,215,0,0,76,0,76,11,91,167,22,291,32,14,46,337
04/16/2004,TLH,FL,ASO,ES,Towers with Radar,10,89,91,36,226,0,0,96,13,109,10,89,187,49,335,22,22,44,379
04/17/2004,TLH,FL,ASO,ES,Towers with Radar,11,62,60,2,135,0,0,91,0,91,11,62,151,2,226,82,0,82,308
04/18/2004,TLH,FL,ASO,ES,Towers with Radar,11,62,69,18,160,0,0,57,0,57,11,62,126,18,217,22,4,26,243
04/19/2004,TLH,FL,ASO,ES,Towers with Radar,13,73,64,26,176,4,16,77,12,109,17,89,141,38,285,68,0,68,353
04/20/2004,TLH,FL,ASO,ES,Towers with Radar,12,74,65,26,177,0,14,97,3,114,12,88,162,29,291,88,0,88,379
04/21/2004,TLH,FL,ASO,ES,Towers with Radar,13,86,76,30,205,0,2,98,5,105,13,88,174,35,310,36,0,36,346
04/22/2004,TLH,FL,ASO,ES,Towers with Radar,12,79,69,28,188,0,8,75,7,90,12,87,144,35,278,18,34,52,330
04/23/2004,TLH,FL,ASO,ES,Towers with Radar,13,80,70,28,191,0,6,60,32,98,13,86,130,60,289,88,14,102,391
04/24/2004,TLH,FL,ASO,ES,Towers with Radar,9,54,48,7,118,4,10,81,0,95,13,64,129,7,213,80,14,94,307
04/25/2004,TLH,FL,ASO,ES,Towers with Radar,10,54,47,19,130,3,10,47,3,63,13,64,94,22,193,12,7,19,212
04/26/2004,TLH,FL,ASO,ES,Towers with Radar,10,57,49,11,127,9,21,30,0,60,19,78,79,11,187,42,0,42,229
04/27/2004,TLH,FL,ASO,ES,Towers with Radar,13,71,64,25,173,11,0,50,19,80,24,71,114,44,253,34,12,46,299
04/28/2004,TLH,FL,ASO,ES,Towers with Radar,11,70,61,24,166,0,16,77,4,97,11,86,138,28,263,30,6,36,299
04/29/2004,TLH,FL,ASO,ES,Towers with Radar,13,78,69,26,186,0,15,69,5,89,13,93,138,31,275,50,52,102,377
04/30/2004,TLH,FL,ASO,ES,Towers with Radar,12,66,59,5,142,3,21,17,0,41,15,87,76,5,183,20,0,20,203
05/01/2004,TLH,FL,ASO,ES,Towers with Radar,10,47,34,3,94,5,10,42,0,57,15,57,76,3,151,26,0,26,177
05/02/2004,TLH,FL,ASO,ES,Towers with Radar,10,51,37,4,102,8,2,2,0,12,18,53,39,4,114,0,0,0,114
05/03/2004,TLH,FL,ASO,ES,Towers with Radar,11,76,55,31,173,0,1,73,6,80,11,77,128,37,253,22,0,22,275
05/04/2004,TLH,FL,ASO,ES,Towers with Radar,16,81,58,30,185,0,5,74,0,79,16,86,132,30,264,30,12,42,306
05/05/2004,TLH,FL,ASO,ES,Towers with Radar,10,83,60,34,187,0,4,73,4,81,10,87,133,38,268,142,8,150,418
05/06/2004,TLH,FL,ASO,ES,Towers with Radar,9,86,62,36,193,0,3,81,25,109,9,89,143,61,302,28,22,50,352
05/07/2004,TLH,FL,ASO,ES,Towers with Radar,13,79,69,40,201,0,0,44,51,95,13,79,113,91,296,22,52,74,370
05/08/2004,TLH,FL,ASO,ES,Towers with Radar,11,53,39,14,117,0,11,61,0,72,11,64,100,14,189,12,10,22,211
05/09/2004,TLH,FL,ASO,ES,Towers with Radar,11,59,43,22,135,1,8,20,0,29,12,67,63,22,164,30,20,50,214
05/10/2004,TLH,FL,ASO,ES,Towers with Radar,15,76,55,31,177,0,7,30,11,48,15,83,85,42,225,22,2,24,249
05/11/2004,TLH,FL,ASO,ES,Towers with Radar,17,84,61,35,197,2,4,39,41,86,19,88,100,76,283,37,6,43,326
05/12/2004,TLH,FL,ASO,ES,Towers with Radar,16,88,63,36,203,0,3,40,31,74,16,91,103,67,277,56,12,68,345
05/13/2004,TLH,FL,ASO,ES,Towers with Radar,10,82,70,40,202,0,0,49,29,78,10,82,119,69,280,46,22,68,348
05/14/2004,TLH,FL,ASO,ES,Towers with Radar,18,72,68,40,198,11,0,61,55,127,29,72,129,95,325,60,24,84,409
05/15/2004,TLH,FL,ASO,ES,Towers with Radar,11,52,38,15,116,2,20,123,0,145,13,72,161,15,261,88,6,94,355
05/16/2004,TLH,FL,ASO,ES,Towers with Radar,11,65,47,9,132,0,0,88,0,88,11,65,135,9,220,48,0,48,268
05/17/2004,TLH,FL,ASO,ES,Towers with Radar,12,68,48,29,157,0,21,34,5,60,12,89,82,34,217,38,10,48,265
05/18/2004,TLH,FL,ASO,ES,Towers with Radar,15,79,55,33,182,1,1,61,3,66,16,80,116,36,248,98,2,100,348
05/19/2004,TLH,FL,ASO,ES,Towers with Radar,14,76,53,22,165,0,9,70,0,79,14,85,123,22,244,38,16,54,298
05/20/2004,TLH,FL,ASO,ES,Towers with Radar,10,84,60,36,190,0,0,68,4,72,10,84,128,40,262,24,4,28,290
05/21/2004,TLH,FL,ASO,ES,Towers with Radar,11,81,57,34,183,0,3,59,2,64,11,84,116,36,247,96,40,136,383
05/22/2004,TLH,FL,ASO,ES,Towers with Radar,12,58,41,25,136,9,0,66,12,87,21,58,107,37,223,62,32,94,317
05/23/2004,TLH,FL,ASO,ES,Towers with Radar,12,60,45,27,144,4,0,63,7,74,16,60,108,34,218,46,38,84,302
05/24/2004,TLH,FL,ASO,ES,Towers with Radar,8,81,57,34,180,0,6,41,24,71,8,87,98,58,251,66,2,68,319
05/25/2004,TLH,FL,ASO,ES,Towers with Radar,17,86,61,37,201,0,0,41,23,64,17,86,102,60,265,92,14,106,371
05/26/2004,TLH,FL,ASO,ES,Towers with Radar,9,72,51,8,140,0,31,105,0,136,9,103,156,8,276,122,0,122,398
05/27/2004,TLH,FL,ASO,ES,Towers with Radar,11,84,59,28,182,0,0,71,0,71,11,84,130,28,253,18,8,26,279
05/28/2004,TLH,FL,ASO,ES,Towers with Radar,11,75,53,4,143,0,14,66,0,80,11,89,119,4,223,48,4,52,275
05/29/2004,TLH,FL,ASO,ES,Towers with Radar,11,58,41,0,110,6,6,64,0,76,17,64,105,0,186,66,0,66,252
05/30/2004,TLH,FL,ASO,ES,Towers with Radar,7,41,28,0,76,5,20,18,0,43,12,61,46,0,119,24,0,24,143
05/31/2004,TLH,FL,ASO,ES,Towers with Radar,9,46,32,0,87,11,15,26,0,52,20,61,58,0,139,0,0,0,139
06/01/2004,TLH,FL,ASO,ES,Towers with Radar,14,77,45,2,138,11,12,17,0,40,25,89,62,2,178,4,26,30,208
06/02/2004,TLH,FL,ASO,ES,Towers with Radar,13,92,55,22,182,0,0,39,9,48,13,92,94,31,230,42,4,46,276
06/03/2004,TLH,FL,ASO,ES,Towers with Radar,17,91,53,22,183,3,3,47,6,59,20,94,100,28,242,62,2,64,306
06/04/2004,TLH,FL,ASO,ES,Towers with Radar,18,93,66,28,205,0,0,46,43,89,18,93,112,71,294,70,64,134,428
06/05/2004,TLH,FL,ASO,ES,Towers with Radar,14,74,44,18,150,1,11,36,9,57,15,85,80,27,207,8,6,14,221
06/06/2004,TLH,FL,ASO,ES,Towers with Radar,11,58,34,14,117,4,13,17,0,34,15,71,51,14,151,32,0,32,183
06/07/2004,TLH,FL,ASO,ES,Towers with Radar,15,82,50,21,168,13,0,25,14,52,28,82,75,35,220,22,4,26,246
06/08/2004,TLH,FL,ASO,ES,Towers with Radar,16,80,50,22,168,4,0,22,6,32,20,80,72,28,200,71,0,71,271
06/09/2004,TLH,FL,ASO,ES,Towers with Radar,14,95,59,26,194,0,0,37,1,38,14,95,96,27,232,34,2,36,268
06/10/2004,TLH,FL,ASO,ES,Towers with Radar,14,92,67,29,202,0,0,58,38,96,14,92,125,67,298,72,60,132,430
06/11/2004,TLH,FL,ASO,ES,Towers with Radar,16,72,50,15,153,15,0,72,0,87,31,72,122,15,240,84,2,86,326
06/12/2004,TLH,FL,ASO,ES,Towers with Radar,14,75,44,17,150,3,0,55,0,58,17,75,99,17,208,32,0,32,240
06/13/2004,TLH,FL,ASO,ES,Towers with Radar,12,65,48,10,135,0,0,50,0,50,12,65,98,10,185,12,0,12,197
06/14/2004,TLH,FL,ASO,ES,Towers with Radar,11,61,29,2,103,2,29,0,0,31,13,90,29,2,134,0,0,0,134
06/15/2004,TLH,FL,ASO,ES,Towers with Radar,13,70,41,12,136,0,18,13,0,31,13,88,54,12,167,0,0,0,167
06/16/2004,TLH,FL,ASO,ES,Towers with Radar,11,82,47,17,157,0,11,48,0,59,11,93,95,17,216,8,0,8,224
06/17/2004,TLH,FL,ASO,ES,Towers with Radar,15,88,50,23,176,0,9,35,12,56,15,97,85,35,232,92,0,92,324
06/18/2004,TLH,FL,ASO,ES,Towers with Radar,12,86,51,17,166,0,0,62,0,62,12,86,113,17,228,54,4,58,286
06/19/2004,TLH,FL,ASO,ES,Towers with Radar,11,62,35,4,112,2,10,57,0,69,13,72,92,4,181,34,0,34,215
06/20/2004,TLH,FL,ASO,ES,Towers with Radar,12,67,38,12,129,0,6,12,0,18,12,73,50,12,147,88,6,94,241
06/21/2004,TLH,FL,ASO,ES,Towers with Radar,10,93,53,24,180,0,6,39,19,64,10,99,92,43,244,44,6,50,294
06/22/2004,TLH,FL,ASO,ES,Towers with Radar,14,77,44,16,151,2,13,39,0,54,16,90,83,16,205,8,8,16,221
06/23/2004,TLH,FL,ASO,ES,Towers with Radar,13,93,52,23,181,0,3,54,9,66,13,96,106,32,247,24,0,24,271
06/24/2004,TLH,FL,ASO,ES,Towers with Radar,13,93,52,16,174,0,11,77,0,88,13,104,129,16,262,84,0,84,346
06/25/2004,TLH,FL,ASO,ES,Towers with Radar,13,88,50,22,173,0,6,24,15,45,13,94,74,37,218,74,14,88,306
06/26/2004,TLH,FL,ASO,ES,Towers with Radar,11,56,31,8,106,3,19,32,0,54,14,75,63,8,160,50,30,80,240
06/27/2004,TLH,FL,ASO,ES,Towers with Radar,10,58,33,8,109,0,0,32,0,32,10,58,65,8,141,14,0,14,155
06/28/2004,TLH,FL,ASO,ES,Towers with Radar,13,80,46,16,155,0,8,28,0,36,13,88,74,16,191,54,4,58,249
06/29/2004,TLH,FL,ASO,ES,Towers with Radar,12,79,45,4,140,0,27,35,0,62,12,106,80,4,202,18,0,18,220
06/30/2004,TLH,FL,ASO,ES,Towers with Radar,11,92,52,20,175,0,14,35,0,49,11,106,87,20,224,46,28,74,298
07/01/2004,TLH,FL,ASO,ES,Towers with Radar,20,62,50,5,137,8,0,36,0,44,28,62,86,5,181,54,6,60,241
07/02/2004,TLH,FL,ASO,ES,Towers with Radar,20,72,51,2,145,0,10,33,0,43,20,82,84,2,188,92,4,96,284
07/03/2004,TLH,FL,ASO,ES,Towers with Radar,14,46,31,8,99,4,23,0,0,27,18,69,31,8,126,52,0,52,178
07/04/2004,TLH,FL,ASO,ES,Towers with Radar,12,38,27,2,79,4,18,15,0,37,16,56,42,2,116,0,0,0,116
07/05/2004,TLH,FL,ASO,ES,Towers with Radar,16,58,41,0,115,3,12,53,0,68,19,70,94,0,183,26,0,26,209
07/06/2004,TLH,FL,ASO,ES,Towers with Radar,16,78,55,29,178,0,5,28,38,71,16,83,83,67,249,0,36,36,285
07/07/2004,TLH,FL,ASO,ES,Towers with Radar,23,80,56,28,187,1,3,35,18,57,24,83,91,46,244,124,26,150,394
07/08/2004,TLH,FL,ASO,ES,Towers with Radar,17,73,51,18,159,0,5,39,0,44,17,78,90,18,203,36,12,48,251
07/09/2004,TLH,FL,ASO,ES,Towers with Radar,20,81,57,30,188,0,14,45,38,97,20,95,102,68,285,13,10,23,308
07/10/2004,TLH,FL,ASO,ES,Towers with Radar,15,54,38,20,127,4,10,41,0,55,19,64,79,20,182,62,12,74,256
07/11/2004,TLH,FL,ASO,ES,Towers with Radar,17,59,42,22,140,3,0,31,4,38,20,59,73,26,178,32,28,60,238
07/12/2004,TLH,FL,ASO,ES,Towers with Radar,19,63,45,17,144,6,10,53,0,69,25,73,98,17,213,6,18,24,237
07/13/2004,TLH,FL,ASO,ES,Towers with Radar,22,77,54,19,172,0,12,43,0,55,22,89,97,19,227,0,0,0,227
07/14/2004,TLH,FL,ASO,ES,Towers with Radar,23,80,56,28,187,1,12,56,6,75,24,92,112,34,262,56,30,86,348
07/15/2004,TLH,FL,ASO,ES,Towers with Radar,20,77,54,25,176,0,3,39,0,42,20,80,93,25,218,64,0,64,282
07/16/2004,TLH,FL,ASO,ES,Towers with Radar,19,71,50,25,165,0,3,15,19,37,19,74,65,44,202,48,32,80,282
07/17/2004,TLH,FL,ASO,ES,Towers with Radar,12,43,30,0,85,7,12,30,0,49,19,55,60,0,134,70,0,70,204
07/18/2004,TLH,FL,ASO,ES,Towers with Radar,15,50,34,5,104,1,6,18,0,25,16,56,52,5,129,12,0,12,141
07/19/2004,TLH,FL,ASO,ES,Towers with Radar,26,64,61,32,183,3,0,39,56,98,29,64,100,88,281,82,16,98,379
07/20/2004,TLH,FL,ASO,ES,Towers with Radar,25,77,59,31,192,1,0,53,25,79,26,77,112,56,271,42,14,56,327
07/21/2004,TLH,FL,ASO,ES,Towers with Radar,17,84,63,33,197,0,0,70,45,115,17,84,133,78,312,32,36,68,380
07/22/2004,TLH,FL,ASO,ES,Towers with Radar,19,75,58,30,182,0,0,58,13,71,19,75,116,43,253,50,10,60,313
07/23/2004,TLH,FL,ASO,ES,Towers with Radar,17,67,46,20,150,0,9,50,0,59,17,76,96,20,209,30,2,32,241
07/24/2004,TLH,FL,ASO,ES,Towers with Radar,15,51,35,9,110,3,7,49,0,59,18,58,84,9,169,56,0,56,225
07/25/2004,TLH,FL,ASO,ES,Towers with Radar,16,57,41,7,121,0,0,37,0,37,16,57,78,7,158,36,2,38,196
07/26/2004,TLH,FL,ASO,ES,Towers with Radar,20,71,48,16,155,0,1,42,0,43,20,72,90,16,198,22,0,22,220
07/27/2004,TLH,FL,ASO,ES,Towers with Radar,19,68,45,10,142,2,6,47,0,55,21,74,92,10,197,38,0,38,235
07/28/2004,TLH,FL,ASO,ES,Towers with Radar,20,67,50,26,163,0,0,35,2,37,20,67,85,28,200,26,0,26,226
07/29/2004,TLH,FL,ASO,ES,Towers with Radar,15,76,52,19,162,0,9,47,0,56,15,85,99,19,218,66,0,66,284
07/30/2004,TLH,FL,ASO,ES,Towers with Radar,20,83,58,29,190,0,0,54,25,79,20,83,112,54,269,98,16,114,383
07/31/2004,TLH,FL,ASO,ES,Towers with Radar,13,59,41,20,133,0,6,67,11,84,13,65,108,31,217,68,16,84,301
08/01/2004,TLH,FL,ASO,ES,Towers with Radar,15,56,49,25,145,0,0,34,9,43,15,56,83,34,188,12,6,18,206
08/02/2004,TLH,FL,ASO,ES,Towers with Radar,16,62,48,24,150,0,10,29,0,39,16,72,77,24,189,2,0,2,191
08/03/2004,TLH,FL,ASO,ES,Towers with Radar,19,82,66,32,199,0,0,45,35,80,19,82,111,67,279,30,0,30,309
08/04/2004,TLH,FL,ASO,ES,Towers with Radar,19,85,65,18,187,0,0,53,0,53,19,85,118,18,240,36,14,50,290
08/05/2004,TLH,FL,ASO,ES,Towers with Radar,18,77,71,36,202,0,0,72,20,92,18,77,143,56,294,184,8,192,486
08/06/2004,TLH,FL,ASO,ES,Towers with Radar,23,90,68,35,216,0,0,56,11,67,23,90,124,46,283,78,2,80,363
08/07/2004,TLH,FL,ASO,ES,Towers with Radar,15,62,48,7,132,0,3,76,0,79,15,65,124,7,211,18,0,18,229
08/08/2004,TLH,FL,ASO,ES,Towers with Radar,15,55,42,20,132,0,8,12,0,20,15,63,54,20,152,10,0,10,162
08/09/2004,TLH,FL,ASO,ES,Towers with Radar,18,77,59,30,184,0,0,6,33,39,18,77,65,63,223,72,24,96,319
08/10/2004,TLH,FL,ASO,ES,Towers with Radar,15,55,42,3,115,0,14,32,0,46,15,69,74,3,161,18,2,20,181
08/11/2004,TLH,FL,ASO,ES,Towers with Radar,15,55,42,2,114,9,16,19,0,44,24,71,61,2,158,0,0,0,158
08/12/2004,TLH,FL,ASO,ES,Towers with Radar,9,35,16,0,60,5,30,0,0,35,14,65,16,0,95,0,0,0,95
08/13/2004,TLH,FL,ASO,ES,Towers with Radar,10,40,31,15,96,9,12,7,0,28,19,52,38,15,124,0,6,6,130
08/14/2004,TLH,FL,ASO,ES,Towers with Radar,12,47,36,19,114,4,7,33,4,48,16,54,69,23,162,46,22,68,230
08/15/2004,TLH,FL,ASO,ES,Towers with Radar,13,52,46,23,134,0,0,29,2,31,13,52,75,25,165,18,0,18,183
08/16/2004,TLH,FL,ASO,ES,Towers with Radar,18,66,51,16,151,2,19,13,0,34,20,85,64,16,185,48,0,48,233
08/17/2004,TLH,FL,ASO,ES,Towers with Radar,17,77,58,31,183,0,0,30,19,49,17,77,88,50,232,72,8,80,312
08/18/2004,TLH,FL,ASO,ES,Towers with Radar,16,91,71,38,216,0,0,58,46,104,16,91,129,84,320,92,20,112,432
08/19/2004,TLH,FL,ASO,ES,Towers with Radar,15,69,57,30,171,0,0,50,8,58,15,69,107,38,229,80,14,94,323
08/20/2004,TLH,FL,ASO,ES,Towers with Radar,15,74,54,21,164,0,4,58,0,62,15,78,112,21,226,8,4,12,238
08/21/2004,TLH,FL,ASO,ES,Towers with Radar,12,47,35,4,98,8,17,19,0,44,20,64,54,4,142,8,0,8,150
08/22/2004,TLH,FL,ASO,ES,Towers with Radar,13,50,36,7,106,2,12,7,0,21,15,62,43,7,127,18,0,18,145
08/23/2004,TLH,FL,ASO,ES,Towers with Radar,19,70,54,29,172,10,0,34,4,48,29,70,88,33,220,16,2,18,238
08/24/2004,TLH,FL,ASO,ES,Towers with Radar,21,81,70,37,209,0,0,47,44,91,21,81,117,81,300,64,16,80,380
08/25/2004,TLH,FL,ASO,ES,Towers with Radar,17,84,64,34,199,0,0,47,1,48,17,84,111,35,247,6,20,26,273
08/26/2004,TLH,FL,ASO,ES,Towers with Radar,26,63,70,37,196,13,0,81,24,118,39,63,151,61,314,122,0,122,436
08/27/2004,TLH,FL,ASO,ES,Towers with Radar,16,74,57,27,174,0,0,88,0,88,16,74,145,27,262,44,0,44,306
08/28/2004,TLH,FL,ASO,ES,Towers with Radar,15,60,45,16,136,0,3,59,0,62,15,63,104,16,198,60,3,63,261
08/29/2004,TLH,FL,ASO,ES,Towers with Radar,13,49,36,19,117,1,9,25,0,35,14,58,61,19,152,60,20,80,232
08/30/2004,TLH,FL,ASO,ES,Towers with Radar,15,60,44,9,128,5,8,3,0,16,20,68,47,9,144,0,0,0,144
08/31/2004,TLH,FL,ASO,ES,Towers with Radar,21,78,57,31,187,0,9,37,10,56,21,87,94,41,243,36,2,38,281
09/01/2004,TLH,FL,ASO,ES,Towers with Radar,11,58,58,11,138,6,19,21,7,53,17,77,79,18,191,68,0,68,259
09/02/2004,TLH,FL,ASO,ES,Towers with Radar,16,75,152,8,251,0,0,235,0,235,16,75,387,8,486,26,0,26,512
09/03/2004,TLH,FL,ASO,ES,Towers with Radar,14,68,71,13,166,13,0,32,4,49,27,68,103,17,215,24,0,24,239
09/04/2004,TLH,FL,ASO,ES,Towers with Radar,3,20,20,0,43,9,13,47,0,69,12,33,67,0,112,54,0,54,166
09/05/2004,TLH,FL,ASO,ES,Towers with Radar,1,13,12,3,29,7,2,15,0,24,8,15,27,3,53,0,0,0,53
09/06/2004,TLH,FL,ASO,ES,Towers with Radar,0,0,0,0,0,0,0,0,0,0,0,0,0,0,0,0,0,0,0
09/07/2004,TLH,FL,ASO,ES,Towers with Radar,12,59,60,11,142,2,1,38,1,42,14,60,98,12,184,0,14,14,198
09/08/2004,TLH,FL,ASO,ES,Towers with Radar,12,94,121,21,248,0,0,114,14,128,12,94,235,35,376,56,0,56,432
09/09/2004,TLH,FL,ASO,ES,Towers with Radar,17,72,82,14,185,24,0,50,24,98,41,72,132,38,283,30,4,34,317
09/10/2004,TLH,FL,ASO,ES,Towers with Radar,15,71,74,12,172,1,19,37,2,59,16,90,111,14,231,12,0,12,243
09/11/2004,TLH,FL,ASO,ES,Towers with Radar,10,44,46,1,101,1,27,33,0,61,11,71,79,1,162,54,0,54,216
09/12/2004,TLH,FL,ASO,ES,Towers with Radar,10,48,51,3,112,2,17,23,0,42,12,65,74,3,154,26,0,26,180
09/13/2004,TLH,FL,ASO,ES,Towers with Radar,13,63,35,4,115,1,11,0,0,12,14,74,35,4,127,0,0,0,127
09/14/2004,TLH,FL,ASO,ES,Towers with Radar,13,62,64,0,139,0,35,3,0,38,13,97,67,0,177,0,0,0,177
09/15/2004,TLH,FL,ASO,ES,Towers with Radar,4,19,17,2,42,1,21,0,0,22,5,40,17,2,64,4,0,4,68
09/16/2004,TLH,FL,ASO,ES,Towers with Radar,4,17,11,0,32,0,33,0,0,33,4,50,11,0,65,0,0,0,65
09/17/2004,TLH,FL,ASO,ES,Towers with Radar,14,73,76,13,176,0,12,116,5,133,14,85,192,18,309,22,2,24,333
09/18/2004,TLH,FL,ASO,ES,Towers with Radar,12,56,58,9,135,0,21,113,6,140,12,77,171,15,275,26,0,26,301
09/19/2004,TLH,FL,ASO,ES,Towers with Radar,11,53,56,8,128,9,21,79,0,109,20,74,135,8,237,4,4,8,245
09/20/2004,TLH,FL,ASO,ES,Towers with Radar,14,67,69,11,161,3,29,37,18,87,17,96,106,29,248,32,0,32,280
09/21/2004,TLH,FL,ASO,ES,Towers with Radar,13,78,81,13,185,0,5,50,32,87,13,83,131,45,272,56,20,76,348
09/22/2004,TLH,FL,ASO,ES,Towers with Radar,13,81,84,14,192,0,10,32,35,77,13,91,116,49,269,76,6,82,351
09/23/2004,TLH,FL,ASO,ES,Towers with Radar,15,70,74,12,171,2,0,44,34,80,17,70,118,46,251,44,8,52,303
09/24/2004,TLH,FL,ASO,ES,Towers with Radar,11,90,109,17,227,0,0,81,0,81,11,90,190,17,308,82,0,82,390
09/25/2004,TLH,FL,ASO,ES,Towers with Radar,11,50,110,9,180,0,0,140,0,140,11,50,250,9,320,8,0,8,328
09/26/2004,TLH,FL,ASO,ES,Towers with Radar,5,25,24,3,57,3,0,11,0,14,8,25,35,3,71,0,0,0,71
09/27/2004,TLH,FL,ASO,ES,Towers with Radar,6,51,54,7,118,0,0,7,0,7,6,51,61,7,125,0,0,0,125
09/28/2004,TLH,FL,ASO,ES,Towers with Radar,10,87,114,4,215,0,0,91,0,91,10,87,205,4,306,26,22,48,354
09/29/2004,TLH,FL,ASO,ES,Towers with Radar,15,82,83,13,193,0,20,43,1,64,15,102,126,14,257,24,0,24,281
09/30/2004,TLH,FL,ASO,ES,Towers with Radar,12,67,67,3,149,0,23,66,0,89,12,90,133,3,238,38,16,54,292
10/01/2004,TLH,FL,ASO,ES,Towers with Radar,16,90,95,54,255,0,2,44,0,46,16,92,139,54,301,38,4,42,343
10/02/2004,TLH,FL,ASO,ES,Towers with Radar,11,62,78,3,154,0,3,51,2,56,11,65,129,5,210,36,0,36,246
10/03/2004,TLH,FL,ASO,ES,Towers with Radar,18,58,50,4,130,0,4,70,0,74,18,62,120,4,204,30,12,42,246
10/04/2004,TLH,FL,ASO,ES,Towers with Radar,23,77,49,37,186,0,3,30,0,33,23,80,79,37,219,14,2,16,235
10/05/2004,TLH,FL,ASO,ES,Towers with Radar,20,86,87,32,225,0,1,27,4,32,20,87,114,36,257,50,36,86,343
10/06/2004,TLH,FL,ASO,ES,Towers with Radar,14,86,69,3,172,0,5,47,6,58,14,91,116,9,230,28,0,28,258
10/07/2004,TLH,FL,ASO,ES,Towers with Radar,14,81,62,42,199,0,5,47,5,57,14,86,109,47,256,66,4,70,326
10/08/2004,TLH,FL,ASO,ES,Towers with Radar,16,81,65,21,183,0,3,72,6,81,16,84,137,27,264,26,8,34,298
10/09/2004,TLH,FL,ASO,ES,Towers with Radar,11,58,42,6,117,0,0,37,0,37,11,58,79,6,154,10,0,10,164
10/10/2004,TLH,FL,ASO,ES,Towers with Radar,17,61,24,16,118,0,0,17,2,19,17,61,41,18,137,36,0,36,173
10/11/2004,TLH,FL,ASO,ES,Towers with Radar,23,61,62,15,161,0,0,4,0,4,23,61,66,15,165,0,0,0,165
10/12/2004,TLH,FL,ASO,ES,Towers with Radar,17,82,56,73,228,0,0,25,3,28,17,82,81,76,256,46,68,114,370
10/13/2004,TLH,FL,ASO,ES,Towers with Radar,20,81,80,7,188,0,0,47,0,47,20,81,127,7,235,26,0,26,261
10/14/2004,TLH,FL,ASO,ES,Towers with Radar,19,86,62,26,193,0,6,60,9,75,19,92,122,35,268,28,22,50,318
10/15/2004,TLH,FL,ASO,ES,Towers with Radar,19,72,62,71,224,0,4,75,12,91,19,76,137,83,315,37,0,37,352
10/16/2004,TLH,FL,ASO,ES,Towers with Radar,11,58,63,6,138,0,0,0,0,0,11,58,63,6,138,50,8,58,196
10/17/2004,TLH,FL,ASO,ES,Towers with Radar,21,59,90,8,178,0,4,71,4,79,21,63,161,12,257,36,0,36,293
10/18/2004,TLH,FL,ASO,ES,Towers with Radar,11,88,59,40,198,0,3,29,12,44,11,91,88,52,242,32,32,64,306
10/19/2004,TLH,FL,ASO,ES,Towers with Radar,12,99,89,18,218,0,0,16,0,16,12,99,105,18,234,22,38,60,294
10/20/2004,TLH,FL,ASO,ES,Towers with Radar,14,94,75,48,231,0,5,38,3,46,14,99,113,51,277,96,8,104,381
10/21/2004,TLH,FL,ASO,ES,Towers with Radar,11,91,71,31,204,0,0,47,3,50,11,91,118,34,254,80,2,82,336
10/22/2004,TLH,FL,ASO,ES,Towers with Radar,19,81,68,43,211,0,0,20,1,21,19,81,88,44,232,12,0,12,244
10/23/2004,TLH,FL,ASO,ES,Towers with Radar,12,58,49,39,158,0,0,64,10,74,12,58,113,49,232,75,10,85,317
10/24/2004,TLH,FL,ASO,ES,Towers with Radar,13,60,45,14,132,0,12,23,9,44,13,72,68,23,176,28,4,32,208
10/25/2004,TLH,FL,ASO,ES,Towers with Radar,14,83,41,20,158,0,2,25,6,33,14,85,66,26,191,86,20,106,297
10/26/2004,TLH,FL,ASO,ES,Towers with Radar,13,79,69,45,206,0,0,58,8,66,13,79,127,53,272,48,6,54,326
10/27/2004,TLH,FL,ASO,ES,Towers with Radar,33,75,57,33,198,0,0,47,7,54,33,75,104,40,252,130,6,136,388
10/28/2004,TLH,FL,ASO,ES,Towers with Radar,13,81,96,29,219,0,3,38,7,48,13,84,134,36,267,34,6,40,307
10/29/2004,TLH,FL,ASO,ES,Towers with Radar,21,79,75,33,208,0,3,57,17,77,21,82,132,50,285,35,0,35,320
10/30/2004,TLH,FL,ASO,ES,Towers with Radar,15,54,64,5,138,0,0,45,0,45,15,54,109,5,183,76,0,76,259
10/31/2004,TLH,FL,ASO,ES,Towers with Radar,14,64,42,22,142,0,0,40,1,41,14,64,82,23,183,26,0,26,209
11/01/2004,TLH,FL,ASO,ES,Combined TRACON& Tower with Radar,11,82,51,39,183,0,6,34,18,58,11,88,85,57,241,8,0,8,249
11/02/2004,TLH,FL,ASO,ES,Combined TRACON& Tower with Radar,12,83,60,51,206,0,4,44,5,53,12,87,104,56,259,98,60,158,417
11/03/2004,TLH,FL,ASO,ES,Combined TRACON& Tower with Radar,15,84,66,27,192,0,12,45,1,58,15,96,111,28,250,30,0,30,280
11/04/2004,TLH,FL,ASO,ES,Combined TRACON& Tower with Radar,13,91,70,16,190,0,0,19,1,20,13,91,89,17,210,6,4,10,220
11/05/2004,TLH,FL,ASO,ES,Combined TRACON& Tower with Radar,17,84,76,69,246,0,2,64,9,75,17,86,140,78,321,10,0,10,331
11/06/2004,TLH,FL,ASO,ES,Combined TRACON& Tower with Radar,16,62,67,7,152,0,1,90,6,97,16,63,157,13,249,66,6,72,321
11/07/2004,TLH,FL,ASO,ES,Combined TRACON& Tower with Radar,17,58,41,17,133,0,1,76,3,80,17,59,117,20,213,16,16,32,245
11/08/2004,TLH,FL,ASO,ES,Combined TRACON& Tower with Radar,12,75,45,51,183,0,7,58,9,74,12,82,103,60,257,60,0,60,317
11/09/2004,TLH,FL,ASO,ES,Combined TRACON& Tower with Radar,14,83,67,31,195,0,4,70,9,83,14,87,137,40,278,48,0,48,326
11/10/2004,TLH,FL,ASO,ES,Combined TRACON& Tower with Radar,34,65,78,24,201,0,6,48,9,63,34,71,126,33,264,90,0,90,354
11/11/2004,TLH,FL,ASO,ES,Combined TRACON& Tower with Radar,12,73,55,9,149,0,0,33,1,34,12,73,88,10,183,48,6,54,237
11/12/2004,TLH,FL,ASO,ES,Combined TRACON& Tower with Radar,25,69,77,25,196,0,0,11,0,11,25,69,88,25,207,4,0,4,211
11/13/2004,TLH,FL,ASO,ES,Combined TRACON& Tower with Radar,13,55,34,4,106,0,0,15,0,15,13,55,49,4,121,0,0,0,121
11/14/2004,TLH,FL,ASO,ES,Combined TRACON& Tower with Radar,16,52,73,42,183,0,0,23,3,26,16,52,96,45,209,28,2,30,239
11/15/2004,TLH,FL,ASO,ES,Combined TRACON& Tower with Radar,20,71,55,69,215,0,8,55,10,73,20,79,110,79,288,34,46,80,368
11/16/2004,TLH,FL,ASO,ES,Combined TRACON& Tower with Radar,17,96,120,39,272,0,11,78,11,100,17,107,198,50,372,58,24,82,454
11/17/2004,TLH,FL,ASO,ES,Combined TRACON& Tower with Radar,17,87,68,37,209,0,7,69,12,88,17,94,137,49,297,90,4,94,391
11/18/2004,TLH,FL,ASO,ES,Combined TRACON& Tower with Radar,14,93,92,52,251,0,6,88,7,101,14,99,180,59,352,46,8,54,406
11/19/2004,TLH,FL,ASO,ES,Combined TRACON& Tower with Radar,16,87,121,41,265,0,2,35,6,43,16,89,156,47,308,0,0,0,308
11/20/2004,TLH,FL,ASO,ES,Combined TRACON& Tower with Radar,15,59,93,1,168,0,0,11,0,11,15,59,104,1,179,18,0,18,197
11/21/2004,TLH,FL,ASO,ES,Combined TRACON& Tower with Radar,20,68,131,14,233,0,0,51,2,53,20,68,182,16,286,34,8,42,328
11/22/2004,TLH,FL,ASO,ES,Combined TRACON& Tower with Radar,19,73,48,89,229,0,0,43,6,49,19,73,91,95,278,16,16,32,310
11/23/2004,TLH,FL,ASO,ES,Combined TRACON& Tower with Radar,17,92,84,26,219,0,0,17,0,17,17,92,101,26,236,10,0,10,246
11/24/2004,TLH,FL,ASO,ES,Combined TRACON& Tower with Radar,38,62,43,7,150,0,0,8,0,8,38,62,51,7,158,10,0,10,168
11/25/2004,TLH,FL,ASO,ES,Combined TRACON& Tower with Radar,8,69,19,0,96,0,1,29,0,30,8,70,48,0,126,0,0,0,126
11/26/2004,TLH,FL,ASO,ES,Combined TRACON& Tower with Radar,25,53,15,0,93,0,0,59,0,59,25,53,74,0,152,42,0,42,194
11/27/2004,TLH,FL,ASO,ES,Combined TRACON& Tower with Radar,19,54,17,0,90,0,0,22,0,22,19,54,39,0,112,26,0,26,138
11/28/2004,TLH,FL,ASO,ES,Combined TRACON& Tower with Radar,17,60,57,0,134,0,2,53,0,55,17,62,110,0,189,40,0,40,229
11/29/2004,TLH,FL,ASO,ES,Combined TRACON& Tower with Radar,11,72,46,37,166,0,6,71,5,82,11,78,117,42,248,58,20,78,326
11/30/2004,TLH,FL,ASO,ES,Combined TRACON& Tower with Radar,15,84,55,39,193,0,2,49,2,53,15,86,104,41,246,4,32,36,282
12/01/2004,TLH,FL,ASO,ES,Combined TRACON& Tower with Radar,29,72,70,42,213,0,0,40,4,44,29,72,110,46,257,50,16,66,323
12/02/2004,TLH,FL,ASO,ES,Combined TRACON& Tower with Radar,21,73,59,28,181,0,4,66,19,89,21,77,125,47,270,78,0,78,348
12/03/2004,TLH,FL,ASO,ES,Combined TRACON& Tower with Radar,13,80,64,37,194,0,7,60,6,73,13,87,124,43,267,48,18,66,333
12/04/2004,TLH,FL,ASO,ES,Combined TRACON& Tower with Radar,19,51,35,1,106,0,1,67,2,70,19,52,102,3,176,60,24,84,260
12/05/2004,TLH,FL,ASO,ES,Combined TRACON& Tower with Radar,26,52,28,33,139,0,0,19,3,22,26,52,47,36,161,36,0,36,197
12/06/2004,TLH,FL,ASO,ES,Combined TRACON& Tower with Radar,12,91,85,38,226,0,5,29,3,37,12,96,114,41,263,0,0,0,263
12/07/2004,TLH,FL,ASO,ES,Combined TRACON& Tower with Radar,34,83,75,9,201,0,1,1,2,4,34,84,76,11,205,0,0,0,205
12/08/2004,TLH,FL,ASO,ES,Combined TRACON& Tower with Radar,15,92,83,19,209,0,0,9,0,9,15,92,92,19,218,16,0,16,234
12/09/2004,TLH,FL,ASO,ES,Combined TRACON& Tower with Radar,30,65,86,8,189,0,0,7,2,9,30,65,93,10,198,0,0,0,198
12/10/2004,TLH,FL,ASO,ES,Combined TRACON& Tower with Radar,17,95,67,3,182,0,1,50,3,54,17,96,117,6,236,42,0,42,278
12/11/2004,TLH,FL,ASO,ES,Combined TRACON& Tower with Radar,21,53,46,22,142,0,1,53,5,59,21,54,99,27,201,16,25,41,242
12/12/2004,TLH,FL,ASO,ES,Combined TRACON& Tower with Radar,21,52,47,35,155,0,0,74,4,78,21,52,121,39,233,40,0,40,273
12/13/2004,TLH,FL,ASO,ES,Combined TRACON& Tower with Radar,16,85,70,34,205,0,3,40,8,51,16,88,110,42,256,22,3,25,281
12/14/2004,TLH,FL,ASO,ES,Combined TRACON& Tower with Radar,14,90,73,49,226,0,1,56,9,66,14,91,129,58,292,20,24,44,336
12/15/2004,TLH,FL,ASO,ES,Combined TRACON& Tower with Radar,15,96,83,33,227,0,11,64,7,82,15,107,147,40,309,40,0,40,349
12/16/2004,TLH,FL,ASO,ES,Combined TRACON& Tower with Radar,12,85,73,35,205,0,8,67,1,76,12,93,140,36,281,22,22,44,325
12/17/2004,TLH,FL,ASO,ES,Combined TRACON& Tower with Radar,33,67,51,44,195,0,1,47,16,64,33,68,98,60,259,76,50,126,385
12/18/2004,TLH,FL,ASO,ES,Combined TRACON& Tower with Radar,20,56,50,14,140,0,1,66,1,68,20,57,116,15,208,26,6,32,240
12/19/2004,TLH,FL,ASO,ES,Combined TRACON& Tower with Radar,24,57,33,8,122,0,2,37,5,44,24,59,70,13,166,0,0,0,166
12/20/2004,TLH,FL,ASO,ES,Combined TRACON& Tower with Radar,11,89,92,59,251,0,3,66,4,73,11,92,158,63,324,22,0,22,346
12/21/2004,TLH,FL,ASO,ES,Combined TRACON& Tower with Radar,14,92,55,55,216,0,4,80,1,85,14,96,135,56,301,84,14,98,399
12/22/2004,TLH,FL,ASO,ES,Combined TRACON& Tower with Radar,17,67,45,50,179,0,9,19,0,28,17,76,64,50,207,40,38,78,285
12/23/2004,TLH,FL,ASO,ES,Combined TRACON& Tower with Radar,15,70,35,0,120,0,1,11,0,12,15,71,46,0,132,0,0,0,132
12/24/2004,TLH,FL,ASO,ES,Combined TRACON& Tower with Radar,24,50,14,0,88,0,2,12,0,14,24,52,26,0,102,0,0,0,102
12/25/2004,TLH,FL,ASO,ES,Combined TRACON& Tower with Radar,17,44,12,0,73,0,0,0,0,0,17,44,12,0,73,0,0,0,73
12/26/2004,TLH,FL,ASO,ES,Combined TRACON& Tower with Radar,19,57,45,0,121,0,1,31,0,32,19,58,76,0,153,18,0,18,171
12/27/2004,TLH,FL,ASO,ES,Combined TRACON& Tower with Radar,30,66,39,5,140,0,1,73,6,80,30,67,112,11,220,64,34,98,318
12/28/2004,TLH,FL,ASO,ES,Combined TRACON& Tower with Radar,23,76,59,7,165,0,6,81,1,88,23,82,140,8,253,90,0,90,343
12/29/2004,TLH,FL,ASO,ES,Combined TRACON& Tower with Radar,18,86,68,9,181,0,1,52,2,55,18,87,120,11,236,24,6,30,266
12/30/2004,TLH,FL,ASO,ES,Combined TRACON& Tower with Radar,12,80,45,12,149,0,17,56,0,73,12,97,101,12,222,10,0,10,232
12/31/2004,TLH,FL,ASO,ES,Combined TRACON& Tower with Radar,18,78,45,0,141,0,6,32,0,38,18,84,77,0,179,52,0,52,231
01/01/2005,TLH,FL,ASO,ES,Combined TRACON& Tower with Radar,13,48,24,0,85,0,1,40,0,41,13,49,64,0,126,2,0,2,128
01/02/2005,TLH,FL,ASO,ES,Combined TRACON& Tower with Radar,22,53,52,0,127,0,0,45,0,45,22,53,97,0,172,24,0,24,196
01/03/2005,TLH,FL,ASO,ES,Combined TRACON& Tower with Radar,24,78,53,13,168,0,4,52,4,60,24,82,105,17,228,28,26,54,282
01/04/2005,TLH,FL,ASO,ES,Combined TRACON& Tower with Radar,23,83,74,61,241,0,4,30,0,34,23,87,104,61,275,62,16,78,353
01/05/2005,TLH,FL,ASO,ES,Combined TRACON& Tower with Radar,33,66,80,44,223,0,10,61,6,77,33,76,141,50,300,34,10,44,344
01/06/2005,TLH,FL,ASO,ES,Combined TRACON& Tower with Radar,15,89,70,29,203,0,0,9,0,9,15,89,79,29,212,52,8,60,272
01/07/2005,TLH,FL,ASO,ES,Combined TRACON& Tower with Radar,15,80,52,58,205,0,0,13,0,13,15,80,65,58,218,6,0,6,224
01/08/2005,TLH,FL,ASO,ES,Combined TRACON& Tower with Radar,21,53,16,1,91,0,1,5,1,7,21,54,21,2,98,4,0,4,102
01/09/2005,TLH,FL,ASO,ES,Combined TRACON& Tower with Radar,18,59,53,54,184,0,3,17,1,21,18,62,70,55,205,24,6,30,235
01/10/2005,TLH,FL,ASO,ES,Combined TRACON& Tower with Radar,23,73,63,46,205,0,1,40,2,43,23,74,103,48,248,24,48,72,320
01/11/2005,TLH,FL,ASO,ES,Combined TRACON& Tower with Radar,0,0,0,0,0,0,0,0,0,0,0,0,0,0,0,0,0,0,0
01/12/2005,TLH,FL,ASO,ES,Combined TRACON& Tower with Radar,19,81,62,62,224,0,2,27,2,31,19,83,89,64,255,32,12,44,299
01/13/2005,TLH,FL,ASO,ES,Combined TRACON& Tower with Radar,12,91,64,2,169,0,0,7,1,8,12,91,71,3,177,4,0,4,181
01/14/2005,TLH,FL,ASO,ES,Combined TRACON& Tower with Radar,16,82,53,53,204,0,0,15,2,17,16,82,68,55,221,0,2,2,223
01/15/2005,TLH,FL,ASO,ES,Combined TRACON& Tower with Radar,22,55,48,13,138,0,0,28,5,33,22,55,76,18,171,22,0,22,193
01/16/2005,TLH,FL,ASO,ES,Combined TRACON& Tower with Radar,16,61,36,26,139,0,4,36,1,41,16,65,72,27,180,10,0,10,190
01/17/2005,TLH,FL,ASO,ES,Combined TRACON& Tower with Radar,21,70,39,11,141,0,1,56,4,61,21,71,95,15,202,48,20,68,270
01/18/2005,TLH,FL,ASO,ES,Combined TRACON& Tower with Radar,17,85,64,34,200,0,5,60,10,75,17,90,124,44,275,30,2,32,307
01/19/2005,TLH,FL,ASO,ES,Combined TRACON& Tower with Radar,16,81,63,37,197,0,3,53,5,61,16,84,116,42,258,2,0,2,260
01/20/2005,TLH,FL,ASO,ES,Combined TRACON& Tower with Radar,18,92,55,31,196,0,8,61,2,71,18,100,116,33,267,18,0,18,285
01/21/2005,TLH,FL,ASO,ES,Combined TRACON& Tower with Radar,15,81,63,25,184,0,0,42,11,53,15,81,105,36,237,30,16,46,283
01/22/2005,TLH,FL,ASO,ES,Combined TRACON& Tower with Radar,27,45,45,42,159,0,0,13,0,13,27,45,58,42,172,0,6,6,178
01/23/2005,TLH,FL,ASO,ES,Combined TRACON& Tower with Radar,24,59,57,23,163,0,4,25,7,36,24,63,82,30,199,10,4,14,213
01/24/2005,TLH,FL,ASO,ES,Combined TRACON& Tower with Radar,22,81,70,50,223,0,8,42,1,51,22,89,112,51,274,32,48,80,354
01/25/2005,TLH,FL,ASO,ES,Combined TRACON& Tower with Radar,23,87,73,36,219,0,8,60,3,71,23,95,133,39,290,70,26,96,386
01/26/2005,TLH,FL,ASO,ES,Combined TRACON& Tower with Radar,16,86,97,28,227,0,9,32,4,45,16,95,129,32,272,28,8,36,308
01/27/2005,TLH,FL,ASO,ES,Combined TRACON& Tower with Radar,16,92,72,29,209,0,1,51,3,55,16,93,123,32,264,90,0,90,354
01/28/2005,TLH,FL,ASO,ES,Combined TRACON& Tower with Radar,16,75,65,41,197,0,11,24,2,37,16,86,89,43,234,0,0,0,234
01/29/2005,TLH,FL,ASO,ES,Combined TRACON& Tower with Radar,11,45,42,24,122,0,0,0,0,0,11,45,42,24,122,0,0,0,122
01/30/2005,TLH,FL,ASO,ES,Combined TRACON& Tower with Radar,13,59,33,37,142,0,0,31,7,38,13,59,64,44,180,12,0,12,192
01/31/2005,TLH,FL,ASO,ES,Combined TRACON& Tower with Radar,14,84,92,44,234,0,2,29,6,37,14,86,121,50,271,20,14,34,305
02/01/2005,TLH,FL,ASO,ES,Combined TRACON& Tower with Radar,19,94,69,38,220,0,1,19,1,21,19,95,88,39,241,14,16,30,271
02/02/2005,TLH,FL,ASO,ES,Combined TRACON& Tower with Radar,13,94,69,19,195,0,2,3,0,5,13,96,72,19,200,16,0,16,216
02/03/2005,TLH,FL,ASO,ES,Combined TRACON& Tower with Radar,15,93,74,6,188,0,0,11,0,11,15,93,85,6,199,0,0,0,199
02/04/2005,TLH,FL,ASO,ES,Combined TRACON& Tower with Radar,14,88,69,48,219,0,0,65,6,71,14,88,134,54,290,26,10,36,326
02/05/2005,TLH,FL,ASO,ES,Combined TRACON& Tower with Radar,17,70,39,2,128,0,0,91,1,92,17,70,130,3,220,66,0,66,286
02/06/2005,TLH,FL,ASO,ES,Combined TRACON& Tower with Radar,16,74,66,18,174,0,2,45,1,48,16,76,111,19,222,4,0,4,226
02/07/2005,TLH,FL,ASO,ES,Combined TRACON& Tower with Radar,24,88,64,11,187,0,5,59,3,67,24,93,123,14,254,74,6,80,334
02/08/2005,TLH,FL,ASO,ES,Combined TRACON& Tower with Radar,45,75,88,63,271,0,10,73,4,87,45,85,161,67,358,48,12,60,418
02/09/2005,TLH,FL,ASO,ES,Combined TRACON& Tower with Radar,25,83,86,84,278,0,2,39,5,46,25,85,125,89,324,12,20,32,356
02/10/2005,TLH,FL,ASO,ES,Combined TRACON& Tower with Radar,15,98,86,39,238,0,7,55,6,68,15,105,141,45,306,18,0,18,324
02/11/2005,TLH,FL,ASO,ES,Combined TRACON& Tower with Radar,14,97,59,49,219,0,19,79,9,107,14,116,138,58,326,8,26,34,360
02/12/2005,TLH,FL,ASO,ES,Combined TRACON& Tower with Radar,24,59,32,14,129,0,3,96,3,102,24,62,128,17,231,16,0,16,247
02/13/2005,TLH,FL,ASO,ES,Combined TRACON& Tower with Radar,24,71,47,25,167,0,2,51,6,59,24,73,98,31,226,78,0,78,304
02/14/2005,TLH,FL,ASO,ES,Combined TRACON& Tower with Radar,15,98,51,30,194,0,0,5,0,5,15,98,56,30,199,0,0,0,199
02/15/2005,TLH,FL,ASO,ES,Combined TRACON& Tower with Radar,16,109,92,12,229,0,0,0,0,0,16,109,92,12,229,32,4,36,265
02/16/2005,TLH,FL,ASO,ES,Combined TRACON& Tower with Radar,11,115,83,24,233,0,0,35,4,39,11,115,118,28,272,68,0,68,340
02/17/2005,TLH,FL,ASO,ES,Combined TRACON& Tower with Radar,23,104,91,35,253,0,0,57,3,60,23,104,148,38,313,32,0,32,345
02/18/2005,TLH,FL,ASO,ES,Combined TRACON& Tower with Radar,14,85,75,31,205,0,2,71,0,73,14,87,146,31,278,56,4,60,338
02/19/2005,TLH,FL,ASO,ES,Combined TRACON& Tower with Radar,15,68,45,20,148,0,7,51,7,65,15,75,96,27,213,22,2,24,237
02/20/2005,TLH,FL,ASO,ES,Combined TRACON& Tower with Radar,21,70,37,4,132,0,3,62,3,68,21,73,99,7,200,60,0,60,260
02/21/2005,TLH,FL,ASO,ES,Combined TRACON& Tower with Radar,14,87,83,41,225,0,3,19,3,25,14,90,102,44,250,64,4,68,318
02/22/2005,TLH,FL,ASO,ES,Combined TRACON& Tower with Radar,25,86,73,10,194,0,0,17,0,17,25,86,90,10,211,38,0,38,249
02/23/2005,TLH,FL,ASO,ES,Combined TRACON& Tower with Radar,26,99,108,13,246,0,1,14,0,15,26,100,122,13,261,0,0,0,261
02/24/2005,TLH,FL,ASO,ES,Combined TRACON& Tower with Radar,20,94,85,34,233,0,4,21,7,32,20,98,106,41,265,52,6,58,323
02/25/2005,TLH,FL,ASO,ES,Combined TRACON& Tower with Radar,19,97,63,76,255,0,0,10,2,12,19,97,73,78,267,0,0,0,267
02/26/2005,TLH,FL,ASO,ES,Combined TRACON& Tower with Radar,21,70,56,10,157,0,0,46,3,49,21,70,102,13,206,80,8,88,294
02/27/2005,TLH,FL,ASO,ES,Combined TRACON& Tower with Radar,24,61,31,2,118,0,8,2,0,10,24,69,33,2,128,0,0,0,128
02/28/2005,TLH,FL,ASO,ES,Combined TRACON& Tower with Radar,24,91,66,51,232,0,5,19,36,60,24,96,85,87,292,0,0,0,292
03/01/2005,TLH,FL,ASO,ES,Combined TRACON& Tower with Radar,19,91,63,13,186,0,9,65,2,76,19,100,128,15,262,7,4,11,273
03/02/2005,TLH,FL,ASO,ES,Combined TRACON& Tower with Radar,14,95,70,28,207,0,12,63,5,80,14,107,133,33,287,14,0,14,301
03/03/2005,TLH,FL,ASO,ES,Combined TRACON& Tower with Radar,19,97,69,28,213,0,4,12,4,20,19,101,81,32,233,40,0,40,273
03/04/2005,TLH,FL,ASO,ES,Combined TRACON& Tower with Radar,19,93,56,32,200,0,19,58,9,86,19,112,114,41,286,32,8,40,326
03/05/2005,TLH,FL,ASO,ES,Combined TRACON& Tower with Radar,23,55,32,13,123,0,5,61,0,66,23,60,93,13,189,26,4,30,219
03/06/2005,TLH,FL,ASO,ES,Combined TRACON& Tower with Radar,22,71,35,9,137,0,7,50,5,62,22,78,85,14,199,60,0,60,259
03/07/2005,TLH,FL,ASO,ES,Combined TRACON& Tower with Radar,15,85,63,62,225,0,2,38,8,48,15,87,101,70,273,26,14,40,313
03/08/2005,TLH,FL,ASO,ES,Combined TRACON& Tower with Radar,24,98,57,65,244,0,4,31,3,38,24,102,88,68,282,14,16,30,312
03/09/2005,TLH,FL,ASO,ES,Combined TRACON& Tower with Radar,18,91,76,45,230,0,6,42,11,59,18,97,118,56,289,32,0,32,321
03/10/2005,TLH,FL,ASO,ES,Combined TRACON& Tower with Radar,19,98,59,52,228,0,7,47,9,63,19,105,106,61,291,10,19,29,320
03/11/2005,TLH,FL,ASO,ES,Combined TRACON& Tower with Radar,14,99,68,58,239,0,3,45,32,80,14,102,113,90,319,18,8,26,345
03/12/2005,TLH,FL,ASO,ES,Combined TRACON& Tower with Radar,16,71,39,17,143,0,1,59,1,61,16,72,98,18,204,32,6,38,242
03/13/2005,TLH,FL,ASO,ES,Combined TRACON& Tower with Radar,19,72,45,57,193,0,2,52,26,80,19,74,97,83,273,38,6,44,317
03/14/2005,TLH,FL,ASO,ES,Combined TRACON& Tower with Radar,14,93,93,42,242,0,8,21,5,34,14,101,114,47,276,20,13,33,309
03/15/2005,TLH,FL,ASO,ES,Combined TRACON& Tower with Radar,18,99,109,47,273,0,2,5,2,9,18,101,114,49,282,0,0,0,282
03/16/2005,TLH,FL,ASO,ES,Combined TRACON& Tower with Radar,16,105,60,13,194,0,0,1,0,1,16,105,61,13,195,0,0,0,195
03/17/2005,TLH,FL,ASO,ES,Combined TRACON& Tower with Radar,15,85,113,45,258,0,0,0,0,0,15,85,113,45,258,0,0,0,258
03/18/2005,TLH,FL,ASO,ES,Combined TRACON& Tower with Radar,25,91,95,51,262,0,7,35,7,49,25,98,130,58,311,26,17,43,354
03/19/2005,TLH,FL,ASO,ES,Combined TRACON& Tower with Radar,25,59,52,20,156,0,0,70,4,74,25,59,122,24,230,72,16,88,318
03/20/2005,TLH,FL,ASO,ES,Combined TRACON& Tower with Radar,25,71,54,47,197,0,1,34,7,42,25,72,88,54,239,16,0,16,255
03/21/2005,TLH,FL,ASO,ES,Combined TRACON& Tower with Radar,13,90,75,41,219,0,12,41,5,58,13,102,116,46,277,32,0,32,309
03/22/2005,TLH,FL,ASO,ES,Combined TRACON& Tower with Radar,23,81,63,8,175,0,0,3,2,5,23,81,66,10,180,0,0,0,180
03/23/2005,TLH,FL,ASO,ES,Combined TRACON& Tower with Radar,12,98,85,40,235,0,4,77,4,85,12,102,162,44,320,68,2,70,390
03/24/2005,TLH,FL,ASO,ES,Combined TRACON& Tower with Radar,21,89,97,25,232,0,4,80,11,95,21,93,177,36,327,30,6,36,363
03/25/2005,TLH,FL,ASO,ES,Combined TRACON& Tower with Radar,18,87,100,11,216,0,4,21,4,29,18,91,121,15,245,54,0,54,299
03/26/2005,TLH,FL,ASO,ES,Combined TRACON& Tower with Radar,23,58,53,1,135,0,0,2,0,2,23,58,55,1,137,0,0,0,137
03/27/2005,TLH,FL,ASO,ES,Combined TRACON& Tower with Radar,24,65,28,1,118,0,0,2,0,2,24,65,30,1,120,0,0,0,120
03/28/2005,TLH,FL,ASO,ES,Combined TRACON& Tower with Radar,16,95,76,13,200,0,4,39,2,45,16,99,115,15,245,12,0,12,257
03/29/2005,TLH,FL,ASO,ES,Combined TRACON& Tower with Radar,16,95,89,5,205,0,15,83,2,100,16,110,172,7,305,58,0,58,363
03/30/2005,TLH,FL,ASO,ES,Combined TRACON& Tower with Radar,17,105,105,16,243,0,17,71,0,88,17,122,176,16,331,0,0,0,331
03/31/2005,TLH,FL,ASO,ES,Combined TRACON& Tower with Radar,13,104,82,26,225,0,0,11,0,11,13,104,93,26,236,0,0,0,236
04/01/2005,TLH,FL,ASO,ES,Combined TRACON& Tower with Radar,31,86,44,1,162,0,3,7,0,10,31,89,51,1,172,0,0,0,172
04/02/2005,TLH,FL,ASO,ES,Combined TRACON& Tower with Radar,17,65,50,28,160,0,0,29,1,30,17,65,79,29,190,2,16,18,208
04/03/2005,TLH,FL,ASO,ES,Combined TRACON& Tower with Radar,21,72,50,9,152,0,0,62,0,62,21,72,112,9,214,40,0,40,254
04/04/2005,TLH,FL,ASO,ES,Combined TRACON& Tower with Radar,19,81,67,75,242,0,5,60,6,71,19,86,127,81,313,36,32,68,381
04/05/2005,TLH,FL,ASO,ES,Combined TRACON& Tower with Radar,21,103,95,70,289,0,21,80,3,104,21,124,175,73,393,32,0,32,425
04/06/2005,TLH,FL,ASO,ES,Combined TRACON& Tower with Radar,16,110,113,21,260,0,8,46,2,56,16,118,159,23,316,6,8,14,330
04/07/2005,TLH,FL,ASO,ES,Combined TRACON& Tower with Radar,18,90,44,4,156,0,3,9,0,12,18,93,53,4,168,30,0,30,198
04/08/2005,TLH,FL,ASO,ES,Combined TRACON& Tower with Radar,15,101,64,39,219,0,7,53,4,64,15,108,117,43,283,10,4,14,297
04/09/2005,TLH,FL,ASO,ES,Combined TRACON& Tower with Radar,24,61,20,4,109,0,0,74,1,75,24,61,94,5,184,0,0,0,184
04/10/2005,TLH,FL,ASO,ES,Combined TRACON& Tower with Radar,16,75,48,13,152,0,0,62,1,63,16,75,110,14,215,2,0,2,217
04/11/2005,TLH,FL,ASO,ES,Combined TRACON& Tower with Radar,17,87,78,7,189,0,2,65,4,71,17,89,143,11,260,14,0,14,274
04/12/2005,TLH,FL,ASO,ES,Combined TRACON& Tower with Radar,21,97,75,0,193,0,2,17,3,22,21,99,92,3,215,0,0,0,215
04/13/2005,TLH,FL,ASO,ES,Combined TRACON& Tower with Radar,17,96,79,14,206,0,11,81,3,95,17,107,160,17,301,40,0,40,341
04/14/2005,TLH,FL,ASO,ES,Combined TRACON& Tower with Radar,14,99,97,10,220,0,11,80,1,92,14,110,177,11,312,74,34,108,420
04/15/2005,TLH,FL,ASO,ES,Combined TRACON& Tower with Radar,16,91,72,36,215,0,6,106,0,112,16,97,178,36,327,18,0,18,345
04/16/2005,TLH,FL,ASO,ES,Combined TRACON& Tower with Radar,16,70,46,11,143,0,1,57,2,60,16,71,103,13,203,0,14,14,217
04/17/2005,TLH,FL,ASO,ES,Combined TRACON& Tower with Radar,21,63,43,1,128,0,9,71,9,89,21,72,114,10,217,0,10,10,227
04/18/2005,TLH,FL,ASO,ES,Combined TRACON& Tower with Radar,24,82,81,17,204,0,11,60,5,76,24,93,141,22,280,42,0,42,322
04/19/2005,TLH,FL,ASO,ES,Combined TRACON& Tower with Radar,33,87,107,31,258,0,12,89,5,106,33,99,196,36,364,8,14,22,386
04/20/2005,TLH,FL,ASO,ES,Combined TRACON& Tower with Radar,16,93,92,18,219,0,10,62,3,75,16,103,154,21,294,28,0,28,322
04/21/2005,TLH,FL,ASO,ES,Combined TRACON& Tower with Radar,17,99,78,23,217,0,4,50,3,57,17,103,128,26,274,40,10,50,324
04/22/2005,TLH,FL,ASO,ES,Combined TRACON& Tower with Radar,13,87,73,41,214,0,8,45,8,61,13,95,118,49,275,50,8,58,333
04/23/2005,TLH,FL,ASO,ES,Combined TRACON& Tower with Radar,21,61,21,4,107,0,1,31,0,32,21,62,52,4,139,0,0,0,139
04/24/2005,TLH,FL,ASO,ES,Combined TRACON& Tower with Radar,20,70,47,31,168,0,4,47,20,71,20,74,94,51,239,10,0,10,249
04/25/2005,TLH,FL,ASO,ES,Combined TRACON& Tower with Radar,29,78,93,65,265,0,10,58,10,78,29,88,151,75,343,44,22,66,409
04/26/2005,TLH,FL,ASO,ES,Combined TRACON& Tower with Radar,16,91,34,0,141,0,9,5,1,15,16,100,39,1,156,0,0,0,156
04/27/2005,TLH,FL,ASO,ES,Combined TRACON& Tower with Radar,16,98,64,43,221,0,2,54,12,68,16,100,118,55,289,4,104,108,397
04/28/2005,TLH,FL,ASO,ES,Combined TRACON& Tower with Radar,14,99,79,20,212,0,18,64,4,86,14,117,143,24,298,4,4,8,306
04/29/2005,TLH,FL,ASO,ES,Combined TRACON& Tower with Radar,17,95,77,27,216,0,12,73,2,87,17,107,150,29,303,18,0,18,321
04/30/2005,TLH,FL,ASO,ES,Combined TRACON& Tower with Radar,18,46,31,0,95,2,15,0,1,18,20,61,31,1,113,0,0,0,113
05/01/2005,TLH,FL,ASO,ES,Combined TRACON& Tower with Radar,12,75,71,21,179,0,0,19,6,25,12,75,90,27,204,6,0,6,210
05/02/2005,TLH,FL,ASO,ES,Combined TRACON& Tower with Radar,16,92,56,27,191,0,16,49,9,74,16,108,105,36,265,34,16,50,315
05/03/2005,TLH,FL,ASO,ES,Combined TRACON& Tower with Radar,24,82,60,34,200,0,15,53,9,77,24,97,113,43,277,18,16,34,311
05/04/2005,TLH,FL,ASO,ES,Combined TRACON& Tower with Radar,14,89,81,41,225,0,7,28,3,38,14,96,109,44,263,14,14,28,291
05/05/2005,TLH,FL,ASO,ES,Combined TRACON& Tower with Radar,16,96,80,11,203,0,0,5,0,5,16,96,85,11,208,0,0,0,208
05/06/2005,TLH,FL,ASO,ES,Combined TRACON& Tower with Radar,17,105,75,28,225,0,5,49,10,64,17,110,124,38,289,10,0,10,299
05/07/2005,TLH,FL,ASO,ES,Combined TRACON& Tower with Radar,12,67,50,15,144,0,2,60,1,63,12,69,110,16,207,8,0,8,215
05/08/2005,TLH,FL,ASO,ES,Combined TRACON& Tower with Radar,15,71,29,12,127,0,0,49,1,50,15,71,78,13,177,30,0,30,207
05/09/2005,TLH,FL,ASO,ES,Combined TRACON& Tower with Radar,18,80,60,42,200,0,5,46,1,52,18,85,106,43,252,2,0,2,254
05/10/2005,TLH,FL,ASO,ES,Combined TRACON& Tower with Radar,23,100,49,39,211,0,7,30,6,43,23,107,79,45,254,34,14,48,302
05/11/2005,TLH,FL,ASO,ES,Combined TRACON& Tower with Radar,17,95,74,6,192,0,6,51,6,63,17,101,125,12,255,28,0,28,283
05/12/2005,TLH,FL,ASO,ES,Combined TRACON& Tower with Radar,27,91,95,28,241,0,4,84,1,89,27,95,179,29,330,56,2,58,388
05/13/2005,TLH,FL,ASO,ES,Combined TRACON& Tower with Radar,18,98,69,28,213,0,0,66,6,72,18,98,135,34,285,24,4,28,313
05/14/2005,TLH,FL,ASO,ES,Combined TRACON& Tower with Radar,11,63,26,1,101,0,0,243,2,245,11,63,269,3,346,162,10,172,518
05/15/2005,TLH,FL,ASO,ES,Combined TRACON& Tower with Radar,12,76,77,18,183,0,11,253,16,280,12,87,330,34,463,258,32,290,753
05/16/2005,TLH,FL,ASO,ES,Combined TRACON& Tower with Radar,13,96,62,56,227,0,5,31,4,40,13,101,93,60,267,4,8,12,279
05/17/2005,TLH,FL,ASO,ES,Combined TRACON& Tower with Radar,29,90,64,55,238,0,2,52,10,64,29,92,116,65,302,74,2,76,378
05/18/2005,TLH,FL,ASO,ES,Combined TRACON& Tower with Radar,19,84,51,29,183,0,3,47,3,53,19,87,98,32,236,26,0,26,262
05/19/2005,TLH,FL,ASO,ES,Combined TRACON& Tower with Radar,14,98,72,39,223,0,7,51,2,60,14,105,123,41,283,56,30,86,369
05/20/2005,TLH,FL,ASO,ES,Combined TRACON& Tower with Radar,16,92,48,24,180,0,2,39,13,54,16,94,87,37,234,16,22,38,272
05/21/2005,TLH,FL,ASO,ES,Combined TRACON& Tower with Radar,17,61,58,22,158,0,1,33,3,37,17,62,91,25,195,6,12,18,213
05/22/2005,TLH,FL,ASO,ES,Combined TRACON& Tower with Radar,12,74,47,5,138,0,2,73,13,88,12,76,120,18,226,70,0,70,296
05/23/2005,TLH,FL,ASO,ES,Combined TRACON& Tower with Radar,12,99,89,50,250,0,4,39,0,43,12,103,128,50,293,50,14,64,357
05/24/2005,TLH,FL,ASO,ES,Combined TRACON& Tower with Radar,15,96,71,32,214,0,3,29,0,32,15,99,100,32,246,26,0,26,272
05/25/2005,TLH,FL,ASO,ES,Combined TRACON& Tower with Radar,14,98,73,56,241,0,13,71,1,85,14,111,144,57,326,52,0,52,378
05/26/2005,TLH,FL,ASO,ES,Combined TRACON& Tower with Radar,13,94,100,32,239,0,4,77,4,85,13,98,177,36,324,34,14,48,372
05/27/2005,TLH,FL,ASO,ES,Combined TRACON& Tower with Radar,15,102,45,16,178,0,4,53,0,57,15,106,98,16,235,66,0,66,301
05/28/2005,TLH,FL,ASO,ES,Combined TRACON& Tower with Radar,14,66,29,1,110,0,1,56,1,58,14,67,85,2,168,50,0,50,218
05/29/2005,TLH,FL,ASO,ES,Combined TRACON& Tower with Radar,14,74,21,0,109,0,0,39,1,40,14,74,60,1,149,0,0,0,149
05/30/2005,TLH,FL,ASO,ES,Combined TRACON& Tower with Radar,23,67,33,22,145,0,23,37,0,60,23,90,70,22,205,16,14,30,235
05/31/2005,TLH,FL,ASO,ES,Combined TRACON& Tower with Radar,21,88,65,4,178,0,0,1,0,1,21,88,66,4,179,0,0,0,179
06/01/2005,TLH,FL,ASO,ES,Combined TRACON& Tower with Radar,17,85,55,14,171,0,1,8,0,9,17,86,63,14,180,0,6,6,186
06/02/2005,TLH,FL,ASO,ES,Combined TRACON& Tower with Radar,10,89,73,13,185,0,9,14,0,23,10,98,87,13,208,22,0,22,230
06/03/2005,TLH,FL,ASO,ES,Combined TRACON& Tower with Radar,16,93,56,16,181,0,4,20,2,26,16,97,76,18,207,0,0,0,207
06/04/2005,TLH,FL,ASO,ES,Combined TRACON& Tower with Radar,16,65,39,3,123,0,2,16,0,18,16,67,55,3,141,40,0,40,181
06/05/2005,TLH,FL,ASO,ES,Combined TRACON& Tower with Radar,17,70,26,7,120,0,0,28,4,32,17,70,54,11,152,82,0,82,234
06/06/2005,TLH,FL,ASO,ES,Combined TRACON& Tower with Radar,22,79,75,27,203,0,7,53,2,62,22,86,128,29,265,26,22,48,313
06/07/2005,TLH,FL,ASO,ES,Combined TRACON& Tower with Radar,17,103,48,44,212,0,1,39,7,47,17,104,87,51,259,42,12,54,313
06/08/2005,TLH,FL,ASO,ES,Combined TRACON& Tower with Radar,15,88,53,10,166,0,5,45,2,52,15,93,98,12,218,36,2,38,256
06/09/2005,TLH,FL,ASO,ES,Combined TRACON& Tower with Radar,15,89,61,16,181,0,9,25,1,35,15,98,86,17,216,34,2,36,252
06/10/2005,TLH,FL,ASO,ES,Combined TRACON& Tower with Radar,12,92,63,17,184,0,0,3,2,5,12,92,66,19,189,2,14,16,205
06/11/2005,TLH,FL,ASO,ES,Combined TRACON& Tower with Radar,20,63,8,0,91,0,0,0,0,0,20,63,8,0,91,0,0,0,91
06/12/2005,TLH,FL,ASO,ES,Combined TRACON& Tower with Radar,16,70,33,8,127,0,2,4,1,7,16,72,37,9,134,16,0,16,150
06/13/2005,TLH,FL,ASO,ES,Combined TRACON& Tower with Radar,13,93,82,10,198,0,1,31,1,33,13,94,113,11,231,10,0,10,241
06/14/2005,TLH,FL,ASO,ES,Combined TRACON& Tower with Radar,16,94,66,21,197,0,12,30,4,46,16,106,96,25,243,96,8,104,347
06/15/2005,TLH,FL,ASO,ES,Combined TRACON& Tower with Radar,13,102,73,41,229,0,13,65,9,87,13,115,138,50,316,108,18,126,442
06/16/2005,TLH,FL,ASO,ES,Combined TRACON& Tower with Radar,14,100,101,51,266,0,4,53,25,82,14,104,154,76,348,36,22,58,406
06/17/2005,TLH,FL,ASO,ES,Combined TRACON& Tower with Radar,14,97,57,42,210,0,5,41,4,50,14,102,98,46,260,34,0,34,294
06/18/2005,TLH,FL,ASO,ES,Combined TRACON& Tower with Radar,16,60,46,0,122,0,1,45,0,46,16,61,91,0,168,36,0,36,204
06/19/2005,TLH,FL,ASO,ES,Combined TRACON& Tower with Radar,16,72,37,10,135,0,0,52,4,56,16,72,89,14,191,40,0,40,231
06/20/2005,TLH,FL,ASO,ES,Combined TRACON& Tower with Radar,15,94,76,54,239,0,5,57,7,69,15,99,133,61,308,74,8,82,390
06/21/2005,TLH,FL,ASO,ES,Combined TRACON& Tower with Radar,19,83,53,62,217,0,12,64,6,82,19,95,117,68,299,70,0,70,369
06/22/2005,TLH,FL,ASO,ES,Combined TRACON& Tower with Radar,15,102,82,61,260,0,8,62,2,72,15,110,144,63,332,48,30,78,410
06/23/2005,TLH,FL,ASO,ES,Combined TRACON& Tower with Radar,16,95,58,36,205,0,5,45,0,50,16,100,103,36,255,66,0,66,321
06/24/2005,TLH,FL,ASO,ES,Combined TRACON& Tower with Radar,15,94,105,36,250,0,3,53,6,62,15,97,158,42,312,38,16,54,366
06/25/2005,TLH,FL,ASO,ES,Combined TRACON& Tower with Radar,17,63,44,5,129,0,2,49,0,51,17,65,93,5,180,46,0,46,226
06/26/2005,TLH,FL,ASO,ES,Combined TRACON& Tower with Radar,13,69,40,34,156,0,0,23,5,28,13,69,63,39,184,0,0,0,184
06/27/2005,TLH,FL,ASO,ES,Combined TRACON& Tower with Radar,11,91,36,18,156,0,3,24,1,28,11,94,60,19,184,66,0,66,250
06/28/2005,TLH,FL,ASO,ES,Combined TRACON& Tower with Radar,15,103,38,9,165,0,0,6,0,6,15,103,44,9,171,22,0,22,193
06/29/2005,TLH,FL,ASO,ES,Combined TRACON& Tower with Radar,15,92,53,14,174,0,2,10,0,12,15,94,63,14,186,18,0,18,204
06/30/2005,TLH,FL,ASO,ES,Combined TRACON& Tower with Radar,14,93,62,22,191,0,4,44,2,50,14,97,106,24,241,32,0,32,273
07/01/2005,TLH,FL,ASO,ES,Combined TRACON& Tower with Radar,15,91,58,4,168,0,8,40,0,48,15,99,98,4,216,4,0,4,220
07/02/2005,TLH,FL,ASO,ES,Combined TRACON& Tower with Radar,16,59,32,0,107,0,0,25,0,25,16,59,57,0,132,30,0,30,162
07/03/2005,TLH,FL,ASO,ES,Combined TRACON& Tower with Radar,16,70,22,6,114,0,1,33,0,34,16,71,55,6,148,26,4,30,178
07/04/2005,TLH,FL,ASO,ES,Combined TRACON& Tower with Radar,22,61,17,0,100,0,1,21,0,22,22,62,38,0,122,0,0,0,122
07/05/2005,TLH,FL,ASO,ES,Combined TRACON& Tower with Radar,21,82,51,45,199,0,2,43,2,47,21,84,94,47,246,34,0,34,280
07/06/2005,TLH,FL,ASO,ES,Combined TRACON& Tower with Radar,14,99,39,19,171,0,3,12,3,18,14,102,51,22,189,36,0,36,225
07/07/2005,TLH,FL,ASO,ES,Combined TRACON& Tower with Radar,11,96,59,35,201,0,3,40,2,45,11,99,99,37,246,104,50,154,400
07/08/2005,TLH,FL,ASO,ES,Combined TRACON& Tower with Radar,15,98,54,14,181,0,5,57,31,93,15,103,111,45,274,38,0,38,312
07/09/2005,TLH,FL,ASO,ES,Combined TRACON& Tower with Radar,17,53,14,0,84,0,0,12,1,13,17,53,26,1,97,38,0,38,135
07/10/2005,TLH,FL,ASO,ES,Combined TRACON& Tower with Radar,0,0,0,0,0,0,0,0,0,0,0,0,0,0,0,0,0,0,0
07/11/2005,TLH,FL,ASO,ES,Combined TRACON& Tower with Radar,15,87,42,17,161,0,6,50,20,76,15,93,92,37,237,18,0,18,255
07/12/2005,TLH,FL,ASO,ES,Combined TRACON& Tower with Radar,16,97,48,35,196,0,7,68,20,95,16,104,116,55,291,10,24,34,325
07/13/2005,TLH,FL,ASO,ES,Combined TRACON& Tower with Radar,14,97,66,40,217,0,1,59,18,78,14,98,125,58,295,70,30,100,395
07/14/2005,TLH,FL,ASO,ES,Combined TRACON& Tower with Radar,19,79,57,25,180,0,2,35,6,43,19,81,92,31,223,8,8,16,239
07/15/2005,TLH,FL,ASO,ES,Combined TRACON& Tower with Radar,18,91,57,2,168,0,11,37,2,50,18,102,94,4,218,30,0,30,248
07/16/2005,TLH,FL,ASO,ES,Combined TRACON& Tower with Radar,22,53,29,4,108,0,1,51,0,52,22,54,80,4,160,38,0,38,198
07/17/2005,TLH,FL,ASO,ES,Combined TRACON& Tower with Radar,17,61,20,0,98,0,1,50,0,51,17,62,70,0,149,36,0,36,185
07/18/2005,TLH,FL,ASO,ES,Combined TRACON& Tower with Radar,20,87,57,15,179,0,5,45,2,52,20,92,102,17,231,50,8,58,289
07/19/2005,TLH,FL,ASO,ES,Combined TRACON& Tower with Radar,20,90,57,24,191,0,9,34,0,43,20,99,91,24,234,68,0,68,302
07/20/2005,TLH,FL,ASO,ES,Combined TRACON& Tower with Radar,15,84,48,12,159,0,12,36,3,51,15,96,84,15,210,40,40,80,290
07/21/2005,TLH,FL,ASO,ES,Combined TRACON& Tower with Radar,13,97,68,23,201,0,6,40,7,53,13,103,108,30,254,58,30,88,342
07/22/2005,TLH,FL,ASO,ES,Combined TRACON& Tower with Radar,15,90,76,15,196,0,4,66,3,73,15,94,142,18,269,2,4,6,275
07/23/2005,TLH,FL,ASO,ES,Combined TRACON& Tower with Radar,24,58,31,22,135,0,6,56,0,62,24,64,87,22,197,56,4,60,257
07/24/2005,TLH,FL,ASO,ES,Combined TRACON& Tower with Radar,11,76,40,4,131,0,1,49,0,50,11,77,89,4,181,48,0,48,229
07/25/2005,TLH,FL,ASO,ES,Combined TRACON& Tower with Radar,22,89,62,20,193,0,0,54,2,56,22,89,116,22,249,28,14,42,291
07/26/2005,TLH,FL,ASO,ES,Combined TRACON& Tower with Radar,15,104,59,42,220,0,2,36,4,42,15,106,95,46,262,72,18,90,352
07/27/2005,TLH,FL,ASO,ES,Combined TRACON& Tower with Radar,15,92,78,68,253,0,3,55,2,60,15,95,133,70,313,122,16,138,451
07/28/2005,TLH,FL,ASO,ES,Combined TRACON& Tower with Radar,14,103,63,43,223,0,9,38,4,51,14,112,101,47,274,20,18,38,312
07/29/2005,TLH,FL,ASO,ES,Combined TRACON& Tower with Radar,12,88,67,17,184,0,1,40,1,42,12,89,107,18,226,28,0,28,254
07/30/2005,TLH,FL,ASO,ES,Combined TRACON& Tower with Radar,17,59,28,0,104,0,0,13,0,13,17,59,41,0,117,16,0,16,133
07/31/2005,TLH,FL,ASO,ES,Combined TRACON& Tower with Radar,14,68,37,4,123,0,0,0,0,0,14,68,37,4,123,0,0,0,123
08/01/2005,TLH,FL,ASO,ES,Combined TRACON& Tower with Radar,20,84,42,11,157,0,3,29,1,33,20,87,71,12,190,0,0,0,190
08/02/2005,TLH,FL,ASO,ES,Combined TRACON& Tower with Radar,15,101,56,11,183,0,7,8,0,15,15,108,64,11,198,0,0,0,198
08/03/2005,TLH,FL,ASO,ES,Combined TRACON& Tower with Radar,22,85,64,14,185,0,3,22,3,28,22,88,86,17,213,2,0,2,215
08/04/2005,TLH,FL,ASO,ES,Combined TRACON& Tower with Radar,16,91,39,4,150,0,0,27,0,27,16,91,66,4,177,38,0,38,215
08/05/2005,TLH,FL,ASO,ES,Combined TRACON& Tower with Radar,20,82,57,14,173,0,3,11,2,16,20,85,68,16,189,24,0,24,213
08/06/2005,TLH,FL,ASO,ES,Combined TRACON& Tower with Radar,13,64,45,8,130,0,1,12,1,14,13,65,57,9,144,18,16,34,178
08/07/2005,TLH,FL,ASO,ES,Combined TRACON& Tower with Radar,14,69,20,5,108,0,1,8,3,12,14,70,28,8,120,38,0,38,158
08/08/2005,TLH,FL,ASO,ES,Combined TRACON& Tower with Radar,18,83,38,10,149,0,1,14,0,15,18,84,52,10,164,0,0,0,164
08/09/2005,TLH,FL,ASO,ES,Combined TRACON& Tower with Radar,14,95,93,37,239,0,5,41,7,53,14,100,134,44,292,40,0,40,332
08/10/2005,TLH,FL,ASO,ES,Combined TRACON& Tower with Radar,23,83,50,30,186,0,2,18,2,22,23,85,68,32,208,58,0,58,266
08/11/2005,TLH,FL,ASO,ES,Combined TRACON& Tower with Radar,27,77,53,14,171,0,8,30,1,39,27,85,83,15,210,78,0,78,288
08/12/2005,TLH,FL,ASO,ES,Combined TRACON& Tower with Radar,14,101,76,21,212,0,5,46,5,56,14,106,122,26,268,30,8,38,306
08/13/2005,TLH,FL,ASO,ES,Combined TRACON& Tower with Radar,16,70,51,6,143,0,0,0,2,2,16,70,51,8,145,72,0,72,217
08/14/2005,TLH,FL,ASO,ES,Combined TRACON& Tower with Radar,15,63,45,17,140,0,1,23,1,25,15,64,68,18,165,10,0,10,175
08/15/2005,TLH,FL,ASO,ES,Combined TRACON& Tower with Radar,12,85,61,30,188,0,8,45,5,58,12,93,106,35,246,54,12,66,312
08/16/2005,TLH,FL,ASO,ES,Combined TRACON& Tower with Radar,15,97,106,34,252,0,20,65,2,87,15,117,171,36,339,32,0,32,371
08/17/2005,TLH,FL,ASO,ES,Combined TRACON& Tower with Radar,16,93,71,52,232,0,8,39,1,48,16,101,110,53,280,12,0,12,292
08/18/2005,TLH,FL,ASO,ES,Combined TRACON& Tower with Radar,25,85,63,35,208,0,0,47,6,53,25,85,110,41,261,74,8,82,343
08/19/2005,TLH,FL,ASO,ES,Combined TRACON& Tower with Radar,13,94,48,60,215,0,4,65,8,77,13,98,113,68,292,14,8,22,314
08/20/2005,TLH,FL,ASO,ES,Combined TRACON& Tower with Radar,19,63,22,5,109,0,0,31,2,33,19,63,53,7,142,70,10,80,222
08/21/2005,TLH,FL,ASO,ES,Combined TRACON& Tower with Radar,12,70,28,31,141,0,3,32,3,38,12,73,60,34,179,10,0,10,189
08/22/2005,TLH,FL,ASO,ES,Combined TRACON& Tower with Radar,14,88,83,56,241,0,4,41,0,45,14,92,124,56,286,32,4,36,322
08/23/2005,TLH,FL,ASO,ES,Combined TRACON& Tower with Radar,26,87,63,7,183,0,5,28,3,36,26,92,91,10,219,32,24,56,275
08/24/2005,TLH,FL,ASO,ES,Combined TRACON& Tower with Radar,13,110,67,19,209,0,7,50,6,63,13,117,117,25,272,12,0,12,284
08/25/2005,TLH,FL,ASO,ES,Combined TRACON& Tower with Radar,21,84,39,37,181,0,12,36,2,50,21,96,75,39,231,52,0,52,283
08/26/2005,TLH,FL,ASO,ES,Combined TRACON& Tower with Radar,22,94,51,7,174,0,15,27,2,44,22,109,78,9,218,6,0,6,224
08/27/2005,TLH,FL,ASO,ES,Combined TRACON& Tower with Radar,13,66,29,12,120,0,2,20,0,22,13,68,49,12,142,0,0,0,142
08/28/2005,TLH,FL,ASO,ES,Combined TRACON& Tower with Radar,16,81,30,17,144,0,7,24,14,45,16,88,54,31,189,0,0,0,189
08/29/2005,TLH,FL,ASO,ES,Combined TRACON& Tower with Radar,16,81,15,4,116,0,2,3,3,8,16,83,18,7,124,0,0,0,124
08/30/2005,TLH,FL,ASO,ES,Combined TRACON& Tower with Radar,18,99,53,37,207,0,2,27,37,66,18,101,80,74,273,10,0,10,283
08/31/2005,TLH,FL,ASO,ES,Combined TRACON& Tower with Radar,23,97,70,30,220,0,3,32,4,39,23,100,102,34,259,44,4,48,307
09/01/2005,TLH,FL,ASO,ES,Combined TRACON& Tower with Radar,16,102,80,28,226,0,2,54,5,61,16,104,134,33,287,52,8,60,347
09/02/2005,TLH,FL,ASO,ES,Combined TRACON& Tower with Radar,16,91,54,4,165,0,4,69,1,74,16,95,123,5,239,6,0,6,245
09/03/2005,TLH,FL,ASO,ES,Combined TRACON& Tower with Radar,10,68,23,0,101,0,1,0,0,1,10,69,23,0,102,36,0,36,138
09/04/2005,TLH,FL,ASO,ES,Combined TRACON& Tower with Radar,15,63,47,0,125,0,1,50,1,52,15,64,97,1,177,10,0,10,187
09/05/2005,TLH,FL,ASO,ES,Combined TRACON& Tower with Radar,17,95,191,3,306,0,2,72,3,77,17,97,263,6,383,20,0,20,403
09/06/2005,TLH,FL,ASO,ES,Combined TRACON& Tower with Radar,14,94,85,61,254,0,17,60,12,89,14,111,145,73,343,0,10,10,353
09/07/2005,TLH,FL,ASO,ES,Combined TRACON& Tower with Radar,11,99,77,62,249,0,4,38,2,44,11,103,115,64,293,16,2,18,311
09/08/2005,TLH,FL,ASO,ES,Combined TRACON& Tower with Radar,16,99,60,60,235,0,9,44,6,59,16,108,104,66,294,12,4,16,310
09/09/2005,TLH,FL,ASO,ES,Combined TRACON& Tower with Radar,17,100,56,53,226,0,3,48,5,56,17,103,104,58,282,81,30,111,393
09/10/2005,TLH,FL,ASO,ES,Combined TRACON& Tower with Radar,11,56,42,10,119,0,6,72,3,81,11,62,114,13,200,48,12,60,260
09/11/2005,TLH,FL,ASO,ES,Combined TRACON& Tower with Radar,16,74,50,28,168,0,1,59,1,61,16,75,109,29,229,72,20,92,321
09/12/2005,TLH,FL,ASO,ES,Combined TRACON& Tower with Radar,15,92,76,61,244,0,7,43,2,52,15,99,119,63,296,56,4,60,356
09/13/2005,TLH,FL,ASO,ES,Combined TRACON& Tower with Radar,16,96,70,24,206,0,10,50,0,60,16,106,120,24,266,26,10,36,302
09/14/2005,TLH,FL,ASO,ES,Combined TRACON& Tower with Radar,16,98,50,34,198,0,2,50,3,55,16,100,100,37,253,22,36,58,311
09/15/2005,TLH,FL,ASO,ES,Combined TRACON& Tower with Radar,12,101,52,14,179,0,2,49,0,51,12,103,101,14,230,26,10,36,266
09/16/2005,TLH,FL,ASO,ES,Combined TRACON& Tower with Radar,15,103,65,40,223,0,0,40,1,41,15,103,105,41,264,32,20,52,316
09/17/2005,TLH,FL,ASO,ES,Combined TRACON& Tower with Radar,16,57,30,27,130,0,3,30,1,34,16,60,60,28,164,10,12,22,186
09/18/2005,TLH,FL,ASO,ES,Combined TRACON& Tower with Radar,12,71,43,12,138,0,1,29,3,33,12,72,72,15,171,2,0,2,173
09/19/2005,TLH,FL,ASO,ES,Combined TRACON& Tower with Radar,22,85,54,37,198,0,9,35,3,47,22,94,89,40,245,28,14,42,287
09/20/2005,TLH,FL,ASO,ES,Combined TRACON& Tower with Radar,20,97,38,37,192,0,5,49,2,56,20,102,87,39,248,66,38,104,352
09/21/2005,TLH,FL,ASO,ES,Combined TRACON& Tower with Radar,16,95,75,36,222,0,9,52,1,62,16,104,127,37,284,30,0,30,314
09/22/2005,TLH,FL,ASO,ES,Combined TRACON& Tower with Radar,21,88,61,36,206,0,2,37,5,44,21,90,98,41,250,8,2,10,260
09/23/2005,TLH,FL,ASO,ES,Combined TRACON& Tower with Radar,13,85,53,33,184,0,3,30,4,37,13,88,83,37,221,10,2,12,233
09/24/2005,TLH,FL,ASO,ES,Combined TRACON& Tower with Radar,19,63,34,0,116,0,1,29,1,31,19,64,63,1,147,22,0,22,169
09/25/2005,TLH,FL,ASO,ES,Combined TRACON& Tower with Radar,16,68,31,21,136,0,0,36,7,43,16,68,67,28,179,48,0,48,227
09/26/2005,TLH,FL,ASO,ES,Combined TRACON& Tower with Radar,12,95,63,17,187,0,16,21,3,40,12,111,84,20,227,14,12,26,253
09/27/2005,TLH,FL,ASO,ES,Combined TRACON& Tower with Radar,12,98,60,26,196,0,5,23,4,32,12,103,83,30,228,18,16,34,262
09/28/2005,TLH,FL,ASO,ES,Combined TRACON& Tower with Radar,21,99,61,29,210,0,0,37,3,40,21,99,98,32,250,54,8,62,312
09/29/2005,TLH,FL,ASO,ES,Combined TRACON& Tower with Radar,15,93,69,21,198,0,2,48,2,52,15,95,117,23,250,20,10,30,280
09/30/2005,TLH,FL,ASO,ES,Combined TRACON& Tower with Radar,14,101,76,15,206,0,3,65,0,68,14,104,141,15,274,6,6,12,286
10/01/2005,TLH,FL,ASO,ES,Combined TRACON& Tower with Radar,18,63,82,0,163,0,2,72,3,77,18,65,154,3,240,36,0,36,276
10/02/2005,TLH,FL,ASO,ES,Combined TRACON& Tower with Radar,19,69,64,22,174,0,6,31,6,43,19,75,95,28,217,6,0,6,223
10/03/2005,TLH,FL,ASO,ES,Combined TRACON& Tower with Radar,10,100,36,33,179,0,3,29,9,41,10,103,65,42,220,18,0,18,238
10/04/2005,TLH,FL,ASO,ES,Combined TRACON& Tower with Radar,11,103,53,18,185,0,8,21,4,33,11,111,74,22,218,6,0,6,224
10/05/2005,TLH,FL,ASO,ES,Combined TRACON& Tower with Radar,21,94,44,29,188,0,3,5,3,11,21,97,49,32,199,16,20,36,235
10/06/2005,TLH,FL,ASO,ES,Combined TRACON& Tower with Radar,13,97,61,25,196,0,2,9,0,11,13,99,70,25,207,10,16,26,233
10/07/2005,TLH,FL,ASO,ES,Combined TRACON& Tower with Radar,25,107,57,26,215,0,0,8,1,9,25,107,65,27,224,10,8,18,242
10/08/2005,TLH,FL,ASO,ES,Combined TRACON& Tower with Radar,17,61,65,11,154,0,1,19,1,21,17,62,84,12,175,12,20,32,207
10/09/2005,TLH,FL,ASO,ES,Combined TRACON& Tower with Radar,13,71,45,5,134,0,2,59,0,61,13,73,104,5,195,14,4,18,213
10/10/2005,TLH,FL,ASO,ES,Combined TRACON& Tower with Radar,23,85,53,17,178,0,2,59,0,61,23,87,112,17,239,70,0,70,309
10/11/2005,TLH,FL,ASO,ES,Combined TRACON& Tower with Radar,14,102,69,95,280,0,3,47,2,52,14,105,116,97,332,14,8,22,354
10/12/2005,TLH,FL,ASO,ES,Combined TRACON& Tower with Radar,15,101,59,56,231,0,4,21,6,31,15,105,80,62,262,18,0,18,280
10/13/2005,TLH,FL,ASO,ES,Combined TRACON& Tower with Radar,14,104,62,22,202,0,1,36,0,37,14,105,98,22,239,4,0,4,243
10/14/2005,TLH,FL,ASO,ES,Combined TRACON& Tower with Radar,18,103,60,37,218,0,5,48,8,61,18,108,108,45,279,56,20,76,355
10/15/2005,TLH,FL,ASO,ES,Combined TRACON& Tower with Radar,13,64,38,10,125,0,2,75,2,79,13,66,113,12,204,2,2,4,208
10/16/2005,TLH,FL,ASO,ES,Combined TRACON& Tower with Radar,10,72,33,19,134,0,3,77,1,81,10,75,110,20,215,24,6,30,245
10/17/2005,TLH,FL,ASO,ES,Combined TRACON& Tower with Radar,16,87,52,74,229,0,10,43,11,64,16,97,95,85,293,28,100,128,421
10/18/2005,TLH,FL,ASO,ES,Combined TRACON& Tower with Radar,17,99,69,48,233,0,13,66,4,83,17,112,135,52,316,58,46,104,420
10/19/2005,TLH,FL,ASO,ES,Combined TRACON& Tower with Radar,16,99,74,21,210,0,12,70,7,89,16,111,144,28,299,68,34,102,401
10/20/2005,TLH,FL,ASO,ES,Combined TRACON& Tower with Radar,28,107,76,30,241,0,9,47,3,59,28,116,123,33,300,28,12,40,340
10/21/2005,TLH,FL,ASO,ES,Combined TRACON& Tower with Radar,16,95,69,19,199,0,6,39,6,51,16,101,108,25,250,0,0,0,250
10/22/2005,TLH,FL,ASO,ES,Combined TRACON& Tower with Radar,18,60,28,3,109,0,5,59,1,65,18,65,87,4,174,20,0,20,194
10/23/2005,TLH,FL,ASO,ES,Combined TRACON& Tower with Radar,16,81,85,7,189,0,12,45,2,59,16,93,130,9,248,4,0,4,252
10/24/2005,TLH,FL,ASO,ES,Combined TRACON& Tower with Radar,14,54,44,54,166,0,6,30,13,49,14,60,74,67,215,4,0,4,219
10/25/2005,TLH,FL,ASO,ES,Combined TRACON& Tower with Radar,14,77,77,46,214,0,6,105,1,112,14,83,182,47,326,32,46,78,404
10/26/2005,TLH,FL,ASO,ES,Combined TRACON& Tower with Radar,14,94,63,51,222,0,15,50,5,70,14,109,113,56,292,22,12,34,326
10/27/2005,TLH,FL,ASO,ES,Combined TRACON& Tower with Radar,13,101,44,17,175,0,8,55,2,65,13,109,99,19,240,28,30,58,298
10/28/2005,TLH,FL,ASO,ES,Combined TRACON& Tower with Radar,17,107,68,23,215,0,5,61,2,68,17,112,129,25,283,54,4,58,341
10/29/2005,TLH,FL,ASO,ES,Combined TRACON& Tower with Radar,16,64,68,11,159,0,1,68,8,77,16,65,136,19,236,12,0,12,248
10/30/2005,TLH,FL,ASO,ES,Combined TRACON& Tower with Radar,11,81,51,22,165,0,3,67,4,74,11,84,118,26,239,6,10,16,255
10/31/2005,TLH,FL,ASO,ES,Combined TRACON& Tower with Radar,15,94,50,40,199,0,9,39,3,51,15,103,89,43,250,28,0,28,278
11/01/2005,TLH,FL,ASO,ES,Combined TRACON& Tower with Radar,15,100,49,48,212,0,5,40,2,47,15,105,89,50,259,24,4,28,287
11/02/2005,TLH,FL,ASO,ES,Combined TRACON& Tower with Radar,17,94,58,50,219,0,5,53,9,67,17,99,111,59,286,50,26,76,362
11/03/2005,TLH,FL,ASO,ES,Combined TRACON& Tower with Radar,14,105,78,44,241,0,12,76,4,92,14,117,154,48,333,0,8,8,341
11/04/2005,TLH,FL,ASO,ES,Combined TRACON& Tower with Radar,16,107,82,39,244,0,5,47,7,59,16,112,129,46,303,48,12,60,363
11/05/2005,TLH,FL,ASO,ES,Combined TRACON& Tower with Radar,16,62,68,12,158,0,2,71,5,78,16,64,139,17,236,20,0,20,256
11/06/2005,TLH,FL,ASO,ES,Combined TRACON& Tower with Radar,13,72,55,7,147,0,7,64,3,74,13,79,119,10,221,16,0,16,237
11/07/2005,TLH,FL,ASO,ES,Combined TRACON& Tower with Radar,13,90,113,71,287,0,7,85,3,95,13,97,198,74,382,104,32,136,518
11/08/2005,TLH,FL,ASO,ES,Combined TRACON& Tower with Radar,17,100,73,72,262,0,1,71,2,74,17,101,144,74,336,600,14,614,950
11/09/2005,TLH,FL,ASO,ES,Combined TRACON& Tower with Radar,23,104,85,10,222,0,1,59,4,64,23,105,144,14,286,14,0,14,300
11/10/2005,TLH,FL,ASO,ES,Combined TRACON& Tower with Radar,14,102,78,59,253,0,3,43,4,50,14,105,121,63,303,32,16,48,351
11/11/2005,TLH,FL,ASO,ES,Combined TRACON& Tower with Radar,24,88,61,13,186,0,3,56,1,60,24,91,117,14,246,10,0,10,256
11/12/2005,TLH,FL,ASO,ES,Combined TRACON& Tower with Radar,16,59,33,6,114,0,1,59,2,62,16,60,92,8,176,52,0,52,228
11/13/2005,TLH,FL,ASO,ES,Combined TRACON& Tower with Radar,9,75,42,16,142,0,10,39,0,49,9,85,81,16,191,28,2,30,221
11/14/2005,TLH,FL,ASO,ES,Combined TRACON& Tower with Radar,15,94,47,63,219,0,2,27,2,31,15,96,74,65,250,34,24,58,308
11/15/2005,TLH,FL,ASO,ES,Combined TRACON& Tower with Radar,18,91,55,52,216,0,7,58,3,68,18,98,113,55,284,62,14,76,360
11/16/2005,TLH,FL,ASO,ES,Combined TRACON& Tower with Radar,14,95,105,37,251,0,1,13,2,16,14,96,118,39,267,2,6,8,275
11/17/2005,TLH,FL,ASO,ES,Combined TRACON& Tower with Radar,14,99,70,64,247,0,6,70,5,81,14,105,140,69,328,17,28,45,373
11/18/2005,TLH,FL,ASO,ES,Combined TRACON& Tower with Radar,17,103,50,35,205,0,5,70,19,94,17,108,120,54,299,12,24,36,335
11/19/2005,TLH,FL,ASO,ES,Combined TRACON& Tower with Radar,14,60,45,16,135,0,2,61,2,65,14,62,106,18,200,32,20,52,252
11/20/2005,TLH,FL,ASO,ES,Combined TRACON& Tower with Radar,10,73,45,15,143,0,1,4,1,6,10,74,49,16,149,14,0,14,163
11/21/2005,TLH,FL,ASO,ES,Combined TRACON& Tower with Radar,14,94,59,16,183,0,1,1,1,3,14,95,60,17,186,0,0,0,186
11/22/2005,TLH,FL,ASO,ES,Combined TRACON& Tower with Radar,16,94,66,31,207,0,3,57,3,63,16,97,123,34,270,38,6,44,314
11/23/2005,TLH,FL,ASO,ES,Combined TRACON& Tower with Radar,26,98,70,27,221,0,6,97,0,103,26,104,167,27,324,32,2,34,358
11/24/2005,TLH,FL,ASO,ES,Combined TRACON& Tower with Radar,16,65,23,0,104,0,3,26,0,29,16,68,49,0,133,14,0,14,147
11/25/2005,TLH,FL,ASO,ES,Combined TRACON& Tower with Radar,17,76,25,0,118,0,2,60,0,62,17,78,85,0,180,24,0,24,204
11/26/2005,TLH,FL,ASO,ES,Combined TRACON& Tower with Radar,15,65,29,0,109,0,1,51,0,52,15,66,80,0,161,8,0,8,169
11/27/2005,TLH,FL,ASO,ES,Combined TRACON& Tower with Radar,11,79,80,0,170,0,0,30,0,30,11,79,110,0,200,20,0,20,220
11/28/2005,TLH,FL,ASO,ES,Combined TRACON& Tower with Radar,15,90,37,11,153,0,1,4,0,5,15,91,41,11,158,0,0,0,158
11/29/2005,TLH,FL,ASO,ES,Combined TRACON& Tower with Radar,17,101,77,65,260,0,0,36,3,39,17,101,113,68,299,34,36,70,369
11/30/2005,TLH,FL,ASO,ES,Combined TRACON& Tower with Radar,14,91,75,35,215,0,3,77,2,82,14,94,152,37,297,10,8,18,315
12/01/2005,TLH,FL,ASO,ES,Combined TRACON& Tower with Radar,13,84,73,16,186,0,11,66,5,82,13,95,139,21,268,22,0,22,290
12/02/2005,TLH,FL,ASO,ES,Combined TRACON& Tower with Radar,11,89,42,45,187,0,3,73,17,93,11,92,115,62,280,32,26,58,338
12/03/2005,TLH,FL,ASO,ES,Combined TRACON& Tower with Radar,9,38,26,15,88,0,8,45,0,53,9,46,71,15,141,64,22,86,227
12/04/2005,TLH,FL,ASO,ES,Combined TRACON& Tower with Radar,12,56,60,15,143,0,4,29,10,43,12,60,89,25,186,18,6,24,210
12/05/2005,TLH,FL,ASO,ES,Combined TRACON& Tower with Radar,17,81,83,1,182,0,0,3,0,3,17,81,86,1,185,0,0,0,185
12/06/2005,TLH,FL,ASO,ES,Combined TRACON& Tower with Radar,13,86,47,74,220,0,12,47,4,63,13,98,94,78,283,28,8,36,319
12/07/2005,TLH,FL,ASO,ES,Combined TRACON& Tower with Radar,11,89,86,14,200,0,2,33,4,39,11,91,119,18,239,48,0,48,287
12/08/2005,TLH,FL,ASO,ES,Combined TRACON& Tower with Radar,15,98,81,31,225,0,0,0,0,0,15,98,81,31,225,0,0,0,225
12/09/2005,TLH,FL,ASO,ES,Combined TRACON& Tower with Radar,14,89,82,34,219,0,5,26,10,41,14,94,108,44,260,22,12,34,294
12/10/2005,TLH,FL,ASO,ES,Combined TRACON& Tower with Radar,11,36,33,10,90,0,2,71,0,73,11,38,104,10,163,36,0,36,199
12/11/2005,TLH,FL,ASO,ES,Combined TRACON& Tower with Radar,12,55,41,6,114,0,0,53,4,57,12,55,94,10,171,48,14,62,233
12/12/2005,TLH,FL,ASO,ES,Combined TRACON& Tower with Radar,18,87,81,53,239,0,7,65,19,91,18,94,146,72,330,80,46,126,456
12/13/2005,TLH,FL,ASO,ES,Combined TRACON& Tower with Radar,20,81,80,75,256,0,7,61,5,73,20,88,141,80,329,78,24,102,431
12/14/2005,TLH,FL,ASO,ES,Combined TRACON& Tower with Radar,12,84,87,61,244,0,4,44,6,54,12,88,131,67,298,30,60,90,388
12/15/2005,TLH,FL,ASO,ES,Combined TRACON& Tower with Radar,11,76,38,18,143,0,1,8,1,10,11,77,46,19,153,0,0,0,153
12/16/2005,TLH,FL,ASO,ES,Combined TRACON& Tower with Radar,14,80,68,49,211,0,0,56,11,67,14,80,124,60,278,34,24,58,336
12/17/2005,TLH,FL,ASO,ES,Combined TRACON& Tower with Radar,16,37,36,11,100,0,1,5,0,6,16,38,41,11,106,10,0,10,116
12/18/2005,TLH,FL,ASO,ES,Combined TRACON& Tower with Radar,12,56,49,43,160,0,0,5,0,5,12,56,54,43,165,10,8,18,183
12/19/2005,TLH,FL,ASO,ES,Combined TRACON& Tower with Radar,13,77,48,42,180,0,3,30,6,39,13,80,78,48,219,4,26,30,249
12/20/2005,TLH,FL,ASO,ES,Combined TRACON& Tower with Radar,12,77,104,52,245,0,5,44,7,56,12,82,148,59,301,52,22,74,375
12/21/2005,TLH,FL,ASO,ES,Combined TRACON& Tower with Radar,12,81,41,33,167,0,5,57,4,66,12,86,98,37,233,4,10,14,247
12/22/2005,TLH,FL,ASO,ES,Combined TRACON& Tower with Radar,14,74,53,52,193,0,4,42,2,48,14,78,95,54,241,30,20,50,291
12/23/2005,TLH,FL,ASO,ES,Combined TRACON& Tower with Radar,16,71,31,0,118,0,3,57,0,60,16,74,88,0,178,112,0,112,290
12/24/2005,TLH,FL,ASO,ES,Combined TRACON& Tower with Radar,16,31,12,0,59,0,0,14,0,14,16,31,26,0,73,10,0,10,83
12/25/2005,TLH,FL,ASO,ES,Combined TRACON& Tower with Radar,10,41,13,0,64,0,3,6,0,9,10,44,19,0,73,0,0,0,73
12/26/2005,TLH,FL,ASO,ES,Combined TRACON& Tower with Radar,11,63,47,0,121,0,1,42,0,43,11,64,89,0,164,20,0,20,184
12/27/2005,TLH,FL,ASO,ES,Combined TRACON& Tower with Radar,12,70,53,25,160,0,3,85,0,88,12,73,138,25,248,66,0,66,314
12/28/2005,TLH,FL,ASO,ES,Combined TRACON& Tower with Radar,15,75,30,4,124,0,0,19,0,19,15,75,49,4,143,50,0,50,193
12/29/2005,TLH,FL,ASO,ES,Combined TRACON& Tower with Radar,12,78,26,27,143,0,10,80,9,99,12,88,106,36,242,32,0,32,274
12/30/2005,TLH,FL,ASO,ES,Combined TRACON& Tower with Radar,13,72,84,0,169,0,1,77,0,78,13,73,161,0,247,6,0,6,253
12/31/2005,TLH,FL,ASO,ES,Combined TRACON& Tower with Radar,10,42,20,2,74,0,1,33,0,34,10,43,53,2,108,6,0,6,114
01/01/2006,TLH,FL,ASO,ES,Combined TRACON& Tower with Radar,7,36,8,0,51,0,0,0,0,0,7,36,8,0,51,0,0,0,51
01/02/2006,TLH,FL,ASO,ES,Combined TRACON& Tower with Radar,9,55,24,0,88,0,1,5,0,6,9,56,29,0,94,0,0,0,94
01/03/2006,TLH,FL,ASO,ES,Combined TRACON& Tower with Radar,9,81,42,23,155,0,2,39,0,41,9,83,81,23,196,34,2,36,232
01/04/2006,TLH,FL,ASO,ES,Combined TRACON& Tower with Radar,13,78,45,52,188,0,15,37,2,54,13,93,82,54,242,52,30,82,324
01/05/2006,TLH,FL,ASO,ES,Combined TRACON& Tower with Radar,14,98,84,26,222,0,5,49,7,61,14,103,133,33,283,12,8,20,303
01/06/2006,TLH,FL,ASO,ES,Combined TRACON& Tower with Radar,12,83,57,59,211,0,5,40,10,55,12,88,97,69,266,14,46,60,326
01/07/2006,TLH,FL,ASO,ES,Combined TRACON& Tower with Radar,11,38,25,11,85,0,11,62,2,75,11,49,87,13,160,28,0,28,188
01/08/2006,TLH,FL,ASO,ES,Combined TRACON& Tower with Radar,9,62,44,16,131,0,1,66,3,70,9,63,110,19,201,46,0,46,247
01/09/2006,TLH,FL,ASO,ES,Combined TRACON& Tower with Radar,13,78,67,66,224,0,5,57,7,69,13,83,124,73,293,98,28,126,419
01/10/2006,TLH,FL,ASO,ES,Combined TRACON& Tower with Radar,12,94,94,50,250,0,4,30,2,36,12,98,124,52,286,42,0,42,328
01/11/2006,TLH,FL,ASO,ES,Combined TRACON& Tower with Radar,13,90,77,40,220,0,7,44,8,59,13,97,121,48,279,62,2,64,343
01/12/2006,TLH,FL,ASO,ES,Combined TRACON& Tower with Radar,11,84,85,25,205,0,4,30,2,36,11,88,115,27,241,0,20,20,261
01/13/2006,TLH,FL,ASO,ES,Combined TRACON& Tower with Radar,12,87,57,2,158,0,3,2,0,5,12,90,59,2,163,0,0,0,163
01/14/2006,TLH,FL,ASO,ES,Combined TRACON& Tower with Radar,8,43,28,23,102,0,0,35,6,41,8,43,63,29,143,18,0,18,161
01/15/2006,TLH,FL,ASO,ES,Combined TRACON& Tower with Radar,11,57,31,17,116,0,6,74,0,80,11,63,105,17,196,72,2,74,270
01/16/2006,TLH,FL,ASO,ES,Combined TRACON& Tower with Radar,12,80,58,19,169,0,2,63,3,68,12,82,121,22,237,52,0,52,289
01/17/2006,TLH,FL,ASO,ES,Combined TRACON& Tower with Radar,12,87,69,16,184,0,2,5,2,9,12,89,74,18,193,0,0,0,193
01/18/2006,TLH,FL,ASO,ES,Combined TRACON& Tower with Radar,17,84,69,38,208,0,10,52,7,69,17,94,121,45,277,38,48,86,363
01/19/2006,TLH,FL,ASO,ES,Combined TRACON& Tower with Radar,13,80,58,38,189,0,6,58,9,73,13,86,116,47,262,40,12,52,314
01/20/2006,TLH,FL,ASO,ES,Combined TRACON& Tower with Radar,9,86,79,72,246,0,1,50,13,64,9,87,129,85,310,44,30,74,384
01/21/2006,TLH,FL,ASO,ES,Combined TRACON& Tower with Radar,9,11,5,39,64,0,37,47,3,87,9,48,52,42,151,62,30,92,243
01/22/2006,TLH,FL,ASO,ES,Combined TRACON& Tower with Radar,12,60,43,34,149,0,3,17,4,24,12,63,60,38,173,6,18,24,197
01/23/2006,TLH,FL,ASO,ES,Combined TRACON& Tower with Radar,15,94,66,14,189,0,0,2,0,2,15,94,68,14,191,2,0,2,193
01/24/2006,TLH,FL,ASO,ES,Combined TRACON& Tower with Radar,14,90,97,59,260,0,2,23,1,26,14,92,120,60,286,2,0,2,288
01/25/2006,TLH,FL,ASO,ES,Combined TRACON& Tower with Radar,14,104,102,56,276,0,5,76,12,93,14,109,178,68,369,58,40,98,467
01/26/2006,TLH,FL,ASO,ES,Combined TRACON& Tower with Radar,9,94,92,54,249,0,7,76,13,96,9,101,168,67,345,24,16,40,385
01/27/2006,TLH,FL,ASO,ES,Combined TRACON& Tower with Radar,12,87,71,42,212,0,9,65,5,79,12,96,136,47,291,46,22,68,359
01/28/2006,TLH,FL,ASO,ES,Combined TRACON& Tower with Radar,10,40,43,15,108,0,0,70,0,70,10,40,113,15,178,28,0,28,206
01/29/2006,TLH,FL,ASO,ES,Combined TRACON& Tower with Radar,15,52,38,8,113,0,0,6,2,8,15,52,44,10,121,0,0,0,121
01/30/2006,TLH,FL,ASO,ES,Combined TRACON& Tower with Radar,10,86,46,16,158,0,2,4,2,8,10,88,50,18,166,0,0,0,166
01/31/2006,TLH,FL,ASO,ES,Combined TRACON& Tower with Radar,10,75,62,100,247,0,6,87,5,98,10,81,149,105,345,68,14,82,427
02/01/2006,TLH,FL,ASO,ES,Combined TRACON& Tower with Radar,11,85,58,57,211,0,4,73,5,82,11,89,131,62,293,48,22,70,363
02/02/2006,TLH,FL,ASO,ES,Combined TRACON& Tower with Radar,13,85,79,1,178,0,2,14,0,16,13,87,93,1,194,32,0,32,226
02/03/2006,TLH,FL,ASO,ES,Combined TRACON& Tower with Radar,11,81,56,32,180,0,0,7,5,12,11,81,63,37,192,10,6,16,208
02/04/2006,TLH,FL,ASO,ES,Combined TRACON& Tower with Radar,12,53,40,23,128,0,2,32,5,39,12,55,72,28,167,6,0,6,173
02/05/2006,TLH,FL,ASO,ES,Combined TRACON& Tower with Radar,10,66,33,5,114,0,2,77,4,83,10,68,110,9,197,22,0,22,219
02/06/2006,TLH,FL,ASO,ES,Combined TRACON& Tower with Radar,11,94,76,79,260,0,3,53,3,59,11,97,129,82,319,46,30,76,395
02/07/2006,TLH,FL,ASO,ES,Combined TRACON& Tower with Radar,20,84,92,38,234,0,5,34,1,40,20,89,126,39,274,6,0,6,280
02/08/2006,TLH,FL,ASO,ES,Combined TRACON& Tower with Radar,15,115,79,47,256,0,5,98,7,110,15,120,177,54,366,122,28,150,516
02/09/2006,TLH,FL,ASO,ES,Combined TRACON& Tower with Radar,10,105,80,66,261,0,2,105,11,118,10,107,185,77,379,44,14,58,437
02/10/2006,TLH,FL,ASO,ES,Combined TRACON& Tower with Radar,22,76,67,111,276,0,3,65,12,80,22,79,132,123,356,52,46,98,454
02/11/2006,TLH,FL,ASO,ES,Combined TRACON& Tower with Radar,11,39,12,0,62,0,0,5,0,5,11,39,17,0,67,0,0,0,67
02/12/2006,TLH,FL,ASO,ES,Combined TRACON& Tower with Radar,15,61,49,34,159,0,0,58,15,73,15,61,107,49,232,22,0,22,254
02/13/2006,TLH,FL,ASO,ES,Combined TRACON& Tower with Radar,13,88,82,78,261,0,0,42,8,50,13,88,124,86,311,42,16,58,369
02/14/2006,TLH,FL,ASO,ES,Combined TRACON& Tower with Radar,16,96,62,74,248,0,1,43,3,47,16,97,105,77,295,84,18,102,397
02/15/2006,TLH,FL,ASO,ES,Combined TRACON& Tower with Radar,12,95,77,38,222,0,7,68,0,75,12,102,145,38,297,72,14,86,383
02/16/2006,TLH,FL,ASO,ES,Combined TRACON& Tower with Radar,17,92,110,32,251,0,2,48,6,56,17,94,158,38,307,16,12,28,335
02/17/2006,TLH,FL,ASO,ES,Combined TRACON& Tower with Radar,15,87,79,62,243,0,5,63,19,87,15,92,142,81,330,88,0,88,418
02/18/2006,TLH,FL,ASO,ES,Combined TRACON& Tower with Radar,14,40,34,4,92,0,2,37,0,39,14,42,71,4,131,62,0,62,193
02/19/2006,TLH,FL,ASO,ES,Combined TRACON& Tower with Radar,9,61,47,8,125,0,0,5,1,6,9,61,52,9,131,6,0,6,137
02/20/2006,TLH,FL,ASO,ES,Combined TRACON& Tower with Radar,20,78,75,45,218,0,0,5,3,8,20,78,80,48,226,0,0,0,226
02/21/2006,TLH,FL,ASO,ES,Combined TRACON& Tower with Radar,21,99,83,14,217,0,3,8,0,11,21,102,91,14,228,30,1,31,259
02/22/2006,TLH,FL,ASO,ES,Combined TRACON& Tower with Radar,20,85,85,50,240,0,0,20,2,22,20,85,105,52,262,0,24,24,286
02/23/2006,TLH,FL,ASO,ES,Combined TRACON& Tower with Radar,17,88,74,13,192,0,0,2,0,2,17,88,76,13,194,2,0,2,196
02/24/2006,TLH,FL,ASO,ES,Combined TRACON& Tower with Radar,13,88,78,69,248,0,4,67,24,95,13,92,145,93,343,66,34,100,443
02/25/2006,TLH,FL,ASO,ES,Combined TRACON& Tower with Radar,6,51,26,0,83,0,2,1,0,3,6,53,27,0,86,20,0,20,106
02/26/2006,TLH,FL,ASO,ES,Combined TRACON& Tower with Radar,9,61,54,17,141,0,2,51,2,55,9,63,105,19,196,34,0,34,230
02/27/2006,TLH,FL,ASO,ES,Combined TRACON& Tower with Radar,11,81,81,31,204,0,5,70,7,82,11,86,151,38,286,186,28,214,500
02/28/2006,TLH,FL,ASO,ES,Combined TRACON& Tower with Radar,12,78,56,37,183,2,5,73,4,84,14,83,129,41,267,130,4,134,401
03/01/2006,TLH,FL,ASO,ES,Combined TRACON& Tower with Radar,12,85,96,19,212,0,1,43,4,48,12,86,139,23,260,72,8,80,340
03/02/2006,TLH,FL,ASO,ES,Combined TRACON& Tower with Radar,13,91,92,41,237,0,2,32,4,38,13,93,124,45,275,12,16,28,303
03/03/2006,TLH,FL,ASO,ES,Combined TRACON& Tower with Radar,13,87,70,15,185,0,6,85,8,99,13,93,155,23,284,24,0,24,308
03/04/2006,TLH,FL,ASO,ES,Combined TRACON& Tower with Radar,9,43,32,7,91,0,2,75,0,77,9,45,107,7,168,22,0,22,190
03/05/2006,TLH,FL,ASO,ES,Combined TRACON& Tower with Radar,8,63,42,26,139,0,3,63,13,79,8,66,105,39,218,58,0,58,276
03/06/2006,TLH,FL,ASO,ES,Combined TRACON& Tower with Radar,16,78,55,56,205,0,7,46,2,55,16,85,101,58,260,56,2,58,318
03/07/2006,TLH,FL,ASO,ES,Combined TRACON& Tower with Radar,15,95,67,46,223,0,8,48,12,68,15,103,115,58,291,84,6,90,381
03/08/2006,TLH,FL,ASO,ES,Combined TRACON& Tower with Radar,14,90,98,37,239,0,3,61,6,70,14,93,159,43,309,34,0,34,343
03/09/2006,TLH,FL,ASO,ES,Combined TRACON& Tower with Radar,13,94,93,35,235,0,1,23,3,27,13,95,116,38,262,0,2,2,264
03/10/2006,TLH,FL,ASO,ES,Combined TRACON& Tower with Radar,12,102,52,32,198,0,2,28,2,32,12,104,80,34,230,0,0,0,230
03/11/2006,TLH,FL,ASO,ES,Combined TRACON& Tower with Radar,14,46,44,14,118,0,1,27,3,31,14,47,71,17,149,54,14,68,217
03/12/2006,TLH,FL,ASO,ES,Combined TRACON& Tower with Radar,13,58,51,9,131,0,0,48,2,50,13,58,99,11,181,12,16,28,209
03/13/2006,TLH,FL,ASO,ES,Combined TRACON& Tower with Radar,15,89,75,23,202,0,2,35,6,43,15,91,110,29,245,18,0,18,263
03/14/2006,TLH,FL,ASO,ES,Combined TRACON& Tower with Radar,12,85,62,54,213,0,3,39,1,43,12,88,101,55,256,42,0,42,298
03/15/2006,TLH,FL,ASO,ES,Combined TRACON& Tower with Radar,27,74,81,44,226,0,9,83,6,98,27,83,164,50,324,114,4,118,442
03/16/2006,TLH,FL,ASO,ES,Combined TRACON& Tower with Radar,17,86,89,37,229,0,3,52,7,62,17,89,141,44,291,40,8,48,339
03/17/2006,TLH,FL,ASO,ES,Combined TRACON& Tower with Radar,11,98,88,27,224,0,6,49,15,70,11,104,137,42,294,22,10,32,326
03/18/2006,TLH,FL,ASO,ES,Combined TRACON& Tower with Radar,14,44,44,17,119,0,2,66,4,72,14,46,110,21,191,28,36,64,255
03/19/2006,TLH,FL,ASO,ES,Combined TRACON& Tower with Radar,12,57,33,65,167,0,1,32,16,49,12,58,65,81,216,28,38,66,282
03/20/2006,TLH,FL,ASO,ES,Combined TRACON& Tower with Radar,11,83,51,76,221,0,10,26,2,38,11,93,77,78,259,34,6,40,299
03/21/2006,TLH,FL,ASO,ES,Combined TRACON& Tower with Radar,15,109,72,81,277,0,2,18,10,30,15,111,90,91,307,0,20,20,327
03/22/2006,TLH,FL,ASO,ES,Combined TRACON& Tower with Radar,14,98,97,28,237,0,10,83,11,104,14,108,180,39,341,114,0,114,455
03/23/2006,TLH,FL,ASO,ES,Combined TRACON& Tower with Radar,14,93,103,48,258,0,1,17,5,23,14,94,120,53,281,20,0,20,301
03/24/2006,TLH,FL,ASO,ES,Combined TRACON& Tower with Radar,15,84,71,59,229,0,4,55,13,72,15,88,126,72,301,24,24,48,349
03/25/2006,TLH,FL,ASO,ES,Combined TRACON& Tower with Radar,10,43,35,6,94,0,3,70,0,73,10,46,105,6,167,40,0,40,207
03/26/2006,TLH,FL,ASO,ES,Combined TRACON& Tower with Radar,8,66,46,41,161,0,1,55,14,70,8,67,101,55,231,34,8,42,273
03/27/2006,TLH,FL,ASO,ES,Combined TRACON& Tower with Radar,16,86,75,77,254,0,6,66,12,84,16,92,141,89,338,100,0,100,438
03/28/2006,TLH,FL,ASO,ES,Combined TRACON& Tower with Radar,12,97,69,87,265,0,8,58,8,74,12,105,127,95,339,66,2,68,407
03/29/2006,TLH,FL,ASO,ES,Combined TRACON& Tower with Radar,13,90,88,9,200,0,3,37,1,41,13,93,125,10,241,8,0,8,249
03/30/2006,TLH,FL,ASO,ES,Combined TRACON& Tower with Radar,13,97,96,20,226,0,9,62,9,80,13,106,158,29,306,92,0,92,398
03/31/2006,TLH,FL,ASO,ES,Combined TRACON& Tower with Radar,16,92,70,67,245,0,6,44,7,57,16,98,114,74,302,22,10,32,334
04/01/2006,TLH,FL,ASO,ES,Combined TRACON& Tower with Radar,6,52,49,11,118,0,2,40,1,43,6,54,89,12,161,26,16,42,203
04/02/2006,TLH,FL,ASO,ES,Combined TRACON& Tower with Radar,12,54,56,22,144,0,0,44,4,48,12,54,100,26,192,58,6,64,256
04/03/2006,TLH,FL,ASO,ES,Combined TRACON& Tower with Radar,10,80,86,42,218,0,3,41,4,48,10,83,127,46,266,20,0,20,286
04/04/2006,TLH,FL,ASO,ES,Combined TRACON& Tower with Radar,14,96,90,5,205,126,8,72,2,208,140,104,162,7,413,8,0,8,421
04/05/2006,TLH,FL,ASO,ES,Combined TRACON& Tower with Radar,13,91,91,3,198,0,3,92,4,99,13,94,183,7,297,36,0,36,333
04/06/2006,TLH,FL,ASO,ES,Combined TRACON& Tower with Radar,14,84,95,11,204,0,10,99,9,118,14,94,194,20,322,4,0,4,326
04/07/2006,TLH,FL,ASO,ES,Combined TRACON& Tower with Radar,10,84,97,14,205,0,7,74,2,83,10,91,171,16,288,0,0,0,288
04/08/2006,TLH,FL,ASO,ES,Combined TRACON& Tower with Radar,9,47,46,2,104,0,0,4,0,4,9,47,50,2,108,0,0,0,108
04/09/2006,TLH,FL,ASO,ES,Combined TRACON& Tower with Radar,11,60,73,7,151,0,1,57,3,61,11,61,130,10,212,16,0,16,228
04/10/2006,TLH,FL,ASO,ES,Combined TRACON& Tower with Radar,10,84,69,19,182,0,8,78,5,91,10,92,147,24,273,60,2,62,335
04/11/2006,TLH,FL,ASO,ES,Combined TRACON& Tower with Radar,18,77,80,48,223,0,4,78,10,92,18,81,158,58,315,32,0,32,347
04/12/2006,TLH,FL,ASO,ES,Combined TRACON& Tower with Radar,9,93,98,42,242,0,8,46,2,56,9,101,144,44,298,10,30,40,338
04/13/2006,TLH,FL,ASO,ES,Combined TRACON& Tower with Radar,10,80,72,35,197,0,5,56,8,69,10,85,128,43,266,54,12,66,332
04/14/2006,TLH,FL,ASO,ES,Combined TRACON& Tower with Radar,18,91,65,2,176,0,10,82,3,95,18,101,147,5,271,54,0,54,325
04/15/2006,TLH,FL,ASO,ES,Combined TRACON& Tower with Radar,9,48,18,13,88,0,3,67,0,70,9,51,85,13,158,16,0,16,174
04/16/2006,TLH,FL,ASO,ES,Combined TRACON& Tower with Radar,9,57,49,10,125,0,3,40,3,46,9,60,89,13,171,2,0,2,173
04/17/2006,TLH,FL,ASO,ES,Combined TRACON& Tower with Radar,16,79,86,66,247,0,3,52,3,58,16,82,138,69,305,22,6,28,333
04/18/2006,TLH,FL,ASO,ES,Combined TRACON& Tower with Radar,20,102,96,75,293,0,2,19,2,23,20,104,115,77,316,54,14,68,384
04/19/2006,TLH,FL,ASO,ES,Combined TRACON& Tower with Radar,14,95,100,34,243,0,0,30,5,35,14,95,130,39,278,34,6,40,318
04/20/2006,TLH,FL,ASO,ES,Combined TRACON& Tower with Radar,20,93,96,51,260,0,1,50,4,55,20,94,146,55,315,20,0,20,335
04/21/2006,TLH,FL,ASO,ES,Combined TRACON& Tower with Radar,11,97,72,46,226,0,3,50,13,66,11,100,122,59,292,100,36,136,428
04/22/2006,TLH,FL,ASO,ES,Combined TRACON& Tower with Radar,8,47,16,0,71,0,0,16,0,16,8,47,32,0,87,12,14,26,113
04/23/2006,TLH,FL,ASO,ES,Combined TRACON& Tower with Radar,9,61,45,31,146,0,2,92,15,109,9,63,137,46,255,30,0,30,285
04/24/2006,TLH,FL,ASO,ES,Combined TRACON& Tower with Radar,12,84,67,57,220,0,6,48,13,67,12,90,115,70,287,90,18,108,395
04/25/2006,TLH,FL,ASO,ES,Combined TRACON& Tower with Radar,23,76,62,40,201,0,3,35,7,45,23,79,97,47,246,44,0,44,290
04/26/2006,TLH,FL,ASO,ES,Combined TRACON& Tower with Radar,14,83,69,3,169,0,2,23,1,26,14,85,92,4,195,30,0,30,225
04/27/2006,TLH,FL,ASO,ES,Combined TRACON& Tower with Radar,14,83,75,69,241,0,11,51,9,71,14,94,126,78,312,10,0,10,322
04/28/2006,TLH,FL,ASO,ES,Combined TRACON& Tower with Radar,12,86,84,47,229,0,8,71,10,89,12,94,155,57,318,42,24,66,384
04/29/2006,TLH,FL,ASO,ES,Combined TRACON& Tower with Radar,12,46,26,10,94,0,1,44,2,47,12,47,70,12,141,70,16,86,227
04/30/2006,TLH,FL,ASO,ES,Combined TRACON& Tower with Radar,9,54,55,41,159,0,0,45,6,51,9,54,100,47,210,36,2,38,248
05/01/2006,TLH,FL,ASO,ES,Combined TRACON& Tower with Radar,21,76,49,26,172,0,3,43,4,50,21,79,92,30,222,54,6,60,282
05/02/2006,TLH,FL,ASO,ES,Combined TRACON& Tower with Radar,17,86,58,80,241,0,4,51,0,55,17,90,109,80,296,56,10,66,362
05/03/2006,TLH,FL,ASO,ES,Combined TRACON& Tower with Radar,21,71,44,83,219,0,4,31,2,37,21,75,75,85,256,54,14,68,324
05/04/2006,TLH,FL,ASO,ES,Combined TRACON& Tower with Radar,10,31,31,21,93,16,64,85,4,169,26,95,116,25,262,68,6,74,336
05/05/2006,TLH,FL,ASO,ES,Combined TRACON& Tower with Radar,12,87,93,15,207,0,1,41,4,46,12,88,134,19,253,38,8,46,299
05/06/2006,TLH,FL,ASO,ES,Combined TRACON& Tower with Radar,14,40,35,6,95,0,1,44,7,52,14,41,79,13,147,64,8,72,219
05/07/2006,TLH,FL,ASO,ES,Combined TRACON& Tower with Radar,19,50,37,13,119,0,0,16,7,23,19,50,53,20,142,16,24,40,182
05/08/2006,TLH,FL,ASO,ES,Combined TRACON& Tower with Radar,4,29,14,19,66,10,60,79,3,152,14,89,93,22,218,18,0,18,236
05/09/2006,TLH,FL,ASO,ES,Combined TRACON& Tower with Radar,12,93,67,63,235,0,5,36,2,43,12,98,103,65,278,58,16,74,352
05/10/2006,TLH,FL,ASO,ES,Combined TRACON& Tower with Radar,12,91,60,26,189,0,5,15,0,20,12,96,75,26,209,6,0,6,215
05/11/2006,TLH,FL,ASO,ES,Combined TRACON& Tower with Radar,20,91,85,31,227,0,3,8,6,17,20,94,93,37,244,44,10,54,298
05/12/2006,TLH,FL,ASO,ES,Combined TRACON& Tower with Radar,17,79,52,13,161,0,3,87,1,91,17,82,139,14,252,60,0,60,312
05/13/2006,TLH,FL,ASO,ES,Combined TRACON& Tower with Radar,10,40,25,7,82,0,2,85,1,88,10,42,110,8,170,24,10,34,204
05/14/2006,TLH,FL,ASO,ES,Combined TRACON& Tower with Radar,15,55,36,10,116,0,7,39,3,49,15,62,75,13,165,26,0,26,191
05/15/2006,TLH,FL,ASO,ES,Combined TRACON& Tower with Radar,16,80,46,31,173,0,4,26,33,63,16,84,72,64,236,24,0,24,260
05/16/2006,TLH,FL,ASO,ES,Combined TRACON& Tower with Radar,11,77,67,45,200,0,7,54,11,72,11,84,121,56,272,124,58,182,454
05/17/2006,TLH,FL,ASO,ES,Combined TRACON& Tower with Radar,13,88,70,21,192,0,5,52,11,68,13,93,122,32,260,114,14,128,388
05/18/2006,TLH,FL,ASO,ES,Combined TRACON& Tower with Radar,21,83,68,55,227,0,4,66,3,73,21,87,134,58,300,50,12,62,362
05/19/2006,TLH,FL,ASO,ES,Combined TRACON& Tower with Radar,12,92,77,59,240,0,3,80,6,89,12,95,157,65,329,12,28,40,369
05/20/2006,TLH,FL,ASO,ES,Combined TRACON& Tower with Radar,11,37,34,5,87,0,6,138,0,144,11,43,172,5,231,90,0,90,321
05/21/2006,TLH,FL,ASO,ES,Combined TRACON& Tower with Radar,12,56,41,10,119,0,8,161,7,176,12,64,202,17,295,172,0,172,467
05/22/2006,TLH,FL,ASO,ES,Combined TRACON& Tower with Radar,17,77,46,78,218,0,12,48,3,63,17,89,94,81,281,20,38,58,339
05/23/2006,TLH,FL,ASO,ES,Combined TRACON& Tower with Radar,17,83,49,63,212,0,15,75,7,97,17,98,124,70,309,34,0,34,343
05/24/2006,TLH,FL,ASO,ES,Combined TRACON& Tower with Radar,11,92,51,23,177,0,2,41,11,54,11,94,92,34,231,22,4,26,257
05/25/2006,TLH,FL,ASO,ES,Combined TRACON& Tower with Radar,11,79,54,19,163,0,5,49,0,54,11,84,103,19,217,4,0,4,221
05/26/2006,TLH,FL,ASO,ES,Combined TRACON& Tower with Radar,13,99,62,12,186,0,5,37,1,43,13,104,99,13,229,8,0,8,237
05/27/2006,TLH,FL,ASO,ES,Combined TRACON& Tower with Radar,13,39,36,5,93,0,3,25,2,30,13,42,61,7,123,68,0,68,191
05/28/2006,TLH,FL,ASO,ES,Combined TRACON& Tower with Radar,15,53,25,5,98,0,6,25,1,32,15,59,50,6,130,0,0,0,130
05/29/2006,TLH,FL,ASO,ES,Combined TRACON& Tower with Radar,14,63,26,18,121,0,2,54,1,57,14,65,80,19,178,44,0,44,222
05/30/2006,TLH,FL,ASO,ES,Combined TRACON& Tower with Radar,13,79,57,48,197,0,1,69,9,79,13,80,126,57,276,48,8,56,332
05/31/2006,TLH,FL,ASO,ES,Combined TRACON& Tower with Radar,15,89,71,84,259,0,6,82,2,90,15,95,153,86,349,86,8,94,443
06/01/2006,TLH,FL,ASO,ES,Combined TRACON& Tower with Radar,20,79,57,39,195,0,3,47,1,51,20,82,104,40,246,10,10,20,266
06/02/2006,TLH,FL,ASO,ES,Combined TRACON& Tower with Radar,16,91,52,45,204,0,0,27,3,30,16,91,79,48,234,4,4,8,242
06/03/2006,TLH,FL,ASO,ES,Combined TRACON& Tower with Radar,12,34,17,15,78,0,0,22,4,26,12,34,39,19,104,16,0,16,120
06/04/2006,TLH,FL,ASO,ES,Combined TRACON& Tower with Radar,18,45,38,26,127,0,4,61,3,68,18,49,99,29,195,12,0,12,207
06/05/2006,TLH,FL,ASO,ES,Combined TRACON& Tower with Radar,15,86,60,53,214,0,16,48,3,67,15,102,108,56,281,44,12,56,337
06/06/2006,TLH,FL,ASO,ES,Combined TRACON& Tower with Radar,20,82,63,64,229,0,11,55,13,79,20,93,118,77,308,56,20,76,384
06/07/2006,TLH,FL,ASO,ES,Combined TRACON& Tower with Radar,12,80,54,37,183,0,2,80,4,86,12,82,134,41,269,22,14,36,305
06/08/2006,TLH,FL,ASO,ES,Combined TRACON& Tower with Radar,7,99,65,50,221,0,0,60,6,66,7,99,125,56,287,46,6,52,339
06/09/2006,TLH,FL,ASO,ES,Combined TRACON& Tower with Radar,6,93,51,55,205,0,2,57,4,63,6,95,108,59,268,38,16,54,322
06/10/2006,TLH,FL,ASO,ES,Combined TRACON& Tower with Radar,10,43,27,5,85,0,3,47,2,52,10,46,74,7,137,44,12,56,193
06/11/2006,TLH,FL,ASO,ES,Combined TRACON& Tower with Radar,3,68,48,13,132,0,3,32,0,35,3,71,80,13,167,0,0,0,167
06/12/2006,TLH,FL,ASO,ES,Combined TRACON& Tower with Radar,21,73,37,12,143,0,2,12,1,15,21,75,49,13,158,14,0,14,172
06/13/2006,TLH,FL,ASO,ES,Combined TRACON& Tower with Radar,17,80,17,2,116,0,0,0,0,0,17,80,17,2,116,0,0,0,116
06/14/2006,TLH,FL,ASO,ES,Combined TRACON& Tower with Radar,10,86,70,107,273,0,5,43,8,56,10,91,113,115,329,70,24,94,423
06/15/2006,TLH,FL,ASO,ES,Combined TRACON& Tower with Radar,10,99,91,33,233,0,1,46,4,51,10,100,137,37,284,20,16,36,320
06/16/2006,TLH,FL,ASO,ES,Combined TRACON& Tower with Radar,7,99,65,50,221,0,0,60,6,66,7,99,125,56,287,46,6,52,339
06/17/2006,TLH,FL,ASO,ES,Combined TRACON& Tower with Radar,11,42,38,41,132,0,1,36,3,40,11,43,74,44,172,28,12,40,212
06/18/2006,TLH,FL,ASO,ES,Combined TRACON& Tower with Radar,12,59,37,13,121,0,7,34,5,46,12,66,71,18,167,10,4,14,181
06/19/2006,TLH,FL,ASO,ES,Combined TRACON& Tower with Radar,8,87,57,23,175,0,5,50,12,67,8,92,107,35,242,8,4,12,254
06/20/2006,TLH,FL,ASO,ES,Combined TRACON& Tower with Radar,16,93,76,33,218,0,4,58,3,65,16,97,134,36,283,50,6,56,339
06/21/2006,TLH,FL,ASO,ES,Combined TRACON& Tower with Radar,13,89,64,27,193,0,0,55,1,56,13,89,119,28,249,32,8,40,289
06/22/2006,TLH,FL,ASO,ES,Combined TRACON& Tower with Radar,11,86,65,8,170,0,6,54,0,60,11,92,119,8,230,28,4,32,262
06/23/2006,TLH,FL,ASO,ES,Combined TRACON& Tower with Radar,10,94,60,45,209,0,3,73,8,84,10,97,133,53,293,36,8,44,337
06/24/2006,TLH,FL,ASO,ES,Combined TRACON& Tower with Radar,6,52,47,22,127,0,9,67,1,77,6,61,114,23,204,74,12,86,290
06/25/2006,TLH,FL,ASO,ES,Combined TRACON& Tower with Radar,8,64,45,27,144,0,6,32,3,41,8,70,77,30,185,28,0,28,213
06/26/2006,TLH,FL,ASO,ES,Combined TRACON& Tower with Radar,8,87,48,68,211,0,4,38,2,44,8,91,86,70,255,22,0,22,277
06/27/2006,TLH,FL,ASO,ES,Combined TRACON& Tower with Radar,8,99,42,12,161,0,3,34,5,42,8,102,76,17,203,24,0,24,227
06/28/2006,TLH,FL,ASO,ES,Combined TRACON& Tower with Radar,7,91,51,13,162,0,4,48,0,52,7,95,99,13,214,42,0,42,256
06/29/2006,TLH,FL,ASO,ES,Combined TRACON& Tower with Radar,6,89,81,27,203,0,4,62,4,70,6,93,143,31,273,12,0,12,285
06/30/2006,TLH,FL,ASO,ES,Combined TRACON& Tower with Radar,13,89,58,11,171,0,7,67,0,74,13,96,125,11,245,46,0,46,291
07/01/2006,TLH,FL,ASO,ES,Combined TRACON& Tower with Radar,7,51,25,1,84,0,6,41,0,47,7,57,66,1,131,120,0,120,251
07/02/2006,TLH,FL,ASO,ES,Combined TRACON& Tower with Radar,8,54,29,0,91,0,1,27,0,28,8,55,56,0,119,22,0,22,141
07/03/2006,TLH,FL,ASO,ES,Combined TRACON& Tower with Radar,7,73,21,0,101,0,5,36,0,41,7,78,57,0,142,40,2,42,184
07/04/2006,TLH,FL,ASO,ES,Combined TRACON& Tower with Radar,7,65,18,0,90,0,2,42,0,44,7,67,60,0,134,24,0,24,158
07/05/2006,TLH,FL,ASO,ES,Combined TRACON& Tower with Radar,8,78,30,62,178,0,5,35,6,46,8,83,65,68,224,36,32,68,292
07/06/2006,TLH,FL,ASO,ES,Combined TRACON& Tower with Radar,8,92,39,11,150,0,0,38,3,41,8,92,77,14,191,10,4,14,205
07/07/2006,TLH,FL,ASO,ES,Combined TRACON& Tower with Radar,11,83,48,16,158,0,1,13,4,18,11,84,61,20,176,40,2,42,218
07/08/2006,TLH,FL,ASO,ES,Combined TRACON& Tower with Radar,12,38,27,11,88,0,9,47,2,58,12,47,74,13,146,52,4,56,202
07/09/2006,TLH,FL,ASO,ES,Combined TRACON& Tower with Radar,7,64,31,27,129,0,2,44,5,51,7,66,75,32,180,14,0,14,194
07/10/2006,TLH,FL,ASO,ES,Combined TRACON& Tower with Radar,19,61,59,63,202,0,2,49,5,56,19,63,108,68,258,14,0,14,272
07/11/2006,TLH,FL,ASO,ES,Combined TRACON& Tower with Radar,20,83,42,30,175,0,6,47,1,54,20,89,89,31,229,18,0,18,247
07/12/2006,TLH,FL,ASO,ES,Combined TRACON& Tower with Radar,10,102,60,8,180,0,1,36,2,39,10,103,96,10,219,68,0,68,287
07/13/2006,TLH,FL,ASO,ES,Combined TRACON& Tower with Radar,12,80,72,15,179,0,2,89,1,92,12,82,161,16,271,40,0,40,311
07/14/2006,TLH,FL,ASO,ES,Combined TRACON& Tower with Radar,9,89,68,31,197,0,2,40,2,44,9,91,108,33,241,32,12,44,285
07/15/2006,TLH,FL,ASO,ES,Combined TRACON& Tower with Radar,6,47,32,0,85,0,2,51,1,54,6,49,83,1,139,30,0,30,169
07/16/2006,TLH,FL,ASO,ES,Combined TRACON& Tower with Radar,11,62,26,6,105,0,2,31,1,34,11,64,57,7,139,0,0,0,139
07/17/2006,TLH,FL,ASO,ES,Combined TRACON& Tower with Radar,12,79,49,33,173,0,1,34,5,40,12,80,83,38,213,40,0,40,253
07/18/2006,TLH,FL,ASO,ES,Combined TRACON& Tower with Radar,15,86,47,34,182,0,0,38,8,46,15,86,85,42,228,24,10,34,262
07/19/2006,TLH,FL,ASO,ES,Combined TRACON& Tower with Radar,12,88,61,24,185,0,1,51,63,115,12,89,112,87,300,52,16,68,368
07/20/2006,TLH,FL,ASO,ES,Combined TRACON& Tower with Radar,14,83,75,42,214,0,2,60,1,63,14,85,135,43,277,16,18,34,311
07/21/2006,TLH,FL,ASO,ES,Combined TRACON& Tower with Radar,7,86,47,37,177,0,2,39,14,55,7,88,86,51,232,16,0,16,248
07/22/2006,TLH,FL,ASO,ES,Combined TRACON& Tower with Radar,7,49,28,22,106,0,0,38,1,39,7,49,66,23,145,76,0,76,221
07/23/2006,TLH,FL,ASO,ES,Combined TRACON& Tower with Radar,5,67,49,1,122,0,0,21,2,23,5,67,70,3,145,16,0,16,161
07/24/2006,TLH,FL,ASO,ES,Combined TRACON& Tower with Radar,11,81,48,11,151,0,0,14,3,17,11,81,62,14,168,16,0,16,184
07/25/2006,TLH,FL,ASO,ES,Combined TRACON& Tower with Radar,22,80,33,33,168,0,1,28,1,30,22,81,61,34,198,44,0,44,242
07/26/2006,TLH,FL,ASO,ES,Combined TRACON& Tower with Radar,7,91,65,65,228,0,2,52,5,59,7,93,117,70,287,90,62,152,439
07/27/2006,TLH,FL,ASO,ES,Combined TRACON& Tower with Radar,8,87,45,21,161,0,0,46,4,50,8,87,91,25,211,14,8,22,233
07/28/2006,TLH,FL,ASO,ES,Combined TRACON& Tower with Radar,20,78,42,38,178,0,2,36,3,41,20,80,78,41,219,20,56,76,295
07/29/2006,TLH,FL,ASO,ES,Combined TRACON& Tower with Radar,11,37,23,9,80,0,2,33,0,35,11,39,56,9,115,14,0,14,129
07/30/2006,TLH,FL,ASO,ES,Combined TRACON& Tower with Radar,7,45,24,2,78,0,0,12,0,12,7,45,36,2,90,8,0,8,98
07/31/2006,TLH,FL,ASO,ES,Combined TRACON& Tower with Radar,9,85,61,11,166,0,4,35,4,43,9,89,96,15,209,32,6,38,247
08/01/2006,TLH,FL,ASO,ES,Combined TRACON& Tower with Radar,16,92,47,39,194,2,0,49,4,55,18,92,96,43,249,44,0,44,293
08/02/2006,TLH,FL,ASO,ES,Combined TRACON& Tower with Radar,12,85,41,48,186,0,5,45,1,51,12,90,86,49,237,18,4,22,259
08/03/2006,TLH,FL,ASO,ES,Combined TRACON& Tower with Radar,7,99,62,28,196,0,0,43,4,47,7,99,105,32,243,16,12,28,271
08/04/2006,TLH,FL,ASO,ES,Combined TRACON& Tower with Radar,7,90,46,24,167,0,2,37,0,39,7,92,83,24,206,20,12,32,238
08/05/2006,TLH,FL,ASO,ES,Combined TRACON& Tower with Radar,13,36,17,12,78,0,9,38,2,49,13,45,55,14,127,42,2,44,171
08/06/2006,TLH,FL,ASO,ES,Combined TRACON& Tower with Radar,11,67,36,12,126,0,4,41,4,49,11,71,77,16,175,56,4,60,235
08/07/2006,TLH,FL,ASO,ES,Combined TRACON& Tower with Radar,11,85,39,18,153,0,14,36,4,54,11,99,75,22,207,32,0,32,239
08/08/2006,TLH,FL,ASO,ES,Combined TRACON& Tower with Radar,5,80,48,19,152,0,8,37,0,45,5,88,85,19,197,20,0,20,217
08/09/2006,TLH,FL,ASO,ES,Combined TRACON& Tower with Radar,10,88,53,26,177,0,9,47,2,58,10,97,100,28,235,16,30,46,281
08/10/2006,TLH,FL,ASO,ES,Combined TRACON& Tower with Radar,22,88,101,57,268,0,4,54,0,58,22,92,155,57,326,34,12,46,372
08/11/2006,TLH,FL,ASO,ES,Combined TRACON& Tower with Radar,9,98,66,56,229,0,2,44,6,52,9,100,110,62,281,64,4,68,349
08/12/2006,TLH,FL,ASO,ES,Combined TRACON& Tower with Radar,7,49,43,2,101,0,0,39,0,39,7,49,82,2,140,10,0,10,150
08/13/2006,TLH,FL,ASO,ES,Combined TRACON& Tower with Radar,14,59,31,14,118,0,1,19,0,20,14,60,50,14,138,0,0,0,138
08/14/2006,TLH,FL,ASO,ES,Combined TRACON& Tower with Radar,12,90,58,62,222,0,3,29,6,38,12,93,87,68,260,42,8,50,310
08/15/2006,TLH,FL,ASO,ES,Combined TRACON& Tower with Radar,14,94,81,45,234,0,6,42,6,54,14,100,123,51,288,92,4,96,384
08/16/2006,TLH,FL,ASO,ES,Combined TRACON& Tower with Radar,7,91,73,18,189,0,0,43,5,48,7,91,116,23,237,60,16,76,313
08/17/2006,TLH,FL,ASO,ES,Combined TRACON& Tower with Radar,16,87,68,23,194,0,1,43,6,50,16,88,111,29,244,28,16,44,288
08/18/2006,TLH,FL,ASO,ES,Combined TRACON& Tower with Radar,8,105,86,31,230,0,0,47,1,48,8,105,133,32,278,52,2,54,332
08/19/2006,TLH,FL,ASO,ES,Combined TRACON& Tower with Radar,9,45,32,14,100,0,3,53,12,68,9,48,85,26,168,40,12,52,220
08/20/2006,TLH,FL,ASO,ES,Combined TRACON& Tower with Radar,12,69,44,18,143,0,5,22,0,27,12,74,66,18,170,20,6,26,196
08/21/2006,TLH,FL,ASO,ES,Combined TRACON& Tower with Radar,6,94,58,72,230,0,1,39,2,42,6,95,97,74,272,48,0,48,320
08/22/2006,TLH,FL,ASO,ES,Combined TRACON& Tower with Radar,12,98,54,79,243,0,2,39,4,45,12,100,93,83,288,68,16,84,372
08/23/2006,TLH,FL,ASO,ES,Combined TRACON& Tower with Radar,8,101,69,16,194,0,0,49,1,50,8,101,118,17,244,38,0,38,282
08/24/2006,TLH,FL,ASO,ES,Combined TRACON& Tower with Radar,8,106,78,20,212,0,6,36,2,44,8,112,114,22,256,22,0,22,278
08/25/2006,TLH,FL,ASO,ES,Combined TRACON& Tower with Radar,8,103,73,5,189,0,0,11,1,12,8,103,84,6,201,52,0,52,253
08/26/2006,TLH,FL,ASO,ES,Combined TRACON& Tower with Radar,7,53,18,0,78,0,8,27,0,35,7,61,45,0,113,28,0,28,141
08/27/2006,TLH,FL,ASO,ES,Combined TRACON& Tower with Radar,11,65,26,4,106,0,7,43,3,53,11,72,69,7,159,48,6,54,213
08/28/2006,TLH,FL,ASO,ES,Combined TRACON& Tower with Radar,7,106,61,89,263,0,0,36,4,40,7,106,97,93,303,59,38,97,400
08/29/2006,TLH,FL,ASO,ES,Combined TRACON& Tower with Radar,8,97,119,21,245,0,3,68,4,75,8,100,187,25,320,84,0,84,404
08/30/2006,TLH,FL,ASO,ES,Combined TRACON& Tower with Radar,9,92,63,11,175,0,6,42,4,52,9,98,105,15,227,94,6,100,327
08/31/2006,TLH,FL,ASO,ES,Combined TRACON& Tower with Radar,7,98,117,9,231,0,7,54,1,62,7,105,171,10,293,0,0,0,293
09/01/2006,TLH,FL,ASO,ES,Combined TRACON& Tower with Radar,17,83,55,17,172,0,7,46,2,55,17,90,101,19,227,0,0,0,227
09/02/2006,TLH,FL,ASO,ES,Combined TRACON& Tower with Radar,8,42,32,0,82,0,15,43,2,60,8,57,75,2,142,12,58,70,212
09/03/2006,TLH,FL,ASO,ES,Combined TRACON& Tower with Radar,8,48,21,0,77,0,18,18,2,38,8,66,39,2,115,10,0,10,125
09/04/2006,TLH,FL,ASO,ES,Combined TRACON& Tower with Radar,11,71,47,22,151,0,0,0,0,0,11,71,47,22,151,94,0,94,245
09/05/2006,TLH,FL,ASO,ES,Combined TRACON& Tower with Radar,10,83,46,30,169,0,7,16,4,27,10,90,62,34,196,8,10,18,214
09/06/2006,TLH,FL,ASO,ES,Combined TRACON& Tower with Radar,10,90,72,18,190,0,1,20,4,25,10,91,92,22,215,28,0,28,243
09/07/2006,TLH,FL,ASO,ES,Combined TRACON& Tower with Radar,18,85,100,10,213,0,1,19,1,21,18,86,119,11,234,0,0,0,234
09/08/2006,TLH,FL,ASO,ES,Combined TRACON& Tower with Radar,16,91,51,28,186,0,1,17,0,18,16,92,68,28,204,94,18,112,316
09/09/2006,TLH,FL,ASO,ES,Combined TRACON& Tower with Radar,10,42,44,3,99,0,3,26,3,32,10,45,70,6,131,34,18,52,183
09/10/2006,TLH,FL,ASO,ES,Combined TRACON& Tower with Radar,12,56,50,8,126,0,0,24,5,29,12,56,74,13,155,28,0,28,183
09/11/2006,TLH,FL,ASO,ES,Combined TRACON& Tower with Radar,15,86,56,12,169,0,5,24,0,29,15,91,80,12,198,18,0,18,216
09/12/2006,TLH,FL,ASO,ES,Combined TRACON& Tower with Radar,9,102,54,18,183,0,1,31,0,32,9,103,85,18,215,40,0,40,255
09/13/2006,TLH,FL,ASO,ES,Combined TRACON& Tower with Radar,8,99,69,23,199,0,0,2,0,2,8,99,71,23,201,0,6,6,207
09/14/2006,TLH,FL,ASO,ES,Combined TRACON& Tower with Radar,10,92,90,81,273,0,3,33,3,39,10,95,123,84,312,42,10,52,364
09/15/2006,TLH,FL,ASO,ES,Combined TRACON& Tower with Radar,17,99,94,46,256,0,11,57,2,70,17,110,151,48,326,76,0,76,402
09/16/2006,TLH,FL,ASO,ES,Combined TRACON& Tower with Radar,10,73,61,6,150,0,2,64,11,77,10,75,125,17,227,0,0,0,227
09/17/2006,TLH,FL,ASO,ES,Combined TRACON& Tower with Radar,16,51,103,19,189,0,0,69,4,73,16,51,172,23,262,52,18,70,332
09/18/2006,TLH,FL,ASO,ES,Combined TRACON& Tower with Radar,13,91,31,21,156,0,2,23,1,26,13,93,54,22,182,18,16,34,216
09/19/2006,TLH,FL,ASO,ES,Combined TRACON& Tower with Radar,18,80,56,21,175,0,5,16,1,22,18,85,72,22,197,46,0,46,243
09/20/2006,TLH,FL,ASO,ES,Combined TRACON& Tower with Radar,12,93,48,35,188,0,1,47,4,52,12,94,95,39,240,46,46,92,332
09/21/2006,TLH,FL,ASO,ES,Combined TRACON& Tower with Radar,13,93,76,25,207,0,7,92,2,101,13,100,168,27,308,62,0,62,370
09/22/2006,TLH,FL,ASO,ES,Combined TRACON& Tower with Radar,11,96,61,49,217,0,0,76,19,95,11,96,137,68,312,80,42,122,434
09/23/2006,TLH,FL,ASO,ES,Combined TRACON& Tower with Radar,10,38,48,1,97,0,1,56,2,59,10,39,104,3,156,26,12,38,194
09/24/2006,TLH,FL,ASO,ES,Combined TRACON& Tower with Radar,16,58,45,4,123,0,0,38,10,48,16,58,83,14,171,34,0,34,205
09/25/2006,TLH,FL,ASO,ES,Combined TRACON& Tower with Radar,11,89,63,43,206,0,0,13,1,14,11,89,76,44,220,26,10,36,256
09/26/2006,TLH,FL,ASO,ES,Combined TRACON& Tower with Radar,18,92,66,22,198,0,4,42,4,50,18,96,108,26,248,46,8,54,302
09/27/2006,TLH,FL,ASO,ES,Combined TRACON& Tower with Radar,17,86,70,22,195,0,2,46,6,54,17,88,116,28,249,20,10,30,279
09/28/2006,TLH,FL,ASO,ES,Combined TRACON& Tower with Radar,15,99,50,5,169,0,4,54,2,60,15,103,104,7,229,2,0,2,231
09/29/2006,TLH,FL,ASO,ES,Combined TRACON& Tower with Radar,15,93,70,0,178,0,3,67,2,72,15,96,137,2,250,30,20,50,300
09/30/2006,TLH,FL,ASO,ES,Combined TRACON& Tower with Radar,5,46,28,0,79,0,2,60,0,62,5,48,88,0,141,34,0,34,175
10/01/2006,TLH,FL,ASO,ES,Combined TRACON& Tower with Radar,16,54,48,10,128,0,11,48,0,59,16,65,96,10,187,128,0,128,315
10/02/2006,TLH,FL,ASO,ES,Combined TRACON& Tower with Radar,17,81,33,31,162,0,11,62,3,76,17,92,95,34,238,16,32,48,286
10/03/2006,TLH,FL,ASO,ES,Combined TRACON& Tower with Radar,12,93,66,35,206,0,2,45,3,50,12,95,111,38,256,56,2,58,314
10/04/2006,TLH,FL,ASO,ES,Combined TRACON& Tower with Radar,22,98,87,28,235,0,4,38,3,45,22,102,125,31,280,20,10,30,310
10/05/2006,TLH,FL,ASO,ES,Combined TRACON& Tower with Radar,14,90,78,15,197,0,4,64,2,70,14,94,142,17,267,122,26,148,415
10/06/2006,TLH,FL,ASO,ES,Combined TRACON& Tower with Radar,16,92,68,43,219,0,13,58,7,78,16,105,126,50,297,48,36,84,381
10/07/2006,TLH,FL,ASO,ES,Combined TRACON& Tower with Radar,7,47,32,8,94,0,8,41,0,49,7,55,73,8,143,28,0,28,171
10/08/2006,TLH,FL,ASO,ES,Combined TRACON& Tower with Radar,16,46,37,0,99,0,5,66,0,71,16,51,103,0,170,46,0,46,216
10/09/2006,TLH,FL,ASO,ES,Combined TRACON& Tower with Radar,12,91,45,22,170,0,6,42,2,50,12,97,87,24,220,10,0,10,230
10/10/2006,TLH,FL,ASO,ES,Combined TRACON& Tower with Radar,13,88,54,75,230,0,5,55,2,62,13,93,109,77,292,48,30,78,370
10/11/2006,TLH,FL,ASO,ES,Combined TRACON& Tower with Radar,12,92,67,60,231,0,5,42,2,49,12,97,109,62,280,32,4,36,316
10/12/2006,TLH,FL,ASO,ES,Combined TRACON& Tower with Radar,12,84,70,44,210,0,7,62,6,75,12,91,132,50,285,54,0,54,339
10/13/2006,TLH,FL,ASO,ES,Combined TRACON& Tower with Radar,15,96,84,63,258,0,5,61,6,72,15,101,145,69,330,22,4,26,356
10/14/2006,TLH,FL,ASO,ES,Combined TRACON& Tower with Radar,9,50,36,5,100,0,9,69,0,78,9,59,105,5,178,6,0,6,184
10/15/2006,TLH,FL,ASO,ES,Combined TRACON& Tower with Radar,14,52,58,18,142,0,4,48,1,53,14,56,106,19,195,38,0,38,233
10/16/2006,TLH,FL,ASO,ES,Combined TRACON& Tower with Radar,18,89,56,51,214,0,8,22,2,32,18,97,78,53,246,16,8,24,270
10/17/2006,TLH,FL,ASO,ES,Combined TRACON& Tower with Radar,17,80,67,8,172,0,1,6,1,8,17,81,73,9,180,34,0,34,214
10/18/2006,TLH,FL,ASO,ES,Combined TRACON& Tower with Radar,16,102,79,33,230,0,6,23,4,33,16,108,102,37,263,70,0,70,333
10/19/2006,TLH,FL,ASO,ES,Combined TRACON& Tower with Radar,18,79,78,36,211,0,4,32,4,40,18,83,110,40,251,42,72,114,365
10/20/2006,TLH,FL,ASO,ES,Combined TRACON& Tower with Radar,14,101,70,48,233,0,2,44,6,52,14,103,114,54,285,22,0,22,307
10/21/2006,TLH,FL,ASO,ES,Combined TRACON& Tower with Radar,12,52,84,5,153,0,2,75,1,78,12,54,159,6,231,10,10,20,251
10/22/2006,TLH,FL,ASO,ES,Combined TRACON& Tower with Radar,15,53,54,13,135,0,1,18,2,21,15,54,72,15,156,6,0,6,162
10/23/2006,TLH,FL,ASO,ES,Combined TRACON& Tower with Radar,19,77,41,47,184,0,6,33,1,40,19,83,74,48,224,2,18,20,244
10/24/2006,TLH,FL,ASO,ES,Combined TRACON& Tower with Radar,19,86,100,64,269,0,3,59,4,66,19,89,159,68,335,54,6,60,395
10/25/2006,TLH,FL,ASO,ES,Combined TRACON& Tower with Radar,13,88,72,19,192,0,3,52,4,59,13,91,124,23,251,142,8,150,401
10/26/2006,TLH,FL,ASO,ES,Combined TRACON& Tower with Radar,16,83,108,43,250,0,7,32,7,46,16,90,140,50,296,20,6,26,322
10/27/2006,TLH,FL,ASO,ES,Combined TRACON& Tower with Radar,14,100,60,17,191,0,0,5,0,5,14,100,65,17,196,0,6,6,202
10/28/2006,TLH,FL,ASO,ES,Combined TRACON& Tower with Radar,11,49,41,16,117,0,10,30,0,40,11,59,71,16,157,36,0,36,193
10/29/2006,TLH,FL,ASO,ES,Combined TRACON& Tower with Radar,17,55,47,17,136,0,3,69,8,80,17,58,116,25,216,82,4,86,302
10/30/2006,TLH,FL,ASO,ES,Combined TRACON& Tower with Radar,14,89,53,81,237,0,0,51,6,57,14,89,104,87,294,24,0,24,318
10/31/2006,TLH,FL,ASO,ES,Combined TRACON& Tower with Radar,15,86,82,34,217,0,6,58,3,67,15,92,140,37,284,54,14,68,352
11/01/2006,TLH,FL,ASO,ES,Combined TRACON& Tower with Radar,16,86,63,96,261,0,5,28,14,47,16,91,91,110,308,60,62,122,430
11/02/2006,TLH,FL,ASO,ES,Combined TRACON& Tower with Radar,16,92,64,53,225,0,4,34,1,39,16,96,98,54,264,28,18,46,310
11/03/2006,TLH,FL,ASO,ES,Combined TRACON& Tower with Radar,22,87,85,66,260,0,0,66,9,75,22,87,151,75,335,18,12,30,365
11/04/2006,TLH,FL,ASO,ES,Combined TRACON& Tower with Radar,11,48,59,2,120,0,12,175,0,187,11,60,234,2,307,36,0,36,343
11/05/2006,TLH,FL,ASO,ES,Combined TRACON& Tower with Radar,17,66,50,19,152,0,1,183,5,189,17,67,233,24,341,52,0,52,393
11/06/2006,TLH,FL,ASO,ES,Combined TRACON& Tower with Radar,14,90,38,61,203,0,2,35,3,40,14,92,73,64,243,76,26,102,345
11/07/2006,TLH,FL,ASO,ES,Combined TRACON& Tower with Radar,13,83,53,67,216,0,0,15,0,15,13,83,68,67,231,0,4,4,235
11/08/2006,TLH,FL,ASO,ES,Combined TRACON& Tower with Radar,16,102,79,23,220,0,1,52,6,59,16,103,131,29,279,44,12,56,335
11/09/2006,TLH,FL,ASO,ES,Combined TRACON& Tower with Radar,14,105,56,53,228,0,10,72,7,89,14,115,128,60,317,60,24,84,401
11/10/2006,TLH,FL,ASO,ES,Combined TRACON& Tower with Radar,13,97,50,24,184,0,3,69,2,74,13,100,119,26,258,62,2,64,322
11/11/2006,TLH,FL,ASO,ES,Combined TRACON& Tower with Radar,9,46,57,0,112,0,0,193,0,193,9,46,250,0,305,8,0,8,313
11/12/2006,TLH,FL,ASO,ES,Combined TRACON& Tower with Radar,19,58,69,22,168,0,2,196,6,204,19,60,265,28,372,40,4,44,416
11/13/2006,TLH,FL,ASO,ES,Combined TRACON& Tower with Radar,15,91,71,92,269,0,0,57,6,63,15,91,128,98,332,26,50,76,408
11/14/2006,TLH,FL,ASO,ES,Combined TRACON& Tower with Radar,15,90,112,44,261,0,5,55,1,61,15,95,167,45,322,52,48,100,422
11/15/2006,TLH,FL,ASO,ES,Combined TRACON& Tower with Radar,14,96,76,35,221,0,0,0,0,0,14,96,76,35,221,0,0,0,221
11/16/2006,TLH,FL,ASO,ES,Combined TRACON& Tower with Radar,21,94,55,29,199,0,2,26,0,28,21,96,81,29,227,14,12,26,253
11/17/2006,TLH,FL,ASO,ES,Combined TRACON& Tower with Radar,16,98,52,41,207,0,1,82,30,113,16,99,134,71,320,116,24,140,460
11/18/2006,TLH,FL,ASO,ES,Combined TRACON& Tower with Radar,13,47,41,22,123,0,1,62,16,79,13,48,103,38,202,82,16,98,300
11/19/2006,TLH,FL,ASO,ES,Combined TRACON& Tower with Radar,14,59,42,35,150,0,1,49,13,63,14,60,91,48,213,68,12,80,293
11/20/2006,TLH,FL,ASO,ES,Combined TRACON& Tower with Radar,26,75,74,49,224,0,2,37,5,44,26,77,111,54,268,64,0,64,332
11/21/2006,TLH,FL,ASO,ES,Combined TRACON& Tower with Radar,19,97,93,54,263,0,0,45,3,48,19,97,138,57,311,40,10,50,361
11/22/2006,TLH,FL,ASO,ES,Combined TRACON& Tower with Radar,12,89,54,13,168,0,2,47,2,51,12,91,101,15,219,26,0,26,245
11/23/2006,TLH,FL,ASO,ES,Combined TRACON& Tower with Radar,14,39,13,0,66,0,6,32,0,38,14,45,45,0,104,0,0,0,104
11/24/2006,TLH,FL,ASO,ES,Combined TRACON& Tower with Radar,9,70,30,1,110,0,3,64,0,67,9,73,94,1,177,82,0,82,259
11/25/2006,TLH,FL,ASO,ES,Combined TRACON& Tower with Radar,17,63,168,0,248,0,7,121,0,128,17,70,289,0,376,0,0,0,376
11/26/2006,TLH,FL,ASO,ES,Combined TRACON& Tower with Radar,14,60,70,2,146,0,6,79,1,86,14,66,149,3,232,22,0,22,254
11/27/2006,TLH,FL,ASO,ES,Combined TRACON& Tower with Radar,16,92,54,39,201,0,3,45,0,48,16,95,99,39,249,34,0,34,283
11/28/2006,TLH,FL,ASO,ES,Combined TRACON& Tower with Radar,16,93,84,59,252,0,0,27,1,28,16,93,111,60,280,62,0,62,342
11/29/2006,TLH,FL,ASO,ES,Combined TRACON& Tower with Radar,18,99,46,40,203,0,2,11,0,13,18,101,57,40,216,28,8,36,252
11/30/2006,TLH,FL,ASO,ES,Combined TRACON& Tower with Radar,16,95,58,143,312,0,5,9,0,14,16,100,67,143,326,28,30,58,384
12/01/2006,TLH,FL,ASO,ES,Combined TRACON& Tower with Radar,14,90,51,28,183,0,0,26,10,36,14,90,77,38,219,26,0,26,245
12/02/2006,TLH,FL,ASO,ES,Combined TRACON& Tower with Radar,13,44,45,12,114,0,8,50,4,62,13,52,95,16,176,100,6,106,282
12/03/2006,TLH,FL,ASO,ES,Combined TRACON& Tower with Radar,19,42,44,33,138,0,0,11,12,23,19,42,55,45,161,70,0,70,231
12/04/2006,TLH,FL,ASO,ES,Combined TRACON& Tower with Radar,14,90,75,27,206,0,1,60,10,71,14,91,135,37,277,26,0,26,303
12/05/2006,TLH,FL,ASO,ES,Combined TRACON& Tower with Radar,20,81,73,34,208,0,2,63,1,66,20,83,136,35,274,106,12,118,392
12/06/2006,TLH,FL,ASO,ES,Combined TRACON& Tower with Radar,12,90,88,45,235,0,4,40,2,46,12,94,128,47,281,18,54,72,353
12/07/2006,TLH,FL,ASO,ES,Combined TRACON& Tower with Radar,17,101,85,35,238,0,1,37,7,45,17,102,122,42,283,34,30,64,347
12/08/2006,TLH,FL,ASO,ES,Combined TRACON& Tower with Radar,19,83,41,18,161,0,1,26,5,32,19,84,67,23,193,16,18,34,227
12/09/2006,TLH,FL,ASO,ES,Combined TRACON& Tower with Radar,9,49,37,3,98,0,0,40,5,45,9,49,77,8,143,64,32,96,239
12/10/2006,TLH,FL,ASO,ES,Combined TRACON& Tower with Radar,12,57,37,8,114,0,10,46,8,64,12,67,83,16,178,42,0,42,220
12/11/2006,TLH,FL,ASO,ES,Combined TRACON& Tower with Radar,13,88,44,107,252,0,3,47,7,57,13,91,91,114,309,52,52,104,413
12/12/2006,TLH,FL,ASO,ES,Combined TRACON& Tower with Radar,15,91,80,80,266,0,1,48,8,57,15,92,128,88,323,52,24,76,399
12/13/2006,TLH,FL,ASO,ES,Combined TRACON& Tower with Radar,13,98,77,58,246,0,0,32,7,39,13,98,109,65,285,28,54,82,367
12/14/2006,TLH,FL,ASO,ES,Combined TRACON& Tower with Radar,18,99,47,23,187,0,0,5,1,6,18,99,52,24,193,0,0,0,193
12/15/2006,TLH,FL,ASO,ES,Combined TRACON& Tower with Radar,15,91,58,28,192,0,1,50,8,59,15,92,108,36,251,20,28,48,299
12/16/2006,TLH,FL,ASO,ES,Combined TRACON& Tower with Radar,8,48,34,0,90,0,2,55,2,59,8,50,89,2,149,50,0,50,199
12/17/2006,TLH,FL,ASO,ES,Combined TRACON& Tower with Radar,15,57,30,23,125,0,7,35,6,48,15,64,65,29,173,8,0,8,181
12/18/2006,TLH,FL,ASO,ES,Combined TRACON& Tower with Radar,12,89,53,28,182,0,0,47,12,59,12,89,100,40,241,2,0,2,243
12/19/2006,TLH,FL,ASO,ES,Combined TRACON& Tower with Radar,17,92,74,34,217,0,12,33,13,58,17,104,107,47,275,78,38,116,391
12/20/2006,TLH,FL,ASO,ES,Combined TRACON& Tower with Radar,19,96,59,32,206,0,1,46,12,59,19,97,105,44,265,0,0,0,265
12/21/2006,TLH,FL,ASO,ES,Combined TRACON& Tower with Radar,14,97,118,12,241,0,0,37,0,37,14,97,155,12,278,10,2,12,290
12/22/2006,TLH,FL,ASO,ES,Combined TRACON& Tower with Radar,19,101,34,7,161,0,0,2,0,2,19,101,36,7,163,0,0,0,163
12/23/2006,TLH,FL,ASO,ES,Combined TRACON& Tower with Radar,10,37,35,1,83,0,0,19,0,19,10,37,54,1,102,38,0,38,140
12/24/2006,TLH,FL,ASO,ES,Combined TRACON& Tower with Radar,11,45,13,0,69,0,0,16,0,16,11,45,29,0,85,0,0,0,85
12/25/2006,TLH,FL,ASO,ES,Combined TRACON& Tower with Radar,12,51,20,0,83,0,0,8,0,8,12,51,28,0,91,0,0,0,91
12/26/2006,TLH,FL,ASO,ES,Combined TRACON& Tower with Radar,10,86,44,0,140,0,5,39,0,44,10,91,83,0,184,44,0,44,228
12/27/2006,TLH,FL,ASO,ES,Combined TRACON& Tower with Radar,13,102,48,20,183,0,2,49,0,51,13,104,97,20,234,10,20,30,264
12/28/2006,TLH,FL,ASO,ES,Combined TRACON& Tower with Radar,17,80,25,4,126,0,2,57,2,61,17,82,82,6,187,46,0,46,233
12/29/2006,TLH,FL,ASO,ES,Combined TRACON& Tower with Radar,12,86,33,11,142,0,2,56,0,58,12,88,89,11,200,6,0,6,206
12/30/2006,TLH,FL,ASO,ES,Combined TRACON& Tower with Radar,15,46,19,0,80,0,5,13,0,18,15,51,32,0,98,10,0,10,108
12/31/2006,TLH,FL,ASO,ES,Combined TRACON& Tower with Radar,9,42,11,0,62,0,0,1,0,1,9,42,12,0,63,0,0,0,63
01/01/2007,TLH,FL,ASO,ES,Combined TRACON& Tower with Radar,10,61,60,0,131,0,0,0,0,0,10,61,60,0,131,0,0,0,131
01/02/2007,TLH,FL,ASO,ES,Combined TRACON& Tower with Radar,20,89,107,2,218,0,0,0,0,0,20,89,107,2,218,54,0,54,272
01/03/2007,TLH,FL,ASO,ES,Combined TRACON& Tower with Radar,9,98,60,4,171,0,0,20,0,20,9,98,80,4,191,26,0,26,217
01/04/2007,TLH,FL,ASO,ES,Combined TRACON& Tower with Radar,9,98,69,5,181,0,0,3,0,3,9,98,72,5,184,0,0,0,184
01/05/2007,TLH,FL,ASO,ES,Combined TRACON& Tower with Radar,12,92,27,4,135,0,0,1,0,1,12,92,28,4,136,0,0,0,136
01/06/2007,TLH,FL,ASO,ES,Combined TRACON& Tower with Radar,12,44,47,7,110,0,2,17,0,19,12,46,64,7,129,32,0,32,161
01/07/2007,TLH,FL,ASO,ES,Combined TRACON& Tower with Radar,7,65,48,4,124,0,1,23,0,24,7,66,71,4,148,10,0,10,158
01/08/2007,TLH,FL,ASO,ES,Combined TRACON& Tower with Radar,9,88,50,45,192,0,4,32,12,48,9,92,82,57,240,2,10,12,252
01/09/2007,TLH,FL,ASO,ES,Combined TRACON& Tower with Radar,9,97,83,10,199,0,5,82,6,93,9,102,165,16,292,28,0,28,320
01/10/2007,TLH,FL,ASO,ES,Combined TRACON& Tower with Radar,8,97,60,39,204,0,3,62,1,66,8,100,122,40,270,32,0,32,302
01/11/2007,TLH,FL,ASO,ES,Combined TRACON& Tower with Radar,9,93,64,36,202,0,0,55,3,58,9,93,119,39,260,16,34,50,310
01/12/2007,TLH,FL,ASO,ES,Combined TRACON& Tower with Radar,12,1,63,64,140,0,0,35,23,58,12,1,98,87,198,44,20,64,262
01/13/2007,TLH,FL,ASO,ES,Combined TRACON& Tower with Radar,8,38,37,19,102,0,1,43,0,44,8,39,80,19,146,18,16,34,180
01/14/2007,TLH,FL,ASO,ES,Combined TRACON& Tower with Radar,6,64,35,38,143,0,2,38,3,43,6,66,73,41,186,32,0,32,218
01/15/2007,TLH,FL,ASO,ES,Combined TRACON& Tower with Radar,20,73,68,62,223,0,0,33,17,50,20,73,101,79,273,18,18,36,309
01/16/2007,TLH,FL,ASO,ES,Combined TRACON& Tower with Radar,9,97,69,9,184,0,0,5,1,6,9,97,74,10,190,0,0,0,190
01/17/2007,TLH,FL,ASO,ES,Combined TRACON& Tower with Radar,8,96,87,51,242,0,0,25,7,32,8,96,112,58,274,46,16,62,336
01/18/2007,TLH,FL,ASO,ES,Combined TRACON& Tower with Radar,9,88,54,93,244,0,1,11,5,17,9,89,65,98,261,2,50,52,313
01/19/2007,TLH,FL,ASO,ES,Combined TRACON& Tower with Radar,12,91,70,130,303,0,1,22,5,28,12,92,92,135,331,52,36,88,419
01/20/2007,TLH,FL,ASO,ES,Combined TRACON& Tower with Radar,11,34,35,22,102,0,0,50,5,55,11,34,85,27,157,0,34,34,191
01/21/2007,TLH,FL,ASO,ES,Combined TRACON& Tower with Radar,5,59,48,74,186,0,7,32,2,41,5,66,80,76,227,38,6,44,271
01/22/2007,TLH,FL,ASO,ES,Combined TRACON& Tower with Radar,1,94,68,64,227,0,0,0,2,2,1,94,68,66,229,0,26,26,255
01/23/2007,TLH,FL,ASO,ES,Combined TRACON& Tower with Radar,16,88,68,104,276,0,5,41,6,52,16,93,109,110,328,38,16,54,382
01/24/2007,TLH,FL,ASO,ES,Combined TRACON& Tower with Radar,7,103,84,51,245,0,2,28,9,39,7,105,112,60,284,14,42,56,340
01/25/2007,TLH,FL,ASO,ES,Combined TRACON& Tower with Radar,9,102,90,57,258,0,4,47,5,56,9,106,137,62,314,30,0,30,344
01/26/2007,TLH,FL,ASO,ES,Combined TRACON& Tower with Radar,16,88,72,46,222,0,1,80,19,100,16,89,152,65,322,24,58,82,404
01/27/2007,TLH,FL,ASO,ES,Combined TRACON& Tower with Radar,11,37,34,28,110,0,1,41,1,43,11,38,75,29,153,36,0,36,189
01/28/2007,TLH,FL,ASO,ES,Combined TRACON& Tower with Radar,13,53,26,41,133,0,3,20,17,40,13,56,46,58,173,16,6,22,195
01/29/2007,TLH,FL,ASO,ES,Combined TRACON& Tower with Radar,9,89,58,59,215,0,8,56,13,77,9,97,114,72,292,36,6,42,334
01/30/2007,TLH,FL,ASO,ES,Combined TRACON& Tower with Radar,14,87,66,46,213,0,4,42,0,46,14,91,108,46,259,32,0,32,291
01/31/2007,TLH,FL,ASO,ES,Combined TRACON& Tower with Radar,11,89,69,84,253,0,1,59,8,68,11,90,128,92,321,14,30,44,365
02/01/2007,TLH,FL,ASO,ES,Combined TRACON& Tower with Radar,11,88,63,34,196,0,1,9,0,10,11,89,72,34,206,30,14,44,250
02/02/2007,TLH,FL,ASO,ES,Combined TRACON& Tower with Radar,13,85,64,63,225,0,4,6,1,11,13,89,70,64,236,10,60,70,306
02/03/2007,TLH,FL,ASO,ES,Combined TRACON& Tower with Radar,3,35,69,28,135,0,1,33,1,35,3,36,102,29,170,96,2,98,268
02/04/2007,TLH,FL,ASO,ES,Combined TRACON& Tower with Radar,13,54,33,50,150,0,0,48,1,49,13,54,81,51,199,32,0,32,231
02/05/2007,TLH,FL,ASO,ES,Combined TRACON& Tower with Radar,13,89,67,46,215,0,0,51,11,62,13,89,118,57,277,40,42,82,359
02/06/2007,TLH,FL,ASO,ES,Combined TRACON& Tower with Radar,9,92,93,16,210,0,6,93,3,102,9,98,186,19,312,36,2,38,350
02/07/2007,TLH,FL,ASO,ES,Combined TRACON& Tower with Radar,9,112,82,9,212,0,1,66,6,73,9,113,148,15,285,48,46,94,379
02/08/2007,TLH,FL,ASO,ES,Combined TRACON& Tower with Radar,10,100,93,3,206,0,2,54,0,56,10,102,147,3,262,48,0,48,310
02/09/2007,TLH,FL,ASO,ES,Combined TRACON& Tower with Radar,13,100,63,48,224,0,0,53,12,65,13,100,116,60,289,48,46,94,383
02/10/2007,TLH,FL,ASO,ES,Combined TRACON& Tower with Radar,10,37,53,12,112,0,3,56,2,61,10,40,109,14,173,32,6,38,211
02/11/2007,TLH,FL,ASO,ES,Combined TRACON& Tower with Radar,9,71,59,25,164,0,9,63,7,79,9,80,122,32,243,72,26,98,341
02/12/2007,TLH,FL,ASO,ES,Combined TRACON& Tower with Radar,12,90,55,32,189,0,13,60,6,79,12,103,115,38,268,32,0,32,300
02/13/2007,TLH,FL,ASO,ES,Combined TRACON& Tower with Radar,23,82,61,18,184,0,0,2,0,2,23,82,63,18,186,2,0,2,188
02/14/2007,TLH,FL,ASO,ES,Combined TRACON& Tower with Radar,9,95,71,27,202,0,0,33,1,34,9,95,104,28,236,34,20,54,290
02/15/2007,TLH,FL,ASO,ES,Combined TRACON& Tower with Radar,7,90,81,17,195,0,3,64,5,72,7,93,145,22,267,28,18,46,313
02/16/2007,TLH,FL,ASO,ES,Combined TRACON& Tower with Radar,5,100,75,42,222,0,1,73,10,84,5,101,148,52,306,4,20,24,330
02/17/2007,TLH,FL,ASO,ES,Combined TRACON& Tower with Radar,12,35,42,2,91,0,6,64,0,70,12,41,106,2,161,16,2,18,179
02/18/2007,TLH,FL,ASO,ES,Combined TRACON& Tower with Radar,9,58,49,20,136,0,3,40,1,44,9,61,89,21,180,10,8,18,198
02/19/2007,TLH,FL,ASO,ES,Combined TRACON& Tower with Radar,11,77,86,14,188,0,17,91,8,116,11,94,177,22,304,94,2,96,400
02/20/2007,TLH,FL,ASO,ES,Combined TRACON& Tower with Radar,8,105,73,20,206,0,1,42,0,43,8,106,115,20,249,141,0,141,390
02/21/2007,TLH,FL,ASO,ES,Combined TRACON& Tower with Radar,6,96,94,14,210,0,1,15,0,16,6,97,109,14,226,6,0,6,232
02/22/2007,TLH,FL,ASO,ES,Combined TRACON& Tower with Radar,13,85,91,8,197,0,3,74,8,85,13,88,165,16,282,26,0,26,308
02/23/2007,TLH,FL,ASO,ES,Combined TRACON& Tower with Radar,11,97,69,43,220,0,3,70,10,83,11,100,139,53,303,26,6,32,335
02/24/2007,TLH,FL,ASO,ES,Combined TRACON& Tower with Radar,12,38,25,48,123,0,7,41,2,50,12,45,66,50,173,56,15,71,244
02/25/2007,TLH,FL,ASO,ES,Combined TRACON& Tower with Radar,9,31,23,9,72,0,0,0,0,0,9,31,23,9,72,14,0,14,86
02/26/2007,TLH,FL,ASO,ES,Combined TRACON& Tower with Radar,7,90,47,44,188,0,7,60,1,68,7,97,107,45,256,162,0,162,418
02/27/2007,TLH,FL,ASO,ES,Combined TRACON& Tower with Radar,11,85,85,30,211,0,5,33,6,44,11,90,118,36,255,70,18,88,343
02/28/2007,TLH,FL,ASO,ES,Combined TRACON& Tower with Radar,7,98,78,59,242,0,3,60,6,69,7,101,138,65,311,40,36,76,387
03/01/2007,TLH,FL,ASO,ES,Combined TRACON& Tower with Radar,7,96,30,1,134,0,2,2,0,4,7,98,32,1,138,4,0,4,142
03/02/2007,TLH,FL,ASO,ES,Combined TRACON& Tower with Radar,14,89,59,83,245,0,0,49,6,55,14,89,108,89,300,12,0,12,312
03/03/2007,TLH,FL,ASO,ES,Combined TRACON& Tower with Radar,12,43,44,30,129,0,3,51,6,60,12,46,95,36,189,66,8,74,263
03/04/2007,TLH,FL,ASO,ES,Combined TRACON& Tower with Radar,15,49,33,32,129,0,3,43,11,57,15,52,76,43,186,20,10,30,216
03/05/2007,TLH,FL,ASO,ES,Combined TRACON& Tower with Radar,9,114,93,36,252,0,4,59,10,73,9,118,152,46,325,40,18,58,383
03/06/2007,TLH,FL,ASO,ES,Combined TRACON& Tower with Radar,16,84,71,32,203,0,1,64,10,75,16,85,135,42,278,56,8,64,342
03/07/2007,TLH,FL,ASO,ES,Combined TRACON& Tower with Radar,11,98,53,26,188,0,0,51,7,58,11,98,104,33,246,102,8,110,356
03/08/2007,TLH,FL,ASO,ES,Combined TRACON& Tower with Radar,12,91,76,7,186,0,0,79,1,80,12,91,155,8,266,32,0,32,298
03/09/2007,TLH,FL,ASO,ES,Combined TRACON& Tower with Radar,18,89,86,39,232,0,1,36,4,41,18,90,122,43,273,32,24,56,329
03/10/2007,TLH,FL,ASO,ES,Combined TRACON& Tower with Radar,11,38,23,1,73,0,5,44,0,49,11,43,67,1,122,12,0,12,134
03/11/2007,TLH,FL,ASO,ES,Combined TRACON& Tower with Radar,13,59,59,36,167,0,14,48,11,73,13,73,107,47,240,6,6,12,252
03/12/2007,TLH,FL,ASO,ES,Combined TRACON& Tower with Radar,15,90,82,68,255,0,2,43,3,48,15,92,125,71,303,38,18,56,359
03/13/2007,TLH,FL,ASO,ES,Combined TRACON& Tower with Radar,12,94,82,22,210,0,1,61,5,67,12,95,143,27,277,70,14,84,361
03/14/2007,TLH,FL,ASO,ES,Combined TRACON& Tower with Radar,10,106,94,41,251,0,1,61,6,68,10,107,155,47,319,64,0,64,383
03/15/2007,TLH,FL,ASO,ES,Combined TRACON& Tower with Radar,14,94,69,13,190,0,1,23,5,29,14,95,92,18,219,14,12,26,245
03/16/2007,TLH,FL,ASO,ES,Combined TRACON& Tower with Radar,18,89,58,90,255,0,3,12,8,23,18,92,70,98,278,20,4,24,302
03/17/2007,TLH,FL,ASO,ES,Combined TRACON& Tower with Radar,8,44,27,7,86,0,2,66,0,68,8,46,93,7,154,6,0,6,160
03/18/2007,TLH,FL,ASO,ES,Combined TRACON& Tower with Radar,13,55,43,25,136,0,4,100,16,120,13,59,143,41,256,54,2,56,312
03/19/2007,TLH,FL,ASO,ES,Combined TRACON& Tower with Radar,21,71,56,26,174,0,3,68,8,79,21,74,124,34,253,50,10,60,313
03/20/2007,TLH,FL,ASO,ES,Combined TRACON& Tower with Radar,11,96,77,34,218,0,13,66,6,85,11,109,143,40,303,92,10,102,405
03/21/2007,TLH,FL,ASO,ES,Combined TRACON& Tower with Radar,9,116,79,32,236,0,2,68,5,75,9,118,147,37,311,44,42,86,397
03/22/2007,TLH,FL,ASO,ES,Combined TRACON& Tower with Radar,10,93,99,30,232,0,4,45,2,51,10,97,144,32,283,72,30,102,385
03/23/2007,TLH,FL,ASO,ES,Combined TRACON& Tower with Radar,12,90,82,50,234,0,1,68,13,82,12,91,150,63,316,30,6,36,352
03/24/2007,TLH,FL,ASO,ES,Combined TRACON& Tower with Radar,18,44,39,10,111,0,2,45,4,51,18,46,84,14,162,34,4,38,200
03/25/2007,TLH,FL,ASO,ES,Combined TRACON& Tower with Radar,17,52,31,33,133,0,17,54,15,86,17,69,85,48,219,26,24,50,269
03/26/2007,TLH,FL,ASO,ES,Combined TRACON& Tower with Radar,12,89,89,12,202,0,4,49,6,59,12,93,138,18,261,30,0,30,291
03/27/2007,TLH,FL,ASO,ES,Combined TRACON& Tower with Radar,12,86,115,50,263,0,6,48,5,59,12,92,163,55,322,46,0,46,368
03/28/2007,TLH,FL,ASO,ES,Combined TRACON& Tower with Radar,10,95,79,31,215,0,2,70,3,75,10,97,149,34,290,40,14,54,344
03/29/2007,TLH,FL,ASO,ES,Combined TRACON& Tower with Radar,8,95,75,46,224,0,1,61,5,67,8,96,136,51,291,44,4,48,339
03/30/2007,TLH,FL,ASO,ES,Combined TRACON& Tower with Radar,20,81,83,75,259,0,3,34,10,47,20,84,117,85,306,46,12,58,364
03/31/2007,TLH,FL,ASO,ES,Combined TRACON& Tower with Radar,15,40,42,19,116,0,0,36,4,40,15,40,78,23,156,8,0,8,164
04/01/2007,TLH,FL,ASO,ES,Combined TRACON& Tower with Radar,10,57,38,48,153,0,0,45,9,54,10,57,83,57,207,30,19,49,256
04/02/2007,TLH,FL,ASO,ES,Combined TRACON& Tower with Radar,16,83,40,24,163,0,5,37,10,52,16,88,77,34,215,38,6,44,259
04/03/2007,TLH,FL,ASO,ES,Combined TRACON& Tower with Radar,10,81,66,27,184,0,1,41,0,42,10,82,107,27,226,80,20,100,326
04/04/2007,TLH,FL,ASO,ES,Combined TRACON& Tower with Radar,8,97,75,23,203,0,5,21,6,32,8,102,96,29,235,56,0,56,291
04/05/2007,TLH,FL,ASO,ES,Combined TRACON& Tower with Radar,10,84,69,26,189,0,4,59,2,65,10,88,128,28,254,50,24,74,328
04/06/2007,TLH,FL,ASO,ES,Combined TRACON& Tower with Radar,8,94,62,31,195,0,5,66,4,75,8,99,128,35,270,26,6,32,302
04/07/2007,TLH,FL,ASO,ES,Combined TRACON& Tower with Radar,9,48,35,14,106,0,3,52,0,55,9,51,87,14,161,52,12,64,225
04/08/2007,TLH,FL,ASO,ES,Combined TRACON& Tower with Radar,16,53,25,11,105,0,3,27,1,31,16,56,52,12,136,10,0,10,146
04/09/2007,TLH,FL,ASO,ES,Combined TRACON& Tower with Radar,13,82,86,13,194,0,0,40,4,44,13,82,126,17,238,0,0,0,238
04/10/2007,TLH,FL,ASO,ES,Combined TRACON& Tower with Radar,14,84,77,48,223,0,5,0,0,5,14,89,77,48,228,26,44,70,298
04/11/2007,TLH,FL,ASO,ES,Combined TRACON& Tower with Radar,8,95,74,5,182,0,0,12,1,13,8,95,86,6,195,30,0,30,225
04/12/2007,TLH,FL,ASO,ES,Combined TRACON& Tower with Radar,12,88,94,13,207,0,8,57,6,71,12,96,151,19,278,50,0,50,328
04/13/2007,TLH,FL,ASO,ES,Combined TRACON& Tower with Radar,13,87,77,41,218,0,1,83,8,92,13,88,160,49,310,66,16,82,392
04/14/2007,TLH,FL,ASO,ES,Combined TRACON& Tower with Radar,8,45,32,7,92,0,0,36,0,36,8,45,68,7,128,0,0,0,128
04/15/2007,TLH,FL,ASO,ES,Combined TRACON& Tower with Radar,18,49,40,12,119,0,4,13,1,18,18,53,53,13,137,0,0,0,137
04/16/2007,TLH,FL,ASO,ES,Combined TRACON& Tower with Radar,15,76,88,18,197,0,8,65,9,82,15,84,153,27,279,40,5,45,324
04/17/2007,TLH,FL,ASO,ES,Combined TRACON& Tower with Radar,13,86,124,14,237,0,7,90,9,106,13,93,214,23,343,58,12,70,413
04/18/2007,TLH,FL,ASO,ES,Combined TRACON& Tower with Radar,15,90,119,5,229,0,7,63,7,77,15,97,182,12,306,10,8,18,324
04/19/2007,TLH,FL,ASO,ES,Combined TRACON& Tower with Radar,11,92,109,19,231,0,2,76,7,85,11,94,185,26,316,50,8,58,374
04/20/2007,TLH,FL,ASO,ES,Combined TRACON& Tower with Radar,14,93,73,45,225,0,2,83,6,91,14,95,156,51,316,38,0,38,354
04/21/2007,TLH,FL,ASO,ES,Combined TRACON& Tower with Radar,13,35,57,7,112,0,4,45,4,53,13,39,102,11,165,44,0,44,209
04/22/2007,TLH,FL,ASO,ES,Combined TRACON& Tower with Radar,12,62,54,11,139,0,7,92,12,111,12,69,146,23,250,12,8,20,270
04/23/2007,TLH,FL,ASO,ES,Combined TRACON& Tower with Radar,13,90,77,5,185,0,9,59,10,78,13,99,136,15,263,18,0,18,281
04/24/2007,TLH,FL,ASO,ES,Combined TRACON& Tower with Radar,14,80,99,53,246,0,7,70,10,87,14,87,169,63,333,80,18,98,431
04/25/2007,TLH,FL,ASO,ES,Combined TRACON& Tower with Radar,10,87,69,53,219,0,5,51,4,60,10,92,120,57,279,62,4,66,345
04/26/2007,TLH,FL,ASO,ES,Combined TRACON& Tower with Radar,12,85,60,5,162,0,4,26,0,30,12,89,86,5,192,32,2,34,226
04/27/2007,TLH,FL,ASO,ES,Combined TRACON& Tower with Radar,17,85,99,26,227,0,4,65,1,70,17,89,164,27,297,30,4,34,331
04/28/2007,TLH,FL,ASO,ES,Combined TRACON& Tower with Radar,10,35,48,8,101,0,0,51,3,54,10,35,99,11,155,16,0,16,171
04/29/2007,TLH,FL,ASO,ES,Combined TRACON& Tower with Radar,11,54,40,13,118,0,10,62,2,74,11,64,102,15,192,18,24,42,234
04/30/2007,TLH,FL,ASO,ES,Combined TRACON& Tower with Radar,15,77,63,23,178,0,17,60,4,81,15,94,123,27,259,72,8,80,339
05/01/2007,TLH,FL,ASO,ES,Combined TRACON& Tower with Radar,12,85,92,13,202,0,7,62,8,77,12,92,154,21,279,92,0,92,371
05/02/2007,TLH,FL,ASO,ES,Combined TRACON& Tower with Radar,19,98,57,35,209,0,8,65,8,81,19,106,122,43,290,72,20,92,382
05/03/2007,TLH,FL,ASO,ES,Combined TRACON& Tower with Radar,12,90,57,30,189,0,2,51,3,56,12,92,108,33,245,54,0,54,299
05/04/2007,TLH,FL,ASO,ES,Combined TRACON& Tower with Radar,9,98,62,27,196,0,1,41,7,49,9,99,103,34,245,18,12,30,275
05/05/2007,TLH,FL,ASO,ES,Combined TRACON& Tower with Radar,9,33,22,0,64,0,2,51,2,55,9,35,73,2,119,36,0,36,155
05/06/2007,TLH,FL,ASO,ES,Combined TRACON& Tower with Radar,8,45,27,7,87,0,0,28,5,33,8,45,55,12,120,34,6,40,160
05/07/2007,TLH,FL,ASO,ES,Combined TRACON& Tower with Radar,17,84,50,16,167,0,7,67,8,82,17,91,117,24,249,20,0,20,269
05/08/2007,TLH,FL,ASO,ES,Combined TRACON& Tower with Radar,17,80,46,44,187,0,7,52,14,73,17,87,98,58,260,22,18,40,300
05/09/2007,TLH,FL,ASO,ES,Combined TRACON& Tower with Radar,13,84,61,18,176,0,6,35,0,41,13,90,96,18,217,0,0,0,217
05/10/2007,TLH,FL,ASO,ES,Combined TRACON& Tower with Radar,13,85,60,59,217,0,7,45,1,53,13,92,105,60,270,26,0,26,296
05/11/2007,TLH,FL,ASO,ES,Combined TRACON& Tower with Radar,16,83,72,28,199,0,1,25,4,30,16,84,97,32,229,20,0,20,249
05/12/2007,TLH,FL,ASO,ES,Combined TRACON& Tower with Radar,11,29,36,10,86,0,5,38,0,43,11,34,74,10,129,4,0,4,133
05/13/2007,TLH,FL,ASO,ES,Combined TRACON& Tower with Radar,13,58,44,13,128,0,2,20,0,22,13,60,64,13,150,32,2,34,184
05/14/2007,TLH,FL,ASO,ES,Combined TRACON& Tower with Radar,14,79,84,19,196,0,3,19,6,28,14,82,103,25,224,28,0,28,252
05/15/2007,TLH,FL,ASO,ES,Combined TRACON& Tower with Radar,14,90,82,21,207,0,3,42,5,50,14,93,124,26,257,24,0,24,281
05/16/2007,TLH,FL,ASO,ES,Combined TRACON& Tower with Radar,14,89,77,24,204,0,8,55,4,67,14,97,132,28,271,36,18,54,325
05/17/2007,TLH,FL,ASO,ES,Combined TRACON& Tower with Radar,12,91,61,10,174,0,2,34,3,39,12,93,95,13,213,26,16,42,255
05/18/2007,TLH,FL,ASO,ES,Combined TRACON& Tower with Radar,22,82,67,30,201,0,2,81,2,85,22,84,148,32,286,30,4,34,320
05/19/2007,TLH,FL,ASO,ES,Combined TRACON& Tower with Radar,8,36,33,18,95,0,7,66,1,74,8,43,99,19,169,177,16,193,362
05/20/2007,TLH,FL,ASO,ES,Combined TRACON& Tower with Radar,14,49,18,27,108,0,3,294,5,302,14,52,312,32,410,138,6,144,554
05/21/2007,TLH,FL,ASO,ES,Combined TRACON& Tower with Radar,12,77,72,4,165,0,4,65,6,75,12,81,137,10,240,32,0,32,272
05/22/2007,TLH,FL,ASO,ES,Combined TRACON& Tower with Radar,15,89,50,20,174,0,3,57,9,69,15,92,107,29,243,38,12,50,293
05/23/2007,TLH,FL,ASO,ES,Combined TRACON& Tower with Radar,11,91,73,17,192,0,2,54,5,61,11,93,127,22,253,0,0,0,253
05/24/2007,TLH,FL,ASO,ES,Combined TRACON& Tower with Radar,10,88,72,31,201,0,1,27,5,33,10,89,99,36,234,0,18,18,252
05/25/2007,TLH,FL,ASO,ES,Combined TRACON& Tower with Radar,15,88,55,9,167,0,0,30,4,34,15,88,85,13,201,8,0,8,209
05/26/2007,TLH,FL,ASO,ES,Combined TRACON& Tower with Radar,14,33,29,1,77,0,0,35,0,35,14,33,64,1,112,28,0,28,140
05/27/2007,TLH,FL,ASO,ES,Combined TRACON& Tower with Radar,10,39,33,8,90,0,7,41,4,52,10,46,74,12,142,24,4,28,170
05/28/2007,TLH,FL,ASO,ES,Combined TRACON& Tower with Radar,16,59,29,2,106,0,2,50,0,52,16,61,79,2,158,6,0,6,164
05/29/2007,TLH,FL,ASO,ES,Combined TRACON& Tower with Radar,14,79,69,56,218,0,11,40,11,62,14,90,109,67,280,6,12,18,298
05/30/2007,TLH,FL,ASO,ES,Combined TRACON& Tower with Radar,12,96,53,13,174,0,6,39,4,49,12,102,92,17,223,48,16,64,287
05/31/2007,TLH,FL,ASO,ES,Combined TRACON& Tower with Radar,11,87,44,34,176,0,9,30,7,46,11,96,74,41,222,48,14,62,284
06/01/2007,TLH,FL,ASO,ES,Combined TRACON& Tower with Radar,6,95,56,27,184,0,1,44,1,46,6,96,100,28,230,18,8,26,256
06/02/2007,TLH,FL,ASO,ES,Combined TRACON& Tower with Radar,12,28,24,0,64,0,0,4,0,4,12,28,28,0,68,0,0,0,68
06/03/2007,TLH,FL,ASO,ES,Combined TRACON& Tower with Radar,17,56,43,2,118,0,11,52,5,68,17,67,95,7,186,16,0,16,202
06/04/2007,TLH,FL,ASO,ES,Combined TRACON& Tower with Radar,13,79,46,9,147,0,9,24,0,33,13,88,70,9,180,24,4,28,208
06/05/2007,TLH,FL,ASO,ES,Combined TRACON& Tower with Radar,12,81,35,5,133,0,0,12,2,14,12,81,47,7,147,34,0,34,181
06/06/2007,TLH,FL,ASO,ES,Combined TRACON& Tower with Radar,12,92,44,16,164,0,6,41,8,55,12,98,85,24,219,66,0,66,285
06/07/2007,TLH,FL,ASO,ES,Combined TRACON& Tower with Radar,13,96,40,12,161,0,5,66,5,76,13,101,106,17,237,84,0,84,321
06/08/2007,TLH,FL,ASO,ES,Combined TRACON& Tower with Radar,14,83,24,26,147,0,5,34,3,42,14,88,58,29,189,74,14,88,277
06/09/2007,TLH,FL,ASO,ES,Combined TRACON& Tower with Radar,10,56,43,9,118,0,2,80,0,82,10,58,123,9,200,78,14,92,292
06/10/2007,TLH,FL,ASO,ES,Combined TRACON& Tower with Radar,4,65,28,21,118,0,3,59,1,63,4,68,87,22,181,28,0,28,209
06/11/2007,TLH,FL,ASO,ES,Combined TRACON& Tower with Radar,15,83,49,13,160,0,0,57,11,68,15,83,106,24,228,16,4,20,248
06/12/2007,TLH,FL,ASO,ES,Combined TRACON& Tower with Radar,13,90,59,3,165,0,8,28,8,44,13,98,87,11,209,14,2,16,225
06/13/2007,TLH,FL,ASO,ES,Combined TRACON& Tower with Radar,6,92,95,14,207,0,3,49,1,53,6,95,144,15,260,32,0,32,292
06/14/2007,TLH,FL,ASO,ES,Combined TRACON& Tower with Radar,7,88,58,2,155,0,1,47,1,49,7,89,105,3,204,68,0,68,272
06/15/2007,TLH,FL,ASO,ES,Combined TRACON& Tower with Radar,16,86,78,19,199,0,0,64,0,64,16,86,142,19,263,28,0,28,291
06/16/2007,TLH,FL,ASO,ES,Combined TRACON& Tower with Radar,13,41,35,11,100,0,3,59,4,66,13,44,94,15,166,78,0,78,244
06/17/2007,TLH,FL,ASO,ES,Combined TRACON& Tower with Radar,6,70,33,11,120,0,2,53,5,60,6,72,86,16,180,46,0,46,226
06/18/2007,TLH,FL,ASO,ES,Combined TRACON& Tower with Radar,8,89,83,7,187,0,2,35,1,38,8,91,118,8,225,36,0,36,261
06/19/2007,TLH,FL,ASO,ES,Combined TRACON& Tower with Radar,16,79,36,12,143,0,11,24,2,37,16,90,60,14,180,86,0,86,266
06/20/2007,TLH,FL,ASO,ES,Combined TRACON& Tower with Radar,13,94,66,4,177,0,22,25,3,50,13,116,91,7,227,14,14,28,255
06/21/2007,TLH,FL,ASO,ES,Combined TRACON& Tower with Radar,13,80,67,16,176,0,5,65,2,72,13,85,132,18,248,58,54,112,360
06/22/2007,TLH,FL,ASO,ES,Combined TRACON& Tower with Radar,16,80,73,25,194,0,6,42,2,50,16,86,115,27,244,28,8,36,280
06/23/2007,TLH,FL,ASO,ES,Combined TRACON& Tower with Radar,10,49,21,1,81,0,0,58,1,59,10,49,79,2,140,62,0,62,202
06/24/2007,TLH,FL,ASO,ES,Combined TRACON& Tower with Radar,5,62,25,29,121,0,2,31,6,39,5,64,56,35,160,4,0,4,164
06/25/2007,TLH,FL,ASO,ES,Combined TRACON& Tower with Radar,15,73,42,22,152,0,16,36,1,53,15,89,78,23,205,32,0,32,237
06/26/2007,TLH,FL,ASO,ES,Combined TRACON& Tower with Radar,15,80,60,22,177,0,4,76,6,86,15,84,136,28,263,26,0,26,289
06/27/2007,TLH,FL,ASO,ES,Combined TRACON& Tower with Radar,5,96,70,15,186,0,15,70,6,91,5,111,140,21,277,48,6,54,331
06/28/2007,TLH,FL,ASO,ES,Combined TRACON& Tower with Radar,9,96,64,4,173,0,5,47,2,54,9,101,111,6,227,36,2,38,265
06/29/2007,TLH,FL,ASO,ES,Combined TRACON& Tower with Radar,13,93,67,12,185,0,2,62,4,68,13,95,129,16,253,18,0,18,271
06/30/2007,TLH,FL,ASO,ES,Combined TRACON& Tower with Radar,14,40,25,0,79,0,3,38,3,44,14,43,63,3,123,24,0,24,147
07/01/2007,TLH,FL,ASO,ES,Combined TRACON& Tower with Radar,8,46,21,4,79,0,12,40,0,52,8,58,61,4,131,16,0,16,147
07/02/2007,TLH,FL,ASO,ES,Combined TRACON& Tower with Radar,10,73,47,55,185,0,1,27,2,30,10,74,74,57,215,28,8,36,251
07/03/2007,TLH,FL,ASO,ES,Combined TRACON& Tower with Radar,12,72,44,24,152,0,4,11,2,17,12,76,55,26,169,4,0,4,173
07/04/2007,TLH,FL,ASO,ES,Combined TRACON& Tower with Radar,4,48,23,3,78,0,1,24,0,25,4,49,47,3,103,0,0,0,103
07/05/2007,TLH,FL,ASO,ES,Combined TRACON& Tower with Radar,8,73,40,19,140,0,2,40,4,46,8,75,80,23,186,12,12,24,210
07/06/2007,TLH,FL,ASO,ES,Combined TRACON& Tower with Radar,6,70,36,49,161,0,0,47,4,51,6,70,83,53,212,4,26,30,242
07/07/2007,TLH,FL,ASO,ES,Combined TRACON& Tower with Radar,8,43,31,2,84,0,0,32,0,32,8,43,63,2,116,2,0,2,118
07/08/2007,TLH,FL,ASO,ES,Combined TRACON& Tower with Radar,6,54,44,22,126,0,6,28,1,35,6,60,72,23,161,32,2,34,195
07/09/2007,TLH,FL,ASO,ES,Combined TRACON& Tower with Radar,11,78,47,14,150,0,7,23,8,38,11,85,70,22,188,28,2,30,218
07/10/2007,TLH,FL,ASO,ES,Combined TRACON& Tower with Radar,6,91,55,25,177,0,0,20,2,22,6,91,75,27,199,18,0,18,217
07/11/2007,TLH,FL,ASO,ES,Combined TRACON& Tower with Radar,5,99,49,4,157,0,1,11,1,13,5,100,60,5,170,46,0,46,216
07/12/2007,TLH,FL,ASO,ES,Combined TRACON& Tower with Radar,15,88,49,22,174,0,3,38,0,41,15,91,87,22,215,30,6,36,251
07/13/2007,TLH,FL,ASO,ES,Combined TRACON& Tower with Radar,16,82,44,6,148,0,0,32,4,36,16,82,76,10,184,6,0,6,190
07/14/2007,TLH,FL,ASO,ES,Combined TRACON& Tower with Radar,8,42,23,3,76,0,0,40,0,40,8,42,63,3,116,4,0,4,120
07/15/2007,TLH,FL,ASO,ES,Combined TRACON& Tower with Radar,6,63,26,2,97,0,8,57,3,68,6,71,83,5,165,62,6,68,233
07/16/2007,TLH,FL,ASO,ES,Combined TRACON& Tower with Radar,7,92,49,7,155,0,2,34,4,40,7,94,83,11,195,52,0,52,247
07/17/2007,TLH,FL,ASO,ES,Combined TRACON& Tower with Radar,19,81,41,6,147,0,5,36,3,44,19,86,77,9,191,44,6,50,241
07/18/2007,TLH,FL,ASO,ES,Combined TRACON& Tower with Radar,5,88,70,15,178,0,7,52,6,65,5,95,122,21,243,8,10,18,261
07/19/2007,TLH,FL,ASO,ES,Combined TRACON& Tower with Radar,13,92,56,70,231,0,8,48,4,60,13,100,104,74,291,40,18,58,349
07/20/2007,TLH,FL,ASO,ES,Combined TRACON& Tower with Radar,13,77,51,9,150,0,0,51,9,60,13,77,102,18,210,0,0,0,210
07/21/2007,TLH,FL,ASO,ES,Combined TRACON& Tower with Radar,14,35,39,0,88,0,0,36,0,36,14,35,75,0,124,68,8,76,200
07/22/2007,TLH,FL,ASO,ES,Combined TRACON& Tower with Radar,10,56,21,2,89,0,0,33,6,39,10,56,54,8,128,58,0,58,186
07/23/2007,TLH,FL,ASO,ES,Combined TRACON& Tower with Radar,17,79,51,13,160,0,9,42,4,55,17,88,93,17,215,54,0,54,269
07/24/2007,TLH,FL,ASO,ES,Combined TRACON& Tower with Radar,11,84,49,6,150,0,1,14,1,16,11,85,63,7,166,30,12,42,208
07/25/2007,TLH,FL,ASO,ES,Combined TRACON& Tower with Radar,9,98,70,13,190,0,7,23,1,31,9,105,93,14,221,38,2,40,261
07/26/2007,TLH,FL,ASO,ES,Combined TRACON& Tower with Radar,14,89,65,14,182,0,7,16,0,23,14,96,81,14,205,22,0,22,227
07/27/2007,TLH,FL,ASO,ES,Combined TRACON& Tower with Radar,16,89,50,17,172,0,9,26,9,44,16,98,76,26,216,40,0,40,256
07/28/2007,TLH,FL,ASO,ES,Combined TRACON& Tower with Radar,14,39,35,12,100,0,1,44,1,46,14,40,79,13,146,48,0,48,194
07/29/2007,TLH,FL,ASO,ES,Combined TRACON& Tower with Radar,8,60,29,22,119,0,0,37,1,38,8,60,66,23,157,34,0,34,191
07/30/2007,TLH,FL,ASO,ES,Combined TRACON& Tower with Radar,16,77,44,7,144,0,1,23,1,25,16,78,67,8,169,0,0,0,169
07/31/2007,TLH,FL,ASO,ES,Combined TRACON& Tower with Radar,8,93,50,11,162,0,4,24,4,32,8,97,74,15,194,32,0,32,226
08/01/2007,TLH,FL,ASO,ES,Combined TRACON& Tower with Radar,9,86,50,15,160,0,1,33,2,36,9,87,83,17,196,28,0,28,224
08/02/2007,TLH,FL,ASO,ES,Combined TRACON& Tower with Radar,5,96,62,16,179,0,0,18,0,18,5,96,80,16,197,36,0,36,233
08/03/2007,TLH,FL,ASO,ES,Combined TRACON& Tower with Radar,7,118,8,10,143,0,0,0,4,4,7,118,8,14,147,10,0,10,157
08/04/2007,TLH,FL,ASO,ES,Combined TRACON& Tower with Radar,12,33,39,4,88,0,0,25,2,27,12,33,64,6,115,64,0,64,179
08/05/2007,TLH,FL,ASO,ES,Combined TRACON& Tower with Radar,8,60,60,11,139,0,4,33,13,50,8,64,93,24,189,58,30,88,277
08/06/2007,TLH,FL,ASO,ES,Combined TRACON& Tower with Radar,12,87,44,13,156,0,15,24,0,39,12,102,68,13,195,12,0,12,207
08/07/2007,TLH,FL,ASO,ES,Combined TRACON& Tower with Radar,6,101,36,2,145,0,3,41,0,44,6,104,77,2,189,24,8,32,221
08/08/2007,TLH,FL,ASO,ES,Combined TRACON& Tower with Radar,7,101,54,14,176,0,11,34,1,46,7,112,88,15,222,24,0,24,246
08/09/2007,TLH,FL,ASO,ES,Combined TRACON& Tower with Radar,8,89,59,17,173,0,2,34,1,37,8,91,93,18,210,20,0,20,230
08/10/2007,TLH,FL,ASO,ES,Combined TRACON& Tower with Radar,8,84,55,17,164,0,0,25,0,25,8,84,80,17,189,0,4,4,193
08/11/2007,TLH,FL,ASO,ES,Combined TRACON& Tower with Radar,13,45,42,0,100,0,0,26,0,26,13,45,68,0,126,18,0,18,144
08/12/2007,TLH,FL,ASO,ES,Combined TRACON& Tower with Radar,10,55,34,0,99,0,0,28,2,30,10,55,62,2,129,54,0,54,183
08/13/2007,TLH,FL,ASO,ES,Combined TRACON& Tower with Radar,7,93,60,34,194,0,5,51,2,58,7,98,111,36,252,6,9,15,267
08/14/2007,TLH,FL,ASO,ES,Combined TRACON& Tower with Radar,13,86,56,14,169,0,1,45,2,48,13,87,101,16,217,32,0,32,249
08/15/2007,TLH,FL,ASO,ES,Combined TRACON& Tower with Radar,10,87,54,13,164,0,2,32,4,38,10,89,86,17,202,64,0,64,266
08/16/2007,TLH,FL,ASO,ES,Combined TRACON& Tower with Radar,3,96,46,19,164,0,2,51,2,55,3,98,97,21,219,30,0,30,249
08/17/2007,TLH,FL,ASO,ES,Combined TRACON& Tower with Radar,9,90,65,29,193,0,2,50,0,52,9,92,115,29,245,60,8,68,313
08/18/2007,TLH,FL,ASO,ES,Combined TRACON& Tower with Radar,11,33,35,0,79,0,0,40,0,40,11,33,75,0,119,16,0,16,135
08/19/2007,TLH,FL,ASO,ES,Combined TRACON& Tower with Radar,3,59,39,14,115,0,0,41,2,43,3,59,80,16,158,48,0,48,206
08/20/2007,TLH,FL,ASO,ES,Combined TRACON& Tower with Radar,8,85,45,36,174,0,6,37,7,50,8,91,82,43,224,50,0,50,274
08/21/2007,TLH,FL,ASO,ES,Combined TRACON& Tower with Radar,11,76,66,34,187,0,5,65,5,75,11,81,131,39,262,68,4,72,334
08/22/2007,TLH,FL,ASO,ES,Combined TRACON& Tower with Radar,9,88,56,14,167,0,0,39,4,43,9,88,95,18,210,64,0,64,274
08/23/2007,TLH,FL,ASO,ES,Combined TRACON& Tower with Radar,12,84,57,18,171,0,2,37,3,42,12,86,94,21,213,4,0,4,217
08/24/2007,TLH,FL,ASO,ES,Combined TRACON& Tower with Radar,12,88,68,22,190,0,0,28,5,33,12,88,96,27,223,14,2,16,239
08/25/2007,TLH,FL,ASO,ES,Combined TRACON& Tower with Radar,10,31,24,2,67,0,4,23,0,27,10,35,47,2,94,56,8,64,158
08/26/2007,TLH,FL,ASO,ES,Combined TRACON& Tower with Radar,9,52,31,31,123,0,2,25,8,35,9,54,56,39,158,38,16,54,212
08/27/2007,TLH,FL,ASO,ES,Combined TRACON& Tower with Radar,16,79,59,14,168,0,5,14,0,19,16,84,73,14,187,78,0,78,265
08/28/2007,TLH,FL,ASO,ES,Combined TRACON& Tower with Radar,11,86,54,3,154,0,5,42,2,49,11,91,96,5,203,32,0,32,235
08/29/2007,TLH,FL,ASO,ES,Combined TRACON& Tower with Radar,10,89,74,54,227,0,1,46,15,62,10,90,120,69,289,114,12,126,415
08/30/2007,TLH,FL,ASO,ES,Combined TRACON& Tower with Radar,8,83,59,1,151,0,0,42,0,42,8,83,101,1,193,60,0,60,253
08/31/2007,TLH,FL,ASO,ES,Combined TRACON& Tower with Radar,22,78,72,3,175,0,2,36,3,41,22,80,108,6,216,14,10,24,240
09/01/2007,TLH,FL,ASO,ES,Combined TRACON& Tower with Radar,8,30,17,3,58,0,0,21,1,22,8,30,38,4,80,44,6,50,130
09/02/2007,TLH,FL,ASO,ES,Combined TRACON& Tower with Radar,12,38,25,0,75,0,0,19,0,19,12,38,44,0,94,60,0,60,154
09/03/2007,TLH,FL,ASO,ES,Combined TRACON& Tower with Radar,17,36,46,0,99,0,5,44,0,49,17,41,90,0,148,68,0,68,216
09/04/2007,TLH,FL,ASO,ES,Combined TRACON& Tower with Radar,14,78,52,29,173,0,8,56,1,65,14,86,108,30,238,43,8,51,289
09/05/2007,TLH,FL,ASO,ES,Combined TRACON& Tower with Radar,9,104,45,23,181,0,1,49,3,53,9,105,94,26,234,114,0,114,348
09/06/2007,TLH,FL,ASO,ES,Combined TRACON& Tower with Radar,8,102,53,42,205,0,1,43,1,45,8,103,96,43,250,26,0,26,276
09/07/2007,TLH,FL,ASO,ES,Combined TRACON& Tower with Radar,7,96,74,31,208,0,2,47,5,54,7,98,121,36,262,48,0,48,310
09/08/2007,TLH,FL,ASO,ES,Combined TRACON& Tower with Radar,8,40,59,29,136,0,1,71,3,75,8,41,130,32,211,32,20,52,263
09/09/2007,TLH,FL,ASO,ES,Combined TRACON& Tower with Radar,14,48,48,24,134,0,6,52,8,66,14,54,100,32,200,24,12,36,236
09/10/2007,TLH,FL,ASO,ES,Combined TRACON& Tower with Radar,12,84,48,7,151,0,0,43,1,44,12,84,91,8,195,16,0,16,211
09/11/2007,TLH,FL,ASO,ES,Combined TRACON& Tower with Radar,13,87,49,14,163,0,4,11,1,16,13,91,60,15,179,42,0,42,221
09/12/2007,TLH,FL,ASO,ES,Combined TRACON& Tower with Radar,9,93,42,6,150,0,0,29,0,29,9,93,71,6,179,4,0,4,183
09/13/2007,TLH,FL,ASO,ES,Combined TRACON& Tower with Radar,10,80,56,11,157,0,6,34,0,40,10,86,90,11,197,10,0,10,207
09/14/2007,TLH,FL,ASO,ES,Combined TRACON& Tower with Radar,11,97,41,4,153,0,0,22,0,22,11,97,63,4,175,40,0,40,215
09/15/2007,TLH,FL,ASO,ES,Combined TRACON& Tower with Radar,11,33,22,1,67,0,0,37,0,37,11,33,59,1,104,24,0,24,128
09/16/2007,TLH,FL,ASO,ES,Combined TRACON& Tower with Radar,14,47,44,1,106,0,5,64,3,72,14,52,108,4,178,18,0,18,196
09/17/2007,TLH,FL,ASO,ES,Combined TRACON& Tower with Radar,10,84,64,7,165,0,2,33,5,40,10,86,97,12,205,42,20,62,267
09/18/2007,TLH,FL,ASO,ES,Combined TRACON& Tower with Radar,18,85,69,38,210,0,9,33,4,46,18,94,102,42,256,74,16,90,346
09/19/2007,TLH,FL,ASO,ES,Combined TRACON& Tower with Radar,12,94,69,17,192,0,3,38,4,45,12,97,107,21,237,49,20,69,306
09/20/2007,TLH,FL,ASO,ES,Combined TRACON& Tower with Radar,17,83,63,14,177,0,5,8,0,13,17,88,71,14,190,0,4,4,194
09/21/2007,TLH,FL,ASO,ES,Combined TRACON& Tower with Radar,9,94,38,0,141,0,0,3,0,3,9,94,41,0,144,0,0,0,144
09/22/2007,TLH,FL,ASO,ES,Combined TRACON& Tower with Radar,6,35,13,0,54,0,1,17,1,19,6,36,30,1,73,27,0,27,100
09/23/2007,TLH,FL,ASO,ES,Combined TRACON& Tower with Radar,15,42,41,12,110,0,11,41,1,53,15,53,82,13,163,54,0,54,217
09/24/2007,TLH,FL,ASO,ES,Combined TRACON& Tower with Radar,12,85,70,30,197,0,6,34,2,42,12,91,104,32,239,12,0,12,251
09/25/2007,TLH,FL,ASO,ES,Combined TRACON& Tower with Radar,14,88,44,28,174,0,5,49,5,59,14,93,93,33,233,32,30,62,295
09/26/2007,TLH,FL,ASO,ES,Combined TRACON& Tower with Radar,10,79,62,30,181,0,0,31,0,31,10,79,93,30,212,65,6,71,283
09/27/2007,TLH,FL,ASO,ES,Combined TRACON& Tower with Radar,15,107,87,4,213,0,8,39,1,48,15,115,126,5,261,10,0,10,271
09/28/2007,TLH,FL,ASO,ES,Combined TRACON& Tower with Radar,9,98,66,13,186,0,1,48,0,49,9,99,114,13,235,38,0,38,273
09/29/2007,TLH,FL,ASO,ES,Combined TRACON& Tower with Radar,5,35,26,0,66,0,1,55,0,56,5,36,81,0,122,6,0,6,128
09/30/2007,TLH,FL,ASO,ES,Combined TRACON& Tower with Radar,16,40,32,1,89,0,10,39,2,51,16,50,71,3,140,30,0,30,170
10/01/2007,TLH,FL,ASO,ES,Combined TRACON& Tower with Radar,16,74,63,11,164,0,3,40,3,46,16,77,103,14,210,70,8,78,288
10/02/2007,TLH,FL,ASO,ES,Combined TRACON& Tower with Radar,13,103,68,31,215,0,4,29,6,39,13,107,97,37,254,44,34,78,332
10/03/2007,TLH,FL,ASO,ES,Combined TRACON& Tower with Radar,10,105,55,28,198,0,1,15,3,19,10,106,70,31,217,28,4,32,249
10/04/2007,TLH,FL,ASO,ES,Combined TRACON& Tower with Radar,8,95,79,19,201,0,0,11,1,12,8,95,90,20,213,14,0,14,227
10/05/2007,TLH,FL,ASO,ES,Combined TRACON& Tower with Radar,15,88,73,23,199,0,0,25,2,27,15,88,98,25,226,12,0,12,238
10/06/2007,TLH,FL,ASO,ES,Combined TRACON& Tower with Radar,8,48,84,1,141,0,1,20,2,23,8,49,104,3,164,6,0,6,170
10/07/2007,TLH,FL,ASO,ES,Combined TRACON& Tower with Radar,11,57,72,0,140,0,0,23,1,24,11,57,95,1,164,6,0,6,170
10/08/2007,TLH,FL,ASO,ES,Combined TRACON& Tower with Radar,15,66,67,9,157,0,8,25,3,36,15,74,92,12,193,138,2,140,333
10/09/2007,TLH,FL,ASO,ES,Combined TRACON& Tower with Radar,15,75,65,71,226,0,3,52,2,57,15,78,117,73,283,72,26,98,381
10/10/2007,TLH,FL,ASO,ES,Combined TRACON& Tower with Radar,15,96,56,19,186,0,7,53,4,64,15,103,109,23,250,90,0,90,340
10/11/2007,TLH,FL,ASO,ES,Combined TRACON& Tower with Radar,11,97,73,28,209,0,1,64,4,69,11,98,137,32,278,22,6,28,306
10/12/2007,TLH,FL,ASO,ES,Combined TRACON& Tower with Radar,10,91,72,33,206,0,0,45,14,59,10,91,117,47,265,24,18,42,307
10/13/2007,TLH,FL,ASO,ES,Combined TRACON& Tower with Radar,6,38,28,20,92,0,1,61,5,67,6,39,89,25,159,32,22,54,213
10/14/2007,TLH,FL,ASO,ES,Combined TRACON& Tower with Radar,13,45,53,9,120,0,19,59,3,81,13,64,112,12,201,60,4,64,265
10/15/2007,TLH,FL,ASO,ES,Combined TRACON& Tower with Radar,15,84,45,10,154,0,0,44,3,47,15,84,89,13,201,17,4,21,222
10/16/2007,TLH,FL,ASO,ES,Combined TRACON& Tower with Radar,13,86,68,14,181,0,2,18,1,21,13,88,86,15,202,58,0,58,260
10/17/2007,TLH,FL,ASO,ES,Combined TRACON& Tower with Radar,14,86,59,36,195,0,4,39,4,47,14,90,98,40,242,64,10,74,316
10/18/2007,TLH,FL,ASO,ES,Combined TRACON& Tower with Radar,15,99,81,5,200,0,2,7,0,9,15,101,88,5,209,0,0,0,209
10/19/2007,TLH,FL,ASO,ES,Combined TRACON& Tower with Radar,20,88,64,1,173,0,0,6,0,6,20,88,70,1,179,0,0,0,179
10/20/2007,TLH,FL,ASO,ES,Combined TRACON& Tower with Radar,8,44,110,0,162,0,2,64,0,66,8,46,174,0,228,10,0,10,238
10/21/2007,TLH,FL,ASO,ES,Combined TRACON& Tower with Radar,11,57,76,12,156,0,2,39,1,42,11,59,115,13,198,68,0,68,266
10/22/2007,TLH,FL,ASO,ES,Combined TRACON& Tower with Radar,12,44,51,35,142,0,0,0,0,0,12,44,51,35,142,16,44,60,202
10/23/2007,TLH,FL,ASO,ES,Combined TRACON& Tower with Radar,13,85,60,12,170,0,4,12,2,18,13,89,72,14,188,12,0,12,200
10/24/2007,TLH,FL,ASO,ES,Combined TRACON& Tower with Radar,10,102,94,43,249,0,2,10,3,15,10,104,104,46,264,80,16,96,360
10/25/2007,TLH,FL,ASO,ES,Combined TRACON& Tower with Radar,13,85,99,14,211,0,5,40,6,51,13,90,139,20,262,86,4,90,352
10/26/2007,TLH,FL,ASO,ES,Combined TRACON& Tower with Radar,13,95,69,37,214,0,4,49,7,60,13,99,118,44,274,98,32,130,404
10/27/2007,TLH,FL,ASO,ES,Combined TRACON& Tower with Radar,5,50,52,2,109,0,0,61,2,63,5,50,113,4,172,22,0,22,194
10/28/2007,TLH,FL,ASO,ES,Combined TRACON& Tower with Radar,17,46,73,6,142,0,12,49,3,64,17,58,122,9,206,2,8,10,216
10/29/2007,TLH,FL,ASO,ES,Combined TRACON& Tower with Radar,15,78,90,37,220,0,3,34,6,43,15,81,124,43,263,78,38,116,379
10/30/2007,TLH,FL,ASO,ES,Combined TRACON& Tower with Radar,20,79,82,39,220,0,2,38,4,44,20,81,120,43,264,52,40,92,356
10/31/2007,TLH,FL,ASO,ES,Combined TRACON& Tower with Radar,20,75,58,19,172,0,2,21,6,29,20,77,79,25,201,36,0,36,237
11/01/2007,TLH,FL,ASO,ES,Combined TRACON& Tower with Radar,17,97,87,42,243,0,2,22,19,43,17,99,109,61,286,49,22,71,357
11/02/2007,TLH,FL,ASO,ES,Combined TRACON& Tower with Radar,14,82,105,35,236,0,1,50,12,63,14,83,155,47,299,56,12,68,367
11/03/2007,TLH,FL,ASO,ES,Combined TRACON& Tower with Radar,10,53,35,13,111,0,0,47,1,48,10,53,82,14,159,30,4,34,193
11/04/2007,TLH,FL,ASO,ES,Combined TRACON& Tower with Radar,15,45,41,21,122,0,2,56,6,64,15,47,97,27,186,48,0,48,234
11/05/2007,TLH,FL,ASO,ES,Combined TRACON& Tower with Radar,19,75,63,80,237,0,7,46,19,72,19,82,109,99,309,74,16,90,399
11/06/2007,TLH,FL,ASO,ES,Combined TRACON& Tower with Radar,15,84,73,38,210,0,4,41,10,55,15,88,114,48,265,96,10,106,371
11/07/2007,TLH,FL,ASO,ES,Combined TRACON& Tower with Radar,10,90,73,15,188,0,5,48,7,60,10,95,121,22,248,32,0,32,280
11/08/2007,TLH,FL,ASO,ES,Combined TRACON& Tower with Radar,10,101,56,47,214,0,5,53,10,68,10,106,109,57,282,40,22,62,344
11/09/2007,TLH,FL,ASO,ES,Combined TRACON& Tower with Radar,14,97,63,20,194,0,8,64,9,81,14,105,127,29,275,46,12,58,333
11/10/2007,TLH,FL,ASO,ES,Combined TRACON& Tower with Radar,7,45,31,4,87,0,3,54,2,59,7,48,85,6,146,86,0,86,232
11/11/2007,TLH,FL,ASO,ES,Combined TRACON& Tower with Radar,7,64,39,7,117,0,7,53,2,62,7,71,92,9,179,4,0,4,183
11/12/2007,TLH,FL,ASO,ES,Combined TRACON& Tower with Radar,20,69,35,7,131,0,4,59,4,67,20,73,94,11,198,40,0,40,238
11/13/2007,TLH,FL,ASO,ES,Combined TRACON& Tower with Radar,14,80,63,10,167,0,7,43,4,54,14,87,106,14,221,99,100,199,420
11/14/2007,TLH,FL,ASO,ES,Combined TRACON& Tower with Radar,8,98,81,14,201,0,2,45,7,54,8,100,126,21,255,58,18,76,331
11/15/2007,TLH,FL,ASO,ES,Combined TRACON& Tower with Radar,11,96,71,26,204,0,2,26,7,35,11,98,97,33,239,6,0,6,245
11/16/2007,TLH,FL,ASO,ES,Combined TRACON& Tower with Radar,10,91,83,27,211,0,4,90,1,95,10,95,173,28,306,82,10,92,398
11/17/2007,TLH,FL,ASO,ES,Combined TRACON& Tower with Radar,7,48,64,8,127,0,0,95,3,98,7,48,159,11,225,50,0,50,275
11/18/2007,TLH,FL,ASO,ES,Combined TRACON& Tower with Radar,9,57,48,17,131,0,6,64,5,75,9,63,112,22,206,24,8,32,238
11/19/2007,TLH,FL,ASO,ES,Combined TRACON& Tower with Radar,21,74,64,61,220,0,1,43,4,48,21,75,107,65,268,80,10,90,358
11/20/2007,TLH,FL,ASO,ES,Combined TRACON& Tower with Radar,10,97,98,48,253,0,8,67,10,85,10,105,165,58,338,30,22,52,390
11/21/2007,TLH,FL,ASO,ES,Combined TRACON& Tower with Radar,13,97,62,31,203,0,5,42,3,50,13,102,104,34,253,46,38,84,337
11/22/2007,TLH,FL,ASO,ES,Combined TRACON& Tower with Radar,7,40,13,0,60,0,0,6,0,6,7,40,19,0,66,0,0,0,66
11/23/2007,TLH,FL,ASO,ES,Combined TRACON& Tower with Radar,10,63,16,0,89,0,1,49,0,50,10,64,65,0,139,46,0,46,185
11/24/2007,TLH,FL,ASO,ES,Combined TRACON& Tower with Radar,15,44,35,0,94,0,0,38,0,38,15,44,73,0,132,12,0,12,144
11/25/2007,TLH,FL,ASO,ES,Combined TRACON& Tower with Radar,12,60,62,0,134,0,0,10,0,10,12,60,72,0,144,0,0,0,144
11/26/2007,TLH,FL,ASO,ES,Combined TRACON& Tower with Radar,22,83,40,2,147,0,0,5,0,5,22,83,45,2,152,0,0,0,152
11/27/2007,TLH,FL,ASO,ES,Combined TRACON& Tower with Radar,14,90,57,46,207,0,2,45,1,48,14,92,102,47,255,40,12,52,307
11/28/2007,TLH,FL,ASO,ES,Combined TRACON& Tower with Radar,18,78,64,32,192,0,2,31,5,38,18,80,95,37,230,70,8,78,308
11/29/2007,TLH,FL,ASO,ES,Combined TRACON& Tower with Radar,10,93,86,30,219,0,1,14,9,24,10,94,100,39,243,68,6,74,317
11/30/2007,TLH,FL,ASO,ES,Combined TRACON& Tower with Radar,8,85,68,42,203,0,1,38,13,52,8,86,106,55,255,114,20,134,389
12/01/2007,TLH,FL,ASO,ES,Combined TRACON& Tower with Radar,3,48,33,5,89,0,0,69,2,71,3,48,102,7,160,74,4,78,238
12/02/2007,TLH,FL,ASO,ES,Combined TRACON& Tower with Radar,18,36,35,24,113,0,1,31,5,37,18,37,66,29,150,92,10,102,252
12/03/2007,TLH,FL,ASO,ES,Combined TRACON& Tower with Radar,15,76,73,24,188,0,4,23,10,37,15,80,96,34,225,70,0,70,295
12/04/2007,TLH,FL,ASO,ES,Combined TRACON& Tower with Radar,15,87,46,15,163,0,2,70,2,74,15,89,116,17,237,84,0,84,321
12/05/2007,TLH,FL,ASO,ES,Combined TRACON& Tower with Radar,16,90,44,22,172,0,4,60,6,70,16,94,104,28,242,124,8,132,374
12/06/2007,TLH,FL,ASO,ES,Combined TRACON& Tower with Radar,15,78,76,21,190,0,0,49,1,50,15,78,125,22,240,52,2,54,294
12/07/2007,TLH,FL,ASO,ES,Combined TRACON& Tower with Radar,13,95,45,21,174,0,1,28,3,32,13,96,73,24,206,32,32,64,270
12/08/2007,TLH,FL,ASO,ES,Combined TRACON& Tower with Radar,8,39,50,0,97,0,4,51,6,61,8,43,101,6,158,6,0,6,164
12/09/2007,TLH,FL,ASO,ES,Combined TRACON& Tower with Radar,9,51,28,28,116,0,0,36,7,43,9,51,64,35,159,94,6,100,259
12/10/2007,TLH,FL,ASO,ES,Combined TRACON& Tower with Radar,16,85,68,67,236,0,2,26,0,28,16,87,94,67,264,55,16,71,335
12/11/2007,TLH,FL,ASO,ES,Combined TRACON& Tower with Radar,13,95,100,39,247,0,1,47,3,51,13,96,147,42,298,72,52,124,422
12/12/2007,TLH,FL,ASO,ES,Combined TRACON& Tower with Radar,29,91,96,45,261,0,3,31,9,43,29,94,127,54,304,76,54,130,434
12/13/2007,TLH,FL,ASO,ES,Combined TRACON& Tower with Radar,20,105,71,30,226,0,5,47,2,54,20,110,118,32,280,60,32,92,372
12/14/2007,TLH,FL,ASO,ES,Combined TRACON& Tower with Radar,13,91,63,30,197,0,0,14,1,15,13,91,77,31,212,36,12,48,260
12/15/2007,TLH,FL,ASO,ES,Combined TRACON& Tower with Radar,3,44,28,0,75,0,0,2,0,2,3,44,30,0,77,0,0,0,77
12/16/2007,TLH,FL,ASO,ES,Combined TRACON& Tower with Radar,8,53,40,37,138,0,0,32,0,32,8,53,72,37,170,8,4,12,182
12/17/2007,TLH,FL,ASO,ES,Combined TRACON& Tower with Radar,24,69,40,57,190,0,0,41,9,50,24,69,81,66,240,156,22,178,418
12/18/2007,TLH,FL,ASO,ES,Combined TRACON& Tower with Radar,18,88,50,22,178,0,12,54,14,80,18,100,104,36,258,6,8,14,272
12/19/2007,TLH,FL,ASO,ES,Combined TRACON& Tower with Radar,15,86,73,38,212,0,2,43,7,52,15,88,116,45,264,60,18,78,342
12/20/2007,TLH,FL,ASO,ES,Combined TRACON& Tower with Radar,7,90,67,44,208,0,4,26,0,30,7,94,93,44,238,18,0,18,256
12/21/2007,TLH,FL,ASO,ES,Combined TRACON& Tower with Radar,17,80,57,4,158,0,2,33,0,35,17,82,90,4,193,56,0,56,249
12/22/2007,TLH,FL,ASO,ES,Combined TRACON& Tower with Radar,12,48,26,0,86,0,0,1,0,1,12,48,27,0,87,0,0,0,87
12/23/2007,TLH,FL,ASO,ES,Combined TRACON& Tower with Radar,8,53,42,0,103,0,6,7,0,13,8,59,49,0,116,0,0,0,116
12/24/2007,TLH,FL,ASO,ES,Combined TRACON& Tower with Radar,11,53,39,0,103,0,4,19,0,23,11,57,58,0,126,10,12,22,148
12/25/2007,TLH,FL,ASO,ES,Combined TRACON& Tower with Radar,7,33,3,0,43,0,0,14,0,14,7,33,17,0,57,14,0,14,71
12/26/2007,TLH,FL,ASO,ES,Combined TRACON& Tower with Radar,5,75,48,11,139,0,0,0,0,0,5,75,48,11,139,0,0,0,139
12/27/2007,TLH,FL,ASO,ES,Combined TRACON& Tower with Radar,7,75,56,6,144,0,2,5,0,7,7,77,61,6,151,10,0,10,161
12/28/2007,TLH,FL,ASO,ES,Combined TRACON& Tower with Radar,10,74,47,4,135,0,3,6,3,12,10,77,53,7,147,0,8,8,155
12/29/2007,TLH,FL,ASO,ES,Combined TRACON& Tower with Radar,12,43,30,0,85,0,0,1,0,1,12,43,31,0,86,0,0,0,86
12/30/2007,TLH,FL,ASO,ES,Combined TRACON& Tower with Radar,7,51,25,5,88,0,7,3,0,10,7,58,28,5,98,0,0,0,98
12/31/2007,TLH,FL,ASO,ES,Combined TRACON& Tower with Radar,7,65,17,0,89,0,21,61,0,82,7,86,78,0,171,58,0,58,229
01/01/2008,TLH,FL,ASO,ES,Combined TRACON& Tower with Radar,8,39,27,0,74,0,1,27,0,28,8,40,54,0,102,6,0,6,108
01/02/2008,TLH,FL,ASO,ES,Combined TRACON& Tower with Radar,9,92,22,6,129,0,3,27,0,30,9,95,49,6,159,10,6,16,175
01/03/2008,TLH,FL,ASO,ES,Combined TRACON& Tower with Radar,10,97,50,15,172,0,2,25,0,27,10,99,75,15,199,30,0,30,229
01/04/2008,TLH,FL,ASO,ES,Combined TRACON& Tower with Radar,13,92,49,35,189,0,5,35,7,47,13,97,84,42,236,62,6,68,304
01/05/2008,TLH,FL,ASO,ES,Combined TRACON& Tower with Radar,5,37,24,0,66,0,0,59,0,59,5,37,83,0,125,20,0,20,145
01/06/2008,TLH,FL,ASO,ES,Combined TRACON& Tower with Radar,13,52,65,14,144,0,6,47,2,55,13,58,112,16,199,90,0,90,289
01/07/2008,TLH,FL,ASO,ES,Combined TRACON& Tower with Radar,8,96,52,50,206,0,0,26,7,33,8,96,78,57,239,88,28,116,355
01/08/2008,TLH,FL,ASO,ES,Combined TRACON& Tower with Radar,10,94,71,22,197,0,2,25,0,27,10,96,96,22,224,46,0,46,270
01/09/2008,TLH,FL,ASO,ES,Combined TRACON& Tower with Radar,4,99,50,13,166,0,7,32,1,40,4,106,82,14,206,118,4,122,328
01/10/2008,TLH,FL,ASO,ES,Combined TRACON& Tower with Radar,7,100,66,34,207,0,3,20,0,23,7,103,86,34,230,22,0,22,252
01/11/2008,TLH,FL,ASO,ES,Combined TRACON& Tower with Radar,11,95,54,22,182,0,0,7,1,8,11,95,61,23,190,20,0,20,210
01/12/2008,TLH,FL,ASO,ES,Combined TRACON& Tower with Radar,10,32,19,4,65,0,2,40,0,42,10,34,59,4,107,36,0,36,143
01/13/2008,TLH,FL,ASO,ES,Combined TRACON& Tower with Radar,12,51,29,49,141,0,10,51,12,73,12,61,80,61,214,50,0,50,264
01/14/2008,TLH,FL,ASO,ES,Combined TRACON& Tower with Radar,14,80,42,53,189,0,4,73,4,81,14,84,115,57,270,46,106,152,422
01/15/2008,TLH,FL,ASO,ES,Combined TRACON& Tower with Radar,21,84,83,33,221,0,9,37,4,50,21,93,120,37,271,40,20,60,331
01/16/2008,TLH,FL,ASO,ES,Combined TRACON& Tower with Radar,8,96,54,33,191,0,2,4,1,7,8,98,58,34,198,56,24,80,278
01/17/2008,TLH,FL,ASO,ES,Combined TRACON& Tower with Radar,6,108,97,30,241,0,0,0,0,0,6,108,97,30,241,0,0,0,241
01/18/2008,TLH,FL,ASO,ES,Combined TRACON& Tower with Radar,10,108,97,35,250,0,2,20,13,35,10,110,117,48,285,38,2,40,325
01/19/2008,TLH,FL,ASO,ES,Combined TRACON& Tower with Radar,8,35,11,0,54,0,0,1,0,1,8,35,12,0,55,0,0,0,55
01/20/2008,TLH,FL,ASO,ES,Combined TRACON& Tower with Radar,8,54,56,15,133,0,7,56,4,67,8,61,112,19,200,71,2,73,273
01/21/2008,TLH,FL,ASO,ES,Combined TRACON& Tower with Radar,13,87,74,12,186,0,0,53,15,68,13,87,127,27,254,32,12,44,298
01/22/2008,TLH,FL,ASO,ES,Combined TRACON& Tower with Radar,8,100,73,68,249,0,2,20,3,25,8,102,93,71,274,24,46,70,344
01/23/2008,TLH,FL,ASO,ES,Combined TRACON& Tower with Radar,9,101,101,29,240,0,1,4,0,5,9,102,105,29,245,10,16,26,271
01/24/2008,TLH,FL,ASO,ES,Combined TRACON& Tower with Radar,15,97,95,3,210,0,1,5,2,8,15,98,100,5,218,0,8,8,226
01/25/2008,TLH,FL,ASO,ES,Combined TRACON& Tower with Radar,10,97,57,48,212,0,4,53,23,80,10,101,110,71,292,24,38,62,354
01/26/2008,TLH,FL,ASO,ES,Combined TRACON& Tower with Radar,10,29,18,0,57,0,0,1,0,1,10,29,19,0,58,0,0,0,58
01/27/2008,TLH,FL,ASO,ES,Combined TRACON& Tower with Radar,4,57,57,44,162,0,8,40,17,65,4,65,97,61,227,6,20,26,253
01/28/2008,TLH,FL,ASO,ES,Combined TRACON& Tower with Radar,12,91,61,16,180,0,4,68,11,83,12,95,129,27,263,136,20,156,419
01/29/2008,TLH,FL,ASO,ES,Combined TRACON& Tower with Radar,13,99,63,24,199,0,5,30,2,37,13,104,93,26,236,66,0,66,302
01/30/2008,TLH,FL,ASO,ES,Combined TRACON& Tower with Radar,14,105,79,31,229,0,4,47,4,55,14,109,126,35,284,98,22,120,404
01/31/2008,TLH,FL,ASO,ES,Combined TRACON& Tower with Radar,5,111,82,27,225,0,1,17,0,18,5,112,99,27,243,28,0,28,271
02/01/2008,TLH,FL,ASO,ES,Combined TRACON& Tower with Radar,7,100,58,31,196,0,3,36,7,46,7,103,94,38,242,34,0,34,276
02/02/2008,TLH,FL,ASO,ES,Combined TRACON& Tower with Radar,10,28,51,12,101,0,0,85,1,86,10,28,136,13,187,54,8,62,249
02/03/2008,TLH,FL,ASO,ES,Combined TRACON& Tower with Radar,11,54,40,32,137,0,19,44,14,77,11,73,84,46,214,22,0,22,236
02/04/2008,TLH,FL,ASO,ES,Combined TRACON& Tower with Radar,8,95,77,196,376,0,14,42,11,67,8,109,119,207,443,124,72,196,639
02/05/2008,TLH,FL,ASO,ES,Combined TRACON& Tower with Radar,13,104,79,23,219,0,7,28,0,35,13,111,107,23,254,40,24,64,318
02/06/2008,TLH,FL,ASO,ES,Combined TRACON& Tower with Radar,7,104,73,7,191,0,0,9,0,9,7,104,82,7,200,0,0,0,200
02/07/2008,TLH,FL,ASO,ES,Combined TRACON& Tower with Radar,11,91,82,21,205,0,6,31,11,48,11,97,113,32,253,42,10,52,305
02/08/2008,TLH,FL,ASO,ES,Combined TRACON& Tower with Radar,6,106,88,35,235,0,0,71,21,92,6,106,159,56,327,76,2,78,405
02/09/2008,TLH,FL,ASO,ES,Combined TRACON& Tower with Radar,11,33,25,15,84,0,0,51,0,51,11,33,76,15,135,100,0,100,235
02/10/2008,TLH,FL,ASO,ES,Combined TRACON& Tower with Radar,7,55,47,53,162,0,9,98,13,120,7,64,145,66,282,74,26,100,382
02/11/2008,TLH,FL,ASO,ES,Combined TRACON& Tower with Radar,7,84,78,65,234,0,6,53,6,65,7,90,131,71,299,63,11,74,373
02/12/2008,TLH,FL,ASO,ES,Combined TRACON& Tower with Radar,11,92,63,13,179,0,0,30,2,32,11,92,93,15,211,22,28,50,261
02/13/2008,TLH,FL,ASO,ES,Combined TRACON& Tower with Radar,7,126,62,13,208,0,1,9,1,11,7,127,71,14,219,0,0,0,219
02/14/2008,TLH,FL,ASO,ES,Combined TRACON& Tower with Radar,6,103,61,18,188,0,6,41,0,47,6,109,102,18,235,44,12,56,291
02/15/2008,TLH,FL,ASO,ES,Combined TRACON& Tower with Radar,5,100,55,75,235,0,0,53,4,57,5,100,108,79,292,50,74,124,416
02/16/2008,TLH,FL,ASO,ES,Combined TRACON& Tower with Radar,9,44,35,5,93,0,0,51,6,57,9,44,86,11,150,72,8,80,230
02/17/2008,TLH,FL,ASO,ES,Combined TRACON& Tower with Radar,19,44,28,11,102,0,3,10,0,13,19,47,38,11,115,26,0,26,141
02/18/2008,TLH,FL,ASO,ES,Combined TRACON& Tower with Radar,8,86,52,20,166,0,20,38,4,62,8,106,90,24,228,50,6,56,284
02/19/2008,TLH,FL,ASO,ES,Combined TRACON& Tower with Radar,13,99,74,30,216,0,12,75,3,90,13,111,149,33,306,78,0,78,384
02/20/2008,TLH,FL,ASO,ES,Combined TRACON& Tower with Radar,8,110,90,41,249,0,8,63,4,75,8,118,153,45,324,58,26,84,408
02/21/2008,TLH,FL,ASO,ES,Combined TRACON& Tower with Radar,21,90,56,5,172,0,1,10,0,11,21,91,66,5,183,22,0,22,205
02/22/2008,TLH,FL,ASO,ES,Combined TRACON& Tower with Radar,10,105,44,0,159,0,0,0,0,0,10,105,44,0,159,0,0,0,159
02/23/2008,TLH,FL,ASO,ES,Combined TRACON& Tower with Radar,5,44,44,2,95,0,0,12,0,12,5,44,56,2,107,16,0,16,123
02/24/2008,TLH,FL,ASO,ES,Combined TRACON& Tower with Radar,13,69,51,0,133,0,7,47,0,54,13,76,98,0,187,96,0,96,283
02/25/2008,TLH,FL,ASO,ES,Combined TRACON& Tower with Radar,12,80,82,48,222,0,1,65,5,71,12,81,147,53,293,115,14,129,422
02/26/2008,TLH,FL,ASO,ES,Combined TRACON& Tower with Radar,14,90,42,2,148,0,3,6,0,9,14,93,48,2,157,0,0,0,157
02/27/2008,TLH,FL,ASO,ES,Combined TRACON& Tower with Radar,12,102,72,33,219,0,4,38,8,50,12,106,110,41,269,78,4,82,351
02/28/2008,TLH,FL,ASO,ES,Combined TRACON& Tower with Radar,11,102,54,10,177,0,0,41,3,44,11,102,95,13,221,60,0,60,281
02/29/2008,TLH,FL,ASO,ES,Combined TRACON& Tower with Radar,7,111,100,47,265,0,1,59,6,66,7,112,159,53,331,72,4,76,407
03/01/2008,TLH,FL,ASO,ES,Combined TRACON& Tower with Radar,8,44,37,10,99,0,2,54,0,56,8,46,91,10,155,102,0,102,257
03/02/2008,TLH,FL,ASO,ES,Combined TRACON& Tower with Radar,11,65,55,31,162,0,24,53,13,90,11,89,108,44,252,126,29,155,407
03/03/2008,TLH,FL,ASO,ES,Combined TRACON& Tower with Radar,13,98,64,22,197,0,1,15,2,18,13,99,79,24,215,18,0,18,233
03/04/2008,TLH,FL,ASO,ES,Combined TRACON& Tower with Radar,11,98,49,22,180,0,0,5,0,5,11,98,54,22,185,0,0,0,185
03/05/2008,TLH,FL,ASO,ES,Combined TRACON& Tower with Radar,17,98,92,18,225,0,10,58,0,68,17,108,150,18,293,62,10,72,365
03/06/2008,TLH,FL,ASO,ES,Combined TRACON& Tower with Radar,9,107,90,25,231,0,13,47,3,63,9,120,137,28,294,58,2,60,354
03/07/2008,TLH,FL,ASO,ES,Combined TRACON& Tower with Radar,18,73,31,4,126,0,0,3,0,3,18,73,34,4,129,0,0,0,129
03/08/2008,TLH,FL,ASO,ES,Combined TRACON& Tower with Radar,7,50,43,1,101,0,1,16,5,22,7,51,59,6,123,0,0,0,123
03/09/2008,TLH,FL,ASO,ES,Combined TRACON& Tower with Radar,10,55,52,3,120,0,21,74,3,98,10,76,126,6,218,54,0,54,272
03/10/2008,TLH,FL,ASO,ES,Combined TRACON& Tower with Radar,14,107,98,27,246,0,4,51,4,59,14,111,149,31,305,74,14,88,393
03/11/2008,TLH,FL,ASO,ES,Combined TRACON& Tower with Radar,16,100,86,9,211,0,5,34,0,39,16,105,120,9,250,26,0,26,276
03/12/2008,TLH,FL,ASO,ES,Combined TRACON& Tower with Radar,12,110,97,22,241,0,7,75,0,82,12,117,172,22,323,14,0,14,337
03/13/2008,TLH,FL,ASO,ES,Combined TRACON& Tower with Radar,17,111,104,34,266,0,10,62,4,76,17,121,166,38,342,26,4,30,372
03/14/2008,TLH,FL,ASO,ES,Combined TRACON& Tower with Radar,9,103,58,35,205,0,0,4,4,8,9,103,62,39,213,0,0,0,213
03/15/2008,TLH,FL,ASO,ES,Combined TRACON& Tower with Radar,5,37,62,6,110,0,1,12,0,13,5,38,74,6,123,0,0,0,123
03/16/2008,TLH,FL,ASO,ES,Combined TRACON& Tower with Radar,15,59,61,27,162,0,7,51,6,64,15,66,112,33,226,18,4,22,248
03/17/2008,TLH,FL,ASO,ES,Combined TRACON& Tower with Radar,17,113,95,20,245,0,4,55,1,60,17,117,150,21,305,76,26,102,407
03/18/2008,TLH,FL,ASO,ES,Combined TRACON& Tower with Radar,19,103,83,58,263,0,7,29,0,36,19,110,112,58,299,30,68,98,397
03/19/2008,TLH,FL,ASO,ES,Combined TRACON& Tower with Radar,9,109,61,21,200,0,0,2,0,2,9,109,63,21,202,12,14,26,228
03/20/2008,TLH,FL,ASO,ES,Combined TRACON& Tower with Radar,11,108,94,18,231,0,9,41,2,52,11,117,135,20,283,2,4,6,289
03/21/2008,TLH,FL,ASO,ES,Combined TRACON& Tower with Radar,9,96,108,20,233,0,1,56,3,60,9,97,164,23,293,40,2,42,335
03/22/2008,TLH,FL,ASO,ES,Combined TRACON& Tower with Radar,12,41,37,1,91,0,1,55,0,56,12,42,92,1,147,46,8,54,201
03/23/2008,TLH,FL,ASO,ES,Combined TRACON& Tower with Radar,13,57,46,21,137,0,0,43,6,49,13,57,89,27,186,32,6,38,224
03/24/2008,TLH,FL,ASO,ES,Combined TRACON& Tower with Radar,12,91,83,25,211,0,5,40,8,53,12,96,123,33,264,0,0,0,264
03/25/2008,TLH,FL,ASO,ES,Combined TRACON& Tower with Radar,16,98,97,32,243,0,4,52,4,60,16,102,149,36,303,56,0,56,359
03/26/2008,TLH,FL,ASO,ES,Combined TRACON& Tower with Radar,21,86,99,19,225,0,3,90,4,97,21,89,189,23,322,78,16,94,416
03/27/2008,TLH,FL,ASO,ES,Combined TRACON& Tower with Radar,4,118,77,13,212,0,4,57,3,64,4,122,134,16,276,44,4,48,324
03/28/2008,TLH,FL,ASO,ES,Combined TRACON& Tower with Radar,12,107,89,52,260,0,1,41,7,49,12,108,130,59,309,68,0,68,377
03/29/2008,TLH,FL,ASO,ES,Combined TRACON& Tower with Radar,4,42,37,46,129,0,2,29,2,33,4,44,66,48,162,56,10,66,228
03/30/2008,TLH,FL,ASO,ES,Combined TRACON& Tower with Radar,15,51,66,41,173,0,10,33,19,62,15,61,99,60,235,46,0,46,281
03/31/2008,TLH,FL,ASO,ES,Combined TRACON& Tower with Radar,22,98,72,7,199,0,6,8,0,14,22,104,80,7,213,26,34,60,273
04/01/2008,TLH,FL,ASO,ES,Combined TRACON& Tower with Radar,18,89,66,57,230,0,3,32,2,37,18,92,98,59,267,8,18,26,293
04/02/2008,TLH,FL,ASO,ES,Combined TRACON& Tower with Radar,20,85,94,10,209,0,3,28,2,33,20,88,122,12,242,26,4,30,272
04/03/2008,TLH,FL,ASO,ES,Combined TRACON& Tower with Radar,16,107,97,11,231,0,0,58,1,59,16,107,155,12,290,74,0,74,364
04/04/2008,TLH,FL,ASO,ES,Combined TRACON& Tower with Radar,11,83,62,87,243,0,1,9,11,21,11,84,71,98,264,32,0,32,296
04/05/2008,TLH,FL,ASO,ES,Combined TRACON& Tower with Radar,10,34,21,8,73,0,0,4,0,4,10,34,25,8,77,0,0,0,77
04/06/2008,TLH,FL,ASO,ES,Combined TRACON& Tower with Radar,20,58,64,14,156,0,4,8,3,15,20,62,72,17,171,0,0,0,171
04/07/2008,TLH,FL,ASO,ES,Combined TRACON& Tower with Radar,10,98,89,10,207,0,10,29,5,44,10,108,118,15,251,22,12,34,285
04/08/2008,TLH,FL,ASO,ES,Combined TRACON& Tower with Radar,21,89,95,17,222,0,17,42,9,68,21,106,137,26,290,6,0,6,296
04/09/2008,TLH,FL,ASO,ES,Combined TRACON& Tower with Radar,18,97,78,21,214,0,6,33,9,48,18,103,111,30,262,100,0,100,362
04/10/2008,TLH,FL,ASO,ES,Combined TRACON& Tower with Radar,21,91,80,14,206,0,5,50,2,57,21,96,130,16,263,86,10,96,359
04/11/2008,TLH,FL,ASO,ES,Combined TRACON& Tower with Radar,15,93,76,40,224,0,1,45,8,54,15,94,121,48,278,34,10,44,322
04/12/2008,TLH,FL,ASO,ES,Combined TRACON& Tower with Radar,12,27,48,3,90,0,0,23,15,38,12,27,71,18,128,16,18,34,162
04/13/2008,TLH,FL,ASO,ES,Combined TRACON& Tower with Radar,15,55,52,7,129,0,9,59,5,73,15,64,111,12,202,50,0,50,252
04/14/2008,TLH,FL,ASO,ES,Combined TRACON& Tower with Radar,13,90,76,36,215,0,3,50,3,56,13,93,126,39,271,42,0,42,313
04/15/2008,TLH,FL,ASO,ES,Combined TRACON& Tower with Radar,22,80,87,23,212,0,4,44,5,53,22,84,131,28,265,64,25,89,354
04/16/2008,TLH,FL,ASO,ES,Combined TRACON& Tower with Radar,18,86,88,5,197,0,4,66,2,72,18,90,154,7,269,44,2,46,315
04/17/2008,TLH,FL,ASO,ES,Combined TRACON& Tower with Radar,16,98,86,10,210,0,0,71,4,75,16,98,157,14,285,56,0,56,341
04/18/2008,TLH,FL,ASO,ES,Combined TRACON& Tower with Radar,17,99,68,47,231,0,4,52,19,75,17,103,120,66,306,56,22,78,384
04/19/2008,TLH,FL,ASO,ES,Combined TRACON& Tower with Radar,17,28,37,8,90,0,0,15,2,17,17,28,52,10,107,0,0,0,107
04/20/2008,TLH,FL,ASO,ES,Combined TRACON& Tower with Radar,14,51,38,34,137,0,9,63,7,79,14,60,101,41,216,58,12,70,286
04/21/2008,TLH,FL,ASO,ES,Combined TRACON& Tower with Radar,20,91,52,28,191,0,1,52,1,54,20,92,104,29,245,118,2,120,365
04/22/2008,TLH,FL,ASO,ES,Combined TRACON& Tower with Radar,34,70,51,23,178,0,7,49,0,56,34,77,100,23,234,128,12,140,374
04/23/2008,TLH,FL,ASO,ES,Combined TRACON& Tower with Radar,18,86,64,52,220,0,6,44,6,56,18,92,108,58,276,56,34,90,366
04/24/2008,TLH,FL,ASO,ES,Combined TRACON& Tower with Radar,20,94,60,20,194,0,3,44,9,56,20,97,104,29,250,68,12,80,330
04/25/2008,TLH,FL,ASO,ES,Combined TRACON& Tower with Radar,23,79,86,22,210,0,4,58,6,68,23,83,144,28,278,18,12,30,308
04/26/2008,TLH,FL,ASO,ES,Combined TRACON& Tower with Radar,13,31,31,1,76,0,0,28,0,28,13,31,59,1,104,16,0,16,120
04/27/2008,TLH,FL,ASO,ES,Combined TRACON& Tower with Radar,15,48,34,53,150,0,0,15,2,17,15,48,49,55,167,18,12,30,197
04/28/2008,TLH,FL,ASO,ES,Combined TRACON& Tower with Radar,24,78,75,23,200,0,0,9,0,9,24,78,84,23,209,38,20,58,267
04/29/2008,TLH,FL,ASO,ES,Combined TRACON& Tower with Radar,26,72,63,14,175,0,4,104,4,112,26,76,167,18,287,38,0,38,325
04/30/2008,TLH,FL,ASO,ES,Combined TRACON& Tower with Radar,22,90,52,28,192,0,2,55,4,61,22,92,107,32,253,42,22,64,317
05/01/2008,TLH,FL,ASO,ES,Combined TRACON& Tower with Radar,15,94,66,11,186,0,2,46,3,51,15,96,112,14,237,18,6,24,261
05/02/2008,TLH,FL,ASO,ES,Combined TRACON& Tower with Radar,11,88,80,20,199,0,5,58,37,100,11,93,138,57,299,50,10,60,359
05/03/2008,TLH,FL,ASO,ES,Combined TRACON& Tower with Radar,11,28,25,0,64,0,0,37,0,37,11,28,62,0,101,15,0,15,116
05/04/2008,TLH,FL,ASO,ES,Combined TRACON& Tower with Radar,16,46,33,7,102,0,0,36,8,44,16,46,69,15,146,18,0,18,164
05/05/2008,TLH,FL,ASO,ES,Combined TRACON& Tower with Radar,24,63,59,25,171,0,10,38,4,52,24,73,97,29,223,62,0,62,285
05/06/2008,TLH,FL,ASO,ES,Combined TRACON& Tower with Radar,17,87,56,27,187,0,1,64,1,66,17,88,120,28,253,48,0,48,301
05/07/2008,TLH,FL,ASO,ES,Combined TRACON& Tower with Radar,15,77,58,16,166,0,1,47,7,55,15,78,105,23,221,22,4,26,247
05/08/2008,TLH,FL,ASO,ES,Combined TRACON& Tower with Radar,31,56,49,10,146,0,2,38,7,47,31,58,87,17,193,26,0,26,219
05/09/2008,TLH,FL,ASO,ES,Combined TRACON& Tower with Radar,22,74,39,48,183,0,2,29,6,37,22,76,68,54,220,20,0,20,240
05/10/2008,TLH,FL,ASO,ES,Combined TRACON& Tower with Radar,12,29,51,9,101,0,4,67,1,72,12,33,118,10,173,18,0,18,191
05/11/2008,TLH,FL,ASO,ES,Combined TRACON& Tower with Radar,13,49,24,8,94,0,5,9,3,17,13,54,33,11,111,4,4,8,119
05/12/2008,TLH,FL,ASO,ES,Combined TRACON& Tower with Radar,25,73,42,3,143,0,10,39,1,50,25,83,81,4,193,16,0,16,209
05/13/2008,TLH,FL,ASO,ES,Combined TRACON& Tower with Radar,18,82,72,24,196,0,11,65,2,78,18,93,137,26,274,42,0,42,316
05/14/2008,TLH,FL,ASO,ES,Combined TRACON& Tower with Radar,22,70,67,6,165,0,9,58,0,67,22,79,125,6,232,60,0,60,292
05/15/2008,TLH,FL,ASO,ES,Combined TRACON& Tower with Radar,15,90,55,5,165,0,11,23,0,34,15,101,78,5,199,32,0,32,231
05/16/2008,TLH,FL,ASO,ES,Combined TRACON& Tower with Radar,14,85,30,2,131,0,0,0,0,0,14,85,30,2,131,0,0,0,131
05/17/2008,TLH,FL,ASO,ES,Combined TRACON& Tower with Radar,13,40,28,0,81,0,1,326,0,327,13,41,354,0,408,50,0,50,458
05/18/2008,TLH,FL,ASO,ES,Combined TRACON& Tower with Radar,13,46,52,19,130,0,0,380,1,381,13,46,432,20,511,90,0,90,601
05/19/2008,TLH,FL,ASO,ES,Combined TRACON& Tower with Radar,11,76,62,9,158,0,9,54,3,66,11,85,116,12,224,34,4,38,262
05/20/2008,TLH,FL,ASO,ES,Combined TRACON& Tower with Radar,24,80,54,29,187,0,18,21,3,42,24,98,75,32,229,26,32,58,287
05/21/2008,TLH,FL,ASO,ES,Combined TRACON& Tower with Radar,13,93,76,11,193,0,1,20,2,23,13,94,96,13,216,58,16,74,290
05/22/2008,TLH,FL,ASO,ES,Combined TRACON& Tower with Radar,30,73,78,19,200,0,2,20,6,28,30,75,98,25,228,14,2,16,244
05/23/2008,TLH,FL,ASO,ES,Combined TRACON& Tower with Radar,10,82,54,5,151,0,1,23,0,24,10,83,77,5,175,16,0,16,191
05/24/2008,TLH,FL,ASO,ES,Combined TRACON& Tower with Radar,8,36,17,0,61,0,2,47,0,49,8,38,64,0,110,44,0,44,154
05/25/2008,TLH,FL,ASO,ES,Combined TRACON& Tower with Radar,8,44,13,4,69,0,19,39,8,66,8,63,52,12,135,34,0,34,169
05/26/2008,TLH,FL,ASO,ES,Combined TRACON& Tower with Radar,16,51,30,0,97,0,3,34,0,37,16,54,64,0,134,34,0,34,168
05/27/2008,TLH,FL,ASO,ES,Combined TRACON& Tower with Radar,23,73,57,24,177,0,5,50,3,58,23,78,107,27,235,36,16,52,287
05/28/2008,TLH,FL,ASO,ES,Combined TRACON& Tower with Radar,14,94,67,37,212,0,5,45,5,55,14,99,112,42,267,58,22,80,347
05/29/2008,TLH,FL,ASO,ES,Combined TRACON& Tower with Radar,10,83,71,33,197,60,3,36,1,100,70,86,107,34,297,32,0,32,329
05/30/2008,TLH,FL,ASO,ES,Combined TRACON& Tower with Radar,12,84,53,26,175,0,5,51,7,63,12,89,104,33,238,10,2,12,250
05/31/2008,TLH,FL,ASO,ES,Combined TRACON& Tower with Radar,17,25,25,10,77,0,0,46,3,49,17,25,71,13,126,54,18,72,198
06/01/2008,TLH,FL,ASO,ES,Combined TRACON& Tower with Radar,10,46,30,16,102,0,2,49,4,55,10,48,79,20,157,18,16,34,191
06/02/2008,TLH,FL,ASO,ES,Combined TRACON& Tower with Radar,30,56,54,31,171,0,0,32,4,36,30,56,86,35,207,60,30,90,297
06/03/2008,TLH,FL,ASO,ES,Combined TRACON& Tower with Radar,17,89,36,12,154,0,3,45,4,52,17,92,81,16,206,38,0,38,244
06/04/2008,TLH,FL,ASO,ES,Combined TRACON& Tower with Radar,14,82,40,28,164,0,7,61,2,70,14,89,101,30,234,64,10,74,308
06/05/2008,TLH,FL,ASO,ES,Combined TRACON& Tower with Radar,16,87,49,56,208,0,3,57,2,62,16,90,106,58,270,88,6,94,364
06/06/2008,TLH,FL,ASO,ES,Combined TRACON& Tower with Radar,14,85,57,25,181,0,0,54,3,57,14,85,111,28,238,48,0,48,286
06/07/2008,TLH,FL,ASO,ES,Combined TRACON& Tower with Radar,16,40,23,2,81,0,5,40,1,46,16,45,63,3,127,18,0,18,145
06/08/2008,TLH,FL,ASO,ES,Combined TRACON& Tower with Radar,11,46,31,17,105,0,16,37,6,59,11,62,68,23,164,20,0,20,184
06/09/2008,TLH,FL,ASO,ES,Combined TRACON& Tower with Radar,23,72,51,19,165,0,1,45,6,52,23,73,96,25,217,52,0,52,269
06/10/2008,TLH,FL,ASO,ES,Combined TRACON& Tower with Radar,20,72,39,11,142,0,0,23,2,25,20,72,62,13,167,18,10,28,195
06/11/2008,TLH,FL,ASO,ES,Combined TRACON& Tower with Radar,23,69,48,13,153,0,1,52,1,54,23,70,100,14,207,46,0,46,253
06/12/2008,TLH,FL,ASO,ES,Combined TRACON& Tower with Radar,19,70,47,2,138,0,0,27,5,32,19,70,74,7,170,142,0,142,312
06/13/2008,TLH,FL,ASO,ES,Combined TRACON& Tower with Radar,20,86,53,17,176,0,0,47,2,49,20,86,100,19,225,112,12,124,349
06/14/2008,TLH,FL,ASO,ES,Combined TRACON& Tower with Radar,12,38,14,0,64,0,0,27,0,27,12,38,41,0,91,40,0,40,131
06/15/2008,TLH,FL,ASO,ES,Combined TRACON& Tower with Radar,4,56,30,0,90,0,6,12,0,18,4,62,42,0,108,20,0,20,128
06/16/2008,TLH,FL,ASO,ES,Combined TRACON& Tower with Radar,13,85,50,5,153,0,3,52,1,56,13,88,102,6,209,122,0,122,331
06/17/2008,TLH,FL,ASO,ES,Combined TRACON& Tower with Radar,13,79,41,11,144,0,2,66,6,74,13,81,107,17,218,51,6,57,275
06/18/2008,TLH,FL,ASO,ES,Combined TRACON& Tower with Radar,18,75,59,28,180,0,8,56,4,68,18,83,115,32,248,82,2,84,332
06/19/2008,TLH,FL,ASO,ES,Combined TRACON& Tower with Radar,11,87,45,18,161,0,3,48,2,53,11,90,93,20,214,110,10,120,334
06/20/2008,TLH,FL,ASO,ES,Combined TRACON& Tower with Radar,12,90,57,66,225,0,2,37,10,49,12,92,94,76,274,24,80,104,378
06/21/2008,TLH,FL,ASO,ES,Combined TRACON& Tower with Radar,10,34,40,29,113,0,1,56,0,57,10,35,96,29,170,62,18,80,250
06/22/2008,TLH,FL,ASO,ES,Combined TRACON& Tower with Radar,5,55,34,5,99,0,0,13,2,15,5,55,47,7,114,2,0,2,116
06/23/2008,TLH,FL,ASO,ES,Combined TRACON& Tower with Radar,13,83,52,21,169,0,4,17,10,31,13,87,69,31,200,38,0,38,238
06/24/2008,TLH,FL,ASO,ES,Combined TRACON& Tower with Radar,21,79,61,10,171,0,14,40,4,58,21,93,101,14,229,64,0,64,293
06/25/2008,TLH,FL,ASO,ES,Combined TRACON& Tower with Radar,6,93,75,26,200,0,3,32,5,40,6,96,107,31,240,44,32,76,316
06/26/2008,TLH,FL,ASO,ES,Combined TRACON& Tower with Radar,5,93,56,10,164,0,4,30,4,38,5,97,86,14,202,8,0,8,210
06/27/2008,TLH,FL,ASO,ES,Combined TRACON& Tower with Radar,5,83,46,20,154,0,3,47,3,53,5,86,93,23,207,24,0,24,231
06/28/2008,TLH,FL,ASO,ES,Combined TRACON& Tower with Radar,9,36,17,0,62,0,0,27,0,27,9,36,44,0,89,22,0,22,111
06/29/2008,TLH,FL,ASO,ES,Combined TRACON& Tower with Radar,12,50,21,2,85,0,2,19,1,22,12,52,40,3,107,10,0,10,117
06/30/2008,TLH,FL,ASO,ES,Combined TRACON& Tower with Radar,9,83,54,6,152,0,0,15,4,19,9,83,69,10,171,0,0,0,171
07/01/2008,TLH,FL,ASO,ES,Combined TRACON& Tower with Radar,10,76,95,32,213,0,0,0,0,0,10,76,95,32,213,0,6,6,219
07/02/2008,TLH,FL,ASO,ES,Combined TRACON& Tower with Radar,10,86,79,16,191,0,1,36,3,40,10,87,115,19,231,16,0,16,247
07/03/2008,TLH,FL,ASO,ES,Combined TRACON& Tower with Radar,7,82,73,9,171,0,0,38,1,39,7,82,111,10,210,14,0,14,224
07/04/2008,TLH,FL,ASO,ES,Combined TRACON& Tower with Radar,7,46,10,0,63,0,1,21,0,22,7,47,31,0,85,18,0,18,103
07/05/2008,TLH,FL,ASO,ES,Combined TRACON& Tower with Radar,8,37,9,0,54,0,0,28,0,28,8,37,37,0,82,22,0,22,104
07/06/2008,TLH,FL,ASO,ES,Combined TRACON& Tower with Radar,4,55,19,0,78,0,4,34,0,38,4,59,53,0,116,74,0,74,190
07/07/2008,TLH,FL,ASO,ES,Combined TRACON& Tower with Radar,24,66,55,8,153,0,0,21,0,21,24,66,76,8,174,26,0,26,200
07/08/2008,TLH,FL,ASO,ES,Combined TRACON& Tower with Radar,29,68,49,9,155,0,0,33,1,34,29,68,82,10,189,6,10,16,205
07/09/2008,TLH,FL,ASO,ES,Combined TRACON& Tower with Radar,11,85,86,5,187,0,0,18,0,18,11,85,104,5,205,18,0,18,223
07/10/2008,TLH,FL,ASO,ES,Combined TRACON& Tower with Radar,26,78,89,37,230,0,4,38,6,48,26,82,127,43,278,38,0,38,316
07/11/2008,TLH,FL,ASO,ES,Combined TRACON& Tower with Radar,7,84,75,13,179,0,3,37,0,40,7,87,112,13,219,42,0,42,261
07/12/2008,TLH,FL,ASO,ES,Combined TRACON& Tower with Radar,13,39,60,7,119,0,0,28,0,28,13,39,88,7,147,24,4,28,175
07/13/2008,TLH,FL,ASO,ES,Combined TRACON& Tower with Radar,13,44,53,11,121,0,0,0,0,0,13,44,53,11,121,4,12,16,137
07/14/2008,TLH,FL,ASO,ES,Combined TRACON& Tower with Radar,20,78,87,25,210,0,0,30,20,50,20,78,117,45,260,30,20,50,310
07/15/2008,TLH,FL,ASO,ES,Combined TRACON& Tower with Radar,13,64,87,19,183,0,5,18,3,26,13,69,105,22,209,12,22,34,243
07/16/2008,TLH,FL,ASO,ES,Combined TRACON& Tower with Radar,16,80,59,17,172,0,17,15,2,34,16,97,74,19,206,40,0,40,246
07/17/2008,TLH,FL,ASO,ES,Combined TRACON& Tower with Radar,6,95,55,27,183,0,1,37,4,42,6,96,92,31,225,62,28,90,315
07/18/2008,TLH,FL,ASO,ES,Combined TRACON& Tower with Radar,8,88,71,30,197,0,0,58,7,65,8,88,129,37,262,88,34,122,384
07/19/2008,TLH,FL,ASO,ES,Combined TRACON& Tower with Radar,13,35,35,7,90,0,2,44,2,48,13,37,79,9,138,38,12,50,188
07/20/2008,TLH,FL,ASO,ES,Combined TRACON& Tower with Radar,14,45,25,9,93,0,4,43,5,52,14,49,68,14,145,76,8,84,229
07/21/2008,TLH,FL,ASO,ES,Combined TRACON& Tower with Radar,8,77,76,1,162,0,6,39,3,48,8,83,115,4,210,54,10,64,274
07/22/2008,TLH,FL,ASO,ES,Combined TRACON& Tower with Radar,14,77,53,11,155,0,5,36,8,49,14,82,89,19,204,22,10,32,236
07/23/2008,TLH,FL,ASO,ES,Combined TRACON& Tower with Radar,13,77,36,8,134,0,0,17,6,23,13,77,53,14,157,6,0,6,163
07/24/2008,TLH,FL,ASO,ES,Combined TRACON& Tower with Radar,11,84,36,22,153,0,1,34,5,40,11,85,70,27,193,32,2,34,227
07/25/2008,TLH,FL,ASO,ES,Combined TRACON& Tower with Radar,24,66,31,12,133,0,0,35,3,38,24,66,66,15,171,36,0,36,207
07/26/2008,TLH,FL,ASO,ES,Combined TRACON& Tower with Radar,9,45,27,0,81,0,1,22,0,23,9,46,49,0,104,10,0,10,114
07/27/2008,TLH,FL,ASO,ES,Combined TRACON& Tower with Radar,4,57,34,3,98,0,0,35,1,36,4,57,69,4,134,58,0,58,192
07/28/2008,TLH,FL,ASO,ES,Combined TRACON& Tower with Radar,11,74,40,26,151,0,13,26,4,43,11,87,66,30,194,18,6,24,218
07/29/2008,TLH,FL,ASO,ES,Combined TRACON& Tower with Radar,10,76,38,5,129,0,3,30,1,34,10,79,68,6,163,46,0,46,209
07/30/2008,TLH,FL,ASO,ES,Combined TRACON& Tower with Radar,11,90,56,23,180,0,1,31,0,32,11,91,87,23,212,22,14,36,248
07/31/2008,TLH,FL,ASO,ES,Combined TRACON& Tower with Radar,8,91,58,6,163,0,2,21,0,23,8,93,79,6,186,6,0,6,192
08/01/2008,TLH,FL,ASO,ES,Combined TRACON& Tower with Radar,14,81,22,15,132,0,24,3,0,27,14,105,25,15,159,14,0,14,173
08/02/2008,TLH,FL,ASO,ES,Combined TRACON& Tower with Radar,12,34,36,0,82,0,1,15,15,31,12,35,51,15,113,6,0,6,119
08/03/2008,TLH,FL,ASO,ES,Combined TRACON& Tower with Radar,3,57,26,9,95,0,2,46,5,53,3,59,72,14,148,32,6,38,186
08/04/2008,TLH,FL,ASO,ES,Combined TRACON& Tower with Radar,17,70,49,47,183,0,2,28,5,35,17,72,77,52,218,34,42,76,294
08/05/2008,TLH,FL,ASO,ES,Combined TRACON& Tower with Radar,13,76,33,21,143,0,3,40,3,46,13,79,73,24,189,32,16,48,237
08/06/2008,TLH,FL,ASO,ES,Combined TRACON& Tower with Radar,16,78,40,29,163,0,13,34,4,51,16,91,74,33,214,26,40,66,280
08/07/2008,TLH,FL,ASO,ES,Combined TRACON& Tower with Radar,18,81,65,9,173,0,11,20,2,33,18,92,85,11,206,22,0,22,228
08/08/2008,TLH,FL,ASO,ES,Combined TRACON& Tower with Radar,16,75,62,25,178,0,1,25,5,31,16,76,87,30,209,56,2,58,267
08/09/2008,TLH,FL,ASO,ES,Combined TRACON& Tower with Radar,11,34,29,12,86,0,0,38,4,42,11,34,67,16,128,65,0,65,193
08/10/2008,TLH,FL,ASO,ES,Combined TRACON& Tower with Radar,2,52,31,13,98,0,6,54,4,64,2,58,85,17,162,54,0,54,216
08/11/2008,TLH,FL,ASO,ES,Combined TRACON& Tower with Radar,20,85,30,16,151,0,11,32,3,46,20,96,62,19,197,40,36,76,273
08/12/2008,TLH,FL,ASO,ES,Combined TRACON& Tower with Radar,15,73,68,3,159,0,2,7,5,14,15,75,75,8,173,6,0,6,179
08/13/2008,TLH,FL,ASO,ES,Combined TRACON& Tower with Radar,8,95,25,4,132,0,1,5,0,6,8,96,30,4,138,0,0,0,138
08/14/2008,TLH,FL,ASO,ES,Combined TRACON& Tower with Radar,13,86,70,11,180,1,36,2,0,39,14,122,72,11,219,26,8,34,253
08/15/2008,TLH,FL,ASO,ES,Combined TRACON& Tower with Radar,8,89,60,9,166,0,2,32,4,38,8,91,92,13,204,14,14,28,232
08/16/2008,TLH,FL,ASO,ES,Combined TRACON& Tower with Radar,14,33,11,0,58,0,0,11,0,11,14,33,22,0,69,0,0,0,69
08/17/2008,TLH,FL,ASO,ES,Combined TRACON& Tower with Radar,7,54,30,5,96,0,3,19,1,23,7,57,49,6,119,90,0,90,209
08/18/2008,TLH,FL,ASO,ES,Combined TRACON& Tower with Radar,6,95,61,38,200,0,0,27,0,27,6,95,88,38,227,48,18,66,293
08/19/2008,TLH,FL,ASO,ES,Combined TRACON& Tower with Radar,21,49,38,20,128,0,1,12,1,14,21,50,50,21,142,34,0,34,176
08/20/2008,TLH,FL,ASO,ES,Combined TRACON& Tower with Radar,12,76,47,14,149,0,1,15,1,17,12,77,62,15,166,8,10,18,184
08/21/2008,TLH,FL,ASO,ES,Combined TRACON& Tower with Radar,6,88,30,36,160,0,2,14,0,16,6,90,44,36,176,14,0,14,190
08/22/2008,TLH,FL,ASO,ES,Combined TRACON& Tower with Radar,17,71,7,0,95,0,0,0,0,0,17,71,7,0,95,0,0,0,95
08/23/2008,TLH,FL,ASO,ES,Combined TRACON& Tower with Radar,5,8,0,1,14,0,0,0,0,0,5,8,0,1,14,0,0,0,14
08/24/2008,TLH,FL,ASO,ES,Combined TRACON& Tower with Radar,6,49,20,14,89,0,0,0,2,2,6,49,20,16,91,0,0,0,91
08/25/2008,TLH,FL,ASO,ES,Combined TRACON& Tower with Radar,11,73,35,0,119,0,1,17,0,18,11,74,52,0,137,8,0,8,145
08/26/2008,TLH,FL,ASO,ES,Combined TRACON& Tower with Radar,15,77,36,6,134,0,0,26,1,27,15,77,62,7,161,24,0,24,185
08/27/2008,TLH,FL,ASO,ES,Combined TRACON& Tower with Radar,13,77,58,36,184,0,0,19,6,25,13,77,77,42,209,26,26,52,261
08/28/2008,TLH,FL,ASO,ES,Combined TRACON& Tower with Radar,7,96,52,52,207,0,2,36,4,42,7,98,88,56,249,4,72,76,325
08/29/2008,TLH,FL,ASO,ES,Combined TRACON& Tower with Radar,14,79,42,28,163,0,0,45,3,48,14,79,87,31,211,14,0,14,225
08/30/2008,TLH,FL,ASO,ES,Combined TRACON& Tower with Radar,7,26,21,0,54,0,6,34,0,40,7,32,55,0,94,0,0,0,94
08/31/2008,TLH,FL,ASO,ES,Combined TRACON& Tower with Radar,13,39,27,0,79,0,11,17,0,28,13,50,44,0,107,0,0,0,107
09/01/2008,TLH,FL,ASO,ES,Combined TRACON& Tower with Radar,6,47,15,4,72,0,2,13,0,15,6,49,28,4,87,4,0,4,91
09/02/2008,TLH,FL,ASO,ES,Combined TRACON& Tower with Radar,16,65,28,12,121,0,6,19,2,27,16,71,47,14,148,2,0,2,150
09/03/2008,TLH,FL,ASO,ES,Combined TRACON& Tower with Radar,7,85,34,45,171,0,1,42,4,47,7,86,76,49,218,34,8,42,260
09/04/2008,TLH,FL,ASO,ES,Combined TRACON& Tower with Radar,17,73,75,14,179,0,4,54,5,63,17,77,129,19,242,10,0,10,252
09/05/2008,TLH,FL,ASO,ES,Combined TRACON& Tower with Radar,12,79,45,23,159,0,0,32,5,37,12,79,77,28,196,66,12,78,274
09/06/2008,TLH,FL,ASO,ES,Combined TRACON& Tower with Radar,14,24,39,6,83,0,2,51,0,53,14,26,90,6,136,16,0,16,152
09/07/2008,TLH,FL,ASO,ES,Combined TRACON& Tower with Radar,3,46,37,19,105,0,5,35,4,44,3,51,72,23,149,46,8,54,203
09/08/2008,TLH,FL,ASO,ES,Combined TRACON& Tower with Radar,11,73,23,14,121,0,0,42,2,44,11,73,65,16,165,20,8,28,193
09/09/2008,TLH,FL,ASO,ES,Combined TRACON& Tower with Radar,13,78,28,33,152,0,0,14,11,25,13,78,42,44,177,38,30,68,245
09/10/2008,TLH,FL,ASO,ES,Combined TRACON& Tower with Radar,14,73,49,13,149,0,5,24,1,30,14,78,73,14,179,6,0,6,185
09/11/2008,TLH,FL,ASO,ES,Combined TRACON& Tower with Radar,12,78,34,19,143,0,4,20,1,25,12,82,54,20,168,24,28,52,220
09/12/2008,TLH,FL,ASO,ES,Combined TRACON& Tower with Radar,13,75,54,67,209,0,1,10,5,16,13,76,64,72,225,10,14,24,249
09/13/2008,TLH,FL,ASO,ES,Combined TRACON& Tower with Radar,10,36,54,5,105,0,4,28,0,32,10,40,82,5,137,44,0,44,181
09/14/2008,TLH,FL,ASO,ES,Combined TRACON& Tower with Radar,5,46,50,37,138,0,5,42,12,59,5,51,92,49,197,30,24,54,251
09/15/2008,TLH,FL,ASO,ES,Combined TRACON& Tower with Radar,10,74,38,26,148,0,0,21,8,29,10,74,59,34,177,42,20,62,239
09/16/2008,TLH,FL,ASO,ES,Combined TRACON& Tower with Radar,13,86,51,16,166,13,86,70,18,187,26,172,121,34,353,8,0,8,361
09/17/2008,TLH,FL,ASO,ES,Combined TRACON& Tower with Radar,5,76,49,39,169,0,0,46,11,57,5,76,95,50,226,40,48,88,314
09/18/2008,TLH,FL,ASO,ES,Combined TRACON& Tower with Radar,11,73,70,6,160,0,2,26,4,32,11,75,96,10,192,6,0,6,198
09/19/2008,TLH,FL,ASO,ES,Combined TRACON& Tower with Radar,20,70,46,10,146,0,1,45,12,58,20,71,91,22,204,24,0,24,228
09/20/2008,TLH,FL,ASO,ES,Combined TRACON& Tower with Radar,8,30,43,0,81,0,0,57,2,59,8,30,100,2,140,0,32,32,172
09/21/2008,TLH,FL,ASO,ES,Combined TRACON& Tower with Radar,6,57,99,9,171,0,12,36,8,56,6,69,135,17,227,14,4,18,245
09/22/2008,TLH,FL,ASO,ES,Combined TRACON& Tower with Radar,12,60,66,14,152,0,0,15,3,18,12,60,81,17,170,8,0,8,178
09/23/2008,TLH,FL,ASO,ES,Combined TRACON& Tower with Radar,14,68,46,28,156,0,5,43,7,55,14,73,89,35,211,14,36,50,261
09/24/2008,TLH,FL,ASO,ES,Combined TRACON& Tower with Radar,17,67,71,17,172,0,2,51,3,56,17,69,122,20,228,14,0,14,242
09/25/2008,TLH,FL,ASO,ES,Combined TRACON& Tower with Radar,14,79,49,12,154,0,2,44,3,49,14,81,93,15,203,36,44,80,283
09/26/2008,TLH,FL,ASO,ES,Combined TRACON& Tower with Radar,14,69,55,16,154,0,2,45,3,50,14,71,100,19,204,8,36,44,248
09/27/2008,TLH,FL,ASO,ES,Combined TRACON& Tower with Radar,11,23,66,2,102,0,2,38,1,41,11,25,104,3,143,8,0,8,151
09/28/2008,TLH,FL,ASO,ES,Combined TRACON& Tower with Radar,5,38,30,13,86,0,3,41,3,47,5,41,71,16,133,50,0,50,183
09/29/2008,TLH,FL,ASO,ES,Combined TRACON& Tower with Radar,9,64,27,30,130,0,3,38,3,44,9,67,65,33,174,42,0,42,216
09/30/2008,TLH,FL,ASO,ES,Combined TRACON& Tower with Radar,20,48,47,17,132,0,4,40,2,46,20,52,87,19,178,18,0,18,196
10/01/2008,TLH,FL,ASO,ES,Combined TRACON& Tower with Radar,14,68,56,14,152,0,3,41,5,49,14,71,97,19,201,48,6,54,255
10/02/2008,TLH,FL,ASO,ES,Combined TRACON& Tower with Radar,14,58,39,27,138,0,7,49,3,59,14,65,88,30,197,35,4,39,236
10/03/2008,TLH,FL,ASO,ES,Combined TRACON& Tower with Radar,17,61,43,57,178,0,2,41,2,45,17,63,84,59,223,30,6,36,259
10/04/2008,TLH,FL,ASO,ES,Combined TRACON& Tower with Radar,10,23,33,15,81,0,0,54,2,56,10,23,87,17,137,70,14,84,221
10/05/2008,TLH,FL,ASO,ES,Combined TRACON& Tower with Radar,6,35,33,25,99,0,5,57,13,75,6,40,90,38,174,32,16,48,222
10/06/2008,TLH,FL,ASO,ES,Combined TRACON& Tower with Radar,14,59,33,22,128,0,2,38,0,40,14,61,71,22,168,0,0,0,168
10/07/2008,TLH,FL,ASO,ES,Combined TRACON& Tower with Radar,17,66,51,14,148,0,6,15,1,22,17,72,66,15,170,28,0,28,198
10/08/2008,TLH,FL,ASO,ES,Combined TRACON& Tower with Radar,15,78,66,4,163,0,0,2,0,2,15,78,68,4,165,0,20,20,185
10/09/2008,TLH,FL,ASO,ES,Combined TRACON& Tower with Radar,12,67,56,15,150,0,12,37,0,49,12,79,93,15,199,50,0,50,249
10/10/2008,TLH,FL,ASO,ES,Combined TRACON& Tower with Radar,15,58,77,21,171,0,0,42,0,42,15,58,119,21,213,20,0,20,233
10/11/2008,TLH,FL,ASO,ES,Combined TRACON& Tower with Radar,11,23,46,0,80,0,1,19,0,20,11,24,65,0,100,26,0,26,126
10/12/2008,TLH,FL,ASO,ES,Combined TRACON& Tower with Radar,5,38,40,7,90,0,3,25,0,28,5,41,65,7,118,6,0,6,124
10/13/2008,TLH,FL,ASO,ES,Combined TRACON& Tower with Radar,15,46,36,0,97,0,1,20,0,21,15,47,56,0,118,42,0,42,160
10/14/2008,TLH,FL,ASO,ES,Combined TRACON& Tower with Radar,14,62,69,25,170,0,7,28,9,44,14,69,97,34,214,52,2,54,268
10/15/2008,TLH,FL,ASO,ES,Combined TRACON& Tower with Radar,30,63,44,23,160,0,5,66,6,77,30,68,110,29,237,6,28,34,271
10/16/2008,TLH,FL,ASO,ES,Combined TRACON& Tower with Radar,12,69,54,23,158,0,7,48,8,63,12,76,102,31,221,46,0,46,267
10/17/2008,TLH,FL,ASO,ES,Combined TRACON& Tower with Radar,19,49,37,66,171,0,0,40,7,47,19,49,77,73,218,28,24,52,270
10/18/2008,TLH,FL,ASO,ES,Combined TRACON& Tower with Radar,5,29,31,4,69,0,1,24,0,25,5,30,55,4,94,14,6,20,114
10/19/2008,TLH,FL,ASO,ES,Combined TRACON& Tower with Radar,4,44,20,29,97,0,3,44,13,60,4,47,64,42,157,22,0,22,179
10/20/2008,TLH,FL,ASO,ES,Combined TRACON& Tower with Radar,12,60,46,28,146,0,10,27,3,40,12,70,73,31,186,32,26,58,244
10/21/2008,TLH,FL,ASO,ES,Combined TRACON& Tower with Radar,18,61,47,21,147,0,7,25,4,36,18,68,72,25,183,22,10,32,215
10/22/2008,TLH,FL,ASO,ES,Combined TRACON& Tower with Radar,14,68,54,35,171,0,2,49,0,51,14,70,103,35,222,26,4,30,252
10/23/2008,TLH,FL,ASO,ES,Combined TRACON& Tower with Radar,8,67,76,19,170,0,0,18,1,19,8,67,94,20,189,0,18,18,207
10/24/2008,TLH,FL,ASO,ES,Combined TRACON& Tower with Radar,16,76,69,22,183,0,0,1,0,1,16,76,70,22,184,0,0,0,184
10/25/2008,TLH,FL,ASO,ES,Combined TRACON& Tower with Radar,11,51,64,2,128,0,0,40,3,43,11,51,104,5,171,58,0,58,229
10/26/2008,TLH,FL,ASO,ES,Combined TRACON& Tower with Radar,8,46,83,18,155,0,12,81,1,94,8,58,164,19,249,58,12,70,319
10/27/2008,TLH,FL,ASO,ES,Combined TRACON& Tower with Radar,12,65,60,37,174,0,6,26,1,33,12,71,86,38,207,10,18,28,235
10/28/2008,TLH,FL,ASO,ES,Combined TRACON& Tower with Radar,14,59,38,47,158,0,2,36,15,53,14,61,74,62,211,20,12,32,243
10/29/2008,TLH,FL,ASO,ES,Combined TRACON& Tower with Radar,8,66,51,36,161,0,1,44,9,54,8,67,95,45,215,60,0,60,275
10/30/2008,TLH,FL,ASO,ES,Combined TRACON& Tower with Radar,15,64,64,43,186,0,5,45,2,52,15,69,109,45,238,36,24,60,298
10/31/2008,TLH,FL,ASO,ES,Combined TRACON& Tower with Radar,10,64,38,26,138,0,4,35,9,48,10,68,73,35,186,42,14,56,242
11/01/2008,TLH,FL,ASO,ES,Combined TRACON& Tower with Radar,8,27,24,3,62,0,0,56,0,56,8,27,80,3,118,26,0,26,144
11/02/2008,TLH,FL,ASO,ES,Combined TRACON& Tower with Radar,11,38,35,28,112,0,0,40,3,43,11,38,75,31,155,18,4,22,177
11/03/2008,TLH,FL,ASO,ES,Combined TRACON& Tower with Radar,9,66,44,33,152,0,1,50,0,51,9,67,94,33,203,36,28,64,267
11/04/2008,TLH,FL,ASO,ES,Combined TRACON& Tower with Radar,11,59,35,26,131,0,1,11,1,13,11,60,46,27,144,48,8,56,200
11/05/2008,TLH,FL,ASO,ES,Combined TRACON& Tower with Radar,7,68,58,21,154,0,3,47,3,53,7,71,105,24,207,20,8,28,235
11/06/2008,TLH,FL,ASO,ES,Combined TRACON& Tower with Radar,8,68,55,8,139,0,1,54,16,71,8,69,109,24,210,40,26,66,276
11/07/2008,TLH,FL,ASO,ES,Combined TRACON& Tower with Radar,10,69,90,69,238,0,2,71,13,86,10,71,161,82,324,16,24,40,364
11/08/2008,TLH,FL,ASO,ES,Combined TRACON& Tower with Radar,9,30,58,2,99,0,1,66,0,67,9,31,124,2,166,68,0,68,234
11/09/2008,TLH,FL,ASO,ES,Combined TRACON& Tower with Radar,6,36,56,19,117,0,9,61,11,81,6,45,117,30,198,60,23,83,281
11/10/2008,TLH,FL,ASO,ES,Combined TRACON& Tower with Radar,12,58,41,17,128,0,1,33,3,37,12,59,74,20,165,96,0,96,261
11/11/2008,TLH,FL,ASO,ES,Combined TRACON& Tower with Radar,12,42,42,2,98,0,2,37,0,39,12,44,79,2,137,12,0,12,149
11/12/2008,TLH,FL,ASO,ES,Combined TRACON& Tower with Radar,9,79,49,51,188,0,0,21,3,24,9,79,70,54,212,68,10,78,290
11/13/2008,TLH,FL,ASO,ES,Combined TRACON& Tower with Radar,17,70,71,19,177,0,0,2,0,2,17,70,73,19,179,0,0,0,179
11/14/2008,TLH,FL,ASO,ES,Combined TRACON& Tower with Radar,21,48,43,30,142,0,0,5,3,8,21,48,48,33,150,12,0,12,162
11/15/2008,TLH,FL,ASO,ES,Combined TRACON& Tower with Radar,12,43,51,4,110,0,0,16,6,22,12,43,67,10,132,0,2,2,134
11/16/2008,TLH,FL,ASO,ES,Combined TRACON& Tower with Radar,8,34,73,44,159,0,12,69,9,90,8,46,142,53,249,52,36,88,337
11/17/2008,TLH,FL,ASO,ES,Combined TRACON& Tower with Radar,14,59,49,17,139,0,8,39,4,51,14,67,88,21,190,76,8,84,274
11/18/2008,TLH,FL,ASO,ES,Combined TRACON& Tower with Radar,18,58,57,17,150,0,8,45,10,63,18,66,102,27,213,34,36,70,283
11/19/2008,TLH,FL,ASO,ES,Combined TRACON& Tower with Radar,17,56,41,17,131,0,1,40,4,45,17,57,81,21,176,10,68,78,254
11/20/2008,TLH,FL,ASO,ES,Combined TRACON& Tower with Radar,15,68,78,23,184,0,3,56,0,59,15,71,134,23,243,24,18,42,285
11/21/2008,TLH,FL,ASO,ES,Combined TRACON& Tower with Radar,15,58,45,71,189,0,5,32,9,46,15,63,77,80,235,2,64,66,301
11/22/2008,TLH,FL,ASO,ES,Combined TRACON& Tower with Radar,11,28,42,8,89,0,8,59,3,70,11,36,101,11,159,54,4,58,217
11/23/2008,TLH,FL,ASO,ES,Combined TRACON& Tower with Radar,13,30,36,23,102,0,4,43,10,57,13,34,79,33,159,44,24,68,227
11/24/2008,TLH,FL,ASO,ES,Combined TRACON& Tower with Radar,16,50,33,20,119,0,9,25,5,39,16,59,58,25,158,94,0,94,252
11/25/2008,TLH,FL,ASO,ES,Combined TRACON& Tower with Radar,10,60,51,25,146,0,1,57,4,62,10,61,108,29,208,70,22,92,300
11/26/2008,TLH,FL,ASO,ES,Combined TRACON& Tower with Radar,11,62,46,16,135,0,0,55,1,56,11,62,101,17,191,43,28,71,262
11/27/2008,TLH,FL,ASO,ES,Combined TRACON& Tower with Radar,4,26,14,0,44,0,3,29,0,32,4,29,43,0,76,0,0,0,76
11/28/2008,TLH,FL,ASO,ES,Combined TRACON& Tower with Radar,10,37,35,0,82,0,1,14,0,15,10,38,49,0,97,4,0,4,101
11/29/2008,TLH,FL,ASO,ES,Combined TRACON& Tower with Radar,8,53,160,0,221,0,0,16,0,16,8,53,176,0,237,76,0,76,313
11/30/2008,TLH,FL,ASO,ES,Combined TRACON& Tower with Radar,9,39,84,0,132,0,6,8,0,14,9,45,92,0,146,0,0,0,146
12/01/2008,TLH,FL,ASO,ES,Combined TRACON& Tower with Radar,7,56,53,134,250,0,0,27,7,34,7,56,80,141,284,24,56,80,364
12/02/2008,TLH,FL,ASO,ES,Combined TRACON& Tower with Radar,17,62,54,38,171,0,0,35,0,35,17,62,89,38,206,86,0,86,292
12/03/2008,TLH,FL,ASO,ES,Combined TRACON& Tower with Radar,16,63,44,41,164,0,2,38,2,42,16,65,82,43,206,10,12,22,228
12/04/2008,TLH,FL,ASO,ES,Combined TRACON& Tower with Radar,13,62,43,38,156,0,2,54,6,62,13,64,97,44,218,108,112,220,438
12/05/2008,TLH,FL,ASO,ES,Combined TRACON& Tower with Radar,15,54,50,56,175,0,0,8,12,20,15,54,58,68,195,12,14,26,221
12/06/2008,TLH,FL,ASO,ES,Combined TRACON& Tower with Radar,11,22,32,10,75,0,1,40,1,42,11,23,72,11,117,64,0,64,181
12/07/2008,TLH,FL,ASO,ES,Combined TRACON& Tower with Radar,7,32,30,11,80,0,5,78,19,102,7,37,108,30,182,86,8,94,276
12/08/2008,TLH,FL,ASO,ES,Combined TRACON& Tower with Radar,8,59,50,16,133,0,6,56,5,67,8,65,106,21,200,62,12,74,274
12/09/2008,TLH,FL,ASO,ES,Combined TRACON& Tower with Radar,22,44,45,14,125,0,7,24,4,35,22,51,69,18,160,16,0,16,176
12/10/2008,TLH,FL,ASO,ES,Combined TRACON& Tower with Radar,15,61,37,0,113,0,0,0,0,0,15,61,37,0,113,0,0,0,113
12/11/2008,TLH,FL,ASO,ES,Combined TRACON& Tower with Radar,21,66,40,7,134,0,0,3,0,3,21,66,43,7,137,0,0,0,137
12/12/2008,TLH,FL,ASO,ES,Combined TRACON& Tower with Radar,26,67,81,38,212,0,1,58,12,71,26,68,139,50,283,34,24,58,341
12/13/2008,TLH,FL,ASO,ES,Combined TRACON& Tower with Radar,0,0,0,0,0,0,0,0,0,0,0,0,0,0,0,66,38,104,104
12/14/2008,TLH,FL,ASO,ES,Combined TRACON& Tower with Radar,4,31,38,22,95,0,1,31,6,38,4,32,69,28,133,58,38,96,229
12/15/2008,TLH,FL,ASO,ES,Combined TRACON& Tower with Radar,9,63,60,43,175,0,8,16,7,31,9,71,76,50,206,30,0,30,236
12/16/2008,TLH,FL,ASO,ES,Combined TRACON& Tower with Radar,20,59,72,34,185,0,2,28,4,34,20,61,100,38,219,38,38,76,295
12/17/2008,TLH,FL,ASO,ES,Combined TRACON& Tower with Radar,14,69,66,44,193,0,1,47,7,55,14,70,113,51,248,26,70,96,344
12/18/2008,TLH,FL,ASO,ES,Combined TRACON& Tower with Radar,19,61,61,14,155,0,1,41,5,47,19,62,102,19,202,84,18,102,304
12/19/2008,TLH,FL,ASO,ES,Combined TRACON& Tower with Radar,14,63,57,52,186,0,2,49,0,51,14,65,106,52,237,50,22,72,309
12/20/2008,TLH,FL,ASO,ES,Combined TRACON& Tower with Radar,9,21,39,24,93,0,1,29,1,31,9,22,68,25,124,0,6,6,130
12/21/2008,TLH,FL,ASO,ES,Combined TRACON& Tower with Radar,6,36,21,0,63,0,0,6,0,6,6,36,27,0,69,6,0,6,75
12/22/2008,TLH,FL,ASO,ES,Combined TRACON& Tower with Radar,13,50,47,6,116,0,0,45,2,47,13,50,92,8,163,24,0,24,187
12/23/2008,TLH,FL,ASO,ES,Combined TRACON& Tower with Radar,20,45,35,86,186,0,0,56,2,58,20,45,91,88,244,20,10,30,274
12/24/2008,TLH,FL,ASO,ES,Combined TRACON& Tower with Radar,18,42,15,1,76,0,0,15,0,15,18,42,30,1,91,18,0,18,109
12/25/2008,TLH,FL,ASO,ES,Combined TRACON& Tower with Radar,5,33,16,0,54,0,0,7,0,7,5,33,23,0,61,0,0,0,61
12/26/2008,TLH,FL,ASO,ES,Combined TRACON& Tower with Radar,8,40,48,0,96,0,0,19,0,19,8,40,67,0,115,0,0,0,115
12/27/2008,TLH,FL,ASO,ES,Combined TRACON& Tower with Radar,9,27,19,0,55,0,0,15,0,15,9,27,34,0,70,2,0,2,72
12/28/2008,TLH,FL,ASO,ES,Combined TRACON& Tower with Radar,3,45,25,1,74,0,2,22,0,24,3,47,47,1,98,20,0,20,118
12/29/2008,TLH,FL,ASO,ES,Combined TRACON& Tower with Radar,4,61,24,2,91,0,9,14,0,23,4,70,38,2,114,12,0,12,126
12/30/2008,TLH,FL,ASO,ES,Combined TRACON& Tower with Radar,14,47,36,44,141,0,5,61,3,69,14,52,97,47,210,62,18,80,290
12/31/2008,TLH,FL,ASO,ES,Combined TRACON& Tower with Radar,13,47,21,0,81,0,4,50,0,54,13,51,71,0,135,18,0,18,153
01/01/2009,TLH,FL,ASO,ES,Combined TRACON& Tower with Radar,8,38,21,0,67,0,2,23,0,25,8,40,44,0,92,16,0,16,108
01/02/2009,TLH,FL,ASO,ES,Combined TRACON& Tower with Radar,2,46,49,0,97,0,0,31,0,31,2,46,80,0,128,30,0,30,158
01/03/2009,TLH,FL,ASO,ES,Combined TRACON& Tower with Radar,8,28,34,1,71,0,0,19,0,19,8,28,53,1,90,26,0,26,116
01/04/2009,TLH,FL,ASO,ES,Combined TRACON& Tower with Radar,6,31,41,0,78,0,10,31,0,41,6,41,72,0,119,50,0,50,169
01/05/2009,TLH,FL,ASO,ES,Combined TRACON& Tower with Radar,4,64,39,22,129,0,8,24,5,37,4,72,63,27,166,48,0,48,214
01/06/2009,TLH,FL,ASO,ES,Combined TRACON& Tower with Radar,14,58,46,142,260,0,2,13,0,15,14,60,59,142,275,36,38,74,349
01/07/2009,TLH,FL,ASO,ES,Combined TRACON& Tower with Radar,3,64,40,23,130,0,0,15,15,30,3,64,55,38,160,26,4,30,190
01/08/2009,TLH,FL,ASO,ES,Combined TRACON& Tower with Radar,8,69,60,10,147,0,0,40,3,43,8,69,100,13,190,48,90,138,328
01/09/2009,TLH,FL,ASO,ES,Combined TRACON& Tower with Radar,10,63,71,100,244,0,2,65,12,79,10,65,136,112,323,90,52,142,465
01/10/2009,TLH,FL,ASO,ES,Combined TRACON& Tower with Radar,7,24,60,89,180,0,2,49,2,53,7,26,109,91,233,64,60,124,357
01/11/2009,TLH,FL,ASO,ES,Combined TRACON& Tower with Radar,6,42,39,41,128,0,0,0,1,1,6,42,39,42,129,16,0,16,145
01/12/2009,TLH,FL,ASO,ES,Combined TRACON& Tower with Radar,3,67,58,25,153,0,8,30,1,39,3,75,88,26,192,58,16,74,266
01/13/2009,TLH,FL,ASO,ES,Combined TRACON& Tower with Radar,8,67,72,34,181,0,0,22,6,28,8,67,94,40,209,56,18,74,283
01/14/2009,TLH,FL,ASO,ES,Combined TRACON& Tower with Radar,6,63,72,55,196,0,3,77,4,84,6,66,149,59,280,46,17,63,343
01/15/2009,TLH,FL,ASO,ES,Combined TRACON& Tower with Radar,2,69,66,21,158,0,6,54,6,66,2,75,120,27,224,68,4,72,296
01/16/2009,TLH,FL,ASO,ES,Combined TRACON& Tower with Radar,6,68,54,41,169,0,0,36,6,42,6,68,90,47,211,16,56,72,283
01/17/2009,TLH,FL,ASO,ES,Combined TRACON& Tower with Radar,13,15,23,6,57,0,5,49,2,56,13,20,72,8,113,30,0,30,143
01/18/2009,TLH,FL,ASO,ES,Combined TRACON& Tower with Radar,8,40,19,15,82,0,0,12,1,13,8,40,31,16,95,2,0,2,97
01/19/2009,TLH,FL,ASO,ES,Combined TRACON& Tower with Radar,11,44,31,0,86,0,4,34,1,39,11,48,65,1,125,48,0,48,173
01/20/2009,TLH,FL,ASO,ES,Combined TRACON& Tower with Radar,4,67,50,71,192,0,0,32,6,38,4,67,82,77,230,10,102,112,342
01/21/2009,TLH,FL,ASO,ES,Combined TRACON& Tower with Radar,2,64,57,37,160,0,0,55,5,60,2,64,112,42,220,12,3,15,235
01/22/2009,TLH,FL,ASO,ES,Combined TRACON& Tower with Radar,14,69,47,20,150,0,5,55,3,63,14,74,102,23,213,40,27,67,280
01/23/2009,TLH,FL,ASO,ES,Combined TRACON& Tower with Radar,7,75,63,49,194,0,0,74,22,96,7,75,137,71,290,150,8,158,448
01/24/2009,TLH,FL,ASO,ES,Combined TRACON& Tower with Radar,4,29,23,34,90,0,2,30,2,34,4,31,53,36,124,35,20,55,179
01/25/2009,TLH,FL,ASO,ES,Combined TRACON& Tower with Radar,5,45,26,13,89,0,0,7,1,8,5,45,33,14,97,6,0,6,103
01/26/2009,TLH,FL,ASO,ES,Combined TRACON& Tower with Radar,7,62,41,73,183,0,1,24,7,32,7,63,65,80,215,5,16,21,236
01/27/2009,TLH,FL,ASO,ES,Combined TRACON& Tower with Radar,4,72,65,16,157,0,1,30,1,32,4,73,95,17,189,46,28,74,263
01/28/2009,TLH,FL,ASO,ES,Combined TRACON& Tower with Radar,12,60,59,14,145,0,1,1,1,3,12,61,60,15,148,0,18,18,166
01/29/2009,TLH,FL,ASO,ES,Combined TRACON& Tower with Radar,8,58,78,23,167,0,0,19,0,19,8,58,97,23,186,22,0,22,208
01/30/2009,TLH,FL,ASO,ES,Combined TRACON& Tower with Radar,7,63,42,22,134,0,0,45,10,55,7,63,87,32,189,22,6,28,217
01/31/2009,TLH,FL,ASO,ES,Combined TRACON& Tower with Radar,3,39,37,17,96,0,1,64,1,66,3,40,101,18,162,42,34,76,238
02/01/2009,TLH,FL,ASO,ES,Combined TRACON& Tower with Radar,6,40,14,4,64,0,1,44,2,47,6,41,58,6,111,18,2,20,131
02/02/2009,TLH,FL,ASO,ES,Combined TRACON& Tower with Radar,2,54,71,5,132,0,0,17,8,25,2,54,88,13,157,16,0,16,173
02/03/2009,TLH,FL,ASO,ES,Combined TRACON& Tower with Radar,4,68,73,40,185,0,3,46,2,51,4,71,119,42,236,30,0,30,266
02/04/2009,TLH,FL,ASO,ES,Combined TRACON& Tower with Radar,4,68,87,22,181,0,2,30,1,33,4,70,117,23,214,4,0,4,218
02/05/2009,TLH,FL,ASO,ES,Combined TRACON& Tower with Radar,3,71,71,39,184,0,0,67,0,67,3,71,138,39,251,54,22,76,327
02/06/2009,TLH,FL,ASO,ES,Combined TRACON& Tower with Radar,1,76,47,33,157,0,1,65,13,79,1,77,112,46,236,88,22,110,346
02/07/2009,TLH,FL,ASO,ES,Combined TRACON& Tower with Radar,6,26,29,9,70,0,18,64,5,87,6,44,93,14,157,150,34,184,341
02/08/2009,TLH,FL,ASO,ES,Combined TRACON& Tower with Radar,7,41,44,62,154,0,8,57,10,75,7,49,101,72,229,88,74,162,391
02/09/2009,TLH,FL,ASO,ES,Combined TRACON& Tower with Radar,6,52,44,40,142,0,10,47,7,64,6,62,91,47,206,50,22,72,278
02/10/2009,TLH,FL,ASO,ES,Combined TRACON& Tower with Radar,10,61,55,33,159,0,8,47,11,66,10,69,102,44,225,6,4,10,235
02/11/2009,TLH,FL,ASO,ES,Combined TRACON& Tower with Radar,4,66,47,23,140,0,5,9,5,19,4,71,56,28,159,24,10,34,193
02/12/2009,TLH,FL,ASO,ES,Combined TRACON& Tower with Radar,10,70,62,46,188,0,5,31,11,47,10,75,93,57,235,96,36,132,367
02/13/2009,TLH,FL,ASO,ES,Combined TRACON& Tower with Radar,9,64,43,18,134,0,3,45,1,49,9,67,88,19,183,42,20,62,245
02/14/2009,TLH,FL,ASO,ES,Combined TRACON& Tower with Radar,4,40,33,0,77,0,0,1,0,1,4,40,34,0,78,0,0,0,78
02/15/2009,TLH,FL,ASO,ES,Combined TRACON& Tower with Radar,6,47,60,1,114,0,4,20,4,28,6,51,80,5,142,12,0,12,154
02/16/2009,TLH,FL,ASO,ES,Combined TRACON& Tower with Radar,8,51,74,5,138,0,5,34,0,39,8,56,108,5,177,34,0,34,211
02/17/2009,TLH,FL,ASO,ES,Combined TRACON& Tower with Radar,6,64,55,31,156,0,2,64,6,72,6,66,119,37,228,32,28,60,288
02/18/2009,TLH,FL,ASO,ES,Combined TRACON& Tower with Radar,3,72,65,18,158,0,4,14,8,26,3,76,79,26,184,2,16,18,202
02/19/2009,TLH,FL,ASO,ES,Combined TRACON& Tower with Radar,12,66,64,2,144,0,5,27,0,32,12,71,91,2,176,24,0,24,200
02/20/2009,TLH,FL,ASO,ES,Combined TRACON& Tower with Radar,12,69,54,23,158,0,0,55,7,62,12,69,109,30,220,78,42,120,340
02/21/2009,TLH,FL,ASO,ES,Combined TRACON& Tower with Radar,0,32,20,7,59,0,7,72,3,82,0,39,92,10,141,8,12,20,161
02/22/2009,TLH,FL,ASO,ES,Combined TRACON& Tower with Radar,4,50,30,45,129,0,3,51,4,58,4,53,81,49,187,78,16,94,281
02/23/2009,TLH,FL,ASO,ES,Combined TRACON& Tower with Radar,1,63,49,70,183,0,7,50,4,61,1,70,99,74,244,96,24,120,364
02/24/2009,TLH,FL,ASO,ES,Combined TRACON& Tower with Radar,9,69,52,26,156,0,2,43,2,47,9,71,95,28,203,20,28,48,251
02/25/2009,TLH,FL,ASO,ES,Combined TRACON& Tower with Radar,3,65,47,34,149,0,0,26,3,29,3,65,73,37,178,82,8,90,268
02/26/2009,TLH,FL,ASO,ES,Combined TRACON& Tower with Radar,6,69,49,42,166,0,0,38,2,40,6,69,87,44,206,46,0,46,252
02/27/2009,TLH,FL,ASO,ES,Combined TRACON& Tower with Radar,10,74,41,51,176,0,1,46,19,66,10,75,87,70,242,6,50,56,298
02/28/2009,TLH,FL,ASO,ES,Combined TRACON& Tower with Radar,3,30,17,5,55,0,2,7,0,9,3,32,24,5,64,20,0,20,84
03/01/2009,TLH,FL,ASO,ES,Combined TRACON& Tower with Radar,6,33,33,20,92,0,1,11,24,36,6,34,44,44,128,0,4,4,132
03/02/2009,TLH,FL,ASO,ES,Combined TRACON& Tower with Radar,5,69,54,49,177,0,2,55,7,64,5,71,109,56,241,38,18,56,297
03/03/2009,TLH,FL,ASO,ES,Combined TRACON& Tower with Radar,8,57,50,39,154,0,6,64,4,74,8,63,114,43,228,62,22,84,312
03/04/2009,TLH,FL,ASO,ES,Combined TRACON& Tower with Radar,11,63,82,35,191,0,6,71,3,80,11,69,153,38,271,24,6,30,301
03/05/2009,TLH,FL,ASO,ES,Combined TRACON& Tower with Radar,5,71,79,14,169,0,0,60,5,65,5,71,139,19,234,136,8,144,378
03/06/2009,TLH,FL,ASO,ES,Combined TRACON& Tower with Radar,6,77,56,40,179,0,5,105,11,121,6,82,161,51,300,44,14,58,358
03/07/2009,TLH,FL,ASO,ES,Combined TRACON& Tower with Radar,3,38,32,19,92,0,5,75,0,80,3,43,107,19,172,102,14,116,288
03/08/2009,TLH,FL,ASO,ES,Combined TRACON& Tower with Radar,12,47,40,34,133,0,7,70,14,91,12,54,110,48,224,36,44,80,304
03/09/2009,TLH,FL,ASO,ES,Combined TRACON& Tower with Radar,17,60,56,22,155,0,0,34,8,42,17,60,90,30,197,47,26,73,270
03/10/2009,TLH,FL,ASO,ES,Combined TRACON& Tower with Radar,8,72,93,51,224,0,8,50,4,62,8,80,143,55,286,0,2,2,288
03/11/2009,TLH,FL,ASO,ES,Combined TRACON& Tower with Radar,12,70,71,64,217,0,1,30,8,39,12,71,101,72,256,78,50,128,384
03/12/2009,TLH,FL,ASO,ES,Combined TRACON& Tower with Radar,2,81,74,69,226,0,3,73,6,82,2,84,147,75,308,30,28,58,366
03/13/2009,TLH,FL,ASO,ES,Combined TRACON& Tower with Radar,9,70,52,63,194,0,4,41,19,64,9,74,93,82,258,38,50,88,346
03/14/2009,TLH,FL,ASO,ES,Combined TRACON& Tower with Radar,3,37,55,7,102,0,3,23,2,28,3,40,78,9,130,20,0,20,150
03/15/2009,TLH,FL,ASO,ES,Combined TRACON& Tower with Radar,19,39,50,65,173,0,0,13,29,42,19,39,63,94,215,0,20,20,235
03/16/2009,TLH,FL,ASO,ES,Combined TRACON& Tower with Radar,7,65,45,6,123,0,4,3,2,9,7,69,48,8,132,4,26,30,162
03/17/2009,TLH,FL,ASO,ES,Combined TRACON& Tower with Radar,4,69,68,45,186,0,2,46,3,51,4,71,114,48,237,88,16,104,341
03/18/2009,TLH,FL,ASO,ES,Combined TRACON& Tower with Radar,8,73,80,57,218,0,4,56,8,68,8,77,136,65,286,32,44,76,362
03/19/2009,TLH,FL,ASO,ES,Combined TRACON& Tower with Radar,8,70,78,48,204,0,6,49,9,64,8,76,127,57,268,36,22,58,326
03/20/2009,TLH,FL,ASO,ES,Combined TRACON& Tower with Radar,7,68,60,38,173,0,6,56,15,77,7,74,116,53,250,62,2,64,314
03/21/2009,TLH,FL,ASO,ES,Combined TRACON& Tower with Radar,10,31,26,1,68,0,4,48,2,54,10,35,74,3,122,54,0,54,176
03/22/2009,TLH,FL,ASO,ES,Combined TRACON& Tower with Radar,16,39,37,36,128,0,3,69,8,80,16,42,106,44,208,66,12,78,286
03/23/2009,TLH,FL,ASO,ES,Combined TRACON& Tower with Radar,7,67,49,31,154,0,7,30,15,52,7,74,79,46,206,66,0,66,272
03/24/2009,TLH,FL,ASO,ES,Combined TRACON& Tower with Radar,13,74,77,83,247,0,2,57,7,66,13,76,134,90,313,44,66,110,423
03/25/2009,TLH,FL,ASO,ES,Combined TRACON& Tower with Radar,8,66,78,39,191,0,10,71,5,86,8,76,149,44,277,38,66,104,381
03/26/2009,TLH,FL,ASO,ES,Combined TRACON& Tower with Radar,3,68,54,15,140,0,0,12,0,12,3,68,66,15,152,10,16,26,178
03/27/2009,TLH,FL,ASO,ES,Combined TRACON& Tower with Radar,11,76,25,0,112,0,1,6,0,7,11,77,31,0,119,0,0,0,119
03/28/2009,TLH,FL,ASO,ES,Combined TRACON& Tower with Radar,4,24,17,0,45,0,0,1,0,1,4,24,18,0,46,0,0,0,46
03/29/2009,TLH,FL,ASO,ES,Combined TRACON& Tower with Radar,4,52,37,10,103,0,12,26,9,47,4,64,63,19,150,72,0,72,222
03/30/2009,TLH,FL,ASO,ES,Combined TRACON& Tower with Radar,12,57,53,35,157,0,0,77,7,84,12,57,130,42,241,54,14,68,309
03/31/2009,TLH,FL,ASO,ES,Combined TRACON& Tower with Radar,6,64,56,49,175,0,0,21,0,21,6,64,77,49,196,32,0,32,228
04/01/2009,TLH,FL,ASO,ES,Combined TRACON& Tower with Radar,14,81,45,4,144,0,0,1,0,1,14,81,46,4,145,0,0,0,145
04/02/2009,TLH,FL,ASO,ES,Combined TRACON& Tower with Radar,3,79,40,0,122,0,0,0,0,0,3,79,40,0,122,0,0,0,122
04/03/2009,TLH,FL,ASO,ES,Combined TRACON& Tower with Radar,16,92,48,56,212,0,2,49,29,80,16,94,97,85,292,76,46,122,414
04/04/2009,TLH,FL,ASO,ES,Combined TRACON& Tower with Radar,7,40,36,45,128,0,3,59,12,74,7,43,95,57,202,66,52,118,320
04/05/2009,TLH,FL,ASO,ES,Combined TRACON& Tower with Radar,9,50,35,38,132,0,0,5,1,6,9,50,40,39,138,10,0,10,148
04/06/2009,TLH,FL,ASO,ES,Combined TRACON& Tower with Radar,9,72,65,73,219,0,0,27,6,33,9,72,92,79,252,40,22,62,314
04/07/2009,TLH,FL,ASO,ES,Combined TRACON& Tower with Radar,8,86,53,70,217,0,6,28,5,39,8,92,81,75,256,0,82,82,338
04/08/2009,TLH,FL,ASO,ES,Combined TRACON& Tower with Radar,7,81,40,18,146,0,2,66,7,75,7,83,106,25,221,25,70,95,316
04/09/2009,TLH,FL,ASO,ES,Combined TRACON& Tower with Radar,6,74,45,29,154,0,8,66,5,79,6,82,111,34,233,46,22,68,301
04/10/2009,TLH,FL,ASO,ES,Combined TRACON& Tower with Radar,11,69,44,38,162,0,0,34,5,39,11,69,78,43,201,66,132,198,399
04/11/2009,TLH,FL,ASO,ES,Combined TRACON& Tower with Radar,14,51,32,5,102,0,4,32,0,36,14,55,64,5,138,32,0,32,170
04/12/2009,TLH,FL,ASO,ES,Combined TRACON& Tower with Radar,10,51,42,32,135,0,1,66,7,74,10,52,108,39,209,91,0,91,300
04/13/2009,TLH,FL,ASO,ES,Combined TRACON& Tower with Radar,5,48,25,0,78,0,1,5,0,6,5,49,30,0,84,0,0,0,84
04/14/2009,TLH,FL,ASO,ES,Combined TRACON& Tower with Radar,14,72,47,22,155,0,5,18,9,32,14,77,65,31,187,22,14,36,223
04/15/2009,TLH,FL,ASO,ES,Combined TRACON& Tower with Radar,10,74,76,44,204,0,1,63,17,81,10,75,139,61,285,38,66,104,389
04/16/2009,TLH,FL,ASO,ES,Combined TRACON& Tower with Radar,12,76,74,36,198,0,4,67,4,75,12,80,141,40,273,102,36,138,411
04/17/2009,TLH,FL,ASO,ES,Combined TRACON& Tower with Radar,10,82,56,39,187,0,3,53,13,69,10,85,109,52,256,58,6,64,320
04/18/2009,TLH,FL,ASO,ES,Combined TRACON& Tower with Radar,5,43,31,5,84,0,0,66,3,69,5,43,97,8,153,80,22,102,255
04/19/2009,TLH,FL,ASO,ES,Combined TRACON& Tower with Radar,6,49,40,53,148,0,2,56,9,67,6,51,96,62,215,32,26,58,273
04/20/2009,TLH,FL,ASO,ES,Combined TRACON& Tower with Radar,11,73,48,14,146,0,1,39,10,50,11,74,87,24,196,6,0,6,202
04/21/2009,TLH,FL,ASO,ES,Combined TRACON& Tower with Radar,11,74,79,60,224,0,8,55,7,70,11,82,134,67,294,68,46,114,408
04/22/2009,TLH,FL,ASO,ES,Combined TRACON& Tower with Radar,11,75,53,57,196,0,1,62,8,71,11,76,115,65,267,62,10,72,339
04/23/2009,TLH,FL,ASO,ES,Combined TRACON& Tower with Radar,2,80,59,32,173,0,4,62,6,72,2,84,121,38,245,118,28,146,391
04/24/2009,TLH,FL,ASO,ES,Combined TRACON& Tower with Radar,9,74,62,46,191,0,0,68,17,85,9,74,130,63,276,46,14,60,336
04/25/2009,TLH,FL,ASO,ES,Combined TRACON& Tower with Radar,7,37,48,2,94,0,7,47,0,54,7,44,95,2,148,44,0,44,192
04/26/2009,TLH,FL,ASO,ES,Combined TRACON& Tower with Radar,12,48,31,34,125,0,0,46,13,59,12,48,77,47,184,49,44,93,277
04/27/2009,TLH,FL,ASO,ES,Combined TRACON& Tower with Radar,10,65,56,18,149,0,4,46,14,64,10,69,102,32,213,46,2,48,261
04/28/2009,TLH,FL,ASO,ES,Combined TRACON& Tower with Radar,6,83,44,53,186,0,0,50,15,65,6,83,94,68,251,74,2,76,327
04/29/2009,TLH,FL,ASO,ES,Combined TRACON& Tower with Radar,11,71,67,19,168,0,2,67,4,73,11,73,134,23,241,64,8,72,313
04/30/2009,TLH,FL,ASO,ES,Combined TRACON& Tower with Radar,17,63,63,17,160,0,1,37,10,48,17,64,100,27,208,64,40,104,312
05/01/2009,TLH,FL,ASO,ES,Combined TRACON& Tower with Radar,6,80,61,34,181,0,6,48,21,75,6,86,109,55,256,34,16,50,306
05/02/2009,TLH,FL,ASO,ES,Combined TRACON& Tower with Radar,9,41,39,39,128,0,2,30,3,35,9,43,69,42,163,2,18,20,183
05/03/2009,TLH,FL,ASO,ES,Combined TRACON& Tower with Radar,14,44,34,22,114,0,0,37,6,43,14,44,71,28,157,54,2,56,213
05/04/2009,TLH,FL,ASO,ES,Combined TRACON& Tower with Radar,6,69,36,10,121,0,0,16,0,16,6,69,52,10,137,4,0,4,141
05/05/2009,TLH,FL,ASO,ES,Combined TRACON& Tower with Radar,6,81,67,29,183,0,0,18,6,24,6,81,85,35,207,20,4,24,231
05/06/2009,TLH,FL,ASO,ES,Combined TRACON& Tower with Radar,14,72,48,42,176,0,1,34,9,44,14,73,82,51,220,10,42,52,272
05/07/2009,TLH,FL,ASO,ES,Combined TRACON& Tower with Radar,9,80,122,57,268,0,2,35,1,38,9,82,157,58,306,52,36,88,394
05/08/2009,TLH,FL,ASO,ES,Combined TRACON& Tower with Radar,8,77,62,26,173,0,8,39,7,54,8,85,101,33,227,34,14,48,275
05/09/2009,TLH,FL,ASO,ES,Combined TRACON& Tower with Radar,7,30,20,2,59,0,3,27,9,39,7,33,47,11,98,42,16,58,156
05/10/2009,TLH,FL,ASO,ES,Combined TRACON& Tower with Radar,15,40,31,35,121,0,0,36,4,40,15,40,67,39,161,30,2,32,193
05/11/2009,TLH,FL,ASO,ES,Combined TRACON& Tower with Radar,13,65,57,62,197,0,11,36,4,51,13,76,93,66,248,24,26,50,298
05/12/2009,TLH,FL,ASO,ES,Combined TRACON& Tower with Radar,8,73,49,10,140,0,4,30,2,36,8,77,79,12,176,48,4,52,228
05/13/2009,TLH,FL,ASO,ES,Combined TRACON& Tower with Radar,20,70,44,36,170,0,3,30,1,34,20,73,74,37,204,70,16,86,290
05/14/2009,TLH,FL,ASO,ES,Combined TRACON& Tower with Radar,9,81,55,45,190,0,0,40,9,49,9,81,95,54,239,12,4,16,255
05/15/2009,TLH,FL,ASO,ES,Combined TRACON& Tower with Radar,10,77,44,43,174,0,2,55,12,69,10,79,99,55,243,54,8,62,305
05/16/2009,TLH,FL,ASO,ES,Combined TRACON& Tower with Radar,7,34,30,2,73,0,180,43,1,224,7,214,73,3,297,20,0,20,317
05/17/2009,TLH,FL,ASO,ES,Combined TRACON& Tower with Radar,9,49,31,10,99,0,182,18,4,204,9,231,49,14,303,6,0,6,309
05/18/2009,TLH,FL,ASO,ES,Combined TRACON& Tower with Radar,10,61,44,30,145,0,0,7,5,12,10,61,51,35,157,0,4,4,161
05/19/2009,TLH,FL,ASO,ES,Combined TRACON& Tower with Radar,6,79,32,12,129,0,0,18,0,18,6,79,50,12,147,14,0,14,161
05/20/2009,TLH,FL,ASO,ES,Combined TRACON& Tower with Radar,8,73,20,7,108,0,0,5,0,5,8,73,25,7,113,0,0,0,113
05/21/2009,TLH,FL,ASO,ES,Combined TRACON& Tower with Radar,7,72,56,18,153,0,0,13,1,14,7,72,69,19,167,10,6,16,183
05/22/2009,TLH,FL,ASO,ES,Combined TRACON& Tower with Radar,12,76,37,3,128,0,0,16,0,16,12,76,53,3,144,36,4,40,184
05/23/2009,TLH,FL,ASO,ES,Combined TRACON& Tower with Radar,33,16,0,60,109,4,7,0,11,22,37,23,0,71,131,36,0,36,167
05/24/2009,TLH,FL,ASO,ES,Combined TRACON& Tower with Radar,9,38,12,10,69,0,0,16,2,18,9,38,28,12,87,36,16,52,139
05/25/2009,TLH,FL,ASO,ES,Combined TRACON& Tower with Radar,4,55,35,4,98,0,4,11,0,15,4,59,46,4,113,18,0,18,131
05/26/2009,TLH,FL,ASO,ES,Combined TRACON& Tower with Radar,6,77,28,5,116,0,1,6,0,7,6,78,34,5,123,20,0,20,143
05/27/2009,TLH,FL,ASO,ES,Combined TRACON& Tower with Radar,4,84,43,36,167,0,0,17,0,17,4,84,60,36,184,10,0,10,194
05/28/2009,TLH,FL,ASO,ES,Combined TRACON& Tower with Radar,6,75,52,41,174,0,5,23,2,30,6,80,75,43,204,44,6,50,254
05/29/2009,TLH,FL,ASO,ES,Combined TRACON& Tower with Radar,13,79,42,44,178,0,0,37,9,46,13,79,79,53,224,98,6,104,328
05/30/2009,TLH,FL,ASO,ES,Combined TRACON& Tower with Radar,10,36,34,2,82,0,0,74,2,76,10,36,108,4,158,42,0,42,200
05/31/2009,TLH,FL,ASO,ES,Combined TRACON& Tower with Radar,7,53,25,33,118,0,19,87,12,118,7,72,112,45,236,96,38,134,370
06/01/2009,TLH,FL,ASO,ES,Combined TRACON& Tower with Radar,4,76,29,42,151,0,9,47,15,71,4,85,76,57,222,106,36,142,364
06/02/2009,TLH,FL,ASO,ES,Combined TRACON& Tower with Radar,5,79,64,147,295,0,1,57,16,74,5,80,121,163,369,20,38,58,427
06/03/2009,TLH,FL,ASO,ES,Combined TRACON& Tower with Radar,14,72,38,24,148,0,2,20,3,25,14,74,58,27,173,10,12,22,195
06/04/2009,TLH,FL,ASO,ES,Combined TRACON& Tower with Radar,5,70,42,14,131,0,0,15,2,17,5,70,57,16,148,4,0,4,152
06/05/2009,TLH,FL,ASO,ES,Combined TRACON& Tower with Radar,3,71,43,0,117,0,0,10,0,10,3,71,53,0,127,12,0,12,139
06/06/2009,TLH,FL,ASO,ES,Combined TRACON& Tower with Radar,9,42,54,4,109,0,2,32,2,36,9,44,86,6,145,72,4,76,221
06/07/2009,TLH,FL,ASO,ES,Combined TRACON& Tower with Radar,12,43,30,21,106,0,3,29,3,35,12,46,59,24,141,66,0,66,207
06/08/2009,TLH,FL,ASO,ES,Combined TRACON& Tower with Radar,7,67,39,19,132,0,4,39,9,52,7,71,78,28,184,76,34,110,294
06/09/2009,TLH,FL,ASO,ES,Combined TRACON& Tower with Radar,5,77,42,35,159,0,5,45,2,52,5,82,87,37,211,82,40,122,333
06/10/2009,TLH,FL,ASO,ES,Combined TRACON& Tower with Radar,4,71,73,78,226,0,8,48,4,60,4,79,121,82,286,14,48,62,348
06/11/2009,TLH,FL,ASO,ES,Combined TRACON& Tower with Radar,13,69,34,45,161,0,5,51,3,59,13,74,85,48,220,76,0,76,296
06/12/2009,TLH,FL,ASO,ES,Combined TRACON& Tower with Radar,13,63,62,60,198,0,7,49,17,73,13,70,111,77,271,32,24,56,327
06/13/2009,TLH,FL,ASO,ES,Combined TRACON& Tower with Radar,11,34,32,12,89,0,5,40,2,47,11,39,72,14,136,40,0,40,176
06/14/2009,TLH,FL,ASO,ES,Combined TRACON& Tower with Radar,8,48,26,19,101,0,9,29,12,50,8,57,55,31,151,42,28,70,221
06/15/2009,TLH,FL,ASO,ES,Combined TRACON& Tower with Radar,4,77,36,16,133,0,3,34,5,42,4,80,70,21,175,24,30,54,229
06/16/2009,TLH,FL,ASO,ES,Combined TRACON& Tower with Radar,1,90,59,16,166,0,7,57,7,71,1,97,116,23,237,106,24,130,367
06/17/2009,TLH,FL,ASO,ES,Combined TRACON& Tower with Radar,9,89,65,4,167,0,4,68,2,74,9,93,133,6,241,44,12,56,297
06/18/2009,TLH,FL,ASO,ES,Combined TRACON& Tower with Radar,5,75,40,25,145,0,2,54,0,56,5,77,94,25,201,60,24,84,285
06/19/2009,TLH,FL,ASO,ES,Combined TRACON& Tower with Radar,10,69,63,36,178,0,0,73,4,77,10,69,136,40,255,110,0,110,365
06/20/2009,TLH,FL,ASO,ES,Combined TRACON& Tower with Radar,7,32,26,0,65,0,1,50,1,52,7,33,76,1,117,42,0,42,159
06/21/2009,TLH,FL,ASO,ES,Combined TRACON& Tower with Radar,6,45,31,10,92,0,0,39,3,42,6,45,70,13,134,6,0,6,140
06/22/2009,TLH,FL,ASO,ES,Combined TRACON& Tower with Radar,17,69,32,26,144,0,0,40,5,45,17,69,72,31,189,52,6,58,247
06/23/2009,TLH,FL,ASO,ES,Combined TRACON& Tower with Radar,17,67,30,21,135,0,1,51,2,54,17,68,81,23,189,108,16,124,313
06/24/2009,TLH,FL,ASO,ES,Combined TRACON& Tower with Radar,10,69,51,29,159,0,0,51,7,58,10,69,102,36,217,80,38,118,335
06/25/2009,TLH,FL,ASO,ES,Combined TRACON& Tower with Radar,8,72,43,46,169,0,10,54,6,70,8,82,97,52,239,46,22,68,307
06/26/2009,TLH,FL,ASO,ES,Combined TRACON& Tower with Radar,6,72,39,69,186,0,0,45,10,55,6,72,84,79,241,72,22,94,335
06/27/2009,TLH,FL,ASO,ES,Combined TRACON& Tower with Radar,8,38,36,1,83,0,12,62,2,76,8,50,98,3,159,68,0,68,227
06/28/2009,TLH,FL,ASO,ES,Combined TRACON& Tower with Radar,7,52,41,27,127,0,4,29,1,34,7,56,70,28,161,52,0,52,213
06/29/2009,TLH,FL,ASO,ES,Combined TRACON& Tower with Radar,14,63,55,6,138,0,1,27,10,38,14,64,82,16,176,72,0,72,248
06/30/2009,TLH,FL,ASO,ES,Combined TRACON& Tower with Radar,6,77,37,20,140,0,7,33,5,45,6,84,70,25,185,115,14,129,314
07/01/2009,TLH,FL,ASO,ES,Combined TRACON& Tower with Radar,4,75,25,27,131,0,0,39,7,46,4,75,64,34,177,4,16,20,197
07/02/2009,TLH,FL,ASO,ES,Combined TRACON& Tower with Radar,5,73,43,10,131,0,8,24,4,36,5,81,67,14,167,28,0,28,195
07/03/2009,TLH,FL,ASO,ES,Combined TRACON& Tower with Radar,6,57,49,0,112,0,2,40,0,42,6,59,89,0,154,36,0,36,190
07/04/2009,TLH,FL,ASO,ES,Combined TRACON& Tower with Radar,5,28,3,0,36,0,2,42,2,46,5,30,45,2,82,42,0,42,124
07/05/2009,TLH,FL,ASO,ES,Combined TRACON& Tower with Radar,10,47,13,2,72,0,1,18,2,21,10,48,31,4,93,0,0,0,93
07/06/2009,TLH,FL,ASO,ES,Combined TRACON& Tower with Radar,3,73,11,1,88,0,0,5,0,5,3,73,16,1,93,18,0,18,111
07/07/2009,TLH,FL,ASO,ES,Combined TRACON& Tower with Radar,7,65,25,7,104,0,1,25,1,27,7,66,50,8,131,36,28,64,195
07/08/2009,TLH,FL,ASO,ES,Combined TRACON& Tower with Radar,6,80,31,17,134,0,0,9,0,9,6,80,40,17,143,46,0,46,189
07/09/2009,TLH,FL,ASO,ES,Combined TRACON& Tower with Radar,8,68,41,21,138,0,0,16,2,18,8,68,57,23,156,94,0,94,250
07/10/2009,TLH,FL,ASO,ES,Combined TRACON& Tower with Radar,7,69,36,55,167,0,0,35,5,40,7,69,71,60,207,42,10,52,259
07/11/2009,TLH,FL,ASO,ES,Combined TRACON& Tower with Radar,5,41,36,0,82,0,2,40,2,44,5,43,76,2,126,38,0,38,164
07/12/2009,TLH,FL,ASO,ES,Combined TRACON& Tower with Radar,7,50,64,33,154,0,1,70,11,82,7,51,134,44,236,26,28,54,290
07/13/2009,TLH,FL,ASO,ES,Combined TRACON& Tower with Radar,3,75,24,13,115,0,1,14,1,16,3,76,38,14,131,164,34,198,329
07/14/2009,TLH,FL,ASO,ES,Combined TRACON& Tower with Radar,10,67,61,10,148,0,4,50,6,60,10,71,111,16,208,126,0,126,334
07/15/2009,TLH,FL,ASO,ES,Combined TRACON& Tower with Radar,9,78,72,25,184,0,0,48,7,55,9,78,120,32,239,31,2,33,272
07/16/2009,TLH,FL,ASO,ES,Combined TRACON& Tower with Radar,4,83,38,55,180,0,2,43,9,54,4,85,81,64,234,78,16,94,328
07/17/2009,TLH,FL,ASO,ES,Combined TRACON& Tower with Radar,3,77,47,26,153,0,0,26,1,27,3,77,73,27,180,38,0,38,218
07/18/2009,TLH,FL,ASO,ES,Combined TRACON& Tower with Radar,7,36,18,0,61,0,0,13,2,15,7,36,31,2,76,37,0,37,113
07/19/2009,TLH,FL,ASO,ES,Combined TRACON& Tower with Radar,9,51,23,18,101,0,8,34,6,48,9,59,57,24,149,34,0,34,183
07/20/2009,TLH,FL,ASO,ES,Combined TRACON& Tower with Radar,5,73,60,32,170,0,4,41,3,48,5,77,101,35,218,104,0,104,322
07/21/2009,TLH,FL,ASO,ES,Combined TRACON& Tower with Radar,9,73,50,49,181,0,4,55,2,61,9,77,105,51,242,84,26,110,352
07/22/2009,TLH,FL,ASO,ES,Combined TRACON& Tower with Radar,10,68,36,35,149,0,0,151,13,164,10,68,187,48,313,34,12,46,359
07/23/2009,TLH,FL,ASO,ES,Combined TRACON& Tower with Radar,14,77,54,12,157,0,3,63,5,71,14,80,117,17,228,42,12,54,282
07/24/2009,TLH,FL,ASO,ES,Combined TRACON& Tower with Radar,9,71,49,21,150,0,1,33,4,38,9,72,82,25,188,40,0,40,228
07/25/2009,TLH,FL,ASO,ES,Combined TRACON& Tower with Radar,5,40,17,0,62,0,2,40,0,42,5,42,57,0,104,136,0,136,240
07/26/2009,TLH,FL,ASO,ES,Combined TRACON& Tower with Radar,9,44,29,14,96,0,5,43,14,62,9,49,72,28,158,26,0,26,184
07/27/2009,TLH,FL,ASO,ES,Combined TRACON& Tower with Radar,5,68,56,53,182,0,2,21,3,26,5,70,77,56,208,186,34,220,428
07/28/2009,TLH,FL,ASO,ES,Combined TRACON& Tower with Radar,9,72,32,81,194,0,1,25,8,34,9,73,57,89,228,170,58,228,456
07/29/2009,TLH,FL,ASO,ES,Combined TRACON& Tower with Radar,4,72,48,22,146,0,1,40,1,42,4,73,88,23,188,88,26,114,302
07/30/2009,TLH,FL,ASO,ES,Combined TRACON& Tower with Radar,5,71,35,86,197,0,3,28,0,31,5,74,63,86,228,18,24,42,270
07/31/2009,TLH,FL,ASO,ES,Combined TRACON& Tower with Radar,13,73,36,2,124,0,8,13,4,25,13,81,49,6,149,48,0,48,197
08/01/2009,TLH,FL,ASO,ES,Combined TRACON& Tower with Radar,6,39,27,1,73,0,3,19,1,23,6,42,46,2,96,12,0,12,108
08/02/2009,TLH,FL,ASO,ES,Combined TRACON& Tower with Radar,8,52,34,0,94,0,2,18,0,20,8,54,52,0,114,42,0,42,156
08/03/2009,TLH,FL,ASO,ES,Combined TRACON& Tower with Radar,6,73,20,10,109,0,0,28,5,33,6,73,48,15,142,28,10,38,180
08/04/2009,TLH,FL,ASO,ES,Combined TRACON& Tower with Radar,5,84,56,39,184,0,1,36,3,40,5,85,92,42,224,49,6,55,279
08/05/2009,TLH,FL,ASO,ES,Combined TRACON& Tower with Radar,8,80,38,13,139,0,1,38,0,39,8,81,76,13,178,0,78,78,256
08/06/2009,TLH,FL,ASO,ES,Combined TRACON& Tower with Radar,10,75,30,19,134,0,0,39,2,41,10,75,69,21,175,64,0,64,239
08/07/2009,TLH,FL,ASO,ES,Combined TRACON& Tower with Radar,11,79,45,66,201,0,1,47,21,69,11,80,92,87,270,28,8,36,306
08/08/2009,TLH,FL,ASO,ES,Combined TRACON& Tower with Radar,5,50,30,3,88,0,3,45,2,50,5,53,75,5,138,96,0,96,234
08/09/2009,TLH,FL,ASO,ES,Combined TRACON& Tower with Radar,10,50,35,30,125,0,0,31,15,46,10,50,66,45,171,54,14,68,239
08/10/2009,TLH,FL,ASO,ES,Combined TRACON& Tower with Radar,4,69,48,57,178,0,2,21,19,42,4,71,69,76,220,64,2,66,286
08/11/2009,TLH,FL,ASO,ES,Combined TRACON& Tower with Radar,10,72,53,5,140,0,3,48,10,61,10,75,101,15,201,68,0,68,269
08/12/2009,TLH,FL,ASO,ES,Combined TRACON& Tower with Radar,14,69,47,32,162,0,9,30,3,42,14,78,77,35,204,56,22,78,282
08/13/2009,TLH,FL,ASO,ES,Combined TRACON& Tower with Radar,6,83,50,11,150,0,0,46,0,46,6,83,96,11,196,40,0,40,236
08/14/2009,TLH,FL,ASO,ES,Combined TRACON& Tower with Radar,8,77,39,31,155,0,3,29,7,39,8,80,68,38,194,78,6,84,278
08/15/2009,TLH,FL,ASO,ES,Combined TRACON& Tower with Radar,9,37,27,1,74,0,1,17,3,21,9,38,44,4,95,0,2,2,97
08/16/2009,TLH,FL,ASO,ES,Combined TRACON& Tower with Radar,9,48,15,6,78,0,0,20,2,22,9,48,35,8,100,18,4,22,122
08/17/2009,TLH,FL,ASO,ES,Combined TRACON& Tower with Radar,6,72,16,6,100,0,0,6,4,10,6,72,22,10,110,0,0,0,110
08/18/2009,TLH,FL,ASO,ES,Combined TRACON& Tower with Radar,11,69,40,39,159,0,2,26,2,30,11,71,66,41,189,22,32,54,243
08/19/2009,TLH,FL,ASO,ES,Combined TRACON& Tower with Radar,14,69,45,45,173,0,4,21,0,25,14,73,66,45,198,94,4,98,296
08/20/2009,TLH,FL,ASO,ES,Combined TRACON& Tower with Radar,9,72,56,8,145,0,3,58,0,61,9,75,114,8,206,62,0,62,268
08/21/2009,TLH,FL,ASO,ES,Combined TRACON& Tower with Radar,7,78,51,30,166,0,0,36,2,38,7,78,87,32,204,42,0,42,246
08/22/2009,TLH,FL,ASO,ES,Combined TRACON& Tower with Radar,3,38,37,0,78,0,0,37,0,37,3,38,74,0,115,48,0,48,163
08/23/2009,TLH,FL,ASO,ES,Combined TRACON& Tower with Radar,18,45,32,8,103,0,2,64,9,75,18,47,96,17,178,40,0,40,218
08/24/2009,TLH,FL,ASO,ES,Combined TRACON& Tower with Radar,13,69,39,28,149,0,2,47,7,56,13,71,86,35,205,82,35,117,322
08/25/2009,TLH,FL,ASO,ES,Combined TRACON& Tower with Radar,18,70,39,28,155,0,0,57,13,70,18,70,96,41,225,42,8,50,275
08/26/2009,TLH,FL,ASO,ES,Combined TRACON& Tower with Radar,9,68,33,32,142,0,8,51,5,64,9,76,84,37,206,52,4,56,262
08/27/2009,TLH,FL,ASO,ES,Combined TRACON& Tower with Radar,6,89,32,4,131,0,0,7,2,9,6,89,39,6,140,0,0,0,140
08/28/2009,TLH,FL,ASO,ES,Combined TRACON& Tower with Radar,9,78,29,17,133,0,2,45,2,49,9,80,74,19,182,74,36,110,292
08/29/2009,TLH,FL,ASO,ES,Combined TRACON& Tower with Radar,11,30,69,3,113,0,13,47,9,69,11,43,116,12,182,76,2,78,260
08/30/2009,TLH,FL,ASO,ES,Combined TRACON& Tower with Radar,24,42,28,8,102,0,0,32,0,32,24,42,60,8,134,18,0,18,152
08/31/2009,TLH,FL,ASO,ES,Combined TRACON& Tower with Radar,7,75,20,6,108,0,0,14,2,16,7,75,34,8,124,6,10,16,140
09/01/2009,TLH,FL,ASO,ES,Combined TRACON& Tower with Radar,14,79,50,8,151,0,3,6,1,10,14,82,56,9,161,30,0,30,191
09/02/2009,TLH,FL,ASO,ES,Combined TRACON& Tower with Radar,20,73,52,35,180,0,0,12,0,12,20,73,64,35,192,22,0,22,214
09/03/2009,TLH,FL,ASO,ES,Combined TRACON& Tower with Radar,10,77,59,34,180,0,2,43,5,50,10,79,102,39,230,68,18,86,316
09/04/2009,TLH,FL,ASO,ES,Combined TRACON& Tower with Radar,11,73,31,7,122,0,2,51,2,55,11,75,82,9,177,84,0,84,261
09/05/2009,TLH,FL,ASO,ES,Combined TRACON& Tower with Radar,12,37,29,9,87,0,3,53,2,58,12,40,82,11,145,105,8,113,258
09/06/2009,TLH,FL,ASO,ES,Combined TRACON& Tower with Radar,13,47,29,28,117,0,0,34,8,42,13,47,63,36,159,12,10,22,181
09/07/2009,TLH,FL,ASO,ES,Combined TRACON& Tower with Radar,12,71,64,7,154,0,4,48,8,60,12,75,112,15,214,32,28,60,274
09/08/2009,TLH,FL,ASO,ES,Combined TRACON& Tower with Radar,15,80,81,45,221,0,7,59,6,72,15,87,140,51,293,22,30,52,345
09/09/2009,TLH,FL,ASO,ES,Combined TRACON& Tower with Radar,16,72,50,21,159,0,13,75,4,92,16,85,125,25,251,48,4,52,303
09/10/2009,TLH,FL,ASO,ES,Combined TRACON& Tower with Radar,5,80,59,32,176,0,1,49,7,57,5,81,108,39,233,50,51,101,334
09/11/2009,TLH,FL,ASO,ES,Combined TRACON& Tower with Radar,6,78,69,57,210,0,4,44,11,59,6,82,113,68,269,78,28,106,375
09/12/2009,TLH,FL,ASO,ES,Combined TRACON& Tower with Radar,12,37,19,0,68,0,0,4,1,5,12,37,23,1,73,2,0,2,75
09/13/2009,TLH,FL,ASO,ES,Combined TRACON& Tower with Radar,20,43,42,28,133,0,0,16,3,19,20,43,58,31,152,39,0,39,191
09/14/2009,TLH,FL,ASO,ES,Combined TRACON& Tower with Radar,11,66,31,27,135,0,0,13,2,15,11,66,44,29,150,8,0,8,158
09/15/2009,TLH,FL,ASO,ES,Combined TRACON& Tower with Radar,13,64,47,33,157,0,0,11,9,20,13,64,58,42,177,20,0,20,197
09/16/2009,TLH,FL,ASO,ES,Combined TRACON& Tower with Radar,21,70,52,2,145,0,1,10,2,13,21,71,62,4,158,22,0,22,180
09/17/2009,TLH,FL,ASO,ES,Combined TRACON& Tower with Radar,6,83,35,1,125,0,1,3,1,5,6,84,38,2,130,0,0,0,130
09/18/2009,TLH,FL,ASO,ES,Combined TRACON& Tower with Radar,6,79,42,11,138,0,1,12,1,14,6,80,54,12,152,50,28,78,230
09/19/2009,TLH,FL,ASO,ES,Combined TRACON& Tower with Radar,15,38,18,4,75,0,5,39,1,45,15,43,57,5,120,26,12,38,158
09/20/2009,TLH,FL,ASO,ES,Combined TRACON& Tower with Radar,26,50,31,52,159,0,3,39,2,44,26,53,70,54,203,51,0,51,254
09/21/2009,TLH,FL,ASO,ES,Combined TRACON& Tower with Radar,13,62,35,28,138,0,0,35,3,38,13,62,70,31,176,16,0,16,192
09/22/2009,TLH,FL,ASO,ES,Combined TRACON& Tower with Radar,11,64,88,97,260,0,3,27,5,35,11,67,115,102,295,34,50,84,379
09/23/2009,TLH,FL,ASO,ES,Combined TRACON& Tower with Radar,8,76,68,70,222,0,4,34,7,45,8,80,102,77,267,46,4,50,317
09/24/2009,TLH,FL,ASO,ES,Combined TRACON& Tower with Radar,6,80,48,9,143,0,1,72,0,73,6,81,120,9,216,128,0,128,344
09/25/2009,TLH,FL,ASO,ES,Combined TRACON& Tower with Radar,9,87,88,55,239,0,2,73,8,83,9,89,161,63,322,34,56,90,412
09/26/2009,TLH,FL,ASO,ES,Combined TRACON& Tower with Radar,13,37,77,2,129,0,6,53,4,63,13,43,130,6,192,32,0,32,224
09/27/2009,TLH,FL,ASO,ES,Combined TRACON& Tower with Radar,20,52,56,28,156,0,7,37,7,51,20,59,93,35,207,42,2,44,251
09/28/2009,TLH,FL,ASO,ES,Combined TRACON& Tower with Radar,10,73,40,27,150,0,8,17,1,26,10,81,57,28,176,72,8,80,256
09/29/2009,TLH,FL,ASO,ES,Combined TRACON& Tower with Radar,11,80,34,42,167,0,5,44,6,55,11,85,78,48,222,96,52,148,370
09/30/2009,TLH,FL,ASO,ES,Combined TRACON& Tower with Radar,17,60,30,33,140,0,3,62,4,69,17,63,92,37,209,52,12,64,273
10/01/2009,TLH,FL,ASO,ES,Combined TRACON& Tower with Radar,17,65,34,26,142,0,4,51,4,59,17,69,85,30,201,54,10,64,265
10/02/2009,TLH,FL,ASO,ES,Combined TRACON& Tower with Radar,11,77,34,29,151,0,3,43,13,59,11,80,77,42,210,50,38,88,298
10/03/2009,TLH,FL,ASO,ES,Combined TRACON& Tower with Radar,10,39,30,29,108,0,12,46,0,58,10,51,76,29,166,42,20,62,228
10/04/2009,TLH,FL,ASO,ES,Combined TRACON& Tower with Radar,16,53,30,51,150,0,6,28,18,52,16,59,58,69,202,56,16,72,274
10/05/2009,TLH,FL,ASO,ES,Combined TRACON& Tower with Radar,10,72,50,2,134,0,1,13,1,15,10,73,63,3,149,26,26,52,201
10/06/2009,TLH,FL,ASO,ES,Combined TRACON& Tower with Radar,12,66,52,22,152,0,1,12,4,17,12,67,64,26,169,50,6,56,225
10/07/2009,TLH,FL,ASO,ES,Combined TRACON& Tower with Radar,6,81,37,11,135,0,4,29,5,38,6,85,66,16,173,28,6,34,207
10/08/2009,TLH,FL,ASO,ES,Combined TRACON& Tower with Radar,15,68,70,24,177,0,8,45,4,57,15,76,115,28,234,42,18,60,294
10/09/2009,TLH,FL,ASO,ES,Combined TRACON& Tower with Radar,10,85,96,35,226,0,2,66,2,70,10,87,162,37,296,62,104,166,462
10/10/2009,TLH,FL,ASO,ES,Combined TRACON& Tower with Radar,9,45,43,1,98,0,3,32,2,37,9,48,75,3,135,66,0,66,201
10/11/2009,TLH,FL,ASO,ES,Combined TRACON& Tower with Radar,15,57,57,20,149,0,0,43,13,56,15,57,100,33,205,8,16,24,229
10/12/2009,TLH,FL,ASO,ES,Combined TRACON& Tower with Radar,15,64,29,2,110,0,0,18,0,18,15,64,47,2,128,78,0,78,206
10/13/2009,TLH,FL,ASO,ES,Combined TRACON& Tower with Radar,3,82,59,32,176,0,2,6,0,8,3,84,65,32,184,0,0,0,184
10/14/2009,TLH,FL,ASO,ES,Combined TRACON& Tower with Radar,11,74,17,19,121,0,1,3,0,4,11,75,20,19,125,38,0,38,163
10/15/2009,TLH,FL,ASO,ES,Combined TRACON& Tower with Radar,8,67,45,7,127,0,0,15,2,17,8,67,60,9,144,10,4,14,158
10/16/2009,TLH,FL,ASO,ES,Combined TRACON& Tower with Radar,6,82,51,61,200,0,1,9,4,14,6,83,60,65,214,36,12,48,262
10/17/2009,TLH,FL,ASO,ES,Combined TRACON& Tower with Radar,13,33,17,59,122,0,3,23,3,29,13,36,40,62,151,38,8,46,197
10/18/2009,TLH,FL,ASO,ES,Combined TRACON& Tower with Radar,24,49,28,8,109,0,0,50,15,65,24,49,78,23,174,18,0,18,192
10/19/2009,TLH,FL,ASO,ES,Combined TRACON& Tower with Radar,15,63,28,23,129,0,4,37,4,45,15,67,65,27,174,58,6,64,238
10/20/2009,TLH,FL,ASO,ES,Combined TRACON& Tower with Radar,17,66,77,25,185,0,16,45,11,72,17,82,122,36,257,89,26,115,372
10/21/2009,TLH,FL,ASO,ES,Combined TRACON& Tower with Radar,24,67,39,35,165,0,6,77,11,94,24,73,116,46,259,56,0,56,315
10/22/2009,TLH,FL,ASO,ES,Combined TRACON& Tower with Radar,15,71,38,21,145,0,5,59,1,65,15,76,97,22,210,80,4,84,294
10/23/2009,TLH,FL,ASO,ES,Combined TRACON& Tower with Radar,9,80,26,18,133,0,1,12,2,15,9,81,38,20,148,36,0,36,184
10/24/2009,TLH,FL,ASO,ES,Combined TRACON& Tower with Radar,13,30,28,12,83,0,8,24,0,32,13,38,52,12,115,18,6,24,139
10/25/2009,TLH,FL,ASO,ES,Combined TRACON& Tower with Radar,23,33,36,27,119,0,0,42,12,54,23,33,78,39,173,13,20,33,206
10/26/2009,TLH,FL,ASO,ES,Combined TRACON& Tower with Radar,3,71,42,6,122,0,0,28,10,38,3,71,70,16,160,72,40,112,272
10/27/2009,TLH,FL,ASO,ES,Combined TRACON& Tower with Radar,9,68,42,0,119,0,0,1,0,1,9,68,43,0,120,6,0,6,126
10/28/2009,TLH,FL,ASO,ES,Combined TRACON& Tower with Radar,2,85,59,47,193,0,0,22,5,27,2,85,81,52,220,34,16,50,270
10/29/2009,TLH,FL,ASO,ES,Combined TRACON& Tower with Radar,8,72,62,45,187,0,6,32,6,44,8,78,94,51,231,62,66,128,359
10/30/2009,TLH,FL,ASO,ES,Combined TRACON& Tower with Radar,5,75,76,21,177,0,0,23,2,25,5,75,99,23,202,58,10,68,270
10/31/2009,TLH,FL,ASO,ES,Combined TRACON& Tower with Radar,13,39,39,0,91,0,2,9,0,11,13,41,48,0,102,8,0,8,110
11/01/2009,TLH,FL,ASO,ES,Combined TRACON& Tower with Radar,7,50,82,38,177,0,0,38,5,43,7,50,120,43,220,44,6,50,270
11/02/2009,TLH,FL,ASO,ES,Combined TRACON& Tower with Radar,19,61,64,17,161,0,3,22,0,25,19,64,86,17,186,28,28,56,242
11/03/2009,TLH,FL,ASO,ES,Combined TRACON& Tower with Radar,16,70,47,8,141,0,1,26,7,34,16,71,73,15,175,87,37,124,299
11/04/2009,TLH,FL,ASO,ES,Combined TRACON& Tower with Radar,16,69,50,23,158,0,5,54,14,73,16,74,104,37,231,24,12,36,267
11/05/2009,TLH,FL,ASO,ES,Combined TRACON& Tower with Radar,12,73,36,37,158,0,3,51,8,62,12,76,87,45,220,33,88,121,341
11/06/2009,TLH,FL,ASO,ES,Combined TRACON& Tower with Radar,9,74,33,32,148,0,4,61,11,76,9,78,94,43,224,48,0,48,272
11/07/2009,TLH,FL,ASO,ES,Combined TRACON& Tower with Radar,10,31,34,1,76,0,4,57,2,63,10,35,91,3,139,52,2,54,193
11/08/2009,TLH,FL,ASO,ES,Combined TRACON& Tower with Radar,9,48,18,30,105,0,5,33,4,42,9,53,51,34,147,10,30,40,187
11/09/2009,TLH,FL,ASO,ES,Combined TRACON& Tower with Radar,7,78,30,1,116,0,1,11,0,12,7,79,41,1,128,0,0,0,128
11/10/2009,TLH,FL,ASO,ES,Combined TRACON& Tower with Radar,14,43,7,0,64,0,0,0,0,0,14,43,7,0,64,0,0,0,64
11/11/2009,TLH,FL,ASO,ES,Combined TRACON& Tower with Radar,8,75,26,0,109,0,0,4,1,5,8,75,30,1,114,14,0,14,128
11/12/2009,TLH,FL,ASO,ES,Combined TRACON& Tower with Radar,11,75,45,21,152,0,4,39,19,62,11,79,84,40,214,24,18,42,256
11/13/2009,TLH,FL,ASO,ES,Combined TRACON& Tower with Radar,9,70,61,139,279,0,8,42,15,65,9,78,103,154,344,84,68,152,496
11/14/2009,TLH,FL,ASO,ES,Combined TRACON& Tower with Radar,11,40,29,21,101,0,15,64,2,81,11,55,93,23,182,58,28,86,268
11/15/2009,TLH,FL,ASO,ES,Combined TRACON& Tower with Radar,17,39,20,21,97,0,4,52,9,65,17,43,72,30,162,26,0,26,188
11/16/2009,TLH,FL,ASO,ES,Combined TRACON& Tower with Radar,16,65,50,42,173,0,3,32,15,50,16,68,82,57,223,90,44,134,357
11/17/2009,TLH,FL,ASO,ES,Combined TRACON& Tower with Radar,18,59,59,21,157,0,2,29,6,37,18,61,88,27,194,96,0,96,290
11/18/2009,TLH,FL,ASO,ES,Combined TRACON& Tower with Radar,6,74,48,30,158,0,1,29,4,34,6,75,77,34,192,52,0,52,244
11/19/2009,TLH,FL,ASO,ES,Combined TRACON& Tower with Radar,9,75,50,20,154,0,2,47,8,57,9,77,97,28,211,82,14,96,307
11/20/2009,TLH,FL,ASO,ES,Combined TRACON& Tower with Radar,11,80,49,39,179,0,8,63,12,83,11,88,112,51,262,42,22,64,326
11/21/2009,TLH,FL,ASO,ES,Combined TRACON& Tower with Radar,13,38,49,18,118,0,0,29,1,30,13,38,78,19,148,18,12,30,178
11/22/2009,TLH,FL,ASO,ES,Combined TRACON& Tower with Radar,18,39,30,21,108,0,0,2,1,3,18,39,32,22,111,0,0,0,111
11/23/2009,TLH,FL,ASO,ES,Combined TRACON& Tower with Radar,13,62,27,44,146,0,0,7,0,7,13,62,34,44,153,0,0,0,153
11/24/2009,TLH,FL,ASO,ES,Combined TRACON& Tower with Radar,10,74,69,28,181,0,0,16,2,18,10,74,85,30,199,26,13,39,238
11/25/2009,TLH,FL,ASO,ES,Combined TRACON& Tower with Radar,10,70,41,57,178,0,4,16,0,20,10,74,57,57,198,32,24,56,254
11/26/2009,TLH,FL,ASO,ES,Combined TRACON& Tower with Radar,6,44,15,0,65,0,0,23,0,23,6,44,38,0,88,0,0,0,88
11/27/2009,TLH,FL,ASO,ES,Combined TRACON& Tower with Radar,9,51,30,0,90,0,9,39,1,49,9,60,69,1,139,46,0,46,185
11/28/2009,TLH,FL,ASO,ES,Combined TRACON& Tower with Radar,17,32,18,2,69,0,6,38,1,45,17,38,56,3,114,4,0,4,118
11/29/2009,TLH,FL,ASO,ES,Combined TRACON& Tower with Radar,27,45,35,2,109,0,7,54,0,61,27,52,89,2,170,29,0,29,199
11/30/2009,TLH,FL,ASO,ES,Combined TRACON& Tower with Radar,12,70,53,16,151,0,0,16,1,17,12,70,69,17,168,36,18,54,222
12/01/2009,TLH,FL,ASO,ES,Combined TRACON& Tower with Radar,23,65,50,28,166,0,0,7,0,7,23,65,57,28,173,33,4,37,210
12/02/2009,TLH,FL,ASO,ES,Combined TRACON& Tower with Radar,12,61,17,2,92,0,0,1,0,1,12,61,18,2,93,6,0,6,99
12/03/2009,TLH,FL,ASO,ES,Combined TRACON& Tower with Radar,15,62,57,32,166,0,6,43,0,49,15,68,100,32,215,78,42,120,335
12/04/2009,TLH,FL,ASO,ES,Combined TRACON& Tower with Radar,15,68,43,32,158,0,1,14,9,24,15,69,57,41,182,24,20,44,226
12/05/2009,TLH,FL,ASO,ES,Combined TRACON& Tower with Radar,5,35,18,17,75,0,0,17,8,25,5,35,35,25,100,6,24,30,130
12/06/2009,TLH,FL,ASO,ES,Combined TRACON& Tower with Radar,17,47,28,10,102,0,0,28,13,41,17,47,56,23,143,0,2,2,145
12/07/2009,TLH,FL,ASO,ES,Combined TRACON& Tower with Radar,14,64,51,76,205,0,4,22,2,28,14,68,73,78,233,22,56,78,311
12/08/2009,TLH,FL,ASO,ES,Combined TRACON& Tower with Radar,19,67,75,32,193,0,0,3,0,3,19,67,78,32,196,6,0,6,202
12/09/2009,TLH,FL,ASO,ES,Combined TRACON& Tower with Radar,18,79,73,6,176,0,0,12,1,13,18,79,85,7,189,6,22,28,217
12/10/2009,TLH,FL,ASO,ES,Combined TRACON& Tower with Radar,13,74,57,19,163,0,1,32,5,38,13,75,89,24,201,6,14,20,221
12/11/2009,TLH,FL,ASO,ES,Combined TRACON& Tower with Radar,9,77,58,32,176,0,0,30,11,41,9,77,88,43,217,0,0,0,217
12/12/2009,TLH,FL,ASO,ES,Combined TRACON& Tower with Radar,9,31,22,0,62,0,1,1,0,2,9,32,23,0,64,1,0,1,65
12/13/2009,TLH,FL,ASO,ES,Combined TRACON& Tower with Radar,6,46,21,12,85,0,0,0,2,2,6,46,21,14,87,0,0,0,87
12/14/2009,TLH,FL,ASO,ES,Combined TRACON& Tower with Radar,10,60,28,10,108,0,1,0,0,1,10,61,28,10,109,0,0,0,109
12/15/2009,TLH,FL,ASO,ES,Combined TRACON& Tower with Radar,12,66,45,72,195,0,1,12,6,19,12,67,57,78,214,54,84,138,352
12/16/2009,TLH,FL,ASO,ES,Combined TRACON& Tower with Radar,15,65,42,37,159,0,1,26,2,29,15,66,68,39,188,20,20,40,228
12/17/2009,TLH,FL,ASO,ES,Combined TRACON& Tower with Radar,10,66,61,42,179,0,3,3,23,29,10,69,64,65,208,84,64,148,356
12/18/2009,TLH,FL,ASO,ES,Combined TRACON& Tower with Radar,11,65,27,18,121,0,0,0,0,0,11,65,27,18,121,0,0,0,121
12/19/2009,TLH,FL,ASO,ES,Combined TRACON& Tower with Radar,7,43,22,14,86,0,1,16,13,30,7,44,38,27,116,0,0,0,116
12/20/2009,TLH,FL,ASO,ES,Combined TRACON& Tower with Radar,14,44,20,17,95,0,1,21,5,27,14,45,41,22,122,36,4,40,162
12/21/2009,TLH,FL,ASO,ES,Combined TRACON& Tower with Radar,10,59,50,26,145,0,2,37,8,47,10,61,87,34,192,42,2,44,236
12/22/2009,TLH,FL,ASO,ES,Combined TRACON& Tower with Radar,31,57,40,28,156,0,2,50,4,56,31,59,90,32,212,58,28,86,298
12/23/2009,TLH,FL,ASO,ES,Combined TRACON& Tower with Radar,26,53,38,13,130,0,5,30,2,37,26,58,68,15,167,44,2,46,213
12/24/2009,TLH,FL,ASO,ES,Combined TRACON& Tower with Radar,11,57,17,5,90,0,2,11,0,13,11,59,28,5,103,0,6,6,109
12/25/2009,TLH,FL,ASO,ES,Combined TRACON& Tower with Radar,6,49,5,0,60,0,0,1,0,1,6,49,6,0,61,0,0,0,61
12/26/2009,TLH,FL,ASO,ES,Combined TRACON& Tower with Radar,6,38,16,0,60,0,0,36,0,36,6,38,52,0,96,30,0,30,126
12/27/2009,TLH,FL,ASO,ES,Combined TRACON& Tower with Radar,13,42,29,0,84,0,0,18,0,18,13,42,47,0,102,16,0,16,118
12/28/2009,TLH,FL,ASO,ES,Combined TRACON& Tower with Radar,11,68,45,22,146,0,5,36,1,42,11,73,81,23,188,16,28,44,232
12/29/2009,TLH,FL,ASO,ES,Combined TRACON& Tower with Radar,21,55,39,4,119,0,7,49,4,60,21,62,88,8,179,52,0,52,231
12/30/2009,TLH,FL,ASO,ES,Combined TRACON& Tower with Radar,15,59,48,16,138,0,0,28,2,30,15,59,76,18,168,50,10,60,228
12/31/2009,TLH,FL,ASO,ES,Combined TRACON& Tower with Radar,6,59,26,8,99,0,0,18,0,18,6,59,44,8,117,38,0,38,155
01/01/2010,TLH,FL,ASO,ES,Combined TRACON& Tower with Radar,6,53,14,0,73,0,1,7,0,8,6,54,21,0,81,0,0,0,81
01/02/2010,TLH,FL,ASO,ES,Combined TRACON& Tower with Radar,3,35,20,0,58,0,2,44,0,46,3,37,64,0,104,8,0,8,112
01/03/2010,TLH,FL,ASO,ES,Combined TRACON& Tower with Radar,17,40,30,0,87,0,5,37,2,44,17,45,67,2,131,2,0,2,133
01/04/2010,TLH,FL,ASO,ES,Combined TRACON& Tower with Radar,13,59,33,9,114,0,8,45,2,55,13,67,78,11,169,6,18,24,193
01/05/2010,TLH,FL,ASO,ES,Combined TRACON& Tower with Radar,20,55,38,19,132,0,1,20,1,22,20,56,58,20,154,0,24,24,178
01/06/2010,TLH,FL,ASO,ES,Combined TRACON& Tower with Radar,9,81,51,33,174,0,12,26,1,39,9,93,77,34,213,8,0,8,221
01/07/2010,TLH,FL,ASO,ES,Combined TRACON& Tower with Radar,7,66,35,48,156,0,2,36,4,42,7,68,71,52,198,68,26,94,292
01/08/2010,TLH,FL,ASO,ES,Combined TRACON& Tower with Radar,7,75,26,21,129,0,1,25,7,33,7,76,51,28,162,16,0,16,178
01/09/2010,TLH,FL,ASO,ES,Combined TRACON& Tower with Radar,6,36,19,13,74,0,6,43,2,51,6,42,62,15,125,38,4,42,167
01/10/2010,TLH,FL,ASO,ES,Combined TRACON& Tower with Radar,8,49,34,10,101,0,2,24,8,34,8,51,58,18,135,0,2,2,137
01/11/2010,TLH,FL,ASO,ES,Combined TRACON& Tower with Radar,15,62,36,68,181,0,3,27,10,40,15,65,63,78,221,16,60,76,297
01/12/2010,TLH,FL,ASO,ES,Combined TRACON& Tower with Radar,12,54,49,76,191,0,14,39,3,56,12,68,88,79,247,42,30,72,319
01/13/2010,TLH,FL,ASO,ES,Combined TRACON& Tower with Radar,25,92,78,38,233,0,4,47,14,65,25,96,125,52,298,30,8,38,336
01/14/2010,TLH,FL,ASO,ES,Combined TRACON& Tower with Radar,9,75,62,26,172,0,5,35,4,44,9,80,97,30,216,42,34,76,292
01/15/2010,TLH,FL,ASO,ES,Combined TRACON& Tower with Radar,13,70,42,44,169,0,0,37,8,45,13,70,79,52,214,10,0,10,224
01/16/2010,TLH,FL,ASO,ES,Combined TRACON& Tower with Radar,7,36,12,0,55,0,2,1,0,3,7,38,13,0,58,0,0,0,58
01/17/2010,TLH,FL,ASO,ES,Combined TRACON& Tower with Radar,12,38,25,26,101,0,3,9,13,25,12,41,34,39,126,0,7,7,133
01/18/2010,TLH,FL,ASO,ES,Combined TRACON& Tower with Radar,10,70,52,27,159,0,6,59,2,67,10,76,111,29,226,28,2,30,256
01/19/2010,TLH,FL,ASO,ES,Combined TRACON& Tower with Radar,7,71,49,32,159,0,8,50,11,69,7,79,99,43,228,8,6,14,242
01/20/2010,TLH,FL,ASO,ES,Combined TRACON& Tower with Radar,11,78,52,40,181,0,1,10,5,16,11,79,62,45,197,24,0,24,221
01/21/2010,TLH,FL,ASO,ES,Combined TRACON& Tower with Radar,12,71,38,1,122,0,1,4,0,5,12,72,42,1,127,0,0,0,127
01/22/2010,TLH,FL,ASO,ES,Combined TRACON& Tower with Radar,6,89,61,30,186,0,0,30,12,42,6,89,91,42,228,68,6,74,302
01/23/2010,TLH,FL,ASO,ES,Combined TRACON& Tower with Radar,11,30,24,9,74,0,0,15,1,16,11,30,39,10,90,72,10,82,172
01/24/2010,TLH,FL,ASO,ES,Combined TRACON& Tower with Radar,13,46,20,9,88,0,0,0,0,0,13,46,20,9,88,0,0,0,88
01/25/2010,TLH,FL,ASO,ES,Combined TRACON& Tower with Radar,15,67,46,40,168,0,1,21,11,33,15,68,67,51,201,12,40,52,253
01/26/2010,TLH,FL,ASO,ES,Combined TRACON& Tower with Radar,7,65,55,48,175,0,3,40,12,55,7,68,95,60,230,10,34,44,274
01/27/2010,TLH,FL,ASO,ES,Combined TRACON& Tower with Radar,7,70,71,13,161,0,6,71,1,78,7,76,142,14,239,64,6,70,309
01/28/2010,TLH,FL,ASO,ES,Combined TRACON& Tower with Radar,7,76,81,46,210,0,3,41,5,49,7,79,122,51,259,10,10,20,279
01/29/2010,TLH,FL,ASO,ES,Combined TRACON& Tower with Radar,9,59,49,100,217,0,1,39,20,60,9,60,88,120,277,20,40,60,337
01/30/2010,TLH,FL,ASO,ES,Combined TRACON& Tower with Radar,10,32,14,57,113,0,5,11,2,18,10,37,25,59,131,0,8,8,139
01/31/2010,TLH,FL,ASO,ES,Combined TRACON& Tower with Radar,21,36,30,97,184,0,2,22,17,41,21,38,52,114,225,66,20,86,311
02/01/2010,TLH,FL,ASO,ES,Combined TRACON& Tower with Radar,11,59,33,29,132,0,2,17,4,23,11,61,50,33,155,32,0,32,187
02/02/2010,TLH,FL,ASO,ES,Combined TRACON& Tower with Radar,12,67,56,8,143,0,0,8,2,10,12,67,64,10,153,8,4,12,165
02/03/2010,TLH,FL,ASO,ES,Combined TRACON& Tower with Radar,12,69,54,31,166,0,3,70,3,76,12,72,124,34,242,26,28,54,296
02/04/2010,TLH,FL,ASO,ES,Combined TRACON& Tower with Radar,10,70,39,42,161,0,1,24,3,28,10,71,63,45,189,20,34,54,243
02/05/2010,TLH,FL,ASO,ES,Combined TRACON& Tower with Radar,13,59,27,6,105,0,0,2,0,2,13,59,29,6,107,0,0,0,107
02/06/2010,TLH,FL,ASO,ES,Combined TRACON& Tower with Radar,6,32,43,4,85,0,0,15,0,15,6,32,58,4,100,24,0,24,124
02/07/2010,TLH,FL,ASO,ES,Combined TRACON& Tower with Radar,10,49,27,8,94,0,0,45,2,47,10,49,72,10,141,24,0,24,165
02/08/2010,TLH,FL,ASO,ES,Combined TRACON& Tower with Radar,11,65,57,27,160,0,1,59,4,64,11,66,116,31,224,26,38,64,288
02/09/2010,TLH,FL,ASO,ES,Combined TRACON& Tower with Radar,11,67,40,16,134,0,1,8,2,11,11,68,48,18,145,10,2,12,157
02/10/2010,TLH,FL,ASO,ES,Combined TRACON& Tower with Radar,12,67,32,30,141,0,1,30,8,39,12,68,62,38,180,20,70,90,270
02/11/2010,TLH,FL,ASO,ES,Combined TRACON& Tower with Radar,12,70,56,7,145,0,3,44,10,57,12,73,100,17,202,20,2,22,224
02/12/2010,TLH,FL,ASO,ES,Combined TRACON& Tower with Radar,10,56,16,24,106,0,0,0,0,0,10,56,16,24,106,0,0,0,106
02/13/2010,TLH,FL,ASO,ES,Combined TRACON& Tower with Radar,13,28,44,11,96,0,0,49,2,51,13,28,93,13,147,10,16,26,173
02/14/2010,TLH,FL,ASO,ES,Combined TRACON& Tower with Radar,13,48,16,9,86,0,0,40,0,40,13,48,56,9,126,14,16,30,156
02/15/2010,TLH,FL,ASO,ES,Combined TRACON& Tower with Radar,13,60,41,0,114,0,0,12,3,15,13,60,53,3,129,6,0,6,135
02/16/2010,TLH,FL,ASO,ES,Combined TRACON& Tower with Radar,11,72,95,21,199,0,3,51,4,58,11,75,146,25,257,92,2,94,351
02/17/2010,TLH,FL,ASO,ES,Combined TRACON& Tower with Radar,10,80,38,14,142,0,1,62,16,79,10,81,100,30,221,10,14,24,245
02/18/2010,TLH,FL,ASO,ES,Combined TRACON& Tower with Radar,12,77,61,27,177,0,2,70,7,79,12,79,131,34,256,56,2,58,314
02/19/2010,TLH,FL,ASO,ES,Combined TRACON& Tower with Radar,12,69,51,93,225,0,2,60,22,84,12,71,111,115,309,88,26,114,423
02/20/2010,TLH,FL,ASO,ES,Combined TRACON& Tower with Radar,6,42,40,38,126,0,0,78,8,86,6,42,118,46,212,54,32,86,298
02/21/2010,TLH,FL,ASO,ES,Combined TRACON& Tower with Radar,11,51,39,73,174,0,0,37,21,58,11,51,76,94,232,24,76,100,332
02/22/2010,TLH,FL,ASO,ES,Combined TRACON& Tower with Radar,13,65,29,19,126,0,0,2,5,7,13,65,31,24,133,6,4,10,143
02/23/2010,TLH,FL,ASO,ES,Combined TRACON& Tower with Radar,15,69,57,51,192,0,0,33,4,37,15,69,90,55,229,86,10,96,325
02/24/2010,TLH,FL,ASO,ES,Combined TRACON& Tower with Radar,14,70,36,29,149,0,0,15,2,17,14,70,51,31,166,11,26,37,203
02/25/2010,TLH,FL,ASO,ES,Combined TRACON& Tower with Radar,12,66,55,16,149,0,2,67,13,82,12,68,122,29,231,80,34,114,345
02/26/2010,TLH,FL,ASO,ES,Combined TRACON& Tower with Radar,12,66,48,65,191,0,1,68,21,90,12,67,116,86,281,94,16,110,391
02/27/2010,TLH,FL,ASO,ES,Combined TRACON& Tower with Radar,7,40,30,0,77,0,0,24,1,25,7,40,54,1,102,26,0,26,128
02/28/2010,TLH,FL,ASO,ES,Combined TRACON& Tower with Radar,11,52,31,43,137,0,0,52,19,71,11,52,83,62,208,56,4,60,268
03/01/2010,TLH,FL,ASO,ES,Combined TRACON& Tower with Radar,11,69,68,59,207,0,1,44,2,47,11,70,112,61,254,68,74,142,396
03/02/2010,TLH,FL,ASO,ES,Combined TRACON& Tower with Radar,7,66,54,22,149,0,0,3,0,3,7,66,57,22,152,0,28,28,180
03/03/2010,TLH,FL,ASO,ES,Combined TRACON& Tower with Radar,14,72,48,14,148,0,3,35,10,48,14,75,83,24,196,4,34,38,234
03/04/2010,TLH,FL,ASO,ES,Combined TRACON& Tower with Radar,12,70,62,21,165,0,4,76,4,84,12,74,138,25,249,28,0,28,277
03/05/2010,TLH,FL,ASO,ES,Combined TRACON& Tower with Radar,12,71,43,67,193,0,0,71,15,86,12,71,114,82,279,90,36,126,405
03/06/2010,TLH,FL,ASO,ES,Combined TRACON& Tower with Radar,11,36,26,12,85,0,2,56,6,64,11,38,82,18,149,0,20,20,169
03/07/2010,TLH,FL,ASO,ES,Combined TRACON& Tower with Radar,16,46,24,32,118,0,0,48,14,62,16,46,72,46,180,52,30,82,262
03/08/2010,TLH,FL,ASO,ES,Combined TRACON& Tower with Radar,13,65,56,21,155,0,1,45,11,57,13,66,101,32,212,15,20,35,247
03/09/2010,TLH,FL,ASO,ES,Combined TRACON& Tower with Radar,10,68,50,26,154,0,2,31,5,38,10,70,81,31,192,76,0,76,268
03/10/2010,TLH,FL,ASO,ES,Combined TRACON& Tower with Radar,13,68,41,32,154,0,2,20,6,28,13,70,61,38,182,4,66,70,252
03/11/2010,TLH,FL,ASO,ES,Combined TRACON& Tower with Radar,30,70,52,21,173,0,0,7,0,7,30,70,59,21,180,16,0,16,196
03/12/2010,TLH,FL,ASO,ES,Combined TRACON& Tower with Radar,10,66,33,27,136,0,1,1,5,7,10,67,34,32,143,0,30,30,173
03/13/2010,TLH,FL,ASO,ES,Combined TRACON& Tower with Radar,6,38,26,51,121,0,2,32,10,44,6,40,58,61,165,0,14,14,179
03/14/2010,TLH,FL,ASO,ES,Combined TRACON& Tower with Radar,14,51,43,43,151,0,2,39,10,51,14,53,82,53,202,8,18,26,228
03/15/2010,TLH,FL,ASO,ES,Combined TRACON& Tower with Radar,10,79,57,22,168,0,1,35,9,45,10,80,92,31,213,52,0,52,265
03/16/2010,TLH,FL,ASO,ES,Combined TRACON& Tower with Radar,10,83,61,16,170,0,2,60,15,77,10,85,121,31,247,20,8,28,275
03/17/2010,TLH,FL,ASO,ES,Combined TRACON& Tower with Radar,16,71,44,4,135,0,1,5,0,6,16,72,49,4,141,0,0,0,141
03/18/2010,TLH,FL,ASO,ES,Combined TRACON& Tower with Radar,18,73,52,39,182,0,1,20,5,26,18,74,72,44,208,4,62,66,274
03/19/2010,TLH,FL,ASO,ES,Combined TRACON& Tower with Radar,16,65,39,66,186,0,1,62,10,73,16,66,101,76,259,48,0,48,307
03/20/2010,TLH,FL,ASO,ES,Combined TRACON& Tower with Radar,11,42,31,18,102,0,0,42,2,44,11,42,73,20,146,92,14,106,252
03/21/2010,TLH,FL,ASO,ES,Combined TRACON& Tower with Radar,14,51,31,31,127,0,0,4,0,4,14,51,35,31,131,0,4,4,135
03/22/2010,TLH,FL,ASO,ES,Combined TRACON& Tower with Radar,11,72,45,65,193,0,1,24,12,37,11,73,69,77,230,54,4,58,288
03/23/2010,TLH,FL,ASO,ES,Combined TRACON& Tower with Radar,8,69,47,23,147,0,1,51,6,58,8,70,98,29,205,30,12,42,247
03/24/2010,TLH,FL,ASO,ES,Combined TRACON& Tower with Radar,12,74,53,48,187,0,2,57,2,61,12,76,110,50,248,40,22,62,310
03/25/2010,TLH,FL,ASO,ES,Combined TRACON& Tower with Radar,13,72,57,25,167,0,1,18,2,21,13,73,75,27,188,0,0,0,188
03/26/2010,TLH,FL,ASO,ES,Combined TRACON& Tower with Radar,14,66,37,65,182,0,2,30,27,59,14,68,67,92,241,26,83,109,350
03/27/2010,TLH,FL,ASO,ES,Combined TRACON& Tower with Radar,6,42,33,11,92,0,2,59,19,80,6,44,92,30,172,66,110,176,348
03/28/2010,TLH,FL,ASO,ES,Combined TRACON& Tower with Radar,9,50,20,20,99,0,0,3,3,6,9,50,23,23,105,4,0,4,109
03/29/2010,TLH,FL,ASO,ES,Combined TRACON& Tower with Radar,10,65,46,28,149,0,3,25,7,35,10,68,71,35,184,16,16,32,216
03/30/2010,TLH,FL,ASO,ES,Combined TRACON& Tower with Radar,10,68,48,18,144,0,1,76,4,81,10,69,124,22,225,50,0,50,275
03/31/2010,TLH,FL,ASO,ES,Combined TRACON& Tower with Radar,12,70,51,32,165,0,2,50,11,63,12,72,101,43,228,58,64,122,350
04/01/2010,TLH,FL,ASO,ES,Combined TRACON& Tower with Radar,11,72,56,16,155,0,1,56,3,60,11,73,112,19,215,44,0,44,259
04/02/2010,TLH,FL,ASO,ES,Combined TRACON& Tower with Radar,12,72,45,53,182,0,2,57,12,71,12,74,102,65,253,70,24,94,347
04/03/2010,TLH,FL,ASO,ES,Combined TRACON& Tower with Radar,7,40,23,13,83,0,0,38,5,43,7,40,61,18,126,0,0,0,126
04/04/2010,TLH,FL,ASO,ES,Combined TRACON& Tower with Radar,13,65,18,9,105,0,2,33,11,46,13,67,51,20,151,60,0,60,211
04/05/2010,TLH,FL,ASO,ES,Combined TRACON& Tower with Radar,8,72,57,41,178,0,4,54,6,64,8,76,111,47,242,10,30,40,282
04/06/2010,TLH,FL,ASO,ES,Combined TRACON& Tower with Radar,13,68,43,47,171,0,0,72,6,78,13,68,115,53,249,40,12,52,301
04/07/2010,TLH,FL,ASO,ES,Combined TRACON& Tower with Radar,17,71,88,46,222,0,2,63,4,69,17,73,151,50,291,38,0,38,329
04/08/2010,TLH,FL,ASO,ES,Combined TRACON& Tower with Radar,14,76,58,4,152,0,2,30,0,32,14,78,88,4,184,24,24,48,232
04/09/2010,TLH,FL,ASO,ES,Combined TRACON& Tower with Radar,15,58,47,46,166,0,0,55,14,69,15,58,102,60,235,38,20,58,293
04/10/2010,TLH,FL,ASO,ES,Combined TRACON& Tower with Radar,12,29,41,47,129,0,1,47,15,63,12,30,88,62,192,76,54,130,322
04/11/2010,TLH,FL,ASO,ES,Combined TRACON& Tower with Radar,15,47,34,19,115,0,1,53,8,62,15,48,87,27,177,48,0,48,225
04/12/2010,TLH,FL,ASO,ES,Combined TRACON& Tower with Radar,13,65,62,24,164,0,1,51,18,70,13,66,113,42,234,34,8,42,276
04/13/2010,TLH,FL,ASO,ES,Combined TRACON& Tower with Radar,13,74,61,4,152,0,1,71,2,74,13,75,132,6,226,24,0,24,250
04/14/2010,TLH,FL,ASO,ES,Combined TRACON& Tower with Radar,13,76,60,5,154,0,1,37,12,50,13,77,97,17,204,32,0,32,236
04/15/2010,TLH,FL,ASO,ES,Combined TRACON& Tower with Radar,15,66,63,15,159,0,0,42,3,45,15,66,105,18,204,92,12,104,308
04/16/2010,TLH,FL,ASO,ES,Combined TRACON& Tower with Radar,15,65,36,27,143,0,2,59,18,79,15,67,95,45,222,28,12,40,262
04/17/2010,TLH,FL,ASO,ES,Combined TRACON& Tower with Radar,12,28,32,46,118,0,0,59,8,67,12,28,91,54,185,40,50,90,275
04/18/2010,TLH,FL,ASO,ES,Combined TRACON& Tower with Radar,13,49,28,36,126,0,0,25,19,44,13,49,53,55,170,2,0,2,172
04/19/2010,TLH,FL,ASO,ES,Combined TRACON& Tower with Radar,15,66,37,28,146,0,0,26,0,26,15,66,63,28,172,10,0,10,182
04/20/2010,TLH,FL,ASO,ES,Combined TRACON& Tower with Radar,14,66,49,21,150,0,0,13,5,18,14,66,62,26,168,42,0,42,210
04/21/2010,TLH,FL,ASO,ES,Combined TRACON& Tower with Radar,20,64,39,23,146,0,4,48,8,60,20,68,87,31,206,18,12,30,236
04/22/2010,TLH,FL,ASO,ES,Combined TRACON& Tower with Radar,21,62,60,55,198,0,1,46,4,51,21,63,106,59,249,36,28,64,313
04/23/2010,TLH,FL,ASO,ES,Combined TRACON& Tower with Radar,15,73,47,52,187,0,0,38,20,58,15,73,85,72,245,34,14,48,293
04/24/2010,TLH,FL,ASO,ES,Combined TRACON& Tower with Radar,10,24,30,0,64,0,0,9,0,9,10,24,39,0,73,8,0,8,81
04/25/2010,TLH,FL,ASO,ES,Combined TRACON& Tower with Radar,19,43,34,45,141,0,0,24,7,31,19,43,58,52,172,2,40,42,214
04/26/2010,TLH,FL,ASO,ES,Combined TRACON& Tower with Radar,13,60,49,31,153,0,4,29,11,44,13,64,78,42,197,10,12,22,219
04/27/2010,TLH,FL,ASO,ES,Combined TRACON& Tower with Radar,12,65,48,21,146,0,1,43,9,53,12,66,91,30,199,0,14,14,213
04/28/2010,TLH,FL,ASO,ES,Combined TRACON& Tower with Radar,15,64,59,10,148,0,1,59,4,64,15,65,118,14,212,10,10,20,232
04/29/2010,TLH,FL,ASO,ES,Combined TRACON& Tower with Radar,14,62,56,35,167,0,0,50,10,60,14,62,106,45,227,56,60,116,343
04/30/2010,TLH,FL,ASO,ES,Combined TRACON& Tower with Radar,13,67,67,15,162,0,0,20,1,21,13,67,87,16,183,0,0,0,183
05/01/2010,TLH,FL,ASO,ES,Combined TRACON& Tower with Radar,11,31,48,0,90,0,0,3,0,3,11,31,51,0,93,0,0,0,93
05/02/2010,TLH,FL,ASO,ES,Combined TRACON& Tower with Radar,16,56,50,25,147,0,0,10,1,11,16,56,60,26,158,4,0,4,162
05/03/2010,TLH,FL,ASO,ES,Combined TRACON& Tower with Radar,13,62,58,15,148,0,0,12,0,12,13,62,70,15,160,12,0,12,172
05/04/2010,TLH,FL,ASO,ES,Combined TRACON& Tower with Radar,12,64,23,26,125,0,0,2,0,2,12,64,25,26,127,0,0,0,127
05/05/2010,TLH,FL,ASO,ES,Combined TRACON& Tower with Radar,15,70,44,10,139,0,0,22,4,26,15,70,66,14,165,0,14,14,179
05/06/2010,TLH,FL,ASO,ES,Combined TRACON& Tower with Radar,15,67,43,31,156,0,0,34,10,44,15,67,77,41,200,40,0,40,240
05/07/2010,TLH,FL,ASO,ES,Combined TRACON& Tower with Radar,19,60,53,21,153,0,1,44,14,59,19,61,97,35,212,34,0,34,246
05/08/2010,TLH,FL,ASO,ES,Combined TRACON& Tower with Radar,11,30,13,5,59,0,1,19,1,21,11,31,32,6,80,22,0,22,102
05/09/2010,TLH,FL,ASO,ES,Combined TRACON& Tower with Radar,14,44,28,29,115,0,1,51,3,55,14,45,79,32,170,10,0,10,180
05/10/2010,TLH,FL,ASO,ES,Combined TRACON& Tower with Radar,13,63,30,29,135,0,1,35,1,37,13,64,65,30,172,10,12,22,194
05/11/2010,TLH,FL,ASO,ES,Combined TRACON& Tower with Radar,16,67,54,33,170,0,1,32,4,37,16,68,86,37,207,0,58,58,265
05/12/2010,TLH,FL,ASO,ES,Combined TRACON& Tower with Radar,15,70,51,70,206,0,1,44,2,47,15,71,95,72,253,26,6,32,285
05/13/2010,TLH,FL,ASO,ES,Combined TRACON& Tower with Radar,12,70,57,32,171,0,0,52,14,66,12,70,109,46,237,30,2,32,269
05/14/2010,TLH,FL,ASO,ES,Combined TRACON& Tower with Radar,13,64,48,76,201,0,0,63,10,73,13,64,111,86,274,80,4,84,358
05/15/2010,TLH,FL,ASO,ES,Combined TRACON& Tower with Radar,10,33,16,0,59,0,0,45,2,47,10,33,61,2,106,12,0,12,118
05/16/2010,TLH,FL,ASO,ES,Combined TRACON& Tower with Radar,14,43,21,34,112,0,0,35,17,52,14,43,56,51,164,14,4,18,182
05/17/2010,TLH,FL,ASO,ES,Combined TRACON& Tower with Radar,16,64,48,33,161,0,2,22,11,35,16,66,70,44,196,56,74,130,326
05/18/2010,TLH,FL,ASO,ES,Combined TRACON& Tower with Radar,15,62,42,60,179,0,0,26,7,33,15,62,68,67,212,8,4,12,224
05/19/2010,TLH,FL,ASO,ES,Combined TRACON& Tower with Radar,16,61,51,40,168,0,1,53,16,70,16,62,104,56,238,88,14,102,340
05/20/2010,TLH,FL,ASO,ES,Combined TRACON& Tower with Radar,16,65,31,20,132,0,0,54,5,59,16,65,85,25,191,40,14,54,245
05/21/2010,TLH,FL,ASO,ES,Combined TRACON& Tower with Radar,12,60,52,59,183,0,3,32,24,59,12,63,84,83,242,28,22,50,292
05/22/2010,TLH,FL,ASO,ES,Combined TRACON& Tower with Radar,9,31,26,42,108,0,1,44,14,59,9,32,70,56,167,68,74,142,309
05/23/2010,TLH,FL,ASO,ES,Combined TRACON& Tower with Radar,12,45,24,19,100,0,0,52,14,66,12,45,76,33,166,34,0,34,200
05/24/2010,TLH,FL,ASO,ES,Combined TRACON& Tower with Radar,8,68,37,46,159,0,3,42,17,62,8,71,79,63,221,38,32,70,291
05/25/2010,TLH,FL,ASO,ES,Combined TRACON& Tower with Radar,12,68,51,36,167,0,4,33,15,52,12,72,84,51,219,74,10,84,303
05/26/2010,TLH,FL,ASO,ES,Combined TRACON& Tower with Radar,14,60,47,48,169,0,3,41,15,59,14,63,88,63,228,28,34,62,290
05/27/2010,TLH,FL,ASO,ES,Combined TRACON& Tower with Radar,12,62,41,29,144,0,2,53,17,72,12,64,94,46,216,28,10,38,254
05/28/2010,TLH,FL,ASO,ES,Combined TRACON& Tower with Radar,10,63,38,26,137,0,1,49,2,52,10,64,87,28,189,48,34,82,271
05/29/2010,TLH,FL,ASO,ES,Combined TRACON& Tower with Radar,7,34,10,0,51,0,0,33,0,33,7,34,43,0,84,50,0,50,134
05/30/2010,TLH,FL,ASO,ES,Combined TRACON& Tower with Radar,11,38,11,3,63,0,0,23,1,24,11,38,34,4,87,36,0,36,123
05/31/2010,TLH,FL,ASO,ES,Combined TRACON& Tower with Radar,13,45,18,6,82,0,0,26,0,26,13,45,44,6,108,28,0,28,136
06/01/2010,TLH,FL,ASO,ES,Combined TRACON& Tower with Radar,11,59,32,17,119,0,1,23,4,28,11,60,55,21,147,0,6,6,153
06/02/2010,TLH,FL,ASO,ES,Combined TRACON& Tower with Radar,12,64,55,24,155,0,1,32,4,37,12,65,87,28,192,40,0,40,232
06/03/2010,TLH,FL,ASO,ES,Combined TRACON& Tower with Radar,12,60,22,23,117,0,1,37,1,39,12,61,59,24,156,78,16,94,250
06/04/2010,TLH,FL,ASO,ES,Combined TRACON& Tower with Radar,10,64,25,82,181,0,1,37,15,53,10,65,62,97,234,74,54,128,362
06/05/2010,TLH,FL,ASO,ES,Combined TRACON& Tower with Radar,11,31,42,2,86,0,0,30,4,34,11,31,72,6,120,18,0,18,138
06/06/2010,TLH,FL,ASO,ES,Combined TRACON& Tower with Radar,14,44,17,7,82,0,2,8,9,19,14,46,25,16,101,6,0,6,107
06/07/2010,TLH,FL,ASO,ES,Combined TRACON& Tower with Radar,16,62,37,73,188,0,0,21,9,30,16,62,58,82,218,0,26,26,244
06/08/2010,TLH,FL,ASO,ES,Combined TRACON& Tower with Radar,14,69,40,44,167,0,1,59,2,62,14,70,99,46,229,22,18,40,269
06/09/2010,TLH,FL,ASO,ES,Combined TRACON& Tower with Radar,15,58,35,54,162,0,2,57,9,68,15,60,92,63,230,22,28,50,280
06/10/2010,TLH,FL,ASO,ES,Combined TRACON& Tower with Radar,7,64,34,69,174,0,2,56,13,71,7,66,90,82,245,12,26,38,283
06/11/2010,TLH,FL,ASO,ES,Combined TRACON& Tower with Radar,7,56,45,43,151,0,2,46,10,58,7,58,91,53,209,48,20,68,277
06/12/2010,TLH,FL,ASO,ES,Combined TRACON& Tower with Radar,14,24,32,6,76,0,0,38,7,45,14,24,70,13,121,64,0,64,185
06/13/2010,TLH,FL,ASO,ES,Combined TRACON& Tower with Radar,10,36,35,11,92,0,0,44,2,46,10,36,79,13,138,16,0,16,154
06/14/2010,TLH,FL,ASO,ES,Combined TRACON& Tower with Radar,11,54,25,19,109,0,1,29,6,36,11,55,54,25,145,2,0,2,147
06/15/2010,TLH,FL,ASO,ES,Combined TRACON& Tower with Radar,18,51,41,32,142,0,2,32,8,42,18,53,73,40,184,40,4,44,228
06/16/2010,TLH,FL,ASO,ES,Combined TRACON& Tower with Radar,13,53,41,23,130,0,2,49,3,54,13,55,90,26,184,46,6,52,236
06/17/2010,TLH,FL,ASO,ES,Combined TRACON& Tower with Radar,11,51,49,22,133,0,1,51,8,60,11,52,100,30,193,34,0,34,227
06/18/2010,TLH,FL,ASO,ES,Combined TRACON& Tower with Radar,13,54,38,32,137,0,3,49,7,59,13,57,87,39,196,60,2,62,258
06/19/2010,TLH,FL,ASO,ES,Combined TRACON& Tower with Radar,11,25,20,13,69,0,0,49,2,51,11,25,69,15,120,26,4,30,150
06/20/2010,TLH,FL,ASO,ES,Combined TRACON& Tower with Radar,7,36,31,7,81,0,0,49,9,58,7,36,80,16,139,32,0,32,171
06/21/2010,TLH,FL,ASO,ES,Combined TRACON& Tower with Radar,13,55,36,17,121,0,1,15,2,18,13,56,51,19,139,2,0,2,141
06/22/2010,TLH,FL,ASO,ES,Combined TRACON& Tower with Radar,11,52,19,6,88,0,1,39,9,49,11,53,58,15,137,34,2,36,173
06/23/2010,TLH,FL,ASO,ES,Combined TRACON& Tower with Radar,11,58,43,38,150,0,1,39,17,57,11,59,82,55,207,86,24,110,317
06/24/2010,TLH,FL,ASO,ES,Combined TRACON& Tower with Radar,13,47,41,29,130,0,3,48,9,60,13,50,89,38,190,98,12,110,300
06/25/2010,TLH,FL,ASO,ES,Combined TRACON& Tower with Radar,9,54,22,22,107,0,1,71,12,84,9,55,93,34,191,34,0,34,225
06/26/2010,TLH,FL,ASO,ES,Combined TRACON& Tower with Radar,11,27,14,2,54,0,2,39,2,43,11,29,53,4,97,32,0,32,129
06/27/2010,TLH,FL,ASO,ES,Combined TRACON& Tower with Radar,9,37,27,11,84,0,2,42,6,50,9,39,69,17,134,34,2,36,170
06/28/2010,TLH,FL,ASO,ES,Combined TRACON& Tower with Radar,11,59,51,6,127,0,6,29,6,41,11,65,80,12,168,38,0,38,206
06/29/2010,TLH,FL,ASO,ES,Combined TRACON& Tower with Radar,13,56,36,4,109,0,0,15,3,18,13,56,51,7,127,54,0,54,181
06/30/2010,TLH,FL,ASO,ES,Combined TRACON& Tower with Radar,12,58,26,6,102,0,4,24,0,28,12,62,50,6,130,54,0,54,184
07/01/2010,TLH,FL,ASO,ES,Combined TRACON& Tower with Radar,11,64,38,9,122,0,0,2,3,5,11,64,40,12,127,0,0,0,127
07/02/2010,TLH,FL,ASO,ES,Combined TRACON& Tower with Radar,13,54,44,2,113,0,0,20,0,20,13,54,64,2,133,26,0,26,159
07/03/2010,TLH,FL,ASO,ES,Combined TRACON& Tower with Radar,11,21,14,0,46,0,0,31,0,31,11,21,45,0,77,54,0,54,131
07/04/2010,TLH,FL,ASO,ES,Combined TRACON& Tower with Radar,4,30,11,0,45,0,0,17,2,19,4,30,28,2,64,14,0,14,78
07/05/2010,TLH,FL,ASO,ES,Combined TRACON& Tower with Radar,12,40,39,1,92,0,0,11,0,11,12,40,50,1,103,0,0,0,103
07/06/2010,TLH,FL,ASO,ES,Combined TRACON& Tower with Radar,14,50,38,12,114,0,0,24,11,35,14,50,62,23,149,38,4,42,191
07/07/2010,TLH,FL,ASO,ES,Combined TRACON& Tower with Radar,16,55,35,47,153,0,1,52,15,68,16,56,87,62,221,118,50,168,389
07/08/2010,TLH,FL,ASO,ES,Combined TRACON& Tower with Radar,10,51,48,50,159,0,3,54,10,67,10,54,102,60,226,66,30,96,322
07/09/2010,TLH,FL,ASO,ES,Combined TRACON& Tower with Radar,13,46,34,67,160,0,1,41,27,69,13,47,75,94,229,16,20,36,265
07/10/2010,TLH,FL,ASO,ES,Combined TRACON& Tower with Radar,13,20,18,17,68,0,0,27,0,27,13,20,45,17,95,42,0,42,137
07/11/2010,TLH,FL,ASO,ES,Combined TRACON& Tower with Radar,13,36,19,28,96,0,2,27,24,53,13,38,46,52,149,4,0,4,153
07/12/2010,TLH,FL,ASO,ES,Combined TRACON& Tower with Radar,12,48,52,10,122,0,1,25,9,35,12,49,77,19,157,62,24,86,243
07/13/2010,TLH,FL,ASO,ES,Combined TRACON& Tower with Radar,12,55,35,24,126,0,0,21,6,27,12,55,56,30,153,32,0,32,185
07/14/2010,TLH,FL,ASO,ES,Combined TRACON& Tower with Radar,12,54,28,13,107,0,2,10,4,16,12,56,38,17,123,55,0,55,178
07/15/2010,TLH,FL,ASO,ES,Combined TRACON& Tower with Radar,13,52,33,20,118,0,4,27,2,33,13,56,60,22,151,76,6,82,233
07/16/2010,TLH,FL,ASO,ES,Combined TRACON& Tower with Radar,13,53,33,35,134,0,2,19,15,36,13,55,52,50,170,50,4,54,224
07/17/2010,TLH,FL,ASO,ES,Combined TRACON& Tower with Radar,13,20,21,10,64,0,2,21,1,24,13,22,42,11,88,20,0,20,108
07/18/2010,TLH,FL,ASO,ES,Combined TRACON& Tower with Radar,13,33,30,21,97,0,3,26,17,46,13,36,56,38,143,80,0,80,223
07/19/2010,TLH,FL,ASO,ES,Combined TRACON& Tower with Radar,14,52,51,29,146,0,0,27,5,32,14,52,78,34,178,12,10,22,200
07/20/2010,TLH,FL,ASO,ES,Combined TRACON& Tower with Radar,15,52,37,24,128,0,3,34,8,45,15,55,71,32,173,36,8,44,217
07/21/2010,TLH,FL,ASO,ES,Combined TRACON& Tower with Radar,16,51,61,56,184,0,4,38,8,50,16,55,99,64,234,84,6,90,324
07/22/2010,TLH,FL,ASO,ES,Combined TRACON& Tower with Radar,14,50,42,23,129,0,3,43,10,56,14,53,85,33,185,28,32,60,245
07/23/2010,TLH,FL,ASO,ES,Combined TRACON& Tower with Radar,12,54,23,12,101,0,0,29,9,38,12,54,52,21,139,54,10,64,203
07/24/2010,TLH,FL,ASO,ES,Combined TRACON& Tower with Radar,13,18,35,3,69,0,4,38,0,42,13,22,73,3,111,54,8,62,173
07/25/2010,TLH,FL,ASO,ES,Combined TRACON& Tower with Radar,11,35,33,0,79,0,0,19,9,28,11,35,52,9,107,8,0,8,115
07/26/2010,TLH,FL,ASO,ES,Combined TRACON& Tower with Radar,13,48,30,23,114,0,0,38,3,41,13,48,68,26,155,38,8,46,201
07/27/2010,TLH,FL,ASO,ES,Combined TRACON& Tower with Radar,16,48,41,78,183,0,0,32,13,45,16,48,73,91,228,14,50,64,292
07/28/2010,TLH,FL,ASO,ES,Combined TRACON& Tower with Radar,14,47,36,43,140,0,0,36,9,45,14,47,72,52,185,22,22,44,229
07/29/2010,TLH,FL,ASO,ES,Combined TRACON& Tower with Radar,15,60,34,40,149,0,0,39,9,48,15,60,73,49,197,20,64,84,281
07/30/2010,TLH,FL,ASO,ES,Combined TRACON& Tower with Radar,10,54,33,54,151,0,0,47,6,53,10,54,80,60,204,20,0,20,224
07/31/2010,TLH,FL,ASO,ES,Combined TRACON& Tower with Radar,15,17,20,1,53,0,0,19,3,22,15,17,39,4,75,24,4,28,103
08/01/2010,TLH,FL,ASO,ES,Combined TRACON& Tower with Radar,10,36,22,8,76,0,0,20,0,20,10,36,42,8,96,0,0,0,96
08/02/2010,TLH,FL,ASO,ES,Combined TRACON& Tower with Radar,14,45,38,26,123,0,0,40,0,40,14,45,78,26,163,28,34,62,225
08/03/2010,TLH,FL,ASO,ES,Combined TRACON& Tower with Radar,15,49,38,0,102,0,0,29,2,31,15,49,67,2,133,56,0,56,189
08/04/2010,TLH,FL,ASO,ES,Combined TRACON& Tower with Radar,14,55,44,14,127,0,0,17,4,21,14,55,61,18,148,30,6,36,184
08/05/2010,TLH,FL,ASO,ES,Combined TRACON& Tower with Radar,9,45,37,14,105,0,1,17,1,19,9,46,54,15,124,54,2,56,180
08/06/2010,TLH,FL,ASO,ES,Combined TRACON& Tower with Radar,10,39,45,21,115,0,0,36,5,41,10,39,81,26,156,28,0,28,184
08/07/2010,TLH,FL,ASO,ES,Combined TRACON& Tower with Radar,15,30,20,15,80,0,0,22,3,25,15,30,42,18,105,32,6,38,143
08/08/2010,TLH,FL,ASO,ES,Combined TRACON& Tower with Radar,10,32,32,0,74,0,0,32,5,37,10,32,64,5,111,46,0,46,157
08/09/2010,TLH,FL,ASO,ES,Combined TRACON& Tower with Radar,13,49,41,30,133,0,1,34,18,53,13,50,75,48,186,10,18,28,214
08/10/2010,TLH,FL,ASO,ES,Combined TRACON& Tower with Radar,13,49,42,52,156,0,2,28,8,38,13,51,70,60,194,34,10,44,238
08/11/2010,TLH,FL,ASO,ES,Combined TRACON& Tower with Radar,13,53,43,16,125,0,0,19,3,22,13,53,62,19,147,32,0,32,179
08/12/2010,TLH,FL,ASO,ES,Combined TRACON& Tower with Radar,14,55,32,32,133,0,0,15,2,17,14,55,47,34,150,8,0,8,158
08/13/2010,TLH,FL,ASO,ES,Combined TRACON& Tower with Radar,13,47,22,38,120,0,0,20,6,26,13,47,42,44,146,54,14,68,214
08/14/2010,TLH,FL,ASO,ES,Combined TRACON& Tower with Radar,12,23,18,0,53,0,0,18,1,19,12,23,36,1,72,28,0,28,100
08/15/2010,TLH,FL,ASO,ES,Combined TRACON& Tower with Radar,12,36,22,1,71,0,0,3,1,4,12,36,25,2,75,6,0,6,81
08/16/2010,TLH,FL,ASO,ES,Combined TRACON& Tower with Radar,14,45,17,9,85,0,1,15,7,23,14,46,32,16,108,30,20,50,158
08/17/2010,TLH,FL,ASO,ES,Combined TRACON& Tower with Radar,15,55,29,43,142,0,0,32,8,40,15,55,61,51,182,54,14,68,250
08/18/2010,TLH,FL,ASO,ES,Combined TRACON& Tower with Radar,15,38,40,3,96,0,0,31,3,34,15,38,71,6,130,38,18,56,186
08/19/2010,TLH,FL,ASO,ES,Combined TRACON& Tower with Radar,13,53,42,12,120,0,0,28,6,34,13,53,70,18,154,28,6,34,188
08/20/2010,TLH,FL,ASO,ES,Combined TRACON& Tower with Radar,15,53,53,20,141,0,0,40,12,52,15,53,93,32,193,42,0,42,235
08/21/2010,TLH,FL,ASO,ES,Combined TRACON& Tower with Radar,15,20,18,0,53,0,0,15,11,26,15,20,33,11,79,16,0,16,95
08/22/2010,TLH,FL,ASO,ES,Combined TRACON& Tower with Radar,12,40,23,16,91,0,0,31,3,34,12,40,54,19,125,24,0,24,149
08/23/2010,TLH,FL,ASO,ES,Combined TRACON& Tower with Radar,15,54,40,34,143,0,2,19,9,30,15,56,59,43,173,4,0,4,177
08/24/2010,TLH,FL,ASO,ES,Combined TRACON& Tower with Radar,16,54,36,34,140,0,0,22,2,24,16,54,58,36,164,52,2,54,218
08/25/2010,TLH,FL,ASO,ES,Combined TRACON& Tower with Radar,16,52,38,58,164,0,0,16,8,24,16,52,54,66,188,8,60,68,256
08/26/2010,TLH,FL,ASO,ES,Combined TRACON& Tower with Radar,16,55,28,14,113,0,2,20,0,22,16,57,48,14,135,34,0,34,169
08/27/2010,TLH,FL,ASO,ES,Combined TRACON& Tower with Radar,10,64,32,36,142,0,0,24,7,31,10,64,56,43,173,54,4,58,231
08/28/2010,TLH,FL,ASO,ES,Combined TRACON& Tower with Radar,13,22,29,0,64,0,2,15,0,17,13,24,44,0,81,4,0,4,85
08/29/2010,TLH,FL,ASO,ES,Combined TRACON& Tower with Radar,16,32,34,17,99,0,0,23,7,30,16,32,57,24,129,30,0,30,159
08/30/2010,TLH,FL,ASO,ES,Combined TRACON& Tower with Radar,14,60,36,60,170,0,0,23,19,42,14,60,59,79,212,42,8,50,262
08/31/2010,TLH,FL,ASO,ES,Combined TRACON& Tower with Radar,18,50,29,39,136,0,0,32,10,42,18,50,61,49,178,8,4,12,190
09/01/2010,TLH,FL,ASO,ES,Combined TRACON& Tower with Radar,15,47,42,31,135,0,1,53,9,63,15,48,95,40,198,22,4,26,224
09/02/2010,TLH,FL,ASO,ES,Combined TRACON& Tower with Radar,12,55,68,35,170,0,1,52,11,64,12,56,120,46,234,68,0,68,302
09/03/2010,TLH,FL,ASO,ES,Combined TRACON& Tower with Radar,12,53,37,23,125,0,0,54,5,59,12,53,91,28,184,70,0,70,254
09/04/2010,TLH,FL,ASO,ES,Combined TRACON& Tower with Radar,7,28,35,21,91,0,0,34,3,37,7,28,69,24,128,20,0,20,148
09/05/2010,TLH,FL,ASO,ES,Combined TRACON& Tower with Radar,12,26,18,12,68,0,0,35,8,43,12,26,53,20,111,10,0,10,121
09/06/2010,TLH,FL,ASO,ES,Combined TRACON& Tower with Radar,17,31,31,2,81,0,3,50,3,56,17,34,81,5,137,16,0,16,153
09/07/2010,TLH,FL,ASO,ES,Combined TRACON& Tower with Radar,16,50,54,50,170,0,2,20,5,27,16,52,74,55,197,26,32,58,255
09/08/2010,TLH,FL,ASO,ES,Combined TRACON& Tower with Radar,16,51,42,63,172,0,0,20,8,28,16,51,62,71,200,42,2,44,244
09/09/2010,TLH,FL,ASO,ES,Combined TRACON& Tower with Radar,16,58,36,32,142,0,0,27,5,32,16,58,63,37,174,54,30,84,258
09/10/2010,TLH,FL,ASO,ES,Combined TRACON& Tower with Radar,19,59,35,21,134,0,1,38,3,42,19,60,73,24,176,62,10,72,248
09/11/2010,TLH,FL,ASO,ES,Combined TRACON& Tower with Radar,9,20,19,18,66,0,3,42,0,45,9,23,61,18,111,20,0,20,131
09/12/2010,TLH,FL,ASO,ES,Combined TRACON& Tower with Radar,10,28,10,3,51,0,0,6,7,13,10,28,16,10,64,56,4,60,124
09/13/2010,TLH,FL,ASO,ES,Combined TRACON& Tower with Radar,18,50,26,23,117,0,5,11,6,22,18,55,37,29,139,33,6,39,178
09/14/2010,TLH,FL,ASO,ES,Combined TRACON& Tower with Radar,18,54,29,41,142,0,4,37,7,48,18,58,66,48,190,24,16,40,230
09/15/2010,TLH,FL,ASO,ES,Combined TRACON& Tower with Radar,17,59,47,18,141,0,0,42,4,46,17,59,89,22,187,48,10,58,245
09/16/2010,TLH,FL,ASO,ES,Combined TRACON& Tower with Radar,18,62,47,13,140,0,0,46,5,51,18,62,93,18,191,42,0,42,233
09/17/2010,TLH,FL,ASO,ES,Combined TRACON& Tower with Radar,18,54,29,41,142,0,1,50,12,63,18,55,79,53,205,84,2,86,291
09/18/2010,TLH,FL,ASO,ES,Combined TRACON& Tower with Radar,16,19,35,5,75,0,0,65,2,67,16,19,100,7,142,26,0,26,168
09/19/2010,TLH,FL,ASO,ES,Combined TRACON& Tower with Radar,14,41,41,20,116,0,0,38,7,45,14,41,79,27,161,70,0,70,231
09/20/2010,TLH,FL,ASO,ES,Combined TRACON& Tower with Radar,18,50,29,14,111,0,1,32,7,40,18,51,61,21,151,26,0,26,177
09/21/2010,TLH,FL,ASO,ES,Combined TRACON& Tower with Radar,18,57,37,35,147,0,4,43,5,52,18,61,80,40,199,62,18,80,279
09/22/2010,TLH,FL,ASO,ES,Combined TRACON& Tower with Radar,16,57,43,26,142,0,0,28,2,30,16,57,71,28,172,52,36,88,260
09/23/2010,TLH,FL,ASO,ES,Combined TRACON& Tower with Radar,18,56,36,35,145,0,0,36,2,38,18,56,72,37,183,56,20,76,259
09/24/2010,TLH,FL,ASO,ES,Combined TRACON& Tower with Radar,16,59,43,60,178,0,1,47,12,60,16,60,90,72,238,56,26,82,320
09/25/2010,TLH,FL,ASO,ES,Combined TRACON& Tower with Radar,12,23,53,1,89,0,0,19,3,22,12,23,72,4,111,0,0,0,111
09/26/2010,TLH,FL,ASO,ES,Combined TRACON& Tower with Radar,18,34,21,2,75,0,0,5,2,7,18,34,26,4,82,0,0,0,82
09/27/2010,TLH,FL,ASO,ES,Combined TRACON& Tower with Radar,19,56,29,14,118,0,0,18,6,24,19,56,47,20,142,0,4,4,146
09/28/2010,TLH,FL,ASO,ES,Combined TRACON& Tower with Radar,19,56,21,12,108,0,3,34,7,44,19,59,55,19,152,26,0,26,178
09/29/2010,TLH,FL,ASO,ES,Combined TRACON& Tower with Radar,18,55,29,27,129,0,0,27,5,32,18,55,56,32,161,62,20,82,243
09/30/2010,TLH,FL,ASO,ES,Combined TRACON& Tower with Radar,17,55,42,23,137,0,4,37,3,44,17,59,79,26,181,34,42,76,257
10/01/2010,TLH,FL,ASO,ES,Combined TRACON& Tower with Radar,11,62,67,43,183,0,1,44,17,62,11,63,111,60,245,58,28,86,331
10/02/2010,TLH,FL,ASO,ES,Combined TRACON& Tower with Radar,14,16,22,8,60,0,0,38,0,38,14,16,60,8,98,10,0,10,108
10/03/2010,TLH,FL,ASO,ES,Combined TRACON& Tower with Radar,12,35,26,32,105,0,0,38,21,59,12,35,64,53,164,14,6,20,184
10/04/2010,TLH,FL,ASO,ES,Combined TRACON& Tower with Radar,12,65,11,73,161,0,1,16,2,19,12,66,27,75,180,26,50,76,256
10/05/2010,TLH,FL,ASO,ES,Combined TRACON& Tower with Radar,12,66,22,72,172,0,0,37,5,42,12,66,59,77,214,44,40,84,298
10/06/2010,TLH,FL,ASO,ES,Combined TRACON& Tower with Radar,12,65,33,45,155,0,2,37,6,45,12,67,70,51,200,56,10,66,266
10/07/2010,TLH,FL,ASO,ES,Combined TRACON& Tower with Radar,11,54,39,43,147,0,0,44,3,47,11,54,83,46,194,90,16,106,300
10/08/2010,TLH,FL,ASO,ES,Combined TRACON& Tower with Radar,14,58,32,61,165,0,1,35,13,49,14,59,67,74,214,50,28,78,292
10/09/2010,TLH,FL,ASO,ES,Combined TRACON& Tower with Radar,11,16,18,8,53,0,2,49,0,51,11,18,67,8,104,20,0,20,124
10/10/2010,TLH,FL,ASO,ES,Combined TRACON& Tower with Radar,12,33,20,9,74,0,4,39,8,51,12,37,59,17,125,52,4,56,181
10/11/2010,TLH,FL,ASO,ES,Combined TRACON& Tower with Radar,10,62,24,2,98,0,1,29,0,30,10,63,53,2,128,44,0,44,172
10/12/2010,TLH,FL,ASO,ES,Combined TRACON& Tower with Radar,12,56,35,40,143,0,0,31,11,42,12,56,66,51,185,74,28,102,287
10/13/2010,TLH,FL,ASO,ES,Combined TRACON& Tower with Radar,13,56,49,37,155,0,0,31,3,34,13,56,80,40,189,4,0,4,193
10/14/2010,TLH,FL,ASO,ES,Combined TRACON& Tower with Radar,13,61,32,16,122,0,2,32,14,48,13,63,64,30,170,78,0,78,248
10/15/2010,TLH,FL,ASO,ES,Combined TRACON& Tower with Radar,13,61,66,24,164,0,1,69,16,86,13,62,135,40,250,60,0,60,310
10/16/2010,TLH,FL,ASO,ES,Combined TRACON& Tower with Radar,14,24,64,0,102,0,0,71,2,73,14,24,135,2,175,46,0,46,221
10/17/2010,TLH,FL,ASO,ES,Combined TRACON& Tower with Radar,13,45,46,34,138,0,0,57,10,67,13,45,103,44,205,28,10,38,243
10/18/2010,TLH,FL,ASO,ES,Combined TRACON& Tower with Radar,12,59,31,64,166,0,2,35,12,49,12,61,66,76,215,34,6,40,255
10/19/2010,TLH,FL,ASO,ES,Combined TRACON& Tower with Radar,12,60,49,40,161,0,1,46,8,55,12,61,95,48,216,52,32,84,300
10/20/2010,TLH,FL,ASO,ES,Combined TRACON& Tower with Radar,12,57,49,41,159,0,1,43,3,47,12,58,92,44,206,6,10,16,222
10/21/2010,TLH,FL,ASO,ES,Combined TRACON& Tower with Radar,12,62,29,17,120,0,0,37,3,40,12,62,66,20,160,36,4,40,200
10/22/2010,TLH,FL,ASO,ES,Combined TRACON& Tower with Radar,14,65,38,87,204,0,1,56,18,75,14,66,94,105,279,20,22,42,321
10/23/2010,TLH,FL,ASO,ES,Combined TRACON& Tower with Radar,13,15,22,12,62,0,0,40,2,42,13,15,62,14,104,20,0,20,124
10/24/2010,TLH,FL,ASO,ES,Combined TRACON& Tower with Radar,12,36,36,53,137,0,0,31,19,50,12,36,67,72,187,78,34,112,299
10/25/2010,TLH,FL,ASO,ES,Combined TRACON& Tower with Radar,12,56,49,2,119,0,0,8,1,9,12,56,57,3,128,4,4,8,136
10/26/2010,TLH,FL,ASO,ES,Combined TRACON& Tower with Radar,12,58,62,34,166,0,0,13,4,17,12,58,75,38,183,14,10,24,207
10/27/2010,TLH,FL,ASO,ES,Combined TRACON& Tower with Radar,15,50,42,48,155,0,0,34,8,42,15,50,76,56,197,56,4,60,257
10/28/2010,TLH,FL,ASO,ES,Combined TRACON& Tower with Radar,12,67,43,11,133,0,0,10,0,10,12,67,53,11,143,16,0,16,159
10/29/2010,TLH,FL,ASO,ES,Combined TRACON& Tower with Radar,12,60,37,25,134,0,5,56,17,78,12,65,93,42,212,52,18,70,282
10/30/2010,TLH,FL,ASO,ES,Combined TRACON& Tower with Radar,13,18,21,0,52,0,2,53,2,57,13,20,74,2,109,4,0,4,113
10/31/2010,TLH,FL,ASO,ES,Combined TRACON& Tower with Radar,12,32,14,46,104,0,2,46,22,70,12,34,60,68,174,14,22,36,210
11/01/2010,TLH,FL,ASO,ES,Combined TRACON& Tower with Radar,15,55,32,28,130,0,2,42,19,63,15,57,74,47,193,20,12,32,225
11/02/2010,TLH,FL,ASO,ES,Combined TRACON& Tower with Radar,11,55,50,52,168,0,0,43,2,45,11,55,93,54,213,32,14,46,259
11/03/2010,TLH,FL,ASO,ES,Combined TRACON& Tower with Radar,11,58,62,17,148,0,0,34,0,34,11,58,96,17,182,12,28,40,222
11/04/2010,TLH,FL,ASO,ES,Combined TRACON& Tower with Radar,9,68,71,11,159,0,2,14,4,20,9,70,85,15,179,34,4,38,217
11/05/2010,TLH,FL,ASO,ES,Combined TRACON& Tower with Radar,16,58,65,62,201,0,1,65,19,85,16,59,130,81,286,26,20,46,332
11/06/2010,TLH,FL,ASO,ES,Combined TRACON& Tower with Radar,15,21,39,7,82,0,0,54,7,61,15,21,93,14,143,4,0,4,147
11/07/2010,TLH,FL,ASO,ES,Combined TRACON& Tower with Radar,12,43,33,59,147,0,2,35,16,53,12,45,68,75,200,36,6,42,242
11/08/2010,TLH,FL,ASO,ES,Combined TRACON& Tower with Radar,12,64,26,47,149,0,1,37,4,42,12,65,63,51,191,24,22,46,237
11/09/2010,TLH,FL,ASO,ES,Combined TRACON& Tower with Radar,12,64,48,32,156,0,1,62,26,89,12,65,110,58,245,10,0,10,255
11/10/2010,TLH,FL,ASO,ES,Combined TRACON& Tower with Radar,12,63,45,67,187,0,4,48,14,66,12,67,93,81,253,40,2,42,295
11/11/2010,TLH,FL,ASO,ES,Combined TRACON& Tower with Radar,13,56,42,3,114,0,0,49,5,54,13,56,91,8,168,8,10,18,186
11/12/2010,TLH,FL,ASO,ES,Combined TRACON& Tower with Radar,15,63,61,57,196,0,0,50,15,65,15,63,111,72,261,54,6,60,321
11/13/2010,TLH,FL,ASO,ES,Combined TRACON& Tower with Radar,17,18,49,11,95,0,0,49,1,50,17,18,98,12,145,30,0,30,175
11/14/2010,TLH,FL,ASO,ES,Combined TRACON& Tower with Radar,15,42,66,55,178,0,0,69,19,88,15,42,135,74,266,34,40,74,340
11/15/2010,TLH,FL,ASO,ES,Combined TRACON& Tower with Radar,12,55,43,58,168,0,0,23,4,27,12,55,66,62,195,14,12,26,221
11/16/2010,TLH,FL,ASO,ES,Combined TRACON& Tower with Radar,12,68,55,12,147,0,0,9,7,16,12,68,64,19,163,16,16,32,195
11/17/2010,TLH,FL,ASO,ES,Combined TRACON& Tower with Radar,14,64,53,22,153,0,1,73,22,96,14,65,126,44,249,92,0,92,341
11/18/2010,TLH,FL,ASO,ES,Combined TRACON& Tower with Radar,10,63,40,10,123,0,0,34,9,43,10,63,74,19,166,6,0,6,172
11/19/2010,TLH,FL,ASO,ES,Combined TRACON& Tower with Radar,14,66,47,42,169,0,4,38,16,58,14,70,85,58,227,68,18,86,313
11/20/2010,TLH,FL,ASO,ES,Combined TRACON& Tower with Radar,8,16,32,30,86,0,2,25,3,30,8,18,57,33,116,50,2,52,168
11/21/2010,TLH,FL,ASO,ES,Combined TRACON& Tower with Radar,9,38,28,31,106,0,0,28,14,42,9,38,56,45,148,10,10,20,168
11/22/2010,TLH,FL,ASO,ES,Combined TRACON& Tower with Radar,10,54,40,41,145,0,1,43,5,49,10,55,83,46,194,28,12,40,234
11/23/2010,TLH,FL,ASO,ES,Combined TRACON& Tower with Radar,12,70,49,64,195,0,1,44,10,55,12,71,93,74,250,54,70,124,374
11/24/2010,TLH,FL,ASO,ES,Combined TRACON& Tower with Radar,9,66,51,12,138,0,0,28,2,30,9,66,79,14,168,66,0,66,234
11/25/2010,TLH,FL,ASO,ES,Combined TRACON& Tower with Radar,5,27,13,0,45,0,2,13,0,15,5,29,26,0,60,0,0,0,60
11/26/2010,TLH,FL,ASO,ES,Combined TRACON& Tower with Radar,11,41,49,4,105,0,4,7,0,11,11,45,56,4,116,46,0,46,162
11/27/2010,TLH,FL,ASO,ES,Combined TRACON& Tower with Radar,10,42,100,8,160,0,2,57,0,59,10,44,157,8,219,84,0,84,303
11/28/2010,TLH,FL,ASO,ES,Combined TRACON& Tower with Radar,10,50,59,0,119,0,2,48,0,50,10,52,107,0,169,56,0,56,225
11/29/2010,TLH,FL,ASO,ES,Combined TRACON& Tower with Radar,10,59,33,39,141,0,2,10,0,12,10,61,43,39,153,58,0,58,211
11/30/2010,TLH,FL,ASO,ES,Combined TRACON& Tower with Radar,11,55,32,16,114,0,4,2,0,6,11,59,34,16,120,0,0,0,120
12/01/2010,TLH,FL,ASO,ES,Combined TRACON& Tower with Radar,9,60,46,19,134,0,1,29,22,52,9,61,75,41,186,48,4,52,238
12/02/2010,TLH,FL,ASO,ES,Combined TRACON& Tower with Radar,9,64,39,20,132,0,3,44,11,58,9,67,83,31,190,22,12,34,224
12/03/2010,TLH,FL,ASO,ES,Combined TRACON& Tower with Radar,13,59,25,39,136,0,0,39,12,51,13,59,64,51,187,38,22,60,247
12/04/2010,TLH,FL,ASO,ES,Combined TRACON& Tower with Radar,11,14,20,11,56,0,2,40,0,42,11,16,60,11,98,26,0,26,124
12/05/2010,TLH,FL,ASO,ES,Combined TRACON& Tower with Radar,6,41,32,38,117,0,2,21,31,54,6,43,53,69,171,4,0,4,175
12/06/2010,TLH,FL,ASO,ES,Combined TRACON& Tower with Radar,9,61,47,85,202,0,5,28,7,40,9,66,75,92,242,54,8,62,304
12/07/2010,TLH,FL,ASO,ES,Combined TRACON& Tower with Radar,10,61,54,58,183,0,5,26,15,46,10,66,80,73,229,20,26,46,275
12/08/2010,TLH,FL,ASO,ES,Combined TRACON& Tower with Radar,10,62,62,18,152,0,0,28,9,37,10,62,90,27,189,62,0,62,251
12/09/2010,TLH,FL,ASO,ES,Combined TRACON& Tower with Radar,12,61,74,56,203,0,3,46,15,64,12,64,120,71,267,36,26,62,329
12/10/2010,TLH,FL,ASO,ES,Combined TRACON& Tower with Radar,10,54,56,37,157,0,0,48,23,71,10,54,104,60,228,80,12,92,320
12/11/2010,TLH,FL,ASO,ES,Combined TRACON& Tower with Radar,10,14,17,33,74,0,2,36,5,43,10,16,53,38,117,30,6,36,153
12/12/2010,TLH,FL,ASO,ES,Combined TRACON& Tower with Radar,7,37,11,40,95,0,3,7,23,33,7,40,18,63,128,10,8,18,146
12/13/2010,TLH,FL,ASO,ES,Combined TRACON& Tower with Radar,8,57,34,41,140,0,0,20,18,38,8,57,54,59,178,16,46,62,240
12/14/2010,TLH,FL,ASO,ES,Combined TRACON& Tower with Radar,9,65,43,32,149,0,0,44,20,64,9,65,87,52,213,18,4,22,235
12/15/2010,TLH,FL,ASO,ES,Combined TRACON& Tower with Radar,10,61,55,25,151,0,0,36,5,41,10,61,91,30,192,74,8,82,274
12/16/2010,TLH,FL,ASO,ES,Combined TRACON& Tower with Radar,10,56,33,1,100,0,2,19,0,21,10,58,52,1,121,2,0,2,123
12/17/2010,TLH,FL,ASO,ES,Combined TRACON& Tower with Radar,8,54,46,19,127,0,0,6,0,6,8,54,52,19,133,0,0,0,133
12/18/2010,TLH,FL,ASO,ES,Combined TRACON& Tower with Radar,10,21,24,0,55,0,0,0,0,0,10,21,24,0,55,0,0,0,55
12/19/2010,TLH,FL,ASO,ES,Combined TRACON& Tower with Radar,8,32,24,42,106,0,1,19,8,28,8,33,43,50,134,56,0,56,190
12/20/2010,TLH,FL,ASO,ES,Combined TRACON& Tower with Radar,12,53,37,18,120,0,1,34,6,41,12,54,71,24,161,68,0,68,229
12/21/2010,TLH,FL,ASO,ES,Combined TRACON& Tower with Radar,10,65,31,48,154,0,2,33,6,41,10,67,64,54,195,40,16,56,251
12/22/2010,TLH,FL,ASO,ES,Combined TRACON& Tower with Radar,11,59,35,27,132,0,1,19,2,22,11,60,54,29,154,28,24,52,206
12/23/2010,TLH,FL,ASO,ES,Combined TRACON& Tower with Radar,11,57,26,7,101,0,3,32,3,38,11,60,58,10,139,46,0,46,185
12/24/2010,TLH,FL,ASO,ES,Combined TRACON& Tower with Radar,8,35,9,0,52,0,2,29,0,31,8,37,38,0,83,26,6,32,115
12/25/2010,TLH,FL,ASO,ES,Combined TRACON& Tower with Radar,8,7,3,0,18,0,0,1,0,1,8,7,4,0,19,0,0,0,19
12/26/2010,TLH,FL,ASO,ES,Combined TRACON& Tower with Radar,7,28,8,0,43,0,2,5,0,7,7,30,13,0,50,0,0,0,50
12/27/2010,TLH,FL,ASO,ES,Combined TRACON& Tower with Radar,10,55,25,11,101,0,2,19,1,22,10,57,44,12,123,20,0,20,143
12/28/2010,TLH,FL,ASO,ES,Combined TRACON& Tower with Radar,10,52,27,13,102,0,4,37,1,42,10,56,64,14,144,32,2,34,178
12/29/2010,TLH,FL,ASO,ES,Combined TRACON& Tower with Radar,10,53,23,30,116,0,2,54,2,58,10,55,77,32,174,0,0,0,174
12/30/2010,TLH,FL,ASO,ES,Combined TRACON& Tower with Radar,11,56,36,23,126,0,0,32,5,37,11,56,68,28,163,0,0,0,163
12/31/2010,TLH,FL,ASO,ES,Combined TRACON& Tower with Radar,12,42,16,2,72,0,0,34,0,34,12,42,50,2,106,8,0,8,114
01/01/2011,TLH,FL,ASO,ES,Combined TRACON& Tower with Radar,8,20,12,0,40,0,0,11,0,11,8,20,23,0,51,0,0,0,51
01/02/2011,TLH,FL,ASO,ES,Combined TRACON& Tower with Radar,8,36,40,1,85,0,0,13,3,16,8,36,53,4,101,0,4,4,105
01/03/2011,TLH,FL,ASO,ES,Combined TRACON& Tower with Radar,10,78,60,16,164,0,0,65,2,67,10,78,125,18,231,18,0,18,249
01/04/2011,TLH,FL,ASO,ES,Combined TRACON& Tower with Radar,10,67,103,27,207,0,0,48,13,61,10,67,151,40,268,34,0,34,302
01/05/2011,TLH,FL,ASO,ES,Combined TRACON& Tower with Radar,9,57,54,9,129,0,0,7,1,8,9,57,61,10,137,8,0,8,145
01/06/2011,TLH,FL,ASO,ES,Combined TRACON& Tower with Radar,4,55,59,36,154,0,0,36,8,44,4,55,95,44,198,38,0,38,236
01/07/2011,TLH,FL,ASO,ES,Combined TRACON& Tower with Radar,5,56,38,82,181,0,2,43,23,68,5,58,81,105,249,26,50,76,325
01/08/2011,TLH,FL,ASO,ES,Combined TRACON& Tower with Radar,7,26,26,27,86,0,2,56,18,76,7,28,82,45,162,56,4,60,222
01/09/2011,TLH,FL,ASO,ES,Combined TRACON& Tower with Radar,6,39,29,78,152,0,0,48,27,75,6,39,77,105,227,88,2,90,317
01/10/2011,TLH,FL,ASO,ES,Combined TRACON& Tower with Radar,2,41,32,5,80,0,0,0,0,0,2,41,32,5,80,0,0,0,80
01/11/2011,TLH,FL,ASO,ES,Combined TRACON& Tower with Radar,1,38,44,27,110,0,0,1,0,1,1,38,45,27,111,10,0,10,121
01/12/2011,TLH,FL,ASO,ES,Combined TRACON& Tower with Radar,8,53,44,63,168,0,2,53,24,79,8,55,97,87,247,6,20,26,273
01/13/2011,TLH,FL,ASO,ES,Combined TRACON& Tower with Radar,6,56,42,71,175,0,1,31,11,43,6,57,73,82,218,42,14,56,274
01/14/2011,TLH,FL,ASO,ES,Combined TRACON& Tower with Radar,9,55,34,110,208,0,2,49,27,78,9,57,83,137,286,98,56,154,440
01/15/2011,TLH,FL,ASO,ES,Combined TRACON& Tower with Radar,10,18,29,43,100,0,0,39,13,52,10,18,68,56,152,38,38,76,228
01/16/2011,TLH,FL,ASO,ES,Combined TRACON& Tower with Radar,8,30,25,43,106,0,1,34,20,55,8,31,59,63,161,52,0,52,213
01/17/2011,TLH,FL,ASO,ES,Combined TRACON& Tower with Radar,6,51,23,2,82,0,0,0,0,0,6,51,23,2,82,0,0,0,82
01/18/2011,TLH,FL,ASO,ES,Combined TRACON& Tower with Radar,11,52,49,13,125,0,0,7,1,8,11,52,56,14,133,0,0,0,133
01/19/2011,TLH,FL,ASO,ES,Combined TRACON& Tower with Radar,8,58,46,38,150,0,0,10,2,12,8,58,56,40,162,8,16,24,186
01/20/2011,TLH,FL,ASO,ES,Combined TRACON& Tower with Radar,12,63,47,42,164,0,0,11,12,23,12,63,58,54,187,12,0,12,199
01/21/2011,TLH,FL,ASO,ES,Combined TRACON& Tower with Radar,12,50,41,65,168,0,0,10,17,27,12,50,51,82,195,54,18,72,267
01/22/2011,TLH,FL,ASO,ES,Combined TRACON& Tower with Radar,11,17,22,16,66,0,0,43,3,46,11,17,65,19,112,26,14,40,152
01/23/2011,TLH,FL,ASO,ES,Combined TRACON& Tower with Radar,8,37,11,59,115,0,2,42,13,57,8,39,53,72,172,16,12,28,200
01/24/2011,TLH,FL,ASO,ES,Combined TRACON& Tower with Radar,13,58,42,22,135,0,2,50,17,69,13,60,92,39,204,42,10,52,256
01/25/2011,TLH,FL,ASO,ES,Combined TRACON& Tower with Radar,11,52,27,1,91,0,0,0,0,0,11,52,27,1,91,0,0,0,91
01/26/2011,TLH,FL,ASO,ES,Combined TRACON& Tower with Radar,12,57,81,54,204,0,4,23,4,31,12,61,104,58,235,8,18,26,261
01/27/2011,TLH,FL,ASO,ES,Combined TRACON& Tower with Radar,12,59,79,27,177,0,2,37,15,54,12,61,116,42,231,34,10,44,275
01/28/2011,TLH,FL,ASO,ES,Combined TRACON& Tower with Radar,12,56,45,68,181,0,2,52,19,73,12,58,97,87,254,12,4,16,270
01/29/2011,TLH,FL,ASO,ES,Combined TRACON& Tower with Radar,12,57,81,54,204,0,4,23,4,31,12,61,104,58,235,48,42,90,325
01/30/2011,TLH,FL,ASO,ES,Combined TRACON& Tower with Radar,12,59,79,27,177,0,2,37,15,54,12,61,116,42,231,20,36,56,287
01/31/2011,TLH,FL,ASO,ES,Combined TRACON& Tower with Radar,12,62,39,71,184,0,6,33,9,48,12,68,72,80,232,22,2,24,256
02/01/2011,TLH,FL,ASO,ES,Combined TRACON& Tower with Radar,11,57,35,29,132,0,0,20,2,22,11,57,55,31,154,0,12,12,166
02/02/2011,TLH,FL,ASO,ES,Combined TRACON& Tower with Radar,15,58,57,55,185,0,2,22,5,29,15,60,79,60,214,14,0,14,228
02/03/2011,TLH,FL,ASO,ES,Combined TRACON& Tower with Radar,14,62,53,40,169,0,8,24,0,32,14,70,77,40,201,24,0,24,225
02/04/2011,TLH,FL,ASO,ES,Combined TRACON& Tower with Radar,7,48,27,8,90,0,0,0,0,0,7,48,27,8,90,0,0,0,90
02/05/2011,TLH,FL,ASO,ES,Combined TRACON& Tower with Radar,9,31,25,22,87,0,0,1,0,1,9,31,26,22,88,0,0,0,88
02/06/2011,TLH,FL,ASO,ES,Combined TRACON& Tower with Radar,10,37,30,5,82,0,0,35,5,40,10,37,65,10,122,50,4,54,176
02/07/2011,TLH,FL,ASO,ES,Combined TRACON& Tower with Radar,8,56,59,6,129,0,0,1,0,1,8,56,60,6,130,0,0,0,130
02/08/2011,TLH,FL,ASO,ES,Combined TRACON& Tower with Radar,9,71,71,64,215,0,3,38,0,41,9,74,109,64,256,28,0,28,284
02/09/2011,TLH,FL,ASO,ES,Combined TRACON& Tower with Radar,11,68,64,44,187,0,0,32,6,38,11,68,96,50,225,84,12,96,321
02/10/2011,TLH,FL,ASO,ES,Combined TRACON& Tower with Radar,10,53,52,20,135,0,0,5,1,6,10,53,57,21,141,0,0,0,141
02/11/2011,TLH,FL,ASO,ES,Combined TRACON& Tower with Radar,15,53,55,56,179,0,0,56,3,59,15,53,111,59,238,42,16,58,296
02/12/2011,TLH,FL,ASO,ES,Combined TRACON& Tower with Radar,10,21,18,34,83,0,3,56,9,68,10,24,74,43,151,4,6,10,161
02/13/2011,TLH,FL,ASO,ES,Combined TRACON& Tower with Radar,8,43,45,18,114,0,0,55,10,65,8,43,100,28,179,62,46,108,287
02/14/2011,TLH,FL,ASO,ES,Combined TRACON& Tower with Radar,10,54,33,39,136,0,0,33,7,40,10,54,66,46,176,46,12,58,234
02/15/2011,TLH,FL,ASO,ES,Combined TRACON& Tower with Radar,12,60,49,49,170,0,2,44,10,56,12,62,93,59,226,12,0,12,238
02/16/2011,TLH,FL,ASO,ES,Combined TRACON& Tower with Radar,12,62,51,45,170,0,1,39,14,54,12,63,90,59,224,2,42,44,268
02/17/2011,TLH,FL,ASO,ES,Combined TRACON& Tower with Radar,13,53,55,61,182,0,0,34,8,42,13,53,89,69,224,40,4,44,268
02/18/2011,TLH,FL,ASO,ES,Combined TRACON& Tower with Radar,14,41,50,51,156,0,0,45,15,60,14,41,95,66,216,48,30,78,294
02/19/2011,TLH,FL,ASO,ES,Combined TRACON& Tower with Radar,8,22,24,10,64,0,2,64,0,66,8,24,88,10,130,38,0,38,168
02/20/2011,TLH,FL,ASO,ES,Combined TRACON& Tower with Radar,10,26,37,21,94,0,1,21,5,27,10,27,58,26,121,48,2,50,171
02/21/2011,TLH,FL,ASO,ES,Combined TRACON& Tower with Radar,15,43,49,22,129,0,0,28,1,29,15,43,77,23,158,16,20,36,194
02/22/2011,TLH,FL,ASO,ES,Combined TRACON& Tower with Radar,13,48,63,35,159,0,0,36,7,43,13,48,99,42,202,42,0,42,244
02/23/2011,TLH,FL,ASO,ES,Combined TRACON& Tower with Radar,13,47,54,56,170,0,0,39,6,45,13,47,93,62,215,58,12,70,285
02/24/2011,TLH,FL,ASO,ES,Combined TRACON& Tower with Radar,17,42,63,24,146,0,0,17,0,17,17,42,80,24,163,6,0,6,169
02/25/2011,TLH,FL,ASO,ES,Combined TRACON& Tower with Radar,13,45,30,52,140,0,0,29,13,42,13,45,59,65,182,36,2,38,220
02/26/2011,TLH,FL,ASO,ES,Combined TRACON& Tower with Radar,11,23,19,24,77,0,4,55,3,62,11,27,74,27,139,48,16,64,203
02/27/2011,TLH,FL,ASO,ES,Combined TRACON& Tower with Radar,12,31,32,41,116,0,0,33,19,52,12,31,65,60,168,36,0,36,204
02/28/2011,TLH,FL,ASO,ES,Combined TRACON& Tower with Radar,15,40,44,32,131,0,0,21,6,27,15,40,65,38,158,4,30,34,192
03/01/2011,TLH,FL,ASO,ES,Combined TRACON& Tower with Radar,16,44,31,38,129,0,0,34,15,49,16,44,65,53,178,22,38,60,238
03/02/2011,TLH,FL,ASO,ES,Combined TRACON& Tower with Radar,12,48,55,43,158,0,0,47,15,62,12,48,102,58,220,94,50,144,364
03/03/2011,TLH,FL,ASO,ES,Combined TRACON& Tower with Radar,12,49,45,56,162,0,0,53,8,61,12,49,98,64,223,26,14,40,263
03/04/2011,TLH,FL,ASO,ES,Combined TRACON& Tower with Radar,10,45,51,81,187,0,0,34,9,43,10,45,85,90,230,58,42,100,330
03/05/2011,TLH,FL,ASO,ES,Combined TRACON& Tower with Radar,8,29,30,1,68,0,0,17,0,17,8,29,47,1,85,12,0,12,97
03/06/2011,TLH,FL,ASO,ES,Combined TRACON& Tower with Radar,9,33,23,45,110,0,0,4,6,10,9,33,27,51,120,0,30,30,150
03/07/2011,TLH,FL,ASO,ES,Combined TRACON& Tower with Radar,11,55,68,15,149,0,7,30,9,46,11,62,98,24,195,60,0,60,255
03/08/2011,TLH,FL,ASO,ES,Combined TRACON& Tower with Radar,14,53,45,31,143,0,2,50,6,58,14,55,95,37,201,20,28,48,249
03/09/2011,TLH,FL,ASO,ES,Combined TRACON& Tower with Radar,14,44,46,0,104,0,1,10,0,11,14,45,56,0,115,0,0,0,115
03/10/2011,TLH,FL,ASO,ES,Combined TRACON& Tower with Radar,11,53,51,39,154,0,1,48,7,56,11,54,99,46,210,36,22,58,268
03/11/2011,TLH,FL,ASO,ES,Combined TRACON& Tower with Radar,11,42,55,34,142,0,2,74,8,84,11,44,129,42,226,32,56,88,314
03/12/2011,TLH,FL,ASO,ES,Combined TRACON& Tower with Radar,2,32,11,16,61,0,0,75,8,83,2,32,86,24,144,18,8,26,170
03/13/2011,TLH,FL,ASO,ES,Combined TRACON& Tower with Radar,7,42,51,13,113,0,0,54,5,59,7,42,105,18,172,64,0,64,236
03/14/2011,TLH,FL,ASO,ES,Combined TRACON& Tower with Radar,12,60,22,47,141,0,2,38,11,51,12,62,60,58,192,48,16,64,256
03/15/2011,TLH,FL,ASO,ES,Combined TRACON& Tower with Radar,13,51,66,33,163,0,0,37,2,39,13,51,103,35,202,40,0,40,242
03/16/2011,TLH,FL,ASO,ES,Combined TRACON& Tower with Radar,11,52,57,36,156,0,0,34,2,36,11,52,91,38,192,30,0,30,222
03/17/2011,TLH,FL,ASO,ES,Combined TRACON& Tower with Radar,11,58,68,39,176,0,0,53,8,61,11,58,121,47,237,52,32,84,321
03/18/2011,TLH,FL,ASO,ES,Combined TRACON& Tower with Radar,12,52,41,50,155,0,2,46,18,66,12,54,87,68,221,40,14,54,275
03/19/2011,TLH,FL,ASO,ES,Combined TRACON& Tower with Radar,8,33,31,37,109,0,0,54,9,63,8,33,85,46,172,30,34,64,236
03/20/2011,TLH,FL,ASO,ES,Combined TRACON& Tower with Radar,7,38,31,32,108,0,0,56,17,73,7,38,87,49,181,8,0,8,189
03/21/2011,TLH,FL,ASO,ES,Combined TRACON& Tower with Radar,9,50,40,45,144,0,2,50,11,63,9,52,90,56,207,58,8,66,273
03/22/2011,TLH,FL,ASO,ES,Combined TRACON& Tower with Radar,12,81,62,41,196,0,0,49,12,61,12,81,111,53,257,10,12,22,279
03/23/2011,TLH,FL,ASO,ES,Combined TRACON& Tower with Radar,12,53,71,46,182,0,0,35,4,39,12,53,106,50,221,0,6,6,227
03/24/2011,TLH,FL,ASO,ES,Combined TRACON& Tower with Radar,11,51,77,32,171,0,0,41,3,44,11,51,118,35,215,28,8,36,251
03/25/2011,TLH,FL,ASO,ES,Combined TRACON& Tower with Radar,11,47,40,44,142,0,0,47,5,52,11,47,87,49,194,40,0,40,234
03/26/2011,TLH,FL,ASO,ES,Combined TRACON& Tower with Radar,6,26,34,19,85,0,2,26,10,38,6,28,60,29,123,18,0,18,141
03/27/2011,TLH,FL,ASO,ES,Combined TRACON& Tower with Radar,8,43,32,2,85,0,1,17,2,20,8,44,49,4,105,10,0,10,115
03/28/2011,TLH,FL,ASO,ES,Combined TRACON& Tower with Radar,8,47,43,14,112,0,0,12,2,14,8,47,55,16,126,0,0,0,126
03/29/2011,TLH,FL,ASO,ES,Combined TRACON& Tower with Radar,9,52,68,42,171,0,0,10,3,13,9,52,78,45,184,10,0,10,194
03/30/2011,TLH,FL,ASO,ES,Combined TRACON& Tower with Radar,11,59,29,0,99,0,0,0,0,0,11,59,29,0,99,0,0,0,99
03/31/2011,TLH,FL,ASO,ES,Combined TRACON& Tower with Radar,12,44,59,17,132,0,0,19,8,27,12,44,78,25,159,10,0,10,169
04/01/2011,TLH,FL,ASO,ES,Combined TRACON& Tower with Radar,11,46,44,31,132,0,1,67,14,82,11,47,111,45,214,60,0,60,274
04/02/2011,TLH,FL,ASO,ES,Combined TRACON& Tower with Radar,7,20,30,17,74,0,1,39,12,52,7,21,69,29,126,68,18,86,212
04/03/2011,TLH,FL,ASO,ES,Combined TRACON& Tower with Radar,8,33,25,25,91,0,0,41,6,47,8,33,66,31,138,44,0,44,182
04/04/2011,TLH,FL,ASO,ES,Combined TRACON& Tower with Radar,7,54,63,31,155,0,2,25,11,38,7,56,88,42,193,0,0,0,193
04/05/2011,TLH,FL,ASO,ES,Combined TRACON& Tower with Radar,8,45,36,53,142,0,0,11,13,24,8,45,47,66,166,18,18,36,202
04/06/2011,TLH,FL,ASO,ES,Combined TRACON& Tower with Radar,11,62,53,44,170,0,2,51,4,57,11,64,104,48,227,42,24,66,293
04/07/2011,TLH,FL,ASO,ES,Combined TRACON& Tower with Radar,11,53,56,47,167,0,0,60,1,61,11,53,116,48,228,48,0,48,276
04/08/2011,TLH,FL,ASO,ES,Combined TRACON& Tower with Radar,6,54,82,48,190,0,1,24,2,27,6,55,106,50,217,20,8,28,245
04/09/2011,TLH,FL,ASO,ES,Combined TRACON& Tower with Radar,4,27,22,29,82,0,2,53,11,66,4,29,75,40,148,54,0,54,202
04/10/2011,TLH,FL,ASO,ES,Combined TRACON& Tower with Radar,6,33,38,46,123,0,0,37,3,40,6,33,75,49,163,48,26,74,237
04/11/2011,TLH,FL,ASO,ES,Combined TRACON& Tower with Radar,6,53,40,16,115,0,2,62,3,67,6,55,102,19,182,54,2,56,238
04/12/2011,TLH,FL,ASO,ES,Combined TRACON& Tower with Radar,9,47,57,51,164,0,0,15,9,24,9,47,72,60,188,18,24,42,230
04/13/2011,TLH,FL,ASO,ES,Combined TRACON& Tower with Radar,7,58,50,29,144,0,0,47,7,54,7,58,97,36,198,80,22,102,300
04/14/2011,TLH,FL,ASO,ES,Combined TRACON& Tower with Radar,5,58,75,32,170,0,0,48,6,54,5,58,123,38,224,64,16,80,304
04/15/2011,TLH,FL,ASO,ES,Combined TRACON& Tower with Radar,6,58,48,67,179,0,2,26,45,73,6,60,74,112,252,6,56,62,314
04/16/2011,TLH,FL,ASO,ES,Combined TRACON& Tower with Radar,7,27,20,1,55,0,0,25,3,28,7,27,45,4,83,0,0,0,83
04/17/2011,TLH,FL,ASO,ES,Combined TRACON& Tower with Radar,5,40,29,26,100,0,4,62,40,106,5,44,91,66,206,28,26,54,260
04/18/2011,TLH,FL,ASO,ES,Combined TRACON& Tower with Radar,6,51,39,34,130,0,0,40,9,49,6,51,79,43,179,0,0,0,179
04/19/2011,TLH,FL,ASO,ES,Combined TRACON& Tower with Radar,9,52,28,47,136,0,2,37,14,53,9,54,65,61,189,78,16,94,283
04/20/2011,TLH,FL,ASO,ES,Combined TRACON& Tower with Radar,8,46,54,40,148,0,0,40,6,46,8,46,94,46,194,48,8,56,250
04/21/2011,TLH,FL,ASO,ES,Combined TRACON& Tower with Radar,9,49,45,37,140,0,0,43,4,47,9,49,88,41,187,88,4,92,279
04/22/2011,TLH,FL,ASO,ES,Combined TRACON& Tower with Radar,6,49,37,78,170,0,0,38,11,49,6,49,75,89,219,42,38,80,299
04/23/2011,TLH,FL,ASO,ES,Combined TRACON& Tower with Radar,5,27,29,6,67,0,2,36,2,40,5,29,65,8,107,30,0,30,137
04/24/2011,TLH,FL,ASO,ES,Combined TRACON& Tower with Radar,5,34,22,13,74,0,0,34,2,36,5,34,56,15,110,128,10,138,248
04/25/2011,TLH,FL,ASO,ES,Combined TRACON& Tower with Radar,6,49,45,31,131,0,1,24,10,35,6,50,69,41,166,18,10,28,194
04/26/2011,TLH,FL,ASO,ES,Combined TRACON& Tower with Radar,11,65,59,70,205,0,2,32,6,40,11,67,91,76,245,30,18,48,293
04/27/2011,TLH,FL,ASO,ES,Combined TRACON& Tower with Radar,8,48,52,59,167,0,2,14,1,17,8,50,66,60,184,4,14,18,202
04/28/2011,TLH,FL,ASO,ES,Combined TRACON& Tower with Radar,9,55,59,31,154,0,0,14,0,14,9,55,73,31,168,42,10,52,220
04/29/2011,TLH,FL,ASO,ES,Combined TRACON& Tower with Radar,9,50,78,116,253,0,1,70,12,83,9,51,148,128,336,54,0,54,390
04/30/2011,TLH,FL,ASO,ES,Combined TRACON& Tower with Radar,6,30,46,45,127,0,0,60,3,63,6,30,106,48,190,56,26,82,272
05/01/2011,TLH,FL,ASO,ES,Combined TRACON& Tower with Radar,5,44,47,28,124,0,1,44,3,48,5,45,91,31,172,96,28,124,296
05/02/2011,TLH,FL,ASO,ES,Combined TRACON& Tower with Radar,14,45,27,100,186,0,0,30,12,42,14,45,57,112,228,10,30,40,268
05/03/2011,TLH,FL,ASO,ES,Combined TRACON& Tower with Radar,13,47,32,140,232,0,0,32,6,38,13,47,64,146,270,16,10,26,296
05/04/2011,TLH,FL,ASO,ES,Combined TRACON& Tower with Radar,10,49,42,27,128,0,1,25,9,35,10,50,67,36,163,10,26,36,199
05/05/2011,TLH,FL,ASO,ES,Combined TRACON& Tower with Radar,10,45,26,37,118,0,2,40,9,51,10,47,66,46,169,0,22,22,191
05/06/2011,TLH,FL,ASO,ES,Combined TRACON& Tower with Radar,12,45,40,64,161,0,2,44,11,57,12,47,84,75,218,54,4,58,276
05/07/2011,TLH,FL,ASO,ES,Combined TRACON& Tower with Radar,8,22,33,8,71,0,2,48,1,51,8,24,81,9,122,76,0,76,198
05/08/2011,TLH,FL,ASO,ES,Combined TRACON& Tower with Radar,7,33,23,47,110,0,1,46,9,56,7,34,69,56,166,16,6,22,188
05/09/2011,TLH,FL,ASO,ES,Combined TRACON& Tower with Radar,8,49,19,26,102,0,4,26,7,37,8,53,45,33,139,64,4,68,207
05/10/2011,TLH,FL,ASO,ES,Combined TRACON& Tower with Radar,11,45,24,31,111,0,0,20,8,28,11,45,44,39,139,12,6,18,157
05/11/2011,TLH,FL,ASO,ES,Combined TRACON& Tower with Radar,10,49,34,50,143,0,0,45,7,52,10,49,79,57,195,62,6,68,263
05/12/2011,TLH,FL,ASO,ES,Combined TRACON& Tower with Radar,11,43,43,48,145,0,3,47,12,62,11,46,90,60,207,18,18,36,243
05/13/2011,TLH,FL,ASO,ES,Combined TRACON& Tower with Radar,11,40,25,50,126,0,2,36,10,48,11,42,61,60,174,30,0,30,204
05/14/2011,TLH,FL,ASO,ES,Combined TRACON& Tower with Radar,11,26,27,4,68,0,2,21,2,25,11,28,48,6,93,28,0,28,121
05/15/2011,TLH,FL,ASO,ES,Combined TRACON& Tower with Radar,7,33,16,23,79,0,2,50,11,63,7,35,66,34,142,36,0,36,178
05/16/2011,TLH,FL,ASO,ES,Combined TRACON& Tower with Radar,10,48,48,36,142,0,2,36,14,52,10,50,84,50,194,8,4,12,206
05/17/2011,TLH,FL,ASO,ES,Combined TRACON& Tower with Radar,12,42,48,37,139,0,0,36,6,42,12,42,84,43,181,12,8,20,201
05/18/2011,TLH,FL,ASO,ES,Combined TRACON& Tower with Radar,10,51,35,66,162,0,3,49,8,60,10,54,84,74,222,36,14,50,272
05/19/2011,TLH,FL,ASO,ES,Combined TRACON& Tower with Radar,12,44,40,47,143,0,2,46,8,56,12,46,86,55,199,70,30,100,299
05/20/2011,TLH,FL,ASO,ES,Combined TRACON& Tower with Radar,12,45,44,87,188,0,2,66,10,78,12,47,110,97,266,34,16,50,316
05/21/2011,TLH,FL,ASO,ES,Combined TRACON& Tower with Radar,11,24,26,34,95,0,0,26,5,31,11,24,52,39,126,34,16,50,176
05/22/2011,TLH,FL,ASO,ES,Combined TRACON& Tower with Radar,6,38,24,10,78,0,0,40,12,52,6,38,64,22,130,46,4,50,180
05/23/2011,TLH,FL,ASO,ES,Combined TRACON& Tower with Radar,9,44,29,62,144,0,1,46,11,58,9,45,75,73,202,36,0,36,238
05/24/2011,TLH,FL,ASO,ES,Combined TRACON& Tower with Radar,9,50,30,43,132,0,0,44,6,50,9,50,74,49,182,20,8,28,210
05/25/2011,TLH,FL,ASO,ES,Combined TRACON& Tower with Radar,9,37,35,15,96,0,0,22,0,22,9,37,57,15,118,66,24,90,208
05/26/2011,TLH,FL,ASO,ES,Combined TRACON& Tower with Radar,13,45,54,18,130,0,0,49,3,52,13,45,103,21,182,28,0,28,210
05/27/2011,TLH,FL,ASO,ES,Combined TRACON& Tower with Radar,9,42,28,10,89,0,2,35,1,38,9,44,63,11,127,12,0,12,139
05/28/2011,TLH,FL,ASO,ES,Combined TRACON& Tower with Radar,9,24,11,0,44,0,0,42,0,42,9,24,53,0,86,30,0,30,116
05/29/2011,TLH,FL,ASO,ES,Combined TRACON& Tower with Radar,6,27,10,8,51,0,2,24,0,26,6,29,34,8,77,0,0,0,77
05/30/2011,TLH,FL,ASO,ES,Combined TRACON& Tower with Radar,7,39,19,6,71,0,0,64,0,64,7,39,83,6,135,32,8,40,175
05/31/2011,TLH,FL,ASO,ES,Combined TRACON& Tower with Radar,12,53,31,39,135,0,2,56,7,65,12,55,87,46,200,36,14,50,250
06/01/2011,TLH,FL,ASO,ES,Combined TRACON& Tower with Radar,9,52,38,31,130,0,3,42,9,54,9,55,80,40,184,36,2,38,222
06/02/2011,TLH,FL,ASO,ES,Combined TRACON& Tower with Radar,12,49,40,24,125,0,1,49,8,58,12,50,89,32,183,38,0,38,221
06/03/2011,TLH,FL,ASO,ES,Combined TRACON& Tower with Radar,10,45,48,52,155,0,0,40,16,56,10,45,88,68,211,40,0,40,251
06/04/2011,TLH,FL,ASO,ES,Combined TRACON& Tower with Radar,9,22,20,9,60,0,0,31,3,34,9,22,51,12,94,24,0,24,118
06/05/2011,TLH,FL,ASO,ES,Combined TRACON& Tower with Radar,8,32,24,15,79,0,0,32,12,44,8,32,56,27,123,32,12,44,167
06/06/2011,TLH,FL,ASO,ES,Combined TRACON& Tower with Radar,12,47,20,17,96,0,0,52,5,57,12,47,72,22,153,66,0,66,219
06/07/2011,TLH,FL,ASO,ES,Combined TRACON& Tower with Radar,12,36,24,10,82,0,0,30,3,33,12,36,54,13,115,58,0,58,173
06/08/2011,TLH,FL,ASO,ES,Combined TRACON& Tower with Radar,11,44,34,16,105,0,0,57,8,65,11,44,91,24,170,82,36,118,288
06/09/2011,TLH,FL,ASO,ES,Combined TRACON& Tower with Radar,11,51,31,18,111,0,2,34,17,53,11,53,65,35,164,10,0,10,174
06/10/2011,TLH,FL,ASO,ES,Combined TRACON& Tower with Radar,8,49,26,34,117,0,0,43,4,47,8,49,69,38,164,60,6,66,230
06/11/2011,TLH,FL,ASO,ES,Combined TRACON& Tower with Radar,6,21,13,2,42,0,4,45,7,56,6,25,58,9,98,26,0,26,124
06/12/2011,TLH,FL,ASO,ES,Combined TRACON& Tower with Radar,7,35,21,22,85,0,2,45,8,55,7,37,66,30,140,22,10,32,172
06/13/2011,TLH,FL,ASO,ES,Combined TRACON& Tower with Radar,9,49,30,27,115,0,4,41,1,46,9,53,71,28,161,20,0,20,181
06/14/2011,TLH,FL,ASO,ES,Combined TRACON& Tower with Radar,11,42,20,58,131,0,0,36,14,50,11,42,56,72,181,26,22,48,229
06/15/2011,TLH,FL,ASO,ES,Combined TRACON& Tower with Radar,10,47,18,39,114,0,2,47,6,55,10,49,65,45,169,26,0,26,195
06/16/2011,TLH,FL,ASO,ES,Combined TRACON& Tower with Radar,9,51,39,8,107,0,0,21,1,22,9,51,60,9,129,0,0,0,129
06/17/2011,TLH,FL,ASO,ES,Combined TRACON& Tower with Radar,9,47,26,67,149,0,0,47,10,57,9,47,73,77,206,14,40,54,260
06/18/2011,TLH,FL,ASO,ES,Combined TRACON& Tower with Radar,8,27,19,10,64,0,0,50,5,55,8,27,69,15,119,20,8,28,147
06/19/2011,TLH,FL,ASO,ES,Combined TRACON& Tower with Radar,12,29,19,19,79,0,0,35,10,45,12,29,54,29,124,40,38,78,202
06/20/2011,TLH,FL,ASO,ES,Combined TRACON& Tower with Radar,11,45,52,33,141,0,0,54,4,58,11,45,106,37,199,16,0,16,215
06/21/2011,TLH,FL,ASO,ES,Combined TRACON& Tower with Radar,8,47,34,49,138,0,0,48,12,60,8,47,82,61,198,86,14,100,298
06/22/2011,TLH,FL,ASO,ES,Combined TRACON& Tower with Radar,8,45,15,38,106,0,0,46,8,54,8,45,61,46,160,46,0,46,206
06/23/2011,TLH,FL,ASO,ES,Combined TRACON& Tower with Radar,10,40,27,8,85,0,0,45,1,46,10,40,72,9,131,38,10,48,179
06/24/2011,TLH,FL,ASO,ES,Combined TRACON& Tower with Radar,14,43,26,23,106,0,2,53,1,56,14,45,79,24,162,68,18,86,248
06/25/2011,TLH,FL,ASO,ES,Combined TRACON& Tower with Radar,8,25,11,0,44,0,3,43,0,46,8,28,54,0,90,62,0,62,152
06/26/2011,TLH,FL,ASO,ES,Combined TRACON& Tower with Radar,13,25,19,22,79,0,0,28,10,38,13,25,47,32,117,14,0,14,131
06/27/2011,TLH,FL,ASO,ES,Combined TRACON& Tower with Radar,7,44,34,23,108,0,0,38,4,42,7,44,72,27,150,14,0,14,164
06/28/2011,TLH,FL,ASO,ES,Combined TRACON& Tower with Radar,9,47,22,11,89,0,1,45,1,47,9,48,67,12,136,22,0,22,158
06/29/2011,TLH,FL,ASO,ES,Combined TRACON& Tower with Radar,9,40,51,17,117,0,2,52,5,59,9,42,103,22,176,96,10,106,282
06/30/2011,TLH,FL,ASO,ES,Combined TRACON& Tower with Radar,9,48,39,7,103,0,2,32,5,39,9,50,71,12,142,74,0,74,216
07/01/2011,TLH,FL,ASO,ES,Combined TRACON& Tower with Radar,11,42,43,0,96,0,0,54,0,54,11,42,97,0,150,60,0,60,210
07/02/2011,TLH,FL,ASO,ES,Combined TRACON& Tower with Radar,7,22,22,0,51,0,0,40,0,40,7,22,62,0,91,34,0,34,125
07/03/2011,TLH,FL,ASO,ES,Combined TRACON& Tower with Radar,6,19,6,0,31,0,2,45,0,47,6,21,51,0,78,0,0,0,78
07/04/2011,TLH,FL,ASO,ES,Combined TRACON& Tower with Radar,10,28,13,0,51,0,2,32,1,35,10,30,45,1,86,48,0,48,134
07/05/2011,TLH,FL,ASO,ES,Combined TRACON& Tower with Radar,7,51,33,20,111,0,2,26,7,35,7,53,59,27,146,68,18,86,232
07/06/2011,TLH,FL,ASO,ES,Combined TRACON& Tower with Radar,17,44,31,32,124,0,2,28,6,36,17,46,59,38,160,28,8,36,196
07/07/2011,TLH,FL,ASO,ES,Combined TRACON& Tower with Radar,14,45,31,17,107,0,0,27,3,30,14,45,58,20,137,44,0,44,181
07/08/2011,TLH,FL,ASO,ES,Combined TRACON& Tower with Radar,11,44,25,6,86,0,0,16,0,16,11,44,41,6,102,12,0,12,114
07/09/2011,TLH,FL,ASO,ES,Combined TRACON& Tower with Radar,5,22,28,2,57,0,0,38,0,38,5,22,66,2,95,50,0,50,145
07/10/2011,TLH,FL,ASO,ES,Combined TRACON& Tower with Radar,11,28,15,11,65,0,0,26,4,30,11,28,41,15,95,26,0,26,121
07/11/2011,TLH,FL,ASO,ES,Combined TRACON& Tower with Radar,13,37,31,34,115,0,0,28,2,30,13,37,59,36,145,24,0,24,169
07/12/2011,TLH,FL,ASO,ES,Combined TRACON& Tower with Radar,10,46,29,33,118,0,0,32,5,37,10,46,61,38,155,30,2,32,187
07/13/2011,TLH,FL,ASO,ES,Combined TRACON& Tower with Radar,13,46,36,22,117,0,0,37,2,39,13,46,73,24,156,20,0,20,176
07/14/2011,TLH,FL,ASO,ES,Combined TRACON& Tower with Radar,12,46,36,17,111,0,0,32,0,32,12,46,68,17,143,26,0,26,169
07/15/2011,TLH,FL,ASO,ES,Combined TRACON& Tower with Radar,12,45,20,12,89,0,0,10,0,10,12,45,30,12,99,16,36,52,151
07/16/2011,TLH,FL,ASO,ES,Combined TRACON& Tower with Radar,7,24,10,0,41,0,0,0,0,0,7,24,10,0,41,0,0,0,41
07/17/2011,TLH,FL,ASO,ES,Combined TRACON& Tower with Radar,11,28,24,15,78,0,0,4,9,13,11,28,28,24,91,22,0,22,113
07/18/2011,TLH,FL,ASO,ES,Combined TRACON& Tower with Radar,13,42,22,37,114,0,1,35,10,46,13,43,57,47,160,60,12,72,232
07/19/2011,TLH,FL,ASO,ES,Combined TRACON& Tower with Radar,9,50,23,36,118,0,1,43,6,50,9,51,66,42,168,144,16,160,328
07/20/2011,TLH,FL,ASO,ES,Combined TRACON& Tower with Radar,11,44,34,24,113,0,0,40,3,43,11,44,74,27,156,64,0,64,220
07/21/2011,TLH,FL,ASO,ES,Combined TRACON& Tower with Radar,11,42,45,27,125,0,0,33,3,36,11,42,78,30,161,38,0,38,199
07/22/2011,TLH,FL,ASO,ES,Combined TRACON& Tower with Radar,11,39,22,38,110,0,0,32,11,43,11,39,54,49,153,56,10,66,219
07/23/2011,TLH,FL,ASO,ES,Combined TRACON& Tower with Radar,6,23,19,0,48,0,0,28,0,28,6,23,47,0,76,12,0,12,88
07/24/2011,TLH,FL,ASO,ES,Combined TRACON& Tower with Radar,11,30,19,11,71,0,2,21,3,26,11,32,40,14,97,28,4,32,129
07/25/2011,TLH,FL,ASO,ES,Combined TRACON& Tower with Radar,13,38,38,47,136,0,2,27,6,35,13,40,65,53,171,0,0,0,171
07/26/2011,TLH,FL,ASO,ES,Combined TRACON& Tower with Radar,11,45,14,6,76,0,1,7,1,9,11,46,21,7,85,32,0,32,117
07/27/2011,TLH,FL,ASO,ES,Combined TRACON& Tower with Radar,13,40,23,20,96,0,0,14,2,16,13,40,37,22,112,44,18,62,174
07/28/2011,TLH,FL,ASO,ES,Combined TRACON& Tower with Radar,13,44,32,25,114,0,0,33,5,38,13,44,65,30,152,38,0,38,190
07/29/2011,TLH,FL,ASO,ES,Combined TRACON& Tower with Radar,15,47,29,18,109,0,0,51,14,65,15,47,80,32,174,56,2,58,232
07/30/2011,TLH,FL,ASO,ES,Combined TRACON& Tower with Radar,6,21,19,0,46,0,0,36,4,40,6,21,55,4,86,48,14,62,148
07/31/2011,TLH,FL,ASO,ES,Combined TRACON& Tower with Radar,14,30,15,14,73,0,0,36,6,42,14,30,51,20,115,54,0,54,169
08/01/2011,TLH,FL,ASO,ES,Combined TRACON& Tower with Radar,13,40,21,26,100,0,0,17,1,18,13,40,38,27,118,0,2,2,120
08/02/2011,TLH,FL,ASO,ES,Combined TRACON& Tower with Radar,11,40,33,31,115,0,0,31,5,36,11,40,64,36,151,48,12,60,211
08/03/2011,TLH,FL,ASO,ES,Combined TRACON& Tower with Radar,13,41,45,21,120,0,0,27,1,28,13,41,72,22,148,94,0,94,242
08/04/2011,TLH,FL,ASO,ES,Combined TRACON& Tower with Radar,11,48,36,17,112,0,0,43,4,47,11,48,79,21,159,96,4,100,259
08/05/2011,TLH,FL,ASO,ES,Combined TRACON& Tower with Radar,14,38,28,38,118,0,2,42,2,46,14,40,70,40,164,72,12,84,248
08/06/2011,TLH,FL,ASO,ES,Combined TRACON& Tower with Radar,7,23,24,14,68,0,5,34,8,47,7,28,58,22,115,76,4,80,195
08/07/2011,TLH,FL,ASO,ES,Combined TRACON& Tower with Radar,13,24,23,12,72,0,2,21,2,25,13,26,44,14,97,0,0,0,97
08/08/2011,TLH,FL,ASO,ES,Combined TRACON& Tower with Radar,13,48,34,16,111,0,3,25,5,33,13,51,59,21,144,8,0,8,152
08/09/2011,TLH,FL,ASO,ES,Combined TRACON& Tower with Radar,8,44,31,7,90,0,0,15,6,21,8,44,46,13,111,40,38,78,189
08/10/2011,TLH,FL,ASO,ES,Combined TRACON& Tower with Radar,13,44,47,19,123,0,0,25,3,28,13,44,72,22,151,54,0,54,205
08/11/2011,TLH,FL,ASO,ES,Combined TRACON& Tower with Radar,11,38,39,15,103,0,4,59,6,69,11,42,98,21,172,30,0,30,202
08/12/2011,TLH,FL,ASO,ES,Combined TRACON& Tower with Radar,12,38,26,3,79,0,0,30,14,44,12,38,56,17,123,60,2,62,185
08/13/2011,TLH,FL,ASO,ES,Combined TRACON& Tower with Radar,8,23,14,2,47,0,0,36,5,41,8,23,50,7,88,6,0,6,94
08/14/2011,TLH,FL,ASO,ES,Combined TRACON& Tower with Radar,9,28,20,15,72,0,0,19,9,28,9,28,39,24,100,2,0,2,102
08/15/2011,TLH,FL,ASO,ES,Combined TRACON& Tower with Radar,12,42,37,32,123,0,0,44,7,51,12,42,81,39,174,58,2,60,234
08/16/2011,TLH,FL,ASO,ES,Combined TRACON& Tower with Radar,13,42,39,44,138,0,0,52,16,68,13,42,91,60,206,22,40,62,268
08/17/2011,TLH,FL,ASO,ES,Combined TRACON& Tower with Radar,13,38,32,42,125,0,3,37,18,58,13,41,69,60,183,80,48,128,311
08/18/2011,TLH,FL,ASO,ES,Combined TRACON& Tower with Radar,13,37,45,24,119,0,1,29,8,38,13,38,74,32,157,92,14,106,263
08/19/2011,TLH,FL,ASO,ES,Combined TRACON& Tower with Radar,13,38,31,28,110,0,2,45,6,53,13,40,76,34,163,12,0,12,175
08/20/2011,TLH,FL,ASO,ES,Combined TRACON& Tower with Radar,14,17,24,10,65,0,2,31,2,35,14,19,55,12,100,18,0,18,118
08/21/2011,TLH,FL,ASO,ES,Combined TRACON& Tower with Radar,13,23,19,0,55,0,0,24,11,35,13,23,43,11,90,74,0,74,164
08/22/2011,TLH,FL,ASO,ES,Combined TRACON& Tower with Radar,13,38,34,10,95,0,0,21,0,21,13,38,55,10,116,88,0,88,204
08/23/2011,TLH,FL,ASO,ES,Combined TRACON& Tower with Radar,13,36,23,28,100,0,0,20,15,35,13,36,43,43,135,46,0,46,181
08/24/2011,TLH,FL,ASO,ES,Combined TRACON& Tower with Radar,13,40,38,44,135,0,2,52,12,66,13,42,90,56,201,72,10,82,283
08/25/2011,TLH,FL,ASO,ES,Combined TRACON& Tower with Radar,15,39,26,53,133,0,2,41,10,53,15,41,67,63,186,88,22,110,296
08/26/2011,TLH,FL,ASO,ES,Combined TRACON& Tower with Radar,13,41,27,48,129,0,0,33,5,38,13,41,60,53,167,112,36,148,315
08/27/2011,TLH,FL,ASO,ES,Combined TRACON& Tower with Radar,11,11,19,6,47,0,2,49,2,53,11,13,68,8,100,11,0,11,111
08/28/2011,TLH,FL,ASO,ES,Combined TRACON& Tower with Radar,13,21,22,18,74,0,2,53,8,63,13,23,75,26,137,24,20,44,181
08/29/2011,TLH,FL,ASO,ES,Combined TRACON& Tower with Radar,14,40,37,46,137,0,1,32,7,40,14,41,69,53,177,38,20,58,235
08/30/2011,TLH,FL,ASO,ES,Combined TRACON& Tower with Radar,13,42,35,50,140,0,2,44,9,55,13,44,79,59,195,18,0,18,213
08/31/2011,TLH,FL,ASO,ES,Combined TRACON& Tower with Radar,14,39,41,14,108,0,0,30,2,32,14,39,71,16,140,30,8,38,178
09/01/2011,TLH,FL,ASO,ES,Combined TRACON& Tower with Radar,13,44,40,12,109,0,0,41,5,46,13,44,81,17,155,74,16,90,245
09/02/2011,TLH,FL,ASO,ES,Combined TRACON& Tower with Radar,14,40,36,9,99,0,2,24,0,26,14,42,60,9,125,14,2,16,141
09/03/2011,TLH,FL,ASO,ES,Combined TRACON& Tower with Radar,13,17,26,1,57,0,0,22,0,22,13,17,48,1,79,24,0,24,103
09/04/2011,TLH,FL,ASO,ES,Combined TRACON& Tower with Radar,6,15,13,0,34,0,0,5,0,5,6,15,18,0,39,0,0,0,39
09/05/2011,TLH,FL,ASO,ES,Combined TRACON& Tower with Radar,13,21,7,0,41,0,0,3,0,3,13,21,10,0,44,0,0,0,44
09/06/2011,TLH,FL,ASO,ES,Combined TRACON& Tower with Radar,11,39,38,50,138,0,0,25,4,29,11,39,63,54,167,60,48,108,275
09/07/2011,TLH,FL,ASO,ES,Combined TRACON& Tower with Radar,11,46,60,42,159,0,1,38,11,50,11,47,98,53,209,22,26,48,257
09/08/2011,TLH,FL,ASO,ES,Combined TRACON& Tower with Radar,7,49,29,40,125,0,0,49,7,56,7,49,78,47,181,54,20,74,255
09/09/2011,TLH,FL,ASO,ES,Combined TRACON& Tower with Radar,7,42,28,38,115,0,3,50,21,74,7,45,78,59,189,36,28,64,253
09/10/2011,TLH,FL,ASO,ES,Combined TRACON& Tower with Radar,6,26,23,14,69,0,1,61,5,67,6,27,84,19,136,10,24,34,170
09/11/2011,TLH,FL,ASO,ES,Combined TRACON& Tower with Radar,9,25,27,33,94,0,2,49,20,71,9,27,76,53,165,24,14,38,203
09/12/2011,TLH,FL,ASO,ES,Combined TRACON& Tower with Radar,8,44,34,56,142,0,4,44,18,66,8,48,78,74,208,44,14,58,266
09/13/2011,TLH,FL,ASO,ES,Combined TRACON& Tower with Radar,9,47,23,34,113,0,1,55,10,66,9,48,78,44,179,46,32,78,257
09/14/2011,TLH,FL,ASO,ES,Combined TRACON& Tower with Radar,9,41,29,39,118,0,4,60,3,67,9,45,89,42,185,36,52,88,273
09/15/2011,TLH,FL,ASO,ES,Combined TRACON& Tower with Radar,6,51,38,41,136,0,0,33,2,35,6,51,71,43,171,72,6,78,249
09/16/2011,TLH,FL,ASO,ES,Combined TRACON& Tower with Radar,11,54,64,13,142,0,0,55,9,64,11,54,119,22,206,60,0,60,266
09/17/2011,TLH,FL,ASO,ES,Combined TRACON& Tower with Radar,13,49,152,0,214,0,4,52,0,56,13,53,204,0,270,16,0,16,286
09/18/2011,TLH,FL,ASO,ES,Combined TRACON& Tower with Radar,17,42,77,31,167,0,1,44,10,55,17,43,121,41,222,0,6,6,228
09/19/2011,TLH,FL,ASO,ES,Combined TRACON& Tower with Radar,10,49,48,25,132,0,2,28,7,37,10,51,76,32,169,30,24,54,223
09/20/2011,TLH,FL,ASO,ES,Combined TRACON& Tower with Radar,8,50,40,10,108,0,2,20,2,24,8,52,60,12,132,26,16,42,174
09/21/2011,TLH,FL,ASO,ES,Combined TRACON& Tower with Radar,8,44,38,6,96,0,0,11,3,14,8,44,49,9,110,0,0,0,110
09/22/2011,TLH,FL,ASO,ES,Combined TRACON& Tower with Radar,8,46,32,2,88,0,2,9,2,13,8,48,41,4,101,16,4,20,121
09/23/2011,TLH,FL,ASO,ES,Combined TRACON& Tower with Radar,12,45,41,17,115,0,0,24,5,29,12,45,65,22,144,76,0,76,220
09/24/2011,TLH,FL,ASO,ES,Combined TRACON& Tower with Radar,6,20,29,0,55,0,2,29,6,37,6,22,58,6,92,84,26,110,202
09/25/2011,TLH,FL,ASO,ES,Combined TRACON& Tower with Radar,9,28,25,19,81,0,1,38,11,50,9,29,63,30,131,34,30,64,195
09/26/2011,TLH,FL,ASO,ES,Combined TRACON& Tower with Radar,9,47,40,32,128,0,0,17,4,21,9,47,57,36,149,96,0,96,245
09/27/2011,TLH,FL,ASO,ES,Combined TRACON& Tower with Radar,8,42,46,14,110,0,1,35,8,44,8,43,81,22,154,62,24,86,240
09/28/2011,TLH,FL,ASO,ES,Combined TRACON& Tower with Radar,8,41,47,8,104,0,4,19,2,25,8,45,66,10,129,28,2,30,159
09/29/2011,TLH,FL,ASO,ES,Combined TRACON& Tower with Radar,8,53,37,53,151,0,0,60,2,62,8,53,97,55,213,20,0,20,233
09/30/2011,TLH,FL,ASO,ES,Combined TRACON& Tower with Radar,9,43,34,23,109,0,0,37,4,41,9,43,71,27,150,36,0,36,186
10/01/2011,TLH,FL,ASO,ES,Combined TRACON& Tower with Radar,6,17,30,3,56,0,2,175,7,184,6,19,205,10,240,214,0,214,454
10/02/2011,TLH,FL,ASO,ES,Combined TRACON& Tower with Radar,2,34,15,11,62,0,2,48,6,56,2,36,63,17,118,44,0,44,162
10/03/2011,TLH,FL,ASO,ES,Combined TRACON& Tower with Radar,6,46,54,10,116,0,2,49,4,55,6,48,103,14,171,22,0,22,193
10/04/2011,TLH,FL,ASO,ES,Combined TRACON& Tower with Radar,4,47,48,61,160,0,1,34,6,41,4,48,82,67,201,74,0,74,275
10/05/2011,TLH,FL,ASO,ES,Combined TRACON& Tower with Radar,8,48,47,31,134,0,4,66,3,73,8,52,113,34,207,76,0,76,283
10/06/2011,TLH,FL,ASO,ES,Combined TRACON& Tower with Radar,5,55,53,40,153,0,6,66,11,83,5,61,119,51,236,90,18,108,344
10/07/2011,TLH,FL,ASO,ES,Combined TRACON& Tower with Radar,8,47,33,7,95,0,2,51,1,54,8,49,84,8,149,28,20,48,197
10/08/2011,TLH,FL,ASO,ES,Combined TRACON& Tower with Radar,11,18,9,12,50,0,0,19,0,19,11,18,28,12,69,16,0,16,85
10/09/2011,TLH,FL,ASO,ES,Combined TRACON& Tower with Radar,8,27,12,0,47,0,0,8,0,8,8,27,20,0,55,0,0,0,55
10/10/2011,TLH,FL,ASO,ES,Combined TRACON& Tower with Radar,7,47,24,0,78,0,0,0,0,0,7,47,24,0,78,0,0,0,78
10/11/2011,TLH,FL,ASO,ES,Combined TRACON& Tower with Radar,7,45,51,20,123,0,0,10,0,10,7,45,61,20,133,2,0,2,135
10/12/2011,TLH,FL,ASO,ES,Combined TRACON& Tower with Radar,7,46,58,42,153,0,2,22,0,24,7,48,80,42,177,40,4,44,221
10/13/2011,TLH,FL,ASO,ES,Combined TRACON& Tower with Radar,5,48,37,32,122,0,1,32,3,36,5,49,69,35,158,54,36,90,248
10/14/2011,TLH,FL,ASO,ES,Combined TRACON& Tower with Radar,7,49,34,23,113,0,2,49,17,68,7,51,83,40,181,82,26,108,289
10/15/2011,TLH,FL,ASO,ES,Combined TRACON& Tower with Radar,10,16,21,3,50,0,0,45,22,67,10,16,66,25,117,24,18,42,159
10/16/2011,TLH,FL,ASO,ES,Combined TRACON& Tower with Radar,5,28,32,37,102,0,3,63,20,86,5,31,95,57,188,46,0,46,234
10/17/2011,TLH,FL,ASO,ES,Combined TRACON& Tower with Radar,6,47,47,19,119,0,1,49,7,57,6,48,96,26,176,8,0,8,184
10/18/2011,TLH,FL,ASO,ES,Combined TRACON& Tower with Radar,6,55,34,11,106,0,0,6,0,6,6,55,40,11,112,20,0,20,132
10/19/2011,TLH,FL,ASO,ES,Combined TRACON& Tower with Radar,6,60,59,34,159,0,0,15,4,19,6,60,74,38,178,8,8,16,194
10/20/2011,TLH,FL,ASO,ES,Combined TRACON& Tower with Radar,3,53,31,29,116,0,2,60,2,64,3,55,91,31,180,64,10,74,254
10/21/2011,TLH,FL,ASO,ES,Combined TRACON& Tower with Radar,8,54,37,34,133,0,3,72,11,86,8,57,109,45,219,108,8,116,335
10/22/2011,TLH,FL,ASO,ES,Combined TRACON& Tower with Radar,10,20,35,5,70,0,0,39,4,43,10,20,74,9,113,22,8,30,143
10/23/2011,TLH,FL,ASO,ES,Combined TRACON& Tower with Radar,6,33,39,33,111,0,0,71,12,83,6,33,110,45,194,16,0,16,210
10/24/2011,TLH,FL,ASO,ES,Combined TRACON& Tower with Radar,4,50,34,43,131,0,0,18,11,29,4,50,52,54,160,2,32,34,194
10/25/2011,TLH,FL,ASO,ES,Combined TRACON& Tower with Radar,4,43,35,35,117,0,2,40,3,45,4,45,75,38,162,68,28,96,258
10/26/2011,TLH,FL,ASO,ES,Combined TRACON& Tower with Radar,5,46,57,31,139,0,2,56,4,62,5,48,113,35,201,30,14,44,245
10/27/2011,TLH,FL,ASO,ES,Combined TRACON& Tower with Radar,3,51,52,53,159,0,2,53,3,58,3,53,105,56,217,116,22,138,355
10/28/2011,TLH,FL,ASO,ES,Combined TRACON& Tower with Radar,7,53,66,71,197,0,0,59,5,64,7,53,125,76,261,84,40,124,385
10/29/2011,TLH,FL,ASO,ES,Combined TRACON& Tower with Radar,10,22,48,0,80,0,0,22,0,22,10,22,70,0,102,18,0,18,120
10/30/2011,TLH,FL,ASO,ES,Combined TRACON& Tower with Radar,7,33,33,32,105,0,0,47,16,63,7,33,80,48,168,32,24,56,224
10/31/2011,TLH,FL,ASO,ES,Combined TRACON& Tower with Radar,5,45,38,20,108,0,0,20,4,24,5,45,58,24,132,38,6,44,176
11/01/2011,TLH,FL,ASO,ES,Combined TRACON& Tower with Radar,6,48,47,36,137,0,0,28,4,32,6,48,75,40,169,10,14,24,193
11/02/2011,TLH,FL,ASO,ES,Combined TRACON& Tower with Radar,10,45,49,25,129,0,0,46,6,52,10,45,95,31,181,116,20,136,317
11/03/2011,TLH,FL,ASO,ES,Combined TRACON& Tower with Radar,5,59,54,53,171,0,0,30,1,31,5,59,84,54,202,16,22,38,240
11/04/2011,TLH,FL,ASO,ES,Combined TRACON& Tower with Radar,7,51,33,58,149,0,1,27,6,34,7,52,60,64,183,36,0,36,219
11/05/2011,TLH,FL,ASO,ES,Combined TRACON& Tower with Radar,7,16,13,26,62,0,0,54,11,65,7,16,67,37,127,76,0,76,203
11/06/2011,TLH,FL,ASO,ES,Combined TRACON& Tower with Radar,10,38,31,26,105,0,0,47,12,59,10,38,78,38,164,36,6,42,206
11/07/2011,TLH,FL,ASO,ES,Combined TRACON& Tower with Radar,6,45,37,28,116,0,1,26,7,34,6,46,63,35,150,22,6,28,178
11/08/2011,TLH,FL,ASO,ES,Combined TRACON& Tower with Radar,6,54,45,54,159,0,0,30,7,37,6,54,75,61,196,64,104,168,364
11/09/2011,TLH,FL,ASO,ES,Combined TRACON& Tower with Radar,6,45,31,30,112,0,2,55,0,57,6,47,86,30,169,88,0,88,257
11/10/2011,TLH,FL,ASO,ES,Combined TRACON& Tower with Radar,8,52,30,23,113,0,0,21,10,31,8,52,51,33,144,4,14,18,162
11/11/2011,TLH,FL,ASO,ES,Combined TRACON& Tower with Radar,11,57,38,6,112,0,1,50,1,52,11,58,88,7,164,28,0,28,192
11/12/2011,TLH,FL,ASO,ES,Combined TRACON& Tower with Radar,14,22,67,2,105,0,1,69,2,72,14,23,136,4,177,100,0,100,277
11/13/2011,TLH,FL,ASO,ES,Combined TRACON& Tower with Radar,13,38,33,36,120,0,0,72,3,75,13,38,105,39,195,18,6,24,219
11/14/2011,TLH,FL,ASO,ES,Combined TRACON& Tower with Radar,7,51,47,53,158,0,0,28,11,39,7,51,75,64,197,42,10,52,249
11/15/2011,TLH,FL,ASO,ES,Combined TRACON& Tower with Radar,6,51,57,63,177,0,1,4,0,5,6,52,61,63,182,0,20,20,202
11/16/2011,TLH,FL,ASO,ES,Combined TRACON& Tower with Radar,7,42,55,34,138,0,1,6,0,7,7,43,61,34,145,0,0,0,145
11/17/2011,TLH,FL,ASO,ES,Combined TRACON& Tower with Radar,7,52,48,26,133,0,0,29,5,34,7,52,77,31,167,10,0,10,177
11/18/2011,TLH,FL,ASO,ES,Combined TRACON& Tower with Radar,9,46,42,28,125,0,2,33,8,43,9,48,75,36,168,34,24,58,226
11/19/2011,TLH,FL,ASO,ES,Combined TRACON& Tower with Radar,9,26,30,8,73,0,0,42,2,44,9,26,72,10,117,60,0,60,177
11/20/2011,TLH,FL,ASO,ES,Combined TRACON& Tower with Radar,11,32,25,61,129,0,2,47,9,58,11,34,72,70,187,26,0,26,213
11/21/2011,TLH,FL,ASO,ES,Combined TRACON& Tower with Radar,7,46,34,50,137,0,5,40,12,57,7,51,74,62,194,44,10,54,248
11/22/2011,TLH,FL,ASO,ES,Combined TRACON& Tower with Radar,9,53,51,29,142,0,0,14,0,14,9,53,65,29,156,2,10,12,168
11/23/2011,TLH,FL,ASO,ES,Combined TRACON& Tower with Radar,11,45,38,15,109,0,0,20,1,21,11,45,58,16,130,40,0,40,170
11/24/2011,TLH,FL,ASO,ES,Combined TRACON& Tower with Radar,5,26,2,0,33,0,2,18,0,20,5,28,20,0,53,8,0,8,61
11/25/2011,TLH,FL,ASO,ES,Combined TRACON& Tower with Radar,12,24,29,0,65,0,2,31,0,33,12,26,60,0,98,50,0,50,148
11/26/2011,TLH,FL,ASO,ES,Combined TRACON& Tower with Radar,8,33,25,0,66,0,0,28,0,28,8,33,53,0,94,20,0,20,114
11/27/2011,TLH,FL,ASO,ES,Combined TRACON& Tower with Radar,9,40,36,0,85,0,2,36,0,38,9,42,72,0,123,14,0,14,137
11/28/2011,TLH,FL,ASO,ES,Combined TRACON& Tower with Radar,8,49,24,10,91,0,0,12,4,16,8,49,36,14,107,16,0,16,123
11/29/2011,TLH,FL,ASO,ES,Combined TRACON& Tower with Radar,12,45,40,10,107,0,0,41,4,45,12,45,81,14,152,76,0,76,228
11/30/2011,TLH,FL,ASO,ES,Combined TRACON& Tower with Radar,8,52,44,35,139,0,5,38,4,47,8,57,82,39,186,80,14,94,280
12/01/2011,TLH,FL,ASO,ES,Combined TRACON& Tower with Radar,7,46,34,25,112,0,0,35,6,41,7,46,69,31,153,68,12,80,233
12/02/2011,TLH,FL,ASO,ES,Combined TRACON& Tower with Radar,7,44,37,55,143,0,4,63,9,76,7,48,100,64,219,40,38,78,297
12/03/2011,TLH,FL,ASO,ES,Combined TRACON& Tower with Radar,6,25,10,11,52,0,2,26,3,31,6,27,36,14,83,34,0,34,117
12/04/2011,TLH,FL,ASO,ES,Combined TRACON& Tower with Radar,7,36,19,40,102,0,1,25,8,34,7,37,44,48,136,32,38,70,206
12/05/2011,TLH,FL,ASO,ES,Combined TRACON& Tower with Radar,7,59,50,63,179,0,6,23,3,32,7,65,73,66,211,40,14,54,265
12/06/2011,TLH,FL,ASO,ES,Combined TRACON& Tower with Radar,9,48,56,47,160,0,2,23,1,26,9,50,79,48,186,82,80,162,348
12/07/2011,TLH,FL,ASO,ES,Combined TRACON& Tower with Radar,8,61,97,13,179,0,0,5,3,8,8,61,102,16,187,0,0,0,187
12/08/2011,TLH,FL,ASO,ES,Combined TRACON& Tower with Radar,9,60,57,27,153,0,4,49,7,60,9,64,106,34,213,58,10,68,281
12/09/2011,TLH,FL,ASO,ES,Combined TRACON& Tower with Radar,11,48,34,12,105,0,6,32,10,48,11,54,66,22,153,70,8,78,231
12/10/2011,TLH,FL,ASO,ES,Combined TRACON& Tower with Radar,8,26,17,4,55,0,0,27,1,28,8,26,44,5,83,60,2,62,145
12/11/2011,TLH,FL,ASO,ES,Combined TRACON& Tower with Radar,7,31,28,19,85,0,2,5,7,14,7,33,33,26,99,16,0,16,115
12/12/2011,TLH,FL,ASO,ES,Combined TRACON& Tower with Radar,6,50,21,21,98,0,0,0,0,0,6,50,21,21,98,0,0,0,98
12/13/2011,TLH,FL,ASO,ES,Combined TRACON& Tower with Radar,8,50,51,63,172,0,0,28,10,38,8,50,79,73,210,36,20,56,266
12/14/2011,TLH,FL,ASO,ES,Combined TRACON& Tower with Radar,8,50,37,31,126,0,0,29,11,40,8,50,66,42,166,104,18,122,288
12/15/2011,TLH,FL,ASO,ES,Combined TRACON& Tower with Radar,9,43,44,25,121,0,0,44,6,50,9,43,88,31,171,48,32,80,251
12/16/2011,TLH,FL,ASO,ES,Combined TRACON& Tower with Radar,12,40,41,47,140,0,0,54,12,66,12,40,95,59,206,60,2,62,268
12/17/2011,TLH,FL,ASO,ES,Combined TRACON& Tower with Radar,4,32,22,21,79,0,1,31,2,34,4,33,53,23,113,0,0,0,113
12/18/2011,TLH,FL,ASO,ES,Combined TRACON& Tower with Radar,5,34,20,1,60,0,0,22,7,29,5,34,42,8,89,16,0,16,105
12/19/2011,TLH,FL,ASO,ES,Combined TRACON& Tower with Radar,5,46,36,47,134,0,0,35,13,48,5,46,71,60,182,24,10,34,216
12/20/2011,TLH,FL,ASO,ES,Combined TRACON& Tower with Radar,10,46,48,19,123,0,0,23,9,32,10,46,71,28,155,54,10,64,219
12/21/2011,TLH,FL,ASO,ES,Combined TRACON& Tower with Radar,9,49,30,0,88,0,0,2,0,2,9,49,32,0,90,0,0,0,90
12/22/2011,TLH,FL,ASO,ES,Combined TRACON& Tower with Radar,11,48,26,40,125,0,0,12,0,12,11,48,38,40,137,2,12,14,151
12/23/2011,TLH,FL,ASO,ES,Combined TRACON& Tower with Radar,10,49,22,4,85,0,0,8,0,8,10,49,30,4,93,4,0,4,97
12/24/2011,TLH,FL,ASO,ES,Combined TRACON& Tower with Radar,3,24,10,0,37,0,0,19,0,19,3,24,29,0,56,32,0,32,88
12/25/2011,TLH,FL,ASO,ES,Combined TRACON& Tower with Radar,4,25,1,0,30,0,0,3,0,3,4,25,4,0,33,0,0,0,33
12/26/2011,TLH,FL,ASO,ES,Combined TRACON& Tower with Radar,7,38,34,0,79,0,0,11,0,11,7,38,45,0,90,6,0,6,96
12/27/2011,TLH,FL,ASO,ES,Combined TRACON& Tower with Radar,4,44,18,13,79,0,0,14,0,14,4,44,32,13,93,0,0,0,93
12/28/2011,TLH,FL,ASO,ES,Combined TRACON& Tower with Radar,7,45,27,14,93,0,2,38,4,44,7,47,65,18,137,78,0,78,215
12/29/2011,TLH,FL,ASO,ES,Combined TRACON& Tower with Radar,5,41,16,10,72,0,0,26,1,27,5,41,42,11,99,66,6,72,171
12/30/2011,TLH,FL,ASO,ES,Combined TRACON& Tower with Radar,6,46,26,1,79,0,0,35,1,36,6,46,61,2,115,10,0,10,125
12/31/2011,TLH,FL,ASO,ES,Combined TRACON& Tower with Radar,5,18,29,2,54,0,0,28,0,28,5,18,57,2,82,48,0,48,130
01/01/2012,TLH,FL,ASO,ES,Combined TRACON& Tower with Radar,4,25,10,0,39,0,0,11,0,11,4,25,21,0,50,0,0,0,50
01/02/2012,TLH,FL,ASO,ES,Combined TRACON& Tower with Radar,5,37,20,0,62,0,3,22,0,25,5,40,42,0,87,0,0,0,87
01/03/2012,TLH,FL,ASO,ES,Combined TRACON& Tower with Radar,5,49,20,6,80,0,0,17,4,21,5,49,37,10,101,32,4,36,137
01/04/2012,TLH,FL,ASO,ES,Combined TRACON& Tower with Radar,11,42,42,26,121,0,0,40,7,47,11,42,82,33,168,32,60,92,260
01/05/2012,TLH,FL,ASO,ES,Combined TRACON& Tower with Radar,11,47,31,32,121,0,0,46,7,53,11,47,77,39,174,50,18,68,242
01/06/2012,TLH,FL,ASO,ES,Combined TRACON& Tower with Radar,14,42,41,52,149,0,2,40,23,65,14,44,81,75,214,118,26,144,358
01/07/2012,TLH,FL,ASO,ES,Combined TRACON& Tower with Radar,15,20,22,50,107,0,1,43,4,48,15,21,65,54,155,104,46,150,305
01/08/2012,TLH,FL,ASO,ES,Combined TRACON& Tower with Radar,12,29,51,62,154,0,0,23,9,32,12,29,74,71,186,28,44,72,258
01/09/2012,TLH,FL,ASO,ES,Combined TRACON& Tower with Radar,11,60,42,18,131,0,1,24,7,32,11,61,66,25,163,14,2,16,179
01/10/2012,TLH,FL,ASO,ES,Combined TRACON& Tower with Radar,10,47,50,13,120,0,0,19,1,20,10,47,69,14,140,12,4,16,156
01/11/2012,TLH,FL,ASO,ES,Combined TRACON& Tower with Radar,9,52,35,44,140,0,0,10,4,14,9,52,45,48,154,2,14,16,170
01/12/2012,TLH,FL,ASO,ES,Combined TRACON& Tower with Radar,14,45,54,45,158,0,2,20,6,28,14,47,74,51,186,0,4,4,190
01/13/2012,TLH,FL,ASO,ES,Combined TRACON& Tower with Radar,12,46,39,33,130,0,1,49,14,64,12,47,88,47,194,26,16,42,236
01/14/2012,TLH,FL,ASO,ES,Combined TRACON& Tower with Radar,11,18,24,0,53,0,0,41,3,44,11,18,65,3,97,0,0,0,97
01/15/2012,TLH,FL,ASO,ES,Combined TRACON& Tower with Radar,9,22,22,22,75,0,0,49,18,67,9,22,71,40,142,12,0,12,154
01/16/2012,TLH,FL,ASO,ES,Combined TRACON& Tower with Radar,12,42,38,8,100,0,1,42,0,43,12,43,80,8,143,8,2,10,153
01/17/2012,TLH,FL,ASO,ES,Combined TRACON& Tower with Radar,10,51,76,16,153,0,4,33,2,39,10,55,109,18,192,20,0,20,212
01/18/2012,TLH,FL,ASO,ES,Combined TRACON& Tower with Radar,15,53,61,53,182,0,2,28,8,38,15,55,89,61,220,10,42,52,272
01/19/2012,TLH,FL,ASO,ES,Combined TRACON& Tower with Radar,11,54,63,34,162,0,0,60,7,67,11,54,123,41,229,30,16,46,275
01/20/2012,TLH,FL,ASO,ES,Combined TRACON& Tower with Radar,11,45,56,91,203,0,1,37,21,59,11,46,93,112,262,34,6,40,302
01/21/2012,TLH,FL,ASO,ES,Combined TRACON& Tower with Radar,14,17,11,1,43,0,0,7,0,7,14,17,18,1,50,0,0,0,50
01/22/2012,TLH,FL,ASO,ES,Combined TRACON& Tower with Radar,8,31,33,26,98,0,0,13,9,22,8,31,46,35,120,8,0,8,128
01/23/2012,TLH,FL,ASO,ES,Combined TRACON& Tower with Radar,8,55,54,58,175,0,0,25,5,30,8,55,79,63,205,24,12,36,241
01/24/2012,TLH,FL,ASO,ES,Combined TRACON& Tower with Radar,10,48,47,34,139,0,0,3,6,9,10,48,50,40,148,30,0,30,178
01/25/2012,TLH,FL,ASO,ES,Combined TRACON& Tower with Radar,9,53,64,41,167,0,2,47,3,52,9,55,111,44,219,18,2,20,239
01/26/2012,TLH,FL,ASO,ES,Combined TRACON& Tower with Radar,15,52,81,11,159,0,0,22,0,22,15,52,103,11,181,26,0,26,207
01/27/2012,TLH,FL,ASO,ES,Combined TRACON& Tower with Radar,10,43,43,27,123,0,0,33,12,45,10,43,76,39,168,14,10,24,192
01/28/2012,TLH,FL,ASO,ES,Combined TRACON& Tower with Radar,13,19,30,0,62,0,0,64,1,65,13,19,94,1,127,56,0,56,183
01/29/2012,TLH,FL,ASO,ES,Combined TRACON& Tower with Radar,13,29,19,29,90,0,0,63,32,95,13,29,82,61,185,44,0,44,229
01/30/2012,TLH,FL,ASO,ES,Combined TRACON& Tower with Radar,10,48,55,11,124,0,1,52,6,59,10,49,107,17,183,22,0,22,205
01/31/2012,TLH,FL,ASO,ES,Combined TRACON& Tower with Radar,6,62,44,31,143,0,1,41,8,50,6,63,85,39,193,48,0,48,241
02/01/2012,TLH,FL,ASO,ES,Combined TRACON& Tower with Radar,15,63,74,25,177,0,0,28,1,29,15,63,102,26,206,0,10,10,216
02/02/2012,TLH,FL,ASO,ES,Combined TRACON& Tower with Radar,15,51,59,20,145,0,2,14,2,18,15,53,73,22,163,4,0,4,167
02/03/2012,TLH,FL,ASO,ES,Combined TRACON& Tower with Radar,15,46,36,51,148,0,0,36,11,47,15,46,72,62,195,18,8,26,221
02/04/2012,TLH,FL,ASO,ES,Combined TRACON& Tower with Radar,14,14,24,9,61,0,0,25,2,27,14,14,49,11,88,28,21,49,137
02/05/2012,TLH,FL,ASO,ES,Combined TRACON& Tower with Radar,14,31,28,23,96,0,0,6,14,20,14,31,34,37,116,38,6,44,160
02/06/2012,TLH,FL,ASO,ES,Combined TRACON& Tower with Radar,10,42,49,4,105,0,2,18,0,20,10,44,67,4,125,12,0,12,137
02/07/2012,TLH,FL,ASO,ES,Combined TRACON& Tower with Radar,12,48,57,15,132,0,0,26,3,29,12,48,83,18,161,32,0,32,193
02/08/2012,TLH,FL,ASO,ES,Combined TRACON& Tower with Radar,13,50,46,22,131,0,1,41,8,50,13,51,87,30,181,20,22,42,223
02/09/2012,TLH,FL,ASO,ES,Combined TRACON& Tower with Radar,9,52,76,45,182,0,0,59,10,69,9,52,135,55,251,74,12,86,337
02/10/2012,TLH,FL,ASO,ES,Combined TRACON& Tower with Radar,12,41,30,72,155,0,0,22,23,45,12,41,52,95,200,78,4,82,282
02/11/2012,TLH,FL,ASO,ES,Combined TRACON& Tower with Radar,11,18,20,22,71,0,0,25,0,25,11,18,45,22,96,8,0,8,104
02/12/2012,TLH,FL,ASO,ES,Combined TRACON& Tower with Radar,8,38,26,103,175,0,0,43,15,58,8,38,69,118,233,28,4,32,265
02/13/2012,TLH,FL,ASO,ES,Combined TRACON& Tower with Radar,9,52,51,34,146,0,1,32,10,43,9,53,83,44,189,22,12,34,223
02/14/2012,TLH,FL,ASO,ES,Combined TRACON& Tower with Radar,10,50,53,8,121,0,0,10,0,10,10,50,63,8,131,16,0,16,147
02/15/2012,TLH,FL,ASO,ES,Combined TRACON& Tower with Radar,9,53,48,18,128,0,0,19,0,19,9,53,67,18,147,0,0,0,147
02/16/2012,TLH,FL,ASO,ES,Combined TRACON& Tower with Radar,5,59,62,4,130,0,0,7,0,7,5,59,69,4,137,0,0,0,137
02/17/2012,TLH,FL,ASO,ES,Combined TRACON& Tower with Radar,8,55,71,48,182,0,0,25,6,31,8,55,96,54,213,44,0,44,257
02/18/2012,TLH,FL,ASO,ES,Combined TRACON& Tower with Radar,5,29,17,0,51,0,0,2,0,2,5,29,19,0,53,0,0,0,53
02/19/2012,TLH,FL,ASO,ES,Combined TRACON& Tower with Radar,5,36,26,30,97,0,0,7,4,11,5,36,33,34,108,0,0,0,108
02/20/2012,TLH,FL,ASO,ES,Combined TRACON& Tower with Radar,5,43,61,18,127,0,1,51,2,54,5,44,112,20,181,50,8,58,239
02/21/2012,TLH,FL,ASO,ES,Combined TRACON& Tower with Radar,5,50,68,36,159,0,0,37,6,43,5,50,105,42,202,40,4,44,246
02/22/2012,TLH,FL,ASO,ES,Combined TRACON& Tower with Radar,8,50,49,14,121,0,0,6,0,6,8,50,55,14,127,0,0,0,127
02/23/2012,TLH,FL,ASO,ES,Combined TRACON& Tower with Radar,5,56,62,20,143,0,0,27,6,33,5,56,89,26,176,6,0,6,182
02/24/2012,TLH,FL,ASO,ES,Combined TRACON& Tower with Radar,6,50,40,16,112,0,0,11,2,13,6,50,51,18,125,0,0,0,125
02/25/2012,TLH,FL,ASO,ES,Combined TRACON& Tower with Radar,5,29,30,11,75,0,2,44,12,58,5,31,74,23,133,32,18,50,183
02/26/2012,TLH,FL,ASO,ES,Combined TRACON& Tower with Radar,4,37,37,19,97,0,0,13,5,18,4,37,50,24,115,12,26,38,153
02/27/2012,TLH,FL,ASO,ES,Combined TRACON& Tower with Radar,5,53,57,22,137,0,0,0,0,0,5,53,57,22,137,0,0,0,137
02/28/2012,TLH,FL,ASO,ES,Combined TRACON& Tower with Radar,6,53,55,8,122,0,0,7,0,7,6,53,62,8,129,18,0,18,147
02/29/2012,TLH,FL,ASO,ES,Combined TRACON& Tower with Radar,10,53,58,18,139,0,0,25,0,25,10,53,83,18,164,20,0,20,184
03/01/2012,TLH,FL,ASO,ES,Combined TRACON& Tower with Radar,6,51,44,17,118,0,0,23,0,23,6,51,67,17,141,12,0,12,153
03/02/2012,TLH,FL,ASO,ES,Combined TRACON& Tower with Radar,9,51,57,26,143,0,0,11,3,14,9,51,68,29,157,6,0,6,163
03/03/2012,TLH,FL,ASO,ES,Combined TRACON& Tower with Radar,8,25,10,2,45,0,0,0,0,0,8,25,10,2,45,0,0,0,45
03/04/2012,TLH,FL,ASO,ES,Combined TRACON& Tower with Radar,11,33,30,27,101,0,0,30,11,41,11,33,60,38,142,0,0,0,142
03/05/2012,TLH,FL,ASO,ES,Combined TRACON& Tower with Radar,10,49,38,32,129,0,0,36,3,39,10,49,74,35,168,14,10,24,192
03/06/2012,TLH,FL,ASO,ES,Combined TRACON& Tower with Radar,12,51,33,9,105,0,0,40,16,56,12,51,73,25,161,59,8,67,228
03/07/2012,TLH,FL,ASO,ES,Combined TRACON& Tower with Radar,12,50,27,19,108,0,0,73,11,84,12,50,100,30,192,20,0,20,212
03/08/2012,TLH,FL,ASO,ES,Combined TRACON& Tower with Radar,9,45,30,24,108,0,0,31,10,41,9,45,61,34,149,38,48,86,235
03/09/2012,TLH,FL,ASO,ES,Combined TRACON& Tower with Radar,8,49,37,8,102,0,0,16,0,16,8,49,53,8,118,38,0,38,156
03/10/2012,TLH,FL,ASO,ES,Combined TRACON& Tower with Radar,10,22,46,31,109,0,1,39,5,45,10,23,85,36,154,12,6,18,172
03/11/2012,TLH,FL,ASO,ES,Combined TRACON& Tower with Radar,15,39,31,12,97,0,0,23,1,24,15,39,54,13,121,64,0,64,185
03/12/2012,TLH,FL,ASO,ES,Combined TRACON& Tower with Radar,10,51,23,32,116,0,0,31,11,42,10,51,54,43,158,12,6,18,176
03/13/2012,TLH,FL,ASO,ES,Combined TRACON& Tower with Radar,9,44,26,63,142,0,0,38,4,42,9,44,64,67,184,22,66,88,272
03/14/2012,TLH,FL,ASO,ES,Combined TRACON& Tower with Radar,11,50,49,41,151,0,4,47,2,53,11,54,96,43,204,36,8,44,248
03/15/2012,TLH,FL,ASO,ES,Combined TRACON& Tower with Radar,12,49,37,68,166,0,1,37,4,42,12,50,74,72,208,66,16,82,290
03/16/2012,TLH,FL,ASO,ES,Combined TRACON& Tower with Radar,12,46,26,59,143,0,2,46,11,59,12,48,72,70,202,22,0,22,224
03/17/2012,TLH,FL,ASO,ES,Combined TRACON& Tower with Radar,10,22,30,29,91,0,0,41,6,47,10,22,71,35,138,48,14,62,200
03/18/2012,TLH,FL,ASO,ES,Combined TRACON& Tower with Radar,12,30,17,34,93,0,0,50,13,63,12,30,67,47,156,26,6,32,188
03/19/2012,TLH,FL,ASO,ES,Combined TRACON& Tower with Radar,9,42,19,40,110,0,0,49,8,57,9,42,68,48,167,40,12,52,219
03/20/2012,TLH,FL,ASO,ES,Combined TRACON& Tower with Radar,10,51,32,30,123,0,0,33,6,39,10,51,65,36,162,34,0,34,196
03/21/2012,TLH,FL,ASO,ES,Combined TRACON& Tower with Radar,10,49,30,23,112,0,0,39,10,49,10,49,69,33,161,12,26,38,199
03/22/2012,TLH,FL,ASO,ES,Combined TRACON& Tower with Radar,10,50,47,42,149,0,0,18,8,26,10,50,65,50,175,0,0,0,175
03/23/2012,TLH,FL,ASO,ES,Combined TRACON& Tower with Radar,9,48,38,17,112,0,1,24,0,25,9,49,62,17,137,52,0,52,189
03/24/2012,TLH,FL,ASO,ES,Combined TRACON& Tower with Radar,8,23,31,8,70,0,0,20,2,22,8,23,51,10,92,36,6,42,134
03/25/2012,TLH,FL,ASO,ES,Combined TRACON& Tower with Radar,9,34,44,19,106,0,0,38,15,53,9,34,82,34,159,49,2,51,210
03/26/2012,TLH,FL,ASO,ES,Combined TRACON& Tower with Radar,8,52,35,29,124,0,0,55,6,61,8,52,90,35,185,56,4,60,245
03/27/2012,TLH,FL,ASO,ES,Combined TRACON& Tower with Radar,9,52,35,17,113,0,2,64,5,71,9,54,99,22,184,0,0,0,184
03/28/2012,TLH,FL,ASO,ES,Combined TRACON& Tower with Radar,9,57,45,19,130,0,0,34,1,35,9,57,79,20,165,26,16,42,207
03/29/2012,TLH,FL,ASO,ES,Combined TRACON& Tower with Radar,8,51,40,42,141,0,2,53,4,59,8,53,93,46,200,64,10,74,274
03/30/2012,TLH,FL,ASO,ES,Combined TRACON& Tower with Radar,11,46,60,29,146,0,0,31,10,41,11,46,91,39,187,2,2,4,191
03/31/2012,TLH,FL,ASO,ES,Combined TRACON& Tower with Radar,6,27,11,0,44,0,0,32,0,32,6,27,43,0,76,6,0,6,82
04/01/2012,TLH,FL,ASO,ES,Combined TRACON& Tower with Radar,5,38,38,20,101,0,0,57,16,73,5,38,95,36,174,30,14,44,218
04/02/2012,TLH,FL,ASO,ES,Combined TRACON& Tower with Radar,5,54,47,31,137,0,3,40,5,48,5,57,87,36,185,30,4,34,219
04/03/2012,TLH,FL,ASO,ES,Combined TRACON& Tower with Radar,7,51,33,14,105,0,0,25,0,25,7,51,58,14,130,28,18,46,176
04/04/2012,TLH,FL,ASO,ES,Combined TRACON& Tower with Radar,8,47,45,27,127,0,2,10,5,17,8,49,55,32,144,0,10,10,154
04/05/2012,TLH,FL,ASO,ES,Combined TRACON& Tower with Radar,9,55,24,43,131,0,0,18,1,19,9,55,42,44,150,26,20,46,196
04/06/2012,TLH,FL,ASO,ES,Combined TRACON& Tower with Radar,8,48,26,16,98,0,2,60,0,62,8,50,86,16,160,30,8,38,198
04/07/2012,TLH,FL,ASO,ES,Combined TRACON& Tower with Radar,7,25,18,0,50,0,0,56,0,56,7,25,74,0,106,74,0,74,180
04/08/2012,TLH,FL,ASO,ES,Combined TRACON& Tower with Radar,7,36,17,2,62,0,0,27,0,27,7,36,44,2,89,14,0,14,103
04/09/2012,TLH,FL,ASO,ES,Combined TRACON& Tower with Radar,7,59,35,66,167,0,2,51,6,59,7,61,86,72,226,36,34,70,296
04/10/2012,TLH,FL,ASO,ES,Combined TRACON& Tower with Radar,9,53,26,26,114,0,0,40,5,45,9,53,66,31,159,66,0,66,225
04/11/2012,TLH,FL,ASO,ES,Combined TRACON& Tower with Radar,7,59,33,31,130,0,0,48,9,57,7,59,81,40,187,44,6,50,237
04/12/2012,TLH,FL,ASO,ES,Combined TRACON& Tower with Radar,8,54,61,25,148,0,3,58,13,74,8,57,119,38,222,66,4,70,292
04/13/2012,TLH,FL,ASO,ES,Combined TRACON& Tower with Radar,9,49,53,50,161,0,1,52,25,78,9,50,105,75,239,44,10,54,293
04/14/2012,TLH,FL,ASO,ES,Combined TRACON& Tower with Radar,7,25,37,10,79,0,2,54,2,58,7,27,91,12,137,38,28,66,203
04/15/2012,TLH,FL,ASO,ES,Combined TRACON& Tower with Radar,11,33,39,24,107,0,0,42,16,58,11,33,81,40,165,36,38,74,239
04/16/2012,TLH,FL,ASO,ES,Combined TRACON& Tower with Radar,9,50,29,35,123,0,0,39,4,43,9,50,68,39,166,54,16,70,236
04/17/2012,TLH,FL,ASO,ES,Combined TRACON& Tower with Radar,8,48,18,56,130,0,0,34,1,35,8,48,52,57,165,62,34,96,261
04/18/2012,TLH,FL,ASO,ES,Combined TRACON& Tower with Radar,11,49,32,11,103,0,0,5,0,5,11,49,37,11,108,2,20,22,130
04/19/2012,TLH,FL,ASO,ES,Combined TRACON& Tower with Radar,10,47,43,12,112,0,1,18,3,22,10,48,61,15,134,34,0,34,168
04/20/2012,TLH,FL,ASO,ES,Combined TRACON& Tower with Radar,9,49,41,24,123,0,0,43,11,54,9,49,84,35,177,38,26,64,241
04/21/2012,TLH,FL,ASO,ES,Combined TRACON& Tower with Radar,10,26,25,0,61,0,0,13,2,15,10,26,38,2,76,20,0,20,96
04/22/2012,TLH,FL,ASO,ES,Combined TRACON& Tower with Radar,11,31,26,13,81,0,0,13,5,18,11,31,39,18,99,0,0,0,99
04/23/2012,TLH,FL,ASO,ES,Combined TRACON& Tower with Radar,9,53,34,62,158,0,1,32,6,39,9,54,66,68,197,0,0,0,197
04/24/2012,TLH,FL,ASO,ES,Combined TRACON& Tower with Radar,9,51,32,48,140,0,2,44,4,50,9,53,76,52,190,24,8,32,222
04/25/2012,TLH,FL,ASO,ES,Combined TRACON& Tower with Radar,9,49,38,51,147,0,2,43,1,46,9,51,81,52,193,26,16,42,235
04/26/2012,TLH,FL,ASO,ES,Combined TRACON& Tower with Radar,8,51,52,28,139,0,0,61,8,69,8,51,113,36,208,38,20,58,266
04/27/2012,TLH,FL,ASO,ES,Combined TRACON& Tower with Radar,8,44,52,31,135,0,4,55,14,73,8,48,107,45,208,90,0,90,298
04/28/2012,TLH,FL,ASO,ES,Combined TRACON& Tower with Radar,8,30,33,18,89,0,0,48,6,54,8,30,81,24,143,30,30,60,203
04/29/2012,TLH,FL,ASO,ES,Combined TRACON& Tower with Radar,10,31,21,28,90,0,0,56,12,68,10,31,77,40,158,68,0,68,226
04/30/2012,TLH,FL,ASO,ES,Combined TRACON& Tower with Radar,9,48,36,26,119,0,1,23,10,34,9,49,59,36,153,8,16,24,177
05/01/2012,TLH,FL,ASO,ES,Combined TRACON& Tower with Radar,10,47,39,53,149,0,0,38,9,47,10,47,77,62,196,70,0,70,266
05/02/2012,TLH,FL,ASO,ES,Combined TRACON& Tower with Radar,9,47,28,9,93,0,1,46,3,50,9,48,74,12,143,64,0,64,207
05/03/2012,TLH,FL,ASO,ES,Combined TRACON& Tower with Radar,6,48,23,6,83,0,0,33,0,33,6,48,56,6,116,30,0,30,146
05/04/2012,TLH,FL,ASO,ES,Combined TRACON& Tower with Radar,9,48,42,31,130,0,1,27,7,35,9,49,69,38,165,56,0,56,221
05/05/2012,TLH,FL,ASO,ES,Combined TRACON& Tower with Radar,8,27,26,8,69,0,1,43,1,45,8,28,69,9,114,46,16,62,176
05/06/2012,TLH,FL,ASO,ES,Combined TRACON& Tower with Radar,10,31,24,15,80,0,0,27,7,34,10,31,51,22,114,44,2,46,160
05/07/2012,TLH,FL,ASO,ES,Combined TRACON& Tower with Radar,8,44,18,15,85,0,0,23,4,27,8,44,41,19,112,38,0,38,150
05/08/2012,TLH,FL,ASO,ES,Combined TRACON& Tower with Radar,8,44,35,9,96,0,0,23,2,25,8,44,58,11,121,48,0,48,169
05/09/2012,TLH,FL,ASO,ES,Combined TRACON& Tower with Radar,9,48,36,19,112,0,0,21,6,27,9,48,57,25,139,38,38,76,215
05/10/2012,TLH,FL,ASO,ES,Combined TRACON& Tower with Radar,9,48,31,29,117,0,1,61,7,69,9,49,92,36,186,70,0,70,256
05/11/2012,TLH,FL,ASO,ES,Combined TRACON& Tower with Radar,9,48,20,25,102,0,2,71,4,77,9,50,91,29,179,68,0,68,247
05/12/2012,TLH,FL,ASO,ES,Combined TRACON& Tower with Radar,8,25,22,1,56,0,0,37,4,41,8,25,59,5,97,30,6,36,133
05/13/2012,TLH,FL,ASO,ES,Combined TRACON& Tower with Radar,10,27,12,16,65,0,0,11,4,15,10,27,23,20,80,46,2,48,128
05/14/2012,TLH,FL,ASO,ES,Combined TRACON& Tower with Radar,9,43,35,6,93,0,2,25,0,27,9,45,60,6,120,18,0,18,138
05/15/2012,TLH,FL,ASO,ES,Combined TRACON& Tower with Radar,6,48,35,16,105,0,1,18,1,20,6,49,53,17,125,26,0,26,151
05/16/2012,TLH,FL,ASO,ES,Combined TRACON& Tower with Radar,9,46,24,11,90,0,0,15,0,15,9,46,39,11,105,52,0,52,157
05/17/2012,TLH,FL,ASO,ES,Combined TRACON& Tower with Radar,11,45,33,21,110,0,0,31,6,37,11,45,64,27,147,26,6,32,179
05/18/2012,TLH,FL,ASO,ES,Combined TRACON& Tower with Radar,11,51,25,55,142,0,0,50,3,53,11,51,75,58,195,4,20,24,219
05/19/2012,TLH,FL,ASO,ES,Combined TRACON& Tower with Radar,7,25,22,23,77,0,0,54,2,56,7,25,76,25,133,30,14,44,177
05/20/2012,TLH,FL,ASO,ES,Combined TRACON& Tower with Radar,15,31,25,23,94,0,2,37,4,43,15,33,62,27,137,26,20,46,183
05/21/2012,TLH,FL,ASO,ES,Combined TRACON& Tower with Radar,9,55,29,30,123,0,1,35,2,38,9,56,64,32,161,4,0,4,165
05/22/2012,TLH,FL,ASO,ES,Combined TRACON& Tower with Radar,11,45,28,16,100,0,0,37,4,41,11,45,65,20,141,2,0,2,143
05/23/2012,TLH,FL,ASO,ES,Combined TRACON& Tower with Radar,11,49,48,59,167,0,0,29,5,34,11,49,77,64,201,0,10,10,211
05/24/2012,TLH,FL,ASO,ES,Combined TRACON& Tower with Radar,9,52,41,41,143,0,0,34,7,41,9,52,75,48,184,18,0,18,202
05/25/2012,TLH,FL,ASO,ES,Combined TRACON& Tower with Radar,10,45,28,4,87,0,2,45,0,47,10,47,73,4,134,48,0,48,182
05/26/2012,TLH,FL,ASO,ES,Combined TRACON& Tower with Radar,5,25,5,14,49,0,0,54,0,54,5,25,59,14,103,22,16,38,141
05/27/2012,TLH,FL,ASO,ES,Combined TRACON& Tower with Radar,11,28,11,0,50,0,0,28,0,28,11,28,39,0,78,0,0,0,78
05/28/2012,TLH,FL,ASO,ES,Combined TRACON& Tower with Radar,11,34,10,0,55,0,0,8,0,8,11,34,18,0,63,2,0,2,65
05/29/2012,TLH,FL,ASO,ES,Combined TRACON& Tower with Radar,10,44,38,7,99,0,1,7,1,9,10,45,45,8,108,18,0,18,126
05/30/2012,TLH,FL,ASO,ES,Combined TRACON& Tower with Radar,12,45,40,11,108,0,0,29,4,33,12,45,69,15,141,14,0,14,155
05/31/2012,TLH,FL,ASO,ES,Combined TRACON& Tower with Radar,11,46,40,18,115,0,0,28,0,28,11,46,68,18,143,0,0,0,143
06/01/2012,TLH,FL,ASO,ES,Combined TRACON& Tower with Radar,11,43,38,7,99,0,4,15,1,20,11,47,53,8,119,2,0,2,121
06/02/2012,TLH,FL,ASO,ES,Combined TRACON& Tower with Radar,7,24,23,15,69,0,5,42,8,55,7,29,65,23,124,30,42,72,196
06/03/2012,TLH,FL,ASO,ES,Combined TRACON& Tower with Radar,14,28,30,23,95,0,0,35,2,37,14,28,65,25,132,16,0,16,148
06/04/2012,TLH,FL,ASO,ES,Combined TRACON& Tower with Radar,12,41,28,53,134,0,0,46,5,51,12,41,74,58,185,22,4,26,211
06/05/2012,TLH,FL,ASO,ES,Combined TRACON& Tower with Radar,11,44,24,0,79,0,0,21,3,24,11,44,45,3,103,36,2,38,141
06/06/2012,TLH,FL,ASO,ES,Combined TRACON& Tower with Radar,14,42,33,7,96,0,0,14,4,18,14,42,47,11,114,42,0,42,156
06/07/2012,TLH,FL,ASO,ES,Combined TRACON& Tower with Radar,10,48,32,4,94,0,0,13,2,15,10,48,45,6,109,22,0,22,131
06/08/2012,TLH,FL,ASO,ES,Combined TRACON& Tower with Radar,13,45,44,16,118,0,0,13,6,19,13,45,57,22,137,0,0,0,137
06/09/2012,TLH,FL,ASO,ES,Combined TRACON& Tower with Radar,9,23,15,0,47,0,0,2,2,4,9,23,17,2,51,10,0,10,61
06/10/2012,TLH,FL,ASO,ES,Combined TRACON& Tower with Radar,12,28,24,1,65,0,0,6,6,12,12,28,30,7,77,2,0,2,79
06/11/2012,TLH,FL,ASO,ES,Combined TRACON& Tower with Radar,13,44,19,10,86,0,1,23,0,24,13,45,42,10,110,42,0,42,152
06/12/2012,TLH,FL,ASO,ES,Combined TRACON& Tower with Radar,10,45,35,20,110,0,0,32,0,32,10,45,67,20,142,22,0,22,164
06/13/2012,TLH,FL,ASO,ES,Combined TRACON& Tower with Radar,15,49,18,78,160,0,2,25,7,34,15,51,43,85,194,30,4,34,228
06/14/2012,TLH,FL,ASO,ES,Combined TRACON& Tower with Radar,11,42,28,16,97,0,0,25,4,29,11,42,53,20,126,14,2,16,142
06/15/2012,TLH,FL,ASO,ES,Combined TRACON& Tower with Radar,12,43,44,35,134,0,0,43,12,55,12,43,87,47,189,4,8,12,201
06/16/2012,TLH,FL,ASO,ES,Combined TRACON& Tower with Radar,9,22,19,3,53,0,0,47,1,48,9,22,66,4,101,24,0,24,125
06/17/2012,TLH,FL,ASO,ES,Combined TRACON& Tower with Radar,11,28,18,18,75,0,0,23,18,41,11,28,41,36,116,8,0,8,124
06/18/2012,TLH,FL,ASO,ES,Combined TRACON& Tower with Radar,11,54,30,26,121,0,2,27,4,33,11,56,57,30,154,36,14,50,204
06/19/2012,TLH,FL,ASO,ES,Combined TRACON& Tower with Radar,10,47,27,39,123,0,0,46,6,52,10,47,73,45,175,80,31,111,286
06/20/2012,TLH,FL,ASO,ES,Combined TRACON& Tower with Radar,10,47,45,36,138,0,2,34,6,42,10,49,79,42,180,22,0,22,202
06/21/2012,TLH,FL,ASO,ES,Combined TRACON& Tower with Radar,12,51,31,28,122,0,2,25,7,34,12,53,56,35,156,10,4,14,170
06/22/2012,TLH,FL,ASO,ES,Combined TRACON& Tower with Radar,11,47,23,20,101,0,2,24,14,40,11,49,47,34,141,62,0,62,203
06/23/2012,TLH,FL,ASO,ES,Combined TRACON& Tower with Radar,9,24,23,5,61,0,0,29,1,30,9,24,52,6,91,20,8,28,119
06/24/2012,TLH,FL,ASO,ES,Combined TRACON& Tower with Radar,9,32,7,0,48,0,0,0,0,0,9,32,7,0,48,0,0,0,48
06/25/2012,TLH,FL,ASO,ES,Combined TRACON& Tower with Radar,12,40,11,0,63,0,0,1,0,1,12,40,12,0,64,0,0,0,64
06/26/2012,TLH,FL,ASO,ES,Combined TRACON& Tower with Radar,13,48,12,0,73,0,2,6,0,8,13,50,18,0,81,2,0,2,83
06/27/2012,TLH,FL,ASO,ES,Combined TRACON& Tower with Radar,10,49,26,16,101,0,2,47,12,61,10,51,73,28,162,20,0,20,182
06/28/2012,TLH,FL,ASO,ES,Combined TRACON& Tower with Radar,10,48,33,20,111,0,0,45,4,49,10,48,78,24,160,42,10,52,212
06/29/2012,TLH,FL,ASO,ES,Combined TRACON& Tower with Radar,11,45,37,28,121,0,0,60,4,64,11,45,97,32,185,80,0,80,265
06/30/2012,TLH,FL,ASO,ES,Combined TRACON& Tower with Radar,9,25,27,8,69,0,0,50,0,50,9,25,77,8,119,46,0,46,165
07/01/2012,TLH,FL,ASO,ES,Combined TRACON& Tower with Radar,10,29,17,24,80,0,0,49,10,59,10,29,66,34,139,52,0,52,191
07/02/2012,TLH,FL,ASO,ES,Combined TRACON& Tower with Radar,10,45,20,42,117,0,0,40,18,58,10,45,60,60,175,66,36,102,277
07/03/2012,TLH,FL,ASO,ES,Combined TRACON& Tower with Radar,9,43,15,7,74,0,0,19,1,20,9,43,34,8,94,6,0,6,100
07/04/2012,TLH,FL,ASO,ES,Combined TRACON& Tower with Radar,5,29,6,0,40,0,0,17,0,17,5,29,23,0,57,8,0,8,65
07/05/2012,TLH,FL,ASO,ES,Combined TRACON& Tower with Radar,8,48,15,19,90,0,2,18,1,21,8,50,33,20,111,8,0,8,119
07/06/2012,TLH,FL,ASO,ES,Combined TRACON& Tower with Radar,12,39,29,19,99,0,0,13,1,14,12,39,42,20,113,54,0,54,167
07/07/2012,TLH,FL,ASO,ES,Combined TRACON& Tower with Radar,8,24,22,5,59,0,0,42,1,43,8,24,64,6,102,16,8,24,126
07/08/2012,TLH,FL,ASO,ES,Combined TRACON& Tower with Radar,9,32,20,25,86,0,0,17,1,18,9,32,37,26,104,46,20,66,170
07/09/2012,TLH,FL,ASO,ES,Combined TRACON& Tower with Radar,9,47,25,29,110,0,0,16,5,21,9,47,41,34,131,6,12,18,149
07/10/2012,TLH,FL,ASO,ES,Combined TRACON& Tower with Radar,9,51,22,19,101,0,2,29,3,34,9,53,51,22,135,66,0,66,201
07/11/2012,TLH,FL,ASO,ES,Combined TRACON& Tower with Radar,4,48,26,15,93,0,0,20,0,20,4,48,46,15,113,61,0,61,174
07/12/2012,TLH,FL,ASO,ES,Combined TRACON& Tower with Radar,7,62,28,16,113,0,1,7,2,10,7,63,35,18,123,0,0,0,123
07/13/2012,TLH,FL,ASO,ES,Combined TRACON& Tower with Radar,5,44,27,18,94,0,2,17,1,20,5,46,44,19,114,12,12,24,138
07/14/2012,TLH,FL,ASO,ES,Combined TRACON& Tower with Radar,6,26,18,28,78,0,0,21,4,25,6,26,39,32,103,2,16,18,121
07/15/2012,TLH,FL,ASO,ES,Combined TRACON& Tower with Radar,4,42,26,17,89,0,1,29,21,51,4,43,55,38,140,30,32,62,202
07/16/2012,TLH,FL,ASO,ES,Combined TRACON& Tower with Radar,6,48,29,20,103,0,0,18,2,20,6,48,47,22,123,40,0,40,163
07/17/2012,TLH,FL,ASO,ES,Combined TRACON& Tower with Radar,6,44,25,19,94,0,0,14,1,15,6,44,39,20,109,26,8,34,143
07/18/2012,TLH,FL,ASO,ES,Combined TRACON& Tower with Radar,6,48,37,14,105,0,0,20,3,23,6,48,57,17,128,36,0,36,164
07/19/2012,TLH,FL,ASO,ES,Combined TRACON& Tower with Radar,8,49,25,9,91,0,0,18,2,20,8,49,43,11,111,12,0,12,123
07/20/2012,TLH,FL,ASO,ES,Combined TRACON& Tower with Radar,5,46,25,14,90,0,0,15,2,17,5,46,40,16,107,14,6,20,127
07/21/2012,TLH,FL,ASO,ES,Combined TRACON& Tower with Radar,7,24,22,10,63,0,0,29,0,29,7,24,51,10,92,26,0,26,118
07/22/2012,TLH,FL,ASO,ES,Combined TRACON& Tower with Radar,4,40,20,8,72,0,0,35,5,40,4,40,55,13,112,34,0,34,146
07/23/2012,TLH,FL,ASO,ES,Combined TRACON& Tower with Radar,6,51,33,35,125,0,0,20,2,22,6,51,53,37,147,38,4,42,189
07/24/2012,TLH,FL,ASO,ES,Combined TRACON& Tower with Radar,6,48,16,22,92,0,0,26,2,28,6,48,42,24,120,52,6,58,178
07/25/2012,TLH,FL,ASO,ES,Combined TRACON& Tower with Radar,6,53,25,3,87,0,2,24,0,26,6,55,49,3,113,26,0,26,139
07/26/2012,TLH,FL,ASO,ES,Combined TRACON& Tower with Radar,6,45,28,6,85,0,0,17,4,21,6,45,45,10,106,6,0,6,112
07/27/2012,TLH,FL,ASO,ES,Combined TRACON& Tower with Radar,8,41,18,49,116,0,0,23,8,31,8,41,41,57,147,28,22,50,197
07/28/2012,TLH,FL,ASO,ES,Combined TRACON& Tower with Radar,5,24,7,13,49,0,0,38,7,45,5,24,45,20,94,20,0,20,114
07/29/2012,TLH,FL,ASO,ES,Combined TRACON& Tower with Radar,4,37,13,20,74,0,0,13,7,20,4,37,26,27,94,6,14,20,114
07/30/2012,TLH,FL,ASO,ES,Combined TRACON& Tower with Radar,6,47,37,6,96,0,1,15,6,22,6,48,52,12,118,42,0,42,160
07/31/2012,TLH,FL,ASO,ES,Combined TRACON& Tower with Radar,6,49,20,2,77,0,2,25,1,28,6,51,45,3,105,8,0,8,113
08/01/2012,TLH,FL,ASO,ES,Combined TRACON& Tower with Radar,5,54,26,40,125,0,0,27,2,29,5,54,53,42,154,78,0,78,232
08/02/2012,TLH,FL,ASO,ES,Combined TRACON& Tower with Radar,6,50,24,18,98,0,2,25,0,27,6,52,49,18,125,0,0,0,125
08/03/2012,TLH,FL,ASO,ES,Combined TRACON& Tower with Radar,6,48,33,12,99,0,2,22,0,24,6,50,55,12,123,26,0,26,149
08/04/2012,TLH,FL,ASO,ES,Combined TRACON& Tower with Radar,6,28,7,11,52,0,1,24,0,25,6,29,31,11,77,18,0,18,95
08/05/2012,TLH,FL,ASO,ES,Combined TRACON& Tower with Radar,4,35,23,11,73,0,0,10,2,12,4,35,33,13,85,0,0,0,85
08/06/2012,TLH,FL,ASO,ES,Combined TRACON& Tower with Radar,5,46,30,0,81,0,0,5,0,5,5,46,35,0,86,12,0,12,98
08/07/2012,TLH,FL,ASO,ES,Combined TRACON& Tower with Radar,5,55,30,2,92,0,0,10,2,12,5,55,40,4,104,34,32,66,170
08/08/2012,TLH,FL,ASO,ES,Combined TRACON& Tower with Radar,4,57,13,14,88,0,0,19,3,22,4,57,32,17,110,26,16,42,152
08/09/2012,TLH,FL,ASO,ES,Combined TRACON& Tower with Radar,5,52,36,14,107,0,0,17,2,19,5,52,53,16,126,2,6,8,134
08/10/2012,TLH,FL,ASO,ES,Combined TRACON& Tower with Radar,4,48,25,4,81,0,1,11,1,13,4,49,36,5,94,4,8,12,106
08/11/2012,TLH,FL,ASO,ES,Combined TRACON& Tower with Radar,6,27,14,2,49,0,2,16,0,18,6,29,30,2,67,12,0,12,79
08/12/2012,TLH,FL,ASO,ES,Combined TRACON& Tower with Radar,4,39,16,15,74,0,2,45,5,52,4,41,61,20,126,16,5,21,147
08/13/2012,TLH,FL,ASO,ES,Combined TRACON& Tower with Radar,6,49,30,46,131,0,0,16,2,18,6,49,46,48,149,20,0,20,169
08/14/2012,TLH,FL,ASO,ES,Combined TRACON& Tower with Radar,7,42,40,7,96,0,0,19,0,19,7,42,59,7,115,0,0,0,115
08/15/2012,TLH,FL,ASO,ES,Combined TRACON& Tower with Radar,6,53,28,5,92,0,2,27,7,36,6,55,55,12,128,0,0,0,128
08/16/2012,TLH,FL,ASO,ES,Combined TRACON& Tower with Radar,6,48,25,10,89,0,0,27,0,27,6,48,52,10,116,20,0,20,136
08/17/2012,TLH,FL,ASO,ES,Combined TRACON& Tower with Radar,9,45,28,39,121,0,4,27,4,35,9,49,55,43,156,0,6,6,162
08/18/2012,TLH,FL,ASO,ES,Combined TRACON& Tower with Radar,4,26,28,36,94,0,2,29,4,35,4,28,57,40,129,36,20,56,185
08/19/2012,TLH,FL,ASO,ES,Combined TRACON& Tower with Radar,6,30,17,0,53,0,0,11,0,11,6,30,28,0,64,10,0,10,74
08/20/2012,TLH,FL,ASO,ES,Combined TRACON& Tower with Radar,6,52,16,4,78,0,0,3,1,4,6,52,19,5,82,0,0,0,82
08/21/2012,TLH,FL,ASO,ES,Combined TRACON& Tower with Radar,6,46,27,2,81,0,0,15,1,16,6,46,42,3,97,24,0,24,121
08/22/2012,TLH,FL,ASO,ES,Combined TRACON& Tower with Radar,6,44,58,26,134,0,2,24,4,30,6,46,82,30,164,12,16,28,192
08/23/2012,TLH,FL,ASO,ES,Combined TRACON& Tower with Radar,4,60,34,13,111,0,0,15,1,16,4,60,49,14,127,0,0,0,127
08/24/2012,TLH,FL,ASO,ES,Combined TRACON& Tower with Radar,6,52,33,37,128,0,0,50,2,52,6,52,83,39,180,12,8,20,200
08/25/2012,TLH,FL,ASO,ES,Combined TRACON& Tower with Radar,4,26,19,6,55,0,0,53,1,54,4,26,72,7,109,62,0,62,171
08/26/2012,TLH,FL,ASO,ES,Combined TRACON& Tower with Radar,8,35,16,6,65,0,0,24,0,24,8,35,40,6,89,26,0,26,115
08/27/2012,TLH,FL,ASO,ES,Combined TRACON& Tower with Radar,6,45,6,0,57,0,0,0,0,0,6,45,6,0,57,0,0,0,57
08/28/2012,TLH,FL,ASO,ES,Combined TRACON& Tower with Radar,6,48,12,3,69,0,0,3,0,3,6,48,15,3,72,0,0,0,72
08/29/2012,TLH,FL,ASO,ES,Combined TRACON& Tower with Radar,7,47,20,1,75,0,0,6,0,6,7,47,26,1,81,9,0,9,90
08/30/2012,TLH,FL,ASO,ES,Combined TRACON& Tower with Radar,10,45,31,0,86,0,4,15,0,19,10,49,46,0,105,22,0,22,127
08/31/2012,TLH,FL,ASO,ES,Combined TRACON& Tower with Radar,12,42,44,6,104,0,3,38,2,43,12,45,82,8,147,8,0,8,155
09/01/2012,TLH,FL,ASO,ES,Combined TRACON& Tower with Radar,2,37,36,0,75,0,0,63,2,65,2,37,99,2,140,90,0,90,230
09/02/2012,TLH,FL,ASO,ES,Combined TRACON& Tower with Radar,2,26,18,1,47,0,0,56,2,58,2,26,74,3,105,32,0,32,137
09/03/2012,TLH,FL,ASO,ES,Combined TRACON& Tower with Radar,4,40,19,0,63,0,0,40,0,40,4,40,59,0,103,40,0,40,143
09/04/2012,TLH,FL,ASO,ES,Combined TRACON& Tower with Radar,6,48,19,17,90,0,0,8,1,9,6,48,27,18,99,4,22,26,125
09/05/2012,TLH,FL,ASO,ES,Combined TRACON& Tower with Radar,7,51,38,35,131,0,1,9,2,12,7,52,47,37,143,28,22,50,193
09/06/2012,TLH,FL,ASO,ES,Combined TRACON& Tower with Radar,7,54,38,23,122,0,0,36,3,39,7,54,74,26,161,76,6,82,243
09/07/2012,TLH,FL,ASO,ES,Combined TRACON& Tower with Radar,9,50,36,38,133,0,1,35,2,38,9,51,71,40,171,32,4,36,207
09/08/2012,TLH,FL,ASO,ES,Combined TRACON& Tower with Radar,7,26,20,0,53,0,0,10,0,10,7,26,30,0,63,0,0,0,63
09/09/2012,TLH,FL,ASO,ES,Combined TRACON& Tower with Radar,8,35,25,12,80,0,5,25,8,38,8,40,50,20,118,4,0,4,122
09/10/2012,TLH,FL,ASO,ES,Combined TRACON& Tower with Radar,12,47,30,28,117,0,0,33,12,45,12,47,63,40,162,16,2,18,180
09/11/2012,TLH,FL,ASO,ES,Combined TRACON& Tower with Radar,7,53,34,20,114,0,2,30,4,36,7,55,64,24,150,37,0,37,187
09/12/2012,TLH,FL,ASO,ES,Combined TRACON& Tower with Radar,7,51,30,24,112,0,0,44,9,53,7,51,74,33,165,3,14,17,182
09/13/2012,TLH,FL,ASO,ES,Combined TRACON& Tower with Radar,7,48,46,20,121,0,2,35,1,38,7,50,81,21,159,18,0,18,177
09/14/2012,TLH,FL,ASO,ES,Combined TRACON& Tower with Radar,10,51,36,56,153,0,1,29,12,42,10,52,65,68,195,16,10,26,221
09/15/2012,TLH,FL,ASO,ES,Combined TRACON& Tower with Radar,10,29,38,23,100,0,0,43,2,45,10,29,81,25,145,6,6,12,157
09/16/2012,TLH,FL,ASO,ES,Combined TRACON& Tower with Radar,6,38,27,13,84,0,1,33,15,49,6,39,60,28,133,20,0,20,153
09/17/2012,TLH,FL,ASO,ES,Combined TRACON& Tower with Radar,6,50,36,22,114,0,3,3,4,10,6,53,39,26,124,0,0,0,124
09/18/2012,TLH,FL,ASO,ES,Combined TRACON& Tower with Radar,7,46,35,11,99,0,0,2,0,2,7,46,37,11,101,9,0,9,110
09/19/2012,TLH,FL,ASO,ES,Combined TRACON& Tower with Radar,10,51,37,23,121,0,0,40,12,52,10,51,77,35,173,12,24,36,209
09/20/2012,TLH,FL,ASO,ES,Combined TRACON& Tower with Radar,7,54,46,24,131,0,2,36,1,39,7,56,82,25,170,6,0,6,176
09/21/2012,TLH,FL,ASO,ES,Combined TRACON& Tower with Radar,9,57,44,29,139,0,1,41,7,49,9,58,85,36,188,18,20,38,226
09/22/2012,TLH,FL,ASO,ES,Combined TRACON& Tower with Radar,10,37,51,0,98,0,1,67,0,68,10,38,118,0,166,10,0,10,176
09/23/2012,TLH,FL,ASO,ES,Combined TRACON& Tower with Radar,10,37,60,31,138,0,0,64,10,74,10,37,124,41,212,10,32,42,254
09/24/2012,TLH,FL,ASO,ES,Combined TRACON& Tower with Radar,8,50,46,36,140,0,5,31,4,40,8,55,77,40,180,34,4,38,218
09/25/2012,TLH,FL,ASO,ES,Combined TRACON& Tower with Radar,7,48,26,17,98,0,0,30,4,34,7,48,56,21,132,56,22,78,210
09/26/2012,TLH,FL,ASO,ES,Combined TRACON& Tower with Radar,6,49,40,32,127,0,3,31,11,45,6,52,71,43,172,28,6,34,206
09/27/2012,TLH,FL,ASO,ES,Combined TRACON& Tower with Radar,7,57,53,20,137,0,0,30,4,34,7,57,83,24,171,12,0,12,183
09/28/2012,TLH,FL,ASO,ES,Combined TRACON& Tower with Radar,7,49,31,47,134,0,0,30,7,37,7,49,61,54,171,18,2,20,191
09/29/2012,TLH,FL,ASO,ES,Combined TRACON& Tower with Radar,6,23,34,11,74,0,0,27,1,28,6,23,61,12,102,10,12,22,124
09/30/2012,TLH,FL,ASO,ES,Combined TRACON& Tower with Radar,5,34,17,12,68,0,0,22,0,22,5,34,39,12,90,18,0,18,108
10/01/2012,TLH,FL,ASO,ES,Combined TRACON& Tower with Radar,6,44,13,6,69,0,1,9,0,10,6,45,22,6,79,0,4,4,83
10/02/2012,TLH,FL,ASO,ES,Combined TRACON& Tower with Radar,7,52,26,41,126,0,0,26,1,27,7,52,52,42,153,12,10,22,175
10/03/2012,TLH,FL,ASO,ES,Combined TRACON& Tower with Radar,6,45,31,17,99,0,0,13,1,14,6,45,44,18,113,40,4,44,157
10/04/2012,TLH,FL,ASO,ES,Combined TRACON& Tower with Radar,7,48,37,11,103,0,2,17,2,21,7,50,54,13,124,0,0,0,124
10/05/2012,TLH,FL,ASO,ES,Combined TRACON& Tower with Radar,14,44,39,23,120,0,0,36,2,38,14,44,75,25,158,30,0,30,188
10/06/2012,TLH,FL,ASO,ES,Combined TRACON& Tower with Radar,7,25,23,9,64,0,3,112,4,119,7,28,135,13,183,68,0,68,251
10/07/2012,TLH,FL,ASO,ES,Combined TRACON& Tower with Radar,7,29,17,23,76,0,2,30,3,35,7,31,47,26,111,10,0,10,121
10/08/2012,TLH,FL,ASO,ES,Combined TRACON& Tower with Radar,6,45,33,11,95,0,2,36,0,38,6,47,69,11,133,36,4,40,173
10/09/2012,TLH,FL,ASO,ES,Combined TRACON& Tower with Radar,9,51,44,13,117,0,0,12,1,13,9,51,56,14,130,0,0,0,130
10/10/2012,TLH,FL,ASO,ES,Combined TRACON& Tower with Radar,8,41,42,20,111,0,0,24,5,29,8,41,66,25,140,0,20,20,160
10/11/2012,TLH,FL,ASO,ES,Combined TRACON& Tower with Radar,7,50,36,12,105,0,0,51,4,55,7,50,87,16,160,36,4,40,200
10/12/2012,TLH,FL,ASO,ES,Combined TRACON& Tower with Radar,9,54,60,30,153,0,0,71,4,75,9,54,131,34,228,12,0,12,240
10/13/2012,TLH,FL,ASO,ES,Combined TRACON& Tower with Radar,7,26,41,0,74,0,2,55,0,57,7,28,96,0,131,22,0,22,153
10/14/2012,TLH,FL,ASO,ES,Combined TRACON& Tower with Radar,7,49,44,20,120,0,0,70,3,73,7,49,114,23,193,26,0,26,219
10/15/2012,TLH,FL,ASO,ES,Combined TRACON& Tower with Radar,8,45,32,39,124,0,3,18,2,23,8,48,50,41,147,0,8,8,155
10/16/2012,TLH,FL,ASO,ES,Combined TRACON& Tower with Radar,7,57,39,11,114,0,0,38,3,41,7,57,77,14,155,20,2,22,177
10/17/2012,TLH,FL,ASO,ES,Combined TRACON& Tower with Radar,7,49,41,16,113,0,0,31,4,35,7,49,72,20,148,34,10,44,192
10/18/2012,TLH,FL,ASO,ES,Combined TRACON& Tower with Radar,10,49,37,0,96,0,0,11,0,11,10,49,48,0,107,0,0,0,107
10/19/2012,TLH,FL,ASO,ES,Combined TRACON& Tower with Radar,9,40,31,68,148,0,0,40,7,47,9,40,71,75,195,2,8,10,205
10/20/2012,TLH,FL,ASO,ES,Combined TRACON& Tower with Radar,7,25,18,7,57,0,0,35,1,36,7,25,53,8,93,18,4,22,115
10/21/2012,TLH,FL,ASO,ES,Combined TRACON& Tower with Radar,8,28,29,20,85,0,0,40,14,54,8,28,69,34,139,18,14,32,171
10/22/2012,TLH,FL,ASO,ES,Combined TRACON& Tower with Radar,6,45,33,34,118,0,1,51,0,52,6,46,84,34,170,30,22,52,222
10/23/2012,TLH,FL,ASO,ES,Combined TRACON& Tower with Radar,9,45,37,45,136,0,0,27,5,32,9,45,64,50,168,20,14,34,202
10/24/2012,TLH,FL,ASO,ES,Combined TRACON& Tower with Radar,7,45,29,21,102,0,4,21,3,28,7,49,50,24,130,26,14,40,170
10/25/2012,TLH,FL,ASO,ES,Combined TRACON& Tower with Radar,8,47,63,27,145,0,6,32,1,39,8,53,95,28,184,40,4,44,228
10/26/2012,TLH,FL,ASO,ES,Combined TRACON& Tower with Radar,8,54,39,27,128,0,2,31,12,45,8,56,70,39,173,22,20,42,215
10/27/2012,TLH,FL,ASO,ES,Combined TRACON& Tower with Radar,9,36,38,8,91,0,0,26,2,28,9,36,64,10,119,26,0,26,145
10/28/2012,TLH,FL,ASO,ES,Combined TRACON& Tower with Radar,5,36,38,44,123,0,0,16,6,22,5,36,54,50,145,48,0,48,193
10/29/2012,TLH,FL,ASO,ES,Combined TRACON& Tower with Radar,9,43,35,20,107,0,0,30,2,32,9,43,65,22,139,22,0,22,161
10/30/2012,TLH,FL,ASO,ES,Combined TRACON& Tower with Radar,9,45,37,42,133,0,0,29,12,41,9,45,66,54,174,24,14,38,212
10/31/2012,TLH,FL,ASO,ES,Combined TRACON& Tower with Radar,10,44,24,8,86,0,0,52,4,56,10,44,76,12,142,98,0,98,240
11/01/2012,TLH,FL,ASO,ES,Combined TRACON& Tower with Radar,7,49,52,30,138,0,2,35,5,42,7,51,87,35,180,22,24,46,226
11/02/2012,TLH,FL,ASO,ES,Combined TRACON& Tower with Radar,11,52,33,59,155,0,0,49,19,68,11,52,82,78,223,58,16,74,297
11/03/2012,TLH,FL,ASO,ES,Combined TRACON& Tower with Radar,10,27,30,9,76,0,2,37,0,39,10,29,67,9,115,16,0,16,131
11/04/2012,TLH,FL,ASO,ES,Combined TRACON& Tower with Radar,8,30,29,50,117,0,0,17,15,32,8,30,46,65,149,12,16,28,177
11/05/2012,TLH,FL,ASO,ES,Combined TRACON& Tower with Radar,6,45,27,24,102,0,1,28,3,32,6,46,55,27,134,44,6,50,184
11/06/2012,TLH,FL,ASO,ES,Combined TRACON& Tower with Radar,8,52,16,34,110,0,0,13,10,23,8,52,29,44,133,32,48,80,213
11/07/2012,TLH,FL,ASO,ES,Combined TRACON& Tower with Radar,9,49,42,55,155,0,4,32,6,42,9,53,74,61,197,16,0,16,213
11/08/2012,TLH,FL,ASO,ES,Combined TRACON& Tower with Radar,6,39,39,10,94,0,0,18,6,24,6,39,57,16,118,58,30,88,206
11/09/2012,TLH,FL,ASO,ES,Combined TRACON& Tower with Radar,8,49,42,35,134,0,3,45,7,55,8,52,87,42,189,34,22,56,245
11/10/2012,TLH,FL,ASO,ES,Combined TRACON& Tower with Radar,7,27,22,6,62,0,0,48,0,48,7,27,70,6,110,60,0,60,170
11/11/2012,TLH,FL,ASO,ES,Combined TRACON& Tower with Radar,5,30,28,9,72,0,0,39,5,44,5,30,67,14,116,4,0,4,120
11/12/2012,TLH,FL,ASO,ES,Combined TRACON& Tower with Radar,6,46,26,4,82,0,0,44,1,45,6,46,70,5,127,22,0,22,149
11/13/2012,TLH,FL,ASO,ES,Combined TRACON& Tower with Radar,7,54,35,57,153,0,1,18,1,20,7,55,53,58,173,20,6,26,199
11/14/2012,TLH,FL,ASO,ES,Combined TRACON& Tower with Radar,9,57,75,19,160,0,0,2,0,2,9,57,77,19,162,0,0,0,162
11/15/2012,TLH,FL,ASO,ES,Combined TRACON& Tower with Radar,7,49,80,13,149,0,0,2,2,4,7,49,82,15,153,36,0,36,189
11/16/2012,TLH,FL,ASO,ES,Combined TRACON& Tower with Radar,9,51,75,18,153,0,0,8,0,8,9,51,83,18,161,0,0,0,161
11/17/2012,TLH,FL,ASO,ES,Combined TRACON& Tower with Radar,11,32,35,18,96,0,0,36,7,43,11,32,71,25,139,14,16,30,169
11/18/2012,TLH,FL,ASO,ES,Combined TRACON& Tower with Radar,7,36,19,28,90,0,0,45,1,46,7,36,64,29,136,22,0,22,158
11/19/2012,TLH,FL,ASO,ES,Combined TRACON& Tower with Radar,10,45,47,37,139,0,0,54,6,60,10,45,101,43,199,78,0,78,277
11/20/2012,TLH,FL,ASO,ES,Combined TRACON& Tower with Radar,14,45,74,51,184,0,0,36,3,39,14,45,110,54,223,20,0,20,243
11/21/2012,TLH,FL,ASO,ES,Combined TRACON& Tower with Radar,4,58,23,12,97,0,1,42,0,43,4,59,65,12,140,46,2,48,188
11/22/2012,TLH,FL,ASO,ES,Combined TRACON& Tower with Radar,6,27,13,0,46,0,0,23,0,23,6,27,36,0,69,10,0,10,79
11/23/2012,TLH,FL,ASO,ES,Combined TRACON& Tower with Radar,10,37,35,0,82,0,1,50,0,51,10,38,85,0,133,0,0,0,133
11/24/2012,TLH,FL,ASO,ES,Combined TRACON& Tower with Radar,7,64,108,0,179,0,0,68,0,68,7,64,176,0,247,28,0,28,275
11/25/2012,TLH,FL,ASO,ES,Combined TRACON& Tower with Radar,13,50,55,0,118,0,0,75,0,75,13,50,130,0,193,8,0,8,201
11/26/2012,TLH,FL,ASO,ES,Combined TRACON& Tower with Radar,11,57,39,43,150,0,0,31,0,31,11,57,70,43,181,82,12,94,275
11/27/2012,TLH,FL,ASO,ES,Combined TRACON& Tower with Radar,4,58,37,30,129,0,0,17,2,19,4,58,54,32,148,42,62,104,252
11/28/2012,TLH,FL,ASO,ES,Combined TRACON& Tower with Radar,10,59,44,27,140,0,0,9,0,9,10,59,53,27,149,0,0,0,149
11/29/2012,TLH,FL,ASO,ES,Combined TRACON& Tower with Radar,7,57,51,30,145,0,1,49,2,52,7,58,100,32,197,4,0,4,201
11/30/2012,TLH,FL,ASO,ES,Combined TRACON& Tower with Radar,7,51,37,46,141,0,4,41,13,58,7,55,78,59,199,48,8,56,255
12/01/2012,TLH,FL,ASO,ES,Combined TRACON& Tower with Radar,8,32,18,22,80,0,3,87,5,95,8,35,105,27,175,28,24,52,227
12/02/2012,TLH,FL,ASO,ES,Combined TRACON& Tower with Radar,8,33,39,64,144,0,1,35,12,48,8,34,74,76,192,36,6,42,234
12/03/2012,TLH,FL,ASO,ES,Combined TRACON& Tower with Radar,5,60,20,14,99,0,1,29,3,33,5,61,49,17,132,16,10,26,158
12/04/2012,TLH,FL,ASO,ES,Combined TRACON& Tower with Radar,4,45,41,57,147,0,0,32,7,39,4,45,73,64,186,10,18,28,214
12/05/2012,TLH,FL,ASO,ES,Combined TRACON& Tower with Radar,6,61,56,55,178,0,4,30,14,48,6,65,86,69,226,26,26,52,278
12/06/2012,TLH,FL,ASO,ES,Combined TRACON& Tower with Radar,5,60,32,21,118,0,0,31,5,36,5,60,63,26,154,36,0,36,190
12/07/2012,TLH,FL,ASO,ES,Combined TRACON& Tower with Radar,7,46,31,88,172,0,0,12,3,15,7,46,43,91,187,0,8,8,195
12/08/2012,TLH,FL,ASO,ES,Combined TRACON& Tower with Radar,11,31,38,22,102,0,0,2,0,2,11,31,40,22,104,18,0,18,122
12/09/2012,TLH,FL,ASO,ES,Combined TRACON& Tower with Radar,4,33,19,101,157,0,0,18,18,36,4,33,37,119,193,32,40,72,265
12/10/2012,TLH,FL,ASO,ES,Combined TRACON& Tower with Radar,5,52,43,20,120,0,0,9,4,13,5,52,52,24,133,16,0,16,149
12/11/2012,TLH,FL,ASO,ES,Combined TRACON& Tower with Radar,11,54,51,18,134,0,0,0,1,1,11,54,51,19,135,0,0,0,135
12/12/2012,TLH,FL,ASO,ES,Combined TRACON& Tower with Radar,6,59,43,0,108,0,0,0,0,0,6,59,43,0,108,0,0,0,108
12/13/2012,TLH,FL,ASO,ES,Combined TRACON& Tower with Radar,5,52,57,30,144,0,0,4,2,6,5,52,61,32,150,0,8,8,158
12/14/2012,TLH,FL,ASO,ES,Combined TRACON& Tower with Radar,4,54,41,85,184,0,0,18,6,24,4,54,59,91,208,8,2,10,218
12/15/2012,TLH,FL,ASO,ES,Combined TRACON& Tower with Radar,6,30,43,18,97,0,0,24,3,27,6,30,67,21,124,0,0,0,124
12/16/2012,TLH,FL,ASO,ES,Combined TRACON& Tower with Radar,6,37,24,86,153,0,0,15,3,18,6,37,39,89,171,4,56,60,231
12/17/2012,TLH,FL,ASO,ES,Combined TRACON& Tower with Radar,7,57,29,58,151,0,0,7,0,7,7,57,36,58,158,4,0,4,162
12/18/2012,TLH,FL,ASO,ES,Combined TRACON& Tower with Radar,11,58,46,26,141,0,0,65,1,66,11,58,111,27,207,22,6,28,235
12/19/2012,TLH,FL,ASO,ES,Combined TRACON& Tower with Radar,7,55,36,26,124,0,0,77,5,82,7,55,113,31,206,8,0,8,214
12/20/2012,TLH,FL,ASO,ES,Combined TRACON& Tower with Radar,13,48,31,2,94,0,0,6,0,6,13,48,37,2,100,0,0,0,100
12/21/2012,TLH,FL,ASO,ES,Combined TRACON& Tower with Radar,9,46,38,20,113,0,1,57,4,62,9,47,95,24,175,0,0,0,175
12/22/2012,TLH,FL,ASO,ES,Combined TRACON& Tower with Radar,6,30,24,0,60,0,0,38,0,38,6,30,62,0,98,0,0,0,98
12/23/2012,TLH,FL,ASO,ES,Combined TRACON& Tower with Radar,4,35,31,0,70,0,0,32,0,32,4,35,63,0,102,0,0,0,102
12/24/2012,TLH,FL,ASO,ES,Combined TRACON& Tower with Radar,7,31,10,0,48,0,0,11,0,11,7,31,21,0,59,0,0,0,59
12/25/2012,TLH,FL,ASO,ES,Combined TRACON& Tower with Radar,7,18,5,0,30,0,0,0,0,0,7,18,5,0,30,0,0,0,30
12/26/2012,TLH,FL,ASO,ES,Combined TRACON& Tower with Radar,8,47,20,4,79,0,0,5,2,7,8,47,25,6,86,0,0,0,86
12/27/2012,TLH,FL,ASO,ES,Combined TRACON& Tower with Radar,7,48,42,19,116,0,1,38,3,42,7,49,80,22,158,0,0,0,158
12/28/2012,TLH,FL,ASO,ES,Combined TRACON& Tower with Radar,7,41,19,26,93,0,0,39,2,41,7,41,58,28,134,0,0,0,134
12/29/2012,TLH,FL,ASO,ES,Combined TRACON& Tower with Radar,6,30,11,0,47,0,1,12,0,13,6,31,23,0,60,0,0,0,60
12/30/2012,TLH,FL,ASO,ES,Combined TRACON& Tower with Radar,3,38,13,0,54,0,0,52,0,52,3,38,65,0,106,0,0,0,106
12/31/2012,TLH,FL,ASO,ES,Combined TRACON& Tower with Radar,9,31,17,0,57,0,0,31,0,31,9,31,48,0,88,0,0,0,88
01/01/2013,TLH,FL,ASO,ES,Combined TRACON& Tower with Radar,5,30,18,2,55,0,1,5,0,6,5,31,23,2,61,0,0,0,61
01/02/2013,TLH,FL,ASO,ES,Combined TRACON& Tower with Radar,7,48,23,16,94,0,0,4,0,4,7,48,27,16,98,0,0,0,98
01/03/2013,TLH,FL,ASO,ES,Combined TRACON& Tower with Radar,3,46,25,5,79,0,0,3,0,3,3,46,28,5,82,0,0,0,82
01/04/2013,TLH,FL,ASO,ES,Combined TRACON& Tower with Radar,5,47,27,21,100,0,0,33,4,37,5,47,60,25,137,30,26,56,193
01/05/2013,TLH,FL,ASO,ES,Combined TRACON& Tower with Radar,7,28,20,0,55,0,0,34,0,34,7,28,54,0,89,20,0,20,109
01/06/2013,TLH,FL,ASO,ES,Combined TRACON& Tower with Radar,5,36,35,38,114,0,0,4,0,4,5,36,39,38,118,35,0,35,153
01/07/2013,TLH,FL,ASO,ES,Combined TRACON& Tower with Radar,6,42,26,13,87,0,0,22,1,23,6,42,48,14,110,6,0,6,116
01/08/2013,TLH,FL,ASO,ES,Combined TRACON& Tower with Radar,7,49,34,79,169,0,0,28,4,32,7,49,62,83,201,76,16,92,293
01/09/2013,TLH,FL,ASO,ES,Combined TRACON& Tower with Radar,3,59,38,8,108,0,0,2,0,2,3,59,40,8,110,28,26,54,164
01/10/2013,TLH,FL,ASO,ES,Combined TRACON& Tower with Radar,5,53,43,16,117,0,0,14,0,14,5,53,57,16,131,20,4,24,155
01/11/2013,TLH,FL,ASO,ES,Combined TRACON& Tower with Radar,6,44,35,102,187,0,1,38,24,63,6,45,73,126,250,27,26,53,303
01/12/2013,TLH,FL,ASO,ES,Combined TRACON& Tower with Radar,9,24,31,17,81,0,1,19,1,21,9,25,50,18,102,6,12,18,120
01/13/2013,TLH,FL,ASO,ES,Combined TRACON& Tower with Radar,4,34,28,30,96,0,0,24,15,39,4,34,52,45,135,36,4,40,175
01/14/2013,TLH,FL,ASO,ES,Combined TRACON& Tower with Radar,5,53,46,107,211,0,1,19,7,27,5,54,65,114,238,30,52,82,320
01/15/2013,TLH,FL,ASO,ES,Combined TRACON& Tower with Radar,3,43,42,125,213,0,0,24,2,26,3,43,66,127,239,10,24,34,273
01/16/2013,TLH,FL,ASO,ES,Combined TRACON& Tower with Radar,7,39,44,40,130,0,0,10,2,12,7,39,54,42,142,0,6,6,148
01/17/2013,TLH,FL,ASO,ES,Combined TRACON& Tower with Radar,2,45,42,13,102,0,0,11,9,20,2,45,53,22,122,0,0,0,122
01/18/2013,TLH,FL,ASO,ES,Combined TRACON& Tower with Radar,5,46,44,58,153,0,0,41,17,58,5,46,85,75,211,20,0,20,231
01/19/2013,TLH,FL,ASO,ES,Combined TRACON& Tower with Radar,6,28,28,7,69,0,0,29,1,30,6,28,57,8,99,28,0,28,127
01/20/2013,TLH,FL,ASO,ES,Combined TRACON& Tower with Radar,6,31,23,26,86,0,0,24,16,40,6,31,47,42,126,17,0,17,143
01/21/2013,TLH,FL,ASO,ES,Combined TRACON& Tower with Radar,3,44,41,4,92,0,0,42,2,44,3,44,83,6,136,68,0,68,204
01/22/2013,TLH,FL,ASO,ES,Combined TRACON& Tower with Radar,5,51,56,37,149,0,1,41,10,52,5,52,97,47,201,29,0,29,230
01/23/2013,TLH,FL,ASO,ES,Combined TRACON& Tower with Radar,3,56,53,37,149,0,0,58,10,68,3,56,111,47,217,46,2,48,265
01/24/2013,TLH,FL,ASO,ES,Combined TRACON& Tower with Radar,3,54,67,29,153,0,0,57,5,62,3,54,124,34,215,26,24,50,265
01/25/2013,TLH,FL,ASO,ES,Combined TRACON& Tower with Radar,2,52,30,64,148,0,1,28,32,61,2,53,58,96,209,10,12,22,231
01/26/2013,TLH,FL,ASO,ES,Combined TRACON& Tower with Radar,7,26,22,35,90,0,0,23,2,25,7,26,45,37,115,28,0,28,143
01/27/2013,TLH,FL,ASO,ES,Combined TRACON& Tower with Radar,4,40,14,41,99,0,1,30,28,59,4,41,44,69,158,19,15,34,192
01/28/2013,TLH,FL,ASO,ES,Combined TRACON& Tower with Radar,5,40,33,29,107,0,0,30,6,36,5,40,63,35,143,16,21,37,180
01/29/2013,TLH,FL,ASO,ES,Combined TRACON& Tower with Radar,4,46,51,62,163,0,0,39,2,41,4,46,90,64,204,1,4,5,209
01/30/2013,TLH,FL,ASO,ES,Combined TRACON& Tower with Radar,7,45,52,0,104,0,0,0,0,0,7,45,52,0,104,0,0,0,104
01/31/2013,TLH,FL,ASO,ES,Combined TRACON& Tower with Radar,4,53,79,54,190,0,0,66,9,75,4,53,145,63,265,28,4,32,297
02/01/2013,TLH,FL,ASO,ES,Combined TRACON& Tower with Radar,3,58,42,54,157,0,0,54,17,71,3,58,96,71,228,16,6,22,250
02/02/2013,TLH,FL,ASO,ES,Combined TRACON& Tower with Radar,7,32,24,23,86,0,0,72,12,84,7,32,96,35,170,24,31,55,225
02/03/2013,TLH,FL,ASO,ES,Combined TRACON& Tower with Radar,3,39,23,44,109,0,0,52,14,66,3,39,75,58,175,25,0,25,200
02/04/2013,TLH,FL,ASO,ES,Combined TRACON& Tower with Radar,5,55,39,79,178,0,0,39,7,46,5,55,78,86,224,6,12,18,242
02/05/2013,TLH,FL,ASO,ES,Combined TRACON& Tower with Radar,2,52,49,41,144,0,1,4,1,6,2,53,53,42,150,20,0,20,170
02/06/2013,TLH,FL,ASO,ES,Combined TRACON& Tower with Radar,5,55,46,20,126,0,0,35,4,39,5,55,81,24,165,36,8,44,209
02/07/2013,TLH,FL,ASO,ES,Combined TRACON& Tower with Radar,4,55,41,8,108,0,0,2,0,2,4,55,43,8,110,0,16,16,126
02/08/2013,TLH,FL,ASO,ES,Combined TRACON& Tower with Radar,7,45,41,77,170,0,0,24,12,36,7,45,65,89,206,12,6,18,224
02/09/2013,TLH,FL,ASO,ES,Combined TRACON& Tower with Radar,7,30,21,14,72,0,0,54,2,56,7,30,75,16,128,4,18,22,150
02/10/2013,TLH,FL,ASO,ES,Combined TRACON& Tower with Radar,4,38,29,10,81,0,0,20,7,27,4,38,49,17,108,0,2,2,110
02/11/2013,TLH,FL,ASO,ES,Combined TRACON& Tower with Radar,5,51,36,12,104,0,0,4,0,4,5,51,40,12,108,22,2,24,132
02/12/2013,TLH,FL,ASO,ES,Combined TRACON& Tower with Radar,5,53,28,13,99,0,0,1,0,1,5,53,29,13,100,0,0,0,100
02/13/2013,TLH,FL,ASO,ES,Combined TRACON& Tower with Radar,5,54,43,60,162,0,0,14,3,17,5,54,57,63,179,0,0,0,179
02/14/2013,TLH,FL,ASO,ES,Combined TRACON& Tower with Radar,5,55,69,20,149,0,0,22,7,29,5,55,91,27,178,0,46,46,224
02/15/2013,TLH,FL,ASO,ES,Combined TRACON& Tower with Radar,6,51,36,38,131,0,0,48,6,54,6,51,84,44,185,22,6,28,213
02/16/2013,TLH,FL,ASO,ES,Combined TRACON& Tower with Radar,2,27,30,0,59,0,1,21,0,22,2,28,51,0,81,0,0,0,81
02/17/2013,TLH,FL,ASO,ES,Combined TRACON& Tower with Radar,5,35,28,36,104,0,1,38,10,49,5,36,66,46,153,35,3,38,191
02/18/2013,TLH,FL,ASO,ES,Combined TRACON& Tower with Radar,9,58,46,0,113,0,2,64,1,67,9,60,110,1,180,12,0,12,192
02/19/2013,TLH,FL,ASO,ES,Combined TRACON& Tower with Radar,6,50,56,20,132,0,2,21,2,25,6,52,77,22,157,14,0,14,171
02/20/2013,TLH,FL,ASO,ES,Combined TRACON& Tower with Radar,6,47,71,52,176,0,2,62,5,69,6,49,133,57,245,7,10,17,262
02/21/2013,TLH,FL,ASO,ES,Combined TRACON& Tower with Radar,5,54,51,87,197,0,0,46,10,56,5,54,97,97,253,90,58,148,401
02/22/2013,TLH,FL,ASO,ES,Combined TRACON& Tower with Radar,9,55,26,1,91,0,0,0,0,0,9,55,26,1,91,0,0,0,91
02/23/2013,TLH,FL,ASO,ES,Combined TRACON& Tower with Radar,9,26,11,4,50,0,0,2,0,2,9,26,13,4,52,0,0,0,52
02/24/2013,TLH,FL,ASO,ES,Combined TRACON& Tower with Radar,6,38,27,12,83,0,0,23,2,25,6,38,50,14,108,26,8,34,142
02/25/2013,TLH,FL,ASO,ES,Combined TRACON& Tower with Radar,8,52,17,0,77,0,0,0,0,0,8,52,17,0,77,0,0,0,77
02/26/2013,TLH,FL,ASO,ES,Combined TRACON& Tower with Radar,7,52,25,20,104,0,0,21,3,24,7,52,46,23,128,16,0,16,144
02/27/2013,TLH,FL,ASO,ES,Combined TRACON& Tower with Radar,10,49,64,31,154,0,0,56,5,61,10,49,120,36,215,38,2,40,255
02/28/2013,TLH,FL,ASO,ES,Combined TRACON& Tower with Radar,7,60,45,29,141,0,0,51,7,58,7,60,96,36,199,12,2,14,213
03/01/2013,TLH,FL,ASO,ES,Combined TRACON& Tower with Radar,7,53,40,67,167,0,3,53,16,72,7,56,93,83,239,50,6,56,295
03/02/2013,TLH,FL,ASO,ES,Combined TRACON& Tower with Radar,3,30,30,16,79,0,2,50,4,56,3,32,80,20,135,16,10,26,161
03/03/2013,TLH,FL,ASO,ES,Combined TRACON& Tower with Radar,5,40,36,57,138,0,6,37,14,57,5,46,73,71,195,8,0,8,203
03/04/2013,TLH,FL,ASO,ES,Combined TRACON& Tower with Radar,4,61,52,35,152,0,3,52,5,60,4,64,104,40,212,12,0,12,224
03/05/2013,TLH,FL,ASO,ES,Combined TRACON& Tower with Radar,6,56,42,27,131,0,6,31,3,40,6,62,73,30,171,22,0,22,193
03/06/2013,TLH,FL,ASO,ES,Combined TRACON& Tower with Radar,3,56,35,41,135,0,5,26,6,37,3,61,61,47,172,9,7,16,188
03/07/2013,TLH,FL,ASO,ES,Combined TRACON& Tower with Radar,9,66,47,40,162,0,4,52,9,65,9,70,99,49,227,28,34,62,289
03/08/2013,TLH,FL,ASO,ES,Combined TRACON& Tower with Radar,9,55,53,29,146,0,4,49,5,58,9,59,102,34,204,76,0,76,280
03/09/2013,TLH,FL,ASO,ES,Combined TRACON& Tower with Radar,6,29,22,4,61,0,2,113,16,131,6,31,135,20,192,64,16,80,272
03/10/2013,TLH,FL,ASO,ES,Combined TRACON& Tower with Radar,5,41,19,21,86,0,2,28,3,33,5,43,47,24,119,0,0,0,119
03/11/2013,TLH,FL,ASO,ES,Combined TRACON& Tower with Radar,4,60,46,12,122,0,0,13,1,14,4,60,59,13,136,0,0,0,136
03/12/2013,TLH,FL,ASO,ES,Combined TRACON& Tower with Radar,6,56,58,43,163,0,3,22,7,32,6,59,80,50,195,35,0,35,230
03/13/2013,TLH,FL,ASO,ES,Combined TRACON& Tower with Radar,5,65,52,14,136,0,3,34,7,44,5,68,86,21,180,35,14,49,229
03/14/2013,TLH,FL,ASO,ES,Combined TRACON& Tower with Radar,7,58,52,41,158,0,2,40,8,50,7,60,92,49,208,26,2,28,236
03/15/2013,TLH,FL,ASO,ES,Combined TRACON& Tower with Radar,6,52,31,45,134,0,3,51,7,61,6,55,82,52,195,8,0,8,203
03/16/2013,TLH,FL,ASO,ES,Combined TRACON& Tower with Radar,3,28,25,20,76,0,1,39,0,40,3,29,64,20,116,0,2,2,118
03/17/2013,TLH,FL,ASO,ES,Combined TRACON& Tower with Radar,2,46,32,9,89,0,0,22,3,25,2,46,54,12,114,0,0,0,114
03/18/2013,TLH,FL,ASO,ES,Combined TRACON& Tower with Radar,17,61,49,18,145,0,0,11,0,11,17,61,60,18,156,0,0,0,156
03/19/2013,TLH,FL,ASO,ES,Combined TRACON& Tower with Radar,4,64,49,38,155,0,0,25,2,27,4,64,74,40,182,32,21,53,235
03/20/2013,TLH,FL,ASO,ES,Combined TRACON& Tower with Radar,4,54,67,32,157,0,1,43,2,46,4,55,110,34,203,39,0,39,242
03/21/2013,TLH,FL,ASO,ES,Combined TRACON& Tower with Radar,6,60,54,52,172,0,0,56,4,60,6,60,110,56,232,78,0,78,310
03/22/2013,TLH,FL,ASO,ES,Combined TRACON& Tower with Radar,9,58,43,77,187,0,0,57,8,65,9,58,100,85,252,45,26,71,323
03/23/2013,TLH,FL,ASO,ES,Combined TRACON& Tower with Radar,2,34,13,0,49,0,0,0,0,0,2,34,13,0,49,0,0,0,49
03/24/2013,TLH,FL,ASO,ES,Combined TRACON& Tower with Radar,4,41,30,25,100,0,0,13,0,13,4,41,43,25,113,0,0,0,113
03/25/2013,TLH,FL,ASO,ES,Combined TRACON& Tower with Radar,6,54,22,71,153,0,0,22,11,33,6,54,44,82,186,3,1,4,190
03/26/2013,TLH,FL,ASO,ES,Combined TRACON& Tower with Radar,5,54,53,54,166,0,2,43,3,48,5,56,96,57,214,7,4,11,225
03/27/2013,TLH,FL,ASO,ES,Combined TRACON& Tower with Radar,7,56,46,62,171,0,1,68,6,75,7,57,114,68,246,57,60,117,363
03/28/2013,TLH,FL,ASO,ES,Combined TRACON& Tower with Radar,2,64,55,58,179,0,0,75,4,79,2,64,130,62,258,83,8,91,349
03/29/2013,TLH,FL,ASO,ES,Combined TRACON& Tower with Radar,6,52,16,65,139,0,0,86,7,93,6,52,102,72,232,25,28,53,285
03/30/2013,TLH,FL,ASO,ES,Combined TRACON& Tower with Radar,2,31,31,12,76,0,0,32,0,32,2,31,63,12,108,30,4,34,142
03/31/2013,TLH,FL,ASO,ES,Combined TRACON& Tower with Radar,2,39,26,2,69,0,0,20,2,22,2,39,46,4,91,2,0,2,93
04/01/2013,TLH,FL,ASO,ES,Combined TRACON& Tower with Radar,3,58,41,60,162,0,0,33,5,38,3,58,74,65,200,40,8,48,248
04/02/2013,TLH,FL,ASO,ES,Combined TRACON& Tower with Radar,4,46,55,35,140,0,1,51,8,60,4,47,106,43,200,20,44,64,264
04/03/2013,TLH,FL,ASO,ES,Combined TRACON& Tower with Radar,8,60,41,2,111,0,0,12,0,12,8,60,53,2,123,24,0,24,147
04/04/2013,TLH,FL,ASO,ES,Combined TRACON& Tower with Radar,9,59,38,0,106,0,0,10,0,10,9,59,48,0,116,14,0,14,130
04/05/2013,TLH,FL,ASO,ES,Combined TRACON& Tower with Radar,7,48,55,42,152,0,0,19,9,28,7,48,74,51,180,8,2,10,190
04/06/2013,TLH,FL,ASO,ES,Combined TRACON& Tower with Radar,1,29,34,4,68,0,0,71,4,75,1,29,105,8,143,46,0,46,189
04/07/2013,TLH,FL,ASO,ES,Combined TRACON& Tower with Radar,5,41,29,19,94,0,0,37,13,50,5,41,66,32,144,0,6,6,150
04/08/2013,TLH,FL,ASO,ES,Combined TRACON& Tower with Radar,5,50,50,24,129,0,0,47,6,53,5,50,97,30,182,12,4,16,198
04/09/2013,TLH,FL,ASO,ES,Combined TRACON& Tower with Radar,5,52,46,32,135,0,0,42,5,47,5,52,88,37,182,45,6,51,233
04/10/2013,TLH,FL,ASO,ES,Combined TRACON& Tower with Radar,6,53,66,20,145,0,0,49,7,56,6,53,115,27,201,42,0,42,243
04/11/2013,TLH,FL,ASO,ES,Combined TRACON& Tower with Radar,6,47,33,22,108,0,0,12,0,12,6,47,45,22,120,30,0,30,150
04/12/2013,TLH,FL,ASO,ES,Combined TRACON& Tower with Radar,10,52,55,50,167,0,0,29,6,35,10,52,84,56,202,22,2,24,226
04/13/2013,TLH,FL,ASO,ES,Combined TRACON& Tower with Radar,5,25,39,6,75,0,2,42,0,44,5,27,81,6,119,12,0,12,131
04/14/2013,TLH,FL,ASO,ES,Combined TRACON& Tower with Radar,6,37,18,0,61,0,0,2,0,2,6,37,20,0,63,4,0,4,67
04/15/2013,TLH,FL,ASO,ES,Combined TRACON& Tower with Radar,6,50,49,76,181,0,0,40,18,58,6,50,89,94,239,6,102,108,347
04/16/2013,TLH,FL,ASO,ES,Combined TRACON& Tower with Radar,7,43,40,62,152,0,0,45,3,48,7,43,85,65,200,16,19,35,235
04/17/2013,TLH,FL,ASO,ES,Combined TRACON& Tower with Radar,9,51,42,56,158,0,0,55,4,59,9,51,97,60,217,67,10,77,294
04/18/2013,TLH,FL,ASO,ES,Combined TRACON& Tower with Radar,7,57,50,68,182,0,0,33,5,38,7,57,83,73,220,23,48,71,291
04/19/2013,TLH,FL,ASO,ES,Combined TRACON& Tower with Radar,7,43,33,4,87,0,0,1,0,1,7,43,34,4,88,0,0,0,88
04/20/2013,TLH,FL,ASO,ES,Combined TRACON& Tower with Radar,4,24,29,8,65,0,0,27,2,29,4,24,56,10,94,17,0,17,111
04/21/2013,TLH,FL,ASO,ES,Combined TRACON& Tower with Radar,5,39,25,14,83,0,0,18,2,20,5,39,43,16,103,0,0,0,103
04/22/2013,TLH,FL,ASO,ES,Combined TRACON& Tower with Radar,6,44,40,30,120,0,0,5,7,12,6,44,45,37,132,0,42,42,174
04/23/2013,TLH,FL,ASO,ES,Combined TRACON& Tower with Radar,7,48,60,33,148,0,0,33,12,45,7,48,93,45,193,35,31,66,259
04/24/2013,TLH,FL,ASO,ES,Combined TRACON& Tower with Radar,7,49,42,49,147,0,0,41,10,51,7,49,83,59,198,41,4,45,243
04/25/2013,TLH,FL,ASO,ES,Combined TRACON& Tower with Radar,7,49,57,31,144,0,0,27,27,54,7,49,84,58,198,30,8,38,236
04/26/2013,TLH,FL,ASO,ES,Combined TRACON& Tower with Radar,9,49,44,58,160,0,1,60,20,81,9,50,104,78,241,25,0,25,266
04/27/2013,TLH,FL,ASO,ES,Combined TRACON& Tower with Radar,4,28,27,5,64,0,5,22,2,29,4,33,49,7,93,0,0,0,93
04/28/2013,TLH,FL,ASO,ES,Combined TRACON& Tower with Radar,4,42,35,40,121,0,0,30,18,48,4,42,65,58,169,46,6,52,221
04/29/2013,TLH,FL,ASO,ES,Combined TRACON& Tower with Radar,6,49,33,9,97,0,0,6,0,6,6,49,39,9,103,0,0,0,103
04/30/2013,TLH,FL,ASO,ES,Combined TRACON& Tower with Radar,7,49,40,41,137,0,0,37,3,40,7,49,77,44,177,152,24,176,353
05/01/2013,TLH,FL,ASO,ES,Combined TRACON& Tower with Radar,6,53,55,38,152,0,0,11,4,15,6,53,66,42,167,18,8,26,193
05/02/2013,TLH,FL,ASO,ES,Combined TRACON& Tower with Radar,5,48,37,65,155,0,1,3,12,16,5,49,40,77,171,29,18,47,218
05/03/2013,TLH,FL,ASO,ES,Combined TRACON& Tower with Radar,8,52,50,32,142,0,0,17,5,22,8,52,67,37,164,0,8,8,172
05/04/2013,TLH,FL,ASO,ES,Combined TRACON& Tower with Radar,4,31,39,39,113,0,0,4,3,7,4,31,43,42,120,0,4,4,124
05/05/2013,TLH,FL,ASO,ES,Combined TRACON& Tower with Radar,7,40,21,39,107,0,3,27,6,36,7,43,48,45,143,8,0,8,151
05/06/2013,TLH,FL,ASO,ES,Combined TRACON& Tower with Radar,4,51,26,51,132,0,2,41,5,48,4,53,67,56,180,21,32,53,233
05/07/2013,TLH,FL,ASO,ES,Combined TRACON& Tower with Radar,5,51,29,45,130,0,0,35,2,37,5,51,64,47,167,26,18,44,211
05/08/2013,TLH,FL,ASO,ES,Combined TRACON& Tower with Radar,5,51,56,34,146,0,0,60,2,62,5,51,116,36,208,205,6,211,419
05/09/2013,TLH,FL,ASO,ES,Combined TRACON& Tower with Radar,7,55,40,18,120,0,0,39,4,43,7,55,79,22,163,83,13,96,259
05/10/2013,TLH,FL,ASO,ES,Combined TRACON& Tower with Radar,6,52,36,61,155,0,2,28,14,44,6,54,64,75,199,0,0,0,199
05/11/2013,TLH,FL,ASO,ES,Combined TRACON& Tower with Radar,6,24,16,0,46,0,0,6,0,6,6,24,22,0,52,0,0,0,52
05/12/2013,TLH,FL,ASO,ES,Combined TRACON& Tower with Radar,4,38,25,21,88,0,0,29,3,32,4,38,54,24,120,0,0,0,120
05/13/2013,TLH,FL,ASO,ES,Combined TRACON& Tower with Radar,5,51,25,30,111,0,1,43,7,51,5,52,68,37,162,18,0,18,180
05/14/2013,TLH,FL,ASO,ES,Combined TRACON& Tower with Radar,5,50,43,24,122,0,2,47,2,51,5,52,90,26,173,9,0,9,182
05/15/2013,TLH,FL,ASO,ES,Combined TRACON& Tower with Radar,6,48,41,23,118,0,0,47,5,52,6,48,88,28,170,30,0,30,200
05/16/2013,TLH,FL,ASO,ES,Combined TRACON& Tower with Radar,5,53,33,41,132,0,1,42,3,46,5,54,75,44,178,30,8,38,216
05/17/2013,TLH,FL,ASO,ES,Combined TRACON& Tower with Radar,4,47,33,74,158,0,0,38,12,50,4,47,71,86,208,22,6,28,236
05/18/2013,TLH,FL,ASO,ES,Combined TRACON& Tower with Radar,5,30,18,0,53,0,0,41,0,41,5,30,59,0,94,12,0,12,106
05/19/2013,TLH,FL,ASO,ES,Combined TRACON& Tower with Radar,4,38,30,69,141,0,0,33,6,39,4,38,63,75,180,0,8,8,188
05/20/2013,TLH,FL,ASO,ES,Combined TRACON& Tower with Radar,4,47,26,39,116,0,0,30,2,32,4,47,56,41,148,0,18,18,166
05/21/2013,TLH,FL,ASO,ES,Combined TRACON& Tower with Radar,4,58,22,36,120,0,0,52,5,57,4,58,74,41,177,28,18,46,223
05/22/2013,TLH,FL,ASO,ES,Combined TRACON& Tower with Radar,5,52,41,102,200,0,0,30,8,38,5,52,71,110,238,57,12,69,307
05/23/2013,TLH,FL,ASO,ES,Combined TRACON& Tower with Radar,6,46,31,34,117,0,0,31,8,39,6,46,62,42,156,0,12,12,168
05/24/2013,TLH,FL,ASO,ES,Combined TRACON& Tower with Radar,4,50,28,0,82,0,0,37,1,38,4,50,65,1,120,30,0,30,150
05/25/2013,TLH,FL,ASO,ES,Combined TRACON& Tower with Radar,5,23,15,1,44,0,0,47,0,47,5,23,62,1,91,18,0,18,109
05/26/2013,TLH,FL,ASO,ES,Combined TRACON& Tower with Radar,4,27,12,3,46,0,0,41,3,44,4,27,53,6,90,12,0,12,102
05/27/2013,TLH,FL,ASO,ES,Combined TRACON& Tower with Radar,6,37,21,5,69,0,0,37,1,38,6,37,58,6,107,44,0,44,151
05/28/2013,TLH,FL,ASO,ES,Combined TRACON& Tower with Radar,5,42,28,43,118,0,0,51,15,66,5,42,79,58,184,8,36,44,228
05/29/2013,TLH,FL,ASO,ES,Combined TRACON& Tower with Radar,5,40,45,23,113,0,0,23,12,35,5,40,68,35,148,0,16,16,164
05/30/2013,TLH,FL,ASO,ES,Combined TRACON& Tower with Radar,5,49,42,49,145,0,0,33,11,44,5,49,75,60,189,55,24,79,268
05/31/2013,TLH,FL,ASO,ES,Combined TRACON& Tower with Radar,4,43,32,57,136,0,0,29,8,37,4,43,61,65,173,0,62,62,235
06/01/2013,TLH,FL,ASO,ES,Combined TRACON& Tower with Radar,11,22,18,25,76,0,0,34,4,38,11,22,52,29,114,0,0,0,114
06/02/2013,TLH,FL,ASO,ES,Combined TRACON& Tower with Radar,12,33,14,44,103,0,0,34,6,40,12,33,48,50,143,9,4,13,156
06/03/2013,TLH,FL,ASO,ES,Combined TRACON& Tower with Radar,8,40,27,12,87,0,1,22,11,34,8,41,49,23,121,10,8,18,139
06/04/2013,TLH,FL,ASO,ES,Combined TRACON& Tower with Radar,11,44,30,14,99,0,0,22,3,25,11,44,52,17,124,6,1,7,131
06/05/2013,TLH,FL,ASO,ES,Combined TRACON& Tower with Radar,10,41,32,21,104,0,2,28,7,37,10,43,60,28,141,18,8,26,167
06/06/2013,TLH,FL,ASO,ES,Combined TRACON& Tower with Radar,9,29,19,0,57,0,1,0,0,1,9,30,19,0,58,0,0,0,58
06/07/2013,TLH,FL,ASO,ES,Combined TRACON& Tower with Radar,9,37,27,49,122,0,1,33,7,41,9,38,60,56,163,23,28,51,214
06/08/2013,TLH,FL,ASO,ES,Combined TRACON& Tower with Radar,10,20,18,3,51,0,0,30,1,31,10,20,48,4,82,20,0,20,102
06/09/2013,TLH,FL,ASO,ES,Combined TRACON& Tower with Radar,13,32,28,4,77,0,0,7,1,8,13,32,35,5,85,18,0,18,103
06/10/2013,TLH,FL,ASO,ES,Combined TRACON& Tower with Radar,9,38,31,28,106,0,0,42,2,44,9,38,73,30,150,16,34,50,200
06/11/2013,TLH,FL,ASO,ES,Combined TRACON& Tower with Radar,9,42,37,31,119,0,0,35,4,39,9,42,72,35,158,20,8,28,186
06/12/2013,TLH,FL,ASO,ES,Combined TRACON& Tower with Radar,9,44,36,30,119,0,1,49,4,54,9,45,85,34,173,10,12,22,195
06/13/2013,TLH,FL,ASO,ES,Combined TRACON& Tower with Radar,9,32,37,26,104,0,0,20,4,24,9,32,57,30,128,28,6,34,162
06/14/2013,TLH,FL,ASO,ES,Combined TRACON& Tower with Radar,9,38,21,14,82,0,0,31,13,44,9,38,52,27,126,34,6,40,166
06/15/2013,TLH,FL,ASO,ES,Combined TRACON& Tower with Radar,9,19,14,5,47,0,0,42,3,45,9,19,56,8,92,26,2,28,120
06/16/2013,TLH,FL,ASO,ES,Combined TRACON& Tower with Radar,9,28,16,17,70,0,0,34,3,37,9,28,50,20,107,8,0,8,115
06/17/2013,TLH,FL,ASO,ES,Combined TRACON& Tower with Radar,9,37,17,20,83,0,1,37,3,41,9,38,54,23,124,30,0,30,154
06/18/2013,TLH,FL,ASO,ES,Combined TRACON& Tower with Radar,11,37,28,42,118,0,3,30,6,39,11,40,58,48,157,27,42,69,226
06/19/2013,TLH,FL,ASO,ES,Combined TRACON& Tower with Radar,11,38,34,21,104,0,0,37,9,46,11,38,71,30,150,26,26,52,202
06/20/2013,TLH,FL,ASO,ES,Combined TRACON& Tower with Radar,9,41,24,15,89,0,0,20,2,22,9,41,44,17,111,16,0,16,127
06/21/2013,TLH,FL,ASO,ES,Combined TRACON& Tower with Radar,9,35,32,51,127,0,0,22,15,37,9,35,54,66,164,41,6,47,211
06/22/2013,TLH,FL,ASO,ES,Combined TRACON& Tower with Radar,9,22,10,10,51,0,0,20,0,20,9,22,30,10,71,14,0,14,85
06/23/2013,TLH,FL,ASO,ES,Combined TRACON& Tower with Radar,7,27,19,5,58,0,0,19,5,24,7,27,38,10,82,2,0,2,84
06/24/2013,TLH,FL,ASO,ES,Combined TRACON& Tower with Radar,8,37,13,29,87,0,0,21,0,21,8,37,34,29,108,12,0,12,120
06/25/2013,TLH,FL,ASO,ES,Combined TRACON& Tower with Radar,9,42,25,45,121,0,0,34,2,36,9,42,59,47,157,0,21,21,178
06/26/2013,TLH,FL,ASO,ES,Combined TRACON& Tower with Radar,11,35,19,57,122,0,2,36,7,45,11,37,55,64,167,20,18,38,205
06/27/2013,TLH,FL,ASO,ES,Combined TRACON& Tower with Radar,9,38,31,34,112,0,0,36,13,49,9,38,67,47,161,38,2,40,201
06/28/2013,TLH,FL,ASO,ES,Combined TRACON& Tower with Radar,9,35,30,0,74,0,2,19,6,27,9,37,49,6,101,21,0,21,122
06/29/2013,TLH,FL,ASO,ES,Combined TRACON& Tower with Radar,7,23,10,0,40,0,0,9,2,11,7,23,19,2,51,10,0,10,61
06/30/2013,TLH,FL,ASO,ES,Combined TRACON& Tower with Radar,9,30,16,0,55,0,0,17,6,23,9,30,33,6,78,18,0,18,96
07/01/2013,TLH,FL,ASO,ES,Combined TRACON& Tower with Radar,13,31,22,10,76,0,2,21,0,23,13,33,43,10,99,54,1,55,154
07/02/2013,TLH,FL,ASO,ES,Combined TRACON& Tower with Radar,11,35,17,8,71,0,0,6,0,6,11,35,23,8,77,32,0,32,109
07/03/2013,TLH,FL,ASO,ES,Combined TRACON& Tower with Radar,9,35,24,2,70,0,0,5,0,5,9,35,29,2,75,0,0,0,75
07/04/2013,TLH,FL,ASO,ES,Combined TRACON& Tower with Radar,9,20,6,0,35,0,0,0,0,0,9,20,6,0,35,0,0,0,35
07/05/2013,TLH,FL,ASO,ES,Combined TRACON& Tower with Radar,12,23,17,0,52,0,0,19,0,19,12,23,36,0,71,36,0,36,107
07/06/2013,TLH,FL,ASO,ES,Combined TRACON& Tower with Radar,10,19,29,0,58,0,0,14,0,14,10,19,43,0,72,12,0,12,84
07/07/2013,TLH,FL,ASO,ES,Combined TRACON& Tower with Radar,13,22,39,0,74,0,2,22,0,24,13,24,61,0,98,64,0,64,162
07/08/2013,TLH,FL,ASO,ES,Combined TRACON& Tower with Radar,11,37,35,46,129,0,0,27,9,36,11,37,62,55,165,12,24,36,201
07/09/2013,TLH,FL,ASO,ES,Combined TRACON& Tower with Radar,9,41,31,57,138,0,3,24,7,34,9,44,55,64,172,16,25,41,213
07/10/2013,TLH,FL,ASO,ES,Combined TRACON& Tower with Radar,5,26,16,9,56,0,0,6,0,6,5,26,22,9,62,76,5,81,143
07/11/2013,TLH,FL,ASO,ES,Combined TRACON& Tower with Radar,7,39,36,6,88,0,0,26,4,30,7,39,62,10,118,54,0,54,172
07/12/2013,TLH,FL,ASO,ES,Combined TRACON& Tower with Radar,10,32,33,16,91,0,0,12,10,22,10,32,45,26,113,55,10,65,178
07/13/2013,TLH,FL,ASO,ES,Combined TRACON& Tower with Radar,9,15,25,1,50,0,0,18,0,18,9,15,43,1,68,0,0,0,68
07/14/2013,TLH,FL,ASO,ES,Combined TRACON& Tower with Radar,9,26,23,10,68,0,0,17,4,21,9,26,40,14,89,10,0,10,99
07/15/2013,TLH,FL,ASO,ES,Combined TRACON& Tower with Radar,9,41,31,29,110,0,3,26,4,33,9,44,57,33,143,39,0,39,182
07/16/2013,TLH,FL,ASO,ES,Combined TRACON& Tower with Radar,11,39,36,56,142,0,0,33,1,34,11,39,69,57,176,54,22,76,252
07/17/2013,TLH,FL,ASO,ES,Combined TRACON& Tower with Radar,9,35,32,48,124,0,0,42,3,45,9,35,74,51,169,36,20,56,225
07/18/2013,TLH,FL,ASO,ES,Combined TRACON& Tower with Radar,11,34,44,26,115,0,1,36,4,41,11,35,80,30,156,38,12,50,206
07/19/2013,TLH,FL,ASO,ES,Combined TRACON& Tower with Radar,11,37,32,28,108,0,0,16,3,19,11,37,48,31,127,0,6,6,133
07/20/2013,TLH,FL,ASO,ES,Combined TRACON& Tower with Radar,9,15,11,0,35,0,0,1,0,1,9,15,12,0,36,0,0,0,36
07/21/2013,TLH,FL,ASO,ES,Combined TRACON& Tower with Radar,11,24,22,5,62,0,0,18,5,23,11,24,40,10,85,12,0,12,97
07/22/2013,TLH,FL,ASO,ES,Combined TRACON& Tower with Radar,9,32,25,0,66,0,0,5,0,5,9,32,30,0,71,19,0,19,90
07/23/2013,TLH,FL,ASO,ES,Combined TRACON& Tower with Radar,9,41,29,11,90,0,0,15,3,18,9,41,44,14,108,45,14,59,167
07/24/2013,TLH,FL,ASO,ES,Combined TRACON& Tower with Radar,6,37,27,4,74,0,0,9,10,19,6,37,36,14,93,8,0,8,101
07/25/2013,TLH,FL,ASO,ES,Combined TRACON& Tower with Radar,7,35,25,28,95,0,2,28,11,41,7,37,53,39,136,30,2,32,168
07/26/2013,TLH,FL,ASO,ES,Combined TRACON& Tower with Radar,11,30,30,47,118,0,0,33,11,44,11,30,63,58,162,0,0,0,162
07/27/2013,TLH,FL,ASO,ES,Combined TRACON& Tower with Radar,7,18,17,0,42,0,0,45,0,45,7,18,62,0,87,4,0,4,91
07/28/2013,TLH,FL,ASO,ES,Combined TRACON& Tower with Radar,9,25,18,10,62,0,0,16,4,20,9,25,34,14,82,56,0,56,138
07/29/2013,TLH,FL,ASO,ES,Combined TRACON& Tower with Radar,9,47,21,34,111,0,1,25,2,28,9,48,46,36,139,8,4,12,151
07/30/2013,TLH,FL,ASO,ES,Combined TRACON& Tower with Radar,12,41,35,25,113,0,1,31,4,36,12,42,66,29,149,28,10,38,187
07/31/2013,TLH,FL,ASO,ES,Combined TRACON& Tower with Radar,9,32,39,10,90,0,1,34,9,44,9,33,73,19,134,10,0,10,144
08/01/2013,TLH,FL,ASO,ES,Combined TRACON& Tower with Radar,11,37,23,4,75,0,0,22,3,25,11,37,45,7,100,38,42,80,180
08/02/2013,TLH,FL,ASO,ES,Combined TRACON& Tower with Radar,11,33,33,22,99,0,0,23,6,29,11,33,56,28,128,0,32,32,160
08/03/2013,TLH,FL,ASO,ES,Combined TRACON& Tower with Radar,9,18,30,11,68,0,0,9,1,10,9,18,39,12,78,12,14,26,104
08/04/2013,TLH,FL,ASO,ES,Combined TRACON& Tower with Radar,7,31,18,28,84,0,0,27,7,34,7,31,45,35,118,0,6,6,124
08/05/2013,TLH,FL,ASO,ES,Combined TRACON& Tower with Radar,9,37,14,20,80,0,0,24,7,31,9,37,38,27,111,36,26,62,173
08/06/2013,TLH,FL,ASO,ES,Combined TRACON& Tower with Radar,11,37,37,19,104,0,2,47,3,52,11,39,84,22,156,7,0,7,163
08/07/2013,TLH,FL,ASO,ES,Combined TRACON& Tower with Radar,9,37,30,25,101,0,0,36,3,39,9,37,66,28,140,32,0,32,172
08/08/2013,TLH,FL,ASO,ES,Combined TRACON& Tower with Radar,6,34,33,21,94,0,0,26,7,33,6,34,59,28,127,36,14,50,177
08/09/2013,TLH,FL,ASO,ES,Combined TRACON& Tower with Radar,11,31,23,17,82,0,0,15,5,20,11,31,38,22,102,0,2,2,104
08/10/2013,TLH,FL,ASO,ES,Combined TRACON& Tower with Radar,9,18,12,4,43,0,0,24,3,27,9,18,36,7,70,11,0,11,81
08/11/2013,TLH,FL,ASO,ES,Combined TRACON& Tower with Radar,7,31,21,2,61,0,0,32,0,32,7,31,53,2,93,10,0,10,103
08/12/2013,TLH,FL,ASO,ES,Combined TRACON& Tower with Radar,9,35,31,73,148,0,0,43,1,44,9,35,74,74,192,36,32,68,260
08/13/2013,TLH,FL,ASO,ES,Combined TRACON& Tower with Radar,9,38,37,27,111,0,0,24,4,28,9,38,61,31,139,44,14,58,197
08/14/2013,TLH,FL,ASO,ES,Combined TRACON& Tower with Radar,9,31,36,28,104,0,0,15,5,20,9,31,51,33,124,6,0,6,130
08/15/2013,TLH,FL,ASO,ES,Combined TRACON& Tower with Radar,11,41,38,22,112,0,0,14,6,20,11,41,52,28,132,16,42,58,190
08/16/2013,TLH,FL,ASO,ES,Combined TRACON& Tower with Radar,10,30,27,0,67,0,0,12,0,12,10,30,39,0,79,20,0,20,99
08/17/2013,TLH,FL,ASO,ES,Combined TRACON& Tower with Radar,7,20,7,0,34,0,0,10,0,10,7,20,17,0,44,14,0,14,58
08/18/2013,TLH,FL,ASO,ES,Combined TRACON& Tower with Radar,7,30,23,0,60,0,0,13,2,15,7,30,36,2,75,8,0,8,83
08/19/2013,TLH,FL,ASO,ES,Combined TRACON& Tower with Radar,11,35,28,14,88,0,0,21,0,21,11,35,49,14,109,59,10,69,178
08/20/2013,TLH,FL,ASO,ES,Combined TRACON& Tower with Radar,7,33,40,27,107,0,0,17,1,18,7,33,57,28,125,48,28,76,201
08/21/2013,TLH,FL,ASO,ES,Combined TRACON& Tower with Radar,13,35,30,47,125,0,0,14,8,22,13,35,44,55,147,32,41,73,220
08/22/2013,TLH,FL,ASO,ES,Combined TRACON& Tower with Radar,9,41,50,10,110,0,0,15,1,16,9,41,65,11,126,0,0,0,126
08/23/2013,TLH,FL,ASO,ES,Combined TRACON& Tower with Radar,9,31,41,24,105,0,0,21,11,32,9,31,62,35,137,8,10,18,155
08/24/2013,TLH,FL,ASO,ES,Combined TRACON& Tower with Radar,10,18,30,0,58,0,0,21,2,23,10,18,51,2,81,1,0,1,82
08/25/2013,TLH,FL,ASO,ES,Combined TRACON& Tower with Radar,11,26,32,20,89,0,0,22,12,34,11,26,54,32,123,20,4,24,147
08/26/2013,TLH,FL,ASO,ES,Combined TRACON& Tower with Radar,7,35,33,61,136,0,2,36,7,45,7,37,69,68,181,18,30,48,229
08/27/2013,TLH,FL,ASO,ES,Combined TRACON& Tower with Radar,9,35,33,46,123,0,1,42,10,53,9,36,75,56,176,30,10,40,216
08/28/2013,TLH,FL,ASO,ES,Combined TRACON& Tower with Radar,9,38,49,35,131,0,0,35,9,44,9,38,84,44,175,2,4,6,181
08/29/2013,TLH,FL,ASO,ES,Combined TRACON& Tower with Radar,10,37,53,40,140,0,0,46,4,50,10,37,99,44,190,36,4,40,230
08/30/2013,TLH,FL,ASO,ES,Combined TRACON& Tower with Radar,7,33,17,18,75,0,0,32,0,32,7,33,49,18,107,4,0,4,111
08/31/2013,TLH,FL,ASO,ES,Combined TRACON& Tower with Radar,9,14,19,0,42,0,0,24,1,25,9,14,43,1,67,0,0,0,67
09/01/2013,TLH,FL,ASO,ES,Combined TRACON& Tower with Radar,9,13,8,0,30,0,0,23,1,24,9,13,31,1,54,0,0,0,54
09/02/2013,TLH,FL,ASO,ES,Combined TRACON& Tower with Radar,9,27,17,0,53,0,0,25,0,25,9,27,42,0,78,12,0,12,90
09/03/2013,TLH,FL,ASO,ES,Combined TRACON& Tower with Radar,9,33,23,21,86,0,0,16,0,16,9,33,39,21,102,20,6,26,128
09/04/2013,TLH,FL,ASO,ES,Combined TRACON& Tower with Radar,7,42,43,51,143,0,0,21,6,27,7,42,64,57,170,54,6,60,230
09/05/2013,TLH,FL,ASO,ES,Combined TRACON& Tower with Radar,9,37,30,50,126,0,2,25,5,32,9,39,55,55,158,0,4,4,162
09/06/2013,TLH,FL,ASO,ES,Combined TRACON& Tower with Radar,9,35,30,52,126,0,0,35,6,41,9,35,65,58,167,8,50,58,225
09/07/2013,TLH,FL,ASO,ES,Combined TRACON& Tower with Radar,10,15,16,3,44,0,0,45,3,48,10,15,61,6,92,18,0,18,110
09/08/2013,TLH,FL,ASO,ES,Combined TRACON& Tower with Radar,9,29,20,55,113,0,0,64,5,69,9,29,84,60,182,33,0,33,215
09/09/2013,TLH,FL,ASO,ES,Combined TRACON& Tower with Radar,8,37,39,44,128,0,0,24,9,33,8,37,63,53,161,32,9,41,202
09/10/2013,TLH,FL,ASO,ES,Combined TRACON& Tower with Radar,12,34,32,44,122,0,0,41,11,52,12,34,73,55,174,26,0,26,200
09/11/2013,TLH,FL,ASO,ES,Combined TRACON& Tower with Radar,7,40,35,47,129,0,1,29,3,33,7,41,64,50,162,12,0,12,174
09/12/2013,TLH,FL,ASO,ES,Combined TRACON& Tower with Radar,10,39,36,33,118,0,0,41,3,44,10,39,77,36,162,6,6,12,174
09/13/2013,TLH,FL,ASO,ES,Combined TRACON& Tower with Radar,10,31,36,73,150,0,0,57,11,68,10,31,93,84,218,8,54,62,280
09/14/2013,TLH,FL,ASO,ES,Combined TRACON& Tower with Radar,9,18,36,34,97,0,0,47,6,53,9,18,83,40,150,8,0,8,158
09/15/2013,TLH,FL,ASO,ES,Combined TRACON& Tower with Radar,11,32,32,6,81,0,0,43,3,46,11,32,75,9,127,9,1,10,137
09/16/2013,TLH,FL,ASO,ES,Combined TRACON& Tower with Radar,8,40,29,36,113,0,0,25,6,31,8,40,54,42,144,0,33,33,177
09/17/2013,TLH,FL,ASO,ES,Combined TRACON& Tower with Radar,10,38,24,32,104,0,0,33,2,35,10,38,57,34,139,13,28,41,180
09/18/2013,TLH,FL,ASO,ES,Combined TRACON& Tower with Radar,6,39,27,22,94,0,0,26,2,28,6,39,53,24,122,3,10,13,135
09/19/2013,TLH,FL,ASO,ES,Combined TRACON& Tower with Radar,9,40,42,37,128,0,1,38,11,50,9,41,80,48,178,48,16,64,242
09/20/2013,TLH,FL,ASO,ES,Combined TRACON& Tower with Radar,11,39,30,96,176,0,0,57,10,67,11,39,87,106,243,44,28,72,315
09/21/2013,TLH,FL,ASO,ES,Combined TRACON& Tower with Radar,12,20,21,2,55,0,0,20,1,21,12,20,41,3,76,6,0,6,82
09/22/2013,TLH,FL,ASO,ES,Combined TRACON& Tower with Radar,11,31,30,39,111,0,0,7,0,7,11,31,37,39,118,24,0,24,142
09/23/2013,TLH,FL,ASO,ES,Combined TRACON& Tower with Radar,8,38,40,6,92,0,0,19,0,19,8,38,59,6,111,8,0,8,119
09/24/2013,TLH,FL,ASO,ES,Combined TRACON& Tower with Radar,10,39,34,9,92,0,0,6,0,6,10,39,40,9,98,12,0,12,110
09/25/2013,TLH,FL,ASO,ES,Combined TRACON& Tower with Radar,7,46,64,37,154,0,0,13,12,25,7,46,77,49,179,22,38,60,239
09/26/2013,TLH,FL,ASO,ES,Combined TRACON& Tower with Radar,11,43,45,58,157,0,0,36,8,44,11,43,81,66,201,34,14,48,249
09/27/2013,TLH,FL,ASO,ES,Combined TRACON& Tower with Radar,11,39,50,76,176,0,0,48,17,65,11,39,98,93,241,18,38,56,297
09/28/2013,TLH,FL,ASO,ES,Combined TRACON& Tower with Radar,10,17,31,19,77,0,0,41,6,47,10,17,72,25,124,20,14,34,158
09/29/2013,TLH,FL,ASO,ES,Combined TRACON& Tower with Radar,11,26,23,50,110,0,0,38,9,47,11,26,61,59,157,68,2,70,227
09/30/2013,TLH,FL,ASO,ES,Combined TRACON& Tower with Radar,8,37,43,30,118,0,0,20,2,22,8,37,63,32,140,0,0,0,140
10/01/2013,TLH,FL,ASO,ES,Combined TRACON& Tower with Radar,9,35,55,35,134,0,1,21,2,24,9,36,76,37,158,20,0,20,178
10/02/2013,TLH,FL,ASO,ES,Combined TRACON& Tower with Radar,8,40,40,30,118,0,0,36,3,39,8,40,76,33,157,0,4,4,161
10/03/2013,TLH,FL,ASO,ES,Combined TRACON& Tower with Radar,9,37,34,31,111,0,0,47,0,47,9,37,81,31,158,32,0,32,190
10/04/2013,TLH,FL,ASO,ES,Combined TRACON& Tower with Radar,13,38,43,0,94,0,0,42,0,42,13,38,85,0,136,45,0,45,181
10/05/2013,TLH,FL,ASO,ES,Combined TRACON& Tower with Radar,17,17,37,0,71,0,0,32,0,32,17,17,69,0,103,0,0,0,103
10/06/2013,TLH,FL,ASO,ES,Combined TRACON& Tower with Radar,7,30,29,0,66,0,0,21,0,21,7,30,50,0,87,2,0,2,89
10/07/2013,TLH,FL,ASO,ES,Combined TRACON& Tower with Radar,8,34,39,9,90,0,0,7,4,11,8,34,46,13,101,4,16,20,121
10/08/2013,TLH,FL,ASO,ES,Combined TRACON& Tower with Radar,7,40,46,38,131,0,0,29,2,31,7,40,75,40,162,29,35,64,226
10/09/2013,TLH,FL,ASO,ES,Combined TRACON& Tower with Radar,9,43,53,43,148,0,1,22,1,24,9,44,75,44,172,16,2,18,190
10/10/2013,TLH,FL,ASO,ES,Combined TRACON& Tower with Radar,9,39,47,32,127,0,2,39,0,41,9,41,86,32,168,20,16,36,204
10/11/2013,TLH,FL,ASO,ES,Combined TRACON& Tower with Radar,4,37,38,10,89,0,0,35,0,35,4,37,73,10,124,20,0,20,144
10/12/2013,TLH,FL,ASO,ES,Combined TRACON& Tower with Radar,12,15,21,0,48,0,0,46,0,46,12,15,67,0,94,23,0,23,117
10/13/2013,TLH,FL,ASO,ES,Combined TRACON& Tower with Radar,11,30,30,0,71,0,0,47,0,47,11,30,77,0,118,36,0,36,154
10/14/2013,TLH,FL,ASO,ES,Combined TRACON& Tower with Radar,7,37,29,0,73,0,0,26,4,30,7,37,55,4,103,27,18,45,148
10/15/2013,TLH,FL,ASO,ES,Combined TRACON& Tower with Radar,7,39,27,30,103,0,0,40,3,43,7,39,67,33,146,16,36,52,198
10/16/2013,TLH,FL,ASO,ES,Combined TRACON& Tower with Radar,8,37,54,27,126,0,0,31,5,36,8,37,85,32,162,6,14,20,182
10/17/2013,TLH,FL,ASO,ES,Combined TRACON& Tower with Radar,9,40,36,43,128,0,0,32,17,49,9,40,68,60,177,20,26,46,223
10/18/2013,TLH,FL,ASO,ES,Combined TRACON& Tower with Radar,8,37,48,40,133,0,0,18,2,20,8,37,66,42,153,0,10,10,163
10/19/2013,TLH,FL,ASO,ES,Combined TRACON& Tower with Radar,11,22,30,7,70,0,0,4,0,4,11,22,34,7,74,0,0,0,74
10/20/2013,TLH,FL,ASO,ES,Combined TRACON& Tower with Radar,7,34,13,13,67,0,1,32,4,37,7,35,45,17,104,16,2,18,122
10/21/2013,TLH,FL,ASO,ES,Combined TRACON& Tower with Radar,5,45,51,16,117,0,20,19,2,41,5,65,70,18,158,34,6,40,198
10/22/2013,TLH,FL,ASO,ES,Combined TRACON& Tower with Radar,9,40,42,11,102,0,0,1,0,1,9,40,43,11,103,0,0,0,103
10/23/2013,TLH,FL,ASO,ES,Combined TRACON& Tower with Radar,10,42,32,24,108,0,0,40,10,50,10,42,72,34,158,6,20,26,184
10/24/2013,TLH,FL,ASO,ES,Combined TRACON& Tower with Radar,9,36,49,29,123,0,0,40,3,43,9,36,89,32,166,0,0,0,166
10/25/2013,TLH,FL,ASO,ES,Combined TRACON& Tower with Radar,9,42,49,35,135,0,0,63,6,69,9,42,112,41,204,52,12,64,268
10/26/2013,TLH,FL,ASO,ES,Combined TRACON& Tower with Radar,12,27,58,6,103,0,0,82,0,82,12,27,140,6,185,38,0,38,223
10/27/2013,TLH,FL,ASO,ES,Combined TRACON& Tower with Radar,9,42,43,14,108,0,0,81,0,81,9,42,124,14,189,0,0,0,189
10/28/2013,TLH,FL,ASO,ES,Combined TRACON& Tower with Radar,8,41,29,49,127,0,0,32,11,43,8,41,61,60,170,14,32,46,216
10/29/2013,TLH,FL,ASO,ES,Combined TRACON& Tower with Radar,7,40,37,34,118,0,0,45,4,49,7,40,82,38,167,20,6,26,193
10/30/2013,TLH,FL,ASO,ES,Combined TRACON& Tower with Radar,7,41,36,40,124,0,0,55,7,62,7,41,91,47,186,38,18,56,242
10/31/2013,TLH,FL,ASO,ES,Combined TRACON& Tower with Radar,10,39,29,51,129,0,0,37,5,42,10,39,66,56,171,14,28,42,213
11/01/2013,TLH,FL,ASO,ES,Combined TRACON& Tower with Radar,11,38,60,16,125,0,0,18,2,20,11,38,78,18,145,2,0,2,147
11/02/2013,TLH,FL,ASO,ES,Combined TRACON& Tower with Radar,13,36,72,14,135,0,2,52,0,54,13,38,124,14,189,7,2,9,198
11/03/2013,TLH,FL,ASO,ES,Combined TRACON& Tower with Radar,15,27,56,22,120,0,0,57,2,59,15,27,113,24,179,4,0,4,183
11/04/2013,TLH,FL,ASO,ES,Combined TRACON& Tower with Radar,8,36,39,49,132,0,1,37,6,44,8,37,76,55,176,12,12,24,200
11/05/2013,TLH,FL,ASO,ES,Combined TRACON& Tower with Radar,10,40,45,33,128,0,0,28,5,33,10,40,73,38,161,20,2,22,183
11/06/2013,TLH,FL,ASO,ES,Combined TRACON& Tower with Radar,7,42,43,49,141,0,0,21,8,29,7,42,64,57,170,20,0,20,190
11/07/2013,TLH,FL,ASO,ES,Combined TRACON& Tower with Radar,9,48,46,62,165,0,1,40,3,44,9,49,86,65,209,50,4,54,263
11/08/2013,TLH,FL,ASO,ES,Combined TRACON& Tower with Radar,7,37,34,61,139,0,2,59,13,74,7,39,93,74,213,62,12,74,287
11/09/2013,TLH,FL,ASO,ES,Combined TRACON& Tower with Radar,12,17,23,0,52,0,0,27,0,27,12,17,50,0,79,0,0,0,79
11/10/2013,TLH,FL,ASO,ES,Combined TRACON& Tower with Radar,9,32,19,33,93,0,0,36,2,38,9,32,55,35,131,0,0,0,131
11/11/2013,TLH,FL,ASO,ES,Combined TRACON& Tower with Radar,8,35,30,0,73,0,0,33,0,33,8,35,63,0,106,18,0,18,124
11/12/2013,TLH,FL,ASO,ES,Combined TRACON& Tower with Radar,11,40,36,15,102,0,0,31,10,41,11,40,67,25,143,10,10,20,163
11/13/2013,TLH,FL,ASO,ES,Combined TRACON& Tower with Radar,7,39,38,38,122,0,0,25,4,29,7,39,63,42,151,0,0,0,151
11/14/2013,TLH,FL,ASO,ES,Combined TRACON& Tower with Radar,7,47,37,31,122,0,0,40,3,43,7,47,77,34,165,22,14,36,201
11/15/2013,TLH,FL,ASO,ES,Combined TRACON& Tower with Radar,12,44,41,67,164,0,0,13,22,35,12,44,54,89,199,6,0,6,205
11/16/2013,TLH,FL,ASO,ES,Combined TRACON& Tower with Radar,13,21,47,19,100,0,0,17,0,17,13,21,64,19,117,0,0,0,117
11/17/2013,TLH,FL,ASO,ES,Combined TRACON& Tower with Radar,11,36,47,50,144,0,0,6,21,27,11,36,53,71,171,15,12,27,198
11/18/2013,TLH,FL,ASO,ES,Combined TRACON& Tower with Radar,9,38,32,13,92,0,0,1,0,1,9,38,33,13,93,26,0,26,119
11/19/2013,TLH,FL,ASO,ES,Combined TRACON& Tower with Radar,12,34,37,63,146,0,0,45,9,54,12,34,82,72,200,38,4,42,242
11/20/2013,TLH,FL,ASO,ES,Combined TRACON& Tower with Radar,9,41,36,31,117,0,0,22,3,25,9,41,58,34,142,32,6,38,180
11/21/2013,TLH,FL,ASO,ES,Combined TRACON& Tower with Radar,9,43,45,28,125,0,0,28,1,29,9,43,73,29,154,0,8,8,162
11/22/2013,TLH,FL,ASO,ES,Combined TRACON& Tower with Radar,11,48,50,95,204,0,1,24,7,32,11,49,74,102,236,14,0,14,250
11/23/2013,TLH,FL,ASO,ES,Combined TRACON& Tower with Radar,11,25,44,37,117,0,3,19,3,25,11,28,63,40,142,0,6,6,148
11/24/2013,TLH,FL,ASO,ES,Combined TRACON& Tower with Radar,11,34,20,39,104,0,2,31,4,37,11,36,51,43,141,34,0,34,175
11/25/2013,TLH,FL,ASO,ES,Combined TRACON& Tower with Radar,9,45,38,48,140,0,0,18,12,30,9,45,56,60,170,36,12,48,218
11/26/2013,TLH,FL,ASO,ES,Combined TRACON& Tower with Radar,16,45,6,0,67,0,0,0,0,0,16,45,6,0,67,0,0,0,67
11/27/2013,TLH,FL,ASO,ES,Combined TRACON& Tower with Radar,10,42,42,4,98,0,2,16,0,18,10,44,58,4,116,0,0,0,116
11/28/2013,TLH,FL,ASO,ES,Combined TRACON& Tower with Radar,6,23,8,0,37,0,0,14,0,14,6,23,22,0,51,0,0,0,51
11/29/2013,TLH,FL,ASO,ES,Combined TRACON& Tower with Radar,8,29,21,0,58,0,1,48,1,50,8,30,69,1,108,2,0,2,110
11/30/2013,TLH,FL,ASO,ES,Combined TRACON& Tower with Radar,8,32,21,0,61,0,2,27,1,30,8,34,48,1,91,0,0,0,91
12/01/2013,TLH,FL,ASO,ES,Combined TRACON& Tower with Radar,11,30,57,0,98,0,0,43,2,45,11,30,100,2,143,10,0,10,153
12/02/2013,TLH,FL,ASO,ES,Combined TRACON& Tower with Radar,9,44,31,40,124,0,0,25,0,25,9,44,56,40,149,16,4,20,169
12/03/2013,TLH,FL,ASO,ES,Combined TRACON& Tower with Radar,11,43,28,56,138,0,0,22,1,23,11,43,50,57,161,6,14,20,181
12/04/2013,TLH,FL,ASO,ES,Combined TRACON& Tower with Radar,12,38,33,22,105,0,0,11,0,11,12,38,44,22,116,16,24,40,156
12/05/2013,TLH,FL,ASO,ES,Combined TRACON& Tower with Radar,13,44,47,68,172,0,0,28,15,43,13,44,75,83,215,6,14,20,235
12/06/2013,TLH,FL,ASO,ES,Combined TRACON& Tower with Radar,11,36,18,128,193,0,0,16,7,23,11,36,34,135,216,46,26,72,288
12/07/2013,TLH,FL,ASO,ES,Combined TRACON& Tower with Radar,27,19,21,39,106,0,0,4,0,4,27,19,25,39,110,2,4,6,116
12/08/2013,TLH,FL,ASO,ES,Combined TRACON& Tower with Radar,7,30,32,65,134,0,0,9,2,11,7,30,41,67,145,8,0,8,153
12/09/2013,TLH,FL,ASO,ES,Combined TRACON& Tower with Radar,9,41,31,50,131,0,0,5,5,10,9,41,36,55,141,32,20,52,193
12/10/2013,TLH,FL,ASO,ES,Combined TRACON& Tower with Radar,13,49,44,18,124,0,1,22,8,31,13,50,66,26,155,6,8,14,169
12/11/2013,TLH,FL,ASO,ES,Combined TRACON& Tower with Radar,12,40,52,45,149,0,7,33,9,49,12,47,85,54,198,49,42,91,289
12/12/2013,TLH,FL,ASO,ES,Combined TRACON& Tower with Radar,10,45,40,48,143,0,2,37,15,54,10,47,77,63,197,13,55,68,265
12/13/2013,TLH,FL,ASO,ES,Combined TRACON& Tower with Radar,12,43,48,44,147,0,0,44,9,53,12,43,92,53,200,0,0,0,200
12/14/2013,TLH,FL,ASO,ES,Combined TRACON& Tower with Radar,14,18,21,0,53,0,0,8,0,8,14,18,29,0,61,0,0,0,61
12/15/2013,TLH,FL,ASO,ES,Combined TRACON& Tower with Radar,10,34,38,29,111,0,0,4,3,7,10,34,42,32,118,0,0,0,118
12/16/2013,TLH,FL,ASO,ES,Combined TRACON& Tower with Radar,10,41,44,15,110,0,1,28,8,37,10,42,72,23,147,18,16,34,181
12/17/2013,TLH,FL,ASO,ES,Combined TRACON& Tower with Radar,12,42,33,30,117,0,0,42,2,44,12,42,75,32,161,32,14,46,207
12/18/2013,TLH,FL,ASO,ES,Combined TRACON& Tower with Radar,9,47,46,27,129,0,0,40,4,44,9,47,86,31,173,6,4,10,183
12/19/2013,TLH,FL,ASO,ES,Combined TRACON& Tower with Radar,7,51,37,24,119,0,0,37,8,45,7,51,74,32,164,2,0,2,166
12/20/2013,TLH,FL,ASO,ES,Combined TRACON& Tower with Radar,9,47,43,25,124,0,0,45,0,45,9,47,88,25,169,28,0,28,197
12/21/2013,TLH,FL,ASO,ES,Combined TRACON& Tower with Radar,10,24,20,6,60,0,0,8,0,8,10,24,28,6,68,14,0,14,82
12/22/2013,TLH,FL,ASO,ES,Combined TRACON& Tower with Radar,7,31,18,0,56,0,0,1,0,1,7,31,19,0,57,0,0,0,57
12/23/2013,TLH,FL,ASO,ES,Combined TRACON& Tower with Radar,7,38,14,0,59,0,0,2,0,2,7,38,16,0,61,0,0,0,61
12/24/2013,TLH,FL,ASO,ES,Combined TRACON& Tower with Radar,10,32,12,0,54,0,0,18,0,18,10,32,30,0,72,0,0,0,72
12/25/2013,TLH,FL,ASO,ES,Combined TRACON& Tower with Radar,3,26,6,0,35,0,0,9,0,9,3,26,15,0,44,8,0,8,52
12/26/2013,TLH,FL,ASO,ES,Combined TRACON& Tower with Radar,3,47,26,2,78,0,0,11,0,11,3,47,37,2,89,0,6,6,95
12/27/2013,TLH,FL,ASO,ES,Combined TRACON& Tower with Radar,2,47,22,22,93,0,0,22,1,23,2,47,44,23,116,0,0,0,116
12/28/2013,TLH,FL,ASO,ES,Combined TRACON& Tower with Radar,8,19,32,0,59,0,0,3,0,3,8,19,35,0,62,40,0,40,102
12/29/2013,TLH,FL,ASO,ES,Combined TRACON& Tower with Radar,7,34,18,0,59,0,0,28,0,28,7,34,46,0,87,4,0,4,91
12/30/2013,TLH,FL,ASO,ES,Combined TRACON& Tower with Radar,3,47,22,36,108,0,2,45,0,47,3,49,67,36,155,32,0,32,187
12/31/2013,TLH,FL,ASO,ES,Combined TRACON& Tower with Radar,6,37,16,6,65,0,1,25,0,26,6,38,41,6,91,18,0,18,109
01/01/2014,TLH,FL,ASO,ES,Combined TRACON& Tower with Radar,5,34,17,0,56,0,0,4,0,4,5,34,21,0,60,0,0,0,60
01/02/2014,TLH,FL,ASO,ES,Combined TRACON& Tower with Radar,3,48,26,12,89,0,0,1,0,1,3,48,27,12,90,0,0,0,90
01/03/2014,TLH,FL,ASO,ES,Combined TRACON& Tower with Radar,5,42,21,18,86,0,0,24,9,33,5,42,45,27,119,26,0,26,145
01/04/2014,TLH,FL,ASO,ES,Combined TRACON& Tower with Radar,18,27,26,7,78,0,0,37,1,38,18,27,63,8,116,10,15,25,141
01/05/2014,TLH,FL,ASO,ES,Combined TRACON& Tower with Radar,6,16,24,0,46,0,0,7,0,7,6,16,31,0,53,2,0,2,55
01/06/2014,TLH,FL,ASO,ES,Combined TRACON& Tower with Radar,6,48,11,8,73,0,0,9,2,11,6,48,20,10,84,72,0,72,156
01/07/2014,TLH,FL,ASO,ES,Combined TRACON& Tower with Radar,25,37,31,33,126,0,1,42,6,49,25,38,73,39,175,55,14,69,244
01/08/2014,TLH,FL,ASO,ES,Combined TRACON& Tower with Radar,10,38,35,23,106,0,0,46,3,49,10,38,81,26,155,36,0,36,191
01/09/2014,TLH,FL,ASO,ES,Combined TRACON& Tower with Radar,7,47,49,42,145,0,0,3,0,3,7,47,52,42,148,0,0,0,148
01/10/2014,TLH,FL,ASO,ES,Combined TRACON& Tower with Radar,7,47,20,12,86,0,0,0,0,0,7,47,20,12,86,0,0,0,86
01/11/2014,TLH,FL,ASO,ES,Combined TRACON& Tower with Radar,13,20,6,2,41,0,0,2,0,2,13,20,8,2,43,0,0,0,43
01/12/2014,TLH,FL,ASO,ES,Combined TRACON& Tower with Radar,9,33,27,46,115,0,1,59,0,60,9,34,86,46,175,42,8,50,225
01/13/2014,TLH,FL,ASO,ES,Combined TRACON& Tower with Radar,7,46,31,45,129,0,0,27,2,29,7,46,58,47,158,53,18,71,229
01/14/2014,TLH,FL,ASO,ES,Combined TRACON& Tower with Radar,6,47,35,50,138,0,0,60,6,66,6,47,95,56,204,12,54,66,270
01/15/2014,TLH,FL,ASO,ES,Combined TRACON& Tower with Radar,6,60,38,51,155,0,0,28,7,35,6,60,66,58,190,4,17,21,211
01/16/2014,TLH,FL,ASO,ES,Combined TRACON& Tower with Radar,9,49,60,34,152,0,1,51,5,57,9,50,111,39,209,8,7,15,224
01/17/2014,TLH,FL,ASO,ES,Combined TRACON& Tower with Radar,7,41,26,34,108,0,0,54,10,64,7,41,80,44,172,0,0,0,172
01/18/2014,TLH,FL,ASO,ES,Combined TRACON& Tower with Radar,8,27,23,2,60,0,0,53,1,54,8,27,76,3,114,16,0,16,130
01/19/2014,TLH,FL,ASO,ES,Combined TRACON& Tower with Radar,7,33,32,61,133,0,0,33,6,39,7,33,65,67,172,28,2,30,202
01/20/2014,TLH,FL,ASO,ES,Combined TRACON& Tower with Radar,7,41,26,34,108,0,0,54,10,64,7,41,80,44,172,22,0,22,194
01/21/2014,TLH,FL,ASO,ES,Combined TRACON& Tower with Radar,8,40,35,33,116,0,0,17,2,19,8,40,52,35,135,0,18,18,153
01/22/2014,TLH,FL,ASO,ES,Combined TRACON& Tower with Radar,7,47,45,45,144,0,1,21,8,30,7,48,66,53,174,24,2,26,200
01/23/2014,TLH,FL,ASO,ES,Combined TRACON& Tower with Radar,7,44,55,20,126,0,0,41,2,43,7,44,96,22,169,16,0,16,185
01/24/2014,TLH,FL,ASO,ES,Combined TRACON& Tower with Radar,7,44,34,82,167,0,0,41,22,63,7,44,75,104,230,2,14,16,246
01/25/2014,TLH,FL,ASO,ES,Combined TRACON& Tower with Radar,10,26,12,26,74,0,0,33,0,33,10,26,45,26,107,0,0,0,107
01/26/2014,TLH,FL,ASO,ES,Combined TRACON& Tower with Radar,9,26,29,31,95,0,1,27,13,41,9,27,56,44,136,12,0,12,148
01/27/2014,TLH,FL,ASO,ES,Combined TRACON& Tower with Radar,7,36,33,36,112,0,0,37,6,43,7,36,70,42,155,9,47,56,211
01/28/2014,TLH,FL,ASO,ES,Combined TRACON& Tower with Radar,4,39,28,6,77,0,1,1,0,2,4,40,29,6,79,0,0,0,79
01/29/2014,TLH,FL,ASO,ES,Combined TRACON& Tower with Radar,1,13,8,0,22,0,0,0,0,0,1,13,8,0,22,0,0,0,22
01/30/2014,TLH,FL,ASO,ES,Combined TRACON& Tower with Radar,5,43,42,13,103,0,1,14,0,15,5,44,56,13,118,20,0,20,138
01/31/2014,TLH,FL,ASO,ES,Combined TRACON& Tower with Radar,7,58,43,11,119,0,1,14,10,25,7,59,57,21,144,22,0,22,166
02/01/2014,TLH,FL,ASO,ES,Combined TRACON& Tower with Radar,10,26,50,0,86,0,0,12,0,12,10,26,62,0,98,52,0,52,150
02/02/2014,TLH,FL,ASO,ES,Combined TRACON& Tower with Radar,10,24,34,20,88,0,0,8,6,14,10,24,42,26,102,0,0,0,102
02/03/2014,TLH,FL,ASO,ES,Combined TRACON& Tower with Radar,10,47,50,12,119,0,0,2,0,2,10,47,52,12,121,32,0,32,153
02/04/2014,TLH,FL,ASO,ES,Combined TRACON& Tower with Radar,8,39,46,6,99,0,1,34,0,35,8,40,80,6,134,18,0,18,152
02/05/2014,TLH,FL,ASO,ES,Combined TRACON& Tower with Radar,7,42,36,34,119,0,2,12,5,19,7,44,48,39,138,34,18,52,190
02/06/2014,TLH,FL,ASO,ES,Combined TRACON& Tower with Radar,7,50,40,42,139,0,0,17,2,19,7,50,57,44,158,10,2,12,170
02/07/2014,TLH,FL,ASO,ES,Combined TRACON& Tower with Radar,7,41,43,42,133,0,0,36,13,49,7,41,79,55,182,42,24,66,248
02/08/2014,TLH,FL,ASO,ES,Combined TRACON& Tower with Radar,11,21,19,2,53,0,0,31,0,31,11,21,50,2,84,34,0,34,118
02/09/2014,TLH,FL,ASO,ES,Combined TRACON& Tower with Radar,9,32,41,18,100,0,0,48,24,72,9,32,89,42,172,14,0,14,186
02/10/2014,TLH,FL,ASO,ES,Combined TRACON& Tower with Radar,9,40,59,59,167,0,1,42,7,50,9,41,101,66,217,32,22,54,271
02/11/2014,TLH,FL,ASO,ES,Combined TRACON& Tower with Radar,7,38,31,18,94,0,0,9,0,9,7,38,40,18,103,11,52,63,166
02/12/2014,TLH,FL,ASO,ES,Combined TRACON& Tower with Radar,1,36,38,0,75,0,0,0,0,0,1,36,38,0,75,0,0,0,75
02/13/2014,TLH,FL,ASO,ES,Combined TRACON& Tower with Radar,3,32,54,60,149,0,0,21,8,29,3,32,75,68,178,2,22,24,202
02/14/2014,TLH,FL,ASO,ES,Combined TRACON& Tower with Radar,11,41,62,32,146,0,1,48,9,58,11,42,110,41,204,48,0,48,252
02/15/2014,TLH,FL,ASO,ES,Combined TRACON& Tower with Radar,9,23,28,2,62,0,0,50,0,50,9,23,78,2,112,39,4,43,155
02/16/2014,TLH,FL,ASO,ES,Combined TRACON& Tower with Radar,12,30,31,4,77,0,2,60,8,70,12,32,91,12,147,0,0,0,147
02/17/2014,TLH,FL,ASO,ES,Combined TRACON& Tower with Radar,13,38,51,2,104,0,2,61,0,63,13,40,112,2,167,40,0,40,207
02/18/2014,TLH,FL,ASO,ES,Combined TRACON& Tower with Radar,9,40,50,45,144,0,1,26,1,28,9,41,76,46,172,32,16,48,220
02/19/2014,TLH,FL,ASO,ES,Combined TRACON& Tower with Radar,11,48,44,49,152,0,0,33,22,55,11,48,77,71,207,16,74,90,297
02/20/2014,TLH,FL,ASO,ES,Combined TRACON& Tower with Radar,4,26,45,29,104,0,1,22,0,23,4,27,67,29,127,32,4,36,163
02/21/2014,TLH,FL,ASO,ES,Combined TRACON& Tower with Radar,8,29,51,14,102,0,0,26,9,35,8,29,77,23,137,20,0,20,157
02/22/2014,TLH,FL,ASO,ES,Combined TRACON& Tower with Radar,8,27,27,6,68,0,0,47,2,49,8,27,74,8,117,31,0,31,148
02/23/2014,TLH,FL,ASO,ES,Combined TRACON& Tower with Radar,14,28,18,0,60,0,0,0,0,0,14,28,18,0,60,0,0,0,60
02/24/2014,TLH,FL,ASO,ES,Combined TRACON& Tower with Radar,11,44,29,35,119,0,1,18,1,20,11,45,47,36,139,20,2,22,161
02/25/2014,TLH,FL,ASO,ES,Combined TRACON& Tower with Radar,12,35,48,50,145,0,0,37,10,47,12,35,85,60,192,17,4,21,213
02/26/2014,TLH,FL,ASO,ES,Combined TRACON& Tower with Radar,8,38,27,2,75,0,0,0,0,0,8,38,27,2,75,0,0,0,75
02/27/2014,TLH,FL,ASO,ES,Combined TRACON& Tower with Radar,11,38,36,32,117,0,0,35,2,37,11,38,71,34,154,40,22,62,216
02/28/2014,TLH,FL,ASO,ES,Combined TRACON& Tower with Radar,11,37,24,26,98,0,1,59,5,65,11,38,83,31,163,40,6,46,209
03/01/2014,TLH,FL,ASO,ES,Combined TRACON& Tower with Radar,10,26,34,2,72,0,0,52,10,62,10,26,86,12,134,0,23,23,157
03/02/2014,TLH,FL,ASO,ES,Combined TRACON& Tower with Radar,15,23,38,42,118,0,0,61,6,67,15,23,99,48,185,0,0,0,185
03/03/2014,TLH,FL,ASO,ES,Combined TRACON& Tower with Radar,10,37,45,22,114,0,0,6,9,15,10,37,51,31,129,0,79,79,208
03/04/2014,TLH,FL,ASO,ES,Combined TRACON& Tower with Radar,10,32,30,45,117,0,0,8,3,11,10,32,38,48,128,24,0,24,152
03/05/2014,TLH,FL,ASO,ES,Combined TRACON& Tower with Radar,13,41,43,28,125,0,0,4,1,5,13,41,47,29,130,10,0,10,140
03/06/2014,TLH,FL,ASO,ES,Combined TRACON& Tower with Radar,13,42,35,5,95,0,0,2,0,2,13,42,37,5,97,0,0,0,97
03/07/2014,TLH,FL,ASO,ES,Combined TRACON& Tower with Radar,15,38,56,48,157,0,0,11,5,16,15,38,67,53,173,0,0,0,173
03/08/2014,TLH,FL,ASO,ES,Combined TRACON& Tower with Radar,15,24,19,5,63,0,0,137,2,139,15,24,156,7,202,80,0,80,282
03/09/2014,TLH,FL,ASO,ES,Combined TRACON& Tower with Radar,17,30,44,20,111,0,1,44,4,49,17,31,88,24,160,0,0,0,160
03/10/2014,TLH,FL,ASO,ES,Combined TRACON& Tower with Radar,17,47,44,60,168,0,0,36,3,39,17,47,80,63,207,6,2,8,215
03/11/2014,TLH,FL,ASO,ES,Combined TRACON& Tower with Radar,15,42,56,17,130,0,0,39,0,39,15,42,95,17,169,6,0,6,175
03/12/2014,TLH,FL,ASO,ES,Combined TRACON& Tower with Radar,15,34,64,17,130,0,0,11,2,13,15,34,75,19,143,0,12,12,155
03/13/2014,TLH,FL,ASO,ES,Combined TRACON& Tower with Radar,15,51,45,28,139,0,0,41,2,43,15,51,86,30,182,8,10,18,200
03/14/2014,TLH,FL,ASO,ES,Combined TRACON& Tower with Radar,14,33,33,60,140,0,0,52,19,71,14,33,85,79,211,0,0,0,211
03/15/2014,TLH,FL,ASO,ES,Combined TRACON& Tower with Radar,11,23,20,14,68,0,1,43,2,46,11,24,63,16,114,14,2,16,130
03/16/2014,TLH,FL,ASO,ES,Combined TRACON& Tower with Radar,15,22,18,5,60,0,0,3,5,8,15,22,21,10,68,0,0,0,68
03/17/2014,TLH,FL,ASO,ES,Combined TRACON& Tower with Radar,14,39,38,21,112,0,0,0,3,3,14,39,38,24,115,4,0,4,119
03/18/2014,TLH,FL,ASO,ES,Combined TRACON& Tower with Radar,15,40,59,35,149,0,1,29,4,34,15,41,88,39,183,0,31,31,214
03/19/2014,TLH,FL,ASO,ES,Combined TRACON& Tower with Radar,13,39,47,33,132,0,0,34,12,46,13,39,81,45,178,40,26,66,244
03/20/2014,TLH,FL,ASO,ES,Combined TRACON& Tower with Radar,18,50,55,23,146,0,0,55,2,57,18,50,110,25,203,4,0,4,207
03/21/2014,TLH,FL,ASO,ES,Combined TRACON& Tower with Radar,16,34,46,70,166,0,1,63,8,72,16,35,109,78,238,18,36,54,292
03/22/2014,TLH,FL,ASO,ES,Combined TRACON& Tower with Radar,11,26,20,32,89,0,0,39,6,45,11,26,59,38,134,0,0,0,134
03/23/2014,TLH,FL,ASO,ES,Combined TRACON& Tower with Radar,13,29,28,3,73,0,0,10,6,16,13,29,38,9,89,14,0,14,103
03/24/2014,TLH,FL,ASO,ES,Combined TRACON& Tower with Radar,16,36,43,19,114,0,0,27,3,30,16,36,70,22,144,2,0,2,146
03/25/2014,TLH,FL,ASO,ES,Combined TRACON& Tower with Radar,15,38,35,15,103,0,0,10,3,13,15,38,45,18,116,0,0,0,116
03/26/2014,TLH,FL,ASO,ES,Combined TRACON& Tower with Radar,18,33,44,32,127,0,1,54,7,62,18,34,98,39,189,28,34,62,251
03/27/2014,TLH,FL,ASO,ES,Combined TRACON& Tower with Radar,15,46,42,32,135,0,0,25,7,32,15,46,67,39,167,10,8,18,185
03/28/2014,TLH,FL,ASO,ES,Combined TRACON& Tower with Radar,18,34,24,4,80,0,0,4,0,4,18,34,28,4,84,2,0,2,86
03/29/2014,TLH,FL,ASO,ES,Combined TRACON& Tower with Radar,8,27,22,2,59,0,0,14,2,16,8,27,36,4,75,24,6,30,105
03/30/2014,TLH,FL,ASO,ES,Combined TRACON& Tower with Radar,15,24,17,14,70,0,0,35,2,37,15,24,52,16,107,0,0,0,107
03/31/2014,TLH,FL,ASO,ES,Combined TRACON& Tower with Radar,14,40,29,15,98,0,0,66,8,74,14,40,95,23,172,38,38,76,248
04/01/2014,TLH,FL,ASO,ES,Combined TRACON& Tower with Radar,13,45,47,15,120,0,0,45,8,53,13,45,92,23,173,29,0,29,202
04/02/2014,TLH,FL,ASO,ES,Combined TRACON& Tower with Radar,19,38,46,32,135,0,0,34,16,50,19,38,80,48,185,4,18,22,207
04/03/2014,TLH,FL,ASO,ES,Combined TRACON& Tower with Radar,17,38,40,39,134,0,0,43,4,47,17,38,83,43,181,28,0,28,209
04/04/2014,TLH,FL,ASO,ES,Combined TRACON& Tower with Radar,21,43,48,33,145,0,1,19,5,25,21,44,67,38,170,18,0,18,188
04/05/2014,TLH,FL,ASO,ES,Combined TRACON& Tower with Radar,11,22,14,10,57,0,0,5,3,8,11,22,19,13,65,14,0,14,79
04/06/2014,TLH,FL,ASO,ES,Combined TRACON& Tower with Radar,14,23,34,18,89,0,0,18,3,21,14,23,52,21,110,2,0,2,112
04/07/2014,TLH,FL,ASO,ES,Combined TRACON& Tower with Radar,12,39,31,3,85,0,1,3,2,6,12,40,34,5,91,0,0,0,91
04/08/2014,TLH,FL,ASO,ES,Combined TRACON& Tower with Radar,12,43,62,54,171,0,0,27,1,28,12,43,89,55,199,20,26,46,245
04/09/2014,TLH,FL,ASO,ES,Combined TRACON& Tower with Radar,10,35,47,14,106,0,0,12,13,25,10,35,59,27,131,23,30,53,184
04/10/2014,TLH,FL,ASO,ES,Combined TRACON& Tower with Radar,10,41,43,11,105,0,0,71,11,82,10,41,114,22,187,12,58,70,257
04/11/2014,TLH,FL,ASO,ES,Combined TRACON& Tower with Radar,10,40,53,50,153,0,0,58,13,71,10,40,111,63,224,34,20,54,278
04/12/2014,TLH,FL,ASO,ES,Combined TRACON& Tower with Radar,11,24,33,15,83,0,1,46,2,49,11,25,79,17,132,0,0,0,132
04/13/2014,TLH,FL,ASO,ES,Combined TRACON& Tower with Radar,10,41,43,11,105,0,0,71,11,82,10,41,114,22,187,0,0,0,187
04/14/2014,TLH,FL,ASO,ES,Combined TRACON& Tower with Radar,10,42,31,49,132,0,0,24,4,28,10,42,55,53,160,24,8,32,192
04/15/2014,TLH,FL,ASO,ES,Combined TRACON& Tower with Radar,8,34,6,6,54,0,0,2,0,2,8,34,8,6,56,0,0,0,56
04/16/2014,TLH,FL,ASO,ES,Combined TRACON& Tower with Radar,13,38,36,59,146,0,1,62,7,70,13,39,98,66,216,16,48,64,280
04/17/2014,TLH,FL,ASO,ES,Combined TRACON& Tower with Radar,13,46,53,22,134,0,0,24,2,26,13,46,77,24,160,4,0,4,164
04/18/2014,TLH,FL,ASO,ES,Combined TRACON& Tower with Radar,12,36,12,0,60,0,0,0,0,0,12,36,12,0,60,0,0,0,60
04/19/2014,TLH,FL,ASO,ES,Combined TRACON& Tower with Radar,11,20,20,16,67,0,0,3,0,3,11,20,23,16,70,0,0,0,70
04/20/2014,TLH,FL,ASO,ES,Combined TRACON& Tower with Radar,14,24,34,0,72,0,0,14,0,14,14,24,48,0,86,16,0,16,102
04/21/2014,TLH,FL,ASO,ES,Combined TRACON& Tower with Radar,13,41,54,54,162,0,0,59,5,64,13,41,113,59,226,26,8,34,260
04/22/2014,TLH,FL,ASO,ES,Combined TRACON& Tower with Radar,13,43,47,62,165,0,2,65,4,71,13,45,112,66,236,18,28,46,282
04/23/2014,TLH,FL,ASO,ES,Combined TRACON& Tower with Radar,12,45,54,5,116,0,0,26,4,30,12,45,80,9,146,30,0,30,176
04/24/2014,TLH,FL,ASO,ES,Combined TRACON& Tower with Radar,13,43,39,21,116,0,2,28,0,30,13,45,67,21,146,6,0,6,152
04/25/2014,TLH,FL,ASO,ES,Combined TRACON& Tower with Radar,13,47,44,65,169,0,1,39,6,46,13,48,83,71,215,12,14,26,241
04/26/2014,TLH,FL,ASO,ES,Combined TRACON& Tower with Radar,14,22,22,9,67,0,2,29,0,31,14,24,51,9,98,38,0,38,136
04/27/2014,TLH,FL,ASO,ES,Combined TRACON& Tower with Radar,14,21,40,36,111,0,0,43,7,50,14,21,83,43,161,35,0,35,196
04/28/2014,TLH,FL,ASO,ES,Combined TRACON& Tower with Radar,9,54,51,38,152,0,2,40,3,45,9,56,91,41,197,29,14,43,240
04/29/2014,TLH,FL,ASO,ES,Combined TRACON& Tower with Radar,10,31,14,0,55,0,1,2,1,4,10,32,16,1,59,0,0,0,59
04/30/2014,TLH,FL,ASO,ES,Combined TRACON& Tower with Radar,6,8,7,0,21,0,0,0,0,0,6,8,7,0,21,0,10,10,31
05/01/2014,TLH,FL,ASO,ES,Combined TRACON& Tower with Radar,7,36,35,11,89,0,0,11,0,11,7,36,46,11,100,4,12,16,116
05/02/2014,TLH,FL,ASO,ES,Combined TRACON& Tower with Radar,15,33,31,26,105,0,0,10,9,19,15,33,41,35,124,20,12,32,156
05/03/2014,TLH,FL,ASO,ES,Combined TRACON& Tower with Radar,13,13,19,20,65,0,0,51,1,52,13,13,70,21,117,46,16,62,179
05/04/2014,TLH,FL,ASO,ES,Combined TRACON& Tower with Radar,16,20,34,43,113,0,0,54,40,94,16,20,88,83,207,22,0,22,229
05/05/2014,TLH,FL,ASO,ES,Combined TRACON& Tower with Radar,14,32,37,22,105,0,0,48,7,55,14,32,85,29,160,41,0,41,201
05/06/2014,TLH,FL,ASO,ES,Combined TRACON& Tower with Radar,15,33,31,36,115,0,1,45,5,51,15,34,76,41,166,2,0,2,168
05/07/2014,TLH,FL,ASO,ES,Combined TRACON& Tower with Radar,13,29,37,36,115,0,2,41,4,47,13,31,78,40,162,34,24,58,220
05/08/2014,TLH,FL,ASO,ES,Combined TRACON& Tower with Radar,16,35,50,34,135,0,0,31,6,37,16,35,81,40,172,12,32,44,216
05/09/2014,TLH,FL,ASO,ES,Combined TRACON& Tower with Radar,14,30,41,55,140,0,0,35,23,58,14,30,76,78,198,6,12,18,216
05/10/2014,TLH,FL,ASO,ES,Combined TRACON& Tower with Radar,14,14,18,4,50,0,0,18,0,18,14,14,36,4,68,25,0,25,93
05/11/2014,TLH,FL,ASO,ES,Combined TRACON& Tower with Radar,21,25,33,35,114,0,0,19,18,37,21,25,52,53,151,10,0,10,161
05/12/2014,TLH,FL,ASO,ES,Combined TRACON& Tower with Radar,14,29,33,17,93,0,0,40,6,46,14,29,73,23,139,0,4,4,143
05/13/2014,TLH,FL,ASO,ES,Combined TRACON& Tower with Radar,17,31,27,41,116,0,1,31,4,36,17,32,58,45,152,10,2,12,164
05/14/2014,TLH,FL,ASO,ES,Combined TRACON& Tower with Radar,17,29,28,8,82,0,0,12,0,12,17,29,40,8,94,6,0,6,100
05/15/2014,TLH,FL,ASO,ES,Combined TRACON& Tower with Radar,15,30,32,8,85,0,0,16,1,17,15,30,48,9,102,22,2,24,126
05/16/2014,TLH,FL,ASO,ES,Combined TRACON& Tower with Radar,16,37,34,50,137,0,0,43,6,49,16,37,77,56,186,2,0,2,188
05/17/2014,TLH,FL,ASO,ES,Combined TRACON& Tower with Radar,13,12,19,13,57,0,1,44,5,50,13,13,63,18,107,18,0,18,125
05/18/2014,TLH,FL,ASO,ES,Combined TRACON& Tower with Radar,18,20,28,56,122,0,0,39,4,43,18,20,67,60,165,8,4,12,177
05/19/2014,TLH,FL,ASO,ES,Combined TRACON& Tower with Radar,15,34,29,28,106,0,1,43,7,51,15,35,72,35,157,8,0,8,165
05/20/2014,TLH,FL,ASO,ES,Combined TRACON& Tower with Radar,14,34,33,35,116,0,2,46,5,53,14,36,79,40,169,14,6,20,189
05/21/2014,TLH,FL,ASO,ES,Combined TRACON& Tower with Radar,14,30,29,17,90,0,0,45,3,48,14,30,74,20,138,14,6,20,158
05/22/2014,TLH,FL,ASO,ES,Combined TRACON& Tower with Radar,14,29,33,16,92,0,3,53,4,60,14,32,86,20,152,2,2,4,156
05/23/2014,TLH,FL,ASO,ES,Combined TRACON& Tower with Radar,14,32,21,1,68,0,1,54,0,55,14,33,75,1,123,10,0,10,133
05/24/2014,TLH,FL,ASO,ES,Combined TRACON& Tower with Radar,13,13,18,0,44,0,0,42,0,42,13,13,60,0,86,6,0,6,92
05/25/2014,TLH,FL,ASO,ES,Combined TRACON& Tower with Radar,9,19,2,0,30,0,0,28,1,29,9,19,30,1,59,2,0,2,61
05/26/2014,TLH,FL,ASO,ES,Combined TRACON& Tower with Radar,12,35,21,0,68,0,0,33,1,34,12,35,54,1,102,18,0,18,120
05/27/2014,TLH,FL,ASO,ES,Combined TRACON& Tower with Radar,15,34,33,32,114,0,0,23,2,25,15,34,56,34,139,20,10,30,169
05/28/2014,TLH,FL,ASO,ES,Combined TRACON& Tower with Radar,16,31,34,23,104,0,1,50,4,55,16,32,84,27,159,42,0,42,201
05/29/2014,TLH,FL,ASO,ES,Combined TRACON& Tower with Radar,16,35,38,9,98,0,0,38,2,40,16,35,76,11,138,18,4,22,160
05/30/2014,TLH,FL,ASO,ES,Combined TRACON& Tower with Radar,15,32,50,37,134,0,0,13,5,18,15,32,63,42,152,12,6,18,170
05/31/2014,TLH,FL,ASO,ES,Combined TRACON& Tower with Radar,15,15,24,29,83,0,1,35,1,37,15,16,59,30,120,18,0,18,138
06/01/2014,TLH,FL,ASO,ES,Combined TRACON& Tower with Radar,16,21,23,7,67,0,0,8,3,11,16,21,31,10,78,4,0,4,82
06/02/2014,TLH,FL,ASO,ES,Combined TRACON& Tower with Radar,13,33,37,10,93,0,0,29,0,29,13,33,66,10,122,34,4,38,160
06/03/2014,TLH,FL,ASO,ES,Combined TRACON& Tower with Radar,14,32,29,43,118,0,1,25,9,35,14,33,54,52,153,34,10,44,197
06/04/2014,TLH,FL,ASO,ES,Combined TRACON& Tower with Radar,14,36,40,41,131,0,1,19,11,31,14,37,59,52,162,26,4,30,192
06/05/2014,TLH,FL,ASO,ES,Combined TRACON& Tower with Radar,12,30,25,26,93,0,0,28,2,30,12,30,53,28,123,26,24,50,173
06/06/2014,TLH,FL,ASO,ES,Combined TRACON& Tower with Radar,17,27,23,19,86,0,1,32,5,38,17,28,55,24,124,4,6,10,134
06/07/2014,TLH,FL,ASO,ES,Combined TRACON& Tower with Radar,15,14,10,8,47,0,0,25,1,26,15,14,35,9,73,2,0,2,75
06/08/2014,TLH,FL,ASO,ES,Combined TRACON& Tower with Radar,8,13,19,16,56,0,0,12,0,12,8,13,31,16,68,0,4,4,72
06/09/2014,TLH,FL,ASO,ES,Combined TRACON& Tower with Radar,7,15,10,11,43,0,0,0,0,0,7,15,10,11,43,29,50,79,122
06/10/2014,TLH,FL,ASO,ES,Combined TRACON& Tower with Radar,7,20,10,12,49,0,0,11,0,11,7,20,21,12,60,17,27,44,104
06/11/2014,TLH,FL,ASO,ES,Combined TRACON& Tower with Radar,7,20,24,3,54,0,0,2,0,2,7,20,26,3,56,39,1,40,96
06/12/2014,TLH,FL,ASO,ES,Combined TRACON& Tower with Radar,11,25,19,10,65,0,0,23,3,26,11,25,42,13,91,3,0,3,94
06/13/2014,TLH,FL,ASO,ES,Combined TRACON& Tower with Radar,14,25,24,12,75,0,0,28,10,38,14,25,52,22,113,10,18,28,141
06/14/2014,TLH,FL,ASO,ES,Combined TRACON& Tower with Radar,13,16,24,2,55,0,0,18,0,18,13,16,42,2,73,6,6,12,85
06/15/2014,TLH,FL,ASO,ES,Combined TRACON& Tower with Radar,12,26,18,6,62,0,0,33,5,38,12,26,51,11,100,0,6,6,106
06/16/2014,TLH,FL,ASO,ES,Combined TRACON& Tower with Radar,13,33,24,18,88,0,0,35,4,39,13,33,59,22,127,0,10,10,137
06/17/2014,TLH,FL,ASO,ES,Combined TRACON& Tower with Radar,13,36,28,18,95,0,0,36,4,40,13,36,64,22,135,22,4,26,161
06/18/2014,TLH,FL,ASO,ES,Combined TRACON& Tower with Radar,13,30,19,22,84,0,2,49,4,55,13,32,68,26,139,40,4,44,183
06/19/2014,TLH,FL,ASO,ES,Combined TRACON& Tower with Radar,14,28,26,14,82,0,0,37,4,41,14,28,63,18,123,28,0,28,151
06/20/2014,TLH,FL,ASO,ES,Combined TRACON& Tower with Radar,13,28,25,24,90,0,0,46,16,62,13,28,71,40,152,28,4,32,184
06/21/2014,TLH,FL,ASO,ES,Combined TRACON& Tower with Radar,11,19,14,14,58,0,0,21,0,21,11,19,35,14,79,10,8,18,97
06/22/2014,TLH,FL,ASO,ES,Combined TRACON& Tower with Radar,13,20,20,13,66,0,0,14,7,21,13,20,34,20,87,0,0,0,87
06/23/2014,TLH,FL,ASO,ES,Combined TRACON& Tower with Radar,12,25,26,46,109,0,0,8,4,12,12,25,34,50,121,65,0,65,186
06/24/2014,TLH,FL,ASO,ES,Combined TRACON& Tower with Radar,15,30,28,13,86,0,0,28,8,36,15,30,56,21,122,0,0,0,122
06/25/2014,TLH,FL,ASO,ES,Combined TRACON& Tower with Radar,13,29,34,18,94,0,0,29,6,35,13,29,63,24,129,4,6,10,139
06/26/2014,TLH,FL,ASO,ES,Combined TRACON& Tower with Radar,15,29,33,50,127,0,0,36,19,55,15,29,69,69,182,35,4,39,221
06/27/2014,TLH,FL,ASO,ES,Combined TRACON& Tower with Radar,13,28,26,96,163,0,0,39,17,56,13,28,65,113,219,10,0,10,229
06/28/2014,TLH,FL,ASO,ES,Combined TRACON& Tower with Radar,10,19,15,44,88,0,0,18,5,23,10,19,33,49,111,6,34,40,151
06/29/2014,TLH,FL,ASO,ES,Combined TRACON& Tower with Radar,11,25,16,30,82,0,0,14,10,24,11,25,30,40,106,0,14,14,120
06/30/2014,TLH,FL,ASO,ES,Combined TRACON& Tower with Radar,10,29,27,18,84,0,3,20,4,27,10,32,47,22,111,4,0,4,115
07/01/2014,TLH,FL,ASO,ES,Combined TRACON& Tower with Radar,11,30,25,19,85,0,0,25,4,29,11,30,50,23,114,8,4,12,126
07/02/2014,TLH,FL,ASO,ES,Combined TRACON& Tower with Radar,13,34,17,20,84,0,0,25,6,31,13,34,42,26,115,48,0,48,163
07/03/2014,TLH,FL,ASO,ES,Combined TRACON& Tower with Radar,12,27,19,8,66,0,0,28,0,28,12,27,47,8,94,4,0,4,98
07/04/2014,TLH,FL,ASO,ES,Combined TRACON& Tower with Radar,8,15,7,0,30,0,0,19,1,20,8,15,26,1,50,0,0,0,50
07/05/2014,TLH,FL,ASO,ES,Combined TRACON& Tower with Radar,9,14,14,4,41,0,1,27,1,29,9,15,41,5,70,0,0,0,70
07/06/2014,TLH,FL,ASO,ES,Combined TRACON& Tower with Radar,10,21,25,0,56,0,0,34,0,34,10,21,59,0,90,8,0,8,98
07/07/2014,TLH,FL,ASO,ES,Combined TRACON& Tower with Radar,12,35,32,18,97,0,0,40,3,43,12,35,72,21,140,30,18,48,188
07/08/2014,TLH,FL,ASO,ES,Combined TRACON& Tower with Radar,9,36,16,23,84,0,1,23,5,29,9,37,39,28,113,10,10,20,133
07/09/2014,TLH,FL,ASO,ES,Combined TRACON& Tower with Radar,10,36,19,26,91,0,2,24,2,28,10,38,43,28,119,20,18,38,157
07/10/2014,TLH,FL,ASO,ES,Combined TRACON& Tower with Radar,12,33,27,13,85,0,0,16,2,18,12,33,43,15,103,0,0,0,103
07/11/2014,TLH,FL,ASO,ES,Combined TRACON& Tower with Radar,10,29,38,7,84,0,0,19,1,20,10,29,57,8,104,0,0,0,104
07/12/2014,TLH,FL,ASO,ES,Combined TRACON& Tower with Radar,13,16,23,10,62,0,0,25,0,25,13,16,48,10,87,6,0,6,93
07/13/2014,TLH,FL,ASO,ES,Combined TRACON& Tower with Radar,12,19,17,5,53,0,0,19,3,22,12,19,36,8,75,34,0,34,109
07/14/2014,TLH,FL,ASO,ES,Combined TRACON& Tower with Radar,10,29,15,10,64,0,1,30,6,37,10,30,45,16,101,31,0,31,132
07/15/2014,TLH,FL,ASO,ES,Combined TRACON& Tower with Radar,12,32,23,12,79,0,0,25,0,25,12,32,48,12,104,19,4,23,127
07/16/2014,TLH,FL,ASO,ES,Combined TRACON& Tower with Radar,10,32,32,10,84,0,0,26,6,32,10,32,58,16,116,21,4,25,141
07/17/2014,TLH,FL,ASO,ES,Combined TRACON& Tower with Radar,8,32,44,34,118,0,0,32,11,43,8,32,76,45,161,40,12,52,213
07/18/2014,TLH,FL,ASO,ES,Combined TRACON& Tower with Radar,11,30,35,32,108,0,0,38,20,58,11,30,73,52,166,22,30,52,218
07/19/2014,TLH,FL,ASO,ES,Combined TRACON& Tower with Radar,13,16,20,0,49,0,0,9,1,10,13,16,29,1,59,0,0,0,59
07/20/2014,TLH,FL,ASO,ES,Combined TRACON& Tower with Radar,12,18,14,6,50,0,0,10,8,18,12,18,24,14,68,0,0,0,68
07/21/2014,TLH,FL,ASO,ES,Combined TRACON& Tower with Radar,10,26,22,8,66,0,0,10,1,11,10,26,32,9,77,0,0,0,77
07/22/2014,TLH,FL,ASO,ES,Combined TRACON& Tower with Radar,8,34,20,6,68,0,1,30,2,33,8,35,50,8,101,45,0,45,146
07/23/2014,TLH,FL,ASO,ES,Combined TRACON& Tower with Radar,10,41,31,19,101,0,0,27,3,30,10,41,58,22,131,22,4,26,157
07/24/2014,TLH,FL,ASO,ES,Combined TRACON& Tower with Radar,7,37,29,18,91,0,2,24,1,27,7,39,53,19,118,20,0,20,138
07/25/2014,TLH,FL,ASO,ES,Combined TRACON& Tower with Radar,10,26,36,23,95,0,0,30,20,50,10,26,66,43,145,40,4,44,189
07/26/2014,TLH,FL,ASO,ES,Combined TRACON& Tower with Radar,13,15,25,7,60,0,0,32,1,33,13,15,57,8,93,10,0,10,103
07/27/2014,TLH,FL,ASO,ES,Combined TRACON& Tower with Radar,20,23,23,40,106,0,0,26,17,43,20,23,49,57,149,16,0,16,165
07/28/2014,TLH,FL,ASO,ES,Combined TRACON& Tower with Radar,10,28,14,24,76,0,0,8,0,8,10,28,22,24,84,4,8,12,96
07/29/2014,TLH,FL,ASO,ES,Combined TRACON& Tower with Radar,13,32,22,16,83,0,1,6,4,11,13,33,28,20,94,50,0,50,144
07/30/2014,TLH,FL,ASO,ES,Combined TRACON& Tower with Radar,9,33,37,24,103,0,0,31,9,40,9,33,68,33,143,20,0,20,163
07/31/2014,TLH,FL,ASO,ES,Combined TRACON& Tower with Radar,8,32,31,23,94,0,1,33,2,36,8,33,64,25,130,0,0,0,130
08/01/2014,TLH,FL,ASO,ES,Combined TRACON& Tower with Radar,10,31,27,28,96,0,1,33,10,44,10,32,60,38,140,6,4,10,150
08/02/2014,TLH,FL,ASO,ES,Combined TRACON& Tower with Radar,13,12,16,12,53,0,0,39,2,41,13,12,55,14,94,8,0,8,102
08/03/2014,TLH,FL,ASO,ES,Combined TRACON& Tower with Radar,9,26,12,6,53,0,0,7,8,15,9,26,19,14,68,0,0,0,68
08/04/2014,TLH,FL,ASO,ES,Combined TRACON& Tower with Radar,10,27,22,36,95,0,0,20,2,22,10,27,42,38,117,22,32,54,171
08/05/2014,TLH,FL,ASO,ES,Combined TRACON& Tower with Radar,10,30,35,18,93,0,0,23,2,25,10,30,58,20,118,0,24,24,142
08/06/2014,TLH,FL,ASO,ES,Combined TRACON& Tower with Radar,8,38,27,9,82,0,0,33,4,37,8,38,60,13,119,5,12,17,136
08/07/2014,TLH,FL,ASO,ES,Combined TRACON& Tower with Radar,12,30,25,13,80,0,0,32,9,41,12,30,57,22,121,38,20,58,179
08/08/2014,TLH,FL,ASO,ES,Combined TRACON& Tower with Radar,11,31,29,39,110,0,0,30,15,45,11,31,59,54,155,0,0,0,155
08/09/2014,TLH,FL,ASO,ES,Combined TRACON& Tower with Radar,14,14,20,6,54,0,0,20,3,23,14,14,40,9,77,14,20,34,111
08/10/2014,TLH,FL,ASO,ES,Combined TRACON& Tower with Radar,10,22,20,5,57,0,1,9,6,16,10,23,29,11,73,0,0,0,73
08/11/2014,TLH,FL,ASO,ES,Combined TRACON& Tower with Radar,9,34,32,4,79,0,0,18,0,18,9,34,50,4,97,28,0,28,125
08/12/2014,TLH,FL,ASO,ES,Combined TRACON& Tower with Radar,12,32,29,19,92,0,2,18,3,23,12,34,47,22,115,32,0,32,147
08/13/2014,TLH,FL,ASO,ES,Combined TRACON& Tower with Radar,12,31,28,11,82,0,0,15,0,15,12,31,43,11,97,8,0,8,105
08/14/2014,TLH,FL,ASO,ES,Combined TRACON& Tower with Radar,10,31,22,31,94,0,0,32,2,34,10,31,54,33,128,0,2,2,130
08/15/2014,TLH,FL,ASO,ES,Combined TRACON& Tower with Radar,10,26,22,21,79,0,0,28,19,47,10,26,50,40,126,14,0,14,140
08/16/2014,TLH,FL,ASO,ES,Combined TRACON& Tower with Radar,13,15,21,11,60,0,0,32,4,36,13,15,53,15,96,6,0,6,102
08/17/2014,TLH,FL,ASO,ES,Combined TRACON& Tower with Radar,12,18,23,0,53,0,1,17,7,25,12,19,40,7,78,0,0,0,78
08/18/2014,TLH,FL,ASO,ES,Combined TRACON& Tower with Radar,10,33,36,15,94,0,2,29,4,35,10,35,65,19,129,22,8,30,159
08/19/2014,TLH,FL,ASO,ES,Combined TRACON& Tower with Radar,14,35,17,16,82,0,0,40,7,47,14,35,57,23,129,0,24,24,153
08/20/2014,TLH,FL,ASO,ES,Combined TRACON& Tower with Radar,14,31,16,3,64,0,0,47,2,49,14,31,63,5,113,38,0,38,151
08/21/2014,TLH,FL,ASO,ES,Combined TRACON& Tower with Radar,13,33,28,23,97,0,3,35,13,51,13,36,63,36,148,22,0,22,170
08/22/2014,TLH,FL,ASO,ES,Combined TRACON& Tower with Radar,11,28,31,33,103,0,0,49,3,52,11,28,80,36,155,12,3,15,170
08/23/2014,TLH,FL,ASO,ES,Combined TRACON& Tower with Radar,10,18,19,17,64,0,0,22,5,27,10,18,41,22,91,0,6,6,97
08/24/2014,TLH,FL,ASO,ES,Combined TRACON& Tower with Radar,12,20,24,7,63,0,0,12,0,12,12,20,36,7,75,0,0,0,75
08/25/2014,TLH,FL,ASO,ES,Combined TRACON& Tower with Radar,9,30,24,36,99,0,0,22,4,26,9,30,46,40,125,28,0,28,153
08/26/2014,TLH,FL,ASO,ES,Combined TRACON& Tower with Radar,11,30,45,50,136,0,0,40,3,43,11,30,85,53,179,6,8,14,193
08/27/2014,TLH,FL,ASO,ES,Combined TRACON& Tower with Radar,11,32,38,43,124,0,0,47,7,54,11,32,85,50,178,6,11,17,195
08/28/2014,TLH,FL,ASO,ES,Combined TRACON& Tower with Radar,12,37,50,58,157,0,0,55,4,59,12,37,105,62,216,4,20,24,240
08/29/2014,TLH,FL,ASO,ES,Combined TRACON& Tower with Radar,17,32,25,8,82,0,0,26,1,27,17,32,51,9,109,4,4,8,117
08/30/2014,TLH,FL,ASO,ES,Combined TRACON& Tower with Radar,11,16,14,3,44,0,0,22,2,24,11,16,36,5,68,12,0,12,80
08/31/2014,TLH,FL,ASO,ES,Combined TRACON& Tower with Radar,14,16,13,0,43,0,0,13,0,13,14,16,26,0,56,10,0,10,66
09/01/2014,TLH,FL,ASO,ES,Combined TRACON& Tower with Radar,10,26,25,0,61,0,0,31,0,31,10,26,56,0,92,0,0,0,92
09/02/2014,TLH,FL,ASO,ES,Combined TRACON& Tower with Radar,12,27,17,35,91,0,0,25,2,27,12,27,42,37,118,14,0,14,132
09/03/2014,TLH,FL,ASO,ES,Combined TRACON& Tower with Radar,12,27,42,33,114,0,3,28,2,33,12,30,70,35,147,26,12,38,185
09/04/2014,TLH,FL,ASO,ES,Combined TRACON& Tower with Radar,12,33,22,7,74,0,0,24,0,24,12,33,46,7,98,36,0,36,134
09/05/2014,TLH,FL,ASO,ES,Combined TRACON& Tower with Radar,12,24,33,48,117,0,0,28,14,42,12,24,61,62,159,30,26,56,215
09/06/2014,TLH,FL,ASO,ES,Combined TRACON& Tower with Radar,11,18,17,6,52,0,0,25,0,25,11,18,42,6,77,18,0,18,95
09/07/2014,TLH,FL,ASO,ES,Combined TRACON& Tower with Radar,15,20,25,5,65,0,0,20,8,28,15,20,45,13,93,2,0,2,95
09/08/2014,TLH,FL,ASO,ES,Combined TRACON& Tower with Radar,13,26,23,4,66,0,0,19,5,24,13,26,42,9,90,53,0,53,143
09/09/2014,TLH,FL,ASO,ES,Combined TRACON& Tower with Radar,14,27,30,16,87,0,0,14,2,16,14,27,44,18,103,8,0,8,111
09/10/2014,TLH,FL,ASO,ES,Combined TRACON& Tower with Radar,14,32,43,17,106,0,0,31,11,42,14,32,74,28,148,2,18,20,168
09/11/2014,TLH,FL,ASO,ES,Combined TRACON& Tower with Radar,12,30,23,26,91,0,0,41,6,47,12,30,64,32,138,12,10,22,160
09/12/2014,TLH,FL,ASO,ES,Combined TRACON& Tower with Radar,11,34,32,56,133,0,0,23,14,37,11,34,55,70,170,30,0,30,200
09/13/2014,TLH,FL,ASO,ES,Combined TRACON& Tower with Radar,11,20,23,16,70,0,1,39,10,50,11,21,62,26,120,10,0,10,130
09/14/2014,TLH,FL,ASO,ES,Combined TRACON& Tower with Radar,15,22,18,33,88,0,2,23,8,33,15,24,41,41,121,10,8,18,139
09/15/2014,TLH,FL,ASO,ES,Combined TRACON& Tower with Radar,12,29,23,11,75,0,0,27,0,27,12,29,50,11,102,31,0,31,133
09/16/2014,TLH,FL,ASO,ES,Combined TRACON& Tower with Radar,13,30,18,6,67,0,0,11,0,11,13,30,29,6,78,4,0,4,82
09/17/2014,TLH,FL,ASO,ES,Combined TRACON& Tower with Radar,13,31,35,16,95,0,1,56,7,64,13,32,91,23,159,24,22,46,205
09/18/2014,TLH,FL,ASO,ES,Combined TRACON& Tower with Radar,12,34,35,35,116,0,0,49,3,52,12,34,84,38,168,2,0,2,170
09/19/2014,TLH,FL,ASO,ES,Combined TRACON& Tower with Radar,14,40,38,9,101,0,0,26,15,41,14,40,64,24,142,22,0,22,164
09/20/2014,TLH,FL,ASO,ES,Combined TRACON& Tower with Radar,13,27,52,10,102,0,0,16,0,16,13,27,68,10,118,0,0,0,118
09/21/2014,TLH,FL,ASO,ES,Combined TRACON& Tower with Radar,12,33,56,21,122,0,0,58,16,74,12,33,114,37,196,6,0,6,202
09/22/2014,TLH,FL,ASO,ES,Combined TRACON& Tower with Radar,13,29,14,52,108,0,0,30,3,33,13,29,44,55,141,8,0,8,149
09/23/2014,TLH,FL,ASO,ES,Combined TRACON& Tower with Radar,13,26,28,34,101,0,0,25,0,25,13,26,53,34,126,13,18,31,157
09/24/2014,TLH,FL,ASO,ES,Combined TRACON& Tower with Radar,12,33,43,27,115,0,1,32,7,40,12,34,75,34,155,38,0,38,193
09/25/2014,TLH,FL,ASO,ES,Combined TRACON& Tower with Radar,17,32,28,9,86,0,0,11,0,11,17,32,39,9,97,0,0,0,97
09/26/2014,TLH,FL,ASO,ES,Combined TRACON& Tower with Radar,12,34,44,63,153,0,0,22,5,27,12,34,66,68,180,0,4,4,184
09/27/2014,TLH,FL,ASO,ES,Combined TRACON& Tower with Radar,12,19,15,7,53,0,0,6,2,8,12,19,21,9,61,0,0,0,61
09/28/2014,TLH,FL,ASO,ES,Combined TRACON& Tower with Radar,13,24,21,8,66,0,0,0,2,2,13,24,21,10,68,2,0,2,70
09/29/2014,TLH,FL,ASO,ES,Combined TRACON& Tower with Radar,14,27,12,23,76,0,0,2,0,2,14,27,14,23,78,8,0,8,86
09/30/2014,TLH,FL,ASO,ES,Combined TRACON& Tower with Radar,14,34,33,23,104,0,0,18,0,18,14,34,51,23,122,16,0,16,138
10/01/2014,TLH,FL,ASO,ES,Combined TRACON& Tower with Radar,14,32,41,12,99,0,0,38,4,42,14,32,79,16,141,28,0,28,169
10/02/2014,TLH,FL,ASO,ES,Combined TRACON& Tower with Radar,16,26,25,30,97,0,0,36,12,48,16,26,61,42,145,20,47,67,212
10/03/2014,TLH,FL,ASO,ES,Combined TRACON& Tower with Radar,18,26,33,11,88,0,0,13,0,13,18,26,46,11,101,18,6,24,125
10/04/2014,TLH,FL,ASO,ES,Combined TRACON& Tower with Radar,16,16,34,13,79,0,1,47,2,50,16,17,81,15,129,0,0,0,129
10/05/2014,TLH,FL,ASO,ES,Combined TRACON& Tower with Radar,14,24,32,19,89,0,0,72,9,81,14,24,104,28,170,8,0,8,178
10/06/2014,TLH,FL,ASO,ES,Combined TRACON& Tower with Radar,15,26,24,48,113,0,2,58,7,67,15,28,82,55,180,2,18,20,200
10/07/2014,TLH,FL,ASO,ES,Combined TRACON& Tower with Radar,18,27,24,38,107,0,0,49,6,55,18,27,73,44,162,42,18,60,222
10/08/2014,TLH,FL,ASO,ES,Combined TRACON& Tower with Radar,17,27,44,35,123,0,0,32,4,36,17,27,76,39,159,9,0,9,168
10/09/2014,TLH,FL,ASO,ES,Combined TRACON& Tower with Radar,18,24,39,21,102,0,0,44,0,44,18,24,83,21,146,6,0,6,152
10/10/2014,TLH,FL,ASO,ES,Combined TRACON& Tower with Radar,14,31,29,36,110,0,0,51,3,54,14,31,80,39,164,0,10,10,174
10/11/2014,TLH,FL,ASO,ES,Combined TRACON& Tower with Radar,16,20,27,18,81,0,0,53,0,53,16,20,80,18,134,12,0,12,146
10/12/2014,TLH,FL,ASO,ES,Combined TRACON& Tower with Radar,14,17,19,13,63,0,0,50,3,53,14,17,69,16,116,42,0,42,158
10/13/2014,TLH,FL,ASO,ES,Combined TRACON& Tower with Radar,16,23,28,12,79,0,0,22,0,22,16,23,50,12,101,22,0,22,123
10/14/2014,TLH,FL,ASO,ES,Combined TRACON& Tower with Radar,20,21,12,4,57,0,0,8,0,8,20,21,20,4,65,0,0,0,65
10/15/2014,TLH,FL,ASO,ES,Combined TRACON& Tower with Radar,16,25,36,34,111,0,0,29,5,34,16,25,65,39,145,11,20,31,176
10/16/2014,TLH,FL,ASO,ES,Combined TRACON& Tower with Radar,18,28,46,19,111,0,0,39,3,42,18,28,85,22,153,26,0,26,179
10/17/2014,TLH,FL,ASO,ES,Combined TRACON& Tower with Radar,19,44,59,42,164,0,0,77,21,98,19,44,136,63,262,34,6,40,302
10/18/2014,TLH,FL,ASO,ES,Combined TRACON& Tower with Radar,16,59,96,3,174,0,0,72,2,74,16,59,168,5,248,24,0,24,272
10/19/2014,TLH,FL,ASO,ES,Combined TRACON& Tower with Radar,18,35,83,21,157,0,1,60,17,78,18,36,143,38,235,0,26,26,261
10/20/2014,TLH,FL,ASO,ES,Combined TRACON& Tower with Radar,14,31,35,17,97,0,0,28,5,33,14,31,63,22,130,57,0,57,187
10/21/2014,TLH,FL,ASO,ES,Combined TRACON& Tower with Radar,16,24,39,25,104,0,1,43,4,48,16,25,82,29,152,48,0,48,200
10/22/2014,TLH,FL,ASO,ES,Combined TRACON& Tower with Radar,16,28,34,33,111,0,1,61,4,66,16,29,95,37,177,6,20,26,203
10/23/2014,TLH,FL,ASO,ES,Combined TRACON& Tower with Radar,16,25,43,10,94,0,0,41,0,41,16,25,84,10,135,37,0,37,172
10/24/2014,TLH,FL,ASO,ES,Combined TRACON& Tower with Radar,16,27,29,42,114,0,1,40,12,53,16,28,69,54,167,40,14,54,221
10/25/2014,TLH,FL,ASO,ES,Combined TRACON& Tower with Radar,13,17,9,26,65,0,0,43,4,47,13,17,52,30,112,19,10,29,141
10/26/2014,TLH,FL,ASO,ES,Combined TRACON& Tower with Radar,17,22,26,27,92,0,1,33,14,48,17,23,59,41,140,0,0,0,140
10/27/2014,TLH,FL,ASO,ES,Combined TRACON& Tower with Radar,16,23,25,24,88,0,0,25,2,27,16,23,50,26,115,25,0,25,140
10/28/2014,TLH,FL,ASO,ES,Combined TRACON& Tower with Radar,22,35,25,39,121,0,0,26,6,32,22,35,51,45,153,26,6,32,185
10/29/2014,TLH,FL,ASO,ES,Combined TRACON& Tower with Radar,22,25,43,24,114,0,0,29,7,36,22,25,72,31,150,40,6,46,196
10/30/2014,TLH,FL,ASO,ES,Combined TRACON& Tower with Radar,14,30,53,12,109,0,0,38,1,39,14,30,91,13,148,42,6,48,196
10/31/2014,TLH,FL,ASO,ES,Combined TRACON& Tower with Radar,20,27,21,28,96,0,0,41,3,44,20,27,62,31,140,0,0,0,140
11/01/2014,TLH,FL,ASO,ES,Combined TRACON& Tower with Radar,16,14,12,4,46,0,0,11,2,13,16,14,23,6,59,34,0,34,93
11/02/2014,TLH,FL,ASO,ES,Combined TRACON& Tower with Radar,18,14,22,6,60,0,0,40,9,49,18,14,62,15,109,22,8,30,139
11/03/2014,TLH,FL,ASO,ES,Combined TRACON& Tower with Radar,16,26,36,29,107,0,1,23,14,38,16,27,59,43,145,4,32,36,181
11/04/2014,TLH,FL,ASO,ES,Combined TRACON& Tower with Radar,17,28,24,28,97,0,0,55,8,63,17,28,79,36,160,40,0,40,200
11/05/2014,TLH,FL,ASO,ES,Combined TRACON& Tower with Radar,15,29,44,38,126,0,0,39,6,45,15,29,83,44,171,34,25,59,230
11/06/2014,TLH,FL,ASO,ES,Combined TRACON& Tower with Radar,15,40,39,48,142,0,0,38,0,38,15,40,77,48,180,8,0,8,188
11/07/2014,TLH,FL,ASO,ES,Combined TRACON& Tower with Radar,17,36,64,34,151,0,0,58,15,73,17,36,122,49,224,30,26,56,280
11/08/2014,TLH,FL,ASO,ES,Combined TRACON& Tower with Radar,10,33,34,2,79,0,2,33,2,37,10,35,67,4,116,38,4,42,158
11/09/2014,TLH,FL,ASO,ES,Combined TRACON& Tower with Radar,17,30,50,14,111,0,0,20,8,28,17,30,70,22,139,14,0,14,153
11/10/2014,TLH,FL,ASO,ES,Combined TRACON& Tower with Radar,13,28,30,29,100,0,0,38,4,42,13,28,68,33,142,30,2,32,174
11/11/2014,TLH,FL,ASO,ES,Combined TRACON& Tower with Radar,13,27,13,4,57,0,0,30,2,32,13,27,43,6,89,38,0,38,127
11/12/2014,TLH,FL,ASO,ES,Combined TRACON& Tower with Radar,13,26,35,33,107,0,1,38,4,43,13,27,73,37,150,17,8,25,175
11/13/2014,TLH,FL,ASO,ES,Combined TRACON& Tower with Radar,17,31,36,36,120,0,0,25,3,28,17,31,61,39,148,12,0,12,160
11/14/2014,TLH,FL,ASO,ES,Combined TRACON& Tower with Radar,17,34,23,30,104,0,1,37,20,58,17,35,60,50,162,4,28,32,194
11/15/2014,TLH,FL,ASO,ES,Combined TRACON& Tower with Radar,15,24,16,2,57,0,0,47,2,49,15,24,63,4,106,10,4,14,120
11/16/2014,TLH,FL,ASO,ES,Combined TRACON& Tower with Radar,14,24,26,12,76,0,0,18,18,36,14,24,44,30,112,8,6,14,126
11/17/2014,TLH,FL,ASO,ES,Combined TRACON& Tower with Radar,14,23,20,12,69,0,0,1,1,2,14,23,21,13,71,0,14,14,85
11/18/2014,TLH,FL,ASO,ES,Combined TRACON& Tower with Radar,14,29,51,58,152,0,0,23,12,35,14,29,74,70,187,5,46,51,238
11/19/2014,TLH,FL,ASO,ES,Combined TRACON& Tower with Radar,13,21,19,10,63,0,0,28,8,36,13,21,47,18,99,86,22,108,207
11/20/2014,TLH,FL,ASO,ES,Combined TRACON& Tower with Radar,14,33,62,24,133,0,0,51,12,63,14,33,113,36,196,23,18,41,237
11/21/2014,TLH,FL,ASO,ES,Combined TRACON& Tower with Radar,16,36,62,36,150,0,0,31,3,34,16,36,93,39,184,0,10,10,194
11/22/2014,TLH,FL,ASO,ES,Combined TRACON& Tower with Radar,14,20,42,20,96,0,0,15,5,20,14,20,57,25,116,12,0,12,128
11/23/2014,TLH,FL,ASO,ES,Combined TRACON& Tower with Radar,14,27,26,2,69,0,0,0,0,0,14,27,26,2,69,0,0,0,69
11/24/2014,TLH,FL,ASO,ES,Combined TRACON& Tower with Radar,14,33,22,11,80,0,0,1,3,4,14,33,23,14,84,0,0,0,84
11/25/2014,TLH,FL,ASO,ES,Combined TRACON& Tower with Radar,15,32,36,9,92,0,0,0,0,0,15,32,36,9,92,0,0,0,92
11/26/2014,TLH,FL,ASO,ES,Combined TRACON& Tower with Radar,15,31,39,20,105,0,0,34,0,34,15,31,73,20,139,35,2,37,176
11/27/2014,TLH,FL,ASO,ES,Combined TRACON& Tower with Radar,10,12,11,0,33,0,0,27,0,27,10,12,38,0,60,0,0,0,60
11/28/2014,TLH,FL,ASO,ES,Combined TRACON& Tower with Radar,10,26,38,0,74,0,0,26,0,26,10,26,64,0,100,6,0,6,106
11/29/2014,TLH,FL,ASO,ES,Combined TRACON& Tower with Radar,16,24,105,4,149,0,2,69,0,71,16,26,174,4,220,26,0,26,246
11/30/2014,TLH,FL,ASO,ES,Combined TRACON& Tower with Radar,21,24,79,0,124,0,0,57,4,61,21,24,136,4,185,0,0,0,185
12/01/2014,TLH,FL,ASO,ES,Combined TRACON& Tower with Radar,15,34,21,31,101,0,0,28,7,35,15,34,49,38,136,24,0,24,160
12/02/2014,TLH,FL,ASO,ES,Combined TRACON& Tower with Radar,11,19,22,29,81,0,0,32,5,37,11,19,54,34,118,0,0,0,118
12/03/2014,TLH,FL,ASO,ES,Combined TRACON& Tower with Radar,16,28,42,25,111,0,0,40,11,51,16,28,82,36,162,33,42,75,237
12/04/2014,TLH,FL,ASO,ES,Combined TRACON& Tower with Radar,18,35,38,33,124,0,2,46,7,55,18,37,84,40,179,26,8,34,213
12/05/2014,TLH,FL,ASO,ES,Combined TRACON& Tower with Radar,14,30,32,47,123,0,0,9,14,23,14,30,41,61,146,22,4,26,172
12/06/2014,TLH,FL,ASO,ES,Combined TRACON& Tower with Radar,14,19,30,11,74,0,0,4,2,6,14,19,34,13,80,54,0,54,134
12/07/2014,TLH,FL,ASO,ES,Combined TRACON& Tower with Radar,16,20,29,39,104,0,4,13,17,34,16,24,42,56,138,56,6,62,200
12/08/2014,TLH,FL,ASO,ES,Combined TRACON& Tower with Radar,13,28,40,31,112,0,0,1,0,1,13,28,41,31,113,0,0,0,113
12/09/2014,TLH,FL,ASO,ES,Combined TRACON& Tower with Radar,15,29,38,19,101,0,9,37,6,52,15,38,75,25,153,6,28,34,187
12/10/2014,TLH,FL,ASO,ES,Combined TRACON& Tower with Radar,16,28,52,27,123,0,2,47,2,51,16,30,99,29,174,8,0,8,182
12/11/2014,TLH,FL,ASO,ES,Combined TRACON& Tower with Radar,16,30,46,22,114,0,3,48,2,53,16,33,94,24,167,56,6,62,229
12/12/2014,TLH,FL,ASO,ES,Combined TRACON& Tower with Radar,14,27,51,42,134,0,4,52,12,68,14,31,103,54,202,20,40,60,262
12/13/2014,TLH,FL,ASO,ES,Combined TRACON& Tower with Radar,15,19,18,14,66,0,0,67,2,69,15,19,85,16,135,28,0,28,163
12/14/2014,TLH,FL,ASO,ES,Combined TRACON& Tower with Radar,16,21,24,18,79,0,2,37,17,56,16,23,61,35,135,28,0,28,163
12/15/2014,TLH,FL,ASO,ES,Combined TRACON& Tower with Radar,13,28,31,40,112,0,4,39,4,47,13,32,70,44,159,46,0,46,205
12/16/2014,TLH,FL,ASO,ES,Combined TRACON& Tower with Radar,19,32,23,12,86,0,0,15,3,18,19,32,38,15,104,35,0,35,139
12/17/2014,TLH,FL,ASO,ES,Combined TRACON& Tower with Radar,17,32,45,16,110,0,0,57,2,59,17,32,102,18,169,27,18,45,214
12/18/2014,TLH,FL,ASO,ES,Combined TRACON& Tower with Radar,16,27,27,32,102,0,0,52,4,56,16,27,79,36,158,2,4,6,164
12/19/2014,TLH,FL,ASO,ES,Combined TRACON& Tower with Radar,14,25,29,74,142,0,0,30,2,32,14,25,59,76,174,2,14,16,190
12/20/2014,TLH,FL,ASO,ES,Combined TRACON& Tower with Radar,12,26,20,16,74,0,2,10,0,12,12,28,30,16,86,4,0,4,90
12/21/2014,TLH,FL,ASO,ES,Combined TRACON& Tower with Radar,15,21,11,12,59,0,0,0,0,0,15,21,11,12,59,0,0,0,59
12/22/2014,TLH,FL,ASO,ES,Combined TRACON& Tower with Radar,11,21,20,0,52,0,0,0,0,0,11,21,20,0,52,0,0,0,52
12/23/2014,TLH,FL,ASO,ES,Combined TRACON& Tower with Radar,14,26,1,0,41,0,0,0,0,0,14,26,1,0,41,0,0,0,41
12/24/2014,TLH,FL,ASO,ES,Combined TRACON& Tower with Radar,15,19,7,0,41,0,0,1,0,1,15,19,8,0,42,0,0,0,42
12/25/2014,TLH,FL,ASO,ES,Combined TRACON& Tower with Radar,11,18,8,0,37,0,0,14,0,14,11,18,22,0,51,0,0,0,51
12/26/2014,TLH,FL,ASO,ES,Combined TRACON& Tower with Radar,14,25,28,0,67,0,0,27,0,27,14,25,55,0,94,0,0,0,94
12/27/2014,TLH,FL,ASO,ES,Combined TRACON& Tower with Radar,11,34,25,2,72,0,1,24,0,25,11,35,49,2,97,16,0,16,113
12/28/2014,TLH,FL,ASO,ES,Combined TRACON& Tower with Radar,15,19,17,0,51,0,0,13,0,13,15,19,30,0,64,16,0,16,80
12/29/2014,TLH,FL,ASO,ES,Combined TRACON& Tower with Radar,13,21,21,0,55,0,0,1,0,1,13,21,22,0,56,0,0,0,56
12/30/2014,TLH,FL,ASO,ES,Combined TRACON& Tower with Radar,17,22,46,18,103,0,0,26,2,28,17,22,72,20,131,28,8,36,167
12/31/2014,TLH,FL,ASO,ES,Combined TRACON& Tower with Radar,15,16,16,2,49,0,0,21,0,21,15,16,37,2,70,37,8,45,115
01/01/2015,TLH,FL,ASO,ES,Combined TRACON& Tower with Radar,13,21,15,0,49,0,0,14,0,14,13,21,29,0,63,22,0,22,85
01/02/2015,TLH,FL,ASO,ES,Combined TRACON& Tower with Radar,21,17,26,0,64,0,0,3,0,3,21,17,29,0,67,8,0,8,75
01/03/2015,TLH,FL,ASO,ES,Combined TRACON& Tower with Radar,6,29,19,0,54,0,0,2,0,2,6,29,21,0,56,0,0,0,56
01/04/2015,TLH,FL,ASO,ES,Combined TRACON& Tower with Radar,20,18,22,0,60,0,0,0,0,0,20,18,22,0,60,0,0,0,60
01/05/2015,TLH,FL,ASO,ES,Combined TRACON& Tower with Radar,10,38,70,8,126,0,2,42,0,44,10,40,112,8,170,14,0,14,184
01/06/2015,TLH,FL,ASO,ES,Combined TRACON& Tower with Radar,13,42,66,26,147,0,2,60,4,66,13,44,126,30,213,12,0,12,225
01/07/2015,TLH,FL,ASO,ES,Combined TRACON& Tower with Radar,10,40,62,31,143,0,3,25,2,30,10,43,87,33,173,18,18,36,209
01/08/2015,TLH,FL,ASO,ES,Combined TRACON& Tower with Radar,10,36,25,27,98,0,1,27,3,31,10,37,52,30,129,0,6,6,135
01/09/2015,TLH,FL,ASO,ES,Combined TRACON& Tower with Radar,9,44,34,66,153,0,0,29,16,45,9,44,63,82,198,26,6,32,230
01/10/2015,TLH,FL,ASO,ES,Combined TRACON& Tower with Radar,10,26,18,22,76,0,0,62,3,65,10,26,80,25,141,18,12,30,171
01/11/2015,TLH,FL,ASO,ES,Combined TRACON& Tower with Radar,11,28,29,27,95,0,1,12,12,25,11,29,41,39,120,2,10,12,132
01/12/2015,TLH,FL,ASO,ES,Combined TRACON& Tower with Radar,8,31,22,11,72,0,0,0,0,0,8,31,22,11,72,0,0,0,72
01/13/2015,TLH,FL,ASO,ES,Combined TRACON& Tower with Radar,10,29,35,16,90,0,0,0,0,0,10,29,35,16,90,20,2,22,112
01/14/2015,TLH,FL,ASO,ES,Combined TRACON& Tower with Radar,9,35,41,63,148,0,0,11,1,12,9,35,52,64,160,10,16,26,186
01/15/2015,TLH,FL,ASO,ES,Combined TRACON& Tower with Radar,11,36,43,29,119,0,1,1,0,2,11,37,44,29,121,0,0,0,121
01/16/2015,TLH,FL,ASO,ES,Combined TRACON& Tower with Radar,11,28,55,49,143,0,0,51,19,70,11,28,106,68,213,16,24,40,253
01/17/2015,TLH,FL,ASO,ES,Combined TRACON& Tower with Radar,10,22,34,5,71,0,1,65,4,70,10,23,99,9,141,6,0,6,147
01/18/2015,TLH,FL,ASO,ES,Combined TRACON& Tower with Radar,9,26,22,37,94,0,1,41,18,60,9,27,63,55,154,10,16,26,180
01/19/2015,TLH,FL,ASO,ES,Combined TRACON& Tower with Radar,13,25,38,1,77,0,2,52,3,57,13,27,90,4,134,8,0,8,142
01/20/2015,TLH,FL,ASO,ES,Combined TRACON& Tower with Radar,13,35,41,29,118,0,2,29,11,42,13,37,70,40,160,31,16,47,207
01/21/2015,TLH,FL,ASO,ES,Combined TRACON& Tower with Radar,10,35,47,16,108,0,2,40,12,54,10,37,87,28,162,45,10,55,217
01/22/2015,TLH,FL,ASO,ES,Combined TRACON& Tower with Radar,12,35,41,59,147,0,1,45,8,54,12,36,86,67,201,21,26,47,248
01/23/2015,TLH,FL,ASO,ES,Combined TRACON& Tower with Radar,16,29,13,0,58,0,0,0,0,0,16,29,13,0,58,0,0,0,58
01/24/2015,TLH,FL,ASO,ES,Combined TRACON& Tower with Radar,10,25,13,6,54,0,1,23,1,25,10,26,36,7,79,6,0,6,85
01/25/2015,TLH,FL,ASO,ES,Combined TRACON& Tower with Radar,10,26,37,0,73,0,3,65,0,68,10,29,102,0,141,27,0,27,168
01/26/2015,TLH,FL,ASO,ES,Combined TRACON& Tower with Radar,11,35,34,21,101,0,1,16,2,19,11,36,50,23,120,24,6,30,150
01/27/2015,TLH,FL,ASO,ES,Combined TRACON& Tower with Radar,11,34,37,21,103,0,0,45,9,54,11,34,82,30,157,46,26,72,229
01/28/2015,TLH,FL,ASO,ES,Combined TRACON& Tower with Radar,13,37,33,30,113,0,0,51,4,55,13,37,84,34,168,55,0,55,223
01/29/2015,TLH,FL,ASO,ES,Combined TRACON& Tower with Radar,10,43,31,25,109,0,0,43,5,48,10,43,74,30,157,26,6,32,189
01/30/2015,TLH,FL,ASO,ES,Combined TRACON& Tower with Radar,10,34,48,21,113,0,0,32,31,63,10,34,80,52,176,26,16,42,218
01/31/2015,TLH,FL,ASO,ES,Combined TRACON& Tower with Radar,13,23,23,1,60,0,0,42,6,48,13,23,65,7,108,16,0,16,124
02/01/2015,TLH,FL,ASO,ES,Combined TRACON& Tower with Radar,12,17,25,15,69,0,0,35,21,56,12,17,60,36,125,8,0,8,133
02/02/2015,TLH,FL,ASO,ES,Combined TRACON& Tower with Radar,11,30,32,15,88,0,0,12,4,16,11,30,44,19,104,8,4,12,116
02/03/2015,TLH,FL,ASO,ES,Combined TRACON& Tower with Radar,11,32,41,15,99,0,0,30,3,33,11,32,71,18,132,22,20,42,174
02/04/2015,TLH,FL,ASO,ES,Combined TRACON& Tower with Radar,11,44,44,10,109,0,0,7,0,7,11,44,51,10,116,1,0,1,117
02/05/2015,TLH,FL,ASO,ES,Combined TRACON& Tower with Radar,9,40,50,21,120,0,0,38,2,40,9,40,88,23,160,42,0,42,202
02/06/2015,TLH,FL,ASO,ES,Combined TRACON& Tower with Radar,9,34,46,37,126,0,2,58,16,76,9,36,104,53,202,36,14,50,252
02/07/2015,TLH,FL,ASO,ES,Combined TRACON& Tower with Radar,10,22,17,15,64,0,0,63,5,68,10,22,80,20,132,22,16,38,170
02/08/2015,TLH,FL,ASO,ES,Combined TRACON& Tower with Radar,10,24,26,27,87,0,0,55,15,70,10,24,81,42,157,20,12,32,189
02/09/2015,TLH,FL,ASO,ES,Combined TRACON& Tower with Radar,14,42,37,7,100,0,0,2,1,3,14,42,39,8,103,0,2,2,105
02/10/2015,TLH,FL,ASO,ES,Combined TRACON& Tower with Radar,10,32,56,36,134,0,1,20,3,24,10,33,76,39,158,22,0,22,180
02/11/2015,TLH,FL,ASO,ES,Combined TRACON& Tower with Radar,14,35,42,10,101,0,0,39,6,45,14,35,81,16,146,70,10,80,226
02/12/2015,TLH,FL,ASO,ES,Combined TRACON& Tower with Radar,9,39,40,13,101,0,1,57,7,65,9,40,97,20,166,14,0,14,180
02/13/2015,TLH,FL,ASO,ES,Combined TRACON& Tower with Radar,16,32,39,25,112,0,1,65,3,69,16,33,104,28,181,34,4,38,219
02/14/2015,TLH,FL,ASO,ES,Combined TRACON& Tower with Radar,13,20,28,2,63,0,2,52,1,55,13,22,80,3,118,14,0,14,132
02/15/2015,TLH,FL,ASO,ES,Combined TRACON& Tower with Radar,15,27,29,10,81,0,0,63,3,66,15,27,92,13,147,24,0,24,171
02/16/2015,TLH,FL,ASO,ES,Combined TRACON& Tower with Radar,14,30,42,6,92,0,0,38,0,38,14,30,80,6,130,10,0,10,140
02/17/2015,TLH,FL,ASO,ES,Combined TRACON& Tower with Radar,15,39,32,0,86,0,0,5,2,7,15,39,37,2,93,42,0,42,135
02/18/2015,TLH,FL,ASO,ES,Combined TRACON& Tower with Radar,14,34,48,13,109,0,4,41,2,47,14,38,89,15,156,13,6,19,175
02/19/2015,TLH,FL,ASO,ES,Combined TRACON& Tower with Radar,15,33,40,22,110,0,0,62,5,67,15,33,102,27,177,63,0,63,240
02/20/2015,TLH,FL,ASO,ES,Combined TRACON& Tower with Radar,14,35,33,74,156,0,1,68,20,89,14,36,101,94,245,84,0,84,329
02/21/2015,TLH,FL,ASO,ES,Combined TRACON& Tower with Radar,13,19,25,5,62,0,0,40,4,44,13,19,65,9,106,54,0,54,160
02/22/2015,TLH,FL,ASO,ES,Combined TRACON& Tower with Radar,17,21,35,20,93,0,0,24,17,41,17,21,59,37,134,34,0,34,168
02/23/2015,TLH,FL,ASO,ES,Combined TRACON& Tower with Radar,11,33,36,44,124,0,0,14,4,18,11,33,50,48,142,22,0,22,164
02/24/2015,TLH,FL,ASO,ES,Combined TRACON& Tower with Radar,20,30,26,51,127,0,0,3,0,3,20,30,29,51,130,20,0,20,150
02/25/2015,TLH,FL,ASO,ES,Combined TRACON& Tower with Radar,11,30,26,27,94,0,0,1,0,1,11,30,27,27,95,0,0,0,95
02/26/2015,TLH,FL,ASO,ES,Combined TRACON& Tower with Radar,14,30,41,28,113,0,0,19,0,19,14,30,60,28,132,21,0,21,153
02/27/2015,TLH,FL,ASO,ES,Combined TRACON& Tower with Radar,12,30,40,74,156,0,0,36,15,51,12,30,76,89,207,18,24,42,249
02/28/2015,TLH,FL,ASO,ES,Combined TRACON& Tower with Radar,15,16,34,19,84,0,0,1,0,1,15,16,35,19,85,0,0,0,85
03/01/2015,TLH,FL,ASO,ES,Combined TRACON& Tower with Radar,18,19,29,5,71,0,0,1,0,1,18,19,30,5,72,0,0,0,72
03/02/2015,TLH,FL,ASO,ES,Combined TRACON& Tower with Radar,12,36,40,61,149,0,0,19,10,29,12,36,59,71,178,34,12,46,224
03/03/2015,TLH,FL,ASO,ES,Combined TRACON& Tower with Radar,19,38,35,22,114,0,0,27,3,30,19,38,62,25,144,46,38,84,228
03/04/2015,TLH,FL,ASO,ES,Combined TRACON& Tower with Radar,14,45,52,25,136,0,0,19,0,19,14,45,71,25,155,0,16,16,171
03/05/2015,TLH,FL,ASO,ES,Combined TRACON& Tower with Radar,15,26,51,23,115,0,0,3,0,3,15,26,54,23,118,2,0,2,120
03/06/2015,TLH,FL,ASO,ES,Combined TRACON& Tower with Radar,16,27,49,42,134,0,0,26,9,35,16,27,75,51,169,4,8,12,181
03/07/2015,TLH,FL,ASO,ES,Combined TRACON& Tower with Radar,12,29,42,4,87,0,0,60,4,64,12,29,102,8,151,8,0,8,159
03/08/2015,TLH,FL,ASO,ES,Combined TRACON& Tower with Radar,17,29,22,27,95,0,0,35,14,49,17,29,57,41,144,24,26,50,194
03/09/2015,TLH,FL,ASO,ES,Combined TRACON& Tower with Radar,17,40,26,85,168,0,0,34,14,48,17,40,60,99,216,30,38,68,284
03/10/2015,TLH,FL,ASO,ES,Combined TRACON& Tower with Radar,16,33,47,64,160,0,2,19,7,28,16,35,66,71,188,14,6,20,208
03/11/2015,TLH,FL,ASO,ES,Combined TRACON& Tower with Radar,18,30,58,14,120,0,0,16,2,18,18,30,74,16,138,14,0,14,152
03/12/2015,TLH,FL,ASO,ES,Combined TRACON& Tower with Radar,17,33,45,1,96,0,0,11,0,11,17,33,56,1,107,22,0,22,129
03/13/2015,TLH,FL,ASO,ES,Combined TRACON& Tower with Radar,16,35,41,62,154,0,0,13,9,22,16,35,54,71,176,0,36,36,212
03/14/2015,TLH,FL,ASO,ES,Combined TRACON& Tower with Radar,10,23,30,15,78,0,0,11,0,11,10,23,41,15,89,0,0,0,89
03/15/2015,TLH,FL,ASO,ES,Combined TRACON& Tower with Radar,16,26,31,36,109,0,0,36,8,44,16,26,67,44,153,46,6,52,205
03/16/2015,TLH,FL,ASO,ES,Combined TRACON& Tower with Radar,16,37,42,35,130,0,2,52,7,61,16,39,94,42,191,87,20,107,298
03/17/2015,TLH,FL,ASO,ES,Combined TRACON& Tower with Radar,16,37,48,51,152,0,1,65,5,71,16,38,113,56,223,30,0,30,253
03/18/2015,TLH,FL,ASO,ES,Combined TRACON& Tower with Radar,16,36,46,37,135,0,0,58,5,63,16,36,104,42,198,52,22,74,272
03/19/2015,TLH,FL,ASO,ES,Combined TRACON& Tower with Radar,18,38,62,57,175,0,2,12,10,24,18,40,74,67,199,0,2,2,201
03/20/2015,TLH,FL,ASO,ES,Combined TRACON& Tower with Radar,18,23,42,76,159,0,2,49,21,72,18,25,91,97,231,16,42,58,289
03/21/2015,TLH,FL,ASO,ES,Combined TRACON& Tower with Radar,13,29,25,20,87,0,0,3,0,3,13,29,28,20,90,14,0,14,104
03/22/2015,TLH,FL,ASO,ES,Combined TRACON& Tower with Radar,14,28,23,22,87,0,0,2,10,12,14,28,25,32,99,0,0,0,99
03/23/2015,TLH,FL,ASO,ES,Combined TRACON& Tower with Radar,15,38,24,35,112,0,0,6,1,7,15,38,30,36,119,8,0,8,127
03/24/2015,TLH,FL,ASO,ES,Combined TRACON& Tower with Radar,15,36,77,47,175,0,0,18,4,22,15,36,95,51,197,12,14,26,223
03/25/2015,TLH,FL,ASO,ES,Combined TRACON& Tower with Radar,18,38,50,42,148,0,1,34,6,41,18,39,84,48,189,28,20,48,237
03/26/2015,TLH,FL,ASO,ES,Combined TRACON& Tower with Radar,18,31,39,3,91,0,0,15,2,17,18,31,54,5,108,0,16,16,124
03/27/2015,TLH,FL,ASO,ES,Combined TRACON& Tower with Radar,16,34,35,88,173,0,0,22,9,31,16,34,57,97,204,2,12,14,218
03/28/2015,TLH,FL,ASO,ES,Combined TRACON& Tower with Radar,11,25,14,31,81,0,0,59,6,65,11,25,73,37,146,52,16,68,214
03/29/2015,TLH,FL,ASO,ES,Combined TRACON& Tower with Radar,18,20,28,50,116,0,0,52,26,78,18,20,80,76,194,68,0,68,262
03/30/2015,TLH,FL,ASO,ES,Combined TRACON& Tower with Radar,20,40,31,22,113,0,2,25,2,29,20,42,56,24,142,14,4,18,160
03/31/2015,TLH,FL,ASO,ES,Combined TRACON& Tower with Radar,18,38,50,23,129,0,2,33,1,36,18,40,83,24,165,18,22,40,205
04/01/2015,TLH,FL,ASO,ES,Combined TRACON& Tower with Radar,17,33,43,15,108,0,0,44,0,44,17,33,87,15,152,40,2,42,194
04/02/2015,TLH,FL,ASO,ES,Combined TRACON& Tower with Radar,17,22,54,60,153,0,2,32,9,43,17,24,86,69,196,18,20,38,234
04/03/2015,TLH,FL,ASO,ES,Combined TRACON& Tower with Radar,15,28,26,29,98,0,0,47,7,54,15,28,73,36,152,84,26,110,262
04/04/2015,TLH,FL,ASO,ES,Combined TRACON& Tower with Radar,12,21,24,13,70,0,2,9,0,11,12,23,33,13,81,0,0,0,81
04/05/2015,TLH,FL,ASO,ES,Combined TRACON& Tower with Radar,19,19,17,12,67,0,2,26,0,28,19,21,43,12,95,26,0,26,121
04/06/2015,TLH,FL,ASO,ES,Combined TRACON& Tower with Radar,15,37,29,81,162,0,0,28,9,37,15,37,57,90,199,64,10,74,273
04/07/2015,TLH,FL,ASO,ES,Combined TRACON& Tower with Radar,16,31,61,37,145,0,0,29,7,36,16,31,90,44,181,41,6,47,228
04/08/2015,TLH,FL,ASO,ES,Combined TRACON& Tower with Radar,18,36,53,57,164,0,0,52,3,55,18,36,105,60,219,24,4,28,247
04/09/2015,TLH,FL,ASO,ES,Combined TRACON& Tower with Radar,19,35,50,54,158,0,0,36,2,38,19,35,86,56,196,26,12,38,234
04/10/2015,TLH,FL,ASO,ES,Combined TRACON& Tower with Radar,13,30,46,28,117,0,2,27,19,48,13,32,73,47,165,18,10,28,193
04/11/2015,TLH,FL,ASO,ES,Combined TRACON& Tower with Radar,17,18,33,0,68,0,0,3,0,3,17,18,36,0,71,0,0,0,71
04/12/2015,TLH,FL,ASO,ES,Combined TRACON& Tower with Radar,16,22,41,61,140,0,0,6,9,15,16,22,47,70,155,0,0,0,155
04/13/2015,TLH,FL,ASO,ES,Combined TRACON& Tower with Radar,16,39,36,4,95,0,0,0,0,0,16,39,36,4,95,2,0,2,97
04/14/2015,TLH,FL,ASO,ES,Combined TRACON& Tower with Radar,24,41,46,1,112,0,0,27,0,27,24,41,73,1,139,34,0,34,173
04/15/2015,TLH,FL,ASO,ES,Combined TRACON& Tower with Radar,18,27,40,8,93,0,0,7,0,7,18,27,47,8,100,2,0,2,102
04/16/2015,TLH,FL,ASO,ES,Combined TRACON& Tower with Radar,19,39,52,6,116,0,0,11,2,13,19,39,63,8,129,0,12,12,141
04/17/2015,TLH,FL,ASO,ES,Combined TRACON& Tower with Radar,17,30,32,31,110,0,0,6,11,17,17,30,38,42,127,0,10,10,137
04/18/2015,TLH,FL,ASO,ES,Combined TRACON& Tower with Radar,17,19,27,6,69,0,0,8,0,8,17,19,35,6,77,2,0,2,79
04/19/2015,TLH,FL,ASO,ES,Combined TRACON& Tower with Radar,20,19,24,6,69,0,2,10,12,24,20,21,34,18,93,0,0,0,93
04/20/2015,TLH,FL,ASO,ES,Combined TRACON& Tower with Radar,17,28,37,18,100,0,0,29,4,33,17,28,66,22,133,16,30,46,179
04/21/2015,TLH,FL,ASO,ES,Combined TRACON& Tower with Radar,17,24,42,35,118,0,1,74,11,86,17,25,116,46,204,77,14,91,295
04/22/2015,TLH,FL,ASO,ES,Combined TRACON& Tower with Radar,18,26,38,20,102,0,0,75,12,87,18,26,113,32,189,48,0,48,237
04/23/2015,TLH,FL,ASO,ES,Combined TRACON& Tower with Radar,18,27,46,49,140,0,0,38,7,45,18,27,84,56,185,6,18,24,209
04/24/2015,TLH,FL,ASO,ES,Combined TRACON& Tower with Radar,18,24,56,47,145,0,0,45,14,59,18,24,101,61,204,18,8,26,230
04/25/2015,TLH,FL,ASO,ES,Combined TRACON& Tower with Radar,18,21,30,27,96,0,0,6,0,6,18,21,36,27,102,0,0,0,102
04/26/2015,TLH,FL,ASO,ES,Combined TRACON& Tower with Radar,18,23,26,26,93,0,0,30,15,45,18,23,56,41,138,16,16,32,170
04/27/2015,TLH,FL,ASO,ES,Combined TRACON& Tower with Radar,18,27,24,33,102,0,1,17,3,21,18,28,41,36,123,10,9,19,142
04/28/2015,TLH,FL,ASO,ES,Combined TRACON& Tower with Radar,18,35,39,39,131,0,0,5,0,5,18,35,44,39,136,0,6,6,142
04/29/2015,TLH,FL,ASO,ES,Combined TRACON& Tower with Radar,18,33,22,39,112,0,0,19,1,20,18,33,41,40,132,10,4,14,146
04/30/2015,TLH,FL,ASO,ES,Combined TRACON& Tower with Radar,18,31,35,76,160,0,2,50,6,58,18,33,85,82,218,20,14,34,252
05/01/2015,TLH,FL,ASO,ES,Combined TRACON& Tower with Radar,21,30,41,65,157,0,0,54,8,62,21,30,95,73,219,30,24,54,273
05/02/2015,TLH,FL,ASO,ES,Combined TRACON& Tower with Radar,22,24,29,25,100,0,0,76,4,80,22,24,105,29,180,42,8,50,230
05/03/2015,TLH,FL,ASO,ES,Combined TRACON& Tower with Radar,19,24,29,26,98,0,0,46,15,61,19,24,75,41,159,0,0,0,159
05/04/2015,TLH,FL,ASO,ES,Combined TRACON& Tower with Radar,20,23,44,31,118,0,2,59,3,64,20,25,103,34,182,32,10,42,224
05/05/2015,TLH,FL,ASO,ES,Combined TRACON& Tower with Radar,22,27,32,31,112,0,4,34,4,42,22,31,66,35,154,5,18,23,177
05/06/2015,TLH,FL,ASO,ES,Combined TRACON& Tower with Radar,18,31,51,27,127,0,0,35,3,38,18,31,86,30,165,20,10,30,195
05/07/2015,TLH,FL,ASO,ES,Combined TRACON& Tower with Radar,20,27,27,59,133,0,0,45,1,46,20,27,72,60,179,24,10,34,213
05/08/2015,TLH,FL,ASO,ES,Combined TRACON& Tower with Radar,19,25,27,58,129,0,0,37,13,50,19,25,64,71,179,36,18,54,233
05/09/2015,TLH,FL,ASO,ES,Combined TRACON& Tower with Radar,12,18,16,20,66,0,0,39,2,41,12,18,55,22,107,6,6,12,119
05/10/2015,TLH,FL,ASO,ES,Combined TRACON& Tower with Radar,19,20,30,15,84,0,0,25,12,37,19,20,55,27,121,10,0,10,131
05/11/2015,TLH,FL,ASO,ES,Combined TRACON& Tower with Radar,20,28,42,65,155,0,0,20,10,30,20,28,62,75,185,4,24,28,213
05/12/2015,TLH,FL,ASO,ES,Combined TRACON& Tower with Radar,21,20,19,20,80,0,0,4,6,10,21,20,23,26,90,19,20,39,129
05/13/2015,TLH,FL,ASO,ES,Combined TRACON& Tower with Radar,14,15,14,10,53,0,0,16,0,16,14,15,30,10,69,80,26,106,175
05/14/2015,TLH,FL,ASO,ES,Combined TRACON& Tower with Radar,19,24,28,14,85,0,0,18,0,18,19,24,46,14,103,49,0,49,152
05/15/2015,TLH,FL,ASO,ES,Combined TRACON& Tower with Radar,21,23,23,15,82,0,0,15,10,25,21,23,38,25,107,0,0,0,107
05/16/2015,TLH,FL,ASO,ES,Combined TRACON& Tower with Radar,17,21,21,11,70,0,0,26,6,32,17,21,47,17,102,8,0,8,110
05/17/2015,TLH,FL,ASO,ES,Combined TRACON& Tower with Radar,18,24,17,35,94,0,1,52,11,64,18,25,69,46,158,8,0,8,166
05/18/2015,TLH,FL,ASO,ES,Combined TRACON& Tower with Radar,19,27,20,42,108,0,0,18,5,23,19,27,38,47,131,0,6,6,137
05/19/2015,TLH,FL,ASO,ES,Combined TRACON& Tower with Radar,19,22,33,10,84,0,0,32,10,42,19,22,65,20,126,26,0,26,152
05/20/2015,TLH,FL,ASO,ES,Combined TRACON& Tower with Radar,18,24,41,24,107,0,1,36,10,47,18,25,77,34,154,26,10,36,190
05/21/2015,TLH,FL,ASO,ES,Combined TRACON& Tower with Radar,19,29,34,39,121,0,1,43,1,45,19,30,77,40,166,20,16,36,202
05/22/2015,TLH,FL,ASO,ES,Combined TRACON& Tower with Radar,21,20,32,9,82,0,3,36,1,40,21,23,68,10,122,32,6,38,160
05/23/2015,TLH,FL,ASO,ES,Combined TRACON& Tower with Radar,13,14,21,10,58,0,0,41,0,41,13,14,62,10,99,4,0,4,103
05/24/2015,TLH,FL,ASO,ES,Combined TRACON& Tower with Radar,15,10,9,7,41,0,2,30,1,33,15,12,39,8,74,0,0,0,74
05/25/2015,TLH,FL,ASO,ES,Combined TRACON& Tower with Radar,16,11,23,0,50,0,0,10,0,10,16,11,33,0,60,0,0,0,60
05/26/2015,TLH,FL,ASO,ES,Combined TRACON& Tower with Radar,14,18,12,7,51,0,0,15,0,15,14,18,27,7,66,16,10,26,92
05/27/2015,TLH,FL,ASO,ES,Combined TRACON& Tower with Radar,18,29,34,21,102,0,2,12,0,14,18,31,46,21,116,18,0,18,134
05/28/2015,TLH,FL,ASO,ES,Combined TRACON& Tower with Radar,18,27,43,51,139,0,0,28,11,39,18,27,71,62,178,22,64,86,264
05/29/2015,TLH,FL,ASO,ES,Combined TRACON& Tower with Radar,22,26,41,38,127,0,1,46,18,65,22,27,87,56,192,11,19,30,222
05/30/2015,TLH,FL,ASO,ES,Combined TRACON& Tower with Radar,17,19,38,13,87,0,1,42,2,45,17,20,80,15,132,20,0,20,152
05/31/2015,TLH,FL,ASO,ES,Combined TRACON& Tower with Radar,19,19,15,16,69,0,2,14,9,25,19,21,29,25,94,34,0,34,128
06/01/2015,TLH,FL,ASO,ES,Combined TRACON& Tower with Radar,18,25,27,10,80,0,0,20,0,20,18,25,47,10,100,32,0,32,132
06/02/2015,TLH,FL,ASO,ES,Combined TRACON& Tower with Radar,19,29,21,16,85,0,0,27,0,27,19,29,48,16,112,34,6,40,152
06/03/2015,TLH,FL,ASO,ES,Combined TRACON& Tower with Radar,22,26,36,27,111,0,1,52,5,58,22,27,88,32,169,24,16,40,209
06/04/2015,TLH,FL,ASO,ES,Combined TRACON& Tower with Radar,13,35,45,22,115,0,0,32,4,36,13,35,77,26,151,16,8,24,175
06/05/2015,TLH,FL,ASO,ES,Combined TRACON& Tower with Radar,11,27,33,49,120,0,0,35,6,41,11,27,68,55,161,14,60,74,235
06/06/2015,TLH,FL,ASO,ES,Combined TRACON& Tower with Radar,13,21,16,16,66,0,0,41,4,45,13,21,57,20,111,20,22,42,153
06/07/2015,TLH,FL,ASO,ES,Combined TRACON& Tower with Radar,10,34,17,30,91,0,2,43,5,50,10,36,60,35,141,20,0,20,161
06/08/2015,TLH,FL,ASO,ES,Combined TRACON& Tower with Radar,11,29,27,13,80,0,0,35,8,43,11,29,62,21,123,70,27,97,220
06/09/2015,TLH,FL,ASO,ES,Combined TRACON& Tower with Radar,16,26,38,21,101,0,0,37,4,41,16,26,75,25,142,44,8,52,194
06/10/2015,TLH,FL,ASO,ES,Combined TRACON& Tower with Radar,9,29,29,6,73,0,0,22,0,22,9,29,51,6,95,10,0,10,105
06/11/2015,TLH,FL,ASO,ES,Combined TRACON& Tower with Radar,10,42,24,16,92,0,0,38,1,39,10,42,62,17,131,22,12,34,165
06/12/2015,TLH,FL,ASO,ES,Combined TRACON& Tower with Radar,12,31,26,64,133,0,4,41,8,53,12,35,67,72,186,29,2,31,217
06/13/2015,TLH,FL,ASO,ES,Combined TRACON& Tower with Radar,15,16,24,54,109,0,0,37,1,38,15,16,61,55,147,79,0,79,226
06/14/2015,TLH,FL,ASO,ES,Combined TRACON& Tower with Radar,14,26,24,22,86,0,0,34,5,39,14,26,58,27,125,6,4,10,135
06/15/2015,TLH,FL,ASO,ES,Combined TRACON& Tower with Radar,13,30,43,51,137,0,0,35,5,40,13,30,78,56,177,36,30,66,243
06/16/2015,TLH,FL,ASO,ES,Combined TRACON& Tower with Radar,10,29,22,46,107,0,0,34,12,46,10,29,56,58,153,56,35,91,244
06/17/2015,TLH,FL,ASO,ES,Combined TRACON& Tower with Radar,10,27,25,29,91,0,4,35,5,44,10,31,60,34,135,10,4,14,149
06/18/2015,TLH,FL,ASO,ES,Combined TRACON& Tower with Radar,10,35,25,32,102,0,0,26,3,29,10,35,51,35,131,36,32,68,199
06/19/2015,TLH,FL,ASO,ES,Combined TRACON& Tower with Radar,11,37,23,29,100,0,5,52,5,62,11,42,75,34,162,48,4,52,214
06/20/2015,TLH,FL,ASO,ES,Combined TRACON& Tower with Radar,9,26,23,16,74,0,0,29,0,29,9,26,52,16,103,36,0,36,139
06/21/2015,TLH,FL,ASO,ES,Combined TRACON& Tower with Radar,7,26,48,28,109,0,0,22,1,23,7,26,70,29,132,2,4,6,138
06/22/2015,TLH,FL,ASO,ES,Combined TRACON& Tower with Radar,11,33,53,20,117,0,0,27,0,27,11,33,80,20,144,18,0,18,162
06/23/2015,TLH,FL,ASO,ES,Combined TRACON& Tower with Radar,13,33,29,33,108,0,0,22,2,24,13,33,51,35,132,41,6,47,179
06/24/2015,TLH,FL,ASO,ES,Combined TRACON& Tower with Radar,13,26,36,18,93,0,1,43,3,47,13,27,79,21,140,26,32,58,198
06/25/2015,TLH,FL,ASO,ES,Combined TRACON& Tower with Radar,17,36,38,35,126,0,0,40,2,42,17,36,78,37,168,26,4,30,198
06/26/2015,TLH,FL,ASO,ES,Combined TRACON& Tower with Radar,12,29,17,8,66,0,1,20,2,23,12,30,37,10,89,8,0,8,97
06/27/2015,TLH,FL,ASO,ES,Combined TRACON& Tower with Radar,13,19,6,2,40,0,0,6,2,8,13,19,12,4,48,0,0,0,48
06/28/2015,TLH,FL,ASO,ES,Combined TRACON& Tower with Radar,11,27,19,3,60,0,0,14,1,15,11,27,33,4,75,28,0,28,103
06/29/2015,TLH,FL,ASO,ES,Combined TRACON& Tower with Radar,12,30,13,32,87,0,0,19,0,19,12,30,32,32,106,8,22,30,136
06/30/2015,TLH,FL,ASO,ES,Combined TRACON& Tower with Radar,11,32,21,20,84,0,0,31,0,31,11,32,52,20,115,4,4,8,123
07/01/2015,TLH,FL,ASO,ES,Combined TRACON& Tower with Radar,8,30,31,16,85,0,2,26,5,33,8,32,57,21,118,48,12,60,178
07/02/2015,TLH,FL,ASO,ES,Combined TRACON& Tower with Radar,12,32,20,10,74,0,0,32,0,32,12,32,52,10,106,42,0,42,148
07/03/2015,TLH,FL,ASO,ES,Combined TRACON& Tower with Radar,12,16,21,0,49,0,0,16,2,18,12,16,37,2,67,38,0,38,105
07/04/2015,TLH,FL,ASO,ES,Combined TRACON& Tower with Radar,12,8,9,0,29,0,0,35,2,37,12,8,44,2,66,6,0,6,72
07/05/2015,TLH,FL,ASO,ES,Combined TRACON& Tower with Radar,14,22,17,0,53,0,0,20,1,21,14,22,37,1,74,24,0,24,98
07/06/2015,TLH,FL,ASO,ES,Combined TRACON& Tower with Radar,13,33,28,0,74,0,0,29,2,31,13,33,57,2,105,49,0,49,154
07/07/2015,TLH,FL,ASO,ES,Combined TRACON& Tower with Radar,10,29,37,23,99,0,0,36,7,43,10,29,73,30,142,30,0,30,172
07/08/2015,TLH,FL,ASO,ES,Combined TRACON& Tower with Radar,10,29,22,14,75,0,0,35,1,36,10,29,57,15,111,28,6,34,145
07/09/2015,TLH,FL,ASO,ES,Combined TRACON& Tower with Radar,12,33,33,6,84,0,0,43,0,43,12,33,76,6,127,0,0,0,127
07/10/2015,TLH,FL,ASO,ES,Combined TRACON& Tower with Radar,11,31,24,48,114,0,0,32,4,36,11,31,56,52,150,38,0,38,188
07/11/2015,TLH,FL,ASO,ES,Combined TRACON& Tower with Radar,12,21,19,21,73,0,0,32,8,40,12,21,51,29,113,10,28,38,151
07/12/2015,TLH,FL,ASO,ES,Combined TRACON& Tower with Radar,11,29,31,20,91,0,3,23,15,41,11,32,54,35,132,0,0,0,132
07/13/2015,TLH,FL,ASO,ES,Combined TRACON& Tower with Radar,12,31,17,40,100,0,0,32,6,38,12,31,49,46,138,30,14,44,182
07/14/2015,TLH,FL,ASO,ES,Combined TRACON& Tower with Radar,10,29,16,6,61,0,2,20,6,28,10,31,36,12,89,12,0,12,101
07/15/2015,TLH,FL,ASO,ES,Combined TRACON& Tower with Radar,11,35,18,22,86,0,0,33,3,36,11,35,51,25,122,22,0,22,144
07/16/2015,TLH,FL,ASO,ES,Combined TRACON& Tower with Radar,8,31,28,17,84,0,0,32,5,37,8,31,60,22,121,38,0,38,159
07/17/2015,TLH,FL,ASO,ES,Combined TRACON& Tower with Radar,11,30,26,9,76,0,0,37,6,43,11,30,63,15,119,30,0,30,149
07/18/2015,TLH,FL,ASO,ES,Combined TRACON& Tower with Radar,15,19,22,0,56,0,0,24,0,24,15,19,46,0,80,4,0,4,84
07/19/2015,TLH,FL,ASO,ES,Combined TRACON& Tower with Radar,11,21,14,4,50,0,1,27,3,31,11,22,41,7,81,10,0,10,91
07/20/2015,TLH,FL,ASO,ES,Combined TRACON& Tower with Radar,13,32,25,8,78,0,1,25,3,29,13,33,50,11,107,43,8,51,158
07/21/2015,TLH,FL,ASO,ES,Combined TRACON& Tower with Radar,10,30,19,25,84,0,1,28,2,31,10,31,47,27,115,24,0,24,139
07/22/2015,TLH,FL,ASO,ES,Combined TRACON& Tower with Radar,10,29,23,19,81,0,0,19,2,21,10,29,42,21,102,12,22,34,136
07/23/2015,TLH,FL,ASO,ES,Combined TRACON& Tower with Radar,7,33,32,11,83,0,1,27,3,31,7,34,59,14,114,44,6,50,164
07/24/2015,TLH,FL,ASO,ES,Combined TRACON& Tower with Radar,12,34,26,10,82,0,0,26,8,34,12,34,52,18,116,24,0,24,140
07/25/2015,TLH,FL,ASO,ES,Combined TRACON& Tower with Radar,12,21,18,2,53,0,0,12,1,13,12,21,30,3,66,4,0,4,70
07/26/2015,TLH,FL,ASO,ES,Combined TRACON& Tower with Radar,12,21,25,25,83,0,0,32,3,35,12,21,57,28,118,28,0,28,146
07/27/2015,TLH,FL,ASO,ES,Combined TRACON& Tower with Radar,12,35,37,20,104,0,0,35,3,38,12,35,72,23,142,6,8,14,156
07/28/2015,TLH,FL,ASO,ES,Combined TRACON& Tower with Radar,10,27,26,19,82,0,0,22,4,26,10,27,48,23,108,20,4,24,132
07/29/2015,TLH,FL,ASO,ES,Combined TRACON& Tower with Radar,10,27,24,10,71,0,0,20,0,20,10,27,44,10,91,4,0,4,95
07/30/2015,TLH,FL,ASO,ES,Combined TRACON& Tower with Radar,11,30,33,15,89,0,0,15,5,20,11,30,48,20,109,16,0,16,125
07/31/2015,TLH,FL,ASO,ES,Combined TRACON& Tower with Radar,14,27,42,38,121,0,1,23,5,29,14,28,65,43,150,20,6,26,176
08/01/2015,TLH,FL,ASO,ES,Combined TRACON& Tower with Radar,16,18,11,8,53,0,0,14,0,14,16,18,25,8,67,0,0,0,67
08/02/2015,TLH,FL,ASO,ES,Combined TRACON& Tower with Radar,9,24,21,11,65,0,0,22,1,23,9,24,43,12,88,40,0,40,128
08/03/2015,TLH,FL,ASO,ES,Combined TRACON& Tower with Radar,12,30,18,33,93,0,0,33,1,34,12,30,51,34,127,18,42,60,187
08/04/2015,TLH,FL,ASO,ES,Combined TRACON& Tower with Radar,10,35,32,28,105,0,0,31,6,37,10,35,63,34,142,30,24,54,196
08/05/2015,TLH,FL,ASO,ES,Combined TRACON& Tower with Radar,12,28,23,14,77,0,0,32,2,34,12,28,55,16,111,28,0,28,139
08/06/2015,TLH,FL,ASO,ES,Combined TRACON& Tower with Radar,13,36,29,13,91,0,0,38,1,39,13,36,67,14,130,46,0,46,176
08/07/2015,TLH,FL,ASO,ES,Combined TRACON& Tower with Radar,13,32,23,8,76,0,0,21,4,25,13,32,44,12,101,18,36,54,155
08/08/2015,TLH,FL,ASO,ES,Combined TRACON& Tower with Radar,16,25,13,3,57,0,0,33,2,35,16,25,46,5,92,2,0,2,94
08/09/2015,TLH,FL,ASO,ES,Combined TRACON& Tower with Radar,9,28,29,4,70,0,1,33,4,38,9,29,62,8,108,0,0,0,108
08/10/2015,TLH,FL,ASO,ES,Combined TRACON& Tower with Radar,13,32,31,32,108,0,0,22,0,22,13,32,53,32,130,46,0,46,176
08/11/2015,TLH,FL,ASO,ES,Combined TRACON& Tower with Radar,10,27,30,58,125,0,2,18,11,31,10,29,48,69,156,14,4,18,174
08/12/2015,TLH,FL,ASO,ES,Combined TRACON& Tower with Radar,10,32,20,6,68,0,0,38,2,40,10,32,58,8,108,22,8,30,138
08/13/2015,TLH,FL,ASO,ES,Combined TRACON& Tower with Radar,13,37,34,26,110,0,0,30,4,34,13,37,64,30,144,18,64,82,226
08/14/2015,TLH,FL,ASO,ES,Combined TRACON& Tower with Radar,13,32,12,11,68,0,0,14,6,20,13,32,26,17,88,16,4,20,108
08/15/2015,TLH,FL,ASO,ES,Combined TRACON& Tower with Radar,13,21,27,10,71,0,0,29,0,29,13,21,56,10,100,12,0,12,112
08/16/2015,TLH,FL,ASO,ES,Combined TRACON& Tower with Radar,10,24,12,9,55,0,0,23,1,24,10,24,35,10,79,0,0,0,79
08/17/2015,TLH,FL,ASO,ES,Combined TRACON& Tower with Radar,11,38,36,13,98,0,0,10,1,11,11,38,46,14,109,0,0,0,109
08/18/2015,TLH,FL,ASO,ES,Combined TRACON& Tower with Radar,11,30,42,13,96,0,0,24,5,29,11,30,66,18,125,32,0,32,157
08/19/2015,TLH,FL,ASO,ES,Combined TRACON& Tower with Radar,14,26,48,15,103,0,0,20,10,30,14,26,68,25,133,14,10,24,157
08/20/2015,TLH,FL,ASO,ES,Combined TRACON& Tower with Radar,16,35,35,32,118,0,0,18,0,18,16,35,53,32,136,48,18,66,202
08/21/2015,TLH,FL,ASO,ES,Combined TRACON& Tower with Radar,15,25,21,42,103,0,0,24,18,42,15,25,45,60,145,26,14,40,185
08/22/2015,TLH,FL,ASO,ES,Combined TRACON& Tower with Radar,18,16,28,6,68,0,1,44,2,47,18,17,72,8,115,36,0,36,151
08/23/2015,TLH,FL,ASO,ES,Combined TRACON& Tower with Radar,14,25,26,1,66,0,0,25,11,36,14,25,51,12,102,20,0,20,122
08/24/2015,TLH,FL,ASO,ES,Combined TRACON& Tower with Radar,14,33,19,19,85,0,1,24,1,26,14,34,43,20,111,14,0,14,125
08/25/2015,TLH,FL,ASO,ES,Combined TRACON& Tower with Radar,12,24,34,42,112,0,2,16,4,22,12,26,50,46,134,20,18,38,172
08/26/2015,TLH,FL,ASO,ES,Combined TRACON& Tower with Radar,11,28,26,45,110,0,0,42,4,46,11,28,68,49,156,56,20,76,232
08/27/2015,TLH,FL,ASO,ES,Combined TRACON& Tower with Radar,12,27,45,39,123,0,0,32,7,39,12,27,77,46,162,40,2,42,204
08/28/2015,TLH,FL,ASO,ES,Combined TRACON& Tower with Radar,14,26,20,7,67,0,0,35,5,40,14,26,55,12,107,10,0,10,117
08/29/2015,TLH,FL,ASO,ES,Combined TRACON& Tower with Radar,15,14,13,0,42,0,0,15,2,17,15,14,28,2,59,13,0,13,72
08/30/2015,TLH,FL,ASO,ES,Combined TRACON& Tower with Radar,12,23,28,21,84,0,0,20,7,27,12,23,48,28,111,14,0,14,125
08/31/2015,TLH,FL,ASO,ES,Combined TRACON& Tower with Radar,13,32,31,32,108,0,0,22,0,22,13,32,53,32,130,50,14,64,194
09/01/2015,TLH,FL,ASO,ES,Combined TRACON& Tower with Radar,10,27,30,58,125,0,2,18,11,31,10,29,48,69,156,4,0,4,160
09/02/2015,TLH,FL,ASO,ES,Combined TRACON& Tower with Radar,10,32,20,6,68,0,0,38,2,40,10,32,58,8,108,18,0,18,126
09/03/2015,TLH,FL,ASO,ES,Combined TRACON& Tower with Radar,13,37,34,26,110,0,0,30,4,34,13,37,64,30,144,42,20,62,206
09/04/2015,TLH,FL,ASO,ES,Combined TRACON& Tower with Radar,13,32,12,11,68,0,0,14,6,20,13,32,26,17,88,44,0,44,132
09/05/2015,TLH,FL,ASO,ES,Combined TRACON& Tower with Radar,13,21,27,10,71,0,0,29,0,29,13,21,56,10,100,18,0,18,118
09/06/2015,TLH,FL,ASO,ES,Combined TRACON& Tower with Radar,10,24,12,9,55,0,0,23,1,24,10,24,35,10,79,28,0,28,107
09/07/2015,TLH,FL,ASO,ES,Combined TRACON& Tower with Radar,11,38,36,13,98,0,0,10,1,11,11,38,46,14,109,8,0,8,117
09/08/2015,TLH,FL,ASO,ES,Combined TRACON& Tower with Radar,11,30,42,13,96,0,0,24,5,29,11,30,66,18,125,0,0,0,125
09/09/2015,TLH,FL,ASO,ES,Combined TRACON& Tower with Radar,15,28,54,54,151,0,0,41,2,43,15,28,95,56,194,34,44,78,272
09/10/2015,TLH,FL,ASO,ES,Combined TRACON& Tower with Radar,13,25,21,3,62,0,0,8,4,12,13,25,29,7,74,56,28,84,158
09/11/2015,TLH,FL,ASO,ES,Combined TRACON& Tower with Radar,13,27,25,67,132,0,0,30,1,31,13,27,55,68,163,18,28,46,209
09/12/2015,TLH,FL,ASO,ES,Combined TRACON& Tower with Radar,9,15,20,0,44,0,0,2,4,6,9,15,22,4,50,10,0,10,60
09/13/2015,TLH,FL,ASO,ES,Combined TRACON& Tower with Radar,15,27,33,19,94,0,0,63,2,65,15,27,96,21,159,48,0,48,207
09/14/2015,TLH,FL,ASO,ES,Combined TRACON& Tower with Radar,15,23,33,22,93,0,0,30,4,34,15,23,63,26,127,20,6,26,153
09/15/2015,TLH,FL,ASO,ES,Combined TRACON& Tower with Radar,14,26,25,50,115,0,0,33,9,42,14,26,58,59,157,20,70,90,247
09/16/2015,TLH,FL,ASO,ES,Combined TRACON& Tower with Radar,16,24,27,15,82,0,0,7,0,7,16,24,34,15,89,14,0,14,103
09/17/2015,TLH,FL,ASO,ES,Combined TRACON& Tower with Radar,15,40,44,12,111,0,0,25,0,25,15,40,69,12,136,22,0,22,158
09/18/2015,TLH,FL,ASO,ES,Combined TRACON& Tower with Radar,16,32,49,67,164,0,4,31,3,38,16,36,80,70,202,10,6,16,218
09/19/2015,TLH,FL,ASO,ES,Combined TRACON& Tower with Radar,7,10,21,6,44,0,1,51,6,58,7,11,72,12,102,2,0,2,104
09/20/2015,TLH,FL,ASO,ES,Combined TRACON& Tower with Radar,8,23,34,40,105,0,0,45,12,57,8,23,79,52,162,16,2,18,180
09/21/2015,TLH,FL,ASO,ES,Combined TRACON& Tower with Radar,16,28,30,37,111,0,2,45,5,52,16,30,75,42,163,48,62,110,273
09/22/2015,TLH,FL,ASO,ES,Combined TRACON& Tower with Radar,16,23,30,16,85,0,0,19,4,23,16,23,49,20,108,21,0,21,129
09/23/2015,TLH,FL,ASO,ES,Combined TRACON& Tower with Radar,16,25,33,38,112,0,0,38,4,42,16,25,71,42,154,36,38,74,228
09/24/2015,TLH,FL,ASO,ES,Combined TRACON& Tower with Radar,18,29,36,17,100,0,0,18,1,19,18,29,54,18,119,28,8,36,155
09/25/2015,TLH,FL,ASO,ES,Combined TRACON& Tower with Radar,16,32,57,42,147,0,1,24,2,27,16,33,81,44,174,8,0,8,182
09/26/2015,TLH,FL,ASO,ES,Combined TRACON& Tower with Radar,5,17,17,9,48,0,0,37,2,39,5,17,54,11,87,24,0,24,111
09/27/2015,TLH,FL,ASO,ES,Combined TRACON& Tower with Radar,12,22,25,23,82,0,0,4,1,5,12,22,29,24,87,0,0,0,87
09/28/2015,TLH,FL,ASO,ES,Combined TRACON& Tower with Radar,16,27,28,1,72,0,0,4,1,5,16,27,32,2,77,0,14,14,91
09/29/2015,TLH,FL,ASO,ES,Combined TRACON& Tower with Radar,16,25,33,9,83,0,0,5,0,5,16,25,38,9,88,0,0,0,88
09/30/2015,TLH,FL,ASO,ES,Combined TRACON& Tower with Radar,16,25,36,14,91,0,0,19,2,21,16,25,55,16,112,10,18,28,140
10/01/2015,TLH,FL,ASO,ES,Combined TRACON& Tower with Radar,18,29,34,44,125,0,0,29,4,33,18,29,63,48,158,32,0,32,190
10/02/2015,TLH,FL,ASO,ES,Combined TRACON& Tower with Radar,14,26,32,10,82,0,1,14,7,22,14,27,46,17,104,2,0,2,106
10/03/2015,TLH,FL,ASO,ES,Combined TRACON& Tower with Radar,9,16,28,12,65,0,0,8,0,8,9,16,36,12,73,10,0,10,83
10/04/2015,TLH,FL,ASO,ES,Combined TRACON& Tower with Radar,12,23,37,8,80,0,0,5,8,13,12,23,42,16,93,0,0,0,93
10/05/2015,TLH,FL,ASO,ES,Combined TRACON& Tower with Radar,11,24,30,15,80,0,0,8,0,8,11,24,38,15,88,0,0,0,88
10/06/2015,TLH,FL,ASO,ES,Combined TRACON& Tower with Radar,12,20,26,17,75,0,0,9,0,9,12,20,35,17,84,4,0,4,88
10/07/2015,TLH,FL,ASO,ES,Combined TRACON& Tower with Radar,11,22,30,26,89,0,1,10,5,16,11,23,40,31,105,81,0,81,186
10/08/2015,TLH,FL,ASO,ES,Combined TRACON& Tower with Radar,13,32,33,21,99,0,0,46,5,51,13,32,79,26,150,56,10,66,216
10/09/2015,TLH,FL,ASO,ES,Combined TRACON& Tower with Radar,15,31,48,40,134,0,0,47,5,52,15,31,95,45,186,8,12,20,206
10/10/2015,TLH,FL,ASO,ES,Combined TRACON& Tower with Radar,8,25,55,0,88,0,0,42,0,42,8,25,97,0,130,2,0,2,132
10/11/2015,TLH,FL,ASO,ES,Combined TRACON& Tower with Radar,13,32,72,8,125,0,0,49,1,50,13,32,121,9,175,18,0,18,193
10/12/2015,TLH,FL,ASO,ES,Combined TRACON& Tower with Radar,15,27,39,6,87,0,0,43,0,43,15,27,82,6,130,20,0,20,150
10/13/2015,TLH,FL,ASO,ES,Combined TRACON& Tower with Radar,13,28,41,30,112,0,0,42,0,42,13,28,83,30,154,40,0,40,194
10/14/2015,TLH,FL,ASO,ES,Combined TRACON& Tower with Radar,14,34,43,26,117,0,0,49,4,53,14,34,92,30,170,70,6,76,246
10/15/2015,TLH,FL,ASO,ES,Combined TRACON& Tower with Radar,16,39,35,16,106,0,4,62,14,80,16,43,97,30,186,34,2,36,222
10/16/2015,TLH,FL,ASO,ES,Combined TRACON& Tower with Radar,17,41,57,33,148,0,1,64,16,81,17,42,121,49,229,49,0,49,278
10/17/2015,TLH,FL,ASO,ES,Combined TRACON& Tower with Radar,14,27,46,19,106,0,3,61,14,78,14,30,107,33,184,0,0,0,184
10/18/2015,TLH,FL,ASO,ES,Combined TRACON& Tower with Radar,12,38,39,7,96,0,1,36,4,41,12,39,75,11,137,0,0,0,137
10/19/2015,TLH,FL,ASO,ES,Combined TRACON& Tower with Radar,14,27,26,41,108,0,0,23,1,24,14,27,49,42,132,4,8,12,144
10/20/2015,TLH,FL,ASO,ES,Combined TRACON& Tower with Radar,15,29,39,37,120,0,0,39,7,46,15,29,78,44,166,4,4,8,174
10/21/2015,TLH,FL,ASO,ES,Combined TRACON& Tower with Radar,12,32,43,14,101,0,0,42,3,45,12,32,85,17,146,0,0,0,146
10/22/2015,TLH,FL,ASO,ES,Combined TRACON& Tower with Radar,19,34,30,36,119,0,0,42,9,51,19,34,72,45,170,12,4,16,186
10/23/2015,TLH,FL,ASO,ES,Combined TRACON& Tower with Radar,13,34,34,44,125,0,2,60,10,72,13,36,94,54,197,10,0,10,207
10/24/2015,TLH,FL,ASO,ES,Combined TRACON& Tower with Radar,9,12,19,16,56,0,0,46,10,56,9,12,65,26,112,10,0,10,122
10/25/2015,TLH,FL,ASO,ES,Combined TRACON& Tower with Radar,15,28,41,29,113,0,0,32,4,36,15,28,73,33,149,26,4,30,179
10/26/2015,TLH,FL,ASO,ES,Combined TRACON& Tower with Radar,14,27,38,6,85,0,1,5,0,6,14,28,43,6,91,0,24,24,115
10/27/2015,TLH,FL,ASO,ES,Combined TRACON& Tower with Radar,15,22,17,16,70,0,1,6,1,8,15,23,23,17,78,0,40,40,118
10/28/2015,TLH,FL,ASO,ES,Combined TRACON& Tower with Radar,13,25,44,40,122,0,2,21,5,28,13,27,65,45,150,30,82,112,262
10/29/2015,TLH,FL,ASO,ES,Combined TRACON& Tower with Radar,18,35,47,18,118,0,0,28,7,35,18,35,75,25,153,44,20,64,217
10/30/2015,TLH,FL,ASO,ES,Combined TRACON& Tower with Radar,17,30,67,22,136,0,0,61,4,65,17,30,128,26,201,26,10,36,237
10/31/2015,TLH,FL,ASO,ES,Combined TRACON& Tower with Radar,12,15,35,9,71,0,0,20,4,24,12,15,55,13,95,19,0,19,114
11/01/2015,TLH,FL,ASO,ES,Combined TRACON& Tower with Radar,15,22,43,5,85,0,0,3,3,6,15,22,46,8,91,0,0,0,91
11/02/2015,TLH,FL,ASO,ES,Combined TRACON& Tower with Radar,13,30,40,15,98,0,0,7,0,7,13,30,47,15,105,8,8,16,121
11/03/2015,TLH,FL,ASO,ES,Combined TRACON& Tower with Radar,14,25,52,19,110,0,0,18,8,26,14,25,70,27,136,26,6,32,168
11/04/2015,TLH,FL,ASO,ES,Combined TRACON& Tower with Radar,16,30,42,34,122,0,0,14,0,14,16,30,56,34,136,6,14,20,156
11/05/2015,TLH,FL,ASO,ES,Combined TRACON& Tower with Radar,20,27,53,31,131,0,0,22,23,45,20,27,75,54,176,20,4,24,200
11/06/2015,TLH,FL,ASO,ES,Combined TRACON& Tower with Radar,18,31,51,25,125,0,0,21,34,55,18,31,72,59,180,10,0,10,190
11/07/2015,TLH,FL,ASO,ES,Combined TRACON& Tower with Radar,15,11,38,9,73,0,0,17,0,17,15,11,55,9,90,8,0,8,98
11/08/2015,TLH,FL,ASO,ES,Combined TRACON& Tower with Radar,10,12,19,16,57,0,0,47,10,57,10,12,66,26,114,0,0,0,114
11/09/2015,TLH,FL,ASO,ES,Combined TRACON& Tower with Radar,19,29,19,24,91,0,0,1,4,5,19,29,20,28,96,0,0,0,96
11/10/2015,TLH,FL,ASO,ES,Combined TRACON& Tower with Radar,20,25,36,11,92,0,0,10,0,10,20,25,46,11,102,12,0,12,114
11/11/2015,TLH,FL,ASO,ES,Combined TRACON& Tower with Radar,21,20,33,6,80,0,0,16,3,19,21,20,49,9,99,33,0,33,132
11/12/2015,TLH,FL,ASO,ES,Combined TRACON& Tower with Radar,19,34,47,17,117,0,0,32,9,41,19,34,79,26,158,6,0,6,164
11/13/2015,TLH,FL,ASO,ES,Combined TRACON& Tower with Radar,23,35,58,19,135,0,0,51,6,57,23,35,109,25,192,14,0,14,206
11/14/2015,TLH,FL,ASO,ES,Combined TRACON& Tower with Radar,17,14,33,11,75,0,2,54,4,60,17,16,87,15,135,24,0,24,159
11/15/2015,TLH,FL,ASO,ES,Combined TRACON& Tower with Radar,19,18,38,26,101,0,0,40,7,47,19,18,78,33,148,32,0,32,180
11/16/2015,TLH,FL,ASO,ES,Combined TRACON& Tower with Radar,19,29,59,21,128,0,0,26,12,38,19,29,85,33,166,44,12,56,222
11/17/2015,TLH,FL,ASO,ES,Combined TRACON& Tower with Radar,18,26,38,62,144,0,0,33,0,33,18,26,71,62,177,39,4,43,220
11/18/2015,TLH,FL,ASO,ES,Combined TRACON& Tower with Radar,22,22,36,11,91,0,1,7,0,8,22,23,43,11,99,0,28,28,127
11/19/2015,TLH,FL,ASO,ES,Combined TRACON& Tower with Radar,15,26,55,10,106,0,1,3,0,4,15,27,58,10,110,0,0,0,110
11/20/2015,TLH,FL,ASO,ES,Combined TRACON& Tower with Radar,20,27,37,41,125,0,1,50,17,68,20,28,87,58,193,4,8,12,205
11/21/2015,TLH,FL,ASO,ES,Combined TRACON& Tower with Radar,15,16,34,0,65,0,0,21,0,21,15,16,55,0,86,0,0,0,86
11/22/2015,TLH,FL,ASO,ES,Combined TRACON& Tower with Radar,15,20,33,31,99,0,0,7,6,13,15,20,40,37,112,8,0,8,120
11/23/2015,TLH,FL,ASO,ES,Combined TRACON& Tower with Radar,15,18,24,9,66,0,3,7,0,10,15,21,31,9,76,26,4,30,106
11/24/2015,TLH,FL,ASO,ES,Combined TRACON& Tower with Radar,16,23,17,4,60,0,0,2,0,2,16,23,19,4,62,31,30,61,123
11/25/2015,TLH,FL,ASO,ES,Combined TRACON& Tower with Radar,17,12,16,0,45,0,0,2,0,2,17,12,18,0,47,39,8,47,94
11/26/2015,TLH,FL,ASO,ES,Combined TRACON& Tower with Radar,15,6,9,0,30,0,0,7,0,7,15,6,16,0,37,0,0,0,37
11/27/2015,TLH,FL,ASO,ES,Combined TRACON& Tower with Radar,18,14,25,2,59,0,0,34,0,34,18,14,59,2,93,10,0,10,103
11/28/2015,TLH,FL,ASO,ES,Combined TRACON& Tower with Radar,15,16,30,0,61,0,0,19,2,21,15,16,49,2,82,16,0,16,98
11/29/2015,TLH,FL,ASO,ES,Combined TRACON& Tower with Radar,17,17,37,2,73,0,0,26,0,26,17,17,63,2,99,16,0,16,115
11/30/2015,TLH,FL,ASO,ES,Combined TRACON& Tower with Radar,19,31,48,25,123,0,0,24,4,28,19,31,72,29,151,0,0,0,151
12/01/2015,TLH,FL,ASO,ES,Combined TRACON& Tower with Radar,26,19,50,37,132,0,0,22,8,30,26,19,72,45,162,0,0,0,162
12/02/2015,TLH,FL,ASO,ES,Combined TRACON& Tower with Radar,24,29,41,16,110,0,0,0,0,0,24,29,41,16,110,8,0,8,118
12/03/2015,TLH,FL,ASO,ES,Combined TRACON& Tower with Radar,23,28,41,24,116,0,0,40,5,45,23,28,81,29,161,14,0,14,175
12/04/2015,TLH,FL,ASO,ES,Combined TRACON& Tower with Radar,20,34,67,55,176,0,0,41,19,60,20,34,108,74,236,33,2,35,271
12/05/2015,TLH,FL,ASO,ES,Combined TRACON& Tower with Radar,15,11,30,7,63,0,0,50,0,50,15,11,80,7,113,6,0,6,119
12/06/2015,TLH,FL,ASO,ES,Combined TRACON& Tower with Radar,22,26,38,34,120,0,0,51,15,66,22,26,89,49,186,4,0,4,190
12/07/2015,TLH,FL,ASO,ES,Combined TRACON& Tower with Radar,19,25,45,74,163,0,0,31,8,39,19,25,76,82,202,28,52,80,282
12/08/2015,TLH,FL,ASO,ES,Combined TRACON& Tower with Radar,22,23,39,44,128,0,0,34,0,34,22,23,73,44,162,28,4,32,194
12/09/2015,TLH,FL,ASO,ES,Combined TRACON& Tower with Radar,26,23,49,51,149,0,0,55,7,62,26,23,104,58,211,8,64,72,283
12/10/2015,TLH,FL,ASO,ES,Combined TRACON& Tower with Radar,23,32,39,36,130,0,1,48,2,51,23,33,87,38,181,22,8,30,211
12/11/2015,TLH,FL,ASO,ES,Combined TRACON& Tower with Radar,22,22,45,35,124,0,1,32,8,41,22,23,77,43,165,0,16,16,181
12/12/2015,TLH,FL,ASO,ES,Combined TRACON& Tower with Radar,17,13,26,13,69,0,1,39,3,43,17,14,65,16,112,8,0,8,120
12/13/2015,TLH,FL,ASO,ES,Combined TRACON& Tower with Radar,25,17,40,15,97,0,0,20,4,24,25,17,60,19,121,10,0,10,131
12/14/2015,TLH,FL,ASO,ES,Combined TRACON& Tower with Radar,23,21,41,14,99,0,0,5,0,5,23,21,46,14,104,0,0,0,104
12/15/2015,TLH,FL,ASO,ES,Combined TRACON& Tower with Radar,23,37,37,16,113,0,0,44,0,44,23,37,81,16,157,24,4,28,185
12/16/2015,TLH,FL,ASO,ES,Combined TRACON& Tower with Radar,21,25,58,37,141,0,0,13,3,16,21,25,71,40,157,2,14,16,173
12/17/2015,TLH,FL,ASO,ES,Combined TRACON& Tower with Radar,25,31,29,12,97,0,0,5,0,5,25,31,34,12,102,0,20,20,122
12/18/2015,TLH,FL,ASO,ES,Combined TRACON& Tower with Radar,21,21,19,45,106,0,0,39,4,43,21,21,58,49,149,12,10,22,171
12/19/2015,TLH,FL,ASO,ES,Combined TRACON& Tower with Radar,8,26,19,4,57,0,0,59,2,61,8,26,78,6,118,22,8,30,148
12/20/2015,TLH,FL,ASO,ES,Combined TRACON& Tower with Radar,14,18,18,12,62,0,0,27,10,37,14,18,45,22,99,10,2,12,111
12/21/2015,TLH,FL,ASO,ES,Combined TRACON& Tower with Radar,15,29,24,22,90,0,0,15,1,16,15,29,39,23,106,0,28,28,134
12/22/2015,TLH,FL,ASO,ES,Combined TRACON& Tower with Radar,19,27,3,0,49,0,0,1,0,1,19,27,4,0,50,0,0,0,50
12/23/2015,TLH,FL,ASO,ES,Combined TRACON& Tower with Radar,17,18,17,0,52,0,0,4,0,4,17,18,21,0,56,0,0,0,56
12/24/2015,TLH,FL,ASO,ES,Combined TRACON& Tower with Radar,21,17,5,0,43,0,0,0,0,0,21,17,5,0,43,0,0,0,43
12/25/2015,TLH,FL,ASO,ES,Combined TRACON& Tower with Radar,14,16,11,0,41,0,0,4,0,4,14,16,15,0,45,0,0,0,45
12/26/2015,TLH,FL,ASO,ES,Combined TRACON& Tower with Radar,7,17,39,2,65,0,0,17,1,18,7,17,56,3,83,12,0,12,95
12/27/2015,TLH,FL,ASO,ES,Combined TRACON& Tower with Radar,15,18,19,5,57,0,0,15,1,16,15,18,34,6,73,0,6,6,79
12/28/2015,TLH,FL,ASO,ES,Combined TRACON& Tower with Radar,13,18,20,4,55,0,0,4,0,4,13,18,24,4,59,0,6,6,65
12/29/2015,TLH,FL,ASO,ES,Combined TRACON& Tower with Radar,17,23,18,2,60,0,0,3,0,3,17,23,21,2,63,6,0,6,69
12/30/2015,TLH,FL,ASO,ES,Combined TRACON& Tower with Radar,18,18,25,1,62,0,0,7,0,7,18,18,32,1,69,0,0,0,69
12/31/2015,TLH,FL,ASO,ES,Combined TRACON& Tower with Radar,18,16,5,1,40,0,0,0,0,0,18,16,5,1,40,0,0,0,40
01/01/2016,TLH,FL,ASO,ES,Combined TRACON& Tower with Radar,16,7,12,0,35,0,0,6,0,6,16,7,18,0,41,0,0,0,41
01/02/2016,TLH,FL,ASO,ES,Combined TRACON& Tower with Radar,6,19,22,0,47,0,0,31,2,33,6,19,53,2,80,4,0,4,84
01/03/2016,TLH,FL,ASO,ES,Combined TRACON& Tower with Radar,15,15,35,0,65,0,0,10,0,10,15,15,45,0,75,0,0,0,75
01/04/2016,TLH,FL,ASO,ES,Combined TRACON& Tower with Radar,17,30,30,11,88,0,0,60,4,64,17,30,90,15,152,32,2,34,186
01/05/2016,TLH,FL,ASO,ES,Combined TRACON& Tower with Radar,15,29,41,28,113,0,0,36,1,37,15,29,77,29,150,12,0,12,162
01/06/2016,TLH,FL,ASO,ES,Combined TRACON& Tower with Radar,16,24,32,41,113,0,0,34,8,42,16,24,66,49,155,42,44,86,241
01/07/2016,TLH,FL,ASO,ES,Combined TRACON& Tower with Radar,18,31,36,41,126,0,0,21,2,23,18,31,57,43,149,0,24,24,173
01/08/2016,TLH,FL,ASO,ES,Combined TRACON& Tower with Radar,23,38,49,28,138,0,0,0,0,0,23,38,49,28,138,0,0,0,138
01/09/2016,TLH,FL,ASO,ES,Combined TRACON& Tower with Radar,7,19,24,0,50,0,0,3,0,3,7,19,27,0,53,0,0,0,53
01/10/2016,TLH,FL,ASO,ES,Combined TRACON& Tower with Radar,19,22,28,21,90,0,0,13,11,24,19,22,41,32,114,0,0,0,114
01/11/2016,TLH,FL,ASO,ES,Combined TRACON& Tower with Radar,16,29,29,33,107,0,0,35,11,46,16,29,64,44,153,26,18,44,197
01/12/2016,TLH,FL,ASO,ES,Combined TRACON& Tower with Radar,15,30,47,34,126,0,2,48,11,61,15,32,95,45,187,2,2,4,191
01/13/2016,TLH,FL,ASO,ES,Combined TRACON& Tower with Radar,17,43,69,12,141,0,2,48,8,58,17,45,117,20,199,26,29,55,254
01/14/2016,TLH,FL,ASO,ES,Combined TRACON& Tower with Radar,19,36,57,30,142,0,0,40,0,40,19,36,97,30,182,14,30,44,226
01/15/2016,TLH,FL,ASO,ES,Combined TRACON& Tower with Radar,17,26,46,39,128,0,0,13,12,25,17,26,59,51,153,24,0,24,177
01/16/2016,TLH,FL,ASO,ES,Combined TRACON& Tower with Radar,9,16,35,1,61,0,0,31,4,35,9,16,66,5,96,46,0,46,142
01/17/2016,TLH,FL,ASO,ES,Combined TRACON& Tower with Radar,18,18,27,8,71,0,0,19,12,31,18,18,46,20,102,0,12,12,114
01/18/2016,TLH,FL,ASO,ES,Combined TRACON& Tower with Radar,12,19,17,1,49,0,0,8,0,8,12,19,25,1,57,26,0,26,83
01/19/2016,TLH,FL,ASO,ES,Combined TRACON& Tower with Radar,12,27,37,29,105,0,0,16,3,19,12,27,53,32,124,26,17,43,167
01/20/2016,TLH,FL,ASO,ES,Combined TRACON& Tower with Radar,17,41,62,55,175,0,0,38,10,48,17,41,100,65,223,18,10,28,251
01/21/2016,TLH,FL,ASO,ES,Combined TRACON& Tower with Radar,19,36,57,14,126,0,0,33,4,37,19,36,90,18,163,16,0,16,179
01/22/2016,TLH,FL,ASO,ES,Combined TRACON& Tower with Radar,12,27,36,11,86,0,2,9,6,17,12,29,45,17,103,6,4,10,113
01/23/2016,TLH,FL,ASO,ES,Combined TRACON& Tower with Radar,10,16,10,7,43,0,0,16,1,17,10,16,26,8,60,20,0,20,80
01/24/2016,TLH,FL,ASO,ES,Combined TRACON& Tower with Radar,18,19,20,19,76,0,0,37,5,42,18,19,57,24,118,0,0,0,118
01/25/2016,TLH,FL,ASO,ES,Combined TRACON& Tower with Radar,19,28,64,50,161,0,0,51,12,63,19,28,115,62,224,36,26,62,286
01/26/2016,TLH,FL,ASO,ES,Combined TRACON& Tower with Radar,15,30,57,43,145,0,0,40,4,44,15,30,97,47,189,30,18,48,237
01/27/2016,TLH,FL,ASO,ES,Combined TRACON& Tower with Radar,14,33,55,10,112,0,2,15,0,17,14,35,70,10,129,2,0,2,131
01/28/2016,TLH,FL,ASO,ES,Combined TRACON& Tower with Radar,14,35,46,5,100,0,0,0,0,0,14,35,46,5,100,0,0,0,100
01/29/2016,TLH,FL,ASO,ES,Combined TRACON& Tower with Radar,19,32,59,35,145,0,0,53,11,64,19,32,112,46,209,30,6,36,245
01/30/2016,TLH,FL,ASO,ES,Combined TRACON& Tower with Radar,7,18,25,14,64,0,0,62,6,68,7,18,87,20,132,30,0,30,162
01/31/2016,TLH,FL,ASO,ES,Combined TRACON& Tower with Radar,21,18,45,22,106,0,1,31,17,49,21,19,76,39,155,42,0,42,197
02/01/2016,TLH,FL,ASO,ES,Combined TRACON& Tower with Radar,19,28,50,83,180,0,1,24,4,29,19,29,74,87,209,0,80,80,289
02/02/2016,TLH,FL,ASO,ES,Combined TRACON& Tower with Radar,15,29,48,4,96,0,0,12,0,12,15,29,60,4,108,0,0,0,108
02/03/2016,TLH,FL,ASO,ES,Combined TRACON& Tower with Radar,15,24,27,0,66,0,0,0,0,0,15,24,27,0,66,0,0,0,66
02/04/2016,TLH,FL,ASO,ES,Combined TRACON& Tower with Radar,17,30,35,22,104,0,0,19,0,19,17,30,54,22,123,0,0,0,123
02/05/2016,TLH,FL,ASO,ES,Combined TRACON& Tower with Radar,20,26,64,53,163,0,1,60,14,75,20,27,124,67,238,34,10,44,282
02/06/2016,TLH,FL,ASO,ES,Combined TRACON& Tower with Radar,12,16,28,26,82,0,0,46,0,46,12,16,74,26,128,6,0,6,134
02/07/2016,TLH,FL,ASO,ES,Combined TRACON& Tower with Radar,20,20,30,37,107,0,0,52,13,65,20,20,82,50,172,4,6,10,182
02/08/2016,TLH,FL,ASO,ES,Combined TRACON& Tower with Radar,16,25,36,20,97,0,0,27,12,39,16,25,63,32,136,0,18,18,154
02/09/2016,TLH,FL,ASO,ES,Combined TRACON& Tower with Radar,15,31,56,25,127,0,1,19,2,22,15,32,75,27,149,4,0,4,153
02/10/2016,TLH,FL,ASO,ES,Combined TRACON& Tower with Radar,23,32,50,41,146,0,0,31,8,39,23,32,81,49,185,18,34,52,237
02/11/2016,TLH,FL,ASO,ES,Combined TRACON& Tower with Radar,18,32,66,24,140,0,2,50,8,60,18,34,116,32,200,52,0,52,252
02/12/2016,TLH,FL,ASO,ES,Combined TRACON& Tower with Radar,19,21,56,31,127,0,0,52,5,57,19,21,108,36,184,0,0,0,184
02/13/2016,TLH,FL,ASO,ES,Combined TRACON& Tower with Radar,21,8,25,14,68,0,1,59,3,63,21,9,84,17,131,20,0,20,151
02/14/2016,TLH,FL,ASO,ES,Combined TRACON& Tower with Radar,22,14,33,4,73,0,3,49,14,66,22,17,82,18,139,4,4,8,147
02/15/2016,TLH,FL,ASO,ES,Combined TRACON& Tower with Radar,14,34,45,4,97,0,0,25,0,25,14,34,70,4,122,22,0,22,144
02/16/2016,TLH,FL,ASO,ES,Combined TRACON& Tower with Radar,16,25,59,34,134,0,0,35,4,39,16,25,94,38,173,23,30,53,226
02/17/2016,TLH,FL,ASO,ES,Combined TRACON& Tower with Radar,21,34,75,31,161,0,0,55,7,62,21,34,130,38,223,6,30,36,259
02/18/2016,TLH,FL,ASO,ES,Combined TRACON& Tower with Radar,24,30,45,19,118,0,0,62,5,67,24,30,107,24,185,4,20,24,209
02/19/2016,TLH,FL,ASO,ES,Combined TRACON& Tower with Radar,17,29,47,64,157,0,1,55,20,76,17,30,102,84,233,10,10,20,253
02/20/2016,TLH,FL,ASO,ES,Combined TRACON& Tower with Radar,20,8,23,24,75,0,0,46,15,61,20,8,69,39,136,26,30,56,192
02/21/2016,TLH,FL,ASO,ES,Combined TRACON& Tower with Radar,23,21,31,39,114,0,0,32,13,45,23,21,63,52,159,12,12,24,183
02/22/2016,TLH,FL,ASO,ES,Combined TRACON& Tower with Radar,18,29,24,11,82,0,1,10,2,13,18,30,34,13,95,33,16,49,144
02/23/2016,TLH,FL,ASO,ES,Combined TRACON& Tower with Radar,23,27,31,6,87,0,0,0,2,2,23,27,31,8,89,0,0,0,89
02/24/2016,TLH,FL,ASO,ES,Combined TRACON& Tower with Radar,21,30,30,26,107,0,0,8,0,8,21,30,38,26,115,0,0,0,115
02/25/2016,TLH,FL,ASO,ES,Combined TRACON& Tower with Radar,21,25,62,38,146,0,0,52,10,62,21,25,114,48,208,22,12,34,242
02/26/2016,TLH,FL,ASO,ES,Combined TRACON& Tower with Radar,18,32,49,27,126,0,0,73,17,90,18,32,122,44,216,0,34,34,250
02/27/2016,TLH,FL,ASO,ES,Combined TRACON& Tower with Radar,21,11,29,8,69,0,0,75,6,81,21,11,104,14,150,26,8,34,184
02/28/2016,TLH,FL,ASO,ES,Combined TRACON& Tower with Radar,23,18,36,29,106,0,1,60,34,95,23,19,96,63,201,59,0,59,260
02/29/2016,TLH,FL,ASO,ES,Combined TRACON& Tower with Radar,18,30,30,42,120,0,2,39,5,46,18,32,69,47,166,52,14,66,232
03/01/2016,TLH,FL,ASO,ES,Combined TRACON& Tower with Radar,24,29,51,30,134,0,0,42,2,44,24,29,93,32,178,14,22,36,214
03/02/2016,TLH,FL,ASO,ES,Combined TRACON& Tower with Radar,17,24,26,19,86,0,0,34,7,41,17,24,60,26,127,12,44,56,183
03/03/2016,TLH,FL,ASO,ES,Combined TRACON& Tower with Radar,17,30,29,16,92,0,0,42,2,44,17,30,71,18,136,22,32,54,190
03/04/2016,TLH,FL,ASO,ES,Combined TRACON& Tower with Radar,14,42,81,47,184,0,2,25,1,28,14,44,106,48,212,14,6,20,232
03/05/2016,TLH,FL,ASO,ES,Combined TRACON& Tower with Radar,18,20,24,3,65,0,8,50,3,61,18,28,74,6,126,22,0,22,148
03/06/2016,TLH,FL,ASO,ES,Combined TRACON& Tower with Radar,13,24,23,35,95,0,0,31,7,38,13,24,54,42,133,8,2,10,143
03/07/2016,TLH,FL,ASO,ES,Combined TRACON& Tower with Radar,16,37,43,22,118,0,2,40,3,45,16,39,83,25,163,0,18,18,181
03/08/2016,TLH,FL,ASO,ES,Combined TRACON& Tower with Radar,15,33,36,37,121,0,0,37,6,43,15,33,73,43,164,12,6,18,182
03/09/2016,TLH,FL,ASO,ES,Combined TRACON& Tower with Radar,16,29,31,35,111,0,1,57,4,62,16,30,88,39,173,8,8,16,189
03/10/2016,TLH,FL,ASO,ES,Combined TRACON& Tower with Radar,16,41,34,60,151,0,0,29,6,35,16,41,63,66,186,2,46,48,234
03/11/2016,TLH,FL,ASO,ES,Combined TRACON& Tower with Radar,16,33,43,69,161,0,0,35,9,44,16,33,78,78,205,16,48,64,269
03/12/2016,TLH,FL,ASO,ES,Combined TRACON& Tower with Radar,19,21,28,7,75,0,0,35,1,36,19,21,63,8,111,0,0,0,111
03/13/2016,TLH,FL,ASO,ES,Combined TRACON& Tower with Radar,15,21,19,24,79,0,0,14,12,26,15,21,33,36,105,0,18,18,123
03/14/2016,TLH,FL,ASO,ES,Combined TRACON& Tower with Radar,15,31,35,67,148,0,0,23,5,28,15,31,58,72,176,8,14,22,198
03/15/2016,TLH,FL,ASO,ES,Combined TRACON& Tower with Radar,15,28,38,20,101,0,2,39,3,44,15,30,77,23,145,34,12,46,191
03/16/2016,TLH,FL,ASO,ES,Combined TRACON& Tower with Radar,19,31,22,25,97,0,4,27,4,35,19,35,49,29,132,6,10,16,148
03/17/2016,TLH,FL,ASO,ES,Combined TRACON& Tower with Radar,17,28,28,1,74,0,0,12,0,12,17,28,40,1,86,14,0,14,100
03/18/2016,TLH,FL,ASO,ES,Combined TRACON& Tower with Radar,14,36,39,13,102,0,0,6,1,7,14,36,45,14,109,2,0,2,111
03/19/2016,TLH,FL,ASO,ES,Combined TRACON& Tower with Radar,12,10,8,2,32,0,0,9,0,9,12,10,17,2,41,10,0,10,51
03/20/2016,TLH,FL,ASO,ES,Combined TRACON& Tower with Radar,13,24,30,10,77,0,2,9,7,18,13,26,39,17,95,33,2,35,130
03/21/2016,TLH,FL,ASO,ES,Combined TRACON& Tower with Radar,16,27,23,38,104,0,0,46,1,47,16,27,69,39,151,13,16,29,180
03/22/2016,TLH,FL,ASO,ES,Combined TRACON& Tower with Radar,12,21,31,42,106,0,0,27,1,28,12,21,58,43,134,28,24,52,186
03/23/2016,TLH,FL,ASO,ES,Combined TRACON& Tower with Radar,15,33,53,38,139,0,0,44,3,47,15,33,97,41,186,34,6,40,226
03/24/2016,TLH,FL,ASO,ES,Combined TRACON& Tower with Radar,18,34,58,12,122,0,1,23,1,25,18,35,81,13,147,18,0,18,165
03/25/2016,TLH,FL,ASO,ES,Combined TRACON& Tower with Radar,17,30,38,9,94,0,2,4,2,8,17,32,42,11,102,0,0,0,102
03/26/2016,TLH,FL,ASO,ES,Combined TRACON& Tower with Radar,16,11,5,0,32,0,0,1,0,1,16,11,6,0,33,0,0,0,33
03/27/2016,TLH,FL,ASO,ES,Combined TRACON& Tower with Radar,17,20,13,0,50,0,0,0,0,0,17,20,13,0,50,0,0,0,50
03/28/2016,TLH,FL,ASO,ES,Combined TRACON& Tower with Radar,16,35,45,49,145,0,0,13,3,16,16,35,58,52,161,8,6,14,175
03/29/2016,TLH,FL,ASO,ES,Combined TRACON& Tower with Radar,15,32,47,85,179,0,1,32,4,37,15,33,79,89,216,36,24,60,276
03/30/2016,TLH,FL,ASO,ES,Combined TRACON& Tower with Radar,15,38,60,58,171,0,0,53,13,66,15,38,113,71,237,18,28,46,283
03/31/2016,TLH,FL,ASO,ES,Combined TRACON& Tower with Radar,17,41,33,14,105,0,1,17,1,19,17,42,50,15,124,0,0,0,124
04/01/2016,TLH,FL,ASO,ES,Combined TRACON& Tower with Radar,14,36,19,2,71,0,1,0,0,1,14,37,19,2,72,0,0,0,72
04/02/2016,TLH,FL,ASO,ES,Combined TRACON& Tower with Radar,20,16,26,4,66,0,1,17,0,18,20,17,43,4,84,50,0,50,134
04/03/2016,TLH,FL,ASO,ES,Combined TRACON& Tower with Radar,14,31,28,10,83,0,8,43,0,51,14,39,71,10,134,16,0,16,150
04/04/2016,TLH,FL,ASO,ES,Combined TRACON& Tower with Radar,14,39,29,66,148,0,4,33,11,48,14,43,62,77,196,33,18,51,247
04/05/2016,TLH,FL,ASO,ES,Combined TRACON& Tower with Radar,12,39,45,32,128,0,1,51,4,56,12,40,96,36,184,20,0,20,204
04/06/2016,TLH,FL,ASO,ES,Combined TRACON& Tower with Radar,12,35,47,39,133,0,0,31,5,36,12,35,78,44,169,14,0,14,183
04/07/2016,TLH,FL,ASO,ES,Combined TRACON& Tower with Radar,12,37,50,27,126,0,2,36,8,46,12,39,86,35,172,16,38,54,226
04/08/2016,TLH,FL,ASO,ES,Combined TRACON& Tower with Radar,13,38,34,22,107,0,0,38,13,51,13,38,72,35,158,26,0,26,184
04/09/2016,TLH,FL,ASO,ES,Combined TRACON& Tower with Radar,12,22,23,8,65,0,1,33,4,38,12,23,56,12,103,20,4,24,127
04/10/2016,TLH,FL,ASO,ES,Combined TRACON& Tower with Radar,15,24,22,23,84,0,8,23,14,45,15,32,45,37,129,6,12,18,147
04/11/2016,TLH,FL,ASO,ES,Combined TRACON& Tower with Radar,12,39,40,42,133,0,0,35,5,40,12,39,75,47,173,42,8,50,223
04/12/2016,TLH,FL,ASO,ES,Combined TRACON& Tower with Radar,12,33,40,24,109,0,1,14,1,16,12,34,54,25,125,14,18,32,157
04/13/2016,TLH,FL,ASO,ES,Combined TRACON& Tower with Radar,15,26,18,5,64,0,0,7,0,7,15,26,25,5,71,48,0,48,119
04/14/2016,TLH,FL,ASO,ES,Combined TRACON& Tower with Radar,16,36,28,0,80,0,0,0,0,0,16,36,28,0,80,0,0,0,80
04/15/2016,TLH,FL,ASO,ES,Combined TRACON& Tower with Radar,15,36,37,14,102,0,0,3,10,13,15,36,40,24,115,11,0,11,126
04/16/2016,TLH,FL,ASO,ES,Combined TRACON& Tower with Radar,11,17,18,1,47,0,0,12,3,15,11,17,30,4,62,0,10,10,72
04/17/2016,TLH,FL,ASO,ES,Combined TRACON& Tower with Radar,15,22,26,47,110,0,0,26,10,36,15,22,52,57,146,11,0,11,157
04/18/2016,TLH,FL,ASO,ES,Combined TRACON& Tower with Radar,17,37,39,40,133,0,1,56,4,61,17,38,95,44,194,12,0,12,206
04/19/2016,TLH,FL,ASO,ES,Combined TRACON& Tower with Radar,12,35,33,37,117,0,3,43,7,53,12,38,76,44,170,26,4,30,200
04/20/2016,TLH,FL,ASO,ES,Combined TRACON& Tower with Radar,14,36,49,60,159,0,0,59,0,59,14,36,108,60,218,42,2,44,262
04/21/2016,TLH,FL,ASO,ES,Combined TRACON& Tower with Radar,15,36,62,39,152,0,2,44,1,47,15,38,106,40,199,36,6,42,241
04/22/2016,TLH,FL,ASO,ES,Combined TRACON& Tower with Radar,14,34,19,0,67,0,0,13,2,15,14,34,32,2,82,6,4,10,92
04/23/2016,TLH,FL,ASO,ES,Combined TRACON& Tower with Radar,11,17,21,6,55,0,0,41,0,41,11,17,62,6,96,16,0,16,112
04/24/2016,TLH,FL,ASO,ES,Combined TRACON& Tower with Radar,14,20,25,16,75,0,7,34,7,48,14,27,59,23,123,51,9,60,183
04/25/2016,TLH,FL,ASO,ES,Combined TRACON& Tower with Radar,14,35,45,11,105,0,1,37,7,45,14,36,82,18,150,74,0,74,224
04/26/2016,TLH,FL,ASO,ES,Combined TRACON& Tower with Radar,12,33,51,54,150,0,1,50,9,60,12,34,101,63,210,84,40,124,334
04/27/2016,TLH,FL,ASO,ES,Combined TRACON& Tower with Radar,15,33,33,8,89,0,0,38,2,40,15,33,71,10,129,34,4,38,167
04/28/2016,TLH,FL,ASO,ES,Combined TRACON& Tower with Radar,14,31,29,8,82,0,1,25,0,26,14,32,54,8,108,19,0,19,127
04/29/2016,TLH,FL,ASO,ES,Combined TRACON& Tower with Radar,15,40,69,34,158,0,3,52,11,66,15,43,121,45,224,38,4,42,266
04/30/2016,TLH,FL,ASO,ES,Combined TRACON& Tower with Radar,15,23,22,0,60,0,0,35,0,35,15,23,57,0,95,0,0,0,95
05/01/2016,TLH,FL,ASO,ES,Combined TRACON& Tower with Radar,20,18,22,45,105,0,0,25,17,42,20,18,47,62,147,32,2,34,181
05/02/2016,TLH,FL,ASO,ES,Combined TRACON& Tower with Radar,20,28,16,45,109,0,1,31,4,36,20,29,47,49,145,52,18,70,215
05/03/2016,TLH,FL,ASO,ES,Combined TRACON& Tower with Radar,20,21,30,26,97,0,0,5,0,5,20,21,35,26,102,38,0,38,140
05/04/2016,TLH,FL,ASO,ES,Combined TRACON& Tower with Radar,19,19,37,35,110,0,2,43,1,46,19,21,80,36,156,42,0,42,198
05/05/2016,TLH,FL,ASO,ES,Combined TRACON& Tower with Radar,17,33,47,47,144,0,1,30,2,33,17,34,77,49,177,24,0,24,201
05/06/2016,TLH,FL,ASO,ES,Combined TRACON& Tower with Radar,17,33,43,43,136,0,3,48,0,51,17,36,91,43,187,18,0,18,205
05/07/2016,TLH,FL,ASO,ES,Combined TRACON& Tower with Radar,15,21,29,10,75,0,2,62,1,65,15,23,91,11,140,50,0,50,190
05/08/2016,TLH,FL,ASO,ES,Combined TRACON& Tower with Radar,16,14,44,46,120,0,0,17,8,25,16,14,61,54,145,0,0,0,145
05/09/2016,TLH,FL,ASO,ES,Combined TRACON& Tower with Radar,16,30,18,49,113,0,3,40,11,54,16,33,58,60,167,32,24,56,223
05/10/2016,TLH,FL,ASO,ES,Combined TRACON& Tower with Radar,18,30,23,65,136,0,0,24,0,24,18,30,47,65,160,36,2,38,198
05/11/2016,TLH,FL,ASO,ES,Combined TRACON& Tower with Radar,17,31,25,31,104,0,0,49,15,64,17,31,74,46,168,27,44,71,239
05/12/2016,TLH,FL,ASO,ES,Combined TRACON& Tower with Radar,17,28,45,43,133,0,0,49,9,58,17,28,94,52,191,26,44,70,261
05/13/2016,TLH,FL,ASO,ES,Combined TRACON& Tower with Radar,17,29,14,56,116,0,1,34,19,54,17,30,48,75,170,10,10,20,190
05/14/2016,TLH,FL,ASO,ES,Combined TRACON& Tower with Radar,12,18,16,28,74,0,3,53,7,63,12,21,69,35,137,2,20,22,159
05/15/2016,TLH,FL,ASO,ES,Combined TRACON& Tower with Radar,20,20,19,46,105,0,0,43,16,59,20,20,62,62,164,26,26,52,216
05/16/2016,TLH,FL,ASO,ES,Combined TRACON& Tower with Radar,17,28,28,25,98,0,0,36,5,41,17,28,64,30,139,25,6,31,170
05/17/2016,TLH,FL,ASO,ES,Combined TRACON& Tower with Radar,18,34,27,15,94,0,0,4,1,5,18,34,31,16,99,32,0,32,131
05/18/2016,TLH,FL,ASO,ES,Combined TRACON& Tower with Radar,17,34,39,18,108,0,0,20,0,20,17,34,59,18,128,0,20,20,148
05/19/2016,TLH,FL,ASO,ES,Combined TRACON& Tower with Radar,18,28,30,18,94,0,0,13,2,15,18,28,43,20,109,12,1,13,122
05/20/2016,TLH,FL,ASO,ES,Combined TRACON& Tower with Radar,19,19,8,5,51,0,0,2,1,3,19,19,10,6,54,0,0,0,54
05/21/2016,TLH,FL,ASO,ES,Combined TRACON& Tower with Radar,12,20,19,1,52,0,0,29,1,30,12,20,48,2,82,20,0,20,102
05/22/2016,TLH,FL,ASO,ES,Combined TRACON& Tower with Radar,16,27,33,29,105,0,3,47,7,57,16,30,80,36,162,38,24,62,224
05/23/2016,TLH,FL,ASO,ES,Combined TRACON& Tower with Radar,17,32,32,25,106,0,8,30,12,50,17,40,62,37,156,54,10,64,220
05/24/2016,TLH,FL,ASO,ES,Combined TRACON& Tower with Radar,16,34,35,29,114,0,4,38,5,47,16,38,73,34,161,30,12,42,203
05/25/2016,TLH,FL,ASO,ES,Combined TRACON& Tower with Radar,16,32,27,9,84,0,1,36,6,43,16,33,63,15,127,31,2,33,160
05/26/2016,TLH,FL,ASO,ES,Combined TRACON& Tower with Radar,17,29,46,21,113,0,0,45,9,54,17,29,91,30,167,10,12,22,189
05/27/2016,TLH,FL,ASO,ES,Combined TRACON& Tower with Radar,16,23,26,11,76,0,2,53,1,56,16,25,79,12,132,14,0,14,146
05/28/2016,TLH,FL,ASO,ES,Combined TRACON& Tower with Radar,11,15,22,0,48,0,2,37,0,39,11,17,59,0,87,17,0,17,104
05/29/2016,TLH,FL,ASO,ES,Combined TRACON& Tower with Radar,12,12,11,0,35,0,2,23,0,25,12,14,34,0,60,6,0,6,66
05/30/2016,TLH,FL,ASO,ES,Combined TRACON& Tower with Radar,15,19,17,0,51,0,0,27,0,27,15,19,44,0,78,10,0,10,88
05/31/2016,TLH,FL,ASO,ES,Combined TRACON& Tower with Radar,19,27,42,13,101,0,0,33,0,33,19,27,75,13,134,42,8,50,184
06/01/2016,TLH,FL,ASO,ES,Combined TRACON& Tower with Radar,21,26,38,105,190,0,2,40,18,60,21,28,78,123,250,28,46,74,324
06/02/2016,TLH,FL,ASO,ES,Combined TRACON& Tower with Radar,16,25,34,74,149,0,0,50,11,61,16,25,84,85,210,20,92,112,322
06/03/2016,TLH,FL,ASO,ES,Combined TRACON& Tower with Radar,16,33,31,75,155,0,2,54,16,72,16,35,85,91,227,28,16,44,271
06/04/2016,TLH,FL,ASO,ES,Combined TRACON& Tower with Radar,10,15,17,2,44,0,1,34,2,37,10,16,51,4,81,7,0,7,88
06/05/2016,TLH,FL,ASO,ES,Combined TRACON& Tower with Radar,17,21,31,10,79,0,1,14,11,26,17,22,45,21,105,0,0,0,105
06/06/2016,TLH,FL,ASO,ES,Combined TRACON& Tower with Radar,21,26,6,1,54,0,0,1,1,2,21,26,7,2,56,0,0,0,56
06/07/2016,TLH,FL,ASO,ES,Combined TRACON& Tower with Radar,16,35,28,34,113,0,1,33,12,46,16,36,61,46,159,34,42,76,235
06/08/2016,TLH,FL,ASO,ES,Combined TRACON& Tower with Radar,16,35,35,26,112,0,2,39,3,44,16,37,74,29,156,23,0,23,179
06/09/2016,TLH,FL,ASO,ES,Combined TRACON& Tower with Radar,9,33,37,14,93,0,0,25,5,30,9,33,62,19,123,28,4,32,155
06/10/2016,TLH,FL,ASO,ES,Combined TRACON& Tower with Radar,11,35,25,26,97,0,0,36,10,46,11,35,61,36,143,21,12,33,176
06/11/2016,TLH,FL,ASO,ES,Combined TRACON& Tower with Radar,7,21,15,0,43,0,10,11,0,21,7,31,26,0,64,0,0,0,64
06/12/2016,TLH,FL,ASO,ES,Combined TRACON& Tower with Radar,10,28,29,27,94,0,4,14,8,26,10,32,43,35,120,10,0,10,130
06/13/2016,TLH,FL,ASO,ES,Combined TRACON& Tower with Radar,11,32,33,47,123,0,2,29,4,35,11,34,62,51,158,10,8,18,176
06/14/2016,TLH,FL,ASO,ES,Combined TRACON& Tower with Radar,11,31,24,22,88,0,0,28,0,28,11,31,52,22,116,4,2,6,122
06/15/2016,TLH,FL,ASO,ES,Combined TRACON& Tower with Radar,10,36,20,13,79,0,1,35,1,37,10,37,55,14,116,46,30,76,192
06/16/2016,TLH,FL,ASO,ES,Combined TRACON& Tower with Radar,10,37,36,6,89,0,0,10,1,11,10,37,46,7,100,16,17,33,133
06/17/2016,TLH,FL,ASO,ES,Combined TRACON& Tower with Radar,10,33,34,11,88,0,1,19,10,30,10,34,53,21,118,14,0,14,132
06/18/2016,TLH,FL,ASO,ES,Combined TRACON& Tower with Radar,9,18,20,8,55,0,1,36,0,37,9,19,56,8,92,52,0,52,144
06/19/2016,TLH,FL,ASO,ES,Combined TRACON& Tower with Radar,8,26,36,11,81,0,2,26,3,31,8,28,62,14,112,9,0,9,121
06/20/2016,TLH,FL,ASO,ES,Combined TRACON& Tower with Radar,10,38,38,52,138,0,1,34,7,42,10,39,72,59,180,5,4,9,189
06/21/2016,TLH,FL,ASO,ES,Combined TRACON& Tower with Radar,12,40,33,43,128,0,5,37,7,49,12,45,70,50,177,14,22,36,213
06/22/2016,TLH,FL,ASO,ES,Combined TRACON& Tower with Radar,11,37,35,15,98,0,3,37,1,41,11,40,72,16,139,12,10,22,161
06/23/2016,TLH,FL,ASO,ES,Combined TRACON& Tower with Radar,9,38,32,22,101,0,0,37,8,45,9,38,69,30,146,19,10,29,175
06/24/2016,TLH,FL,ASO,ES,Combined TRACON& Tower with Radar,11,44,29,33,117,0,6,36,7,49,11,50,65,40,166,8,12,20,186
06/25/2016,TLH,FL,ASO,ES,Combined TRACON& Tower with Radar,9,18,20,19,66,0,2,33,1,36,9,20,53,20,102,10,0,10,112
06/26/2016,TLH,FL,ASO,ES,Combined TRACON& Tower with Radar,7,27,28,5,67,0,0,23,10,33,7,27,51,15,100,20,0,20,120
06/27/2016,TLH,FL,ASO,ES,Combined TRACON& Tower with Radar,10,34,27,30,101,0,1,33,7,41,10,35,60,37,142,16,49,65,207
06/28/2016,TLH,FL,ASO,ES,Combined TRACON& Tower with Radar,12,36,27,30,105,0,1,30,8,39,12,37,57,38,144,47,18,65,209
06/29/2016,TLH,FL,ASO,ES,Combined TRACON& Tower with Radar,10,40,33,38,121,0,0,25,4,29,10,40,58,42,150,0,22,22,172
06/30/2016,TLH,FL,ASO,ES,Combined TRACON& Tower with Radar,10,35,28,10,83,0,0,7,0,7,10,35,35,10,90,74,0,74,164
07/01/2016,TLH,FL,ASO,ES,Combined TRACON& Tower with Radar,11,13,19,1,44,0,0,7,1,8,11,13,26,2,52,6,0,6,58
07/02/2016,TLH,FL,ASO,ES,Combined TRACON& Tower with Radar,9,15,16,0,40,0,0,1,0,1,9,15,17,0,41,19,0,19,60
07/03/2016,TLH,FL,ASO,ES,Combined TRACON& Tower with Radar,9,7,3,0,19,0,0,0,0,0,9,7,3,0,19,23,0,23,42
07/04/2016,TLH,FL,ASO,ES,Combined TRACON& Tower with Radar,8,11,6,1,26,0,0,5,0,5,8,11,11,1,31,12,0,12,43
07/05/2016,TLH,FL,ASO,ES,Combined TRACON& Tower with Radar,15,26,29,4,74,0,0,29,0,29,15,26,58,4,103,12,14,26,129
07/06/2016,TLH,FL,ASO,ES,Combined TRACON& Tower with Radar,11,22,31,3,67,0,0,29,1,30,11,22,60,4,97,20,10,30,127
07/07/2016,TLH,FL,ASO,ES,Combined TRACON& Tower with Radar,8,16,16,7,47,0,0,0,0,0,8,16,16,7,47,41,0,41,88
07/08/2016,TLH,FL,ASO,ES,Combined TRACON& Tower with Radar,9,15,16,15,55,0,1,4,2,7,9,16,20,17,62,24,19,43,105
07/09/2016,TLH,FL,ASO,ES,Combined TRACON& Tower with Radar,10,10,8,5,33,0,1,0,0,1,10,11,8,5,34,49,12,61,95
07/10/2016,TLH,FL,ASO,ES,Combined TRACON& Tower with Radar,10,13,15,4,42,0,0,1,0,1,10,13,16,4,43,38,2,40,83
07/11/2016,TLH,FL,ASO,ES,Combined TRACON& Tower with Radar,12,19,13,6,50,0,1,2,3,6,12,20,15,9,56,12,14,26,82
07/12/2016,TLH,FL,ASO,ES,Combined TRACON& Tower with Radar,10,18,16,4,48,0,1,1,0,2,10,19,17,4,50,22,6,28,78
07/13/2016,TLH,FL,ASO,ES,Combined TRACON& Tower with Radar,20,24,44,5,93,0,0,35,1,36,20,24,79,6,129,16,0,16,145
07/14/2016,TLH,FL,ASO,ES,Combined TRACON& Tower with Radar,18,25,34,29,106,0,0,29,1,30,18,25,63,30,136,8,10,18,154
07/15/2016,TLH,FL,ASO,ES,Combined TRACON& Tower with Radar,20,32,35,15,102,0,1,23,8,32,20,33,58,23,134,4,10,14,148
07/16/2016,TLH,FL,ASO,ES,Combined TRACON& Tower with Radar,12,17,21,14,64,0,0,22,4,26,12,17,43,18,90,6,0,6,96
07/17/2016,TLH,FL,ASO,ES,Combined TRACON& Tower with Radar,16,26,25,24,91,0,0,46,6,52,16,26,71,30,143,4,0,4,147
07/18/2016,TLH,FL,ASO,ES,Combined TRACON& Tower with Radar,17,28,29,26,100,0,0,14,2,16,17,28,43,28,116,2,28,30,146
07/19/2016,TLH,FL,ASO,ES,Combined TRACON& Tower with Radar,17,35,30,32,114,0,0,26,9,35,17,35,56,41,149,6,26,32,181
07/20/2016,TLH,FL,ASO,ES,Combined TRACON& Tower with Radar,17,26,62,44,149,0,1,36,8,45,17,27,98,52,194,48,8,56,250
07/21/2016,TLH,FL,ASO,ES,Combined TRACON& Tower with Radar,17,31,38,30,116,0,0,22,4,26,17,31,60,34,142,23,4,27,169
07/22/2016,TLH,FL,ASO,ES,Combined TRACON& Tower with Radar,18,32,20,35,105,0,0,29,5,34,18,32,49,40,139,18,4,22,161
07/23/2016,TLH,FL,ASO,ES,Combined TRACON& Tower with Radar,13,13,17,8,51,0,0,43,0,43,13,13,60,8,94,34,0,34,128
07/24/2016,TLH,FL,ASO,ES,Combined TRACON& Tower with Radar,19,20,14,45,98,0,1,21,17,39,19,21,35,62,137,8,4,12,149
07/25/2016,TLH,FL,ASO,ES,Combined TRACON& Tower with Radar,17,33,48,59,157,0,0,23,2,25,17,33,71,61,182,0,12,12,194
07/26/2016,TLH,FL,ASO,ES,Combined TRACON& Tower with Radar,18,32,60,12,122,0,1,20,1,22,18,33,80,13,144,12,4,16,160
07/27/2016,TLH,FL,ASO,ES,Combined TRACON& Tower with Radar,18,30,36,68,152,0,4,29,7,40,18,34,65,75,192,49,26,75,267
07/28/2016,TLH,FL,ASO,ES,Combined TRACON& Tower with Radar,19,35,36,36,126,0,0,45,6,51,19,35,81,42,177,32,26,58,235
07/29/2016,TLH,FL,ASO,ES,Combined TRACON& Tower with Radar,19,30,18,34,101,0,0,22,11,33,19,30,40,45,134,10,0,10,144
07/30/2016,TLH,FL,ASO,ES,Combined TRACON& Tower with Radar,13,15,12,2,42,0,0,33,0,33,13,15,45,2,75,14,0,14,89
07/31/2016,TLH,FL,ASO,ES,Combined TRACON& Tower with Radar,18,21,21,11,71,0,4,22,2,28,18,25,43,13,99,0,10,10,109
08/01/2016,TLH,FL,ASO,ES,Combined TRACON& Tower with Radar,21,26,30,2,79,0,0,32,0,32,21,26,62,2,111,6,0,6,117
08/02/2016,TLH,FL,ASO,ES,Combined TRACON& Tower with Radar,21,25,33,13,92,0,0,23,1,24,21,25,56,14,116,0,12,12,128
08/03/2016,TLH,FL,ASO,ES,Combined TRACON& Tower with Radar,19,23,34,18,94,0,0,18,6,24,19,23,52,24,118,14,28,42,160
08/04/2016,TLH,FL,ASO,ES,Combined TRACON& Tower with Radar,16,26,43,17,102,0,1,10,0,11,16,27,53,17,113,0,2,2,115
08/05/2016,TLH,FL,ASO,ES,Combined TRACON& Tower with Radar,19,29,28,3,79,0,0,8,0,8,19,29,36,3,87,4,0,4,91
08/06/2016,TLH,FL,ASO,ES,Combined TRACON& Tower with Radar,15,15,8,0,38,0,0,17,0,17,15,15,25,0,55,12,0,12,67
08/07/2016,TLH,FL,ASO,ES,Combined TRACON& Tower with Radar,17,13,10,0,40,0,0,11,1,12,17,13,21,1,52,0,0,0,52
08/08/2016,TLH,FL,ASO,ES,Combined TRACON& Tower with Radar,18,24,15,1,58,0,0,16,1,17,18,24,31,2,75,28,0,28,103
08/09/2016,TLH,FL,ASO,ES,Combined TRACON& Tower with Radar,14,18,17,0,49,0,0,1,2,3,14,18,18,2,52,2,0,2,54
08/10/2016,TLH,FL,ASO,ES,Combined TRACON& Tower with Radar,20,21,18,2,61,0,0,2,0,2,20,21,20,2,63,0,0,0,63
08/11/2016,TLH,FL,ASO,ES,Combined TRACON& Tower with Radar,20,28,32,18,98,0,0,21,0,21,20,28,53,18,119,2,4,6,125
08/12/2016,TLH,FL,ASO,ES,Combined TRACON& Tower with Radar,16,23,31,36,106,0,0,18,1,19,16,23,49,37,125,12,8,20,145
08/13/2016,TLH,FL,ASO,ES,Combined TRACON& Tower with Radar,11,13,19,19,62,0,0,26,1,27,11,13,45,20,89,20,0,20,109
08/14/2016,TLH,FL,ASO,ES,Combined TRACON& Tower with Radar,15,22,18,17,72,0,0,19,5,24,15,22,37,22,96,2,10,12,108
08/15/2016,TLH,FL,ASO,ES,Combined TRACON& Tower with Radar,20,28,31,32,111,0,2,28,16,46,20,30,59,48,157,4,32,36,193
08/16/2016,TLH,FL,ASO,ES,Combined TRACON& Tower with Radar,21,29,39,24,113,0,0,23,5,28,21,29,62,29,141,40,0,40,181
08/17/2016,TLH,FL,ASO,ES,Combined TRACON& Tower with Radar,20,24,24,50,118,0,0,37,4,41,20,24,61,54,159,18,10,28,187
08/18/2016,TLH,FL,ASO,ES,Combined TRACON& Tower with Radar,20,28,40,42,130,0,2,25,10,37,20,30,65,52,167,0,8,8,175
08/19/2016,TLH,FL,ASO,ES,Combined TRACON& Tower with Radar,16,29,33,89,167,0,1,25,4,30,16,30,58,93,197,12,58,70,267
08/20/2016,TLH,FL,ASO,ES,Combined TRACON& Tower with Radar,13,17,25,40,95,0,0,47,3,50,13,17,72,43,145,6,8,14,159
08/21/2016,TLH,FL,ASO,ES,Combined TRACON& Tower with Radar,17,21,21,18,77,0,0,23,0,23,17,21,44,18,100,8,0,8,108
08/22/2016,TLH,FL,ASO,ES,Combined TRACON& Tower with Radar,19,28,24,43,114,0,2,26,0,28,19,30,50,43,142,7,0,7,149
08/23/2016,TLH,FL,ASO,ES,Combined TRACON& Tower with Radar,21,24,30,31,106,0,1,27,2,30,21,25,57,33,136,34,0,34,170
08/24/2016,TLH,FL,ASO,ES,Combined TRACON& Tower with Radar,20,30,48,16,114,0,0,23,6,29,20,30,71,22,143,24,0,24,167
08/25/2016,TLH,FL,ASO,ES,Combined TRACON& Tower with Radar,21,30,34,46,131,0,2,42,7,51,21,32,76,53,182,60,20,80,262
08/26/2016,TLH,FL,ASO,ES,Combined TRACON& Tower with Radar,21,26,53,46,146,0,0,30,11,41,21,26,83,57,187,6,2,8,195
08/27/2016,TLH,FL,ASO,ES,Combined TRACON& Tower with Radar,16,12,39,24,91,0,1,34,7,42,16,13,73,31,133,2,6,8,141
08/28/2016,TLH,FL,ASO,ES,Combined TRACON& Tower with Radar,19,19,36,46,120,0,0,10,16,26,19,19,46,62,146,16,0,16,162
08/29/2016,TLH,FL,ASO,ES,Combined TRACON& Tower with Radar,20,23,16,38,97,0,0,11,1,12,20,23,27,39,109,14,18,32,141
08/30/2016,TLH,FL,ASO,ES,Combined TRACON& Tower with Radar,20,24,34,8,86,0,0,16,2,18,20,24,50,10,104,12,6,18,122
08/31/2016,TLH,FL,ASO,ES,Combined TRACON& Tower with Radar,19,20,23,6,68,0,1,12,1,14,19,21,35,7,82,0,0,0,82
09/01/2016,TLH,FL,ASO,ES,Combined TRACON& Tower with Radar,16,15,12,0,43,0,0,0,0,0,16,15,12,0,43,0,0,0,43
09/02/2016,TLH,FL,ASO,ES,Combined TRACON& Tower with Radar,21,17,18,0,56,0,1,23,8,32,21,18,41,8,88,6,0,6,94
09/03/2016,TLH,FL,ASO,ES,Combined TRACON& Tower with Radar,17,10,26,0,53,0,2,9,3,14,17,12,35,3,67,0,0,0,67
09/04/2016,TLH,FL,ASO,ES,Combined TRACON& Tower with Radar,14,8,19,0,41,0,0,9,0,9,14,8,28,0,50,0,0,0,50
09/05/2016,TLH,FL,ASO,ES,Combined TRACON& Tower with Radar,17,13,24,4,58,0,0,29,0,29,17,13,53,4,87,10,0,10,97
09/06/2016,TLH,FL,ASO,ES,Combined TRACON& Tower with Radar,20,22,51,36,129,0,0,37,2,39,20,22,88,38,168,23,2,25,193
09/07/2016,TLH,FL,ASO,ES,Combined TRACON& Tower with Radar,20,22,48,4,94,0,0,61,2,63,20,22,109,6,157,30,0,30,187
09/08/2016,TLH,FL,ASO,ES,Combined TRACON& Tower with Radar,20,27,27,23,97,0,3,28,5,36,20,30,55,28,133,24,4,28,161
09/09/2016,TLH,FL,ASO,ES,Combined TRACON& Tower with Radar,22,27,63,66,178,0,0,64,13,77,22,27,127,79,255,0,0,0,255
09/10/2016,TLH,FL,ASO,ES,Combined TRACON& Tower with Radar,12,17,20,13,62,0,9,57,1,67,12,26,77,14,129,10,0,10,139
09/11/2016,TLH,FL,ASO,ES,Combined TRACON& Tower with Radar,17,19,34,3,73,0,0,24,12,36,17,19,58,15,109,4,0,4,113
09/12/2016,TLH,FL,ASO,ES,Combined TRACON& Tower with Radar,20,26,30,18,94,0,0,23,5,28,20,26,53,23,122,14,6,20,142
09/13/2016,TLH,FL,ASO,ES,Combined TRACON& Tower with Radar,22,27,29,18,96,0,0,12,0,12,22,27,41,18,108,14,54,68,176
09/14/2016,TLH,FL,ASO,ES,Combined TRACON& Tower with Radar,23,38,38,43,142,0,0,10,3,13,23,38,48,46,155,26,20,46,201
09/15/2016,TLH,FL,ASO,ES,Combined TRACON& Tower with Radar,24,27,37,15,103,0,1,32,3,36,24,28,69,18,139,18,12,30,169
09/16/2016,TLH,FL,ASO,ES,Combined TRACON& Tower with Radar,22,25,45,25,117,0,0,32,5,37,22,25,77,30,154,32,14,46,200
09/17/2016,TLH,FL,ASO,ES,Combined TRACON& Tower with Radar,18,12,21,9,60,0,0,40,0,40,18,12,61,9,100,0,32,32,132
09/18/2016,TLH,FL,ASO,ES,Combined TRACON& Tower with Radar,17,14,31,14,76,0,0,10,4,14,17,14,41,18,90,0,0,0,90
09/19/2016,TLH,FL,ASO,ES,Combined TRACON& Tower with Radar,20,24,25,4,73,0,0,7,2,9,20,24,32,6,82,12,0,12,94
09/20/2016,TLH,FL,ASO,ES,Combined TRACON& Tower with Radar,22,26,56,61,165,0,0,28,4,32,22,26,84,65,197,16,26,42,239
09/21/2016,TLH,FL,ASO,ES,Combined TRACON& Tower with Radar,20,19,52,58,149,0,1,28,10,39,20,20,80,68,188,20,29,49,237
09/22/2016,TLH,FL,ASO,ES,Combined TRACON& Tower with Radar,22,34,51,14,121,0,3,34,6,43,22,37,85,20,164,28,8,36,200
09/23/2016,TLH,FL,ASO,ES,Combined TRACON& Tower with Radar,19,23,47,28,117,0,2,42,10,54,19,25,89,38,171,16,2,18,189
09/24/2016,TLH,FL,ASO,ES,Combined TRACON& Tower with Radar,16,11,19,0,46,0,14,37,0,51,16,25,56,0,97,0,0,0,97
09/25/2016,TLH,FL,ASO,ES,Combined TRACON& Tower with Radar,16,22,28,6,72,0,6,18,2,26,16,28,46,8,98,0,0,0,98
09/26/2016,TLH,FL,ASO,ES,Combined TRACON& Tower with Radar,18,27,36,26,107,0,0,19,5,24,18,27,55,31,131,14,3,17,148
09/27/2016,TLH,FL,ASO,ES,Combined TRACON& Tower with Radar,21,20,43,16,100,0,0,30,0,30,21,20,73,16,130,4,0,4,134
09/28/2016,TLH,FL,ASO,ES,Combined TRACON& Tower with Radar,20,24,33,12,89,0,2,33,0,35,20,26,66,12,124,70,0,70,194
09/29/2016,TLH,FL,ASO,ES,Combined TRACON& Tower with Radar,21,32,46,16,115,0,0,55,2,57,21,32,101,18,172,12,6,18,190
09/30/2016,TLH,FL,ASO,ES,Combined TRACON& Tower with Radar,22,39,68,54,183,0,2,70,9,81,22,41,138,63,264,14,4,18,282
10/01/2016,TLH,FL,ASO,ES,Combined TRACON& Tower with Radar,16,22,48,3,89,0,2,54,3,59,16,24,102,6,148,10,0,10,158
10/02/2016,TLH,FL,ASO,ES,Combined TRACON& Tower with Radar,20,29,45,1,95,0,6,42,4,52,20,35,87,5,147,8,0,8,155
10/03/2016,TLH,FL,ASO,ES,Combined TRACON& Tower with Radar,21,20,15,13,69,0,0,23,3,26,21,20,38,16,95,8,26,34,129
10/04/2016,TLH,FL,ASO,ES,Combined TRACON& Tower with Radar,21,23,39,49,132,0,0,37,3,40,21,23,76,52,172,52,6,58,230
10/05/2016,TLH,FL,ASO,ES,Combined TRACON& Tower with Radar,20,25,82,66,193,0,0,36,7,43,20,25,118,73,236,2,12,14,250
10/06/2016,TLH,FL,ASO,ES,Combined TRACON& Tower with Radar,20,20,61,12,113,0,0,7,3,10,20,20,68,15,123,0,0,0,123
10/07/2016,TLH,FL,ASO,ES,Combined TRACON& Tower with Radar,25,17,26,4,72,0,0,20,0,20,25,17,46,4,92,2,0,2,94
10/08/2016,TLH,FL,ASO,ES,Combined TRACON& Tower with Radar,12,9,42,12,75,0,0,60,3,63,12,9,102,15,138,14,0,14,152
10/09/2016,TLH,FL,ASO,ES,Combined TRACON& Tower with Radar,19,18,47,9,93,0,3,33,5,41,19,21,80,14,134,10,0,10,144
10/10/2016,TLH,FL,ASO,ES,Combined TRACON& Tower with Radar,20,28,42,1,91,0,3,24,1,28,20,31,66,2,119,35,0,35,154
10/11/2016,TLH,FL,ASO,ES,Combined TRACON& Tower with Radar,20,25,35,44,124,0,1,28,12,41,20,26,63,56,165,18,30,48,213
10/12/2016,TLH,FL,ASO,ES,Combined TRACON& Tower with Radar,20,32,49,36,137,0,9,45,2,56,20,41,94,38,193,30,2,32,225
10/13/2016,TLH,FL,ASO,ES,Combined TRACON& Tower with Radar,20,27,67,14,128,0,1,35,0,36,20,28,102,14,164,0,0,0,164
10/14/2016,TLH,FL,ASO,ES,Combined TRACON& Tower with Radar,24,32,65,18,139,0,1,61,7,69,24,33,126,25,208,12,0,12,220
10/15/2016,TLH,FL,ASO,ES,Combined TRACON& Tower with Radar,15,11,33,12,71,0,0,24,1,25,15,11,57,13,96,8,6,14,110
10/16/2016,TLH,FL,ASO,ES,Combined TRACON& Tower with Radar,20,24,42,27,113,0,1,31,4,36,20,25,73,31,149,18,4,22,171
10/17/2016,TLH,FL,ASO,ES,Combined TRACON& Tower with Radar,21,26,49,19,115,0,0,34,8,42,21,26,83,27,157,6,10,16,173
10/18/2016,TLH,FL,ASO,ES,Combined TRACON& Tower with Radar,22,24,45,40,131,0,1,39,6,46,22,25,84,46,177,2,12,14,191
10/19/2016,TLH,FL,ASO,ES,Combined TRACON& Tower with Radar,20,29,30,62,141,0,0,47,2,49,20,29,77,64,190,6,48,54,244
10/20/2016,TLH,FL,ASO,ES,Combined TRACON& Tower with Radar,21,24,54,50,149,0,0,39,9,48,21,24,93,59,197,4,18,22,219
10/21/2016,TLH,FL,ASO,ES,Combined TRACON& Tower with Radar,20,24,52,31,127,0,0,40,9,49,20,24,92,40,176,0,14,14,190
10/22/2016,TLH,FL,ASO,ES,Combined TRACON& Tower with Radar,12,7,35,8,62,0,7,50,0,57,12,14,85,8,119,4,0,4,123
10/23/2016,TLH,FL,ASO,ES,Combined TRACON& Tower with Radar,19,20,40,27,106,0,2,28,15,45,19,22,68,42,151,20,0,20,171
10/24/2016,TLH,FL,ASO,ES,Combined TRACON& Tower with Radar,20,25,39,42,126,0,0,27,12,39,20,25,66,54,165,5,40,45,210
10/25/2016,TLH,FL,ASO,ES,Combined TRACON& Tower with Radar,22,27,45,27,121,0,2,55,2,59,22,29,100,29,180,2,14,16,196
10/26/2016,TLH,FL,ASO,ES,Combined TRACON& Tower with Radar,21,32,76,13,142,0,0,23,1,24,21,32,99,14,166,22,0,22,188
10/27/2016,TLH,FL,ASO,ES,Combined TRACON& Tower with Radar,20,28,75,36,159,0,0,41,4,45,20,28,116,40,204,28,14,42,246
10/28/2016,TLH,FL,ASO,ES,Combined TRACON& Tower with Radar,26,36,81,25,168,0,2,48,5,55,26,38,129,30,223,4,14,18,241
10/29/2016,TLH,FL,ASO,ES,Combined TRACON& Tower with Radar,14,43,87,14,158,0,1,55,0,56,14,44,142,14,214,2,0,2,216
10/30/2016,TLH,FL,ASO,ES,Combined TRACON& Tower with Radar,20,43,82,13,158,0,3,37,1,41,20,46,119,14,199,3,12,15,214
10/31/2016,TLH,FL,ASO,ES,Combined TRACON& Tower with Radar,18,24,23,28,93,0,0,34,2,36,18,24,57,30,129,11,4,15,144
11/01/2016,TLH,FL,ASO,ES,Combined TRACON& Tower with Radar,24,20,32,24,100,0,2,29,7,38,24,22,61,31,138,3,0,3,141
11/02/2016,TLH,FL,ASO,ES,Combined TRACON& Tower with Radar,21,28,38,18,105,0,0,37,0,37,21,28,75,18,142,12,0,12,154
11/03/2016,TLH,FL,ASO,ES,Combined TRACON& Tower with Radar,23,29,45,61,158,0,0,39,11,50,23,29,84,72,208,18,14,32,240
11/04/2016,TLH,FL,ASO,ES,Combined TRACON& Tower with Radar,22,27,43,46,138,0,2,67,16,85,22,29,110,62,223,32,16,48,271
11/05/2016,TLH,FL,ASO,ES,Combined TRACON& Tower with Radar,11,17,21,21,70,0,2,41,0,43,11,19,62,21,113,0,1,1,114
11/06/2016,TLH,FL,ASO,ES,Combined TRACON& Tower with Radar,18,17,42,71,148,0,1,29,19,49,18,18,71,90,197,8,10,18,215
11/07/2016,TLH,FL,ASO,ES,Combined TRACON& Tower with Radar,16,27,34,28,105,0,1,21,1,23,16,28,55,29,128,2,12,14,142
11/08/2016,TLH,FL,ASO,ES,Combined TRACON& Tower with Radar,19,22,37,38,116,0,2,29,2,33,19,24,66,40,149,6,66,72,221
11/09/2016,TLH,FL,ASO,ES,Combined TRACON& Tower with Radar,19,21,28,28,96,0,0,24,3,27,19,21,52,31,123,4,0,4,127
11/10/2016,TLH,FL,ASO,ES,Combined TRACON& Tower with Radar,21,35,56,51,163,0,5,52,14,71,21,40,108,65,234,6,84,90,324
11/11/2016,TLH,FL,ASO,ES,Combined TRACON& Tower with Radar,20,32,79,15,146,0,2,56,0,58,20,34,135,15,204,44,0,44,248
11/12/2016,TLH,FL,ASO,ES,Combined TRACON& Tower with Radar,12,13,46,28,99,0,11,49,3,63,12,24,95,31,162,0,0,0,162
11/13/2016,TLH,FL,ASO,ES,Combined TRACON& Tower with Radar,20,20,23,2,65,0,0,33,1,34,20,20,56,3,99,0,0,0,99
11/14/2016,TLH,FL,ASO,ES,Combined TRACON& Tower with Radar,17,31,40,15,103,0,0,31,10,41,17,31,71,25,144,6,2,8,152
11/15/2016,TLH,FL,ASO,ES,Combined TRACON& Tower with Radar,19,25,25,27,96,0,3,51,8,62,19,28,76,35,158,4,8,12,170
11/16/2016,TLH,FL,ASO,ES,Combined TRACON& Tower with Radar,19,26,41,52,138,0,2,38,3,43,19,28,79,55,181,6,28,34,215
11/17/2016,TLH,FL,ASO,ES,Combined TRACON& Tower with Radar,27,37,47,33,144,0,0,42,8,50,27,37,89,41,194,12,0,12,206
11/18/2016,TLH,FL,ASO,ES,Combined TRACON& Tower with Radar,19,23,52,65,159,0,3,51,10,64,19,26,103,75,223,6,6,12,235
11/19/2016,TLH,FL,ASO,ES,Combined TRACON& Tower with Radar,12,12,35,22,81,0,1,36,0,37,12,13,71,22,118,4,0,4,122
11/20/2016,TLH,FL,ASO,ES,Combined TRACON& Tower with Radar,18,18,20,17,73,0,6,32,10,48,18,24,52,27,121,8,6,14,135
11/21/2016,TLH,FL,ASO,ES,Combined TRACON& Tower with Radar,17,32,37,36,122,0,0,60,3,63,17,32,97,39,185,28,0,28,213
11/22/2016,TLH,FL,ASO,ES,Combined TRACON& Tower with Radar,23,27,67,29,146,0,5,60,4,69,23,32,127,33,215,20,24,44,259
11/23/2016,TLH,FL,ASO,ES,Combined TRACON& Tower with Radar,19,32,52,23,126,0,2,52,10,64,19,34,104,33,190,36,36,72,262
11/24/2016,TLH,FL,ASO,ES,Combined TRACON& Tower with Radar,14,5,9,0,28,0,0,16,0,16,14,5,25,0,44,14,0,14,58
11/25/2016,TLH,FL,ASO,ES,Combined TRACON& Tower with Radar,23,15,41,0,79,0,1,30,0,31,23,16,71,0,110,9,0,9,119
11/26/2016,TLH,FL,ASO,ES,Combined TRACON& Tower with Radar,14,28,49,0,91,0,0,56,0,56,14,28,105,0,147,0,0,0,147
11/27/2016,TLH,FL,ASO,ES,Combined TRACON& Tower with Radar,23,26,61,0,110,0,2,74,0,76,23,28,135,0,186,23,0,23,209
11/28/2016,TLH,FL,ASO,ES,Combined TRACON& Tower with Radar,18,28,50,49,145,0,0,26,6,32,18,28,76,55,177,2,32,34,211
11/29/2016,TLH,FL,ASO,ES,Combined TRACON& Tower with Radar,20,23,27,36,106,0,2,7,1,10,20,25,34,37,116,0,0,0,116
11/30/2016,TLH,FL,ASO,ES,Combined TRACON& Tower with Radar,19,21,47,29,116,0,0,13,2,15,19,21,60,31,131,0,17,17,148
12/01/2016,TLH,FL,ASO,ES,Combined TRACON& Tower with Radar,22,30,44,37,133,0,0,52,5,57,22,30,96,42,190,34,16,50,240
12/02/2016,TLH,FL,ASO,ES,Combined TRACON& Tower with Radar,26,22,38,13,99,0,2,54,5,61,26,24,92,18,160,11,4,15,175
12/03/2016,TLH,FL,ASO,ES,Combined TRACON& Tower with Radar,11,11,23,37,82,0,0,49,1,50,11,11,72,38,132,18,0,18,150
12/04/2016,TLH,FL,ASO,ES,Combined TRACON& Tower with Radar,22,11,35,36,104,0,0,24,0,24,22,11,59,36,128,2,0,2,130
12/05/2016,TLH,FL,ASO,ES,Combined TRACON& Tower with Radar,23,23,41,5,92,0,0,0,0,0,23,23,41,5,92,0,0,0,92
12/06/2016,TLH,FL,ASO,ES,Combined TRACON& Tower with Radar,25,22,33,32,112,0,0,25,4,29,25,22,58,36,141,0,8,8,149
12/07/2016,TLH,FL,ASO,ES,Combined TRACON& Tower with Radar,22,26,48,53,149,0,2,31,4,37,22,28,79,57,186,32,6,38,224
12/08/2016,TLH,FL,ASO,ES,Combined TRACON& Tower with Radar,23,32,60,44,159,0,0,31,10,41,23,32,91,54,200,34,16,50,250
12/09/2016,TLH,FL,ASO,ES,Combined TRACON& Tower with Radar,23,36,50,29,138,0,1,54,3,58,23,37,104,32,196,14,6,20,216
12/10/2016,TLH,FL,ASO,ES,Combined TRACON& Tower with Radar,12,15,21,37,85,0,0,48,1,49,12,15,69,38,134,32,0,32,166
12/11/2016,TLH,FL,ASO,ES,Combined TRACON& Tower with Radar,19,22,38,29,108,0,0,31,3,34,19,22,69,32,142,20,9,29,171
12/12/2016,TLH,FL,ASO,ES,Combined TRACON& Tower with Radar,22,25,35,31,113,0,3,17,0,20,22,28,52,31,133,42,0,42,175
12/13/2016,TLH,FL,ASO,ES,Combined TRACON& Tower with Radar,23,29,46,35,133,0,0,8,2,10,23,29,54,37,143,10,10,20,163
12/14/2016,TLH,FL,ASO,ES,Combined TRACON& Tower with Radar,22,22,46,30,120,0,3,8,1,12,22,25,54,31,132,0,0,0,132
12/15/2016,TLH,FL,ASO,ES,Combined TRACON& Tower with Radar,23,28,39,24,114,0,2,45,4,51,23,30,84,28,165,36,28,64,229
12/16/2016,TLH,FL,ASO,ES,Combined TRACON& Tower with Radar,19,21,40,34,114,0,4,52,4,60,19,25,92,38,174,10,48,58,232
12/17/2016,TLH,FL,ASO,ES,Combined TRACON& Tower with Radar,11,24,40,7,82,0,0,25,3,28,11,24,65,10,110,14,0,14,124
12/18/2016,TLH,FL,ASO,ES,Combined TRACON& Tower with Radar,14,21,22,10,67,0,0,2,0,2,14,21,24,10,69,0,0,0,69
12/19/2016,TLH,FL,ASO,ES,Combined TRACON& Tower with Radar,14,35,23,0,72,0,0,0,0,0,14,35,23,0,72,0,0,0,72
12/20/2016,TLH,FL,ASO,ES,Combined TRACON& Tower with Radar,17,29,42,0,88,0,0,0,0,0,17,29,42,0,88,0,0,0,88
12/21/2016,TLH,FL,ASO,ES,Combined TRACON& Tower with Radar,17,28,32,11,88,0,1,38,4,43,17,29,70,15,131,24,0,24,155
12/22/2016,TLH,FL,ASO,ES,Combined TRACON& Tower with Radar,15,32,23,29,99,0,2,56,3,61,15,34,79,32,160,8,0,8,168
12/23/2016,TLH,FL,ASO,ES,Combined TRACON& Tower with Radar,14,21,26,0,61,0,0,26,1,27,14,21,52,1,88,28,0,28,116
12/24/2016,TLH,FL,ASO,ES,Combined TRACON& Tower with Radar,11,13,20,0,44,0,1,21,0,22,11,14,41,0,66,0,0,0,66
12/25/2016,TLH,FL,ASO,ES,Combined TRACON& Tower with Radar,8,16,4,0,28,0,0,15,0,15,8,16,19,0,43,6,0,6,49
12/26/2016,TLH,FL,ASO,ES,Combined TRACON& Tower with Radar,10,22,33,0,65,0,0,6,0,6,10,22,39,0,71,0,0,0,71
12/27/2016,TLH,FL,ASO,ES,Combined TRACON& Tower with Radar,15,21,33,5,74,0,0,24,3,27,15,21,57,8,101,20,0,20,121
12/28/2016,TLH,FL,ASO,ES,Combined TRACON& Tower with Radar,20,21,31,12,84,0,0,20,0,20,20,21,51,12,104,12,0,12,116
12/29/2016,TLH,FL,ASO,ES,Combined TRACON& Tower with Radar,19,17,30,12,78,0,0,13,1,14,19,17,43,13,92,0,0,0,92
12/30/2016,TLH,FL,ASO,ES,Combined TRACON& Tower with Radar,14,18,18,0,50,0,1,50,0,51,14,19,68,0,101,46,0,46,147
12/31/2016,TLH,FL,ASO,ES,Combined TRACON& Tower with Radar,10,11,8,1,30,0,3,20,0,23,10,14,28,1,53,0,0,0,53
01/01/2017,TLH,FL,ASO,ES,Combined TRACON& Tower with Radar,10,13,12,0,35,0,0,2,0,2,10,13,14,0,37,0,0,0,37
01/02/2017,TLH,FL,ASO,ES,Combined TRACON& Tower with Radar,11,30,21,0,62,0,0,0,0,0,11,30,21,0,62,0,0,0,62
01/03/2017,TLH,FL,ASO,ES,Combined TRACON& Tower with Radar,14,28,20,10,72,0,0,13,0,13,14,28,33,10,85,2,0,2,87
01/04/2017,TLH,FL,ASO,ES,Combined TRACON& Tower with Radar,14,33,35,20,102,0,0,27,1,28,14,33,62,21,130,30,8,38,168
01/05/2017,TLH,FL,ASO,ES,Combined TRACON& Tower with Radar,14,34,37,65,150,0,2,53,13,68,14,36,90,78,218,1,0,1,219
01/06/2017,TLH,FL,ASO,ES,Combined TRACON& Tower with Radar,12,25,37,81,155,0,1,13,2,16,12,26,50,83,171,28,26,54,225
01/07/2017,TLH,FL,ASO,ES,Combined TRACON& Tower with Radar,13,10,16,1,40,0,0,12,0,12,13,10,28,1,52,0,0,0,52
01/08/2017,TLH,FL,ASO,ES,Combined TRACON& Tower with Radar,13,24,29,28,94,0,4,33,16,53,13,28,62,44,147,0,14,14,161
01/09/2017,TLH,FL,ASO,ES,Combined TRACON& Tower with Radar,16,32,25,17,90,0,0,37,3,40,16,32,62,20,130,0,0,0,130
01/10/2017,TLH,FL,ASO,ES,Combined TRACON& Tower with Radar,13,34,40,49,136,0,2,44,2,48,13,36,84,51,184,30,14,44,228
01/11/2017,TLH,FL,ASO,ES,Combined TRACON& Tower with Radar,14,45,41,73,173,0,1,27,6,34,14,46,68,79,207,60,26,86,293
01/12/2017,TLH,FL,ASO,ES,Combined TRACON& Tower with Radar,14,43,52,77,186,0,0,50,5,55,14,43,102,82,241,6,10,16,257
01/13/2017,TLH,FL,ASO,ES,Combined TRACON& Tower with Radar,18,39,54,41,152,0,0,51,11,62,18,39,105,52,214,12,14,26,240
01/14/2017,TLH,FL,ASO,ES,Combined TRACON& Tower with Radar,6,13,34,10,63,0,2,35,5,42,6,15,69,15,105,56,22,78,183
01/15/2017,TLH,FL,ASO,ES,Combined TRACON& Tower with Radar,15,21,17,41,94,0,2,24,11,37,15,23,41,52,131,10,0,10,141
01/16/2017,TLH,FL,ASO,ES,Combined TRACON& Tower with Radar,13,32,54,5,104,0,0,44,0,44,13,32,98,5,148,30,8,38,186
01/17/2017,TLH,FL,ASO,ES,Combined TRACON& Tower with Radar,15,31,54,81,181,0,1,51,9,61,15,32,105,90,242,42,58,100,342
01/18/2017,TLH,FL,ASO,ES,Combined TRACON& Tower with Radar,19,34,54,33,140,0,1,37,4,42,19,35,91,37,182,30,8,38,220
01/19/2017,TLH,FL,ASO,ES,Combined TRACON& Tower with Radar,20,36,47,37,140,0,0,16,0,16,20,36,63,37,156,0,1,1,157
01/20/2017,TLH,FL,ASO,ES,Combined TRACON& Tower with Radar,17,31,32,46,126,0,0,24,9,33,17,31,56,55,159,6,8,14,173
01/21/2017,TLH,FL,ASO,ES,Combined TRACON& Tower with Radar,12,19,13,0,44,0,0,0,0,0,12,19,13,0,44,0,0,0,44
01/22/2017,TLH,FL,ASO,ES,Combined TRACON& Tower with Radar,18,30,6,0,54,0,0,8,0,8,18,30,14,0,62,0,0,0,62
01/23/2017,TLH,FL,ASO,ES,Combined TRACON& Tower with Radar,14,38,53,29,134,0,1,21,20,42,14,39,74,49,176,32,16,48,224
01/24/2017,TLH,FL,ASO,ES,Combined TRACON& Tower with Radar,14,40,76,43,173,0,1,60,6,67,14,41,136,49,240,10,24,34,274
01/25/2017,TLH,FL,ASO,ES,Combined TRACON& Tower with Radar,15,53,49,54,171,0,0,37,8,45,15,53,86,62,216,36,82,118,334
01/26/2017,TLH,FL,ASO,ES,Combined TRACON& Tower with Radar,15,31,77,29,152,0,2,34,2,38,15,33,111,31,190,26,4,30,220
01/27/2017,TLH,FL,ASO,ES,Combined TRACON& Tower with Radar,14,31,49,43,137,0,2,54,24,80,14,33,103,67,217,0,4,4,221
01/28/2017,TLH,FL,ASO,ES,Combined TRACON& Tower with Radar,7,12,17,11,47,0,2,43,0,45,7,14,60,11,92,70,0,70,162
01/29/2017,TLH,FL,ASO,ES,Combined TRACON& Tower with Radar,14,21,27,54,116,0,0,31,21,52,14,21,58,75,168,0,0,0,168
01/30/2017,TLH,FL,ASO,ES,Combined TRACON& Tower with Radar,15,40,33,15,103,0,0,53,0,53,15,40,86,15,156,10,10,20,176
01/31/2017,TLH,FL,ASO,ES,Combined TRACON& Tower with Radar,13,38,29,24,104,0,0,67,5,72,13,38,96,29,176,46,6,52,228
02/01/2017,TLH,FL,ASO,ES,Combined TRACON& Tower with Radar,16,29,39,27,111,0,8,60,8,76,16,37,99,35,187,22,8,30,217
02/02/2017,TLH,FL,ASO,ES,Combined TRACON& Tower with Radar,16,39,52,18,125,0,1,39,14,54,16,40,91,32,179,28,0,28,207
02/03/2017,TLH,FL,ASO,ES,Combined TRACON& Tower with Radar,18,30,45,75,168,0,0,37,3,40,18,30,82,78,208,0,18,18,226
02/04/2017,TLH,FL,ASO,ES,Combined TRACON& Tower with Radar,4,15,36,30,85,0,0,29,6,35,4,15,65,36,120,4,20,24,144
02/05/2017,TLH,FL,ASO,ES,Combined TRACON& Tower with Radar,15,25,27,50,117,0,1,32,12,45,15,26,59,62,162,52,14,66,228
02/06/2017,TLH,FL,ASO,ES,Combined TRACON& Tower with Radar,15,38,39,38,130,0,0,35,1,36,15,38,74,39,166,20,8,28,194
02/07/2017,TLH,FL,ASO,ES,Combined TRACON& Tower with Radar,14,28,64,52,158,0,0,33,0,33,14,28,97,52,191,2,34,36,227
02/08/2017,TLH,FL,ASO,ES,Combined TRACON& Tower with Radar,18,40,68,37,163,0,0,13,1,14,18,40,81,38,177,14,0,14,191
02/09/2017,TLH,FL,ASO,ES,Combined TRACON& Tower with Radar,16,33,65,56,170,0,1,54,0,55,16,34,119,56,225,42,24,66,291
02/10/2017,TLH,FL,ASO,ES,Combined TRACON& Tower with Radar,17,36,33,51,137,0,0,70,8,78,17,36,103,59,215,15,0,15,230
02/11/2017,TLH,FL,ASO,ES,Combined TRACON& Tower with Radar,4,10,21,40,75,0,6,54,1,61,4,16,75,41,136,14,28,42,178
02/12/2017,TLH,FL,ASO,ES,Combined TRACON& Tower with Radar,13,25,39,69,146,0,0,36,7,43,13,25,75,76,189,8,30,38,227
02/13/2017,TLH,FL,ASO,ES,Combined TRACON& Tower with Radar,13,45,32,23,113,0,0,36,0,36,13,45,68,23,149,37,2,39,188
02/14/2017,TLH,FL,ASO,ES,Combined TRACON& Tower with Radar,15,34,36,20,105,0,2,44,2,48,15,36,80,22,153,40,2,42,195
02/15/2017,TLH,FL,ASO,ES,Combined TRACON& Tower with Radar,18,32,41,17,108,0,3,8,1,12,18,35,49,18,120,10,0,10,130
02/16/2017,TLH,FL,ASO,ES,Combined TRACON& Tower with Radar,18,54,54,26,152,0,8,77,1,86,18,62,131,27,238,54,0,54,292
02/17/2017,TLH,FL,ASO,ES,Combined TRACON& Tower with Radar,21,29,40,21,111,0,0,64,6,70,21,29,104,27,181,44,0,44,225
02/18/2017,TLH,FL,ASO,ES,Combined TRACON& Tower with Radar,14,7,21,27,69,0,0,11,4,15,14,7,32,31,84,26,2,28,112
02/19/2017,TLH,FL,ASO,ES,Combined TRACON& Tower with Radar,16,20,47,9,92,0,1,19,2,22,16,21,66,11,114,18,0,18,132
02/20/2017,TLH,FL,ASO,ES,Combined TRACON& Tower with Radar,19,29,38,0,86,0,9,35,0,44,19,38,73,0,130,14,0,14,144
02/21/2017,TLH,FL,ASO,ES,Combined TRACON& Tower with Radar,21,32,44,14,111,0,0,20,4,24,21,32,64,18,135,4,0,4,139
02/22/2017,TLH,FL,ASO,ES,Combined TRACON& Tower with Radar,20,27,71,29,147,0,0,16,0,16,20,27,87,29,163,4,2,6,169
02/23/2017,TLH,FL,ASO,ES,Combined TRACON& Tower with Radar,20,29,82,25,156,0,1,27,4,32,20,30,109,29,188,20,32,52,240
02/24/2017,TLH,FL,ASO,ES,Combined TRACON& Tower with Radar,17,22,48,33,120,0,0,17,3,20,17,22,65,36,140,60,12,72,212
02/25/2017,TLH,FL,ASO,ES,Combined TRACON& Tower with Radar,16,22,34,4,76,0,0,55,2,57,16,22,89,6,133,0,0,0,133
02/26/2017,TLH,FL,ASO,ES,Combined TRACON& Tower with Radar,19,33,27,27,106,0,1,28,12,41,19,34,55,39,147,0,0,0,147
02/27/2017,TLH,FL,ASO,ES,Combined TRACON& Tower with Radar,20,32,22,48,122,0,1,30,1,32,20,33,52,49,154,24,20,44,198
02/28/2017,TLH,FL,ASO,ES,Combined TRACON& Tower with Radar,22,28,62,41,153,0,1,32,4,37,22,29,94,45,190,20,28,48,238
03/01/2017,TLH,FL,ASO,ES,Combined TRACON& Tower with Radar,21,35,30,26,112,0,2,20,1,23,21,37,50,27,135,2,2,4,139
03/02/2017,TLH,FL,ASO,ES,Combined TRACON& Tower with Radar,19,25,42,10,96,0,3,24,10,37,19,28,66,20,133,6,0,6,139
03/03/2017,TLH,FL,ASO,ES,Combined TRACON& Tower with Radar,20,31,46,66,163,0,0,47,15,62,20,31,93,81,225,10,6,16,241
03/04/2017,TLH,FL,ASO,ES,Combined TRACON& Tower with Radar,16,9,34,11,70,0,0,45,2,47,16,9,79,13,117,32,0,32,149
03/05/2017,TLH,FL,ASO,ES,Combined TRACON& Tower with Radar,19,23,31,26,99,0,0,34,6,40,19,23,65,32,139,14,0,14,153
03/06/2017,TLH,FL,ASO,ES,Combined TRACON& Tower with Radar,18,29,45,38,130,0,5,45,5,55,18,34,90,43,185,34,0,34,219
03/07/2017,TLH,FL,ASO,ES,Combined TRACON& Tower with Radar,20,26,41,95,182,0,0,36,14,50,20,26,77,109,232,48,54,102,334
03/08/2017,TLH,FL,ASO,ES,Combined TRACON& Tower with Radar,19,33,58,53,163,0,0,35,3,38,19,33,93,56,201,56,0,56,257
03/09/2017,TLH,FL,ASO,ES,Combined TRACON& Tower with Radar,20,38,53,42,153,0,0,27,5,32,20,38,80,47,185,42,26,68,253
03/10/2017,TLH,FL,ASO,ES,Combined TRACON& Tower with Radar,22,28,51,54,155,0,0,25,7,32,22,28,76,61,187,26,57,83,270
03/11/2017,TLH,FL,ASO,ES,Combined TRACON& Tower with Radar,10,16,37,63,126,0,10,42,4,56,10,26,79,67,182,14,14,28,210
03/12/2017,TLH,FL,ASO,ES,Combined TRACON& Tower with Radar,18,22,28,36,104,0,0,20,9,29,18,22,48,45,133,8,14,22,155
03/13/2017,TLH,FL,ASO,ES,Combined TRACON& Tower with Radar,21,30,38,7,96,0,0,0,0,0,21,30,38,7,96,0,0,0,96
03/14/2017,TLH,FL,ASO,ES,Combined TRACON& Tower with Radar,23,25,76,47,171,0,3,25,6,34,23,28,101,53,205,28,18,46,251
03/15/2017,TLH,FL,ASO,ES,Combined TRACON& Tower with Radar,23,33,58,34,148,0,6,46,8,60,23,39,104,42,208,20,8,28,236
03/16/2017,TLH,FL,ASO,ES,Combined TRACON& Tower with Radar,20,29,43,38,130,0,8,52,6,66,20,37,95,44,196,52,20,72,268
03/17/2017,TLH,FL,ASO,ES,Combined TRACON& Tower with Radar,20,22,38,94,174,0,16,39,6,61,20,38,77,100,235,8,38,46,281
03/18/2017,TLH,FL,ASO,ES,Combined TRACON& Tower with Radar,14,9,44,21,88,0,4,38,6,48,14,13,82,27,136,0,6,6,142
03/19/2017,TLH,FL,ASO,ES,Combined TRACON& Tower with Radar,21,23,31,60,135,0,0,33,14,47,21,23,64,74,182,4,32,36,218
03/20/2017,TLH,FL,ASO,ES,Combined TRACON& Tower with Radar,20,45,41,31,137,0,2,37,3,42,20,47,78,34,179,14,0,14,193
03/21/2017,TLH,FL,ASO,ES,Combined TRACON& Tower with Radar,19,32,41,18,110,0,0,28,4,32,19,32,69,22,142,12,0,12,154
03/22/2017,TLH,FL,ASO,ES,Combined TRACON& Tower with Radar,20,28,64,53,165,1,3,75,5,84,21,31,139,58,249,28,14,42,291
03/23/2017,TLH,FL,ASO,ES,Combined TRACON& Tower with Radar,23,28,75,11,137,0,3,28,5,36,23,31,103,16,173,26,0,26,199
03/24/2017,TLH,FL,ASO,ES,Combined TRACON& Tower with Radar,18,24,30,28,100,0,0,50,9,59,18,24,80,37,159,2,18,20,179
03/25/2017,TLH,FL,ASO,ES,Combined TRACON& Tower with Radar,17,12,30,28,87,0,3,30,0,33,17,15,60,28,120,28,4,32,152
03/26/2017,TLH,FL,ASO,ES,Combined TRACON& Tower with Radar,18,17,16,14,65,0,0,18,9,27,18,17,34,23,92,8,0,8,100
03/27/2017,TLH,FL,ASO,ES,Combined TRACON& Tower with Radar,21,27,29,32,109,0,0,27,4,31,21,27,56,36,140,9,31,40,180
03/28/2017,TLH,FL,ASO,ES,Combined TRACON& Tower with Radar,26,32,41,26,125,0,2,20,2,24,26,34,61,28,149,6,4,10,159
03/29/2017,TLH,FL,ASO,ES,Combined TRACON& Tower with Radar,20,37,54,43,154,0,0,44,7,51,20,37,98,50,205,22,14,36,241
03/30/2017,TLH,FL,ASO,ES,Combined TRACON& Tower with Radar,22,33,49,40,144,0,0,55,4,59,22,33,104,44,203,44,82,126,329
03/31/2017,TLH,FL,ASO,ES,Combined TRACON& Tower with Radar,20,25,39,35,119,0,0,39,3,42,20,25,78,38,161,30,0,30,191
04/01/2017,TLH,FL,ASO,ES,Combined TRACON& Tower with Radar,14,22,17,36,89,0,4,45,2,51,14,26,62,38,140,0,16,16,156
04/02/2017,TLH,FL,ASO,ES,Combined TRACON& Tower with Radar,22,17,18,21,78,0,8,44,3,55,22,25,62,24,133,4,0,4,137
04/03/2017,TLH,FL,ASO,ES,Combined TRACON& Tower with Radar,19,17,22,12,70,0,0,9,0,9,19,17,31,12,79,0,0,0,79
04/04/2017,TLH,FL,ASO,ES,Combined TRACON& Tower with Radar,23,19,78,38,158,0,0,37,4,41,23,19,115,42,199,16,0,16,215
04/05/2017,TLH,FL,ASO,ES,Combined TRACON& Tower with Radar,25,20,48,2,95,0,0,10,0,10,25,20,58,2,105,0,0,0,105
04/06/2017,TLH,FL,ASO,ES,Combined TRACON& Tower with Radar,22,27,60,15,124,0,0,42,4,46,22,27,102,19,170,24,0,24,194
04/07/2017,TLH,FL,ASO,ES,Combined TRACON& Tower with Radar,18,35,61,39,153,0,2,54,6,62,18,37,115,45,215,38,14,52,267
04/08/2017,TLH,FL,ASO,ES,Combined TRACON& Tower with Radar,16,21,40,3,80,0,2,74,0,76,16,23,114,3,156,16,6,22,178
04/09/2017,TLH,FL,ASO,ES,Combined TRACON& Tower with Radar,22,20,37,24,103,0,3,54,10,67,22,23,91,34,170,6,0,6,176
04/10/2017,TLH,FL,ASO,ES,Combined TRACON& Tower with Radar,22,25,36,28,111,0,2,32,6,40,22,27,68,34,151,4,16,20,171
04/11/2017,TLH,FL,ASO,ES,Combined TRACON& Tower with Radar,23,23,48,59,153,0,0,39,4,43,23,23,87,63,196,46,68,114,310
04/12/2017,TLH,FL,ASO,ES,Combined TRACON& Tower with Radar,23,25,56,17,121,0,1,34,3,38,23,26,90,20,159,22,0,22,181
04/13/2017,TLH,FL,ASO,ES,Combined TRACON& Tower with Radar,23,23,46,39,131,0,0,53,7,60,23,23,99,46,191,52,6,58,249
04/14/2017,TLH,FL,ASO,ES,Combined TRACON& Tower with Radar,23,21,40,30,114,0,4,48,9,61,23,25,88,39,175,92,32,124,299
04/15/2017,TLH,FL,ASO,ES,Combined TRACON& Tower with Radar,16,14,30,17,77,0,6,41,5,52,16,20,71,22,129,6,8,14,143
04/16/2017,TLH,FL,ASO,ES,Combined TRACON& Tower with Radar,20,17,30,17,84,0,0,34,6,40,20,17,64,23,124,16,18,34,158
04/17/2017,TLH,FL,ASO,ES,Combined TRACON& Tower with Radar,22,29,45,72,168,0,1,45,6,52,22,30,90,78,220,10,78,88,308
04/18/2017,TLH,FL,ASO,ES,Combined TRACON& Tower with Radar,22,32,52,66,172,0,4,41,10,55,22,36,93,76,227,44,16,60,287
04/19/2017,TLH,FL,ASO,ES,Combined TRACON& Tower with Radar,22,29,48,20,119,0,1,34,17,52,22,30,82,37,171,57,0,57,228
04/20/2017,TLH,FL,ASO,ES,Combined TRACON& Tower with Radar,25,31,59,35,150,0,5,65,2,72,25,36,124,37,222,22,0,22,244
04/21/2017,TLH,FL,ASO,ES,Combined TRACON& Tower with Radar,25,29,52,32,138,0,1,45,8,54,25,30,97,40,192,8,6,14,206
04/22/2017,TLH,FL,ASO,ES,Combined TRACON& Tower with Radar,15,11,22,46,94,0,4,30,8,42,15,15,52,54,136,8,10,18,154
04/23/2017,TLH,FL,ASO,ES,Combined TRACON& Tower with Radar,24,15,25,57,121,0,2,17,24,43,24,17,42,81,164,0,7,7,171
04/24/2017,TLH,FL,ASO,ES,Combined TRACON& Tower with Radar,22,29,47,20,118,0,8,23,3,34,22,37,70,23,152,15,0,15,167
04/25/2017,TLH,FL,ASO,ES,Combined TRACON& Tower with Radar,23,34,44,45,146,0,7,42,21,70,23,41,86,66,216,68,79,147,363
04/26/2017,TLH,FL,ASO,ES,Combined TRACON& Tower with Radar,21,32,56,18,127,0,10,47,5,62,21,42,103,23,189,36,2,38,227
04/27/2017,TLH,FL,ASO,ES,Combined TRACON& Tower with Radar,26,27,63,3,119,0,2,12,3,17,26,29,75,6,136,0,8,8,144
04/28/2017,TLH,FL,ASO,ES,Combined TRACON& Tower with Radar,24,28,52,31,135,0,5,24,0,29,24,33,76,31,164,0,18,18,182
04/29/2017,TLH,FL,ASO,ES,Combined TRACON& Tower with Radar,14,17,50,5,86,0,2,34,1,37,14,19,84,6,123,0,0,0,123
04/30/2017,TLH,FL,ASO,ES,Combined TRACON& Tower with Radar,23,20,32,14,89,0,2,15,0,17,23,22,47,14,106,8,2,10,116
05/01/2017,TLH,FL,ASO,ES,Combined TRACON& Tower with Radar,23,28,33,7,91,0,0,10,1,11,23,28,43,8,102,0,0,0,102
05/02/2017,TLH,FL,ASO,ES,Combined TRACON& Tower with Radar,25,35,54,19,133,0,2,49,6,57,25,37,103,25,190,24,4,28,218
05/03/2017,TLH,FL,ASO,ES,Combined TRACON& Tower with Radar,22,22,53,24,121,0,2,48,4,54,22,24,101,28,175,28,6,34,209
05/04/2017,TLH,FL,ASO,ES,Combined TRACON& Tower with Radar,24,18,10,1,53,0,1,2,2,5,24,19,12,3,58,0,0,0,58
05/05/2017,TLH,FL,ASO,ES,Combined TRACON& Tower with Radar,23,22,54,58,157,0,3,36,8,47,23,25,90,66,204,0,27,27,231
05/06/2017,TLH,FL,ASO,ES,Combined TRACON& Tower with Radar,16,17,32,5,70,0,2,38,2,42,16,19,70,7,112,8,2,10,122
05/07/2017,TLH,FL,ASO,ES,Combined TRACON& Tower with Radar,24,18,34,14,90,0,2,33,12,47,24,20,67,26,137,10,14,24,161
05/08/2017,TLH,FL,ASO,ES,Combined TRACON& Tower with Radar,23,28,35,35,121,0,2,52,9,63,23,30,87,44,184,16,44,60,244
05/09/2017,TLH,FL,ASO,ES,Combined TRACON& Tower with Radar,23,24,45,16,108,0,2,34,0,36,23,26,79,16,144,50,12,62,206
05/10/2017,TLH,FL,ASO,ES,Combined TRACON& Tower with Radar,21,27,40,17,105,0,5,42,4,51,21,32,82,21,156,6,44,50,206
05/11/2017,TLH,FL,ASO,ES,Combined TRACON& Tower with Radar,20,22,27,34,103,0,5,45,1,51,20,27,72,35,154,2,26,28,182
05/12/2017,TLH,FL,ASO,ES,Combined TRACON& Tower with Radar,27,21,34,33,115,0,4,36,9,49,27,25,70,42,164,4,40,44,208
05/13/2017,TLH,FL,ASO,ES,Combined TRACON& Tower with Radar,16,10,14,2,42,0,2,14,0,16,16,12,28,2,58,0,0,0,58
05/14/2017,TLH,FL,ASO,ES,Combined TRACON& Tower with Radar,22,17,29,16,84,0,1,30,4,35,22,18,59,20,119,3,0,3,122
05/15/2017,TLH,FL,ASO,ES,Combined TRACON& Tower with Radar,20,27,56,26,129,0,2,49,1,52,20,29,105,27,181,12,10,22,203
05/16/2017,TLH,FL,ASO,ES,Combined TRACON& Tower with Radar,28,21,42,42,133,0,0,48,7,55,28,21,90,49,188,10,48,58,246
05/17/2017,TLH,FL,ASO,ES,Combined TRACON& Tower with Radar,25,18,37,53,133,0,9,26,4,39,25,27,63,57,172,6,26,32,204
05/18/2017,TLH,FL,ASO,ES,Combined TRACON& Tower with Radar,23,19,38,42,122,0,4,42,4,50,23,23,80,46,172,19,87,106,278
05/19/2017,TLH,FL,ASO,ES,Combined TRACON& Tower with Radar,23,24,51,53,151,0,5,30,7,42,23,29,81,60,193,0,8,8,201
05/20/2017,TLH,FL,ASO,ES,Combined TRACON& Tower with Radar,21,9,25,7,62,0,5,24,0,29,21,14,49,7,91,10,0,10,101
05/21/2017,TLH,FL,ASO,ES,Combined TRACON& Tower with Radar,23,16,26,21,86,0,0,30,7,37,23,16,56,28,123,0,0,0,123
05/22/2017,TLH,FL,ASO,ES,Combined TRACON& Tower with Radar,23,24,37,46,130,0,3,19,3,25,23,27,56,49,155,24,16,40,195
05/23/2017,TLH,FL,ASO,ES,Combined TRACON& Tower with Radar,25,22,28,4,79,0,0,8,1,9,25,22,36,5,88,36,4,40,128
05/24/2017,TLH,FL,ASO,ES,Combined TRACON& Tower with Radar,21,21,26,2,70,0,5,3,1,9,21,26,29,3,79,10,0,10,89
05/25/2017,TLH,FL,ASO,ES,Combined TRACON& Tower with Radar,23,37,40,18,118,0,5,47,9,61,23,42,87,27,179,6,4,10,189
05/26/2017,TLH,FL,ASO,ES,Combined TRACON& Tower with Radar,23,23,49,5,100,0,5,65,4,74,23,28,114,9,174,18,0,18,192
05/27/2017,TLH,FL,ASO,ES,Combined TRACON& Tower with Radar,17,11,20,1,49,0,2,44,0,46,17,13,64,1,95,10,0,10,105
05/28/2017,TLH,FL,ASO,ES,Combined TRACON& Tower with Radar,20,17,9,8,54,0,0,12,0,12,20,17,21,8,66,0,0,0,66
05/29/2017,TLH,FL,ASO,ES,Combined TRACON& Tower with Radar,20,15,27,0,62,0,0,29,1,30,20,15,56,1,92,14,4,18,110
05/30/2017,TLH,FL,ASO,ES,Combined TRACON& Tower with Radar,23,20,42,75,160,0,4,30,10,44,23,24,72,85,204,12,64,76,280
05/31/2017,TLH,FL,ASO,ES,Combined TRACON& Tower with Radar,23,27,48,44,142,0,6,32,8,46,23,33,80,52,188,10,27,37,225
06/01/2017,TLH,FL,ASO,ES,Combined TRACON& Tower with Radar,23,23,36,30,112,0,1,38,2,41,23,24,74,32,153,34,10,44,197
06/02/2017,TLH,FL,ASO,ES,Combined TRACON& Tower with Radar,22,23,38,25,108,0,2,26,6,34,22,25,64,31,142,0,32,32,174
06/03/2017,TLH,FL,ASO,ES,Combined TRACON& Tower with Radar,18,7,5,3,33,1,1,30,2,34,19,8,35,5,67,24,0,24,91
06/04/2017,TLH,FL,ASO,ES,Combined TRACON& Tower with Radar,20,12,17,18,67,0,0,20,6,26,20,12,37,24,93,26,10,36,129
06/05/2017,TLH,FL,ASO,ES,Combined TRACON& Tower with Radar,23,20,42,19,104,0,0,20,2,22,23,20,62,21,126,20,16,36,162
06/06/2017,TLH,FL,ASO,ES,Combined TRACON& Tower with Radar,23,10,20,4,57,0,0,2,0,2,23,10,22,4,59,0,0,0,59
06/07/2017,TLH,FL,ASO,ES,Combined TRACON& Tower with Radar,23,22,42,7,94,0,2,0,0,2,23,24,42,7,96,0,0,0,96
06/08/2017,TLH,FL,ASO,ES,Combined TRACON& Tower with Radar,25,22,51,54,152,0,0,21,2,23,25,22,72,56,175,8,18,26,201
06/09/2017,TLH,FL,ASO,ES,Combined TRACON& Tower with Radar,23,28,38,49,138,0,10,61,14,85,23,38,99,63,223,42,40,82,305
06/10/2017,TLH,FL,ASO,ES,Combined TRACON& Tower with Radar,17,12,25,23,77,0,6,37,1,44,17,18,62,24,121,30,0,30,151
06/11/2017,TLH,FL,ASO,ES,Combined TRACON& Tower with Radar,22,16,26,0,64,0,0,1,14,15,22,16,27,14,79,0,0,0,79
06/12/2017,TLH,FL,ASO,ES,Combined TRACON& Tower with Radar,23,27,20,6,76,0,0,2,0,2,23,27,22,6,78,0,0,0,78
06/13/2017,TLH,FL,ASO,ES,Combined TRACON& Tower with Radar,23,23,33,7,86,0,0,10,1,11,23,23,43,8,97,8,0,8,105
06/14/2017,TLH,FL,ASO,ES,Combined TRACON& Tower with Radar,25,24,24,5,78,0,3,12,0,15,25,27,36,5,93,10,0,10,103
06/15/2017,TLH,FL,ASO,ES,Combined TRACON& Tower with Radar,28,23,23,14,88,0,0,9,0,9,28,23,32,14,97,22,0,22,119
06/16/2017,TLH,FL,ASO,ES,Combined TRACON& Tower with Radar,23,17,43,4,87,0,8,31,2,41,23,25,74,6,128,20,4,24,152
06/17/2017,TLH,FL,ASO,ES,Combined TRACON& Tower with Radar,26,10,28,0,64,0,2,18,3,23,26,12,46,3,87,12,0,12,99
06/18/2017,TLH,FL,ASO,ES,Combined TRACON& Tower with Radar,20,12,29,21,82,0,2,21,18,41,20,14,50,39,123,18,4,22,145
06/19/2017,TLH,FL,ASO,ES,Combined TRACON& Tower with Radar,21,22,19,12,74,0,0,12,1,13,21,22,31,13,87,12,5,17,104
06/20/2017,TLH,FL,ASO,ES,Combined TRACON& Tower with Radar,25,23,26,0,74,0,1,0,0,1,25,24,26,0,75,0,0,0,75
06/21/2017,TLH,FL,ASO,ES,Combined TRACON& Tower with Radar,22,23,17,24,86,0,3,5,3,11,22,26,22,27,97,0,42,42,139
06/22/2017,TLH,FL,ASO,ES,Combined TRACON& Tower with Radar,26,25,31,56,138,0,4,19,1,24,26,29,50,57,162,16,90,106,268
06/23/2017,TLH,FL,ASO,ES,Combined TRACON& Tower with Radar,20,26,27,74,147,0,5,26,6,37,20,31,53,80,184,28,14,42,226
06/24/2017,TLH,FL,ASO,ES,Combined TRACON& Tower with Radar,16,14,25,20,75,0,0,29,7,36,16,14,54,27,111,14,12,26,137
06/25/2017,TLH,FL,ASO,ES,Combined TRACON& Tower with Radar,20,18,19,2,59,0,0,15,0,15,20,18,34,2,74,14,2,16,90
06/26/2017,TLH,FL,ASO,ES,Combined TRACON& Tower with Radar,24,27,41,15,107,0,0,30,7,37,24,27,71,22,144,14,14,28,172
06/27/2017,TLH,FL,ASO,ES,Combined TRACON& Tower with Radar,20,25,23,16,84,0,2,29,2,33,20,27,52,18,117,24,0,24,141
06/28/2017,TLH,FL,ASO,ES,Combined TRACON& Tower with Radar,22,23,23,17,85,0,2,18,4,24,22,25,41,21,109,36,16,52,161
06/29/2017,TLH,FL,ASO,ES,Combined TRACON& Tower with Radar,24,18,26,16,84,0,2,19,4,25,24,20,45,20,109,12,64,76,185
06/30/2017,TLH,FL,ASO,ES,Combined TRACON& Tower with Radar,24,25,40,8,97,0,3,28,0,31,24,28,68,8,128,34,8,42,170
07/01/2017,TLH,FL,ASO,ES,Combined TRACON& Tower with Radar,15,12,21,0,48,0,3,25,0,28,15,15,46,0,76,24,0,24,100
07/02/2017,TLH,FL,ASO,ES,Combined TRACON& Tower with Radar,16,12,8,0,36,0,0,32,2,34,16,12,40,2,70,8,0,8,78
07/03/2017,TLH,FL,ASO,ES,Combined TRACON& Tower with Radar,18,18,12,0,48,0,2,28,0,30,18,20,40,0,78,22,0,22,100
07/04/2017,TLH,FL,ASO,ES,Combined TRACON& Tower with Radar,16,19,15,0,50,0,0,40,0,40,16,19,55,0,90,12,0,12,102
07/05/2017,TLH,FL,ASO,ES,Combined TRACON& Tower with Radar,16,25,24,18,83,0,8,28,0,36,16,33,52,18,119,22,19,41,160
07/06/2017,TLH,FL,ASO,ES,Combined TRACON& Tower with Radar,15,27,29,22,93,0,6,35,5,46,15,33,64,27,139,45,12,57,196
07/07/2017,TLH,FL,ASO,ES,Combined TRACON& Tower with Radar,18,26,24,47,115,0,13,22,1,36,18,39,46,48,151,16,0,16,167
07/08/2017,TLH,FL,ASO,ES,Combined TRACON& Tower with Radar,18,11,18,0,47,0,1,24,0,25,18,12,42,0,72,38,0,38,110
07/09/2017,TLH,FL,ASO,ES,Combined TRACON& Tower with Radar,19,13,18,2,52,0,0,19,0,19,19,13,37,2,71,4,2,6,77
07/10/2017,TLH,FL,ASO,ES,Combined TRACON& Tower with Radar,24,17,27,22,90,0,0,15,0,15,24,17,42,22,105,11,28,39,144
07/11/2017,TLH,FL,ASO,ES,Combined TRACON& Tower with Radar,22,23,23,13,81,0,1,27,1,29,22,24,50,14,110,24,24,48,158
07/12/2017,TLH,FL,ASO,ES,Combined TRACON& Tower with Radar,21,23,28,15,87,0,6,30,3,39,21,29,58,18,126,32,6,38,164
07/13/2017,TLH,FL,ASO,ES,Combined TRACON& Tower with Radar,23,32,27,29,111,0,4,28,2,34,23,36,55,31,145,27,0,27,172
07/14/2017,TLH,FL,ASO,ES,Combined TRACON& Tower with Radar,24,20,23,27,94,0,6,30,0,36,24,26,53,27,130,10,0,10,140
07/15/2017,TLH,FL,ASO,ES,Combined TRACON& Tower with Radar,15,15,32,0,62,0,4,38,0,42,15,19,70,0,104,62,0,62,166
07/16/2017,TLH,FL,ASO,ES,Combined TRACON& Tower with Radar,18,12,19,6,55,0,0,28,8,36,18,12,47,14,91,20,38,58,149
07/17/2017,TLH,FL,ASO,ES,Combined TRACON& Tower with Radar,24,19,20,22,85,0,0,11,2,13,24,19,31,24,98,28,8,36,134
07/18/2017,TLH,FL,ASO,ES,Combined TRACON& Tower with Radar,24,19,35,28,106,0,0,22,1,23,24,19,57,29,129,48,24,72,201
07/19/2017,TLH,FL,ASO,ES,Combined TRACON& Tower with Radar,22,26,40,28,116,0,2,40,0,42,22,28,80,28,158,0,24,24,182
07/20/2017,TLH,FL,ASO,ES,Combined TRACON& Tower with Radar,24,23,35,22,104,0,5,36,7,48,24,28,71,29,152,55,18,73,225
07/21/2017,TLH,FL,ASO,ES,Combined TRACON& Tower with Radar,24,23,28,17,92,0,3,13,2,18,24,26,41,19,110,54,6,60,170
07/22/2017,TLH,FL,ASO,ES,Combined TRACON& Tower with Radar,18,10,28,3,59,0,3,41,0,44,18,13,69,3,103,74,0,74,177
07/23/2017,TLH,FL,ASO,ES,Combined TRACON& Tower with Radar,18,12,31,7,68,0,0,22,1,23,18,12,53,8,91,12,16,28,119
07/24/2017,TLH,FL,ASO,ES,Combined TRACON& Tower with Radar,28,23,15,16,82,0,1,20,2,23,28,24,35,18,105,34,20,54,159
07/25/2017,TLH,FL,ASO,ES,Combined TRACON& Tower with Radar,27,21,32,64,144,0,2,22,4,28,27,23,54,68,172,32,96,128,300
07/26/2017,TLH,FL,ASO,ES,Combined TRACON& Tower with Radar,24,25,30,28,107,0,5,24,2,31,24,30,54,30,138,64,50,114,252
07/27/2017,TLH,FL,ASO,ES,Combined TRACON& Tower with Radar,26,26,38,38,128,0,3,27,8,38,26,29,65,46,166,24,34,58,224
07/28/2017,TLH,FL,ASO,ES,Combined TRACON& Tower with Radar,26,19,42,41,128,0,7,26,5,38,26,26,68,46,166,6,12,18,184
07/29/2017,TLH,FL,ASO,ES,Combined TRACON& Tower with Radar,20,9,22,8,59,0,0,9,2,11,20,9,31,10,70,45,22,67,137
07/30/2017,TLH,FL,ASO,ES,Combined TRACON& Tower with Radar,20,13,31,19,83,0,0,21,3,24,20,13,52,22,107,0,0,0,107
07/31/2017,TLH,FL,ASO,ES,Combined TRACON& Tower with Radar,24,18,32,28,102,0,0,30,1,31,24,18,62,29,133,23,22,45,178
08/01/2017,TLH,FL,ASO,ES,Combined TRACON& Tower with Radar,23,16,27,17,83,0,2,42,4,48,23,18,69,21,131,60,10,70,201
08/02/2017,TLH,FL,ASO,ES,Combined TRACON& Tower with Radar,24,18,29,20,91,0,3,24,5,32,24,21,53,25,123,38,6,44,167
08/03/2017,TLH,FL,ASO,ES,Combined TRACON& Tower with Radar,25,23,37,2,87,0,0,12,0,12,25,23,49,2,99,12,24,36,135
08/04/2017,TLH,FL,ASO,ES,Combined TRACON& Tower with Radar,25,20,36,11,92,0,1,11,3,15,25,21,47,14,107,10,22,32,139
08/05/2017,TLH,FL,ASO,ES,Combined TRACON& Tower with Radar,17,12,25,0,54,0,2,14,2,18,17,14,39,2,72,0,0,0,72
08/06/2017,TLH,FL,ASO,ES,Combined TRACON& Tower with Radar,20,15,18,0,53,0,1,14,2,17,20,16,32,2,70,6,0,6,76
08/07/2017,TLH,FL,ASO,ES,Combined TRACON& Tower with Radar,25,21,36,32,114,0,0,20,2,22,25,21,56,34,136,10,6,16,152
08/08/2017,TLH,FL,ASO,ES,Combined TRACON& Tower with Radar,24,21,28,39,112,0,4,14,6,24,24,25,42,45,136,50,24,74,210
08/09/2017,TLH,FL,ASO,ES,Combined TRACON& Tower with Radar,26,20,50,18,114,0,8,32,1,41,26,28,82,19,155,72,16,88,243
08/10/2017,TLH,FL,ASO,ES,Combined TRACON& Tower with Radar,15,15,20,5,55,0,1,6,0,7,15,16,26,5,62,88,0,88,150
08/11/2017,TLH,FL,ASO,ES,Combined TRACON& Tower with Radar,23,20,33,30,106,0,2,32,6,40,23,22,65,36,146,33,12,45,191
08/12/2017,TLH,FL,ASO,ES,Combined TRACON& Tower with Radar,14,14,20,0,48,0,3,30,0,33,14,17,50,0,81,30,0,30,111
08/13/2017,TLH,FL,ASO,ES,Combined TRACON& Tower with Radar,21,12,18,9,60,0,0,31,1,32,21,12,49,10,92,32,0,32,124
08/14/2017,TLH,FL,ASO,ES,Combined TRACON& Tower with Radar,24,19,14,18,75,0,2,10,3,15,24,21,24,21,90,18,22,40,130
08/15/2017,TLH,FL,ASO,ES,Combined TRACON& Tower with Radar,22,20,29,27,98,0,6,21,5,32,22,26,50,32,130,36,30,66,196
08/16/2017,TLH,FL,ASO,ES,Combined TRACON& Tower with Radar,22,20,39,38,119,0,5,27,9,41,22,25,66,47,160,85,48,133,293
08/17/2017,TLH,FL,ASO,ES,Combined TRACON& Tower with Radar,24,23,27,43,117,0,6,39,2,47,24,29,66,45,164,32,69,101,265
08/18/2017,TLH,FL,ASO,ES,Combined TRACON& Tower with Radar,22,18,34,16,90,0,3,41,14,58,22,21,75,30,148,6,14,20,168
08/19/2017,TLH,FL,ASO,ES,Combined TRACON& Tower with Radar,19,8,19,0,46,0,6,53,1,60,19,14,72,1,106,102,0,102,208
08/20/2017,TLH,FL,ASO,ES,Combined TRACON& Tower with Radar,18,11,22,26,77,0,0,31,15,46,18,11,53,41,123,44,0,44,167
08/21/2017,TLH,FL,ASO,ES,Combined TRACON& Tower with Radar,22,22,34,9,87,0,2,25,3,30,22,24,59,12,117,30,0,30,147
08/22/2017,TLH,FL,ASO,ES,Combined TRACON& Tower with Radar,20,25,33,26,104,0,9,37,4,50,20,34,70,30,154,40,2,42,196
08/23/2017,TLH,FL,ASO,ES,Combined TRACON& Tower with Radar,23,18,32,37,110,0,12,21,7,40,23,30,53,44,150,14,8,22,172
08/24/2017,TLH,FL,ASO,ES,Combined TRACON& Tower with Radar,29,23,37,26,115,0,4,38,7,49,29,27,75,33,164,20,0,20,184
08/25/2017,TLH,FL,ASO,ES,Combined TRACON& Tower with Radar,21,18,42,22,103,0,6,30,3,39,21,24,72,25,142,16,52,68,210
08/26/2017,TLH,FL,ASO,ES,Combined TRACON& Tower with Radar,16,10,39,25,90,0,3,16,3,22,16,13,55,28,112,30,8,38,150
08/27/2017,TLH,FL,ASO,ES,Combined TRACON& Tower with Radar,19,18,27,29,93,0,0,24,2,26,19,18,51,31,119,8,0,8,127
08/28/2017,TLH,FL,ASO,ES,Combined TRACON& Tower with Radar,21,21,38,26,106,0,0,28,0,28,21,21,66,26,134,20,28,48,182
08/29/2017,TLH,FL,ASO,ES,Combined TRACON& Tower with Radar,21,20,30,49,120,0,2,22,0,24,21,22,52,49,144,14,38,52,196
08/30/2017,TLH,FL,ASO,ES,Combined TRACON& Tower with Radar,20,23,25,30,98,0,1,10,2,13,20,24,35,32,111,0,0,0,111
08/31/2017,TLH,FL,ASO,ES,Combined TRACON& Tower with Radar,24,24,19,7,74,0,3,8,0,11,24,27,27,7,85,10,0,10,95
09/01/2017,TLH,FL,ASO,ES,Combined TRACON& Tower with Radar,22,20,24,1,67,0,7,30,0,37,22,27,54,1,104,0,0,0,104
09/02/2017,TLH,FL,ASO,ES,Combined TRACON& Tower with Radar,15,12,20,1,48,0,0,25,0,25,15,12,45,1,73,36,0,36,109
09/03/2017,TLH,FL,ASO,ES,Combined TRACON& Tower with Radar,16,19,29,1,65,0,0,41,4,45,16,19,70,5,110,10,0,10,120
09/04/2017,TLH,FL,ASO,ES,Combined TRACON& Tower with Radar,19,15,51,0,85,0,0,29,0,29,19,15,80,0,114,22,0,22,136
09/05/2017,TLH,FL,ASO,ES,Combined TRACON& Tower with Radar,24,22,34,33,113,0,3,23,7,33,24,25,57,40,146,20,34,54,200
09/06/2017,TLH,FL,ASO,ES,Combined TRACON& Tower with Radar,21,22,45,6,94,0,1,14,1,16,21,23,59,7,110,0,0,0,110
09/07/2017,TLH,FL,ASO,ES,Combined TRACON& Tower with Radar,22,22,86,21,151,0,2,105,22,129,22,24,191,43,280,6,18,24,304
09/08/2017,TLH,FL,ASO,ES,Combined TRACON& Tower with Radar,22,122,128,9,281,0,2,181,22,205,22,124,309,31,486,0,0,0,486
09/09/2017,TLH,FL,ASO,ES,Combined TRACON& Tower with Radar,17,20,48,2,87,0,1,37,0,38,17,21,85,2,125,0,0,0,125
09/10/2017,TLH,FL,ASO,ES,Combined TRACON& Tower with Radar,14,0,15,0,29,0,1,8,0,9,14,1,23,0,38,0,0,0,38
09/11/2017,TLH,FL,ASO,ES,Combined TRACON& Tower with Radar,0,0,0,0,0,0,0,0,0,0,0,0,0,0,0,0,0,0,0
09/12/2017,TLH,FL,ASO,ES,Combined TRACON& Tower with Radar,17,22,99,5,143,0,8,124,6,138,17,30,223,11,281,0,0,0,281
09/13/2017,TLH,FL,ASO,ES,Combined TRACON& Tower with Radar,22,23,40,3,88,0,9,88,9,106,22,32,128,12,194,26,0,26,220
09/14/2017,TLH,FL,ASO,ES,Combined TRACON& Tower with Radar,21,28,30,24,103,0,2,52,11,65,21,30,82,35,168,14,0,14,182
09/15/2017,TLH,FL,ASO,ES,Combined TRACON& Tower with Radar,22,25,52,12,111,0,8,32,6,46,22,33,84,18,157,22,4,26,183
09/16/2017,TLH,FL,ASO,ES,Combined TRACON& Tower with Radar,16,17,60,20,113,0,0,36,7,43,16,17,96,27,156,18,14,32,188
09/17/2017,TLH,FL,ASO,ES,Combined TRACON& Tower with Radar,20,23,29,50,122,0,1,55,4,60,20,24,84,54,182,40,34,74,256
09/18/2017,TLH,FL,ASO,ES,Combined TRACON& Tower with Radar,21,24,32,32,109,0,5,37,2,44,21,29,69,34,153,18,6,24,177
09/19/2017,TLH,FL,ASO,ES,Combined TRACON& Tower with Radar,20,24,38,56,138,0,6,28,1,35,20,30,66,57,173,68,10,78,251
09/20/2017,TLH,FL,ASO,ES,Combined TRACON& Tower with Radar,21,24,40,8,93,0,10,19,2,31,21,34,59,10,124,30,0,30,154
09/21/2017,TLH,FL,ASO,ES,Combined TRACON& Tower with Radar,23,26,35,4,88,0,5,34,2,41,23,31,69,6,129,38,0,38,167
09/22/2017,TLH,FL,ASO,ES,Combined TRACON& Tower with Radar,23,27,46,79,175,0,11,53,12,76,23,38,99,91,251,40,64,104,355
09/23/2017,TLH,FL,ASO,ES,Combined TRACON& Tower with Radar,17,30,37,12,96,0,2,48,4,54,17,32,85,16,150,26,0,26,176
09/24/2017,TLH,FL,ASO,ES,Combined TRACON& Tower with Radar,20,20,34,29,103,0,0,40,5,45,20,20,74,34,148,4,0,4,152
09/25/2017,TLH,FL,ASO,ES,Combined TRACON& Tower with Radar,20,23,25,55,123,0,2,51,12,65,20,25,76,67,188,133,40,173,361
09/26/2017,TLH,FL,ASO,ES,Combined TRACON& Tower with Radar,20,26,42,56,144,0,5,37,3,45,20,31,79,59,189,67,16,83,272
09/27/2017,TLH,FL,ASO,ES,Combined TRACON& Tower with Radar,20,12,41,17,90,0,8,23,6,37,20,20,64,23,127,84,40,124,251
09/28/2017,TLH,FL,ASO,ES,Combined TRACON& Tower with Radar,23,31,43,24,121,0,7,37,3,47,23,38,80,27,168,12,50,62,230
09/29/2017,TLH,FL,ASO,ES,Combined TRACON& Tower with Radar,21,18,31,31,101,0,2,40,1,43,21,20,71,32,144,34,48,82,226
09/30/2017,TLH,FL,ASO,ES,Combined TRACON& Tower with Radar,15,17,39,0,71,0,2,35,0,37,15,19,74,0,108,42,0,42,150
10/01/2017,TLH,FL,ASO,ES,Combined TRACON& Tower with Radar,18,20,23,7,68,0,0,7,1,8,18,20,30,8,76,26,0,26,102
10/02/2017,TLH,FL,ASO,ES,Combined TRACON& Tower with Radar,19,38,34,62,153,0,3,35,1,39,19,41,69,63,192,76,42,118,310
10/03/2017,TLH,FL,ASO,ES,Combined TRACON& Tower with Radar,21,23,35,22,101,0,4,32,7,43,21,27,67,29,144,28,13,41,185
10/04/2017,TLH,FL,ASO,ES,Combined TRACON& Tower with Radar,21,29,38,30,118,0,9,30,6,45,21,38,68,36,163,40,42,82,245
10/05/2017,TLH,FL,ASO,ES,Combined TRACON& Tower with Radar,22,23,45,16,106,0,3,23,4,30,22,26,68,20,136,6,68,74,210
10/06/2017,TLH,FL,ASO,ES,Combined TRACON& Tower with Radar,27,28,56,8,119,0,2,36,1,39,27,30,92,9,158,24,0,24,182
10/07/2017,TLH,FL,ASO,ES,Combined TRACON& Tower with Radar,23,25,75,0,123,0,2,14,0,16,23,27,89,0,139,8,8,16,155
10/08/2017,TLH,FL,ASO,ES,Combined TRACON& Tower with Radar,21,24,27,0,72,0,0,3,2,5,21,24,30,2,77,0,0,0,77
10/09/2017,TLH,FL,ASO,ES,Combined TRACON& Tower with Radar,23,25,33,0,81,0,3,18,1,22,23,28,51,1,103,0,0,0,103
10/10/2017,TLH,FL,ASO,ES,Combined TRACON& Tower with Radar,22,41,37,20,120,0,4,27,0,31,22,45,64,20,151,4,44,48,199
10/11/2017,TLH,FL,ASO,ES,Combined TRACON& Tower with Radar,24,25,32,25,106,0,1,34,1,36,24,26,66,26,142,20,40,60,202
10/12/2017,TLH,FL,ASO,ES,Combined TRACON& Tower with Radar,26,33,38,12,109,0,5,36,2,43,26,38,74,14,152,0,16,16,168
10/13/2017,TLH,FL,ASO,ES,Combined TRACON& Tower with Radar,23,23,53,43,142,0,6,67,6,79,23,29,120,49,221,52,28,80,301
10/14/2017,TLH,FL,ASO,ES,Combined TRACON& Tower with Radar,22,17,16,17,72,0,4,47,3,54,22,21,63,20,126,18,0,18,144
10/15/2017,TLH,FL,ASO,ES,Combined TRACON& Tower with Radar,20,17,41,46,124,0,0,38,5,43,20,17,79,51,167,16,42,58,225
10/16/2017,TLH,FL,ASO,ES,Combined TRACON& Tower with Radar,24,29,37,28,118,0,2,22,0,24,24,31,59,28,142,49,38,87,229
10/17/2017,TLH,FL,ASO,ES,Combined TRACON& Tower with Radar,22,32,60,46,160,0,9,36,13,58,22,41,96,59,218,7,47,54,272
10/18/2017,TLH,FL,ASO,ES,Combined TRACON& Tower with Radar,22,33,59,37,151,0,4,46,14,64,22,37,105,51,215,14,12,26,241
10/19/2017,TLH,FL,ASO,ES,Combined TRACON& Tower with Radar,24,36,53,44,157,0,9,45,7,61,24,45,98,51,218,30,60,90,308
10/20/2017,TLH,FL,ASO,ES,Combined TRACON& Tower with Radar,24,36,54,48,162,0,11,60,11,82,24,47,114,59,244,52,22,74,318
10/21/2017,TLH,FL,ASO,ES,Combined TRACON& Tower with Radar,21,25,55,16,117,0,2,52,0,54,21,27,107,16,171,34,36,70,241
10/22/2017,TLH,FL,ASO,ES,Combined TRACON& Tower with Radar,19,21,49,56,145,0,0,37,6,43,19,21,86,62,188,22,26,48,236
10/23/2017,TLH,FL,ASO,ES,Combined TRACON& Tower with Radar,23,26,34,22,105,0,3,5,2,10,23,29,39,24,115,16,18,34,149
10/24/2017,TLH,FL,ASO,ES,Combined TRACON& Tower with Radar,16,20,24,5,65,0,1,26,0,27,16,21,50,5,92,78,34,112,204
10/25/2017,TLH,FL,ASO,ES,Combined TRACON& Tower with Radar,25,28,52,22,127,0,4,49,5,58,25,32,101,27,185,44,0,44,229
10/26/2017,TLH,FL,ASO,ES,Combined TRACON& Tower with Radar,20,21,32,10,83,0,7,13,2,22,20,28,45,12,105,135,50,185,290
10/27/2017,TLH,FL,ASO,ES,Combined TRACON& Tower with Radar,25,29,46,47,147,0,2,50,2,54,25,31,96,49,201,45,30,75,276
10/28/2017,TLH,FL,ASO,ES,Combined TRACON& Tower with Radar,22,10,16,24,72,0,2,17,1,20,22,12,33,25,92,8,0,8,100
10/29/2017,TLH,FL,ASO,ES,Combined TRACON& Tower with Radar,20,18,31,22,91,0,2,21,2,25,20,20,52,24,116,14,10,24,140
10/30/2017,TLH,FL,ASO,ES,Combined TRACON& Tower with Radar,18,16,28,5,67,0,1,12,1,14,18,17,40,6,81,52,3,55,136
10/31/2017,TLH,FL,ASO,ES,Combined TRACON& Tower with Radar,16,14,24,5,59,0,4,15,0,19,16,18,39,5,78,81,9,90,168
11/01/2017,TLH,FL,ASO,ES,Combined TRACON& Tower with Radar,21,19,30,13,83,0,6,21,3,30,21,25,51,16,113,115,24,139,252
11/02/2017,TLH,FL,ASO,ES,Combined TRACON& Tower with Radar,21,28,38,9,96,0,4,17,1,22,21,32,55,10,118,34,36,70,188
11/03/2017,TLH,FL,ASO,ES,Combined TRACON& Tower with Radar,25,33,51,79,188,0,11,71,30,112,25,44,122,109,300,22,2,24,324
11/04/2017,TLH,FL,ASO,ES,Combined TRACON& Tower with Radar,21,16,50,29,116,0,8,67,19,94,21,24,117,48,210,24,26,50,260
11/05/2017,TLH,FL,ASO,ES,Combined TRACON& Tower with Radar,20,17,44,31,112,0,0,48,22,70,20,17,92,53,182,32,6,38,220
11/06/2017,TLH,FL,ASO,ES,Combined TRACON& Tower with Radar,23,28,58,55,164,0,2,34,3,39,23,30,92,58,203,34,32,66,269
11/07/2017,TLH,FL,ASO,ES,Combined TRACON& Tower with Radar,24,35,50,25,134,0,5,23,6,34,24,40,73,31,168,22,44,66,234
11/08/2017,TLH,FL,ASO,ES,Combined TRACON& Tower with Radar,22,29,39,69,159,0,6,27,7,40,22,35,66,76,199,33,48,81,280
11/09/2017,TLH,FL,ASO,ES,Combined TRACON& Tower with Radar,24,30,39,19,112,0,0,5,0,5,24,30,44,19,117,2,0,2,119
11/10/2017,TLH,FL,ASO,ES,Combined TRACON& Tower with Radar,24,20,53,8,105,0,0,42,2,44,24,20,95,10,149,40,0,40,189
11/11/2017,TLH,FL,ASO,ES,Combined TRACON& Tower with Radar,16,8,33,1,58,0,2,31,1,34,16,10,64,2,92,88,0,88,180
11/12/2017,TLH,FL,ASO,ES,Combined TRACON& Tower with Radar,20,20,45,15,100,0,0,18,1,19,20,20,63,16,119,12,10,22,141
11/13/2017,TLH,FL,ASO,ES,Combined TRACON& Tower with Radar,23,32,39,34,128,0,0,32,2,34,23,32,71,36,162,24,28,52,214
11/14/2017,TLH,FL,ASO,ES,Combined TRACON& Tower with Radar,24,27,49,40,140,0,3,34,7,44,24,30,83,47,184,92,14,106,290
11/15/2017,TLH,FL,ASO,ES,Combined TRACON& Tower with Radar,23,26,46,21,116,0,1,52,6,59,23,27,98,27,175,52,14,66,241
11/16/2017,TLH,FL,ASO,ES,Combined TRACON& Tower with Radar,22,28,44,84,178,0,0,44,4,48,22,28,88,88,226,11,118,129,355
11/17/2017,TLH,FL,ASO,ES,Combined TRACON& Tower with Radar,24,25,58,41,148,0,2,59,1,62,24,27,117,42,210,26,48,74,284
11/18/2017,TLH,FL,ASO,ES,Combined TRACON& Tower with Radar,17,24,49,3,93,0,0,37,5,42,17,24,86,8,135,17,4,21,156
11/19/2017,TLH,FL,ASO,ES,Combined TRACON& Tower with Radar,20,30,42,12,104,0,2,26,7,35,20,32,68,19,139,0,0,0,139
11/20/2017,TLH,FL,ASO,ES,Combined TRACON& Tower with Radar,21,35,43,38,137,0,0,50,4,54,21,35,93,42,191,27,20,47,238
11/21/2017,TLH,FL,ASO,ES,Combined TRACON& Tower with Radar,23,21,33,17,94,0,0,17,5,22,23,21,50,22,116,9,12,21,137
11/22/2017,TLH,FL,ASO,ES,Combined TRACON& Tower with Radar,22,20,37,2,81,0,0,7,0,7,22,20,44,2,88,0,0,0,88
11/23/2017,TLH,FL,ASO,ES,Combined TRACON& Tower with Radar,16,10,15,0,41,0,0,1,0,1,16,10,16,0,42,0,0,0,42
11/24/2017,TLH,FL,ASO,ES,Combined TRACON& Tower with Radar,22,14,29,0,65,0,0,19,0,19,22,14,48,0,84,4,0,4,88
11/25/2017,TLH,FL,ASO,ES,Combined TRACON& Tower with Radar,19,12,26,0,57,0,1,32,0,33,19,13,58,0,90,12,0,12,102
11/26/2017,TLH,FL,ASO,ES,Combined TRACON& Tower with Radar,23,14,36,0,73,0,8,52,0,60,23,22,88,0,133,12,0,12,145
11/27/2017,TLH,FL,ASO,ES,Combined TRACON& Tower with Radar,24,27,37,23,111,0,0,40,6,46,24,27,77,29,157,10,8,18,175
11/28/2017,TLH,FL,ASO,ES,Combined TRACON& Tower with Radar,26,29,29,23,107,0,6,27,7,40,26,35,56,30,147,34,24,58,205
11/29/2017,TLH,FL,ASO,ES,Combined TRACON& Tower with Radar,22,28,38,35,123,0,2,56,5,63,22,30,94,40,186,34,16,50,236
11/30/2017,TLH,FL,ASO,ES,Combined TRACON& Tower with Radar,25,24,37,38,124,0,5,32,6,43,25,29,69,44,167,45,52,97,264
12/01/2017,TLH,FL,ASO,ES,Combined TRACON& Tower with Radar,24,26,56,59,165,0,0,16,18,34,24,26,72,77,199,0,0,0,199
12/02/2017,TLH,FL,ASO,ES,Combined TRACON& Tower with Radar,17,13,27,4,61,0,4,30,2,36,17,17,57,6,97,8,26,34,131
12/03/2017,TLH,FL,ASO,ES,Combined TRACON& Tower with Radar,20,20,36,36,112,0,0,27,14,41,20,20,63,50,153,16,10,26,179
12/04/2017,TLH,FL,ASO,ES,Combined TRACON& Tower with Radar,22,30,42,71,165,0,2,18,2,22,22,32,60,73,187,14,74,88,275
12/05/2017,TLH,FL,ASO,ES,Combined TRACON& Tower with Radar,26,26,38,22,112,0,2,11,0,13,26,28,49,22,125,82,35,117,242
12/06/2017,TLH,FL,ASO,ES,Combined TRACON& Tower with Radar,24,30,39,39,132,0,2,1,0,3,24,32,40,39,135,0,0,0,135
12/07/2017,TLH,FL,ASO,ES,Combined TRACON& Tower with Radar,25,37,38,19,119,0,0,0,0,0,25,37,38,19,119,0,0,0,119
12/08/2017,TLH,FL,ASO,ES,Combined TRACON& Tower with Radar,18,28,18,4,68,0,0,0,0,0,18,28,18,4,68,0,0,0,68
12/09/2017,TLH,FL,ASO,ES,Combined TRACON& Tower with Radar,12,14,31,14,71,0,3,15,2,20,12,17,46,16,91,20,0,20,111
12/10/2017,TLH,FL,ASO,ES,Combined TRACON& Tower with Radar,20,21,40,6,87,0,24,41,4,69,20,45,81,10,156,68,12,80,236
12/11/2017,TLH,FL,ASO,ES,Combined TRACON& Tower with Radar,24,35,63,39,161,0,2,49,13,64,24,37,112,52,225,38,26,64,289
12/12/2017,TLH,FL,ASO,ES,Combined TRACON& Tower with Radar,26,37,44,49,156,0,13,55,5,73,26,50,99,54,229,20,0,20,249
12/13/2017,TLH,FL,ASO,ES,Combined TRACON& Tower with Radar,24,32,68,39,163,0,4,46,3,53,24,36,114,42,216,18,16,34,250
12/14/2017,TLH,FL,ASO,ES,Combined TRACON& Tower with Radar,24,31,38,54,147,0,7,45,5,57,24,38,83,59,204,13,50,63,267
12/15/2017,TLH,FL,ASO,ES,Combined TRACON& Tower with Radar,23,20,62,28,133,0,4,24,2,30,23,24,86,30,163,42,8,50,213
12/16/2017,TLH,FL,ASO,ES,Combined TRACON& Tower with Radar,21,12,27,8,68,0,4,42,4,50,21,16,69,12,118,18,4,22,140
12/17/2017,TLH,FL,ASO,ES,Combined TRACON& Tower with Radar,17,23,34,33,107,0,0,30,12,42,17,23,64,45,149,16,2,18,167
12/18/2017,TLH,FL,ASO,ES,Combined TRACON& Tower with Radar,19,19,45,11,94,0,0,2,0,2,19,19,47,11,96,0,0,0,96
12/19/2017,TLH,FL,ASO,ES,Combined TRACON& Tower with Radar,27,28,35,47,137,0,4,12,4,20,27,32,47,51,157,22,0,22,179
12/20/2017,TLH,FL,ASO,ES,Combined TRACON& Tower with Radar,25,21,41,66,153,0,5,11,3,19,25,26,52,69,172,6,14,20,192
12/21/2017,TLH,FL,ASO,ES,Combined TRACON& Tower with Radar,19,29,39,1,88,0,4,26,4,34,19,33,65,5,122,30,2,32,154
12/22/2017,TLH,FL,ASO,ES,Combined TRACON& Tower with Radar,20,32,32,20,104,0,2,22,0,24,20,34,54,20,128,0,0,0,128
12/23/2017,TLH,FL,ASO,ES,Combined TRACON& Tower with Radar,20,17,41,0,78,0,1,10,0,11,20,18,51,0,89,0,0,0,89
12/24/2017,TLH,FL,ASO,ES,Combined TRACON& Tower with Radar,16,12,8,0,36,0,0,13,0,13,16,12,21,0,49,0,0,0,49
12/25/2017,TLH,FL,ASO,ES,Combined TRACON& Tower with Radar,15,16,12,0,43,0,0,17,1,18,15,16,29,1,61,0,0,0,61
12/26/2017,TLH,FL,ASO,ES,Combined TRACON& Tower with Radar,18,33,36,8,95,0,0,33,0,33,18,33,69,8,128,6,6,12,140
12/27/2017,TLH,FL,ASO,ES,Combined TRACON& Tower with Radar,20,32,28,22,102,0,0,2,0,2,20,32,30,22,104,0,0,0,104
12/28/2017,TLH,FL,ASO,ES,Combined TRACON& Tower with Radar,19,33,13,4,69,0,0,0,0,0,19,33,13,4,69,0,0,0,69
12/29/2017,TLH,FL,ASO,ES,Combined TRACON& Tower with Radar,19,23,23,6,71,0,0,6,0,6,19,23,29,6,77,8,0,8,85
12/30/2017,TLH,FL,ASO,ES,Combined TRACON& Tower with Radar,23,16,16,0,55,0,0,32,0,32,23,16,48,0,87,12,0,12,99
12/31/2017,TLH,FL,ASO,ES,Combined TRACON& Tower with Radar,14,12,10,0,36,0,0,8,0,8,14,12,18,0,44,2,0,2,46
01/01/2018,TLH,FL,ASO,ES,Combined TRACON& Tower with Radar,15,15,3,0,33,0,0,11,0,11,15,15,14,0,44,26,0,26,70
01/02/2018,TLH,FL,ASO,ES,Combined TRACON& Tower with Radar,21,26,21,0,68,0,5,28,0,33,21,31,49,0,101,34,0,34,135
01/03/2018,TLH,FL,ASO,ES,Combined TRACON& Tower with Radar,23,26,29,0,78,0,6,17,0,23,23,32,46,0,101,78,0,78,179
01/04/2018,TLH,FL,ASO,ES,Combined TRACON& Tower with Radar,25,23,31,28,107,0,7,35,5,47,25,30,66,33,154,25,0,25,179
01/05/2018,TLH,FL,ASO,ES,Combined TRACON& Tower with Radar,22,20,32,52,126,0,6,47,16,69,22,26,79,68,195,24,0,24,219
01/06/2018,TLH,FL,ASO,ES,Combined TRACON& Tower with Radar,19,12,36,11,78,0,6,55,5,66,19,18,91,16,144,30,6,36,180
01/07/2018,TLH,FL,ASO,ES,Combined TRACON& Tower with Radar,20,27,28,44,119,0,4,39,12,55,20,31,67,56,174,28,4,32,206
01/08/2018,TLH,FL,ASO,ES,Combined TRACON& Tower with Radar,21,31,27,62,141,4,3,16,1,24,25,34,43,63,165,4,110,114,279
01/09/2018,TLH,FL,ASO,ES,Combined TRACON& Tower with Radar,21,22,54,109,206,0,4,29,3,36,21,26,83,112,242,44,88,132,374
01/10/2018,TLH,FL,ASO,ES,Combined TRACON& Tower with Radar,21,25,53,66,165,0,0,7,6,13,21,25,60,72,178,2,40,42,220
01/11/2018,TLH,FL,ASO,ES,Combined TRACON& Tower with Radar,20,32,51,15,118,0,3,7,2,12,20,35,58,17,130,4,0,4,134
01/12/2018,TLH,FL,ASO,ES,Combined TRACON& Tower with Radar,24,30,39,21,114,0,6,5,8,19,24,36,44,29,133,0,0,0,133
01/13/2018,TLH,FL,ASO,ES,Combined TRACON& Tower with Radar,17,7,21,11,56,0,4,41,1,46,17,11,62,12,102,37,10,47,149
01/14/2018,TLH,FL,ASO,ES,Combined TRACON& Tower with Radar,15,28,40,46,129,0,0,36,9,45,15,28,76,55,174,40,16,56,230
01/15/2018,TLH,FL,ASO,ES,Combined TRACON& Tower with Radar,23,30,40,1,94,0,1,55,0,56,23,31,95,1,150,36,0,36,186
01/16/2018,TLH,FL,ASO,ES,Combined TRACON& Tower with Radar,19,29,62,49,159,0,4,63,4,71,19,33,125,53,230,21,14,35,265
01/17/2018,TLH,FL,ASO,ES,Combined TRACON& Tower with Radar,13,37,58,14,122,0,2,17,3,22,13,39,75,17,144,0,0,0,144
01/18/2018,TLH,FL,ASO,ES,Combined TRACON& Tower with Radar,22,44,58,52,176,0,6,51,9,66,22,50,109,61,242,10,20,30,272
01/19/2018,TLH,FL,ASO,ES,Combined TRACON& Tower with Radar,22,26,45,68,161,0,2,52,13,67,22,28,97,81,228,6,6,12,240
01/20/2018,TLH,FL,ASO,ES,Combined TRACON& Tower with Radar,12,20,25,4,61,0,1,49,3,53,12,21,74,7,114,26,0,26,140
01/21/2018,TLH,FL,ASO,ES,Combined TRACON& Tower with Radar,20,15,26,41,102,0,2,39,20,61,20,17,65,61,163,10,14,24,187
01/22/2018,TLH,FL,ASO,ES,Combined TRACON& Tower with Radar,20,30,36,13,99,0,0,1,0,1,20,30,37,13,100,0,0,0,100
01/23/2018,TLH,FL,ASO,ES,Combined TRACON& Tower with Radar,22,36,56,32,146,0,3,39,5,47,22,39,95,37,193,70,41,111,304
01/24/2018,TLH,FL,ASO,ES,Combined TRACON& Tower with Radar,25,29,60,29,143,0,6,51,6,63,25,35,111,35,206,18,6,24,230
01/25/2018,TLH,FL,ASO,ES,Combined TRACON& Tower with Radar,21,39,60,25,145,0,2,63,2,67,21,41,123,27,212,60,12,72,284
01/26/2018,TLH,FL,ASO,ES,Combined TRACON& Tower with Radar,32,34,53,27,146,0,6,46,24,76,32,40,99,51,222,60,75,135,357
01/27/2018,TLH,FL,ASO,ES,Combined TRACON& Tower with Radar,14,15,24,0,53,0,5,25,0,30,14,20,49,0,83,40,0,40,123
01/28/2018,TLH,FL,ASO,ES,Combined TRACON& Tower with Radar,20,16,17,8,61,0,0,2,3,5,20,16,19,11,66,0,0,0,66
01/29/2018,TLH,FL,ASO,ES,Combined TRACON& Tower with Radar,20,28,40,41,129,0,0,18,5,23,20,28,58,46,152,14,24,38,190
01/30/2018,TLH,FL,ASO,ES,Combined TRACON& Tower with Radar,24,25,36,40,125,0,3,56,15,74,24,28,92,55,199,42,24,66,265
01/31/2018,TLH,FL,ASO,ES,Combined TRACON& Tower with Radar,26,24,51,23,124,0,9,56,13,78,26,33,107,36,202,48,30,78,280
02/01/2018,TLH,FL,ASO,ES,Combined TRACON& Tower with Radar,24,32,60,86,202,0,8,32,7,47,24,40,92,93,249,10,52,62,311
02/02/2018,TLH,FL,ASO,ES,Combined TRACON& Tower with Radar,24,37,39,37,137,0,5,30,13,48,24,42,69,50,185,38,14,52,237
02/03/2018,TLH,FL,ASO,ES,Combined TRACON& Tower with Radar,15,9,26,6,56,0,0,41,0,41,15,9,67,6,97,42,0,42,139
02/04/2018,TLH,FL,ASO,ES,Combined TRACON& Tower with Radar,21,16,14,7,58,0,0,1,0,1,21,16,15,7,59,0,0,0,59
02/05/2018,TLH,FL,ASO,ES,Combined TRACON& Tower with Radar,20,29,39,32,120,0,7,60,12,79,20,36,99,44,199,42,12,54,253
02/06/2018,TLH,FL,ASO,ES,Combined TRACON& Tower with Radar,23,31,55,89,198,0,5,56,8,69,23,36,111,97,267,58,30,88,355
02/07/2018,TLH,FL,ASO,ES,Combined TRACON& Tower with Radar,29,28,43,27,127,0,0,2,0,2,29,28,45,27,129,0,16,16,145
02/08/2018,TLH,FL,ASO,ES,Combined TRACON& Tower with Radar,22,34,65,35,156,0,3,39,12,54,22,37,104,47,210,40,14,54,264
02/09/2018,TLH,FL,ASO,ES,Combined TRACON& Tower with Radar,23,23,41,44,131,0,4,5,1,10,23,27,46,45,141,0,8,8,149
02/10/2018,TLH,FL,ASO,ES,Combined TRACON& Tower with Radar,14,12,14,5,45,0,0,3,0,3,14,12,17,5,48,0,0,0,48
02/11/2018,TLH,FL,ASO,ES,Combined TRACON& Tower with Radar,22,24,25,3,74,0,0,0,0,0,22,24,25,3,74,0,0,0,74
02/12/2018,TLH,FL,ASO,ES,Combined TRACON& Tower with Radar,21,33,44,5,103,0,1,0,0,1,21,34,44,5,104,0,0,0,104
02/13/2018,TLH,FL,ASO,ES,Combined TRACON& Tower with Radar,21,25,70,27,143,0,0,8,3,11,21,25,78,30,154,50,0,50,204
02/14/2018,TLH,FL,ASO,ES,Combined TRACON& Tower with Radar,22,25,50,44,141,0,3,29,2,34,22,28,79,46,175,68,4,72,247
02/15/2018,TLH,FL,ASO,ES,Combined TRACON& Tower with Radar,23,33,76,54,186,0,7,35,5,47,23,40,111,59,233,32,26,58,291
02/16/2018,TLH,FL,ASO,ES,Combined TRACON& Tower with Radar,25,27,61,23,136,0,5,38,6,49,25,32,99,29,185,8,10,18,203
02/17/2018,TLH,FL,ASO,ES,Combined TRACON& Tower with Radar,17,25,33,12,87,0,2,31,2,35,17,27,64,14,122,8,0,8,130
02/18/2018,TLH,FL,ASO,ES,Combined TRACON& Tower with Radar,24,24,40,9,97,0,2,49,3,54,24,26,89,12,151,25,0,25,176
02/19/2018,TLH,FL,ASO,ES,Combined TRACON& Tower with Radar,23,38,51,0,112,0,0,52,0,52,23,38,103,0,164,50,0,50,214
02/20/2018,TLH,FL,ASO,ES,Combined TRACON& Tower with Radar,21,32,75,25,153,0,6,26,4,36,21,38,101,29,189,80,26,106,295
02/21/2018,TLH,FL,ASO,ES,Combined TRACON& Tower with Radar,24,31,67,59,181,0,5,35,6,46,24,36,102,65,227,48,14,62,289
02/22/2018,TLH,FL,ASO,ES,Combined TRACON& Tower with Radar,25,45,60,30,160,0,7,46,5,58,25,52,106,35,218,40,18,58,276
02/23/2018,TLH,FL,ASO,ES,Combined TRACON& Tower with Radar,25,36,62,58,181,0,7,42,13,62,25,43,104,71,243,82,14,96,339
02/24/2018,TLH,FL,ASO,ES,Combined TRACON& Tower with Radar,22,17,45,16,100,0,4,40,6,50,22,21,85,22,150,46,28,74,224
02/25/2018,TLH,FL,ASO,ES,Combined TRACON& Tower with Radar,22,18,29,24,93,0,0,3,8,11,22,18,32,32,104,0,0,0,104
02/26/2018,TLH,FL,ASO,ES,Combined TRACON& Tower with Radar,23,33,37,4,97,0,0,17,0,17,23,33,54,4,114,14,0,14,128
02/27/2018,TLH,FL,ASO,ES,Combined TRACON& Tower with Radar,25,31,59,31,146,0,5,47,0,52,25,36,106,31,198,70,22,92,290
02/28/2018,TLH,FL,ASO,ES,Combined TRACON& Tower with Radar,24,30,53,47,154,0,5,21,4,30,24,35,74,51,184,56,26,82,266
03/01/2018,TLH,FL,ASO,ES,Combined TRACON& Tower with Radar,24,38,42,46,150,0,12,14,5,31,24,50,56,51,181,16,26,42,223
03/02/2018,TLH,FL,ASO,ES,Combined TRACON& Tower with Radar,25,34,41,81,181,0,8,66,22,96,25,42,107,103,277,48,16,64,341
03/03/2018,TLH,FL,ASO,ES,Combined TRACON& Tower with Radar,19,20,34,15,88,0,6,58,3,67,19,26,92,18,155,60,14,74,229
03/04/2018,TLH,FL,ASO,ES,Combined TRACON& Tower with Radar,26,25,32,23,106,0,12,49,9,70,26,37,81,32,176,24,10,34,210
03/05/2018,TLH,FL,ASO,ES,Combined TRACON& Tower with Radar,26,37,25,38,126,0,2,28,1,31,26,39,53,39,157,42,0,42,199
03/06/2018,TLH,FL,ASO,ES,Combined TRACON& Tower with Radar,26,28,28,13,95,0,2,14,0,16,26,30,42,13,111,10,6,16,127
03/07/2018,TLH,FL,ASO,ES,Combined TRACON& Tower with Radar,25,23,32,75,155,0,7,53,14,74,25,30,85,89,229,42,30,72,301
03/08/2018,TLH,FL,ASO,ES,Combined TRACON& Tower with Radar,27,27,26,29,109,0,8,46,6,60,27,35,72,35,169,36,0,36,205
03/09/2018,TLH,FL,ASO,ES,Combined TRACON& Tower with Radar,26,25,44,19,114,0,7,48,5,60,26,32,92,24,174,20,0,20,194
03/10/2018,TLH,FL,ASO,ES,Combined TRACON& Tower with Radar,22,11,37,31,101,0,8,32,1,41,22,19,69,32,142,20,8,28,170
03/11/2018,TLH,FL,ASO,ES,Combined TRACON& Tower with Radar,28,16,23,29,96,0,0,11,2,13,28,16,34,31,109,0,0,0,109
03/12/2018,TLH,FL,ASO,ES,Combined TRACON& Tower with Radar,27,31,28,19,105,0,2,10,4,16,27,33,38,23,121,3,28,31,152
03/13/2018,TLH,FL,ASO,ES,Combined TRACON& Tower with Radar,25,32,32,40,129,0,4,51,1,56,25,36,83,41,185,56,34,90,275
03/14/2018,TLH,FL,ASO,ES,Combined TRACON& Tower with Radar,29,26,30,22,107,0,6,51,7,64,29,32,81,29,171,44,18,62,233
03/15/2018,TLH,FL,ASO,ES,Combined TRACON& Tower with Radar,26,29,52,33,140,0,8,45,8,61,26,37,97,41,201,18,28,46,247
03/16/2018,TLH,FL,ASO,ES,Combined TRACON& Tower with Radar,29,25,23,58,135,0,8,43,6,57,29,33,66,64,192,6,2,8,200
03/17/2018,TLH,FL,ASO,ES,Combined TRACON& Tower with Radar,22,12,30,3,67,0,7,39,3,49,22,19,69,6,116,0,0,0,116
03/18/2018,TLH,FL,ASO,ES,Combined TRACON& Tower with Radar,25,11,28,63,127,0,0,15,4,19,25,11,43,67,146,22,10,32,178
03/19/2018,TLH,FL,ASO,ES,Combined TRACON& Tower with Radar,33,36,34,0,103,0,1,1,0,2,33,37,35,0,105,3,0,3,108
03/20/2018,TLH,FL,ASO,ES,Combined TRACON& Tower with Radar,30,25,26,30,111,0,3,14,9,26,30,28,40,39,137,0,4,4,141
03/21/2018,TLH,FL,ASO,ES,Combined TRACON& Tower with Radar,25,34,30,48,137,0,11,27,8,46,25,45,57,56,183,6,10,16,199
03/22/2018,TLH,FL,ASO,ES,Combined TRACON& Tower with Radar,26,36,37,19,118,0,1,42,7,50,26,37,79,26,168,24,0,24,192
03/23/2018,TLH,FL,ASO,ES,Combined TRACON& Tower with Radar,26,24,47,39,136,0,5,53,7,65,26,29,100,46,201,29,0,29,230
03/24/2018,TLH,FL,ASO,ES,Combined TRACON& Tower with Radar,19,14,32,15,80,0,6,74,1,81,19,20,106,16,161,22,0,22,183
03/25/2018,TLH,FL,ASO,ES,Combined TRACON& Tower with Radar,30,17,39,25,111,0,1,33,13,47,30,18,72,38,158,14,16,30,188
03/26/2018,TLH,FL,ASO,ES,Combined TRACON& Tower with Radar,25,23,47,13,108,0,5,3,2,10,25,28,50,15,118,0,0,0,118
03/27/2018,TLH,FL,ASO,ES,Combined TRACON& Tower with Radar,24,28,57,63,172,0,3,31,5,39,24,31,88,68,211,60,64,124,335
03/28/2018,TLH,FL,ASO,ES,Combined TRACON& Tower with Radar,26,31,47,25,129,0,3,49,25,77,26,34,96,50,206,13,28,41,247
03/29/2018,TLH,FL,ASO,ES,Combined TRACON& Tower with Radar,25,32,29,21,107,0,6,22,5,33,25,38,51,26,140,4,13,17,157
03/30/2018,TLH,FL,ASO,ES,Combined TRACON& Tower with Radar,28,25,38,11,102,0,4,31,0,35,28,29,69,11,137,6,2,8,145
03/31/2018,TLH,FL,ASO,ES,Combined TRACON& Tower with Radar,19,10,36,6,71,0,1,46,5,52,19,11,82,11,123,23,26,49,172
04/01/2018,TLH,FL,ASO,ES,Combined TRACON& Tower with Radar,26,13,19,1,59,0,2,27,1,30,26,15,46,2,89,0,0,0,89
04/02/2018,TLH,FL,ASO,ES,Combined TRACON& Tower with Radar,25,26,31,46,128,0,3,58,7,68,25,29,89,53,196,43,28,71,267
04/03/2018,TLH,FL,ASO,ES,Combined TRACON& Tower with Radar,25,32,46,65,168,0,1,48,10,59,25,33,94,75,227,52,76,128,355
04/04/2018,TLH,FL,ASO,ES,Combined TRACON& Tower with Radar,24,23,27,17,91,0,2,19,0,21,24,25,46,17,112,0,0,0,112
04/05/2018,TLH,FL,ASO,ES,Combined TRACON& Tower with Radar,25,28,35,16,104,0,7,59,1,67,25,35,94,17,171,11,0,11,182
04/06/2018,TLH,FL,ASO,ES,Combined TRACON& Tower with Radar,25,22,48,100,195,0,7,32,22,61,25,29,80,122,256,6,68,74,330
04/07/2018,TLH,FL,ASO,ES,Combined TRACON& Tower with Radar,21,11,12,1,45,0,0,2,0,2,21,11,14,1,47,0,0,0,47
04/08/2018,TLH,FL,ASO,ES,Combined TRACON& Tower with Radar,24,18,36,43,121,0,0,31,7,38,24,18,67,50,159,2,0,2,161
04/09/2018,TLH,FL,ASO,ES,Combined TRACON& Tower with Radar,26,23,33,22,104,0,0,13,1,14,26,23,46,23,118,20,22,42,160
04/10/2018,TLH,FL,ASO,ES,Combined TRACON& Tower with Radar,27,27,34,6,94,0,7,18,2,27,27,34,52,8,121,0,8,8,129
04/11/2018,TLH,FL,ASO,ES,Combined TRACON& Tower with Radar,25,21,59,43,148,0,9,50,8,67,25,30,109,51,215,0,12,12,227
04/12/2018,TLH,FL,ASO,ES,Combined TRACON& Tower with Radar,25,29,54,68,176,0,11,67,12,90,25,40,121,80,266,32,38,70,336
04/13/2018,TLH,FL,ASO,ES,Combined TRACON& Tower with Radar,26,28,62,85,201,0,2,38,14,54,26,30,100,99,255,44,12,56,311
04/14/2018,TLH,FL,ASO,ES,Combined TRACON& Tower with Radar,23,13,45,12,93,0,0,49,7,56,23,13,94,19,149,0,56,56,205
04/15/2018,TLH,FL,ASO,ES,Combined TRACON& Tower with Radar,31,12,28,5,76,0,0,4,12,16,31,12,32,17,92,0,0,0,92
04/16/2018,TLH,FL,ASO,ES,Combined TRACON& Tower with Radar,26,32,47,30,135,0,1,43,8,52,26,33,90,38,187,10,28,38,225
04/17/2018,TLH,FL,ASO,ES,Combined TRACON& Tower with Radar,26,34,44,37,141,0,2,54,4,60,26,36,98,41,201,52,14,66,267
04/18/2018,TLH,FL,ASO,ES,Combined TRACON& Tower with Radar,26,32,39,26,123,0,4,45,11,60,26,36,84,37,183,50,4,54,237
04/19/2018,TLH,FL,ASO,ES,Combined TRACON& Tower with Radar,27,31,36,44,138,0,1,54,5,60,27,32,90,49,198,50,38,88,286
04/20/2018,TLH,FL,ASO,ES,Combined TRACON& Tower with Radar,25,26,39,13,103,0,6,42,3,51,25,32,81,16,154,30,0,30,184
04/21/2018,TLH,FL,ASO,ES,Combined TRACON& Tower with Radar,20,11,24,2,57,0,0,38,0,38,20,11,62,2,95,18,0,18,113
04/22/2018,TLH,FL,ASO,ES,Combined TRACON& Tower with Radar,26,14,14,26,80,0,0,6,1,7,26,14,20,27,87,1,0,1,88
04/23/2018,TLH,FL,ASO,ES,Combined TRACON& Tower with Radar,26,30,28,84,168,0,2,17,9,28,26,32,45,93,196,2,24,26,222
04/24/2018,TLH,FL,ASO,ES,Combined TRACON& Tower with Radar,25,25,43,31,124,0,5,38,0,43,25,30,81,31,167,96,2,98,265
04/25/2018,TLH,FL,ASO,ES,Combined TRACON& Tower with Radar,25,34,66,23,148,0,5,59,7,71,25,39,125,30,219,24,0,24,243
04/26/2018,TLH,FL,ASO,ES,Combined TRACON& Tower with Radar,26,32,58,68,184,0,8,54,8,70,26,40,112,76,254,26,92,118,372
04/27/2018,TLH,FL,ASO,ES,Combined TRACON& Tower with Radar,22,30,55,67,174,0,4,45,7,56,22,34,100,74,230,27,32,59,289
04/28/2018,TLH,FL,ASO,ES,Combined TRACON& Tower with Radar,19,11,32,18,80,0,7,64,6,77,19,18,96,24,157,28,12,40,197
04/29/2018,TLH,FL,ASO,ES,Combined TRACON& Tower with Radar,24,21,23,11,79,0,14,46,6,66,24,35,69,17,145,0,0,0,145
04/30/2018,TLH,FL,ASO,ES,Combined TRACON& Tower with Radar,27,36,35,26,124,0,5,41,1,47,27,41,76,27,171,28,22,50,221
05/01/2018,TLH,FL,ASO,ES,Combined TRACON& Tower with Radar,28,32,48,32,140,0,7,53,6,66,28,39,101,38,206,11,6,17,223
05/02/2018,TLH,FL,ASO,ES,Combined TRACON& Tower with Radar,26,32,42,49,149,0,4,50,11,65,26,36,92,60,214,57,68,125,339
05/03/2018,TLH,FL,ASO,ES,Combined TRACON& Tower with Radar,28,33,46,41,148,0,4,48,0,52,28,37,94,41,200,45,26,71,271
05/04/2018,TLH,FL,ASO,ES,Combined TRACON& Tower with Radar,27,28,51,88,194,0,1,51,2,54,27,29,102,90,248,10,24,34,282
05/05/2018,TLH,FL,ASO,ES,Combined TRACON& Tower with Radar,21,17,28,12,78,0,5,71,2,78,21,22,99,14,156,33,0,33,189
05/06/2018,TLH,FL,ASO,ES,Combined TRACON& Tower with Radar,24,21,19,31,95,0,3,41,3,47,24,24,60,34,142,44,10,54,196
05/07/2018,TLH,FL,ASO,ES,Combined TRACON& Tower with Radar,25,34,35,70,164,0,3,56,12,71,25,37,91,82,235,42,53,95,330
05/08/2018,TLH,FL,ASO,ES,Combined TRACON& Tower with Radar,25,35,25,47,132,0,2,51,17,70,25,37,76,64,202,56,28,84,286
05/09/2018,TLH,FL,ASO,ES,Combined TRACON& Tower with Radar,25,27,55,37,144,0,9,67,2,78,25,36,122,39,222,32,24,56,278
05/10/2018,TLH,FL,ASO,ES,Combined TRACON& Tower with Radar,25,31,37,31,124,0,4,54,8,66,25,35,91,39,190,47,36,83,273
05/11/2018,TLH,FL,ASO,ES,Combined TRACON& Tower with Radar,27,30,59,48,164,0,6,48,16,70,27,36,107,64,234,52,22,74,308
05/12/2018,TLH,FL,ASO,ES,Combined TRACON& Tower with Radar,17,16,26,5,64,0,5,61,2,68,17,21,87,7,132,10,4,14,146
05/13/2018,TLH,FL,ASO,ES,Combined TRACON& Tower with Radar,23,22,17,14,76,0,0,25,5,30,23,22,42,19,106,0,0,0,106
05/14/2018,TLH,FL,ASO,ES,Combined TRACON& Tower with Radar,25,20,23,6,74,0,0,12,0,12,25,20,35,6,86,2,0,2,88
05/15/2018,TLH,FL,ASO,ES,Combined TRACON& Tower with Radar,26,27,20,0,73,0,2,9,0,11,26,29,29,0,84,0,0,0,84
05/16/2018,TLH,FL,ASO,ES,Combined TRACON& Tower with Radar,23,22,34,3,82,0,2,2,2,6,23,24,36,5,88,0,0,0,88
05/17/2018,TLH,FL,ASO,ES,Combined TRACON& Tower with Radar,28,23,44,3,98,0,2,10,0,12,28,25,54,3,110,6,0,6,116
05/18/2018,TLH,FL,ASO,ES,Combined TRACON& Tower with Radar,27,25,22,6,80,0,3,26,1,30,27,28,48,7,110,16,0,16,126
05/19/2018,TLH,FL,ASO,ES,Combined TRACON& Tower with Radar,22,13,24,6,65,0,3,27,0,30,22,16,51,6,95,30,0,30,125
05/20/2018,TLH,FL,ASO,ES,Combined TRACON& Tower with Radar,25,17,14,0,56,0,0,10,0,10,25,17,24,0,66,0,0,0,66
05/21/2018,TLH,FL,ASO,ES,Combined TRACON& Tower with Radar,25,27,27,0,79,0,0,7,0,7,25,27,34,0,86,12,0,12,98
05/22/2018,TLH,FL,ASO,ES,Combined TRACON& Tower with Radar,23,29,30,2,84,0,2,11,0,13,23,31,41,2,97,18,13,31,128
05/23/2018,TLH,FL,ASO,ES,Combined TRACON& Tower with Radar,24,26,38,12,100,0,7,11,1,19,24,33,49,13,119,12,2,14,133
05/24/2018,TLH,FL,ASO,ES,Combined TRACON& Tower with Radar,26,25,64,65,180,0,3,27,5,35,26,28,91,70,215,10,24,34,249
05/25/2018,TLH,FL,ASO,ES,Combined TRACON& Tower with Radar,25,21,36,7,89,0,2,28,2,32,25,23,64,9,121,8,0,8,129
05/26/2018,TLH,FL,ASO,ES,Combined TRACON& Tower with Radar,22,14,15,0,51,0,4,7,0,11,22,18,22,0,62,0,0,0,62
05/27/2018,TLH,FL,ASO,ES,Combined TRACON& Tower with Radar,25,14,5,0,44,0,0,1,0,1,25,14,6,0,45,0,0,0,45
05/28/2018,TLH,FL,ASO,ES,Combined TRACON& Tower with Radar,20,20,8,0,48,0,0,0,0,0,20,20,8,0,48,0,0,0,48
05/29/2018,TLH,FL,ASO,ES,Combined TRACON& Tower with Radar,27,25,16,0,68,0,6,4,1,11,27,31,20,1,79,0,0,0,79
05/30/2018,TLH,FL,ASO,ES,Combined TRACON& Tower with Radar,29,35,36,36,136,0,4,19,1,24,29,39,55,37,160,37,29,66,226
05/31/2018,TLH,FL,ASO,ES,Combined TRACON& Tower with Radar,27,27,54,25,133,0,4,24,3,31,27,31,78,28,164,30,18,48,212
06/01/2018,TLH,FL,ASO,ES,Combined TRACON& Tower with Radar,26,26,37,47,136,0,7,37,7,51,26,33,74,54,187,28,14,42,229
06/02/2018,TLH,FL,ASO,ES,Combined TRACON& Tower with Radar,24,12,16,0,52,0,6,4,6,16,24,18,20,6,68,20,0,20,88
06/03/2018,TLH,FL,ASO,ES,Combined TRACON& Tower with Radar,24,18,21,51,114,0,11,12,7,30,24,29,33,58,144,6,12,18,162
06/04/2018,TLH,FL,ASO,ES,Combined TRACON& Tower with Radar,27,21,38,28,114,0,0,69,8,77,27,21,107,36,191,37,34,71,262
06/05/2018,TLH,FL,ASO,ES,Combined TRACON& Tower with Radar,28,24,30,32,114,0,4,51,9,64,28,28,81,41,178,10,4,14,192
06/06/2018,TLH,FL,ASO,ES,Combined TRACON& Tower with Radar,26,21,46,13,106,0,5,33,2,40,26,26,79,15,146,30,0,30,176
06/07/2018,TLH,FL,ASO,ES,Combined TRACON& Tower with Radar,24,21,55,59,159,0,3,62,8,73,24,24,117,67,232,80,38,118,350
06/08/2018,TLH,FL,ASO,ES,Combined TRACON& Tower with Radar,28,20,33,36,117,0,4,39,6,49,28,24,72,42,166,12,2,14,180
06/09/2018,TLH,FL,ASO,ES,Combined TRACON& Tower with Radar,22,7,28,8,65,0,3,30,0,33,22,10,58,8,98,10,8,18,116
06/10/2018,TLH,FL,ASO,ES,Combined TRACON& Tower with Radar,24,15,26,7,72,0,0,26,5,31,24,15,52,12,103,24,0,24,127
06/11/2018,TLH,FL,ASO,ES,Combined TRACON& Tower with Radar,34,26,36,12,108,0,0,26,2,28,34,26,62,14,136,40,0,40,176
06/12/2018,TLH,FL,ASO,ES,Combined TRACON& Tower with Radar,26,32,35,38,131,0,6,24,2,32,26,38,59,40,163,5,10,15,178
06/13/2018,TLH,FL,ASO,ES,Combined TRACON& Tower with Radar,27,20,57,44,148,0,5,39,0,44,27,25,96,44,192,18,44,62,254
06/14/2018,TLH,FL,ASO,ES,Combined TRACON& Tower with Radar,23,21,36,21,101,0,4,22,0,26,23,25,58,21,127,54,14,68,195
06/15/2018,TLH,FL,ASO,ES,Combined TRACON& Tower with Radar,24,19,35,8,86,0,3,28,4,35,24,22,63,12,121,54,0,54,175
06/16/2018,TLH,FL,ASO,ES,Combined TRACON& Tower with Radar,21,9,16,0,46,0,3,27,0,30,21,12,43,0,76,36,0,36,112
06/17/2018,TLH,FL,ASO,ES,Combined TRACON& Tower with Radar,21,14,24,41,100,0,4,25,9,38,21,18,49,50,138,34,0,34,172
06/18/2018,TLH,FL,ASO,ES,Combined TRACON& Tower with Radar,21,24,35,44,124,0,1,39,6,46,21,25,74,50,170,20,4,24,194
06/19/2018,TLH,FL,ASO,ES,Combined TRACON& Tower with Radar,19,32,36,47,134,0,8,48,3,59,19,40,84,50,193,70,16,86,279
06/20/2018,TLH,FL,ASO,ES,Combined TRACON& Tower with Radar,24,21,31,29,105,0,5,41,3,49,24,26,72,32,154,37,0,37,191
06/21/2018,TLH,FL,ASO,ES,Combined TRACON& Tower with Radar,25,24,38,70,157,0,4,40,4,48,25,28,78,74,205,28,0,28,233
06/22/2018,TLH,FL,ASO,ES,Combined TRACON& Tower with Radar,27,23,38,41,129,0,4,28,11,43,27,27,66,52,172,37,0,37,209
06/23/2018,TLH,FL,ASO,ES,Combined TRACON& Tower with Radar,21,5,21,16,63,0,2,39,9,50,21,7,60,25,113,56,40,96,209
06/24/2018,TLH,FL,ASO,ES,Combined TRACON& Tower with Radar,24,16,35,25,100,0,16,30,6,52,24,32,65,31,152,16,2,18,170
06/25/2018,TLH,FL,ASO,ES,Combined TRACON& Tower with Radar,24,23,24,18,89,0,4,30,3,37,24,27,54,21,126,62,14,76,202
06/26/2018,TLH,FL,ASO,ES,Combined TRACON& Tower with Radar,26,25,29,18,98,0,8,33,7,48,26,33,62,25,146,39,10,49,195
06/27/2018,TLH,FL,ASO,ES,Combined TRACON& Tower with Radar,27,28,37,36,128,0,4,41,12,57,27,32,78,48,185,48,36,84,269
06/28/2018,TLH,FL,ASO,ES,Combined TRACON& Tower with Radar,24,19,22,6,71,0,2,35,0,37,24,21,57,6,108,12,0,12,120
06/29/2018,TLH,FL,ASO,ES,Combined TRACON& Tower with Radar,26,17,35,38,116,0,3,51,6,60,26,20,86,44,176,52,6,58,234
06/30/2018,TLH,FL,ASO,ES,Combined TRACON& Tower with Radar,23,6,17,0,46,0,2,16,0,18,23,8,33,0,64,14,0,14,78
07/01/2018,TLH,FL,ASO,ES,Combined TRACON& Tower with Radar,24,11,15,2,52,0,1,11,2,14,24,12,26,4,66,0,0,0,66
07/02/2018,TLH,FL,ASO,ES,Combined TRACON& Tower with Radar,24,22,22,18,86,0,0,18,4,22,24,22,40,22,108,28,16,44,152
07/03/2018,TLH,FL,ASO,ES,Combined TRACON& Tower with Radar,19,22,30,37,108,0,3,27,0,30,19,25,57,37,138,75,47,122,260
07/04/2018,TLH,FL,ASO,ES,Combined TRACON& Tower with Radar,16,16,17,0,49,0,0,11,0,11,16,16,28,0,60,14,0,14,74
07/05/2018,TLH,FL,ASO,ES,Combined TRACON& Tower with Radar,25,23,28,2,78,0,6,27,2,35,25,29,55,4,113,12,0,12,125
07/06/2018,TLH,FL,ASO,ES,Combined TRACON& Tower with Radar,24,21,18,8,71,0,12,27,1,40,24,33,45,9,111,28,0,28,139
07/07/2018,TLH,FL,ASO,ES,Combined TRACON& Tower with Radar,21,10,13,3,47,0,0,32,0,32,21,10,45,3,79,54,14,68,147
07/08/2018,TLH,FL,ASO,ES,Combined TRACON& Tower with Radar,23,14,34,2,73,0,3,21,3,27,23,17,55,5,100,26,0,26,126
07/09/2018,TLH,FL,ASO,ES,Combined TRACON& Tower with Radar,24,26,33,30,113,0,3,32,9,44,24,29,65,39,157,58,28,86,243
07/10/2018,TLH,FL,ASO,ES,Combined TRACON& Tower with Radar,25,24,27,17,93,0,3,34,3,40,25,27,61,20,133,35,10,45,178
07/11/2018,TLH,FL,ASO,ES,Combined TRACON& Tower with Radar,23,24,51,52,150,0,1,35,14,50,23,25,86,66,200,56,32,88,288
07/12/2018,TLH,FL,ASO,ES,Combined TRACON& Tower with Radar,24,22,56,5,107,0,1,36,11,48,24,23,92,16,155,28,6,34,189
07/13/2018,TLH,FL,ASO,ES,Combined TRACON& Tower with Radar,25,18,49,79,171,0,4,50,10,64,25,22,99,89,235,10,94,104,339
07/14/2018,TLH,FL,ASO,ES,Combined TRACON& Tower with Radar,20,8,28,2,58,0,0,23,0,23,20,8,51,2,81,12,0,12,93
07/15/2018,TLH,FL,ASO,ES,Combined TRACON& Tower with Radar,20,15,28,13,76,0,2,32,2,36,20,17,60,15,112,14,0,14,126
07/16/2018,TLH,FL,ASO,ES,Combined TRACON& Tower with Radar,23,25,37,15,100,0,3,20,2,25,23,28,57,17,125,32,18,50,175
07/17/2018,TLH,FL,ASO,ES,Combined TRACON& Tower with Radar,25,20,36,41,122,0,9,22,3,34,25,29,58,44,156,26,4,30,186
07/18/2018,TLH,FL,ASO,ES,Combined TRACON& Tower with Radar,24,20,35,40,119,0,6,23,5,34,24,26,58,45,153,58,10,68,221
07/19/2018,TLH,FL,ASO,ES,Combined TRACON& Tower with Radar,24,25,32,0,81,0,0,10,2,12,24,25,42,2,93,16,0,16,109
07/20/2018,TLH,FL,ASO,ES,Combined TRACON& Tower with Radar,29,24,49,13,115,0,3,15,4,22,29,27,64,17,137,0,12,12,149
07/21/2018,TLH,FL,ASO,ES,Combined TRACON& Tower with Radar,22,11,31,22,86,0,1,43,3,47,22,12,74,25,133,40,18,58,191
07/22/2018,TLH,FL,ASO,ES,Combined TRACON& Tower with Radar,25,19,21,11,76,0,0,34,9,43,25,19,55,20,119,16,0,16,135
07/23/2018,TLH,FL,ASO,ES,Combined TRACON& Tower with Radar,25,25,38,51,139,0,3,33,11,47,25,28,71,62,186,77,51,128,314
07/24/2018,TLH,FL,ASO,ES,Combined TRACON& Tower with Radar,24,22,59,45,150,0,3,25,3,31,24,25,84,48,181,33,24,57,238
07/25/2018,TLH,FL,ASO,ES,Combined TRACON& Tower with Radar,24,22,55,28,129,0,7,33,2,42,24,29,88,30,171,69,0,69,240
07/26/2018,TLH,FL,ASO,ES,Combined TRACON& Tower with Radar,27,16,52,8,103,0,11,33,2,46,27,27,85,10,149,50,0,50,199
07/27/2018,TLH,FL,ASO,ES,Combined TRACON& Tower with Radar,25,19,36,7,87,0,3,25,1,29,25,22,61,8,116,84,0,84,200
07/28/2018,TLH,FL,ASO,ES,Combined TRACON& Tower with Radar,26,6,21,0,53,0,2,43,0,45,26,8,64,0,98,62,0,62,160
07/29/2018,TLH,FL,ASO,ES,Combined TRACON& Tower with Radar,23,11,24,6,64,0,4,17,4,25,23,15,41,10,89,18,0,18,107
07/30/2018,TLH,FL,ASO,ES,Combined TRACON& Tower with Radar,24,22,21,13,80,0,0,32,0,32,24,22,53,13,112,52,0,52,164
07/31/2018,TLH,FL,ASO,ES,Combined TRACON& Tower with Radar,20,19,18,6,63,0,6,5,2,13,20,25,23,8,76,0,0,0,76
08/01/2018,TLH,FL,ASO,ES,Combined TRACON& Tower with Radar,24,22,20,0,66,0,2,8,0,10,24,24,28,0,76,0,0,0,76
08/02/2018,TLH,FL,ASO,ES,Combined TRACON& Tower with Radar,22,21,25,2,70,0,0,7,0,7,22,21,32,2,77,0,0,0,77
08/03/2018,TLH,FL,ASO,ES,Combined TRACON& Tower with Radar,24,22,47,9,102,0,3,35,3,41,24,25,82,12,143,114,0,114,257
08/04/2018,TLH,FL,ASO,ES,Combined TRACON& Tower with Radar,21,11,29,7,68,0,10,33,1,44,21,21,62,8,112,75,0,75,187
08/05/2018,TLH,FL,ASO,ES,Combined TRACON& Tower with Radar,22,15,30,3,70,0,10,57,5,72,22,25,87,8,142,36,8,44,186
08/06/2018,TLH,FL,ASO,ES,Combined TRACON& Tower with Radar,23,27,43,14,107,0,4,26,0,30,23,31,69,14,137,40,12,52,189
08/07/2018,TLH,FL,ASO,ES,Combined TRACON& Tower with Radar,23,28,31,72,154,0,1,45,16,62,23,29,76,88,216,109,76,185,401
08/08/2018,TLH,FL,ASO,ES,Combined TRACON& Tower with Radar,24,30,27,18,99,0,3,38,3,44,24,33,65,21,143,53,0,53,196
08/09/2018,TLH,FL,ASO,ES,Combined TRACON& Tower with Radar,26,24,48,20,118,0,1,43,8,52,26,25,91,28,170,85,0,85,255
08/10/2018,TLH,FL,ASO,ES,Combined TRACON& Tower with Radar,28,14,37,95,174,0,4,24,11,39,28,18,61,106,213,32,10,42,255
08/11/2018,TLH,FL,ASO,ES,Combined TRACON& Tower with Radar,20,6,20,10,56,0,10,28,3,41,20,16,48,13,97,60,4,64,161
08/12/2018,TLH,FL,ASO,ES,Combined TRACON& Tower with Radar,22,15,22,47,106,0,8,32,3,43,22,23,54,50,149,40,6,46,195
08/13/2018,TLH,FL,ASO,ES,Combined TRACON& Tower with Radar,24,23,23,14,84,0,2,30,0,32,24,25,53,14,116,8,0,8,124
08/14/2018,TLH,FL,ASO,ES,Combined TRACON& Tower with Radar,24,22,32,2,80,0,2,14,4,20,24,24,46,6,100,36,0,36,136
08/15/2018,TLH,FL,ASO,ES,Combined TRACON& Tower with Radar,27,24,38,4,93,0,2,40,4,46,27,26,78,8,139,46,0,46,185
08/16/2018,TLH,FL,ASO,ES,Combined TRACON& Tower with Radar,25,23,21,20,89,0,6,22,2,30,25,29,43,22,119,52,22,74,193
08/17/2018,TLH,FL,ASO,ES,Combined TRACON& Tower with Radar,25,22,21,30,98,0,9,32,2,43,25,31,53,32,141,48,0,48,189
08/18/2018,TLH,FL,ASO,ES,Combined TRACON& Tower with Radar,24,5,31,0,60,0,2,27,0,29,24,7,58,0,89,30,0,30,119
08/19/2018,TLH,FL,ASO,ES,Combined TRACON& Tower with Radar,23,17,30,10,80,0,3,22,6,31,23,20,52,16,111,16,2,18,129
08/20/2018,TLH,FL,ASO,ES,Combined TRACON& Tower with Radar,26,23,40,62,151,0,2,12,3,17,26,25,52,65,168,18,107,125,293
08/21/2018,TLH,FL,ASO,ES,Combined TRACON& Tower with Radar,28,25,26,47,126,0,0,16,6,22,28,25,42,53,148,24,34,58,206
08/22/2018,TLH,FL,ASO,ES,Combined TRACON& Tower with Radar,29,31,51,45,156,0,5,35,3,43,29,36,86,48,199,44,2,46,245
08/23/2018,TLH,FL,ASO,ES,Combined TRACON& Tower with Radar,26,27,46,36,135,0,5,62,15,82,26,32,108,51,217,52,62,114,331
08/24/2018,TLH,FL,ASO,ES,Combined TRACON& Tower with Radar,27,26,42,12,107,0,4,31,2,37,27,30,73,14,144,40,8,48,192
08/25/2018,TLH,FL,ASO,ES,Combined TRACON& Tower with Radar,22,13,34,4,73,0,6,12,0,18,22,19,46,4,91,12,0,12,103
08/26/2018,TLH,FL,ASO,ES,Combined TRACON& Tower with Radar,21,19,40,35,115,0,2,37,7,46,21,21,77,42,161,21,0,21,182
08/27/2018,TLH,FL,ASO,ES,Combined TRACON& Tower with Radar,24,21,37,22,104,0,10,25,6,41,24,31,62,28,145,17,42,59,204
08/28/2018,TLH,FL,ASO,ES,Combined TRACON& Tower with Radar,23,21,37,20,101,0,2,21,2,25,23,23,58,22,126,32,0,32,158
08/29/2018,TLH,FL,ASO,ES,Combined TRACON& Tower with Radar,24,19,22,6,71,0,7,22,0,29,24,26,44,6,100,16,1,17,117
08/30/2018,TLH,FL,ASO,ES,Combined TRACON& Tower with Radar,24,29,37,0,90,0,2,18,2,22,24,31,55,2,112,16,0,16,128
08/31/2018,TLH,FL,ASO,ES,Combined TRACON& Tower with Radar,23,25,46,5,99,0,3,18,2,23,23,28,64,7,122,34,0,34,156
09/01/2018,TLH,FL,ASO,ES,Combined TRACON& Tower with Radar,22,7,26,0,55,0,2,19,6,27,22,9,45,6,82,64,0,64,146
09/02/2018,TLH,FL,ASO,ES,Combined TRACON& Tower with Radar,16,20,36,0,72,0,7,28,0,35,16,27,64,0,107,74,0,74,181
09/03/2018,TLH,FL,ASO,ES,Combined TRACON& Tower with Radar,26,38,62,1,127,0,3,21,0,24,26,41,83,1,151,0,0,0,151
09/04/2018,TLH,FL,ASO,ES,Combined TRACON& Tower with Radar,27,35,49,12,123,0,0,8,1,9,27,35,57,13,132,0,12,12,144
09/05/2018,TLH,FL,ASO,ES,Combined TRACON& Tower with Radar,30,27,36,24,117,0,7,34,4,45,30,34,70,28,162,50,24,74,236
09/06/2018,TLH,FL,ASO,ES,Combined TRACON& Tower with Radar,27,29,41,45,142,0,5,25,0,30,27,34,66,45,172,36,8,44,216
09/07/2018,TLH,FL,ASO,ES,Combined TRACON& Tower with Radar,26,20,37,57,140,0,3,20,5,28,26,23,57,62,168,18,10,28,196
09/08/2018,TLH,FL,ASO,ES,Combined TRACON& Tower with Radar,20,11,26,8,65,0,7,40,3,50,20,18,66,11,115,24,0,24,139
09/09/2018,TLH,FL,ASO,ES,Combined TRACON& Tower with Radar,23,16,44,15,98,0,6,43,3,52,23,22,87,18,150,17,4,21,171
09/10/2018,TLH,FL,ASO,ES,Combined TRACON& Tower with Radar,27,19,34,70,150,0,2,31,13,46,27,21,65,83,196,4,63,67,263
09/11/2018,TLH,FL,ASO,ES,Combined TRACON& Tower with Radar,28,27,50,47,152,0,0,41,7,48,28,27,91,54,200,64,20,84,284
09/12/2018,TLH,FL,ASO,ES,Combined TRACON& Tower with Radar,26,23,57,46,152,0,5,32,1,38,26,28,89,47,190,38,38,76,266
09/13/2018,TLH,FL,ASO,ES,Combined TRACON& Tower with Radar,27,22,26,23,98,0,4,57,5,66,27,26,83,28,164,59,6,65,229
09/14/2018,TLH,FL,ASO,ES,Combined TRACON& Tower with Radar,31,27,24,22,104,0,4,50,4,58,31,31,74,26,162,24,4,28,190
09/15/2018,TLH,FL,ASO,ES,Combined TRACON& Tower with Radar,20,9,16,3,48,0,7,45,1,53,20,16,61,4,101,40,0,40,141
09/16/2018,TLH,FL,ASO,ES,Combined TRACON& Tower with Radar,20,14,34,62,130,0,4,52,6,62,20,18,86,68,192,36,6,42,234
09/17/2018,TLH,FL,ASO,ES,Combined TRACON& Tower with Radar,26,22,28,21,97,0,0,18,1,19,26,22,46,22,116,17,13,30,146
09/18/2018,TLH,FL,ASO,ES,Combined TRACON& Tower with Radar,26,24,23,11,84,0,3,18,2,23,26,27,41,13,107,83,45,128,235
09/19/2018,TLH,FL,ASO,ES,Combined TRACON& Tower with Radar,27,19,38,20,104,0,7,38,5,50,27,26,76,25,154,72,18,90,244
09/20/2018,TLH,FL,ASO,ES,Combined TRACON& Tower with Radar,27,29,47,34,137,0,7,43,4,54,27,36,90,38,191,60,6,66,257
09/21/2018,TLH,FL,ASO,ES,Combined TRACON& Tower with Radar,24,33,68,57,182,0,4,63,0,67,24,37,131,57,249,50,12,62,311
09/22/2018,TLH,FL,ASO,ES,Combined TRACON& Tower with Radar,23,13,48,13,97,0,12,45,0,57,23,25,93,13,154,46,2,48,202
09/23/2018,TLH,FL,ASO,ES,Combined TRACON& Tower with Radar,25,22,50,12,109,0,31,57,5,93,25,53,107,17,202,34,0,34,236
09/24/2018,TLH,FL,ASO,ES,Combined TRACON& Tower with Radar,27,24,35,16,102,0,3,41,0,44,27,27,76,16,146,72,40,112,258
09/25/2018,TLH,FL,ASO,ES,Combined TRACON& Tower with Radar,28,23,50,25,126,0,1,36,0,37,28,24,86,25,163,46,8,54,217
09/26/2018,TLH,FL,ASO,ES,Combined TRACON& Tower with Radar,26,25,28,79,158,0,3,56,2,61,26,28,84,81,219,30,16,46,265
09/27/2018,TLH,FL,ASO,ES,Combined TRACON& Tower with Radar,27,31,43,72,173,0,2,38,4,44,27,33,81,76,217,41,65,106,323
09/28/2018,TLH,FL,ASO,ES,Combined TRACON& Tower with Radar,30,22,27,35,114,0,7,31,4,42,30,29,58,39,156,57,33,90,246
09/29/2018,TLH,FL,ASO,ES,Combined TRACON& Tower with Radar,25,8,13,32,78,0,14,31,6,51,25,22,44,38,129,44,10,54,183
09/30/2018,TLH,FL,ASO,ES,Combined TRACON& Tower with Radar,23,18,33,19,93,0,13,30,3,46,23,31,63,22,139,45,2,47,186
10/01/2018,TLH,FL,ASO,ES,Combined TRACON& Tower with Radar,26,23,27,13,89,0,4,43,3,50,26,27,70,16,139,10,9,19,158
10/02/2018,TLH,FL,ASO,ES,Combined TRACON& Tower with Radar,26,21,31,18,96,0,5,46,2,53,26,26,77,20,149,50,10,60,209
10/03/2018,TLH,FL,ASO,ES,Combined TRACON& Tower with Radar,27,28,38,32,125,0,11,56,3,70,27,39,94,35,195,86,30,116,311
10/04/2018,TLH,FL,ASO,ES,Combined TRACON& Tower with Radar,27,37,45,49,158,0,7,34,5,46,27,44,79,54,204,65,18,83,287
10/05/2018,TLH,FL,ASO,ES,Combined TRACON& Tower with Radar,30,25,43,33,131,0,2,67,0,69,30,27,110,33,200,40,2,42,242
10/06/2018,TLH,FL,ASO,ES,Combined TRACON& Tower with Radar,22,12,26,12,72,0,22,52,4,78,22,34,78,16,150,50,0,50,200
10/07/2018,TLH,FL,ASO,ES,Combined TRACON& Tower with Radar,23,20,45,17,105,0,20,45,4,69,23,40,90,21,174,30,0,30,204
10/08/2018,TLH,FL,ASO,ES,Combined TRACON& Tower with Radar,27,27,48,0,102,0,4,33,0,37,27,31,81,0,139,49,0,49,188
10/09/2018,TLH,FL,ASO,ES,Combined TRACON& Tower with Radar,23,19,24,0,66,0,4,5,0,9,23,23,29,0,75,6,0,6,81
10/10/2018,TLH,FL,ASO,ES,Combined TRACON& Tower with Radar,0,0,0,0,0,0,0,0,0,0,0,0,0,0,0,0,0,0,0
10/11/2018,TLH,FL,ASO,ES,Combined TRACON& Tower with Radar,17,25,28,7,77,0,12,74,39,125,17,37,102,46,202,3,2,5,207
10/12/2018,TLH,FL,ASO,ES,Combined TRACON& Tower with Radar,26,24,43,18,111,0,9,124,33,166,26,33,167,51,277,8,14,22,299
10/13/2018,TLH,FL,ASO,ES,Combined TRACON& Tower with Radar,19,10,35,0,64,0,9,108,42,159,19,19,143,42,223,2,0,2,225
10/14/2018,TLH,FL,ASO,ES,Combined TRACON& Tower with Radar,23,17,37,3,80,0,1,106,19,126,23,18,143,22,206,20,0,20,226
10/15/2018,TLH,FL,ASO,ES,Combined TRACON& Tower with Radar,27,22,34,4,87,0,13,68,18,99,27,35,102,22,186,14,5,19,205
10/16/2018,TLH,FL,ASO,ES,Combined TRACON& Tower with Radar,30,23,55,21,129,0,12,45,16,73,30,35,100,37,202,48,11,59,261
10/17/2018,TLH,FL,ASO,ES,Combined TRACON& Tower with Radar,29,23,37,30,119,0,6,35,7,48,29,29,72,37,167,20,14,34,201
10/18/2018,TLH,FL,ASO,ES,Combined TRACON& Tower with Radar,28,28,33,25,114,0,6,77,8,91,28,34,110,33,205,0,0,0,205
10/19/2018,TLH,FL,ASO,ES,Combined TRACON& Tower with Radar,32,31,60,24,147,0,10,67,14,91,32,41,127,38,238,42,4,46,284
10/20/2018,TLH,FL,ASO,ES,Combined TRACON& Tower with Radar,24,16,36,20,96,0,9,45,5,59,24,25,81,25,155,6,0,6,161
10/21/2018,TLH,FL,ASO,ES,Combined TRACON& Tower with Radar,23,24,53,25,125,0,10,54,16,80,23,34,107,41,205,29,0,29,234
10/22/2018,TLH,FL,ASO,ES,Combined TRACON& Tower with Radar,27,29,28,30,114,0,4,68,4,76,27,33,96,34,190,66,18,84,274
10/23/2018,TLH,FL,ASO,ES,Combined TRACON& Tower with Radar,27,30,40,21,118,0,6,28,5,39,27,36,68,26,157,50,2,52,209
10/24/2018,TLH,FL,ASO,ES,Combined TRACON& Tower with Radar,29,21,44,15,109,0,6,40,2,48,29,27,84,17,157,40,2,42,199
10/25/2018,TLH,FL,ASO,ES,Combined TRACON& Tower with Radar,26,20,52,40,138,0,1,35,2,38,26,21,87,42,176,57,19,76,252
10/26/2018,TLH,FL,ASO,ES,Combined TRACON& Tower with Radar,30,28,45,22,125,0,6,19,4,29,30,34,64,26,154,2,0,2,156
10/27/2018,TLH,FL,ASO,ES,Combined TRACON& Tower with Radar,25,22,117,6,170,0,5,65,7,77,25,27,182,13,247,0,14,14,261
10/28/2018,TLH,FL,ASO,ES,Combined TRACON& Tower with Radar,21,28,47,8,104,0,24,48,2,74,21,52,95,10,178,48,0,48,226
10/29/2018,TLH,FL,ASO,ES,Combined TRACON& Tower with Radar,25,27,51,11,114,0,7,53,12,72,25,34,104,23,186,63,16,79,265
10/30/2018,TLH,FL,ASO,ES,Combined TRACON& Tower with Radar,23,28,29,20,100,0,6,67,2,75,23,34,96,22,175,86,0,86,261
10/31/2018,TLH,FL,ASO,ES,Combined TRACON& Tower with Radar,22,21,37,22,102,0,7,55,5,67,22,28,92,27,169,40,16,56,225
11/01/2018,TLH,FL,ASO,ES,Combined TRACON& Tower with Radar,24,29,39,2,94,0,6,17,3,26,24,35,56,5,120,18,32,50,170
11/02/2018,TLH,FL,ASO,ES,Combined TRACON& Tower with Radar,28,21,41,10,100,0,2,14,0,16,28,23,55,10,116,14,0,14,130
11/03/2018,TLH,FL,ASO,ES,Combined TRACON& Tower with Radar,23,13,36,1,73,0,29,38,4,71,23,42,74,5,144,24,14,38,182
11/04/2018,TLH,FL,ASO,ES,Combined TRACON& Tower with Radar,22,18,28,11,79,0,0,9,1,10,22,18,37,12,89,4,0,4,93
11/05/2018,TLH,FL,ASO,ES,Combined TRACON& Tower with Radar,25,26,37,26,114,0,2,10,0,12,25,28,47,26,126,10,0,10,136
11/06/2018,TLH,FL,ASO,ES,Combined TRACON& Tower with Radar,28,18,31,4,81,0,2,4,0,6,28,20,35,4,87,30,0,30,117
11/07/2018,TLH,FL,ASO,ES,Combined TRACON& Tower with Radar,27,31,32,15,105,0,2,12,0,14,27,33,44,15,119,0,0,0,119
11/08/2018,TLH,FL,ASO,ES,Combined TRACON& Tower with Radar,26,16,39,67,148,0,4,42,7,53,26,20,81,74,201,60,88,148,349
11/09/2018,TLH,FL,ASO,ES,Combined TRACON& Tower with Radar,30,17,30,35,112,0,0,19,4,23,30,17,49,39,135,20,0,20,155
11/10/2018,TLH,FL,ASO,ES,Combined TRACON& Tower with Radar,20,7,28,25,80,0,4,39,10,53,20,11,67,35,133,44,4,48,181
11/11/2018,TLH,FL,ASO,ES,Combined TRACON& Tower with Radar,21,14,28,40,103,0,6,41,8,55,21,20,69,48,158,32,8,40,198
11/12/2018,TLH,FL,ASO,ES,Combined TRACON& Tower with Radar,24,18,36,22,100,0,0,10,1,11,24,18,46,23,111,8,0,8,119
11/13/2018,TLH,FL,ASO,ES,Combined TRACON& Tower with Radar,31,15,35,68,149,0,0,7,6,13,31,15,42,74,162,28,18,46,208
11/14/2018,TLH,FL,ASO,ES,Combined TRACON& Tower with Radar,26,16,25,46,113,0,0,5,0,5,26,16,30,46,118,90,36,126,244
11/15/2018,TLH,FL,ASO,ES,Combined TRACON& Tower with Radar,28,56,68,30,182,0,4,7,1,12,28,60,75,31,194,6,0,6,200
11/16/2018,TLH,FL,ASO,ES,Combined TRACON& Tower with Radar,29,22,69,39,159,0,7,59,27,93,29,29,128,66,252,52,15,67,319
11/17/2018,TLH,FL,ASO,ES,Combined TRACON& Tower with Radar,21,18,36,6,81,0,26,72,4,102,21,44,108,10,183,34,0,34,217
11/18/2018,TLH,FL,ASO,ES,Combined TRACON& Tower with Radar,22,21,26,27,96,0,18,50,15,83,22,39,76,42,179,7,20,27,206
11/19/2018,TLH,FL,ASO,ES,Combined TRACON& Tower with Radar,25,22,42,59,148,0,2,64,10,76,25,24,106,69,224,30,46,76,300
11/20/2018,TLH,FL,ASO,ES,Combined TRACON& Tower with Radar,28,37,56,38,159,0,5,50,7,62,28,42,106,45,221,77,52,129,350
11/21/2018,TLH,FL,ASO,ES,Combined TRACON& Tower with Radar,28,15,31,6,80,0,8,50,0,58,28,23,81,6,138,58,22,80,218
11/22/2018,TLH,FL,ASO,ES,Combined TRACON& Tower with Radar,13,5,12,0,30,0,1,10,0,11,13,6,22,0,41,0,0,0,41
11/23/2018,TLH,FL,ASO,ES,Combined TRACON& Tower with Radar,29,14,40,0,83,0,2,4,0,6,29,16,44,0,89,14,0,14,103
11/24/2018,TLH,FL,ASO,ES,Combined TRACON& Tower with Radar,23,25,70,0,118,0,0,3,0,3,23,25,73,0,121,0,0,0,121
11/25/2018,TLH,FL,ASO,ES,Combined TRACON& Tower with Radar,26,22,67,0,115,0,0,18,0,18,26,22,85,0,133,22,0,22,155
11/26/2018,TLH,FL,ASO,ES,Combined TRACON& Tower with Radar,26,16,40,30,112,0,2,11,4,17,26,18,51,34,129,28,36,64,193
11/27/2018,TLH,FL,ASO,ES,Combined TRACON& Tower with Radar,29,15,43,19,106,0,4,37,9,50,29,19,80,28,156,59,8,67,223
11/28/2018,TLH,FL,ASO,ES,Combined TRACON& Tower with Radar,31,29,41,39,140,0,9,47,13,69,31,38,88,52,209,56,24,80,289
11/29/2018,TLH,FL,ASO,ES,Combined TRACON& Tower with Radar,28,26,40,31,125,0,4,24,3,31,28,30,64,34,156,12,33,45,201
11/30/2018,TLH,FL,ASO,ES,Combined TRACON& Tower with Radar,25,14,51,67,157,0,10,41,18,69,25,24,92,85,226,34,10,44,270
12/01/2018,TLH,FL,ASO,ES,Combined TRACON& Tower with Radar,25,5,11,0,41,0,0,0,0,0,25,5,11,0,41,0,0,0,41
12/02/2018,TLH,FL,ASO,ES,Combined TRACON& Tower with Radar,21,11,26,2,60,0,0,5,9,14,21,11,31,11,74,0,2,2,76
12/03/2018,TLH,FL,ASO,ES,Combined TRACON& Tower with Radar,29,21,35,5,90,0,0,13,7,20,29,21,48,12,110,12,0,12,122
12/04/2018,TLH,FL,ASO,ES,Combined TRACON& Tower with Radar,27,23,58,41,149,0,2,52,2,56,27,25,110,43,205,61,10,71,276
12/05/2018,TLH,FL,ASO,ES,Combined TRACON& Tower with Radar,29,20,39,6,94,0,2,39,0,41,29,22,78,6,135,56,0,56,191
12/06/2018,TLH,FL,ASO,ES,Combined TRACON& Tower with Radar,30,28,51,18,127,0,8,27,6,41,30,36,78,24,168,50,0,50,218
12/07/2018,TLH,FL,ASO,ES,Combined TRACON& Tower with Radar,27,11,49,42,129,0,6,62,9,77,27,17,111,51,206,54,10,64,270
12/08/2018,TLH,FL,ASO,ES,Combined TRACON& Tower with Radar,23,5,20,8,56,0,8,26,2,36,23,13,46,10,92,42,22,64,156
12/09/2018,TLH,FL,ASO,ES,Combined TRACON& Tower with Radar,18,15,22,16,71,0,0,2,2,4,18,15,24,18,75,0,0,0,75
12/10/2018,TLH,FL,ASO,ES,Combined TRACON& Tower with Radar,22,17,44,49,132,0,2,15,8,25,22,19,59,57,157,8,62,70,227
12/11/2018,TLH,FL,ASO,ES,Combined TRACON& Tower with Radar,28,20,63,43,154,0,4,25,2,31,28,24,88,45,185,88,9,97,282
12/12/2018,TLH,FL,ASO,ES,Combined TRACON& Tower with Radar,31,23,46,57,157,0,2,54,5,61,31,25,100,62,218,90,32,122,340
12/13/2018,TLH,FL,ASO,ES,Combined TRACON& Tower with Radar,27,29,52,37,145,0,3,38,6,47,27,32,90,43,192,60,22,82,274
12/14/2018,TLH,FL,ASO,ES,Combined TRACON& Tower with Radar,31,25,22,1,79,0,0,0,0,0,31,25,22,1,79,0,0,0,79
12/15/2018,TLH,FL,ASO,ES,Combined TRACON& Tower with Radar,20,15,30,22,87,0,6,25,3,34,20,21,55,25,121,44,0,44,165
12/16/2018,TLH,FL,ASO,ES,Combined TRACON& Tower with Radar,23,17,20,16,76,0,0,35,2,37,23,17,55,18,113,21,10,31,144
12/17/2018,TLH,FL,ASO,ES,Combined TRACON& Tower with Radar,27,26,50,19,122,0,10,64,1,75,27,36,114,20,197,51,0,51,248
12/18/2018,TLH,FL,ASO,ES,Combined TRACON& Tower with Radar,28,23,38,47,136,0,4,44,6,54,28,27,82,53,190,63,29,92,282
12/19/2018,TLH,FL,ASO,ES,Combined TRACON& Tower with Radar,28,20,43,24,115,0,6,57,1,64,28,26,100,25,179,40,0,40,219
12/20/2018,TLH,FL,ASO,ES,Combined TRACON& Tower with Radar,30,17,8,22,77,0,0,0,0,0,30,17,8,22,77,0,0,0,77
12/21/2018,TLH,FL,ASO,ES,Combined TRACON& Tower with Radar,29,20,35,14,98,0,7,1,0,8,29,27,36,14,106,0,14,14,120
12/22/2018,TLH,FL,ASO,ES,Combined TRACON& Tower with Radar,19,20,45,0,84,0,7,48,0,55,19,27,93,0,139,48,0,48,187
12/23/2018,TLH,FL,ASO,ES,Combined TRACON& Tower with Radar,20,18,18,0,56,0,5,19,0,24,20,23,37,0,80,0,0,0,80
12/24/2018,TLH,FL,ASO,ES,Combined TRACON& Tower with Radar,16,14,9,0,39,0,0,13,1,14,16,14,22,1,53,10,0,10,63
12/25/2018,TLH,FL,ASO,ES,Combined TRACON& Tower with Radar,13,18,4,0,35,0,0,13,0,13,13,18,17,0,48,0,0,0,48
12/26/2018,TLH,FL,ASO,ES,Combined TRACON& Tower with Radar,17,28,32,2,79,0,4,42,3,49,17,32,74,5,128,26,6,32,160
12/27/2018,TLH,FL,ASO,ES,Combined TRACON& Tower with Radar,20,29,21,28,98,0,9,9,0,18,20,38,30,28,116,0,24,24,140
12/28/2018,TLH,FL,ASO,ES,Combined TRACON& Tower with Radar,21,21,9,0,51,0,0,0,0,0,21,21,9,0,51,0,0,0,51
12/29/2018,TLH,FL,ASO,ES,Combined TRACON& Tower with Radar,17,16,32,0,65,0,2,4,0,6,17,18,36,0,71,30,0,30,101
12/30/2018,TLH,FL,ASO,ES,Combined TRACON& Tower with Radar,16,18,8,0,42,0,0,2,0,2,16,18,10,0,44,0,0,0,44
12/31/2018,TLH,FL,ASO,ES,Combined TRACON& Tower with Radar,17,17,14,0,48,0,2,12,0,14,17,19,26,0,62,0,0,0,62
01/01/2019,TLH,FL,ASO,ES,Combined TRACON& Tower with Radar,13,25,15,0,53,0,0,12,0,12,13,25,27,0,65,22,0,22,87
01/02/2019,TLH,FL,ASO,ES,Combined TRACON& Tower with Radar,18,28,35,20,101,0,3,15,0,18,18,31,50,20,119,42,22,64,183
01/03/2019,TLH,FL,ASO,ES,Combined TRACON& Tower with Radar,19,27,31,53,130,0,5,5,3,13,19,32,36,56,143,8,52,60,203
01/04/2019,TLH,FL,ASO,ES,Combined TRACON& Tower with Radar,21,22,26,100,169,0,4,18,5,27,21,26,44,105,196,14,46,60,256
01/05/2019,TLH,FL,ASO,ES,Combined TRACON& Tower with Radar,22,10,31,6,69,0,5,52,2,59,22,15,83,8,128,30,0,30,158
01/06/2019,TLH,FL,ASO,ES,Combined TRACON& Tower with Radar,20,14,36,39,109,0,8,69,8,85,20,22,105,47,194,44,0,44,238
01/07/2019,TLH,FL,ASO,ES,Combined TRACON& Tower with Radar,22,35,56,55,168,0,8,71,4,83,22,43,127,59,251,24,20,44,295
01/08/2019,TLH,FL,ASO,ES,Combined TRACON& Tower with Radar,19,45,86,54,204,0,9,51,0,60,19,54,137,54,264,46,26,72,336
01/09/2019,TLH,FL,ASO,ES,Combined TRACON& Tower with Radar,20,30,54,23,127,0,7,46,3,56,20,37,100,26,183,40,12,52,235
01/10/2019,TLH,FL,ASO,ES,Combined TRACON& Tower with Radar,22,21,47,28,118,0,6,31,4,41,22,27,78,32,159,38,30,68,227
01/11/2019,TLH,FL,ASO,ES,Combined TRACON& Tower with Radar,22,28,37,58,145,0,7,50,17,74,22,35,87,75,219,84,16,100,319
01/12/2019,TLH,FL,ASO,ES,Combined TRACON& Tower with Radar,17,11,34,29,91,0,8,27,4,39,17,19,61,33,130,82,10,92,222
01/13/2019,TLH,FL,ASO,ES,Combined TRACON& Tower with Radar,18,18,31,58,125,0,1,30,8,39,18,19,61,66,164,34,16,50,214
01/14/2019,TLH,FL,ASO,ES,Combined TRACON& Tower with Radar,19,20,41,84,164,0,9,21,4,34,19,29,62,88,198,106,74,180,378
01/15/2019,TLH,FL,ASO,ES,Combined TRACON& Tower with Radar,19,22,50,23,114,0,0,23,1,24,19,22,73,24,138,68,0,68,206
01/16/2019,TLH,FL,ASO,ES,Combined TRACON& Tower with Radar,22,27,54,40,143,0,8,48,1,57,22,35,102,41,200,70,10,80,280
01/17/2019,TLH,FL,ASO,ES,Combined TRACON& Tower with Radar,20,25,53,70,168,0,4,64,7,75,20,29,117,77,243,84,32,116,359
01/18/2019,TLH,FL,ASO,ES,Combined TRACON& Tower with Radar,26,27,68,122,243,0,3,24,11,38,26,30,92,133,281,26,22,48,329
01/19/2019,TLH,FL,ASO,ES,Combined TRACON& Tower with Radar,19,9,16,4,48,0,4,18,4,26,19,13,34,8,74,28,6,34,108
01/20/2019,TLH,FL,ASO,ES,Combined TRACON& Tower with Radar,13,18,27,71,129,0,0,15,15,30,13,18,42,86,159,0,5,5,164
01/21/2019,TLH,FL,ASO,ES,Combined TRACON& Tower with Radar,18,28,48,24,118,0,13,68,3,84,18,41,116,27,202,123,0,123,325
01/22/2019,TLH,FL,ASO,ES,Combined TRACON& Tower with Radar,18,27,48,68,161,0,2,53,6,61,18,29,101,74,222,62,76,138,360
01/23/2019,TLH,FL,ASO,ES,Combined TRACON& Tower with Radar,22,33,50,42,147,0,0,20,8,28,22,33,70,50,175,32,2,34,209
01/24/2019,TLH,FL,ASO,ES,Combined TRACON& Tower with Radar,19,31,34,47,131,0,4,16,3,23,19,35,50,50,154,20,30,50,204
01/25/2019,TLH,FL,ASO,ES,Combined TRACON& Tower with Radar,23,28,37,79,167,0,2,66,17,85,23,30,103,96,252,40,26,66,318
01/26/2019,TLH,FL,ASO,ES,Combined TRACON& Tower with Radar,18,10,38,34,100,0,11,52,4,67,18,21,90,38,167,64,12,76,243
01/27/2019,TLH,FL,ASO,ES,Combined TRACON& Tower with Radar,18,21,33,33,105,0,0,48,12,60,18,21,81,45,165,94,0,94,259
01/28/2019,TLH,FL,ASO,ES,Combined TRACON& Tower with Radar,20,29,60,52,161,0,3,42,16,61,20,32,102,68,222,90,40,130,352
01/29/2019,TLH,FL,ASO,ES,Combined TRACON& Tower with Radar,18,30,25,14,87,0,4,10,4,18,18,34,35,18,105,2,0,2,107
01/30/2019,TLH,FL,ASO,ES,Combined TRACON& Tower with Radar,22,22,50,63,157,0,4,37,7,48,22,26,87,70,205,24,32,56,261
01/31/2019,TLH,FL,ASO,ES,Combined TRACON& Tower with Radar,20,32,61,59,172,0,5,37,12,54,20,37,98,71,226,39,26,65,291
02/01/2019,TLH,FL,ASO,ES,Combined TRACON& Tower with Radar,20,30,49,19,118,0,2,24,6,32,20,32,73,25,150,14,0,14,164
02/02/2019,TLH,FL,ASO,ES,Combined TRACON& Tower with Radar,16,6,29,0,51,0,4,7,2,13,16,10,36,2,64,22,0,22,86
02/03/2019,TLH,FL,ASO,ES,Combined TRACON& Tower with Radar,15,19,35,12,81,0,0,3,3,6,15,19,38,15,87,0,0,0,87
02/04/2019,TLH,FL,ASO,ES,Combined TRACON& Tower with Radar,22,26,60,58,166,0,2,24,6,32,22,28,84,64,198,40,44,84,282
02/05/2019,TLH,FL,ASO,ES,Combined TRACON& Tower with Radar,19,26,58,115,218,0,0,71,4,75,19,26,129,119,293,68,92,160,453
02/06/2019,TLH,FL,ASO,ES,Combined TRACON& Tower with Radar,21,36,51,70,178,0,3,39,12,54,21,39,90,82,232,68,86,154,386
02/07/2019,TLH,FL,ASO,ES,Combined TRACON& Tower with Radar,25,40,73,29,167,0,7,57,11,75,25,47,130,40,242,50,44,94,336
02/08/2019,TLH,FL,ASO,ES,Combined TRACON& Tower with Radar,22,25,58,50,155,0,12,32,10,54,22,37,90,60,209,30,32,62,271
02/09/2019,TLH,FL,ASO,ES,Combined TRACON& Tower with Radar,18,12,54,35,119,0,14,37,11,62,18,26,91,46,181,8,12,20,201
02/10/2019,TLH,FL,ASO,ES,Combined TRACON& Tower with Radar,23,26,42,74,165,0,0,18,5,23,23,26,60,79,188,62,6,68,256
02/11/2019,TLH,FL,ASO,ES,Combined TRACON& Tower with Radar,20,31,30,39,120,0,0,7,0,7,20,31,37,39,127,28,0,28,155
02/12/2019,TLH,FL,ASO,ES,Combined TRACON& Tower with Radar,20,26,41,23,110,0,0,4,0,4,20,26,45,23,114,0,18,18,132
02/13/2019,TLH,FL,ASO,ES,Combined TRACON& Tower with Radar,23,27,44,28,122,0,2,40,16,58,23,29,84,44,180,82,0,82,262
02/14/2019,TLH,FL,ASO,ES,Combined TRACON& Tower with Radar,22,30,45,62,159,0,7,51,9,67,22,37,96,71,226,48,20,68,294
02/15/2019,TLH,FL,ASO,ES,Combined TRACON& Tower with Radar,23,19,43,38,123,0,6,58,11,75,23,25,101,49,198,8,0,8,206
02/16/2019,TLH,FL,ASO,ES,Combined TRACON& Tower with Radar,16,14,28,52,110,0,0,24,7,31,16,14,52,59,141,8,2,10,151
02/17/2019,TLH,FL,ASO,ES,Combined TRACON& Tower with Radar,17,21,41,54,133,0,0,20,6,26,17,21,61,60,159,0,0,0,159
02/18/2019,TLH,FL,ASO,ES,Combined TRACON& Tower with Radar,21,26,58,12,117,0,1,4,0,5,21,27,62,12,122,0,0,0,122
02/19/2019,TLH,FL,ASO,ES,Combined TRACON& Tower with Radar,24,32,52,47,155,0,7,39,1,47,24,39,91,48,202,38,6,44,246
02/20/2019,TLH,FL,ASO,ES,Combined TRACON& Tower with Radar,35,26,72,19,152,0,0,5,0,5,35,26,77,19,157,16,0,16,173
02/21/2019,TLH,FL,ASO,ES,Combined TRACON& Tower with Radar,24,34,59,34,151,0,4,45,2,51,24,38,104,36,202,26,12,38,240
02/22/2019,TLH,FL,ASO,ES,Combined TRACON& Tower with Radar,24,22,61,137,244,0,8,20,10,38,24,30,81,147,282,16,8,24,306
02/23/2019,TLH,FL,ASO,ES,Combined TRACON& Tower with Radar,25,18,21,43,107,0,9,62,9,80,25,27,83,52,187,26,0,26,213
02/24/2019,TLH,FL,ASO,ES,Combined TRACON& Tower with Radar,22,20,30,123,195,0,1,35,19,55,22,21,65,142,250,48,32,80,330
02/25/2019,TLH,FL,ASO,ES,Combined TRACON& Tower with Radar,22,24,37,25,108,0,0,59,7,66,22,24,96,32,174,26,28,54,228
02/26/2019,TLH,FL,ASO,ES,Combined TRACON& Tower with Radar,24,25,46,29,124,0,3,40,2,45,24,28,86,31,169,32,41,73,242
02/27/2019,TLH,FL,ASO,ES,Combined TRACON& Tower with Radar,24,26,36,20,106,0,2,11,0,13,24,28,47,20,119,14,0,14,133
02/28/2019,TLH,FL,ASO,ES,Combined TRACON& Tower with Radar,26,34,46,23,129,0,4,10,0,14,26,38,56,23,143,18,26,44,187
03/01/2019,TLH,FL,ASO,ES,Combined TRACON& Tower with Radar,24,24,35,30,113,0,1,16,6,23,24,25,51,36,136,4,36,40,176
03/02/2019,TLH,FL,ASO,ES,Combined TRACON& Tower with Radar,21,15,20,0,56,0,1,8,0,9,21,16,28,0,65,10,0,10,75
03/03/2019,TLH,FL,ASO,ES,Combined TRACON& Tower with Radar,19,12,31,20,82,0,2,13,4,19,19,14,44,24,101,0,8,8,109
03/04/2019,TLH,FL,ASO,ES,Combined TRACON& Tower with Radar,23,20,55,92,190,0,7,28,1,36,23,27,83,93,226,0,10,10,236
03/05/2019,TLH,FL,ASO,ES,Combined TRACON& Tower with Radar,30,24,54,31,139,0,2,28,1,31,30,26,82,32,170,6,6,12,182
03/06/2019,TLH,FL,ASO,ES,Combined TRACON& Tower with Radar,27,21,65,46,159,0,3,47,3,53,27,24,112,49,212,52,32,84,296
03/07/2019,TLH,FL,ASO,ES,Combined TRACON& Tower with Radar,24,28,63,31,146,0,4,48,9,61,24,32,111,40,207,28,24,52,259
03/08/2019,TLH,FL,ASO,ES,Combined TRACON& Tower with Radar,26,23,54,87,190,0,8,61,13,82,26,31,115,100,272,0,23,23,295
03/09/2019,TLH,FL,ASO,ES,Combined TRACON& Tower with Radar,23,13,40,28,104,0,14,42,5,61,23,27,82,33,165,24,11,35,200
03/10/2019,TLH,FL,ASO,ES,Combined TRACON& Tower with Radar,22,19,30,34,105,0,0,12,6,18,22,19,42,40,123,8,11,19,142
03/11/2019,TLH,FL,ASO,ES,Combined TRACON& Tower with Radar,26,25,30,4,85,0,2,16,0,18,26,27,46,4,103,18,0,18,121
03/12/2019,TLH,FL,ASO,ES,Combined TRACON& Tower with Radar,29,24,66,36,155,0,2,72,7,81,29,26,138,43,236,72,18,90,326
03/13/2019,TLH,FL,ASO,ES,Combined TRACON& Tower with Radar,23,36,57,57,173,0,17,62,4,83,23,53,119,61,256,64,14,78,334
03/14/2019,TLH,FL,ASO,ES,Combined TRACON& Tower with Radar,30,25,55,42,152,0,7,51,3,61,30,32,106,45,213,40,30,70,283
03/15/2019,TLH,FL,ASO,ES,Combined TRACON& Tower with Radar,25,17,36,58,136,0,8,30,13,51,25,25,66,71,187,2,38,40,227
03/16/2019,TLH,FL,ASO,ES,Combined TRACON& Tower with Radar,20,14,34,6,74,0,0,22,1,23,20,14,56,7,97,14,0,14,111
03/17/2019,TLH,FL,ASO,ES,Combined TRACON& Tower with Radar,26,14,26,47,113,0,2,27,5,34,26,16,53,52,147,58,5,63,210
03/18/2019,TLH,FL,ASO,ES,Combined TRACON& Tower with Radar,23,35,44,29,131,0,5,37,8,50,23,40,81,37,181,30,2,32,213
03/19/2019,TLH,FL,ASO,ES,Combined TRACON& Tower with Radar,26,26,43,32,127,0,0,36,4,40,26,26,79,36,167,66,12,78,245
03/20/2019,TLH,FL,ASO,ES,Combined TRACON& Tower with Radar,27,29,59,35,150,0,0,46,7,53,27,29,105,42,203,56,2,58,261
03/21/2019,TLH,FL,ASO,ES,Combined TRACON& Tower with Radar,24,36,41,28,129,0,15,54,8,77,24,51,95,36,206,38,39,77,283
03/22/2019,TLH,FL,ASO,ES,Combined TRACON& Tower with Radar,24,22,35,76,157,0,6,49,17,72,24,28,84,93,229,30,6,36,265
03/23/2019,TLH,FL,ASO,ES,Combined TRACON& Tower with Radar,20,10,37,8,75,0,18,45,1,64,20,28,82,9,139,24,0,24,163
03/24/2019,TLH,FL,ASO,ES,Combined TRACON& Tower with Radar,28,19,53,30,130,0,26,47,12,85,28,45,100,42,215,20,0,20,235
03/25/2019,TLH,FL,ASO,ES,Combined TRACON& Tower with Radar,27,29,42,57,155,0,8,33,0,41,27,37,75,57,196,28,28,56,252
03/26/2019,TLH,FL,ASO,ES,Combined TRACON& Tower with Radar,25,32,47,42,146,0,5,51,5,61,25,37,98,47,207,62,12,74,281
03/27/2019,TLH,FL,ASO,ES,Combined TRACON& Tower with Radar,23,31,45,23,122,0,4,35,6,45,23,35,80,29,167,16,0,16,183
03/28/2019,TLH,FL,ASO,ES,Combined TRACON& Tower with Radar,24,41,61,32,158,0,8,46,4,58,24,49,107,36,216,62,4,66,282
03/29/2019,TLH,FL,ASO,ES,Combined TRACON& Tower with Radar,26,23,40,37,126,0,17,56,2,75,26,40,96,39,201,12,8,20,221
03/30/2019,TLH,FL,ASO,ES,Combined TRACON& Tower with Radar,21,14,60,2,97,0,12,39,4,55,21,26,99,6,152,64,8,72,224
03/31/2019,TLH,FL,ASO,ES,Combined TRACON& Tower with Radar,23,14,20,25,82,0,0,17,8,25,23,14,37,33,107,20,0,20,127
04/01/2019,TLH,FL,ASO,ES,Combined TRACON& Tower with Radar,24,24,38,22,108,0,0,19,2,21,24,24,57,24,129,18,0,18,147
04/02/2019,TLH,FL,ASO,ES,Combined TRACON& Tower with Radar,26,34,46,16,122,0,2,37,6,45,26,36,83,22,167,25,0,25,192
04/03/2019,TLH,FL,ASO,ES,Combined TRACON& Tower with Radar,28,34,51,35,148,0,10,40,8,58,28,44,91,43,206,50,16,66,272
04/04/2019,TLH,FL,ASO,ES,Combined TRACON& Tower with Radar,35,35,61,32,163,0,9,34,7,50,35,44,95,39,213,16,20,36,249
04/05/2019,TLH,FL,ASO,ES,Combined TRACON& Tower with Radar,27,16,29,16,88,0,0,4,0,4,27,16,33,16,92,0,4,4,96
04/06/2019,TLH,FL,ASO,ES,Combined TRACON& Tower with Radar,21,14,55,12,102,0,0,20,1,21,21,14,75,13,123,12,0,12,135
04/07/2019,TLH,FL,ASO,ES,Combined TRACON& Tower with Radar,25,19,44,25,113,0,2,40,3,45,25,21,84,28,158,0,0,0,158
04/08/2019,TLH,FL,ASO,ES,Combined TRACON& Tower with Radar,25,23,26,14,88,0,0,13,0,13,25,23,39,14,101,10,8,18,119
04/09/2019,TLH,FL,ASO,ES,Combined TRACON& Tower with Radar,32,31,50,61,174,0,3,29,4,36,32,34,79,65,210,68,72,140,350
04/10/2019,TLH,FL,ASO,ES,Combined TRACON& Tower with Radar,27,17,55,32,131,0,2,42,8,52,27,19,97,40,183,31,11,42,225
04/11/2019,TLH,FL,ASO,ES,Combined TRACON& Tower with Radar,24,23,55,7,109,0,6,34,8,48,24,29,89,15,157,59,8,67,224
04/12/2019,TLH,FL,ASO,ES,Combined TRACON& Tower with Radar,21,26,45,94,186,0,2,41,0,43,21,28,86,94,229,66,22,88,317
04/13/2019,TLH,FL,ASO,ES,Combined TRACON& Tower with Radar,20,23,41,67,151,0,10,47,10,67,20,33,88,77,218,36,14,50,268
04/14/2019,TLH,FL,ASO,ES,Combined TRACON& Tower with Radar,19,17,23,5,64,0,0,7,1,8,19,17,30,6,72,0,0,0,72
04/15/2019,TLH,FL,ASO,ES,Combined TRACON& Tower with Radar,27,29,30,39,125,0,0,55,3,58,27,29,85,42,183,42,24,66,249
04/16/2019,TLH,FL,ASO,ES,Combined TRACON& Tower with Radar,26,28,53,31,138,0,6,55,15,76,26,34,108,46,214,97,14,111,325
04/17/2019,TLH,FL,ASO,ES,Combined TRACON& Tower with Radar,28,27,49,31,135,0,3,62,11,76,28,30,111,42,211,44,40,84,295
04/18/2019,TLH,FL,ASO,ES,Combined TRACON& Tower with Radar,26,23,57,59,165,0,3,36,1,40,26,26,93,60,205,6,37,43,248
04/19/2019,TLH,FL,ASO,ES,Combined TRACON& Tower with Radar,29,13,20,12,74,0,5,6,0,11,29,18,26,12,85,2,0,2,87
04/20/2019,TLH,FL,ASO,ES,Combined TRACON& Tower with Radar,19,14,22,4,59,0,6,46,0,52,19,20,68,4,111,34,0,34,145
04/21/2019,TLH,FL,ASO,ES,Combined TRACON& Tower with Radar,26,17,24,25,92,0,2,35,1,38,26,19,59,26,130,68,0,68,198
04/22/2019,TLH,FL,ASO,ES,Combined TRACON& Tower with Radar,27,22,42,20,111,0,5,54,8,67,27,27,96,28,178,93,18,111,289
04/23/2019,TLH,FL,ASO,ES,Combined TRACON& Tower with Radar,27,21,58,31,137,0,4,58,6,68,27,25,116,37,205,138,8,146,351
04/24/2019,TLH,FL,ASO,ES,Combined TRACON& Tower with Radar,30,27,49,58,164,0,8,33,10,51,30,35,82,68,215,64,20,84,299
04/25/2019,TLH,FL,ASO,ES,Combined TRACON& Tower with Radar,29,24,45,25,123,0,6,37,2,45,29,30,82,27,168,137,21,158,326
04/26/2019,TLH,FL,ASO,ES,Combined TRACON& Tower with Radar,25,25,50,47,147,0,0,25,1,26,25,25,75,48,173,16,14,30,203
04/27/2019,TLH,FL,ASO,ES,Combined TRACON& Tower with Radar,20,17,38,4,79,0,16,50,4,70,20,33,88,8,149,38,0,38,187
04/28/2019,TLH,FL,ASO,ES,Combined TRACON& Tower with Radar,26,13,32,20,91,0,10,62,8,80,26,23,94,28,171,18,0,18,189
04/29/2019,TLH,FL,ASO,ES,Combined TRACON& Tower with Radar,29,18,39,21,107,0,11,49,13,73,29,29,88,34,180,90,20,110,290
04/30/2019,TLH,FL,ASO,ES,Combined TRACON& Tower with Radar,27,25,46,32,130,0,7,46,9,62,27,32,92,41,192,30,18,48,240
05/01/2019,TLH,FL,ASO,ES,Combined TRACON& Tower with Radar,28,24,56,22,130,0,6,40,3,49,28,30,96,25,179,40,26,66,245
05/02/2019,TLH,FL,ASO,ES,Combined TRACON& Tower with Radar,28,27,32,22,109,0,1,33,4,38,28,28,65,26,147,42,10,52,199
05/03/2019,TLH,FL,ASO,ES,Combined TRACON& Tower with Radar,29,24,39,61,153,0,4,29,5,38,29,28,68,66,191,22,0,22,213
05/04/2019,TLH,FL,ASO,ES,Combined TRACON& Tower with Radar,29,15,35,10,89,0,0,12,0,12,29,15,47,10,101,0,0,0,101
05/05/2019,TLH,FL,ASO,ES,Combined TRACON& Tower with Radar,24,15,22,25,86,0,3,11,14,28,24,18,33,39,114,0,56,56,170
05/06/2019,TLH,FL,ASO,ES,Combined TRACON& Tower with Radar,26,32,37,21,116,0,10,42,6,58,26,42,79,27,174,84,14,98,272
05/07/2019,TLH,FL,ASO,ES,Combined TRACON& Tower with Radar,28,28,39,24,119,0,13,38,7,58,28,41,77,31,177,59,18,77,254
05/08/2019,TLH,FL,ASO,ES,Combined TRACON& Tower with Radar,24,32,61,23,140,0,7,46,0,53,24,39,107,23,193,76,6,82,275
05/09/2019,TLH,FL,ASO,ES,Combined TRACON& Tower with Radar,26,20,32,39,117,0,7,48,6,61,26,27,80,45,178,53,22,75,253
05/10/2019,TLH,FL,ASO,ES,Combined TRACON& Tower with Radar,26,23,46,25,120,0,3,19,15,37,26,26,65,40,157,26,6,32,189
05/11/2019,TLH,FL,ASO,ES,Combined TRACON& Tower with Radar,22,6,18,18,64,0,0,32,0,32,22,6,50,18,96,42,14,56,152
05/12/2019,TLH,FL,ASO,ES,Combined TRACON& Tower with Radar,23,18,14,2,57,0,0,0,17,17,23,18,14,19,74,0,0,0,74
05/13/2019,TLH,FL,ASO,ES,Combined TRACON& Tower with Radar,28,25,22,28,103,0,0,16,8,24,28,25,38,36,127,28,10,38,165
05/14/2019,TLH,FL,ASO,ES,Combined TRACON& Tower with Radar,28,23,28,44,123,0,0,66,9,75,28,23,94,53,198,38,16,54,252
05/15/2019,TLH,FL,ASO,ES,Combined TRACON& Tower with Radar,29,29,50,30,138,0,7,46,3,56,29,36,96,33,194,18,10,28,222
05/16/2019,TLH,FL,ASO,ES,Combined TRACON& Tower with Radar,25,25,30,14,94,0,13,53,5,71,25,38,83,19,165,61,4,65,230
05/17/2019,TLH,FL,ASO,ES,Combined TRACON& Tower with Radar,25,22,40,26,113,0,3,44,3,50,25,25,84,29,163,46,14,60,223
05/18/2019,TLH,FL,ASO,ES,Combined TRACON& Tower with Radar,23,12,37,21,93,0,9,56,7,72,23,21,93,28,165,34,0,34,199
05/19/2019,TLH,FL,ASO,ES,Combined TRACON& Tower with Radar,25,18,33,6,82,0,12,44,3,59,25,30,77,9,141,32,2,34,175
05/20/2019,TLH,FL,ASO,ES,Combined TRACON& Tower with Radar,24,26,30,69,149,0,0,54,10,64,24,26,84,79,213,49,40,89,302
05/21/2019,TLH,FL,ASO,ES,Combined TRACON& Tower with Radar,25,22,40,23,110,0,3,76,9,88,25,25,116,32,198,58,12,70,268
05/22/2019,TLH,FL,ASO,ES,Combined TRACON& Tower with Radar,28,24,31,45,128,0,8,42,4,54,28,32,73,49,182,27,14,41,223
05/23/2019,TLH,FL,ASO,ES,Combined TRACON& Tower with Radar,27,23,65,11,126,0,5,50,4,59,27,28,115,15,185,38,6,44,229
05/24/2019,TLH,FL,ASO,ES,Combined TRACON& Tower with Radar,28,16,57,3,104,0,2,50,2,54,28,18,107,5,158,54,0,54,212
05/25/2019,TLH,FL,ASO,ES,Combined TRACON& Tower with Radar,22,6,28,8,64,0,8,53,8,69,22,14,81,16,133,6,10,16,149
05/26/2019,TLH,FL,ASO,ES,Combined TRACON& Tower with Radar,19,14,27,8,68,0,2,50,1,53,19,16,77,9,121,52,0,52,173
05/27/2019,TLH,FL,ASO,ES,Combined TRACON& Tower with Radar,25,21,21,1,68,0,0,40,3,43,25,21,61,4,111,32,4,36,147
05/28/2019,TLH,FL,ASO,ES,Combined TRACON& Tower with Radar,27,18,31,16,92,0,2,47,4,53,27,20,78,20,145,36,0,36,181
05/29/2019,TLH,FL,ASO,ES,Combined TRACON& Tower with Radar,24,32,24,26,106,0,4,43,4,51,24,36,67,30,157,26,12,38,195
05/30/2019,TLH,FL,ASO,ES,Combined TRACON& Tower with Radar,28,28,50,51,157,0,4,77,5,86,28,32,127,56,243,66,18,84,327
05/31/2019,TLH,FL,ASO,ES,Combined TRACON& Tower with Radar,27,23,31,23,104,0,2,42,5,49,27,25,73,28,153,26,0,26,179
06/01/2019,TLH,FL,ASO,ES,Combined TRACON& Tower with Radar,23,11,24,2,60,0,3,37,1,41,23,14,61,3,101,32,0,32,133
06/02/2019,TLH,FL,ASO,ES,Combined TRACON& Tower with Radar,20,21,14,22,77,0,2,51,2,55,20,23,65,24,132,4,0,4,136
06/03/2019,TLH,FL,ASO,ES,Combined TRACON& Tower with Radar,24,24,46,36,130,0,4,54,7,65,24,28,100,43,195,68,8,76,271
06/04/2019,TLH,FL,ASO,ES,Combined TRACON& Tower with Radar,24,35,35,35,129,0,5,58,1,64,24,40,93,36,193,28,8,36,229
06/05/2019,TLH,FL,ASO,ES,Combined TRACON& Tower with Radar,23,27,35,81,166,0,6,40,6,52,23,33,75,87,218,38,22,60,278
06/06/2019,TLH,FL,ASO,ES,Combined TRACON& Tower with Radar,30,23,18,10,81,0,6,10,0,16,30,29,28,10,97,8,0,8,105
06/07/2019,TLH,FL,ASO,ES,Combined TRACON& Tower with Radar,29,17,18,0,64,0,5,7,0,12,29,22,25,0,76,0,0,0,76
06/08/2019,TLH,FL,ASO,ES,Combined TRACON& Tower with Radar,25,8,9,3,45,0,4,2,0,6,25,12,11,3,51,6,0,6,57
06/09/2019,TLH,FL,ASO,ES,Combined TRACON& Tower with Radar,18,7,10,2,37,0,0,4,0,4,18,7,14,2,41,0,0,0,41
06/10/2019,TLH,FL,ASO,ES,Combined TRACON& Tower with Radar,27,16,24,9,76,0,2,19,1,22,27,18,43,10,98,65,0,65,163
06/11/2019,TLH,FL,ASO,ES,Combined TRACON& Tower with Radar,30,20,29,17,96,0,0,13,3,16,30,20,42,20,112,16,0,16,128
06/12/2019,TLH,FL,ASO,ES,Combined TRACON& Tower with Radar,30,18,25,4,77,0,0,4,1,5,30,18,29,5,82,18,0,18,100
06/13/2019,TLH,FL,ASO,ES,Combined TRACON& Tower with Radar,28,22,35,48,133,0,5,33,4,42,28,27,68,52,175,40,0,40,215
06/14/2019,TLH,FL,ASO,ES,Combined TRACON& Tower with Radar,28,21,44,12,105,0,5,41,2,48,28,26,85,14,153,96,0,96,249
06/15/2019,TLH,FL,ASO,ES,Combined TRACON& Tower with Radar,22,13,36,22,93,0,7,48,0,55,22,20,84,22,148,26,0,26,174
06/16/2019,TLH,FL,ASO,ES,Combined TRACON& Tower with Radar,28,7,27,7,69,0,3,27,5,35,28,10,54,12,104,30,0,30,134
06/17/2019,TLH,FL,ASO,ES,Combined TRACON& Tower with Radar,31,20,28,33,112,0,0,13,1,14,31,20,41,34,126,8,8,16,142
06/18/2019,TLH,FL,ASO,ES,Combined TRACON& Tower with Radar,28,24,42,11,105,0,0,13,3,16,28,24,55,14,121,34,14,48,169
06/19/2019,TLH,FL,ASO,ES,Combined TRACON& Tower with Radar,26,13,35,16,90,0,3,19,0,22,26,16,54,16,112,0,14,14,126
06/20/2019,TLH,FL,ASO,ES,Combined TRACON& Tower with Radar,33,23,39,2,97,0,1,23,2,26,33,24,62,4,123,20,0,20,143
06/21/2019,TLH,FL,ASO,ES,Combined TRACON& Tower with Radar,29,17,36,16,98,0,6,29,0,35,29,23,65,16,133,68,10,78,211
06/22/2019,TLH,FL,ASO,ES,Combined TRACON& Tower with Radar,21,6,20,23,70,0,3,20,5,28,21,9,40,28,98,28,0,28,126
06/23/2019,TLH,FL,ASO,ES,Combined TRACON& Tower with Radar,26,12,30,13,81,0,6,28,1,35,26,18,58,14,116,46,0,46,162
06/24/2019,TLH,FL,ASO,ES,Combined TRACON& Tower with Radar,33,23,43,51,150,0,6,58,4,68,33,29,101,55,218,102,44,146,364
06/25/2019,TLH,FL,ASO,ES,Combined TRACON& Tower with Radar,28,18,37,22,105,0,2,30,2,34,28,20,67,24,139,78,0,78,217
06/26/2019,TLH,FL,ASO,ES,Combined TRACON& Tower with Radar,29,24,53,23,129,0,6,52,11,69,29,30,105,34,198,50,16,66,264
06/27/2019,TLH,FL,ASO,ES,Combined TRACON& Tower with Radar,29,27,44,3,103,0,1,42,2,45,29,28,86,5,148,18,4,22,170
06/28/2019,TLH,FL,ASO,ES,Combined TRACON& Tower with Radar,31,21,46,14,112,0,4,31,3,38,31,25,77,17,150,56,2,58,208
06/29/2019,TLH,FL,ASO,ES,Combined TRACON& Tower with Radar,23,8,24,15,70,0,0,15,5,20,23,8,39,20,90,29,0,29,119
06/30/2019,TLH,FL,ASO,ES,Combined TRACON& Tower with Radar,25,18,22,6,71,0,0,20,0,20,25,18,42,6,91,18,0,18,109
07/01/2019,TLH,FL,ASO,ES,Combined TRACON& Tower with Radar,25,21,36,50,132,0,5,42,5,52,25,26,78,55,184,52,64,116,300
07/02/2019,TLH,FL,ASO,ES,Combined TRACON& Tower with Radar,23,17,36,15,91,0,3,40,4,47,23,20,76,19,138,60,10,70,208
07/03/2019,TLH,FL,ASO,ES,Combined TRACON& Tower with Radar,22,18,20,9,69,0,1,54,1,56,22,19,74,10,125,44,12,56,181
07/04/2019,TLH,FL,ASO,ES,Combined TRACON& Tower with Radar,17,10,18,0,45,0,3,24,0,27,17,13,42,0,72,16,0,16,88
07/05/2019,TLH,FL,ASO,ES,Combined TRACON& Tower with Radar,21,13,19,0,53,0,0,23,0,23,21,13,42,0,76,22,0,22,98
07/06/2019,TLH,FL,ASO,ES,Combined TRACON& Tower with Radar,23,5,18,0,46,0,2,14,0,16,23,7,32,0,62,20,0,20,82
07/07/2019,TLH,FL,ASO,ES,Combined TRACON& Tower with Radar,24,17,20,0,61,0,0,16,0,16,24,17,36,0,77,30,0,30,107
07/08/2019,TLH,FL,ASO,ES,Combined TRACON& Tower with Radar,27,21,45,9,102,0,0,31,0,31,27,21,76,9,133,59,12,71,204
07/09/2019,TLH,FL,ASO,ES,Combined TRACON& Tower with Radar,28,18,25,21,92,1,0,38,1,40,29,18,63,22,132,40,4,44,176
07/10/2019,TLH,FL,ASO,ES,Combined TRACON& Tower with Radar,27,20,21,4,72,0,0,10,0,10,27,20,31,4,82,6,0,6,88
07/11/2019,TLH,FL,ASO,ES,Combined TRACON& Tower with Radar,30,27,27,8,92,0,5,25,0,30,30,32,52,8,122,34,0,34,156
07/12/2019,TLH,FL,ASO,ES,Combined TRACON& Tower with Radar,28,18,33,8,87,0,2,13,0,15,28,20,46,8,102,20,0,20,122
07/13/2019,TLH,FL,ASO,ES,Combined TRACON& Tower with Radar,20,8,34,39,101,0,4,40,4,48,20,12,74,43,149,54,0,54,203
07/14/2019,TLH,FL,ASO,ES,Combined TRACON& Tower with Radar,26,14,28,12,80,0,6,31,5,42,26,20,59,17,122,39,0,39,161
07/15/2019,TLH,FL,ASO,ES,Combined TRACON& Tower with Radar,27,20,29,32,108,0,4,44,5,53,27,24,73,37,161,43,50,93,254
07/16/2019,TLH,FL,ASO,ES,Combined TRACON& Tower with Radar,30,17,27,13,87,0,6,44,2,52,30,23,71,15,139,22,0,22,161
07/17/2019,TLH,FL,ASO,ES,Combined TRACON& Tower with Radar,34,18,42,43,137,0,4,47,4,55,34,22,89,47,192,59,25,84,276
07/18/2019,TLH,FL,ASO,ES,Combined TRACON& Tower with Radar,27,29,30,26,112,0,5,13,0,18,27,34,43,26,130,40,12,52,182
07/19/2019,TLH,FL,ASO,ES,Combined TRACON& Tower with Radar,26,20,19,6,71,0,2,26,3,31,26,22,45,9,102,12,10,22,124
07/20/2019,TLH,FL,ASO,ES,Combined TRACON& Tower with Radar,23,7,14,14,58,0,1,23,1,25,23,8,37,15,83,14,0,14,97
07/21/2019,TLH,FL,ASO,ES,Combined TRACON& Tower with Radar,25,16,24,15,80,0,1,18,10,29,25,17,42,25,109,4,6,10,119
07/22/2019,TLH,FL,ASO,ES,Combined TRACON& Tower with Radar,30,23,23,29,105,0,2,20,6,28,30,25,43,35,133,46,20,66,199
07/23/2019,TLH,FL,ASO,ES,Combined TRACON& Tower with Radar,32,14,26,18,90,0,4,31,0,35,32,18,57,18,125,30,0,30,155
07/24/2019,TLH,FL,ASO,ES,Combined TRACON& Tower with Radar,30,20,38,6,94,0,0,12,2,14,30,20,50,8,108,58,0,58,166
07/25/2019,TLH,FL,ASO,ES,Combined TRACON& Tower with Radar,28,15,38,10,91,0,8,43,1,52,28,23,81,11,143,35,0,35,178
07/26/2019,TLH,FL,ASO,ES,Combined TRACON& Tower with Radar,26,21,27,32,106,0,5,26,4,35,26,26,53,36,141,38,10,48,189
07/27/2019,TLH,FL,ASO,ES,Combined TRACON& Tower with Radar,22,5,19,12,58,0,3,40,5,48,22,8,59,17,106,32,0,32,138
07/28/2019,TLH,FL,ASO,ES,Combined TRACON& Tower with Radar,26,17,23,5,71,0,2,21,4,27,26,19,44,9,98,11,0,11,109
07/29/2019,TLH,FL,ASO,ES,Combined TRACON& Tower with Radar,27,23,31,41,122,0,5,56,4,65,27,28,87,45,187,22,30,52,239
07/30/2019,TLH,FL,ASO,ES,Combined TRACON& Tower with Radar,29,21,33,31,114,0,6,26,5,37,29,27,59,36,151,68,14,82,233
07/31/2019,TLH,FL,ASO,ES,Combined TRACON& Tower with Radar,26,21,33,38,118,0,7,21,5,33,26,28,54,43,151,114,42,156,307
08/01/2019,TLH,FL,ASO,ES,Combined TRACON& Tower with Radar,27,32,20,9,88,0,6,36,8,50,27,38,56,17,138,21,11,32,170
08/02/2019,TLH,FL,ASO,ES,Combined TRACON& Tower with Radar,29,18,39,20,106,0,3,19,3,25,29,21,58,23,131,78,0,78,209
08/03/2019,TLH,FL,ASO,ES,Combined TRACON& Tower with Radar,21,3,22,8,54,0,3,19,5,27,21,6,41,13,81,24,0,24,105
08/04/2019,TLH,FL,ASO,ES,Combined TRACON& Tower with Radar,25,13,34,8,80,0,1,30,4,35,25,14,64,12,115,28,0,28,143
08/05/2019,TLH,FL,ASO,ES,Combined TRACON& Tower with Radar,28,20,17,10,75,0,0,15,1,16,28,20,32,11,91,17,0,17,108
08/06/2019,TLH,FL,ASO,ES,Combined TRACON& Tower with Radar,25,18,30,33,106,0,2,31,0,33,25,20,61,33,139,70,16,86,225
08/07/2019,TLH,FL,ASO,ES,Combined TRACON& Tower with Radar,29,19,41,27,116,0,1,59,1,61,29,20,100,28,177,36,4,40,217
08/08/2019,TLH,FL,ASO,ES,Combined TRACON& Tower with Radar,29,20,38,15,102,0,3,31,1,35,29,23,69,16,137,50,0,50,187
08/09/2019,TLH,FL,ASO,ES,Combined TRACON& Tower with Radar,30,25,32,21,108,0,0,35,1,36,30,25,67,22,144,24,10,34,178
08/10/2019,TLH,FL,ASO,ES,Combined TRACON& Tower with Radar,23,5,21,7,56,0,0,39,1,40,23,5,60,8,96,10,0,10,106
08/11/2019,TLH,FL,ASO,ES,Combined TRACON& Tower with Radar,26,14,27,45,112,0,0,21,2,23,26,14,48,47,135,20,17,37,172
08/12/2019,TLH,FL,ASO,ES,Combined TRACON& Tower with Radar,27,23,25,8,83,0,2,21,2,25,27,25,46,10,108,40,20,60,168
08/13/2019,TLH,FL,ASO,ES,Combined TRACON& Tower with Radar,26,26,44,25,121,0,2,55,9,66,26,28,99,34,187,52,0,52,239
08/14/2019,TLH,FL,ASO,ES,Combined TRACON& Tower with Radar,27,30,37,55,149,0,4,42,1,47,27,34,79,56,196,56,18,74,270
08/15/2019,TLH,FL,ASO,ES,Combined TRACON& Tower with Radar,28,14,37,6,85,0,2,24,3,29,28,16,61,9,114,44,0,44,158
08/16/2019,TLH,FL,ASO,ES,Combined TRACON& Tower with Radar,27,20,43,28,118,0,3,24,3,30,27,23,67,31,148,24,6,30,178
08/17/2019,TLH,FL,ASO,ES,Combined TRACON& Tower with Radar,20,7,19,2,48,0,2,17,0,19,20,9,36,2,67,4,0,4,71
08/18/2019,TLH,FL,ASO,ES,Combined TRACON& Tower with Radar,26,13,22,0,61,0,0,4,0,4,26,13,26,0,65,0,0,0,65
08/19/2019,TLH,FL,ASO,ES,Combined TRACON& Tower with Radar,25,18,21,3,67,0,4,5,0,9,25,22,26,3,76,2,0,2,78
08/20/2019,TLH,FL,ASO,ES,Combined TRACON& Tower with Radar,31,18,21,24,94,0,0,27,2,29,31,18,48,26,123,64,16,80,203
08/21/2019,TLH,FL,ASO,ES,Combined TRACON& Tower with Radar,27,22,48,17,114,0,2,40,3,45,27,24,88,20,159,56,6,62,221
08/22/2019,TLH,FL,ASO,ES,Combined TRACON& Tower with Radar,30,31,31,18,110,0,16,39,1,56,30,47,70,19,166,56,0,56,222
08/23/2019,TLH,FL,ASO,ES,Combined TRACON& Tower with Radar,28,27,41,17,113,0,9,38,4,51,28,36,79,21,164,38,4,42,206
08/24/2019,TLH,FL,ASO,ES,Combined TRACON& Tower with Radar,22,11,47,19,99,0,4,25,1,30,22,15,72,20,129,15,0,15,144
08/25/2019,TLH,FL,ASO,ES,Combined TRACON& Tower with Radar,25,24,49,19,117,0,2,15,5,22,25,26,64,24,139,0,0,0,139
08/26/2019,TLH,FL,ASO,ES,Combined TRACON& Tower with Radar,27,28,15,6,76,0,2,6,0,8,27,30,21,6,84,20,0,20,104
08/27/2019,TLH,FL,ASO,ES,Combined TRACON& Tower with Radar,28,18,29,4,79,0,0,10,2,12,28,18,39,6,91,14,0,14,105
08/28/2019,TLH,FL,ASO,ES,Combined TRACON& Tower with Radar,27,17,34,52,130,0,3,28,6,37,27,20,62,58,167,29,4,33,200
08/29/2019,TLH,FL,ASO,ES,Combined TRACON& Tower with Radar,26,26,49,44,145,0,11,42,8,61,26,37,91,52,206,30,36,66,272
08/30/2019,TLH,FL,ASO,ES,Combined TRACON& Tower with Radar,26,21,55,4,106,0,5,58,2,65,26,26,113,6,171,16,0,16,187
08/31/2019,TLH,FL,ASO,ES,Combined TRACON& Tower with Radar,22,13,37,2,74,0,9,33,7,49,22,22,70,9,123,32,0,32,155
09/01/2019,TLH,FL,ASO,ES,Combined TRACON& Tower with Radar,23,14,27,3,67,0,0,14,0,14,23,14,41,3,81,12,0,12,93
09/02/2019,TLH,FL,ASO,ES,Combined TRACON& Tower with Radar,26,9,25,0,60,0,2,14,3,19,26,11,39,3,79,0,0,0,79
09/03/2019,TLH,FL,ASO,ES,Combined TRACON& Tower with Radar,30,7,19,8,64,0,0,37,4,41,30,7,56,12,105,38,0,38,143
09/04/2019,TLH,FL,ASO,ES,Combined TRACON& Tower with Radar,26,20,46,15,107,0,0,67,4,71,26,20,113,19,178,14,6,20,198
09/05/2019,TLH,FL,ASO,ES,Combined TRACON& Tower with Radar,29,25,59,22,135,0,6,53,2,61,29,31,112,24,196,4,0,4,200
09/06/2019,TLH,FL,ASO,ES,Combined TRACON& Tower with Radar,32,19,51,38,140,0,6,51,20,77,32,25,102,58,217,32,20,52,269
09/07/2019,TLH,FL,ASO,ES,Combined TRACON& Tower with Radar,21,8,36,17,82,0,11,59,3,73,21,19,95,20,155,38,0,38,193
09/08/2019,TLH,FL,ASO,ES,Combined TRACON& Tower with Radar,27,13,38,44,122,0,1,41,22,64,27,14,79,66,186,42,22,64,250
09/09/2019,TLH,FL,ASO,ES,Combined TRACON& Tower with Radar,29,23,29,57,138,0,4,42,9,55,29,27,71,66,193,42,38,80,273
09/10/2019,TLH,FL,ASO,ES,Combined TRACON& Tower with Radar,33,23,28,22,106,0,12,19,1,32,33,35,47,23,138,69,8,77,215
09/11/2019,TLH,FL,ASO,ES,Combined TRACON& Tower with Radar,26,27,49,7,109,0,3,60,4,67,26,30,109,11,176,64,0,64,240
09/12/2019,TLH,FL,ASO,ES,Combined TRACON& Tower with Radar,29,32,25,26,112,0,2,27,3,32,29,34,52,29,144,38,4,42,186
09/13/2019,TLH,FL,ASO,ES,Combined TRACON& Tower with Radar,33,22,43,24,122,0,13,47,9,69,33,35,90,33,191,42,18,60,251
09/14/2019,TLH,FL,ASO,ES,Combined TRACON& Tower with Radar,20,14,22,16,72,0,12,43,3,58,20,26,65,19,130,26,12,38,168
09/15/2019,TLH,FL,ASO,ES,Combined TRACON& Tower with Radar,27,12,29,15,83,0,0,31,9,40,27,12,60,24,123,51,0,51,174
09/16/2019,TLH,FL,ASO,ES,Combined TRACON& Tower with Radar,29,28,44,63,164,0,1,27,11,39,29,29,71,74,203,74,52,126,329
09/17/2019,TLH,FL,ASO,ES,Combined TRACON& Tower with Radar,26,31,35,31,123,0,7,51,4,62,26,38,86,35,185,36,20,56,241
09/18/2019,TLH,FL,ASO,ES,Combined TRACON& Tower with Radar,28,41,54,21,144,0,6,53,5,64,28,47,107,26,208,26,12,38,246
09/19/2019,TLH,FL,ASO,ES,Combined TRACON& Tower with Radar,32,29,46,35,142,0,4,55,3,62,32,33,101,38,204,30,20,50,254
09/20/2019,TLH,FL,ASO,ES,Combined TRACON& Tower with Radar,32,23,51,92,198,0,3,58,20,81,32,26,109,112,279,44,22,66,345
09/21/2019,TLH,FL,ASO,ES,Combined TRACON& Tower with Radar,23,9,46,9,87,0,2,36,2,40,23,11,82,11,127,46,0,46,173
09/22/2019,TLH,FL,ASO,ES,Combined TRACON& Tower with Radar,27,17,38,13,95,0,18,56,3,77,27,35,94,16,172,52,0,52,224
09/23/2019,TLH,FL,ASO,ES,Combined TRACON& Tower with Radar,29,18,27,54,128,0,0,41,8,49,29,18,68,62,177,48,56,104,281
09/24/2019,TLH,FL,ASO,ES,Combined TRACON& Tower with Radar,27,29,48,44,148,0,6,49,0,55,27,35,97,44,203,36,42,78,281
09/25/2019,TLH,FL,ASO,ES,Combined TRACON& Tower with Radar,28,20,51,46,145,0,7,52,2,61,28,27,103,48,206,66,30,96,302
09/26/2019,TLH,FL,ASO,ES,Combined TRACON& Tower with Radar,33,30,51,51,165,0,4,64,5,73,33,34,115,56,238,68,28,96,334
09/27/2019,TLH,FL,ASO,ES,Combined TRACON& Tower with Radar,34,29,62,4,129,0,10,68,2,80,34,39,130,6,209,34,0,34,243
09/28/2019,TLH,FL,ASO,ES,Combined TRACON& Tower with Radar,22,13,42,0,77,0,21,38,0,59,22,34,80,0,136,84,0,84,220
09/29/2019,TLH,FL,ASO,ES,Combined TRACON& Tower with Radar,27,23,72,3,125,0,12,43,3,58,27,35,115,6,183,18,0,18,201
09/30/2019,TLH,FL,ASO,ES,Combined TRACON& Tower with Radar,28,25,51,15,119,0,7,40,4,51,28,32,91,19,170,26,0,26,196
10/01/2019,TLH,FL,ASO,ES,Combined TRACON& Tower with Radar,27,26,47,43,143,0,6,37,2,45,27,32,84,45,188,58,58,116,304
10/02/2019,TLH,FL,ASO,ES,Combined TRACON& Tower with Radar,27,21,47,24,119,0,4,33,0,37,27,25,80,24,156,22,8,30,186
10/03/2019,TLH,FL,ASO,ES,Combined TRACON& Tower with Radar,30,27,41,23,121,0,9,58,2,69,30,36,99,25,190,52,0,52,242
10/04/2019,TLH,FL,ASO,ES,Combined TRACON& Tower with Radar,33,28,41,37,139,0,16,43,9,68,33,44,84,46,207,56,8,64,271
10/05/2019,TLH,FL,ASO,ES,Combined TRACON& Tower with Radar,21,16,22,6,65,0,5,32,6,43,21,21,54,12,108,64,0,64,172
10/06/2019,TLH,FL,ASO,ES,Combined TRACON& Tower with Radar,28,22,33,33,116,0,2,24,0,26,28,24,57,33,142,50,0,50,192
10/07/2019,TLH,FL,ASO,ES,Combined TRACON& Tower with Radar,28,22,27,55,132,0,0,20,2,22,28,22,47,57,154,14,20,34,188
10/08/2019,TLH,FL,ASO,ES,Combined TRACON& Tower with Radar,25,33,31,52,141,0,3,38,6,47,25,36,69,58,188,48,58,106,294
10/09/2019,TLH,FL,ASO,ES,Combined TRACON& Tower with Radar,27,27,43,44,141,0,1,40,6,47,27,28,83,50,188,84,26,110,298
10/10/2019,TLH,FL,ASO,ES,Combined TRACON& Tower with Radar,31,28,40,21,120,0,10,37,8,55,31,38,77,29,175,50,0,50,225
10/11/2019,TLH,FL,ASO,ES,Combined TRACON& Tower with Radar,32,31,57,47,167,0,9,56,0,65,32,40,113,47,232,92,2,94,326
10/12/2019,TLH,FL,ASO,ES,Combined TRACON& Tower with Radar,20,4,38,6,68,0,11,34,4,49,20,15,72,10,117,20,18,38,155
10/13/2019,TLH,FL,ASO,ES,Combined TRACON& Tower with Radar,26,19,37,0,82,0,24,41,2,67,26,43,78,2,149,30,0,30,179
10/14/2019,TLH,FL,ASO,ES,Combined TRACON& Tower with Radar,25,33,31,15,104,0,5,29,0,34,25,38,60,15,138,24,0,24,162
10/15/2019,TLH,FL,ASO,ES,Combined TRACON& Tower with Radar,28,32,46,29,135,0,3,8,1,12,28,35,54,30,147,12,4,16,163
10/16/2019,TLH,FL,ASO,ES,Combined TRACON& Tower with Radar,28,37,49,40,154,0,2,22,5,29,28,39,71,45,183,54,32,86,269
10/17/2019,TLH,FL,ASO,ES,Combined TRACON& Tower with Radar,28,29,67,44,168,0,12,57,7,76,28,41,124,51,244,60,16,76,320
10/18/2019,TLH,FL,ASO,ES,Combined TRACON& Tower with Radar,30,21,23,11,85,0,0,26,0,26,30,21,49,11,111,38,0,38,149
10/19/2019,TLH,FL,ASO,ES,Combined TRACON& Tower with Radar,22,7,4,2,35,0,0,0,0,0,22,7,4,2,35,0,0,0,35
10/20/2019,TLH,FL,ASO,ES,Combined TRACON& Tower with Radar,27,17,28,21,93,0,0,22,3,25,27,17,50,24,118,22,0,22,140
10/21/2019,TLH,FL,ASO,ES,Combined TRACON& Tower with Radar,31,22,24,39,116,0,7,45,4,56,31,29,69,43,172,22,30,52,224
10/22/2019,TLH,FL,ASO,ES,Combined TRACON& Tower with Radar,29,17,36,16,98,0,0,16,4,20,29,17,52,20,118,33,16,49,167
10/23/2019,TLH,FL,ASO,ES,Combined TRACON& Tower with Radar,30,31,46,22,129,0,17,54,9,80,30,48,100,31,209,50,12,62,271
10/24/2019,TLH,FL,ASO,ES,Combined TRACON& Tower with Radar,29,31,68,26,154,0,3,20,5,28,29,34,88,31,182,82,22,104,286
10/25/2019,TLH,FL,ASO,ES,Combined TRACON& Tower with Radar,34,32,54,73,193,0,5,32,20,57,34,37,86,93,250,0,68,68,318
10/26/2019,TLH,FL,ASO,ES,Combined TRACON& Tower with Radar,23,14,28,1,66,0,0,12,2,14,23,14,40,3,80,0,0,0,80
10/27/2019,TLH,FL,ASO,ES,Combined TRACON& Tower with Radar,26,31,42,15,114,0,0,23,5,28,26,31,65,20,142,60,0,60,202
10/28/2019,TLH,FL,ASO,ES,Combined TRACON& Tower with Radar,27,23,43,31,124,0,0,53,6,59,27,23,96,37,183,108,34,142,325
10/29/2019,TLH,FL,ASO,ES,Combined TRACON& Tower with Radar,27,31,22,10,90,0,0,0,0,0,27,31,22,10,90,0,0,0,90
10/30/2019,TLH,FL,ASO,ES,Combined TRACON& Tower with Radar,24,32,46,22,124,0,2,11,0,13,24,34,57,22,137,24,6,30,167
10/31/2019,TLH,FL,ASO,ES,Combined TRACON& Tower with Radar,23,25,39,2,89,0,4,8,0,12,23,29,47,2,101,10,0,10,111
11/01/2019,TLH,FL,ASO,ES,Combined TRACON& Tower with Radar,31,29,68,18,146,0,6,46,6,58,31,35,114,24,204,64,6,70,274
11/02/2019,TLH,FL,ASO,ES,Combined TRACON& Tower with Radar,23,23,77,2,125,0,4,55,0,59,23,27,132,2,184,44,0,44,228
11/03/2019,TLH,FL,ASO,ES,Combined TRACON& Tower with Radar,32,33,50,51,166,0,0,48,9,57,32,33,98,60,223,84,4,88,311
11/04/2019,TLH,FL,ASO,ES,Combined TRACON& Tower with Radar,29,36,47,83,195,0,9,36,14,59,29,45,83,97,254,90,26,116,370
11/05/2019,TLH,FL,ASO,ES,Combined TRACON& Tower with Radar,31,28,33,19,111,0,1,12,1,14,31,29,45,20,125,0,0,0,125
11/06/2019,TLH,FL,ASO,ES,Combined TRACON& Tower with Radar,31,38,54,55,178,0,1,43,2,46,31,39,97,57,224,112,18,130,354
11/07/2019,TLH,FL,ASO,ES,Combined TRACON& Tower with Radar,29,32,71,46,178,0,2,10,2,14,29,34,81,48,192,34,0,34,226
11/08/2019,TLH,FL,ASO,ES,Combined TRACON& Tower with Radar,32,34,40,59,165,0,0,8,0,8,32,34,48,59,173,26,6,32,205
11/09/2019,TLH,FL,ASO,ES,Combined TRACON& Tower with Radar,22,17,37,0,76,0,2,51,2,55,22,19,88,2,131,42,0,42,173
11/10/2019,TLH,FL,ASO,ES,Combined TRACON& Tower with Radar,29,18,41,10,98,0,38,43,3,84,29,56,84,13,182,56,0,56,238
11/11/2019,TLH,FL,ASO,ES,Combined TRACON& Tower with Radar,26,30,35,5,96,0,10,55,1,66,26,40,90,6,162,84,0,84,246
11/12/2019,TLH,FL,ASO,ES,Combined TRACON& Tower with Radar,27,29,35,6,97,0,4,3,2,9,27,33,38,8,106,0,0,0,106
11/13/2019,TLH,FL,ASO,ES,Combined TRACON& Tower with Radar,28,34,54,33,149,0,4,57,6,67,28,38,111,39,216,46,20,66,282
11/14/2019,TLH,FL,ASO,ES,Combined TRACON& Tower with Radar,29,37,53,8,127,0,0,22,1,23,29,37,75,9,150,28,0,28,178
11/15/2019,TLH,FL,ASO,ES,Combined TRACON& Tower with Radar,32,29,50,16,127,0,0,1,1,2,32,29,51,17,129,0,0,0,129
11/16/2019,TLH,FL,ASO,ES,Combined TRACON& Tower with Radar,24,24,63,11,122,0,1,13,4,18,24,25,76,15,140,4,0,4,144
11/17/2019,TLH,FL,ASO,ES,Combined TRACON& Tower with Radar,26,25,58,0,109,0,0,44,6,50,26,25,102,6,159,48,0,48,207
11/18/2019,TLH,FL,ASO,ES,Combined TRACON& Tower with Radar,29,31,58,14,132,0,2,48,2,52,29,33,106,16,184,42,0,42,226
11/19/2019,TLH,FL,ASO,ES,Combined TRACON& Tower with Radar,29,34,57,48,168,0,0,47,1,48,29,34,104,49,216,34,0,34,250
11/20/2019,TLH,FL,ASO,ES,Combined TRACON& Tower with Radar,32,54,35,48,169,0,10,51,8,69,32,64,86,56,238,76,48,124,362
11/21/2019,TLH,FL,ASO,ES,Combined TRACON& Tower with Radar,31,26,45,59,161,0,15,51,6,72,31,41,96,65,233,70,70,140,373
11/22/2019,TLH,FL,ASO,ES,Combined TRACON& Tower with Radar,31,33,58,71,193,0,7,43,12,62,31,40,101,83,255,74,84,158,413
11/23/2019,TLH,FL,ASO,ES,Combined TRACON& Tower with Radar,26,20,37,0,83,0,0,14,0,14,26,20,51,0,97,8,0,8,105
11/24/2019,TLH,FL,ASO,ES,Combined TRACON& Tower with Radar,28,16,25,37,106,0,0,15,14,29,28,16,40,51,135,130,0,130,265
11/25/2019,TLH,FL,ASO,ES,Combined TRACON& Tower with Radar,29,29,38,86,182,0,10,40,5,55,29,39,78,91,237,30,32,62,299
11/26/2019,TLH,FL,ASO,ES,Combined TRACON& Tower with Radar,30,30,37,36,133,0,9,48,6,63,30,39,85,42,196,72,14,86,282
11/27/2019,TLH,FL,ASO,ES,Combined TRACON& Tower with Radar,32,26,27,12,97,0,11,23,4,38,32,37,50,16,135,44,0,44,179
11/28/2019,TLH,FL,ASO,ES,Combined TRACON& Tower with Radar,16,17,11,0,44,0,2,11,0,13,16,19,22,0,57,18,0,18,75
11/29/2019,TLH,FL,ASO,ES,Combined TRACON& Tower with Radar,26,19,34,0,79,0,6,37,0,43,26,25,71,0,122,22,0,22,144
11/30/2019,TLH,FL,ASO,ES,Combined TRACON& Tower with Radar,29,16,28,0,73,0,3,20,2,25,29,19,48,2,98,0,0,0,98
12/01/2019,TLH,FL,ASO,ES,Combined TRACON& Tower with Radar,33,20,40,0,93,0,1,13,0,14,33,21,53,0,107,0,0,0,107
12/02/2019,TLH,FL,ASO,ES,Combined TRACON& Tower with Radar,31,24,40,16,111,0,5,30,8,43,31,29,70,24,154,36,4,40,194
12/03/2019,TLH,FL,ASO,ES,Combined TRACON& Tower with Radar,31,34,30,24,119,0,11,49,3,63,31,45,79,27,182,32,8,40,222
12/04/2019,TLH,FL,ASO,ES,Combined TRACON& Tower with Radar,34,27,37,17,115,0,2,51,3,56,34,29,88,20,171,51,11,62,233
12/05/2019,TLH,FL,ASO,ES,Combined TRACON& Tower with Radar,30,39,53,12,134,0,8,47,4,59,30,47,100,16,193,44,0,44,237
12/06/2019,TLH,FL,ASO,ES,Combined TRACON& Tower with Radar,29,27,43,53,152,0,8,50,13,71,29,35,93,66,223,37,8,45,268
12/07/2019,TLH,FL,ASO,ES,Combined TRACON& Tower with Radar,21,17,32,39,109,0,8,13,0,21,21,25,45,39,130,6,0,6,136
12/08/2019,TLH,FL,ASO,ES,Combined TRACON& Tower with Radar,25,25,39,29,118,0,0,13,2,15,25,25,52,31,133,46,30,76,209
12/09/2019,TLH,FL,ASO,ES,Combined TRACON& Tower with Radar,27,40,54,16,137,0,0,21,0,21,27,40,75,16,158,64,0,64,222
12/10/2019,TLH,FL,ASO,ES,Combined TRACON& Tower with Radar,26,27,61,28,142,0,2,9,5,16,26,29,70,33,158,90,12,102,260
12/11/2019,TLH,FL,ASO,ES,Combined TRACON& Tower with Radar,29,38,61,34,162,0,10,11,7,28,29,48,72,41,190,14,22,36,226
12/12/2019,TLH,FL,ASO,ES,Combined TRACON& Tower with Radar,30,42,54,61,187,0,2,16,4,22,30,44,70,65,209,60,62,122,331
12/13/2019,TLH,FL,ASO,ES,Combined TRACON& Tower with Radar,35,25,30,6,96,0,0,0,0,0,35,25,30,6,96,0,0,0,96
12/14/2019,TLH,FL,ASO,ES,Combined TRACON& Tower with Radar,22,17,25,17,81,0,3,24,7,34,22,20,49,24,115,26,10,36,151
12/15/2019,TLH,FL,ASO,ES,Combined TRACON& Tower with Radar,26,29,30,7,92,0,2,47,8,57,26,31,77,15,149,70,0,70,219
12/16/2019,TLH,FL,ASO,ES,Combined TRACON& Tower with Radar,26,25,39,98,188,0,3,52,6,61,26,28,91,104,249,38,86,124,373
12/17/2019,TLH,FL,ASO,ES,Combined TRACON& Tower with Radar,32,22,42,19,115,0,0,0,0,0,32,22,42,19,115,0,0,0,115
12/18/2019,TLH,FL,ASO,ES,Combined TRACON& Tower with Radar,31,34,55,33,153,0,4,58,12,74,31,38,113,45,227,70,10,80,307
12/19/2019,TLH,FL,ASO,ES,Combined TRACON& Tower with Radar,31,37,45,13,126,0,11,42,2,55,31,48,87,15,181,32,10,42,223
12/20/2019,TLH,FL,ASO,ES,Combined TRACON& Tower with Radar,31,27,31,14,103,0,3,49,1,53,31,30,80,15,156,48,2,50,206
12/21/2019,TLH,FL,ASO,ES,Combined TRACON& Tower with Radar,23,24,21,0,68,0,6,7,0,13,23,30,28,0,81,10,0,10,91
12/22/2019,TLH,FL,ASO,ES,Combined TRACON& Tower with Radar,26,22,4,0,52,0,0,0,0,0,26,22,4,0,52,0,0,0,52
12/23/2019,TLH,FL,ASO,ES,Combined TRACON& Tower with Radar,26,37,40,5,108,0,0,3,1,4,26,37,43,6,112,30,0,30,142
12/24/2019,TLH,FL,ASO,ES,Combined TRACON& Tower with Radar,19,20,32,0,71,0,0,6,0,6,19,20,38,0,77,0,0,0,77
12/25/2019,TLH,FL,ASO,ES,Combined TRACON& Tower with Radar,17,13,11,0,41,0,1,23,2,26,17,14,34,2,67,24,0,24,91
12/26/2019,TLH,FL,ASO,ES,Combined TRACON& Tower with Radar,28,32,45,6,111,0,4,46,0,50,28,36,91,6,161,16,4,20,181
12/27/2019,TLH,FL,ASO,ES,Combined TRACON& Tower with Radar,24,34,18,11,87,0,4,26,2,32,24,38,44,13,119,12,12,24,143
12/28/2019,TLH,FL,ASO,ES,Combined TRACON& Tower with Radar,20,21,53,2,96,0,0,6,0,6,20,21,59,2,102,0,0,0,102
12/29/2019,TLH,FL,ASO,ES,Combined TRACON& Tower with Radar,24,24,20,0,68,0,0,0,0,0,24,24,20,0,68,0,0,0,68
12/30/2019,TLH,FL,ASO,ES,Combined TRACON& Tower with Radar,26,33,33,0,92,0,0,37,0,37,26,33,70,0,129,18,0,18,147
12/31/2019,TLH,FL,ASO,ES,Combined TRACON& Tower with Radar,21,22,15,0,58,0,0,42,0,42,21,22,57,0,100,42,0,42,142
01/01/2020,TLH,FL,ASO,ES,Combined TRACON& Tower with Radar,19,10,21,0,50,0,5,42,0,47,19,15,63,0,97,44,0,44,141
01/02/2020,TLH,FL,ASO,ES,Combined TRACON& Tower with Radar,25,31,18,2,76,0,7,30,1,38,25,38,48,3,114,28,0,28,142
01/03/2020,TLH,FL,ASO,ES,Combined TRACON& Tower with Radar,26,29,23,12,90,0,0,1,4,5,26,29,24,16,95,0,0,0,95
01/04/2020,TLH,FL,ASO,ES,Combined TRACON& Tower with Radar,27,21,26,9,83,0,6,17,3,26,27,27,43,12,109,0,0,0,109
01/05/2020,TLH,FL,ASO,ES,Combined TRACON& Tower with Radar,25,20,31,9,85,0,10,53,7,70,25,30,84,16,155,60,0,60,215
01/06/2020,TLH,FL,ASO,ES,Combined TRACON& Tower with Radar,34,24,41,13,112,0,15,46,1,62,34,39,87,14,174,24,10,34,208
01/07/2020,TLH,FL,ASO,ES,Combined TRACON& Tower with Radar,27,17,39,36,119,0,9,44,5,58,27,26,83,41,177,14,22,36,213
01/08/2020,TLH,FL,ASO,ES,Combined TRACON& Tower with Radar,32,18,48,23,121,0,9,46,2,57,32,27,94,25,178,80,4,84,262
01/09/2020,TLH,FL,ASO,ES,Combined TRACON& Tower with Radar,29,28,45,29,131,0,10,44,3,57,29,38,89,32,188,22,48,70,258
01/10/2020,TLH,FL,ASO,ES,Combined TRACON& Tower with Radar,27,30,53,69,179,0,8,46,20,74,27,38,99,89,253,30,8,38,291
01/11/2020,TLH,FL,ASO,ES,Combined TRACON& Tower with Radar,21,11,4,6,42,0,0,2,0,2,21,11,6,6,44,2,0,2,46
01/12/2020,TLH,FL,ASO,ES,Combined TRACON& Tower with Radar,27,23,24,4,78,0,0,0,0,0,27,23,24,4,78,0,0,0,78
01/13/2020,TLH,FL,ASO,ES,Combined TRACON& Tower with Radar,35,20,47,24,126,0,0,10,2,12,35,20,57,26,138,36,4,40,178
01/14/2020,TLH,FL,ASO,ES,Combined TRACON& Tower with Radar,32,29,54,62,177,0,3,32,6,41,32,32,86,68,218,44,50,94,312
01/15/2020,TLH,FL,ASO,ES,Combined TRACON& Tower with Radar,39,30,55,35,159,0,0,11,1,12,39,30,66,36,171,66,12,78,249
01/16/2020,TLH,FL,ASO,ES,Combined TRACON& Tower with Radar,33,31,69,30,163,0,2,10,0,12,33,33,79,30,175,30,8,38,213
01/17/2020,TLH,FL,ASO,ES,Combined TRACON& Tower with Radar,31,34,46,62,173,0,9,72,18,99,31,43,118,80,272,50,14,64,336
01/18/2020,TLH,FL,ASO,ES,Combined TRACON& Tower with Radar,19,9,25,10,63,0,5,46,1,52,19,14,71,11,115,0,0,0,115
01/19/2020,TLH,FL,ASO,ES,Combined TRACON& Tower with Radar,21,22,23,6,72,0,0,10,10,20,21,22,33,16,92,26,0,26,118
01/20/2020,TLH,FL,ASO,ES,Combined TRACON& Tower with Radar,27,28,51,4,110,0,8,49,3,60,27,36,100,7,170,64,0,64,234
01/21/2020,TLH,FL,ASO,ES,Combined TRACON& Tower with Radar,28,32,46,31,137,0,2,58,1,61,28,34,104,32,198,10,0,10,208
01/22/2020,TLH,FL,ASO,ES,Combined TRACON& Tower with Radar,29,27,56,48,160,0,7,66,2,75,29,34,122,50,235,38,44,82,317
01/23/2020,TLH,FL,ASO,ES,Combined TRACON& Tower with Radar,29,37,58,70,194,0,0,42,0,42,29,37,100,70,236,84,62,146,382
01/24/2020,TLH,FL,ASO,ES,Combined TRACON& Tower with Radar,30,28,40,33,131,0,3,10,20,33,30,31,50,53,164,10,0,10,174
01/25/2020,TLH,FL,ASO,ES,Combined TRACON& Tower with Radar,21,14,34,4,73,0,10,48,3,61,21,24,82,7,134,16,12,28,162
01/26/2020,TLH,FL,ASO,ES,Combined TRACON& Tower with Radar,28,20,36,34,118,0,6,38,28,72,28,26,74,62,190,76,20,96,286
01/27/2020,TLH,FL,ASO,ES,Combined TRACON& Tower with Radar,29,19,64,44,156,0,0,37,5,42,29,19,101,49,198,64,64,128,326
01/28/2020,TLH,FL,ASO,ES,Combined TRACON& Tower with Radar,27,31,62,47,167,0,3,63,4,70,27,34,125,51,237,52,72,124,361
01/29/2020,TLH,FL,ASO,ES,Combined TRACON& Tower with Radar,34,40,69,44,187,0,4,13,1,18,34,44,82,45,205,2,8,10,215
01/30/2020,TLH,FL,ASO,ES,Combined TRACON& Tower with Radar,29,39,70,31,169,0,4,45,2,51,29,43,115,33,220,16,0,16,236
01/31/2020,TLH,FL,ASO,ES,Combined TRACON& Tower with Radar,32,26,56,14,128,0,0,0,0,0,32,26,56,14,128,0,0,0,128
02/01/2020,TLH,FL,ASO,ES,Combined TRACON& Tower with Radar,23,13,30,2,68,0,0,6,0,6,23,13,36,2,74,0,0,0,74
02/02/2020,TLH,FL,ASO,ES,Combined TRACON& Tower with Radar,28,27,40,4,99,0,10,44,6,60,28,37,84,10,159,44,0,44,203
02/03/2020,TLH,FL,ASO,ES,Combined TRACON& Tower with Radar,30,41,73,53,197,0,10,71,6,87,30,51,144,59,284,48,28,76,360
02/04/2020,TLH,FL,ASO,ES,Combined TRACON& Tower with Radar,27,37,68,86,218,0,4,24,4,32,27,41,92,90,250,50,22,72,322
02/05/2020,TLH,FL,ASO,ES,Combined TRACON& Tower with Radar,37,30,47,22,136,0,2,3,1,6,37,32,50,23,142,2,0,2,144
02/06/2020,TLH,FL,ASO,ES,Combined TRACON& Tower with Radar,33,23,18,2,76,0,0,0,0,0,33,23,18,2,76,0,0,0,76
02/07/2020,TLH,FL,ASO,ES,Combined TRACON& Tower with Radar,31,34,34,85,184,0,8,53,8,69,31,42,87,93,253,30,8,38,291
02/08/2020,TLH,FL,ASO,ES,Combined TRACON& Tower with Radar,18,12,47,39,116,0,5,53,6,64,18,17,100,45,180,40,2,42,222
02/09/2020,TLH,FL,ASO,ES,Combined TRACON& Tower with Radar,28,19,43,22,112,0,22,56,15,93,28,41,99,37,205,26,0,26,231
02/10/2020,TLH,FL,ASO,ES,Combined TRACON& Tower with Radar,30,24,47,46,147,0,0,46,2,48,30,24,93,48,195,12,10,22,217
02/11/2020,TLH,FL,ASO,ES,Combined TRACON& Tower with Radar,31,22,73,40,166,0,0,13,1,14,31,22,86,41,180,12,14,26,206
02/12/2020,TLH,FL,ASO,ES,Combined TRACON& Tower with Radar,29,26,51,14,120,0,2,3,1,6,29,28,54,15,126,14,0,14,140
02/13/2020,TLH,FL,ASO,ES,Combined TRACON& Tower with Radar,31,31,48,3,113,0,0,3,0,3,31,31,51,3,116,0,0,0,116
02/14/2020,TLH,FL,ASO,ES,Combined TRACON& Tower with Radar,30,21,46,29,126,0,3,29,0,32,30,24,75,29,158,38,6,44,202
02/15/2020,TLH,FL,ASO,ES,Combined TRACON& Tower with Radar,20,9,27,3,59,0,4,64,13,81,20,13,91,16,140,56,16,72,212
02/16/2020,TLH,FL,ASO,ES,Combined TRACON& Tower with Radar,21,20,42,1,84,0,0,1,0,1,21,20,43,1,85,0,0,0,85
02/17/2020,TLH,FL,ASO,ES,Combined TRACON& Tower with Radar,29,25,40,2,96,0,0,0,0,0,29,25,40,2,96,0,0,0,96
02/18/2020,TLH,FL,ASO,ES,Combined TRACON& Tower with Radar,30,25,53,23,131,0,2,12,7,21,30,27,65,30,152,14,32,46,198
02/19/2020,TLH,FL,ASO,ES,Combined TRACON& Tower with Radar,27,30,67,104,228,0,3,34,6,43,27,33,101,110,271,104,78,182,453
02/20/2020,TLH,FL,ASO,ES,Combined TRACON& Tower with Radar,29,26,42,19,116,0,0,0,0,0,29,26,42,19,116,0,0,0,116
02/21/2020,TLH,FL,ASO,ES,Combined TRACON& Tower with Radar,31,27,41,19,118,0,4,32,10,46,31,31,73,29,164,4,0,4,168
02/22/2020,TLH,FL,ASO,ES,Combined TRACON& Tower with Radar,23,23,37,17,100,0,4,49,3,56,23,27,86,20,156,46,16,62,218
02/23/2020,TLH,FL,ASO,ES,Combined TRACON& Tower with Radar,28,21,31,16,96,0,19,61,8,88,28,40,92,24,184,20,0,20,204
02/24/2020,TLH,FL,ASO,ES,Combined TRACON& Tower with Radar,31,19,49,46,145,0,2,36,1,39,31,21,85,47,184,54,32,86,270
02/25/2020,TLH,FL,ASO,ES,Combined TRACON& Tower with Radar,29,30,28,12,99,0,0,2,3,5,29,30,30,15,104,0,0,0,104
02/26/2020,TLH,FL,ASO,ES,Combined TRACON& Tower with Radar,27,24,25,15,91,0,0,9,0,9,27,24,34,15,100,0,22,22,122
02/27/2020,TLH,FL,ASO,ES,Combined TRACON& Tower with Radar,31,34,72,22,159,0,11,56,7,74,31,45,128,29,233,40,46,86,319
02/28/2020,TLH,FL,ASO,ES,Combined TRACON& Tower with Radar,30,27,54,59,170,0,8,57,12,77,30,35,111,71,247,26,30,56,303
02/29/2020,TLH,FL,ASO,ES,Combined TRACON& Tower with Radar,24,10,26,13,73,0,10,55,5,70,24,20,81,18,143,10,30,40,183
03/01/2020,TLH,FL,ASO,ES,Combined TRACON& Tower with Radar,28,22,52,21,123,0,12,50,9,71,28,34,102,30,194,20,18,38,232
03/02/2020,TLH,FL,ASO,ES,Combined TRACON& Tower with Radar,30,23,55,65,173,0,0,30,5,35,30,23,85,70,208,62,18,80,288
03/03/2020,TLH,FL,ASO,ES,Combined TRACON& Tower with Radar,28,16,44,36,124,0,2,13,3,18,28,18,57,39,142,16,0,16,158
03/04/2020,TLH,FL,ASO,ES,Combined TRACON& Tower with Radar,29,20,31,12,92,0,6,2,1,9,29,26,33,13,101,0,22,22,123
03/05/2020,TLH,FL,ASO,ES,Combined TRACON& Tower with Radar,31,25,31,14,101,0,0,1,0,1,31,25,32,14,102,0,0,0,102
03/06/2020,TLH,FL,ASO,ES,Combined TRACON& Tower with Radar,31,26,59,54,170,0,9,55,6,70,31,35,114,60,240,12,25,37,277
03/07/2020,TLH,FL,ASO,ES,Combined TRACON& Tower with Radar,21,14,40,10,85,0,4,62,3,69,21,18,102,13,154,42,8,50,204
03/08/2020,TLH,FL,ASO,ES,Combined TRACON& Tower with Radar,31,13,44,13,101,0,6,47,12,65,31,19,91,25,166,6,0,6,172
03/09/2020,TLH,FL,ASO,ES,Combined TRACON& Tower with Radar,28,23,45,32,128,0,6,39,7,52,28,29,84,39,180,48,6,54,234
03/10/2020,TLH,FL,ASO,ES,Combined TRACON& Tower with Radar,31,27,50,70,178,0,3,48,2,53,31,30,98,72,231,22,73,95,326
03/11/2020,TLH,FL,ASO,ES,Combined TRACON& Tower with Radar,26,24,48,54,152,0,6,24,2,32,26,30,72,56,184,2,18,20,204
03/12/2020,TLH,FL,ASO,ES,Combined TRACON& Tower with Radar,28,23,41,45,137,0,1,38,1,40,28,24,79,46,177,22,0,22,199
03/13/2020,TLH,FL,ASO,ES,Combined TRACON& Tower with Radar,30,27,30,62,149,0,2,35,12,49,30,29,65,74,198,30,26,56,254
03/14/2020,TLH,FL,ASO,ES,Combined TRACON& Tower with Radar,21,15,32,7,75,0,4,36,3,43,21,19,68,10,118,44,0,44,162
03/15/2020,TLH,FL,ASO,ES,Combined TRACON& Tower with Radar,27,21,30,55,133,0,1,30,14,45,27,22,60,69,178,18,0,18,196
03/16/2020,TLH,FL,ASO,ES,Combined TRACON& Tower with Radar,29,31,24,67,151,0,2,32,2,36,29,33,56,69,187,6,44,50,237
03/17/2020,TLH,FL,ASO,ES,Combined TRACON& Tower with Radar,26,23,21,22,92,0,0,19,0,19,26,23,40,22,111,18,26,44,155
03/18/2020,TLH,FL,ASO,ES,Combined TRACON& Tower with Radar,28,22,27,40,117,0,2,31,3,36,28,24,58,43,153,12,98,110,263
03/19/2020,TLH,FL,ASO,ES,Combined TRACON& Tower with Radar,24,23,27,21,95,0,7,40,6,53,24,30,67,27,148,10,46,56,204
03/20/2020,TLH,FL,ASO,ES,Combined TRACON& Tower with Radar,26,22,19,37,104,0,3,36,5,44,26,25,55,42,148,24,44,68,216
03/21/2020,TLH,FL,ASO,ES,Combined TRACON& Tower with Radar,21,14,26,7,68,0,0,23,0,23,21,14,49,7,91,24,0,24,115
03/22/2020,TLH,FL,ASO,ES,Combined TRACON& Tower with Radar,25,20,23,14,82,0,0,13,2,15,25,20,36,16,97,0,0,0,97
03/23/2020,TLH,FL,ASO,ES,Combined TRACON& Tower with Radar,24,19,11,9,63,0,0,11,0,11,24,19,22,9,74,16,0,16,90
03/24/2020,TLH,FL,ASO,ES,Combined TRACON& Tower with Radar,20,16,25,19,80,0,9,12,7,28,20,25,37,26,108,0,8,8,116
03/25/2020,TLH,FL,ASO,ES,Combined TRACON& Tower with Radar,16,18,28,34,96,0,5,27,4,36,16,23,55,38,132,8,6,14,146
03/26/2020,TLH,FL,ASO,ES,Combined TRACON& Tower with Radar,17,35,25,34,111,0,11,21,0,32,17,46,46,34,143,5,53,58,201
03/27/2020,TLH,FL,ASO,ES,Combined TRACON& Tower with Radar,23,22,27,14,86,0,7,35,1,43,23,29,62,15,129,0,0,0,129
03/28/2020,TLH,FL,ASO,ES,Combined TRACON& Tower with Radar,13,6,13,16,48,0,0,31,3,34,13,6,44,19,82,0,0,0,82
03/29/2020,TLH,FL,ASO,ES,Combined TRACON& Tower with Radar,13,12,39,2,66,0,4,14,0,18,13,16,53,2,84,14,0,14,98
03/30/2020,TLH,FL,ASO,ES,Combined TRACON& Tower with Radar,17,11,13,21,62,0,4,30,2,36,17,15,43,23,98,50,14,64,162
03/31/2020,TLH,FL,ASO,ES,Combined TRACON& Tower with Radar,16,14,4,13,47,0,2,4,1,7,16,16,8,14,54,0,28,28,82
04/01/2020,TLH,FL,ASO,ES,Combined TRACON& Tower with Radar,13,15,26,18,72,0,4,43,2,49,13,19,69,20,121,72,6,78,199
04/02/2020,TLH,FL,ASO,ES,Combined TRACON& Tower with Radar,15,13,20,5,53,0,2,38,0,40,15,15,58,5,93,32,0,32,125
04/03/2020,TLH,FL,ASO,ES,Combined TRACON& Tower with Radar,15,16,15,6,52,0,6,23,0,29,15,22,38,6,81,22,0,22,103
04/04/2020,TLH,FL,ASO,ES,Combined TRACON& Tower with Radar,11,5,11,2,29,0,6,30,0,36,11,11,41,2,65,26,0,26,91
04/05/2020,TLH,FL,ASO,ES,Combined TRACON& Tower with Radar,13,5,22,0,40,0,0,15,0,15,13,5,37,0,55,0,0,0,55
04/06/2020,TLH,FL,ASO,ES,Combined TRACON& Tower with Radar,13,7,23,12,55,0,1,30,1,32,13,8,53,13,87,42,16,58,145
04/07/2020,TLH,FL,ASO,ES,Combined TRACON& Tower with Radar,13,11,18,35,77,0,2,26,0,28,13,13,44,35,105,2,22,24,129
04/08/2020,TLH,FL,ASO,ES,Combined TRACON& Tower with Radar,15,9,18,15,57,0,2,14,0,16,15,11,32,15,73,10,8,18,91
04/09/2020,TLH,FL,ASO,ES,Combined TRACON& Tower with Radar,16,9,19,17,61,0,2,23,0,25,16,11,42,17,86,25,31,56,142
04/10/2020,TLH,FL,ASO,ES,Combined TRACON& Tower with Radar,15,2,25,0,42,0,2,19,0,21,15,4,44,0,63,6,0,6,69
04/11/2020,TLH,FL,ASO,ES,Combined TRACON& Tower with Radar,10,2,34,0,46,0,0,28,1,29,10,2,62,1,75,0,0,0,75
04/12/2020,TLH,FL,ASO,ES,Combined TRACON& Tower with Radar,11,2,0,0,13,0,0,4,0,4,11,2,4,0,17,0,0,0,17
04/13/2020,TLH,FL,ASO,ES,Combined TRACON& Tower with Radar,11,4,20,36,71,0,2,13,2,17,11,6,33,38,88,0,0,0,88
04/14/2020,TLH,FL,ASO,ES,Combined TRACON& Tower with Radar,14,7,10,0,31,0,1,6,0,7,14,8,16,0,38,16,0,16,54
04/15/2020,TLH,FL,ASO,ES,Combined TRACON& Tower with Radar,13,6,14,29,62,0,4,5,0,9,13,10,19,29,71,0,8,8,79
04/16/2020,TLH,FL,ASO,ES,Combined TRACON& Tower with Radar,12,12,17,4,45,0,8,35,4,47,12,20,52,8,92,12,6,18,110
04/17/2020,TLH,FL,ASO,ES,Combined TRACON& Tower with Radar,16,6,28,1,51,0,2,37,1,40,16,8,65,2,91,0,0,0,91
04/18/2020,TLH,FL,ASO,ES,Combined TRACON& Tower with Radar,8,4,12,2,26,0,1,2,0,3,8,5,14,2,29,4,0,4,33
04/19/2020,TLH,FL,ASO,ES,Combined TRACON& Tower with Radar,8,3,7,0,18,0,0,8,0,8,8,3,15,0,26,0,0,0,26
04/20/2020,TLH,FL,ASO,ES,Combined TRACON& Tower with Radar,10,4,28,12,54,0,4,13,2,19,10,8,41,14,73,0,2,2,75
04/21/2020,TLH,FL,ASO,ES,Combined TRACON& Tower with Radar,11,11,35,21,78,0,2,33,4,39,11,13,68,25,117,38,16,54,171
04/22/2020,TLH,FL,ASO,ES,Combined TRACON& Tower with Radar,8,11,25,37,81,0,2,24,6,32,8,13,49,43,113,24,16,40,153
04/23/2020,TLH,FL,ASO,ES,Combined TRACON& Tower with Radar,6,1,8,0,15,0,0,5,0,5,6,1,13,0,20,0,0,0,20
04/24/2020,TLH,FL,ASO,ES,Combined TRACON& Tower with Radar,7,5,10,28,50,0,4,11,0,15,7,9,21,28,65,18,0,18,83
04/25/2020,TLH,FL,ASO,ES,Combined TRACON& Tower with Radar,6,1,24,8,39,0,0,16,0,16,6,1,40,8,55,6,8,14,69
04/26/2020,TLH,FL,ASO,ES,Combined TRACON& Tower with Radar,6,6,22,5,39,0,0,14,1,15,6,6,36,6,54,0,0,0,54
04/27/2020,TLH,FL,ASO,ES,Combined TRACON& Tower with Radar,5,15,18,26,64,0,2,40,2,44,5,17,58,28,108,28,0,28,136
04/28/2020,TLH,FL,ASO,ES,Combined TRACON& Tower with Radar,7,9,29,24,69,0,4,35,0,39,7,13,64,24,108,36,20,56,164
04/29/2020,TLH,FL,ASO,ES,Combined TRACON& Tower with Radar,7,5,16,0,28,0,4,4,0,8,7,9,20,0,36,14,0,14,50
04/30/2020,TLH,FL,ASO,ES,Combined TRACON& Tower with Radar,7,14,22,27,70,0,5,26,5,36,7,19,48,32,106,0,4,4,110
05/01/2020,TLH,FL,ASO,ES,Combined TRACON& Tower with Radar,11,6,33,20,70,0,6,42,2,50,11,12,75,22,120,20,2,22,142
05/02/2020,TLH,FL,ASO,ES,Combined TRACON& Tower with Radar,5,8,16,4,33,0,4,26,0,30,5,12,42,4,63,0,6,6,69
05/03/2020,TLH,FL,ASO,ES,Combined TRACON& Tower with Radar,7,5,29,14,55,0,0,25,2,27,7,5,54,16,82,18,0,18,100
05/04/2020,TLH,FL,ASO,ES,Combined TRACON& Tower with Radar,6,5,8,5,24,0,2,22,4,28,6,7,30,9,52,0,12,12,64
05/05/2020,TLH,FL,ASO,ES,Combined TRACON& Tower with Radar,5,9,31,45,90,0,2,16,0,18,5,11,47,45,108,6,0,6,114
05/06/2020,TLH,FL,ASO,ES,Combined TRACON& Tower with Radar,11,6,17,34,68,0,0,19,2,21,11,6,36,36,89,6,22,28,117
05/07/2020,TLH,FL,ASO,ES,Combined TRACON& Tower with Radar,8,12,34,25,79,0,4,42,4,50,8,16,76,29,129,4,4,8,137
05/08/2020,TLH,FL,ASO,ES,Combined TRACON& Tower with Radar,9,8,21,25,63,0,2,23,1,26,9,10,44,26,89,0,0,0,89
05/09/2020,TLH,FL,ASO,ES,Combined TRACON& Tower with Radar,10,1,29,10,50,0,1,35,5,41,10,2,64,15,91,18,0,18,109
05/10/2020,TLH,FL,ASO,ES,Combined TRACON& Tower with Radar,7,0,13,0,20,0,0,24,0,24,7,0,37,0,44,0,0,0,44
05/11/2020,TLH,FL,ASO,ES,Combined TRACON& Tower with Radar,8,7,30,36,81,0,6,34,12,52,8,13,64,48,133,10,12,22,155
05/12/2020,TLH,FL,ASO,ES,Combined TRACON& Tower with Radar,9,3,16,50,78,0,7,54,2,63,9,10,70,52,141,38,12,50,191
05/13/2020,TLH,FL,ASO,ES,Combined TRACON& Tower with Radar,9,21,36,29,95,0,8,41,10,59,9,29,77,39,154,40,28,68,222
05/14/2020,TLH,FL,ASO,ES,Combined TRACON& Tower with Radar,10,16,33,36,95,0,6,40,10,56,10,22,73,46,151,72,8,80,231
05/15/2020,TLH,FL,ASO,ES,Combined TRACON& Tower with Radar,8,12,20,36,76,0,5,50,22,77,8,17,70,58,153,78,34,112,265
05/16/2020,TLH,FL,ASO,ES,Combined TRACON& Tower with Radar,9,11,21,4,45,0,3,22,4,29,9,14,43,8,74,2,0,2,76
05/17/2020,TLH,FL,ASO,ES,Combined TRACON& Tower with Radar,7,7,28,4,46,0,0,17,4,21,7,7,45,8,67,26,10,36,103
05/18/2020,TLH,FL,ASO,ES,Combined TRACON& Tower with Radar,9,7,11,7,34,0,2,5,0,7,9,9,16,7,41,18,0,18,59
05/19/2020,TLH,FL,ASO,ES,Combined TRACON& Tower with Radar,8,6,31,62,107,0,2,45,0,47,8,8,76,62,154,56,36,92,246
05/20/2020,TLH,FL,ASO,ES,Combined TRACON& Tower with Radar,7,2,20,0,29,0,0,6,0,6,7,2,26,0,35,0,0,0,35
05/21/2020,TLH,FL,ASO,ES,Combined TRACON& Tower with Radar,9,11,33,35,88,0,4,12,1,17,9,15,45,36,105,40,38,78,183
05/22/2020,TLH,FL,ASO,ES,Combined TRACON& Tower with Radar,10,7,42,0,59,0,0,40,0,40,10,7,82,0,99,30,0,30,129
05/23/2020,TLH,FL,ASO,ES,Combined TRACON& Tower with Radar,9,2,20,0,31,0,1,29,1,31,9,3,49,1,62,22,0,22,84
05/24/2020,TLH,FL,ASO,ES,Combined TRACON& Tower with Radar,9,2,24,0,35,0,8,22,0,30,9,10,46,0,65,16,0,16,81
05/25/2020,TLH,FL,ASO,ES,Combined TRACON& Tower with Radar,9,10,11,0,30,0,1,8,0,9,9,11,19,0,39,44,0,44,83
05/26/2020,TLH,FL,ASO,ES,Combined TRACON& Tower with Radar,9,5,25,9,48,0,0,5,1,6,9,5,30,10,54,36,0,36,90
05/27/2020,TLH,FL,ASO,ES,Combined TRACON& Tower with Radar,14,6,22,23,65,0,2,12,0,14,14,8,34,23,79,0,0,0,79
05/28/2020,TLH,FL,ASO,ES,Combined TRACON& Tower with Radar,10,3,16,8,37,0,0,25,0,25,10,3,41,8,62,22,6,28,90
05/29/2020,TLH,FL,ASO,ES,Combined TRACON& Tower with Radar,12,4,25,5,46,0,3,8,1,12,12,7,33,6,58,24,0,24,82
05/30/2020,TLH,FL,ASO,ES,Combined TRACON& Tower with Radar,9,10,17,6,42,0,2,26,4,32,9,12,43,10,74,12,0,12,86
05/31/2020,TLH,FL,ASO,ES,Combined TRACON& Tower with Radar,9,11,22,4,46,0,3,38,1,42,9,14,60,5,88,20,0,20,108
06/01/2020,TLH,FL,ASO,ES,Combined TRACON& Tower with Radar,10,12,17,28,67,0,5,32,4,41,10,17,49,32,108,55,16,71,179
06/02/2020,TLH,FL,ASO,ES,Combined TRACON& Tower with Radar,10,8,29,6,53,0,0,48,1,49,10,8,77,7,102,20,10,30,132
06/03/2020,TLH,FL,ASO,ES,Combined TRACON& Tower with Radar,11,6,30,8,55,0,0,23,2,25,11,6,53,10,80,16,16,32,112
06/04/2020,TLH,FL,ASO,ES,Combined TRACON& Tower with Radar,10,10,22,29,71,0,0,29,8,37,10,10,51,37,108,24,0,24,132
06/05/2020,TLH,FL,ASO,ES,Combined TRACON& Tower with Radar,10,5,14,33,62,0,0,21,6,27,10,5,35,39,89,20,12,32,121
06/06/2020,TLH,FL,ASO,ES,Combined TRACON& Tower with Radar,10,7,6,0,23,0,0,0,0,0,10,7,6,0,23,0,0,0,23
06/07/2020,TLH,FL,ASO,ES,Combined TRACON& Tower with Radar,9,7,7,0,23,0,0,1,0,1,9,7,8,0,24,0,0,0,24
06/08/2020,TLH,FL,ASO,ES,Combined TRACON& Tower with Radar,9,11,20,37,77,0,2,6,1,9,9,13,26,38,86,0,0,0,86
06/09/2020,TLH,FL,ASO,ES,Combined TRACON& Tower with Radar,10,9,8,0,27,0,0,3,0,3,10,9,11,0,30,0,0,0,30
06/10/2020,TLH,FL,ASO,ES,Combined TRACON& Tower with Radar,10,6,27,22,65,0,2,31,2,35,10,8,58,24,100,20,4,24,124
06/11/2020,TLH,FL,ASO,ES,Combined TRACON& Tower with Radar,10,11,36,10,67,0,0,13,0,13,10,11,49,10,80,0,0,0,80
06/12/2020,TLH,FL,ASO,ES,Combined TRACON& Tower with Radar,9,5,29,17,60,0,0,32,0,32,9,5,61,17,92,66,12,78,170
06/13/2020,TLH,FL,ASO,ES,Combined TRACON& Tower with Radar,9,7,12,0,28,0,1,21,1,23,9,8,33,1,51,18,0,18,69
06/14/2020,TLH,FL,ASO,ES,Combined TRACON& Tower with Radar,9,14,32,8,63,0,2,33,9,44,9,16,65,17,107,0,0,0,107
06/15/2020,TLH,FL,ASO,ES,Combined TRACON& Tower with Radar,9,13,23,30,75,0,0,56,1,57,9,13,79,31,132,34,0,34,166
06/16/2020,TLH,FL,ASO,ES,Combined TRACON& Tower with Radar,10,14,39,42,105,0,6,42,4,52,10,20,81,46,157,54,32,86,243
06/17/2020,TLH,FL,ASO,ES,Combined TRACON& Tower with Radar,9,7,29,31,76,0,10,41,3,54,9,17,70,34,130,64,12,76,206
06/18/2020,TLH,FL,ASO,ES,Combined TRACON& Tower with Radar,10,15,31,46,102,0,4,32,11,47,10,19,63,57,149,56,28,84,233
06/19/2020,TLH,FL,ASO,ES,Combined TRACON& Tower with Radar,9,12,34,11,66,0,1,45,4,50,9,13,79,15,116,22,0,22,138
06/20/2020,TLH,FL,ASO,ES,Combined TRACON& Tower with Radar,9,6,28,15,58,0,5,40,9,54,9,11,68,24,112,16,0,16,128
06/21/2020,TLH,FL,ASO,ES,Combined TRACON& Tower with Radar,9,4,25,21,59,0,4,32,4,40,9,8,57,25,99,4,6,10,109
06/22/2020,TLH,FL,ASO,ES,Combined TRACON& Tower with Radar,9,9,24,14,56,0,4,49,2,55,9,13,73,16,111,12,0,12,123
06/23/2020,TLH,FL,ASO,ES,Combined TRACON& Tower with Radar,9,8,26,10,53,0,0,22,0,22,9,8,48,10,75,18,4,22,97
06/24/2020,TLH,FL,ASO,ES,Combined TRACON& Tower with Radar,9,10,22,8,49,0,0,24,0,24,9,10,46,8,73,14,0,14,87
06/25/2020,TLH,FL,ASO,ES,Combined TRACON& Tower with Radar,10,16,45,12,83,0,2,31,0,33,10,18,76,12,116,8,0,8,124
06/26/2020,TLH,FL,ASO,ES,Combined TRACON& Tower with Radar,11,12,27,32,82,0,1,22,2,25,11,13,49,34,107,38,0,38,145
06/27/2020,TLH,FL,ASO,ES,Combined TRACON& Tower with Radar,9,7,16,0,32,0,0,28,0,28,9,7,44,0,60,20,0,20,80
06/28/2020,TLH,FL,ASO,ES,Combined TRACON& Tower with Radar,9,3,18,34,64,0,2,18,2,22,9,5,36,36,86,0,0,0,86
06/29/2020,TLH,FL,ASO,ES,Combined TRACON& Tower with Radar,12,10,31,2,55,0,2,28,0,30,12,12,59,2,85,16,0,16,101
06/30/2020,TLH,FL,ASO,ES,Combined TRACON& Tower with Radar,10,5,35,11,61,0,0,24,2,26,10,5,59,13,87,72,0,72,159
07/01/2020,TLH,FL,ASO,ES,Combined TRACON& Tower with Radar,9,8,29,16,62,0,0,21,0,21,9,8,50,16,83,26,40,66,149
07/02/2020,TLH,FL,ASO,ES,Combined TRACON& Tower with Radar,13,10,25,14,62,0,0,22,1,23,13,10,47,15,85,26,20,46,131
07/03/2020,TLH,FL,ASO,ES,Combined TRACON& Tower with Radar,11,5,14,0,30,0,0,11,0,11,11,5,25,0,41,32,0,32,73
07/04/2020,TLH,FL,ASO,ES,Combined TRACON& Tower with Radar,9,3,1,0,13,0,0,9,0,9,9,3,10,0,22,0,0,0,22
07/05/2020,TLH,FL,ASO,ES,Combined TRACON& Tower with Radar,10,6,16,0,32,0,0,3,0,3,10,6,19,0,35,20,0,20,55
07/06/2020,TLH,FL,ASO,ES,Combined TRACON& Tower with Radar,11,10,9,0,30,0,2,10,0,12,11,12,19,0,42,0,0,0,42
07/07/2020,TLH,FL,ASO,ES,Combined TRACON& Tower with Radar,13,6,15,1,35,0,0,3,0,3,13,6,18,1,38,0,0,0,38
07/08/2020,TLH,FL,ASO,ES,Combined TRACON& Tower with Radar,12,10,35,66,123,0,0,14,1,15,12,10,49,67,138,4,12,16,154
07/09/2020,TLH,FL,ASO,ES,Combined TRACON& Tower with Radar,14,13,14,8,49,0,3,38,0,41,14,16,52,8,90,14,0,14,104
07/10/2020,TLH,FL,ASO,ES,Combined TRACON& Tower with Radar,16,12,25,22,75,0,0,37,0,37,16,12,62,22,112,0,0,0,112
07/11/2020,TLH,FL,ASO,ES,Combined TRACON& Tower with Radar,14,9,13,18,54,0,3,29,7,39,14,12,42,25,93,0,0,0,93
07/12/2020,TLH,FL,ASO,ES,Combined TRACON& Tower with Radar,14,6,27,2,49,0,16,34,2,52,14,22,61,4,101,28,0,28,129
07/13/2020,TLH,FL,ASO,ES,Combined TRACON& Tower with Radar,16,12,12,29,69,0,2,30,4,36,16,14,42,33,105,26,10,36,141
07/14/2020,TLH,FL,ASO,ES,Combined TRACON& Tower with Radar,14,11,23,10,58,0,1,21,3,25,14,12,44,13,83,54,0,54,137
07/15/2020,TLH,FL,ASO,ES,Combined TRACON& Tower with Radar,14,11,19,31,75,0,0,23,13,36,14,11,42,44,111,44,18,62,173
07/16/2020,TLH,FL,ASO,ES,Combined TRACON& Tower with Radar,15,8,26,23,72,0,1,45,8,54,15,9,71,31,126,44,6,50,176
07/17/2020,TLH,FL,ASO,ES,Combined TRACON& Tower with Radar,16,11,36,12,75,0,3,37,0,40,16,14,73,12,115,20,8,28,143
07/18/2020,TLH,FL,ASO,ES,Combined TRACON& Tower with Radar,14,9,25,2,50,0,4,31,0,35,14,13,56,2,85,18,0,18,103
07/19/2020,TLH,FL,ASO,ES,Combined TRACON& Tower with Radar,14,6,21,20,61,0,3,14,13,30,14,9,35,33,91,10,5,15,106
07/20/2020,TLH,FL,ASO,ES,Combined TRACON& Tower with Radar,14,14,32,3,63,0,2,30,3,35,14,16,62,6,98,32,0,32,130
07/21/2020,TLH,FL,ASO,ES,Combined TRACON& Tower with Radar,12,11,18,4,45,0,2,25,0,27,12,13,43,4,72,8,0,8,80
07/22/2020,TLH,FL,ASO,ES,Combined TRACON& Tower with Radar,16,11,20,15,62,0,4,29,4,37,16,15,49,19,99,49,0,49,148
07/23/2020,TLH,FL,ASO,ES,Combined TRACON& Tower with Radar,11,11,21,8,51,0,0,12,0,12,11,11,33,8,63,0,0,0,63
07/24/2020,TLH,FL,ASO,ES,Combined TRACON& Tower with Radar,16,11,18,27,72,0,2,22,3,27,16,13,40,30,99,64,12,76,175
07/25/2020,TLH,FL,ASO,ES,Combined TRACON& Tower with Radar,14,4,22,18,58,0,1,20,2,23,14,5,42,20,81,10,0,10,91
07/26/2020,TLH,FL,ASO,ES,Combined TRACON& Tower with Radar,12,0,19,17,48,0,0,14,3,17,12,0,33,20,65,8,0,8,73
07/27/2020,TLH,FL,ASO,ES,Combined TRACON& Tower with Radar,14,9,28,5,56,0,0,31,1,32,14,9,59,6,88,40,0,40,128
07/28/2020,TLH,FL,ASO,ES,Combined TRACON& Tower with Radar,13,6,20,1,40,0,0,20,1,21,13,6,40,2,61,0,0,0,61
07/29/2020,TLH,FL,ASO,ES,Combined TRACON& Tower with Radar,12,5,30,21,68,0,0,33,1,34,12,5,63,22,102,58,0,58,160
07/30/2020,TLH,FL,ASO,ES,Combined TRACON& Tower with Radar,13,11,27,27,78,0,0,29,2,31,13,11,56,29,109,42,54,96,205
07/31/2020,TLH,FL,ASO,ES,Combined TRACON& Tower with Radar,13,10,40,27,90,0,0,17,4,21,13,10,57,31,111,48,52,100,211
08/01/2020,TLH,FL,ASO,ES,Combined TRACON& Tower with Radar,14,4,12,6,36,0,0,26,1,27,14,4,38,7,63,32,0,32,95
08/02/2020,TLH,FL,ASO,ES,Combined TRACON& Tower with Radar,14,2,22,8,46,0,0,23,0,23,14,2,45,8,69,64,2,66,135
08/03/2020,TLH,FL,ASO,ES,Combined TRACON& Tower with Radar,17,11,26,20,74,0,1,31,3,35,17,12,57,23,109,16,6,22,131
08/04/2020,TLH,FL,ASO,ES,Combined TRACON& Tower with Radar,16,7,22,16,61,0,4,36,4,44,16,11,58,20,105,20,12,32,137
08/05/2020,TLH,FL,ASO,ES,Combined TRACON& Tower with Radar,14,7,26,21,68,0,0,51,5,56,14,7,77,26,124,78,32,110,234
08/06/2020,TLH,FL,ASO,ES,Combined TRACON& Tower with Radar,15,10,31,27,83,0,1,29,3,33,15,11,60,30,116,14,4,18,134
08/07/2020,TLH,FL,ASO,ES,Combined TRACON& Tower with Radar,15,10,31,5,61,0,0,41,3,44,15,10,72,8,105,0,0,0,105
08/08/2020,TLH,FL,ASO,ES,Combined TRACON& Tower with Radar,14,9,17,2,42,0,0,38,2,40,14,9,55,4,82,0,0,0,82
08/09/2020,TLH,FL,ASO,ES,Combined TRACON& Tower with Radar,14,9,29,1,53,0,20,26,1,47,14,29,55,2,100,2,0,2,102
08/10/2020,TLH,FL,ASO,ES,Combined TRACON& Tower with Radar,15,10,29,9,63,0,0,22,7,29,15,10,51,16,92,8,0,8,100
08/11/2020,TLH,FL,ASO,ES,Combined TRACON& Tower with Radar,12,12,25,8,57,0,0,25,2,27,12,12,50,10,84,58,22,80,164
08/12/2020,TLH,FL,ASO,ES,Combined TRACON& Tower with Radar,17,10,37,49,113,0,0,54,5,59,17,10,91,54,172,58,46,104,276
08/13/2020,TLH,FL,ASO,ES,Combined TRACON& Tower with Radar,16,6,25,36,83,0,0,21,8,29,16,6,46,44,112,2,50,52,164
08/14/2020,TLH,FL,ASO,ES,Combined TRACON& Tower with Radar,15,9,27,8,59,0,0,34,0,34,15,9,61,8,93,14,0,14,107
08/15/2020,TLH,FL,ASO,ES,Combined TRACON& Tower with Radar,14,3,12,0,29,0,1,28,0,29,14,4,40,0,58,6,0,6,64
08/16/2020,TLH,FL,ASO,ES,Combined TRACON& Tower with Radar,13,5,34,32,84,0,0,37,4,41,13,5,71,36,125,18,0,18,143
08/17/2020,TLH,FL,ASO,ES,Combined TRACON& Tower with Radar,14,12,24,11,61,0,0,31,1,32,14,12,55,12,93,10,16,26,119
08/18/2020,TLH,FL,ASO,ES,Combined TRACON& Tower with Radar,14,7,20,30,71,0,1,27,0,28,14,8,47,30,99,8,16,24,123
08/19/2020,TLH,FL,ASO,ES,Combined TRACON& Tower with Radar,14,10,29,23,76,0,0,32,2,34,14,10,61,25,110,4,22,26,136
08/20/2020,TLH,FL,ASO,ES,Combined TRACON& Tower with Radar,15,10,34,2,61,0,0,21,0,21,15,10,55,2,82,22,0,22,104
08/21/2020,TLH,FL,ASO,ES,Combined TRACON& Tower with Radar,16,6,25,15,62,0,0,18,0,18,16,6,43,15,80,0,0,0,80
08/22/2020,TLH,FL,ASO,ES,Combined TRACON& Tower with Radar,15,2,13,1,31,0,0,12,2,14,15,2,25,3,45,0,0,0,45
08/23/2020,TLH,FL,ASO,ES,Combined TRACON& Tower with Radar,14,8,22,0,44,0,1,9,0,10,14,9,31,0,54,0,0,0,54
08/24/2020,TLH,FL,ASO,ES,Combined TRACON& Tower with Radar,19,11,17,13,60,0,1,4,1,6,19,12,21,14,66,0,0,0,66
08/25/2020,TLH,FL,ASO,ES,Combined TRACON& Tower with Radar,15,10,33,59,117,0,0,27,4,31,15,10,60,63,148,24,0,24,172
08/26/2020,TLH,FL,ASO,ES,Combined TRACON& Tower with Radar,15,6,22,20,63,0,0,30,1,31,15,6,52,21,94,37,0,37,131
08/27/2020,TLH,FL,ASO,ES,Combined TRACON& Tower with Radar,16,8,17,49,90,0,0,22,2,24,16,8,39,51,114,16,34,50,164
08/28/2020,TLH,FL,ASO,ES,Combined TRACON& Tower with Radar,16,10,23,50,99,0,3,39,13,55,16,13,62,63,154,22,28,50,204
08/29/2020,TLH,FL,ASO,ES,Combined TRACON& Tower with Radar,15,2,6,1,24,0,0,2,0,2,15,2,8,1,26,22,0,22,48
08/30/2020,TLH,FL,ASO,ES,Combined TRACON& Tower with Radar,18,6,10,5,39,0,0,6,4,10,18,6,16,9,49,26,0,26,75
08/31/2020,TLH,FL,ASO,ES,Combined TRACON& Tower with Radar,18,8,15,24,65,0,0,15,2,17,18,8,30,26,82,104,56,160,242
09/01/2020,TLH,FL,ASO,ES,Combined TRACON& Tower with Radar,14,8,17,12,51,0,0,11,0,11,14,8,28,12,62,16,0,16,78
09/02/2020,TLH,FL,ASO,ES,Combined TRACON& Tower with Radar,15,11,34,33,93,0,0,40,3,43,15,11,74,36,136,42,38,80,216
09/03/2020,TLH,FL,ASO,ES,Combined TRACON& Tower with Radar,16,8,30,26,80,0,1,45,3,49,16,9,75,29,129,40,18,58,187
09/04/2020,TLH,FL,ASO,ES,Combined TRACON& Tower with Radar,17,8,38,15,78,0,4,50,3,57,17,12,88,18,135,90,40,130,265
09/05/2020,TLH,FL,ASO,ES,Combined TRACON& Tower with Radar,20,5,14,0,39,0,39,51,0,90,20,44,65,0,129,10,0,10,139
09/06/2020,TLH,FL,ASO,ES,Combined TRACON& Tower with Radar,14,6,8,0,28,0,5,21,1,27,14,11,29,1,55,0,0,0,55
09/07/2020,TLH,FL,ASO,ES,Combined TRACON& Tower with Radar,15,5,31,0,51,0,1,33,2,36,15,6,64,2,87,66,0,66,153
09/08/2020,TLH,FL,ASO,ES,Combined TRACON& Tower with Radar,16,10,22,40,88,0,0,22,1,23,16,10,44,41,111,54,12,66,177
09/09/2020,TLH,FL,ASO,ES,Combined TRACON& Tower with Radar,15,7,53,40,115,0,0,38,6,44,15,7,91,46,159,30,6,36,195
09/10/2020,TLH,FL,ASO,ES,Combined TRACON& Tower with Radar,18,9,28,16,71,0,0,11,2,13,18,9,39,18,84,12,4,16,100
09/11/2020,TLH,FL,ASO,ES,Combined TRACON& Tower with Radar,17,9,32,13,71,0,0,8,3,11,17,9,40,16,82,14,0,14,96
09/12/2020,TLH,FL,ASO,ES,Combined TRACON& Tower with Radar,16,5,35,10,66,0,0,11,4,15,16,5,46,14,81,12,10,22,103
09/13/2020,TLH,FL,ASO,ES,Combined TRACON& Tower with Radar,20,12,17,0,49,0,0,2,0,2,20,12,19,0,51,0,0,0,51
09/14/2020,TLH,FL,ASO,ES,Combined TRACON& Tower with Radar,17,5,7,6,35,0,0,4,0,4,17,5,11,6,39,10,0,10,49
09/15/2020,TLH,FL,ASO,ES,Combined TRACON& Tower with Radar,16,7,14,0,37,0,0,0,0,0,16,7,14,0,37,0,0,0,37
09/16/2020,TLH,FL,ASO,ES,Combined TRACON& Tower with Radar,16,2,15,0,33,0,0,0,0,0,16,2,15,0,33,0,0,0,33
09/17/2020,TLH,FL,ASO,ES,Combined TRACON& Tower with Radar,16,7,26,19,68,0,0,3,3,6,16,7,29,22,74,10,0,10,84
09/18/2020,TLH,FL,ASO,ES,Combined TRACON& Tower with Radar,23,21,34,21,99,0,2,56,10,68,23,23,90,31,167,72,6,78,245
09/19/2020,TLH,FL,ASO,ES,Combined TRACON& Tower with Radar,16,5,32,2,55,0,0,19,1,20,16,5,51,3,75,82,0,82,157
09/20/2020,TLH,FL,ASO,ES,Combined TRACON& Tower with Radar,16,6,29,2,53,0,0,14,0,14,16,6,43,2,67,0,0,0,67
09/21/2020,TLH,FL,ASO,ES,Combined TRACON& Tower with Radar,15,9,25,31,80,0,1,31,1,33,15,10,56,32,113,6,0,6,119
09/22/2020,TLH,FL,ASO,ES,Combined TRACON& Tower with Radar,17,5,23,59,104,0,5,44,13,62,17,10,67,72,166,28,18,46,212
09/23/2020,TLH,FL,ASO,ES,Combined TRACON& Tower with Radar,16,10,40,56,122,0,1,48,7,56,16,11,88,63,178,4,14,18,196
09/24/2020,TLH,FL,ASO,ES,Combined TRACON& Tower with Radar,18,18,26,12,74,0,1,14,0,15,18,19,40,12,89,6,0,6,95
09/25/2020,TLH,FL,ASO,ES,Combined TRACON& Tower with Radar,23,7,32,10,72,0,0,24,7,31,23,7,56,17,103,40,0,40,143
09/26/2020,TLH,FL,ASO,ES,Combined TRACON& Tower with Radar,18,0,22,22,62,0,0,46,9,55,18,0,68,31,117,60,0,60,177
09/27/2020,TLH,FL,ASO,ES,Combined TRACON& Tower with Radar,18,2,26,2,48,0,1,3,5,9,18,3,29,7,57,22,0,22,79
09/28/2020,TLH,FL,ASO,ES,Combined TRACON& Tower with Radar,17,8,21,42,88,0,1,8,3,12,17,9,29,45,100,6,22,28,128
09/29/2020,TLH,FL,ASO,ES,Combined TRACON& Tower with Radar,17,8,22,5,52,0,1,1,1,3,17,9,23,6,55,0,0,0,55
09/30/2020,TLH,FL,ASO,ES,Combined TRACON& Tower with Radar,17,13,37,46,113,0,0,74,2,76,17,13,111,48,189,34,8,42,231
10/01/2020,TLH,FL,ASO,ES,Combined TRACON& Tower with Radar,20,11,37,2,70,0,2,81,3,86,20,13,118,5,156,24,10,34,190
10/02/2020,TLH,FL,ASO,ES,Combined TRACON& Tower with Radar,17,15,42,45,119,0,11,52,18,81,17,26,94,63,200,28,0,28,228
10/03/2020,TLH,FL,ASO,ES,Combined TRACON& Tower with Radar,19,2,30,7,58,0,0,44,1,45,19,2,74,8,103,16,0,16,119
10/04/2020,TLH,FL,ASO,ES,Combined TRACON& Tower with Radar,19,18,38,4,79,0,0,30,10,40,19,18,68,14,119,0,0,0,119
10/05/2020,TLH,FL,ASO,ES,Combined TRACON& Tower with Radar,18,6,35,26,85,0,0,48,0,48,18,6,83,26,133,52,22,74,207
10/06/2020,TLH,FL,ASO,ES,Combined TRACON& Tower with Radar,14,5,33,27,79,0,0,41,3,44,14,5,74,30,123,74,6,80,203
10/07/2020,TLH,FL,ASO,ES,Combined TRACON& Tower with Radar,13,7,42,12,74,0,0,13,0,13,13,7,55,12,87,14,0,14,101
10/08/2020,TLH,FL,ASO,ES,Combined TRACON& Tower with Radar,20,16,37,4,77,0,0,27,0,27,20,16,64,4,104,28,0,28,132
10/09/2020,TLH,FL,ASO,ES,Combined TRACON& Tower with Radar,20,6,28,16,70,0,0,36,3,39,20,6,64,19,109,40,24,64,173
10/10/2020,TLH,FL,ASO,ES,Combined TRACON& Tower with Radar,22,2,33,0,57,0,0,9,0,9,22,2,42,0,66,46,0,46,112
10/11/2020,TLH,FL,ASO,ES,Combined TRACON& Tower with Radar,18,6,32,38,94,0,0,36,0,36,18,6,68,38,130,6,0,6,136
10/12/2020,TLH,FL,ASO,ES,Combined TRACON& Tower with Radar,19,18,49,1,87,0,2,27,1,30,19,20,76,2,117,62,0,62,179
10/13/2020,TLH,FL,ASO,ES,Combined TRACON& Tower with Radar,14,6,26,34,80,0,0,38,5,43,14,6,64,39,123,98,33,131,254
10/14/2020,TLH,FL,ASO,ES,Combined TRACON& Tower with Radar,16,7,36,38,97,0,5,43,8,56,16,12,79,46,153,36,28,64,217
10/15/2020,TLH,FL,ASO,ES,Combined TRACON& Tower with Radar,21,12,32,28,93,0,4,31,4,39,21,16,63,32,132,44,12,56,188
10/16/2020,TLH,FL,ASO,ES,Combined TRACON& Tower with Radar,22,18,67,73,180,0,9,34,13,56,22,27,101,86,236,72,78,150,386
10/17/2020,TLH,FL,ASO,ES,Combined TRACON& Tower with Radar,18,5,40,18,81,0,0,61,3,64,18,5,101,21,145,94,30,124,269
10/18/2020,TLH,FL,ASO,ES,Combined TRACON& Tower with Radar,19,10,47,33,109,0,1,41,3,45,19,11,88,36,154,40,12,52,206
10/19/2020,TLH,FL,ASO,ES,Combined TRACON& Tower with Radar,19,10,31,1,61,0,0,27,1,28,19,10,58,2,89,30,0,30,119
10/20/2020,TLH,FL,ASO,ES,Combined TRACON& Tower with Radar,14,7,23,27,71,0,0,29,2,31,14,7,52,29,102,54,0,54,156
10/21/2020,TLH,FL,ASO,ES,Combined TRACON& Tower with Radar,14,16,48,12,90,0,0,16,1,17,14,16,64,13,107,0,0,0,107
10/22/2020,TLH,FL,ASO,ES,Combined TRACON& Tower with Radar,19,7,47,3,76,0,0,25,0,25,19,7,72,3,101,30,0,30,131
10/23/2020,TLH,FL,ASO,ES,Combined TRACON& Tower with Radar,23,20,44,27,114,0,0,35,15,50,23,20,79,42,164,26,20,46,210
10/24/2020,TLH,FL,ASO,ES,Combined TRACON& Tower with Radar,21,4,20,3,48,0,0,12,0,12,21,4,32,3,60,40,0,40,100
10/25/2020,TLH,FL,ASO,ES,Combined TRACON& Tower with Radar,20,7,37,33,97,0,0,28,7,35,20,7,65,40,132,102,10,112,244
10/26/2020,TLH,FL,ASO,ES,Combined TRACON& Tower with Radar,21,10,39,13,83,0,2,49,5,56,21,12,88,18,139,42,0,42,181
10/27/2020,TLH,FL,ASO,ES,Combined TRACON& Tower with Radar,18,14,15,12,59,0,0,8,0,8,18,14,23,12,67,4,0,4,71
10/28/2020,TLH,FL,ASO,ES,Combined TRACON& Tower with Radar,17,6,35,8,66,0,0,22,1,23,17,6,57,9,89,34,0,34,123
10/29/2020,TLH,FL,ASO,ES,Combined TRACON& Tower with Radar,22,7,26,8,63,0,0,7,0,7,22,7,33,8,70,0,10,10,80
10/30/2020,TLH,FL,ASO,ES,Combined TRACON& Tower with Radar,21,6,38,60,125,0,1,68,5,74,21,7,106,65,199,20,18,38,237
10/31/2020,TLH,FL,ASO,ES,Combined TRACON& Tower with Radar,17,4,34,4,59,0,38,43,0,81,17,42,77,4,140,60,0,60,200
11/01/2020,TLH,FL,ASO,ES,Combined TRACON& Tower with Radar,17,11,26,2,56,0,0,30,0,30,17,11,56,2,86,36,0,36,122
11/02/2020,TLH,FL,ASO,ES,Combined TRACON& Tower with Radar,17,15,30,69,131,0,0,26,1,27,17,15,56,70,158,42,0,42,200
11/03/2020,TLH,FL,ASO,ES,Combined TRACON& Tower with Radar,14,8,25,42,89,0,4,40,8,52,14,12,65,50,141,124,44,168,309
11/04/2020,TLH,FL,ASO,ES,Combined TRACON& Tower with Radar,17,16,50,20,103,0,1,61,0,62,17,17,111,20,165,72,18,90,255
11/05/2020,TLH,FL,ASO,ES,Combined TRACON& Tower with Radar,23,18,39,27,107,0,1,44,3,48,23,19,83,30,155,82,46,128,283
11/06/2020,TLH,FL,ASO,ES,Combined TRACON& Tower with Radar,23,12,53,27,115,0,0,44,2,46,23,12,97,29,161,62,14,76,237
11/07/2020,TLH,FL,ASO,ES,Combined TRACON& Tower with Radar,21,7,34,8,70,0,0,16,0,16,21,7,50,8,86,12,0,12,98
11/08/2020,TLH,FL,ASO,ES,Combined TRACON& Tower with Radar,18,14,30,4,66,0,0,10,2,12,18,14,40,6,78,60,8,68,146
11/09/2020,TLH,FL,ASO,ES,Combined TRACON& Tower with Radar,19,16,14,26,75,0,1,16,0,17,19,17,30,26,92,24,0,24,116
11/10/2020,TLH,FL,ASO,ES,Combined TRACON& Tower with Radar,15,12,12,21,60,0,0,7,3,10,15,12,19,24,70,0,0,0,70
11/11/2020,TLH,FL,ASO,ES,Combined TRACON& Tower with Radar,18,6,21,0,45,0,0,14,0,14,18,6,35,0,59,10,0,10,69
11/12/2020,TLH,FL,ASO,ES,Combined TRACON& Tower with Radar,19,17,24,22,82,0,0,4,0,4,19,17,28,22,86,0,0,0,86
11/13/2020,TLH,FL,ASO,ES,Combined TRACON& Tower with Radar,22,12,41,17,92,0,2,33,3,38,22,14,74,20,130,54,0,54,184
11/14/2020,TLH,FL,ASO,ES,Combined TRACON& Tower with Radar,18,7,28,8,61,0,43,43,0,86,18,50,71,8,147,72,0,72,219
11/15/2020,TLH,FL,ASO,ES,Combined TRACON& Tower with Radar,18,12,35,11,76,0,0,29,3,32,18,12,64,14,108,6,8,14,122
11/16/2020,TLH,FL,ASO,ES,Combined TRACON& Tower with Radar,19,14,30,86,149,0,1,50,4,55,19,15,80,90,204,44,36,80,284
11/17/2020,TLH,FL,ASO,ES,Combined TRACON& Tower with Radar,13,13,45,17,88,0,4,53,2,59,13,17,98,19,147,38,0,38,185
11/18/2020,TLH,FL,ASO,ES,Combined TRACON& Tower with Radar,17,14,39,29,99,0,2,39,1,42,17,16,78,30,141,50,22,72,213
11/19/2020,TLH,FL,ASO,ES,Combined TRACON& Tower with Radar,19,21,44,9,93,0,3,53,3,59,19,24,97,12,152,10,2,12,164
11/20/2020,TLH,FL,ASO,ES,Combined TRACON& Tower with Radar,25,26,50,70,171,0,2,56,28,86,25,28,106,98,257,0,0,0,257
11/21/2020,TLH,FL,ASO,ES,Combined TRACON& Tower with Radar,23,18,42,13,96,0,0,48,2,50,23,18,90,15,146,8,0,8,154
11/22/2020,TLH,FL,ASO,ES,Combined TRACON& Tower with Radar,24,18,32,41,115,0,6,33,25,64,24,24,65,66,179,14,16,30,209
11/23/2020,TLH,FL,ASO,ES,Combined TRACON& Tower with Radar,18,14,32,17,81,0,4,42,3,49,18,18,74,20,130,30,12,42,172
11/24/2020,TLH,FL,ASO,ES,Combined TRACON& Tower with Radar,22,16,33,12,83,0,3,56,1,60,22,19,89,13,143,38,18,56,199
11/25/2020,TLH,FL,ASO,ES,Combined TRACON& Tower with Radar,26,12,40,21,99,0,1,37,4,42,26,13,77,25,141,30,40,70,211
11/26/2020,TLH,FL,ASO,ES,Combined TRACON& Tower with Radar,11,4,13,0,28,0,0,11,0,11,11,4,24,0,39,10,0,10,49
11/27/2020,TLH,FL,ASO,ES,Combined TRACON& Tower with Radar,26,11,30,4,71,0,0,6,0,6,26,11,36,4,77,6,0,6,83
11/28/2020,TLH,FL,ASO,ES,Combined TRACON& Tower with Radar,25,8,33,0,66,0,3,19,0,22,25,11,52,0,88,0,0,0,88
11/29/2020,TLH,FL,ASO,ES,Combined TRACON& Tower with Radar,24,14,39,0,77,0,0,0,0,0,24,14,39,0,77,0,0,0,77
11/30/2020,TLH,FL,ASO,ES,Combined TRACON& Tower with Radar,24,16,40,48,128,0,1,25,4,30,24,17,65,52,158,0,10,10,168
12/01/2020,TLH,FL,ASO,ES,Combined TRACON& Tower with Radar,21,15,24,44,104,0,6,49,2,57,21,21,73,46,161,28,18,46,207
12/02/2020,TLH,FL,ASO,ES,Combined TRACON& Tower with Radar,21,13,45,22,101,0,6,54,0,60,21,19,99,22,161,18,18,36,197
12/03/2020,TLH,FL,ASO,ES,Combined TRACON& Tower with Radar,22,25,41,19,107,0,3,45,5,53,22,28,86,24,160,0,0,0,160
12/04/2020,TLH,FL,ASO,ES,Combined TRACON& Tower with Radar,22,19,41,11,93,0,0,18,19,37,22,19,59,30,130,18,16,34,164
12/05/2020,TLH,FL,ASO,ES,Combined TRACON& Tower with Radar,20,10,30,14,74,0,9,45,6,60,20,19,75,20,134,56,0,56,190
12/06/2020,TLH,FL,ASO,ES,Combined TRACON& Tower with Radar,20,13,35,14,82,0,36,40,20,96,20,49,75,34,178,34,0,34,212
12/07/2020,TLH,FL,ASO,ES,Combined TRACON& Tower with Radar,21,15,39,21,96,0,0,26,7,33,21,15,65,28,129,16,10,26,155
12/08/2020,TLH,FL,ASO,ES,Combined TRACON& Tower with Radar,19,16,36,26,97,0,2,51,7,60,19,18,87,33,157,56,34,90,247
12/09/2020,TLH,FL,ASO,ES,Combined TRACON& Tower with Radar,21,12,42,25,100,0,3,74,5,82,21,15,116,30,182,0,14,14,196
12/10/2020,TLH,FL,ASO,ES,Combined TRACON& Tower with Radar,21,26,35,21,103,0,2,47,1,50,21,28,82,22,153,30,6,36,189
12/11/2020,TLH,FL,ASO,ES,Combined TRACON& Tower with Radar,22,14,44,75,155,0,2,39,9,50,22,16,83,84,205,0,20,20,225
12/12/2020,TLH,FL,ASO,ES,Combined TRACON& Tower with Radar,24,3,40,16,83,0,1,35,9,45,24,4,75,25,128,0,0,0,128
12/13/2020,TLH,FL,ASO,ES,Combined TRACON& Tower with Radar,21,12,55,9,97,0,0,9,5,14,21,12,64,14,111,0,0,0,111
12/14/2020,TLH,FL,ASO,ES,Combined TRACON& Tower with Radar,21,14,37,41,113,0,1,20,4,25,21,15,57,45,138,14,40,54,192
12/15/2020,TLH,FL,ASO,ES,Combined TRACON& Tower with Radar,20,13,63,47,143,0,0,44,11,55,20,13,107,58,198,72,34,106,304
12/16/2020,TLH,FL,ASO,ES,Combined TRACON& Tower with Radar,26,10,31,2,69,0,0,0,0,0,26,10,31,2,69,0,0,0,69
12/17/2020,TLH,FL,ASO,ES,Combined TRACON& Tower with Radar,23,19,51,25,118,0,3,18,3,24,23,22,69,28,142,32,62,94,236
12/18/2020,TLH,FL,ASO,ES,Combined TRACON& Tower with Radar,27,15,41,59,142,0,6,64,2,72,27,21,105,61,214,44,58,102,316
12/19/2020,TLH,FL,ASO,ES,Combined TRACON& Tower with Radar,26,6,38,12,82,0,5,38,0,43,26,11,76,12,125,26,0,26,151
12/20/2020,TLH,FL,ASO,ES,Combined TRACON& Tower with Radar,25,7,17,0,49,0,0,0,0,0,25,7,17,0,49,0,0,0,49
12/21/2020,TLH,FL,ASO,ES,Combined TRACON& Tower with Radar,24,15,29,14,82,0,0,23,8,31,24,15,52,22,113,0,0,0,113
12/22/2020,TLH,FL,ASO,ES,Combined TRACON& Tower with Radar,27,16,26,23,92,0,3,65,8,76,27,19,91,31,168,0,6,6,174
12/23/2020,TLH,FL,ASO,ES,Combined TRACON& Tower with Radar,27,12,34,10,83,0,3,36,0,39,27,15,70,10,122,0,0,0,122
12/24/2020,TLH,FL,ASO,ES,Combined TRACON& Tower with Radar,19,9,5,0,33,0,0,0,0,0,19,9,5,0,33,0,0,0,33
12/25/2020,TLH,FL,ASO,ES,Combined TRACON& Tower with Radar,15,3,9,4,31,0,1,9,0,10,15,4,18,4,41,0,0,0,41
12/26/2020,TLH,FL,ASO,ES,Combined TRACON& Tower with Radar,23,6,30,0,59,0,1,19,2,22,23,7,49,2,81,18,0,18,99
12/27/2020,TLH,FL,ASO,ES,Combined TRACON& Tower with Radar,24,4,18,0,46,0,0,23,0,23,24,4,41,0,69,30,0,30,99
12/28/2020,TLH,FL,ASO,ES,Combined TRACON& Tower with Radar,25,14,25,12,76,0,0,33,2,35,25,14,58,14,111,48,20,68,179
12/29/2020,TLH,FL,ASO,ES,Combined TRACON& Tower with Radar,25,10,24,8,67,0,4,42,0,46,25,14,66,8,113,2,4,6,119
12/30/2020,TLH,FL,ASO,ES,Combined TRACON& Tower with Radar,26,13,33,32,104,0,1,47,0,48,26,14,80,32,152,14,30,44,196
12/31/2020,TLH,FL,ASO,ES,Combined TRACON& Tower with Radar,20,15,11,0,46,0,0,4,0,4,20,15,15,0,50,0,0,0,50
01/01/2021,TLH,FL,ASO,ES,Combined TRACON& Tower with Radar,20,5,13,0,38,0,0,0,0,0,20,5,13,0,38,0,0,0,38
01/02/2021,TLH,FL,ASO,ES,Combined TRACON& Tower with Radar,28,5,8,0,41,0,0,0,0,0,28,5,8,0,41,0,0,0,41
01/03/2021,TLH,FL,ASO,ES,Combined TRACON& Tower with Radar,24,10,33,6,73,0,1,24,0,25,24,11,57,6,98,50,0,50,148
01/04/2021,TLH,FL,ASO,ES,Combined TRACON& Tower with Radar,23,11,33,20,87,0,5,50,2,57,23,16,83,22,144,58,10,68,212
01/05/2021,TLH,FL,ASO,ES,Combined TRACON& Tower with Radar,16,18,25,51,110,0,4,39,10,53,16,22,64,61,163,50,2,52,215
01/06/2021,TLH,FL,ASO,ES,Combined TRACON& Tower with Radar,17,22,49,32,120,0,9,49,10,68,17,31,98,42,188,48,24,72,260
01/07/2021,TLH,FL,ASO,ES,Combined TRACON& Tower with Radar,20,12,19,6,57,0,0,7,0,7,20,12,26,6,64,2,8,10,74
01/08/2021,TLH,FL,ASO,ES,Combined TRACON& Tower with Radar,22,23,36,96,177,0,0,17,30,47,22,23,53,126,224,0,0,0,224
01/09/2021,TLH,FL,ASO,ES,Combined TRACON& Tower with Radar,17,6,19,13,55,0,1,35,0,36,17,7,54,13,91,0,0,0,91
01/10/2021,TLH,FL,ASO,ES,Combined TRACON& Tower with Radar,20,8,30,30,88,0,2,29,28,59,20,10,59,58,147,24,0,24,171
01/11/2021,TLH,FL,ASO,ES,Combined TRACON& Tower with Radar,20,11,42,30,103,0,0,12,4,16,20,11,54,34,119,16,34,50,169
01/12/2021,TLH,FL,ASO,ES,Combined TRACON& Tower with Radar,19,17,27,52,115,0,1,9,0,10,19,18,36,52,125,0,0,0,125
01/13/2021,TLH,FL,ASO,ES,Combined TRACON& Tower with Radar,18,25,40,10,93,0,1,19,4,24,18,26,59,14,117,28,0,28,145
01/14/2021,TLH,FL,ASO,ES,Combined TRACON& Tower with Radar,20,14,53,64,151,0,0,65,10,75,20,14,118,74,226,42,28,70,296
01/15/2021,TLH,FL,ASO,ES,Combined TRACON& Tower with Radar,23,13,46,16,98,0,0,24,1,25,23,13,70,17,123,28,0,28,151
01/16/2021,TLH,FL,ASO,ES,Combined TRACON& Tower with Radar,18,13,29,16,76,0,1,75,3,79,18,14,104,19,155,34,14,48,203
01/17/2021,TLH,FL,ASO,ES,Combined TRACON& Tower with Radar,26,13,33,12,84,0,0,43,0,43,26,13,76,12,127,2,4,6,133
01/18/2021,TLH,FL,ASO,ES,Combined TRACON& Tower with Radar,21,15,56,9,101,0,8,74,3,85,21,23,130,12,186,22,0,22,208
01/19/2021,TLH,FL,ASO,ES,Combined TRACON& Tower with Radar,17,11,52,74,154,0,2,62,11,75,17,13,114,85,229,14,32,46,275
01/20/2021,TLH,FL,ASO,ES,Combined TRACON& Tower with Radar,16,9,48,33,106,0,8,62,7,77,16,17,110,40,183,0,0,0,183
01/21/2021,TLH,FL,ASO,ES,Combined TRACON& Tower with Radar,23,12,34,59,128,0,0,47,4,51,23,12,81,63,179,14,14,28,207
01/22/2021,TLH,FL,ASO,ES,Combined TRACON& Tower with Radar,23,8,28,44,103,0,0,3,7,10,23,8,31,51,113,10,0,10,123
01/23/2021,TLH,FL,ASO,ES,Combined TRACON& Tower with Radar,16,8,24,14,62,0,2,42,12,56,16,10,66,26,118,6,0,6,124
01/24/2021,TLH,FL,ASO,ES,Combined TRACON& Tower with Radar,20,8,44,67,139,0,0,5,16,21,20,8,49,83,160,28,0,28,188
01/25/2021,TLH,FL,ASO,ES,Combined TRACON& Tower with Radar,19,16,26,27,88,0,2,15,5,22,19,18,41,32,110,26,0,26,136
01/26/2021,TLH,FL,ASO,ES,Combined TRACON& Tower with Radar,18,13,24,0,55,0,0,0,0,0,18,13,24,0,55,0,0,0,55
01/27/2021,TLH,FL,ASO,ES,Combined TRACON& Tower with Radar,19,5,38,0,62,0,0,3,2,5,19,5,41,2,67,0,0,0,67
01/28/2021,TLH,FL,ASO,ES,Combined TRACON& Tower with Radar,18,17,33,27,95,0,0,49,1,50,18,17,82,28,145,0,0,0,145
01/29/2021,TLH,FL,ASO,ES,Combined TRACON& Tower with Radar,22,14,41,51,128,0,0,76,16,92,22,14,117,67,220,0,0,0,220
01/30/2021,TLH,FL,ASO,ES,Combined TRACON& Tower with Radar,17,7,32,18,74,0,5,64,17,86,17,12,96,35,160,0,0,0,160
01/31/2021,TLH,FL,ASO,ES,Combined TRACON& Tower with Radar,20,10,16,30,76,0,0,4,8,12,20,10,20,38,88,0,0,0,88
02/01/2021,TLH,FL,ASO,ES,Combined TRACON& Tower with Radar,22,14,21,49,106,0,0,23,0,23,22,14,44,49,129,0,0,0,129
02/02/2021,TLH,FL,ASO,ES,Combined TRACON& Tower with Radar,20,13,22,12,67,0,3,33,2,38,20,16,55,14,105,4,0,4,109
02/03/2021,TLH,FL,ASO,ES,Combined TRACON& Tower with Radar,19,24,39,31,113,0,1,49,5,55,19,25,88,36,168,16,10,26,194
02/04/2021,TLH,FL,ASO,ES,Combined TRACON& Tower with Radar,22,21,50,36,129,0,5,60,2,67,22,26,110,38,196,52,12,64,260
02/05/2021,TLH,FL,ASO,ES,Combined TRACON& Tower with Radar,24,11,28,2,65,0,0,11,0,11,24,11,39,2,76,24,0,24,100
02/06/2021,TLH,FL,ASO,ES,Combined TRACON& Tower with Radar,20,12,11,17,60,0,1,5,3,9,20,13,16,20,69,20,8,28,97
02/07/2021,TLH,FL,ASO,ES,Combined TRACON& Tower with Radar,22,11,53,25,111,0,0,5,1,6,22,11,58,26,117,0,0,0,117
02/08/2021,TLH,FL,ASO,ES,Combined TRACON& Tower with Radar,21,19,40,13,93,0,1,32,0,33,21,20,72,13,126,8,10,18,144
02/09/2021,TLH,FL,ASO,ES,Combined TRACON& Tower with Radar,22,9,21,6,58,0,0,0,0,0,22,9,21,6,58,0,0,0,58
02/10/2021,TLH,FL,ASO,ES,Combined TRACON& Tower with Radar,22,8,29,0,59,0,0,0,0,0,22,8,29,0,59,0,0,0,59
02/11/2021,TLH,FL,ASO,ES,Combined TRACON& Tower with Radar,21,19,39,19,98,0,0,9,1,10,21,19,48,20,108,0,0,0,108
02/12/2021,TLH,FL,ASO,ES,Combined TRACON& Tower with Radar,27,15,20,14,76,0,0,17,2,19,27,15,37,16,95,40,0,40,135
02/13/2021,TLH,FL,ASO,ES,Combined TRACON& Tower with Radar,20,9,14,3,46,0,0,0,0,0,20,9,14,3,46,0,0,0,46
02/14/2021,TLH,FL,ASO,ES,Combined TRACON& Tower with Radar,23,11,22,0,56,0,0,0,0,0,23,11,22,0,56,0,0,0,56
02/15/2021,TLH,FL,ASO,ES,Combined TRACON& Tower with Radar,21,14,25,0,60,0,0,0,0,0,21,14,25,0,60,0,0,0,60
02/16/2021,TLH,FL,ASO,ES,Combined TRACON& Tower with Radar,16,12,49,32,109,0,2,46,5,53,16,14,95,37,162,74,46,120,282
02/17/2021,TLH,FL,ASO,ES,Combined TRACON& Tower with Radar,14,17,59,35,125,0,0,42,5,47,14,17,101,40,172,6,0,6,178
02/18/2021,TLH,FL,ASO,ES,Combined TRACON& Tower with Radar,23,8,18,6,55,0,0,0,0,0,23,8,18,6,55,0,0,0,55
02/19/2021,TLH,FL,ASO,ES,Combined TRACON& Tower with Radar,22,21,33,76,152,0,0,10,7,17,22,21,43,83,169,0,0,0,169
02/20/2021,TLH,FL,ASO,ES,Combined TRACON& Tower with Radar,22,16,52,5,95,0,2,59,5,66,22,18,111,10,161,16,0,16,177
02/21/2021,TLH,FL,ASO,ES,Combined TRACON& Tower with Radar,25,16,38,14,93,0,7,40,4,51,25,23,78,18,144,20,0,20,164
02/22/2021,TLH,FL,ASO,ES,Combined TRACON& Tower with Radar,21,10,19,34,84,0,0,11,0,11,21,10,30,34,95,0,0,0,95
02/23/2021,TLH,FL,ASO,ES,Combined TRACON& Tower with Radar,20,15,24,9,68,0,3,62,10,75,20,18,86,19,143,84,0,84,227
02/24/2021,TLH,FL,ASO,ES,Combined TRACON& Tower with Radar,20,19,43,75,157,0,0,78,5,83,20,19,121,80,240,80,30,110,350
02/25/2021,TLH,FL,ASO,ES,Combined TRACON& Tower with Radar,22,17,49,44,132,0,3,40,13,56,22,20,89,57,188,20,36,56,244
02/26/2021,TLH,FL,ASO,ES,Combined TRACON& Tower with Radar,29,17,41,53,140,0,4,32,10,46,29,21,73,63,186,38,0,38,224
02/27/2021,TLH,FL,ASO,ES,Combined TRACON& Tower with Radar,23,15,24,44,106,0,0,37,12,49,23,15,61,56,155,26,14,40,195
02/28/2021,TLH,FL,ASO,ES,Combined TRACON& Tower with Radar,24,16,38,47,125,0,0,24,13,37,24,16,62,60,162,0,0,0,162
03/01/2021,TLH,FL,ASO,ES,Combined TRACON& Tower with Radar,21,19,35,51,126,0,0,14,0,14,21,19,49,51,140,2,26,28,168
03/02/2021,TLH,FL,ASO,ES,Combined TRACON& Tower with Radar,18,13,42,26,99,0,0,0,0,0,18,13,42,26,99,0,0,0,99
03/03/2021,TLH,FL,ASO,ES,Combined TRACON& Tower with Radar,19,17,57,31,124,0,0,7,1,8,19,17,64,32,132,0,8,8,140
03/04/2021,TLH,FL,ASO,ES,Combined TRACON& Tower with Radar,26,22,68,25,141,0,4,79,7,90,26,26,147,32,231,50,8,58,289
03/05/2021,TLH,FL,ASO,ES,Combined TRACON& Tower with Radar,28,13,43,48,132,0,0,65,17,82,28,13,108,65,214,56,17,73,287
03/06/2021,TLH,FL,ASO,ES,Combined TRACON& Tower with Radar,21,17,15,14,67,0,1,50,0,51,21,18,65,14,118,38,0,38,156
03/07/2021,TLH,FL,ASO,ES,Combined TRACON& Tower with Radar,24,15,26,51,116,0,0,45,21,66,24,15,71,72,182,51,10,61,243
03/08/2021,TLH,FL,ASO,ES,Combined TRACON& Tower with Radar,24,18,44,17,103,0,1,68,8,77,24,19,112,25,180,128,0,128,308
03/09/2021,TLH,FL,ASO,ES,Combined TRACON& Tower with Radar,24,19,44,39,126,0,2,59,6,67,24,21,103,45,193,38,0,38,231
03/10/2021,TLH,FL,ASO,ES,Combined TRACON& Tower with Radar,23,15,29,60,127,0,2,50,2,54,23,17,79,62,181,32,0,32,213
03/11/2021,TLH,FL,ASO,ES,Combined TRACON& Tower with Radar,27,30,52,31,140,0,7,57,11,75,27,37,109,42,215,20,37,57,272
03/12/2021,TLH,FL,ASO,ES,Combined TRACON& Tower with Radar,23,18,50,85,176,0,6,46,20,72,23,24,96,105,248,0,0,0,248
03/13/2021,TLH,FL,ASO,ES,Combined TRACON& Tower with Radar,18,16,40,22,96,0,27,45,4,76,18,43,85,26,172,0,0,0,172
03/14/2021,TLH,FL,ASO,ES,Combined TRACON& Tower with Radar,25,24,39,15,103,0,10,60,7,77,25,34,99,22,180,56,26,82,262
03/15/2021,TLH,FL,ASO,ES,Combined TRACON& Tower with Radar,23,19,34,32,108,0,3,35,0,38,23,22,69,32,146,66,36,102,248
03/16/2021,TLH,FL,ASO,ES,Combined TRACON& Tower with Radar,24,19,31,38,112,0,4,18,0,22,24,23,49,38,134,30,32,62,196
03/17/2021,TLH,FL,ASO,ES,Combined TRACON& Tower with Radar,20,19,49,49,137,0,0,17,2,19,20,19,66,51,156,2,38,40,196
03/18/2021,TLH,FL,ASO,ES,Combined TRACON& Tower with Radar,25,22,43,19,109,0,0,16,5,21,25,22,59,24,130,12,6,18,148
03/19/2021,TLH,FL,ASO,ES,Combined TRACON& Tower with Radar,24,19,59,47,149,0,6,72,16,94,24,25,131,63,243,30,0,30,273
03/20/2021,TLH,FL,ASO,ES,Combined TRACON& Tower with Radar,18,13,27,7,65,0,10,31,0,41,18,23,58,7,106,36,0,36,142
03/21/2021,TLH,FL,ASO,ES,Combined TRACON& Tower with Radar,23,15,44,13,95,0,0,18,6,24,23,15,62,19,119,0,0,0,119
03/22/2021,TLH,FL,ASO,ES,Combined TRACON& Tower with Radar,28,23,51,39,141,0,0,32,15,47,28,23,83,54,188,52,14,66,254
03/23/2021,TLH,FL,ASO,ES,Combined TRACON& Tower with Radar,22,18,52,58,150,0,4,43,4,51,22,22,95,62,201,76,38,114,315
03/24/2021,TLH,FL,ASO,ES,Combined TRACON& Tower with Radar,23,18,61,96,198,0,3,31,0,34,23,21,92,96,232,22,22,44,276
03/25/2021,TLH,FL,ASO,ES,Combined TRACON& Tower with Radar,24,30,42,30,126,0,0,19,0,19,24,30,61,30,145,8,14,22,167
03/26/2021,TLH,FL,ASO,ES,Combined TRACON& Tower with Radar,25,16,39,113,193,0,0,41,10,51,25,16,80,123,244,12,40,52,296
03/27/2021,TLH,FL,ASO,ES,Combined TRACON& Tower with Radar,19,8,25,2,54,0,0,35,0,35,19,8,60,2,89,18,0,18,107
03/28/2021,TLH,FL,ASO,ES,Combined TRACON& Tower with Radar,23,16,32,44,115,0,0,12,16,28,23,16,44,60,143,0,0,0,143
03/29/2021,TLH,FL,ASO,ES,Combined TRACON& Tower with Radar,24,25,24,37,110,0,0,51,5,56,24,25,75,42,166,20,0,20,186
03/30/2021,TLH,FL,ASO,ES,Combined TRACON& Tower with Radar,22,18,35,31,106,0,0,10,6,16,22,18,45,37,122,32,14,46,168
03/31/2021,TLH,FL,ASO,ES,Combined TRACON& Tower with Radar,22,17,35,48,122,0,0,39,0,39,22,17,74,48,161,36,70,106,267
04/01/2021,TLH,FL,ASO,ES,Combined TRACON& Tower with Radar,25,26,40,44,135,0,0,29,3,32,25,26,69,47,167,0,0,0,167
04/02/2021,TLH,FL,ASO,ES,Combined TRACON& Tower with Radar,24,16,54,16,110,0,3,68,2,73,24,19,122,18,183,16,0,16,199
04/03/2021,TLH,FL,ASO,ES,Combined TRACON& Tower with Radar,19,11,33,0,63,0,4,69,0,73,19,15,102,0,136,60,0,60,196
04/04/2021,TLH,FL,ASO,ES,Combined TRACON& Tower with Radar,20,20,34,0,74,0,32,46,0,78,20,52,80,0,152,28,0,28,180
04/05/2021,TLH,FL,ASO,ES,Combined TRACON& Tower with Radar,22,19,44,36,121,0,5,70,6,81,22,24,114,42,202,32,16,48,250
04/06/2021,TLH,FL,ASO,ES,Combined TRACON& Tower with Radar,21,17,48,19,105,0,0,63,3,66,21,17,111,22,171,48,0,48,219
04/07/2021,TLH,FL,ASO,ES,Combined TRACON& Tower with Radar,22,15,45,73,155,0,1,41,7,49,22,16,86,80,204,100,20,120,324
04/08/2021,TLH,FL,ASO,ES,Combined TRACON& Tower with Radar,27,32,53,12,124,0,0,11,1,12,27,32,64,13,136,0,0,0,136
04/09/2021,TLH,FL,ASO,ES,Combined TRACON& Tower with Radar,25,19,39,0,83,0,0,0,1,1,25,19,39,1,84,0,0,0,84
04/10/2021,TLH,FL,ASO,ES,Combined TRACON& Tower with Radar,21,12,21,0,54,0,0,3,2,5,21,12,24,2,59,0,0,0,59
04/11/2021,TLH,FL,ASO,ES,Combined TRACON& Tower with Radar,23,20,39,0,82,0,0,3,0,3,23,20,42,0,85,0,0,0,85
04/12/2021,TLH,FL,ASO,ES,Combined TRACON& Tower with Radar,24,29,40,6,99,0,2,44,4,50,24,31,84,10,149,52,0,52,201
04/13/2021,TLH,FL,ASO,ES,Combined TRACON& Tower with Radar,23,20,29,8,80,0,6,46,6,58,23,26,75,14,138,84,16,100,238
04/14/2021,TLH,FL,ASO,ES,Combined TRACON& Tower with Radar,23,16,34,28,101,0,6,34,8,48,23,22,68,36,149,50,6,56,205
04/15/2021,TLH,FL,ASO,ES,Combined TRACON& Tower with Radar,24,14,36,5,79,0,0,10,2,12,24,14,46,7,91,0,0,0,91
04/16/2021,TLH,FL,ASO,ES,Combined TRACON& Tower with Radar,24,13,36,9,82,0,0,17,19,36,24,13,53,28,118,6,2,8,126
04/17/2021,TLH,FL,ASO,ES,Combined TRACON& Tower with Radar,30,7,17,0,54,0,0,9,0,9,30,7,26,0,63,0,0,0,63
04/18/2021,TLH,FL,ASO,ES,Combined TRACON& Tower with Radar,25,16,33,1,75,0,0,9,1,10,25,16,42,2,85,0,0,0,85
04/19/2021,TLH,FL,ASO,ES,Combined TRACON& Tower with Radar,25,41,33,15,114,0,7,41,3,51,25,48,74,18,165,10,0,10,175
04/20/2021,TLH,FL,ASO,ES,Combined TRACON& Tower with Radar,22,19,40,24,105,0,0,45,8,53,22,19,85,32,158,0,0,0,158
04/21/2021,TLH,FL,ASO,ES,Combined TRACON& Tower with Radar,23,15,39,27,104,0,1,48,15,64,23,16,87,42,168,14,10,24,192
04/22/2021,TLH,FL,ASO,ES,Combined TRACON& Tower with Radar,24,20,54,31,129,0,1,63,5,69,24,21,117,36,198,8,0,8,206
04/23/2021,TLH,FL,ASO,ES,Combined TRACON& Tower with Radar,23,17,56,29,125,0,2,34,10,46,23,19,90,39,171,34,34,68,239
04/24/2021,TLH,FL,ASO,ES,Combined TRACON& Tower with Radar,20,14,25,0,59,0,0,6,2,8,20,14,31,2,67,0,0,0,67
04/25/2021,TLH,FL,ASO,ES,Combined TRACON& Tower with Radar,25,18,42,16,101,0,0,25,1,26,25,18,67,17,127,46,0,46,173
04/26/2021,TLH,FL,ASO,ES,Combined TRACON& Tower with Radar,25,19,41,27,112,0,0,53,4,57,25,19,94,31,169,84,26,110,279
04/27/2021,TLH,FL,ASO,ES,Combined TRACON& Tower with Radar,23,28,32,21,104,0,4,57,8,69,23,32,89,29,173,72,30,102,275
04/28/2021,TLH,FL,ASO,ES,Combined TRACON& Tower with Radar,23,19,53,41,136,0,1,41,8,50,23,20,94,49,186,50,0,50,236
04/29/2021,TLH,FL,ASO,ES,Combined TRACON& Tower with Radar,24,27,41,30,122,0,6,34,17,57,24,33,75,47,179,62,28,90,269
04/30/2021,TLH,FL,ASO,ES,Combined TRACON& Tower with Radar,25,20,15,28,88,0,4,27,10,41,25,24,42,38,129,0,4,4,133
05/01/2021,TLH,FL,ASO,ES,Combined TRACON& Tower with Radar,20,10,19,18,67,0,18,37,6,61,20,28,56,24,128,30,12,42,170
05/02/2021,TLH,FL,ASO,ES,Combined TRACON& Tower with Radar,22,20,29,3,74,0,1,34,5,40,22,21,63,8,114,26,4,30,144
05/03/2021,TLH,FL,ASO,ES,Combined TRACON& Tower with Radar,19,23,38,22,102,0,0,13,0,13,19,23,51,22,115,7,14,21,136
05/04/2021,TLH,FL,ASO,ES,Combined TRACON& Tower with Radar,28,17,37,41,123,0,0,20,3,23,28,17,57,44,146,42,0,42,188
05/05/2021,TLH,FL,ASO,ES,Combined TRACON& Tower with Radar,23,17,24,0,64,0,0,13,9,22,23,17,37,9,86,10,0,10,96
05/06/2021,TLH,FL,ASO,ES,Combined TRACON& Tower with Radar,29,21,32,26,108,0,5,33,12,50,29,26,65,38,158,24,6,30,188
05/07/2021,TLH,FL,ASO,ES,Combined TRACON& Tower with Radar,24,20,27,50,121,0,0,42,24,66,24,20,69,74,187,24,16,40,227
05/08/2021,TLH,FL,ASO,ES,Combined TRACON& Tower with Radar,20,15,21,34,90,0,14,46,14,74,20,29,67,48,164,24,0,24,188
05/09/2021,TLH,FL,ASO,ES,Combined TRACON& Tower with Radar,23,15,27,33,98,0,2,26,17,45,23,17,53,50,143,0,0,0,143
05/10/2021,TLH,FL,ASO,ES,Combined TRACON& Tower with Radar,23,27,18,11,79,0,0,6,1,7,23,27,24,12,86,0,0,0,86
05/11/2021,TLH,FL,ASO,ES,Combined TRACON& Tower with Radar,24,8,20,19,71,0,0,11,5,16,24,8,31,24,87,0,0,0,87
05/12/2021,TLH,FL,ASO,ES,Combined TRACON& Tower with Radar,25,17,35,31,108,0,1,10,12,23,25,18,45,43,131,26,0,26,157
05/13/2021,TLH,FL,ASO,ES,Combined TRACON& Tower with Radar,24,19,43,28,114,0,1,5,8,14,24,20,48,36,128,0,0,0,128
05/14/2021,TLH,FL,ASO,ES,Combined TRACON& Tower with Radar,24,18,47,48,137,0,2,54,15,71,24,20,101,63,208,28,4,32,240
05/15/2021,TLH,FL,ASO,ES,Combined TRACON& Tower with Radar,19,16,40,20,95,0,7,58,9,74,19,23,98,29,169,36,6,42,211
05/16/2021,TLH,FL,ASO,ES,Combined TRACON& Tower with Radar,21,15,31,13,80,0,4,46,13,63,21,19,77,26,143,36,0,36,179
05/17/2021,TLH,FL,ASO,ES,Combined TRACON& Tower with Radar,24,26,38,34,122,0,3,47,16,66,24,29,85,50,188,70,28,98,286
05/18/2021,TLH,FL,ASO,ES,Combined TRACON& Tower with Radar,23,20,38,46,127,0,0,41,14,55,23,20,79,60,182,90,28,118,300
05/19/2021,TLH,FL,ASO,ES,Combined TRACON& Tower with Radar,24,22,36,35,117,0,1,33,18,52,24,23,69,53,169,0,0,0,169
05/20/2021,TLH,FL,ASO,ES,Combined TRACON& Tower with Radar,23,23,40,42,128,0,14,31,25,70,23,37,71,67,198,48,0,48,246
05/21/2021,TLH,FL,ASO,ES,Combined TRACON& Tower with Radar,24,14,23,84,145,0,0,50,25,75,24,14,73,109,220,26,22,48,268
05/22/2021,TLH,FL,ASO,ES,Combined TRACON& Tower with Radar,19,13,26,32,90,0,0,39,9,48,19,13,65,41,138,7,8,15,153
05/23/2021,TLH,FL,ASO,ES,Combined TRACON& Tower with Radar,23,14,17,48,102,0,6,47,36,89,23,20,64,84,191,46,0,46,237
05/24/2021,TLH,FL,ASO,ES,Combined TRACON& Tower with Radar,23,19,29,45,116,0,2,45,10,57,23,21,74,55,173,24,0,24,197
05/25/2021,TLH,FL,ASO,ES,Combined TRACON& Tower with Radar,25,26,51,57,159,0,5,55,17,77,25,31,106,74,236,12,30,42,278
05/26/2021,TLH,FL,ASO,ES,Combined TRACON& Tower with Radar,25,20,46,77,168,0,4,47,19,70,25,24,93,96,238,72,18,90,328
05/27/2021,TLH,FL,ASO,ES,Combined TRACON& Tower with Radar,22,20,45,19,106,0,4,35,14,53,22,24,80,33,159,16,0,16,175
05/28/2021,TLH,FL,ASO,ES,Combined TRACON& Tower with Radar,23,20,31,25,99,0,5,37,11,53,23,25,68,36,152,0,0,0,152
05/29/2021,TLH,FL,ASO,ES,Combined TRACON& Tower with Radar,18,8,21,0,47,0,0,30,0,30,18,8,51,0,77,34,0,34,111
05/30/2021,TLH,FL,ASO,ES,Combined TRACON& Tower with Radar,19,12,25,2,58,0,0,36,0,36,19,12,61,2,94,32,0,32,126
05/31/2021,TLH,FL,ASO,ES,Combined TRACON& Tower with Radar,22,10,23,8,63,0,0,35,0,35,22,10,58,8,98,0,0,0,98
06/01/2021,TLH,FL,ASO,ES,Combined TRACON& Tower with Radar,26,15,33,42,116,0,3,62,12,77,26,18,95,54,193,8,48,56,249
06/02/2021,TLH,FL,ASO,ES,Combined TRACON& Tower with Radar,27,13,42,97,179,0,3,36,31,70,27,16,78,128,249,40,46,86,335
06/03/2021,TLH,FL,ASO,ES,Combined TRACON& Tower with Radar,25,12,36,77,150,0,1,30,5,36,25,13,66,82,186,22,12,34,220
06/04/2021,TLH,FL,ASO,ES,Combined TRACON& Tower with Radar,27,11,22,53,113,0,1,26,18,45,27,12,48,71,158,40,36,76,234
06/05/2021,TLH,FL,ASO,ES,Combined TRACON& Tower with Radar,19,14,26,3,62,0,0,21,12,33,19,14,47,15,95,52,0,52,147
06/06/2021,TLH,FL,ASO,ES,Combined TRACON& Tower with Radar,25,17,29,28,99,0,1,25,13,39,25,18,54,41,138,12,2,14,152
06/07/2021,TLH,FL,ASO,ES,Combined TRACON& Tower with Radar,28,18,30,28,104,0,0,15,0,15,28,18,45,28,119,0,22,22,141
06/08/2021,TLH,FL,ASO,ES,Combined TRACON& Tower with Radar,29,15,37,21,102,0,0,24,11,35,29,15,61,32,137,30,16,46,183
06/09/2021,TLH,FL,ASO,ES,Combined TRACON& Tower with Radar,32,19,35,52,138,0,2,43,18,63,32,21,78,70,201,44,16,60,261
06/10/2021,TLH,FL,ASO,ES,Combined TRACON& Tower with Radar,28,22,51,39,140,0,1,53,25,79,28,23,104,64,219,20,38,58,277
06/11/2021,TLH,FL,ASO,ES,Combined TRACON& Tower with Radar,36,12,49,35,132,0,4,44,11,59,36,16,93,46,191,20,26,46,237
06/12/2021,TLH,FL,ASO,ES,Combined TRACON& Tower with Radar,21,5,16,2,44,0,0,10,3,13,21,5,26,5,57,20,0,20,77
06/13/2021,TLH,FL,ASO,ES,Combined TRACON& Tower with Radar,30,7,30,0,67,0,0,17,0,17,30,7,47,0,84,6,0,6,90
06/14/2021,TLH,FL,ASO,ES,Combined TRACON& Tower with Radar,28,18,28,18,92,0,9,40,8,57,28,27,68,26,149,80,10,90,239
06/15/2021,TLH,FL,ASO,ES,Combined TRACON& Tower with Radar,29,18,22,1,70,0,5,13,3,21,29,23,35,4,91,16,0,16,107
06/16/2021,TLH,FL,ASO,ES,Combined TRACON& Tower with Radar,28,16,46,10,100,0,0,37,7,44,28,16,83,17,144,48,0,48,192
06/17/2021,TLH,FL,ASO,ES,Combined TRACON& Tower with Radar,28,14,44,26,112,0,2,48,12,62,28,16,92,38,174,22,8,30,204
06/18/2021,TLH,FL,ASO,ES,Combined TRACON& Tower with Radar,29,14,38,4,85,0,0,23,14,37,29,14,61,18,122,30,0,30,152
06/19/2021,TLH,FL,ASO,ES,Combined TRACON& Tower with Radar,23,5,12,0,40,0,0,5,0,5,23,5,17,0,45,0,0,0,45
06/20/2021,TLH,FL,ASO,ES,Combined TRACON& Tower with Radar,28,8,15,2,53,0,0,6,10,16,28,8,21,12,69,0,0,0,69
06/21/2021,TLH,FL,ASO,ES,Combined TRACON& Tower with Radar,24,15,24,4,67,0,1,6,0,7,24,16,30,4,74,0,0,0,74
06/22/2021,TLH,FL,ASO,ES,Combined TRACON& Tower with Radar,30,13,20,6,69,0,0,5,0,5,30,13,25,6,74,0,0,0,74
06/23/2021,TLH,FL,ASO,ES,Combined TRACON& Tower with Radar,31,13,33,6,83,0,0,1,5,6,31,13,34,11,89,0,0,0,89
06/24/2021,TLH,FL,ASO,ES,Combined TRACON& Tower with Radar,31,7,33,4,75,0,0,3,0,3,31,7,36,4,78,0,0,0,78
06/25/2021,TLH,FL,ASO,ES,Combined TRACON& Tower with Radar,30,19,46,47,142,0,2,37,17,56,30,21,83,64,198,14,2,16,214
06/26/2021,TLH,FL,ASO,ES,Combined TRACON& Tower with Radar,20,3,25,7,55,0,2,22,6,30,20,5,47,13,85,14,14,28,113
06/27/2021,TLH,FL,ASO,ES,Combined TRACON& Tower with Radar,27,13,28,20,88,0,2,29,10,41,27,15,57,30,129,2,8,10,139
06/28/2021,TLH,FL,ASO,ES,Combined TRACON& Tower with Radar,28,12,36,33,109,0,0,28,9,37,28,12,64,42,146,70,20,90,236
06/29/2021,TLH,FL,ASO,ES,Combined TRACON& Tower with Radar,30,13,28,12,83,0,3,14,8,25,30,16,42,20,108,2,16,18,126
06/30/2021,TLH,FL,ASO,ES,Combined TRACON& Tower with Radar,26,10,41,8,85,0,0,18,10,28,26,10,59,18,113,0,0,0,113
07/01/2021,TLH,FL,ASO,ES,Combined TRACON& Tower with Radar,25,15,37,2,79,0,0,21,3,24,25,15,58,5,103,32,0,32,135
07/02/2021,TLH,FL,ASO,ES,Combined TRACON& Tower with Radar,22,9,28,0,59,0,0,26,6,32,22,9,54,6,91,30,0,30,121
07/03/2021,TLH,FL,ASO,ES,Combined TRACON& Tower with Radar,21,5,15,0,41,0,0,3,4,7,21,5,18,4,48,8,0,8,56
07/04/2021,TLH,FL,ASO,ES,Combined TRACON& Tower with Radar,20,5,17,0,42,0,0,8,0,8,20,5,25,0,50,0,0,0,50
07/05/2021,TLH,FL,ASO,ES,Combined TRACON& Tower with Radar,24,9,15,0,48,0,0,3,0,3,24,9,18,0,51,0,0,0,51
07/06/2021,TLH,FL,ASO,ES,Combined TRACON& Tower with Radar,24,7,11,0,42,0,0,11,2,13,24,7,22,2,55,0,0,0,55
07/07/2021,TLH,FL,ASO,ES,Combined TRACON& Tower with Radar,28,12,5,2,47,0,0,0,5,5,28,12,5,7,52,0,0,0,52
07/08/2021,TLH,FL,ASO,ES,Combined TRACON& Tower with Radar,28,16,28,26,98,0,0,18,8,26,28,16,46,34,124,26,10,36,160
07/09/2021,TLH,FL,ASO,ES,Combined TRACON& Tower with Radar,23,14,31,15,83,0,0,4,3,7,23,14,35,18,90,0,0,0,90
07/10/2021,TLH,FL,ASO,ES,Combined TRACON& Tower with Radar,19,11,24,6,60,0,2,25,5,32,19,13,49,11,92,24,6,30,122
07/11/2021,TLH,FL,ASO,ES,Combined TRACON& Tower with Radar,27,18,26,17,88,0,3,51,10,64,27,21,77,27,152,52,0,52,204
07/12/2021,TLH,FL,ASO,ES,Combined TRACON& Tower with Radar,25,17,23,22,87,0,3,17,3,23,25,20,40,25,110,0,0,0,110
07/13/2021,TLH,FL,ASO,ES,Combined TRACON& Tower with Radar,27,12,44,66,149,0,1,43,14,58,27,13,87,80,207,60,18,78,285
07/14/2021,TLH,FL,ASO,ES,Combined TRACON& Tower with Radar,25,13,46,33,117,0,4,30,16,50,25,17,76,49,167,20,30,50,217
07/15/2021,TLH,FL,ASO,ES,Combined TRACON& Tower with Radar,29,18,45,14,106,0,10,31,7,48,29,28,76,21,154,14,4,18,172
07/16/2021,TLH,FL,ASO,ES,Combined TRACON& Tower with Radar,27,12,40,50,129,0,0,34,28,62,27,12,74,78,191,42,0,42,233
07/17/2021,TLH,FL,ASO,ES,Combined TRACON& Tower with Radar,18,9,36,26,89,0,0,36,10,46,18,9,72,36,135,14,0,14,149
07/18/2021,TLH,FL,ASO,ES,Combined TRACON& Tower with Radar,26,15,22,56,119,0,1,23,24,48,26,16,45,80,167,0,0,0,167
07/19/2021,TLH,FL,ASO,ES,Combined TRACON& Tower with Radar,25,16,20,7,68,0,0,13,5,18,25,16,33,12,86,6,30,36,122
07/20/2021,TLH,FL,ASO,ES,Combined TRACON& Tower with Radar,26,10,34,9,79,0,0,7,3,10,26,10,41,12,89,24,28,52,141
07/21/2021,TLH,FL,ASO,ES,Combined TRACON& Tower with Radar,28,15,38,6,87,0,0,15,9,24,28,15,53,15,111,6,12,18,129
07/22/2021,TLH,FL,ASO,ES,Combined TRACON& Tower with Radar,26,13,46,13,98,0,0,35,9,44,26,13,81,22,142,30,0,30,172
07/23/2021,TLH,FL,ASO,ES,Combined TRACON& Tower with Radar,28,11,26,10,75,0,1,14,12,27,28,12,40,22,102,4,0,4,106
07/24/2021,TLH,FL,ASO,ES,Combined TRACON& Tower with Radar,19,6,22,25,72,0,0,18,10,28,19,6,40,35,100,0,0,0,100
07/25/2021,TLH,FL,ASO,ES,Combined TRACON& Tower with Radar,27,14,24,60,125,0,0,28,4,32,27,14,52,64,157,46,0,46,203
07/26/2021,TLH,FL,ASO,ES,Combined TRACON& Tower with Radar,25,15,42,55,137,0,5,35,13,53,25,20,77,68,190,58,26,84,274
07/27/2021,TLH,FL,ASO,ES,Combined TRACON& Tower with Radar,29,13,26,18,86,0,2,21,0,23,29,15,47,18,109,0,16,16,125
07/28/2021,TLH,FL,ASO,ES,Combined TRACON& Tower with Radar,29,12,30,20,91,0,1,22,13,36,29,13,52,33,127,6,0,6,133
07/29/2021,TLH,FL,ASO,ES,Combined TRACON& Tower with Radar,28,13,32,8,81,0,2,17,13,32,28,15,49,21,113,32,8,40,153
07/30/2021,TLH,FL,ASO,ES,Combined TRACON& Tower with Radar,27,13,35,19,94,0,4,29,13,46,27,17,64,32,140,32,6,38,178
07/31/2021,TLH,FL,ASO,ES,Combined TRACON& Tower with Radar,21,6,30,0,57,0,0,24,4,28,21,6,54,4,85,22,0,22,107
08/01/2021,TLH,FL,ASO,ES,Combined TRACON& Tower with Radar,23,15,25,8,71,0,0,26,11,37,23,15,51,19,108,6,6,12,120
08/02/2021,TLH,FL,ASO,ES,Combined TRACON& Tower with Radar,25,12,32,44,113,0,0,15,6,21,25,12,47,50,134,52,24,76,210
08/03/2021,TLH,FL,ASO,ES,Combined TRACON& Tower with Radar,26,9,32,6,73,0,0,11,4,15,26,9,43,10,88,0,0,0,88
08/04/2021,TLH,FL,ASO,ES,Combined TRACON& Tower with Radar,27,9,29,3,68,0,0,8,3,11,27,9,37,6,79,10,0,10,89
08/05/2021,TLH,FL,ASO,ES,Combined TRACON& Tower with Radar,27,9,41,4,81,0,0,10,3,13,27,9,51,7,94,0,0,0,94
08/06/2021,TLH,FL,ASO,ES,Combined TRACON& Tower with Radar,26,16,39,20,101,0,1,13,14,28,26,17,52,34,129,0,6,6,135
08/07/2021,TLH,FL,ASO,ES,Combined TRACON& Tower with Radar,20,8,19,9,56,0,0,21,7,28,20,8,40,16,84,4,4,8,92
08/08/2021,TLH,FL,ASO,ES,Combined TRACON& Tower with Radar,26,12,24,17,79,0,0,52,15,67,26,12,76,32,146,30,0,30,176
08/09/2021,TLH,FL,ASO,ES,Combined TRACON& Tower with Radar,25,11,30,26,92,0,4,33,11,48,25,15,63,37,140,42,24,66,206
08/10/2021,TLH,FL,ASO,ES,Combined TRACON& Tower with Radar,25,12,26,26,89,0,4,40,2,46,25,16,66,28,135,12,14,26,161
08/11/2021,TLH,FL,ASO,ES,Combined TRACON& Tower with Radar,24,10,12,40,86,0,6,35,14,55,24,16,47,54,141,54,28,82,223
08/12/2021,TLH,FL,ASO,ES,Combined TRACON& Tower with Radar,26,12,40,18,96,0,4,30,9,43,26,16,70,27,139,22,0,22,161
08/13/2021,TLH,FL,ASO,ES,Combined TRACON& Tower with Radar,26,14,24,32,96,0,0,35,15,50,26,14,59,47,146,32,0,32,178
08/14/2021,TLH,FL,ASO,ES,Combined TRACON& Tower with Radar,17,14,24,0,55,0,0,36,2,38,17,14,60,2,93,10,0,10,103
08/15/2021,TLH,FL,ASO,ES,Combined TRACON& Tower with Radar,25,13,22,6,66,0,0,9,0,9,25,13,31,6,75,48,0,48,123
08/16/2021,TLH,FL,ASO,ES,Combined TRACON& Tower with Radar,20,9,9,0,38,0,0,0,0,0,20,9,9,0,38,0,0,0,38
08/17/2021,TLH,FL,ASO,ES,Combined TRACON& Tower with Radar,21,14,42,41,118,0,1,30,5,36,21,15,72,46,154,19,22,41,195
08/18/2021,TLH,FL,ASO,ES,Combined TRACON& Tower with Radar,23,15,29,19,86,0,2,18,4,24,23,17,47,23,110,44,28,72,182
08/19/2021,TLH,FL,ASO,ES,Combined TRACON& Tower with Radar,28,12,32,28,100,0,0,31,13,44,28,12,63,41,144,30,0,30,174
08/20/2021,TLH,FL,ASO,ES,Combined TRACON& Tower with Radar,29,17,27,52,125,0,2,25,14,41,29,19,52,66,166,22,18,40,206
08/21/2021,TLH,FL,ASO,ES,Combined TRACON& Tower with Radar,21,7,30,7,65,0,0,19,4,23,21,7,49,11,88,16,0,16,104
08/22/2021,TLH,FL,ASO,ES,Combined TRACON& Tower with Radar,27,13,38,0,78,0,1,20,3,24,27,14,58,3,102,36,0,36,138
08/23/2021,TLH,FL,ASO,ES,Combined TRACON& Tower with Radar,27,11,32,21,91,0,6,26,1,33,27,17,58,22,124,0,0,0,124
08/24/2021,TLH,FL,ASO,ES,Combined TRACON& Tower with Radar,25,13,45,10,93,0,0,16,5,21,25,13,61,15,114,0,4,4,118
08/25/2021,TLH,FL,ASO,ES,Combined TRACON& Tower with Radar,25,18,32,3,78,0,0,14,9,23,25,18,46,12,101,8,0,8,109
08/26/2021,TLH,FL,ASO,ES,Combined TRACON& Tower with Radar,28,15,50,27,120,0,0,32,11,43,28,15,82,38,163,34,0,34,197
08/27/2021,TLH,FL,ASO,ES,Combined TRACON& Tower with Radar,29,16,38,31,114,0,3,12,13,28,29,19,50,44,142,0,0,0,142
08/28/2021,TLH,FL,ASO,ES,Combined TRACON& Tower with Radar,21,11,34,0,66,0,0,12,3,15,21,11,46,3,81,14,0,14,95
08/29/2021,TLH,FL,ASO,ES,Combined TRACON& Tower with Radar,28,16,20,12,76,0,0,19,3,22,28,16,39,15,98,8,0,8,106
08/30/2021,TLH,FL,ASO,ES,Combined TRACON& Tower with Radar,25,22,23,8,78,0,3,16,1,20,25,25,39,9,98,0,6,6,104
08/31/2021,TLH,FL,ASO,ES,Combined TRACON& Tower with Radar,25,7,20,1,53,0,0,6,7,13,25,7,26,8,66,0,0,0,66
09/01/2021,TLH,FL,ASO,ES,Combined TRACON& Tower with Radar,24,14,43,11,92,0,1,21,20,42,24,15,64,31,134,42,0,42,176
09/02/2021,TLH,FL,ASO,ES,Combined TRACON& Tower with Radar,32,17,30,9,88,0,1,31,12,44,32,18,61,21,132,0,0,0,132
09/03/2021,TLH,FL,ASO,ES,Combined TRACON& Tower with Radar,26,23,51,5,105,0,0,33,5,38,26,23,84,10,143,10,0,10,153
09/04/2021,TLH,FL,ASO,ES,Combined TRACON& Tower with Radar,20,21,46,0,87,0,12,41,3,56,20,33,87,3,143,10,0,10,153
09/05/2021,TLH,FL,ASO,ES,Combined TRACON& Tower with Radar,23,31,61,0,115,0,2,58,5,65,23,33,119,5,180,26,0,26,206
09/06/2021,TLH,FL,ASO,ES,Combined TRACON& Tower with Radar,23,40,62,0,125,0,3,63,0,66,23,43,125,0,191,10,0,10,201
09/07/2021,TLH,FL,ASO,ES,Combined TRACON& Tower with Radar,26,9,33,31,99,0,0,32,4,36,26,9,65,35,135,56,34,90,225
09/08/2021,TLH,FL,ASO,ES,Combined TRACON& Tower with Radar,22,5,28,2,57,0,0,3,4,7,22,5,31,6,64,0,0,0,64
09/09/2021,TLH,FL,ASO,ES,Combined TRACON& Tower with Radar,26,14,53,5,98,0,0,14,5,19,26,14,67,10,117,2,0,2,119
09/10/2021,TLH,FL,ASO,ES,Combined TRACON& Tower with Radar,26,21,42,34,123,0,1,36,24,61,26,22,78,58,184,34,12,46,230
09/11/2021,TLH,FL,ASO,ES,Combined TRACON& Tower with Radar,21,7,37,1,66,0,0,37,9,46,21,7,74,10,112,16,0,16,128
09/12/2021,TLH,FL,ASO,ES,Combined TRACON& Tower with Radar,28,18,31,12,89,0,0,53,6,59,28,18,84,18,148,96,0,96,244
09/13/2021,TLH,FL,ASO,ES,Combined TRACON& Tower with Radar,28,16,33,70,147,0,2,57,14,73,28,18,90,84,220,62,42,104,324
09/14/2021,TLH,FL,ASO,ES,Combined TRACON& Tower with Radar,23,14,49,41,127,0,0,33,13,46,23,14,82,54,173,6,8,14,187
09/15/2021,TLH,FL,ASO,ES,Combined TRACON& Tower with Radar,23,15,43,17,98,0,0,14,8,22,23,15,57,25,120,0,12,12,132
09/16/2021,TLH,FL,ASO,ES,Combined TRACON& Tower with Radar,31,14,38,9,92,0,1,4,4,9,31,15,42,13,101,0,0,0,101
09/17/2021,TLH,FL,ASO,ES,Combined TRACON& Tower with Radar,31,14,38,13,96,0,0,9,9,18,31,14,47,22,114,0,0,0,114
09/18/2021,TLH,FL,ASO,ES,Combined TRACON& Tower with Radar,25,10,21,4,60,0,0,24,1,25,25,10,45,5,85,44,0,44,129
09/19/2021,TLH,FL,ASO,ES,Combined TRACON& Tower with Radar,27,11,43,0,81,0,0,4,0,4,27,11,47,0,85,54,0,54,139
09/20/2021,TLH,FL,ASO,ES,Combined TRACON& Tower with Radar,27,16,37,0,80,0,0,6,0,6,27,16,43,0,86,0,0,0,86
09/21/2021,TLH,FL,ASO,ES,Combined TRACON& Tower with Radar,23,19,57,27,126,0,2,16,3,21,23,21,73,30,147,40,30,70,217
09/22/2021,TLH,FL,ASO,ES,Combined TRACON& Tower with Radar,24,23,56,12,115,0,0,29,8,37,24,23,85,20,152,10,0,10,162
09/23/2021,TLH,FL,ASO,ES,Combined TRACON& Tower with Radar,32,19,71,38,160,0,5,72,12,89,32,24,143,50,249,24,27,51,300
09/24/2021,TLH,FL,ASO,ES,Combined TRACON& Tower with Radar,27,15,49,47,138,0,7,52,8,67,27,22,101,55,205,36,31,67,272
09/25/2021,TLH,FL,ASO,ES,Combined TRACON& Tower with Radar,27,20,54,0,101,0,24,50,2,76,27,44,104,2,177,26,0,26,203
09/26/2021,TLH,FL,ASO,ES,Combined TRACON& Tower with Radar,28,12,37,0,77,0,24,66,0,90,28,36,103,0,167,16,0,16,183
09/27/2021,TLH,FL,ASO,ES,Combined TRACON& Tower with Radar,28,14,35,40,117,0,2,28,7,37,28,16,63,47,154,114,0,114,268
09/28/2021,TLH,FL,ASO,ES,Combined TRACON& Tower with Radar,22,15,34,53,124,0,6,36,20,62,22,21,70,73,186,58,40,98,284
09/29/2021,TLH,FL,ASO,ES,Combined TRACON& Tower with Radar,26,24,43,44,137,0,9,35,33,77,26,33,78,77,214,24,40,64,278
09/30/2021,TLH,FL,ASO,ES,Combined TRACON& Tower with Radar,28,24,52,72,176,0,0,55,29,84,28,24,107,101,260,0,0,0,260
10/01/2021,TLH,FL,ASO,ES,Combined TRACON& Tower with Radar,31,18,59,50,158,0,0,41,18,59,31,18,100,68,217,50,12,62,279
10/02/2021,TLH,FL,ASO,ES,Combined TRACON& Tower with Radar,25,7,43,41,116,0,0,59,7,66,25,7,102,48,182,52,2,54,236
10/03/2021,TLH,FL,ASO,ES,Combined TRACON& Tower with Radar,28,15,59,18,120,0,0,39,10,49,28,15,98,28,169,46,0,46,215
10/04/2021,TLH,FL,ASO,ES,Combined TRACON& Tower with Radar,30,13,28,36,107,0,1,22,0,23,30,14,50,36,130,61,24,85,215
10/05/2021,TLH,FL,ASO,ES,Combined TRACON& Tower with Radar,23,8,28,0,59,0,0,6,0,6,23,8,34,0,65,4,0,4,69
10/06/2021,TLH,FL,ASO,ES,Combined TRACON& Tower with Radar,25,14,31,1,71,0,0,6,2,8,25,14,37,3,79,0,0,0,79
10/07/2021,TLH,FL,ASO,ES,Combined TRACON& Tower with Radar,32,11,47,23,113,0,0,7,4,11,32,11,54,27,124,0,0,0,124
10/08/2021,TLH,FL,ASO,ES,Combined TRACON& Tower with Radar,36,8,40,10,94,0,0,32,4,36,36,8,72,14,130,12,0,12,142
10/09/2021,TLH,FL,ASO,ES,Combined TRACON& Tower with Radar,30,10,39,0,79,0,4,61,0,65,30,14,100,0,144,22,0,22,166
10/10/2021,TLH,FL,ASO,ES,Combined TRACON& Tower with Radar,32,2,43,0,77,0,0,49,0,49,32,2,92,0,126,28,0,28,154
10/11/2021,TLH,FL,ASO,ES,Combined TRACON& Tower with Radar,35,16,64,4,119,0,6,47,2,55,35,22,111,6,174,54,0,54,228
10/12/2021,TLH,FL,ASO,ES,Combined TRACON& Tower with Radar,29,18,46,52,145,0,11,51,12,74,29,29,97,64,219,86,20,106,325
10/13/2021,TLH,FL,ASO,ES,Combined TRACON& Tower with Radar,29,8,50,43,130,0,0,53,12,65,29,8,103,55,195,60,6,66,261
10/14/2021,TLH,FL,ASO,ES,Combined TRACON& Tower with Radar,32,7,34,42,115,0,1,51,12,64,32,8,85,54,179,68,10,78,257
10/15/2021,TLH,FL,ASO,ES,Combined TRACON& Tower with Radar,35,16,54,30,135,0,3,48,6,57,35,19,102,36,192,24,8,32,224
10/16/2021,TLH,FL,ASO,ES,Combined TRACON& Tower with Radar,29,8,43,2,82,0,0,36,4,40,29,8,79,6,122,10,0,10,132
10/17/2021,TLH,FL,ASO,ES,Combined TRACON& Tower with Radar,32,10,35,21,98,0,0,51,12,63,32,10,86,33,161,54,18,72,233
10/18/2021,TLH,FL,ASO,ES,Combined TRACON& Tower with Radar,34,14,51,21,120,0,4,41,10,55,34,18,92,31,175,48,18,66,241
10/19/2021,TLH,FL,ASO,ES,Combined TRACON& Tower with Radar,30,20,54,20,124,0,6,52,9,67,30,26,106,29,191,41,24,65,256
10/20/2021,TLH,FL,ASO,ES,Combined TRACON& Tower with Radar,31,13,59,31,134,0,3,59,14,76,31,16,118,45,210,28,22,50,260
10/21/2021,TLH,FL,ASO,ES,Combined TRACON& Tower with Radar,33,20,53,62,168,0,2,40,19,61,33,22,93,81,229,46,34,80,309
10/22/2021,TLH,FL,ASO,ES,Combined TRACON& Tower with Radar,35,31,51,65,182,0,6,47,17,70,35,37,98,82,252,40,32,72,324
10/23/2021,TLH,FL,ASO,ES,Combined TRACON& Tower with Radar,29,8,51,6,94,0,22,67,12,101,29,30,118,18,195,46,10,56,251
10/24/2021,TLH,FL,ASO,ES,Combined TRACON& Tower with Radar,32,7,51,20,110,0,0,53,5,58,32,7,104,25,168,66,4,70,238
10/25/2021,TLH,FL,ASO,ES,Combined TRACON& Tower with Radar,32,8,51,109,200,0,1,21,6,28,32,9,72,115,228,66,76,142,370
10/26/2021,TLH,FL,ASO,ES,Combined TRACON& Tower with Radar,30,9,36,47,122,0,0,62,11,73,30,9,98,58,195,20,10,30,225
10/27/2021,TLH,FL,ASO,ES,Combined TRACON& Tower with Radar,30,12,52,11,105,0,2,59,11,72,30,14,111,22,177,24,10,34,211
10/28/2021,TLH,FL,ASO,ES,Combined TRACON& Tower with Radar,31,8,22,48,109,0,0,5,8,13,31,8,27,56,122,0,6,6,128
10/29/2021,TLH,FL,ASO,ES,Combined TRACON& Tower with Radar,38,13,48,56,155,0,2,40,16,58,38,15,88,72,213,20,24,44,257
10/30/2021,TLH,FL,ASO,ES,Combined TRACON& Tower with Radar,31,7,36,27,101,0,0,21,7,28,31,7,57,34,129,8,6,14,143
10/31/2021,TLH,FL,ASO,ES,Combined TRACON& Tower with Radar,27,9,59,41,136,0,4,36,15,55,27,13,95,56,191,66,0,66,257
11/01/2021,TLH,FL,ASO,ES,Combined TRACON& Tower with Radar,31,19,43,66,159,0,0,42,9,51,31,19,85,75,210,32,36,68,278
11/02/2021,TLH,FL,ASO,ES,Combined TRACON& Tower with Radar,31,14,65,53,163,0,0,51,20,71,31,14,116,73,234,58,12,70,304
11/03/2021,TLH,FL,ASO,ES,Combined TRACON& Tower with Radar,30,19,55,51,155,0,4,49,23,76,30,23,104,74,231,28,41,69,300
11/04/2021,TLH,FL,ASO,ES,Combined TRACON& Tower with Radar,29,18,64,38,149,0,2,33,7,42,29,20,97,45,191,10,16,26,217
11/05/2021,TLH,FL,ASO,ES,Combined TRACON& Tower with Radar,33,27,37,12,109,0,0,2,4,6,33,27,39,16,115,0,0,0,115
11/06/2021,TLH,FL,ASO,ES,Combined TRACON& Tower with Radar,28,19,68,0,115,0,1,40,4,45,28,20,108,4,160,24,0,24,184
11/07/2021,TLH,FL,ASO,ES,Combined TRACON& Tower with Radar,28,11,50,45,134,0,2,57,1,60,28,13,107,46,194,18,2,20,214
11/08/2021,TLH,FL,ASO,ES,Combined TRACON& Tower with Radar,28,19,26,39,112,0,4,40,4,48,28,23,66,43,160,68,22,90,250
11/09/2021,TLH,FL,ASO,ES,Combined TRACON& Tower with Radar,28,15,38,39,120,0,0,44,9,53,28,15,82,48,173,56,42,98,271
11/10/2021,TLH,FL,ASO,ES,Combined TRACON& Tower with Radar,29,18,56,28,131,0,0,47,20,67,29,18,103,48,198,22,26,48,246
11/11/2021,TLH,FL,ASO,ES,Combined TRACON& Tower with Radar,27,24,44,4,99,0,1,8,6,15,27,25,52,10,114,6,0,6,120
11/12/2021,TLH,FL,ASO,ES,Combined TRACON& Tower with Radar,32,34,74,23,163,0,3,46,8,57,32,37,120,31,220,0,0,0,220
11/13/2021,TLH,FL,ASO,ES,Combined TRACON& Tower with Radar,27,31,57,1,116,0,5,40,3,48,27,36,97,4,164,16,0,16,180
11/14/2021,TLH,FL,ASO,ES,Combined TRACON& Tower with Radar,29,18,58,2,107,0,32,67,2,101,29,50,125,4,208,46,0,46,254
11/15/2021,TLH,FL,ASO,ES,Combined TRACON& Tower with Radar,29,14,60,47,150,0,2,60,6,68,29,16,120,53,218,54,42,96,314
11/16/2021,TLH,FL,ASO,ES,Combined TRACON& Tower with Radar,28,28,44,50,150,0,4,53,14,71,28,32,97,64,221,36,12,48,269
11/17/2021,TLH,FL,ASO,ES,Combined TRACON& Tower with Radar,29,11,64,15,119,0,0,53,7,60,29,11,117,22,179,58,10,68,247
11/18/2021,TLH,FL,ASO,ES,Combined TRACON& Tower with Radar,29,22,61,36,148,0,3,33,6,42,29,25,94,42,190,64,10,74,264
11/19/2021,TLH,FL,ASO,ES,Combined TRACON& Tower with Radar,31,16,53,48,148,0,2,61,12,75,31,18,114,60,223,8,0,8,231
11/20/2021,TLH,FL,ASO,ES,Combined TRACON& Tower with Radar,26,12,41,13,92,0,0,49,7,56,26,12,90,20,148,21,0,21,169
11/21/2021,TLH,FL,ASO,ES,Combined TRACON& Tower with Radar,25,10,50,84,169,0,0,31,15,46,25,10,81,99,215,26,0,26,241
11/22/2021,TLH,FL,ASO,ES,Combined TRACON& Tower with Radar,28,16,51,42,137,0,0,40,1,41,28,16,91,43,178,70,52,122,300
11/23/2021,TLH,FL,ASO,ES,Combined TRACON& Tower with Radar,28,20,44,38,130,0,0,46,8,54,28,20,90,46,184,74,28,102,286
11/24/2021,TLH,FL,ASO,ES,Combined TRACON& Tower with Radar,34,15,50,12,111,0,6,49,5,60,34,21,99,17,171,16,0,16,187
11/25/2021,TLH,FL,ASO,ES,Combined TRACON& Tower with Radar,18,2,10,0,30,0,2,1,0,3,18,4,11,0,33,0,0,0,33
11/26/2021,TLH,FL,ASO,ES,Combined TRACON& Tower with Radar,25,13,25,0,63,0,0,9,0,9,25,13,34,0,72,18,0,18,90
11/27/2021,TLH,FL,ASO,ES,Combined TRACON& Tower with Radar,31,3,35,8,77,0,2,42,0,44,31,5,77,8,121,30,0,30,151
11/28/2021,TLH,FL,ASO,ES,Combined TRACON& Tower with Radar,29,15,49,6,99,0,0,35,0,35,29,15,84,6,134,36,0,36,170
11/29/2021,TLH,FL,ASO,ES,Combined TRACON& Tower with Radar,31,17,51,47,146,0,6,43,15,64,31,23,94,62,210,42,0,42,252
11/30/2021,TLH,FL,ASO,ES,Combined TRACON& Tower with Radar,28,20,55,43,146,0,3,53,7,63,28,23,108,50,209,40,48,88,297
12/01/2021,TLH,FL,ASO,ES,Combined TRACON& Tower with Radar,29,22,55,34,140,0,1,44,12,57,29,23,99,46,197,78,36,114,311
12/02/2021,TLH,FL,ASO,ES,Combined TRACON& Tower with Radar,30,21,47,43,141,0,5,41,14,60,30,26,88,57,201,32,20,52,253
12/03/2021,TLH,FL,ASO,ES,Combined TRACON& Tower with Radar,31,21,43,58,153,0,1,40,8,49,31,22,83,66,202,40,8,48,250
12/04/2021,TLH,FL,ASO,ES,Combined TRACON& Tower with Radar,25,8,25,25,83,0,1,27,7,35,25,9,52,32,118,64,26,90,208
12/05/2021,TLH,FL,ASO,ES,Combined TRACON& Tower with Radar,32,12,30,16,90,0,0,17,0,17,32,12,47,16,107,40,0,40,147
12/06/2021,TLH,FL,ASO,ES,Combined TRACON& Tower with Radar,28,11,40,54,133,0,0,17,5,22,28,11,57,59,155,0,22,22,177
12/07/2021,TLH,FL,ASO,ES,Combined TRACON& Tower with Radar,29,17,30,16,92,0,0,8,4,12,29,17,38,20,104,48,0,48,152
12/08/2021,TLH,FL,ASO,ES,Combined TRACON& Tower with Radar,30,7,34,28,99,0,2,7,6,15,30,9,41,34,114,4,0,4,118
12/09/2021,TLH,FL,ASO,ES,Combined TRACON& Tower with Radar,28,24,71,49,172,0,0,2,2,4,28,24,73,51,176,6,0,6,182
12/10/2021,TLH,FL,ASO,ES,Combined TRACON& Tower with Radar,34,29,61,25,149,0,0,5,12,17,34,29,66,37,166,10,0,10,176
12/11/2021,TLH,FL,ASO,ES,Combined TRACON& Tower with Radar,26,12,35,10,83,0,0,12,0,12,26,12,47,10,95,0,0,0,95
12/12/2021,TLH,FL,ASO,ES,Combined TRACON& Tower with Radar,31,11,24,14,80,0,0,52,14,66,31,11,76,28,146,99,4,103,249
12/13/2021,TLH,FL,ASO,ES,Combined TRACON& Tower with Radar,31,20,70,35,156,0,0,5,1,6,31,20,75,36,162,8,10,18,180
12/14/2021,TLH,FL,ASO,ES,Combined TRACON& Tower with Radar,27,10,53,50,140,0,0,44,15,59,27,10,97,65,199,48,20,68,267
12/15/2021,TLH,FL,ASO,ES,Combined TRACON& Tower with Radar,28,32,76,33,169,0,0,37,18,55,28,32,113,51,224,22,14,36,260
12/16/2021,TLH,FL,ASO,ES,Combined TRACON& Tower with Radar,35,15,45,40,135,0,0,15,4,19,35,15,60,44,154,22,0,22,176
12/17/2021,TLH,FL,ASO,ES,Combined TRACON& Tower with Radar,38,42,62,61,203,0,2,36,10,48,38,44,98,71,251,0,0,0,251
12/18/2021,TLH,FL,ASO,ES,Combined TRACON& Tower with Radar,28,5,34,9,76,0,0,15,1,16,28,5,49,10,92,56,0,56,148
12/19/2021,TLH,FL,ASO,ES,Combined TRACON& Tower with Radar,30,10,39,34,113,0,0,12,2,14,30,10,51,36,127,10,0,10,137
12/20/2021,TLH,FL,ASO,ES,Combined TRACON& Tower with Radar,26,19,34,8,87,0,0,0,0,0,26,19,34,8,87,0,0,0,87
12/21/2021,TLH,FL,ASO,ES,Combined TRACON& Tower with Radar,30,11,15,0,56,0,0,0,0,0,30,11,15,0,56,0,0,0,56
12/22/2021,TLH,FL,ASO,ES,Combined TRACON& Tower with Radar,31,21,34,16,102,0,8,50,16,74,31,29,84,32,176,74,6,80,256
12/23/2021,TLH,FL,ASO,ES,Combined TRACON& Tower with Radar,33,10,28,0,71,0,0,42,5,47,33,10,70,5,118,72,0,72,190
12/24/2021,TLH,FL,ASO,ES,Combined TRACON& Tower with Radar,27,9,6,0,42,0,1,23,2,26,27,10,29,2,68,18,0,18,86
12/25/2021,TLH,FL,ASO,ES,Combined TRACON& Tower with Radar,24,4,6,0,34,0,1,17,0,18,24,5,23,0,52,0,0,0,52
12/26/2021,TLH,FL,ASO,ES,Combined TRACON& Tower with Radar,25,3,23,0,51,0,0,23,2,25,25,3,46,2,76,0,0,0,76
12/27/2021,TLH,FL,ASO,ES,Combined TRACON& Tower with Radar,32,16,37,0,85,0,0,18,0,18,32,16,55,0,103,54,0,54,157
12/28/2021,TLH,FL,ASO,ES,Combined TRACON& Tower with Radar,32,10,24,27,93,0,2,8,3,13,32,12,32,30,106,0,0,0,106
12/29/2021,TLH,FL,ASO,ES,Combined TRACON& Tower with Radar,33,12,38,15,98,0,1,5,0,6,33,13,43,15,104,0,0,0,104
12/30/2021,TLH,FL,ASO,ES,Combined TRACON& Tower with Radar,33,13,24,0,70,0,0,2,0,2,33,13,26,0,72,0,0,0,72
12/31/2021,TLH,FL,ASO,ES,Combined TRACON& Tower with Radar,23,6,21,0,50,0,0,1,2,3,23,6,22,2,53,0,0,0,53
01/01/2022,TLH,FL,ASO,ES,Combined TRACON& Tower with Radar,22,3,12,0,37,0,0,9,0,9,22,3,21,0,46,10,0,10,56
01/02/2022,TLH,FL,ASO,ES,Combined TRACON& Tower with Radar,24,8,17,0,49,0,0,4,0,4,24,8,21,0,53,14,0,14,67
01/03/2022,TLH,FL,ASO,ES,Combined TRACON& Tower with Radar,31,18,44,2,95,0,0,21,0,21,31,18,65,2,116,30,6,36,152
01/04/2022,TLH,FL,ASO,ES,Combined TRACON& Tower with Radar,26,10,35,29,100,0,0,40,4,44,26,10,75,33,144,60,66,126,270
01/05/2022,TLH,FL,ASO,ES,Combined TRACON& Tower with Radar,26,20,37,73,156,0,2,47,15,64,26,22,84,88,220,20,40,60,280
01/06/2022,TLH,FL,ASO,ES,Combined TRACON& Tower with Radar,23,26,39,66,154,0,5,21,7,33,23,31,60,73,187,54,59,113,300
01/07/2022,TLH,FL,ASO,ES,Combined TRACON& Tower with Radar,27,11,37,86,161,0,5,51,28,84,27,16,88,114,245,32,22,54,299
01/08/2022,TLH,FL,ASO,ES,Combined TRACON& Tower with Radar,28,3,33,5,69,0,3,49,7,59,28,6,82,12,128,12,0,12,140
01/09/2022,TLH,FL,ASO,ES,Combined TRACON& Tower with Radar,27,19,38,52,136,0,1,32,11,44,27,20,70,63,180,38,0,38,218
01/10/2022,TLH,FL,ASO,ES,Combined TRACON& Tower with Radar,24,14,35,13,86,0,2,24,2,28,24,16,59,15,114,20,8,28,142
01/11/2022,TLH,FL,ASO,ES,Combined TRACON& Tower with Radar,25,20,60,27,132,0,4,54,9,67,25,24,114,36,199,20,14,34,233
01/12/2022,TLH,FL,ASO,ES,Combined TRACON& Tower with Radar,30,20,38,14,102,0,15,35,9,59,30,35,73,23,161,62,6,68,229
01/13/2022,TLH,FL,ASO,ES,Combined TRACON& Tower with Radar,27,21,34,23,105,0,2,48,8,58,27,23,82,31,163,30,18,48,211
01/14/2022,TLH,FL,ASO,ES,Combined TRACON& Tower with Radar,29,12,55,24,120,0,1,56,18,75,29,13,111,42,195,42,8,50,245
01/15/2022,TLH,FL,ASO,ES,Combined TRACON& Tower with Radar,24,12,27,3,66,0,0,42,1,43,24,12,69,4,109,79,0,79,188
01/16/2022,TLH,FL,ASO,ES,Combined TRACON& Tower with Radar,18,5,16,6,45,0,0,7,1,8,18,5,23,7,53,0,0,0,53
01/17/2022,TLH,FL,ASO,ES,Combined TRACON& Tower with Radar,31,17,35,12,95,0,0,46,0,46,31,17,81,12,141,40,6,46,187
01/18/2022,TLH,FL,ASO,ES,Combined TRACON& Tower with Radar,26,24,61,17,128,0,6,62,4,72,26,30,123,21,200,18,10,28,228
01/19/2022,TLH,FL,ASO,ES,Combined TRACON& Tower with Radar,28,15,75,85,203,0,4,48,20,72,28,19,123,105,275,54,32,86,361
01/20/2022,TLH,FL,ASO,ES,Combined TRACON& Tower with Radar,29,12,40,20,101,0,0,11,0,11,29,12,51,20,112,12,8,20,132
01/21/2022,TLH,FL,ASO,ES,Combined TRACON& Tower with Radar,29,13,37,6,85,0,0,1,0,1,29,13,38,6,86,0,0,0,86
01/22/2022,TLH,FL,ASO,ES,Combined TRACON& Tower with Radar,24,3,21,9,57,0,0,7,5,12,24,3,28,14,69,0,0,0,69
01/23/2022,TLH,FL,ASO,ES,Combined TRACON& Tower with Radar,28,10,58,17,113,0,0,54,10,64,28,10,112,27,177,34,0,34,211
01/24/2022,TLH,FL,ASO,ES,Combined TRACON& Tower with Radar,22,24,67,35,148,0,0,57,3,60,22,24,124,38,208,78,6,84,292
01/25/2022,TLH,FL,ASO,ES,Combined TRACON& Tower with Radar,24,14,57,14,109,0,0,6,2,8,24,14,63,16,117,44,0,44,161
01/26/2022,TLH,FL,ASO,ES,Combined TRACON& Tower with Radar,28,20,58,47,153,0,3,47,10,60,28,23,105,57,213,108,28,136,349
01/27/2022,TLH,FL,ASO,ES,Combined TRACON& Tower with Radar,32,20,71,14,137,0,2,51,13,66,32,22,122,27,203,50,0,50,253
01/28/2022,TLH,FL,ASO,ES,Combined TRACON& Tower with Radar,30,14,47,62,153,0,2,38,24,64,30,16,85,86,217,90,18,108,325
01/29/2022,TLH,FL,ASO,ES,Combined TRACON& Tower with Radar,24,12,26,2,64,0,4,32,2,38,24,16,58,4,102,26,0,26,128
01/30/2022,TLH,FL,ASO,ES,Combined TRACON& Tower with Radar,29,10,33,20,92,0,2,55,18,75,29,12,88,38,167,24,0,24,191
01/31/2022,TLH,FL,ASO,ES,Combined TRACON& Tower with Radar,23,12,54,27,116,0,4,56,1,61,23,16,110,28,177,72,30,102,279
02/01/2022,TLH,FL,ASO,ES,Combined TRACON& Tower with Radar,22,16,52,39,129,0,1,39,14,54,22,17,91,53,183,34,20,54,237
02/02/2022,TLH,FL,ASO,ES,Combined TRACON& Tower with Radar,27,11,46,53,137,0,2,53,20,75,27,13,99,73,212,18,24,42,254
02/03/2022,TLH,FL,ASO,ES,Combined TRACON& Tower with Radar,27,17,57,81,182,0,0,24,12,36,27,17,81,93,218,8,46,54,272
02/04/2022,TLH,FL,ASO,ES,Combined TRACON& Tower with Radar,25,12,29,0,66,0,0,1,0,1,25,12,30,0,67,0,0,0,67
02/05/2022,TLH,FL,ASO,ES,Combined TRACON& Tower with Radar,24,11,24,15,74,0,6,44,13,63,24,17,68,28,137,50,2,52,189
02/06/2022,TLH,FL,ASO,ES,Combined TRACON& Tower with Radar,31,14,52,22,119,0,0,14,7,21,31,14,66,29,140,28,2,30,170
02/07/2022,TLH,FL,ASO,ES,Combined TRACON& Tower with Radar,25,17,40,22,104,0,1,6,1,8,25,18,46,23,112,10,14,24,136
02/08/2022,TLH,FL,ASO,ES,Combined TRACON& Tower with Radar,24,17,47,40,128,0,1,30,11,42,24,18,77,51,170,34,4,38,208
02/09/2022,TLH,FL,ASO,ES,Combined TRACON& Tower with Radar,27,21,58,25,131,0,2,38,11,51,27,23,96,36,182,42,12,54,236
02/10/2022,TLH,FL,ASO,ES,Combined TRACON& Tower with Radar,29,19,47,32,127,0,3,47,11,61,29,22,94,43,188,22,10,32,220
02/11/2022,TLH,FL,ASO,ES,Combined TRACON& Tower with Radar,31,11,44,57,143,0,10,66,23,99,31,21,110,80,242,26,4,30,272
02/12/2022,TLH,FL,ASO,ES,Combined TRACON& Tower with Radar,23,8,42,17,90,0,38,55,5,98,23,46,97,22,188,20,0,20,208
02/13/2022,TLH,FL,ASO,ES,Combined TRACON& Tower with Radar,28,14,32,14,88,0,0,27,11,38,28,14,59,25,126,18,0,18,144
02/14/2022,TLH,FL,ASO,ES,Combined TRACON& Tower with Radar,27,12,50,36,125,0,13,59,8,80,27,25,109,44,205,70,10,80,285
02/15/2022,TLH,FL,ASO,ES,Combined TRACON& Tower with Radar,25,20,60,48,153,0,3,55,6,64,25,23,115,54,217,40,10,50,267
02/16/2022,TLH,FL,ASO,ES,Combined TRACON& Tower with Radar,29,22,46,26,123,0,0,58,13,71,29,22,104,39,194,70,16,86,280
02/17/2022,TLH,FL,ASO,ES,Combined TRACON& Tower with Radar,28,22,69,32,151,0,0,14,2,16,28,22,83,34,167,20,4,24,191
02/18/2022,TLH,FL,ASO,ES,Combined TRACON& Tower with Radar,28,19,52,54,153,0,0,25,29,54,28,19,77,83,207,62,26,88,295
02/19/2022,TLH,FL,ASO,ES,Combined TRACON& Tower with Radar,23,4,46,10,83,0,7,64,11,82,23,11,110,21,165,76,0,76,241
02/20/2022,TLH,FL,ASO,ES,Combined TRACON& Tower with Radar,24,9,35,16,84,0,28,71,12,111,24,37,106,28,195,38,0,38,233
02/21/2022,TLH,FL,ASO,ES,Combined TRACON& Tower with Radar,30,20,43,0,93,0,5,57,0,62,30,25,100,0,155,52,10,62,217
02/22/2022,TLH,FL,ASO,ES,Combined TRACON& Tower with Radar,21,14,53,60,148,0,2,55,12,69,21,16,108,72,217,54,16,70,287
02/23/2022,TLH,FL,ASO,ES,Combined TRACON& Tower with Radar,27,13,73,39,152,0,0,33,9,42,27,13,106,48,194,62,46,108,302
02/24/2022,TLH,FL,ASO,ES,Combined TRACON& Tower with Radar,21,22,63,62,168,0,4,35,11,50,21,26,98,73,218,14,24,38,256
02/25/2022,TLH,FL,ASO,ES,Combined TRACON& Tower with Radar,30,24,63,90,207,0,0,33,26,59,30,24,96,116,266,38,6,44,310
02/26/2022,TLH,FL,ASO,ES,Combined TRACON& Tower with Radar,24,12,33,15,84,0,0,68,13,81,24,12,101,28,165,74,2,76,241
02/27/2022,TLH,FL,ASO,ES,Combined TRACON& Tower with Radar,29,24,46,73,172,0,5,46,12,63,29,29,92,85,235,14,0,14,249
02/28/2022,TLH,FL,ASO,ES,Combined TRACON& Tower with Radar,26,16,44,13,99,0,0,3,1,4,26,16,47,14,103,0,0,0,103
03/01/2022,TLH,FL,ASO,ES,Combined TRACON& Tower with Radar,27,23,45,32,127,0,1,46,14,61,27,24,91,46,188,102,30,132,320
03/02/2022,TLH,FL,ASO,ES,Combined TRACON& Tower with Radar,28,17,42,24,111,0,0,56,13,69,28,17,98,37,180,74,0,74,254
03/03/2022,TLH,FL,ASO,ES,Combined TRACON& Tower with Radar,26,17,31,27,101,0,2,57,18,77,26,19,88,45,178,74,2,76,254
03/04/2022,TLH,FL,ASO,ES,Combined TRACON& Tower with Radar,29,9,27,37,102,0,1,40,18,59,29,10,67,55,161,72,0,72,233
03/05/2022,TLH,FL,ASO,ES,Combined TRACON& Tower with Radar,24,10,42,14,90,0,1,67,5,73,24,11,109,19,163,32,0,32,195
03/06/2022,TLH,FL,ASO,ES,Combined TRACON& Tower with Radar,23,11,37,39,110,0,2,30,11,43,23,13,67,50,153,20,2,22,175
03/07/2022,TLH,FL,ASO,ES,Combined TRACON& Tower with Radar,25,13,41,96,175,0,2,33,8,43,25,15,74,104,218,46,32,78,296
03/08/2022,TLH,FL,ASO,ES,Combined TRACON& Tower with Radar,25,13,56,72,166,0,2,19,4,25,25,15,75,76,191,36,0,36,227
03/09/2022,TLH,FL,ASO,ES,Combined TRACON& Tower with Radar,24,9,24,0,57,0,0,0,0,0,24,9,24,0,57,0,0,0,57
03/10/2022,TLH,FL,ASO,ES,Combined TRACON& Tower with Radar,27,15,40,14,96,0,0,2,0,2,27,15,42,14,98,0,0,0,98
03/11/2022,TLH,FL,ASO,ES,Combined TRACON& Tower with Radar,27,21,25,0,73,0,0,2,0,2,27,21,27,0,75,0,0,0,75
03/12/2022,TLH,FL,ASO,ES,Combined TRACON& Tower with Radar,25,4,28,0,57,0,1,4,0,5,25,5,32,0,62,0,0,0,62
03/13/2022,TLH,FL,ASO,ES,Combined TRACON& Tower with Radar,24,13,34,7,78,0,14,58,2,74,24,27,92,9,152,30,0,30,182
03/14/2022,TLH,FL,ASO,ES,Combined TRACON& Tower with Radar,25,16,36,23,100,0,10,65,7,82,25,26,101,30,182,22,10,32,214
03/15/2022,TLH,FL,ASO,ES,Combined TRACON& Tower with Radar,28,4,15,6,53,0,0,7,3,10,28,4,22,9,63,48,2,50,113
03/16/2022,TLH,FL,ASO,ES,Combined TRACON& Tower with Radar,25,10,35,59,129,0,0,35,23,58,25,10,70,82,187,28,72,100,287
03/17/2022,TLH,FL,ASO,ES,Combined TRACON& Tower with Radar,25,23,31,54,133,0,1,42,19,62,25,24,73,73,195,36,48,84,279
03/18/2022,TLH,FL,ASO,ES,Combined TRACON& Tower with Radar,22,19,26,2,69,0,0,16,2,18,22,19,42,4,87,54,0,54,141
03/19/2022,TLH,FL,ASO,ES,Combined TRACON& Tower with Radar,22,4,21,2,49,0,0,6,2,8,22,4,27,4,57,0,0,0,57
03/20/2022,TLH,FL,ASO,ES,Combined TRACON& Tower with Radar,24,15,50,16,105,0,9,39,4,52,24,24,89,20,157,34,0,34,191
03/21/2022,TLH,FL,ASO,ES,Combined TRACON& Tower with Radar,24,15,43,15,97,0,4,68,8,80,24,19,111,23,177,64,18,82,259
03/22/2022,TLH,FL,ASO,ES,Combined TRACON& Tower with Radar,25,15,56,30,126,0,8,37,9,54,25,23,93,39,180,52,14,66,246
03/23/2022,TLH,FL,ASO,ES,Combined TRACON& Tower with Radar,24,8,19,6,57,0,0,0,0,0,24,8,19,6,57,0,0,0,57
03/24/2022,TLH,FL,ASO,ES,Combined TRACON& Tower with Radar,24,15,48,21,108,0,1,21,10,32,24,16,69,31,140,62,2,64,204
03/25/2022,TLH,FL,ASO,ES,Combined TRACON& Tower with Radar,27,14,39,63,143,0,1,63,18,82,27,15,102,81,225,42,0,42,267
03/26/2022,TLH,FL,ASO,ES,Combined TRACON& Tower with Radar,24,7,29,6,66,0,5,28,3,36,24,12,57,9,102,72,0,72,174
03/27/2022,TLH,FL,ASO,ES,Combined TRACON& Tower with Radar,25,10,44,52,131,0,2,53,21,76,25,12,97,73,207,54,10,64,271
03/28/2022,TLH,FL,ASO,ES,Combined TRACON& Tower with Radar,24,16,46,55,141,0,5,44,8,57,24,21,90,63,198,32,8,40,238
03/29/2022,TLH,FL,ASO,ES,Combined TRACON& Tower with Radar,26,17,37,38,118,0,6,28,14,48,26,23,65,52,166,56,6,62,228
03/30/2022,TLH,FL,ASO,ES,Combined TRACON& Tower with Radar,25,14,43,8,90,0,2,29,7,38,25,16,72,15,128,28,0,28,156
03/31/2022,TLH,FL,ASO,ES,Combined TRACON& Tower with Radar,23,17,31,13,84,0,1,4,5,10,23,18,35,18,94,8,0,8,102
04/01/2022,TLH,FL,ASO,ES,Combined TRACON& Tower with Radar,23,19,60,48,150,0,7,66,18,91,23,26,126,66,241,86,6,92,333
04/02/2022,TLH,FL,ASO,ES,Combined TRACON& Tower with Radar,18,11,22,5,56,0,3,21,2,26,18,14,43,7,82,12,0,12,94
04/03/2022,TLH,FL,ASO,ES,Combined TRACON& Tower with Radar,20,12,51,21,104,0,2,47,11,60,20,14,98,32,164,38,6,44,208
04/04/2022,TLH,FL,ASO,ES,Combined TRACON& Tower with Radar,22,13,55,28,118,0,7,52,12,71,22,20,107,40,189,48,8,56,245
04/05/2022,TLH,FL,ASO,ES,Combined TRACON& Tower with Radar,24,16,30,16,86,0,1,0,0,1,24,17,30,16,87,0,0,0,87
04/06/2022,TLH,FL,ASO,ES,Combined TRACON& Tower with Radar,27,17,30,2,76,0,0,0,0,0,27,17,30,2,76,0,0,0,76
04/07/2022,TLH,FL,ASO,ES,Combined TRACON& Tower with Radar,31,22,48,18,119,0,3,27,17,47,31,25,75,35,166,38,0,38,204
04/08/2022,TLH,FL,ASO,ES,Combined TRACON& Tower with Radar,27,14,44,17,102,0,1,37,14,52,27,15,81,31,154,52,0,52,206
04/09/2022,TLH,FL,ASO,ES,Combined TRACON& Tower with Radar,25,13,35,4,77,0,1,24,7,32,25,14,59,11,109,0,0,0,109
04/10/2022,TLH,FL,ASO,ES,Combined TRACON& Tower with Radar,27,10,50,19,106,0,36,55,16,107,27,46,105,35,213,80,0,80,293
04/11/2022,TLH,FL,ASO,ES,Combined TRACON& Tower with Radar,27,19,39,87,172,0,0,41,10,51,27,19,80,97,223,95,38,133,356
04/12/2022,TLH,FL,ASO,ES,Combined TRACON& Tower with Radar,28,16,34,77,155,0,3,54,16,73,28,19,88,93,228,76,34,110,338
04/13/2022,TLH,FL,ASO,ES,Combined TRACON& Tower with Radar,30,19,63,66,178,0,0,45,18,63,30,19,108,84,241,94,26,120,361
04/14/2022,TLH,FL,ASO,ES,Combined TRACON& Tower with Radar,29,18,35,6,88,0,0,17,11,28,29,18,52,17,116,38,0,38,154
04/15/2022,TLH,FL,ASO,ES,Combined TRACON& Tower with Radar,28,11,33,12,84,0,1,49,16,66,28,12,82,28,150,108,2,110,260
04/16/2022,TLH,FL,ASO,ES,Combined TRACON& Tower with Radar,27,2,32,0,61,0,1,20,4,25,27,3,52,4,86,52,0,52,138
04/17/2022,TLH,FL,ASO,ES,Combined TRACON& Tower with Radar,29,5,22,8,64,0,2,25,11,38,29,7,47,19,102,40,22,62,164
04/18/2022,TLH,FL,ASO,ES,Combined TRACON& Tower with Radar,26,19,61,60,166,0,3,21,1,25,26,22,82,61,191,92,20,112,303
04/19/2022,TLH,FL,ASO,ES,Combined TRACON& Tower with Radar,28,10,46,20,104,0,8,43,10,61,28,18,89,30,165,78,0,78,243
04/20/2022,TLH,FL,ASO,ES,Combined TRACON& Tower with Radar,27,11,48,68,154,0,14,59,15,88,27,25,107,83,242,84,14,98,340
04/21/2022,TLH,FL,ASO,ES,Combined TRACON& Tower with Radar,30,19,42,17,108,0,3,49,10,62,30,22,91,27,170,34,0,34,204
04/22/2022,TLH,FL,ASO,ES,Combined TRACON& Tower with Radar,28,18,33,20,99,0,0,49,15,64,28,18,82,35,163,42,0,42,205
04/23/2022,TLH,FL,ASO,ES,Combined TRACON& Tower with Radar,29,8,39,2,78,0,3,55,4,62,29,11,94,6,140,42,0,42,182
04/24/2022,TLH,FL,ASO,ES,Combined TRACON& Tower with Radar,28,13,28,36,105,0,10,41,20,71,28,23,69,56,176,40,23,63,239
04/25/2022,TLH,FL,ASO,ES,Combined TRACON& Tower with Radar,27,13,47,33,120,0,6,44,9,59,27,19,91,42,179,110,26,136,315
04/26/2022,TLH,FL,ASO,ES,Combined TRACON& Tower with Radar,29,16,22,16,83,0,1,40,4,45,29,17,62,20,128,84,0,84,212
04/27/2022,TLH,FL,ASO,ES,Combined TRACON& Tower with Radar,26,14,48,30,118,0,3,56,25,84,26,17,104,55,202,94,4,98,300
04/28/2022,TLH,FL,ASO,ES,Combined TRACON& Tower with Radar,26,11,52,52,141,0,4,57,14,75,26,15,109,66,216,92,36,128,344
04/29/2022,TLH,FL,ASO,ES,Combined TRACON& Tower with Radar,28,18,87,30,163,0,0,47,16,63,28,18,134,46,226,58,6,64,290
04/30/2022,TLH,FL,ASO,ES,Combined TRACON& Tower with Radar,27,11,40,0,78,0,0,38,2,40,27,11,78,2,118,90,0,90,208
05/01/2022,TLH,FL,ASO,ES,Combined TRACON& Tower with Radar,27,13,35,36,111,0,0,21,18,39,27,13,56,54,150,20,0,20,170
05/02/2022,TLH,FL,ASO,ES,Combined TRACON& Tower with Radar,27,15,42,31,115,0,2,58,3,63,27,17,100,34,178,34,40,74,252
05/03/2022,TLH,FL,ASO,ES,Combined TRACON& Tower with Radar,28,13,30,11,82,0,2,43,5,50,28,15,73,16,132,30,6,36,168
05/04/2022,TLH,FL,ASO,ES,Combined TRACON& Tower with Radar,27,22,61,31,141,0,0,30,4,34,27,22,91,35,175,22,0,22,197
05/05/2022,TLH,FL,ASO,ES,Combined TRACON& Tower with Radar,27,25,36,38,126,0,6,63,18,87,27,31,99,56,213,50,28,78,291
05/06/2022,TLH,FL,ASO,ES,Combined TRACON& Tower with Radar,26,12,34,0,72,0,0,6,6,12,26,12,40,6,84,0,0,0,84
05/07/2022,TLH,FL,ASO,ES,Combined TRACON& Tower with Radar,24,8,21,4,57,0,3,44,6,53,24,11,65,10,110,34,0,34,144
05/08/2022,TLH,FL,ASO,ES,Combined TRACON& Tower with Radar,28,8,20,23,79,0,7,51,10,68,28,15,71,33,147,18,0,18,165
05/09/2022,TLH,FL,ASO,ES,Combined TRACON& Tower with Radar,25,27,47,22,121,0,7,44,9,60,25,34,91,31,181,32,30,62,243
05/10/2022,TLH,FL,ASO,ES,Combined TRACON& Tower with Radar,25,14,34,24,97,0,8,60,21,89,25,22,94,45,186,50,38,88,274
05/11/2022,TLH,FL,ASO,ES,Combined TRACON& Tower with Radar,25,19,51,23,118,0,3,59,15,77,25,22,110,38,195,32,22,54,249
05/12/2022,TLH,FL,ASO,ES,Combined TRACON& Tower with Radar,28,13,56,47,144,0,1,41,16,58,28,14,97,63,202,20,18,38,240
05/13/2022,TLH,FL,ASO,ES,Combined TRACON& Tower with Radar,27,7,42,8,84,0,2,26,15,43,27,9,68,23,127,18,6,24,151
05/14/2022,TLH,FL,ASO,ES,Combined TRACON& Tower with Radar,26,9,25,10,70,0,13,47,4,64,26,22,72,14,134,96,0,96,230
05/15/2022,TLH,FL,ASO,ES,Combined TRACON& Tower with Radar,25,14,25,21,85,0,1,35,11,47,25,15,60,32,132,36,0,36,168
05/16/2022,TLH,FL,ASO,ES,Combined TRACON& Tower with Radar,25,14,42,20,101,0,6,43,3,52,25,20,85,23,153,73,0,73,226
05/17/2022,TLH,FL,ASO,ES,Combined TRACON& Tower with Radar,25,9,44,18,96,0,1,46,10,57,25,10,90,28,153,58,6,64,217
05/18/2022,TLH,FL,ASO,ES,Combined TRACON& Tower with Radar,26,17,38,24,105,0,0,61,10,71,26,17,99,34,176,50,12,62,238
05/19/2022,TLH,FL,ASO,ES,Combined TRACON& Tower with Radar,25,22,77,18,142,0,6,38,4,48,25,28,115,22,190,29,4,33,223
05/20/2022,TLH,FL,ASO,ES,Combined TRACON& Tower with Radar,22,17,41,34,114,0,1,42,13,56,22,18,83,47,170,17,8,25,195
05/21/2022,TLH,FL,ASO,ES,Combined TRACON& Tower with Radar,24,8,13,1,46,0,0,4,4,8,24,8,17,5,54,44,0,44,98
05/22/2022,TLH,FL,ASO,ES,Combined TRACON& Tower with Radar,27,17,36,18,98,0,1,14,0,15,27,18,50,18,113,78,0,78,191
05/23/2022,TLH,FL,ASO,ES,Combined TRACON& Tower with Radar,27,14,33,11,85,0,0,6,2,8,27,14,39,13,93,56,0,56,149
05/24/2022,TLH,FL,ASO,ES,Combined TRACON& Tower with Radar,23,17,45,69,154,0,2,38,9,49,23,19,83,78,203,42,60,102,305
05/25/2022,TLH,FL,ASO,ES,Combined TRACON& Tower with Radar,27,11,48,5,91,0,2,36,6,44,27,13,84,11,135,47,2,49,184
05/26/2022,TLH,FL,ASO,ES,Combined TRACON& Tower with Radar,26,23,31,0,80,0,0,10,2,12,26,23,41,2,92,10,0,10,102
05/27/2022,TLH,FL,ASO,ES,Combined TRACON& Tower with Radar,27,12,47,5,91,0,2,37,9,48,27,14,84,14,139,1,0,1,140
05/28/2022,TLH,FL,ASO,ES,Combined TRACON& Tower with Radar,20,4,25,0,49,0,2,58,3,63,20,6,83,3,112,24,0,24,136
05/29/2022,TLH,FL,ASO,ES,Combined TRACON& Tower with Radar,24,7,20,0,51,0,0,29,0,29,24,7,49,0,80,28,0,28,108
05/30/2022,TLH,FL,ASO,ES,Combined TRACON& Tower with Radar,24,8,23,0,55,0,2,38,1,41,24,10,61,1,96,20,0,20,116
05/31/2022,TLH,FL,ASO,ES,Combined TRACON& Tower with Radar,28,16,36,22,102,0,0,40,10,50,28,16,76,32,152,34,0,34,186
06/01/2022,TLH,FL,ASO,ES,Combined TRACON& Tower with Radar,24,9,54,46,133,0,1,57,16,74,24,10,111,62,207,26,12,38,245
06/02/2022,TLH,FL,ASO,ES,Combined TRACON& Tower with Radar,28,16,39,51,134,0,7,59,9,75,28,23,98,60,209,24,6,30,239
06/03/2022,TLH,FL,ASO,ES,Combined TRACON& Tower with Radar,25,15,31,66,137,0,2,40,22,64,25,17,71,88,201,33,38,71,272
06/04/2022,TLH,FL,ASO,ES,Combined TRACON& Tower with Radar,24,7,14,3,48,0,1,23,12,36,24,8,37,15,84,90,0,90,174
06/05/2022,TLH,FL,ASO,ES,Combined TRACON& Tower with Radar,25,13,20,10,68,0,0,27,5,32,25,13,47,15,100,0,6,6,106
06/06/2022,TLH,FL,ASO,ES,Combined TRACON& Tower with Radar,28,17,18,14,77,0,0,27,2,29,28,17,45,16,106,48,24,72,178
06/07/2022,TLH,FL,ASO,ES,Combined TRACON& Tower with Radar,27,26,41,46,140,0,2,41,5,48,27,28,82,51,188,76,18,94,282
06/08/2022,TLH,FL,ASO,ES,Combined TRACON& Tower with Radar,26,11,52,51,140,0,15,48,16,79,26,26,100,67,219,54,4,58,277
06/09/2022,TLH,FL,ASO,ES,Combined TRACON& Tower with Radar,26,11,34,7,78,0,1,29,8,38,26,12,63,15,116,16,4,20,136
06/10/2022,TLH,FL,ASO,ES,Combined TRACON& Tower with Radar,26,6,24,12,68,0,3,29,14,46,26,9,53,26,114,0,0,0,114
06/11/2022,TLH,FL,ASO,ES,Combined TRACON& Tower with Radar,23,8,21,1,53,0,0,17,9,26,23,8,38,10,79,38,0,38,117
06/12/2022,TLH,FL,ASO,ES,Combined TRACON& Tower with Radar,26,17,21,0,64,0,0,16,4,20,26,17,37,4,84,36,0,36,120
06/13/2022,TLH,FL,ASO,ES,Combined TRACON& Tower with Radar,26,10,26,12,74,0,5,22,6,33,26,15,48,18,107,58,0,58,165
06/14/2022,TLH,FL,ASO,ES,Combined TRACON& Tower with Radar,21,12,30,10,73,0,5,36,3,44,21,17,66,13,117,120,0,120,237
06/15/2022,TLH,FL,ASO,ES,Combined TRACON& Tower with Radar,30,12,39,46,127,0,2,36,15,53,30,14,75,61,180,48,22,70,250
06/16/2022,TLH,FL,ASO,ES,Combined TRACON& Tower with Radar,26,11,42,17,96,0,5,42,13,60,26,16,84,30,156,58,0,58,214
06/17/2022,TLH,FL,ASO,ES,Combined TRACON& Tower with Radar,26,13,32,22,93,0,25,32,15,72,26,38,64,37,165,56,0,56,221
06/18/2022,TLH,FL,ASO,ES,Combined TRACON& Tower with Radar,26,10,20,0,56,0,4,66,0,70,26,14,86,0,126,50,0,50,176
06/19/2022,TLH,FL,ASO,ES,Combined TRACON& Tower with Radar,26,7,19,10,62,0,1,53,4,58,26,8,72,14,120,50,0,50,170
06/20/2022,TLH,FL,ASO,ES,Combined TRACON& Tower with Radar,28,10,38,7,83,0,3,28,1,32,28,13,66,8,115,34,0,34,149
06/21/2022,TLH,FL,ASO,ES,Combined TRACON& Tower with Radar,25,13,24,58,120,0,0,58,19,77,25,13,82,77,197,46,26,72,269
06/22/2022,TLH,FL,ASO,ES,Combined TRACON& Tower with Radar,25,10,47,43,125,0,8,59,23,90,25,18,106,66,215,38,36,74,289
06/23/2022,TLH,FL,ASO,ES,Combined TRACON& Tower with Radar,27,9,43,48,127,0,9,38,4,51,27,18,81,52,178,34,40,74,252
06/24/2022,TLH,FL,ASO,ES,Combined TRACON& Tower with Radar,31,5,16,41,93,0,0,30,7,37,31,5,46,48,130,26,24,50,180
06/25/2022,TLH,FL,ASO,ES,Combined TRACON& Tower with Radar,25,2,12,4,43,0,0,15,2,17,25,2,27,6,60,78,0,78,138
06/26/2022,TLH,FL,ASO,ES,Combined TRACON& Tower with Radar,25,4,20,6,55,0,1,29,5,35,25,5,49,11,90,26,0,26,116
06/27/2022,TLH,FL,ASO,ES,Combined TRACON& Tower with Radar,26,6,46,76,154,0,1,59,12,72,26,7,105,88,226,30,28,58,284
06/28/2022,TLH,FL,ASO,ES,Combined TRACON& Tower with Radar,27,7,28,18,80,0,0,28,4,32,27,7,56,22,112,40,10,50,162
06/29/2022,TLH,FL,ASO,ES,Combined TRACON& Tower with Radar,27,7,29,25,88,0,0,29,3,32,27,7,58,28,120,20,2,22,142
06/30/2022,TLH,FL,ASO,ES,Combined TRACON& Tower with Radar,26,10,32,15,83,0,0,20,5,25,26,10,52,20,108,14,4,18,126
07/01/2022,TLH,FL,ASO,ES,Combined TRACON& Tower with Radar,31,12,34,2,79,0,0,34,7,41,31,12,68,9,120,6,0,6,126
07/02/2022,TLH,FL,ASO,ES,Combined TRACON& Tower with Radar,23,2,17,2,44,0,0,28,0,28,23,2,45,2,72,6,0,6,78
07/03/2022,TLH,FL,ASO,ES,Combined TRACON& Tower with Radar,24,4,16,0,44,0,1,10,0,11,24,5,26,0,55,26,0,26,81
07/04/2022,TLH,FL,ASO,ES,Combined TRACON& Tower with Radar,23,8,14,0,45,0,1,28,4,33,23,9,42,4,78,8,0,8,86
07/05/2022,TLH,FL,ASO,ES,Combined TRACON& Tower with Radar,26,6,19,13,64,0,0,28,5,33,26,6,47,18,97,28,14,42,139
07/06/2022,TLH,FL,ASO,ES,Combined TRACON& Tower with Radar,27,12,32,74,145,0,6,32,12,50,27,18,64,86,195,44,22,66,261
07/07/2022,TLH,FL,ASO,ES,Combined TRACON& Tower with Radar,27,9,31,67,134,0,3,46,20,69,27,12,77,87,203,10,20,30,233
07/08/2022,TLH,FL,ASO,ES,Combined TRACON& Tower with Radar,26,10,21,38,95,0,3,36,9,48,26,13,57,47,143,16,2,18,161
07/09/2022,TLH,FL,ASO,ES,Combined TRACON& Tower with Radar,25,1,17,6,49,0,0,22,6,28,25,1,39,12,77,24,0,24,101
07/10/2022,TLH,FL,ASO,ES,Combined TRACON& Tower with Radar,27,11,22,10,70,0,0,7,4,11,27,11,29,14,81,0,0,0,81
07/11/2022,TLH,FL,ASO,ES,Combined TRACON& Tower with Radar,26,13,27,0,66,0,1,10,0,11,26,14,37,0,77,24,0,24,101
07/12/2022,TLH,FL,ASO,ES,Combined TRACON& Tower with Radar,27,10,22,0,59,0,1,5,0,6,27,11,27,0,65,0,0,0,65
07/13/2022,TLH,FL,ASO,ES,Combined TRACON& Tower with Radar,27,13,47,8,95,0,0,21,6,27,27,13,68,14,122,62,10,72,194
07/14/2022,TLH,FL,ASO,ES,Combined TRACON& Tower with Radar,29,6,31,11,77,0,0,23,11,34,29,6,54,22,111,12,0,12,123
07/15/2022,TLH,FL,ASO,ES,Combined TRACON& Tower with Radar,27,7,19,8,61,0,0,18,4,22,27,7,37,12,83,82,0,82,165
07/16/2022,TLH,FL,ASO,ES,Combined TRACON& Tower with Radar,24,4,21,4,53,0,3,36,2,41,24,7,57,6,94,40,0,40,134
07/17/2022,TLH,FL,ASO,ES,Combined TRACON& Tower with Radar,27,4,22,2,55,0,0,30,0,30,27,4,52,2,85,62,0,62,147
07/18/2022,TLH,FL,ASO,ES,Combined TRACON& Tower with Radar,27,15,25,4,71,0,4,30,2,36,27,19,55,6,107,46,0,46,153
07/19/2022,TLH,FL,ASO,ES,Combined TRACON& Tower with Radar,28,12,26,6,72,0,3,21,5,29,28,15,47,11,101,22,0,22,123
07/20/2022,TLH,FL,ASO,ES,Combined TRACON& Tower with Radar,27,15,36,2,80,0,5,28,7,40,27,20,64,9,120,18,0,18,138
07/21/2022,TLH,FL,ASO,ES,Combined TRACON& Tower with Radar,27,11,28,20,86,0,1,41,10,52,27,12,69,30,138,24,12,36,174
07/22/2022,TLH,FL,ASO,ES,Combined TRACON& Tower with Radar,28,10,28,36,102,0,0,42,17,59,28,10,70,53,161,30,10,40,201
07/23/2022,TLH,FL,ASO,ES,Combined TRACON& Tower with Radar,24,3,22,1,50,0,0,49,7,56,24,3,71,8,106,18,0,18,124
07/24/2022,TLH,FL,ASO,ES,Combined TRACON& Tower with Radar,27,6,14,24,71,0,0,22,10,32,27,6,36,34,103,28,0,28,131
07/25/2022,TLH,FL,ASO,ES,Combined TRACON& Tower with Radar,25,22,12,27,86,0,3,17,6,26,25,25,29,33,112,36,18,54,166
07/26/2022,TLH,FL,ASO,ES,Combined TRACON& Tower with Radar,27,14,23,31,95,0,8,31,6,45,27,22,54,37,140,68,20,88,228
07/27/2022,TLH,FL,ASO,ES,Combined TRACON& Tower with Radar,27,10,25,7,69,0,5,29,5,39,27,15,54,12,108,0,0,0,108
07/28/2022,TLH,FL,ASO,ES,Combined TRACON& Tower with Radar,27,8,18,7,60,0,6,23,5,34,27,14,41,12,94,12,10,22,116
07/29/2022,TLH,FL,ASO,ES,Combined TRACON& Tower with Radar,26,9,34,26,95,0,1,37,10,48,26,10,71,36,143,32,20,52,195
07/30/2022,TLH,FL,ASO,ES,Combined TRACON& Tower with Radar,24,4,22,0,50,0,7,51,2,60,24,11,73,2,110,62,0,62,172
07/31/2022,TLH,FL,ASO,ES,Combined TRACON& Tower with Radar,27,12,25,8,72,0,9,37,9,55,27,21,62,17,127,46,0,46,173
08/01/2022,TLH,FL,ASO,ES,Combined TRACON& Tower with Radar,27,15,28,27,97,0,7,17,10,34,27,22,45,37,131,36,10,46,177
08/02/2022,TLH,FL,ASO,ES,Combined TRACON& Tower with Radar,27,18,28,29,102,0,3,38,5,46,27,21,66,34,148,8,18,26,174
08/03/2022,TLH,FL,ASO,ES,Combined TRACON& Tower with Radar,27,11,28,69,135,0,2,33,12,47,27,13,61,81,182,42,8,50,232
08/04/2022,TLH,FL,ASO,ES,Combined TRACON& Tower with Radar,30,16,47,13,106,0,2,42,8,52,30,18,89,21,158,34,0,34,192
08/05/2022,TLH,FL,ASO,ES,Combined TRACON& Tower with Radar,30,9,21,33,93,0,4,31,20,55,30,13,52,53,148,20,0,20,168
08/06/2022,TLH,FL,ASO,ES,Combined TRACON& Tower with Radar,29,1,15,0,45,0,0,33,2,35,29,1,48,2,80,24,0,24,104
08/07/2022,TLH,FL,ASO,ES,Combined TRACON& Tower with Radar,29,6,21,15,71,0,1,33,10,44,29,7,54,25,115,18,0,18,133
08/08/2022,TLH,FL,ASO,ES,Combined TRACON& Tower with Radar,29,15,17,26,87,0,0,26,2,28,29,15,43,28,115,4,16,20,135
08/09/2022,TLH,FL,ASO,ES,Combined TRACON& Tower with Radar,29,9,12,18,68,0,4,28,9,41,29,13,40,27,109,30,10,40,149
08/10/2022,TLH,FL,ASO,ES,Combined TRACON& Tower with Radar,30,9,14,26,79,0,1,12,8,21,30,10,26,34,100,0,12,12,112
08/11/2022,TLH,FL,ASO,ES,Combined TRACON& Tower with Radar,27,11,28,23,89,0,0,19,2,21,27,11,47,25,110,0,14,14,124
08/12/2022,TLH,FL,ASO,ES,Combined TRACON& Tower with Radar,30,9,31,13,83,0,0,27,16,43,30,9,58,29,126,48,0,48,174
08/13/2022,TLH,FL,ASO,ES,Combined TRACON& Tower with Radar,27,4,19,0,50,0,2,20,0,22,27,6,39,0,72,50,0,50,122
08/14/2022,TLH,FL,ASO,ES,Combined TRACON& Tower with Radar,29,9,24,23,85,0,3,37,16,56,29,12,61,39,141,100,0,100,241
08/15/2022,TLH,FL,ASO,ES,Combined TRACON& Tower with Radar,30,17,35,39,121,0,2,43,7,52,30,19,78,46,173,42,32,74,247
08/16/2022,TLH,FL,ASO,ES,Combined TRACON& Tower with Radar,30,8,38,17,93,0,6,45,3,54,30,14,83,20,147,26,0,26,173
08/17/2022,TLH,FL,ASO,ES,Combined TRACON& Tower with Radar,25,7,48,22,102,0,3,31,14,48,25,10,79,36,150,22,4,26,176
08/18/2022,TLH,FL,ASO,ES,Combined TRACON& Tower with Radar,28,11,28,1,68,0,0,10,8,18,28,11,38,9,86,66,0,66,152
08/19/2022,TLH,FL,ASO,ES,Combined TRACON& Tower with Radar,26,12,30,43,111,0,1,44,25,70,26,13,74,68,181,30,4,34,215
08/20/2022,TLH,FL,ASO,ES,Combined TRACON& Tower with Radar,25,10,29,0,64,0,0,39,6,45,25,10,68,6,109,62,0,62,171
08/21/2022,TLH,FL,ASO,ES,Combined TRACON& Tower with Radar,24,8,33,11,76,0,0,26,12,38,24,8,59,23,114,66,0,66,180
08/22/2022,TLH,FL,ASO,ES,Combined TRACON& Tower with Radar,26,14,23,84,147,0,5,38,7,50,26,19,61,91,197,80,56,136,333
08/23/2022,TLH,FL,ASO,ES,Combined TRACON& Tower with Radar,24,13,37,61,135,0,5,31,9,45,24,18,68,70,180,50,22,72,252
08/24/2022,TLH,FL,ASO,ES,Combined TRACON& Tower with Radar,26,16,38,19,99,0,1,35,4,40,26,17,73,23,139,30,40,70,209
08/25/2022,TLH,FL,ASO,ES,Combined TRACON& Tower with Radar,26,25,26,15,92,0,1,8,4,13,26,26,34,19,105,18,8,26,131
08/26/2022,TLH,FL,ASO,ES,Combined TRACON& Tower with Radar,30,19,48,35,132,0,0,30,11,41,30,19,78,46,173,26,10,36,209
08/27/2022,TLH,FL,ASO,ES,Combined TRACON& Tower with Radar,25,10,48,0,83,0,0,27,2,29,25,10,75,2,112,0,0,0,112
08/28/2022,TLH,FL,ASO,ES,Combined TRACON& Tower with Radar,24,13,30,10,77,0,0,27,3,30,24,13,57,13,107,32,0,32,139
08/29/2022,TLH,FL,ASO,ES,Combined TRACON& Tower with Radar,27,12,19,18,76,0,0,21,1,22,27,12,40,19,98,86,0,86,184
08/30/2022,TLH,FL,ASO,ES,Combined TRACON& Tower with Radar,27,9,37,48,121,0,0,35,8,43,27,9,72,56,164,42,14,56,220
08/31/2022,TLH,FL,ASO,ES,Combined TRACON& Tower with Radar,25,13,33,43,114,0,0,32,11,43,25,13,65,54,157,22,28,50,207
09/01/2022,TLH,FL,ASO,ES,Combined TRACON& Tower with Radar,29,18,19,15,81,0,3,31,18,52,29,21,50,33,133,62,14,76,209
09/02/2022,TLH,FL,ASO,ES,Combined TRACON& Tower with Radar,27,9,39,0,75,0,0,28,6,34,27,9,67,6,109,138,0,138,247
09/03/2022,TLH,FL,ASO,ES,Combined TRACON& Tower with Radar,23,5,33,3,64,0,1,35,11,47,23,6,68,14,111,82,0,82,193
09/04/2022,TLH,FL,ASO,ES,Combined TRACON& Tower with Radar,24,7,11,4,46,0,2,27,0,29,24,9,38,4,75,30,0,30,105
09/05/2022,TLH,FL,ASO,ES,Combined TRACON& Tower with Radar,26,21,37,1,85,0,2,25,1,28,26,23,62,2,113,48,2,50,163
09/06/2022,TLH,FL,ASO,ES,Combined TRACON& Tower with Radar,27,13,31,66,137,0,6,57,9,72,27,19,88,75,209,36,18,54,263
09/07/2022,TLH,FL,ASO,ES,Combined TRACON& Tower with Radar,26,16,37,85,164,0,0,53,15,68,26,16,90,100,232,40,32,72,304
09/08/2022,TLH,FL,ASO,ES,Combined TRACON& Tower with Radar,28,15,29,24,96,0,0,28,9,37,28,15,57,33,133,8,0,8,141
09/09/2022,TLH,FL,ASO,ES,Combined TRACON& Tower with Radar,30,15,27,26,98,0,0,11,2,13,30,15,38,28,111,116,6,122,233
09/10/2022,TLH,FL,ASO,ES,Combined TRACON& Tower with Radar,23,7,16,4,50,0,0,8,4,12,23,7,24,8,62,74,6,80,142
09/11/2022,TLH,FL,ASO,ES,Combined TRACON& Tower with Radar,27,12,17,0,56,0,1,16,2,19,27,13,33,2,75,68,0,68,143
09/12/2022,TLH,FL,ASO,ES,Combined TRACON& Tower with Radar,27,17,32,33,109,0,1,18,4,23,27,18,50,37,132,72,18,90,222
09/13/2022,TLH,FL,ASO,ES,Combined TRACON& Tower with Radar,24,16,39,18,97,0,0,37,8,45,24,16,76,26,142,52,0,52,194
09/14/2022,TLH,FL,ASO,ES,Combined TRACON& Tower with Radar,24,13,30,29,96,0,3,47,12,62,24,16,77,41,158,135,32,167,325
09/15/2022,TLH,FL,ASO,ES,Combined TRACON& Tower with Radar,29,15,46,33,123,0,8,61,15,84,29,23,107,48,207,44,16,60,267
09/16/2022,TLH,FL,ASO,ES,Combined TRACON& Tower with Radar,27,10,27,44,108,0,3,42,20,65,27,13,69,64,173,50,34,84,257
09/17/2022,TLH,FL,ASO,ES,Combined TRACON& Tower with Radar,24,10,40,6,80,0,1,62,8,71,24,11,102,14,151,56,0,56,207
09/18/2022,TLH,FL,ASO,ES,Combined TRACON& Tower with Radar,28,13,34,17,92,0,0,42,5,47,28,13,76,22,139,80,0,80,219
09/19/2022,TLH,FL,ASO,ES,Combined TRACON& Tower with Radar,27,31,31,39,128,0,7,41,3,51,27,38,72,42,179,72,30,102,281
09/20/2022,TLH,FL,ASO,ES,Combined TRACON& Tower with Radar,24,17,41,40,122,0,0,39,17,56,24,17,80,57,178,94,14,108,286
09/21/2022,TLH,FL,ASO,ES,Combined TRACON& Tower with Radar,25,16,41,51,133,0,2,38,6,46,25,18,79,57,179,76,50,126,305
09/22/2022,TLH,FL,ASO,ES,Combined TRACON& Tower with Radar,28,14,55,29,126,0,16,49,16,81,28,30,104,45,207,48,14,62,269
09/23/2022,TLH,FL,ASO,ES,Combined TRACON& Tower with Radar,30,31,50,25,136,0,1,68,7,76,30,32,118,32,212,23,10,33,245
09/24/2022,TLH,FL,ASO,ES,Combined TRACON& Tower with Radar,24,6,34,6,70,0,12,63,8,83,24,18,97,14,153,98,0,98,251
09/25/2022,TLH,FL,ASO,ES,Combined TRACON& Tower with Radar,30,20,50,29,129,0,20,58,13,91,30,40,108,42,220,42,0,42,262
09/26/2022,TLH,FL,ASO,ES,Combined TRACON& Tower with Radar,28,21,39,5,93,0,13,46,1,60,28,34,85,6,153,84,0,84,237
09/27/2022,TLH,FL,ASO,ES,Combined TRACON& Tower with Radar,24,9,45,0,78,0,6,42,13,61,24,15,87,13,139,50,0,50,189
09/28/2022,TLH,FL,ASO,ES,Combined TRACON& Tower with Radar,21,3,10,0,34,0,0,13,10,23,21,3,23,10,57,0,0,0,57
09/29/2022,TLH,FL,ASO,ES,Combined TRACON& Tower with Radar,31,8,27,8,74,0,0,32,11,43,31,8,59,19,117,0,0,0,117
09/30/2022,TLH,FL,ASO,ES,Combined TRACON& Tower with Radar,28,12,48,11,99,0,1,39,6,46,28,13,87,17,145,26,0,26,171
10/01/2022,TLH,FL,ASO,ES,Combined TRACON& Tower with Radar,23,14,72,3,112,0,7,61,3,71,23,21,133,6,183,54,0,54,237
10/02/2022,TLH,FL,ASO,ES,Combined TRACON& Tower with Radar,27,18,37,3,85,0,2,69,0,71,27,20,106,3,156,46,0,46,202
10/03/2022,TLH,FL,ASO,ES,Combined TRACON& Tower with Radar,29,21,49,17,116,0,3,51,2,56,29,24,100,19,172,80,12,92,264
10/04/2022,TLH,FL,ASO,ES,Combined TRACON& Tower with Radar,25,15,56,49,145,0,7,40,14,61,25,22,96,63,206,40,10,50,256
10/05/2022,TLH,FL,ASO,ES,Combined TRACON& Tower with Radar,28,12,50,25,115,0,3,49,19,71,28,15,99,44,186,38,20,58,244
10/06/2022,TLH,FL,ASO,ES,Combined TRACON& Tower with Radar,25,18,41,13,97,0,7,39,9,55,25,25,80,22,152,6,0,6,158
10/07/2022,TLH,FL,ASO,ES,Combined TRACON& Tower with Radar,28,21,45,35,129,0,7,58,11,76,28,28,103,46,205,36,16,52,257
10/08/2022,TLH,FL,ASO,ES,Combined TRACON& Tower with Radar,22,12,14,1,49,0,33,46,4,83,22,45,60,5,132,64,0,64,196
10/09/2022,TLH,FL,ASO,ES,Combined TRACON& Tower with Radar,26,22,25,2,75,0,21,39,6,66,26,43,64,8,141,24,0,24,165
10/10/2022,TLH,FL,ASO,ES,Combined TRACON& Tower with Radar,28,31,41,15,115,0,0,48,3,51,28,31,89,18,166,26,6,32,198
10/11/2022,TLH,FL,ASO,ES,Combined TRACON& Tower with Radar,29,19,44,26,118,0,2,27,4,33,29,21,71,30,151,24,22,46,197
10/12/2022,TLH,FL,ASO,ES,Combined TRACON& Tower with Radar,26,23,47,34,130,0,0,27,7,34,26,23,74,41,164,50,12,62,226
10/13/2022,TLH,FL,ASO,ES,Combined TRACON& Tower with Radar,24,34,39,26,123,0,8,33,21,62,24,42,72,47,185,36,18,54,239
10/14/2022,TLH,FL,ASO,ES,Combined TRACON& Tower with Radar,30,32,52,28,142,0,2,71,16,89,30,34,123,44,231,60,8,68,299
10/15/2022,TLH,FL,ASO,ES,Combined TRACON& Tower with Radar,23,30,60,6,119,0,28,65,5,98,23,58,125,11,217,34,0,34,251
10/16/2022,TLH,FL,ASO,ES,Combined TRACON& Tower with Radar,26,41,66,27,160,0,20,78,9,107,26,61,144,36,267,48,0,48,315
10/17/2022,TLH,FL,ASO,ES,Combined TRACON& Tower with Radar,23,28,45,25,121,0,2,29,4,35,23,30,74,29,156,67,0,67,223
10/18/2022,TLH,FL,ASO,ES,Combined TRACON& Tower with Radar,28,19,25,36,108,0,4,41,10,55,28,23,66,46,163,54,6,60,223
10/19/2022,TLH,FL,ASO,ES,Combined TRACON& Tower with Radar,27,26,50,26,129,0,1,58,11,70,27,27,108,37,199,34,0,34,233
10/20/2022,TLH,FL,ASO,ES,Combined TRACON& Tower with Radar,28,13,48,18,107,0,13,51,10,74,28,26,99,28,181,26,12,38,219
10/21/2022,TLH,FL,ASO,ES,Combined TRACON& Tower with Radar,26,20,44,73,163,0,18,53,38,109,26,38,97,111,272,59,36,95,367
10/22/2022,TLH,FL,ASO,ES,Combined TRACON& Tower with Radar,24,16,29,6,75,0,4,52,4,60,24,20,81,10,135,126,0,126,261
10/23/2022,TLH,FL,ASO,ES,Combined TRACON& Tower with Radar,26,17,29,32,104,0,10,43,18,71,26,27,72,50,175,59,8,67,242
10/24/2022,TLH,FL,ASO,ES,Combined TRACON& Tower with Radar,23,19,34,40,116,0,7,43,5,55,23,26,77,45,171,28,26,54,225
10/25/2022,TLH,FL,ASO,ES,Combined TRACON& Tower with Radar,26,31,46,24,127,0,7,38,5,50,26,38,84,29,177,100,12,112,289
10/26/2022,TLH,FL,ASO,ES,Combined TRACON& Tower with Radar,26,18,29,47,120,0,4,44,13,61,26,22,73,60,181,74,8,82,263
10/27/2022,TLH,FL,ASO,ES,Combined TRACON& Tower with Radar,26,27,56,35,144,0,0,72,14,86,26,27,128,49,230,22,14,36,266
10/28/2022,TLH,FL,ASO,ES,Combined TRACON& Tower with Radar,27,30,68,47,172,0,1,37,11,49,27,31,105,58,221,32,0,32,253
10/29/2022,TLH,FL,ASO,ES,Combined TRACON& Tower with Radar,20,17,47,0,84,0,0,4,0,4,20,17,51,0,88,0,0,0,88
10/30/2022,TLH,FL,ASO,ES,Combined TRACON& Tower with Radar,24,23,36,12,95,0,1,14,7,22,24,24,50,19,117,54,0,54,171
10/31/2022,TLH,FL,ASO,ES,Combined TRACON& Tower with Radar,22,28,38,15,103,0,2,25,2,29,22,30,63,17,132,52,0,52,184
11/01/2022,TLH,FL,ASO,ES,Combined TRACON& Tower with Radar,27,21,34,43,125,0,5,47,17,69,27,26,81,60,194,59,20,79,273
11/02/2022,TLH,FL,ASO,ES,Combined TRACON& Tower with Radar,27,13,45,49,134,0,6,43,8,57,27,19,88,57,191,68,0,68,259
11/03/2022,TLH,FL,ASO,ES,Combined TRACON& Tower with Radar,26,25,50,20,121,0,8,47,6,61,26,33,97,26,182,86,20,106,288
11/04/2022,TLH,FL,ASO,ES,Combined TRACON& Tower with Radar,25,17,49,53,144,0,2,52,38,92,25,19,101,91,236,32,20,52,288
11/05/2022,TLH,FL,ASO,ES,Combined TRACON& Tower with Radar,22,16,39,8,85,0,1,56,4,61,22,17,95,12,146,72,0,72,218
11/06/2022,TLH,FL,ASO,ES,Combined TRACON& Tower with Radar,23,23,40,19,105,0,0,42,29,71,23,23,82,48,176,66,0,66,242
11/07/2022,TLH,FL,ASO,ES,Combined TRACON& Tower with Radar,23,38,32,55,148,0,1,36,2,39,23,39,68,57,187,46,60,106,293
11/08/2022,TLH,FL,ASO,ES,Combined TRACON& Tower with Radar,25,20,50,6,101,0,2,55,8,65,25,22,105,14,166,22,10,32,198
11/09/2022,TLH,FL,ASO,ES,Combined TRACON& Tower with Radar,32,16,27,18,93,0,2,29,14,45,32,18,56,32,138,32,10,42,180
11/10/2022,TLH,FL,ASO,ES,Combined TRACON& Tower with Radar,25,3,1,0,29,0,0,0,0,0,25,3,1,0,29,0,0,0,29
11/11/2022,TLH,FL,ASO,ES,Combined TRACON& Tower with Radar,27,14,29,7,77,0,1,16,5,22,27,15,45,12,99,32,0,32,131
11/12/2022,TLH,FL,ASO,ES,Combined TRACON& Tower with Radar,23,5,27,2,57,0,0,46,2,48,23,5,73,4,105,74,0,74,179
11/13/2022,TLH,FL,ASO,ES,Combined TRACON& Tower with Radar,25,9,36,1,71,0,1,44,1,46,25,10,80,2,117,48,0,48,165
11/14/2022,TLH,FL,ASO,ES,Combined TRACON& Tower with Radar,26,12,41,28,107,0,4,49,6,59,26,16,90,34,166,48,16,64,230
11/15/2022,TLH,FL,ASO,ES,Combined TRACON& Tower with Radar,26,14,30,8,78,0,0,1,0,1,26,14,31,8,79,0,0,0,79
11/16/2022,TLH,FL,ASO,ES,Combined TRACON& Tower with Radar,25,20,52,33,130,0,4,30,8,42,25,24,82,41,172,44,28,72,244
11/17/2022,TLH,FL,ASO,ES,Combined TRACON& Tower with Radar,26,19,51,39,135,0,0,43,13,56,26,19,94,52,191,10,0,10,201
11/18/2022,TLH,FL,ASO,ES,Combined TRACON& Tower with Radar,28,33,44,91,196,0,6,64,14,84,28,39,108,105,280,70,28,98,378
11/19/2022,TLH,FL,ASO,ES,Combined TRACON& Tower with Radar,25,19,44,8,96,0,1,63,4,68,25,20,107,12,164,28,0,28,192
11/20/2022,TLH,FL,ASO,ES,Combined TRACON& Tower with Radar,25,17,41,14,97,0,1,37,7,45,25,18,78,21,142,75,0,75,217
11/21/2022,TLH,FL,ASO,ES,Combined TRACON& Tower with Radar,26,12,39,52,129,0,3,39,5,47,26,15,78,57,176,46,16,62,238
11/22/2022,TLH,FL,ASO,ES,Combined TRACON& Tower with Radar,27,13,48,34,122,0,0,30,12,42,27,13,78,46,164,85,24,109,273
11/23/2022,TLH,FL,ASO,ES,Combined TRACON& Tower with Radar,26,8,40,6,80,0,0,40,0,40,26,8,80,6,120,56,0,56,176
11/24/2022,TLH,FL,ASO,ES,Combined TRACON& Tower with Radar,19,14,13,0,46,0,0,5,0,5,19,14,18,0,51,26,0,26,77
11/25/2022,TLH,FL,ASO,ES,Combined TRACON& Tower with Radar,24,32,65,0,121,0,0,4,0,4,24,32,69,0,125,0,0,0,125
11/26/2022,TLH,FL,ASO,ES,Combined TRACON& Tower with Radar,27,18,42,0,87,0,0,1,0,1,27,18,43,0,88,0,0,0,88
11/27/2022,TLH,FL,ASO,ES,Combined TRACON& Tower with Radar,24,15,51,6,96,0,0,32,0,32,24,15,83,6,128,18,0,18,146
11/28/2022,TLH,FL,ASO,ES,Combined TRACON& Tower with Radar,25,25,35,55,140,0,1,49,11,61,25,26,84,66,201,66,20,86,287
11/29/2022,TLH,FL,ASO,ES,Combined TRACON& Tower with Radar,26,20,51,26,123,0,6,39,7,52,26,26,90,33,175,53,37,90,265
11/30/2022,TLH,FL,ASO,ES,Combined TRACON& Tower with Radar,26,10,30,4,70,0,0,7,0,7,26,10,37,4,77,20,0,20,97
12/01/2022,TLH,FL,ASO,ES,Combined TRACON& Tower with Radar,25,15,43,18,101,0,3,43,8,54,25,18,86,26,155,16,6,22,177
12/02/2022,TLH,FL,ASO,ES,Combined TRACON& Tower with Radar,27,14,39,85,165,0,1,51,21,73,27,15,90,106,238,30,14,44,282
12/03/2022,TLH,FL,ASO,ES,Combined TRACON& Tower with Radar,22,2,26,0,50,0,14,67,4,85,22,16,93,4,135,66,0,66,201
12/04/2022,TLH,FL,ASO,ES,Combined TRACON& Tower with Radar,24,11,39,46,120,0,0,27,19,46,24,11,66,65,166,28,0,28,194
12/05/2022,TLH,FL,ASO,ES,Combined TRACON& Tower with Radar,26,11,27,43,107,0,1,27,0,28,26,12,54,43,135,42,12,54,189
12/06/2022,TLH,FL,ASO,ES,Combined TRACON& Tower with Radar,30,25,41,22,118,0,1,14,11,26,30,26,55,33,144,67,18,85,229
12/07/2022,TLH,FL,ASO,ES,Combined TRACON& Tower with Radar,27,20,39,29,115,0,3,36,10,49,27,23,75,39,164,34,14,48,212
12/08/2022,TLH,FL,ASO,ES,Combined TRACON& Tower with Radar,27,27,42,20,116,0,3,37,17,57,27,30,79,37,173,42,12,54,227
12/09/2022,TLH,FL,ASO,ES,Combined TRACON& Tower with Radar,27,19,47,50,143,0,4,28,9,41,27,23,75,59,184,20,0,20,204
12/10/2022,TLH,FL,ASO,ES,Combined TRACON& Tower with Radar,23,3,26,6,58,0,0,0,2,2,23,3,26,8,60,0,0,0,60
12/11/2022,TLH,FL,ASO,ES,Combined TRACON& Tower with Radar,24,12,32,55,123,0,0,3,1,4,24,12,35,56,127,24,0,24,151
12/12/2022,TLH,FL,ASO,ES,Combined TRACON& Tower with Radar,25,16,58,51,150,0,0,12,8,20,25,16,70,59,170,71,34,105,275
12/13/2022,TLH,FL,ASO,ES,Combined TRACON& Tower with Radar,23,25,58,83,189,0,2,44,15,61,23,27,102,98,250,88,78,166,416
12/14/2022,TLH,FL,ASO,ES,Combined TRACON& Tower with Radar,24,17,41,18,100,0,0,5,0,5,24,17,46,18,105,18,0,18,123
12/15/2022,TLH,FL,ASO,ES,Combined TRACON& Tower with Radar,29,20,34,17,100,0,0,34,14,48,29,20,68,31,148,17,4,21,169
12/16/2022,TLH,FL,ASO,ES,Combined TRACON& Tower with Radar,23,16,46,57,142,0,8,46,20,74,23,24,92,77,216,72,0,72,288
12/17/2022,TLH,FL,ASO,ES,Combined TRACON& Tower with Radar,23,5,29,28,85,0,2,55,5,62,23,7,84,33,147,34,4,38,185
12/18/2022,TLH,FL,ASO,ES,Combined TRACON& Tower with Radar,25,19,26,34,104,0,4,57,17,78,25,23,83,51,182,28,0,28,210
12/19/2022,TLH,FL,ASO,ES,Combined TRACON& Tower with Radar,25,22,42,30,119,0,3,56,3,62,25,25,98,33,181,72,18,90,271
12/20/2022,TLH,FL,ASO,ES,Combined TRACON& Tower with Radar,25,13,8,18,64,0,0,0,0,0,25,13,8,18,64,14,0,14,78
12/21/2022,TLH,FL,ASO,ES,Combined TRACON& Tower with Radar,27,17,48,20,112,0,0,4,0,4,27,17,52,20,116,0,0,0,116
12/22/2022,TLH,FL,ASO,ES,Combined TRACON& Tower with Radar,22,16,32,8,78,0,1,6,0,7,22,17,38,8,85,6,8,14,99
12/23/2022,TLH,FL,ASO,ES,Combined TRACON& Tower with Radar,25,7,27,3,62,0,1,28,4,33,25,8,55,7,95,6,0,6,101
12/24/2022,TLH,FL,ASO,ES,Combined TRACON& Tower with Radar,20,2,3,0,25,0,2,12,0,14,20,4,15,0,39,6,0,6,45
12/25/2022,TLH,FL,ASO,ES,Combined TRACON& Tower with Radar,21,8,0,0,29,0,1,14,0,15,21,9,14,0,44,6,0,6,50
12/26/2022,TLH,FL,ASO,ES,Combined TRACON& Tower with Radar,23,17,26,0,66,0,1,25,0,26,23,18,51,0,92,0,0,0,92
12/27/2022,TLH,FL,ASO,ES,Combined TRACON& Tower with Radar,25,16,23,21,85,0,5,48,7,60,25,21,71,28,145,13,46,59,204
12/28/2022,TLH,FL,ASO,ES,Combined TRACON& Tower with Radar,24,21,33,14,92,0,2,45,3,50,24,23,78,17,142,62,0,62,204
12/29/2022,TLH,FL,ASO,ES,Combined TRACON& Tower with Radar,24,15,28,2,69,0,2,50,9,61,24,17,78,11,130,42,0,42,172
12/30/2022,TLH,FL,ASO,ES,Combined TRACON& Tower with Radar,24,11,24,0,59,0,2,44,8,54,24,13,68,8,113,54,0,54,167
12/31/2022,TLH,FL,ASO,ES,Combined TRACON& Tower with Radar,20,4,14,0,38,0,1,3,0,4,20,5,17,0,42,12,0,12,54
01/01/2023,TLH,FL,ASO,ES,Combined TRACON& Tower with Radar,22,8,11,0,41,0,0,17,0,17,22,8,28,0,58,20,0,20,78
01/02/2023,TLH,FL,ASO,ES,Combined TRACON& Tower with Radar,22,36,71,0,129,0,5,8,5,18,22,41,79,5,147,42,0,42,189
01/03/2023,TLH,FL,ASO,ES,Combined TRACON& Tower with Radar,25,55,102,3,185,0,0,1,1,2,25,55,103,4,187,32,0,32,219
01/04/2023,TLH,FL,ASO,ES,Combined TRACON& Tower with Radar,26,23,56,7,112,0,0,3,1,4,26,23,59,8,116,0,0,0,116
01/05/2023,TLH,FL,ASO,ES,Combined TRACON& Tower with Radar,24,18,39,38,119,0,3,56,17,76,24,21,95,55,195,30,18,48,243
01/06/2023,TLH,FL,ASO,ES,Combined TRACON& Tower with Radar,26,19,26,76,147,0,9,56,22,87,26,28,82,98,234,82,36,118,352
01/07/2023,TLH,FL,ASO,ES,Combined TRACON& Tower with Radar,22,5,26,4,57,0,3,75,2,80,22,8,101,6,137,34,0,34,171
01/08/2023,TLH,FL,ASO,ES,Combined TRACON& Tower with Radar,22,12,29,74,137,0,0,53,20,73,22,12,82,94,210,60,6,66,276
01/09/2023,TLH,FL,ASO,ES,Combined TRACON& Tower with Radar,23,14,49,11,97,0,10,45,5,60,23,24,94,16,157,61,0,61,218
01/10/2023,TLH,FL,ASO,ES,Combined TRACON& Tower with Radar,25,13,44,23,105,0,7,48,8,63,25,20,92,31,168,50,12,62,230
01/11/2023,TLH,FL,ASO,ES,Combined TRACON& Tower with Radar,27,13,40,27,107,0,6,46,7,59,27,19,86,34,166,30,0,30,196
01/12/2023,TLH,FL,ASO,ES,Combined TRACON& Tower with Radar,26,10,27,35,98,0,4,18,0,22,26,14,45,35,120,24,28,52,172
01/13/2023,TLH,FL,ASO,ES,Combined TRACON& Tower with Radar,30,17,42,14,103,0,1,38,23,62,30,18,80,37,165,44,0,44,209
01/14/2023,TLH,FL,ASO,ES,Combined TRACON& Tower with Radar,26,9,28,10,73,0,5,38,3,46,26,14,66,13,119,36,0,36,155
01/15/2023,TLH,FL,ASO,ES,Combined TRACON& Tower with Radar,28,8,31,18,85,0,4,48,18,70,28,12,79,36,155,74,0,74,229
01/16/2023,TLH,FL,ASO,ES,Combined TRACON& Tower with Radar,30,12,55,6,103,0,8,51,1,60,30,20,106,7,163,48,0,48,211
01/17/2023,TLH,FL,ASO,ES,Combined TRACON& Tower with Radar,29,23,49,38,139,0,4,32,5,41,29,27,81,43,180,20,4,24,204
01/18/2023,TLH,FL,ASO,ES,Combined TRACON& Tower with Radar,30,16,44,31,121,0,3,12,9,24,30,19,56,40,145,0,8,8,153
01/19/2023,TLH,FL,ASO,ES,Combined TRACON& Tower with Radar,27,22,43,23,115,0,3,23,6,32,27,25,66,29,147,20,6,26,173
01/20/2023,TLH,FL,ASO,ES,Combined TRACON& Tower with Radar,29,19,23,53,124,0,9,73,13,95,29,28,96,66,219,48,24,72,291
01/21/2023,TLH,FL,ASO,ES,Combined TRACON& Tower with Radar,29,4,17,1,51,0,4,31,4,39,29,8,48,5,90,47,0,47,137
01/22/2023,TLH,FL,ASO,ES,Combined TRACON& Tower with Radar,35,14,19,7,75,0,0,0,6,6,35,14,19,13,81,0,0,0,81
01/23/2023,TLH,FL,ASO,ES,Combined TRACON& Tower with Radar,29,19,52,74,174,0,4,63,18,85,29,23,115,92,259,54,50,104,363
01/24/2023,TLH,FL,ASO,ES,Combined TRACON& Tower with Radar,31,18,43,24,116,0,2,62,8,72,31,20,105,32,188,45,12,57,245
01/25/2023,TLH,FL,ASO,ES,Combined TRACON& Tower with Radar,30,18,26,8,82,0,0,6,2,8,30,18,32,10,90,0,0,0,90
01/26/2023,TLH,FL,ASO,ES,Combined TRACON& Tower with Radar,29,27,55,73,184,0,7,58,16,81,29,34,113,89,265,52,78,130,395
01/27/2023,TLH,FL,ASO,ES,Combined TRACON& Tower with Radar,27,21,33,106,187,0,4,67,15,86,27,25,100,121,273,56,48,104,377
01/28/2023,TLH,FL,ASO,ES,Combined TRACON& Tower with Radar,27,6,42,19,94,0,29,92,11,132,27,35,134,30,226,18,4,22,248
01/29/2023,TLH,FL,ASO,ES,Combined TRACON& Tower with Radar,29,10,23,15,77,0,0,11,4,15,29,10,34,19,92,90,0,90,182
01/30/2023,TLH,FL,ASO,ES,Combined TRACON& Tower with Radar,26,18,37,20,101,0,1,11,0,12,26,19,48,20,113,52,14,66,179
01/31/2023,TLH,FL,ASO,ES,Combined TRACON& Tower with Radar,27,20,27,26,100,0,1,9,2,12,27,21,36,28,112,4,0,4,116
02/01/2023,TLH,FL,ASO,ES,Combined TRACON& Tower with Radar,24,10,36,32,102,0,1,9,3,13,24,11,45,35,115,50,0,50,165
02/02/2023,TLH,FL,ASO,ES,Combined TRACON& Tower with Radar,28,13,47,31,119,0,0,5,0,5,28,13,52,31,124,0,0,0,124
02/03/2023,TLH,FL,ASO,ES,Combined TRACON& Tower with Radar,29,20,49,63,161,0,2,41,30,73,29,22,90,93,234,36,30,66,300
02/04/2023,TLH,FL,ASO,ES,Combined TRACON& Tower with Radar,22,9,32,12,75,0,0,56,7,63,22,9,88,19,138,34,2,36,174
02/05/2023,TLH,FL,ASO,ES,Combined TRACON& Tower with Radar,27,16,40,26,109,0,0,38,17,55,27,16,78,43,164,120,0,120,284
02/06/2023,TLH,FL,ASO,ES,Combined TRACON& Tower with Radar,24,19,44,51,138,0,8,64,3,75,24,27,108,54,213,80,0,80,293
02/07/2023,TLH,FL,ASO,ES,Combined TRACON& Tower with Radar,26,16,65,47,154,0,4,63,8,75,26,20,128,55,229,68,26,94,323
02/08/2023,TLH,FL,ASO,ES,Combined TRACON& Tower with Radar,30,23,45,56,154,0,9,65,16,90,30,32,110,72,244,42,24,66,310
02/09/2023,TLH,FL,ASO,ES,Combined TRACON& Tower with Radar,24,17,36,35,112,0,2,45,8,55,24,19,81,43,167,146,28,174,341
02/10/2023,TLH,FL,ASO,ES,Combined TRACON& Tower with Radar,27,7,30,1,65,0,0,0,0,0,27,7,30,1,65,0,0,0,65
02/11/2023,TLH,FL,ASO,ES,Combined TRACON& Tower with Radar,25,15,13,0,53,0,0,0,0,0,25,15,13,0,53,0,0,0,53
02/12/2023,TLH,FL,ASO,ES,Combined TRACON& Tower with Radar,28,9,34,1,72,0,0,17,2,19,28,9,51,3,91,32,4,36,127
02/13/2023,TLH,FL,ASO,ES,Combined TRACON& Tower with Radar,25,18,58,43,144,0,4,68,5,77,25,22,126,48,221,70,22,92,313
02/14/2023,TLH,FL,ASO,ES,Combined TRACON& Tower with Radar,28,17,34,23,102,0,2,74,6,82,28,19,108,29,184,24,20,44,228
02/15/2023,TLH,FL,ASO,ES,Combined TRACON& Tower with Radar,27,22,53,69,171,0,5,48,11,64,27,27,101,80,235,140,24,164,399
02/16/2023,TLH,FL,ASO,ES,Combined TRACON& Tower with Radar,27,24,49,40,140,0,0,37,6,43,27,24,86,46,183,20,26,46,229
02/17/2023,TLH,FL,ASO,ES,Combined TRACON& Tower with Radar,28,10,31,25,94,0,0,10,8,18,28,10,41,33,112,4,0,4,116
02/18/2023,TLH,FL,ASO,ES,Combined TRACON& Tower with Radar,23,17,37,0,77,0,1,105,4,110,23,18,142,4,187,114,0,114,301
02/19/2023,TLH,FL,ASO,ES,Combined TRACON& Tower with Radar,26,11,44,19,100,0,26,106,3,135,26,37,150,22,235,114,0,114,349
02/20/2023,TLH,FL,ASO,ES,Combined TRACON& Tower with Radar,25,17,47,2,91,0,3,56,0,59,25,20,103,2,150,52,0,52,202
02/21/2023,TLH,FL,ASO,ES,Combined TRACON& Tower with Radar,24,20,62,69,175,0,1,48,6,55,24,21,110,75,230,22,2,24,254
02/22/2023,TLH,FL,ASO,ES,Combined TRACON& Tower with Radar,28,26,67,39,160,0,4,37,8,49,28,30,104,47,209,40,2,42,251
02/23/2023,TLH,FL,ASO,ES,Combined TRACON& Tower with Radar,27,22,69,85,203,0,1,20,4,25,27,23,89,89,228,36,0,36,264
02/24/2023,TLH,FL,ASO,ES,Combined TRACON& Tower with Radar,31,20,47,103,201,0,3,34,22,59,31,23,81,125,260,48,22,70,330
02/25/2023,TLH,FL,ASO,ES,Combined TRACON& Tower with Radar,23,14,52,28,117,0,2,33,12,47,23,16,85,40,164,10,0,10,174
02/26/2023,TLH,FL,ASO,ES,Combined TRACON& Tower with Radar,31,17,25,44,117,0,0,62,26,88,31,17,87,70,205,98,0,98,303
02/27/2023,TLH,FL,ASO,ES,Combined TRACON& Tower with Radar,28,19,26,41,114,0,0,36,9,45,28,19,62,50,159,24,42,66,225
02/28/2023,TLH,FL,ASO,ES,Combined TRACON& Tower with Radar,24,15,59,58,156,0,4,28,7,39,24,19,87,65,195,22,28,50,245
03/01/2023,TLH,FL,ASO,ES,Combined TRACON& Tower with Radar,26,15,63,36,140,0,3,37,10,50,26,18,100,46,190,48,48,96,286
03/02/2023,TLH,FL,ASO,ES,Combined TRACON& Tower with Radar,28,30,52,51,161,0,0,29,9,38,28,30,81,60,199,60,38,98,297
03/03/2023,TLH,FL,ASO,ES,Combined TRACON& Tower with Radar,36,7,26,25,94,0,0,11,9,20,36,7,37,34,114,20,16,36,150
03/04/2023,TLH,FL,ASO,ES,Combined TRACON& Tower with Radar,24,9,32,0,65,0,0,53,2,55,24,9,85,2,120,90,0,90,210
03/05/2023,TLH,FL,ASO,ES,Combined TRACON& Tower with Radar,27,13,30,13,83,0,2,52,5,59,27,15,82,18,142,124,0,124,266
03/06/2023,TLH,FL,ASO,ES,Combined TRACON& Tower with Radar,27,20,50,36,133,0,2,40,5,47,27,22,90,41,180,62,22,84,264
03/07/2023,TLH,FL,ASO,ES,Combined TRACON& Tower with Radar,29,30,38,30,127,0,5,45,2,52,29,35,83,32,179,70,0,70,249
03/08/2023,TLH,FL,ASO,ES,Combined TRACON& Tower with Radar,28,54,72,38,192,0,9,59,6,74,28,63,131,44,266,72,20,92,358
03/09/2023,TLH,FL,ASO,ES,Combined TRACON& Tower with Radar,28,28,79,53,188,0,2,49,12,63,28,30,128,65,251,52,76,128,379
03/10/2023,TLH,FL,ASO,ES,Combined TRACON& Tower with Radar,28,20,51,38,137,0,0,11,22,33,28,20,62,60,170,74,0,74,244
03/11/2023,TLH,FL,ASO,ES,Combined TRACON& Tower with Radar,24,27,35,4,90,0,21,54,7,82,24,48,89,11,172,92,0,92,264
03/12/2023,TLH,FL,ASO,ES,Combined TRACON& Tower with Radar,31,17,26,19,93,0,5,7,6,18,31,22,33,25,111,0,0,0,111
03/13/2023,TLH,FL,ASO,ES,Combined TRACON& Tower with Radar,28,18,43,20,109,0,2,17,8,27,28,20,60,28,136,0,22,22,158
03/14/2023,TLH,FL,ASO,ES,Combined TRACON& Tower with Radar,28,19,36,54,137,0,15,49,5,69,28,34,85,59,206,42,20,62,268
03/15/2023,TLH,FL,ASO,ES,Combined TRACON& Tower with Radar,29,28,69,17,143,0,9,58,14,81,29,37,127,31,224,44,0,44,268
03/16/2023,TLH,FL,ASO,ES,Combined TRACON& Tower with Radar,27,16,39,20,102,0,7,57,18,82,27,23,96,38,184,54,0,54,238
03/17/2023,TLH,FL,ASO,ES,Combined TRACON& Tower with Radar,32,14,37,48,131,0,0,29,5,34,32,14,66,53,165,64,4,68,233
03/18/2023,TLH,FL,ASO,ES,Combined TRACON& Tower with Radar,25,4,20,31,80,0,0,8,17,25,25,4,28,48,105,24,22,46,151
03/19/2023,TLH,FL,ASO,ES,Combined TRACON& Tower with Radar,27,18,31,30,106,0,13,43,6,62,27,31,74,36,168,70,0,70,238
03/20/2023,TLH,FL,ASO,ES,Combined TRACON& Tower with Radar,28,19,29,61,137,0,4,68,9,81,28,23,97,70,218,104,58,162,380
03/21/2023,TLH,FL,ASO,ES,Combined TRACON& Tower with Radar,28,24,49,68,169,0,11,56,8,75,28,35,105,76,244,72,40,112,356
03/22/2023,TLH,FL,ASO,ES,Combined TRACON& Tower with Radar,27,38,67,18,150,0,5,49,4,58,27,43,116,22,208,56,0,56,264
03/23/2023,TLH,FL,ASO,ES,Combined TRACON& Tower with Radar,29,33,33,14,109,0,4,48,11,63,29,37,81,25,172,28,4,32,204
03/24/2023,TLH,FL,ASO,ES,Combined TRACON& Tower with Radar,27,26,41,30,124,0,1,26,17,44,27,27,67,47,168,62,18,80,248
03/25/2023,TLH,FL,ASO,ES,Combined TRACON& Tower with Radar,25,10,22,1,58,0,0,6,0,6,25,10,28,1,64,36,0,36,100
03/26/2023,TLH,FL,ASO,ES,Combined TRACON& Tower with Radar,30,17,25,22,94,0,4,19,4,27,30,21,44,26,121,54,0,54,175
03/27/2023,TLH,FL,ASO,ES,Combined TRACON& Tower with Radar,28,22,57,19,126,0,6,10,11,27,28,28,67,30,153,98,30,128,281
03/28/2023,TLH,FL,ASO,ES,Combined TRACON& Tower with Radar,27,21,41,1,90,0,1,4,3,8,27,22,45,4,98,16,0,16,114
03/29/2023,TLH,FL,ASO,ES,Combined TRACON& Tower with Radar,29,32,67,3,131,0,6,71,13,90,29,38,138,16,221,30,0,30,251
03/30/2023,TLH,FL,ASO,ES,Combined TRACON& Tower with Radar,32,27,50,6,115,0,9,74,14,97,32,36,124,20,212,44,44,88,300
03/31/2023,TLH,FL,ASO,ES,Combined TRACON& Tower with Radar,27,20,52,11,110,0,6,52,26,84,27,26,104,37,194,4,0,4,198
04/01/2023,TLH,FL,ASO,ES,Combined TRACON& Tower with Radar,23,9,20,1,53,0,2,7,3,12,23,11,27,4,65,0,0,0,65
04/02/2023,TLH,FL,ASO,ES,Combined TRACON& Tower with Radar,27,22,37,7,93,0,11,76,1,88,27,33,113,8,181,32,0,32,213
04/03/2023,TLH,FL,ASO,ES,Combined TRACON& Tower with Radar,28,15,36,10,89,0,3,7,3,13,28,18,43,13,102,44,0,44,146
04/04/2023,TLH,FL,ASO,ES,Combined TRACON& Tower with Radar,23,22,51,38,134,0,1,36,9,46,23,23,87,47,180,98,0,98,278
04/05/2023,TLH,FL,ASO,ES,Combined TRACON& Tower with Radar,20,39,61,53,173,0,8,68,14,90,20,47,129,67,263,100,30,130,393
04/06/2023,TLH,FL,ASO,ES,Combined TRACON& Tower with Radar,25,21,39,83,168,0,6,55,17,78,25,27,94,100,246,52,16,68,314
04/07/2023,TLH,FL,ASO,ES,Combined TRACON& Tower with Radar,24,29,40,33,126,0,7,40,11,58,24,36,80,44,184,32,4,36,220
04/08/2023,TLH,FL,ASO,ES,Combined TRACON& Tower with Radar,19,11,19,1,50,0,0,0,1,1,19,11,19,2,51,0,0,0,51
04/09/2023,TLH,FL,ASO,ES,Combined TRACON& Tower with Radar,22,16,27,6,71,0,0,2,0,2,22,16,29,6,73,0,0,0,73
04/10/2023,TLH,FL,ASO,ES,Combined TRACON& Tower with Radar,25,26,51,24,126,0,4,31,6,41,25,30,82,30,167,52,4,56,223
04/11/2023,TLH,FL,ASO,ES,Combined TRACON& Tower with Radar,23,32,48,21,124,0,15,56,8,79,23,47,104,29,203,122,14,136,339
04/12/2023,TLH,FL,ASO,ES,Combined TRACON& Tower with Radar,21,37,51,17,126,0,2,39,7,48,21,39,90,24,174,64,4,68,242
04/13/2023,TLH,FL,ASO,ES,Combined TRACON& Tower with Radar,31,41,33,7,112,0,1,16,7,24,31,42,49,14,136,34,10,44,180
04/14/2023,TLH,FL,ASO,ES,Combined TRACON& Tower with Radar,27,49,48,78,202,0,4,38,16,58,27,53,86,94,260,22,0,22,282
04/15/2023,TLH,FL,ASO,ES,Combined TRACON& Tower with Radar,17,33,29,2,81,0,6,63,4,73,17,39,92,6,154,84,0,84,238
04/16/2023,TLH,FL,ASO,ES,Combined TRACON& Tower with Radar,26,37,30,12,105,0,2,14,7,23,26,39,44,19,128,44,0,44,172
04/17/2023,TLH,FL,ASO,ES,Combined TRACON& Tower with Radar,25,26,46,20,117,0,5,65,1,71,25,31,111,21,188,65,8,73,261
04/18/2023,TLH,FL,ASO,ES,Combined TRACON& Tower with Radar,22,43,57,35,157,0,8,77,10,95,22,51,134,45,252,76,10,86,338
04/19/2023,TLH,FL,ASO,ES,Combined TRACON& Tower with Radar,24,36,42,41,143,0,9,64,17,90,24,45,106,58,233,38,18,56,289
04/20/2023,TLH,FL,ASO,ES,Combined TRACON& Tower with Radar,27,37,31,25,120,0,8,60,14,82,27,45,91,39,202,46,8,54,256
04/21/2023,TLH,FL,ASO,ES,Combined TRACON& Tower with Radar,28,22,35,74,159,0,8,47,22,77,28,30,82,96,236,16,20,36,272
04/22/2023,TLH,FL,ASO,ES,Combined TRACON& Tower with Radar,20,19,27,3,69,0,2,38,3,43,20,21,65,6,112,42,0,42,154
04/23/2023,TLH,FL,ASO,ES,Combined TRACON& Tower with Radar,23,27,40,48,138,0,8,67,10,85,23,35,107,58,223,116,16,132,355
04/24/2023,TLH,FL,ASO,ES,Combined TRACON& Tower with Radar,25,24,57,21,127,0,3,60,10,73,25,27,117,31,200,52,0,52,252
04/25/2023,TLH,FL,ASO,ES,Combined TRACON& Tower with Radar,24,18,46,11,99,0,9,43,8,60,24,27,89,19,159,166,4,170,329
04/26/2023,TLH,FL,ASO,ES,Combined TRACON& Tower with Radar,20,30,36,13,99,0,10,44,6,60,20,40,80,19,159,132,2,134,293
04/27/2023,TLH,FL,ASO,ES,Combined TRACON& Tower with Radar,31,20,39,7,97,0,3,6,5,14,31,23,45,12,111,0,0,0,111
04/28/2023,TLH,FL,ASO,ES,Combined TRACON& Tower with Radar,24,25,38,23,110,0,0,15,12,27,24,25,53,35,137,28,2,30,167
04/29/2023,TLH,FL,ASO,ES,Combined TRACON& Tower with Radar,20,15,11,1,47,0,0,12,1,13,20,15,23,2,60,8,0,8,68
04/30/2023,TLH,FL,ASO,ES,Combined TRACON& Tower with Radar,24,28,26,4,82,0,2,18,3,23,24,30,44,7,105,60,0,60,165
05/01/2023,TLH,FL,ASO,ES,Combined TRACON& Tower with Radar,25,33,25,26,109,0,13,43,9,65,25,46,68,35,174,54,18,72,246
05/02/2023,TLH,FL,ASO,ES,Combined TRACON& Tower with Radar,25,34,33,48,140,0,5,59,15,79,25,39,92,63,219,62,40,102,321
05/03/2023,TLH,FL,ASO,ES,Combined TRACON& Tower with Radar,22,32,41,22,117,0,8,71,13,92,22,40,112,35,209,58,2,60,269
05/04/2023,TLH,FL,ASO,ES,Combined TRACON& Tower with Radar,25,26,60,17,128,0,8,76,21,105,25,34,136,38,233,56,0,56,289
05/05/2023,TLH,FL,ASO,ES,Combined TRACON& Tower with Radar,23,35,52,63,173,0,5,59,13,77,23,40,111,76,250,62,0,62,312
05/06/2023,TLH,FL,ASO,ES,Combined TRACON& Tower with Radar,20,29,18,32,99,0,16,71,4,91,20,45,89,36,190,38,0,38,228
05/07/2023,TLH,FL,ASO,ES,Combined TRACON& Tower with Radar,23,36,39,32,130,0,23,58,9,90,23,59,97,41,220,78,0,78,298
05/08/2023,TLH,FL,ASO,ES,Combined TRACON& Tower with Radar,25,33,39,40,137,0,11,47,7,65,25,44,86,47,202,58,10,68,270
05/09/2023,TLH,FL,ASO,ES,Combined TRACON& Tower with Radar,22,33,41,83,179,0,2,34,17,53,22,35,75,100,232,48,4,52,284
05/10/2023,TLH,FL,ASO,ES,Combined TRACON& Tower with Radar,20,31,43,42,136,0,3,39,13,55,20,34,82,55,191,26,0,26,217
05/11/2023,TLH,FL,ASO,ES,Combined TRACON& Tower with Radar,21,35,57,24,137,0,4,25,12,41,21,39,82,36,178,4,0,4,182
05/12/2023,TLH,FL,ASO,ES,Combined TRACON& Tower with Radar,23,35,23,37,118,0,4,23,12,39,23,39,46,49,157,0,0,0,157
05/13/2023,TLH,FL,ASO,ES,Combined TRACON& Tower with Radar,19,11,30,25,85,0,2,57,6,65,19,13,87,31,150,22,4,26,176
05/14/2023,TLH,FL,ASO,ES,Combined TRACON& Tower with Radar,22,28,24,25,99,0,3,32,14,49,22,31,56,39,148,34,8,42,190
05/15/2023,TLH,FL,ASO,ES,Combined TRACON& Tower with Radar,23,20,23,11,77,0,2,17,2,21,23,22,40,13,98,6,0,6,104
05/16/2023,TLH,FL,ASO,ES,Combined TRACON& Tower with Radar,20,24,37,10,91,0,2,25,8,35,20,26,62,18,126,73,21,94,220
05/17/2023,TLH,FL,ASO,ES,Combined TRACON& Tower with Radar,23,20,45,6,94,0,1,13,1,15,23,21,58,7,109,28,4,32,141
05/18/2023,TLH,FL,ASO,ES,Combined TRACON& Tower with Radar,23,20,40,20,103,0,2,21,8,31,23,22,61,28,134,18,24,42,176
05/19/2023,TLH,FL,ASO,ES,Combined TRACON& Tower with Radar,23,33,47,48,151,0,3,23,9,35,23,36,70,57,186,58,68,126,312
05/20/2023,TLH,FL,ASO,ES,Combined TRACON& Tower with Radar,21,18,44,34,117,0,8,40,5,53,21,26,84,39,170,60,0,60,230
05/21/2023,TLH,FL,ASO,ES,Combined TRACON& Tower with Radar,22,32,19,10,83,0,6,32,8,46,22,38,51,18,129,38,0,38,167
05/22/2023,TLH,FL,ASO,ES,Combined TRACON& Tower with Radar,23,24,30,6,83,0,0,4,0,4,23,24,34,6,87,0,0,0,87
05/23/2023,TLH,FL,ASO,ES,Combined TRACON& Tower with Radar,21,27,26,0,74,0,0,14,8,22,21,27,40,8,96,100,0,100,196
05/24/2023,TLH,FL,ASO,ES,Combined TRACON& Tower with Radar,25,34,32,10,101,0,4,9,2,15,25,38,41,12,116,4,0,4,120
05/25/2023,TLH,FL,ASO,ES,Combined TRACON& Tower with Radar,23,32,28,8,91,0,7,72,8,87,23,39,100,16,178,62,0,62,240
05/26/2023,TLH,FL,ASO,ES,Combined TRACON& Tower with Radar,23,25,44,6,98,0,2,16,7,25,23,27,60,13,123,107,0,107,230
05/27/2023,TLH,FL,ASO,ES,Combined TRACON& Tower with Radar,17,17,17,0,51,0,9,51,4,64,17,26,68,4,115,16,0,16,131
05/28/2023,TLH,FL,ASO,ES,Combined TRACON& Tower with Radar,19,23,16,0,58,0,16,36,0,52,19,39,52,0,110,48,0,48,158
05/29/2023,TLH,FL,ASO,ES,Combined TRACON& Tower with Radar,21,16,19,0,56,0,10,33,1,44,21,26,52,1,100,6,0,6,106
05/30/2023,TLH,FL,ASO,ES,Combined TRACON& Tower with Radar,23,24,28,17,92,0,20,49,5,74,23,44,77,22,166,112,0,112,278
05/31/2023,TLH,FL,ASO,ES,Combined TRACON& Tower with Radar,22,29,25,7,83,0,9,34,2,45,22,38,59,9,128,56,0,56,184
06/01/2023,TLH,FL,ASO,ES,Combined TRACON& Tower with Radar,25,25,32,13,95,0,1,3,8,12,25,26,35,21,107,0,0,0,107
06/02/2023,TLH,FL,ASO,ES,Combined TRACON& Tower with Radar,25,24,25,33,107,0,4,61,11,76,25,28,86,44,183,34,0,34,217
06/03/2023,TLH,FL,ASO,ES,Combined TRACON& Tower with Radar,21,19,24,1,65,0,5,52,8,65,21,24,76,9,130,14,0,14,144
06/04/2023,TLH,FL,ASO,ES,Combined TRACON& Tower with Radar,23,11,22,4,60,0,2,18,10,30,23,13,40,14,90,4,0,4,94
06/05/2023,TLH,FL,ASO,ES,Combined TRACON& Tower with Radar,25,31,38,41,135,0,8,37,21,66,25,39,75,62,201,90,6,96,297
06/06/2023,TLH,FL,ASO,ES,Combined TRACON& Tower with Radar,25,23,35,19,102,0,9,45,3,57,25,32,80,22,159,114,10,124,283
06/07/2023,TLH,FL,ASO,ES,Combined TRACON& Tower with Radar,24,27,40,7,98,0,2,16,6,24,24,29,56,13,122,0,0,0,122
06/08/2023,TLH,FL,ASO,ES,Combined TRACON& Tower with Radar,22,25,35,31,113,0,4,42,7,53,22,29,77,38,166,22,6,28,194
06/09/2023,TLH,FL,ASO,ES,Combined TRACON& Tower with Radar,27,26,26,32,111,0,1,40,9,50,27,27,66,41,161,70,0,70,231
06/10/2023,TLH,FL,ASO,ES,Combined TRACON& Tower with Radar,20,18,36,0,74,0,2,21,2,25,20,20,57,2,99,0,0,0,99
06/11/2023,TLH,FL,ASO,ES,Combined TRACON& Tower with Radar,23,24,20,11,78,0,2,27,11,40,23,26,47,22,118,66,18,84,202
06/12/2023,TLH,FL,ASO,ES,Combined TRACON& Tower with Radar,25,31,37,22,115,0,5,23,0,28,25,36,60,22,143,56,8,64,207
06/13/2023,TLH,FL,ASO,ES,Combined TRACON& Tower with Radar,23,19,22,6,70,0,4,34,10,48,23,23,56,16,118,48,0,48,166
06/14/2023,TLH,FL,ASO,ES,Combined TRACON& Tower with Radar,24,27,35,19,105,0,1,12,4,17,24,28,47,23,122,34,0,34,156
06/15/2023,TLH,FL,ASO,ES,Combined TRACON& Tower with Radar,25,13,22,8,68,0,0,11,0,11,25,13,33,8,79,8,0,8,87
06/16/2023,TLH,FL,ASO,ES,Combined TRACON& Tower with Radar,25,23,37,16,101,0,2,31,8,41,25,25,68,24,142,4,0,4,146
06/17/2023,TLH,FL,ASO,ES,Combined TRACON& Tower with Radar,26,21,16,0,63,0,7,22,2,31,26,28,38,2,94,10,0,10,104
06/18/2023,TLH,FL,ASO,ES,Combined TRACON& Tower with Radar,26,14,30,5,75,0,10,34,0,44,26,24,64,5,119,50,0,50,169
06/19/2023,TLH,FL,ASO,ES,Combined TRACON& Tower with Radar,22,14,23,0,59,0,2,13,1,16,22,16,36,1,75,2,0,2,77
06/20/2023,TLH,FL,ASO,ES,Combined TRACON& Tower with Radar,25,22,35,63,145,0,8,41,7,56,25,30,76,70,201,70,16,86,287
06/21/2023,TLH,FL,ASO,ES,Combined TRACON& Tower with Radar,26,17,18,0,61,0,0,11,0,11,26,17,29,0,72,8,0,8,80
06/22/2023,TLH,FL,ASO,ES,Combined TRACON& Tower with Radar,25,16,21,4,66,0,0,24,6,30,25,16,45,10,96,60,0,60,156
06/23/2023,TLH,FL,ASO,ES,Combined TRACON& Tower with Radar,24,28,25,10,87,0,6,34,12,52,24,34,59,22,139,40,0,40,179
06/24/2023,TLH,FL,ASO,ES,Combined TRACON& Tower with Radar,22,20,38,12,92,0,8,34,5,47,22,28,72,17,139,34,0,34,173
06/25/2023,TLH,FL,ASO,ES,Combined TRACON& Tower with Radar,24,30,11,10,75,0,34,64,9,107,24,64,75,19,182,54,0,54,236
06/26/2023,TLH,FL,ASO,ES,Combined TRACON& Tower with Radar,25,40,26,23,114,0,13,38,6,57,25,53,64,29,171,34,4,38,209
06/27/2023,TLH,FL,ASO,ES,Combined TRACON& Tower with Radar,25,29,30,25,109,0,10,32,5,47,25,39,62,30,156,36,14,50,206
06/28/2023,TLH,FL,ASO,ES,Combined TRACON& Tower with Radar,24,33,26,54,137,0,11,45,12,68,24,44,71,66,205,104,6,110,315
06/29/2023,TLH,FL,ASO,ES,Combined TRACON& Tower with Radar,24,28,39,59,150,0,15,49,12,76,24,43,88,71,226,38,6,44,270
06/30/2023,TLH,FL,ASO,ES,Combined TRACON& Tower with Radar,24,32,40,21,117,0,17,55,9,81,24,49,95,30,198,30,10,40,238
07/01/2023,TLH,FL,ASO,ES,Combined TRACON& Tower with Radar,19,15,23,8,65,0,11,35,4,50,19,26,58,12,115,26,0,26,141
07/02/2023,TLH,FL,ASO,ES,Combined TRACON& Tower with Radar,18,24,15,0,57,0,9,26,2,37,18,33,41,2,94,66,0,66,160
07/03/2023,TLH,FL,ASO,ES,Combined TRACON& Tower with Radar,21,17,11,0,49,0,15,37,1,53,21,32,48,1,102,46,0,46,148
07/04/2023,TLH,FL,ASO,ES,Combined TRACON& Tower with Radar,19,14,13,0,46,0,11,21,3,35,19,25,34,3,81,52,0,52,133
07/05/2023,TLH,FL,ASO,ES,Combined TRACON& Tower with Radar,22,18,11,6,57,0,6,28,9,43,22,24,39,15,100,98,10,108,208
07/06/2023,TLH,FL,ASO,ES,Combined TRACON& Tower with Radar,21,27,27,17,92,0,7,40,12,59,21,34,67,29,151,88,0,88,239
07/07/2023,TLH,FL,ASO,ES,Combined TRACON& Tower with Radar,24,25,29,42,120,0,8,38,21,67,24,33,67,63,187,12,0,12,199
07/08/2023,TLH,FL,ASO,ES,Combined TRACON& Tower with Radar,21,19,22,4,66,0,7,37,5,49,21,26,59,9,115,56,0,56,171
07/09/2023,TLH,FL,ASO,ES,Combined TRACON& Tower with Radar,20,22,19,4,65,0,4,14,3,21,20,26,33,7,86,104,0,104,190
07/10/2023,TLH,FL,ASO,ES,Combined TRACON& Tower with Radar,24,26,20,0,70,0,2,13,0,15,24,28,33,0,85,28,0,28,113
07/11/2023,TLH,FL,ASO,ES,Combined TRACON& Tower with Radar,25,26,34,16,101,0,2,43,5,50,25,28,77,21,151,73,11,84,235
07/12/2023,TLH,FL,ASO,ES,Combined TRACON& Tower with Radar,25,25,33,36,119,0,7,32,15,54,25,32,65,51,173,48,16,64,237
07/13/2023,TLH,FL,ASO,ES,Combined TRACON& Tower with Radar,24,20,24,14,82,0,9,24,10,43,24,29,48,24,125,74,8,82,207
07/14/2023,TLH,FL,ASO,ES,Combined TRACON& Tower with Radar,24,19,37,5,85,0,4,13,1,18,24,23,50,6,103,0,0,0,103
07/15/2023,TLH,FL,ASO,ES,Combined TRACON& Tower with Radar,23,9,20,2,54,0,1,6,4,11,23,10,26,6,65,2,0,2,67
07/16/2023,TLH,FL,ASO,ES,Combined TRACON& Tower with Radar,21,15,29,2,67,0,0,9,1,10,21,15,38,3,77,16,0,16,93
07/17/2023,TLH,FL,ASO,ES,Combined TRACON& Tower with Radar,26,33,30,18,107,0,12,33,3,48,26,45,63,21,155,62,14,76,231
07/18/2023,TLH,FL,ASO,ES,Combined TRACON& Tower with Radar,24,22,36,34,116,0,10,47,6,63,24,32,83,40,179,88,6,94,273
07/19/2023,TLH,FL,ASO,ES,Combined TRACON& Tower with Radar,26,27,60,56,169,0,4,50,8,62,26,31,110,64,231,76,24,100,331
07/20/2023,TLH,FL,ASO,ES,Combined TRACON& Tower with Radar,33,32,49,58,172,0,14,43,16,73,33,46,92,74,245,30,14,44,289
07/21/2023,TLH,FL,ASO,ES,Combined TRACON& Tower with Radar,27,30,28,50,135,0,23,38,13,74,27,53,66,63,209,80,18,98,307
07/22/2023,TLH,FL,ASO,ES,Combined TRACON& Tower with Radar,22,10,20,8,60,0,4,32,4,40,22,14,52,12,100,18,0,18,118
07/23/2023,TLH,FL,ASO,ES,Combined TRACON& Tower with Radar,22,14,28,5,69,0,1,5,1,7,22,15,33,6,76,34,0,34,110
07/24/2023,TLH,FL,ASO,ES,Combined TRACON& Tower with Radar,25,30,37,4,96,0,2,18,0,20,25,32,55,4,116,108,0,108,224
07/25/2023,TLH,FL,ASO,ES,Combined TRACON& Tower with Radar,26,37,36,63,162,0,15,39,11,65,26,52,75,74,227,78,16,94,321
07/26/2023,TLH,FL,ASO,ES,Combined TRACON& Tower with Radar,26,37,45,65,173,0,20,42,17,79,26,57,87,82,252,24,6,30,282
07/27/2023,TLH,FL,ASO,ES,Combined TRACON& Tower with Radar,23,45,29,27,124,0,22,41,12,75,23,67,70,39,199,36,10,46,245
07/28/2023,TLH,FL,ASO,ES,Combined TRACON& Tower with Radar,24,24,21,13,82,0,11,27,17,55,24,35,48,30,137,22,10,32,169
07/29/2023,TLH,FL,ASO,ES,Combined TRACON& Tower with Radar,22,16,16,10,64,0,4,30,2,36,22,20,46,12,100,14,0,14,114
07/30/2023,TLH,FL,ASO,ES,Combined TRACON& Tower with Radar,24,23,19,17,83,0,9,29,5,43,24,32,48,22,126,4,0,4,130
07/31/2023,TLH,FL,ASO,ES,Combined TRACON& Tower with Radar,24,33,26,28,111,0,16,37,6,59,24,49,63,34,170,106,2,108,278
08/01/2023,TLH,FL,ASO,ES,Combined TRACON& Tower with Radar,25,31,51,9,116,0,5,42,7,54,25,36,93,16,170,34,10,44,214
08/02/2023,TLH,FL,ASO,ES,Combined TRACON& Tower with Radar,24,35,34,53,146,0,8,49,17,74,24,43,83,70,220,34,24,58,278
08/03/2023,TLH,FL,ASO,ES,Combined TRACON& Tower with Radar,25,33,51,27,136,0,17,53,6,76,25,50,104,33,212,28,0,28,240
08/04/2023,TLH,FL,ASO,ES,Combined TRACON& Tower with Radar,25,20,23,29,97,0,7,35,10,52,25,27,58,39,149,42,8,50,199
08/05/2023,TLH,FL,ASO,ES,Combined TRACON& Tower with Radar,23,10,9,0,42,0,6,12,1,19,23,16,21,1,61,54,0,54,115
08/06/2023,TLH,FL,ASO,ES,Combined TRACON& Tower with Radar,26,13,44,18,101,0,7,24,4,35,26,20,68,22,136,18,0,18,154
08/07/2023,TLH,FL,ASO,ES,Combined TRACON& Tower with Radar,22,25,22,16,85,0,13,47,8,68,22,38,69,24,153,24,46,70,223
08/08/2023,TLH,FL,ASO,ES,Combined TRACON& Tower with Radar,26,28,40,11,105,0,6,46,11,63,26,34,86,22,168,46,0,46,214
08/09/2023,TLH,FL,ASO,ES,Combined TRACON& Tower with Radar,25,22,34,17,98,0,3,50,14,67,25,25,84,31,165,30,2,32,197
08/10/2023,TLH,FL,ASO,ES,Combined TRACON& Tower with Radar,26,24,28,25,103,0,13,49,16,78,26,37,77,41,181,78,0,78,259
08/11/2023,TLH,FL,ASO,ES,Combined TRACON& Tower with Radar,26,20,12,32,90,0,13,23,10,46,26,33,35,42,136,0,0,0,136
08/12/2023,TLH,FL,ASO,ES,Combined TRACON& Tower with Radar,22,19,8,6,55,0,9,23,0,32,22,28,31,6,87,70,0,70,157
08/13/2023,TLH,FL,ASO,ES,Combined TRACON& Tower with Radar,23,19,19,16,77,0,11,34,8,53,23,30,53,24,130,42,0,42,172
08/14/2023,TLH,FL,ASO,ES,Combined TRACON& Tower with Radar,23,20,35,4,82,0,3,22,5,30,23,23,57,9,112,30,0,30,142
08/15/2023,TLH,FL,ASO,ES,Combined TRACON& Tower with Radar,29,17,24,5,75,0,8,19,9,36,29,25,43,14,111,10,0,10,121
08/16/2023,TLH,FL,ASO,ES,Combined TRACON& Tower with Radar,29,20,27,18,94,0,3,16,8,27,29,23,43,26,121,32,6,38,159
08/17/2023,TLH,FL,ASO,ES,Combined TRACON& Tower with Radar,27,19,27,32,105,0,5,46,12,63,27,24,73,44,168,14,6,20,188
08/18/2023,TLH,FL,ASO,ES,Combined TRACON& Tower with Radar,29,23,13,29,94,0,2,57,14,73,29,25,70,43,167,40,0,40,207
08/19/2023,TLH,FL,ASO,ES,Combined TRACON& Tower with Radar,24,15,13,14,66,0,14,25,7,46,24,29,38,21,112,50,0,50,162
08/20/2023,TLH,FL,ASO,ES,Combined TRACON& Tower with Radar,28,14,21,0,63,0,3,36,6,45,28,17,57,6,108,54,0,54,162
08/21/2023,TLH,FL,ASO,ES,Combined TRACON& Tower with Radar,27,27,38,23,115,0,11,29,5,45,27,38,67,28,160,56,0,56,216
08/22/2023,TLH,FL,ASO,ES,Combined TRACON& Tower with Radar,28,27,27,19,101,0,43,49,8,100,28,70,76,27,201,14,0,14,215
08/23/2023,TLH,FL,ASO,ES,Combined TRACON& Tower with Radar,27,21,25,17,90,0,13,33,7,53,27,34,58,24,143,40,0,40,183
08/24/2023,TLH,FL,ASO,ES,Combined TRACON& Tower with Radar,30,26,38,12,106,0,9,59,6,74,30,35,97,18,180,8,0,8,188
08/25/2023,TLH,FL,ASO,ES,Combined TRACON& Tower with Radar,27,24,33,47,131,0,34,28,22,84,27,58,61,69,215,52,0,52,267
08/26/2023,TLH,FL,ASO,ES,Combined TRACON& Tower with Radar,23,19,20,5,67,0,9,40,3,52,23,28,60,8,119,20,0,20,139
08/27/2023,TLH,FL,ASO,ES,Combined TRACON& Tower with Radar,27,15,27,1,70,0,5,22,17,44,27,20,49,18,114,70,0,70,184
08/28/2023,TLH,FL,ASO,ES,Combined TRACON& Tower with Radar,27,29,24,6,86,0,13,29,3,45,27,42,53,9,131,17,0,17,148
08/29/2023,TLH,FL,ASO,ES,Combined TRACON& Tower with Radar,28,16,19,2,65,0,0,4,3,7,28,16,23,5,72,0,0,0,72
08/30/2023,TLH,FL,ASO,ES,Combined TRACON& Tower with Radar,2,3,3,0,8,0,4,10,6,20,2,7,13,6,28,0,0,0,28
08/31/2023,TLH,FL,ASO,ES,Combined TRACON& Tower with Radar,20,19,39,3,81,0,6,55,9,70,20,25,94,12,151,6,0,6,157
