01/01/2000,TMB,FL,ASO,ES,Towers with Radar,0,1,26,0,27,0,4,126,0,130,0,5,152,0,157,146,0,146,303
01/02/2000,TMB,FL,ASO,ES,Towers with Radar,0,5,75,0,80,0,0,253,0,253,0,5,328,0,333,122,0,122,455
01/03/2000,TMB,FL,ASO,ES,Towers with Radar,0,3,42,0,45,0,6,155,0,161,0,9,197,0,206,250,0,250,456
01/04/2000,TMB,FL,ASO,ES,Towers with Radar,0,1,58,0,59,0,0,239,4,243,0,1,297,4,302,126,0,126,428
01/05/2000,TMB,FL,ASO,ES,Towers with Radar,0,3,67,0,70,0,0,179,4,183,0,3,246,4,253,255,0,255,508
01/06/2000,TMB,FL,ASO,ES,Towers with Radar,0,4,50,0,54,0,1,197,0,198,0,5,247,0,252,181,0,181,433
01/07/2000,TMB,FL,ASO,ES,Towers with Radar,0,5,81,0,86,0,0,229,0,229,0,5,310,0,315,182,0,182,497
01/08/2000,TMB,FL,ASO,ES,Towers with Radar,0,5,60,0,65,0,4,281,0,285,0,9,341,0,350,351,0,351,701
01/09/2000,TMB,FL,ASO,ES,Towers with Radar,0,3,42,0,45,0,0,217,0,217,0,3,259,0,262,307,0,307,569
01/10/2000,TMB,FL,ASO,ES,Towers with Radar,0,2,43,0,45,0,0,202,0,202,0,2,245,0,247,184,0,184,431
01/11/2000,TMB,FL,ASO,ES,Towers with Radar,0,0,68,0,68,0,0,200,0,200,0,0,268,0,268,279,0,279,547
01/12/2000,TMB,FL,ASO,ES,Towers with Radar,0,3,41,0,44,0,3,193,0,196,0,6,234,0,240,346,0,346,586
01/13/2000,TMB,FL,ASO,ES,Towers with Radar,0,0,67,0,67,0,0,270,0,270,0,0,337,0,337,330,0,330,667
01/14/2000,TMB,FL,ASO,ES,Towers with Radar,0,4,48,0,52,0,1,165,0,166,0,5,213,0,218,59,0,59,277
01/15/2000,TMB,FL,ASO,ES,Towers with Radar,0,3,44,0,47,0,1,112,0,113,0,4,156,0,160,211,0,211,371
01/16/2000,TMB,FL,ASO,ES,Towers with Radar,0,5,71,0,76,0,2,229,0,231,0,7,300,0,307,388,0,388,695
01/17/2000,TMB,FL,ASO,ES,Towers with Radar,0,3,58,0,61,0,3,281,0,284,0,6,339,0,345,348,0,348,693
01/18/2000,TMB,FL,ASO,ES,Towers with Radar,0,3,52,0,55,0,0,234,0,234,0,3,286,0,289,319,0,319,608
01/19/2000,TMB,FL,ASO,ES,Towers with Radar,0,1,52,0,53,0,0,214,0,214,0,1,266,0,267,291,0,291,558
01/20/2000,TMB,FL,ASO,ES,Towers with Radar,0,3,59,0,62,0,5,172,0,177,0,8,231,0,239,202,0,202,441
01/21/2000,TMB,FL,ASO,ES,Towers with Radar,0,2,38,0,40,0,1,255,0,256,0,3,293,0,296,242,0,242,538
01/22/2000,TMB,FL,ASO,ES,Towers with Radar,0,4,68,0,72,0,1,332,0,333,0,5,400,0,405,449,0,449,854
01/23/2000,TMB,FL,ASO,ES,Towers with Radar,0,2,45,0,47,0,3,206,0,209,0,5,251,0,256,282,0,282,538
01/24/2000,TMB,FL,ASO,ES,Towers with Radar,0,3,46,0,49,0,1,126,0,127,0,4,172,0,176,211,0,211,387
01/25/2000,TMB,FL,ASO,ES,Towers with Radar,0,4,59,0,63,0,1,236,0,237,0,5,295,0,300,123,0,123,423
01/26/2000,TMB,FL,ASO,ES,Towers with Radar,0,3,58,0,61,0,2,232,0,234,0,5,290,0,295,207,0,207,502
01/27/2000,TMB,FL,ASO,ES,Towers with Radar,0,3,59,0,62,0,1,268,0,269,0,4,327,0,331,320,0,320,651
01/28/2000,TMB,FL,ASO,ES,Towers with Radar,0,3,56,0,59,0,5,275,0,280,0,8,331,0,339,216,0,216,555
01/29/2000,TMB,FL,ASO,ES,Towers with Radar,0,1,44,0,45,0,0,333,0,333,0,1,377,0,378,453,0,453,831
01/30/2000,TMB,FL,ASO,ES,Towers with Radar,0,3,49,0,52,0,5,251,0,256,0,8,300,0,308,289,0,289,597
01/31/2000,TMB,FL,ASO,ES,Towers with Radar,0,0,47,0,47,0,0,212,0,212,0,0,259,0,259,293,0,293,552
02/01/2000,TMB,FL,ASO,ES,Towers with Radar,0,2,80,0,82,0,0,148,0,148,0,2,228,0,230,270,0,270,500
02/02/2000,TMB,FL,ASO,ES,Towers with Radar,0,0,77,0,77,0,0,147,0,147,0,0,224,0,224,341,0,341,565
02/03/2000,TMB,FL,ASO,ES,Towers with Radar,0,2,60,0,62,0,4,156,0,160,0,6,216,0,222,289,0,289,511
02/04/2000,TMB,FL,ASO,ES,Towers with Radar,0,2,74,0,76,0,0,154,0,154,0,2,228,0,230,274,0,274,504
02/05/2000,TMB,FL,ASO,ES,Towers with Radar,0,2,40,0,42,0,8,278,0,286,0,10,318,0,328,240,0,240,568
02/06/2000,TMB,FL,ASO,ES,Towers with Radar,0,2,52,0,54,0,1,245,0,246,0,3,297,0,300,277,0,277,577
02/07/2000,TMB,FL,ASO,ES,Towers with Radar,0,2,50,0,52,0,3,209,0,212,0,5,259,0,264,337,0,337,601
02/08/2000,TMB,FL,ASO,ES,Towers with Radar,0,3,76,0,79,0,2,58,0,60,0,5,134,0,139,77,0,77,216
02/09/2000,TMB,FL,ASO,ES,Towers with Radar,0,2,51,0,53,0,2,250,0,252,0,4,301,0,305,208,0,208,513
02/10/2000,TMB,FL,ASO,ES,Towers with Radar,0,2,57,0,59,0,7,251,0,258,0,9,308,0,317,314,0,314,631
02/11/2000,TMB,FL,ASO,ES,Towers with Radar,0,1,46,0,47,0,0,259,2,261,0,1,305,2,308,375,0,375,683
02/12/2000,TMB,FL,ASO,ES,Towers with Radar,0,3,69,0,72,0,5,349,0,354,0,8,418,0,426,398,0,398,824
02/13/2000,TMB,FL,ASO,ES,Towers with Radar,0,2,60,0,62,0,6,306,0,312,0,8,366,0,374,302,0,302,676
02/14/2000,TMB,FL,ASO,ES,Towers with Radar,0,1,31,0,32,0,1,194,0,195,0,2,225,0,227,204,0,204,431
02/15/2000,TMB,FL,ASO,ES,Towers with Radar,0,1,52,0,53,0,3,253,0,256,0,4,305,0,309,326,0,326,635
02/16/2000,TMB,FL,ASO,ES,Towers with Radar,0,0,49,0,49,0,0,239,0,239,0,0,288,0,288,393,0,393,681
02/17/2000,TMB,FL,ASO,ES,Towers with Radar,0,1,59,0,60,0,6,245,0,251,0,7,304,0,311,297,0,297,608
02/18/2000,TMB,FL,ASO,ES,Towers with Radar,0,2,78,0,80,0,1,257,0,258,0,3,335,0,338,370,0,370,708
02/19/2000,TMB,FL,ASO,ES,Towers with Radar,0,1,44,0,45,0,3,256,0,259,0,4,300,0,304,334,0,334,638
02/20/2000,TMB,FL,ASO,ES,Towers with Radar,0,2,71,0,73,0,7,258,0,265,0,9,329,0,338,311,0,311,649
02/21/2000,TMB,FL,ASO,ES,Towers with Radar,0,2,64,0,66,0,0,227,0,227,0,2,291,0,293,332,0,332,625
02/22/2000,TMB,FL,ASO,ES,Towers with Radar,0,1,45,0,46,0,1,168,0,169,0,2,213,0,215,219,0,219,434
02/23/2000,TMB,FL,ASO,ES,Towers with Radar,0,1,47,0,48,0,5,210,0,215,0,6,257,0,263,363,0,363,626
02/24/2000,TMB,FL,ASO,ES,Towers with Radar,0,2,90,0,92,0,0,241,0,241,0,2,331,0,333,276,0,276,609
02/25/2000,TMB,FL,ASO,ES,Towers with Radar,0,1,55,0,56,0,2,247,2,251,0,3,302,2,307,367,0,367,674
02/26/2000,TMB,FL,ASO,ES,Towers with Radar,0,2,72,0,74,0,0,345,0,345,0,2,417,0,419,333,0,333,752
02/27/2000,TMB,FL,ASO,ES,Towers with Radar,0,1,45,0,46,0,0,322,0,322,0,1,367,0,368,347,0,347,715
02/28/2000,TMB,FL,ASO,ES,Towers with Radar,0,1,63,0,64,0,4,207,0,211,0,5,270,0,275,334,0,334,609
02/29/2000,TMB,FL,ASO,ES,Towers with Radar,0,2,77,0,79,0,3,235,0,238,0,5,312,0,317,308,0,308,625
03/01/2000,TMB,FL,ASO,ES,Towers with Radar,0,1,48,0,49,0,0,234,0,234,0,1,282,0,283,474,0,474,757
03/02/2000,TMB,FL,ASO,ES,Towers with Radar,0,1,63,0,64,0,0,249,0,249,0,1,312,0,313,525,0,525,838
03/03/2000,TMB,FL,ASO,ES,Towers with Radar,0,2,46,0,48,0,1,275,0,276,0,3,321,0,324,347,0,347,671
03/04/2000,TMB,FL,ASO,ES,Towers with Radar,0,2,56,0,58,0,3,370,0,373,0,5,426,0,431,290,0,290,721
03/05/2000,TMB,FL,ASO,ES,Towers with Radar,0,2,64,0,66,0,1,236,0,237,0,3,300,0,303,374,0,374,677
03/06/2000,TMB,FL,ASO,ES,Towers with Radar,0,2,46,0,48,0,2,198,0,200,0,4,244,0,248,273,0,273,521
03/07/2000,TMB,FL,ASO,ES,Towers with Radar,0,2,59,0,61,0,1,230,0,231,0,3,289,0,292,337,0,337,629
03/08/2000,TMB,FL,ASO,ES,Towers with Radar,0,2,63,0,65,0,1,202,0,203,0,3,265,0,268,295,0,295,563
03/09/2000,TMB,FL,ASO,ES,Towers with Radar,0,2,67,0,69,0,2,232,0,234,0,4,299,0,303,372,0,372,675
03/10/2000,TMB,FL,ASO,ES,Towers with Radar,0,2,64,0,66,0,1,236,0,237,0,3,300,0,303,356,0,356,659
03/11/2000,TMB,FL,ASO,ES,Towers with Radar,0,2,72,0,74,0,0,217,0,217,0,2,289,0,291,332,0,332,623
03/12/2000,TMB,FL,ASO,ES,Towers with Radar,0,2,49,0,51,0,3,259,0,262,0,5,308,0,313,330,0,330,643
03/13/2000,TMB,FL,ASO,ES,Towers with Radar,0,0,62,0,62,0,0,186,0,186,0,0,248,0,248,291,0,291,539
03/14/2000,TMB,FL,ASO,ES,Towers with Radar,0,1,58,0,59,0,0,185,0,185,0,1,243,0,244,220,0,220,464
03/15/2000,TMB,FL,ASO,ES,Towers with Radar,0,2,56,0,58,0,0,150,0,150,0,2,206,0,208,293,0,293,501
03/16/2000,TMB,FL,ASO,ES,Towers with Radar,0,3,84,0,87,0,0,284,0,284,0,3,368,0,371,324,0,324,695
03/17/2000,TMB,FL,ASO,ES,Towers with Radar,0,2,64,0,66,0,2,180,0,182,0,4,244,0,248,258,0,258,506
03/18/2000,TMB,FL,ASO,ES,Towers with Radar,0,1,69,0,70,0,1,96,0,97,0,2,165,0,167,236,0,236,403
03/19/2000,TMB,FL,ASO,ES,Towers with Radar,0,1,66,0,67,0,0,197,0,197,0,1,263,0,264,309,0,309,573
03/20/2000,TMB,FL,ASO,ES,Towers with Radar,0,1,59,0,60,0,4,180,0,184,0,5,239,0,244,298,0,298,542
03/21/2000,TMB,FL,ASO,ES,Towers with Radar,0,1,74,0,75,0,0,255,0,255,0,1,329,0,330,301,0,301,631
03/22/2000,TMB,FL,ASO,ES,Towers with Radar,0,1,45,0,46,0,2,227,0,229,0,3,272,0,275,264,0,264,539
03/23/2000,TMB,FL,ASO,ES,Towers with Radar,0,1,55,0,56,0,3,208,0,211,0,4,263,0,267,249,0,249,516
03/24/2000,TMB,FL,ASO,ES,Towers with Radar,0,1,40,0,41,0,6,319,0,325,0,7,359,0,366,177,0,177,543
03/25/2000,TMB,FL,ASO,ES,Towers with Radar,0,0,54,0,54,0,0,290,0,290,0,0,344,0,344,187,0,187,531
03/26/2000,TMB,FL,ASO,ES,Towers with Radar,0,1,66,0,67,0,1,269,0,270,0,2,335,0,337,185,0,185,522
03/27/2000,TMB,FL,ASO,ES,Towers with Radar,0,1,40,0,41,0,4,140,0,144,0,5,180,0,185,183,0,183,368
03/28/2000,TMB,FL,ASO,ES,Towers with Radar,0,1,51,0,52,0,0,241,0,241,0,1,292,0,293,299,0,299,592
03/29/2000,TMB,FL,ASO,ES,Towers with Radar,0,1,69,0,70,0,0,190,0,190,0,1,259,0,260,235,0,235,495
03/30/2000,TMB,FL,ASO,ES,Towers with Radar,0,1,67,0,68,0,9,193,0,202,0,10,260,0,270,233,0,233,503
03/31/2000,TMB,FL,ASO,ES,Towers with Radar,0,1,47,0,48,0,2,194,0,196,0,3,241,0,244,216,0,216,460
04/01/2000,TMB,FL,ASO,ES,Towers with Radar,0,3,57,0,60,0,0,257,0,257,0,3,314,0,317,282,0,282,599
04/02/2000,TMB,FL,ASO,ES,Towers with Radar,0,3,45,0,48,0,2,241,0,243,0,5,286,0,291,200,0,200,491
04/03/2000,TMB,FL,ASO,ES,Towers with Radar,0,0,53,0,53,0,0,149,0,149,0,0,202,0,202,201,0,201,403
04/04/2000,TMB,FL,ASO,ES,Towers with Radar,0,3,60,0,63,0,2,215,0,217,0,5,275,0,280,249,0,249,529
04/05/2000,TMB,FL,ASO,ES,Towers with Radar,0,1,49,0,50,0,0,218,0,218,0,1,267,0,268,231,0,231,499
04/06/2000,TMB,FL,ASO,ES,Towers with Radar,0,0,76,0,76,0,0,268,0,268,0,0,344,0,344,304,0,304,648
04/07/2000,TMB,FL,ASO,ES,Towers with Radar,0,3,51,0,54,0,9,227,0,236,0,12,278,0,290,260,0,260,550
04/08/2000,TMB,FL,ASO,ES,Towers with Radar,0,3,51,0,54,0,0,202,0,202,0,3,253,0,256,261,0,261,517
04/09/2000,TMB,FL,ASO,ES,Towers with Radar,0,3,62,0,65,0,3,245,2,250,0,6,307,2,315,139,0,139,454
04/10/2000,TMB,FL,ASO,ES,Towers with Radar,0,1,53,0,54,0,0,173,0,173,0,1,226,0,227,194,0,194,421
04/11/2000,TMB,FL,ASO,ES,Towers with Radar,0,2,65,0,67,0,0,199,0,199,0,2,264,0,266,219,0,219,485
04/12/2000,TMB,FL,ASO,ES,Towers with Radar,0,0,46,0,46,0,0,132,0,132,0,0,178,0,178,284,0,284,462
04/13/2000,TMB,FL,ASO,ES,Towers with Radar,0,0,68,0,68,0,0,154,0,154,0,0,222,0,222,244,0,244,466
04/14/2000,TMB,FL,ASO,ES,Towers with Radar,0,1,38,1,40,0,4,58,1,63,0,5,96,2,103,46,0,46,149
04/15/2000,TMB,FL,ASO,ES,Towers with Radar,0,2,72,0,74,0,0,265,0,265,0,2,337,0,339,200,0,200,539
04/16/2000,TMB,FL,ASO,ES,Towers with Radar,0,2,50,0,52,0,7,186,0,193,0,9,236,0,245,200,0,200,445
04/17/2000,TMB,FL,ASO,ES,Towers with Radar,0,3,74,0,77,0,4,199,0,203,0,7,273,0,280,223,0,223,503
04/18/2000,TMB,FL,ASO,ES,Towers with Radar,0,2,82,0,84,0,0,220,0,220,0,2,302,0,304,239,0,239,543
04/19/2000,TMB,FL,ASO,ES,Towers with Radar,0,0,80,0,80,0,0,255,0,255,0,0,335,0,335,223,0,223,558
04/20/2000,TMB,FL,ASO,ES,Towers with Radar,0,3,84,0,87,0,3,263,0,266,0,6,347,0,353,410,0,410,763
04/21/2000,TMB,FL,ASO,ES,Towers with Radar,0,1,42,0,43,0,2,232,0,234,0,3,274,0,277,325,0,325,602
04/22/2000,TMB,FL,ASO,ES,Towers with Radar,0,1,40,0,41,0,7,278,0,285,0,8,318,0,326,206,0,206,532
04/23/2000,TMB,FL,ASO,ES,Towers with Radar,0,1,36,0,37,0,5,209,0,214,0,6,245,0,251,188,0,188,439
04/24/2000,TMB,FL,ASO,ES,Towers with Radar,0,3,75,0,78,0,0,162,0,162,0,3,237,0,240,147,0,147,387
04/25/2000,TMB,FL,ASO,ES,Towers with Radar,0,1,60,0,61,0,0,165,0,165,0,1,225,0,226,172,0,172,398
04/26/2000,TMB,FL,ASO,ES,Towers with Radar,0,2,58,0,60,0,0,166,0,166,0,2,224,0,226,224,0,224,450
04/27/2000,TMB,FL,ASO,ES,Towers with Radar,0,2,48,0,50,0,1,273,0,274,0,3,321,0,324,296,0,296,620
04/28/2000,TMB,FL,ASO,ES,Towers with Radar,0,1,41,0,42,0,1,230,0,231,0,2,271,0,273,305,0,305,578
04/29/2000,TMB,FL,ASO,ES,Towers with Radar,0,1,46,0,47,0,0,322,0,322,0,1,368,0,369,202,0,202,571
04/30/2000,TMB,FL,ASO,ES,Towers with Radar,0,1,41,0,42,0,3,246,0,249,0,4,287,0,291,189,0,189,480
05/01/2000,TMB,FL,ASO,ES,Towers with Radar,0,0,48,0,48,0,0,173,0,173,0,0,221,0,221,292,0,292,513
05/02/2000,TMB,FL,ASO,ES,Towers with Radar,0,2,63,0,65,0,0,181,0,181,0,2,244,0,246,255,0,255,501
05/03/2000,TMB,FL,ASO,ES,Towers with Radar,0,0,46,0,46,0,0,166,0,166,0,0,212,0,212,460,0,460,672
05/04/2000,TMB,FL,ASO,ES,Towers with Radar,0,1,56,0,57,0,0,188,0,188,0,1,244,0,245,353,0,353,598
05/05/2000,TMB,FL,ASO,ES,Towers with Radar,0,2,64,0,66,0,6,231,0,237,0,8,295,0,303,295,0,295,598
05/06/2000,TMB,FL,ASO,ES,Towers with Radar,0,2,46,0,48,0,1,252,0,253,0,3,298,0,301,183,0,183,484
05/07/2000,TMB,FL,ASO,ES,Towers with Radar,0,2,59,0,61,0,1,166,0,167,0,3,225,0,228,163,0,163,391
05/08/2000,TMB,FL,ASO,ES,Towers with Radar,0,2,63,0,65,0,0,159,0,159,0,2,222,0,224,339,0,339,563
05/09/2000,TMB,FL,ASO,ES,Towers with Radar,0,2,67,0,69,0,0,193,0,193,0,2,260,0,262,309,0,309,571
05/10/2000,TMB,FL,ASO,ES,Towers with Radar,0,2,64,0,66,0,0,164,0,164,0,2,228,0,230,401,0,401,631
05/11/2000,TMB,FL,ASO,ES,Towers with Radar,0,2,72,0,74,0,2,178,0,180,0,4,250,0,254,258,0,258,512
05/12/2000,TMB,FL,ASO,ES,Towers with Radar,0,2,49,0,51,0,1,230,0,231,0,3,279,0,282,245,0,245,527
05/13/2000,TMB,FL,ASO,ES,Towers with Radar,0,1,62,0,63,0,0,275,0,275,0,1,337,0,338,254,0,254,592
05/14/2000,TMB,FL,ASO,ES,Towers with Radar,0,1,58,0,59,0,0,204,0,204,0,1,262,0,263,315,0,315,578
05/15/2000,TMB,FL,ASO,ES,Towers with Radar,0,0,56,0,56,0,0,135,0,135,0,0,191,0,191,204,0,204,395
05/16/2000,TMB,FL,ASO,ES,Towers with Radar,0,3,84,0,87,0,2,152,0,154,0,5,236,0,241,296,0,296,537
05/17/2000,TMB,FL,ASO,ES,Towers with Radar,0,2,64,0,66,0,0,173,0,173,0,2,237,0,239,265,0,265,504
05/18/2000,TMB,FL,ASO,ES,Towers with Radar,0,1,69,0,70,0,3,252,0,255,0,4,321,0,325,246,0,246,571
05/19/2000,TMB,FL,ASO,ES,Towers with Radar,0,1,66,0,67,0,15,218,0,233,0,16,284,0,300,155,0,155,455
05/20/2000,TMB,FL,ASO,ES,Towers with Radar,0,1,59,0,60,0,5,290,0,295,0,6,349,0,355,313,0,313,668
05/21/2000,TMB,FL,ASO,ES,Towers with Radar,0,2,74,0,76,0,0,208,0,208,0,2,282,0,284,175,0,175,459
05/22/2000,TMB,FL,ASO,ES,Towers with Radar,0,0,45,0,45,0,0,110,0,110,0,0,155,0,155,156,0,156,311
05/23/2000,TMB,FL,ASO,ES,Towers with Radar,0,1,55,0,56,0,0,197,0,197,0,1,252,0,253,270,0,270,523
05/24/2000,TMB,FL,ASO,ES,Towers with Radar,0,1,40,0,41,0,5,189,0,194,0,6,229,0,235,193,0,193,428
05/25/2000,TMB,FL,ASO,ES,Towers with Radar,0,1,54,0,55,0,9,228,0,237,0,10,282,0,292,275,0,275,567
05/26/2000,TMB,FL,ASO,ES,Towers with Radar,0,1,66,0,67,0,4,221,0,225,0,5,287,0,292,295,0,295,587
05/27/2000,TMB,FL,ASO,ES,Towers with Radar,0,1,40,0,41,0,1,292,0,293,0,2,332,0,334,254,0,254,588
05/28/2000,TMB,FL,ASO,ES,Towers with Radar,0,0,51,0,51,0,0,164,0,164,0,0,215,0,215,225,0,225,440
05/29/2000,TMB,FL,ASO,ES,Towers with Radar,0,1,69,0,70,0,2,208,0,210,0,3,277,0,280,173,0,173,453
05/30/2000,TMB,FL,ASO,ES,Towers with Radar,0,0,67,0,67,0,0,130,0,130,0,0,197,0,197,233,0,233,430
05/31/2000,TMB,FL,ASO,ES,Towers with Radar,0,0,47,0,47,0,0,166,0,166,0,0,213,0,213,285,0,285,498
06/01/2000,TMB,FL,ASO,ES,Towers with Radar,0,1,54,0,55,0,0,186,0,186,0,1,240,0,241,191,0,191,432
06/02/2000,TMB,FL,ASO,ES,Towers with Radar,0,2,35,0,37,0,0,166,0,166,0,2,201,0,203,269,0,269,472
06/03/2000,TMB,FL,ASO,ES,Towers with Radar,0,2,50,0,52,0,0,256,0,256,0,2,306,0,308,317,0,317,625
06/04/2000,TMB,FL,ASO,ES,Towers with Radar,0,1,33,0,34,0,0,166,0,166,0,1,199,0,200,223,0,223,423
06/05/2000,TMB,FL,ASO,ES,Towers with Radar,0,0,39,0,39,0,0,146,0,146,0,0,185,0,185,235,0,235,420
06/06/2000,TMB,FL,ASO,ES,Towers with Radar,0,0,57,0,57,0,0,186,0,186,0,0,243,0,243,229,0,229,472
06/07/2000,TMB,FL,ASO,ES,Towers with Radar,0,2,33,0,35,0,2,184,0,186,0,4,217,0,221,250,0,250,471
06/08/2000,TMB,FL,ASO,ES,Towers with Radar,0,1,44,0,45,0,0,152,0,152,0,1,196,0,197,248,0,248,445
06/09/2000,TMB,FL,ASO,ES,Towers with Radar,0,3,50,0,53,0,1,149,0,150,0,4,199,0,203,255,0,255,458
06/10/2000,TMB,FL,ASO,ES,Towers with Radar,0,3,41,0,44,0,1,248,0,249,0,4,289,0,293,202,0,202,495
06/11/2000,TMB,FL,ASO,ES,Towers with Radar,0,2,41,0,43,0,0,140,0,140,0,2,181,0,183,149,0,149,332
06/12/2000,TMB,FL,ASO,ES,Towers with Radar,0,3,42,0,45,0,0,197,0,197,0,3,239,0,242,186,0,186,428
06/13/2000,TMB,FL,ASO,ES,Towers with Radar,0,2,55,0,57,0,0,185,0,185,0,2,240,0,242,286,0,286,528
06/14/2000,TMB,FL,ASO,ES,Towers with Radar,0,1,70,0,71,0,0,145,0,145,0,1,215,0,216,213,0,213,429
06/15/2000,TMB,FL,ASO,ES,Towers with Radar,0,3,58,0,61,0,2,173,0,175,0,5,231,0,236,238,0,238,474
06/16/2000,TMB,FL,ASO,ES,Towers with Radar,0,0,40,0,40,0,0,210,0,210,0,0,250,0,250,216,0,216,466
06/17/2000,TMB,FL,ASO,ES,Towers with Radar,0,1,36,0,37,0,5,278,0,283,0,6,314,0,320,324,0,324,644
06/18/2000,TMB,FL,ASO,ES,Towers with Radar,0,2,53,0,55,0,1,204,0,205,0,3,257,0,260,293,0,293,553
06/19/2000,TMB,FL,ASO,ES,Towers with Radar,0,1,44,0,45,0,0,138,0,138,0,1,182,0,183,263,0,263,446
06/20/2000,TMB,FL,ASO,ES,Towers with Radar,0,1,54,0,55,0,0,195,0,195,0,1,249,0,250,276,0,276,526
06/21/2000,TMB,FL,ASO,ES,Towers with Radar,0,1,43,0,44,0,0,239,0,239,0,1,282,0,283,329,0,329,612
06/22/2000,TMB,FL,ASO,ES,Towers with Radar,0,2,55,0,57,0,1,236,0,237,0,3,291,0,294,305,0,305,599
06/23/2000,TMB,FL,ASO,ES,Towers with Radar,0,2,42,0,44,0,7,225,0,232,0,9,267,0,276,290,0,290,566
06/24/2000,TMB,FL,ASO,ES,Towers with Radar,0,1,59,0,60,0,0,287,0,287,0,1,346,0,347,318,0,318,665
06/25/2000,TMB,FL,ASO,ES,Towers with Radar,0,2,64,0,66,0,0,285,0,285,0,2,349,0,351,218,0,218,569
06/26/2000,TMB,FL,ASO,ES,Towers with Radar,0,1,33,0,34,0,3,223,0,226,0,4,256,0,260,334,0,334,594
06/27/2000,TMB,FL,ASO,ES,Towers with Radar,0,2,47,0,49,0,1,144,0,145,0,3,191,0,194,266,0,266,460
06/28/2000,TMB,FL,ASO,ES,Towers with Radar,0,2,50,0,52,0,8,209,0,217,0,10,259,0,269,300,0,300,569
06/29/2000,TMB,FL,ASO,ES,Towers with Radar,0,2,52,0,54,0,3,218,2,223,0,5,270,2,277,296,0,296,573
06/30/2000,TMB,FL,ASO,ES,Towers with Radar,0,1,38,0,39,0,2,172,1,175,0,3,210,1,214,293,0,293,507
07/01/2000,TMB,FL,ASO,ES,Towers with Radar,0,1,28,0,29,0,3,203,0,206,0,4,231,0,235,306,0,306,541
07/02/2000,TMB,FL,ASO,ES,Towers with Radar,0,1,33,0,34,0,0,109,0,109,0,1,142,0,143,235,0,235,378
07/03/2000,TMB,FL,ASO,ES,Towers with Radar,0,2,57,0,59,0,0,106,0,106,0,2,163,0,165,254,0,254,419
07/04/2000,TMB,FL,ASO,ES,Towers with Radar,0,1,51,0,52,0,0,211,0,211,0,1,262,0,263,240,0,240,503
07/05/2000,TMB,FL,ASO,ES,Towers with Radar,0,2,56,0,58,0,1,196,0,197,0,3,252,0,255,361,0,361,616
07/06/2000,TMB,FL,ASO,ES,Towers with Radar,0,2,58,0,60,0,5,213,0,218,0,7,271,0,278,485,0,485,763
07/07/2000,TMB,FL,ASO,ES,Towers with Radar,0,3,62,0,65,0,8,222,0,230,0,11,284,0,295,357,0,357,652
07/08/2000,TMB,FL,ASO,ES,Towers with Radar,0,0,51,0,51,0,0,221,0,221,0,0,272,0,272,251,0,251,523
07/09/2000,TMB,FL,ASO,ES,Towers with Radar,0,1,51,0,52,0,0,215,0,215,0,1,266,0,267,302,0,302,569
07/10/2000,TMB,FL,ASO,ES,Towers with Radar,0,0,74,0,74,0,0,125,0,125,0,0,199,0,199,330,0,330,529
07/11/2000,TMB,FL,ASO,ES,Towers with Radar,0,0,38,0,38,0,0,148,0,148,0,0,186,0,186,258,0,258,444
07/12/2000,TMB,FL,ASO,ES,Towers with Radar,0,0,35,0,35,0,0,158,0,158,0,0,193,0,193,276,0,276,469
07/13/2000,TMB,FL,ASO,ES,Towers with Radar,0,1,38,0,39,0,0,242,0,242,0,1,280,0,281,292,0,292,573
07/14/2000,TMB,FL,ASO,ES,Towers with Radar,0,1,50,0,51,0,1,248,0,249,0,2,298,0,300,293,0,293,593
07/15/2000,TMB,FL,ASO,ES,Towers with Radar,0,1,47,0,48,0,4,232,0,236,0,5,279,0,284,229,0,229,513
07/16/2000,TMB,FL,ASO,ES,Towers with Radar,0,1,36,0,37,0,0,209,0,209,0,1,245,0,246,195,0,195,441
07/17/2000,TMB,FL,ASO,ES,Towers with Radar,0,0,0,0,0,0,0,175,0,175,0,0,175,0,175,251,0,251,426
07/18/2000,TMB,FL,ASO,ES,Towers with Radar,0,1,50,0,51,0,2,174,0,176,0,3,224,0,227,335,0,335,562
07/19/2000,TMB,FL,ASO,ES,Towers with Radar,0,0,0,0,0,0,2,211,0,213,0,2,211,0,213,206,0,206,419
07/20/2000,TMB,FL,ASO,ES,Towers with Radar,0,1,38,0,39,0,1,217,0,218,0,2,255,0,257,279,0,279,536
07/21/2000,TMB,FL,ASO,ES,Towers with Radar,0,1,32,0,33,0,1,193,0,194,0,2,225,0,227,256,0,256,483
07/22/2000,TMB,FL,ASO,ES,Towers with Radar,0,0,0,0,0,0,2,354,0,356,0,2,354,0,356,321,0,321,677
07/23/2000,TMB,FL,ASO,ES,Towers with Radar,0,1,31,0,32,0,2,171,0,173,0,3,202,0,205,216,0,216,421
07/24/2000,TMB,FL,ASO,ES,Towers with Radar,0,0,23,0,23,0,3,151,0,154,0,3,174,0,177,219,0,219,396
07/25/2000,TMB,FL,ASO,ES,Towers with Radar,0,1,50,0,51,0,1,164,0,165,0,2,214,0,216,292,0,292,508
07/26/2000,TMB,FL,ASO,ES,Towers with Radar,0,1,34,0,35,0,3,187,0,190,0,4,221,0,225,338,0,338,563
07/27/2000,TMB,FL,ASO,ES,Towers with Radar,0,1,54,0,55,0,4,157,0,161,0,5,211,0,216,260,0,260,476
07/28/2000,TMB,FL,ASO,ES,Towers with Radar,0,0,0,0,0,0,3,269,0,272,0,3,269,0,272,290,0,290,562
07/29/2000,TMB,FL,ASO,ES,Towers with Radar,0,1,60,0,61,0,2,221,0,223,0,3,281,0,284,182,0,182,466
07/30/2000,TMB,FL,ASO,ES,Towers with Radar,0,1,33,0,34,0,5,207,0,212,0,6,240,0,246,253,0,253,499
07/31/2000,TMB,FL,ASO,ES,Towers with Radar,0,1,39,0,40,0,1,167,0,168,0,2,206,0,208,211,0,211,419
08/01/2000,TMB,FL,ASO,ES,Towers with Radar,0,1,48,0,49,0,1,191,0,192,0,2,239,0,241,238,0,238,479
08/02/2000,TMB,FL,ASO,ES,Towers with Radar,0,1,29,0,30,0,0,127,0,127,0,1,156,0,157,192,0,192,349
08/03/2000,TMB,FL,ASO,ES,Towers with Radar,0,1,55,0,56,0,1,209,0,210,0,2,264,0,266,325,0,325,591
08/04/2000,TMB,FL,ASO,ES,Towers with Radar,0,1,45,0,46,0,1,216,0,217,0,2,261,0,263,375,0,375,638
08/05/2000,TMB,FL,ASO,ES,Towers with Radar,0,1,53,0,54,0,2,280,0,282,0,3,333,0,336,258,0,258,594
08/06/2000,TMB,FL,ASO,ES,Towers with Radar,0,1,38,0,39,0,2,119,0,121,0,3,157,0,160,202,0,202,362
08/07/2000,TMB,FL,ASO,ES,Towers with Radar,0,0,43,0,43,0,0,166,0,166,0,0,209,0,209,311,0,311,520
08/08/2000,TMB,FL,ASO,ES,Towers with Radar,0,1,38,0,39,0,4,196,0,200,0,5,234,0,239,248,0,248,487
08/09/2000,TMB,FL,ASO,ES,Towers with Radar,0,0,60,0,60,0,0,183,0,183,0,0,243,0,243,249,0,249,492
08/10/2000,TMB,FL,ASO,ES,Towers with Radar,0,0,55,0,55,0,0,167,0,167,0,0,222,0,222,254,0,254,476
08/11/2000,TMB,FL,ASO,ES,Towers with Radar,0,1,56,0,57,0,1,196,0,197,0,2,252,0,254,305,0,305,559
08/12/2000,TMB,FL,ASO,ES,Towers with Radar,0,0,55,0,55,0,0,180,0,180,0,0,235,0,235,388,0,388,623
08/13/2000,TMB,FL,ASO,ES,Towers with Radar,0,0,23,0,23,0,0,237,0,237,0,0,260,0,260,260,0,260,520
08/14/2000,TMB,FL,ASO,ES,Towers with Radar,0,0,60,0,60,0,0,133,0,133,0,0,193,0,193,268,0,268,461
08/15/2000,TMB,FL,ASO,ES,Towers with Radar,0,1,40,0,41,0,0,185,0,185,0,1,225,0,226,259,0,259,485
08/16/2000,TMB,FL,ASO,ES,Towers with Radar,0,1,50,0,51,0,1,177,0,178,0,2,227,0,229,243,0,243,472
08/17/2000,TMB,FL,ASO,ES,Towers with Radar,0,0,64,0,64,0,0,187,0,187,0,0,251,0,251,301,0,301,552
08/18/2000,TMB,FL,ASO,ES,Towers with Radar,0,1,41,0,42,0,1,126,0,127,0,2,167,0,169,304,0,304,473
08/19/2000,TMB,FL,ASO,ES,Towers with Radar,0,0,50,0,50,0,0,207,0,207,0,0,257,0,257,300,0,300,557
08/20/2000,TMB,FL,ASO,ES,Towers with Radar,0,1,38,0,39,0,2,204,0,206,0,3,242,0,245,264,0,264,509
08/21/2000,TMB,FL,ASO,ES,Towers with Radar,0,0,37,0,37,0,0,140,0,140,0,0,177,0,177,277,0,277,454
08/22/2000,TMB,FL,ASO,ES,Towers with Radar,0,0,55,0,55,0,0,204,0,204,0,0,259,0,259,346,0,346,605
08/23/2000,TMB,FL,ASO,ES,Towers with Radar,0,0,58,0,58,0,2,166,0,168,0,2,224,0,226,262,0,262,488
08/24/2000,TMB,FL,ASO,ES,Towers with Radar,0,0,64,0,64,0,2,145,0,147,0,2,209,0,211,226,0,226,437
08/25/2000,TMB,FL,ASO,ES,Towers with Radar,0,1,66,0,67,0,1,149,0,150,0,2,215,0,217,250,0,250,467
08/26/2000,TMB,FL,ASO,ES,Towers with Radar,0,0,41,0,41,0,0,197,0,197,0,0,238,0,238,337,0,337,575
08/27/2000,TMB,FL,ASO,ES,Towers with Radar,0,0,45,0,45,0,0,81,0,81,0,0,126,0,126,198,0,198,324
08/28/2000,TMB,FL,ASO,ES,Towers with Radar,0,0,49,0,49,0,8,102,0,110,0,8,151,0,159,201,0,201,360
08/29/2000,TMB,FL,ASO,ES,Towers with Radar,0,0,64,0,64,0,1,166,0,167,0,1,230,0,231,314,0,314,545
08/30/2000,TMB,FL,ASO,ES,Towers with Radar,0,0,31,0,31,0,2,183,0,185,0,2,214,0,216,224,0,224,440
08/31/2000,TMB,FL,ASO,ES,Towers with Radar,0,0,61,0,61,0,2,159,0,161,0,2,220,0,222,249,0,249,471
09/01/2000,TMB,FL,ASO,ES,Towers with Radar,0,1,40,0,41,0,0,204,0,204,0,1,244,0,245,314,0,314,559
09/02/2000,TMB,FL,ASO,ES,Towers with Radar,0,3,48,0,51,0,2,218,0,220,0,5,266,0,271,253,0,253,524
09/03/2000,TMB,FL,ASO,ES,Towers with Radar,0,2,27,0,29,0,1,206,0,207,0,3,233,0,236,146,0,146,382
09/04/2000,TMB,FL,ASO,ES,Towers with Radar,0,0,44,0,44,0,0,198,0,198,0,0,242,0,242,238,0,238,480
09/05/2000,TMB,FL,ASO,ES,Towers with Radar,0,1,57,0,58,0,0,195,0,195,0,1,252,0,253,184,0,184,437
09/06/2000,TMB,FL,ASO,ES,Towers with Radar,0,0,26,0,26,0,0,90,0,90,0,0,116,0,116,152,0,152,268
09/07/2000,TMB,FL,ASO,ES,Towers with Radar,0,2,64,0,66,0,0,187,0,187,0,2,251,0,253,312,0,312,565
09/08/2000,TMB,FL,ASO,ES,Towers with Radar,0,3,50,0,53,0,0,134,0,134,0,3,184,0,187,198,0,198,385
09/09/2000,TMB,FL,ASO,ES,Towers with Radar,0,1,46,0,47,0,0,159,0,159,0,1,205,0,206,458,0,458,664
09/10/2000,TMB,FL,ASO,ES,Towers with Radar,0,2,34,0,36,0,3,157,0,160,0,5,191,0,196,266,0,266,462
09/11/2000,TMB,FL,ASO,ES,Towers with Radar,0,0,37,0,37,0,0,150,0,150,0,0,187,0,187,211,0,211,398
09/12/2000,TMB,FL,ASO,ES,Towers with Radar,0,2,38,0,40,0,0,151,0,151,0,2,189,0,191,200,0,200,391
09/13/2000,TMB,FL,ASO,ES,Towers with Radar,0,1,37,0,38,0,1,191,0,192,0,2,228,0,230,188,0,188,418
09/14/2000,TMB,FL,ASO,ES,Towers with Radar,0,0,0,0,0,0,3,193,0,196,0,3,193,0,196,145,0,145,341
09/15/2000,TMB,FL,ASO,ES,Towers with Radar,0,1,37,0,38,0,0,116,0,116,0,1,153,0,154,181,0,181,335
09/16/2000,TMB,FL,ASO,ES,Towers with Radar,0,0,30,0,30,0,0,188,0,188,0,0,218,0,218,257,0,257,475
09/17/2000,TMB,FL,ASO,ES,Towers with Radar,0,0,22,0,22,0,0,50,0,50,0,0,72,0,72,116,0,116,188
09/18/2000,TMB,FL,ASO,ES,Towers with Radar,0,0,29,0,29,0,0,138,0,138,0,0,167,0,167,265,0,265,432
09/19/2000,TMB,FL,ASO,ES,Towers with Radar,0,1,26,0,27,0,2,126,0,128,0,3,152,0,155,202,0,202,357
09/20/2000,TMB,FL,ASO,ES,Towers with Radar,0,2,43,0,45,0,3,143,0,146,0,5,186,0,191,284,0,284,475
09/21/2000,TMB,FL,ASO,ES,Towers with Radar,0,0,0,0,0,0,1,250,0,251,0,1,250,0,251,402,0,402,653
09/22/2000,TMB,FL,ASO,ES,Towers with Radar,0,2,40,0,42,0,0,194,0,194,0,2,234,0,236,240,0,240,476
09/23/2000,TMB,FL,ASO,ES,Towers with Radar,0,0,49,0,49,0,0,254,0,254,0,0,303,0,303,294,0,294,597
09/24/2000,TMB,FL,ASO,ES,Towers with Radar,0,0,30,0,30,0,0,198,0,198,0,0,228,0,228,366,0,366,594
09/25/2000,TMB,FL,ASO,ES,Towers with Radar,0,0,28,0,28,0,0,166,0,166,0,0,194,0,194,269,0,269,463
09/26/2000,TMB,FL,ASO,ES,Towers with Radar,0,2,42,0,44,0,0,138,0,138,0,2,180,0,182,197,0,197,379
09/27/2000,TMB,FL,ASO,ES,Towers with Radar,0,2,46,0,48,0,0,191,0,191,0,2,237,0,239,287,0,287,526
09/28/2000,TMB,FL,ASO,ES,Towers with Radar,0,1,47,0,48,0,0,185,2,187,0,1,232,2,235,234,0,234,469
09/29/2000,TMB,FL,ASO,ES,Towers with Radar,0,1,30,0,31,0,3,128,0,131,0,4,158,0,162,409,0,409,571
09/30/2000,TMB,FL,ASO,ES,Towers with Radar,0,0,28,0,28,0,0,164,0,164,0,0,192,0,192,382,0,382,574
10/01/2000,TMB,FL,ASO,ES,Towers with Radar,0,1,38,0,39,0,3,180,0,183,0,4,218,0,222,322,0,322,544
10/02/2000,TMB,FL,ASO,ES,Towers with Radar,0,2,46,0,48,0,1,33,0,34,0,3,79,0,82,146,0,146,228
10/03/2000,TMB,FL,ASO,ES,Towers with Radar,0,0,0,0,0,0,0,13,0,13,0,0,13,0,13,0,0,0,13
10/04/2000,TMB,FL,ASO,ES,Towers with Radar,0,0,0,0,0,0,0,181,0,181,0,0,181,0,181,171,0,171,352
10/05/2000,TMB,FL,ASO,ES,Towers with Radar,0,0,51,0,51,0,0,162,0,162,0,0,213,0,213,366,0,366,579
10/06/2000,TMB,FL,ASO,ES,Towers with Radar,0,2,50,0,52,0,0,140,0,140,0,2,190,0,192,354,0,354,546
10/07/2000,TMB,FL,ASO,ES,Towers with Radar,0,0,59,0,59,0,0,279,0,279,0,0,338,0,338,476,0,476,814
10/08/2000,TMB,FL,ASO,ES,Towers with Radar,0,2,35,0,37,0,0,211,0,211,0,2,246,0,248,287,0,287,535
10/09/2000,TMB,FL,ASO,ES,Towers with Radar,0,3,58,0,61,0,3,120,0,123,0,6,178,0,184,178,0,178,362
10/10/2000,TMB,FL,ASO,ES,Towers with Radar,0,0,42,0,42,0,0,132,0,132,0,0,174,0,174,224,0,224,398
10/11/2000,TMB,FL,ASO,ES,Towers with Radar,0,0,0,0,0,0,0,218,0,218,0,0,218,0,218,187,0,187,405
10/12/2000,TMB,FL,ASO,ES,Towers with Radar,0,2,51,0,53,0,1,177,0,178,0,3,228,0,231,298,0,298,529
10/13/2000,TMB,FL,ASO,ES,Towers with Radar,0,2,39,0,41,0,6,209,0,215,0,8,248,0,256,291,0,291,547
10/14/2000,TMB,FL,ASO,ES,Towers with Radar,0,0,30,0,30,0,2,259,0,261,0,2,289,0,291,311,0,311,602
10/15/2000,TMB,FL,ASO,ES,Towers with Radar,0,0,27,0,27,0,1,209,0,210,0,1,236,0,237,274,0,274,511
10/16/2000,TMB,FL,ASO,ES,Towers with Radar,0,1,47,0,48,0,4,196,0,200,0,5,243,0,248,229,0,229,477
10/17/2000,TMB,FL,ASO,ES,Towers with Radar,0,1,43,0,44,0,2,213,0,215,0,3,256,0,259,187,0,187,446
10/18/2000,TMB,FL,ASO,ES,Towers with Radar,0,1,54,0,55,0,2,226,0,228,0,3,280,0,283,304,0,304,587
10/19/2000,TMB,FL,ASO,ES,Towers with Radar,0,2,64,0,66,0,2,197,0,199,0,4,261,0,265,435,0,435,700
10/20/2000,TMB,FL,ASO,ES,Towers with Radar,0,0,61,0,61,0,0,185,0,185,0,0,246,0,246,266,0,266,512
10/21/2000,TMB,FL,ASO,ES,Towers with Radar,0,1,49,0,50,0,1,261,0,262,0,2,310,0,312,450,0,450,762
10/22/2000,TMB,FL,ASO,ES,Towers with Radar,0,1,33,0,34,0,2,241,0,243,0,3,274,0,277,162,0,162,439
10/23/2000,TMB,FL,ASO,ES,Towers with Radar,0,1,39,0,40,0,6,103,0,109,0,7,142,0,149,199,0,199,348
10/24/2000,TMB,FL,ASO,ES,Towers with Radar,0,0,0,0,0,0,1,180,0,181,0,1,180,0,181,185,0,185,366
10/25/2000,TMB,FL,ASO,ES,Towers with Radar,0,1,43,0,44,0,3,199,4,206,0,4,242,4,250,173,0,173,423
10/26/2000,TMB,FL,ASO,ES,Towers with Radar,0,1,42,0,43,0,1,223,0,224,0,2,265,0,267,340,0,340,607
10/27/2000,TMB,FL,ASO,ES,Towers with Radar,0,1,41,0,42,0,0,248,7,255,0,1,289,7,297,257,0,257,554
10/28/2000,TMB,FL,ASO,ES,Towers with Radar,0,1,36,0,37,0,3,475,0,478,0,4,511,0,515,362,0,362,877
10/29/2000,TMB,FL,ASO,ES,Towers with Radar,0,1,50,0,51,0,16,312,0,328,0,17,362,0,379,303,0,303,682
10/30/2000,TMB,FL,ASO,ES,Towers with Radar,0,0,60,0,60,0,0,133,0,133,0,0,193,0,193,396,0,396,589
10/31/2000,TMB,FL,ASO,ES,Towers with Radar,0,1,45,0,46,0,3,189,0,192,0,4,234,0,238,408,0,408,646
11/01/2000,TMB,FL,ASO,ES,Towers with Radar,0,3,48,0,51,0,0,199,0,199,0,3,247,0,250,270,0,270,520
11/02/2000,TMB,FL,ASO,ES,Towers with Radar,0,3,60,0,63,0,0,223,0,223,0,3,283,0,286,485,0,485,771
11/03/2000,TMB,FL,ASO,ES,Towers with Radar,0,1,41,0,42,0,0,209,0,209,0,1,250,0,251,312,0,312,563
11/04/2000,TMB,FL,ASO,ES,Towers with Radar,0,2,72,0,74,0,0,247,0,247,0,2,319,0,321,383,0,383,704
11/05/2000,TMB,FL,ASO,ES,Towers with Radar,0,3,46,0,49,0,1,273,0,274,0,4,319,0,323,393,0,393,716
11/06/2000,TMB,FL,ASO,ES,Towers with Radar,0,1,46,0,47,0,0,191,0,191,0,1,237,0,238,274,0,274,512
11/07/2000,TMB,FL,ASO,ES,Towers with Radar,0,3,48,0,51,0,0,178,0,178,0,3,226,0,229,272,0,272,501
11/08/2000,TMB,FL,ASO,ES,Towers with Radar,0,1,5,0,6,0,5,233,0,238,0,6,238,0,244,246,0,246,490
11/09/2000,TMB,FL,ASO,ES,Towers with Radar,0,2,54,0,56,0,0,260,0,260,0,2,314,0,316,310,0,310,626
11/10/2000,TMB,FL,ASO,ES,Towers with Radar,0,4,56,0,60,0,2,229,0,231,0,6,285,0,291,297,0,297,588
11/11/2000,TMB,FL,ASO,ES,Towers with Radar,0,3,39,0,42,0,2,435,0,437,0,5,474,0,479,289,0,289,768
11/12/2000,TMB,FL,ASO,ES,Towers with Radar,0,4,56,0,60,0,4,415,0,419,0,8,471,0,479,247,0,247,726
11/13/2000,TMB,FL,ASO,ES,Towers with Radar,0,3,65,0,68,0,0,178,0,178,0,3,243,0,246,232,0,232,478
11/14/2000,TMB,FL,ASO,ES,Towers with Radar,0,2,45,0,47,0,0,166,0,166,0,2,211,0,213,323,0,323,536
11/15/2000,TMB,FL,ASO,ES,Towers with Radar,0,2,45,0,47,0,2,212,0,214,0,4,257,0,261,369,0,369,630
11/16/2000,TMB,FL,ASO,ES,Towers with Radar,0,4,69,0,73,0,3,251,0,254,0,7,320,0,327,398,0,398,725
11/17/2000,TMB,FL,ASO,ES,Towers with Radar,0,3,51,0,54,0,5,262,0,267,0,8,313,0,321,317,0,317,638
11/18/2000,TMB,FL,ASO,ES,Towers with Radar,0,0,53,0,53,0,0,263,0,263,0,0,316,0,316,523,0,523,839
11/19/2000,TMB,FL,ASO,ES,Towers with Radar,0,3,49,0,52,0,0,208,0,208,0,3,257,0,260,189,0,189,449
11/20/2000,TMB,FL,ASO,ES,Towers with Radar,0,3,62,0,65,0,0,118,0,118,0,3,180,0,183,205,0,205,388
11/21/2000,TMB,FL,ASO,ES,Towers with Radar,0,2,45,0,47,0,0,109,0,109,0,2,154,0,156,111,0,111,267
11/22/2000,TMB,FL,ASO,ES,Towers with Radar,0,2,63,0,65,0,0,213,0,213,0,2,276,0,278,264,0,264,542
11/23/2000,TMB,FL,ASO,ES,Towers with Radar,0,1,30,0,31,0,5,139,0,144,0,6,169,0,175,168,0,168,343
11/24/2000,TMB,FL,ASO,ES,Towers with Radar,0,3,57,0,60,0,4,221,0,225,0,7,278,0,285,174,0,174,459
11/25/2000,TMB,FL,ASO,ES,Towers with Radar,0,3,55,0,58,0,3,112,0,115,0,6,167,0,173,346,0,346,519
11/26/2000,TMB,FL,ASO,ES,Towers with Radar,0,3,61,0,64,0,2,192,0,194,0,5,253,0,258,245,0,245,503
11/27/2000,TMB,FL,ASO,ES,Towers with Radar,0,3,61,0,64,0,3,145,0,148,0,6,206,0,212,227,0,227,439
11/28/2000,TMB,FL,ASO,ES,Towers with Radar,0,1,72,0,73,0,0,194,0,194,0,1,266,0,267,256,0,256,523
11/29/2000,TMB,FL,ASO,ES,Towers with Radar,0,3,64,0,67,0,7,145,0,152,0,10,209,0,219,343,0,343,562
11/30/2000,TMB,FL,ASO,ES,Towers with Radar,0,4,73,0,77,0,7,220,0,227,0,11,293,0,304,260,0,260,564
12/01/2000,TMB,FL,ASO,ES,Towers with Radar,0,4,69,0,73,0,3,188,0,191,0,7,257,0,264,295,0,295,559
12/02/2000,TMB,FL,ASO,ES,Towers with Radar,0,3,64,0,67,0,1,222,0,223,0,4,286,0,290,340,0,340,630
12/03/2000,TMB,FL,ASO,ES,Towers with Radar,0,4,69,0,73,0,5,200,0,205,0,9,269,0,278,196,0,196,474
12/04/2000,TMB,FL,ASO,ES,Towers with Radar,0,4,69,0,73,0,2,161,0,163,0,6,230,0,236,242,0,242,478
12/05/2000,TMB,FL,ASO,ES,Towers with Radar,0,2,64,0,66,0,0,184,0,184,0,2,248,0,250,277,0,277,527
12/06/2000,TMB,FL,ASO,ES,Towers with Radar,0,3,64,0,67,0,1,190,0,191,0,4,254,0,258,353,0,353,611
12/07/2000,TMB,FL,ASO,ES,Towers with Radar,0,4,68,0,72,0,7,190,0,197,0,11,258,0,269,240,0,240,509
12/08/2000,TMB,FL,ASO,ES,Towers with Radar,0,4,67,0,71,0,7,164,0,171,0,11,231,0,242,385,0,385,627
12/09/2000,TMB,FL,ASO,ES,Towers with Radar,0,2,64,0,66,0,0,168,0,168,0,2,232,0,234,312,0,312,546
12/10/2000,TMB,FL,ASO,ES,Towers with Radar,0,3,43,0,46,0,0,0,0,0,0,3,43,0,46,15,0,15,61
12/11/2000,TMB,FL,ASO,ES,Towers with Radar,0,3,48,0,51,0,1,125,0,126,0,4,173,0,177,266,0,266,443
12/12/2000,TMB,FL,ASO,ES,Towers with Radar,0,1,65,0,66,0,0,128,0,128,0,1,193,0,194,301,0,301,495
12/13/2000,TMB,FL,ASO,ES,Towers with Radar,0,3,66,0,69,0,0,136,0,136,0,3,202,0,205,259,0,259,464
12/14/2000,TMB,FL,ASO,ES,Towers with Radar,0,2,65,0,67,0,2,195,0,197,0,4,260,0,264,193,0,193,457
12/15/2000,TMB,FL,ASO,ES,Towers with Radar,0,3,66,0,69,0,5,203,0,208,0,8,269,0,277,217,0,217,494
12/16/2000,TMB,FL,ASO,ES,Towers with Radar,0,1,65,0,66,0,0,318,0,318,0,1,383,0,384,237,0,237,621
12/17/2000,TMB,FL,ASO,ES,Towers with Radar,0,2,65,0,67,0,0,154,0,154,0,2,219,0,221,226,0,226,447
12/18/2000,TMB,FL,ASO,ES,Towers with Radar,0,0,67,0,67,0,0,168,0,168,0,0,235,0,235,207,0,207,442
12/19/2000,TMB,FL,ASO,ES,Towers with Radar,0,2,67,0,69,0,0,144,0,144,0,2,211,0,213,197,0,197,410
12/20/2000,TMB,FL,ASO,ES,Towers with Radar,0,1,71,0,72,0,0,197,0,197,0,1,268,0,269,219,0,219,488
12/21/2000,TMB,FL,ASO,ES,Towers with Radar,0,3,68,0,71,0,5,153,0,158,0,8,221,0,229,243,0,243,472
12/22/2000,TMB,FL,ASO,ES,Towers with Radar,0,2,65,0,67,0,3,138,0,141,0,5,203,0,208,221,0,221,429
12/23/2000,TMB,FL,ASO,ES,Towers with Radar,0,1,65,0,66,0,0,96,0,96,0,1,161,0,162,238,0,238,400
12/24/2000,TMB,FL,ASO,ES,Towers with Radar,0,2,33,0,35,0,0,0,0,0,0,2,33,0,35,25,0,25,60
12/25/2000,TMB,FL,ASO,ES,Towers with Radar,0,0,65,0,65,0,0,16,0,16,0,0,81,0,81,51,0,51,132
12/26/2000,TMB,FL,ASO,ES,Towers with Radar,0,3,74,0,77,0,9,152,0,161,0,12,226,0,238,244,0,244,482
12/27/2000,TMB,FL,ASO,ES,Towers with Radar,0,3,73,0,76,0,7,214,0,221,0,10,287,0,297,257,0,257,554
12/28/2000,TMB,FL,ASO,ES,Towers with Radar,0,3,69,0,72,0,2,177,0,179,0,5,246,0,251,179,0,179,430
12/29/2000,TMB,FL,ASO,ES,Towers with Radar,0,3,66,0,69,0,0,218,0,218,0,3,284,0,287,222,0,222,509
12/30/2000,TMB,FL,ASO,ES,Towers with Radar,0,0,65,0,65,0,0,253,0,253,0,0,318,0,318,147,0,147,465
12/31/2000,TMB,FL,ASO,ES,Towers with Radar,0,1,36,0,37,0,3,244,0,247,0,4,280,0,284,270,0,270,554
01/01/2001,TMB,FL,ASO,ES,Towers with Radar,0,2,20,0,22,0,5,180,0,185,0,7,200,0,207,62,0,62,269
01/02/2001,TMB,FL,ASO,ES,Towers with Radar,0,0,82,0,82,0,0,174,0,174,0,0,256,0,256,153,0,153,409
01/03/2001,TMB,FL,ASO,ES,Towers with Radar,0,4,67,0,71,0,1,183,0,184,0,5,250,0,255,266,0,266,521
01/04/2001,TMB,FL,ASO,ES,Towers with Radar,0,2,53,0,55,0,0,183,0,183,0,2,236,0,238,193,0,193,431
01/05/2001,TMB,FL,ASO,ES,Towers with Radar,0,2,35,0,37,0,5,256,0,261,0,7,291,0,298,270,0,270,568
01/06/2001,TMB,FL,ASO,ES,Towers with Radar,0,3,58,0,61,0,2,222,0,224,0,5,280,0,285,300,0,300,585
01/07/2001,TMB,FL,ASO,ES,Towers with Radar,0,3,46,0,49,0,3,242,0,245,0,6,288,0,294,271,0,271,565
01/08/2001,TMB,FL,ASO,ES,Towers with Radar,0,2,63,0,65,0,0,120,0,120,0,2,183,0,185,188,0,188,373
01/09/2001,TMB,FL,ASO,ES,Towers with Radar,0,2,62,0,64,0,0,129,0,129,0,2,191,0,193,134,0,134,327
01/10/2001,TMB,FL,ASO,ES,Towers with Radar,0,3,44,0,47,0,3,177,0,180,0,6,221,0,227,214,0,214,441
01/11/2001,TMB,FL,ASO,ES,Towers with Radar,0,4,67,0,71,0,1,209,0,210,0,5,276,0,281,222,0,222,503
01/12/2001,TMB,FL,ASO,ES,Towers with Radar,0,3,59,0,62,0,3,218,0,221,0,6,277,0,283,298,0,298,581
01/13/2001,TMB,FL,ASO,ES,Towers with Radar,0,2,55,0,57,0,0,254,0,254,0,2,309,0,311,238,0,238,549
01/14/2001,TMB,FL,ASO,ES,Towers with Radar,0,3,57,0,60,0,1,190,0,191,0,4,247,0,251,241,0,241,492
01/15/2001,TMB,FL,ASO,ES,Towers with Radar,0,3,71,0,74,0,6,242,0,248,0,9,313,0,322,352,0,352,674
01/16/2001,TMB,FL,ASO,ES,Towers with Radar,0,3,69,0,72,0,1,153,0,154,0,4,222,0,226,406,0,406,632
01/17/2001,TMB,FL,ASO,ES,Towers with Radar,0,2,60,0,62,0,0,153,0,153,0,2,213,0,215,227,0,227,442
01/18/2001,TMB,FL,ASO,ES,Towers with Radar,0,3,65,0,68,0,1,179,0,180,0,4,244,0,248,271,0,271,519
01/19/2001,TMB,FL,ASO,ES,Towers with Radar,0,2,53,0,55,0,2,219,0,221,0,4,272,0,276,144,0,144,420
01/20/2001,TMB,FL,ASO,ES,Towers with Radar,0,1,58,0,59,0,0,107,0,107,0,1,165,0,166,239,0,239,405
01/21/2001,TMB,FL,ASO,ES,Towers with Radar,0,0,54,0,54,0,0,206,0,206,0,0,260,0,260,213,0,213,473
01/22/2001,TMB,FL,ASO,ES,Towers with Radar,0,4,87,0,91,0,1,14,0,15,0,5,101,0,106,0,0,0,106
01/23/2001,TMB,FL,ASO,ES,Towers with Radar,0,3,71,0,74,0,1,157,0,158,0,4,228,0,232,271,0,271,503
01/24/2001,TMB,FL,ASO,ES,Towers with Radar,0,1,43,0,44,0,0,207,0,207,0,1,250,0,251,322,0,322,573
01/25/2001,TMB,FL,ASO,ES,Towers with Radar,0,3,60,0,63,0,4,212,0,216,0,7,272,0,279,174,0,174,453
01/26/2001,TMB,FL,ASO,ES,Towers with Radar,0,2,42,0,44,0,5,224,0,229,0,7,266,0,273,252,0,252,525
01/27/2001,TMB,FL,ASO,ES,Towers with Radar,0,3,60,0,63,0,3,279,0,282,0,6,339,0,345,441,0,441,786
01/28/2001,TMB,FL,ASO,ES,Towers with Radar,0,2,51,0,53,0,2,224,0,226,0,4,275,0,279,221,0,221,500
01/29/2001,TMB,FL,ASO,ES,Towers with Radar,0,2,52,0,54,0,3,135,0,138,0,5,187,0,192,190,0,190,382
01/30/2001,TMB,FL,ASO,ES,Towers with Radar,0,3,70,0,73,0,0,201,0,201,0,3,271,0,274,148,0,148,422
01/31/2001,TMB,FL,ASO,ES,Towers with Radar,0,2,44,0,46,0,0,211,0,211,0,2,255,0,257,110,0,110,367
02/01/2001,TMB,FL,ASO,ES,Towers with Radar,0,7,61,0,68,0,4,222,0,226,0,11,283,0,294,68,0,68,362
02/02/2001,TMB,FL,ASO,ES,Towers with Radar,0,2,53,0,55,0,0,207,0,207,0,2,260,0,262,121,0,121,383
02/03/2001,TMB,FL,ASO,ES,Towers with Radar,0,1,54,0,55,0,0,255,0,255,0,1,309,0,310,363,0,363,673
02/04/2001,TMB,FL,ASO,ES,Towers with Radar,0,5,42,0,47,0,0,200,0,200,0,5,242,0,247,217,0,217,464
02/05/2001,TMB,FL,ASO,ES,Towers with Radar,0,0,63,0,63,0,0,133,0,133,0,0,196,0,196,169,0,169,365
02/06/2001,TMB,FL,ASO,ES,Towers with Radar,0,3,58,0,61,0,0,159,0,159,0,3,217,0,220,216,0,216,436
02/07/2001,TMB,FL,ASO,ES,Towers with Radar,0,6,56,0,62,0,0,172,0,172,0,6,228,0,234,292,0,292,526
02/08/2001,TMB,FL,ASO,ES,Towers with Radar,0,0,70,0,70,0,0,203,0,203,0,0,273,0,273,321,0,321,594
02/09/2001,TMB,FL,ASO,ES,Towers with Radar,0,7,65,0,72,0,3,196,0,199,0,10,261,0,271,445,0,445,716
02/10/2001,TMB,FL,ASO,ES,Towers with Radar,0,4,38,0,42,0,0,246,0,246,0,4,284,0,288,443,0,443,731
02/11/2001,TMB,FL,ASO,ES,Towers with Radar,0,3,55,0,58,0,0,264,0,264,0,3,319,0,322,392,0,392,714
02/12/2001,TMB,FL,ASO,ES,Towers with Radar,0,0,0,0,0,0,0,185,0,185,0,0,185,0,185,268,0,268,453
02/13/2001,TMB,FL,ASO,ES,Towers with Radar,0,0,2,0,2,0,2,234,0,236,0,2,236,0,238,393,0,393,631
02/14/2001,TMB,FL,ASO,ES,Towers with Radar,0,2,70,0,72,0,0,180,0,180,0,2,250,0,252,246,0,246,498
02/15/2001,TMB,FL,ASO,ES,Towers with Radar,0,5,66,0,71,0,0,206,0,206,0,5,272,0,277,321,0,321,598
02/16/2001,TMB,FL,ASO,ES,Towers with Radar,0,0,0,0,0,0,5,333,0,338,0,5,333,0,338,164,0,164,502
02/17/2001,TMB,FL,ASO,ES,Towers with Radar,0,1,61,0,62,0,0,269,0,269,0,1,330,0,331,329,0,329,660
02/18/2001,TMB,FL,ASO,ES,Towers with Radar,0,0,0,0,0,0,1,264,1,266,0,1,264,1,266,226,16,242,508
02/19/2001,TMB,FL,ASO,ES,Towers with Radar,0,2,69,0,71,0,0,167,0,167,0,2,236,0,238,392,0,392,630
02/20/2001,TMB,FL,ASO,ES,Towers with Radar,0,2,65,0,67,0,0,187,0,187,0,2,252,0,254,158,0,158,412
02/21/2001,TMB,FL,ASO,ES,Towers with Radar,0,4,41,0,45,0,5,175,0,180,0,9,216,0,225,357,0,357,582
02/22/2001,TMB,FL,ASO,ES,Towers with Radar,0,6,61,0,67,0,0,202,0,202,0,6,263,0,269,298,0,298,567
02/23/2001,TMB,FL,ASO,ES,Towers with Radar,0,7,70,0,77,0,3,231,0,234,0,10,301,0,311,218,0,218,529
02/24/2001,TMB,FL,ASO,ES,Towers with Radar,0,4,60,0,64,0,0,220,0,220,0,4,280,0,284,261,0,261,545
02/25/2001,TMB,FL,ASO,ES,Towers with Radar,0,3,45,0,48,0,0,250,0,250,0,3,295,0,298,322,0,322,620
02/26/2001,TMB,FL,ASO,ES,Towers with Radar,0,0,0,0,0,0,3,251,0,254,0,3,251,0,254,297,0,297,551
02/27/2001,TMB,FL,ASO,ES,Towers with Radar,0,5,60,0,65,0,13,204,0,217,0,18,264,0,282,373,0,373,655
02/28/2001,TMB,FL,ASO,ES,Towers with Radar,0,4,47,0,51,0,7,160,0,167,0,11,207,0,218,319,0,319,537
03/01/2001,TMB,FL,ASO,ES,Towers with Radar,0,3,57,0,60,0,1,226,0,227,0,4,283,0,287,335,0,335,622
03/02/2001,TMB,FL,ASO,ES,Towers with Radar,0,4,75,0,79,0,10,257,0,267,0,14,332,0,346,308,0,308,654
03/03/2001,TMB,FL,ASO,ES,Towers with Radar,0,4,65,0,69,0,3,299,0,302,0,7,364,0,371,226,0,226,597
03/04/2001,TMB,FL,ASO,ES,Towers with Radar,0,2,41,0,43,0,1,109,0,110,0,3,150,0,153,99,0,99,252
03/05/2001,TMB,FL,ASO,ES,Towers with Radar,0,3,51,0,54,0,11,108,0,119,0,14,159,0,173,71,0,71,244
03/06/2001,TMB,FL,ASO,ES,Towers with Radar,0,2,34,0,36,0,11,153,0,164,0,13,187,0,200,101,0,101,301
03/07/2001,TMB,FL,ASO,ES,Towers with Radar,0,4,63,0,67,0,1,225,0,226,0,5,288,0,293,225,0,225,518
03/08/2001,TMB,FL,ASO,ES,Towers with Radar,0,4,70,0,74,0,1,222,1,224,0,5,292,1,298,280,0,280,578
03/09/2001,TMB,FL,ASO,ES,Towers with Radar,0,3,57,0,60,0,1,217,0,218,0,4,274,0,278,184,0,184,462
03/10/2001,TMB,FL,ASO,ES,Towers with Radar,0,3,58,0,61,0,0,255,0,255,0,3,313,0,316,247,0,247,563
03/11/2001,TMB,FL,ASO,ES,Towers with Radar,0,1,58,0,59,0,0,258,0,258,0,1,316,0,317,268,0,268,585
03/12/2001,TMB,FL,ASO,ES,Towers with Radar,0,3,55,0,58,0,2,165,0,167,0,5,220,0,225,267,0,267,492
03/13/2001,TMB,FL,ASO,ES,Towers with Radar,0,1,61,0,62,0,0,162,0,162,0,1,223,0,224,258,0,258,482
03/14/2001,TMB,FL,ASO,ES,Towers with Radar,0,3,54,0,57,0,14,161,0,175,0,17,215,0,232,354,0,354,586
03/15/2001,TMB,FL,ASO,ES,Towers with Radar,0,4,75,0,79,0,2,199,0,201,0,6,274,0,280,261,0,261,541
03/16/2001,TMB,FL,ASO,ES,Towers with Radar,0,2,56,0,58,0,0,194,0,194,0,2,250,0,252,399,0,399,651
03/17/2001,TMB,FL,ASO,ES,Towers with Radar,0,0,64,0,64,0,0,217,0,217,0,0,281,0,281,414,0,414,695
03/18/2001,TMB,FL,ASO,ES,Towers with Radar,0,2,55,0,57,0,8,148,0,156,0,10,203,0,213,225,0,225,438
03/19/2001,TMB,FL,ASO,ES,Towers with Radar,0,1,40,0,41,0,3,122,0,125,0,4,162,0,166,160,0,160,326
03/20/2001,TMB,FL,ASO,ES,Towers with Radar,0,1,36,0,37,0,0,152,0,152,0,1,188,0,189,203,0,203,392
03/21/2001,TMB,FL,ASO,ES,Towers with Radar,0,3,67,0,70,0,0,184,0,184,0,3,251,0,254,161,0,161,415
03/22/2001,TMB,FL,ASO,ES,Towers with Radar,0,2,57,0,59,0,5,250,1,256,0,7,307,1,315,202,0,202,517
03/23/2001,TMB,FL,ASO,ES,Towers with Radar,0,3,66,0,69,0,5,255,0,260,0,8,321,0,329,315,0,315,644
03/24/2001,TMB,FL,ASO,ES,Towers with Radar,0,3,66,0,69,0,0,293,0,293,0,3,359,0,362,452,0,452,814
03/25/2001,TMB,FL,ASO,ES,Towers with Radar,0,2,48,0,50,0,3,384,0,387,0,5,432,0,437,419,0,419,856
03/26/2001,TMB,FL,ASO,ES,Towers with Radar,0,2,48,0,50,0,2,184,1,187,0,4,232,1,237,282,0,282,519
03/27/2001,TMB,FL,ASO,ES,Towers with Radar,0,2,53,0,55,0,5,147,0,152,0,7,200,0,207,412,0,412,619
03/28/2001,TMB,FL,ASO,ES,Towers with Radar,0,3,72,0,75,0,2,177,0,179,0,5,249,0,254,337,0,337,591
03/29/2001,TMB,FL,ASO,ES,Towers with Radar,0,2,56,0,58,0,0,135,0,135,0,2,191,0,193,180,0,180,373
03/30/2001,TMB,FL,ASO,ES,Towers with Radar,0,2,56,0,58,0,3,167,0,170,0,5,223,0,228,180,0,180,408
03/31/2001,TMB,FL,ASO,ES,Towers with Radar,0,2,51,0,53,0,2,239,0,241,0,4,290,0,294,279,0,279,573
04/01/2001,TMB,FL,ASO,ES,Towers with Radar,0,3,51,0,54,0,1,230,0,231,0,4,281,0,285,293,0,293,578
04/02/2001,TMB,FL,ASO,ES,Towers with Radar,0,3,49,0,52,0,0,193,0,193,0,3,242,0,245,354,0,354,599
04/03/2001,TMB,FL,ASO,ES,Towers with Radar,0,6,57,2,65,0,9,217,2,228,0,15,274,4,293,266,0,266,559
04/04/2001,TMB,FL,ASO,ES,Towers with Radar,0,5,46,0,51,0,0,213,0,213,0,5,259,0,264,260,0,260,524
04/05/2001,TMB,FL,ASO,ES,Towers with Radar,0,5,67,0,72,0,1,227,0,228,0,6,294,0,300,323,0,323,623
04/06/2001,TMB,FL,ASO,ES,Towers with Radar,0,15,59,0,74,0,5,223,0,228,0,20,282,0,302,332,0,332,634
04/07/2001,TMB,FL,ASO,ES,Towers with Radar,0,4,52,0,56,0,5,293,0,298,0,9,345,0,354,357,0,357,711
04/08/2001,TMB,FL,ASO,ES,Towers with Radar,0,7,65,0,72,0,4,288,0,292,0,11,353,0,364,322,0,322,686
04/09/2001,TMB,FL,ASO,ES,Towers with Radar,0,4,58,0,62,0,0,218,0,218,0,4,276,0,280,312,0,312,592
04/10/2001,TMB,FL,ASO,ES,Towers with Radar,0,0,0,0,0,0,0,0,0,0,0,0,0,0,0,0,0,0,0
04/11/2001,TMB,FL,ASO,ES,Towers with Radar,0,0,0,0,0,0,0,0,0,0,0,0,0,0,0,0,0,0,0
04/12/2001,TMB,FL,ASO,ES,Towers with Radar,0,0,0,0,0,0,0,0,0,0,0,0,0,0,0,0,0,0,0
04/13/2001,TMB,FL,ASO,ES,Towers with Radar,0,2,81,0,83,0,1,223,0,224,0,3,304,0,307,308,0,308,615
04/14/2001,TMB,FL,ASO,ES,Towers with Radar,0,1,51,0,52,0,0,296,0,296,0,1,347,0,348,419,0,419,767
04/15/2001,TMB,FL,ASO,ES,Towers with Radar,0,2,58,0,60,0,2,169,0,171,0,4,227,0,231,280,0,280,511
04/16/2001,TMB,FL,ASO,ES,Towers with Radar,0,2,54,0,56,0,3,197,0,200,0,5,251,0,256,301,0,301,557
04/17/2001,TMB,FL,ASO,ES,Towers with Radar,0,3,66,0,69,0,4,160,0,164,0,7,226,0,233,206,0,206,439
04/18/2001,TMB,FL,ASO,ES,Towers with Radar,0,3,50,0,53,0,0,176,0,176,0,3,226,0,229,236,0,236,465
04/19/2001,TMB,FL,ASO,ES,Towers with Radar,0,0,52,0,52,0,8,221,0,229,0,8,273,0,281,331,0,331,612
04/20/2001,TMB,FL,ASO,ES,Towers with Radar,0,0,59,0,59,0,0,193,0,193,0,0,252,0,252,313,0,313,565
04/21/2001,TMB,FL,ASO,ES,Towers with Radar,0,0,54,0,54,0,0,273,0,273,0,0,327,0,327,325,0,325,652
04/22/2001,TMB,FL,ASO,ES,Towers with Radar,0,7,44,0,51,0,3,194,0,197,0,10,238,0,248,256,0,256,504
04/23/2001,TMB,FL,ASO,ES,Towers with Radar,0,4,35,0,39,0,3,199,0,202,0,7,234,0,241,246,0,246,487
04/24/2001,TMB,FL,ASO,ES,Towers with Radar,0,1,44,0,45,0,3,188,0,191,0,4,232,0,236,459,0,459,695
04/25/2001,TMB,FL,ASO,ES,Towers with Radar,0,4,33,0,37,0,5,182,0,187,0,9,215,0,224,231,0,231,455
04/26/2001,TMB,FL,ASO,ES,Towers with Radar,0,3,47,0,50,0,12,211,0,223,0,15,258,0,273,326,0,326,599
04/27/2001,TMB,FL,ASO,ES,Towers with Radar,0,4,66,0,70,0,9,237,0,246,0,13,303,0,316,303,0,303,619
04/28/2001,TMB,FL,ASO,ES,Towers with Radar,0,19,43,0,62,0,2,255,0,257,0,21,298,0,319,307,0,307,626
04/29/2001,TMB,FL,ASO,ES,Towers with Radar,0,6,65,0,71,0,8,106,0,114,0,14,171,0,185,255,0,255,440
04/30/2001,TMB,FL,ASO,ES,Towers with Radar,0,7,33,0,40,0,0,62,0,62,0,7,95,0,102,104,0,104,206
05/01/2001,TMB,FL,ASO,ES,Towers with Radar,0,18,103,0,121,0,0,76,0,76,0,18,179,0,197,272,0,272,469
05/02/2001,TMB,FL,ASO,ES,Towers with Radar,0,0,99,0,99,0,5,50,0,55,0,5,149,0,154,108,0,108,262
05/03/2001,TMB,FL,ASO,ES,Towers with Radar,0,2,62,0,64,0,2,127,0,129,0,4,189,0,193,205,0,205,398
05/04/2001,TMB,FL,ASO,ES,Towers with Radar,0,2,0,0,2,0,0,227,0,227,0,2,227,0,229,334,0,334,563
05/05/2001,TMB,FL,ASO,ES,Towers with Radar,0,3,38,0,41,0,1,282,0,283,0,4,320,0,324,200,0,200,524
05/06/2001,TMB,FL,ASO,ES,Towers with Radar,0,3,40,0,43,0,3,221,0,224,0,6,261,0,267,189,0,189,456
05/07/2001,TMB,FL,ASO,ES,Towers with Radar,0,0,38,0,38,0,0,148,0,148,0,0,186,0,186,152,0,152,338
05/08/2001,TMB,FL,ASO,ES,Towers with Radar,0,4,60,1,65,0,0,151,1,152,0,4,211,2,217,263,0,263,480
05/09/2001,TMB,FL,ASO,ES,Towers with Radar,0,1,43,0,44,0,10,160,0,170,0,11,203,0,214,252,0,252,466
05/10/2001,TMB,FL,ASO,ES,Towers with Radar,0,1,49,0,50,0,2,183,0,185,0,3,232,0,235,264,0,264,499
05/11/2001,TMB,FL,ASO,ES,Towers with Radar,0,3,51,0,54,0,0,228,0,228,0,3,279,0,282,387,0,387,669
05/12/2001,TMB,FL,ASO,ES,Towers with Radar,0,1,32,0,33,0,5,399,0,404,0,6,431,0,437,346,0,346,783
05/13/2001,TMB,FL,ASO,ES,Towers with Radar,0,7,42,0,49,0,2,246,0,248,0,9,288,0,297,204,0,204,501
05/14/2001,TMB,FL,ASO,ES,Towers with Radar,0,1,63,0,64,0,1,206,0,207,0,2,269,0,271,357,0,357,628
05/15/2001,TMB,FL,ASO,ES,Towers with Radar,0,0,61,0,61,0,3,183,0,186,0,3,244,0,247,286,0,286,533
05/16/2001,TMB,FL,ASO,ES,Towers with Radar,0,0,42,0,42,0,4,222,0,226,0,4,264,0,268,264,0,264,532
05/17/2001,TMB,FL,ASO,ES,Towers with Radar,0,1,37,0,38,0,0,252,0,252,0,1,289,0,290,302,0,302,592
05/18/2001,TMB,FL,ASO,ES,Towers with Radar,0,1,59,0,60,0,6,189,0,195,0,7,248,0,255,338,0,338,593
05/19/2001,TMB,FL,ASO,ES,Towers with Radar,0,1,42,0,43,0,4,230,0,234,0,5,272,0,277,310,0,310,587
05/20/2001,TMB,FL,ASO,ES,Towers with Radar,0,3,43,0,46,0,3,252,0,255,0,6,295,0,301,306,0,306,607
05/21/2001,TMB,FL,ASO,ES,Towers with Radar,0,4,74,0,78,0,1,177,0,178,0,5,251,0,256,241,0,241,497
05/22/2001,TMB,FL,ASO,ES,Towers with Radar,0,1,63,0,64,0,4,174,0,178,0,5,237,0,242,265,0,265,507
05/23/2001,TMB,FL,ASO,ES,Towers with Radar,0,2,51,0,53,0,2,29,0,31,0,4,80,0,84,163,0,163,247
05/24/2001,TMB,FL,ASO,ES,Towers with Radar,0,3,74,0,77,0,4,163,0,167,0,7,237,0,244,332,0,332,576
05/25/2001,TMB,FL,ASO,ES,Towers with Radar,0,1,77,0,78,0,0,143,0,143,0,1,220,0,221,341,0,341,562
05/26/2001,TMB,FL,ASO,ES,Towers with Radar,0,0,44,0,44,0,0,277,0,277,0,0,321,0,321,477,0,477,798
05/27/2001,TMB,FL,ASO,ES,Towers with Radar,0,2,27,0,29,0,1,165,1,167,0,3,192,1,196,297,0,297,493
05/28/2001,TMB,FL,ASO,ES,Towers with Radar,0,0,50,0,50,0,1,196,0,197,0,1,246,0,247,355,0,355,602
05/29/2001,TMB,FL,ASO,ES,Towers with Radar,0,1,62,0,63,0,4,209,0,213,0,5,271,0,276,368,0,368,644
05/30/2001,TMB,FL,ASO,ES,Towers with Radar,0,2,50,0,52,0,1,139,0,140,0,3,189,0,192,366,0,366,558
05/31/2001,TMB,FL,ASO,ES,Towers with Radar,0,1,44,0,45,0,4,199,0,203,0,5,243,0,248,303,0,303,551
06/01/2001,TMB,FL,ASO,ES,Towers with Radar,0,1,43,0,44,0,8,175,0,183,0,9,218,0,227,277,0,277,504
06/02/2001,TMB,FL,ASO,ES,Towers with Radar,0,0,54,0,54,0,2,233,1,236,0,2,287,1,290,317,0,317,607
06/03/2001,TMB,FL,ASO,ES,Towers with Radar,0,1,61,0,62,0,0,253,0,253,0,1,314,0,315,396,0,396,711
06/04/2001,TMB,FL,ASO,ES,Towers with Radar,0,4,55,0,59,0,0,182,0,182,0,4,237,0,241,314,0,314,555
06/05/2001,TMB,FL,ASO,ES,Towers with Radar,0,0,50,0,50,0,5,169,0,174,0,5,219,0,224,260,0,260,484
06/06/2001,TMB,FL,ASO,ES,Towers with Radar,0,0,48,0,48,0,4,177,0,181,0,4,225,0,229,414,0,414,643
06/07/2001,TMB,FL,ASO,ES,Towers with Radar,0,2,41,0,43,0,1,206,0,207,0,3,247,0,250,309,0,309,559
06/08/2001,TMB,FL,ASO,ES,Towers with Radar,0,0,42,0,42,0,2,236,0,238,0,2,278,0,280,430,0,430,710
06/09/2001,TMB,FL,ASO,ES,Towers with Radar,0,3,39,0,42,0,6,305,0,311,0,9,344,0,353,451,0,451,804
06/10/2001,TMB,FL,ASO,ES,Towers with Radar,0,2,54,0,56,0,0,253,0,253,0,2,307,0,309,285,0,285,594
06/11/2001,TMB,FL,ASO,ES,Towers with Radar,0,3,32,0,35,0,3,227,0,230,0,6,259,0,265,297,0,297,562
06/12/2001,TMB,FL,ASO,ES,Towers with Radar,0,4,54,0,58,0,0,174,0,174,0,4,228,0,232,297,0,297,529
06/13/2001,TMB,FL,ASO,ES,Towers with Radar,0,2,59,0,61,0,4,167,0,171,0,6,226,0,232,290,0,290,522
06/14/2001,TMB,FL,ASO,ES,Towers with Radar,0,3,55,0,58,0,6,172,0,178,0,9,227,0,236,334,0,334,570
06/15/2001,TMB,FL,ASO,ES,Towers with Radar,0,0,51,0,51,0,2,199,0,201,0,2,250,0,252,308,0,308,560
06/16/2001,TMB,FL,ASO,ES,Towers with Radar,0,0,57,0,57,0,3,188,0,191,0,3,245,0,248,435,0,435,683
06/17/2001,TMB,FL,ASO,ES,Towers with Radar,0,2,43,0,45,0,1,226,0,227,0,3,269,0,272,262,0,262,534
06/18/2001,TMB,FL,ASO,ES,Towers with Radar,0,1,47,0,48,0,0,168,0,168,0,1,215,0,216,253,0,253,469
06/19/2001,TMB,FL,ASO,ES,Towers with Radar,0,1,45,0,46,0,0,198,1,199,0,1,243,1,245,284,0,284,529
06/20/2001,TMB,FL,ASO,ES,Towers with Radar,0,1,55,0,56,0,3,209,0,212,0,4,264,0,268,492,0,492,760
06/21/2001,TMB,FL,ASO,ES,Towers with Radar,0,2,36,0,38,0,0,185,0,185,0,2,221,0,223,491,0,491,714
06/22/2001,TMB,FL,ASO,ES,Towers with Radar,0,1,42,0,43,0,1,160,0,161,0,2,202,0,204,232,0,232,436
06/23/2001,TMB,FL,ASO,ES,Towers with Radar,0,1,42,0,43,0,6,207,0,213,0,7,249,0,256,343,0,343,599
06/24/2001,TMB,FL,ASO,ES,Towers with Radar,0,2,42,0,44,0,5,276,0,281,0,7,318,0,325,347,0,347,672
06/25/2001,TMB,FL,ASO,ES,Towers with Radar,0,1,56,0,57,0,1,130,0,131,0,2,186,0,188,403,0,403,591
06/26/2001,TMB,FL,ASO,ES,Towers with Radar,0,0,34,0,34,0,7,173,0,180,0,7,207,0,214,235,0,235,449
06/27/2001,TMB,FL,ASO,ES,Towers with Radar,0,0,44,0,44,0,4,140,0,144,0,4,184,0,188,345,0,345,533
06/28/2001,TMB,FL,ASO,ES,Towers with Radar,0,2,43,0,45,0,3,101,0,104,0,5,144,0,149,171,0,171,320
06/29/2001,TMB,FL,ASO,ES,Towers with Radar,0,0,43,0,43,0,1,239,0,240,0,1,282,0,283,452,0,452,735
06/30/2001,TMB,FL,ASO,ES,Towers with Radar,0,0,53,0,53,0,3,296,0,299,0,3,349,0,352,316,0,316,668
07/01/2001,TMB,FL,ASO,ES,Towers with Radar,0,0,46,0,46,0,8,251,0,259,0,8,297,0,305,208,0,208,513
07/02/2001,TMB,FL,ASO,ES,Towers with Radar,0,1,49,0,50,0,0,211,0,211,0,1,260,0,261,432,0,432,693
07/03/2001,TMB,FL,ASO,ES,Towers with Radar,0,0,54,0,54,0,4,279,0,283,0,4,333,0,337,314,0,314,651
07/04/2001,TMB,FL,ASO,ES,Towers with Radar,0,0,52,0,52,0,2,137,0,139,0,2,189,0,191,293,0,293,484
07/05/2001,TMB,FL,ASO,ES,Towers with Radar,0,5,41,0,46,0,4,216,0,220,0,9,257,0,266,322,0,322,588
07/06/2001,TMB,FL,ASO,ES,Towers with Radar,0,7,51,0,58,0,3,239,6,248,0,10,290,6,306,275,0,275,581
07/07/2001,TMB,FL,ASO,ES,Towers with Radar,0,0,40,0,40,0,8,241,0,249,0,8,281,0,289,339,0,339,628
07/08/2001,TMB,FL,ASO,ES,Towers with Radar,0,2,58,0,60,0,4,256,0,260,0,6,314,0,320,254,0,254,574
07/09/2001,TMB,FL,ASO,ES,Towers with Radar,0,0,38,0,38,0,2,103,0,105,0,2,141,0,143,189,0,189,332
07/10/2001,TMB,FL,ASO,ES,Towers with Radar,0,5,30,0,35,0,0,123,0,123,0,5,153,0,158,249,0,249,407
07/11/2001,TMB,FL,ASO,ES,Towers with Radar,0,4,54,0,58,0,0,158,0,158,0,4,212,0,216,230,0,230,446
07/12/2001,TMB,FL,ASO,ES,Towers with Radar,0,3,60,1,64,0,3,216,1,220,0,6,276,2,284,503,0,503,787
07/13/2001,TMB,FL,ASO,ES,Towers with Radar,0,2,45,0,47,0,6,260,0,266,0,8,305,0,313,285,0,285,598
07/14/2001,TMB,FL,ASO,ES,Towers with Radar,0,0,48,0,48,0,2,216,0,218,0,2,264,0,266,134,0,134,400
07/15/2001,TMB,FL,ASO,ES,Towers with Radar,0,0,34,0,34,0,4,173,0,177,0,4,207,0,211,264,0,264,475
07/16/2001,TMB,FL,ASO,ES,Towers with Radar,0,3,35,0,38,0,4,207,0,211,0,7,242,0,249,365,0,365,614
07/17/2001,TMB,FL,ASO,ES,Towers with Radar,0,5,34,0,39,0,0,121,0,121,0,5,155,0,160,139,0,139,299
07/18/2001,TMB,FL,ASO,ES,Towers with Radar,0,1,38,0,39,0,2,163,0,165,0,3,201,0,204,349,0,349,553
07/19/2001,TMB,FL,ASO,ES,Towers with Radar,0,2,47,0,49,0,2,199,0,201,0,4,246,0,250,311,0,311,561
07/20/2001,TMB,FL,ASO,ES,Towers with Radar,0,0,43,0,43,0,3,169,0,172,0,3,212,0,215,313,0,313,528
07/21/2001,TMB,FL,ASO,ES,Towers with Radar,0,0,32,0,32,0,7,218,0,225,0,7,250,0,257,373,0,373,630
07/22/2001,TMB,FL,ASO,ES,Towers with Radar,0,0,43,0,43,0,1,154,0,155,0,1,197,0,198,269,0,269,467
07/23/2001,TMB,FL,ASO,ES,Towers with Radar,0,0,28,0,28,0,0,62,1,63,0,0,90,1,91,170,0,170,261
07/24/2001,TMB,FL,ASO,ES,Towers with Radar,0,1,43,0,44,0,6,172,0,178,0,7,215,0,222,257,0,257,479
07/25/2001,TMB,FL,ASO,ES,Towers with Radar,0,3,53,0,56,0,3,241,0,244,0,6,294,0,300,358,0,358,658
07/26/2001,TMB,FL,ASO,ES,Towers with Radar,0,2,57,0,59,0,4,221,0,225,0,6,278,0,284,275,0,275,559
07/27/2001,TMB,FL,ASO,ES,Towers with Radar,0,0,53,2,55,0,3,221,0,224,0,3,274,2,279,347,0,347,626
07/28/2001,TMB,FL,ASO,ES,Towers with Radar,0,0,50,0,50,0,4,268,0,272,0,4,318,0,322,424,0,424,746
07/29/2001,TMB,FL,ASO,ES,Towers with Radar,0,2,40,0,42,0,5,272,0,277,0,7,312,0,319,274,0,274,593
07/30/2001,TMB,FL,ASO,ES,Towers with Radar,0,4,30,0,34,0,0,225,0,225,0,4,255,0,259,319,0,319,578
07/31/2001,TMB,FL,ASO,ES,Towers with Radar,0,0,54,0,54,0,1,242,0,243,0,1,296,0,297,383,0,383,680
08/01/2001,TMB,FL,ASO,ES,Towers with Radar,0,2,31,0,33,0,0,53,0,53,0,2,84,0,86,92,0,92,178
08/02/2001,TMB,FL,ASO,ES,Towers with Radar,0,8,40,0,48,0,0,71,0,71,0,8,111,0,119,314,0,314,433
08/03/2001,TMB,FL,ASO,ES,Towers with Radar,0,0,43,0,43,0,3,56,0,59,0,3,99,0,102,166,0,166,268
08/04/2001,TMB,FL,ASO,ES,Towers with Radar,0,0,47,0,47,0,8,264,0,272,0,8,311,0,319,342,0,342,661
08/05/2001,TMB,FL,ASO,ES,Towers with Radar,0,0,42,0,42,0,2,189,0,191,0,2,231,0,233,168,0,168,401
08/06/2001,TMB,FL,ASO,ES,Towers with Radar,0,0,60,0,60,0,2,222,0,224,0,2,282,0,284,287,0,287,571
08/07/2001,TMB,FL,ASO,ES,Towers with Radar,0,3,53,0,56,1,3,212,0,216,1,6,265,0,272,250,0,250,522
08/08/2001,TMB,FL,ASO,ES,Towers with Radar,0,0,42,0,42,2,1,278,0,281,2,1,320,0,323,367,0,367,690
08/09/2001,TMB,FL,ASO,ES,Towers with Radar,0,3,42,0,45,0,4,253,0,257,0,7,295,0,302,323,0,323,625
08/10/2001,TMB,FL,ASO,ES,Towers with Radar,0,2,51,0,53,0,3,217,0,220,0,5,268,0,273,368,0,368,641
08/11/2001,TMB,FL,ASO,ES,Towers with Radar,0,0,34,0,34,0,3,236,0,239,0,3,270,0,273,409,0,409,682
08/12/2001,TMB,FL,ASO,ES,Towers with Radar,0,1,42,0,43,0,5,271,2,278,0,6,313,2,321,231,0,231,552
08/13/2001,TMB,FL,ASO,ES,Towers with Radar,0,0,46,0,46,0,4,188,0,192,0,4,234,0,238,269,0,269,507
08/14/2001,TMB,FL,ASO,ES,Towers with Radar,0,0,40,0,40,0,2,184,0,186,0,2,224,0,226,307,0,307,533
08/15/2001,TMB,FL,ASO,ES,Towers with Radar,0,0,41,0,41,0,3,188,0,191,0,3,229,0,232,305,0,305,537
08/16/2001,TMB,FL,ASO,ES,Towers with Radar,0,1,47,0,48,0,3,190,0,193,0,4,237,0,241,311,0,311,552
08/17/2001,TMB,FL,ASO,ES,Towers with Radar,0,6,64,0,70,0,2,172,0,174,0,8,236,0,244,299,0,299,543
08/18/2001,TMB,FL,ASO,ES,Towers with Radar,0,0,47,0,47,0,7,220,0,227,0,7,267,0,274,384,0,384,658
08/19/2001,TMB,FL,ASO,ES,Towers with Radar,0,2,56,0,58,0,3,324,0,327,0,5,380,0,385,382,0,382,767
08/20/2001,TMB,FL,ASO,ES,Towers with Radar,0,3,50,2,55,0,10,187,0,197,0,13,237,2,252,308,3,311,563
08/21/2001,TMB,FL,ASO,ES,Towers with Radar,0,2,45,0,47,0,5,145,0,150,0,7,190,0,197,244,0,244,441
08/22/2001,TMB,FL,ASO,ES,Towers with Radar,0,3,55,0,58,0,5,150,0,155,0,8,205,0,213,358,0,358,571
08/23/2001,TMB,FL,ASO,ES,Towers with Radar,0,0,53,0,53,0,8,234,0,242,0,8,287,0,295,386,0,386,681
08/24/2001,TMB,FL,ASO,ES,Towers with Radar,0,0,57,0,57,0,3,228,7,238,0,3,285,7,295,317,0,317,612
08/25/2001,TMB,FL,ASO,ES,Towers with Radar,0,0,57,0,57,0,4,271,0,275,0,4,328,0,332,311,0,311,643
08/26/2001,TMB,FL,ASO,ES,Towers with Radar,0,0,43,0,43,0,1,202,0,203,0,1,245,0,246,351,0,351,597
08/27/2001,TMB,FL,ASO,ES,Towers with Radar,0,2,40,0,42,0,0,202,0,202,0,2,242,0,244,315,0,315,559
08/28/2001,TMB,FL,ASO,ES,Towers with Radar,0,1,40,0,41,0,5,145,0,150,0,6,185,0,191,275,0,275,466
08/29/2001,TMB,FL,ASO,ES,Towers with Radar,0,2,41,0,43,0,5,180,0,185,0,7,221,0,228,295,4,299,527
08/30/2001,TMB,FL,ASO,ES,Towers with Radar,0,0,29,0,29,0,4,223,0,227,0,4,252,0,256,364,0,364,620
08/31/2001,TMB,FL,ASO,ES,Towers with Radar,0,1,45,0,46,0,6,243,0,249,0,7,288,0,295,302,0,302,597
09/01/2001,TMB,FL,ASO,ES,Towers with Radar,0,4,30,0,34,0,4,254,0,258,0,8,284,0,292,306,0,306,598
09/02/2001,TMB,FL,ASO,ES,Towers with Radar,0,1,18,0,19,0,8,209,0,217,0,9,227,0,236,241,0,241,477
09/03/2001,TMB,FL,ASO,ES,Towers with Radar,0,3,35,0,38,0,0,243,0,243,0,3,278,0,281,382,0,382,663
09/04/2001,TMB,FL,ASO,ES,Towers with Radar,0,0,39,0,39,0,1,139,0,140,0,1,178,0,179,227,0,227,406
09/05/2001,TMB,FL,ASO,ES,Towers with Radar,0,1,48,0,49,0,2,214,0,216,0,3,262,0,265,324,0,324,589
09/06/2001,TMB,FL,ASO,ES,Towers with Radar,0,0,43,0,43,0,1,146,0,147,0,1,189,0,190,377,0,377,567
09/07/2001,TMB,FL,ASO,ES,Towers with Radar,0,1,76,0,77,0,2,123,0,125,0,3,199,0,202,331,0,331,533
09/08/2001,TMB,FL,ASO,ES,Towers with Radar,0,0,46,0,46,0,7,158,0,165,0,7,204,0,211,156,0,156,367
09/09/2001,TMB,FL,ASO,ES,Towers with Radar,0,0,39,0,39,0,0,109,0,109,0,0,148,0,148,347,0,347,495
09/10/2001,TMB,FL,ASO,ES,Towers with Radar,0,1,85,0,86,0,2,69,0,71,0,3,154,0,157,213,0,213,370
09/11/2001,TMB,FL,ASO,ES,Towers with Radar,0,1,5,0,6,0,1,36,0,37,0,2,41,0,43,18,0,18,61
09/12/2001,TMB,FL,ASO,ES,Towers with Radar,0,2,0,0,2,0,3,2,0,5,0,5,2,0,7,1,0,1,8
09/13/2001,TMB,FL,ASO,ES,Towers with Radar,0,3,0,0,3,0,3,7,0,10,0,6,7,0,13,13,0,13,26
09/14/2001,TMB,FL,ASO,ES,Towers with Radar,0,3,1,0,4,0,1,6,0,7,0,4,7,0,11,2,0,2,13
09/15/2001,TMB,FL,ASO,ES,Towers with Radar,0,5,43,0,48,0,6,4,0,10,0,11,47,0,58,14,0,14,72
09/16/2001,TMB,FL,ASO,ES,Towers with Radar,0,1,39,0,40,0,0,1,0,1,0,1,40,0,41,0,0,0,41
09/17/2001,TMB,FL,ASO,ES,Towers with Radar,0,6,66,2,74,0,4,16,0,20,0,10,82,2,94,0,0,0,94
09/18/2001,TMB,FL,ASO,ES,Towers with Radar,0,8,78,0,86,0,5,0,0,5,0,13,78,0,91,24,0,24,115
09/19/2001,TMB,FL,ASO,ES,Towers with Radar,0,4,96,0,100,0,0,0,0,0,0,4,96,0,100,12,0,12,112
09/20/2001,TMB,FL,ASO,ES,Towers with Radar,0,3,106,0,109,0,4,0,0,4,0,7,106,0,113,21,0,21,134
09/21/2001,TMB,FL,ASO,ES,Towers with Radar,0,6,94,0,100,0,0,0,2,2,0,6,94,2,102,25,0,25,127
09/22/2001,TMB,FL,ASO,ES,Towers with Radar,0,0,91,0,91,0,3,58,0,61,0,3,149,0,152,146,0,146,298
09/23/2001,TMB,FL,ASO,ES,Towers with Radar,0,2,79,0,81,0,3,79,0,82,0,5,158,0,163,199,0,199,362
09/24/2001,TMB,FL,ASO,ES,Towers with Radar,0,2,61,0,63,0,1,89,0,90,0,3,150,0,153,194,0,194,347
09/25/2001,TMB,FL,ASO,ES,Towers with Radar,0,2,57,0,59,0,4,89,0,93,0,6,146,0,152,154,0,154,306
09/26/2001,TMB,FL,ASO,ES,Towers with Radar,0,5,73,0,78,0,4,73,0,77,0,9,146,0,155,218,0,218,373
09/27/2001,TMB,FL,ASO,ES,Towers with Radar,0,0,67,0,67,0,0,97,0,97,0,0,164,0,164,214,0,214,378
09/28/2001,TMB,FL,ASO,ES,Towers with Radar,0,6,54,0,60,0,2,97,0,99,0,8,151,0,159,219,0,219,378
09/29/2001,TMB,FL,ASO,ES,Towers with Radar,0,1,79,0,80,0,5,24,0,29,0,6,103,0,109,243,0,243,352
09/30/2001,TMB,FL,ASO,ES,Towers with Radar,0,1,93,0,94,0,6,94,0,100,0,7,187,0,194,215,0,215,409
10/01/2001,TMB,FL,ASO,ES,Towers with Radar,0,3,72,0,75,0,17,127,0,144,0,20,199,0,219,186,0,186,405
10/02/2001,TMB,FL,ASO,ES,Towers with Radar,0,0,0,0,0,0,8,210,0,218,0,8,210,0,218,160,0,160,378
10/03/2001,TMB,FL,ASO,ES,Towers with Radar,0,0,0,0,0,0,4,169,0,173,0,4,169,0,173,249,0,249,422
10/04/2001,TMB,FL,ASO,ES,Towers with Radar,0,13,66,0,79,0,3,100,0,103,0,16,166,0,182,178,0,178,360
10/05/2001,TMB,FL,ASO,ES,Towers with Radar,0,3,86,0,89,0,8,93,0,101,0,11,179,0,190,207,0,207,397
10/06/2001,TMB,FL,ASO,ES,Towers with Radar,0,2,78,0,80,0,8,176,0,184,0,10,254,0,264,294,0,294,558
10/07/2001,TMB,FL,ASO,ES,Towers with Radar,0,1,70,0,71,0,5,94,0,99,0,6,164,0,170,120,0,120,290
10/08/2001,TMB,FL,ASO,ES,Towers with Radar,0,3,67,0,70,0,4,122,0,126,0,7,189,0,196,243,0,243,439
10/09/2001,TMB,FL,ASO,ES,Towers with Radar,0,2,31,0,33,0,3,27,0,30,0,5,58,0,63,32,0,32,95
10/10/2001,TMB,FL,ASO,ES,Towers with Radar,0,8,48,0,56,0,4,76,0,80,0,12,124,0,136,271,0,271,407
10/11/2001,TMB,FL,ASO,ES,Towers with Radar,0,2,71,0,73,0,0,102,0,102,0,2,173,0,175,96,0,96,271
10/12/2001,TMB,FL,ASO,ES,Towers with Radar,0,5,95,0,100,0,7,103,0,110,0,12,198,0,210,173,0,173,383
10/13/2001,TMB,FL,ASO,ES,Towers with Radar,0,4,63,0,67,0,1,89,0,90,0,5,152,0,157,371,0,371,528
10/14/2001,TMB,FL,ASO,ES,Towers with Radar,0,4,74,0,78,0,4,81,0,85,0,8,155,0,163,179,0,179,342
10/15/2001,TMB,FL,ASO,ES,Towers with Radar,0,7,73,0,80,0,0,90,0,90,0,7,163,0,170,271,0,271,441
10/16/2001,TMB,FL,ASO,ES,Towers with Radar,0,1,72,0,73,0,1,126,0,127,0,2,198,0,200,342,0,342,542
10/17/2001,TMB,FL,ASO,ES,Towers with Radar,0,2,89,0,91,0,3,79,0,82,0,5,168,0,173,138,0,138,311
10/18/2001,TMB,FL,ASO,ES,Towers with Radar,0,2,61,0,63,0,0,18,0,18,0,2,79,0,81,132,0,132,213
10/19/2001,TMB,FL,ASO,ES,Towers with Radar,0,3,75,0,78,0,0,54,0,54,0,3,129,0,132,277,0,277,409
10/20/2001,TMB,FL,ASO,ES,Towers with Radar,0,2,61,0,63,0,4,72,0,76,0,6,133,0,139,232,0,232,371
10/21/2001,TMB,FL,ASO,ES,Towers with Radar,0,0,74,0,74,0,1,50,0,51,0,1,124,0,125,178,0,178,303
10/22/2001,TMB,FL,ASO,ES,Towers with Radar,0,8,46,0,54,0,0,133,0,133,0,8,179,0,187,208,0,208,395
10/23/2001,TMB,FL,ASO,ES,Towers with Radar,0,5,42,0,47,0,5,172,0,177,0,10,214,0,224,399,0,399,623
10/24/2001,TMB,FL,ASO,ES,Towers with Radar,0,8,36,0,44,0,0,139,0,139,0,8,175,0,183,250,0,250,433
10/25/2001,TMB,FL,ASO,ES,Towers with Radar,0,0,51,0,51,0,1,130,0,131,0,1,181,0,182,343,0,343,525
10/26/2001,TMB,FL,ASO,ES,Towers with Radar,0,6,61,0,67,0,2,133,2,137,0,8,194,2,204,222,0,222,426
10/27/2001,TMB,FL,ASO,ES,Towers with Radar,0,6,39,0,45,0,0,208,1,209,0,6,247,1,254,246,0,246,500
10/28/2001,TMB,FL,ASO,ES,Towers with Radar,0,1,51,0,52,0,2,148,0,150,0,3,199,0,202,156,0,156,358
10/29/2001,TMB,FL,ASO,ES,Towers with Radar,0,3,50,0,53,0,3,135,0,138,0,6,185,0,191,188,0,188,379
10/30/2001,TMB,FL,ASO,ES,Towers with Radar,0,6,58,0,64,0,0,144,0,144,0,6,202,0,208,280,0,280,488
10/31/2001,TMB,FL,ASO,ES,Towers with Radar,0,1,69,0,70,0,1,142,0,143,0,2,211,0,213,239,0,239,452
11/01/2001,TMB,FL,ASO,ES,Towers with Radar,0,6,82,0,88,0,7,75,0,82,0,13,157,0,170,172,0,172,342
11/02/2001,TMB,FL,ASO,ES,Towers with Radar,0,1,63,0,64,0,8,83,0,91,0,9,146,0,155,121,0,121,276
11/03/2001,TMB,FL,ASO,ES,Towers with Radar,0,2,46,0,48,0,11,130,0,141,0,13,176,0,189,111,0,111,300
11/04/2001,TMB,FL,ASO,ES,Towers with Radar,0,4,26,0,30,0,1,35,0,36,0,5,61,0,66,0,0,0,66
11/05/2001,TMB,FL,ASO,ES,Towers with Radar,0,1,32,0,33,0,3,26,0,29,0,4,58,0,62,48,0,48,110
11/06/2001,TMB,FL,ASO,ES,Towers with Radar,0,5,56,0,61,0,0,155,0,155,0,5,211,0,216,292,0,292,508
11/07/2001,TMB,FL,ASO,ES,Towers with Radar,0,2,76,0,78,0,0,157,0,157,0,2,233,0,235,411,0,411,646
11/08/2001,TMB,FL,ASO,ES,Towers with Radar,0,10,89,0,99,0,0,118,0,118,0,10,207,0,217,213,0,213,430
11/09/2001,TMB,FL,ASO,ES,Towers with Radar,0,6,60,0,66,0,6,205,0,211,0,12,265,0,277,377,0,377,654
11/10/2001,TMB,FL,ASO,ES,Towers with Radar,0,5,71,0,76,0,0,312,0,312,0,5,383,0,388,451,0,451,839
11/11/2001,TMB,FL,ASO,ES,Towers with Radar,0,10,90,0,100,0,3,316,0,319,0,13,406,0,419,262,0,262,681
11/12/2001,TMB,FL,ASO,ES,Towers with Radar,0,5,47,0,52,0,3,203,0,206,0,8,250,0,258,477,0,477,735
11/13/2001,TMB,FL,ASO,ES,Towers with Radar,0,8,80,0,88,0,0,181,0,181,0,8,261,0,269,230,0,230,499
11/14/2001,TMB,FL,ASO,ES,Towers with Radar,0,4,104,0,108,0,0,75,0,75,0,4,179,0,183,143,0,143,326
11/15/2001,TMB,FL,ASO,ES,Towers with Radar,0,4,82,0,86,0,3,166,0,169,0,7,248,0,255,264,0,264,519
11/16/2001,TMB,FL,ASO,ES,Towers with Radar,0,4,57,0,61,0,0,155,0,155,0,4,212,0,216,172,0,172,388
11/17/2001,TMB,FL,ASO,ES,Towers with Radar,0,1,58,0,59,0,2,237,0,239,0,3,295,0,298,293,0,293,591
11/18/2001,TMB,FL,ASO,ES,Towers with Radar,0,6,48,0,54,0,2,178,0,180,0,8,226,0,234,313,0,313,547
11/19/2001,TMB,FL,ASO,ES,Towers with Radar,0,4,54,0,58,0,2,139,0,141,0,6,193,0,199,206,0,206,405
11/20/2001,TMB,FL,ASO,ES,Towers with Radar,0,7,40,0,47,0,4,126,0,130,0,11,166,0,177,380,0,380,557
11/21/2001,TMB,FL,ASO,ES,Towers with Radar,0,7,65,0,72,0,0,183,1,184,0,7,248,1,256,240,0,240,496
11/22/2001,TMB,FL,ASO,ES,Towers with Radar,0,4,43,0,47,0,3,125,0,128,0,7,168,0,175,181,0,181,356
11/23/2001,TMB,FL,ASO,ES,Towers with Radar,0,2,75,0,77,0,0,222,0,222,0,2,297,0,299,180,0,180,479
11/24/2001,TMB,FL,ASO,ES,Towers with Radar,0,4,40,0,44,0,1,218,0,219,0,5,258,0,263,268,0,268,531
11/25/2001,TMB,FL,ASO,ES,Towers with Radar,0,2,79,0,81,0,0,212,0,212,0,2,291,0,293,247,0,247,540
11/26/2001,TMB,FL,ASO,ES,Towers with Radar,0,4,69,0,73,0,5,141,0,146,0,9,210,0,219,195,0,195,414
11/27/2001,TMB,FL,ASO,ES,Towers with Radar,0,2,65,0,67,0,9,158,0,167,0,11,223,0,234,298,0,298,532
11/28/2001,TMB,FL,ASO,ES,Towers with Radar,0,3,39,0,42,0,3,126,0,129,0,6,165,0,171,271,0,271,442
11/29/2001,TMB,FL,ASO,ES,Towers with Radar,0,6,52,0,58,0,1,160,0,161,0,7,212,0,219,274,0,274,493
11/30/2001,TMB,FL,ASO,ES,Towers with Radar,0,3,48,0,51,0,7,175,0,182,0,10,223,0,233,206,0,206,439
12/01/2001,TMB,FL,ASO,ES,Towers with Radar,0,1,97,0,98,0,5,200,0,205,0,6,297,0,303,248,0,248,551
12/02/2001,TMB,FL,ASO,ES,Towers with Radar,0,3,67,0,70,0,5,219,0,224,0,8,286,0,294,385,0,385,679
12/03/2001,TMB,FL,ASO,ES,Towers with Radar,0,1,44,0,45,0,2,148,0,150,0,3,192,0,195,258,0,258,453
12/04/2001,TMB,FL,ASO,ES,Towers with Radar,0,5,59,0,64,0,8,98,0,106,0,13,157,0,170,260,0,260,430
12/05/2001,TMB,FL,ASO,ES,Towers with Radar,0,9,46,0,55,0,0,102,0,102,0,9,148,0,157,227,0,227,384
12/06/2001,TMB,FL,ASO,ES,Towers with Radar,0,0,61,0,61,0,14,34,0,48,0,14,95,0,109,44,0,44,153
12/07/2001,TMB,FL,ASO,ES,Towers with Radar,0,5,52,0,57,0,2,111,0,113,0,7,163,0,170,245,0,245,415
12/08/2001,TMB,FL,ASO,ES,Towers with Radar,0,3,56,0,59,0,4,185,0,189,0,7,241,0,248,383,0,383,631
12/09/2001,TMB,FL,ASO,ES,Towers with Radar,0,1,72,0,73,0,7,222,0,229,0,8,294,0,302,454,0,454,756
12/10/2001,TMB,FL,ASO,ES,Towers with Radar,0,4,60,0,64,0,13,117,0,130,0,17,177,0,194,274,0,274,468
12/11/2001,TMB,FL,ASO,ES,Towers with Radar,0,4,42,0,46,0,3,133,0,136,0,7,175,0,182,257,0,257,439
12/12/2001,TMB,FL,ASO,ES,Towers with Radar,0,5,63,0,68,0,2,135,0,137,0,7,198,0,205,271,0,271,476
12/13/2001,TMB,FL,ASO,ES,Towers with Radar,0,3,46,0,49,0,0,158,0,158,0,3,204,0,207,241,0,241,448
12/14/2001,TMB,FL,ASO,ES,Towers with Radar,0,2,53,0,55,0,7,187,0,194,0,9,240,0,249,250,0,250,499
12/15/2001,TMB,FL,ASO,ES,Towers with Radar,0,3,63,0,66,0,0,219,0,219,0,3,282,0,285,281,0,281,566
12/16/2001,TMB,FL,ASO,ES,Towers with Radar,0,1,42,0,43,0,8,201,0,209,0,9,243,0,252,157,0,157,409
12/17/2001,TMB,FL,ASO,ES,Towers with Radar,0,2,47,0,49,0,4,156,0,160,0,6,203,0,209,233,0,233,442
12/18/2001,TMB,FL,ASO,ES,Towers with Radar,0,1,57,0,58,0,0,183,0,183,0,1,240,0,241,272,0,272,513
12/19/2001,TMB,FL,ASO,ES,Towers with Radar,0,3,52,0,55,0,2,171,0,173,0,5,223,0,228,281,0,281,509
12/20/2001,TMB,FL,ASO,ES,Towers with Radar,0,7,45,0,52,0,2,205,0,207,0,9,250,0,259,155,0,155,414
12/21/2001,TMB,FL,ASO,ES,Towers with Radar,0,6,62,0,68,0,4,162,0,166,0,10,224,0,234,127,0,127,361
12/22/2001,TMB,FL,ASO,ES,Towers with Radar,0,2,61,0,63,0,2,174,0,176,0,4,235,0,239,156,0,156,395
12/23/2001,TMB,FL,ASO,ES,Towers with Radar,0,3,38,0,41,0,10,158,0,168,0,13,196,0,209,119,0,119,328
12/24/2001,TMB,FL,ASO,ES,Towers with Radar,0,4,36,0,40,0,6,129,0,135,0,10,165,0,175,148,0,148,323
12/25/2001,TMB,FL,ASO,ES,Towers with Radar,0,10,15,0,25,0,6,62,0,68,0,16,77,0,93,10,0,10,103
12/26/2001,TMB,FL,ASO,ES,Towers with Radar,0,22,64,0,86,0,0,100,0,100,0,22,164,0,186,91,0,91,277
12/27/2001,TMB,FL,ASO,ES,Towers with Radar,0,23,62,0,85,0,0,194,0,194,0,23,256,0,279,184,0,184,463
12/28/2001,TMB,FL,ASO,ES,Towers with Radar,0,7,70,0,77,0,5,169,0,174,0,12,239,0,251,244,0,244,495
12/29/2001,TMB,FL,ASO,ES,Towers with Radar,0,2,53,0,55,0,6,248,0,254,0,8,301,0,309,175,0,175,484
12/30/2001,TMB,FL,ASO,ES,Towers with Radar,0,8,44,0,52,0,3,195,0,198,0,11,239,0,250,182,0,182,432
12/31/2001,TMB,FL,ASO,ES,Towers with Radar,0,4,58,0,62,0,0,48,0,48,0,4,106,0,110,26,0,26,136
01/01/2002,TMB,FL,ASO,ES,Towers with Radar,0,5,27,0,32,0,8,172,0,180,0,13,199,0,212,86,0,86,298
01/02/2002,TMB,FL,ASO,ES,Towers with Radar,0,15,58,0,73,0,0,104,0,104,0,15,162,0,177,124,0,124,301
01/03/2002,TMB,FL,ASO,ES,Towers with Radar,0,9,54,0,63,0,0,105,0,105,0,9,159,0,168,127,0,127,295
01/04/2002,TMB,FL,ASO,ES,Towers with Radar,0,3,41,0,44,0,3,162,0,165,0,6,203,0,209,130,0,130,339
01/05/2002,TMB,FL,ASO,ES,Towers with Radar,0,14,70,0,84,0,0,252,0,252,0,14,322,0,336,237,0,237,573
01/06/2002,TMB,FL,ASO,ES,Towers with Radar,0,9,36,0,45,0,9,109,0,118,0,18,145,0,163,56,0,56,219
01/07/2002,TMB,FL,ASO,ES,Towers with Radar,0,3,26,0,29,0,1,138,0,139,0,4,164,0,168,155,0,155,323
01/08/2002,TMB,FL,ASO,ES,Towers with Radar,0,4,31,0,35,0,3,184,0,187,0,7,215,0,222,148,0,148,370
01/09/2002,TMB,FL,ASO,ES,Towers with Radar,0,4,40,0,44,0,4,155,0,159,0,8,195,0,203,113,0,113,316
01/10/2002,TMB,FL,ASO,ES,Towers with Radar,0,3,69,0,72,0,6,174,0,180,0,9,243,0,252,253,0,253,505
01/11/2002,TMB,FL,ASO,ES,Towers with Radar,0,6,76,0,82,0,1,166,0,167,0,7,242,0,249,279,0,279,528
01/12/2002,TMB,FL,ASO,ES,Towers with Radar,0,3,67,0,70,0,2,259,0,261,0,5,326,0,331,287,0,287,618
01/13/2002,TMB,FL,ASO,ES,Towers with Radar,0,2,44,0,46,0,1,200,0,201,0,3,244,0,247,416,0,416,663
01/14/2002,TMB,FL,ASO,ES,Towers with Radar,0,0,46,0,46,0,0,148,0,148,0,0,194,0,194,241,0,241,435
01/15/2002,TMB,FL,ASO,ES,Towers with Radar,0,4,36,0,40,0,1,100,0,101,0,5,136,0,141,271,0,271,412
01/16/2002,TMB,FL,ASO,ES,Towers with Radar,0,2,67,0,69,0,5,98,0,103,0,7,165,0,172,232,0,232,404
01/17/2002,TMB,FL,ASO,ES,Towers with Radar,0,4,57,0,61,0,2,168,0,170,0,6,225,0,231,187,0,187,418
01/18/2002,TMB,FL,ASO,ES,Towers with Radar,0,5,91,0,96,0,5,167,1,173,0,10,258,1,269,169,0,169,438
01/19/2002,TMB,FL,ASO,ES,Towers with Radar,0,1,80,0,81,0,2,219,0,221,0,3,299,0,302,234,0,234,536
01/20/2002,TMB,FL,ASO,ES,Towers with Radar,0,4,66,0,70,0,8,222,0,230,0,12,288,0,300,379,0,379,679
01/21/2002,TMB,FL,ASO,ES,Towers with Radar,0,9,74,0,83,0,12,189,0,201,0,21,263,0,284,259,0,259,543
01/22/2002,TMB,FL,ASO,ES,Towers with Radar,0,1,64,0,65,0,2,86,0,88,0,3,150,0,153,199,0,199,352
01/23/2002,TMB,FL,ASO,ES,Towers with Radar,0,2,74,0,76,0,0,100,0,100,0,2,174,0,176,120,0,120,296
01/24/2002,TMB,FL,ASO,ES,Towers with Radar,0,11,57,0,68,0,1,184,0,185,0,12,241,0,253,206,0,206,459
01/25/2002,TMB,FL,ASO,ES,Towers with Radar,0,11,60,0,71,0,10,222,0,232,0,21,282,0,303,289,0,289,592
01/26/2002,TMB,FL,ASO,ES,Towers with Radar,0,2,53,0,55,0,3,216,0,219,0,5,269,0,274,506,0,506,780
01/27/2002,TMB,FL,ASO,ES,Towers with Radar,0,0,53,0,53,0,1,222,28,251,0,1,275,28,304,247,0,247,551
01/28/2002,TMB,FL,ASO,ES,Towers with Radar,0,0,52,0,52,0,5,142,0,147,0,5,194,0,199,266,0,266,465
01/29/2002,TMB,FL,ASO,ES,Towers with Radar,0,6,54,0,60,0,3,120,0,123,0,9,174,0,183,367,0,367,550
01/30/2002,TMB,FL,ASO,ES,Towers with Radar,0,1,42,0,43,0,3,129,0,132,0,4,171,0,175,342,0,342,517
01/31/2002,TMB,FL,ASO,ES,Towers with Radar,0,2,50,0,52,0,3,111,0,114,0,5,161,0,166,281,0,281,447
02/01/2002,TMB,FL,ASO,ES,Towers with Radar,0,4,62,0,66,0,5,130,0,135,0,9,192,0,201,305,0,305,506
02/02/2002,TMB,FL,ASO,ES,Towers with Radar,0,6,61,0,67,0,0,293,0,293,0,6,354,0,360,505,0,505,865
02/03/2002,TMB,FL,ASO,ES,Towers with Radar,0,1,76,0,77,0,11,200,0,211,0,12,276,0,288,285,0,285,573
02/04/2002,TMB,FL,ASO,ES,Towers with Radar,0,9,48,0,57,0,1,169,0,170,0,10,217,0,227,185,0,185,412
02/05/2002,TMB,FL,ASO,ES,Towers with Radar,0,3,60,0,63,0,1,143,0,144,0,4,203,0,207,194,0,194,401
02/06/2002,TMB,FL,ASO,ES,Towers with Radar,0,2,40,0,42,0,0,136,0,136,0,2,176,0,178,188,0,188,366
02/07/2002,TMB,FL,ASO,ES,Towers with Radar,0,3,47,1,51,0,5,151,1,157,0,8,198,2,208,209,0,209,417
02/08/2002,TMB,FL,ASO,ES,Towers with Radar,0,4,59,0,63,0,0,162,2,164,0,4,221,2,227,245,0,245,472
02/09/2002,TMB,FL,ASO,ES,Towers with Radar,0,1,63,2,66,0,0,122,0,122,0,1,185,2,188,217,0,217,405
02/10/2002,TMB,FL,ASO,ES,Towers with Radar,0,4,62,1,67,0,3,150,0,153,0,7,212,1,220,290,0,290,510
02/11/2002,TMB,FL,ASO,ES,Towers with Radar,0,6,43,0,49,0,1,188,0,189,0,7,231,0,238,189,0,189,427
02/12/2002,TMB,FL,ASO,ES,Towers with Radar,0,4,55,0,59,0,9,210,0,219,0,13,265,0,278,333,0,333,611
02/13/2002,TMB,FL,ASO,ES,Towers with Radar,0,11,11,0,22,0,0,231,0,231,0,11,242,0,253,271,0,271,524
02/14/2002,TMB,FL,ASO,ES,Towers with Radar,0,12,96,0,108,0,3,109,0,112,0,15,205,0,220,177,0,177,397
02/15/2002,TMB,FL,ASO,ES,Towers with Radar,0,10,55,0,65,0,8,165,0,173,0,18,220,0,238,278,0,278,516
02/16/2002,TMB,FL,ASO,ES,Towers with Radar,0,11,99,0,110,0,10,112,0,122,0,21,211,0,232,331,0,331,563
02/17/2002,TMB,FL,ASO,ES,Towers with Radar,0,7,73,0,80,0,4,266,0,270,0,11,339,0,350,114,0,114,464
02/18/2002,TMB,FL,ASO,ES,Towers with Radar,0,11,46,0,57,0,1,236,0,237,0,12,282,0,294,282,0,282,576
02/19/2002,TMB,FL,ASO,ES,Towers with Radar,0,6,62,1,69,0,6,170,1,177,0,12,232,2,246,150,0,150,396
02/20/2002,TMB,FL,ASO,ES,Towers with Radar,0,4,63,0,67,0,4,124,0,128,0,8,187,0,195,92,0,92,287
02/21/2002,TMB,FL,ASO,ES,Towers with Radar,0,3,101,0,104,0,9,141,0,150,0,12,242,0,254,206,0,206,460
02/22/2002,TMB,FL,ASO,ES,Towers with Radar,0,11,42,0,53,0,0,161,0,161,0,11,203,0,214,119,0,119,333
02/23/2002,TMB,FL,ASO,ES,Towers with Radar,0,2,30,0,32,0,6,70,0,76,0,8,100,0,108,155,0,155,263
02/24/2002,TMB,FL,ASO,ES,Towers with Radar,0,5,77,0,82,0,3,260,0,263,0,8,337,0,345,227,0,227,572
02/25/2002,TMB,FL,ASO,ES,Towers with Radar,0,2,67,0,69,0,3,216,0,219,0,5,283,0,288,166,0,166,454
02/26/2002,TMB,FL,ASO,ES,Towers with Radar,0,10,47,0,57,0,7,225,0,232,0,17,272,0,289,263,0,263,552
02/27/2002,TMB,FL,ASO,ES,Towers with Radar,0,5,55,0,60,0,5,149,0,154,0,10,204,0,214,183,0,183,397
02/28/2002,TMB,FL,ASO,ES,Towers with Radar,0,6,55,0,61,0,1,158,0,159,0,7,213,0,220,212,0,212,432
03/01/2002,TMB,FL,ASO,ES,Towers with Radar,0,10,57,0,67,0,2,151,0,153,0,12,208,0,220,192,0,192,412
03/02/2002,TMB,FL,ASO,ES,Towers with Radar,0,2,52,0,54,0,5,185,0,190,0,7,237,0,244,175,0,175,419
03/03/2002,TMB,FL,ASO,ES,Towers with Radar,0,4,67,0,71,0,5,199,0,204,0,9,266,0,275,213,0,213,488
03/04/2002,TMB,FL,ASO,ES,Towers with Radar,0,5,57,0,62,0,2,80,0,82,0,7,137,0,144,120,0,120,264
03/05/2002,TMB,FL,ASO,ES,Towers with Radar,0,1,57,0,58,0,6,147,0,153,0,7,204,0,211,153,0,153,364
03/06/2002,TMB,FL,ASO,ES,Towers with Radar,0,9,88,0,97,0,5,13,0,18,0,14,101,0,115,121,0,121,236
03/07/2002,TMB,FL,ASO,ES,Towers with Radar,0,9,107,0,116,0,3,61,0,64,0,12,168,0,180,181,0,181,361
03/08/2002,TMB,FL,ASO,ES,Towers with Radar,0,6,68,0,74,0,4,267,0,271,0,10,335,0,345,237,0,237,582
03/09/2002,TMB,FL,ASO,ES,Towers with Radar,0,3,79,0,82,0,2,328,0,330,0,5,407,0,412,384,0,384,796
03/10/2002,TMB,FL,ASO,ES,Towers with Radar,0,4,62,0,66,0,11,295,0,306,0,15,357,0,372,205,0,205,577
03/11/2002,TMB,FL,ASO,ES,Towers with Radar,0,5,64,0,69,0,4,142,0,146,0,9,206,0,215,239,0,239,454
03/12/2002,TMB,FL,ASO,ES,Towers with Radar,0,1,71,0,72,0,4,186,0,190,0,5,257,0,262,200,0,200,462
03/13/2002,TMB,FL,ASO,ES,Towers with Radar,0,3,61,0,64,0,1,166,0,167,0,4,227,0,231,335,0,335,566
03/14/2002,TMB,FL,ASO,ES,Towers with Radar,0,4,75,0,79,0,4,220,0,224,0,8,295,0,303,347,0,347,650
03/15/2002,TMB,FL,ASO,ES,Towers with Radar,0,1,86,0,87,0,2,277,0,279,0,3,363,0,366,235,0,235,601
03/16/2002,TMB,FL,ASO,ES,Towers with Radar,0,2,91,0,93,0,9,367,0,376,0,11,458,0,469,434,0,434,903
03/17/2002,TMB,FL,ASO,ES,Towers with Radar,0,2,52,0,54,0,7,281,0,288,0,9,333,0,342,181,0,181,523
03/18/2002,TMB,FL,ASO,ES,Towers with Radar,0,4,69,0,73,0,3,181,0,184,0,7,250,0,257,186,0,186,443
03/19/2002,TMB,FL,ASO,ES,Towers with Radar,0,7,65,0,72,0,6,176,0,182,0,13,241,0,254,179,0,179,433
03/20/2002,TMB,FL,ASO,ES,Towers with Radar,0,5,6,0,11,0,0,220,0,220,0,5,226,0,231,204,0,204,435
03/21/2002,TMB,FL,ASO,ES,Towers with Radar,0,9,102,0,111,0,1,266,0,267,0,10,368,0,378,262,0,262,640
03/22/2002,TMB,FL,ASO,ES,Towers with Radar,0,8,75,0,83,0,2,182,0,184,0,10,257,0,267,369,0,369,636
03/23/2002,TMB,FL,ASO,ES,Towers with Radar,0,6,79,0,85,0,12,298,0,310,0,18,377,0,395,347,0,347,742
03/24/2002,TMB,FL,ASO,ES,Towers with Radar,0,21,92,0,113,0,7,250,0,257,0,28,342,0,370,269,0,269,639
03/25/2002,TMB,FL,ASO,ES,Towers with Radar,0,4,58,0,62,0,8,158,0,166,0,12,216,0,228,330,0,330,558
03/26/2002,TMB,FL,ASO,ES,Towers with Radar,0,5,52,0,57,0,0,162,5,167,0,5,214,5,224,211,0,211,435
03/27/2002,TMB,FL,ASO,ES,Towers with Radar,0,0,47,0,47,0,6,153,0,159,0,6,200,0,206,230,0,230,436
03/28/2002,TMB,FL,ASO,ES,Towers with Radar,0,12,66,0,78,0,5,182,0,187,0,17,248,0,265,169,0,169,434
03/29/2002,TMB,FL,ASO,ES,Towers with Radar,0,13,64,0,77,0,8,242,0,250,0,21,306,0,327,254,0,254,581
03/30/2002,TMB,FL,ASO,ES,Towers with Radar,0,7,71,0,78,0,4,288,0,292,0,11,359,0,370,240,0,240,610
03/31/2002,TMB,FL,ASO,ES,Towers with Radar,0,8,69,0,77,0,5,190,0,195,0,13,259,0,272,201,0,201,473
04/01/2002,TMB,FL,ASO,ES,Towers with Radar,0,5,48,0,53,0,0,160,0,160,0,5,208,0,213,129,0,129,342
04/02/2002,TMB,FL,ASO,ES,Towers with Radar,0,3,59,0,62,0,0,170,0,170,0,3,229,0,232,256,0,256,488
04/03/2002,TMB,FL,ASO,ES,Towers with Radar,0,1,49,0,50,0,3,169,0,172,0,4,218,0,222,217,0,217,439
04/04/2002,TMB,FL,ASO,ES,Towers with Radar,0,3,64,0,67,0,4,207,1,212,0,7,271,1,279,239,0,239,518
04/05/2002,TMB,FL,ASO,ES,Towers with Radar,0,5,53,0,58,0,8,247,0,255,0,13,300,0,313,168,0,168,481
04/06/2002,TMB,FL,ASO,ES,Towers with Radar,0,8,48,1,57,0,3,254,0,257,0,11,302,1,314,262,0,262,576
04/07/2002,TMB,FL,ASO,ES,Towers with Radar,0,8,50,1,59,0,7,214,0,221,0,15,264,1,280,117,0,117,397
04/08/2002,TMB,FL,ASO,ES,Towers with Radar,0,0,29,0,29,0,2,141,0,143,0,2,170,0,172,176,0,176,348
04/09/2002,TMB,FL,ASO,ES,Towers with Radar,0,3,69,0,72,0,1,142,0,143,0,4,211,0,215,235,0,235,450
04/10/2002,TMB,FL,ASO,ES,Towers with Radar,0,6,50,0,56,0,3,144,0,147,0,9,194,0,203,159,0,159,362
04/11/2002,TMB,FL,ASO,ES,Towers with Radar,0,5,57,0,62,0,2,179,0,181,0,7,236,0,243,247,0,247,490
04/12/2002,TMB,FL,ASO,ES,Towers with Radar,0,3,58,0,61,0,4,228,0,232,0,7,286,0,293,193,0,193,486
04/13/2002,TMB,FL,ASO,ES,Towers with Radar,0,11,56,0,67,0,18,265,0,283,0,29,321,0,350,233,0,233,583
04/14/2002,TMB,FL,ASO,ES,Towers with Radar,0,12,39,0,51,0,18,200,0,218,0,30,239,0,269,193,0,193,462
04/15/2002,TMB,FL,ASO,ES,Towers with Radar,0,11,44,0,55,0,20,216,0,236,0,31,260,0,291,334,0,334,625
04/16/2002,TMB,FL,ASO,ES,Towers with Radar,0,6,60,0,66,0,2,203,0,205,0,8,263,0,271,211,0,211,482
04/17/2002,TMB,FL,ASO,ES,Towers with Radar,0,8,83,0,91,0,7,124,0,131,0,15,207,0,222,236,0,236,458
04/18/2002,TMB,FL,ASO,ES,Towers with Radar,0,7,83,0,90,0,9,220,0,229,0,16,303,0,319,273,0,273,592
04/19/2002,TMB,FL,ASO,ES,Towers with Radar,0,8,52,1,61,0,1,266,0,267,0,9,318,1,328,149,0,149,477
04/20/2002,TMB,FL,ASO,ES,Towers with Radar,0,2,44,0,46,0,6,263,0,269,0,8,307,0,315,224,0,224,539
04/21/2002,TMB,FL,ASO,ES,Towers with Radar,0,5,44,0,49,0,10,239,0,249,0,15,283,0,298,203,0,203,501
04/22/2002,TMB,FL,ASO,ES,Towers with Radar,0,2,54,0,56,0,5,183,0,188,0,7,237,0,244,246,0,246,490
04/23/2002,TMB,FL,ASO,ES,Towers with Radar,0,5,68,0,73,0,4,194,4,202,0,9,262,4,275,270,0,270,545
04/24/2002,TMB,FL,ASO,ES,Towers with Radar,0,3,58,0,61,0,3,195,0,198,0,6,253,0,259,196,0,196,455
04/25/2002,TMB,FL,ASO,ES,Towers with Radar,0,5,76,0,81,0,2,165,0,167,0,7,241,0,248,256,0,256,504
04/26/2002,TMB,FL,ASO,ES,Towers with Radar,0,4,62,2,68,0,0,196,0,196,0,4,258,2,264,267,0,267,531
04/27/2002,TMB,FL,ASO,ES,Towers with Radar,0,2,75,0,77,0,2,275,0,277,0,4,350,0,354,290,0,290,644
04/28/2002,TMB,FL,ASO,ES,Towers with Radar,0,5,43,0,48,0,0,186,0,186,0,5,229,0,234,172,0,172,406
04/29/2002,TMB,FL,ASO,ES,Towers with Radar,0,1,43,2,46,0,5,182,0,187,0,6,225,2,233,172,0,172,405
04/30/2002,TMB,FL,ASO,ES,Towers with Radar,0,4,41,0,45,0,0,226,0,226,0,4,267,0,271,248,0,248,519
05/01/2002,TMB,FL,ASO,ES,Towers with Radar,0,0,73,0,73,0,7,181,0,188,0,7,254,0,261,225,0,225,486
05/02/2002,TMB,FL,ASO,ES,Towers with Radar,0,5,73,0,78,0,0,151,0,151,0,5,224,0,229,105,0,105,334
05/03/2002,TMB,FL,ASO,ES,Towers with Radar,0,6,71,0,77,0,8,193,0,201,0,14,264,0,278,190,0,190,468
05/04/2002,TMB,FL,ASO,ES,Towers with Radar,0,0,51,1,52,0,1,236,0,237,0,1,287,1,289,168,0,168,457
05/05/2002,TMB,FL,ASO,ES,Towers with Radar,0,5,47,1,53,0,2,251,0,253,0,7,298,1,306,276,0,276,582
05/06/2002,TMB,FL,ASO,ES,Towers with Radar,0,1,34,0,35,0,1,153,0,154,0,2,187,0,189,208,0,208,397
05/07/2002,TMB,FL,ASO,ES,Towers with Radar,0,9,50,0,59,0,3,158,0,161,0,12,208,0,220,230,0,230,450
05/08/2002,TMB,FL,ASO,ES,Towers with Radar,0,8,59,0,67,0,9,174,0,183,0,17,233,0,250,269,0,269,519
05/09/2002,TMB,FL,ASO,ES,Towers with Radar,0,12,84,0,96,0,8,180,0,188,0,20,264,0,284,146,0,146,430
05/10/2002,TMB,FL,ASO,ES,Towers with Radar,0,0,43,0,43,0,4,205,0,209,0,4,248,0,252,236,0,236,488
05/11/2002,TMB,FL,ASO,ES,Towers with Radar,0,0,55,0,55,0,2,220,0,222,0,2,275,0,277,288,0,288,565
05/12/2002,TMB,FL,ASO,ES,Towers with Radar,0,2,48,0,50,0,3,159,0,162,0,5,207,0,212,166,0,166,378
05/13/2002,TMB,FL,ASO,ES,Towers with Radar,0,7,36,0,43,0,13,138,0,151,0,20,174,0,194,197,0,197,391
05/14/2002,TMB,FL,ASO,ES,Towers with Radar,0,1,70,0,71,0,3,197,0,200,0,4,267,0,271,168,0,168,439
05/15/2002,TMB,FL,ASO,ES,Towers with Radar,0,7,52,0,59,0,0,125,0,125,0,7,177,0,184,164,0,164,348
05/16/2002,TMB,FL,ASO,ES,Towers with Radar,0,4,50,0,54,0,1,152,0,153,0,5,202,0,207,191,0,191,398
05/17/2002,TMB,FL,ASO,ES,Towers with Radar,0,2,61,0,63,0,1,182,0,183,0,3,243,0,246,233,0,233,479
05/18/2002,TMB,FL,ASO,ES,Towers with Radar,0,1,43,0,44,0,5,226,0,231,0,6,269,0,275,259,0,259,534
05/19/2002,TMB,FL,ASO,ES,Towers with Radar,0,6,42,0,48,0,1,23,0,24,0,7,65,0,72,64,0,64,136
05/20/2002,TMB,FL,ASO,ES,Towers with Radar,0,2,81,0,83,0,0,76,0,76,0,2,157,0,159,233,0,233,392
05/21/2002,TMB,FL,ASO,ES,Towers with Radar,0,1,80,0,81,0,0,192,0,192,0,1,272,0,273,229,0,229,502
05/22/2002,TMB,FL,ASO,ES,Towers with Radar,0,5,54,0,59,0,1,147,0,148,0,6,201,0,207,247,0,247,454
05/23/2002,TMB,FL,ASO,ES,Towers with Radar,0,0,61,0,61,0,1,175,0,176,0,1,236,0,237,239,0,239,476
05/24/2002,TMB,FL,ASO,ES,Towers with Radar,0,4,39,0,43,0,4,258,0,262,0,8,297,0,305,279,0,279,584
05/25/2002,TMB,FL,ASO,ES,Towers with Radar,0,1,44,0,45,0,2,268,0,270,0,3,312,0,315,329,0,329,644
05/26/2002,TMB,FL,ASO,ES,Towers with Radar,0,0,55,0,55,0,6,159,0,165,0,6,214,0,220,370,0,370,590
05/27/2002,TMB,FL,ASO,ES,Towers with Radar,0,1,52,0,53,0,8,199,0,207,0,9,251,0,260,176,0,176,436
05/28/2002,TMB,FL,ASO,ES,Towers with Radar,0,1,42,0,43,0,2,61,0,63,0,3,103,0,106,96,0,96,202
05/29/2002,TMB,FL,ASO,ES,Towers with Radar,0,0,47,0,47,0,6,182,0,188,0,6,229,0,235,357,0,357,592
05/30/2002,TMB,FL,ASO,ES,Towers with Radar,0,1,59,0,60,0,5,154,0,159,0,6,213,0,219,297,0,297,516
05/31/2002,TMB,FL,ASO,ES,Towers with Radar,0,5,47,0,52,0,3,158,0,161,0,8,205,0,213,227,0,227,440
06/01/2002,TMB,FL,ASO,ES,Towers with Radar,0,2,84,0,86,0,3,245,0,248,0,5,329,0,334,323,0,323,657
06/02/2002,TMB,FL,ASO,ES,Towers with Radar,0,3,39,0,42,0,1,183,0,184,0,4,222,0,226,191,0,191,417
06/03/2002,TMB,FL,ASO,ES,Towers with Radar,0,3,33,0,36,0,2,225,0,227,0,5,258,0,263,332,0,332,595
06/04/2002,TMB,FL,ASO,ES,Towers with Radar,0,2,45,0,47,0,0,166,0,166,0,2,211,0,213,298,0,298,511
06/05/2002,TMB,FL,ASO,ES,Towers with Radar,0,3,82,0,85,0,3,169,0,172,0,6,251,0,257,364,0,364,621
06/06/2002,TMB,FL,ASO,ES,Towers with Radar,0,5,70,0,75,0,5,197,0,202,0,10,267,0,277,374,0,374,651
06/07/2002,TMB,FL,ASO,ES,Towers with Radar,0,0,47,0,47,0,7,153,0,160,0,7,200,0,207,262,0,262,469
06/08/2002,TMB,FL,ASO,ES,Towers with Radar,0,1,72,0,73,0,0,143,0,143,0,1,215,0,216,324,0,324,540
06/09/2002,TMB,FL,ASO,ES,Towers with Radar,0,0,50,0,50,0,4,213,0,217,0,4,263,0,267,297,0,297,564
06/10/2002,TMB,FL,ASO,ES,Towers with Radar,0,3,26,0,29,0,8,180,0,188,0,11,206,0,217,187,0,187,404
06/11/2002,TMB,FL,ASO,ES,Towers with Radar,0,3,58,0,61,0,4,228,0,232,0,7,286,0,293,193,0,193,486
06/12/2002,TMB,FL,ASO,ES,Towers with Radar,0,1,68,0,69,0,0,106,0,106,0,1,174,0,175,268,0,268,443
06/13/2002,TMB,FL,ASO,ES,Towers with Radar,0,5,73,0,78,0,2,81,0,83,0,7,154,0,161,206,0,206,367
06/14/2002,TMB,FL,ASO,ES,Towers with Radar,0,0,45,0,45,0,4,138,0,142,0,4,183,0,187,191,0,191,378
06/15/2002,TMB,FL,ASO,ES,Towers with Radar,0,4,27,0,31,0,0,49,0,49,0,4,76,0,80,39,0,39,119
06/16/2002,TMB,FL,ASO,ES,Towers with Radar,0,2,44,0,46,0,0,185,0,185,0,2,229,0,231,249,0,249,480
06/17/2002,TMB,FL,ASO,ES,Towers with Radar,0,3,58,0,61,0,4,130,0,134,0,7,188,0,195,183,0,183,378
06/18/2002,TMB,FL,ASO,ES,Towers with Radar,0,1,40,0,41,0,0,102,0,102,0,1,142,0,143,279,0,279,422
06/19/2002,TMB,FL,ASO,ES,Towers with Radar,0,6,79,0,85,0,0,157,0,157,0,6,236,0,242,264,0,264,506
06/20/2002,TMB,FL,ASO,ES,Towers with Radar,0,6,69,0,75,0,0,85,0,85,0,6,154,0,160,301,0,301,461
06/21/2002,TMB,FL,ASO,ES,Towers with Radar,0,7,54,0,61,0,2,75,0,77,0,9,129,0,138,152,0,152,290
06/22/2002,TMB,FL,ASO,ES,Towers with Radar,0,1,101,0,102,0,2,110,0,112,0,3,211,0,214,287,0,287,501
06/23/2002,TMB,FL,ASO,ES,Towers with Radar,0,0,48,0,48,0,3,146,0,149,0,3,194,0,197,178,0,178,375
06/24/2002,TMB,FL,ASO,ES,Towers with Radar,0,1,66,0,67,0,2,120,0,122,0,3,186,0,189,271,0,271,460
06/25/2002,TMB,FL,ASO,ES,Towers with Radar,0,3,62,0,65,0,1,123,0,124,0,4,185,0,189,301,0,301,490
06/26/2002,TMB,FL,ASO,ES,Towers with Radar,0,2,40,0,42,0,2,108,0,110,0,4,148,0,152,164,0,164,316
06/27/2002,TMB,FL,ASO,ES,Towers with Radar,0,3,43,0,46,0,1,140,0,141,0,4,183,0,187,310,0,310,497
06/28/2002,TMB,FL,ASO,ES,Towers with Radar,0,0,55,0,55,0,6,165,0,171,0,6,220,0,226,361,0,361,587
06/29/2002,TMB,FL,ASO,ES,Towers with Radar,0,1,74,0,75,0,3,240,0,243,0,4,314,0,318,279,0,279,597
06/30/2002,TMB,FL,ASO,ES,Towers with Radar,0,2,42,0,44,0,0,78,0,78,0,2,120,0,122,139,0,139,261
07/01/2002,TMB,FL,ASO,ES,Towers with Radar,0,7,31,0,38,0,5,96,0,101,0,12,127,0,139,199,0,199,338
07/02/2002,TMB,FL,ASO,ES,Towers with Radar,0,5,47,0,52,0,11,168,0,179,0,16,215,0,231,237,0,237,468
07/03/2002,TMB,FL,ASO,ES,Towers with Radar,0,7,51,0,58,0,5,157,0,162,0,12,208,0,220,245,0,245,465
07/04/2002,TMB,FL,ASO,ES,Towers with Radar,0,0,50,0,50,0,3,203,0,206,0,3,253,0,256,353,0,353,609
07/05/2002,TMB,FL,ASO,ES,Towers with Radar,0,2,38,0,40,0,4,126,0,130,0,6,164,0,170,248,0,248,418
07/06/2002,TMB,FL,ASO,ES,Towers with Radar,0,2,50,0,52,0,4,157,4,165,0,6,207,4,217,223,0,223,440
07/07/2002,TMB,FL,ASO,ES,Towers with Radar,0,1,67,0,68,0,0,142,0,142,0,1,209,0,210,232,0,232,442
07/08/2002,TMB,FL,ASO,ES,Towers with Radar,0,4,46,0,50,0,2,64,0,66,0,6,110,0,116,101,0,101,217
07/09/2002,TMB,FL,ASO,ES,Towers with Radar,0,1,20,0,21,0,5,117,0,122,0,6,137,0,143,190,0,190,333
07/10/2002,TMB,FL,ASO,ES,Towers with Radar,0,1,51,0,52,0,1,80,0,81,0,2,131,0,133,123,0,123,256
07/11/2002,TMB,FL,ASO,ES,Towers with Radar,0,1,50,0,51,0,8,142,0,150,0,9,192,0,201,262,0,262,463
07/12/2002,TMB,FL,ASO,ES,Towers with Radar,0,0,43,0,43,0,3,164,0,167,0,3,207,0,210,184,0,184,394
07/13/2002,TMB,FL,ASO,ES,Towers with Radar,0,1,58,1,60,0,7,242,0,249,0,8,300,1,309,223,0,223,532
07/14/2002,TMB,FL,ASO,ES,Towers with Radar,0,1,71,1,73,0,3,197,0,200,0,4,268,1,273,250,0,250,523
07/15/2002,TMB,FL,ASO,ES,Towers with Radar,0,3,40,0,43,0,4,139,0,143,0,7,179,0,186,75,0,75,261
07/16/2002,TMB,FL,ASO,ES,Towers with Radar,0,2,38,0,40,0,4,193,0,197,0,6,231,0,237,236,0,236,473
07/17/2002,TMB,FL,ASO,ES,Towers with Radar,0,0,45,0,45,0,4,93,0,97,0,4,138,0,142,223,0,223,365
07/18/2002,TMB,FL,ASO,ES,Towers with Radar,0,4,41,0,45,0,5,148,0,153,0,9,189,0,198,249,0,249,447
07/19/2002,TMB,FL,ASO,ES,Towers with Radar,0,0,33,0,33,0,3,196,0,199,0,3,229,0,232,276,0,276,508
07/20/2002,TMB,FL,ASO,ES,Towers with Radar,0,4,49,0,53,0,3,253,0,256,0,7,302,0,309,286,0,286,595
07/21/2002,TMB,FL,ASO,ES,Towers with Radar,0,0,42,0,42,0,6,229,0,235,0,6,271,0,277,316,0,316,593
07/22/2002,TMB,FL,ASO,ES,Towers with Radar,0,4,34,0,38,0,2,144,0,146,0,6,178,0,184,195,0,195,379
07/23/2002,TMB,FL,ASO,ES,Towers with Radar,0,0,47,0,47,0,4,207,0,211,0,4,254,0,258,262,0,262,520
07/24/2002,TMB,FL,ASO,ES,Towers with Radar,0,0,37,0,37,0,5,127,0,132,0,5,164,0,169,180,0,180,349
07/25/2002,TMB,FL,ASO,ES,Towers with Radar,0,2,51,0,53,0,4,196,0,200,0,6,247,0,253,248,0,248,501
07/26/2002,TMB,FL,ASO,ES,Towers with Radar,0,2,41,0,43,0,4,185,0,189,0,6,226,0,232,243,0,243,475
07/27/2002,TMB,FL,ASO,ES,Towers with Radar,0,0,45,0,45,0,7,253,0,260,0,7,298,0,305,239,0,239,544
07/28/2002,TMB,FL,ASO,ES,Towers with Radar,0,2,46,0,48,0,2,208,0,210,0,4,254,0,258,260,0,260,518
07/29/2002,TMB,FL,ASO,ES,Towers with Radar,0,1,33,0,34,0,3,189,0,192,0,4,222,0,226,265,0,265,491
07/30/2002,TMB,FL,ASO,ES,Towers with Radar,0,1,37,0,38,0,7,175,0,182,0,8,212,0,220,334,0,334,554
07/31/2002,TMB,FL,ASO,ES,Towers with Radar,0,4,51,0,55,0,1,135,0,136,0,5,186,0,191,285,0,285,476
08/01/2002,TMB,FL,ASO,ES,Towers with Radar,0,2,40,0,42,0,0,183,0,183,0,2,223,0,225,212,0,212,437
08/02/2002,TMB,FL,ASO,ES,Towers with Radar,0,3,33,0,36,0,1,168,0,169,0,4,201,0,205,381,0,381,586
08/03/2002,TMB,FL,ASO,ES,Towers with Radar,0,0,41,0,41,0,12,181,1,194,0,12,222,1,235,324,0,324,559
08/04/2002,TMB,FL,ASO,ES,Towers with Radar,0,3,41,0,44,0,6,163,0,169,0,9,204,0,213,360,0,360,573
08/05/2002,TMB,FL,ASO,ES,Towers with Radar,0,0,55,0,55,0,10,166,0,176,0,10,221,0,231,227,0,227,458
08/06/2002,TMB,FL,ASO,ES,Towers with Radar,0,1,44,0,45,0,3,178,0,181,0,4,222,0,226,328,0,328,554
08/07/2002,TMB,FL,ASO,ES,Towers with Radar,0,9,55,0,64,0,1,124,0,125,0,10,179,0,189,216,0,216,405
08/08/2002,TMB,FL,ASO,ES,Towers with Radar,0,3,52,0,55,0,4,127,0,131,0,7,179,0,186,297,0,297,483
08/09/2002,TMB,FL,ASO,ES,Towers with Radar,0,1,39,0,40,0,4,218,0,222,0,5,257,0,262,271,0,271,533
08/10/2002,TMB,FL,ASO,ES,Towers with Radar,0,0,45,0,45,0,5,178,0,183,0,5,223,0,228,413,0,413,641
08/11/2002,TMB,FL,ASO,ES,Towers with Radar,0,5,44,0,49,0,5,133,0,138,0,10,177,0,187,269,0,269,456
08/12/2002,TMB,FL,ASO,ES,Towers with Radar,0,3,55,0,58,0,10,160,0,170,0,13,215,0,228,380,0,380,608
08/13/2002,TMB,FL,ASO,ES,Towers with Radar,0,2,43,0,45,0,7,178,0,185,0,9,221,0,230,433,0,433,663
08/14/2002,TMB,FL,ASO,ES,Towers with Radar,0,3,52,0,55,0,0,133,0,133,0,3,185,0,188,298,0,298,486
08/15/2002,TMB,FL,ASO,ES,Towers with Radar,0,3,0,0,3,0,3,224,0,227,0,6,224,0,230,255,0,255,485
08/16/2002,TMB,FL,ASO,ES,Towers with Radar,0,6,34,0,40,0,7,131,0,138,0,13,165,0,178,210,0,210,388
08/17/2002,TMB,FL,ASO,ES,Towers with Radar,0,0,65,0,65,0,8,201,0,209,0,8,266,0,274,428,0,428,702
08/18/2002,TMB,FL,ASO,ES,Towers with Radar,0,2,30,0,32,0,3,175,0,178,0,5,205,0,210,271,0,271,481
08/19/2002,TMB,FL,ASO,ES,Towers with Radar,0,3,39,0,42,0,20,167,0,187,0,23,206,0,229,384,0,384,613
08/20/2002,TMB,FL,ASO,ES,Towers with Radar,0,3,52,0,55,0,1,160,0,161,0,4,212,0,216,350,0,350,566
08/21/2002,TMB,FL,ASO,ES,Towers with Radar,0,7,42,0,49,0,0,187,0,187,0,7,229,0,236,287,0,287,523
08/22/2002,TMB,FL,ASO,ES,Towers with Radar,0,4,43,0,47,0,6,186,0,192,0,10,229,0,239,298,0,298,537
08/23/2002,TMB,FL,ASO,ES,Towers with Radar,0,0,28,0,28,0,2,155,0,157,0,2,183,0,185,191,0,191,376
08/24/2002,TMB,FL,ASO,ES,Towers with Radar,0,1,56,0,57,0,0,247,0,247,0,1,303,0,304,318,0,318,622
08/25/2002,TMB,FL,ASO,ES,Towers with Radar,0,0,46,0,46,0,9,212,0,221,0,9,258,0,267,348,0,348,615
08/26/2002,TMB,FL,ASO,ES,Towers with Radar,0,2,43,0,45,0,4,142,0,146,0,6,185,0,191,339,0,339,530
08/27/2002,TMB,FL,ASO,ES,Towers with Radar,0,0,53,0,53,0,5,176,0,181,0,5,229,0,234,229,0,229,463
08/28/2002,TMB,FL,ASO,ES,Towers with Radar,0,2,39,0,41,0,0,145,0,145,0,2,184,0,186,305,0,305,491
08/29/2002,TMB,FL,ASO,ES,Towers with Radar,0,5,57,0,62,0,6,182,0,188,0,11,239,0,250,403,0,403,653
08/30/2002,TMB,FL,ASO,ES,Towers with Radar,0,4,46,0,50,0,8,198,0,206,0,12,244,0,256,120,0,120,376
08/31/2002,TMB,FL,ASO,ES,Towers with Radar,0,0,45,0,45,0,12,258,0,270,0,12,303,0,315,294,0,294,609
09/01/2002,TMB,FL,ASO,ES,Towers with Radar,0,1,41,0,42,0,1,187,0,188,0,2,228,0,230,207,0,207,437
09/02/2002,TMB,FL,ASO,ES,Towers with Radar,0,5,38,0,43,0,6,197,0,203,0,11,235,0,246,280,0,280,526
09/03/2002,TMB,FL,ASO,ES,Towers with Radar,0,2,32,0,34,0,3,135,0,138,0,5,167,0,172,189,0,189,361
09/04/2002,TMB,FL,ASO,ES,Towers with Radar,0,1,43,0,44,0,0,106,0,106,0,1,149,0,150,216,0,216,366
09/05/2002,TMB,FL,ASO,ES,Towers with Radar,0,2,45,0,47,0,4,126,0,130,0,6,171,0,177,273,0,273,450
09/06/2002,TMB,FL,ASO,ES,Towers with Radar,0,3,35,0,38,0,3,162,0,165,0,6,197,0,203,167,0,167,370
09/07/2002,TMB,FL,ASO,ES,Towers with Radar,0,0,46,0,46,0,5,274,0,279,0,5,320,0,325,336,0,336,661
09/08/2002,TMB,FL,ASO,ES,Towers with Radar,0,2,46,0,48,0,6,202,0,208,0,8,248,0,256,291,0,291,547
09/09/2002,TMB,FL,ASO,ES,Towers with Radar,0,1,37,0,38,0,7,153,0,160,0,8,190,0,198,169,0,169,367
09/10/2002,TMB,FL,ASO,ES,Towers with Radar,0,2,47,0,49,0,3,102,0,105,0,5,149,0,154,106,0,106,260
09/11/2002,TMB,FL,ASO,ES,Towers with Radar,0,2,39,0,41,0,2,132,0,134,0,4,171,0,175,187,0,187,362
09/12/2002,TMB,FL,ASO,ES,Towers with Radar,0,2,39,0,41,0,2,115,0,117,0,4,154,0,158,324,0,324,482
09/13/2002,TMB,FL,ASO,ES,Towers with Radar,0,7,54,0,61,0,0,174,0,174,0,7,228,0,235,264,0,264,499
09/14/2002,TMB,FL,ASO,ES,Towers with Radar,0,3,60,0,63,0,0,269,0,269,0,3,329,0,332,228,0,228,560
09/15/2002,TMB,FL,ASO,ES,Towers with Radar,0,2,43,0,45,0,2,233,0,235,0,4,276,0,280,236,0,236,516
09/16/2002,TMB,FL,ASO,ES,Towers with Radar,0,3,66,0,69,0,4,156,0,160,0,7,222,0,229,160,0,160,389
09/17/2002,TMB,FL,ASO,ES,Towers with Radar,0,1,42,0,43,0,1,217,0,218,0,2,259,0,261,246,0,246,507
09/18/2002,TMB,FL,ASO,ES,Towers with Radar,0,3,50,0,53,0,1,175,0,176,0,4,225,0,229,237,0,237,466
09/19/2002,TMB,FL,ASO,ES,Towers with Radar,0,1,38,0,39,0,5,171,0,176,0,6,209,0,215,231,0,231,446
09/20/2002,TMB,FL,ASO,ES,Towers with Radar,0,6,39,0,45,0,6,149,0,155,0,12,188,0,200,189,0,189,389
09/21/2002,TMB,FL,ASO,ES,Towers with Radar,0,0,48,0,48,0,1,228,0,229,0,1,276,0,277,195,0,195,472
09/22/2002,TMB,FL,ASO,ES,Towers with Radar,0,2,38,0,40,0,2,170,0,172,0,4,208,0,212,134,0,134,346
09/23/2002,TMB,FL,ASO,ES,Towers with Radar,0,1,34,0,35,0,2,77,0,79,0,3,111,0,114,77,0,77,191
09/24/2002,TMB,FL,ASO,ES,Towers with Radar,0,0,43,0,43,0,3,118,0,121,0,3,161,0,164,131,0,131,295
09/25/2002,TMB,FL,ASO,ES,Towers with Radar,0,2,55,1,58,0,1,59,0,60,0,3,114,1,118,80,0,80,198
09/26/2002,TMB,FL,ASO,ES,Towers with Radar,0,3,52,0,55,0,3,209,0,212,0,6,261,0,267,127,0,127,394
09/27/2002,TMB,FL,ASO,ES,Towers with Radar,0,4,41,0,45,0,1,162,0,163,0,5,203,0,208,201,0,201,409
09/28/2002,TMB,FL,ASO,ES,Towers with Radar,0,0,46,0,46,0,0,258,0,258,0,0,304,0,304,392,0,392,696
09/29/2002,TMB,FL,ASO,ES,Towers with Radar,0,0,41,0,41,0,3,217,0,220,0,3,258,0,261,207,0,207,468
09/30/2002,TMB,FL,ASO,ES,Towers with Radar,0,4,39,0,43,0,0,128,0,128,0,4,167,0,171,143,2,145,316
10/01/2002,TMB,FL,ASO,ES,Towers with Radar,0,4,56,0,60,0,0,129,0,129,0,4,185,0,189,213,0,213,402
10/02/2002,TMB,FL,ASO,ES,Towers with Radar,0,2,57,0,59,0,0,143,0,143,0,2,200,0,202,194,0,194,396
10/03/2002,TMB,FL,ASO,ES,Towers with Radar,0,0,30,0,30,0,3,178,0,181,0,3,208,0,211,214,0,214,425
10/04/2002,TMB,FL,ASO,ES,Towers with Radar,0,6,48,0,54,0,1,215,0,216,0,7,263,0,270,256,1,257,527
10/05/2002,TMB,FL,ASO,ES,Towers with Radar,0,3,42,0,45,0,4,275,0,279,0,7,317,0,324,261,0,261,585
10/06/2002,TMB,FL,ASO,ES,Towers with Radar,0,3,70,0,73,0,1,216,0,217,0,4,286,0,290,220,0,220,510
10/07/2002,TMB,FL,ASO,ES,Towers with Radar,0,4,48,0,52,0,8,143,0,151,0,12,191,0,203,166,0,166,369
10/08/2002,TMB,FL,ASO,ES,Towers with Radar,0,0,45,2,47,0,2,174,0,176,0,2,219,2,223,236,0,236,459
10/09/2002,TMB,FL,ASO,ES,Towers with Radar,0,2,49,0,51,0,0,174,0,174,0,2,223,0,225,271,0,271,496
10/10/2002,TMB,FL,ASO,ES,Towers with Radar,0,3,41,0,44,0,0,182,0,182,0,3,223,0,226,157,0,157,383
10/11/2002,TMB,FL,ASO,ES,Towers with Radar,0,2,43,0,45,0,11,188,0,199,0,13,231,0,244,242,0,242,486
10/12/2002,TMB,FL,ASO,ES,Towers with Radar,0,3,46,0,49,0,7,213,0,220,0,10,259,0,269,236,0,236,505
10/13/2002,TMB,FL,ASO,ES,Towers with Radar,0,3,46,0,49,0,2,169,0,171,0,5,215,0,220,211,0,211,431
10/14/2002,TMB,FL,ASO,ES,Towers with Radar,0,6,36,0,42,0,3,134,0,137,0,9,170,0,179,207,0,207,386
10/15/2002,TMB,FL,ASO,ES,Towers with Radar,0,4,36,0,40,0,2,111,0,113,0,6,147,0,153,201,0,201,354
10/16/2002,TMB,FL,ASO,ES,Towers with Radar,0,4,34,0,38,0,3,174,0,177,0,7,208,0,215,227,0,227,442
10/17/2002,TMB,FL,ASO,ES,Towers with Radar,0,3,36,0,39,0,2,160,0,162,0,5,196,0,201,187,0,187,388
10/18/2002,TMB,FL,ASO,ES,Towers with Radar,0,9,41,0,50,0,3,220,0,223,0,12,261,0,273,259,0,259,532
10/19/2002,TMB,FL,ASO,ES,Towers with Radar,0,3,36,0,39,0,1,265,0,266,0,4,301,0,305,295,0,295,600
10/20/2002,TMB,FL,ASO,ES,Towers with Radar,0,3,48,0,51,0,1,198,0,199,0,4,246,0,250,242,0,242,492
10/21/2002,TMB,FL,ASO,ES,Towers with Radar,0,2,33,0,35,0,2,100,0,102,0,4,133,0,137,143,0,143,280
10/22/2002,TMB,FL,ASO,ES,Towers with Radar,0,4,37,0,41,0,2,159,0,161,0,6,196,0,202,211,0,211,413
10/23/2002,TMB,FL,ASO,ES,Towers with Radar,0,5,42,0,47,0,1,171,0,172,0,6,213,0,219,154,0,154,373
10/24/2002,TMB,FL,ASO,ES,Towers with Radar,0,5,46,0,51,0,2,187,0,189,0,7,233,0,240,310,0,310,550
10/25/2002,TMB,FL,ASO,ES,Towers with Radar,0,7,44,0,51,0,0,210,0,210,0,7,254,0,261,394,0,394,655
10/26/2002,TMB,FL,ASO,ES,Towers with Radar,0,2,52,0,54,0,0,249,0,249,0,2,301,0,303,451,0,451,754
10/27/2002,TMB,FL,ASO,ES,Towers with Radar,0,8,53,0,61,0,0,232,0,232,0,8,285,0,293,327,0,327,620
10/28/2002,TMB,FL,ASO,ES,Towers with Radar,0,3,44,0,47,0,1,130,0,131,0,4,174,0,178,222,0,222,400
10/29/2002,TMB,FL,ASO,ES,Towers with Radar,0,2,59,0,61,0,2,172,0,174,0,4,231,0,235,232,0,232,467
10/30/2002,TMB,FL,ASO,ES,Towers with Radar,0,4,53,2,59,0,3,132,0,135,0,7,185,2,194,254,8,262,456
10/31/2002,TMB,FL,ASO,ES,Towers with Radar,0,4,58,0,62,0,6,173,0,179,0,10,231,0,241,245,0,245,486
11/01/2002,TMB,FL,ASO,ES,Towers with Radar,0,1,50,0,51,0,5,109,0,114,0,6,159,0,165,138,0,138,303
11/02/2002,TMB,FL,ASO,ES,Towers with Radar,0,1,46,0,47,0,5,253,0,258,0,6,299,0,305,222,0,222,527
11/03/2002,TMB,FL,ASO,ES,Towers with Radar,0,3,67,0,70,0,0,213,0,213,0,3,280,0,283,228,0,228,511
11/04/2002,TMB,FL,ASO,ES,Towers with Radar,0,5,36,0,41,0,4,146,0,150,0,9,182,0,191,228,0,228,419
11/05/2002,TMB,FL,ASO,ES,Towers with Radar,0,2,41,0,43,0,0,138,0,138,0,2,179,0,181,175,0,175,356
11/06/2002,TMB,FL,ASO,ES,Towers with Radar,0,5,57,0,62,0,3,146,0,149,0,8,203,0,211,241,0,241,452
11/07/2002,TMB,FL,ASO,ES,Towers with Radar,0,4,53,0,57,0,0,181,0,181,0,4,234,0,238,275,0,275,513
11/08/2002,TMB,FL,ASO,ES,Towers with Radar,0,4,45,0,49,0,3,208,0,211,0,7,253,0,260,196,0,196,456
11/09/2002,TMB,FL,ASO,ES,Towers with Radar,0,3,48,0,51,0,6,288,0,294,0,9,336,0,345,289,0,289,634
11/10/2002,TMB,FL,ASO,ES,Towers with Radar,0,0,58,0,58,0,3,193,0,196,0,3,251,0,254,366,0,366,620
11/11/2002,TMB,FL,ASO,ES,Towers with Radar,0,4,46,0,50,0,8,163,0,171,0,12,209,0,221,263,0,263,484
11/12/2002,TMB,FL,ASO,ES,Towers with Radar,0,8,42,2,52,0,0,128,0,128,0,8,170,2,180,203,0,203,383
11/13/2002,TMB,FL,ASO,ES,Towers with Radar,0,7,55,2,64,0,1,82,0,83,0,8,137,2,147,71,0,71,218
11/14/2002,TMB,FL,ASO,ES,Towers with Radar,0,9,85,0,94,0,2,211,0,213,0,11,296,0,307,258,0,258,565
11/15/2002,TMB,FL,ASO,ES,Towers with Radar,0,7,68,0,75,0,11,220,0,231,0,18,288,0,306,251,0,251,557
11/16/2002,TMB,FL,ASO,ES,Towers with Radar,0,0,62,0,62,0,7,120,0,127,0,7,182,0,189,173,0,173,362
11/17/2002,TMB,FL,ASO,ES,Towers with Radar,0,15,119,0,134,0,7,185,0,192,0,22,304,0,326,57,0,57,383
11/18/2002,TMB,FL,ASO,ES,Towers with Radar,0,0,58,0,58,0,5,179,0,184,0,5,237,0,242,218,0,218,460
11/19/2002,TMB,FL,ASO,ES,Towers with Radar,0,4,70,0,74,0,4,177,0,181,0,8,247,0,255,211,0,211,466
11/20/2002,TMB,FL,ASO,ES,Towers with Radar,0,7,59,0,66,0,1,100,0,101,0,8,159,0,167,170,0,170,337
11/21/2002,TMB,FL,ASO,ES,Towers with Radar,0,0,58,0,58,0,6,134,0,140,0,6,192,0,198,209,0,209,407
11/22/2002,TMB,FL,ASO,ES,Towers with Radar,0,3,51,0,54,0,5,205,0,210,0,8,256,0,264,175,0,175,439
11/23/2002,TMB,FL,ASO,ES,Towers with Radar,0,2,56,0,58,0,0,276,0,276,0,2,332,0,334,144,0,144,478
11/24/2002,TMB,FL,ASO,ES,Towers with Radar,0,3,72,0,75,0,0,212,0,212,0,3,284,0,287,440,0,440,727
11/25/2002,TMB,FL,ASO,ES,Towers with Radar,0,3,58,0,61,0,3,125,0,128,0,6,183,0,189,190,0,190,379
11/26/2002,TMB,FL,ASO,ES,Towers with Radar,0,9,59,0,68,0,0,171,0,171,0,9,230,0,239,223,0,223,462
11/27/2002,TMB,FL,ASO,ES,Towers with Radar,0,7,64,0,71,0,0,211,0,211,0,7,275,0,282,172,0,172,454
11/28/2002,TMB,FL,ASO,ES,Towers with Radar,0,2,24,0,26,0,10,149,0,159,0,12,173,0,185,203,0,203,388
11/29/2002,TMB,FL,ASO,ES,Towers with Radar,0,3,48,0,51,0,2,210,0,212,0,5,258,0,263,158,0,158,421
11/30/2002,TMB,FL,ASO,ES,Towers with Radar,0,4,43,0,47,0,0,243,0,243,0,4,286,0,290,298,0,298,588
12/01/2002,TMB,FL,ASO,ES,Towers with Radar,0,13,95,0,108,0,0,201,0,201,0,13,296,0,309,317,0,317,626
12/02/2002,TMB,FL,ASO,ES,Towers with Radar,0,10,53,0,63,0,3,134,0,137,0,13,187,0,200,171,0,171,371
12/03/2002,TMB,FL,ASO,ES,Towers with Radar,0,7,57,0,64,0,1,159,0,160,0,8,216,0,224,236,0,236,460
12/04/2002,TMB,FL,ASO,ES,Towers with Radar,0,1,51,0,52,0,6,135,0,141,0,7,186,0,193,217,0,217,410
12/05/2002,TMB,FL,ASO,ES,Towers with Radar,0,2,57,0,59,0,4,138,0,142,0,6,195,0,201,142,0,142,343
12/06/2002,TMB,FL,ASO,ES,Towers with Radar,0,5,59,0,64,0,0,97,0,97,0,5,156,0,161,166,0,166,327
12/07/2002,TMB,FL,ASO,ES,Towers with Radar,0,2,62,0,64,0,3,191,0,194,0,5,253,0,258,228,0,228,486
12/08/2002,TMB,FL,ASO,ES,Towers with Radar,0,6,69,0,75,0,0,203,0,203,0,6,272,0,278,300,0,300,578
12/09/2002,TMB,FL,ASO,ES,Towers with Radar,0,7,45,0,52,0,1,58,0,59,0,8,103,0,111,10,0,10,121
12/10/2002,TMB,FL,ASO,ES,Towers with Radar,0,2,57,0,59,0,4,77,0,81,0,6,134,0,140,147,0,147,287
12/11/2002,TMB,FL,ASO,ES,Towers with Radar,0,4,71,0,75,0,0,170,0,170,0,4,241,0,245,146,0,146,391
12/12/2002,TMB,FL,ASO,ES,Towers with Radar,0,2,51,0,53,0,1,155,0,156,0,3,206,0,209,255,0,255,464
12/13/2002,TMB,FL,ASO,ES,Towers with Radar,0,1,49,0,50,0,2,158,0,160,0,3,207,0,210,115,0,115,325
12/14/2002,TMB,FL,ASO,ES,Towers with Radar,0,4,51,0,55,0,3,232,0,235,0,7,283,0,290,232,0,232,522
12/15/2002,TMB,FL,ASO,ES,Towers with Radar,0,4,27,0,31,0,0,246,0,246,0,4,273,0,277,300,0,300,577
12/16/2002,TMB,FL,ASO,ES,Towers with Radar,0,9,5,0,14,0,0,197,0,197,0,9,202,0,211,160,0,160,371
12/17/2002,TMB,FL,ASO,ES,Towers with Radar,0,1,68,0,69,0,3,145,0,148,0,4,213,0,217,356,0,356,573
12/18/2002,TMB,FL,ASO,ES,Towers with Radar,0,1,54,0,55,0,1,153,0,154,0,2,207,0,209,261,0,261,470
12/19/2002,TMB,FL,ASO,ES,Towers with Radar,0,4,67,0,71,0,4,137,0,141,0,8,204,0,212,312,0,312,524
12/20/2002,TMB,FL,ASO,ES,Towers with Radar,0,15,36,0,51,0,4,143,0,147,0,19,179,0,198,106,0,106,304
12/21/2002,TMB,FL,ASO,ES,Towers with Radar,0,0,65,0,65,0,1,259,0,260,0,1,324,0,325,194,0,194,519
12/22/2002,TMB,FL,ASO,ES,Towers with Radar,0,0,47,0,47,0,0,190,0,190,0,0,237,0,237,255,0,255,492
12/23/2002,TMB,FL,ASO,ES,Towers with Radar,0,4,39,0,43,0,7,141,0,148,0,11,180,0,191,260,0,260,451
12/24/2002,TMB,FL,ASO,ES,Towers with Radar,0,0,25,0,25,0,4,87,0,91,0,4,112,0,116,58,0,58,174
12/25/2002,TMB,FL,ASO,ES,Towers with Radar,0,3,15,0,18,0,7,57,0,64,0,10,72,0,82,60,0,60,142
12/26/2002,TMB,FL,ASO,ES,Towers with Radar,0,17,70,0,87,0,7,187,0,194,0,24,257,0,281,203,0,203,484
12/27/2002,TMB,FL,ASO,ES,Towers with Radar,0,11,89,0,100,0,5,275,0,280,0,16,364,0,380,296,0,296,676
12/28/2002,TMB,FL,ASO,ES,Towers with Radar,0,4,57,0,61,0,2,245,0,247,0,6,302,0,308,170,0,170,478
12/29/2002,TMB,FL,ASO,ES,Towers with Radar,0,4,50,0,54,0,1,192,0,193,0,5,242,0,247,214,0,214,461
12/30/2002,TMB,FL,ASO,ES,Towers with Radar,0,14,51,0,65,0,8,171,0,179,0,22,222,0,244,182,0,182,426
12/31/2002,TMB,FL,ASO,ES,Towers with Radar,0,8,25,0,33,0,3,98,0,101,0,11,123,0,134,32,0,32,166
01/01/2003,TMB,FL,ASO,ES,Towers with Radar,0,3,35,0,38,0,5,64,0,69,0,8,99,0,107,39,0,39,146
01/02/2003,TMB,FL,ASO,ES,Towers with Radar,0,10,63,0,73,0,4,167,0,171,0,14,230,0,244,213,0,213,457
01/03/2003,TMB,FL,ASO,ES,Towers with Radar,0,10,54,0,64,0,5,123,0,128,0,15,177,0,192,192,0,192,384
01/04/2003,TMB,FL,ASO,ES,Towers with Radar,0,6,50,0,56,0,0,260,0,260,0,6,310,0,316,138,0,138,454
01/05/2003,TMB,FL,ASO,ES,Towers with Radar,0,11,77,0,88,0,0,259,0,259,0,11,336,0,347,243,0,243,590
01/06/2003,TMB,FL,ASO,ES,Towers with Radar,0,4,46,0,50,0,6,148,0,154,0,10,194,0,204,147,0,147,351
01/07/2003,TMB,FL,ASO,ES,Towers with Radar,0,7,33,0,40,0,0,169,0,169,0,7,202,0,209,222,0,222,431
01/08/2003,TMB,FL,ASO,ES,Towers with Radar,0,4,30,0,34,0,1,175,0,176,0,5,205,0,210,196,0,196,406
01/09/2003,TMB,FL,ASO,ES,Towers with Radar,0,4,49,0,53,0,2,163,0,165,0,6,212,0,218,319,0,319,537
01/10/2003,TMB,FL,ASO,ES,Towers with Radar,0,3,49,0,52,0,0,187,0,187,0,3,236,0,239,301,0,301,540
01/11/2003,TMB,FL,ASO,ES,Towers with Radar,0,3,48,0,51,0,0,295,0,295,0,3,343,0,346,250,0,250,596
01/12/2003,TMB,FL,ASO,ES,Towers with Radar,0,3,52,0,55,0,0,275,0,275,0,3,327,0,330,300,0,300,630
01/13/2003,TMB,FL,ASO,ES,Towers with Radar,0,1,39,0,40,0,5,121,0,126,0,6,160,0,166,341,0,341,507
01/14/2003,TMB,FL,ASO,ES,Towers with Radar,0,1,73,0,74,0,3,117,0,120,0,4,190,0,194,221,0,221,415
01/15/2003,TMB,FL,ASO,ES,Towers with Radar,0,1,32,0,33,0,2,151,0,153,0,3,183,0,186,174,0,174,360
01/16/2003,TMB,FL,ASO,ES,Towers with Radar,0,4,53,0,57,0,0,193,0,193,0,4,246,0,250,346,0,346,596
01/17/2003,TMB,FL,ASO,ES,Towers with Radar,0,3,49,0,52,0,0,146,0,146,0,3,195,0,198,186,0,186,384
01/18/2003,TMB,FL,ASO,ES,Towers with Radar,0,0,61,0,61,0,4,208,0,212,0,4,269,0,273,215,0,215,488
01/19/2003,TMB,FL,ASO,ES,Towers with Radar,0,2,44,0,46,0,2,199,0,201,0,4,243,0,247,163,0,163,410
01/20/2003,TMB,FL,ASO,ES,Towers with Radar,0,5,55,0,60,0,0,156,0,156,0,5,211,0,216,392,0,392,608
01/21/2003,TMB,FL,ASO,ES,Towers with Radar,0,3,49,0,52,0,1,154,0,155,0,4,203,0,207,217,0,217,424
01/22/2003,TMB,FL,ASO,ES,Towers with Radar,0,2,48,0,50,0,0,181,0,181,0,2,229,0,231,289,0,289,520
01/23/2003,TMB,FL,ASO,ES,Towers with Radar,0,3,44,0,47,0,0,133,0,133,0,3,177,0,180,284,0,284,464
01/24/2003,TMB,FL,ASO,ES,Towers with Radar,0,8,45,0,53,0,0,153,0,153,0,8,198,0,206,141,0,141,347
01/25/2003,TMB,FL,ASO,ES,Towers with Radar,0,3,51,0,54,0,0,248,0,248,0,3,299,0,302,214,0,214,516
01/26/2003,TMB,FL,ASO,ES,Towers with Radar,0,8,43,0,51,0,1,255,0,256,0,9,298,0,307,282,0,282,589
01/27/2003,TMB,FL,ASO,ES,Towers with Radar,0,3,36,0,39,0,1,131,0,132,0,4,167,0,171,179,0,179,350
01/28/2003,TMB,FL,ASO,ES,Towers with Radar,0,3,40,0,43,0,4,147,0,151,0,7,187,0,194,320,0,320,514
01/29/2003,TMB,FL,ASO,ES,Towers with Radar,0,3,53,0,56,0,0,158,0,158,0,3,211,0,214,237,0,237,451
01/30/2003,TMB,FL,ASO,ES,Towers with Radar,0,0,0,0,0,0,1,101,0,102,0,1,101,0,102,100,0,100,202
01/31/2003,TMB,FL,ASO,ES,Towers with Radar,0,0,62,0,62,0,0,169,0,169,0,0,231,0,231,317,0,317,548
02/01/2003,TMB,FL,ASO,ES,Towers with Radar,0,2,51,0,53,0,2,285,0,287,0,4,336,0,340,193,0,193,533
02/02/2003,TMB,FL,ASO,ES,Towers with Radar,0,5,45,0,50,0,5,245,0,250,0,10,290,0,300,234,0,234,534
02/03/2003,TMB,FL,ASO,ES,Towers with Radar,0,5,45,0,50,0,4,149,0,153,0,9,194,0,203,282,0,282,485
02/04/2003,TMB,FL,ASO,ES,Towers with Radar,0,3,40,0,43,0,0,157,0,157,0,3,197,0,200,290,0,290,490
02/05/2003,TMB,FL,ASO,ES,Towers with Radar,0,4,110,0,114,0,3,31,0,34,0,7,141,0,148,195,0,195,343
02/06/2003,TMB,FL,ASO,ES,Towers with Radar,0,7,60,0,67,0,2,182,0,184,0,9,242,0,251,366,0,366,617
02/07/2003,TMB,FL,ASO,ES,Towers with Radar,0,4,50,0,54,0,1,193,0,194,0,5,243,0,248,306,0,306,554
02/08/2003,TMB,FL,ASO,ES,Towers with Radar,0,2,90,0,92,0,9,239,0,248,0,11,329,0,340,320,0,320,660
02/09/2003,TMB,FL,ASO,ES,Towers with Radar,0,3,58,0,61,0,1,247,0,248,0,4,305,0,309,379,0,379,688
02/10/2003,TMB,FL,ASO,ES,Towers with Radar,0,2,40,1,43,0,2,170,0,172,0,4,210,1,215,219,0,219,434
02/11/2003,TMB,FL,ASO,ES,Towers with Radar,0,5,48,0,53,0,1,197,5,203,0,6,245,5,256,286,0,286,542
02/12/2003,TMB,FL,ASO,ES,Towers with Radar,0,6,49,0,55,0,4,193,1,198,0,10,242,1,253,342,0,342,595
02/13/2003,TMB,FL,ASO,ES,Towers with Radar,0,0,90,0,90,0,7,233,0,240,0,7,323,0,330,221,0,221,551
02/14/2003,TMB,FL,ASO,ES,Towers with Radar,0,5,59,0,64,0,6,234,0,240,0,11,293,0,304,242,0,242,546
02/15/2003,TMB,FL,ASO,ES,Towers with Radar,0,2,73,0,75,0,0,288,0,288,0,2,361,0,363,251,0,251,614
02/16/2003,TMB,FL,ASO,ES,Towers with Radar,0,4,55,0,59,0,3,224,0,227,0,7,279,0,286,252,0,252,538
02/17/2003,TMB,FL,ASO,ES,Towers with Radar,0,7,81,0,88,0,0,170,0,170,0,7,251,0,258,361,0,361,619
02/18/2003,TMB,FL,ASO,ES,Towers with Radar,0,10,89,0,99,0,29,167,0,196,0,39,256,0,295,384,0,384,679
02/19/2003,TMB,FL,ASO,ES,Towers with Radar,0,12,82,0,94,0,5,166,0,171,0,17,248,0,265,248,0,248,513
02/20/2003,TMB,FL,ASO,ES,Towers with Radar,0,7,61,0,68,0,4,137,0,141,0,11,198,0,209,275,0,275,484
02/21/2003,TMB,FL,ASO,ES,Towers with Radar,0,6,75,0,81,0,2,180,0,182,0,8,255,0,263,303,0,303,566
02/22/2003,TMB,FL,ASO,ES,Towers with Radar,0,2,39,0,41,0,9,209,0,218,0,11,248,0,259,176,0,176,435
02/23/2003,TMB,FL,ASO,ES,Towers with Radar,0,1,81,0,82,0,0,191,0,191,0,1,272,0,273,259,0,259,532
02/24/2003,TMB,FL,ASO,ES,Towers with Radar,0,2,57,1,60,0,0,173,0,173,0,2,230,1,233,204,0,204,437
02/25/2003,TMB,FL,ASO,ES,Towers with Radar,0,4,34,0,38,0,0,134,4,138,0,4,168,4,176,275,0,275,451
02/26/2003,TMB,FL,ASO,ES,Towers with Radar,0,2,71,0,73,0,3,163,0,166,0,5,234,0,239,363,0,363,602
02/27/2003,TMB,FL,ASO,ES,Towers with Radar,0,7,52,3,62,0,4,190,0,194,0,11,242,3,256,257,0,257,513
02/28/2003,TMB,FL,ASO,ES,Towers with Radar,0,8,66,0,74,0,0,216,0,216,0,8,282,0,290,256,0,256,546
03/01/2003,TMB,FL,ASO,ES,Towers with Radar,0,3,33,0,36,0,2,296,0,298,0,5,329,0,334,245,0,245,579
03/02/2003,TMB,FL,ASO,ES,Towers with Radar,0,7,58,0,65,0,0,264,0,264,0,7,322,0,329,260,0,260,589
03/03/2003,TMB,FL,ASO,ES,Towers with Radar,0,6,76,0,82,0,3,147,0,150,0,9,223,0,232,264,0,264,496
03/04/2003,TMB,FL,ASO,ES,Towers with Radar,0,5,49,0,54,0,6,180,0,186,0,11,229,0,240,359,0,359,599
03/05/2003,TMB,FL,ASO,ES,Towers with Radar,0,5,71,0,76,0,2,161,0,163,0,7,232,0,239,238,0,238,477
03/06/2003,TMB,FL,ASO,ES,Towers with Radar,0,0,0,0,0,0,9,292,0,301,0,9,292,0,301,306,0,306,607
03/07/2003,TMB,FL,ASO,ES,Towers with Radar,0,3,56,0,59,0,2,262,0,264,0,5,318,0,323,254,0,254,577
03/08/2003,TMB,FL,ASO,ES,Towers with Radar,0,1,65,0,66,0,3,271,0,274,0,4,336,0,340,324,0,324,664
03/09/2003,TMB,FL,ASO,ES,Towers with Radar,0,6,65,0,71,0,0,316,0,316,0,6,381,0,387,256,0,256,643
03/10/2003,TMB,FL,ASO,ES,Towers with Radar,0,0,59,0,59,0,3,135,0,138,0,3,194,0,197,327,0,327,524
03/11/2003,TMB,FL,ASO,ES,Towers with Radar,0,5,55,0,60,0,1,124,0,125,0,6,179,0,185,285,0,285,470
03/12/2003,TMB,FL,ASO,ES,Towers with Radar,0,2,66,0,68,0,2,183,0,185,0,4,249,0,253,416,0,416,669
03/13/2003,TMB,FL,ASO,ES,Towers with Radar,0,5,48,0,53,0,0,179,0,179,0,5,227,0,232,261,0,261,493
03/14/2003,TMB,FL,ASO,ES,Towers with Radar,0,6,59,0,65,0,0,190,0,190,0,6,249,0,255,274,0,274,529
03/15/2003,TMB,FL,ASO,ES,Towers with Radar,0,5,60,2,67,0,2,247,2,251,0,7,307,4,318,371,0,371,689
03/16/2003,TMB,FL,ASO,ES,Towers with Radar,0,5,65,0,70,0,0,248,0,248,0,5,313,0,318,393,0,393,711
03/17/2003,TMB,FL,ASO,ES,Towers with Radar,0,3,49,0,52,0,3,131,0,134,0,6,180,0,186,176,0,176,362
03/18/2003,TMB,FL,ASO,ES,Towers with Radar,0,6,69,0,75,0,3,180,0,183,0,9,249,0,258,329,0,329,587
03/19/2003,TMB,FL,ASO,ES,Towers with Radar,0,12,68,0,80,0,2,169,0,171,0,14,237,0,251,242,0,242,493
03/20/2003,TMB,FL,ASO,ES,Towers with Radar,0,9,70,0,79,1,1,136,0,138,1,10,206,0,217,237,0,237,454
03/21/2003,TMB,FL,ASO,ES,Towers with Radar,0,6,65,0,71,0,2,219,0,221,0,8,284,0,292,274,0,274,566
03/22/2003,TMB,FL,ASO,ES,Towers with Radar,0,5,67,0,72,0,6,277,1,284,0,11,344,1,356,336,0,336,692
03/23/2003,TMB,FL,ASO,ES,Towers with Radar,0,10,75,0,85,0,4,166,1,171,0,14,241,1,256,195,0,195,451
03/24/2003,TMB,FL,ASO,ES,Towers with Radar,0,4,67,1,72,0,5,152,2,159,0,9,219,3,231,160,0,160,391
03/25/2003,TMB,FL,ASO,ES,Towers with Radar,0,7,94,0,101,0,5,138,3,146,0,12,232,3,247,370,0,370,617
03/26/2003,TMB,FL,ASO,ES,Towers with Radar,0,10,58,0,68,0,0,161,1,162,0,10,219,1,230,318,0,318,548
03/27/2003,TMB,FL,ASO,ES,Towers with Radar,0,6,58,0,64,0,6,88,0,94,0,12,146,0,158,148,0,148,306
03/28/2003,TMB,FL,ASO,ES,Towers with Radar,0,19,73,0,92,0,2,222,0,224,0,21,295,0,316,361,0,361,677
03/29/2003,TMB,FL,ASO,ES,Towers with Radar,0,7,59,0,66,0,4,353,0,357,0,11,412,0,423,354,0,354,777
03/30/2003,TMB,FL,ASO,ES,Towers with Radar,0,9,46,0,55,0,1,141,0,142,0,10,187,0,197,219,0,219,416
03/31/2003,TMB,FL,ASO,ES,Towers with Radar,0,5,62,0,67,0,11,150,0,161,0,16,212,0,228,151,0,151,379
04/01/2003,TMB,FL,ASO,ES,Towers with Radar,0,3,54,0,57,0,11,163,0,174,0,14,217,0,231,180,0,180,411
04/02/2003,TMB,FL,ASO,ES,Towers with Radar,0,5,71,0,76,0,2,175,0,177,0,7,246,0,253,304,0,304,557
04/03/2003,TMB,FL,ASO,ES,Towers with Radar,0,8,43,0,51,0,1,233,0,234,0,9,276,0,285,213,0,213,498
04/04/2003,TMB,FL,ASO,ES,Towers with Radar,0,2,65,0,67,0,1,202,0,203,0,3,267,0,270,305,0,305,575
04/05/2003,TMB,FL,ASO,ES,Towers with Radar,0,3,52,0,55,0,1,233,0,234,0,4,285,0,289,227,0,227,516
04/06/2003,TMB,FL,ASO,ES,Towers with Radar,0,10,51,0,61,0,4,211,0,215,0,14,262,0,276,155,0,155,431
04/07/2003,TMB,FL,ASO,ES,Towers with Radar,0,3,50,0,53,0,2,128,0,130,0,5,178,0,183,180,0,180,363
04/08/2003,TMB,FL,ASO,ES,Towers with Radar,0,3,59,0,62,0,1,160,0,161,0,4,219,0,223,190,0,190,413
04/09/2003,TMB,FL,ASO,ES,Towers with Radar,0,2,73,0,75,0,1,78,0,79,0,3,151,0,154,317,0,317,471
04/10/2003,TMB,FL,ASO,ES,Towers with Radar,0,3,65,0,68,0,4,150,0,154,0,7,215,0,222,169,0,169,391
04/11/2003,TMB,FL,ASO,ES,Towers with Radar,0,4,74,0,78,0,2,195,0,197,0,6,269,0,275,365,0,365,640
04/12/2003,TMB,FL,ASO,ES,Towers with Radar,0,3,65,0,68,0,7,298,0,305,0,10,363,0,373,478,0,478,851
04/13/2003,TMB,FL,ASO,ES,Towers with Radar,0,7,64,0,71,0,1,278,0,279,0,8,342,0,350,443,0,443,793
04/14/2003,TMB,FL,ASO,ES,Towers with Radar,0,1,54,0,55,0,7,190,0,197,0,8,244,0,252,228,0,228,480
04/15/2003,TMB,FL,ASO,ES,Towers with Radar,0,12,62,0,74,0,1,170,1,172,0,13,232,1,246,263,0,263,509
04/16/2003,TMB,FL,ASO,ES,Towers with Radar,0,4,77,0,81,0,3,214,0,217,0,7,291,0,298,305,0,305,603
04/17/2003,TMB,FL,ASO,ES,Towers with Radar,0,6,81,0,87,0,2,259,0,261,0,8,340,0,348,344,0,344,692
04/18/2003,TMB,FL,ASO,ES,Towers with Radar,0,9,55,0,64,0,5,264,0,269,0,14,319,0,333,281,0,281,614
04/19/2003,TMB,FL,ASO,ES,Towers with Radar,0,1,65,0,66,0,3,287,0,290,0,4,352,0,356,463,0,463,819
04/20/2003,TMB,FL,ASO,ES,Towers with Radar,0,5,61,0,66,0,6,233,0,239,0,11,294,0,305,192,0,192,497
04/21/2003,TMB,FL,ASO,ES,Towers with Radar,0,14,76,0,90,0,2,198,0,200,0,16,274,0,290,286,0,286,576
04/22/2003,TMB,FL,ASO,ES,Towers with Radar,0,1,43,0,44,0,2,177,0,179,0,3,220,0,223,184,0,184,407
04/23/2003,TMB,FL,ASO,ES,Towers with Radar,0,10,52,0,62,0,1,166,0,167,0,11,218,0,229,328,0,328,557
04/24/2003,TMB,FL,ASO,ES,Towers with Radar,0,12,65,0,77,0,2,238,0,240,0,14,303,0,317,244,0,244,561
04/25/2003,TMB,FL,ASO,ES,Towers with Radar,0,7,27,0,34,0,6,180,0,186,0,13,207,0,220,209,0,209,429
04/26/2003,TMB,FL,ASO,ES,Towers with Radar,0,6,31,0,37,0,3,51,0,54,0,9,82,0,91,22,0,22,113
04/27/2003,TMB,FL,ASO,ES,Towers with Radar,0,6,47,0,53,0,1,234,0,235,0,7,281,0,288,287,0,287,575
04/28/2003,TMB,FL,ASO,ES,Towers with Radar,0,2,49,0,51,0,3,133,0,136,0,5,182,0,187,188,0,188,375
04/29/2003,TMB,FL,ASO,ES,Towers with Radar,0,4,44,0,48,0,0,203,0,203,0,4,247,0,251,225,0,225,476
04/30/2003,TMB,FL,ASO,ES,Towers with Radar,0,3,56,0,59,0,0,4,0,4,0,3,60,0,63,49,0,49,112
05/01/2003,TMB,FL,ASO,ES,Towers with Radar,0,11,54,0,65,0,0,115,0,115,0,11,169,0,180,274,0,274,454
05/02/2003,TMB,FL,ASO,ES,Towers with Radar,0,6,60,0,66,0,5,203,0,208,0,11,263,0,274,284,0,284,558
05/03/2003,TMB,FL,ASO,ES,Towers with Radar,0,3,51,2,56,0,5,248,0,253,0,8,299,2,309,373,0,373,682
05/04/2003,TMB,FL,ASO,ES,Towers with Radar,0,5,44,0,49,0,3,225,0,228,0,8,269,0,277,305,0,305,582
05/05/2003,TMB,FL,ASO,ES,Towers with Radar,0,3,47,0,50,0,1,217,0,218,0,4,264,0,268,263,0,263,531
05/06/2003,TMB,FL,ASO,ES,Towers with Radar,0,3,61,0,64,0,6,149,0,155,0,9,210,0,219,209,0,209,428
05/07/2003,TMB,FL,ASO,ES,Towers with Radar,0,1,60,0,61,0,1,168,0,169,0,2,228,0,230,192,0,192,422
05/08/2003,TMB,FL,ASO,ES,Towers with Radar,0,9,56,0,65,0,0,207,0,207,0,9,263,0,272,266,0,266,538
05/09/2003,TMB,FL,ASO,ES,Towers with Radar,0,7,73,0,80,0,2,197,0,199,0,9,270,0,279,288,0,288,567
05/10/2003,TMB,FL,ASO,ES,Towers with Radar,0,3,49,0,52,0,3,360,0,363,0,6,409,0,415,439,0,439,854
05/11/2003,TMB,FL,ASO,ES,Towers with Radar,0,3,47,0,50,0,4,237,0,241,0,7,284,0,291,314,0,314,605
05/12/2003,TMB,FL,ASO,ES,Towers with Radar,0,4,38,0,42,0,3,165,0,168,0,7,203,0,210,217,0,217,427
05/13/2003,TMB,FL,ASO,ES,Towers with Radar,0,4,41,0,45,0,1,137,0,138,0,5,178,0,183,308,0,308,491
05/14/2003,TMB,FL,ASO,ES,Towers with Radar,0,10,74,0,84,0,1,120,0,121,0,11,194,0,205,295,0,295,500
05/15/2003,TMB,FL,ASO,ES,Towers with Radar,0,3,53,0,56,0,0,200,0,200,0,3,253,0,256,284,0,284,540
05/16/2003,TMB,FL,ASO,ES,Towers with Radar,0,5,50,0,55,0,2,204,0,206,0,7,254,0,261,395,0,395,656
05/17/2003,TMB,FL,ASO,ES,Towers with Radar,0,1,37,0,38,0,4,276,0,280,0,5,313,0,318,296,0,296,614
05/18/2003,TMB,FL,ASO,ES,Towers with Radar,0,6,43,0,49,0,3,250,0,253,0,9,293,0,302,213,0,213,515
05/19/2003,TMB,FL,ASO,ES,Towers with Radar,0,4,48,0,52,0,2,149,0,151,0,6,197,0,203,324,0,324,527
05/20/2003,TMB,FL,ASO,ES,Towers with Radar,0,3,50,0,53,0,3,157,0,160,0,6,207,0,213,306,0,306,519
05/21/2003,TMB,FL,ASO,ES,Towers with Radar,0,5,63,0,68,0,3,152,0,155,0,8,215,0,223,316,0,316,539
05/22/2003,TMB,FL,ASO,ES,Towers with Radar,0,3,46,0,49,0,0,78,0,78,0,3,124,0,127,117,0,117,244
05/23/2003,TMB,FL,ASO,ES,Towers with Radar,0,6,62,0,68,0,6,172,0,178,0,12,234,0,246,246,0,246,492
05/24/2003,TMB,FL,ASO,ES,Towers with Radar,0,2,53,0,55,0,3,289,0,292,0,5,342,0,347,446,4,450,797
05/25/2003,TMB,FL,ASO,ES,Towers with Radar,0,0,40,0,40,0,5,268,0,273,0,5,308,0,313,244,0,244,557
05/26/2003,TMB,FL,ASO,ES,Towers with Radar,0,1,52,0,53,0,3,182,0,185,0,4,234,0,238,293,0,293,531
05/27/2003,TMB,FL,ASO,ES,Towers with Radar,0,3,39,0,42,0,4,151,0,155,0,7,190,0,197,238,0,238,435
05/28/2003,TMB,FL,ASO,ES,Towers with Radar,0,9,58,0,67,0,2,131,0,133,0,11,189,0,200,345,0,345,545
05/29/2003,TMB,FL,ASO,ES,Towers with Radar,0,7,64,0,71,0,4,70,0,74,0,11,134,0,145,160,0,160,305
05/30/2003,TMB,FL,ASO,ES,Towers with Radar,0,7,60,0,67,0,1,305,0,306,0,8,365,0,373,533,0,533,906
05/31/2003,TMB,FL,ASO,ES,Towers with Radar,0,0,60,0,60,0,2,334,0,336,0,2,394,0,396,407,0,407,803
06/01/2003,TMB,FL,ASO,ES,Towers with Radar,0,2,49,0,51,0,4,253,0,257,0,6,302,0,308,254,0,254,562
06/02/2003,TMB,FL,ASO,ES,Towers with Radar,0,1,42,0,43,0,2,104,0,106,0,3,146,0,149,147,0,147,296
06/03/2003,TMB,FL,ASO,ES,Towers with Radar,0,5,32,0,37,0,0,134,0,134,0,5,166,0,171,294,0,294,465
06/04/2003,TMB,FL,ASO,ES,Towers with Radar,0,7,53,0,60,0,0,136,0,136,0,7,189,0,196,291,0,291,487
06/05/2003,TMB,FL,ASO,ES,Towers with Radar,0,0,66,0,66,0,4,140,0,144,0,4,206,0,210,229,0,229,439
06/06/2003,TMB,FL,ASO,ES,Towers with Radar,0,2,73,0,75,0,1,148,0,149,0,3,221,0,224,298,0,298,522
06/07/2003,TMB,FL,ASO,ES,Towers with Radar,0,2,36,0,38,0,7,201,0,208,0,9,237,0,246,472,0,472,718
06/08/2003,TMB,FL,ASO,ES,Towers with Radar,0,0,41,0,41,0,6,196,0,202,0,6,237,0,243,218,0,218,461
06/09/2003,TMB,FL,ASO,ES,Towers with Radar,0,2,36,0,38,0,3,112,0,115,0,5,148,0,153,126,0,126,279
06/10/2003,TMB,FL,ASO,ES,Towers with Radar,0,7,48,0,55,0,4,143,0,147,0,11,191,0,202,223,0,223,425
06/11/2003,TMB,FL,ASO,ES,Towers with Radar,0,4,57,0,61,0,5,178,0,183,0,9,235,0,244,292,0,292,536
06/12/2003,TMB,FL,ASO,ES,Towers with Radar,0,1,46,0,47,0,2,184,0,186,0,3,230,0,233,253,0,253,486
06/13/2003,TMB,FL,ASO,ES,Towers with Radar,0,2,51,0,53,0,7,171,0,178,0,9,222,0,231,258,0,258,489
06/14/2003,TMB,FL,ASO,ES,Towers with Radar,0,1,55,0,56,0,0,269,0,269,0,1,324,0,325,375,0,375,700
06/15/2003,TMB,FL,ASO,ES,Towers with Radar,0,1,45,0,46,0,8,121,0,129,0,9,166,0,175,156,0,156,331
06/16/2003,TMB,FL,ASO,ES,Towers with Radar,0,3,59,0,62,0,2,151,0,153,0,5,210,0,215,294,0,294,509
06/17/2003,TMB,FL,ASO,ES,Towers with Radar,0,4,37,0,41,0,4,158,0,162,0,8,195,0,203,210,0,210,413
06/18/2003,TMB,FL,ASO,ES,Towers with Radar,0,2,52,0,54,0,4,200,0,204,0,6,252,0,258,205,0,205,463
06/19/2003,TMB,FL,ASO,ES,Towers with Radar,0,4,56,0,60,0,1,149,0,150,0,5,205,0,210,170,0,170,380
06/20/2003,TMB,FL,ASO,ES,Towers with Radar,0,2,62,0,64,0,0,167,0,167,0,2,229,0,231,397,0,397,628
06/21/2003,TMB,FL,ASO,ES,Towers with Radar,0,0,53,0,53,0,2,190,0,192,0,2,243,0,245,313,0,313,558
06/22/2003,TMB,FL,ASO,ES,Towers with Radar,0,0,35,0,35,0,4,147,0,151,0,4,182,0,186,212,0,212,398
06/23/2003,TMB,FL,ASO,ES,Towers with Radar,0,6,40,0,46,0,1,54,0,55,0,7,94,0,101,67,0,67,168
06/24/2003,TMB,FL,ASO,ES,Towers with Radar,0,0,63,0,63,0,3,113,0,116,0,3,176,0,179,234,0,234,413
06/25/2003,TMB,FL,ASO,ES,Towers with Radar,0,0,76,0,76,0,1,197,0,198,0,1,273,0,274,363,0,363,637
06/26/2003,TMB,FL,ASO,ES,Towers with Radar,0,0,36,0,36,0,5,172,2,179,0,5,208,2,215,234,0,234,449
06/27/2003,TMB,FL,ASO,ES,Towers with Radar,0,1,58,0,59,0,3,130,0,133,0,4,188,0,192,360,0,360,552
06/28/2003,TMB,FL,ASO,ES,Towers with Radar,0,0,79,0,79,0,3,189,0,192,0,3,268,0,271,403,0,403,674
06/29/2003,TMB,FL,ASO,ES,Towers with Radar,0,2,46,0,48,0,3,225,0,228,0,5,271,0,276,220,0,220,496
06/30/2003,TMB,FL,ASO,ES,Towers with Radar,0,3,42,0,45,0,1,142,0,143,0,4,184,0,188,179,0,179,367
07/01/2003,TMB,FL,ASO,ES,Towers with Radar,0,0,38,0,38,0,1,165,0,166,0,1,203,0,204,306,0,306,510
07/02/2003,TMB,FL,ASO,ES,Towers with Radar,0,3,54,0,57,0,2,171,0,173,0,5,225,0,230,305,0,305,535
07/03/2003,TMB,FL,ASO,ES,Towers with Radar,0,5,63,0,68,0,0,211,0,211,0,5,274,0,279,304,0,304,583
07/04/2003,TMB,FL,ASO,ES,Towers with Radar,0,2,30,0,32,0,7,195,0,202,0,9,225,0,234,290,0,290,524
07/05/2003,TMB,FL,ASO,ES,Towers with Radar,0,2,31,0,33,0,5,157,0,162,0,7,188,0,195,383,0,383,578
07/06/2003,TMB,FL,ASO,ES,Towers with Radar,0,3,47,0,50,0,3,196,0,199,0,6,243,0,249,264,0,264,513
07/07/2003,TMB,FL,ASO,ES,Towers with Radar,0,10,44,0,54,0,2,181,0,183,0,12,225,0,237,191,0,191,428
07/08/2003,TMB,FL,ASO,ES,Towers with Radar,0,5,47,0,52,0,3,191,0,194,0,8,238,0,246,465,0,465,711
07/09/2003,TMB,FL,ASO,ES,Towers with Radar,0,2,53,0,55,0,1,207,0,208,0,3,260,0,263,253,0,253,516
07/10/2003,TMB,FL,ASO,ES,Towers with Radar,0,0,54,1,55,0,0,188,0,188,0,0,242,1,243,367,0,367,610
07/11/2003,TMB,FL,ASO,ES,Towers with Radar,0,3,51,0,54,0,2,224,0,226,0,5,275,0,280,369,0,369,649
07/12/2003,TMB,FL,ASO,ES,Towers with Radar,0,0,58,0,58,0,5,278,0,283,0,5,336,0,341,367,0,367,708
07/13/2003,TMB,FL,ASO,ES,Towers with Radar,0,0,41,0,41,0,2,249,0,251,0,2,290,0,292,337,0,337,629
07/14/2003,TMB,FL,ASO,ES,Towers with Radar,0,2,44,0,46,0,3,134,0,137,0,5,178,0,183,212,0,212,395
07/15/2003,TMB,FL,ASO,ES,Towers with Radar,0,2,42,0,44,0,2,162,0,164,0,4,204,0,208,350,0,350,558
07/16/2003,TMB,FL,ASO,ES,Towers with Radar,0,0,41,0,41,0,5,162,0,167,0,5,203,0,208,371,0,371,579
07/17/2003,TMB,FL,ASO,ES,Towers with Radar,0,5,49,0,54,0,2,139,0,141,0,7,188,0,195,329,0,329,524
07/18/2003,TMB,FL,ASO,ES,Towers with Radar,0,1,30,0,31,0,3,248,0,251,0,4,278,0,282,251,0,251,533
07/19/2003,TMB,FL,ASO,ES,Towers with Radar,0,0,43,0,43,0,3,257,0,260,0,3,300,0,303,303,0,303,606
07/20/2003,TMB,FL,ASO,ES,Towers with Radar,0,2,29,0,31,0,8,216,0,224,0,10,245,0,255,234,0,234,489
07/21/2003,TMB,FL,ASO,ES,Towers with Radar,0,4,35,0,39,0,0,100,0,100,0,4,135,0,139,169,0,169,308
07/22/2003,TMB,FL,ASO,ES,Towers with Radar,0,5,41,0,46,0,1,170,0,171,0,6,211,0,217,282,0,282,499
07/23/2003,TMB,FL,ASO,ES,Towers with Radar,0,3,54,0,57,0,3,184,0,187,0,6,238,0,244,394,0,394,638
07/24/2003,TMB,FL,ASO,ES,Towers with Radar,0,4,47,0,51,0,3,186,0,189,0,7,233,0,240,331,0,331,571
07/25/2003,TMB,FL,ASO,ES,Towers with Radar,0,1,45,0,46,0,5,205,0,210,0,6,250,0,256,450,0,450,706
07/26/2003,TMB,FL,ASO,ES,Towers with Radar,0,4,47,0,51,0,5,211,0,216,0,9,258,0,267,222,0,222,489
07/27/2003,TMB,FL,ASO,ES,Towers with Radar,0,2,28,0,30,0,4,203,0,207,0,6,231,0,237,252,0,252,489
07/28/2003,TMB,FL,ASO,ES,Towers with Radar,0,2,49,0,51,0,3,102,0,105,0,5,151,0,156,249,0,249,405
07/29/2003,TMB,FL,ASO,ES,Towers with Radar,0,2,58,0,60,0,3,146,0,149,0,5,204,0,209,193,0,193,402
07/30/2003,TMB,FL,ASO,ES,Towers with Radar,0,4,26,0,30,0,6,155,0,161,0,10,181,0,191,162,0,162,353
07/31/2003,TMB,FL,ASO,ES,Towers with Radar,0,0,55,0,55,0,5,156,0,161,0,5,211,0,216,260,0,260,476
08/01/2003,TMB,FL,ASO,ES,Towers with Radar,0,5,48,0,53,0,0,162,0,162,0,5,210,0,215,266,0,266,481
08/02/2003,TMB,FL,ASO,ES,Towers with Radar,0,0,40,0,40,0,0,160,0,160,0,0,200,0,200,288,0,288,488
08/03/2003,TMB,FL,ASO,ES,Towers with Radar,0,5,33,0,38,0,2,182,0,184,0,7,215,0,222,159,0,159,381
08/04/2003,TMB,FL,ASO,ES,Towers with Radar,0,4,32,0,36,0,0,126,0,126,0,4,158,0,162,167,0,167,329
08/05/2003,TMB,FL,ASO,ES,Towers with Radar,0,4,32,0,36,0,2,116,0,118,0,6,148,0,154,148,0,148,302
08/06/2003,TMB,FL,ASO,ES,Towers with Radar,0,6,36,0,42,0,1,182,0,183,0,7,218,0,225,344,0,344,569
08/07/2003,TMB,FL,ASO,ES,Towers with Radar,0,0,57,0,57,0,0,134,0,134,0,0,191,0,191,330,0,330,521
08/08/2003,TMB,FL,ASO,ES,Towers with Radar,0,3,42,0,45,0,0,155,0,155,0,3,197,0,200,288,0,288,488
08/09/2003,TMB,FL,ASO,ES,Towers with Radar,0,0,34,0,34,0,3,234,0,237,0,3,268,0,271,274,0,274,545
08/10/2003,TMB,FL,ASO,ES,Towers with Radar,0,0,31,0,31,0,2,192,0,194,0,2,223,0,225,314,0,314,539
08/11/2003,TMB,FL,ASO,ES,Towers with Radar,0,6,36,0,42,0,4,145,0,149,0,10,181,0,191,143,0,143,334
08/12/2003,TMB,FL,ASO,ES,Towers with Radar,0,4,29,0,33,0,3,205,0,208,0,7,234,0,241,324,0,324,565
08/13/2003,TMB,FL,ASO,ES,Towers with Radar,0,7,36,0,43,0,1,218,0,219,0,8,254,0,262,294,0,294,556
08/14/2003,TMB,FL,ASO,ES,Towers with Radar,0,4,50,0,54,0,1,89,0,90,0,5,139,0,144,95,0,95,239
08/15/2003,TMB,FL,ASO,ES,Towers with Radar,0,0,80,0,80,0,0,217,0,217,0,0,297,0,297,394,0,394,691
08/16/2003,TMB,FL,ASO,ES,Towers with Radar,0,2,54,0,56,0,6,244,0,250,0,8,298,0,306,433,0,433,739
08/17/2003,TMB,FL,ASO,ES,Towers with Radar,0,0,42,0,42,0,1,216,0,217,0,1,258,0,259,355,0,355,614
08/18/2003,TMB,FL,ASO,ES,Towers with Radar,0,1,41,0,42,0,3,164,0,167,0,4,205,0,209,138,0,138,347
08/19/2003,TMB,FL,ASO,ES,Towers with Radar,0,2,26,0,28,0,1,148,0,149,0,3,174,0,177,264,0,264,441
08/20/2003,TMB,FL,ASO,ES,Towers with Radar,0,1,27,0,28,0,3,32,0,35,0,4,59,0,63,68,0,68,131
08/21/2003,TMB,FL,ASO,ES,Towers with Radar,0,1,52,0,53,0,1,136,0,137,0,2,188,0,190,340,0,340,530
08/22/2003,TMB,FL,ASO,ES,Towers with Radar,0,5,47,0,52,0,5,173,0,178,0,10,220,0,230,357,0,357,587
08/23/2003,TMB,FL,ASO,ES,Towers with Radar,0,2,43,0,45,0,6,212,0,218,0,8,255,0,263,465,0,465,728
08/24/2003,TMB,FL,ASO,ES,Towers with Radar,0,0,43,0,43,0,3,233,0,236,0,3,276,0,279,248,0,248,527
08/25/2003,TMB,FL,ASO,ES,Towers with Radar,0,1,40,0,41,0,1,169,0,170,0,2,209,0,211,304,0,304,515
08/26/2003,TMB,FL,ASO,ES,Towers with Radar,0,1,43,0,44,0,5,114,0,119,0,6,157,0,163,282,0,282,445
08/27/2003,TMB,FL,ASO,ES,Towers with Radar,0,2,55,0,57,0,1,231,0,232,0,3,286,0,289,301,0,301,590
08/28/2003,TMB,FL,ASO,ES,Towers with Radar,0,0,36,0,36,0,1,122,0,123,0,1,158,0,159,242,0,242,401
08/29/2003,TMB,FL,ASO,ES,Towers with Radar,0,2,32,0,34,0,2,207,0,209,0,4,239,0,243,261,0,261,504
08/30/2003,TMB,FL,ASO,ES,Towers with Radar,0,3,45,0,48,0,0,219,0,219,0,3,264,0,267,337,0,337,604
08/31/2003,TMB,FL,ASO,ES,Towers with Radar,0,3,23,0,26,0,4,150,0,154,0,7,173,0,180,175,0,175,355
09/01/2003,TMB,FL,ASO,ES,Towers with Radar,0,4,49,0,53,0,0,162,0,162,0,4,211,0,215,154,0,154,369
09/02/2003,TMB,FL,ASO,ES,Towers with Radar,0,3,37,0,40,0,6,162,0,168,0,9,199,0,208,301,0,301,509
09/03/2003,TMB,FL,ASO,ES,Towers with Radar,0,3,35,0,38,0,0,132,0,132,0,3,167,0,170,185,0,185,355
09/04/2003,TMB,FL,ASO,ES,Towers with Radar,0,3,33,0,36,0,2,146,0,148,0,5,179,0,184,256,0,256,440
09/05/2003,TMB,FL,ASO,ES,Towers with Radar,0,3,33,0,36,0,0,149,0,149,0,3,182,0,185,398,0,398,583
09/06/2003,TMB,FL,ASO,ES,Towers with Radar,0,3,39,0,42,0,1,139,0,140,0,4,178,0,182,259,0,259,441
09/07/2003,TMB,FL,ASO,ES,Towers with Radar,0,2,55,0,57,0,0,174,0,174,0,2,229,0,231,250,0,250,481
09/08/2003,TMB,FL,ASO,ES,Towers with Radar,0,3,45,0,48,0,12,225,0,237,0,15,270,0,285,584,0,584,869
09/09/2003,TMB,FL,ASO,ES,Towers with Radar,0,2,32,0,34,0,2,198,3,203,0,4,230,3,237,367,0,367,604
09/10/2003,TMB,FL,ASO,ES,Towers with Radar,0,2,29,0,31,0,3,238,0,241,0,5,267,0,272,363,0,363,635
09/11/2003,TMB,FL,ASO,ES,Towers with Radar,0,3,39,0,42,0,3,210,0,213,0,6,249,0,255,254,0,254,509
09/12/2003,TMB,FL,ASO,ES,Towers with Radar,0,2,31,0,33,0,2,232,0,234,0,4,263,0,267,434,0,434,701
09/13/2003,TMB,FL,ASO,ES,Towers with Radar,0,2,40,0,42,0,0,160,0,160,0,2,200,0,202,274,0,274,476
09/14/2003,TMB,FL,ASO,ES,Towers with Radar,0,4,50,0,54,0,0,205,0,205,0,4,255,0,259,309,0,309,568
09/15/2003,TMB,FL,ASO,ES,Towers with Radar,0,3,76,0,79,0,0,134,0,134,0,3,210,0,213,464,0,464,677
09/16/2003,TMB,FL,ASO,ES,Towers with Radar,0,3,53,0,56,0,0,199,0,199,0,3,252,0,255,263,0,263,518
09/17/2003,TMB,FL,ASO,ES,Towers with Radar,0,2,40,0,42,0,5,132,0,137,0,7,172,0,179,413,0,413,592
09/18/2003,TMB,FL,ASO,ES,Towers with Radar,0,2,40,0,42,0,1,147,0,148,0,3,187,0,190,327,0,327,517
09/19/2003,TMB,FL,ASO,ES,Towers with Radar,0,1,27,0,28,0,5,267,0,272,0,6,294,0,300,419,0,419,719
09/20/2003,TMB,FL,ASO,ES,Towers with Radar,0,3,50,0,53,0,3,198,0,201,0,6,248,0,254,418,0,418,672
09/21/2003,TMB,FL,ASO,ES,Towers with Radar,0,2,50,0,52,0,5,155,0,160,0,7,205,0,212,216,0,216,428
09/22/2003,TMB,FL,ASO,ES,Towers with Radar,0,2,43,0,45,0,0,157,0,157,0,2,200,0,202,249,0,249,451
09/23/2003,TMB,FL,ASO,ES,Towers with Radar,0,2,43,0,45,0,9,165,0,174,0,11,208,0,219,71,0,71,290
09/24/2003,TMB,FL,ASO,ES,Towers with Radar,0,2,41,0,43,0,3,145,0,148,0,5,186,0,191,250,0,250,441
09/25/2003,TMB,FL,ASO,ES,Towers with Radar,0,2,39,0,41,0,2,139,0,141,0,4,178,0,182,230,0,230,412
09/26/2003,TMB,FL,ASO,ES,Towers with Radar,0,2,42,0,44,0,11,184,0,195,0,13,226,0,239,362,0,362,601
09/27/2003,TMB,FL,ASO,ES,Towers with Radar,0,3,54,0,57,0,3,223,0,226,0,6,277,0,283,196,0,196,479
09/28/2003,TMB,FL,ASO,ES,Towers with Radar,0,2,34,0,36,0,7,218,0,225,0,9,252,0,261,274,0,274,535
09/29/2003,TMB,FL,ASO,ES,Towers with Radar,0,1,33,0,34,0,2,36,0,38,0,3,69,0,72,115,0,115,187
09/30/2003,TMB,FL,ASO,ES,Towers with Radar,0,2,47,0,49,0,2,124,0,126,0,4,171,0,175,307,0,307,482
10/01/2003,TMB,FL,ASO,ES,Towers with Radar,0,3,39,0,42,0,1,186,0,187,0,4,225,0,229,292,0,292,521
10/02/2003,TMB,FL,ASO,ES,Towers with Radar,0,4,57,0,61,0,0,207,0,207,0,4,264,0,268,294,0,294,562
10/03/2003,TMB,FL,ASO,ES,Towers with Radar,0,1,53,0,54,0,0,242,0,242,0,1,295,0,296,268,0,268,564
10/04/2003,TMB,FL,ASO,ES,Towers with Radar,0,1,45,0,46,0,0,233,0,233,0,1,278,0,279,317,0,317,596
10/05/2003,TMB,FL,ASO,ES,Towers with Radar,0,4,52,0,56,0,1,208,0,209,0,5,260,0,265,393,0,393,658
10/06/2003,TMB,FL,ASO,ES,Towers with Radar,0,2,38,0,40,0,0,149,0,149,0,2,187,0,189,246,0,246,435
10/07/2003,TMB,FL,ASO,ES,Towers with Radar,0,3,49,0,52,0,2,157,0,159,0,5,206,0,211,381,0,381,592
10/08/2003,TMB,FL,ASO,ES,Towers with Radar,0,2,68,0,70,0,0,182,0,182,0,2,250,0,252,264,0,264,516
10/09/2003,TMB,FL,ASO,ES,Towers with Radar,0,4,65,0,69,0,2,186,0,188,0,6,251,0,257,366,0,366,623
10/10/2003,TMB,FL,ASO,ES,Towers with Radar,0,3,84,0,87,0,0,171,0,171,0,3,255,0,258,324,0,324,582
10/11/2003,TMB,FL,ASO,ES,Towers with Radar,0,3,48,0,51,0,7,252,0,259,0,10,300,0,310,302,0,302,612
10/12/2003,TMB,FL,ASO,ES,Towers with Radar,0,1,45,0,46,0,0,231,0,231,0,1,276,0,277,246,0,246,523
10/13/2003,TMB,FL,ASO,ES,Towers with Radar,0,4,61,0,65,0,2,177,0,179,0,6,238,0,244,294,0,294,538
10/14/2003,TMB,FL,ASO,ES,Towers with Radar,0,2,46,0,48,0,1,153,0,154,0,3,199,0,202,302,0,302,504
10/15/2003,TMB,FL,ASO,ES,Towers with Radar,0,1,49,1,51,0,0,164,1,165,0,1,213,2,216,304,0,304,520
10/16/2003,TMB,FL,ASO,ES,Towers with Radar,0,2,44,0,46,0,3,189,0,192,0,5,233,0,238,204,0,204,442
10/17/2003,TMB,FL,ASO,ES,Towers with Radar,0,2,56,1,59,0,0,203,0,203,0,2,259,1,262,312,0,312,574
10/18/2003,TMB,FL,ASO,ES,Towers with Radar,0,4,80,0,84,0,5,220,0,225,0,9,300,0,309,282,0,282,591
10/19/2003,TMB,FL,ASO,ES,Towers with Radar,0,2,45,0,47,0,7,236,0,243,0,9,281,0,290,263,0,263,553
10/20/2003,TMB,FL,ASO,ES,Towers with Radar,0,1,44,0,45,0,0,200,0,200,0,1,244,0,245,387,0,387,632
10/21/2003,TMB,FL,ASO,ES,Towers with Radar,0,2,47,0,49,0,7,156,0,163,0,9,203,0,212,231,0,231,443
10/22/2003,TMB,FL,ASO,ES,Towers with Radar,0,3,50,0,53,0,4,212,0,216,0,7,262,0,269,214,0,214,483
10/23/2003,TMB,FL,ASO,ES,Towers with Radar,0,3,55,0,58,0,4,186,0,190,0,7,241,0,248,263,0,263,511
10/24/2003,TMB,FL,ASO,ES,Towers with Radar,0,3,62,0,65,0,8,257,0,265,0,11,319,0,330,211,0,211,541
10/25/2003,TMB,FL,ASO,ES,Towers with Radar,0,2,35,0,37,0,0,150,0,150,0,2,185,0,187,160,0,160,347
10/26/2003,TMB,FL,ASO,ES,Towers with Radar,0,3,52,0,55,0,2,197,0,199,0,5,249,0,254,273,0,273,527
10/27/2003,TMB,FL,ASO,ES,Towers with Radar,0,1,27,0,28,0,6,157,0,163,0,7,184,0,191,277,0,277,468
10/28/2003,TMB,FL,ASO,ES,Towers with Radar,0,3,57,0,60,0,8,139,0,147,0,11,196,0,207,189,0,189,396
10/29/2003,TMB,FL,ASO,ES,Towers with Radar,0,2,47,0,49,0,2,186,2,190,0,4,233,2,239,244,0,244,483
10/30/2003,TMB,FL,ASO,ES,Towers with Radar,0,3,61,0,64,0,4,123,6,133,0,7,184,6,197,120,0,120,317
10/31/2003,TMB,FL,ASO,ES,Towers with Radar,0,2,48,0,50,0,12,171,1,184,0,14,219,1,234,135,0,135,369
11/01/2003,TMB,FL,ASO,ES,Towers with Radar,0,3,26,0,29,0,0,216,0,216,0,3,242,0,245,311,0,311,556
11/02/2003,TMB,FL,ASO,ES,Towers with Radar,0,4,33,0,37,0,4,146,0,150,0,8,179,0,187,373,0,373,560
11/03/2003,TMB,FL,ASO,ES,Towers with Radar,0,5,56,0,61,0,0,120,0,120,0,5,176,0,181,172,0,172,353
11/04/2003,TMB,FL,ASO,ES,Towers with Radar,0,3,23,0,26,0,5,46,0,51,0,8,69,0,77,212,0,212,289
11/05/2003,TMB,FL,ASO,ES,Towers with Radar,0,6,58,0,64,0,0,82,0,82,0,6,140,0,146,239,0,239,385
11/06/2003,TMB,FL,ASO,ES,Towers with Radar,0,5,47,0,52,0,0,28,0,28,0,5,75,0,80,66,0,66,146
11/07/2003,TMB,FL,ASO,ES,Towers with Radar,0,8,62,0,70,0,1,208,0,209,0,9,270,0,279,312,0,312,591
11/08/2003,TMB,FL,ASO,ES,Towers with Radar,0,6,47,0,53,0,1,233,0,234,0,7,280,0,287,384,0,384,671
11/09/2003,TMB,FL,ASO,ES,Towers with Radar,0,5,50,0,55,0,0,233,0,233,0,5,283,0,288,288,0,288,576
11/10/2003,TMB,FL,ASO,ES,Towers with Radar,0,7,53,0,60,0,0,153,0,153,0,7,206,0,213,223,0,223,436
11/11/2003,TMB,FL,ASO,ES,Towers with Radar,0,7,78,0,85,0,0,169,0,169,0,7,247,0,254,229,0,229,483
11/12/2003,TMB,FL,ASO,ES,Towers with Radar,0,8,59,0,67,0,4,195,0,199,0,12,254,0,266,274,0,274,540
11/13/2003,TMB,FL,ASO,ES,Towers with Radar,0,8,61,0,69,0,1,236,0,237,0,9,297,0,306,195,0,195,501
11/14/2003,TMB,FL,ASO,ES,Towers with Radar,0,10,79,0,89,0,7,225,0,232,0,17,304,0,321,180,0,180,501
11/15/2003,TMB,FL,ASO,ES,Towers with Radar,0,9,73,0,82,0,0,366,1,367,0,9,439,1,449,251,0,251,700
11/16/2003,TMB,FL,ASO,ES,Towers with Radar,0,13,126,0,139,0,0,409,0,409,0,13,535,0,548,281,0,281,829
11/17/2003,TMB,FL,ASO,ES,Towers with Radar,0,6,56,0,62,0,4,226,0,230,0,10,282,0,292,178,0,178,470
11/18/2003,TMB,FL,ASO,ES,Towers with Radar,0,4,40,0,44,0,4,213,0,217,0,8,253,0,261,137,0,137,398
11/19/2003,TMB,FL,ASO,ES,Towers with Radar,0,3,33,0,36,0,2,189,0,191,0,5,222,0,227,152,0,152,379
11/20/2003,TMB,FL,ASO,ES,Towers with Radar,0,4,55,0,59,0,0,194,0,194,0,4,249,0,253,230,0,230,483
11/21/2003,TMB,FL,ASO,ES,Towers with Radar,0,7,68,0,75,0,2,231,0,233,0,9,299,0,308,324,0,324,632
11/22/2003,TMB,FL,ASO,ES,Towers with Radar,0,7,64,0,71,0,1,277,0,278,0,8,341,0,349,267,0,267,616
11/23/2003,TMB,FL,ASO,ES,Towers with Radar,0,5,50,0,55,0,3,242,0,245,0,8,292,0,300,194,0,194,494
11/24/2003,TMB,FL,ASO,ES,Towers with Radar,0,4,34,0,38,0,8,169,0,177,0,12,203,0,215,322,0,322,537
11/25/2003,TMB,FL,ASO,ES,Towers with Radar,0,10,90,0,100,0,14,190,0,204,0,24,280,0,304,339,0,339,643
11/26/2003,TMB,FL,ASO,ES,Towers with Radar,0,11,99,0,110,0,4,197,0,201,0,15,296,0,311,185,0,185,496
11/27/2003,TMB,FL,ASO,ES,Towers with Radar,0,3,27,0,30,0,1,143,0,144,0,4,170,0,174,169,0,169,343
11/28/2003,TMB,FL,ASO,ES,Towers with Radar,0,6,51,0,57,0,4,210,0,214,0,10,261,0,271,254,0,254,525
11/29/2003,TMB,FL,ASO,ES,Towers with Radar,0,5,45,0,50,0,6,152,0,158,0,11,197,0,208,67,0,67,275
11/30/2003,TMB,FL,ASO,ES,Towers with Radar,0,11,101,0,112,0,21,244,0,265,0,32,345,0,377,183,0,183,560
12/01/2003,TMB,FL,ASO,ES,Towers with Radar,0,6,51,0,57,0,1,130,0,131,0,7,181,0,188,158,0,158,346
12/02/2003,TMB,FL,ASO,ES,Towers with Radar,0,5,39,0,44,0,2,143,0,145,0,7,182,0,189,207,0,207,396
12/03/2003,TMB,FL,ASO,ES,Towers with Radar,0,7,57,0,64,0,5,145,0,150,0,12,202,0,214,107,0,107,321
12/04/2003,TMB,FL,ASO,ES,Towers with Radar,0,6,49,0,55,0,2,112,0,114,0,8,161,0,169,154,0,154,323
12/05/2003,TMB,FL,ASO,ES,Towers with Radar,0,6,54,0,60,0,12,200,0,212,0,18,254,0,272,192,0,192,464
12/06/2003,TMB,FL,ASO,ES,Towers with Radar,0,4,36,0,40,0,4,208,0,212,0,8,244,0,252,151,0,151,403
12/07/2003,TMB,FL,ASO,ES,Towers with Radar,0,7,56,0,63,0,0,249,0,249,0,7,305,0,312,294,0,294,606
12/08/2003,TMB,FL,ASO,ES,Towers with Radar,0,2,56,0,58,0,0,146,0,146,0,2,202,0,204,144,0,144,348
12/09/2003,TMB,FL,ASO,ES,Towers with Radar,0,6,51,0,57,0,5,165,0,170,0,11,216,0,227,272,0,272,499
12/10/2003,TMB,FL,ASO,ES,Towers with Radar,0,9,79,0,88,0,8,73,0,81,0,17,152,0,169,120,0,120,289
12/11/2003,TMB,FL,ASO,ES,Towers with Radar,0,6,47,0,53,0,1,191,0,192,0,7,238,0,245,192,0,192,437
12/12/2003,TMB,FL,ASO,ES,Towers with Radar,0,8,65,0,73,0,0,199,0,199,0,8,264,0,272,387,0,387,659
12/13/2003,TMB,FL,ASO,ES,Towers with Radar,0,7,65,0,72,0,6,303,0,309,0,13,368,0,381,416,0,416,797
12/14/2003,TMB,FL,ASO,ES,Towers with Radar,0,4,30,0,34,0,1,82,0,83,0,5,112,0,117,113,0,113,230
12/15/2003,TMB,FL,ASO,ES,Towers with Radar,0,3,64,0,67,0,0,162,0,162,0,3,226,0,229,235,0,235,464
12/16/2003,TMB,FL,ASO,ES,Towers with Radar,0,8,76,0,84,0,1,95,0,96,0,9,171,0,180,131,0,131,311
12/17/2003,TMB,FL,ASO,ES,Towers with Radar,0,5,56,0,61,0,0,92,0,92,0,5,148,0,153,184,0,184,337
12/18/2003,TMB,FL,ASO,ES,Towers with Radar,0,5,57,0,62,0,0,187,0,187,0,5,244,0,249,259,0,259,508
12/19/2003,TMB,FL,ASO,ES,Towers with Radar,0,4,67,0,71,0,0,198,0,198,0,4,265,0,269,196,0,196,465
12/20/2003,TMB,FL,ASO,ES,Towers with Radar,0,6,63,0,69,0,1,278,0,279,0,7,341,0,348,187,0,187,535
12/21/2003,TMB,FL,ASO,ES,Towers with Radar,0,3,48,0,51,0,0,199,0,199,0,3,247,0,250,260,0,260,510
12/22/2003,TMB,FL,ASO,ES,Towers with Radar,0,4,61,0,65,0,0,105,0,105,0,4,166,0,170,265,0,265,435
12/23/2003,TMB,FL,ASO,ES,Towers with Radar,0,6,58,0,64,0,4,196,0,200,0,10,254,0,264,366,0,366,630
12/24/2003,TMB,FL,ASO,ES,Towers with Radar,0,3,37,0,40,0,7,145,0,152,0,10,182,0,192,202,0,202,394
12/25/2003,TMB,FL,ASO,ES,Towers with Radar,0,1,14,0,15,0,6,92,0,98,0,7,106,0,113,57,0,57,170
12/26/2003,TMB,FL,ASO,ES,Towers with Radar,0,8,78,0,86,0,8,227,0,235,0,16,305,0,321,198,0,198,519
12/27/2003,TMB,FL,ASO,ES,Towers with Radar,0,5,57,0,62,0,6,208,0,214,0,11,265,0,276,396,0,396,672
12/28/2003,TMB,FL,ASO,ES,Towers with Radar,0,6,59,0,65,0,7,205,2,214,0,13,264,2,279,250,0,250,529
12/29/2003,TMB,FL,ASO,ES,Towers with Radar,0,6,65,0,71,0,2,188,0,190,0,8,253,0,261,247,0,247,508
12/30/2003,TMB,FL,ASO,ES,Towers with Radar,0,6,60,0,66,0,7,187,0,194,0,13,247,0,260,302,0,302,562
12/31/2003,TMB,FL,ASO,ES,Towers with Radar,0,5,48,0,53,0,1,188,0,189,0,6,236,0,242,230,0,230,472
01/01/2004,TMB,FL,ASO,ES,Towers with Radar,0,2,25,0,27,0,0,121,0,121,0,2,146,0,148,91,0,91,239
01/02/2004,TMB,FL,ASO,ES,Towers with Radar,0,8,71,0,79,0,4,176,0,180,0,12,247,0,259,193,0,193,452
01/03/2004,TMB,FL,ASO,ES,Towers with Radar,0,10,101,0,111,0,11,239,0,250,0,21,340,0,361,309,0,309,670
01/04/2004,TMB,FL,ASO,ES,Towers with Radar,0,9,85,0,94,0,7,265,0,272,0,16,350,0,366,214,0,214,580
01/05/2004,TMB,FL,ASO,ES,Towers with Radar,0,7,66,0,73,0,9,138,0,147,0,16,204,0,220,307,0,307,527
01/06/2004,TMB,FL,ASO,ES,Towers with Radar,0,5,46,0,51,0,3,167,0,170,0,8,213,0,221,251,0,251,472
01/07/2004,TMB,FL,ASO,ES,Towers with Radar,0,6,57,0,63,0,0,126,0,126,0,6,183,0,189,146,0,146,335
01/08/2004,TMB,FL,ASO,ES,Towers with Radar,0,3,53,0,56,0,0,178,0,178,0,3,231,0,234,216,0,216,450
01/09/2004,TMB,FL,ASO,ES,Towers with Radar,0,7,61,0,68,0,1,206,0,207,0,8,267,0,275,213,0,213,488
01/10/2004,TMB,FL,ASO,ES,Towers with Radar,0,4,91,0,95,0,0,42,2,44,0,4,133,2,139,51,0,51,190
01/11/2004,TMB,FL,ASO,ES,Towers with Radar,0,5,45,0,50,0,2,217,0,219,0,7,262,0,269,204,0,204,473
01/12/2004,TMB,FL,ASO,ES,Towers with Radar,0,4,35,0,39,0,1,115,0,116,0,5,150,0,155,262,0,262,417
01/13/2004,TMB,FL,ASO,ES,Towers with Radar,0,4,56,0,60,0,0,195,0,195,0,4,251,0,255,254,0,254,509
01/14/2004,TMB,FL,ASO,ES,Towers with Radar,0,5,50,0,55,0,1,207,0,208,0,6,257,0,263,173,0,173,436
01/15/2004,TMB,FL,ASO,ES,Towers with Radar,0,5,52,0,57,0,0,171,0,171,0,5,223,0,228,240,0,240,468
01/16/2004,TMB,FL,ASO,ES,Towers with Radar,0,5,52,0,57,0,4,211,0,215,0,9,263,0,272,279,0,279,551
01/17/2004,TMB,FL,ASO,ES,Towers with Radar,0,4,42,0,46,0,0,266,0,266,0,4,308,0,312,373,0,373,685
01/18/2004,TMB,FL,ASO,ES,Towers with Radar,0,2,40,0,42,0,0,132,0,132,0,2,172,0,174,119,0,119,293
01/19/2004,TMB,FL,ASO,ES,Towers with Radar,0,7,80,0,87,0,7,120,0,127,0,14,200,0,214,342,0,342,556
01/20/2004,TMB,FL,ASO,ES,Towers with Radar,0,5,53,0,58,0,3,165,0,168,0,8,218,0,226,175,0,175,401
01/21/2004,TMB,FL,ASO,ES,Towers with Radar,0,4,46,0,50,0,5,147,0,152,0,9,193,0,202,201,0,201,403
01/22/2004,TMB,FL,ASO,ES,Towers with Radar,0,4,75,0,79,0,0,203,0,203,0,4,278,0,282,256,0,256,538
01/23/2004,TMB,FL,ASO,ES,Towers with Radar,0,5,62,0,67,0,3,198,0,201,0,8,260,0,268,183,0,183,451
01/24/2004,TMB,FL,ASO,ES,Towers with Radar,0,3,31,0,34,0,1,315,0,316,0,4,346,0,350,297,0,297,647
01/25/2004,TMB,FL,ASO,ES,Towers with Radar,0,5,59,0,64,0,2,233,0,235,0,7,292,0,299,243,0,243,542
01/26/2004,TMB,FL,ASO,ES,Towers with Radar,0,4,51,0,55,0,4,169,0,173,0,8,220,0,228,100,0,100,328
01/27/2004,TMB,FL,ASO,ES,Towers with Radar,0,4,48,0,52,0,0,80,0,80,0,4,128,0,132,149,0,149,281
01/28/2004,TMB,FL,ASO,ES,Towers with Radar,0,1,58,0,59,0,0,206,0,206,0,1,264,0,265,161,0,161,426
01/29/2004,TMB,FL,ASO,ES,Towers with Radar,0,6,66,0,72,0,4,250,0,254,0,10,316,0,326,295,0,295,621
01/30/2004,TMB,FL,ASO,ES,Towers with Radar,0,7,73,0,80,0,3,142,0,145,0,10,215,0,225,329,0,329,554
01/31/2004,TMB,FL,ASO,ES,Towers with Radar,0,5,52,0,57,0,5,36,0,41,0,10,88,0,98,103,0,103,201
02/01/2004,TMB,FL,ASO,ES,Towers with Radar,0,6,46,0,52,0,2,126,0,128,0,8,172,0,180,127,0,127,307
02/02/2004,TMB,FL,ASO,ES,Towers with Radar,0,6,50,0,56,0,0,163,0,163,0,6,213,0,219,212,0,212,431
02/03/2004,TMB,FL,ASO,ES,Towers with Radar,0,6,49,0,55,0,1,250,0,251,0,7,299,0,306,221,0,221,527
02/04/2004,TMB,FL,ASO,ES,Towers with Radar,0,5,51,0,56,0,0,236,0,236,0,5,287,0,292,260,0,260,552
02/05/2004,TMB,FL,ASO,ES,Towers with Radar,0,7,60,0,67,0,2,159,0,161,0,9,219,0,228,189,0,189,417
02/06/2004,TMB,FL,ASO,ES,Towers with Radar,0,7,58,0,65,0,5,217,0,222,0,12,275,0,287,172,0,172,459
02/07/2004,TMB,FL,ASO,ES,Towers with Radar,0,4,65,0,69,0,0,179,0,179,0,4,244,0,248,460,0,460,708
02/08/2004,TMB,FL,ASO,ES,Towers with Radar,0,9,68,0,77,0,1,203,0,204,0,10,271,0,281,204,0,204,485
02/09/2004,TMB,FL,ASO,ES,Towers with Radar,0,7,54,0,61,0,0,202,0,202,0,7,256,0,263,350,0,350,613
02/10/2004,TMB,FL,ASO,ES,Towers with Radar,0,6,48,0,54,0,2,195,0,197,0,8,243,0,251,370,0,370,621
02/11/2004,TMB,FL,ASO,ES,Towers with Radar,0,6,58,1,65,0,6,202,0,208,0,12,260,1,273,334,0,334,607
02/12/2004,TMB,FL,ASO,ES,Towers with Radar,0,9,79,1,89,0,15,236,2,253,0,24,315,3,342,313,0,313,655
02/13/2004,TMB,FL,ASO,ES,Towers with Radar,0,9,84,1,94,0,2,183,1,186,0,11,267,2,280,326,0,326,606
02/14/2004,TMB,FL,ASO,ES,Towers with Radar,0,4,38,0,42,0,3,235,0,238,0,7,273,0,280,223,0,223,503
02/15/2004,TMB,FL,ASO,ES,Towers with Radar,0,7,63,1,71,0,4,69,2,75,0,11,132,3,146,117,0,117,263
02/16/2004,TMB,FL,ASO,ES,Towers with Radar,0,12,112,1,125,0,10,221,1,232,0,22,333,2,357,186,0,186,543
02/17/2004,TMB,FL,ASO,ES,Towers with Radar,0,3,52,0,55,0,0,161,1,162,0,3,213,1,217,346,0,346,563
02/18/2004,TMB,FL,ASO,ES,Towers with Radar,0,3,65,0,68,0,0,172,0,172,0,3,237,0,240,173,0,173,413
02/19/2004,TMB,FL,ASO,ES,Towers with Radar,0,6,61,0,67,0,2,194,0,196,0,8,255,0,263,235,0,235,498
02/20/2004,TMB,FL,ASO,ES,Towers with Radar,0,11,96,0,107,0,2,159,0,161,0,13,255,0,268,318,0,318,586
02/21/2004,TMB,FL,ASO,ES,Towers with Radar,0,4,72,0,76,0,0,337,0,337,0,4,409,0,413,409,0,409,822
02/22/2004,TMB,FL,ASO,ES,Towers with Radar,0,6,72,0,78,0,0,248,0,248,0,6,320,0,326,231,0,231,557
02/23/2004,TMB,FL,ASO,ES,Towers with Radar,0,7,68,0,75,0,5,194,0,199,0,12,262,0,274,285,0,285,559
02/24/2004,TMB,FL,ASO,ES,Towers with Radar,0,9,79,0,88,0,4,183,0,187,0,13,262,0,275,236,0,236,511
02/25/2004,TMB,FL,ASO,ES,Towers with Radar,0,7,66,0,73,0,5,84,0,89,0,12,150,0,162,143,0,143,305
02/26/2004,TMB,FL,ASO,ES,Towers with Radar,0,10,88,0,98,0,0,181,0,181,0,10,269,0,279,305,0,305,584
02/27/2004,TMB,FL,ASO,ES,Towers with Radar,0,5,54,0,59,0,0,216,0,216,0,5,270,0,275,226,0,226,501
02/28/2004,TMB,FL,ASO,ES,Towers with Radar,0,5,90,0,95,0,0,235,0,235,0,5,325,0,330,321,0,321,651
02/29/2004,TMB,FL,ASO,ES,Towers with Radar,0,10,95,0,105,0,6,206,1,213,0,16,301,1,318,344,0,344,662
03/01/2004,TMB,FL,ASO,ES,Towers with Radar,0,5,46,0,51,0,6,150,0,156,0,11,196,0,207,324,0,324,531
03/02/2004,TMB,FL,ASO,ES,Towers with Radar,0,3,70,0,73,0,0,196,0,196,0,3,266,0,269,256,0,256,525
03/03/2004,TMB,FL,ASO,ES,Towers with Radar,0,7,73,0,80,0,5,225,0,230,0,12,298,0,310,272,0,272,582
03/04/2004,TMB,FL,ASO,ES,Towers with Radar,0,8,80,0,88,0,0,203,0,203,0,8,283,0,291,114,0,114,405
03/05/2004,TMB,FL,ASO,ES,Towers with Radar,0,6,62,0,68,0,7,196,0,203,0,13,258,0,271,158,0,158,429
03/06/2004,TMB,FL,ASO,ES,Towers with Radar,0,3,61,0,64,0,0,292,0,292,0,3,353,0,356,399,0,399,755
03/07/2004,TMB,FL,ASO,ES,Towers with Radar,0,5,46,0,51,0,0,205,0,205,0,5,251,0,256,349,0,349,605
03/08/2004,TMB,FL,ASO,ES,Towers with Radar,0,4,44,0,48,0,4,181,0,185,0,8,225,0,233,125,0,125,358
03/09/2004,TMB,FL,ASO,ES,Towers with Radar,0,7,69,0,76,0,3,209,0,212,0,10,278,0,288,357,0,357,645
03/10/2004,TMB,FL,ASO,ES,Towers with Radar,0,4,72,0,76,0,0,211,0,211,0,4,283,0,287,280,2,282,569
03/11/2004,TMB,FL,ASO,ES,Towers with Radar,0,7,74,0,81,0,6,195,0,201,0,13,269,0,282,369,0,369,651
03/12/2004,TMB,FL,ASO,ES,Towers with Radar,0,7,67,0,74,0,5,222,0,227,0,12,289,0,301,282,0,282,583
03/13/2004,TMB,FL,ASO,ES,Towers with Radar,0,8,79,0,87,0,11,267,0,278,0,19,346,0,365,247,0,247,612
03/14/2004,TMB,FL,ASO,ES,Towers with Radar,0,4,62,1,67,0,0,138,0,138,0,4,200,1,205,234,0,234,439
03/15/2004,TMB,FL,ASO,ES,Towers with Radar,0,5,65,0,70,0,2,107,0,109,0,7,172,0,179,267,0,267,446
03/16/2004,TMB,FL,ASO,ES,Towers with Radar,0,6,71,0,77,0,0,110,0,110,0,6,181,0,187,168,0,168,355
03/17/2004,TMB,FL,ASO,ES,Towers with Radar,0,6,72,0,78,0,3,169,0,172,0,9,241,0,250,327,0,327,577
03/18/2004,TMB,FL,ASO,ES,Towers with Radar,0,7,87,0,94,0,0,251,0,251,0,7,338,0,345,354,0,354,699
03/19/2004,TMB,FL,ASO,ES,Towers with Radar,0,6,72,0,78,0,10,231,0,241,0,16,303,0,319,405,0,405,724
03/20/2004,TMB,FL,ASO,ES,Towers with Radar,0,6,69,0,75,0,1,233,0,234,0,7,302,0,309,333,0,333,642
03/21/2004,TMB,FL,ASO,ES,Towers with Radar,0,4,56,0,60,0,14,240,0,254,0,18,296,0,314,447,0,447,761
03/22/2004,TMB,FL,ASO,ES,Towers with Radar,0,2,50,0,52,0,0,194,0,194,0,2,244,0,246,245,0,245,491
03/23/2004,TMB,FL,ASO,ES,Towers with Radar,0,4,57,0,61,0,5,182,0,187,0,9,239,0,248,240,0,240,488
03/24/2004,TMB,FL,ASO,ES,Towers with Radar,0,4,54,0,58,0,7,190,0,197,0,11,244,0,255,266,0,266,521
03/25/2004,TMB,FL,ASO,ES,Towers with Radar,0,6,76,0,82,0,0,114,0,114,0,6,190,0,196,100,0,100,296
03/26/2004,TMB,FL,ASO,ES,Towers with Radar,0,7,85,0,92,0,8,185,1,194,0,15,270,1,286,168,1,169,455
03/27/2004,TMB,FL,ASO,ES,Towers with Radar,0,6,78,0,84,0,4,258,0,262,0,10,336,0,346,333,0,333,679
03/28/2004,TMB,FL,ASO,ES,Towers with Radar,0,5,65,0,70,0,6,305,0,311,0,11,370,0,381,275,0,275,656
03/29/2004,TMB,FL,ASO,ES,Towers with Radar,0,4,49,0,53,0,0,200,0,200,0,4,249,0,253,380,0,380,633
03/30/2004,TMB,FL,ASO,ES,Towers with Radar,0,7,81,0,88,0,2,241,0,243,0,9,322,0,331,410,0,410,741
03/31/2004,TMB,FL,ASO,ES,Towers with Radar,0,3,73,0,76,0,0,202,0,202,0,3,275,0,278,415,0,415,693
04/01/2004,TMB,FL,ASO,ES,Towers with Radar,0,7,55,0,62,0,1,227,0,228,0,8,282,0,290,275,0,275,565
04/02/2004,TMB,FL,ASO,ES,Towers with Radar,0,7,54,0,61,0,5,273,0,278,0,12,327,0,339,234,0,234,573
04/03/2004,TMB,FL,ASO,ES,Towers with Radar,0,6,51,0,57,0,4,370,0,374,0,10,421,0,431,398,0,398,829
04/04/2004,TMB,FL,ASO,ES,Towers with Radar,0,6,50,0,56,0,4,253,0,257,0,10,303,0,313,331,0,331,644
04/05/2004,TMB,FL,ASO,ES,Towers with Radar,0,7,53,0,60,0,7,215,0,222,0,14,268,0,282,348,0,348,630
04/06/2004,TMB,FL,ASO,ES,Towers with Radar,0,6,60,0,66,0,0,214,0,214,0,6,274,0,280,299,0,299,579
04/07/2004,TMB,FL,ASO,ES,Towers with Radar,0,8,69,0,77,0,8,202,0,210,0,16,271,0,287,240,0,240,527
04/08/2004,TMB,FL,ASO,ES,Towers with Radar,0,5,62,0,67,0,0,241,0,241,0,5,303,0,308,210,0,210,518
04/09/2004,TMB,FL,ASO,ES,Towers with Radar,0,5,78,0,83,0,0,222,0,222,0,5,300,0,305,280,0,280,585
04/10/2004,TMB,FL,ASO,ES,Towers with Radar,0,11,94,0,105,0,5,278,0,283,0,16,372,0,388,385,0,385,773
04/11/2004,TMB,FL,ASO,ES,Towers with Radar,0,7,55,0,62,0,3,178,0,181,0,10,233,0,243,240,0,240,483
04/12/2004,TMB,FL,ASO,ES,Towers with Radar,0,7,65,0,72,0,4,71,0,75,0,11,136,0,147,217,0,217,364
04/13/2004,TMB,FL,ASO,ES,Towers with Radar,0,4,38,0,42,0,8,80,0,88,0,12,118,0,130,115,0,115,245
04/14/2004,TMB,FL,ASO,ES,Towers with Radar,0,4,77,0,81,0,0,228,0,228,0,4,305,0,309,207,0,207,516
04/15/2004,TMB,FL,ASO,ES,Towers with Radar,0,7,65,0,72,0,2,233,0,235,0,9,298,0,307,347,0,347,654
04/16/2004,TMB,FL,ASO,ES,Towers with Radar,0,9,81,0,90,0,2,273,0,275,0,11,354,0,365,253,0,253,618
04/17/2004,TMB,FL,ASO,ES,Towers with Radar,0,5,50,0,55,0,7,273,0,280,0,12,323,0,335,369,0,369,704
04/18/2004,TMB,FL,ASO,ES,Towers with Radar,0,6,63,0,69,0,3,215,0,218,0,9,278,0,287,260,0,260,547
04/19/2004,TMB,FL,ASO,ES,Towers with Radar,0,0,57,0,57,0,0,203,0,203,0,0,260,0,260,344,0,344,604
04/20/2004,TMB,FL,ASO,ES,Towers with Radar,0,3,36,0,39,0,1,190,0,191,0,4,226,0,230,289,0,289,519
04/21/2004,TMB,FL,ASO,ES,Towers with Radar,0,6,57,0,63,0,2,229,0,231,0,8,286,0,294,496,0,496,790
04/22/2004,TMB,FL,ASO,ES,Towers with Radar,0,8,75,0,83,0,6,180,0,186,0,14,255,0,269,393,0,393,662
04/23/2004,TMB,FL,ASO,ES,Towers with Radar,0,8,74,0,82,0,6,137,0,143,0,14,211,0,225,191,0,191,416
04/24/2004,TMB,FL,ASO,ES,Towers with Radar,0,4,36,0,40,0,6,281,1,288,0,10,317,1,328,334,0,334,662
04/25/2004,TMB,FL,ASO,ES,Towers with Radar,0,7,68,0,75,0,5,230,0,235,0,12,298,0,310,249,0,249,559
04/26/2004,TMB,FL,ASO,ES,Towers with Radar,0,4,43,0,47,0,13,172,0,185,0,17,215,0,232,198,0,198,430
04/27/2004,TMB,FL,ASO,ES,Towers with Radar,0,5,49,0,54,0,0,158,4,162,0,5,207,4,216,244,0,244,460
04/28/2004,TMB,FL,ASO,ES,Towers with Radar,0,4,41,0,45,0,9,62,0,71,0,13,103,0,116,39,0,39,155
04/29/2004,TMB,FL,ASO,ES,Towers with Radar,0,6,63,0,69,0,0,178,3,181,0,6,241,3,250,281,0,281,531
04/30/2004,TMB,FL,ASO,ES,Towers with Radar,0,4,44,0,48,0,1,229,1,231,0,5,273,1,279,271,0,271,550
05/01/2004,TMB,FL,ASO,ES,Towers with Radar,0,3,46,0,49,0,0,207,0,207,0,3,253,0,256,226,0,226,482
05/02/2004,TMB,FL,ASO,ES,Towers with Radar,0,5,51,0,56,0,3,123,0,126,0,8,174,0,182,244,0,244,426
05/03/2004,TMB,FL,ASO,ES,Towers with Radar,0,4,45,0,49,0,13,111,0,124,0,17,156,0,173,117,0,117,290
05/04/2004,TMB,FL,ASO,ES,Towers with Radar,0,4,43,0,47,0,10,151,0,161,0,14,194,0,208,195,0,195,403
05/05/2004,TMB,FL,ASO,ES,Towers with Radar,0,4,38,0,42,0,6,217,0,223,0,10,255,0,265,485,0,485,750
05/06/2004,TMB,FL,ASO,ES,Towers with Radar,0,5,55,0,60,0,5,247,0,252,0,10,302,0,312,357,0,357,669
05/07/2004,TMB,FL,ASO,ES,Towers with Radar,0,5,47,0,52,0,5,238,0,243,0,10,285,0,295,276,0,276,571
05/08/2004,TMB,FL,ASO,ES,Towers with Radar,0,5,56,0,61,0,2,282,0,284,0,7,338,0,345,377,0,377,722
05/09/2004,TMB,FL,ASO,ES,Towers with Radar,0,3,28,0,31,0,2,149,0,151,0,5,177,0,182,293,0,293,475
05/10/2004,TMB,FL,ASO,ES,Towers with Radar,0,4,45,0,49,0,6,138,0,144,0,10,183,0,193,263,0,263,456
05/11/2004,TMB,FL,ASO,ES,Towers with Radar,0,4,35,0,39,0,3,173,0,176,0,7,208,0,215,350,0,350,565
05/12/2004,TMB,FL,ASO,ES,Towers with Radar,0,6,71,1,78,0,4,170,3,177,0,10,241,4,255,322,0,322,577
05/13/2004,TMB,FL,ASO,ES,Towers with Radar,0,5,64,0,69,0,2,206,0,208,0,7,270,0,277,236,0,236,513
05/14/2004,TMB,FL,ASO,ES,Towers with Radar,0,0,60,0,60,0,0,173,0,173,0,0,233,0,233,201,0,201,434
05/15/2004,TMB,FL,ASO,ES,Towers with Radar,0,3,46,0,49,0,2,238,0,240,0,5,284,0,289,387,0,387,676
05/16/2004,TMB,FL,ASO,ES,Towers with Radar,0,4,51,0,55,0,1,175,0,176,0,5,226,0,231,157,0,157,388
05/17/2004,TMB,FL,ASO,ES,Towers with Radar,0,3,37,0,40,0,4,143,0,147,0,7,180,0,187,198,0,198,385
05/18/2004,TMB,FL,ASO,ES,Towers with Radar,0,3,43,0,46,0,2,213,0,215,0,5,256,0,261,260,0,260,521
05/19/2004,TMB,FL,ASO,ES,Towers with Radar,0,4,56,0,60,0,1,192,0,193,0,5,248,0,253,302,0,302,555
05/20/2004,TMB,FL,ASO,ES,Towers with Radar,0,4,48,0,52,0,3,201,0,204,0,7,249,0,256,322,0,322,578
05/21/2004,TMB,FL,ASO,ES,Towers with Radar,0,3,58,0,61,0,0,195,0,195,0,3,253,0,256,204,0,204,460
05/22/2004,TMB,FL,ASO,ES,Towers with Radar,0,3,45,0,48,0,8,247,0,255,0,11,292,0,303,323,0,323,626
05/23/2004,TMB,FL,ASO,ES,Towers with Radar,0,4,47,0,51,0,7,229,0,236,0,11,276,0,287,229,0,229,516
05/24/2004,TMB,FL,ASO,ES,Towers with Radar,0,2,27,0,29,0,7,175,1,183,0,9,202,1,212,242,0,242,454
05/25/2004,TMB,FL,ASO,ES,Towers with Radar,0,5,61,0,66,0,11,193,0,204,0,16,254,0,270,266,0,266,536
05/26/2004,TMB,FL,ASO,ES,Towers with Radar,0,3,47,0,50,0,2,195,0,197,0,5,242,0,247,415,0,415,662
05/27/2004,TMB,FL,ASO,ES,Towers with Radar,0,4,54,0,58,0,4,251,0,255,0,8,305,0,313,262,0,262,575
05/28/2004,TMB,FL,ASO,ES,Towers with Radar,0,2,57,0,59,0,0,272,0,272,0,2,329,0,331,248,0,248,579
05/29/2004,TMB,FL,ASO,ES,Towers with Radar,0,4,70,0,74,0,0,379,0,379,0,4,449,0,453,339,0,339,792
05/30/2004,TMB,FL,ASO,ES,Towers with Radar,0,3,40,0,43,0,1,222,0,223,0,4,262,0,266,314,0,314,580
05/31/2004,TMB,FL,ASO,ES,Towers with Radar,0,4,54,0,58,0,1,213,0,214,0,5,267,0,272,202,0,202,474
06/01/2004,TMB,FL,ASO,ES,Towers with Radar,0,3,43,0,46,0,3,178,0,181,0,6,221,0,227,302,0,302,529
06/02/2004,TMB,FL,ASO,ES,Towers with Radar,0,3,56,0,59,0,5,199,0,204,0,8,255,0,263,277,0,277,540
06/03/2004,TMB,FL,ASO,ES,Towers with Radar,0,3,62,0,65,0,0,185,0,185,0,3,247,0,250,303,0,303,553
06/04/2004,TMB,FL,ASO,ES,Towers with Radar,0,2,33,0,35,0,2,182,0,184,0,4,215,0,219,182,0,182,401
06/05/2004,TMB,FL,ASO,ES,Towers with Radar,0,3,39,0,42,0,6,255,0,261,0,9,294,0,303,411,0,411,714
06/06/2004,TMB,FL,ASO,ES,Towers with Radar,0,3,42,0,45,0,4,196,0,200,0,7,238,0,245,290,0,290,535
06/07/2004,TMB,FL,ASO,ES,Towers with Radar,0,2,30,0,32,0,3,112,0,115,0,5,142,0,147,139,0,139,286
06/08/2004,TMB,FL,ASO,ES,Towers with Radar,0,3,44,0,47,0,1,137,0,138,0,4,181,0,185,217,0,217,402
06/09/2004,TMB,FL,ASO,ES,Towers with Radar,0,3,41,0,44,0,2,135,0,137,0,5,176,0,181,238,0,238,419
06/10/2004,TMB,FL,ASO,ES,Towers with Radar,0,3,53,0,56,0,2,127,0,129,0,5,180,0,185,145,0,145,330
06/11/2004,TMB,FL,ASO,ES,Towers with Radar,0,3,47,0,50,0,2,251,0,253,0,5,298,0,303,244,0,244,547
06/12/2004,TMB,FL,ASO,ES,Towers with Radar,0,1,33,0,34,0,0,230,0,230,0,1,263,0,264,344,0,344,608
06/13/2004,TMB,FL,ASO,ES,Towers with Radar,0,2,57,0,59,0,5,237,0,242,0,7,294,0,301,394,0,394,695
06/14/2004,TMB,FL,ASO,ES,Towers with Radar,0,3,71,0,74,0,6,147,0,153,0,9,218,0,227,200,0,200,427
06/15/2004,TMB,FL,ASO,ES,Towers with Radar,0,2,52,0,54,0,4,178,0,182,0,6,230,0,236,381,0,381,617
06/16/2004,TMB,FL,ASO,ES,Towers with Radar,0,2,49,0,51,0,1,229,0,230,0,3,278,0,281,262,0,262,543
06/17/2004,TMB,FL,ASO,ES,Towers with Radar,0,0,49,0,49,0,0,177,0,177,0,0,226,0,226,174,0,174,400
06/18/2004,TMB,FL,ASO,ES,Towers with Radar,0,3,74,0,77,0,3,217,0,220,0,6,291,0,297,240,0,240,537
06/19/2004,TMB,FL,ASO,ES,Towers with Radar,0,2,58,0,60,0,2,212,0,214,0,4,270,0,274,316,0,316,590
06/20/2004,TMB,FL,ASO,ES,Towers with Radar,0,2,49,0,51,0,3,183,0,186,0,5,232,0,237,186,0,186,423
06/21/2004,TMB,FL,ASO,ES,Towers with Radar,0,1,46,0,47,0,0,134,0,134,0,1,180,0,181,143,0,143,324
06/22/2004,TMB,FL,ASO,ES,Towers with Radar,0,2,49,0,51,0,3,159,0,162,0,5,208,0,213,321,0,321,534
06/23/2004,TMB,FL,ASO,ES,Towers with Radar,0,3,65,0,68,0,0,185,0,185,0,3,250,0,253,300,0,300,553
06/24/2004,TMB,FL,ASO,ES,Towers with Radar,0,2,53,0,55,0,4,187,0,191,0,6,240,0,246,266,0,266,512
06/25/2004,TMB,FL,ASO,ES,Towers with Radar,0,3,65,0,68,0,3,197,0,200,0,6,262,0,268,279,0,279,547
06/26/2004,TMB,FL,ASO,ES,Towers with Radar,0,4,84,0,88,0,5,299,0,304,0,9,383,0,392,332,0,332,724
06/27/2004,TMB,FL,ASO,ES,Towers with Radar,0,2,43,0,45,0,4,238,0,242,0,6,281,0,287,329,0,329,616
06/28/2004,TMB,FL,ASO,ES,Towers with Radar,0,2,40,0,42,0,5,148,0,153,0,7,188,0,195,210,0,210,405
06/29/2004,TMB,FL,ASO,ES,Towers with Radar,0,2,50,0,52,0,4,148,0,152,0,6,198,0,204,324,0,324,528
06/30/2004,TMB,FL,ASO,ES,Towers with Radar,0,2,46,0,48,0,7,169,0,176,0,9,215,0,224,299,0,299,523
07/01/2004,TMB,FL,ASO,ES,Towers with Radar,0,6,57,0,63,0,2,168,0,170,0,8,225,0,233,337,0,337,570
07/02/2004,TMB,FL,ASO,ES,Towers with Radar,0,4,45,0,49,0,0,205,0,205,0,4,250,0,254,224,0,224,478
07/03/2004,TMB,FL,ASO,ES,Towers with Radar,0,2,24,0,26,0,0,213,0,213,0,2,237,0,239,215,0,215,454
07/04/2004,TMB,FL,ASO,ES,Towers with Radar,0,2,16,0,18,0,0,96,0,96,0,2,112,0,114,153,0,153,267
07/05/2004,TMB,FL,ASO,ES,Towers with Radar,0,2,31,0,33,0,0,178,0,178,0,2,209,0,211,259,0,259,470
07/06/2004,TMB,FL,ASO,ES,Towers with Radar,0,5,50,0,55,0,3,150,0,153,0,8,200,0,208,231,0,231,439
07/07/2004,TMB,FL,ASO,ES,Towers with Radar,0,4,43,0,47,0,5,155,0,160,0,9,198,0,207,275,0,275,482
07/08/2004,TMB,FL,ASO,ES,Towers with Radar,0,4,41,0,45,0,1,191,0,192,0,5,232,0,237,264,0,264,501
07/09/2004,TMB,FL,ASO,ES,Towers with Radar,0,3,65,0,68,0,0,240,0,240,0,3,305,0,308,249,0,249,557
07/10/2004,TMB,FL,ASO,ES,Towers with Radar,0,3,30,0,33,0,2,324,0,326,0,5,354,0,359,356,0,356,715
07/11/2004,TMB,FL,ASO,ES,Towers with Radar,0,5,66,0,71,0,0,183,0,183,0,5,249,0,254,225,0,225,479
07/12/2004,TMB,FL,ASO,ES,Towers with Radar,0,5,60,0,65,0,2,126,0,128,0,7,186,0,193,273,0,273,466
07/13/2004,TMB,FL,ASO,ES,Towers with Radar,0,1,44,0,45,0,0,161,0,161,0,1,205,0,206,245,0,245,451
07/14/2004,TMB,FL,ASO,ES,Towers with Radar,0,6,70,0,76,0,2,187,0,189,0,8,257,0,265,322,0,322,587
07/15/2004,TMB,FL,ASO,ES,Towers with Radar,0,1,50,0,51,0,0,185,0,185,0,1,235,0,236,402,0,402,638
07/16/2004,TMB,FL,ASO,ES,Towers with Radar,0,4,46,0,50,0,4,158,0,162,0,8,204,0,212,259,0,259,471
07/17/2004,TMB,FL,ASO,ES,Towers with Radar,0,5,62,0,67,0,10,240,0,250,0,15,302,0,317,380,0,380,697
07/18/2004,TMB,FL,ASO,ES,Towers with Radar,0,4,52,0,56,0,8,214,0,222,0,12,266,0,278,183,0,183,461
07/19/2004,TMB,FL,ASO,ES,Towers with Radar,0,4,50,0,54,0,3,134,0,137,0,7,184,0,191,283,0,283,474
07/20/2004,TMB,FL,ASO,ES,Towers with Radar,0,2,26,0,28,0,10,119,0,129,0,12,145,0,157,261,0,261,418
07/21/2004,TMB,FL,ASO,ES,Towers with Radar,0,4,45,0,49,0,1,155,0,156,0,5,200,0,205,210,0,210,415
07/22/2004,TMB,FL,ASO,ES,Towers with Radar,0,5,59,0,64,0,3,208,0,211,0,8,267,0,275,377,0,377,652
07/23/2004,TMB,FL,ASO,ES,Towers with Radar,0,5,56,0,61,0,0,218,0,218,0,5,274,0,279,330,0,330,609
07/24/2004,TMB,FL,ASO,ES,Towers with Radar,0,2,28,0,30,0,2,317,0,319,0,4,345,0,349,423,0,423,772
07/25/2004,TMB,FL,ASO,ES,Towers with Radar,0,3,43,0,46,0,2,168,0,170,0,5,211,0,216,303,0,303,519
07/26/2004,TMB,FL,ASO,ES,Towers with Radar,0,4,47,0,51,0,5,150,0,155,0,9,197,0,206,162,0,162,368
07/27/2004,TMB,FL,ASO,ES,Towers with Radar,0,2,34,0,36,0,0,147,0,147,0,2,181,0,183,190,0,190,373
07/28/2004,TMB,FL,ASO,ES,Towers with Radar,0,4,53,0,57,0,0,113,0,113,0,4,166,0,170,180,0,180,350
07/29/2004,TMB,FL,ASO,ES,Towers with Radar,0,0,34,0,34,0,0,157,1,158,0,0,191,1,192,194,0,194,386
07/30/2004,TMB,FL,ASO,ES,Towers with Radar,0,1,50,0,51,0,0,193,0,193,0,1,243,0,244,331,0,331,575
07/31/2004,TMB,FL,ASO,ES,Towers with Radar,0,5,56,0,61,0,3,285,2,290,0,8,341,2,351,250,0,250,601
08/01/2004,TMB,FL,ASO,ES,Towers with Radar,0,2,38,0,40,0,0,175,1,176,0,2,213,1,216,206,0,206,422
08/02/2004,TMB,FL,ASO,ES,Towers with Radar,0,2,36,0,38,0,3,113,1,117,0,5,149,1,155,165,0,165,320
08/03/2004,TMB,FL,ASO,ES,Towers with Radar,0,1,38,0,39,0,0,64,0,64,0,1,102,0,103,75,0,75,178
08/04/2004,TMB,FL,ASO,ES,Towers with Radar,0,2,33,0,35,0,1,185,1,187,0,3,218,1,222,268,0,268,490
08/05/2004,TMB,FL,ASO,ES,Towers with Radar,0,3,45,0,48,0,1,111,0,112,0,4,156,0,160,125,0,125,285
08/06/2004,TMB,FL,ASO,ES,Towers with Radar,0,4,60,0,64,0,2,152,2,156,0,6,212,2,220,272,0,272,492
08/07/2004,TMB,FL,ASO,ES,Towers with Radar,0,3,42,0,45,0,7,167,0,174,0,10,209,0,219,291,0,291,510
08/08/2004,TMB,FL,ASO,ES,Towers with Radar,0,3,40,0,43,0,0,175,0,175,0,3,215,0,218,200,0,200,418
08/09/2004,TMB,FL,ASO,ES,Towers with Radar,0,3,54,0,57,0,1,147,0,148,0,4,201,0,205,240,0,240,445
08/10/2004,TMB,FL,ASO,ES,Towers with Radar,0,3,46,0,49,0,2,169,0,171,0,5,215,0,220,179,0,179,399
08/11/2004,TMB,FL,ASO,ES,Towers with Radar,0,3,46,0,49,0,5,187,0,192,0,8,233,0,241,248,0,248,489
08/12/2004,TMB,FL,ASO,ES,Towers with Radar,0,1,38,0,39,0,4,159,0,163,0,5,197,0,202,120,0,120,322
08/13/2004,TMB,FL,ASO,ES,Towers with Radar,0,0,6,0,6,0,3,30,0,33,0,3,36,0,39,41,0,41,80
08/14/2004,TMB,FL,ASO,ES,Towers with Radar,0,2,43,0,45,0,5,213,0,218,0,7,256,0,263,268,0,268,531
08/15/2004,TMB,FL,ASO,ES,Towers with Radar,0,1,33,0,34,0,2,168,0,170,0,3,201,0,204,291,0,291,495
08/16/2004,TMB,FL,ASO,ES,Towers with Radar,0,2,50,0,52,0,5,168,0,173,0,7,218,0,225,250,0,250,475
08/17/2004,TMB,FL,ASO,ES,Towers with Radar,0,2,59,0,61,0,0,105,0,105,0,2,164,0,166,288,0,288,454
08/18/2004,TMB,FL,ASO,ES,Towers with Radar,0,2,40,0,42,0,0,164,0,164,0,2,204,0,206,274,0,274,480
08/19/2004,TMB,FL,ASO,ES,Towers with Radar,0,2,43,0,45,0,2,132,0,134,0,4,175,0,179,240,0,240,419
08/20/2004,TMB,FL,ASO,ES,Towers with Radar,0,1,37,0,38,0,3,150,2,155,0,4,187,2,193,183,0,183,376
08/21/2004,TMB,FL,ASO,ES,Towers with Radar,0,2,52,0,54,0,2,302,0,304,0,4,354,0,358,410,0,410,768
08/22/2004,TMB,FL,ASO,ES,Towers with Radar,0,2,40,0,42,0,2,166,0,168,0,4,206,0,210,180,0,180,390
08/23/2004,TMB,FL,ASO,ES,Towers with Radar,0,2,41,0,43,0,4,139,0,143,0,6,180,0,186,206,0,206,392
08/24/2004,TMB,FL,ASO,ES,Towers with Radar,0,1,37,0,38,0,5,126,0,131,0,6,163,0,169,181,0,181,350
08/25/2004,TMB,FL,ASO,ES,Towers with Radar,0,2,43,0,45,0,2,112,0,114,0,4,155,0,159,166,0,166,325
08/26/2004,TMB,FL,ASO,ES,Towers with Radar,0,3,74,0,77,0,6,163,0,169,0,9,237,0,246,244,0,244,490
08/27/2004,TMB,FL,ASO,ES,Towers with Radar,0,2,48,0,50,0,7,119,0,126,0,9,167,0,176,147,0,147,323
08/28/2004,TMB,FL,ASO,ES,Towers with Radar,0,1,58,0,59,0,0,260,0,260,0,1,318,0,319,398,0,398,717
08/29/2004,TMB,FL,ASO,ES,Towers with Radar,0,2,51,0,53,0,6,203,0,209,0,8,254,0,262,266,0,266,528
08/30/2004,TMB,FL,ASO,ES,Towers with Radar,0,2,50,0,52,0,4,163,0,167,0,6,213,0,219,261,0,261,480
08/31/2004,TMB,FL,ASO,ES,Towers with Radar,0,2,40,0,42,0,3,132,0,135,0,5,172,0,177,220,0,220,397
09/01/2004,TMB,FL,ASO,ES,Towers with Radar,0,4,39,0,43,0,2,157,0,159,0,6,196,0,202,153,0,153,355
09/02/2004,TMB,FL,ASO,ES,Towers with Radar,0,3,27,0,30,0,4,151,0,155,0,7,178,0,185,77,0,77,262
09/03/2004,TMB,FL,ASO,ES,Towers with Radar,0,1,3,0,4,0,2,35,0,37,0,3,38,0,41,0,0,0,41
09/04/2004,TMB,FL,ASO,ES,Towers with Radar,0,0,0,0,0,0,0,0,0,0,0,0,0,0,0,0,0,0,0
09/05/2004,TMB,FL,ASO,ES,Towers with Radar,0,0,0,0,0,0,1,4,0,5,0,1,4,0,5,0,0,0,5
09/06/2004,TMB,FL,ASO,ES,Towers with Radar,0,2,12,0,14,0,2,104,0,106,0,4,116,0,120,30,0,30,150
09/07/2004,TMB,FL,ASO,ES,Towers with Radar,0,3,28,0,31,0,0,91,0,91,0,3,119,0,122,56,0,56,178
09/08/2004,TMB,FL,ASO,ES,Towers with Radar,0,4,39,0,43,0,2,110,0,112,0,6,149,0,155,150,0,150,305
09/09/2004,TMB,FL,ASO,ES,Towers with Radar,0,4,34,0,38,0,2,190,0,192,0,6,224,0,230,141,0,141,371
09/10/2004,TMB,FL,ASO,ES,Towers with Radar,0,3,34,0,37,0,12,179,0,191,0,15,213,0,228,111,0,111,339
09/11/2004,TMB,FL,ASO,ES,Towers with Radar,0,4,44,0,48,0,1,184,0,185,0,5,228,0,233,284,0,284,517
09/12/2004,TMB,FL,ASO,ES,Towers with Radar,0,2,16,0,18,0,4,116,0,120,0,6,132,0,138,84,0,84,222
09/13/2004,TMB,FL,ASO,ES,Towers with Radar,0,1,11,0,12,0,8,60,0,68,0,9,71,0,80,48,0,48,128
09/14/2004,TMB,FL,ASO,ES,Towers with Radar,0,2,22,0,24,0,14,41,0,55,0,16,63,0,79,125,0,125,204
09/15/2004,TMB,FL,ASO,ES,Towers with Radar,0,3,34,0,37,0,0,92,0,92,0,3,126,0,129,129,0,129,258
09/16/2004,TMB,FL,ASO,ES,Towers with Radar,0,3,40,0,43,0,3,198,0,201,0,6,238,0,244,253,0,253,497
09/17/2004,TMB,FL,ASO,ES,Towers with Radar,0,2,33,0,35,0,4,174,0,178,0,6,207,0,213,239,0,239,452
09/18/2004,TMB,FL,ASO,ES,Towers with Radar,0,5,61,0,66,0,0,231,0,231,0,5,292,0,297,301,0,301,598
09/19/2004,TMB,FL,ASO,ES,Towers with Radar,0,2,31,0,33,0,5,167,2,174,0,7,198,2,207,253,0,253,460
09/20/2004,TMB,FL,ASO,ES,Towers with Radar,0,4,51,0,55,0,5,116,0,121,0,9,167,0,176,170,0,170,346
09/21/2004,TMB,FL,ASO,ES,Towers with Radar,0,3,41,0,44,0,14,140,0,154,0,17,181,0,198,378,0,378,576
09/22/2004,TMB,FL,ASO,ES,Towers with Radar,0,3,43,0,46,0,4,50,0,54,0,7,93,0,100,73,0,73,173
09/23/2004,TMB,FL,ASO,ES,Towers with Radar,0,3,40,0,43,0,5,213,3,221,0,8,253,3,264,270,0,270,534
09/24/2004,TMB,FL,ASO,ES,Towers with Radar,0,3,40,0,43,0,2,175,0,177,0,5,215,0,220,238,0,238,458
09/25/2004,TMB,FL,ASO,ES,Towers with Radar,0,1,12,0,13,0,2,64,0,66,0,3,76,0,79,63,0,63,142
09/26/2004,TMB,FL,ASO,ES,Towers with Radar,0,0,4,0,4,0,3,26,0,29,0,3,30,0,33,14,0,14,47
09/27/2004,TMB,FL,ASO,ES,Towers with Radar,0,3,35,0,38,0,8,133,0,141,0,11,168,0,179,126,0,126,305
09/28/2004,TMB,FL,ASO,ES,Towers with Radar,0,3,38,0,41,0,7,106,0,113,0,10,144,0,154,138,0,138,292
09/29/2004,TMB,FL,ASO,ES,Towers with Radar,0,3,43,0,46,0,3,146,0,149,0,6,189,0,195,227,0,227,422
09/30/2004,TMB,FL,ASO,ES,Towers with Radar,0,0,1,0,1,0,1,3,0,4,0,1,4,0,5,0,0,0,5
10/01/2004,TMB,FL,ASO,ES,Towers with Radar,0,0,44,0,44,0,2,236,0,238,0,2,280,0,282,294,0,294,576
10/02/2004,TMB,FL,ASO,ES,Towers with Radar,0,4,44,0,48,0,5,288,0,293,0,9,332,0,341,399,0,399,740
10/03/2004,TMB,FL,ASO,ES,Towers with Radar,0,2,33,0,35,0,4,269,0,273,0,6,302,0,308,301,0,301,609
10/04/2004,TMB,FL,ASO,ES,Towers with Radar,0,2,30,0,32,0,3,171,0,174,0,5,201,0,206,172,0,172,378
10/05/2004,TMB,FL,ASO,ES,Towers with Radar,0,6,57,0,63,0,4,210,0,214,0,10,267,0,277,293,0,293,570
10/06/2004,TMB,FL,ASO,ES,Towers with Radar,0,3,47,0,50,0,1,197,0,198,0,4,244,0,248,322,0,322,570
10/07/2004,TMB,FL,ASO,ES,Towers with Radar,0,2,45,0,47,0,1,136,0,137,0,3,181,0,184,219,0,219,403
10/08/2004,TMB,FL,ASO,ES,Towers with Radar,0,2,32,0,34,0,4,189,0,193,0,6,221,0,227,299,0,299,526
10/09/2004,TMB,FL,ASO,ES,Towers with Radar,0,1,63,0,64,0,7,303,0,310,0,8,366,0,374,430,0,430,804
10/10/2004,TMB,FL,ASO,ES,Towers with Radar,0,5,35,0,40,0,4,220,0,224,0,9,255,0,264,0,230,230,494
10/11/2004,TMB,FL,ASO,ES,Towers with Radar,0,1,41,0,42,0,5,158,0,163,0,6,199,0,205,379,0,379,584
10/12/2004,TMB,FL,ASO,ES,Towers with Radar,0,5,32,0,37,0,6,126,4,136,0,11,158,4,173,426,0,426,599
10/13/2004,TMB,FL,ASO,ES,Towers with Radar,0,4,27,0,31,0,4,170,0,174,0,8,197,0,205,461,0,461,666
10/14/2004,TMB,FL,ASO,ES,Towers with Radar,0,4,41,0,45,0,3,205,0,208,0,7,246,0,253,347,0,347,600
10/15/2004,TMB,FL,ASO,ES,Towers with Radar,0,4,33,0,37,0,2,119,0,121,0,6,152,0,158,158,0,158,316
10/16/2004,TMB,FL,ASO,ES,Towers with Radar,0,2,53,0,55,0,7,278,0,285,0,9,331,0,340,298,0,298,638
10/17/2004,TMB,FL,ASO,ES,Towers with Radar,0,1,55,0,56,0,2,234,0,236,0,3,289,0,292,392,0,392,684
10/18/2004,TMB,FL,ASO,ES,Towers with Radar,0,2,67,0,69,0,2,145,0,147,0,4,212,0,216,315,0,315,531
10/19/2004,TMB,FL,ASO,ES,Towers with Radar,0,4,55,0,59,0,7,183,0,190,0,11,238,0,249,375,0,375,624
10/20/2004,TMB,FL,ASO,ES,Towers with Radar,0,2,56,0,58,0,3,152,0,155,0,5,208,0,213,208,0,208,421
10/21/2004,TMB,FL,ASO,ES,Towers with Radar,0,2,57,0,59,0,2,205,0,207,0,4,262,0,266,344,0,344,610
10/22/2004,TMB,FL,ASO,ES,Towers with Radar,0,1,53,0,54,0,3,184,0,187,0,4,237,0,241,348,0,348,589
10/23/2004,TMB,FL,ASO,ES,Towers with Radar,0,7,42,0,49,0,3,302,0,305,0,10,344,0,354,356,0,356,710
10/24/2004,TMB,FL,ASO,ES,Towers with Radar,0,4,33,0,37,0,5,268,0,273,0,9,301,0,310,258,0,258,568
10/25/2004,TMB,FL,ASO,ES,Towers with Radar,0,1,59,0,60,0,6,149,0,155,0,7,208,0,215,385,0,385,600
10/26/2004,TMB,FL,ASO,ES,Towers with Radar,0,4,51,0,55,0,3,210,0,213,0,7,261,0,268,316,0,316,584
10/27/2004,TMB,FL,ASO,ES,Towers with Radar,0,4,51,0,55,0,1,184,0,185,0,5,235,0,240,418,0,418,658
10/28/2004,TMB,FL,ASO,ES,Towers with Radar,0,6,73,0,79,0,3,239,0,242,0,9,312,0,321,287,0,287,608
10/29/2004,TMB,FL,ASO,ES,Towers with Radar,0,1,48,0,49,0,9,205,0,214,0,10,253,0,263,323,0,323,586
10/30/2004,TMB,FL,ASO,ES,Towers with Radar,0,3,54,0,57,0,5,296,0,301,0,8,350,0,358,361,0,361,719
10/31/2004,TMB,FL,ASO,ES,Towers with Radar,0,6,37,0,43,0,2,131,0,133,0,8,168,0,176,73,0,73,249
11/01/2004,TMB,FL,ASO,ES,Towers with Radar,0,2,27,0,29,0,8,138,1,147,0,10,165,1,176,276,0,276,452
11/02/2004,TMB,FL,ASO,ES,Towers with Radar,0,3,33,0,36,0,5,206,0,211,0,8,239,0,247,341,0,341,588
11/03/2004,TMB,FL,ASO,ES,Towers with Radar,0,3,43,0,46,0,0,185,0,185,0,3,228,0,231,314,0,314,545
11/04/2004,TMB,FL,ASO,ES,Towers with Radar,0,9,52,0,61,0,6,192,0,198,0,15,244,0,259,392,0,392,651
11/05/2004,TMB,FL,ASO,ES,Towers with Radar,0,2,91,0,93,0,5,180,0,185,0,7,271,0,278,364,0,364,642
11/06/2004,TMB,FL,ASO,ES,Towers with Radar,0,3,73,0,76,0,12,300,0,312,0,15,373,0,388,330,0,330,718
11/07/2004,TMB,FL,ASO,ES,Towers with Radar,0,8,57,0,65,0,1,210,0,211,0,9,267,0,276,256,0,256,532
11/08/2004,TMB,FL,ASO,ES,Towers with Radar,0,4,59,0,63,0,4,183,0,187,0,8,242,0,250,0,282,282,532
11/09/2004,TMB,FL,ASO,ES,Towers with Radar,0,9,52,0,61,0,4,171,0,175,0,13,223,0,236,352,0,352,588
11/10/2004,TMB,FL,ASO,ES,Towers with Radar,0,10,59,0,69,0,2,175,0,177,0,12,234,0,246,192,0,192,438
11/11/2004,TMB,FL,ASO,ES,Towers with Radar,0,3,42,0,45,0,0,177,0,177,0,3,219,0,222,375,0,375,597
11/12/2004,TMB,FL,ASO,ES,Towers with Radar,0,5,32,0,37,0,1,233,0,234,0,6,265,0,271,359,0,359,630
11/13/2004,TMB,FL,ASO,ES,Towers with Radar,0,2,37,0,39,0,1,330,0,331,0,3,367,0,370,441,0,441,811
11/14/2004,TMB,FL,ASO,ES,Towers with Radar,0,6,69,0,75,0,4,150,0,154,0,10,219,0,229,219,0,219,448
11/15/2004,TMB,FL,ASO,ES,Towers with Radar,0,3,30,0,33,0,3,109,0,112,0,6,139,0,145,119,0,119,264
11/16/2004,TMB,FL,ASO,ES,Towers with Radar,0,5,47,0,52,0,6,157,0,163,0,11,204,0,215,343,0,343,558
11/17/2004,TMB,FL,ASO,ES,Towers with Radar,0,3,78,0,81,0,7,169,0,176,0,10,247,0,257,397,0,397,654
11/18/2004,TMB,FL,ASO,ES,Towers with Radar,0,17,62,0,79,0,0,249,0,249,0,17,311,0,328,461,0,461,789
11/19/2004,TMB,FL,ASO,ES,Towers with Radar,0,8,76,0,84,0,4,283,1,288,0,12,359,1,372,341,0,341,713
11/20/2004,TMB,FL,ASO,ES,Towers with Radar,0,7,104,0,111,0,1,426,0,427,0,8,530,0,538,428,0,428,966
11/21/2004,TMB,FL,ASO,ES,Towers with Radar,0,14,148,0,162,0,4,424,0,428,0,18,572,0,590,313,0,313,903
11/22/2004,TMB,FL,ASO,ES,Towers with Radar,0,7,64,0,71,0,2,204,0,206,0,9,268,0,277,352,0,352,629
11/23/2004,TMB,FL,ASO,ES,Towers with Radar,0,9,79,0,88,0,1,208,0,209,0,10,287,0,297,320,0,320,617
11/24/2004,TMB,FL,ASO,ES,Towers with Radar,0,14,73,0,87,0,2,125,0,127,0,16,198,0,214,185,0,185,399
11/25/2004,TMB,FL,ASO,ES,Towers with Radar,0,0,25,0,25,0,2,73,0,75,0,2,98,0,100,92,0,92,192
11/26/2004,TMB,FL,ASO,ES,Towers with Radar,0,1,49,0,50,0,10,290,0,300,0,11,339,0,350,332,0,332,682
11/27/2004,TMB,FL,ASO,ES,Towers with Radar,0,3,64,0,67,0,6,283,0,289,0,9,347,0,356,255,0,255,611
11/28/2004,TMB,FL,ASO,ES,Towers with Radar,0,17,77,0,94,0,2,248,0,250,0,19,325,0,344,247,0,247,591
11/29/2004,TMB,FL,ASO,ES,Towers with Radar,0,15,58,0,73,0,5,192,0,197,0,20,250,0,270,202,0,202,472
11/30/2004,TMB,FL,ASO,ES,Towers with Radar,0,9,63,0,72,0,1,150,0,151,0,10,213,0,223,296,0,296,519
12/01/2004,TMB,FL,ASO,ES,Towers with Radar,0,4,56,0,60,0,3,197,0,200,0,7,253,0,260,321,0,321,581
12/02/2004,TMB,FL,ASO,ES,Towers with Radar,0,2,84,0,86,0,2,217,0,219,0,4,301,0,305,335,0,335,640
12/03/2004,TMB,FL,ASO,ES,Towers with Radar,0,11,72,0,83,0,5,194,0,199,0,16,266,0,282,237,0,237,519
12/04/2004,TMB,FL,ASO,ES,Towers with Radar,0,0,75,0,75,0,6,302,0,308,0,6,377,0,383,219,0,219,602
12/05/2004,TMB,FL,ASO,ES,Towers with Radar,0,12,103,0,115,0,1,254,0,255,0,13,357,0,370,335,0,335,705
12/06/2004,TMB,FL,ASO,ES,Towers with Radar,0,3,53,0,56,0,4,177,0,181,0,7,230,0,237,358,0,358,595
12/07/2004,TMB,FL,ASO,ES,Towers with Radar,0,2,75,0,77,0,2,211,0,213,0,4,286,0,290,217,0,217,507
12/08/2004,TMB,FL,ASO,ES,Towers with Radar,0,6,68,0,74,0,2,231,0,233,0,8,299,0,307,332,0,332,639
12/09/2004,TMB,FL,ASO,ES,Towers with Radar,0,13,71,0,84,0,3,222,0,225,0,16,293,0,309,267,0,267,576
12/10/2004,TMB,FL,ASO,ES,Towers with Radar,0,6,70,0,76,0,4,187,0,191,0,10,257,0,267,225,0,225,492
12/11/2004,TMB,FL,ASO,ES,Towers with Radar,0,1,63,0,64,0,4,240,1,245,0,5,303,1,309,329,0,329,638
12/12/2004,TMB,FL,ASO,ES,Towers with Radar,0,5,43,0,48,0,5,215,0,220,0,10,258,0,268,211,0,211,479
12/13/2004,TMB,FL,ASO,ES,Towers with Radar,0,1,44,0,45,0,3,210,0,213,0,4,254,0,258,184,0,184,442
12/14/2004,TMB,FL,ASO,ES,Towers with Radar,0,9,42,0,51,0,3,158,1,162,0,12,200,1,213,373,0,373,586
12/15/2004,TMB,FL,ASO,ES,Towers with Radar,0,2,49,0,51,0,0,148,0,148,0,2,197,0,199,145,0,145,344
12/16/2004,TMB,FL,ASO,ES,Towers with Radar,0,0,43,0,43,0,0,191,0,191,0,0,234,0,234,297,0,297,531
12/17/2004,TMB,FL,ASO,ES,Towers with Radar,0,6,66,0,72,0,2,178,0,180,0,8,244,0,252,263,0,263,515
12/18/2004,TMB,FL,ASO,ES,Towers with Radar,0,10,77,0,87,0,6,237,0,243,0,16,314,0,330,243,0,243,573
12/19/2004,TMB,FL,ASO,ES,Towers with Radar,0,6,50,0,56,0,1,179,0,180,0,7,229,0,236,206,0,206,442
12/20/2004,TMB,FL,ASO,ES,Towers with Radar,0,7,74,0,81,0,0,162,0,162,0,7,236,0,243,164,0,164,407
12/21/2004,TMB,FL,ASO,ES,Towers with Radar,0,8,78,0,86,0,3,189,0,192,0,11,267,0,278,331,0,331,609
12/22/2004,TMB,FL,ASO,ES,Towers with Radar,0,8,54,0,62,0,2,182,0,184,0,10,236,0,246,197,0,197,443
12/23/2004,TMB,FL,ASO,ES,Towers with Radar,0,16,63,0,79,0,0,136,0,136,0,16,199,0,215,258,0,258,473
12/24/2004,TMB,FL,ASO,ES,Towers with Radar,0,3,36,0,39,0,6,127,0,133,0,9,163,0,172,259,0,259,431
12/25/2004,TMB,FL,ASO,ES,Towers with Radar,0,3,15,0,18,0,9,43,0,52,0,12,58,0,70,17,0,17,87
12/26/2004,TMB,FL,ASO,ES,Towers with Radar,0,23,81,0,104,0,9,94,0,103,0,32,175,0,207,44,0,44,251
12/27/2004,TMB,FL,ASO,ES,Towers with Radar,0,18,59,0,77,0,0,193,0,193,0,18,252,0,270,130,0,130,400
12/28/2004,TMB,FL,ASO,ES,Towers with Radar,0,4,57,0,61,0,4,175,0,179,0,8,232,0,240,270,0,270,510
12/29/2004,TMB,FL,ASO,ES,Towers with Radar,0,5,53,0,58,0,4,187,0,191,0,9,240,0,249,216,0,216,465
12/30/2004,TMB,FL,ASO,ES,Towers with Radar,0,7,49,0,56,0,3,161,0,164,0,10,210,0,220,171,0,171,391
12/31/2004,TMB,FL,ASO,ES,Towers with Radar,0,0,49,0,49,0,2,163,0,165,0,2,212,0,214,170,0,170,384
01/01/2005,TMB,FL,ASO,ES,Towers with Radar,0,8,28,0,36,0,7,151,0,158,0,15,179,0,194,37,0,37,231
01/02/2005,TMB,FL,ASO,ES,Towers with Radar,0,36,81,0,117,0,0,260,0,260,0,36,341,0,377,188,0,188,565
01/03/2005,TMB,FL,ASO,ES,Towers with Radar,0,12,53,0,65,0,13,188,0,201,0,25,241,0,266,139,0,139,405
01/04/2005,TMB,FL,ASO,ES,Towers with Radar,0,5,53,0,58,0,4,219,0,223,0,9,272,0,281,206,0,206,487
01/05/2005,TMB,FL,ASO,ES,Towers with Radar,0,6,53,0,59,0,1,159,0,160,0,7,212,0,219,249,0,249,468
01/06/2005,TMB,FL,ASO,ES,Towers with Radar,0,10,69,0,79,0,4,233,0,237,0,14,302,0,316,263,0,263,579
01/07/2005,TMB,FL,ASO,ES,Towers with Radar,0,8,53,0,61,0,8,194,0,202,0,16,247,0,263,190,0,190,453
01/08/2005,TMB,FL,ASO,ES,Towers with Radar,0,4,50,0,54,0,3,256,0,259,0,7,306,0,313,343,0,343,656
01/09/2005,TMB,FL,ASO,ES,Towers with Radar,0,2,60,0,62,0,6,258,0,264,0,8,318,0,326,386,0,386,712
01/10/2005,TMB,FL,ASO,ES,Towers with Radar,0,0,0,0,0,0,13,200,0,213,0,13,200,0,213,302,0,302,515
01/11/2005,TMB,FL,ASO,ES,Towers with Radar,0,9,40,0,49,0,5,200,0,205,0,14,240,0,254,305,0,305,559
01/12/2005,TMB,FL,ASO,ES,Towers with Radar,0,8,36,0,44,0,4,170,4,178,0,12,206,4,222,196,0,196,418
01/13/2005,TMB,FL,ASO,ES,Towers with Radar,0,3,74,0,77,0,5,113,0,118,0,8,187,0,195,252,0,252,447
01/14/2005,TMB,FL,ASO,ES,Towers with Radar,0,6,61,0,67,0,7,52,0,59,0,13,113,0,126,46,0,46,172
01/15/2005,TMB,FL,ASO,ES,Towers with Radar,0,10,126,0,136,0,0,6,0,6,0,10,132,0,142,10,0,10,152
01/16/2005,TMB,FL,ASO,ES,Towers with Radar,0,3,95,0,98,0,3,54,0,57,0,6,149,0,155,54,0,54,209
01/17/2005,TMB,FL,ASO,ES,Towers with Radar,0,4,51,0,55,0,6,234,0,240,0,10,285,0,295,143,0,143,438
01/18/2005,TMB,FL,ASO,ES,Towers with Radar,0,7,68,2,77,0,7,217,0,224,0,14,285,2,301,124,0,124,425
01/19/2005,TMB,FL,ASO,ES,Towers with Radar,0,7,44,0,51,0,0,224,0,224,0,7,268,0,275,423,0,423,698
01/20/2005,TMB,FL,ASO,ES,Towers with Radar,0,7,55,0,62,0,1,302,0,303,0,8,357,0,365,315,0,315,680
01/21/2005,TMB,FL,ASO,ES,Towers with Radar,0,2,73,0,75,0,5,207,0,212,0,7,280,0,287,396,0,396,683
01/22/2005,TMB,FL,ASO,ES,Towers with Radar,0,1,53,0,54,0,2,321,0,323,0,3,374,0,377,369,0,369,746
01/23/2005,TMB,FL,ASO,ES,Towers with Radar,0,7,72,0,79,0,0,200,0,200,0,7,272,0,279,358,0,358,637
01/24/2005,TMB,FL,ASO,ES,Towers with Radar,0,4,62,0,66,0,5,229,0,234,0,9,291,0,300,164,0,164,464
01/25/2005,TMB,FL,ASO,ES,Towers with Radar,0,6,49,0,55,0,1,243,0,244,0,7,292,0,299,231,0,231,530
01/26/2005,TMB,FL,ASO,ES,Towers with Radar,0,4,62,1,67,0,6,216,0,222,0,10,278,1,289,190,0,190,479
01/27/2005,TMB,FL,ASO,ES,Towers with Radar,0,3,60,0,63,0,7,258,3,268,0,10,318,3,331,278,0,278,609
01/28/2005,TMB,FL,ASO,ES,Towers with Radar,0,6,110,0,116,0,2,106,1,109,0,8,216,1,225,237,0,237,462
01/29/2005,TMB,FL,ASO,ES,Towers with Radar,0,6,50,0,56,0,1,248,0,249,0,7,298,0,305,244,0,244,549
01/30/2005,TMB,FL,ASO,ES,Towers with Radar,0,6,53,0,59,0,0,289,0,289,0,6,342,0,348,373,0,373,721
01/31/2005,TMB,FL,ASO,ES,Towers with Radar,0,5,39,1,45,0,11,230,0,241,0,16,269,1,286,299,0,299,585
02/01/2005,TMB,FL,ASO,ES,Towers with Radar,0,3,62,0,65,0,2,204,0,206,0,5,266,0,271,505,0,505,776
02/02/2005,TMB,FL,ASO,ES,Towers with Radar,0,1,72,0,73,0,6,224,0,230,0,7,296,0,303,338,0,338,641
02/03/2005,TMB,FL,ASO,ES,Towers with Radar,0,4,47,0,51,0,0,189,0,189,0,4,236,0,240,267,0,267,507
02/04/2005,TMB,FL,ASO,ES,Towers with Radar,0,10,90,0,100,0,1,100,0,101,0,11,190,0,201,78,0,78,279
02/05/2005,TMB,FL,ASO,ES,Towers with Radar,0,5,63,0,68,0,2,323,0,325,0,7,386,0,393,249,0,249,642
02/06/2005,TMB,FL,ASO,ES,Towers with Radar,0,8,57,0,65,0,2,251,0,253,0,10,308,0,318,159,0,159,477
02/07/2005,TMB,FL,ASO,ES,Towers with Radar,0,5,59,0,64,0,5,207,0,212,0,10,266,0,276,404,0,404,680
02/08/2005,TMB,FL,ASO,ES,Towers with Radar,0,8,55,0,63,0,0,218,0,218,0,8,273,0,281,438,0,438,719
02/09/2005,TMB,FL,ASO,ES,Towers with Radar,0,7,67,0,74,0,0,240,0,240,0,7,307,0,314,313,0,313,627
02/10/2005,TMB,FL,ASO,ES,Towers with Radar,0,7,80,0,87,0,3,216,0,219,0,10,296,0,306,260,0,260,566
02/11/2005,TMB,FL,ASO,ES,Towers with Radar,0,7,48,7,62,0,0,240,1,241,0,7,288,8,303,152,0,152,455
02/12/2005,TMB,FL,ASO,ES,Towers with Radar,0,2,60,0,62,0,4,315,0,319,0,6,375,0,381,286,0,286,667
02/13/2005,TMB,FL,ASO,ES,Towers with Radar,0,2,55,0,57,0,5,321,0,326,0,7,376,0,383,242,0,242,625
02/14/2005,TMB,FL,ASO,ES,Towers with Radar,0,4,42,1,47,0,3,214,0,217,0,7,256,1,264,185,0,185,449
02/15/2005,TMB,FL,ASO,ES,Towers with Radar,0,4,41,0,45,0,5,222,0,227,0,9,263,0,272,255,0,255,527
02/16/2005,TMB,FL,ASO,ES,Towers with Radar,0,4,86,0,90,0,0,215,0,215,0,4,301,0,305,370,0,370,675
02/17/2005,TMB,FL,ASO,ES,Towers with Radar,0,13,81,1,95,0,7,254,0,261,0,20,335,1,356,263,0,263,619
02/18/2005,TMB,FL,ASO,ES,Towers with Radar,0,11,93,0,104,0,7,250,0,257,0,18,343,0,361,211,0,211,572
02/19/2005,TMB,FL,ASO,ES,Towers with Radar,0,1,65,0,66,0,1,269,0,270,0,2,334,0,336,269,0,269,605
02/20/2005,TMB,FL,ASO,ES,Towers with Radar,0,5,46,0,51,0,1,272,0,273,0,6,318,0,324,213,0,213,537
02/21/2005,TMB,FL,ASO,ES,Towers with Radar,0,20,71,0,91,0,8,259,0,267,0,28,330,0,358,133,0,133,491
02/22/2005,TMB,FL,ASO,ES,Towers with Radar,0,1,58,0,59,0,5,223,0,228,0,6,281,0,287,203,0,203,490
02/23/2005,TMB,FL,ASO,ES,Towers with Radar,0,15,56,0,71,0,9,217,0,226,0,24,273,0,297,328,0,328,625
02/24/2005,TMB,FL,ASO,ES,Towers with Radar,0,4,63,0,67,0,12,170,0,182,0,16,233,0,249,211,0,211,460
02/25/2005,TMB,FL,ASO,ES,Towers with Radar,0,5,48,0,53,0,9,145,0,154,0,14,193,0,207,226,0,226,433
02/26/2005,TMB,FL,ASO,ES,Towers with Radar,0,3,71,0,74,0,8,204,0,212,0,11,275,0,286,381,0,381,667
02/27/2005,TMB,FL,ASO,ES,Towers with Radar,0,10,56,0,66,0,2,71,0,73,0,12,127,0,139,79,0,79,218
02/28/2005,TMB,FL,ASO,ES,Towers with Radar,0,2,53,0,55,0,4,95,2,101,0,6,148,2,156,124,0,124,280
03/01/2005,TMB,FL,ASO,ES,Towers with Radar,0,4,44,0,48,0,0,197,0,197,0,4,241,0,245,121,0,121,366
03/02/2005,TMB,FL,ASO,ES,Towers with Radar,0,10,78,0,88,0,7,202,0,209,0,17,280,0,297,241,0,241,538
03/03/2005,TMB,FL,ASO,ES,Towers with Radar,0,7,63,0,70,0,6,154,0,160,0,13,217,0,230,304,0,304,534
03/04/2005,TMB,FL,ASO,ES,Towers with Radar,0,7,69,0,76,0,9,128,0,137,0,16,197,0,213,140,0,140,353
03/05/2005,TMB,FL,ASO,ES,Towers with Radar,0,7,57,0,64,0,3,330,0,333,0,10,387,0,397,281,0,281,678
03/06/2005,TMB,FL,ASO,ES,Towers with Radar,0,20,64,0,84,0,5,288,0,293,0,25,352,0,377,234,0,234,611
03/07/2005,TMB,FL,ASO,ES,Towers with Radar,0,6,54,12,72,0,9,170,0,179,0,15,224,12,251,260,0,260,511
03/08/2005,TMB,FL,ASO,ES,Towers with Radar,0,3,54,0,57,0,11,118,2,131,0,14,172,2,188,134,0,134,322
03/09/2005,TMB,FL,ASO,ES,Towers with Radar,0,4,71,8,83,0,4,33,0,37,0,8,104,8,120,17,0,17,137
03/10/2005,TMB,FL,ASO,ES,Towers with Radar,0,8,57,0,65,0,3,188,0,191,0,11,245,0,256,181,0,181,437
03/11/2005,TMB,FL,ASO,ES,Towers with Radar,0,9,51,0,60,0,2,229,0,231,0,11,280,0,291,342,0,342,633
03/12/2005,TMB,FL,ASO,ES,Towers with Radar,0,3,55,0,58,0,1,325,0,326,0,4,380,0,384,260,0,260,644
03/13/2005,TMB,FL,ASO,ES,Towers with Radar,0,6,51,0,57,0,5,273,0,278,0,11,324,0,335,250,0,250,585
03/14/2005,TMB,FL,ASO,ES,Towers with Radar,0,10,66,0,76,0,0,181,0,181,0,10,247,0,257,262,0,262,519
03/15/2005,TMB,FL,ASO,ES,Towers with Radar,0,3,44,0,47,0,0,163,0,163,0,3,207,0,210,329,0,329,539
03/16/2005,TMB,FL,ASO,ES,Towers with Radar,0,3,46,0,49,0,5,164,0,169,0,8,210,0,218,153,0,153,371
03/17/2005,TMB,FL,ASO,ES,Towers with Radar,0,0,29,0,29,0,8,111,0,119,0,8,140,0,148,85,0,85,233
03/18/2005,TMB,FL,ASO,ES,Towers with Radar,0,13,103,0,116,0,4,199,0,203,0,17,302,0,319,165,0,165,484
03/19/2005,TMB,FL,ASO,ES,Towers with Radar,0,11,65,0,76,0,2,300,0,302,0,13,365,0,378,328,0,328,706
03/20/2005,TMB,FL,ASO,ES,Towers with Radar,0,7,50,0,57,0,2,281,0,283,0,9,331,0,340,321,0,321,661
03/21/2005,TMB,FL,ASO,ES,Towers with Radar,0,5,55,0,60,0,6,179,0,185,0,11,234,0,245,218,0,218,463
03/22/2005,TMB,FL,ASO,ES,Towers with Radar,0,10,65,0,75,0,0,115,0,115,0,10,180,0,190,233,0,233,423
03/23/2005,TMB,FL,ASO,ES,Towers with Radar,0,10,55,0,65,0,0,101,0,101,0,10,156,0,166,98,0,98,264
03/24/2005,TMB,FL,ASO,ES,Towers with Radar,0,9,77,0,86,0,3,174,0,177,0,12,251,0,263,282,0,282,545
03/25/2005,TMB,FL,ASO,ES,Towers with Radar,0,9,54,0,63,0,0,216,0,216,0,9,270,0,279,119,0,119,398
03/26/2005,TMB,FL,ASO,ES,Towers with Radar,0,5,54,0,59,0,1,305,0,306,0,6,359,0,365,274,0,274,639
03/27/2005,TMB,FL,ASO,ES,Towers with Radar,0,11,41,0,52,0,2,115,1,118,0,13,156,1,170,74,0,74,244
03/28/2005,TMB,FL,ASO,ES,Towers with Radar,0,14,49,0,63,0,7,96,0,103,0,21,145,0,166,113,0,113,279
03/29/2005,TMB,FL,ASO,ES,Towers with Radar,0,1,60,0,61,0,11,267,0,278,0,12,327,0,339,267,0,267,606
03/30/2005,TMB,FL,ASO,ES,Towers with Radar,0,4,69,0,73,0,4,223,0,227,0,8,292,0,300,380,0,380,680
03/31/2005,TMB,FL,ASO,ES,Towers with Radar,0,4,44,0,48,0,2,194,0,196,0,6,238,0,244,252,0,252,496
04/01/2005,TMB,FL,ASO,ES,Towers with Radar,0,3,61,1,65,0,0,245,0,245,0,3,306,1,310,242,0,242,552
04/02/2005,TMB,FL,ASO,ES,Towers with Radar,0,4,41,0,45,0,0,97,0,97,0,4,138,0,142,117,0,117,259
04/03/2005,TMB,FL,ASO,ES,Towers with Radar,0,14,77,0,91,0,7,319,0,326,0,21,396,0,417,175,0,175,592
04/04/2005,TMB,FL,ASO,ES,Towers with Radar,0,7,63,0,70,0,0,204,0,204,0,7,267,0,274,264,0,264,538
04/05/2005,TMB,FL,ASO,ES,Towers with Radar,0,0,54,0,54,0,3,200,0,203,0,3,254,0,257,303,0,303,560
04/06/2005,TMB,FL,ASO,ES,Towers with Radar,0,3,70,0,73,0,4,177,0,181,0,7,247,0,254,151,0,151,405
04/07/2005,TMB,FL,ASO,ES,Towers with Radar,0,10,44,2,56,0,5,142,0,147,0,15,186,2,203,109,0,109,312
04/08/2005,TMB,FL,ASO,ES,Towers with Radar,0,14,51,0,65,0,0,90,0,90,0,14,141,0,155,166,0,166,321
04/09/2005,TMB,FL,ASO,ES,Towers with Radar,0,8,54,0,62,0,3,394,0,397,0,11,448,0,459,286,0,286,745
04/10/2005,TMB,FL,ASO,ES,Towers with Radar,0,2,62,0,64,0,3,250,0,253,0,5,312,0,317,309,0,309,626
04/11/2005,TMB,FL,ASO,ES,Towers with Radar,0,3,53,0,56,0,1,200,0,201,0,4,253,0,257,241,0,241,498
04/12/2005,TMB,FL,ASO,ES,Towers with Radar,0,6,65,0,71,0,0,216,9,225,0,6,281,9,296,171,0,171,467
04/13/2005,TMB,FL,ASO,ES,Towers with Radar,0,4,48,0,52,0,3,170,0,173,0,7,218,0,225,203,0,203,428
04/14/2005,TMB,FL,ASO,ES,Towers with Radar,0,0,46,0,46,0,4,214,0,218,0,4,260,0,264,187,0,187,451
04/15/2005,TMB,FL,ASO,ES,Towers with Radar,0,8,37,0,45,0,1,257,0,258,0,9,294,0,303,148,0,148,451
04/16/2005,TMB,FL,ASO,ES,Towers with Radar,0,4,35,0,39,0,7,248,0,255,0,11,283,0,294,175,0,175,469
04/17/2005,TMB,FL,ASO,ES,Towers with Radar,0,2,66,0,68,0,1,243,0,244,0,3,309,0,312,165,0,165,477
04/18/2005,TMB,FL,ASO,ES,Towers with Radar,0,3,63,0,66,0,1,184,0,185,0,4,247,0,251,378,0,378,629
04/19/2005,TMB,FL,ASO,ES,Towers with Radar,0,13,68,0,81,0,0,228,0,228,0,13,296,0,309,269,0,269,578
04/20/2005,TMB,FL,ASO,ES,Towers with Radar,0,2,63,0,65,0,0,164,0,164,0,2,227,0,229,333,0,333,562
04/21/2005,TMB,FL,ASO,ES,Towers with Radar,0,5,63,4,72,0,2,195,0,197,0,7,258,4,269,218,0,218,487
04/22/2005,TMB,FL,ASO,ES,Towers with Radar,0,4,58,2,64,0,5,224,0,229,0,9,282,2,293,211,0,211,504
04/23/2005,TMB,FL,ASO,ES,Towers with Radar,0,9,33,0,42,0,2,306,0,308,0,11,339,0,350,247,0,247,597
04/24/2005,TMB,FL,ASO,ES,Towers with Radar,0,6,46,0,52,0,1,237,0,238,0,7,283,0,290,153,0,153,443
04/25/2005,TMB,FL,ASO,ES,Towers with Radar,0,6,35,0,41,0,5,203,0,208,0,11,238,0,249,245,0,245,494
04/26/2005,TMB,FL,ASO,ES,Towers with Radar,0,2,43,0,45,0,2,178,0,180,0,4,221,0,225,127,0,127,352
04/27/2005,TMB,FL,ASO,ES,Towers with Radar,0,10,67,0,77,0,3,79,0,82,0,13,146,0,159,125,0,125,284
04/28/2005,TMB,FL,ASO,ES,Towers with Radar,0,12,47,0,59,0,7,219,0,226,0,19,266,0,285,174,0,174,459
04/29/2005,TMB,FL,ASO,ES,Towers with Radar,0,6,46,0,52,0,1,212,0,213,0,7,258,0,265,289,0,289,554
04/30/2005,TMB,FL,ASO,ES,Towers with Radar,0,6,48,0,54,0,3,243,0,246,0,9,291,0,300,148,0,148,448
05/01/2005,TMB,FL,ASO,ES,Towers with Radar,0,4,60,0,64,0,2,131,0,133,0,6,191,0,197,193,0,193,390
05/02/2005,TMB,FL,ASO,ES,Towers with Radar,0,2,56,0,58,0,0,168,0,168,0,2,224,0,226,298,0,298,524
05/03/2005,TMB,FL,ASO,ES,Towers with Radar,0,0,37,0,37,0,6,140,0,146,0,6,177,0,183,207,0,207,390
05/04/2005,TMB,FL,ASO,ES,Towers with Radar,0,4,49,5,58,0,4,112,0,116,0,8,161,5,174,188,0,188,362
05/05/2005,TMB,FL,ASO,ES,Towers with Radar,0,8,41,0,49,0,3,124,0,127,0,11,165,0,176,184,0,184,360
05/06/2005,TMB,FL,ASO,ES,Towers with Radar,0,8,54,0,62,0,0,203,0,203,0,8,257,0,265,249,0,249,514
05/07/2005,TMB,FL,ASO,ES,Towers with Radar,0,0,39,0,39,0,3,348,0,351,0,3,387,0,390,291,0,291,681
05/08/2005,TMB,FL,ASO,ES,Towers with Radar,0,0,31,0,31,0,2,214,0,216,0,2,245,0,247,220,0,220,467
05/09/2005,TMB,FL,ASO,ES,Towers with Radar,0,2,45,0,47,0,4,215,0,219,0,6,260,0,266,204,0,204,470
05/10/2005,TMB,FL,ASO,ES,Towers with Radar,0,2,52,0,54,0,3,238,0,241,0,5,290,0,295,300,0,300,595
05/11/2005,TMB,FL,ASO,ES,Towers with Radar,0,4,36,1,41,0,7,195,0,202,0,11,231,1,243,188,0,188,431
05/12/2005,TMB,FL,ASO,ES,Towers with Radar,0,1,42,1,44,0,4,141,0,145,0,5,183,1,189,207,0,207,396
05/13/2005,TMB,FL,ASO,ES,Towers with Radar,0,6,43,0,49,0,2,198,0,200,0,8,241,0,249,190,0,190,439
05/14/2005,TMB,FL,ASO,ES,Towers with Radar,0,4,39,0,43,0,2,274,0,276,0,6,313,0,319,252,0,252,571
05/15/2005,TMB,FL,ASO,ES,Towers with Radar,0,5,43,0,48,0,6,288,0,294,0,11,331,0,342,317,0,317,659
05/16/2005,TMB,FL,ASO,ES,Towers with Radar,0,3,31,0,34,0,2,200,0,202,0,5,231,0,236,354,0,354,590
05/17/2005,TMB,FL,ASO,ES,Towers with Radar,0,3,47,0,50,0,3,221,0,224,0,6,268,0,274,302,0,302,576
05/18/2005,TMB,FL,ASO,ES,Towers with Radar,0,0,61,0,61,0,4,200,0,204,0,4,261,0,265,221,0,221,486
05/19/2005,TMB,FL,ASO,ES,Towers with Radar,0,1,55,0,56,0,3,196,0,199,0,4,251,0,255,267,0,267,522
05/20/2005,TMB,FL,ASO,ES,Towers with Radar,0,8,63,0,71,0,1,213,0,214,0,9,276,0,285,224,0,224,509
05/21/2005,TMB,FL,ASO,ES,Towers with Radar,0,2,27,0,29,0,4,275,0,279,0,6,302,0,308,194,0,194,502
05/22/2005,TMB,FL,ASO,ES,Towers with Radar,0,2,33,0,35,0,3,232,0,235,0,5,265,0,270,194,0,194,464
05/23/2005,TMB,FL,ASO,ES,Towers with Radar,0,0,36,0,36,0,0,174,0,174,0,0,210,0,210,189,0,189,399
05/24/2005,TMB,FL,ASO,ES,Towers with Radar,0,3,39,0,42,0,4,253,0,257,0,7,292,0,299,355,0,355,654
05/25/2005,TMB,FL,ASO,ES,Towers with Radar,0,1,41,0,42,0,7,176,0,183,0,8,217,0,225,323,0,323,548
05/26/2005,TMB,FL,ASO,ES,Towers with Radar,0,5,54,0,59,0,2,160,0,162,0,7,214,0,221,278,0,278,499
05/27/2005,TMB,FL,ASO,ES,Towers with Radar,0,10,53,0,63,0,1,248,0,249,0,11,301,0,312,187,0,187,499
05/28/2005,TMB,FL,ASO,ES,Towers with Radar,0,3,33,0,36,0,4,376,0,380,0,7,409,0,416,217,0,217,633
05/29/2005,TMB,FL,ASO,ES,Towers with Radar,0,1,26,0,27,0,3,159,0,162,0,4,185,0,189,159,0,159,348
05/30/2005,TMB,FL,ASO,ES,Towers with Radar,0,12,57,0,69,0,4,263,0,267,0,16,320,0,336,219,0,219,555
05/31/2005,TMB,FL,ASO,ES,Towers with Radar,0,1,36,0,37,0,2,112,0,114,0,3,148,0,151,195,0,195,346
06/01/2005,TMB,FL,ASO,ES,Towers with Radar,0,7,40,0,47,0,8,73,0,81,0,15,113,0,128,83,0,83,211
06/02/2005,TMB,FL,ASO,ES,Towers with Radar,0,2,28,0,30,0,1,81,0,82,0,3,109,0,112,117,0,117,229
06/03/2005,TMB,FL,ASO,ES,Towers with Radar,0,8,47,0,55,0,5,95,0,100,0,13,142,0,155,190,0,190,345
06/04/2005,TMB,FL,ASO,ES,Towers with Radar,0,5,37,0,42,0,0,128,0,128,0,5,165,0,170,244,0,244,414
06/05/2005,TMB,FL,ASO,ES,Towers with Radar,0,2,34,0,36,0,0,123,0,123,0,2,157,0,159,167,0,167,326
06/06/2005,TMB,FL,ASO,ES,Towers with Radar,0,4,60,0,64,0,2,149,0,151,0,6,209,0,215,224,0,224,439
06/07/2005,TMB,FL,ASO,ES,Towers with Radar,0,3,42,0,45,0,5,194,0,199,0,8,236,0,244,387,0,387,631
06/08/2005,TMB,FL,ASO,ES,Towers with Radar,0,0,44,0,44,0,5,188,0,193,0,5,232,0,237,0,256,256,493
06/09/2005,TMB,FL,ASO,ES,Towers with Radar,0,1,31,0,32,0,4,73,0,77,0,5,104,0,109,90,0,90,199
06/10/2005,TMB,FL,ASO,ES,Towers with Radar,0,5,30,0,35,0,0,11,0,11,0,5,41,0,46,0,0,0,46
06/11/2005,TMB,FL,ASO,ES,Towers with Radar,0,3,32,0,35,0,2,135,0,137,0,5,167,0,172,141,0,141,313
06/12/2005,TMB,FL,ASO,ES,Towers with Radar,0,1,45,0,46,0,1,178,0,179,0,2,223,0,225,204,0,204,429
06/13/2005,TMB,FL,ASO,ES,Towers with Radar,0,2,49,0,51,0,0,223,0,223,0,2,272,0,274,259,0,259,533
06/14/2005,TMB,FL,ASO,ES,Towers with Radar,0,0,53,0,53,0,0,257,0,257,0,0,310,0,310,385,0,385,695
06/15/2005,TMB,FL,ASO,ES,Towers with Radar,0,7,52,0,59,0,3,249,0,252,0,10,301,0,311,227,0,227,538
06/16/2005,TMB,FL,ASO,ES,Towers with Radar,0,4,53,0,57,0,1,203,0,204,0,5,256,0,261,269,0,269,530
06/17/2005,TMB,FL,ASO,ES,Towers with Radar,0,3,58,0,61,0,2,181,0,183,0,5,239,0,244,228,0,228,472
06/18/2005,TMB,FL,ASO,ES,Towers with Radar,0,1,36,0,37,0,6,161,0,167,0,7,197,0,204,174,0,174,378
06/19/2005,TMB,FL,ASO,ES,Towers with Radar,0,4,44,0,48,0,1,143,0,144,0,5,187,0,192,207,0,207,399
06/20/2005,TMB,FL,ASO,ES,Towers with Radar,0,3,40,0,43,0,3,51,0,54,0,6,91,0,97,103,0,103,200
06/21/2005,TMB,FL,ASO,ES,Towers with Radar,0,0,40,0,40,0,4,151,0,155,0,4,191,0,195,238,0,238,433
06/22/2005,TMB,FL,ASO,ES,Towers with Radar,0,3,37,0,40,0,0,89,0,89,0,3,126,0,129,142,0,142,271
06/23/2005,TMB,FL,ASO,ES,Towers with Radar,0,2,67,1,70,0,5,95,0,100,0,7,162,1,170,206,0,206,376
06/24/2005,TMB,FL,ASO,ES,Towers with Radar,0,1,71,0,72,0,2,193,0,195,0,3,264,0,267,258,0,258,525
06/25/2005,TMB,FL,ASO,ES,Towers with Radar,0,1,70,0,71,0,2,262,0,264,0,3,332,0,335,253,0,253,588
06/26/2005,TMB,FL,ASO,ES,Towers with Radar,0,2,49,0,51,0,0,179,0,179,0,2,228,0,230,239,0,239,469
06/27/2005,TMB,FL,ASO,ES,Towers with Radar,0,2,54,0,56,0,1,120,0,121,0,3,174,0,177,183,0,183,360
06/28/2005,TMB,FL,ASO,ES,Towers with Radar,0,2,71,0,73,0,0,140,1,141,0,2,211,1,214,227,0,227,441
06/29/2005,TMB,FL,ASO,ES,Towers with Radar,0,2,62,0,64,0,1,159,0,160,0,3,221,0,224,310,0,310,534
06/30/2005,TMB,FL,ASO,ES,Towers with Radar,0,4,106,0,110,0,7,200,0,207,0,11,306,0,317,211,0,211,528
07/01/2005,TMB,FL,ASO,ES,Towers with Radar,0,7,52,0,59,0,2,184,0,186,0,9,236,0,245,211,0,211,456
07/02/2005,TMB,FL,ASO,ES,Towers with Radar,0,1,61,0,62,0,1,247,0,248,0,2,308,0,310,280,0,280,590
07/03/2005,TMB,FL,ASO,ES,Towers with Radar,0,0,53,0,53,0,5,189,0,194,0,5,242,0,247,188,0,188,435
07/04/2005,TMB,FL,ASO,ES,Towers with Radar,0,0,38,0,38,0,2,174,0,176,0,2,212,0,214,259,0,259,473
07/05/2005,TMB,FL,ASO,ES,Towers with Radar,0,6,69,0,75,0,0,196,0,196,0,6,265,0,271,209,0,209,480
07/06/2005,TMB,FL,ASO,ES,Towers with Radar,0,9,26,0,35,0,2,177,0,179,0,11,203,0,214,180,0,180,394
07/07/2005,TMB,FL,ASO,ES,Towers with Radar,0,9,38,0,47,0,3,192,0,195,0,12,230,0,242,216,0,216,458
07/08/2005,TMB,FL,ASO,ES,Towers with Radar,0,10,34,0,44,0,2,104,0,106,0,12,138,0,150,77,0,77,227
07/09/2005,TMB,FL,ASO,ES,Towers with Radar,0,0,0,0,0,0,0,4,0,4,0,0,4,0,4,0,0,0,4
07/10/2005,TMB,FL,ASO,ES,Towers with Radar,0,6,23,0,29,0,2,47,0,49,0,8,70,0,78,33,0,33,111
07/11/2005,TMB,FL,ASO,ES,Towers with Radar,0,3,54,0,57,0,7,158,0,165,0,10,212,0,222,288,0,288,510
07/12/2005,TMB,FL,ASO,ES,Towers with Radar,0,1,60,0,61,0,1,182,0,183,0,2,242,0,244,265,0,265,509
07/13/2005,TMB,FL,ASO,ES,Towers with Radar,0,0,63,0,63,0,6,180,0,186,0,6,243,0,249,258,0,258,507
07/14/2005,TMB,FL,ASO,ES,Towers with Radar,0,0,56,0,56,0,2,186,0,188,0,2,242,0,244,243,0,243,487
07/15/2005,TMB,FL,ASO,ES,Towers with Radar,0,2,43,0,45,0,5,197,0,202,0,7,240,0,247,320,0,320,567
07/16/2005,TMB,FL,ASO,ES,Towers with Radar,0,2,62,0,64,0,3,306,0,309,0,5,368,0,373,338,0,338,711
07/17/2005,TMB,FL,ASO,ES,Towers with Radar,0,0,74,0,74,0,5,246,0,251,0,5,320,0,325,266,0,266,591
07/18/2005,TMB,FL,ASO,ES,Towers with Radar,0,0,63,0,63,0,0,169,1,170,0,0,232,1,233,360,0,360,593
07/19/2005,TMB,FL,ASO,ES,Towers with Radar,0,0,73,0,73,0,2,241,0,243,0,2,314,0,316,409,0,409,725
07/20/2005,TMB,FL,ASO,ES,Towers with Radar,0,1,49,0,50,0,0,177,0,177,0,1,226,0,227,294,0,294,521
07/21/2005,TMB,FL,ASO,ES,Towers with Radar,0,1,43,1,45,0,2,230,0,232,0,3,273,1,277,212,0,212,489
07/22/2005,TMB,FL,ASO,ES,Towers with Radar,0,1,73,1,75,0,1,179,0,180,0,2,252,1,255,292,0,292,547
07/23/2005,TMB,FL,ASO,ES,Towers with Radar,0,2,63,0,65,0,1,307,0,308,0,3,370,0,373,292,0,292,665
07/24/2005,TMB,FL,ASO,ES,Towers with Radar,0,3,43,0,46,0,5,252,0,257,0,8,295,0,303,299,0,299,602
07/25/2005,TMB,FL,ASO,ES,Towers with Radar,0,2,44,0,46,0,3,177,0,180,0,5,221,0,226,294,0,294,520
07/26/2005,TMB,FL,ASO,ES,Towers with Radar,0,0,77,0,77,0,6,218,0,224,0,6,295,0,301,267,0,267,568
07/27/2005,TMB,FL,ASO,ES,Towers with Radar,0,1,77,2,80,0,1,199,2,202,0,2,276,4,282,357,0,357,639
07/28/2005,TMB,FL,ASO,ES,Towers with Radar,0,3,58,0,61,0,0,177,1,178,0,3,235,1,239,223,0,223,462
07/29/2005,TMB,FL,ASO,ES,Towers with Radar,0,2,64,0,66,0,3,191,0,194,0,5,255,0,260,270,0,270,530
07/30/2005,TMB,FL,ASO,ES,Towers with Radar,0,0,96,0,96,0,7,202,1,210,0,7,298,1,306,251,0,251,557
07/31/2005,TMB,FL,ASO,ES,Towers with Radar,0,2,76,0,78,0,8,207,0,215,0,10,283,0,293,233,0,233,526
08/01/2005,TMB,FL,ASO,ES,Towers with Radar,0,0,69,0,69,0,0,177,0,177,0,0,246,0,246,154,0,154,400
08/02/2005,TMB,FL,ASO,ES,Towers with Radar,0,0,55,0,55,0,0,215,0,215,0,0,270,0,270,414,0,414,684
08/03/2005,TMB,FL,ASO,ES,Towers with Radar,0,1,63,0,64,0,3,139,0,142,0,4,202,0,206,254,0,254,460
08/04/2005,TMB,FL,ASO,ES,Towers with Radar,0,3,73,0,76,0,0,175,1,176,0,3,248,1,252,352,0,352,604
08/05/2005,TMB,FL,ASO,ES,Towers with Radar,0,0,67,0,67,0,1,191,0,192,0,1,258,0,259,268,0,268,527
08/06/2005,TMB,FL,ASO,ES,Towers with Radar,0,2,61,0,63,0,1,197,0,198,0,3,258,0,261,273,0,273,534
08/07/2005,TMB,FL,ASO,ES,Towers with Radar,0,4,55,0,59,0,1,207,0,208,0,5,262,0,267,342,0,342,609
08/08/2005,TMB,FL,ASO,ES,Towers with Radar,0,0,78,0,78,0,1,155,0,156,0,1,233,0,234,179,0,179,413
08/09/2005,TMB,FL,ASO,ES,Towers with Radar,0,0,40,0,40,0,3,167,0,170,0,3,207,0,210,182,0,182,392
08/10/2005,TMB,FL,ASO,ES,Towers with Radar,0,2,69,0,71,0,1,175,0,176,0,3,244,0,247,301,0,301,548
08/11/2005,TMB,FL,ASO,ES,Towers with Radar,0,2,71,1,74,0,3,177,0,180,0,5,248,1,254,321,0,321,575
08/12/2005,TMB,FL,ASO,ES,Towers with Radar,0,0,49,0,49,0,2,164,0,166,0,2,213,0,215,274,0,274,489
08/13/2005,TMB,FL,ASO,ES,Towers with Radar,0,0,67,0,67,0,2,248,0,250,0,2,315,0,317,238,0,238,555
08/14/2005,TMB,FL,ASO,ES,Towers with Radar,0,4,30,0,34,0,0,214,1,215,0,4,244,1,249,249,0,249,498
08/15/2005,TMB,FL,ASO,ES,Towers with Radar,0,8,77,0,85,0,2,187,0,189,0,10,264,0,274,288,0,288,562
08/16/2005,TMB,FL,ASO,ES,Towers with Radar,0,4,56,0,60,0,4,235,0,239,0,8,291,0,299,218,0,218,517
08/17/2005,TMB,FL,ASO,ES,Towers with Radar,0,5,58,0,63,0,1,203,0,204,0,6,261,0,267,230,0,230,497
08/18/2005,TMB,FL,ASO,ES,Towers with Radar,0,4,52,0,56,0,5,191,0,196,0,9,243,0,252,269,0,269,521
08/19/2005,TMB,FL,ASO,ES,Towers with Radar,0,0,53,0,53,0,0,181,0,181,0,0,234,0,234,356,0,356,590
08/20/2005,TMB,FL,ASO,ES,Towers with Radar,0,2,31,0,33,0,2,256,0,258,0,4,287,0,291,229,0,229,520
08/21/2005,TMB,FL,ASO,ES,Towers with Radar,0,2,57,0,59,0,3,145,0,148,0,5,202,0,207,154,0,154,361
08/22/2005,TMB,FL,ASO,ES,Towers with Radar,0,5,36,0,41,0,4,142,0,146,0,9,178,0,187,223,0,223,410
08/23/2005,TMB,FL,ASO,ES,Towers with Radar,0,0,57,0,57,0,2,159,0,161,0,2,216,0,218,207,0,207,425
08/24/2005,TMB,FL,ASO,ES,Towers with Radar,0,7,62,4,73,0,0,159,0,159,0,7,221,4,232,401,0,401,633
08/25/2005,TMB,FL,ASO,ES,Towers with Radar,0,1,14,0,15,0,1,28,0,29,0,2,42,0,44,0,0,0,44
08/26/2005,TMB,FL,ASO,ES,Towers with Radar,0,0,6,0,6,0,0,65,3,68,0,0,71,3,74,2,0,2,76
08/27/2005,TMB,FL,ASO,ES,Towers with Radar,0,0,18,0,18,0,0,80,0,80,0,0,98,0,98,68,0,68,166
08/28/2005,TMB,FL,ASO,ES,Towers with Radar,0,0,33,2,35,0,1,90,0,91,0,1,123,2,126,82,0,82,208
08/29/2005,TMB,FL,ASO,ES,Towers with Radar,0,0,9,0,9,0,3,132,0,135,0,3,141,0,144,135,0,135,279
08/30/2005,TMB,FL,ASO,ES,Towers with Radar,0,0,18,0,18,0,4,154,0,158,0,4,172,0,176,134,0,134,310
08/31/2005,TMB,FL,ASO,ES,Towers with Radar,0,0,64,0,64,0,3,134,0,137,0,3,198,0,201,239,0,239,440
09/01/2005,TMB,FL,ASO,ES,Towers with Radar,0,5,25,0,30,0,1,97,0,98,0,6,122,0,128,194,0,194,322
09/02/2005,TMB,FL,ASO,ES,Towers with Radar,0,0,49,2,51,0,3,203,0,206,0,3,252,2,257,287,0,287,544
09/03/2005,TMB,FL,ASO,ES,Towers with Radar,0,2,40,0,42,0,1,190,0,191,0,3,230,0,233,280,0,280,513
09/04/2005,TMB,FL,ASO,ES,Towers with Radar,0,0,19,0,19,0,7,107,0,114,0,7,126,0,133,280,0,280,413
09/05/2005,TMB,FL,ASO,ES,Towers with Radar,0,0,68,0,68,0,3,143,0,146,0,3,211,0,214,200,0,200,414
09/06/2005,TMB,FL,ASO,ES,Towers with Radar,0,1,74,0,75,0,5,118,0,123,0,6,192,0,198,320,0,320,518
09/07/2005,TMB,FL,ASO,ES,Towers with Radar,0,2,52,1,55,0,2,162,3,167,0,4,214,4,222,282,0,282,504
09/08/2005,TMB,FL,ASO,ES,Towers with Radar,0,5,63,0,68,0,3,207,0,210,0,8,270,0,278,195,0,195,473
09/09/2005,TMB,FL,ASO,ES,Towers with Radar,0,0,56,0,56,0,2,234,0,236,0,2,290,0,292,420,0,420,712
09/10/2005,TMB,FL,ASO,ES,Towers with Radar,0,1,37,0,38,0,0,245,0,245,0,1,282,0,283,275,0,275,558
09/11/2005,TMB,FL,ASO,ES,Towers with Radar,0,0,44,0,44,0,1,183,0,184,0,1,227,0,228,177,0,177,405
09/12/2005,TMB,FL,ASO,ES,Towers with Radar,0,3,49,0,52,0,8,204,0,212,0,11,253,0,264,344,0,344,608
09/13/2005,TMB,FL,ASO,ES,Towers with Radar,0,1,51,0,52,0,6,265,0,271,0,7,316,0,323,247,0,247,570
09/14/2005,TMB,FL,ASO,ES,Towers with Radar,0,4,55,4,63,0,11,212,0,223,0,15,267,4,286,291,0,291,577
09/15/2005,TMB,FL,ASO,ES,Towers with Radar,0,2,51,3,56,0,6,200,0,206,0,8,251,3,262,306,0,306,568
09/16/2005,TMB,FL,ASO,ES,Towers with Radar,0,5,41,0,46,0,1,168,1,170,0,6,209,1,216,293,0,293,509
09/17/2005,TMB,FL,ASO,ES,Towers with Radar,0,1,44,0,45,0,4,278,0,282,0,5,322,0,327,365,0,365,692
09/18/2005,TMB,FL,ASO,ES,Towers with Radar,0,6,41,0,47,0,5,215,0,220,0,11,256,0,267,272,0,272,539
09/19/2005,TMB,FL,ASO,ES,Towers with Radar,0,2,38,0,40,0,5,150,0,155,0,7,188,0,195,105,0,105,300
09/20/2005,TMB,FL,ASO,ES,Towers with Radar,0,0,0,0,0,0,0,0,0,0,0,0,0,0,0,0,0,0,0
09/21/2005,TMB,FL,ASO,ES,Towers with Radar,0,4,31,0,35,0,7,85,0,92,0,11,116,0,127,73,0,73,200
09/22/2005,TMB,FL,ASO,ES,Towers with Radar,0,2,53,0,55,0,6,176,0,182,0,8,229,0,237,198,0,198,435
09/23/2005,TMB,FL,ASO,ES,Towers with Radar,0,0,48,0,48,0,3,172,0,175,0,3,220,0,223,260,0,260,483
09/24/2005,TMB,FL,ASO,ES,Towers with Radar,0,1,41,0,42,0,2,248,0,250,0,3,289,0,292,219,0,219,511
09/25/2005,TMB,FL,ASO,ES,Towers with Radar,0,2,56,0,58,0,0,152,0,152,0,2,208,0,210,167,0,167,377
09/26/2005,TMB,FL,ASO,ES,Towers with Radar,0,1,35,0,36,0,2,143,0,145,0,3,178,0,181,268,0,268,449
09/27/2005,TMB,FL,ASO,ES,Towers with Radar,0,5,30,0,35,0,5,178,0,183,0,10,208,0,218,309,0,309,527
09/28/2005,TMB,FL,ASO,ES,Towers with Radar,0,2,31,0,33,0,1,158,0,159,0,3,189,0,192,184,0,184,376
09/29/2005,TMB,FL,ASO,ES,Towers with Radar,0,2,38,0,40,0,2,130,0,132,0,4,168,0,172,224,0,224,396
09/30/2005,TMB,FL,ASO,ES,Towers with Radar,0,4,50,4,58,0,4,161,0,165,0,8,211,4,223,269,0,269,492
10/01/2005,TMB,FL,ASO,ES,Towers with Radar,0,2,50,11,63,0,0,242,0,242,0,2,292,11,305,271,0,271,576
10/02/2005,TMB,FL,ASO,ES,Towers with Radar,0,3,32,0,35,0,2,156,0,158,0,5,188,0,193,205,0,205,398
10/03/2005,TMB,FL,ASO,ES,Towers with Radar,0,2,43,0,45,0,3,145,0,148,0,5,188,0,193,160,0,160,353
10/04/2005,TMB,FL,ASO,ES,Towers with Radar,0,2,38,0,40,0,5,53,0,58,0,7,91,0,98,154,0,154,252
10/05/2005,TMB,FL,ASO,ES,Towers with Radar,0,0,33,0,33,0,0,147,0,147,0,0,180,0,180,187,0,187,367
10/06/2005,TMB,FL,ASO,ES,Towers with Radar,0,6,42,0,48,0,0,72,0,72,0,6,114,0,120,223,0,223,343
10/07/2005,TMB,FL,ASO,ES,Towers with Radar,0,2,39,0,41,0,1,60,0,61,0,3,99,0,102,115,0,115,217
10/08/2005,TMB,FL,ASO,ES,Towers with Radar,0,1,34,0,35,0,5,258,0,263,0,6,292,0,298,271,0,271,569
10/09/2005,TMB,FL,ASO,ES,Towers with Radar,0,1,45,0,46,0,0,227,0,227,0,1,272,0,273,226,0,226,499
10/10/2005,TMB,FL,ASO,ES,Towers with Radar,0,0,55,0,55,0,2,220,0,222,0,2,275,0,277,265,0,265,542
10/11/2005,TMB,FL,ASO,ES,Towers with Radar,0,0,43,0,43,0,4,186,0,190,0,4,229,0,233,268,0,268,501
10/12/2005,TMB,FL,ASO,ES,Towers with Radar,0,0,36,0,36,0,7,217,0,224,0,7,253,0,260,202,0,202,462
10/13/2005,TMB,FL,ASO,ES,Towers with Radar,0,3,60,0,63,0,3,187,0,190,0,6,247,0,253,336,0,336,589
10/14/2005,TMB,FL,ASO,ES,Towers with Radar,0,4,53,2,59,0,3,188,0,191,0,7,241,2,250,190,0,190,440
10/15/2005,TMB,FL,ASO,ES,Towers with Radar,0,1,48,0,49,0,0,22,0,22,0,1,70,0,71,32,0,32,103
10/16/2005,TMB,FL,ASO,ES,Towers with Radar,0,5,59,0,64,0,0,216,0,216,0,5,275,0,280,242,0,242,522
10/17/2005,TMB,FL,ASO,ES,Towers with Radar,0,4,40,0,44,0,9,213,0,222,0,13,253,0,266,220,0,220,486
10/18/2005,TMB,FL,ASO,ES,Towers with Radar,0,1,57,0,58,0,3,176,0,179,0,4,233,0,237,296,0,296,533
10/19/2005,TMB,FL,ASO,ES,Towers with Radar,0,6,47,0,53,0,6,179,0,185,0,12,226,0,238,333,0,333,571
10/20/2005,TMB,FL,ASO,ES,Towers with Radar,0,7,49,0,56,0,1,171,0,172,0,8,220,0,228,282,0,282,510
10/21/2005,TMB,FL,ASO,ES,Towers with Radar,0,2,44,0,46,0,0,84,0,84,0,2,128,0,130,181,0,181,311
10/22/2005,TMB,FL,ASO,ES,Towers with Radar,0,0,28,0,28,0,0,108,0,108,0,0,136,0,136,169,0,169,305
10/23/2005,TMB,FL,ASO,ES,Towers with Radar,0,1,17,0,18,0,0,43,0,43,0,1,60,0,61,47,0,47,108
10/24/2005,TMB,FL,ASO,ES,Towers with Radar,0,0,0,0,0,0,0,0,0,0,0,0,0,0,0,0,0,0,0
10/25/2005,TMB,FL,ASO,ES,Towers with Radar,0,1,28,0,29,0,5,95,0,100,0,6,123,0,129,16,0,16,145
10/26/2005,TMB,FL,ASO,ES,Towers with Radar,0,4,26,0,30,0,6,87,0,93,0,10,113,0,123,18,0,18,141
10/27/2005,TMB,FL,ASO,ES,Towers with Radar,0,1,31,2,34,0,10,89,2,101,0,11,120,4,135,117,0,117,252
10/28/2005,TMB,FL,ASO,ES,Towers with Radar,0,1,38,0,39,0,6,194,0,200,0,7,232,0,239,250,0,250,489
10/29/2005,TMB,FL,ASO,ES,Towers with Radar,0,7,20,0,27,0,4,156,0,160,0,11,176,0,187,110,0,110,297
10/30/2005,TMB,FL,ASO,ES,Towers with Radar,0,8,30,0,38,0,3,137,0,140,0,11,167,0,178,47,0,47,225
10/31/2005,TMB,FL,ASO,ES,Towers with Radar,0,2,40,0,42,0,7,121,0,128,0,9,161,0,170,145,0,145,315
11/01/2005,TMB,FL,ASO,ES,Towers with Radar,0,1,37,0,38,0,7,140,0,147,0,8,177,0,185,209,0,209,394
11/02/2005,TMB,FL,ASO,ES,Towers with Radar,0,5,39,0,44,0,4,190,0,194,0,9,229,0,238,185,0,185,423
11/03/2005,TMB,FL,ASO,ES,Towers with Radar,0,4,54,0,58,0,5,175,0,180,0,9,229,0,238,218,0,218,456
11/04/2005,TMB,FL,ASO,ES,Towers with Radar,0,5,57,0,62,0,2,189,0,191,0,7,246,0,253,264,0,264,517
11/05/2005,TMB,FL,ASO,ES,Towers with Radar,0,3,49,0,52,0,7,265,0,272,0,10,314,0,324,280,0,280,604
11/06/2005,TMB,FL,ASO,ES,Towers with Radar,0,2,58,0,60,0,8,221,0,229,0,10,279,0,289,301,0,301,590
11/07/2005,TMB,FL,ASO,ES,Towers with Radar,0,4,75,0,79,0,7,173,0,180,0,11,248,0,259,376,0,376,635
11/08/2005,TMB,FL,ASO,ES,Towers with Radar,0,2,85,0,87,0,7,211,0,218,0,9,296,0,305,404,0,404,709
11/09/2005,TMB,FL,ASO,ES,Towers with Radar,0,1,69,0,70,0,7,237,0,244,0,8,306,0,314,215,0,215,529
11/10/2005,TMB,FL,ASO,ES,Towers with Radar,0,4,56,0,60,0,2,225,0,227,0,6,281,0,287,324,0,324,611
11/11/2005,TMB,FL,ASO,ES,Towers with Radar,0,5,101,0,106,0,0,222,0,222,0,5,323,0,328,284,0,284,612
11/12/2005,TMB,FL,ASO,ES,Towers with Radar,0,1,60,0,61,0,8,279,0,287,0,9,339,0,348,322,0,322,670
11/13/2005,TMB,FL,ASO,ES,Towers with Radar,0,11,39,0,50,0,10,225,0,235,0,21,264,0,285,193,0,193,478
11/14/2005,TMB,FL,ASO,ES,Towers with Radar,0,0,28,0,28,0,5,172,0,177,0,5,200,0,205,200,0,200,405
11/15/2005,TMB,FL,ASO,ES,Towers with Radar,0,2,61,0,63,0,1,211,0,212,0,3,272,0,275,309,0,309,584
11/16/2005,TMB,FL,ASO,ES,Towers with Radar,0,7,70,0,77,0,4,244,0,248,0,11,314,0,325,362,0,362,687
11/17/2005,TMB,FL,ASO,ES,Towers with Radar,0,8,128,4,140,0,7,184,0,191,0,15,312,4,331,270,0,270,601
11/18/2005,TMB,FL,ASO,ES,Towers with Radar,0,4,102,0,106,0,5,106,0,111,0,9,208,0,217,218,0,218,435
11/19/2005,TMB,FL,ASO,ES,Towers with Radar,0,3,94,0,97,0,11,319,0,330,0,14,413,0,427,236,0,236,663
11/20/2005,TMB,FL,ASO,ES,Towers with Radar,0,18,170,0,188,0,7,331,0,338,0,25,501,0,526,247,0,247,773
11/21/2005,TMB,FL,ASO,ES,Towers with Radar,0,4,54,0,58,0,2,138,0,140,0,6,192,0,198,173,0,173,371
11/22/2005,TMB,FL,ASO,ES,Towers with Radar,0,8,54,0,62,0,6,217,0,223,0,14,271,0,285,200,0,200,485
11/23/2005,TMB,FL,ASO,ES,Towers with Radar,0,10,58,0,68,0,2,245,0,247,0,12,303,0,315,234,0,234,549
11/24/2005,TMB,FL,ASO,ES,Towers with Radar,0,3,26,0,29,0,0,182,0,182,0,3,208,0,211,65,0,65,276
11/25/2005,TMB,FL,ASO,ES,Towers with Radar,0,6,56,0,62,0,2,290,0,292,0,8,346,0,354,253,0,253,607
11/26/2005,TMB,FL,ASO,ES,Towers with Radar,0,5,64,0,69,0,3,265,0,268,0,8,329,0,337,499,0,499,836
11/27/2005,TMB,FL,ASO,ES,Towers with Radar,0,6,80,0,86,0,1,214,0,215,0,7,294,0,301,287,0,287,588
11/28/2005,TMB,FL,ASO,ES,Towers with Radar,0,4,70,0,74,0,4,172,1,177,0,8,242,1,251,194,0,194,445
11/29/2005,TMB,FL,ASO,ES,Towers with Radar,0,3,54,0,57,0,1,126,0,127,0,4,180,0,184,239,0,239,423
11/30/2005,TMB,FL,ASO,ES,Towers with Radar,0,8,68,0,76,0,6,131,1,138,0,14,199,1,214,245,0,245,459
12/01/2005,TMB,FL,ASO,ES,Towers with Radar,0,10,59,0,69,0,0,226,0,226,0,10,285,0,295,255,0,255,550
12/02/2005,TMB,FL,ASO,ES,Towers with Radar,0,7,73,5,85,0,0,239,0,239,0,7,312,5,324,299,0,299,623
12/03/2005,TMB,FL,ASO,ES,Towers with Radar,0,4,63,0,67,0,0,343,0,343,0,4,406,0,410,299,0,299,709
12/04/2005,TMB,FL,ASO,ES,Towers with Radar,0,5,52,0,57,0,0,222,0,222,0,5,274,0,279,252,0,252,531
12/05/2005,TMB,FL,ASO,ES,Towers with Radar,0,6,67,0,73,0,0,155,0,155,0,6,222,0,228,208,0,208,436
12/06/2005,TMB,FL,ASO,ES,Towers with Radar,0,0,77,0,77,0,5,114,0,119,0,5,191,0,196,250,0,250,446
12/07/2005,TMB,FL,ASO,ES,Towers with Radar,0,6,92,0,98,0,0,37,0,37,0,6,129,0,135,69,0,69,204
12/08/2005,TMB,FL,ASO,ES,Towers with Radar,0,5,68,0,73,0,11,182,0,193,0,16,250,0,266,186,0,186,452
12/09/2005,TMB,FL,ASO,ES,Towers with Radar,0,2,55,0,57,0,3,256,0,259,0,5,311,0,316,289,0,289,605
12/10/2005,TMB,FL,ASO,ES,Towers with Radar,0,2,78,0,80,0,2,241,0,243,0,4,319,0,323,280,0,280,603
12/11/2005,TMB,FL,ASO,ES,Towers with Radar,0,5,59,0,64,0,0,178,0,178,0,5,237,0,242,288,0,288,530
12/12/2005,TMB,FL,ASO,ES,Towers with Radar,0,4,57,3,64,0,4,220,0,224,0,8,277,3,288,242,0,242,530
12/13/2005,TMB,FL,ASO,ES,Towers with Radar,0,7,77,0,84,0,0,280,0,280,0,7,357,0,364,375,0,375,739
12/14/2005,TMB,FL,ASO,ES,Towers with Radar,0,9,88,0,97,0,1,305,0,306,0,10,393,0,403,410,0,410,813
12/15/2005,TMB,FL,ASO,ES,Towers with Radar,0,6,83,0,89,0,1,150,0,151,0,7,233,0,240,293,0,293,533
12/16/2005,TMB,FL,ASO,ES,Towers with Radar,0,9,74,0,83,0,0,256,0,256,0,9,330,0,339,383,0,383,722
12/17/2005,TMB,FL,ASO,ES,Towers with Radar,0,2,81,0,83,0,2,296,0,298,0,4,377,0,381,376,0,376,757
12/18/2005,TMB,FL,ASO,ES,Towers with Radar,0,2,59,0,61,0,0,190,0,190,0,2,249,0,251,250,0,250,501
12/19/2005,TMB,FL,ASO,ES,Towers with Radar,0,13,121,0,134,0,5,0,0,5,0,18,121,0,139,23,0,23,162
12/20/2005,TMB,FL,ASO,ES,Towers with Radar,0,9,60,0,69,0,0,116,0,116,0,9,176,0,185,330,0,330,515
12/21/2005,TMB,FL,ASO,ES,Towers with Radar,0,10,65,0,75,0,6,156,0,162,0,16,221,0,237,190,0,190,427
12/22/2005,TMB,FL,ASO,ES,Towers with Radar,0,6,60,0,66,0,4,238,0,242,0,10,298,0,308,277,0,277,585
12/23/2005,TMB,FL,ASO,ES,Towers with Radar,0,5,45,0,50,0,5,177,0,182,0,10,222,0,232,226,0,226,458
12/24/2005,TMB,FL,ASO,ES,Towers with Radar,0,5,25,0,30,0,3,163,0,166,0,8,188,0,196,207,0,207,403
12/25/2005,TMB,FL,ASO,ES,Towers with Radar,0,7,10,0,17,0,2,63,0,65,0,9,73,0,82,29,0,29,111
12/26/2005,TMB,FL,ASO,ES,Towers with Radar,0,15,78,0,93,0,5,253,0,258,0,20,331,0,351,231,0,231,582
12/27/2005,TMB,FL,ASO,ES,Towers with Radar,0,6,76,0,82,0,9,238,0,247,0,15,314,0,329,405,0,405,734
12/28/2005,TMB,FL,ASO,ES,Towers with Radar,0,2,62,0,64,0,2,251,0,253,0,4,313,0,317,250,0,250,567
12/29/2005,TMB,FL,ASO,ES,Towers with Radar,0,6,42,0,48,0,4,206,0,210,0,10,248,0,258,255,0,255,513
12/30/2005,TMB,FL,ASO,ES,Towers with Radar,0,2,54,0,56,0,3,274,0,277,0,5,328,0,333,330,0,330,663
12/31/2005,TMB,FL,ASO,ES,Towers with Radar,0,3,30,0,33,0,3,213,0,216,0,6,243,0,249,227,0,227,476
01/01/2006,TMB,FL,ASO,ES,Towers with Radar,0,14,40,0,54,0,4,144,0,148,0,18,184,0,202,162,0,162,364
01/02/2006,TMB,FL,ASO,ES,Towers with Radar,0,22,73,0,95,0,1,271,0,272,0,23,344,0,367,330,0,330,697
01/03/2006,TMB,FL,ASO,ES,Towers with Radar,0,14,68,0,82,0,3,148,0,151,0,17,216,0,233,176,0,176,409
01/04/2006,TMB,FL,ASO,ES,Towers with Radar,0,7,48,0,55,0,5,227,0,232,0,12,275,0,287,328,0,328,615
01/05/2006,TMB,FL,ASO,ES,Towers with Radar,0,2,70,0,72,0,6,225,0,231,0,8,295,0,303,276,0,276,579
01/06/2006,TMB,FL,ASO,ES,Towers with Radar,0,12,53,0,65,0,4,142,0,146,0,16,195,0,211,269,0,269,480
01/07/2006,TMB,FL,ASO,ES,Towers with Radar,0,2,39,0,41,0,4,268,0,272,0,6,307,0,313,292,0,292,605
01/08/2006,TMB,FL,ASO,ES,Towers with Radar,0,10,31,0,41,0,1,248,0,249,0,11,279,0,290,240,0,240,530
01/09/2006,TMB,FL,ASO,ES,Towers with Radar,0,2,51,0,53,0,2,238,0,240,0,4,289,0,293,293,0,293,586
01/10/2006,TMB,FL,ASO,ES,Towers with Radar,0,6,60,4,70,0,4,183,0,187,0,10,243,4,257,251,0,251,508
01/11/2006,TMB,FL,ASO,ES,Towers with Radar,0,2,60,0,62,0,5,189,0,194,0,7,249,0,256,355,0,355,611
01/12/2006,TMB,FL,ASO,ES,Towers with Radar,0,3,91,0,94,0,5,197,0,202,0,8,288,0,296,323,0,323,619
01/13/2006,TMB,FL,ASO,ES,Towers with Radar,0,11,88,0,99,0,6,189,4,199,0,17,277,4,298,281,0,281,579
01/14/2006,TMB,FL,ASO,ES,Towers with Radar,0,3,47,0,50,0,1,137,0,138,0,4,184,0,188,138,0,138,326
01/15/2006,TMB,FL,ASO,ES,Towers with Radar,0,7,47,0,54,0,2,252,0,254,0,9,299,0,308,263,0,263,571
01/16/2006,TMB,FL,ASO,ES,Towers with Radar,0,3,80,0,83,0,1,253,0,254,0,4,333,0,337,326,0,326,663
01/17/2006,TMB,FL,ASO,ES,Towers with Radar,0,2,76,0,78,0,1,166,0,167,0,3,242,0,245,200,0,200,445
01/18/2006,TMB,FL,ASO,ES,Towers with Radar,0,4,60,1,65,0,1,112,0,113,0,5,172,1,178,107,0,107,285
01/19/2006,TMB,FL,ASO,ES,Towers with Radar,0,3,74,0,77,0,0,165,1,166,0,3,239,1,243,265,0,265,508
01/20/2006,TMB,FL,ASO,ES,Towers with Radar,0,7,77,0,84,0,0,229,0,229,0,7,306,0,313,145,0,145,458
01/21/2006,TMB,FL,ASO,ES,Towers with Radar,0,6,73,0,79,0,1,235,0,236,0,7,308,0,315,316,0,316,631
01/22/2006,TMB,FL,ASO,ES,Towers with Radar,0,3,74,0,77,0,0,135,0,135,0,3,209,0,212,291,0,291,503
01/23/2006,TMB,FL,ASO,ES,Towers with Radar,0,8,65,0,73,0,3,193,0,196,0,11,258,0,269,254,0,254,523
01/24/2006,TMB,FL,ASO,ES,Towers with Radar,0,3,58,0,61,0,3,242,0,245,0,6,300,0,306,412,0,412,718
01/25/2006,TMB,FL,ASO,ES,Towers with Radar,0,10,111,0,121,0,6,158,0,164,0,16,269,0,285,185,0,185,470
01/26/2006,TMB,FL,ASO,ES,Towers with Radar,0,14,69,1,84,0,0,212,0,212,0,14,281,1,296,248,0,248,544
01/27/2006,TMB,FL,ASO,ES,Towers with Radar,0,4,67,4,75,0,1,186,1,188,0,5,253,5,263,139,0,139,402
01/28/2006,TMB,FL,ASO,ES,Towers with Radar,0,16,59,0,75,0,2,242,0,244,0,18,301,0,319,233,0,233,552
01/29/2006,TMB,FL,ASO,ES,Towers with Radar,0,4,55,0,59,0,3,223,0,226,0,7,278,0,285,291,0,291,576
01/30/2006,TMB,FL,ASO,ES,Towers with Radar,0,3,52,0,55,0,13,112,1,126,0,16,164,1,181,182,0,182,363
01/31/2006,TMB,FL,ASO,ES,Towers with Radar,0,4,85,0,89,0,2,247,0,249,0,6,332,0,338,287,0,287,625
02/01/2006,TMB,FL,ASO,ES,Towers with Radar,0,1,51,0,52,0,3,238,0,241,0,4,289,0,293,297,0,297,590
02/02/2006,TMB,FL,ASO,ES,Towers with Radar,0,9,47,1,57,0,2,170,0,172,0,11,217,1,229,269,0,269,498
02/03/2006,TMB,FL,ASO,ES,Towers with Radar,0,3,57,1,61,0,4,151,0,155,0,7,208,1,216,251,0,251,467
02/04/2006,TMB,FL,ASO,ES,Towers with Radar,0,4,40,0,44,0,0,91,0,91,0,4,131,0,135,91,0,91,226
02/05/2006,TMB,FL,ASO,ES,Towers with Radar,0,2,36,0,38,0,0,288,0,288,0,2,324,0,326,450,0,450,776
02/06/2006,TMB,FL,ASO,ES,Towers with Radar,0,10,63,0,73,0,1,268,1,270,0,11,331,1,343,402,0,402,745
02/07/2006,TMB,FL,ASO,ES,Towers with Radar,0,7,38,0,45,0,4,249,0,253,0,11,287,0,298,418,0,418,716
02/08/2006,TMB,FL,ASO,ES,Towers with Radar,0,5,68,0,73,0,0,186,0,186,0,5,254,0,259,281,0,281,540
02/09/2006,TMB,FL,ASO,ES,Towers with Radar,0,3,71,0,74,0,0,287,0,287,0,3,358,0,361,197,0,197,558
02/10/2006,TMB,FL,ASO,ES,Towers with Radar,0,2,64,0,66,0,1,238,0,239,0,3,302,0,305,337,0,337,642
02/11/2006,TMB,FL,ASO,ES,Towers with Radar,0,5,58,0,63,0,0,319,0,319,0,5,377,0,382,263,0,263,645
02/12/2006,TMB,FL,ASO,ES,Towers with Radar,0,10,51,0,61,0,2,165,0,167,0,12,216,0,228,131,0,131,359
02/13/2006,TMB,FL,ASO,ES,Towers with Radar,0,4,62,0,66,0,0,210,0,210,0,4,272,0,276,200,0,200,476
02/14/2006,TMB,FL,ASO,ES,Towers with Radar,0,5,63,0,68,0,2,320,0,322,0,7,383,0,390,346,0,346,736
02/15/2006,TMB,FL,ASO,ES,Towers with Radar,0,18,83,2,103,0,2,273,0,275,0,20,356,2,378,449,0,449,827
02/16/2006,TMB,FL,ASO,ES,Towers with Radar,0,17,94,0,111,0,0,231,4,235,0,17,325,4,346,300,0,300,646
02/17/2006,TMB,FL,ASO,ES,Towers with Radar,0,0,123,0,123,0,0,303,0,303,0,0,426,0,426,410,0,410,836
02/18/2006,TMB,FL,ASO,ES,Towers with Radar,0,4,70,0,74,0,5,324,0,329,0,9,394,0,403,316,0,316,719
02/19/2006,TMB,FL,ASO,ES,Towers with Radar,0,9,68,0,77,0,0,313,0,313,0,9,381,0,390,329,0,329,719
02/20/2006,TMB,FL,ASO,ES,Towers with Radar,0,28,88,0,116,0,0,300,0,300,0,28,388,0,416,334,0,334,750
02/21/2006,TMB,FL,ASO,ES,Towers with Radar,0,10,46,0,56,0,11,304,0,315,0,21,350,0,371,449,0,449,820
02/22/2006,TMB,FL,ASO,ES,Towers with Radar,0,7,67,0,74,0,4,274,0,278,0,11,341,0,352,406,0,406,758
02/23/2006,TMB,FL,ASO,ES,Towers with Radar,0,7,65,0,72,0,5,247,0,252,0,12,312,0,324,353,0,353,677
02/24/2006,TMB,FL,ASO,ES,Towers with Radar,0,5,102,0,107,0,2,168,0,170,0,7,270,0,277,346,0,346,623
02/25/2006,TMB,FL,ASO,ES,Towers with Radar,0,4,51,0,55,0,0,186,0,186,0,4,237,0,241,299,0,299,540
02/26/2006,TMB,FL,ASO,ES,Towers with Radar,0,7,60,0,67,0,1,83,0,84,0,8,143,0,151,103,0,103,254
02/27/2006,TMB,FL,ASO,ES,Towers with Radar,0,2,49,0,51,0,1,231,0,232,0,3,280,0,283,298,0,298,581
02/28/2006,TMB,FL,ASO,ES,Towers with Radar,0,5,66,2,73,0,0,294,0,294,0,5,360,2,367,391,0,391,758
03/01/2006,TMB,FL,ASO,ES,Towers with Radar,0,5,68,8,81,0,3,248,0,251,0,8,316,8,332,508,0,508,840
03/02/2006,TMB,FL,ASO,ES,Towers with Radar,0,12,48,2,62,0,4,282,0,286,0,16,330,2,348,429,0,429,777
03/03/2006,TMB,FL,ASO,ES,Towers with Radar,0,9,77,0,86,0,0,253,0,253,0,9,330,0,339,444,0,444,783
03/04/2006,TMB,FL,ASO,ES,Towers with Radar,0,1,67,0,68,0,2,282,0,284,0,3,349,0,352,401,0,401,753
03/05/2006,TMB,FL,ASO,ES,Towers with Radar,0,5,41,0,46,0,0,267,0,267,0,5,308,0,313,307,0,307,620
03/06/2006,TMB,FL,ASO,ES,Towers with Radar,0,3,38,0,41,0,0,220,0,220,0,3,258,0,261,383,0,383,644
03/07/2006,TMB,FL,ASO,ES,Towers with Radar,0,3,66,0,69,0,3,178,0,181,0,6,244,0,250,336,0,336,586
03/08/2006,TMB,FL,ASO,ES,Towers with Radar,0,4,72,0,76,0,3,294,0,297,0,7,366,0,373,387,0,387,760
03/09/2006,TMB,FL,ASO,ES,Towers with Radar,0,7,60,1,68,0,2,227,1,230,0,9,287,2,298,156,0,156,454
03/10/2006,TMB,FL,ASO,ES,Towers with Radar,0,4,75,0,79,0,4,200,0,204,0,8,275,0,283,155,0,155,438
03/11/2006,TMB,FL,ASO,ES,Towers with Radar,0,6,67,0,73,0,1,288,0,289,0,7,355,0,362,268,0,268,630
03/12/2006,TMB,FL,ASO,ES,Towers with Radar,0,9,55,0,64,0,0,238,0,238,0,9,293,0,302,344,0,344,646
03/13/2006,TMB,FL,ASO,ES,Towers with Radar,0,8,53,0,61,0,1,165,0,166,0,9,218,0,227,337,0,337,564
03/14/2006,TMB,FL,ASO,ES,Towers with Radar,0,4,59,0,63,0,5,270,0,275,0,9,329,0,338,347,0,347,685
03/15/2006,TMB,FL,ASO,ES,Towers with Radar,0,10,57,0,67,0,2,219,0,221,0,12,276,0,288,221,0,221,509
03/16/2006,TMB,FL,ASO,ES,Towers with Radar,0,5,50,0,55,0,4,267,0,271,0,9,317,0,326,332,0,332,658
03/17/2006,TMB,FL,ASO,ES,Towers with Radar,0,9,58,0,67,0,3,213,0,216,0,12,271,0,283,239,0,239,522
03/18/2006,TMB,FL,ASO,ES,Towers with Radar,0,9,67,0,76,0,2,314,0,316,0,11,381,0,392,359,0,359,751
03/19/2006,TMB,FL,ASO,ES,Towers with Radar,0,6,69,0,75,0,0,263,0,263,0,6,332,0,338,365,0,365,703
03/20/2006,TMB,FL,ASO,ES,Towers with Radar,0,6,67,0,73,0,5,197,0,202,0,11,264,0,275,210,0,210,485
03/21/2006,TMB,FL,ASO,ES,Towers with Radar,0,1,50,0,51,0,6,197,0,203,0,7,247,0,254,206,0,206,460
03/22/2006,TMB,FL,ASO,ES,Towers with Radar,0,5,93,0,98,0,2,237,0,239,0,7,330,0,337,400,0,400,737
03/23/2006,TMB,FL,ASO,ES,Towers with Radar,0,6,80,4,90,0,0,153,0,153,0,6,233,4,243,368,0,368,611
03/24/2006,TMB,FL,ASO,ES,Towers with Radar,0,7,81,2,90,0,5,211,0,216,0,12,292,2,306,294,0,294,600
03/25/2006,TMB,FL,ASO,ES,Towers with Radar,0,9,79,0,88,0,5,345,0,350,0,14,424,0,438,155,0,155,593
03/26/2006,TMB,FL,ASO,ES,Towers with Radar,0,10,61,0,71,0,2,279,0,281,0,12,340,0,352,253,0,253,605
03/27/2006,TMB,FL,ASO,ES,Towers with Radar,0,7,67,0,74,0,4,193,0,197,0,11,260,0,271,288,0,288,559
03/28/2006,TMB,FL,ASO,ES,Towers with Radar,0,6,67,0,73,0,4,196,0,200,0,10,263,0,273,344,0,344,617
03/29/2006,TMB,FL,ASO,ES,Towers with Radar,0,19,76,0,95,0,1,277,0,278,0,20,353,0,373,501,0,501,874
03/30/2006,TMB,FL,ASO,ES,Towers with Radar,0,4,68,0,72,0,4,264,0,268,0,8,332,0,340,265,0,265,605
03/31/2006,TMB,FL,ASO,ES,Towers with Radar,0,6,68,0,74,0,5,255,0,260,0,11,323,0,334,385,0,385,719
04/01/2006,TMB,FL,ASO,ES,Towers with Radar,0,6,67,0,73,0,2,392,0,394,0,8,459,0,467,446,0,446,913
04/02/2006,TMB,FL,ASO,ES,Towers with Radar,0,5,66,2,73,0,0,282,0,282,0,5,348,2,355,388,0,388,743
04/03/2006,TMB,FL,ASO,ES,Towers with Radar,0,3,64,0,67,0,4,254,0,258,0,7,318,0,325,275,0,275,600
04/04/2006,TMB,FL,ASO,ES,Towers with Radar,0,4,57,0,61,0,3,296,0,299,0,7,353,0,360,505,0,505,865
04/05/2006,TMB,FL,ASO,ES,Towers with Radar,0,4,67,0,71,0,4,252,0,256,0,8,319,0,327,335,0,335,662
04/06/2006,TMB,FL,ASO,ES,Towers with Radar,0,9,55,1,65,0,4,268,0,272,0,13,323,1,337,303,0,303,640
04/07/2006,TMB,FL,ASO,ES,Towers with Radar,0,5,53,0,58,0,4,275,0,279,0,9,328,0,337,213,0,213,550
04/08/2006,TMB,FL,ASO,ES,Towers with Radar,0,6,48,0,54,0,2,208,0,210,0,8,256,0,264,241,0,241,505
04/09/2006,TMB,FL,ASO,ES,Towers with Radar,0,7,70,0,77,0,2,148,0,150,0,9,218,0,227,327,0,327,554
04/10/2006,TMB,FL,ASO,ES,Towers with Radar,0,10,36,0,46,0,1,111,0,112,0,11,147,0,158,140,0,140,298
04/11/2006,TMB,FL,ASO,ES,Towers with Radar,0,6,58,0,64,0,3,212,4,219,0,9,270,4,283,215,0,215,498
04/12/2006,TMB,FL,ASO,ES,Towers with Radar,0,15,53,4,72,0,5,228,0,233,0,20,281,4,305,185,0,185,490
04/13/2006,TMB,FL,ASO,ES,Towers with Radar,0,17,56,0,73,0,1,206,0,207,0,18,262,0,280,257,0,257,537
04/14/2006,TMB,FL,ASO,ES,Towers with Radar,0,10,73,0,83,0,8,255,0,263,0,18,328,0,346,257,0,257,603
04/15/2006,TMB,FL,ASO,ES,Towers with Radar,0,7,54,3,64,0,3,338,0,341,0,10,392,3,405,355,0,355,760
04/16/2006,TMB,FL,ASO,ES,Towers with Radar,0,17,57,0,74,0,0,256,0,256,0,17,313,0,330,313,0,313,643
04/17/2006,TMB,FL,ASO,ES,Towers with Radar,0,17,53,4,74,0,5,237,0,242,0,22,290,4,316,255,0,255,571
04/18/2006,TMB,FL,ASO,ES,Towers with Radar,0,11,75,0,86,0,3,235,0,238,0,14,310,0,324,355,0,355,679
04/19/2006,TMB,FL,ASO,ES,Towers with Radar,0,3,94,0,97,0,2,154,0,156,0,5,248,0,253,252,0,252,505
04/20/2006,TMB,FL,ASO,ES,Towers with Radar,0,5,67,0,72,0,2,271,0,273,0,7,338,0,345,344,0,344,689
04/21/2006,TMB,FL,ASO,ES,Towers with Radar,0,8,83,0,91,0,7,262,0,269,0,15,345,0,360,269,0,269,629
04/22/2006,TMB,FL,ASO,ES,Towers with Radar,0,7,91,0,98,0,1,292,0,293,0,8,383,0,391,323,0,323,714
04/23/2006,TMB,FL,ASO,ES,Towers with Radar,0,6,81,0,87,0,0,246,0,246,0,6,327,0,333,372,0,372,705
04/24/2006,TMB,FL,ASO,ES,Towers with Radar,0,4,53,0,57,0,4,207,0,211,0,8,260,0,268,403,0,403,671
04/25/2006,TMB,FL,ASO,ES,Towers with Radar,0,8,59,0,67,0,1,306,0,307,0,9,365,0,374,483,0,483,857
04/26/2006,TMB,FL,ASO,ES,Towers with Radar,0,1,76,0,77,0,2,242,0,244,0,3,318,0,321,325,0,325,646
04/27/2006,TMB,FL,ASO,ES,Towers with Radar,0,2,71,0,73,0,1,245,0,246,0,3,316,0,319,329,0,329,648
04/28/2006,TMB,FL,ASO,ES,Towers with Radar,0,5,78,0,83,0,5,285,2,292,0,10,363,2,375,326,0,326,701
04/29/2006,TMB,FL,ASO,ES,Towers with Radar,0,4,51,0,55,0,2,174,0,176,0,6,225,0,231,224,0,224,455
04/30/2006,TMB,FL,ASO,ES,Towers with Radar,0,4,67,0,71,0,7,224,0,231,0,11,291,0,302,273,0,273,575
05/01/2006,TMB,FL,ASO,ES,Towers with Radar,0,1,59,0,60,0,1,244,0,245,0,2,303,0,305,366,0,366,671
05/02/2006,TMB,FL,ASO,ES,Towers with Radar,0,3,47,0,50,0,1,294,0,295,0,4,341,0,345,412,0,412,757
05/03/2006,TMB,FL,ASO,ES,Towers with Radar,0,3,70,0,73,0,1,280,0,281,0,4,350,0,354,297,0,297,651
05/04/2006,TMB,FL,ASO,ES,Towers with Radar,0,15,57,0,72,0,0,326,0,326,0,15,383,0,398,381,0,381,779
05/05/2006,TMB,FL,ASO,ES,Towers with Radar,0,11,55,0,66,0,6,276,0,282,0,17,331,0,348,233,0,233,581
05/06/2006,TMB,FL,ASO,ES,Towers with Radar,0,8,54,0,62,0,1,228,0,229,0,9,282,0,291,311,0,311,602
05/07/2006,TMB,FL,ASO,ES,Towers with Radar,0,2,59,0,61,0,0,245,0,245,0,2,304,0,306,257,0,257,563
05/08/2006,TMB,FL,ASO,ES,Towers with Radar,0,1,66,0,67,0,6,207,0,213,0,7,273,0,280,241,0,241,521
05/09/2006,TMB,FL,ASO,ES,Towers with Radar,0,2,75,0,77,0,3,246,0,249,0,5,321,0,326,320,0,320,646
05/10/2006,TMB,FL,ASO,ES,Towers with Radar,0,2,77,4,83,0,5,200,0,205,0,7,277,4,288,284,0,284,572
05/11/2006,TMB,FL,ASO,ES,Towers with Radar,0,2,49,4,55,0,2,222,0,224,0,4,271,4,279,374,0,374,653
05/12/2006,TMB,FL,ASO,ES,Towers with Radar,0,1,46,0,47,0,2,211,0,213,0,3,257,0,260,257,0,257,517
05/13/2006,TMB,FL,ASO,ES,Towers with Radar,0,0,63,0,63,0,2,258,0,260,0,2,321,0,323,275,0,275,598
05/14/2006,TMB,FL,ASO,ES,Towers with Radar,0,0,42,0,42,0,4,201,0,205,0,4,243,0,247,222,0,222,469
05/15/2006,TMB,FL,ASO,ES,Towers with Radar,0,3,63,0,66,0,1,166,0,167,0,4,229,0,233,195,0,195,428
05/16/2006,TMB,FL,ASO,ES,Towers with Radar,0,7,45,0,52,0,2,97,0,99,0,9,142,0,151,112,0,112,263
05/17/2006,TMB,FL,ASO,ES,Towers with Radar,0,1,94,0,95,0,1,138,0,139,0,2,232,0,234,0,256,256,490
05/18/2006,TMB,FL,ASO,ES,Towers with Radar,0,6,87,0,93,0,1,283,0,284,0,7,370,0,377,312,0,312,689
05/19/2006,TMB,FL,ASO,ES,Towers with Radar,0,3,72,1,76,0,0,307,0,307,0,3,379,1,383,280,0,280,663
05/20/2006,TMB,FL,ASO,ES,Towers with Radar,0,2,74,0,76,0,6,256,0,262,0,8,330,0,338,379,0,379,717
05/21/2006,TMB,FL,ASO,ES,Towers with Radar,0,7,53,0,60,0,1,260,0,261,0,8,313,0,321,458,0,458,779
05/22/2006,TMB,FL,ASO,ES,Towers with Radar,0,6,68,0,74,0,6,158,1,165,0,12,226,1,239,367,0,367,606
05/23/2006,TMB,FL,ASO,ES,Towers with Radar,0,2,61,4,67,0,3,226,0,229,0,5,287,4,296,385,0,385,681
05/24/2006,TMB,FL,ASO,ES,Towers with Radar,0,2,70,0,72,0,1,203,0,204,0,3,273,0,276,261,0,261,537
05/25/2006,TMB,FL,ASO,ES,Towers with Radar,0,6,82,0,88,0,1,101,0,102,0,7,183,0,190,77,0,77,267
05/26/2006,TMB,FL,ASO,ES,Towers with Radar,0,4,62,4,70,0,6,143,0,149,0,10,205,4,219,242,0,242,461
05/27/2006,TMB,FL,ASO,ES,Towers with Radar,0,3,85,0,88,0,3,217,0,220,0,6,302,0,308,289,0,289,597
05/28/2006,TMB,FL,ASO,ES,Towers with Radar,0,2,49,0,51,0,5,174,0,179,0,7,223,0,230,232,0,232,462
05/29/2006,TMB,FL,ASO,ES,Towers with Radar,0,4,88,0,92,0,3,258,0,261,0,7,346,0,353,266,0,266,619
05/30/2006,TMB,FL,ASO,ES,Towers with Radar,0,9,72,0,81,0,1,191,0,192,0,10,263,0,273,302,0,302,575
05/31/2006,TMB,FL,ASO,ES,Towers with Radar,0,6,75,2,83,0,3,226,0,229,0,9,301,2,312,307,0,307,619
06/01/2006,TMB,FL,ASO,ES,Towers with Radar,0,5,57,0,62,0,7,167,0,174,0,12,224,0,236,196,0,196,432
06/02/2006,TMB,FL,ASO,ES,Towers with Radar,0,1,62,0,63,0,5,221,0,226,0,6,283,0,289,284,0,284,573
06/03/2006,TMB,FL,ASO,ES,Towers with Radar,0,1,65,0,66,0,3,270,0,273,0,4,335,0,339,307,0,307,646
06/04/2006,TMB,FL,ASO,ES,Towers with Radar,0,4,54,0,58,0,0,203,0,203,0,4,257,0,261,355,0,355,616
06/05/2006,TMB,FL,ASO,ES,Towers with Radar,0,2,55,2,59,0,5,204,0,209,0,7,259,2,268,299,0,299,567
06/06/2006,TMB,FL,ASO,ES,Towers with Radar,0,1,61,0,62,0,1,307,0,308,0,2,368,0,370,404,0,404,774
06/07/2006,TMB,FL,ASO,ES,Towers with Radar,0,3,60,0,63,0,5,229,0,234,0,8,289,0,297,289,0,289,586
06/08/2006,TMB,FL,ASO,ES,Towers with Radar,0,2,52,0,54,0,0,238,0,238,0,2,290,0,292,255,0,255,547
06/09/2006,TMB,FL,ASO,ES,Towers with Radar,0,1,72,0,73,0,4,152,0,156,0,5,224,0,229,189,0,189,418
06/10/2006,TMB,FL,ASO,ES,Towers with Radar,0,1,53,0,54,0,5,163,0,168,0,6,216,0,222,311,0,311,533
06/11/2006,TMB,FL,ASO,ES,Towers with Radar,0,3,53,0,56,0,3,32,0,35,0,6,85,0,91,28,0,28,119
06/12/2006,TMB,FL,ASO,ES,Towers with Radar,0,2,35,0,37,0,4,51,0,55,0,6,86,0,92,70,0,70,162
06/13/2006,TMB,FL,ASO,ES,Towers with Radar,0,2,53,0,55,0,0,144,0,144,0,2,197,0,199,230,0,230,429
06/14/2006,TMB,FL,ASO,ES,Towers with Radar,0,0,50,0,50,0,2,225,0,227,0,2,275,0,277,285,0,285,562
06/15/2006,TMB,FL,ASO,ES,Towers with Radar,0,1,74,0,75,0,3,224,0,227,0,4,298,0,302,377,0,377,679
06/16/2006,TMB,FL,ASO,ES,Towers with Radar,0,4,66,0,70,0,2,227,0,229,0,6,293,0,299,231,0,231,530
06/17/2006,TMB,FL,ASO,ES,Towers with Radar,0,1,49,0,50,0,2,197,1,200,0,3,246,1,250,282,0,282,532
06/18/2006,TMB,FL,ASO,ES,Towers with Radar,0,1,63,0,64,0,2,160,0,162,0,3,223,0,226,325,0,325,551
06/19/2006,TMB,FL,ASO,ES,Towers with Radar,0,5,39,0,44,0,4,207,0,211,0,9,246,0,255,317,0,317,572
06/20/2006,TMB,FL,ASO,ES,Towers with Radar,0,2,36,0,38,0,2,152,0,154,0,4,188,0,192,242,0,242,434
06/21/2006,TMB,FL,ASO,ES,Towers with Radar,0,2,36,0,38,0,0,209,0,209,0,2,245,0,247,276,0,276,523
06/22/2006,TMB,FL,ASO,ES,Towers with Radar,0,2,57,0,59,0,5,247,0,252,0,7,304,0,311,327,0,327,638
06/23/2006,TMB,FL,ASO,ES,Towers with Radar,0,3,36,0,39,0,6,235,0,241,0,9,271,0,280,209,0,209,489
06/24/2006,TMB,FL,ASO,ES,Towers with Radar,0,4,47,0,51,0,3,222,0,225,0,7,269,0,276,200,0,200,476
06/25/2006,TMB,FL,ASO,ES,Towers with Radar,0,1,48,0,49,0,2,76,0,78,0,3,124,0,127,207,0,207,334
06/26/2006,TMB,FL,ASO,ES,Towers with Radar,0,4,52,0,56,0,2,135,0,137,0,6,187,0,193,269,0,269,462
06/27/2006,TMB,FL,ASO,ES,Towers with Radar,0,0,49,0,49,0,1,212,2,215,0,1,261,2,264,255,0,255,519
06/28/2006,TMB,FL,ASO,ES,Towers with Radar,0,2,67,4,73,0,2,161,0,163,0,4,228,4,236,242,0,242,478
06/29/2006,TMB,FL,ASO,ES,Towers with Radar,0,1,80,1,82,0,1,166,0,167,0,2,246,1,249,170,0,170,419
06/30/2006,TMB,FL,ASO,ES,Towers with Radar,0,4,100,0,104,0,2,220,0,222,0,6,320,0,326,218,0,218,544
07/01/2006,TMB,FL,ASO,ES,Towers with Radar,0,7,80,0,87,0,1,231,0,232,0,8,311,0,319,245,0,245,564
07/02/2006,TMB,FL,ASO,ES,Towers with Radar,0,0,50,0,50,0,5,69,0,74,0,5,119,0,124,151,0,151,275
07/03/2006,TMB,FL,ASO,ES,Towers with Radar,0,0,42,0,42,0,4,192,0,196,0,4,234,0,238,285,0,285,523
07/04/2006,TMB,FL,ASO,ES,Towers with Radar,0,0,57,0,57,0,8,221,0,229,0,8,278,0,286,366,0,366,652
07/05/2006,TMB,FL,ASO,ES,Towers with Radar,0,1,45,0,46,0,1,125,0,126,0,2,170,0,172,271,0,271,443
07/06/2006,TMB,FL,ASO,ES,Towers with Radar,0,0,23,0,23,0,2,59,0,61,0,2,82,0,84,117,0,117,201
07/07/2006,TMB,FL,ASO,ES,Towers with Radar,0,3,87,0,90,0,2,128,0,130,0,5,215,0,220,228,0,228,448
07/08/2006,TMB,FL,ASO,ES,Towers with Radar,0,0,76,0,76,0,4,187,0,191,0,4,263,0,267,330,0,330,597
07/09/2006,TMB,FL,ASO,ES,Towers with Radar,0,0,56,0,56,0,2,217,0,219,0,2,273,0,275,299,0,299,574
07/10/2006,TMB,FL,ASO,ES,Towers with Radar,0,0,49,0,49,0,0,172,0,172,0,0,221,0,221,220,0,220,441
07/11/2006,TMB,FL,ASO,ES,Towers with Radar,0,2,39,0,41,0,2,116,0,118,0,4,155,0,159,183,0,183,342
07/12/2006,TMB,FL,ASO,ES,Towers with Radar,0,3,58,0,61,0,0,52,0,52,0,3,110,0,113,123,0,123,236
07/13/2006,TMB,FL,ASO,ES,Towers with Radar,0,1,72,0,73,0,7,141,0,148,0,8,213,0,221,170,0,170,391
07/14/2006,TMB,FL,ASO,ES,Towers with Radar,0,3,78,0,81,0,4,242,0,246,0,7,320,0,327,249,0,249,576
07/15/2006,TMB,FL,ASO,ES,Towers with Radar,0,1,52,0,53,0,3,292,1,296,0,4,344,1,349,312,0,312,661
07/16/2006,TMB,FL,ASO,ES,Towers with Radar,0,4,48,0,52,0,4,248,1,253,0,8,296,1,305,382,0,382,687
07/17/2006,TMB,FL,ASO,ES,Towers with Radar,0,5,48,0,53,0,6,183,0,189,0,11,231,0,242,221,0,221,463
07/18/2006,TMB,FL,ASO,ES,Towers with Radar,10,3,62,0,75,0,7,168,0,175,10,10,230,0,250,195,0,195,445
07/19/2006,TMB,FL,ASO,ES,Towers with Radar,0,3,47,0,50,0,5,189,0,194,0,8,236,0,244,256,0,256,500
07/20/2006,TMB,FL,ASO,ES,Towers with Radar,0,6,81,0,87,0,2,177,0,179,0,8,258,0,266,265,0,265,531
07/21/2006,TMB,FL,ASO,ES,Towers with Radar,0,2,54,0,56,0,2,108,0,110,0,4,162,0,166,100,0,100,266
07/22/2006,TMB,FL,ASO,ES,Towers with Radar,0,2,50,0,52,0,2,133,0,135,0,4,183,0,187,151,0,151,338
07/23/2006,TMB,FL,ASO,ES,Towers with Radar,0,7,76,0,83,0,5,258,0,263,0,12,334,0,346,301,0,301,647
07/24/2006,TMB,FL,ASO,ES,Towers with Radar,0,1,61,0,62,0,3,215,0,218,0,4,276,0,280,226,0,226,506
07/25/2006,TMB,FL,ASO,ES,Towers with Radar,0,4,74,0,78,0,3,234,0,237,0,7,308,0,315,263,0,263,578
07/26/2006,TMB,FL,ASO,ES,Towers with Radar,0,2,62,1,65,0,3,215,0,218,0,5,277,1,283,349,0,349,632
07/27/2006,TMB,FL,ASO,ES,Towers with Radar,0,2,84,0,86,0,7,265,0,272,0,9,349,0,358,280,0,280,638
07/28/2006,TMB,FL,ASO,ES,Towers with Radar,0,5,56,0,61,0,5,184,0,189,0,10,240,0,250,175,0,175,425
07/29/2006,TMB,FL,ASO,ES,Towers with Radar,0,2,79,0,81,0,3,164,0,167,0,5,243,0,248,432,0,432,680
07/30/2006,TMB,FL,ASO,ES,Towers with Radar,0,1,56,0,57,0,11,199,0,210,0,12,255,0,267,291,0,291,558
07/31/2006,TMB,FL,ASO,ES,Towers with Radar,0,3,35,2,40,0,5,76,0,81,0,8,111,2,121,40,0,40,161
08/01/2006,TMB,FL,ASO,ES,Towers with Radar,0,2,70,0,72,0,3,240,0,243,0,5,310,0,315,337,0,337,652
08/02/2006,TMB,FL,ASO,ES,Towers with Radar,0,0,57,0,57,0,3,256,0,259,0,3,313,0,316,283,0,283,599
08/03/2006,TMB,FL,ASO,ES,Towers with Radar,0,1,62,0,63,0,4,207,0,211,0,5,269,0,274,357,0,357,631
08/04/2006,TMB,FL,ASO,ES,Towers with Radar,0,4,52,0,56,0,6,201,1,208,0,10,253,1,264,250,0,250,514
08/05/2006,TMB,FL,ASO,ES,Towers with Radar,0,3,64,0,67,0,6,245,0,251,0,9,309,0,318,345,0,345,663
08/06/2006,TMB,FL,ASO,ES,Towers with Radar,0,0,40,0,40,0,4,192,0,196,0,4,232,0,236,310,0,310,546
08/07/2006,TMB,FL,ASO,ES,Towers with Radar,0,2,58,0,60,0,6,197,0,203,0,8,255,0,263,304,0,304,567
08/08/2006,TMB,FL,ASO,ES,Towers with Radar,6,0,31,0,37,0,3,137,0,140,6,3,168,0,177,165,0,165,342
08/09/2006,TMB,FL,ASO,ES,Towers with Radar,0,5,37,0,42,0,6,171,0,177,0,11,208,0,219,343,0,343,562
08/10/2006,TMB,FL,ASO,ES,Towers with Radar,0,3,55,4,62,0,4,183,0,187,0,7,238,4,249,191,0,191,440
08/11/2006,TMB,FL,ASO,ES,Towers with Radar,0,0,61,0,61,0,5,238,0,243,0,5,299,0,304,279,0,279,583
08/12/2006,TMB,FL,ASO,ES,Towers with Radar,0,1,60,0,61,0,3,302,0,305,0,4,362,0,366,305,0,305,671
08/13/2006,TMB,FL,ASO,ES,Towers with Radar,0,5,36,0,41,0,8,247,0,255,0,13,283,0,296,274,0,274,570
08/14/2006,TMB,FL,ASO,ES,Towers with Radar,0,2,47,0,49,0,5,123,0,128,0,7,170,0,177,171,0,171,348
08/15/2006,TMB,FL,ASO,ES,Towers with Radar,0,0,64,0,64,0,2,195,0,197,0,2,259,0,261,455,0,455,716
08/16/2006,TMB,FL,ASO,ES,Towers with Radar,0,0,57,0,57,0,6,161,0,167,0,6,218,0,224,265,0,265,489
08/17/2006,TMB,FL,ASO,ES,Towers with Radar,0,0,62,0,62,0,4,224,2,230,0,4,286,2,292,266,0,266,558
08/18/2006,TMB,FL,ASO,ES,Towers with Radar,0,1,54,0,55,0,3,195,0,198,0,4,249,0,253,310,0,310,563
08/19/2006,TMB,FL,ASO,ES,Towers with Radar,0,2,32,0,34,0,2,222,0,224,0,4,254,0,258,366,0,366,624
08/20/2006,TMB,FL,ASO,ES,Towers with Radar,0,9,44,0,53,0,0,112,0,112,0,9,156,0,165,194,0,194,359
08/21/2006,TMB,FL,ASO,ES,Towers with Radar,0,2,48,0,50,0,0,149,0,149,0,2,197,0,199,312,0,312,511
08/22/2006,TMB,FL,ASO,ES,Towers with Radar,0,4,67,0,71,0,1,179,0,180,0,5,246,0,251,296,0,296,547
08/23/2006,TMB,FL,ASO,ES,Towers with Radar,0,3,51,0,54,0,3,171,0,174,0,6,222,0,228,239,0,239,467
08/24/2006,TMB,FL,ASO,ES,Towers with Radar,0,2,44,0,46,0,3,155,0,158,0,5,199,0,204,260,0,260,464
08/25/2006,TMB,FL,ASO,ES,Towers with Radar,0,0,67,0,67,0,2,211,0,213,0,2,278,0,280,161,0,161,441
08/26/2006,TMB,FL,ASO,ES,Towers with Radar,0,1,48,0,49,0,4,236,0,240,0,5,284,0,289,374,0,374,663
08/27/2006,TMB,FL,ASO,ES,Towers with Radar,0,3,42,0,45,0,4,274,0,278,0,7,316,0,323,306,0,306,629
08/28/2006,TMB,FL,ASO,ES,Towers with Radar,0,8,48,0,56,0,4,202,0,206,0,12,250,0,262,286,0,286,548
08/29/2006,TMB,FL,ASO,ES,Towers with Radar,0,0,0,0,0,0,7,106,0,113,0,7,106,0,113,46,0,46,159
08/30/2006,TMB,FL,ASO,ES,Towers with Radar,0,0,6,0,6,0,0,16,0,16,0,0,22,0,22,0,0,0,22
08/31/2006,TMB,FL,ASO,ES,Towers with Radar,0,4,44,0,48,0,7,161,0,168,0,11,205,0,216,139,0,139,355
09/01/2006,TMB,FL,ASO,ES,Towers with Radar,0,2,59,0,61,0,7,161,0,168,0,9,220,0,229,224,0,224,453
09/02/2006,TMB,FL,ASO,ES,Towers with Radar,0,0,40,0,40,0,5,174,0,179,0,5,214,0,219,238,0,238,457
09/03/2006,TMB,FL,ASO,ES,Towers with Radar,0,0,40,0,40,0,0,141,0,141,0,0,181,0,181,214,0,214,395
09/04/2006,TMB,FL,ASO,ES,Towers with Radar,0,2,68,0,70,0,4,154,0,158,0,6,222,0,228,202,0,202,430
09/05/2006,TMB,FL,ASO,ES,Towers with Radar,0,4,40,0,44,0,3,102,0,105,0,7,142,0,149,166,0,166,315
09/06/2006,TMB,FL,ASO,ES,Towers with Radar,0,2,48,0,50,0,1,113,0,114,0,3,161,0,164,167,0,167,331
09/07/2006,TMB,FL,ASO,ES,Towers with Radar,0,1,64,4,69,0,0,239,0,239,0,1,303,4,308,219,0,219,527
09/08/2006,TMB,FL,ASO,ES,Towers with Radar,0,1,66,0,67,0,1,165,0,166,0,2,231,0,233,259,0,259,492
09/09/2006,TMB,FL,ASO,ES,Towers with Radar,0,0,47,0,47,0,2,257,0,259,0,2,304,0,306,343,0,343,649
09/10/2006,TMB,FL,ASO,ES,Towers with Radar,0,2,39,0,41,0,1,199,0,200,0,3,238,0,241,241,0,241,482
09/11/2006,TMB,FL,ASO,ES,Towers with Radar,0,1,43,0,44,0,1,168,0,169,0,2,211,0,213,234,0,234,447
09/12/2006,TMB,FL,ASO,ES,Towers with Radar,0,1,61,0,62,0,3,219,0,222,0,4,280,0,284,238,0,238,522
09/13/2006,TMB,FL,ASO,ES,Towers with Radar,0,2,61,0,63,0,2,229,0,231,0,4,290,0,294,283,0,283,577
09/14/2006,TMB,FL,ASO,ES,Towers with Radar,0,1,53,0,54,0,8,191,0,199,0,9,244,0,253,197,0,197,450
09/15/2006,TMB,FL,ASO,ES,Towers with Radar,0,2,37,0,39,0,3,197,0,200,0,5,234,0,239,266,0,266,505
09/16/2006,TMB,FL,ASO,ES,Towers with Radar,0,2,39,0,41,0,1,274,0,275,0,3,313,0,316,268,0,268,584
09/17/2006,TMB,FL,ASO,ES,Towers with Radar,0,1,60,0,61,0,2,284,0,286,0,3,344,0,347,320,0,320,667
09/18/2006,TMB,FL,ASO,ES,Towers with Radar,0,0,85,0,85,0,5,237,0,242,0,5,322,0,327,225,0,225,552
09/19/2006,TMB,FL,ASO,ES,Towers with Radar,0,2,37,0,39,0,3,189,0,192,0,5,226,0,231,156,0,156,387
09/20/2006,TMB,FL,ASO,ES,Towers with Radar,0,0,43,0,43,0,1,219,0,220,0,1,262,0,263,296,0,296,559
09/21/2006,TMB,FL,ASO,ES,Towers with Radar,0,0,40,0,40,0,3,281,0,284,0,3,321,0,324,353,0,353,677
09/22/2006,TMB,FL,ASO,ES,Towers with Radar,0,0,49,1,50,0,1,252,0,253,0,1,301,1,303,302,0,302,605
09/23/2006,TMB,FL,ASO,ES,Towers with Radar,4,0,47,0,51,0,4,328,0,332,4,4,375,0,383,246,0,246,629
09/24/2006,TMB,FL,ASO,ES,Towers with Radar,1,1,47,0,49,0,0,230,0,230,1,1,277,0,279,245,0,245,524
09/25/2006,TMB,FL,ASO,ES,Towers with Radar,0,4,71,0,75,0,2,249,0,251,0,6,320,0,326,286,0,286,612
09/26/2006,TMB,FL,ASO,ES,Towers with Radar,0,1,41,0,42,0,5,274,0,279,0,6,315,0,321,296,0,296,617
09/27/2006,TMB,FL,ASO,ES,Towers with Radar,0,2,54,0,56,0,4,220,0,224,0,6,274,0,280,323,0,323,603
09/28/2006,TMB,FL,ASO,ES,Towers with Radar,0,4,54,0,58,0,0,166,0,166,0,4,220,0,224,371,0,371,595
09/29/2006,TMB,FL,ASO,ES,Towers with Radar,0,2,56,0,58,0,5,198,0,203,0,7,254,0,261,291,0,291,552
09/30/2006,TMB,FL,ASO,ES,Towers with Radar,0,2,55,0,57,0,10,240,0,250,0,12,295,0,307,257,0,257,564
10/01/2006,TMB,FL,ASO,ES,Towers with Radar,0,1,37,0,38,0,4,262,0,266,0,5,299,0,304,206,0,206,510
10/02/2006,TMB,FL,ASO,ES,Towers with Radar,0,1,44,0,45,0,1,182,0,183,0,2,226,0,228,215,0,215,443
10/03/2006,TMB,FL,ASO,ES,Towers with Radar,0,1,51,0,52,0,4,168,0,172,0,5,219,0,224,214,0,214,438
10/04/2006,TMB,FL,ASO,ES,Towers with Radar,0,1,60,0,61,0,0,194,0,194,0,1,254,0,255,206,0,206,461
10/05/2006,TMB,FL,ASO,ES,Towers with Radar,0,1,65,0,66,0,4,211,0,215,0,5,276,0,281,287,0,287,568
10/06/2006,TMB,FL,ASO,ES,Towers with Radar,0,1,70,0,71,0,1,223,0,224,0,2,293,0,295,408,0,408,703
10/07/2006,TMB,FL,ASO,ES,Towers with Radar,0,1,49,0,50,0,3,323,0,326,0,4,372,0,376,471,0,471,847
10/08/2006,TMB,FL,ASO,ES,Towers with Radar,0,5,40,0,45,0,13,321,0,334,0,18,361,0,379,276,0,276,655
10/09/2006,TMB,FL,ASO,ES,Towers with Radar,0,3,50,0,53,0,3,253,0,256,0,6,303,0,309,383,0,383,692
10/10/2006,TMB,FL,ASO,ES,Towers with Radar,0,4,53,0,57,0,3,250,0,253,0,7,303,0,310,255,0,255,565
10/11/2006,TMB,FL,ASO,ES,Towers with Radar,0,0,62,0,62,0,1,265,0,266,0,1,327,0,328,230,0,230,558
10/12/2006,TMB,FL,ASO,ES,Towers with Radar,0,12,59,0,71,0,4,181,2,187,0,16,240,2,258,267,0,267,525
10/13/2006,TMB,FL,ASO,ES,Towers with Radar,0,3,59,0,62,0,5,227,0,232,0,8,286,0,294,346,0,346,640
10/14/2006,TMB,FL,ASO,ES,Towers with Radar,0,3,60,0,63,0,1,331,0,332,0,4,391,0,395,346,0,346,741
10/15/2006,TMB,FL,ASO,ES,Towers with Radar,0,2,51,1,54,0,4,238,0,242,0,6,289,1,296,246,0,246,542
10/16/2006,TMB,FL,ASO,ES,Towers with Radar,0,2,64,3,69,0,5,312,0,317,0,7,376,3,386,320,0,320,706
10/17/2006,TMB,FL,ASO,ES,Towers with Radar,0,1,92,0,93,0,2,344,0,346,0,3,436,0,439,418,0,418,857
10/18/2006,TMB,FL,ASO,ES,Towers with Radar,0,4,64,0,68,0,1,295,0,296,0,5,359,0,364,539,0,539,903
10/19/2006,TMB,FL,ASO,ES,Towers with Radar,0,0,73,0,73,0,1,322,0,323,0,1,395,0,396,452,0,452,848
10/20/2006,TMB,FL,ASO,ES,Towers with Radar,0,4,76,2,82,0,2,286,0,288,0,6,362,2,370,455,0,455,825
10/21/2006,TMB,FL,ASO,ES,Towers with Radar,0,0,62,0,62,0,5,329,0,334,0,5,391,0,396,400,0,400,796
10/22/2006,TMB,FL,ASO,ES,Towers with Radar,0,8,78,0,86,0,2,289,0,291,0,10,367,0,377,330,0,330,707
10/23/2006,TMB,FL,ASO,ES,Towers with Radar,0,2,61,0,63,0,3,253,0,256,0,5,314,0,319,413,0,413,732
10/24/2006,TMB,FL,ASO,ES,Towers with Radar,0,8,41,0,49,0,2,222,0,224,0,10,263,0,273,262,0,262,535
10/25/2006,TMB,FL,ASO,ES,Towers with Radar,0,4,48,0,52,0,2,288,0,290,0,6,336,0,342,319,0,319,661
10/26/2006,TMB,FL,ASO,ES,Towers with Radar,0,2,52,0,54,0,1,334,0,335,0,3,386,0,389,405,0,405,794
10/27/2006,TMB,FL,ASO,ES,Towers with Radar,0,8,40,0,48,0,3,244,0,247,0,11,284,0,295,267,0,267,562
10/28/2006,TMB,FL,ASO,ES,Towers with Radar,0,3,38,0,41,0,1,41,0,42,0,4,79,0,83,94,0,94,177
10/29/2006,TMB,FL,ASO,ES,Towers with Radar,0,5,63,0,68,0,7,283,0,290,0,12,346,0,358,249,0,249,607
10/30/2006,TMB,FL,ASO,ES,Towers with Radar,0,2,45,0,47,0,4,227,0,231,0,6,272,0,278,205,0,205,483
10/31/2006,TMB,FL,ASO,ES,Towers with Radar,0,0,63,0,63,0,8,212,0,220,0,8,275,0,283,332,0,332,615
11/01/2006,TMB,FL,ASO,ES,Towers with Radar,0,0,75,0,75,0,8,233,0,241,0,8,308,0,316,330,0,330,646
11/02/2006,TMB,FL,ASO,ES,Towers with Radar,0,2,41,0,43,0,5,78,0,83,0,7,119,0,126,192,0,192,318
11/03/2006,TMB,FL,ASO,ES,Towers with Radar,0,4,70,0,74,0,7,228,0,235,0,11,298,0,309,233,0,233,542
11/04/2006,TMB,FL,ASO,ES,Towers with Radar,0,6,51,0,57,0,9,125,0,134,0,15,176,0,191,165,0,165,356
11/05/2006,TMB,FL,ASO,ES,Towers with Radar,2,3,56,0,61,0,2,177,0,179,2,5,233,0,240,315,0,315,555
11/06/2006,TMB,FL,ASO,ES,Towers with Radar,0,4,35,0,39,0,2,221,0,223,0,6,256,0,262,203,0,203,465
11/07/2006,TMB,FL,ASO,ES,Towers with Radar,0,5,63,0,68,0,2,279,0,281,0,7,342,0,349,382,0,382,731
11/08/2006,TMB,FL,ASO,ES,Towers with Radar,0,5,67,0,72,0,7,264,0,271,0,12,331,0,343,305,0,305,648
11/09/2006,TMB,FL,ASO,ES,Towers with Radar,0,0,51,0,51,0,4,335,0,339,0,4,386,0,390,395,0,395,785
11/10/2006,TMB,FL,ASO,ES,Towers with Radar,0,3,75,0,78,0,8,265,0,273,0,11,340,0,351,270,0,270,621
11/11/2006,TMB,FL,ASO,ES,Towers with Radar,0,3,70,0,73,0,2,332,0,334,0,5,402,0,407,385,0,385,792
11/12/2006,TMB,FL,ASO,ES,Towers with Radar,0,8,65,0,73,0,5,298,0,303,0,13,363,0,376,253,0,253,629
11/13/2006,TMB,FL,ASO,ES,Towers with Radar,0,1,54,0,55,0,7,270,0,277,0,8,324,0,332,280,0,280,612
11/14/2006,TMB,FL,ASO,ES,Towers with Radar,0,2,71,0,73,0,5,300,0,305,0,7,371,0,378,410,0,410,788
11/15/2006,TMB,FL,ASO,ES,Towers with Radar,0,6,78,0,84,0,0,243,0,243,0,6,321,0,327,296,0,296,623
11/16/2006,TMB,FL,ASO,ES,Towers with Radar,0,6,107,0,113,0,1,119,0,120,0,7,226,0,233,179,0,179,412
11/17/2006,TMB,FL,ASO,ES,Towers with Radar,0,7,97,2,106,0,0,300,0,300,0,7,397,2,406,274,0,274,680
11/18/2006,TMB,FL,ASO,ES,Towers with Radar,0,4,94,0,98,0,7,366,0,373,0,11,460,0,471,302,0,302,773
11/19/2006,TMB,FL,ASO,ES,Towers with Radar,0,18,141,0,159,0,11,508,0,519,0,29,649,0,678,216,0,216,894
11/20/2006,TMB,FL,ASO,ES,Towers with Radar,0,5,51,0,56,0,4,217,0,221,0,9,268,0,277,255,0,255,532
11/21/2006,TMB,FL,ASO,ES,Towers with Radar,0,12,67,0,79,0,3,262,0,265,0,15,329,0,344,264,0,264,608
11/22/2006,TMB,FL,ASO,ES,Towers with Radar,0,9,77,0,86,0,9,284,0,293,0,18,361,0,379,406,0,406,785
11/23/2006,TMB,FL,ASO,ES,Towers with Radar,0,1,32,0,33,0,5,182,0,187,0,6,214,0,220,112,0,112,332
11/24/2006,TMB,FL,ASO,ES,Towers with Radar,0,8,59,0,67,0,3,251,0,254,0,11,310,0,321,222,0,222,543
11/25/2006,TMB,FL,ASO,ES,Towers with Radar,0,4,62,0,66,0,9,270,0,279,0,13,332,0,345,355,0,355,700
11/26/2006,TMB,FL,ASO,ES,Towers with Radar,0,15,105,0,120,0,2,294,0,296,0,17,399,0,416,253,0,253,669
11/27/2006,TMB,FL,ASO,ES,Towers with Radar,0,9,82,0,91,0,1,156,0,157,0,10,238,0,248,201,0,201,449
11/28/2006,TMB,FL,ASO,ES,Towers with Radar,0,5,62,0,67,0,4,302,0,306,0,9,364,0,373,358,0,358,731
11/29/2006,TMB,FL,ASO,ES,Towers with Radar,0,2,67,0,69,0,1,235,0,236,0,3,302,0,305,351,0,351,656
11/30/2006,TMB,FL,ASO,ES,Towers with Radar,0,11,106,0,117,0,0,242,0,242,0,11,348,0,359,249,0,249,608
12/01/2006,TMB,FL,ASO,ES,Towers with Radar,0,8,98,2,108,0,1,216,0,217,0,9,314,2,325,220,0,220,545
12/02/2006,TMB,FL,ASO,ES,Towers with Radar,0,6,61,2,69,0,6,365,0,371,0,12,426,2,440,341,0,341,781
12/03/2006,TMB,FL,ASO,ES,Towers with Radar,0,14,61,0,75,0,3,294,0,297,0,17,355,0,372,310,0,310,682
12/04/2006,TMB,FL,ASO,ES,Towers with Radar,0,6,69,0,75,0,3,211,0,214,0,9,280,0,289,317,0,317,606
12/05/2006,TMB,FL,ASO,ES,Towers with Radar,0,4,84,0,88,0,1,254,0,255,0,5,338,0,343,230,0,230,573
12/06/2006,TMB,FL,ASO,ES,Towers with Radar,0,2,68,0,70,0,2,254,0,256,0,4,322,0,326,261,0,261,587
12/07/2006,TMB,FL,ASO,ES,Towers with Radar,0,2,96,0,98,0,9,296,0,305,0,11,392,0,403,343,0,343,746
12/08/2006,TMB,FL,ASO,ES,Towers with Radar,0,5,68,0,73,0,8,139,0,147,0,13,207,0,220,74,0,74,294
12/09/2006,TMB,FL,ASO,ES,Towers with Radar,0,3,60,0,63,0,0,137,0,137,0,3,197,0,200,154,0,154,354
12/10/2006,TMB,FL,ASO,ES,Towers with Radar,0,1,91,0,92,0,2,291,0,293,0,3,382,0,385,340,0,340,725
12/11/2006,TMB,FL,ASO,ES,Towers with Radar,0,6,77,0,83,0,0,179,0,179,0,6,256,0,262,179,0,179,441
12/12/2006,TMB,FL,ASO,ES,Towers with Radar,0,10,84,0,94,0,10,259,0,269,0,20,343,0,363,434,0,434,797
12/13/2006,TMB,FL,ASO,ES,Towers with Radar,0,4,85,0,89,0,0,289,0,289,0,4,374,0,378,399,0,399,777
12/14/2006,TMB,FL,ASO,ES,Towers with Radar,0,8,78,0,86,0,0,38,0,38,0,8,116,0,124,38,0,38,162
12/15/2006,TMB,FL,ASO,ES,Towers with Radar,0,11,91,0,102,0,2,231,0,233,0,13,322,0,335,439,0,439,774
12/16/2006,TMB,FL,ASO,ES,Towers with Radar,0,4,113,0,117,0,2,55,0,57,0,6,168,0,174,64,0,64,238
12/17/2006,TMB,FL,ASO,ES,Towers with Radar,0,6,72,0,78,0,7,236,0,243,0,13,308,0,321,387,0,387,708
12/18/2006,TMB,FL,ASO,ES,Towers with Radar,0,2,59,0,61,0,3,264,2,269,0,5,323,2,330,476,0,476,806
12/19/2006,TMB,FL,ASO,ES,Towers with Radar,0,6,70,0,76,0,6,333,0,339,0,12,403,0,415,519,0,519,934
12/20/2006,TMB,FL,ASO,ES,Towers with Radar,0,11,61,0,72,0,7,239,0,246,0,18,300,0,318,229,0,229,547
12/21/2006,TMB,FL,ASO,ES,Towers with Radar,0,7,61,0,68,0,2,202,0,204,0,9,263,0,272,178,0,178,450
12/22/2006,TMB,FL,ASO,ES,Towers with Radar,0,7,81,0,88,0,0,208,0,208,0,7,289,0,296,212,0,212,508
12/23/2006,TMB,FL,ASO,ES,Towers with Radar,0,5,53,0,58,0,6,204,0,210,0,11,257,0,268,266,0,266,534
12/24/2006,TMB,FL,ASO,ES,Towers with Radar,0,3,48,0,51,0,5,113,0,118,0,8,161,0,169,110,0,110,279
12/25/2006,TMB,FL,ASO,ES,Towers with Radar,0,5,12,0,17,0,2,22,0,24,0,7,34,0,41,5,0,5,46
12/26/2006,TMB,FL,ASO,ES,Towers with Radar,0,22,92,0,114,0,5,206,0,211,0,27,298,0,325,271,0,271,596
12/27/2006,TMB,FL,ASO,ES,Towers with Radar,0,14,73,0,87,0,7,380,0,387,0,21,453,0,474,251,0,251,725
12/28/2006,TMB,FL,ASO,ES,Towers with Radar,0,8,82,0,90,0,7,316,0,323,0,15,398,0,413,244,0,244,657
12/29/2006,TMB,FL,ASO,ES,Towers with Radar,0,5,77,0,82,0,6,316,0,322,0,11,393,0,404,364,0,364,768
12/30/2006,TMB,FL,ASO,ES,Towers with Radar,0,10,82,0,92,0,2,314,0,316,0,12,396,0,408,213,0,213,621
12/31/2006,TMB,FL,ASO,ES,Towers with Radar,0,14,41,0,55,0,2,173,0,175,0,16,214,0,230,181,0,181,411
01/01/2007,TMB,FL,ASO,ES,Towers with Radar,0,11,48,0,59,0,0,132,0,132,0,11,180,0,191,114,0,114,305
01/02/2007,TMB,FL,ASO,ES,Towers with Radar,0,18,114,0,132,0,0,180,0,180,0,18,294,0,312,300,0,300,612
01/03/2007,TMB,FL,ASO,ES,Towers with Radar,0,4,70,0,74,0,0,251,0,251,0,4,321,0,325,318,0,318,643
01/04/2007,TMB,FL,ASO,ES,Towers with Radar,0,4,72,0,76,0,5,318,0,323,0,9,390,0,399,425,0,425,824
01/05/2007,TMB,FL,ASO,ES,Towers with Radar,0,7,83,0,90,0,1,206,0,207,0,8,289,0,297,257,0,257,554
01/06/2007,TMB,FL,ASO,ES,Towers with Radar,0,13,86,0,99,0,8,375,0,383,0,21,461,0,482,443,0,443,925
01/07/2007,TMB,FL,ASO,ES,Towers with Radar,0,3,61,0,64,0,2,246,0,248,0,5,307,0,312,255,0,255,567
01/08/2007,TMB,FL,ASO,ES,Towers with Radar,0,4,41,0,45,0,3,211,0,214,0,7,252,0,259,351,0,351,610
01/09/2007,TMB,FL,ASO,ES,Towers with Radar,0,3,60,0,63,0,2,267,0,269,0,5,327,0,332,219,0,219,551
01/10/2007,TMB,FL,ASO,ES,Towers with Radar,0,2,53,0,55,0,1,318,0,319,0,3,371,0,374,335,0,335,709
01/11/2007,TMB,FL,ASO,ES,Towers with Radar,0,3,69,0,72,0,5,246,0,251,0,8,315,0,323,414,0,414,737
01/12/2007,TMB,FL,ASO,ES,Towers with Radar,0,4,55,0,59,0,9,259,0,268,0,13,314,0,327,271,0,271,598
01/13/2007,TMB,FL,ASO,ES,Towers with Radar,0,1,68,0,69,0,3,306,0,309,0,4,374,0,378,461,0,461,839
01/14/2007,TMB,FL,ASO,ES,Towers with Radar,0,4,70,0,74,0,3,214,0,217,0,7,284,0,291,357,0,357,648
01/15/2007,TMB,FL,ASO,ES,Towers with Radar,0,11,93,0,104,0,3,161,0,164,0,14,254,0,268,512,0,512,780
01/16/2007,TMB,FL,ASO,ES,Towers with Radar,0,2,96,0,98,0,0,316,0,316,0,2,412,0,414,422,0,422,836
01/17/2007,TMB,FL,ASO,ES,Towers with Radar,0,1,84,0,85,0,6,243,0,249,0,7,327,0,334,555,0,555,889
01/18/2007,TMB,FL,ASO,ES,Towers with Radar,0,2,78,0,80,0,4,240,0,244,0,6,318,0,324,425,0,425,749
01/19/2007,TMB,FL,ASO,ES,Towers with Radar,0,3,79,0,82,0,4,235,0,239,0,7,314,0,321,450,0,450,771
01/20/2007,TMB,FL,ASO,ES,Towers with Radar,0,1,86,0,87,0,3,411,0,414,0,4,497,0,501,672,0,672,1173
01/21/2007,TMB,FL,ASO,ES,Towers with Radar,0,6,58,0,64,0,4,241,0,245,0,10,299,0,309,333,0,333,642
01/22/2007,TMB,FL,ASO,ES,Towers with Radar,0,3,59,0,62,0,2,287,0,289,0,5,346,0,351,344,0,344,695
01/23/2007,TMB,FL,ASO,ES,Towers with Radar,0,7,82,0,89,0,5,234,0,239,0,12,316,0,328,347,0,347,675
01/24/2007,TMB,FL,ASO,ES,Towers with Radar,0,4,94,0,98,0,0,218,0,218,0,4,312,0,316,503,0,503,819
01/25/2007,TMB,FL,ASO,ES,Towers with Radar,0,6,66,0,72,0,0,40,0,40,0,6,106,0,112,46,0,46,158
01/26/2007,TMB,FL,ASO,ES,Towers with Radar,0,10,84,0,94,0,2,348,0,350,0,12,432,0,444,357,0,357,801
01/27/2007,TMB,FL,ASO,ES,Towers with Radar,0,9,90,0,99,0,6,347,0,353,0,15,437,0,452,459,0,459,911
01/28/2007,TMB,FL,ASO,ES,Towers with Radar,0,11,57,0,68,0,2,154,0,156,0,13,211,0,224,228,0,228,452
01/29/2007,TMB,FL,ASO,ES,Towers with Radar,0,2,54,0,56,0,3,292,0,295,0,5,346,0,351,281,0,281,632
01/30/2007,TMB,FL,ASO,ES,Towers with Radar,0,5,104,0,109,0,3,294,0,297,0,8,398,0,406,442,0,442,848
01/31/2007,TMB,FL,ASO,ES,Towers with Radar,0,2,87,2,91,0,2,315,11,328,0,4,402,13,419,446,0,446,865
02/01/2007,TMB,FL,ASO,ES,Towers with Radar,0,3,108,0,111,0,5,246,0,251,0,8,354,0,362,158,0,158,520
02/02/2007,TMB,FL,ASO,ES,Towers with Radar,0,11,68,0,79,0,5,203,2,210,0,16,271,2,289,294,0,294,583
02/03/2007,TMB,FL,ASO,ES,Towers with Radar,0,6,72,0,78,0,3,218,0,221,0,9,290,0,299,211,0,211,510
02/04/2007,TMB,FL,ASO,ES,Towers with Radar,0,20,30,1,51,0,1,34,0,35,0,21,64,1,86,2,0,2,88
02/05/2007,TMB,FL,ASO,ES,Towers with Radar,0,32,91,1,124,0,3,100,0,103,0,35,191,1,227,55,0,55,282
02/06/2007,TMB,FL,ASO,ES,Towers with Radar,0,2,96,0,98,0,2,254,0,256,0,4,350,0,354,298,0,298,652
02/07/2007,TMB,FL,ASO,ES,Towers with Radar,0,3,112,0,115,0,0,347,0,347,0,3,459,0,462,349,0,349,811
02/08/2007,TMB,FL,ASO,ES,Towers with Radar,0,15,94,0,109,0,0,349,0,349,0,15,443,0,458,269,0,269,727
02/09/2007,TMB,FL,ASO,ES,Towers with Radar,0,4,63,0,67,0,1,261,0,262,0,5,324,0,329,399,0,399,728
02/10/2007,TMB,FL,ASO,ES,Towers with Radar,0,14,52,0,66,0,7,442,0,449,0,21,494,0,515,331,0,331,846
02/11/2007,TMB,FL,ASO,ES,Towers with Radar,0,8,91,0,99,0,0,245,0,245,0,8,336,0,344,261,0,261,605
02/12/2007,TMB,FL,ASO,ES,Towers with Radar,0,5,83,1,89,0,1,64,0,65,0,6,147,1,154,100,0,100,254
02/13/2007,TMB,FL,ASO,ES,Towers with Radar,0,6,69,1,76,0,4,271,0,275,0,10,340,1,351,431,0,431,782
02/14/2007,TMB,FL,ASO,ES,Towers with Radar,0,5,75,1,81,0,1,257,0,258,0,6,332,1,339,294,0,294,633
02/15/2007,TMB,FL,ASO,ES,Towers with Radar,0,13,84,0,97,0,0,281,1,282,0,13,365,1,379,316,0,316,695
02/16/2007,TMB,FL,ASO,ES,Towers with Radar,0,11,91,1,103,0,4,293,0,297,0,15,384,1,400,242,0,242,642
02/17/2007,TMB,FL,ASO,ES,Towers with Radar,0,3,52,0,55,0,3,384,1,388,0,6,436,1,443,291,0,291,734
02/18/2007,TMB,FL,ASO,ES,Towers with Radar,14,13,57,1,85,0,4,123,1,128,14,17,180,2,213,87,0,87,300
02/19/2007,TMB,FL,ASO,ES,Towers with Radar,0,8,86,0,94,0,24,375,0,399,0,32,461,0,493,258,0,258,751
02/20/2007,TMB,FL,ASO,ES,Towers with Radar,0,6,95,0,101,0,4,370,0,374,0,10,465,0,475,340,0,340,815
02/21/2007,TMB,FL,ASO,ES,Towers with Radar,0,5,104,0,109,0,2,370,0,372,0,7,474,0,481,522,0,522,1003
02/22/2007,TMB,FL,ASO,ES,Towers with Radar,0,4,77,0,81,0,10,352,0,362,0,14,429,0,443,392,0,392,835
02/23/2007,TMB,FL,ASO,ES,Towers with Radar,0,4,95,0,99,0,8,376,0,384,0,12,471,0,483,444,0,444,927
02/24/2007,TMB,FL,ASO,ES,Towers with Radar,0,6,66,0,72,0,0,455,0,455,0,6,521,0,527,535,0,535,1062
02/25/2007,TMB,FL,ASO,ES,Towers with Radar,0,3,66,0,69,0,1,310,0,311,0,4,376,0,380,236,0,236,616
02/26/2007,TMB,FL,ASO,ES,Towers with Radar,0,8,58,0,66,0,0,213,0,213,0,8,271,0,279,352,0,352,631
02/27/2007,TMB,FL,ASO,ES,Towers with Radar,0,5,68,0,73,0,1,258,0,259,0,6,326,0,332,400,0,400,732
02/28/2007,TMB,FL,ASO,ES,Towers with Radar,0,6,99,1,106,0,1,229,0,230,0,7,328,1,336,376,0,376,712
03/01/2007,TMB,FL,ASO,ES,Towers with Radar,0,7,92,0,99,0,2,287,0,289,0,9,379,0,388,521,0,521,909
03/02/2007,TMB,FL,ASO,ES,Towers with Radar,0,13,68,0,81,0,5,273,0,278,0,18,341,0,359,249,0,249,608
03/03/2007,TMB,FL,ASO,ES,Towers with Radar,0,5,67,0,72,0,2,386,0,388,0,7,453,0,460,552,0,552,1012
03/04/2007,TMB,FL,ASO,ES,Towers with Radar,0,8,59,0,67,0,11,299,0,310,0,19,358,0,377,362,0,362,739
03/05/2007,TMB,FL,ASO,ES,Towers with Radar,0,11,70,2,83,0,5,287,2,294,0,16,357,4,377,309,0,309,686
03/06/2007,TMB,FL,ASO,ES,Towers with Radar,0,2,83,0,85,0,6,362,0,368,0,8,445,0,453,326,0,326,779
03/07/2007,TMB,FL,ASO,ES,Towers with Radar,0,4,70,0,74,0,1,380,1,382,0,5,450,1,456,394,0,394,850
03/08/2007,TMB,FL,ASO,ES,Towers with Radar,0,4,83,0,87,0,8,322,0,330,0,12,405,0,417,273,0,273,690
03/09/2007,TMB,FL,ASO,ES,Towers with Radar,0,8,76,0,84,0,5,378,0,383,0,13,454,0,467,333,0,333,800
03/10/2007,TMB,FL,ASO,ES,Towers with Radar,0,6,61,0,67,0,7,353,0,360,0,13,414,0,427,401,0,401,828
03/11/2007,TMB,FL,ASO,ES,Towers with Radar,0,10,66,4,80,0,1,289,0,290,0,11,355,4,370,440,0,440,810
03/12/2007,TMB,FL,ASO,ES,Towers with Radar,0,4,60,0,64,0,3,249,0,252,0,7,309,0,316,313,0,313,629
03/13/2007,TMB,FL,ASO,ES,Towers with Radar,0,3,53,0,56,0,2,285,0,287,0,5,338,0,343,484,0,484,827
03/14/2007,TMB,FL,ASO,ES,Towers with Radar,0,2,90,0,92,0,5,272,0,277,0,7,362,0,369,376,0,376,745
03/15/2007,TMB,FL,ASO,ES,Towers with Radar,0,7,74,0,81,0,3,202,0,205,0,10,276,0,286,222,0,222,508
03/16/2007,TMB,FL,ASO,ES,Towers with Radar,0,5,63,0,68,0,0,166,0,166,0,5,229,0,234,179,0,179,413
03/17/2007,TMB,FL,ASO,ES,Towers with Radar,0,12,77,0,89,0,0,319,0,319,0,12,396,0,408,293,0,293,701
03/18/2007,TMB,FL,ASO,ES,Towers with Radar,0,9,97,0,106,0,0,298,0,298,0,9,395,0,404,408,0,408,812
03/19/2007,TMB,FL,ASO,ES,Towers with Radar,0,1,75,0,76,0,6,227,0,233,0,7,302,0,309,295,0,295,604
03/20/2007,TMB,FL,ASO,ES,Towers with Radar,0,4,100,0,104,0,1,252,0,253,0,5,352,0,357,366,0,366,723
03/21/2007,TMB,FL,ASO,ES,Towers with Radar,0,7,86,0,93,0,4,276,0,280,0,11,362,0,373,281,0,281,654
03/22/2007,TMB,FL,ASO,ES,Towers with Radar,0,13,96,0,109,0,0,58,0,58,0,13,154,0,167,59,0,59,226
03/23/2007,TMB,FL,ASO,ES,Towers with Radar,0,7,96,0,103,0,3,345,0,348,0,10,441,0,451,297,0,297,748
03/24/2007,TMB,FL,ASO,ES,Towers with Radar,0,18,72,0,90,0,1,339,0,340,0,19,411,0,430,236,0,236,666
03/25/2007,TMB,FL,ASO,ES,Towers with Radar,0,7,82,0,89,0,7,269,0,276,0,14,351,0,365,300,0,300,665
03/26/2007,TMB,FL,ASO,ES,Towers with Radar,0,5,87,0,92,0,7,283,0,290,0,12,370,0,382,344,0,344,726
03/27/2007,TMB,FL,ASO,ES,Towers with Radar,0,6,87,0,93,0,2,236,0,238,0,8,323,0,331,582,0,582,913
03/28/2007,TMB,FL,ASO,ES,Towers with Radar,0,6,77,0,83,0,2,345,0,347,0,8,422,0,430,464,0,464,894
03/29/2007,TMB,FL,ASO,ES,Towers with Radar,1,0,89,0,90,0,8,296,0,304,1,8,385,0,394,434,0,434,828
03/30/2007,TMB,FL,ASO,ES,Towers with Radar,0,8,97,0,105,0,3,290,0,293,0,11,387,0,398,358,0,358,756
03/31/2007,TMB,FL,ASO,ES,Towers with Radar,0,15,70,0,85,0,1,394,0,395,0,16,464,0,480,363,0,363,843
04/01/2007,TMB,FL,ASO,ES,Towers with Radar,0,11,70,0,81,0,13,270,0,283,0,24,340,0,364,202,0,202,566
04/02/2007,TMB,FL,ASO,ES,Towers with Radar,0,6,69,0,75,0,6,255,2,263,0,12,324,2,338,285,0,285,623
04/03/2007,TMB,FL,ASO,ES,Towers with Radar,0,5,93,0,98,0,3,345,0,348,0,8,438,0,446,491,0,491,937
04/04/2007,TMB,FL,ASO,ES,Towers with Radar,0,8,111,0,119,0,9,266,0,275,0,17,377,0,394,293,0,293,687
04/05/2007,TMB,FL,ASO,ES,Towers with Radar,0,11,75,0,86,0,5,293,0,298,0,16,368,0,384,433,0,433,817
04/06/2007,TMB,FL,ASO,ES,Towers with Radar,0,12,67,0,79,0,4,275,0,279,0,16,342,0,358,431,0,431,789
04/07/2007,TMB,FL,ASO,ES,Towers with Radar,0,3,63,0,66,0,1,348,0,349,0,4,411,0,415,287,0,287,702
04/08/2007,TMB,FL,ASO,ES,Towers with Radar,0,8,65,0,73,0,7,228,0,235,0,15,293,0,308,290,0,290,598
04/09/2007,TMB,FL,ASO,ES,Towers with Radar,0,8,82,0,90,0,3,283,0,286,0,11,365,0,376,358,0,358,734
04/10/2007,TMB,FL,ASO,ES,Towers with Radar,0,4,76,0,80,0,3,242,0,245,0,7,318,0,325,312,0,312,637
04/11/2007,TMB,FL,ASO,ES,Towers with Radar,0,5,60,0,65,0,2,237,0,239,0,7,297,0,304,379,0,379,683
04/12/2007,TMB,FL,ASO,ES,Towers with Radar,0,3,59,0,62,0,4,119,0,123,0,7,178,0,185,273,0,273,458
04/13/2007,TMB,FL,ASO,ES,Towers with Radar,0,10,83,0,93,0,0,364,0,364,0,10,447,0,457,437,0,437,894
04/14/2007,TMB,FL,ASO,ES,Towers with Radar,0,5,76,0,81,0,6,370,0,376,0,11,446,0,457,373,0,373,830
04/15/2007,TMB,FL,ASO,ES,Towers with Radar,0,6,44,0,50,0,3,55,1,59,0,9,99,1,109,50,0,50,159
04/16/2007,TMB,FL,ASO,ES,Towers with Radar,0,4,55,0,59,0,4,214,0,218,0,8,269,0,277,127,0,127,404
04/17/2007,TMB,FL,ASO,ES,Towers with Radar,0,3,74,0,77,0,4,367,0,371,0,7,441,0,448,466,0,466,914
04/18/2007,TMB,FL,ASO,ES,Towers with Radar,0,6,57,0,63,0,0,279,0,279,0,6,336,0,342,424,0,424,766
04/19/2007,TMB,FL,ASO,ES,Towers with Radar,0,8,63,0,71,0,15,316,0,331,0,23,379,0,402,364,0,364,766
04/20/2007,TMB,FL,ASO,ES,Towers with Radar,0,2,61,0,63,0,4,349,0,353,0,6,410,0,416,626,0,626,1042
04/21/2007,TMB,FL,ASO,ES,Towers with Radar,0,9,73,0,82,0,0,385,0,385,0,9,458,0,467,502,0,502,969
04/22/2007,TMB,FL,ASO,ES,Towers with Radar,0,4,56,0,60,0,7,301,0,308,0,11,357,0,368,292,0,292,660
04/23/2007,TMB,FL,ASO,ES,Towers with Radar,0,9,66,0,75,0,1,241,0,242,0,10,307,0,317,364,0,364,681
04/24/2007,TMB,FL,ASO,ES,Towers with Radar,0,1,84,0,85,0,1,353,0,354,0,2,437,0,439,546,0,546,985
04/25/2007,TMB,FL,ASO,ES,Towers with Radar,0,9,68,0,77,0,1,288,0,289,0,10,356,0,366,454,0,454,820
04/26/2007,TMB,FL,ASO,ES,Towers with Radar,0,2,66,0,68,0,3,285,0,288,0,5,351,0,356,352,0,352,708
04/27/2007,TMB,FL,ASO,ES,Towers with Radar,0,5,64,0,69,0,2,302,0,304,0,7,366,0,373,534,0,534,907
04/28/2007,TMB,FL,ASO,ES,Towers with Radar,0,11,50,0,61,0,2,146,0,148,0,13,196,0,209,241,0,241,450
04/29/2007,TMB,FL,ASO,ES,Towers with Radar,0,6,60,0,66,0,1,303,0,304,0,7,363,0,370,268,0,268,638
04/30/2007,TMB,FL,ASO,ES,Towers with Radar,0,2,87,0,89,0,6,292,0,298,0,8,379,0,387,552,0,552,939
05/01/2007,TMB,FL,ASO,ES,Towers with Radar,0,3,75,0,78,0,2,304,0,306,0,5,379,0,384,409,0,409,793
05/02/2007,TMB,FL,ASO,ES,Towers with Radar,0,4,77,0,81,0,0,249,0,249,0,4,326,0,330,371,0,371,701
05/03/2007,TMB,FL,ASO,ES,Towers with Radar,0,2,78,0,80,0,4,302,0,306,0,6,380,0,386,485,0,485,871
05/04/2007,TMB,FL,ASO,ES,Towers with Radar,0,11,76,0,87,0,0,271,0,271,0,11,347,0,358,415,0,415,773
05/05/2007,TMB,FL,ASO,ES,Towers with Radar,0,1,57,0,58,0,4,257,0,261,0,5,314,0,319,420,0,420,739
05/06/2007,TMB,FL,ASO,ES,Towers with Radar,0,6,75,0,81,0,2,222,0,224,0,8,297,0,305,486,0,486,791
05/07/2007,TMB,FL,ASO,ES,Towers with Radar,0,2,47,1,50,0,1,156,0,157,0,3,203,1,207,141,0,141,348
05/08/2007,TMB,FL,ASO,ES,Towers with Radar,0,2,74,0,76,0,3,268,0,271,0,5,342,0,347,269,0,269,616
05/09/2007,TMB,FL,ASO,ES,Towers with Radar,0,6,64,0,70,0,3,243,0,246,0,9,307,0,316,440,0,440,756
05/10/2007,TMB,FL,ASO,ES,Towers with Radar,0,4,68,0,72,0,0,316,0,316,0,4,384,0,388,563,0,563,951
05/11/2007,TMB,FL,ASO,ES,Towers with Radar,0,4,74,0,78,0,1,178,0,179,0,5,252,0,257,529,0,529,786
05/12/2007,TMB,FL,ASO,ES,Towers with Radar,0,4,117,0,121,0,3,76,0,79,0,7,193,0,200,440,0,440,640
05/13/2007,TMB,FL,ASO,ES,Towers with Radar,0,6,61,0,67,0,4,134,0,138,0,10,195,0,205,541,0,541,746
05/14/2007,TMB,FL,ASO,ES,Towers with Radar,0,2,64,0,66,0,2,194,0,196,0,4,258,0,262,282,0,282,544
05/15/2007,TMB,FL,ASO,ES,Towers with Radar,0,4,91,0,95,0,2,142,0,144,0,6,233,0,239,398,0,398,637
05/16/2007,TMB,FL,ASO,ES,Towers with Radar,0,2,83,0,85,0,3,175,0,178,0,5,258,0,263,432,0,432,695
05/17/2007,TMB,FL,ASO,ES,Towers with Radar,0,6,80,0,86,0,3,281,0,284,0,9,361,0,370,455,0,455,825
05/18/2007,TMB,FL,ASO,ES,Towers with Radar,1,4,67,0,72,0,2,240,0,242,1,6,307,0,314,349,0,349,663
05/19/2007,TMB,FL,ASO,ES,Towers with Radar,2,2,54,0,58,2,7,288,0,297,4,9,342,0,355,564,0,564,919
05/20/2007,TMB,FL,ASO,ES,Towers with Radar,0,1,79,0,80,0,7,186,0,193,0,8,265,0,273,311,0,311,584
05/21/2007,TMB,FL,ASO,ES,Towers with Radar,0,3,57,0,60,0,0,291,0,291,0,3,348,0,351,442,0,442,793
05/22/2007,TMB,FL,ASO,ES,Towers with Radar,0,5,95,0,100,0,3,235,0,238,0,8,330,0,338,354,0,354,692
05/23/2007,TMB,FL,ASO,ES,Towers with Radar,1,3,56,0,60,0,3,257,0,260,1,6,313,0,320,337,0,337,657
05/24/2007,TMB,FL,ASO,ES,Towers with Radar,0,5,77,0,82,0,6,222,0,228,0,11,299,0,310,227,0,227,537
05/25/2007,TMB,FL,ASO,ES,Towers with Radar,0,3,82,0,85,0,6,215,0,221,0,9,297,0,306,201,0,201,507
05/26/2007,TMB,FL,ASO,ES,Towers with Radar,0,10,103,0,113,0,0,246,0,246,0,10,349,0,359,467,0,467,826
05/27/2007,TMB,FL,ASO,ES,Towers with Radar,0,2,75,0,77,0,1,205,0,206,0,3,280,0,283,267,0,267,550
05/28/2007,TMB,FL,ASO,ES,Towers with Radar,0,2,88,0,90,0,0,313,0,313,0,2,401,0,403,363,0,363,766
05/29/2007,TMB,FL,ASO,ES,Towers with Radar,0,1,73,0,74,0,5,260,0,265,0,6,333,0,339,347,0,347,686
05/30/2007,TMB,FL,ASO,ES,Towers with Radar,0,3,83,0,86,0,5,283,0,288,0,8,366,0,374,256,0,256,630
05/31/2007,TMB,FL,ASO,ES,Towers with Radar,0,6,87,0,93,0,0,197,1,198,0,6,284,1,291,490,0,490,781
06/01/2007,TMB,FL,ASO,ES,Towers with Radar,0,4,80,0,84,0,4,54,0,58,0,8,134,0,142,176,0,176,318
06/02/2007,TMB,FL,ASO,ES,Towers with Radar,0,1,38,0,39,0,0,27,0,27,0,1,65,0,66,28,0,28,94
06/03/2007,TMB,FL,ASO,ES,Towers with Radar,0,4,53,0,57,0,2,255,0,257,0,6,308,0,314,468,0,468,782
06/04/2007,TMB,FL,ASO,ES,Towers with Radar,0,1,49,0,50,0,2,269,0,271,0,3,318,0,321,382,0,382,703
06/05/2007,TMB,FL,ASO,ES,Towers with Radar,0,1,65,0,66,0,0,255,0,255,0,1,320,0,321,540,0,540,861
06/06/2007,TMB,FL,ASO,ES,Towers with Radar,0,4,59,0,63,0,0,176,0,176,0,4,235,0,239,529,0,529,768
06/07/2007,TMB,FL,ASO,ES,Towers with Radar,0,2,67,0,69,0,5,243,0,248,0,7,310,0,317,380,0,380,697
06/08/2007,TMB,FL,ASO,ES,Towers with Radar,0,2,64,0,66,0,0,159,0,159,0,2,223,0,225,279,0,279,504
06/09/2007,TMB,FL,ASO,ES,Towers with Radar,0,3,81,0,84,0,1,328,0,329,0,4,409,0,413,589,0,589,1002
06/10/2007,TMB,FL,ASO,ES,Towers with Radar,0,2,80,0,82,0,0,295,0,295,0,2,375,0,377,437,0,437,814
06/11/2007,TMB,FL,ASO,ES,Towers with Radar,0,1,76,0,77,0,4,321,0,325,0,5,397,0,402,444,0,444,846
06/12/2007,TMB,FL,ASO,ES,Towers with Radar,0,5,59,0,64,0,2,258,0,260,0,7,317,0,324,438,0,438,762
06/13/2007,TMB,FL,ASO,ES,Towers with Radar,4,3,79,0,86,0,3,208,0,211,4,6,287,0,297,341,0,341,638
06/14/2007,TMB,FL,ASO,ES,Towers with Radar,0,0,103,0,103,0,4,252,0,256,0,4,355,0,359,567,0,567,926
06/15/2007,TMB,FL,ASO,ES,Towers with Radar,0,10,57,0,67,0,0,189,0,189,0,10,246,0,256,457,0,457,713
06/16/2007,TMB,FL,ASO,ES,Towers with Radar,0,3,39,0,42,0,2,80,0,82,0,5,119,0,124,147,0,147,271
06/17/2007,TMB,FL,ASO,ES,Towers with Radar,0,0,57,0,57,0,0,161,0,161,0,0,218,0,218,328,0,328,546
06/18/2007,TMB,FL,ASO,ES,Towers with Radar,0,1,80,0,81,0,1,219,0,220,0,2,299,0,301,375,0,375,676
06/19/2007,TMB,FL,ASO,ES,Towers with Radar,0,0,96,0,96,0,3,305,0,308,0,3,401,0,404,645,0,645,1049
06/20/2007,TMB,FL,ASO,ES,Towers with Radar,0,1,69,0,70,0,1,282,0,283,0,2,351,0,353,525,0,525,878
06/21/2007,TMB,FL,ASO,ES,Towers with Radar,1,5,58,0,64,0,5,268,0,273,1,10,326,0,337,417,0,417,754
06/22/2007,TMB,FL,ASO,ES,Towers with Radar,0,2,67,0,69,0,3,274,0,277,0,5,341,0,346,500,0,500,846
06/23/2007,TMB,FL,ASO,ES,Towers with Radar,0,3,69,0,72,0,7,313,0,320,0,10,382,0,392,385,0,385,777
06/24/2007,TMB,FL,ASO,ES,Towers with Radar,0,1,62,0,63,0,6,198,0,204,0,7,260,0,267,333,0,333,600
06/25/2007,TMB,FL,ASO,ES,Towers with Radar,0,3,68,0,71,0,6,207,0,213,0,9,275,0,284,488,0,488,772
06/26/2007,TMB,FL,ASO,ES,Towers with Radar,0,3,75,0,78,0,8,213,0,221,0,11,288,0,299,398,0,398,697
06/27/2007,TMB,FL,ASO,ES,Towers with Radar,0,6,66,0,72,0,3,207,0,210,0,9,273,0,282,533,0,533,815
06/28/2007,TMB,FL,ASO,ES,Towers with Radar,0,5,66,0,71,0,6,154,0,160,0,11,220,0,231,502,0,502,733
06/29/2007,TMB,FL,ASO,ES,Towers with Radar,0,4,71,0,75,0,0,157,0,157,0,4,228,0,232,530,0,530,762
06/30/2007,TMB,FL,ASO,ES,Towers with Radar,0,4,61,0,65,0,0,300,0,300,0,4,361,0,365,477,0,477,842
07/01/2007,TMB,FL,ASO,ES,Towers with Radar,0,3,38,0,41,0,1,184,0,185,0,4,222,0,226,396,0,396,622
07/02/2007,TMB,FL,ASO,ES,Towers with Radar,1,1,49,2,53,0,7,192,2,201,1,8,241,4,254,360,0,360,614
07/03/2007,TMB,FL,ASO,ES,Towers with Radar,0,1,48,0,49,0,5,206,0,211,0,6,254,0,260,378,0,378,638
07/04/2007,TMB,FL,ASO,ES,Towers with Radar,0,0,53,0,53,0,5,230,0,235,0,5,283,0,288,187,0,187,475
07/05/2007,TMB,FL,ASO,ES,Towers with Radar,0,8,43,0,51,0,6,227,0,233,0,14,270,0,284,465,0,465,749
07/06/2007,TMB,FL,ASO,ES,Towers with Radar,1,1,69,0,71,0,6,249,0,255,1,7,318,0,326,447,0,447,773
07/07/2007,TMB,FL,ASO,ES,Towers with Radar,0,1,71,0,72,0,7,284,0,291,0,8,355,0,363,398,0,398,761
07/08/2007,TMB,FL,ASO,ES,Towers with Radar,1,4,62,0,67,0,8,260,0,268,1,12,322,0,335,441,0,441,776
07/09/2007,TMB,FL,ASO,ES,Towers with Radar,0,3,61,0,64,0,9,276,0,285,0,12,337,0,349,303,0,303,652
07/10/2007,TMB,FL,ASO,ES,Towers with Radar,0,2,85,0,87,0,3,321,0,324,0,5,406,0,411,495,0,495,906
07/11/2007,TMB,FL,ASO,ES,Towers with Radar,0,4,94,0,98,0,2,288,0,290,0,6,382,0,388,210,0,210,598
07/12/2007,TMB,FL,ASO,ES,Towers with Radar,0,2,71,0,73,0,1,260,0,261,0,3,331,0,334,338,0,338,672
07/13/2007,TMB,FL,ASO,ES,Towers with Radar,0,2,75,0,77,0,2,294,0,296,0,4,369,0,373,557,0,557,930
07/14/2007,TMB,FL,ASO,ES,Towers with Radar,0,1,50,0,51,0,3,328,0,331,0,4,378,0,382,412,0,412,794
07/15/2007,TMB,FL,ASO,ES,Towers with Radar,0,1,78,0,79,0,7,142,0,149,0,8,220,0,228,482,0,482,710
07/16/2007,TMB,FL,ASO,ES,Towers with Radar,0,2,73,0,75,0,2,232,4,238,0,4,305,4,313,459,0,459,772
07/17/2007,TMB,FL,ASO,ES,Towers with Radar,0,0,78,0,78,0,4,331,0,335,0,4,409,0,413,515,0,515,928
07/18/2007,TMB,FL,ASO,ES,Towers with Radar,0,4,68,0,72,0,2,276,0,278,0,6,344,0,350,543,0,543,893
07/19/2007,TMB,FL,ASO,ES,Towers with Radar,0,1,84,0,85,0,5,269,0,274,0,6,353,0,359,529,0,529,888
07/20/2007,TMB,FL,ASO,ES,Towers with Radar,0,1,64,0,65,0,5,262,0,267,0,6,326,0,332,513,0,513,845
07/21/2007,TMB,FL,ASO,ES,Towers with Radar,0,1,46,0,47,0,7,226,0,233,0,8,272,0,280,255,0,255,535
07/22/2007,TMB,FL,ASO,ES,Towers with Radar,0,6,61,0,67,0,3,175,0,178,0,9,236,0,245,257,0,257,502
07/23/2007,TMB,FL,ASO,ES,Towers with Radar,0,6,52,0,58,0,5,226,0,231,0,11,278,0,289,595,0,595,884
07/24/2007,TMB,FL,ASO,ES,Towers with Radar,0,2,73,0,75,0,3,244,0,247,0,5,317,0,322,403,0,403,725
07/25/2007,TMB,FL,ASO,ES,Towers with Radar,0,2,61,0,63,0,5,322,0,327,0,7,383,0,390,569,0,569,959
07/26/2007,TMB,FL,ASO,ES,Towers with Radar,0,3,73,0,76,0,8,316,0,324,0,11,389,0,400,492,0,492,892
07/27/2007,TMB,FL,ASO,ES,Towers with Radar,0,4,64,0,68,0,2,239,0,241,0,6,303,0,309,180,0,180,489
07/28/2007,TMB,FL,ASO,ES,Towers with Radar,0,1,49,0,50,0,1,305,0,306,0,2,354,0,356,479,0,479,835
07/29/2007,TMB,FL,ASO,ES,Towers with Radar,0,0,58,0,58,0,5,230,0,235,0,5,288,0,293,321,0,321,614
07/30/2007,TMB,FL,ASO,ES,Towers with Radar,0,5,45,0,50,0,1,224,0,225,0,6,269,0,275,369,0,369,644
07/31/2007,TMB,FL,ASO,ES,Towers with Radar,0,11,48,0,59,0,1,240,0,241,0,12,288,0,300,336,0,336,636
08/01/2007,TMB,FL,ASO,ES,Towers with Radar,0,0,67,0,67,0,1,230,0,231,0,1,297,0,298,498,0,498,796
08/02/2007,TMB,FL,ASO,ES,Towers with Radar,0,4,78,0,82,0,1,296,0,297,0,5,374,0,379,424,0,424,803
08/03/2007,TMB,FL,ASO,ES,Towers with Radar,0,2,87,0,89,0,2,299,0,301,0,4,386,0,390,458,0,458,848
08/04/2007,TMB,FL,ASO,ES,Towers with Radar,0,2,61,0,63,0,3,275,0,278,0,5,336,0,341,388,0,388,729
08/05/2007,TMB,FL,ASO,ES,Towers with Radar,0,0,42,0,42,0,3,243,0,246,0,3,285,0,288,440,0,440,728
08/06/2007,TMB,FL,ASO,ES,Towers with Radar,0,3,54,0,57,0,3,194,0,197,0,6,248,0,254,354,0,354,608
08/07/2007,TMB,FL,ASO,ES,Towers with Radar,0,1,73,0,74,0,0,320,0,320,0,1,393,0,394,506,0,506,900
08/08/2007,TMB,FL,ASO,ES,Towers with Radar,0,6,119,0,125,0,2,259,0,261,0,8,378,0,386,373,0,373,759
08/09/2007,TMB,FL,ASO,ES,Towers with Radar,0,1,93,0,94,0,2,311,1,314,0,3,404,1,408,379,0,379,787
08/10/2007,TMB,FL,ASO,ES,Towers with Radar,0,2,85,0,87,0,6,282,0,288,0,8,367,0,375,360,0,360,735
08/11/2007,TMB,FL,ASO,ES,Towers with Radar,0,5,70,0,75,0,4,271,0,275,0,9,341,0,350,309,0,309,659
08/12/2007,TMB,FL,ASO,ES,Towers with Radar,0,3,38,0,41,0,4,187,0,191,0,7,225,0,232,372,0,372,604
08/13/2007,TMB,FL,ASO,ES,Towers with Radar,0,4,93,0,97,0,5,198,0,203,0,9,291,0,300,308,0,308,608
08/14/2007,TMB,FL,ASO,ES,Towers with Radar,0,7,76,0,83,0,5,195,0,200,0,12,271,0,283,300,0,300,583
08/15/2007,TMB,FL,ASO,ES,Towers with Radar,0,2,118,0,120,0,0,285,0,285,0,2,403,0,405,425,0,425,830
08/16/2007,TMB,FL,ASO,ES,Towers with Radar,0,7,79,0,86,0,4,232,0,236,0,11,311,0,322,437,0,437,759
08/17/2007,TMB,FL,ASO,ES,Towers with Radar,0,0,74,0,74,0,3,299,0,302,0,3,373,0,376,499,0,499,875
08/18/2007,TMB,FL,ASO,ES,Towers with Radar,0,2,87,0,89,0,6,312,0,318,0,8,399,0,407,272,0,272,679
08/19/2007,TMB,FL,ASO,ES,Towers with Radar,0,2,64,0,66,0,4,217,0,221,0,6,281,0,287,249,0,249,536
08/20/2007,TMB,FL,ASO,ES,Towers with Radar,0,2,74,0,76,0,3,193,0,196,0,5,267,0,272,244,0,244,516
08/21/2007,TMB,FL,ASO,ES,Towers with Radar,0,0,73,0,73,0,2,248,0,250,0,2,321,0,323,358,0,358,681
08/22/2007,TMB,FL,ASO,ES,Towers with Radar,0,2,94,0,96,0,1,313,0,314,0,3,407,0,410,469,0,469,879
08/23/2007,TMB,FL,ASO,ES,Towers with Radar,1,0,86,0,87,0,3,258,0,261,1,3,344,0,348,403,0,403,751
08/24/2007,TMB,FL,ASO,ES,Towers with Radar,0,5,85,0,90,0,0,295,0,295,0,5,380,0,385,554,0,554,939
08/25/2007,TMB,FL,ASO,ES,Towers with Radar,0,0,73,0,73,0,3,233,0,236,0,3,306,0,309,504,0,504,813
08/26/2007,TMB,FL,ASO,ES,Towers with Radar,0,4,106,0,110,0,2,283,0,285,0,6,389,0,395,325,0,325,720
08/27/2007,TMB,FL,ASO,ES,Towers with Radar,0,5,91,0,96,0,7,323,0,330,0,12,414,0,426,414,0,414,840
08/28/2007,TMB,FL,ASO,ES,Towers with Radar,0,5,74,2,81,0,2,313,0,315,0,7,387,2,396,351,0,351,747
08/29/2007,TMB,FL,ASO,ES,Towers with Radar,0,8,62,0,70,0,3,302,0,305,0,11,364,0,375,296,0,296,671
08/30/2007,TMB,FL,ASO,ES,Towers with Radar,0,1,92,0,93,0,3,326,0,329,0,4,418,0,422,300,0,300,722
08/31/2007,TMB,FL,ASO,ES,Towers with Radar,0,4,119,0,123,0,5,340,0,345,0,9,459,0,468,554,0,554,1022
09/01/2007,TMB,FL,ASO,ES,Towers with Radar,0,2,77,0,79,0,3,265,0,268,0,5,342,0,347,284,0,284,631
09/02/2007,TMB,FL,ASO,ES,Towers with Radar,0,4,41,0,45,0,3,203,0,206,0,7,244,0,251,223,0,223,474
09/03/2007,TMB,FL,ASO,ES,Towers with Radar,0,5,91,0,96,0,1,222,0,223,0,6,313,0,319,169,0,169,488
09/04/2007,TMB,FL,ASO,ES,Towers with Radar,0,0,44,0,44,0,0,221,0,221,0,0,265,0,265,281,0,281,546
09/05/2007,TMB,FL,ASO,ES,Towers with Radar,0,2,89,0,91,0,0,264,0,264,0,2,353,0,355,381,0,381,736
09/06/2007,TMB,FL,ASO,ES,Towers with Radar,0,0,83,0,83,0,0,295,0,295,0,0,378,0,378,353,0,353,731
09/07/2007,TMB,FL,ASO,ES,Towers with Radar,0,2,79,0,81,0,0,266,0,266,0,2,345,0,347,298,0,298,645
09/08/2007,TMB,FL,ASO,ES,Towers with Radar,0,0,73,0,73,0,6,315,0,321,0,6,388,0,394,480,0,480,874
09/09/2007,TMB,FL,ASO,ES,Towers with Radar,0,7,54,0,61,0,2,180,0,182,0,9,234,0,243,208,0,208,451
09/10/2007,TMB,FL,ASO,ES,Towers with Radar,0,0,68,4,72,0,2,227,0,229,0,2,295,4,301,443,0,443,744
09/11/2007,TMB,FL,ASO,ES,Towers with Radar,0,6,78,0,84,0,4,280,0,284,0,10,358,0,368,449,0,449,817
09/12/2007,TMB,FL,ASO,ES,Towers with Radar,0,3,72,0,75,0,2,270,0,272,0,5,342,0,347,444,0,444,791
09/13/2007,TMB,FL,ASO,ES,Towers with Radar,0,3,72,0,75,0,2,308,0,310,0,5,380,0,385,384,0,384,769
09/14/2007,TMB,FL,ASO,ES,Towers with Radar,0,0,76,0,76,0,3,287,0,290,0,3,363,0,366,361,0,361,727
09/15/2007,TMB,FL,ASO,ES,Towers with Radar,0,2,58,0,60,0,2,286,0,288,0,4,344,0,348,360,0,360,708
09/16/2007,TMB,FL,ASO,ES,Towers with Radar,0,0,61,0,61,0,0,267,0,267,0,0,328,0,328,332,0,332,660
09/17/2007,TMB,FL,ASO,ES,Towers with Radar,0,4,87,0,91,0,0,259,0,259,0,4,346,0,350,287,0,287,637
09/18/2007,TMB,FL,ASO,ES,Towers with Radar,0,1,66,0,67,0,1,296,0,297,0,2,362,0,364,273,0,273,637
09/19/2007,TMB,FL,ASO,ES,Towers with Radar,0,4,70,0,74,0,1,244,0,245,0,5,314,0,319,368,0,368,687
09/20/2007,TMB,FL,ASO,ES,Towers with Radar,0,5,58,0,63,0,0,261,0,261,0,5,319,0,324,304,0,304,628
09/21/2007,TMB,FL,ASO,ES,Towers with Radar,0,0,82,0,82,0,5,300,0,305,0,5,382,0,387,240,0,240,627
09/22/2007,TMB,FL,ASO,ES,Towers with Radar,0,2,97,0,99,0,4,337,0,341,0,6,434,0,440,452,0,452,892
09/23/2007,TMB,FL,ASO,ES,Towers with Radar,0,2,65,0,67,0,2,218,0,220,0,4,283,0,287,325,0,325,612
09/24/2007,TMB,FL,ASO,ES,Towers with Radar,0,3,44,0,47,0,2,84,0,86,0,5,128,0,133,146,0,146,279
09/25/2007,TMB,FL,ASO,ES,Towers with Radar,0,2,77,0,79,0,0,205,0,205,0,2,282,0,284,361,0,361,645
09/26/2007,TMB,FL,ASO,ES,Towers with Radar,0,4,68,0,72,0,0,82,0,82,0,4,150,0,154,173,0,173,327
09/27/2007,TMB,FL,ASO,ES,Towers with Radar,0,3,76,0,79,0,0,312,0,312,0,3,388,0,391,399,0,399,790
09/28/2007,TMB,FL,ASO,ES,Towers with Radar,0,5,93,0,98,0,2,321,0,323,0,7,414,0,421,455,0,455,876
09/29/2007,TMB,FL,ASO,ES,Towers with Radar,0,0,83,0,83,0,3,316,0,319,0,3,399,0,402,483,0,483,885
09/30/2007,TMB,FL,ASO,ES,Towers with Radar,0,2,63,0,65,0,0,92,0,92,0,2,155,0,157,78,0,78,235
10/01/2007,TMB,FL,ASO,ES,Towers with Radar,0,0,33,0,33,0,2,27,0,29,0,2,60,0,62,93,0,93,155
10/02/2007,TMB,FL,ASO,ES,Towers with Radar,0,3,112,0,115,0,1,311,0,312,0,4,423,0,427,480,0,480,907
10/03/2007,TMB,FL,ASO,ES,Towers with Radar,0,2,78,0,80,0,1,319,0,320,0,3,397,0,400,537,0,537,937
10/04/2007,TMB,FL,ASO,ES,Towers with Radar,0,5,83,0,88,0,1,305,0,306,0,6,388,0,394,458,0,458,852
10/05/2007,TMB,FL,ASO,ES,Towers with Radar,0,3,126,0,129,0,0,281,0,281,0,3,407,0,410,467,0,467,877
10/06/2007,TMB,FL,ASO,ES,Towers with Radar,0,6,99,0,105,0,3,296,0,299,0,9,395,0,404,0,294,294,698
10/07/2007,TMB,FL,ASO,ES,Towers with Radar,0,1,46,0,47,0,2,224,0,226,0,3,270,0,273,274,0,274,547
10/08/2007,TMB,FL,ASO,ES,Towers with Radar,0,0,96,0,96,0,3,288,0,291,0,3,384,0,387,267,0,267,654
10/09/2007,TMB,FL,ASO,ES,Towers with Radar,0,4,69,0,73,0,0,269,0,269,0,4,338,0,342,464,0,464,806
10/10/2007,TMB,FL,ASO,ES,Towers with Radar,0,3,61,0,64,0,4,223,0,227,0,7,284,0,291,360,0,360,651
10/11/2007,TMB,FL,ASO,ES,Towers with Radar,0,8,87,0,95,0,0,353,0,353,0,8,440,0,448,448,0,448,896
10/12/2007,TMB,FL,ASO,ES,Towers with Radar,0,6,106,0,112,0,0,245,0,245,0,6,351,0,357,354,0,354,711
10/13/2007,TMB,FL,ASO,ES,Towers with Radar,0,2,73,0,75,0,4,350,0,354,0,6,423,0,429,364,0,364,793
10/14/2007,TMB,FL,ASO,ES,Towers with Radar,0,6,69,0,75,0,1,206,0,207,0,7,275,0,282,190,0,190,472
10/15/2007,TMB,FL,ASO,ES,Towers with Radar,0,4,92,0,96,0,2,222,0,224,0,6,314,0,320,338,0,338,658
10/16/2007,TMB,FL,ASO,ES,Towers with Radar,0,5,95,0,100,0,3,311,0,314,0,8,406,0,414,385,0,385,799
10/17/2007,TMB,FL,ASO,ES,Towers with Radar,0,8,55,0,63,0,2,236,0,238,0,10,291,0,301,204,0,204,505
10/18/2007,TMB,FL,ASO,ES,Towers with Radar,0,7,95,0,102,0,1,300,0,301,0,8,395,0,403,374,0,374,777
10/19/2007,TMB,FL,ASO,ES,Towers with Radar,0,4,87,0,91,0,0,268,0,268,0,4,355,0,359,458,0,458,817
10/20/2007,TMB,FL,ASO,ES,Towers with Radar,0,2,46,0,48,0,0,215,0,215,0,2,261,0,263,488,0,488,751
10/21/2007,TMB,FL,ASO,ES,Towers with Radar,0,10,99,0,109,0,1,224,0,225,0,11,323,0,334,401,0,401,735
10/22/2007,TMB,FL,ASO,ES,Towers with Radar,0,7,102,0,109,0,5,303,0,308,0,12,405,0,417,478,0,478,895
10/23/2007,TMB,FL,ASO,ES,Towers with Radar,0,1,101,0,102,0,4,387,0,391,0,5,488,0,493,400,0,400,893
10/24/2007,TMB,FL,ASO,ES,Towers with Radar,0,0,83,0,83,0,2,218,0,220,0,2,301,0,303,0,411,411,714
10/25/2007,TMB,FL,ASO,ES,Towers with Radar,0,4,139,0,143,0,0,191,1,192,0,4,330,1,335,452,0,452,787
10/26/2007,TMB,FL,ASO,ES,Towers with Radar,0,5,93,0,98,0,4,77,0,81,0,9,170,0,179,194,0,194,373
10/27/2007,TMB,FL,ASO,ES,Towers with Radar,0,6,126,0,132,0,1,381,0,382,0,7,507,0,514,407,0,407,921
10/28/2007,TMB,FL,ASO,ES,Towers with Radar,0,3,95,0,98,0,0,195,0,195,0,3,290,0,293,311,0,311,604
10/29/2007,TMB,FL,ASO,ES,Towers with Radar,0,2,79,0,81,0,2,219,0,221,0,4,298,0,302,294,0,294,596
10/30/2007,TMB,FL,ASO,ES,Towers with Radar,0,2,69,0,71,0,3,139,0,142,0,5,208,0,213,134,0,134,347
10/31/2007,TMB,FL,ASO,ES,Towers with Radar,0,1,25,0,26,0,2,20,0,22,0,3,45,0,48,11,0,11,59
11/01/2007,TMB,FL,ASO,ES,Towers with Radar,0,6,27,0,33,0,1,76,0,77,0,7,103,0,110,76,0,76,186
11/02/2007,TMB,FL,ASO,ES,Towers with Radar,0,11,85,0,96,0,7,207,0,214,0,18,292,0,310,183,0,183,493
11/03/2007,TMB,FL,ASO,ES,Towers with Radar,0,2,68,0,70,0,1,381,0,382,0,3,449,0,452,451,0,451,903
11/04/2007,TMB,FL,ASO,ES,Towers with Radar,0,2,45,0,47,0,0,360,0,360,0,2,405,0,407,396,0,396,803
11/05/2007,TMB,FL,ASO,ES,Towers with Radar,0,6,104,1,111,0,5,350,0,355,0,11,454,1,466,414,0,414,880
11/06/2007,TMB,FL,ASO,ES,Towers with Radar,0,6,109,0,115,0,0,352,0,352,0,6,461,0,467,665,0,665,1132
11/07/2007,TMB,FL,ASO,ES,Towers with Radar,0,1,57,0,58,0,1,353,0,354,0,2,410,0,412,464,0,464,876
11/08/2007,TMB,FL,ASO,ES,Towers with Radar,0,0,107,0,107,0,10,379,1,390,0,10,486,1,497,420,0,420,917
11/09/2007,TMB,FL,ASO,ES,Towers with Radar,0,0,97,0,97,0,4,432,0,436,0,4,529,0,533,490,0,490,1023
11/10/2007,TMB,FL,ASO,ES,Towers with Radar,0,4,70,0,74,0,1,409,0,410,0,5,479,0,484,320,0,320,804
11/11/2007,TMB,FL,ASO,ES,Towers with Radar,0,3,95,0,98,0,4,350,0,354,0,7,445,0,452,514,0,514,966
11/12/2007,TMB,FL,ASO,ES,Towers with Radar,0,1,121,0,122,0,4,380,0,384,0,5,501,0,506,395,0,395,901
11/13/2007,TMB,FL,ASO,ES,Towers with Radar,0,4,140,0,144,0,8,361,0,369,0,12,501,0,513,550,0,550,1063
11/14/2007,TMB,FL,ASO,ES,Towers with Radar,0,8,98,0,106,0,1,405,0,406,0,9,503,0,512,510,0,510,1022
11/15/2007,TMB,FL,ASO,ES,Towers with Radar,0,4,150,0,154,0,12,349,0,361,0,16,499,0,515,276,0,276,791
11/16/2007,TMB,FL,ASO,ES,Towers with Radar,0,1,98,0,99,0,4,358,0,362,0,5,456,0,461,215,0,215,676
11/17/2007,TMB,FL,ASO,ES,Towers with Radar,0,4,111,0,115,0,3,383,0,386,0,7,494,0,501,298,0,298,799
11/18/2007,TMB,FL,ASO,ES,Towers with Radar,0,9,121,0,130,0,0,389,0,389,0,9,510,0,519,225,0,225,744
11/19/2007,TMB,FL,ASO,ES,Towers with Radar,0,11,126,0,137,0,0,327,0,327,0,11,453,0,464,353,0,353,817
11/20/2007,TMB,FL,ASO,ES,Towers with Radar,0,9,113,0,122,0,3,361,0,364,0,12,474,0,486,487,0,487,973
11/21/2007,TMB,FL,ASO,ES,Towers with Radar,0,7,117,0,124,0,5,384,0,389,0,12,501,0,513,406,0,406,919
11/22/2007,TMB,FL,ASO,ES,Towers with Radar,0,2,46,0,48,0,0,273,0,273,0,2,319,0,321,388,0,388,709
11/23/2007,TMB,FL,ASO,ES,Towers with Radar,0,3,96,0,99,0,7,374,0,381,0,10,470,0,480,265,0,265,745
11/24/2007,TMB,FL,ASO,ES,Towers with Radar,0,1,80,0,81,0,0,331,0,331,0,1,411,0,412,483,0,483,895
11/25/2007,TMB,FL,ASO,ES,Towers with Radar,0,19,137,0,156,0,4,282,0,286,0,23,419,0,442,215,0,215,657
11/26/2007,TMB,FL,ASO,ES,Towers with Radar,0,11,78,0,89,0,4,230,0,234,0,15,308,0,323,361,0,361,684
11/27/2007,TMB,FL,ASO,ES,Towers with Radar,0,4,90,0,94,0,2,317,0,319,0,6,407,0,413,364,0,364,777
11/28/2007,TMB,FL,ASO,ES,Towers with Radar,0,4,75,0,79,0,0,326,0,326,0,4,401,0,405,465,0,465,870
11/29/2007,TMB,FL,ASO,ES,Towers with Radar,0,3,95,0,98,0,3,406,0,409,0,6,501,0,507,449,0,449,956
11/30/2007,TMB,FL,ASO,ES,Towers with Radar,0,6,123,0,129,0,0,401,0,401,0,6,524,0,530,579,0,579,1109
12/01/2007,TMB,FL,ASO,ES,Towers with Radar,0,1,86,0,87,0,1,325,0,326,0,2,411,0,413,251,0,251,664
12/02/2007,TMB,FL,ASO,ES,Towers with Radar,0,3,42,0,45,0,0,248,0,248,0,3,290,0,293,292,0,292,585
12/03/2007,TMB,FL,ASO,ES,Towers with Radar,0,2,50,0,52,0,2,290,0,292,0,4,340,0,344,375,0,375,719
12/04/2007,TMB,FL,ASO,ES,Towers with Radar,0,4,71,0,75,0,2,307,0,309,0,6,378,0,384,504,0,504,888
12/05/2007,TMB,FL,ASO,ES,Towers with Radar,0,5,49,0,54,0,0,387,0,387,0,5,436,0,441,516,0,516,957
12/06/2007,TMB,FL,ASO,ES,Towers with Radar,0,0,119,0,119,0,7,341,0,348,0,7,460,0,467,431,0,431,898
12/07/2007,TMB,FL,ASO,ES,Towers with Radar,0,2,116,0,118,0,3,341,0,344,0,5,457,0,462,436,0,436,898
12/08/2007,TMB,FL,ASO,ES,Towers with Radar,0,1,89,0,90,0,5,383,0,388,0,6,472,0,478,326,0,326,804
12/09/2007,TMB,FL,ASO,ES,Towers with Radar,0,5,68,0,73,0,0,274,0,274,0,5,342,0,347,312,0,312,659
12/10/2007,TMB,FL,ASO,ES,Towers with Radar,0,2,74,0,76,0,1,277,0,278,0,3,351,0,354,515,0,515,869
12/11/2007,TMB,FL,ASO,ES,Towers with Radar,0,3,77,0,80,0,0,383,0,383,0,3,460,0,463,460,0,460,923
12/12/2007,TMB,FL,ASO,ES,Towers with Radar,0,6,109,0,115,0,5,355,0,360,0,11,464,0,475,448,0,448,923
12/13/2007,TMB,FL,ASO,ES,Towers with Radar,0,5,109,0,114,0,1,264,0,265,0,6,373,0,379,626,0,626,1005
12/14/2007,TMB,FL,ASO,ES,Towers with Radar,0,6,94,0,100,0,2,205,0,207,0,8,299,0,307,388,0,388,695
12/15/2007,TMB,FL,ASO,ES,Towers with Radar,0,1,110,0,111,0,4,269,0,273,0,5,379,0,384,164,0,164,548
12/16/2007,TMB,FL,ASO,ES,Towers with Radar,0,2,42,0,44,0,1,84,0,85,0,3,126,0,129,240,0,240,369
12/17/2007,TMB,FL,ASO,ES,Towers with Radar,0,0,51,0,51,0,0,310,0,310,0,0,361,0,361,424,0,424,785
12/18/2007,TMB,FL,ASO,ES,Towers with Radar,0,6,71,0,77,0,1,347,0,348,0,7,418,0,425,579,0,579,1004
12/19/2007,TMB,FL,ASO,ES,Towers with Radar,0,4,61,1,66,0,0,296,0,296,0,4,357,1,362,568,0,568,930
12/20/2007,TMB,FL,ASO,ES,Towers with Radar,0,4,98,0,102,0,1,349,0,350,0,5,447,0,452,550,0,550,1002
12/21/2007,TMB,FL,ASO,ES,Towers with Radar,0,7,63,1,71,0,3,302,3,308,0,10,365,4,379,604,0,604,983
12/22/2007,TMB,FL,ASO,ES,Towers with Radar,0,8,72,0,80,0,0,374,0,374,0,8,446,0,454,445,0,445,899
12/23/2007,TMB,FL,ASO,ES,Towers with Radar,0,8,77,0,85,0,4,271,0,275,0,12,348,0,360,556,0,556,916
12/24/2007,TMB,FL,ASO,ES,Towers with Radar,0,2,32,0,34,0,1,198,0,199,0,3,230,0,233,224,0,224,457
12/25/2007,TMB,FL,ASO,ES,Towers with Radar,0,10,11,0,21,0,0,39,0,39,0,10,50,0,60,64,0,64,124
12/26/2007,TMB,FL,ASO,ES,Towers with Radar,0,10,97,0,107,0,3,302,0,305,0,13,399,0,412,548,0,548,960
12/27/2007,TMB,FL,ASO,ES,Towers with Radar,1,26,100,0,127,0,0,264,0,264,1,26,364,0,391,461,0,461,852
12/28/2007,TMB,FL,ASO,ES,Towers with Radar,1,20,90,0,111,0,1,268,0,269,1,21,358,0,380,340,0,340,720
12/29/2007,TMB,FL,ASO,ES,Towers with Radar,1,5,78,0,84,0,5,276,0,281,1,10,354,0,365,277,0,277,642
12/30/2007,TMB,FL,ASO,ES,Towers with Radar,0,11,69,0,80,0,7,212,0,219,0,18,281,0,299,210,0,210,509
12/31/2007,TMB,FL,ASO,ES,Towers with Radar,0,5,38,0,43,0,1,209,0,210,0,6,247,0,253,265,0,265,518
01/01/2008,TMB,FL,ASO,ES,Towers with Radar,1,26,59,0,86,0,6,102,0,108,1,32,161,0,194,129,0,129,323
01/02/2008,TMB,FL,ASO,ES,Towers with Radar,2,11,56,0,69,0,1,142,0,143,2,12,198,0,212,19,0,19,231
01/03/2008,TMB,FL,ASO,ES,Towers with Radar,0,3,66,0,69,0,0,175,0,175,0,3,241,0,244,57,0,57,301
01/04/2008,TMB,FL,ASO,ES,Towers with Radar,0,14,84,0,98,0,2,273,0,275,0,16,357,0,373,172,0,172,545
01/05/2008,TMB,FL,ASO,ES,Towers with Radar,0,17,123,0,140,0,1,213,0,214,0,18,336,0,354,317,0,317,671
01/06/2008,TMB,FL,ASO,ES,Towers with Radar,0,15,109,0,124,0,0,340,0,340,0,15,449,0,464,375,0,375,839
01/07/2008,TMB,FL,ASO,ES,Towers with Radar,0,7,51,0,58,0,0,251,0,251,0,7,302,0,309,201,0,201,510
01/08/2008,TMB,FL,ASO,ES,Towers with Radar,0,0,66,0,66,0,0,368,0,368,0,0,434,0,434,389,0,389,823
01/09/2008,TMB,FL,ASO,ES,Towers with Radar,1,2,71,0,74,0,2,312,0,314,1,4,383,0,388,243,0,243,631
01/10/2008,TMB,FL,ASO,ES,Towers with Radar,0,3,102,0,105,0,0,336,0,336,0,3,438,0,441,436,0,436,877
01/11/2008,TMB,FL,ASO,ES,Towers with Radar,1,10,86,0,97,0,0,366,4,370,1,10,452,4,467,357,0,357,824
01/12/2008,TMB,FL,ASO,ES,Towers with Radar,0,1,92,0,93,0,0,286,0,286,0,1,378,0,379,438,0,438,817
01/13/2008,TMB,FL,ASO,ES,Towers with Radar,0,4,73,0,77,0,0,225,0,225,0,4,298,0,302,317,0,317,619
01/14/2008,TMB,FL,ASO,ES,Towers with Radar,0,5,80,0,85,0,0,249,1,250,0,5,329,1,335,255,0,255,590
01/15/2008,TMB,FL,ASO,ES,Towers with Radar,0,4,105,0,109,0,1,345,0,346,0,5,450,0,455,454,0,454,909
01/16/2008,TMB,FL,ASO,ES,Towers with Radar,0,6,109,0,115,0,0,319,0,319,0,6,428,0,434,445,0,445,879
01/17/2008,TMB,FL,ASO,ES,Towers with Radar,0,6,91,0,97,0,2,296,0,298,0,8,387,0,395,309,0,309,704
01/18/2008,TMB,FL,ASO,ES,Towers with Radar,0,4,219,0,223,0,0,304,0,304,0,4,523,0,527,613,0,613,1140
01/19/2008,TMB,FL,ASO,ES,Towers with Radar,0,7,83,0,90,0,0,284,1,285,0,7,367,1,375,302,0,302,677
01/20/2008,TMB,FL,ASO,ES,Towers with Radar,0,10,71,0,81,0,2,56,0,58,0,12,127,0,139,65,0,65,204
01/21/2008,TMB,FL,ASO,ES,Towers with Radar,0,12,92,0,104,0,0,220,0,220,0,12,312,0,324,130,0,130,454
01/22/2008,TMB,FL,ASO,ES,Towers with Radar,0,11,108,0,119,0,1,280,0,281,0,12,388,0,400,447,0,447,847
01/23/2008,TMB,FL,ASO,ES,Towers with Radar,0,8,101,0,109,0,0,284,0,284,0,8,385,0,393,441,0,441,834
01/24/2008,TMB,FL,ASO,ES,Towers with Radar,0,8,63,0,71,0,2,313,0,315,0,10,376,0,386,346,0,346,732
01/25/2008,TMB,FL,ASO,ES,Towers with Radar,0,3,108,0,111,0,1,374,0,375,0,4,482,0,486,418,0,418,904
01/26/2008,TMB,FL,ASO,ES,Towers with Radar,0,6,106,0,112,7,0,389,0,396,7,6,495,0,508,391,0,391,899
01/27/2008,TMB,FL,ASO,ES,Towers with Radar,0,3,49,0,52,6,0,188,0,194,6,3,237,0,246,296,0,296,542
01/28/2008,TMB,FL,ASO,ES,Towers with Radar,0,6,81,0,87,0,4,300,0,304,0,10,381,0,391,387,0,387,778
01/29/2008,TMB,FL,ASO,ES,Towers with Radar,0,3,101,0,104,0,6,348,0,354,0,9,449,0,458,471,0,471,929
01/30/2008,TMB,FL,ASO,ES,Towers with Radar,0,5,118,0,123,0,10,401,0,411,0,15,519,0,534,483,0,483,1017
01/31/2008,TMB,FL,ASO,ES,Towers with Radar,0,5,109,0,114,0,3,323,0,326,0,8,432,0,440,404,0,404,844
02/01/2008,TMB,FL,ASO,ES,Towers with Radar,0,4,78,0,82,0,3,376,0,379,0,7,454,0,461,531,0,531,992
02/02/2008,TMB,FL,ASO,ES,Towers with Radar,0,7,78,0,85,4,2,378,0,384,4,9,456,0,469,436,0,436,905
02/03/2008,TMB,FL,ASO,ES,Towers with Radar,0,3,77,0,80,2,0,267,0,269,2,3,344,0,349,353,0,353,702
02/04/2008,TMB,FL,ASO,ES,Towers with Radar,0,7,102,0,109,0,0,322,0,322,0,7,424,0,431,616,0,616,1047
02/05/2008,TMB,FL,ASO,ES,Towers with Radar,0,6,74,1,81,0,1,326,0,327,0,7,400,1,408,574,0,574,982
02/06/2008,TMB,FL,ASO,ES,Towers with Radar,0,13,92,0,105,0,0,370,0,370,0,13,462,0,475,338,0,338,813
02/07/2008,TMB,FL,ASO,ES,Towers with Radar,0,7,101,0,108,0,7,401,0,408,0,14,502,0,516,512,0,512,1028
02/08/2008,TMB,FL,ASO,ES,Towers with Radar,0,4,126,0,130,2,0,386,0,388,2,4,512,0,518,497,0,497,1015
02/09/2008,TMB,FL,ASO,ES,Towers with Radar,0,2,112,0,114,0,2,366,0,368,0,4,478,0,482,739,0,739,1221
02/10/2008,TMB,FL,ASO,ES,Towers with Radar,0,5,79,0,84,0,9,192,0,201,0,14,271,0,285,179,0,179,464
02/11/2008,TMB,FL,ASO,ES,Towers with Radar,0,2,96,0,98,0,1,307,0,308,0,3,403,0,406,367,0,367,773
02/12/2008,TMB,FL,ASO,ES,Towers with Radar,0,8,60,0,68,0,3,97,0,100,0,11,157,0,168,199,0,199,367
02/13/2008,TMB,FL,ASO,ES,Towers with Radar,0,10,59,0,69,0,4,60,0,64,0,14,119,0,133,103,0,103,236
02/14/2008,TMB,FL,ASO,ES,Towers with Radar,0,11,130,0,141,0,0,383,0,383,0,11,513,0,524,0,505,505,1029
02/15/2008,TMB,FL,ASO,ES,Towers with Radar,0,3,130,0,133,0,4,419,0,423,0,7,549,0,556,607,0,607,1163
02/16/2008,TMB,FL,ASO,ES,Towers with Radar,0,5,107,0,112,0,1,399,0,400,0,6,506,0,512,378,0,378,890
02/17/2008,TMB,FL,ASO,ES,Towers with Radar,0,5,89,0,94,0,2,195,0,197,0,7,284,0,291,225,0,225,516
02/18/2008,TMB,FL,ASO,ES,Towers with Radar,0,13,67,0,80,0,0,245,0,245,0,13,312,0,325,407,0,407,732
02/19/2008,TMB,FL,ASO,ES,Towers with Radar,0,11,135,0,146,0,0,234,0,234,0,11,369,0,380,434,0,434,814
02/20/2008,TMB,FL,ASO,ES,Towers with Radar,0,0,113,0,113,0,2,378,0,380,0,2,491,0,493,625,0,625,1118
02/21/2008,TMB,FL,ASO,ES,Towers with Radar,0,11,120,0,131,0,7,266,0,273,0,18,386,0,404,609,0,609,1013
02/22/2008,TMB,FL,ASO,ES,Towers with Radar,0,8,78,0,86,0,0,329,0,329,0,8,407,0,415,487,0,487,902
02/23/2008,TMB,FL,ASO,ES,Towers with Radar,0,3,74,0,77,0,0,311,0,311,0,3,385,0,388,0,457,457,845
02/24/2008,TMB,FL,ASO,ES,Towers with Radar,0,11,67,0,78,0,0,305,0,305,0,11,372,0,383,442,0,442,825
02/25/2008,TMB,FL,ASO,ES,Towers with Radar,0,4,96,0,100,1,2,333,0,336,1,6,429,0,436,523,0,523,959
02/26/2008,TMB,FL,ASO,ES,Towers with Radar,0,4,67,0,71,0,3,319,0,322,0,7,386,0,393,408,0,408,801
02/27/2008,TMB,FL,ASO,ES,Towers with Radar,0,5,54,0,59,0,3,153,0,156,0,8,207,0,215,145,0,145,360
02/28/2008,TMB,FL,ASO,ES,Towers with Radar,0,8,83,8,99,0,10,371,0,381,0,18,454,8,480,365,0,365,845
02/29/2008,TMB,FL,ASO,ES,Towers with Radar,0,9,90,0,99,0,0,469,0,469,0,9,559,0,568,684,0,684,1252
03/01/2008,TMB,FL,ASO,ES,Towers with Radar,0,2,69,0,71,0,2,336,0,338,0,4,405,0,409,302,0,302,711
03/02/2008,TMB,FL,ASO,ES,Towers with Radar,0,1,69,0,70,0,1,384,0,385,0,2,453,0,455,229,0,229,684
03/03/2008,TMB,FL,ASO,ES,Towers with Radar,0,3,91,0,94,0,1,463,0,464,0,4,554,0,558,686,0,686,1244
03/04/2008,TMB,FL,ASO,ES,Towers with Radar,0,6,73,0,79,0,4,318,0,322,0,10,391,0,401,395,0,395,796
03/05/2008,TMB,FL,ASO,ES,Towers with Radar,0,9,67,0,76,0,0,314,0,314,0,9,381,0,390,605,0,605,995
03/06/2008,TMB,FL,ASO,ES,Towers with Radar,0,3,71,0,74,0,2,218,0,220,0,5,289,0,294,648,0,648,942
03/07/2008,TMB,FL,ASO,ES,Towers with Radar,0,4,69,0,73,0,0,241,0,241,0,4,310,0,314,0,230,230,544
03/08/2008,TMB,FL,ASO,ES,Towers with Radar,0,11,60,0,71,0,6,200,0,206,0,17,260,0,277,213,0,213,490
03/09/2008,TMB,FL,ASO,ES,Towers with Radar,0,13,72,0,85,0,2,343,0,345,0,15,415,0,430,503,0,503,933
03/10/2008,TMB,FL,ASO,ES,Towers with Radar,0,2,57,0,59,0,6,302,2,310,0,8,359,2,369,428,0,428,797
03/11/2008,TMB,FL,ASO,ES,Towers with Radar,0,4,93,0,97,0,2,340,0,342,0,6,433,0,439,725,0,725,1164
03/12/2008,TMB,FL,ASO,ES,Towers with Radar,0,8,63,0,71,0,0,340,0,340,0,8,403,0,411,619,0,619,1030
03/13/2008,TMB,FL,ASO,ES,Towers with Radar,0,7,79,0,86,0,5,421,0,426,0,12,500,0,512,639,0,639,1151
03/14/2008,TMB,FL,ASO,ES,Towers with Radar,0,5,91,0,96,0,3,362,0,365,0,8,453,0,461,693,0,693,1154
03/15/2008,TMB,FL,ASO,ES,Towers with Radar,0,4,79,0,83,0,0,451,0,451,0,4,530,0,534,579,0,579,1113
03/16/2008,TMB,FL,ASO,ES,Towers with Radar,0,8,88,0,96,0,0,232,0,232,0,8,320,0,328,437,0,437,765
03/17/2008,TMB,FL,ASO,ES,Towers with Radar,0,7,100,2,109,0,2,394,2,398,0,9,494,4,507,420,0,420,927
03/18/2008,TMB,FL,ASO,ES,Towers with Radar,0,8,109,0,117,0,0,329,0,329,0,8,438,0,446,449,0,449,895
03/19/2008,TMB,FL,ASO,ES,Towers with Radar,0,11,101,0,112,0,3,299,0,302,0,14,400,0,414,235,0,235,649
03/20/2008,TMB,FL,ASO,ES,Towers with Radar,0,14,81,0,95,0,1,400,0,401,0,15,481,0,496,524,0,524,1020
03/21/2008,TMB,FL,ASO,ES,Towers with Radar,0,13,142,0,155,0,1,511,0,512,0,14,653,0,667,663,0,663,1330
03/22/2008,TMB,FL,ASO,ES,Towers with Radar,1,7,81,0,89,0,5,216,0,221,1,12,297,0,310,450,0,450,760
03/23/2008,TMB,FL,ASO,ES,Towers with Radar,0,11,101,0,112,0,3,222,0,225,0,14,323,0,337,355,0,355,692
03/24/2008,TMB,FL,ASO,ES,Towers with Radar,4,14,122,0,140,0,0,202,0,202,4,14,324,0,342,324,0,324,666
03/25/2008,TMB,FL,ASO,ES,Towers with Radar,0,12,98,0,110,0,2,361,0,363,0,14,459,0,473,344,0,344,817
03/26/2008,TMB,FL,ASO,ES,Towers with Radar,0,7,98,0,105,0,1,327,0,328,0,8,425,0,433,592,0,592,1025
03/27/2008,TMB,FL,ASO,ES,Towers with Radar,0,5,93,0,98,0,4,376,0,380,0,9,469,0,478,473,0,473,951
03/28/2008,TMB,FL,ASO,ES,Towers with Radar,0,15,103,0,118,0,3,415,0,418,0,18,518,0,536,578,0,578,1114
03/29/2008,TMB,FL,ASO,ES,Towers with Radar,0,19,117,1,137,0,2,403,0,405,0,21,520,1,542,490,0,490,1032
03/30/2008,TMB,FL,ASO,ES,Towers with Radar,0,22,118,0,140,0,1,311,0,312,0,23,429,0,452,459,0,459,911
03/31/2008,TMB,FL,ASO,ES,Towers with Radar,0,13,80,0,93,0,1,283,0,284,0,14,363,0,377,308,0,308,685
04/01/2008,TMB,FL,ASO,ES,Towers with Radar,0,6,78,0,84,0,3,326,0,329,0,9,404,0,413,482,0,482,895
04/02/2008,TMB,FL,ASO,ES,Towers with Radar,0,8,79,0,87,0,1,341,0,342,0,9,420,0,429,549,0,549,978
04/03/2008,TMB,FL,ASO,ES,Towers with Radar,0,10,84,0,94,0,2,279,0,281,0,12,363,0,375,449,0,449,824
04/04/2008,TMB,FL,ASO,ES,Towers with Radar,0,8,99,0,107,0,2,307,0,309,0,10,406,0,416,395,0,395,811
04/05/2008,TMB,FL,ASO,ES,Towers with Radar,0,8,74,0,82,0,2,308,0,310,0,10,382,0,392,344,0,344,736
04/06/2008,TMB,FL,ASO,ES,Towers with Radar,0,12,94,0,106,0,1,239,0,240,0,13,333,0,346,458,0,458,804
04/07/2008,TMB,FL,ASO,ES,Towers with Radar,0,5,67,0,72,0,0,324,0,324,0,5,391,0,396,510,0,510,906
04/08/2008,TMB,FL,ASO,ES,Towers with Radar,0,5,67,0,72,0,2,239,0,241,0,7,306,0,313,613,0,613,926
04/09/2008,TMB,FL,ASO,ES,Towers with Radar,0,4,95,0,99,0,3,382,0,385,0,7,477,0,484,668,0,668,1152
04/10/2008,TMB,FL,ASO,ES,Towers with Radar,0,5,75,0,80,0,1,354,0,355,0,6,429,0,435,525,0,525,960
04/11/2008,TMB,FL,ASO,ES,Towers with Radar,0,7,100,0,107,0,6,393,0,399,0,13,493,0,506,509,0,509,1015
04/12/2008,TMB,FL,ASO,ES,Towers with Radar,0,5,73,0,78,0,0,264,0,264,0,5,337,0,342,475,0,475,817
04/13/2008,TMB,FL,ASO,ES,Towers with Radar,0,7,64,1,72,0,2,292,0,294,0,9,356,1,366,603,0,603,969
04/14/2008,TMB,FL,ASO,ES,Towers with Radar,0,8,62,0,70,0,7,323,0,330,0,15,385,0,400,409,0,409,809
04/15/2008,TMB,FL,ASO,ES,Towers with Radar,0,4,52,0,56,0,3,317,0,320,0,7,369,0,376,139,0,139,515
04/16/2008,TMB,FL,ASO,ES,Towers with Radar,1,3,79,0,83,0,3,381,0,384,1,6,460,0,467,368,0,368,835
04/17/2008,TMB,FL,ASO,ES,Towers with Radar,0,2,115,0,117,0,6,380,0,386,0,8,495,0,503,475,0,475,978
04/18/2008,TMB,FL,ASO,ES,Towers with Radar,1,4,108,0,113,0,3,454,0,457,1,7,562,0,570,601,0,601,1171
04/19/2008,TMB,FL,ASO,ES,Towers with Radar,0,3,73,0,76,0,0,356,0,356,0,3,429,0,432,594,0,594,1026
04/20/2008,TMB,FL,ASO,ES,Towers with Radar,0,3,75,0,78,0,3,276,0,279,0,6,351,0,357,403,0,403,760
04/21/2008,TMB,FL,ASO,ES,Towers with Radar,0,6,64,0,70,0,0,317,0,317,0,6,381,0,387,648,0,648,1035
04/22/2008,TMB,FL,ASO,ES,Towers with Radar,0,4,93,0,97,0,0,346,0,346,0,4,439,0,443,520,0,520,963
04/23/2008,TMB,FL,ASO,ES,Towers with Radar,0,6,89,0,95,0,1,384,0,385,0,7,473,0,480,482,0,482,962
04/24/2008,TMB,FL,ASO,ES,Towers with Radar,0,2,105,0,107,0,0,404,0,404,0,2,509,0,511,388,0,388,899
04/25/2008,TMB,FL,ASO,ES,Towers with Radar,0,3,92,0,95,0,0,338,0,338,0,3,430,0,433,560,0,560,993
04/26/2008,TMB,FL,ASO,ES,Towers with Radar,0,3,77,0,80,0,1,327,0,328,0,4,404,0,408,686,0,686,1094
04/27/2008,TMB,FL,ASO,ES,Towers with Radar,0,15,73,0,88,0,2,253,0,255,0,17,326,0,343,415,0,415,758
04/28/2008,TMB,FL,ASO,ES,Towers with Radar,0,0,0,0,0,0,5,529,0,534,0,5,529,0,534,476,0,476,1010
04/29/2008,TMB,FL,ASO,ES,Towers with Radar,0,2,60,0,62,0,0,273,0,273,0,2,333,0,335,641,0,641,976
04/30/2008,TMB,FL,ASO,ES,Towers with Radar,0,7,102,0,109,0,0,314,0,314,0,7,416,0,423,576,0,576,999
05/01/2008,TMB,FL,ASO,ES,Towers with Radar,0,1,118,0,119,0,0,370,0,370,0,1,488,0,489,456,0,456,945
05/02/2008,TMB,FL,ASO,ES,Towers with Radar,0,3,112,0,115,0,0,369,0,369,0,3,481,0,484,543,0,543,1027
05/03/2008,TMB,FL,ASO,ES,Towers with Radar,0,4,105,0,109,0,3,349,0,352,0,7,454,0,461,525,0,525,986
05/04/2008,TMB,FL,ASO,ES,Towers with Radar,0,0,0,0,0,1,6,431,0,438,1,6,431,0,438,456,0,456,894
05/05/2008,TMB,FL,ASO,ES,Towers with Radar,0,0,0,0,0,0,2,447,0,449,0,2,447,0,449,618,0,618,1067
05/06/2008,TMB,FL,ASO,ES,Towers with Radar,0,5,85,0,90,0,0,383,0,383,0,5,468,0,473,555,0,555,1028
05/07/2008,TMB,FL,ASO,ES,Towers with Radar,0,5,126,0,131,0,1,369,0,370,0,6,495,0,501,468,0,468,969
05/08/2008,TMB,FL,ASO,ES,Towers with Radar,0,6,112,0,118,0,1,316,0,317,0,7,428,0,435,495,0,495,930
05/09/2008,TMB,FL,ASO,ES,Towers with Radar,0,2,61,0,63,0,2,340,0,342,0,4,401,0,405,364,0,364,769
05/10/2008,TMB,FL,ASO,ES,Towers with Radar,1,2,80,0,83,0,0,275,0,275,1,2,355,0,358,457,0,457,815
05/11/2008,TMB,FL,ASO,ES,Towers with Radar,0,3,62,0,65,0,0,190,0,190,0,3,252,0,255,378,0,378,633
05/12/2008,TMB,FL,ASO,ES,Towers with Radar,0,8,74,0,82,0,1,250,0,251,0,9,324,0,333,547,0,547,880
05/13/2008,TMB,FL,ASO,ES,Towers with Radar,0,5,138,0,143,0,0,418,0,418,0,5,556,0,561,631,0,631,1192
05/14/2008,TMB,FL,ASO,ES,Towers with Radar,1,2,146,1,150,1,1,466,1,469,2,3,612,2,619,551,0,551,1170
05/15/2008,TMB,FL,ASO,ES,Towers with Radar,0,5,137,0,142,0,2,473,0,475,0,7,610,0,617,738,0,738,1355
05/16/2008,TMB,FL,ASO,ES,Towers with Radar,0,0,117,0,117,0,0,405,1,406,0,0,522,1,523,825,0,825,1348
05/17/2008,TMB,FL,ASO,ES,Towers with Radar,0,3,81,0,84,0,1,402,0,403,0,4,483,0,487,682,0,682,1169
05/18/2008,TMB,FL,ASO,ES,Towers with Radar,0,5,62,0,67,0,0,277,0,277,0,5,339,0,344,435,0,435,779
05/19/2008,TMB,FL,ASO,ES,Towers with Radar,0,6,72,1,79,0,0,199,0,199,0,6,271,1,278,281,0,281,559
05/20/2008,TMB,FL,ASO,ES,Towers with Radar,0,4,47,1,52,0,0,261,0,261,0,4,308,1,313,7,0,7,320
05/21/2008,TMB,FL,ASO,ES,Towers with Radar,0,9,75,0,84,0,1,358,0,359,0,10,433,0,443,430,0,430,873
05/22/2008,TMB,FL,ASO,ES,Towers with Radar,0,8,112,1,121,0,3,333,0,336,0,11,445,1,457,681,0,681,1138
05/23/2008,TMB,FL,ASO,ES,Towers with Radar,0,3,135,1,139,0,3,314,0,317,0,6,449,1,456,508,0,508,964
05/24/2008,TMB,FL,ASO,ES,Towers with Radar,0,3,95,0,98,0,0,261,0,261,0,3,356,0,359,408,0,408,767
05/25/2008,TMB,FL,ASO,ES,Towers with Radar,0,2,70,0,72,0,0,223,0,223,0,2,293,0,295,284,0,284,579
05/26/2008,TMB,FL,ASO,ES,Towers with Radar,0,7,118,0,125,0,6,377,0,383,0,13,495,0,508,269,0,269,777
05/27/2008,TMB,FL,ASO,ES,Towers with Radar,0,8,131,0,139,0,2,378,0,380,0,10,509,0,519,545,0,545,1064
05/28/2008,TMB,FL,ASO,ES,Towers with Radar,0,4,147,0,151,0,0,380,0,380,0,4,527,0,531,614,0,614,1145
05/29/2008,TMB,FL,ASO,ES,Towers with Radar,0,8,147,0,155,0,4,426,0,430,0,12,573,0,585,572,0,572,1157
05/30/2008,TMB,FL,ASO,ES,Towers with Radar,0,5,125,0,130,0,2,281,0,283,0,7,406,0,413,621,0,621,1034
05/31/2008,TMB,FL,ASO,ES,Towers with Radar,0,1,109,0,110,0,1,389,0,390,0,2,498,0,500,449,0,449,949
06/01/2008,TMB,FL,ASO,ES,Towers with Radar,0,4,90,0,94,0,1,290,0,291,0,5,380,0,385,488,0,488,873
06/02/2008,TMB,FL,ASO,ES,Towers with Radar,0,4,88,0,92,0,0,267,0,267,0,4,355,0,359,520,0,520,879
06/03/2008,TMB,FL,ASO,ES,Towers with Radar,0,3,144,0,147,0,1,394,0,395,0,4,538,0,542,595,0,595,1137
06/04/2008,TMB,FL,ASO,ES,Towers with Radar,0,2,158,0,160,0,1,433,0,434,0,3,591,0,594,548,0,548,1142
06/05/2008,TMB,FL,ASO,ES,Towers with Radar,0,2,154,0,156,0,0,388,0,388,0,2,542,0,544,432,0,432,976
06/06/2008,TMB,FL,ASO,ES,Towers with Radar,0,4,139,0,143,0,1,357,0,358,0,5,496,0,501,688,0,688,1189
06/07/2008,TMB,FL,ASO,ES,Towers with Radar,0,0,145,1,146,0,0,374,0,374,0,0,519,1,520,629,0,629,1149
06/08/2008,TMB,FL,ASO,ES,Towers with Radar,0,0,123,0,123,0,0,277,0,277,0,0,400,0,400,583,0,583,983
06/09/2008,TMB,FL,ASO,ES,Towers with Radar,0,0,85,0,85,0,1,308,0,309,0,1,393,0,394,669,0,669,1063
06/10/2008,TMB,FL,ASO,ES,Towers with Radar,0,0,85,0,85,0,0,304,0,304,0,0,389,0,389,425,0,425,814
06/11/2008,TMB,FL,ASO,ES,Towers with Radar,0,7,153,0,160,0,5,410,0,415,0,12,563,0,575,670,0,670,1245
06/12/2008,TMB,FL,ASO,ES,Towers with Radar,1,13,128,0,142,0,2,305,0,307,1,15,433,0,449,536,0,536,985
06/13/2008,TMB,FL,ASO,ES,Towers with Radar,0,2,147,0,149,0,3,293,0,296,0,5,440,0,445,509,0,509,954
06/14/2008,TMB,FL,ASO,ES,Towers with Radar,0,4,109,0,113,0,1,291,0,292,0,5,400,0,405,670,0,670,1075
06/15/2008,TMB,FL,ASO,ES,Towers with Radar,0,2,136,0,138,0,0,339,0,339,0,2,475,0,477,751,0,751,1228
06/16/2008,TMB,FL,ASO,ES,Towers with Radar,1,1,133,0,135,0,2,281,0,283,1,3,414,0,418,453,0,453,871
06/17/2008,TMB,FL,ASO,ES,Towers with Radar,0,2,97,0,99,0,1,192,0,193,0,3,289,0,292,440,0,440,732
06/18/2008,TMB,FL,ASO,ES,Towers with Radar,0,4,60,0,64,0,0,104,0,104,0,4,164,0,168,107,0,107,275
06/19/2008,TMB,FL,ASO,ES,Towers with Radar,0,8,56,0,64,0,0,206,0,206,0,8,262,0,270,533,0,533,803
06/20/2008,TMB,FL,ASO,ES,Towers with Radar,0,0,0,0,0,0,0,521,0,521,0,0,521,0,521,616,0,616,1137
06/21/2008,TMB,FL,ASO,ES,Towers with Radar,0,0,0,0,0,1,2,460,0,463,1,2,460,0,463,858,0,858,1321
06/22/2008,TMB,FL,ASO,ES,Towers with Radar,0,0,0,0,0,2,3,315,0,320,2,3,315,0,320,359,0,359,679
06/23/2008,TMB,FL,ASO,ES,Towers with Radar,0,0,0,0,0,2,1,440,0,443,2,1,440,0,443,587,0,587,1030
06/24/2008,TMB,FL,ASO,ES,Towers with Radar,0,0,0,0,0,0,3,581,0,584,0,3,581,0,584,711,0,711,1295
06/25/2008,TMB,FL,ASO,ES,Towers with Radar,0,0,0,0,0,0,10,494,0,504,0,10,494,0,504,697,0,697,1201
06/26/2008,TMB,FL,ASO,ES,Towers with Radar,0,0,0,0,0,0,2,491,0,493,0,2,491,0,493,852,0,852,1345
06/27/2008,TMB,FL,ASO,ES,Towers with Radar,0,0,0,0,0,0,1,489,0,490,0,1,489,0,490,578,0,578,1068
06/28/2008,TMB,FL,ASO,ES,Towers with Radar,0,0,0,0,0,0,3,485,0,488,0,3,485,0,488,579,0,579,1067
06/29/2008,TMB,FL,ASO,ES,Towers with Radar,0,0,0,0,0,0,3,476,0,479,0,3,476,0,479,861,0,861,1340
06/30/2008,TMB,FL,ASO,ES,Towers with Radar,0,0,0,0,0,0,4,413,0,417,0,4,413,0,417,622,0,622,1039
07/01/2008,TMB,FL,ASO,ES,Towers with Radar,0,5,75,0,80,0,1,271,0,272,0,6,346,0,352,499,0,499,851
07/02/2008,TMB,FL,ASO,ES,Towers with Radar,2,1,101,0,104,0,0,373,0,373,2,1,474,0,477,666,0,666,1143
07/03/2008,TMB,FL,ASO,ES,Towers with Radar,0,7,105,0,112,0,1,341,0,342,0,8,446,0,454,600,0,600,1054
07/04/2008,TMB,FL,ASO,ES,Towers with Radar,0,0,73,0,73,0,2,295,0,297,0,2,368,0,370,410,0,410,780
07/05/2008,TMB,FL,ASO,ES,Towers with Radar,0,1,89,0,90,0,2,302,0,304,0,3,391,0,394,321,0,321,715
07/06/2008,TMB,FL,ASO,ES,Towers with Radar,0,4,109,0,113,0,4,227,0,231,0,8,336,0,344,503,0,503,847
07/07/2008,TMB,FL,ASO,ES,Towers with Radar,0,2,128,0,130,0,2,395,0,397,0,4,523,0,527,571,0,571,1098
07/08/2008,TMB,FL,ASO,ES,Towers with Radar,0,5,119,0,124,0,3,375,0,378,0,8,494,0,502,594,0,594,1096
07/09/2008,TMB,FL,ASO,ES,Towers with Radar,0,5,93,0,98,0,0,358,0,358,0,5,451,0,456,527,0,527,983
07/10/2008,TMB,FL,ASO,ES,Towers with Radar,0,3,96,0,99,0,1,350,0,351,0,4,446,0,450,452,0,452,902
07/11/2008,TMB,FL,ASO,ES,Towers with Radar,0,4,132,0,136,0,1,411,0,412,0,5,543,0,548,458,0,458,1006
07/12/2008,TMB,FL,ASO,ES,Towers with Radar,0,0,100,0,100,0,1,314,0,315,0,1,414,0,415,659,0,659,1074
07/13/2008,TMB,FL,ASO,ES,Towers with Radar,0,1,117,0,118,0,4,233,0,237,0,5,350,0,355,495,0,495,850
07/14/2008,TMB,FL,ASO,ES,Towers with Radar,0,0,79,0,79,0,0,278,0,278,0,0,357,0,357,702,0,702,1059
07/15/2008,TMB,FL,ASO,ES,Towers with Radar,0,0,37,0,37,0,0,136,0,136,0,0,173,0,173,337,0,337,510
07/16/2008,TMB,FL,ASO,ES,Towers with Radar,0,5,72,0,77,0,2,267,0,269,0,7,339,0,346,441,0,441,787
07/17/2008,TMB,FL,ASO,ES,Towers with Radar,0,2,107,0,109,0,3,470,0,473,0,5,577,0,582,786,0,786,1368
07/18/2008,TMB,FL,ASO,ES,Towers with Radar,0,2,148,4,154,0,1,411,3,415,0,3,559,7,569,585,0,585,1154
07/19/2008,TMB,FL,ASO,ES,Towers with Radar,0,0,94,0,94,0,0,366,0,366,0,0,460,0,460,889,0,889,1349
07/20/2008,TMB,FL,ASO,ES,Towers with Radar,0,3,84,0,87,0,4,310,1,315,0,7,394,1,402,353,0,353,755
07/21/2008,TMB,FL,ASO,ES,Towers with Radar,0,5,78,0,83,0,3,409,0,412,0,8,487,0,495,607,0,607,1102
07/22/2008,TMB,FL,ASO,ES,Towers with Radar,0,2,87,0,89,0,0,367,0,367,0,2,454,0,456,657,0,657,1113
07/23/2008,TMB,FL,ASO,ES,Towers with Radar,0,6,85,0,91,0,0,314,0,314,0,6,399,0,405,775,0,775,1180
07/24/2008,TMB,FL,ASO,ES,Towers with Radar,0,5,108,0,113,0,2,275,0,277,0,7,383,0,390,629,0,629,1019
07/25/2008,TMB,FL,ASO,ES,Towers with Radar,0,7,103,0,110,0,1,343,0,344,0,8,446,0,454,773,0,773,1227
07/26/2008,TMB,FL,ASO,ES,Towers with Radar,0,5,139,0,144,0,2,415,0,417,0,7,554,0,561,674,0,674,1235
07/27/2008,TMB,FL,ASO,ES,Towers with Radar,1,4,86,0,91,0,1,237,0,238,1,5,323,0,329,409,0,409,738
07/28/2008,TMB,FL,ASO,ES,Towers with Radar,1,2,78,0,81,0,0,296,0,296,1,2,374,0,377,597,0,597,974
07/29/2008,TMB,FL,ASO,ES,Towers with Radar,0,4,65,0,69,0,1,405,0,406,0,5,470,0,475,662,0,662,1137
07/30/2008,TMB,FL,ASO,ES,Towers with Radar,0,1,82,0,83,0,0,252,0,252,0,1,334,0,335,381,0,381,716
07/31/2008,TMB,FL,ASO,ES,Towers with Radar,0,8,111,0,119,0,0,307,0,307,0,8,418,0,426,549,0,549,975
08/01/2008,TMB,FL,ASO,ES,Towers with Radar,1,0,103,0,104,0,4,313,0,317,1,4,416,0,421,582,0,582,1003
08/02/2008,TMB,FL,ASO,ES,Towers with Radar,0,0,134,0,134,0,5,402,0,407,0,5,536,0,541,588,0,588,1129
08/03/2008,TMB,FL,ASO,ES,Towers with Radar,0,2,64,0,66,0,3,249,0,252,0,5,313,0,318,656,0,656,974
08/04/2008,TMB,FL,ASO,ES,Towers with Radar,0,0,72,0,72,0,1,271,0,272,0,1,343,0,344,496,0,496,840
08/05/2008,TMB,FL,ASO,ES,Towers with Radar,0,2,90,0,92,0,0,304,0,304,0,2,394,0,396,710,0,710,1106
08/06/2008,TMB,FL,ASO,ES,Towers with Radar,0,3,111,0,114,0,1,338,0,339,0,4,449,0,453,644,0,644,1097
08/07/2008,TMB,FL,ASO,ES,Towers with Radar,0,4,126,0,130,0,0,380,0,380,0,4,506,0,510,686,0,686,1196
08/08/2008,TMB,FL,ASO,ES,Towers with Radar,0,0,79,0,79,0,1,321,0,322,0,1,400,0,401,623,0,623,1024
08/09/2008,TMB,FL,ASO,ES,Towers with Radar,0,0,70,0,70,0,1,336,0,337,0,1,406,0,407,530,0,530,937
08/10/2008,TMB,FL,ASO,ES,Towers with Radar,1,4,46,0,51,0,2,178,0,180,1,6,224,0,231,374,0,374,605
08/11/2008,TMB,FL,ASO,ES,Towers with Radar,0,2,73,0,75,0,0,266,0,266,0,2,339,0,341,581,0,581,922
08/12/2008,TMB,FL,ASO,ES,Towers with Radar,0,4,66,0,70,0,1,249,0,250,0,5,315,0,320,689,0,689,1009
08/13/2008,TMB,FL,ASO,ES,Towers with Radar,0,1,63,0,64,0,1,350,0,351,0,2,413,0,415,614,0,614,1029
08/14/2008,TMB,FL,ASO,ES,Towers with Radar,0,2,59,0,61,0,0,227,0,227,0,2,286,0,288,269,0,269,557
08/15/2008,TMB,FL,ASO,ES,Towers with Radar,0,0,89,0,89,0,1,307,0,308,0,1,396,0,397,701,0,701,1098
08/16/2008,TMB,FL,ASO,ES,Towers with Radar,0,3,85,0,88,0,3,307,0,310,0,6,392,0,398,505,0,505,903
08/17/2008,TMB,FL,ASO,ES,Towers with Radar,0,3,57,0,60,0,4,231,0,235,0,7,288,0,295,364,0,364,659
08/18/2008,TMB,FL,ASO,ES,Towers with Radar,0,2,22,0,24,0,0,24,0,24,0,2,46,0,48,1,0,1,49
08/19/2008,TMB,FL,ASO,ES,Towers with Radar,0,0,2,0,2,0,0,16,0,16,0,0,18,0,18,0,0,0,18
08/20/2008,TMB,FL,ASO,ES,Towers with Radar,0,0,24,0,24,0,1,138,0,139,0,1,162,0,163,252,0,252,415
08/21/2008,TMB,FL,ASO,ES,Towers with Radar,0,1,52,0,53,0,2,255,2,259,0,3,307,2,312,428,0,428,740
08/22/2008,TMB,FL,ASO,ES,Towers with Radar,0,8,56,0,64,0,1,241,0,242,0,9,297,0,306,485,0,485,791
08/23/2008,TMB,FL,ASO,ES,Towers with Radar,0,0,76,0,76,0,5,307,2,314,0,5,383,2,390,600,0,600,990
08/24/2008,TMB,FL,ASO,ES,Towers with Radar,0,1,75,0,76,0,0,271,0,271,0,1,346,0,347,606,0,606,953
08/25/2008,TMB,FL,ASO,ES,Towers with Radar,0,3,67,0,70,0,1,276,0,277,0,4,343,0,347,811,0,811,1158
08/26/2008,TMB,FL,ASO,ES,Towers with Radar,0,0,63,0,63,0,5,236,0,241,0,5,299,0,304,292,0,292,596
08/27/2008,TMB,FL,ASO,ES,Towers with Radar,0,2,91,0,93,0,2,383,0,385,0,4,474,0,478,670,0,670,1148
08/28/2008,TMB,FL,ASO,ES,Towers with Radar,0,4,94,0,98,0,2,342,0,344,0,6,436,0,442,531,0,531,973
08/29/2008,TMB,FL,ASO,ES,Towers with Radar,0,10,88,0,98,0,1,223,0,224,0,11,311,0,322,609,0,609,931
08/30/2008,TMB,FL,ASO,ES,Towers with Radar,0,3,66,0,69,0,0,102,0,102,0,3,168,0,171,241,0,241,412
08/31/2008,TMB,FL,ASO,ES,Towers with Radar,0,5,21,0,26,0,6,40,0,46,0,11,61,0,72,4,0,4,76
09/01/2008,TMB,FL,ASO,ES,Towers with Radar,0,1,104,0,105,0,1,359,0,360,0,2,463,0,465,461,0,461,926
09/02/2008,TMB,FL,ASO,ES,Towers with Radar,0,3,67,0,70,0,0,208,0,208,0,3,275,0,278,390,0,390,668
09/03/2008,TMB,FL,ASO,ES,Towers with Radar,1,3,77,0,81,0,1,312,0,313,1,4,389,0,394,356,0,356,750
09/04/2008,TMB,FL,ASO,ES,Towers with Radar,0,8,55,0,63,0,1,242,0,243,0,9,297,0,306,283,0,283,589
09/05/2008,TMB,FL,ASO,ES,Towers with Radar,0,3,55,0,58,0,3,210,0,213,0,6,265,0,271,288,0,288,559
09/06/2008,TMB,FL,ASO,ES,Towers with Radar,0,2,66,0,68,0,2,315,0,317,0,4,381,0,385,539,0,539,924
09/07/2008,TMB,FL,ASO,ES,Towers with Radar,0,1,68,0,69,0,1,269,0,270,0,2,337,0,339,427,0,427,766
09/08/2008,TMB,FL,ASO,ES,Towers with Radar,0,3,37,0,40,0,3,118,0,121,0,6,155,0,161,51,0,51,212
09/09/2008,TMB,FL,ASO,ES,Towers with Radar,0,4,7,0,11,0,2,31,0,33,0,6,38,0,44,14,0,14,58
09/10/2008,TMB,FL,ASO,ES,Towers with Radar,0,5,48,0,53,0,2,99,1,102,0,7,147,1,155,112,0,112,267
09/11/2008,TMB,FL,ASO,ES,Towers with Radar,0,4,77,0,81,0,6,290,0,296,0,10,367,0,377,207,0,207,584
09/12/2008,TMB,FL,ASO,ES,Towers with Radar,0,6,101,0,107,0,3,301,0,304,0,9,402,0,411,394,0,394,805
09/13/2008,TMB,FL,ASO,ES,Towers with Radar,0,0,98,0,98,0,2,336,0,338,0,2,434,0,436,507,0,507,943
09/14/2008,TMB,FL,ASO,ES,Towers with Radar,0,5,77,0,82,0,4,283,0,287,0,9,360,0,369,387,0,387,756
09/15/2008,TMB,FL,ASO,ES,Towers with Radar,0,1,65,0,66,0,0,324,0,324,0,1,389,0,390,503,0,503,893
09/16/2008,TMB,FL,ASO,ES,Towers with Radar,0,2,72,2,76,0,1,303,0,304,0,3,375,2,380,659,0,659,1039
09/17/2008,TMB,FL,ASO,ES,Towers with Radar,0,2,75,0,77,0,2,282,0,284,0,4,357,0,361,521,0,521,882
09/18/2008,TMB,FL,ASO,ES,Towers with Radar,0,3,73,0,76,0,2,228,0,230,0,5,301,0,306,425,0,425,731
09/19/2008,TMB,FL,ASO,ES,Towers with Radar,0,1,122,1,124,0,0,293,0,293,0,1,415,1,417,477,0,477,894
09/20/2008,TMB,FL,ASO,ES,Towers with Radar,0,0,62,0,62,0,0,346,0,346,0,0,408,0,408,522,0,522,930
09/21/2008,TMB,FL,ASO,ES,Towers with Radar,0,1,61,0,62,0,1,291,0,292,0,2,352,0,354,435,0,435,789
09/22/2008,TMB,FL,ASO,ES,Towers with Radar,0,1,60,0,61,0,0,337,0,337,0,1,397,0,398,448,0,448,846
09/23/2008,TMB,FL,ASO,ES,Towers with Radar,0,5,64,0,69,0,0,206,0,206,0,5,270,0,275,418,0,418,693
09/24/2008,TMB,FL,ASO,ES,Towers with Radar,0,2,75,0,77,0,0,313,0,313,0,2,388,0,390,448,0,448,838
09/25/2008,TMB,FL,ASO,ES,Towers with Radar,0,2,97,0,99,0,0,307,0,307,0,2,404,0,406,618,0,618,1024
09/26/2008,TMB,FL,ASO,ES,Towers with Radar,0,3,98,0,101,0,1,278,0,279,0,4,376,0,380,721,0,721,1101
09/27/2008,TMB,FL,ASO,ES,Towers with Radar,0,2,55,0,57,0,0,186,0,186,0,2,241,0,243,353,0,353,596
09/28/2008,TMB,FL,ASO,ES,Towers with Radar,0,2,66,1,69,0,2,146,0,148,0,4,212,1,217,266,0,266,483
09/29/2008,TMB,FL,ASO,ES,Towers with Radar,0,4,62,0,66,0,0,165,0,165,0,4,227,0,231,389,0,389,620
09/30/2008,TMB,FL,ASO,ES,Towers with Radar,1,1,42,2,46,0,0,146,0,146,1,1,188,2,192,491,0,491,683
10/01/2008,TMB,FL,ASO,ES,Towers with Radar,0,7,55,0,62,0,3,297,0,300,0,10,352,0,362,587,0,587,949
10/02/2008,TMB,FL,ASO,ES,Towers with Radar,0,2,40,0,42,0,0,298,0,298,0,2,338,0,340,653,0,653,993
10/03/2008,TMB,FL,ASO,ES,Towers with Radar,0,2,101,0,103,0,2,283,3,288,0,4,384,3,391,532,0,532,923
10/04/2008,TMB,FL,ASO,ES,Towers with Radar,0,2,61,2,65,0,3,38,0,41,0,5,99,2,106,82,0,82,188
10/05/2008,TMB,FL,ASO,ES,Towers with Radar,0,6,78,0,84,0,0,185,0,185,0,6,263,0,269,476,0,476,745
10/06/2008,TMB,FL,ASO,ES,Towers with Radar,0,3,81,0,84,0,0,309,0,309,0,3,390,0,393,596,0,596,989
10/07/2008,TMB,FL,ASO,ES,Towers with Radar,1,2,68,0,71,0,1,260,0,261,1,3,328,0,332,459,0,459,791
10/08/2008,TMB,FL,ASO,ES,Towers with Radar,1,3,91,0,95,0,1,286,0,287,1,4,377,0,382,520,0,520,902
10/09/2008,TMB,FL,ASO,ES,Towers with Radar,0,1,63,0,64,0,0,156,0,156,0,1,219,0,220,328,0,328,548
10/10/2008,TMB,FL,ASO,ES,Towers with Radar,0,2,60,0,62,0,5,169,0,174,0,7,229,0,236,359,0,359,595
10/11/2008,TMB,FL,ASO,ES,Towers with Radar,0,1,70,0,71,0,0,263,0,263,0,1,333,0,334,551,0,551,885
10/12/2008,TMB,FL,ASO,ES,Towers with Radar,0,1,70,0,71,0,1,282,0,283,0,2,352,0,354,615,0,615,969
10/13/2008,TMB,FL,ASO,ES,Towers with Radar,0,7,76,0,83,0,0,263,0,263,0,7,339,0,346,550,0,550,896
10/14/2008,TMB,FL,ASO,ES,Towers with Radar,0,4,95,0,99,0,1,190,0,191,0,5,285,0,290,340,0,340,630
10/15/2008,TMB,FL,ASO,ES,Towers with Radar,0,4,91,0,95,0,1,331,0,332,0,5,422,0,427,719,0,719,1146
10/16/2008,TMB,FL,ASO,ES,Towers with Radar,0,2,79,0,81,0,1,316,0,317,0,3,395,0,398,623,0,623,1021
10/17/2008,TMB,FL,ASO,ES,Towers with Radar,0,11,97,0,108,0,0,337,0,337,0,11,434,0,445,642,0,642,1087
10/18/2008,TMB,FL,ASO,ES,Towers with Radar,0,4,65,0,69,0,2,346,0,348,0,6,411,0,417,632,0,632,1049
10/19/2008,TMB,FL,ASO,ES,Towers with Radar,0,11,47,0,58,0,3,249,0,252,0,14,296,0,310,438,0,438,748
10/20/2008,TMB,FL,ASO,ES,Towers with Radar,0,3,89,0,92,0,2,288,0,290,0,5,377,0,382,594,0,594,976
10/21/2008,TMB,FL,ASO,ES,Towers with Radar,0,6,64,0,70,0,2,297,0,299,0,8,361,0,369,504,0,504,873
10/22/2008,TMB,FL,ASO,ES,Towers with Radar,0,12,44,0,56,0,3,212,0,215,0,15,256,0,271,636,0,636,907
10/23/2008,TMB,FL,ASO,ES,Towers with Radar,0,9,49,0,58,0,0,92,0,92,0,9,141,0,150,136,0,136,286
10/24/2008,TMB,FL,ASO,ES,Towers with Radar,0,8,99,0,107,0,1,88,0,89,0,9,187,0,196,180,0,180,376
10/25/2008,TMB,FL,ASO,ES,Towers with Radar,0,3,60,0,63,0,1,264,0,265,0,4,324,0,328,338,0,338,666
10/26/2008,TMB,FL,ASO,ES,Towers with Radar,0,1,86,0,87,0,1,133,0,134,0,2,219,0,221,174,0,174,395
10/27/2008,TMB,FL,ASO,ES,Towers with Radar,0,4,79,0,83,0,3,396,1,400,0,7,475,1,483,483,0,483,966
10/28/2008,TMB,FL,ASO,ES,Towers with Radar,0,5,49,0,54,0,1,356,0,357,0,6,405,0,411,173,0,173,584
10/29/2008,TMB,FL,ASO,ES,Towers with Radar,0,4,70,0,74,0,0,340,0,340,0,4,410,0,414,363,0,363,777
10/30/2008,TMB,FL,ASO,ES,Towers with Radar,0,1,107,0,108,0,2,392,0,394,0,3,499,0,502,430,0,430,932
10/31/2008,TMB,FL,ASO,ES,Towers with Radar,0,8,81,0,89,0,6,234,0,240,0,14,315,0,329,281,0,281,610
11/01/2008,TMB,FL,ASO,ES,Towers with Radar,0,10,71,0,81,0,0,303,0,303,0,10,374,0,384,567,0,567,951
11/02/2008,TMB,FL,ASO,ES,Towers with Radar,0,5,62,0,67,0,1,159,0,160,0,6,221,0,227,262,0,262,489
11/03/2008,TMB,FL,ASO,ES,Towers with Radar,0,7,97,0,104,0,1,408,0,409,0,8,505,0,513,605,0,605,1118
11/04/2008,TMB,FL,ASO,ES,Towers with Radar,0,5,86,0,91,0,0,134,0,134,0,5,220,0,225,334,0,334,559
11/05/2008,TMB,FL,ASO,ES,Towers with Radar,0,4,69,0,73,0,2,333,0,335,0,6,402,0,408,585,0,585,993
11/06/2008,TMB,FL,ASO,ES,Towers with Radar,0,1,94,0,95,0,1,359,0,360,0,2,453,0,455,617,0,617,1072
11/07/2008,TMB,FL,ASO,ES,Towers with Radar,0,3,84,0,87,0,0,271,7,278,0,3,355,7,365,490,0,490,855
11/08/2008,TMB,FL,ASO,ES,Towers with Radar,0,2,70,0,72,0,2,328,0,330,0,4,398,0,402,573,0,573,975
11/09/2008,TMB,FL,ASO,ES,Towers with Radar,1,1,71,0,73,0,2,304,0,306,1,3,375,0,379,314,0,314,693
11/10/2008,TMB,FL,ASO,ES,Towers with Radar,1,2,69,1,73,0,0,336,0,336,1,2,405,1,409,287,0,287,696
11/11/2008,TMB,FL,ASO,ES,Towers with Radar,0,6,86,0,92,0,1,255,0,256,0,7,341,0,348,389,0,389,737
11/12/2008,TMB,FL,ASO,ES,Towers with Radar,1,8,81,0,90,0,1,191,0,192,1,9,272,0,282,373,0,373,655
11/13/2008,TMB,FL,ASO,ES,Towers with Radar,0,8,112,0,120,0,1,191,0,192,0,9,303,0,312,276,0,276,588
11/14/2008,TMB,FL,ASO,ES,Towers with Radar,0,7,70,0,77,0,1,284,0,285,0,8,354,0,362,361,0,361,723
11/15/2008,TMB,FL,ASO,ES,Towers with Radar,0,5,70,0,75,0,3,322,0,325,0,8,392,0,400,353,0,353,753
11/16/2008,TMB,FL,ASO,ES,Towers with Radar,0,8,114,0,122,0,2,350,0,352,0,10,464,0,474,25,0,25,499
11/17/2008,TMB,FL,ASO,ES,Towers with Radar,0,9,43,0,52,0,2,285,0,287,0,11,328,0,339,181,0,181,520
11/18/2008,TMB,FL,ASO,ES,Towers with Radar,0,5,49,0,54,0,2,331,0,333,0,7,380,0,387,260,0,260,647
11/19/2008,TMB,FL,ASO,ES,Towers with Radar,0,2,73,0,75,0,3,348,0,351,0,5,421,0,426,248,0,248,674
11/20/2008,TMB,FL,ASO,ES,Towers with Radar,0,11,59,0,70,0,0,339,0,339,0,11,398,0,409,529,0,529,938
11/21/2008,TMB,FL,ASO,ES,Towers with Radar,0,1,70,1,72,0,0,352,0,352,0,1,422,1,424,323,0,323,747
11/22/2008,TMB,FL,ASO,ES,Towers with Radar,0,1,67,0,68,0,1,324,0,325,0,2,391,0,393,394,0,394,787
11/23/2008,TMB,FL,ASO,ES,Towers with Radar,0,5,43,0,48,0,1,278,0,279,0,6,321,0,327,173,0,173,500
11/24/2008,TMB,FL,ASO,ES,Towers with Radar,0,7,61,0,68,0,1,306,0,307,0,8,367,0,375,457,0,457,832
11/25/2008,TMB,FL,ASO,ES,Towers with Radar,0,7,79,0,86,0,1,340,0,341,0,8,419,0,427,579,0,579,1006
11/26/2008,TMB,FL,ASO,ES,Towers with Radar,0,7,104,0,111,0,0,310,0,310,0,7,414,0,421,569,0,569,990
11/27/2008,TMB,FL,ASO,ES,Towers with Radar,0,4,31,0,35,0,2,172,0,174,0,6,203,0,209,320,0,320,529
11/28/2008,TMB,FL,ASO,ES,Towers with Radar,1,3,78,0,82,0,2,267,0,269,1,5,345,0,351,303,0,303,654
11/29/2008,TMB,FL,ASO,ES,Towers with Radar,0,6,53,0,59,0,0,257,0,257,0,6,310,0,316,475,0,475,791
11/30/2008,TMB,FL,ASO,ES,Towers with Radar,0,16,75,0,91,0,3,80,0,83,0,19,155,0,174,25,0,25,199
12/01/2008,TMB,FL,ASO,ES,Towers with Radar,0,7,66,0,73,0,3,210,0,213,0,10,276,0,286,395,0,395,681
12/02/2008,TMB,FL,ASO,ES,Towers with Radar,0,3,47,0,50,0,1,258,0,259,0,4,305,0,309,216,0,216,525
12/03/2008,TMB,FL,ASO,ES,Towers with Radar,1,2,89,0,92,0,3,282,0,285,1,5,371,0,377,436,0,436,813
12/04/2008,TMB,FL,ASO,ES,Towers with Radar,1,3,75,0,79,0,0,350,0,350,1,3,425,0,429,590,0,590,1019
12/05/2008,TMB,FL,ASO,ES,Towers with Radar,0,5,98,2,105,0,4,309,0,313,0,9,407,2,418,349,0,349,767
12/06/2008,TMB,FL,ASO,ES,Towers with Radar,0,2,66,0,68,0,7,447,0,454,0,9,513,0,522,521,0,521,1043
12/07/2008,TMB,FL,ASO,ES,Towers with Radar,0,6,65,0,71,0,1,261,0,262,0,7,326,0,333,402,0,402,735
12/08/2008,TMB,FL,ASO,ES,Towers with Radar,1,6,79,0,86,0,1,297,0,298,1,7,376,0,384,480,0,480,864
12/09/2008,TMB,FL,ASO,ES,Towers with Radar,0,0,90,0,90,0,1,349,0,350,0,1,439,0,440,441,0,441,881
12/10/2008,TMB,FL,ASO,ES,Towers with Radar,0,5,67,0,72,0,1,249,0,250,0,6,316,0,322,356,0,356,678
12/11/2008,TMB,FL,ASO,ES,Towers with Radar,0,5,46,0,51,0,0,67,0,67,0,5,113,0,118,152,0,152,270
12/12/2008,TMB,FL,ASO,ES,Towers with Radar,0,6,60,2,68,0,1,319,0,320,0,7,379,2,388,424,0,424,812
12/13/2008,TMB,FL,ASO,ES,Towers with Radar,0,1,66,0,67,0,3,309,0,312,0,4,375,0,379,289,0,289,668
12/14/2008,TMB,FL,ASO,ES,Towers with Radar,0,7,73,0,80,0,3,305,0,308,0,10,378,0,388,391,0,391,779
12/15/2008,TMB,FL,ASO,ES,Towers with Radar,0,11,65,0,76,0,1,392,0,393,0,12,457,0,469,565,0,565,1034
12/16/2008,TMB,FL,ASO,ES,Towers with Radar,1,7,78,0,86,0,1,331,0,332,1,8,409,0,418,633,0,633,1051
12/17/2008,TMB,FL,ASO,ES,Towers with Radar,0,6,91,0,97,0,1,307,0,308,0,7,398,0,405,558,0,558,963
12/18/2008,TMB,FL,ASO,ES,Towers with Radar,0,5,90,0,95,0,0,286,0,286,0,5,376,0,381,552,0,552,933
12/19/2008,TMB,FL,ASO,ES,Towers with Radar,0,5,103,0,108,0,4,252,2,258,0,9,355,2,366,463,0,463,829
12/20/2008,TMB,FL,ASO,ES,Towers with Radar,0,5,98,0,103,0,1,253,0,254,0,6,351,0,357,516,0,516,873
12/21/2008,TMB,FL,ASO,ES,Towers with Radar,1,8,47,0,56,0,0,272,1,273,1,8,319,1,329,325,0,325,654
12/22/2008,TMB,FL,ASO,ES,Towers with Radar,0,4,78,0,82,0,0,252,0,252,0,4,330,0,334,270,0,270,604
12/23/2008,TMB,FL,ASO,ES,Towers with Radar,0,2,59,2,63,0,1,209,0,210,0,3,268,2,273,144,0,144,417
12/24/2008,TMB,FL,ASO,ES,Towers with Radar,4,3,43,0,50,0,0,106,0,106,4,3,149,0,156,104,0,104,260
12/25/2008,TMB,FL,ASO,ES,Towers with Radar,1,6,15,0,22,0,0,37,0,37,1,6,52,0,59,23,0,23,82
12/26/2008,TMB,FL,ASO,ES,Towers with Radar,0,28,125,0,153,0,0,202,0,202,0,28,327,0,355,358,0,358,713
12/27/2008,TMB,FL,ASO,ES,Towers with Radar,1,12,119,0,132,0,1,258,0,259,1,13,377,0,391,282,0,282,673
12/28/2008,TMB,FL,ASO,ES,Towers with Radar,0,14,69,0,83,0,2,194,0,196,0,16,263,0,279,295,0,295,574
12/29/2008,TMB,FL,ASO,ES,Towers with Radar,0,4,74,0,78,0,1,282,0,283,0,5,356,0,361,353,0,353,714
12/30/2008,TMB,FL,ASO,ES,Towers with Radar,0,10,86,0,96,0,0,259,0,259,0,10,345,0,355,390,0,390,745
12/31/2008,TMB,FL,ASO,ES,Towers with Radar,0,2,62,0,64,0,2,213,0,215,0,4,275,0,279,170,0,170,449
01/01/2009,TMB,FL,ASO,ES,Towers with Radar,0,6,23,0,29,0,0,96,0,96,0,6,119,0,125,50,0,50,175
01/02/2009,TMB,FL,ASO,ES,Towers with Radar,0,17,81,0,98,0,0,255,0,255,0,17,336,0,353,293,0,293,646
01/03/2009,TMB,FL,ASO,ES,Towers with Radar,0,16,80,0,96,0,3,297,0,300,0,19,377,0,396,320,0,320,716
01/04/2009,TMB,FL,ASO,ES,Towers with Radar,0,32,85,0,117,0,0,225,0,225,0,32,310,0,342,287,0,287,629
01/05/2009,TMB,FL,ASO,ES,Towers with Radar,0,11,75,0,86,0,3,313,0,316,0,14,388,0,402,405,0,405,807
01/06/2009,TMB,FL,ASO,ES,Towers with Radar,0,5,78,0,83,0,2,311,0,313,0,7,389,0,396,258,0,258,654
01/07/2009,TMB,FL,ASO,ES,Towers with Radar,0,6,45,0,51,0,1,185,0,186,0,7,230,0,237,237,0,237,474
01/08/2009,TMB,FL,ASO,ES,Towers with Radar,0,2,61,0,63,0,1,322,0,323,0,3,383,0,386,359,0,359,745
01/09/2009,TMB,FL,ASO,ES,Towers with Radar,0,5,85,0,90,0,2,311,0,313,0,7,396,0,403,408,0,408,811
01/10/2009,TMB,FL,ASO,ES,Towers with Radar,6,4,71,0,81,1,1,373,0,375,7,5,444,0,456,473,0,473,929
01/11/2009,TMB,FL,ASO,ES,Towers with Radar,0,8,75,0,83,0,0,280,0,280,0,8,355,0,363,268,0,268,631
01/12/2009,TMB,FL,ASO,ES,Towers with Radar,0,3,88,0,91,0,1,335,0,336,0,4,423,0,427,499,0,499,926
01/13/2009,TMB,FL,ASO,ES,Towers with Radar,0,2,62,0,64,0,0,175,0,175,0,2,237,0,239,281,0,281,520
01/14/2009,TMB,FL,ASO,ES,Towers with Radar,0,4,82,0,86,0,0,279,0,279,0,4,361,0,365,417,0,417,782
01/15/2009,TMB,FL,ASO,ES,Towers with Radar,0,4,47,0,51,0,1,281,0,282,0,5,328,0,333,358,0,358,691
01/16/2009,TMB,FL,ASO,ES,Towers with Radar,0,8,91,0,99,0,7,226,1,234,0,15,317,1,333,251,0,251,584
01/17/2009,TMB,FL,ASO,ES,Towers with Radar,0,2,77,0,79,0,1,262,0,263,0,3,339,0,342,232,0,232,574
01/18/2009,TMB,FL,ASO,ES,Towers with Radar,0,3,48,0,51,0,1,242,0,243,0,4,290,0,294,272,0,272,566
01/19/2009,TMB,FL,ASO,ES,Towers with Radar,0,1,49,0,50,0,0,173,0,173,0,1,222,0,223,190,0,190,413
01/20/2009,TMB,FL,ASO,ES,Towers with Radar,0,5,48,0,53,0,2,182,1,185,0,7,230,1,238,308,0,308,546
01/21/2009,TMB,FL,ASO,ES,Towers with Radar,0,6,52,1,59,0,2,222,0,224,0,8,274,1,283,153,0,153,436
01/22/2009,TMB,FL,ASO,ES,Towers with Radar,0,5,67,0,72,0,0,248,0,248,0,5,315,0,320,498,0,498,818
01/23/2009,TMB,FL,ASO,ES,Towers with Radar,0,0,57,1,58,0,0,281,7,288,0,0,338,8,346,393,0,393,739
01/24/2009,TMB,FL,ASO,ES,Towers with Radar,0,4,69,0,73,0,1,330,0,331,0,5,399,0,404,494,0,494,898
01/25/2009,TMB,FL,ASO,ES,Towers with Radar,0,9,72,0,81,0,1,295,0,296,0,10,367,0,377,268,0,268,645
01/26/2009,TMB,FL,ASO,ES,Towers with Radar,0,5,76,2,83,0,1,241,0,242,0,6,317,2,325,309,0,309,634
01/27/2009,TMB,FL,ASO,ES,Towers with Radar,1,6,57,0,64,0,2,268,0,270,1,8,325,0,334,231,0,231,565
01/28/2009,TMB,FL,ASO,ES,Towers with Radar,0,4,86,0,90,0,3,359,0,362,0,7,445,0,452,421,0,421,873
01/29/2009,TMB,FL,ASO,ES,Towers with Radar,0,5,73,0,78,0,1,257,0,258,0,6,330,0,336,264,0,264,600
01/30/2009,TMB,FL,ASO,ES,Towers with Radar,0,5,70,0,75,0,3,143,0,146,0,8,213,0,221,159,0,159,380
01/31/2009,TMB,FL,ASO,ES,Towers with Radar,0,3,51,0,54,0,2,250,0,252,0,5,301,0,306,120,0,120,426
02/01/2009,TMB,FL,ASO,ES,Towers with Radar,0,7,79,0,86,0,0,318,0,318,0,7,397,0,404,217,0,217,621
02/02/2009,TMB,FL,ASO,ES,Towers with Radar,0,2,35,0,37,0,0,134,0,134,0,2,169,0,171,189,0,189,360
02/03/2009,TMB,FL,ASO,ES,Towers with Radar,0,4,70,0,74,0,2,279,0,281,0,6,349,0,355,224,0,224,579
02/04/2009,TMB,FL,ASO,ES,Towers with Radar,0,1,56,0,57,0,1,258,1,260,0,2,314,1,317,277,0,277,594
02/05/2009,TMB,FL,ASO,ES,Towers with Radar,0,2,61,0,63,0,2,321,0,323,0,4,382,0,386,193,0,193,579
02/06/2009,TMB,FL,ASO,ES,Towers with Radar,0,0,95,0,95,0,1,320,0,321,0,1,415,0,416,409,0,409,825
02/07/2009,TMB,FL,ASO,ES,Towers with Radar,0,6,90,0,96,0,1,324,0,325,0,7,414,0,421,434,0,434,855
02/08/2009,TMB,FL,ASO,ES,Towers with Radar,0,8,92,0,100,0,2,270,0,272,0,10,362,0,372,274,0,274,646
02/09/2009,TMB,FL,ASO,ES,Towers with Radar,0,2,71,0,73,0,0,278,0,278,0,2,349,0,351,330,0,330,681
02/10/2009,TMB,FL,ASO,ES,Towers with Radar,0,2,70,0,72,0,1,265,2,268,0,3,335,2,340,304,0,304,644
02/11/2009,TMB,FL,ASO,ES,Towers with Radar,0,5,92,0,97,0,2,281,0,283,0,7,373,0,380,263,0,263,643
02/12/2009,TMB,FL,ASO,ES,Towers with Radar,0,9,123,0,132,0,1,285,0,286,0,10,408,0,418,641,0,641,1059
02/13/2009,TMB,FL,ASO,ES,Towers with Radar,0,7,119,0,126,0,0,240,0,240,0,7,359,0,366,348,0,348,714
02/14/2009,TMB,FL,ASO,ES,Towers with Radar,0,3,76,1,80,0,0,334,1,335,0,3,410,2,415,364,1,365,780
02/15/2009,TMB,FL,ASO,ES,Towers with Radar,0,7,82,0,89,0,0,264,0,264,0,7,346,0,353,220,0,220,573
02/16/2009,TMB,FL,ASO,ES,Towers with Radar,0,17,129,0,146,0,1,250,0,251,0,18,379,0,397,148,0,148,545
02/17/2009,TMB,FL,ASO,ES,Towers with Radar,0,5,97,0,102,0,0,358,1,359,0,5,455,1,461,391,0,391,852
02/18/2009,TMB,FL,ASO,ES,Towers with Radar,0,3,77,0,80,0,1,231,0,232,0,4,308,0,312,187,0,187,499
02/19/2009,TMB,FL,ASO,ES,Towers with Radar,0,8,99,0,107,0,5,265,0,270,0,13,364,0,377,327,0,327,704
02/20/2009,TMB,FL,ASO,ES,Towers with Radar,0,3,71,0,74,0,0,287,0,287,0,3,358,0,361,161,0,161,522
02/21/2009,TMB,FL,ASO,ES,Towers with Radar,0,1,77,1,79,0,0,450,1,451,0,1,527,2,530,304,0,304,834
02/22/2009,TMB,FL,ASO,ES,Towers with Radar,0,6,92,0,98,0,0,288,0,288,0,6,380,0,386,324,0,324,710
02/23/2009,TMB,FL,ASO,ES,Towers with Radar,1,10,91,0,102,0,3,252,0,255,1,13,343,0,357,286,0,286,643
02/24/2009,TMB,FL,ASO,ES,Towers with Radar,0,0,92,0,92,0,3,274,0,277,0,3,366,0,369,463,0,463,832
02/25/2009,TMB,FL,ASO,ES,Towers with Radar,0,7,89,0,96,0,0,300,0,300,0,7,389,0,396,385,0,385,781
02/26/2009,TMB,FL,ASO,ES,Towers with Radar,0,10,84,0,94,0,1,309,0,310,0,11,393,0,404,482,0,482,886
02/27/2009,TMB,FL,ASO,ES,Towers with Radar,0,2,73,1,76,0,2,262,0,264,0,4,335,1,340,296,0,296,636
02/28/2009,TMB,FL,ASO,ES,Towers with Radar,0,3,67,0,70,0,0,391,0,391,0,3,458,0,461,235,0,235,696
03/01/2009,TMB,FL,ASO,ES,Towers with Radar,0,6,41,0,47,0,0,99,0,99,0,6,140,0,146,79,0,79,225
03/02/2009,TMB,FL,ASO,ES,Towers with Radar,1,6,60,0,67,0,1,247,0,248,1,7,307,0,315,143,0,143,458
03/03/2009,TMB,FL,ASO,ES,Towers with Radar,0,7,64,0,71,0,1,271,0,272,0,8,335,0,343,429,0,429,772
03/04/2009,TMB,FL,ASO,ES,Towers with Radar,0,4,69,0,73,0,3,252,0,255,0,7,321,0,328,286,0,286,614
03/05/2009,TMB,FL,ASO,ES,Towers with Radar,0,4,79,1,84,0,4,248,0,252,0,8,327,1,336,338,0,338,674
03/06/2009,TMB,FL,ASO,ES,Towers with Radar,0,4,125,0,129,0,1,316,0,317,0,5,441,0,446,403,0,403,849
03/07/2009,TMB,FL,ASO,ES,Towers with Radar,0,3,87,0,90,0,2,316,0,318,0,5,403,0,408,310,0,310,718
03/08/2009,TMB,FL,ASO,ES,Towers with Radar,0,5,81,0,86,0,1,254,0,255,0,6,335,0,341,188,0,188,529
03/09/2009,TMB,FL,ASO,ES,Towers with Radar,0,0,94,0,94,0,4,349,1,354,0,4,443,1,448,399,0,399,847
03/10/2009,TMB,FL,ASO,ES,Towers with Radar,1,3,86,0,90,0,3,346,0,349,1,6,432,0,439,407,0,407,846
03/11/2009,TMB,FL,ASO,ES,Towers with Radar,0,7,78,0,85,0,1,302,1,304,0,8,380,1,389,325,0,325,714
03/12/2009,TMB,FL,ASO,ES,Towers with Radar,0,7,100,0,107,0,2,289,0,291,0,9,389,0,398,316,0,316,714
03/13/2009,TMB,FL,ASO,ES,Towers with Radar,0,11,96,0,107,0,1,249,0,250,0,12,345,0,357,399,0,399,756
03/14/2009,TMB,FL,ASO,ES,Towers with Radar,2,2,67,0,71,0,3,295,0,298,2,5,362,0,369,310,0,310,679
03/15/2009,TMB,FL,ASO,ES,Towers with Radar,0,16,73,0,89,0,2,251,0,253,0,18,324,0,342,184,0,184,526
03/16/2009,TMB,FL,ASO,ES,Towers with Radar,0,5,108,0,113,0,0,306,0,306,0,5,414,0,419,184,0,184,603
03/17/2009,TMB,FL,ASO,ES,Towers with Radar,0,5,70,0,75,0,3,215,0,218,0,8,285,0,293,312,0,312,605
03/18/2009,TMB,FL,ASO,ES,Towers with Radar,0,9,72,0,81,0,0,189,0,189,0,9,261,0,270,190,0,190,460
03/19/2009,TMB,FL,ASO,ES,Towers with Radar,0,11,63,0,74,0,0,155,0,155,0,11,218,0,229,437,0,437,666
03/20/2009,TMB,FL,ASO,ES,Towers with Radar,0,4,114,0,118,0,0,332,0,332,0,4,446,0,450,362,0,362,812
03/21/2009,TMB,FL,ASO,ES,Towers with Radar,0,6,90,0,96,0,2,249,0,251,0,8,339,0,347,359,0,359,706
03/22/2009,TMB,FL,ASO,ES,Towers with Radar,0,7,79,0,86,0,1,197,0,198,0,8,276,0,284,168,0,168,452
03/23/2009,TMB,FL,ASO,ES,Towers with Radar,0,6,73,2,81,0,0,171,2,173,0,6,244,4,254,160,0,160,414
03/24/2009,TMB,FL,ASO,ES,Towers with Radar,0,4,87,0,91,0,2,277,0,279,0,6,364,0,370,342,0,342,712
03/25/2009,TMB,FL,ASO,ES,Towers with Radar,0,8,110,0,118,0,1,257,0,258,0,9,367,0,376,334,0,334,710
03/26/2009,TMB,FL,ASO,ES,Towers with Radar,0,11,88,4,103,0,1,259,0,260,0,12,347,4,363,146,0,146,509
03/27/2009,TMB,FL,ASO,ES,Towers with Radar,0,5,76,2,83,0,0,168,0,168,0,5,244,2,251,173,0,173,424
03/28/2009,TMB,FL,ASO,ES,Towers with Radar,0,11,49,0,60,0,3,266,1,270,0,14,315,1,330,168,0,168,498
03/29/2009,TMB,FL,ASO,ES,Towers with Radar,0,9,74,0,83,0,0,118,0,118,0,9,192,0,201,47,0,47,248
03/30/2009,TMB,FL,ASO,ES,Towers with Radar,0,11,94,0,105,0,0,240,0,240,0,11,334,0,345,427,0,427,772
03/31/2009,TMB,FL,ASO,ES,Towers with Radar,0,6,60,0,66,0,0,242,0,242,0,6,302,0,308,373,0,373,681
04/01/2009,TMB,FL,ASO,ES,Towers with Radar,1,8,87,0,96,0,2,348,0,350,1,10,435,0,446,199,0,199,645
04/02/2009,TMB,FL,ASO,ES,Towers with Radar,0,2,83,0,85,0,5,328,0,333,0,7,411,0,418,368,0,368,786
04/03/2009,TMB,FL,ASO,ES,Towers with Radar,1,6,74,0,81,0,2,203,0,205,1,8,277,0,286,189,0,189,475
04/04/2009,TMB,FL,ASO,ES,Towers with Radar,1,7,89,0,97,0,0,303,0,303,1,7,392,0,400,411,0,411,811
04/05/2009,TMB,FL,ASO,ES,Towers with Radar,1,7,76,0,84,0,1,275,0,276,1,8,351,0,360,187,0,187,547
04/06/2009,TMB,FL,ASO,ES,Towers with Radar,0,4,70,0,74,0,2,294,0,296,0,6,364,0,370,287,0,287,657
04/07/2009,TMB,FL,ASO,ES,Towers with Radar,0,10,59,0,69,0,4,286,0,290,0,14,345,0,359,79,0,79,438
04/08/2009,TMB,FL,ASO,ES,Towers with Radar,2,7,97,0,106,0,4,387,0,391,2,11,484,0,497,290,0,290,787
04/09/2009,TMB,FL,ASO,ES,Towers with Radar,0,11,138,0,149,0,0,327,0,327,0,11,465,0,476,379,0,379,855
04/10/2009,TMB,FL,ASO,ES,Towers with Radar,1,6,116,0,123,0,0,369,0,369,1,6,485,0,492,292,0,292,784
04/11/2009,TMB,FL,ASO,ES,Towers with Radar,0,4,66,0,70,0,1,259,0,260,0,5,325,0,330,190,0,190,520
04/12/2009,TMB,FL,ASO,ES,Towers with Radar,0,17,89,0,106,0,1,219,0,220,0,18,308,0,326,155,0,155,481
04/13/2009,TMB,FL,ASO,ES,Towers with Radar,0,7,131,0,138,0,0,294,0,294,0,7,425,0,432,214,0,214,646
04/14/2009,TMB,FL,ASO,ES,Towers with Radar,1,6,55,0,62,0,1,235,0,236,1,7,290,0,298,261,0,261,559
04/15/2009,TMB,FL,ASO,ES,Towers with Radar,0,4,92,0,96,0,0,275,0,275,0,4,367,0,371,365,0,365,736
04/16/2009,TMB,FL,ASO,ES,Towers with Radar,0,9,81,1,91,0,3,340,0,343,0,12,421,1,434,390,0,390,824
04/17/2009,TMB,FL,ASO,ES,Towers with Radar,0,4,82,0,86,0,0,213,0,213,0,4,295,0,299,318,0,318,617
04/18/2009,TMB,FL,ASO,ES,Towers with Radar,0,2,79,1,82,0,0,321,0,321,0,2,400,1,403,280,0,280,683
04/19/2009,TMB,FL,ASO,ES,Towers with Radar,0,2,102,0,104,0,1,253,2,256,0,3,355,2,360,145,0,145,505
04/20/2009,TMB,FL,ASO,ES,Towers with Radar,0,6,97,0,103,0,0,244,0,244,0,6,341,0,347,193,0,193,540
04/21/2009,TMB,FL,ASO,ES,Towers with Radar,0,2,60,1,63,0,3,179,0,182,0,5,239,1,245,265,0,265,510
04/22/2009,TMB,FL,ASO,ES,Towers with Radar,0,1,81,1,83,0,0,310,0,310,0,1,391,1,393,271,0,271,664
04/23/2009,TMB,FL,ASO,ES,Towers with Radar,0,1,107,0,108,0,0,284,0,284,0,1,391,0,392,296,0,296,688
04/24/2009,TMB,FL,ASO,ES,Towers with Radar,1,3,66,0,70,0,1,260,0,261,1,4,326,0,331,212,0,212,543
04/25/2009,TMB,FL,ASO,ES,Towers with Radar,0,2,63,0,65,0,0,224,0,224,0,2,287,0,289,155,0,155,444
04/26/2009,TMB,FL,ASO,ES,Towers with Radar,0,3,64,0,67,0,1,192,0,193,0,4,256,0,260,145,0,145,405
04/27/2009,TMB,FL,ASO,ES,Towers with Radar,0,4,65,0,69,0,3,229,0,232,0,7,294,0,301,153,0,153,454
04/28/2009,TMB,FL,ASO,ES,Towers with Radar,0,5,77,0,82,0,1,270,0,271,0,6,347,0,353,291,0,291,644
04/29/2009,TMB,FL,ASO,ES,Towers with Radar,0,5,90,0,95,0,5,257,0,262,0,10,347,0,357,243,0,243,600
04/30/2009,TMB,FL,ASO,ES,Towers with Radar,1,5,114,0,120,0,2,271,0,273,1,7,385,0,393,386,0,386,779
05/01/2009,TMB,FL,ASO,ES,Towers with Radar,0,5,103,0,108,0,0,239,0,239,0,5,342,0,347,361,0,361,708
05/02/2009,TMB,FL,ASO,ES,Towers with Radar,1,3,78,0,82,0,0,248,0,248,1,3,326,0,330,280,0,280,610
05/03/2009,TMB,FL,ASO,ES,Towers with Radar,0,4,72,0,76,0,2,271,0,273,0,6,343,0,349,68,0,68,417
05/04/2009,TMB,FL,ASO,ES,Towers with Radar,0,5,93,0,98,0,0,230,2,232,0,5,323,2,330,209,0,209,539
05/05/2009,TMB,FL,ASO,ES,Towers with Radar,0,7,98,0,105,0,2,310,0,312,0,9,408,0,417,230,0,230,647
05/06/2009,TMB,FL,ASO,ES,Towers with Radar,0,4,142,0,146,0,4,287,0,291,0,8,429,0,437,210,0,210,647
05/07/2009,TMB,FL,ASO,ES,Towers with Radar,0,6,104,0,110,0,1,287,0,288,0,7,391,0,398,306,0,306,704
05/08/2009,TMB,FL,ASO,ES,Towers with Radar,0,2,101,0,103,0,1,285,0,286,0,3,386,0,389,302,0,302,691
05/09/2009,TMB,FL,ASO,ES,Towers with Radar,0,3,68,0,71,0,1,258,0,259,0,4,326,0,330,338,0,338,668
05/10/2009,TMB,FL,ASO,ES,Towers with Radar,0,7,72,0,79,0,2,219,0,221,0,9,291,0,300,135,0,135,435
05/11/2009,TMB,FL,ASO,ES,Towers with Radar,0,0,83,0,83,0,0,243,1,244,0,0,326,1,327,284,0,284,611
05/12/2009,TMB,FL,ASO,ES,Towers with Radar,1,4,89,0,94,0,3,215,0,218,1,7,304,0,312,251,0,251,563
05/13/2009,TMB,FL,ASO,ES,Towers with Radar,1,5,105,0,111,0,1,277,0,278,1,6,382,0,389,228,0,228,617
05/14/2009,TMB,FL,ASO,ES,Towers with Radar,0,4,114,0,118,0,1,308,0,309,0,5,422,0,427,218,0,218,645
05/15/2009,TMB,FL,ASO,ES,Towers with Radar,0,4,104,0,108,0,0,195,0,195,0,4,299,0,303,209,0,209,512
05/16/2009,TMB,FL,ASO,ES,Towers with Radar,0,4,65,0,69,0,0,291,0,291,0,4,356,0,360,234,0,234,594
05/17/2009,TMB,FL,ASO,ES,Towers with Radar,0,10,80,0,90,0,2,179,0,181,0,12,259,0,271,201,0,201,472
05/18/2009,TMB,FL,ASO,ES,Towers with Radar,0,7,72,0,79,0,1,178,0,179,0,8,250,0,258,194,0,194,452
05/19/2009,TMB,FL,ASO,ES,Towers with Radar,0,4,103,0,107,0,0,47,0,47,0,4,150,0,154,74,0,74,228
05/20/2009,TMB,FL,ASO,ES,Towers with Radar,0,5,118,0,123,0,0,269,0,269,0,5,387,0,392,303,0,303,695
05/21/2009,TMB,FL,ASO,ES,Towers with Radar,0,7,102,0,109,0,0,226,0,226,0,7,328,0,335,421,0,421,756
05/22/2009,TMB,FL,ASO,ES,Towers with Radar,0,13,82,0,95,0,0,114,0,114,0,13,196,0,209,170,0,170,379
05/23/2009,TMB,FL,ASO,ES,Towers with Radar,1,3,57,0,61,0,0,163,0,163,1,3,220,0,224,237,0,237,461
05/24/2009,TMB,FL,ASO,ES,Towers with Radar,0,1,50,0,51,0,0,142,0,142,0,1,192,0,193,82,0,82,275
05/25/2009,TMB,FL,ASO,ES,Towers with Radar,0,12,104,1,117,0,3,199,0,202,0,15,303,1,319,325,0,325,644
05/26/2009,TMB,FL,ASO,ES,Towers with Radar,0,5,97,0,102,0,0,250,0,250,0,5,347,0,352,299,0,299,651
05/27/2009,TMB,FL,ASO,ES,Towers with Radar,0,2,89,0,91,0,3,236,0,239,0,5,325,0,330,268,0,268,598
05/28/2009,TMB,FL,ASO,ES,Towers with Radar,0,4,97,0,101,0,0,242,0,242,0,4,339,0,343,313,0,313,656
05/29/2009,TMB,FL,ASO,ES,Towers with Radar,0,7,81,0,88,0,0,186,1,187,0,7,267,1,275,341,0,341,616
05/30/2009,TMB,FL,ASO,ES,Towers with Radar,0,2,31,0,33,0,0,131,0,131,0,2,162,0,164,240,0,240,404
05/31/2009,TMB,FL,ASO,ES,Towers with Radar,0,3,64,0,67,0,2,198,0,200,0,5,262,0,267,370,0,370,637
06/01/2009,TMB,FL,ASO,ES,Towers with Radar,0,3,86,0,89,0,2,264,0,266,0,5,350,0,355,440,0,440,795
06/02/2009,TMB,FL,ASO,ES,Towers with Radar,0,3,123,0,126,0,1,221,0,222,0,4,344,0,348,465,0,465,813
06/03/2009,TMB,FL,ASO,ES,Towers with Radar,0,3,133,0,136,0,0,316,0,316,0,3,449,0,452,376,0,376,828
06/04/2009,TMB,FL,ASO,ES,Towers with Radar,0,1,108,0,109,0,2,262,0,264,0,3,370,0,373,510,0,510,883
06/05/2009,TMB,FL,ASO,ES,Towers with Radar,0,2,71,0,73,0,0,225,0,225,0,2,296,0,298,298,0,298,596
06/06/2009,TMB,FL,ASO,ES,Towers with Radar,0,4,64,0,68,0,0,245,0,245,0,4,309,0,313,290,0,290,603
06/07/2009,TMB,FL,ASO,ES,Towers with Radar,0,5,67,0,72,0,0,227,0,227,0,5,294,0,299,355,0,355,654
06/08/2009,TMB,FL,ASO,ES,Towers with Radar,0,6,93,0,99,0,3,235,0,238,0,9,328,0,337,361,0,361,698
06/09/2009,TMB,FL,ASO,ES,Towers with Radar,0,3,85,2,90,0,0,236,0,236,0,3,321,2,326,320,0,320,646
06/10/2009,TMB,FL,ASO,ES,Towers with Radar,0,1,99,0,100,0,1,290,0,291,0,2,389,0,391,471,0,471,862
06/11/2009,TMB,FL,ASO,ES,Towers with Radar,0,2,108,2,112,0,2,284,0,286,0,4,392,2,398,416,0,416,814
06/12/2009,TMB,FL,ASO,ES,Towers with Radar,0,1,86,0,87,0,1,275,0,276,0,2,361,0,363,350,0,350,713
06/13/2009,TMB,FL,ASO,ES,Towers with Radar,1,7,41,0,49,0,2,308,0,310,1,9,349,0,359,258,0,258,617
06/14/2009,TMB,FL,ASO,ES,Towers with Radar,0,5,74,0,79,0,0,220,0,220,0,5,294,0,299,190,0,190,489
06/15/2009,TMB,FL,ASO,ES,Towers with Radar,0,4,98,0,102,0,4,284,0,288,0,8,382,0,390,458,0,458,848
06/16/2009,TMB,FL,ASO,ES,Towers with Radar,0,4,72,0,76,0,0,258,0,258,0,4,330,0,334,337,0,337,671
06/17/2009,TMB,FL,ASO,ES,Towers with Radar,0,2,71,0,73,0,1,219,0,220,0,3,290,0,293,375,0,375,668
06/18/2009,TMB,FL,ASO,ES,Towers with Radar,0,7,91,0,98,0,2,286,0,288,0,9,377,0,386,381,0,381,767
06/19/2009,TMB,FL,ASO,ES,Towers with Radar,0,1,90,0,91,0,2,247,0,249,0,3,337,0,340,440,0,440,780
06/20/2009,TMB,FL,ASO,ES,Towers with Radar,0,0,51,0,51,0,0,229,0,229,0,0,280,0,280,241,0,241,521
06/21/2009,TMB,FL,ASO,ES,Towers with Radar,0,1,56,0,57,0,1,228,0,229,0,2,284,0,286,145,0,145,431
06/22/2009,TMB,FL,ASO,ES,Towers with Radar,1,3,82,0,86,0,0,223,0,223,1,3,305,0,309,372,0,372,681
06/23/2009,TMB,FL,ASO,ES,Towers with Radar,0,2,36,0,38,0,0,51,0,51,0,2,87,0,89,53,0,53,142
06/24/2009,TMB,FL,ASO,ES,Towers with Radar,0,2,85,1,88,0,1,283,2,286,0,3,368,3,374,338,0,338,712
06/25/2009,TMB,FL,ASO,ES,Towers with Radar,1,6,78,0,85,0,3,252,0,255,1,9,330,0,340,333,0,333,673
06/26/2009,TMB,FL,ASO,ES,Towers with Radar,0,8,72,0,80,0,2,188,0,190,0,10,260,0,270,171,0,171,441
06/27/2009,TMB,FL,ASO,ES,Towers with Radar,0,3,71,0,74,0,1,294,0,295,0,4,365,0,369,247,0,247,616
06/28/2009,TMB,FL,ASO,ES,Towers with Radar,0,2,51,1,54,0,0,151,0,151,0,2,202,1,205,148,0,148,353
06/29/2009,TMB,FL,ASO,ES,Towers with Radar,1,2,47,0,50,0,1,131,0,132,1,3,178,0,182,279,0,279,461
06/30/2009,TMB,FL,ASO,ES,Towers with Radar,0,3,48,0,51,0,1,107,0,108,0,4,155,0,159,176,0,176,335
07/01/2009,TMB,FL,ASO,ES,Towers with Radar,1,3,63,0,67,0,2,210,0,212,1,5,273,0,279,298,0,298,577
07/02/2009,TMB,FL,ASO,ES,Towers with Radar,1,4,82,0,87,0,0,201,0,201,1,4,283,0,288,167,0,167,455
07/03/2009,TMB,FL,ASO,ES,Towers with Radar,1,5,89,0,95,0,1,373,0,374,1,6,462,0,469,305,0,305,774
07/04/2009,TMB,FL,ASO,ES,Towers with Radar,0,5,31,0,36,0,0,178,0,178,0,5,209,0,214,239,0,239,453
07/05/2009,TMB,FL,ASO,ES,Towers with Radar,0,6,55,0,61,0,0,195,0,195,0,6,250,0,256,339,0,339,595
07/06/2009,TMB,FL,ASO,ES,Towers with Radar,0,1,70,0,71,0,0,238,0,238,0,1,308,0,309,412,0,412,721
07/07/2009,TMB,FL,ASO,ES,Towers with Radar,0,5,51,0,56,0,4,277,0,281,0,9,328,0,337,547,0,547,884
07/08/2009,TMB,FL,ASO,ES,Towers with Radar,0,2,49,0,51,0,0,239,0,239,0,2,288,0,290,297,0,297,587
07/09/2009,TMB,FL,ASO,ES,Towers with Radar,0,4,76,1,81,0,0,246,0,246,0,4,322,1,327,459,0,459,786
07/10/2009,TMB,FL,ASO,ES,Towers with Radar,0,2,80,0,82,0,2,218,0,220,0,4,298,0,302,405,0,405,707
07/11/2009,TMB,FL,ASO,ES,Towers with Radar,0,0,66,0,66,0,2,296,0,298,0,2,362,0,364,210,0,210,574
07/12/2009,TMB,FL,ASO,ES,Towers with Radar,0,5,47,1,53,0,1,223,0,224,0,6,270,1,277,98,0,98,375
07/13/2009,TMB,FL,ASO,ES,Towers with Radar,0,1,42,0,43,0,3,195,0,198,0,4,237,0,241,159,0,159,400
07/14/2009,TMB,FL,ASO,ES,Towers with Radar,0,2,42,0,44,0,0,234,2,236,0,2,276,2,280,305,0,305,585
07/15/2009,TMB,FL,ASO,ES,Towers with Radar,0,0,55,0,55,0,0,233,0,233,0,0,288,0,288,279,0,279,567
07/16/2009,TMB,FL,ASO,ES,Towers with Radar,0,0,75,0,75,0,0,209,0,209,0,0,284,0,284,253,0,253,537
07/17/2009,TMB,FL,ASO,ES,Towers with Radar,0,6,58,1,65,0,1,212,0,213,0,7,270,1,278,336,0,336,614
07/18/2009,TMB,FL,ASO,ES,Towers with Radar,0,1,47,0,48,0,2,247,0,249,0,3,294,0,297,193,0,193,490
07/19/2009,TMB,FL,ASO,ES,Towers with Radar,0,0,72,0,72,0,0,194,0,194,0,0,266,0,266,142,0,142,408
07/20/2009,TMB,FL,ASO,ES,Towers with Radar,0,0,52,0,52,0,1,176,0,177,0,1,228,0,229,171,0,171,400
07/21/2009,TMB,FL,ASO,ES,Towers with Radar,0,4,77,0,81,0,0,213,0,213,0,4,290,0,294,370,0,370,664
07/22/2009,TMB,FL,ASO,ES,Towers with Radar,0,1,74,0,75,0,0,211,0,211,0,1,285,0,286,197,0,197,483
07/23/2009,TMB,FL,ASO,ES,Towers with Radar,0,3,81,0,84,0,4,223,0,227,0,7,304,0,311,321,0,321,632
07/24/2009,TMB,FL,ASO,ES,Towers with Radar,0,0,83,0,83,0,1,170,0,171,0,1,253,0,254,179,0,179,433
07/25/2009,TMB,FL,ASO,ES,Towers with Radar,0,2,37,0,39,0,2,138,0,140,0,4,175,0,179,209,0,209,388
07/26/2009,TMB,FL,ASO,ES,Towers with Radar,0,6,54,0,60,0,0,165,0,165,0,6,219,0,225,160,0,160,385
07/27/2009,TMB,FL,ASO,ES,Towers with Radar,0,2,76,0,78,0,4,186,0,190,0,6,262,0,268,436,0,436,704
07/28/2009,TMB,FL,ASO,ES,Towers with Radar,0,4,82,0,86,0,2,280,1,283,0,6,362,1,369,278,0,278,647
07/29/2009,TMB,FL,ASO,ES,Towers with Radar,0,3,46,0,49,0,0,166,0,166,0,3,212,0,215,176,0,176,391
07/30/2009,TMB,FL,ASO,ES,Towers with Radar,0,3,71,0,74,0,1,165,0,166,0,4,236,0,240,305,0,305,545
07/31/2009,TMB,FL,ASO,ES,Towers with Radar,0,1,76,0,77,0,3,288,0,291,0,4,364,0,368,300,0,300,668
08/01/2009,TMB,FL,ASO,ES,Towers with Radar,0,1,54,0,55,0,0,238,0,238,0,1,292,0,293,225,0,225,518
08/02/2009,TMB,FL,ASO,ES,Towers with Radar,0,1,55,0,56,0,2,226,0,228,0,3,281,0,284,175,0,175,459
08/03/2009,TMB,FL,ASO,ES,Towers with Radar,0,1,84,0,85,0,1,242,0,243,0,2,326,0,328,298,0,298,626
08/04/2009,TMB,FL,ASO,ES,Towers with Radar,0,2,72,0,74,0,0,297,0,297,0,2,369,0,371,379,0,379,750
08/05/2009,TMB,FL,ASO,ES,Towers with Radar,0,1,77,0,78,0,5,219,0,224,0,6,296,0,302,268,0,268,570
08/06/2009,TMB,FL,ASO,ES,Towers with Radar,0,3,75,0,78,0,6,206,0,212,0,9,281,0,290,358,0,358,648
08/07/2009,TMB,FL,ASO,ES,Towers with Radar,0,4,70,0,74,0,1,233,2,236,0,5,303,2,310,308,0,308,618
08/08/2009,TMB,FL,ASO,ES,Towers with Radar,0,0,73,0,73,0,0,212,0,212,0,0,285,0,285,198,0,198,483
08/09/2009,TMB,FL,ASO,ES,Towers with Radar,0,5,55,1,61,0,3,217,0,220,0,8,272,1,281,314,0,314,595
08/10/2009,TMB,FL,ASO,ES,Towers with Radar,0,1,81,0,82,0,2,226,1,229,0,3,307,1,311,278,0,278,589
08/11/2009,TMB,FL,ASO,ES,Towers with Radar,0,1,59,1,61,0,6,190,2,198,0,7,249,3,259,234,0,234,493
08/12/2009,TMB,FL,ASO,ES,Towers with Radar,0,1,88,2,91,0,2,269,0,271,0,3,357,2,362,323,0,323,685
08/13/2009,TMB,FL,ASO,ES,Towers with Radar,1,1,73,0,75,0,3,242,0,245,1,4,315,0,320,242,0,242,562
08/14/2009,TMB,FL,ASO,ES,Towers with Radar,0,0,66,0,66,0,0,241,0,241,0,0,307,0,307,250,0,250,557
08/15/2009,TMB,FL,ASO,ES,Towers with Radar,0,1,38,0,39,0,3,105,0,108,0,4,143,0,147,82,0,82,229
08/16/2009,TMB,FL,ASO,ES,Towers with Radar,0,4,64,0,68,0,0,223,0,223,0,4,287,0,291,170,0,170,461
08/17/2009,TMB,FL,ASO,ES,Towers with Radar,0,0,66,0,66,0,3,211,0,214,0,3,277,0,280,287,0,287,567
08/18/2009,TMB,FL,ASO,ES,Towers with Radar,0,2,62,0,64,0,2,233,0,235,0,4,295,0,299,185,0,185,484
08/19/2009,TMB,FL,ASO,ES,Towers with Radar,0,6,75,0,81,0,0,189,0,189,0,6,264,0,270,222,0,222,492
08/20/2009,TMB,FL,ASO,ES,Towers with Radar,0,1,54,0,55,0,0,273,0,273,0,1,327,0,328,300,0,300,628
08/21/2009,TMB,FL,ASO,ES,Towers with Radar,0,4,76,0,80,0,4,253,0,257,0,8,329,0,337,363,0,363,700
08/22/2009,TMB,FL,ASO,ES,Towers with Radar,0,2,54,0,56,0,2,315,0,317,0,4,369,0,373,220,0,220,593
08/23/2009,TMB,FL,ASO,ES,Towers with Radar,0,3,24,0,27,0,1,164,0,165,0,4,188,0,192,324,0,324,516
08/24/2009,TMB,FL,ASO,ES,Towers with Radar,0,1,47,0,48,0,0,170,0,170,0,1,217,0,218,304,0,304,522
08/25/2009,TMB,FL,ASO,ES,Towers with Radar,0,1,64,0,65,0,2,284,0,286,0,3,348,0,351,549,0,549,900
08/26/2009,TMB,FL,ASO,ES,Towers with Radar,0,3,79,0,82,0,4,237,0,241,0,7,316,0,323,404,0,404,727
08/27/2009,TMB,FL,ASO,ES,Towers with Radar,0,1,93,0,94,0,0,208,1,209,0,1,301,1,303,374,0,374,677
08/28/2009,TMB,FL,ASO,ES,Towers with Radar,0,3,68,0,71,0,2,247,0,249,0,5,315,0,320,333,0,333,653
08/29/2009,TMB,FL,ASO,ES,Towers with Radar,1,2,37,0,40,0,2,262,0,264,1,4,299,0,304,233,0,233,537
08/30/2009,TMB,FL,ASO,ES,Towers with Radar,0,0,46,0,46,0,4,171,0,175,0,4,217,0,221,221,0,221,442
08/31/2009,TMB,FL,ASO,ES,Towers with Radar,0,0,63,0,63,0,2,198,0,200,0,2,261,0,263,214,0,214,477
09/01/2009,TMB,FL,ASO,ES,Towers with Radar,0,1,55,0,56,0,0,169,0,169,0,1,224,0,225,326,0,326,551
09/02/2009,TMB,FL,ASO,ES,Towers with Radar,0,2,63,0,65,0,0,150,0,150,0,2,213,0,215,194,0,194,409
09/03/2009,TMB,FL,ASO,ES,Towers with Radar,0,10,49,0,59,0,0,142,0,142,0,10,191,0,201,190,0,190,391
09/04/2009,TMB,FL,ASO,ES,Towers with Radar,0,4,80,0,84,0,2,166,0,168,0,6,246,0,252,216,0,216,468
09/05/2009,TMB,FL,ASO,ES,Towers with Radar,0,1,39,0,40,0,3,163,0,166,0,4,202,0,206,187,0,187,393
09/06/2009,TMB,FL,ASO,ES,Towers with Radar,1,3,27,0,31,0,6,188,0,194,1,9,215,0,225,227,0,227,452
09/07/2009,TMB,FL,ASO,ES,Towers with Radar,0,5,63,0,68,0,5,224,1,230,0,10,287,1,298,259,0,259,557
09/08/2009,TMB,FL,ASO,ES,Towers with Radar,0,2,50,0,52,0,4,187,0,191,0,6,237,0,243,214,0,214,457
09/09/2009,TMB,FL,ASO,ES,Towers with Radar,0,3,45,0,48,0,2,144,0,146,0,5,189,0,194,244,0,244,438
09/10/2009,TMB,FL,ASO,ES,Towers with Radar,1,0,37,0,38,0,0,155,0,155,1,0,192,0,193,308,0,308,501
09/11/2009,TMB,FL,ASO,ES,Towers with Radar,0,3,67,0,70,0,1,247,0,248,0,4,314,0,318,246,0,246,564
09/12/2009,TMB,FL,ASO,ES,Towers with Radar,0,4,52,0,56,0,0,184,0,184,0,4,236,0,240,230,0,230,470
09/13/2009,TMB,FL,ASO,ES,Towers with Radar,1,0,54,0,55,0,3,171,0,174,1,3,225,0,229,154,0,154,383
09/14/2009,TMB,FL,ASO,ES,Towers with Radar,0,3,48,2,53,0,4,199,2,205,0,7,247,4,258,225,0,225,483
09/15/2009,TMB,FL,ASO,ES,Towers with Radar,0,1,86,0,87,0,2,199,0,201,0,3,285,0,288,248,0,248,536
09/16/2009,TMB,FL,ASO,ES,Towers with Radar,0,2,78,0,80,0,1,248,0,249,0,3,326,0,329,232,0,232,561
09/17/2009,TMB,FL,ASO,ES,Towers with Radar,0,0,59,0,59,0,0,216,0,216,0,0,275,0,275,246,0,246,521
09/18/2009,TMB,FL,ASO,ES,Towers with Radar,0,2,60,0,62,0,3,199,0,202,0,5,259,0,264,138,0,138,402
09/19/2009,TMB,FL,ASO,ES,Towers with Radar,0,0,50,0,50,0,3,163,0,166,0,3,213,0,216,178,0,178,394
09/20/2009,TMB,FL,ASO,ES,Towers with Radar,0,5,59,0,64,0,3,189,1,193,0,8,248,1,257,79,0,79,336
09/21/2009,TMB,FL,ASO,ES,Towers with Radar,0,2,54,0,56,0,3,215,0,218,0,5,269,0,274,294,0,294,568
09/22/2009,TMB,FL,ASO,ES,Towers with Radar,0,4,56,0,60,0,0,260,0,260,0,4,316,0,320,339,0,339,659
09/23/2009,TMB,FL,ASO,ES,Towers with Radar,0,8,52,0,60,0,0,206,0,206,0,8,258,0,266,218,0,218,484
09/24/2009,TMB,FL,ASO,ES,Towers with Radar,0,1,52,0,53,0,1,229,0,230,0,2,281,0,283,277,0,277,560
09/25/2009,TMB,FL,ASO,ES,Towers with Radar,0,5,68,0,73,0,1,251,0,252,0,6,319,0,325,320,0,320,645
09/26/2009,TMB,FL,ASO,ES,Towers with Radar,1,0,55,0,56,0,2,209,0,211,1,2,264,0,267,250,0,250,517
09/27/2009,TMB,FL,ASO,ES,Towers with Radar,0,0,35,0,35,0,2,149,0,151,0,2,184,0,186,210,0,210,396
09/28/2009,TMB,FL,ASO,ES,Towers with Radar,0,1,64,0,65,0,0,183,1,184,0,1,247,1,249,260,0,260,509
09/29/2009,TMB,FL,ASO,ES,Towers with Radar,0,1,60,0,61,0,0,232,0,232,0,1,292,0,293,313,0,313,606
09/30/2009,TMB,FL,ASO,ES,Towers with Radar,0,2,66,0,68,0,4,203,0,207,0,6,269,0,275,235,0,235,510
10/01/2009,TMB,FL,ASO,ES,Towers with Radar,0,4,77,0,81,0,2,260,0,262,0,6,337,0,343,330,0,330,673
10/02/2009,TMB,FL,ASO,ES,Towers with Radar,0,7,66,0,73,0,0,211,0,211,0,7,277,0,284,244,0,244,528
10/03/2009,TMB,FL,ASO,ES,Towers with Radar,0,1,34,0,35,0,0,261,0,261,0,1,295,0,296,322,0,322,618
10/04/2009,TMB,FL,ASO,ES,Towers with Radar,0,2,52,0,54,0,0,200,0,200,0,2,252,0,254,144,0,144,398
10/05/2009,TMB,FL,ASO,ES,Towers with Radar,0,1,64,0,65,0,1,167,0,168,0,2,231,0,233,253,0,253,486
10/06/2009,TMB,FL,ASO,ES,Towers with Radar,0,8,63,1,72,0,5,284,0,289,0,13,347,1,361,298,0,298,659
10/07/2009,TMB,FL,ASO,ES,Towers with Radar,0,4,41,0,45,0,3,275,1,279,0,7,316,1,324,399,0,399,723
10/08/2009,TMB,FL,ASO,ES,Towers with Radar,1,10,61,0,72,0,3,246,0,249,1,13,307,0,321,328,0,328,649
10/09/2009,TMB,FL,ASO,ES,Towers with Radar,1,1,83,0,85,0,0,284,0,284,1,1,367,0,369,227,0,227,596
10/10/2009,TMB,FL,ASO,ES,Towers with Radar,1,2,55,0,58,0,3,286,0,289,1,5,341,0,347,297,0,297,644
10/11/2009,TMB,FL,ASO,ES,Towers with Radar,1,5,67,0,73,0,2,229,0,231,1,7,296,0,304,150,0,150,454
10/12/2009,TMB,FL,ASO,ES,Towers with Radar,0,2,70,0,72,0,1,263,0,264,0,3,333,0,336,248,0,248,584
10/13/2009,TMB,FL,ASO,ES,Towers with Radar,0,2,50,0,52,0,1,211,0,212,0,3,261,0,264,326,0,326,590
10/14/2009,TMB,FL,ASO,ES,Towers with Radar,0,2,74,0,76,0,2,216,0,218,0,4,290,0,294,368,0,368,662
10/15/2009,TMB,FL,ASO,ES,Towers with Radar,1,3,50,0,54,0,1,193,0,194,1,4,243,0,248,255,0,255,503
10/16/2009,TMB,FL,ASO,ES,Towers with Radar,1,4,47,0,52,0,0,228,0,228,1,4,275,0,280,329,0,329,609
10/17/2009,TMB,FL,ASO,ES,Towers with Radar,0,5,32,0,37,0,3,245,0,248,0,8,277,0,285,139,0,139,424
10/18/2009,TMB,FL,ASO,ES,Towers with Radar,0,10,37,0,47,0,4,136,0,140,0,14,173,0,187,65,0,65,252
10/19/2009,TMB,FL,ASO,ES,Towers with Radar,0,4,39,0,43,0,4,170,0,174,0,8,209,0,217,112,0,112,329
10/20/2009,TMB,FL,ASO,ES,Towers with Radar,0,3,49,0,52,0,1,223,0,224,0,4,272,0,276,126,0,126,402
10/21/2009,TMB,FL,ASO,ES,Towers with Radar,0,4,71,0,75,0,3,145,0,148,0,7,216,0,223,211,0,211,434
10/22/2009,TMB,FL,ASO,ES,Towers with Radar,1,0,72,0,73,0,1,241,0,242,1,1,313,0,315,292,0,292,607
10/23/2009,TMB,FL,ASO,ES,Towers with Radar,0,6,62,2,70,0,2,274,0,276,0,8,336,2,346,308,0,308,654
10/24/2009,TMB,FL,ASO,ES,Towers with Radar,0,3,49,0,52,0,1,221,0,222,0,4,270,0,274,326,0,326,600
10/25/2009,TMB,FL,ASO,ES,Towers with Radar,0,7,44,0,51,0,4,172,0,176,0,11,216,0,227,119,0,119,346
10/26/2009,TMB,FL,ASO,ES,Towers with Radar,0,2,77,0,79,0,1,160,0,161,0,3,237,0,240,185,0,185,425
10/27/2009,TMB,FL,ASO,ES,Towers with Radar,0,3,64,0,67,0,0,153,0,153,0,3,217,0,220,242,0,242,462
10/28/2009,TMB,FL,ASO,ES,Towers with Radar,0,5,78,0,83,0,2,252,0,254,0,7,330,0,337,274,0,274,611
10/29/2009,TMB,FL,ASO,ES,Towers with Radar,0,4,54,1,59,0,1,273,1,275,0,5,327,2,334,322,0,322,656
10/30/2009,TMB,FL,ASO,ES,Towers with Radar,0,7,65,1,73,0,3,223,0,226,0,10,288,1,299,288,0,288,587
10/31/2009,TMB,FL,ASO,ES,Towers with Radar,0,6,42,0,48,0,1,239,0,240,0,7,281,0,288,277,0,277,565
11/01/2009,TMB,FL,ASO,ES,Towers with Radar,0,3,57,0,60,0,2,184,0,186,0,5,241,0,246,124,0,124,370
11/02/2009,TMB,FL,ASO,ES,Towers with Radar,0,7,63,2,72,0,1,228,1,230,0,8,291,3,302,290,0,290,592
11/03/2009,TMB,FL,ASO,ES,Towers with Radar,0,6,73,0,79,0,0,271,0,271,0,6,344,0,350,250,0,250,600
11/04/2009,TMB,FL,ASO,ES,Towers with Radar,0,10,65,0,75,0,0,276,0,276,0,10,341,0,351,243,0,243,594
11/05/2009,TMB,FL,ASO,ES,Towers with Radar,0,5,67,0,72,0,3,193,0,196,0,8,260,0,268,124,0,124,392
11/06/2009,TMB,FL,ASO,ES,Towers with Radar,0,6,73,0,79,0,2,258,0,260,0,8,331,0,339,135,0,135,474
11/07/2009,TMB,FL,ASO,ES,Towers with Radar,0,4,30,0,34,0,1,166,0,167,0,5,196,0,201,70,0,70,271
11/08/2009,TMB,FL,ASO,ES,Towers with Radar,0,13,42,0,55,0,2,85,0,87,0,15,127,0,142,19,0,19,161
11/09/2009,TMB,FL,ASO,ES,Towers with Radar,0,3,57,0,60,0,2,132,0,134,0,5,189,0,194,112,0,112,306
11/10/2009,TMB,FL,ASO,ES,Towers with Radar,0,4,35,2,41,0,0,211,0,211,0,4,246,2,252,152,0,152,404
11/11/2009,TMB,FL,ASO,ES,Towers with Radar,1,5,68,1,75,0,9,270,0,279,1,14,338,1,354,195,0,195,549
11/12/2009,TMB,FL,ASO,ES,Towers with Radar,0,5,57,0,62,0,1,233,0,234,0,6,290,0,296,233,0,233,529
11/13/2009,TMB,FL,ASO,ES,Towers with Radar,0,5,56,0,61,0,0,246,0,246,0,5,302,0,307,183,0,183,490
11/14/2009,TMB,FL,ASO,ES,Towers with Radar,0,1,48,0,49,0,1,323,0,324,0,2,371,0,373,207,0,207,580
11/15/2009,TMB,FL,ASO,ES,Towers with Radar,0,2,62,0,64,0,2,259,0,261,0,4,321,0,325,155,0,155,480
11/16/2009,TMB,FL,ASO,ES,Towers with Radar,0,4,51,0,55,0,2,210,0,212,0,6,261,0,267,296,0,296,563
11/17/2009,TMB,FL,ASO,ES,Towers with Radar,0,4,57,0,61,0,1,216,0,217,0,5,273,0,278,278,0,278,556
11/18/2009,TMB,FL,ASO,ES,Towers with Radar,0,3,76,0,79,0,4,373,0,377,0,7,449,0,456,324,0,324,780
11/19/2009,TMB,FL,ASO,ES,Towers with Radar,0,10,121,0,131,0,2,385,0,387,0,12,506,0,518,416,0,416,934
11/20/2009,TMB,FL,ASO,ES,Towers with Radar,0,4,99,1,104,0,5,234,0,239,0,9,333,1,343,288,0,288,631
11/21/2009,TMB,FL,ASO,ES,Towers with Radar,0,7,93,0,100,0,1,355,0,356,0,8,448,0,456,387,0,387,843
11/22/2009,TMB,FL,ASO,ES,Towers with Radar,0,11,117,0,128,0,2,285,0,287,0,13,402,0,415,156,0,156,571
11/23/2009,TMB,FL,ASO,ES,Towers with Radar,0,4,86,0,90,0,5,265,0,270,0,9,351,0,360,409,0,409,769
11/24/2009,TMB,FL,ASO,ES,Towers with Radar,0,13,67,0,80,0,8,293,0,301,0,21,360,0,381,329,0,329,710
11/25/2009,TMB,FL,ASO,ES,Towers with Radar,0,9,63,0,72,0,0,63,0,63,0,9,126,0,135,88,0,88,223
11/26/2009,TMB,FL,ASO,ES,Towers with Radar,0,1,34,0,35,0,0,142,0,142,0,1,176,0,177,162,0,162,339
11/27/2009,TMB,FL,ASO,ES,Towers with Radar,0,2,47,0,49,0,3,239,0,242,0,5,286,0,291,104,0,104,395
11/28/2009,TMB,FL,ASO,ES,Towers with Radar,0,2,58,0,60,0,2,299,0,301,0,4,357,0,361,281,0,281,642
11/29/2009,TMB,FL,ASO,ES,Towers with Radar,0,16,89,2,107,0,1,218,0,219,0,17,307,2,326,147,0,147,473
11/30/2009,TMB,FL,ASO,ES,Towers with Radar,0,10,69,0,79,0,1,250,0,251,0,11,319,0,330,76,0,76,406
12/01/2009,TMB,FL,ASO,ES,Towers with Radar,0,2,78,0,80,0,1,267,0,268,0,3,345,0,348,313,0,313,661
12/02/2009,TMB,FL,ASO,ES,Towers with Radar,0,7,35,0,42,0,1,216,0,217,0,8,251,0,259,186,0,186,445
12/03/2009,TMB,FL,ASO,ES,Towers with Radar,0,2,62,0,64,0,2,249,0,251,0,4,311,0,315,211,0,211,526
12/04/2009,TMB,FL,ASO,ES,Towers with Radar,1,5,72,0,78,0,0,140,2,142,1,5,212,2,220,294,0,294,514
12/05/2009,TMB,FL,ASO,ES,Towers with Radar,0,1,33,0,34,0,3,152,0,155,0,4,185,0,189,124,0,124,313
12/06/2009,TMB,FL,ASO,ES,Towers with Radar,0,10,66,0,76,0,1,230,0,231,0,11,296,0,307,279,0,279,586
12/07/2009,TMB,FL,ASO,ES,Towers with Radar,0,2,54,0,56,0,2,273,0,275,0,4,327,0,331,351,0,351,682
12/08/2009,TMB,FL,ASO,ES,Towers with Radar,0,3,85,0,88,0,0,280,0,280,0,3,365,0,368,230,0,230,598
12/09/2009,TMB,FL,ASO,ES,Towers with Radar,0,7,68,0,75,0,1,283,0,284,0,8,351,0,359,267,0,267,626
12/10/2009,TMB,FL,ASO,ES,Towers with Radar,0,4,45,0,49,0,3,296,0,299,0,7,341,0,348,384,0,384,732
12/11/2009,TMB,FL,ASO,ES,Towers with Radar,0,8,85,0,93,0,3,195,0,198,0,11,280,0,291,378,0,378,669
12/12/2009,TMB,FL,ASO,ES,Towers with Radar,0,1,73,0,74,0,0,233,0,233,0,1,306,0,307,213,0,213,520
12/13/2009,TMB,FL,ASO,ES,Towers with Radar,0,5,57,0,62,0,1,334,0,335,0,6,391,0,397,270,0,270,667
12/14/2009,TMB,FL,ASO,ES,Towers with Radar,0,2,61,0,63,0,0,278,0,278,0,2,339,0,341,277,0,277,618
12/15/2009,TMB,FL,ASO,ES,Towers with Radar,0,2,72,0,74,0,5,315,0,320,0,7,387,0,394,304,0,304,698
12/16/2009,TMB,FL,ASO,ES,Towers with Radar,1,5,78,0,84,0,2,245,0,247,1,7,323,0,331,408,0,408,739
12/17/2009,TMB,FL,ASO,ES,Towers with Radar,0,2,54,1,57,0,0,151,0,151,0,2,205,1,208,292,0,292,500
12/18/2009,TMB,FL,ASO,ES,Towers with Radar,0,9,45,0,54,0,0,23,0,23,0,9,68,0,77,4,0,4,81
12/19/2009,TMB,FL,ASO,ES,Towers with Radar,0,3,52,0,55,0,0,351,0,351,0,3,403,0,406,151,0,151,557
12/20/2009,TMB,FL,ASO,ES,Towers with Radar,0,1,38,0,39,0,2,242,0,244,0,3,280,0,283,62,0,62,345
12/21/2009,TMB,FL,ASO,ES,Towers with Radar,0,5,51,0,56,0,0,305,0,305,0,5,356,0,361,264,0,264,625
12/22/2009,TMB,FL,ASO,ES,Towers with Radar,0,1,63,1,65,0,0,303,1,304,0,1,366,2,369,407,0,407,776
12/23/2009,TMB,FL,ASO,ES,Towers with Radar,0,5,76,0,81,0,2,272,0,274,0,7,348,0,355,259,0,259,614
12/24/2009,TMB,FL,ASO,ES,Towers with Radar,0,4,20,0,24,0,1,155,0,156,0,5,175,0,180,99,0,99,279
12/25/2009,TMB,FL,ASO,ES,Towers with Radar,0,5,15,0,20,0,0,36,0,36,0,5,51,0,56,4,0,4,60
12/26/2009,TMB,FL,ASO,ES,Towers with Radar,1,21,66,0,88,0,2,308,0,310,1,23,374,0,398,312,0,312,710
12/27/2009,TMB,FL,ASO,ES,Towers with Radar,0,20,69,0,89,0,1,254,1,256,0,21,323,1,345,148,0,148,493
12/28/2009,TMB,FL,ASO,ES,Towers with Radar,0,6,68,0,74,0,1,208,0,209,0,7,276,0,283,267,0,267,550
12/29/2009,TMB,FL,ASO,ES,Towers with Radar,1,5,55,0,61,0,6,311,0,317,1,11,366,0,378,179,0,179,557
12/30/2009,TMB,FL,ASO,ES,Towers with Radar,0,5,71,0,76,0,1,306,0,307,0,6,377,0,383,286,0,286,669
12/31/2009,TMB,FL,ASO,ES,Towers with Radar,0,4,43,0,47,0,1,205,0,206,0,5,248,0,253,221,0,221,474
01/01/2010,TMB,FL,ASO,ES,Towers with Radar,0,9,41,0,50,0,2,68,0,70,0,11,109,0,120,38,0,38,158
01/02/2010,TMB,FL,ASO,ES,Towers with Radar,0,9,76,0,85,0,3,290,0,293,0,12,366,0,378,82,0,82,460
01/03/2010,TMB,FL,ASO,ES,Towers with Radar,0,31,104,0,135,0,1,275,0,276,0,32,379,0,411,98,0,98,509
01/04/2010,TMB,FL,ASO,ES,Towers with Radar,0,14,65,0,79,0,0,234,0,234,0,14,299,0,313,114,0,114,427
01/05/2010,TMB,FL,ASO,ES,Towers with Radar,0,10,37,0,47,0,0,246,0,246,0,10,283,0,293,158,0,158,451
01/06/2010,TMB,FL,ASO,ES,Towers with Radar,0,2,48,0,50,0,1,281,0,282,0,3,329,0,332,176,0,176,508
01/07/2010,TMB,FL,ASO,ES,Towers with Radar,0,5,63,0,68,0,2,281,0,283,0,7,344,0,351,357,0,357,708
01/08/2010,TMB,FL,ASO,ES,Towers with Radar,0,7,48,0,55,0,1,233,0,234,0,8,281,0,289,287,0,287,576
01/09/2010,TMB,FL,ASO,ES,Towers with Radar,0,3,20,1,24,0,0,14,0,14,0,3,34,1,38,0,0,0,38
01/10/2010,TMB,FL,ASO,ES,Towers with Radar,0,5,41,0,46,0,0,129,0,129,0,5,170,0,175,47,0,47,222
01/11/2010,TMB,FL,ASO,ES,Towers with Radar,0,5,41,0,46,0,2,238,0,240,0,7,279,0,286,117,0,117,403
01/12/2010,TMB,FL,ASO,ES,Towers with Radar,0,3,42,0,45,0,0,291,0,291,0,3,333,0,336,106,0,106,442
01/13/2010,TMB,FL,ASO,ES,Towers with Radar,0,6,74,0,80,0,0,296,0,296,0,6,370,0,376,266,0,266,642
01/14/2010,TMB,FL,ASO,ES,Towers with Radar,0,3,70,0,73,0,2,258,0,260,0,5,328,0,333,334,0,334,667
01/15/2010,TMB,FL,ASO,ES,Towers with Radar,0,5,70,0,75,0,2,223,0,225,0,7,293,0,300,223,0,223,523
01/16/2010,TMB,FL,ASO,ES,Towers with Radar,0,1,70,0,71,0,4,263,0,267,0,5,333,0,338,141,0,141,479
01/17/2010,TMB,FL,ASO,ES,Towers with Radar,0,9,42,0,51,0,0,82,0,82,0,9,124,0,133,43,0,43,176
01/18/2010,TMB,FL,ASO,ES,Towers with Radar,0,4,65,0,69,0,13,367,0,380,0,17,432,0,449,320,0,320,769
01/19/2010,TMB,FL,ASO,ES,Towers with Radar,0,1,51,0,52,0,2,281,0,283,0,3,332,0,335,436,0,436,771
01/20/2010,TMB,FL,ASO,ES,Towers with Radar,0,3,64,0,67,0,1,307,0,308,0,4,371,0,375,352,0,352,727
01/21/2010,TMB,FL,ASO,ES,Towers with Radar,0,4,73,0,77,0,1,217,0,218,0,5,290,0,295,190,0,190,485
01/22/2010,TMB,FL,ASO,ES,Towers with Radar,0,6,62,1,69,0,1,214,1,216,0,7,276,2,285,190,0,190,475
01/23/2010,TMB,FL,ASO,ES,Towers with Radar,0,5,82,0,87,0,0,364,0,364,0,5,446,0,451,330,0,330,781
01/24/2010,TMB,FL,ASO,ES,Towers with Radar,0,11,75,0,86,0,3,149,0,152,0,14,224,0,238,109,0,109,347
01/25/2010,TMB,FL,ASO,ES,Towers with Radar,0,7,51,0,58,0,0,115,0,115,0,7,166,0,173,67,0,67,240
01/26/2010,TMB,FL,ASO,ES,Towers with Radar,0,6,68,0,74,0,1,330,0,331,0,7,398,0,405,249,0,249,654
01/27/2010,TMB,FL,ASO,ES,Towers with Radar,0,1,102,0,103,0,0,396,0,396,0,1,498,0,499,365,0,365,864
01/28/2010,TMB,FL,ASO,ES,Towers with Radar,0,3,78,0,81,0,0,330,0,330,0,3,408,0,411,460,0,460,871
01/29/2010,TMB,FL,ASO,ES,Towers with Radar,0,6,70,0,76,0,0,305,0,305,0,6,375,0,381,435,0,435,816
01/30/2010,TMB,FL,ASO,ES,Towers with Radar,0,3,62,0,65,0,4,277,0,281,0,7,339,0,346,170,0,170,516
01/31/2010,TMB,FL,ASO,ES,Towers with Radar,0,9,59,0,68,0,2,70,0,72,0,11,129,0,140,22,0,22,162
02/01/2010,TMB,FL,ASO,ES,Towers with Radar,0,8,36,0,44,0,1,25,0,26,0,9,61,0,70,34,0,34,104
02/02/2010,TMB,FL,ASO,ES,Towers with Radar,0,2,56,0,58,0,1,229,0,230,0,3,285,0,288,330,0,330,618
02/03/2010,TMB,FL,ASO,ES,Towers with Radar,1,4,90,2,97,0,0,273,2,275,1,4,363,4,372,339,0,339,711
02/04/2010,TMB,FL,ASO,ES,Towers with Radar,0,4,65,0,69,0,1,298,0,299,0,5,363,0,368,327,0,327,695
02/05/2010,TMB,FL,ASO,ES,Towers with Radar,0,13,58,0,71,0,1,137,0,138,0,14,195,0,209,46,0,46,255
02/06/2010,TMB,FL,ASO,ES,Towers with Radar,1,5,43,0,49,0,1,231,0,232,1,6,274,0,281,176,0,176,457
02/07/2010,TMB,FL,ASO,ES,Towers with Radar,0,5,49,0,54,0,1,208,0,209,0,6,257,0,263,89,0,89,352
02/08/2010,TMB,FL,ASO,ES,Towers with Radar,0,8,60,1,69,0,0,272,0,272,0,8,332,1,341,283,0,283,624
02/09/2010,TMB,FL,ASO,ES,Towers with Radar,0,4,76,0,80,0,2,202,6,210,0,6,278,6,290,183,0,183,473
02/10/2010,TMB,FL,ASO,ES,Towers with Radar,0,4,48,1,53,0,0,190,0,190,0,4,238,1,243,148,0,148,391
02/11/2010,TMB,FL,ASO,ES,Towers with Radar,0,15,107,0,122,0,1,258,0,259,0,16,365,0,381,337,0,337,718
02/12/2010,TMB,FL,ASO,ES,Towers with Radar,0,11,75,0,86,0,0,158,0,158,0,11,233,0,244,78,0,78,322
02/13/2010,TMB,FL,ASO,ES,Towers with Radar,0,10,51,0,61,0,0,298,0,298,0,10,349,0,359,152,0,152,511
02/14/2010,TMB,FL,ASO,ES,Towers with Radar,0,6,56,0,62,0,2,251,0,253,0,8,307,0,315,92,0,92,407
02/15/2010,TMB,FL,ASO,ES,Towers with Radar,2,10,79,0,91,0,2,312,0,314,2,12,391,0,405,218,0,218,623
02/16/2010,TMB,FL,ASO,ES,Towers with Radar,0,9,55,0,64,0,0,252,0,252,0,9,307,0,316,153,0,153,469
02/17/2010,TMB,FL,ASO,ES,Towers with Radar,0,6,62,0,68,0,2,339,0,341,0,8,401,0,409,204,0,204,613
02/18/2010,TMB,FL,ASO,ES,Towers with Radar,1,8,48,0,57,0,1,279,0,280,1,9,327,0,337,206,0,206,543
02/19/2010,TMB,FL,ASO,ES,Towers with Radar,0,0,61,0,61,0,2,279,0,281,0,2,340,0,342,442,0,442,784
02/20/2010,TMB,FL,ASO,ES,Towers with Radar,0,3,69,0,72,0,1,342,0,343,0,4,411,0,415,380,0,380,795
02/21/2010,TMB,FL,ASO,ES,Towers with Radar,0,12,84,0,96,0,1,291,0,292,0,13,375,0,388,244,0,244,632
02/22/2010,TMB,FL,ASO,ES,Towers with Radar,0,4,52,0,56,0,0,52,0,52,0,4,104,0,108,26,0,26,134
02/23/2010,TMB,FL,ASO,ES,Towers with Radar,0,4,86,0,90,0,1,208,0,209,0,5,294,0,299,295,0,295,594
02/24/2010,TMB,FL,ASO,ES,Towers with Radar,1,7,72,0,80,0,1,114,0,115,1,8,186,0,195,100,0,100,295
02/25/2010,TMB,FL,ASO,ES,Towers with Radar,1,5,64,0,70,0,0,241,0,241,1,5,305,0,311,184,0,184,495
02/26/2010,TMB,FL,ASO,ES,Towers with Radar,0,1,78,0,79,0,2,330,0,332,0,3,408,0,411,238,0,238,649
02/27/2010,TMB,FL,ASO,ES,Towers with Radar,1,11,54,0,66,0,0,174,0,174,1,11,228,0,240,133,0,133,373
02/28/2010,TMB,FL,ASO,ES,Towers with Radar,0,5,67,0,72,0,0,256,0,256,0,5,323,0,328,128,0,128,456
03/01/2010,TMB,FL,ASO,ES,Towers with Radar,1,3,63,0,67,0,3,304,0,307,1,6,367,0,374,339,0,339,713
03/02/2010,TMB,FL,ASO,ES,Towers with Radar,0,4,37,0,41,0,1,101,0,102,0,5,138,0,143,43,0,43,186
03/03/2010,TMB,FL,ASO,ES,Towers with Radar,0,1,75,0,76,0,0,250,0,250,0,1,325,0,326,72,0,72,398
03/04/2010,TMB,FL,ASO,ES,Towers with Radar,0,5,63,0,68,0,0,279,0,279,0,5,342,0,347,229,0,229,576
03/05/2010,TMB,FL,ASO,ES,Towers with Radar,0,8,62,0,70,0,0,303,0,303,0,8,365,0,373,339,0,339,712
03/06/2010,TMB,FL,ASO,ES,Towers with Radar,0,7,71,0,78,0,1,314,0,315,0,8,385,0,393,227,0,227,620
03/07/2010,TMB,FL,ASO,ES,Towers with Radar,0,10,50,0,60,0,0,243,0,243,0,10,293,0,303,202,0,202,505
03/08/2010,TMB,FL,ASO,ES,Towers with Radar,0,2,57,0,59,0,0,290,0,290,0,2,347,0,349,377,0,377,726
03/09/2010,TMB,FL,ASO,ES,Towers with Radar,0,6,65,0,71,0,0,262,0,262,0,6,327,0,333,303,0,303,636
03/10/2010,TMB,FL,ASO,ES,Towers with Radar,0,11,63,0,74,0,2,297,0,299,0,13,360,0,373,191,0,191,564
03/11/2010,TMB,FL,ASO,ES,Towers with Radar,0,8,68,0,76,0,0,82,0,82,0,8,150,0,158,127,0,127,285
03/12/2010,TMB,FL,ASO,ES,Towers with Radar,0,6,52,0,58,0,1,46,0,47,0,7,98,0,105,46,0,46,151
03/13/2010,TMB,FL,ASO,ES,Towers with Radar,0,7,68,0,75,0,0,315,1,316,0,7,383,1,391,145,0,145,536
03/14/2010,TMB,FL,ASO,ES,Towers with Radar,0,5,49,0,54,0,2,220,0,222,0,7,269,0,276,136,0,136,412
03/15/2010,TMB,FL,ASO,ES,Towers with Radar,0,4,71,0,75,0,3,347,0,350,0,7,418,0,425,331,0,331,756
03/16/2010,TMB,FL,ASO,ES,Towers with Radar,0,6,64,0,70,0,3,306,0,309,0,9,370,0,379,399,0,399,778
03/17/2010,TMB,FL,ASO,ES,Towers with Radar,0,3,82,0,85,0,2,179,0,181,0,5,261,0,266,204,1,205,471
03/18/2010,TMB,FL,ASO,ES,Towers with Radar,2,3,49,0,54,0,2,271,0,273,2,5,320,0,327,284,0,284,611
03/19/2010,TMB,FL,ASO,ES,Towers with Radar,0,5,63,0,68,0,1,296,0,297,0,6,359,0,365,313,0,313,678
03/20/2010,TMB,FL,ASO,ES,Towers with Radar,0,5,50,0,55,0,3,376,0,379,0,8,426,0,434,345,0,345,779
03/21/2010,TMB,FL,ASO,ES,Towers with Radar,0,13,62,0,75,0,1,118,0,119,0,14,180,0,194,104,0,104,298
03/22/2010,TMB,FL,ASO,ES,Towers with Radar,0,6,51,0,57,0,0,136,0,136,0,6,187,0,193,161,0,161,354
03/23/2010,TMB,FL,ASO,ES,Towers with Radar,0,1,72,0,73,0,0,362,0,362,0,1,434,0,435,500,0,500,935
03/24/2010,TMB,FL,ASO,ES,Towers with Radar,0,0,85,0,85,0,3,339,0,342,0,3,424,0,427,423,0,423,850
03/25/2010,TMB,FL,ASO,ES,Towers with Radar,0,2,106,0,108,0,0,372,0,372,0,2,478,0,480,261,0,261,741
03/26/2010,TMB,FL,ASO,ES,Towers with Radar,0,8,54,0,62,0,1,81,0,82,0,9,135,0,144,69,0,69,213
03/27/2010,TMB,FL,ASO,ES,Towers with Radar,0,9,70,0,79,0,0,397,0,397,0,9,467,0,476,289,0,289,765
03/28/2010,TMB,FL,ASO,ES,Towers with Radar,0,14,65,0,79,0,5,175,0,180,0,19,240,0,259,99,0,99,358
03/29/2010,TMB,FL,ASO,ES,Towers with Radar,2,6,33,0,41,0,1,48,0,49,2,7,81,0,90,15,0,15,105
03/30/2010,TMB,FL,ASO,ES,Towers with Radar,0,2,79,0,81,0,0,402,0,402,0,2,481,0,483,327,0,327,810
03/31/2010,TMB,FL,ASO,ES,Towers with Radar,0,1,80,0,81,0,1,364,0,365,0,2,444,0,446,299,0,299,745
04/01/2010,TMB,FL,ASO,ES,Towers with Radar,0,11,79,0,90,0,3,353,0,356,0,14,432,0,446,221,0,221,667
04/02/2010,TMB,FL,ASO,ES,Towers with Radar,0,3,98,0,101,0,2,287,0,289,0,5,385,0,390,336,0,336,726
04/03/2010,TMB,FL,ASO,ES,Towers with Radar,0,12,79,0,91,0,3,343,0,346,0,15,422,0,437,234,0,234,671
04/04/2010,TMB,FL,ASO,ES,Towers with Radar,0,9,72,0,81,0,1,213,0,214,0,10,285,0,295,96,0,96,391
04/05/2010,TMB,FL,ASO,ES,Towers with Radar,0,9,90,0,99,0,2,252,0,254,0,11,342,0,353,210,0,210,563
04/06/2010,TMB,FL,ASO,ES,Towers with Radar,0,7,63,2,72,0,1,240,0,241,0,8,303,2,313,372,0,372,685
04/07/2010,TMB,FL,ASO,ES,Towers with Radar,0,7,68,0,75,0,3,320,0,323,0,10,388,0,398,445,0,445,843
04/08/2010,TMB,FL,ASO,ES,Towers with Radar,0,2,64,0,66,0,3,344,0,347,0,5,408,0,413,229,0,229,642
04/09/2010,TMB,FL,ASO,ES,Towers with Radar,0,2,68,0,70,0,2,231,0,233,0,4,299,0,303,323,0,323,626
04/10/2010,TMB,FL,ASO,ES,Towers with Radar,0,6,70,0,76,0,2,323,0,325,0,8,393,0,401,252,0,252,653
04/11/2010,TMB,FL,ASO,ES,Towers with Radar,0,2,67,0,69,0,1,122,0,123,0,3,189,0,192,174,0,174,366
04/12/2010,TMB,FL,ASO,ES,Towers with Radar,0,1,47,0,48,0,0,92,0,92,0,1,139,0,140,222,0,222,362
04/13/2010,TMB,FL,ASO,ES,Towers with Radar,0,1,64,0,65,0,1,268,0,269,0,2,332,0,334,265,0,265,599
04/14/2010,TMB,FL,ASO,ES,Towers with Radar,0,7,68,0,75,0,0,257,0,257,0,7,325,0,332,151,0,151,483
04/15/2010,TMB,FL,ASO,ES,Towers with Radar,0,7,67,0,74,0,1,154,0,155,0,8,221,0,229,120,0,120,349
04/16/2010,TMB,FL,ASO,ES,Towers with Radar,0,1,79,0,80,0,2,333,0,335,0,3,412,0,415,329,0,329,744
04/17/2010,TMB,FL,ASO,ES,Towers with Radar,0,4,66,0,70,0,1,245,0,246,0,5,311,0,316,300,0,300,616
04/18/2010,TMB,FL,ASO,ES,Towers with Radar,0,9,49,0,58,0,0,24,0,24,0,9,73,0,82,38,0,38,120
04/19/2010,TMB,FL,ASO,ES,Towers with Radar,2,7,77,0,86,0,0,144,0,144,2,7,221,0,230,195,0,195,425
04/20/2010,TMB,FL,ASO,ES,Towers with Radar,1,2,73,0,76,0,0,296,0,296,1,2,369,0,372,430,0,430,802
04/21/2010,TMB,FL,ASO,ES,Towers with Radar,1,5,69,0,75,0,1,319,2,322,1,6,388,2,397,456,0,456,853
04/22/2010,TMB,FL,ASO,ES,Towers with Radar,1,2,85,0,88,0,0,396,0,396,1,2,481,0,484,439,0,439,923
04/23/2010,TMB,FL,ASO,ES,Towers with Radar,0,4,78,0,82,0,1,356,1,358,0,5,434,1,440,420,0,420,860
04/24/2010,TMB,FL,ASO,ES,Towers with Radar,0,3,64,0,67,0,2,412,0,414,0,5,476,0,481,243,0,243,724
04/25/2010,TMB,FL,ASO,ES,Towers with Radar,0,2,64,0,66,0,0,238,0,238,0,2,302,0,304,68,0,68,372
04/26/2010,TMB,FL,ASO,ES,Towers with Radar,0,0,29,0,29,0,0,59,0,59,0,0,88,0,88,62,0,62,150
04/27/2010,TMB,FL,ASO,ES,Towers with Radar,0,3,57,0,60,0,1,386,0,387,0,4,443,0,447,397,0,397,844
04/28/2010,TMB,FL,ASO,ES,Towers with Radar,0,3,68,0,71,0,0,396,0,396,0,3,464,0,467,365,0,365,832
04/29/2010,TMB,FL,ASO,ES,Towers with Radar,0,7,89,0,96,0,0,317,0,317,0,7,406,0,413,374,0,374,787
04/30/2010,TMB,FL,ASO,ES,Towers with Radar,0,3,72,0,75,0,1,309,0,310,0,4,381,0,385,253,0,253,638
05/01/2010,TMB,FL,ASO,ES,Towers with Radar,0,1,77,0,78,0,0,264,0,264,0,1,341,0,342,282,0,282,624
05/02/2010,TMB,FL,ASO,ES,Towers with Radar,0,2,56,0,58,0,2,218,0,220,0,4,274,0,278,156,0,156,434
05/03/2010,TMB,FL,ASO,ES,Towers with Radar,0,3,79,0,82,0,1,344,0,345,0,4,423,0,427,288,0,288,715
05/04/2010,TMB,FL,ASO,ES,Towers with Radar,0,3,76,0,79,0,0,432,0,432,0,3,508,0,511,265,0,265,776
05/05/2010,TMB,FL,ASO,ES,Towers with Radar,0,1,79,0,80,0,2,328,1,331,0,3,407,1,411,381,0,381,792
05/06/2010,TMB,FL,ASO,ES,Towers with Radar,0,5,67,0,72,0,1,254,0,255,0,6,321,0,327,355,0,355,682
05/07/2010,TMB,FL,ASO,ES,Towers with Radar,0,5,96,0,101,0,2,305,0,307,0,7,401,0,408,332,0,332,740
05/08/2010,TMB,FL,ASO,ES,Towers with Radar,0,0,78,0,78,0,0,355,0,355,0,0,433,0,433,208,0,208,641
05/09/2010,TMB,FL,ASO,ES,Towers with Radar,0,3,38,0,41,0,0,226,0,226,0,3,264,0,267,67,0,67,334
05/10/2010,TMB,FL,ASO,ES,Towers with Radar,0,2,70,0,72,0,0,352,0,352,0,2,422,0,424,256,0,256,680
05/11/2010,TMB,FL,ASO,ES,Towers with Radar,0,0,56,0,56,0,0,203,0,203,0,0,259,0,259,155,0,155,414
05/12/2010,TMB,FL,ASO,ES,Towers with Radar,0,2,75,0,77,0,0,402,0,402,0,2,477,0,479,254,0,254,733
05/13/2010,TMB,FL,ASO,ES,Towers with Radar,0,2,64,0,66,0,2,349,0,351,0,4,413,0,417,276,0,276,693
05/14/2010,TMB,FL,ASO,ES,Towers with Radar,0,2,82,0,84,0,0,311,0,311,0,2,393,0,395,279,0,279,674
05/15/2010,TMB,FL,ASO,ES,Towers with Radar,0,2,55,0,57,0,2,441,0,443,0,4,496,0,500,282,0,282,782
05/16/2010,TMB,FL,ASO,ES,Towers with Radar,0,2,59,0,61,0,1,118,3,122,0,3,177,3,183,63,0,63,246
05/17/2010,TMB,FL,ASO,ES,Towers with Radar,0,5,55,0,60,0,4,194,0,198,0,9,249,0,258,125,0,125,383
05/18/2010,TMB,FL,ASO,ES,Towers with Radar,0,2,68,1,71,0,1,307,0,308,0,3,375,1,379,247,0,247,626
05/19/2010,TMB,FL,ASO,ES,Towers with Radar,0,4,67,1,72,0,1,261,1,263,0,5,328,2,335,230,0,230,565
05/20/2010,TMB,FL,ASO,ES,Towers with Radar,0,1,67,0,68,0,0,271,0,271,0,1,338,0,339,264,0,264,603
05/21/2010,TMB,FL,ASO,ES,Towers with Radar,0,0,99,0,99,0,2,362,2,366,0,2,461,2,465,269,0,269,734
05/22/2010,TMB,FL,ASO,ES,Towers with Radar,0,1,45,0,46,0,0,391,0,391,0,1,436,0,437,166,0,166,603
05/23/2010,TMB,FL,ASO,ES,Towers with Radar,0,2,64,0,66,0,0,291,0,291,0,2,355,0,357,161,0,161,518
05/24/2010,TMB,FL,ASO,ES,Towers with Radar,0,3,65,0,68,0,0,292,0,292,0,3,357,0,360,344,0,344,704
05/25/2010,TMB,FL,ASO,ES,Towers with Radar,0,3,71,0,74,0,1,295,0,296,0,4,366,0,370,365,0,365,735
05/26/2010,TMB,FL,ASO,ES,Towers with Radar,0,5,54,0,59,0,0,288,1,289,0,5,342,1,348,340,0,340,688
05/27/2010,TMB,FL,ASO,ES,Towers with Radar,0,0,76,0,76,0,5,329,0,334,0,5,405,0,410,303,0,303,713
05/28/2010,TMB,FL,ASO,ES,Towers with Radar,0,4,112,0,116,0,3,303,0,306,0,7,415,0,422,235,0,235,657
05/29/2010,TMB,FL,ASO,ES,Towers with Radar,0,1,97,0,98,0,0,423,0,423,0,1,520,0,521,453,0,453,974
05/30/2010,TMB,FL,ASO,ES,Towers with Radar,0,1,30,0,31,0,0,272,0,272,0,1,302,0,303,161,0,161,464
05/31/2010,TMB,FL,ASO,ES,Towers with Radar,0,1,99,0,100,0,2,346,0,348,0,3,445,0,448,213,0,213,661
06/01/2010,TMB,FL,ASO,ES,Towers with Radar,0,0,78,0,78,0,1,173,0,174,0,1,251,0,252,204,0,204,456
06/02/2010,TMB,FL,ASO,ES,Towers with Radar,0,1,49,0,50,0,1,216,0,217,0,2,265,0,267,315,0,315,582
06/03/2010,TMB,FL,ASO,ES,Towers with Radar,1,2,55,0,58,0,2,223,0,225,1,4,278,0,283,255,0,255,538
06/04/2010,TMB,FL,ASO,ES,Towers with Radar,0,2,53,0,55,0,2,323,0,325,0,4,376,0,380,338,0,338,718
06/05/2010,TMB,FL,ASO,ES,Towers with Radar,0,1,45,0,46,0,0,330,0,330,0,1,375,0,376,184,0,184,560
06/06/2010,TMB,FL,ASO,ES,Towers with Radar,0,1,67,0,68,0,0,192,0,192,0,1,259,0,260,241,0,241,501
06/07/2010,TMB,FL,ASO,ES,Towers with Radar,0,3,43,0,46,0,0,215,0,215,0,3,258,0,261,163,0,163,424
06/08/2010,TMB,FL,ASO,ES,Towers with Radar,0,4,57,0,61,0,1,224,0,225,0,5,281,0,286,304,0,304,590
06/09/2010,TMB,FL,ASO,ES,Towers with Radar,0,2,92,0,94,0,0,347,1,348,0,2,439,1,442,319,0,319,761
06/10/2010,TMB,FL,ASO,ES,Towers with Radar,0,2,72,0,74,0,1,286,1,288,0,3,358,1,362,288,0,288,650
06/11/2010,TMB,FL,ASO,ES,Towers with Radar,0,9,69,0,78,0,2,280,0,282,0,11,349,0,360,258,0,258,618
06/12/2010,TMB,FL,ASO,ES,Towers with Radar,0,2,75,0,77,0,4,378,0,382,0,6,453,0,459,373,0,373,832
06/13/2010,TMB,FL,ASO,ES,Towers with Radar,0,3,50,0,53,0,0,277,0,277,0,3,327,0,330,192,0,192,522
06/14/2010,TMB,FL,ASO,ES,Towers with Radar,0,1,66,0,67,0,0,224,0,224,0,1,290,0,291,224,0,224,515
06/15/2010,TMB,FL,ASO,ES,Towers with Radar,0,2,59,0,61,0,1,283,0,284,0,3,342,0,345,251,0,251,596
06/16/2010,TMB,FL,ASO,ES,Towers with Radar,0,4,86,0,90,0,0,314,0,314,0,4,400,0,404,307,0,307,711
06/17/2010,TMB,FL,ASO,ES,Towers with Radar,0,1,72,0,73,0,0,268,0,268,0,1,340,0,341,302,0,302,643
06/18/2010,TMB,FL,ASO,ES,Towers with Radar,0,2,61,0,63,0,0,254,0,254,0,2,315,0,317,262,0,262,579
06/19/2010,TMB,FL,ASO,ES,Towers with Radar,0,1,56,0,57,0,0,316,0,316,0,1,372,0,373,256,0,256,629
06/20/2010,TMB,FL,ASO,ES,Towers with Radar,0,0,79,0,79,0,0,329,0,329,0,0,408,0,408,255,0,255,663
06/21/2010,TMB,FL,ASO,ES,Towers with Radar,0,2,77,0,79,0,0,302,0,302,0,2,379,0,381,261,0,261,642
06/22/2010,TMB,FL,ASO,ES,Towers with Radar,0,4,55,0,59,0,1,317,0,318,0,5,372,0,377,309,0,309,686
06/23/2010,TMB,FL,ASO,ES,Towers with Radar,0,4,79,0,83,0,5,318,0,323,0,9,397,0,406,277,0,277,683
06/24/2010,TMB,FL,ASO,ES,Towers with Radar,0,1,78,0,79,0,1,284,0,285,0,2,362,0,364,241,0,241,605
06/25/2010,TMB,FL,ASO,ES,Towers with Radar,1,1,84,0,86,0,1,366,0,367,1,2,450,0,453,258,0,258,711
06/26/2010,TMB,FL,ASO,ES,Towers with Radar,0,4,34,0,38,0,3,267,0,270,0,7,301,0,308,244,0,244,552
06/27/2010,TMB,FL,ASO,ES,Towers with Radar,0,4,62,0,66,0,1,271,0,272,0,5,333,0,338,96,0,96,434
06/28/2010,TMB,FL,ASO,ES,Towers with Radar,0,2,67,0,69,0,2,233,0,235,0,4,300,0,304,266,0,266,570
06/29/2010,TMB,FL,ASO,ES,Towers with Radar,0,1,73,0,74,0,0,250,0,250,0,1,323,0,324,267,0,267,591
06/30/2010,TMB,FL,ASO,ES,Towers with Radar,0,5,66,0,71,0,0,261,0,261,0,5,327,0,332,376,0,376,708
07/01/2010,TMB,FL,ASO,ES,Towers with Radar,0,7,96,0,103,0,2,374,0,376,0,9,470,0,479,343,0,343,822
07/02/2010,TMB,FL,ASO,ES,Towers with Radar,0,3,86,0,89,0,0,208,0,208,0,3,294,0,297,198,0,198,495
07/03/2010,TMB,FL,ASO,ES,Towers with Radar,0,0,56,0,56,0,3,187,0,190,0,3,243,0,246,224,0,224,470
07/04/2010,TMB,FL,ASO,ES,Towers with Radar,0,0,23,0,23,0,0,101,0,101,0,0,124,0,124,66,0,66,190
07/05/2010,TMB,FL,ASO,ES,Towers with Radar,0,2,93,0,95,0,2,211,0,213,0,4,304,0,308,296,0,296,604
07/06/2010,TMB,FL,ASO,ES,Towers with Radar,0,1,62,4,67,0,1,297,0,298,0,2,359,4,365,409,0,409,774
07/07/2010,TMB,FL,ASO,ES,Towers with Radar,0,0,73,0,73,0,0,313,1,314,0,0,386,1,387,389,0,389,776
07/08/2010,TMB,FL,ASO,ES,Towers with Radar,0,0,69,2,71,0,0,332,0,332,0,0,401,2,403,240,0,240,643
07/09/2010,TMB,FL,ASO,ES,Towers with Radar,0,0,67,0,67,0,2,297,1,300,0,2,364,1,367,239,0,239,606
07/10/2010,TMB,FL,ASO,ES,Towers with Radar,0,0,47,0,47,0,1,288,0,289,0,1,335,0,336,211,0,211,547
07/11/2010,TMB,FL,ASO,ES,Towers with Radar,0,0,33,0,33,0,0,234,0,234,0,0,267,0,267,179,0,179,446
07/12/2010,TMB,FL,ASO,ES,Towers with Radar,0,1,52,0,53,0,0,246,0,246,0,1,298,0,299,292,0,292,591
07/13/2010,TMB,FL,ASO,ES,Towers with Radar,0,4,63,0,67,0,1,237,0,238,0,5,300,0,305,373,0,373,678
07/14/2010,TMB,FL,ASO,ES,Towers with Radar,0,2,33,0,35,0,1,161,1,163,0,3,194,1,198,186,0,186,384
07/15/2010,TMB,FL,ASO,ES,Towers with Radar,0,4,76,0,80,0,1,286,0,287,0,5,362,0,367,252,0,252,619
07/16/2010,TMB,FL,ASO,ES,Towers with Radar,0,8,62,0,70,0,0,211,0,211,0,8,273,0,281,217,0,217,498
07/17/2010,TMB,FL,ASO,ES,Towers with Radar,0,0,69,0,69,0,0,394,0,394,0,0,463,0,463,358,0,358,821
07/18/2010,TMB,FL,ASO,ES,Towers with Radar,0,3,67,0,70,0,0,222,0,222,0,3,289,0,292,131,0,131,423
07/19/2010,TMB,FL,ASO,ES,Towers with Radar,0,2,73,0,75,0,0,266,0,266,0,2,339,0,341,329,0,329,670
07/20/2010,TMB,FL,ASO,ES,Towers with Radar,0,0,77,0,77,0,0,206,0,206,0,0,283,0,283,212,0,212,495
07/21/2010,TMB,FL,ASO,ES,Towers with Radar,0,4,71,0,75,0,0,295,0,295,0,4,366,0,370,279,0,279,649
07/22/2010,TMB,FL,ASO,ES,Towers with Radar,0,5,67,0,72,0,0,304,0,304,0,5,371,0,376,230,0,230,606
07/23/2010,TMB,FL,ASO,ES,Towers with Radar,0,1,14,0,15,0,0,28,0,28,0,1,42,0,43,14,0,14,57
07/24/2010,TMB,FL,ASO,ES,Towers with Radar,1,2,54,1,58,0,0,312,0,312,1,2,366,1,370,217,0,217,587
07/25/2010,TMB,FL,ASO,ES,Towers with Radar,0,1,47,0,48,0,0,192,0,192,0,1,239,0,240,166,0,166,406
07/26/2010,TMB,FL,ASO,ES,Towers with Radar,0,2,54,0,56,0,1,285,0,286,0,3,339,0,342,273,0,273,615
07/27/2010,TMB,FL,ASO,ES,Towers with Radar,0,2,61,0,63,0,0,294,0,294,0,2,355,0,357,399,0,399,756
07/28/2010,TMB,FL,ASO,ES,Towers with Radar,0,2,41,0,43,0,0,263,0,263,0,2,304,0,306,278,0,278,584
07/29/2010,TMB,FL,ASO,ES,Towers with Radar,0,8,39,0,47,0,0,282,0,282,0,8,321,0,329,199,0,199,528
07/30/2010,TMB,FL,ASO,ES,Towers with Radar,0,4,41,0,45,0,1,289,0,290,0,5,330,0,335,200,0,200,535
07/31/2010,TMB,FL,ASO,ES,Towers with Radar,0,0,26,0,26,0,1,275,0,276,0,1,301,0,302,203,0,203,505
08/01/2010,TMB,FL,ASO,ES,Towers with Radar,0,5,48,0,53,0,2,201,0,203,0,7,249,0,256,102,0,102,358
08/02/2010,TMB,FL,ASO,ES,Towers with Radar,0,0,55,0,55,0,2,181,0,183,0,2,236,0,238,180,0,180,418
08/03/2010,TMB,FL,ASO,ES,Towers with Radar,0,1,29,0,30,0,1,196,0,197,0,2,225,0,227,261,0,261,488
08/04/2010,TMB,FL,ASO,ES,Towers with Radar,0,5,35,1,41,0,3,197,1,201,0,8,232,2,242,246,0,246,488
08/05/2010,TMB,FL,ASO,ES,Towers with Radar,0,1,35,0,36,0,2,276,0,278,0,3,311,0,314,207,0,207,521
08/06/2010,TMB,FL,ASO,ES,Towers with Radar,0,0,56,0,56,0,0,268,1,269,0,0,324,1,325,147,0,147,472
08/07/2010,TMB,FL,ASO,ES,Towers with Radar,0,3,47,0,50,0,0,241,0,241,0,3,288,0,291,155,0,155,446
08/08/2010,TMB,FL,ASO,ES,Towers with Radar,0,3,57,0,60,0,0,93,0,93,0,3,150,0,153,52,0,52,205
08/09/2010,TMB,FL,ASO,ES,Towers with Radar,0,2,46,0,48,0,0,160,0,160,0,2,206,0,208,153,0,153,361
08/10/2010,TMB,FL,ASO,ES,Towers with Radar,0,4,37,0,41,0,0,52,0,52,0,4,89,0,93,61,0,61,154
08/11/2010,TMB,FL,ASO,ES,Towers with Radar,0,5,57,0,62,0,0,274,1,275,0,5,331,1,337,220,0,220,557
08/12/2010,TMB,FL,ASO,ES,Towers with Radar,2,3,42,0,47,0,3,331,0,334,2,6,373,0,381,232,0,232,613
08/13/2010,TMB,FL,ASO,ES,Towers with Radar,0,1,69,0,70,0,1,271,0,272,0,2,340,0,342,107,0,107,449
08/14/2010,TMB,FL,ASO,ES,Towers with Radar,0,0,31,0,31,0,1,301,0,302,0,1,332,0,333,192,0,192,525
08/15/2010,TMB,FL,ASO,ES,Towers with Radar,0,1,53,0,54,0,1,188,0,189,0,2,241,0,243,46,0,46,289
08/16/2010,TMB,FL,ASO,ES,Towers with Radar,0,3,46,0,49,0,0,199,0,199,0,3,245,0,248,111,0,111,359
08/17/2010,TMB,FL,ASO,ES,Towers with Radar,0,3,33,0,36,0,0,268,0,268,0,3,301,0,304,150,0,150,454
08/18/2010,TMB,FL,ASO,ES,Towers with Radar,0,7,35,0,42,0,2,199,0,201,0,9,234,0,243,91,0,91,334
08/19/2010,TMB,FL,ASO,ES,Towers with Radar,0,2,27,0,29,0,0,236,0,236,0,2,263,0,265,181,0,181,446
08/20/2010,TMB,FL,ASO,ES,Towers with Radar,1,2,64,0,67,0,0,246,0,246,1,2,310,0,313,168,0,168,481
08/21/2010,TMB,FL,ASO,ES,Towers with Radar,0,2,33,0,35,0,0,234,0,234,0,2,267,0,269,73,0,73,342
08/22/2010,TMB,FL,ASO,ES,Towers with Radar,0,1,40,0,41,0,1,136,0,137,0,2,176,0,178,155,0,155,333
08/23/2010,TMB,FL,ASO,ES,Towers with Radar,0,6,37,0,43,0,0,182,0,182,0,6,219,0,225,172,0,172,397
08/24/2010,TMB,FL,ASO,ES,Towers with Radar,0,5,39,0,44,0,0,185,0,185,0,5,224,0,229,297,0,297,526
08/25/2010,TMB,FL,ASO,ES,Towers with Radar,0,1,37,0,38,0,0,180,0,180,0,1,217,0,218,190,0,190,408
08/26/2010,TMB,FL,ASO,ES,Towers with Radar,0,2,33,0,35,0,0,173,0,173,0,2,206,0,208,154,0,154,362
08/27/2010,TMB,FL,ASO,ES,Towers with Radar,0,1,51,0,52,0,0,264,0,264,0,1,315,0,316,287,0,287,603
08/28/2010,TMB,FL,ASO,ES,Towers with Radar,0,0,48,0,48,0,1,279,0,280,0,1,327,0,328,197,0,197,525
08/29/2010,TMB,FL,ASO,ES,Towers with Radar,0,2,36,0,38,0,0,154,0,154,0,2,190,0,192,124,0,124,316
08/30/2010,TMB,FL,ASO,ES,Towers with Radar,0,4,28,0,32,0,0,126,0,126,0,4,154,0,158,163,0,163,321
08/31/2010,TMB,FL,ASO,ES,Towers with Radar,0,3,52,0,55,0,1,181,0,182,0,4,233,0,237,141,0,141,378
09/01/2010,TMB,FL,ASO,ES,Towers with Radar,0,2,50,0,52,0,0,233,0,233,0,2,283,0,285,223,0,223,508
09/02/2010,TMB,FL,ASO,ES,Towers with Radar,0,1,55,0,56,0,0,283,0,283,0,1,338,0,339,234,0,234,573
09/03/2010,TMB,FL,ASO,ES,Towers with Radar,0,3,85,0,88,0,1,237,0,238,0,4,322,0,326,196,0,196,522
09/04/2010,TMB,FL,ASO,ES,Towers with Radar,0,4,35,0,39,0,0,270,0,270,0,4,305,0,309,155,0,155,464
09/05/2010,TMB,FL,ASO,ES,Towers with Radar,0,1,24,0,25,0,0,191,0,191,0,1,215,0,216,103,0,103,319
09/06/2010,TMB,FL,ASO,ES,Towers with Radar,0,0,87,0,87,0,0,255,0,255,0,0,342,0,342,201,0,201,543
09/07/2010,TMB,FL,ASO,ES,Towers with Radar,0,4,58,0,62,0,0,170,0,170,0,4,228,0,232,198,0,198,430
09/08/2010,TMB,FL,ASO,ES,Towers with Radar,0,5,39,0,44,0,0,193,0,193,0,5,232,0,237,182,0,182,419
09/09/2010,TMB,FL,ASO,ES,Towers with Radar,0,3,49,0,52,0,0,281,0,281,0,3,330,0,333,206,0,206,539
09/10/2010,TMB,FL,ASO,ES,Towers with Radar,0,1,45,0,46,0,0,251,0,251,0,1,296,0,297,211,0,211,508
09/11/2010,TMB,FL,ASO,ES,Towers with Radar,0,0,68,0,68,0,0,267,0,267,0,0,335,0,335,244,0,244,579
09/12/2010,TMB,FL,ASO,ES,Towers with Radar,0,2,48,0,50,0,0,189,1,190,0,2,237,1,240,108,0,108,348
09/13/2010,TMB,FL,ASO,ES,Towers with Radar,1,4,40,0,45,0,0,231,0,231,1,4,271,0,276,226,0,226,502
09/14/2010,TMB,FL,ASO,ES,Towers with Radar,0,2,41,0,43,0,0,129,0,129,0,2,170,0,172,120,0,120,292
09/15/2010,TMB,FL,ASO,ES,Towers with Radar,0,0,32,0,32,0,1,185,0,186,0,1,217,0,218,112,0,112,330
09/16/2010,TMB,FL,ASO,ES,Towers with Radar,0,4,48,0,52,0,0,232,0,232,0,4,280,0,284,256,0,256,540
09/17/2010,TMB,FL,ASO,ES,Towers with Radar,0,4,70,0,74,0,0,241,0,241,0,4,311,0,315,198,0,198,513
09/18/2010,TMB,FL,ASO,ES,Towers with Radar,0,0,56,0,56,0,1,260,0,261,0,1,316,0,317,160,0,160,477
09/19/2010,TMB,FL,ASO,ES,Towers with Radar,0,2,33,0,35,0,0,201,0,201,0,2,234,0,236,186,0,186,422
09/20/2010,TMB,FL,ASO,ES,Towers with Radar,0,2,41,0,43,0,1,243,1,245,0,3,284,1,288,173,0,173,461
09/21/2010,TMB,FL,ASO,ES,Towers with Radar,0,5,52,0,57,0,0,204,0,204,0,5,256,0,261,167,0,167,428
09/22/2010,TMB,FL,ASO,ES,Towers with Radar,0,2,70,0,72,0,0,206,0,206,0,2,276,0,278,144,0,144,422
09/23/2010,TMB,FL,ASO,ES,Towers with Radar,0,2,50,0,52,0,0,126,0,126,0,2,176,0,178,135,0,135,313
09/24/2010,TMB,FL,ASO,ES,Towers with Radar,0,4,55,0,59,0,0,204,0,204,0,4,259,0,263,128,0,128,391
09/25/2010,TMB,FL,ASO,ES,Towers with Radar,0,2,36,0,38,0,0,188,0,188,0,2,224,0,226,179,0,179,405
09/26/2010,TMB,FL,ASO,ES,Towers with Radar,0,3,45,0,48,0,0,154,0,154,0,3,199,0,202,137,0,137,339
09/27/2010,TMB,FL,ASO,ES,Towers with Radar,0,0,27,0,27,0,0,206,0,206,0,0,233,0,233,165,0,165,398
09/28/2010,TMB,FL,ASO,ES,Towers with Radar,0,1,36,0,37,0,0,153,0,153,0,1,189,0,190,139,0,139,329
09/29/2010,TMB,FL,ASO,ES,Towers with Radar,0,3,9,0,12,0,0,2,0,2,0,3,11,0,14,0,0,0,14
09/30/2010,TMB,FL,ASO,ES,Towers with Radar,0,2,53,2,57,0,0,216,0,216,0,2,269,2,273,231,0,231,504
10/01/2010,TMB,FL,ASO,ES,Towers with Radar,0,2,55,0,57,0,0,317,0,317,0,2,372,0,374,188,0,188,562
10/02/2010,TMB,FL,ASO,ES,Towers with Radar,0,4,46,0,50,0,0,359,1,360,0,4,405,1,410,219,0,219,629
10/03/2010,TMB,FL,ASO,ES,Towers with Radar,0,0,34,0,34,0,0,223,0,223,0,0,257,0,257,209,0,209,466
10/04/2010,TMB,FL,ASO,ES,Towers with Radar,0,2,45,0,47,0,0,248,0,248,0,2,293,0,295,237,0,237,532
10/05/2010,TMB,FL,ASO,ES,Towers with Radar,0,3,26,0,29,0,0,146,0,146,0,3,172,0,175,140,0,140,315
10/06/2010,TMB,FL,ASO,ES,Towers with Radar,0,2,29,0,31,0,0,199,0,199,0,2,228,0,230,117,0,117,347
10/07/2010,TMB,FL,ASO,ES,Towers with Radar,0,7,45,2,54,0,1,299,0,300,0,8,344,2,354,158,0,158,512
10/08/2010,TMB,FL,ASO,ES,Towers with Radar,0,4,46,0,50,0,0,299,0,299,0,4,345,0,349,243,0,243,592
10/09/2010,TMB,FL,ASO,ES,Towers with Radar,0,0,27,0,27,0,0,281,0,281,0,0,308,0,308,306,0,306,614
10/10/2010,TMB,FL,ASO,ES,Towers with Radar,0,2,30,0,32,0,1,265,0,266,0,3,295,0,298,129,0,129,427
10/11/2010,TMB,FL,ASO,ES,Towers with Radar,0,2,55,0,57,0,1,232,0,233,0,3,287,0,290,187,0,187,477
10/12/2010,TMB,FL,ASO,ES,Towers with Radar,0,2,50,0,52,0,0,175,0,175,0,2,225,0,227,285,0,285,512
10/13/2010,TMB,FL,ASO,ES,Towers with Radar,0,5,42,0,47,0,0,204,0,204,0,5,246,0,251,322,0,322,573
10/14/2010,TMB,FL,ASO,ES,Towers with Radar,0,2,59,0,61,0,0,201,0,201,0,2,260,0,262,216,0,216,478
10/15/2010,TMB,FL,ASO,ES,Towers with Radar,0,6,65,0,71,0,0,266,0,266,0,6,331,0,337,177,0,177,514
10/16/2010,TMB,FL,ASO,ES,Towers with Radar,0,3,33,0,36,0,0,358,0,358,0,3,391,0,394,230,0,230,624
10/17/2010,TMB,FL,ASO,ES,Towers with Radar,0,0,39,0,39,0,0,271,0,271,0,0,310,0,310,145,0,145,455
10/18/2010,TMB,FL,ASO,ES,Towers with Radar,0,2,36,0,38,0,0,251,0,251,0,2,287,0,289,238,0,238,527
10/19/2010,TMB,FL,ASO,ES,Towers with Radar,0,6,36,0,42,0,2,259,0,261,0,8,295,0,303,317,0,317,620
10/20/2010,TMB,FL,ASO,ES,Towers with Radar,0,4,52,0,56,0,0,261,0,261,0,4,313,0,317,243,0,243,560
10/21/2010,TMB,FL,ASO,ES,Towers with Radar,0,3,55,0,58,0,0,272,0,272,0,3,327,0,330,206,0,206,536
10/22/2010,TMB,FL,ASO,ES,Towers with Radar,0,4,57,0,61,0,0,276,0,276,0,4,333,0,337,218,0,218,555
10/23/2010,TMB,FL,ASO,ES,Towers with Radar,0,9,49,0,58,0,1,228,0,229,0,10,277,0,287,174,0,174,461
10/24/2010,TMB,FL,ASO,ES,Towers with Radar,0,3,54,0,57,0,0,210,0,210,0,3,264,0,267,133,0,133,400
10/25/2010,TMB,FL,ASO,ES,Towers with Radar,0,4,58,0,62,0,0,243,0,243,0,4,301,0,305,242,0,242,547
10/26/2010,TMB,FL,ASO,ES,Towers with Radar,0,4,50,0,54,0,0,188,0,188,0,4,238,0,242,146,0,146,388
10/27/2010,TMB,FL,ASO,ES,Towers with Radar,0,3,46,0,49,0,2,286,0,288,0,5,332,0,337,262,0,262,599
10/28/2010,TMB,FL,ASO,ES,Towers with Radar,0,3,63,0,66,0,1,213,0,214,0,4,276,0,280,247,0,247,527
10/29/2010,TMB,FL,ASO,ES,Towers with Radar,0,2,60,0,62,0,1,296,0,297,0,3,356,0,359,190,0,190,549
10/30/2010,TMB,FL,ASO,ES,Towers with Radar,0,1,48,0,49,0,0,297,0,297,0,1,345,0,346,89,0,89,435
10/31/2010,TMB,FL,ASO,ES,Towers with Radar,0,3,40,0,43,0,0,129,0,129,0,3,169,0,172,89,0,89,261
11/01/2010,TMB,FL,ASO,ES,Towers with Radar,0,2,37,4,43,0,0,130,0,130,0,2,167,4,173,121,0,121,294
11/02/2010,TMB,FL,ASO,ES,Towers with Radar,0,4,47,0,51,0,0,274,0,274,0,4,321,0,325,278,0,278,603
11/03/2010,TMB,FL,ASO,ES,Towers with Radar,0,8,27,0,35,0,1,83,0,84,0,9,110,0,119,59,0,59,178
11/04/2010,TMB,FL,ASO,ES,Towers with Radar,0,4,41,0,45,0,0,135,0,135,0,4,176,0,180,159,0,159,339
11/05/2010,TMB,FL,ASO,ES,Towers with Radar,0,2,41,0,43,0,0,201,0,201,0,2,242,0,244,57,0,57,301
11/06/2010,TMB,FL,ASO,ES,Towers with Radar,0,1,43,0,44,0,0,250,0,250,0,1,293,0,294,121,0,121,415
11/07/2010,TMB,FL,ASO,ES,Towers with Radar,0,7,40,0,47,0,0,230,0,230,0,7,270,0,277,107,0,107,384
11/08/2010,TMB,FL,ASO,ES,Towers with Radar,0,2,53,0,55,0,0,225,0,225,0,2,278,0,280,133,0,133,413
11/09/2010,TMB,FL,ASO,ES,Towers with Radar,0,0,53,0,53,0,0,322,0,322,0,0,375,0,375,248,0,248,623
11/10/2010,TMB,FL,ASO,ES,Towers with Radar,0,6,42,0,48,0,1,307,0,308,0,7,349,0,356,379,0,379,735
11/11/2010,TMB,FL,ASO,ES,Towers with Radar,0,1,43,0,44,0,0,311,1,312,0,1,354,1,356,139,0,139,495
11/12/2010,TMB,FL,ASO,ES,Towers with Radar,0,4,62,0,66,0,0,244,0,244,0,4,306,0,310,193,0,193,503
11/13/2010,TMB,FL,ASO,ES,Towers with Radar,0,1,38,0,39,0,0,313,0,313,0,1,351,0,352,117,0,117,469
11/14/2010,TMB,FL,ASO,ES,Towers with Radar,0,4,55,0,59,0,0,270,0,270,0,4,325,0,329,127,0,127,456
11/15/2010,TMB,FL,ASO,ES,Towers with Radar,0,2,67,0,69,0,0,296,0,296,0,2,363,0,365,215,0,215,580
11/16/2010,TMB,FL,ASO,ES,Towers with Radar,0,4,54,0,58,0,0,280,0,280,0,4,334,0,338,207,0,207,545
11/17/2010,TMB,FL,ASO,ES,Towers with Radar,0,4,56,0,60,0,0,298,0,298,0,4,354,0,358,311,0,311,669
11/18/2010,TMB,FL,ASO,ES,Towers with Radar,1,2,85,0,88,0,0,350,0,350,1,2,435,0,438,140,0,140,578
11/19/2010,TMB,FL,ASO,ES,Towers with Radar,0,5,71,0,76,0,0,341,0,341,0,5,412,0,417,183,0,183,600
11/20/2010,TMB,FL,ASO,ES,Towers with Radar,0,3,69,0,72,0,0,348,0,348,0,3,417,0,420,230,0,230,650
11/21/2010,TMB,FL,ASO,ES,Towers with Radar,0,14,100,0,114,0,0,296,0,296,0,14,396,0,410,40,0,40,450
11/22/2010,TMB,FL,ASO,ES,Towers with Radar,0,1,63,0,64,0,0,208,0,208,0,1,271,0,272,198,0,198,470
11/23/2010,TMB,FL,ASO,ES,Towers with Radar,0,11,62,0,73,0,0,264,0,264,0,11,326,0,337,288,0,288,625
11/24/2010,TMB,FL,ASO,ES,Towers with Radar,0,10,70,0,80,0,0,333,1,334,0,10,403,1,414,229,0,229,643
11/25/2010,TMB,FL,ASO,ES,Towers with Radar,0,6,36,0,42,0,0,183,0,183,0,6,219,0,225,111,0,111,336
11/26/2010,TMB,FL,ASO,ES,Towers with Radar,0,5,39,0,44,0,0,206,0,206,0,5,245,0,250,137,0,137,387
11/27/2010,TMB,FL,ASO,ES,Towers with Radar,0,7,55,0,62,0,0,247,0,247,0,7,302,0,309,289,0,289,598
11/28/2010,TMB,FL,ASO,ES,Towers with Radar,0,18,83,0,101,0,0,201,0,201,0,18,284,0,302,99,0,99,401
11/29/2010,TMB,FL,ASO,ES,Towers with Radar,0,7,54,0,61,0,1,248,0,249,0,8,302,0,310,173,0,173,483
11/30/2010,TMB,FL,ASO,ES,Towers with Radar,0,8,40,0,48,0,0,238,0,238,0,8,278,0,286,142,0,142,428
12/01/2010,TMB,FL,ASO,ES,Towers with Radar,0,5,52,0,57,0,0,191,0,191,0,5,243,0,248,139,0,139,387
12/02/2010,TMB,FL,ASO,ES,Towers with Radar,0,12,75,0,87,0,0,268,0,268,0,12,343,0,355,125,0,125,480
12/03/2010,TMB,FL,ASO,ES,Towers with Radar,0,3,41,0,44,0,0,268,0,268,0,3,309,0,312,149,0,149,461
12/04/2010,TMB,FL,ASO,ES,Towers with Radar,0,8,44,0,52,0,0,312,0,312,0,8,356,0,364,290,0,290,654
12/05/2010,TMB,FL,ASO,ES,Towers with Radar,0,6,52,1,59,0,0,225,0,225,0,6,277,1,284,71,0,71,355
12/06/2010,TMB,FL,ASO,ES,Towers with Radar,0,6,61,0,67,0,0,245,0,245,0,6,306,0,312,114,0,114,426
12/07/2010,TMB,FL,ASO,ES,Towers with Radar,0,7,44,0,51,0,3,220,0,223,0,10,264,0,274,148,0,148,422
12/08/2010,TMB,FL,ASO,ES,Towers with Radar,2,6,41,0,49,0,1,223,0,224,2,7,264,0,273,131,0,131,404
12/09/2010,TMB,FL,ASO,ES,Towers with Radar,0,2,54,0,56,0,0,160,0,160,0,2,214,0,216,82,0,82,298
12/10/2010,TMB,FL,ASO,ES,Towers with Radar,0,3,64,0,67,0,1,283,0,284,0,4,347,0,351,209,0,209,560
12/11/2010,TMB,FL,ASO,ES,Towers with Radar,0,4,41,0,45,0,1,439,0,440,0,5,480,0,485,265,0,265,750
12/12/2010,TMB,FL,ASO,ES,Towers with Radar,0,2,30,0,32,0,0,155,0,155,0,2,185,0,187,54,0,54,241
12/13/2010,TMB,FL,ASO,ES,Towers with Radar,0,4,31,0,35,0,0,131,0,131,0,4,162,0,166,86,0,86,252
12/14/2010,TMB,FL,ASO,ES,Towers with Radar,0,3,32,0,35,0,1,173,0,174,0,4,205,0,209,61,0,61,270
12/15/2010,TMB,FL,ASO,ES,Towers with Radar,0,0,43,0,43,0,0,273,0,273,0,0,316,0,316,127,0,127,443
12/16/2010,TMB,FL,ASO,ES,Towers with Radar,0,3,47,0,50,0,2,302,0,304,0,5,349,0,354,132,0,132,486
12/17/2010,TMB,FL,ASO,ES,Towers with Radar,0,8,60,0,68,0,1,270,0,271,0,9,330,0,339,95,0,95,434
12/18/2010,TMB,FL,ASO,ES,Towers with Radar,0,9,32,0,41,0,0,109,0,109,0,9,141,0,150,88,0,88,238
12/19/2010,TMB,FL,ASO,ES,Towers with Radar,0,6,71,0,77,0,0,159,0,159,0,6,230,0,236,97,0,97,333
12/20/2010,TMB,FL,ASO,ES,Towers with Radar,0,7,61,0,68,0,0,220,0,220,0,7,281,0,288,178,0,178,466
12/21/2010,TMB,FL,ASO,ES,Towers with Radar,0,3,62,0,65,0,0,305,0,305,0,3,367,0,370,177,0,177,547
12/22/2010,TMB,FL,ASO,ES,Towers with Radar,0,10,57,0,67,0,0,283,0,283,0,10,340,0,350,97,0,97,447
12/23/2010,TMB,FL,ASO,ES,Towers with Radar,0,6,65,0,71,0,0,267,0,267,0,6,332,0,338,116,0,116,454
12/24/2010,TMB,FL,ASO,ES,Towers with Radar,0,2,31,0,33,0,0,200,0,200,0,2,231,0,233,121,0,121,354
12/25/2010,TMB,FL,ASO,ES,Towers with Radar,0,7,19,0,26,0,0,79,0,79,0,7,98,0,105,14,0,14,119
12/26/2010,TMB,FL,ASO,ES,Towers with Radar,0,31,66,0,97,0,0,92,0,92,0,31,158,0,189,9,0,9,198
12/27/2010,TMB,FL,ASO,ES,Towers with Radar,0,17,63,0,80,0,0,266,0,266,0,17,329,0,346,199,0,199,545
12/28/2010,TMB,FL,ASO,ES,Towers with Radar,0,18,82,0,100,0,0,326,2,328,0,18,408,2,428,145,0,145,573
12/29/2010,TMB,FL,ASO,ES,Towers with Radar,0,9,57,0,66,0,1,296,0,297,0,10,353,0,363,103,0,103,466
12/30/2010,TMB,FL,ASO,ES,Towers with Radar,0,3,64,0,67,0,1,313,0,314,0,4,377,0,381,161,0,161,542
12/31/2010,TMB,FL,ASO,ES,Towers with Radar,1,9,34,0,44,0,1,201,0,202,1,10,235,0,246,94,0,94,340
01/01/2011,TMB,FL,ASO,ES,Towers with Radar,0,13,33,0,46,0,0,107,0,107,0,13,140,0,153,63,0,63,216
01/02/2011,TMB,FL,ASO,ES,Towers with Radar,0,25,113,0,138,0,1,279,0,280,0,26,392,0,418,57,0,57,475
01/03/2011,TMB,FL,ASO,ES,Towers with Radar,0,15,77,0,92,0,0,186,0,186,0,15,263,0,278,100,0,100,378
01/04/2011,TMB,FL,ASO,ES,Towers with Radar,0,2,57,0,59,0,0,195,0,195,0,2,252,0,254,181,0,181,435
01/05/2011,TMB,FL,ASO,ES,Towers with Radar,0,15,36,0,51,0,0,224,0,224,0,15,260,0,275,153,0,153,428
01/06/2011,TMB,FL,ASO,ES,Towers with Radar,0,4,49,0,53,0,0,176,0,176,0,4,225,0,229,130,0,130,359
01/07/2011,TMB,FL,ASO,ES,Towers with Radar,0,4,53,0,57,0,0,274,0,274,0,4,327,0,331,137,0,137,468
01/08/2011,TMB,FL,ASO,ES,Towers with Radar,0,2,48,0,50,0,1,403,0,404,0,3,451,0,454,153,0,153,607
01/09/2011,TMB,FL,ASO,ES,Towers with Radar,0,8,58,0,66,0,0,287,0,287,0,8,345,0,353,120,0,120,473
01/10/2011,TMB,FL,ASO,ES,Towers with Radar,0,3,42,0,45,0,1,219,0,220,0,4,261,0,265,236,0,236,501
01/11/2011,TMB,FL,ASO,ES,Towers with Radar,0,6,40,0,46,0,0,202,0,202,0,6,242,0,248,118,0,118,366
01/12/2011,TMB,FL,ASO,ES,Towers with Radar,0,6,37,0,43,0,0,191,0,191,0,6,228,0,234,82,0,82,316
01/13/2011,TMB,FL,ASO,ES,Towers with Radar,0,6,53,0,59,0,1,253,0,254,0,7,306,0,313,115,0,115,428
01/14/2011,TMB,FL,ASO,ES,Towers with Radar,0,8,68,0,76,0,3,322,0,325,0,11,390,0,401,140,0,140,541
01/15/2011,TMB,FL,ASO,ES,Towers with Radar,0,6,49,0,55,0,0,305,0,305,0,6,354,0,360,133,0,133,493
01/16/2011,TMB,FL,ASO,ES,Towers with Radar,0,5,35,0,40,0,0,245,0,245,0,5,280,0,285,103,0,103,388
01/17/2011,TMB,FL,ASO,ES,Towers with Radar,0,14,45,0,59,0,3,88,0,91,0,17,133,0,150,72,0,72,222
01/18/2011,TMB,FL,ASO,ES,Towers with Radar,0,6,47,0,53,0,1,229,1,231,0,7,276,1,284,181,0,181,465
01/19/2011,TMB,FL,ASO,ES,Towers with Radar,0,3,36,0,39,0,0,241,0,241,0,3,277,0,280,145,0,145,425
01/20/2011,TMB,FL,ASO,ES,Towers with Radar,0,2,46,0,48,0,1,305,0,306,0,3,351,0,354,200,0,200,554
01/21/2011,TMB,FL,ASO,ES,Towers with Radar,0,1,49,0,50,0,0,209,0,209,0,1,258,0,259,118,0,118,377
01/22/2011,TMB,FL,ASO,ES,Towers with Radar,0,1,53,0,54,0,0,160,0,160,0,1,213,0,214,119,0,119,333
01/23/2011,TMB,FL,ASO,ES,Towers with Radar,0,5,41,0,46,0,0,248,0,248,0,5,289,0,294,100,0,100,394
01/24/2011,TMB,FL,ASO,ES,Towers with Radar,0,2,46,0,48,0,1,279,0,280,0,3,325,0,328,166,0,166,494
01/25/2011,TMB,FL,ASO,ES,Towers with Radar,0,4,35,0,39,0,0,137,0,137,0,4,172,0,176,105,0,105,281
01/26/2011,TMB,FL,ASO,ES,Towers with Radar,0,3,49,0,52,0,0,184,0,184,0,3,233,0,236,185,0,185,421
01/27/2011,TMB,FL,ASO,ES,Towers with Radar,0,6,58,0,64,0,0,348,0,348,0,6,406,0,412,121,0,121,533
01/28/2011,TMB,FL,ASO,ES,Towers with Radar,0,7,70,0,77,0,1,333,0,334,0,8,403,0,411,159,0,159,570
01/29/2011,TMB,FL,ASO,ES,Towers with Radar,0,4,47,0,51,0,0,430,0,430,0,4,477,0,481,159,0,159,640
01/30/2011,TMB,FL,ASO,ES,Towers with Radar,0,12,56,0,68,0,0,225,0,225,0,12,281,0,293,113,0,113,406
01/31/2011,TMB,FL,ASO,ES,Towers with Radar,0,4,53,0,57,0,0,252,0,252,0,4,305,0,309,170,0,170,479
02/01/2011,TMB,FL,ASO,ES,Towers with Radar,0,0,46,2,48,0,0,323,0,323,0,0,369,2,371,201,0,201,572
02/02/2011,TMB,FL,ASO,ES,Towers with Radar,0,6,42,0,48,0,0,260,0,260,0,6,302,0,308,194,0,194,502
02/03/2011,TMB,FL,ASO,ES,Towers with Radar,2,6,58,0,66,0,0,268,0,268,2,6,326,0,334,193,0,193,527
02/04/2011,TMB,FL,ASO,ES,Towers with Radar,0,6,47,0,53,0,0,283,0,283,0,6,330,0,336,190,0,190,526
02/05/2011,TMB,FL,ASO,ES,Towers with Radar,0,1,76,0,77,0,2,315,0,317,0,3,391,0,394,127,0,127,521
02/06/2011,TMB,FL,ASO,ES,Towers with Radar,0,5,56,0,61,0,0,371,0,371,0,5,427,0,432,75,0,75,507
02/07/2011,TMB,FL,ASO,ES,Towers with Radar,0,2,41,0,43,0,1,227,0,228,0,3,268,0,271,111,0,111,382
02/08/2011,TMB,FL,ASO,ES,Towers with Radar,0,7,62,0,69,0,2,304,1,307,0,9,366,1,376,190,0,190,566
02/09/2011,TMB,FL,ASO,ES,Towers with Radar,0,6,62,0,68,0,1,342,1,344,0,7,404,1,412,187,0,187,599
02/10/2011,TMB,FL,ASO,ES,Towers with Radar,0,10,66,0,76,0,0,240,0,240,0,10,306,0,316,126,0,126,442
02/11/2011,TMB,FL,ASO,ES,Towers with Radar,0,6,80,0,86,0,1,199,0,200,0,7,279,0,286,109,0,109,395
02/12/2011,TMB,FL,ASO,ES,Towers with Radar,0,8,40,0,48,0,0,151,0,151,0,8,191,0,199,125,0,125,324
02/13/2011,TMB,FL,ASO,ES,Towers with Radar,0,6,50,0,56,0,0,255,0,255,0,6,305,0,311,98,0,98,409
02/14/2011,TMB,FL,ASO,ES,Towers with Radar,0,7,50,0,57,0,2,341,0,343,0,9,391,0,400,158,0,158,558
02/15/2011,TMB,FL,ASO,ES,Towers with Radar,0,2,56,0,58,0,0,295,0,295,0,2,351,0,353,179,0,179,532
02/16/2011,TMB,FL,ASO,ES,Towers with Radar,0,4,66,0,70,0,2,300,0,302,0,6,366,0,372,249,0,249,621
02/17/2011,TMB,FL,ASO,ES,Towers with Radar,0,12,72,0,84,0,0,237,0,237,0,12,309,0,321,197,0,197,518
02/18/2011,TMB,FL,ASO,ES,Towers with Radar,1,22,69,0,92,0,0,280,0,280,1,22,349,0,372,130,0,130,502
02/19/2011,TMB,FL,ASO,ES,Towers with Radar,0,7,59,0,66,0,1,344,0,345,0,8,403,0,411,115,0,115,526
02/20/2011,TMB,FL,ASO,ES,Towers with Radar,0,11,51,0,62,0,1,222,0,223,0,12,273,0,285,96,0,96,381
02/21/2011,TMB,FL,ASO,ES,Towers with Radar,0,21,87,0,108,0,0,257,0,257,0,21,344,0,365,136,0,136,501
02/22/2011,TMB,FL,ASO,ES,Towers with Radar,0,3,67,0,70,0,0,243,0,243,0,3,310,0,313,120,0,120,433
02/23/2011,TMB,FL,ASO,ES,Towers with Radar,0,3,54,0,57,0,0,252,0,252,0,3,306,0,309,111,0,111,420
02/24/2011,TMB,FL,ASO,ES,Towers with Radar,0,2,43,0,45,0,0,245,0,245,0,2,288,0,290,211,0,211,501
02/25/2011,TMB,FL,ASO,ES,Towers with Radar,0,6,46,0,52,0,2,332,0,334,0,8,378,0,386,192,0,192,578
02/26/2011,TMB,FL,ASO,ES,Towers with Radar,0,10,51,0,61,0,0,349,0,349,0,10,400,0,410,101,0,101,511
02/27/2011,TMB,FL,ASO,ES,Towers with Radar,0,6,49,0,55,0,0,278,0,278,0,6,327,0,333,97,0,97,430
02/28/2011,TMB,FL,ASO,ES,Towers with Radar,0,3,63,0,66,0,0,253,0,253,0,3,316,0,319,191,0,191,510
03/01/2011,TMB,FL,ASO,ES,Towers with Radar,0,1,39,0,40,0,0,282,0,282,0,1,321,0,322,221,0,221,543
03/02/2011,TMB,FL,ASO,ES,Towers with Radar,0,6,56,0,62,0,0,232,0,232,0,6,288,0,294,179,0,179,473
03/03/2011,TMB,FL,ASO,ES,Towers with Radar,2,10,44,0,56,0,1,205,0,206,2,11,249,0,262,120,0,120,382
03/04/2011,TMB,FL,ASO,ES,Towers with Radar,0,12,89,0,101,0,2,170,0,172,0,14,259,0,273,78,0,78,351
03/05/2011,TMB,FL,ASO,ES,Towers with Radar,0,6,64,0,70,0,1,330,0,331,0,7,394,0,401,191,0,191,592
03/06/2011,TMB,FL,ASO,ES,Towers with Radar,0,6,37,0,43,0,0,180,0,180,0,6,217,0,223,86,0,86,309
03/07/2011,TMB,FL,ASO,ES,Towers with Radar,0,3,58,0,61,0,0,328,0,328,0,3,386,0,389,192,0,192,581
03/08/2011,TMB,FL,ASO,ES,Towers with Radar,0,8,53,0,61,0,1,330,0,331,0,9,383,0,392,198,0,198,590
03/09/2011,TMB,FL,ASO,ES,Towers with Radar,0,9,61,0,70,0,0,273,0,273,0,9,334,0,343,169,0,169,512
03/10/2011,TMB,FL,ASO,ES,Towers with Radar,0,7,31,0,38,0,0,153,0,153,0,7,184,0,191,79,0,79,270
03/11/2011,TMB,FL,ASO,ES,Towers with Radar,0,7,60,0,67,0,4,307,0,311,0,11,367,0,378,156,0,156,534
03/12/2011,TMB,FL,ASO,ES,Towers with Radar,1,10,48,0,59,0,0,392,0,392,1,10,440,0,451,126,0,126,577
03/13/2011,TMB,FL,ASO,ES,Towers with Radar,0,3,41,0,44,0,2,296,0,298,0,5,337,0,342,96,0,96,438
03/14/2011,TMB,FL,ASO,ES,Towers with Radar,0,16,64,0,80,0,2,330,0,332,0,18,394,0,412,187,0,187,599
03/15/2011,TMB,FL,ASO,ES,Towers with Radar,0,14,44,0,58,0,3,307,0,310,0,17,351,0,368,144,0,144,512
03/16/2011,TMB,FL,ASO,ES,Towers with Radar,0,7,50,0,57,0,1,259,0,260,0,8,309,0,317,257,0,257,574
03/17/2011,TMB,FL,ASO,ES,Towers with Radar,1,11,55,1,68,0,0,287,0,287,1,11,342,1,355,243,0,243,598
03/18/2011,TMB,FL,ASO,ES,Towers with Radar,0,14,52,0,66,0,3,295,0,298,0,17,347,0,364,107,0,107,471
03/19/2011,TMB,FL,ASO,ES,Towers with Radar,0,12,55,0,67,0,2,353,0,355,0,14,408,0,422,236,0,236,658
03/20/2011,TMB,FL,ASO,ES,Towers with Radar,1,7,62,0,70,0,1,266,0,267,1,8,328,0,337,84,0,84,421
03/21/2011,TMB,FL,ASO,ES,Towers with Radar,0,2,56,0,58,0,1,268,0,269,0,3,324,0,327,119,0,119,446
03/22/2011,TMB,FL,ASO,ES,Towers with Radar,0,11,47,0,58,0,0,312,0,312,0,11,359,0,370,165,0,165,535
03/23/2011,TMB,FL,ASO,ES,Towers with Radar,0,5,54,0,59,0,1,235,0,236,0,6,289,0,295,181,0,181,476
03/24/2011,TMB,FL,ASO,ES,Towers with Radar,1,4,53,0,58,0,0,306,0,306,1,4,359,0,364,114,0,114,478
03/25/2011,TMB,FL,ASO,ES,Towers with Radar,0,11,65,0,76,0,1,242,0,243,0,12,307,0,319,95,0,95,414
03/26/2011,TMB,FL,ASO,ES,Towers with Radar,0,13,54,0,67,0,22,277,0,299,0,35,331,0,366,121,0,121,487
03/27/2011,TMB,FL,ASO,ES,Towers with Radar,0,8,53,0,61,0,0,277,0,277,0,8,330,0,338,93,0,93,431
03/28/2011,TMB,FL,ASO,ES,Towers with Radar,1,9,52,0,62,0,0,235,0,235,1,9,287,0,297,202,0,202,499
03/29/2011,TMB,FL,ASO,ES,Towers with Radar,0,4,47,0,51,0,2,168,0,170,0,6,215,0,221,164,0,164,385
03/30/2011,TMB,FL,ASO,ES,Towers with Radar,0,8,52,0,60,0,1,288,0,289,0,9,340,0,349,149,0,149,498
03/31/2011,TMB,FL,ASO,ES,Towers with Radar,0,9,51,0,60,0,1,213,0,214,0,10,264,0,274,65,0,65,339
04/01/2011,TMB,FL,ASO,ES,Towers with Radar,0,5,58,0,63,0,0,226,0,226,0,5,284,0,289,181,0,181,470
04/02/2011,TMB,FL,ASO,ES,Towers with Radar,0,4,44,0,48,0,0,301,0,301,0,4,345,0,349,134,0,134,483
04/03/2011,TMB,FL,ASO,ES,Towers with Radar,0,1,54,0,55,0,0,277,0,277,0,1,331,0,332,154,0,154,486
04/04/2011,TMB,FL,ASO,ES,Towers with Radar,0,3,56,0,59,0,0,263,0,263,0,3,319,0,322,197,0,197,519
04/05/2011,TMB,FL,ASO,ES,Towers with Radar,0,3,38,0,41,0,3,142,0,145,0,6,180,0,186,150,0,150,336
04/06/2011,TMB,FL,ASO,ES,Towers with Radar,0,1,86,0,87,0,0,297,0,297,0,1,383,0,384,182,0,182,566
04/07/2011,TMB,FL,ASO,ES,Towers with Radar,0,5,80,0,85,0,1,322,0,323,0,6,402,0,408,247,0,247,655
04/08/2011,TMB,FL,ASO,ES,Towers with Radar,1,2,63,0,66,0,0,363,0,363,1,2,426,0,429,264,0,264,693
04/09/2011,TMB,FL,ASO,ES,Towers with Radar,0,1,52,2,55,0,2,396,0,398,0,3,448,2,453,145,0,145,598
04/10/2011,TMB,FL,ASO,ES,Towers with Radar,0,5,51,0,56,0,0,247,0,247,0,5,298,0,303,124,0,124,427
04/11/2011,TMB,FL,ASO,ES,Towers with Radar,0,3,61,0,64,1,0,274,0,275,1,3,335,0,339,114,0,114,453
04/12/2011,TMB,FL,ASO,ES,Towers with Radar,0,0,47,0,47,0,1,236,0,237,0,1,283,0,284,300,0,300,584
04/13/2011,TMB,FL,ASO,ES,Towers with Radar,0,6,45,0,51,0,0,277,0,277,0,6,322,0,328,223,0,223,551
04/14/2011,TMB,FL,ASO,ES,Towers with Radar,0,6,55,1,62,0,0,311,0,311,0,6,366,1,373,123,0,123,496
04/15/2011,TMB,FL,ASO,ES,Towers with Radar,0,2,46,0,48,0,0,281,0,281,0,2,327,0,329,128,0,128,457
04/16/2011,TMB,FL,ASO,ES,Towers with Radar,0,5,39,0,44,0,0,273,0,273,0,5,312,0,317,161,0,161,478
04/17/2011,TMB,FL,ASO,ES,Towers with Radar,0,4,43,0,47,0,0,227,0,227,0,4,270,0,274,102,0,102,376
04/18/2011,TMB,FL,ASO,ES,Towers with Radar,0,3,51,0,54,0,0,265,1,266,0,3,316,1,320,92,0,92,412
04/19/2011,TMB,FL,ASO,ES,Towers with Radar,0,2,53,0,55,0,0,304,0,304,0,2,357,0,359,176,0,176,535
04/20/2011,TMB,FL,ASO,ES,Towers with Radar,0,7,65,0,72,0,5,347,1,353,0,12,412,1,425,163,0,163,588
04/21/2011,TMB,FL,ASO,ES,Towers with Radar,0,13,95,0,108,0,0,344,0,344,0,13,439,0,452,137,0,137,589
04/22/2011,TMB,FL,ASO,ES,Towers with Radar,0,4,66,0,70,0,0,354,0,354,0,4,420,0,424,221,0,221,645
04/23/2011,TMB,FL,ASO,ES,Towers with Radar,0,4,61,0,65,0,0,352,0,352,0,4,413,0,417,124,0,124,541
04/24/2011,TMB,FL,ASO,ES,Towers with Radar,0,18,54,0,72,0,2,229,0,231,0,20,283,0,303,76,0,76,379
04/25/2011,TMB,FL,ASO,ES,Towers with Radar,0,19,67,0,86,0,0,225,0,225,0,19,292,0,311,93,0,93,404
04/26/2011,TMB,FL,ASO,ES,Towers with Radar,0,9,57,0,66,0,0,281,0,281,0,9,338,0,347,146,0,146,493
04/27/2011,TMB,FL,ASO,ES,Towers with Radar,0,4,59,0,63,0,0,226,0,226,0,4,285,0,289,72,0,72,361
04/28/2011,TMB,FL,ASO,ES,Towers with Radar,0,6,56,1,63,0,2,329,0,331,0,8,385,1,394,169,0,169,563
04/29/2011,TMB,FL,ASO,ES,Towers with Radar,0,9,67,2,78,0,3,197,0,200,0,12,264,2,278,96,0,96,374
04/30/2011,TMB,FL,ASO,ES,Towers with Radar,0,6,35,0,41,0,1,272,0,273,0,7,307,0,314,146,0,146,460
05/01/2011,TMB,FL,ASO,ES,Towers with Radar,0,8,42,0,50,0,2,217,0,219,0,10,259,0,269,73,0,73,342
05/02/2011,TMB,FL,ASO,ES,Towers with Radar,0,13,42,0,55,0,0,164,0,164,0,13,206,0,219,98,0,98,317
05/03/2011,TMB,FL,ASO,ES,Towers with Radar,0,6,42,0,48,0,1,239,0,240,0,7,281,0,288,98,0,98,386
05/04/2011,TMB,FL,ASO,ES,Towers with Radar,0,3,67,0,70,0,3,240,2,245,0,6,307,2,315,130,0,130,445
05/05/2011,TMB,FL,ASO,ES,Towers with Radar,0,5,39,0,44,0,0,245,0,245,0,5,284,0,289,214,0,214,503
05/06/2011,TMB,FL,ASO,ES,Towers with Radar,0,13,47,0,60,0,0,150,0,150,0,13,197,0,210,178,0,178,388
05/07/2011,TMB,FL,ASO,ES,Towers with Radar,0,6,45,0,51,0,4,335,0,339,0,10,380,0,390,148,0,148,538
05/08/2011,TMB,FL,ASO,ES,Towers with Radar,0,5,57,0,62,0,0,196,0,196,0,5,253,0,258,105,0,105,363
05/09/2011,TMB,FL,ASO,ES,Towers with Radar,0,4,64,4,72,0,1,271,3,275,0,5,335,7,347,134,0,134,481
05/10/2011,TMB,FL,ASO,ES,Towers with Radar,0,5,50,0,55,0,0,285,0,285,0,5,335,0,340,195,0,195,535
05/11/2011,TMB,FL,ASO,ES,Towers with Radar,1,7,42,0,50,0,5,252,0,257,1,12,294,0,307,171,0,171,478
05/12/2011,TMB,FL,ASO,ES,Towers with Radar,0,11,31,0,42,0,0,174,0,174,0,11,205,0,216,81,0,81,297
05/13/2011,TMB,FL,ASO,ES,Towers with Radar,0,8,68,0,76,0,2,342,0,344,0,10,410,0,420,190,0,190,610
05/14/2011,TMB,FL,ASO,ES,Towers with Radar,0,5,24,0,29,0,0,274,0,274,0,5,298,0,303,178,0,178,481
05/15/2011,TMB,FL,ASO,ES,Towers with Radar,0,10,33,0,43,0,0,132,0,132,0,10,165,0,175,79,0,79,254
05/16/2011,TMB,FL,ASO,ES,Towers with Radar,0,5,47,0,52,0,0,239,0,239,0,5,286,0,291,145,0,145,436
05/17/2011,TMB,FL,ASO,ES,Towers with Radar,0,2,47,0,49,0,1,238,0,239,0,3,285,0,288,184,0,184,472
05/18/2011,TMB,FL,ASO,ES,Towers with Radar,0,9,61,2,72,0,0,278,0,278,0,9,339,2,350,205,0,205,555
05/19/2011,TMB,FL,ASO,ES,Towers with Radar,0,3,67,0,70,0,0,280,1,281,0,3,347,1,351,194,0,194,545
05/20/2011,TMB,FL,ASO,ES,Towers with Radar,0,0,62,0,62,0,1,257,1,259,0,1,319,1,321,201,0,201,522
05/21/2011,TMB,FL,ASO,ES,Towers with Radar,0,5,46,0,51,0,0,374,0,374,0,5,420,0,425,137,0,137,562
05/22/2011,TMB,FL,ASO,ES,Towers with Radar,0,7,45,0,52,0,1,231,0,232,0,8,276,0,284,118,0,118,402
05/23/2011,TMB,FL,ASO,ES,Towers with Radar,0,8,65,0,73,0,0,236,0,236,0,8,301,0,309,171,0,171,480
05/24/2011,TMB,FL,ASO,ES,Towers with Radar,0,6,55,0,61,0,0,287,0,287,0,6,342,0,348,198,0,198,546
05/25/2011,TMB,FL,ASO,ES,Towers with Radar,0,5,59,0,64,0,0,264,0,264,0,5,323,0,328,161,0,161,489
05/26/2011,TMB,FL,ASO,ES,Towers with Radar,0,7,62,0,69,0,3,285,0,288,0,10,347,0,357,204,0,204,561
05/27/2011,TMB,FL,ASO,ES,Towers with Radar,0,14,91,0,105,0,3,225,0,228,0,17,316,0,333,195,0,195,528
05/28/2011,TMB,FL,ASO,ES,Towers with Radar,0,3,29,0,32,0,2,275,0,277,0,5,304,0,309,156,0,156,465
05/29/2011,TMB,FL,ASO,ES,Towers with Radar,0,4,38,0,42,0,2,225,0,227,0,6,263,0,269,109,0,109,378
05/30/2011,TMB,FL,ASO,ES,Towers with Radar,0,13,82,0,95,0,0,296,0,296,0,13,378,0,391,105,0,105,496
05/31/2011,TMB,FL,ASO,ES,Towers with Radar,0,10,44,0,54,0,0,284,0,284,0,10,328,0,338,201,0,201,539
06/01/2011,TMB,FL,ASO,ES,Towers with Radar,0,4,43,0,47,0,0,212,0,212,0,4,255,0,259,96,0,96,355
06/02/2011,TMB,FL,ASO,ES,Towers with Radar,0,4,55,0,59,0,0,274,2,276,0,4,329,2,335,154,0,154,489
06/03/2011,TMB,FL,ASO,ES,Towers with Radar,1,6,61,0,68,0,1,248,0,249,1,7,309,0,317,211,0,211,528
06/04/2011,TMB,FL,ASO,ES,Towers with Radar,0,4,43,0,47,0,0,340,0,340,0,4,383,0,387,172,0,172,559
06/05/2011,TMB,FL,ASO,ES,Towers with Radar,0,2,52,0,54,0,0,206,0,206,0,2,258,0,260,150,0,150,410
06/06/2011,TMB,FL,ASO,ES,Towers with Radar,0,4,57,0,61,0,0,255,0,255,0,4,312,0,316,282,0,282,598
06/07/2011,TMB,FL,ASO,ES,Towers with Radar,0,2,66,0,68,0,0,272,0,272,0,2,338,0,340,195,0,195,535
06/08/2011,TMB,FL,ASO,ES,Towers with Radar,0,4,53,0,57,0,0,294,0,294,0,4,347,0,351,276,2,278,629
06/09/2011,TMB,FL,ASO,ES,Towers with Radar,0,9,47,1,57,0,2,213,0,215,0,11,260,1,272,254,0,254,526
06/10/2011,TMB,FL,ASO,ES,Towers with Radar,0,6,46,0,52,0,5,257,1,263,0,11,303,1,315,230,0,230,545
06/11/2011,TMB,FL,ASO,ES,Towers with Radar,0,2,55,0,57,0,0,219,0,219,0,2,274,0,276,104,0,104,380
06/12/2011,TMB,FL,ASO,ES,Towers with Radar,0,8,44,0,52,0,0,191,0,191,0,8,235,0,243,78,0,78,321
06/13/2011,TMB,FL,ASO,ES,Towers with Radar,0,7,49,0,56,0,0,201,1,202,0,7,250,1,258,95,0,95,353
06/14/2011,TMB,FL,ASO,ES,Towers with Radar,0,2,66,0,68,0,0,244,0,244,0,2,310,0,312,139,0,139,451
06/15/2011,TMB,FL,ASO,ES,Towers with Radar,0,9,38,0,47,0,1,202,0,203,0,10,240,0,250,115,0,115,365
06/16/2011,TMB,FL,ASO,ES,Towers with Radar,0,8,68,1,77,0,2,307,0,309,0,10,375,1,386,234,0,234,620
06/17/2011,TMB,FL,ASO,ES,Towers with Radar,0,9,62,0,71,0,0,237,0,237,0,9,299,0,308,191,0,191,499
06/18/2011,TMB,FL,ASO,ES,Towers with Radar,0,2,45,0,47,0,0,261,0,261,0,2,306,0,308,111,0,111,419
06/19/2011,TMB,FL,ASO,ES,Towers with Radar,0,7,45,0,52,0,1,161,0,162,0,8,206,0,214,92,0,92,306
06/20/2011,TMB,FL,ASO,ES,Towers with Radar,0,3,56,0,59,0,0,173,0,173,0,3,229,0,232,178,0,178,410
06/21/2011,TMB,FL,ASO,ES,Towers with Radar,0,2,53,2,57,0,0,284,0,284,0,2,337,2,341,204,0,204,545
06/22/2011,TMB,FL,ASO,ES,Towers with Radar,0,1,52,0,53,0,1,281,0,282,0,2,333,0,335,286,0,286,621
06/23/2011,TMB,FL,ASO,ES,Towers with Radar,0,7,41,0,48,0,2,196,0,198,0,9,237,0,246,163,0,163,409
06/24/2011,TMB,FL,ASO,ES,Towers with Radar,0,7,41,0,48,0,0,195,0,195,0,7,236,0,243,147,0,147,390
06/25/2011,TMB,FL,ASO,ES,Towers with Radar,0,4,46,0,50,0,0,252,0,252,0,4,298,0,302,166,0,166,468
06/26/2011,TMB,FL,ASO,ES,Towers with Radar,0,2,30,0,32,0,0,167,0,167,0,2,197,0,199,109,0,109,308
06/27/2011,TMB,FL,ASO,ES,Towers with Radar,0,1,50,2,53,0,1,224,0,225,0,2,274,2,278,187,0,187,465
06/28/2011,TMB,FL,ASO,ES,Towers with Radar,0,2,54,0,56,0,1,188,0,189,0,3,242,0,245,203,0,203,448
06/29/2011,TMB,FL,ASO,ES,Towers with Radar,0,6,39,0,45,0,1,81,0,82,0,7,120,0,127,107,0,107,234
06/30/2011,TMB,FL,ASO,ES,Towers with Radar,0,9,60,0,69,0,0,187,0,187,0,9,247,0,256,217,0,217,473
07/01/2011,TMB,FL,ASO,ES,Towers with Radar,0,8,74,0,82,0,0,184,0,184,0,8,258,0,266,103,0,103,369
07/02/2011,TMB,FL,ASO,ES,Towers with Radar,0,8,39,0,47,0,1,229,0,230,0,9,268,0,277,176,0,176,453
07/03/2011,TMB,FL,ASO,ES,Towers with Radar,0,6,26,0,32,0,0,165,0,165,0,6,191,0,197,139,0,139,336
07/04/2011,TMB,FL,ASO,ES,Towers with Radar,0,5,57,0,62,0,0,198,0,198,0,5,255,0,260,159,0,159,419
07/05/2011,TMB,FL,ASO,ES,Towers with Radar,0,7,54,0,61,0,1,248,0,249,0,8,302,0,310,241,0,241,551
07/06/2011,TMB,FL,ASO,ES,Towers with Radar,0,2,42,0,44,0,0,75,0,75,0,2,117,0,119,121,0,121,240
07/07/2011,TMB,FL,ASO,ES,Towers with Radar,0,6,36,0,42,0,4,50,0,54,0,10,86,0,96,50,0,50,146
07/08/2011,TMB,FL,ASO,ES,Towers with Radar,0,10,52,0,62,0,0,199,0,199,0,10,251,0,261,177,0,177,438
07/09/2011,TMB,FL,ASO,ES,Towers with Radar,0,3,43,0,46,0,0,216,0,216,0,3,259,0,262,215,0,215,477
07/10/2011,TMB,FL,ASO,ES,Towers with Radar,0,7,39,0,46,0,1,176,0,177,0,8,215,0,223,127,0,127,350
07/11/2011,TMB,FL,ASO,ES,Towers with Radar,0,4,50,0,54,0,1,246,3,250,0,5,296,3,304,196,0,196,500
07/12/2011,TMB,FL,ASO,ES,Towers with Radar,0,1,41,0,42,0,0,253,0,253,0,1,294,0,295,223,0,223,518
07/13/2011,TMB,FL,ASO,ES,Towers with Radar,0,1,61,0,62,0,0,281,0,281,0,1,342,0,343,192,0,192,535
07/14/2011,TMB,FL,ASO,ES,Towers with Radar,0,10,40,0,50,0,3,305,0,308,0,13,345,0,358,220,0,220,578
07/15/2011,TMB,FL,ASO,ES,Towers with Radar,0,4,64,0,68,0,1,242,0,243,0,5,306,0,311,265,0,265,576
07/16/2011,TMB,FL,ASO,ES,Towers with Radar,0,1,54,0,55,0,0,305,0,305,0,1,359,0,360,156,0,156,516
07/17/2011,TMB,FL,ASO,ES,Towers with Radar,0,2,44,0,46,0,1,187,0,188,0,3,231,0,234,114,0,114,348
07/18/2011,TMB,FL,ASO,ES,Towers with Radar,0,5,43,0,48,0,1,232,0,233,0,6,275,0,281,139,0,139,420
07/19/2011,TMB,FL,ASO,ES,Towers with Radar,0,6,28,0,34,0,1,223,0,224,0,7,251,0,258,234,0,234,492
07/20/2011,TMB,FL,ASO,ES,Towers with Radar,0,4,44,0,48,0,0,221,0,221,0,4,265,0,269,224,0,224,493
07/21/2011,TMB,FL,ASO,ES,Towers with Radar,0,0,50,0,50,0,1,200,0,201,0,1,250,0,251,228,0,228,479
07/22/2011,TMB,FL,ASO,ES,Towers with Radar,1,0,58,0,59,0,2,237,0,239,1,2,295,0,298,162,0,162,460
07/23/2011,TMB,FL,ASO,ES,Towers with Radar,1,0,43,0,44,0,2,301,1,304,1,2,344,1,348,207,0,207,555
07/24/2011,TMB,FL,ASO,ES,Towers with Radar,0,0,35,0,35,0,2,183,1,186,0,2,218,1,221,73,0,73,294
07/25/2011,TMB,FL,ASO,ES,Towers with Radar,0,1,54,0,55,0,2,272,0,274,0,3,326,0,329,223,0,223,552
07/26/2011,TMB,FL,ASO,ES,Towers with Radar,0,6,50,11,67,0,2,257,0,259,0,8,307,11,326,255,0,255,581
07/27/2011,TMB,FL,ASO,ES,Towers with Radar,0,0,55,0,55,0,1,210,0,211,0,1,265,0,266,207,0,207,473
07/28/2011,TMB,FL,ASO,ES,Towers with Radar,0,0,49,0,49,0,2,244,0,246,0,2,293,0,295,261,0,261,556
07/29/2011,TMB,FL,ASO,ES,Towers with Radar,0,7,64,0,71,0,1,294,0,295,0,8,358,0,366,262,0,262,628
07/30/2011,TMB,FL,ASO,ES,Towers with Radar,0,4,56,0,60,0,2,275,0,277,0,6,331,0,337,150,0,150,487
07/31/2011,TMB,FL,ASO,ES,Towers with Radar,0,3,40,0,43,0,1,215,0,216,0,4,255,0,259,71,0,71,330
08/01/2011,TMB,FL,ASO,ES,Towers with Radar,0,7,33,0,40,0,0,189,0,189,0,7,222,0,229,209,0,209,438
08/02/2011,TMB,FL,ASO,ES,Towers with Radar,0,0,42,0,42,0,2,188,1,191,0,2,230,1,233,276,0,276,509
08/03/2011,TMB,FL,ASO,ES,Towers with Radar,0,7,40,0,47,0,0,297,0,297,0,7,337,0,344,211,0,211,555
08/04/2011,TMB,FL,ASO,ES,Towers with Radar,0,8,47,1,56,0,1,204,0,205,0,9,251,1,261,191,0,191,452
08/05/2011,TMB,FL,ASO,ES,Towers with Radar,0,3,46,0,49,0,0,266,0,266,0,3,312,0,315,314,0,314,629
08/06/2011,TMB,FL,ASO,ES,Towers with Radar,0,1,36,1,38,0,0,158,0,158,0,1,194,1,196,128,0,128,324
08/07/2011,TMB,FL,ASO,ES,Towers with Radar,0,0,27,0,27,0,0,111,2,113,0,0,138,2,140,110,0,110,250
08/08/2011,TMB,FL,ASO,ES,Towers with Radar,0,2,33,0,35,0,0,148,0,148,0,2,181,0,183,212,0,212,395
08/09/2011,TMB,FL,ASO,ES,Towers with Radar,0,7,32,0,39,0,2,216,0,218,0,9,248,0,257,136,0,136,393
08/10/2011,TMB,FL,ASO,ES,Towers with Radar,0,3,52,0,55,0,0,162,0,162,0,3,214,0,217,153,0,153,370
08/11/2011,TMB,FL,ASO,ES,Towers with Radar,0,3,39,0,42,0,1,217,0,218,0,4,256,0,260,219,0,219,479
08/12/2011,TMB,FL,ASO,ES,Towers with Radar,0,2,38,0,40,0,0,224,0,224,0,2,262,0,264,197,0,197,461
08/13/2011,TMB,FL,ASO,ES,Towers with Radar,0,4,30,0,34,0,0,295,0,295,0,4,325,0,329,112,0,112,441
08/14/2011,TMB,FL,ASO,ES,Towers with Radar,0,5,36,0,41,0,0,163,0,163,0,5,199,0,204,89,0,89,293
08/15/2011,TMB,FL,ASO,ES,Towers with Radar,0,4,42,0,46,0,3,177,0,180,0,7,219,0,226,206,0,206,432
08/16/2011,TMB,FL,ASO,ES,Towers with Radar,0,6,34,0,40,0,0,231,0,231,0,6,265,0,271,235,0,235,506
08/17/2011,TMB,FL,ASO,ES,Towers with Radar,0,0,36,0,36,0,8,251,1,260,0,8,287,1,296,333,0,333,629
08/18/2011,TMB,FL,ASO,ES,Towers with Radar,0,1,42,0,43,0,0,226,0,226,0,1,268,0,269,190,0,190,459
08/19/2011,TMB,FL,ASO,ES,Towers with Radar,1,3,45,1,50,0,0,165,0,165,1,3,210,1,215,94,0,94,309
08/20/2011,TMB,FL,ASO,ES,Towers with Radar,0,1,39,0,40,0,0,286,0,286,0,1,325,0,326,238,0,238,564
08/21/2011,TMB,FL,ASO,ES,Towers with Radar,1,6,36,0,43,0,1,233,0,234,1,7,269,0,277,82,0,82,359
08/22/2011,TMB,FL,ASO,ES,Towers with Radar,0,7,53,0,60,0,0,183,0,183,0,7,236,0,243,218,0,218,461
08/23/2011,TMB,FL,ASO,ES,Towers with Radar,0,4,55,0,59,0,0,236,0,236,0,4,291,0,295,175,0,175,470
08/24/2011,TMB,FL,ASO,ES,Towers with Radar,0,0,42,0,42,0,0,222,0,222,0,0,264,0,264,223,0,223,487
08/25/2011,TMB,FL,ASO,ES,Towers with Radar,0,2,14,0,16,0,0,30,0,30,0,2,44,0,46,22,0,22,68
08/26/2011,TMB,FL,ASO,ES,Towers with Radar,0,5,25,0,30,0,0,220,0,220,0,5,245,0,250,109,0,109,359
08/27/2011,TMB,FL,ASO,ES,Towers with Radar,0,0,32,0,32,0,0,260,0,260,0,0,292,0,292,181,0,181,473
08/28/2011,TMB,FL,ASO,ES,Towers with Radar,0,0,33,0,33,0,0,221,0,221,0,0,254,0,254,120,0,120,374
08/29/2011,TMB,FL,ASO,ES,Towers with Radar,0,5,36,0,41,0,0,126,0,126,0,5,162,0,167,111,0,111,278
08/30/2011,TMB,FL,ASO,ES,Towers with Radar,0,0,52,0,52,0,0,170,0,170,0,0,222,0,222,207,0,207,429
08/31/2011,TMB,FL,ASO,ES,Towers with Radar,0,2,39,0,41,0,0,243,0,243,0,2,282,0,284,288,0,288,572
09/01/2011,TMB,FL,ASO,ES,Towers with Radar,0,5,50,0,55,0,0,232,0,232,0,5,282,0,287,206,0,206,493
09/02/2011,TMB,FL,ASO,ES,Towers with Radar,0,6,65,0,71,0,0,246,0,246,0,6,311,0,317,176,0,176,493
09/03/2011,TMB,FL,ASO,ES,Towers with Radar,0,4,38,0,42,0,1,266,0,267,0,5,304,0,309,195,0,195,504
09/04/2011,TMB,FL,ASO,ES,Towers with Radar,0,7,28,0,35,0,0,168,0,168,0,7,196,0,203,82,0,82,285
09/05/2011,TMB,FL,ASO,ES,Towers with Radar,0,10,66,0,76,0,0,288,1,289,0,10,354,1,365,185,0,185,550
09/06/2011,TMB,FL,ASO,ES,Towers with Radar,0,2,49,0,51,0,0,273,0,273,0,2,322,0,324,189,0,189,513
09/07/2011,TMB,FL,ASO,ES,Towers with Radar,0,7,41,0,48,0,0,220,0,220,0,7,261,0,268,320,0,320,588
09/08/2011,TMB,FL,ASO,ES,Towers with Radar,0,6,37,0,43,0,1,243,0,244,0,7,280,0,287,232,0,232,519
09/09/2011,TMB,FL,ASO,ES,Towers with Radar,0,1,42,0,43,0,0,222,1,223,0,1,264,1,266,207,0,207,473
09/10/2011,TMB,FL,ASO,ES,Towers with Radar,0,2,34,0,36,0,0,301,1,302,0,2,335,1,338,158,0,158,496
09/11/2011,TMB,FL,ASO,ES,Towers with Radar,0,1,35,0,36,0,0,213,0,213,0,1,248,0,249,152,0,152,401
09/12/2011,TMB,FL,ASO,ES,Towers with Radar,0,2,35,0,37,0,0,184,0,184,0,2,219,0,221,374,0,374,595
09/13/2011,TMB,FL,ASO,ES,Towers with Radar,0,2,38,0,40,0,1,196,1,198,0,3,234,1,238,253,0,253,491
09/14/2011,TMB,FL,ASO,ES,Towers with Radar,0,1,36,0,37,0,1,265,0,266,0,2,301,0,303,197,0,197,500
09/15/2011,TMB,FL,ASO,ES,Towers with Radar,0,1,63,0,64,0,0,279,0,279,0,1,342,0,343,216,0,216,559
09/16/2011,TMB,FL,ASO,ES,Towers with Radar,0,1,49,0,50,0,0,272,0,272,0,1,321,0,322,287,0,287,609
09/17/2011,TMB,FL,ASO,ES,Towers with Radar,0,3,40,0,43,0,1,350,0,351,0,4,390,0,394,214,0,214,608
09/18/2011,TMB,FL,ASO,ES,Towers with Radar,0,1,40,0,41,0,0,203,0,203,0,1,243,0,244,169,0,169,413
09/19/2011,TMB,FL,ASO,ES,Towers with Radar,0,4,44,0,48,0,0,227,0,227,0,4,271,0,275,276,0,276,551
09/20/2011,TMB,FL,ASO,ES,Towers with Radar,0,0,53,0,53,0,0,255,0,255,0,0,308,0,308,272,0,272,580
09/21/2011,TMB,FL,ASO,ES,Towers with Radar,0,3,43,0,46,0,0,249,0,249,0,3,292,0,295,210,0,210,505
09/22/2011,TMB,FL,ASO,ES,Towers with Radar,0,5,40,0,45,0,0,179,0,179,0,5,219,0,224,271,0,271,495
09/23/2011,TMB,FL,ASO,ES,Towers with Radar,0,1,51,0,52,0,1,187,0,188,0,2,238,0,240,197,0,197,437
09/24/2011,TMB,FL,ASO,ES,Towers with Radar,0,4,40,0,44,0,0,233,0,233,0,4,273,0,277,173,0,173,450
09/25/2011,TMB,FL,ASO,ES,Towers with Radar,0,5,34,0,39,0,0,119,0,119,0,5,153,0,158,197,0,197,355
09/26/2011,TMB,FL,ASO,ES,Towers with Radar,0,5,42,0,47,0,0,179,0,179,0,5,221,0,226,220,0,220,446
09/27/2011,TMB,FL,ASO,ES,Towers with Radar,0,1,51,0,52,0,2,269,0,271,0,3,320,0,323,184,0,184,507
09/28/2011,TMB,FL,ASO,ES,Towers with Radar,2,4,34,0,40,0,0,309,0,309,2,4,343,0,349,222,0,222,571
09/29/2011,TMB,FL,ASO,ES,Towers with Radar,0,5,50,2,57,0,0,253,1,254,0,5,303,3,311,297,0,297,608
09/30/2011,TMB,FL,ASO,ES,Towers with Radar,0,1,44,0,45,0,0,307,2,309,0,1,351,2,354,328,0,328,682
10/01/2011,TMB,FL,ASO,ES,Towers with Radar,0,0,49,0,49,0,0,391,0,391,0,0,440,0,440,161,0,161,601
10/02/2011,TMB,FL,ASO,ES,Towers with Radar,0,1,31,0,32,0,1,230,0,231,0,2,261,0,263,128,0,128,391
10/03/2011,TMB,FL,ASO,ES,Towers with Radar,0,4,37,0,41,0,0,229,0,229,0,4,266,0,270,327,0,327,597
10/04/2011,TMB,FL,ASO,ES,Towers with Radar,0,4,42,0,46,0,2,244,0,246,0,6,286,0,292,263,0,263,555
10/05/2011,TMB,FL,ASO,ES,Towers with Radar,0,0,62,0,62,0,1,210,0,211,0,1,272,0,273,186,0,186,459
10/06/2011,TMB,FL,ASO,ES,Towers with Radar,0,2,44,0,46,0,2,226,0,228,0,4,270,0,274,150,0,150,424
10/07/2011,TMB,FL,ASO,ES,Towers with Radar,0,3,40,0,43,0,0,175,0,175,0,3,215,0,218,168,0,168,386
10/08/2011,TMB,FL,ASO,ES,Towers with Radar,0,1,15,0,16,0,0,50,0,50,0,1,65,0,66,43,0,43,109
10/09/2011,TMB,FL,ASO,ES,Towers with Radar,0,3,23,0,26,0,0,107,0,107,0,3,130,0,133,46,0,46,179
10/10/2011,TMB,FL,ASO,ES,Towers with Radar,0,5,37,0,42,0,0,314,0,314,0,5,351,0,356,264,0,264,620
10/11/2011,TMB,FL,ASO,ES,Towers with Radar,1,2,68,0,71,0,0,283,0,283,1,2,351,0,354,239,0,239,593
10/12/2011,TMB,FL,ASO,ES,Towers with Radar,0,1,42,0,43,0,0,247,0,247,0,1,289,0,290,285,0,285,575
10/13/2011,TMB,FL,ASO,ES,Towers with Radar,0,5,55,0,60,0,1,242,1,244,0,6,297,1,304,270,0,270,574
10/14/2011,TMB,FL,ASO,ES,Towers with Radar,0,1,50,0,51,0,0,273,0,273,0,1,323,0,324,284,0,284,608
10/15/2011,TMB,FL,ASO,ES,Towers with Radar,0,5,44,0,49,0,0,195,0,195,0,5,239,0,244,199,0,199,443
10/16/2011,TMB,FL,ASO,ES,Towers with Radar,0,5,40,0,45,0,0,49,0,49,0,5,89,0,94,32,0,32,126
10/17/2011,TMB,FL,ASO,ES,Towers with Radar,0,3,45,0,48,0,0,47,0,47,0,3,92,0,95,72,0,72,167
10/18/2011,TMB,FL,ASO,ES,Towers with Radar,0,4,17,0,21,0,0,50,0,50,0,4,67,0,71,123,0,123,194
10/19/2011,TMB,FL,ASO,ES,Towers with Radar,0,4,19,0,23,0,0,32,0,32,0,4,51,0,55,169,0,169,224
10/20/2011,TMB,FL,ASO,ES,Towers with Radar,0,7,59,0,66,0,0,278,0,278,0,7,337,0,344,262,0,262,606
10/21/2011,TMB,FL,ASO,ES,Towers with Radar,0,0,66,0,66,0,1,317,1,319,0,1,383,1,385,161,0,161,546
10/22/2011,TMB,FL,ASO,ES,Towers with Radar,0,2,40,0,42,0,1,395,0,396,0,3,435,0,438,179,0,179,617
10/23/2011,TMB,FL,ASO,ES,Towers with Radar,0,6,44,0,50,0,0,172,0,172,0,6,216,0,222,184,0,184,406
10/24/2011,TMB,FL,ASO,ES,Towers with Radar,0,6,44,0,50,0,0,236,0,236,0,6,280,0,286,188,0,188,474
10/25/2011,TMB,FL,ASO,ES,Towers with Radar,0,0,54,0,54,0,0,260,1,261,0,0,314,1,315,295,0,295,610
10/26/2011,TMB,FL,ASO,ES,Towers with Radar,0,1,80,2,83,0,2,273,1,276,0,3,353,3,359,240,0,240,599
10/27/2011,TMB,FL,ASO,ES,Towers with Radar,0,6,38,2,46,0,0,232,0,232,0,6,270,2,278,272,0,272,550
10/28/2011,TMB,FL,ASO,ES,Towers with Radar,0,6,49,0,55,0,0,220,0,220,0,6,269,0,275,321,0,321,596
10/29/2011,TMB,FL,ASO,ES,Towers with Radar,0,6,27,1,34,0,0,179,0,179,0,6,206,1,213,36,0,36,249
10/30/2011,TMB,FL,ASO,ES,Towers with Radar,0,10,38,1,49,0,0,36,0,36,0,10,74,1,85,11,0,11,96
10/31/2011,TMB,FL,ASO,ES,Towers with Radar,0,8,32,0,40,0,0,103,0,103,0,8,135,0,143,206,0,206,349
11/01/2011,TMB,FL,ASO,ES,Towers with Radar,0,9,65,0,74,0,0,247,0,247,0,9,312,0,321,168,0,168,489
11/02/2011,TMB,FL,ASO,ES,Towers with Radar,0,3,60,0,63,0,0,213,0,213,0,3,273,0,276,167,0,167,443
11/03/2011,TMB,FL,ASO,ES,Towers with Radar,0,9,35,0,44,0,3,314,0,317,0,12,349,0,361,246,0,246,607
11/04/2011,TMB,FL,ASO,ES,Towers with Radar,0,2,64,0,66,0,1,311,0,312,0,3,375,0,378,187,0,187,565
11/05/2011,TMB,FL,ASO,ES,Towers with Radar,0,9,39,0,48,0,0,365,0,365,0,9,404,0,413,124,0,124,537
11/06/2011,TMB,FL,ASO,ES,Towers with Radar,0,9,61,0,70,0,0,233,0,233,0,9,294,0,303,151,0,151,454
11/07/2011,TMB,FL,ASO,ES,Towers with Radar,0,7,49,1,57,0,0,316,1,317,0,7,365,2,374,366,0,366,740
11/08/2011,TMB,FL,ASO,ES,Towers with Radar,0,3,54,0,57,0,1,263,0,264,0,4,317,0,321,326,0,326,647
11/09/2011,TMB,FL,ASO,ES,Towers with Radar,2,11,48,2,63,0,0,266,0,266,2,11,314,2,329,260,0,260,589
11/10/2011,TMB,FL,ASO,ES,Towers with Radar,0,15,42,0,57,0,0,315,0,315,0,15,357,0,372,186,0,186,558
11/11/2011,TMB,FL,ASO,ES,Towers with Radar,0,13,59,0,72,0,0,277,0,277,0,13,336,0,349,221,0,221,570
11/12/2011,TMB,FL,ASO,ES,Towers with Radar,0,2,25,0,27,0,0,337,0,337,0,2,362,0,364,186,0,186,550
11/13/2011,TMB,FL,ASO,ES,Towers with Radar,0,8,49,0,57,0,5,215,0,220,0,13,264,0,277,115,0,115,392
11/14/2011,TMB,FL,ASO,ES,Towers with Radar,0,6,60,0,66,0,0,209,0,209,0,6,269,0,275,322,0,322,597
11/15/2011,TMB,FL,ASO,ES,Towers with Radar,0,6,66,0,72,0,11,230,0,241,0,17,296,0,313,212,0,212,525
11/16/2011,TMB,FL,ASO,ES,Towers with Radar,0,3,54,0,57,0,0,303,0,303,0,3,357,0,360,262,0,262,622
11/17/2011,TMB,FL,ASO,ES,Towers with Radar,0,2,78,0,80,0,5,269,0,274,0,7,347,0,354,322,0,322,676
11/18/2011,TMB,FL,ASO,ES,Towers with Radar,0,12,66,3,81,0,0,109,0,109,0,12,175,3,190,31,0,31,221
11/19/2011,TMB,FL,ASO,ES,Towers with Radar,0,9,48,0,57,0,2,253,0,255,0,11,301,0,312,144,0,144,456
11/20/2011,TMB,FL,ASO,ES,Towers with Radar,0,10,90,0,100,0,0,210,1,211,0,10,300,1,311,99,0,99,410
11/21/2011,TMB,FL,ASO,ES,Towers with Radar,0,6,51,0,57,0,0,288,0,288,0,6,339,0,345,296,0,296,641
11/22/2011,TMB,FL,ASO,ES,Towers with Radar,0,11,66,0,77,0,0,288,0,288,0,11,354,0,365,315,0,315,680
11/23/2011,TMB,FL,ASO,ES,Towers with Radar,0,8,76,1,85,0,5,371,1,377,0,13,447,2,462,257,0,257,719
11/24/2011,TMB,FL,ASO,ES,Towers with Radar,0,4,31,0,35,0,0,207,0,207,0,4,238,0,242,197,0,197,439
11/25/2011,TMB,FL,ASO,ES,Towers with Radar,1,2,46,0,49,0,3,221,0,224,1,5,267,0,273,131,0,131,404
11/26/2011,TMB,FL,ASO,ES,Towers with Radar,0,3,43,0,46,0,0,267,0,267,0,3,310,0,313,134,0,134,447
11/27/2011,TMB,FL,ASO,ES,Towers with Radar,0,14,70,0,84,0,0,203,0,203,0,14,273,0,287,56,0,56,343
11/28/2011,TMB,FL,ASO,ES,Towers with Radar,0,7,53,2,62,0,0,236,0,236,0,7,289,2,298,178,0,178,476
11/29/2011,TMB,FL,ASO,ES,Towers with Radar,1,3,49,0,53,0,2,257,0,259,1,5,306,0,312,181,0,181,493
11/30/2011,TMB,FL,ASO,ES,Towers with Radar,0,6,42,0,48,0,1,269,0,270,0,7,311,0,318,140,0,140,458
12/01/2011,TMB,FL,ASO,ES,Towers with Radar,0,11,55,0,66,0,0,307,0,307,0,11,362,0,373,181,0,181,554
12/02/2011,TMB,FL,ASO,ES,Towers with Radar,0,8,49,0,57,0,0,282,0,282,0,8,331,0,339,202,0,202,541
12/03/2011,TMB,FL,ASO,ES,Towers with Radar,0,6,54,0,60,0,0,258,0,258,0,6,312,0,318,97,0,97,415
12/04/2011,TMB,FL,ASO,ES,Towers with Radar,0,5,48,0,53,0,0,187,1,188,0,5,235,1,241,89,0,89,330
12/05/2011,TMB,FL,ASO,ES,Towers with Radar,0,8,55,0,63,0,2,270,0,272,0,10,325,0,335,192,0,192,527
12/06/2011,TMB,FL,ASO,ES,Towers with Radar,0,2,51,0,53,0,0,335,0,335,0,2,386,0,388,197,0,197,585
12/07/2011,TMB,FL,ASO,ES,Towers with Radar,0,0,41,0,41,0,2,282,0,284,0,2,323,0,325,277,0,277,602
12/08/2011,TMB,FL,ASO,ES,Towers with Radar,0,4,46,0,50,0,0,255,0,255,0,4,301,0,305,162,0,162,467
12/09/2011,TMB,FL,ASO,ES,Towers with Radar,0,3,87,0,90,0,0,229,0,229,0,3,316,0,319,173,0,173,492
12/10/2011,TMB,FL,ASO,ES,Towers with Radar,0,2,43,0,45,0,0,264,0,264,0,2,307,0,309,192,0,192,501
12/11/2011,TMB,FL,ASO,ES,Towers with Radar,0,6,59,0,65,0,0,168,0,168,0,6,227,0,233,62,0,62,295
12/12/2011,TMB,FL,ASO,ES,Towers with Radar,0,3,63,0,66,0,2,248,0,250,0,5,311,0,316,151,0,151,467
12/13/2011,TMB,FL,ASO,ES,Towers with Radar,0,4,60,0,64,0,5,221,0,226,0,9,281,0,290,213,0,213,503
12/14/2011,TMB,FL,ASO,ES,Towers with Radar,0,7,48,0,55,0,2,232,0,234,0,9,280,0,289,224,0,224,513
12/15/2011,TMB,FL,ASO,ES,Towers with Radar,1,5,47,0,53,0,0,256,0,256,1,5,303,0,309,203,0,203,512
12/16/2011,TMB,FL,ASO,ES,Towers with Radar,0,9,53,0,62,0,0,229,0,229,0,9,282,0,291,215,0,215,506
12/17/2011,TMB,FL,ASO,ES,Towers with Radar,0,4,40,0,44,0,0,289,0,289,0,4,329,0,333,214,0,214,547
12/18/2011,TMB,FL,ASO,ES,Towers with Radar,0,3,39,0,42,0,0,222,0,222,0,3,261,0,264,176,0,176,440
12/19/2011,TMB,FL,ASO,ES,Towers with Radar,0,2,52,0,54,0,0,262,0,262,0,2,314,0,316,258,0,258,574
12/20/2011,TMB,FL,ASO,ES,Towers with Radar,0,10,30,0,40,0,0,222,0,222,0,10,252,0,262,196,0,196,458
12/21/2011,TMB,FL,ASO,ES,Towers with Radar,1,3,50,0,54,0,1,234,0,235,1,4,284,0,289,218,0,218,507
12/22/2011,TMB,FL,ASO,ES,Towers with Radar,0,5,65,0,70,0,0,275,0,275,0,5,340,0,345,221,0,221,566
12/23/2011,TMB,FL,ASO,ES,Towers with Radar,2,4,54,0,60,0,0,208,0,208,2,4,262,0,268,225,0,225,493
12/24/2011,TMB,FL,ASO,ES,Towers with Radar,0,8,25,0,33,0,0,189,0,189,0,8,214,0,222,158,0,158,380
12/25/2011,TMB,FL,ASO,ES,Towers with Radar,0,6,5,0,11,0,0,47,0,47,0,6,52,0,58,4,0,4,62
12/26/2011,TMB,FL,ASO,ES,Towers with Radar,0,17,82,0,99,0,0,323,0,323,0,17,405,0,422,273,0,273,695
12/27/2011,TMB,FL,ASO,ES,Towers with Radar,0,18,57,0,75,0,0,244,0,244,0,18,301,0,319,240,0,240,559
12/28/2011,TMB,FL,ASO,ES,Towers with Radar,0,15,53,0,68,0,0,288,0,288,0,15,341,0,356,84,0,84,440
12/29/2011,TMB,FL,ASO,ES,Towers with Radar,0,8,60,2,70,0,0,254,0,254,0,8,314,2,324,160,0,160,484
12/30/2011,TMB,FL,ASO,ES,Towers with Radar,0,4,60,0,64,0,0,283,1,284,0,4,343,1,348,142,0,142,490
12/31/2011,TMB,FL,ASO,ES,Towers with Radar,0,7,23,0,30,0,0,247,0,247,0,7,270,0,277,102,0,102,379
01/01/2012,TMB,FL,ASO,ES,Towers with Radar,0,10,31,0,41,0,1,86,0,87,0,11,117,0,128,32,0,32,160
01/02/2012,TMB,FL,ASO,ES,Towers with Radar,0,24,55,0,79,0,0,331,0,331,0,24,386,0,410,124,0,124,534
01/03/2012,TMB,FL,ASO,ES,Towers with Radar,0,15,26,1,42,0,0,95,0,95,0,15,121,1,137,24,0,24,161
01/04/2012,TMB,FL,ASO,ES,Towers with Radar,0,1,53,0,54,0,0,215,0,215,0,1,268,0,269,137,0,137,406
01/05/2012,TMB,FL,ASO,ES,Towers with Radar,0,2,37,0,39,0,2,292,0,294,0,4,329,0,333,165,0,165,498
01/06/2012,TMB,FL,ASO,ES,Towers with Radar,2,5,49,0,56,0,2,285,0,287,2,7,334,0,343,213,0,213,556
01/07/2012,TMB,FL,ASO,ES,Towers with Radar,0,2,41,0,43,0,1,227,0,228,0,3,268,0,271,73,0,73,344
01/08/2012,TMB,FL,ASO,ES,Towers with Radar,0,10,32,3,45,0,2,248,0,250,0,12,280,3,295,72,0,72,367
01/09/2012,TMB,FL,ASO,ES,Towers with Radar,0,10,41,0,51,0,0,248,0,248,0,10,289,0,299,151,0,151,450
01/10/2012,TMB,FL,ASO,ES,Towers with Radar,0,8,41,0,49,0,1,263,0,264,0,9,304,0,313,188,0,188,501
01/11/2012,TMB,FL,ASO,ES,Towers with Radar,0,8,32,0,40,0,0,167,0,167,0,8,199,0,207,141,0,141,348
01/12/2012,TMB,FL,ASO,ES,Towers with Radar,0,14,48,0,62,0,0,203,0,203,0,14,251,0,265,183,0,183,448
01/13/2012,TMB,FL,ASO,ES,Towers with Radar,0,6,71,0,77,0,1,285,0,286,0,7,356,0,363,212,0,212,575
01/14/2012,TMB,FL,ASO,ES,Towers with Radar,0,3,36,0,39,0,0,275,0,275,0,3,311,0,314,116,0,116,430
01/15/2012,TMB,FL,ASO,ES,Towers with Radar,0,8,47,1,56,0,0,190,2,192,0,8,237,3,248,81,0,81,329
01/16/2012,TMB,FL,ASO,ES,Towers with Radar,0,11,62,0,73,0,6,231,0,237,0,17,293,0,310,164,0,164,474
01/17/2012,TMB,FL,ASO,ES,Towers with Radar,0,3,49,0,52,0,2,304,0,306,0,5,353,0,358,163,0,163,521
01/18/2012,TMB,FL,ASO,ES,Towers with Radar,0,5,68,0,73,0,0,269,0,269,0,5,337,0,342,225,0,225,567
01/19/2012,TMB,FL,ASO,ES,Towers with Radar,0,8,70,2,80,0,1,254,0,255,0,9,324,2,335,229,0,229,564
01/20/2012,TMB,FL,ASO,ES,Towers with Radar,0,2,64,0,66,0,0,336,0,336,0,2,400,0,402,223,0,223,625
01/21/2012,TMB,FL,ASO,ES,Towers with Radar,0,4,52,2,58,0,1,361,0,362,0,5,413,2,420,123,0,123,543
01/22/2012,TMB,FL,ASO,ES,Towers with Radar,0,2,31,0,33,0,0,215,0,215,0,2,246,0,248,137,0,137,385
01/23/2012,TMB,FL,ASO,ES,Towers with Radar,0,9,56,0,65,0,1,252,0,253,0,10,308,0,318,182,0,182,500
01/24/2012,TMB,FL,ASO,ES,Towers with Radar,0,6,57,0,63,0,0,274,0,274,0,6,331,0,337,190,0,190,527
01/25/2012,TMB,FL,ASO,ES,Towers with Radar,0,3,53,0,56,0,0,311,0,311,0,3,364,0,367,255,0,255,622
01/26/2012,TMB,FL,ASO,ES,Towers with Radar,0,4,54,0,58,0,2,286,0,288,0,6,340,0,346,221,0,221,567
01/27/2012,TMB,FL,ASO,ES,Towers with Radar,0,0,67,0,67,0,0,238,1,239,0,0,305,1,306,177,0,177,483
01/28/2012,TMB,FL,ASO,ES,Towers with Radar,0,4,34,0,38,0,0,267,0,267,0,4,301,0,305,238,0,238,543
01/29/2012,TMB,FL,ASO,ES,Towers with Radar,0,9,73,0,82,0,0,159,0,159,0,9,232,0,241,234,0,234,475
01/30/2012,TMB,FL,ASO,ES,Towers with Radar,0,4,63,0,67,0,0,228,0,228,0,4,291,0,295,170,0,170,465
01/31/2012,TMB,FL,ASO,ES,Towers with Radar,0,10,60,0,70,0,15,255,0,270,0,25,315,0,340,141,0,141,481
02/01/2012,TMB,FL,ASO,ES,Towers with Radar,0,5,65,2,72,0,34,259,0,293,0,39,324,2,365,245,0,245,610
02/02/2012,TMB,FL,ASO,ES,Towers with Radar,0,7,54,0,61,0,0,299,0,299,0,7,353,0,360,274,0,274,634
02/03/2012,TMB,FL,ASO,ES,Towers with Radar,0,4,65,0,69,0,1,271,0,272,0,5,336,0,341,314,0,314,655
02/04/2012,TMB,FL,ASO,ES,Towers with Radar,0,2,33,0,35,0,0,300,0,300,0,2,333,0,335,288,0,288,623
02/05/2012,TMB,FL,ASO,ES,Towers with Radar,0,7,44,0,51,0,0,202,0,202,0,7,246,0,253,168,0,168,421
02/06/2012,TMB,FL,ASO,ES,Towers with Radar,0,9,52,0,61,0,2,116,0,118,0,11,168,0,179,165,0,165,344
02/07/2012,TMB,FL,ASO,ES,Towers with Radar,0,7,55,0,62,0,2,139,0,141,0,9,194,0,203,104,0,104,307
02/08/2012,TMB,FL,ASO,ES,Towers with Radar,0,11,68,2,81,0,0,61,0,61,0,11,129,2,142,110,0,110,252
02/09/2012,TMB,FL,ASO,ES,Towers with Radar,0,6,61,0,67,0,0,213,0,213,0,6,274,0,280,240,0,240,520
02/10/2012,TMB,FL,ASO,ES,Towers with Radar,0,12,63,0,75,0,0,214,0,214,0,12,277,0,289,271,0,271,560
02/11/2012,TMB,FL,ASO,ES,Towers with Radar,0,1,29,0,30,0,0,257,0,257,0,1,286,0,287,212,0,212,499
02/12/2012,TMB,FL,ASO,ES,Towers with Radar,0,6,47,0,53,0,0,166,0,166,0,6,213,0,219,65,0,65,284
02/13/2012,TMB,FL,ASO,ES,Towers with Radar,0,4,40,0,44,0,0,328,0,328,0,4,368,0,372,225,0,225,597
02/14/2012,TMB,FL,ASO,ES,Towers with Radar,0,4,44,0,48,0,0,307,0,307,0,4,351,0,355,192,0,192,547
02/15/2012,TMB,FL,ASO,ES,Towers with Radar,0,14,56,0,70,0,2,298,0,300,0,16,354,0,370,308,0,308,678
02/16/2012,TMB,FL,ASO,ES,Towers with Radar,2,17,58,0,77,0,0,310,0,310,2,17,368,0,387,207,0,207,594
02/17/2012,TMB,FL,ASO,ES,Towers with Radar,0,11,97,0,108,0,0,306,0,306,0,11,403,0,414,346,0,346,760
02/18/2012,TMB,FL,ASO,ES,Towers with Radar,0,10,60,0,70,0,0,370,0,370,0,10,430,0,440,316,0,316,756
02/19/2012,TMB,FL,ASO,ES,Towers with Radar,0,5,67,0,72,0,0,188,0,188,0,5,255,0,260,89,0,89,349
02/20/2012,TMB,FL,ASO,ES,Towers with Radar,0,16,110,0,126,0,0,344,0,344,0,16,454,0,470,286,0,286,756
02/21/2012,TMB,FL,ASO,ES,Towers with Radar,0,8,51,1,60,0,0,279,1,280,0,8,330,2,340,268,0,268,608
02/22/2012,TMB,FL,ASO,ES,Towers with Radar,0,4,56,1,61,0,6,287,1,294,0,10,343,2,355,316,0,316,671
02/23/2012,TMB,FL,ASO,ES,Towers with Radar,0,6,32,0,38,0,1,141,0,142,0,7,173,0,180,185,0,185,365
02/24/2012,TMB,FL,ASO,ES,Towers with Radar,0,4,67,0,71,0,0,331,0,331,0,4,398,0,402,261,0,261,663
02/25/2012,TMB,FL,ASO,ES,Towers with Radar,0,2,54,0,56,0,1,279,0,280,0,3,333,0,336,264,0,264,600
02/26/2012,TMB,FL,ASO,ES,Towers with Radar,0,9,61,0,70,0,0,115,0,115,0,9,176,0,185,92,0,92,277
02/27/2012,TMB,FL,ASO,ES,Towers with Radar,0,7,57,0,64,0,1,246,0,247,0,8,303,0,311,321,0,321,632
02/28/2012,TMB,FL,ASO,ES,Towers with Radar,0,6,74,0,80,0,0,335,0,335,0,6,409,0,415,402,0,402,817
02/29/2012,TMB,FL,ASO,ES,Towers with Radar,0,5,62,0,67,0,4,222,0,226,0,9,284,0,293,377,0,377,670
03/01/2012,TMB,FL,ASO,ES,Towers with Radar,0,2,60,0,62,0,1,264,0,265,0,3,324,0,327,248,0,248,575
03/02/2012,TMB,FL,ASO,ES,Towers with Radar,0,8,71,3,82,0,0,287,1,288,0,8,358,4,370,303,0,303,673
03/03/2012,TMB,FL,ASO,ES,Towers with Radar,0,4,37,0,41,0,0,302,0,302,0,4,339,0,343,199,0,199,542
03/04/2012,TMB,FL,ASO,ES,Towers with Radar,0,11,32,0,43,0,1,74,0,75,0,12,106,0,118,22,0,22,140
03/05/2012,TMB,FL,ASO,ES,Towers with Radar,0,10,42,0,52,0,1,272,0,273,0,11,314,0,325,224,0,224,549
03/06/2012,TMB,FL,ASO,ES,Towers with Radar,0,4,35,0,39,0,1,136,0,137,0,5,171,0,176,82,0,82,258
03/07/2012,TMB,FL,ASO,ES,Towers with Radar,0,12,33,0,45,0,0,112,0,112,0,12,145,0,157,50,0,50,207
03/08/2012,TMB,FL,ASO,ES,Towers with Radar,0,9,59,0,68,0,4,251,2,257,0,13,310,2,325,141,0,141,466
03/09/2012,TMB,FL,ASO,ES,Towers with Radar,0,9,84,0,93,0,0,371,0,371,0,9,455,0,464,292,0,292,756
03/10/2012,TMB,FL,ASO,ES,Towers with Radar,0,7,79,0,86,0,1,361,0,362,0,8,440,0,448,285,0,285,733
03/11/2012,TMB,FL,ASO,ES,Towers with Radar,0,13,53,0,66,0,0,221,0,221,0,13,274,0,287,181,0,181,468
03/12/2012,TMB,FL,ASO,ES,Towers with Radar,0,9,71,0,80,0,4,267,0,271,0,13,338,0,351,274,0,274,625
03/13/2012,TMB,FL,ASO,ES,Towers with Radar,0,8,79,0,87,0,0,335,0,335,0,8,414,0,422,216,0,216,638
03/14/2012,TMB,FL,ASO,ES,Towers with Radar,0,4,61,0,65,0,0,308,0,308,0,4,369,0,373,309,0,309,682
03/15/2012,TMB,FL,ASO,ES,Towers with Radar,0,4,52,4,60,0,0,184,0,184,0,4,236,4,244,151,0,151,395
03/16/2012,TMB,FL,ASO,ES,Towers with Radar,0,13,82,0,95,0,3,346,0,349,0,16,428,0,444,366,0,366,810
03/17/2012,TMB,FL,ASO,ES,Towers with Radar,0,5,53,0,58,0,1,415,0,416,0,6,468,0,474,316,0,316,790
03/18/2012,TMB,FL,ASO,ES,Towers with Radar,0,4,80,0,84,0,0,263,0,263,0,4,343,0,347,148,0,148,495
03/19/2012,TMB,FL,ASO,ES,Towers with Radar,0,15,48,2,65,0,1,366,0,367,0,16,414,2,432,215,0,215,647
03/20/2012,TMB,FL,ASO,ES,Towers with Radar,0,9,57,0,66,0,0,356,0,356,0,9,413,0,422,283,0,283,705
03/21/2012,TMB,FL,ASO,ES,Towers with Radar,0,8,61,0,69,0,1,255,0,256,0,9,316,0,325,319,0,319,644
03/22/2012,TMB,FL,ASO,ES,Towers with Radar,1,9,59,1,70,0,0,346,0,346,1,9,405,1,416,274,0,274,690
03/23/2012,TMB,FL,ASO,ES,Towers with Radar,0,6,69,0,75,0,0,387,0,387,0,6,456,0,462,387,0,387,849
03/24/2012,TMB,FL,ASO,ES,Towers with Radar,0,12,50,0,62,0,0,332,0,332,0,12,382,0,394,273,0,273,667
03/25/2012,TMB,FL,ASO,ES,Towers with Radar,0,9,52,0,61,0,0,209,0,209,0,9,261,0,270,149,0,149,419
03/26/2012,TMB,FL,ASO,ES,Towers with Radar,0,9,59,0,68,0,0,301,0,301,0,9,360,0,369,260,0,260,629
03/27/2012,TMB,FL,ASO,ES,Towers with Radar,0,3,56,0,59,0,2,335,0,337,0,5,391,0,396,378,0,378,774
03/28/2012,TMB,FL,ASO,ES,Towers with Radar,0,7,65,0,72,0,2,318,0,320,0,9,383,0,392,286,0,286,678
03/29/2012,TMB,FL,ASO,ES,Towers with Radar,0,2,58,0,60,0,0,357,0,357,0,2,415,0,417,330,0,330,747
03/30/2012,TMB,FL,ASO,ES,Towers with Radar,0,8,61,0,69,0,5,325,0,330,0,13,386,0,399,388,0,388,787
03/31/2012,TMB,FL,ASO,ES,Towers with Radar,0,7,51,0,58,0,2,292,0,294,0,9,343,0,352,269,0,269,621
04/01/2012,TMB,FL,ASO,ES,Towers with Radar,0,14,52,0,66,0,0,221,0,221,0,14,273,0,287,92,0,92,379
04/02/2012,TMB,FL,ASO,ES,Towers with Radar,0,4,43,0,47,0,1,325,0,326,0,5,368,0,373,419,0,419,792
04/03/2012,TMB,FL,ASO,ES,Towers with Radar,0,9,39,0,48,0,4,365,0,369,0,13,404,0,417,360,0,360,777
04/04/2012,TMB,FL,ASO,ES,Towers with Radar,0,17,62,0,79,0,0,347,0,347,0,17,409,0,426,451,0,451,877
04/05/2012,TMB,FL,ASO,ES,Towers with Radar,0,16,79,0,95,0,0,210,0,210,0,16,289,0,305,229,0,229,534
04/06/2012,TMB,FL,ASO,ES,Towers with Radar,0,11,62,0,73,0,0,225,0,225,0,11,287,0,298,197,0,197,495
04/07/2012,TMB,FL,ASO,ES,Towers with Radar,0,6,44,0,50,0,0,350,0,350,0,6,394,0,400,273,0,273,673
04/08/2012,TMB,FL,ASO,ES,Towers with Radar,0,11,59,0,70,0,0,270,0,270,0,11,329,0,340,184,0,184,524
04/09/2012,TMB,FL,ASO,ES,Towers with Radar,3,12,87,0,102,0,3,308,0,311,3,15,395,0,413,351,0,351,764
04/10/2012,TMB,FL,ASO,ES,Towers with Radar,2,8,64,0,74,0,0,271,0,271,2,8,335,0,345,386,0,386,731
04/11/2012,TMB,FL,ASO,ES,Towers with Radar,1,5,60,2,68,0,2,398,0,400,1,7,458,2,468,317,0,317,785
04/12/2012,TMB,FL,ASO,ES,Towers with Radar,0,5,62,0,67,0,0,360,0,360,0,5,422,0,427,372,0,372,799
04/13/2012,TMB,FL,ASO,ES,Towers with Radar,0,7,72,0,79,0,2,334,0,336,0,9,406,0,415,318,0,318,733
04/14/2012,TMB,FL,ASO,ES,Towers with Radar,0,12,48,0,60,0,1,95,0,96,0,13,143,0,156,69,0,69,225
04/15/2012,TMB,FL,ASO,ES,Towers with Radar,0,5,69,0,74,0,1,240,0,241,0,6,309,0,315,173,0,173,488
04/16/2012,TMB,FL,ASO,ES,Towers with Radar,0,8,65,2,75,0,0,314,0,314,0,8,379,2,389,236,0,236,625
04/17/2012,TMB,FL,ASO,ES,Towers with Radar,0,0,51,0,51,0,0,310,0,310,0,0,361,0,361,324,0,324,685
04/18/2012,TMB,FL,ASO,ES,Towers with Radar,0,1,48,0,49,0,2,338,0,340,0,3,386,0,389,280,0,280,669
04/19/2012,TMB,FL,ASO,ES,Towers with Radar,0,0,72,0,72,0,0,251,0,251,0,0,323,0,323,239,0,239,562
04/20/2012,TMB,FL,ASO,ES,Towers with Radar,0,5,65,0,70,0,0,355,0,355,0,5,420,0,425,309,0,309,734
04/21/2012,TMB,FL,ASO,ES,Towers with Radar,0,9,22,0,31,0,0,43,0,43,0,9,65,0,74,37,0,37,111
04/22/2012,TMB,FL,ASO,ES,Towers with Radar,0,9,44,0,53,0,0,129,0,129,0,9,173,0,182,53,0,53,235
04/23/2012,TMB,FL,ASO,ES,Towers with Radar,0,6,55,0,61,0,4,330,0,334,0,10,385,0,395,340,0,340,735
04/24/2012,TMB,FL,ASO,ES,Towers with Radar,0,1,51,2,54,0,0,332,0,332,0,1,383,2,386,211,0,211,597
04/25/2012,TMB,FL,ASO,ES,Towers with Radar,0,3,55,2,60,0,6,432,0,438,0,9,487,2,498,198,0,198,696
04/26/2012,TMB,FL,ASO,ES,Towers with Radar,0,5,66,0,71,0,4,391,0,395,0,9,457,0,466,319,0,319,785
04/27/2012,TMB,FL,ASO,ES,Towers with Radar,0,4,94,0,98,0,0,359,0,359,0,4,453,0,457,341,0,341,798
04/28/2012,TMB,FL,ASO,ES,Towers with Radar,0,8,53,0,61,0,0,85,0,85,0,8,138,0,146,146,0,146,292
04/29/2012,TMB,FL,ASO,ES,Towers with Radar,0,8,36,0,44,0,0,2,0,2,0,8,38,0,46,0,0,0,46
04/30/2012,TMB,FL,ASO,ES,Towers with Radar,0,7,37,0,44,0,0,32,0,32,0,7,69,0,76,29,0,29,105
05/01/2012,TMB,FL,ASO,ES,Towers with Radar,0,8,51,0,59,0,0,141,0,141,0,8,192,0,200,117,0,117,317
05/02/2012,TMB,FL,ASO,ES,Towers with Radar,0,7,96,0,103,0,0,382,0,382,0,7,478,0,485,345,0,345,830
05/03/2012,TMB,FL,ASO,ES,Towers with Radar,0,2,75,0,77,0,0,401,0,401,0,2,476,0,478,349,0,349,827
05/04/2012,TMB,FL,ASO,ES,Towers with Radar,0,2,81,0,83,0,0,370,0,370,0,2,451,0,453,384,0,384,837
05/05/2012,TMB,FL,ASO,ES,Towers with Radar,0,0,55,0,55,0,0,417,0,417,0,0,472,0,472,288,0,288,760
05/06/2012,TMB,FL,ASO,ES,Towers with Radar,0,4,62,0,66,0,0,312,0,312,0,4,374,0,378,119,0,119,497
05/07/2012,TMB,FL,ASO,ES,Towers with Radar,0,2,70,0,72,0,2,392,0,394,0,4,462,0,466,421,0,421,887
05/08/2012,TMB,FL,ASO,ES,Towers with Radar,0,2,50,0,52,0,1,193,0,194,0,3,243,0,246,139,0,139,385
05/09/2012,TMB,FL,ASO,ES,Towers with Radar,0,2,55,0,57,0,0,324,0,324,0,2,379,0,381,309,0,309,690
05/10/2012,TMB,FL,ASO,ES,Towers with Radar,0,6,75,0,81,0,0,328,0,328,0,6,403,0,409,396,0,396,805
05/11/2012,TMB,FL,ASO,ES,Towers with Radar,0,4,92,0,96,0,0,372,0,372,0,4,464,0,468,391,0,391,859
05/12/2012,TMB,FL,ASO,ES,Towers with Radar,0,5,69,0,74,0,1,390,0,391,0,6,459,0,465,256,0,256,721
05/13/2012,TMB,FL,ASO,ES,Towers with Radar,0,2,45,0,47,0,0,188,0,188,0,2,233,0,235,162,0,162,397
05/14/2012,TMB,FL,ASO,ES,Towers with Radar,0,2,59,0,61,0,0,249,0,249,0,2,308,0,310,299,0,299,609
05/15/2012,TMB,FL,ASO,ES,Towers with Radar,0,2,57,0,59,0,0,212,0,212,0,2,269,0,271,277,0,277,548
05/16/2012,TMB,FL,ASO,ES,Towers with Radar,0,3,74,0,77,0,3,237,2,242,0,6,311,2,319,319,0,319,638
05/17/2012,TMB,FL,ASO,ES,Towers with Radar,0,3,77,0,80,0,1,252,0,253,0,4,329,0,333,424,0,424,757
05/18/2012,TMB,FL,ASO,ES,Towers with Radar,0,4,82,0,86,0,0,311,0,311,0,4,393,0,397,345,0,345,742
05/19/2012,TMB,FL,ASO,ES,Towers with Radar,0,4,70,0,74,0,0,231,0,231,0,4,301,0,305,197,0,197,502
05/20/2012,TMB,FL,ASO,ES,Towers with Radar,0,10,82,0,92,0,2,201,0,203,0,12,283,0,295,128,0,128,423
05/21/2012,TMB,FL,ASO,ES,Towers with Radar,0,2,99,0,101,0,3,411,0,414,0,5,510,0,515,493,0,493,1008
05/22/2012,TMB,FL,ASO,ES,Towers with Radar,0,3,83,0,86,0,1,185,0,186,0,4,268,0,272,217,0,217,489
05/23/2012,TMB,FL,ASO,ES,Towers with Radar,0,2,74,0,76,0,0,207,0,207,0,2,281,0,283,215,0,215,498
05/24/2012,TMB,FL,ASO,ES,Towers with Radar,0,10,74,0,84,0,0,134,0,134,0,10,208,0,218,101,0,101,319
05/25/2012,TMB,FL,ASO,ES,Towers with Radar,0,15,86,1,102,0,0,408,2,410,0,15,494,3,512,382,0,382,894
05/26/2012,TMB,FL,ASO,ES,Towers with Radar,0,11,83,0,94,0,0,399,1,400,0,11,482,1,494,155,0,155,649
05/27/2012,TMB,FL,ASO,ES,Towers with Radar,0,0,35,0,35,0,0,174,0,174,0,0,209,0,209,73,0,73,282
05/28/2012,TMB,FL,ASO,ES,Towers with Radar,0,16,84,0,100,0,0,333,0,333,0,16,417,0,433,309,0,309,742
05/29/2012,TMB,FL,ASO,ES,Towers with Radar,0,7,52,1,60,0,3,288,1,292,0,10,340,2,352,332,0,332,684
05/30/2012,TMB,FL,ASO,ES,Towers with Radar,0,5,75,0,80,0,0,341,0,341,0,5,416,0,421,289,0,289,710
05/31/2012,TMB,FL,ASO,ES,Towers with Radar,0,7,91,0,98,0,1,256,1,258,0,8,347,1,356,306,0,306,662
06/01/2012,TMB,FL,ASO,ES,Towers with Radar,0,7,45,0,52,0,1,83,0,84,0,8,128,0,136,50,0,50,186
06/02/2012,TMB,FL,ASO,ES,Towers with Radar,0,4,71,0,75,0,0,301,0,301,0,4,372,0,376,286,0,286,662
06/03/2012,TMB,FL,ASO,ES,Towers with Radar,0,6,42,0,48,0,0,249,0,249,0,6,291,0,297,186,0,186,483
06/04/2012,TMB,FL,ASO,ES,Towers with Radar,0,7,64,0,71,0,1,376,0,377,0,8,440,0,448,390,0,390,838
06/05/2012,TMB,FL,ASO,ES,Towers with Radar,0,4,56,0,60,0,0,324,0,324,0,4,380,0,384,367,0,367,751
06/06/2012,TMB,FL,ASO,ES,Towers with Radar,0,3,82,0,85,0,2,243,0,245,0,5,325,0,330,246,0,246,576
06/07/2012,TMB,FL,ASO,ES,Towers with Radar,0,7,83,0,90,0,0,291,2,293,0,7,374,2,383,336,0,336,719
06/08/2012,TMB,FL,ASO,ES,Towers with Radar,0,6,52,0,58,0,2,297,0,299,0,8,349,0,357,203,0,203,560
06/09/2012,TMB,FL,ASO,ES,Towers with Radar,0,4,82,0,86,0,0,339,0,339,0,4,421,0,425,276,0,276,701
06/10/2012,TMB,FL,ASO,ES,Towers with Radar,0,4,49,0,53,0,4,241,0,245,0,8,290,0,298,165,0,165,463
06/11/2012,TMB,FL,ASO,ES,Towers with Radar,0,9,83,0,92,0,0,397,0,397,0,9,480,0,489,378,0,378,867
06/12/2012,TMB,FL,ASO,ES,Towers with Radar,0,3,77,0,80,0,2,406,0,408,0,5,483,0,488,266,0,266,754
06/13/2012,TMB,FL,ASO,ES,Towers with Radar,1,5,76,0,82,0,0,444,0,444,1,5,520,0,526,300,0,300,826
06/14/2012,TMB,FL,ASO,ES,Towers with Radar,0,10,71,0,81,0,3,295,0,298,0,13,366,0,379,203,0,203,582
06/15/2012,TMB,FL,ASO,ES,Towers with Radar,0,8,61,0,69,0,1,310,0,311,0,9,371,0,380,328,0,328,708
06/16/2012,TMB,FL,ASO,ES,Towers with Radar,0,5,43,0,48,0,1,347,0,348,0,6,390,0,396,281,0,281,677
06/17/2012,TMB,FL,ASO,ES,Towers with Radar,3,11,57,0,71,0,0,209,0,209,3,11,266,0,280,99,0,99,379
06/18/2012,TMB,FL,ASO,ES,Towers with Radar,0,2,68,0,70,0,1,280,0,281,0,3,348,0,351,368,0,368,719
06/19/2012,TMB,FL,ASO,ES,Towers with Radar,0,7,79,0,86,0,0,216,0,216,0,7,295,0,302,292,0,292,594
06/20/2012,TMB,FL,ASO,ES,Towers with Radar,0,3,40,0,43,0,0,18,0,18,0,3,58,0,61,53,0,53,114
06/21/2012,TMB,FL,ASO,ES,Towers with Radar,0,5,100,2,107,0,2,281,0,283,0,7,381,2,390,355,0,355,745
06/22/2012,TMB,FL,ASO,ES,Towers with Radar,0,4,60,0,64,0,0,92,0,92,0,4,152,0,156,127,0,127,283
06/23/2012,TMB,FL,ASO,ES,Towers with Radar,0,9,50,0,59,0,0,141,0,141,0,9,191,0,200,167,0,167,367
06/24/2012,TMB,FL,ASO,ES,Towers with Radar,0,8,27,0,35,0,0,56,0,56,0,8,83,0,91,53,0,53,144
06/25/2012,TMB,FL,ASO,ES,Towers with Radar,0,5,40,0,45,0,0,85,0,85,0,5,125,0,130,41,0,41,171
06/26/2012,TMB,FL,ASO,ES,Towers with Radar,0,3,28,0,31,0,1,78,0,79,0,4,106,0,110,17,0,17,127
06/27/2012,TMB,FL,ASO,ES,Towers with Radar,1,4,40,0,45,0,0,167,0,167,1,4,207,0,212,85,0,85,297
06/28/2012,TMB,FL,ASO,ES,Towers with Radar,0,5,68,0,73,0,8,265,0,273,0,13,333,0,346,254,0,254,600
06/29/2012,TMB,FL,ASO,ES,Towers with Radar,0,9,56,0,65,0,1,313,1,315,0,10,369,1,380,273,0,273,653
06/30/2012,TMB,FL,ASO,ES,Towers with Radar,0,12,53,0,65,0,0,342,0,342,0,12,395,0,407,189,0,189,596
07/01/2012,TMB,FL,ASO,ES,Towers with Radar,0,4,39,0,43,0,2,182,0,184,0,6,221,0,227,185,0,185,412
07/02/2012,TMB,FL,ASO,ES,Towers with Radar,0,3,54,0,57,0,4,314,0,318,0,7,368,0,375,361,0,361,736
07/03/2012,TMB,FL,ASO,ES,Towers with Radar,0,2,85,0,87,0,0,349,0,349,0,2,434,0,436,308,0,308,744
07/04/2012,TMB,FL,ASO,ES,Towers with Radar,0,6,48,0,54,0,0,292,0,292,0,6,340,0,346,181,0,181,527
07/05/2012,TMB,FL,ASO,ES,Towers with Radar,0,2,74,0,76,0,0,296,0,296,0,2,370,0,372,323,0,323,695
07/06/2012,TMB,FL,ASO,ES,Towers with Radar,0,1,66,0,67,0,1,354,0,355,0,2,420,0,422,352,0,352,774
07/07/2012,TMB,FL,ASO,ES,Towers with Radar,0,2,91,0,93,0,1,371,0,372,0,3,462,0,465,265,0,265,730
07/08/2012,TMB,FL,ASO,ES,Towers with Radar,0,4,79,0,83,0,0,182,0,182,0,4,261,0,265,102,0,102,367
07/09/2012,TMB,FL,ASO,ES,Towers with Radar,0,2,69,0,71,0,0,230,0,230,0,2,299,0,301,189,0,189,490
07/10/2012,TMB,FL,ASO,ES,Towers with Radar,0,0,75,0,75,0,0,255,0,255,0,0,330,0,330,326,0,326,656
07/11/2012,TMB,FL,ASO,ES,Towers with Radar,0,6,67,0,73,0,2,173,0,175,0,8,240,0,248,204,0,204,452
07/12/2012,TMB,FL,ASO,ES,Towers with Radar,0,3,76,1,80,0,2,201,7,210,0,5,277,8,290,224,0,224,514
07/13/2012,TMB,FL,ASO,ES,Towers with Radar,0,4,68,1,73,0,1,298,3,302,0,5,366,4,375,323,0,323,698
07/14/2012,TMB,FL,ASO,ES,Towers with Radar,0,4,89,0,93,0,0,243,0,243,0,4,332,0,336,262,0,262,598
07/15/2012,TMB,FL,ASO,ES,Towers with Radar,0,2,51,0,53,0,0,173,0,173,0,2,224,0,226,149,0,149,375
07/16/2012,TMB,FL,ASO,ES,Towers with Radar,0,3,65,0,68,0,2,215,0,217,0,5,280,0,285,267,0,267,552
07/17/2012,TMB,FL,ASO,ES,Towers with Radar,0,0,80,2,82,0,0,236,0,236,0,0,316,2,318,204,0,204,522
07/18/2012,TMB,FL,ASO,ES,Towers with Radar,0,3,123,0,126,0,0,397,0,397,0,3,520,0,523,235,0,235,758
07/19/2012,TMB,FL,ASO,ES,Towers with Radar,0,3,94,0,97,0,0,380,0,380,0,3,474,0,477,358,0,358,835
07/20/2012,TMB,FL,ASO,ES,Towers with Radar,0,4,98,0,102,0,1,357,0,358,0,5,455,0,460,351,0,351,811
07/21/2012,TMB,FL,ASO,ES,Towers with Radar,0,2,59,0,61,0,0,307,0,307,0,2,366,0,368,220,0,220,588
07/22/2012,TMB,FL,ASO,ES,Towers with Radar,1,5,34,0,40,0,0,79,0,79,1,5,113,0,119,64,0,64,183
07/23/2012,TMB,FL,ASO,ES,Towers with Radar,0,9,96,0,105,0,0,258,0,258,0,9,354,0,363,328,0,328,691
07/24/2012,TMB,FL,ASO,ES,Towers with Radar,1,5,98,0,104,0,0,261,0,261,1,5,359,0,365,386,0,386,751
07/25/2012,TMB,FL,ASO,ES,Towers with Radar,0,1,80,0,81,0,1,290,0,291,0,2,370,0,372,324,0,324,696
07/26/2012,TMB,FL,ASO,ES,Towers with Radar,0,5,71,0,76,0,1,336,0,337,0,6,407,0,413,299,0,299,712
07/27/2012,TMB,FL,ASO,ES,Towers with Radar,0,3,101,0,104,0,0,320,0,320,0,3,421,0,424,357,0,357,781
07/28/2012,TMB,FL,ASO,ES,Towers with Radar,0,2,68,0,70,0,3,290,1,294,0,5,358,1,364,183,0,183,547
07/29/2012,TMB,FL,ASO,ES,Towers with Radar,0,5,72,0,77,0,1,251,0,252,0,6,323,0,329,243,0,243,572
07/30/2012,TMB,FL,ASO,ES,Towers with Radar,0,5,58,0,63,0,0,271,0,271,0,5,329,0,334,244,0,244,578
07/31/2012,TMB,FL,ASO,ES,Towers with Radar,0,6,64,0,70,0,3,229,0,232,0,9,293,0,302,219,0,219,521
08/01/2012,TMB,FL,ASO,ES,Towers with Radar,0,3,63,1,67,0,0,266,1,267,0,3,329,2,334,200,0,200,534
08/02/2012,TMB,FL,ASO,ES,Towers with Radar,0,5,65,0,70,0,0,205,0,205,0,5,270,0,275,237,0,237,512
08/03/2012,TMB,FL,ASO,ES,Towers with Radar,0,5,59,0,64,0,0,172,0,172,0,5,231,0,236,165,0,165,401
08/04/2012,TMB,FL,ASO,ES,Towers with Radar,0,0,89,0,89,0,0,232,0,232,0,0,321,0,321,152,0,152,473
08/05/2012,TMB,FL,ASO,ES,Towers with Radar,0,1,66,0,67,0,0,237,0,237,0,1,303,0,304,163,0,163,467
08/06/2012,TMB,FL,ASO,ES,Towers with Radar,0,1,66,0,67,0,2,192,0,194,0,3,258,0,261,291,0,291,552
08/07/2012,TMB,FL,ASO,ES,Towers with Radar,0,4,87,0,91,0,0,317,0,317,0,4,404,0,408,336,0,336,744
08/08/2012,TMB,FL,ASO,ES,Towers with Radar,0,7,67,0,74,0,1,310,0,311,0,8,377,0,385,303,0,303,688
08/09/2012,TMB,FL,ASO,ES,Towers with Radar,0,4,105,0,109,0,1,372,0,373,0,5,477,0,482,244,0,244,726
08/10/2012,TMB,FL,ASO,ES,Towers with Radar,1,7,39,0,47,0,0,113,0,113,1,7,152,0,160,168,0,168,328
08/11/2012,TMB,FL,ASO,ES,Towers with Radar,0,5,49,0,54,0,0,198,0,198,0,5,247,0,252,158,0,158,410
08/12/2012,TMB,FL,ASO,ES,Towers with Radar,0,4,66,0,70,0,2,242,0,244,0,6,308,0,314,138,0,138,452
08/13/2012,TMB,FL,ASO,ES,Towers with Radar,0,8,71,0,79,0,0,328,0,328,0,8,399,0,407,344,0,344,751
08/14/2012,TMB,FL,ASO,ES,Towers with Radar,0,1,58,2,61,0,0,270,1,271,0,1,328,3,332,360,0,360,692
08/15/2012,TMB,FL,ASO,ES,Towers with Radar,0,6,56,0,62,0,1,269,0,270,0,7,325,0,332,208,0,208,540
08/16/2012,TMB,FL,ASO,ES,Towers with Radar,0,9,72,2,83,0,0,267,1,268,0,9,339,3,351,246,0,246,597
08/17/2012,TMB,FL,ASO,ES,Towers with Radar,0,3,75,0,78,0,1,293,1,295,0,4,368,1,373,286,0,286,659
08/18/2012,TMB,FL,ASO,ES,Towers with Radar,0,0,49,0,49,0,2,309,0,311,0,2,358,0,360,246,0,246,606
08/19/2012,TMB,FL,ASO,ES,Towers with Radar,0,3,53,0,56,0,1,249,0,250,0,4,302,0,306,163,0,163,469
08/20/2012,TMB,FL,ASO,ES,Towers with Radar,1,2,78,0,81,0,3,328,0,331,1,5,406,0,412,368,0,368,780
08/21/2012,TMB,FL,ASO,ES,Towers with Radar,1,4,62,0,67,0,0,241,0,241,1,4,303,0,308,260,0,260,568
08/22/2012,TMB,FL,ASO,ES,Towers with Radar,0,2,91,0,93,0,0,361,0,361,0,2,452,0,454,308,0,308,762
08/23/2012,TMB,FL,ASO,ES,Towers with Radar,0,3,75,0,78,0,0,326,0,326,0,3,401,0,404,339,0,339,743
08/24/2012,TMB,FL,ASO,ES,Towers with Radar,0,1,53,0,54,0,0,295,0,295,0,1,348,0,349,150,0,150,499
08/25/2012,TMB,FL,ASO,ES,Towers with Radar,0,4,16,0,20,0,0,28,0,28,0,4,44,0,48,10,0,10,58
08/26/2012,TMB,FL,ASO,ES,Towers with Radar,0,2,5,0,7,0,0,0,0,0,0,2,5,0,7,0,0,0,7
08/27/2012,TMB,FL,ASO,ES,Towers with Radar,0,0,10,0,10,0,0,13,0,13,0,0,23,0,23,0,0,0,23
08/28/2012,TMB,FL,ASO,ES,Towers with Radar,0,6,51,0,57,0,1,217,0,218,0,7,268,0,275,214,0,214,489
08/29/2012,TMB,FL,ASO,ES,Towers with Radar,0,2,71,0,73,0,2,333,0,335,0,4,404,0,408,301,0,301,709
08/30/2012,TMB,FL,ASO,ES,Towers with Radar,0,2,99,0,101,0,5,331,0,336,0,7,430,0,437,364,0,364,801
08/31/2012,TMB,FL,ASO,ES,Towers with Radar,0,7,92,0,99,0,0,331,0,331,0,7,423,0,430,314,0,314,744
09/01/2012,TMB,FL,ASO,ES,Towers with Radar,0,1,79,0,80,0,0,310,0,310,0,1,389,0,390,254,0,254,644
09/02/2012,TMB,FL,ASO,ES,Towers with Radar,0,1,33,0,34,0,0,171,2,173,0,1,204,2,207,104,0,104,311
09/03/2012,TMB,FL,ASO,ES,Towers with Radar,0,7,96,0,103,0,5,326,0,331,0,12,422,0,434,279,0,279,713
09/04/2012,TMB,FL,ASO,ES,Towers with Radar,0,3,87,0,90,0,0,220,0,220,0,3,307,0,310,227,0,227,537
09/05/2012,TMB,FL,ASO,ES,Towers with Radar,0,3,74,0,77,0,0,223,0,223,0,3,297,0,300,278,0,278,578
09/06/2012,TMB,FL,ASO,ES,Towers with Radar,0,1,99,0,100,0,0,313,0,313,0,1,412,0,413,307,0,307,720
09/07/2012,TMB,FL,ASO,ES,Towers with Radar,0,2,94,0,96,0,0,247,0,247,0,2,341,0,343,184,0,184,527
09/08/2012,TMB,FL,ASO,ES,Towers with Radar,0,1,76,0,77,0,1,379,0,380,0,2,455,0,457,370,0,370,827
09/09/2012,TMB,FL,ASO,ES,Towers with Radar,0,2,47,0,49,0,0,225,0,225,0,2,272,0,274,138,0,138,412
09/10/2012,TMB,FL,ASO,ES,Towers with Radar,0,1,68,0,69,0,1,242,0,243,0,2,310,0,312,298,0,298,610
09/11/2012,TMB,FL,ASO,ES,Towers with Radar,0,1,55,0,56,0,0,168,0,168,0,1,223,0,224,199,0,199,423
09/12/2012,TMB,FL,ASO,ES,Towers with Radar,0,1,88,0,89,0,2,296,0,298,0,3,384,0,387,364,0,364,751
09/13/2012,TMB,FL,ASO,ES,Towers with Radar,0,0,96,0,96,0,0,202,0,202,0,0,298,0,298,300,0,300,598
09/14/2012,TMB,FL,ASO,ES,Towers with Radar,0,4,85,0,89,0,0,289,0,289,0,4,374,0,378,354,0,354,732
09/15/2012,TMB,FL,ASO,ES,Towers with Radar,0,1,64,3,68,0,0,288,0,288,0,1,352,3,356,345,0,345,701
09/16/2012,TMB,FL,ASO,ES,Towers with Radar,0,1,41,0,42,0,0,131,0,131,0,1,172,0,173,216,0,216,389
09/17/2012,TMB,FL,ASO,ES,Towers with Radar,0,1,81,0,82,0,2,346,0,348,0,3,427,0,430,369,0,369,799
09/18/2012,TMB,FL,ASO,ES,Towers with Radar,0,2,50,0,52,0,2,296,0,298,0,4,346,0,350,308,0,308,658
09/19/2012,TMB,FL,ASO,ES,Towers with Radar,0,2,48,0,50,0,0,317,0,317,0,2,365,0,367,485,0,485,852
09/20/2012,TMB,FL,ASO,ES,Towers with Radar,0,2,50,0,52,0,0,149,0,149,0,2,199,0,201,167,0,167,368
09/21/2012,TMB,FL,ASO,ES,Towers with Radar,0,6,84,0,90,0,1,279,0,280,0,7,363,0,370,321,0,321,691
09/22/2012,TMB,FL,ASO,ES,Towers with Radar,0,5,11,0,16,0,0,53,0,53,0,5,64,0,69,22,0,22,91
09/23/2012,TMB,FL,ASO,ES,Towers with Radar,0,5,71,2,78,0,0,141,0,141,0,5,212,2,219,184,0,184,403
09/24/2012,TMB,FL,ASO,ES,Towers with Radar,0,3,93,2,98,0,1,237,0,238,0,4,330,2,336,193,0,193,529
09/25/2012,TMB,FL,ASO,ES,Towers with Radar,0,1,100,0,101,0,2,324,0,326,0,3,424,0,427,472,0,472,899
09/26/2012,TMB,FL,ASO,ES,Towers with Radar,0,2,66,0,68,0,2,227,0,229,0,4,293,0,297,371,0,371,668
09/27/2012,TMB,FL,ASO,ES,Towers with Radar,0,1,71,0,72,0,0,254,0,254,0,1,325,0,326,314,0,314,640
09/28/2012,TMB,FL,ASO,ES,Towers with Radar,0,5,80,0,85,0,0,303,0,303,0,5,383,0,388,354,0,354,742
09/29/2012,TMB,FL,ASO,ES,Towers with Radar,0,3,77,0,80,0,1,348,0,349,0,4,425,0,429,204,0,204,633
09/30/2012,TMB,FL,ASO,ES,Towers with Radar,0,3,70,10,83,0,0,237,1,238,0,3,307,11,321,170,0,170,491
10/01/2012,TMB,FL,ASO,ES,Towers with Radar,0,5,52,0,57,0,0,104,0,104,0,5,156,0,161,120,0,120,281
10/02/2012,TMB,FL,ASO,ES,Towers with Radar,0,4,46,0,50,0,1,175,0,176,0,5,221,0,226,158,0,158,384
10/03/2012,TMB,FL,ASO,ES,Towers with Radar,0,4,84,0,88,0,1,330,0,331,0,5,414,0,419,297,0,297,716
10/04/2012,TMB,FL,ASO,ES,Towers with Radar,0,4,97,0,101,0,0,379,0,379,0,4,476,0,480,510,0,510,990
10/05/2012,TMB,FL,ASO,ES,Towers with Radar,1,2,90,0,93,0,1,282,0,283,1,3,372,0,376,414,0,414,790
10/06/2012,TMB,FL,ASO,ES,Towers with Radar,0,0,67,0,67,0,0,288,0,288,0,0,355,0,355,336,0,336,691
10/07/2012,TMB,FL,ASO,ES,Towers with Radar,0,7,49,0,56,0,0,161,0,161,0,7,210,0,217,183,0,183,400
10/08/2012,TMB,FL,ASO,ES,Towers with Radar,0,4,65,0,69,0,1,258,0,259,0,5,323,0,328,310,0,310,638
10/09/2012,TMB,FL,ASO,ES,Towers with Radar,0,2,83,0,85,2,0,304,0,306,2,2,387,0,391,405,0,405,796
10/10/2012,TMB,FL,ASO,ES,Towers with Radar,0,2,52,0,54,0,1,247,0,248,0,3,299,0,302,322,0,322,624
10/11/2012,TMB,FL,ASO,ES,Towers with Radar,0,3,70,0,73,0,1,189,0,190,0,4,259,0,263,320,0,320,583
10/12/2012,TMB,FL,ASO,ES,Towers with Radar,0,7,99,0,106,0,0,308,0,308,0,7,407,0,414,362,0,362,776
10/13/2012,TMB,FL,ASO,ES,Towers with Radar,0,3,45,0,48,0,0,150,0,150,0,3,195,0,198,128,0,128,326
10/14/2012,TMB,FL,ASO,ES,Towers with Radar,0,6,39,0,45,0,0,114,0,114,0,6,153,0,159,109,0,109,268
10/15/2012,TMB,FL,ASO,ES,Towers with Radar,0,5,86,0,91,0,0,358,0,358,0,5,444,0,449,437,0,437,886
10/16/2012,TMB,FL,ASO,ES,Towers with Radar,0,2,58,0,60,0,0,335,0,335,0,2,393,0,395,415,0,415,810
10/17/2012,TMB,FL,ASO,ES,Towers with Radar,0,3,80,0,83,0,5,271,2,278,0,8,351,2,361,362,0,362,723
10/18/2012,TMB,FL,ASO,ES,Towers with Radar,0,3,93,0,96,0,2,357,0,359,0,5,450,0,455,417,0,417,872
10/19/2012,TMB,FL,ASO,ES,Towers with Radar,0,3,68,0,71,0,2,219,0,221,0,5,287,0,292,364,0,364,656
10/20/2012,TMB,FL,ASO,ES,Towers with Radar,0,2,52,0,54,0,0,303,0,303,0,2,355,0,357,369,0,369,726
10/21/2012,TMB,FL,ASO,ES,Towers with Radar,0,2,60,0,62,0,0,252,0,252,0,2,312,0,314,192,0,192,506
10/22/2012,TMB,FL,ASO,ES,Towers with Radar,0,1,47,0,48,0,0,205,2,207,0,1,252,2,255,209,0,209,464
10/23/2012,TMB,FL,ASO,ES,Towers with Radar,0,3,69,0,72,0,0,227,1,228,0,3,296,1,300,130,0,130,430
10/24/2012,TMB,FL,ASO,ES,Towers with Radar,0,4,47,0,51,0,0,138,0,138,0,4,185,0,189,228,0,228,417
10/25/2012,TMB,FL,ASO,ES,Towers with Radar,0,3,20,0,23,0,0,29,0,29,0,3,49,0,52,10,0,10,62
10/26/2012,TMB,FL,ASO,ES,Towers with Radar,0,0,12,0,12,0,2,9,0,11,0,2,21,0,23,0,0,0,23
10/27/2012,TMB,FL,ASO,ES,Towers with Radar,0,1,21,0,22,0,0,79,0,79,0,1,100,0,101,71,0,71,172
10/28/2012,TMB,FL,ASO,ES,Towers with Radar,0,3,32,0,35,0,0,151,0,151,0,3,183,0,186,140,0,140,326
10/29/2012,TMB,FL,ASO,ES,Towers with Radar,0,7,77,0,84,0,2,347,0,349,0,9,424,0,433,304,0,304,737
10/30/2012,TMB,FL,ASO,ES,Towers with Radar,0,2,77,0,79,0,1,327,0,328,0,3,404,0,407,267,0,267,674
10/31/2012,TMB,FL,ASO,ES,Towers with Radar,0,3,92,0,95,0,0,326,0,326,0,3,418,0,421,404,0,404,825
11/01/2012,TMB,FL,ASO,ES,Towers with Radar,0,8,76,0,84,0,0,311,0,311,0,8,387,0,395,327,0,327,722
11/02/2012,TMB,FL,ASO,ES,Towers with Radar,0,4,75,0,79,0,0,331,1,332,0,4,406,1,411,369,0,369,780
11/03/2012,TMB,FL,ASO,ES,Towers with Radar,0,1,53,0,54,0,0,293,0,293,0,1,346,0,347,201,0,201,548
11/04/2012,TMB,FL,ASO,ES,Towers with Radar,0,8,39,0,47,0,2,131,0,133,0,10,170,0,180,132,0,132,312
11/05/2012,TMB,FL,ASO,ES,Towers with Radar,0,2,72,0,74,0,0,295,0,295,0,2,367,0,369,305,0,305,674
11/06/2012,TMB,FL,ASO,ES,Towers with Radar,0,2,64,0,66,0,0,283,0,283,0,2,347,0,349,315,0,315,664
11/07/2012,TMB,FL,ASO,ES,Towers with Radar,0,0,52,0,52,0,0,266,0,266,0,0,318,0,318,276,0,276,594
11/08/2012,TMB,FL,ASO,ES,Towers with Radar,0,7,78,0,85,0,0,281,0,281,0,7,359,0,366,226,0,226,592
11/09/2012,TMB,FL,ASO,ES,Towers with Radar,0,5,92,0,97,0,0,369,0,369,0,5,461,0,466,151,0,151,617
11/10/2012,TMB,FL,ASO,ES,Towers with Radar,0,1,54,0,55,0,1,327,1,329,0,2,381,1,384,258,0,258,642
11/11/2012,TMB,FL,ASO,ES,Towers with Radar,0,6,44,0,50,0,2,197,0,199,0,8,241,0,249,129,0,129,378
11/12/2012,TMB,FL,ASO,ES,Towers with Radar,0,6,109,1,116,0,0,278,0,278,0,6,387,1,394,332,0,332,726
11/13/2012,TMB,FL,ASO,ES,Towers with Radar,0,5,112,0,117,0,0,296,0,296,0,5,408,0,413,475,0,475,888
11/14/2012,TMB,FL,ASO,ES,Towers with Radar,0,3,100,1,104,0,1,272,0,273,0,4,372,1,377,444,0,444,821
11/15/2012,TMB,FL,ASO,ES,Towers with Radar,0,5,103,0,108,0,2,310,0,312,0,7,413,0,420,377,0,377,797
11/16/2012,TMB,FL,ASO,ES,Towers with Radar,0,13,93,3,109,0,4,302,1,307,0,17,395,4,416,220,0,220,636
11/17/2012,TMB,FL,ASO,ES,Towers with Radar,0,11,62,2,75,0,3,354,0,357,0,14,416,2,432,226,0,226,658
11/18/2012,TMB,FL,ASO,ES,Towers with Radar,0,6,96,1,103,0,2,229,0,231,0,8,325,1,334,109,0,109,443
11/19/2012,TMB,FL,ASO,ES,Towers with Radar,0,6,74,0,80,0,1,296,0,297,0,7,370,0,377,249,0,249,626
11/20/2012,TMB,FL,ASO,ES,Towers with Radar,0,8,87,1,96,0,0,74,1,75,0,8,161,2,171,60,0,60,231
11/21/2012,TMB,FL,ASO,ES,Towers with Radar,0,4,83,0,87,0,0,400,0,400,0,4,483,0,487,302,0,302,789
11/22/2012,TMB,FL,ASO,ES,Towers with Radar,0,5,37,0,42,0,1,249,0,250,0,6,286,0,292,113,0,113,405
11/23/2012,TMB,FL,ASO,ES,Towers with Radar,0,0,50,0,50,0,2,318,0,320,0,2,368,0,370,151,0,151,521
11/24/2012,TMB,FL,ASO,ES,Towers with Radar,0,5,49,0,54,0,0,356,0,356,0,5,405,0,410,196,0,196,606
11/25/2012,TMB,FL,ASO,ES,Towers with Radar,0,8,93,0,101,0,0,282,0,282,0,8,375,0,383,162,0,162,545
11/26/2012,TMB,FL,ASO,ES,Towers with Radar,0,3,96,0,99,0,2,327,0,329,0,5,423,0,428,219,0,219,647
11/27/2012,TMB,FL,ASO,ES,Towers with Radar,0,2,67,2,71,0,1,320,0,321,0,3,387,2,392,428,0,428,820
11/28/2012,TMB,FL,ASO,ES,Towers with Radar,0,2,65,0,67,0,0,320,2,322,0,2,385,2,389,439,0,439,828
11/29/2012,TMB,FL,ASO,ES,Towers with Radar,0,3,69,0,72,0,1,284,0,285,0,4,353,0,357,273,0,273,630
11/30/2012,TMB,FL,ASO,ES,Towers with Radar,0,6,97,0,103,0,0,251,0,251,0,6,348,0,354,257,0,257,611
12/01/2012,TMB,FL,ASO,ES,Towers with Radar,0,2,61,0,63,0,0,290,0,290,0,2,351,0,353,305,0,305,658
12/02/2012,TMB,FL,ASO,ES,Towers with Radar,0,5,75,0,80,0,0,231,0,231,0,5,306,0,311,136,0,136,447
12/03/2012,TMB,FL,ASO,ES,Towers with Radar,0,3,82,0,85,0,0,262,0,262,0,3,344,0,347,274,0,274,621
12/04/2012,TMB,FL,ASO,ES,Towers with Radar,0,9,66,0,75,0,0,289,0,289,0,9,355,0,364,302,0,302,666
12/05/2012,TMB,FL,ASO,ES,Towers with Radar,0,4,111,0,115,0,1,397,0,398,0,5,508,0,513,378,0,378,891
12/06/2012,TMB,FL,ASO,ES,Towers with Radar,0,6,90,0,96,0,0,358,0,358,0,6,448,0,454,494,0,494,948
12/07/2012,TMB,FL,ASO,ES,Towers with Radar,0,3,99,0,102,0,0,301,0,301,0,3,400,0,403,574,0,574,977
12/08/2012,TMB,FL,ASO,ES,Towers with Radar,0,3,59,0,62,0,0,226,0,226,0,3,285,0,288,331,0,331,619
12/09/2012,TMB,FL,ASO,ES,Towers with Radar,0,6,52,0,58,0,0,205,0,205,0,6,257,0,263,267,0,267,530
12/10/2012,TMB,FL,ASO,ES,Towers with Radar,0,6,63,0,69,0,0,239,0,239,0,6,302,0,308,399,0,399,707
12/11/2012,TMB,FL,ASO,ES,Towers with Radar,0,4,69,0,73,0,3,237,0,240,0,7,306,0,313,375,0,375,688
12/12/2012,TMB,FL,ASO,ES,Towers with Radar,0,2,80,0,82,0,2,261,0,263,0,4,341,0,345,229,0,229,574
12/13/2012,TMB,FL,ASO,ES,Towers with Radar,0,5,90,0,95,0,2,168,0,170,0,7,258,0,265,196,0,196,461
12/14/2012,TMB,FL,ASO,ES,Towers with Radar,0,1,118,0,119,0,0,236,0,236,0,1,354,0,355,327,0,327,682
12/15/2012,TMB,FL,ASO,ES,Towers with Radar,0,0,65,0,65,0,0,252,0,252,0,0,317,0,317,259,0,259,576
12/16/2012,TMB,FL,ASO,ES,Towers with Radar,0,4,56,0,60,0,0,187,0,187,0,4,243,0,247,198,0,198,445
12/17/2012,TMB,FL,ASO,ES,Towers with Radar,0,1,72,0,73,0,0,306,0,306,0,1,378,0,379,386,0,386,765
12/18/2012,TMB,FL,ASO,ES,Towers with Radar,0,5,55,0,60,0,1,259,0,260,0,6,314,0,320,371,0,371,691
12/19/2012,TMB,FL,ASO,ES,Towers with Radar,0,2,79,0,81,0,0,306,0,306,0,2,385,0,387,411,0,411,798
12/20/2012,TMB,FL,ASO,ES,Towers with Radar,0,4,85,0,89,0,1,283,0,284,0,5,368,0,373,297,0,297,670
12/21/2012,TMB,FL,ASO,ES,Towers with Radar,0,4,55,0,59,0,1,128,0,129,0,5,183,0,188,50,0,50,238
12/22/2012,TMB,FL,ASO,ES,Towers with Radar,0,4,52,0,56,0,2,273,0,275,0,6,325,0,331,69,0,69,400
12/23/2012,TMB,FL,ASO,ES,Towers with Radar,0,5,55,0,60,0,2,245,0,247,0,7,300,0,307,164,0,164,471
12/24/2012,TMB,FL,ASO,ES,Towers with Radar,0,0,34,0,34,0,1,204,0,205,0,1,238,0,239,279,0,279,518
12/25/2012,TMB,FL,ASO,ES,Towers with Radar,0,7,7,0,14,0,0,62,0,62,0,7,69,0,76,27,0,27,103
12/26/2012,TMB,FL,ASO,ES,Towers with Radar,0,23,68,0,91,0,5,238,0,243,0,28,306,0,334,239,0,239,573
12/27/2012,TMB,FL,ASO,ES,Towers with Radar,0,18,81,0,99,0,0,354,0,354,0,18,435,0,453,340,0,340,793
12/28/2012,TMB,FL,ASO,ES,Towers with Radar,0,13,90,0,103,0,1,259,0,260,0,14,349,0,363,304,0,304,667
12/29/2012,TMB,FL,ASO,ES,Towers with Radar,0,6,50,0,56,0,1,229,0,230,0,7,279,0,286,307,0,307,593
12/30/2012,TMB,FL,ASO,ES,Towers with Radar,0,5,34,4,43,0,0,154,0,154,0,5,188,4,197,51,0,51,248
12/31/2012,TMB,FL,ASO,ES,Towers with Radar,0,7,59,0,66,0,1,195,1,197,0,8,254,1,263,110,0,110,373
01/01/2013,TMB,FL,ASO,ES,Towers with Radar,0,16,42,0,58,0,4,103,0,107,0,20,145,0,165,31,0,31,196
01/02/2013,TMB,FL,ASO,ES,Towers with Radar,0,9,83,0,92,0,1,289,0,290,0,10,372,0,382,221,0,221,603
01/03/2013,TMB,FL,ASO,ES,Towers with Radar,0,7,83,0,90,0,0,313,1,314,0,7,396,1,404,346,0,346,750
01/04/2013,TMB,FL,ASO,ES,Towers with Radar,1,11,80,0,92,0,0,275,0,275,1,11,355,0,367,424,0,424,791
01/05/2013,TMB,FL,ASO,ES,Towers with Radar,1,8,102,0,111,0,0,250,0,250,1,8,352,0,361,330,0,330,691
01/06/2013,TMB,FL,ASO,ES,Towers with Radar,0,15,79,0,94,0,0,191,0,191,0,15,270,0,285,160,0,160,445
01/07/2013,TMB,FL,ASO,ES,Towers with Radar,0,6,78,0,84,0,0,230,0,230,0,6,308,0,314,458,0,458,772
01/08/2013,TMB,FL,ASO,ES,Towers with Radar,0,5,98,0,103,0,0,225,0,225,0,5,323,0,328,371,0,371,699
01/09/2013,TMB,FL,ASO,ES,Towers with Radar,0,7,57,0,64,0,2,228,0,230,0,9,285,0,294,280,0,280,574
01/10/2013,TMB,FL,ASO,ES,Towers with Radar,0,6,79,0,85,0,0,284,2,286,0,6,363,2,371,273,0,273,644
01/11/2013,TMB,FL,ASO,ES,Towers with Radar,0,9,104,0,113,0,0,322,0,322,0,9,426,0,435,289,0,289,724
01/12/2013,TMB,FL,ASO,ES,Towers with Radar,0,8,77,2,87,0,0,318,0,318,0,8,395,2,405,241,0,241,646
01/13/2013,TMB,FL,ASO,ES,Towers with Radar,0,9,72,0,81,0,1,271,0,272,0,10,343,0,353,157,0,157,510
01/14/2013,TMB,FL,ASO,ES,Towers with Radar,0,4,94,0,98,0,1,290,0,291,0,5,384,0,389,263,0,263,652
01/15/2013,TMB,FL,ASO,ES,Towers with Radar,0,11,98,0,109,0,0,318,0,318,0,11,416,0,427,461,0,461,888
01/16/2013,TMB,FL,ASO,ES,Towers with Radar,0,0,77,0,77,0,1,279,0,280,0,1,356,0,357,385,0,385,742
01/17/2013,TMB,FL,ASO,ES,Towers with Radar,0,10,65,0,75,0,2,215,0,217,0,12,280,0,292,288,0,288,580
01/18/2013,TMB,FL,ASO,ES,Towers with Radar,0,4,108,0,112,0,2,267,0,269,0,6,375,0,381,145,0,145,526
01/19/2013,TMB,FL,ASO,ES,Towers with Radar,0,2,61,0,63,0,0,184,0,184,0,2,245,0,247,210,0,210,457
01/20/2013,TMB,FL,ASO,ES,Towers with Radar,0,5,67,0,72,0,1,215,0,216,0,6,282,0,288,180,0,180,468
01/21/2013,TMB,FL,ASO,ES,Towers with Radar,0,17,101,0,118,0,0,307,0,307,0,17,408,0,425,296,0,296,721
01/22/2013,TMB,FL,ASO,ES,Towers with Radar,1,3,61,0,65,0,1,309,0,310,1,4,370,0,375,257,0,257,632
01/23/2013,TMB,FL,ASO,ES,Towers with Radar,0,8,82,0,90,0,0,329,0,329,0,8,411,0,419,335,0,335,754
01/24/2013,TMB,FL,ASO,ES,Towers with Radar,0,2,65,0,67,0,0,322,0,322,0,2,387,0,389,400,0,400,789
01/25/2013,TMB,FL,ASO,ES,Towers with Radar,0,4,93,0,97,0,0,317,1,318,0,4,410,1,415,343,0,343,758
01/26/2013,TMB,FL,ASO,ES,Towers with Radar,0,8,47,0,55,0,0,294,0,294,0,8,341,0,349,288,0,288,637
01/27/2013,TMB,FL,ASO,ES,Towers with Radar,0,12,55,0,67,0,0,222,0,222,0,12,277,0,289,119,0,119,408
01/28/2013,TMB,FL,ASO,ES,Towers with Radar,0,7,67,0,74,0,0,301,0,301,0,7,368,0,375,413,0,413,788
01/29/2013,TMB,FL,ASO,ES,Towers with Radar,0,6,81,0,87,0,2,282,0,284,0,8,363,0,371,261,0,261,632
01/30/2013,TMB,FL,ASO,ES,Towers with Radar,0,7,85,0,92,0,0,249,0,249,0,7,334,0,341,122,0,122,463
01/31/2013,TMB,FL,ASO,ES,Towers with Radar,0,8,90,0,98,0,0,241,0,241,0,8,331,0,339,200,0,200,539
02/01/2013,TMB,FL,ASO,ES,Towers with Radar,2,3,102,0,107,0,0,308,0,308,2,3,410,0,415,117,0,117,532
02/02/2013,TMB,FL,ASO,ES,Towers with Radar,0,5,70,0,75,0,2,293,0,295,0,7,363,0,370,370,0,370,740
02/03/2013,TMB,FL,ASO,ES,Towers with Radar,0,8,56,0,64,0,0,275,0,275,0,8,331,0,339,136,0,136,475
02/04/2013,TMB,FL,ASO,ES,Towers with Radar,1,6,80,1,88,0,1,249,1,251,1,7,329,2,339,401,0,401,740
02/05/2013,TMB,FL,ASO,ES,Towers with Radar,0,8,74,0,82,0,0,269,0,269,0,8,343,0,351,357,0,357,708
02/06/2013,TMB,FL,ASO,ES,Towers with Radar,0,10,73,0,83,0,1,287,0,288,0,11,360,0,371,255,0,255,626
02/07/2013,TMB,FL,ASO,ES,Towers with Radar,0,8,94,0,102,0,0,300,0,300,0,8,394,0,402,259,0,259,661
02/08/2013,TMB,FL,ASO,ES,Towers with Radar,0,5,72,0,77,0,2,293,0,295,0,7,365,0,372,278,0,278,650
02/09/2013,TMB,FL,ASO,ES,Towers with Radar,0,6,67,0,73,0,0,342,0,342,0,6,409,0,415,224,0,224,639
02/10/2013,TMB,FL,ASO,ES,Towers with Radar,0,1,73,0,74,0,0,177,0,177,0,1,250,0,251,120,0,120,371
02/11/2013,TMB,FL,ASO,ES,Towers with Radar,0,5,90,0,95,0,2,267,0,269,0,7,357,0,364,312,0,312,676
02/12/2013,TMB,FL,ASO,ES,Towers with Radar,0,3,91,0,94,0,0,373,0,373,0,3,464,0,467,361,0,361,828
02/13/2013,TMB,FL,ASO,ES,Towers with Radar,0,3,65,0,68,0,2,331,0,333,0,5,396,0,401,245,0,245,646
02/14/2013,TMB,FL,ASO,ES,Towers with Radar,0,16,75,0,91,0,0,207,0,207,0,16,282,0,298,245,0,245,543
02/15/2013,TMB,FL,ASO,ES,Towers with Radar,0,17,91,0,108,0,0,23,0,23,0,17,114,0,131,16,0,16,147
02/16/2013,TMB,FL,ASO,ES,Towers with Radar,0,3,43,0,46,0,2,224,0,226,0,5,267,0,272,222,0,222,494
02/17/2013,TMB,FL,ASO,ES,Towers with Radar,0,14,68,0,82,0,0,162,0,162,0,14,230,0,244,49,0,49,293
02/18/2013,TMB,FL,ASO,ES,Towers with Radar,0,21,123,0,144,0,5,304,0,309,0,26,427,0,453,330,0,330,783
02/19/2013,TMB,FL,ASO,ES,Towers with Radar,0,12,84,0,96,0,0,308,1,309,0,12,392,1,405,286,0,286,691
02/20/2013,TMB,FL,ASO,ES,Towers with Radar,0,8,68,0,76,0,0,359,0,359,0,8,427,0,435,328,0,328,763
02/21/2013,TMB,FL,ASO,ES,Towers with Radar,0,8,91,0,99,0,0,317,0,317,0,8,408,0,416,320,0,320,736
02/22/2013,TMB,FL,ASO,ES,Towers with Radar,0,13,115,1,129,0,0,362,1,363,0,13,477,2,492,305,0,305,797
02/23/2013,TMB,FL,ASO,ES,Towers with Radar,0,1,66,3,70,0,0,377,0,377,0,1,443,3,447,133,0,133,580
02/24/2013,TMB,FL,ASO,ES,Towers with Radar,0,17,66,1,84,0,0,222,0,222,0,17,288,1,306,148,0,148,454
02/25/2013,TMB,FL,ASO,ES,Towers with Radar,0,9,87,0,96,0,2,309,3,314,0,11,396,3,410,212,0,212,622
02/26/2013,TMB,FL,ASO,ES,Towers with Radar,0,9,75,0,84,0,0,244,0,244,0,9,319,0,328,116,0,116,444
02/27/2013,TMB,FL,ASO,ES,Towers with Radar,0,8,94,0,102,0,0,258,0,258,0,8,352,0,360,398,0,398,758
02/28/2013,TMB,FL,ASO,ES,Towers with Radar,1,10,76,0,87,0,1,357,0,358,1,11,433,0,445,396,0,396,841
03/01/2013,TMB,FL,ASO,ES,Towers with Radar,0,12,61,0,73,0,0,283,0,283,0,12,344,0,356,319,0,319,675
03/02/2013,TMB,FL,ASO,ES,Towers with Radar,0,7,35,0,42,0,2,267,0,269,0,9,302,0,311,126,0,126,437
03/03/2013,TMB,FL,ASO,ES,Towers with Radar,0,16,47,0,63,0,3,163,0,166,0,19,210,0,229,84,0,84,313
03/04/2013,TMB,FL,ASO,ES,Towers with Radar,0,2,96,0,98,0,0,337,0,337,0,2,433,0,435,350,0,350,785
03/05/2013,TMB,FL,ASO,ES,Towers with Radar,0,4,81,1,86,0,0,387,1,388,0,4,468,2,474,333,0,333,807
03/06/2013,TMB,FL,ASO,ES,Towers with Radar,0,9,64,0,73,0,0,299,0,299,0,9,363,0,372,360,0,360,732
03/07/2013,TMB,FL,ASO,ES,Towers with Radar,0,9,105,0,114,0,3,432,0,435,0,12,537,0,549,286,0,286,835
03/08/2013,TMB,FL,ASO,ES,Towers with Radar,0,9,91,0,100,0,0,399,0,399,0,9,490,0,499,336,0,336,835
03/09/2013,TMB,FL,ASO,ES,Towers with Radar,0,12,62,0,74,0,0,376,0,376,0,12,438,0,450,293,0,293,743
03/10/2013,TMB,FL,ASO,ES,Towers with Radar,0,10,63,0,73,0,0,203,0,203,0,10,266,0,276,163,0,163,439
03/11/2013,TMB,FL,ASO,ES,Towers with Radar,0,8,97,0,105,0,0,329,0,329,0,8,426,0,434,269,0,269,703
03/12/2013,TMB,FL,ASO,ES,Towers with Radar,0,8,76,0,84,0,0,286,0,286,0,8,362,0,370,180,0,180,550
03/13/2013,TMB,FL,ASO,ES,Towers with Radar,0,7,67,0,74,0,0,297,0,297,0,7,364,0,371,226,0,226,597
03/14/2013,TMB,FL,ASO,ES,Towers with Radar,0,4,79,0,83,0,0,336,0,336,0,4,415,0,419,146,0,146,565
03/15/2013,TMB,FL,ASO,ES,Towers with Radar,0,9,106,0,115,0,0,379,1,380,0,9,485,1,495,248,0,248,743
03/16/2013,TMB,FL,ASO,ES,Towers with Radar,0,5,65,0,70,0,0,354,0,354,0,5,419,0,424,310,0,310,734
03/17/2013,TMB,FL,ASO,ES,Towers with Radar,0,13,68,0,81,0,0,254,0,254,0,13,322,0,335,93,0,93,428
03/18/2013,TMB,FL,ASO,ES,Towers with Radar,0,4,83,0,87,0,0,249,0,249,0,4,332,0,336,183,0,183,519
03/19/2013,TMB,FL,ASO,ES,Towers with Radar,0,6,95,2,103,0,0,283,0,283,0,6,378,2,386,351,0,351,737
03/20/2013,TMB,FL,ASO,ES,Towers with Radar,0,13,87,0,100,0,0,312,0,312,0,13,399,0,412,473,0,473,885
03/21/2013,TMB,FL,ASO,ES,Towers with Radar,0,5,85,0,90,0,3,392,1,396,0,8,477,1,486,169,0,169,655
03/22/2013,TMB,FL,ASO,ES,Towers with Radar,1,7,115,0,123,0,0,213,0,213,1,7,328,0,336,229,0,229,565
03/23/2013,TMB,FL,ASO,ES,Towers with Radar,0,19,82,0,101,0,4,401,1,406,0,23,483,1,507,257,0,257,764
03/24/2013,TMB,FL,ASO,ES,Towers with Radar,0,7,36,0,43,0,0,70,0,70,0,7,106,0,113,22,0,22,135
03/25/2013,TMB,FL,ASO,ES,Towers with Radar,0,12,85,0,97,0,0,256,0,256,0,12,341,0,353,437,0,437,790
03/26/2013,TMB,FL,ASO,ES,Towers with Radar,0,12,72,0,84,0,1,335,0,336,0,13,407,0,420,87,0,87,507
03/27/2013,TMB,FL,ASO,ES,Towers with Radar,0,6,77,0,83,0,1,403,0,404,0,7,480,0,487,199,0,199,686
03/28/2013,TMB,FL,ASO,ES,Towers with Radar,0,10,82,0,92,0,0,347,0,347,0,10,429,0,439,299,0,299,738
03/29/2013,TMB,FL,ASO,ES,Towers with Radar,0,14,62,0,76,0,1,237,0,238,0,15,299,0,314,387,0,387,701
03/30/2013,TMB,FL,ASO,ES,Towers with Radar,0,2,72,0,74,0,1,373,0,374,0,3,445,0,448,272,0,272,720
03/31/2013,TMB,FL,ASO,ES,Towers with Radar,0,14,84,0,98,0,1,244,0,245,0,15,328,0,343,36,0,36,379
04/01/2013,TMB,FL,ASO,ES,Towers with Radar,0,24,81,0,105,0,2,209,0,211,0,26,290,0,316,262,0,262,578
04/02/2013,TMB,FL,ASO,ES,Towers with Radar,0,5,101,1,107,1,0,349,0,350,1,5,450,1,457,275,0,275,732
04/03/2013,TMB,FL,ASO,ES,Towers with Radar,0,12,86,0,98,0,1,343,0,344,0,13,429,0,442,252,0,252,694
04/04/2013,TMB,FL,ASO,ES,Towers with Radar,0,9,58,0,67,0,1,220,0,221,0,10,278,0,288,128,0,128,416
04/05/2013,TMB,FL,ASO,ES,Towers with Radar,0,6,39,0,45,0,1,92,0,93,0,7,131,0,138,99,0,99,237
04/06/2013,TMB,FL,ASO,ES,Towers with Radar,0,7,92,0,99,0,0,363,0,363,0,7,455,0,462,264,0,264,726
04/07/2013,TMB,FL,ASO,ES,Towers with Radar,0,8,74,0,82,0,0,252,0,252,0,8,326,0,334,272,0,272,606
04/08/2013,TMB,FL,ASO,ES,Towers with Radar,0,5,117,0,122,0,0,327,0,327,0,5,444,0,449,473,0,473,922
04/09/2013,TMB,FL,ASO,ES,Towers with Radar,0,8,82,0,90,0,0,365,0,365,0,8,447,0,455,447,0,447,902
04/10/2013,TMB,FL,ASO,ES,Towers with Radar,0,4,101,0,105,0,1,332,0,333,0,5,433,0,438,421,0,421,859
04/11/2013,TMB,FL,ASO,ES,Towers with Radar,0,5,78,0,83,0,1,168,0,169,0,6,246,0,252,162,0,162,414
04/12/2013,TMB,FL,ASO,ES,Towers with Radar,0,8,85,0,93,0,2,294,0,296,0,10,379,0,389,287,0,287,676
04/13/2013,TMB,FL,ASO,ES,Towers with Radar,4,1,48,0,53,0,0,160,0,160,4,1,208,0,213,397,0,397,610
04/14/2013,TMB,FL,ASO,ES,Towers with Radar,0,5,71,0,76,0,0,220,4,224,0,5,291,4,300,171,0,171,471
04/15/2013,TMB,FL,ASO,ES,Towers with Radar,0,6,73,0,79,0,0,159,0,159,0,6,232,0,238,304,0,304,542
04/16/2013,TMB,FL,ASO,ES,Towers with Radar,0,2,88,2,92,0,0,364,0,364,0,2,452,2,456,293,0,293,749
04/17/2013,TMB,FL,ASO,ES,Towers with Radar,0,4,85,0,89,0,2,316,0,318,0,6,401,0,407,440,0,440,847
04/18/2013,TMB,FL,ASO,ES,Towers with Radar,0,4,99,0,103,0,1,321,0,322,0,5,420,0,425,333,0,333,758
04/19/2013,TMB,FL,ASO,ES,Towers with Radar,0,8,73,0,81,0,0,303,0,303,0,8,376,0,384,227,0,227,611
04/20/2013,TMB,FL,ASO,ES,Towers with Radar,0,4,53,0,57,0,1,271,0,272,0,5,324,0,329,344,0,344,673
04/21/2013,TMB,FL,ASO,ES,Towers with Radar,0,5,49,0,54,0,0,179,0,179,0,5,228,0,233,140,0,140,373
04/22/2013,TMB,FL,ASO,ES,Towers with Radar,0,5,57,0,62,0,0,127,0,127,0,5,184,0,189,340,0,340,529
04/23/2013,TMB,FL,ASO,ES,Towers with Radar,0,8,86,0,94,0,1,348,0,349,0,9,434,0,443,283,0,283,726
04/24/2013,TMB,FL,ASO,ES,Towers with Radar,0,7,98,0,105,0,0,334,0,334,0,7,432,0,439,320,0,320,759
04/25/2013,TMB,FL,ASO,ES,Towers with Radar,0,6,90,0,96,0,1,346,0,347,0,7,436,0,443,410,0,410,853
04/26/2013,TMB,FL,ASO,ES,Towers with Radar,0,3,88,3,94,0,3,338,0,341,0,6,426,3,435,283,0,283,718
04/27/2013,TMB,FL,ASO,ES,Towers with Radar,0,1,67,0,68,0,0,389,0,389,0,1,456,0,457,275,0,275,732
04/28/2013,TMB,FL,ASO,ES,Towers with Radar,0,6,75,0,81,0,0,249,0,249,0,6,324,0,330,94,0,94,424
04/29/2013,TMB,FL,ASO,ES,Towers with Radar,0,3,59,0,62,0,0,218,0,218,0,3,277,0,280,209,0,209,489
04/30/2013,TMB,FL,ASO,ES,Towers with Radar,0,8,70,0,78,0,0,224,0,224,0,8,294,0,302,486,0,486,788
05/01/2013,TMB,FL,ASO,ES,Towers with Radar,0,5,70,0,75,0,0,219,0,219,0,5,289,0,294,438,0,438,732
05/02/2013,TMB,FL,ASO,ES,Towers with Radar,0,13,79,0,92,0,0,186,0,186,0,13,265,0,278,269,0,269,547
05/03/2013,TMB,FL,ASO,ES,Towers with Radar,0,4,97,0,101,0,1,279,0,280,0,5,376,0,381,340,0,340,721
05/04/2013,TMB,FL,ASO,ES,Towers with Radar,0,8,80,0,88,0,0,403,0,403,0,8,483,0,491,290,0,290,781
05/05/2013,TMB,FL,ASO,ES,Towers with Radar,0,3,65,0,68,0,0,266,0,266,0,3,331,0,334,259,0,259,593
05/06/2013,TMB,FL,ASO,ES,Towers with Radar,0,4,82,0,86,0,0,375,4,379,0,4,457,4,465,466,0,466,931
05/07/2013,TMB,FL,ASO,ES,Towers with Radar,0,2,97,0,99,0,0,355,1,356,0,2,452,1,455,400,0,400,855
05/08/2013,TMB,FL,ASO,ES,Towers with Radar,0,2,64,0,66,0,1,374,0,375,0,3,438,0,441,476,0,476,917
05/09/2013,TMB,FL,ASO,ES,Towers with Radar,0,5,94,0,99,0,0,357,1,358,0,5,451,1,457,346,0,346,803
05/10/2013,TMB,FL,ASO,ES,Towers with Radar,0,7,77,0,84,0,1,345,0,346,0,8,422,0,430,276,0,276,706
05/11/2013,TMB,FL,ASO,ES,Towers with Radar,0,6,74,0,80,0,2,392,0,394,0,8,466,0,474,177,0,177,651
05/12/2013,TMB,FL,ASO,ES,Towers with Radar,1,7,47,0,55,0,3,217,0,220,1,10,264,0,275,184,0,184,459
05/13/2013,TMB,FL,ASO,ES,Towers with Radar,0,10,76,0,86,0,0,375,0,375,0,10,451,0,461,461,0,461,922
05/14/2013,TMB,FL,ASO,ES,Towers with Radar,0,6,85,0,91,0,0,344,0,344,0,6,429,0,435,339,0,339,774
05/15/2013,TMB,FL,ASO,ES,Towers with Radar,0,10,89,0,99,0,0,298,0,298,0,10,387,0,397,386,0,386,783
05/16/2013,TMB,FL,ASO,ES,Towers with Radar,0,11,113,0,124,0,0,382,0,382,0,11,495,0,506,392,0,392,898
05/17/2013,TMB,FL,ASO,ES,Towers with Radar,0,4,95,1,100,0,0,331,0,331,0,4,426,1,431,417,0,417,848
05/18/2013,TMB,FL,ASO,ES,Towers with Radar,0,3,81,0,84,0,0,325,0,325,0,3,406,0,409,355,0,355,764
05/19/2013,TMB,FL,ASO,ES,Towers with Radar,0,8,66,0,74,0,1,266,0,267,0,9,332,0,341,147,0,147,488
05/20/2013,TMB,FL,ASO,ES,Towers with Radar,0,2,72,0,74,0,0,133,0,133,0,2,205,0,207,124,0,124,331
05/21/2013,TMB,FL,ASO,ES,Towers with Radar,0,6,76,0,82,0,0,203,0,203,0,6,279,0,285,366,0,366,651
05/22/2013,TMB,FL,ASO,ES,Towers with Radar,0,5,87,2,94,0,0,270,1,271,0,5,357,3,365,502,0,502,867
05/23/2013,TMB,FL,ASO,ES,Towers with Radar,0,12,81,0,93,0,3,359,0,362,0,15,440,0,455,469,0,469,924
05/24/2013,TMB,FL,ASO,ES,Towers with Radar,0,11,123,0,134,0,5,435,0,440,0,16,558,0,574,384,0,384,958
05/25/2013,TMB,FL,ASO,ES,Towers with Radar,0,4,63,0,67,0,0,376,1,377,0,4,439,1,444,351,0,351,795
05/26/2013,TMB,FL,ASO,ES,Towers with Radar,1,7,65,0,73,0,0,241,0,241,1,7,306,0,314,199,0,199,513
05/27/2013,TMB,FL,ASO,ES,Towers with Radar,0,16,116,0,132,0,0,246,0,246,0,16,362,0,378,298,0,298,676
05/28/2013,TMB,FL,ASO,ES,Towers with Radar,0,5,61,0,66,0,0,118,0,118,0,5,179,0,184,115,0,115,299
05/29/2013,TMB,FL,ASO,ES,Towers with Radar,0,8,48,0,56,0,0,23,0,23,0,8,71,0,79,51,0,51,130
05/30/2013,TMB,FL,ASO,ES,Towers with Radar,0,16,81,0,97,0,0,49,0,49,0,16,130,0,146,112,0,112,258
05/31/2013,TMB,FL,ASO,ES,Towers with Radar,0,6,140,0,146,0,0,290,0,290,0,6,430,0,436,435,0,435,871
06/01/2013,TMB,FL,ASO,ES,Towers with Radar,0,8,77,0,85,0,0,241,0,241,0,8,318,0,326,437,0,437,763
06/02/2013,TMB,FL,ASO,ES,Towers with Radar,0,9,96,0,105,0,0,207,0,207,0,9,303,0,312,369,0,369,681
06/03/2013,TMB,FL,ASO,ES,Towers with Radar,0,2,106,0,108,0,0,267,0,267,0,2,373,0,375,385,0,385,760
06/04/2013,TMB,FL,ASO,ES,Towers with Radar,0,9,108,0,117,0,2,173,0,175,0,11,281,0,292,424,0,424,716
06/05/2013,TMB,FL,ASO,ES,Towers with Radar,0,6,155,0,161,0,0,294,0,294,0,6,449,0,455,504,0,504,959
06/06/2013,TMB,FL,ASO,ES,Towers with Radar,0,6,76,0,82,0,0,143,0,143,0,6,219,0,225,32,0,32,257
06/07/2013,TMB,FL,ASO,ES,Towers with Radar,0,5,94,0,99,0,0,227,0,227,0,5,321,0,326,283,0,283,609
06/08/2013,TMB,FL,ASO,ES,Towers with Radar,0,4,115,0,119,0,0,410,0,410,0,4,525,0,529,552,0,552,1081
06/09/2013,TMB,FL,ASO,ES,Towers with Radar,0,6,102,0,108,0,0,299,0,299,0,6,401,0,407,290,0,290,697
06/10/2013,TMB,FL,ASO,ES,Towers with Radar,0,3,136,0,139,0,2,367,0,369,0,5,503,0,508,415,0,415,923
06/11/2013,TMB,FL,ASO,ES,Towers with Radar,0,0,100,0,100,0,1,267,1,269,0,1,367,1,369,425,0,425,794
06/12/2013,TMB,FL,ASO,ES,Towers with Radar,0,2,62,0,64,0,0,156,0,156,0,2,218,0,220,151,0,151,371
06/13/2013,TMB,FL,ASO,ES,Towers with Radar,0,1,97,0,98,0,0,251,0,251,0,1,348,0,349,301,0,301,650
06/14/2013,TMB,FL,ASO,ES,Towers with Radar,0,4,82,0,86,0,1,371,2,374,0,5,453,2,460,439,0,439,899
06/15/2013,TMB,FL,ASO,ES,Towers with Radar,0,0,88,0,88,0,0,433,0,433,0,0,521,0,521,390,0,390,911
06/16/2013,TMB,FL,ASO,ES,Towers with Radar,0,4,85,0,89,0,0,260,0,260,0,4,345,0,349,219,0,219,568
06/17/2013,TMB,FL,ASO,ES,Towers with Radar,0,2,101,0,103,0,3,352,0,355,0,5,453,0,458,481,0,481,939
06/18/2013,TMB,FL,ASO,ES,Towers with Radar,0,2,73,0,75,0,0,312,0,312,0,2,385,0,387,469,0,469,856
06/19/2013,TMB,FL,ASO,ES,Towers with Radar,0,3,67,0,70,0,0,221,0,221,0,3,288,0,291,396,0,396,687
06/20/2013,TMB,FL,ASO,ES,Towers with Radar,0,5,77,0,82,0,0,293,0,293,0,5,370,0,375,392,0,392,767
06/21/2013,TMB,FL,ASO,ES,Towers with Radar,0,4,75,0,79,0,2,361,0,363,0,6,436,0,442,453,0,453,895
06/22/2013,TMB,FL,ASO,ES,Towers with Radar,0,0,87,0,87,0,0,293,0,293,0,0,380,0,380,367,0,367,747
06/23/2013,TMB,FL,ASO,ES,Towers with Radar,0,4,74,0,78,0,1,175,0,176,0,5,249,0,254,248,0,248,502
06/24/2013,TMB,FL,ASO,ES,Towers with Radar,0,7,82,0,89,0,0,314,0,314,0,7,396,0,403,350,0,350,753
06/25/2013,TMB,FL,ASO,ES,Towers with Radar,0,6,85,0,91,0,1,325,0,326,0,7,410,0,417,457,0,457,874
06/26/2013,TMB,FL,ASO,ES,Towers with Radar,0,3,79,0,82,0,2,297,0,299,0,5,376,0,381,475,0,475,856
06/27/2013,TMB,FL,ASO,ES,Towers with Radar,0,10,81,0,91,0,2,230,0,232,0,12,311,0,323,358,0,358,681
06/28/2013,TMB,FL,ASO,ES,Towers with Radar,0,7,99,0,106,0,0,328,0,328,0,7,427,0,434,393,0,393,827
06/29/2013,TMB,FL,ASO,ES,Towers with Radar,0,5,54,0,59,0,1,228,0,229,0,6,282,0,288,277,0,277,565
06/30/2013,TMB,FL,ASO,ES,Towers with Radar,0,10,67,0,77,0,1,215,0,216,0,11,282,0,293,93,0,93,386
07/01/2013,TMB,FL,ASO,ES,Towers with Radar,0,5,67,6,78,0,0,245,0,245,0,5,312,6,323,174,0,174,497
07/02/2013,TMB,FL,ASO,ES,Towers with Radar,0,7,70,1,78,0,0,175,0,175,0,7,245,1,253,290,0,290,543
07/03/2013,TMB,FL,ASO,ES,Towers with Radar,0,9,101,0,110,0,2,315,2,319,0,11,416,2,429,229,0,229,658
07/04/2013,TMB,FL,ASO,ES,Towers with Radar,0,11,53,0,64,0,2,309,0,311,0,13,362,0,375,244,0,244,619
07/05/2013,TMB,FL,ASO,ES,Towers with Radar,0,3,76,0,79,0,0,247,0,247,0,3,323,0,326,392,0,392,718
07/06/2013,TMB,FL,ASO,ES,Towers with Radar,0,6,75,0,81,0,0,351,0,351,0,6,426,0,432,551,0,551,983
07/07/2013,TMB,FL,ASO,ES,Towers with Radar,0,8,85,0,93,0,0,302,0,302,0,8,387,0,395,222,0,222,617
07/08/2013,TMB,FL,ASO,ES,Towers with Radar,0,8,90,0,98,0,0,405,0,405,0,8,495,0,503,473,0,473,976
07/09/2013,TMB,FL,ASO,ES,Towers with Radar,0,1,139,2,142,0,0,144,0,144,0,1,283,2,286,368,0,368,654
07/10/2013,TMB,FL,ASO,ES,Towers with Radar,0,7,56,0,63,0,0,277,0,277,0,7,333,0,340,427,0,427,767
07/11/2013,TMB,FL,ASO,ES,Towers with Radar,0,8,73,0,81,0,0,320,0,320,0,8,393,0,401,369,0,369,770
07/12/2013,TMB,FL,ASO,ES,Towers with Radar,0,9,67,0,76,0,1,222,0,223,0,10,289,0,299,357,0,357,656
07/13/2013,TMB,FL,ASO,ES,Towers with Radar,0,0,58,0,58,0,0,266,0,266,0,0,324,0,324,265,0,265,589
07/14/2013,TMB,FL,ASO,ES,Towers with Radar,0,10,62,0,72,0,0,191,0,191,0,10,253,0,263,153,0,153,416
07/15/2013,TMB,FL,ASO,ES,Towers with Radar,0,2,96,0,98,0,0,248,0,248,0,2,344,0,346,344,0,344,690
07/16/2013,TMB,FL,ASO,ES,Towers with Radar,0,4,61,0,65,0,0,120,0,120,0,4,181,0,185,250,0,250,435
07/17/2013,TMB,FL,ASO,ES,Towers with Radar,0,9,68,0,77,0,0,112,0,112,0,9,180,0,189,185,0,185,374
07/18/2013,TMB,FL,ASO,ES,Towers with Radar,0,9,103,0,112,0,1,164,0,165,0,10,267,0,277,232,0,232,509
07/19/2013,TMB,FL,ASO,ES,Towers with Radar,0,11,91,0,102,0,0,408,0,408,0,11,499,0,510,388,0,388,898
07/20/2013,TMB,FL,ASO,ES,Towers with Radar,0,2,72,0,74,0,0,229,0,229,0,2,301,0,303,218,0,218,521
07/21/2013,TMB,FL,ASO,ES,Towers with Radar,0,4,104,0,108,0,0,177,0,177,0,4,281,0,285,302,0,302,587
07/22/2013,TMB,FL,ASO,ES,Towers with Radar,0,2,86,0,88,0,2,354,0,356,0,4,440,0,444,361,0,361,805
07/23/2013,TMB,FL,ASO,ES,Towers with Radar,0,0,96,0,96,0,0,254,0,254,0,0,350,0,350,430,0,430,780
07/24/2013,TMB,FL,ASO,ES,Towers with Radar,0,8,93,3,104,0,1,364,0,365,0,9,457,3,469,422,0,422,891
07/25/2013,TMB,FL,ASO,ES,Towers with Radar,0,3,84,0,87,0,1,390,0,391,0,4,474,0,478,483,0,483,961
07/26/2013,TMB,FL,ASO,ES,Towers with Radar,0,4,87,0,91,0,2,330,0,332,0,6,417,0,423,310,0,310,733
07/27/2013,TMB,FL,ASO,ES,Towers with Radar,0,4,52,0,56,0,1,231,0,232,0,5,283,0,288,264,0,264,552
07/28/2013,TMB,FL,ASO,ES,Towers with Radar,0,6,50,0,56,0,0,180,0,180,0,6,230,0,236,102,0,102,338
07/29/2013,TMB,FL,ASO,ES,Towers with Radar,0,5,103,0,108,0,0,312,0,312,0,5,415,0,420,602,0,602,1022
07/30/2013,TMB,FL,ASO,ES,Towers with Radar,0,4,96,0,100,0,0,249,0,249,0,4,345,0,349,456,0,456,805
07/31/2013,TMB,FL,ASO,ES,Towers with Radar,0,7,77,0,84,0,0,312,0,312,0,7,389,0,396,479,0,479,875
08/01/2013,TMB,FL,ASO,ES,Towers with Radar,0,8,94,0,102,0,0,322,0,322,0,8,416,0,424,478,0,478,902
08/02/2013,TMB,FL,ASO,ES,Towers with Radar,0,6,87,0,93,0,0,318,0,318,0,6,405,0,411,412,0,412,823
08/03/2013,TMB,FL,ASO,ES,Towers with Radar,0,5,51,0,56,0,0,216,0,216,0,5,267,0,272,212,0,212,484
08/04/2013,TMB,FL,ASO,ES,Towers with Radar,0,9,63,0,72,0,0,238,0,238,0,9,301,0,310,232,0,232,542
08/05/2013,TMB,FL,ASO,ES,Towers with Radar,0,0,52,0,52,0,1,255,0,256,0,1,307,0,308,410,0,410,718
08/06/2013,TMB,FL,ASO,ES,Towers with Radar,0,7,81,0,88,0,0,295,0,295,0,7,376,0,383,296,0,296,679
08/07/2013,TMB,FL,ASO,ES,Towers with Radar,0,5,67,0,72,0,2,298,0,300,0,7,365,0,372,381,0,381,753
08/08/2013,TMB,FL,ASO,ES,Towers with Radar,0,3,78,0,81,0,2,348,0,350,0,5,426,0,431,249,0,249,680
08/09/2013,TMB,FL,ASO,ES,Towers with Radar,0,8,101,0,109,0,0,294,0,294,0,8,395,0,403,331,0,331,734
08/10/2013,TMB,FL,ASO,ES,Towers with Radar,0,1,90,0,91,0,3,334,0,337,0,4,424,0,428,353,0,353,781
08/11/2013,TMB,FL,ASO,ES,Towers with Radar,0,5,89,0,94,0,0,259,0,259,0,5,348,0,353,133,0,133,486
08/12/2013,TMB,FL,ASO,ES,Towers with Radar,0,5,71,0,76,0,1,351,2,354,0,6,422,2,430,581,0,581,1011
08/13/2013,TMB,FL,ASO,ES,Towers with Radar,0,3,84,1,88,0,3,309,0,312,0,6,393,1,400,400,0,400,800
08/14/2013,TMB,FL,ASO,ES,Towers with Radar,0,1,77,0,78,0,0,292,0,292,0,1,369,0,370,512,0,512,882
08/15/2013,TMB,FL,ASO,ES,Towers with Radar,0,10,87,0,97,0,0,171,0,171,0,10,258,0,268,350,0,350,618
08/16/2013,TMB,FL,ASO,ES,Towers with Radar,0,5,85,0,90,0,1,320,0,321,0,6,405,0,411,443,0,443,854
08/17/2013,TMB,FL,ASO,ES,Towers with Radar,0,4,56,0,60,0,0,309,0,309,0,4,365,0,369,267,0,267,636
08/18/2013,TMB,FL,ASO,ES,Towers with Radar,0,3,73,0,76,0,0,189,0,189,0,3,262,0,265,185,0,185,450
08/19/2013,TMB,FL,ASO,ES,Towers with Radar,0,2,95,0,97,0,4,311,0,315,0,6,406,0,412,380,0,380,792
08/20/2013,TMB,FL,ASO,ES,Towers with Radar,0,1,99,0,100,0,0,275,0,275,0,1,374,0,375,526,0,526,901
08/21/2013,TMB,FL,ASO,ES,Towers with Radar,0,4,87,0,91,0,0,275,0,275,0,4,362,0,366,365,0,365,731
08/22/2013,TMB,FL,ASO,ES,Towers with Radar,0,6,92,0,98,0,3,307,1,311,0,9,399,1,409,381,0,381,790
08/23/2013,TMB,FL,ASO,ES,Towers with Radar,0,2,54,4,60,0,3,291,0,294,0,5,345,4,354,280,0,280,634
08/24/2013,TMB,FL,ASO,ES,Towers with Radar,0,1,59,0,60,0,0,266,0,266,0,1,325,0,326,377,0,377,703
08/25/2013,TMB,FL,ASO,ES,Towers with Radar,0,4,54,0,58,0,0,170,0,170,0,4,224,0,228,133,0,133,361
08/26/2013,TMB,FL,ASO,ES,Towers with Radar,0,4,70,0,74,0,0,200,0,200,0,4,270,0,274,235,0,235,509
08/27/2013,TMB,FL,ASO,ES,Towers with Radar,0,6,63,0,69,0,1,172,0,173,0,7,235,0,242,349,0,349,591
08/28/2013,TMB,FL,ASO,ES,Towers with Radar,0,5,82,0,87,0,0,203,0,203,0,5,285,0,290,244,0,244,534
08/29/2013,TMB,FL,ASO,ES,Towers with Radar,0,6,72,0,78,0,0,314,0,314,0,6,386,0,392,396,0,396,788
08/30/2013,TMB,FL,ASO,ES,Towers with Radar,0,6,103,0,109,0,0,332,0,332,0,6,435,0,441,309,0,309,750
08/31/2013,TMB,FL,ASO,ES,Towers with Radar,0,2,67,0,69,0,0,231,0,231,0,2,298,0,300,357,0,357,657
09/01/2013,TMB,FL,ASO,ES,Towers with Radar,0,2,53,0,55,0,0,173,0,173,0,2,226,0,228,183,2,185,413
09/02/2013,TMB,FL,ASO,ES,Towers with Radar,0,3,71,0,74,0,0,283,0,283,0,3,354,0,357,336,0,336,693
09/03/2013,TMB,FL,ASO,ES,Towers with Radar,0,4,49,0,53,0,0,200,0,200,0,4,249,0,253,416,0,416,669
09/04/2013,TMB,FL,ASO,ES,Towers with Radar,0,4,64,0,68,0,0,241,0,241,0,4,305,0,309,476,0,476,785
09/05/2013,TMB,FL,ASO,ES,Towers with Radar,0,5,94,0,99,0,0,332,0,332,0,5,426,0,431,371,0,371,802
09/06/2013,TMB,FL,ASO,ES,Towers with Radar,0,1,97,0,98,0,2,275,0,277,0,3,372,0,375,423,0,423,798
09/07/2013,TMB,FL,ASO,ES,Towers with Radar,0,9,76,0,85,0,0,226,0,226,0,9,302,0,311,312,0,312,623
09/08/2013,TMB,FL,ASO,ES,Towers with Radar,0,3,61,0,64,0,0,215,0,215,0,3,276,0,279,146,0,146,425
09/09/2013,TMB,FL,ASO,ES,Towers with Radar,0,2,70,0,72,0,0,252,0,252,0,2,322,0,324,423,0,423,747
09/10/2013,TMB,FL,ASO,ES,Towers with Radar,0,4,81,0,85,0,0,230,0,230,0,4,311,0,315,221,0,221,536
09/11/2013,TMB,FL,ASO,ES,Towers with Radar,0,2,74,0,76,0,0,202,0,202,0,2,276,0,278,334,0,334,612
09/12/2013,TMB,FL,ASO,ES,Towers with Radar,0,3,90,0,93,0,0,359,0,359,0,3,449,0,452,478,0,478,930
09/13/2013,TMB,FL,ASO,ES,Towers with Radar,0,4,101,0,105,0,0,290,0,290,0,4,391,0,395,348,0,348,743
09/14/2013,TMB,FL,ASO,ES,Towers with Radar,0,0,64,0,64,0,0,359,0,359,0,0,423,0,423,387,0,387,810
09/15/2013,TMB,FL,ASO,ES,Towers with Radar,0,3,45,0,48,0,0,108,0,108,0,3,153,0,156,102,0,102,258
09/16/2013,TMB,FL,ASO,ES,Towers with Radar,0,3,58,0,61,0,0,78,0,78,0,3,136,0,139,72,0,72,211
09/17/2013,TMB,FL,ASO,ES,Towers with Radar,0,4,77,0,81,0,0,202,0,202,0,4,279,0,283,381,0,381,664
09/18/2013,TMB,FL,ASO,ES,Towers with Radar,0,4,71,0,75,0,0,304,0,304,0,4,375,0,379,391,0,391,770
09/19/2013,TMB,FL,ASO,ES,Towers with Radar,0,6,65,0,71,0,2,306,0,308,0,8,371,0,379,449,0,449,828
09/20/2013,TMB,FL,ASO,ES,Towers with Radar,0,12,83,0,95,0,0,350,0,350,0,12,433,0,445,340,0,340,785
09/21/2013,TMB,FL,ASO,ES,Towers with Radar,1,4,68,0,73,0,1,322,0,323,1,5,390,0,396,358,0,358,754
09/22/2013,TMB,FL,ASO,ES,Towers with Radar,0,1,48,0,49,0,0,232,0,232,0,1,280,0,281,137,0,137,418
09/23/2013,TMB,FL,ASO,ES,Towers with Radar,0,4,42,0,46,0,0,259,2,261,0,4,301,2,307,421,0,421,728
09/24/2013,TMB,FL,ASO,ES,Towers with Radar,1,3,79,0,83,0,0,307,2,309,1,3,386,2,392,373,0,373,765
09/25/2013,TMB,FL,ASO,ES,Towers with Radar,0,0,61,0,61,0,0,349,0,349,0,0,410,0,410,326,0,326,736
09/26/2013,TMB,FL,ASO,ES,Towers with Radar,0,11,55,0,66,0,0,315,0,315,0,11,370,0,381,362,0,362,743
09/27/2013,TMB,FL,ASO,ES,Towers with Radar,0,5,74,0,79,0,0,409,0,409,0,5,483,0,488,407,0,407,895
09/28/2013,TMB,FL,ASO,ES,Towers with Radar,0,0,46,0,46,0,0,288,0,288,0,0,334,0,334,375,0,375,709
09/29/2013,TMB,FL,ASO,ES,Towers with Radar,0,6,41,0,47,0,0,215,0,215,0,6,256,0,262,89,0,89,351
09/30/2013,TMB,FL,ASO,ES,Towers with Radar,0,5,76,0,81,0,0,306,0,306,0,5,382,0,387,458,0,458,845
10/01/2013,TMB,FL,ASO,ES,Towers with Radar,0,7,86,0,93,0,0,299,0,299,0,7,385,0,392,398,0,398,790
10/02/2013,TMB,FL,ASO,ES,Towers with Radar,0,4,64,0,68,0,0,219,0,219,0,4,283,0,287,226,0,226,513
10/03/2013,TMB,FL,ASO,ES,Towers with Radar,0,1,79,0,80,0,0,225,0,225,0,1,304,0,305,387,0,387,692
10/04/2013,TMB,FL,ASO,ES,Towers with Radar,0,2,105,0,107,0,0,327,0,327,0,2,432,0,434,422,0,422,856
10/05/2013,TMB,FL,ASO,ES,Towers with Radar,0,1,85,0,86,0,0,323,0,323,0,1,408,0,409,364,0,364,773
10/06/2013,TMB,FL,ASO,ES,Towers with Radar,0,3,69,0,72,0,0,224,0,224,0,3,293,0,296,211,0,211,507
10/07/2013,TMB,FL,ASO,ES,Towers with Radar,0,5,57,0,62,0,0,297,0,297,0,5,354,0,359,374,0,374,733
10/08/2013,TMB,FL,ASO,ES,Towers with Radar,0,5,58,0,63,0,1,233,1,235,0,6,291,1,298,324,0,324,622
10/09/2013,TMB,FL,ASO,ES,Towers with Radar,0,3,79,1,83,0,2,347,0,349,0,5,426,1,432,403,0,403,835
10/10/2013,TMB,FL,ASO,ES,Towers with Radar,0,3,104,0,107,0,2,367,0,369,0,5,471,0,476,367,0,367,843
10/11/2013,TMB,FL,ASO,ES,Towers with Radar,0,2,88,0,90,0,0,284,1,285,0,2,372,1,375,362,0,362,737
10/12/2013,TMB,FL,ASO,ES,Towers with Radar,0,1,84,0,85,0,1,421,0,422,0,2,505,0,507,329,0,329,836
10/13/2013,TMB,FL,ASO,ES,Towers with Radar,0,9,50,0,59,0,0,212,0,212,0,9,262,0,271,108,0,108,379
10/14/2013,TMB,FL,ASO,ES,Towers with Radar,0,3,105,3,111,0,3,311,1,315,0,6,416,4,426,334,0,334,760
10/15/2013,TMB,FL,ASO,ES,Towers with Radar,0,2,106,0,108,0,2,374,0,376,0,4,480,0,484,324,0,324,808
10/16/2013,TMB,FL,ASO,ES,Towers with Radar,1,4,93,0,98,0,1,318,0,319,1,5,411,0,417,374,0,374,791
10/17/2013,TMB,FL,ASO,ES,Towers with Radar,0,7,83,0,90,0,0,326,0,326,0,7,409,0,416,391,0,391,807
10/18/2013,TMB,FL,ASO,ES,Towers with Radar,1,9,84,0,94,0,0,346,0,346,1,9,430,0,440,295,0,295,735
10/19/2013,TMB,FL,ASO,ES,Towers with Radar,0,1,69,0,70,0,0,331,0,331,0,1,400,0,401,294,0,294,695
10/20/2013,TMB,FL,ASO,ES,Towers with Radar,0,11,54,0,65,0,0,193,0,193,0,11,247,0,258,144,0,144,402
10/21/2013,TMB,FL,ASO,ES,Towers with Radar,0,4,86,0,90,0,1,304,0,305,0,5,390,0,395,353,0,353,748
10/22/2013,TMB,FL,ASO,ES,Towers with Radar,0,5,54,0,59,0,0,234,0,234,0,5,288,0,293,333,0,333,626
10/23/2013,TMB,FL,ASO,ES,Towers with Radar,0,3,70,0,73,0,0,240,0,240,0,3,310,0,313,352,0,352,665
10/24/2013,TMB,FL,ASO,ES,Towers with Radar,0,8,92,0,100,0,0,316,0,316,0,8,408,0,416,448,0,448,864
10/25/2013,TMB,FL,ASO,ES,Towers with Radar,0,3,101,0,104,0,0,363,0,363,0,3,464,0,467,388,0,388,855
10/26/2013,TMB,FL,ASO,ES,Towers with Radar,0,1,52,0,53,0,0,345,0,345,0,1,397,0,398,270,0,270,668
10/27/2013,TMB,FL,ASO,ES,Towers with Radar,1,5,73,0,79,0,1,258,0,259,1,6,331,0,338,139,0,139,477
10/28/2013,TMB,FL,ASO,ES,Towers with Radar,0,3,84,0,87,0,0,339,0,339,0,3,423,0,426,395,0,395,821
10/29/2013,TMB,FL,ASO,ES,Towers with Radar,0,11,75,0,86,0,0,361,0,361,0,11,436,0,447,291,0,291,738
10/30/2013,TMB,FL,ASO,ES,Towers with Radar,0,3,84,0,87,0,1,335,0,336,0,4,419,0,423,408,0,408,831
10/31/2013,TMB,FL,ASO,ES,Towers with Radar,0,2,84,0,86,0,2,294,0,296,0,4,378,0,382,430,0,430,812
11/01/2013,TMB,FL,ASO,ES,Towers with Radar,0,5,94,0,99,0,1,297,0,298,0,6,391,0,397,399,0,399,796
11/02/2013,TMB,FL,ASO,ES,Towers with Radar,0,2,69,0,71,0,0,341,0,341,0,2,410,0,412,359,0,359,771
11/03/2013,TMB,FL,ASO,ES,Towers with Radar,0,7,58,0,65,0,0,199,0,199,0,7,257,0,264,101,0,101,365
11/04/2013,TMB,FL,ASO,ES,Towers with Radar,0,5,66,0,71,0,1,176,0,177,0,6,242,0,248,191,0,191,439
11/05/2013,TMB,FL,ASO,ES,Towers with Radar,0,3,74,0,77,0,0,292,0,292,0,3,366,0,369,205,0,205,574
11/06/2013,TMB,FL,ASO,ES,Towers with Radar,0,3,102,0,105,0,2,312,0,314,0,5,414,0,419,419,0,419,838
11/07/2013,TMB,FL,ASO,ES,Towers with Radar,0,8,101,0,109,0,1,371,0,372,0,9,472,0,481,436,0,436,917
11/08/2013,TMB,FL,ASO,ES,Towers with Radar,0,3,45,0,48,0,0,167,0,167,0,3,212,0,215,184,0,184,399
11/09/2013,TMB,FL,ASO,ES,Towers with Radar,0,6,31,0,37,0,0,39,0,39,0,6,70,0,76,31,0,31,107
11/10/2013,TMB,FL,ASO,ES,Towers with Radar,0,8,62,0,70,0,1,228,0,229,0,9,290,0,299,313,0,313,612
11/11/2013,TMB,FL,ASO,ES,Towers with Radar,0,5,112,0,117,0,0,362,0,362,0,5,474,0,479,486,0,486,965
11/12/2013,TMB,FL,ASO,ES,Towers with Radar,0,6,128,0,134,0,0,344,0,344,0,6,472,0,478,560,0,560,1038
11/13/2013,TMB,FL,ASO,ES,Towers with Radar,0,6,56,0,62,0,0,190,0,190,0,6,246,0,252,154,0,154,406
11/14/2013,TMB,FL,ASO,ES,Towers with Radar,0,4,117,1,122,0,0,257,0,257,0,4,374,1,379,124,0,124,503
11/15/2013,TMB,FL,ASO,ES,Towers with Radar,0,1,109,0,110,0,1,294,0,295,0,2,403,0,405,384,0,384,789
11/16/2013,TMB,FL,ASO,ES,Towers with Radar,0,0,74,0,74,0,0,248,0,248,0,0,322,0,322,263,0,263,585
11/17/2013,TMB,FL,ASO,ES,Towers with Radar,0,4,110,1,115,0,1,263,0,264,0,5,373,1,379,132,0,132,511
11/18/2013,TMB,FL,ASO,ES,Towers with Radar,0,4,112,0,116,0,1,366,0,367,0,5,478,0,483,584,0,584,1067
11/19/2013,TMB,FL,ASO,ES,Towers with Radar,0,1,101,0,102,0,1,266,0,267,0,2,367,0,369,458,0,458,827
11/20/2013,TMB,FL,ASO,ES,Towers with Radar,0,5,99,0,104,0,0,300,0,300,0,5,399,0,404,560,0,560,964
11/21/2013,TMB,FL,ASO,ES,Towers with Radar,0,7,92,0,99,0,0,299,0,299,0,7,391,0,398,437,0,437,835
11/22/2013,TMB,FL,ASO,ES,Towers with Radar,0,5,91,0,96,0,0,84,0,84,0,5,175,0,180,66,0,66,246
11/23/2013,TMB,FL,ASO,ES,Towers with Radar,0,6,79,0,85,0,0,308,0,308,0,6,387,0,393,237,0,237,630
11/24/2013,TMB,FL,ASO,ES,Towers with Radar,0,2,97,0,99,0,0,253,0,253,0,2,350,0,352,157,0,157,509
11/25/2013,TMB,FL,ASO,ES,Towers with Radar,0,5,76,0,81,0,0,203,0,203,0,5,279,0,284,218,0,218,502
11/26/2013,TMB,FL,ASO,ES,Towers with Radar,0,11,82,0,93,0,2,192,0,194,0,13,274,0,287,170,0,170,457
11/27/2013,TMB,FL,ASO,ES,Towers with Radar,0,9,83,0,92,0,0,336,0,336,0,9,419,0,428,476,0,476,904
11/28/2013,TMB,FL,ASO,ES,Towers with Radar,0,4,58,0,62,0,0,217,0,217,0,4,275,0,279,197,0,197,476
11/29/2013,TMB,FL,ASO,ES,Towers with Radar,0,3,73,0,76,0,0,264,0,264,0,3,337,0,340,301,0,301,641
11/30/2013,TMB,FL,ASO,ES,Towers with Radar,0,8,72,0,80,0,0,279,0,279,0,8,351,0,359,341,0,341,700
12/01/2013,TMB,FL,ASO,ES,Towers with Radar,0,26,116,0,142,0,2,235,0,237,0,28,351,0,379,209,0,209,588
12/02/2013,TMB,FL,ASO,ES,Towers with Radar,0,3,79,0,82,0,0,182,0,182,0,3,261,0,264,218,0,218,482
12/03/2013,TMB,FL,ASO,ES,Towers with Radar,0,3,100,0,103,0,0,349,0,349,0,3,449,0,452,580,0,580,1032
12/04/2013,TMB,FL,ASO,ES,Towers with Radar,0,3,94,0,97,0,0,369,0,369,0,3,463,0,466,412,0,412,878
12/05/2013,TMB,FL,ASO,ES,Towers with Radar,0,5,96,0,101,0,0,351,0,351,0,5,447,0,452,301,0,301,753
12/06/2013,TMB,FL,ASO,ES,Towers with Radar,0,8,100,0,108,0,0,351,0,351,0,8,451,0,459,418,0,418,877
12/07/2013,TMB,FL,ASO,ES,Towers with Radar,0,7,90,0,97,0,0,380,0,380,0,7,470,0,477,363,0,363,840
12/08/2013,TMB,FL,ASO,ES,Towers with Radar,0,10,80,0,90,0,1,262,0,263,0,11,342,0,353,233,0,233,586
12/09/2013,TMB,FL,ASO,ES,Towers with Radar,0,6,69,0,75,0,0,383,0,383,0,6,452,0,458,373,0,373,831
12/10/2013,TMB,FL,ASO,ES,Towers with Radar,0,6,94,0,100,0,1,337,0,338,0,7,431,0,438,457,0,457,895
12/11/2013,TMB,FL,ASO,ES,Towers with Radar,0,8,94,0,102,0,3,336,0,339,0,11,430,0,441,484,0,484,925
12/12/2013,TMB,FL,ASO,ES,Towers with Radar,0,4,104,0,108,0,0,242,0,242,0,4,346,0,350,345,0,345,695
12/13/2013,TMB,FL,ASO,ES,Towers with Radar,0,4,103,0,107,0,0,324,0,324,0,4,427,0,431,453,0,453,884
12/14/2013,TMB,FL,ASO,ES,Towers with Radar,0,5,81,0,86,0,0,294,0,294,0,5,375,0,380,241,0,241,621
12/15/2013,TMB,FL,ASO,ES,Towers with Radar,0,1,63,0,64,0,0,212,0,212,0,1,275,0,276,241,0,241,517
12/16/2013,TMB,FL,ASO,ES,Towers with Radar,0,3,86,0,89,0,0,291,0,291,0,3,377,0,380,282,0,282,662
12/17/2013,TMB,FL,ASO,ES,Towers with Radar,0,5,88,0,93,0,0,312,0,312,0,5,400,0,405,427,0,427,832
12/18/2013,TMB,FL,ASO,ES,Towers with Radar,0,9,82,0,91,0,1,299,0,300,0,10,381,0,391,352,0,352,743
12/19/2013,TMB,FL,ASO,ES,Towers with Radar,0,6,111,0,117,0,0,345,0,345,0,6,456,0,462,402,0,402,864
12/20/2013,TMB,FL,ASO,ES,Towers with Radar,0,13,107,0,120,0,2,315,0,317,0,15,422,0,437,330,0,330,767
12/21/2013,TMB,FL,ASO,ES,Towers with Radar,0,14,80,0,94,0,2,275,0,277,0,16,355,0,371,306,0,306,677
12/22/2013,TMB,FL,ASO,ES,Towers with Radar,0,7,44,0,51,0,1,188,0,189,0,8,232,0,240,29,0,29,269
12/23/2013,TMB,FL,ASO,ES,Towers with Radar,0,5,49,0,54,0,0,281,0,281,0,5,330,0,335,380,0,380,715
12/24/2013,TMB,FL,ASO,ES,Towers with Radar,0,6,35,0,41,0,0,172,0,172,0,6,207,0,213,244,0,244,457
12/25/2013,TMB,FL,ASO,ES,Towers with Radar,0,5,14,0,19,0,1,40,0,41,0,6,54,0,60,25,0,25,85
12/26/2013,TMB,FL,ASO,ES,Towers with Radar,0,21,59,0,80,0,1,115,0,116,0,22,174,0,196,189,0,189,385
12/27/2013,TMB,FL,ASO,ES,Towers with Radar,0,17,113,0,130,0,1,235,0,236,0,18,348,0,366,259,0,259,625
12/28/2013,TMB,FL,ASO,ES,Towers with Radar,0,16,99,0,115,0,0,256,0,256,0,16,355,0,371,263,0,263,634
12/29/2013,TMB,FL,ASO,ES,Towers with Radar,0,8,54,0,62,0,0,95,0,95,0,8,149,0,157,160,0,160,317
12/30/2013,TMB,FL,ASO,ES,Towers with Radar,1,6,66,0,73,0,0,149,0,149,1,6,215,0,222,210,0,210,432
12/31/2013,TMB,FL,ASO,ES,Towers with Radar,0,4,36,0,40,0,0,136,0,136,0,4,172,0,176,181,0,181,357
01/01/2014,TMB,FL,ASO,ES,Towers with Radar,0,9,38,0,47,0,1,61,0,62,0,10,99,0,109,40,0,40,149
01/02/2014,TMB,FL,ASO,ES,Towers with Radar,0,15,61,0,76,0,0,310,2,312,0,15,371,2,388,236,0,236,624
01/03/2014,TMB,FL,ASO,ES,Towers with Radar,0,15,91,0,106,0,0,339,0,339,0,15,430,0,445,82,0,82,527
01/04/2014,TMB,FL,ASO,ES,Towers with Radar,0,25,93,0,118,0,2,169,0,171,0,27,262,0,289,203,0,203,492
01/05/2014,TMB,FL,ASO,ES,Towers with Radar,0,31,96,0,127,0,0,197,0,197,0,31,293,0,324,200,0,200,524
01/06/2014,TMB,FL,ASO,ES,Towers with Radar,0,8,71,0,79,0,0,265,0,265,0,8,336,0,344,297,0,297,641
01/07/2014,TMB,FL,ASO,ES,Towers with Radar,0,7,65,0,72,0,0,158,0,158,0,7,223,0,230,42,0,42,272
01/08/2014,TMB,FL,ASO,ES,Towers with Radar,0,3,68,0,71,0,0,44,0,44,0,3,112,0,115,180,0,180,295
01/09/2014,TMB,FL,ASO,ES,Towers with Radar,0,4,105,0,109,0,1,120,0,121,0,5,225,0,230,304,0,304,534
01/10/2014,TMB,FL,ASO,ES,Towers with Radar,0,2,120,0,122,0,0,324,0,324,0,2,444,0,446,413,0,413,859
01/11/2014,TMB,FL,ASO,ES,Towers with Radar,0,7,96,0,103,0,0,283,1,284,0,7,379,1,387,214,0,214,601
01/12/2014,TMB,FL,ASO,ES,Towers with Radar,0,3,63,0,66,0,0,283,0,283,0,3,346,0,349,212,0,212,561
01/13/2014,TMB,FL,ASO,ES,Towers with Radar,1,9,90,0,100,0,0,325,0,325,1,9,415,0,425,460,0,460,885
01/14/2014,TMB,FL,ASO,ES,Towers with Radar,0,3,68,0,71,0,0,295,0,295,0,3,363,0,366,447,0,447,813
01/15/2014,TMB,FL,ASO,ES,Towers with Radar,0,5,49,1,55,0,0,236,1,237,0,5,285,2,292,231,0,231,523
01/16/2014,TMB,FL,ASO,ES,Towers with Radar,0,4,74,0,78,0,0,313,2,315,0,4,387,2,393,258,0,258,651
01/17/2014,TMB,FL,ASO,ES,Towers with Radar,0,11,81,1,93,0,0,428,0,428,0,11,509,1,521,490,0,490,1011
01/18/2014,TMB,FL,ASO,ES,Towers with Radar,0,2,51,0,53,0,1,451,0,452,0,3,502,0,505,390,0,390,895
01/19/2014,TMB,FL,ASO,ES,Towers with Radar,0,2,34,0,36,0,1,333,0,334,0,3,367,0,370,399,0,399,769
01/20/2014,TMB,FL,ASO,ES,Towers with Radar,0,6,108,0,114,0,0,374,0,374,0,6,482,0,488,410,0,410,898
01/21/2014,TMB,FL,ASO,ES,Towers with Radar,0,5,65,0,70,0,0,145,0,145,0,5,210,0,215,316,0,316,531
01/22/2014,TMB,FL,ASO,ES,Towers with Radar,0,6,87,0,93,0,1,409,0,410,0,7,496,0,503,427,0,427,930
01/23/2014,TMB,FL,ASO,ES,Towers with Radar,0,2,127,0,129,0,0,332,0,332,0,2,459,0,461,508,0,508,969
01/24/2014,TMB,FL,ASO,ES,Towers with Radar,0,5,97,0,102,0,0,386,0,386,0,5,483,0,488,394,0,394,882
01/25/2014,TMB,FL,ASO,ES,Towers with Radar,0,6,73,0,79,0,0,354,0,354,0,6,427,0,433,481,0,481,914
01/26/2014,TMB,FL,ASO,ES,Towers with Radar,0,8,71,0,79,0,1,243,0,244,0,9,314,0,323,261,0,261,584
01/27/2014,TMB,FL,ASO,ES,Towers with Radar,0,10,69,1,80,0,0,337,0,337,0,10,406,1,417,455,0,455,872
01/28/2014,TMB,FL,ASO,ES,Towers with Radar,0,4,56,0,60,0,0,320,0,320,0,4,376,0,380,412,0,412,792
01/29/2014,TMB,FL,ASO,ES,Towers with Radar,0,7,59,0,66,0,0,84,0,84,0,7,143,0,150,169,0,169,319
01/30/2014,TMB,FL,ASO,ES,Towers with Radar,0,11,83,0,94,0,0,27,0,27,0,11,110,0,121,51,0,51,172
01/31/2014,TMB,FL,ASO,ES,Towers with Radar,0,8,105,0,113,0,0,296,0,296,0,8,401,0,409,393,0,393,802
02/01/2014,TMB,FL,ASO,ES,Towers with Radar,0,1,84,0,85,0,0,316,0,316,0,1,400,0,401,354,0,354,755
02/02/2014,TMB,FL,ASO,ES,Towers with Radar,0,5,80,0,85,0,0,263,0,263,0,5,343,0,348,264,0,264,612
02/03/2014,TMB,FL,ASO,ES,Towers with Radar,0,3,90,1,94,0,1,314,0,315,0,4,404,1,409,274,0,274,683
02/04/2014,TMB,FL,ASO,ES,Towers with Radar,0,0,86,0,86,0,0,292,0,292,0,0,378,0,378,362,0,362,740
02/05/2014,TMB,FL,ASO,ES,Towers with Radar,0,10,70,0,80,0,0,325,0,325,0,10,395,0,405,477,0,477,882
02/06/2014,TMB,FL,ASO,ES,Towers with Radar,0,8,97,0,105,0,0,303,0,303,0,8,400,0,408,553,0,553,961
02/07/2014,TMB,FL,ASO,ES,Towers with Radar,0,3,85,0,88,0,0,210,0,210,0,3,295,0,298,280,0,280,578
02/08/2014,TMB,FL,ASO,ES,Towers with Radar,0,2,87,0,89,0,0,297,0,297,0,2,384,0,386,291,0,291,677
02/09/2014,TMB,FL,ASO,ES,Towers with Radar,0,8,84,0,92,0,0,121,0,121,0,8,205,0,213,110,0,110,323
02/10/2014,TMB,FL,ASO,ES,Towers with Radar,0,5,96,0,101,0,0,333,0,333,0,5,429,0,434,489,0,489,923
02/11/2014,TMB,FL,ASO,ES,Towers with Radar,0,3,86,0,89,0,0,329,0,329,0,3,415,0,418,409,0,409,827
02/12/2014,TMB,FL,ASO,ES,Towers with Radar,0,12,53,0,65,0,0,197,0,197,0,12,250,0,262,140,0,140,402
02/13/2014,TMB,FL,ASO,ES,Towers with Radar,0,5,69,0,74,0,3,259,0,262,0,8,328,0,336,269,0,269,605
02/14/2014,TMB,FL,ASO,ES,Towers with Radar,0,4,78,0,82,0,1,480,0,481,0,5,558,0,563,433,0,433,996
02/15/2014,TMB,FL,ASO,ES,Towers with Radar,0,7,67,0,74,0,0,444,0,444,0,7,511,0,518,360,0,360,878
02/16/2014,TMB,FL,ASO,ES,Towers with Radar,0,2,71,0,73,0,0,295,0,295,0,2,366,0,368,224,0,224,592
02/17/2014,TMB,FL,ASO,ES,Towers with Radar,0,6,101,0,107,0,1,317,0,318,0,7,418,0,425,396,0,396,821
02/18/2014,TMB,FL,ASO,ES,Towers with Radar,0,7,104,0,111,0,0,375,0,375,0,7,479,0,486,406,0,406,892
02/19/2014,TMB,FL,ASO,ES,Towers with Radar,0,7,74,0,81,0,0,323,0,323,0,7,397,0,404,505,0,505,909
02/20/2014,TMB,FL,ASO,ES,Towers with Radar,0,6,93,0,99,0,2,273,2,277,0,8,366,2,376,471,0,471,847
02/21/2014,TMB,FL,ASO,ES,Towers with Radar,0,7,85,0,92,0,0,310,0,310,0,7,395,0,402,420,0,420,822
02/22/2014,TMB,FL,ASO,ES,Towers with Radar,0,5,91,0,96,0,0,325,0,325,0,5,416,0,421,389,0,389,810
02/23/2014,TMB,FL,ASO,ES,Towers with Radar,0,9,65,0,74,0,0,232,0,232,0,9,297,0,306,184,0,184,490
02/24/2014,TMB,FL,ASO,ES,Towers with Radar,0,1,97,0,98,0,2,313,0,315,0,3,410,0,413,510,0,510,923
02/25/2014,TMB,FL,ASO,ES,Towers with Radar,0,3,77,0,80,0,0,363,0,363,0,3,440,0,443,495,0,495,938
02/26/2014,TMB,FL,ASO,ES,Towers with Radar,0,6,80,4,90,0,0,378,0,378,0,6,458,4,468,513,0,513,981
02/27/2014,TMB,FL,ASO,ES,Towers with Radar,0,5,97,0,102,0,0,223,0,223,0,5,320,0,325,475,0,475,800
02/28/2014,TMB,FL,ASO,ES,Towers with Radar,0,11,80,0,91,0,0,266,0,266,0,11,346,0,357,337,0,337,694
03/01/2014,TMB,FL,ASO,ES,Towers with Radar,0,0,78,0,78,0,0,368,0,368,0,0,446,0,446,423,0,423,869
03/02/2014,TMB,FL,ASO,ES,Towers with Radar,0,0,73,0,73,0,1,312,0,313,0,1,385,0,386,229,0,229,615
03/03/2014,TMB,FL,ASO,ES,Towers with Radar,0,11,87,0,98,0,0,390,0,390,0,11,477,0,488,494,0,494,982
03/04/2014,TMB,FL,ASO,ES,Towers with Radar,0,11,80,0,91,0,0,384,1,385,0,11,464,1,476,580,0,580,1056
03/05/2014,TMB,FL,ASO,ES,Towers with Radar,0,5,122,0,127,0,1,369,0,370,0,6,491,0,497,587,0,587,1084
03/06/2014,TMB,FL,ASO,ES,Towers with Radar,0,2,44,0,46,0,0,231,0,231,0,2,275,0,277,290,0,290,567
03/07/2014,TMB,FL,ASO,ES,Towers with Radar,0,6,68,0,74,0,1,143,2,146,0,7,211,2,220,171,0,171,391
03/08/2014,TMB,FL,ASO,ES,Towers with Radar,0,10,57,1,68,0,0,48,4,52,0,10,105,5,120,0,0,0,120
03/09/2014,TMB,FL,ASO,ES,Towers with Radar,0,21,67,1,89,0,1,88,1,90,0,22,155,2,179,11,0,11,190
03/10/2014,TMB,FL,ASO,ES,Towers with Radar,0,5,77,0,82,0,2,375,1,378,0,7,452,1,460,420,0,420,880
03/11/2014,TMB,FL,ASO,ES,Towers with Radar,0,5,84,1,90,0,0,443,1,444,0,5,527,2,534,564,0,564,1098
03/12/2014,TMB,FL,ASO,ES,Towers with Radar,0,5,72,0,77,0,0,408,2,410,0,5,480,2,487,220,0,220,707
03/13/2014,TMB,FL,ASO,ES,Towers with Radar,0,7,63,0,70,0,0,287,3,290,0,7,350,3,360,199,0,199,559
03/14/2014,TMB,FL,ASO,ES,Towers with Radar,0,6,107,0,113,0,0,335,0,335,0,6,442,0,448,453,0,453,901
03/15/2014,TMB,FL,ASO,ES,Towers with Radar,0,1,77,0,78,0,0,365,1,366,0,1,442,1,444,311,0,311,755
03/16/2014,TMB,FL,ASO,ES,Towers with Radar,0,4,80,0,84,0,0,267,0,267,0,4,347,0,351,81,0,81,432
03/17/2014,TMB,FL,ASO,ES,Towers with Radar,2,6,73,0,81,0,1,213,0,214,2,7,286,0,295,198,0,198,493
03/18/2014,TMB,FL,ASO,ES,Towers with Radar,0,11,74,0,85,0,2,247,0,249,0,13,321,0,334,388,0,388,722
03/19/2014,TMB,FL,ASO,ES,Towers with Radar,0,7,111,0,118,0,2,404,2,408,0,9,515,2,526,662,0,662,1188
03/20/2014,TMB,FL,ASO,ES,Towers with Radar,0,4,55,0,59,0,3,210,2,215,0,7,265,2,274,475,0,475,749
03/21/2014,TMB,FL,ASO,ES,Towers with Radar,0,4,109,0,113,0,0,316,2,318,0,4,425,2,431,280,0,280,711
03/22/2014,TMB,FL,ASO,ES,Towers with Radar,0,10,85,0,95,0,0,346,2,348,0,10,431,2,443,394,0,394,837
03/23/2014,TMB,FL,ASO,ES,Towers with Radar,0,5,74,0,79,0,0,263,2,265,0,5,337,2,344,204,0,204,548
03/24/2014,TMB,FL,ASO,ES,Towers with Radar,0,6,105,0,111,0,0,262,0,262,0,6,367,0,373,517,0,517,890
03/25/2014,TMB,FL,ASO,ES,Towers with Radar,0,5,62,0,67,0,2,216,0,218,0,7,278,0,285,236,0,236,521
03/26/2014,TMB,FL,ASO,ES,Towers with Radar,0,9,98,0,107,0,0,362,2,364,0,9,460,2,471,302,0,302,773
03/27/2014,TMB,FL,ASO,ES,Towers with Radar,0,3,89,0,92,0,0,312,2,314,0,3,401,2,406,520,0,520,926
03/28/2014,TMB,FL,ASO,ES,Towers with Radar,0,4,80,1,85,0,0,267,1,268,0,4,347,2,353,300,0,300,653
03/29/2014,TMB,FL,ASO,ES,Towers with Radar,0,1,63,0,64,0,0,161,0,161,0,1,224,0,225,205,0,205,430
03/30/2014,TMB,FL,ASO,ES,Towers with Radar,0,5,72,0,77,0,0,235,2,237,0,5,307,2,314,96,0,96,410
03/31/2014,TMB,FL,ASO,ES,Towers with Radar,0,5,95,0,100,0,0,425,0,425,0,5,520,0,525,460,0,460,985
04/01/2014,TMB,FL,ASO,ES,Towers with Radar,0,4,91,0,95,0,1,427,0,428,0,5,518,0,523,526,0,526,1049
04/02/2014,TMB,FL,ASO,ES,Towers with Radar,0,12,68,0,80,0,0,398,0,398,0,12,466,0,478,499,0,499,977
04/03/2014,TMB,FL,ASO,ES,Towers with Radar,0,2,99,0,101,0,0,397,0,397,0,2,496,0,498,476,0,476,974
04/04/2014,TMB,FL,ASO,ES,Towers with Radar,0,4,100,0,104,0,0,385,0,385,0,4,485,0,489,390,0,390,879
04/05/2014,TMB,FL,ASO,ES,Towers with Radar,0,3,78,0,81,0,0,349,0,349,0,3,427,0,430,372,0,372,802
04/06/2014,TMB,FL,ASO,ES,Towers with Radar,0,6,73,0,79,0,0,239,0,239,0,6,312,0,318,144,0,144,462
04/07/2014,TMB,FL,ASO,ES,Towers with Radar,0,1,91,0,92,0,0,368,0,368,0,1,459,0,460,113,0,113,573
04/08/2014,TMB,FL,ASO,ES,Towers with Radar,0,1,47,0,48,0,0,106,0,106,0,1,153,0,154,87,0,87,241
04/09/2014,TMB,FL,ASO,ES,Towers with Radar,0,2,82,3,87,0,1,316,3,320,0,3,398,6,407,537,0,537,944
04/10/2014,TMB,FL,ASO,ES,Towers with Radar,0,8,93,0,101,0,2,398,0,400,0,10,491,0,501,521,0,521,1022
04/11/2014,TMB,FL,ASO,ES,Towers with Radar,0,9,104,0,113,0,0,374,0,374,0,9,478,0,487,602,0,602,1089
04/12/2014,TMB,FL,ASO,ES,Towers with Radar,0,4,82,0,86,0,0,380,1,381,0,4,462,1,467,434,0,434,901
04/13/2014,TMB,FL,ASO,ES,Towers with Radar,0,8,77,0,85,0,0,256,0,256,0,8,333,0,341,372,0,372,713
04/14/2014,TMB,FL,ASO,ES,Towers with Radar,0,9,87,0,96,0,1,367,0,368,0,10,454,0,464,389,0,389,853
04/15/2014,TMB,FL,ASO,ES,Towers with Radar,0,6,85,0,91,0,1,289,0,290,0,7,374,0,381,304,0,304,685
04/16/2014,TMB,FL,ASO,ES,Towers with Radar,0,10,81,1,92,0,1,338,2,341,0,11,419,3,433,370,0,370,803
04/17/2014,TMB,FL,ASO,ES,Towers with Radar,0,14,98,0,112,0,1,247,0,248,0,15,345,0,360,620,0,620,980
04/18/2014,TMB,FL,ASO,ES,Towers with Radar,0,11,81,0,92,1,0,402,0,403,1,11,483,0,495,279,0,279,774
04/19/2014,TMB,FL,ASO,ES,Towers with Radar,0,3,60,0,63,0,0,294,0,294,0,3,354,0,357,268,0,268,625
04/20/2014,TMB,FL,ASO,ES,Towers with Radar,0,14,77,0,91,0,2,306,0,308,0,16,383,0,399,225,0,225,624
04/21/2014,TMB,FL,ASO,ES,Towers with Radar,0,12,100,0,112,0,0,427,0,427,0,12,527,0,539,295,0,295,834
04/22/2014,TMB,FL,ASO,ES,Towers with Radar,0,8,86,0,94,0,1,432,0,433,0,9,518,0,527,391,0,391,918
04/23/2014,TMB,FL,ASO,ES,Towers with Radar,0,5,89,0,94,0,1,329,0,330,0,6,418,0,424,637,0,637,1061
04/24/2014,TMB,FL,ASO,ES,Towers with Radar,0,0,92,0,92,0,0,350,0,350,0,0,442,0,442,412,0,412,854
04/25/2014,TMB,FL,ASO,ES,Towers with Radar,0,1,96,0,97,0,0,437,0,437,0,1,533,0,534,458,0,458,992
04/26/2014,TMB,FL,ASO,ES,Towers with Radar,0,3,84,0,87,0,0,418,0,418,0,3,502,0,505,449,0,449,954
04/27/2014,TMB,FL,ASO,ES,Towers with Radar,0,9,82,0,91,0,0,237,0,237,0,9,319,0,328,216,0,216,544
04/28/2014,TMB,FL,ASO,ES,Towers with Radar,0,1,68,0,69,0,2,331,0,333,0,3,399,0,402,279,0,279,681
04/29/2014,TMB,FL,ASO,ES,Towers with Radar,0,4,58,0,62,0,0,372,0,372,0,4,430,0,434,426,0,426,860
04/30/2014,TMB,FL,ASO,ES,Towers with Radar,0,5,64,0,69,0,1,379,0,380,0,6,443,0,449,526,0,526,975
05/01/2014,TMB,FL,ASO,ES,Towers with Radar,0,6,88,1,95,0,0,363,0,363,0,6,451,1,458,434,0,434,892
05/02/2014,TMB,FL,ASO,ES,Towers with Radar,0,0,78,0,78,0,0,392,0,392,0,0,470,0,470,470,0,470,940
05/03/2014,TMB,FL,ASO,ES,Towers with Radar,0,1,39,0,40,0,0,157,0,157,0,1,196,0,197,78,0,78,275
05/04/2014,TMB,FL,ASO,ES,Towers with Radar,0,4,86,0,90,0,1,269,0,270,0,5,355,0,360,136,0,136,496
05/05/2014,TMB,FL,ASO,ES,Towers with Radar,0,2,94,0,96,0,2,426,0,428,0,4,520,0,524,408,0,408,932
05/06/2014,TMB,FL,ASO,ES,Towers with Radar,0,1,91,0,92,0,0,394,0,394,0,1,485,0,486,446,0,446,932
05/07/2014,TMB,FL,ASO,ES,Towers with Radar,0,2,90,0,92,0,0,426,0,426,0,2,516,0,518,510,0,510,1028
05/08/2014,TMB,FL,ASO,ES,Towers with Radar,0,4,86,0,90,0,1,379,0,380,0,5,465,0,470,219,0,219,689
05/09/2014,TMB,FL,ASO,ES,Towers with Radar,0,10,88,0,98,0,0,319,0,319,0,10,407,0,417,222,0,222,639
05/10/2014,TMB,FL,ASO,ES,Towers with Radar,0,4,62,0,66,0,0,217,0,217,0,4,279,0,283,156,0,156,439
05/11/2014,TMB,FL,ASO,ES,Towers with Radar,0,10,70,0,80,0,0,212,0,212,0,10,282,0,292,93,0,93,385
05/12/2014,TMB,FL,ASO,ES,Towers with Radar,0,1,91,0,92,0,0,338,0,338,0,1,429,0,430,403,0,403,833
05/13/2014,TMB,FL,ASO,ES,Towers with Radar,0,4,91,0,95,0,0,302,0,302,0,4,393,0,397,392,0,392,789
05/14/2014,TMB,FL,ASO,ES,Towers with Radar,0,3,72,0,75,0,0,180,0,180,0,3,252,0,255,339,0,339,594
05/15/2014,TMB,FL,ASO,ES,Towers with Radar,0,13,39,0,52,0,0,82,0,82,0,13,121,0,134,169,0,169,303
05/16/2014,TMB,FL,ASO,ES,Towers with Radar,0,6,86,2,94,0,2,229,1,232,0,8,315,3,326,244,0,244,570
05/17/2014,TMB,FL,ASO,ES,Towers with Radar,0,4,64,0,68,0,0,311,0,311,0,4,375,0,379,103,0,103,482
05/18/2014,TMB,FL,ASO,ES,Towers with Radar,0,5,71,0,76,0,0,218,0,218,0,5,289,0,294,164,0,164,458
05/19/2014,TMB,FL,ASO,ES,Towers with Radar,0,5,107,0,112,0,0,383,0,383,0,5,490,0,495,422,0,422,917
05/20/2014,TMB,FL,ASO,ES,Towers with Radar,0,1,114,0,115,0,0,415,1,416,0,1,529,1,531,387,0,387,918
05/21/2014,TMB,FL,ASO,ES,Towers with Radar,0,9,86,1,96,0,0,390,3,393,0,9,476,4,489,608,0,608,1097
05/22/2014,TMB,FL,ASO,ES,Towers with Radar,0,10,116,0,126,0,0,463,0,463,0,10,579,0,589,597,0,597,1186
05/23/2014,TMB,FL,ASO,ES,Towers with Radar,0,12,109,0,121,0,0,530,0,530,0,12,639,0,651,517,0,517,1168
05/24/2014,TMB,FL,ASO,ES,Towers with Radar,0,5,72,0,77,0,1,433,2,436,0,6,505,2,513,254,0,254,767
05/25/2014,TMB,FL,ASO,ES,Towers with Radar,0,1,72,0,73,0,0,219,2,221,0,1,291,2,294,226,0,226,520
05/26/2014,TMB,FL,ASO,ES,Towers with Radar,0,15,104,0,119,0,0,385,0,385,0,15,489,0,504,396,0,396,900
05/27/2014,TMB,FL,ASO,ES,Towers with Radar,0,4,91,0,95,0,0,291,0,291,0,4,382,0,386,528,0,528,914
05/28/2014,TMB,FL,ASO,ES,Towers with Radar,0,6,109,0,115,0,0,365,0,365,0,6,474,0,480,558,0,558,1038
05/29/2014,TMB,FL,ASO,ES,Towers with Radar,0,8,48,0,56,0,0,93,0,93,0,8,141,0,149,191,0,191,340
05/30/2014,TMB,FL,ASO,ES,Towers with Radar,0,6,114,2,122,0,0,385,0,385,0,6,499,2,507,473,0,473,980
05/31/2014,TMB,FL,ASO,ES,Towers with Radar,0,4,83,0,87,0,0,348,0,348,0,4,431,0,435,394,0,394,829
06/01/2014,TMB,FL,ASO,ES,Towers with Radar,0,13,70,0,83,0,0,183,0,183,0,13,253,0,266,139,0,139,405
06/02/2014,TMB,FL,ASO,ES,Towers with Radar,0,6,49,0,55,0,0,77,0,77,0,6,126,0,132,155,0,155,287
06/03/2014,TMB,FL,ASO,ES,Towers with Radar,0,2,113,2,117,0,0,313,2,315,0,2,426,4,432,577,0,577,1009
06/04/2014,TMB,FL,ASO,ES,Towers with Radar,0,2,134,0,136,0,0,361,2,363,0,2,495,2,499,457,0,457,956
06/05/2014,TMB,FL,ASO,ES,Towers with Radar,0,10,87,0,97,0,0,377,2,379,0,10,464,2,476,445,0,445,921
06/06/2014,TMB,FL,ASO,ES,Towers with Radar,0,12,107,0,119,0,1,498,0,499,0,13,605,0,618,385,0,385,1003
06/07/2014,TMB,FL,ASO,ES,Towers with Radar,0,5,45,0,50,0,0,285,0,285,0,5,330,0,335,232,0,232,567
06/08/2014,TMB,FL,ASO,ES,Towers with Radar,0,11,50,0,61,0,0,215,0,215,0,11,265,0,276,105,0,105,381
06/09/2014,TMB,FL,ASO,ES,Towers with Radar,0,2,71,0,73,0,0,209,0,209,0,2,280,0,282,297,0,297,579
06/10/2014,TMB,FL,ASO,ES,Towers with Radar,0,4,62,0,66,0,0,175,0,175,0,4,237,0,241,280,0,280,521
06/11/2014,TMB,FL,ASO,ES,Towers with Radar,0,4,98,0,102,0,0,270,0,270,0,4,368,0,372,440,0,440,812
06/12/2014,TMB,FL,ASO,ES,Towers with Radar,0,5,70,1,76,0,2,237,0,239,0,7,307,1,315,315,0,315,630
06/13/2014,TMB,FL,ASO,ES,Towers with Radar,0,10,65,1,76,0,2,263,1,266,0,12,328,2,342,265,0,265,607
06/14/2014,TMB,FL,ASO,ES,Towers with Radar,0,8,65,1,74,0,0,298,0,298,0,8,363,1,372,299,0,299,671
06/15/2014,TMB,FL,ASO,ES,Towers with Radar,0,8,56,0,64,0,0,212,0,212,0,8,268,0,276,177,0,177,453
06/16/2014,TMB,FL,ASO,ES,Towers with Radar,0,3,97,0,100,0,2,350,0,352,0,5,447,0,452,368,0,368,820
06/17/2014,TMB,FL,ASO,ES,Towers with Radar,0,4,97,0,101,0,0,195,0,195,0,4,292,0,296,220,0,220,516
06/18/2014,TMB,FL,ASO,ES,Towers with Radar,0,3,67,0,70,0,0,178,0,178,0,3,245,0,248,260,0,260,508
06/19/2014,TMB,FL,ASO,ES,Towers with Radar,0,5,76,0,81,0,0,229,2,231,0,5,305,2,312,271,0,271,583
06/20/2014,TMB,FL,ASO,ES,Towers with Radar,0,10,86,0,96,0,1,313,0,314,0,11,399,0,410,451,0,451,861
06/21/2014,TMB,FL,ASO,ES,Towers with Radar,0,11,88,0,99,0,0,319,0,319,0,11,407,0,418,338,0,338,756
06/22/2014,TMB,FL,ASO,ES,Towers with Radar,0,6,67,0,73,0,0,258,2,260,0,6,325,2,333,135,0,135,468
06/23/2014,TMB,FL,ASO,ES,Towers with Radar,0,5,50,0,55,0,0,195,0,195,0,5,245,0,250,275,0,275,525
06/24/2014,TMB,FL,ASO,ES,Towers with Radar,0,3,74,0,77,0,0,333,0,333,0,3,407,0,410,442,0,442,852
06/25/2014,TMB,FL,ASO,ES,Towers with Radar,0,3,64,0,67,0,1,285,0,286,0,4,349,0,353,258,0,258,611
06/26/2014,TMB,FL,ASO,ES,Towers with Radar,0,6,85,2,93,0,0,344,2,346,0,6,429,4,439,463,0,463,902
06/27/2014,TMB,FL,ASO,ES,Towers with Radar,0,1,79,0,80,0,1,313,0,314,0,2,392,0,394,539,0,539,933
06/28/2014,TMB,FL,ASO,ES,Towers with Radar,0,1,60,0,61,0,0,321,1,322,0,1,381,1,383,274,0,274,657
06/29/2014,TMB,FL,ASO,ES,Towers with Radar,0,2,62,0,64,0,2,203,0,205,0,4,265,0,269,81,0,81,350
06/30/2014,TMB,FL,ASO,ES,Towers with Radar,0,1,56,0,57,0,0,266,0,266,0,1,322,0,323,271,0,271,594
07/01/2014,TMB,FL,ASO,ES,Towers with Radar,0,3,69,0,72,0,1,288,1,290,0,4,357,1,362,403,0,403,765
07/02/2014,TMB,FL,ASO,ES,Towers with Radar,0,4,48,0,52,0,1,235,0,236,0,5,283,0,288,428,0,428,716
07/03/2014,TMB,FL,ASO,ES,Towers with Radar,0,6,91,0,97,0,1,383,0,384,0,7,474,0,481,559,0,559,1040
07/04/2014,TMB,FL,ASO,ES,Towers with Radar,0,5,67,0,72,0,0,234,1,235,0,5,301,1,307,167,0,167,474
07/05/2014,TMB,FL,ASO,ES,Towers with Radar,0,2,60,0,62,0,1,154,1,156,0,3,214,1,218,171,0,171,389
07/06/2014,TMB,FL,ASO,ES,Towers with Radar,0,13,57,0,70,0,1,183,0,184,0,14,240,0,254,149,0,149,403
07/07/2014,TMB,FL,ASO,ES,Towers with Radar,0,10,59,0,69,0,0,156,0,156,0,10,215,0,225,310,0,310,535
07/08/2014,TMB,FL,ASO,ES,Towers with Radar,0,0,75,0,75,0,0,231,0,231,0,0,306,0,306,487,0,487,793
07/09/2014,TMB,FL,ASO,ES,Towers with Radar,0,0,60,0,60,0,0,202,0,202,0,0,262,0,262,121,0,121,383
07/10/2014,TMB,FL,ASO,ES,Towers with Radar,0,2,79,0,81,0,0,210,0,210,0,2,289,0,291,174,0,174,465
07/11/2014,TMB,FL,ASO,ES,Towers with Radar,0,2,106,2,110,0,0,436,0,436,0,2,542,2,546,436,0,436,982
07/12/2014,TMB,FL,ASO,ES,Towers with Radar,0,5,71,1,77,0,2,304,0,306,0,7,375,1,383,335,0,335,718
07/13/2014,TMB,FL,ASO,ES,Towers with Radar,0,4,87,0,91,0,0,273,3,276,0,4,360,3,367,140,0,140,507
07/14/2014,TMB,FL,ASO,ES,Towers with Radar,0,2,77,0,79,0,0,283,0,283,0,2,360,0,362,247,0,247,609
07/15/2014,TMB,FL,ASO,ES,Towers with Radar,0,1,74,9,84,0,0,283,0,283,0,1,357,9,367,456,0,456,823
07/16/2014,TMB,FL,ASO,ES,Towers with Radar,0,5,55,0,60,0,1,259,1,261,0,6,314,1,321,378,0,378,699
07/17/2014,TMB,FL,ASO,ES,Towers with Radar,0,4,66,2,72,0,0,266,0,266,0,4,332,2,338,293,0,293,631
07/18/2014,TMB,FL,ASO,ES,Towers with Radar,0,0,61,0,61,0,1,313,0,314,0,1,374,0,375,272,0,272,647
07/19/2014,TMB,FL,ASO,ES,Towers with Radar,0,0,71,0,71,0,2,298,0,300,0,2,369,0,371,308,0,308,679
07/20/2014,TMB,FL,ASO,ES,Towers with Radar,0,6,60,0,66,0,0,223,0,223,0,6,283,0,289,153,0,153,442
07/21/2014,TMB,FL,ASO,ES,Towers with Radar,0,4,51,2,57,0,0,127,0,127,0,4,178,2,184,211,0,211,395
07/22/2014,TMB,FL,ASO,ES,Towers with Radar,0,0,94,0,94,0,0,237,0,237,0,0,331,0,331,350,0,350,681
07/23/2014,TMB,FL,ASO,ES,Towers with Radar,0,0,63,0,63,0,0,172,0,172,0,0,235,0,235,228,0,228,463
07/24/2014,TMB,FL,ASO,ES,Towers with Radar,0,5,74,0,79,0,2,291,0,293,0,7,365,0,372,306,0,306,678
07/25/2014,TMB,FL,ASO,ES,Towers with Radar,0,2,93,0,95,0,2,364,0,366,0,4,457,0,461,363,0,363,824
07/26/2014,TMB,FL,ASO,ES,Towers with Radar,0,0,90,0,90,0,0,243,0,243,0,0,333,0,333,158,0,158,491
07/27/2014,TMB,FL,ASO,ES,Towers with Radar,0,3,73,0,76,0,0,154,0,154,0,3,227,0,230,90,0,90,320
07/28/2014,TMB,FL,ASO,ES,Towers with Radar,0,2,74,0,76,0,0,325,6,331,0,2,399,6,407,342,0,342,749
07/29/2014,TMB,FL,ASO,ES,Towers with Radar,0,4,68,0,72,0,7,300,0,307,0,11,368,0,379,423,0,423,802
07/30/2014,TMB,FL,ASO,ES,Towers with Radar,0,0,47,0,47,0,0,202,0,202,0,0,249,0,249,187,0,187,436
07/31/2014,TMB,FL,ASO,ES,Towers with Radar,0,2,81,0,83,0,1,309,0,310,0,3,390,0,393,381,0,381,774
08/01/2014,TMB,FL,ASO,ES,Towers with Radar,0,9,89,0,98,0,0,320,3,323,0,9,409,3,421,443,0,443,864
08/02/2014,TMB,FL,ASO,ES,Towers with Radar,0,1,82,0,83,0,2,244,0,246,0,3,326,0,329,279,0,279,608
08/03/2014,TMB,FL,ASO,ES,Towers with Radar,0,6,37,0,43,0,1,81,0,82,0,7,118,0,125,189,0,189,314
08/04/2014,TMB,FL,ASO,ES,Towers with Radar,0,13,49,0,62,0,1,217,0,218,0,14,266,0,280,296,0,296,576
08/05/2014,TMB,FL,ASO,ES,Towers with Radar,0,8,66,0,74,0,0,388,2,390,0,8,454,2,464,525,0,525,989
08/06/2014,TMB,FL,ASO,ES,Towers with Radar,0,2,63,0,65,0,0,362,0,362,0,2,425,0,427,482,0,482,909
08/07/2014,TMB,FL,ASO,ES,Towers with Radar,0,4,79,0,83,0,1,313,0,314,0,5,392,0,397,315,0,315,712
08/08/2014,TMB,FL,ASO,ES,Towers with Radar,0,6,80,0,86,0,0,301,0,301,0,6,381,0,387,322,0,322,709
08/09/2014,TMB,FL,ASO,ES,Towers with Radar,0,2,84,2,88,0,0,378,0,378,0,2,462,2,466,230,0,230,696
08/10/2014,TMB,FL,ASO,ES,Towers with Radar,0,4,55,0,59,0,0,212,0,212,0,4,267,0,271,124,0,124,395
08/11/2014,TMB,FL,ASO,ES,Towers with Radar,0,2,66,0,68,0,0,326,0,326,0,2,392,0,394,454,0,454,848
08/12/2014,TMB,FL,ASO,ES,Towers with Radar,0,5,46,1,52,0,2,274,1,277,0,7,320,2,329,325,0,325,654
08/13/2014,TMB,FL,ASO,ES,Towers with Radar,2,3,96,0,101,0,0,352,2,354,2,3,448,2,455,315,0,315,770
08/14/2014,TMB,FL,ASO,ES,Towers with Radar,0,5,56,0,61,0,0,281,0,281,0,5,337,0,342,367,0,367,709
08/15/2014,TMB,FL,ASO,ES,Towers with Radar,0,2,78,0,80,0,2,280,1,283,0,4,358,1,363,213,0,213,576
08/16/2014,TMB,FL,ASO,ES,Towers with Radar,0,0,69,0,69,0,0,275,1,276,0,0,344,1,345,371,0,371,716
08/17/2014,TMB,FL,ASO,ES,Towers with Radar,0,2,58,0,60,0,0,226,0,226,0,2,284,0,286,332,0,332,618
08/18/2014,TMB,FL,ASO,ES,Towers with Radar,0,2,131,0,133,0,1,395,1,397,0,3,526,1,530,420,0,420,950
08/19/2014,TMB,FL,ASO,ES,Towers with Radar,0,2,98,0,100,0,0,324,1,325,0,2,422,1,425,491,0,491,916
08/20/2014,TMB,FL,ASO,ES,Towers with Radar,0,1,96,2,99,0,0,288,0,288,0,1,384,2,387,463,0,463,850
08/21/2014,TMB,FL,ASO,ES,Towers with Radar,0,1,91,0,92,0,0,319,0,319,0,1,410,0,411,544,0,544,955
08/22/2014,TMB,FL,ASO,ES,Towers with Radar,0,4,104,0,108,0,0,330,0,330,0,4,434,0,438,507,0,507,945
08/23/2014,TMB,FL,ASO,ES,Towers with Radar,0,1,66,0,67,0,0,262,0,262,0,1,328,0,329,286,0,286,615
08/24/2014,TMB,FL,ASO,ES,Towers with Radar,0,4,63,0,67,0,0,211,0,211,0,4,274,0,278,262,0,262,540
08/25/2014,TMB,FL,ASO,ES,Towers with Radar,0,8,56,0,64,0,0,243,0,243,0,8,299,0,307,215,0,215,522
08/26/2014,TMB,FL,ASO,ES,Towers with Radar,0,3,88,0,91,0,1,286,0,287,0,4,374,0,378,360,0,360,738
08/27/2014,TMB,FL,ASO,ES,Towers with Radar,0,4,94,0,98,0,0,345,2,347,0,4,439,2,445,390,0,390,835
08/28/2014,TMB,FL,ASO,ES,Towers with Radar,0,2,112,0,114,0,0,291,0,291,0,2,403,0,405,279,0,279,684
08/29/2014,TMB,FL,ASO,ES,Towers with Radar,0,3,127,0,130,0,1,340,0,341,0,4,467,0,471,289,0,289,760
08/30/2014,TMB,FL,ASO,ES,Towers with Radar,0,5,69,0,74,0,0,294,0,294,0,5,363,0,368,209,0,209,577
08/31/2014,TMB,FL,ASO,ES,Towers with Radar,0,1,46,0,47,0,2,171,1,174,0,3,217,1,221,44,0,44,265
09/01/2014,TMB,FL,ASO,ES,Towers with Radar,0,4,99,0,103,0,2,313,0,315,0,6,412,0,418,308,0,308,726
09/02/2014,TMB,FL,ASO,ES,Towers with Radar,0,1,80,0,81,0,1,296,0,297,0,2,376,0,378,457,0,457,835
09/03/2014,TMB,FL,ASO,ES,Towers with Radar,0,1,72,0,73,0,4,248,0,252,0,5,320,0,325,373,0,373,698
09/04/2014,TMB,FL,ASO,ES,Towers with Radar,0,4,99,0,103,0,2,293,0,295,0,6,392,0,398,420,0,420,818
09/05/2014,TMB,FL,ASO,ES,Towers with Radar,0,2,91,0,93,0,0,367,0,367,0,2,458,0,460,389,0,389,849
09/06/2014,TMB,FL,ASO,ES,Towers with Radar,0,0,44,0,44,0,0,138,0,138,0,0,182,0,182,177,0,177,359
09/07/2014,TMB,FL,ASO,ES,Towers with Radar,0,1,75,0,76,0,3,155,0,158,0,4,230,0,234,158,0,158,392
09/08/2014,TMB,FL,ASO,ES,Towers with Radar,0,5,82,0,87,0,4,302,0,306,0,9,384,0,393,392,0,392,785
09/09/2014,TMB,FL,ASO,ES,Towers with Radar,0,3,84,0,87,0,1,338,0,339,0,4,422,0,426,265,0,265,691
09/10/2014,TMB,FL,ASO,ES,Towers with Radar,0,3,90,2,95,0,3,260,0,263,0,6,350,2,358,307,0,307,665
09/11/2014,TMB,FL,ASO,ES,Towers with Radar,0,4,69,0,73,0,0,240,0,240,0,4,309,0,313,220,0,220,533
09/12/2014,TMB,FL,ASO,ES,Towers with Radar,0,3,70,0,73,0,0,173,0,173,0,3,243,0,246,240,0,240,486
09/13/2014,TMB,FL,ASO,ES,Towers with Radar,0,1,65,0,66,0,0,296,0,296,0,1,361,0,362,293,0,293,655
09/14/2014,TMB,FL,ASO,ES,Towers with Radar,0,2,76,0,78,0,0,233,0,233,0,2,309,0,311,160,0,160,471
09/15/2014,TMB,FL,ASO,ES,Towers with Radar,0,1,98,0,99,0,0,372,0,372,0,1,470,0,471,398,0,398,869
09/16/2014,TMB,FL,ASO,ES,Towers with Radar,0,1,92,0,93,0,0,347,0,347,0,1,439,0,440,402,0,402,842
09/17/2014,TMB,FL,ASO,ES,Towers with Radar,0,4,74,0,78,0,1,296,2,299,0,5,370,2,377,471,0,471,848
09/18/2014,TMB,FL,ASO,ES,Towers with Radar,0,4,62,0,66,0,2,264,1,267,0,6,326,1,333,556,0,556,889
09/19/2014,TMB,FL,ASO,ES,Towers with Radar,0,3,51,0,54,0,0,175,0,175,0,3,226,0,229,293,0,293,522
09/20/2014,TMB,FL,ASO,ES,Towers with Radar,0,3,63,0,66,0,0,240,0,240,0,3,303,0,306,298,0,298,604
09/21/2014,TMB,FL,ASO,ES,Towers with Radar,0,4,67,0,71,0,2,202,0,204,0,6,269,0,275,219,0,219,494
09/22/2014,TMB,FL,ASO,ES,Towers with Radar,0,2,89,0,91,0,0,256,0,256,0,2,345,0,347,421,0,421,768
09/23/2014,TMB,FL,ASO,ES,Towers with Radar,0,2,61,1,64,0,0,124,5,129,0,2,185,6,193,214,0,214,407
09/24/2014,TMB,FL,ASO,ES,Towers with Radar,0,2,106,0,108,0,0,307,2,309,0,2,413,2,417,419,0,419,836
09/25/2014,TMB,FL,ASO,ES,Towers with Radar,0,2,89,0,91,0,1,317,0,318,0,3,406,0,409,264,0,264,673
09/26/2014,TMB,FL,ASO,ES,Towers with Radar,0,1,91,0,92,0,0,342,0,342,0,1,433,0,434,439,0,439,873
09/27/2014,TMB,FL,ASO,ES,Towers with Radar,0,1,77,0,78,0,0,367,1,368,0,1,444,1,446,372,0,372,818
09/28/2014,TMB,FL,ASO,ES,Towers with Radar,0,4,95,0,99,0,1,240,0,241,0,5,335,0,340,237,0,237,577
09/29/2014,TMB,FL,ASO,ES,Towers with Radar,0,2,74,0,76,0,0,294,0,294,0,2,368,0,370,183,0,183,553
09/30/2014,TMB,FL,ASO,ES,Towers with Radar,0,1,58,0,59,0,0,269,0,269,0,1,327,0,328,219,0,219,547
10/01/2014,TMB,FL,ASO,ES,Towers with Radar,0,5,115,0,120,0,0,372,0,372,0,5,487,0,492,475,0,475,967
10/02/2014,TMB,FL,ASO,ES,Towers with Radar,0,3,54,0,57,0,0,271,1,272,0,3,325,1,329,444,0,444,773
10/03/2014,TMB,FL,ASO,ES,Towers with Radar,0,0,46,0,46,0,0,381,0,381,0,0,427,0,427,408,0,408,835
10/04/2014,TMB,FL,ASO,ES,Towers with Radar,0,3,49,0,52,0,0,279,0,279,0,3,328,0,331,378,0,378,709
10/05/2014,TMB,FL,ASO,ES,Towers with Radar,0,4,58,0,62,0,0,208,0,208,0,4,266,0,270,112,0,112,382
10/06/2014,TMB,FL,ASO,ES,Towers with Radar,0,0,78,0,78,0,1,324,0,325,0,1,402,0,403,357,0,357,760
10/07/2014,TMB,FL,ASO,ES,Towers with Radar,0,4,45,0,49,0,0,197,0,197,0,4,242,0,246,395,0,395,641
10/08/2014,TMB,FL,ASO,ES,Towers with Radar,0,9,81,1,91,0,1,318,0,319,0,10,399,1,410,409,0,409,819
10/09/2014,TMB,FL,ASO,ES,Towers with Radar,0,3,93,2,98,0,1,339,3,343,0,4,432,5,441,359,0,359,800
10/10/2014,TMB,FL,ASO,ES,Towers with Radar,0,3,96,0,99,0,2,349,0,351,0,5,445,0,450,419,0,419,869
10/11/2014,TMB,FL,ASO,ES,Towers with Radar,0,6,84,0,90,0,1,308,0,309,0,7,392,0,399,383,0,383,782
10/12/2014,TMB,FL,ASO,ES,Towers with Radar,0,3,71,0,74,0,2,244,0,246,0,5,315,0,320,253,0,253,573
10/13/2014,TMB,FL,ASO,ES,Towers with Radar,0,7,107,0,114,0,0,302,2,304,0,7,409,2,418,419,0,419,837
10/14/2014,TMB,FL,ASO,ES,Towers with Radar,0,1,73,0,74,0,0,328,0,328,0,1,401,0,402,482,0,482,884
10/15/2014,TMB,FL,ASO,ES,Towers with Radar,0,4,80,0,84,1,0,261,0,262,1,4,341,0,346,326,0,326,672
10/16/2014,TMB,FL,ASO,ES,Towers with Radar,0,2,92,0,94,0,2,390,2,394,0,4,482,2,488,389,0,389,877
10/17/2014,TMB,FL,ASO,ES,Towers with Radar,0,1,85,0,86,0,0,374,0,374,0,1,459,0,460,438,0,438,898
10/18/2014,TMB,FL,ASO,ES,Towers with Radar,0,2,86,0,88,0,0,352,0,352,0,2,438,0,440,360,0,360,800
10/19/2014,TMB,FL,ASO,ES,Towers with Radar,0,3,76,0,79,0,0,241,0,241,0,3,317,0,320,129,0,129,449
10/20/2014,TMB,FL,ASO,ES,Towers with Radar,0,6,81,0,87,0,0,276,0,276,0,6,357,0,363,375,0,375,738
10/21/2014,TMB,FL,ASO,ES,Towers with Radar,0,7,63,2,72,0,0,167,0,167,0,7,230,2,239,240,0,240,479
10/22/2014,TMB,FL,ASO,ES,Towers with Radar,0,6,86,0,92,0,0,272,0,272,0,6,358,0,364,309,0,309,673
10/23/2014,TMB,FL,ASO,ES,Towers with Radar,0,5,112,0,117,0,0,248,0,248,0,5,360,0,365,344,0,344,709
10/24/2014,TMB,FL,ASO,ES,Towers with Radar,0,12,83,0,95,0,0,54,0,54,0,12,137,0,149,58,0,58,207
10/25/2014,TMB,FL,ASO,ES,Towers with Radar,0,0,108,0,108,0,0,431,1,432,0,0,539,1,540,345,0,345,885
10/26/2014,TMB,FL,ASO,ES,Towers with Radar,0,8,85,2,95,0,0,318,2,320,0,8,403,4,415,157,0,157,572
10/27/2014,TMB,FL,ASO,ES,Towers with Radar,0,0,109,0,109,0,0,423,0,423,0,0,532,0,532,406,0,406,938
10/28/2014,TMB,FL,ASO,ES,Towers with Radar,0,0,79,0,79,0,3,386,0,389,0,3,465,0,468,512,0,512,980
10/29/2014,TMB,FL,ASO,ES,Towers with Radar,0,2,107,0,109,0,0,387,0,387,0,2,494,0,496,551,0,551,1047
10/30/2014,TMB,FL,ASO,ES,Towers with Radar,0,2,83,0,85,0,2,392,0,394,0,4,475,0,479,578,0,578,1057
10/31/2014,TMB,FL,ASO,ES,Towers with Radar,0,5,72,0,77,0,0,389,0,389,0,5,461,0,466,424,0,424,890
11/01/2014,TMB,FL,ASO,ES,Towers with Radar,0,6,50,0,56,0,0,280,0,280,0,6,330,0,336,174,0,174,510
11/02/2014,TMB,FL,ASO,ES,Towers with Radar,0,4,71,0,75,0,0,231,0,231,0,4,302,0,306,193,0,193,499
11/03/2014,TMB,FL,ASO,ES,Towers with Radar,0,3,76,0,79,0,0,357,0,357,0,3,433,0,436,251,0,251,687
11/04/2014,TMB,FL,ASO,ES,Towers with Radar,0,3,74,0,77,0,3,326,0,329,0,6,400,0,406,347,0,347,753
11/05/2014,TMB,FL,ASO,ES,Towers with Radar,0,1,118,0,119,0,0,331,0,331,0,1,449,0,450,249,0,249,699
11/06/2014,TMB,FL,ASO,ES,Towers with Radar,0,4,87,1,92,0,0,390,1,391,0,4,477,2,483,386,0,386,869
11/07/2014,TMB,FL,ASO,ES,Towers with Radar,0,4,88,0,92,0,0,350,0,350,0,4,438,0,442,419,0,419,861
11/08/2014,TMB,FL,ASO,ES,Towers with Radar,0,0,68,0,68,0,0,390,0,390,0,0,458,0,458,477,0,477,935
11/09/2014,TMB,FL,ASO,ES,Towers with Radar,0,6,41,0,47,0,0,41,0,41,0,6,82,0,88,38,0,38,126
11/10/2014,TMB,FL,ASO,ES,Towers with Radar,0,5,79,0,84,0,1,280,0,281,0,6,359,0,365,440,0,440,805
11/11/2014,TMB,FL,ASO,ES,Towers with Radar,0,10,101,0,111,0,0,458,0,458,0,10,559,0,569,452,0,452,1021
11/12/2014,TMB,FL,ASO,ES,Towers with Radar,0,6,85,0,91,0,0,447,0,447,0,6,532,0,538,424,0,424,962
11/13/2014,TMB,FL,ASO,ES,Towers with Radar,0,13,101,0,114,0,1,373,1,375,0,14,474,1,489,376,0,376,865
11/14/2014,TMB,FL,ASO,ES,Towers with Radar,0,8,113,0,121,0,1,402,0,403,0,9,515,0,524,411,0,411,935
11/15/2014,TMB,FL,ASO,ES,Towers with Radar,0,4,84,0,88,0,0,375,0,375,0,4,459,0,463,376,0,376,839
11/16/2014,TMB,FL,ASO,ES,Towers with Radar,0,15,113,0,128,0,0,245,2,247,0,15,358,2,375,93,0,93,468
11/17/2014,TMB,FL,ASO,ES,Towers with Radar,0,5,96,0,101,0,0,294,0,294,0,5,390,0,395,574,0,574,969
11/18/2014,TMB,FL,ASO,ES,Towers with Radar,0,3,62,0,65,0,0,145,0,145,0,3,207,0,210,191,0,191,401
11/19/2014,TMB,FL,ASO,ES,Towers with Radar,0,10,72,0,82,0,0,128,0,128,0,10,200,0,210,222,0,222,432
11/20/2014,TMB,FL,ASO,ES,Towers with Radar,0,6,102,0,108,0,0,356,0,356,0,6,458,0,464,392,0,392,856
11/21/2014,TMB,FL,ASO,ES,Towers with Radar,0,8,82,0,90,0,0,4,0,4,0,8,86,0,94,2,0,2,96
11/22/2014,TMB,FL,ASO,ES,Towers with Radar,0,7,79,0,86,0,1,140,0,141,0,8,219,0,227,224,0,224,451
11/23/2014,TMB,FL,ASO,ES,Towers with Radar,0,4,58,0,62,0,1,181,0,182,0,5,239,0,244,149,0,149,393
11/24/2014,TMB,FL,ASO,ES,Towers with Radar,0,11,136,2,149,0,0,406,1,407,0,11,542,3,556,490,0,490,1046
11/25/2014,TMB,FL,ASO,ES,Towers with Radar,0,14,95,0,109,0,0,309,0,309,0,14,404,0,418,174,0,174,592
11/26/2014,TMB,FL,ASO,ES,Towers with Radar,0,7,68,0,75,0,0,116,0,116,0,7,184,0,191,120,0,120,311
11/27/2014,TMB,FL,ASO,ES,Towers with Radar,0,1,37,0,38,0,3,272,0,275,0,4,309,0,313,106,0,106,419
11/28/2014,TMB,FL,ASO,ES,Towers with Radar,0,0,81,0,81,0,0,323,0,323,0,0,404,0,404,226,0,226,630
11/29/2014,TMB,FL,ASO,ES,Towers with Radar,0,6,75,0,81,0,0,369,1,370,0,6,444,1,451,278,0,278,729
11/30/2014,TMB,FL,ASO,ES,Towers with Radar,0,15,94,0,109,0,2,213,0,215,0,17,307,0,324,77,0,77,401
12/01/2014,TMB,FL,ASO,ES,Towers with Radar,0,16,91,0,107,0,4,287,0,291,0,20,378,0,398,239,0,239,637
12/02/2014,TMB,FL,ASO,ES,Towers with Radar,0,8,100,0,108,0,1,324,1,326,0,9,424,1,434,418,0,418,852
12/03/2014,TMB,FL,ASO,ES,Towers with Radar,0,6,104,0,110,0,0,378,0,378,0,6,482,0,488,441,0,441,929
12/04/2014,TMB,FL,ASO,ES,Towers with Radar,0,2,95,0,97,0,0,231,0,231,0,2,326,0,328,339,0,339,667
12/05/2014,TMB,FL,ASO,ES,Towers with Radar,0,10,145,2,157,0,0,426,0,426,0,10,571,2,583,402,0,402,985
12/06/2014,TMB,FL,ASO,ES,Towers with Radar,0,3,113,0,116,0,0,415,0,415,0,3,528,0,531,445,0,445,976
12/07/2014,TMB,FL,ASO,ES,Towers with Radar,0,3,113,0,116,0,0,248,0,248,0,3,361,0,364,162,0,162,526
12/08/2014,TMB,FL,ASO,ES,Towers with Radar,0,8,118,0,126,0,0,432,0,432,0,8,550,0,558,538,0,538,1096
12/09/2014,TMB,FL,ASO,ES,Towers with Radar,0,5,111,0,116,0,0,154,0,154,0,5,265,0,270,170,0,170,440
12/10/2014,TMB,FL,ASO,ES,Towers with Radar,0,4,76,0,80,0,0,408,0,408,0,4,484,0,488,330,0,330,818
12/11/2014,TMB,FL,ASO,ES,Towers with Radar,0,2,92,0,94,0,0,392,0,392,0,2,484,0,486,525,0,525,1011
12/12/2014,TMB,FL,ASO,ES,Towers with Radar,0,3,100,0,103,0,1,374,0,375,0,4,474,0,478,444,0,444,922
12/13/2014,TMB,FL,ASO,ES,Towers with Radar,0,0,78,0,78,0,0,375,0,375,0,0,453,0,453,328,0,328,781
12/14/2014,TMB,FL,ASO,ES,Towers with Radar,0,5,70,0,75,0,0,264,0,264,0,5,334,0,339,238,0,238,577
12/15/2014,TMB,FL,ASO,ES,Towers with Radar,0,2,108,0,110,0,2,328,1,331,0,4,436,1,441,481,0,481,922
12/16/2014,TMB,FL,ASO,ES,Towers with Radar,0,10,74,0,84,0,0,288,0,288,0,10,362,0,372,472,0,472,844
12/17/2014,TMB,FL,ASO,ES,Towers with Radar,0,4,84,0,88,0,0,346,0,346,0,4,430,0,434,490,0,490,924
12/18/2014,TMB,FL,ASO,ES,Towers with Radar,0,0,102,0,102,0,0,369,0,369,0,0,471,0,471,454,0,454,925
12/19/2014,TMB,FL,ASO,ES,Towers with Radar,0,15,99,0,114,0,8,413,0,421,0,23,512,0,535,352,0,352,887
12/20/2014,TMB,FL,ASO,ES,Towers with Radar,0,7,103,0,110,0,0,433,0,433,0,7,536,0,543,325,0,325,868
12/21/2014,TMB,FL,ASO,ES,Towers with Radar,0,7,76,0,83,0,0,241,0,241,0,7,317,0,324,205,0,205,529
12/22/2014,TMB,FL,ASO,ES,Towers with Radar,0,11,79,0,90,0,2,338,0,340,0,13,417,0,430,367,0,367,797
12/23/2014,TMB,FL,ASO,ES,Towers with Radar,0,2,86,0,88,0,4,347,0,351,0,6,433,0,439,68,0,68,507
12/24/2014,TMB,FL,ASO,ES,Towers with Radar,0,6,36,0,42,0,0,182,0,182,0,6,218,0,224,188,0,188,412
12/25/2014,TMB,FL,ASO,ES,Towers with Radar,0,5,18,0,23,0,0,61,0,61,0,5,79,0,84,4,0,4,88
12/26/2014,TMB,FL,ASO,ES,Towers with Radar,0,15,87,0,102,0,0,122,0,122,0,15,209,0,224,259,0,259,483
12/27/2014,TMB,FL,ASO,ES,Towers with Radar,0,16,97,0,113,0,0,290,0,290,0,16,387,0,403,340,0,340,743
12/28/2014,TMB,FL,ASO,ES,Towers with Radar,0,13,91,0,104,0,1,265,0,266,0,14,356,0,370,194,0,194,564
12/29/2014,TMB,FL,ASO,ES,Towers with Radar,0,8,100,0,108,0,0,303,0,303,0,8,403,0,411,366,0,366,777
12/30/2014,TMB,FL,ASO,ES,Towers with Radar,0,6,81,0,87,0,0,327,0,327,0,6,408,0,414,303,0,303,717
12/31/2014,TMB,FL,ASO,ES,Towers with Radar,0,3,57,0,60,0,0,113,0,113,0,3,170,0,173,222,0,222,395
01/01/2015,TMB,FL,ASO,ES,Towers with Radar,0,4,38,0,42,0,0,94,0,94,0,4,132,0,136,57,0,57,193
01/02/2015,TMB,FL,ASO,ES,Towers with Radar,0,4,107,0,111,0,2,295,0,297,0,6,402,0,408,357,0,357,765
01/03/2015,TMB,FL,ASO,ES,Towers with Radar,0,18,84,0,102,0,0,222,0,222,0,18,306,0,324,69,0,69,393
01/04/2015,TMB,FL,ASO,ES,Towers with Radar,0,29,96,0,125,0,3,199,0,202,0,32,295,0,327,54,0,54,381
01/05/2015,TMB,FL,ASO,ES,Towers with Radar,0,16,110,0,126,0,0,300,0,300,0,16,410,0,426,358,0,358,784
01/06/2015,TMB,FL,ASO,ES,Towers with Radar,0,10,103,0,113,0,1,375,0,376,0,11,478,0,489,546,0,546,1035
01/07/2015,TMB,FL,ASO,ES,Towers with Radar,0,4,82,0,86,0,0,310,0,310,0,4,392,0,396,521,0,521,917
01/08/2015,TMB,FL,ASO,ES,Towers with Radar,0,9,88,0,97,0,4,361,0,365,0,13,449,0,462,226,0,226,688
01/09/2015,TMB,FL,ASO,ES,Towers with Radar,0,4,84,0,88,0,2,343,0,345,0,6,427,0,433,556,0,556,989
01/10/2015,TMB,FL,ASO,ES,Towers with Radar,0,4,71,0,75,0,0,313,0,313,0,4,384,0,388,200,0,200,588
01/11/2015,TMB,FL,ASO,ES,Towers with Radar,0,6,57,0,63,0,0,132,0,132,0,6,189,0,195,217,0,217,412
01/12/2015,TMB,FL,ASO,ES,Towers with Radar,0,6,73,0,79,0,1,140,0,141,0,7,213,0,220,160,0,160,380
01/13/2015,TMB,FL,ASO,ES,Towers with Radar,0,6,114,0,120,0,0,278,0,278,0,6,392,0,398,551,0,551,949
01/14/2015,TMB,FL,ASO,ES,Towers with Radar,0,4,84,0,88,0,0,108,1,109,0,4,192,1,197,354,0,354,551
01/15/2015,TMB,FL,ASO,ES,Towers with Radar,0,10,89,0,99,0,1,230,1,232,0,11,319,1,331,165,0,165,496
01/16/2015,TMB,FL,ASO,ES,Towers with Radar,0,4,92,0,96,0,1,324,0,325,0,5,416,0,421,297,0,297,718
01/17/2015,TMB,FL,ASO,ES,Towers with Radar,0,2,80,0,82,0,2,420,0,422,0,4,500,0,504,499,0,499,1003
01/18/2015,TMB,FL,ASO,ES,Towers with Radar,0,2,59,0,61,0,4,258,0,262,0,6,317,0,323,178,0,178,501
01/19/2015,TMB,FL,ASO,ES,Towers with Radar,0,3,95,0,98,0,2,425,0,427,0,5,520,0,525,482,0,482,1007
01/20/2015,TMB,FL,ASO,ES,Towers with Radar,0,3,84,0,87,0,3,356,0,359,0,6,440,0,446,584,0,584,1030
01/21/2015,TMB,FL,ASO,ES,Towers with Radar,0,5,95,0,100,0,1,372,0,373,0,6,467,0,473,517,0,517,990
01/22/2015,TMB,FL,ASO,ES,Towers with Radar,0,5,109,0,114,0,2,353,1,356,0,7,462,1,470,458,0,458,928
01/23/2015,TMB,FL,ASO,ES,Towers with Radar,0,3,104,0,107,0,0,316,0,316,0,3,420,0,423,56,0,56,479
01/24/2015,TMB,FL,ASO,ES,Towers with Radar,0,0,58,0,58,0,0,111,0,111,0,0,169,0,169,96,0,96,265
01/25/2015,TMB,FL,ASO,ES,Towers with Radar,0,5,74,0,79,0,0,297,0,297,0,5,371,0,376,220,0,220,596
01/26/2015,TMB,FL,ASO,ES,Towers with Radar,0,5,45,0,50,0,0,180,0,180,0,5,225,0,230,258,0,258,488
01/27/2015,TMB,FL,ASO,ES,Towers with Radar,0,7,88,0,95,0,2,477,1,480,0,9,565,1,575,197,0,197,772
01/28/2015,TMB,FL,ASO,ES,Towers with Radar,0,4,57,0,61,0,2,347,0,349,0,6,404,0,410,190,0,190,600
01/29/2015,TMB,FL,ASO,ES,Towers with Radar,0,8,91,0,99,0,2,389,0,391,0,10,480,0,490,461,0,461,951
01/30/2015,TMB,FL,ASO,ES,Towers with Radar,0,7,54,2,63,0,1,384,0,385,0,8,438,2,448,414,0,414,862
01/31/2015,TMB,FL,ASO,ES,Towers with Radar,0,4,75,2,81,0,2,372,0,374,0,6,447,2,455,236,0,236,691
02/01/2015,TMB,FL,ASO,ES,Towers with Radar,0,8,58,0,66,0,2,220,1,223,0,10,278,1,289,219,0,219,508
02/02/2015,TMB,FL,ASO,ES,Towers with Radar,0,5,64,0,69,0,2,268,0,270,0,7,332,0,339,237,0,237,576
02/03/2015,TMB,FL,ASO,ES,Towers with Radar,0,3,98,0,101,0,1,303,0,304,0,4,401,0,405,530,0,530,935
02/04/2015,TMB,FL,ASO,ES,Towers with Radar,0,10,93,0,103,0,0,355,0,355,0,10,448,0,458,423,0,423,881
02/05/2015,TMB,FL,ASO,ES,Towers with Radar,0,13,30,0,43,0,1,50,0,51,0,14,80,0,94,152,0,152,246
02/06/2015,TMB,FL,ASO,ES,Towers with Radar,0,7,77,0,84,0,0,339,2,341,0,7,416,2,425,301,0,301,726
02/07/2015,TMB,FL,ASO,ES,Towers with Radar,0,1,77,0,78,0,0,396,0,396,0,1,473,0,474,262,0,262,736
02/08/2015,TMB,FL,ASO,ES,Towers with Radar,0,10,86,0,96,0,0,308,4,312,0,10,394,4,408,5,0,5,413
02/09/2015,TMB,FL,ASO,ES,Towers with Radar,0,6,61,0,67,0,2,196,0,198,0,8,257,0,265,28,0,28,293
02/10/2015,TMB,FL,ASO,ES,Towers with Radar,0,17,53,0,70,0,1,258,0,259,0,18,311,0,329,156,0,156,485
02/11/2015,TMB,FL,ASO,ES,Towers with Radar,0,10,63,0,73,0,2,308,0,310,0,12,371,0,383,168,0,168,551
02/12/2015,TMB,FL,ASO,ES,Towers with Radar,0,7,80,0,87,0,0,382,0,382,0,7,462,0,469,479,0,479,948
02/13/2015,TMB,FL,ASO,ES,Towers with Radar,0,18,93,1,112,0,0,389,0,389,0,18,482,1,501,423,0,423,924
02/14/2015,TMB,FL,ASO,ES,Towers with Radar,0,11,55,0,66,0,0,363,0,363,0,11,418,0,429,317,0,317,746
02/15/2015,TMB,FL,ASO,ES,Towers with Radar,0,9,81,0,90,0,2,270,0,272,0,11,351,0,362,357,0,357,719
02/16/2015,TMB,FL,ASO,ES,Towers with Radar,0,14,93,0,107,0,2,363,1,366,0,16,456,1,473,239,0,239,712
02/17/2015,TMB,FL,ASO,ES,Towers with Radar,0,6,84,0,90,0,1,333,0,334,0,7,417,0,424,397,0,397,821
02/18/2015,TMB,FL,ASO,ES,Towers with Radar,0,11,66,0,77,0,0,142,0,142,0,11,208,0,219,191,0,191,410
02/19/2015,TMB,FL,ASO,ES,Towers with Radar,0,11,26,0,37,0,0,158,0,158,0,11,184,0,195,51,0,51,246
02/20/2015,TMB,FL,ASO,ES,Towers with Radar,0,8,94,0,102,0,0,328,0,328,0,8,422,0,430,202,0,202,632
02/21/2015,TMB,FL,ASO,ES,Towers with Radar,0,14,80,0,94,0,0,294,0,294,0,14,374,0,388,204,0,204,592
02/22/2015,TMB,FL,ASO,ES,Towers with Radar,0,12,89,0,101,0,0,356,0,356,0,12,445,0,457,303,0,303,760
02/23/2015,TMB,FL,ASO,ES,Towers with Radar,0,13,86,0,99,0,0,328,0,328,0,13,414,0,427,491,0,491,918
02/24/2015,TMB,FL,ASO,ES,Towers with Radar,0,5,96,0,101,0,2,335,0,337,0,7,431,0,438,484,0,484,922
02/25/2015,TMB,FL,ASO,ES,Towers with Radar,0,3,63,0,66,0,1,151,0,152,0,4,214,0,218,192,0,192,410
02/26/2015,TMB,FL,ASO,ES,Towers with Radar,0,5,48,0,53,0,1,181,0,182,0,6,229,0,235,119,0,119,354
02/27/2015,TMB,FL,ASO,ES,Towers with Radar,0,13,96,0,109,0,2,198,0,200,0,15,294,0,309,230,0,230,539
02/28/2015,TMB,FL,ASO,ES,Towers with Radar,0,5,58,0,63,0,1,111,0,112,0,6,169,0,175,197,0,197,372
03/01/2015,TMB,FL,ASO,ES,Towers with Radar,0,8,98,0,106,0,0,265,0,265,0,8,363,0,371,277,0,277,648
03/02/2015,TMB,FL,ASO,ES,Towers with Radar,0,5,104,0,109,0,0,407,0,407,0,5,511,0,516,223,0,223,739
03/03/2015,TMB,FL,ASO,ES,Towers with Radar,0,3,81,0,84,0,2,347,0,349,0,5,428,0,433,414,0,414,847
03/04/2015,TMB,FL,ASO,ES,Towers with Radar,0,6,83,0,89,0,1,316,0,317,0,7,399,0,406,427,0,427,833
03/05/2015,TMB,FL,ASO,ES,Towers with Radar,0,6,81,2,89,0,0,323,0,323,0,6,404,2,412,191,0,191,603
03/06/2015,TMB,FL,ASO,ES,Towers with Radar,0,8,116,2,126,0,0,346,0,346,0,8,462,2,472,266,0,266,738
03/07/2015,TMB,FL,ASO,ES,Towers with Radar,0,9,86,0,95,0,2,170,0,172,0,11,256,0,267,137,0,137,404
03/08/2015,TMB,FL,ASO,ES,Towers with Radar,0,17,66,0,83,0,0,87,0,87,0,17,153,0,170,68,0,68,238
03/09/2015,TMB,FL,ASO,ES,Towers with Radar,0,7,106,0,113,0,0,442,0,442,0,7,548,0,555,295,0,295,850
03/10/2015,TMB,FL,ASO,ES,Towers with Radar,0,2,76,0,78,0,0,356,0,356,0,2,432,0,434,118,0,118,552
03/11/2015,TMB,FL,ASO,ES,Towers with Radar,0,11,88,0,99,0,0,322,1,323,0,11,410,1,422,140,0,140,562
03/12/2015,TMB,FL,ASO,ES,Towers with Radar,0,7,101,0,108,0,2,391,0,393,0,9,492,0,501,539,0,539,1040
03/13/2015,TMB,FL,ASO,ES,Towers with Radar,0,12,85,0,97,0,0,285,0,285,0,12,370,0,382,249,0,249,631
03/14/2015,TMB,FL,ASO,ES,Towers with Radar,0,5,93,0,98,0,2,393,0,395,0,7,486,0,493,327,0,327,820
03/15/2015,TMB,FL,ASO,ES,Towers with Radar,0,6,103,0,109,0,0,400,0,400,0,6,503,0,509,278,0,278,787
03/16/2015,TMB,FL,ASO,ES,Towers with Radar,0,3,91,0,94,0,0,457,0,457,0,3,548,0,551,536,0,536,1087
03/17/2015,TMB,FL,ASO,ES,Towers with Radar,0,7,94,0,101,0,0,417,1,418,0,7,511,1,519,370,0,370,889
03/18/2015,TMB,FL,ASO,ES,Towers with Radar,0,7,98,0,105,0,2,393,0,395,0,9,491,0,500,419,0,419,919
03/19/2015,TMB,FL,ASO,ES,Towers with Radar,0,5,63,0,68,0,1,374,0,375,0,6,437,0,443,43,0,43,486
03/20/2015,TMB,FL,ASO,ES,Towers with Radar,0,9,84,0,93,0,0,432,0,432,0,9,516,0,525,3,0,3,528
03/21/2015,TMB,FL,ASO,ES,Towers with Radar,0,2,98,0,100,0,0,408,0,408,0,2,506,0,508,20,0,20,528
03/22/2015,TMB,FL,ASO,ES,Towers with Radar,0,5,88,0,93,0,0,315,0,315,0,5,403,0,408,226,0,226,634
03/23/2015,TMB,FL,ASO,ES,Towers with Radar,0,10,68,0,78,0,0,313,0,313,0,10,381,0,391,329,0,329,720
03/24/2015,TMB,FL,ASO,ES,Towers with Radar,0,2,108,0,110,0,0,302,0,302,0,2,410,0,412,288,0,288,700
03/25/2015,TMB,FL,ASO,ES,Towers with Radar,0,4,113,0,117,0,0,356,0,356,0,4,469,0,473,280,0,280,753
03/26/2015,TMB,FL,ASO,ES,Towers with Radar,0,7,77,0,84,0,0,312,0,312,0,7,389,0,396,304,0,304,700
03/27/2015,TMB,FL,ASO,ES,Towers with Radar,0,6,63,0,69,0,0,171,0,171,0,6,234,0,240,209,0,209,449
03/28/2015,TMB,FL,ASO,ES,Towers with Radar,0,5,82,0,87,0,2,314,0,316,0,7,396,0,403,259,0,259,662
03/29/2015,TMB,FL,ASO,ES,Towers with Radar,0,8,103,0,111,0,0,316,0,316,0,8,419,0,427,98,0,98,525
03/30/2015,TMB,FL,ASO,ES,Towers with Radar,0,2,79,0,81,0,1,396,0,397,0,3,475,0,478,467,0,467,945
03/31/2015,TMB,FL,ASO,ES,Towers with Radar,0,1,110,0,111,0,4,484,1,489,0,5,594,1,600,520,0,520,1120
04/01/2015,TMB,FL,ASO,ES,Towers with Radar,0,3,101,0,104,0,2,429,0,431,0,5,530,0,535,455,0,455,990
04/02/2015,TMB,FL,ASO,ES,Towers with Radar,0,12,126,0,138,0,1,427,0,428,0,13,553,0,566,463,0,463,1029
04/03/2015,TMB,FL,ASO,ES,Towers with Radar,0,18,88,0,106,0,1,428,0,429,0,19,516,0,535,252,0,252,787
04/04/2015,TMB,FL,ASO,ES,Towers with Radar,0,7,85,0,92,0,1,375,0,376,0,8,460,0,468,354,0,354,822
04/05/2015,TMB,FL,ASO,ES,Towers with Radar,0,11,95,0,106,0,2,276,0,278,0,13,371,0,384,198,0,198,582
04/06/2015,TMB,FL,ASO,ES,Towers with Radar,0,20,105,0,125,0,1,421,0,422,0,21,526,0,547,379,0,379,926
04/07/2015,TMB,FL,ASO,ES,Towers with Radar,0,2,95,0,97,0,0,422,1,423,0,2,517,1,520,414,0,414,934
04/08/2015,TMB,FL,ASO,ES,Towers with Radar,0,5,79,0,84,0,0,289,1,290,0,5,368,1,374,328,0,328,702
04/09/2015,TMB,FL,ASO,ES,Towers with Radar,0,3,101,1,105,0,0,359,0,359,0,3,460,1,464,377,0,377,841
04/10/2015,TMB,FL,ASO,ES,Towers with Radar,0,19,95,0,114,0,4,423,2,429,0,23,518,2,543,441,0,441,984
04/11/2015,TMB,FL,ASO,ES,Towers with Radar,1,9,86,2,98,0,1,392,3,396,1,10,478,5,494,365,0,365,859
04/12/2015,TMB,FL,ASO,ES,Towers with Radar,0,15,81,0,96,0,0,261,0,261,0,15,342,0,357,253,0,253,610
04/13/2015,TMB,FL,ASO,ES,Towers with Radar,0,7,82,0,89,0,2,354,0,356,0,9,436,0,445,464,0,464,909
04/14/2015,TMB,FL,ASO,ES,Towers with Radar,0,3,77,0,80,0,0,390,0,390,0,3,467,0,470,482,0,482,952
04/15/2015,TMB,FL,ASO,ES,Towers with Radar,0,2,79,0,81,0,1,369,0,370,0,3,448,0,451,411,0,411,862
04/16/2015,TMB,FL,ASO,ES,Towers with Radar,0,2,121,0,123,0,0,532,0,532,0,2,653,0,655,463,0,463,1118
04/17/2015,TMB,FL,ASO,ES,Towers with Radar,0,5,98,0,103,0,0,408,1,409,0,5,506,1,512,453,0,453,965
04/18/2015,TMB,FL,ASO,ES,Towers with Radar,0,3,103,0,106,0,0,397,0,397,0,3,500,0,503,342,0,342,845
04/19/2015,TMB,FL,ASO,ES,Towers with Radar,0,7,69,0,76,0,0,345,0,345,0,7,414,0,421,106,0,106,527
04/20/2015,TMB,FL,ASO,ES,Towers with Radar,0,2,83,0,85,0,0,341,0,341,0,2,424,0,426,395,0,395,821
04/21/2015,TMB,FL,ASO,ES,Towers with Radar,0,5,45,2,52,0,0,124,0,124,0,5,169,2,176,277,0,277,453
04/22/2015,TMB,FL,ASO,ES,Towers with Radar,0,6,49,0,55,0,0,132,0,132,0,6,181,0,187,285,0,285,472
04/23/2015,TMB,FL,ASO,ES,Towers with Radar,0,5,69,2,76,0,0,359,0,359,0,5,428,2,435,466,0,466,901
04/24/2015,TMB,FL,ASO,ES,Towers with Radar,0,4,92,0,96,0,0,416,0,416,0,4,508,0,512,429,0,429,941
04/25/2015,TMB,FL,ASO,ES,Towers with Radar,0,3,82,0,85,0,0,376,0,376,0,3,458,0,461,394,0,394,855
04/26/2015,TMB,FL,ASO,ES,Towers with Radar,0,7,68,0,75,0,0,256,0,256,0,7,324,0,331,118,0,118,449
04/27/2015,TMB,FL,ASO,ES,Towers with Radar,0,11,65,0,76,0,0,337,0,337,0,11,402,0,413,428,0,428,841
04/28/2015,TMB,FL,ASO,ES,Towers with Radar,0,5,47,0,52,0,1,182,0,183,0,6,229,0,235,357,0,357,592
04/29/2015,TMB,FL,ASO,ES,Towers with Radar,0,2,37,0,39,0,0,31,0,31,0,2,68,0,70,30,0,30,100
04/30/2015,TMB,FL,ASO,ES,Towers with Radar,0,4,108,0,112,0,1,422,0,423,0,5,530,0,535,558,0,558,1093
05/01/2015,TMB,FL,ASO,ES,Towers with Radar,0,4,102,0,106,0,0,428,0,428,0,4,530,0,534,420,0,420,954
05/02/2015,TMB,FL,ASO,ES,Towers with Radar,0,3,91,0,94,0,0,418,0,418,0,3,509,0,512,312,0,312,824
05/03/2015,TMB,FL,ASO,ES,Towers with Radar,0,5,70,0,75,0,0,267,0,267,0,5,337,0,342,150,0,150,492
05/04/2015,TMB,FL,ASO,ES,Towers with Radar,0,3,84,0,87,0,0,300,0,300,0,3,384,0,387,374,0,374,761
05/05/2015,TMB,FL,ASO,ES,Towers with Radar,0,2,60,0,62,0,0,56,0,56,0,2,116,0,118,228,0,228,346
05/06/2015,TMB,FL,ASO,ES,Towers with Radar,0,3,86,0,89,0,0,341,0,341,0,3,427,0,430,509,0,509,939
05/07/2015,TMB,FL,ASO,ES,Towers with Radar,0,6,115,0,121,0,0,437,0,437,0,6,552,0,558,438,0,438,996
05/08/2015,TMB,FL,ASO,ES,Towers with Radar,0,3,93,0,96,0,0,424,0,424,0,3,517,0,520,499,0,499,1019
05/09/2015,TMB,FL,ASO,ES,Towers with Radar,0,3,93,0,96,0,0,412,0,412,0,3,505,0,508,335,0,335,843
05/10/2015,TMB,FL,ASO,ES,Towers with Radar,0,5,71,0,76,0,0,226,0,226,0,5,297,0,302,220,0,220,522
05/11/2015,TMB,FL,ASO,ES,Towers with Radar,0,2,99,0,101,0,0,384,0,384,0,2,483,0,485,462,0,462,947
05/12/2015,TMB,FL,ASO,ES,Towers with Radar,0,5,69,0,74,0,3,301,0,304,0,8,370,0,378,442,0,442,820
05/13/2015,TMB,FL,ASO,ES,Towers with Radar,0,7,94,1,102,0,4,373,1,378,0,11,467,2,480,462,0,462,942
05/14/2015,TMB,FL,ASO,ES,Towers with Radar,0,1,96,0,97,0,2,386,0,388,0,3,482,0,485,579,0,579,1064
05/15/2015,TMB,FL,ASO,ES,Towers with Radar,0,6,100,0,106,0,3,393,0,396,0,9,493,0,502,476,0,476,978
05/16/2015,TMB,FL,ASO,ES,Towers with Radar,0,8,80,0,88,0,0,296,0,296,0,8,376,0,384,351,0,351,735
05/17/2015,TMB,FL,ASO,ES,Towers with Radar,0,5,73,0,78,0,0,252,0,252,0,5,325,0,330,110,0,110,440
05/18/2015,TMB,FL,ASO,ES,Towers with Radar,0,3,98,0,101,0,0,342,0,342,0,3,440,0,443,263,0,263,706
05/19/2015,TMB,FL,ASO,ES,Towers with Radar,0,5,95,0,100,0,2,358,1,361,0,7,453,1,461,494,0,494,955
05/20/2015,TMB,FL,ASO,ES,Towers with Radar,0,4,83,4,91,0,1,392,4,397,0,5,475,8,488,422,0,422,910
05/21/2015,TMB,FL,ASO,ES,Towers with Radar,0,5,63,4,72,0,1,234,0,235,0,6,297,4,307,291,0,291,598
05/22/2015,TMB,FL,ASO,ES,Towers with Radar,0,6,84,0,90,0,2,329,0,331,0,8,413,0,421,307,0,307,728
05/23/2015,TMB,FL,ASO,ES,Towers with Radar,0,5,69,0,74,0,3,345,0,348,0,8,414,0,422,249,0,249,671
05/24/2015,TMB,FL,ASO,ES,Towers with Radar,0,5,53,0,58,0,0,324,0,324,0,5,377,0,382,174,0,174,556
05/25/2015,TMB,FL,ASO,ES,Towers with Radar,0,18,105,0,123,0,0,404,0,404,0,18,509,0,527,245,0,245,772
05/26/2015,TMB,FL,ASO,ES,Towers with Radar,0,4,91,0,95,0,0,341,0,341,0,4,432,0,436,326,0,326,762
05/27/2015,TMB,FL,ASO,ES,Towers with Radar,0,9,57,1,67,0,0,223,0,223,0,9,280,1,290,272,0,272,562
05/28/2015,TMB,FL,ASO,ES,Towers with Radar,0,5,41,0,46,0,1,98,0,99,0,6,139,0,145,110,0,110,255
05/29/2015,TMB,FL,ASO,ES,Towers with Radar,0,9,111,4,124,0,1,485,0,486,0,10,596,4,610,362,0,362,972
05/30/2015,TMB,FL,ASO,ES,Towers with Radar,0,2,80,0,82,0,0,362,1,363,0,2,442,1,445,430,0,430,875
05/31/2015,TMB,FL,ASO,ES,Towers with Radar,0,4,74,0,78,0,1,179,0,180,0,5,253,0,258,225,0,225,483
06/01/2015,TMB,FL,ASO,ES,Towers with Radar,0,8,103,0,111,0,0,327,0,327,0,8,430,0,438,357,0,357,795
06/02/2015,TMB,FL,ASO,ES,Towers with Radar,0,2,75,0,77,0,0,274,0,274,0,2,349,0,351,445,0,445,796
06/03/2015,TMB,FL,ASO,ES,Towers with Radar,0,3,102,0,105,0,1,358,1,360,0,4,460,1,465,521,0,521,986
06/04/2015,TMB,FL,ASO,ES,Towers with Radar,0,7,62,4,73,0,0,334,0,334,0,7,396,4,407,400,0,400,807
06/05/2015,TMB,FL,ASO,ES,Towers with Radar,0,8,73,0,81,0,0,271,0,271,0,8,344,0,352,289,0,289,641
06/06/2015,TMB,FL,ASO,ES,Towers with Radar,0,3,60,0,63,0,3,248,0,251,0,6,308,0,314,264,0,264,578
06/07/2015,TMB,FL,ASO,ES,Towers with Radar,0,1,89,0,90,0,1,286,0,287,0,2,375,0,377,176,0,176,553
06/08/2015,TMB,FL,ASO,ES,Towers with Radar,0,5,82,0,87,0,2,338,0,340,0,7,420,0,427,395,0,395,822
06/09/2015,TMB,FL,ASO,ES,Towers with Radar,0,4,54,0,58,0,0,200,0,200,0,4,254,0,258,311,0,311,569
06/10/2015,TMB,FL,ASO,ES,Towers with Radar,0,0,81,0,81,0,0,374,0,374,0,0,455,0,455,289,0,289,744
06/11/2015,TMB,FL,ASO,ES,Towers with Radar,0,3,106,0,109,0,1,419,0,420,0,4,525,0,529,501,0,501,1030
06/12/2015,TMB,FL,ASO,ES,Towers with Radar,0,1,111,0,112,0,0,462,0,462,0,1,573,0,574,261,0,261,835
06/13/2015,TMB,FL,ASO,ES,Towers with Radar,0,0,85,0,85,0,0,331,0,331,0,0,416,0,416,164,0,164,580
06/14/2015,TMB,FL,ASO,ES,Towers with Radar,0,6,74,0,80,0,1,250,0,251,0,7,324,0,331,216,0,216,547
06/15/2015,TMB,FL,ASO,ES,Towers with Radar,0,10,95,0,105,0,0,267,0,267,0,10,362,0,372,417,0,417,789
06/16/2015,TMB,FL,ASO,ES,Towers with Radar,0,6,111,0,117,0,0,440,0,440,0,6,551,0,557,501,0,501,1058
06/17/2015,TMB,FL,ASO,ES,Towers with Radar,0,1,101,0,102,0,1,410,0,411,0,2,511,0,513,446,0,446,959
06/18/2015,TMB,FL,ASO,ES,Towers with Radar,0,10,81,0,91,0,0,386,0,386,0,10,467,0,477,309,0,309,786
06/19/2015,TMB,FL,ASO,ES,Towers with Radar,0,2,90,0,92,0,0,378,0,378,0,2,468,0,470,462,0,462,932
06/20/2015,TMB,FL,ASO,ES,Towers with Radar,0,4,67,0,71,0,0,363,0,363,0,4,430,0,434,325,0,325,759
06/21/2015,TMB,FL,ASO,ES,Towers with Radar,0,7,59,0,66,0,0,303,0,303,0,7,362,0,369,210,0,210,579
06/22/2015,TMB,FL,ASO,ES,Towers with Radar,0,5,75,0,80,0,0,384,0,384,0,5,459,0,464,333,0,333,797
06/23/2015,TMB,FL,ASO,ES,Towers with Radar,0,3,84,0,87,0,0,391,0,391,0,3,475,0,478,463,0,463,941
06/24/2015,TMB,FL,ASO,ES,Towers with Radar,0,7,97,0,104,0,1,371,0,372,0,8,468,0,476,452,0,452,928
06/25/2015,TMB,FL,ASO,ES,Towers with Radar,0,4,90,0,94,0,0,324,0,324,0,4,414,0,418,479,0,479,897
06/26/2015,TMB,FL,ASO,ES,Towers with Radar,0,7,58,2,67,0,2,224,1,227,0,9,282,3,294,204,0,204,498
06/27/2015,TMB,FL,ASO,ES,Towers with Radar,0,3,66,0,69,0,0,255,0,255,0,3,321,0,324,168,0,168,492
06/28/2015,TMB,FL,ASO,ES,Towers with Radar,0,7,50,0,57,0,0,196,0,196,0,7,246,0,253,160,0,160,413
06/29/2015,TMB,FL,ASO,ES,Towers with Radar,0,4,79,0,83,0,0,326,0,326,0,4,405,0,409,143,0,143,552
06/30/2015,TMB,FL,ASO,ES,Towers with Radar,0,4,73,0,77,0,0,335,2,337,0,4,408,2,414,375,0,375,789
07/01/2015,TMB,FL,ASO,ES,Towers with Radar,0,8,107,0,115,0,0,421,1,422,0,8,528,1,537,275,0,275,812
07/02/2015,TMB,FL,ASO,ES,Towers with Radar,0,9,95,0,104,0,0,340,2,342,0,9,435,2,446,370,0,370,816
07/03/2015,TMB,FL,ASO,ES,Towers with Radar,0,2,91,0,93,0,1,403,1,405,0,3,494,1,498,392,0,392,890
07/04/2015,TMB,FL,ASO,ES,Towers with Radar,0,0,46,0,46,0,0,272,0,272,0,0,318,0,318,243,0,243,561
07/05/2015,TMB,FL,ASO,ES,Towers with Radar,0,4,88,0,92,0,0,285,0,285,0,4,373,0,377,184,0,184,561
07/06/2015,TMB,FL,ASO,ES,Towers with Radar,0,9,104,3,116,0,0,326,0,326,0,9,430,3,442,369,0,369,811
07/07/2015,TMB,FL,ASO,ES,Towers with Radar,0,1,77,0,78,0,0,285,0,285,0,1,362,0,363,420,0,420,783
07/08/2015,TMB,FL,ASO,ES,Towers with Radar,0,2,73,0,75,0,0,334,0,334,0,2,407,0,409,314,0,314,723
07/09/2015,TMB,FL,ASO,ES,Towers with Radar,0,6,75,0,81,0,0,417,0,417,0,6,492,0,498,337,0,337,835
07/10/2015,TMB,FL,ASO,ES,Towers with Radar,0,1,80,0,81,0,0,384,1,385,0,1,464,1,466,389,0,389,855
07/11/2015,TMB,FL,ASO,ES,Towers with Radar,0,4,83,0,87,0,0,343,0,343,0,4,426,0,430,247,0,247,677
07/12/2015,TMB,FL,ASO,ES,Towers with Radar,0,7,65,0,72,0,0,299,0,299,0,7,364,0,371,261,0,261,632
07/13/2015,TMB,FL,ASO,ES,Towers with Radar,0,2,49,0,51,0,0,295,0,295,0,2,344,0,346,320,0,320,666
07/14/2015,TMB,FL,ASO,ES,Towers with Radar,0,3,61,0,64,0,1,250,0,251,0,4,311,0,315,224,0,224,539
07/15/2015,TMB,FL,ASO,ES,Towers with Radar,0,1,87,0,88,0,0,281,0,281,0,1,368,0,369,430,0,430,799
07/16/2015,TMB,FL,ASO,ES,Towers with Radar,0,9,58,2,69,0,2,213,2,217,0,11,271,4,286,545,0,545,831
07/17/2015,TMB,FL,ASO,ES,Towers with Radar,0,7,79,0,86,0,0,308,0,308,0,7,387,0,394,417,0,417,811
07/18/2015,TMB,FL,ASO,ES,Towers with Radar,0,3,53,0,56,0,0,287,0,287,0,3,340,0,343,256,0,256,599
07/19/2015,TMB,FL,ASO,ES,Towers with Radar,0,5,74,0,79,0,0,256,0,256,0,5,330,0,335,204,0,204,539
07/20/2015,TMB,FL,ASO,ES,Towers with Radar,0,11,76,0,87,0,0,378,0,378,0,11,454,0,465,352,0,352,817
07/21/2015,TMB,FL,ASO,ES,Towers with Radar,0,3,61,0,64,0,0,246,0,246,0,3,307,0,310,194,0,194,504
07/22/2015,TMB,FL,ASO,ES,Towers with Radar,0,5,69,0,74,0,0,293,0,293,0,5,362,0,367,422,0,422,789
07/23/2015,TMB,FL,ASO,ES,Towers with Radar,0,7,74,0,81,0,0,326,0,326,0,7,400,0,407,338,0,338,745
07/24/2015,TMB,FL,ASO,ES,Towers with Radar,0,4,49,0,53,0,0,336,0,336,0,4,385,0,389,466,0,466,855
07/25/2015,TMB,FL,ASO,ES,Towers with Radar,0,8,36,0,44,0,1,223,0,224,0,9,259,0,268,308,0,308,576
07/26/2015,TMB,FL,ASO,ES,Towers with Radar,0,4,47,0,51,0,0,95,0,95,0,4,142,0,146,168,0,168,314
07/27/2015,TMB,FL,ASO,ES,Towers with Radar,0,7,70,0,77,0,1,369,0,370,0,8,439,0,447,345,0,345,792
07/28/2015,TMB,FL,ASO,ES,Towers with Radar,0,1,83,0,84,0,1,403,1,405,0,2,486,1,489,445,0,445,934
07/29/2015,TMB,FL,ASO,ES,Towers with Radar,0,0,70,0,70,0,0,377,0,377,0,0,447,0,447,428,0,428,875
07/30/2015,TMB,FL,ASO,ES,Towers with Radar,0,7,74,0,81,0,0,415,0,415,0,7,489,0,496,432,0,432,928
07/31/2015,TMB,FL,ASO,ES,Towers with Radar,0,2,64,0,66,0,0,247,0,247,0,2,311,0,313,244,0,244,557
08/01/2015,TMB,FL,ASO,ES,Towers with Radar,0,4,83,0,87,0,0,336,0,336,0,4,419,0,423,301,0,301,724
08/02/2015,TMB,FL,ASO,ES,Towers with Radar,0,2,62,0,64,0,0,182,0,182,0,2,244,0,246,165,0,165,411
08/03/2015,TMB,FL,ASO,ES,Towers with Radar,0,1,71,0,72,0,0,310,0,310,0,1,381,0,382,279,0,279,661
08/04/2015,TMB,FL,ASO,ES,Towers with Radar,0,0,76,0,76,0,0,301,0,301,0,0,377,0,377,133,0,133,510
08/05/2015,TMB,FL,ASO,ES,Towers with Radar,0,3,96,0,99,0,0,408,0,408,0,3,504,0,507,482,0,482,989
08/06/2015,TMB,FL,ASO,ES,Towers with Radar,0,4,71,0,75,0,0,403,0,403,0,4,474,0,478,265,0,265,743
08/07/2015,TMB,FL,ASO,ES,Towers with Radar,0,3,90,0,93,0,0,355,0,355,0,3,445,0,448,355,0,355,803
08/08/2015,TMB,FL,ASO,ES,Towers with Radar,0,6,61,0,67,0,0,332,0,332,0,6,393,0,399,209,0,209,608
08/09/2015,TMB,FL,ASO,ES,Towers with Radar,0,0,60,0,60,0,0,251,0,251,0,0,311,0,311,213,0,213,524
08/10/2015,TMB,FL,ASO,ES,Towers with Radar,0,2,69,0,71,0,0,245,0,245,0,2,314,0,316,192,0,192,508
08/11/2015,TMB,FL,ASO,ES,Towers with Radar,0,3,66,0,69,0,0,267,0,267,0,3,333,0,336,262,0,262,598
08/12/2015,TMB,FL,ASO,ES,Towers with Radar,0,2,57,0,59,0,0,325,0,325,0,2,382,0,384,594,0,594,978
08/13/2015,TMB,FL,ASO,ES,Towers with Radar,0,0,63,0,63,0,1,235,0,236,0,1,298,0,299,323,0,323,622
08/14/2015,TMB,FL,ASO,ES,Towers with Radar,0,8,87,2,97,0,1,328,2,331,0,9,415,4,428,430,0,430,858
08/15/2015,TMB,FL,ASO,ES,Towers with Radar,0,3,40,0,43,0,0,162,0,162,0,3,202,0,205,110,0,110,315
08/16/2015,TMB,FL,ASO,ES,Towers with Radar,0,2,70,0,72,0,0,290,0,290,0,2,360,0,362,142,0,142,504
08/17/2015,TMB,FL,ASO,ES,Towers with Radar,0,1,95,0,96,0,1,348,0,349,0,2,443,0,445,345,0,345,790
08/18/2015,TMB,FL,ASO,ES,Towers with Radar,0,5,76,0,81,0,0,267,0,267,0,5,343,0,348,303,0,303,651
08/19/2015,TMB,FL,ASO,ES,Towers with Radar,0,3,72,0,75,0,0,355,2,357,0,3,427,2,432,373,0,373,805
08/20/2015,TMB,FL,ASO,ES,Towers with Radar,0,1,80,0,81,0,0,302,0,302,0,1,382,0,383,330,0,330,713
08/21/2015,TMB,FL,ASO,ES,Towers with Radar,0,0,97,0,97,0,0,395,2,397,0,0,492,2,494,319,0,319,813
08/22/2015,TMB,FL,ASO,ES,Towers with Radar,0,3,61,0,64,0,0,331,2,333,0,3,392,2,397,198,0,198,595
08/23/2015,TMB,FL,ASO,ES,Towers with Radar,0,10,58,0,68,0,0,272,4,276,0,10,330,4,344,142,0,142,486
08/24/2015,TMB,FL,ASO,ES,Towers with Radar,0,5,76,0,81,0,0,287,0,287,0,5,363,0,368,225,0,225,593
08/25/2015,TMB,FL,ASO,ES,Towers with Radar,0,4,85,0,89,0,0,267,2,269,0,4,352,2,358,346,0,346,704
08/26/2015,TMB,FL,ASO,ES,Towers with Radar,0,4,76,2,82,0,0,248,0,248,0,4,324,2,330,235,0,235,565
08/27/2015,TMB,FL,ASO,ES,Towers with Radar,0,0,65,0,65,0,0,197,2,199,0,0,262,2,264,180,0,180,444
08/28/2015,TMB,FL,ASO,ES,Towers with Radar,0,1,88,0,89,0,0,299,0,299,0,1,387,0,388,314,0,314,702
08/29/2015,TMB,FL,ASO,ES,Towers with Radar,0,0,62,0,62,0,0,201,2,203,0,0,263,2,265,204,0,204,469
08/30/2015,TMB,FL,ASO,ES,Towers with Radar,0,0,10,1,11,0,0,18,2,20,0,0,28,3,31,37,0,37,68
08/31/2015,TMB,FL,ASO,ES,Towers with Radar,0,2,82,0,84,0,0,272,0,272,0,2,354,0,356,313,0,313,669
09/01/2015,TMB,FL,ASO,ES,Towers with Radar,0,0,91,0,91,0,0,308,2,310,0,0,399,2,401,487,0,487,888
09/02/2015,TMB,FL,ASO,ES,Towers with Radar,0,6,81,0,87,0,1,300,2,303,0,7,381,2,390,439,0,439,829
09/03/2015,TMB,FL,ASO,ES,Towers with Radar,1,5,90,0,96,0,0,295,0,295,1,5,385,0,391,452,0,452,843
09/04/2015,TMB,FL,ASO,ES,Towers with Radar,0,9,69,0,78,0,0,324,3,327,0,9,393,3,405,365,0,365,770
09/05/2015,TMB,FL,ASO,ES,Towers with Radar,0,0,53,0,53,0,0,289,2,291,0,0,342,2,344,293,0,293,637
09/06/2015,TMB,FL,ASO,ES,Towers with Radar,0,0,60,0,60,0,0,249,0,249,0,0,309,0,309,248,0,248,557
09/07/2015,TMB,FL,ASO,ES,Towers with Radar,0,8,88,0,96,0,0,328,2,330,0,8,416,2,426,250,0,250,676
09/08/2015,TMB,FL,ASO,ES,Towers with Radar,0,8,78,0,86,0,1,287,2,290,0,9,365,2,376,499,0,499,875
09/09/2015,TMB,FL,ASO,ES,Towers with Radar,0,4,93,0,97,0,0,299,0,299,0,4,392,0,396,446,0,446,842
09/10/2015,TMB,FL,ASO,ES,Towers with Radar,0,10,77,0,87,0,1,313,0,314,0,11,390,0,401,463,0,463,864
09/11/2015,TMB,FL,ASO,ES,Towers with Radar,0,9,95,0,104,0,0,335,6,341,0,9,430,6,445,395,0,395,840
09/12/2015,TMB,FL,ASO,ES,Towers with Radar,0,0,69,0,69,0,0,276,0,276,0,0,345,0,345,284,0,284,629
09/13/2015,TMB,FL,ASO,ES,Towers with Radar,0,2,66,0,68,0,0,215,0,215,0,2,281,0,283,207,0,207,490
09/14/2015,TMB,FL,ASO,ES,Towers with Radar,0,3,94,1,98,0,2,291,0,293,0,5,385,1,391,383,0,383,774
09/15/2015,TMB,FL,ASO,ES,Towers with Radar,0,6,75,2,83,0,0,197,2,199,0,6,272,4,282,181,0,181,463
09/16/2015,TMB,FL,ASO,ES,Towers with Radar,0,0,59,5,64,0,0,107,2,109,0,0,166,7,173,204,0,204,377
09/17/2015,TMB,FL,ASO,ES,Towers with Radar,0,2,59,0,61,0,0,151,0,151,0,2,210,0,212,129,0,129,341
09/18/2015,TMB,FL,ASO,ES,Towers with Radar,1,4,63,0,68,0,1,273,0,274,1,5,336,0,342,296,0,296,638
09/19/2015,TMB,FL,ASO,ES,Towers with Radar,0,1,54,0,55,0,0,384,0,384,0,1,438,0,439,372,0,372,811
09/20/2015,TMB,FL,ASO,ES,Towers with Radar,0,5,75,0,80,0,0,291,0,291,0,5,366,0,371,176,0,176,547
09/21/2015,TMB,FL,ASO,ES,Towers with Radar,0,3,86,0,89,0,0,304,0,304,0,3,390,0,393,345,0,345,738
09/22/2015,TMB,FL,ASO,ES,Towers with Radar,0,2,60,0,62,0,0,247,0,247,0,2,307,0,309,297,0,297,606
09/23/2015,TMB,FL,ASO,ES,Towers with Radar,0,1,73,0,74,0,0,310,0,310,0,1,383,0,384,404,0,404,788
09/24/2015,TMB,FL,ASO,ES,Towers with Radar,0,3,67,0,70,0,0,330,0,330,0,3,397,0,400,433,0,433,833
09/25/2015,TMB,FL,ASO,ES,Towers with Radar,0,2,84,0,86,0,0,293,0,293,0,2,377,0,379,297,0,297,676
09/26/2015,TMB,FL,ASO,ES,Towers with Radar,0,4,97,0,101,0,0,419,0,419,0,4,516,0,520,316,0,316,836
09/27/2015,TMB,FL,ASO,ES,Towers with Radar,0,3,59,0,62,0,0,279,0,279,0,3,338,0,341,183,0,183,524
09/28/2015,TMB,FL,ASO,ES,Towers with Radar,0,2,93,0,95,0,0,407,0,407,0,2,500,0,502,405,0,405,907
09/29/2015,TMB,FL,ASO,ES,Towers with Radar,0,1,56,0,57,0,0,277,0,277,0,1,333,0,334,488,0,488,822
09/30/2015,TMB,FL,ASO,ES,Towers with Radar,0,6,82,0,88,0,0,397,0,397,0,6,479,0,485,531,0,531,1016
10/01/2015,TMB,FL,ASO,ES,Towers with Radar,0,2,77,0,79,0,0,429,1,430,0,2,506,1,509,347,0,347,856
10/02/2015,TMB,FL,ASO,ES,Towers with Radar,0,6,102,0,108,0,0,214,0,214,0,6,316,0,322,194,0,194,516
10/03/2015,TMB,FL,ASO,ES,Towers with Radar,0,0,58,0,58,0,0,318,1,319,0,0,376,1,377,202,0,202,579
10/04/2015,TMB,FL,ASO,ES,Towers with Radar,0,4,61,0,65,0,0,276,0,276,0,4,337,0,341,236,0,236,577
10/05/2015,TMB,FL,ASO,ES,Towers with Radar,0,5,84,0,89,0,0,375,0,375,0,5,459,0,464,466,0,466,930
10/06/2015,TMB,FL,ASO,ES,Towers with Radar,0,2,101,1,104,0,0,402,0,402,0,2,503,1,506,497,0,497,1003
10/07/2015,TMB,FL,ASO,ES,Towers with Radar,0,5,95,0,100,0,0,254,1,255,0,5,349,1,355,295,0,295,650
10/08/2015,TMB,FL,ASO,ES,Towers with Radar,0,2,131,0,133,0,0,360,0,360,0,2,491,0,493,432,0,432,925
10/09/2015,TMB,FL,ASO,ES,Towers with Radar,0,2,116,0,118,0,0,390,0,390,0,2,506,0,508,439,0,439,947
10/10/2015,TMB,FL,ASO,ES,Towers with Radar,0,7,74,0,81,0,0,391,0,391,0,7,465,0,472,384,0,384,856
10/11/2015,TMB,FL,ASO,ES,Towers with Radar,0,4,75,0,79,0,0,310,0,310,0,4,385,0,389,269,0,269,658
10/12/2015,TMB,FL,ASO,ES,Towers with Radar,0,0,99,0,99,0,0,449,0,449,0,0,548,0,548,421,0,421,969
10/13/2015,TMB,FL,ASO,ES,Towers with Radar,0,6,72,0,78,0,0,378,0,378,0,6,450,0,456,432,0,432,888
10/14/2015,TMB,FL,ASO,ES,Towers with Radar,0,7,108,0,115,0,0,399,0,399,0,7,507,0,514,447,0,447,961
10/15/2015,TMB,FL,ASO,ES,Towers with Radar,0,5,122,0,127,0,1,363,2,366,0,6,485,2,493,522,0,522,1015
10/16/2015,TMB,FL,ASO,ES,Towers with Radar,0,4,63,0,67,0,0,88,2,90,0,4,151,2,157,149,0,149,306
10/17/2015,TMB,FL,ASO,ES,Towers with Radar,0,6,120,0,126,0,0,385,0,385,0,6,505,0,511,300,0,300,811
10/18/2015,TMB,FL,ASO,ES,Towers with Radar,0,3,77,0,80,0,0,254,2,256,0,3,331,2,336,221,0,221,557
10/19/2015,TMB,FL,ASO,ES,Towers with Radar,0,2,92,0,94,0,0,173,0,173,0,2,265,0,267,187,0,187,454
10/20/2015,TMB,FL,ASO,ES,Towers with Radar,0,3,97,0,100,0,0,249,3,252,0,3,346,3,352,190,0,190,542
10/21/2015,TMB,FL,ASO,ES,Towers with Radar,0,5,117,0,122,0,0,368,2,370,0,5,485,2,492,257,0,257,749
10/22/2015,TMB,FL,ASO,ES,Towers with Radar,0,6,108,0,114,0,0,302,2,304,0,6,410,2,418,512,0,512,930
10/23/2015,TMB,FL,ASO,ES,Towers with Radar,0,6,67,0,73,0,0,293,0,293,0,6,360,0,366,351,0,351,717
10/24/2015,TMB,FL,ASO,ES,Towers with Radar,0,2,99,0,101,0,0,334,0,334,0,2,433,0,435,361,0,361,796
10/25/2015,TMB,FL,ASO,ES,Towers with Radar,1,3,90,0,94,0,0,266,0,266,1,3,356,0,360,213,0,213,573
10/26/2015,TMB,FL,ASO,ES,Towers with Radar,0,4,94,0,98,0,0,364,0,364,0,4,458,0,462,476,0,476,938
10/27/2015,TMB,FL,ASO,ES,Towers with Radar,0,3,92,0,95,0,0,396,2,398,0,3,488,2,493,536,0,536,1029
10/28/2015,TMB,FL,ASO,ES,Towers with Radar,0,3,102,0,105,0,0,234,0,234,0,3,336,0,339,495,0,495,834
10/29/2015,TMB,FL,ASO,ES,Towers with Radar,0,6,111,0,117,0,0,373,0,373,0,6,484,0,490,477,0,477,967
10/30/2015,TMB,FL,ASO,ES,Towers with Radar,0,4,102,0,106,0,1,377,0,378,0,5,479,0,484,264,0,264,748
10/31/2015,TMB,FL,ASO,ES,Towers with Radar,0,2,79,0,81,0,0,318,0,318,0,2,397,0,399,300,0,300,699
11/01/2015,TMB,FL,ASO,ES,Towers with Radar,0,7,79,0,86,0,0,267,2,269,0,7,346,2,355,289,0,289,644
11/02/2015,TMB,FL,ASO,ES,Towers with Radar,0,10,82,0,92,0,0,335,0,335,0,10,417,0,427,459,0,459,886
11/03/2015,TMB,FL,ASO,ES,Towers with Radar,0,1,82,1,84,0,1,369,1,371,0,2,451,2,455,386,0,386,841
11/04/2015,TMB,FL,ASO,ES,Towers with Radar,0,5,82,0,87,0,0,368,0,368,0,5,450,0,455,489,0,489,944
11/05/2015,TMB,FL,ASO,ES,Towers with Radar,0,4,104,0,108,0,0,362,0,362,0,4,466,0,470,339,0,339,809
11/06/2015,TMB,FL,ASO,ES,Towers with Radar,0,9,116,0,125,0,0,485,2,487,0,9,601,2,612,385,0,385,997
11/07/2015,TMB,FL,ASO,ES,Towers with Radar,0,3,88,0,91,0,0,362,4,366,0,3,450,4,457,422,0,422,879
11/08/2015,TMB,FL,ASO,ES,Towers with Radar,0,8,119,0,127,0,0,295,0,295,0,8,414,0,422,262,0,262,684
11/09/2015,TMB,FL,ASO,ES,Towers with Radar,0,4,90,0,94,0,0,356,4,360,0,4,446,4,454,537,0,537,991
11/10/2015,TMB,FL,ASO,ES,Towers with Radar,0,9,110,0,119,0,0,383,2,385,0,9,493,2,504,505,0,505,1009
11/11/2015,TMB,FL,ASO,ES,Towers with Radar,0,3,100,0,103,0,1,359,2,362,0,4,459,2,465,481,0,481,946
11/12/2015,TMB,FL,ASO,ES,Towers with Radar,0,4,90,0,94,0,0,313,4,317,0,4,403,4,411,385,0,385,796
11/13/2015,TMB,FL,ASO,ES,Towers with Radar,0,9,76,0,85,0,0,300,2,302,0,9,376,2,387,535,0,535,922
11/14/2015,TMB,FL,ASO,ES,Towers with Radar,0,3,50,0,53,0,0,160,0,160,0,3,210,0,213,157,0,157,370
11/15/2015,TMB,FL,ASO,ES,Towers with Radar,0,11,75,0,86,0,0,130,0,130,0,11,205,0,216,171,0,171,387
11/16/2015,TMB,FL,ASO,ES,Towers with Radar,0,5,105,0,110,0,0,326,4,330,0,5,431,4,440,365,0,365,805
11/17/2015,TMB,FL,ASO,ES,Towers with Radar,0,4,89,0,93,0,0,323,0,323,0,4,412,0,416,419,0,419,835
11/18/2015,TMB,FL,ASO,ES,Towers with Radar,0,8,83,0,91,0,0,305,1,306,0,8,388,1,397,344,0,344,741
11/19/2015,TMB,FL,ASO,ES,Towers with Radar,0,6,97,0,103,0,0,239,0,239,0,6,336,0,342,450,0,450,792
11/20/2015,TMB,FL,ASO,ES,Towers with Radar,0,10,125,0,135,0,0,352,0,352,0,10,477,0,487,372,0,372,859
11/21/2015,TMB,FL,ASO,ES,Towers with Radar,0,16,93,0,109,0,0,255,0,255,0,16,348,0,364,267,0,267,631
11/22/2015,TMB,FL,ASO,ES,Towers with Radar,0,21,85,0,106,0,0,308,8,316,0,21,393,8,422,213,0,213,635
11/23/2015,TMB,FL,ASO,ES,Towers with Radar,0,16,107,0,123,0,0,490,2,492,0,16,597,2,615,296,0,296,911
11/24/2015,TMB,FL,ASO,ES,Towers with Radar,0,7,107,0,114,0,0,426,2,428,0,7,533,2,542,423,0,423,965
11/25/2015,TMB,FL,ASO,ES,Towers with Radar,0,5,82,0,87,0,0,301,2,303,0,5,383,2,390,348,0,348,738
11/26/2015,TMB,FL,ASO,ES,Towers with Radar,0,2,41,0,43,0,0,165,0,165,0,2,206,0,208,174,0,174,382
11/27/2015,TMB,FL,ASO,ES,Towers with Radar,0,11,82,0,93,0,0,320,0,320,0,11,402,0,413,221,0,221,634
11/28/2015,TMB,FL,ASO,ES,Towers with Radar,0,5,90,0,95,0,0,409,6,415,0,5,499,6,510,389,0,389,899
11/29/2015,TMB,FL,ASO,ES,Towers with Radar,0,13,93,0,106,0,0,335,0,335,0,13,428,0,441,242,0,242,683
11/30/2015,TMB,FL,ASO,ES,Towers with Radar,0,6,62,0,68,0,0,256,4,260,0,6,318,4,328,351,0,351,679
12/01/2015,TMB,FL,ASO,ES,Towers with Radar,0,9,84,0,93,0,0,341,0,341,0,9,425,0,434,526,0,526,960
12/02/2015,TMB,FL,ASO,ES,Towers with Radar,0,5,87,0,92,0,0,363,0,363,0,5,450,0,455,491,0,491,946
12/03/2015,TMB,FL,ASO,ES,Towers with Radar,0,10,89,0,99,0,0,292,2,294,0,10,381,2,393,464,0,464,857
12/04/2015,TMB,FL,ASO,ES,Towers with Radar,3,7,66,0,76,5,0,56,1,62,8,7,122,1,138,155,0,155,293
12/05/2015,TMB,FL,ASO,ES,Towers with Radar,0,5,29,0,34,0,0,17,0,17,0,5,46,0,51,5,0,5,56
12/06/2015,TMB,FL,ASO,ES,Towers with Radar,0,9,90,0,99,0,0,177,2,179,0,9,267,2,278,224,0,224,502
12/07/2015,TMB,FL,ASO,ES,Towers with Radar,0,8,77,1,86,0,0,113,1,114,0,8,190,2,200,193,0,193,393
12/08/2015,TMB,FL,ASO,ES,Towers with Radar,0,11,84,0,95,0,0,92,2,94,0,11,176,2,189,150,0,150,339
12/09/2015,TMB,FL,ASO,ES,Towers with Radar,0,3,119,0,122,0,0,441,0,441,0,3,560,0,563,499,0,499,1062
12/10/2015,TMB,FL,ASO,ES,Towers with Radar,0,1,101,2,104,0,0,490,2,492,0,1,591,4,596,530,0,530,1126
12/11/2015,TMB,FL,ASO,ES,Towers with Radar,0,6,102,0,108,0,0,419,3,422,0,6,521,3,530,461,0,461,991
12/12/2015,TMB,FL,ASO,ES,Towers with Radar,0,2,85,0,87,0,0,462,0,462,0,2,547,0,549,343,0,343,892
12/13/2015,TMB,FL,ASO,ES,Towers with Radar,0,9,65,0,74,0,0,201,0,201,0,9,266,0,275,157,0,157,432
12/14/2015,TMB,FL,ASO,ES,Towers with Radar,0,2,108,0,110,0,0,456,2,458,0,2,564,2,568,526,0,526,1094
12/15/2015,TMB,FL,ASO,ES,Towers with Radar,0,3,112,0,115,0,0,436,4,440,0,3,548,4,555,545,0,545,1100
12/16/2015,TMB,FL,ASO,ES,Towers with Radar,0,6,118,0,124,0,0,425,2,427,0,6,543,2,551,437,0,437,988
12/17/2015,TMB,FL,ASO,ES,Towers with Radar,0,2,88,2,92,0,2,447,2,451,0,4,535,4,543,265,0,265,808
12/18/2015,TMB,FL,ASO,ES,Towers with Radar,0,3,88,0,91,0,1,423,0,424,0,4,511,0,515,407,0,407,922
12/19/2015,TMB,FL,ASO,ES,Towers with Radar,0,3,86,3,92,0,1,241,4,246,0,4,327,7,338,179,0,179,517
12/20/2015,TMB,FL,ASO,ES,Towers with Radar,0,8,81,0,89,0,0,170,2,172,0,8,251,2,261,123,0,123,384
12/21/2015,TMB,FL,ASO,ES,Towers with Radar,0,10,73,0,83,0,0,327,0,327,0,10,400,0,410,228,0,228,638
12/22/2015,TMB,FL,ASO,ES,Towers with Radar,0,9,69,0,78,0,0,177,0,177,0,9,246,0,255,89,0,89,344
12/23/2015,TMB,FL,ASO,ES,Towers with Radar,0,8,108,0,116,0,0,282,0,282,0,8,390,0,398,429,0,429,827
12/24/2015,TMB,FL,ASO,ES,Towers with Radar,0,4,58,0,62,0,0,245,5,250,0,4,303,5,312,278,0,278,590
12/25/2015,TMB,FL,ASO,ES,Towers with Radar,0,11,13,0,24,0,0,41,0,41,0,11,54,0,65,16,0,16,81
12/26/2015,TMB,FL,ASO,ES,Towers with Radar,0,20,80,0,100,0,0,247,6,253,0,20,327,6,353,222,0,222,575
12/27/2015,TMB,FL,ASO,ES,Towers with Radar,0,21,68,0,89,0,0,300,2,302,0,21,368,2,391,375,0,375,766
12/28/2015,TMB,FL,ASO,ES,Towers with Radar,0,8,72,0,80,0,0,269,2,271,0,8,341,2,351,318,0,318,669
12/29/2015,TMB,FL,ASO,ES,Towers with Radar,0,6,100,0,106,0,0,329,0,329,0,6,429,0,435,420,0,420,855
12/30/2015,TMB,FL,ASO,ES,Towers with Radar,0,5,96,0,101,0,1,329,0,330,0,6,425,0,431,343,0,343,774
12/31/2015,TMB,FL,ASO,ES,Towers with Radar,0,1,54,0,55,0,0,242,6,248,0,1,296,6,303,167,0,167,470
01/01/2016,TMB,FL,ASO,ES,Towers with Radar,0,0,33,0,33,0,0,98,6,104,0,0,131,6,137,68,0,68,205
01/02/2016,TMB,FL,ASO,ES,Towers with Radar,0,12,112,0,124,0,0,390,0,390,0,12,502,0,514,321,0,321,835
01/03/2016,TMB,FL,ASO,ES,Towers with Radar,0,34,107,0,141,0,0,132,0,132,0,34,239,0,273,77,0,77,350
01/04/2016,TMB,FL,ASO,ES,Towers with Radar,0,6,89,0,95,0,0,304,0,304,0,6,393,0,399,260,0,260,659
01/05/2016,TMB,FL,ASO,ES,Towers with Radar,0,7,104,0,111,0,0,174,0,174,0,7,278,0,285,153,0,153,438
01/06/2016,TMB,FL,ASO,ES,Towers with Radar,0,12,69,0,81,0,0,170,0,170,0,12,239,0,251,336,0,336,587
01/07/2016,TMB,FL,ASO,ES,Towers with Radar,0,3,68,0,71,0,0,282,0,282,0,3,350,0,353,359,0,359,712
01/08/2016,TMB,FL,ASO,ES,Towers with Radar,0,12,79,0,91,0,0,384,0,384,0,12,463,0,475,426,0,426,901
01/09/2016,TMB,FL,ASO,ES,Towers with Radar,0,6,109,0,115,0,0,426,0,426,0,6,535,0,541,349,0,349,890
01/10/2016,TMB,FL,ASO,ES,Towers with Radar,0,14,69,0,83,0,0,260,0,260,0,14,329,0,343,190,0,190,533
01/11/2016,TMB,FL,ASO,ES,Towers with Radar,0,5,80,2,87,0,0,336,0,336,0,5,416,2,423,324,0,324,747
01/12/2016,TMB,FL,ASO,ES,Towers with Radar,0,2,74,0,76,0,0,193,0,193,0,2,267,0,269,256,0,256,525
01/13/2016,TMB,FL,ASO,ES,Towers with Radar,0,6,79,0,85,0,2,413,0,415,0,8,492,0,500,339,0,339,839
01/14/2016,TMB,FL,ASO,ES,Towers with Radar,0,6,111,0,117,0,0,281,0,281,0,6,392,0,398,400,0,400,798
01/15/2016,TMB,FL,ASO,ES,Towers with Radar,0,19,35,0,54,0,0,21,0,21,0,19,56,0,75,42,0,42,117
01/16/2016,TMB,FL,ASO,ES,Towers with Radar,0,4,78,0,82,0,1,442,0,443,0,5,520,0,525,394,0,394,919
01/17/2016,TMB,FL,ASO,ES,Towers with Radar,0,7,38,0,45,0,0,61,0,61,0,7,99,0,106,39,0,39,145
01/18/2016,TMB,FL,ASO,ES,Towers with Radar,0,2,98,1,101,0,1,381,0,382,0,3,479,1,483,343,0,343,826
01/19/2016,TMB,FL,ASO,ES,Towers with Radar,0,8,85,1,94,0,0,394,1,395,0,8,479,2,489,275,0,275,764
01/20/2016,TMB,FL,ASO,ES,Towers with Radar,0,3,91,2,96,0,0,483,2,485,0,3,574,4,581,417,0,417,998
01/21/2016,TMB,FL,ASO,ES,Towers with Radar,0,9,90,0,99,0,0,452,0,452,0,9,542,0,551,473,0,473,1024
01/22/2016,TMB,FL,ASO,ES,Towers with Radar,0,4,27,0,31,0,0,19,0,19,0,4,46,0,50,4,0,4,54
01/23/2016,TMB,FL,ASO,ES,Towers with Radar,0,7,23,1,31,0,0,105,3,108,0,7,128,4,139,26,0,26,165
01/24/2016,TMB,FL,ASO,ES,Towers with Radar,1,4,65,2,72,0,0,345,4,349,1,4,410,6,421,122,0,122,543
01/25/2016,TMB,FL,ASO,ES,Towers with Radar,0,7,85,2,94,0,0,378,2,380,0,7,463,4,474,510,0,510,984
01/26/2016,TMB,FL,ASO,ES,Towers with Radar,0,2,85,0,87,0,0,395,0,395,0,2,480,0,482,207,0,207,689
01/27/2016,TMB,FL,ASO,ES,Towers with Radar,0,6,30,0,36,0,1,91,0,92,0,7,121,0,128,105,0,105,233
01/28/2016,TMB,FL,ASO,ES,Towers with Radar,0,14,25,0,39,0,1,18,0,19,0,15,43,0,58,16,0,16,74
01/29/2016,TMB,FL,ASO,ES,Towers with Radar,0,7,77,0,84,0,1,447,0,448,0,8,524,0,532,470,0,470,1002
01/30/2016,TMB,FL,ASO,ES,Towers with Radar,0,3,86,0,89,0,1,467,0,468,0,4,553,0,557,388,0,388,945
01/31/2016,TMB,FL,ASO,ES,Towers with Radar,0,5,88,0,93,0,0,363,0,363,0,5,451,0,456,302,0,302,758
02/01/2016,TMB,FL,ASO,ES,Towers with Radar,0,6,74,0,80,0,0,65,0,65,0,6,139,0,145,131,0,131,276
02/02/2016,TMB,FL,ASO,ES,Towers with Radar,0,2,93,0,95,0,0,411,0,411,0,2,504,0,506,470,0,470,976
02/03/2016,TMB,FL,ASO,ES,Towers with Radar,0,6,77,0,83,0,0,326,0,326,0,6,403,0,409,177,0,177,586
02/04/2016,TMB,FL,ASO,ES,Towers with Radar,0,7,119,4,130,0,0,300,0,300,0,7,419,4,430,110,0,110,540
02/05/2016,TMB,FL,ASO,ES,Towers with Radar,0,5,104,0,109,0,0,188,1,189,0,5,292,1,298,109,0,109,407
02/06/2016,TMB,FL,ASO,ES,Towers with Radar,0,3,104,0,107,0,0,323,1,324,0,3,427,1,431,327,0,327,758
02/07/2016,TMB,FL,ASO,ES,Towers with Radar,0,11,44,0,55,0,2,200,0,202,0,13,244,0,257,65,0,65,322
02/08/2016,TMB,FL,ASO,ES,Towers with Radar,0,5,62,0,67,0,0,399,2,401,0,5,461,2,468,378,0,378,846
02/09/2016,TMB,FL,ASO,ES,Towers with Radar,0,8,78,0,86,0,0,293,4,297,0,8,371,4,383,290,0,290,673
02/10/2016,TMB,FL,ASO,ES,Towers with Radar,0,8,99,0,107,0,0,476,2,478,0,8,575,2,585,427,0,427,1012
02/11/2016,TMB,FL,ASO,ES,Towers with Radar,0,7,123,0,130,0,1,470,0,471,0,8,593,0,601,353,0,353,954
02/12/2016,TMB,FL,ASO,ES,Towers with Radar,0,3,133,0,136,0,1,454,0,455,0,4,587,0,591,426,0,426,1017
02/13/2016,TMB,FL,ASO,ES,Towers with Radar,0,2,77,0,79,0,0,421,0,421,0,2,498,0,500,227,0,227,727
02/14/2016,TMB,FL,ASO,ES,Towers with Radar,0,11,93,0,104,0,1,326,5,332,0,12,419,5,436,247,0,247,683
02/15/2016,TMB,FL,ASO,ES,Towers with Radar,0,14,99,0,113,0,0,197,2,199,0,14,296,2,312,201,0,201,513
02/16/2016,TMB,FL,ASO,ES,Towers with Radar,0,8,73,0,81,0,0,283,2,285,0,8,356,2,366,368,0,368,734
02/17/2016,TMB,FL,ASO,ES,Towers with Radar,0,4,80,0,84,0,0,376,4,380,0,4,456,4,464,391,0,391,855
02/18/2016,TMB,FL,ASO,ES,Towers with Radar,0,4,116,0,120,0,0,477,0,477,0,4,593,0,597,388,0,388,985
02/19/2016,TMB,FL,ASO,ES,Towers with Radar,0,11,98,2,111,0,0,314,0,314,0,11,412,2,425,299,0,299,724
02/20/2016,TMB,FL,ASO,ES,Towers with Radar,0,12,95,0,107,0,0,389,1,390,0,12,484,1,497,418,0,418,915
02/21/2016,TMB,FL,ASO,ES,Towers with Radar,0,6,86,1,93,0,0,416,1,417,0,6,502,2,510,318,0,318,828
02/22/2016,TMB,FL,ASO,ES,Towers with Radar,0,5,115,0,120,0,0,410,0,410,0,5,525,0,530,360,0,360,890
02/23/2016,TMB,FL,ASO,ES,Towers with Radar,0,2,91,0,93,0,0,202,2,204,0,2,293,2,297,247,0,247,544
02/24/2016,TMB,FL,ASO,ES,Towers with Radar,0,7,46,0,53,0,0,248,2,250,0,7,294,2,303,106,0,106,409
02/25/2016,TMB,FL,ASO,ES,Towers with Radar,0,7,75,0,82,0,0,380,0,380,0,7,455,0,462,105,0,105,567
02/26/2016,TMB,FL,ASO,ES,Towers with Radar,0,12,84,0,96,0,0,471,0,471,0,12,555,0,567,387,0,387,954
02/27/2016,TMB,FL,ASO,ES,Towers with Radar,1,3,71,0,75,0,0,508,0,508,1,3,579,0,583,428,0,428,1011
02/28/2016,TMB,FL,ASO,ES,Towers with Radar,0,4,118,0,122,0,0,392,0,392,0,4,510,0,514,297,0,297,811
02/29/2016,TMB,FL,ASO,ES,Towers with Radar,0,4,98,0,102,0,0,430,4,434,0,4,528,4,536,488,0,488,1024
03/01/2016,TMB,FL,ASO,ES,Towers with Radar,0,7,105,0,112,0,0,371,0,371,0,7,476,0,483,576,0,576,1059
03/02/2016,TMB,FL,ASO,ES,Towers with Radar,0,1,90,0,91,0,0,366,0,366,0,1,456,0,457,512,0,512,969
03/03/2016,TMB,FL,ASO,ES,Towers with Radar,0,7,115,0,122,0,0,438,0,438,0,7,553,0,560,441,0,441,1001
03/04/2016,TMB,FL,ASO,ES,Towers with Radar,0,5,77,0,82,0,0,400,0,400,0,5,477,0,482,398,0,398,880
03/05/2016,TMB,FL,ASO,ES,Towers with Radar,0,5,75,0,80,0,0,324,0,324,0,5,399,0,404,362,0,362,766
03/06/2016,TMB,FL,ASO,ES,Towers with Radar,0,7,73,0,80,0,0,304,2,306,0,7,377,2,386,224,0,224,610
03/07/2016,TMB,FL,ASO,ES,Towers with Radar,0,0,73,0,73,0,0,296,0,296,0,0,369,0,369,343,0,343,712
03/08/2016,TMB,FL,ASO,ES,Towers with Radar,0,11,75,0,86,0,0,260,0,260,0,11,335,0,346,91,0,91,437
03/09/2016,TMB,FL,ASO,ES,Towers with Radar,0,11,63,0,74,0,0,212,2,214,0,11,275,2,288,187,0,187,475
03/10/2016,TMB,FL,ASO,ES,Towers with Radar,0,8,61,4,73,0,0,224,2,226,0,8,285,6,299,46,0,46,345
03/11/2016,TMB,FL,ASO,ES,Towers with Radar,0,11,83,0,94,0,0,358,0,358,0,11,441,0,452,326,0,326,778
03/12/2016,TMB,FL,ASO,ES,Towers with Radar,0,6,82,0,88,0,0,380,8,388,0,6,462,8,476,201,0,201,677
03/13/2016,TMB,FL,ASO,ES,Towers with Radar,0,9,62,0,71,0,0,213,4,217,0,9,275,4,288,155,0,155,443
03/14/2016,TMB,FL,ASO,ES,Towers with Radar,0,3,76,1,80,0,0,391,2,393,0,3,467,3,473,499,0,499,972
03/15/2016,TMB,FL,ASO,ES,Towers with Radar,0,3,82,0,85,0,0,284,4,288,0,3,366,4,373,427,0,427,800
03/16/2016,TMB,FL,ASO,ES,Towers with Radar,0,6,90,0,96,0,0,407,3,410,0,6,497,3,506,397,0,397,903
03/17/2016,TMB,FL,ASO,ES,Towers with Radar,0,2,137,0,139,0,0,490,2,492,0,2,627,2,631,359,0,359,990
03/18/2016,TMB,FL,ASO,ES,Towers with Radar,0,11,114,0,125,0,1,374,0,375,0,12,488,0,500,440,0,440,940
03/19/2016,TMB,FL,ASO,ES,Towers with Radar,0,9,54,0,63,0,0,234,2,236,0,9,288,2,299,153,0,153,452
03/20/2016,TMB,FL,ASO,ES,Towers with Radar,0,17,55,0,72,0,0,103,4,107,0,17,158,4,179,173,0,173,352
03/21/2016,TMB,FL,ASO,ES,Towers with Radar,0,17,66,0,83,0,0,175,2,177,0,17,241,2,260,92,0,92,352
03/22/2016,TMB,FL,ASO,ES,Towers with Radar,0,2,103,0,105,0,0,385,0,385,0,2,488,0,490,273,0,273,763
03/23/2016,TMB,FL,ASO,ES,Towers with Radar,0,6,109,0,115,0,0,438,1,439,0,6,547,1,554,287,0,287,841
03/24/2016,TMB,FL,ASO,ES,Towers with Radar,0,13,107,4,124,0,0,192,0,192,0,13,299,4,316,82,0,82,398
03/25/2016,TMB,FL,ASO,ES,Towers with Radar,0,5,84,6,95,0,1,248,0,249,0,6,332,6,344,256,0,256,600
03/26/2016,TMB,FL,ASO,ES,Towers with Radar,0,4,113,0,117,0,3,460,1,464,0,7,573,1,581,349,0,349,930
03/27/2016,TMB,FL,ASO,ES,Towers with Radar,0,12,86,0,98,0,1,140,0,141,0,13,226,0,239,66,0,66,305
03/28/2016,TMB,FL,ASO,ES,Towers with Radar,1,13,95,3,112,0,0,327,3,330,1,13,422,6,442,438,0,438,880
03/29/2016,TMB,FL,ASO,ES,Towers with Radar,0,10,60,0,70,0,0,220,4,224,0,10,280,4,294,151,0,151,445
03/30/2016,TMB,FL,ASO,ES,Towers with Radar,0,9,88,2,99,0,1,290,2,293,0,10,378,4,392,195,0,195,587
03/31/2016,TMB,FL,ASO,ES,Towers with Radar,0,11,96,3,110,0,0,469,3,472,0,11,565,6,582,299,0,299,881
04/01/2016,TMB,FL,ASO,ES,Towers with Radar,0,9,122,0,131,0,0,433,0,433,0,9,555,0,564,334,0,334,898
04/02/2016,TMB,FL,ASO,ES,Towers with Radar,0,2,88,0,90,0,0,358,2,360,0,2,446,2,450,328,0,328,778
04/03/2016,TMB,FL,ASO,ES,Towers with Radar,0,7,80,0,87,0,0,287,4,291,0,7,367,4,378,291,0,291,669
04/04/2016,TMB,FL,ASO,ES,Towers with Radar,0,6,100,0,106,0,0,349,1,350,0,6,449,1,456,329,0,329,785
04/05/2016,TMB,FL,ASO,ES,Towers with Radar,0,6,83,0,89,0,0,387,2,389,0,6,470,2,478,382,0,382,860
04/06/2016,TMB,FL,ASO,ES,Towers with Radar,0,10,63,0,73,0,0,245,0,245,0,10,308,0,318,310,0,310,628
04/07/2016,TMB,FL,ASO,ES,Towers with Radar,0,0,98,0,98,0,0,547,0,547,0,0,645,0,645,293,0,293,938
04/08/2016,TMB,FL,ASO,ES,Towers with Radar,0,8,112,1,121,0,0,519,0,519,0,8,631,1,640,345,0,345,985
04/09/2016,TMB,FL,ASO,ES,Towers with Radar,1,2,101,0,104,0,0,405,3,408,1,2,506,3,512,241,0,241,753
04/10/2016,TMB,FL,ASO,ES,Towers with Radar,0,6,80,0,86,0,0,338,0,338,0,6,418,0,424,164,0,164,588
04/11/2016,TMB,FL,ASO,ES,Towers with Radar,0,3,97,1,101,0,0,414,0,414,0,3,511,1,515,326,0,326,841
04/12/2016,TMB,FL,ASO,ES,Towers with Radar,0,8,119,0,127,0,0,442,0,442,0,8,561,0,569,357,0,357,926
04/13/2016,TMB,FL,ASO,ES,Towers with Radar,0,3,87,0,90,0,0,429,1,430,0,3,516,1,520,559,0,559,1079
04/14/2016,TMB,FL,ASO,ES,Towers with Radar,0,5,121,3,129,0,2,450,6,458,0,7,571,9,587,480,0,480,1067
04/15/2016,TMB,FL,ASO,ES,Towers with Radar,0,8,90,2,100,0,0,400,5,405,0,8,490,7,505,316,0,316,821
04/16/2016,TMB,FL,ASO,ES,Towers with Radar,0,6,95,0,101,0,0,307,1,308,0,6,402,1,409,331,0,331,740
04/17/2016,TMB,FL,ASO,ES,Towers with Radar,0,4,64,0,68,0,0,202,2,204,0,4,266,2,272,158,0,158,430
04/18/2016,TMB,FL,ASO,ES,Towers with Radar,0,8,87,3,98,0,0,350,4,354,0,8,437,7,452,363,0,363,815
04/19/2016,TMB,FL,ASO,ES,Towers with Radar,0,3,94,2,99,0,1,419,0,420,0,4,513,2,519,279,0,279,798
04/20/2016,TMB,FL,ASO,ES,Towers with Radar,0,3,106,3,112,0,0,409,1,410,0,3,515,4,522,430,0,430,952
04/21/2016,TMB,FL,ASO,ES,Towers with Radar,0,10,87,0,97,0,0,356,2,358,0,10,443,2,455,217,0,217,672
04/22/2016,TMB,FL,ASO,ES,Towers with Radar,0,5,108,0,113,0,0,388,2,390,0,5,496,2,503,381,0,381,884
04/23/2016,TMB,FL,ASO,ES,Towers with Radar,0,10,92,0,102,0,0,441,2,443,0,10,533,2,545,371,0,371,916
04/24/2016,TMB,FL,ASO,ES,Towers with Radar,0,7,77,0,84,0,2,362,0,364,0,9,439,0,448,238,0,238,686
04/25/2016,TMB,FL,ASO,ES,Towers with Radar,0,7,117,0,124,0,0,387,0,387,0,7,504,0,511,319,0,319,830
04/26/2016,TMB,FL,ASO,ES,Towers with Radar,0,1,100,0,101,0,1,385,4,390,0,2,485,4,491,301,0,301,792
04/27/2016,TMB,FL,ASO,ES,Towers with Radar,0,6,115,0,121,0,0,439,4,443,0,6,554,4,564,402,0,402,966
04/28/2016,TMB,FL,ASO,ES,Towers with Radar,0,4,109,0,113,0,0,444,2,446,0,4,553,2,559,294,0,294,853
04/29/2016,TMB,FL,ASO,ES,Towers with Radar,0,8,111,0,119,0,0,428,2,430,0,8,539,2,549,512,0,512,1061
04/30/2016,TMB,FL,ASO,ES,Towers with Radar,0,7,85,0,92,0,0,348,0,348,0,7,433,0,440,337,0,337,777
05/01/2016,TMB,FL,ASO,ES,Towers with Radar,0,7,104,0,111,0,0,305,0,305,0,7,409,0,416,217,0,217,633
05/02/2016,TMB,FL,ASO,ES,Towers with Radar,0,3,103,0,106,0,0,359,0,359,0,3,462,0,465,505,0,505,970
05/03/2016,TMB,FL,ASO,ES,Towers with Radar,0,3,56,0,59,0,0,238,1,239,0,3,294,1,298,275,0,275,573
05/04/2016,TMB,FL,ASO,ES,Towers with Radar,0,1,29,0,30,0,0,74,0,74,0,1,103,0,104,73,0,73,177
05/05/2016,TMB,FL,ASO,ES,Towers with Radar,0,8,108,3,119,0,0,534,7,541,0,8,642,10,660,381,0,381,1041
05/06/2016,TMB,FL,ASO,ES,Towers with Radar,2,10,83,2,97,0,0,492,4,496,2,10,575,6,593,567,0,567,1160
05/07/2016,TMB,FL,ASO,ES,Towers with Radar,0,3,83,0,86,0,0,444,2,446,0,3,527,2,532,229,0,229,761
05/08/2016,TMB,FL,ASO,ES,Towers with Radar,0,4,55,0,59,0,0,328,2,330,0,4,383,2,389,164,0,164,553
05/09/2016,TMB,FL,ASO,ES,Towers with Radar,0,11,106,0,117,0,0,357,0,357,0,11,463,0,474,408,0,408,882
05/10/2016,TMB,FL,ASO,ES,Towers with Radar,0,4,85,1,90,0,0,396,3,399,0,4,481,4,489,516,0,516,1005
05/11/2016,TMB,FL,ASO,ES,Towers with Radar,0,7,113,0,120,0,0,515,2,517,0,7,628,2,637,466,0,466,1103
05/12/2016,TMB,FL,ASO,ES,Towers with Radar,0,4,117,0,121,0,0,412,0,412,0,4,529,0,533,560,0,560,1093
05/13/2016,TMB,FL,ASO,ES,Towers with Radar,0,5,95,3,103,0,0,576,0,576,0,5,671,3,679,562,0,562,1241
05/14/2016,TMB,FL,ASO,ES,Towers with Radar,0,5,58,0,63,0,1,406,0,407,0,6,464,0,470,237,0,237,707
05/15/2016,TMB,FL,ASO,ES,Towers with Radar,0,9,76,0,85,0,1,382,0,383,0,10,458,0,468,252,0,252,720
05/16/2016,TMB,FL,ASO,ES,Towers with Radar,0,6,49,0,55,0,1,282,0,283,0,7,331,0,338,356,0,356,694
05/17/2016,TMB,FL,ASO,ES,Towers with Radar,0,6,59,0,65,0,0,151,2,153,0,6,210,2,218,235,0,235,453
05/18/2016,TMB,FL,ASO,ES,Towers with Radar,0,6,43,0,49,0,0,118,0,118,0,6,161,0,167,394,0,394,561
05/19/2016,TMB,FL,ASO,ES,Towers with Radar,0,12,100,0,112,0,0,429,2,431,0,12,529,2,543,438,0,438,981
05/20/2016,TMB,FL,ASO,ES,Towers with Radar,0,1,108,0,109,0,0,509,0,509,0,1,617,0,618,294,0,294,912
05/21/2016,TMB,FL,ASO,ES,Towers with Radar,0,5,70,0,75,0,0,357,2,359,0,5,427,2,434,239,0,239,673
05/22/2016,TMB,FL,ASO,ES,Towers with Radar,0,8,71,0,79,0,0,385,2,387,0,8,456,2,466,288,0,288,754
05/23/2016,TMB,FL,ASO,ES,Towers with Radar,0,5,81,0,86,0,0,352,0,352,0,5,433,0,438,602,0,602,1040
05/24/2016,TMB,FL,ASO,ES,Towers with Radar,0,4,70,0,74,0,0,274,4,278,0,4,344,4,352,346,0,346,698
05/25/2016,TMB,FL,ASO,ES,Towers with Radar,0,5,96,0,101,0,0,413,2,415,0,5,509,2,516,429,0,429,945
05/26/2016,TMB,FL,ASO,ES,Towers with Radar,0,13,102,0,115,0,0,418,2,420,0,13,520,2,535,296,0,296,831
05/27/2016,TMB,FL,ASO,ES,Towers with Radar,0,10,92,0,102,0,3,440,0,443,0,13,532,0,545,411,0,411,956
05/28/2016,TMB,FL,ASO,ES,Towers with Radar,0,6,56,0,62,0,0,294,0,294,0,6,350,0,356,469,0,469,825
05/29/2016,TMB,FL,ASO,ES,Towers with Radar,0,7,65,0,72,0,0,277,2,279,0,7,342,2,351,432,0,432,783
05/30/2016,TMB,FL,ASO,ES,Towers with Radar,0,19,90,0,109,0,3,375,0,378,0,22,465,0,487,293,0,293,780
05/31/2016,TMB,FL,ASO,ES,Towers with Radar,0,3,66,0,69,0,0,304,0,304,0,3,370,0,373,417,0,417,790
06/01/2016,TMB,FL,ASO,ES,Towers with Radar,0,1,110,0,111,0,0,457,0,457,0,1,567,0,568,577,0,577,1145
06/02/2016,TMB,FL,ASO,ES,Towers with Radar,0,4,94,0,98,0,1,346,5,352,0,5,440,5,450,429,0,429,879
06/03/2016,TMB,FL,ASO,ES,Towers with Radar,0,0,64,1,65,0,0,228,0,228,0,0,292,1,293,297,0,297,590
06/04/2016,TMB,FL,ASO,ES,Towers with Radar,0,1,81,0,82,0,0,365,0,365,0,1,446,0,447,284,0,284,731
06/05/2016,TMB,FL,ASO,ES,Towers with Radar,0,8,77,0,85,0,0,205,1,206,0,8,282,1,291,268,0,268,559
06/06/2016,TMB,FL,ASO,ES,Towers with Radar,0,3,33,0,36,0,0,121,1,122,0,3,154,1,158,114,0,114,272
06/07/2016,TMB,FL,ASO,ES,Towers with Radar,0,6,38,2,46,0,1,182,0,183,0,7,220,2,229,171,0,171,400
06/08/2016,TMB,FL,ASO,ES,Towers with Radar,0,4,44,0,48,0,1,178,2,181,0,5,222,2,229,214,0,214,443
06/09/2016,TMB,FL,ASO,ES,Towers with Radar,0,9,77,1,87,0,0,348,2,350,0,9,425,3,437,490,0,490,927
06/10/2016,TMB,FL,ASO,ES,Towers with Radar,0,4,83,0,87,0,0,274,0,274,0,4,357,0,361,414,0,414,775
06/11/2016,TMB,FL,ASO,ES,Towers with Radar,0,6,67,0,73,0,0,309,1,310,0,6,376,1,383,414,0,414,797
06/12/2016,TMB,FL,ASO,ES,Towers with Radar,0,15,91,0,106,0,0,328,2,330,0,15,419,2,436,134,0,134,570
06/13/2016,TMB,FL,ASO,ES,Towers with Radar,0,4,125,2,131,0,0,489,4,493,0,4,614,6,624,600,0,600,1224
06/14/2016,TMB,FL,ASO,ES,Towers with Radar,0,5,139,7,151,0,1,482,6,489,0,6,621,13,640,607,0,607,1247
06/15/2016,TMB,FL,ASO,ES,Towers with Radar,0,1,90,0,91,0,0,383,0,383,0,1,473,0,474,473,0,473,947
06/16/2016,TMB,FL,ASO,ES,Towers with Radar,0,8,85,2,95,0,0,383,3,386,0,8,468,5,481,453,0,453,934
06/17/2016,TMB,FL,ASO,ES,Towers with Radar,0,4,79,0,83,0,2,399,0,401,0,6,478,0,484,409,0,409,893
06/18/2016,TMB,FL,ASO,ES,Towers with Radar,4,3,82,0,89,0,0,363,2,365,4,3,445,2,454,357,0,357,811
06/19/2016,TMB,FL,ASO,ES,Towers with Radar,0,8,92,0,100,0,0,261,2,263,0,8,353,2,363,205,0,205,568
06/20/2016,TMB,FL,ASO,ES,Towers with Radar,0,8,125,0,133,0,1,437,2,440,0,9,562,2,573,368,0,368,941
06/21/2016,TMB,FL,ASO,ES,Towers with Radar,0,7,61,6,74,0,0,103,2,105,0,7,164,8,179,109,0,109,288
06/22/2016,TMB,FL,ASO,ES,Towers with Radar,0,8,161,0,169,0,0,509,2,511,0,8,670,2,680,536,0,536,1216
06/23/2016,TMB,FL,ASO,ES,Towers with Radar,0,9,126,0,135,0,0,383,2,385,0,9,509,2,520,456,0,456,976
06/24/2016,TMB,FL,ASO,ES,Towers with Radar,0,5,134,0,139,0,0,491,0,491,0,5,625,0,630,401,0,401,1031
06/25/2016,TMB,FL,ASO,ES,Towers with Radar,0,9,104,0,113,0,0,469,0,469,0,9,573,0,582,342,0,342,924
06/26/2016,TMB,FL,ASO,ES,Towers with Radar,0,2,97,0,99,0,0,288,0,288,0,2,385,0,387,245,0,245,632
06/27/2016,TMB,FL,ASO,ES,Towers with Radar,0,8,53,1,62,0,0,258,4,262,0,8,311,5,324,244,0,244,568
06/28/2016,TMB,FL,ASO,ES,Towers with Radar,0,2,128,0,130,0,0,384,1,385,0,2,512,1,515,348,0,348,863
06/29/2016,TMB,FL,ASO,ES,Towers with Radar,0,3,104,0,107,0,0,382,0,382,0,3,486,0,489,302,0,302,791
06/30/2016,TMB,FL,ASO,ES,Towers with Radar,0,6,102,0,108,0,0,303,0,303,0,6,405,0,411,200,0,200,611
07/01/2016,TMB,FL,ASO,ES,Towers with Radar,0,9,72,0,81,0,0,327,0,327,0,9,399,0,408,231,0,231,639
07/02/2016,TMB,FL,ASO,ES,Towers with Radar,0,2,75,0,77,0,0,252,0,252,0,2,327,0,329,172,0,172,501
07/03/2016,TMB,FL,ASO,ES,Towers with Radar,0,0,54,0,54,0,0,152,0,152,0,0,206,0,206,119,0,119,325
07/04/2016,TMB,FL,ASO,ES,Towers with Radar,0,6,98,0,104,0,0,324,0,324,0,6,422,0,428,183,0,183,611
07/05/2016,TMB,FL,ASO,ES,Towers with Radar,0,11,165,1,177,0,0,452,0,452,0,11,617,1,629,468,0,468,1097
07/06/2016,TMB,FL,ASO,ES,Towers with Radar,0,6,146,0,152,0,1,439,0,440,0,7,585,0,592,317,0,317,909
07/07/2016,TMB,FL,ASO,ES,Towers with Radar,0,2,96,0,98,0,0,380,4,384,0,2,476,4,482,295,0,295,777
07/08/2016,TMB,FL,ASO,ES,Towers with Radar,0,4,137,2,143,0,0,449,4,453,0,4,586,6,596,498,0,498,1094
07/09/2016,TMB,FL,ASO,ES,Towers with Radar,0,1,89,0,90,0,0,450,2,452,0,1,539,2,542,368,0,368,910
07/10/2016,TMB,FL,ASO,ES,Towers with Radar,0,0,120,0,120,0,0,416,0,416,0,0,536,0,536,228,0,228,764
07/11/2016,TMB,FL,ASO,ES,Towers with Radar,0,7,94,0,101,0,1,301,2,304,0,8,395,2,405,432,0,432,837
07/12/2016,TMB,FL,ASO,ES,Towers with Radar,0,6,105,0,111,0,1,366,0,367,0,7,471,0,478,436,0,436,914
07/13/2016,TMB,FL,ASO,ES,Towers with Radar,0,5,122,0,127,0,0,312,0,312,0,5,434,0,439,258,0,258,697
07/14/2016,TMB,FL,ASO,ES,Towers with Radar,0,9,127,0,136,0,0,449,1,450,0,9,576,1,586,462,0,462,1048
07/15/2016,TMB,FL,ASO,ES,Towers with Radar,0,3,78,0,81,0,0,253,4,257,0,3,331,4,338,378,0,378,716
07/16/2016,TMB,FL,ASO,ES,Towers with Radar,0,18,99,0,117,0,0,409,10,419,0,18,508,10,536,347,0,347,883
07/17/2016,TMB,FL,ASO,ES,Towers with Radar,0,9,85,1,95,0,1,268,0,269,0,10,353,1,364,214,0,214,578
07/18/2016,TMB,FL,ASO,ES,Towers with Radar,0,7,110,0,117,0,0,309,0,309,0,7,419,0,426,190,0,190,616
07/19/2016,TMB,FL,ASO,ES,Towers with Radar,0,3,104,2,109,0,0,404,8,412,0,3,508,10,521,324,0,324,845
07/20/2016,TMB,FL,ASO,ES,Towers with Radar,0,3,129,0,132,0,0,474,0,474,0,3,603,0,606,497,0,497,1103
07/21/2016,TMB,FL,ASO,ES,Towers with Radar,0,5,75,0,80,0,0,231,4,235,0,5,306,4,315,293,0,293,608
07/22/2016,TMB,FL,ASO,ES,Towers with Radar,0,6,78,0,84,0,1,265,3,269,0,7,343,3,353,365,0,365,718
07/23/2016,TMB,FL,ASO,ES,Towers with Radar,0,12,113,0,125,0,2,439,0,441,0,14,552,0,566,325,0,325,891
07/24/2016,TMB,FL,ASO,ES,Towers with Radar,0,6,86,2,94,0,0,282,0,282,0,6,368,2,376,258,0,258,634
07/25/2016,TMB,FL,ASO,ES,Towers with Radar,0,11,125,0,136,0,0,440,1,441,0,11,565,1,577,422,0,422,999
07/26/2016,TMB,FL,ASO,ES,Towers with Radar,0,7,142,0,149,0,0,438,0,438,0,7,580,0,587,300,0,300,887
07/27/2016,TMB,FL,ASO,ES,Towers with Radar,0,5,119,0,124,0,1,426,0,427,0,6,545,0,551,379,0,379,930
07/28/2016,TMB,FL,ASO,ES,Towers with Radar,0,7,107,0,114,0,2,462,0,464,0,9,569,0,578,403,0,403,981
07/29/2016,TMB,FL,ASO,ES,Towers with Radar,0,6,137,0,143,0,0,464,0,464,0,6,601,0,607,337,0,337,944
07/30/2016,TMB,FL,ASO,ES,Towers with Radar,0,4,110,0,114,0,0,406,2,408,0,4,516,2,522,325,0,325,847
07/31/2016,TMB,FL,ASO,ES,Towers with Radar,0,11,87,0,98,0,1,246,0,247,0,12,333,0,345,171,0,171,516
08/01/2016,TMB,FL,ASO,ES,Towers with Radar,0,11,138,0,149,0,0,398,0,398,0,11,536,0,547,373,0,373,920
08/02/2016,TMB,FL,ASO,ES,Towers with Radar,0,2,59,2,63,0,0,190,0,190,0,2,249,2,253,175,0,175,428
08/03/2016,TMB,FL,ASO,ES,Towers with Radar,0,2,116,0,118,0,0,420,2,422,0,2,536,2,540,338,0,338,878
08/04/2016,TMB,FL,ASO,ES,Towers with Radar,0,2,106,0,108,0,0,443,0,443,0,2,549,0,551,414,0,414,965
08/05/2016,TMB,FL,ASO,ES,Towers with Radar,0,2,120,2,124,0,0,520,2,522,0,2,640,4,646,355,0,355,1001
08/06/2016,TMB,FL,ASO,ES,Towers with Radar,0,5,72,0,77,0,0,366,1,367,0,5,438,1,444,173,0,173,617
08/07/2016,TMB,FL,ASO,ES,Towers with Radar,0,1,80,0,81,0,0,221,0,221,0,1,301,0,302,114,0,114,416
08/08/2016,TMB,FL,ASO,ES,Towers with Radar,0,0,53,0,53,0,0,150,2,152,0,0,203,2,205,181,0,181,386
08/09/2016,TMB,FL,ASO,ES,Towers with Radar,0,5,119,0,124,0,0,398,0,398,0,5,517,0,522,204,0,204,726
08/10/2016,TMB,FL,ASO,ES,Towers with Radar,0,1,110,0,111,0,0,376,2,378,0,1,486,2,489,442,0,442,931
08/11/2016,TMB,FL,ASO,ES,Towers with Radar,0,11,121,0,132,0,0,556,0,556,0,11,677,0,688,406,0,406,1094
08/12/2016,TMB,FL,ASO,ES,Towers with Radar,0,8,123,0,131,0,0,408,0,408,0,8,531,0,539,270,0,270,809
08/13/2016,TMB,FL,ASO,ES,Towers with Radar,0,1,113,0,114,0,0,440,2,442,0,1,553,2,556,300,0,300,856
08/14/2016,TMB,FL,ASO,ES,Towers with Radar,0,4,78,0,82,0,0,241,2,243,0,4,319,2,325,150,0,150,475
08/15/2016,TMB,FL,ASO,ES,Towers with Radar,0,2,140,0,142,0,0,402,0,402,0,2,542,0,544,423,0,423,967
08/16/2016,TMB,FL,ASO,ES,Towers with Radar,0,4,167,0,171,0,7,290,0,297,0,11,457,0,468,436,0,436,904
08/17/2016,TMB,FL,ASO,ES,Towers with Radar,0,3,107,2,112,0,0,312,3,315,0,3,419,5,427,367,0,367,794
08/18/2016,TMB,FL,ASO,ES,Towers with Radar,0,4,133,0,137,0,0,419,2,421,0,4,552,2,558,546,0,546,1104
08/19/2016,TMB,FL,ASO,ES,Towers with Radar,0,7,107,0,114,0,0,452,0,452,0,7,559,0,566,398,0,398,964
08/20/2016,TMB,FL,ASO,ES,Towers with Radar,0,1,120,0,121,0,2,444,1,447,0,3,564,1,568,392,0,392,960
08/21/2016,TMB,FL,ASO,ES,Towers with Radar,0,2,77,0,79,0,0,313,0,313,0,2,390,0,392,171,0,171,563
08/22/2016,TMB,FL,ASO,ES,Towers with Radar,0,2,144,0,146,0,0,398,0,398,0,2,542,0,544,408,0,408,952
08/23/2016,TMB,FL,ASO,ES,Towers with Radar,0,4,123,0,127,0,0,440,0,440,0,4,563,0,567,414,0,414,981
08/24/2016,TMB,FL,ASO,ES,Towers with Radar,0,3,49,0,52,0,1,214,0,215,0,4,263,0,267,293,0,293,560
08/25/2016,TMB,FL,ASO,ES,Towers with Radar,0,3,47,0,50,0,0,228,0,228,0,3,275,0,278,287,0,287,565
08/26/2016,TMB,FL,ASO,ES,Towers with Radar,0,5,103,0,108,0,0,404,0,404,0,5,507,0,512,354,0,354,866
08/27/2016,TMB,FL,ASO,ES,Towers with Radar,0,1,113,0,114,0,0,360,2,362,0,1,473,2,476,308,0,308,784
08/28/2016,TMB,FL,ASO,ES,Towers with Radar,0,5,77,0,82,0,0,196,2,198,0,5,273,2,280,150,0,150,430
08/29/2016,TMB,FL,ASO,ES,Towers with Radar,0,10,137,0,147,0,0,223,0,223,0,10,360,0,370,243,0,243,613
08/30/2016,TMB,FL,ASO,ES,Towers with Radar,0,4,54,0,58,0,0,181,2,183,0,4,235,2,241,257,0,257,498
08/31/2016,TMB,FL,ASO,ES,Towers with Radar,0,2,106,0,108,0,0,324,0,324,0,2,430,0,432,321,0,321,753
09/01/2016,TMB,FL,ASO,ES,Towers with Radar,0,8,121,0,129,0,0,460,2,462,0,8,581,2,591,225,0,225,816
09/02/2016,TMB,FL,ASO,ES,Towers with Radar,0,7,141,0,148,0,0,532,2,534,0,7,673,2,682,360,0,360,1042
09/03/2016,TMB,FL,ASO,ES,Towers with Radar,1,5,68,0,74,0,0,380,2,382,1,5,448,2,456,346,0,346,802
09/04/2016,TMB,FL,ASO,ES,Towers with Radar,0,4,127,0,131,0,0,373,0,373,0,4,500,0,504,321,0,321,825
09/05/2016,TMB,FL,ASO,ES,Towers with Radar,0,10,117,0,127,0,0,320,4,324,0,10,437,4,451,433,0,433,884
09/06/2016,TMB,FL,ASO,ES,Towers with Radar,0,6,78,0,84,0,0,315,0,315,0,6,393,0,399,294,0,294,693
09/07/2016,TMB,FL,ASO,ES,Towers with Radar,0,3,130,0,133,0,0,371,0,371,0,3,501,0,504,312,0,312,816
09/08/2016,TMB,FL,ASO,ES,Towers with Radar,0,4,133,0,137,0,0,409,0,409,0,4,542,0,546,430,0,430,976
09/09/2016,TMB,FL,ASO,ES,Towers with Radar,0,4,132,0,136,0,0,431,2,433,0,4,563,2,569,290,0,290,859
09/10/2016,TMB,FL,ASO,ES,Towers with Radar,0,0,101,0,101,0,0,492,2,494,0,0,593,2,595,475,0,475,1070
09/11/2016,TMB,FL,ASO,ES,Towers with Radar,0,8,95,0,103,0,0,264,0,264,0,8,359,0,367,249,0,249,616
09/12/2016,TMB,FL,ASO,ES,Towers with Radar,0,5,65,0,70,0,0,287,0,287,0,5,352,0,357,451,0,451,808
09/13/2016,TMB,FL,ASO,ES,Towers with Radar,0,3,111,0,114,0,0,410,0,410,0,3,521,0,524,443,0,443,967
09/14/2016,TMB,FL,ASO,ES,Towers with Radar,0,2,134,2,138,0,0,483,0,483,0,2,617,2,621,553,0,553,1174
09/15/2016,TMB,FL,ASO,ES,Towers with Radar,0,1,110,0,111,0,0,421,0,421,0,1,531,0,532,515,0,515,1047
09/16/2016,TMB,FL,ASO,ES,Towers with Radar,0,0,131,0,131,1,0,509,2,512,1,0,640,2,643,408,0,408,1051
09/17/2016,TMB,FL,ASO,ES,Towers with Radar,0,2,110,0,112,0,0,619,0,619,0,2,729,0,731,403,0,403,1134
09/18/2016,TMB,FL,ASO,ES,Towers with Radar,0,3,82,0,85,0,0,313,0,313,0,3,395,0,398,209,0,209,607
09/19/2016,TMB,FL,ASO,ES,Towers with Radar,0,2,118,3,123,0,0,497,0,497,0,2,615,3,620,486,0,486,1106
09/20/2016,TMB,FL,ASO,ES,Towers with Radar,0,1,102,0,103,0,0,384,0,384,0,1,486,0,487,512,0,512,999
09/21/2016,TMB,FL,ASO,ES,Towers with Radar,0,2,83,8,93,0,0,443,0,443,0,2,526,8,536,555,0,555,1091
09/22/2016,TMB,FL,ASO,ES,Towers with Radar,0,2,85,0,87,0,0,373,2,375,0,2,458,2,462,526,0,526,988
09/23/2016,TMB,FL,ASO,ES,Towers with Radar,0,0,65,1,66,0,0,93,2,95,0,0,158,3,161,0,0,0,161
09/24/2016,TMB,FL,ASO,ES,Towers with Radar,1,0,56,0,57,0,0,362,0,362,1,0,418,0,419,257,0,257,676
09/25/2016,TMB,FL,ASO,ES,Towers with Radar,0,0,80,0,80,0,0,341,1,342,0,0,421,1,422,376,0,376,798
09/26/2016,TMB,FL,ASO,ES,Towers with Radar,0,1,108,2,111,0,0,339,2,341,0,1,447,4,452,402,0,402,854
09/27/2016,TMB,FL,ASO,ES,Towers with Radar,0,2,61,0,63,0,0,173,0,173,0,2,234,0,236,245,0,245,481
09/28/2016,TMB,FL,ASO,ES,Towers with Radar,0,4,131,0,135,0,0,510,2,512,0,4,641,2,647,535,0,535,1182
09/29/2016,TMB,FL,ASO,ES,Towers with Radar,0,5,99,0,104,0,0,385,0,385,0,5,484,0,489,432,0,432,921
09/30/2016,TMB,FL,ASO,ES,Towers with Radar,0,1,88,0,89,0,0,305,3,308,0,1,393,3,397,340,0,340,737
10/01/2016,TMB,FL,ASO,ES,Towers with Radar,0,2,92,0,94,0,0,474,0,474,0,2,566,0,568,494,0,494,1062
10/02/2016,TMB,FL,ASO,ES,Towers with Radar,0,1,92,0,93,0,0,280,0,280,0,1,372,0,373,262,0,262,635
10/03/2016,TMB,FL,ASO,ES,Towers with Radar,0,5,85,0,90,0,0,317,0,317,0,5,402,0,407,445,0,445,852
10/04/2016,TMB,FL,ASO,ES,Towers with Radar,0,0,132,0,132,0,0,420,0,420,0,0,552,0,552,514,0,514,1066
10/05/2016,TMB,FL,ASO,ES,Towers with Radar,0,7,114,0,121,0,2,289,2,293,0,9,403,2,414,261,0,261,675
10/06/2016,TMB,FL,ASO,ES,Towers with Radar,0,0,3,0,3,0,0,7,0,7,0,0,10,0,10,0,0,0,10
10/07/2016,TMB,FL,ASO,ES,Towers with Radar,0,0,43,0,43,0,0,85,2,87,0,0,128,2,130,102,0,102,232
10/08/2016,TMB,FL,ASO,ES,Towers with Radar,0,4,89,0,93,0,1,400,4,405,0,5,489,4,498,288,0,288,786
10/09/2016,TMB,FL,ASO,ES,Towers with Radar,0,3,79,0,82,0,1,297,0,298,0,4,376,0,380,245,0,245,625
10/10/2016,TMB,FL,ASO,ES,Towers with Radar,0,1,99,0,100,0,0,372,2,374,0,1,471,2,474,447,0,447,921
10/11/2016,TMB,FL,ASO,ES,Towers with Radar,0,3,99,0,102,0,0,330,2,332,0,3,429,2,434,371,0,371,805
10/12/2016,TMB,FL,ASO,ES,Towers with Radar,0,3,88,3,94,0,0,424,0,424,0,3,512,3,518,309,0,309,827
10/13/2016,TMB,FL,ASO,ES,Towers with Radar,0,9,115,0,124,0,0,464,0,464,0,9,579,0,588,489,0,489,1077
10/14/2016,TMB,FL,ASO,ES,Towers with Radar,0,4,111,2,117,0,0,427,4,431,0,4,538,6,548,471,0,471,1019
10/15/2016,TMB,FL,ASO,ES,Towers with Radar,0,4,90,0,94,0,0,326,0,326,0,4,416,0,420,274,0,274,694
10/16/2016,TMB,FL,ASO,ES,Towers with Radar,0,8,70,0,78,0,0,166,2,168,0,8,236,2,246,106,0,106,352
10/17/2016,TMB,FL,ASO,ES,Towers with Radar,0,9,113,0,122,0,0,440,0,440,0,9,553,0,562,215,0,215,777
10/18/2016,TMB,FL,ASO,ES,Towers with Radar,0,6,86,0,92,0,0,338,1,339,0,6,424,1,431,484,0,484,915
10/19/2016,TMB,FL,ASO,ES,Towers with Radar,0,4,99,0,103,0,0,379,3,382,0,4,478,3,485,519,0,519,1004
10/20/2016,TMB,FL,ASO,ES,Towers with Radar,0,15,55,0,70,0,0,203,6,209,0,15,258,6,279,92,0,92,371
10/21/2016,TMB,FL,ASO,ES,Towers with Radar,0,5,93,1,99,0,0,427,1,428,0,5,520,2,527,314,0,314,841
10/22/2016,TMB,FL,ASO,ES,Towers with Radar,0,2,75,0,77,0,0,480,2,482,0,2,555,2,559,339,0,339,898
10/23/2016,TMB,FL,ASO,ES,Towers with Radar,0,2,91,0,93,0,0,415,0,415,0,2,506,0,508,191,0,191,699
10/24/2016,TMB,FL,ASO,ES,Towers with Radar,0,2,91,2,95,0,0,314,2,316,0,2,405,4,411,523,0,523,934
10/25/2016,TMB,FL,ASO,ES,Towers with Radar,0,2,121,0,123,0,0,491,0,491,0,2,612,0,614,502,0,502,1116
10/26/2016,TMB,FL,ASO,ES,Towers with Radar,0,0,97,0,97,0,0,309,4,313,0,0,406,4,410,254,0,254,664
10/27/2016,TMB,FL,ASO,ES,Towers with Radar,0,5,73,0,78,0,0,206,0,206,0,5,279,0,284,121,0,121,405
10/28/2016,TMB,FL,ASO,ES,Towers with Radar,0,7,98,0,105,0,1,175,0,176,0,8,273,0,281,123,0,123,404
10/29/2016,TMB,FL,ASO,ES,Towers with Radar,0,9,58,0,67,0,0,66,3,69,0,9,124,3,136,68,0,68,204
10/30/2016,TMB,FL,ASO,ES,Towers with Radar,0,3,63,0,66,0,0,98,2,100,0,3,161,2,166,67,0,67,233
10/31/2016,TMB,FL,ASO,ES,Towers with Radar,0,3,78,0,81,0,0,275,0,275,0,3,353,0,356,445,0,445,801
11/01/2016,TMB,FL,ASO,ES,Towers with Radar,0,6,111,0,117,0,0,364,2,366,0,6,475,2,483,346,0,346,829
11/02/2016,TMB,FL,ASO,ES,Towers with Radar,0,15,85,0,100,0,0,344,0,344,0,15,429,0,444,429,0,429,873
11/03/2016,TMB,FL,ASO,ES,Towers with Radar,0,8,88,1,97,0,0,242,0,242,0,8,330,1,339,176,0,176,515
11/04/2016,TMB,FL,ASO,ES,Towers with Radar,0,7,135,2,144,0,1,467,4,472,0,8,602,6,616,480,0,480,1096
11/05/2016,TMB,FL,ASO,ES,Towers with Radar,0,3,91,2,96,0,0,290,3,293,0,3,381,5,389,201,0,201,590
11/06/2016,TMB,FL,ASO,ES,Towers with Radar,0,13,138,1,152,0,0,393,0,393,0,13,531,1,545,283,0,283,828
11/07/2016,TMB,FL,ASO,ES,Towers with Radar,0,10,118,0,128,0,0,287,2,289,0,10,405,2,417,427,0,427,844
11/08/2016,TMB,FL,ASO,ES,Towers with Radar,0,5,107,0,112,0,0,353,4,357,0,5,460,4,469,441,0,441,910
11/09/2016,TMB,FL,ASO,ES,Towers with Radar,0,6,109,0,115,0,0,361,2,363,0,6,470,2,478,404,0,404,882
11/10/2016,TMB,FL,ASO,ES,Towers with Radar,0,4,112,0,116,0,0,431,2,433,0,4,543,2,549,511,0,511,1060
11/11/2016,TMB,FL,ASO,ES,Towers with Radar,0,4,133,0,137,0,0,404,0,404,0,4,537,0,541,451,0,451,992
11/12/2016,TMB,FL,ASO,ES,Towers with Radar,0,4,84,0,88,0,0,439,0,439,0,4,523,0,527,304,0,304,831
11/13/2016,TMB,FL,ASO,ES,Towers with Radar,0,9,107,0,116,0,0,377,0,377,0,9,484,0,493,217,0,217,710
11/14/2016,TMB,FL,ASO,ES,Towers with Radar,0,2,118,0,120,0,0,323,0,323,0,2,441,0,443,471,0,471,914
11/15/2016,TMB,FL,ASO,ES,Towers with Radar,0,4,88,0,92,0,0,317,2,319,0,4,405,2,411,278,0,278,689
11/16/2016,TMB,FL,ASO,ES,Towers with Radar,0,6,109,0,115,0,1,454,0,455,0,7,563,0,570,291,0,291,861
11/17/2016,TMB,FL,ASO,ES,Towers with Radar,0,7,124,0,131,0,1,425,2,428,0,8,549,2,559,250,0,250,809
11/18/2016,TMB,FL,ASO,ES,Towers with Radar,0,7,117,0,124,0,1,438,2,441,0,8,555,2,565,542,0,542,1107
11/19/2016,TMB,FL,ASO,ES,Towers with Radar,0,2,114,0,116,0,0,427,2,429,0,2,541,2,545,339,0,339,884
11/20/2016,TMB,FL,ASO,ES,Towers with Radar,0,13,92,0,105,0,2,427,0,429,0,15,519,0,534,158,0,158,692
11/21/2016,TMB,FL,ASO,ES,Towers with Radar,0,6,82,0,88,0,1,403,4,408,0,7,485,4,496,339,0,339,835
11/22/2016,TMB,FL,ASO,ES,Towers with Radar,0,12,100,0,112,0,1,325,0,326,0,13,425,0,438,394,0,394,832
11/23/2016,TMB,FL,ASO,ES,Towers with Radar,0,13,106,0,119,0,0,380,2,382,0,13,486,2,501,363,0,363,864
11/24/2016,TMB,FL,ASO,ES,Towers with Radar,0,4,64,0,68,0,0,254,0,254,0,4,318,0,322,297,0,297,619
11/25/2016,TMB,FL,ASO,ES,Towers with Radar,0,2,83,0,85,0,0,392,6,398,0,2,475,6,483,449,0,449,932
11/26/2016,TMB,FL,ASO,ES,Towers with Radar,0,7,79,0,86,0,0,371,6,377,0,7,450,6,463,468,0,468,931
11/27/2016,TMB,FL,ASO,ES,Towers with Radar,0,17,118,0,135,0,0,309,0,309,0,17,427,0,444,204,0,204,648
11/28/2016,TMB,FL,ASO,ES,Towers with Radar,0,0,83,0,83,0,0,288,0,288,0,0,371,0,371,287,0,287,658
11/29/2016,TMB,FL,ASO,ES,Towers with Radar,0,8,83,0,91,0,1,317,0,318,0,9,400,0,409,465,0,465,874
11/30/2016,TMB,FL,ASO,ES,Towers with Radar,0,4,81,0,85,0,0,317,2,319,0,4,398,2,404,389,0,389,793
12/01/2016,TMB,FL,ASO,ES,Towers with Radar,0,3,111,0,114,0,0,330,2,332,0,3,441,2,446,373,0,373,819
12/02/2016,TMB,FL,ASO,ES,Towers with Radar,0,1,94,0,95,0,0,203,2,205,0,1,297,2,300,157,0,157,457
12/03/2016,TMB,FL,ASO,ES,Towers with Radar,0,5,86,0,91,0,2,355,0,357,0,7,441,0,448,327,0,327,775
12/04/2016,TMB,FL,ASO,ES,Towers with Radar,0,10,99,0,109,0,0,330,0,330,0,10,429,0,439,153,0,153,592
12/05/2016,TMB,FL,ASO,ES,Towers with Radar,0,6,108,0,114,0,0,377,4,381,0,6,485,4,495,332,0,332,827
12/06/2016,TMB,FL,ASO,ES,Towers with Radar,0,5,76,0,81,0,0,357,0,357,0,5,433,0,438,324,0,324,762
12/07/2016,TMB,FL,ASO,ES,Towers with Radar,0,4,103,0,107,0,2,357,0,359,0,6,460,0,466,489,0,489,955
12/08/2016,TMB,FL,ASO,ES,Towers with Radar,0,0,74,0,74,0,0,158,2,160,0,0,232,2,234,201,0,201,435
12/09/2016,TMB,FL,ASO,ES,Towers with Radar,0,9,124,0,133,0,0,376,0,376,0,9,500,0,509,232,0,232,741
12/10/2016,TMB,FL,ASO,ES,Towers with Radar,0,6,64,0,70,0,0,18,0,18,0,6,82,0,88,14,0,14,102
12/11/2016,TMB,FL,ASO,ES,Towers with Radar,0,7,66,0,73,0,0,123,2,125,0,7,189,2,198,112,0,112,310
12/12/2016,TMB,FL,ASO,ES,Towers with Radar,0,2,87,0,89,0,0,392,0,392,0,2,479,0,481,510,0,510,991
12/13/2016,TMB,FL,ASO,ES,Towers with Radar,0,4,129,0,133,0,0,498,0,498,0,4,627,0,631,426,0,426,1057
12/14/2016,TMB,FL,ASO,ES,Towers with Radar,0,2,109,0,111,0,0,463,2,465,0,2,572,2,576,586,0,586,1162
12/15/2016,TMB,FL,ASO,ES,Towers with Radar,0,7,90,0,97,0,0,293,6,299,0,7,383,6,396,244,0,244,640
12/16/2016,TMB,FL,ASO,ES,Towers with Radar,0,5,110,0,115,0,0,472,0,472,0,5,582,0,587,467,0,467,1054
12/17/2016,TMB,FL,ASO,ES,Towers with Radar,0,1,74,0,75,0,0,383,0,383,0,1,457,0,458,243,0,243,701
12/18/2016,TMB,FL,ASO,ES,Towers with Radar,0,2,57,0,59,0,0,221,0,221,0,2,278,0,280,149,0,149,429
12/19/2016,TMB,FL,ASO,ES,Towers with Radar,0,7,132,0,139,0,0,377,0,377,0,7,509,0,516,299,0,299,815
12/20/2016,TMB,FL,ASO,ES,Towers with Radar,0,9,68,0,77,0,0,274,1,275,0,9,342,1,352,296,0,296,648
12/21/2016,TMB,FL,ASO,ES,Towers with Radar,0,3,95,0,98,0,2,217,1,220,0,5,312,1,318,142,0,142,460
12/22/2016,TMB,FL,ASO,ES,Towers with Radar,0,12,126,0,138,0,0,343,2,345,0,12,469,2,483,271,0,271,754
12/23/2016,TMB,FL,ASO,ES,Towers with Radar,0,10,80,0,90,0,0,229,0,229,0,10,309,0,319,238,0,238,557
12/24/2016,TMB,FL,ASO,ES,Towers with Radar,0,3,48,0,51,0,1,230,2,233,0,4,278,2,284,162,0,162,446
12/25/2016,TMB,FL,ASO,ES,Towers with Radar,0,7,11,0,18,0,0,39,2,41,0,7,50,2,59,3,0,3,62
12/26/2016,TMB,FL,ASO,ES,Towers with Radar,0,22,119,0,141,0,0,329,0,329,0,22,448,0,470,195,0,195,665
12/27/2016,TMB,FL,ASO,ES,Towers with Radar,0,20,86,0,106,0,0,381,0,381,0,20,467,0,487,307,0,307,794
12/28/2016,TMB,FL,ASO,ES,Towers with Radar,0,15,96,0,111,0,1,412,0,413,0,16,508,0,524,310,0,310,834
12/29/2016,TMB,FL,ASO,ES,Towers with Radar,0,8,81,0,89,0,1,417,0,418,0,9,498,0,507,305,0,305,812
12/30/2016,TMB,FL,ASO,ES,Towers with Radar,0,14,76,0,90,0,0,246,2,248,0,14,322,2,338,103,0,103,441
12/31/2016,TMB,FL,ASO,ES,Towers with Radar,0,5,65,0,70,0,0,229,2,231,0,5,294,2,301,84,0,84,385
01/01/2017,TMB,FL,ASO,ES,Towers with Radar,1,20,56,0,77,0,0,104,0,104,1,20,160,0,181,27,0,27,208
01/02/2017,TMB,FL,ASO,ES,Towers with Radar,0,29,94,0,123,0,1,243,2,246,0,30,337,2,369,115,0,115,484
01/03/2017,TMB,FL,ASO,ES,Towers with Radar,0,5,97,0,102,0,0,274,0,274,0,5,371,0,376,270,0,270,646
01/04/2017,TMB,FL,ASO,ES,Towers with Radar,0,13,66,0,79,0,0,151,2,153,0,13,217,2,232,223,0,223,455
01/05/2017,TMB,FL,ASO,ES,Towers with Radar,0,5,71,0,76,0,0,354,0,354,0,5,425,0,430,353,0,353,783
01/06/2017,TMB,FL,ASO,ES,Towers with Radar,0,5,103,0,108,0,0,318,1,319,0,5,421,1,427,310,0,310,737
01/07/2017,TMB,FL,ASO,ES,Towers with Radar,0,10,49,0,59,0,0,180,0,180,0,10,229,0,239,168,0,168,407
01/08/2017,TMB,FL,ASO,ES,Towers with Radar,0,17,41,2,60,0,0,121,2,123,0,17,162,4,183,9,0,9,192
01/09/2017,TMB,FL,ASO,ES,Towers with Radar,0,6,72,0,78,0,1,275,4,280,0,7,347,4,358,241,0,241,599
01/10/2017,TMB,FL,ASO,ES,Towers with Radar,4,3,89,0,96,0,0,280,4,284,4,3,369,4,380,339,0,339,719
01/11/2017,TMB,FL,ASO,ES,Towers with Radar,0,5,117,0,122,0,0,370,2,372,0,5,487,2,494,391,0,391,885
01/12/2017,TMB,FL,ASO,ES,Towers with Radar,0,5,107,0,112,0,1,371,6,378,0,6,478,6,490,274,0,274,764
01/13/2017,TMB,FL,ASO,ES,Towers with Radar,0,6,137,0,143,0,1,421,2,424,0,7,558,2,567,361,0,361,928
01/14/2017,TMB,FL,ASO,ES,Towers with Radar,0,5,100,0,105,0,0,343,4,347,0,5,443,4,452,331,0,331,783
01/15/2017,TMB,FL,ASO,ES,Towers with Radar,0,3,88,0,91,0,0,288,2,290,0,3,376,2,381,153,0,153,534
01/16/2017,TMB,FL,ASO,ES,Towers with Radar,0,1,126,0,127,0,0,392,0,392,0,1,518,0,519,246,0,246,765
01/17/2017,TMB,FL,ASO,ES,Towers with Radar,0,3,89,0,92,0,0,342,2,344,0,3,431,2,436,306,0,306,742
01/18/2017,TMB,FL,ASO,ES,Towers with Radar,0,1,107,0,108,0,0,484,2,486,0,1,591,2,594,491,0,491,1085
01/19/2017,TMB,FL,ASO,ES,Towers with Radar,0,9,98,0,107,0,0,413,3,416,0,9,511,3,523,499,0,499,1022
01/20/2017,TMB,FL,ASO,ES,Towers with Radar,0,4,93,0,97,0,0,392,2,394,0,4,485,2,491,536,0,536,1027
01/21/2017,TMB,FL,ASO,ES,Towers with Radar,0,10,87,1,98,0,0,348,0,348,0,10,435,1,446,416,0,416,862
01/22/2017,TMB,FL,ASO,ES,Towers with Radar,0,9,37,0,46,0,1,84,2,87,0,10,121,2,133,13,0,13,146
01/23/2017,TMB,FL,ASO,ES,Towers with Radar,0,3,24,0,27,0,0,38,2,40,0,3,62,2,67,44,0,44,111
01/24/2017,TMB,FL,ASO,ES,Towers with Radar,0,9,99,0,108,0,0,451,2,453,0,9,550,2,561,474,0,474,1035
01/25/2017,TMB,FL,ASO,ES,Towers with Radar,0,5,89,0,94,0,0,454,0,454,0,5,543,0,548,442,0,442,990
01/26/2017,TMB,FL,ASO,ES,Towers with Radar,0,7,98,0,105,0,1,494,0,495,0,8,592,0,600,473,0,473,1073
01/27/2017,TMB,FL,ASO,ES,Towers with Radar,0,12,118,0,130,0,2,518,5,525,0,14,636,5,655,426,0,426,1081
01/28/2017,TMB,FL,ASO,ES,Towers with Radar,0,5,118,0,123,0,1,476,4,481,0,6,594,4,604,281,0,281,885
01/29/2017,TMB,FL,ASO,ES,Towers with Radar,0,19,56,0,75,0,0,12,0,12,0,19,68,0,87,17,0,17,104
01/30/2017,TMB,FL,ASO,ES,Towers with Radar,0,9,83,4,96,0,0,452,4,456,0,9,535,8,552,358,0,358,910
01/31/2017,TMB,FL,ASO,ES,Towers with Radar,0,4,122,0,126,0,0,444,2,446,0,4,566,2,572,424,0,424,996
02/01/2017,TMB,FL,ASO,ES,Towers with Radar,0,11,104,0,115,0,0,480,2,482,0,11,584,2,597,563,0,563,1160
02/02/2017,TMB,FL,ASO,ES,Towers with Radar,0,7,73,0,80,0,0,393,0,393,0,7,466,0,473,316,0,316,789
02/03/2017,TMB,FL,ASO,ES,Towers with Radar,0,13,89,0,102,0,0,437,0,437,0,13,526,0,539,32,0,32,571
02/04/2017,TMB,FL,ASO,ES,Towers with Radar,0,2,115,0,117,0,1,434,4,439,0,3,549,4,556,427,0,427,983
02/05/2017,TMB,FL,ASO,ES,Towers with Radar,0,7,105,0,112,0,0,329,2,331,0,7,434,2,443,260,0,260,703
02/06/2017,TMB,FL,ASO,ES,Towers with Radar,0,11,133,0,144,0,0,381,1,382,0,11,514,1,526,470,0,470,996
02/07/2017,TMB,FL,ASO,ES,Towers with Radar,0,7,124,2,133,0,0,349,5,354,0,7,473,7,487,430,0,430,917
02/08/2017,TMB,FL,ASO,ES,Towers with Radar,0,4,123,0,127,0,0,406,2,408,0,4,529,2,535,435,0,435,970
02/09/2017,TMB,FL,ASO,ES,Towers with Radar,0,8,96,0,104,0,0,275,2,277,0,8,371,2,381,357,0,357,738
02/10/2017,TMB,FL,ASO,ES,Towers with Radar,0,5,128,0,133,0,1,451,2,454,0,6,579,2,587,429,0,429,1016
02/11/2017,TMB,FL,ASO,ES,Towers with Radar,0,7,99,0,106,0,0,452,2,454,0,7,551,2,560,365,0,365,925
02/12/2017,TMB,FL,ASO,ES,Towers with Radar,1,11,93,0,105,1,0,337,1,339,2,11,430,1,444,300,0,300,744
02/13/2017,TMB,FL,ASO,ES,Towers with Radar,0,1,81,0,82,0,0,389,0,389,0,1,470,0,471,317,0,317,788
02/14/2017,TMB,FL,ASO,ES,Towers with Radar,8,8,104,0,120,0,0,399,2,401,8,8,503,2,521,418,0,418,939
02/15/2017,TMB,FL,ASO,ES,Towers with Radar,0,11,87,0,98,0,0,301,1,302,0,11,388,1,400,338,0,338,738
02/16/2017,TMB,FL,ASO,ES,Towers with Radar,0,16,97,0,113,0,0,454,2,456,0,16,551,2,569,487,0,487,1056
02/17/2017,TMB,FL,ASO,ES,Towers with Radar,2,5,130,0,137,2,0,453,0,455,4,5,583,0,592,420,0,420,1012
02/18/2017,TMB,FL,ASO,ES,Towers with Radar,3,12,145,0,160,0,0,411,0,411,3,12,556,0,571,363,0,363,934
02/19/2017,TMB,FL,ASO,ES,Towers with Radar,0,7,81,0,88,0,0,348,0,348,0,7,429,0,436,335,0,335,771
02/20/2017,TMB,FL,ASO,ES,Towers with Radar,6,18,132,0,156,0,0,427,0,427,6,18,559,0,583,630,0,630,1213
02/21/2017,TMB,FL,ASO,ES,Towers with Radar,5,12,125,0,142,0,2,395,0,397,5,14,520,0,539,512,0,512,1051
02/22/2017,TMB,FL,ASO,ES,Towers with Radar,3,25,32,0,60,0,0,65,2,67,3,25,97,2,127,75,0,75,202
02/23/2017,TMB,FL,ASO,ES,Towers with Radar,0,13,90,0,103,0,1,403,2,406,0,14,493,2,509,427,0,427,936
02/24/2017,TMB,FL,ASO,ES,Towers with Radar,0,6,125,0,131,0,0,283,2,285,0,6,408,2,416,347,0,347,763
02/25/2017,TMB,FL,ASO,ES,Towers with Radar,0,5,88,0,93,0,0,433,2,435,0,5,521,2,528,425,0,425,953
02/26/2017,TMB,FL,ASO,ES,Towers with Radar,0,9,97,0,106,0,0,404,0,404,0,9,501,0,510,304,0,304,814
02/27/2017,TMB,FL,ASO,ES,Towers with Radar,0,9,120,0,129,0,0,352,2,354,0,9,472,2,483,291,0,291,774
02/28/2017,TMB,FL,ASO,ES,Towers with Radar,0,10,105,0,115,0,0,361,4,365,0,10,466,4,480,267,0,267,747
03/01/2017,TMB,FL,ASO,ES,Towers with Radar,0,4,99,0,103,0,1,406,4,411,0,5,505,4,514,848,0,848,1362
03/02/2017,TMB,FL,ASO,ES,Towers with Radar,0,7,111,0,118,0,0,383,0,383,0,7,494,0,501,467,0,467,968
03/03/2017,TMB,FL,ASO,ES,Towers with Radar,0,10,99,0,109,0,0,306,1,307,0,10,405,1,416,141,0,141,557
03/04/2017,TMB,FL,ASO,ES,Towers with Radar,0,6,46,0,52,0,0,168,2,170,0,6,214,2,222,89,0,89,311
03/05/2017,TMB,FL,ASO,ES,Towers with Radar,0,4,48,0,52,0,0,89,4,93,0,4,137,4,145,17,0,17,162
03/06/2017,TMB,FL,ASO,ES,Towers with Radar,0,5,62,0,67,0,0,126,0,126,0,5,188,0,193,119,0,119,312
03/07/2017,TMB,FL,ASO,ES,Towers with Radar,0,12,101,0,113,0,2,349,2,353,0,14,450,2,466,308,0,308,774
03/08/2017,TMB,FL,ASO,ES,Towers with Radar,0,8,107,0,115,0,0,529,2,531,0,8,636,2,646,521,0,521,1167
03/09/2017,TMB,FL,ASO,ES,Towers with Radar,0,4,111,0,115,0,0,553,2,555,0,4,664,2,670,550,0,550,1220
03/10/2017,TMB,FL,ASO,ES,Towers with Radar,0,13,128,0,141,0,1,535,0,536,0,14,663,0,677,465,0,465,1142
03/11/2017,TMB,FL,ASO,ES,Towers with Radar,0,11,104,0,115,0,1,442,2,445,0,12,546,2,560,324,0,324,884
03/12/2017,TMB,FL,ASO,ES,Towers with Radar,0,13,100,0,113,0,0,335,0,335,0,13,435,0,448,219,0,219,667
03/13/2017,TMB,FL,ASO,ES,Towers with Radar,0,9,140,0,149,0,1,408,0,409,0,10,548,0,558,394,0,394,952
03/14/2017,TMB,FL,ASO,ES,Towers with Radar,0,5,108,0,113,0,1,381,2,384,0,6,489,2,497,398,0,398,895
03/15/2017,TMB,FL,ASO,ES,Towers with Radar,0,2,87,4,93,0,0,446,0,446,0,2,533,4,539,190,0,190,729
03/16/2017,TMB,FL,ASO,ES,Towers with Radar,0,9,100,0,109,0,0,477,0,477,0,9,577,0,586,403,0,403,989
03/17/2017,TMB,FL,ASO,ES,Towers with Radar,0,3,125,2,130,0,0,477,4,481,0,3,602,6,611,400,0,400,1011
03/18/2017,TMB,FL,ASO,ES,Towers with Radar,0,5,94,0,99,0,0,437,0,437,0,5,531,0,536,320,0,320,856
03/19/2017,TMB,FL,ASO,ES,Towers with Radar,0,6,98,0,104,0,0,412,0,412,0,6,510,0,516,194,0,194,710
03/20/2017,TMB,FL,ASO,ES,Towers with Radar,0,15,123,0,138,0,0,447,2,449,0,15,570,2,587,409,0,409,996
03/21/2017,TMB,FL,ASO,ES,Towers with Radar,0,8,124,0,132,0,0,402,2,404,0,8,526,2,536,364,0,364,900
03/22/2017,TMB,FL,ASO,ES,Towers with Radar,0,4,123,0,127,0,1,547,3,551,0,5,670,3,678,606,0,606,1284
03/23/2017,TMB,FL,ASO,ES,Towers with Radar,0,14,126,0,140,0,0,336,0,336,0,14,462,0,476,337,0,337,813
03/24/2017,TMB,FL,ASO,ES,Towers with Radar,0,5,45,0,50,0,0,139,2,141,0,5,184,2,191,67,0,67,258
03/25/2017,TMB,FL,ASO,ES,Towers with Radar,0,10,113,0,123,0,0,341,4,345,0,10,454,4,468,295,0,295,763
03/26/2017,TMB,FL,ASO,ES,Towers with Radar,0,5,123,0,128,0,0,310,1,311,0,5,433,1,439,208,0,208,647
03/27/2017,TMB,FL,ASO,ES,Towers with Radar,0,6,92,0,98,0,0,454,0,454,0,6,546,0,552,582,0,582,1134
03/28/2017,TMB,FL,ASO,ES,Towers with Radar,0,3,121,0,124,0,0,458,0,458,0,3,579,0,582,576,0,576,1158
03/29/2017,TMB,FL,ASO,ES,Towers with Radar,0,6,132,0,138,0,0,487,0,487,0,6,619,0,625,448,0,448,1073
03/30/2017,TMB,FL,ASO,ES,Towers with Radar,0,7,103,0,110,0,0,476,0,476,0,7,579,0,586,464,0,464,1050
03/31/2017,TMB,FL,ASO,ES,Towers with Radar,0,3,102,0,105,0,0,488,0,488,0,3,590,0,593,217,0,217,810
04/01/2017,TMB,FL,ASO,ES,Towers with Radar,0,7,79,0,86,0,0,430,2,432,0,7,509,2,518,337,0,337,855
04/02/2017,TMB,FL,ASO,ES,Towers with Radar,0,8,67,0,75,0,0,267,0,267,0,8,334,0,342,289,0,289,631
04/03/2017,TMB,FL,ASO,ES,Towers with Radar,0,11,72,2,85,0,0,323,1,324,0,11,395,3,409,42,0,42,451
04/04/2017,TMB,FL,ASO,ES,Towers with Radar,0,2,70,0,72,0,0,457,0,457,0,2,527,0,529,104,0,104,633
04/05/2017,TMB,FL,ASO,ES,Towers with Radar,0,12,129,0,141,0,0,557,0,557,0,12,686,0,698,504,0,504,1202
04/06/2017,TMB,FL,ASO,ES,Towers with Radar,0,14,76,0,90,0,0,191,2,193,0,14,267,2,283,318,0,318,601
04/07/2017,TMB,FL,ASO,ES,Towers with Radar,0,18,107,0,125,0,1,372,2,375,0,19,479,2,500,264,0,264,764
04/08/2017,TMB,FL,ASO,ES,Towers with Radar,1,7,129,2,139,0,1,552,1,554,1,8,681,3,693,469,0,469,1162
04/09/2017,TMB,FL,ASO,ES,Towers with Radar,0,12,119,0,131,0,0,326,0,326,0,12,445,0,457,225,0,225,682
04/10/2017,TMB,FL,ASO,ES,Towers with Radar,0,12,77,2,91,0,0,330,1,331,0,12,407,3,422,340,0,340,762
04/11/2017,TMB,FL,ASO,ES,Towers with Radar,0,4,113,0,117,0,0,362,2,364,0,4,475,2,481,370,0,370,851
04/12/2017,TMB,FL,ASO,ES,Towers with Radar,0,6,80,0,86,0,0,307,2,309,0,6,387,2,395,341,0,341,736
04/13/2017,TMB,FL,ASO,ES,Towers with Radar,0,21,134,0,155,0,1,510,0,511,0,22,644,0,666,455,0,455,1121
04/14/2017,TMB,FL,ASO,ES,Towers with Radar,0,3,179,0,182,0,0,454,0,454,0,3,633,0,636,437,0,437,1073
04/15/2017,TMB,FL,ASO,ES,Towers with Radar,0,3,74,0,77,0,1,280,0,281,0,4,354,0,358,322,0,322,680
04/16/2017,TMB,FL,ASO,ES,Towers with Radar,0,16,107,0,123,0,0,313,0,313,0,16,420,0,436,321,0,321,757
04/17/2017,TMB,FL,ASO,ES,Towers with Radar,0,17,90,0,107,0,0,286,0,286,0,17,376,0,393,460,0,460,853
04/18/2017,TMB,FL,ASO,ES,Towers with Radar,0,8,114,0,122,0,0,459,2,461,0,8,573,2,583,468,0,468,1051
04/19/2017,TMB,FL,ASO,ES,Towers with Radar,0,4,100,0,104,0,0,435,2,437,0,4,535,2,541,652,0,652,1193
04/20/2017,TMB,FL,ASO,ES,Towers with Radar,0,2,95,0,97,0,0,443,0,443,0,2,538,0,540,394,0,394,934
04/21/2017,TMB,FL,ASO,ES,Towers with Radar,0,12,101,0,113,0,0,468,0,468,0,12,569,0,581,342,0,342,923
04/22/2017,TMB,FL,ASO,ES,Towers with Radar,0,9,124,0,133,0,0,389,0,389,0,9,513,0,522,325,0,325,847
04/23/2017,TMB,FL,ASO,ES,Towers with Radar,0,18,58,0,76,0,0,58,0,58,0,18,116,0,134,6,0,6,140
04/24/2017,TMB,FL,ASO,ES,Towers with Radar,0,1,120,0,121,0,0,518,1,519,0,1,638,1,640,313,0,313,953
04/25/2017,TMB,FL,ASO,ES,Towers with Radar,0,5,104,0,109,0,0,563,0,563,0,5,667,0,672,531,0,531,1203
04/26/2017,TMB,FL,ASO,ES,Towers with Radar,0,9,111,0,120,0,0,515,2,517,0,9,626,2,637,567,0,567,1204
04/27/2017,TMB,FL,ASO,ES,Towers with Radar,0,14,130,0,144,0,1,523,2,526,0,15,653,2,670,479,0,479,1149
04/28/2017,TMB,FL,ASO,ES,Towers with Radar,0,4,145,0,149,0,1,608,0,609,0,5,753,0,758,380,0,380,1138
04/29/2017,TMB,FL,ASO,ES,Towers with Radar,0,4,90,0,94,0,2,465,0,467,0,6,555,0,561,311,0,311,872
04/30/2017,TMB,FL,ASO,ES,Towers with Radar,0,16,76,0,92,0,0,177,0,177,0,16,253,0,269,92,0,92,361
05/01/2017,TMB,FL,ASO,ES,Towers with Radar,0,11,72,0,83,0,0,259,0,259,0,11,331,0,342,554,0,554,896
05/02/2017,TMB,FL,ASO,ES,Towers with Radar,0,10,78,0,88,0,0,298,0,298,0,10,376,0,386,436,0,436,822
05/03/2017,TMB,FL,ASO,ES,Towers with Radar,0,10,151,0,161,0,0,643,6,649,0,10,794,6,810,357,0,357,1167
05/04/2017,TMB,FL,ASO,ES,Towers with Radar,0,8,135,0,143,0,0,524,1,525,0,8,659,1,668,435,0,435,1103
05/05/2017,TMB,FL,ASO,ES,Towers with Radar,0,5,58,0,63,0,0,223,0,223,0,5,281,0,286,323,0,323,609
05/06/2017,TMB,FL,ASO,ES,Towers with Radar,0,1,84,0,85,0,0,496,0,496,0,1,580,0,581,394,0,394,975
05/07/2017,TMB,FL,ASO,ES,Towers with Radar,0,10,88,0,98,0,0,442,0,442,0,10,530,0,540,299,0,299,839
05/08/2017,TMB,FL,ASO,ES,Towers with Radar,0,12,132,0,144,0,0,553,2,555,0,12,685,2,699,556,0,556,1255
05/09/2017,TMB,FL,ASO,ES,Towers with Radar,0,2,112,0,114,0,1,478,2,481,0,3,590,2,595,552,0,552,1147
05/10/2017,TMB,FL,ASO,ES,Towers with Radar,0,6,127,0,133,0,0,501,0,501,0,6,628,0,634,468,0,468,1102
05/11/2017,TMB,FL,ASO,ES,Towers with Radar,0,1,133,0,134,0,0,542,2,544,0,1,675,2,678,536,0,536,1214
05/12/2017,TMB,FL,ASO,ES,Towers with Radar,0,2,94,0,96,0,1,451,0,452,0,3,545,0,548,473,0,473,1021
05/13/2017,TMB,FL,ASO,ES,Towers with Radar,0,6,74,0,80,0,0,469,0,469,0,6,543,0,549,411,0,411,960
05/14/2017,TMB,FL,ASO,ES,Towers with Radar,0,13,53,0,66,0,0,184,0,184,0,13,237,0,250,164,0,164,414
05/15/2017,TMB,FL,ASO,ES,Towers with Radar,0,7,132,0,139,0,0,495,0,495,0,7,627,0,634,541,0,541,1175
05/16/2017,TMB,FL,ASO,ES,Towers with Radar,0,5,112,0,117,0,0,414,0,414,0,5,526,0,531,515,0,515,1046
05/17/2017,TMB,FL,ASO,ES,Towers with Radar,0,4,102,0,106,0,1,450,2,453,0,5,552,2,559,321,0,321,880
05/18/2017,TMB,FL,ASO,ES,Towers with Radar,0,9,69,0,78,0,0,218,0,218,0,9,287,0,296,130,0,130,426
05/19/2017,TMB,FL,ASO,ES,Towers with Radar,0,7,86,0,93,0,0,175,0,175,0,7,261,0,268,234,0,234,502
05/20/2017,TMB,FL,ASO,ES,Towers with Radar,0,3,137,0,140,0,0,536,0,536,0,3,673,0,676,427,0,427,1103
05/21/2017,TMB,FL,ASO,ES,Towers with Radar,0,9,99,0,108,0,0,370,0,370,0,9,469,0,478,314,0,314,792
05/22/2017,TMB,FL,ASO,ES,Towers with Radar,0,5,118,0,123,0,0,526,0,526,0,5,644,0,649,401,0,401,1050
05/23/2017,TMB,FL,ASO,ES,Towers with Radar,0,6,152,0,158,0,0,574,0,574,0,6,726,0,732,396,0,396,1128
05/24/2017,TMB,FL,ASO,ES,Towers with Radar,0,4,58,0,62,0,0,252,0,252,0,4,310,0,314,200,0,200,514
05/25/2017,TMB,FL,ASO,ES,Towers with Radar,0,12,73,1,86,0,0,134,1,135,0,12,207,2,221,224,0,224,445
05/26/2017,TMB,FL,ASO,ES,Towers with Radar,0,8,112,0,120,0,0,449,0,449,0,8,561,0,569,357,0,357,926
05/27/2017,TMB,FL,ASO,ES,Towers with Radar,0,0,93,0,93,0,0,454,0,454,0,0,547,0,547,407,0,407,954
05/28/2017,TMB,FL,ASO,ES,Towers with Radar,0,4,61,0,65,0,0,491,0,491,0,4,552,0,556,368,0,368,924
05/29/2017,TMB,FL,ASO,ES,Towers with Radar,0,12,125,0,137,0,0,543,2,545,0,12,668,2,682,322,0,322,1004
05/30/2017,TMB,FL,ASO,ES,Towers with Radar,0,12,127,0,139,0,0,521,0,521,0,12,648,0,660,574,0,574,1234
05/31/2017,TMB,FL,ASO,ES,Towers with Radar,0,5,135,0,140,0,0,532,0,532,0,5,667,0,672,405,0,405,1077
06/01/2017,TMB,FL,ASO,ES,Towers with Radar,0,5,124,0,129,0,0,484,0,484,0,5,608,0,613,549,0,549,1162
06/02/2017,TMB,FL,ASO,ES,Towers with Radar,0,11,71,0,82,0,0,90,0,90,0,11,161,0,172,108,0,108,280
06/03/2017,TMB,FL,ASO,ES,Towers with Radar,0,10,46,0,56,0,0,178,0,178,0,10,224,0,234,165,0,165,399
06/04/2017,TMB,FL,ASO,ES,Towers with Radar,0,7,81,1,89,0,0,194,0,194,0,7,275,1,283,277,0,277,560
06/05/2017,TMB,FL,ASO,ES,Towers with Radar,0,10,96,1,107,0,0,314,0,314,0,10,410,1,421,308,0,308,729
06/06/2017,TMB,FL,ASO,ES,Towers with Radar,0,6,47,0,53,0,0,54,0,54,0,6,101,0,107,43,0,43,150
06/07/2017,TMB,FL,ASO,ES,Towers with Radar,0,0,71,0,71,0,0,105,0,105,0,0,176,0,176,48,0,48,224
06/08/2017,TMB,FL,ASO,ES,Towers with Radar,0,9,109,0,118,0,0,194,0,194,0,9,303,0,312,223,0,223,535
06/09/2017,TMB,FL,ASO,ES,Towers with Radar,0,4,60,0,64,0,0,232,0,232,0,4,292,0,296,166,0,166,462
06/10/2017,TMB,FL,ASO,ES,Towers with Radar,0,6,151,0,157,0,0,523,0,523,0,6,674,0,680,402,0,402,1082
06/11/2017,TMB,FL,ASO,ES,Towers with Radar,0,10,104,0,114,0,0,383,0,383,0,10,487,0,497,359,0,359,856
06/12/2017,TMB,FL,ASO,ES,Towers with Radar,0,0,128,0,128,0,0,359,0,359,0,0,487,0,487,439,0,439,926
06/13/2017,TMB,FL,ASO,ES,Towers with Radar,0,1,135,0,136,0,4,437,2,443,0,5,572,2,579,509,0,509,1088
06/14/2017,TMB,FL,ASO,ES,Towers with Radar,0,7,62,0,69,0,0,240,0,240,0,7,302,0,309,309,0,309,618
06/15/2017,TMB,FL,ASO,ES,Towers with Radar,0,5,97,0,102,0,0,361,0,361,0,5,458,0,463,382,0,382,845
06/16/2017,TMB,FL,ASO,ES,Towers with Radar,0,4,104,0,108,0,0,376,0,376,0,4,480,0,484,266,0,266,750
06/17/2017,TMB,FL,ASO,ES,Towers with Radar,0,3,109,0,112,0,0,437,0,437,0,3,546,0,549,362,0,362,911
06/18/2017,TMB,FL,ASO,ES,Towers with Radar,0,13,63,0,76,0,1,237,0,238,0,14,300,0,314,122,0,122,436
06/19/2017,TMB,FL,ASO,ES,Towers with Radar,0,7,85,0,92,0,0,255,0,255,0,7,340,0,347,125,0,125,472
06/20/2017,TMB,FL,ASO,ES,Towers with Radar,0,6,103,0,109,0,0,349,0,349,0,6,452,0,458,47,0,47,505
06/21/2017,TMB,FL,ASO,ES,Towers with Radar,0,6,149,0,155,0,0,633,1,634,0,6,782,1,789,192,0,192,981
06/22/2017,TMB,FL,ASO,ES,Towers with Radar,0,7,123,0,130,0,1,613,4,618,0,8,736,4,748,269,0,269,1017
06/23/2017,TMB,FL,ASO,ES,Towers with Radar,0,5,128,0,133,0,0,507,0,507,0,5,635,0,640,203,0,203,843
06/24/2017,TMB,FL,ASO,ES,Towers with Radar,0,6,102,26,134,0,0,652,4,656,0,6,754,30,790,400,0,400,1190
06/25/2017,TMB,FL,ASO,ES,Towers with Radar,0,2,92,0,94,0,0,412,0,412,0,2,504,0,506,216,0,216,722
06/26/2017,TMB,FL,ASO,ES,Towers with Radar,0,4,110,0,114,0,0,420,0,420,0,4,530,0,534,503,0,503,1037
06/27/2017,TMB,FL,ASO,ES,Towers with Radar,0,3,96,0,99,0,0,325,0,325,0,3,421,0,424,320,0,320,744
06/28/2017,TMB,FL,ASO,ES,Towers with Radar,0,6,106,0,112,0,0,450,0,450,0,6,556,0,562,381,0,381,943
06/29/2017,TMB,FL,ASO,ES,Towers with Radar,0,14,90,0,104,0,0,359,0,359,0,14,449,0,463,382,0,382,845
06/30/2017,TMB,FL,ASO,ES,Towers with Radar,0,5,164,0,169,0,0,519,0,519,0,5,683,0,688,539,0,539,1227
07/01/2017,TMB,FL,ASO,ES,Towers with Radar,0,14,123,0,137,0,1,485,0,486,0,15,608,0,623,411,0,411,1034
07/02/2017,TMB,FL,ASO,ES,Towers with Radar,0,7,81,0,88,0,0,343,0,343,0,7,424,0,431,145,0,145,576
07/03/2017,TMB,FL,ASO,ES,Towers with Radar,0,5,102,0,107,0,0,441,1,442,0,5,543,1,549,435,0,435,984
07/04/2017,TMB,FL,ASO,ES,Towers with Radar,0,3,85,0,88,0,0,302,0,302,0,3,387,0,390,215,0,215,605
07/05/2017,TMB,FL,ASO,ES,Towers with Radar,0,6,147,0,153,0,0,476,2,478,0,6,623,2,631,485,0,485,1116
07/06/2017,TMB,FL,ASO,ES,Towers with Radar,0,5,102,0,107,0,0,368,1,369,0,5,470,1,476,305,0,305,781
07/07/2017,TMB,FL,ASO,ES,Towers with Radar,0,5,66,0,71,0,0,286,0,286,0,5,352,0,357,407,0,407,764
07/08/2017,TMB,FL,ASO,ES,Towers with Radar,0,6,66,1,73,0,0,312,0,312,0,6,378,1,385,270,0,270,655
07/09/2017,TMB,FL,ASO,ES,Towers with Radar,0,6,125,1,132,0,0,434,0,434,0,6,559,1,566,254,0,254,820
07/10/2017,TMB,FL,ASO,ES,Towers with Radar,0,7,119,0,126,0,0,342,0,342,0,7,461,0,468,405,0,405,873
07/11/2017,TMB,FL,ASO,ES,Towers with Radar,0,13,77,1,91,0,0,367,0,367,0,13,444,1,458,392,0,392,850
07/12/2017,TMB,FL,ASO,ES,Towers with Radar,0,3,71,1,75,0,0,228,1,229,0,3,299,2,304,213,0,213,517
07/13/2017,TMB,FL,ASO,ES,Towers with Radar,0,3,102,1,106,0,0,594,0,594,0,3,696,1,700,329,0,329,1029
07/14/2017,TMB,FL,ASO,ES,Towers with Radar,0,4,89,0,93,0,0,314,0,314,0,4,403,0,407,498,0,498,905
07/15/2017,TMB,FL,ASO,ES,Towers with Radar,0,3,89,1,93,0,0,440,0,440,0,3,529,1,533,199,0,199,732
07/16/2017,TMB,FL,ASO,ES,Towers with Radar,0,6,77,0,83,0,0,278,0,278,0,6,355,0,361,172,0,172,533
07/17/2017,TMB,FL,ASO,ES,Towers with Radar,0,4,68,0,72,0,0,298,3,301,0,4,366,3,373,358,0,358,731
07/18/2017,TMB,FL,ASO,ES,Towers with Radar,0,7,41,0,48,0,0,281,0,281,0,7,322,0,329,253,0,253,582
07/19/2017,TMB,FL,ASO,ES,Towers with Radar,0,1,50,0,51,0,0,335,1,336,0,1,385,1,387,499,0,499,886
07/20/2017,TMB,FL,ASO,ES,Towers with Radar,0,7,73,0,80,0,0,371,1,372,0,7,444,1,452,427,0,427,879
07/21/2017,TMB,FL,ASO,ES,Towers with Radar,0,2,78,0,80,0,0,277,0,277,0,2,355,0,357,182,0,182,539
07/22/2017,TMB,FL,ASO,ES,Towers with Radar,0,1,79,0,80,0,0,373,0,373,0,1,452,0,453,393,0,393,846
07/23/2017,TMB,FL,ASO,ES,Towers with Radar,0,8,72,0,80,0,0,256,1,257,0,8,328,1,337,259,0,259,596
07/24/2017,TMB,FL,ASO,ES,Towers with Radar,0,5,59,0,64,0,0,361,0,361,0,5,420,0,425,364,0,364,789
07/25/2017,TMB,FL,ASO,ES,Towers with Radar,0,5,81,0,86,0,0,361,10,371,0,5,442,10,457,363,0,363,820
07/26/2017,TMB,FL,ASO,ES,Towers with Radar,0,4,80,0,84,0,0,375,3,378,0,4,455,3,462,396,0,396,858
07/27/2017,TMB,FL,ASO,ES,Towers with Radar,0,0,107,0,107,0,0,400,0,400,0,0,507,0,507,442,0,442,949
07/28/2017,TMB,FL,ASO,ES,Towers with Radar,0,12,100,0,112,0,0,361,0,361,0,12,461,0,473,456,0,456,929
07/29/2017,TMB,FL,ASO,ES,Towers with Radar,0,3,68,0,71,0,0,265,0,265,0,3,333,0,336,263,0,263,599
07/30/2017,TMB,FL,ASO,ES,Towers with Radar,0,6,66,0,72,0,0,227,0,227,0,6,293,0,299,237,0,237,536
07/31/2017,TMB,FL,ASO,ES,Towers with Radar,0,5,30,3,38,0,0,96,3,99,0,5,126,6,137,159,0,159,296
08/01/2017,TMB,FL,ASO,ES,Towers with Radar,0,5,48,0,53,0,0,226,1,227,0,5,274,1,280,311,0,311,591
08/02/2017,TMB,FL,ASO,ES,Towers with Radar,0,3,97,0,100,0,0,394,9,403,0,3,491,9,503,508,0,508,1011
08/03/2017,TMB,FL,ASO,ES,Towers with Radar,0,8,127,0,135,0,1,426,0,427,0,9,553,0,562,467,0,467,1029
08/04/2017,TMB,FL,ASO,ES,Towers with Radar,0,1,84,0,85,0,1,375,0,376,0,2,459,0,461,419,0,419,880
08/05/2017,TMB,FL,ASO,ES,Towers with Radar,0,6,74,0,80,0,0,372,0,372,0,6,446,0,452,297,0,297,749
08/06/2017,TMB,FL,ASO,ES,Towers with Radar,0,3,94,0,97,0,0,338,0,338,0,3,432,0,435,312,0,312,747
08/07/2017,TMB,FL,ASO,ES,Towers with Radar,0,2,103,0,105,0,0,355,2,357,0,2,458,2,462,360,0,360,822
08/08/2017,TMB,FL,ASO,ES,Towers with Radar,0,6,116,0,122,0,0,462,0,462,0,6,578,0,584,385,0,385,969
08/09/2017,TMB,FL,ASO,ES,Towers with Radar,0,4,94,0,98,0,0,459,0,459,0,4,553,0,557,367,0,367,924
08/10/2017,TMB,FL,ASO,ES,Towers with Radar,0,11,66,0,77,0,0,88,0,88,0,11,154,0,165,51,0,51,216
08/11/2017,TMB,FL,ASO,ES,Towers with Radar,0,0,100,0,100,0,0,413,0,413,0,0,513,0,513,411,0,411,924
08/12/2017,TMB,FL,ASO,ES,Towers with Radar,0,5,106,1,112,0,1,447,1,449,0,6,553,2,561,535,0,535,1096
08/13/2017,TMB,FL,ASO,ES,Towers with Radar,0,3,79,0,82,0,0,334,0,334,0,3,413,0,416,152,0,152,568
08/14/2017,TMB,FL,ASO,ES,Towers with Radar,0,3,79,0,82,0,0,455,0,455,0,3,534,0,537,374,0,374,911
08/15/2017,TMB,FL,ASO,ES,Towers with Radar,0,2,114,0,116,0,0,409,7,416,0,2,523,7,532,458,0,458,990
08/16/2017,TMB,FL,ASO,ES,Towers with Radar,0,7,76,0,83,0,0,403,7,410,0,7,479,7,493,484,0,484,977
08/17/2017,TMB,FL,ASO,ES,Towers with Radar,0,4,98,0,102,0,0,381,1,382,0,4,479,1,484,360,0,360,844
08/18/2017,TMB,FL,ASO,ES,Towers with Radar,0,11,94,0,105,0,0,461,0,461,0,11,555,0,566,375,0,375,941
08/19/2017,TMB,FL,ASO,ES,Towers with Radar,0,8,82,2,92,0,0,416,0,416,0,8,498,2,508,340,0,340,848
08/20/2017,TMB,FL,ASO,ES,Towers with Radar,0,4,70,0,74,0,0,160,0,160,0,4,230,0,234,203,0,203,437
08/21/2017,TMB,FL,ASO,ES,Towers with Radar,0,6,54,0,60,0,1,361,0,362,0,7,415,0,422,249,0,249,671
08/22/2017,TMB,FL,ASO,ES,Towers with Radar,0,3,102,0,105,0,0,396,5,401,0,3,498,5,506,530,0,530,1036
08/23/2017,TMB,FL,ASO,ES,Towers with Radar,0,5,58,0,63,0,0,193,0,193,0,5,251,0,256,242,0,242,498
08/24/2017,TMB,FL,ASO,ES,Towers with Radar,0,5,73,0,78,0,0,148,1,149,0,5,221,1,227,232,0,232,459
08/25/2017,TMB,FL,ASO,ES,Towers with Radar,0,4,56,0,60,0,0,123,0,123,0,4,179,0,183,136,0,136,319
08/26/2017,TMB,FL,ASO,ES,Towers with Radar,0,0,45,0,45,0,0,201,0,201,0,0,246,0,246,268,0,268,514
08/27/2017,TMB,FL,ASO,ES,Towers with Radar,0,3,94,0,97,0,0,266,0,266,0,3,360,0,363,180,0,180,543
08/28/2017,TMB,FL,ASO,ES,Towers with Radar,0,0,87,0,87,0,0,462,1,463,0,0,549,1,550,547,0,547,1097
08/29/2017,TMB,FL,ASO,ES,Towers with Radar,0,3,94,0,97,0,0,430,4,434,0,3,524,4,531,349,0,349,880
08/30/2017,TMB,FL,ASO,ES,Towers with Radar,0,2,122,0,124,0,0,561,10,571,0,2,683,10,695,523,0,523,1218
08/31/2017,TMB,FL,ASO,ES,Towers with Radar,0,3,111,0,114,0,0,398,15,413,0,3,509,15,527,625,0,625,1152
09/01/2017,TMB,FL,ASO,ES,Towers with Radar,0,1,144,1,146,0,0,432,0,432,0,1,576,1,578,496,0,496,1074
09/02/2017,TMB,FL,ASO,ES,Towers with Radar,0,0,122,0,122,0,0,330,0,330,0,0,452,0,452,516,0,516,968
09/03/2017,TMB,FL,ASO,ES,Towers with Radar,1,2,84,0,87,0,1,378,0,379,1,3,462,0,466,475,0,475,941
09/04/2017,TMB,FL,ASO,ES,Towers with Radar,0,1,101,0,102,0,0,438,4,442,0,1,539,4,544,403,0,403,947
09/05/2017,TMB,FL,ASO,ES,Towers with Radar,0,5,98,0,103,0,0,368,8,376,0,5,466,8,479,414,0,414,893
09/06/2017,TMB,FL,ASO,ES,Towers with Radar,0,16,70,0,86,0,0,163,0,163,0,16,233,0,249,102,0,102,351
09/07/2017,TMB,FL,ASO,ES,Towers with Radar,0,46,124,0,170,0,0,128,0,128,0,46,252,0,298,18,0,18,316
09/08/2017,TMB,FL,ASO,ES,Towers with Radar,0,25,69,0,94,0,0,40,0,40,0,25,109,0,134,3,0,3,137
09/09/2017,TMB,FL,ASO,ES,Towers with Radar,0,0,0,0,0,0,0,0,0,0,0,0,0,0,0,0,0,0,0
09/10/2017,TMB,FL,ASO,ES,Towers with Radar,0,0,0,0,0,0,0,0,0,0,0,0,0,0,0,0,0,0,0
09/11/2017,TMB,FL,ASO,ES,Towers with Radar,0,0,2,0,2,0,0,4,0,4,0,0,6,0,6,0,0,0,6
09/12/2017,TMB,FL,ASO,ES,Towers with Radar,0,1,41,0,42,0,0,118,0,118,0,1,159,0,160,1,0,1,161
09/13/2017,TMB,FL,ASO,ES,Towers with Radar,0,9,58,0,67,0,0,180,1,181,0,9,238,1,248,79,0,79,327
09/14/2017,TMB,FL,ASO,ES,Towers with Radar,0,4,70,0,74,0,0,243,1,244,0,4,313,1,318,182,0,182,500
09/15/2017,TMB,FL,ASO,ES,Towers with Radar,0,7,81,0,88,0,0,303,0,303,0,7,384,0,391,209,0,209,600
09/16/2017,TMB,FL,ASO,ES,Towers with Radar,0,10,75,0,85,0,0,330,0,330,0,10,405,0,415,184,0,184,599
09/17/2017,TMB,FL,ASO,ES,Towers with Radar,0,7,58,0,65,0,1,279,2,282,0,8,337,2,347,194,0,194,541
09/18/2017,TMB,FL,ASO,ES,Towers with Radar,0,2,87,0,89,0,0,361,0,361,0,2,448,0,450,157,0,157,607
09/19/2017,TMB,FL,ASO,ES,Towers with Radar,0,4,88,0,92,0,0,377,13,390,0,4,465,13,482,474,0,474,956
09/20/2017,TMB,FL,ASO,ES,Towers with Radar,0,3,107,0,110,0,0,435,0,435,0,3,542,0,545,392,0,392,937
09/21/2017,TMB,FL,ASO,ES,Towers with Radar,0,7,103,0,110,0,0,340,0,340,0,7,443,0,450,423,0,423,873
09/22/2017,TMB,FL,ASO,ES,Towers with Radar,0,6,86,0,92,0,0,250,0,250,0,6,336,0,342,324,0,324,666
09/23/2017,TMB,FL,ASO,ES,Towers with Radar,0,8,82,0,90,0,0,295,0,295,0,8,377,0,385,518,0,518,903
09/24/2017,TMB,FL,ASO,ES,Towers with Radar,0,2,88,0,90,0,0,216,1,217,0,2,304,1,307,214,0,214,521
09/25/2017,TMB,FL,ASO,ES,Towers with Radar,0,5,124,0,129,0,0,454,0,454,0,5,578,0,583,547,0,547,1130
09/26/2017,TMB,FL,ASO,ES,Towers with Radar,1,3,108,0,112,0,0,357,2,359,1,3,465,2,471,412,0,412,883
09/27/2017,TMB,FL,ASO,ES,Towers with Radar,0,4,104,0,108,0,1,362,5,368,0,5,466,5,476,532,0,532,1008
09/28/2017,TMB,FL,ASO,ES,Towers with Radar,0,1,108,0,109,0,0,446,0,446,0,1,554,0,555,449,0,449,1004
09/29/2017,TMB,FL,ASO,ES,Towers with Radar,0,4,50,0,54,0,0,176,0,176,0,4,226,0,230,149,0,149,379
09/30/2017,TMB,FL,ASO,ES,Towers with Radar,0,1,71,2,74,0,0,360,0,360,0,1,431,2,434,519,0,519,953
10/01/2017,TMB,FL,ASO,ES,Towers with Radar,0,5,95,0,100,0,0,326,0,326,0,5,421,0,426,340,0,340,766
10/02/2017,TMB,FL,ASO,ES,Towers with Radar,0,6,63,0,69,0,0,171,0,171,0,6,234,0,240,216,0,216,456
10/03/2017,TMB,FL,ASO,ES,Towers with Radar,0,7,75,0,82,0,0,187,0,187,0,7,262,0,269,209,0,209,478
10/04/2017,TMB,FL,ASO,ES,Towers with Radar,0,5,55,0,60,0,0,134,2,136,0,5,189,2,196,86,0,86,282
10/05/2017,TMB,FL,ASO,ES,Towers with Radar,0,17,77,0,94,0,0,129,0,129,0,17,206,0,223,211,0,211,434
10/06/2017,TMB,FL,ASO,ES,Towers with Radar,0,3,116,4,123,0,0,353,4,357,0,3,469,8,480,497,0,497,977
10/07/2017,TMB,FL,ASO,ES,Towers with Radar,0,3,107,0,110,0,0,496,0,496,0,3,603,0,606,432,0,432,1038
10/08/2017,TMB,FL,ASO,ES,Towers with Radar,0,0,102,0,102,0,0,381,1,382,0,0,483,1,484,322,0,322,806
10/09/2017,TMB,FL,ASO,ES,Towers with Radar,0,6,97,0,103,0,0,542,1,543,0,6,639,1,646,576,0,576,1222
10/10/2017,TMB,FL,ASO,ES,Towers with Radar,0,2,106,0,108,0,0,392,13,405,0,2,498,13,513,458,0,458,971
10/11/2017,TMB,FL,ASO,ES,Towers with Radar,0,5,107,0,112,0,0,400,0,400,0,5,507,0,512,527,0,527,1039
10/12/2017,TMB,FL,ASO,ES,Towers with Radar,0,9,82,0,91,0,1,221,0,222,0,10,303,0,313,436,0,436,749
10/13/2017,TMB,FL,ASO,ES,Towers with Radar,0,7,109,3,119,0,0,440,4,444,0,7,549,7,563,421,0,421,984
10/14/2017,TMB,FL,ASO,ES,Towers with Radar,0,4,92,0,96,0,1,387,0,388,0,5,479,0,484,416,0,416,900
10/15/2017,TMB,FL,ASO,ES,Towers with Radar,0,5,109,0,114,0,1,396,3,400,0,6,505,3,514,319,0,319,833
10/16/2017,TMB,FL,ASO,ES,Towers with Radar,0,7,107,0,114,0,0,380,2,382,0,7,487,2,496,499,0,499,995
10/17/2017,TMB,FL,ASO,ES,Towers with Radar,0,0,82,0,82,0,0,360,0,360,0,0,442,0,442,394,0,394,836
10/18/2017,TMB,FL,ASO,ES,Towers with Radar,0,8,127,0,135,0,0,426,5,431,0,8,553,5,566,415,0,415,981
10/19/2017,TMB,FL,ASO,ES,Towers with Radar,0,6,111,2,119,0,1,394,0,395,0,7,505,2,514,544,0,544,1058
10/20/2017,TMB,FL,ASO,ES,Towers with Radar,0,6,124,0,130,0,0,433,0,433,0,6,557,0,563,449,0,449,1012
10/21/2017,TMB,FL,ASO,ES,Towers with Radar,0,0,86,0,86,0,0,271,0,271,0,0,357,0,357,317,0,317,674
10/22/2017,TMB,FL,ASO,ES,Towers with Radar,0,0,94,0,94,0,2,289,1,292,0,2,383,1,386,254,0,254,640
10/23/2017,TMB,FL,ASO,ES,Towers with Radar,0,4,146,0,150,1,0,522,4,527,1,4,668,4,677,568,0,568,1245
10/24/2017,TMB,FL,ASO,ES,Towers with Radar,0,9,68,0,77,0,0,256,0,256,0,9,324,0,333,288,0,288,621
10/25/2017,TMB,FL,ASO,ES,Towers with Radar,0,16,81,0,97,0,2,276,0,278,0,18,357,0,375,103,0,103,478
10/26/2017,TMB,FL,ASO,ES,Towers with Radar,0,3,105,0,108,0,0,581,0,581,0,3,686,0,689,480,0,480,1169
10/27/2017,TMB,FL,ASO,ES,Towers with Radar,0,0,127,0,127,0,0,598,0,598,0,0,725,0,725,617,0,617,1342
10/28/2017,TMB,FL,ASO,ES,Towers with Radar,0,2,45,0,47,0,0,135,2,137,0,2,180,2,184,165,0,165,349
10/29/2017,TMB,FL,ASO,ES,Towers with Radar,0,1,63,0,64,0,0,215,0,215,0,1,278,0,279,54,0,54,333
10/30/2017,TMB,FL,ASO,ES,Towers with Radar,0,4,117,2,123,0,2,491,0,493,0,6,608,2,616,339,0,339,955
10/31/2017,TMB,FL,ASO,ES,Towers with Radar,0,2,93,2,97,0,0,416,1,417,0,2,509,3,514,513,0,513,1027
11/01/2017,TMB,FL,ASO,ES,Towers with Radar,0,20,111,1,132,0,0,446,1,447,0,20,557,2,579,460,0,460,1039
11/02/2017,TMB,FL,ASO,ES,Towers with Radar,0,10,122,0,132,0,0,531,0,531,0,10,653,0,663,501,0,501,1164
11/03/2017,TMB,FL,ASO,ES,Towers with Radar,0,12,133,0,145,0,0,539,0,539,0,12,672,0,684,506,0,506,1190
11/04/2017,TMB,FL,ASO,ES,Towers with Radar,0,7,113,0,120,0,0,415,0,415,0,7,528,0,535,275,0,275,810
11/05/2017,TMB,FL,ASO,ES,Towers with Radar,0,6,112,0,118,0,0,399,0,399,0,6,511,0,517,182,0,182,699
11/06/2017,TMB,FL,ASO,ES,Towers with Radar,0,6,125,1,132,0,0,465,4,469,0,6,590,5,601,416,0,416,1017
11/07/2017,TMB,FL,ASO,ES,Towers with Radar,0,4,121,0,125,0,1,389,2,392,0,5,510,2,517,420,0,420,937
11/08/2017,TMB,FL,ASO,ES,Towers with Radar,0,2,111,0,113,0,2,475,2,479,0,4,586,2,592,496,0,496,1088
11/09/2017,TMB,FL,ASO,ES,Towers with Radar,0,4,132,0,136,0,0,561,3,564,0,4,693,3,700,582,0,582,1282
11/10/2017,TMB,FL,ASO,ES,Towers with Radar,0,3,137,0,140,0,0,520,1,521,0,3,657,1,661,455,0,455,1116
11/11/2017,TMB,FL,ASO,ES,Towers with Radar,0,4,91,0,95,0,0,414,0,414,0,4,505,0,509,281,0,281,790
11/12/2017,TMB,FL,ASO,ES,Towers with Radar,1,11,74,0,86,0,0,146,0,146,1,11,220,0,232,203,0,203,435
11/13/2017,TMB,FL,ASO,ES,Towers with Radar,0,10,102,0,112,0,0,314,3,317,0,10,416,3,429,437,0,437,866
11/14/2017,TMB,FL,ASO,ES,Towers with Radar,0,3,127,0,130,0,0,467,1,468,0,3,594,1,598,283,0,283,881
11/15/2017,TMB,FL,ASO,ES,Towers with Radar,0,13,66,0,79,0,0,120,0,120,0,13,186,0,199,172,0,172,371
11/16/2017,TMB,FL,ASO,ES,Towers with Radar,0,6,154,0,160,0,0,548,0,548,0,6,702,0,708,487,0,487,1195
11/17/2017,TMB,FL,ASO,ES,Towers with Radar,0,9,115,1,125,0,2,470,0,472,0,11,585,1,597,438,0,438,1035
11/18/2017,TMB,FL,ASO,ES,Towers with Radar,0,0,106,0,106,0,0,583,0,583,0,0,689,0,689,486,0,486,1175
11/19/2017,TMB,FL,ASO,ES,Towers with Radar,0,13,95,0,108,0,0,325,0,325,0,13,420,0,433,315,0,315,748
11/20/2017,TMB,FL,ASO,ES,Towers with Radar,1,8,94,0,103,0,0,360,1,361,1,8,454,1,464,440,0,440,904
11/21/2017,TMB,FL,ASO,ES,Towers with Radar,0,6,81,0,87,0,0,437,2,439,0,6,518,2,526,345,0,345,871
11/22/2017,TMB,FL,ASO,ES,Towers with Radar,0,8,123,0,131,0,0,502,0,502,0,8,625,0,633,526,0,526,1159
11/23/2017,TMB,FL,ASO,ES,Towers with Radar,0,1,44,0,45,0,0,238,0,238,0,1,282,0,283,253,0,253,536
11/24/2017,TMB,FL,ASO,ES,Towers with Radar,0,2,83,0,85,0,0,373,0,373,0,2,456,0,458,374,0,374,832
11/25/2017,TMB,FL,ASO,ES,Towers with Radar,0,12,70,0,82,0,0,426,0,426,0,12,496,0,508,378,0,378,886
11/26/2017,TMB,FL,ASO,ES,Towers with Radar,0,15,112,0,127,0,1,407,0,408,0,16,519,0,535,219,0,219,754
11/27/2017,TMB,FL,ASO,ES,Towers with Radar,0,4,103,0,107,0,1,410,1,412,0,5,513,1,519,438,0,438,957
11/28/2017,TMB,FL,ASO,ES,Towers with Radar,0,3,108,0,111,0,0,351,3,354,0,3,459,3,465,524,0,524,989
11/29/2017,TMB,FL,ASO,ES,Towers with Radar,0,0,107,0,107,0,1,406,0,407,0,1,513,0,514,417,0,417,931
11/30/2017,TMB,FL,ASO,ES,Towers with Radar,0,6,131,0,137,0,7,542,2,551,0,13,673,2,688,487,0,487,1175
12/01/2017,TMB,FL,ASO,ES,Towers with Radar,0,2,151,0,153,0,8,525,0,533,0,10,676,0,686,470,0,470,1156
12/02/2017,TMB,FL,ASO,ES,Towers with Radar,0,1,93,1,95,0,0,517,0,517,0,1,610,1,612,455,0,455,1067
12/03/2017,TMB,FL,ASO,ES,Towers with Radar,0,2,116,0,118,0,7,357,0,364,0,9,473,0,482,256,0,256,738
12/04/2017,TMB,FL,ASO,ES,Towers with Radar,0,7,99,0,106,0,0,407,0,407,0,7,506,0,513,604,0,604,1117
12/05/2017,TMB,FL,ASO,ES,Towers with Radar,0,3,128,2,133,0,0,470,2,472,0,3,598,4,605,440,0,440,1045
12/06/2017,TMB,FL,ASO,ES,Towers with Radar,0,4,141,0,145,0,1,464,0,465,0,5,605,0,610,554,0,554,1164
12/07/2017,TMB,FL,ASO,ES,Towers with Radar,0,11,112,0,123,0,1,457,0,458,0,12,569,0,581,466,0,466,1047
12/08/2017,TMB,FL,ASO,ES,Towers with Radar,0,6,96,0,102,0,1,433,0,434,0,7,529,0,536,342,0,342,878
12/09/2017,TMB,FL,ASO,ES,Towers with Radar,0,4,24,0,28,0,0,42,0,42,0,4,66,0,70,30,0,30,100
12/10/2017,TMB,FL,ASO,ES,Towers with Radar,0,11,51,0,62,0,0,343,0,343,0,11,394,0,405,8,0,8,413
12/11/2017,TMB,FL,ASO,ES,Towers with Radar,0,7,84,0,91,2,5,508,2,517,2,12,592,2,608,363,0,363,971
12/12/2017,TMB,FL,ASO,ES,Towers with Radar,0,3,96,0,99,0,0,469,5,474,0,3,565,5,573,467,0,467,1040
12/13/2017,TMB,FL,ASO,ES,Towers with Radar,0,0,102,0,102,0,0,507,0,507,0,0,609,0,609,397,0,397,1006
12/14/2017,TMB,FL,ASO,ES,Towers with Radar,0,3,120,0,123,0,0,621,3,624,0,3,741,3,747,503,0,503,1250
12/15/2017,TMB,FL,ASO,ES,Towers with Radar,0,8,115,0,123,0,0,548,2,550,0,8,663,2,673,623,0,623,1296
12/16/2017,TMB,FL,ASO,ES,Towers with Radar,0,3,99,0,102,0,0,550,0,550,0,3,649,0,652,359,0,359,1011
12/17/2017,TMB,FL,ASO,ES,Towers with Radar,0,4,87,0,91,0,0,296,0,296,0,4,383,0,387,324,0,324,711
12/18/2017,TMB,FL,ASO,ES,Towers with Radar,0,4,109,0,113,0,2,488,0,490,0,6,597,0,603,462,0,462,1065
12/19/2017,TMB,FL,ASO,ES,Towers with Radar,0,1,128,0,129,0,1,446,0,447,0,2,574,0,576,512,0,512,1088
12/20/2017,TMB,FL,ASO,ES,Towers with Radar,0,7,101,0,108,0,0,370,0,370,0,7,471,0,478,320,0,320,798
12/21/2017,TMB,FL,ASO,ES,Towers with Radar,0,4,124,0,128,0,0,413,0,413,0,4,537,0,541,472,0,472,1013
12/22/2017,TMB,FL,ASO,ES,Towers with Radar,0,7,120,0,127,0,0,392,0,392,0,7,512,0,519,451,0,451,970
12/23/2017,TMB,FL,ASO,ES,Towers with Radar,0,6,75,0,81,0,0,333,0,333,0,6,408,0,414,323,0,323,737
12/24/2017,TMB,FL,ASO,ES,Towers with Radar,0,7,36,0,43,0,0,187,0,187,0,7,223,0,230,160,0,160,390
12/25/2017,TMB,FL,ASO,ES,Towers with Radar,0,5,12,0,17,0,0,90,0,90,0,5,102,0,107,25,0,25,132
12/26/2017,TMB,FL,ASO,ES,Towers with Radar,0,28,126,0,154,0,0,374,0,374,0,28,500,0,528,408,0,408,936
12/27/2017,TMB,FL,ASO,ES,Towers with Radar,0,20,119,0,139,0,0,335,0,335,0,20,454,0,474,363,0,363,837
12/28/2017,TMB,FL,ASO,ES,Towers with Radar,0,21,118,0,139,0,0,437,0,437,0,21,555,0,576,514,0,514,1090
12/29/2017,TMB,FL,ASO,ES,Towers with Radar,0,7,98,0,105,0,0,352,0,352,0,7,450,0,457,268,0,268,725
12/30/2017,TMB,FL,ASO,ES,Towers with Radar,0,4,65,0,69,0,0,171,0,171,0,4,236,0,240,92,0,92,332
12/31/2017,TMB,FL,ASO,ES,Towers with Radar,0,5,49,0,54,0,0,269,0,269,0,5,318,0,323,84,0,84,407
01/01/2018,TMB,FL,ASO,ES,Towers with Radar,0,7,79,0,86,0,1,174,0,175,0,8,253,0,261,145,0,145,406
01/02/2018,TMB,FL,ASO,ES,Towers with Radar,0,42,80,0,122,0,0,8,0,8,0,42,88,0,130,0,0,0,130
01/03/2018,TMB,FL,ASO,ES,Towers with Radar,0,23,66,0,89,0,0,35,0,35,0,23,101,0,124,1,0,1,125
01/04/2018,TMB,FL,ASO,ES,Towers with Radar,0,23,71,0,94,0,3,341,0,344,0,26,412,0,438,111,0,111,549
01/05/2018,TMB,FL,ASO,ES,Towers with Radar,0,5,80,0,85,0,0,532,2,534,0,5,612,2,619,193,0,193,812
01/06/2018,TMB,FL,ASO,ES,Towers with Radar,0,2,108,0,110,0,0,423,0,423,0,2,531,0,533,191,0,191,724
01/07/2018,TMB,FL,ASO,ES,Towers with Radar,0,13,92,0,105,0,0,279,0,279,0,13,371,0,384,145,0,145,529
01/08/2018,TMB,FL,ASO,ES,Towers with Radar,0,7,86,0,93,0,0,295,0,295,0,7,381,0,388,306,0,306,694
01/09/2018,TMB,FL,ASO,ES,Towers with Radar,0,5,49,0,54,0,0,151,0,151,0,5,200,0,205,329,0,329,534
01/10/2018,TMB,FL,ASO,ES,Towers with Radar,0,8,118,0,126,0,0,353,0,353,0,8,471,0,479,494,0,494,973
01/11/2018,TMB,FL,ASO,ES,Towers with Radar,0,6,129,0,135,0,0,436,2,438,0,6,565,2,573,401,0,401,974
01/12/2018,TMB,FL,ASO,ES,Towers with Radar,0,7,72,0,79,0,0,192,0,192,0,7,264,0,271,139,0,139,410
01/13/2018,TMB,FL,ASO,ES,Towers with Radar,0,5,104,0,109,0,1,525,0,526,0,6,629,0,635,439,0,439,1074
01/14/2018,TMB,FL,ASO,ES,Towers with Radar,0,2,77,0,79,0,0,305,0,305,0,2,382,0,384,100,0,100,484
01/15/2018,TMB,FL,ASO,ES,Towers with Radar,0,15,77,0,92,0,0,390,5,395,0,15,467,5,487,137,0,137,624
01/16/2018,TMB,FL,ASO,ES,Towers with Radar,1,6,131,0,138,0,0,442,0,442,1,6,573,0,580,378,0,378,958
01/17/2018,TMB,FL,ASO,ES,Towers with Radar,0,3,104,0,107,0,0,427,0,427,0,3,531,0,534,380,0,380,914
01/18/2018,TMB,FL,ASO,ES,Towers with Radar,0,6,95,0,101,0,0,355,0,355,0,6,450,0,456,265,0,265,721
01/19/2018,TMB,FL,ASO,ES,Towers with Radar,1,2,96,0,99,0,0,491,0,491,1,2,587,0,590,584,0,584,1174
01/20/2018,TMB,FL,ASO,ES,Towers with Radar,0,5,98,0,103,0,2,431,0,433,0,7,529,0,536,463,0,463,999
01/21/2018,TMB,FL,ASO,ES,Towers with Radar,0,8,67,0,75,0,0,263,0,263,0,8,330,0,338,261,0,261,599
01/22/2018,TMB,FL,ASO,ES,Towers with Radar,0,7,131,0,138,0,0,448,0,448,0,7,579,0,586,400,0,400,986
01/23/2018,TMB,FL,ASO,ES,Towers with Radar,0,3,116,0,119,0,0,395,0,395,0,3,511,0,514,562,0,562,1076
01/24/2018,TMB,FL,ASO,ES,Towers with Radar,0,1,88,0,89,0,0,284,0,284,0,1,372,0,373,416,0,416,789
01/25/2018,TMB,FL,ASO,ES,Towers with Radar,0,6,95,0,101,0,0,378,1,379,0,6,473,1,480,191,0,191,671
01/26/2018,TMB,FL,ASO,ES,Towers with Radar,0,8,62,0,70,0,0,126,0,126,0,8,188,0,196,62,0,62,258
01/27/2018,TMB,FL,ASO,ES,Towers with Radar,0,6,59,0,65,0,2,193,0,195,0,8,252,0,260,51,0,51,311
01/28/2018,TMB,FL,ASO,ES,Towers with Radar,0,10,59,0,69,0,0,130,0,130,0,10,189,0,199,60,0,60,259
01/29/2018,TMB,FL,ASO,ES,Towers with Radar,0,5,60,0,65,0,1,232,0,233,0,6,292,0,298,329,0,329,627
01/30/2018,TMB,FL,ASO,ES,Towers with Radar,0,4,98,0,102,0,0,406,0,406,0,4,504,0,508,148,0,148,656
01/31/2018,TMB,FL,ASO,ES,Towers with Radar,0,11,125,0,136,0,0,470,0,470,0,11,595,0,606,504,0,504,1110
02/01/2018,TMB,FL,ASO,ES,Towers with Radar,0,8,145,0,153,0,2,504,2,508,0,10,649,2,661,576,0,576,1237
02/02/2018,TMB,FL,ASO,ES,Towers with Radar,0,2,147,0,149,0,1,483,0,484,0,3,630,0,633,579,0,579,1212
02/03/2018,TMB,FL,ASO,ES,Towers with Radar,0,1,67,0,68,0,0,180,0,180,0,1,247,0,248,142,0,142,390
02/04/2018,TMB,FL,ASO,ES,Towers with Radar,0,7,124,0,131,0,0,417,0,417,0,7,541,0,548,296,0,296,844
02/05/2018,TMB,FL,ASO,ES,Towers with Radar,1,4,104,0,109,0,0,298,0,298,1,4,402,0,407,276,0,276,683
02/06/2018,TMB,FL,ASO,ES,Towers with Radar,0,5,124,0,129,0,6,414,1,421,0,11,538,1,550,592,0,592,1142
02/07/2018,TMB,FL,ASO,ES,Towers with Radar,0,2,112,4,118,0,0,497,0,497,0,2,609,4,615,509,0,509,1124
02/08/2018,TMB,FL,ASO,ES,Towers with Radar,0,8,146,0,154,0,2,528,0,530,0,10,674,0,684,534,0,534,1218
02/09/2018,TMB,FL,ASO,ES,Towers with Radar,0,5,134,0,139,0,2,499,0,501,0,7,633,0,640,465,0,465,1105
02/10/2018,TMB,FL,ASO,ES,Towers with Radar,0,13,88,0,101,0,2,440,0,442,0,15,528,0,543,394,0,394,937
02/11/2018,TMB,FL,ASO,ES,Towers with Radar,0,10,66,0,76,0,0,172,1,173,0,10,238,1,249,57,0,57,306
02/12/2018,TMB,FL,ASO,ES,Towers with Radar,1,3,169,0,173,0,0,514,1,515,1,3,683,1,688,518,0,518,1206
02/13/2018,TMB,FL,ASO,ES,Towers with Radar,0,1,117,0,118,0,0,483,2,485,0,1,600,2,603,546,0,546,1149
02/14/2018,TMB,FL,ASO,ES,Towers with Radar,0,12,123,0,135,0,0,487,1,488,0,12,610,1,623,470,0,470,1093
02/15/2018,TMB,FL,ASO,ES,Towers with Radar,0,14,163,0,177,0,4,476,1,481,0,18,639,1,658,565,0,565,1223
02/16/2018,TMB,FL,ASO,ES,Towers with Radar,0,17,169,0,186,0,0,535,0,535,0,17,704,0,721,423,0,423,1144
02/17/2018,TMB,FL,ASO,ES,Towers with Radar,0,10,86,0,96,0,1,398,0,399,0,11,484,0,495,58,0,58,553
02/18/2018,TMB,FL,ASO,ES,Towers with Radar,0,14,117,0,131,0,0,306,0,306,0,14,423,0,437,230,0,230,667
02/19/2018,TMB,FL,ASO,ES,Towers with Radar,0,11,124,0,135,0,0,243,0,243,0,11,367,0,378,270,0,270,648
02/20/2018,TMB,FL,ASO,ES,Towers with Radar,0,19,111,0,130,0,0,342,0,342,0,19,453,0,472,414,0,414,886
02/21/2018,TMB,FL,ASO,ES,Towers with Radar,0,7,111,0,118,0,0,379,0,379,0,7,490,0,497,339,0,339,836
02/22/2018,TMB,FL,ASO,ES,Towers with Radar,0,9,155,0,164,0,0,366,0,366,0,9,521,0,530,422,0,422,952
02/23/2018,TMB,FL,ASO,ES,Towers with Radar,0,7,137,0,144,0,2,408,0,410,0,9,545,0,554,366,0,366,920
02/24/2018,TMB,FL,ASO,ES,Towers with Radar,0,8,122,0,130,0,0,466,0,466,0,8,588,0,596,330,0,330,926
02/25/2018,TMB,FL,ASO,ES,Towers with Radar,0,16,107,0,123,0,0,327,0,327,0,16,434,0,450,200,0,200,650
02/26/2018,TMB,FL,ASO,ES,Towers with Radar,0,16,82,0,98,0,0,260,0,260,0,16,342,0,358,241,0,241,599
02/27/2018,TMB,FL,ASO,ES,Towers with Radar,0,4,110,0,114,0,2,426,4,432,0,6,536,4,546,337,0,337,883
02/28/2018,TMB,FL,ASO,ES,Towers with Radar,0,3,123,2,128,0,4,452,0,456,0,7,575,2,584,507,0,507,1091
03/01/2018,TMB,FL,ASO,ES,Towers with Radar,0,3,114,0,117,0,2,408,0,410,0,5,522,0,527,492,0,492,1019
03/02/2018,TMB,FL,ASO,ES,Towers with Radar,0,7,92,0,99,0,2,339,0,341,0,9,431,0,440,405,0,405,845
03/03/2018,TMB,FL,ASO,ES,Towers with Radar,0,3,104,0,107,0,2,447,0,449,0,5,551,0,556,204,0,204,760
03/04/2018,TMB,FL,ASO,ES,Towers with Radar,0,7,79,0,86,0,9,309,0,318,0,16,388,0,404,97,0,97,501
03/05/2018,TMB,FL,ASO,ES,Towers with Radar,0,10,126,0,136,0,6,506,1,513,0,16,632,1,649,103,0,103,752
03/06/2018,TMB,FL,ASO,ES,Towers with Radar,0,11,114,0,125,0,5,360,0,365,0,16,474,0,490,610,0,610,1100
03/07/2018,TMB,FL,ASO,ES,Towers with Radar,0,9,80,0,89,0,0,237,0,237,0,9,317,0,326,254,0,254,580
03/08/2018,TMB,FL,ASO,ES,Towers with Radar,0,14,79,0,93,0,2,416,2,420,0,16,495,2,513,483,0,483,996
03/09/2018,TMB,FL,ASO,ES,Towers with Radar,0,15,112,0,127,0,2,472,0,474,0,17,584,0,601,442,0,442,1043
03/10/2018,TMB,FL,ASO,ES,Towers with Radar,0,12,84,0,96,0,0,376,0,376,0,12,460,0,472,228,0,228,700
03/11/2018,TMB,FL,ASO,ES,Towers with Radar,0,18,64,0,82,0,0,245,0,245,0,18,309,0,327,341,0,341,668
03/12/2018,TMB,FL,ASO,ES,Towers with Radar,0,11,53,0,64,0,0,121,0,121,0,11,174,0,185,203,0,203,388
03/13/2018,TMB,FL,ASO,ES,Towers with Radar,0,13,107,0,120,0,0,448,0,448,0,13,555,0,568,422,0,422,990
03/14/2018,TMB,FL,ASO,ES,Towers with Radar,0,9,91,0,100,0,0,452,2,454,0,9,543,2,554,456,0,456,1010
03/15/2018,TMB,FL,ASO,ES,Towers with Radar,0,7,147,0,154,0,3,461,0,464,0,10,608,0,618,493,0,493,1111
03/16/2018,TMB,FL,ASO,ES,Towers with Radar,0,11,97,0,108,0,1,457,1,459,0,12,554,1,567,456,0,456,1023
03/17/2018,TMB,FL,ASO,ES,Towers with Radar,1,7,119,0,127,0,0,454,4,458,1,7,573,4,585,363,0,363,948
03/18/2018,TMB,FL,ASO,ES,Towers with Radar,0,12,105,0,117,0,0,328,0,328,0,12,433,0,445,300,0,300,745
03/19/2018,TMB,FL,ASO,ES,Towers with Radar,0,12,90,0,102,0,0,403,0,403,0,12,493,0,505,531,0,531,1036
03/20/2018,TMB,FL,ASO,ES,Towers with Radar,0,18,66,0,84,0,2,360,1,363,0,20,426,1,447,305,0,305,752
03/21/2018,TMB,FL,ASO,ES,Towers with Radar,0,18,89,0,107,0,0,351,1,352,0,18,440,1,459,475,0,475,934
03/22/2018,TMB,FL,ASO,ES,Towers with Radar,0,11,78,0,89,0,0,475,0,475,0,11,553,0,564,315,0,315,879
03/23/2018,TMB,FL,ASO,ES,Towers with Radar,0,7,112,0,119,0,1,499,0,500,0,8,611,0,619,335,0,335,954
03/24/2018,TMB,FL,ASO,ES,Towers with Radar,0,14,123,0,137,0,1,448,0,449,0,15,571,0,586,364,0,364,950
03/25/2018,TMB,FL,ASO,ES,Towers with Radar,0,16,85,0,101,0,0,262,0,262,0,16,347,0,363,223,0,223,586
03/26/2018,TMB,FL,ASO,ES,Towers with Radar,0,15,145,0,160,0,0,410,0,410,0,15,555,0,570,532,0,532,1102
03/27/2018,TMB,FL,ASO,ES,Towers with Radar,0,20,80,0,100,0,1,231,0,232,0,21,311,0,332,213,0,213,545
03/28/2018,TMB,FL,ASO,ES,Towers with Radar,0,8,92,0,100,0,3,347,0,350,0,11,439,0,450,402,0,402,852
03/29/2018,TMB,FL,ASO,ES,Towers with Radar,0,13,135,0,148,0,0,377,0,377,0,13,512,0,525,259,0,259,784
03/30/2018,TMB,FL,ASO,ES,Towers with Radar,1,17,143,0,161,0,0,500,2,502,1,17,643,2,663,528,0,528,1191
03/31/2018,TMB,FL,ASO,ES,Towers with Radar,0,8,123,0,131,0,1,443,0,444,0,9,566,0,575,396,0,396,971
04/01/2018,TMB,FL,ASO,ES,Towers with Radar,0,17,85,0,102,0,0,257,0,257,0,17,342,0,359,282,0,282,641
04/02/2018,TMB,FL,ASO,ES,Towers with Radar,0,12,147,0,159,0,1,450,0,451,0,13,597,0,610,535,0,535,1145
04/03/2018,TMB,FL,ASO,ES,Towers with Radar,0,10,131,0,141,0,0,531,3,534,0,10,662,3,675,517,0,517,1192
04/04/2018,TMB,FL,ASO,ES,Towers with Radar,0,17,121,0,138,0,0,410,1,411,0,17,531,1,549,551,0,551,1100
04/05/2018,TMB,FL,ASO,ES,Towers with Radar,0,9,102,1,112,0,0,368,1,369,0,9,470,2,481,610,0,610,1091
04/06/2018,TMB,FL,ASO,ES,Towers with Radar,0,8,132,0,140,0,1,479,0,480,0,9,611,0,620,436,0,436,1056
04/07/2018,TMB,FL,ASO,ES,Towers with Radar,0,9,70,0,79,0,0,428,0,428,0,9,498,0,507,234,0,234,741
04/08/2018,TMB,FL,ASO,ES,Towers with Radar,0,13,99,0,112,0,0,325,0,325,0,13,424,0,437,181,0,181,618
04/09/2018,TMB,FL,ASO,ES,Towers with Radar,0,15,119,0,134,0,0,400,0,400,0,15,519,0,534,388,0,388,922
04/10/2018,TMB,FL,ASO,ES,Towers with Radar,0,8,87,0,95,0,0,417,1,418,0,8,504,1,513,428,0,428,941
04/11/2018,TMB,FL,ASO,ES,Towers with Radar,0,10,137,0,147,0,0,533,1,534,0,10,670,1,681,461,0,461,1142
04/12/2018,TMB,FL,ASO,ES,Towers with Radar,0,10,128,0,138,0,0,486,0,486,0,10,614,0,624,486,0,486,1110
04/13/2018,TMB,FL,ASO,ES,Towers with Radar,0,6,133,0,139,0,1,457,0,458,0,7,590,0,597,511,0,511,1108
04/14/2018,TMB,FL,ASO,ES,Towers with Radar,0,2,88,0,90,0,1,336,0,337,0,3,424,0,427,232,0,232,659
04/15/2018,TMB,FL,ASO,ES,Towers with Radar,0,10,55,0,65,0,1,123,0,124,0,11,178,0,189,5,0,5,194
04/16/2018,TMB,FL,ASO,ES,Towers with Radar,0,1,85,0,86,0,0,294,0,294,0,1,379,0,380,153,0,153,533
04/17/2018,TMB,FL,ASO,ES,Towers with Radar,0,5,133,0,138,0,0,443,1,444,0,5,576,1,582,571,0,571,1153
04/18/2018,TMB,FL,ASO,ES,Towers with Radar,0,11,131,0,142,0,1,444,1,446,0,12,575,1,588,519,0,519,1107
04/19/2018,TMB,FL,ASO,ES,Towers with Radar,0,24,134,0,158,0,2,427,0,429,0,26,561,0,587,555,0,555,1142
04/20/2018,TMB,FL,ASO,ES,Towers with Radar,0,4,160,0,164,0,0,471,0,471,0,4,631,0,635,473,0,473,1108
04/21/2018,TMB,FL,ASO,ES,Towers with Radar,0,7,133,1,141,0,0,433,2,435,0,7,566,3,576,431,0,431,1007
04/22/2018,TMB,FL,ASO,ES,Towers with Radar,1,5,67,0,73,0,0,184,0,184,1,5,251,0,257,172,0,172,429
04/23/2018,TMB,FL,ASO,ES,Towers with Radar,0,12,35,0,47,0,0,161,0,161,0,12,196,0,208,224,0,224,432
04/24/2018,TMB,FL,ASO,ES,Towers with Radar,0,7,96,0,103,0,1,384,1,386,0,8,480,1,489,692,0,692,1181
04/25/2018,TMB,FL,ASO,ES,Towers with Radar,0,8,105,0,113,0,2,503,2,507,0,10,608,2,620,481,0,481,1101
04/26/2018,TMB,FL,ASO,ES,Towers with Radar,0,5,116,0,121,0,0,453,0,453,0,5,569,0,574,502,0,502,1076
04/27/2018,TMB,FL,ASO,ES,Towers with Radar,0,11,82,0,93,0,0,207,0,207,0,11,289,0,300,310,0,310,610
04/28/2018,TMB,FL,ASO,ES,Towers with Radar,0,3,73,0,76,0,0,455,0,455,0,3,528,0,531,392,0,392,923
04/29/2018,TMB,FL,ASO,ES,Towers with Radar,0,9,93,0,102,0,0,317,0,317,0,9,410,0,419,220,0,220,639
04/30/2018,TMB,FL,ASO,ES,Towers with Radar,0,10,99,0,109,0,0,301,0,301,0,10,400,0,410,264,0,264,674
05/01/2018,TMB,FL,ASO,ES,Towers with Radar,0,10,110,0,120,0,8,342,2,352,0,18,452,2,472,309,0,309,781
05/02/2018,TMB,FL,ASO,ES,Towers with Radar,0,12,112,0,124,0,0,353,2,355,0,12,465,2,479,324,0,324,803
05/03/2018,TMB,FL,ASO,ES,Towers with Radar,0,3,112,0,115,0,2,329,0,331,0,5,441,0,446,217,0,217,663
05/04/2018,TMB,FL,ASO,ES,Towers with Radar,0,2,92,0,94,0,3,356,0,359,0,5,448,0,453,359,0,359,812
05/05/2018,TMB,FL,ASO,ES,Towers with Radar,0,5,69,0,74,0,0,154,0,154,0,5,223,0,228,352,0,352,580
05/06/2018,TMB,FL,ASO,ES,Towers with Radar,0,6,72,0,78,0,0,260,0,260,0,6,332,0,338,148,0,148,486
05/07/2018,TMB,FL,ASO,ES,Towers with Radar,0,2,114,0,116,0,0,378,0,378,0,2,492,0,494,571,0,571,1065
05/08/2018,TMB,FL,ASO,ES,Towers with Radar,0,4,101,0,105,0,0,360,9,369,0,4,461,9,474,626,0,626,1100
05/09/2018,TMB,FL,ASO,ES,Towers with Radar,0,5,143,0,148,0,2,485,3,490,0,7,628,3,638,535,0,535,1173
05/10/2018,TMB,FL,ASO,ES,Towers with Radar,0,5,120,0,125,0,0,423,1,424,0,5,543,1,549,432,0,432,981
05/11/2018,TMB,FL,ASO,ES,Towers with Radar,0,10,133,1,144,0,0,437,1,438,0,10,570,2,582,452,0,452,1034
05/12/2018,TMB,FL,ASO,ES,Towers with Radar,0,6,72,0,78,0,0,217,0,217,0,6,289,0,295,404,0,404,699
05/13/2018,TMB,FL,ASO,ES,Towers with Radar,0,14,35,0,49,0,0,50,0,50,0,14,85,0,99,37,0,37,136
05/14/2018,TMB,FL,ASO,ES,Towers with Radar,0,10,59,0,69,0,0,159,0,159,0,10,218,0,228,156,0,156,384
05/15/2018,TMB,FL,ASO,ES,Towers with Radar,0,9,72,0,81,0,0,226,0,226,0,9,298,0,307,372,0,372,679
05/16/2018,TMB,FL,ASO,ES,Towers with Radar,0,3,83,1,87,0,0,297,6,303,0,3,380,7,390,368,0,368,758
05/17/2018,TMB,FL,ASO,ES,Towers with Radar,1,7,63,0,71,0,0,103,0,103,1,7,166,0,174,146,0,146,320
05/18/2018,TMB,FL,ASO,ES,Towers with Radar,0,7,120,0,127,0,0,332,0,332,0,7,452,0,459,467,0,467,926
05/19/2018,TMB,FL,ASO,ES,Towers with Radar,0,1,34,0,35,0,1,23,0,24,0,2,57,0,59,31,0,31,90
05/20/2018,TMB,FL,ASO,ES,Towers with Radar,0,15,29,0,44,0,0,52,0,52,0,15,81,0,96,58,0,58,154
05/21/2018,TMB,FL,ASO,ES,Towers with Radar,0,7,72,0,79,0,0,151,0,151,0,7,223,0,230,380,0,380,610
05/22/2018,TMB,FL,ASO,ES,Towers with Radar,0,2,137,0,139,0,0,333,0,333,0,2,470,0,472,496,0,496,968
05/23/2018,TMB,FL,ASO,ES,Towers with Radar,0,10,153,0,163,0,1,555,0,556,0,11,708,0,719,623,0,623,1342
05/24/2018,TMB,FL,ASO,ES,Towers with Radar,0,8,145,0,153,0,0,485,7,492,0,8,630,7,645,607,0,607,1252
05/25/2018,TMB,FL,ASO,ES,Towers with Radar,1,15,74,0,90,0,0,122,0,122,1,15,196,0,212,173,0,173,385
05/26/2018,TMB,FL,ASO,ES,Towers with Radar,0,7,26,0,33,0,1,25,0,26,0,8,51,0,59,6,0,6,65
05/27/2018,TMB,FL,ASO,ES,Towers with Radar,0,10,8,0,18,0,0,22,0,22,0,10,30,0,40,4,0,4,44
05/28/2018,TMB,FL,ASO,ES,Towers with Radar,0,19,108,0,127,0,0,190,0,190,0,19,298,0,317,123,0,123,440
05/29/2018,TMB,FL,ASO,ES,Towers with Radar,0,10,130,0,140,0,0,457,0,457,0,10,587,0,597,515,0,515,1112
05/30/2018,TMB,FL,ASO,ES,Towers with Radar,0,14,142,0,156,0,2,381,0,383,0,16,523,0,539,398,0,398,937
05/31/2018,TMB,FL,ASO,ES,Towers with Radar,0,12,97,0,109,0,0,352,3,355,0,12,449,3,464,454,0,454,918
06/01/2018,TMB,FL,ASO,ES,Towers with Radar,0,5,131,0,136,0,1,551,0,552,0,6,682,0,688,483,0,483,1171
06/02/2018,TMB,FL,ASO,ES,Towers with Radar,0,2,87,0,89,0,0,385,0,385,0,2,472,0,474,413,0,413,887
06/03/2018,TMB,FL,ASO,ES,Towers with Radar,0,7,87,0,94,0,0,396,0,396,0,7,483,0,490,226,0,226,716
06/04/2018,TMB,FL,ASO,ES,Towers with Radar,0,6,82,0,88,0,26,417,1,444,0,32,499,1,532,628,0,628,1160
06/05/2018,TMB,FL,ASO,ES,Towers with Radar,0,3,109,0,112,0,0,367,1,368,0,3,476,1,480,498,0,498,978
06/06/2018,TMB,FL,ASO,ES,Towers with Radar,0,2,81,0,83,0,0,393,0,393,0,2,474,0,476,692,0,692,1168
06/07/2018,TMB,FL,ASO,ES,Towers with Radar,0,8,73,0,81,0,0,283,0,283,0,8,356,0,364,306,0,306,670
06/08/2018,TMB,FL,ASO,ES,Towers with Radar,0,5,74,0,79,0,0,257,0,257,0,5,331,0,336,316,0,316,652
06/09/2018,TMB,FL,ASO,ES,Towers with Radar,0,0,76,0,76,0,0,332,0,332,0,0,408,0,408,223,0,223,631
06/10/2018,TMB,FL,ASO,ES,Towers with Radar,0,8,95,0,103,0,1,247,0,248,0,9,342,0,351,270,0,270,621
06/11/2018,TMB,FL,ASO,ES,Towers with Radar,0,8,113,0,121,0,0,284,0,284,0,8,397,0,405,529,0,529,934
06/12/2018,TMB,FL,ASO,ES,Towers with Radar,0,6,101,0,107,0,0,357,0,357,0,6,458,0,464,585,0,585,1049
06/13/2018,TMB,FL,ASO,ES,Towers with Radar,0,6,101,0,107,0,0,387,0,387,0,6,488,0,494,531,0,531,1025
06/14/2018,TMB,FL,ASO,ES,Towers with Radar,0,6,75,0,81,0,1,273,0,274,0,7,348,0,355,350,0,350,705
06/15/2018,TMB,FL,ASO,ES,Towers with Radar,0,15,118,0,133,0,1,438,0,439,0,16,556,0,572,511,0,511,1083
06/16/2018,TMB,FL,ASO,ES,Towers with Radar,0,2,104,0,106,0,5,526,0,531,0,7,630,0,637,416,0,416,1053
06/17/2018,TMB,FL,ASO,ES,Towers with Radar,0,4,81,0,85,0,0,275,0,275,0,4,356,0,360,199,0,199,559
06/18/2018,TMB,FL,ASO,ES,Towers with Radar,0,7,98,0,105,0,1,313,0,314,0,8,411,0,419,362,0,362,781
06/19/2018,TMB,FL,ASO,ES,Towers with Radar,0,7,109,2,118,0,1,403,0,404,0,8,512,2,522,505,0,505,1027
06/20/2018,TMB,FL,ASO,ES,Towers with Radar,0,15,134,0,149,0,7,439,0,446,0,22,573,0,595,598,0,598,1193
06/21/2018,TMB,FL,ASO,ES,Towers with Radar,0,3,88,0,91,0,0,341,2,343,0,3,429,2,434,234,0,234,668
06/22/2018,TMB,FL,ASO,ES,Towers with Radar,0,12,83,0,95,0,0,343,5,348,0,12,426,5,443,221,0,221,664
06/23/2018,TMB,FL,ASO,ES,Towers with Radar,0,6,60,0,66,0,1,329,0,330,0,7,389,0,396,236,0,236,632
06/24/2018,TMB,FL,ASO,ES,Towers with Radar,0,10,94,0,104,0,1,241,0,242,0,11,335,0,346,219,0,219,565
06/25/2018,TMB,FL,ASO,ES,Towers with Radar,0,5,127,1,133,0,0,368,0,368,0,5,495,1,501,456,0,456,957
06/26/2018,TMB,FL,ASO,ES,Towers with Radar,0,7,114,1,122,0,0,336,0,336,0,7,450,1,458,368,0,368,826
06/27/2018,TMB,FL,ASO,ES,Towers with Radar,0,11,99,0,110,0,0,331,0,331,0,11,430,0,441,455,0,455,896
06/28/2018,TMB,FL,ASO,ES,Towers with Radar,0,3,113,1,117,0,2,327,0,329,0,5,440,1,446,281,0,281,727
06/29/2018,TMB,FL,ASO,ES,Towers with Radar,0,9,89,2,100,0,0,343,0,343,0,9,432,2,443,500,0,500,943
06/30/2018,TMB,FL,ASO,ES,Towers with Radar,0,4,60,0,64,0,2,363,0,365,0,6,423,0,429,413,0,413,842
07/01/2018,TMB,FL,ASO,ES,Towers with Radar,0,5,76,0,81,0,1,219,0,220,0,6,295,0,301,98,0,98,399
07/02/2018,TMB,FL,ASO,ES,Towers with Radar,0,2,101,0,103,0,1,370,0,371,0,3,471,0,474,568,0,568,1042
07/03/2018,TMB,FL,ASO,ES,Towers with Radar,0,16,130,0,146,0,0,429,0,429,0,16,559,0,575,542,0,542,1117
07/04/2018,TMB,FL,ASO,ES,Towers with Radar,0,4,86,0,90,0,0,301,1,302,0,4,387,1,392,307,0,307,699
07/05/2018,TMB,FL,ASO,ES,Towers with Radar,0,5,86,0,91,0,0,289,0,289,0,5,375,0,380,529,0,529,909
07/06/2018,TMB,FL,ASO,ES,Towers with Radar,0,3,108,0,111,0,7,391,0,398,0,10,499,0,509,511,0,511,1020
07/07/2018,TMB,FL,ASO,ES,Towers with Radar,0,5,100,0,105,0,5,380,0,385,0,10,480,0,490,396,0,396,886
07/08/2018,TMB,FL,ASO,ES,Towers with Radar,0,13,105,0,118,0,0,346,0,346,0,13,451,0,464,215,0,215,679
07/09/2018,TMB,FL,ASO,ES,Towers with Radar,0,4,84,0,88,0,2,375,0,377,0,6,459,0,465,392,0,392,857
07/10/2018,TMB,FL,ASO,ES,Towers with Radar,0,9,58,0,67,0,0,318,6,324,0,9,376,6,391,451,0,451,842
07/11/2018,TMB,FL,ASO,ES,Towers with Radar,0,5,76,0,81,0,0,314,1,315,0,5,390,1,396,395,0,395,791
07/12/2018,TMB,FL,ASO,ES,Towers with Radar,0,2,79,0,81,0,0,350,0,350,0,2,429,0,431,424,0,424,855
07/13/2018,TMB,FL,ASO,ES,Towers with Radar,0,7,96,0,103,0,6,359,0,365,0,13,455,0,468,322,0,322,790
07/14/2018,TMB,FL,ASO,ES,Towers with Radar,0,0,119,0,119,0,0,476,0,476,0,0,595,0,595,352,0,352,947
07/15/2018,TMB,FL,ASO,ES,Towers with Radar,0,5,53,0,58,0,0,211,0,211,0,5,264,0,269,197,0,197,466
07/16/2018,TMB,FL,ASO,ES,Towers with Radar,0,6,90,0,96,0,0,361,0,361,0,6,451,0,457,430,0,430,887
07/17/2018,TMB,FL,ASO,ES,Towers with Radar,0,4,104,0,108,0,2,304,1,307,0,6,408,1,415,378,0,378,793
07/18/2018,TMB,FL,ASO,ES,Towers with Radar,0,5,60,0,65,0,0,294,1,295,0,5,354,1,360,445,0,445,805
07/19/2018,TMB,FL,ASO,ES,Towers with Radar,0,4,79,0,83,0,0,255,0,255,0,4,334,0,338,377,0,377,715
07/20/2018,TMB,FL,ASO,ES,Towers with Radar,0,11,77,0,88,0,0,352,3,355,0,11,429,3,443,385,0,385,828
07/21/2018,TMB,FL,ASO,ES,Towers with Radar,0,6,59,0,65,0,0,335,0,335,0,6,394,0,400,281,0,281,681
07/22/2018,TMB,FL,ASO,ES,Towers with Radar,0,6,48,0,54,0,0,166,0,166,0,6,214,0,220,170,0,170,390
07/23/2018,TMB,FL,ASO,ES,Towers with Radar,0,9,49,0,58,0,0,206,0,206,0,9,255,0,264,288,0,288,552
07/24/2018,TMB,FL,ASO,ES,Towers with Radar,0,5,35,0,40,0,1,224,0,225,0,6,259,0,265,375,0,375,640
07/25/2018,TMB,FL,ASO,ES,Towers with Radar,0,6,48,0,54,0,1,296,3,300,0,7,344,3,354,411,0,411,765
07/26/2018,TMB,FL,ASO,ES,Towers with Radar,0,2,51,0,53,0,0,273,3,276,0,2,324,3,329,297,0,297,626
07/27/2018,TMB,FL,ASO,ES,Towers with Radar,0,2,69,0,71,0,1,220,0,221,0,3,289,0,292,349,0,349,641
07/28/2018,TMB,FL,ASO,ES,Towers with Radar,1,7,48,0,56,0,0,188,0,188,1,7,236,0,244,362,0,362,606
07/29/2018,TMB,FL,ASO,ES,Towers with Radar,0,8,44,0,52,0,0,140,0,140,0,8,184,0,192,75,0,75,267
07/30/2018,TMB,FL,ASO,ES,Towers with Radar,0,2,38,0,40,0,0,160,0,160,0,2,198,0,200,296,0,296,496
07/31/2018,TMB,FL,ASO,ES,Towers with Radar,0,2,77,0,79,0,0,297,0,297,0,2,374,0,376,390,0,390,766
08/01/2018,TMB,FL,ASO,ES,Towers with Radar,0,8,71,0,79,0,0,222,0,222,0,8,293,0,301,185,0,185,486
08/02/2018,TMB,FL,ASO,ES,Towers with Radar,2,4,90,0,96,0,2,346,0,348,2,6,436,0,444,389,0,389,833
08/03/2018,TMB,FL,ASO,ES,Towers with Radar,0,5,80,0,85,0,1,300,0,301,0,6,380,0,386,290,0,290,676
08/04/2018,TMB,FL,ASO,ES,Towers with Radar,0,1,82,0,83,0,3,382,0,385,0,4,464,0,468,258,0,258,726
08/05/2018,TMB,FL,ASO,ES,Towers with Radar,0,3,71,0,74,0,1,272,0,273,0,4,343,0,347,240,0,240,587
08/06/2018,TMB,FL,ASO,ES,Towers with Radar,0,5,96,0,101,0,0,318,0,318,0,5,414,0,419,306,0,306,725
08/07/2018,TMB,FL,ASO,ES,Towers with Radar,0,2,58,0,60,0,0,312,0,312,0,2,370,0,372,363,0,363,735
08/08/2018,TMB,FL,ASO,ES,Towers with Radar,0,10,98,0,108,0,0,382,0,382,0,10,480,0,490,385,0,385,875
08/09/2018,TMB,FL,ASO,ES,Towers with Radar,0,4,71,2,77,0,0,250,0,250,0,4,321,2,327,351,0,351,678
08/10/2018,TMB,FL,ASO,ES,Towers with Radar,0,6,48,0,54,0,0,262,0,262,0,6,310,0,316,241,0,241,557
08/11/2018,TMB,FL,ASO,ES,Towers with Radar,0,4,42,0,46,0,0,220,0,220,0,4,262,0,266,141,0,141,407
08/12/2018,TMB,FL,ASO,ES,Towers with Radar,0,9,57,0,66,0,2,221,0,223,0,11,278,0,289,168,0,168,457
08/13/2018,TMB,FL,ASO,ES,Towers with Radar,0,6,64,0,70,0,0,331,0,331,0,6,395,0,401,432,0,432,833
08/14/2018,TMB,FL,ASO,ES,Towers with Radar,2,6,112,0,120,0,2,321,0,323,2,8,433,0,443,312,0,312,755
08/15/2018,TMB,FL,ASO,ES,Towers with Radar,0,10,98,0,108,0,4,359,0,363,0,14,457,0,471,357,0,357,828
08/16/2018,TMB,FL,ASO,ES,Towers with Radar,0,3,79,0,82,0,2,365,0,367,0,5,444,0,449,361,0,361,810
08/17/2018,TMB,FL,ASO,ES,Towers with Radar,0,7,83,0,90,0,2,288,0,290,0,9,371,0,380,178,0,178,558
08/18/2018,TMB,FL,ASO,ES,Towers with Radar,2,3,75,0,80,0,0,320,0,320,2,3,395,0,400,235,0,235,635
08/19/2018,TMB,FL,ASO,ES,Towers with Radar,0,4,40,0,44,0,0,147,2,149,0,4,187,2,193,117,0,117,310
08/20/2018,TMB,FL,ASO,ES,Towers with Radar,3,9,68,0,80,0,0,212,0,212,3,9,280,0,292,280,0,280,572
08/21/2018,TMB,FL,ASO,ES,Towers with Radar,0,0,71,0,71,0,0,347,0,347,0,0,418,0,418,238,0,238,656
08/22/2018,TMB,FL,ASO,ES,Towers with Radar,0,0,55,0,55,0,0,231,0,231,0,0,286,0,286,271,0,271,557
08/23/2018,TMB,FL,ASO,ES,Towers with Radar,0,2,83,2,87,0,0,285,0,285,0,2,368,2,372,199,0,199,571
08/24/2018,TMB,FL,ASO,ES,Towers with Radar,0,8,66,0,74,0,0,242,0,242,0,8,308,0,316,219,0,219,535
08/25/2018,TMB,FL,ASO,ES,Towers with Radar,0,3,36,0,39,0,0,178,0,178,0,3,214,0,217,86,0,86,303
08/26/2018,TMB,FL,ASO,ES,Towers with Radar,0,5,52,0,57,0,1,324,0,325,0,6,376,0,382,183,0,183,565
08/27/2018,TMB,FL,ASO,ES,Towers with Radar,0,6,55,0,61,0,0,272,0,272,0,6,327,0,333,487,0,487,820
08/28/2018,TMB,FL,ASO,ES,Towers with Radar,0,2,89,0,91,0,0,285,0,285,0,2,374,0,376,391,0,391,767
08/29/2018,TMB,FL,ASO,ES,Towers with Radar,0,5,84,0,89,0,1,334,0,335,0,6,418,0,424,295,0,295,719
08/30/2018,TMB,FL,ASO,ES,Towers with Radar,0,11,55,0,66,0,1,231,0,232,0,12,286,0,298,195,0,195,493
08/31/2018,TMB,FL,ASO,ES,Towers with Radar,0,6,104,0,110,0,2,279,0,281,0,8,383,0,391,350,0,350,741
09/01/2018,TMB,FL,ASO,ES,Towers with Radar,0,3,75,0,78,0,1,322,0,323,0,4,397,0,401,189,0,189,590
09/02/2018,TMB,FL,ASO,ES,Towers with Radar,0,4,32,0,36,0,0,119,0,119,0,4,151,0,155,118,0,118,273
09/03/2018,TMB,FL,ASO,ES,Towers with Radar,0,12,46,0,58,0,0,38,0,38,0,12,84,0,96,12,0,12,108
09/04/2018,TMB,FL,ASO,ES,Towers with Radar,0,7,98,0,105,0,4,329,0,333,0,11,427,0,438,396,0,396,834
09/05/2018,TMB,FL,ASO,ES,Towers with Radar,0,5,79,0,84,0,0,333,0,333,0,5,412,0,417,267,19,286,703
09/06/2018,TMB,FL,ASO,ES,Towers with Radar,0,6,53,0,59,0,0,264,0,264,0,6,317,0,323,336,0,336,659
09/07/2018,TMB,FL,ASO,ES,Towers with Radar,0,9,63,0,72,0,2,257,0,259,0,11,320,0,331,406,0,406,737
09/08/2018,TMB,FL,ASO,ES,Towers with Radar,0,2,45,0,47,0,1,260,0,261,0,3,305,0,308,299,0,299,607
09/09/2018,TMB,FL,ASO,ES,Towers with Radar,0,13,55,0,68,0,0,255,0,255,0,13,310,0,323,174,0,174,497
09/10/2018,TMB,FL,ASO,ES,Towers with Radar,0,4,71,0,75,0,2,278,3,283,0,6,349,3,358,334,0,334,692
09/11/2018,TMB,FL,ASO,ES,Towers with Radar,0,6,112,0,118,0,0,349,6,355,0,6,461,6,473,349,0,349,822
09/12/2018,TMB,FL,ASO,ES,Towers with Radar,0,6,96,0,102,0,0,292,2,294,0,6,388,2,396,446,0,446,842
09/13/2018,TMB,FL,ASO,ES,Towers with Radar,0,4,57,0,61,0,0,292,11,303,0,4,349,11,364,326,0,326,690
09/14/2018,TMB,FL,ASO,ES,Towers with Radar,0,4,46,0,50,0,0,226,0,226,0,4,272,0,276,214,0,214,490
09/15/2018,TMB,FL,ASO,ES,Towers with Radar,0,2,71,0,73,0,2,303,0,305,0,4,374,0,378,138,0,138,516
09/16/2018,TMB,FL,ASO,ES,Towers with Radar,0,5,54,0,59,0,0,318,0,318,0,5,372,0,377,161,0,161,538
09/17/2018,TMB,FL,ASO,ES,Towers with Radar,0,0,80,0,80,0,0,272,0,272,0,0,352,0,352,333,0,333,685
09/18/2018,TMB,FL,ASO,ES,Towers with Radar,0,6,69,2,77,0,0,296,1,297,0,6,365,3,374,417,0,417,791
09/19/2018,TMB,FL,ASO,ES,Towers with Radar,0,8,68,0,76,0,0,263,4,267,0,8,331,4,343,232,0,232,575
09/20/2018,TMB,FL,ASO,ES,Towers with Radar,0,5,51,0,56,0,1,243,0,244,0,6,294,0,300,350,0,350,650
09/21/2018,TMB,FL,ASO,ES,Towers with Radar,0,5,61,0,66,0,0,310,2,312,0,5,371,2,378,305,0,305,683
09/22/2018,TMB,FL,ASO,ES,Towers with Radar,0,2,51,0,53,0,1,310,0,311,0,3,361,0,364,333,0,333,697
09/23/2018,TMB,FL,ASO,ES,Towers with Radar,0,7,58,0,65,0,0,279,0,279,0,7,337,0,344,133,0,133,477
09/24/2018,TMB,FL,ASO,ES,Towers with Radar,0,6,87,0,93,0,0,335,11,346,0,6,422,11,439,351,0,351,790
09/25/2018,TMB,FL,ASO,ES,Towers with Radar,0,5,71,0,76,0,0,295,1,296,0,5,366,1,372,409,0,409,781
09/26/2018,TMB,FL,ASO,ES,Towers with Radar,0,6,59,0,65,0,0,270,1,271,0,6,329,1,336,280,0,280,616
09/27/2018,TMB,FL,ASO,ES,Towers with Radar,0,3,61,0,64,0,0,263,1,264,0,3,324,1,328,230,0,230,558
09/28/2018,TMB,FL,ASO,ES,Towers with Radar,0,3,97,0,100,0,0,352,0,352,0,3,449,0,452,407,0,407,859
09/29/2018,TMB,FL,ASO,ES,Towers with Radar,0,2,63,0,65,0,4,248,0,252,0,6,311,0,317,204,0,204,521
09/30/2018,TMB,FL,ASO,ES,Towers with Radar,0,9,53,0,62,0,1,195,0,196,0,10,248,0,258,150,0,150,408
10/01/2018,TMB,FL,ASO,ES,Towers with Radar,0,4,71,0,75,0,3,311,0,314,0,7,382,0,389,385,0,385,774
10/02/2018,TMB,FL,ASO,ES,Towers with Radar,0,1,67,0,68,0,0,237,1,238,0,1,304,1,306,292,0,292,598
10/03/2018,TMB,FL,ASO,ES,Towers with Radar,0,4,84,1,89,0,0,323,10,333,0,4,407,11,422,391,0,391,813
10/04/2018,TMB,FL,ASO,ES,Towers with Radar,0,3,89,0,92,0,0,229,0,229,0,3,318,0,321,235,0,235,556
10/05/2018,TMB,FL,ASO,ES,Towers with Radar,0,3,103,0,106,0,3,378,0,381,0,6,481,0,487,263,0,263,750
10/06/2018,TMB,FL,ASO,ES,Towers with Radar,0,5,58,0,63,0,3,294,0,297,0,8,352,0,360,235,0,235,595
10/07/2018,TMB,FL,ASO,ES,Towers with Radar,0,7,48,0,55,0,0,235,1,236,0,7,283,1,291,156,0,156,447
10/08/2018,TMB,FL,ASO,ES,Towers with Radar,0,11,44,0,55,0,5,106,0,111,0,16,150,0,166,89,0,89,255
10/09/2018,TMB,FL,ASO,ES,Towers with Radar,0,2,49,0,51,0,2,243,3,248,0,4,292,3,299,209,0,209,508
10/10/2018,TMB,FL,ASO,ES,Towers with Radar,0,7,57,0,64,0,10,291,3,304,0,17,348,3,368,380,0,380,748
10/11/2018,TMB,FL,ASO,ES,Towers with Radar,0,5,47,0,52,0,0,221,1,222,0,5,268,1,274,364,0,364,638
10/12/2018,TMB,FL,ASO,ES,Towers with Radar,0,7,52,0,59,0,0,265,0,265,0,7,317,0,324,272,0,272,596
10/13/2018,TMB,FL,ASO,ES,Towers with Radar,0,4,68,0,72,0,10,411,0,421,0,14,479,0,493,203,0,203,696
10/14/2018,TMB,FL,ASO,ES,Towers with Radar,0,4,60,0,64,0,0,262,0,262,0,4,322,0,326,185,0,185,511
10/15/2018,TMB,FL,ASO,ES,Towers with Radar,0,6,72,0,78,0,0,264,0,264,0,6,336,0,342,265,0,265,607
10/16/2018,TMB,FL,ASO,ES,Towers with Radar,0,2,93,0,95,0,0,253,15,268,0,2,346,15,363,330,0,330,693
10/17/2018,TMB,FL,ASO,ES,Towers with Radar,0,8,91,1,100,0,0,260,1,261,0,8,351,2,361,408,0,408,769
10/18/2018,TMB,FL,ASO,ES,Towers with Radar,0,2,73,0,75,0,0,288,1,289,0,2,361,1,364,402,0,402,766
10/19/2018,TMB,FL,ASO,ES,Towers with Radar,0,4,89,1,94,0,0,350,0,350,0,4,439,1,444,320,0,320,764
10/20/2018,TMB,FL,ASO,ES,Towers with Radar,0,4,85,0,89,0,0,357,2,359,0,4,442,2,448,228,0,228,676
10/21/2018,TMB,FL,ASO,ES,Towers with Radar,0,4,63,0,67,0,0,308,0,308,0,4,371,0,375,231,0,231,606
10/22/2018,TMB,FL,ASO,ES,Towers with Radar,2,8,87,0,97,0,2,293,0,295,2,10,380,0,392,275,0,275,667
10/23/2018,TMB,FL,ASO,ES,Towers with Radar,0,2,84,1,87,0,1,263,0,264,0,3,347,1,351,487,0,487,838
10/24/2018,TMB,FL,ASO,ES,Towers with Radar,2,10,102,0,114,0,0,340,0,340,2,10,442,0,454,484,0,484,938
10/25/2018,TMB,FL,ASO,ES,Towers with Radar,0,11,85,0,96,0,0,314,0,314,0,11,399,0,410,496,0,496,906
10/26/2018,TMB,FL,ASO,ES,Towers with Radar,0,5,58,0,63,0,0,308,0,308,0,5,366,0,371,281,0,281,652
10/27/2018,TMB,FL,ASO,ES,Towers with Radar,0,8,52,0,60,0,1,271,0,272,0,9,323,0,332,210,0,210,542
10/28/2018,TMB,FL,ASO,ES,Towers with Radar,0,13,69,0,82,0,0,236,0,236,0,13,305,0,318,70,0,70,388
10/29/2018,TMB,FL,ASO,ES,Towers with Radar,0,5,83,0,88,0,0,307,1,308,0,5,390,1,396,318,0,318,714
10/30/2018,TMB,FL,ASO,ES,Towers with Radar,0,9,89,0,98,0,0,314,0,314,0,9,403,0,412,407,0,407,819
10/31/2018,TMB,FL,ASO,ES,Towers with Radar,0,5,65,0,70,0,2,266,0,268,0,7,331,0,338,359,0,359,697
11/01/2018,TMB,FL,ASO,ES,Towers with Radar,0,8,67,0,75,0,0,221,0,221,0,8,288,0,296,229,0,229,525
11/02/2018,TMB,FL,ASO,ES,Towers with Radar,0,4,54,2,60,0,0,229,0,229,0,4,283,2,289,184,0,184,473
11/03/2018,TMB,FL,ASO,ES,Towers with Radar,0,6,83,0,89,0,0,218,0,218,0,6,301,0,307,243,0,243,550
11/04/2018,TMB,FL,ASO,ES,Towers with Radar,0,6,60,0,66,0,0,166,0,166,0,6,226,0,232,113,0,113,345
11/05/2018,TMB,FL,ASO,ES,Towers with Radar,0,10,89,0,99,0,1,275,0,276,0,11,364,0,375,288,0,288,663
11/06/2018,TMB,FL,ASO,ES,Towers with Radar,0,7,88,0,95,0,0,320,3,323,0,7,408,3,418,427,0,427,845
11/07/2018,TMB,FL,ASO,ES,Towers with Radar,4,10,78,0,92,0,0,279,5,284,4,10,357,5,376,354,0,354,730
11/08/2018,TMB,FL,ASO,ES,Towers with Radar,1,12,77,0,90,0,3,270,6,279,1,15,347,6,369,389,0,389,758
11/09/2018,TMB,FL,ASO,ES,Towers with Radar,0,14,77,0,91,0,0,340,0,340,0,14,417,0,431,409,0,409,840
11/10/2018,TMB,FL,ASO,ES,Towers with Radar,0,4,82,0,86,0,3,310,0,313,0,7,392,0,399,157,0,157,556
11/11/2018,TMB,FL,ASO,ES,Towers with Radar,0,8,73,0,81,0,4,204,0,208,0,12,277,0,289,144,0,144,433
11/12/2018,TMB,FL,ASO,ES,Towers with Radar,8,17,62,0,87,2,0,223,1,226,10,17,285,1,313,97,0,97,410
11/13/2018,TMB,FL,ASO,ES,Towers with Radar,0,11,80,0,91,0,0,255,0,255,0,11,335,0,346,315,0,315,661
11/14/2018,TMB,FL,ASO,ES,Towers with Radar,0,12,103,2,117,0,2,273,1,276,0,14,376,3,393,366,0,366,759
11/15/2018,TMB,FL,ASO,ES,Towers with Radar,0,14,58,0,72,0,1,225,1,227,0,15,283,1,299,398,0,398,697
11/16/2018,TMB,FL,ASO,ES,Towers with Radar,2,20,88,0,110,0,0,311,0,311,2,20,399,0,421,253,0,253,674
11/17/2018,TMB,FL,ASO,ES,Towers with Radar,0,14,100,0,114,0,0,323,0,323,0,14,423,0,437,242,0,242,679
11/18/2018,TMB,FL,ASO,ES,Towers with Radar,0,15,113,0,128,0,6,295,0,301,0,21,408,0,429,256,0,256,685
11/19/2018,TMB,FL,ASO,ES,Towers with Radar,0,14,103,0,117,0,4,295,0,299,0,18,398,0,416,331,0,331,747
11/20/2018,TMB,FL,ASO,ES,Towers with Radar,0,16,78,0,94,0,0,277,3,280,0,16,355,3,374,409,0,409,783
11/21/2018,TMB,FL,ASO,ES,Towers with Radar,2,16,90,0,108,0,2,271,0,273,2,18,361,0,381,170,0,170,551
11/22/2018,TMB,FL,ASO,ES,Towers with Radar,0,1,59,0,60,0,0,205,1,206,0,1,264,1,266,155,0,155,421
11/23/2018,TMB,FL,ASO,ES,Towers with Radar,0,12,65,0,77,0,1,289,0,290,0,13,354,0,367,182,0,182,549
11/24/2018,TMB,FL,ASO,ES,Towers with Radar,0,12,96,0,108,0,0,378,0,378,0,12,474,0,486,196,0,196,682
11/25/2018,TMB,FL,ASO,ES,Towers with Radar,1,17,96,0,114,0,0,243,0,243,1,17,339,0,357,193,0,193,550
11/26/2018,TMB,FL,ASO,ES,Towers with Radar,0,7,48,0,55,0,0,338,0,338,0,7,386,0,393,161,0,161,554
11/27/2018,TMB,FL,ASO,ES,Towers with Radar,0,10,56,0,66,0,1,148,0,149,0,11,204,0,215,156,0,156,371
11/28/2018,TMB,FL,ASO,ES,Towers with Radar,0,18,41,0,59,0,4,266,1,271,0,22,307,1,330,125,0,125,455
11/29/2018,TMB,FL,ASO,ES,Towers with Radar,0,11,74,2,87,0,5,263,0,268,0,16,337,2,355,166,0,166,521
11/30/2018,TMB,FL,ASO,ES,Towers with Radar,0,6,65,0,71,0,0,359,0,359,0,6,424,0,430,92,0,92,522
12/01/2018,TMB,FL,ASO,ES,Towers with Radar,0,10,59,0,69,0,5,323,0,328,0,15,382,0,397,41,0,41,438
12/02/2018,TMB,FL,ASO,ES,Towers with Radar,0,20,42,0,62,0,0,232,0,232,0,20,274,0,294,60,0,60,354
12/03/2018,TMB,FL,ASO,ES,Towers with Radar,0,6,41,0,47,0,0,304,0,304,0,6,345,0,351,173,0,173,524
12/04/2018,TMB,FL,ASO,ES,Towers with Radar,0,6,52,0,58,0,0,223,0,223,0,6,275,0,281,183,0,183,464
12/05/2018,TMB,FL,ASO,ES,Towers with Radar,0,8,53,0,61,0,2,274,6,282,0,10,327,6,343,120,0,120,463
12/06/2018,TMB,FL,ASO,ES,Towers with Radar,0,9,55,0,64,0,1,357,2,360,0,10,412,2,424,234,0,234,658
12/07/2018,TMB,FL,ASO,ES,Towers with Radar,0,15,69,0,84,0,0,300,0,300,0,15,369,0,384,71,0,71,455
12/08/2018,TMB,FL,ASO,ES,Towers with Radar,0,4,60,0,64,0,0,245,0,245,0,4,305,0,309,95,0,95,404
12/09/2018,TMB,FL,ASO,ES,Towers with Radar,0,8,44,0,52,0,1,126,0,127,0,9,170,0,179,80,0,80,259
12/10/2018,TMB,FL,ASO,ES,Towers with Radar,0,9,58,0,67,0,2,244,1,247,0,11,302,1,314,213,0,213,527
12/11/2018,TMB,FL,ASO,ES,Towers with Radar,0,8,65,0,73,0,0,300,0,300,0,8,365,0,373,172,0,172,545
12/12/2018,TMB,FL,ASO,ES,Towers with Radar,0,8,66,2,76,0,6,263,1,270,0,14,329,3,346,135,0,135,481
12/13/2018,TMB,FL,ASO,ES,Towers with Radar,2,11,62,0,75,0,2,244,3,249,2,13,306,3,324,192,0,192,516
12/14/2018,TMB,FL,ASO,ES,Towers with Radar,0,8,73,0,81,0,0,222,0,222,0,8,295,0,303,106,0,106,409
12/15/2018,TMB,FL,ASO,ES,Towers with Radar,0,1,48,0,49,0,0,138,0,138,0,1,186,0,187,100,0,100,287
12/16/2018,TMB,FL,ASO,ES,Towers with Radar,0,6,57,0,63,0,2,239,0,241,0,8,296,0,304,112,0,112,416
12/17/2018,TMB,FL,ASO,ES,Towers with Radar,0,1,62,0,63,0,0,256,4,260,0,1,318,4,323,182,0,182,505
12/18/2018,TMB,FL,ASO,ES,Towers with Radar,0,2,91,0,93,0,1,348,2,351,0,3,439,2,444,228,0,228,672
12/19/2018,TMB,FL,ASO,ES,Towers with Radar,0,8,76,0,84,0,4,311,4,319,0,12,387,4,403,180,0,180,583
12/20/2018,TMB,FL,ASO,ES,Towers with Radar,0,13,16,0,29,0,0,75,0,75,0,13,91,0,104,41,0,41,145
12/21/2018,TMB,FL,ASO,ES,Towers with Radar,0,16,31,0,47,0,0,82,0,82,0,16,113,0,129,26,0,26,155
12/22/2018,TMB,FL,ASO,ES,Towers with Radar,0,26,64,0,90,0,2,266,0,268,0,28,330,0,358,178,0,178,536
12/23/2018,TMB,FL,ASO,ES,Towers with Radar,0,3,66,0,69,0,1,211,1,213,0,4,277,1,282,226,0,226,508
12/24/2018,TMB,FL,ASO,ES,Towers with Radar,0,1,33,0,34,0,0,143,0,143,0,1,176,0,177,124,0,124,301
12/25/2018,TMB,FL,ASO,ES,Towers with Radar,0,14,25,0,39,0,0,57,0,57,0,14,82,0,96,50,0,50,146
12/26/2018,TMB,FL,ASO,ES,Towers with Radar,0,35,83,0,118,0,0,170,0,170,0,35,253,0,288,148,0,148,436
12/27/2018,TMB,FL,ASO,ES,Towers with Radar,2,26,67,2,97,0,1,127,0,128,2,27,194,2,225,102,0,102,327
12/28/2018,TMB,FL,ASO,ES,Towers with Radar,0,16,80,0,96,0,1,140,0,141,0,17,220,0,237,40,0,40,277
12/29/2018,TMB,FL,ASO,ES,Towers with Radar,0,8,66,0,74,0,1,274,0,275,0,9,340,0,349,132,0,132,481
12/30/2018,TMB,FL,ASO,ES,Towers with Radar,0,7,80,0,87,0,4,200,0,204,0,11,280,0,291,104,0,104,395
12/31/2018,TMB,FL,ASO,ES,Towers with Radar,1,9,31,0,41,0,0,147,0,147,1,9,178,0,188,160,0,160,348
01/01/2019,TMB,FL,ASO,ES,Towers with Radar,0,9,53,0,62,0,0,78,0,78,0,9,131,0,140,111,0,111,251
01/02/2019,TMB,FL,ASO,ES,Towers with Radar,0,25,101,2,128,0,0,240,0,240,0,25,341,2,368,231,0,231,599
01/03/2019,TMB,FL,ASO,ES,Towers with Radar,0,20,77,0,97,0,0,206,1,207,0,20,283,1,304,260,0,260,564
01/04/2019,TMB,FL,ASO,ES,Towers with Radar,4,17,55,0,76,0,0,259,0,259,4,17,314,0,335,207,0,207,542
01/05/2019,TMB,FL,ASO,ES,Towers with Radar,0,10,48,0,58,0,0,282,0,282,0,10,330,0,340,288,0,288,628
01/06/2019,TMB,FL,ASO,ES,Towers with Radar,0,14,87,0,101,0,0,259,0,259,0,14,346,0,360,186,0,186,546
01/07/2019,TMB,FL,ASO,ES,Towers with Radar,0,5,68,0,73,0,0,244,3,247,0,5,312,3,320,124,0,124,444
01/08/2019,TMB,FL,ASO,ES,Towers with Radar,0,3,73,0,76,0,4,312,0,316,0,7,385,0,392,94,0,94,486
01/09/2019,TMB,FL,ASO,ES,Towers with Radar,0,15,62,0,77,0,0,267,2,269,0,15,329,2,346,181,0,181,527
01/10/2019,TMB,FL,ASO,ES,Towers with Radar,0,10,43,0,53,0,0,325,3,328,0,10,368,3,381,153,0,153,534
01/11/2019,TMB,FL,ASO,ES,Towers with Radar,0,8,86,1,95,0,0,319,0,319,0,8,405,1,414,135,0,135,549
01/12/2019,TMB,FL,ASO,ES,Towers with Radar,0,7,82,0,89,0,1,328,0,329,0,8,410,0,418,41,0,41,459
01/13/2019,TMB,FL,ASO,ES,Towers with Radar,0,7,56,0,63,0,3,288,0,291,0,10,344,0,354,74,0,74,428
01/14/2019,TMB,FL,ASO,ES,Towers with Radar,0,6,62,0,68,0,2,282,1,285,0,8,344,1,353,81,0,81,434
01/15/2019,TMB,FL,ASO,ES,Towers with Radar,0,9,69,0,78,0,2,309,2,313,0,11,378,2,391,78,0,78,469
01/16/2019,TMB,FL,ASO,ES,Towers with Radar,0,6,57,0,63,0,2,325,0,327,0,8,382,0,390,176,0,176,566
01/17/2019,TMB,FL,ASO,ES,Towers with Radar,0,3,119,0,122,0,2,339,4,345,0,5,458,4,467,228,0,228,695
01/18/2019,TMB,FL,ASO,ES,Towers with Radar,0,12,104,0,116,0,0,351,0,351,0,12,455,0,467,114,0,114,581
01/19/2019,TMB,FL,ASO,ES,Towers with Radar,0,6,63,0,69,0,0,313,0,313,0,6,376,0,382,45,0,45,427
01/20/2019,TMB,FL,ASO,ES,Towers with Radar,0,11,31,0,42,0,0,42,0,42,0,11,73,0,84,6,0,6,90
01/21/2019,TMB,FL,ASO,ES,Towers with Radar,0,21,75,0,96,0,2,316,1,319,0,23,391,1,415,101,0,101,516
01/22/2019,TMB,FL,ASO,ES,Towers with Radar,0,4,58,0,62,0,3,179,0,182,0,7,237,0,244,126,0,126,370
01/23/2019,TMB,FL,ASO,ES,Towers with Radar,0,10,70,0,80,0,0,157,0,157,0,10,227,0,237,79,0,79,316
01/24/2019,TMB,FL,ASO,ES,Towers with Radar,0,9,24,0,33,0,0,69,0,69,0,9,93,0,102,80,0,80,182
01/25/2019,TMB,FL,ASO,ES,Towers with Radar,0,3,72,0,75,0,0,281,0,281,0,3,353,0,356,284,0,284,640
01/26/2019,TMB,FL,ASO,ES,Towers with Radar,0,5,45,0,50,0,0,16,0,16,0,5,61,0,66,8,0,8,74
01/27/2019,TMB,FL,ASO,ES,Towers with Radar,0,18,43,0,61,0,0,43,0,43,0,18,86,0,104,91,0,91,195
01/28/2019,TMB,FL,ASO,ES,Towers with Radar,6,13,44,2,65,5,1,216,0,222,11,14,260,2,287,81,0,81,368
01/29/2019,TMB,FL,ASO,ES,Towers with Radar,4,1,46,0,51,0,0,322,1,323,4,1,368,1,374,408,0,408,782
01/30/2019,TMB,FL,ASO,ES,Towers with Radar,0,13,86,0,99,0,0,248,1,249,0,13,334,1,348,423,0,423,771
01/31/2019,TMB,FL,ASO,ES,Towers with Radar,0,14,85,0,99,0,0,233,0,233,0,14,318,0,332,465,0,465,797
02/01/2019,TMB,FL,ASO,ES,Towers with Radar,0,8,93,2,103,0,0,341,0,341,0,8,434,2,444,474,0,474,918
02/02/2019,TMB,FL,ASO,ES,Towers with Radar,0,5,72,0,77,0,0,261,0,261,0,5,333,0,338,361,0,361,699
02/03/2019,TMB,FL,ASO,ES,Towers with Radar,1,8,47,0,56,0,0,214,0,214,1,8,261,0,270,259,0,259,529
02/04/2019,TMB,FL,ASO,ES,Towers with Radar,0,10,69,0,79,0,0,198,0,198,0,10,267,0,277,289,0,289,566
02/05/2019,TMB,FL,ASO,ES,Towers with Radar,0,7,79,0,86,0,2,298,1,301,0,9,377,1,387,335,0,335,722
02/06/2019,TMB,FL,ASO,ES,Towers with Radar,0,10,73,0,83,0,3,336,0,339,0,13,409,0,422,379,0,379,801
02/07/2019,TMB,FL,ASO,ES,Towers with Radar,0,16,73,0,89,0,2,241,0,243,0,18,314,0,332,426,0,426,758
02/08/2019,TMB,FL,ASO,ES,Towers with Radar,2,7,69,0,78,0,4,370,2,376,2,11,439,2,454,323,0,323,777
02/09/2019,TMB,FL,ASO,ES,Towers with Radar,0,3,61,0,64,0,2,194,0,196,0,5,255,0,260,138,0,138,398
02/10/2019,TMB,FL,ASO,ES,Towers with Radar,0,12,68,0,80,0,1,146,0,147,0,13,214,0,227,143,0,143,370
02/11/2019,TMB,FL,ASO,ES,Towers with Radar,0,7,60,0,67,0,3,130,0,133,0,10,190,0,200,186,0,186,386
02/12/2019,TMB,FL,ASO,ES,Towers with Radar,0,4,64,0,68,0,1,283,0,284,0,5,347,0,352,350,0,350,702
02/13/2019,TMB,FL,ASO,ES,Towers with Radar,0,24,37,0,61,0,0,7,0,7,0,24,44,0,68,7,0,7,75
02/14/2019,TMB,FL,ASO,ES,Towers with Radar,0,20,95,0,115,0,0,351,3,354,0,20,446,3,469,347,0,347,816
02/15/2019,TMB,FL,ASO,ES,Towers with Radar,0,10,108,0,118,0,4,347,0,351,0,14,455,0,469,432,0,432,901
02/16/2019,TMB,FL,ASO,ES,Towers with Radar,0,9,74,0,83,0,5,311,0,316,0,14,385,0,399,307,0,307,706
02/17/2019,TMB,FL,ASO,ES,Towers with Radar,0,11,57,0,68,0,1,231,0,232,0,12,288,0,300,211,0,211,511
02/18/2019,TMB,FL,ASO,ES,Towers with Radar,0,23,90,0,113,0,6,314,0,320,0,29,404,0,433,226,0,226,659
02/19/2019,TMB,FL,ASO,ES,Towers with Radar,0,12,90,0,102,0,3,312,0,315,0,15,402,0,417,409,0,409,826
02/20/2019,TMB,FL,ASO,ES,Towers with Radar,0,11,59,0,70,0,0,227,0,227,0,11,286,0,297,260,0,260,557
02/21/2019,TMB,FL,ASO,ES,Towers with Radar,0,16,110,0,126,0,0,341,0,341,0,16,451,0,467,384,0,384,851
02/22/2019,TMB,FL,ASO,ES,Towers with Radar,0,6,108,0,114,0,2,368,1,371,0,8,476,1,485,277,0,277,762
02/23/2019,TMB,FL,ASO,ES,Towers with Radar,0,7,65,0,72,0,0,196,0,196,0,7,261,0,268,156,0,156,424
02/24/2019,TMB,FL,ASO,ES,Towers with Radar,0,15,55,0,70,0,2,263,0,265,0,17,318,0,335,154,0,154,489
02/25/2019,TMB,FL,ASO,ES,Towers with Radar,0,7,120,0,127,0,0,273,0,273,0,7,393,0,400,202,0,202,602
02/26/2019,TMB,FL,ASO,ES,Towers with Radar,0,7,63,0,70,0,0,238,0,238,0,7,301,0,308,445,0,445,753
02/27/2019,TMB,FL,ASO,ES,Towers with Radar,0,9,54,0,63,0,3,218,0,221,0,12,272,0,284,409,0,409,693
02/28/2019,TMB,FL,ASO,ES,Towers with Radar,0,6,80,0,86,0,4,329,1,334,0,10,409,1,420,448,0,448,868
03/01/2019,TMB,FL,ASO,ES,Towers with Radar,0,12,89,0,101,0,5,315,0,320,0,17,404,0,421,380,0,380,801
03/02/2019,TMB,FL,ASO,ES,Towers with Radar,0,6,90,0,96,0,2,338,0,340,0,8,428,0,436,252,0,252,688
03/03/2019,TMB,FL,ASO,ES,Towers with Radar,0,10,60,0,70,0,6,250,0,256,0,16,310,0,326,163,0,163,489
03/04/2019,TMB,FL,ASO,ES,Towers with Radar,0,15,48,0,63,0,0,287,2,289,0,15,335,2,352,395,0,395,747
03/05/2019,TMB,FL,ASO,ES,Towers with Radar,0,7,73,4,84,0,1,197,0,198,0,8,270,4,282,280,0,280,562
03/06/2019,TMB,FL,ASO,ES,Towers with Radar,0,5,69,0,74,0,2,281,1,284,0,7,350,1,358,234,0,234,592
03/07/2019,TMB,FL,ASO,ES,Towers with Radar,0,9,81,0,90,0,3,308,0,311,0,12,389,0,401,385,0,385,786
03/08/2019,TMB,FL,ASO,ES,Towers with Radar,0,12,89,0,101,0,0,213,0,213,0,12,302,0,314,280,0,280,594
03/09/2019,TMB,FL,ASO,ES,Towers with Radar,0,14,79,0,93,0,0,305,0,305,0,14,384,0,398,299,0,299,697
03/10/2019,TMB,FL,ASO,ES,Towers with Radar,0,9,86,0,95,0,0,216,3,219,0,9,302,3,314,132,0,132,446
03/11/2019,TMB,FL,ASO,ES,Towers with Radar,0,6,83,0,89,0,0,287,1,288,0,6,370,1,377,318,0,318,695
03/12/2019,TMB,FL,ASO,ES,Towers with Radar,0,10,77,0,87,0,0,280,1,281,0,10,357,1,368,505,0,505,873
03/13/2019,TMB,FL,ASO,ES,Towers with Radar,0,17,72,0,89,0,2,301,1,304,0,19,373,1,393,150,0,150,543
03/14/2019,TMB,FL,ASO,ES,Towers with Radar,0,12,86,0,98,0,3,296,0,299,0,15,382,0,397,173,0,173,570
03/15/2019,TMB,FL,ASO,ES,Towers with Radar,0,16,100,0,116,0,8,283,0,291,0,24,383,0,407,352,0,352,759
03/16/2019,TMB,FL,ASO,ES,Towers with Radar,0,8,83,0,91,0,2,276,0,278,0,10,359,0,369,335,0,335,704
03/17/2019,TMB,FL,ASO,ES,Towers with Radar,0,15,61,0,76,0,0,213,0,213,0,15,274,0,289,273,0,273,562
03/18/2019,TMB,FL,ASO,ES,Towers with Radar,4,15,63,0,82,0,0,186,0,186,4,15,249,0,268,211,0,211,479
03/19/2019,TMB,FL,ASO,ES,Towers with Radar,0,17,48,0,65,0,0,0,0,0,0,17,48,0,65,0,0,0,65
03/20/2019,TMB,FL,ASO,ES,Towers with Radar,0,2,116,0,118,0,0,231,8,239,0,2,347,8,357,223,0,223,580
03/21/2019,TMB,FL,ASO,ES,Towers with Radar,0,9,60,1,70,0,2,392,2,396,0,11,452,3,466,404,0,404,870
03/22/2019,TMB,FL,ASO,ES,Towers with Radar,0,8,66,0,74,0,2,390,0,392,0,10,456,0,466,275,0,275,741
03/23/2019,TMB,FL,ASO,ES,Towers with Radar,0,7,108,0,115,0,0,412,0,412,0,7,520,0,527,316,0,316,843
03/24/2019,TMB,FL,ASO,ES,Towers with Radar,0,14,71,0,85,0,2,228,1,231,0,16,299,1,316,157,0,157,473
03/25/2019,TMB,FL,ASO,ES,Towers with Radar,0,8,65,0,73,0,0,314,0,314,0,8,379,0,387,461,0,461,848
03/26/2019,TMB,FL,ASO,ES,Towers with Radar,0,1,64,0,65,0,0,321,3,324,0,1,385,3,389,472,0,472,861
03/27/2019,TMB,FL,ASO,ES,Towers with Radar,0,7,74,0,81,0,0,267,2,269,0,7,341,2,350,299,0,299,649
03/28/2019,TMB,FL,ASO,ES,Towers with Radar,0,9,67,0,76,0,0,150,0,150,0,9,217,0,226,58,0,58,284
03/29/2019,TMB,FL,ASO,ES,Towers with Radar,0,8,112,0,120,0,2,288,0,290,0,10,400,0,410,387,0,387,797
03/30/2019,TMB,FL,ASO,ES,Towers with Radar,0,8,78,0,86,0,1,330,0,331,0,9,408,0,417,363,0,363,780
03/31/2019,TMB,FL,ASO,ES,Towers with Radar,0,8,80,0,88,0,0,226,0,226,0,8,306,0,314,177,0,177,491
04/01/2019,TMB,FL,ASO,ES,Towers with Radar,0,10,77,1,88,0,0,229,0,229,0,10,306,1,317,520,0,520,837
04/02/2019,TMB,FL,ASO,ES,Towers with Radar,0,11,49,0,60,0,2,288,0,290,0,13,337,0,350,471,0,471,821
04/03/2019,TMB,FL,ASO,ES,Towers with Radar,0,11,88,0,99,0,0,212,0,212,0,11,300,0,311,346,0,346,657
04/04/2019,TMB,FL,ASO,ES,Towers with Radar,0,12,67,0,79,0,0,101,0,101,0,12,168,0,180,108,0,108,288
04/05/2019,TMB,FL,ASO,ES,Towers with Radar,0,11,76,0,87,0,0,337,0,337,0,11,413,0,424,426,0,426,850
04/06/2019,TMB,FL,ASO,ES,Towers with Radar,0,5,54,0,59,0,1,332,0,333,0,6,386,0,392,270,0,270,662
04/07/2019,TMB,FL,ASO,ES,Towers with Radar,0,17,88,0,105,0,1,273,0,274,0,18,361,0,379,155,0,155,534
04/08/2019,TMB,FL,ASO,ES,Towers with Radar,0,15,92,2,109,0,2,311,0,313,0,17,403,2,422,295,0,295,717
04/09/2019,TMB,FL,ASO,ES,Towers with Radar,0,11,41,0,52,0,0,77,0,77,0,11,118,0,129,162,0,162,291
04/10/2019,TMB,FL,ASO,ES,Towers with Radar,0,13,61,0,74,0,6,356,0,362,0,19,417,0,436,339,0,339,775
04/11/2019,TMB,FL,ASO,ES,Towers with Radar,0,4,85,0,89,0,0,324,0,324,0,4,409,0,413,462,0,462,875
04/12/2019,TMB,FL,ASO,ES,Towers with Radar,0,5,69,0,74,0,2,318,0,320,0,7,387,0,394,534,0,534,928
04/13/2019,TMB,FL,ASO,ES,Towers with Radar,0,11,80,0,91,0,1,305,2,308,0,12,385,2,399,235,0,235,634
04/14/2019,TMB,FL,ASO,ES,Towers with Radar,0,4,57,0,61,0,2,168,0,170,0,6,225,0,231,101,0,101,332
04/15/2019,TMB,FL,ASO,ES,Towers with Radar,0,14,61,0,75,0,2,293,0,295,0,16,354,0,370,446,0,446,816
04/16/2019,TMB,FL,ASO,ES,Towers with Radar,0,9,86,0,95,0,4,307,0,311,0,13,393,0,406,514,0,514,920
04/17/2019,TMB,FL,ASO,ES,Towers with Radar,0,12,83,0,95,0,6,323,0,329,0,18,406,0,424,436,0,436,860
04/18/2019,TMB,FL,ASO,ES,Towers with Radar,0,28,93,0,121,0,4,296,0,300,0,32,389,0,421,299,0,299,720
04/19/2019,TMB,FL,ASO,ES,Towers with Radar,0,6,30,0,36,0,2,119,0,121,0,8,149,0,157,26,0,26,183
04/20/2019,TMB,FL,ASO,ES,Towers with Radar,0,14,45,0,59,0,1,351,0,352,0,15,396,0,411,330,0,330,741
04/21/2019,TMB,FL,ASO,ES,Towers with Radar,0,14,60,0,74,0,4,228,0,232,0,18,288,0,306,396,0,396,702
04/22/2019,TMB,FL,ASO,ES,Towers with Radar,0,17,93,0,110,0,0,363,1,364,0,17,456,1,474,390,0,390,864
04/23/2019,TMB,FL,ASO,ES,Towers with Radar,0,8,79,0,87,0,2,353,0,355,0,10,432,0,442,490,0,490,932
04/24/2019,TMB,FL,ASO,ES,Towers with Radar,0,10,82,0,92,0,1,345,0,346,0,11,427,0,438,585,0,585,1023
04/25/2019,TMB,FL,ASO,ES,Towers with Radar,0,3,99,0,102,0,0,297,0,297,0,3,396,0,399,355,0,355,754
04/26/2019,TMB,FL,ASO,ES,Towers with Radar,0,13,51,0,64,0,0,270,0,270,0,13,321,0,334,390,0,390,724
04/27/2019,TMB,FL,ASO,ES,Towers with Radar,0,10,93,0,103,0,4,416,0,420,0,14,509,0,523,307,0,307,830
04/28/2019,TMB,FL,ASO,ES,Towers with Radar,0,11,64,0,75,0,0,250,0,250,0,11,314,0,325,178,0,178,503
04/29/2019,TMB,FL,ASO,ES,Towers with Radar,0,6,66,0,72,0,2,332,4,338,0,8,398,4,410,394,0,394,804
04/30/2019,TMB,FL,ASO,ES,Towers with Radar,0,8,75,0,83,0,4,309,0,313,0,12,384,0,396,310,0,310,706
05/01/2019,TMB,FL,ASO,ES,Towers with Radar,0,14,57,0,71,0,3,164,0,167,0,17,221,0,238,319,0,319,557
05/02/2019,TMB,FL,ASO,ES,Towers with Radar,0,9,55,0,64,0,0,234,0,234,0,9,289,0,298,335,0,335,633
05/03/2019,TMB,FL,ASO,ES,Towers with Radar,0,6,63,0,69,0,0,242,1,243,0,6,305,1,312,257,0,257,569
05/04/2019,TMB,FL,ASO,ES,Towers with Radar,0,7,94,0,101,0,0,349,1,350,0,7,443,1,451,251,0,251,702
05/05/2019,TMB,FL,ASO,ES,Towers with Radar,0,5,59,0,64,0,2,227,0,229,0,7,286,0,293,188,0,188,481
05/06/2019,TMB,FL,ASO,ES,Towers with Radar,0,3,28,0,31,0,0,165,0,165,0,3,193,0,196,278,0,278,474
05/07/2019,TMB,FL,ASO,ES,Towers with Radar,0,3,63,1,67,0,2,236,0,238,0,5,299,1,305,471,0,471,776
05/08/2019,TMB,FL,ASO,ES,Towers with Radar,0,11,77,0,88,0,2,295,0,297,0,13,372,0,385,674,0,674,1059
05/09/2019,TMB,FL,ASO,ES,Towers with Radar,0,5,58,0,63,0,2,296,1,299,0,7,354,1,362,409,0,409,771
05/10/2019,TMB,FL,ASO,ES,Towers with Radar,0,5,82,0,87,0,3,307,0,310,0,8,389,0,397,641,0,641,1038
05/11/2019,TMB,FL,ASO,ES,Towers with Radar,0,3,60,0,63,0,0,303,0,303,0,3,363,0,366,274,0,274,640
05/12/2019,TMB,FL,ASO,ES,Towers with Radar,0,10,35,0,45,0,5,147,0,152,0,15,182,0,197,67,0,67,264
05/13/2019,TMB,FL,ASO,ES,Towers with Radar,0,11,45,0,56,0,3,305,0,308,0,14,350,0,364,377,0,377,741
05/14/2019,TMB,FL,ASO,ES,Towers with Radar,0,14,65,0,79,0,3,287,0,290,0,17,352,0,369,484,0,484,853
05/15/2019,TMB,FL,ASO,ES,Towers with Radar,0,9,66,0,75,0,5,286,1,292,0,14,352,1,367,578,0,578,945
05/16/2019,TMB,FL,ASO,ES,Towers with Radar,0,13,77,0,90,0,1,225,0,226,0,14,302,0,316,269,0,269,585
05/17/2019,TMB,FL,ASO,ES,Towers with Radar,0,9,68,0,77,0,0,346,0,346,0,9,414,0,423,371,0,371,794
05/18/2019,TMB,FL,ASO,ES,Towers with Radar,0,6,78,0,84,0,0,350,0,350,0,6,428,0,434,266,0,266,700
05/19/2019,TMB,FL,ASO,ES,Towers with Radar,0,13,74,0,87,0,2,283,1,286,0,15,357,1,373,223,0,223,596
05/20/2019,TMB,FL,ASO,ES,Towers with Radar,0,8,62,0,70,0,2,379,0,381,0,10,441,0,451,473,0,473,924
05/21/2019,TMB,FL,ASO,ES,Towers with Radar,0,6,63,0,69,0,0,281,0,281,0,6,344,0,350,411,0,411,761
05/22/2019,TMB,FL,ASO,ES,Towers with Radar,0,16,80,0,96,0,0,308,0,308,0,16,388,0,404,365,0,365,769
05/23/2019,TMB,FL,ASO,ES,Towers with Radar,0,9,68,0,77,0,0,325,2,327,0,9,393,2,404,349,0,349,753
05/24/2019,TMB,FL,ASO,ES,Towers with Radar,0,11,113,0,124,0,8,376,1,385,0,19,489,1,509,437,0,437,946
05/25/2019,TMB,FL,ASO,ES,Towers with Radar,0,4,57,0,61,0,7,268,0,275,0,11,325,0,336,385,0,385,721
05/26/2019,TMB,FL,ASO,ES,Towers with Radar,0,6,56,0,62,0,0,221,0,221,0,6,277,0,283,155,0,155,438
05/27/2019,TMB,FL,ASO,ES,Towers with Radar,0,19,97,0,116,0,5,399,0,404,0,24,496,0,520,466,0,466,986
05/28/2019,TMB,FL,ASO,ES,Towers with Radar,0,18,87,0,105,0,10,368,0,378,0,28,455,0,483,539,0,539,1022
05/29/2019,TMB,FL,ASO,ES,Towers with Radar,0,8,76,0,84,0,2,358,2,362,0,10,434,2,446,546,0,546,992
05/30/2019,TMB,FL,ASO,ES,Towers with Radar,0,4,61,0,65,0,0,315,0,315,0,4,376,0,380,464,0,464,844
05/31/2019,TMB,FL,ASO,ES,Towers with Radar,0,10,72,0,82,0,3,387,1,391,0,13,459,1,473,619,0,619,1092
06/01/2019,TMB,FL,ASO,ES,Towers with Radar,0,7,75,0,82,0,1,281,0,282,0,8,356,0,364,335,0,335,699
06/02/2019,TMB,FL,ASO,ES,Towers with Radar,0,4,47,0,51,0,0,209,0,209,0,4,256,0,260,284,0,284,544
06/03/2019,TMB,FL,ASO,ES,Towers with Radar,0,2,60,0,62,0,2,298,0,300,0,4,358,0,362,334,0,334,696
06/04/2019,TMB,FL,ASO,ES,Towers with Radar,0,2,57,0,59,0,2,252,3,257,0,4,309,3,316,401,0,401,717
06/05/2019,TMB,FL,ASO,ES,Towers with Radar,0,8,58,0,66,0,1,289,8,298,0,9,347,8,364,575,0,575,939
06/06/2019,TMB,FL,ASO,ES,Towers with Radar,0,10,91,0,101,0,3,302,1,306,0,13,393,1,407,603,0,603,1010
06/07/2019,TMB,FL,ASO,ES,Towers with Radar,0,7,67,0,74,0,4,286,0,290,0,11,353,0,364,417,0,417,781
06/08/2019,TMB,FL,ASO,ES,Towers with Radar,0,8,44,0,52,0,0,198,0,198,0,8,242,0,250,238,0,238,488
06/09/2019,TMB,FL,ASO,ES,Towers with Radar,0,9,46,2,57,0,3,92,0,95,0,12,138,2,152,149,0,149,301
06/10/2019,TMB,FL,ASO,ES,Towers with Radar,0,6,68,0,74,0,0,195,5,200,0,6,263,5,274,318,0,318,592
06/11/2019,TMB,FL,ASO,ES,Towers with Radar,0,6,63,0,69,0,2,222,0,224,0,8,285,0,293,422,0,422,715
06/12/2019,TMB,FL,ASO,ES,Towers with Radar,0,5,62,0,67,0,2,246,0,248,0,7,308,0,315,364,0,364,679
06/13/2019,TMB,FL,ASO,ES,Towers with Radar,1,5,54,0,60,0,3,190,0,193,1,8,244,0,253,278,0,278,531
06/14/2019,TMB,FL,ASO,ES,Towers with Radar,0,8,77,0,85,0,3,226,0,229,0,11,303,0,314,441,0,441,755
06/15/2019,TMB,FL,ASO,ES,Towers with Radar,0,17,44,0,61,0,1,183,0,184,0,18,227,0,245,211,0,211,456
06/16/2019,TMB,FL,ASO,ES,Towers with Radar,0,10,28,0,38,0,2,40,0,42,0,12,68,0,80,2,0,2,82
06/17/2019,TMB,FL,ASO,ES,Towers with Radar,0,2,49,0,51,0,0,103,0,103,0,2,152,0,154,424,0,424,578
06/18/2019,TMB,FL,ASO,ES,Towers with Radar,0,5,71,4,80,0,0,239,2,241,0,5,310,6,321,375,0,375,696
06/19/2019,TMB,FL,ASO,ES,Towers with Radar,0,20,67,2,89,0,0,195,0,195,0,20,262,2,284,251,0,251,535
06/20/2019,TMB,FL,ASO,ES,Towers with Radar,0,9,109,0,118,0,3,361,1,365,0,12,470,1,483,489,0,489,972
06/21/2019,TMB,FL,ASO,ES,Towers with Radar,0,6,90,0,96,0,4,332,0,336,0,10,422,0,432,466,0,466,898
06/22/2019,TMB,FL,ASO,ES,Towers with Radar,0,8,77,0,85,0,2,365,0,367,0,10,442,0,452,392,0,392,844
06/23/2019,TMB,FL,ASO,ES,Towers with Radar,0,12,76,0,88,0,2,227,0,229,0,14,303,0,317,172,0,172,489
06/24/2019,TMB,FL,ASO,ES,Towers with Radar,0,4,71,0,75,0,2,308,0,310,0,6,379,0,385,469,0,469,854
06/25/2019,TMB,FL,ASO,ES,Towers with Radar,0,6,44,0,50,0,0,240,4,244,0,6,284,4,294,369,0,369,663
06/26/2019,TMB,FL,ASO,ES,Towers with Radar,0,6,75,0,81,0,1,293,1,295,0,7,368,1,376,424,0,424,800
06/27/2019,TMB,FL,ASO,ES,Towers with Radar,0,8,101,0,109,0,5,330,0,335,0,13,431,0,444,482,0,482,926
06/28/2019,TMB,FL,ASO,ES,Towers with Radar,0,11,70,0,81,0,3,236,0,239,0,14,306,0,320,343,0,343,663
06/29/2019,TMB,FL,ASO,ES,Towers with Radar,0,11,63,0,74,0,0,141,0,141,0,11,204,0,215,238,0,238,453
06/30/2019,TMB,FL,ASO,ES,Towers with Radar,0,9,54,0,63,0,0,146,0,146,0,9,200,0,209,196,0,196,405
07/01/2019,TMB,FL,ASO,ES,Towers with Radar,0,5,52,0,57,0,0,285,0,285,0,5,337,0,342,474,0,474,816
07/02/2019,TMB,FL,ASO,ES,Towers with Radar,0,8,59,0,67,0,5,259,1,265,0,13,318,1,332,533,0,533,865
07/03/2019,TMB,FL,ASO,ES,Towers with Radar,0,8,62,0,70,0,4,273,0,277,0,12,335,0,347,486,0,486,833
07/04/2019,TMB,FL,ASO,ES,Towers with Radar,0,1,59,0,60,0,0,273,0,273,0,1,332,0,333,367,0,367,700
07/05/2019,TMB,FL,ASO,ES,Towers with Radar,1,5,65,0,71,0,0,268,0,268,1,5,333,0,339,509,0,509,848
07/06/2019,TMB,FL,ASO,ES,Towers with Radar,0,2,53,0,55,0,0,170,0,170,0,2,223,0,225,151,0,151,376
07/07/2019,TMB,FL,ASO,ES,Towers with Radar,0,21,70,0,91,0,1,227,0,228,0,22,297,0,319,311,0,311,630
07/08/2019,TMB,FL,ASO,ES,Towers with Radar,0,6,38,0,44,0,0,147,0,147,0,6,185,0,191,244,0,244,435
07/09/2019,TMB,FL,ASO,ES,Towers with Radar,0,4,50,0,54,0,0,247,1,248,0,4,297,1,302,480,0,480,782
07/10/2019,TMB,FL,ASO,ES,Towers with Radar,0,6,71,0,77,0,7,327,0,334,0,13,398,0,411,531,0,531,942
07/11/2019,TMB,FL,ASO,ES,Towers with Radar,0,3,64,0,67,0,0,291,0,291,0,3,355,0,358,508,0,508,866
07/12/2019,TMB,FL,ASO,ES,Towers with Radar,0,4,61,0,65,1,0,258,0,259,1,4,319,0,324,367,0,367,691
07/13/2019,TMB,FL,ASO,ES,Towers with Radar,0,9,60,0,69,0,0,395,0,395,0,9,455,0,464,394,0,394,858
07/14/2019,TMB,FL,ASO,ES,Towers with Radar,0,4,46,0,50,0,0,328,0,328,0,4,374,0,378,412,0,412,790
07/15/2019,TMB,FL,ASO,ES,Towers with Radar,0,8,69,2,79,0,0,294,0,294,0,8,363,2,373,390,0,390,763
07/16/2019,TMB,FL,ASO,ES,Towers with Radar,0,3,79,1,83,0,1,334,0,335,0,4,413,1,418,460,0,460,878
07/17/2019,TMB,FL,ASO,ES,Towers with Radar,0,11,71,0,82,0,3,374,0,377,0,14,445,0,459,511,0,511,970
07/18/2019,TMB,FL,ASO,ES,Towers with Radar,0,4,51,2,57,0,2,260,1,263,0,6,311,3,320,496,0,496,816
07/19/2019,TMB,FL,ASO,ES,Towers with Radar,0,6,68,0,74,0,1,283,0,284,0,7,351,0,358,482,0,482,840
07/20/2019,TMB,FL,ASO,ES,Towers with Radar,0,6,52,0,58,0,1,239,0,240,0,7,291,0,298,419,0,419,717
07/21/2019,TMB,FL,ASO,ES,Towers with Radar,0,4,37,0,41,0,2,258,0,260,0,6,295,0,301,364,0,364,665
07/22/2019,TMB,FL,ASO,ES,Towers with Radar,0,8,58,0,66,0,3,232,1,236,0,11,290,1,302,357,0,357,659
07/23/2019,TMB,FL,ASO,ES,Towers with Radar,0,5,46,0,51,0,1,254,0,255,0,6,300,0,306,270,0,270,576
07/24/2019,TMB,FL,ASO,ES,Towers with Radar,0,8,40,0,48,0,1,301,4,306,0,9,341,4,354,483,0,483,837
07/25/2019,TMB,FL,ASO,ES,Towers with Radar,0,2,43,0,45,0,0,180,0,180,0,2,223,0,225,224,0,224,449
07/26/2019,TMB,FL,ASO,ES,Towers with Radar,0,6,72,0,78,0,1,313,0,314,0,7,385,0,392,499,0,499,891
07/27/2019,TMB,FL,ASO,ES,Towers with Radar,0,12,81,0,93,0,6,308,0,314,0,18,389,0,407,268,0,268,675
07/28/2019,TMB,FL,ASO,ES,Towers with Radar,0,10,45,0,55,0,2,257,0,259,0,12,302,0,314,223,0,223,537
07/29/2019,TMB,FL,ASO,ES,Towers with Radar,0,6,65,0,71,0,3,321,0,324,0,9,386,0,395,554,0,554,949
07/30/2019,TMB,FL,ASO,ES,Towers with Radar,0,3,86,0,89,0,2,348,2,352,0,5,434,2,441,472,0,472,913
07/31/2019,TMB,FL,ASO,ES,Towers with Radar,0,4,69,0,73,0,2,263,0,265,0,6,332,0,338,452,0,452,790
08/01/2019,TMB,FL,ASO,ES,Towers with Radar,0,7,77,0,84,0,2,109,0,111,0,9,186,0,195,239,0,239,434
08/02/2019,TMB,FL,ASO,ES,Towers with Radar,0,6,53,0,59,0,2,210,0,212,0,8,263,0,271,433,0,433,704
08/03/2019,TMB,FL,ASO,ES,Towers with Radar,0,4,40,0,44,0,0,182,0,182,0,4,222,0,226,165,0,165,391
08/04/2019,TMB,FL,ASO,ES,Towers with Radar,0,5,40,0,45,0,1,191,0,192,0,6,231,0,237,215,0,215,452
08/05/2019,TMB,FL,ASO,ES,Towers with Radar,0,5,60,0,65,0,0,279,0,279,0,5,339,0,344,364,0,364,708
08/06/2019,TMB,FL,ASO,ES,Towers with Radar,0,2,46,0,48,0,0,210,0,210,0,2,256,0,258,508,0,508,766
08/07/2019,TMB,FL,ASO,ES,Towers with Radar,0,8,86,0,94,0,1,288,0,289,0,9,374,0,383,441,0,441,824
08/08/2019,TMB,FL,ASO,ES,Towers with Radar,0,10,94,0,104,0,2,311,0,313,0,12,405,0,417,371,0,371,788
08/09/2019,TMB,FL,ASO,ES,Towers with Radar,0,3,58,0,61,0,2,338,0,340,0,5,396,0,401,476,1,477,878
08/10/2019,TMB,FL,ASO,ES,Towers with Radar,0,5,51,0,56,0,2,347,0,349,0,7,398,0,405,456,0,456,861
08/11/2019,TMB,FL,ASO,ES,Towers with Radar,0,9,55,0,64,0,1,176,0,177,0,10,231,0,241,220,0,220,461
08/12/2019,TMB,FL,ASO,ES,Towers with Radar,0,3,30,0,33,0,0,263,0,263,0,3,293,0,296,427,0,427,723
08/13/2019,TMB,FL,ASO,ES,Towers with Radar,0,6,31,0,37,0,2,174,2,178,0,8,205,2,215,402,0,402,617
08/14/2019,TMB,FL,ASO,ES,Towers with Radar,0,9,76,0,85,0,4,283,0,287,0,13,359,0,372,524,0,524,896
08/15/2019,TMB,FL,ASO,ES,Towers with Radar,0,10,71,0,81,0,3,225,0,228,0,13,296,0,309,307,0,307,616
08/16/2019,TMB,FL,ASO,ES,Towers with Radar,0,7,49,0,56,0,2,300,0,302,0,9,349,0,358,324,0,324,682
08/17/2019,TMB,FL,ASO,ES,Towers with Radar,0,7,59,1,67,0,6,375,0,381,0,13,434,1,448,447,0,447,895
08/18/2019,TMB,FL,ASO,ES,Towers with Radar,0,10,67,0,77,0,15,289,0,304,0,25,356,0,381,363,0,363,744
08/19/2019,TMB,FL,ASO,ES,Towers with Radar,0,4,72,1,77,0,0,287,0,287,0,4,359,1,364,456,0,456,820
08/20/2019,TMB,FL,ASO,ES,Towers with Radar,0,8,76,0,84,0,3,284,0,287,0,11,360,0,371,500,0,500,871
08/21/2019,TMB,FL,ASO,ES,Towers with Radar,0,5,67,0,72,0,6,290,1,297,0,11,357,1,369,402,0,402,771
08/22/2019,TMB,FL,ASO,ES,Towers with Radar,0,5,72,0,77,0,2,219,0,221,0,7,291,0,298,420,0,420,718
08/23/2019,TMB,FL,ASO,ES,Towers with Radar,0,11,41,0,52,0,3,252,0,255,0,14,293,0,307,540,0,540,847
08/24/2019,TMB,FL,ASO,ES,Towers with Radar,0,2,55,0,57,0,3,220,0,223,0,5,275,0,280,342,0,342,622
08/25/2019,TMB,FL,ASO,ES,Towers with Radar,0,7,35,0,42,0,0,210,0,210,0,7,245,0,252,244,0,244,496
08/26/2019,TMB,FL,ASO,ES,Towers with Radar,0,2,37,0,39,0,1,256,0,257,0,3,293,0,296,569,0,569,865
08/27/2019,TMB,FL,ASO,ES,Towers with Radar,0,9,39,0,48,0,0,267,0,267,0,9,306,0,315,606,0,606,921
08/28/2019,TMB,FL,ASO,ES,Towers with Radar,0,9,58,0,67,0,2,286,2,290,0,11,344,2,357,562,0,562,919
08/29/2019,TMB,FL,ASO,ES,Towers with Radar,0,8,72,0,80,0,0,256,0,256,0,8,328,0,336,394,0,394,730
08/30/2019,TMB,FL,ASO,ES,Towers with Radar,0,10,66,0,76,0,0,97,0,97,0,10,163,0,173,106,0,106,279
08/31/2019,TMB,FL,ASO,ES,Towers with Radar,0,13,29,0,42,0,0,70,0,70,0,13,99,0,112,37,0,37,149
09/01/2019,TMB,FL,ASO,ES,Towers with Radar,0,5,11,0,16,0,0,43,0,43,0,5,54,0,59,7,0,7,66
09/02/2019,TMB,FL,ASO,ES,Towers with Radar,0,2,6,0,8,0,0,15,0,15,0,2,21,0,23,0,0,0,23
09/03/2019,TMB,FL,ASO,ES,Towers with Radar,0,4,23,0,27,0,0,12,0,12,0,4,35,0,39,0,0,0,39
09/04/2019,TMB,FL,ASO,ES,Towers with Radar,0,9,44,0,53,0,0,183,0,183,0,9,227,0,236,191,0,191,427
09/05/2019,TMB,FL,ASO,ES,Towers with Radar,0,3,56,0,59,0,0,280,0,280,0,3,336,0,339,299,0,299,638
09/06/2019,TMB,FL,ASO,ES,Towers with Radar,0,3,65,2,70,0,1,338,0,339,0,4,403,2,409,321,0,321,730
09/07/2019,TMB,FL,ASO,ES,Towers with Radar,0,4,55,0,59,0,3,292,1,296,0,7,347,1,355,210,0,210,565
09/08/2019,TMB,FL,ASO,ES,Towers with Radar,0,11,63,0,74,0,2,316,0,318,0,13,379,0,392,201,0,201,593
09/09/2019,TMB,FL,ASO,ES,Towers with Radar,0,3,89,0,92,0,1,324,0,325,0,4,413,0,417,434,0,434,851
09/10/2019,TMB,FL,ASO,ES,Towers with Radar,0,4,77,0,81,0,4,359,0,363,0,8,436,0,444,328,0,328,772
09/11/2019,TMB,FL,ASO,ES,Towers with Radar,1,8,58,0,67,0,7,288,0,295,1,15,346,0,362,327,0,327,689
09/12/2019,TMB,FL,ASO,ES,Towers with Radar,0,6,59,0,65,0,2,193,1,196,0,8,252,1,261,242,0,242,503
09/13/2019,TMB,FL,ASO,ES,Towers with Radar,0,1,70,0,71,0,0,219,0,219,0,1,289,0,290,308,0,308,598
09/14/2019,TMB,FL,ASO,ES,Towers with Radar,0,0,49,0,49,0,1,175,0,176,0,1,224,0,225,218,0,218,443
09/15/2019,TMB,FL,ASO,ES,Towers with Radar,0,5,44,0,49,0,0,212,0,212,0,5,256,0,261,272,0,272,533
09/16/2019,TMB,FL,ASO,ES,Towers with Radar,0,4,64,0,68,0,0,303,0,303,0,4,367,0,371,432,0,432,803
09/17/2019,TMB,FL,ASO,ES,Towers with Radar,0,2,75,0,77,0,4,336,0,340,0,6,411,0,417,372,0,372,789
09/18/2019,TMB,FL,ASO,ES,Towers with Radar,0,8,84,0,92,0,3,315,0,318,0,11,399,0,410,414,0,414,824
09/19/2019,TMB,FL,ASO,ES,Towers with Radar,0,9,81,0,90,0,0,284,0,284,0,9,365,0,374,291,0,291,665
09/20/2019,TMB,FL,ASO,ES,Towers with Radar,0,4,31,0,35,0,0,109,0,109,0,4,140,0,144,96,0,96,240
09/21/2019,TMB,FL,ASO,ES,Towers with Radar,0,4,23,0,27,0,2,74,0,76,0,6,97,0,103,28,0,28,131
09/22/2019,TMB,FL,ASO,ES,Towers with Radar,0,4,42,0,46,0,0,160,0,160,0,4,202,0,206,90,0,90,296
09/23/2019,TMB,FL,ASO,ES,Towers with Radar,0,6,61,0,67,0,6,358,2,366,0,12,419,2,433,463,0,463,896
09/24/2019,TMB,FL,ASO,ES,Towers with Radar,0,1,85,0,86,0,6,354,1,361,0,7,439,1,447,605,0,605,1052
09/25/2019,TMB,FL,ASO,ES,Towers with Radar,0,5,94,0,99,0,4,405,0,409,0,9,499,0,508,491,0,491,999
09/26/2019,TMB,FL,ASO,ES,Towers with Radar,0,9,72,0,81,0,6,348,0,354,0,15,420,0,435,340,0,340,775
09/27/2019,TMB,FL,ASO,ES,Towers with Radar,0,10,78,0,88,0,2,363,1,366,0,12,441,1,454,466,0,466,920
09/28/2019,TMB,FL,ASO,ES,Towers with Radar,0,0,69,0,69,0,0,325,0,325,0,0,394,0,394,312,0,312,706
09/29/2019,TMB,FL,ASO,ES,Towers with Radar,0,5,39,0,44,0,0,200,0,200,0,5,239,0,244,132,0,132,376
09/30/2019,TMB,FL,ASO,ES,Towers with Radar,0,5,55,0,60,0,0,202,0,202,0,5,257,0,262,286,0,286,548
10/01/2019,TMB,FL,ASO,ES,Towers with Radar,0,3,72,0,75,0,0,193,1,194,0,3,265,1,269,171,0,171,440
10/02/2019,TMB,FL,ASO,ES,Towers with Radar,0,1,59,0,60,0,0,213,0,213,0,1,272,0,273,271,0,271,544
10/03/2019,TMB,FL,ASO,ES,Towers with Radar,0,2,83,0,85,0,7,284,0,291,0,9,367,0,376,447,0,447,823
10/04/2019,TMB,FL,ASO,ES,Towers with Radar,0,4,83,0,87,0,5,453,0,458,0,9,536,0,545,274,0,274,819
10/05/2019,TMB,FL,ASO,ES,Towers with Radar,0,2,75,0,77,0,4,314,0,318,0,6,389,0,395,269,0,269,664
10/06/2019,TMB,FL,ASO,ES,Towers with Radar,0,7,48,0,55,0,0,209,0,209,0,7,257,0,264,210,0,210,474
10/07/2019,TMB,FL,ASO,ES,Towers with Radar,0,5,33,0,38,0,0,115,1,116,0,5,148,1,154,202,0,202,356
10/08/2019,TMB,FL,ASO,ES,Towers with Radar,0,2,23,0,25,0,0,71,0,71,0,2,94,0,96,93,0,93,189
10/09/2019,TMB,FL,ASO,ES,Towers with Radar,0,1,42,0,43,0,0,222,0,222,0,1,264,0,265,377,0,377,642
10/10/2019,TMB,FL,ASO,ES,Towers with Radar,0,7,59,0,66,0,0,188,0,188,0,7,247,0,254,233,0,233,487
10/11/2019,TMB,FL,ASO,ES,Towers with Radar,0,7,74,0,81,0,2,269,0,271,0,9,343,0,352,319,0,319,671
10/12/2019,TMB,FL,ASO,ES,Towers with Radar,0,6,64,0,70,0,2,325,0,327,0,8,389,0,397,447,0,447,844
10/13/2019,TMB,FL,ASO,ES,Towers with Radar,0,12,66,0,78,0,1,282,0,283,0,13,348,0,361,295,0,295,656
10/14/2019,TMB,FL,ASO,ES,Towers with Radar,0,3,92,0,95,0,2,326,1,329,0,5,418,1,424,370,0,370,794
10/15/2019,TMB,FL,ASO,ES,Towers with Radar,0,7,104,0,111,0,5,359,1,365,0,12,463,1,476,423,0,423,899
10/16/2019,TMB,FL,ASO,ES,Towers with Radar,0,8,86,0,94,0,6,301,0,307,0,14,387,0,401,285,0,285,686
10/17/2019,TMB,FL,ASO,ES,Towers with Radar,0,4,62,0,66,0,0,311,1,312,0,4,373,1,378,416,0,416,794
10/18/2019,TMB,FL,ASO,ES,Towers with Radar,0,5,83,0,88,0,2,347,0,349,0,7,430,0,437,335,0,335,772
10/19/2019,TMB,FL,ASO,ES,Towers with Radar,0,4,57,0,61,0,0,242,0,242,0,4,299,0,303,241,0,241,544
10/20/2019,TMB,FL,ASO,ES,Towers with Radar,0,5,32,2,39,0,1,204,0,205,0,6,236,2,244,168,0,168,412
10/21/2019,TMB,FL,ASO,ES,Towers with Radar,0,8,80,0,88,0,4,321,0,325,0,12,401,0,413,371,0,371,784
10/22/2019,TMB,FL,ASO,ES,Towers with Radar,0,5,101,0,106,0,3,349,1,353,0,8,450,1,459,346,0,346,805
10/23/2019,TMB,FL,ASO,ES,Towers with Radar,0,3,126,0,129,0,2,395,1,398,0,5,521,1,527,483,0,483,1010
10/24/2019,TMB,FL,ASO,ES,Towers with Radar,0,5,83,0,88,0,3,281,0,284,0,8,364,0,372,439,0,439,811
10/25/2019,TMB,FL,ASO,ES,Towers with Radar,0,9,56,0,65,0,2,222,0,224,0,11,278,0,289,162,0,162,451
10/26/2019,TMB,FL,ASO,ES,Towers with Radar,0,7,55,0,62,0,0,195,0,195,0,7,250,0,257,165,0,165,422
10/27/2019,TMB,FL,ASO,ES,Towers with Radar,0,10,62,0,72,0,0,192,0,192,0,10,254,0,264,183,0,183,447
10/28/2019,TMB,FL,ASO,ES,Towers with Radar,0,7,76,0,83,0,1,314,1,316,0,8,390,1,399,309,0,309,708
10/29/2019,TMB,FL,ASO,ES,Towers with Radar,0,8,78,0,86,0,4,310,0,314,0,12,388,0,400,390,0,390,790
10/30/2019,TMB,FL,ASO,ES,Towers with Radar,0,13,92,0,105,0,4,325,0,329,0,17,417,0,434,514,0,514,948
10/31/2019,TMB,FL,ASO,ES,Towers with Radar,0,6,80,0,86,0,4,360,0,364,0,10,440,0,450,494,0,494,944
11/01/2019,TMB,FL,ASO,ES,Towers with Radar,0,8,77,0,85,0,0,247,0,247,0,8,324,0,332,364,0,364,696
11/02/2019,TMB,FL,ASO,ES,Towers with Radar,0,2,74,0,76,0,4,310,0,314,0,6,384,0,390,247,0,247,637
11/03/2019,TMB,FL,ASO,ES,Towers with Radar,0,8,62,0,70,0,1,165,0,166,0,9,227,0,236,245,0,245,481
11/04/2019,TMB,FL,ASO,ES,Towers with Radar,0,13,88,0,101,0,0,265,0,265,0,13,353,0,366,348,0,348,714
11/05/2019,TMB,FL,ASO,ES,Towers with Radar,1,5,78,0,84,0,2,347,1,350,1,7,425,1,434,496,0,496,930
11/06/2019,TMB,FL,ASO,ES,Towers with Radar,0,13,91,0,104,0,2,307,0,309,0,15,398,0,413,332,0,332,745
11/07/2019,TMB,FL,ASO,ES,Towers with Radar,0,11,74,0,85,0,2,331,1,334,0,13,405,1,419,321,0,321,740
11/08/2019,TMB,FL,ASO,ES,Towers with Radar,0,14,79,0,93,0,0,284,0,284,0,14,363,0,377,257,0,257,634
11/09/2019,TMB,FL,ASO,ES,Towers with Radar,0,10,54,0,64,0,0,97,0,97,0,10,151,0,161,75,0,75,236
11/10/2019,TMB,FL,ASO,ES,Towers with Radar,0,9,58,2,69,0,0,242,0,242,0,9,300,2,311,123,0,123,434
11/11/2019,TMB,FL,ASO,ES,Towers with Radar,0,10,83,0,93,0,3,338,0,341,0,13,421,0,434,323,0,323,757
11/12/2019,TMB,FL,ASO,ES,Towers with Radar,0,5,64,0,69,0,5,316,0,321,0,10,380,0,390,335,0,335,725
11/13/2019,TMB,FL,ASO,ES,Towers with Radar,0,11,88,0,99,0,0,268,0,268,0,11,356,0,367,285,0,285,652
11/14/2019,TMB,FL,ASO,ES,Towers with Radar,0,4,82,0,86,0,0,155,0,155,0,4,237,0,241,419,0,419,660
11/15/2019,TMB,FL,ASO,ES,Towers with Radar,0,20,77,0,97,0,0,244,0,244,0,20,321,0,341,312,0,312,653
11/16/2019,TMB,FL,ASO,ES,Towers with Radar,0,9,69,0,78,0,9,410,0,419,0,18,479,0,497,291,0,291,788
11/17/2019,TMB,FL,ASO,ES,Towers with Radar,0,20,94,0,114,0,0,205,1,206,0,20,299,1,320,163,0,163,483
11/18/2019,TMB,FL,ASO,ES,Towers with Radar,0,3,79,0,82,0,2,251,1,254,0,5,330,1,336,301,0,301,637
11/19/2019,TMB,FL,ASO,ES,Towers with Radar,0,18,56,0,74,0,10,373,0,383,0,28,429,0,457,532,0,532,989
11/20/2019,TMB,FL,ASO,ES,Towers with Radar,0,4,91,0,95,0,1,383,0,384,0,5,474,0,479,365,0,365,844
11/21/2019,TMB,FL,ASO,ES,Towers with Radar,0,10,83,0,93,0,6,364,0,370,0,16,447,0,463,483,0,483,946
11/22/2019,TMB,FL,ASO,ES,Towers with Radar,0,15,74,0,89,0,5,303,0,308,0,20,377,0,397,595,0,595,992
11/23/2019,TMB,FL,ASO,ES,Towers with Radar,0,6,83,0,89,0,2,347,0,349,0,8,430,0,438,244,0,244,682
11/24/2019,TMB,FL,ASO,ES,Towers with Radar,0,11,39,0,50,0,1,212,0,213,0,12,251,0,263,234,0,234,497
11/25/2019,TMB,FL,ASO,ES,Towers with Radar,0,9,51,0,60,0,4,309,0,313,0,13,360,0,373,502,0,502,875
11/26/2019,TMB,FL,ASO,ES,Towers with Radar,0,8,131,0,139,0,2,324,1,327,0,10,455,1,466,310,0,310,776
11/27/2019,TMB,FL,ASO,ES,Towers with Radar,0,7,96,0,103,0,0,368,1,369,0,7,464,1,472,446,0,446,918
11/28/2019,TMB,FL,ASO,ES,Towers with Radar,0,5,51,0,56,0,0,215,0,215,0,5,266,0,271,283,0,283,554
11/29/2019,TMB,FL,ASO,ES,Towers with Radar,0,7,63,0,70,0,0,255,0,255,0,7,318,0,325,255,0,255,580
11/30/2019,TMB,FL,ASO,ES,Towers with Radar,0,8,78,0,86,0,0,356,0,356,0,8,434,0,442,357,0,357,799
12/01/2019,TMB,FL,ASO,ES,Towers with Radar,0,20,76,0,96,0,1,226,0,227,0,21,302,0,323,143,0,143,466
12/02/2019,TMB,FL,ASO,ES,Towers with Radar,0,17,43,0,60,0,0,191,0,191,0,17,234,0,251,241,0,241,492
12/03/2019,TMB,FL,ASO,ES,Towers with Radar,0,3,57,1,61,0,5,227,1,233,0,8,284,2,294,293,0,293,587
12/04/2019,TMB,FL,ASO,ES,Towers with Radar,0,8,61,0,69,0,0,294,0,294,0,8,355,0,363,576,0,576,939
12/05/2019,TMB,FL,ASO,ES,Towers with Radar,0,15,77,1,93,0,4,375,0,379,0,19,452,1,472,444,0,444,916
12/06/2019,TMB,FL,ASO,ES,Towers with Radar,0,3,92,0,95,0,5,399,0,404,0,8,491,0,499,460,0,460,959
12/07/2019,TMB,FL,ASO,ES,Towers with Radar,0,13,68,0,81,0,0,286,0,286,0,13,354,0,367,194,0,194,561
12/08/2019,TMB,FL,ASO,ES,Towers with Radar,0,12,54,0,66,0,0,267,0,267,0,12,321,0,333,332,0,332,665
12/09/2019,TMB,FL,ASO,ES,Towers with Radar,0,1,97,0,98,0,3,273,1,277,0,4,370,1,375,496,0,496,871
12/10/2019,TMB,FL,ASO,ES,Towers with Radar,0,1,93,0,94,0,4,304,0,308,0,5,397,0,402,471,0,471,873
12/11/2019,TMB,FL,ASO,ES,Towers with Radar,0,4,76,0,80,0,2,244,0,246,0,6,320,0,326,547,0,547,873
12/12/2019,TMB,FL,ASO,ES,Towers with Radar,0,2,62,0,64,0,0,134,0,134,0,2,196,0,198,314,0,314,512
12/13/2019,TMB,FL,ASO,ES,Towers with Radar,0,0,75,0,75,0,6,399,2,407,0,6,474,2,482,485,0,485,967
12/14/2019,TMB,FL,ASO,ES,Towers with Radar,0,0,48,0,48,0,1,338,0,339,0,1,386,0,387,280,0,280,667
12/15/2019,TMB,FL,ASO,ES,Towers with Radar,0,1,76,0,77,0,0,346,0,346,0,1,422,0,423,339,0,339,762
12/16/2019,TMB,FL,ASO,ES,Towers with Radar,0,10,68,0,78,0,7,240,1,248,0,17,308,1,326,332,0,332,658
12/17/2019,TMB,FL,ASO,ES,Towers with Radar,0,5,78,0,83,0,2,328,0,330,0,7,406,0,413,264,0,264,677
12/18/2019,TMB,FL,ASO,ES,Towers with Radar,0,11,41,0,52,0,2,168,0,170,0,13,209,0,222,358,0,358,580
12/19/2019,TMB,FL,ASO,ES,Towers with Radar,0,11,75,0,86,0,0,17,0,17,0,11,92,0,103,23,0,23,126
12/20/2019,TMB,FL,ASO,ES,Towers with Radar,0,6,47,0,53,0,1,141,0,142,0,7,188,0,195,104,0,104,299
12/21/2019,TMB,FL,ASO,ES,Towers with Radar,0,9,58,0,67,0,0,93,1,94,0,9,151,1,161,23,0,23,184
12/22/2019,TMB,FL,ASO,ES,Towers with Radar,0,14,39,0,53,0,0,83,0,83,0,14,122,0,136,156,0,156,292
12/23/2019,TMB,FL,ASO,ES,Towers with Radar,0,11,37,0,48,0,0,165,0,165,0,11,202,0,213,307,0,307,520
12/24/2019,TMB,FL,ASO,ES,Towers with Radar,0,2,40,0,42,0,1,222,0,223,0,3,262,0,265,322,0,322,587
12/25/2019,TMB,FL,ASO,ES,Towers with Radar,0,8,15,0,23,0,0,49,0,49,0,8,64,0,72,83,0,83,155
12/26/2019,TMB,FL,ASO,ES,Towers with Radar,1,19,98,0,118,0,0,205,0,205,1,19,303,0,323,174,0,174,497
12/27/2019,TMB,FL,ASO,ES,Towers with Radar,0,16,88,0,104,0,0,292,0,292,0,16,380,0,396,292,0,292,688
12/28/2019,TMB,FL,ASO,ES,Towers with Radar,0,27,70,0,97,0,0,136,0,136,0,27,206,0,233,111,0,111,344
12/29/2019,TMB,FL,ASO,ES,Towers with Radar,0,6,44,0,50,0,0,99,0,99,0,6,143,0,149,51,0,51,200
12/30/2019,TMB,FL,ASO,ES,Towers with Radar,0,3,49,0,52,0,1,84,2,87,0,4,133,2,139,81,0,81,220
12/31/2019,TMB,FL,ASO,ES,Towers with Radar,0,8,35,0,43,0,0,156,0,156,0,8,191,0,199,89,0,89,288
01/01/2020,TMB,FL,ASO,ES,Towers with Radar,0,4,41,0,45,0,0,165,0,165,0,4,206,0,210,90,0,90,300
01/02/2020,TMB,FL,ASO,ES,Towers with Radar,0,16,80,2,98,0,2,338,1,341,0,18,418,3,439,435,0,435,874
01/03/2020,TMB,FL,ASO,ES,Towers with Radar,0,16,90,0,106,0,0,210,2,212,0,16,300,2,318,229,0,229,547
01/04/2020,TMB,FL,ASO,ES,Towers with Radar,0,29,66,0,95,0,0,250,0,250,0,29,316,0,345,226,0,226,571
01/05/2020,TMB,FL,ASO,ES,Towers with Radar,0,25,69,0,94,0,0,225,0,225,0,25,294,0,319,121,0,121,440
01/06/2020,TMB,FL,ASO,ES,Towers with Radar,0,13,98,0,111,0,0,322,0,322,0,13,420,0,433,377,0,377,810
01/07/2020,TMB,FL,ASO,ES,Towers with Radar,0,12,65,0,77,0,4,358,0,362,0,16,423,0,439,424,0,424,863
01/08/2020,TMB,FL,ASO,ES,Towers with Radar,0,5,78,0,83,0,0,308,0,308,0,5,386,0,391,313,0,313,704
01/09/2020,TMB,FL,ASO,ES,Towers with Radar,0,6,58,0,64,0,3,151,2,156,0,9,209,2,220,81,0,81,301
01/10/2020,TMB,FL,ASO,ES,Towers with Radar,0,13,44,0,57,0,2,103,0,105,0,15,147,0,162,105,0,105,267
01/11/2020,TMB,FL,ASO,ES,Towers with Radar,0,11,41,0,52,0,2,137,0,139,0,13,178,0,191,115,0,115,306
01/12/2020,TMB,FL,ASO,ES,Towers with Radar,0,13,64,0,77,0,1,166,0,167,0,14,230,0,244,92,0,92,336
01/13/2020,TMB,FL,ASO,ES,Towers with Radar,0,4,87,0,91,0,1,253,0,254,0,5,340,0,345,325,0,325,670
01/14/2020,TMB,FL,ASO,ES,Towers with Radar,0,6,76,1,83,0,0,328,3,331,0,6,404,4,414,548,0,548,962
01/15/2020,TMB,FL,ASO,ES,Towers with Radar,0,7,68,0,75,0,2,411,0,413,0,9,479,0,488,562,0,562,1050
01/16/2020,TMB,FL,ASO,ES,Towers with Radar,0,20,88,0,108,0,4,338,0,342,0,24,426,0,450,506,0,506,956
01/17/2020,TMB,FL,ASO,ES,Towers with Radar,0,9,82,0,91,0,0,190,0,190,0,9,272,0,281,217,0,217,498
01/18/2020,TMB,FL,ASO,ES,Towers with Radar,0,1,51,0,52,0,0,245,0,245,0,1,296,0,297,267,0,267,564
01/19/2020,TMB,FL,ASO,ES,Towers with Radar,0,3,65,0,68,0,1,358,0,359,0,4,423,0,427,465,0,465,892
01/20/2020,TMB,FL,ASO,ES,Towers with Radar,0,18,70,0,88,0,0,266,0,266,0,18,336,0,354,336,0,336,690
01/21/2020,TMB,FL,ASO,ES,Towers with Radar,0,13,74,0,87,0,0,260,3,263,0,13,334,3,350,287,0,287,637
01/22/2020,TMB,FL,ASO,ES,Towers with Radar,0,10,52,0,62,0,2,234,0,236,0,12,286,0,298,176,0,176,474
01/23/2020,TMB,FL,ASO,ES,Towers with Radar,0,8,56,0,64,0,0,214,0,214,0,8,270,0,278,232,0,232,510
01/24/2020,TMB,FL,ASO,ES,Towers with Radar,0,11,104,0,115,0,3,406,1,410,0,14,510,1,525,477,0,477,1002
01/25/2020,TMB,FL,ASO,ES,Towers with Radar,0,7,48,0,55,0,0,372,0,372,0,7,420,0,427,472,0,472,899
01/26/2020,TMB,FL,ASO,ES,Towers with Radar,0,8,85,0,93,0,3,342,0,345,0,11,427,0,438,298,0,298,736
01/27/2020,TMB,FL,ASO,ES,Towers with Radar,0,5,58,4,67,0,1,296,3,300,0,6,354,7,367,442,0,442,809
01/28/2020,TMB,FL,ASO,ES,Towers with Radar,1,1,103,0,105,0,2,303,0,305,1,3,406,0,410,471,0,471,881
01/29/2020,TMB,FL,ASO,ES,Towers with Radar,0,7,30,0,37,0,1,323,1,325,0,8,353,1,362,421,0,421,783
01/30/2020,TMB,FL,ASO,ES,Towers with Radar,0,13,43,0,56,0,0,328,2,330,0,13,371,2,386,252,0,252,638
01/31/2020,TMB,FL,ASO,ES,Towers with Radar,0,19,52,0,71,0,0,285,0,285,0,19,337,0,356,258,0,258,614
02/01/2020,TMB,FL,ASO,ES,Towers with Radar,0,21,31,0,52,0,1,71,0,72,0,22,102,0,124,204,0,204,328
02/02/2020,TMB,FL,ASO,ES,Towers with Radar,0,9,45,0,54,0,0,176,0,176,0,9,221,0,230,90,0,90,320
02/03/2020,TMB,FL,ASO,ES,Towers with Radar,1,14,64,0,79,0,1,295,0,296,1,15,359,0,375,413,0,413,788
02/04/2020,TMB,FL,ASO,ES,Towers with Radar,0,2,108,0,110,0,1,363,0,364,0,3,471,0,474,559,0,559,1033
02/05/2020,TMB,FL,ASO,ES,Towers with Radar,0,9,92,0,101,0,4,371,0,375,0,13,463,0,476,376,0,376,852
02/06/2020,TMB,FL,ASO,ES,Towers with Radar,0,8,51,0,59,0,0,163,0,163,0,8,214,0,222,100,0,100,322
02/07/2020,TMB,FL,ASO,ES,Towers with Radar,0,6,60,0,66,0,1,145,0,146,0,7,205,0,212,281,0,281,493
02/08/2020,TMB,FL,ASO,ES,Towers with Radar,0,9,63,0,72,0,2,396,0,398,0,11,459,0,470,323,0,323,793
02/09/2020,TMB,FL,ASO,ES,Towers with Radar,0,8,79,0,87,0,0,258,0,258,0,8,337,0,345,173,0,173,518
02/10/2020,TMB,FL,ASO,ES,Towers with Radar,0,1,99,0,100,0,0,223,1,224,0,1,322,1,324,191,0,191,515
02/11/2020,TMB,FL,ASO,ES,Towers with Radar,0,10,111,0,121,0,1,366,0,367,0,11,477,0,488,389,0,389,877
02/12/2020,TMB,FL,ASO,ES,Towers with Radar,0,17,102,0,119,0,2,337,1,340,0,19,439,1,459,356,0,356,815
02/13/2020,TMB,FL,ASO,ES,Towers with Radar,0,21,125,0,146,0,2,329,1,332,0,23,454,1,478,183,0,183,661
02/14/2020,TMB,FL,ASO,ES,Towers with Radar,0,15,76,0,91,0,0,257,0,257,0,15,333,0,348,315,0,315,663
02/15/2020,TMB,FL,ASO,ES,Towers with Radar,0,6,77,0,83,0,0,163,0,163,0,6,240,0,246,180,0,180,426
02/16/2020,TMB,FL,ASO,ES,Towers with Radar,0,7,75,0,82,0,0,183,0,183,0,7,258,0,265,201,0,201,466
02/17/2020,TMB,FL,ASO,ES,Towers with Radar,0,10,152,0,162,0,4,474,0,478,0,14,626,0,640,442,0,442,1082
02/18/2020,TMB,FL,ASO,ES,Towers with Radar,0,15,124,0,139,0,5,420,0,425,0,20,544,0,564,510,0,510,1074
02/19/2020,TMB,FL,ASO,ES,Towers with Radar,0,12,124,0,136,0,4,436,0,440,0,16,560,0,576,534,0,534,1110
02/20/2020,TMB,FL,ASO,ES,Towers with Radar,1,9,99,0,109,0,2,443,0,445,1,11,542,0,554,450,0,450,1004
02/21/2020,TMB,FL,ASO,ES,Towers with Radar,0,13,74,0,87,0,1,78,0,79,0,14,152,0,166,104,0,104,270
02/22/2020,TMB,FL,ASO,ES,Towers with Radar,0,5,108,0,113,0,0,325,0,325,0,5,433,0,438,175,0,175,613
02/23/2020,TMB,FL,ASO,ES,Towers with Radar,0,15,61,0,76,0,0,305,1,306,0,15,366,1,382,227,0,227,609
02/24/2020,TMB,FL,ASO,ES,Towers with Radar,0,6,86,0,92,0,2,431,4,437,0,8,517,4,529,275,0,275,804
02/25/2020,TMB,FL,ASO,ES,Towers with Radar,0,3,111,0,114,0,10,455,0,465,0,13,566,0,579,446,0,446,1025
02/26/2020,TMB,FL,ASO,ES,Towers with Radar,0,9,71,0,80,0,1,203,0,204,0,10,274,0,284,273,0,273,557
02/27/2020,TMB,FL,ASO,ES,Towers with Radar,0,12,75,0,87,0,6,282,2,290,0,18,357,2,377,145,0,145,522
02/28/2020,TMB,FL,ASO,ES,Towers with Radar,0,15,83,0,98,0,1,324,1,326,0,16,407,1,424,153,0,153,577
02/29/2020,TMB,FL,ASO,ES,Towers with Radar,0,4,79,0,83,0,4,362,0,366,0,8,441,0,449,298,0,298,747
03/01/2020,TMB,FL,ASO,ES,Towers with Radar,0,17,55,0,72,0,2,346,0,348,0,19,401,0,420,228,0,228,648
03/02/2020,TMB,FL,ASO,ES,Towers with Radar,0,11,76,0,87,0,11,309,0,320,0,22,385,0,407,288,0,288,695
03/03/2020,TMB,FL,ASO,ES,Towers with Radar,0,9,62,0,71,0,4,325,1,330,0,13,387,1,401,392,0,392,793
03/04/2020,TMB,FL,ASO,ES,Towers with Radar,0,5,104,0,109,0,1,369,0,370,0,6,473,0,479,399,0,399,878
03/05/2020,TMB,FL,ASO,ES,Towers with Radar,0,3,81,0,84,0,1,370,0,371,0,4,451,0,455,311,0,311,766
03/06/2020,TMB,FL,ASO,ES,Towers with Radar,0,5,73,0,78,0,0,215,0,215,0,5,288,0,293,163,0,163,456
03/07/2020,TMB,FL,ASO,ES,Towers with Radar,0,5,80,0,85,0,0,249,0,249,0,5,329,0,334,177,0,177,511
03/08/2020,TMB,FL,ASO,ES,Towers with Radar,0,11,70,0,81,0,0,161,0,161,0,11,231,0,242,61,0,61,303
03/09/2020,TMB,FL,ASO,ES,Towers with Radar,0,13,62,0,75,0,1,166,0,167,0,14,228,0,242,96,0,96,338
03/10/2020,TMB,FL,ASO,ES,Towers with Radar,0,2,97,0,99,0,0,370,0,370,0,2,467,0,469,467,0,467,936
03/11/2020,TMB,FL,ASO,ES,Towers with Radar,0,9,93,0,102,0,1,428,0,429,0,10,521,0,531,540,0,540,1071
03/12/2020,TMB,FL,ASO,ES,Towers with Radar,0,5,90,0,95,0,5,389,0,394,0,10,479,0,489,561,0,561,1050
03/13/2020,TMB,FL,ASO,ES,Towers with Radar,0,17,94,0,111,0,2,402,0,404,0,19,496,0,515,477,0,477,992
03/14/2020,TMB,FL,ASO,ES,Towers with Radar,0,18,61,0,79,0,0,298,0,298,0,18,359,0,377,371,0,371,748
03/15/2020,TMB,FL,ASO,ES,Towers with Radar,0,16,85,0,101,0,0,372,0,372,0,16,457,0,473,297,0,297,770
03/16/2020,TMB,FL,ASO,ES,Towers with Radar,0,11,81,0,92,0,0,362,0,362,0,11,443,0,454,510,0,510,964
03/17/2020,TMB,FL,ASO,ES,Towers with Radar,0,8,70,0,78,0,0,343,0,343,0,8,413,0,421,531,0,531,952
03/18/2020,TMB,FL,ASO,ES,Towers with Radar,0,8,76,0,84,0,0,318,0,318,0,8,394,0,402,420,0,420,822
03/19/2020,TMB,FL,ASO,ES,Towers with Radar,0,7,82,0,89,0,0,232,0,232,0,7,314,0,321,323,0,323,644
03/20/2020,TMB,FL,ASO,ES,Towers with Radar,0,3,84,0,87,0,0,281,0,281,0,3,365,0,368,389,0,389,757
03/21/2020,TMB,FL,ASO,ES,Towers with Radar,0,8,72,0,80,0,0,242,1,243,0,8,314,1,323,358,0,358,681
03/22/2020,TMB,FL,ASO,ES,Towers with Radar,0,6,38,0,44,0,0,186,0,186,0,6,224,0,230,261,0,261,491
03/23/2020,TMB,FL,ASO,ES,Towers with Radar,0,4,52,0,56,0,0,176,0,176,0,4,228,0,232,346,0,346,578
03/24/2020,TMB,FL,ASO,ES,Towers with Radar,0,2,55,0,57,0,0,216,0,216,0,2,271,0,273,340,0,340,613
03/25/2020,TMB,FL,ASO,ES,Towers with Radar,0,1,46,0,47,0,0,153,0,153,0,1,199,0,200,454,0,454,654
03/26/2020,TMB,FL,ASO,ES,Towers with Radar,0,5,53,0,58,0,0,183,0,183,0,5,236,0,241,260,0,260,501
03/27/2020,TMB,FL,ASO,ES,Towers with Radar,0,1,43,0,44,0,0,161,0,161,0,1,204,0,205,315,0,315,520
03/28/2020,TMB,FL,ASO,ES,Towers with Radar,0,3,43,0,46,0,0,154,0,154,0,3,197,0,200,265,0,265,465
03/29/2020,TMB,FL,ASO,ES,Towers with Radar,0,3,12,0,15,0,0,140,0,140,0,3,152,0,155,126,0,126,281
03/30/2020,TMB,FL,ASO,ES,Towers with Radar,0,3,24,0,27,0,0,154,0,154,0,3,178,0,181,285,0,285,466
03/31/2020,TMB,FL,ASO,ES,Towers with Radar,0,4,29,0,33,0,0,179,0,179,0,4,208,0,212,310,0,310,522
04/01/2020,TMB,FL,ASO,ES,Towers with Radar,0,1,27,0,28,0,0,124,0,124,0,1,151,0,152,335,0,335,487
04/02/2020,TMB,FL,ASO,ES,Towers with Radar,0,4,39,0,43,0,0,202,0,202,0,4,241,0,245,422,0,422,667
04/03/2020,TMB,FL,ASO,ES,Towers with Radar,0,1,31,0,32,0,0,162,0,162,0,1,193,0,194,331,0,331,525
04/04/2020,TMB,FL,ASO,ES,Towers with Radar,0,2,27,1,30,0,0,127,3,130,0,2,154,4,160,134,0,134,294
04/05/2020,TMB,FL,ASO,ES,Towers with Radar,0,0,15,0,15,0,0,58,0,58,0,0,73,0,73,83,0,83,156
04/06/2020,TMB,FL,ASO,ES,Towers with Radar,0,0,34,0,34,0,0,83,0,83,0,0,117,0,117,166,0,166,283
04/07/2020,TMB,FL,ASO,ES,Towers with Radar,0,2,41,0,43,0,0,111,0,111,0,2,152,0,154,70,0,70,224
04/08/2020,TMB,FL,ASO,ES,Towers with Radar,0,0,31,0,31,0,0,113,0,113,0,0,144,0,144,216,0,216,360
04/09/2020,TMB,FL,ASO,ES,Towers with Radar,0,0,22,0,22,0,0,103,0,103,0,0,125,0,125,178,0,178,303
04/10/2020,TMB,FL,ASO,ES,Towers with Radar,0,2,14,0,16,0,0,107,0,107,0,2,121,0,123,222,0,222,345
04/11/2020,TMB,FL,ASO,ES,Towers with Radar,0,0,31,0,31,0,0,91,0,91,0,0,122,0,122,193,0,193,315
04/12/2020,TMB,FL,ASO,ES,Towers with Radar,0,0,12,0,12,0,0,52,0,52,0,0,64,0,64,84,0,84,148
04/13/2020,TMB,FL,ASO,ES,Towers with Radar,0,0,24,0,24,0,0,108,0,108,0,0,132,0,132,66,0,66,198
04/14/2020,TMB,FL,ASO,ES,Towers with Radar,0,1,34,0,35,0,0,133,0,133,0,1,167,0,168,182,0,182,350
04/15/2020,TMB,FL,ASO,ES,Towers with Radar,0,5,24,0,29,0,0,137,0,137,0,5,161,0,166,122,0,122,288
04/16/2020,TMB,FL,ASO,ES,Towers with Radar,0,3,31,0,34,0,0,138,0,138,0,3,169,0,172,156,0,156,328
04/17/2020,TMB,FL,ASO,ES,Towers with Radar,0,4,26,2,32,0,0,107,0,107,0,4,133,2,139,187,0,187,326
04/18/2020,TMB,FL,ASO,ES,Towers with Radar,0,0,20,0,20,0,0,97,0,97,0,0,117,0,117,113,0,113,230
04/19/2020,TMB,FL,ASO,ES,Towers with Radar,0,1,31,0,32,0,1,169,0,170,0,2,200,0,202,188,0,188,390
04/20/2020,TMB,FL,ASO,ES,Towers with Radar,0,2,14,0,16,0,1,85,0,86,0,3,99,0,102,98,0,98,200
04/21/2020,TMB,FL,ASO,ES,Towers with Radar,0,2,35,0,37,0,0,130,0,130,0,2,165,0,167,259,0,259,426
04/22/2020,TMB,FL,ASO,ES,Towers with Radar,0,0,69,0,69,0,2,218,0,220,0,2,287,0,289,328,0,328,617
04/23/2020,TMB,FL,ASO,ES,Towers with Radar,0,4,57,6,67,0,0,224,0,224,0,4,281,6,291,157,0,157,448
04/24/2020,TMB,FL,ASO,ES,Towers with Radar,0,2,31,0,33,0,0,142,0,142,0,2,173,0,175,161,0,161,336
04/25/2020,TMB,FL,ASO,ES,Towers with Radar,0,2,12,4,18,0,0,70,0,70,0,2,82,4,88,135,0,135,223
04/26/2020,TMB,FL,ASO,ES,Towers with Radar,0,4,14,0,18,0,0,68,0,68,0,4,82,0,86,156,0,156,242
04/27/2020,TMB,FL,ASO,ES,Towers with Radar,0,1,36,1,38,0,0,232,0,232,0,1,268,1,270,277,0,277,547
04/28/2020,TMB,FL,ASO,ES,Towers with Radar,0,0,52,1,53,0,0,216,1,217,0,0,268,2,270,296,0,296,566
04/29/2020,TMB,FL,ASO,ES,Towers with Radar,0,0,63,0,63,0,0,226,0,226,0,0,289,0,289,238,0,238,527
04/30/2020,TMB,FL,ASO,ES,Towers with Radar,0,2,26,0,28,0,0,93,0,93,0,2,119,0,121,155,0,155,276
05/01/2020,TMB,FL,ASO,ES,Towers with Radar,0,4,79,0,83,4,0,261,0,265,4,4,340,0,348,265,0,265,613
05/02/2020,TMB,FL,ASO,ES,Towers with Radar,0,0,56,0,56,0,0,237,0,237,0,0,293,0,293,162,0,162,455
05/03/2020,TMB,FL,ASO,ES,Towers with Radar,0,1,36,0,37,0,0,138,0,138,0,1,174,0,175,94,0,94,269
05/04/2020,TMB,FL,ASO,ES,Towers with Radar,0,3,57,0,60,0,0,193,0,193,0,3,250,0,253,321,0,321,574
05/05/2020,TMB,FL,ASO,ES,Towers with Radar,0,0,60,0,60,0,0,201,0,201,0,0,261,0,261,291,0,291,552
05/06/2020,TMB,FL,ASO,ES,Towers with Radar,0,0,48,0,48,0,0,164,0,164,0,0,212,0,212,218,0,218,430
05/07/2020,TMB,FL,ASO,ES,Towers with Radar,0,2,70,0,72,0,0,219,0,219,0,2,289,0,291,210,0,210,501
05/08/2020,TMB,FL,ASO,ES,Towers with Radar,0,1,68,0,69,0,0,255,0,255,0,1,323,0,324,322,0,322,646
05/09/2020,TMB,FL,ASO,ES,Towers with Radar,0,1,54,1,56,0,0,311,0,311,0,1,365,1,367,303,0,303,670
05/10/2020,TMB,FL,ASO,ES,Towers with Radar,0,7,11,0,18,0,0,0,0,0,0,7,11,0,18,9,0,9,27
05/11/2020,TMB,FL,ASO,ES,Towers with Radar,0,2,58,0,60,0,0,221,0,221,0,2,279,0,281,228,0,228,509
05/12/2020,TMB,FL,ASO,ES,Towers with Radar,0,2,62,0,64,0,0,224,0,224,0,2,286,0,288,163,0,163,451
05/13/2020,TMB,FL,ASO,ES,Towers with Radar,0,3,41,0,44,0,0,151,0,151,0,3,192,0,195,165,0,165,360
05/14/2020,TMB,FL,ASO,ES,Towers with Radar,0,2,29,1,32,0,0,23,0,23,0,2,52,1,55,11,0,11,66
05/15/2020,TMB,FL,ASO,ES,Towers with Radar,0,4,10,1,15,0,0,18,0,18,0,4,28,1,33,18,0,18,51
05/16/2020,TMB,FL,ASO,ES,Towers with Radar,0,8,65,0,73,0,0,188,0,188,0,8,253,0,261,165,0,165,426
05/17/2020,TMB,FL,ASO,ES,Towers with Radar,0,6,42,0,48,0,0,137,0,137,0,6,179,0,185,133,0,133,318
05/18/2020,TMB,FL,ASO,ES,Towers with Radar,0,8,68,0,76,0,0,131,0,131,0,8,199,0,207,124,0,124,331
05/19/2020,TMB,FL,ASO,ES,Towers with Radar,0,6,27,0,33,0,0,94,0,94,0,6,121,0,127,161,0,161,288
05/20/2020,TMB,FL,ASO,ES,Towers with Radar,0,8,67,0,75,0,0,239,0,239,0,8,306,0,314,314,0,314,628
05/21/2020,TMB,FL,ASO,ES,Towers with Radar,0,4,71,0,75,0,0,180,0,180,0,4,251,0,255,238,0,238,493
05/22/2020,TMB,FL,ASO,ES,Towers with Radar,0,6,69,0,75,0,0,249,0,249,0,6,318,0,324,364,0,364,688
05/23/2020,TMB,FL,ASO,ES,Towers with Radar,0,6,42,0,48,0,0,163,0,163,0,6,205,0,211,241,0,241,452
05/24/2020,TMB,FL,ASO,ES,Towers with Radar,0,7,10,0,17,0,0,6,0,6,0,7,16,0,23,2,0,2,25
05/25/2020,TMB,FL,ASO,ES,Towers with Radar,0,2,12,0,14,0,0,11,0,11,0,2,23,0,25,0,0,0,25
05/26/2020,TMB,FL,ASO,ES,Towers with Radar,0,5,19,0,24,0,0,81,0,81,0,5,100,0,105,111,0,111,216
05/27/2020,TMB,FL,ASO,ES,Towers with Radar,0,4,41,0,45,0,0,218,0,218,0,4,259,0,263,265,0,265,528
05/28/2020,TMB,FL,ASO,ES,Towers with Radar,0,4,104,2,110,0,0,382,0,382,0,4,486,2,492,328,0,328,820
05/29/2020,TMB,FL,ASO,ES,Towers with Radar,0,3,71,4,78,0,1,314,0,315,0,4,385,4,393,365,0,365,758
05/30/2020,TMB,FL,ASO,ES,Towers with Radar,0,2,66,0,68,0,0,349,0,349,0,2,415,0,417,314,0,314,731
05/31/2020,TMB,FL,ASO,ES,Towers with Radar,0,9,42,0,51,0,0,216,0,216,0,9,258,0,267,156,0,156,423
06/01/2020,TMB,FL,ASO,ES,Towers with Radar,0,3,72,1,76,0,1,288,0,289,0,4,360,1,365,321,0,321,686
06/02/2020,TMB,FL,ASO,ES,Towers with Radar,0,6,69,1,76,0,0,158,0,158,0,6,227,1,234,251,0,251,485
06/03/2020,TMB,FL,ASO,ES,Towers with Radar,0,5,52,0,57,0,1,74,0,75,0,6,126,0,132,117,0,117,249
06/04/2020,TMB,FL,ASO,ES,Towers with Radar,0,5,31,0,36,0,0,55,0,55,0,5,86,0,91,110,0,110,201
06/05/2020,TMB,FL,ASO,ES,Towers with Radar,0,2,66,0,68,0,0,130,0,130,0,2,196,0,198,159,0,159,357
06/06/2020,TMB,FL,ASO,ES,Towers with Radar,0,4,62,0,66,0,0,37,0,37,0,4,99,0,103,0,0,0,103
06/07/2020,TMB,FL,ASO,ES,Towers with Radar,0,4,32,0,36,0,0,189,0,189,0,4,221,0,225,135,0,135,360
06/08/2020,TMB,FL,ASO,ES,Towers with Radar,0,8,45,0,53,0,0,180,0,180,0,8,225,0,233,228,0,228,461
06/09/2020,TMB,FL,ASO,ES,Towers with Radar,0,1,83,0,84,0,0,329,2,331,0,1,412,2,415,387,0,387,802
06/10/2020,TMB,FL,ASO,ES,Towers with Radar,0,8,66,0,74,0,0,298,0,298,0,8,364,0,372,391,0,391,763
06/11/2020,TMB,FL,ASO,ES,Towers with Radar,0,6,56,0,62,0,0,213,0,213,0,6,269,0,275,283,0,283,558
06/12/2020,TMB,FL,ASO,ES,Towers with Radar,0,3,85,0,88,0,0,352,2,354,0,3,437,2,442,375,0,375,817
06/13/2020,TMB,FL,ASO,ES,Towers with Radar,0,4,79,0,83,0,0,319,0,319,0,4,398,0,402,297,0,297,699
06/14/2020,TMB,FL,ASO,ES,Towers with Radar,0,1,59,0,60,0,1,106,0,107,0,2,165,0,167,104,0,104,271
06/15/2020,TMB,FL,ASO,ES,Towers with Radar,0,5,43,1,49,0,0,142,0,142,0,5,185,1,191,257,0,257,448
06/16/2020,TMB,FL,ASO,ES,Towers with Radar,0,3,90,0,93,0,0,317,0,317,0,3,407,0,410,350,0,350,760
06/17/2020,TMB,FL,ASO,ES,Towers with Radar,0,6,38,0,44,0,0,106,0,106,0,6,144,0,150,144,0,144,294
06/18/2020,TMB,FL,ASO,ES,Towers with Radar,0,9,39,0,48,0,0,78,0,78,0,9,117,0,126,126,0,126,252
06/19/2020,TMB,FL,ASO,ES,Towers with Radar,0,1,71,0,72,0,0,135,0,135,0,1,206,0,207,236,0,236,443
06/20/2020,TMB,FL,ASO,ES,Towers with Radar,0,1,64,0,65,0,0,200,0,200,0,1,264,0,265,285,0,285,550
06/21/2020,TMB,FL,ASO,ES,Towers with Radar,0,3,56,0,59,0,0,116,0,116,0,3,172,0,175,71,0,71,246
06/22/2020,TMB,FL,ASO,ES,Towers with Radar,0,2,94,2,98,0,0,377,4,381,0,2,471,6,479,471,0,471,950
06/23/2020,TMB,FL,ASO,ES,Towers with Radar,0,0,75,0,75,0,2,350,0,352,0,2,425,0,427,492,0,492,919
06/24/2020,TMB,FL,ASO,ES,Towers with Radar,0,1,87,0,88,0,0,314,0,314,0,1,401,0,402,402,0,402,804
06/25/2020,TMB,FL,ASO,ES,Towers with Radar,0,6,78,4,88,0,3,347,2,352,0,9,425,6,440,374,0,374,814
06/26/2020,TMB,FL,ASO,ES,Towers with Radar,0,4,74,2,80,0,5,361,0,366,0,9,435,2,446,385,0,385,831
06/27/2020,TMB,FL,ASO,ES,Towers with Radar,0,7,70,1,78,0,0,274,0,274,0,7,344,1,352,344,0,344,696
06/28/2020,TMB,FL,ASO,ES,Towers with Radar,0,8,74,0,82,0,0,175,0,175,0,8,249,0,257,151,0,151,408
06/29/2020,TMB,FL,ASO,ES,Towers with Radar,0,6,55,0,61,0,1,179,0,180,0,7,234,0,241,359,0,359,600
06/30/2020,TMB,FL,ASO,ES,Towers with Radar,0,5,65,0,70,0,0,272,0,272,0,5,337,0,342,464,0,464,806
07/01/2020,TMB,FL,ASO,ES,Towers with Radar,0,4,68,0,72,0,0,270,0,270,0,4,338,0,342,314,0,314,656
07/02/2020,TMB,FL,ASO,ES,Towers with Radar,0,9,96,4,109,0,0,276,0,276,0,9,372,4,385,345,0,345,730
07/03/2020,TMB,FL,ASO,ES,Towers with Radar,0,8,76,2,86,0,0,246,0,246,0,8,322,2,332,255,0,255,587
07/04/2020,TMB,FL,ASO,ES,Towers with Radar,0,4,37,0,41,0,0,193,0,193,0,4,230,0,234,253,0,253,487
07/05/2020,TMB,FL,ASO,ES,Towers with Radar,0,7,37,0,44,0,1,61,0,62,0,8,98,0,106,53,0,53,159
07/06/2020,TMB,FL,ASO,ES,Towers with Radar,0,8,77,3,88,0,2,169,0,171,0,10,246,3,259,154,0,154,413
07/07/2020,TMB,FL,ASO,ES,Towers with Radar,0,5,78,0,83,0,0,228,0,228,0,5,306,0,311,198,0,198,509
07/08/2020,TMB,FL,ASO,ES,Towers with Radar,0,9,89,4,102,0,0,237,0,237,0,9,326,4,339,311,0,311,650
07/09/2020,TMB,FL,ASO,ES,Towers with Radar,0,10,56,0,66,0,1,228,0,229,0,11,284,0,295,186,0,186,481
07/10/2020,TMB,FL,ASO,ES,Towers with Radar,0,6,33,0,39,0,0,80,0,80,0,6,113,0,119,71,0,71,190
07/11/2020,TMB,FL,ASO,ES,Towers with Radar,0,11,30,2,43,0,1,112,0,113,0,12,142,2,156,107,0,107,263
07/12/2020,TMB,FL,ASO,ES,Towers with Radar,0,5,29,0,34,0,0,141,0,141,0,5,170,0,175,103,0,103,278
07/13/2020,TMB,FL,ASO,ES,Towers with Radar,0,5,44,0,49,0,0,145,0,145,0,5,189,0,194,205,0,205,399
07/14/2020,TMB,FL,ASO,ES,Towers with Radar,0,8,45,0,53,0,0,191,0,191,0,8,236,0,244,289,0,289,533
07/15/2020,TMB,FL,ASO,ES,Towers with Radar,0,8,48,1,57,0,1,195,0,196,0,9,243,1,253,199,0,199,452
07/16/2020,TMB,FL,ASO,ES,Towers with Radar,0,5,57,2,64,0,6,216,1,223,0,11,273,3,287,362,0,362,649
07/17/2020,TMB,FL,ASO,ES,Towers with Radar,0,3,40,0,43,0,0,126,0,126,0,3,166,0,169,107,0,107,276
07/18/2020,TMB,FL,ASO,ES,Towers with Radar,0,5,28,0,33,0,0,52,0,52,0,5,80,0,85,43,0,43,128
07/19/2020,TMB,FL,ASO,ES,Towers with Radar,0,0,41,0,41,0,0,138,0,138,0,0,179,0,179,121,0,121,300
07/20/2020,TMB,FL,ASO,ES,Towers with Radar,0,5,66,0,71,0,3,187,0,190,0,8,253,0,261,191,0,191,452
07/21/2020,TMB,FL,ASO,ES,Towers with Radar,0,6,32,0,38,0,0,93,0,93,0,6,125,0,131,143,0,143,274
07/22/2020,TMB,FL,ASO,ES,Towers with Radar,0,4,33,0,37,0,0,89,0,89,0,4,122,0,126,94,0,94,220
07/23/2020,TMB,FL,ASO,ES,Towers with Radar,0,4,31,0,35,0,0,133,0,133,0,4,164,0,168,265,0,265,433
07/24/2020,TMB,FL,ASO,ES,Towers with Radar,0,6,86,0,92,0,0,268,0,268,0,6,354,0,360,363,0,363,723
07/25/2020,TMB,FL,ASO,ES,Towers with Radar,0,6,63,0,69,0,0,187,0,187,0,6,250,0,256,181,0,181,437
07/26/2020,TMB,FL,ASO,ES,Towers with Radar,0,5,59,0,64,0,2,185,0,187,0,7,244,0,251,144,0,144,395
07/27/2020,TMB,FL,ASO,ES,Towers with Radar,0,7,77,2,86,0,1,237,2,240,0,8,314,4,326,217,0,217,543
07/28/2020,TMB,FL,ASO,ES,Towers with Radar,0,5,81,0,86,0,0,204,0,204,0,5,285,0,290,381,0,381,671
07/29/2020,TMB,FL,ASO,ES,Towers with Radar,0,3,69,6,78,0,2,276,6,284,0,5,345,12,362,294,0,294,656
07/30/2020,TMB,FL,ASO,ES,Towers with Radar,0,5,72,0,77,0,1,288,0,289,0,6,360,0,366,356,0,356,722
07/31/2020,TMB,FL,ASO,ES,Towers with Radar,0,8,54,0,62,0,4,213,0,217,0,12,267,0,279,168,0,168,447
08/01/2020,TMB,FL,ASO,ES,Towers with Radar,0,2,6,0,8,0,0,4,0,4,0,2,10,0,12,0,0,0,12
08/02/2020,TMB,FL,ASO,ES,Towers with Radar,0,9,16,0,25,0,0,17,0,17,0,9,33,0,42,1,0,1,43
08/03/2020,TMB,FL,ASO,ES,Towers with Radar,0,9,27,0,36,0,0,108,0,108,0,9,135,0,144,178,0,178,322
08/04/2020,TMB,FL,ASO,ES,Towers with Radar,0,4,45,0,49,0,2,161,0,163,0,6,206,0,212,157,0,157,369
08/05/2020,TMB,FL,ASO,ES,Towers with Radar,0,4,48,0,52,0,0,169,0,169,0,4,217,0,221,324,0,324,545
08/06/2020,TMB,FL,ASO,ES,Towers with Radar,0,5,58,0,63,0,6,233,0,239,0,11,291,0,302,192,0,192,494
08/07/2020,TMB,FL,ASO,ES,Towers with Radar,0,3,58,0,61,0,0,224,0,224,0,3,282,0,285,293,0,293,578
08/08/2020,TMB,FL,ASO,ES,Towers with Radar,0,5,48,0,53,0,0,204,0,204,0,5,252,0,257,279,0,279,536
08/09/2020,TMB,FL,ASO,ES,Towers with Radar,0,1,39,0,40,0,0,141,0,141,0,1,180,0,181,132,0,132,313
08/10/2020,TMB,FL,ASO,ES,Towers with Radar,0,14,68,0,82,0,0,195,0,195,0,14,263,0,277,289,0,289,566
08/11/2020,TMB,FL,ASO,ES,Towers with Radar,0,1,77,0,78,0,0,269,0,269,0,1,346,0,347,412,0,412,759
08/12/2020,TMB,FL,ASO,ES,Towers with Radar,0,2,73,0,75,0,0,250,0,250,0,2,323,0,325,305,0,305,630
08/13/2020,TMB,FL,ASO,ES,Towers with Radar,0,5,98,0,103,0,1,263,0,264,0,6,361,0,367,440,0,440,807
08/14/2020,TMB,FL,ASO,ES,Towers with Radar,0,5,71,0,76,0,3,250,2,255,0,8,321,2,331,281,0,281,612
08/15/2020,TMB,FL,ASO,ES,Towers with Radar,0,6,34,0,40,0,0,136,0,136,0,6,170,0,176,149,0,149,325
08/16/2020,TMB,FL,ASO,ES,Towers with Radar,0,3,43,0,46,0,0,180,0,180,0,3,223,0,226,65,0,65,291
08/17/2020,TMB,FL,ASO,ES,Towers with Radar,0,2,50,0,52,0,0,214,0,214,0,2,264,0,266,341,0,341,607
08/18/2020,TMB,FL,ASO,ES,Towers with Radar,0,4,55,0,59,0,0,217,0,217,0,4,272,0,276,354,0,354,630
08/19/2020,TMB,FL,ASO,ES,Towers with Radar,0,4,50,0,54,0,0,91,0,91,0,4,141,0,145,194,0,194,339
08/20/2020,TMB,FL,ASO,ES,Towers with Radar,0,8,40,0,48,0,0,117,0,117,0,8,157,0,165,157,0,157,322
08/21/2020,TMB,FL,ASO,ES,Towers with Radar,0,3,82,0,85,0,0,294,1,295,0,3,376,1,380,275,0,275,655
08/22/2020,TMB,FL,ASO,ES,Towers with Radar,0,2,25,0,27,0,0,213,0,213,0,2,238,0,240,92,0,92,332
08/23/2020,TMB,FL,ASO,ES,Towers with Radar,0,1,27,0,28,0,0,94,0,94,0,1,121,0,122,21,0,21,143
08/24/2020,TMB,FL,ASO,ES,Towers with Radar,0,1,15,0,16,0,0,29,0,29,0,1,44,0,45,0,0,0,45
08/25/2020,TMB,FL,ASO,ES,Towers with Radar,0,4,41,0,45,0,0,209,0,209,0,4,250,0,254,301,0,301,555
08/26/2020,TMB,FL,ASO,ES,Towers with Radar,0,3,77,0,80,0,0,258,0,258,0,3,335,0,338,333,0,333,671
08/27/2020,TMB,FL,ASO,ES,Towers with Radar,0,3,56,0,59,0,2,238,0,240,0,5,294,0,299,185,0,185,484
08/28/2020,TMB,FL,ASO,ES,Towers with Radar,0,7,54,0,61,0,1,222,0,223,0,8,276,0,284,338,0,338,622
08/29/2020,TMB,FL,ASO,ES,Towers with Radar,0,5,63,0,68,0,0,230,0,230,0,5,293,0,298,291,0,291,589
08/30/2020,TMB,FL,ASO,ES,Towers with Radar,0,5,28,0,33,0,0,97,0,97,0,5,125,0,130,69,0,69,199
08/31/2020,TMB,FL,ASO,ES,Towers with Radar,0,4,44,0,48,0,0,152,0,152,0,4,196,0,200,245,0,245,445
09/01/2020,TMB,FL,ASO,ES,Towers with Radar,0,2,66,0,68,0,2,267,1,270,0,4,333,1,338,337,0,337,675
09/02/2020,TMB,FL,ASO,ES,Towers with Radar,0,7,77,0,84,0,0,284,0,284,0,7,361,0,368,460,0,460,828
09/03/2020,TMB,FL,ASO,ES,Towers with Radar,0,5,90,0,95,0,1,276,1,278,0,6,366,1,373,384,0,384,757
09/04/2020,TMB,FL,ASO,ES,Towers with Radar,0,4,81,0,85,0,0,288,0,288,0,4,369,0,373,343,0,343,716
09/05/2020,TMB,FL,ASO,ES,Towers with Radar,0,2,55,0,57,0,0,209,0,209,0,2,264,0,266,213,0,213,479
09/06/2020,TMB,FL,ASO,ES,Towers with Radar,0,2,16,0,18,0,0,99,0,99,0,2,115,0,117,71,0,71,188
09/07/2020,TMB,FL,ASO,ES,Towers with Radar,0,14,67,0,81,0,2,118,0,120,0,16,185,0,201,170,0,170,371
09/08/2020,TMB,FL,ASO,ES,Towers with Radar,0,5,61,0,66,0,0,153,0,153,0,5,214,0,219,252,0,252,471
09/09/2020,TMB,FL,ASO,ES,Towers with Radar,0,3,58,0,61,0,0,156,0,156,0,3,214,0,217,162,0,162,379
09/10/2020,TMB,FL,ASO,ES,Towers with Radar,0,1,70,0,71,0,0,163,0,163,0,1,233,0,234,184,0,184,418
09/11/2020,TMB,FL,ASO,ES,Towers with Radar,0,6,66,0,72,0,6,209,0,215,0,12,275,0,287,304,0,304,591
09/12/2020,TMB,FL,ASO,ES,Towers with Radar,0,3,13,0,16,0,0,6,0,6,0,3,19,0,22,0,0,0,22
09/13/2020,TMB,FL,ASO,ES,Towers with Radar,0,7,38,0,45,0,0,73,0,73,0,7,111,0,118,76,0,76,194
09/14/2020,TMB,FL,ASO,ES,Towers with Radar,0,6,88,1,95,0,0,298,0,298,0,6,386,1,393,378,0,378,771
09/15/2020,TMB,FL,ASO,ES,Towers with Radar,0,2,95,0,97,0,1,299,0,300,0,3,394,0,397,371,0,371,768
09/16/2020,TMB,FL,ASO,ES,Towers with Radar,0,5,100,0,105,0,0,273,0,273,0,5,373,0,378,223,0,223,601
09/17/2020,TMB,FL,ASO,ES,Towers with Radar,0,5,77,0,82,0,3,264,0,267,0,8,341,0,349,196,0,196,545
09/18/2020,TMB,FL,ASO,ES,Towers with Radar,0,5,55,0,60,0,3,261,0,264,0,8,316,0,324,365,0,365,689
09/19/2020,TMB,FL,ASO,ES,Towers with Radar,0,4,70,0,74,0,2,226,0,228,0,6,296,0,302,218,0,218,520
09/20/2020,TMB,FL,ASO,ES,Towers with Radar,0,1,43,0,44,0,0,174,0,174,0,1,217,0,218,50,0,50,268
09/21/2020,TMB,FL,ASO,ES,Towers with Radar,0,0,24,0,24,0,0,42,0,42,0,0,66,0,66,10,0,10,76
09/22/2020,TMB,FL,ASO,ES,Towers with Radar,0,5,62,0,67,0,0,242,0,242,0,5,304,0,309,223,0,223,532
09/23/2020,TMB,FL,ASO,ES,Towers with Radar,0,11,82,0,93,0,0,239,0,239,0,11,321,0,332,273,0,273,605
09/24/2020,TMB,FL,ASO,ES,Towers with Radar,0,3,39,0,42,0,0,105,0,105,0,3,144,0,147,83,0,83,230
09/25/2020,TMB,FL,ASO,ES,Towers with Radar,0,15,37,0,52,0,2,53,0,55,0,17,90,0,107,17,0,17,124
09/26/2020,TMB,FL,ASO,ES,Towers with Radar,0,5,53,0,58,0,3,215,0,218,0,8,268,0,276,149,0,149,425
09/27/2020,TMB,FL,ASO,ES,Towers with Radar,0,9,44,0,53,0,0,175,0,175,0,9,219,0,228,101,0,101,329
09/28/2020,TMB,FL,ASO,ES,Towers with Radar,0,7,54,0,61,0,0,134,0,134,0,7,188,0,195,161,0,161,356
09/29/2020,TMB,FL,ASO,ES,Towers with Radar,0,3,94,0,97,0,3,265,0,268,0,6,359,0,365,309,0,309,674
09/30/2020,TMB,FL,ASO,ES,Towers with Radar,0,5,73,0,78,0,0,221,0,221,0,5,294,0,299,351,0,351,650
10/01/2020,TMB,FL,ASO,ES,Towers with Radar,0,11,49,0,60,0,1,131,0,132,0,12,180,0,192,204,0,204,396
10/02/2020,TMB,FL,ASO,ES,Towers with Radar,0,7,38,0,45,0,1,134,0,135,0,8,172,0,180,232,0,232,412
10/03/2020,TMB,FL,ASO,ES,Towers with Radar,0,3,34,0,37,0,0,42,0,42,0,3,76,0,79,48,0,48,127
10/04/2020,TMB,FL,ASO,ES,Towers with Radar,0,9,44,0,53,0,1,133,0,134,0,10,177,0,187,85,0,85,272
10/05/2020,TMB,FL,ASO,ES,Towers with Radar,0,6,61,0,67,0,0,198,0,198,0,6,259,0,265,223,0,223,488
10/06/2020,TMB,FL,ASO,ES,Towers with Radar,2,7,48,0,57,0,1,170,0,171,2,8,218,0,228,232,0,232,460
10/07/2020,TMB,FL,ASO,ES,Towers with Radar,0,7,57,0,64,0,0,244,0,244,0,7,301,0,308,196,0,196,504
10/08/2020,TMB,FL,ASO,ES,Towers with Radar,0,3,60,0,63,0,2,260,0,262,0,5,320,0,325,320,0,320,645
10/09/2020,TMB,FL,ASO,ES,Towers with Radar,0,10,65,0,75,0,3,209,0,212,0,13,274,0,287,236,0,236,523
10/10/2020,TMB,FL,ASO,ES,Towers with Radar,0,1,28,0,29,0,0,166,0,166,0,1,194,0,195,110,0,110,305
10/11/2020,TMB,FL,ASO,ES,Towers with Radar,0,3,31,0,34,0,0,134,0,134,0,3,165,0,168,100,0,100,268
10/12/2020,TMB,FL,ASO,ES,Towers with Radar,0,12,39,0,51,0,2,207,0,209,0,14,246,0,260,257,0,257,517
10/13/2020,TMB,FL,ASO,ES,Towers with Radar,0,3,54,0,57,0,4,220,0,224,0,7,274,0,281,363,0,363,644
10/14/2020,TMB,FL,ASO,ES,Towers with Radar,0,3,62,0,65,0,2,215,0,217,0,5,277,0,282,334,0,334,616
10/15/2020,TMB,FL,ASO,ES,Towers with Radar,0,17,45,0,62,0,2,182,0,184,0,19,227,0,246,193,0,193,439
10/16/2020,TMB,FL,ASO,ES,Towers with Radar,0,12,31,0,43,0,0,30,0,30,0,12,61,0,73,6,0,6,79
10/17/2020,TMB,FL,ASO,ES,Towers with Radar,0,11,55,0,66,0,3,186,0,189,0,14,241,0,255,165,0,165,420
10/18/2020,TMB,FL,ASO,ES,Towers with Radar,0,7,40,0,47,0,0,102,0,102,0,7,142,0,149,33,0,33,182
10/19/2020,TMB,FL,ASO,ES,Towers with Radar,0,15,39,0,54,0,2,77,0,79,0,17,116,0,133,132,0,132,265
10/20/2020,TMB,FL,ASO,ES,Towers with Radar,0,3,35,0,38,0,0,62,0,62,0,3,97,0,100,166,0,166,266
10/21/2020,TMB,FL,ASO,ES,Towers with Radar,0,12,30,0,42,0,0,8,0,8,0,12,38,0,50,0,0,0,50
10/22/2020,TMB,FL,ASO,ES,Towers with Radar,0,12,69,0,81,0,0,202,0,202,0,12,271,0,283,331,0,331,614
10/23/2020,TMB,FL,ASO,ES,Towers with Radar,0,9,66,0,75,0,0,328,0,328,0,9,394,0,403,326,0,326,729
10/24/2020,TMB,FL,ASO,ES,Towers with Radar,0,8,43,0,51,0,3,173,0,176,0,11,216,0,227,129,0,129,356
10/25/2020,TMB,FL,ASO,ES,Towers with Radar,0,13,41,0,54,0,0,47,0,47,0,13,88,0,101,24,0,24,125
10/26/2020,TMB,FL,ASO,ES,Towers with Radar,0,6,76,0,82,0,1,177,0,178,0,7,253,0,260,267,0,267,527
10/27/2020,TMB,FL,ASO,ES,Towers with Radar,0,7,63,0,70,0,3,247,0,250,0,10,310,0,320,308,0,308,628
10/28/2020,TMB,FL,ASO,ES,Towers with Radar,0,10,55,0,65,0,2,227,1,230,0,12,282,1,295,251,0,251,546
10/29/2020,TMB,FL,ASO,ES,Towers with Radar,0,10,72,0,82,0,0,134,0,134,0,10,206,0,216,116,0,116,332
10/30/2020,TMB,FL,ASO,ES,Towers with Radar,0,9,62,0,71,0,2,200,0,202,0,11,262,0,273,229,0,229,502
10/31/2020,TMB,FL,ASO,ES,Towers with Radar,0,8,66,0,74,0,0,233,0,233,0,8,299,0,307,345,0,345,652
11/01/2020,TMB,FL,ASO,ES,Towers with Radar,0,11,46,0,57,0,0,106,0,106,0,11,152,0,163,179,0,179,342
11/02/2020,TMB,FL,ASO,ES,Towers with Radar,0,7,27,0,34,0,0,41,0,41,0,7,68,0,75,15,0,15,90
11/03/2020,TMB,FL,ASO,ES,Towers with Radar,0,5,52,0,57,0,3,117,0,120,0,8,169,0,177,123,0,123,300
11/04/2020,TMB,FL,ASO,ES,Towers with Radar,0,7,37,0,44,0,1,116,0,117,0,8,153,0,161,79,0,79,240
11/05/2020,TMB,FL,ASO,ES,Towers with Radar,0,9,34,0,43,0,0,55,0,55,0,9,89,0,98,63,0,63,161
11/06/2020,TMB,FL,ASO,ES,Towers with Radar,0,11,53,0,64,0,0,127,0,127,0,11,180,0,191,124,0,124,315
11/07/2020,TMB,FL,ASO,ES,Towers with Radar,0,9,39,0,48,0,0,57,0,57,0,9,96,0,105,71,0,71,176
11/08/2020,TMB,FL,ASO,ES,Towers with Radar,0,10,16,0,26,0,0,0,0,0,0,10,16,0,26,0,0,0,26
11/09/2020,TMB,FL,ASO,ES,Towers with Radar,0,2,5,0,7,0,0,21,0,21,0,2,26,0,28,0,0,0,28
11/10/2020,TMB,FL,ASO,ES,Towers with Radar,0,2,33,0,35,0,0,38,0,38,0,2,71,0,73,54,0,54,127
11/11/2020,TMB,FL,ASO,ES,Towers with Radar,0,5,27,0,32,0,0,58,0,58,0,5,85,0,90,10,0,10,100
11/12/2020,TMB,FL,ASO,ES,Towers with Radar,0,13,37,0,50,0,0,124,1,125,0,13,161,1,175,154,0,154,329
11/13/2020,TMB,FL,ASO,ES,Towers with Radar,0,9,90,0,99,0,0,160,0,160,0,9,250,0,259,186,0,186,445
11/14/2020,TMB,FL,ASO,ES,Towers with Radar,0,4,67,0,71,0,0,192,0,192,0,4,259,0,263,248,0,248,511
11/15/2020,TMB,FL,ASO,ES,Towers with Radar,0,13,49,0,62,0,0,186,0,186,0,13,235,0,248,164,0,164,412
11/16/2020,TMB,FL,ASO,ES,Towers with Radar,0,8,50,0,58,0,0,265,0,265,0,8,315,0,323,218,0,218,541
11/17/2020,TMB,FL,ASO,ES,Towers with Radar,0,8,58,0,66,0,0,167,0,167,0,8,225,0,233,178,0,178,411
11/18/2020,TMB,FL,ASO,ES,Towers with Radar,0,9,57,0,66,0,0,120,0,120,0,9,177,0,186,70,0,70,256
11/19/2020,TMB,FL,ASO,ES,Towers with Radar,0,5,46,0,51,0,0,92,0,92,0,5,138,0,143,74,0,74,217
11/20/2020,TMB,FL,ASO,ES,Towers with Radar,0,15,71,0,86,0,1,164,0,165,0,16,235,0,251,100,0,100,351
11/21/2020,TMB,FL,ASO,ES,Towers with Radar,0,17,74,0,91,0,0,253,0,253,0,17,327,0,344,250,0,250,594
11/22/2020,TMB,FL,ASO,ES,Towers with Radar,0,12,67,0,79,0,0,95,0,95,0,12,162,0,174,51,0,51,225
11/23/2020,TMB,FL,ASO,ES,Towers with Radar,0,19,49,0,68,0,0,268,0,268,0,19,317,0,336,208,0,208,544
11/24/2020,TMB,FL,ASO,ES,Towers with Radar,0,4,85,0,89,0,3,229,0,232,0,7,314,0,321,214,0,214,535
11/25/2020,TMB,FL,ASO,ES,Towers with Radar,0,9,69,0,78,0,2,153,0,155,0,11,222,0,233,159,0,159,392
11/26/2020,TMB,FL,ASO,ES,Towers with Radar,0,8,38,0,46,0,0,149,0,149,0,8,187,0,195,190,0,190,385
11/27/2020,TMB,FL,ASO,ES,Towers with Radar,0,5,75,0,80,0,0,198,2,200,0,5,273,2,280,222,0,222,502
11/28/2020,TMB,FL,ASO,ES,Towers with Radar,0,15,36,0,51,0,1,177,0,178,0,16,213,0,229,256,0,256,485
11/29/2020,TMB,FL,ASO,ES,Towers with Radar,0,20,71,0,91,0,1,185,0,186,0,21,256,0,277,161,0,161,438
11/30/2020,TMB,FL,ASO,ES,Towers with Radar,0,10,55,0,65,0,2,119,0,121,0,12,174,0,186,125,0,125,311
12/01/2020,TMB,FL,ASO,ES,Towers with Radar,0,14,40,0,54,0,2,221,0,223,0,16,261,0,277,168,0,168,445
12/02/2020,TMB,FL,ASO,ES,Towers with Radar,0,6,53,2,61,0,0,227,0,227,0,6,280,2,288,95,0,95,383
12/03/2020,TMB,FL,ASO,ES,Towers with Radar,0,6,58,0,64,0,0,222,1,223,0,6,280,1,287,261,0,261,548
12/04/2020,TMB,FL,ASO,ES,Towers with Radar,0,9,71,0,80,0,3,206,0,209,0,12,277,0,289,306,0,306,595
12/05/2020,TMB,FL,ASO,ES,Towers with Radar,0,7,48,0,55,0,3,227,0,230,0,10,275,0,285,390,0,390,675
12/06/2020,TMB,FL,ASO,ES,Towers with Radar,0,10,45,0,55,0,0,168,0,168,0,10,213,0,223,173,0,173,396
12/07/2020,TMB,FL,ASO,ES,Towers with Radar,0,11,38,0,49,0,2,89,0,91,0,13,127,0,140,95,0,95,235
12/08/2020,TMB,FL,ASO,ES,Towers with Radar,0,7,48,0,55,0,0,217,0,217,0,7,265,0,272,210,0,210,482
12/09/2020,TMB,FL,ASO,ES,Towers with Radar,0,2,57,0,59,0,3,263,0,266,0,5,320,0,325,183,0,183,508
12/10/2020,TMB,FL,ASO,ES,Towers with Radar,0,9,66,0,75,0,1,250,0,251,0,10,316,0,326,347,0,347,673
12/11/2020,TMB,FL,ASO,ES,Towers with Radar,0,5,90,0,95,0,2,245,0,247,0,7,335,0,342,345,0,345,687
12/12/2020,TMB,FL,ASO,ES,Towers with Radar,0,3,61,0,64,0,0,146,0,146,0,3,207,0,210,307,0,307,517
12/13/2020,TMB,FL,ASO,ES,Towers with Radar,0,2,48,0,50,0,0,227,0,227,0,2,275,0,277,135,0,135,412
12/14/2020,TMB,FL,ASO,ES,Towers with Radar,0,5,45,2,52,0,0,158,0,158,0,5,203,2,210,401,0,401,611
12/15/2020,TMB,FL,ASO,ES,Towers with Radar,0,11,67,0,78,0,4,198,0,202,0,15,265,0,280,272,0,272,552
12/16/2020,TMB,FL,ASO,ES,Towers with Radar,0,11,64,2,77,0,0,233,0,233,0,11,297,2,310,309,0,309,619
12/17/2020,TMB,FL,ASO,ES,Towers with Radar,0,5,54,0,59,0,1,138,0,139,0,6,192,0,198,286,0,286,484
12/18/2020,TMB,FL,ASO,ES,Towers with Radar,1,17,48,0,66,0,1,209,1,211,1,18,257,1,277,201,0,201,478
12/19/2020,TMB,FL,ASO,ES,Towers with Radar,1,20,89,0,110,0,0,309,0,309,1,20,398,0,419,362,0,362,781
12/20/2020,TMB,FL,ASO,ES,Towers with Radar,0,15,39,0,54,0,0,189,0,189,0,15,228,0,243,110,0,110,353
12/21/2020,TMB,FL,ASO,ES,Towers with Radar,0,13,49,0,62,0,0,173,0,173,0,13,222,0,235,233,0,233,468
12/22/2020,TMB,FL,ASO,ES,Towers with Radar,0,12,52,0,64,0,3,282,0,285,0,15,334,0,349,170,0,170,519
12/23/2020,TMB,FL,ASO,ES,Towers with Radar,0,11,54,0,65,0,0,99,0,99,0,11,153,0,164,113,0,113,277
12/24/2020,TMB,FL,ASO,ES,Towers with Radar,0,11,15,0,26,0,0,86,0,86,0,11,101,0,112,85,0,85,197
12/25/2020,TMB,FL,ASO,ES,Towers with Radar,0,16,16,0,32,0,1,39,0,40,0,17,55,0,72,1,0,1,73
12/26/2020,TMB,FL,ASO,ES,Towers with Radar,0,25,66,0,91,0,1,214,0,215,0,26,280,0,306,80,0,80,386
12/27/2020,TMB,FL,ASO,ES,Towers with Radar,0,35,65,0,100,0,1,105,0,106,0,36,170,0,206,56,0,56,262
12/28/2020,TMB,FL,ASO,ES,Towers with Radar,0,13,58,0,71,0,1,169,0,170,0,14,227,0,241,223,0,223,464
12/29/2020,TMB,FL,ASO,ES,Towers with Radar,0,11,43,0,54,0,0,211,0,211,0,11,254,0,265,205,0,205,470
12/30/2020,TMB,FL,ASO,ES,Towers with Radar,0,9,52,0,61,0,0,127,0,127,0,9,179,0,188,93,0,93,281
12/31/2020,TMB,FL,ASO,ES,Towers with Radar,0,4,32,0,36,0,0,109,0,109,0,4,141,0,145,63,0,63,208
01/01/2021,TMB,FL,ASO,ES,Towers with Radar,0,9,25,0,34,0,5,49,0,54,0,14,74,0,88,1,0,1,89
01/02/2021,TMB,FL,ASO,ES,Towers with Radar,0,26,61,0,87,0,0,176,0,176,0,26,237,0,263,88,0,88,351
01/03/2021,TMB,FL,ASO,ES,Towers with Radar,0,31,76,0,107,0,1,132,0,133,0,32,208,0,240,20,0,20,260
01/04/2021,TMB,FL,ASO,ES,Towers with Radar,0,20,59,0,79,0,3,151,0,154,0,23,210,0,233,204,0,204,437
01/05/2021,TMB,FL,ASO,ES,Towers with Radar,0,22,52,0,74,0,0,161,0,161,0,22,213,0,235,160,0,160,395
01/06/2021,TMB,FL,ASO,ES,Towers with Radar,0,10,62,0,72,0,3,172,0,175,0,13,234,0,247,238,0,238,485
01/07/2021,TMB,FL,ASO,ES,Towers with Radar,0,14,50,2,66,0,0,128,0,128,0,14,178,2,194,228,0,228,422
01/08/2021,TMB,FL,ASO,ES,Towers with Radar,0,5,46,0,51,0,0,172,0,172,0,5,218,0,223,323,0,323,546
01/09/2021,TMB,FL,ASO,ES,Towers with Radar,0,6,56,0,62,0,0,230,0,230,0,6,286,0,292,180,0,180,472
01/10/2021,TMB,FL,ASO,ES,Towers with Radar,1,9,47,0,57,0,0,183,0,183,1,9,230,0,240,155,0,155,395
01/11/2021,TMB,FL,ASO,ES,Towers with Radar,0,8,46,0,54,0,0,206,0,206,0,8,252,0,260,483,0,483,743
01/12/2021,TMB,FL,ASO,ES,Towers with Radar,0,10,59,1,70,0,0,162,0,162,0,10,221,1,232,340,0,340,572
01/13/2021,TMB,FL,ASO,ES,Towers with Radar,0,7,40,1,48,0,3,172,0,175,0,10,212,1,223,235,0,235,458
01/14/2021,TMB,FL,ASO,ES,Towers with Radar,0,19,65,0,84,0,0,149,0,149,0,19,214,0,233,168,0,168,401
01/15/2021,TMB,FL,ASO,ES,Towers with Radar,0,18,55,0,73,0,0,208,0,208,0,18,263,0,281,299,0,299,580
01/16/2021,TMB,FL,ASO,ES,Towers with Radar,0,5,31,0,36,0,0,154,0,154,0,5,185,0,190,176,0,176,366
01/17/2021,TMB,FL,ASO,ES,Towers with Radar,0,4,47,0,51,0,0,148,0,148,0,4,195,0,199,200,0,200,399
01/18/2021,TMB,FL,ASO,ES,Towers with Radar,0,13,66,0,79,0,1,230,0,231,0,14,296,0,310,427,0,427,737
01/19/2021,TMB,FL,ASO,ES,Towers with Radar,0,3,66,0,69,0,0,276,1,277,0,3,342,1,346,352,0,352,698
01/20/2021,TMB,FL,ASO,ES,Towers with Radar,2,8,69,0,79,0,3,244,0,247,2,11,313,0,326,306,0,306,632
01/21/2021,TMB,FL,ASO,ES,Towers with Radar,0,5,64,0,69,0,0,225,1,226,0,5,289,1,295,362,0,362,657
01/22/2021,TMB,FL,ASO,ES,Towers with Radar,0,3,59,0,62,0,1,244,0,245,0,4,303,0,307,297,0,297,604
01/23/2021,TMB,FL,ASO,ES,Towers with Radar,0,0,36,0,36,0,0,217,0,217,0,0,253,0,253,186,0,186,439
01/24/2021,TMB,FL,ASO,ES,Towers with Radar,0,5,43,0,48,0,0,99,0,99,0,5,142,0,147,141,0,141,288
01/25/2021,TMB,FL,ASO,ES,Towers with Radar,0,0,60,2,62,0,2,193,0,195,0,2,253,2,257,222,0,222,479
01/26/2021,TMB,FL,ASO,ES,Towers with Radar,0,3,58,0,61,0,0,217,0,217,0,3,275,0,278,333,0,333,611
01/27/2021,TMB,FL,ASO,ES,Towers with Radar,0,9,59,0,68,0,0,181,0,181,0,9,240,0,249,258,0,258,507
01/28/2021,TMB,FL,ASO,ES,Towers with Radar,0,14,48,0,62,0,0,132,0,132,0,14,180,0,194,164,0,164,358
01/29/2021,TMB,FL,ASO,ES,Towers with Radar,0,6,66,0,72,0,0,308,0,308,0,6,374,0,380,277,0,277,657
01/30/2021,TMB,FL,ASO,ES,Towers with Radar,0,9,50,0,59,0,0,253,0,253,0,9,303,0,312,231,0,231,543
01/31/2021,TMB,FL,ASO,ES,Towers with Radar,0,21,58,0,79,0,0,176,0,176,0,21,234,0,255,94,0,94,349
02/01/2021,TMB,FL,ASO,ES,Towers with Radar,0,7,28,0,35,0,0,63,0,63,0,7,91,0,98,12,0,12,110
02/02/2021,TMB,FL,ASO,ES,Towers with Radar,0,8,31,0,39,0,0,113,1,114,0,8,144,1,153,66,0,66,219
02/03/2021,TMB,FL,ASO,ES,Towers with Radar,0,13,42,0,55,0,0,167,1,168,0,13,209,1,223,193,0,193,416
02/04/2021,TMB,FL,ASO,ES,Towers with Radar,0,10,54,0,64,0,2,254,0,256,0,12,308,0,320,262,0,262,582
02/05/2021,TMB,FL,ASO,ES,Towers with Radar,0,16,49,0,65,0,2,235,0,237,0,18,284,0,302,226,0,226,528
02/06/2021,TMB,FL,ASO,ES,Towers with Radar,0,16,46,0,62,0,0,103,0,103,0,16,149,0,165,54,0,54,219
02/07/2021,TMB,FL,ASO,ES,Towers with Radar,0,19,31,0,50,0,2,107,0,109,0,21,138,0,159,42,0,42,201
02/08/2021,TMB,FL,ASO,ES,Towers with Radar,0,17,57,0,74,0,0,158,0,158,0,17,215,0,232,181,0,181,413
02/09/2021,TMB,FL,ASO,ES,Towers with Radar,0,17,52,0,69,0,0,264,0,264,0,17,316,0,333,406,0,406,739
02/10/2021,TMB,FL,ASO,ES,Towers with Radar,0,23,65,0,88,0,0,283,0,283,0,23,348,0,371,334,0,334,705
02/11/2021,TMB,FL,ASO,ES,Towers with Radar,0,21,54,0,75,0,2,342,0,344,0,23,396,0,419,365,0,365,784
02/12/2021,TMB,FL,ASO,ES,Towers with Radar,0,15,57,0,72,0,6,203,0,209,0,21,260,0,281,349,0,349,630
02/13/2021,TMB,FL,ASO,ES,Towers with Radar,0,8,39,0,47,0,0,210,0,210,0,8,249,0,257,151,0,151,408
02/14/2021,TMB,FL,ASO,ES,Towers with Radar,0,14,36,0,50,0,0,150,0,150,0,14,186,0,200,64,0,64,264
02/15/2021,TMB,FL,ASO,ES,Towers with Radar,0,16,62,0,78,0,0,249,0,249,0,16,311,0,327,170,0,170,497
02/16/2021,TMB,FL,ASO,ES,Towers with Radar,0,12,32,0,44,0,2,40,0,42,0,14,72,0,86,42,0,42,128
02/17/2021,TMB,FL,ASO,ES,Towers with Radar,0,8,61,0,69,0,1,281,0,282,0,9,342,0,351,356,0,356,707
02/18/2021,TMB,FL,ASO,ES,Towers with Radar,0,10,72,0,82,0,0,228,0,228,0,10,300,0,310,291,0,291,601
02/19/2021,TMB,FL,ASO,ES,Towers with Radar,0,15,46,0,61,0,0,188,0,188,0,15,234,0,249,260,0,260,509
02/20/2021,TMB,FL,ASO,ES,Towers with Radar,0,21,50,0,71,0,0,227,0,227,0,21,277,0,298,89,0,89,387
02/21/2021,TMB,FL,ASO,ES,Towers with Radar,0,19,68,0,87,0,0,105,0,105,0,19,173,0,192,26,0,26,218
02/22/2021,TMB,FL,ASO,ES,Towers with Radar,0,9,49,0,58,0,0,183,0,183,0,9,232,0,241,233,0,233,474
02/23/2021,TMB,FL,ASO,ES,Towers with Radar,0,7,44,0,51,0,1,142,0,143,0,8,186,0,194,240,0,240,434
02/24/2021,TMB,FL,ASO,ES,Towers with Radar,0,7,48,0,55,0,0,132,0,132,0,7,180,0,187,233,0,233,420
02/25/2021,TMB,FL,ASO,ES,Towers with Radar,0,19,55,0,74,0,2,218,0,220,0,21,273,0,294,281,0,281,575
02/26/2021,TMB,FL,ASO,ES,Towers with Radar,0,16,67,0,83,0,0,289,0,289,0,16,356,0,372,266,0,266,638
02/27/2021,TMB,FL,ASO,ES,Towers with Radar,0,14,82,0,96,0,1,303,0,304,0,15,385,0,400,184,0,184,584
02/28/2021,TMB,FL,ASO,ES,Towers with Radar,0,15,98,0,113,0,1,144,0,145,0,16,242,0,258,155,0,155,413
03/01/2021,TMB,FL,ASO,ES,Towers with Radar,1,11,81,0,93,0,3,292,0,295,1,14,373,0,388,327,0,327,715
03/02/2021,TMB,FL,ASO,ES,Towers with Radar,0,8,62,0,70,0,0,306,1,307,0,8,368,1,377,392,0,392,769
03/03/2021,TMB,FL,ASO,ES,Towers with Radar,0,8,56,0,64,0,0,188,0,188,0,8,244,0,252,200,0,200,452
03/04/2021,TMB,FL,ASO,ES,Towers with Radar,0,7,53,0,60,0,1,229,0,230,0,8,282,0,290,319,0,319,609
03/05/2021,TMB,FL,ASO,ES,Towers with Radar,0,7,65,0,72,0,3,296,0,299,0,10,361,0,371,299,0,299,670
03/06/2021,TMB,FL,ASO,ES,Towers with Radar,0,8,57,0,65,0,0,121,0,121,0,8,178,0,186,131,0,131,317
03/07/2021,TMB,FL,ASO,ES,Towers with Radar,0,19,47,0,66,0,0,107,0,107,0,19,154,0,173,45,0,45,218
03/08/2021,TMB,FL,ASO,ES,Towers with Radar,0,10,46,0,56,0,3,148,0,151,0,13,194,0,207,152,0,152,359
03/09/2021,TMB,FL,ASO,ES,Towers with Radar,0,8,59,0,67,0,1,166,0,167,0,9,225,0,234,186,0,186,420
03/10/2021,TMB,FL,ASO,ES,Towers with Radar,0,8,58,0,66,0,0,153,0,153,0,8,211,0,219,105,0,105,324
03/11/2021,TMB,FL,ASO,ES,Towers with Radar,0,12,60,0,72,0,0,266,0,266,0,12,326,0,338,163,0,163,501
03/12/2021,TMB,FL,ASO,ES,Towers with Radar,0,19,65,0,84,0,1,270,0,271,0,20,335,0,355,334,0,334,689
03/13/2021,TMB,FL,ASO,ES,Towers with Radar,0,10,80,0,90,0,0,305,0,305,0,10,385,0,395,356,0,356,751
03/14/2021,TMB,FL,ASO,ES,Towers with Radar,0,21,51,0,72,0,1,192,0,193,0,22,243,0,265,219,0,219,484
03/15/2021,TMB,FL,ASO,ES,Towers with Radar,0,8,71,0,79,0,0,223,0,223,0,8,294,0,302,208,0,208,510
03/16/2021,TMB,FL,ASO,ES,Towers with Radar,1,13,68,0,82,0,0,200,0,200,1,13,268,0,282,259,0,259,541
03/17/2021,TMB,FL,ASO,ES,Towers with Radar,0,10,73,2,85,0,0,189,0,189,0,10,262,2,274,269,0,269,543
03/18/2021,TMB,FL,ASO,ES,Towers with Radar,0,20,65,0,85,0,4,137,0,141,0,24,202,0,226,179,0,179,405
03/19/2021,TMB,FL,ASO,ES,Towers with Radar,0,16,69,0,85,0,2,241,0,243,0,18,310,0,328,329,0,329,657
03/20/2021,TMB,FL,ASO,ES,Towers with Radar,0,10,47,0,57,0,0,303,0,303,0,10,350,0,360,313,0,313,673
03/21/2021,TMB,FL,ASO,ES,Towers with Radar,0,19,67,0,86,0,2,183,0,185,0,21,250,0,271,205,0,205,476
03/22/2021,TMB,FL,ASO,ES,Towers with Radar,0,18,65,0,83,0,1,277,0,278,0,19,342,0,361,356,0,356,717
03/23/2021,TMB,FL,ASO,ES,Towers with Radar,0,17,62,2,81,0,1,247,0,248,0,18,309,2,329,419,0,419,748
03/24/2021,TMB,FL,ASO,ES,Towers with Radar,0,11,58,0,69,0,3,215,0,218,0,14,273,0,287,321,0,321,608
03/25/2021,TMB,FL,ASO,ES,Towers with Radar,0,13,76,0,89,0,1,212,0,213,0,14,288,0,302,195,0,195,497
03/26/2021,TMB,FL,ASO,ES,Towers with Radar,0,21,81,0,102,0,0,219,0,219,0,21,300,0,321,222,0,222,543
03/27/2021,TMB,FL,ASO,ES,Towers with Radar,0,26,62,0,88,0,0,163,0,163,0,26,225,0,251,188,0,188,439
03/28/2021,TMB,FL,ASO,ES,Towers with Radar,0,31,49,0,80,0,2,177,0,179,0,33,226,0,259,117,0,117,376
03/29/2021,TMB,FL,ASO,ES,Towers with Radar,0,18,76,0,94,0,0,252,0,252,0,18,328,0,346,318,0,318,664
03/30/2021,TMB,FL,ASO,ES,Towers with Radar,0,11,64,0,75,0,1,246,0,247,0,12,310,0,322,284,0,284,606
03/31/2021,TMB,FL,ASO,ES,Towers with Radar,0,23,92,0,115,0,0,329,2,331,0,23,421,2,446,280,0,280,726
04/01/2021,TMB,FL,ASO,ES,Towers with Radar,0,18,73,0,91,0,0,253,0,253,0,18,326,0,344,298,0,298,642
04/02/2021,TMB,FL,ASO,ES,Towers with Radar,0,22,45,0,67,0,1,139,0,140,0,23,184,0,207,15,0,15,222
04/03/2021,TMB,FL,ASO,ES,Towers with Radar,0,20,51,0,71,0,0,128,0,128,0,20,179,0,199,99,0,99,298
04/04/2021,TMB,FL,ASO,ES,Towers with Radar,0,6,66,0,72,0,0,153,0,153,0,6,219,0,225,33,0,33,258
04/05/2021,TMB,FL,ASO,ES,Towers with Radar,0,24,85,0,109,0,0,236,0,236,0,24,321,0,345,287,0,287,632
04/06/2021,TMB,FL,ASO,ES,Towers with Radar,0,6,82,0,88,0,0,256,0,256,0,6,338,0,344,349,0,349,693
04/07/2021,TMB,FL,ASO,ES,Towers with Radar,0,19,62,0,81,0,0,254,0,254,0,19,316,0,335,329,0,329,664
04/08/2021,TMB,FL,ASO,ES,Towers with Radar,0,9,59,0,68,0,1,291,0,292,0,10,350,0,360,371,0,371,731
04/09/2021,TMB,FL,ASO,ES,Towers with Radar,0,19,74,2,95,0,1,280,0,281,0,20,354,2,376,308,0,308,684
04/10/2021,TMB,FL,ASO,ES,Towers with Radar,0,16,53,0,69,0,1,208,0,209,0,17,261,0,278,118,0,118,396
04/11/2021,TMB,FL,ASO,ES,Towers with Radar,0,18,41,0,59,0,3,73,0,76,0,21,114,0,135,22,0,22,157
04/12/2021,TMB,FL,ASO,ES,Towers with Radar,0,20,61,0,81,0,0,219,0,219,0,20,280,0,300,323,0,323,623
04/13/2021,TMB,FL,ASO,ES,Towers with Radar,0,5,81,0,86,0,0,241,0,241,0,5,322,0,327,321,0,321,648
04/14/2021,TMB,FL,ASO,ES,Towers with Radar,0,11,68,0,79,0,0,214,0,214,0,11,282,0,293,398,0,398,691
04/15/2021,TMB,FL,ASO,ES,Towers with Radar,0,15,89,0,104,0,2,213,0,215,0,17,302,0,319,275,0,275,594
04/16/2021,TMB,FL,ASO,ES,Towers with Radar,0,19,63,0,82,0,1,191,0,192,0,20,254,0,274,306,0,306,580
04/17/2021,TMB,FL,ASO,ES,Towers with Radar,0,5,27,0,32,0,1,169,0,170,0,6,196,0,202,128,0,128,330
04/18/2021,TMB,FL,ASO,ES,Towers with Radar,0,14,48,0,62,0,0,142,0,142,0,14,190,0,204,120,0,120,324
04/19/2021,TMB,FL,ASO,ES,Towers with Radar,0,10,54,0,64,0,0,123,0,123,0,10,177,0,187,141,0,141,328
04/20/2021,TMB,FL,ASO,ES,Towers with Radar,0,20,49,0,69,0,1,97,0,98,0,21,146,0,167,199,0,199,366
04/21/2021,TMB,FL,ASO,ES,Towers with Radar,0,21,59,0,80,0,1,144,0,145,0,22,203,0,225,466,0,466,691
04/22/2021,TMB,FL,ASO,ES,Towers with Radar,0,11,94,0,105,0,0,279,0,279,0,11,373,0,384,389,0,389,773
04/23/2021,TMB,FL,ASO,ES,Towers with Radar,0,24,104,0,128,0,5,232,0,237,0,29,336,0,365,260,0,260,625
04/24/2021,TMB,FL,ASO,ES,Towers with Radar,0,20,49,0,69,0,0,150,0,150,0,20,199,0,219,82,0,82,301
04/25/2021,TMB,FL,ASO,ES,Towers with Radar,0,8,61,0,69,0,1,105,0,106,0,9,166,0,175,82,0,82,257
04/26/2021,TMB,FL,ASO,ES,Towers with Radar,0,8,82,0,90,0,0,182,0,182,0,8,264,0,272,209,0,209,481
04/27/2021,TMB,FL,ASO,ES,Towers with Radar,0,7,69,0,76,0,5,195,0,200,0,12,264,0,276,237,0,237,513
04/28/2021,TMB,FL,ASO,ES,Towers with Radar,0,6,98,0,104,0,1,288,0,289,0,7,386,0,393,407,0,407,800
04/29/2021,TMB,FL,ASO,ES,Towers with Radar,0,4,76,0,80,0,1,264,0,265,0,5,340,0,345,225,0,225,570
04/30/2021,TMB,FL,ASO,ES,Towers with Radar,0,11,64,0,75,0,0,261,0,261,0,11,325,0,336,204,0,204,540
05/01/2021,TMB,FL,ASO,ES,Towers with Radar,0,9,49,0,58,0,0,290,0,290,0,9,339,0,348,285,0,285,633
05/02/2021,TMB,FL,ASO,ES,Towers with Radar,0,11,35,0,46,0,0,149,0,149,0,11,184,0,195,61,0,61,256
05/03/2021,TMB,FL,ASO,ES,Towers with Radar,0,3,51,0,54,0,0,189,0,189,0,3,240,0,243,151,0,151,394
05/04/2021,TMB,FL,ASO,ES,Towers with Radar,0,9,67,0,76,0,0,180,0,180,0,9,247,0,256,237,0,237,493
05/05/2021,TMB,FL,ASO,ES,Towers with Radar,0,7,69,0,76,0,0,213,0,213,0,7,282,0,289,298,0,298,587
05/06/2021,TMB,FL,ASO,ES,Towers with Radar,0,22,57,0,79,0,0,173,2,175,0,22,230,2,254,165,0,165,419
05/07/2021,TMB,FL,ASO,ES,Towers with Radar,0,11,67,0,78,0,2,186,0,188,0,13,253,0,266,251,0,251,517
05/08/2021,TMB,FL,ASO,ES,Towers with Radar,0,4,44,0,48,0,0,253,0,253,0,4,297,0,301,139,0,139,440
05/09/2021,TMB,FL,ASO,ES,Towers with Radar,0,6,44,0,50,0,0,98,0,98,0,6,142,0,148,76,0,76,224
05/10/2021,TMB,FL,ASO,ES,Towers with Radar,0,7,72,0,79,0,0,199,0,199,0,7,271,0,278,374,0,374,652
05/11/2021,TMB,FL,ASO,ES,Towers with Radar,0,5,90,1,96,0,0,251,0,251,0,5,341,1,347,374,0,374,721
05/12/2021,TMB,FL,ASO,ES,Towers with Radar,0,8,69,0,77,0,0,232,0,232,0,8,301,0,309,286,0,286,595
05/13/2021,TMB,FL,ASO,ES,Towers with Radar,0,9,49,2,60,0,0,137,0,137,0,9,186,2,197,302,0,302,499
05/14/2021,TMB,FL,ASO,ES,Towers with Radar,0,21,77,0,98,0,0,158,0,158,0,21,235,0,256,279,0,279,535
05/15/2021,TMB,FL,ASO,ES,Towers with Radar,0,8,53,0,61,0,0,163,0,163,0,8,216,0,224,156,0,156,380
05/16/2021,TMB,FL,ASO,ES,Towers with Radar,0,11,40,0,51,0,0,147,0,147,0,11,187,0,198,43,0,43,241
05/17/2021,TMB,FL,ASO,ES,Towers with Radar,0,5,72,0,77,0,2,168,0,170,0,7,240,0,247,334,0,334,581
05/18/2021,TMB,FL,ASO,ES,Towers with Radar,0,11,45,0,56,0,0,157,0,157,0,11,202,0,213,142,0,142,355
05/19/2021,TMB,FL,ASO,ES,Towers with Radar,0,5,54,0,59,0,2,117,2,121,0,7,171,2,180,219,0,219,399
05/20/2021,TMB,FL,ASO,ES,Towers with Radar,0,10,60,0,70,0,2,89,0,91,0,12,149,0,161,31,0,31,192
05/21/2021,TMB,FL,ASO,ES,Towers with Radar,0,6,52,0,58,0,0,155,0,155,0,6,207,0,213,132,0,132,345
05/22/2021,TMB,FL,ASO,ES,Towers with Radar,0,7,53,0,60,0,0,172,0,172,0,7,225,0,232,81,0,81,313
05/23/2021,TMB,FL,ASO,ES,Towers with Radar,0,9,61,0,70,0,0,167,0,167,0,9,228,0,237,88,0,88,325
05/24/2021,TMB,FL,ASO,ES,Towers with Radar,0,8,93,0,101,0,1,252,0,253,0,9,345,0,354,303,0,303,657
05/25/2021,TMB,FL,ASO,ES,Towers with Radar,0,5,60,0,65,0,0,261,0,261,0,5,321,0,326,363,0,363,689
05/26/2021,TMB,FL,ASO,ES,Towers with Radar,0,6,76,0,82,0,0,242,0,242,0,6,318,0,324,316,0,316,640
05/27/2021,TMB,FL,ASO,ES,Towers with Radar,0,12,78,0,90,0,0,313,2,315,0,12,391,2,405,386,0,386,791
05/28/2021,TMB,FL,ASO,ES,Towers with Radar,0,14,60,0,74,0,4,222,0,226,0,18,282,0,300,376,0,376,676
05/29/2021,TMB,FL,ASO,ES,Towers with Radar,0,5,70,0,75,0,0,232,0,232,0,5,302,0,307,216,0,216,523
05/30/2021,TMB,FL,ASO,ES,Towers with Radar,0,6,28,0,34,0,0,131,0,131,0,6,159,0,165,164,0,164,329
05/31/2021,TMB,FL,ASO,ES,Towers with Radar,0,12,66,0,78,0,0,231,0,231,0,12,297,0,309,200,0,200,509
06/01/2021,TMB,FL,ASO,ES,Towers with Radar,0,7,62,0,69,0,1,107,0,108,0,8,169,0,177,149,0,149,326
06/02/2021,TMB,FL,ASO,ES,Towers with Radar,0,10,55,0,65,0,1,134,0,135,0,11,189,0,200,234,0,234,434
06/03/2021,TMB,FL,ASO,ES,Towers with Radar,0,16,40,0,56,0,0,91,0,91,0,16,131,0,147,132,0,132,279
06/04/2021,TMB,FL,ASO,ES,Towers with Radar,0,13,80,0,93,0,0,253,0,253,0,13,333,0,346,334,0,334,680
06/05/2021,TMB,FL,ASO,ES,Towers with Radar,0,9,46,0,55,0,0,225,0,225,0,9,271,0,280,253,0,253,533
06/06/2021,TMB,FL,ASO,ES,Towers with Radar,0,9,55,0,64,0,0,157,0,157,0,9,212,0,221,87,0,87,308
06/07/2021,TMB,FL,ASO,ES,Towers with Radar,0,9,71,0,80,0,0,274,0,274,0,9,345,0,354,371,0,371,725
06/08/2021,TMB,FL,ASO,ES,Towers with Radar,0,11,59,0,70,0,2,248,0,250,0,13,307,0,320,333,0,333,653
06/09/2021,TMB,FL,ASO,ES,Towers with Radar,0,12,72,0,84,0,1,267,0,268,0,13,339,0,352,417,0,417,769
06/10/2021,TMB,FL,ASO,ES,Towers with Radar,0,12,82,0,94,0,2,324,0,326,0,14,406,0,420,338,0,338,758
06/11/2021,TMB,FL,ASO,ES,Towers with Radar,0,11,74,0,85,0,0,269,0,269,0,11,343,0,354,409,0,409,763
06/12/2021,TMB,FL,ASO,ES,Towers with Radar,0,7,62,0,69,0,0,166,0,166,0,7,228,0,235,190,0,190,425
06/13/2021,TMB,FL,ASO,ES,Towers with Radar,0,11,39,0,50,0,0,203,0,203,0,11,242,0,253,197,0,197,450
06/14/2021,TMB,FL,ASO,ES,Towers with Radar,0,20,35,0,55,0,2,53,0,55,0,22,88,0,110,54,0,54,164
06/15/2021,TMB,FL,ASO,ES,Towers with Radar,0,8,58,0,66,0,0,178,0,178,0,8,236,0,244,320,0,320,564
06/16/2021,TMB,FL,ASO,ES,Towers with Radar,0,7,39,0,46,0,0,115,0,115,0,7,154,0,161,268,0,268,429
06/17/2021,TMB,FL,ASO,ES,Towers with Radar,0,17,64,0,81,0,1,249,0,250,0,18,313,0,331,390,0,390,721
06/18/2021,TMB,FL,ASO,ES,Towers with Radar,0,12,66,0,78,0,0,249,0,249,0,12,315,0,327,457,0,457,784
06/19/2021,TMB,FL,ASO,ES,Towers with Radar,0,13,60,0,73,0,0,308,0,308,0,13,368,0,381,278,0,278,659
06/20/2021,TMB,FL,ASO,ES,Towers with Radar,0,6,39,0,45,0,0,128,0,128,0,6,167,0,173,76,0,76,249
06/21/2021,TMB,FL,ASO,ES,Towers with Radar,0,2,59,0,61,0,0,270,0,270,0,2,329,0,331,327,0,327,658
06/22/2021,TMB,FL,ASO,ES,Towers with Radar,0,8,55,0,63,0,0,209,0,209,0,8,264,0,272,207,0,207,479
06/23/2021,TMB,FL,ASO,ES,Towers with Radar,0,7,56,1,64,0,0,252,2,254,0,7,308,3,318,289,0,289,607
06/24/2021,TMB,FL,ASO,ES,Towers with Radar,0,10,41,0,51,0,2,101,0,103,0,12,142,0,154,193,0,193,347
06/25/2021,TMB,FL,ASO,ES,Towers with Radar,0,6,49,0,55,0,0,143,0,143,0,6,192,0,198,119,0,119,317
06/26/2021,TMB,FL,ASO,ES,Towers with Radar,0,15,60,0,75,0,1,226,0,227,0,16,286,0,302,282,0,282,584
06/27/2021,TMB,FL,ASO,ES,Towers with Radar,0,14,43,0,57,0,1,173,0,174,0,15,216,0,231,220,0,220,451
06/28/2021,TMB,FL,ASO,ES,Towers with Radar,0,3,37,2,42,0,0,170,0,170,0,3,207,2,212,277,0,277,489
06/29/2021,TMB,FL,ASO,ES,Towers with Radar,1,4,38,0,43,0,0,177,0,177,1,4,215,0,220,353,0,353,573
06/30/2021,TMB,FL,ASO,ES,Towers with Radar,0,1,60,0,61,0,0,111,0,111,0,1,171,0,172,245,0,245,417
07/01/2021,TMB,FL,ASO,ES,Towers with Radar,0,21,90,0,111,0,1,71,0,72,0,22,161,0,183,29,0,29,212
07/02/2021,TMB,FL,ASO,ES,Towers with Radar,0,8,65,0,73,0,0,279,0,279,0,8,344,0,352,411,0,411,763
07/03/2021,TMB,FL,ASO,ES,Towers with Radar,0,2,56,0,58,0,2,294,0,296,0,4,350,0,354,239,0,239,593
07/04/2021,TMB,FL,ASO,ES,Towers with Radar,0,2,24,0,26,0,3,188,0,191,0,5,212,0,217,165,0,165,382
07/05/2021,TMB,FL,ASO,ES,Towers with Radar,0,14,57,0,71,0,0,109,0,109,0,14,166,0,180,212,0,212,392
07/06/2021,TMB,FL,ASO,ES,Towers with Radar,0,3,16,0,19,0,0,20,0,20,0,3,36,0,39,19,0,19,58
07/07/2021,TMB,FL,ASO,ES,Towers with Radar,0,3,77,0,80,0,1,203,0,204,0,4,280,0,284,447,0,447,731
07/08/2021,TMB,FL,ASO,ES,Towers with Radar,0,8,51,0,59,0,0,223,0,223,0,8,274,0,282,376,0,376,658
07/09/2021,TMB,FL,ASO,ES,Towers with Radar,0,2,79,0,81,0,2,290,0,292,0,4,369,0,373,482,0,482,855
07/10/2021,TMB,FL,ASO,ES,Towers with Radar,0,7,54,0,61,0,1,134,0,135,0,8,188,0,196,210,0,210,406
07/11/2021,TMB,FL,ASO,ES,Towers with Radar,0,10,44,0,54,0,0,157,0,157,0,10,201,0,211,90,0,90,301
07/12/2021,TMB,FL,ASO,ES,Towers with Radar,0,3,49,0,52,0,0,117,0,117,0,3,166,0,169,160,0,160,329
07/13/2021,TMB,FL,ASO,ES,Towers with Radar,0,7,31,0,38,0,0,93,1,94,0,7,124,1,132,219,0,219,351
07/14/2021,TMB,FL,ASO,ES,Towers with Radar,0,9,77,0,86,0,0,249,2,251,0,9,326,2,337,338,0,338,675
07/15/2021,TMB,FL,ASO,ES,Towers with Radar,0,8,70,0,78,0,0,310,0,310,0,8,380,0,388,345,0,345,733
07/16/2021,TMB,FL,ASO,ES,Towers with Radar,0,6,78,0,84,0,2,306,0,308,0,8,384,0,392,325,0,325,717
07/17/2021,TMB,FL,ASO,ES,Towers with Radar,0,11,64,0,75,0,2,267,0,269,0,13,331,0,344,202,0,202,546
07/18/2021,TMB,FL,ASO,ES,Towers with Radar,0,6,62,0,68,0,0,195,0,195,0,6,257,0,263,180,0,180,443
07/19/2021,TMB,FL,ASO,ES,Towers with Radar,0,2,77,0,79,0,0,249,0,249,0,2,326,0,328,326,0,326,654
07/20/2021,TMB,FL,ASO,ES,Towers with Radar,0,6,42,0,48,0,0,129,0,129,0,6,171,0,177,279,0,279,456
07/21/2021,TMB,FL,ASO,ES,Towers with Radar,0,2,68,0,70,0,1,254,0,255,0,3,322,0,325,477,0,477,802
07/22/2021,TMB,FL,ASO,ES,Towers with Radar,0,4,70,0,74,0,0,286,0,286,0,4,356,0,360,410,0,410,770
07/23/2021,TMB,FL,ASO,ES,Towers with Radar,0,7,54,0,61,0,0,190,1,191,0,7,244,1,252,227,0,227,479
07/24/2021,TMB,FL,ASO,ES,Towers with Radar,0,7,37,0,44,0,0,195,0,195,0,7,232,0,239,202,0,202,441
07/25/2021,TMB,FL,ASO,ES,Towers with Radar,0,4,26,0,30,0,1,165,0,166,0,5,191,0,196,173,0,173,369
07/26/2021,TMB,FL,ASO,ES,Towers with Radar,0,7,58,0,65,0,1,236,1,238,0,8,294,1,303,405,0,405,708
07/27/2021,TMB,FL,ASO,ES,Towers with Radar,0,10,59,0,69,0,1,223,0,224,0,11,282,0,293,357,0,357,650
07/28/2021,TMB,FL,ASO,ES,Towers with Radar,0,8,49,0,57,0,1,229,0,230,0,9,278,0,287,229,0,229,516
07/29/2021,TMB,FL,ASO,ES,Towers with Radar,0,1,50,0,51,0,0,192,1,193,0,1,242,1,244,303,0,303,547
07/30/2021,TMB,FL,ASO,ES,Towers with Radar,0,9,56,0,65,0,2,203,0,205,0,11,259,0,270,273,0,273,543
07/31/2021,TMB,FL,ASO,ES,Towers with Radar,0,1,51,0,52,0,0,238,0,238,0,1,289,0,290,331,0,331,621
08/01/2021,TMB,FL,ASO,ES,Towers with Radar,0,10,27,0,37,0,0,136,0,136,0,10,163,0,173,163,0,163,336
08/02/2021,TMB,FL,ASO,ES,Towers with Radar,0,12,44,0,56,0,0,157,0,157,0,12,201,0,213,318,0,318,531
08/03/2021,TMB,FL,ASO,ES,Towers with Radar,0,9,37,0,46,0,1,121,0,122,0,10,158,0,168,206,0,206,374
08/04/2021,TMB,FL,ASO,ES,Towers with Radar,0,3,34,0,37,0,0,145,1,146,0,3,179,1,183,329,0,329,512
08/05/2021,TMB,FL,ASO,ES,Towers with Radar,0,6,69,0,75,0,0,248,0,248,0,6,317,0,323,460,0,460,783
08/06/2021,TMB,FL,ASO,ES,Towers with Radar,0,14,54,0,68,0,3,204,0,207,0,17,258,0,275,412,0,412,687
08/07/2021,TMB,FL,ASO,ES,Towers with Radar,0,14,27,0,41,0,0,159,0,159,0,14,186,0,200,142,0,142,342
08/08/2021,TMB,FL,ASO,ES,Towers with Radar,0,8,49,0,57,0,0,186,0,186,0,8,235,0,243,281,0,281,524
08/09/2021,TMB,FL,ASO,ES,Towers with Radar,0,4,96,0,100,0,2,279,0,281,0,6,375,0,381,458,0,458,839
08/10/2021,TMB,FL,ASO,ES,Towers with Radar,0,9,37,1,47,0,0,171,0,171,0,9,208,1,218,302,0,302,520
08/11/2021,TMB,FL,ASO,ES,Towers with Radar,0,10,60,0,70,0,0,245,0,245,0,10,305,0,315,333,0,333,648
08/12/2021,TMB,FL,ASO,ES,Towers with Radar,0,12,38,0,50,0,2,192,1,195,0,14,230,1,245,273,0,273,518
08/13/2021,TMB,FL,ASO,ES,Towers with Radar,0,6,32,0,38,0,0,64,0,64,0,6,96,0,102,108,0,108,210
08/14/2021,TMB,FL,ASO,ES,Towers with Radar,0,4,12,0,16,0,0,26,0,26,0,4,38,0,42,18,0,18,60
08/15/2021,TMB,FL,ASO,ES,Towers with Radar,0,14,34,0,48,0,0,79,0,79,0,14,113,0,127,184,0,184,311
08/16/2021,TMB,FL,ASO,ES,Towers with Radar,0,8,78,0,86,0,1,237,0,238,0,9,315,0,324,428,0,428,752
08/17/2021,TMB,FL,ASO,ES,Towers with Radar,0,4,82,1,87,0,0,244,0,244,0,4,326,1,331,380,0,380,711
08/18/2021,TMB,FL,ASO,ES,Towers with Radar,0,3,61,0,64,0,0,261,0,261,0,3,322,0,325,389,0,389,714
08/19/2021,TMB,FL,ASO,ES,Towers with Radar,0,8,72,1,81,0,0,292,0,292,0,8,364,1,373,434,0,434,807
08/20/2021,TMB,FL,ASO,ES,Towers with Radar,0,8,62,0,70,0,1,275,0,276,0,9,337,0,346,348,0,348,694
08/21/2021,TMB,FL,ASO,ES,Towers with Radar,0,8,60,0,68,0,0,286,0,286,0,8,346,0,354,197,0,197,551
08/22/2021,TMB,FL,ASO,ES,Towers with Radar,0,11,45,0,56,0,0,167,0,167,0,11,212,0,223,117,0,117,340
08/23/2021,TMB,FL,ASO,ES,Towers with Radar,0,5,79,6,90,0,0,224,0,224,0,5,303,6,314,294,0,294,608
08/24/2021,TMB,FL,ASO,ES,Towers with Radar,0,8,55,0,63,0,4,201,0,205,0,12,256,0,268,321,0,321,589
08/25/2021,TMB,FL,ASO,ES,Towers with Radar,0,9,51,0,60,0,0,82,0,82,0,9,133,0,142,88,0,88,230
08/26/2021,TMB,FL,ASO,ES,Towers with Radar,0,9,73,0,82,0,2,206,1,209,0,11,279,1,291,270,0,270,561
08/27/2021,TMB,FL,ASO,ES,Towers with Radar,0,6,52,0,58,0,0,183,0,183,0,6,235,0,241,221,0,221,462
08/28/2021,TMB,FL,ASO,ES,Towers with Radar,0,4,54,0,58,0,2,173,0,175,0,6,227,0,233,155,0,155,388
08/29/2021,TMB,FL,ASO,ES,Towers with Radar,0,1,54,0,55,0,0,152,0,152,0,1,206,0,207,154,0,154,361
08/30/2021,TMB,FL,ASO,ES,Towers with Radar,0,7,52,0,59,0,0,156,0,156,0,7,208,0,215,226,0,226,441
08/31/2021,TMB,FL,ASO,ES,Towers with Radar,0,4,51,0,55,0,0,195,0,195,0,4,246,0,250,245,0,245,495
09/01/2021,TMB,FL,ASO,ES,Towers with Radar,0,9,63,0,72,0,1,221,0,222,0,10,284,0,294,634,0,634,928
09/02/2021,TMB,FL,ASO,ES,Towers with Radar,0,8,61,0,69,0,1,216,0,217,0,9,277,0,286,285,0,285,571
09/03/2021,TMB,FL,ASO,ES,Towers with Radar,0,8,56,0,64,0,1,156,0,157,0,9,212,0,221,268,0,268,489
09/04/2021,TMB,FL,ASO,ES,Towers with Radar,0,7,48,0,55,0,0,171,0,171,0,7,219,0,226,231,0,231,457
09/05/2021,TMB,FL,ASO,ES,Towers with Radar,0,4,25,0,29,0,0,175,0,175,0,4,200,0,204,183,0,183,387
09/06/2021,TMB,FL,ASO,ES,Towers with Radar,0,11,75,0,86,0,0,221,0,221,0,11,296,0,307,318,0,318,625
09/07/2021,TMB,FL,ASO,ES,Towers with Radar,0,8,52,0,60,0,0,218,0,218,0,8,270,0,278,302,0,302,580
09/08/2021,TMB,FL,ASO,ES,Towers with Radar,0,9,74,0,83,0,0,228,0,228,0,9,302,0,311,322,0,322,633
09/09/2021,TMB,FL,ASO,ES,Towers with Radar,0,7,55,0,62,0,0,255,0,255,0,7,310,0,317,381,0,381,698
09/10/2021,TMB,FL,ASO,ES,Towers with Radar,0,5,72,0,77,0,3,269,0,272,0,8,341,0,349,342,0,342,691
09/11/2021,TMB,FL,ASO,ES,Towers with Radar,0,2,57,0,59,0,0,316,1,317,0,2,373,1,376,381,0,381,757
09/12/2021,TMB,FL,ASO,ES,Towers with Radar,0,3,37,0,40,0,0,176,0,176,0,3,213,0,216,127,0,127,343
09/13/2021,TMB,FL,ASO,ES,Towers with Radar,0,7,54,0,61,0,0,150,0,150,0,7,204,0,211,256,0,256,467
09/14/2021,TMB,FL,ASO,ES,Towers with Radar,0,4,55,0,59,0,0,270,0,270,0,4,325,0,329,474,0,474,803
09/15/2021,TMB,FL,ASO,ES,Towers with Radar,0,6,57,0,63,0,2,213,0,215,0,8,270,0,278,341,0,341,619
09/16/2021,TMB,FL,ASO,ES,Towers with Radar,0,10,49,0,59,0,0,192,0,192,0,10,241,0,251,284,0,284,535
09/17/2021,TMB,FL,ASO,ES,Towers with Radar,0,3,65,0,68,0,0,150,0,150,0,3,215,0,218,125,0,125,343
09/18/2021,TMB,FL,ASO,ES,Towers with Radar,0,8,52,0,60,0,0,251,0,251,0,8,303,0,311,255,0,255,566
09/19/2021,TMB,FL,ASO,ES,Towers with Radar,0,4,43,0,47,0,0,148,0,148,0,4,191,0,195,212,0,212,407
09/20/2021,TMB,FL,ASO,ES,Towers with Radar,0,7,63,0,70,0,0,202,0,202,0,7,265,0,272,171,0,171,443
09/21/2021,TMB,FL,ASO,ES,Towers with Radar,0,5,37,0,42,0,0,165,0,165,0,5,202,0,207,291,0,291,498
09/22/2021,TMB,FL,ASO,ES,Towers with Radar,0,10,45,0,55,0,0,138,0,138,0,10,183,0,193,247,0,247,440
09/23/2021,TMB,FL,ASO,ES,Towers with Radar,0,11,66,0,77,0,1,265,0,266,0,12,331,0,343,313,0,313,656
09/24/2021,TMB,FL,ASO,ES,Towers with Radar,0,10,58,0,68,0,3,182,1,186,0,13,240,1,254,267,0,267,521
09/25/2021,TMB,FL,ASO,ES,Towers with Radar,0,5,42,0,47,0,0,162,0,162,0,5,204,0,209,183,0,183,392
09/26/2021,TMB,FL,ASO,ES,Towers with Radar,0,3,61,0,64,0,1,200,0,201,0,4,261,0,265,180,0,180,445
09/27/2021,TMB,FL,ASO,ES,Towers with Radar,0,10,81,0,91,0,2,330,1,333,0,12,411,1,424,229,0,229,653
09/28/2021,TMB,FL,ASO,ES,Towers with Radar,0,7,66,0,73,0,4,305,0,309,0,11,371,0,382,359,0,359,741
09/29/2021,TMB,FL,ASO,ES,Towers with Radar,0,4,52,0,56,0,0,331,0,331,0,4,383,0,387,426,0,426,813
09/30/2021,TMB,FL,ASO,ES,Towers with Radar,0,5,71,0,76,0,4,317,0,321,0,9,388,0,397,389,0,389,786
10/01/2021,TMB,FL,ASO,ES,Towers with Radar,0,16,62,0,78,0,0,133,0,133,0,16,195,0,211,136,0,136,347
10/02/2021,TMB,FL,ASO,ES,Towers with Radar,0,5,49,0,54,0,0,216,0,216,0,5,265,0,270,195,0,195,465
10/03/2021,TMB,FL,ASO,ES,Towers with Radar,0,5,49,0,54,0,0,203,1,204,0,5,252,1,258,143,0,143,401
10/04/2021,TMB,FL,ASO,ES,Towers with Radar,1,11,69,0,81,0,0,240,0,240,1,11,309,0,321,332,0,332,653
10/05/2021,TMB,FL,ASO,ES,Towers with Radar,0,7,63,0,70,0,6,272,0,278,0,13,335,0,348,334,0,334,682
10/06/2021,TMB,FL,ASO,ES,Towers with Radar,0,6,72,0,78,0,2,245,0,247,0,8,317,0,325,339,0,339,664
10/07/2021,TMB,FL,ASO,ES,Towers with Radar,0,12,71,0,83,0,4,223,0,227,0,16,294,0,310,308,0,308,618
10/08/2021,TMB,FL,ASO,ES,Towers with Radar,0,6,68,0,74,0,0,231,1,232,0,6,299,1,306,287,0,287,593
10/09/2021,TMB,FL,ASO,ES,Towers with Radar,0,4,50,0,54,0,0,210,0,210,0,4,260,0,264,240,0,240,504
10/10/2021,TMB,FL,ASO,ES,Towers with Radar,0,2,33,0,35,0,0,199,0,199,0,2,232,0,234,202,0,202,436
10/11/2021,TMB,FL,ASO,ES,Towers with Radar,0,6,53,0,59,0,0,223,0,223,0,6,276,0,282,360,0,360,642
10/12/2021,TMB,FL,ASO,ES,Towers with Radar,0,9,50,0,59,0,0,258,0,258,0,9,308,0,317,262,0,262,579
10/13/2021,TMB,FL,ASO,ES,Towers with Radar,0,8,60,0,68,0,0,264,0,264,0,8,324,0,332,363,0,363,695
10/14/2021,TMB,FL,ASO,ES,Towers with Radar,0,5,71,0,76,0,0,262,0,262,0,5,333,0,338,278,0,278,616
10/15/2021,TMB,FL,ASO,ES,Towers with Radar,0,10,71,0,81,0,1,243,0,244,0,11,314,0,325,369,0,369,694
10/16/2021,TMB,FL,ASO,ES,Towers with Radar,0,7,52,0,59,0,1,323,0,324,0,8,375,0,383,189,0,189,572
10/17/2021,TMB,FL,ASO,ES,Towers with Radar,0,16,40,0,56,0,0,339,0,339,0,16,379,0,395,168,0,168,563
10/18/2021,TMB,FL,ASO,ES,Towers with Radar,0,13,60,0,73,0,3,214,2,219,0,16,274,2,292,473,0,473,765
10/19/2021,TMB,FL,ASO,ES,Towers with Radar,0,16,65,0,81,0,4,310,1,315,0,20,375,1,396,305,0,305,701
10/20/2021,TMB,FL,ASO,ES,Towers with Radar,0,10,57,0,67,0,3,213,1,217,0,13,270,1,284,207,0,207,491
10/21/2021,TMB,FL,ASO,ES,Towers with Radar,0,9,74,0,83,0,3,297,0,300,0,12,371,0,383,403,0,403,786
10/22/2021,TMB,FL,ASO,ES,Towers with Radar,0,7,49,0,56,0,0,107,0,107,0,7,156,0,163,183,0,183,346
10/23/2021,TMB,FL,ASO,ES,Towers with Radar,0,3,39,0,42,0,0,220,0,220,0,3,259,0,262,343,0,343,605
10/24/2021,TMB,FL,ASO,ES,Towers with Radar,0,6,44,0,50,0,0,123,0,123,0,6,167,0,173,232,0,232,405
10/25/2021,TMB,FL,ASO,ES,Towers with Radar,0,7,39,0,46,0,0,113,1,114,0,7,152,1,160,91,0,91,251
10/26/2021,TMB,FL,ASO,ES,Towers with Radar,0,6,50,0,56,0,0,192,0,192,0,6,242,0,248,316,0,316,564
10/27/2021,TMB,FL,ASO,ES,Towers with Radar,0,6,66,0,72,0,1,288,0,289,0,7,354,0,361,413,0,413,774
10/28/2021,TMB,FL,ASO,ES,Towers with Radar,0,10,52,0,62,0,2,183,0,185,0,12,235,0,247,252,0,252,499
10/29/2021,TMB,FL,ASO,ES,Towers with Radar,0,10,58,0,68,0,2,190,0,192,0,12,248,0,260,219,0,219,479
10/30/2021,TMB,FL,ASO,ES,Towers with Radar,0,10,37,0,47,0,0,269,1,270,0,10,306,1,317,269,0,269,586
10/31/2021,TMB,FL,ASO,ES,Towers with Radar,0,10,58,0,68,0,0,211,0,211,0,10,269,0,279,124,0,124,403
11/01/2021,TMB,FL,ASO,ES,Towers with Radar,0,6,71,0,77,0,2,420,0,422,0,8,491,0,499,195,0,195,694
11/02/2021,TMB,FL,ASO,ES,Towers with Radar,0,15,67,0,82,0,1,152,0,153,0,16,219,0,235,191,0,191,426
11/03/2021,TMB,FL,ASO,ES,Towers with Radar,0,17,69,0,86,0,0,299,0,299,0,17,368,0,385,361,0,361,746
11/04/2021,TMB,FL,ASO,ES,Towers with Radar,0,9,94,0,103,0,2,283,0,285,0,11,377,0,388,485,0,485,873
11/05/2021,TMB,FL,ASO,ES,Towers with Radar,0,14,31,0,45,0,0,29,0,29,0,14,60,0,74,141,0,141,215
11/06/2021,TMB,FL,ASO,ES,Towers with Radar,0,5,61,0,66,0,2,151,0,153,0,7,212,0,219,78,0,78,297
11/07/2021,TMB,FL,ASO,ES,Towers with Radar,0,20,71,0,91,0,0,238,0,238,0,20,309,0,329,151,0,151,480
11/08/2021,TMB,FL,ASO,ES,Towers with Radar,2,7,75,2,86,0,0,406,0,406,2,7,481,2,492,312,0,312,804
11/09/2021,TMB,FL,ASO,ES,Towers with Radar,0,7,76,0,83,0,3,313,1,317,0,10,389,1,400,327,0,327,727
11/10/2021,TMB,FL,ASO,ES,Towers with Radar,0,16,110,0,126,0,4,297,0,301,0,20,407,0,427,269,0,269,696
11/11/2021,TMB,FL,ASO,ES,Towers with Radar,0,16,53,0,69,0,0,249,0,249,0,16,302,0,318,297,0,297,615
11/12/2021,TMB,FL,ASO,ES,Towers with Radar,0,7,72,0,79,0,0,192,0,192,0,7,264,0,271,271,0,271,542
11/13/2021,TMB,FL,ASO,ES,Towers with Radar,1,13,57,0,71,0,0,275,2,277,1,13,332,2,348,278,0,278,626
11/14/2021,TMB,FL,ASO,ES,Towers with Radar,0,9,73,1,83,0,0,244,0,244,0,9,317,1,327,222,0,222,549
11/15/2021,TMB,FL,ASO,ES,Towers with Radar,0,14,73,0,87,0,3,290,0,293,0,17,363,0,380,335,0,335,715
11/16/2021,TMB,FL,ASO,ES,Towers with Radar,0,5,109,0,114,0,0,337,0,337,0,5,446,0,451,439,0,439,890
11/17/2021,TMB,FL,ASO,ES,Towers with Radar,0,19,63,0,82,0,0,198,0,198,0,19,261,0,280,293,0,293,573
11/18/2021,TMB,FL,ASO,ES,Towers with Radar,0,14,55,0,69,0,0,74,0,74,0,14,129,0,143,144,0,144,287
11/19/2021,TMB,FL,ASO,ES,Towers with Radar,0,22,83,0,105,0,2,116,0,118,0,24,199,0,223,97,0,97,320
11/20/2021,TMB,FL,ASO,ES,Towers with Radar,0,30,62,0,92,0,0,76,0,76,0,30,138,0,168,40,0,40,208
11/21/2021,TMB,FL,ASO,ES,Towers with Radar,0,19,64,0,83,0,0,173,0,173,0,19,237,0,256,235,0,235,491
11/22/2021,TMB,FL,ASO,ES,Towers with Radar,0,19,62,0,81,0,3,194,0,197,0,22,256,0,278,197,0,197,475
11/23/2021,TMB,FL,ASO,ES,Towers with Radar,0,20,68,0,88,0,2,288,0,290,0,22,356,0,378,102,0,102,480
11/24/2021,TMB,FL,ASO,ES,Towers with Radar,0,4,107,0,111,0,1,384,0,385,0,5,491,0,496,356,0,356,852
11/25/2021,TMB,FL,ASO,ES,Towers with Radar,0,3,67,0,70,0,1,163,0,164,0,4,230,0,234,73,0,73,307
11/26/2021,TMB,FL,ASO,ES,Towers with Radar,0,12,64,0,76,0,3,356,0,359,0,15,420,0,435,324,0,324,759
11/27/2021,TMB,FL,ASO,ES,Towers with Radar,0,12,51,0,63,0,1,341,1,343,0,13,392,1,406,333,0,333,739
11/28/2021,TMB,FL,ASO,ES,Towers with Radar,0,24,107,0,131,0,2,264,0,266,0,26,371,0,397,135,0,135,532
11/29/2021,TMB,FL,ASO,ES,Towers with Radar,0,23,88,0,111,0,0,241,0,241,0,23,329,0,352,175,0,175,527
11/30/2021,TMB,FL,ASO,ES,Towers with Radar,0,28,89,0,117,0,0,356,0,356,0,28,445,0,473,432,0,432,905
12/01/2021,TMB,FL,ASO,ES,Towers with Radar,0,15,85,0,100,0,5,346,1,352,0,20,431,1,452,321,0,321,773
12/02/2021,TMB,FL,ASO,ES,Towers with Radar,0,20,63,0,83,0,1,269,0,270,0,21,332,0,353,400,0,400,753
12/03/2021,TMB,FL,ASO,ES,Towers with Radar,0,13,89,0,102,0,4,305,0,309,0,17,394,0,411,372,0,372,783
12/04/2021,TMB,FL,ASO,ES,Towers with Radar,0,11,56,0,67,0,0,279,0,279,0,11,335,0,346,273,0,273,619
12/05/2021,TMB,FL,ASO,ES,Towers with Radar,0,14,55,0,69,0,1,254,0,255,0,15,309,0,324,165,0,165,489
12/06/2021,TMB,FL,ASO,ES,Towers with Radar,0,17,44,0,61,0,0,137,0,137,0,17,181,0,198,174,0,174,372
12/07/2021,TMB,FL,ASO,ES,Towers with Radar,0,7,75,0,82,0,5,354,0,359,0,12,429,0,441,456,0,456,897
12/08/2021,TMB,FL,ASO,ES,Towers with Radar,0,9,81,1,91,0,2,280,0,282,0,11,361,1,373,427,0,427,800
12/09/2021,TMB,FL,ASO,ES,Towers with Radar,0,9,96,0,105,0,3,281,0,284,0,12,377,0,389,337,0,337,726
12/10/2021,TMB,FL,ASO,ES,Towers with Radar,0,14,56,0,70,0,0,301,0,301,0,14,357,0,371,384,0,384,755
12/11/2021,TMB,FL,ASO,ES,Towers with Radar,0,8,64,0,72,0,0,319,0,319,0,8,383,0,391,197,0,197,588
12/12/2021,TMB,FL,ASO,ES,Towers with Radar,0,5,75,0,80,0,0,265,1,266,0,5,340,1,346,187,0,187,533
12/13/2021,TMB,FL,ASO,ES,Towers with Radar,0,7,82,0,89,0,0,239,0,239,0,7,321,0,328,410,0,410,738
12/14/2021,TMB,FL,ASO,ES,Towers with Radar,0,7,91,0,98,0,0,328,0,328,0,7,419,0,426,269,0,269,695
12/15/2021,TMB,FL,ASO,ES,Towers with Radar,0,9,80,0,89,0,1,246,0,247,0,10,326,0,336,245,0,245,581
12/16/2021,TMB,FL,ASO,ES,Towers with Radar,0,10,61,0,71,0,0,206,0,206,0,10,267,0,277,185,0,185,462
12/17/2021,TMB,FL,ASO,ES,Towers with Radar,0,14,92,0,106,0,0,236,0,236,0,14,328,0,342,334,0,334,676
12/18/2021,TMB,FL,ASO,ES,Towers with Radar,0,26,41,0,67,0,0,243,0,243,0,26,284,0,310,116,0,116,426
12/19/2021,TMB,FL,ASO,ES,Towers with Radar,0,13,50,0,63,0,0,155,0,155,0,13,205,0,218,163,0,163,381
12/20/2021,TMB,FL,ASO,ES,Towers with Radar,0,9,75,4,88,0,1,222,0,223,0,10,297,4,311,244,0,244,555
12/21/2021,TMB,FL,ASO,ES,Towers with Radar,0,16,30,0,46,0,0,59,0,59,0,16,89,0,105,72,0,72,177
12/22/2021,TMB,FL,ASO,ES,Towers with Radar,0,23,56,0,79,0,5,269,1,275,0,28,325,1,354,167,0,167,521
12/23/2021,TMB,FL,ASO,ES,Towers with Radar,1,13,60,0,74,0,1,278,0,279,1,14,338,0,353,203,0,203,556
12/24/2021,TMB,FL,ASO,ES,Towers with Radar,0,3,39,0,42,0,0,146,0,146,0,3,185,0,188,145,0,145,333
12/25/2021,TMB,FL,ASO,ES,Towers with Radar,0,12,22,0,34,0,0,80,0,80,0,12,102,0,114,56,0,56,170
12/26/2021,TMB,FL,ASO,ES,Towers with Radar,0,25,90,0,115,0,0,215,0,215,0,25,305,0,330,64,0,64,394
12/27/2021,TMB,FL,ASO,ES,Towers with Radar,0,25,78,0,103,0,0,231,0,231,0,25,309,0,334,233,0,233,567
12/28/2021,TMB,FL,ASO,ES,Towers with Radar,0,15,45,0,60,0,2,197,0,199,0,17,242,0,259,244,0,244,503
12/29/2021,TMB,FL,ASO,ES,Towers with Radar,0,12,54,0,66,0,0,252,0,252,0,12,306,0,318,251,0,251,569
12/30/2021,TMB,FL,ASO,ES,Towers with Radar,0,10,45,0,55,0,0,209,0,209,0,10,254,0,264,186,0,186,450
12/31/2021,TMB,FL,ASO,ES,Towers with Radar,1,11,30,0,42,0,1,152,0,153,1,12,182,0,195,96,0,96,291
01/01/2022,TMB,FL,ASO,ES,Towers with Radar,0,14,44,0,58,0,0,143,0,143,0,14,187,0,201,70,0,70,271
01/02/2022,TMB,FL,ASO,ES,Towers with Radar,0,50,82,1,133,1,1,166,0,168,1,51,248,1,301,59,0,59,360
01/03/2022,TMB,FL,ASO,ES,Towers with Radar,0,24,67,0,91,0,4,184,0,188,0,28,251,0,279,128,0,128,407
01/04/2022,TMB,FL,ASO,ES,Towers with Radar,0,23,77,0,100,0,0,218,0,218,0,23,295,0,318,219,0,219,537
01/05/2022,TMB,FL,ASO,ES,Towers with Radar,0,14,48,0,62,0,0,165,0,165,0,14,213,0,227,193,0,193,420
01/06/2022,TMB,FL,ASO,ES,Towers with Radar,0,11,56,0,67,0,6,236,0,242,0,17,292,0,309,191,0,191,500
01/07/2022,TMB,FL,ASO,ES,Towers with Radar,0,11,77,4,92,0,0,220,0,220,0,11,297,4,312,275,0,275,587
01/08/2022,TMB,FL,ASO,ES,Towers with Radar,0,5,40,0,45,0,0,112,0,112,0,5,152,0,157,9,0,9,166
01/09/2022,TMB,FL,ASO,ES,Towers with Radar,0,16,55,0,71,0,0,115,0,115,0,16,170,0,186,76,0,76,262
01/10/2022,TMB,FL,ASO,ES,Towers with Radar,0,13,51,0,64,0,0,215,0,215,0,13,266,0,279,249,0,249,528
01/11/2022,TMB,FL,ASO,ES,Towers with Radar,0,6,57,0,63,0,0,171,0,171,0,6,228,0,234,204,0,204,438
01/12/2022,TMB,FL,ASO,ES,Towers with Radar,0,9,76,0,85,0,0,191,0,191,0,9,267,0,276,241,0,241,517
01/13/2022,TMB,FL,ASO,ES,Towers with Radar,0,14,60,0,74,0,0,259,0,259,0,14,319,0,333,270,0,270,603
01/14/2022,TMB,FL,ASO,ES,Towers with Radar,0,11,83,0,94,0,3,262,0,265,0,14,345,0,359,146,0,146,505
01/15/2022,TMB,FL,ASO,ES,Towers with Radar,0,13,74,0,87,0,3,336,0,339,0,16,410,0,426,305,0,305,731
01/16/2022,TMB,FL,ASO,ES,Towers with Radar,0,15,31,0,46,0,0,38,0,38,0,15,69,0,84,0,0,0,84
01/17/2022,TMB,FL,ASO,ES,Towers with Radar,0,32,87,0,119,0,0,262,0,262,0,32,349,0,381,135,0,135,516
01/18/2022,TMB,FL,ASO,ES,Towers with Radar,0,16,76,0,92,0,5,309,0,314,0,21,385,0,406,413,0,413,819
01/19/2022,TMB,FL,ASO,ES,Towers with Radar,0,19,61,0,80,0,2,178,0,180,0,21,239,0,260,151,0,151,411
01/20/2022,TMB,FL,ASO,ES,Towers with Radar,0,8,86,0,94,0,0,250,0,250,0,8,336,0,344,260,0,260,604
01/21/2022,TMB,FL,ASO,ES,Towers with Radar,0,16,84,0,100,0,3,272,0,275,0,19,356,0,375,405,0,405,780
01/22/2022,TMB,FL,ASO,ES,Towers with Radar,0,12,39,0,51,0,0,120,0,120,0,12,159,0,171,216,0,216,387
01/23/2022,TMB,FL,ASO,ES,Towers with Radar,0,7,67,0,74,0,1,63,0,64,0,8,130,0,138,43,0,43,181
01/24/2022,TMB,FL,ASO,ES,Towers with Radar,0,16,58,0,74,0,2,309,0,311,0,18,367,0,385,230,0,230,615
01/25/2022,TMB,FL,ASO,ES,Towers with Radar,0,15,81,0,96,0,4,300,0,304,0,19,381,0,400,471,0,471,871
01/26/2022,TMB,FL,ASO,ES,Towers with Radar,0,16,74,0,90,0,0,110,0,110,0,16,184,0,200,147,0,147,347
01/27/2022,TMB,FL,ASO,ES,Towers with Radar,0,13,78,0,91,0,1,225,0,226,0,14,303,0,317,365,0,365,682
01/28/2022,TMB,FL,ASO,ES,Towers with Radar,0,16,82,0,98,0,1,131,0,132,0,17,213,0,230,74,0,74,304
01/29/2022,TMB,FL,ASO,ES,Towers with Radar,0,18,23,0,41,0,0,92,0,92,0,18,115,0,133,52,0,52,185
01/30/2022,TMB,FL,ASO,ES,Towers with Radar,0,17,73,0,90,0,1,320,0,321,0,18,393,0,411,281,0,281,692
01/31/2022,TMB,FL,ASO,ES,Towers with Radar,0,8,72,0,80,0,2,372,0,374,0,10,444,0,454,315,0,315,769
02/01/2022,TMB,FL,ASO,ES,Towers with Radar,0,11,86,0,97,0,0,325,0,325,0,11,411,0,422,346,0,346,768
02/02/2022,TMB,FL,ASO,ES,Towers with Radar,0,13,75,0,88,0,2,239,0,241,0,15,314,0,329,248,0,248,577
02/03/2022,TMB,FL,ASO,ES,Towers with Radar,0,7,74,0,81,0,0,272,0,272,0,7,346,0,353,308,0,308,661
02/04/2022,TMB,FL,ASO,ES,Towers with Radar,0,15,67,0,82,0,0,301,0,301,0,15,368,0,383,430,0,430,813
02/05/2022,TMB,FL,ASO,ES,Towers with Radar,0,9,77,1,87,0,1,384,0,385,0,10,461,1,472,433,0,433,905
02/06/2022,TMB,FL,ASO,ES,Towers with Radar,0,13,62,0,75,0,1,244,0,245,0,14,306,0,320,229,0,229,549
02/07/2022,TMB,FL,ASO,ES,Towers with Radar,0,11,75,0,86,0,1,244,0,245,0,12,319,0,331,243,0,243,574
02/08/2022,TMB,FL,ASO,ES,Towers with Radar,0,12,68,0,80,0,1,251,0,252,0,13,319,0,332,281,0,281,613
02/09/2022,TMB,FL,ASO,ES,Towers with Radar,0,13,59,0,72,0,0,67,0,67,0,13,126,0,139,42,0,42,181
02/10/2022,TMB,FL,ASO,ES,Towers with Radar,0,20,78,0,98,0,0,352,0,352,0,20,430,0,450,344,0,344,794
02/11/2022,TMB,FL,ASO,ES,Towers with Radar,0,21,91,0,112,72,4,308,0,384,72,25,399,0,496,516,0,516,1012
02/12/2022,TMB,FL,ASO,ES,Towers with Radar,0,6,64,0,70,0,4,414,0,418,0,10,478,0,488,503,0,503,991
02/13/2022,TMB,FL,ASO,ES,Towers with Radar,0,23,50,0,73,0,4,122,0,126,0,27,172,0,199,97,0,97,296
02/14/2022,TMB,FL,ASO,ES,Towers with Radar,0,17,45,0,62,0,3,258,0,261,0,20,303,0,323,153,0,153,476
02/15/2022,TMB,FL,ASO,ES,Towers with Radar,0,10,89,0,99,0,2,231,0,233,0,12,320,0,332,163,0,163,495
02/16/2022,TMB,FL,ASO,ES,Towers with Radar,0,30,72,5,107,0,1,201,5,207,0,31,273,10,314,210,0,210,524
02/17/2022,TMB,FL,ASO,ES,Towers with Radar,0,29,94,0,123,66,0,186,0,252,66,29,280,0,375,354,0,354,729
02/18/2022,TMB,FL,ASO,ES,Towers with Radar,0,22,126,1,149,0,4,370,0,374,0,26,496,1,523,399,0,399,922
02/19/2022,TMB,FL,ASO,ES,Towers with Radar,0,22,75,0,97,0,1,247,0,248,0,23,322,0,345,226,0,226,571
02/20/2022,TMB,FL,ASO,ES,Towers with Radar,0,27,70,0,97,0,0,318,0,318,0,27,388,0,415,168,0,168,583
02/21/2022,TMB,FL,ASO,ES,Towers with Radar,0,29,120,0,149,0,2,423,0,425,0,31,543,0,574,456,0,456,1030
02/22/2022,TMB,FL,ASO,ES,Towers with Radar,0,13,72,2,87,0,0,326,0,326,0,13,398,2,413,348,0,348,761
02/23/2022,TMB,FL,ASO,ES,Towers with Radar,0,19,97,0,116,0,4,312,0,316,0,23,409,0,432,413,0,413,845
02/24/2022,TMB,FL,ASO,ES,Towers with Radar,0,12,79,0,91,0,1,326,0,327,0,13,405,0,418,492,0,492,910
02/25/2022,TMB,FL,ASO,ES,Towers with Radar,0,16,132,0,148,0,3,409,0,412,0,19,541,0,560,459,0,459,1019
02/26/2022,TMB,FL,ASO,ES,Towers with Radar,0,15,83,0,98,0,4,343,0,347,0,19,426,0,445,288,0,288,733
02/27/2022,TMB,FL,ASO,ES,Towers with Radar,0,18,71,0,89,0,0,266,0,266,0,18,337,0,355,231,0,231,586
02/28/2022,TMB,FL,ASO,ES,Towers with Radar,0,21,76,0,97,0,1,286,0,287,0,22,362,0,384,347,0,347,731
03/01/2022,TMB,FL,ASO,ES,Towers with Radar,0,17,79,0,96,0,2,238,0,240,0,19,317,0,336,346,0,346,682
03/02/2022,TMB,FL,ASO,ES,Towers with Radar,0,13,78,0,91,0,2,216,0,218,0,15,294,0,309,377,0,377,686
03/03/2022,TMB,FL,ASO,ES,Towers with Radar,0,11,80,2,93,0,2,374,0,376,0,13,454,2,469,462,0,462,931
03/04/2022,TMB,FL,ASO,ES,Towers with Radar,0,25,72,3,100,0,1,286,0,287,0,26,358,3,387,235,0,235,622
03/05/2022,TMB,FL,ASO,ES,Towers with Radar,0,7,43,0,50,0,2,191,1,194,0,9,234,1,244,18,0,18,262
03/06/2022,TMB,FL,ASO,ES,Towers with Radar,0,11,61,0,72,0,0,172,0,172,0,11,233,0,244,220,0,220,464
03/07/2022,TMB,FL,ASO,ES,Towers with Radar,0,26,60,0,86,0,0,141,0,141,0,26,201,0,227,127,0,127,354
03/08/2022,TMB,FL,ASO,ES,Towers with Radar,0,12,79,0,91,0,2,264,0,266,0,14,343,0,357,266,0,266,623
03/09/2022,TMB,FL,ASO,ES,Towers with Radar,0,16,58,0,74,0,0,221,0,221,0,16,279,0,295,241,0,241,536
03/10/2022,TMB,FL,ASO,ES,Towers with Radar,0,11,60,0,71,0,1,282,0,283,0,12,342,0,354,306,0,306,660
03/11/2022,TMB,FL,ASO,ES,Towers with Radar,0,20,86,0,106,0,1,297,0,298,0,21,383,0,404,333,0,333,737
03/12/2022,TMB,FL,ASO,ES,Towers with Radar,0,20,45,0,65,0,1,110,0,111,0,21,155,0,176,27,0,27,203
03/13/2022,TMB,FL,ASO,ES,Towers with Radar,0,25,84,0,109,0,1,211,0,212,0,26,295,0,321,59,0,59,380
03/14/2022,TMB,FL,ASO,ES,Towers with Radar,0,27,88,0,115,0,3,213,0,216,0,30,301,0,331,125,0,125,456
03/15/2022,TMB,FL,ASO,ES,Towers with Radar,0,8,44,0,52,0,0,84,0,84,0,8,128,0,136,119,0,119,255
03/16/2022,TMB,FL,ASO,ES,Towers with Radar,0,11,73,0,84,0,2,269,0,271,0,13,342,0,355,267,0,267,622
03/17/2022,TMB,FL,ASO,ES,Towers with Radar,0,15,65,0,80,0,1,235,0,236,0,16,300,0,316,497,0,497,813
03/18/2022,TMB,FL,ASO,ES,Towers with Radar,0,21,99,0,120,0,6,392,0,398,0,27,491,0,518,542,0,542,1060
03/19/2022,TMB,FL,ASO,ES,Towers with Radar,0,19,88,0,107,0,0,349,0,349,0,19,437,0,456,480,0,480,936
03/20/2022,TMB,FL,ASO,ES,Towers with Radar,0,23,71,0,94,0,2,190,0,192,0,25,261,0,286,180,0,180,466
03/21/2022,TMB,FL,ASO,ES,Towers with Radar,0,12,66,0,78,0,4,328,0,332,0,16,394,0,410,326,0,326,736
03/22/2022,TMB,FL,ASO,ES,Towers with Radar,0,7,72,0,79,0,1,269,0,270,0,8,341,0,349,279,0,279,628
03/23/2022,TMB,FL,ASO,ES,Towers with Radar,0,17,79,0,96,0,0,257,0,257,0,17,336,0,353,346,0,346,699
03/24/2022,TMB,FL,ASO,ES,Towers with Radar,0,18,53,0,71,0,0,118,2,120,0,18,171,2,191,82,0,82,273
03/25/2022,TMB,FL,ASO,ES,Towers with Radar,0,18,73,0,91,0,1,45,0,46,0,19,118,0,137,0,0,0,137
03/26/2022,TMB,FL,ASO,ES,Towers with Radar,0,13,51,0,64,0,2,390,1,393,0,15,441,1,457,220,0,220,677
03/27/2022,TMB,FL,ASO,ES,Towers with Radar,0,30,92,0,122,0,1,242,0,243,0,31,334,0,365,92,0,92,457
03/28/2022,TMB,FL,ASO,ES,Towers with Radar,0,12,85,5,102,0,3,350,0,353,0,15,435,5,455,439,0,439,894
03/29/2022,TMB,FL,ASO,ES,Towers with Radar,1,18,92,0,111,0,0,427,0,427,1,18,519,0,538,512,0,512,1050
03/30/2022,TMB,FL,ASO,ES,Towers with Radar,0,26,65,0,91,0,1,175,0,176,0,27,240,0,267,194,0,194,461
03/31/2022,TMB,FL,ASO,ES,Towers with Radar,0,14,74,1,89,0,0,148,0,148,0,14,222,1,237,105,0,105,342
04/01/2022,TMB,FL,ASO,ES,Towers with Radar,0,20,79,1,100,0,1,325,0,326,0,21,404,1,426,316,0,316,742
04/02/2022,TMB,FL,ASO,ES,Towers with Radar,0,13,61,0,74,0,0,359,0,359,0,13,420,0,433,291,0,291,724
04/03/2022,TMB,FL,ASO,ES,Towers with Radar,0,28,85,0,113,0,0,214,0,214,0,28,299,0,327,218,0,218,545
04/04/2022,TMB,FL,ASO,ES,Towers with Radar,0,20,42,0,62,0,0,124,0,124,0,20,166,0,186,220,0,220,406
04/05/2022,TMB,FL,ASO,ES,Towers with Radar,0,8,93,0,101,0,0,353,0,353,0,8,446,0,454,287,0,287,741
04/06/2022,TMB,FL,ASO,ES,Towers with Radar,0,12,88,0,100,0,2,316,0,318,0,14,404,0,418,365,0,365,783
04/07/2022,TMB,FL,ASO,ES,Towers with Radar,0,14,79,0,93,0,1,199,0,200,0,15,278,0,293,183,0,183,476
04/08/2022,TMB,FL,ASO,ES,Towers with Radar,0,32,89,0,121,0,0,378,0,378,0,32,467,0,499,324,0,324,823
04/09/2022,TMB,FL,ASO,ES,Towers with Radar,0,29,66,0,95,0,3,297,2,302,0,32,363,2,397,239,0,239,636
04/10/2022,TMB,FL,ASO,ES,Towers with Radar,0,24,94,0,118,0,1,322,0,323,0,25,416,0,441,131,0,131,572
04/11/2022,TMB,FL,ASO,ES,Towers with Radar,0,15,100,0,115,0,1,303,0,304,0,16,403,0,419,310,0,310,729
04/12/2022,TMB,FL,ASO,ES,Towers with Radar,0,11,82,0,93,0,0,333,0,333,0,11,415,0,426,226,0,226,652
04/13/2022,TMB,FL,ASO,ES,Towers with Radar,0,20,68,0,88,0,0,414,0,414,0,20,482,0,502,338,0,338,840
04/14/2022,TMB,FL,ASO,ES,Towers with Radar,0,24,107,0,131,0,2,283,0,285,0,26,390,0,416,456,0,456,872
04/15/2022,TMB,FL,ASO,ES,Towers with Radar,0,30,47,0,77,0,0,158,0,158,0,30,205,0,235,264,0,264,499
04/16/2022,TMB,FL,ASO,ES,Towers with Radar,0,19,74,0,93,0,0,364,2,366,0,19,438,2,459,297,0,297,756
04/17/2022,TMB,FL,ASO,ES,Towers with Radar,0,14,64,0,78,0,1,275,0,276,0,15,339,0,354,183,0,183,537
04/18/2022,TMB,FL,ASO,ES,Towers with Radar,0,26,111,0,137,0,3,306,0,309,0,29,417,0,446,273,0,273,719
04/19/2022,TMB,FL,ASO,ES,Towers with Radar,1,9,79,0,89,0,2,284,0,286,1,11,363,0,375,268,0,268,643
04/20/2022,TMB,FL,ASO,ES,Towers with Radar,0,15,67,0,82,0,0,264,0,264,0,15,331,0,346,301,0,301,647
04/21/2022,TMB,FL,ASO,ES,Towers with Radar,0,12,75,0,87,0,3,187,0,190,0,15,262,0,277,180,0,180,457
04/22/2022,TMB,FL,ASO,ES,Towers with Radar,0,8,63,0,71,0,0,121,0,121,0,8,184,0,192,120,0,120,312
04/23/2022,TMB,FL,ASO,ES,Towers with Radar,0,6,58,0,64,0,2,345,1,348,0,8,403,1,412,202,0,202,614
04/24/2022,TMB,FL,ASO,ES,Towers with Radar,0,17,78,0,95,0,0,272,0,272,0,17,350,0,367,163,0,163,530
04/25/2022,TMB,FL,ASO,ES,Towers with Radar,0,18,82,0,100,0,2,309,0,311,0,20,391,0,411,337,0,337,748
04/26/2022,TMB,FL,ASO,ES,Towers with Radar,0,7,70,0,77,0,0,357,0,357,0,7,427,0,434,382,0,382,816
04/27/2022,TMB,FL,ASO,ES,Towers with Radar,0,9,74,0,83,0,2,336,0,338,0,11,410,0,421,429,0,429,850
04/28/2022,TMB,FL,ASO,ES,Towers with Radar,0,7,62,0,69,0,1,273,0,274,0,8,335,0,343,295,0,295,638
04/29/2022,TMB,FL,ASO,ES,Towers with Radar,0,7,72,0,79,0,0,296,0,296,0,7,368,0,375,501,0,501,876
04/30/2022,TMB,FL,ASO,ES,Towers with Radar,0,3,51,1,55,0,1,178,1,180,0,4,229,2,235,166,0,166,401
05/01/2022,TMB,FL,ASO,ES,Towers with Radar,0,11,69,0,80,0,0,273,0,273,0,11,342,0,353,117,0,117,470
05/02/2022,TMB,FL,ASO,ES,Towers with Radar,0,17,60,0,77,0,0,291,0,291,0,17,351,0,368,398,0,398,766
05/03/2022,TMB,FL,ASO,ES,Towers with Radar,0,7,71,0,78,0,2,248,0,250,0,9,319,0,328,385,0,385,713
05/04/2022,TMB,FL,ASO,ES,Towers with Radar,0,14,56,0,70,0,0,261,0,261,0,14,317,0,331,231,0,231,562
05/05/2022,TMB,FL,ASO,ES,Towers with Radar,0,13,61,0,74,0,4,280,0,284,0,17,341,0,358,317,0,317,675
05/06/2022,TMB,FL,ASO,ES,Towers with Radar,0,14,89,0,103,0,2,327,1,330,0,16,416,1,433,403,0,403,836
05/07/2022,TMB,FL,ASO,ES,Towers with Radar,0,14,46,0,60,0,0,249,0,249,0,14,295,0,309,181,0,181,490
05/08/2022,TMB,FL,ASO,ES,Towers with Radar,0,16,60,0,76,0,0,205,0,205,0,16,265,0,281,122,0,122,403
05/09/2022,TMB,FL,ASO,ES,Towers with Radar,0,20,113,0,133,0,4,356,0,360,0,24,469,0,493,378,0,378,871
05/10/2022,TMB,FL,ASO,ES,Towers with Radar,0,7,48,0,55,0,2,312,0,314,0,9,360,0,369,391,0,391,760
05/11/2022,TMB,FL,ASO,ES,Towers with Radar,0,6,63,0,69,0,0,299,0,299,0,6,362,0,368,189,0,189,557
05/12/2022,TMB,FL,ASO,ES,Towers with Radar,0,4,66,0,70,0,0,254,2,256,0,4,320,2,326,252,0,252,578
05/13/2022,TMB,FL,ASO,ES,Towers with Radar,0,13,70,0,83,0,3,282,0,285,0,16,352,0,368,238,0,238,606
05/14/2022,TMB,FL,ASO,ES,Towers with Radar,0,3,27,0,30,0,1,298,1,300,0,4,325,1,330,146,0,146,476
05/15/2022,TMB,FL,ASO,ES,Towers with Radar,0,8,59,0,67,0,0,173,0,173,0,8,232,0,240,147,0,147,387
05/16/2022,TMB,FL,ASO,ES,Towers with Radar,0,11,46,0,57,0,0,175,0,175,0,11,221,0,232,314,0,314,546
05/17/2022,TMB,FL,ASO,ES,Towers with Radar,0,5,49,0,54,0,6,273,1,280,0,11,322,1,334,406,0,406,740
05/18/2022,TMB,FL,ASO,ES,Towers with Radar,0,14,64,0,78,0,2,309,0,311,0,16,373,0,389,356,0,356,745
05/19/2022,TMB,FL,ASO,ES,Towers with Radar,0,7,60,0,67,0,3,274,0,277,0,10,334,0,344,357,0,357,701
05/20/2022,TMB,FL,ASO,ES,Towers with Radar,0,12,59,0,71,0,0,141,0,141,0,12,200,0,212,197,0,197,409
05/21/2022,TMB,FL,ASO,ES,Towers with Radar,0,5,49,0,54,0,0,148,0,148,0,5,197,0,202,98,0,98,300
05/22/2022,TMB,FL,ASO,ES,Towers with Radar,0,10,68,0,78,0,0,219,1,220,0,10,287,1,298,170,0,170,468
05/23/2022,TMB,FL,ASO,ES,Towers with Radar,0,5,52,0,57,0,0,249,0,249,0,5,301,0,306,259,0,259,565
05/24/2022,TMB,FL,ASO,ES,Towers with Radar,0,11,71,0,82,0,2,312,0,314,0,13,383,0,396,379,0,379,775
05/25/2022,TMB,FL,ASO,ES,Towers with Radar,0,18,65,0,83,0,5,237,2,244,0,23,302,2,327,245,0,245,572
05/26/2022,TMB,FL,ASO,ES,Towers with Radar,0,16,87,0,103,0,0,355,0,355,0,16,442,0,458,343,0,343,801
05/27/2022,TMB,FL,ASO,ES,Towers with Radar,0,20,88,0,108,0,5,399,0,404,0,25,487,0,512,326,0,326,838
05/28/2022,TMB,FL,ASO,ES,Towers with Radar,0,6,52,0,58,0,0,227,1,228,0,6,279,1,286,240,0,240,526
05/29/2022,TMB,FL,ASO,ES,Towers with Radar,0,6,43,0,49,0,0,101,0,101,0,6,144,0,150,88,0,88,238
05/30/2022,TMB,FL,ASO,ES,Towers with Radar,0,26,63,0,89,0,1,203,0,204,0,27,266,0,293,200,0,200,493
05/31/2022,TMB,FL,ASO,ES,Towers with Radar,0,19,65,0,84,0,1,261,1,263,0,20,326,1,347,376,0,376,723
06/01/2022,TMB,FL,ASO,ES,Towers with Radar,0,15,50,0,65,0,1,255,0,256,0,16,305,0,321,277,0,277,598
06/02/2022,TMB,FL,ASO,ES,Towers with Radar,0,12,80,0,92,0,2,301,0,303,0,14,381,0,395,336,0,336,731
06/03/2022,TMB,FL,ASO,ES,Towers with Radar,0,18,36,0,54,0,0,18,0,18,0,18,54,0,72,0,0,0,72
06/04/2022,TMB,FL,ASO,ES,Towers with Radar,0,2,15,0,17,0,0,29,0,29,0,2,44,0,46,29,0,29,75
06/05/2022,TMB,FL,ASO,ES,Towers with Radar,0,11,68,4,83,0,1,271,0,272,0,12,339,4,355,260,0,260,615
06/06/2022,TMB,FL,ASO,ES,Towers with Radar,0,10,64,4,78,0,3,194,0,197,0,13,258,4,275,186,0,186,461
06/07/2022,TMB,FL,ASO,ES,Towers with Radar,0,7,42,0,49,0,0,170,0,170,0,7,212,0,219,236,0,236,455
06/08/2022,TMB,FL,ASO,ES,Towers with Radar,0,13,51,0,64,0,0,271,0,271,0,13,322,0,335,342,0,342,677
06/09/2022,TMB,FL,ASO,ES,Towers with Radar,0,22,56,0,78,0,1,269,0,270,0,23,325,0,348,305,0,305,653
06/10/2022,TMB,FL,ASO,ES,Towers with Radar,0,5,43,0,48,0,3,238,0,241,0,8,281,0,289,292,0,292,581
06/11/2022,TMB,FL,ASO,ES,Towers with Radar,0,4,47,0,51,0,1,271,2,274,0,5,318,2,325,137,0,137,462
06/12/2022,TMB,FL,ASO,ES,Towers with Radar,0,12,50,0,62,0,0,273,0,273,0,12,323,0,335,220,0,220,555
06/13/2022,TMB,FL,ASO,ES,Towers with Radar,0,9,70,0,79,0,1,322,0,323,0,10,392,0,402,388,0,388,790
06/14/2022,TMB,FL,ASO,ES,Towers with Radar,0,7,61,0,68,0,4,267,0,271,0,11,328,0,339,424,0,424,763
06/15/2022,TMB,FL,ASO,ES,Towers with Radar,0,7,81,0,88,0,4,321,0,325,0,11,402,0,413,380,0,380,793
06/16/2022,TMB,FL,ASO,ES,Towers with Radar,0,13,85,0,98,0,9,332,0,341,0,22,417,0,439,392,0,392,831
06/17/2022,TMB,FL,ASO,ES,Towers with Radar,0,8,73,0,81,0,2,254,0,256,0,10,327,0,337,266,0,266,603
06/18/2022,TMB,FL,ASO,ES,Towers with Radar,0,4,56,0,60,0,5,336,1,342,0,9,392,1,402,270,0,270,672
06/19/2022,TMB,FL,ASO,ES,Towers with Radar,0,14,47,0,61,0,0,233,0,233,0,14,280,0,294,161,0,161,455
06/20/2022,TMB,FL,ASO,ES,Towers with Radar,0,9,48,0,57,0,2,242,0,244,0,11,290,0,301,230,0,230,531
06/21/2022,TMB,FL,ASO,ES,Towers with Radar,0,13,73,0,86,0,0,243,0,243,0,13,316,0,329,308,0,308,637
06/22/2022,TMB,FL,ASO,ES,Towers with Radar,0,2,79,0,81,0,0,332,0,332,0,2,411,0,413,274,0,274,687
06/23/2022,TMB,FL,ASO,ES,Towers with Radar,0,14,85,0,99,0,1,373,0,374,0,15,458,0,473,468,0,468,941
06/24/2022,TMB,FL,ASO,ES,Towers with Radar,0,6,52,0,58,0,1,359,0,360,0,7,411,0,418,462,0,462,880
06/25/2022,TMB,FL,ASO,ES,Towers with Radar,0,8,42,0,50,0,0,231,1,232,0,8,273,1,282,209,0,209,491
06/26/2022,TMB,FL,ASO,ES,Towers with Radar,0,6,51,0,57,0,0,209,0,209,0,6,260,0,266,177,0,177,443
06/27/2022,TMB,FL,ASO,ES,Towers with Radar,0,14,64,0,78,0,2,267,0,269,0,16,331,0,347,348,0,348,695
06/28/2022,TMB,FL,ASO,ES,Towers with Radar,0,1,70,0,71,0,0,262,0,262,0,1,332,0,333,444,0,444,777
06/29/2022,TMB,FL,ASO,ES,Towers with Radar,0,9,49,0,58,0,0,256,0,256,0,9,305,0,314,380,0,380,694
06/30/2022,TMB,FL,ASO,ES,Towers with Radar,0,7,61,0,68,0,1,317,0,318,0,8,378,0,386,434,0,434,820
07/01/2022,TMB,FL,ASO,ES,Towers with Radar,0,8,82,2,92,0,6,345,0,351,0,14,427,2,443,409,0,409,852
07/02/2022,TMB,FL,ASO,ES,Towers with Radar,0,13,62,0,75,0,0,310,1,311,0,13,372,1,386,283,0,283,669
07/03/2022,TMB,FL,ASO,ES,Towers with Radar,0,9,39,0,48,0,0,234,0,234,0,9,273,0,282,217,0,217,499
07/04/2022,TMB,FL,ASO,ES,Towers with Radar,0,5,42,0,47,0,1,258,0,259,0,6,300,0,306,160,0,160,466
07/05/2022,TMB,FL,ASO,ES,Towers with Radar,0,12,80,0,92,0,1,255,0,256,0,13,335,0,348,370,0,370,718
07/06/2022,TMB,FL,ASO,ES,Towers with Radar,0,3,31,0,34,0,0,146,1,147,0,3,177,1,181,239,0,239,420
07/07/2022,TMB,FL,ASO,ES,Towers with Radar,0,7,69,0,76,0,2,335,0,337,0,9,404,0,413,486,0,486,899
07/08/2022,TMB,FL,ASO,ES,Towers with Radar,0,4,61,0,65,0,0,385,0,385,0,4,446,0,450,505,0,505,955
07/09/2022,TMB,FL,ASO,ES,Towers with Radar,0,5,53,0,58,0,0,331,0,331,0,5,384,0,389,295,0,295,684
07/10/2022,TMB,FL,ASO,ES,Towers with Radar,0,10,45,0,55,0,0,234,0,234,0,10,279,0,289,251,0,251,540
07/11/2022,TMB,FL,ASO,ES,Towers with Radar,0,9,41,0,50,0,1,258,0,259,0,10,299,0,309,409,0,409,718
07/12/2022,TMB,FL,ASO,ES,Towers with Radar,0,3,81,0,84,0,2,243,0,245,0,5,324,0,329,336,0,336,665
07/13/2022,TMB,FL,ASO,ES,Towers with Radar,0,7,49,0,56,0,0,207,0,207,0,7,256,0,263,330,0,330,593
07/14/2022,TMB,FL,ASO,ES,Towers with Radar,0,6,71,0,77,0,2,332,0,334,0,8,403,0,411,480,0,480,891
07/15/2022,TMB,FL,ASO,ES,Towers with Radar,0,8,62,0,70,0,0,248,0,248,0,8,310,0,318,409,0,409,727
07/16/2022,TMB,FL,ASO,ES,Towers with Radar,0,13,31,0,44,0,1,154,0,155,0,14,185,0,199,137,0,137,336
07/17/2022,TMB,FL,ASO,ES,Towers with Radar,0,9,54,0,63,0,1,167,0,168,0,10,221,0,231,149,0,149,380
07/18/2022,TMB,FL,ASO,ES,Towers with Radar,0,4,70,0,74,0,0,276,0,276,0,4,346,0,350,404,0,404,754
07/19/2022,TMB,FL,ASO,ES,Towers with Radar,0,9,68,0,77,0,8,316,0,324,0,17,384,0,401,415,0,415,816
07/20/2022,TMB,FL,ASO,ES,Towers with Radar,0,4,70,2,76,0,0,261,0,261,0,4,331,2,337,323,0,323,660
07/21/2022,TMB,FL,ASO,ES,Towers with Radar,0,6,81,0,87,0,0,335,0,335,0,6,416,0,422,377,0,377,799
07/22/2022,TMB,FL,ASO,ES,Towers with Radar,0,3,47,0,50,0,0,282,0,282,0,3,329,0,332,458,0,458,790
07/23/2022,TMB,FL,ASO,ES,Towers with Radar,0,6,59,0,65,0,1,288,0,289,0,7,347,0,354,328,0,328,682
07/24/2022,TMB,FL,ASO,ES,Towers with Radar,0,6,54,0,60,0,1,224,0,225,0,7,278,0,285,128,0,128,413
07/25/2022,TMB,FL,ASO,ES,Towers with Radar,0,2,51,0,53,0,3,252,0,255,0,5,303,0,308,381,0,381,689
07/26/2022,TMB,FL,ASO,ES,Towers with Radar,0,4,23,0,27,0,1,49,2,52,0,5,72,2,79,62,0,62,141
07/27/2022,TMB,FL,ASO,ES,Towers with Radar,1,7,87,0,95,0,5,287,0,292,1,12,374,0,387,594,0,594,981
07/28/2022,TMB,FL,ASO,ES,Towers with Radar,0,6,95,0,101,0,3,299,0,302,0,9,394,0,403,407,0,407,810
07/29/2022,TMB,FL,ASO,ES,Towers with Radar,0,5,65,0,70,0,2,318,0,320,0,7,383,0,390,359,0,359,749
07/30/2022,TMB,FL,ASO,ES,Towers with Radar,0,1,59,0,60,0,3,319,0,322,0,4,378,0,382,379,0,379,761
07/31/2022,TMB,FL,ASO,ES,Towers with Radar,0,9,50,0,59,0,1,283,0,284,0,10,333,0,343,257,0,257,600
08/01/2022,TMB,FL,ASO,ES,Towers with Radar,0,4,66,0,70,0,0,336,0,336,0,4,402,0,406,411,0,411,817
08/02/2022,TMB,FL,ASO,ES,Towers with Radar,0,9,60,0,69,0,0,310,0,310,0,9,370,0,379,343,0,343,722
08/03/2022,TMB,FL,ASO,ES,Towers with Radar,0,5,77,0,82,0,2,303,0,305,0,7,380,0,387,384,0,384,771
08/04/2022,TMB,FL,ASO,ES,Towers with Radar,0,5,68,0,73,0,4,322,0,326,0,9,390,0,399,441,0,441,840
08/05/2022,TMB,FL,ASO,ES,Towers with Radar,0,6,69,0,75,0,0,265,0,265,0,6,334,0,340,340,0,340,680
08/06/2022,TMB,FL,ASO,ES,Towers with Radar,0,4,45,0,49,0,1,268,2,271,0,5,313,2,320,279,0,279,599
08/07/2022,TMB,FL,ASO,ES,Towers with Radar,0,10,60,0,70,0,0,241,0,241,0,10,301,0,311,266,0,266,577
08/08/2022,TMB,FL,ASO,ES,Towers with Radar,0,7,77,0,84,0,2,331,0,333,0,9,408,0,417,323,0,323,740
08/09/2022,TMB,FL,ASO,ES,Towers with Radar,0,6,65,0,71,0,0,220,0,220,0,6,285,0,291,205,0,205,496
08/10/2022,TMB,FL,ASO,ES,Towers with Radar,0,6,71,0,77,0,2,361,0,363,0,8,432,0,440,425,0,425,865
08/11/2022,TMB,FL,ASO,ES,Towers with Radar,0,3,75,0,78,0,2,368,0,370,0,5,443,0,448,606,0,606,1054
08/12/2022,TMB,FL,ASO,ES,Towers with Radar,0,4,70,0,74,0,2,416,1,419,0,6,486,1,493,550,0,550,1043
08/13/2022,TMB,FL,ASO,ES,Towers with Radar,0,6,43,0,49,0,0,275,2,277,0,6,318,2,326,222,0,222,548
08/14/2022,TMB,FL,ASO,ES,Towers with Radar,0,5,32,0,37,0,0,259,2,261,0,5,291,2,298,315,1,316,614
08/15/2022,TMB,FL,ASO,ES,Towers with Radar,0,7,28,0,35,0,1,250,0,251,0,8,278,0,286,298,0,298,584
08/16/2022,TMB,FL,ASO,ES,Towers with Radar,0,9,48,0,57,0,0,270,0,270,0,9,318,0,327,366,0,366,693
08/17/2022,TMB,FL,ASO,ES,Towers with Radar,0,9,54,0,63,0,2,305,0,307,0,11,359,0,370,558,0,558,928
08/18/2022,TMB,FL,ASO,ES,Towers with Radar,0,7,62,0,69,0,0,274,0,274,0,7,336,0,343,427,0,427,770
08/19/2022,TMB,FL,ASO,ES,Towers with Radar,0,7,76,0,83,0,0,381,0,381,0,7,457,0,464,350,0,350,814
08/20/2022,TMB,FL,ASO,ES,Towers with Radar,0,1,63,0,64,0,0,338,2,340,0,1,401,2,404,220,0,220,624
08/21/2022,TMB,FL,ASO,ES,Towers with Radar,0,7,37,0,44,0,0,269,0,269,0,7,306,0,313,258,0,258,571
08/22/2022,TMB,FL,ASO,ES,Towers with Radar,0,0,74,0,74,0,0,328,0,328,0,0,402,0,402,421,0,421,823
08/23/2022,TMB,FL,ASO,ES,Towers with Radar,0,9,43,0,52,0,0,229,0,229,0,9,272,0,281,477,0,477,758
08/24/2022,TMB,FL,ASO,ES,Towers with Radar,0,2,76,0,78,0,0,256,0,256,0,2,332,0,334,271,0,271,605
08/25/2022,TMB,FL,ASO,ES,Towers with Radar,0,4,72,1,77,0,1,333,0,334,0,5,405,1,411,357,0,357,768
08/26/2022,TMB,FL,ASO,ES,Towers with Radar,0,4,60,0,64,0,2,289,0,291,0,6,349,0,355,420,0,420,775
08/27/2022,TMB,FL,ASO,ES,Towers with Radar,0,3,45,0,48,0,0,285,0,285,0,3,330,0,333,274,0,274,607
08/28/2022,TMB,FL,ASO,ES,Towers with Radar,0,1,50,0,51,0,2,227,0,229,0,3,277,0,280,140,0,140,420
08/29/2022,TMB,FL,ASO,ES,Towers with Radar,0,6,46,0,52,0,0,252,0,252,0,6,298,0,304,277,0,277,581
08/30/2022,TMB,FL,ASO,ES,Towers with Radar,0,5,72,0,77,0,0,313,0,313,0,5,385,0,390,366,0,366,756
08/31/2022,TMB,FL,ASO,ES,Towers with Radar,0,5,52,0,57,0,0,224,0,224,0,5,276,0,281,305,0,305,586
09/01/2022,TMB,FL,ASO,ES,Towers with Radar,0,9,72,0,81,0,1,274,0,275,0,10,346,0,356,277,0,277,633
09/02/2022,TMB,FL,ASO,ES,Towers with Radar,0,2,52,0,54,0,4,348,0,352,0,6,400,0,406,456,0,456,862
09/03/2022,TMB,FL,ASO,ES,Towers with Radar,0,0,54,0,54,0,3,350,2,355,0,3,404,2,409,251,0,251,660
09/04/2022,TMB,FL,ASO,ES,Towers with Radar,0,3,35,0,38,0,0,217,0,217,0,3,252,0,255,151,0,151,406
09/05/2022,TMB,FL,ASO,ES,Towers with Radar,0,7,72,0,79,0,0,353,2,355,0,7,425,2,434,353,0,353,787
09/06/2022,TMB,FL,ASO,ES,Towers with Radar,0,12,71,0,83,0,1,291,0,292,0,13,362,0,375,278,0,278,653
09/07/2022,TMB,FL,ASO,ES,Towers with Radar,0,8,55,0,63,0,2,299,0,301,0,10,354,0,364,306,0,306,670
09/08/2022,TMB,FL,ASO,ES,Towers with Radar,0,12,44,0,56,0,2,192,0,194,0,14,236,0,250,172,0,172,422
09/09/2022,TMB,FL,ASO,ES,Towers with Radar,0,4,45,0,49,0,0,303,0,303,0,4,348,0,352,340,0,340,692
09/10/2022,TMB,FL,ASO,ES,Towers with Radar,0,10,52,0,62,0,1,307,1,309,0,11,359,1,371,182,0,182,553
09/11/2022,TMB,FL,ASO,ES,Towers with Radar,0,7,62,0,69,0,0,246,0,246,0,7,308,0,315,199,0,199,514
09/12/2022,TMB,FL,ASO,ES,Towers with Radar,0,4,55,0,59,0,1,257,0,258,0,5,312,0,317,293,0,293,610
09/13/2022,TMB,FL,ASO,ES,Towers with Radar,0,6,55,0,61,0,0,265,0,265,0,6,320,0,326,269,0,269,595
09/14/2022,TMB,FL,ASO,ES,Towers with Radar,0,5,70,0,75,0,0,166,0,166,0,5,236,0,241,246,0,246,487
09/15/2022,TMB,FL,ASO,ES,Towers with Radar,0,7,63,0,70,0,0,188,1,189,0,7,251,1,259,216,0,216,475
09/16/2022,TMB,FL,ASO,ES,Towers with Radar,0,8,64,0,72,0,1,251,0,252,0,9,315,0,324,446,0,446,770
09/17/2022,TMB,FL,ASO,ES,Towers with Radar,0,4,63,0,67,0,0,286,0,286,0,4,349,0,353,221,0,221,574
09/18/2022,TMB,FL,ASO,ES,Towers with Radar,0,14,55,0,69,0,1,185,0,186,0,15,240,0,255,260,0,260,515
09/19/2022,TMB,FL,ASO,ES,Towers with Radar,0,7,73,0,80,0,1,239,0,240,0,8,312,0,320,433,0,433,753
09/20/2022,TMB,FL,ASO,ES,Towers with Radar,0,16,63,1,80,0,0,281,1,282,0,16,344,2,362,336,0,336,698
09/21/2022,TMB,FL,ASO,ES,Towers with Radar,0,9,80,0,89,0,1,297,0,298,0,10,377,0,387,331,0,331,718
09/22/2022,TMB,FL,ASO,ES,Towers with Radar,0,3,59,0,62,0,2,271,0,273,0,5,330,0,335,232,0,232,567
09/23/2022,TMB,FL,ASO,ES,Towers with Radar,0,9,98,1,108,0,0,375,1,376,0,9,473,2,484,458,0,458,942
09/24/2022,TMB,FL,ASO,ES,Towers with Radar,0,6,67,0,73,0,0,259,0,259,0,6,326,0,332,184,0,184,516
09/25/2022,TMB,FL,ASO,ES,Towers with Radar,0,7,63,0,70,0,0,237,0,237,0,7,300,0,307,183,0,183,490
09/26/2022,TMB,FL,ASO,ES,Towers with Radar,0,10,60,3,73,0,0,148,0,148,0,10,208,3,221,207,0,207,428
09/27/2022,TMB,FL,ASO,ES,Towers with Radar,0,7,18,0,25,0,0,6,0,6,0,7,24,0,31,0,0,0,31
09/28/2022,TMB,FL,ASO,ES,Towers with Radar,0,1,2,0,3,0,0,4,0,4,0,1,6,0,7,0,0,0,7
09/29/2022,TMB,FL,ASO,ES,Towers with Radar,0,3,28,0,31,0,0,80,0,80,0,3,108,0,111,128,0,128,239
09/30/2022,TMB,FL,ASO,ES,Towers with Radar,0,7,82,1,90,0,2,400,0,402,0,9,482,1,492,363,0,363,855
10/01/2022,TMB,FL,ASO,ES,Towers with Radar,0,7,49,0,56,0,0,321,2,323,0,7,370,2,379,300,0,300,679
10/02/2022,TMB,FL,ASO,ES,Towers with Radar,1,9,56,0,66,0,2,247,0,249,1,11,303,0,315,258,0,258,573
10/03/2022,TMB,FL,ASO,ES,Towers with Radar,0,2,50,0,52,0,0,239,0,239,0,2,289,0,291,527,0,527,818
10/04/2022,TMB,FL,ASO,ES,Towers with Radar,0,6,66,0,72,0,2,273,0,275,0,8,339,0,347,318,0,318,665
10/05/2022,TMB,FL,ASO,ES,Towers with Radar,0,10,72,0,82,0,4,345,0,349,0,14,417,0,431,523,0,523,954
10/06/2022,TMB,FL,ASO,ES,Towers with Radar,0,13,85,0,98,0,2,345,0,347,0,15,430,0,445,505,0,505,950
10/07/2022,TMB,FL,ASO,ES,Towers with Radar,0,17,82,0,99,0,2,355,0,357,0,19,437,0,456,372,0,372,828
10/08/2022,TMB,FL,ASO,ES,Towers with Radar,0,7,62,0,69,0,0,301,2,303,0,7,363,2,372,221,0,221,593
10/09/2022,TMB,FL,ASO,ES,Towers with Radar,0,8,58,0,66,0,0,102,0,102,0,8,160,0,168,145,0,145,313
10/10/2022,TMB,FL,ASO,ES,Towers with Radar,0,8,72,0,80,0,3,311,0,314,0,11,383,0,394,366,0,366,760
10/11/2022,TMB,FL,ASO,ES,Towers with Radar,0,10,69,0,79,0,1,296,0,297,0,11,365,0,376,266,0,266,642
10/12/2022,TMB,FL,ASO,ES,Towers with Radar,0,9,82,0,91,0,2,335,0,337,0,11,417,0,428,342,0,342,770
10/13/2022,TMB,FL,ASO,ES,Towers with Radar,0,20,48,0,68,0,0,147,1,148,0,20,195,1,216,187,0,187,403
10/14/2022,TMB,FL,ASO,ES,Towers with Radar,0,9,73,0,82,0,2,350,0,352,0,11,423,0,434,420,0,420,854
10/15/2022,TMB,FL,ASO,ES,Towers with Radar,0,10,60,0,70,0,0,265,2,267,0,10,325,2,337,292,0,292,629
10/16/2022,TMB,FL,ASO,ES,Towers with Radar,0,6,70,0,76,0,0,249,0,249,0,6,319,0,325,226,0,226,551
10/17/2022,TMB,FL,ASO,ES,Towers with Radar,0,12,68,0,80,0,2,264,0,266,0,14,332,0,346,431,0,431,777
10/18/2022,TMB,FL,ASO,ES,Towers with Radar,0,2,49,0,51,0,0,260,0,260,0,2,309,0,311,433,0,433,744
10/19/2022,TMB,FL,ASO,ES,Towers with Radar,0,11,67,0,78,0,0,142,0,142,0,11,209,0,220,170,0,170,390
10/20/2022,TMB,FL,ASO,ES,Towers with Radar,0,8,60,0,68,0,0,369,0,369,0,8,429,0,437,571,0,571,1008
10/21/2022,TMB,FL,ASO,ES,Towers with Radar,0,28,57,0,85,0,0,313,0,313,0,28,370,0,398,347,0,347,745
10/22/2022,TMB,FL,ASO,ES,Towers with Radar,0,24,77,0,101,0,2,405,0,407,0,26,482,0,508,265,0,265,773
10/23/2022,TMB,FL,ASO,ES,Towers with Radar,0,17,71,0,88,0,0,269,0,269,0,17,340,0,357,190,0,190,547
10/24/2022,TMB,FL,ASO,ES,Towers with Radar,0,2,92,1,95,0,5,302,0,307,0,7,394,1,402,462,0,462,864
10/25/2022,TMB,FL,ASO,ES,Towers with Radar,2,9,71,0,82,0,0,297,0,297,2,9,368,0,379,453,0,453,832
10/26/2022,TMB,FL,ASO,ES,Towers with Radar,0,1,71,0,72,0,0,362,0,362,0,1,433,0,434,464,0,464,898
10/27/2022,TMB,FL,ASO,ES,Towers with Radar,0,3,95,0,98,0,2,384,0,386,0,5,479,0,484,510,0,510,994
10/28/2022,TMB,FL,ASO,ES,Towers with Radar,0,2,76,2,80,0,2,415,1,418,0,4,491,3,498,522,0,522,1020
10/29/2022,TMB,FL,ASO,ES,Towers with Radar,0,8,53,0,61,0,0,382,0,382,0,8,435,0,443,357,0,357,800
10/30/2022,TMB,FL,ASO,ES,Towers with Radar,0,9,68,0,77,0,0,262,0,262,0,9,330,0,339,224,0,224,563
10/31/2022,TMB,FL,ASO,ES,Towers with Radar,0,4,57,0,61,0,0,269,0,269,0,4,326,0,330,397,0,397,727
11/01/2022,TMB,FL,ASO,ES,Towers with Radar,0,19,72,0,91,0,1,188,0,189,0,20,260,0,280,297,0,297,577
11/02/2022,TMB,FL,ASO,ES,Towers with Radar,0,21,61,0,82,0,2,300,0,302,0,23,361,0,384,450,0,450,834
11/03/2022,TMB,FL,ASO,ES,Towers with Radar,0,7,82,0,89,0,7,393,1,401,0,14,475,1,490,471,0,471,961
11/04/2022,TMB,FL,ASO,ES,Towers with Radar,1,16,83,0,100,0,1,306,1,308,1,17,389,1,408,381,0,381,789
11/05/2022,TMB,FL,ASO,ES,Towers with Radar,0,6,58,0,64,0,3,326,2,331,0,9,384,2,395,281,0,281,676
11/06/2022,TMB,FL,ASO,ES,Towers with Radar,0,14,68,0,82,0,0,241,0,241,0,14,309,0,323,254,0,254,577
11/07/2022,TMB,FL,ASO,ES,Towers with Radar,0,13,45,3,61,0,4,189,0,193,0,17,234,3,254,146,0,146,400
11/08/2022,TMB,FL,ASO,ES,Towers with Radar,1,15,46,0,62,0,1,140,0,141,1,16,186,0,203,88,0,88,291
11/09/2022,TMB,FL,ASO,ES,Towers with Radar,0,17,18,0,35,0,0,7,0,7,0,17,25,0,42,1,0,1,43
11/10/2022,TMB,FL,ASO,ES,Towers with Radar,0,5,39,0,44,0,0,54,0,54,0,5,93,0,98,48,0,48,146
11/11/2022,TMB,FL,ASO,ES,Towers with Radar,0,17,76,0,93,0,2,356,0,358,0,19,432,0,451,325,0,325,776
11/12/2022,TMB,FL,ASO,ES,Towers with Radar,0,14,78,0,92,0,1,351,0,352,0,15,429,0,444,267,0,267,711
11/13/2022,TMB,FL,ASO,ES,Towers with Radar,0,14,66,0,80,0,2,268,0,270,0,16,334,0,350,313,0,313,663
11/14/2022,TMB,FL,ASO,ES,Towers with Radar,0,22,78,0,100,0,3,241,0,244,0,25,319,0,344,464,0,464,808
11/15/2022,TMB,FL,ASO,ES,Towers with Radar,0,23,67,3,93,0,2,334,1,337,0,25,401,4,430,526,0,526,956
11/16/2022,TMB,FL,ASO,ES,Towers with Radar,0,12,91,0,103,0,3,291,0,294,0,15,382,0,397,395,0,395,792
11/17/2022,TMB,FL,ASO,ES,Towers with Radar,0,18,101,0,119,0,0,162,0,162,0,18,263,0,281,182,0,182,463
11/18/2022,TMB,FL,ASO,ES,Towers with Radar,0,16,93,0,109,0,1,412,0,413,0,17,505,0,522,390,0,390,912
11/19/2022,TMB,FL,ASO,ES,Towers with Radar,0,21,77,0,98,0,5,245,0,250,0,26,322,0,348,185,0,185,533
11/20/2022,TMB,FL,ASO,ES,Towers with Radar,0,34,67,0,101,0,0,2,0,2,0,34,69,0,103,1,0,1,104
11/21/2022,TMB,FL,ASO,ES,Towers with Radar,0,18,71,0,89,0,0,55,0,55,0,18,126,0,144,70,0,70,214
11/22/2022,TMB,FL,ASO,ES,Towers with Radar,0,26,109,0,135,0,0,312,0,312,0,26,421,0,447,398,0,398,845
11/23/2022,TMB,FL,ASO,ES,Towers with Radar,0,15,81,0,96,0,0,341,0,341,0,15,422,0,437,398,0,398,835
11/24/2022,TMB,FL,ASO,ES,Towers with Radar,0,3,42,0,45,0,1,213,0,214,0,4,255,0,259,179,0,179,438
11/25/2022,TMB,FL,ASO,ES,Towers with Radar,0,4,56,0,60,0,0,341,0,341,0,4,397,0,401,423,0,423,824
11/26/2022,TMB,FL,ASO,ES,Towers with Radar,0,19,48,0,67,0,2,361,1,364,0,21,409,1,431,277,0,277,708
11/27/2022,TMB,FL,ASO,ES,Towers with Radar,0,30,84,0,114,0,0,260,0,260,0,30,344,0,374,179,0,179,553
11/28/2022,TMB,FL,ASO,ES,Towers with Radar,0,14,101,0,115,0,0,307,0,307,0,14,408,0,422,276,0,276,698
11/29/2022,TMB,FL,ASO,ES,Towers with Radar,0,18,74,0,92,0,0,296,0,296,0,18,370,0,388,342,24,366,754
11/30/2022,TMB,FL,ASO,ES,Towers with Radar,0,18,83,0,101,0,1,309,0,310,0,19,392,0,411,325,0,325,736
12/01/2022,TMB,FL,ASO,ES,Towers with Radar,0,28,73,0,101,0,0,169,0,169,0,28,242,0,270,175,0,175,445
12/02/2022,TMB,FL,ASO,ES,Towers with Radar,0,19,83,0,102,0,4,302,0,306,0,23,385,0,408,217,0,217,625
12/03/2022,TMB,FL,ASO,ES,Towers with Radar,0,7,62,0,69,0,0,396,0,396,0,7,458,0,465,269,0,269,734
12/04/2022,TMB,FL,ASO,ES,Towers with Radar,0,19,68,0,87,0,0,229,0,229,0,19,297,0,316,130,0,130,446
12/05/2022,TMB,FL,ASO,ES,Towers with Radar,0,10,77,0,87,0,1,273,0,274,0,11,350,0,361,382,0,382,743
12/06/2022,TMB,FL,ASO,ES,Towers with Radar,0,3,88,0,91,0,2,301,0,303,0,5,389,0,394,379,0,379,773
12/07/2022,TMB,FL,ASO,ES,Towers with Radar,0,10,84,0,94,0,0,350,0,350,0,10,434,0,444,350,0,350,794
12/08/2022,TMB,FL,ASO,ES,Towers with Radar,0,8,101,0,109,0,2,373,0,375,0,10,474,0,484,553,0,553,1037
12/09/2022,TMB,FL,ASO,ES,Towers with Radar,0,7,87,0,94,0,0,339,0,339,0,7,426,0,433,442,0,442,875
12/10/2022,TMB,FL,ASO,ES,Towers with Radar,0,3,69,0,72,0,3,300,2,305,0,6,369,2,377,234,0,234,611
12/11/2022,TMB,FL,ASO,ES,Towers with Radar,0,5,67,0,72,0,0,274,0,274,0,5,341,0,346,200,0,200,546
12/12/2022,TMB,FL,ASO,ES,Towers with Radar,0,15,55,0,70,0,3,159,0,162,0,18,214,0,232,322,0,322,554
12/13/2022,TMB,FL,ASO,ES,Towers with Radar,0,10,102,0,112,0,4,279,0,283,0,14,381,0,395,316,0,316,711
12/14/2022,TMB,FL,ASO,ES,Towers with Radar,0,5,81,0,86,0,2,276,0,278,0,7,357,0,364,474,0,474,838
12/15/2022,TMB,FL,ASO,ES,Towers with Radar,0,12,58,0,70,0,2,256,0,258,0,14,314,0,328,218,0,218,546
12/16/2022,TMB,FL,ASO,ES,Towers with Radar,0,9,86,0,95,0,0,200,0,200,0,9,286,0,295,346,0,346,641
12/17/2022,TMB,FL,ASO,ES,Towers with Radar,0,10,77,0,87,0,1,135,0,136,0,11,212,0,223,273,0,273,496
12/18/2022,TMB,FL,ASO,ES,Towers with Radar,0,5,59,0,64,0,0,112,0,112,0,5,171,0,176,40,0,40,216
12/19/2022,TMB,FL,ASO,ES,Towers with Radar,0,7,71,0,78,0,4,283,4,291,0,11,354,4,369,387,0,387,756
12/20/2022,TMB,FL,ASO,ES,Towers with Radar,0,8,61,0,69,0,2,230,0,232,0,10,291,0,301,279,0,279,580
12/21/2022,TMB,FL,ASO,ES,Towers with Radar,0,10,61,0,71,0,0,314,0,314,0,10,375,0,385,328,0,328,713
12/22/2022,TMB,FL,ASO,ES,Towers with Radar,0,20,85,0,105,0,0,359,7,366,0,20,444,7,471,389,0,389,860
12/23/2022,TMB,FL,ASO,ES,Towers with Radar,0,11,50,0,61,0,0,169,5,174,0,11,219,5,235,251,0,251,486
12/24/2022,TMB,FL,ASO,ES,Towers with Radar,0,3,34,1,38,0,0,159,0,159,0,3,193,1,197,24,0,24,221
12/25/2022,TMB,FL,ASO,ES,Towers with Radar,0,20,10,0,30,0,0,33,0,33,0,20,43,0,63,12,0,12,75
12/26/2022,TMB,FL,ASO,ES,Towers with Radar,0,28,112,0,140,0,0,75,0,75,0,28,187,0,215,28,0,28,243
12/27/2022,TMB,FL,ASO,ES,Towers with Radar,0,20,90,0,110,0,0,183,0,183,0,20,273,0,293,149,0,149,442
12/28/2022,TMB,FL,ASO,ES,Towers with Radar,0,31,61,0,92,0,1,418,0,419,0,32,479,0,511,232,0,232,743
12/29/2022,TMB,FL,ASO,ES,Towers with Radar,0,12,69,0,81,0,1,318,0,319,0,13,387,0,400,266,0,266,666
12/30/2022,TMB,FL,ASO,ES,Towers with Radar,0,6,55,0,61,0,0,382,12,394,0,6,437,12,455,309,0,309,764
12/31/2022,TMB,FL,ASO,ES,Towers with Radar,0,9,44,0,53,0,0,254,9,263,0,9,298,9,316,167,0,167,483
01/01/2023,TMB,FL,ASO,ES,Towers with Radar,0,21,49,0,70,0,0,116,0,116,0,21,165,0,186,67,0,67,253
01/02/2023,TMB,FL,ASO,ES,Towers with Radar,0,45,87,0,132,0,1,305,0,306,0,46,392,0,438,260,0,260,698
01/03/2023,TMB,FL,ASO,ES,Towers with Radar,0,14,83,0,97,0,2,259,0,261,0,16,342,0,358,241,0,241,599
01/04/2023,TMB,FL,ASO,ES,Towers with Radar,0,14,60,0,74,0,2,272,0,274,0,16,332,0,348,233,0,233,581
01/05/2023,TMB,FL,ASO,ES,Towers with Radar,2,8,64,0,74,0,2,350,1,353,2,10,414,1,427,350,0,350,777
01/06/2023,TMB,FL,ASO,ES,Towers with Radar,0,10,70,0,80,0,0,318,1,319,0,10,388,1,399,247,0,247,646
01/07/2023,TMB,FL,ASO,ES,Towers with Radar,0,14,72,0,86,0,0,390,11,401,0,14,462,11,487,308,0,308,795
01/08/2023,TMB,FL,ASO,ES,Towers with Radar,0,10,55,0,65,0,0,243,12,255,0,10,298,12,320,219,0,219,539
01/09/2023,TMB,FL,ASO,ES,Towers with Radar,0,7,58,0,65,0,4,208,7,219,0,11,266,7,284,318,0,318,602
01/10/2023,TMB,FL,ASO,ES,Towers with Radar,0,10,56,0,66,0,0,313,0,313,0,10,369,0,379,370,0,370,749
01/11/2023,TMB,FL,ASO,ES,Towers with Radar,0,4,42,0,46,0,1,367,0,368,0,5,409,0,414,265,0,265,679
01/12/2023,TMB,FL,ASO,ES,Towers with Radar,0,11,80,0,91,0,0,307,1,308,0,11,387,1,399,132,0,132,531
01/13/2023,TMB,FL,ASO,ES,Towers with Radar,0,16,61,0,77,0,1,183,1,185,0,17,244,1,262,215,0,215,477
01/14/2023,TMB,FL,ASO,ES,Towers with Radar,0,9,50,0,59,0,0,222,0,222,0,9,272,0,281,104,0,104,385
01/15/2023,TMB,FL,ASO,ES,Towers with Radar,0,11,90,0,101,0,2,229,8,239,0,13,319,8,340,294,0,294,634
01/16/2023,TMB,FL,ASO,ES,Towers with Radar,0,8,100,0,108,0,2,374,5,381,0,10,474,5,489,458,0,458,947
01/17/2023,TMB,FL,ASO,ES,Towers with Radar,0,11,75,0,86,0,4,333,0,337,0,15,408,0,423,397,0,397,820
01/18/2023,TMB,FL,ASO,ES,Towers with Radar,0,11,94,0,105,0,0,354,0,354,0,11,448,0,459,366,0,366,825
01/19/2023,TMB,FL,ASO,ES,Towers with Radar,0,11,108,0,119,0,2,366,8,376,0,13,474,8,495,346,0,346,841
01/20/2023,TMB,FL,ASO,ES,Towers with Radar,0,8,85,2,95,0,6,320,6,332,0,14,405,8,427,341,0,341,768
01/21/2023,TMB,FL,ASO,ES,Towers with Radar,0,5,50,0,55,0,0,314,11,325,0,5,364,11,380,340,0,340,720
01/22/2023,TMB,FL,ASO,ES,Towers with Radar,0,3,54,0,57,0,1,210,0,211,0,4,264,0,268,45,0,45,313
01/23/2023,TMB,FL,ASO,ES,Towers with Radar,0,5,45,0,50,0,0,284,2,286,0,5,329,2,336,409,0,409,745
01/24/2023,TMB,FL,ASO,ES,Towers with Radar,0,10,90,0,100,0,0,228,0,228,0,10,318,0,328,439,0,439,767
01/25/2023,TMB,FL,ASO,ES,Towers with Radar,0,6,87,0,93,0,0,223,0,223,0,6,310,0,316,289,0,289,605
01/26/2023,TMB,FL,ASO,ES,Towers with Radar,0,8,73,0,81,0,1,281,2,284,0,9,354,2,365,340,0,340,705
01/27/2023,TMB,FL,ASO,ES,Towers with Radar,0,11,65,0,76,0,0,224,0,224,0,11,289,0,300,143,0,143,443
01/28/2023,TMB,FL,ASO,ES,Towers with Radar,0,1,75,0,76,0,0,299,2,301,0,1,374,2,377,194,0,194,571
01/29/2023,TMB,FL,ASO,ES,Towers with Radar,0,11,82,0,93,0,0,249,0,249,0,11,331,0,342,276,0,276,618
01/30/2023,TMB,FL,ASO,ES,Towers with Radar,0,2,77,0,79,0,0,290,6,296,0,2,367,6,375,466,0,466,841
01/31/2023,TMB,FL,ASO,ES,Towers with Radar,0,10,77,0,87,0,1,326,0,327,0,11,403,0,414,417,0,417,831
02/01/2023,TMB,FL,ASO,ES,Towers with Radar,0,9,76,0,85,0,4,327,0,331,0,13,403,0,416,400,0,400,816
02/02/2023,TMB,FL,ASO,ES,Towers with Radar,0,10,70,0,80,0,0,325,6,331,0,10,395,6,411,356,0,356,767
02/03/2023,TMB,FL,ASO,ES,Towers with Radar,0,13,67,0,80,0,0,380,0,380,0,13,447,0,460,449,0,449,909
02/04/2023,TMB,FL,ASO,ES,Towers with Radar,0,14,61,0,75,0,0,90,0,90,0,14,151,0,165,31,0,31,196
02/05/2023,TMB,FL,ASO,ES,Towers with Radar,0,25,43,0,68,0,0,83,0,83,0,25,126,0,151,204,0,204,355
02/06/2023,TMB,FL,ASO,ES,Towers with Radar,0,9,98,0,107,0,0,361,1,362,0,9,459,1,469,399,0,399,868
02/07/2023,TMB,FL,ASO,ES,Towers with Radar,0,12,75,0,87,0,0,291,1,292,0,12,366,1,379,261,0,261,640
02/08/2023,TMB,FL,ASO,ES,Towers with Radar,0,4,89,0,93,0,0,362,2,364,0,4,451,2,457,463,0,463,920
02/09/2023,TMB,FL,ASO,ES,Towers with Radar,0,23,76,0,99,0,0,246,0,246,0,23,322,0,345,286,0,286,631
02/10/2023,TMB,FL,ASO,ES,Towers with Radar,0,14,87,0,101,0,0,354,1,355,0,14,441,1,456,361,0,361,817
02/11/2023,TMB,FL,ASO,ES,Towers with Radar,0,13,62,0,75,0,2,326,7,335,0,15,388,7,410,222,0,222,632
02/12/2023,TMB,FL,ASO,ES,Towers with Radar,0,17,40,0,57,0,1,197,0,198,0,18,237,0,255,140,0,140,395
02/13/2023,TMB,FL,ASO,ES,Towers with Radar,0,12,78,0,90,0,0,306,4,310,0,12,384,4,400,305,0,305,705
02/14/2023,TMB,FL,ASO,ES,Towers with Radar,0,6,52,0,58,0,2,334,0,336,0,8,386,0,394,399,0,399,793
02/15/2023,TMB,FL,ASO,ES,Towers with Radar,0,26,103,0,129,0,0,346,1,347,0,26,449,1,476,282,0,282,758
02/16/2023,TMB,FL,ASO,ES,Towers with Radar,0,11,121,0,132,0,1,314,0,315,0,12,435,0,447,324,0,324,771
02/17/2023,TMB,FL,ASO,ES,Towers with Radar,0,24,101,0,125,0,3,287,0,290,0,27,388,0,415,318,0,318,733
02/18/2023,TMB,FL,ASO,ES,Towers with Radar,0,16,88,0,104,0,0,256,0,256,0,16,344,0,360,284,0,284,644
02/19/2023,TMB,FL,ASO,ES,Towers with Radar,0,17,61,1,79,0,0,277,13,290,0,17,338,14,369,278,0,278,647
02/20/2023,TMB,FL,ASO,ES,Towers with Radar,0,20,75,0,95,0,0,350,2,352,0,20,425,2,447,407,0,407,854
02/21/2023,TMB,FL,ASO,ES,Towers with Radar,0,13,57,0,70,0,1,305,2,308,0,14,362,2,378,491,0,491,869
02/22/2023,TMB,FL,ASO,ES,Towers with Radar,0,11,55,0,66,0,2,312,0,314,0,13,367,0,380,209,0,209,589
02/23/2023,TMB,FL,ASO,ES,Towers with Radar,0,22,80,0,102,0,0,286,0,286,0,22,366,0,388,403,0,403,791
02/24/2023,TMB,FL,ASO,ES,Towers with Radar,0,16,72,0,88,0,0,336,0,336,0,16,408,0,424,456,0,456,880
02/25/2023,TMB,FL,ASO,ES,Towers with Radar,0,9,69,0,78,0,0,430,0,430,0,9,499,0,508,262,0,262,770
02/26/2023,TMB,FL,ASO,ES,Towers with Radar,0,26,73,0,99,0,1,290,0,291,0,27,363,0,390,342,0,342,732
02/27/2023,TMB,FL,ASO,ES,Towers with Radar,0,17,47,0,64,0,2,239,0,241,0,19,286,0,305,316,0,316,621
02/28/2023,TMB,FL,ASO,ES,Towers with Radar,0,14,65,0,79,0,3,294,0,297,0,17,359,0,376,554,0,554,930
03/01/2023,TMB,FL,ASO,ES,Towers with Radar,0,23,84,0,107,0,3,328,0,331,0,26,412,0,438,540,0,540,978
03/02/2023,TMB,FL,ASO,ES,Towers with Radar,0,12,66,0,78,0,1,266,0,267,0,13,332,0,345,291,0,291,636
03/03/2023,TMB,FL,ASO,ES,Towers with Radar,0,17,68,0,85,0,0,197,0,197,0,17,265,0,282,167,0,167,449
03/04/2023,TMB,FL,ASO,ES,Towers with Radar,0,10,52,0,62,0,0,333,1,334,0,10,385,1,396,233,0,233,629
03/05/2023,TMB,FL,ASO,ES,Towers with Radar,0,18,74,0,92,0,1,291,0,292,0,19,365,0,384,262,0,262,646
03/06/2023,TMB,FL,ASO,ES,Towers with Radar,0,12,83,0,95,0,0,271,0,271,0,12,354,0,366,373,0,373,739
03/07/2023,TMB,FL,ASO,ES,Towers with Radar,0,12,64,0,76,0,2,294,0,296,0,14,358,0,372,377,0,377,749
03/08/2023,TMB,FL,ASO,ES,Towers with Radar,0,17,82,0,99,0,0,288,0,288,0,17,370,0,387,360,0,360,747
03/09/2023,TMB,FL,ASO,ES,Towers with Radar,0,9,89,0,98,0,2,345,0,347,0,11,434,0,445,403,0,403,848
03/10/2023,TMB,FL,ASO,ES,Towers with Radar,0,20,85,2,107,0,1,366,8,375,0,21,451,10,482,313,0,313,795
03/11/2023,TMB,FL,ASO,ES,Towers with Radar,0,20,62,0,82,0,1,424,12,437,0,21,486,12,519,318,0,318,837
03/12/2023,TMB,FL,ASO,ES,Towers with Radar,0,24,68,0,92,0,1,303,14,318,0,25,371,14,410,277,0,277,687
03/13/2023,TMB,FL,ASO,ES,Towers with Radar,0,9,56,0,65,0,0,319,0,319,0,9,375,0,384,361,0,361,745
03/14/2023,TMB,FL,ASO,ES,Towers with Radar,0,9,77,0,86,0,0,248,0,248,0,9,325,0,334,351,0,351,685
03/15/2023,TMB,FL,ASO,ES,Towers with Radar,0,4,123,0,127,0,4,370,1,375,0,8,493,1,502,384,0,384,886
03/16/2023,TMB,FL,ASO,ES,Towers with Radar,0,15,116,0,131,0,1,503,0,504,0,16,619,0,635,400,0,400,1035
03/17/2023,TMB,FL,ASO,ES,Towers with Radar,0,19,104,0,123,0,0,391,2,393,0,19,495,2,516,428,0,428,944
03/18/2023,TMB,FL,ASO,ES,Towers with Radar,0,35,73,0,108,0,0,373,2,375,0,35,446,2,483,258,0,258,741
03/19/2023,TMB,FL,ASO,ES,Towers with Radar,0,25,57,0,82,0,0,146,0,146,0,25,203,0,228,179,0,179,407
03/20/2023,TMB,FL,ASO,ES,Towers with Radar,0,9,61,1,71,0,2,277,0,279,0,11,338,1,350,167,0,167,517
03/21/2023,TMB,FL,ASO,ES,Towers with Radar,0,7,81,0,88,0,0,408,3,411,0,7,489,3,499,482,0,482,981
03/22/2023,TMB,FL,ASO,ES,Towers with Radar,0,8,94,0,102,0,6,424,0,430,0,14,518,0,532,446,0,446,978
03/23/2023,TMB,FL,ASO,ES,Towers with Radar,0,11,84,0,95,0,1,392,2,395,0,12,476,2,490,446,0,446,936
03/24/2023,TMB,FL,ASO,ES,Towers with Radar,0,21,82,2,105,0,0,375,16,391,0,21,457,18,496,539,0,539,1035
03/25/2023,TMB,FL,ASO,ES,Towers with Radar,0,10,77,0,87,0,3,330,16,349,0,13,407,16,436,213,0,213,649
03/26/2023,TMB,FL,ASO,ES,Towers with Radar,1,21,91,0,113,0,3,293,2,298,1,24,384,2,411,217,0,217,628
03/27/2023,TMB,FL,ASO,ES,Towers with Radar,0,9,99,0,108,0,1,327,10,338,0,10,426,10,446,313,0,313,759
03/28/2023,TMB,FL,ASO,ES,Towers with Radar,0,10,56,0,66,0,0,297,1,298,0,10,353,1,364,506,0,506,870
03/29/2023,TMB,FL,ASO,ES,Towers with Radar,0,6,62,4,72,0,0,262,0,262,0,6,324,4,334,325,0,325,659
03/30/2023,TMB,FL,ASO,ES,Towers with Radar,0,15,63,0,78,0,0,202,0,202,0,15,265,0,280,309,0,309,589
03/31/2023,TMB,FL,ASO,ES,Towers with Radar,0,14,74,2,90,0,2,395,0,397,0,16,469,2,487,350,0,350,837
04/01/2023,TMB,FL,ASO,ES,Towers with Radar,0,17,58,2,77,0,0,352,0,352,0,17,410,2,429,208,0,208,637
04/02/2023,TMB,FL,ASO,ES,Towers with Radar,0,22,46,0,68,0,0,292,0,292,0,22,338,0,360,264,0,264,624
04/03/2023,TMB,FL,ASO,ES,Towers with Radar,0,12,79,0,91,0,0,311,0,311,0,12,390,0,402,371,0,371,773
04/04/2023,TMB,FL,ASO,ES,Towers with Radar,0,10,76,5,91,0,0,366,3,369,0,10,442,8,460,465,0,465,925
04/05/2023,TMB,FL,ASO,ES,Towers with Radar,1,9,104,0,114,0,1,313,0,314,1,10,417,0,428,363,0,363,791
04/06/2023,TMB,FL,ASO,ES,Towers with Radar,0,14,107,0,121,0,2,330,0,332,0,16,437,0,453,307,0,307,760
04/07/2023,TMB,FL,ASO,ES,Towers with Radar,0,12,89,0,101,0,2,375,2,379,0,14,464,2,480,225,0,225,705
04/08/2023,TMB,FL,ASO,ES,Towers with Radar,0,12,73,0,85,0,2,331,12,345,0,14,404,12,430,366,0,366,796
04/09/2023,TMB,FL,ASO,ES,Towers with Radar,0,31,58,0,89,0,1,253,8,262,0,32,311,8,351,251,0,251,602
04/10/2023,TMB,FL,ASO,ES,Towers with Radar,0,29,82,1,112,0,0,77,0,77,0,29,159,1,189,28,0,28,217
04/11/2023,TMB,FL,ASO,ES,Towers with Radar,0,25,46,0,71,0,0,26,0,26,0,25,72,0,97,41,0,41,138
04/12/2023,TMB,FL,ASO,ES,Towers with Radar,0,19,55,0,74,0,0,16,0,16,0,19,71,0,90,26,0,26,116
04/13/2023,TMB,FL,ASO,ES,Towers with Radar,0,15,90,0,105,0,4,298,1,303,0,19,388,1,408,342,0,342,750
04/14/2023,TMB,FL,ASO,ES,Towers with Radar,0,28,86,0,114,0,3,321,0,324,0,31,407,0,438,330,0,330,768
04/15/2023,TMB,FL,ASO,ES,Towers with Radar,0,15,92,0,107,0,2,407,2,411,0,17,499,2,518,252,0,252,770
04/16/2023,TMB,FL,ASO,ES,Towers with Radar,1,17,61,0,79,0,1,272,0,273,1,18,333,0,352,195,0,195,547
04/17/2023,TMB,FL,ASO,ES,Towers with Radar,0,15,49,0,64,0,0,267,0,267,0,15,316,0,331,388,0,388,719
04/18/2023,TMB,FL,ASO,ES,Towers with Radar,0,10,105,0,115,0,2,427,0,429,0,12,532,0,544,351,0,351,895
04/19/2023,TMB,FL,ASO,ES,Towers with Radar,0,10,92,5,107,0,2,397,7,406,0,12,489,12,513,479,0,479,992
04/20/2023,TMB,FL,ASO,ES,Towers with Radar,0,16,91,0,107,0,2,385,0,387,0,18,476,0,494,451,0,451,945
04/21/2023,TMB,FL,ASO,ES,Towers with Radar,0,10,88,0,98,0,0,374,1,375,0,10,462,1,473,527,0,527,1000
04/22/2023,TMB,FL,ASO,ES,Towers with Radar,0,9,69,0,78,0,1,332,2,335,0,10,401,2,413,301,0,301,714
04/23/2023,TMB,FL,ASO,ES,Towers with Radar,0,11,73,0,84,0,1,315,0,316,0,12,388,0,400,311,0,311,711
04/24/2023,TMB,FL,ASO,ES,Towers with Radar,0,11,57,0,68,0,3,137,0,140,0,14,194,0,208,332,0,332,540
04/25/2023,TMB,FL,ASO,ES,Towers with Radar,0,6,69,0,75,0,0,237,0,237,0,6,306,0,312,440,0,440,752
04/26/2023,TMB,FL,ASO,ES,Towers with Radar,0,8,91,0,99,0,0,313,0,313,0,8,404,0,412,398,0,398,810
04/27/2023,TMB,FL,ASO,ES,Towers with Radar,0,8,103,0,111,0,0,363,0,363,0,8,466,0,474,424,0,424,898
04/28/2023,TMB,FL,ASO,ES,Towers with Radar,0,14,55,0,69,0,0,133,0,133,0,14,188,0,202,104,0,104,306
04/29/2023,TMB,FL,ASO,ES,Towers with Radar,0,10,50,0,60,0,0,283,1,284,0,10,333,1,344,151,0,151,495
04/30/2023,TMB,FL,ASO,ES,Towers with Radar,0,9,32,0,41,0,0,88,0,88,0,9,120,0,129,25,0,25,154
05/01/2023,TMB,FL,ASO,ES,Towers with Radar,0,8,96,0,104,0,0,336,0,336,0,8,432,0,440,382,0,382,822
05/02/2023,TMB,FL,ASO,ES,Towers with Radar,0,7,61,0,68,0,0,341,0,341,0,7,402,0,409,469,0,469,878
05/03/2023,TMB,FL,ASO,ES,Towers with Radar,0,6,82,0,88,0,4,354,0,358,0,10,436,0,446,407,0,407,853
05/04/2023,TMB,FL,ASO,ES,Towers with Radar,0,20,76,0,96,0,0,369,0,369,0,20,445,0,465,498,0,498,963
05/05/2023,TMB,FL,ASO,ES,Towers with Radar,0,10,84,0,94,0,4,366,0,370,0,14,450,0,464,498,0,498,962
05/06/2023,TMB,FL,ASO,ES,Towers with Radar,0,4,75,0,79,0,0,340,0,340,0,4,415,0,419,368,0,368,787
05/07/2023,TMB,FL,ASO,ES,Towers with Radar,0,15,41,0,56,0,1,217,1,219,0,16,258,1,275,97,0,97,372
05/08/2023,TMB,FL,ASO,ES,Towers with Radar,0,19,112,0,131,0,3,311,0,314,0,22,423,0,445,431,0,431,876
05/09/2023,TMB,FL,ASO,ES,Towers with Radar,0,3,77,0,80,0,1,333,0,334,0,4,410,0,414,376,0,376,790
05/10/2023,TMB,FL,ASO,ES,Towers with Radar,0,14,77,0,91,0,0,290,0,290,0,14,367,0,381,538,0,538,919
05/11/2023,TMB,FL,ASO,ES,Towers with Radar,0,13,89,1,103,0,1,308,0,309,0,14,397,1,412,419,0,419,831
05/12/2023,TMB,FL,ASO,ES,Towers with Radar,0,3,89,0,92,0,2,392,0,394,0,5,481,0,486,388,0,388,874
05/13/2023,TMB,FL,ASO,ES,Towers with Radar,0,8,66,0,74,0,2,312,0,314,0,10,378,0,388,295,0,295,683
05/14/2023,TMB,FL,ASO,ES,Towers with Radar,0,8,54,0,62,0,0,197,0,197,0,8,251,0,259,252,0,252,511
05/15/2023,TMB,FL,ASO,ES,Towers with Radar,0,5,73,0,78,0,0,238,0,238,0,5,311,0,316,345,2,347,663
05/16/2023,TMB,FL,ASO,ES,Towers with Radar,0,6,103,0,109,0,0,316,0,316,0,6,419,0,425,505,0,505,930
05/17/2023,TMB,FL,ASO,ES,Towers with Radar,0,9,71,0,80,0,0,302,0,302,0,9,373,0,382,348,0,348,730
05/18/2023,TMB,FL,ASO,ES,Towers with Radar,0,15,56,0,71,0,0,276,0,276,0,15,332,0,347,216,0,216,563
05/19/2023,TMB,FL,ASO,ES,Towers with Radar,0,11,66,0,77,0,0,266,0,266,0,11,332,0,343,299,0,299,642
05/20/2023,TMB,FL,ASO,ES,Towers with Radar,0,5,92,0,97,0,0,279,0,279,0,5,371,0,376,252,0,252,628
05/21/2023,TMB,FL,ASO,ES,Towers with Radar,0,17,75,0,92,0,0,253,0,253,0,17,328,0,345,238,0,238,583
05/22/2023,TMB,FL,ASO,ES,Towers with Radar,0,19,107,0,126,0,3,305,0,308,0,22,412,0,434,462,0,462,896
05/23/2023,TMB,FL,ASO,ES,Towers with Radar,0,15,71,0,86,0,0,237,0,237,0,15,308,0,323,359,0,359,682
05/24/2023,TMB,FL,ASO,ES,Towers with Radar,0,6,50,0,56,0,0,247,0,247,0,6,297,0,303,288,0,288,591
05/25/2023,TMB,FL,ASO,ES,Towers with Radar,0,15,65,1,81,0,2,224,5,231,0,17,289,6,312,370,0,370,682
05/26/2023,TMB,FL,ASO,ES,Towers with Radar,0,17,81,0,98,0,3,322,0,325,0,20,403,0,423,206,0,206,629
05/27/2023,TMB,FL,ASO,ES,Towers with Radar,0,6,67,0,73,0,0,413,2,415,0,6,480,2,488,279,0,279,767
05/28/2023,TMB,FL,ASO,ES,Towers with Radar,0,11,35,0,46,0,0,244,0,244,0,11,279,0,290,286,0,286,576
05/29/2023,TMB,FL,ASO,ES,Towers with Radar,0,26,85,0,111,0,0,424,0,424,0,26,509,0,535,379,0,379,914
05/30/2023,TMB,FL,ASO,ES,Towers with Radar,0,9,59,0,68,0,4,274,0,278,0,13,333,0,346,423,0,423,769
05/31/2023,TMB,FL,ASO,ES,Towers with Radar,0,6,46,0,52,0,0,303,0,303,0,6,349,0,355,431,0,431,786
06/01/2023,TMB,FL,ASO,ES,Towers with Radar,0,11,74,0,85,0,0,229,2,231,0,11,303,2,316,305,17,322,638
06/02/2023,TMB,FL,ASO,ES,Towers with Radar,0,13,55,0,68,0,4,237,0,241,0,17,292,0,309,340,0,340,649
06/03/2023,TMB,FL,ASO,ES,Towers with Radar,0,4,44,0,48,0,0,221,1,222,0,4,265,1,270,182,0,182,452
06/04/2023,TMB,FL,ASO,ES,Towers with Radar,0,6,60,0,66,0,2,182,0,184,0,8,242,0,250,238,0,238,488
06/05/2023,TMB,FL,ASO,ES,Towers with Radar,0,9,80,0,89,0,3,271,0,274,0,12,351,0,363,346,0,346,709
06/06/2023,TMB,FL,ASO,ES,Towers with Radar,0,5,91,0,96,0,4,211,5,220,0,9,302,5,316,313,0,313,629
06/07/2023,TMB,FL,ASO,ES,Towers with Radar,0,7,40,0,47,0,0,231,0,231,0,7,271,0,278,205,0,205,483
06/08/2023,TMB,FL,ASO,ES,Towers with Radar,0,6,52,0,58,0,1,273,0,274,0,7,325,0,332,455,0,455,787
06/09/2023,TMB,FL,ASO,ES,Towers with Radar,0,16,54,0,70,0,1,353,0,354,0,17,407,0,424,516,0,516,940
06/10/2023,TMB,FL,ASO,ES,Towers with Radar,0,14,58,0,72,0,0,348,2,350,0,14,406,2,422,345,0,345,767
06/11/2023,TMB,FL,ASO,ES,Towers with Radar,0,9,63,0,72,0,0,233,0,233,0,9,296,0,305,278,0,278,583
06/12/2023,TMB,FL,ASO,ES,Towers with Radar,0,7,32,0,39,0,0,192,0,192,0,7,224,0,231,400,0,400,631
06/13/2023,TMB,FL,ASO,ES,Towers with Radar,0,6,72,2,80,0,0,342,6,348,0,6,414,8,428,495,0,495,923
06/14/2023,TMB,FL,ASO,ES,Towers with Radar,0,2,94,0,96,0,0,380,0,380,0,2,474,0,476,546,4,550,1026
06/15/2023,TMB,FL,ASO,ES,Towers with Radar,0,9,92,0,101,0,0,370,0,370,0,9,462,0,471,423,0,423,894
06/16/2023,TMB,FL,ASO,ES,Towers with Radar,0,9,50,0,59,0,3,320,0,323,0,12,370,0,382,495,0,495,877
06/17/2023,TMB,FL,ASO,ES,Towers with Radar,0,4,46,0,50,0,0,270,1,271,0,4,316,1,321,245,0,245,566
06/18/2023,TMB,FL,ASO,ES,Towers with Radar,0,6,32,0,38,0,0,182,0,182,0,6,214,0,220,202,0,202,422
06/19/2023,TMB,FL,ASO,ES,Towers with Radar,0,4,51,0,55,0,2,216,0,218,0,6,267,0,273,259,0,259,532
06/20/2023,TMB,FL,ASO,ES,Towers with Radar,0,6,75,0,81,0,1,319,0,320,0,7,394,0,401,551,0,551,952
06/21/2023,TMB,FL,ASO,ES,Towers with Radar,0,9,74,0,83,0,2,308,0,310,0,11,382,0,393,509,0,509,902
06/22/2023,TMB,FL,ASO,ES,Towers with Radar,0,5,72,0,77,0,0,380,0,380,0,5,452,0,457,727,0,727,1184
06/23/2023,TMB,FL,ASO,ES,Towers with Radar,0,9,102,0,111,0,0,377,0,377,0,9,479,0,488,770,0,770,1258
06/24/2023,TMB,FL,ASO,ES,Towers with Radar,0,5,63,0,68,0,0,174,2,176,0,5,237,2,244,158,0,158,402
06/25/2023,TMB,FL,ASO,ES,Towers with Radar,0,11,65,0,76,0,1,247,1,249,0,12,312,1,325,229,0,229,554
06/26/2023,TMB,FL,ASO,ES,Towers with Radar,0,9,67,2,78,0,4,275,0,279,0,13,342,2,357,358,0,358,715
06/27/2023,TMB,FL,ASO,ES,Towers with Radar,0,1,76,0,77,0,0,305,0,305,0,1,381,0,382,532,0,532,914
06/28/2023,TMB,FL,ASO,ES,Towers with Radar,0,4,49,0,53,0,0,353,0,353,0,4,402,0,406,612,0,612,1018
06/29/2023,TMB,FL,ASO,ES,Towers with Radar,0,4,73,2,79,0,3,273,0,276,0,7,346,2,355,445,0,445,800
06/30/2023,TMB,FL,ASO,ES,Towers with Radar,0,12,83,0,95,0,1,305,0,306,0,13,388,0,401,420,0,420,821
07/01/2023,TMB,FL,ASO,ES,Towers with Radar,0,8,63,0,71,0,2,278,1,281,0,10,341,1,352,205,0,205,557
07/02/2023,TMB,FL,ASO,ES,Towers with Radar,0,13,42,0,55,0,0,180,0,180,0,13,222,0,235,160,0,160,395
07/03/2023,TMB,FL,ASO,ES,Towers with Radar,0,2,54,0,56,0,0,277,0,277,0,2,331,0,333,389,0,389,722
07/04/2023,TMB,FL,ASO,ES,Towers with Radar,0,6,58,0,64,0,1,272,0,273,0,7,330,0,337,306,0,306,643
07/05/2023,TMB,FL,ASO,ES,Towers with Radar,0,7,64,2,73,0,1,369,0,370,0,8,433,2,443,473,0,473,916
07/06/2023,TMB,FL,ASO,ES,Towers with Radar,0,14,59,2,75,0,1,269,0,270,0,15,328,2,345,405,0,405,750
07/07/2023,TMB,FL,ASO,ES,Towers with Radar,0,12,61,0,73,0,2,279,0,281,0,14,340,0,354,406,0,406,760
07/08/2023,TMB,FL,ASO,ES,Towers with Radar,0,8,59,2,69,0,4,334,0,338,0,12,393,2,407,372,0,372,779
07/09/2023,TMB,FL,ASO,ES,Towers with Radar,0,5,68,0,73,0,2,287,0,289,0,7,355,0,362,382,0,382,744
07/10/2023,TMB,FL,ASO,ES,Towers with Radar,0,14,56,0,70,0,2,292,0,294,0,16,348,0,364,605,0,605,969
07/11/2023,TMB,FL,ASO,ES,Towers with Radar,0,14,71,0,85,0,2,295,0,297,0,16,366,0,382,514,0,514,896
07/12/2023,TMB,FL,ASO,ES,Towers with Radar,0,11,58,0,69,0,6,369,0,375,0,17,427,0,444,596,0,596,1040
07/13/2023,TMB,FL,ASO,ES,Towers with Radar,0,8,47,0,55,0,2,256,0,258,0,10,303,0,313,554,0,554,867
07/14/2023,TMB,FL,ASO,ES,Towers with Radar,0,10,46,2,58,0,5,245,3,253,0,15,291,5,311,447,0,447,758
07/15/2023,TMB,FL,ASO,ES,Towers with Radar,0,6,44,0,50,0,2,289,0,291,0,8,333,0,341,305,0,305,646
07/16/2023,TMB,FL,ASO,ES,Towers with Radar,0,9,58,0,67,0,2,216,0,218,0,11,274,0,285,184,0,184,469
07/17/2023,TMB,FL,ASO,ES,Towers with Radar,0,4,37,0,41,0,2,250,0,252,0,6,287,0,293,426,0,426,719
07/18/2023,TMB,FL,ASO,ES,Towers with Radar,0,1,54,0,55,0,0,324,0,324,0,1,378,0,379,451,0,451,830
07/19/2023,TMB,FL,ASO,ES,Towers with Radar,0,13,72,0,85,0,0,311,2,313,0,13,383,2,398,556,2,558,956
07/20/2023,TMB,FL,ASO,ES,Towers with Radar,0,10,85,0,95,0,3,378,4,385,0,13,463,4,480,640,4,644,1124
07/21/2023,TMB,FL,ASO,ES,Towers with Radar,0,6,78,0,84,0,1,251,0,252,0,7,329,0,336,413,0,413,749
07/22/2023,TMB,FL,ASO,ES,Towers with Radar,0,5,51,0,56,0,3,321,0,324,0,8,372,0,380,390,0,390,770
07/23/2023,TMB,FL,ASO,ES,Towers with Radar,0,5,49,0,54,0,0,325,0,325,0,5,374,0,379,281,0,281,660
07/24/2023,TMB,FL,ASO,ES,Towers with Radar,0,11,38,0,49,0,5,245,1,251,0,16,283,1,300,511,9,520,820
07/25/2023,TMB,FL,ASO,ES,Towers with Radar,0,8,64,0,72,0,6,361,0,367,0,14,425,0,439,706,0,706,1145
07/26/2023,TMB,FL,ASO,ES,Towers with Radar,0,3,49,0,52,0,0,106,0,106,0,3,155,0,158,180,0,180,338
07/27/2023,TMB,FL,ASO,ES,Towers with Radar,0,12,60,0,72,0,0,186,0,186,0,12,246,0,258,436,0,436,694
07/28/2023,TMB,FL,ASO,ES,Towers with Radar,0,12,61,0,73,0,4,195,0,199,0,16,256,0,272,268,0,268,540
07/29/2023,TMB,FL,ASO,ES,Towers with Radar,0,11,70,0,81,0,1,301,0,302,0,12,371,0,383,333,0,333,716
07/30/2023,TMB,FL,ASO,ES,Towers with Radar,0,11,73,0,84,0,3,261,0,264,0,14,334,0,348,307,0,307,655
07/31/2023,TMB,FL,ASO,ES,Towers with Radar,0,5,46,0,51,0,3,232,0,235,0,8,278,0,286,335,0,335,621
08/01/2023,TMB,FL,ASO,ES,Towers with Radar,0,9,60,0,69,0,7,291,0,298,0,16,351,0,367,499,0,499,866
08/02/2023,TMB,FL,ASO,ES,Towers with Radar,0,6,45,0,51,0,3,256,0,259,0,9,301,0,310,299,0,299,609
08/03/2023,TMB,FL,ASO,ES,Towers with Radar,0,9,77,0,86,0,1,276,0,277,0,10,353,0,363,291,0,291,654
08/04/2023,TMB,FL,ASO,ES,Towers with Radar,0,12,67,1,80,0,0,324,2,326,0,12,391,3,406,429,2,431,837
08/05/2023,TMB,FL,ASO,ES,Towers with Radar,0,5,51,0,56,0,0,330,2,332,0,5,381,2,388,331,0,331,719
08/06/2023,TMB,FL,ASO,ES,Towers with Radar,0,14,74,0,88,0,1,257,0,258,0,15,331,0,346,281,0,281,627
08/07/2023,TMB,FL,ASO,ES,Towers with Radar,0,11,59,0,70,0,3,343,0,346,0,14,402,0,416,512,0,512,928
08/08/2023,TMB,FL,ASO,ES,Towers with Radar,0,8,75,0,83,0,0,257,0,257,0,8,332,0,340,490,0,490,830
08/09/2023,TMB,FL,ASO,ES,Towers with Radar,0,13,70,0,83,0,2,297,0,299,0,15,367,0,382,437,0,437,819
08/10/2023,TMB,FL,ASO,ES,Towers with Radar,0,8,61,0,69,0,2,300,0,302,0,10,361,0,371,471,0,471,842
08/11/2023,TMB,FL,ASO,ES,Towers with Radar,0,10,66,0,76,0,3,295,0,298,0,13,361,0,374,449,0,449,823
08/12/2023,TMB,FL,ASO,ES,Towers with Radar,0,8,56,0,64,0,2,325,1,328,0,10,381,1,392,329,0,329,721
08/13/2023,TMB,FL,ASO,ES,Towers with Radar,0,12,61,0,73,0,1,285,0,286,0,13,346,0,359,181,0,181,540
08/14/2023,TMB,FL,ASO,ES,Towers with Radar,0,14,67,0,81,0,2,327,0,329,0,16,394,0,410,497,0,497,907
08/15/2023,TMB,FL,ASO,ES,Towers with Radar,0,9,50,0,59,0,0,157,0,157,0,9,207,0,216,274,0,274,490
08/16/2023,TMB,FL,ASO,ES,Towers with Radar,0,11,65,0,76,0,0,261,0,261,0,11,326,0,337,339,0,339,676
08/17/2023,TMB,FL,ASO,ES,Towers with Radar,0,15,60,0,75,0,1,259,0,260,0,16,319,0,335,404,0,404,739
08/18/2023,TMB,FL,ASO,ES,Towers with Radar,0,13,46,0,59,0,1,221,0,222,0,14,267,0,281,291,0,291,572
08/19/2023,TMB,FL,ASO,ES,Towers with Radar,0,10,55,0,65,0,1,246,0,247,0,11,301,0,312,419,0,419,731
08/20/2023,TMB,FL,ASO,ES,Towers with Radar,0,12,46,0,58,0,4,148,0,152,0,16,194,0,210,64,0,64,274
08/21/2023,TMB,FL,ASO,ES,Towers with Radar,0,3,66,1,70,0,1,221,2,224,0,4,287,3,294,398,21,419,713
08/22/2023,TMB,FL,ASO,ES,Towers with Radar,0,8,89,0,97,0,3,282,0,285,0,11,371,0,382,420,0,420,802
08/23/2023,TMB,FL,ASO,ES,Towers with Radar,0,6,79,0,85,0,2,350,0,352,0,8,429,0,437,511,0,511,948
08/24/2023,TMB,FL,ASO,ES,Towers with Radar,0,11,85,0,96,0,2,344,0,346,0,13,429,0,442,479,0,479,921
08/25/2023,TMB,FL,ASO,ES,Towers with Radar,0,10,80,0,90,0,3,273,0,276,0,13,353,0,366,452,0,452,818
08/26/2023,TMB,FL,ASO,ES,Towers with Radar,0,13,68,0,81,0,7,306,1,314,0,20,374,1,395,328,0,328,723
08/27/2023,TMB,FL,ASO,ES,Towers with Radar,0,11,41,0,52,0,2,212,0,214,0,13,253,0,266,289,0,289,555
08/28/2023,TMB,FL,ASO,ES,Towers with Radar,0,6,56,0,62,0,0,184,0,184,0,6,240,0,246,415,0,415,661
08/29/2023,TMB,FL,ASO,ES,Towers with Radar,0,6,22,0,28,0,0,92,0,92,0,6,114,0,120,177,0,177,297
08/30/2023,TMB,FL,ASO,ES,Towers with Radar,0,1,23,3,27,0,1,28,0,29,0,2,51,3,56,47,0,47,103
08/31/2023,TMB,FL,ASO,ES,Towers with Radar,0,13,46,0,59,0,2,278,0,280,0,15,324,0,339,465,0,465,804
