01/01/2000,TOL,OH,AGL,CE,Towers with Radar,2,19,17,0,38,0,12,32,0,44,2,31,49,0,82,41,0,41,123
01/02/2000,TOL,OH,AGL,CE,Towers with Radar,5,30,24,0,59,0,18,0,0,18,5,48,24,0,77,10,0,10,87
01/03/2000,TOL,OH,AGL,CE,Towers with Radar,12,50,47,2,111,0,7,1,0,8,12,57,48,2,119,10,0,10,129
01/04/2000,TOL,OH,AGL,CE,Towers with Radar,63,55,61,5,184,25,0,0,2,27,88,55,61,7,211,28,0,28,239
01/05/2000,TOL,OH,AGL,CE,Towers with Radar,76,64,81,6,227,6,0,29,4,39,82,64,110,10,266,58,12,70,336
01/06/2000,TOL,OH,AGL,CE,Towers with Radar,74,69,78,5,226,6,0,10,11,27,80,69,88,16,253,34,10,44,297
01/07/2000,TOL,OH,AGL,CE,Towers with Radar,64,66,68,5,203,22,0,13,1,36,86,66,81,6,239,32,6,38,277
01/08/2000,TOL,OH,AGL,CE,Towers with Radar,36,40,38,3,117,15,2,25,7,49,51,42,63,10,166,44,20,64,230
01/09/2000,TOL,OH,AGL,CE,Towers with Radar,6,30,29,0,65,0,14,15,0,29,6,44,44,0,94,67,0,67,161
01/10/2000,TOL,OH,AGL,CE,Towers with Radar,8,43,39,0,90,0,17,0,0,17,8,60,39,0,107,2,0,2,109
01/11/2000,TOL,OH,AGL,CE,Towers with Radar,64,65,65,4,198,21,0,0,0,21,85,65,65,4,219,1,1,2,221
01/12/2000,TOL,OH,AGL,CE,Towers with Radar,81,70,86,6,243,0,0,28,10,38,81,70,114,16,281,43,14,57,338
01/13/2000,TOL,OH,AGL,CE,Towers with Radar,73,72,77,1,223,11,0,2,0,13,84,72,79,1,236,12,0,12,248
01/14/2000,TOL,OH,AGL,CE,Towers with Radar,81,63,86,1,231,2,0,41,0,43,83,63,127,1,274,36,0,36,310
01/15/2000,TOL,OH,AGL,CE,Towers with Radar,41,43,44,1,129,15,3,42,0,60,56,46,86,1,189,54,2,56,245
01/16/2000,TOL,OH,AGL,CE,Towers with Radar,6,31,31,1,69,0,41,15,0,56,6,72,46,1,125,32,0,32,157
01/17/2000,TOL,OH,AGL,CE,Towers with Radar,7,41,41,0,89,0,10,34,0,44,7,51,75,0,133,30,0,30,163
01/18/2000,TOL,OH,AGL,CE,Towers with Radar,59,62,52,1,174,24,0,0,0,24,83,62,52,1,198,2,0,2,200
01/19/2000,TOL,OH,AGL,CE,Towers with Radar,74,64,78,4,220,11,0,44,1,56,85,64,122,5,276,42,4,46,322
01/20/2000,TOL,OH,AGL,CE,Towers with Radar,60,64,64,1,189,25,1,17,0,43,85,65,81,1,232,32,0,32,264
01/21/2000,TOL,OH,AGL,CE,Towers with Radar,69,64,73,1,207,11,0,0,0,11,80,64,73,1,218,16,12,28,246
01/22/2000,TOL,OH,AGL,CE,Towers with Radar,42,44,44,2,132,17,2,5,3,27,59,46,49,5,159,26,0,26,185
01/23/2000,TOL,OH,AGL,CE,Towers with Radar,7,26,27,1,61,0,20,1,5,26,7,46,28,6,87,8,0,8,95
01/24/2000,TOL,OH,AGL,CE,Towers with Radar,7,47,47,2,103,0,20,51,1,72,7,67,98,3,175,64,1,65,240
01/25/2000,TOL,OH,AGL,CE,Towers with Radar,72,62,76,0,210,10,0,1,0,11,82,62,77,0,221,28,0,28,249
01/26/2000,TOL,OH,AGL,CE,Towers with Radar,69,59,73,2,203,17,0,50,0,67,86,59,123,2,270,54,0,54,324
01/27/2000,TOL,OH,AGL,CE,Towers with Radar,70,67,73,2,212,7,0,37,0,44,77,67,110,2,256,24,14,38,294
01/28/2000,TOL,OH,AGL,CE,Towers with Radar,72,65,76,3,216,12,0,31,0,43,84,65,107,3,259,72,4,76,335
01/29/2000,TOL,OH,AGL,CE,Towers with Radar,37,40,40,2,119,22,0,46,1,69,59,40,86,3,188,28,0,28,216
01/30/2000,TOL,OH,AGL,CE,Towers with Radar,8,21,18,0,47,0,15,0,0,15,8,36,18,0,62,0,0,0,62
01/31/2000,TOL,OH,AGL,CE,Towers with Radar,5,46,44,1,96,0,17,14,0,31,5,63,58,1,127,8,2,10,137
02/01/2000,TOL,OH,AGL,CE,Towers with Radar,69,61,75,0,205,20,0,16,0,36,89,61,91,0,241,27,0,27,268
02/02/2000,TOL,OH,AGL,CE,Towers with Radar,80,72,87,0,239,4,0,48,0,52,84,72,135,0,291,28,0,28,319
02/03/2000,TOL,OH,AGL,CE,Towers with Radar,69,54,40,8,171,16,0,0,7,23,85,54,40,15,194,6,12,18,212
02/04/2000,TOL,OH,AGL,CE,Towers with Radar,68,68,54,3,193,18,8,0,0,26,86,76,54,3,219,6,4,10,229
02/05/2000,TOL,OH,AGL,CE,Towers with Radar,39,39,42,5,125,18,8,8,2,36,57,47,50,7,161,23,2,25,186
02/06/2000,TOL,OH,AGL,CE,Towers with Radar,7,37,40,5,89,0,13,46,1,60,7,50,86,6,149,72,30,102,251
02/07/2000,TOL,OH,AGL,CE,Towers with Radar,13,59,64,7,143,0,4,58,3,65,13,63,122,10,208,78,4,82,290
02/08/2000,TOL,OH,AGL,CE,Towers with Radar,76,76,84,8,244,16,3,45,0,64,92,79,129,8,308,47,14,61,369
02/09/2000,TOL,OH,AGL,CE,Towers with Radar,74,61,81,9,225,8,0,39,18,65,82,61,120,27,290,15,42,57,347
02/10/2000,TOL,OH,AGL,CE,Towers with Radar,76,76,77,0,229,8,6,0,0,14,84,82,77,0,243,10,0,10,253
02/11/2000,TOL,OH,AGL,CE,Towers with Radar,72,67,79,2,220,12,0,18,0,30,84,67,97,2,250,27,0,27,277
02/12/2000,TOL,OH,AGL,CE,Towers with Radar,44,44,49,0,137,15,3,78,0,96,59,47,127,0,233,70,0,70,303
02/13/2000,TOL,OH,AGL,CE,Towers with Radar,6,21,24,0,51,0,14,2,0,16,6,35,26,0,67,2,0,2,69
02/14/2000,TOL,OH,AGL,CE,Towers with Radar,10,40,47,5,102,0,20,6,6,32,10,60,53,11,134,14,0,14,148
02/15/2000,TOL,OH,AGL,CE,Towers with Radar,80,69,87,5,241,6,0,13,0,19,86,69,100,5,260,32,12,44,304
02/16/2000,TOL,OH,AGL,CE,Towers with Radar,75,67,81,5,228,9,0,19,0,28,84,67,100,5,256,34,14,48,304
02/17/2000,TOL,OH,AGL,CE,Towers with Radar,82,61,92,9,244,0,0,53,7,60,82,61,145,16,304,52,20,72,376
02/18/2000,TOL,OH,AGL,CE,Towers with Radar,39,21,30,0,90,49,0,0,0,49,88,21,30,0,139,0,0,0,139
02/19/2000,TOL,OH,AGL,CE,Towers with Radar,41,40,45,0,126,24,3,1,0,28,65,43,46,0,154,58,0,58,212
02/20/2000,TOL,OH,AGL,CE,Towers with Radar,8,34,39,1,82,0,23,10,0,33,8,57,49,1,115,14,0,14,129
02/21/2000,TOL,OH,AGL,CE,Towers with Radar,12,47,53,0,112,0,13,33,0,46,12,60,86,0,158,40,0,40,198
02/22/2000,TOL,OH,AGL,CE,Towers with Radar,82,64,89,9,244,0,0,24,18,42,82,64,113,27,286,48,30,78,364
02/23/2000,TOL,OH,AGL,CE,Towers with Radar,90,78,108,8,284,0,0,47,0,47,90,78,155,8,331,64,8,72,403
02/24/2000,TOL,OH,AGL,CE,Towers with Radar,84,73,78,9,244,5,0,0,7,12,89,73,78,16,256,11,0,11,267
02/25/2000,TOL,OH,AGL,CE,Towers with Radar,87,64,94,9,254,4,0,1,3,8,91,64,95,12,262,22,6,28,290
02/26/2000,TOL,OH,AGL,CE,Towers with Radar,38,36,40,0,114,24,16,17,0,57,62,52,57,0,171,16,0,16,187
02/27/2000,TOL,OH,AGL,CE,Towers with Radar,6,28,32,0,66,0,20,17,0,37,6,48,49,0,103,22,0,22,125
02/28/2000,TOL,OH,AGL,CE,Towers with Radar,9,51,56,5,121,0,15,59,14,88,9,66,115,19,209,63,12,75,284
02/29/2000,TOL,OH,AGL,CE,Towers with Radar,73,71,78,7,229,10,8,29,7,54,83,79,107,14,283,32,6,38,321
03/01/2000,TOL,OH,AGL,CE,Towers with Radar,77,69,86,7,239,5,0,0,9,14,82,69,86,16,253,22,2,24,277
03/02/2000,TOL,OH,AGL,CE,Towers with Radar,106,76,58,13,253,0,3,23,5,31,106,79,81,18,284,40,12,52,336
03/03/2000,TOL,OH,AGL,CE,Towers with Radar,85,70,68,6,229,0,1,53,3,57,85,71,121,9,286,56,18,74,360
03/04/2000,TOL,OH,AGL,CE,Towers with Radar,58,46,50,9,163,0,1,61,2,64,58,47,111,11,227,64,10,74,301
03/05/2000,TOL,OH,AGL,CE,Towers with Radar,6,53,52,10,121,0,1,63,2,66,6,54,115,12,187,74,52,126,313
03/06/2000,TOL,OH,AGL,CE,Towers with Radar,16,64,69,15,164,0,1,36,2,39,16,65,105,17,203,28,16,44,247
03/07/2000,TOL,OH,AGL,CE,Towers with Radar,87,71,53,13,224,0,1,41,10,52,87,72,94,23,276,56,10,66,342
03/08/2000,TOL,OH,AGL,CE,Towers with Radar,85,68,85,14,252,0,3,50,6,59,85,71,135,20,311,37,16,53,364
03/09/2000,TOL,OH,AGL,CE,Towers with Radar,96,70,66,2,234,0,1,14,2,17,96,71,80,4,251,18,0,18,269
03/10/2000,TOL,OH,AGL,CE,Towers with Radar,88,71,64,0,223,0,1,5,0,6,88,72,69,0,229,16,0,16,245
03/11/2000,TOL,OH,AGL,CE,Towers with Radar,59,45,27,0,131,0,2,10,0,12,59,47,37,0,143,22,0,22,165
03/12/2000,TOL,OH,AGL,CE,Towers with Radar,6,50,40,0,96,0,2,22,2,26,6,52,62,2,122,43,0,43,165
03/13/2000,TOL,OH,AGL,CE,Towers with Radar,17,65,64,9,155,0,1,6,2,9,17,66,70,11,164,25,0,25,189
03/14/2000,TOL,OH,AGL,CE,Towers with Radar,87,67,93,11,258,0,1,21,3,25,87,68,114,14,283,40,12,52,335
03/15/2000,TOL,OH,AGL,CE,Towers with Radar,83,86,104,8,281,0,1,16,6,23,83,87,120,14,304,32,0,32,336
03/16/2000,TOL,OH,AGL,CE,Towers with Radar,82,67,92,8,249,9,0,4,1,14,91,67,96,9,263,15,0,15,278
03/17/2000,TOL,OH,AGL,CE,Towers with Radar,82,69,96,6,253,0,1,30,2,33,82,70,126,8,286,77,0,77,363
03/18/2000,TOL,OH,AGL,CE,Towers with Radar,78,43,57,0,178,0,1,51,0,52,78,44,108,0,230,76,0,76,306
03/19/2000,TOL,OH,AGL,CE,Towers with Radar,6,45,39,0,90,0,1,1,0,2,6,46,40,0,92,6,0,6,98
03/20/2000,TOL,OH,AGL,CE,Towers with Radar,12,73,88,0,173,0,1,5,0,6,12,74,93,0,179,30,0,30,209
03/21/2000,TOL,OH,AGL,CE,Towers with Radar,92,65,91,12,260,0,1,7,2,10,92,66,98,14,270,47,0,47,317
03/22/2000,TOL,OH,AGL,CE,Towers with Radar,85,62,125,19,291,0,1,20,3,24,85,63,145,22,315,68,6,74,389
03/23/2000,TOL,OH,AGL,CE,Towers with Radar,91,65,92,12,260,0,0,37,3,40,91,65,129,15,300,63,22,85,385
03/24/2000,TOL,OH,AGL,CE,Towers with Radar,86,81,102,5,274,0,1,46,3,50,86,82,148,8,324,60,28,88,412
03/25/2000,TOL,OH,AGL,CE,Towers with Radar,57,50,39,0,146,0,1,20,4,25,57,51,59,4,171,52,0,52,223
03/26/2000,TOL,OH,AGL,CE,Towers with Radar,5,53,2,0,60,0,0,138,0,138,5,53,140,0,198,80,0,80,278
03/27/2000,TOL,OH,AGL,CE,Towers with Radar,10,64,63,8,145,0,0,26,3,29,10,64,89,11,174,62,12,74,248
03/28/2000,TOL,OH,AGL,CE,Towers with Radar,90,64,83,0,237,0,0,7,0,7,90,64,90,0,244,14,0,14,258
03/29/2000,TOL,OH,AGL,CE,Towers with Radar,86,66,105,7,264,0,0,35,3,38,86,66,140,10,302,58,22,80,382
03/30/2000,TOL,OH,AGL,CE,Towers with Radar,88,73,126,6,293,0,1,73,3,77,88,74,199,9,370,93,0,93,463
03/31/2000,TOL,OH,AGL,CE,Towers with Radar,88,71,99,1,259,0,1,53,2,56,88,72,152,3,315,66,0,66,381
04/01/2000,TOL,OH,AGL,CE,Towers with Radar,43,51,61,4,159,17,0,40,0,57,60,51,101,4,216,82,0,82,298
04/02/2000,TOL,OH,AGL,CE,Towers with Radar,6,58,76,17,157,0,0,14,12,26,6,58,90,29,183,38,32,70,253
04/03/2000,TOL,OH,AGL,CE,Towers with Radar,8,55,61,10,134,0,0,8,0,8,8,55,69,10,142,20,4,24,166
04/04/2000,TOL,OH,AGL,CE,Towers with Radar,86,68,89,9,252,0,0,10,6,16,86,68,99,15,268,46,24,70,338
04/05/2000,TOL,OH,AGL,CE,Towers with Radar,87,66,125,14,292,0,0,40,23,63,87,66,165,37,355,68,50,118,473
04/06/2000,TOL,OH,AGL,CE,Towers with Radar,89,71,82,0,242,0,0,28,0,28,89,71,110,0,270,22,0,22,292
04/07/2000,TOL,OH,AGL,CE,Towers with Radar,82,71,65,12,230,0,0,26,0,26,82,71,91,12,256,14,40,54,310
04/08/2000,TOL,OH,AGL,CE,Towers with Radar,68,49,37,2,156,0,0,6,0,6,68,49,43,2,162,24,0,24,186
04/09/2000,TOL,OH,AGL,CE,Towers with Radar,6,57,46,0,109,0,0,22,0,22,6,57,68,0,131,10,0,10,141
04/10/2000,TOL,OH,AGL,CE,Towers with Radar,13,63,86,11,173,0,0,26,1,27,13,63,112,12,200,40,20,60,260
04/11/2000,TOL,OH,AGL,CE,Towers with Radar,76,67,70,1,214,0,0,2,1,3,76,67,72,2,217,12,0,12,229
04/12/2000,TOL,OH,AGL,CE,Towers with Radar,88,72,104,6,270,0,0,39,2,41,88,72,143,8,311,66,20,86,397
04/13/2000,TOL,OH,AGL,CE,Towers with Radar,76,73,115,8,272,0,0,46,1,47,76,73,161,9,319,92,12,104,423
04/14/2000,TOL,OH,AGL,CE,Towers with Radar,71,62,60,0,193,0,0,52,0,52,71,62,112,0,245,40,0,40,285
04/15/2000,TOL,OH,AGL,CE,Towers with Radar,48,45,46,0,139,0,0,28,0,28,48,45,74,0,167,46,0,46,213
04/16/2000,TOL,OH,AGL,CE,Towers with Radar,6,47,61,0,114,0,0,18,0,18,6,47,79,0,132,54,0,54,186
04/17/2000,TOL,OH,AGL,CE,Towers with Radar,11,73,80,0,164,0,0,9,0,9,11,73,89,0,173,20,0,20,193
04/18/2000,TOL,OH,AGL,CE,Towers with Radar,81,76,102,12,271,0,0,23,1,24,81,76,125,13,295,36,4,40,335
04/19/2000,TOL,OH,AGL,CE,Towers with Radar,81,70,124,7,282,0,0,15,1,16,81,70,139,8,298,11,0,11,309
04/20/2000,TOL,OH,AGL,CE,Towers with Radar,79,50,64,0,193,0,0,2,0,2,79,50,66,0,195,4,0,4,199
04/21/2000,TOL,OH,AGL,CE,Towers with Radar,57,67,71,1,196,13,0,0,0,13,70,67,71,1,209,28,0,28,237
04/22/2000,TOL,OH,AGL,CE,Towers with Radar,12,45,52,0,109,0,5,27,0,32,12,50,79,0,141,74,0,74,215
04/23/2000,TOL,OH,AGL,CE,Towers with Radar,12,28,32,0,72,0,25,8,0,33,12,53,40,0,105,8,0,8,113
04/24/2000,TOL,OH,AGL,CE,Towers with Radar,13,49,58,4,124,0,16,67,4,87,13,65,125,8,211,66,26,92,303
04/25/2000,TOL,OH,AGL,CE,Towers with Radar,58,69,82,5,214,19,1,33,5,58,77,70,115,10,272,22,12,34,306
04/26/2000,TOL,OH,AGL,CE,Towers with Radar,62,71,88,4,225,11,0,75,0,86,73,71,163,4,311,51,32,83,394
04/27/2000,TOL,OH,AGL,CE,Towers with Radar,70,65,98,6,239,9,0,77,14,100,79,65,175,20,339,38,26,64,403
04/28/2000,TOL,OH,AGL,CE,Towers with Radar,56,66,78,5,205,15,4,42,2,63,71,70,120,7,268,24,0,24,292
04/29/2000,TOL,OH,AGL,CE,Towers with Radar,39,46,53,3,141,7,3,32,0,42,46,49,85,3,183,60,0,60,243
04/30/2000,TOL,OH,AGL,CE,Towers with Radar,6,40,46,2,94,0,18,54,0,72,6,58,100,2,166,38,0,38,204
05/01/2000,TOL,OH,AGL,CE,Towers with Radar,15,46,55,4,120,0,13,13,0,26,15,59,68,4,146,11,0,11,157
05/02/2000,TOL,OH,AGL,CE,Towers with Radar,58,59,80,6,203,21,0,32,1,54,79,59,112,7,257,42,6,48,305
05/03/2000,TOL,OH,AGL,CE,Towers with Radar,63,65,88,6,222,16,0,30,8,54,79,65,118,14,276,28,8,36,312
05/04/2000,TOL,OH,AGL,CE,Towers with Radar,69,57,97,7,230,11,0,5,8,24,80,57,102,15,254,44,18,62,316
05/05/2000,TOL,OH,AGL,CE,Towers with Radar,60,64,82,0,206,9,0,28,0,37,69,64,110,0,243,25,0,25,268
05/06/2000,TOL,OH,AGL,CE,Towers with Radar,34,39,47,1,121,13,12,15,0,40,47,51,62,1,161,33,0,33,194
05/07/2000,TOL,OH,AGL,CE,Towers with Radar,6,33,40,3,82,0,18,23,4,45,6,51,63,7,127,2,4,6,133
05/08/2000,TOL,OH,AGL,CE,Towers with Radar,14,51,61,4,130,0,18,15,0,33,14,69,76,4,163,16,6,22,185
05/09/2000,TOL,OH,AGL,CE,Towers with Radar,48,55,53,2,158,31,0,0,0,31,79,55,53,2,189,0,0,0,189
05/10/2000,TOL,OH,AGL,CE,Towers with Radar,69,63,96,7,235,14,0,41,0,55,83,63,137,7,290,54,0,54,344
05/11/2000,TOL,OH,AGL,CE,Towers with Radar,68,66,95,8,237,16,0,25,3,44,84,66,120,11,281,50,12,62,343
05/12/2000,TOL,OH,AGL,CE,Towers with Radar,56,64,74,2,196,19,0,0,0,19,75,64,74,2,215,8,0,8,223
05/13/2000,TOL,OH,AGL,CE,Towers with Radar,31,37,38,4,110,22,20,0,6,48,53,57,38,10,158,96,4,100,258
05/14/2000,TOL,OH,AGL,CE,Towers with Radar,8,29,33,1,71,0,27,19,0,46,8,56,52,1,117,20,0,20,137
05/15/2000,TOL,OH,AGL,CE,Towers with Radar,14,54,62,6,136,0,19,51,5,75,14,73,113,11,211,24,42,66,277
05/16/2000,TOL,OH,AGL,CE,Towers with Radar,68,66,95,8,237,8,0,17,2,27,76,66,112,10,264,31,20,51,315
05/17/2000,TOL,OH,AGL,CE,Towers with Radar,72,87,101,6,266,7,13,32,0,52,79,100,133,6,318,50,18,68,386
05/18/2000,TOL,OH,AGL,CE,Towers with Radar,59,55,81,2,197,17,0,20,0,37,76,55,101,2,234,20,4,24,258
05/19/2000,TOL,OH,AGL,CE,Towers with Radar,67,65,93,1,226,2,0,1,0,3,69,65,94,1,229,6,0,6,235
05/20/2000,TOL,OH,AGL,CE,Towers with Radar,42,50,59,5,156,11,3,46,5,65,53,53,105,10,221,46,8,54,275
05/21/2000,TOL,OH,AGL,CE,Towers with Radar,6,44,51,0,101,0,8,49,0,57,6,52,100,0,158,46,0,46,204
05/22/2000,TOL,OH,AGL,CE,Towers with Radar,13,61,70,6,150,0,8,38,4,50,13,69,108,10,200,34,16,50,250
05/23/2000,TOL,OH,AGL,CE,Towers with Radar,68,65,96,8,237,15,0,9,11,35,83,65,105,19,272,22,44,66,338
05/24/2000,TOL,OH,AGL,CE,Towers with Radar,71,85,98,7,261,7,11,3,2,23,78,96,101,9,284,33,24,57,341
05/25/2000,TOL,OH,AGL,CE,Towers with Radar,67,69,94,7,237,10,0,64,18,92,77,69,158,25,329,82,30,112,441
05/26/2000,TOL,OH,AGL,CE,Towers with Radar,61,65,84,0,210,9,0,83,0,92,70,65,167,0,302,50,0,50,352
05/27/2000,TOL,OH,AGL,CE,Towers with Radar,8,25,30,2,65,0,19,0,0,19,8,44,30,2,84,2,0,2,86
05/28/2000,TOL,OH,AGL,CE,Towers with Radar,6,23,23,1,53,0,17,0,0,17,6,40,23,1,70,14,0,14,84
05/29/2000,TOL,OH,AGL,CE,Towers with Radar,7,35,43,0,85,0,30,21,0,51,7,65,64,0,136,16,0,16,152
05/30/2000,TOL,OH,AGL,CE,Towers with Radar,23,62,75,5,165,0,0,64,16,80,23,62,139,21,245,58,48,106,351
05/31/2000,TOL,OH,AGL,CE,Towers with Radar,65,58,92,7,222,15,0,68,4,87,80,58,160,11,309,28,14,42,351
06/01/2000,TOL,OH,AGL,CE,Towers with Radar,77,66,95,14,252,0,2,29,12,43,77,68,124,26,295,45,40,85,380
06/02/2000,TOL,OH,AGL,CE,Towers with Radar,69,72,82,3,226,0,1,35,0,36,69,73,117,3,262,67,12,79,341
06/03/2000,TOL,OH,AGL,CE,Towers with Radar,54,52,30,3,139,0,0,36,0,36,54,52,66,3,175,67,0,67,242
06/04/2000,TOL,OH,AGL,CE,Towers with Radar,6,54,30,4,94,0,1,25,0,26,6,55,55,4,120,44,4,48,168
06/05/2000,TOL,OH,AGL,CE,Towers with Radar,15,67,82,12,176,0,0,9,0,9,15,67,91,12,185,6,0,6,191
06/06/2000,TOL,OH,AGL,CE,Towers with Radar,84,71,91,12,258,0,7,49,4,60,84,78,140,16,318,50,34,84,402
06/07/2000,TOL,OH,AGL,CE,Towers with Radar,83,71,113,15,282,0,2,73,16,91,83,73,186,31,373,81,40,121,494
06/08/2000,TOL,OH,AGL,CE,Towers with Radar,76,70,78,18,242,0,1,48,0,49,76,71,126,18,291,56,28,84,375
06/09/2000,TOL,OH,AGL,CE,Towers with Radar,71,64,91,17,243,0,1,49,2,52,71,65,140,19,295,60,38,98,393
06/10/2000,TOL,OH,AGL,CE,Towers with Radar,49,50,49,16,164,0,0,41,12,53,49,50,90,28,217,60,18,78,295
06/11/2000,TOL,OH,AGL,CE,Towers with Radar,7,52,46,15,120,0,0,15,1,16,7,52,61,16,136,48,46,94,230
06/12/2000,TOL,OH,AGL,CE,Towers with Radar,9,63,70,11,153,0,1,2,0,3,9,64,72,11,156,8,0,8,164
06/13/2000,TOL,OH,AGL,CE,Towers with Radar,76,72,67,15,230,0,0,12,0,12,76,72,79,15,242,23,36,59,301
06/14/2000,TOL,OH,AGL,CE,Towers with Radar,77,54,108,4,243,0,1,17,0,18,77,55,125,4,261,40,0,40,301
06/15/2000,TOL,OH,AGL,CE,Towers with Radar,86,74,105,17,282,0,0,21,4,25,86,74,126,21,307,43,28,71,378
06/16/2000,TOL,OH,AGL,CE,Towers with Radar,73,57,77,5,212,0,1,22,0,23,73,58,99,5,235,46,10,56,291
06/17/2000,TOL,OH,AGL,CE,Towers with Radar,50,49,50,12,161,0,2,26,0,28,50,51,76,12,189,56,0,56,245
06/18/2000,TOL,OH,AGL,CE,Towers with Radar,2,50,36,3,91,0,2,23,0,25,2,52,59,3,116,19,0,19,135
06/19/2000,TOL,OH,AGL,CE,Towers with Radar,7,58,87,13,165,0,0,64,1,65,7,58,151,14,230,94,12,106,336
06/20/2000,TOL,OH,AGL,CE,Towers with Radar,81,62,88,13,244,0,2,39,10,51,81,64,127,23,295,52,16,68,363
06/21/2000,TOL,OH,AGL,CE,Towers with Radar,85,67,89,13,254,0,0,14,1,15,85,67,103,14,269,25,8,33,302
06/22/2000,TOL,OH,AGL,CE,Towers with Radar,81,63,113,20,277,0,0,33,10,43,81,63,146,30,320,34,32,66,386
06/23/2000,TOL,OH,AGL,CE,Towers with Radar,77,66,104,6,253,0,1,51,2,54,77,67,155,8,307,32,12,44,351
06/24/2000,TOL,OH,AGL,CE,Towers with Radar,52,54,43,3,152,0,1,29,0,30,52,55,72,3,182,36,0,36,218
06/25/2000,TOL,OH,AGL,CE,Towers with Radar,5,50,37,2,94,0,0,16,0,16,5,50,53,2,110,47,0,47,157
06/26/2000,TOL,OH,AGL,CE,Towers with Radar,8,71,91,22,192,0,3,33,4,40,8,74,124,26,232,38,30,68,300
06/27/2000,TOL,OH,AGL,CE,Towers with Radar,79,71,81,2,233,0,1,69,0,70,79,72,150,2,303,53,0,53,356
06/28/2000,TOL,OH,AGL,CE,Towers with Radar,83,78,97,9,267,0,0,73,0,73,83,78,170,9,340,80,20,100,440
06/29/2000,TOL,OH,AGL,CE,Towers with Radar,79,82,76,7,244,0,3,21,2,26,79,85,97,9,270,36,12,48,318
06/30/2000,TOL,OH,AGL,CE,Towers with Radar,77,77,82,1,237,0,0,59,0,59,77,77,141,1,296,38,0,38,334
07/01/2000,TOL,OH,AGL,CE,Towers with Radar,21,46,32,1,100,0,2,53,1,56,21,48,85,2,156,92,0,92,248
07/02/2000,TOL,OH,AGL,CE,Towers with Radar,8,42,27,6,83,0,2,28,2,32,8,44,55,8,115,33,2,35,150
07/03/2000,TOL,OH,AGL,CE,Towers with Radar,9,51,19,3,82,0,3,7,1,11,9,54,26,4,93,40,13,53,146
07/04/2000,TOL,OH,AGL,CE,Towers with Radar,16,46,40,9,111,0,2,12,1,15,16,48,52,10,126,51,2,53,179
07/05/2000,TOL,OH,AGL,CE,Towers with Radar,10,68,64,18,160,0,2,34,0,36,10,70,98,18,196,44,24,68,264
07/06/2000,TOL,OH,AGL,CE,Towers with Radar,83,63,85,11,242,0,2,19,0,21,83,65,104,11,263,28,12,40,303
07/07/2000,TOL,OH,AGL,CE,Towers with Radar,47,64,65,7,183,22,4,31,4,61,69,68,96,11,244,44,14,58,302
07/08/2000,TOL,OH,AGL,CE,Towers with Radar,32,40,42,0,114,22,11,22,0,55,54,51,64,0,169,40,0,40,209
07/09/2000,TOL,OH,AGL,CE,Towers with Radar,8,41,43,4,96,0,24,12,14,50,8,65,55,18,146,20,36,56,202
07/10/2000,TOL,OH,AGL,CE,Towers with Radar,15,55,57,3,130,0,4,6,0,10,15,59,63,3,140,19,4,23,163
07/11/2000,TOL,OH,AGL,CE,Towers with Radar,57,67,78,9,211,20,0,38,12,70,77,67,116,21,281,50,22,72,353
07/12/2000,TOL,OH,AGL,CE,Towers with Radar,54,68,75,8,205,23,0,72,7,102,77,68,147,15,307,60,20,80,387
07/13/2000,TOL,OH,AGL,CE,Towers with Radar,57,63,79,9,208,18,0,54,35,107,75,63,133,44,315,58,22,80,395
07/14/2000,TOL,OH,AGL,CE,Towers with Radar,53,61,72,8,194,18,0,24,1,43,71,61,96,9,237,26,8,34,271
07/15/2000,TOL,OH,AGL,CE,Towers with Radar,37,47,49,1,134,18,7,46,0,71,55,54,95,1,205,31,0,31,236
07/16/2000,TOL,OH,AGL,CE,Towers with Radar,5,43,44,0,92,0,17,34,0,51,5,60,78,0,143,22,0,22,165
07/17/2000,TOL,OH,AGL,CE,Towers with Radar,13,55,57,6,131,0,13,46,12,71,13,68,103,18,202,36,24,60,262
07/18/2000,TOL,OH,AGL,CE,Towers with Radar,63,80,86,9,238,16,0,46,0,62,79,80,132,9,300,72,10,82,382
07/19/2000,TOL,OH,AGL,CE,Towers with Radar,63,84,87,9,243,12,0,56,2,70,75,84,143,11,313,86,12,98,411
07/20/2000,TOL,OH,AGL,CE,Towers with Radar,58,79,81,9,227,18,0,35,7,60,76,79,116,16,287,84,26,110,397
07/21/2000,TOL,OH,AGL,CE,Towers with Radar,57,74,78,7,216,15,0,44,0,59,72,74,122,7,275,74,2,76,351
07/22/2000,TOL,OH,AGL,CE,Towers with Radar,36,48,49,1,134,13,6,40,0,59,49,54,89,1,193,68,0,68,261
07/23/2000,TOL,OH,AGL,CE,Towers with Radar,2,47,48,5,102,0,10,43,3,56,2,57,91,8,158,66,0,66,224
07/24/2000,TOL,OH,AGL,CE,Towers with Radar,18,64,66,5,153,0,7,53,0,60,18,71,119,5,213,47,0,47,260
07/25/2000,TOL,OH,AGL,CE,Towers with Radar,63,76,87,2,228,10,0,62,0,72,73,76,149,2,300,24,0,24,324
07/26/2000,TOL,OH,AGL,CE,Towers with Radar,75,105,106,6,292,1,2,42,0,45,76,107,148,6,337,118,2,120,457
07/27/2000,TOL,OH,AGL,CE,Towers with Radar,67,92,95,3,257,8,1,27,0,36,75,93,122,3,293,0,0,0,293
07/28/2000,TOL,OH,AGL,CE,Towers with Radar,66,62,93,9,230,4,0,49,5,58,70,62,142,14,288,0,0,0,288
07/29/2000,TOL,OH,AGL,CE,Towers with Radar,40,36,38,3,117,21,0,0,0,21,61,36,38,3,138,0,0,0,138
07/30/2000,TOL,OH,AGL,CE,Towers with Radar,5,55,55,2,117,0,1,26,0,27,5,56,81,2,144,0,0,0,144
07/31/2000,TOL,OH,AGL,CE,Towers with Radar,7,69,69,0,145,0,8,39,0,47,7,77,108,0,192,0,0,0,192
08/01/2000,TOL,OH,AGL,CE,Towers with Radar,71,65,90,5,231,0,1,28,0,29,71,66,118,5,260,54,2,56,316
08/02/2000,TOL,OH,AGL,CE,Towers with Radar,76,70,71,0,217,0,2,21,0,23,76,72,92,0,240,18,0,18,258
08/03/2000,TOL,OH,AGL,CE,Towers with Radar,75,83,90,1,249,0,1,15,0,16,75,84,105,1,265,32,0,32,297
08/04/2000,TOL,OH,AGL,CE,Towers with Radar,63,70,81,27,241,0,3,55,0,58,63,73,136,27,299,77,20,97,396
08/05/2000,TOL,OH,AGL,CE,Towers with Radar,55,51,35,24,165,0,1,34,2,37,55,52,69,26,202,49,18,67,269
08/06/2000,TOL,OH,AGL,CE,Towers with Radar,2,46,52,19,119,0,1,5,0,6,2,47,57,19,125,4,16,20,145
08/07/2000,TOL,OH,AGL,CE,Towers with Radar,12,66,62,4,144,0,1,34,0,35,12,67,96,4,179,52,0,52,231
08/08/2000,TOL,OH,AGL,CE,Towers with Radar,76,67,87,10,240,0,1,19,0,20,76,68,106,10,260,36,16,52,312
08/09/2000,TOL,OH,AGL,CE,Towers with Radar,78,75,70,4,227,0,4,19,0,23,78,79,89,4,250,30,0,30,280
08/10/2000,TOL,OH,AGL,CE,Towers with Radar,73,77,66,10,226,0,1,46,0,47,73,78,112,10,273,64,56,120,393
08/11/2000,TOL,OH,AGL,CE,Towers with Radar,65,64,68,14,211,0,2,54,0,56,65,66,122,14,267,60,16,76,343
08/12/2000,TOL,OH,AGL,CE,Towers with Radar,53,53,37,2,145,0,2,69,0,71,53,55,106,2,216,42,0,42,258
08/13/2000,TOL,OH,AGL,CE,Towers with Radar,5,55,43,1,104,0,1,54,2,57,5,56,97,3,161,35,0,35,196
08/14/2000,TOL,OH,AGL,CE,Towers with Radar,13,62,62,9,146,0,1,43,1,45,13,63,105,10,191,43,24,67,258
08/15/2000,TOL,OH,AGL,CE,Towers with Radar,71,74,83,11,239,0,2,38,4,44,71,76,121,15,283,16,8,24,307
08/16/2000,TOL,OH,AGL,CE,Towers with Radar,80,77,101,4,262,0,2,55,0,57,80,79,156,4,319,62,6,68,387
08/17/2000,TOL,OH,AGL,CE,Towers with Radar,70,80,50,4,204,0,2,7,0,9,70,82,57,4,213,53,0,53,266
08/18/2000,TOL,OH,AGL,CE,Towers with Radar,68,81,71,1,221,0,2,20,1,23,68,83,91,2,244,78,0,78,322
08/19/2000,TOL,OH,AGL,CE,Towers with Radar,51,54,35,1,141,0,3,59,0,62,51,57,94,1,203,40,0,40,243
08/20/2000,TOL,OH,AGL,CE,Towers with Radar,5,67,63,3,138,0,1,47,4,52,5,68,110,7,190,50,10,60,250
08/21/2000,TOL,OH,AGL,CE,Towers with Radar,9,61,78,10,158,0,1,30,5,36,9,62,108,15,194,30,20,50,244
08/22/2000,TOL,OH,AGL,CE,Towers with Radar,76,78,105,14,273,0,0,29,0,29,76,78,134,14,302,61,26,87,389
08/23/2000,TOL,OH,AGL,CE,Towers with Radar,81,93,94,5,273,0,2,14,0,16,81,95,108,5,289,44,4,48,337
08/24/2000,TOL,OH,AGL,CE,Towers with Radar,81,81,76,8,246,0,1,30,0,31,81,82,106,8,277,51,4,55,332
08/25/2000,TOL,OH,AGL,CE,Towers with Radar,68,73,74,6,221,0,2,59,0,61,68,75,133,6,282,71,4,75,357
08/26/2000,TOL,OH,AGL,CE,Towers with Radar,51,54,27,5,137,0,1,32,0,33,51,55,59,5,170,46,0,46,216
08/27/2000,TOL,OH,AGL,CE,Towers with Radar,2,59,33,0,94,0,0,14,0,14,2,59,47,0,108,34,0,34,142
08/28/2000,TOL,OH,AGL,CE,Towers with Radar,9,71,77,13,170,0,0,27,0,27,9,71,104,13,197,50,10,60,257
08/29/2000,TOL,OH,AGL,CE,Towers with Radar,79,87,81,10,257,0,0,42,0,42,79,87,123,10,299,26,18,44,343
08/30/2000,TOL,OH,AGL,CE,Towers with Radar,73,75,109,9,266,0,2,56,0,58,73,77,165,9,324,87,12,99,423
08/31/2000,TOL,OH,AGL,CE,Towers with Radar,67,69,88,10,234,9,0,48,11,68,76,69,136,21,302,48,40,88,390
09/01/2000,TOL,OH,AGL,CE,Towers with Radar,67,83,86,2,238,4,0,10,0,14,71,83,96,2,252,40,0,40,292
09/02/2000,TOL,OH,AGL,CE,Towers with Radar,12,44,42,2,100,0,6,20,0,26,12,50,62,2,126,38,0,38,164
09/03/2000,TOL,OH,AGL,CE,Towers with Radar,4,32,31,0,67,0,20,22,0,42,4,52,53,0,109,59,0,59,168
09/04/2000,TOL,OH,AGL,CE,Towers with Radar,6,45,42,1,94,0,15,10,0,25,6,60,52,1,119,10,0,10,129
09/05/2000,TOL,OH,AGL,CE,Towers with Radar,6,60,56,7,129,0,16,48,12,76,6,76,104,19,205,27,21,48,253
09/06/2000,TOL,OH,AGL,CE,Towers with Radar,64,85,83,10,242,19,0,78,6,103,83,85,161,16,345,132,24,156,501
09/07/2000,TOL,OH,AGL,CE,Towers with Radar,67,87,87,9,250,8,0,58,0,66,75,87,145,9,316,80,30,110,426
09/08/2000,TOL,OH,AGL,CE,Towers with Radar,72,62,93,2,229,10,0,52,0,62,82,62,145,2,291,70,0,70,361
09/09/2000,TOL,OH,AGL,CE,Towers with Radar,42,49,43,7,141,26,0,0,15,41,68,49,43,22,182,18,8,26,208
09/10/2000,TOL,OH,AGL,CE,Towers with Radar,27,40,39,5,111,0,2,7,1,10,27,42,46,6,121,4,0,4,125
09/11/2000,TOL,OH,AGL,CE,Towers with Radar,12,61,57,5,135,0,10,40,0,50,12,71,97,5,185,0,0,0,185
09/12/2000,TOL,OH,AGL,CE,Towers with Radar,68,90,88,11,257,8,0,36,9,53,76,90,124,20,310,56,18,74,384
09/13/2000,TOL,OH,AGL,CE,Towers with Radar,71,82,92,11,256,11,0,49,4,64,82,82,141,15,320,68,12,80,400
09/14/2000,TOL,OH,AGL,CE,Towers with Radar,70,85,90,11,256,3,0,13,0,16,73,85,103,11,272,42,0,42,314
09/15/2000,TOL,OH,AGL,CE,Towers with Radar,61,79,78,6,224,9,0,30,0,39,70,79,108,6,263,70,10,80,343
09/16/2000,TOL,OH,AGL,CE,Towers with Radar,33,45,41,5,124,21,23,41,3,88,54,68,82,8,212,108,4,112,324
09/17/2000,TOL,OH,AGL,CE,Towers with Radar,5,41,37,1,84,0,25,40,0,65,5,66,77,1,149,32,4,36,185
09/18/2000,TOL,OH,AGL,CE,Towers with Radar,19,56,51,7,133,0,16,52,7,75,19,72,103,14,208,64,18,82,290
09/19/2000,TOL,OH,AGL,CE,Towers with Radar,61,79,78,10,228,10,0,35,13,58,71,79,113,23,286,95,18,113,399
09/20/2000,TOL,OH,AGL,CE,Towers with Radar,61,66,80,9,216,17,0,24,0,41,78,66,104,9,257,33,0,33,290
09/21/2000,TOL,OH,AGL,CE,Towers with Radar,69,83,90,10,252,15,0,34,5,54,84,83,124,15,306,80,14,94,400
09/22/2000,TOL,OH,AGL,CE,Towers with Radar,64,80,85,2,231,3,0,45,0,48,67,80,130,2,279,28,14,42,321
09/23/2000,TOL,OH,AGL,CE,Towers with Radar,32,46,43,4,125,24,6,0,2,32,56,52,43,6,157,26,0,26,183
09/24/2000,TOL,OH,AGL,CE,Towers with Radar,6,43,41,1,91,0,16,4,0,20,6,59,45,1,111,14,0,14,125
09/25/2000,TOL,OH,AGL,CE,Towers with Radar,11,71,65,7,154,0,8,50,0,58,11,79,115,7,212,36,10,46,258
09/26/2000,TOL,OH,AGL,CE,Towers with Radar,62,86,82,9,239,18,0,68,5,91,80,86,150,14,330,34,12,46,376
09/27/2000,TOL,OH,AGL,CE,Towers with Radar,67,89,87,9,252,11,0,74,0,85,78,89,161,9,337,72,8,80,417
09/28/2000,TOL,OH,AGL,CE,Towers with Radar,65,87,86,10,248,13,0,10,2,25,78,87,96,12,273,66,18,84,357
09/29/2000,TOL,OH,AGL,CE,Towers with Radar,68,94,88,1,251,0,0,48,0,48,68,94,136,1,299,66,0,66,365
09/30/2000,TOL,OH,AGL,CE,Towers with Radar,33,45,42,2,122,19,11,34,0,64,52,56,76,2,186,87,4,91,277
10/01/2000,TOL,OH,AGL,CE,Towers with Radar,6,41,41,3,91,0,18,33,0,51,6,59,74,3,142,38,10,48,190
10/02/2000,TOL,OH,AGL,CE,Towers with Radar,9,67,68,8,152,0,10,22,11,43,9,77,90,19,195,32,2,34,229
10/03/2000,TOL,OH,AGL,CE,Towers with Radar,68,70,85,10,233,13,0,18,8,39,81,70,103,18,272,28,18,46,318
10/04/2000,TOL,OH,AGL,CE,Towers with Radar,73,78,90,11,252,15,0,0,8,23,88,78,90,19,275,28,2,30,305
10/05/2000,TOL,OH,AGL,CE,Towers with Radar,77,77,86,8,248,1,0,0,0,1,78,77,86,8,249,6,0,6,255
10/06/2000,TOL,OH,AGL,CE,Towers with Radar,74,83,104,2,263,0,0,15,0,15,74,83,119,2,278,66,0,66,344
10/07/2000,TOL,OH,AGL,CE,Towers with Radar,35,44,45,0,124,29,30,1,0,60,64,74,46,0,184,56,0,56,240
10/08/2000,TOL,OH,AGL,CE,Towers with Radar,14,32,31,0,77,0,36,0,0,36,14,68,31,0,113,28,0,28,141
10/09/2000,TOL,OH,AGL,CE,Towers with Radar,18,62,63,0,143,0,2,63,0,65,18,64,126,0,208,78,0,78,286
10/10/2000,TOL,OH,AGL,CE,Towers with Radar,66,82,85,10,243,15,0,14,15,44,81,82,99,25,287,50,18,68,355
10/11/2000,TOL,OH,AGL,CE,Towers with Radar,67,71,86,11,235,17,0,18,2,37,84,71,104,13,272,34,24,58,330
10/12/2000,TOL,OH,AGL,CE,Towers with Radar,67,82,86,11,246,23,0,36,4,63,90,82,122,15,309,50,12,62,371
10/13/2000,TOL,OH,AGL,CE,Towers with Radar,66,74,84,8,232,11,0,36,0,47,77,74,120,8,279,76,36,112,391
10/14/2000,TOL,OH,AGL,CE,Towers with Radar,38,50,47,6,141,17,5,51,2,75,55,55,98,8,216,83,40,123,339
10/15/2000,TOL,OH,AGL,CE,Towers with Radar,10,52,51,7,120,0,5,1,13,19,10,57,52,20,139,16,18,34,173
10/16/2000,TOL,OH,AGL,CE,Towers with Radar,20,63,62,2,147,0,13,25,0,38,20,76,87,2,185,10,0,10,195
10/17/2000,TOL,OH,AGL,CE,Towers with Radar,65,76,80,0,221,18,0,0,0,18,83,76,80,0,239,30,0,30,269
10/18/2000,TOL,OH,AGL,CE,Towers with Radar,76,85,97,12,270,13,0,27,11,51,89,85,124,23,321,42,44,86,407
10/19/2000,TOL,OH,AGL,CE,Towers with Radar,73,87,95,12,267,10,0,46,3,59,83,87,141,15,326,55,30,85,411
10/20/2000,TOL,OH,AGL,CE,Towers with Radar,70,76,91,5,242,14,0,68,0,82,84,76,159,5,324,88,14,102,426
10/21/2000,TOL,OH,AGL,CE,Towers with Radar,40,52,51,0,143,19,7,54,0,80,59,59,105,0,223,144,0,144,367
10/22/2000,TOL,OH,AGL,CE,Towers with Radar,11,51,50,1,113,0,12,72,0,84,11,63,122,1,197,100,0,100,297
10/23/2000,TOL,OH,AGL,CE,Towers with Radar,16,70,70,9,165,0,16,44,7,67,16,86,114,16,232,104,22,126,358
10/24/2000,TOL,OH,AGL,CE,Towers with Radar,68,89,87,0,244,20,4,0,0,24,88,93,87,0,268,24,0,24,292
10/25/2000,TOL,OH,AGL,CE,Towers with Radar,70,79,91,0,240,7,0,30,0,37,77,79,121,0,277,6,0,6,283
10/26/2000,TOL,OH,AGL,CE,Towers with Radar,65,62,85,10,222,3,0,14,9,26,68,62,99,19,248,70,12,82,330
10/27/2000,TOL,OH,AGL,CE,Towers with Radar,73,82,93,1,249,11,0,24,0,35,84,82,117,1,284,84,24,108,392
10/28/2000,TOL,OH,AGL,CE,Towers with Radar,50,61,64,4,179,11,0,46,0,57,61,61,110,4,236,97,6,103,339
10/29/2000,TOL,OH,AGL,CE,Towers with Radar,14,47,47,5,113,0,14,64,1,79,14,61,111,6,192,44,12,56,248
10/30/2000,TOL,OH,AGL,CE,Towers with Radar,15,59,58,7,139,0,31,63,11,105,15,90,121,18,244,82,20,102,346
10/31/2000,TOL,OH,AGL,CE,Towers with Radar,54,71,71,8,204,33,4,16,9,62,87,75,87,17,266,18,14,32,298
11/01/2000,TOL,OH,AGL,CE,Towers with Radar,76,75,87,9,247,13,0,57,14,84,89,75,144,23,331,48,24,72,403
11/02/2000,TOL,OH,AGL,CE,Towers with Radar,77,85,93,10,265,0,0,45,15,60,77,85,138,25,325,55,4,59,384
11/03/2000,TOL,OH,AGL,CE,Towers with Radar,72,96,83,5,256,0,1,25,0,26,72,97,108,5,282,68,0,68,350
11/04/2000,TOL,OH,AGL,CE,Towers with Radar,45,56,52,6,159,12,0,47,5,64,57,56,99,11,223,86,0,86,309
11/05/2000,TOL,OH,AGL,CE,Towers with Radar,10,47,41,5,103,0,17,42,16,75,10,64,83,21,178,38,76,114,292
11/06/2000,TOL,OH,AGL,CE,Towers with Radar,14,73,63,8,158,0,4,52,2,58,14,77,115,10,216,52,4,56,272
11/07/2000,TOL,OH,AGL,CE,Towers with Radar,70,87,81,10,248,14,0,12,10,36,84,87,93,20,284,24,2,26,310
11/08/2000,TOL,OH,AGL,CE,Towers with Radar,76,88,87,11,262,5,0,42,7,54,81,88,129,18,316,94,0,94,410
11/09/2000,TOL,OH,AGL,CE,Towers with Radar,75,73,86,0,234,16,0,31,0,47,91,73,117,0,281,53,0,53,334
11/10/2000,TOL,OH,AGL,CE,Towers with Radar,69,78,85,1,233,0,0,9,0,9,69,78,94,1,242,44,0,44,286
11/11/2000,TOL,OH,AGL,CE,Towers with Radar,45,59,52,6,162,9,0,24,16,49,54,59,76,22,211,70,12,82,293
11/12/2000,TOL,OH,AGL,CE,Towers with Radar,20,58,51,2,131,0,7,40,0,47,20,65,91,2,178,138,0,138,316
11/13/2000,TOL,OH,AGL,CE,Towers with Radar,21,76,66,8,171,0,5,16,1,22,21,81,82,9,193,29,0,29,222
11/14/2000,TOL,OH,AGL,CE,Towers with Radar,63,83,60,4,210,20,0,0,0,20,83,83,60,4,230,140,0,140,370
11/15/2000,TOL,OH,AGL,CE,Towers with Radar,69,82,80,10,241,11,0,40,8,59,80,82,120,18,300,80,22,102,402
11/16/2000,TOL,OH,AGL,CE,Towers with Radar,66,76,76,1,219,16,0,3,0,19,82,76,79,1,238,12,0,12,250
11/17/2000,TOL,OH,AGL,CE,Towers with Radar,57,75,64,0,196,22,0,18,0,40,79,75,82,0,236,18,0,18,254
11/18/2000,TOL,OH,AGL,CE,Towers with Radar,42,56,42,1,141,21,18,0,0,39,63,74,42,1,180,84,2,86,266
11/19/2000,TOL,OH,AGL,CE,Towers with Radar,10,38,31,2,81,0,27,19,0,46,10,65,50,2,127,50,20,70,197
11/20/2000,TOL,OH,AGL,CE,Towers with Radar,23,63,53,1,140,0,26,18,0,44,23,89,71,1,184,48,0,48,232
11/21/2000,TOL,OH,AGL,CE,Towers with Radar,81,97,92,2,272,2,0,23,0,25,83,97,115,2,297,66,0,66,363
11/22/2000,TOL,OH,AGL,CE,Towers with Radar,77,100,87,10,274,4,0,13,9,26,81,100,100,19,300,90,34,124,424
11/23/2000,TOL,OH,AGL,CE,Towers with Radar,30,40,30,0,100,44,11,0,0,55,74,51,30,0,155,22,0,22,177
11/24/2000,TOL,OH,AGL,CE,Towers with Radar,11,34,28,0,73,0,15,25,0,40,11,49,53,0,113,24,0,24,137
11/25/2000,TOL,OH,AGL,CE,Towers with Radar,22,42,19,0,83,0,11,0,0,11,22,53,19,0,94,22,0,22,116
11/26/2000,TOL,OH,AGL,CE,Towers with Radar,10,41,34,0,85,0,20,1,0,21,10,61,35,0,106,2,0,2,108
11/27/2000,TOL,OH,AGL,CE,Towers with Radar,13,81,69,7,170,0,6,15,1,22,13,87,84,8,192,24,0,24,216
11/28/2000,TOL,OH,AGL,CE,Towers with Radar,65,88,75,0,228,22,1,1,0,24,87,89,76,0,252,10,0,10,262
11/29/2000,TOL,OH,AGL,CE,Towers with Radar,66,90,75,0,231,22,4,11,0,37,88,94,86,0,268,38,0,38,306
11/30/2000,TOL,OH,AGL,CE,Towers with Radar,75,93,82,9,259,12,0,0,16,28,87,93,82,25,287,52,0,52,339
12/01/2000,TOL,OH,AGL,CE,Towers with Radar,74,74,71,6,225,0,0,23,0,23,74,74,94,6,248,78,0,78,326
12/02/2000,TOL,OH,AGL,CE,Towers with Radar,56,58,7,0,121,0,0,44,0,44,56,58,51,0,165,52,78,130,295
12/03/2000,TOL,OH,AGL,CE,Towers with Radar,8,52,8,0,68,0,0,44,0,44,8,52,52,0,112,82,8,90,202
12/04/2000,TOL,OH,AGL,CE,Towers with Radar,17,67,59,31,174,0,0,23,0,23,17,67,82,31,197,23,24,47,244
12/05/2000,TOL,OH,AGL,CE,Towers with Radar,82,78,67,0,227,0,0,5,20,25,82,78,72,20,252,26,0,26,278
12/06/2000,TOL,OH,AGL,CE,Towers with Radar,87,86,94,22,289,0,0,17,0,17,87,86,111,22,306,46,30,76,382
12/07/2000,TOL,OH,AGL,CE,Towers with Radar,87,68,63,0,218,0,0,0,0,0,87,68,63,0,218,10,0,10,228
12/08/2000,TOL,OH,AGL,CE,Towers with Radar,78,71,86,0,235,0,0,8,0,8,78,71,94,0,243,46,0,46,289
12/09/2000,TOL,OH,AGL,CE,Towers with Radar,62,56,64,0,182,0,0,32,0,32,62,56,96,0,214,82,2,84,298
12/10/2000,TOL,OH,AGL,CE,Towers with Radar,9,51,42,3,105,0,0,0,0,0,9,51,42,3,105,28,0,28,133
12/11/2000,TOL,OH,AGL,CE,Towers with Radar,18,50,60,0,128,0,0,0,0,0,18,50,60,0,128,6,0,6,134
12/12/2000,TOL,OH,AGL,CE,Towers with Radar,69,76,66,0,211,0,0,18,0,18,69,76,84,0,229,28,0,28,257
12/13/2000,TOL,OH,AGL,CE,Towers with Radar,80,59,59,0,198,0,0,4,0,4,80,59,63,0,202,4,0,4,206
12/14/2000,TOL,OH,AGL,CE,Towers with Radar,69,110,78,0,257,0,1,12,0,13,69,111,90,0,270,74,0,74,344
12/15/2000,TOL,OH,AGL,CE,Towers with Radar,80,71,58,7,216,1,8,7,0,16,81,79,65,7,232,34,0,34,266
12/16/2000,TOL,OH,AGL,CE,Towers with Radar,74,51,9,2,136,0,0,0,0,0,74,51,9,2,136,4,0,4,140
12/17/2000,TOL,OH,AGL,CE,Towers with Radar,8,36,5,0,49,0,0,1,0,1,8,36,6,0,50,2,0,2,52
12/18/2000,TOL,OH,AGL,CE,Towers with Radar,14,72,83,0,169,0,0,13,0,13,14,72,96,0,182,34,0,34,216
12/19/2000,TOL,OH,AGL,CE,Towers with Radar,77,77,60,1,215,0,0,2,1,3,77,77,62,2,218,34,0,34,252
12/20/2000,TOL,OH,AGL,CE,Towers with Radar,71,78,69,0,218,0,0,33,0,33,71,78,102,0,251,24,0,24,275
12/21/2000,TOL,OH,AGL,CE,Towers with Radar,72,78,58,0,208,0,0,3,0,3,72,78,61,0,211,0,0,0,211
12/22/2000,TOL,OH,AGL,CE,Towers with Radar,76,59,45,0,180,0,1,12,0,13,76,60,57,0,193,18,0,18,211
12/23/2000,TOL,OH,AGL,CE,Towers with Radar,77,54,33,0,164,0,0,10,0,10,77,54,43,0,174,30,0,30,204
12/24/2000,TOL,OH,AGL,CE,Towers with Radar,10,51,13,0,74,0,0,5,0,5,10,51,18,0,79,0,0,0,79
12/25/2000,TOL,OH,AGL,CE,Towers with Radar,9,56,10,0,75,0,0,5,0,5,9,56,15,0,80,6,0,6,86
12/26/2000,TOL,OH,AGL,CE,Towers with Radar,11,69,53,0,133,0,0,23,0,23,11,69,76,0,156,96,0,96,252
12/27/2000,TOL,OH,AGL,CE,Towers with Radar,52,59,53,0,164,0,0,5,0,5,52,59,58,0,169,16,0,16,185
12/28/2000,TOL,OH,AGL,CE,Towers with Radar,54,66,75,13,208,0,0,47,0,47,54,66,122,13,255,96,18,114,369
12/29/2000,TOL,OH,AGL,CE,Towers with Radar,51,59,33,0,143,0,0,0,0,0,51,59,33,0,143,10,0,10,153
12/30/2000,TOL,OH,AGL,CE,Towers with Radar,49,46,11,0,106,0,0,4,0,4,49,46,15,0,110,2,0,2,112
12/31/2000,TOL,OH,AGL,CE,Towers with Radar,11,53,11,0,75,0,0,12,0,12,11,53,23,0,87,18,0,18,105
01/01/2001,TOL,OH,AGL,CE,Towers with Radar,9,55,8,0,72,0,0,11,0,11,9,55,19,0,83,2,0,2,85
01/02/2001,TOL,OH,AGL,CE,Towers with Radar,13,66,59,0,138,0,0,16,0,16,13,66,75,0,154,60,0,60,214
01/03/2001,TOL,OH,AGL,CE,Towers with Radar,58,85,37,0,180,0,2,2,0,4,58,87,39,0,184,18,0,18,202
01/04/2001,TOL,OH,AGL,CE,Towers with Radar,56,82,61,2,201,0,0,5,0,5,56,82,66,2,206,21,0,21,227
01/05/2001,TOL,OH,AGL,CE,Towers with Radar,58,84,52,0,194,0,0,3,0,3,58,84,55,0,197,12,0,12,209
01/06/2001,TOL,OH,AGL,CE,Towers with Radar,46,56,43,24,169,0,0,27,1,28,46,56,70,25,197,63,28,91,288
01/07/2001,TOL,OH,AGL,CE,Towers with Radar,10,52,51,10,123,0,0,4,2,6,10,52,55,12,129,30,2,32,161
01/08/2001,TOL,OH,AGL,CE,Towers with Radar,13,77,56,13,159,0,0,20,0,20,13,77,76,13,179,16,16,32,211
01/09/2001,TOL,OH,AGL,CE,Towers with Radar,56,106,75,36,273,0,0,43,48,91,56,106,118,84,364,40,34,74,438
01/10/2001,TOL,OH,AGL,CE,Towers with Radar,59,82,87,23,251,0,2,43,6,51,59,84,130,29,302,42,22,64,366
01/11/2001,TOL,OH,AGL,CE,Towers with Radar,58,86,101,22,267,0,2,55,1,58,58,88,156,23,325,94,25,119,444
01/12/2001,TOL,OH,AGL,CE,Towers with Radar,57,85,65,9,216,0,1,14,0,15,57,86,79,9,231,34,10,44,275
01/13/2001,TOL,OH,AGL,CE,Towers with Radar,52,41,10,1,104,0,0,0,0,0,52,41,10,1,104,0,0,0,104
01/14/2001,TOL,OH,AGL,CE,Towers with Radar,9,51,26,0,86,0,0,0,0,0,9,51,26,0,86,0,0,0,86
01/15/2001,TOL,OH,AGL,CE,Towers with Radar,15,63,56,0,134,0,0,1,0,1,15,63,57,0,135,0,0,0,135
01/16/2001,TOL,OH,AGL,CE,Towers with Radar,60,85,53,23,221,0,0,7,0,7,60,85,60,23,228,34,14,48,276
01/17/2001,TOL,OH,AGL,CE,Towers with Radar,58,84,82,0,224,0,0,14,0,14,58,84,96,0,238,66,0,66,304
01/18/2001,TOL,OH,AGL,CE,Towers with Radar,55,84,65,18,222,0,0,12,0,12,55,84,77,18,234,40,0,40,274
01/19/2001,TOL,OH,AGL,CE,Towers with Radar,65,83,63,0,211,0,0,11,0,11,65,83,74,0,222,2,0,2,224
01/20/2001,TOL,OH,AGL,CE,Towers with Radar,52,79,48,2,181,0,0,45,0,45,52,79,93,2,226,90,0,90,316
01/21/2001,TOL,OH,AGL,CE,Towers with Radar,10,66,45,8,129,0,0,30,0,30,10,66,75,8,159,64,0,64,223
01/22/2001,TOL,OH,AGL,CE,Towers with Radar,15,75,86,2,178,0,0,27,0,27,15,75,113,2,205,38,14,52,257
01/23/2001,TOL,OH,AGL,CE,Towers with Radar,56,78,62,1,197,0,0,26,0,26,56,78,88,1,223,23,0,23,246
01/24/2001,TOL,OH,AGL,CE,Towers with Radar,56,84,105,3,248,0,0,8,0,8,56,84,113,3,256,35,0,35,291
01/25/2001,TOL,OH,AGL,CE,Towers with Radar,58,88,77,2,225,0,0,29,0,29,58,88,106,2,254,46,0,46,300
01/26/2001,TOL,OH,AGL,CE,Towers with Radar,54,76,55,2,187,0,0,22,0,22,54,76,77,2,209,14,0,14,223
01/27/2001,TOL,OH,AGL,CE,Towers with Radar,51,55,16,2,124,0,0,7,0,7,51,55,23,2,131,9,0,9,140
01/28/2001,TOL,OH,AGL,CE,Towers with Radar,10,56,47,0,113,0,0,15,0,15,10,56,62,0,128,39,0,39,167
01/29/2001,TOL,OH,AGL,CE,Towers with Radar,9,64,46,0,119,0,0,3,0,3,9,64,49,0,122,2,0,2,124
01/30/2001,TOL,OH,AGL,CE,Towers with Radar,60,87,50,0,197,0,0,3,0,3,60,87,53,0,200,22,0,22,222
01/31/2001,TOL,OH,AGL,CE,Towers with Radar,52,78,44,6,180,0,0,10,0,10,52,78,54,6,190,36,8,44,234
02/01/2001,TOL,OH,AGL,CE,Towers with Radar,55,84,50,2,191,0,0,28,0,28,55,84,78,2,219,44,0,44,263
02/02/2001,TOL,OH,AGL,CE,Towers with Radar,53,78,68,0,199,0,1,16,0,17,53,79,84,0,216,10,0,10,226
02/03/2001,TOL,OH,AGL,CE,Towers with Radar,54,53,50,10,167,0,1,24,0,25,54,54,74,10,192,81,3,84,276
02/04/2001,TOL,OH,AGL,CE,Towers with Radar,11,61,18,3,93,0,0,11,0,11,11,61,29,3,104,5,0,5,109
02/05/2001,TOL,OH,AGL,CE,Towers with Radar,15,73,95,14,197,0,0,1,0,1,15,73,96,14,198,10,14,24,222
02/06/2001,TOL,OH,AGL,CE,Towers with Radar,57,73,84,0,214,0,0,6,0,6,57,73,90,0,220,26,0,26,246
02/07/2001,TOL,OH,AGL,CE,Towers with Radar,56,89,162,12,319,0,0,61,8,69,56,89,223,20,388,100,18,118,506
02/08/2001,TOL,OH,AGL,CE,Towers with Radar,55,93,92,10,250,0,0,26,0,26,55,93,118,10,276,121,8,129,405
02/09/2001,TOL,OH,AGL,CE,Towers with Radar,57,82,62,0,201,0,0,5,0,5,57,82,67,0,206,10,0,10,216
02/10/2001,TOL,OH,AGL,CE,Towers with Radar,52,52,38,8,150,0,0,5,0,5,52,52,43,8,155,20,16,36,191
02/11/2001,TOL,OH,AGL,CE,Towers with Radar,10,57,41,26,134,0,0,41,20,61,10,57,82,46,195,58,31,89,284
02/12/2001,TOL,OH,AGL,CE,Towers with Radar,16,79,65,14,174,0,2,48,6,56,16,81,113,20,230,71,42,113,343
02/13/2001,TOL,OH,AGL,CE,Towers with Radar,57,84,91,13,245,0,0,20,0,20,57,84,111,13,265,26,2,28,293
02/14/2001,TOL,OH,AGL,CE,Towers with Radar,53,58,40,0,151,0,0,0,0,0,53,58,40,0,151,0,0,0,151
02/15/2001,TOL,OH,AGL,CE,Towers with Radar,56,92,70,12,230,0,0,17,0,17,56,92,87,12,247,23,1,24,271
02/16/2001,TOL,OH,AGL,CE,Towers with Radar,53,85,55,1,194,0,1,16,1,18,53,86,71,2,212,31,0,31,243
02/17/2001,TOL,OH,AGL,CE,Towers with Radar,54,55,45,0,154,0,3,46,0,49,54,58,91,0,203,97,0,97,300
02/18/2001,TOL,OH,AGL,CE,Towers with Radar,10,57,56,1,124,0,2,40,0,42,10,59,96,1,166,58,0,58,224
02/19/2001,TOL,OH,AGL,CE,Towers with Radar,12,70,38,0,120,0,0,26,2,28,12,70,64,2,148,40,0,40,188
02/20/2001,TOL,OH,AGL,CE,Towers with Radar,59,87,47,10,203,0,0,28,0,28,59,87,75,10,231,20,14,34,265
02/21/2001,TOL,OH,AGL,CE,Towers with Radar,52,81,85,14,232,0,1,43,0,44,52,82,128,14,276,71,24,95,371
02/22/2001,TOL,OH,AGL,CE,Towers with Radar,54,83,67,0,204,0,0,14,0,14,54,83,81,0,218,17,0,17,235
02/23/2001,TOL,OH,AGL,CE,Towers with Radar,52,80,78,4,214,0,0,38,0,38,52,80,116,4,252,32,0,32,284
02/24/2001,TOL,OH,AGL,CE,Towers with Radar,53,52,13,0,118,0,0,0,0,0,53,52,13,0,118,0,0,0,118
02/25/2001,TOL,OH,AGL,CE,Towers with Radar,10,61,18,0,89,0,0,4,0,4,10,61,22,0,93,0,0,0,93
02/26/2001,TOL,OH,AGL,CE,Towers with Radar,11,84,96,12,203,0,0,42,0,42,11,84,138,12,245,100,18,118,363
02/27/2001,TOL,OH,AGL,CE,Towers with Radar,55,85,94,17,251,0,3,33,21,57,55,88,127,38,308,98,33,131,439
02/28/2001,TOL,OH,AGL,CE,Towers with Radar,58,81,121,7,267,0,1,47,0,48,58,82,168,7,315,124,34,158,473
03/01/2001,TOL,OH,AGL,CE,Towers with Radar,53,82,114,12,261,0,0,38,2,40,53,82,152,14,301,70,20,90,391
03/02/2001,TOL,OH,AGL,CE,Towers with Radar,52,67,67,3,189,0,1,14,0,15,52,68,81,3,204,76,0,76,280
03/03/2001,TOL,OH,AGL,CE,Towers with Radar,52,57,56,1,166,0,1,45,1,47,52,58,101,2,213,116,4,120,333
03/04/2001,TOL,OH,AGL,CE,Towers with Radar,9,57,53,1,120,0,0,12,0,12,9,57,65,1,132,30,0,30,162
03/05/2001,TOL,OH,AGL,CE,Towers with Radar,16,69,44,7,136,0,0,2,0,2,16,69,46,7,138,20,0,20,158
03/06/2001,TOL,OH,AGL,CE,Towers with Radar,63,73,55,11,202,0,0,3,0,3,63,73,58,11,205,35,7,42,247
03/07/2001,TOL,OH,AGL,CE,Towers with Radar,56,75,84,11,226,0,0,25,0,25,56,75,109,11,251,34,0,34,285
03/08/2001,TOL,OH,AGL,CE,Towers with Radar,58,74,66,10,208,0,1,15,0,16,58,75,81,10,224,53,4,57,281
03/09/2001,TOL,OH,AGL,CE,Towers with Radar,54,67,82,21,224,0,0,15,0,15,54,67,97,21,239,16,8,24,263
03/10/2001,TOL,OH,AGL,CE,Towers with Radar,51,63,68,9,191,0,0,46,0,46,51,63,114,9,237,64,0,64,301
03/11/2001,TOL,OH,AGL,CE,Towers with Radar,10,59,52,5,126,0,0,15,0,15,10,59,67,5,141,24,28,52,193
03/12/2001,TOL,OH,AGL,CE,Towers with Radar,11,79,76,16,182,0,0,12,0,12,11,79,88,16,194,16,14,30,224
03/13/2001,TOL,OH,AGL,CE,Towers with Radar,60,95,69,24,248,0,0,5,0,5,60,95,74,24,253,28,24,52,305
03/14/2001,TOL,OH,AGL,CE,Towers with Radar,57,101,118,20,296,0,3,51,12,66,57,104,169,32,362,84,24,108,470
03/15/2001,TOL,OH,AGL,CE,Towers with Radar,58,79,75,9,221,0,0,31,2,33,58,79,106,11,254,52,16,68,322
03/16/2001,TOL,OH,AGL,CE,Towers with Radar,58,61,49,0,168,0,0,1,0,1,58,61,50,0,169,2,0,2,171
03/17/2001,TOL,OH,AGL,CE,Towers with Radar,51,51,28,0,130,0,1,1,0,2,51,52,29,0,132,24,0,24,156
03/18/2001,TOL,OH,AGL,CE,Towers with Radar,9,54,36,0,99,0,0,74,0,74,9,54,110,0,173,40,0,40,213
03/19/2001,TOL,OH,AGL,CE,Towers with Radar,12,72,77,18,179,0,0,53,2,55,12,72,130,20,234,62,22,84,318
03/20/2001,TOL,OH,AGL,CE,Towers with Radar,61,72,67,12,212,2,0,53,8,63,63,72,120,20,275,49,8,57,332
03/21/2001,TOL,OH,AGL,CE,Towers with Radar,57,89,72,11,229,0,2,48,6,56,57,91,120,17,285,54,6,60,345
03/22/2001,TOL,OH,AGL,CE,Towers with Radar,53,81,73,15,222,0,0,49,0,49,53,81,122,15,271,91,6,97,368
03/23/2001,TOL,OH,AGL,CE,Towers with Radar,58,82,56,4,200,0,3,35,0,38,58,85,91,4,238,40,0,40,278
03/24/2001,TOL,OH,AGL,CE,Towers with Radar,52,51,22,1,126,0,0,13,3,16,52,51,35,4,142,44,0,44,186
03/25/2001,TOL,OH,AGL,CE,Towers with Radar,10,58,11,0,79,0,0,3,0,3,10,58,14,0,82,0,0,0,82
03/26/2001,TOL,OH,AGL,CE,Towers with Radar,14,63,94,19,190,0,0,14,1,15,14,63,108,20,205,53,22,75,280
03/27/2001,TOL,OH,AGL,CE,Towers with Radar,57,75,91,12,235,0,0,27,0,27,57,75,118,12,262,100,12,112,374
03/28/2001,TOL,OH,AGL,CE,Towers with Radar,57,65,127,8,257,0,1,59,30,90,57,66,186,38,347,84,28,112,459
03/29/2001,TOL,OH,AGL,CE,Towers with Radar,56,68,93,16,233,0,1,24,0,25,56,69,117,16,258,122,6,128,386
03/30/2001,TOL,OH,AGL,CE,Towers with Radar,55,65,95,2,217,0,0,28,16,44,55,65,123,18,261,56,16,72,333
03/31/2001,TOL,OH,AGL,CE,Towers with Radar,51,40,69,0,160,0,0,15,0,15,51,40,84,0,175,18,0,18,193
04/01/2001,TOL,OH,AGL,CE,Towers with Radar,10,43,18,0,71,0,0,4,0,4,10,43,22,0,75,6,0,6,81
04/02/2001,TOL,OH,AGL,CE,Towers with Radar,11,69,109,15,204,0,1,36,10,47,11,70,145,25,251,56,28,84,335
04/03/2001,TOL,OH,AGL,CE,Towers with Radar,57,59,81,8,205,0,1,22,0,23,57,60,103,8,228,70,2,72,300
04/04/2001,TOL,OH,AGL,CE,Towers with Radar,55,65,75,6,201,0,2,45,6,53,55,67,120,12,254,65,16,81,335
04/05/2001,TOL,OH,AGL,CE,Towers with Radar,60,63,82,6,211,0,0,53,0,53,60,63,135,6,264,76,0,76,340
04/06/2001,TOL,OH,AGL,CE,Towers with Radar,56,57,64,0,177,0,0,2,0,2,56,57,66,0,179,0,0,0,179
04/07/2001,TOL,OH,AGL,CE,Towers with Radar,54,43,37,5,139,0,0,10,0,10,54,43,47,5,149,42,14,56,205
04/08/2001,TOL,OH,AGL,CE,Towers with Radar,13,48,42,13,116,0,2,45,0,47,13,50,87,13,163,24,20,44,207
04/09/2001,TOL,OH,AGL,CE,Towers with Radar,9,62,71,5,147,0,0,15,0,15,9,62,86,5,162,22,0,22,184
04/10/2001,TOL,OH,AGL,CE,Towers with Radar,59,68,63,11,201,0,0,0,0,0,59,68,63,11,201,10,0,10,211
04/11/2001,TOL,OH,AGL,CE,Towers with Radar,59,50,84,14,207,0,0,3,0,3,59,50,87,14,210,18,0,18,228
04/12/2001,TOL,OH,AGL,CE,Towers with Radar,55,46,52,15,168,0,0,11,0,11,55,46,63,15,179,6,4,10,189
04/13/2001,TOL,OH,AGL,CE,Towers with Radar,54,57,42,6,159,0,0,36,1,37,54,57,78,7,196,46,24,70,266
04/14/2001,TOL,OH,AGL,CE,Towers with Radar,18,37,38,1,94,0,0,36,0,36,18,37,74,1,130,66,0,66,196
04/15/2001,TOL,OH,AGL,CE,Towers with Radar,10,37,27,0,74,0,0,3,0,3,10,37,30,0,77,6,0,6,83
04/16/2001,TOL,OH,AGL,CE,Towers with Radar,11,52,66,13,142,0,0,12,0,12,11,52,78,13,154,30,4,34,188
04/17/2001,TOL,OH,AGL,CE,Towers with Radar,57,57,48,13,175,0,0,10,0,10,57,57,58,13,185,12,0,12,197
04/18/2001,TOL,OH,AGL,CE,Towers with Radar,59,60,85,9,213,0,0,46,0,46,59,60,131,9,259,47,20,67,326
04/19/2001,TOL,OH,AGL,CE,Towers with Radar,56,55,70,9,190,0,0,52,0,52,56,55,122,9,242,69,12,81,323
04/20/2001,TOL,OH,AGL,CE,Towers with Radar,58,59,59,1,177,0,0,4,0,4,58,59,63,1,181,6,0,6,187
04/21/2001,TOL,OH,AGL,CE,Towers with Radar,52,34,45,0,131,0,0,4,0,4,52,34,49,0,135,14,0,14,149
04/22/2001,TOL,OH,AGL,CE,Towers with Radar,10,46,44,3,103,0,0,17,0,17,10,46,61,3,120,30,0,30,150
04/23/2001,TOL,OH,AGL,CE,Towers with Radar,12,52,70,6,140,0,0,34,0,34,12,52,104,6,174,36,6,42,216
04/24/2001,TOL,OH,AGL,CE,Towers with Radar,58,56,69,14,197,0,1,31,12,44,58,57,100,26,241,42,14,56,297
04/25/2001,TOL,OH,AGL,CE,Towers with Radar,57,64,64,16,201,0,0,63,0,63,57,64,127,16,264,87,12,99,363
04/26/2001,TOL,OH,AGL,CE,Towers with Radar,57,57,102,16,232,0,1,65,4,70,57,58,167,20,302,64,4,68,370
04/27/2001,TOL,OH,AGL,CE,Towers with Radar,59,67,43,6,175,0,1,49,3,53,59,68,92,9,228,24,10,34,262
04/28/2001,TOL,OH,AGL,CE,Towers with Radar,49,37,39,0,125,0,0,44,0,44,49,37,83,0,169,88,0,88,257
04/29/2001,TOL,OH,AGL,CE,Towers with Radar,10,43,59,2,114,0,0,50,0,50,10,43,109,2,164,78,0,78,242
04/30/2001,TOL,OH,AGL,CE,Towers with Radar,13,53,73,2,141,0,0,62,0,62,13,53,135,2,203,48,16,64,267
05/01/2001,TOL,OH,AGL,CE,Towers with Radar,59,60,63,15,197,0,0,48,14,62,59,60,111,29,259,20,36,56,315
05/02/2001,TOL,OH,AGL,CE,Towers with Radar,55,67,63,11,196,0,0,58,0,58,55,67,121,11,254,48,30,78,332
05/03/2001,TOL,OH,AGL,CE,Towers with Radar,57,85,95,1,238,0,0,59,3,62,57,85,154,4,300,106,0,106,406
05/04/2001,TOL,OH,AGL,CE,Towers with Radar,57,89,78,1,225,0,1,28,1,30,57,90,106,2,255,75,2,77,332
05/05/2001,TOL,OH,AGL,CE,Towers with Radar,52,62,40,3,157,0,0,11,0,11,52,62,51,3,168,36,2,38,206
05/06/2001,TOL,OH,AGL,CE,Towers with Radar,10,49,44,11,114,0,1,42,20,63,10,50,86,31,177,78,10,88,265
05/07/2001,TOL,OH,AGL,CE,Towers with Radar,11,57,54,24,146,0,0,17,0,17,11,57,71,24,163,38,52,90,253
05/08/2001,TOL,OH,AGL,CE,Towers with Radar,60,65,90,17,232,0,0,52,8,60,60,65,142,25,292,79,38,117,409
05/09/2001,TOL,OH,AGL,CE,Towers with Radar,53,64,74,21,212,0,0,58,21,79,53,64,132,42,291,82,140,222,513
05/10/2001,TOL,OH,AGL,CE,Towers with Radar,56,62,84,28,230,0,0,32,16,48,56,62,116,44,278,122,42,164,442
05/11/2001,TOL,OH,AGL,CE,Towers with Radar,54,67,65,5,191,0,0,22,0,22,54,67,87,5,213,22,0,22,235
05/12/2001,TOL,OH,AGL,CE,Towers with Radar,51,44,32,0,127,0,2,26,0,28,51,46,58,0,155,62,0,62,217
05/13/2001,TOL,OH,AGL,CE,Towers with Radar,10,46,27,0,83,0,0,32,0,32,10,46,59,0,115,26,0,26,141
05/14/2001,TOL,OH,AGL,CE,Towers with Radar,12,58,74,13,157,0,0,24,0,24,12,58,98,13,181,44,34,78,259
05/15/2001,TOL,OH,AGL,CE,Towers with Radar,56,51,53,16,176,0,0,2,0,2,56,51,55,16,178,16,8,24,202
05/16/2001,TOL,OH,AGL,CE,Towers with Radar,55,65,109,20,249,0,0,6,0,6,55,65,115,20,255,32,10,42,297
05/17/2001,TOL,OH,AGL,CE,Towers with Radar,58,53,78,16,205,0,2,16,0,18,58,55,94,16,223,0,0,0,223
05/18/2001,TOL,OH,AGL,CE,Towers with Radar,59,65,78,6,208,0,0,16,0,16,59,65,94,6,224,24,0,24,248
05/19/2001,TOL,OH,AGL,CE,Towers with Radar,55,47,46,3,151,0,2,41,1,44,55,49,87,4,195,78,0,78,273
05/20/2001,TOL,OH,AGL,CE,Towers with Radar,10,42,60,0,112,0,3,37,0,40,10,45,97,0,152,85,0,85,237
05/21/2001,TOL,OH,AGL,CE,Towers with Radar,16,65,55,3,139,0,0,4,2,6,16,65,59,5,145,20,2,22,167
05/22/2001,TOL,OH,AGL,CE,Towers with Radar,60,58,89,15,222,0,0,39,12,51,60,58,128,27,273,77,58,135,408
05/23/2001,TOL,OH,AGL,CE,Towers with Radar,61,72,92,19,244,0,1,35,0,36,61,73,127,19,280,53,0,53,333
05/24/2001,TOL,OH,AGL,CE,Towers with Radar,60,66,108,17,251,0,0,10,8,18,60,66,118,25,269,52,42,94,363
05/25/2001,TOL,OH,AGL,CE,Towers with Radar,60,76,96,0,232,0,0,16,0,16,60,76,112,0,248,67,0,67,315
05/26/2001,TOL,OH,AGL,CE,Towers with Radar,12,46,42,0,100,0,1,17,0,18,12,47,59,0,118,34,0,34,152
05/27/2001,TOL,OH,AGL,CE,Towers with Radar,11,37,23,0,71,0,0,1,0,1,11,37,24,0,72,4,0,4,76
05/28/2001,TOL,OH,AGL,CE,Towers with Radar,11,41,45,0,97,0,0,15,0,15,11,41,60,0,112,26,0,26,138
05/29/2001,TOL,OH,AGL,CE,Towers with Radar,14,69,89,0,172,0,0,25,0,25,14,69,114,0,197,71,4,75,272
05/30/2001,TOL,OH,AGL,CE,Towers with Radar,55,63,122,20,260,0,1,67,8,76,55,64,189,28,336,112,30,142,478
05/31/2001,TOL,OH,AGL,CE,Towers with Radar,63,68,105,24,260,0,1,102,1,104,63,69,207,25,364,121,20,141,505
06/01/2001,TOL,OH,AGL,CE,Towers with Radar,59,62,90,20,231,0,0,6,0,6,59,62,96,20,237,18,0,18,255
06/02/2001,TOL,OH,AGL,CE,Towers with Radar,63,37,28,1,129,0,0,8,0,8,63,37,36,1,137,12,0,12,149
06/03/2001,TOL,OH,AGL,CE,Towers with Radar,24,34,35,2,95,0,1,16,0,17,24,35,51,2,112,32,0,32,144
06/04/2001,TOL,OH,AGL,CE,Towers with Radar,27,58,66,22,173,0,1,37,0,38,27,59,103,22,211,64,28,92,303
06/05/2001,TOL,OH,AGL,CE,Towers with Radar,41,72,86,14,213,0,0,9,0,9,41,72,95,14,222,50,18,68,290
06/06/2001,TOL,OH,AGL,CE,Towers with Radar,70,52,86,7,215,0,0,1,0,1,70,52,87,7,216,28,0,28,244
06/07/2001,TOL,OH,AGL,CE,Towers with Radar,61,92,93,2,248,0,0,67,0,67,61,92,160,2,315,122,2,124,439
06/08/2001,TOL,OH,AGL,CE,Towers with Radar,35,80,77,6,198,0,2,90,0,92,35,82,167,6,290,118,0,118,408
06/09/2001,TOL,OH,AGL,CE,Towers with Radar,67,26,26,14,133,0,0,55,0,55,67,26,81,14,188,54,16,70,258
06/10/2001,TOL,OH,AGL,CE,Towers with Radar,26,30,67,11,134,0,3,33,0,36,26,33,100,11,170,76,60,136,306
06/11/2001,TOL,OH,AGL,CE,Towers with Radar,28,42,110,11,191,0,1,34,0,35,28,43,144,11,226,74,20,94,320
06/12/2001,TOL,OH,AGL,CE,Towers with Radar,65,52,98,20,235,0,5,38,1,44,65,57,136,21,279,64,22,86,365
06/13/2001,TOL,OH,AGL,CE,Towers with Radar,61,77,157,25,320,0,0,54,6,60,61,77,211,31,380,106,40,146,526
06/14/2001,TOL,OH,AGL,CE,Towers with Radar,69,52,117,13,251,0,0,42,2,44,69,52,159,15,295,82,16,98,393
06/15/2001,TOL,OH,AGL,CE,Towers with Radar,58,63,81,4,206,0,0,32,8,40,58,63,113,12,246,56,12,68,314
06/16/2001,TOL,OH,AGL,CE,Towers with Radar,58,44,30,1,133,0,0,49,1,50,58,44,79,2,183,70,0,70,253
06/17/2001,TOL,OH,AGL,CE,Towers with Radar,13,37,23,1,74,0,0,48,2,50,13,37,71,3,124,63,0,63,187
06/18/2001,TOL,OH,AGL,CE,Towers with Radar,13,64,55,13,145,0,0,43,0,43,13,64,98,13,188,46,18,64,252
06/19/2001,TOL,OH,AGL,CE,Towers with Radar,63,55,39,12,169,0,0,84,0,84,63,55,123,12,253,72,28,100,353
06/20/2001,TOL,OH,AGL,CE,Towers with Radar,69,59,76,33,237,0,0,14,6,20,69,59,90,39,257,54,30,84,341
06/21/2001,TOL,OH,AGL,CE,Towers with Radar,62,58,88,11,219,0,0,15,2,17,62,58,103,13,236,44,10,54,290
06/22/2001,TOL,OH,AGL,CE,Towers with Radar,57,79,81,8,225,0,1,37,0,38,57,80,118,8,263,72,4,76,339
06/23/2001,TOL,OH,AGL,CE,Towers with Radar,53,60,24,1,138,0,0,45,0,45,53,60,69,1,183,61,8,69,252
06/24/2001,TOL,OH,AGL,CE,Towers with Radar,12,47,49,1,109,0,0,52,0,52,12,47,101,1,161,42,0,42,203
06/25/2001,TOL,OH,AGL,CE,Towers with Radar,16,53,71,9,149,0,0,41,1,42,16,53,112,10,191,71,10,81,272
06/26/2001,TOL,OH,AGL,CE,Towers with Radar,58,60,70,13,201,0,0,64,1,65,58,60,134,14,266,67,10,77,343
06/27/2001,TOL,OH,AGL,CE,Towers with Radar,60,67,67,11,205,0,1,51,16,68,60,68,118,27,273,76,14,90,363
06/28/2001,TOL,OH,AGL,CE,Towers with Radar,56,71,77,17,221,0,1,54,12,67,56,72,131,29,288,24,68,92,380
06/29/2001,TOL,OH,AGL,CE,Towers with Radar,61,66,109,8,244,0,0,59,0,59,61,66,168,8,303,105,26,131,434
06/30/2001,TOL,OH,AGL,CE,Towers with Radar,51,37,43,1,132,0,0,47,0,47,51,37,90,1,179,62,0,62,241
07/01/2001,TOL,OH,AGL,CE,Towers with Radar,8,37,46,0,91,2,2,18,0,22,10,39,64,0,113,30,0,30,143
07/02/2001,TOL,OH,AGL,CE,Towers with Radar,10,67,63,10,150,2,1,55,1,59,12,68,118,11,209,86,20,106,315
07/03/2001,TOL,OH,AGL,CE,Towers with Radar,53,48,41,31,173,2,2,29,0,33,55,50,70,31,206,32,36,68,274
07/04/2001,TOL,OH,AGL,CE,Towers with Radar,22,42,11,1,76,2,1,12,2,17,24,43,23,3,93,14,4,18,111
07/05/2001,TOL,OH,AGL,CE,Towers with Radar,26,47,40,43,156,2,1,60,1,64,28,48,100,44,220,45,22,67,287
07/06/2001,TOL,OH,AGL,CE,Towers with Radar,73,48,63,3,187,2,2,44,2,50,75,50,107,5,237,76,12,88,325
07/07/2001,TOL,OH,AGL,CE,Towers with Radar,64,33,42,0,139,2,2,17,0,21,66,35,59,0,160,35,0,35,195
07/08/2001,TOL,OH,AGL,CE,Towers with Radar,25,33,24,2,84,2,1,41,1,45,27,34,65,3,129,32,0,32,161
07/09/2001,TOL,OH,AGL,CE,Towers with Radar,26,49,59,9,143,2,1,58,1,62,28,50,117,10,205,98,40,138,343
07/10/2001,TOL,OH,AGL,CE,Towers with Radar,50,71,68,14,203,2,1,51,30,84,52,72,119,44,287,58,34,92,379
07/11/2001,TOL,OH,AGL,CE,Towers with Radar,49,74,74,8,205,2,2,59,1,64,51,76,133,9,269,60,6,66,335
07/12/2001,TOL,OH,AGL,CE,Towers with Radar,80,43,70,13,206,2,3,49,5,59,82,46,119,18,265,100,14,114,379
07/13/2001,TOL,OH,AGL,CE,Towers with Radar,50,85,91,2,228,2,1,56,1,60,52,86,147,3,288,94,0,94,382
07/14/2001,TOL,OH,AGL,CE,Towers with Radar,27,40,45,5,117,23,7,38,20,88,50,47,83,25,205,72,30,102,307
07/15/2001,TOL,OH,AGL,CE,Towers with Radar,18,45,36,4,103,4,3,41,1,49,22,48,77,5,152,76,16,92,244
07/16/2001,TOL,OH,AGL,CE,Towers with Radar,6,62,73,6,147,2,1,50,8,61,8,63,123,14,208,114,6,120,328
07/17/2001,TOL,OH,AGL,CE,Towers with Radar,56,57,100,16,229,2,1,25,2,30,58,58,125,18,259,67,12,79,338
07/18/2001,TOL,OH,AGL,CE,Towers with Radar,44,73,90,3,210,2,1,17,2,22,46,74,107,5,232,49,14,63,295
07/19/2001,TOL,OH,AGL,CE,Towers with Radar,53,78,86,11,228,0,0,4,4,8,53,78,90,15,236,100,20,120,356
07/20/2001,TOL,OH,AGL,CE,Towers with Radar,53,54,83,0,190,2,1,12,0,15,55,55,95,0,205,34,0,34,239
07/21/2001,TOL,OH,AGL,CE,Towers with Radar,42,45,27,0,114,2,1,6,0,9,44,46,33,0,123,4,0,4,127
07/22/2001,TOL,OH,AGL,CE,Towers with Radar,7,47,51,6,111,0,0,24,1,25,7,47,75,7,136,38,2,40,176
07/23/2001,TOL,OH,AGL,CE,Towers with Radar,9,55,69,13,146,1,4,17,1,23,10,59,86,14,169,14,14,28,197
07/24/2001,TOL,OH,AGL,CE,Towers with Radar,51,73,82,10,216,4,5,29,8,46,55,78,111,18,262,44,12,56,318
07/25/2001,TOL,OH,AGL,CE,Towers with Radar,46,63,73,3,185,9,0,17,0,26,55,63,90,3,211,10,0,10,221
07/26/2001,TOL,OH,AGL,CE,Towers with Radar,56,60,96,12,224,0,0,35,1,36,56,60,131,13,260,72,16,88,348
07/27/2001,TOL,OH,AGL,CE,Towers with Radar,49,59,78,1,187,9,0,77,0,86,58,59,155,1,273,102,0,102,375
07/28/2001,TOL,OH,AGL,CE,Towers with Radar,31,43,48,0,122,14,8,38,0,60,45,51,86,0,182,64,0,64,246
07/29/2001,TOL,OH,AGL,CE,Towers with Radar,8,56,66,1,131,0,0,15,0,15,8,56,81,1,146,58,0,58,204
07/30/2001,TOL,OH,AGL,CE,Towers with Radar,7,64,71,1,143,0,7,90,0,97,7,71,161,1,240,52,0,52,292
07/31/2001,TOL,OH,AGL,CE,Towers with Radar,48,68,76,1,193,4,2,41,0,47,52,70,117,1,240,100,6,106,346
08/01/2001,TOL,OH,AGL,CE,Towers with Radar,53,73,102,0,228,0,0,56,0,56,53,73,158,0,284,44,0,44,328
08/02/2001,TOL,OH,AGL,CE,Towers with Radar,56,58,91,0,205,0,0,21,0,21,56,58,112,0,226,44,0,44,270
08/03/2001,TOL,OH,AGL,CE,Towers with Radar,51,90,104,1,246,0,1,41,0,42,51,91,145,1,288,78,0,78,366
08/04/2001,TOL,OH,AGL,CE,Towers with Radar,50,63,43,1,157,0,1,36,0,37,50,64,79,1,194,62,0,62,256
08/05/2001,TOL,OH,AGL,CE,Towers with Radar,8,61,39,3,111,0,0,42,0,42,8,61,81,3,153,60,0,60,213
08/06/2001,TOL,OH,AGL,CE,Towers with Radar,10,69,71,8,158,0,1,68,0,69,10,70,139,8,227,88,6,94,321
08/07/2001,TOL,OH,AGL,CE,Towers with Radar,53,84,80,22,239,0,1,86,0,87,53,85,166,22,326,68,24,92,418
08/08/2001,TOL,OH,AGL,CE,Towers with Radar,52,94,64,10,220,0,0,49,0,49,52,94,113,10,269,58,20,78,347
08/09/2001,TOL,OH,AGL,CE,Towers with Radar,54,73,75,14,216,0,0,24,0,24,54,73,99,14,240,70,6,76,316
08/10/2001,TOL,OH,AGL,CE,Towers with Radar,53,77,83,0,213,0,0,54,0,54,53,77,137,0,267,48,0,48,315
08/11/2001,TOL,OH,AGL,CE,Towers with Radar,45,67,52,7,171,0,2,48,3,53,45,69,100,10,224,46,16,62,286
08/12/2001,TOL,OH,AGL,CE,Towers with Radar,6,68,50,8,132,0,0,32,0,32,6,68,82,8,164,82,4,86,250
08/13/2001,TOL,OH,AGL,CE,Towers with Radar,10,86,49,17,162,0,1,53,0,54,10,87,102,17,216,70,0,70,286
08/14/2001,TOL,OH,AGL,CE,Towers with Radar,53,83,82,21,239,0,4,63,0,67,53,87,145,21,306,98,10,108,414
08/15/2001,TOL,OH,AGL,CE,Towers with Radar,54,77,85,17,233,0,0,89,0,89,54,77,174,17,322,94,14,108,430
08/16/2001,TOL,OH,AGL,CE,Towers with Radar,57,71,69,8,205,0,0,12,0,12,57,71,81,8,217,40,6,46,263
08/17/2001,TOL,OH,AGL,CE,Towers with Radar,55,80,110,5,250,0,2,49,0,51,55,82,159,5,301,107,4,111,412
08/18/2001,TOL,OH,AGL,CE,Towers with Radar,49,61,39,8,157,0,6,38,5,49,49,67,77,13,206,32,0,32,238
08/19/2001,TOL,OH,AGL,CE,Towers with Radar,5,60,51,8,124,0,1,26,0,27,5,61,77,8,151,28,0,28,179
08/20/2001,TOL,OH,AGL,CE,Towers with Radar,7,73,74,12,166,0,0,36,2,38,7,73,110,14,204,22,32,54,258
08/21/2001,TOL,OH,AGL,CE,Towers with Radar,53,70,101,29,253,0,0,86,8,94,53,70,187,37,347,86,32,118,465
08/22/2001,TOL,OH,AGL,CE,Towers with Radar,53,63,69,1,186,0,0,2,0,2,53,63,71,1,188,24,0,24,212
08/23/2001,TOL,OH,AGL,CE,Towers with Radar,54,72,104,31,261,0,0,26,0,26,54,72,130,31,287,56,18,74,361
08/24/2001,TOL,OH,AGL,CE,Towers with Radar,56,80,82,11,229,0,0,24,4,28,56,80,106,15,257,50,22,72,329
08/25/2001,TOL,OH,AGL,CE,Towers with Radar,49,65,60,9,183,0,2,20,0,22,49,67,80,9,205,0,2,2,207
08/26/2001,TOL,OH,AGL,CE,Towers with Radar,6,71,58,0,135,0,0,21,0,21,6,71,79,0,156,54,0,54,210
08/27/2001,TOL,OH,AGL,CE,Towers with Radar,19,64,68,43,194,0,3,42,20,65,19,67,110,63,259,86,62,148,407
08/28/2001,TOL,OH,AGL,CE,Towers with Radar,84,45,62,31,222,0,4,46,1,51,84,49,108,32,273,63,28,91,364
08/29/2001,TOL,OH,AGL,CE,Towers with Radar,93,47,84,37,261,0,0,77,0,77,93,47,161,37,338,58,28,86,424
08/30/2001,TOL,OH,AGL,CE,Towers with Radar,58,78,90,13,239,0,0,47,1,48,58,78,137,14,287,90,26,116,403
08/31/2001,TOL,OH,AGL,CE,Towers with Radar,55,83,132,3,273,0,0,27,0,27,55,83,159,3,300,112,0,112,412
09/01/2001,TOL,OH,AGL,CE,Towers with Radar,7,55,34,1,97,2,0,44,0,46,9,55,78,1,143,82,0,82,225
09/02/2001,TOL,OH,AGL,CE,Towers with Radar,5,46,36,0,87,2,0,46,0,48,7,46,82,0,135,80,0,80,215
09/03/2001,TOL,OH,AGL,CE,Towers with Radar,7,36,41,2,86,0,32,36,0,68,7,68,77,2,154,60,0,60,214
09/04/2001,TOL,OH,AGL,CE,Towers with Radar,41,40,89,14,184,2,0,51,3,56,43,40,140,17,240,106,26,132,372
09/05/2001,TOL,OH,AGL,CE,Towers with Radar,51,80,87,15,233,2,0,45,6,53,53,80,132,21,286,82,54,136,422
09/06/2001,TOL,OH,AGL,CE,Towers with Radar,51,73,60,20,204,2,0,51,6,59,53,73,111,26,263,90,12,102,365
09/07/2001,TOL,OH,AGL,CE,Towers with Radar,87,45,83,8,223,2,0,36,3,41,89,45,119,11,264,88,10,98,362
09/08/2001,TOL,OH,AGL,CE,Towers with Radar,83,29,16,3,131,1,1,18,1,21,84,30,34,4,152,6,14,20,172
09/09/2001,TOL,OH,AGL,CE,Towers with Radar,34,20,25,5,84,1,2,4,0,7,35,22,29,5,91,12,10,22,113
09/10/2001,TOL,OH,AGL,CE,Towers with Radar,49,44,61,20,174,1,4,32,3,40,50,48,93,23,214,72,26,98,312
09/11/2001,TOL,OH,AGL,CE,Towers with Radar,52,16,19,6,93,1,7,7,0,15,53,23,26,6,108,0,0,0,108
09/12/2001,TOL,OH,AGL,CE,Towers with Radar,0,3,0,0,3,0,0,0,0,0,0,3,0,0,3,0,0,0,3
09/13/2001,TOL,OH,AGL,CE,Towers with Radar,10,21,1,1,33,1,3,1,0,5,11,24,2,1,38,0,0,0,38
09/14/2001,TOL,OH,AGL,CE,Towers with Radar,19,80,5,0,104,1,0,0,0,1,20,80,5,0,105,0,0,0,105
09/15/2001,TOL,OH,AGL,CE,Towers with Radar,52,29,25,2,108,1,2,0,2,5,53,31,25,4,113,6,0,6,119
09/16/2001,TOL,OH,AGL,CE,Towers with Radar,37,28,20,1,86,1,0,0,2,3,38,28,20,3,89,0,0,0,89
09/17/2001,TOL,OH,AGL,CE,Towers with Radar,41,34,58,15,148,1,0,0,1,2,42,34,58,16,150,26,46,72,222
09/18/2001,TOL,OH,AGL,CE,Towers with Radar,92,48,69,15,224,1,4,0,0,5,93,52,69,15,229,20,30,50,279
09/19/2001,TOL,OH,AGL,CE,Towers with Radar,90,50,49,0,189,1,0,0,0,1,91,50,49,0,190,0,0,0,190
09/20/2001,TOL,OH,AGL,CE,Towers with Radar,90,43,76,22,231,1,1,10,0,12,91,44,86,22,243,38,54,92,335
09/21/2001,TOL,OH,AGL,CE,Towers with Radar,87,33,66,0,186,1,0,9,0,10,88,33,75,0,196,34,0,34,230
09/22/2001,TOL,OH,AGL,CE,Towers with Radar,71,28,33,0,132,1,0,12,0,13,72,28,45,0,145,24,2,26,171
09/23/2001,TOL,OH,AGL,CE,Towers with Radar,41,32,60,0,133,1,0,20,0,21,42,32,80,0,154,26,0,26,180
09/24/2001,TOL,OH,AGL,CE,Towers with Radar,40,28,107,17,192,1,0,6,0,7,41,28,113,17,199,36,20,56,255
09/25/2001,TOL,OH,AGL,CE,Towers with Radar,65,78,69,14,226,1,0,7,0,8,66,78,76,14,234,40,8,48,282
09/26/2001,TOL,OH,AGL,CE,Towers with Radar,58,66,89,18,231,1,1,12,0,14,59,67,101,18,245,53,30,83,328
09/27/2001,TOL,OH,AGL,CE,Towers with Radar,88,65,59,24,236,1,0,37,0,38,89,65,96,24,274,58,20,78,352
09/28/2001,TOL,OH,AGL,CE,Towers with Radar,93,45,83,0,221,1,3,29,0,33,94,48,112,0,254,74,0,74,328
09/29/2001,TOL,OH,AGL,CE,Towers with Radar,74,39,33,0,146,1,0,29,0,30,75,39,62,0,176,60,0,60,236
09/30/2001,TOL,OH,AGL,CE,Towers with Radar,33,25,82,0,140,1,0,56,0,57,34,25,138,0,197,82,0,82,279
10/01/2001,TOL,OH,AGL,CE,Towers with Radar,49,38,60,13,160,0,1,63,8,72,49,39,123,21,232,62,24,86,318
10/02/2001,TOL,OH,AGL,CE,Towers with Radar,100,40,77,28,245,0,1,64,0,65,100,41,141,28,310,64,34,98,408
10/03/2001,TOL,OH,AGL,CE,Towers with Radar,52,77,62,20,211,2,4,32,48,86,54,81,94,68,297,48,54,102,399
10/04/2001,TOL,OH,AGL,CE,Towers with Radar,49,75,71,16,211,0,1,27,2,30,49,76,98,18,241,48,0,48,289
10/05/2001,TOL,OH,AGL,CE,Towers with Radar,88,45,58,0,191,0,0,0,0,0,88,45,58,0,191,16,0,16,207
10/06/2001,TOL,OH,AGL,CE,Towers with Radar,81,41,43,0,165,0,4,29,2,35,81,45,72,2,200,54,0,54,254
10/07/2001,TOL,OH,AGL,CE,Towers with Radar,43,22,71,0,136,0,0,34,2,36,43,22,105,2,172,64,0,64,236
10/08/2001,TOL,OH,AGL,CE,Towers with Radar,41,35,84,0,160,0,1,73,0,74,41,36,157,0,234,70,16,86,320
10/09/2001,TOL,OH,AGL,CE,Towers with Radar,88,47,78,17,230,0,3,37,0,40,88,50,115,17,270,110,18,128,398
10/10/2001,TOL,OH,AGL,CE,Towers with Radar,90,38,51,36,215,0,1,20,1,22,90,39,71,37,237,36,32,68,305
10/11/2001,TOL,OH,AGL,CE,Towers with Radar,96,36,50,6,188,0,1,2,0,3,96,37,52,6,191,12,0,12,203
10/12/2001,TOL,OH,AGL,CE,Towers with Radar,99,49,84,8,240,0,0,20,0,20,99,49,104,8,260,50,8,58,318
10/13/2001,TOL,OH,AGL,CE,Towers with Radar,47,44,26,0,117,0,0,3,0,3,47,44,29,0,120,12,0,12,132
10/14/2001,TOL,OH,AGL,CE,Towers with Radar,9,45,26,11,91,0,0,3,0,3,9,45,29,11,94,19,2,21,115
10/15/2001,TOL,OH,AGL,CE,Towers with Radar,7,68,67,13,155,0,0,25,10,35,7,68,92,23,190,52,0,52,242
10/16/2001,TOL,OH,AGL,CE,Towers with Radar,60,68,63,0,191,0,0,2,0,2,60,68,65,0,193,0,0,0,193
10/17/2001,TOL,OH,AGL,CE,Towers with Radar,55,65,79,26,225,0,2,31,9,42,55,67,110,35,267,52,16,68,335
10/18/2001,TOL,OH,AGL,CE,Towers with Radar,53,88,76,23,240,0,0,31,18,49,53,88,107,41,289,70,62,132,421
10/19/2001,TOL,OH,AGL,CE,Towers with Radar,88,41,83,4,216,0,0,39,0,39,88,41,122,4,255,62,14,76,331
10/20/2001,TOL,OH,AGL,CE,Towers with Radar,48,62,56,0,166,0,1,24,0,25,48,63,80,0,191,58,0,58,249
10/21/2001,TOL,OH,AGL,CE,Towers with Radar,9,57,44,1,111,0,0,16,0,16,9,57,60,1,127,26,0,26,153
10/22/2001,TOL,OH,AGL,CE,Towers with Radar,9,73,72,12,166,0,0,18,1,19,9,73,90,13,185,46,16,62,247
10/23/2001,TOL,OH,AGL,CE,Towers with Radar,56,79,51,5,191,12,0,16,1,29,68,79,67,6,220,0,0,0,220
10/24/2001,TOL,OH,AGL,CE,Towers with Radar,85,33,75,18,211,0,0,14,0,14,85,33,89,18,225,44,58,102,327
10/25/2001,TOL,OH,AGL,CE,Towers with Radar,59,72,40,0,171,0,0,3,0,3,59,72,43,0,174,28,0,28,202
10/26/2001,TOL,OH,AGL,CE,Towers with Radar,91,53,41,7,192,0,0,10,0,10,91,53,51,7,202,34,10,44,246
10/27/2001,TOL,OH,AGL,CE,Towers with Radar,43,60,42,0,145,0,0,11,1,12,43,60,53,1,157,64,2,66,223
10/28/2001,TOL,OH,AGL,CE,Towers with Radar,7,52,50,3,112,0,0,43,0,43,7,52,93,3,155,92,0,92,247
10/29/2001,TOL,OH,AGL,CE,Towers with Radar,12,76,91,4,183,0,0,37,2,39,12,76,128,6,222,75,28,103,325
10/30/2001,TOL,OH,AGL,CE,Towers with Radar,54,65,79,4,202,0,2,25,0,27,54,67,104,4,229,32,8,40,269
10/31/2001,TOL,OH,AGL,CE,Towers with Radar,54,79,92,5,230,0,0,21,5,26,54,79,113,10,256,73,2,75,331
11/01/2001,TOL,OH,AGL,CE,Towers with Radar,92,45,67,10,214,0,4,18,2,24,92,49,85,12,238,48,10,58,296
11/02/2001,TOL,OH,AGL,CE,Towers with Radar,49,76,84,19,228,0,0,22,0,22,49,76,106,19,250,44,0,44,294
11/03/2001,TOL,OH,AGL,CE,Towers with Radar,62,41,47,10,160,0,0,42,0,42,62,41,89,10,202,58,12,70,272
11/04/2001,TOL,OH,AGL,CE,Towers with Radar,0,64,38,18,120,0,5,28,0,33,0,69,66,18,153,78,24,102,255
11/05/2001,TOL,OH,AGL,CE,Towers with Radar,9,87,43,7,146,0,0,26,0,26,9,87,69,7,172,90,8,98,270
11/06/2001,TOL,OH,AGL,CE,Towers with Radar,60,86,61,12,219,0,0,24,0,24,60,86,85,12,243,66,0,66,309
11/07/2001,TOL,OH,AGL,CE,Towers with Radar,45,101,87,30,263,0,0,20,0,20,45,101,107,30,283,118,18,136,419
11/08/2001,TOL,OH,AGL,CE,Towers with Radar,98,49,52,5,204,0,0,22,0,22,98,49,74,5,226,50,4,54,280
11/09/2001,TOL,OH,AGL,CE,Towers with Radar,89,38,67,10,204,0,2,54,2,58,89,40,121,12,262,65,21,86,348
11/10/2001,TOL,OH,AGL,CE,Towers with Radar,83,18,48,0,149,0,0,26,0,26,83,18,74,0,175,74,0,74,249
11/11/2001,TOL,OH,AGL,CE,Towers with Radar,59,18,19,6,102,0,0,42,0,42,59,18,61,6,144,81,15,96,240
11/12/2001,TOL,OH,AGL,CE,Towers with Radar,52,26,77,0,155,0,0,36,0,36,52,26,113,0,191,58,0,58,249
11/13/2001,TOL,OH,AGL,CE,Towers with Radar,98,29,99,21,247,0,0,51,0,51,98,29,150,21,298,124,22,146,444
11/14/2001,TOL,OH,AGL,CE,Towers with Radar,95,36,100,30,261,0,1,19,0,20,95,37,119,30,281,51,38,89,370
11/15/2001,TOL,OH,AGL,CE,Towers with Radar,99,44,56,39,238,0,0,41,0,41,99,44,97,39,279,50,50,100,379
11/16/2001,TOL,OH,AGL,CE,Towers with Radar,86,47,77,5,215,0,0,14,0,14,86,47,91,5,229,14,2,16,245
11/17/2001,TOL,OH,AGL,CE,Towers with Radar,88,18,53,0,159,0,0,14,0,14,88,18,67,0,173,20,0,20,193
11/18/2001,TOL,OH,AGL,CE,Towers with Radar,38,25,63,0,126,0,0,22,0,22,38,25,85,0,148,34,0,34,182
11/19/2001,TOL,OH,AGL,CE,Towers with Radar,52,30,65,14,161,0,0,6,0,6,52,30,71,14,167,16,0,16,183
11/20/2001,TOL,OH,AGL,CE,Towers with Radar,82,48,82,10,222,0,0,40,1,41,82,48,122,11,263,58,18,76,339
11/21/2001,TOL,OH,AGL,CE,Towers with Radar,95,46,85,7,233,0,0,36,0,36,95,46,121,7,269,66,40,106,375
11/22/2001,TOL,OH,AGL,CE,Towers with Radar,82,14,17,0,113,0,0,17,0,17,82,14,34,0,130,16,0,16,146
11/23/2001,TOL,OH,AGL,CE,Towers with Radar,39,21,43,0,103,0,0,49,0,49,39,21,92,0,152,102,0,102,254
11/24/2001,TOL,OH,AGL,CE,Towers with Radar,52,18,34,0,104,0,0,5,0,5,52,18,39,0,109,60,0,60,169
11/25/2001,TOL,OH,AGL,CE,Towers with Radar,44,26,50,0,120,0,0,9,0,9,44,26,59,0,129,42,0,42,171
11/26/2001,TOL,OH,AGL,CE,Towers with Radar,32,48,60,10,150,0,1,37,0,38,32,49,97,10,188,29,14,43,231
11/27/2001,TOL,OH,AGL,CE,Towers with Radar,99,32,72,34,237,0,0,12,0,12,99,32,84,34,249,64,24,88,337
11/28/2001,TOL,OH,AGL,CE,Towers with Radar,91,34,79,21,225,0,0,6,0,6,91,34,85,21,231,30,18,48,279
11/29/2001,TOL,OH,AGL,CE,Towers with Radar,97,55,72,0,224,0,0,0,0,0,97,55,72,0,224,0,0,0,224
11/30/2001,TOL,OH,AGL,CE,Towers with Radar,71,60,65,7,203,0,0,7,0,7,71,60,72,7,210,14,0,14,224
12/01/2001,TOL,OH,AGL,CE,Towers with Radar,83,17,41,40,181,0,1,16,0,17,83,18,57,40,198,60,48,108,306
12/02/2001,TOL,OH,AGL,CE,Towers with Radar,46,8,50,0,104,0,2,43,0,45,46,10,93,0,149,50,0,50,199
12/03/2001,TOL,OH,AGL,CE,Towers with Radar,47,34,95,0,176,0,0,47,0,47,47,34,142,0,223,51,0,51,274
12/04/2001,TOL,OH,AGL,CE,Towers with Radar,99,27,74,2,202,0,0,22,2,24,99,27,96,4,226,43,0,43,269
12/05/2001,TOL,OH,AGL,CE,Towers with Radar,92,43,99,2,236,0,0,30,0,30,92,43,129,2,266,104,0,104,370
12/06/2001,TOL,OH,AGL,CE,Towers with Radar,82,43,67,14,206,0,2,31,0,33,82,45,98,14,239,52,24,76,315
12/07/2001,TOL,OH,AGL,CE,Towers with Radar,97,47,88,0,232,0,0,15,0,15,97,47,103,0,247,32,0,32,279
12/08/2001,TOL,OH,AGL,CE,Towers with Radar,53,56,66,1,176,0,0,25,1,26,53,56,91,2,202,94,0,94,296
12/09/2001,TOL,OH,AGL,CE,Towers with Radar,5,45,56,0,106,0,0,39,0,39,5,45,95,0,145,127,0,127,272
12/10/2001,TOL,OH,AGL,CE,Towers with Radar,39,41,74,11,165,0,0,40,1,41,39,41,114,12,206,52,18,70,276
12/11/2001,TOL,OH,AGL,CE,Towers with Radar,91,50,82,15,238,0,0,30,0,30,91,50,112,15,268,86,34,120,388
12/12/2001,TOL,OH,AGL,CE,Towers with Radar,82,39,76,5,202,0,0,7,2,9,82,39,83,7,211,10,0,10,221
12/13/2001,TOL,OH,AGL,CE,Towers with Radar,93,39,69,10,211,0,0,8,0,8,93,39,77,10,219,20,0,20,239
12/14/2001,TOL,OH,AGL,CE,Towers with Radar,50,74,55,1,180,0,0,2,0,2,50,74,57,1,182,0,0,0,182
12/15/2001,TOL,OH,AGL,CE,Towers with Radar,45,64,65,0,174,0,1,36,0,37,45,65,101,0,211,76,0,76,287
12/16/2001,TOL,OH,AGL,CE,Towers with Radar,47,16,37,0,100,0,0,17,0,17,47,16,54,0,117,39,0,39,156
12/17/2001,TOL,OH,AGL,CE,Towers with Radar,37,45,39,0,121,0,0,0,0,0,37,45,39,0,121,0,0,0,121
12/18/2001,TOL,OH,AGL,CE,Towers with Radar,89,42,82,22,235,0,1,28,0,29,89,43,110,22,264,44,24,68,332
12/19/2001,TOL,OH,AGL,CE,Towers with Radar,86,51,73,15,225,0,1,23,2,26,86,52,96,17,251,24,4,28,279
12/20/2001,TOL,OH,AGL,CE,Towers with Radar,63,75,70,0,208,0,0,27,0,27,63,75,97,0,235,26,0,26,261
12/21/2001,TOL,OH,AGL,CE,Towers with Radar,61,80,59,4,204,0,0,40,0,40,61,80,99,4,244,70,0,70,314
12/22/2001,TOL,OH,AGL,CE,Towers with Radar,24,53,41,0,118,0,1,34,0,35,24,54,75,0,153,84,0,84,237
12/23/2001,TOL,OH,AGL,CE,Towers with Radar,46,16,9,0,71,0,0,2,0,2,46,16,11,0,73,4,0,4,77
12/24/2001,TOL,OH,AGL,CE,Towers with Radar,8,57,14,0,79,0,0,6,0,6,8,57,20,0,85,28,0,28,113
12/25/2001,TOL,OH,AGL,CE,Towers with Radar,45,12,5,0,62,0,0,5,0,5,45,12,10,0,67,0,0,0,67
12/26/2001,TOL,OH,AGL,CE,Towers with Radar,47,32,23,8,110,0,0,8,0,8,47,32,31,8,118,24,0,24,142
12/27/2001,TOL,OH,AGL,CE,Towers with Radar,99,24,22,10,155,0,0,4,0,4,99,24,26,10,159,16,8,24,183
12/28/2001,TOL,OH,AGL,CE,Towers with Radar,93,29,46,0,168,0,0,8,2,10,93,29,54,2,178,14,0,14,192
12/29/2001,TOL,OH,AGL,CE,Towers with Radar,16,55,17,1,89,0,0,7,1,8,16,55,24,2,97,6,2,8,105
12/30/2001,TOL,OH,AGL,CE,Towers with Radar,41,22,16,1,80,0,0,4,0,4,41,22,20,1,84,28,0,28,112
12/31/2001,TOL,OH,AGL,CE,Towers with Radar,41,26,7,0,74,0,2,9,0,11,41,28,16,0,85,28,0,28,113
01/01/2002,TOL,OH,AGL,CE,Towers with Radar,41,12,30,0,83,0,0,16,0,16,41,12,46,0,99,26,0,26,125
01/02/2002,TOL,OH,AGL,CE,Towers with Radar,40,22,42,9,113,0,0,28,1,29,40,22,70,10,142,50,16,66,208
01/03/2002,TOL,OH,AGL,CE,Towers with Radar,66,45,44,26,181,0,0,38,0,38,66,45,82,26,219,66,44,110,329
01/04/2002,TOL,OH,AGL,CE,Towers with Radar,41,67,65,14,187,0,0,13,10,23,41,67,78,24,210,6,23,29,239
01/05/2002,TOL,OH,AGL,CE,Towers with Radar,17,57,25,2,101,0,1,33,0,34,17,58,58,2,135,36,0,36,171
01/06/2002,TOL,OH,AGL,CE,Towers with Radar,32,21,24,3,80,0,0,2,0,2,32,21,26,3,82,4,0,4,86
01/07/2002,TOL,OH,AGL,CE,Towers with Radar,44,56,54,11,165,0,1,19,0,20,44,57,73,11,185,46,24,70,255
01/08/2002,TOL,OH,AGL,CE,Towers with Radar,87,37,46,37,207,0,0,25,1,26,87,37,71,38,233,25,64,89,322
01/09/2002,TOL,OH,AGL,CE,Towers with Radar,75,42,71,39,227,0,0,20,2,22,75,42,91,41,249,36,40,76,325
01/10/2002,TOL,OH,AGL,CE,Towers with Radar,88,26,53,19,186,0,0,27,0,27,88,26,80,19,213,40,6,46,259
01/11/2002,TOL,OH,AGL,CE,Towers with Radar,86,29,60,5,180,0,2,27,0,29,86,31,87,5,209,25,12,37,246
01/12/2002,TOL,OH,AGL,CE,Towers with Radar,63,13,33,12,121,0,0,20,0,20,63,13,53,12,141,40,40,80,221
01/13/2002,TOL,OH,AGL,CE,Towers with Radar,45,16,48,7,116,0,1,31,0,32,45,17,79,7,148,94,28,122,270
01/14/2002,TOL,OH,AGL,CE,Towers with Radar,52,26,38,24,140,0,0,9,0,9,52,26,47,24,149,46,11,57,206
01/15/2002,TOL,OH,AGL,CE,Towers with Radar,90,28,46,20,184,0,0,6,0,6,90,28,52,20,190,16,0,16,206
01/16/2002,TOL,OH,AGL,CE,Towers with Radar,86,29,61,14,190,0,0,10,0,10,86,29,71,14,200,28,12,40,240
01/17/2002,TOL,OH,AGL,CE,Towers with Radar,83,34,66,21,204,0,0,13,0,13,83,34,79,21,217,60,26,86,303
01/18/2002,TOL,OH,AGL,CE,Towers with Radar,71,44,78,1,194,0,1,35,1,37,71,45,113,2,231,80,0,80,311
01/19/2002,TOL,OH,AGL,CE,Towers with Radar,55,16,34,0,105,0,0,26,0,26,55,16,60,0,131,32,0,32,163
01/20/2002,TOL,OH,AGL,CE,Towers with Radar,35,35,53,0,123,0,2,12,0,14,35,37,65,0,137,58,0,58,195
01/21/2002,TOL,OH,AGL,CE,Towers with Radar,44,25,52,0,121,0,0,10,0,10,44,25,62,0,131,38,0,38,169
01/22/2002,TOL,OH,AGL,CE,Towers with Radar,87,32,82,45,246,0,0,35,0,35,87,32,117,45,281,58,44,102,383
01/23/2002,TOL,OH,AGL,CE,Towers with Radar,80,34,71,11,196,0,0,4,0,4,80,34,75,11,200,42,0,42,242
01/24/2002,TOL,OH,AGL,CE,Towers with Radar,88,33,75,15,211,0,0,2,0,2,88,33,77,15,213,28,0,28,241
01/25/2002,TOL,OH,AGL,CE,Towers with Radar,119,26,79,6,230,0,0,50,0,50,119,26,129,6,280,178,16,194,474
01/26/2002,TOL,OH,AGL,CE,Towers with Radar,41,31,86,0,158,0,0,63,0,63,41,31,149,0,221,99,0,99,320
01/27/2002,TOL,OH,AGL,CE,Towers with Radar,35,28,50,0,113,0,0,23,0,23,35,28,73,0,136,42,0,42,178
01/28/2002,TOL,OH,AGL,CE,Towers with Radar,49,31,54,67,201,0,1,42,2,45,49,32,96,69,246,55,66,121,367
01/29/2002,TOL,OH,AGL,CE,Towers with Radar,84,31,82,1,198,0,0,3,0,3,84,31,85,1,201,16,0,16,217
01/30/2002,TOL,OH,AGL,CE,Towers with Radar,44,71,55,0,170,0,0,0,0,0,44,71,55,0,170,18,0,18,188
01/31/2002,TOL,OH,AGL,CE,Towers with Radar,52,69,52,3,176,0,0,0,0,0,52,69,52,3,176,0,0,0,176
02/01/2002,TOL,OH,AGL,CE,Towers with Radar,87,38,67,0,192,0,1,10,0,11,87,39,77,0,203,54,0,54,257
02/02/2002,TOL,OH,AGL,CE,Towers with Radar,39,41,44,0,124,0,0,44,0,44,39,41,88,0,168,36,0,36,204
02/03/2002,TOL,OH,AGL,CE,Towers with Radar,33,28,46,0,107,0,0,17,1,18,33,28,63,1,125,22,0,22,147
02/04/2002,TOL,OH,AGL,CE,Towers with Radar,63,34,52,12,161,0,0,19,0,19,63,34,71,12,180,46,16,62,242
02/05/2002,TOL,OH,AGL,CE,Towers with Radar,80,28,77,37,222,0,0,35,0,35,80,28,112,37,257,46,68,114,371
02/06/2002,TOL,OH,AGL,CE,Towers with Radar,73,43,88,15,219,0,0,36,1,37,73,43,124,16,256,84,72,156,412
02/07/2002,TOL,OH,AGL,CE,Towers with Radar,78,38,57,18,191,0,0,33,0,33,78,38,90,18,224,92,30,122,346
02/08/2002,TOL,OH,AGL,CE,Towers with Radar,76,50,65,6,197,0,1,35,0,36,76,51,100,6,233,38,10,48,281
02/09/2002,TOL,OH,AGL,CE,Towers with Radar,50,19,52,58,179,0,0,36,0,36,50,19,88,58,215,24,46,70,285
02/10/2002,TOL,OH,AGL,CE,Towers with Radar,40,28,34,48,150,0,2,10,1,13,40,30,44,49,163,50,54,104,267
02/11/2002,TOL,OH,AGL,CE,Towers with Radar,39,40,86,26,191,0,1,28,0,29,39,41,114,26,220,50,8,58,278
02/12/2002,TOL,OH,AGL,CE,Towers with Radar,79,47,39,29,194,0,1,18,4,23,79,48,57,33,217,46,40,86,303
02/13/2002,TOL,OH,AGL,CE,Towers with Radar,75,47,80,16,218,0,1,47,0,48,75,48,127,16,266,72,22,94,360
02/14/2002,TOL,OH,AGL,CE,Towers with Radar,72,35,82,13,202,0,1,40,0,41,72,36,122,13,243,76,18,94,337
02/15/2002,TOL,OH,AGL,CE,Towers with Radar,77,43,67,0,187,0,0,16,0,16,77,43,83,0,203,28,0,28,231
02/16/2002,TOL,OH,AGL,CE,Towers with Radar,34,37,34,0,105,0,0,9,0,9,34,37,43,0,114,20,0,20,134
02/17/2002,TOL,OH,AGL,CE,Towers with Radar,26,42,81,0,149,0,0,32,0,32,26,42,113,0,181,88,0,88,269
02/18/2002,TOL,OH,AGL,CE,Towers with Radar,28,50,65,0,143,0,5,36,0,41,28,55,101,0,184,61,0,61,245
02/19/2002,TOL,OH,AGL,CE,Towers with Radar,75,47,55,10,187,0,0,19,0,19,75,47,74,10,206,80,48,128,334
02/20/2002,TOL,OH,AGL,CE,Towers with Radar,61,55,59,14,189,0,0,6,0,6,61,55,65,14,195,38,20,58,253
02/21/2002,TOL,OH,AGL,CE,Towers with Radar,75,48,62,1,186,0,0,3,0,3,75,48,65,1,189,26,0,26,215
02/22/2002,TOL,OH,AGL,CE,Towers with Radar,46,113,58,2,219,0,0,37,0,37,46,113,95,2,256,64,8,72,328
02/23/2002,TOL,OH,AGL,CE,Towers with Radar,25,51,46,1,123,0,0,47,1,48,25,51,93,2,171,68,0,68,239
02/24/2002,TOL,OH,AGL,CE,Towers with Radar,39,28,65,0,132,0,0,29,0,29,39,28,94,0,161,100,0,100,261
02/25/2002,TOL,OH,AGL,CE,Towers with Radar,39,47,87,52,225,0,0,16,0,16,39,47,103,52,241,68,78,146,387
02/26/2002,TOL,OH,AGL,CE,Towers with Radar,73,29,30,0,132,0,0,0,0,0,73,29,30,0,132,24,0,24,156
02/27/2002,TOL,OH,AGL,CE,Towers with Radar,74,47,71,16,208,0,0,4,0,4,74,47,75,16,212,36,0,36,248
02/28/2002,TOL,OH,AGL,CE,Towers with Radar,54,80,61,22,217,0,0,29,0,29,54,80,90,22,246,52,4,56,302
03/01/2002,TOL,OH,AGL,CE,Towers with Radar,52,66,56,8,182,0,0,26,0,26,52,66,82,8,208,32,12,44,252
03/02/2002,TOL,OH,AGL,CE,Towers with Radar,33,45,26,0,104,0,0,2,2,4,33,45,28,2,108,10,0,10,118
03/03/2002,TOL,OH,AGL,CE,Towers with Radar,39,20,16,0,75,0,1,4,0,5,39,21,20,0,80,22,0,22,102
03/04/2002,TOL,OH,AGL,CE,Towers with Radar,16,58,35,0,109,0,0,14,0,14,16,58,49,0,123,42,0,42,165
03/05/2002,TOL,OH,AGL,CE,Towers with Radar,79,42,61,15,197,0,0,19,0,19,79,42,80,15,216,29,10,39,255
03/06/2002,TOL,OH,AGL,CE,Towers with Radar,55,69,67,0,191,0,0,36,1,37,55,69,103,1,228,28,0,28,256
03/07/2002,TOL,OH,AGL,CE,Towers with Radar,62,62,74,15,213,0,0,5,0,5,62,62,79,15,218,6,0,6,224
03/08/2002,TOL,OH,AGL,CE,Towers with Radar,53,67,66,14,200,0,0,13,0,13,53,67,79,14,213,24,12,36,249
03/09/2002,TOL,OH,AGL,CE,Towers with Radar,23,43,8,0,74,0,0,0,0,0,23,43,8,0,74,9,0,9,83
03/10/2002,TOL,OH,AGL,CE,Towers with Radar,39,20,23,10,92,0,0,4,0,4,39,20,27,10,96,7,2,9,105
03/11/2002,TOL,OH,AGL,CE,Towers with Radar,47,46,64,28,185,0,2,19,0,21,47,48,83,28,206,62,56,118,324
03/12/2002,TOL,OH,AGL,CE,Towers with Radar,58,69,88,9,224,0,1,47,4,52,58,70,135,13,276,60,24,84,360
03/13/2002,TOL,OH,AGL,CE,Towers with Radar,51,86,59,9,205,0,4,37,5,46,51,90,96,14,251,70,2,72,323
03/14/2002,TOL,OH,AGL,CE,Towers with Radar,56,66,68,10,200,0,0,19,2,21,56,66,87,12,221,46,8,54,275
03/15/2002,TOL,OH,AGL,CE,Towers with Radar,41,63,57,4,165,0,1,12,0,13,41,64,69,4,178,2,4,6,184
03/16/2002,TOL,OH,AGL,CE,Towers with Radar,31,60,37,4,132,0,0,53,2,55,31,60,90,6,187,162,0,162,349
03/17/2002,TOL,OH,AGL,CE,Towers with Radar,9,51,37,2,99,0,0,14,0,14,9,51,51,2,113,58,0,58,171
03/18/2002,TOL,OH,AGL,CE,Towers with Radar,5,76,83,4,168,0,1,21,0,22,5,77,104,4,190,56,5,61,251
03/19/2002,TOL,OH,AGL,CE,Towers with Radar,67,91,42,1,201,1,11,26,3,41,68,102,68,4,242,56,0,56,298
03/20/2002,TOL,OH,AGL,CE,Towers with Radar,44,88,76,9,217,0,0,5,0,5,44,88,81,9,222,52,6,58,280
03/21/2002,TOL,OH,AGL,CE,Towers with Radar,55,61,52,6,174,0,0,9,0,9,55,61,61,6,183,8,0,8,191
03/22/2002,TOL,OH,AGL,CE,Towers with Radar,53,65,66,16,200,0,0,15,0,15,53,65,81,16,215,88,12,100,315
03/23/2002,TOL,OH,AGL,CE,Towers with Radar,22,57,41,4,124,0,2,13,0,15,22,59,54,4,139,22,4,26,165
03/24/2002,TOL,OH,AGL,CE,Towers with Radar,6,54,19,2,81,0,1,2,0,3,6,55,21,2,84,0,0,0,84
03/25/2002,TOL,OH,AGL,CE,Towers with Radar,6,72,41,0,119,0,1,1,0,2,6,73,42,0,121,0,0,0,121
03/26/2002,TOL,OH,AGL,CE,Towers with Radar,58,43,38,0,139,0,0,1,0,1,58,43,39,0,140,2,0,2,142
03/27/2002,TOL,OH,AGL,CE,Towers with Radar,55,67,71,9,202,0,1,42,0,43,55,68,113,9,245,56,28,84,329
03/28/2002,TOL,OH,AGL,CE,Towers with Radar,54,61,101,19,235,0,2,42,0,44,54,63,143,19,279,44,10,54,333
03/29/2002,TOL,OH,AGL,CE,Towers with Radar,56,59,50,2,167,0,1,24,0,25,56,60,74,2,192,30,4,34,226
03/30/2002,TOL,OH,AGL,CE,Towers with Radar,55,20,66,0,141,0,0,22,0,22,55,20,88,0,163,72,0,72,235
03/31/2002,TOL,OH,AGL,CE,Towers with Radar,16,47,24,0,87,0,0,20,0,20,16,47,44,0,107,30,0,30,137
04/01/2002,TOL,OH,AGL,CE,Towers with Radar,20,52,62,8,142,0,0,20,0,20,20,52,82,8,162,32,6,38,200
04/02/2002,TOL,OH,AGL,CE,Towers with Radar,59,51,51,9,170,0,0,7,0,7,59,51,58,9,177,44,28,72,249
04/03/2002,TOL,OH,AGL,CE,Towers with Radar,59,51,60,10,180,0,0,21,2,23,59,51,81,12,203,70,24,94,297
04/04/2002,TOL,OH,AGL,CE,Towers with Radar,54,63,74,18,209,0,1,28,0,29,54,64,102,18,238,52,4,56,294
04/05/2002,TOL,OH,AGL,CE,Towers with Radar,50,58,87,5,200,0,0,36,0,36,50,58,123,5,236,46,6,52,288
04/06/2002,TOL,OH,AGL,CE,Towers with Radar,60,29,56,1,146,0,0,40,2,42,60,29,96,3,188,136,4,140,328
04/07/2002,TOL,OH,AGL,CE,Towers with Radar,37,33,51,2,123,0,0,41,0,41,37,33,92,2,164,108,0,108,272
04/08/2002,TOL,OH,AGL,CE,Towers with Radar,15,68,52,8,143,0,1,5,0,6,15,69,57,8,149,18,0,18,167
04/09/2002,TOL,OH,AGL,CE,Towers with Radar,57,73,79,13,222,0,5,6,0,11,57,78,85,13,233,46,20,66,299
04/10/2002,TOL,OH,AGL,CE,Towers with Radar,46,79,91,1,217,0,3,59,1,63,46,82,150,2,280,62,0,62,342
04/11/2002,TOL,OH,AGL,CE,Towers with Radar,59,76,96,14,245,0,3,54,0,57,59,79,150,14,302,130,12,142,444
04/12/2002,TOL,OH,AGL,CE,Towers with Radar,67,53,82,6,208,0,1,17,0,18,67,54,99,6,226,53,12,65,291
04/13/2002,TOL,OH,AGL,CE,Towers with Radar,20,63,49,0,132,0,2,7,0,9,20,65,56,0,141,42,0,42,183
04/14/2002,TOL,OH,AGL,CE,Towers with Radar,23,60,46,0,129,0,0,0,0,0,23,60,46,0,129,42,0,42,171
04/15/2002,TOL,OH,AGL,CE,Towers with Radar,17,65,68,11,161,0,5,43,2,50,17,70,111,13,211,86,10,96,307
04/16/2002,TOL,OH,AGL,CE,Towers with Radar,51,76,82,14,223,0,1,33,6,40,51,77,115,20,263,100,34,134,397
04/17/2002,TOL,OH,AGL,CE,Towers with Radar,46,73,54,11,184,0,5,26,3,34,46,78,80,14,218,54,20,74,292
04/18/2002,TOL,OH,AGL,CE,Towers with Radar,60,54,103,28,245,0,1,32,3,36,60,55,135,31,281,42,0,42,323
04/19/2002,TOL,OH,AGL,CE,Towers with Radar,73,36,75,10,194,0,0,38,5,43,73,36,113,15,237,65,18,83,320
04/20/2002,TOL,OH,AGL,CE,Towers with Radar,20,58,57,5,140,0,1,42,0,43,20,59,99,5,183,92,0,92,275
04/21/2002,TOL,OH,AGL,CE,Towers with Radar,8,57,50,6,121,0,1,0,0,1,8,58,50,6,122,52,0,52,174
04/22/2002,TOL,OH,AGL,CE,Towers with Radar,45,37,76,12,170,0,0,10,0,10,45,37,86,12,180,36,16,52,232
04/23/2002,TOL,OH,AGL,CE,Towers with Radar,47,82,92,10,231,0,1,55,1,57,47,83,147,11,288,120,30,150,438
04/24/2002,TOL,OH,AGL,CE,Towers with Radar,43,74,71,14,202,0,4,27,12,43,43,78,98,26,245,46,22,68,313
04/25/2002,TOL,OH,AGL,CE,Towers with Radar,61,68,52,12,193,0,0,25,0,25,61,68,77,12,218,20,4,24,242
04/26/2002,TOL,OH,AGL,CE,Towers with Radar,63,52,91,2,208,0,0,67,0,67,63,52,158,2,275,100,17,117,392
04/27/2002,TOL,OH,AGL,CE,Towers with Radar,58,26,43,0,127,0,0,26,0,26,58,26,69,0,153,88,0,88,241
04/28/2002,TOL,OH,AGL,CE,Towers with Radar,9,53,33,1,96,0,0,3,0,3,9,53,36,1,99,4,0,4,103
04/29/2002,TOL,OH,AGL,CE,Towers with Radar,5,83,92,11,191,0,0,29,0,29,5,83,121,11,220,78,54,132,352
04/30/2002,TOL,OH,AGL,CE,Towers with Radar,51,63,61,0,175,0,3,30,0,33,51,66,91,0,208,52,0,52,260
05/01/2002,TOL,OH,AGL,CE,Towers with Radar,45,69,66,21,201,0,12,44,0,56,45,81,110,21,257,76,58,134,391
05/02/2002,TOL,OH,AGL,CE,Towers with Radar,51,52,90,16,209,0,0,10,1,11,51,52,100,17,220,78,14,92,312
05/03/2002,TOL,OH,AGL,CE,Towers with Radar,52,51,64,14,181,0,0,45,0,45,52,51,109,14,226,90,12,102,328
05/04/2002,TOL,OH,AGL,CE,Towers with Radar,29,49,51,14,143,0,1,48,0,49,29,50,99,14,192,86,36,122,314
05/05/2002,TOL,OH,AGL,CE,Towers with Radar,27,38,36,12,113,0,0,40,1,41,27,38,76,13,154,62,18,80,234
05/06/2002,TOL,OH,AGL,CE,Towers with Radar,15,53,69,8,145,0,0,15,0,15,15,53,84,8,160,56,42,98,258
05/07/2002,TOL,OH,AGL,CE,Towers with Radar,61,58,65,7,191,0,0,1,0,1,61,58,66,7,192,6,0,6,198
05/08/2002,TOL,OH,AGL,CE,Towers with Radar,53,64,109,10,236,0,0,6,0,6,53,64,115,10,242,18,0,18,260
05/09/2002,TOL,OH,AGL,CE,Towers with Radar,64,58,56,11,189,0,0,18,0,18,64,58,74,11,207,18,2,20,227
05/10/2002,TOL,OH,AGL,CE,Towers with Radar,63,61,87,10,221,0,0,40,3,43,63,61,127,13,264,108,24,132,396
05/11/2002,TOL,OH,AGL,CE,Towers with Radar,29,39,20,2,90,0,0,21,0,21,29,39,41,2,111,66,0,66,177
05/12/2002,TOL,OH,AGL,CE,Towers with Radar,15,46,16,1,78,0,0,2,0,2,15,46,18,1,80,4,0,4,84
05/13/2002,TOL,OH,AGL,CE,Towers with Radar,5,79,80,10,174,0,0,4,0,4,5,79,84,10,178,37,0,37,215
05/14/2002,TOL,OH,AGL,CE,Towers with Radar,57,66,60,1,184,0,0,34,0,34,57,66,94,1,218,24,0,24,242
05/15/2002,TOL,OH,AGL,CE,Towers with Radar,77,37,85,19,218,0,0,76,0,76,77,37,161,19,294,78,12,90,384
05/16/2002,TOL,OH,AGL,CE,Towers with Radar,76,41,44,13,174,0,0,16,0,16,76,41,60,13,190,36,32,68,258
05/17/2002,TOL,OH,AGL,CE,Towers with Radar,59,70,77,6,212,0,0,17,0,17,59,70,94,6,229,32,12,44,273
05/18/2002,TOL,OH,AGL,CE,Towers with Radar,26,44,49,1,120,0,2,30,4,36,26,46,79,5,156,72,0,72,228
05/19/2002,TOL,OH,AGL,CE,Towers with Radar,15,56,37,0,108,0,0,19,0,19,15,56,56,0,127,47,0,47,174
05/20/2002,TOL,OH,AGL,CE,Towers with Radar,9,76,67,8,160,0,2,41,0,43,9,78,108,8,203,30,10,40,243
05/21/2002,TOL,OH,AGL,CE,Towers with Radar,56,63,102,14,235,0,0,51,0,51,56,63,153,14,286,88,16,104,390
05/22/2002,TOL,OH,AGL,CE,Towers with Radar,75,45,86,17,223,0,0,58,1,59,75,45,144,18,282,86,38,124,406
05/23/2002,TOL,OH,AGL,CE,Towers with Radar,42,76,67,16,201,0,12,47,40,99,42,88,114,56,300,56,94,150,450
05/24/2002,TOL,OH,AGL,CE,Towers with Radar,54,54,67,3,178,0,0,11,0,11,54,54,78,3,189,21,0,21,210
05/25/2002,TOL,OH,AGL,CE,Towers with Radar,17,38,20,0,75,0,0,2,0,2,17,38,22,0,77,36,0,36,113
05/26/2002,TOL,OH,AGL,CE,Towers with Radar,32,18,34,0,84,0,1,27,1,29,32,19,61,1,113,58,0,58,171
05/27/2002,TOL,OH,AGL,CE,Towers with Radar,4,50,33,0,87,0,2,31,0,33,4,52,64,0,120,40,0,40,160
05/28/2002,TOL,OH,AGL,CE,Towers with Radar,42,35,70,62,209,0,0,26,0,26,42,35,96,62,235,59,54,113,348
05/29/2002,TOL,OH,AGL,CE,Towers with Radar,78,33,66,33,210,2,0,8,0,10,80,33,74,33,220,74,38,112,332
05/30/2002,TOL,OH,AGL,CE,Towers with Radar,59,66,76,47,248,0,4,37,1,42,59,70,113,48,290,48,60,108,398
05/31/2002,TOL,OH,AGL,CE,Towers with Radar,56,65,79,6,206,0,2,34,2,38,56,67,113,8,244,80,20,100,344
06/01/2002,TOL,OH,AGL,CE,Towers with Radar,22,58,25,0,105,0,2,58,0,60,22,60,83,0,165,90,2,92,257
06/02/2002,TOL,OH,AGL,CE,Towers with Radar,0,71,43,1,115,0,5,36,0,41,0,76,79,1,156,82,0,82,238
06/03/2002,TOL,OH,AGL,CE,Towers with Radar,14,60,54,5,133,0,0,12,0,12,14,60,66,5,145,6,10,16,161
06/04/2002,TOL,OH,AGL,CE,Towers with Radar,41,84,75,17,217,0,0,20,5,25,41,84,95,22,242,22,38,60,302
06/05/2002,TOL,OH,AGL,CE,Towers with Radar,53,54,61,7,175,0,0,8,0,8,53,54,69,7,183,72,12,84,267
06/06/2002,TOL,OH,AGL,CE,Towers with Radar,40,98,92,20,250,0,0,32,0,32,40,98,124,20,282,120,14,134,416
06/07/2002,TOL,OH,AGL,CE,Towers with Radar,58,67,87,6,218,0,2,60,4,66,58,69,147,10,284,122,4,126,410
06/08/2002,TOL,OH,AGL,CE,Towers with Radar,35,53,17,2,107,0,1,34,0,35,35,54,51,2,142,66,0,66,208
06/09/2002,TOL,OH,AGL,CE,Towers with Radar,18,46,34,2,100,0,0,31,1,32,18,46,65,3,132,28,0,28,160
06/10/2002,TOL,OH,AGL,CE,Towers with Radar,4,80,79,25,188,0,4,36,9,49,4,84,115,34,237,69,34,103,340
06/11/2002,TOL,OH,AGL,CE,Towers with Radar,51,83,55,17,206,0,2,32,1,35,51,85,87,18,241,46,24,70,311
06/12/2002,TOL,OH,AGL,CE,Towers with Radar,42,80,54,22,198,0,1,20,1,22,42,81,74,23,220,34,24,58,278
06/13/2002,TOL,OH,AGL,CE,Towers with Radar,42,81,70,15,208,0,1,19,0,20,42,82,89,15,228,24,0,24,252
06/14/2002,TOL,OH,AGL,CE,Towers with Radar,43,69,62,1,175,0,0,13,3,16,43,69,75,4,191,28,0,28,219
06/15/2002,TOL,OH,AGL,CE,Towers with Radar,21,54,30,0,105,0,0,15,0,15,21,54,45,0,120,30,0,30,150
06/16/2002,TOL,OH,AGL,CE,Towers with Radar,5,68,34,0,107,0,0,62,0,62,5,68,96,0,169,26,0,26,195
06/17/2002,TOL,OH,AGL,CE,Towers with Radar,5,69,54,12,140,0,3,56,0,59,5,72,110,12,199,30,20,50,249
06/18/2002,TOL,OH,AGL,CE,Towers with Radar,49,77,46,11,183,1,0,86,0,87,50,77,132,11,270,38,20,58,328
06/19/2002,TOL,OH,AGL,CE,Towers with Radar,49,62,81,0,192,1,0,48,2,51,50,62,129,2,243,118,0,118,361
06/20/2002,TOL,OH,AGL,CE,Towers with Radar,71,53,88,12,224,0,0,49,0,49,71,53,137,12,273,68,18,86,359
06/21/2002,TOL,OH,AGL,CE,Towers with Radar,69,46,76,2,193,0,0,21,0,21,69,46,97,2,214,52,0,52,266
06/22/2002,TOL,OH,AGL,CE,Towers with Radar,46,36,35,1,118,0,4,43,0,47,46,40,78,1,165,48,0,48,213
06/23/2002,TOL,OH,AGL,CE,Towers with Radar,14,52,47,8,121,0,0,42,0,42,14,52,89,8,163,50,14,64,227
06/24/2002,TOL,OH,AGL,CE,Towers with Radar,13,60,96,2,171,0,1,31,0,32,13,61,127,2,203,114,0,114,317
06/25/2002,TOL,OH,AGL,CE,Towers with Radar,40,84,58,0,182,0,1,22,1,24,40,85,80,1,206,20,0,20,226
06/26/2002,TOL,OH,AGL,CE,Towers with Radar,42,74,70,2,188,0,2,29,0,31,42,76,99,2,219,24,0,24,243
06/27/2002,TOL,OH,AGL,CE,Towers with Radar,44,71,63,1,179,0,4,42,0,46,44,75,105,1,225,49,0,49,274
06/28/2002,TOL,OH,AGL,CE,Towers with Radar,76,63,77,5,221,0,1,44,1,46,76,64,121,6,267,74,5,79,346
06/29/2002,TOL,OH,AGL,CE,Towers with Radar,31,61,42,0,134,0,0,37,0,37,31,61,79,0,171,74,0,74,245
06/30/2002,TOL,OH,AGL,CE,Towers with Radar,9,72,29,0,110,0,0,33,0,33,9,72,62,0,143,66,0,66,209
07/01/2002,TOL,OH,AGL,CE,Towers with Radar,2,126,37,10,175,0,0,14,0,14,2,126,51,10,189,60,36,96,285
07/02/2002,TOL,OH,AGL,CE,Towers with Radar,49,72,61,12,194,0,0,32,0,32,49,72,93,12,226,76,36,112,338
07/03/2002,TOL,OH,AGL,CE,Towers with Radar,54,73,64,18,209,0,0,25,0,25,54,73,89,18,234,92,32,124,358
07/04/2002,TOL,OH,AGL,CE,Towers with Radar,36,49,18,1,104,0,0,15,0,15,36,49,33,1,119,60,12,72,191
07/05/2002,TOL,OH,AGL,CE,Towers with Radar,9,63,24,0,96,0,0,72,0,72,9,63,96,0,168,90,0,90,258
07/06/2002,TOL,OH,AGL,CE,Towers with Radar,30,50,26,0,106,0,0,44,0,44,30,50,70,0,150,58,0,58,208
07/07/2002,TOL,OH,AGL,CE,Towers with Radar,3,74,44,0,121,0,0,52,0,52,3,74,96,0,173,54,0,54,227
07/08/2002,TOL,OH,AGL,CE,Towers with Radar,31,55,85,14,185,0,0,23,1,24,31,55,108,15,209,58,26,84,293
07/09/2002,TOL,OH,AGL,CE,Towers with Radar,45,90,67,10,212,0,0,11,0,11,45,90,78,10,223,28,7,35,258
07/10/2002,TOL,OH,AGL,CE,Towers with Radar,47,77,82,15,221,0,0,51,0,51,47,77,133,15,272,54,32,86,358
07/11/2002,TOL,OH,AGL,CE,Towers with Radar,61,76,51,28,216,0,0,32,0,32,61,76,83,28,248,42,30,72,320
07/12/2002,TOL,OH,AGL,CE,Towers with Radar,45,72,48,3,168,0,0,66,3,69,45,72,114,6,237,68,4,72,309
07/13/2002,TOL,OH,AGL,CE,Towers with Radar,20,71,47,2,140,0,0,32,0,32,20,71,79,2,172,34,8,42,214
07/14/2002,TOL,OH,AGL,CE,Towers with Radar,0,74,38,10,122,0,0,25,14,39,0,74,63,24,161,54,34,88,249
07/15/2002,TOL,OH,AGL,CE,Towers with Radar,16,66,70,13,165,0,0,48,1,49,16,66,118,14,214,56,32,88,302
07/16/2002,TOL,OH,AGL,CE,Towers with Radar,56,61,66,11,194,0,0,26,6,32,56,61,92,17,226,30,25,55,281
07/17/2002,TOL,OH,AGL,CE,Towers with Radar,48,73,55,23,199,0,0,43,0,43,48,73,98,23,242,38,18,56,298
07/18/2002,TOL,OH,AGL,CE,Towers with Radar,48,78,57,22,205,0,0,32,3,35,48,78,89,25,240,64,38,102,342
07/19/2002,TOL,OH,AGL,CE,Towers with Radar,55,73,62,4,194,0,0,30,0,30,55,73,92,4,224,20,4,24,248
07/20/2002,TOL,OH,AGL,CE,Towers with Radar,27,68,36,2,133,0,0,37,2,39,27,68,73,4,172,8,7,15,187
07/21/2002,TOL,OH,AGL,CE,Towers with Radar,13,97,37,3,150,0,0,38,0,38,13,97,75,3,188,26,4,30,218
07/22/2002,TOL,OH,AGL,CE,Towers with Radar,29,56,54,34,173,0,0,9,0,9,29,56,63,34,182,24,28,52,234
07/23/2002,TOL,OH,AGL,CE,Towers with Radar,57,77,72,52,258,0,0,42,0,42,57,77,114,52,300,77,38,115,415
07/24/2002,TOL,OH,AGL,CE,Towers with Radar,45,86,88,21,240,0,0,49,0,49,45,86,137,21,289,70,8,78,367
07/25/2002,TOL,OH,AGL,CE,Towers with Radar,3,11,31,1,46,41,81,55,0,177,44,92,86,1,223,42,0,42,265
07/26/2002,TOL,OH,AGL,CE,Towers with Radar,42,84,82,18,226,0,0,48,0,48,42,84,130,18,274,26,6,32,306
07/27/2002,TOL,OH,AGL,CE,Towers with Radar,19,63,35,0,117,0,0,8,0,8,19,63,43,0,125,26,0,26,151
07/28/2002,TOL,OH,AGL,CE,Towers with Radar,15,62,49,2,128,0,0,20,0,20,15,62,69,2,148,4,0,4,152
07/29/2002,TOL,OH,AGL,CE,Towers with Radar,3,69,49,12,133,0,0,39,20,59,3,69,88,32,192,90,16,106,298
07/30/2002,TOL,OH,AGL,CE,Towers with Radar,3,9,41,2,55,39,85,62,11,197,42,94,103,13,252,32,14,46,298
07/31/2002,TOL,OH,AGL,CE,Towers with Radar,3,9,39,2,53,35,114,31,12,192,38,123,70,14,245,50,18,68,313
08/01/2002,TOL,OH,AGL,CE,Towers with Radar,46,80,54,29,209,0,2,58,0,60,46,82,112,29,269,82,204,286,555
08/02/2002,TOL,OH,AGL,CE,Towers with Radar,50,84,64,4,202,0,4,34,1,39,50,88,98,5,241,26,0,26,267
08/03/2002,TOL,OH,AGL,CE,Towers with Radar,27,61,27,19,134,0,1,41,1,43,27,62,68,20,177,14,79,93,270
08/04/2002,TOL,OH,AGL,CE,Towers with Radar,4,64,35,13,116,0,4,27,0,31,4,68,62,13,147,42,36,78,225
08/05/2002,TOL,OH,AGL,CE,Towers with Radar,8,70,52,8,138,0,0,21,0,21,8,70,73,8,159,24,12,36,195
08/06/2002,TOL,OH,AGL,CE,Towers with Radar,56,77,90,22,245,0,2,49,0,51,56,79,139,22,296,71,20,91,387
08/07/2002,TOL,OH,AGL,CE,Towers with Radar,57,90,63,36,246,0,0,30,0,30,57,90,93,36,276,48,52,100,376
08/08/2002,TOL,OH,AGL,CE,Towers with Radar,55,77,58,15,205,0,2,46,2,50,55,79,104,17,255,60,8,68,323
08/09/2002,TOL,OH,AGL,CE,Towers with Radar,53,70,62,1,186,0,2,57,1,60,53,72,119,2,246,64,0,64,310
08/10/2002,TOL,OH,AGL,CE,Towers with Radar,45,43,39,1,128,0,0,44,0,44,45,43,83,1,172,50,0,50,222
08/11/2002,TOL,OH,AGL,CE,Towers with Radar,12,58,34,2,106,0,0,41,0,41,12,58,75,2,147,40,0,40,187
08/12/2002,TOL,OH,AGL,CE,Towers with Radar,20,58,82,23,183,0,3,23,0,26,20,61,105,23,209,78,36,114,323
08/13/2002,TOL,OH,AGL,CE,Towers with Radar,64,50,57,35,206,0,2,23,0,25,64,52,80,35,231,77,60,137,368
08/14/2002,TOL,OH,AGL,CE,Towers with Radar,70,50,76,37,233,0,5,14,0,19,70,55,90,37,252,56,24,80,332
08/15/2002,TOL,OH,AGL,CE,Towers with Radar,74,69,79,25,247,0,2,30,0,32,74,71,109,25,279,114,46,160,439
08/16/2002,TOL,OH,AGL,CE,Towers with Radar,46,78,57,1,182,0,2,19,2,23,46,80,76,3,205,106,0,106,311
08/17/2002,TOL,OH,AGL,CE,Towers with Radar,15,83,48,1,147,0,4,23,7,34,15,87,71,8,181,74,0,74,255
08/18/2002,TOL,OH,AGL,CE,Towers with Radar,7,65,54,3,129,0,0,28,0,28,7,65,82,3,157,60,0,60,217
08/19/2002,TOL,OH,AGL,CE,Towers with Radar,6,69,51,22,148,0,0,21,0,21,6,69,72,22,169,58,12,70,239
08/20/2002,TOL,OH,AGL,CE,Towers with Radar,43,83,76,16,218,1,0,49,0,50,44,83,125,16,268,82,26,108,376
08/21/2002,TOL,OH,AGL,CE,Towers with Radar,40,77,65,34,216,0,3,58,0,61,40,80,123,34,277,54,26,80,357
08/22/2002,TOL,OH,AGL,CE,Towers with Radar,46,75,54,10,185,0,1,17,0,18,46,76,71,10,203,28,22,50,253
08/23/2002,TOL,OH,AGL,CE,Towers with Radar,51,80,54,3,188,0,1,7,0,8,51,81,61,3,196,8,2,10,206
08/24/2002,TOL,OH,AGL,CE,Towers with Radar,30,54,43,2,129,0,1,26,0,27,30,55,69,2,156,26,0,26,182
08/25/2002,TOL,OH,AGL,CE,Towers with Radar,12,71,52,1,136,0,1,22,1,24,12,72,74,2,160,28,0,28,188
08/26/2002,TOL,OH,AGL,CE,Towers with Radar,32,66,68,2,168,0,1,54,0,55,32,67,122,2,223,109,0,109,332
08/27/2002,TOL,OH,AGL,CE,Towers with Radar,53,78,77,6,214,2,5,41,0,48,55,83,118,6,262,94,0,94,356
08/28/2002,TOL,OH,AGL,CE,Towers with Radar,53,94,83,7,237,0,3,29,0,32,53,97,112,7,269,94,14,108,377
08/29/2002,TOL,OH,AGL,CE,Towers with Radar,44,82,78,10,214,0,0,40,0,40,44,82,118,10,254,92,8,100,354
08/30/2002,TOL,OH,AGL,CE,Towers with Radar,51,85,76,3,215,0,2,48,6,56,51,87,124,9,271,48,4,52,323
08/31/2002,TOL,OH,AGL,CE,Towers with Radar,17,52,28,0,97,0,1,47,0,48,17,53,75,0,145,40,0,40,185
09/01/2002,TOL,OH,AGL,CE,Towers with Radar,26,32,26,1,85,0,4,63,0,67,26,36,89,1,152,52,0,52,204
09/02/2002,TOL,OH,AGL,CE,Towers with Radar,0,62,43,0,105,0,0,26,0,26,0,62,69,0,131,42,0,42,173
09/03/2002,TOL,OH,AGL,CE,Towers with Radar,17,63,72,8,160,0,1,19,0,20,17,64,91,8,180,66,28,94,274
09/04/2002,TOL,OH,AGL,CE,Towers with Radar,48,64,71,19,202,0,2,47,2,51,48,66,118,21,253,42,26,68,321
09/05/2002,TOL,OH,AGL,CE,Towers with Radar,57,69,63,12,201,0,1,40,1,42,57,70,103,13,243,44,515,559,802
09/06/2002,TOL,OH,AGL,CE,Towers with Radar,47,73,41,7,168,0,0,71,0,71,47,73,112,7,239,102,278,380,619
09/07/2002,TOL,OH,AGL,CE,Towers with Radar,15,63,16,6,100,0,0,8,0,8,15,63,24,6,108,60,18,78,186
09/08/2002,TOL,OH,AGL,CE,Towers with Radar,2,68,26,14,110,0,0,42,0,42,2,68,68,14,152,42,30,72,224
09/09/2002,TOL,OH,AGL,CE,Towers with Radar,6,79,63,10,158,0,0,51,2,53,6,79,114,12,211,60,6,66,277
09/10/2002,TOL,OH,AGL,CE,Towers with Radar,43,75,57,5,180,0,1,22,0,23,43,76,79,5,203,60,0,60,263
09/11/2002,TOL,OH,AGL,CE,Towers with Radar,60,64,76,4,204,0,2,31,0,33,60,66,107,4,237,74,0,74,311
09/12/2002,TOL,OH,AGL,CE,Towers with Radar,54,69,80,7,210,0,3,36,1,40,54,72,116,8,250,24,22,46,296
09/13/2002,TOL,OH,AGL,CE,Towers with Radar,41,76,47,0,164,0,1,38,0,39,41,77,85,0,203,62,0,62,265
09/14/2002,TOL,OH,AGL,CE,Towers with Radar,47,52,48,4,151,0,2,32,0,34,47,54,80,4,185,10,0,10,195
09/15/2002,TOL,OH,AGL,CE,Towers with Radar,32,48,45,2,127,0,0,4,0,4,32,48,49,2,131,30,0,30,161
09/16/2002,TOL,OH,AGL,CE,Towers with Radar,7,114,17,13,151,0,0,37,0,37,7,114,54,13,188,34,12,46,234
09/17/2002,TOL,OH,AGL,CE,Towers with Radar,43,92,57,11,203,0,2,53,0,55,43,94,110,11,258,90,42,132,390
09/18/2002,TOL,OH,AGL,CE,Towers with Radar,51,82,78,9,220,0,1,23,0,24,51,83,101,9,244,20,0,20,264
09/19/2002,TOL,OH,AGL,CE,Towers with Radar,53,73,86,7,219,0,0,17,0,17,53,73,103,7,236,52,8,60,296
09/20/2002,TOL,OH,AGL,CE,Towers with Radar,57,61,41,1,160,0,1,10,0,11,57,62,51,1,171,8,0,8,179
09/21/2002,TOL,OH,AGL,CE,Towers with Radar,19,79,54,0,152,0,0,33,0,33,19,79,87,0,185,75,0,75,260
09/22/2002,TOL,OH,AGL,CE,Towers with Radar,10,67,25,0,102,0,3,34,1,38,10,70,59,1,140,10,4,14,154
09/23/2002,TOL,OH,AGL,CE,Towers with Radar,5,82,70,9,166,0,0,66,0,66,5,82,136,9,232,52,14,66,298
09/24/2002,TOL,OH,AGL,CE,Towers with Radar,78,45,77,4,204,0,1,42,0,43,78,46,119,4,247,86,2,88,335
09/25/2002,TOL,OH,AGL,CE,Towers with Radar,58,71,73,4,206,0,3,32,0,35,58,74,105,4,241,114,2,116,357
09/26/2002,TOL,OH,AGL,CE,Towers with Radar,51,85,81,15,232,0,6,26,0,32,51,91,107,15,264,80,32,112,376
09/27/2002,TOL,OH,AGL,CE,Towers with Radar,55,69,79,0,203,0,1,11,0,12,55,70,90,0,215,58,0,58,273
09/28/2002,TOL,OH,AGL,CE,Towers with Radar,27,58,58,5,148,0,2,44,0,46,27,60,102,5,194,112,0,112,306
09/29/2002,TOL,OH,AGL,CE,Towers with Radar,5,67,42,3,117,0,1,34,0,35,5,68,76,3,152,48,0,48,200
09/30/2002,TOL,OH,AGL,CE,Towers with Radar,3,76,67,1,147,0,0,60,0,60,3,76,127,1,207,86,0,86,293
10/01/2002,TOL,OH,AGL,CE,Towers with Radar,80,54,67,4,205,0,1,30,0,31,80,55,97,4,236,50,6,56,292
10/02/2002,TOL,OH,AGL,CE,Towers with Radar,46,74,87,21,228,0,2,47,0,49,46,76,134,21,277,41,10,51,328
10/03/2002,TOL,OH,AGL,CE,Towers with Radar,58,69,92,5,224,0,0,1,0,1,58,69,93,5,225,22,0,22,247
10/04/2002,TOL,OH,AGL,CE,Towers with Radar,49,66,75,0,190,0,2,8,0,10,49,68,83,0,200,10,0,10,210
10/05/2002,TOL,OH,AGL,CE,Towers with Radar,17,71,14,13,115,0,0,32,0,32,17,71,46,13,147,34,0,34,181
10/06/2002,TOL,OH,AGL,CE,Towers with Radar,5,63,29,15,112,0,2,39,2,43,5,65,68,17,155,30,22,52,207
10/07/2002,TOL,OH,AGL,CE,Towers with Radar,11,74,57,10,152,0,0,33,1,34,11,74,90,11,186,68,36,104,290
10/08/2002,TOL,OH,AGL,CE,Towers with Radar,45,116,53,8,222,0,2,37,0,39,45,118,90,8,261,88,30,118,379
10/09/2002,TOL,OH,AGL,CE,Towers with Radar,47,80,82,7,216,0,5,39,2,46,47,85,121,9,262,80,20,100,362
10/10/2002,TOL,OH,AGL,CE,Towers with Radar,48,69,68,9,194,0,0,39,4,43,48,69,107,13,237,26,16,42,279
10/11/2002,TOL,OH,AGL,CE,Towers with Radar,50,76,58,3,187,0,0,26,0,26,50,76,84,3,213,20,0,20,233
10/12/2002,TOL,OH,AGL,CE,Towers with Radar,27,61,50,0,138,0,2,17,0,19,27,63,67,0,157,50,0,50,207
10/13/2002,TOL,OH,AGL,CE,Towers with Radar,7,66,31,0,104,0,0,12,0,12,7,66,43,0,116,37,0,37,153
10/14/2002,TOL,OH,AGL,CE,Towers with Radar,9,72,51,1,133,0,1,44,0,45,9,73,95,1,178,50,0,50,228
10/15/2002,TOL,OH,AGL,CE,Towers with Radar,47,80,66,3,196,0,6,56,0,62,47,86,122,3,258,44,10,54,312
10/16/2002,TOL,OH,AGL,CE,Towers with Radar,50,89,82,19,240,0,0,28,0,28,50,89,110,19,268,54,18,72,340
10/17/2002,TOL,OH,AGL,CE,Towers with Radar,49,92,57,12,210,0,2,25,1,28,49,94,82,13,238,20,0,20,258
10/18/2002,TOL,OH,AGL,CE,Towers with Radar,47,78,67,0,192,0,4,32,0,36,47,82,99,0,228,20,0,20,248
10/19/2002,TOL,OH,AGL,CE,Towers with Radar,29,60,33,0,122,0,1,19,0,20,29,61,52,0,142,48,0,48,190
10/20/2002,TOL,OH,AGL,CE,Towers with Radar,18,57,36,8,119,0,0,40,0,40,18,57,76,8,159,38,6,44,203
10/21/2002,TOL,OH,AGL,CE,Towers with Radar,14,67,91,10,182,0,3,32,1,36,14,70,123,11,218,48,30,78,296
10/22/2002,TOL,OH,AGL,CE,Towers with Radar,50,75,59,17,201,0,1,46,2,49,50,76,105,19,250,86,9,95,345
10/23/2002,TOL,OH,AGL,CE,Towers with Radar,57,68,86,9,220,0,0,18,0,18,57,68,104,9,238,19,14,33,271
10/24/2002,TOL,OH,AGL,CE,Towers with Radar,50,68,97,9,224,0,6,17,0,23,50,74,114,9,247,40,0,40,287
10/25/2002,TOL,OH,AGL,CE,Towers with Radar,51,56,66,0,173,0,1,9,0,10,51,57,75,0,183,50,0,50,233
10/26/2002,TOL,OH,AGL,CE,Towers with Radar,20,70,33,0,123,0,0,0,0,0,20,70,33,0,123,14,0,14,137
10/27/2002,TOL,OH,AGL,CE,Towers with Radar,8,61,49,0,118,0,0,30,0,30,8,61,79,0,148,36,0,36,184
10/28/2002,TOL,OH,AGL,CE,Towers with Radar,7,82,60,13,162,0,2,33,0,35,7,84,93,13,197,32,8,40,237
10/29/2002,TOL,OH,AGL,CE,Towers with Radar,66,64,48,0,178,0,2,11,0,13,66,66,59,0,191,22,0,22,213
10/30/2002,TOL,OH,AGL,CE,Towers with Radar,58,73,82,20,233,0,0,17,0,17,58,73,99,20,250,36,14,50,300
10/31/2002,TOL,OH,AGL,CE,Towers with Radar,45,75,94,9,223,0,4,48,0,52,45,79,142,9,275,48,0,48,323
11/01/2002,TOL,OH,AGL,CE,Towers with Radar,42,82,39,0,163,0,1,21,0,22,42,83,60,0,185,20,0,20,205
11/02/2002,TOL,OH,AGL,CE,Towers with Radar,28,57,23,8,116,0,4,43,0,47,28,61,66,8,163,34,22,56,219
11/03/2002,TOL,OH,AGL,CE,Towers with Radar,6,62,45,17,130,0,3,48,0,51,6,65,93,17,181,57,18,75,256
11/04/2002,TOL,OH,AGL,CE,Towers with Radar,8,75,69,28,180,0,3,41,0,44,8,78,110,28,224,28,20,48,272
11/05/2002,TOL,OH,AGL,CE,Towers with Radar,51,72,49,0,172,0,3,9,0,12,51,75,58,0,184,12,10,22,206
11/06/2002,TOL,OH,AGL,CE,Towers with Radar,45,76,75,11,207,0,0,10,1,11,45,76,85,12,218,54,0,54,272
11/07/2002,TOL,OH,AGL,CE,Towers with Radar,49,73,70,15,207,0,7,25,2,34,49,80,95,17,241,82,0,82,323
11/08/2002,TOL,OH,AGL,CE,Towers with Radar,50,62,46,7,165,0,2,28,0,30,50,64,74,7,195,30,8,38,233
11/09/2002,TOL,OH,AGL,CE,Towers with Radar,20,62,27,0,109,0,2,16,0,18,20,64,43,0,127,58,0,58,185
11/10/2002,TOL,OH,AGL,CE,Towers with Radar,11,49,14,1,75,0,0,2,0,2,11,49,16,1,77,0,0,0,77
11/11/2002,TOL,OH,AGL,CE,Towers with Radar,7,64,64,7,142,0,3,24,2,29,7,67,88,9,171,56,10,66,237
11/12/2002,TOL,OH,AGL,CE,Towers with Radar,47,75,64,13,199,0,1,26,0,27,47,76,90,13,226,93,64,157,383
11/13/2002,TOL,OH,AGL,CE,Towers with Radar,50,79,61,20,210,0,1,33,12,46,50,80,94,32,256,36,22,58,314
11/14/2002,TOL,OH,AGL,CE,Towers with Radar,50,71,53,16,190,0,3,22,0,25,50,74,75,16,215,8,10,18,233
11/15/2002,TOL,OH,AGL,CE,Towers with Radar,48,68,59,2,177,0,2,3,0,5,48,70,62,2,182,18,0,18,200
11/16/2002,TOL,OH,AGL,CE,Towers with Radar,28,57,13,0,98,0,3,11,0,14,28,60,24,0,112,14,0,14,126
11/17/2002,TOL,OH,AGL,CE,Towers with Radar,5,60,27,4,96,0,1,17,0,18,5,61,44,4,114,26,0,26,140
11/18/2002,TOL,OH,AGL,CE,Towers with Radar,22,64,79,33,198,0,0,27,0,27,22,64,106,33,225,34,26,60,285
11/19/2002,TOL,OH,AGL,CE,Towers with Radar,45,87,81,19,232,0,1,17,0,18,45,88,98,19,250,50,22,72,322
11/20/2002,TOL,OH,AGL,CE,Towers with Radar,56,77,61,13,207,0,0,37,0,37,56,77,98,13,244,82,28,110,354
11/21/2002,TOL,OH,AGL,CE,Towers with Radar,46,82,94,0,222,0,1,14,0,15,46,83,108,0,237,39,0,39,276
11/22/2002,TOL,OH,AGL,CE,Towers with Radar,42,68,61,3,174,0,0,18,0,18,42,68,79,3,192,18,0,18,210
11/23/2002,TOL,OH,AGL,CE,Towers with Radar,23,74,43,0,140,0,1,14,0,15,23,75,57,0,155,44,0,44,199
11/24/2002,TOL,OH,AGL,CE,Towers with Radar,6,74,48,0,128,0,3,30,0,33,6,77,78,0,161,40,0,40,201
11/25/2002,TOL,OH,AGL,CE,Towers with Radar,9,74,76,10,169,0,3,20,0,23,9,77,96,10,192,89,22,111,303
11/26/2002,TOL,OH,AGL,CE,Towers with Radar,48,74,75,16,213,0,1,19,2,22,48,75,94,18,235,62,18,80,315
11/27/2002,TOL,OH,AGL,CE,Towers with Radar,59,60,88,6,213,0,2,32,0,34,59,62,120,6,247,72,4,76,323
11/28/2002,TOL,OH,AGL,CE,Towers with Radar,52,37,20,0,109,0,3,10,0,13,52,40,30,0,122,38,0,38,160
11/29/2002,TOL,OH,AGL,CE,Towers with Radar,1,58,14,0,73,0,0,11,0,11,1,58,25,0,84,12,0,12,96
11/30/2002,TOL,OH,AGL,CE,Towers with Radar,20,56,27,0,103,0,0,3,0,3,20,56,30,0,106,8,0,8,114
12/01/2002,TOL,OH,AGL,CE,Towers with Radar,7,60,28,0,95,0,0,28,0,28,7,60,56,0,123,90,0,90,213
12/02/2002,TOL,OH,AGL,CE,Towers with Radar,7,66,56,1,130,0,4,12,0,16,7,70,68,1,146,20,0,20,166
12/03/2002,TOL,OH,AGL,CE,Towers with Radar,52,73,68,0,193,0,3,34,0,37,52,76,102,0,230,64,0,64,294
12/04/2002,TOL,OH,AGL,CE,Towers with Radar,57,64,55,9,185,0,1,17,1,19,57,65,72,10,204,39,6,45,249
12/05/2002,TOL,OH,AGL,CE,Towers with Radar,46,75,60,2,183,0,1,22,0,23,46,76,82,2,206,86,0,86,292
12/06/2002,TOL,OH,AGL,CE,Towers with Radar,44,73,86,0,203,0,2,30,0,32,44,75,116,0,235,54,0,54,289
12/07/2002,TOL,OH,AGL,CE,Towers with Radar,26,61,43,20,150,0,0,3,0,3,26,61,46,20,153,52,52,104,257
12/08/2002,TOL,OH,AGL,CE,Towers with Radar,15,56,21,0,92,0,2,17,0,19,15,58,38,0,111,24,0,24,135
12/09/2002,TOL,OH,AGL,CE,Towers with Radar,21,53,65,21,160,0,1,24,0,25,21,54,89,21,185,40,26,66,251
12/10/2002,TOL,OH,AGL,CE,Towers with Radar,56,67,63,9,195,0,4,52,0,56,56,71,115,9,251,88,52,140,391
12/11/2002,TOL,OH,AGL,CE,Towers with Radar,65,59,65,14,203,0,2,17,1,20,65,61,82,15,223,88,34,122,345
12/12/2002,TOL,OH,AGL,CE,Towers with Radar,56,73,87,8,224,0,0,10,0,10,56,73,97,8,234,28,0,28,262
12/13/2002,TOL,OH,AGL,CE,Towers with Radar,46,72,55,1,174,0,2,7,0,9,46,74,62,1,183,0,0,0,183
12/14/2002,TOL,OH,AGL,CE,Towers with Radar,29,53,12,0,94,0,0,9,0,9,29,53,21,0,103,4,0,4,107
12/15/2002,TOL,OH,AGL,CE,Towers with Radar,7,60,53,0,120,0,1,26,0,27,7,61,79,0,147,48,0,48,195
12/16/2002,TOL,OH,AGL,CE,Towers with Radar,17,58,58,12,145,0,3,40,2,45,17,61,98,14,190,48,48,96,286
12/17/2002,TOL,OH,AGL,CE,Towers with Radar,54,65,64,11,194,0,3,20,0,23,54,68,84,11,217,32,12,44,261
12/18/2002,TOL,OH,AGL,CE,Towers with Radar,50,66,70,6,192,0,0,7,0,7,50,66,77,6,199,40,10,50,249
12/19/2002,TOL,OH,AGL,CE,Towers with Radar,70,63,69,27,229,0,0,7,0,7,70,63,76,27,236,28,0,28,264
12/20/2002,TOL,OH,AGL,CE,Towers with Radar,53,68,61,16,198,0,2,30,0,32,53,70,91,16,230,20,38,58,288
12/21/2002,TOL,OH,AGL,CE,Towers with Radar,42,48,24,0,114,0,2,8,0,10,42,50,32,0,124,34,0,34,158
12/22/2002,TOL,OH,AGL,CE,Towers with Radar,7,68,15,0,90,0,0,13,0,13,7,68,28,0,103,20,0,20,123
12/23/2002,TOL,OH,AGL,CE,Towers with Radar,9,60,29,20,118,0,0,10,1,11,9,60,39,21,129,6,8,14,143
12/24/2002,TOL,OH,AGL,CE,Towers with Radar,50,51,11,0,112,0,0,8,0,8,50,51,19,0,120,32,0,32,152
12/25/2002,TOL,OH,AGL,CE,Towers with Radar,18,37,5,0,60,0,0,0,0,0,18,37,5,0,60,0,0,0,60
12/26/2002,TOL,OH,AGL,CE,Towers with Radar,28,53,20,0,101,0,0,9,0,9,28,53,29,0,110,2,0,2,112
12/27/2002,TOL,OH,AGL,CE,Towers with Radar,49,69,52,0,170,0,1,12,0,13,49,70,64,0,183,38,0,38,221
12/28/2002,TOL,OH,AGL,CE,Towers with Radar,27,54,17,0,98,0,2,5,0,7,27,56,22,0,105,0,0,0,105
12/29/2002,TOL,OH,AGL,CE,Towers with Radar,18,49,22,0,89,0,2,1,0,3,18,51,23,0,92,8,0,8,100
12/30/2002,TOL,OH,AGL,CE,Towers with Radar,19,55,21,10,105,0,2,1,0,3,19,57,22,10,108,0,0,0,108
12/31/2002,TOL,OH,AGL,CE,Towers with Radar,53,49,34,4,140,0,4,10,0,14,53,53,44,4,154,22,0,22,176
01/01/2003,TOL,OH,AGL,CE,Towers with Radar,15,42,7,0,64,0,0,0,0,0,15,42,7,0,64,8,0,8,72
01/02/2003,TOL,OH,AGL,CE,Towers with Radar,16,60,19,0,95,0,0,0,0,0,16,60,19,0,95,0,0,0,95
01/03/2003,TOL,OH,AGL,CE,Towers with Radar,49,58,33,0,140,0,2,7,0,9,49,60,40,0,149,12,0,12,161
01/04/2003,TOL,OH,AGL,CE,Towers with Radar,17,59,34,4,114,0,1,17,0,18,17,60,51,4,132,62,0,62,194
01/05/2003,TOL,OH,AGL,CE,Towers with Radar,18,47,16,7,88,0,0,0,0,0,18,47,16,7,88,20,0,20,108
01/06/2003,TOL,OH,AGL,CE,Towers with Radar,14,61,41,1,117,0,0,8,0,8,14,61,49,1,125,4,0,4,129
01/07/2003,TOL,OH,AGL,CE,Towers with Radar,61,67,51,0,179,0,2,8,3,13,61,69,59,3,192,12,0,12,204
01/08/2003,TOL,OH,AGL,CE,Towers with Radar,52,84,68,1,205,0,14,31,1,46,52,98,99,2,251,70,0,70,321
01/09/2003,TOL,OH,AGL,CE,Towers with Radar,45,67,63,0,175,1,15,48,0,64,46,82,111,0,239,64,0,64,303
01/10/2003,TOL,OH,AGL,CE,Towers with Radar,46,65,61,0,172,0,4,3,0,7,46,69,64,0,179,34,0,34,213
01/11/2003,TOL,OH,AGL,CE,Towers with Radar,21,49,31,0,101,0,1,13,0,14,21,50,44,0,115,51,0,51,166
01/12/2003,TOL,OH,AGL,CE,Towers with Radar,20,42,39,0,101,0,2,24,0,26,20,44,63,0,127,62,0,62,189
01/13/2003,TOL,OH,AGL,CE,Towers with Radar,24,53,66,0,143,0,4,22,0,26,24,57,88,0,169,72,0,72,241
01/14/2003,TOL,OH,AGL,CE,Towers with Radar,55,74,42,0,171,0,2,24,0,26,55,76,66,0,197,62,0,62,259
01/15/2003,TOL,OH,AGL,CE,Towers with Radar,48,66,60,0,174,0,21,26,1,48,48,87,86,1,222,40,0,40,262
01/16/2003,TOL,OH,AGL,CE,Towers with Radar,49,68,75,0,192,0,1,27,3,31,49,69,102,3,223,60,0,60,283
01/17/2003,TOL,OH,AGL,CE,Towers with Radar,45,73,43,0,161,0,17,23,0,40,45,90,66,0,201,42,0,42,243
01/18/2003,TOL,OH,AGL,CE,Towers with Radar,26,70,31,19,146,0,4,36,0,40,26,74,67,19,186,46,36,82,268
01/19/2003,TOL,OH,AGL,CE,Towers with Radar,5,57,45,0,107,0,4,10,0,14,5,61,55,0,121,42,0,42,163
01/20/2003,TOL,OH,AGL,CE,Towers with Radar,12,62,64,0,138,0,0,25,0,25,12,62,89,0,163,52,0,52,215
01/21/2003,TOL,OH,AGL,CE,Towers with Radar,55,86,80,18,239,0,7,64,0,71,55,93,144,18,310,78,36,114,424
01/22/2003,TOL,OH,AGL,CE,Towers with Radar,61,56,49,20,186,0,2,22,2,26,61,58,71,22,212,80,54,134,346
01/23/2003,TOL,OH,AGL,CE,Towers with Radar,48,80,50,6,184,0,3,19,2,24,48,83,69,8,208,26,0,26,234
01/24/2003,TOL,OH,AGL,CE,Towers with Radar,45,72,61,2,180,0,2,19,2,23,45,74,80,4,203,40,0,40,243
01/25/2003,TOL,OH,AGL,CE,Towers with Radar,23,61,51,37,172,0,3,27,0,30,23,64,78,37,202,46,12,58,260
01/26/2003,TOL,OH,AGL,CE,Towers with Radar,15,56,11,0,82,0,0,8,0,8,15,56,19,0,90,24,0,24,114
01/27/2003,TOL,OH,AGL,CE,Towers with Radar,10,65,47,6,128,0,0,33,0,33,10,65,80,6,161,40,0,40,201
01/28/2003,TOL,OH,AGL,CE,Towers with Radar,58,73,63,31,225,0,5,18,0,23,58,78,81,31,248,52,26,78,326
01/29/2003,TOL,OH,AGL,CE,Towers with Radar,54,94,90,24,262,0,7,43,0,50,54,101,133,24,312,63,32,95,407
01/30/2003,TOL,OH,AGL,CE,Towers with Radar,53,73,54,0,180,0,2,46,1,49,53,75,100,1,229,62,0,62,291
01/31/2003,TOL,OH,AGL,CE,Towers with Radar,51,64,39,0,154,0,8,5,0,13,51,72,44,0,167,6,0,6,173
02/01/2003,TOL,OH,AGL,CE,Towers with Radar,20,64,13,0,97,0,3,1,0,4,20,67,14,0,101,32,0,32,133
02/02/2003,TOL,OH,AGL,CE,Towers with Radar,1,68,16,3,88,0,0,2,0,2,1,68,18,3,90,18,0,18,108
02/03/2003,TOL,OH,AGL,CE,Towers with Radar,15,81,57,17,170,0,0,1,0,1,15,81,58,17,171,22,0,22,193
02/04/2003,TOL,OH,AGL,CE,Towers with Radar,53,90,57,2,202,0,2,5,0,7,53,92,62,2,209,32,0,32,241
02/05/2003,TOL,OH,AGL,CE,Towers with Radar,59,100,68,27,254,0,3,23,0,26,59,103,91,27,280,76,10,86,366
02/06/2003,TOL,OH,AGL,CE,Towers with Radar,49,68,51,0,168,0,1,12,0,13,49,69,63,0,181,28,0,28,209
02/07/2003,TOL,OH,AGL,CE,Towers with Radar,46,99,59,7,211,0,1,22,0,23,46,100,81,7,234,48,30,78,312
02/08/2003,TOL,OH,AGL,CE,Towers with Radar,17,56,18,30,121,0,2,9,0,11,17,58,27,30,132,14,28,42,174
02/09/2003,TOL,OH,AGL,CE,Towers with Radar,10,50,22,13,95,0,6,18,0,24,10,56,40,13,119,38,0,38,157
02/10/2003,TOL,OH,AGL,CE,Towers with Radar,15,88,66,0,169,0,2,14,0,16,15,90,80,0,185,10,0,10,195
02/11/2003,TOL,OH,AGL,CE,Towers with Radar,49,89,87,14,239,0,2,35,0,37,49,91,122,14,276,66,24,90,366
02/12/2003,TOL,OH,AGL,CE,Towers with Radar,52,84,59,24,219,0,12,14,0,26,52,96,73,24,245,28,0,28,273
02/13/2003,TOL,OH,AGL,CE,Towers with Radar,50,70,53,13,186,0,10,25,0,35,50,80,78,13,221,22,4,26,247
02/14/2003,TOL,OH,AGL,CE,Towers with Radar,47,80,46,0,173,0,2,27,0,29,47,82,73,0,202,48,0,48,250
02/15/2003,TOL,OH,AGL,CE,Towers with Radar,21,61,30,0,112,0,3,13,0,16,21,64,43,0,128,28,0,28,156
02/16/2003,TOL,OH,AGL,CE,Towers with Radar,5,52,18,0,75,0,4,0,0,4,5,56,18,0,79,0,0,0,79
02/17/2003,TOL,OH,AGL,CE,Towers with Radar,6,97,53,0,156,0,0,0,0,0,6,97,53,0,156,6,0,6,162
02/18/2003,TOL,OH,AGL,CE,Towers with Radar,48,95,52,0,195,0,19,9,0,28,48,114,61,0,223,28,0,28,251
02/19/2003,TOL,OH,AGL,CE,Towers with Radar,48,78,67,32,225,0,30,12,0,42,48,108,79,32,267,18,28,46,313
02/20/2003,TOL,OH,AGL,CE,Towers with Radar,51,64,46,25,186,0,1,51,5,57,51,65,97,30,243,38,10,48,291
02/21/2003,TOL,OH,AGL,CE,Towers with Radar,64,68,35,14,181,0,1,23,4,28,64,69,58,18,209,50,20,70,279
02/22/2003,TOL,OH,AGL,CE,Towers with Radar,22,47,5,0,74,0,0,0,0,0,22,47,5,0,74,0,0,0,74
02/23/2003,TOL,OH,AGL,CE,Towers with Radar,8,69,45,0,122,0,1,19,0,20,8,70,64,0,142,22,0,22,164
02/24/2003,TOL,OH,AGL,CE,Towers with Radar,7,75,55,0,137,0,11,5,0,16,7,86,60,0,153,21,0,21,174
02/25/2003,TOL,OH,AGL,CE,Towers with Radar,49,72,58,32,211,0,7,29,3,39,49,79,87,35,250,52,22,74,324
02/26/2003,TOL,OH,AGL,CE,Towers with Radar,53,88,54,15,210,0,3,25,7,35,53,91,79,22,245,18,0,18,263
02/27/2003,TOL,OH,AGL,CE,Towers with Radar,43,74,59,26,202,0,5,25,7,37,43,79,84,33,239,40,22,62,301
02/28/2003,TOL,OH,AGL,CE,Towers with Radar,48,84,50,3,185,0,2,31,4,37,48,86,81,7,222,64,0,64,286
03/01/2003,TOL,OH,AGL,CE,Towers with Radar,12,54,38,0,104,0,0,0,0,0,12,54,38,0,104,28,0,28,132
03/02/2003,TOL,OH,AGL,CE,Towers with Radar,13,60,40,0,113,0,0,7,0,7,13,60,47,0,120,26,0,26,146
03/03/2003,TOL,OH,AGL,CE,Towers with Radar,13,56,37,9,115,0,4,49,1,54,13,60,86,10,169,80,0,80,249
03/04/2003,TOL,OH,AGL,CE,Towers with Radar,50,83,62,8,203,0,1,26,0,27,50,84,88,8,230,51,2,53,283
03/05/2003,TOL,OH,AGL,CE,Towers with Radar,52,65,57,9,183,0,1,9,0,10,52,66,66,9,193,26,0,26,219
03/06/2003,TOL,OH,AGL,CE,Towers with Radar,53,67,59,17,196,0,2,25,2,29,53,69,84,19,225,110,16,126,351
03/07/2003,TOL,OH,AGL,CE,Towers with Radar,49,65,86,10,210,0,0,22,2,24,49,65,108,12,234,94,8,102,336
03/08/2003,TOL,OH,AGL,CE,Towers with Radar,19,63,25,7,114,0,0,13,0,13,19,63,38,7,127,70,18,88,215
03/09/2003,TOL,OH,AGL,CE,Towers with Radar,3,64,20,4,91,0,1,8,0,9,3,65,28,4,100,12,0,12,112
03/10/2003,TOL,OH,AGL,CE,Towers with Radar,13,62,67,14,156,0,1,22,0,23,13,63,89,14,179,16,13,29,208
03/11/2003,TOL,OH,AGL,CE,Towers with Radar,40,73,70,41,224,0,1,17,0,18,40,74,87,41,242,50,36,86,328
03/12/2003,TOL,OH,AGL,CE,Towers with Radar,39,94,53,21,207,0,1,20,3,24,39,95,73,24,231,14,4,18,249
03/13/2003,TOL,OH,AGL,CE,Towers with Radar,51,87,52,3,193,0,18,18,0,36,51,105,70,3,229,48,0,48,277
03/14/2003,TOL,OH,AGL,CE,Towers with Radar,47,90,46,0,183,0,7,86,2,95,47,97,132,2,278,108,0,108,386
03/15/2003,TOL,OH,AGL,CE,Towers with Radar,21,77,28,0,126,0,3,76,0,79,21,80,104,0,205,164,0,164,369
03/16/2003,TOL,OH,AGL,CE,Towers with Radar,7,65,58,0,130,0,2,54,0,56,7,67,112,0,186,92,2,94,280
03/17/2003,TOL,OH,AGL,CE,Towers with Radar,33,78,88,34,233,0,10,49,2,61,33,88,137,36,294,97,34,131,425
03/18/2003,TOL,OH,AGL,CE,Towers with Radar,47,76,44,8,175,0,0,1,0,1,47,76,45,8,176,38,6,44,220
03/19/2003,TOL,OH,AGL,CE,Towers with Radar,49,76,50,10,185,0,2,10,0,12,49,78,60,10,197,4,12,16,213
03/20/2003,TOL,OH,AGL,CE,Towers with Radar,67,86,70,13,236,0,7,17,1,25,67,93,87,14,261,78,10,88,349
03/21/2003,TOL,OH,AGL,CE,Towers with Radar,53,103,70,19,245,0,3,13,0,16,53,106,83,19,261,32,20,52,313
03/22/2003,TOL,OH,AGL,CE,Towers with Radar,34,41,51,0,126,0,0,26,0,26,34,41,77,0,152,48,0,48,200
03/23/2003,TOL,OH,AGL,CE,Towers with Radar,21,49,56,0,126,0,1,22,0,23,21,50,78,0,149,52,0,52,201
03/24/2003,TOL,OH,AGL,CE,Towers with Radar,26,64,62,20,172,0,3,33,0,36,26,67,95,20,208,70,32,102,310
03/25/2003,TOL,OH,AGL,CE,Towers with Radar,53,68,37,14,172,0,2,15,3,20,53,70,52,17,192,8,8,16,208
03/26/2003,TOL,OH,AGL,CE,Towers with Radar,48,66,79,12,205,0,3,49,5,57,48,69,128,17,262,76,64,140,402
03/27/2003,TOL,OH,AGL,CE,Towers with Radar,48,86,86,26,246,0,10,58,0,68,48,96,144,26,314,60,36,96,410
03/28/2003,TOL,OH,AGL,CE,Towers with Radar,61,55,32,0,148,0,1,7,0,8,61,56,39,0,156,32,0,32,188
03/29/2003,TOL,OH,AGL,CE,Towers with Radar,21,67,46,0,134,0,2,28,0,30,21,69,74,0,164,76,0,76,240
03/30/2003,TOL,OH,AGL,CE,Towers with Radar,9,77,46,0,132,0,8,24,0,32,9,85,70,0,164,64,0,64,228
03/31/2003,TOL,OH,AGL,CE,Towers with Radar,4,74,41,16,135,0,2,28,0,30,4,76,69,16,165,32,26,58,223
04/01/2003,TOL,OH,AGL,CE,Towers with Radar,52,73,48,20,193,0,2,19,1,22,52,75,67,21,215,48,34,82,297
04/02/2003,TOL,OH,AGL,CE,Towers with Radar,57,69,69,31,226,0,3,29,1,33,57,72,98,32,259,38,12,50,309
04/03/2003,TOL,OH,AGL,CE,Towers with Radar,55,64,69,18,206,0,0,4,0,4,55,64,73,18,210,54,30,84,294
04/04/2003,TOL,OH,AGL,CE,Towers with Radar,43,63,51,8,165,0,0,0,0,0,43,63,51,8,165,14,2,16,181
04/05/2003,TOL,OH,AGL,CE,Towers with Radar,35,43,26,38,142,0,1,8,0,9,35,44,34,38,151,48,16,64,215
04/06/2003,TOL,OH,AGL,CE,Towers with Radar,23,44,25,14,106,0,3,29,0,32,23,47,54,14,138,34,4,38,176
04/07/2003,TOL,OH,AGL,CE,Towers with Radar,20,48,37,0,105,0,2,0,0,2,20,50,37,0,107,14,0,14,121
04/08/2003,TOL,OH,AGL,CE,Towers with Radar,44,67,68,1,180,0,0,0,0,0,44,67,68,1,180,18,0,18,198
04/09/2003,TOL,OH,AGL,CE,Towers with Radar,48,85,64,13,210,0,2,22,1,25,48,87,86,14,235,0,0,0,235
04/10/2003,TOL,OH,AGL,CE,Towers with Radar,46,103,115,20,284,0,0,75,0,75,46,103,190,20,359,82,12,94,453
04/11/2003,TOL,OH,AGL,CE,Towers with Radar,40,69,102,0,211,0,1,68,1,70,40,70,170,1,281,101,0,101,382
04/12/2003,TOL,OH,AGL,CE,Towers with Radar,23,63,67,0,153,0,1,65,0,66,23,64,132,0,219,90,0,90,309
04/13/2003,TOL,OH,AGL,CE,Towers with Radar,10,67,69,15,161,0,5,61,0,66,10,72,130,15,227,74,28,102,329
04/14/2003,TOL,OH,AGL,CE,Towers with Radar,4,72,66,4,146,0,3,43,0,46,4,75,109,4,192,86,7,93,285
04/15/2003,TOL,OH,AGL,CE,Towers with Radar,41,68,45,3,157,0,2,21,1,24,41,70,66,4,181,8,2,10,191
04/16/2003,TOL,OH,AGL,CE,Towers with Radar,42,85,77,8,212,0,1,22,3,26,42,86,99,11,238,82,50,132,370
04/17/2003,TOL,OH,AGL,CE,Towers with Radar,41,72,47,16,176,0,1,15,0,16,41,73,62,16,192,64,22,86,278
04/18/2003,TOL,OH,AGL,CE,Towers with Radar,46,82,81,18,227,0,2,1,0,3,46,84,82,18,230,58,0,58,288
04/19/2003,TOL,OH,AGL,CE,Towers with Radar,19,51,34,0,104,0,1,23,0,24,19,52,57,0,128,44,0,44,172
04/20/2003,TOL,OH,AGL,CE,Towers with Radar,21,43,10,0,74,0,0,9,0,9,21,43,19,0,83,22,0,22,105
04/21/2003,TOL,OH,AGL,CE,Towers with Radar,11,63,65,12,151,0,2,10,0,12,11,65,75,12,163,42,0,42,205
04/22/2003,TOL,OH,AGL,CE,Towers with Radar,47,63,60,21,191,0,2,18,2,22,47,65,78,23,213,62,12,74,287
04/23/2003,TOL,OH,AGL,CE,Towers with Radar,45,64,63,36,208,0,1,31,2,34,45,65,94,38,242,68,80,148,390
04/24/2003,TOL,OH,AGL,CE,Towers with Radar,41,81,94,35,251,0,3,53,5,61,41,84,147,40,312,82,46,128,440
04/25/2003,TOL,OH,AGL,CE,Towers with Radar,57,67,65,0,189,0,3,16,0,19,57,70,81,0,208,66,0,66,274
04/26/2003,TOL,OH,AGL,CE,Towers with Radar,24,68,48,8,148,0,2,44,0,46,24,70,92,8,194,80,32,112,306
04/27/2003,TOL,OH,AGL,CE,Towers with Radar,2,62,24,0,88,0,0,21,0,21,2,62,45,0,109,14,0,14,123
04/28/2003,TOL,OH,AGL,CE,Towers with Radar,0,64,37,34,135,0,0,23,0,23,0,64,60,34,158,42,31,73,231
04/29/2003,TOL,OH,AGL,CE,Towers with Radar,51,52,71,21,195,1,0,15,0,16,52,52,86,21,211,80,12,92,303
04/30/2003,TOL,OH,AGL,CE,Towers with Radar,34,68,62,27,191,0,0,16,0,16,34,68,78,27,207,98,30,128,335
05/01/2003,TOL,OH,AGL,CE,Towers with Radar,44,73,63,17,197,0,3,11,3,17,44,76,74,20,214,54,74,128,342
05/02/2003,TOL,OH,AGL,CE,Towers with Radar,45,91,63,0,199,0,0,2,0,2,45,91,65,0,201,36,0,36,237
05/03/2003,TOL,OH,AGL,CE,Towers with Radar,17,62,48,33,160,0,0,21,3,24,17,62,69,36,184,68,36,104,288
05/04/2003,TOL,OH,AGL,CE,Towers with Radar,0,71,26,25,122,0,0,28,1,29,0,71,54,26,151,22,24,46,197
05/05/2003,TOL,OH,AGL,CE,Towers with Radar,5,84,33,13,135,0,10,9,0,19,5,94,42,13,154,24,15,39,193
05/06/2003,TOL,OH,AGL,CE,Towers with Radar,49,74,54,33,210,0,0,20,0,20,49,74,74,33,230,28,34,62,292
05/07/2003,TOL,OH,AGL,CE,Towers with Radar,47,78,43,16,184,0,0,7,0,7,47,78,50,16,191,29,0,29,220
05/08/2003,TOL,OH,AGL,CE,Towers with Radar,43,100,87,31,261,0,0,4,0,4,43,100,91,31,265,6,0,6,271
05/09/2003,TOL,OH,AGL,CE,Towers with Radar,33,80,58,0,171,0,0,12,0,12,33,80,70,0,183,40,0,40,223
05/10/2003,TOL,OH,AGL,CE,Towers with Radar,22,74,28,0,124,0,3,5,0,8,22,77,33,0,132,46,0,46,178
05/11/2003,TOL,OH,AGL,CE,Towers with Radar,5,87,31,0,123,0,0,7,0,7,5,87,38,0,130,20,0,20,150
05/12/2003,TOL,OH,AGL,CE,Towers with Radar,8,89,66,0,163,0,0,5,0,5,8,89,71,0,168,34,0,34,202
05/13/2003,TOL,OH,AGL,CE,Towers with Radar,46,87,71,35,239,0,5,52,1,58,46,92,123,36,297,74,38,112,409
05/14/2003,TOL,OH,AGL,CE,Towers with Radar,42,99,77,52,270,0,5,36,0,41,42,104,113,52,311,68,66,134,445
05/15/2003,TOL,OH,AGL,CE,Towers with Radar,40,87,83,11,221,2,1,7,0,10,42,88,90,11,231,34,8,42,273
05/16/2003,TOL,OH,AGL,CE,Towers with Radar,45,77,102,0,224,0,3,18,0,21,45,80,120,0,245,28,0,28,273
05/17/2003,TOL,OH,AGL,CE,Towers with Radar,23,70,62,5,160,0,0,37,4,41,23,70,99,9,201,98,8,106,307
05/18/2003,TOL,OH,AGL,CE,Towers with Radar,7,77,70,0,154,0,1,22,1,24,7,78,92,1,178,78,0,78,256
05/19/2003,TOL,OH,AGL,CE,Towers with Radar,7,74,76,18,175,0,1,20,0,21,7,75,96,18,196,22,8,30,226
05/20/2003,TOL,OH,AGL,CE,Towers with Radar,44,81,55,5,185,0,1,10,0,11,44,82,65,5,196,54,0,54,250
05/21/2003,TOL,OH,AGL,CE,Towers with Radar,44,73,49,14,180,0,0,42,2,44,44,73,91,16,224,52,74,126,350
05/22/2003,TOL,OH,AGL,CE,Towers with Radar,42,76,81,30,229,0,3,45,0,48,42,79,126,30,277,88,50,138,415
05/23/2003,TOL,OH,AGL,CE,Towers with Radar,40,73,48,0,161,0,3,35,0,38,40,76,83,0,199,64,0,64,263
05/24/2003,TOL,OH,AGL,CE,Towers with Radar,7,54,30,0,91,0,5,13,0,18,7,59,43,0,109,22,0,22,131
05/25/2003,TOL,OH,AGL,CE,Towers with Radar,18,37,36,0,91,0,1,7,0,8,18,38,43,0,99,32,0,32,131
05/26/2003,TOL,OH,AGL,CE,Towers with Radar,6,59,29,6,100,0,2,24,4,30,6,61,53,10,130,66,21,87,217
05/27/2003,TOL,OH,AGL,CE,Towers with Radar,6,76,64,20,166,0,1,33,1,35,6,77,97,21,201,69,54,123,324
05/28/2003,TOL,OH,AGL,CE,Towers with Radar,58,58,82,13,211,0,3,28,0,31,58,61,110,13,242,42,12,54,296
05/29/2003,TOL,OH,AGL,CE,Towers with Radar,44,83,60,20,207,0,1,33,23,57,44,84,93,43,264,44,36,80,344
05/30/2003,TOL,OH,AGL,CE,Towers with Radar,47,105,80,8,240,0,3,53,1,57,47,108,133,9,297,78,12,90,387
05/31/2003,TOL,OH,AGL,CE,Towers with Radar,22,98,38,0,158,0,0,5,0,5,22,98,43,0,163,82,0,82,245
06/01/2003,TOL,OH,AGL,CE,Towers with Radar,6,89,84,0,179,0,2,94,0,96,6,91,178,0,275,70,0,70,345
06/02/2003,TOL,OH,AGL,CE,Towers with Radar,6,96,69,28,199,0,2,61,0,63,6,98,130,28,262,128,46,174,436
06/03/2003,TOL,OH,AGL,CE,Towers with Radar,43,103,102,30,278,0,1,18,0,19,43,104,120,30,297,68,12,80,377
06/04/2003,TOL,OH,AGL,CE,Towers with Radar,43,94,109,26,272,0,0,0,0,0,43,94,109,26,272,68,0,68,340
06/05/2003,TOL,OH,AGL,CE,Towers with Radar,44,99,112,20,275,0,3,40,1,44,44,102,152,21,319,90,34,124,443
06/06/2003,TOL,OH,AGL,CE,Towers with Radar,44,91,116,1,252,0,4,96,6,106,44,95,212,7,358,134,14,148,506
06/07/2003,TOL,OH,AGL,CE,Towers with Radar,19,71,33,26,149,0,2,23,11,36,19,73,56,37,185,72,20,92,277
06/08/2003,TOL,OH,AGL,CE,Towers with Radar,9,63,33,11,116,0,2,4,0,6,9,65,37,11,122,28,9,37,159
06/09/2003,TOL,OH,AGL,CE,Towers with Radar,4,92,80,34,210,0,0,48,0,48,4,92,128,34,258,82,70,152,410
06/10/2003,TOL,OH,AGL,CE,Towers with Radar,42,159,67,50,318,0,77,37,1,115,42,236,104,51,433,90,90,180,613
06/11/2003,TOL,OH,AGL,CE,Towers with Radar,53,74,70,12,209,0,3,10,0,13,53,77,80,12,222,42,36,78,300
06/12/2003,TOL,OH,AGL,CE,Towers with Radar,50,66,80,1,197,0,0,1,0,1,50,66,81,1,198,30,0,30,228
06/13/2003,TOL,OH,AGL,CE,Towers with Radar,50,80,78,1,209,0,0,9,0,9,50,80,87,1,218,82,0,82,300
06/14/2003,TOL,OH,AGL,CE,Towers with Radar,33,49,41,1,124,0,0,17,0,17,33,49,58,1,141,59,0,59,200
06/15/2003,TOL,OH,AGL,CE,Towers with Radar,7,61,49,1,118,0,0,34,2,36,7,61,83,3,154,14,0,14,168
06/16/2003,TOL,OH,AGL,CE,Towers with Radar,6,73,59,15,153,0,7,45,0,52,6,80,104,15,205,80,44,124,329
06/17/2003,TOL,OH,AGL,CE,Towers with Radar,46,76,78,9,209,0,3,11,0,14,46,79,89,9,223,34,0,34,257
06/18/2003,TOL,OH,AGL,CE,Towers with Radar,44,80,76,22,222,0,1,15,1,17,44,81,91,23,239,98,26,124,363
06/19/2003,TOL,OH,AGL,CE,Towers with Radar,41,83,59,18,201,0,1,25,8,34,41,84,84,26,235,84,64,148,383
06/20/2003,TOL,OH,AGL,CE,Towers with Radar,47,69,63,1,180,0,2,47,0,49,47,71,110,1,229,96,0,96,325
06/21/2003,TOL,OH,AGL,CE,Towers with Radar,22,66,41,0,129,0,2,57,0,59,22,68,98,0,188,82,0,82,270
06/22/2003,TOL,OH,AGL,CE,Towers with Radar,9,73,49,1,132,0,3,23,0,26,9,76,72,1,158,64,0,64,222
06/23/2003,TOL,OH,AGL,CE,Towers with Radar,19,75,90,14,198,0,2,34,2,38,19,77,124,16,236,82,0,82,318
06/24/2003,TOL,OH,AGL,CE,Towers with Radar,59,73,63,39,234,0,0,37,2,39,59,73,100,41,273,70,24,94,367
06/25/2003,TOL,OH,AGL,CE,Towers with Radar,41,106,55,16,218,1,9,32,0,42,42,115,87,16,260,12,12,24,284
06/26/2003,TOL,OH,AGL,CE,Towers with Radar,62,67,83,18,230,0,3,16,0,19,62,70,99,18,249,46,26,72,321
06/27/2003,TOL,OH,AGL,CE,Towers with Radar,41,91,71,4,207,0,2,53,0,55,41,93,124,4,262,92,0,92,354
06/28/2003,TOL,OH,AGL,CE,Towers with Radar,18,69,31,0,118,0,13,31,0,44,18,82,62,0,162,40,0,40,202
06/29/2003,TOL,OH,AGL,CE,Towers with Radar,3,105,42,0,150,0,4,15,0,19,3,109,57,0,169,62,0,62,231
06/30/2003,TOL,OH,AGL,CE,Towers with Radar,5,74,60,13,152,0,1,29,5,35,5,75,89,18,187,88,38,126,313
07/01/2003,TOL,OH,AGL,CE,Towers with Radar,43,72,73,14,202,0,0,54,0,54,43,72,127,14,256,74,40,114,370
07/02/2003,TOL,OH,AGL,CE,Towers with Radar,44,78,97,19,238,0,3,42,0,45,44,81,139,19,283,54,50,104,387
07/03/2003,TOL,OH,AGL,CE,Towers with Radar,58,57,48,2,165,0,2,41,8,51,58,59,89,10,216,115,0,115,331
07/04/2003,TOL,OH,AGL,CE,Towers with Radar,10,54,10,0,74,0,1,27,0,28,10,55,37,0,102,52,0,52,154
07/05/2003,TOL,OH,AGL,CE,Towers with Radar,9,47,10,1,67,0,4,20,16,40,9,51,30,17,107,10,0,10,117
07/06/2003,TOL,OH,AGL,CE,Towers with Radar,34,39,36,0,109,0,0,17,0,17,34,39,53,0,126,26,0,26,152
07/07/2003,TOL,OH,AGL,CE,Towers with Radar,11,97,61,15,184,0,23,15,0,38,11,120,76,15,222,42,14,56,278
07/08/2003,TOL,OH,AGL,CE,Towers with Radar,47,64,55,25,191,0,0,19,0,19,47,64,74,25,210,56,0,56,266
07/09/2003,TOL,OH,AGL,CE,Towers with Radar,58,58,63,25,204,0,0,4,0,4,58,58,67,25,208,66,12,78,286
07/10/2003,TOL,OH,AGL,CE,Towers with Radar,41,77,48,5,171,0,0,9,0,9,41,77,57,5,180,84,0,84,264
07/11/2003,TOL,OH,AGL,CE,Towers with Radar,44,83,88,0,215,0,2,15,0,17,44,85,103,0,232,30,0,30,262
07/12/2003,TOL,OH,AGL,CE,Towers with Radar,18,60,35,0,113,0,4,41,10,55,18,64,76,10,168,58,0,58,226
07/13/2003,TOL,OH,AGL,CE,Towers with Radar,4,65,50,2,121,0,2,61,0,63,4,67,111,2,184,160,2,162,346
07/14/2003,TOL,OH,AGL,CE,Towers with Radar,23,63,82,27,195,0,25,33,0,58,23,88,115,27,253,78,31,109,362
07/15/2003,TOL,OH,AGL,CE,Towers with Radar,62,61,44,25,192,0,2,14,0,16,62,63,58,25,208,62,10,72,280
07/16/2003,TOL,OH,AGL,CE,Towers with Radar,58,64,79,23,224,0,4,65,2,71,58,68,144,25,295,106,60,166,461
07/17/2003,TOL,OH,AGL,CE,Towers with Radar,49,92,74,27,242,0,3,64,0,67,49,95,138,27,309,80,40,120,429
07/18/2003,TOL,OH,AGL,CE,Towers with Radar,36,85,98,3,222,0,3,50,3,56,36,88,148,6,278,48,0,48,326
07/19/2003,TOL,OH,AGL,CE,Towers with Radar,24,64,21,1,110,2,1,48,0,51,26,65,69,1,161,70,0,70,231
07/20/2003,TOL,OH,AGL,CE,Towers with Radar,5,77,66,2,150,0,8,36,0,44,5,85,102,2,194,56,0,56,250
07/21/2003,TOL,OH,AGL,CE,Towers with Radar,7,88,74,32,201,0,5,15,0,20,7,93,89,32,221,39,62,101,322
07/22/2003,TOL,OH,AGL,CE,Towers with Radar,52,96,80,34,262,0,0,12,0,12,52,96,92,34,274,48,48,96,370
07/23/2003,TOL,OH,AGL,CE,Towers with Radar,42,96,138,28,304,0,5,34,0,39,42,101,172,28,343,58,42,100,443
07/24/2003,TOL,OH,AGL,CE,Towers with Radar,46,75,66,9,196,0,2,37,0,39,46,77,103,9,235,94,42,136,371
07/25/2003,TOL,OH,AGL,CE,Towers with Radar,47,68,39,0,154,0,4,89,1,94,47,72,128,1,248,74,0,74,322
07/26/2003,TOL,OH,AGL,CE,Towers with Radar,20,62,18,1,101,0,4,36,1,41,20,66,54,2,142,70,0,70,212
07/27/2003,TOL,OH,AGL,CE,Towers with Radar,6,92,97,0,195,0,0,32,0,32,6,92,129,0,227,72,0,72,299
07/28/2003,TOL,OH,AGL,CE,Towers with Radar,7,97,103,45,252,0,2,48,0,50,7,99,151,45,302,70,64,134,436
07/29/2003,TOL,OH,AGL,CE,Towers with Radar,45,70,63,26,204,0,0,38,0,38,45,70,101,26,242,70,44,114,356
07/30/2003,TOL,OH,AGL,CE,Towers with Radar,43,101,97,18,259,0,0,51,0,51,43,101,148,18,310,102,32,134,444
07/31/2003,TOL,OH,AGL,CE,Towers with Radar,49,73,78,0,200,0,0,18,0,18,49,73,96,0,218,62,0,62,280
08/01/2003,TOL,OH,AGL,CE,Towers with Radar,42,79,94,0,215,0,0,23,0,23,42,79,117,0,238,86,0,86,324
08/02/2003,TOL,OH,AGL,CE,Towers with Radar,20,58,37,0,115,0,0,5,0,5,20,58,42,0,120,16,0,16,136
08/03/2003,TOL,OH,AGL,CE,Towers with Radar,7,69,42,2,120,0,0,17,0,17,7,69,59,2,137,41,0,41,178
08/04/2003,TOL,OH,AGL,CE,Towers with Radar,0,81,46,13,140,0,0,6,0,6,0,81,52,13,146,4,0,4,150
08/05/2003,TOL,OH,AGL,CE,Towers with Radar,44,97,63,0,204,0,1,22,0,23,44,98,85,0,227,24,0,24,251
08/06/2003,TOL,OH,AGL,CE,Towers with Radar,28,116,83,2,229,0,0,43,2,45,28,116,126,4,274,78,0,78,352
08/07/2003,TOL,OH,AGL,CE,Towers with Radar,44,80,59,13,196,0,1,44,0,45,44,81,103,13,241,85,20,105,346
08/08/2003,TOL,OH,AGL,CE,Towers with Radar,45,96,103,21,265,0,3,30,0,33,45,99,133,21,298,58,26,84,382
08/09/2003,TOL,OH,AGL,CE,Towers with Radar,19,82,45,1,147,0,4,43,2,49,19,86,88,3,196,18,0,18,214
08/10/2003,TOL,OH,AGL,CE,Towers with Radar,29,66,40,0,135,0,2,14,0,16,29,68,54,0,151,70,0,70,221
08/11/2003,TOL,OH,AGL,CE,Towers with Radar,5,99,88,11,203,0,2,45,0,47,5,101,133,11,250,80,36,116,366
08/12/2003,TOL,OH,AGL,CE,Towers with Radar,53,76,67,18,214,0,0,18,0,18,53,76,85,18,232,76,36,112,344
08/13/2003,TOL,OH,AGL,CE,Towers with Radar,52,93,90,38,273,0,2,34,2,38,52,95,124,40,311,70,42,112,423
08/14/2003,TOL,OH,AGL,CE,Towers with Radar,51,78,65,28,222,0,0,26,1,27,51,78,91,29,249,28,39,67,316
08/15/2003,TOL,OH,AGL,CE,Towers with Radar,65,71,52,1,189,0,3,4,0,7,65,74,56,1,196,22,0,22,218
08/16/2003,TOL,OH,AGL,CE,Towers with Radar,21,58,38,7,124,0,5,13,0,18,21,63,51,7,142,78,10,88,230
08/17/2003,TOL,OH,AGL,CE,Towers with Radar,11,67,41,2,121,0,5,38,0,43,11,72,79,2,164,138,0,138,302
08/18/2003,TOL,OH,AGL,CE,Towers with Radar,25,60,52,14,151,0,0,38,2,40,25,60,90,16,191,82,12,94,285
08/19/2003,TOL,OH,AGL,CE,Towers with Radar,49,81,70,13,213,0,3,43,0,46,49,84,113,13,259,118,16,134,393
08/20/2003,TOL,OH,AGL,CE,Towers with Radar,42,84,48,30,204,5,8,43,2,58,47,92,91,32,262,90,0,90,352
08/21/2003,TOL,OH,AGL,CE,Towers with Radar,63,78,60,48,249,0,1,8,2,11,63,79,68,50,260,38,78,116,376
08/22/2003,TOL,OH,AGL,CE,Towers with Radar,41,71,81,3,196,0,0,24,1,25,41,71,105,4,221,16,0,16,237
08/23/2003,TOL,OH,AGL,CE,Towers with Radar,22,83,56,8,169,0,3,84,0,87,22,86,140,8,256,78,0,78,334
08/24/2003,TOL,OH,AGL,CE,Towers with Radar,8,95,66,0,169,0,6,67,0,73,8,101,133,0,242,91,0,91,333
08/25/2003,TOL,OH,AGL,CE,Towers with Radar,7,95,71,25,198,0,1,59,2,62,7,96,130,27,260,69,56,125,385
08/26/2003,TOL,OH,AGL,CE,Towers with Radar,49,79,61,28,217,0,5,10,0,15,49,84,71,28,232,116,48,164,396
08/27/2003,TOL,OH,AGL,CE,Towers with Radar,51,73,97,25,246,0,2,48,1,51,51,75,145,26,297,86,23,109,406
08/28/2003,TOL,OH,AGL,CE,Towers with Radar,48,99,94,32,273,0,6,81,0,87,48,105,175,32,360,75,38,113,473
08/29/2003,TOL,OH,AGL,CE,Towers with Radar,56,74,60,0,190,0,1,21,1,23,56,75,81,1,213,12,0,12,225
08/30/2003,TOL,OH,AGL,CE,Towers with Radar,31,65,47,0,143,0,3,60,0,63,31,68,107,0,206,70,0,70,276
08/31/2003,TOL,OH,AGL,CE,Towers with Radar,10,54,44,0,108,0,2,14,0,16,10,56,58,0,124,28,0,28,152
09/01/2003,TOL,OH,AGL,CE,Towers with Radar,8,78,58,0,144,0,0,0,0,0,8,78,58,0,144,4,0,4,148
09/02/2003,TOL,OH,AGL,CE,Towers with Radar,13,100,78,40,231,0,5,25,2,32,13,105,103,42,263,70,44,114,377
09/03/2003,TOL,OH,AGL,CE,Towers with Radar,52,74,63,26,215,0,5,21,0,26,52,79,84,26,241,120,42,162,403
09/04/2003,TOL,OH,AGL,CE,Towers with Radar,61,64,50,22,197,0,0,30,0,30,61,64,80,22,227,74,28,102,329
09/05/2003,TOL,OH,AGL,CE,Towers with Radar,46,88,76,0,210,0,2,54,0,56,46,90,130,0,266,12,0,12,278
09/06/2003,TOL,OH,AGL,CE,Towers with Radar,17,75,29,3,124,0,0,22,0,22,17,75,51,3,146,78,20,98,244
09/07/2003,TOL,OH,AGL,CE,Towers with Radar,13,75,58,0,146,0,3,65,0,68,13,78,123,0,214,116,0,116,330
09/08/2003,TOL,OH,AGL,CE,Towers with Radar,12,103,102,21,238,0,2,35,0,37,12,105,137,21,275,95,40,135,410
09/09/2003,TOL,OH,AGL,CE,Towers with Radar,56,93,90,24,263,0,18,40,0,58,56,111,130,24,321,132,24,156,477
09/10/2003,TOL,OH,AGL,CE,Towers with Radar,49,76,93,13,231,0,3,9,0,12,49,79,102,13,243,70,14,84,327
09/11/2003,TOL,OH,AGL,CE,Towers with Radar,51,74,60,17,202,0,1,32,1,34,51,75,92,18,236,60,34,94,330
09/12/2003,TOL,OH,AGL,CE,Towers with Radar,46,87,43,3,179,0,0,42,1,43,46,87,85,4,222,66,6,72,294
09/13/2003,TOL,OH,AGL,CE,Towers with Radar,20,54,37,3,114,0,1,45,1,47,20,55,82,4,161,78,22,100,261
09/14/2003,TOL,OH,AGL,CE,Towers with Radar,8,80,53,36,177,0,6,23,0,29,8,86,76,36,206,74,56,130,336
09/15/2003,TOL,OH,AGL,CE,Towers with Radar,12,108,57,44,221,0,3,30,4,37,12,111,87,48,258,106,56,162,420
09/16/2003,TOL,OH,AGL,CE,Towers with Radar,48,78,46,20,192,0,0,31,0,31,48,78,77,20,223,60,8,68,291
09/17/2003,TOL,OH,AGL,CE,Towers with Radar,46,69,61,61,237,0,0,50,1,51,46,69,111,62,288,122,84,206,494
09/18/2003,TOL,OH,AGL,CE,Towers with Radar,47,99,85,31,262,0,0,79,2,81,47,99,164,33,343,107,68,175,518
09/19/2003,TOL,OH,AGL,CE,Towers with Radar,51,81,55,5,192,1,0,15,0,16,52,81,70,5,208,16,0,16,224
09/20/2003,TOL,OH,AGL,CE,Towers with Radar,21,65,32,0,118,0,3,41,0,44,21,68,73,0,162,112,0,112,274
09/21/2003,TOL,OH,AGL,CE,Towers with Radar,7,81,75,0,163,0,0,55,0,55,7,81,130,0,218,40,0,40,258
09/22/2003,TOL,OH,AGL,CE,Towers with Radar,8,107,79,0,194,0,0,3,0,3,8,107,82,0,197,74,0,74,271
09/23/2003,TOL,OH,AGL,CE,Towers with Radar,56,110,112,34,312,0,3,46,0,49,56,113,158,34,361,92,52,144,505
09/24/2003,TOL,OH,AGL,CE,Towers with Radar,42,76,65,41,224,0,2,14,0,16,42,78,79,41,240,70,24,94,334
09/25/2003,TOL,OH,AGL,CE,Towers with Radar,40,109,126,39,314,0,4,44,0,48,40,113,170,39,362,116,68,184,546
09/26/2003,TOL,OH,AGL,CE,Towers with Radar,54,87,64,3,208,0,0,23,0,23,54,87,87,3,231,58,0,58,289
09/27/2003,TOL,OH,AGL,CE,Towers with Radar,20,68,30,0,118,0,2,20,0,22,20,70,50,0,140,66,0,66,206
09/28/2003,TOL,OH,AGL,CE,Towers with Radar,9,76,64,0,149,0,2,28,0,30,9,78,92,0,179,56,0,56,235
09/29/2003,TOL,OH,AGL,CE,Towers with Radar,5,86,73,1,165,0,3,7,3,13,5,89,80,4,178,76,8,84,262
09/30/2003,TOL,OH,AGL,CE,Towers with Radar,53,87,71,1,212,0,0,37,0,37,53,87,108,1,249,74,0,74,323
10/01/2003,TOL,OH,AGL,CE,Towers with Radar,48,98,78,63,287,0,1,40,0,41,48,99,118,63,328,76,62,138,466
10/02/2003,TOL,OH,AGL,CE,Towers with Radar,46,77,60,15,198,0,1,36,0,37,46,78,96,15,235,84,14,98,333
10/03/2003,TOL,OH,AGL,CE,Towers with Radar,49,80,48,0,177,0,3,5,0,8,49,83,53,0,185,76,0,76,261
10/04/2003,TOL,OH,AGL,CE,Towers with Radar,26,58,18,9,111,0,2,20,1,23,26,60,38,10,134,44,6,50,184
10/05/2003,TOL,OH,AGL,CE,Towers with Radar,5,75,59,8,147,0,2,44,0,46,5,77,103,8,193,144,40,184,377
10/06/2003,TOL,OH,AGL,CE,Towers with Radar,8,80,41,15,144,0,6,64,11,81,8,86,105,26,225,61,38,99,324
10/07/2003,TOL,OH,AGL,CE,Towers with Radar,49,73,37,16,175,0,5,55,0,60,49,78,92,16,235,62,51,113,348
10/08/2003,TOL,OH,AGL,CE,Towers with Radar,44,73,57,17,191,0,54,2,0,56,44,127,59,17,247,65,10,75,322
10/09/2003,TOL,OH,AGL,CE,Towers with Radar,45,109,111,49,314,0,1,62,0,63,45,110,173,49,377,106,58,164,541
10/10/2003,TOL,OH,AGL,CE,Towers with Radar,55,97,87,0,239,0,1,28,0,29,55,98,115,0,268,60,0,60,328
10/11/2003,TOL,OH,AGL,CE,Towers with Radar,23,60,32,2,117,0,1,31,0,32,23,61,63,2,149,54,0,54,203
10/12/2003,TOL,OH,AGL,CE,Towers with Radar,6,70,29,0,105,0,2,46,0,48,6,72,75,0,153,44,0,44,197
10/13/2003,TOL,OH,AGL,CE,Towers with Radar,9,98,104,1,212,0,3,81,0,84,9,101,185,1,296,82,0,82,378
10/14/2003,TOL,OH,AGL,CE,Towers with Radar,59,60,56,2,177,0,0,6,0,6,59,60,62,2,183,42,0,42,225
10/15/2003,TOL,OH,AGL,CE,Towers with Radar,42,84,54,19,199,0,1,41,4,46,42,85,95,23,245,74,20,94,339
10/16/2003,TOL,OH,AGL,CE,Towers with Radar,46,91,111,16,264,0,2,52,4,58,46,93,163,20,322,46,0,46,368
10/17/2003,TOL,OH,AGL,CE,Towers with Radar,50,108,104,12,274,0,1,62,4,67,50,109,166,16,341,122,22,144,485
10/18/2003,TOL,OH,AGL,CE,Towers with Radar,22,87,75,12,196,0,3,75,0,78,22,90,150,12,274,122,26,148,422
10/19/2003,TOL,OH,AGL,CE,Towers with Radar,9,88,51,2,150,0,4,74,0,78,9,92,125,2,228,128,8,136,364
10/20/2003,TOL,OH,AGL,CE,Towers with Radar,31,87,102,17,237,11,0,56,0,67,42,87,158,17,304,92,16,108,412
10/21/2003,TOL,OH,AGL,CE,Towers with Radar,72,75,72,7,226,0,2,17,0,19,72,77,89,7,245,94,10,104,349
10/22/2003,TOL,OH,AGL,CE,Towers with Radar,48,86,66,6,206,0,1,18,0,19,48,87,84,6,225,49,6,55,280
10/23/2003,TOL,OH,AGL,CE,Towers with Radar,41,86,74,8,209,0,1,47,0,48,41,87,121,8,257,89,10,99,356
10/24/2003,TOL,OH,AGL,CE,Towers with Radar,52,93,61,0,206,0,3,71,0,74,52,96,132,0,280,78,0,78,358
10/25/2003,TOL,OH,AGL,CE,Towers with Radar,21,84,59,0,164,0,5,33,0,38,21,89,92,0,202,84,0,84,286
10/26/2003,TOL,OH,AGL,CE,Towers with Radar,9,89,73,9,180,0,3,40,0,43,9,92,113,9,223,36,14,50,273
10/27/2003,TOL,OH,AGL,CE,Towers with Radar,17,77,82,7,183,0,1,32,0,33,17,78,114,7,216,98,2,100,316
10/28/2003,TOL,OH,AGL,CE,Towers with Radar,60,63,58,5,186,0,2,9,0,11,60,65,67,5,197,24,0,24,221
10/29/2003,TOL,OH,AGL,CE,Towers with Radar,51,69,62,7,189,0,2,28,0,30,51,71,90,7,219,50,26,76,295
10/30/2003,TOL,OH,AGL,CE,Towers with Radar,53,89,123,4,269,0,0,64,0,64,53,89,187,4,333,79,4,83,416
10/31/2003,TOL,OH,AGL,CE,Towers with Radar,55,97,91,0,243,0,5,53,0,58,55,102,144,0,301,68,0,68,369
11/01/2003,TOL,OH,AGL,CE,Towers with Radar,28,85,51,14,178,0,6,20,0,26,28,91,71,14,204,58,24,82,286
11/02/2003,TOL,OH,AGL,CE,Towers with Radar,6,86,47,22,161,0,0,4,0,4,6,86,51,22,165,10,18,28,193
11/03/2003,TOL,OH,AGL,CE,Towers with Radar,25,59,59,17,160,0,0,0,0,0,25,59,59,17,160,52,6,58,218
11/04/2003,TOL,OH,AGL,CE,Towers with Radar,49,76,65,6,196,0,1,40,1,42,49,77,105,7,238,70,2,72,310
11/05/2003,TOL,OH,AGL,CE,Towers with Radar,51,79,70,23,223,0,3,9,0,12,51,82,79,23,235,22,12,34,269
11/06/2003,TOL,OH,AGL,CE,Towers with Radar,47,81,94,14,236,0,0,17,0,17,47,81,111,14,253,60,22,82,335
11/07/2003,TOL,OH,AGL,CE,Towers with Radar,51,95,83,0,229,0,2,60,0,62,51,97,143,0,291,78,0,78,369
11/08/2003,TOL,OH,AGL,CE,Towers with Radar,37,51,67,1,156,0,3,32,0,35,37,54,99,1,191,136,0,136,327
11/09/2003,TOL,OH,AGL,CE,Towers with Radar,5,76,52,2,135,0,4,43,0,47,5,80,95,2,182,84,0,84,266
11/10/2003,TOL,OH,AGL,CE,Towers with Radar,13,76,54,14,157,0,2,65,2,69,13,78,119,16,226,78,16,94,320
11/11/2003,TOL,OH,AGL,CE,Towers with Radar,53,75,63,0,191,0,3,5,0,8,53,78,68,0,199,20,0,20,219
11/12/2003,TOL,OH,AGL,CE,Towers with Radar,54,65,61,2,182,0,0,10,0,10,54,65,71,2,192,4,0,4,196
11/13/2003,TOL,OH,AGL,CE,Towers with Radar,54,73,47,0,174,0,1,11,0,12,54,74,58,0,186,46,0,46,232
11/14/2003,TOL,OH,AGL,CE,Towers with Radar,49,69,61,0,179,0,1,37,2,40,49,70,98,2,219,52,0,52,271
11/15/2003,TOL,OH,AGL,CE,Towers with Radar,24,64,42,0,130,0,1,1,0,2,24,65,43,0,132,34,0,34,166
11/16/2003,TOL,OH,AGL,CE,Towers with Radar,8,88,41,0,137,0,0,0,0,0,8,88,41,0,137,14,0,14,151
11/17/2003,TOL,OH,AGL,CE,Towers with Radar,8,104,117,14,243,0,3,24,0,27,8,107,141,14,270,95,24,119,389
11/18/2003,TOL,OH,AGL,CE,Towers with Radar,55,91,69,10,225,0,3,4,0,7,55,94,73,10,232,34,0,34,266
11/19/2003,TOL,OH,AGL,CE,Towers with Radar,52,75,82,15,224,0,2,8,4,14,52,77,90,19,238,90,22,112,350
11/20/2003,TOL,OH,AGL,CE,Towers with Radar,38,94,81,21,234,0,2,48,0,50,38,96,129,21,284,108,40,148,432
11/21/2003,TOL,OH,AGL,CE,Towers with Radar,56,80,71,1,208,0,1,41,0,42,56,81,112,1,250,54,1,55,305
11/22/2003,TOL,OH,AGL,CE,Towers with Radar,18,66,45,3,132,0,1,30,2,33,18,67,75,5,165,70,14,84,249
11/23/2003,TOL,OH,AGL,CE,Towers with Radar,7,75,32,1,115,0,4,31,0,35,7,79,63,1,150,51,0,51,201
11/24/2003,TOL,OH,AGL,CE,Towers with Radar,12,75,46,2,135,0,3,9,0,12,12,78,55,2,147,8,0,8,155
11/25/2003,TOL,OH,AGL,CE,Towers with Radar,53,79,52,28,212,0,4,20,2,26,53,83,72,30,238,114,46,160,398
11/26/2003,TOL,OH,AGL,CE,Towers with Radar,70,67,59,10,206,0,3,20,0,23,70,70,79,10,229,36,8,44,273
11/27/2003,TOL,OH,AGL,CE,Towers with Radar,61,39,8,0,108,0,0,1,0,1,61,39,9,0,109,0,0,0,109
11/28/2003,TOL,OH,AGL,CE,Towers with Radar,3,58,10,0,71,0,0,2,0,2,3,58,12,0,73,10,0,10,83
11/29/2003,TOL,OH,AGL,CE,Towers with Radar,30,56,31,0,117,0,2,10,0,12,30,58,41,0,129,16,0,16,145
11/30/2003,TOL,OH,AGL,CE,Towers with Radar,4,94,45,0,143,0,2,11,0,13,4,96,56,0,156,22,0,22,178
12/01/2003,TOL,OH,AGL,CE,Towers with Radar,18,75,52,12,157,0,1,18,0,19,18,76,70,12,176,36,2,38,214
12/02/2003,TOL,OH,AGL,CE,Towers with Radar,71,62,81,50,264,0,1,34,0,35,71,63,115,50,299,80,64,144,443
12/03/2003,TOL,OH,AGL,CE,Towers with Radar,64,62,68,18,212,0,2,28,0,30,64,64,96,18,242,52,28,80,322
12/04/2003,TOL,OH,AGL,CE,Towers with Radar,60,59,50,33,202,0,0,26,0,26,60,59,76,33,228,30,26,56,284
12/05/2003,TOL,OH,AGL,CE,Towers with Radar,62,68,48,0,178,0,0,0,0,0,62,68,48,0,178,4,0,4,182
12/06/2003,TOL,OH,AGL,CE,Towers with Radar,22,69,25,14,130,0,0,16,0,16,22,69,41,14,146,18,6,24,170
12/07/2003,TOL,OH,AGL,CE,Towers with Radar,13,71,46,1,131,0,0,32,0,32,13,71,78,1,163,77,0,77,240
12/08/2003,TOL,OH,AGL,CE,Towers with Radar,17,68,76,12,173,0,0,41,0,41,17,68,117,12,214,40,12,52,266
12/09/2003,TOL,OH,AGL,CE,Towers with Radar,47,86,60,29,222,0,0,7,0,7,47,86,67,29,229,8,1,9,238
12/10/2003,TOL,OH,AGL,CE,Towers with Radar,44,93,64,2,203,0,0,1,0,1,44,93,65,2,204,26,0,26,230
12/11/2003,TOL,OH,AGL,CE,Towers with Radar,46,85,65,11,207,0,5,22,0,27,46,90,87,11,234,14,0,14,248
12/12/2003,TOL,OH,AGL,CE,Towers with Radar,56,78,56,0,190,0,3,19,1,23,56,81,75,1,213,38,0,38,251
12/13/2003,TOL,OH,AGL,CE,Towers with Radar,25,66,45,1,137,0,0,18,0,18,25,66,63,1,155,32,6,38,193
12/14/2003,TOL,OH,AGL,CE,Towers with Radar,24,48,28,1,101,0,1,2,0,3,24,49,30,1,104,6,0,6,110
12/15/2003,TOL,OH,AGL,CE,Towers with Radar,26,62,53,22,163,0,2,4,0,6,26,64,57,22,169,36,6,42,211
12/16/2003,TOL,OH,AGL,CE,Towers with Radar,62,67,36,25,190,0,3,6,0,9,62,70,42,25,199,28,12,40,239
12/17/2003,TOL,OH,AGL,CE,Towers with Radar,40,85,49,29,203,0,1,12,0,13,40,86,61,29,216,16,16,32,248
12/18/2003,TOL,OH,AGL,CE,Towers with Radar,51,84,69,8,212,0,1,25,0,26,51,85,94,8,238,72,10,82,320
12/19/2003,TOL,OH,AGL,CE,Towers with Radar,73,74,50,5,202,0,3,4,0,7,73,77,54,5,209,48,0,48,257
12/20/2003,TOL,OH,AGL,CE,Towers with Radar,23,78,40,1,142,0,5,34,0,39,23,83,74,1,181,68,0,68,249
12/21/2003,TOL,OH,AGL,CE,Towers with Radar,3,79,21,0,103,0,2,16,0,18,3,81,37,0,121,34,0,34,155
12/22/2003,TOL,OH,AGL,CE,Towers with Radar,25,61,57,16,159,0,1,22,0,23,25,62,79,16,182,73,34,107,289
12/23/2003,TOL,OH,AGL,CE,Towers with Radar,68,62,24,0,154,0,0,0,0,0,68,62,24,0,154,4,0,4,158
12/24/2003,TOL,OH,AGL,CE,Towers with Radar,48,69,14,0,131,0,1,2,0,3,48,70,16,0,134,4,0,4,138
12/25/2003,TOL,OH,AGL,CE,Towers with Radar,9,59,6,0,74,0,0,0,0,0,9,59,6,0,74,0,0,0,74
12/26/2003,TOL,OH,AGL,CE,Towers with Radar,8,84,33,0,125,0,4,32,0,36,8,88,65,0,161,24,0,24,185
12/27/2003,TOL,OH,AGL,CE,Towers with Radar,15,67,29,0,111,0,0,27,0,27,15,67,56,0,138,30,0,30,168
12/28/2003,TOL,OH,AGL,CE,Towers with Radar,5,64,31,0,100,0,4,25,0,29,5,68,56,0,129,34,0,34,163
12/29/2003,TOL,OH,AGL,CE,Towers with Radar,8,69,32,11,120,0,0,2,0,2,8,69,34,11,122,11,4,15,137
12/30/2003,TOL,OH,AGL,CE,Towers with Radar,46,74,29,6,155,0,0,18,0,18,46,74,47,6,173,10,16,26,199
12/31/2003,TOL,OH,AGL,CE,Towers with Radar,45,64,12,4,125,0,2,20,2,24,45,66,32,6,149,16,4,20,169
01/01/2004,TOL,OH,AGL,CE,Towers with Radar,13,57,15,0,85,0,1,15,0,16,13,58,30,0,101,20,0,20,121
01/02/2004,TOL,OH,AGL,CE,Towers with Radar,7,71,28,1,107,0,0,2,0,2,7,71,30,1,109,28,0,28,137
01/03/2004,TOL,OH,AGL,CE,Towers with Radar,19,61,44,0,124,0,1,23,0,24,19,62,67,0,148,66,0,66,214
01/04/2004,TOL,OH,AGL,CE,Towers with Radar,8,65,13,0,86,0,1,3,0,4,8,66,16,0,90,0,0,0,90
01/05/2004,TOL,OH,AGL,CE,Towers with Radar,5,69,26,0,100,0,3,5,0,8,5,72,31,0,108,4,0,4,112
01/06/2004,TOL,OH,AGL,CE,Towers with Radar,51,74,43,17,185,0,1,13,1,15,51,75,56,18,200,36,16,52,252
01/07/2004,TOL,OH,AGL,CE,Towers with Radar,49,60,48,13,170,0,1,18,0,19,49,61,66,13,189,40,30,70,259
01/08/2004,TOL,OH,AGL,CE,Towers with Radar,47,68,54,15,184,0,3,17,0,20,47,71,71,15,204,58,14,72,276
01/09/2004,TOL,OH,AGL,CE,Towers with Radar,40,71,56,0,167,0,4,24,0,28,40,75,80,0,195,72,0,72,267
01/10/2004,TOL,OH,AGL,CE,Towers with Radar,19,56,34,2,111,0,1,19,1,21,19,57,53,3,132,68,10,78,210
01/11/2004,TOL,OH,AGL,CE,Towers with Radar,26,50,22,0,98,0,1,17,0,18,26,51,39,0,116,54,0,54,170
01/12/2004,TOL,OH,AGL,CE,Towers with Radar,28,49,37,14,128,0,2,10,0,12,28,51,47,14,140,32,0,32,172
01/13/2004,TOL,OH,AGL,CE,Towers with Radar,64,58,68,18,208,0,1,14,0,15,64,59,82,18,223,60,37,97,320
01/14/2004,TOL,OH,AGL,CE,Towers with Radar,44,68,36,0,148,0,0,11,0,11,44,68,47,0,159,22,0,22,181
01/15/2004,TOL,OH,AGL,CE,Towers with Radar,66,53,42,0,161,0,0,21,0,21,66,53,63,0,182,50,0,50,232
01/16/2004,TOL,OH,AGL,CE,Towers with Radar,49,72,42,1,164,0,0,22,0,22,49,72,64,1,186,26,0,26,212
01/17/2004,TOL,OH,AGL,CE,Towers with Radar,14,50,10,0,74,0,0,0,0,0,14,50,10,0,74,8,0,8,82
01/18/2004,TOL,OH,AGL,CE,Towers with Radar,25,48,46,0,119,0,1,11,0,12,25,49,57,0,131,22,0,22,153
01/19/2004,TOL,OH,AGL,CE,Towers with Radar,29,55,28,1,113,0,1,15,1,17,29,56,43,2,130,6,0,6,136
01/20/2004,TOL,OH,AGL,CE,Towers with Radar,66,60,46,10,182,0,2,28,0,30,66,62,74,10,212,72,14,86,298
01/21/2004,TOL,OH,AGL,CE,Towers with Radar,63,61,26,13,163,0,1,20,0,21,63,62,46,13,184,24,2,26,210
01/22/2004,TOL,OH,AGL,CE,Towers with Radar,60,66,30,24,180,0,1,6,0,7,60,67,36,24,187,37,6,43,230
01/23/2004,TOL,OH,AGL,CE,Towers with Radar,41,71,56,3,171,0,0,2,0,2,41,71,58,3,173,42,0,42,215
01/24/2004,TOL,OH,AGL,CE,Towers with Radar,34,50,30,0,114,0,5,21,0,26,34,55,51,0,140,30,0,30,170
01/25/2004,TOL,OH,AGL,CE,Towers with Radar,2,62,16,0,80,0,3,11,0,14,2,65,27,0,94,29,0,29,123
01/26/2004,TOL,OH,AGL,CE,Towers with Radar,24,53,20,0,97,0,0,0,0,0,24,53,20,0,97,1,0,1,98
01/27/2004,TOL,OH,AGL,CE,Towers with Radar,49,51,25,0,125,0,0,3,0,3,49,51,28,0,128,0,0,0,128
01/28/2004,TOL,OH,AGL,CE,Towers with Radar,60,64,66,2,192,0,1,5,0,6,60,65,71,2,198,18,0,18,216
01/29/2004,TOL,OH,AGL,CE,Towers with Radar,63,57,76,2,198,0,2,5,0,7,63,59,81,2,205,42,0,42,247
01/30/2004,TOL,OH,AGL,CE,Towers with Radar,51,74,53,3,181,0,0,8,0,8,51,74,61,3,189,26,0,26,215
01/31/2004,TOL,OH,AGL,CE,Towers with Radar,18,72,33,0,123,0,0,6,0,6,18,72,39,0,129,24,0,24,153
02/01/2004,TOL,OH,AGL,CE,Towers with Radar,4,70,14,0,88,0,2,16,0,18,4,72,30,0,106,8,0,8,114
02/02/2004,TOL,OH,AGL,CE,Towers with Radar,9,69,45,3,126,0,2,13,0,15,9,71,58,3,141,42,14,56,197
02/03/2004,TOL,OH,AGL,CE,Towers with Radar,61,61,33,0,155,0,1,1,0,2,61,62,34,0,157,32,0,32,189
02/04/2004,TOL,OH,AGL,CE,Towers with Radar,48,75,62,18,203,0,1,33,3,37,48,76,95,21,240,84,10,94,334
02/05/2004,TOL,OH,AGL,CE,Towers with Radar,40,70,62,1,173,0,4,13,0,17,40,74,75,1,190,48,4,52,242
02/06/2004,TOL,OH,AGL,CE,Towers with Radar,42,67,37,0,146,0,1,4,0,5,42,68,41,0,151,8,0,8,159
02/07/2004,TOL,OH,AGL,CE,Towers with Radar,18,64,45,16,143,3,2,22,0,27,21,66,67,16,170,40,6,46,216
02/08/2004,TOL,OH,AGL,CE,Towers with Radar,3,66,52,25,146,0,5,29,0,34,3,71,81,25,180,72,10,82,262
02/09/2004,TOL,OH,AGL,CE,Towers with Radar,29,55,46,18,148,0,2,16,0,18,29,57,62,18,166,54,22,76,242
02/10/2004,TOL,OH,AGL,CE,Towers with Radar,41,80,72,12,205,0,0,10,0,10,41,80,82,12,215,30,10,40,255
02/11/2004,TOL,OH,AGL,CE,Towers with Radar,45,80,76,15,216,0,1,46,0,47,45,81,122,15,263,48,6,54,317
02/12/2004,TOL,OH,AGL,CE,Towers with Radar,63,58,66,22,209,0,1,14,0,15,63,59,80,22,224,72,6,78,302
02/13/2004,TOL,OH,AGL,CE,Towers with Radar,45,80,40,0,165,0,1,6,1,8,45,81,46,1,173,10,0,10,183
02/14/2004,TOL,OH,AGL,CE,Towers with Radar,19,62,49,0,130,0,2,45,0,47,19,64,94,0,177,70,0,70,247
02/15/2004,TOL,OH,AGL,CE,Towers with Radar,27,47,34,0,108,0,1,32,0,33,27,48,66,0,141,44,0,44,185
02/16/2004,TOL,OH,AGL,CE,Towers with Radar,14,82,46,0,142,0,0,21,0,21,14,82,67,0,163,58,0,58,221
02/17/2004,TOL,OH,AGL,CE,Towers with Radar,47,76,70,19,212,0,0,18,0,18,47,76,88,19,230,32,12,44,274
02/18/2004,TOL,OH,AGL,CE,Towers with Radar,46,72,53,6,177,0,2,19,4,25,46,74,72,10,202,31,12,43,245
02/19/2004,TOL,OH,AGL,CE,Towers with Radar,45,74,59,12,190,0,2,29,0,31,45,76,88,12,221,30,0,30,251
02/20/2004,TOL,OH,AGL,CE,Towers with Radar,43,73,46,0,162,0,2,8,0,10,43,75,54,0,172,12,0,12,184
02/21/2004,TOL,OH,AGL,CE,Towers with Radar,36,49,30,2,117,0,3,6,0,9,36,52,36,2,126,22,1,23,149
02/22/2004,TOL,OH,AGL,CE,Towers with Radar,40,51,65,7,163,0,1,31,2,34,40,52,96,9,197,84,0,84,281
02/23/2004,TOL,OH,AGL,CE,Towers with Radar,7,72,49,2,130,0,3,18,0,21,7,75,67,2,151,62,0,62,213
02/24/2004,TOL,OH,AGL,CE,Towers with Radar,56,72,80,2,210,0,0,10,0,10,56,72,90,2,220,77,4,81,301
02/25/2004,TOL,OH,AGL,CE,Towers with Radar,69,62,79,8,218,0,0,45,0,45,69,62,124,8,263,44,6,50,313
02/26/2004,TOL,OH,AGL,CE,Towers with Radar,45,73,82,11,211,0,2,37,4,43,45,75,119,15,254,64,8,72,326
02/27/2004,TOL,OH,AGL,CE,Towers with Radar,51,67,62,2,182,0,3,56,0,59,51,70,118,2,241,82,0,82,323
02/28/2004,TOL,OH,AGL,CE,Towers with Radar,37,49,75,5,166,0,4,61,1,66,37,53,136,6,232,110,18,128,360
02/29/2004,TOL,OH,AGL,CE,Towers with Radar,22,53,44,0,119,0,0,38,0,38,22,53,82,0,157,34,0,34,191
03/01/2004,TOL,OH,AGL,CE,Towers with Radar,23,61,42,0,126,0,2,11,0,13,23,63,53,0,139,62,0,62,201
03/02/2004,TOL,OH,AGL,CE,Towers with Radar,61,60,28,7,156,0,1,7,0,8,61,61,35,7,164,8,8,16,180
03/03/2004,TOL,OH,AGL,CE,Towers with Radar,50,69,57,12,188,0,4,20,4,28,50,73,77,16,216,62,14,76,292
03/04/2004,TOL,OH,AGL,CE,Towers with Radar,51,73,61,2,187,0,0,5,0,5,51,73,66,2,192,48,0,48,240
03/05/2004,TOL,OH,AGL,CE,Towers with Radar,64,72,36,0,172,0,0,4,0,4,64,72,40,0,176,12,0,12,188
03/06/2004,TOL,OH,AGL,CE,Towers with Radar,26,59,78,0,163,0,2,12,2,16,26,61,90,2,179,44,0,44,223
03/07/2004,TOL,OH,AGL,CE,Towers with Radar,10,62,34,30,136,0,1,11,0,12,10,63,45,30,148,20,8,28,176
03/08/2004,TOL,OH,AGL,CE,Towers with Radar,23,66,53,20,162,0,0,4,0,4,23,66,57,20,166,54,18,72,238
03/09/2004,TOL,OH,AGL,CE,Towers with Radar,57,64,51,10,182,0,1,13,0,14,57,65,64,10,196,22,14,36,232
03/10/2004,TOL,OH,AGL,CE,Towers with Radar,49,71,80,17,217,0,1,23,1,25,49,72,103,18,242,72,32,104,346
03/11/2004,TOL,OH,AGL,CE,Towers with Radar,53,71,33,11,168,0,2,4,0,6,53,73,37,11,174,48,6,54,228
03/12/2004,TOL,OH,AGL,CE,Towers with Radar,45,74,40,0,159,0,0,15,0,15,45,74,55,0,174,56,0,56,230
03/13/2004,TOL,OH,AGL,CE,Towers with Radar,19,68,66,0,153,0,4,47,4,55,19,72,113,4,208,82,0,82,290
03/14/2004,TOL,OH,AGL,CE,Towers with Radar,8,65,21,0,94,0,3,4,0,7,8,68,25,0,101,4,0,4,105
03/15/2004,TOL,OH,AGL,CE,Towers with Radar,18,76,56,12,162,0,0,30,0,30,18,76,86,12,192,42,46,88,280
03/16/2004,TOL,OH,AGL,CE,Towers with Radar,43,70,22,0,135,0,0,0,0,0,43,70,22,0,135,0,0,0,135
03/17/2004,TOL,OH,AGL,CE,Towers with Radar,47,73,48,4,172,0,3,4,0,7,47,76,52,4,179,8,0,8,187
03/18/2004,TOL,OH,AGL,CE,Towers with Radar,74,69,30,16,189,0,0,5,0,5,74,69,35,16,194,22,0,22,216
03/19/2004,TOL,OH,AGL,CE,Towers with Radar,48,78,58,1,185,0,2,23,0,25,48,80,81,1,210,38,0,38,248
03/20/2004,TOL,OH,AGL,CE,Towers with Radar,20,62,29,0,111,0,1,7,0,8,20,63,36,0,119,30,0,30,149
03/21/2004,TOL,OH,AGL,CE,Towers with Radar,9,63,30,0,102,0,3,13,0,16,9,66,43,0,118,22,0,22,140
03/22/2004,TOL,OH,AGL,CE,Towers with Radar,13,62,77,16,168,0,1,25,0,26,13,63,102,16,194,66,26,92,286
03/23/2004,TOL,OH,AGL,CE,Towers with Radar,49,68,90,21,228,0,1,29,1,31,49,69,119,22,259,62,8,70,329
03/24/2004,TOL,OH,AGL,CE,Towers with Radar,56,73,61,7,197,0,1,9,0,10,56,74,70,7,207,36,8,44,251
03/25/2004,TOL,OH,AGL,CE,Towers with Radar,40,77,60,16,193,0,13,42,0,55,40,90,102,16,248,62,0,62,310
03/26/2004,TOL,OH,AGL,CE,Towers with Radar,49,70,74,0,193,0,3,5,0,8,49,73,79,0,201,36,0,36,237
03/27/2004,TOL,OH,AGL,CE,Towers with Radar,26,57,51,0,134,0,0,11,2,13,26,57,62,2,147,34,0,34,181
03/28/2004,TOL,OH,AGL,CE,Towers with Radar,11,58,51,0,120,0,1,7,0,8,11,59,58,0,128,29,0,29,157
03/29/2004,TOL,OH,AGL,CE,Towers with Radar,13,69,70,11,163,0,1,10,0,11,13,70,80,11,174,22,10,32,206
03/30/2004,TOL,OH,AGL,CE,Towers with Radar,46,76,76,11,209,0,1,1,0,2,46,77,77,11,211,18,0,18,229
03/31/2004,TOL,OH,AGL,CE,Towers with Radar,65,75,53,16,209,0,1,25,0,26,65,76,78,16,235,34,6,40,275
04/01/2004,TOL,OH,AGL,CE,Towers with Radar,45,78,79,14,216,0,0,5,0,5,45,78,84,14,221,62,16,78,299
04/02/2004,TOL,OH,AGL,CE,Towers with Radar,52,71,58,2,183,0,0,29,2,31,52,71,87,4,214,48,0,48,262
04/03/2004,TOL,OH,AGL,CE,Towers with Radar,23,61,54,0,138,0,1,33,0,34,23,62,87,0,172,61,0,61,233
04/04/2004,TOL,OH,AGL,CE,Towers with Radar,9,69,24,2,104,0,0,8,0,8,9,69,32,2,112,26,0,26,138
04/05/2004,TOL,OH,AGL,CE,Towers with Radar,13,69,52,12,146,0,1,34,6,41,13,70,86,18,187,58,18,76,263
04/06/2004,TOL,OH,AGL,CE,Towers with Radar,42,73,42,15,172,0,1,33,0,34,42,74,75,15,206,94,58,152,358
04/07/2004,TOL,OH,AGL,CE,Towers with Radar,47,87,71,14,219,1,3,23,0,27,48,90,94,14,246,70,20,90,336
04/08/2004,TOL,OH,AGL,CE,Towers with Radar,45,89,56,19,209,0,4,14,0,18,45,93,70,19,227,42,20,62,289
04/09/2004,TOL,OH,AGL,CE,Towers with Radar,43,81,52,6,182,0,8,28,0,36,43,89,80,6,218,46,0,46,264
04/10/2004,TOL,OH,AGL,CE,Towers with Radar,19,61,43,0,123,2,2,21,0,25,21,63,64,0,148,50,0,50,198
04/11/2004,TOL,OH,AGL,CE,Towers with Radar,2,71,30,0,103,0,1,8,0,9,2,72,38,0,112,6,0,6,118
04/12/2004,TOL,OH,AGL,CE,Towers with Radar,4,85,37,0,126,0,0,3,0,3,4,85,40,0,129,4,0,4,133
04/13/2004,TOL,OH,AGL,CE,Towers with Radar,52,81,35,9,177,0,1,3,0,4,52,82,38,9,181,2,0,2,183
04/14/2004,TOL,OH,AGL,CE,Towers with Radar,64,73,69,14,220,1,1,21,0,23,65,74,90,14,243,88,20,108,351
04/15/2004,TOL,OH,AGL,CE,Towers with Radar,51,63,75,7,196,0,0,32,3,35,51,63,107,10,231,70,14,84,315
04/16/2004,TOL,OH,AGL,CE,Towers with Radar,54,72,49,2,177,0,1,20,0,21,54,73,69,2,198,18,0,18,216
04/17/2004,TOL,OH,AGL,CE,Towers with Radar,22,60,42,0,124,0,3,12,0,15,22,63,54,0,139,56,0,56,195
04/18/2004,TOL,OH,AGL,CE,Towers with Radar,9,74,43,0,126,2,4,25,0,31,11,78,68,0,157,32,0,32,189
04/19/2004,TOL,OH,AGL,CE,Towers with Radar,14,69,44,4,131,0,3,9,0,12,14,72,53,4,143,14,0,14,157
04/20/2004,TOL,OH,AGL,CE,Towers with Radar,44,85,67,0,196,0,2,15,0,17,44,87,82,0,213,36,0,36,249
04/21/2004,TOL,OH,AGL,CE,Towers with Radar,57,83,37,0,177,0,1,8,0,9,57,84,45,0,186,50,0,50,236
04/22/2004,TOL,OH,AGL,CE,Towers with Radar,40,80,99,0,219,0,4,28,0,32,40,84,127,0,251,98,0,98,349
04/23/2004,TOL,OH,AGL,CE,Towers with Radar,52,64,66,4,186,0,1,29,0,30,52,65,95,4,216,82,26,108,324
04/24/2004,TOL,OH,AGL,CE,Towers with Radar,21,60,34,0,115,0,2,34,0,36,21,62,68,0,151,62,0,62,213
04/25/2004,TOL,OH,AGL,CE,Towers with Radar,15,71,26,2,114,3,0,4,0,7,18,71,30,2,121,30,0,30,151
04/26/2004,TOL,OH,AGL,CE,Towers with Radar,15,86,52,10,163,0,0,16,0,16,15,86,68,10,179,14,4,18,197
04/27/2004,TOL,OH,AGL,CE,Towers with Radar,42,82,67,23,214,0,1,13,0,14,42,83,80,23,228,54,12,66,294
04/28/2004,TOL,OH,AGL,CE,Towers with Radar,45,82,58,17,202,0,1,11,2,14,45,83,69,19,216,14,16,30,246
04/29/2004,TOL,OH,AGL,CE,Towers with Radar,41,77,63,4,185,0,0,25,0,25,41,77,88,4,210,32,2,34,244
04/30/2004,TOL,OH,AGL,CE,Towers with Radar,53,73,63,0,189,0,1,10,0,11,53,74,73,0,200,48,0,48,248
05/01/2004,TOL,OH,AGL,CE,Towers with Radar,24,58,61,0,143,0,0,0,0,0,24,58,61,0,143,36,0,36,179
05/02/2004,TOL,OH,AGL,CE,Towers with Radar,12,68,52,0,132,0,2,4,0,6,12,70,56,0,138,18,0,18,156
05/03/2004,TOL,OH,AGL,CE,Towers with Radar,17,64,63,20,164,0,1,25,2,28,17,65,88,22,192,56,18,74,266
05/04/2004,TOL,OH,AGL,CE,Towers with Radar,53,67,55,18,193,0,1,18,4,23,53,68,73,22,216,36,18,54,270
05/05/2004,TOL,OH,AGL,CE,Towers with Radar,51,81,96,18,246,0,3,45,0,48,51,84,141,18,294,114,26,140,434
05/06/2004,TOL,OH,AGL,CE,Towers with Radar,45,79,76,25,225,0,2,21,0,23,45,81,97,25,248,77,0,77,325
05/07/2004,TOL,OH,AGL,CE,Towers with Radar,47,84,64,0,195,0,3,16,0,19,47,87,80,0,214,50,0,50,264
05/08/2004,TOL,OH,AGL,CE,Towers with Radar,19,63,49,0,131,0,6,33,0,39,19,69,82,0,170,56,0,56,226
05/09/2004,TOL,OH,AGL,CE,Towers with Radar,12,63,45,0,120,0,0,20,0,20,12,63,65,0,140,34,0,34,174
05/10/2004,TOL,OH,AGL,CE,Towers with Radar,12,72,52,10,146,0,2,26,0,28,12,74,78,10,174,44,14,58,232
05/11/2004,TOL,OH,AGL,CE,Towers with Radar,57,79,73,14,223,0,2,8,0,10,57,81,81,14,233,48,16,64,297
05/12/2004,TOL,OH,AGL,CE,Towers with Radar,50,82,56,34,222,0,1,21,0,22,50,83,77,34,244,24,10,34,278
05/13/2004,TOL,OH,AGL,CE,Towers with Radar,39,80,58,11,188,0,1,13,2,16,39,81,71,13,204,42,24,66,270
05/14/2004,TOL,OH,AGL,CE,Towers with Radar,53,74,64,0,191,0,2,12,0,14,53,76,76,0,205,38,0,38,243
05/15/2004,TOL,OH,AGL,CE,Towers with Radar,25,50,63,13,151,0,1,14,0,15,25,51,77,13,166,22,6,28,194
05/16/2004,TOL,OH,AGL,CE,Towers with Radar,13,67,65,10,155,0,3,19,1,23,13,70,84,11,178,48,26,74,252
05/17/2004,TOL,OH,AGL,CE,Towers with Radar,18,68,75,16,177,0,1,14,0,15,18,69,89,16,192,56,22,78,270
05/18/2004,TOL,OH,AGL,CE,Towers with Radar,51,78,45,13,187,0,3,23,0,26,51,81,68,13,213,24,6,30,243
05/19/2004,TOL,OH,AGL,CE,Towers with Radar,44,83,88,20,235,0,1,33,0,34,44,84,121,20,269,96,22,118,387
05/20/2004,TOL,OH,AGL,CE,Towers with Radar,51,78,75,8,212,0,2,18,0,20,51,80,93,8,232,56,0,56,288
05/21/2004,TOL,OH,AGL,CE,Towers with Radar,52,62,66,1,181,0,0,13,0,13,52,62,79,1,194,32,0,32,226
05/22/2004,TOL,OH,AGL,CE,Towers with Radar,29,55,28,0,112,0,1,18,2,21,29,56,46,2,133,20,0,20,153
05/23/2004,TOL,OH,AGL,CE,Towers with Radar,9,63,33,0,105,0,0,18,1,19,9,63,51,1,124,16,0,16,140
05/24/2004,TOL,OH,AGL,CE,Towers with Radar,19,64,42,13,138,0,4,20,0,24,19,68,62,13,162,0,36,36,198
05/25/2004,TOL,OH,AGL,CE,Towers with Radar,52,74,75,9,210,0,5,10,0,15,52,79,85,9,225,62,0,62,287
05/26/2004,TOL,OH,AGL,CE,Towers with Radar,50,73,93,12,228,0,2,32,0,34,50,75,125,12,262,44,32,76,338
05/27/2004,TOL,OH,AGL,CE,Towers with Radar,51,70,78,12,211,0,1,11,1,13,51,71,89,13,224,34,0,34,258
05/28/2004,TOL,OH,AGL,CE,Towers with Radar,50,65,91,0,206,0,0,28,0,28,50,65,119,0,234,38,0,38,272
05/29/2004,TOL,OH,AGL,CE,Towers with Radar,8,48,29,0,85,0,2,40,0,42,8,50,69,0,127,36,0,36,163
05/30/2004,TOL,OH,AGL,CE,Towers with Radar,6,51,35,0,92,0,1,15,0,16,6,52,50,0,108,44,0,44,152
05/31/2004,TOL,OH,AGL,CE,Towers with Radar,16,62,55,15,148,0,1,10,1,12,16,63,65,16,160,42,12,54,214
06/01/2004,TOL,OH,AGL,CE,Towers with Radar,16,69,71,9,165,0,1,27,0,28,16,70,98,9,193,52,2,54,247
06/02/2004,TOL,OH,AGL,CE,Towers with Radar,46,77,72,14,209,0,1,15,0,16,46,78,87,14,225,34,24,58,283
06/03/2004,TOL,OH,AGL,CE,Towers with Radar,47,72,58,9,186,0,0,41,0,41,47,72,99,9,227,54,28,82,309
06/04/2004,TOL,OH,AGL,CE,Towers with Radar,46,74,64,0,184,0,0,45,0,45,46,74,109,0,229,92,0,92,321
06/05/2004,TOL,OH,AGL,CE,Towers with Radar,17,68,53,0,138,0,2,34,0,36,17,70,87,0,174,68,0,68,242
06/06/2004,TOL,OH,AGL,CE,Towers with Radar,16,63,30,0,109,0,1,27,0,28,16,64,57,0,137,54,0,54,191
06/07/2004,TOL,OH,AGL,CE,Towers with Radar,17,64,71,30,182,0,1,32,0,33,17,65,103,30,215,61,22,83,298
06/08/2004,TOL,OH,AGL,CE,Towers with Radar,52,64,80,19,215,0,1,16,2,19,52,65,96,21,234,78,12,90,324
06/09/2004,TOL,OH,AGL,CE,Towers with Radar,53,67,77,11,208,0,3,19,1,23,53,70,96,12,231,44,32,76,307
06/10/2004,TOL,OH,AGL,CE,Towers with Radar,52,66,81,0,199,0,1,1,0,2,52,67,82,0,201,40,0,40,241
06/11/2004,TOL,OH,AGL,CE,Towers with Radar,57,70,65,1,193,0,0,6,0,6,57,70,71,1,199,34,0,34,233
06/12/2004,TOL,OH,AGL,CE,Towers with Radar,26,56,29,0,111,0,2,11,0,13,26,58,40,0,124,48,0,48,172
06/13/2004,TOL,OH,AGL,CE,Towers with Radar,15,57,38,12,122,0,0,6,0,6,15,57,44,12,128,20,0,20,148
06/14/2004,TOL,OH,AGL,CE,Towers with Radar,14,64,76,9,163,0,1,25,0,26,14,65,101,9,189,78,28,106,295
06/15/2004,TOL,OH,AGL,CE,Towers with Radar,58,66,80,10,214,0,3,32,0,35,58,69,112,10,249,65,36,101,350
06/16/2004,TOL,OH,AGL,CE,Towers with Radar,54,70,66,12,202,0,1,4,0,5,54,71,70,12,207,6,0,6,213
06/17/2004,TOL,OH,AGL,CE,Towers with Radar,55,69,64,11,199,0,3,6,0,9,55,72,70,11,208,29,12,41,249
06/18/2004,TOL,OH,AGL,CE,Towers with Radar,54,71,39,1,165,0,1,14,0,15,54,72,53,1,180,26,0,26,206
06/19/2004,TOL,OH,AGL,CE,Towers with Radar,24,58,21,0,103,0,2,36,0,38,24,60,57,0,141,40,0,40,181
06/20/2004,TOL,OH,AGL,CE,Towers with Radar,19,61,39,2,121,0,3,28,4,35,19,64,67,6,156,16,0,16,172
06/21/2004,TOL,OH,AGL,CE,Towers with Radar,13,79,36,9,137,0,5,22,0,27,13,84,58,9,164,48,16,64,228
06/22/2004,TOL,OH,AGL,CE,Towers with Radar,54,73,84,10,221,0,1,31,0,32,54,74,115,10,253,58,13,71,324
06/23/2004,TOL,OH,AGL,CE,Towers with Radar,49,70,80,10,209,0,0,59,1,60,49,70,139,11,269,64,12,76,345
06/24/2004,TOL,OH,AGL,CE,Towers with Radar,64,82,75,12,233,0,1,19,2,22,64,83,94,14,255,34,12,46,301
06/25/2004,TOL,OH,AGL,CE,Towers with Radar,42,76,67,0,185,0,4,26,0,30,42,80,93,0,215,60,0,60,275
06/26/2004,TOL,OH,AGL,CE,Towers with Radar,26,62,45,0,133,0,2,21,0,23,26,64,66,0,156,45,0,45,201
06/27/2004,TOL,OH,AGL,CE,Towers with Radar,11,70,43,0,124,0,2,29,0,31,11,72,72,0,155,16,0,16,171
06/28/2004,TOL,OH,AGL,CE,Towers with Radar,18,66,59,8,151,0,0,23,0,23,18,66,82,8,174,20,14,34,208
06/29/2004,TOL,OH,AGL,CE,Towers with Radar,52,69,71,9,201,0,3,35,0,38,52,72,106,9,239,58,18,76,315
06/30/2004,TOL,OH,AGL,CE,Towers with Radar,45,69,79,11,204,0,2,41,3,46,45,71,120,14,250,44,18,62,312
07/01/2004,TOL,OH,AGL,CE,Towers with Radar,52,68,66,10,196,0,5,39,0,44,52,73,105,10,240,44,26,70,310
07/02/2004,TOL,OH,AGL,CE,Towers with Radar,48,77,64,6,195,0,0,58,0,58,48,77,122,6,253,90,10,100,353
07/03/2004,TOL,OH,AGL,CE,Towers with Radar,10,48,25,0,83,0,5,26,0,31,10,53,51,0,114,20,2,22,136
07/04/2004,TOL,OH,AGL,CE,Towers with Radar,10,46,9,1,66,0,2,8,0,10,10,48,17,1,76,4,0,4,80
07/05/2004,TOL,OH,AGL,CE,Towers with Radar,5,67,49,0,121,0,2,27,0,29,5,69,76,0,150,34,0,34,184
07/06/2004,TOL,OH,AGL,CE,Towers with Radar,11,64,59,21,155,0,1,30,0,31,11,65,89,21,186,52,12,64,250
07/07/2004,TOL,OH,AGL,CE,Towers with Radar,45,69,57,13,184,0,1,19,4,24,45,70,76,17,208,40,10,50,258
07/08/2004,TOL,OH,AGL,CE,Towers with Radar,40,74,79,10,203,0,1,30,0,31,40,75,109,10,234,51,20,71,305
07/09/2004,TOL,OH,AGL,CE,Towers with Radar,54,64,52,0,170,0,4,48,0,52,54,68,100,0,222,14,0,14,236
07/10/2004,TOL,OH,AGL,CE,Towers with Radar,24,54,29,0,107,0,2,23,6,31,24,56,52,6,138,46,0,46,184
07/11/2004,TOL,OH,AGL,CE,Towers with Radar,15,55,35,4,109,0,1,26,1,28,15,56,61,5,137,4,0,4,141
07/12/2004,TOL,OH,AGL,CE,Towers with Radar,15,63,62,26,166,0,0,12,2,14,15,63,74,28,180,42,2,44,224
07/13/2004,TOL,OH,AGL,CE,Towers with Radar,62,64,79,2,207,0,2,23,0,25,62,66,102,2,232,54,0,54,286
07/14/2004,TOL,OH,AGL,CE,Towers with Radar,58,75,52,14,199,0,3,26,2,31,58,78,78,16,230,80,20,100,330
07/15/2004,TOL,OH,AGL,CE,Towers with Radar,66,56,52,1,175,0,2,31,0,33,66,58,83,1,208,60,0,60,268
07/16/2004,TOL,OH,AGL,CE,Towers with Radar,49,70,59,0,178,0,1,39,2,42,49,71,98,2,220,52,0,52,272
07/17/2004,TOL,OH,AGL,CE,Towers with Radar,32,62,26,16,136,0,5,8,0,13,32,67,34,16,149,74,0,74,223
07/18/2004,TOL,OH,AGL,CE,Towers with Radar,18,71,51,2,142,0,1,17,0,18,18,72,68,2,160,42,0,42,202
07/19/2004,TOL,OH,AGL,CE,Towers with Radar,15,64,71,9,159,0,0,30,0,30,15,64,101,9,189,40,0,40,229
07/20/2004,TOL,OH,AGL,CE,Towers with Radar,49,68,59,0,176,0,2,17,0,19,49,70,76,0,195,44,0,44,239
07/21/2004,TOL,OH,AGL,CE,Towers with Radar,53,66,60,0,179,0,1,10,0,11,53,67,70,0,190,32,0,32,222
07/22/2004,TOL,OH,AGL,CE,Towers with Radar,48,81,55,0,184,0,1,8,0,9,48,82,63,0,193,62,0,62,255
07/23/2004,TOL,OH,AGL,CE,Towers with Radar,47,99,57,30,233,0,6,38,0,44,47,105,95,30,277,105,24,129,406
07/24/2004,TOL,OH,AGL,CE,Towers with Radar,15,61,24,1,101,0,4,40,5,49,15,65,64,6,150,60,0,60,210
07/25/2004,TOL,OH,AGL,CE,Towers with Radar,5,71,29,0,105,0,3,29,0,32,5,74,58,0,137,36,0,36,173
07/26/2004,TOL,OH,AGL,CE,Towers with Radar,7,83,62,2,154,0,3,32,0,35,7,86,94,2,189,38,0,38,227
07/27/2004,TOL,OH,AGL,CE,Towers with Radar,57,83,104,14,258,0,1,10,0,11,57,84,114,14,269,84,12,96,365
07/28/2004,TOL,OH,AGL,CE,Towers with Radar,50,85,70,40,245,0,0,36,0,36,50,85,106,40,281,42,44,86,367
07/29/2004,TOL,OH,AGL,CE,Towers with Radar,39,79,83,30,231,0,4,18,0,22,39,83,101,30,253,46,36,82,335
07/30/2004,TOL,OH,AGL,CE,Towers with Radar,63,77,80,0,220,0,2,11,0,13,63,79,91,0,233,46,0,46,279
07/31/2004,TOL,OH,AGL,CE,Towers with Radar,13,77,39,0,129,0,0,9,0,9,13,77,48,0,138,12,0,12,150
08/01/2004,TOL,OH,AGL,CE,Towers with Radar,28,62,57,0,147,0,2,45,0,47,28,64,102,0,194,60,0,60,254
08/02/2004,TOL,OH,AGL,CE,Towers with Radar,21,53,76,12,162,0,0,26,0,26,21,53,102,12,188,26,26,52,240
08/03/2004,TOL,OH,AGL,CE,Towers with Radar,67,44,90,19,220,0,2,36,0,38,67,46,126,19,258,66,24,90,348
08/04/2004,TOL,OH,AGL,CE,Towers with Radar,64,62,56,11,193,0,0,3,0,3,64,62,59,11,196,30,0,30,226
08/05/2004,TOL,OH,AGL,CE,Towers with Radar,50,86,91,16,243,0,3,20,0,23,50,89,111,16,266,46,16,62,328
08/06/2004,TOL,OH,AGL,CE,Towers with Radar,46,69,52,0,167,0,0,42,0,42,46,69,94,0,209,52,0,52,261
08/07/2004,TOL,OH,AGL,CE,Towers with Radar,37,43,40,0,120,0,3,38,0,41,37,46,78,0,161,88,0,88,249
08/08/2004,TOL,OH,AGL,CE,Towers with Radar,24,47,44,0,115,0,0,32,0,32,24,47,76,0,147,62,0,62,209
08/09/2004,TOL,OH,AGL,CE,Towers with Radar,28,50,61,15,154,0,2,36,0,38,28,52,97,15,192,66,14,80,272
08/10/2004,TOL,OH,AGL,CE,Towers with Radar,69,58,41,13,181,0,3,34,0,37,69,61,75,13,218,34,22,56,274
08/11/2004,TOL,OH,AGL,CE,Towers with Radar,69,47,56,14,186,0,0,19,0,19,69,47,75,14,205,28,0,28,233
08/12/2004,TOL,OH,AGL,CE,Towers with Radar,51,58,41,13,163,0,11,48,16,75,51,69,89,29,238,28,56,84,322
08/13/2004,TOL,OH,AGL,CE,Towers with Radar,47,80,59,4,190,0,0,16,0,16,47,80,75,4,206,13,0,13,219
08/14/2004,TOL,OH,AGL,CE,Towers with Radar,20,56,45,1,122,0,6,28,0,34,20,62,73,1,156,74,0,74,230
08/15/2004,TOL,OH,AGL,CE,Towers with Radar,6,58,22,0,86,0,0,12,0,12,6,58,34,0,98,8,0,8,106
08/16/2004,TOL,OH,AGL,CE,Towers with Radar,7,80,35,16,138,0,3,41,0,44,7,83,76,16,182,26,26,52,234
08/17/2004,TOL,OH,AGL,CE,Towers with Radar,60,61,45,15,181,0,1,21,0,22,60,62,66,15,203,68,40,108,311
08/18/2004,TOL,OH,AGL,CE,Towers with Radar,50,73,68,20,211,0,4,16,0,20,50,77,84,20,231,44,18,62,293
08/19/2004,TOL,OH,AGL,CE,Towers with Radar,73,54,71,13,211,0,0,10,0,10,73,54,81,13,221,38,0,38,259
08/20/2004,TOL,OH,AGL,CE,Towers with Radar,66,58,50,0,174,0,0,3,0,3,66,58,53,0,177,34,0,34,211
08/21/2004,TOL,OH,AGL,CE,Towers with Radar,41,57,34,3,135,0,1,16,0,17,41,58,50,3,152,14,0,14,166
08/22/2004,TOL,OH,AGL,CE,Towers with Radar,30,46,42,0,118,0,2,27,0,29,30,48,69,0,147,16,0,16,163
08/23/2004,TOL,OH,AGL,CE,Towers with Radar,27,47,63,10,147,2,5,28,1,36,29,52,91,11,183,30,28,58,241
08/24/2004,TOL,OH,AGL,CE,Towers with Radar,68,55,79,8,210,0,2,28,0,30,68,57,107,8,240,36,14,50,290
08/25/2004,TOL,OH,AGL,CE,Towers with Radar,70,44,63,11,188,0,1,30,1,32,70,45,93,12,220,34,0,34,254
08/26/2004,TOL,OH,AGL,CE,Towers with Radar,75,58,93,22,248,0,15,20,2,37,75,73,113,24,285,63,88,151,436
08/27/2004,TOL,OH,AGL,CE,Towers with Radar,54,63,50,12,179,0,0,4,0,4,54,63,54,12,183,19,0,19,202
08/28/2004,TOL,OH,AGL,CE,Towers with Radar,15,47,11,2,75,0,0,3,0,3,15,47,14,2,78,0,10,10,88
08/29/2004,TOL,OH,AGL,CE,Towers with Radar,3,62,37,6,108,0,0,9,1,10,3,62,46,7,118,35,0,35,153
08/30/2004,TOL,OH,AGL,CE,Towers with Radar,6,71,78,26,181,0,1,25,0,26,6,72,103,26,207,42,6,48,255
08/31/2004,TOL,OH,AGL,CE,Towers with Radar,69,55,61,14,199,0,4,32,1,37,69,59,93,15,236,58,18,76,312
09/01/2004,TOL,OH,AGL,CE,Towers with Radar,70,54,76,13,213,0,2,37,0,39,70,56,113,13,252,46,24,70,322
09/02/2004,TOL,OH,AGL,CE,Towers with Radar,78,49,52,14,193,0,3,40,2,45,78,52,92,16,238,110,8,118,356
09/03/2004,TOL,OH,AGL,CE,Towers with Radar,75,46,72,0,193,0,0,7,0,7,75,46,79,0,200,20,0,20,220
09/04/2004,TOL,OH,AGL,CE,Towers with Radar,9,45,29,2,85,0,1,10,0,11,9,46,39,2,96,10,0,10,106
09/05/2004,TOL,OH,AGL,CE,Towers with Radar,21,41,21,0,83,0,3,16,2,21,21,44,37,2,104,8,0,8,112
09/06/2004,TOL,OH,AGL,CE,Towers with Radar,20,43,34,0,97,0,0,16,0,16,20,43,50,0,113,12,0,12,125
09/07/2004,TOL,OH,AGL,CE,Towers with Radar,29,44,69,8,150,0,1,15,0,16,29,45,84,8,166,28,0,28,194
09/08/2004,TOL,OH,AGL,CE,Towers with Radar,70,40,67,11,188,0,0,8,0,8,70,40,75,11,196,26,36,62,258
09/09/2004,TOL,OH,AGL,CE,Towers with Radar,53,68,72,20,213,0,0,11,0,11,53,68,83,20,224,56,26,82,306
09/10/2004,TOL,OH,AGL,CE,Towers with Radar,53,69,65,0,187,0,1,34,3,38,53,70,99,3,225,38,0,38,263
09/11/2004,TOL,OH,AGL,CE,Towers with Radar,33,39,38,8,118,0,1,27,3,31,33,40,65,11,149,30,50,80,229
09/12/2004,TOL,OH,AGL,CE,Towers with Radar,23,50,35,6,114,0,2,28,0,30,23,52,63,6,144,42,28,70,214
09/13/2004,TOL,OH,AGL,CE,Towers with Radar,17,65,79,32,193,0,0,33,0,33,17,65,112,32,226,28,90,118,344
09/14/2004,TOL,OH,AGL,CE,Towers with Radar,77,43,50,8,178,0,2,21,0,23,77,45,71,8,201,16,2,18,219
09/15/2004,TOL,OH,AGL,CE,Towers with Radar,71,45,53,9,178,0,1,24,0,25,71,46,77,9,203,8,4,12,215
09/16/2004,TOL,OH,AGL,CE,Towers with Radar,68,41,55,15,179,0,3,13,0,16,68,44,68,15,195,8,16,24,219
09/17/2004,TOL,OH,AGL,CE,Towers with Radar,65,53,87,0,205,0,1,22,0,23,65,54,109,0,228,48,0,48,276
09/18/2004,TOL,OH,AGL,CE,Towers with Radar,36,36,44,0,116,0,3,26,0,29,36,39,70,0,145,26,0,26,171
09/19/2004,TOL,OH,AGL,CE,Towers with Radar,14,47,45,0,106,0,0,36,1,37,14,47,81,1,143,61,0,61,204
09/20/2004,TOL,OH,AGL,CE,Towers with Radar,28,60,71,11,170,0,0,39,0,39,28,60,110,11,209,74,30,104,313
09/21/2004,TOL,OH,AGL,CE,Towers with Radar,72,41,67,15,195,0,0,29,0,29,72,41,96,15,224,50,6,56,280
09/22/2004,TOL,OH,AGL,CE,Towers with Radar,67,47,55,14,183,0,3,26,0,29,67,50,81,14,212,36,0,36,248
09/23/2004,TOL,OH,AGL,CE,Towers with Radar,69,42,55,15,181,0,0,25,2,27,69,42,80,17,208,38,24,62,270
09/24/2004,TOL,OH,AGL,CE,Towers with Radar,75,51,74,0,200,0,2,36,0,38,75,53,110,0,238,34,0,34,272
09/25/2004,TOL,OH,AGL,CE,Towers with Radar,40,43,41,0,124,0,1,37,0,38,40,44,78,0,162,28,0,28,190
09/26/2004,TOL,OH,AGL,CE,Towers with Radar,23,45,24,0,92,0,0,34,0,34,23,45,58,0,126,62,0,62,188
09/27/2004,TOL,OH,AGL,CE,Towers with Radar,29,52,55,8,144,0,1,19,0,20,29,53,74,8,164,46,24,70,234
09/28/2004,TOL,OH,AGL,CE,Towers with Radar,89,87,62,13,251,0,1,8,0,9,89,88,70,13,260,91,12,103,363
09/29/2004,TOL,OH,AGL,CE,Towers with Radar,54,87,56,11,208,0,7,23,1,31,54,94,79,12,239,51,12,63,302
09/30/2004,TOL,OH,AGL,CE,Towers with Radar,65,69,80,0,214,0,8,46,1,55,65,77,126,1,269,40,0,40,309
10/01/2004,TOL,OH,AGL,CE,Combined TRACON& Tower with Radar,74,65,46,0,185,0,2,23,2,27,74,67,69,2,212,56,12,68,280
10/02/2004,TOL,OH,AGL,CE,Combined TRACON& Tower with Radar,31,31,20,3,85,0,1,9,2,12,31,32,29,5,97,20,4,24,121
10/03/2004,TOL,OH,AGL,CE,Combined TRACON& Tower with Radar,27,55,43,5,130,0,4,21,0,25,27,59,64,5,155,43,16,59,214
10/04/2004,TOL,OH,AGL,CE,Combined TRACON& Tower with Radar,25,44,62,10,141,0,8,17,0,25,25,52,79,10,166,42,10,52,218
10/05/2004,TOL,OH,AGL,CE,Combined TRACON& Tower with Radar,57,59,53,13,182,0,0,23,0,23,57,59,76,13,205,22,6,28,233
10/06/2004,TOL,OH,AGL,CE,Combined TRACON& Tower with Radar,58,64,74,11,207,0,4,33,0,37,58,68,107,11,244,74,0,74,318
10/07/2004,TOL,OH,AGL,CE,Combined TRACON& Tower with Radar,53,71,57,14,195,0,0,22,0,22,53,71,79,14,217,26,0,26,243
10/08/2004,TOL,OH,AGL,CE,Combined TRACON& Tower with Radar,59,71,54,0,184,0,0,26,0,26,59,71,80,0,210,16,0,16,226
10/09/2004,TOL,OH,AGL,CE,Combined TRACON& Tower with Radar,29,56,31,0,116,0,3,40,0,43,29,59,71,0,159,42,0,42,201
10/10/2004,TOL,OH,AGL,CE,Combined TRACON& Tower with Radar,14,58,61,0,133,0,1,26,0,27,14,59,87,0,160,72,0,72,232
10/11/2004,TOL,OH,AGL,CE,Combined TRACON& Tower with Radar,24,57,61,0,142,0,7,20,0,27,24,64,81,0,169,32,14,46,215
10/12/2004,TOL,OH,AGL,CE,Combined TRACON& Tower with Radar,67,59,48,13,187,0,2,29,0,31,67,61,77,13,218,71,12,83,301
10/13/2004,TOL,OH,AGL,CE,Combined TRACON& Tower with Radar,67,61,68,19,215,0,3,8,0,11,67,64,76,19,226,18,0,18,244
10/14/2004,TOL,OH,AGL,CE,Combined TRACON& Tower with Radar,52,71,57,17,197,0,2,14,0,16,52,73,71,17,213,14,0,14,227
10/15/2004,TOL,OH,AGL,CE,Combined TRACON& Tower with Radar,52,73,69,0,194,0,0,1,0,1,52,73,70,0,195,8,0,8,203
10/16/2004,TOL,OH,AGL,CE,Combined TRACON& Tower with Radar,16,59,22,0,97,0,0,7,0,7,16,59,29,0,104,0,0,0,104
10/17/2004,TOL,OH,AGL,CE,Combined TRACON& Tower with Radar,1,65,32,0,98,0,4,20,0,24,1,69,52,0,122,28,0,28,150
10/18/2004,TOL,OH,AGL,CE,Combined TRACON& Tower with Radar,23,54,45,11,133,0,2,10,0,12,23,56,55,11,145,26,0,26,171
10/19/2004,TOL,OH,AGL,CE,Combined TRACON& Tower with Radar,46,77,68,17,208,0,1,0,0,1,46,78,68,17,209,18,0,18,227
10/20/2004,TOL,OH,AGL,CE,Combined TRACON& Tower with Radar,68,63,115,14,260,0,0,1,0,1,68,63,116,14,261,40,0,40,301
10/21/2004,TOL,OH,AGL,CE,Combined TRACON& Tower with Radar,64,72,67,18,221,0,0,18,1,19,64,72,85,19,240,44,0,44,284
10/22/2004,TOL,OH,AGL,CE,Combined TRACON& Tower with Radar,52,64,64,1,181,0,1,34,2,37,52,65,98,3,218,32,0,32,250
10/23/2004,TOL,OH,AGL,CE,Combined TRACON& Tower with Radar,22,59,35,6,122,0,0,4,0,4,22,59,39,6,126,32,2,34,160
10/24/2004,TOL,OH,AGL,CE,Combined TRACON& Tower with Radar,13,55,61,2,131,0,0,18,0,18,13,55,79,2,149,50,0,50,199
10/25/2004,TOL,OH,AGL,CE,Combined TRACON& Tower with Radar,8,66,40,3,117,0,0,22,0,22,8,66,62,3,139,28,4,32,171
10/26/2004,TOL,OH,AGL,CE,Combined TRACON& Tower with Radar,54,103,71,14,242,0,0,9,5,14,54,103,80,19,256,26,16,42,298
10/27/2004,TOL,OH,AGL,CE,Combined TRACON& Tower with Radar,60,83,71,7,221,0,2,7,1,10,60,85,78,8,231,16,0,16,247
10/28/2004,TOL,OH,AGL,CE,Combined TRACON& Tower with Radar,56,73,65,5,199,0,2,28,3,33,56,75,93,8,232,52,0,52,284
10/29/2004,TOL,OH,AGL,CE,Combined TRACON& Tower with Radar,53,76,39,8,176,0,8,5,7,20,53,84,44,15,196,0,0,0,196
10/30/2004,TOL,OH,AGL,CE,Combined TRACON& Tower with Radar,14,50,18,10,92,0,0,1,0,1,14,50,19,10,93,8,0,8,101
10/31/2004,TOL,OH,AGL,CE,Combined TRACON& Tower with Radar,12,62,22,2,98,0,2,14,4,20,12,64,36,6,118,38,0,38,156
11/01/2004,TOL,OH,AGL,CE,Combined TRACON& Tower with Radar,14,80,65,0,159,0,2,11,0,13,14,82,76,0,172,14,0,14,186
11/02/2004,TOL,OH,AGL,CE,Combined TRACON& Tower with Radar,74,71,41,0,186,0,1,0,0,1,74,72,41,0,187,20,0,20,207
11/03/2004,TOL,OH,AGL,CE,Combined TRACON& Tower with Radar,52,69,68,7,196,0,1,15,1,17,52,70,83,8,213,46,0,46,259
11/04/2004,TOL,OH,AGL,CE,Combined TRACON& Tower with Radar,50,72,38,4,164,0,0,2,0,2,50,72,40,4,166,6,0,6,172
11/05/2004,TOL,OH,AGL,CE,Combined TRACON& Tower with Radar,47,71,46,0,164,0,1,40,0,41,47,72,86,0,205,32,0,32,237
11/06/2004,TOL,OH,AGL,CE,Combined TRACON& Tower with Radar,20,44,40,24,128,0,4,29,0,33,20,48,69,24,161,64,10,74,235
11/07/2004,TOL,OH,AGL,CE,Combined TRACON& Tower with Radar,12,56,43,2,113,0,2,19,0,21,12,58,62,2,134,76,10,86,220
11/08/2004,TOL,OH,AGL,CE,Combined TRACON& Tower with Radar,9,67,49,10,135,0,0,32,0,32,9,67,81,10,167,66,10,76,243
11/09/2004,TOL,OH,AGL,CE,Combined TRACON& Tower with Radar,61,58,50,8,177,0,0,21,2,23,61,58,71,10,200,42,4,46,246
11/10/2004,TOL,OH,AGL,CE,Combined TRACON& Tower with Radar,60,65,85,11,221,0,3,22,0,25,60,68,107,11,246,28,18,46,292
11/11/2004,TOL,OH,AGL,CE,Combined TRACON& Tower with Radar,45,63,42,2,152,0,0,3,0,3,45,63,45,2,155,14,0,14,169
11/12/2004,TOL,OH,AGL,CE,Combined TRACON& Tower with Radar,46,61,54,2,163,0,11,73,3,87,46,72,127,5,250,36,0,36,286
11/13/2004,TOL,OH,AGL,CE,Combined TRACON& Tower with Radar,16,51,78,2,147,0,3,38,0,41,16,54,116,2,188,80,0,80,268
11/14/2004,TOL,OH,AGL,CE,Combined TRACON& Tower with Radar,2,64,38,0,104,0,0,30,1,31,2,64,68,1,135,48,0,48,183
11/15/2004,TOL,OH,AGL,CE,Combined TRACON& Tower with Radar,7,68,44,22,141,0,0,22,9,31,7,68,66,31,172,27,32,59,231
11/16/2004,TOL,OH,AGL,CE,Combined TRACON& Tower with Radar,52,66,45,8,171,0,1,5,0,6,52,67,50,8,177,4,0,4,181
11/17/2004,TOL,OH,AGL,CE,Combined TRACON& Tower with Radar,51,68,46,15,180,0,1,0,0,1,51,69,46,15,181,2,0,2,183
11/18/2004,TOL,OH,AGL,CE,Combined TRACON& Tower with Radar,54,62,85,30,231,0,0,5,0,5,54,62,90,30,236,22,18,40,276
11/19/2004,TOL,OH,AGL,CE,Combined TRACON& Tower with Radar,58,58,57,2,175,0,0,0,0,0,58,58,57,2,175,0,0,0,175
11/20/2004,TOL,OH,AGL,CE,Combined TRACON& Tower with Radar,23,68,53,3,147,0,1,9,0,10,23,69,62,3,157,50,0,50,207
11/21/2004,TOL,OH,AGL,CE,Combined TRACON& Tower with Radar,18,45,42,1,106,0,0,25,0,25,18,45,67,1,131,73,0,73,204
11/22/2004,TOL,OH,AGL,CE,Combined TRACON& Tower with Radar,24,46,68,19,157,0,5,37,0,42,24,51,105,19,199,106,18,124,323
11/23/2004,TOL,OH,AGL,CE,Combined TRACON& Tower with Radar,53,59,76,9,197,0,4,5,1,10,53,63,81,10,207,22,0,22,229
11/24/2004,TOL,OH,AGL,CE,Combined TRACON& Tower with Radar,64,41,28,0,133,0,0,0,0,0,64,41,28,0,133,12,0,12,145
11/25/2004,TOL,OH,AGL,CE,Combined TRACON& Tower with Radar,49,44,7,0,100,0,2,4,0,6,49,46,11,0,106,12,0,12,118
11/26/2004,TOL,OH,AGL,CE,Combined TRACON& Tower with Radar,10,49,24,0,83,0,0,17,0,17,10,49,41,0,100,20,0,20,120
11/27/2004,TOL,OH,AGL,CE,Combined TRACON& Tower with Radar,39,30,28,0,97,0,0,4,0,4,39,30,32,0,101,28,0,28,129
11/28/2004,TOL,OH,AGL,CE,Combined TRACON& Tower with Radar,5,56,30,0,91,0,1,12,0,13,5,57,42,0,104,56,0,56,160
11/29/2004,TOL,OH,AGL,CE,Combined TRACON& Tower with Radar,8,62,53,12,135,0,1,11,0,12,8,63,64,12,147,52,0,52,199
11/30/2004,TOL,OH,AGL,CE,Combined TRACON& Tower with Radar,53,66,53,10,182,0,5,7,1,13,53,71,60,11,195,36,0,36,231
12/01/2004,TOL,OH,AGL,CE,Combined TRACON& Tower with Radar,51,71,54,22,198,0,0,11,0,11,51,71,65,22,209,36,6,42,251
12/02/2004,TOL,OH,AGL,CE,Combined TRACON& Tower with Radar,51,66,45,17,179,0,4,25,0,29,51,70,70,17,208,56,4,60,268
12/03/2004,TOL,OH,AGL,CE,Combined TRACON& Tower with Radar,61,55,52,1,169,0,5,19,1,25,61,60,71,2,194,86,0,86,280
12/04/2004,TOL,OH,AGL,CE,Combined TRACON& Tower with Radar,17,60,30,20,127,0,1,21,0,22,17,61,51,20,149,55,12,67,216
12/05/2004,TOL,OH,AGL,CE,Combined TRACON& Tower with Radar,30,36,52,1,119,0,0,16,0,16,30,36,68,1,135,30,0,30,165
12/06/2004,TOL,OH,AGL,CE,Combined TRACON& Tower with Radar,11,46,41,0,98,0,0,0,0,0,11,46,41,0,98,2,0,2,100
12/07/2004,TOL,OH,AGL,CE,Combined TRACON& Tower with Radar,50,73,43,0,166,0,0,0,0,0,50,73,43,0,166,22,0,22,188
12/08/2004,TOL,OH,AGL,CE,Combined TRACON& Tower with Radar,67,53,84,14,218,0,2,38,0,40,67,55,122,14,258,0,0,0,258
12/09/2004,TOL,OH,AGL,CE,Combined TRACON& Tower with Radar,57,67,50,18,192,0,2,16,0,18,57,69,66,18,210,14,12,26,236
12/10/2004,TOL,OH,AGL,CE,Combined TRACON& Tower with Radar,55,61,53,0,169,0,0,0,0,0,55,61,53,0,169,0,0,0,169
12/11/2004,TOL,OH,AGL,CE,Combined TRACON& Tower with Radar,38,36,24,0,98,0,0,0,0,0,38,36,24,0,98,6,0,6,104
12/12/2004,TOL,OH,AGL,CE,Combined TRACON& Tower with Radar,31,32,27,0,90,0,0,0,0,0,31,32,27,0,90,0,0,0,90
12/13/2004,TOL,OH,AGL,CE,Combined TRACON& Tower with Radar,26,50,46,9,131,0,0,1,0,1,26,50,47,9,132,0,4,4,136
12/14/2004,TOL,OH,AGL,CE,Combined TRACON& Tower with Radar,79,44,51,9,183,0,1,21,0,22,79,45,72,9,205,42,24,66,271
12/15/2004,TOL,OH,AGL,CE,Combined TRACON& Tower with Radar,72,60,77,13,222,0,2,28,0,30,72,62,105,13,252,54,20,74,326
12/16/2004,TOL,OH,AGL,CE,Combined TRACON& Tower with Radar,67,64,38,15,184,0,3,21,0,24,67,67,59,15,208,20,8,28,236
12/17/2004,TOL,OH,AGL,CE,Combined TRACON& Tower with Radar,80,42,44,0,166,0,2,16,0,18,80,44,60,0,184,42,0,42,226
12/18/2004,TOL,OH,AGL,CE,Combined TRACON& Tower with Radar,40,31,38,0,109,0,4,12,0,16,40,35,50,0,125,34,0,34,159
12/19/2004,TOL,OH,AGL,CE,Combined TRACON& Tower with Radar,9,55,16,0,80,3,4,16,0,23,12,59,32,0,103,0,0,0,103
12/20/2004,TOL,OH,AGL,CE,Combined TRACON& Tower with Radar,12,65,43,6,126,0,0,28,0,28,12,65,71,6,154,58,10,68,222
12/21/2004,TOL,OH,AGL,CE,Combined TRACON& Tower with Radar,42,69,69,7,187,0,3,21,0,24,42,72,90,7,211,36,0,36,247
12/22/2004,TOL,OH,AGL,CE,Combined TRACON& Tower with Radar,45,55,30,0,130,0,1,13,0,14,45,56,43,0,144,4,0,4,148
12/23/2004,TOL,OH,AGL,CE,Combined TRACON& Tower with Radar,45,31,15,0,91,0,0,2,0,2,45,31,17,0,93,2,0,2,95
12/24/2004,TOL,OH,AGL,CE,Combined TRACON& Tower with Radar,50,35,13,0,98,0,0,13,0,13,50,35,26,0,111,8,0,8,119
12/25/2004,TOL,OH,AGL,CE,Combined TRACON& Tower with Radar,4,25,5,0,34,0,1,3,0,4,4,26,8,0,38,0,0,0,38
12/26/2004,TOL,OH,AGL,CE,Combined TRACON& Tower with Radar,6,48,21,0,75,0,0,5,0,5,6,48,26,0,80,6,0,6,86
12/27/2004,TOL,OH,AGL,CE,Combined TRACON& Tower with Radar,7,57,24,0,88,0,0,10,0,10,7,57,34,0,98,24,0,24,122
12/28/2004,TOL,OH,AGL,CE,Combined TRACON& Tower with Radar,59,43,31,6,139,0,1,19,3,23,59,44,50,9,162,28,8,36,198
12/29/2004,TOL,OH,AGL,CE,Combined TRACON& Tower with Radar,48,56,33,16,153,0,3,13,0,16,48,59,46,16,169,38,6,44,213
12/30/2004,TOL,OH,AGL,CE,Combined TRACON& Tower with Radar,71,31,46,4,152,0,0,1,0,1,71,31,47,4,153,12,4,16,169
12/31/2004,TOL,OH,AGL,CE,Combined TRACON& Tower with Radar,56,51,18,0,125,0,0,4,0,4,56,51,22,0,129,8,0,8,137
01/01/2005,TOL,OH,AGL,CE,Combined TRACON& Tower with Radar,10,36,23,0,69,0,0,14,0,14,10,36,37,0,83,42,0,42,125
01/02/2005,TOL,OH,AGL,CE,Combined TRACON& Tower with Radar,5,56,50,0,111,0,0,0,0,0,5,56,50,0,111,4,0,4,115
01/03/2005,TOL,OH,AGL,CE,Combined TRACON& Tower with Radar,11,60,14,6,91,0,0,0,0,0,11,60,14,6,91,0,0,0,91
01/04/2005,TOL,OH,AGL,CE,Combined TRACON& Tower with Radar,73,39,55,16,183,0,0,0,0,0,73,39,55,16,183,20,0,20,203
01/05/2005,TOL,OH,AGL,CE,Combined TRACON& Tower with Radar,60,24,28,0,112,0,0,0,0,0,60,24,28,0,112,0,0,0,112
01/06/2005,TOL,OH,AGL,CE,Combined TRACON& Tower with Radar,55,47,33,0,135,0,1,0,0,1,55,48,33,0,136,0,0,0,136
01/07/2005,TOL,OH,AGL,CE,Combined TRACON& Tower with Radar,54,49,54,10,167,0,3,11,0,14,54,52,65,10,181,6,14,20,201
01/08/2005,TOL,OH,AGL,CE,Combined TRACON& Tower with Radar,30,35,15,0,80,0,0,2,0,2,30,35,17,0,82,4,0,4,86
01/09/2005,TOL,OH,AGL,CE,Combined TRACON& Tower with Radar,10,43,42,10,105,0,0,4,0,4,10,43,46,10,109,20,0,20,129
01/10/2005,TOL,OH,AGL,CE,Combined TRACON& Tower with Radar,7,76,47,16,146,0,2,14,0,16,7,78,61,16,162,57,22,79,241
01/11/2005,TOL,OH,AGL,CE,Combined TRACON& Tower with Radar,50,46,28,2,126,0,0,0,0,0,50,46,28,2,126,0,0,0,126
01/12/2005,TOL,OH,AGL,CE,Combined TRACON& Tower with Radar,44,59,68,5,176,0,4,7,0,11,44,63,75,5,187,8,0,8,195
01/13/2005,TOL,OH,AGL,CE,Combined TRACON& Tower with Radar,50,45,42,0,137,0,0,5,0,5,50,45,47,0,142,16,0,16,158
01/14/2005,TOL,OH,AGL,CE,Combined TRACON& Tower with Radar,52,49,68,0,169,0,0,22,0,22,52,49,90,0,191,48,0,48,239
01/15/2005,TOL,OH,AGL,CE,Combined TRACON& Tower with Radar,26,38,31,0,95,0,1,18,0,19,26,39,49,0,114,32,0,32,146
01/16/2005,TOL,OH,AGL,CE,Combined TRACON& Tower with Radar,6,40,30,0,76,0,1,7,0,8,6,41,37,0,84,6,0,6,90
01/17/2005,TOL,OH,AGL,CE,Combined TRACON& Tower with Radar,31,38,27,0,96,0,1,1,0,2,31,39,28,0,98,6,0,6,104
01/18/2005,TOL,OH,AGL,CE,Combined TRACON& Tower with Radar,45,61,37,18,161,0,1,24,3,28,45,62,61,21,189,25,42,67,256
01/19/2005,TOL,OH,AGL,CE,Combined TRACON& Tower with Radar,43,59,48,0,150,0,2,6,0,8,43,61,54,0,158,0,0,0,158
01/20/2005,TOL,OH,AGL,CE,Combined TRACON& Tower with Radar,51,47,40,18,156,0,0,15,0,15,51,47,55,18,171,34,6,40,211
01/21/2005,TOL,OH,AGL,CE,Combined TRACON& Tower with Radar,46,54,54,0,154,0,0,23,0,23,46,54,77,0,177,24,0,24,201
01/22/2005,TOL,OH,AGL,CE,Combined TRACON& Tower with Radar,16,16,2,0,34,0,0,0,0,0,16,16,2,0,34,0,0,0,34
01/23/2005,TOL,OH,AGL,CE,Combined TRACON& Tower with Radar,7,50,26,0,83,0,1,10,0,11,7,51,36,0,94,4,0,4,98
01/24/2005,TOL,OH,AGL,CE,Combined TRACON& Tower with Radar,31,38,47,0,116,0,3,13,0,16,31,41,60,0,132,30,0,30,162
01/25/2005,TOL,OH,AGL,CE,Combined TRACON& Tower with Radar,67,33,38,14,152,0,5,13,3,21,67,38,51,17,173,11,2,13,186
01/26/2005,TOL,OH,AGL,CE,Combined TRACON& Tower with Radar,52,49,37,0,138,0,1,1,0,2,52,50,38,0,140,26,0,26,166
01/27/2005,TOL,OH,AGL,CE,Combined TRACON& Tower with Radar,41,68,63,16,188,0,3,37,2,42,41,71,100,18,230,53,20,73,303
01/28/2005,TOL,OH,AGL,CE,Combined TRACON& Tower with Radar,46,45,48,0,139,0,2,36,0,38,46,47,84,0,177,62,0,62,239
01/29/2005,TOL,OH,AGL,CE,Combined TRACON& Tower with Radar,17,37,14,0,68,0,3,7,0,10,17,40,21,0,78,15,0,15,93
01/30/2005,TOL,OH,AGL,CE,Combined TRACON& Tower with Radar,6,49,46,0,101,0,7,27,0,34,6,56,73,0,135,32,0,32,167
01/31/2005,TOL,OH,AGL,CE,Combined TRACON& Tower with Radar,15,44,39,6,104,0,2,2,0,4,15,46,41,6,108,0,0,0,108
02/01/2005,TOL,OH,AGL,CE,Combined TRACON& Tower with Radar,57,56,44,9,166,0,0,0,0,0,57,56,44,9,166,52,8,60,226
02/02/2005,TOL,OH,AGL,CE,Combined TRACON& Tower with Radar,60,47,54,17,178,0,0,14,9,23,60,47,68,26,201,4,26,30,231
02/03/2005,TOL,OH,AGL,CE,Combined TRACON& Tower with Radar,57,41,56,19,173,0,0,19,0,19,57,41,75,19,192,32,22,54,246
02/04/2005,TOL,OH,AGL,CE,Combined TRACON& Tower with Radar,56,60,52,1,169,0,3,15,0,18,56,63,67,1,187,36,0,36,223
02/05/2005,TOL,OH,AGL,CE,Combined TRACON& Tower with Radar,26,28,56,4,114,0,0,13,0,13,26,28,69,4,127,24,2,26,153
02/06/2005,TOL,OH,AGL,CE,Combined TRACON& Tower with Radar,11,53,31,6,101,0,0,14,0,14,11,53,45,6,115,4,0,4,119
02/07/2005,TOL,OH,AGL,CE,Combined TRACON& Tower with Radar,16,39,62,0,117,0,0,0,0,0,16,39,62,0,117,49,0,49,166
02/08/2005,TOL,OH,AGL,CE,Combined TRACON& Tower with Radar,50,60,64,0,174,0,0,0,0,0,50,60,64,0,174,18,0,18,192
02/09/2005,TOL,OH,AGL,CE,Combined TRACON& Tower with Radar,61,43,51,0,155,0,1,1,0,2,61,44,52,0,157,10,0,10,167
02/10/2005,TOL,OH,AGL,CE,Combined TRACON& Tower with Radar,49,63,45,2,159,0,0,10,0,10,49,63,55,2,169,66,0,66,235
02/11/2005,TOL,OH,AGL,CE,Combined TRACON& Tower with Radar,51,52,49,0,152,1,5,11,0,17,52,57,60,0,169,18,0,18,187
02/12/2005,TOL,OH,AGL,CE,Combined TRACON& Tower with Radar,31,42,56,0,129,0,0,30,0,30,31,42,86,0,159,68,0,68,227
02/13/2005,TOL,OH,AGL,CE,Combined TRACON& Tower with Radar,19,43,51,0,113,0,3,16,0,19,19,46,67,0,132,28,0,28,160
02/14/2005,TOL,OH,AGL,CE,Combined TRACON& Tower with Radar,9,51,44,0,104,2,9,7,0,18,11,60,51,0,122,4,0,4,126
02/15/2005,TOL,OH,AGL,CE,Combined TRACON& Tower with Radar,49,40,57,0,146,0,1,14,0,15,49,41,71,0,161,24,0,24,185
02/16/2005,TOL,OH,AGL,CE,Combined TRACON& Tower with Radar,56,39,50,0,145,4,9,24,0,37,60,48,74,0,182,16,0,16,198
02/17/2005,TOL,OH,AGL,CE,Combined TRACON& Tower with Radar,57,49,46,0,152,0,0,4,0,4,57,49,50,0,156,54,0,54,210
02/18/2005,TOL,OH,AGL,CE,Combined TRACON& Tower with Radar,52,47,52,19,170,0,4,19,1,24,52,51,71,20,194,40,20,60,254
02/19/2005,TOL,OH,AGL,CE,Combined TRACON& Tower with Radar,28,37,36,3,104,0,0,21,0,21,28,37,57,3,125,78,0,78,203
02/20/2005,TOL,OH,AGL,CE,Combined TRACON& Tower with Radar,7,49,20,0,76,0,2,0,0,2,7,51,20,0,78,4,0,4,82
02/21/2005,TOL,OH,AGL,CE,Combined TRACON& Tower with Radar,22,36,29,0,87,0,1,6,0,7,22,37,35,0,94,6,0,6,100
02/22/2005,TOL,OH,AGL,CE,Combined TRACON& Tower with Radar,58,47,51,0,156,0,0,6,0,6,58,47,57,0,162,12,0,12,174
02/23/2005,TOL,OH,AGL,CE,Combined TRACON& Tower with Radar,54,48,67,17,186,1,4,40,1,46,55,52,107,18,232,63,27,90,322
02/24/2005,TOL,OH,AGL,CE,Combined TRACON& Tower with Radar,49,45,45,6,145,0,4,16,0,20,49,49,61,6,165,31,4,35,200
02/25/2005,TOL,OH,AGL,CE,Combined TRACON& Tower with Radar,47,51,62,0,160,0,0,10,0,10,47,51,72,0,170,16,0,16,186
02/26/2005,TOL,OH,AGL,CE,Combined TRACON& Tower with Radar,30,37,59,0,126,0,0,28,0,28,30,37,87,0,154,77,2,79,233
02/27/2005,TOL,OH,AGL,CE,Combined TRACON& Tower with Radar,8,54,51,0,113,0,3,17,0,20,8,57,68,0,133,100,0,100,233
02/28/2005,TOL,OH,AGL,CE,Combined TRACON& Tower with Radar,18,52,52,0,122,0,2,3,0,5,18,54,55,0,127,6,0,6,133
03/01/2005,TOL,OH,AGL,CE,Combined TRACON& Tower with Radar,57,42,38,1,138,0,0,0,0,0,57,42,38,1,138,0,0,0,138
03/02/2005,TOL,OH,AGL,CE,Combined TRACON& Tower with Radar,45,61,59,0,165,0,6,20,0,26,45,67,79,0,191,12,0,12,203
03/03/2005,TOL,OH,AGL,CE,Combined TRACON& Tower with Radar,44,62,64,15,185,0,0,24,1,25,44,62,88,16,210,104,16,120,330
03/04/2005,TOL,OH,AGL,CE,Combined TRACON& Tower with Radar,43,60,61,1,165,0,1,36,1,38,43,61,97,2,203,62,0,62,265
03/05/2005,TOL,OH,AGL,CE,Combined TRACON& Tower with Radar,24,50,31,0,105,0,1,35,0,36,24,51,66,0,141,32,0,32,173
03/06/2005,TOL,OH,AGL,CE,Combined TRACON& Tower with Radar,23,58,32,0,113,0,3,12,0,15,23,61,44,0,128,19,0,19,147
03/07/2005,TOL,OH,AGL,CE,Combined TRACON& Tower with Radar,18,50,36,15,119,0,13,12,1,26,18,63,48,16,145,30,18,48,193
03/08/2005,TOL,OH,AGL,CE,Combined TRACON& Tower with Radar,57,60,46,34,197,0,2,20,3,25,57,62,66,37,222,64,50,114,336
03/09/2005,TOL,OH,AGL,CE,Combined TRACON& Tower with Radar,52,59,68,20,199,0,11,21,0,32,52,70,89,20,231,40,20,60,291
03/10/2005,TOL,OH,AGL,CE,Combined TRACON& Tower with Radar,52,55,48,3,158,0,5,16,0,21,52,60,64,3,179,40,0,40,219
03/11/2005,TOL,OH,AGL,CE,Combined TRACON& Tower with Radar,51,53,58,0,162,0,0,7,0,7,51,53,65,0,169,20,0,20,189
03/12/2005,TOL,OH,AGL,CE,Combined TRACON& Tower with Radar,24,46,21,9,100,0,4,9,0,13,24,50,30,9,113,32,18,50,163
03/13/2005,TOL,OH,AGL,CE,Combined TRACON& Tower with Radar,15,46,45,11,117,0,1,36,1,38,15,47,81,12,155,30,0,30,185
03/14/2005,TOL,OH,AGL,CE,Combined TRACON& Tower with Radar,20,50,59,34,163,0,10,16,0,26,20,60,75,34,189,52,22,74,263
03/15/2005,TOL,OH,AGL,CE,Combined TRACON& Tower with Radar,56,41,44,18,159,0,7,47,4,58,56,48,91,22,217,32,10,42,259
03/16/2005,TOL,OH,AGL,CE,Combined TRACON& Tower with Radar,57,52,56,25,190,3,23,36,0,62,60,75,92,25,252,64,4,68,320
03/17/2005,TOL,OH,AGL,CE,Combined TRACON& Tower with Radar,49,53,54,19,175,0,4,7,0,11,49,57,61,19,186,12,2,14,200
03/18/2005,TOL,OH,AGL,CE,Combined TRACON& Tower with Radar,50,54,64,0,168,0,8,8,0,16,50,62,72,0,184,38,0,38,222
03/19/2005,TOL,OH,AGL,CE,Combined TRACON& Tower with Radar,31,41,37,0,109,0,6,10,0,16,31,47,47,0,125,11,0,11,136
03/20/2005,TOL,OH,AGL,CE,Combined TRACON& Tower with Radar,13,46,32,0,91,0,4,4,0,8,13,50,36,0,99,34,0,34,133
03/21/2005,TOL,OH,AGL,CE,Combined TRACON& Tower with Radar,22,49,52,17,140,0,6,20,1,27,22,55,72,18,167,40,0,40,207
03/22/2005,TOL,OH,AGL,CE,Combined TRACON& Tower with Radar,52,53,55,22,182,1,11,25,2,39,53,64,80,24,221,18,8,26,247
03/23/2005,TOL,OH,AGL,CE,Combined TRACON& Tower with Radar,58,44,35,0,137,1,1,3,0,5,59,45,38,0,142,0,0,0,142
03/24/2005,TOL,OH,AGL,CE,Combined TRACON& Tower with Radar,49,55,73,17,194,0,1,27,0,28,49,56,100,17,222,82,22,104,326
03/25/2005,TOL,OH,AGL,CE,Combined TRACON& Tower with Radar,51,43,17,0,111,0,0,8,2,10,51,43,25,2,121,14,0,14,135
03/26/2005,TOL,OH,AGL,CE,Combined TRACON& Tower with Radar,16,42,49,1,108,0,1,19,0,20,16,43,68,1,128,36,0,36,164
03/27/2005,TOL,OH,AGL,CE,Combined TRACON& Tower with Radar,9,44,18,1,72,0,2,10,2,14,9,46,28,3,86,16,0,16,102
03/28/2005,TOL,OH,AGL,CE,Combined TRACON& Tower with Radar,17,43,55,44,159,0,4,22,1,27,17,47,77,45,186,58,20,78,264
03/29/2005,TOL,OH,AGL,CE,Combined TRACON& Tower with Radar,56,40,61,12,169,0,2,21,0,23,56,42,82,12,192,64,20,84,276
03/30/2005,TOL,OH,AGL,CE,Combined TRACON& Tower with Radar,47,59,58,10,174,0,5,41,2,48,47,64,99,12,222,52,8,60,282
03/31/2005,TOL,OH,AGL,CE,Combined TRACON& Tower with Radar,50,45,51,4,150,0,5,15,0,20,50,50,66,4,170,34,0,34,204
04/01/2005,TOL,OH,AGL,CE,Combined TRACON& Tower with Radar,52,47,86,0,185,0,8,33,4,45,52,55,119,4,230,63,0,63,293
04/02/2005,TOL,OH,AGL,CE,Combined TRACON& Tower with Radar,42,38,24,0,104,13,9,6,0,28,55,47,30,0,132,2,0,2,134
04/03/2005,TOL,OH,AGL,CE,Combined TRACON& Tower with Radar,8,52,38,0,98,0,1,33,0,34,8,53,71,0,132,10,0,10,142
04/04/2005,TOL,OH,AGL,CE,Combined TRACON& Tower with Radar,18,40,49,12,119,0,8,63,0,71,18,48,112,12,190,22,0,22,212
04/05/2005,TOL,OH,AGL,CE,Combined TRACON& Tower with Radar,53,42,56,17,168,0,1,34,1,36,53,43,90,18,204,73,28,101,305
04/06/2005,TOL,OH,AGL,CE,Combined TRACON& Tower with Radar,54,52,44,20,170,0,7,22,0,29,54,59,66,20,199,48,16,64,263
04/07/2005,TOL,OH,AGL,CE,Combined TRACON& Tower with Radar,51,47,55,12,165,0,0,4,0,4,51,47,59,12,169,51,11,62,231
04/08/2005,TOL,OH,AGL,CE,Combined TRACON& Tower with Radar,54,43,62,0,159,0,7,54,1,62,54,50,116,1,221,67,0,67,288
04/09/2005,TOL,OH,AGL,CE,Combined TRACON& Tower with Radar,30,46,28,9,113,0,8,31,0,39,30,54,59,9,152,30,10,40,192
04/10/2005,TOL,OH,AGL,CE,Combined TRACON& Tower with Radar,14,41,48,0,103,0,2,26,1,29,14,43,74,1,132,40,0,40,172
04/11/2005,TOL,OH,AGL,CE,Combined TRACON& Tower with Radar,13,55,57,14,139,0,3,26,0,29,13,58,83,14,168,30,18,48,216
04/12/2005,TOL,OH,AGL,CE,Combined TRACON& Tower with Radar,51,49,69,32,201,0,4,26,0,30,51,53,95,32,231,56,20,76,307
04/13/2005,TOL,OH,AGL,CE,Combined TRACON& Tower with Radar,50,47,54,24,175,0,4,37,0,41,50,51,91,24,216,64,14,78,294
04/14/2005,TOL,OH,AGL,CE,Combined TRACON& Tower with Radar,46,55,83,20,204,1,1,21,1,24,47,56,104,21,228,58,32,90,318
04/15/2005,TOL,OH,AGL,CE,Combined TRACON& Tower with Radar,54,53,47,0,154,2,8,51,0,61,56,61,98,0,215,56,0,56,271
04/16/2005,TOL,OH,AGL,CE,Combined TRACON& Tower with Radar,24,40,33,1,98,0,5,37,0,42,24,45,70,1,140,36,0,36,176
04/17/2005,TOL,OH,AGL,CE,Combined TRACON& Tower with Radar,14,46,27,1,88,0,5,21,0,26,14,51,48,1,114,68,0,68,182
04/18/2005,TOL,OH,AGL,CE,Combined TRACON& Tower with Radar,15,53,62,11,141,0,2,28,2,32,15,55,90,13,173,90,24,114,287
04/19/2005,TOL,OH,AGL,CE,Combined TRACON& Tower with Radar,53,53,57,8,171,0,1,33,1,35,53,54,90,9,206,50,26,76,282
04/20/2005,TOL,OH,AGL,CE,Combined TRACON& Tower with Radar,48,53,43,23,167,0,4,25,0,29,48,57,68,23,196,68,0,68,264
04/21/2005,TOL,OH,AGL,CE,Combined TRACON& Tower with Radar,50,53,65,11,179,0,4,25,0,29,50,57,90,11,208,36,8,44,252
04/22/2005,TOL,OH,AGL,CE,Combined TRACON& Tower with Radar,58,62,56,3,179,0,3,0,0,3,58,65,56,3,182,8,4,12,194
04/23/2005,TOL,OH,AGL,CE,Combined TRACON& Tower with Radar,32,42,14,0,88,0,2,7,0,9,32,44,21,0,97,0,0,0,97
04/24/2005,TOL,OH,AGL,CE,Combined TRACON& Tower with Radar,5,53,16,0,74,0,0,1,0,1,5,53,17,0,75,0,0,0,75
04/25/2005,TOL,OH,AGL,CE,Combined TRACON& Tower with Radar,18,48,49,14,129,0,6,23,0,29,18,54,72,14,158,24,12,36,194
04/26/2005,TOL,OH,AGL,CE,Combined TRACON& Tower with Radar,46,53,68,5,172,0,2,4,1,7,46,55,72,6,179,36,6,42,221
04/27/2005,TOL,OH,AGL,CE,Combined TRACON& Tower with Radar,56,50,69,21,196,0,5,19,0,24,56,55,88,21,220,18,6,24,244
04/28/2005,TOL,OH,AGL,CE,Combined TRACON& Tower with Radar,48,54,71,11,184,0,1,38,0,39,48,55,109,11,223,50,6,56,279
04/29/2005,TOL,OH,AGL,CE,Combined TRACON& Tower with Radar,49,58,50,10,167,0,7,16,0,23,49,65,66,10,190,40,20,60,250
04/30/2005,TOL,OH,AGL,CE,Combined TRACON& Tower with Radar,29,34,33,0,96,0,0,18,0,18,29,34,51,0,114,60,0,60,174
05/01/2005,TOL,OH,AGL,CE,Combined TRACON& Tower with Radar,16,43,40,0,99,0,1,18,0,19,16,44,58,0,118,40,0,40,158
05/02/2005,TOL,OH,AGL,CE,Combined TRACON& Tower with Radar,24,39,43,7,113,0,2,22,0,24,24,41,65,7,137,30,12,42,179
05/03/2005,TOL,OH,AGL,CE,Combined TRACON& Tower with Radar,58,47,60,19,184,0,2,19,0,21,58,49,79,19,205,22,20,42,247
05/04/2005,TOL,OH,AGL,CE,Combined TRACON& Tower with Radar,41,70,64,14,189,0,3,47,0,50,41,73,111,14,239,60,9,69,308
05/05/2005,TOL,OH,AGL,CE,Combined TRACON& Tower with Radar,50,52,51,20,173,0,1,21,0,22,50,53,72,20,195,24,14,38,233
05/06/2005,TOL,OH,AGL,CE,Combined TRACON& Tower with Radar,50,62,72,0,184,0,1,35,0,36,50,63,107,0,220,38,0,38,258
05/07/2005,TOL,OH,AGL,CE,Combined TRACON& Tower with Radar,29,45,32,0,106,0,10,51,0,61,29,55,83,0,167,60,0,60,227
05/08/2005,TOL,OH,AGL,CE,Combined TRACON& Tower with Radar,13,47,16,0,76,0,2,41,0,43,13,49,57,0,119,16,0,16,135
05/09/2005,TOL,OH,AGL,CE,Combined TRACON& Tower with Radar,12,59,65,10,146,0,6,34,1,41,12,65,99,11,187,71,15,86,273
05/10/2005,TOL,OH,AGL,CE,Combined TRACON& Tower with Radar,54,65,63,6,188,0,2,17,0,19,54,67,80,6,207,58,8,66,273
05/11/2005,TOL,OH,AGL,CE,Combined TRACON& Tower with Radar,50,58,36,10,154,4,6,8,1,19,54,64,44,11,173,22,0,22,195
05/12/2005,TOL,OH,AGL,CE,Combined TRACON& Tower with Radar,47,67,44,9,167,0,2,11,0,13,47,69,55,9,180,28,2,30,210
05/13/2005,TOL,OH,AGL,CE,Combined TRACON& Tower with Radar,44,54,38,6,142,0,2,7,2,11,44,56,45,8,153,22,8,30,183
05/14/2005,TOL,OH,AGL,CE,Combined TRACON& Tower with Radar,31,43,39,9,122,0,0,2,0,2,31,43,41,9,124,39,8,47,171
05/15/2005,TOL,OH,AGL,CE,Combined TRACON& Tower with Radar,13,47,47,2,109,0,1,31,2,34,13,48,78,4,143,80,0,80,223
05/16/2005,TOL,OH,AGL,CE,Combined TRACON& Tower with Radar,14,43,54,12,123,0,2,14,0,16,14,45,68,12,139,38,10,48,187
05/17/2005,TOL,OH,AGL,CE,Combined TRACON& Tower with Radar,56,52,44,12,164,0,2,11,0,13,56,54,55,12,177,50,36,86,263
05/18/2005,TOL,OH,AGL,CE,Combined TRACON& Tower with Radar,53,55,48,9,165,0,6,32,1,39,53,61,80,10,204,24,0,24,228
05/19/2005,TOL,OH,AGL,CE,Combined TRACON& Tower with Radar,46,49,49,3,147,0,4,4,0,8,46,53,53,3,155,34,2,36,191
05/20/2005,TOL,OH,AGL,CE,Combined TRACON& Tower with Radar,59,53,51,1,164,0,12,35,0,47,59,65,86,1,211,62,0,62,273
05/21/2005,TOL,OH,AGL,CE,Combined TRACON& Tower with Radar,28,46,28,10,112,0,2,43,1,46,28,48,71,11,158,48,0,48,206
05/22/2005,TOL,OH,AGL,CE,Combined TRACON& Tower with Radar,16,36,33,0,85,0,2,10,1,13,16,38,43,1,98,12,0,12,110
05/23/2005,TOL,OH,AGL,CE,Combined TRACON& Tower with Radar,11,56,36,1,104,0,4,10,0,14,11,60,46,1,118,24,0,24,142
05/24/2005,TOL,OH,AGL,CE,Combined TRACON& Tower with Radar,47,52,60,12,171,0,4,18,1,23,47,56,78,13,194,42,18,60,254
05/25/2005,TOL,OH,AGL,CE,Combined TRACON& Tower with Radar,55,49,61,17,182,0,6,34,5,45,55,55,95,22,227,78,8,86,313
05/26/2005,TOL,OH,AGL,CE,Combined TRACON& Tower with Radar,52,47,60,10,169,0,4,24,0,28,52,51,84,10,197,40,4,44,241
05/27/2005,TOL,OH,AGL,CE,Combined TRACON& Tower with Radar,74,52,46,1,173,1,3,17,0,21,75,55,63,1,194,61,0,61,255
05/28/2005,TOL,OH,AGL,CE,Combined TRACON& Tower with Radar,18,37,34,0,89,0,4,20,0,24,18,41,54,0,113,32,0,32,145
05/29/2005,TOL,OH,AGL,CE,Combined TRACON& Tower with Radar,17,29,12,0,58,1,3,19,1,24,18,32,31,1,82,18,0,18,100
05/30/2005,TOL,OH,AGL,CE,Combined TRACON& Tower with Radar,12,36,32,2,82,0,1,11,3,15,12,37,43,5,97,34,0,34,131
05/31/2005,TOL,OH,AGL,CE,Combined TRACON& Tower with Radar,11,51,61,13,136,0,3,15,4,22,11,54,76,17,158,34,18,52,210
06/01/2005,TOL,OH,AGL,CE,Combined TRACON& Tower with Radar,70,34,48,12,164,0,4,26,0,30,70,38,74,12,194,58,12,70,264
06/02/2005,TOL,OH,AGL,CE,Combined TRACON& Tower with Radar,51,57,64,14,186,0,2,22,0,24,51,59,86,14,210,34,14,48,258
06/03/2005,TOL,OH,AGL,CE,Combined TRACON& Tower with Radar,54,58,62,0,174,0,1,30,0,31,54,59,92,0,205,46,0,46,251
06/04/2005,TOL,OH,AGL,CE,Combined TRACON& Tower with Radar,26,60,29,0,115,0,5,29,0,34,26,65,58,0,149,16,0,16,165
06/05/2005,TOL,OH,AGL,CE,Combined TRACON& Tower with Radar,6,50,27,1,84,0,2,33,0,35,6,52,60,1,119,27,0,27,146
06/06/2005,TOL,OH,AGL,CE,Combined TRACON& Tower with Radar,12,58,56,12,138,0,5,32,0,37,12,63,88,12,175,38,10,48,223
06/07/2005,TOL,OH,AGL,CE,Combined TRACON& Tower with Radar,53,50,56,12,171,0,2,27,2,31,53,52,83,14,202,28,2,30,232
06/08/2005,TOL,OH,AGL,CE,Combined TRACON& Tower with Radar,58,42,41,17,158,0,1,33,1,35,58,43,74,18,193,43,16,59,252
06/09/2005,TOL,OH,AGL,CE,Combined TRACON& Tower with Radar,53,61,41,9,164,0,12,30,0,42,53,73,71,9,206,26,0,26,232
06/10/2005,TOL,OH,AGL,CE,Combined TRACON& Tower with Radar,51,50,60,3,164,0,3,24,0,27,51,53,84,3,191,62,4,66,257
06/11/2005,TOL,OH,AGL,CE,Combined TRACON& Tower with Radar,23,52,27,6,108,0,4,21,0,25,23,56,48,6,133,20,14,34,167
06/12/2005,TOL,OH,AGL,CE,Combined TRACON& Tower with Radar,20,47,22,8,97,0,3,26,1,30,20,50,48,9,127,40,0,40,167
06/13/2005,TOL,OH,AGL,CE,Combined TRACON& Tower with Radar,16,34,55,12,117,0,4,4,2,10,16,38,59,14,127,16,4,20,147
06/14/2005,TOL,OH,AGL,CE,Combined TRACON& Tower with Radar,55,54,53,24,186,0,0,12,5,17,55,54,65,29,203,20,14,34,237
06/15/2005,TOL,OH,AGL,CE,Combined TRACON& Tower with Radar,52,63,59,8,182,0,5,17,0,22,52,68,76,8,204,46,10,56,260
06/16/2005,TOL,OH,AGL,CE,Combined TRACON& Tower with Radar,52,59,70,9,190,0,0,24,1,25,52,59,94,10,215,78,4,82,297
06/17/2005,TOL,OH,AGL,CE,Combined TRACON& Tower with Radar,44,61,45,6,156,0,5,37,0,42,44,66,82,6,198,32,0,32,230
06/18/2005,TOL,OH,AGL,CE,Combined TRACON& Tower with Radar,22,65,33,0,120,0,1,36,0,37,22,66,69,0,157,24,0,24,181
06/19/2005,TOL,OH,AGL,CE,Combined TRACON& Tower with Radar,22,64,43,1,130,1,18,36,1,56,23,82,79,2,186,16,0,16,202
06/20/2005,TOL,OH,AGL,CE,Combined TRACON& Tower with Radar,14,55,59,14,142,0,6,49,2,57,14,61,108,16,199,46,0,46,245
06/21/2005,TOL,OH,AGL,CE,Combined TRACON& Tower with Radar,46,52,54,11,163,0,19,47,1,67,46,71,101,12,230,50,14,64,294
06/22/2005,TOL,OH,AGL,CE,Combined TRACON& Tower with Radar,56,52,48,9,165,0,3,45,1,49,56,55,93,10,214,64,10,74,288
06/23/2005,TOL,OH,AGL,CE,Combined TRACON& Tower with Radar,61,46,70,12,189,0,8,46,0,54,61,54,116,12,243,26,8,34,277
06/24/2005,TOL,OH,AGL,CE,Combined TRACON& Tower with Radar,56,54,69,2,181,0,4,43,1,48,56,58,112,3,229,48,0,48,277
06/25/2005,TOL,OH,AGL,CE,Combined TRACON& Tower with Radar,31,38,28,0,97,0,0,22,1,23,31,38,50,1,120,16,0,16,136
06/26/2005,TOL,OH,AGL,CE,Combined TRACON& Tower with Radar,9,50,23,0,82,0,4,39,1,44,9,54,62,1,126,6,0,6,132
06/27/2005,TOL,OH,AGL,CE,Combined TRACON& Tower with Radar,25,53,42,18,138,0,7,19,2,28,25,60,61,20,166,32,16,48,214
06/28/2005,TOL,OH,AGL,CE,Combined TRACON& Tower with Radar,56,41,53,21,171,0,5,18,0,23,56,46,71,21,194,10,8,18,212
06/29/2005,TOL,OH,AGL,CE,Combined TRACON& Tower with Radar,49,61,66,22,198,0,1,10,0,11,49,62,76,22,209,56,18,74,283
06/30/2005,TOL,OH,AGL,CE,Combined TRACON& Tower with Radar,47,52,65,9,173,0,3,27,0,30,47,55,92,9,203,30,2,32,235
07/01/2005,TOL,OH,AGL,CE,Combined TRACON& Tower with Radar,55,56,51,3,165,0,0,35,0,35,55,56,86,3,200,52,0,52,252
07/02/2005,TOL,OH,AGL,CE,Combined TRACON& Tower with Radar,14,44,37,2,97,0,2,33,0,35,14,46,70,2,132,68,0,68,200
07/03/2005,TOL,OH,AGL,CE,Combined TRACON& Tower with Radar,14,39,20,0,73,0,1,18,0,19,14,40,38,0,92,18,0,18,110
07/04/2005,TOL,OH,AGL,CE,Combined TRACON& Tower with Radar,13,36,20,1,70,0,4,20,0,24,13,40,40,1,94,28,0,28,122
07/05/2005,TOL,OH,AGL,CE,Combined TRACON& Tower with Radar,15,51,58,19,143,0,6,18,1,25,15,57,76,20,168,36,32,68,236
07/06/2005,TOL,OH,AGL,CE,Combined TRACON& Tower with Radar,46,67,63,15,191,0,2,16,0,18,46,69,79,15,209,40,2,42,251
07/07/2005,TOL,OH,AGL,CE,Combined TRACON& Tower with Radar,42,64,50,13,169,0,2,37,0,39,42,66,87,13,208,38,16,54,262
07/08/2005,TOL,OH,AGL,CE,Combined TRACON& Tower with Radar,45,67,50,3,165,0,1,20,1,22,45,68,70,4,187,28,0,28,215
07/09/2005,TOL,OH,AGL,CE,Combined TRACON& Tower with Radar,18,63,19,1,101,0,8,26,5,39,18,71,45,6,140,32,0,32,172
07/10/2005,TOL,OH,AGL,CE,Combined TRACON& Tower with Radar,15,53,25,0,93,0,3,37,1,41,15,56,62,1,134,22,0,22,156
07/11/2005,TOL,OH,AGL,CE,Combined TRACON& Tower with Radar,6,60,29,19,114,0,1,35,1,37,6,61,64,20,151,14,6,20,171
07/12/2005,TOL,OH,AGL,CE,Combined TRACON& Tower with Radar,45,61,64,18,188,0,2,13,0,15,45,63,77,18,203,36,9,45,248
07/13/2005,TOL,OH,AGL,CE,Combined TRACON& Tower with Radar,40,75,44,20,179,0,3,16,0,19,40,78,60,20,198,10,18,28,226
07/14/2005,TOL,OH,AGL,CE,Combined TRACON& Tower with Radar,50,64,30,15,159,0,0,9,0,9,50,64,39,15,168,12,0,12,180
07/15/2005,TOL,OH,AGL,CE,Combined TRACON& Tower with Radar,47,57,47,1,152,0,2,12,2,16,47,59,59,3,168,14,0,14,182
07/16/2005,TOL,OH,AGL,CE,Combined TRACON& Tower with Radar,12,50,21,2,85,0,0,2,0,2,12,50,23,2,87,4,0,4,91
07/17/2005,TOL,OH,AGL,CE,Combined TRACON& Tower with Radar,3,61,39,0,103,0,0,6,0,6,3,61,45,0,109,13,0,13,122
07/18/2005,TOL,OH,AGL,CE,Combined TRACON& Tower with Radar,3,63,39,21,126,0,3,15,0,18,3,66,54,21,144,6,16,22,166
07/19/2005,TOL,OH,AGL,CE,Combined TRACON& Tower with Radar,50,66,78,24,218,0,6,46,0,52,50,72,124,24,270,48,24,72,342
07/20/2005,TOL,OH,AGL,CE,Combined TRACON& Tower with Radar,43,52,59,18,172,0,2,29,4,35,43,54,88,22,207,76,18,94,301
07/21/2005,TOL,OH,AGL,CE,Combined TRACON& Tower with Radar,41,61,50,12,164,0,6,17,4,27,41,67,67,16,191,48,12,60,251
07/22/2005,TOL,OH,AGL,CE,Combined TRACON& Tower with Radar,53,54,59,0,166,0,4,41,0,45,53,58,100,0,211,62,0,62,273
07/23/2005,TOL,OH,AGL,CE,Combined TRACON& Tower with Radar,17,48,33,0,98,0,5,49,1,55,17,53,82,1,153,60,0,60,213
07/24/2005,TOL,OH,AGL,CE,Combined TRACON& Tower with Radar,1,56,21,0,78,0,1,10,0,11,1,57,31,0,89,12,0,12,101
07/25/2005,TOL,OH,AGL,CE,Combined TRACON& Tower with Radar,3,66,47,20,136,0,1,33,1,35,3,67,80,21,171,24,30,54,225
07/26/2005,TOL,OH,AGL,CE,Combined TRACON& Tower with Radar,43,58,35,21,157,0,1,15,0,16,43,59,50,21,173,24,4,28,201
07/27/2005,TOL,OH,AGL,CE,Combined TRACON& Tower with Radar,59,65,71,14,209,0,2,36,1,39,59,67,107,15,248,72,14,86,334
07/28/2005,TOL,OH,AGL,CE,Combined TRACON& Tower with Radar,53,49,51,18,171,0,3,46,0,49,53,52,97,18,220,58,26,84,304
07/29/2005,TOL,OH,AGL,CE,Combined TRACON& Tower with Radar,46,59,57,1,163,0,0,41,3,44,46,59,98,4,207,20,0,20,227
07/30/2005,TOL,OH,AGL,CE,Combined TRACON& Tower with Radar,13,58,22,0,93,0,1,35,0,36,13,59,57,0,129,32,0,32,161
07/31/2005,TOL,OH,AGL,CE,Combined TRACON& Tower with Radar,5,51,34,0,90,0,1,21,1,23,5,52,55,1,113,20,0,20,133
08/01/2005,TOL,OH,AGL,CE,Combined TRACON& Tower with Radar,1,63,50,13,127,0,0,18,3,21,1,63,68,16,148,18,6,24,172
08/02/2005,TOL,OH,AGL,CE,Combined TRACON& Tower with Radar,43,58,46,21,168,0,2,54,0,56,43,60,100,21,224,52,18,70,294
08/03/2005,TOL,OH,AGL,CE,Combined TRACON& Tower with Radar,48,63,66,16,193,0,4,17,5,26,48,67,83,21,219,39,26,65,284
08/04/2005,TOL,OH,AGL,CE,Combined TRACON& Tower with Radar,41,67,39,18,165,0,1,14,0,15,41,68,53,18,180,20,66,86,266
08/05/2005,TOL,OH,AGL,CE,Combined TRACON& Tower with Radar,40,69,30,1,140,0,10,26,3,39,40,79,56,4,179,91,0,91,270
08/06/2005,TOL,OH,AGL,CE,Combined TRACON& Tower with Radar,10,56,21,17,104,0,3,23,0,26,10,59,44,17,130,26,22,48,178
08/07/2005,TOL,OH,AGL,CE,Combined TRACON& Tower with Radar,3,52,16,0,71,0,0,22,0,22,3,52,38,0,93,26,0,26,119
08/08/2005,TOL,OH,AGL,CE,Combined TRACON& Tower with Radar,7,52,45,10,114,0,4,26,4,34,7,56,71,14,148,22,12,34,182
08/09/2005,TOL,OH,AGL,CE,Combined TRACON& Tower with Radar,51,62,72,8,193,0,1,24,1,26,51,63,96,9,219,22,12,34,253
08/10/2005,TOL,OH,AGL,CE,Combined TRACON& Tower with Radar,54,67,46,7,174,0,5,21,1,27,54,72,67,8,201,15,2,17,218
08/11/2005,TOL,OH,AGL,CE,Combined TRACON& Tower with Radar,40,58,48,4,150,0,5,36,2,43,40,63,84,6,193,38,4,42,235
08/12/2005,TOL,OH,AGL,CE,Combined TRACON& Tower with Radar,50,66,46,0,162,0,2,20,0,22,50,68,66,0,184,30,0,30,214
08/13/2005,TOL,OH,AGL,CE,Combined TRACON& Tower with Radar,10,46,38,0,94,0,1,18,0,19,10,47,56,0,113,20,0,20,133
08/14/2005,TOL,OH,AGL,CE,Combined TRACON& Tower with Radar,6,56,36,0,98,0,7,12,0,19,6,63,48,0,117,2,0,2,119
08/15/2005,TOL,OH,AGL,CE,Combined TRACON& Tower with Radar,8,70,59,0,137,0,4,26,2,32,8,74,85,2,169,52,0,52,221
08/16/2005,TOL,OH,AGL,CE,Combined TRACON& Tower with Radar,46,73,65,0,184,0,2,31,2,35,46,75,96,2,219,26,0,26,245
08/17/2005,TOL,OH,AGL,CE,Combined TRACON& Tower with Radar,46,56,67,0,169,0,2,44,0,46,46,58,111,0,215,34,0,34,249
08/18/2005,TOL,OH,AGL,CE,Combined TRACON& Tower with Radar,56,48,63,0,167,0,1,16,0,17,56,49,79,0,184,12,0,12,196
08/19/2005,TOL,OH,AGL,CE,Combined TRACON& Tower with Radar,46,57,49,5,157,0,9,11,0,20,46,66,60,5,177,24,18,42,219
08/20/2005,TOL,OH,AGL,CE,Combined TRACON& Tower with Radar,22,48,22,0,92,0,1,13,0,14,22,49,35,0,106,2,0,2,108
08/21/2005,TOL,OH,AGL,CE,Combined TRACON& Tower with Radar,6,62,29,0,97,0,3,32,0,35,6,65,61,0,132,4,0,4,136
08/22/2005,TOL,OH,AGL,CE,Combined TRACON& Tower with Radar,6,64,56,0,126,0,2,25,0,27,6,66,81,0,153,52,0,52,205
08/23/2005,TOL,OH,AGL,CE,Combined TRACON& Tower with Radar,46,60,62,0,168,0,1,37,0,38,46,61,99,0,206,50,0,50,256
08/24/2005,TOL,OH,AGL,CE,Combined TRACON& Tower with Radar,43,64,55,0,162,0,7,51,0,58,43,71,106,0,220,60,2,62,282
08/25/2005,TOL,OH,AGL,CE,Combined TRACON& Tower with Radar,45,70,68,0,183,0,3,58,0,61,45,73,126,0,244,60,0,60,304
08/26/2005,TOL,OH,AGL,CE,Combined TRACON& Tower with Radar,49,68,48,1,166,0,1,35,1,37,49,69,83,2,203,38,0,38,241
08/27/2005,TOL,OH,AGL,CE,Combined TRACON& Tower with Radar,17,52,48,4,121,0,2,9,1,12,17,54,57,5,133,16,0,16,149
08/28/2005,TOL,OH,AGL,CE,Combined TRACON& Tower with Radar,2,52,37,2,93,0,1,33,0,34,2,53,70,2,127,20,0,20,147
08/29/2005,TOL,OH,AGL,CE,Combined TRACON& Tower with Radar,10,28,44,0,82,0,0,10,0,10,10,28,54,0,92,24,0,24,116
08/30/2005,TOL,OH,AGL,CE,Combined TRACON& Tower with Radar,41,70,51,0,162,0,0,0,0,0,41,70,51,0,162,32,0,32,194
08/31/2005,TOL,OH,AGL,CE,Combined TRACON& Tower with Radar,50,60,75,0,185,0,2,22,0,24,50,62,97,0,209,24,0,24,233
09/01/2005,TOL,OH,AGL,CE,Combined TRACON& Tower with Radar,46,70,56,0,172,0,0,24,0,24,46,70,80,0,196,38,0,38,234
09/02/2005,TOL,OH,AGL,CE,Combined TRACON& Tower with Radar,45,62,53,0,160,2,8,30,0,40,47,70,83,0,200,54,0,54,254
09/03/2005,TOL,OH,AGL,CE,Combined TRACON& Tower with Radar,13,39,25,3,80,0,2,37,0,39,13,41,62,3,119,44,0,44,163
09/04/2005,TOL,OH,AGL,CE,Combined TRACON& Tower with Radar,2,44,21,0,67,0,2,16,0,18,2,46,37,0,85,8,0,8,93
09/05/2005,TOL,OH,AGL,CE,Combined TRACON& Tower with Radar,9,38,35,0,82,0,1,24,0,25,9,39,59,0,107,13,0,13,120
09/06/2005,TOL,OH,AGL,CE,Combined TRACON& Tower with Radar,11,43,63,0,117,0,1,27,0,28,11,44,90,0,145,30,0,30,175
09/07/2005,TOL,OH,AGL,CE,Combined TRACON& Tower with Radar,44,61,56,2,163,0,4,30,0,34,44,65,86,2,197,36,0,36,233
09/08/2005,TOL,OH,AGL,CE,Combined TRACON& Tower with Radar,48,71,38,2,159,0,4,16,0,20,48,75,54,2,179,16,0,16,195
09/09/2005,TOL,OH,AGL,CE,Combined TRACON& Tower with Radar,46,62,46,0,154,0,4,17,0,21,46,66,63,0,175,36,0,36,211
09/10/2005,TOL,OH,AGL,CE,Combined TRACON& Tower with Radar,12,44,32,1,89,0,5,44,0,49,12,49,76,1,138,42,12,54,192
09/11/2005,TOL,OH,AGL,CE,Combined TRACON& Tower with Radar,0,57,20,5,82,0,1,33,0,34,0,58,53,5,116,14,0,14,130
09/12/2005,TOL,OH,AGL,CE,Combined TRACON& Tower with Radar,4,60,50,0,114,0,3,33,0,36,4,63,83,0,150,22,0,22,172
09/13/2005,TOL,OH,AGL,CE,Combined TRACON& Tower with Radar,45,61,59,2,167,0,4,13,0,17,45,65,72,2,184,22,0,22,206
09/14/2005,TOL,OH,AGL,CE,Combined TRACON& Tower with Radar,45,55,56,0,156,0,1,14,0,15,45,56,70,0,171,2,0,2,173
09/15/2005,TOL,OH,AGL,CE,Combined TRACON& Tower with Radar,33,86,63,0,182,0,1,23,0,24,33,87,86,0,206,62,0,62,268
09/16/2005,TOL,OH,AGL,CE,Combined TRACON& Tower with Radar,48,59,81,0,188,0,1,6,0,7,48,60,87,0,195,6,0,6,201
09/17/2005,TOL,OH,AGL,CE,Combined TRACON& Tower with Radar,14,56,34,1,105,0,3,15,0,18,14,59,49,1,123,28,0,28,151
09/18/2005,TOL,OH,AGL,CE,Combined TRACON& Tower with Radar,2,62,37,0,101,0,2,14,0,16,2,64,51,0,117,26,0,26,143
09/19/2005,TOL,OH,AGL,CE,Combined TRACON& Tower with Radar,11,47,45,1,104,0,0,16,0,16,11,47,61,1,120,8,0,8,128
09/20/2005,TOL,OH,AGL,CE,Combined TRACON& Tower with Radar,50,55,83,0,188,0,1,29,2,32,50,56,112,2,220,60,0,60,280
09/21/2005,TOL,OH,AGL,CE,Combined TRACON& Tower with Radar,46,59,55,0,160,0,2,35,1,38,46,61,90,1,198,80,2,82,280
09/22/2005,TOL,OH,AGL,CE,Combined TRACON& Tower with Radar,51,61,44,0,156,0,1,6,0,7,51,62,50,0,163,8,0,8,171
09/23/2005,TOL,OH,AGL,CE,Combined TRACON& Tower with Radar,51,63,78,3,195,0,3,12,1,16,51,66,90,4,211,34,2,36,247
09/24/2005,TOL,OH,AGL,CE,Combined TRACON& Tower with Radar,8,40,26,0,74,0,3,25,0,28,8,43,51,0,102,28,0,28,130
09/25/2005,TOL,OH,AGL,CE,Combined TRACON& Tower with Radar,3,52,29,3,87,0,0,11,0,11,3,52,40,3,98,0,0,0,98
09/26/2005,TOL,OH,AGL,CE,Combined TRACON& Tower with Radar,11,54,51,0,116,0,1,11,0,12,11,55,62,0,128,8,0,8,136
09/27/2005,TOL,OH,AGL,CE,Combined TRACON& Tower with Radar,52,67,61,5,185,0,1,53,0,54,52,68,114,5,239,64,0,64,303
09/28/2005,TOL,OH,AGL,CE,Combined TRACON& Tower with Radar,45,58,81,14,198,0,4,27,0,31,45,62,108,14,229,37,0,37,266
09/29/2005,TOL,OH,AGL,CE,Combined TRACON& Tower with Radar,40,63,59,6,168,0,4,30,0,34,40,67,89,6,202,38,0,38,240
09/30/2005,TOL,OH,AGL,CE,Combined TRACON& Tower with Radar,43,59,59,2,163,0,1,31,0,32,43,60,90,2,195,32,0,32,227
10/01/2005,TOL,OH,AGL,CE,Combined TRACON& Tower with Radar,16,49,31,0,96,0,3,71,0,74,16,52,102,0,170,32,0,32,202
10/02/2005,TOL,OH,AGL,CE,Combined TRACON& Tower with Radar,1,51,37,0,89,0,5,21,0,26,1,56,58,0,115,28,0,28,143
10/03/2005,TOL,OH,AGL,CE,Combined TRACON& Tower with Radar,5,50,46,0,101,0,1,21,0,22,5,51,67,0,123,6,0,6,129
10/04/2005,TOL,OH,AGL,CE,Combined TRACON& Tower with Radar,53,44,73,4,174,0,1,29,0,30,53,45,102,4,204,44,12,56,260
10/05/2005,TOL,OH,AGL,CE,Combined TRACON& Tower with Radar,47,59,69,0,175,0,7,66,0,73,47,66,135,0,248,69,2,71,319
10/06/2005,TOL,OH,AGL,CE,Combined TRACON& Tower with Radar,47,51,32,0,130,0,3,30,0,33,47,54,62,0,163,62,0,62,225
10/07/2005,TOL,OH,AGL,CE,Combined TRACON& Tower with Radar,42,53,60,0,155,0,4,11,0,15,42,57,71,0,170,38,0,38,208
10/08/2005,TOL,OH,AGL,CE,Combined TRACON& Tower with Radar,10,58,37,0,105,0,4,16,0,20,10,62,53,0,125,54,0,54,179
10/09/2005,TOL,OH,AGL,CE,Combined TRACON& Tower with Radar,2,58,46,0,106,0,3,12,0,15,2,61,58,0,121,26,0,26,147
10/10/2005,TOL,OH,AGL,CE,Combined TRACON& Tower with Radar,6,47,63,0,116,0,0,0,0,0,6,47,63,0,116,18,0,18,134
10/11/2005,TOL,OH,AGL,CE,Combined TRACON& Tower with Radar,46,55,99,2,202,0,1,6,0,7,46,56,105,2,209,38,0,38,247
10/12/2005,TOL,OH,AGL,CE,Combined TRACON& Tower with Radar,42,57,87,1,187,0,0,12,0,12,42,57,99,1,199,14,0,14,213
10/13/2005,TOL,OH,AGL,CE,Combined TRACON& Tower with Radar,45,59,65,5,174,1,1,20,0,22,46,60,85,5,196,28,0,28,224
10/14/2005,TOL,OH,AGL,CE,Combined TRACON& Tower with Radar,45,57,70,1,173,0,1,17,1,19,45,58,87,2,192,33,2,35,227
10/15/2005,TOL,OH,AGL,CE,Combined TRACON& Tower with Radar,11,45,22,0,78,0,4,37,0,41,11,49,59,0,119,20,0,20,139
10/16/2005,TOL,OH,AGL,CE,Combined TRACON& Tower with Radar,6,50,31,1,88,0,2,20,0,22,6,52,51,1,110,18,0,18,128
10/17/2005,TOL,OH,AGL,CE,Combined TRACON& Tower with Radar,1,58,55,0,114,0,3,18,0,21,1,61,73,0,135,54,0,54,189
10/18/2005,TOL,OH,AGL,CE,Combined TRACON& Tower with Radar,49,57,73,0,179,1,0,53,0,54,50,57,126,0,233,60,0,60,293
10/19/2005,TOL,OH,AGL,CE,Combined TRACON& Tower with Radar,51,58,82,0,191,0,5,33,0,38,51,63,115,0,229,52,0,52,281
10/20/2005,TOL,OH,AGL,CE,Combined TRACON& Tower with Radar,48,50,76,14,188,0,0,29,0,29,48,50,105,14,217,26,24,50,267
10/21/2005,TOL,OH,AGL,CE,Combined TRACON& Tower with Radar,48,49,43,0,140,0,1,11,0,12,48,50,54,0,152,23,0,23,175
10/22/2005,TOL,OH,AGL,CE,Combined TRACON& Tower with Radar,8,47,29,0,84,0,1,17,0,18,8,48,46,0,102,44,0,44,146
10/23/2005,TOL,OH,AGL,CE,Combined TRACON& Tower with Radar,2,55,46,0,103,0,3,25,1,29,2,58,71,1,132,54,0,54,186
10/24/2005,TOL,OH,AGL,CE,Combined TRACON& Tower with Radar,8,49,38,13,108,0,2,7,0,9,8,51,45,13,117,10,14,24,141
10/25/2005,TOL,OH,AGL,CE,Combined TRACON& Tower with Radar,51,51,39,11,152,0,1,16,0,17,51,52,55,11,169,36,8,44,213
10/26/2005,TOL,OH,AGL,CE,Combined TRACON& Tower with Radar,44,51,78,12,185,0,2,31,0,33,44,53,109,12,218,49,10,59,277
10/27/2005,TOL,OH,AGL,CE,Combined TRACON& Tower with Radar,51,53,48,22,174,0,1,0,0,1,51,54,48,22,175,46,20,66,241
10/28/2005,TOL,OH,AGL,CE,Combined TRACON& Tower with Radar,53,65,79,0,197,0,0,12,0,12,53,65,91,0,209,56,0,56,265
10/29/2005,TOL,OH,AGL,CE,Combined TRACON& Tower with Radar,14,50,40,0,104,0,1,32,0,33,14,51,72,0,137,40,0,40,177
10/30/2005,TOL,OH,AGL,CE,Combined TRACON& Tower with Radar,3,49,23,0,75,0,1,26,0,27,3,50,49,0,102,20,0,20,122
10/31/2005,TOL,OH,AGL,CE,Combined TRACON& Tower with Radar,4,53,57,0,114,0,1,9,0,10,4,54,66,0,124,32,0,32,156
11/01/2005,TOL,OH,AGL,CE,Combined TRACON& Tower with Radar,56,47,50,18,171,0,0,14,0,14,56,47,64,18,185,36,0,36,221
11/02/2005,TOL,OH,AGL,CE,Combined TRACON& Tower with Radar,49,56,83,15,203,0,1,21,4,26,49,57,104,19,229,44,22,66,295
11/03/2005,TOL,OH,AGL,CE,Combined TRACON& Tower with Radar,46,54,76,22,198,0,0,21,0,21,46,54,97,22,219,58,24,82,301
11/04/2005,TOL,OH,AGL,CE,Combined TRACON& Tower with Radar,47,63,44,14,168,0,1,24,6,31,47,64,68,20,199,16,27,43,242
11/05/2005,TOL,OH,AGL,CE,Combined TRACON& Tower with Radar,15,43,46,20,124,0,2,11,0,13,15,45,57,20,137,34,14,48,185
11/06/2005,TOL,OH,AGL,CE,Combined TRACON& Tower with Radar,1,51,14,1,67,0,3,6,1,10,1,54,20,2,77,0,0,0,77
11/07/2005,TOL,OH,AGL,CE,Combined TRACON& Tower with Radar,7,59,40,14,120,0,4,22,0,26,7,63,62,14,146,34,20,54,200
11/08/2005,TOL,OH,AGL,CE,Combined TRACON& Tower with Radar,53,60,49,21,183,0,0,15,0,15,53,60,64,21,198,26,24,50,248
11/09/2005,TOL,OH,AGL,CE,Combined TRACON& Tower with Radar,49,54,38,8,149,0,3,9,0,12,49,57,47,8,161,14,0,14,175
11/10/2005,TOL,OH,AGL,CE,Combined TRACON& Tower with Radar,52,46,48,1,147,0,3,31,1,35,52,49,79,2,182,40,0,40,222
11/11/2005,TOL,OH,AGL,CE,Combined TRACON& Tower with Radar,76,51,36,6,169,1,5,25,0,31,77,56,61,6,200,84,6,90,290
11/12/2005,TOL,OH,AGL,CE,Combined TRACON& Tower with Radar,11,43,45,0,99,0,1,34,0,35,11,44,79,0,134,78,0,78,212
11/13/2005,TOL,OH,AGL,CE,Combined TRACON& Tower with Radar,7,52,18,0,77,0,0,2,0,2,7,52,20,0,79,0,0,0,79
11/14/2005,TOL,OH,AGL,CE,Combined TRACON& Tower with Radar,9,54,44,27,134,0,0,23,8,31,9,54,67,35,165,26,18,44,209
11/15/2005,TOL,OH,AGL,CE,Combined TRACON& Tower with Radar,49,53,27,4,133,0,0,1,0,1,49,53,28,4,134,0,0,0,134
11/16/2005,TOL,OH,AGL,CE,Combined TRACON& Tower with Radar,41,61,43,21,166,0,1,4,0,5,41,62,47,21,171,0,0,0,171
11/17/2005,TOL,OH,AGL,CE,Combined TRACON& Tower with Radar,45,68,64,17,194,0,3,9,0,12,45,71,73,17,206,12,4,16,222
11/18/2005,TOL,OH,AGL,CE,Combined TRACON& Tower with Radar,41,72,45,4,162,0,2,21,0,23,41,74,66,4,185,20,0,20,205
11/19/2005,TOL,OH,AGL,CE,Combined TRACON& Tower with Radar,12,51,35,1,99,0,3,35,0,38,12,54,70,1,137,38,4,42,179
11/20/2005,TOL,OH,AGL,CE,Combined TRACON& Tower with Radar,5,45,19,3,72,0,1,18,0,19,5,46,37,3,91,8,0,8,99
11/21/2005,TOL,OH,AGL,CE,Combined TRACON& Tower with Radar,4,59,42,16,121,0,3,7,0,10,4,62,49,16,131,12,10,22,153
11/22/2005,TOL,OH,AGL,CE,Combined TRACON& Tower with Radar,46,46,32,12,136,0,2,10,0,12,46,48,42,12,148,12,0,12,160
11/23/2005,TOL,OH,AGL,CE,Combined TRACON& Tower with Radar,47,55,29,0,131,0,0,0,0,0,47,55,29,0,131,0,0,0,131
11/24/2005,TOL,OH,AGL,CE,Combined TRACON& Tower with Radar,44,38,6,0,88,0,6,0,0,6,44,44,6,0,94,2,0,2,96
11/25/2005,TOL,OH,AGL,CE,Combined TRACON& Tower with Radar,0,40,21,0,61,0,3,16,0,19,0,43,37,0,80,4,0,4,84
11/26/2005,TOL,OH,AGL,CE,Combined TRACON& Tower with Radar,9,42,18,0,69,0,9,20,0,29,9,51,38,0,98,12,0,12,110
11/27/2005,TOL,OH,AGL,CE,Combined TRACON& Tower with Radar,1,43,34,0,78,0,2,7,0,9,1,45,41,0,87,4,0,4,91
11/28/2005,TOL,OH,AGL,CE,Combined TRACON& Tower with Radar,3,46,29,5,83,0,0,6,0,6,3,46,35,5,89,2,4,6,95
11/29/2005,TOL,OH,AGL,CE,Combined TRACON& Tower with Radar,59,56,51,17,183,0,4,8,0,12,59,60,59,17,195,41,6,47,242
11/30/2005,TOL,OH,AGL,CE,Combined TRACON& Tower with Radar,46,52,46,8,152,0,2,13,0,15,46,54,59,8,167,6,0,6,173
12/01/2005,TOL,OH,AGL,CE,Combined TRACON& Tower with Radar,50,55,41,0,146,0,0,0,1,1,50,55,41,1,147,8,0,8,155
12/02/2005,TOL,OH,AGL,CE,Combined TRACON& Tower with Radar,42,68,43,0,153,0,5,12,0,17,42,73,55,0,170,6,0,6,176
12/03/2005,TOL,OH,AGL,CE,Combined TRACON& Tower with Radar,14,50,30,17,111,0,0,18,0,18,14,50,48,17,129,34,16,50,179
12/04/2005,TOL,OH,AGL,CE,Combined TRACON& Tower with Radar,1,48,21,0,70,0,0,9,0,9,1,48,30,0,79,16,0,16,95
12/05/2005,TOL,OH,AGL,CE,Combined TRACON& Tower with Radar,7,59,38,6,110,0,1,13,0,14,7,60,51,6,124,6,6,12,136
12/06/2005,TOL,OH,AGL,CE,Combined TRACON& Tower with Radar,56,60,76,12,204,0,1,16,2,19,56,61,92,14,223,34,10,44,267
12/07/2005,TOL,OH,AGL,CE,Combined TRACON& Tower with Radar,47,65,83,10,205,0,1,19,0,20,47,66,102,10,225,42,14,56,281
12/08/2005,TOL,OH,AGL,CE,Combined TRACON& Tower with Radar,43,51,55,6,155,0,8,12,0,20,43,59,67,6,175,6,6,12,187
12/09/2005,TOL,OH,AGL,CE,Combined TRACON& Tower with Radar,46,55,35,0,136,0,1,4,0,5,46,56,39,0,141,2,0,2,143
12/10/2005,TOL,OH,AGL,CE,Combined TRACON& Tower with Radar,11,49,28,0,88,0,1,16,1,18,11,50,44,1,106,14,0,14,120
12/11/2005,TOL,OH,AGL,CE,Combined TRACON& Tower with Radar,0,41,17,0,58,0,2,3,0,5,0,43,20,0,63,0,0,0,63
12/12/2005,TOL,OH,AGL,CE,Combined TRACON& Tower with Radar,5,48,41,9,103,0,3,8,0,11,5,51,49,9,114,15,6,21,135
12/13/2005,TOL,OH,AGL,CE,Combined TRACON& Tower with Radar,51,45,83,11,190,0,1,18,1,20,51,46,101,12,210,34,12,46,256
12/14/2005,TOL,OH,AGL,CE,Combined TRACON& Tower with Radar,41,78,56,7,182,0,1,4,0,5,41,79,60,7,187,26,8,34,221
12/15/2005,TOL,OH,AGL,CE,Combined TRACON& Tower with Radar,45,44,33,0,122,0,0,1,0,1,45,44,34,0,123,0,0,0,123
12/16/2005,TOL,OH,AGL,CE,Combined TRACON& Tower with Radar,51,56,56,0,163,0,0,10,0,10,51,56,66,0,173,30,0,30,203
12/17/2005,TOL,OH,AGL,CE,Combined TRACON& Tower with Radar,14,54,41,0,109,0,1,20,0,21,14,55,61,0,130,52,0,52,182
12/18/2005,TOL,OH,AGL,CE,Combined TRACON& Tower with Radar,5,55,54,0,114,0,1,15,0,16,5,56,69,0,130,42,0,42,172
12/19/2005,TOL,OH,AGL,CE,Combined TRACON& Tower with Radar,10,58,50,10,128,0,0,12,0,12,10,58,62,10,140,12,12,24,164
12/20/2005,TOL,OH,AGL,CE,Combined TRACON& Tower with Radar,42,56,55,18,171,0,4,10,0,14,42,60,65,18,185,14,10,24,209
12/21/2005,TOL,OH,AGL,CE,Combined TRACON& Tower with Radar,43,59,62,13,177,0,2,14,0,16,43,61,76,13,193,42,20,62,255
12/22/2005,TOL,OH,AGL,CE,Combined TRACON& Tower with Radar,50,53,66,0,169,0,2,11,0,13,50,55,77,0,182,24,0,24,206
12/23/2005,TOL,OH,AGL,CE,Combined TRACON& Tower with Radar,46,54,17,0,117,0,0,7,0,7,46,54,24,0,124,8,0,8,132
12/24/2005,TOL,OH,AGL,CE,Combined TRACON& Tower with Radar,8,41,12,0,61,0,2,4,0,6,8,43,16,0,67,2,0,2,69
12/25/2005,TOL,OH,AGL,CE,Combined TRACON& Tower with Radar,4,43,0,0,47,0,0,0,0,0,4,43,0,0,47,0,0,0,47
12/26/2005,TOL,OH,AGL,CE,Combined TRACON& Tower with Radar,7,47,26,0,80,0,1,3,0,4,7,48,29,0,84,2,0,2,86
12/27/2005,TOL,OH,AGL,CE,Combined TRACON& Tower with Radar,8,44,19,0,71,0,0,1,0,1,8,44,20,0,72,0,0,0,72
12/28/2005,TOL,OH,AGL,CE,Combined TRACON& Tower with Radar,39,48,24,0,111,0,0,0,0,0,39,48,24,0,111,0,0,0,111
12/29/2005,TOL,OH,AGL,CE,Combined TRACON& Tower with Radar,44,47,24,0,115,0,1,2,0,3,44,48,26,0,118,6,0,6,124
12/30/2005,TOL,OH,AGL,CE,Combined TRACON& Tower with Radar,40,42,24,0,106,0,1,2,0,3,40,43,26,0,109,0,0,0,109
12/31/2005,TOL,OH,AGL,CE,Combined TRACON& Tower with Radar,0,39,0,0,39,0,0,0,0,0,0,39,0,0,39,0,0,0,39
01/01/2006,TOL,OH,AGL,CE,Combined TRACON& Tower with Radar,6,37,27,0,70,0,1,10,0,11,6,38,37,0,81,0,0,0,81
01/02/2006,TOL,OH,AGL,CE,Combined TRACON& Tower with Radar,5,47,8,0,60,0,0,0,0,0,5,47,8,0,60,0,0,0,60
01/03/2006,TOL,OH,AGL,CE,Combined TRACON& Tower with Radar,6,47,41,0,94,0,0,0,0,0,6,47,41,0,94,0,0,0,94
01/04/2006,TOL,OH,AGL,CE,Combined TRACON& Tower with Radar,43,54,28,8,133,0,0,0,0,0,43,54,28,8,133,8,3,11,144
01/05/2006,TOL,OH,AGL,CE,Combined TRACON& Tower with Radar,49,53,33,5,140,0,7,5,0,12,49,60,38,5,152,6,0,6,158
01/06/2006,TOL,OH,AGL,CE,Combined TRACON& Tower with Radar,45,53,46,2,146,0,2,25,0,27,45,55,71,2,173,62,0,62,235
01/07/2006,TOL,OH,AGL,CE,Combined TRACON& Tower with Radar,7,41,18,1,67,0,0,2,0,2,7,41,20,1,69,0,0,0,69
01/08/2006,TOL,OH,AGL,CE,Combined TRACON& Tower with Radar,4,56,31,5,96,0,0,22,0,22,4,56,53,5,118,40,0,40,158
01/09/2006,TOL,OH,AGL,CE,Combined TRACON& Tower with Radar,7,54,37,0,98,0,1,11,0,12,7,55,48,0,110,8,0,8,118
01/10/2006,TOL,OH,AGL,CE,Combined TRACON& Tower with Radar,46,47,97,0,190,0,0,19,0,19,46,47,116,0,209,76,0,76,285
01/11/2006,TOL,OH,AGL,CE,Combined TRACON& Tower with Radar,41,46,44,2,133,0,2,4,0,6,41,48,48,2,139,12,0,12,151
01/12/2006,TOL,OH,AGL,CE,Combined TRACON& Tower with Radar,50,39,65,2,156,0,1,44,0,45,50,40,109,2,201,48,4,52,253
01/13/2006,TOL,OH,AGL,CE,Combined TRACON& Tower with Radar,46,52,48,0,146,0,1,2,7,10,46,53,50,7,156,4,0,4,160
01/14/2006,TOL,OH,AGL,CE,Combined TRACON& Tower with Radar,10,40,19,0,69,0,2,11,0,13,10,42,30,0,82,10,0,10,92
01/15/2006,TOL,OH,AGL,CE,Combined TRACON& Tower with Radar,5,56,42,0,103,0,1,20,0,21,5,57,62,0,124,28,0,28,152
01/16/2006,TOL,OH,AGL,CE,Combined TRACON& Tower with Radar,5,57,43,0,105,0,2,35,0,37,5,59,78,0,142,48,0,48,190
01/17/2006,TOL,OH,AGL,CE,Combined TRACON& Tower with Radar,44,52,51,0,147,0,0,0,0,0,44,52,51,0,147,0,0,0,147
01/18/2006,TOL,OH,AGL,CE,Combined TRACON& Tower with Radar,38,59,37,0,134,0,2,4,0,6,38,61,41,0,140,4,0,4,144
01/19/2006,TOL,OH,AGL,CE,Combined TRACON& Tower with Radar,44,65,41,1,151,0,2,36,1,39,44,67,77,2,190,40,0,40,230
01/20/2006,TOL,OH,AGL,CE,Combined TRACON& Tower with Radar,40,55,65,6,166,0,4,8,0,12,40,59,73,6,178,7,0,7,185
01/21/2006,TOL,OH,AGL,CE,Combined TRACON& Tower with Radar,9,55,17,2,83,0,1,6,0,7,9,56,23,2,90,10,0,10,100
01/22/2006,TOL,OH,AGL,CE,Combined TRACON& Tower with Radar,4,48,34,1,87,0,3,19,0,22,4,51,53,1,109,28,0,28,137
01/23/2006,TOL,OH,AGL,CE,Combined TRACON& Tower with Radar,10,47,41,6,104,0,0,12,0,12,10,47,53,6,116,30,0,30,146
01/24/2006,TOL,OH,AGL,CE,Combined TRACON& Tower with Radar,42,44,44,19,149,0,0,6,0,6,42,44,50,19,155,12,0,12,167
01/25/2006,TOL,OH,AGL,CE,Combined TRACON& Tower with Radar,37,64,54,2,157,0,3,20,0,23,37,67,74,2,180,6,0,6,186
01/26/2006,TOL,OH,AGL,CE,Combined TRACON& Tower with Radar,44,52,64,12,172,0,2,40,0,42,44,54,104,12,214,64,34,98,312
01/27/2006,TOL,OH,AGL,CE,Combined TRACON& Tower with Radar,43,67,50,0,160,1,0,52,0,53,44,67,102,0,213,48,0,48,261
01/28/2006,TOL,OH,AGL,CE,Combined TRACON& Tower with Radar,7,49,35,0,91,0,4,32,0,36,7,53,67,0,127,54,0,54,181
01/29/2006,TOL,OH,AGL,CE,Combined TRACON& Tower with Radar,6,48,19,0,73,0,1,1,0,2,6,49,20,0,75,8,0,8,83
01/30/2006,TOL,OH,AGL,CE,Combined TRACON& Tower with Radar,5,63,47,12,127,0,1,11,0,12,5,64,58,12,139,12,8,20,159
01/31/2006,TOL,OH,AGL,CE,Combined TRACON& Tower with Radar,39,62,54,9,164,0,1,11,0,12,39,63,65,9,176,22,4,26,202
02/01/2006,TOL,OH,AGL,CE,Combined TRACON& Tower with Radar,36,55,76,19,186,0,7,14,0,21,36,62,90,19,207,42,32,74,281
02/02/2006,TOL,OH,AGL,CE,Combined TRACON& Tower with Radar,41,47,69,5,162,0,0,13,0,13,41,47,82,5,175,20,8,28,203
02/03/2006,TOL,OH,AGL,CE,Combined TRACON& Tower with Radar,45,54,38,0,137,0,3,1,0,4,45,57,39,0,141,2,0,2,143
02/04/2006,TOL,OH,AGL,CE,Combined TRACON& Tower with Radar,6,41,16,0,63,0,3,0,0,3,6,44,16,0,66,0,0,0,66
02/05/2006,TOL,OH,AGL,CE,Combined TRACON& Tower with Radar,3,57,18,0,78,0,2,1,0,3,3,59,19,0,81,0,0,0,81
02/06/2006,TOL,OH,AGL,CE,Combined TRACON& Tower with Radar,18,59,56,13,146,0,1,13,0,14,18,60,69,13,160,14,2,16,176
02/07/2006,TOL,OH,AGL,CE,Combined TRACON& Tower with Radar,43,49,73,11,176,0,0,14,0,14,43,49,87,11,190,27,6,33,223
02/08/2006,TOL,OH,AGL,CE,Combined TRACON& Tower with Radar,41,60,64,12,177,0,3,22,0,25,41,63,86,12,202,26,3,29,231
02/09/2006,TOL,OH,AGL,CE,Combined TRACON& Tower with Radar,45,51,55,21,172,0,6,23,2,31,45,57,78,23,203,44,0,44,247
02/10/2006,TOL,OH,AGL,CE,Combined TRACON& Tower with Radar,44,48,30,0,122,0,0,12,0,12,44,48,42,0,134,16,0,16,150
02/11/2006,TOL,OH,AGL,CE,Combined TRACON& Tower with Radar,10,47,42,0,99,0,1,10,1,12,10,48,52,1,111,18,0,18,129
02/12/2006,TOL,OH,AGL,CE,Combined TRACON& Tower with Radar,6,56,26,0,88,0,1,15,0,16,6,57,41,0,104,11,0,11,115
02/13/2006,TOL,OH,AGL,CE,Combined TRACON& Tower with Radar,6,72,36,20,134,0,2,12,1,15,6,74,48,21,149,19,0,19,168
02/14/2006,TOL,OH,AGL,CE,Combined TRACON& Tower with Radar,42,56,59,13,170,0,2,16,0,18,42,58,75,13,188,16,7,23,211
02/15/2006,TOL,OH,AGL,CE,Combined TRACON& Tower with Radar,43,54,67,15,179,0,2,17,0,19,43,56,84,15,198,16,14,30,228
02/16/2006,TOL,OH,AGL,CE,Combined TRACON& Tower with Radar,51,59,36,0,146,0,0,4,0,4,51,59,40,0,150,14,0,14,164
02/17/2006,TOL,OH,AGL,CE,Combined TRACON& Tower with Radar,32,57,36,0,125,0,1,14,0,15,32,58,50,0,140,28,0,28,168
02/18/2006,TOL,OH,AGL,CE,Combined TRACON& Tower with Radar,13,46,21,0,80,0,3,9,0,12,13,49,30,0,92,2,0,2,94
02/19/2006,TOL,OH,AGL,CE,Combined TRACON& Tower with Radar,4,50,20,0,74,0,0,27,0,27,4,50,47,0,101,36,0,36,137
02/20/2006,TOL,OH,AGL,CE,Combined TRACON& Tower with Radar,8,47,36,0,91,0,2,17,0,19,8,49,53,0,110,29,0,29,139
02/21/2006,TOL,OH,AGL,CE,Combined TRACON& Tower with Radar,46,64,53,9,172,0,2,21,1,24,46,66,74,10,196,42,22,64,260
02/22/2006,TOL,OH,AGL,CE,Combined TRACON& Tower with Radar,49,51,66,19,185,0,3,29,5,37,49,54,95,24,222,24,14,38,260
02/23/2006,TOL,OH,AGL,CE,Combined TRACON& Tower with Radar,45,54,33,14,146,0,0,17,2,19,45,54,50,16,165,16,6,22,187
02/24/2006,TOL,OH,AGL,CE,Combined TRACON& Tower with Radar,36,59,49,0,144,0,3,34,0,37,36,62,83,0,181,32,0,32,213
02/25/2006,TOL,OH,AGL,CE,Combined TRACON& Tower with Radar,8,52,13,0,73,0,1,5,0,6,8,53,18,0,79,6,0,6,85
02/26/2006,TOL,OH,AGL,CE,Combined TRACON& Tower with Radar,3,46,12,0,61,0,2,34,1,37,3,48,46,1,98,48,0,48,146
02/27/2006,TOL,OH,AGL,CE,Combined TRACON& Tower with Radar,11,46,46,12,115,0,2,5,0,7,11,48,51,12,122,2,0,2,124
02/28/2006,TOL,OH,AGL,CE,Combined TRACON& Tower with Radar,51,47,41,9,148,0,4,31,0,35,51,51,72,9,183,34,7,41,224
03/01/2006,TOL,OH,AGL,CE,Combined TRACON& Tower with Radar,40,52,48,13,153,0,1,20,2,23,40,53,68,15,176,22,14,36,212
03/02/2006,TOL,OH,AGL,CE,Combined TRACON& Tower with Radar,43,62,28,0,133,0,2,5,0,7,43,64,33,0,140,0,0,0,140
03/03/2006,TOL,OH,AGL,CE,Combined TRACON& Tower with Radar,44,53,49,3,149,0,2,20,3,25,44,55,69,6,174,26,0,26,200
03/04/2006,TOL,OH,AGL,CE,Combined TRACON& Tower with Radar,11,49,40,0,100,0,1,29,0,30,11,50,69,0,130,42,0,42,172
03/05/2006,TOL,OH,AGL,CE,Combined TRACON& Tower with Radar,5,49,31,2,87,0,4,25,0,29,5,53,56,2,116,26,0,26,142
03/06/2006,TOL,OH,AGL,CE,Combined TRACON& Tower with Radar,15,49,43,4,111,8,0,0,0,8,23,49,43,4,119,0,8,8,127
03/07/2006,TOL,OH,AGL,CE,Combined TRACON& Tower with Radar,43,60,75,8,186,0,0,33,2,35,43,60,108,10,221,36,0,36,257
03/08/2006,TOL,OH,AGL,CE,Combined TRACON& Tower with Radar,41,68,59,9,177,0,5,7,0,12,41,73,66,9,189,10,16,26,215
03/09/2006,TOL,OH,AGL,CE,Combined TRACON& Tower with Radar,53,51,33,7,144,0,5,2,0,7,53,56,35,7,151,0,0,0,151
03/10/2006,TOL,OH,AGL,CE,Combined TRACON& Tower with Radar,46,54,29,1,130,0,0,10,1,11,46,54,39,2,141,0,0,0,141
03/11/2006,TOL,OH,AGL,CE,Combined TRACON& Tower with Radar,8,37,17,9,71,0,1,11,4,16,8,38,28,13,87,8,12,20,107
03/12/2006,TOL,OH,AGL,CE,Combined TRACON& Tower with Radar,7,51,29,5,92,0,0,14,0,14,7,51,43,5,106,2,0,2,108
03/13/2006,TOL,OH,AGL,CE,Combined TRACON& Tower with Radar,11,48,26,1,86,1,3,6,0,10,12,51,32,1,96,0,0,0,96
03/14/2006,TOL,OH,AGL,CE,Combined TRACON& Tower with Radar,49,65,55,7,176,0,0,4,0,4,49,65,59,7,180,13,11,24,204
03/15/2006,TOL,OH,AGL,CE,Combined TRACON& Tower with Radar,45,52,39,9,145,0,2,24,4,30,45,54,63,13,175,6,18,24,199
03/16/2006,TOL,OH,AGL,CE,Combined TRACON& Tower with Radar,46,48,39,13,146,0,1,18,0,19,46,49,57,13,165,12,0,12,177
03/17/2006,TOL,OH,AGL,CE,Combined TRACON& Tower with Radar,45,53,42,0,140,0,3,36,2,41,45,56,78,2,181,24,0,24,205
03/18/2006,TOL,OH,AGL,CE,Combined TRACON& Tower with Radar,15,41,33,0,89,1,4,42,0,47,16,45,75,0,136,46,0,46,182
03/19/2006,TOL,OH,AGL,CE,Combined TRACON& Tower with Radar,4,49,32,0,85,0,2,39,0,41,4,51,71,0,126,46,0,46,172
03/20/2006,TOL,OH,AGL,CE,Combined TRACON& Tower with Radar,7,53,26,10,96,0,2,34,2,38,7,55,60,12,134,15,8,23,157
03/21/2006,TOL,OH,AGL,CE,Combined TRACON& Tower with Radar,44,46,43,11,144,0,1,19,0,20,44,47,62,11,164,24,0,24,188
03/22/2006,TOL,OH,AGL,CE,Combined TRACON& Tower with Radar,51,48,63,8,170,0,1,14,0,15,51,49,77,8,185,26,8,34,219
03/23/2006,TOL,OH,AGL,CE,Combined TRACON& Tower with Radar,47,59,57,16,179,0,5,20,0,25,47,64,77,16,204,24,5,29,233
03/24/2006,TOL,OH,AGL,CE,Combined TRACON& Tower with Radar,49,56,51,1,157,0,0,20,0,20,49,56,71,1,177,24,0,24,201
03/25/2006,TOL,OH,AGL,CE,Combined TRACON& Tower with Radar,12,42,26,1,81,0,2,8,0,10,12,44,34,1,91,9,0,9,100
03/26/2006,TOL,OH,AGL,CE,Combined TRACON& Tower with Radar,3,47,74,1,125,0,0,11,0,11,3,47,85,1,136,54,0,54,190
03/27/2006,TOL,OH,AGL,CE,Combined TRACON& Tower with Radar,14,44,55,13,126,0,3,24,6,33,14,47,79,19,159,42,4,46,205
03/28/2006,TOL,OH,AGL,CE,Combined TRACON& Tower with Radar,41,51,71,6,169,0,2,17,0,19,41,53,88,6,188,20,0,20,208
03/29/2006,TOL,OH,AGL,CE,Combined TRACON& Tower with Radar,46,55,65,12,178,0,0,27,0,27,46,55,92,12,205,16,12,28,233
03/30/2006,TOL,OH,AGL,CE,Combined TRACON& Tower with Radar,51,56,66,13,186,0,3,39,0,42,51,59,105,13,228,38,12,50,278
03/31/2006,TOL,OH,AGL,CE,Combined TRACON& Tower with Radar,43,55,45,3,146,0,2,6,2,10,43,57,51,5,156,0,0,0,156
04/01/2006,TOL,OH,AGL,CE,Combined TRACON& Tower with Radar,17,43,37,0,97,0,1,7,0,8,17,44,44,0,105,28,0,28,133
04/02/2006,TOL,OH,AGL,CE,Combined TRACON& Tower with Radar,6,43,17,0,66,0,0,7,3,10,6,43,24,3,76,2,0,2,78
04/03/2006,TOL,OH,AGL,CE,Combined TRACON& Tower with Radar,7,45,38,0,90,0,2,4,0,6,7,47,42,0,96,0,0,0,96
04/04/2006,TOL,OH,AGL,CE,Combined TRACON& Tower with Radar,44,44,41,17,146,0,1,13,0,14,44,45,54,17,160,24,10,34,194
04/05/2006,TOL,OH,AGL,CE,Combined TRACON& Tower with Radar,42,54,75,14,185,0,1,33,2,36,42,55,108,16,221,32,16,48,269
04/06/2006,TOL,OH,AGL,CE,Combined TRACON& Tower with Radar,49,51,89,19,208,0,5,27,0,32,49,56,116,19,240,32,12,44,284
04/07/2006,TOL,OH,AGL,CE,Combined TRACON& Tower with Radar,44,50,47,6,147,0,0,0,0,0,44,50,47,6,147,6,0,6,153
04/08/2006,TOL,OH,AGL,CE,Combined TRACON& Tower with Radar,8,53,29,19,109,0,0,39,0,39,8,53,68,19,148,64,6,70,218
04/09/2006,TOL,OH,AGL,CE,Combined TRACON& Tower with Radar,4,47,31,6,88,0,2,38,0,40,4,49,69,6,128,16,4,20,148
04/10/2006,TOL,OH,AGL,CE,Combined TRACON& Tower with Radar,7,60,42,8,117,0,11,40,0,51,7,71,82,8,168,40,0,40,208
04/11/2006,TOL,OH,AGL,CE,Combined TRACON& Tower with Radar,51,41,62,13,167,0,2,22,2,26,51,43,84,15,193,62,0,62,255
04/12/2006,TOL,OH,AGL,CE,Combined TRACON& Tower with Radar,47,50,46,6,149,0,0,1,0,1,47,50,47,6,150,4,0,4,154
04/13/2006,TOL,OH,AGL,CE,Combined TRACON& Tower with Radar,45,52,67,13,177,0,3,29,1,33,45,55,96,14,210,32,0,32,242
04/14/2006,TOL,OH,AGL,CE,Combined TRACON& Tower with Radar,41,54,39,0,134,0,4,24,0,28,41,58,63,0,162,28,0,28,190
04/15/2006,TOL,OH,AGL,CE,Combined TRACON& Tower with Radar,7,28,34,0,69,0,0,35,0,35,7,28,69,0,104,26,0,26,130
04/16/2006,TOL,OH,AGL,CE,Combined TRACON& Tower with Radar,7,37,14,0,58,0,1,11,0,12,7,38,25,0,70,0,0,0,70
04/17/2006,TOL,OH,AGL,CE,Combined TRACON& Tower with Radar,5,51,41,6,103,0,4,18,0,22,5,55,59,6,125,39,8,47,172
04/18/2006,TOL,OH,AGL,CE,Combined TRACON& Tower with Radar,49,52,57,12,170,0,2,21,2,25,49,54,78,14,195,35,0,35,230
04/19/2006,TOL,OH,AGL,CE,Combined TRACON& Tower with Radar,45,46,60,13,164,0,2,27,0,29,45,48,87,13,193,16,0,16,209
04/20/2006,TOL,OH,AGL,CE,Combined TRACON& Tower with Radar,44,57,51,8,160,0,2,29,0,31,44,59,80,8,191,52,10,62,253
04/21/2006,TOL,OH,AGL,CE,Combined TRACON& Tower with Radar,44,63,50,3,160,0,0,18,0,18,44,63,68,3,178,22,2,24,202
04/22/2006,TOL,OH,AGL,CE,Combined TRACON& Tower with Radar,10,64,34,0,108,0,0,19,0,19,10,64,53,0,127,12,0,12,139
04/23/2006,TOL,OH,AGL,CE,Combined TRACON& Tower with Radar,3,47,34,1,85,0,5,23,0,28,3,52,57,1,113,10,0,10,123
04/24/2006,TOL,OH,AGL,CE,Combined TRACON& Tower with Radar,3,63,61,12,139,0,4,21,0,25,3,67,82,12,164,52,0,52,216
04/25/2006,TOL,OH,AGL,CE,Combined TRACON& Tower with Radar,47,56,52,9,164,0,2,10,0,12,47,58,62,9,176,20,0,20,196
04/26/2006,TOL,OH,AGL,CE,Combined TRACON& Tower with Radar,44,48,58,11,161,0,5,30,1,36,44,53,88,12,197,28,14,42,239
04/27/2006,TOL,OH,AGL,CE,Combined TRACON& Tower with Radar,47,49,66,11,173,0,1,26,0,27,47,50,92,11,200,48,2,50,250
04/28/2006,TOL,OH,AGL,CE,Combined TRACON& Tower with Radar,46,50,64,0,160,0,5,47,0,52,46,55,111,0,212,36,0,36,248
04/29/2006,TOL,OH,AGL,CE,Combined TRACON& Tower with Radar,12,47,38,2,99,0,2,27,0,29,12,49,65,2,128,28,2,30,158
04/30/2006,TOL,OH,AGL,CE,Combined TRACON& Tower with Radar,3,43,11,0,57,0,3,15,0,18,3,46,26,0,75,14,0,14,89
05/01/2006,TOL,OH,AGL,CE,Combined TRACON& Tower with Radar,4,44,55,9,112,0,2,33,0,35,4,46,88,9,147,0,8,8,155
05/02/2006,TOL,OH,AGL,CE,Combined TRACON& Tower with Radar,57,56,108,10,231,0,2,4,0,6,57,58,112,10,237,14,3,17,254
05/03/2006,TOL,OH,AGL,CE,Combined TRACON& Tower with Radar,37,65,80,16,198,0,5,42,0,47,37,70,122,16,245,26,8,34,279
05/04/2006,TOL,OH,AGL,CE,Combined TRACON& Tower with Radar,45,51,63,16,175,1,1,15,2,19,46,52,78,18,194,20,44,64,258
05/05/2006,TOL,OH,AGL,CE,Combined TRACON& Tower with Radar,44,57,53,2,156,0,2,29,0,31,44,59,82,2,187,24,0,24,211
05/06/2006,TOL,OH,AGL,CE,Combined TRACON& Tower with Radar,11,51,48,9,119,0,3,118,0,121,11,54,166,9,240,44,12,56,296
05/07/2006,TOL,OH,AGL,CE,Combined TRACON& Tower with Radar,2,44,10,4,60,1,2,27,0,30,3,46,37,4,90,22,2,24,114
05/08/2006,TOL,OH,AGL,CE,Combined TRACON& Tower with Radar,7,49,50,14,120,0,2,30,0,32,7,51,80,14,152,36,8,44,196
05/09/2006,TOL,OH,AGL,CE,Combined TRACON& Tower with Radar,43,59,54,23,179,0,1,29,0,30,43,60,83,23,209,70,8,78,287
05/10/2006,TOL,OH,AGL,CE,Combined TRACON& Tower with Radar,38,63,57,20,178,0,0,11,0,11,38,63,68,20,189,6,12,18,207
05/11/2006,TOL,OH,AGL,CE,Combined TRACON& Tower with Radar,47,56,47,2,152,0,5,7,2,14,47,61,54,4,166,13,0,13,179
05/12/2006,TOL,OH,AGL,CE,Combined TRACON& Tower with Radar,48,57,40,8,153,0,5,6,0,11,48,62,46,8,164,4,2,6,170
05/13/2006,TOL,OH,AGL,CE,Combined TRACON& Tower with Radar,10,41,39,0,90,0,1,2,0,3,10,42,41,0,93,10,0,10,103
05/14/2006,TOL,OH,AGL,CE,Combined TRACON& Tower with Radar,2,49,27,0,78,0,3,6,0,9,2,52,33,0,87,17,1,18,105
05/15/2006,TOL,OH,AGL,CE,Combined TRACON& Tower with Radar,6,53,71,9,139,0,1,5,0,6,6,54,76,9,145,8,0,8,153
05/16/2006,TOL,OH,AGL,CE,Combined TRACON& Tower with Radar,44,52,58,8,162,0,3,15,0,18,44,55,73,8,180,30,10,40,220
05/17/2006,TOL,OH,AGL,CE,Combined TRACON& Tower with Radar,43,54,72,16,185,0,0,12,0,12,43,54,84,16,197,26,2,28,225
05/18/2006,TOL,OH,AGL,CE,Combined TRACON& Tower with Radar,44,47,58,8,157,0,0,10,6,16,44,47,68,14,173,18,10,28,201
05/19/2006,TOL,OH,AGL,CE,Combined TRACON& Tower with Radar,42,54,61,0,157,0,1,22,0,23,42,55,83,0,180,34,4,38,218
05/20/2006,TOL,OH,AGL,CE,Combined TRACON& Tower with Radar,0,0,0,0,0,14,56,102,6,178,14,56,102,6,178,78,10,88,266
05/21/2006,TOL,OH,AGL,CE,Combined TRACON& Tower with Radar,0,49,33,0,82,0,4,35,0,39,0,53,68,0,121,12,0,12,133
05/22/2006,TOL,OH,AGL,CE,Combined TRACON& Tower with Radar,9,45,45,12,111,0,0,35,0,35,9,45,80,12,146,38,16,54,200
05/23/2006,TOL,OH,AGL,CE,Combined TRACON& Tower with Radar,43,57,66,6,172,0,3,28,0,31,43,60,94,6,203,52,0,52,255
05/24/2006,TOL,OH,AGL,CE,Combined TRACON& Tower with Radar,42,52,72,13,179,0,2,36,0,38,42,54,108,13,217,58,0,58,275
05/25/2006,TOL,OH,AGL,CE,Combined TRACON& Tower with Radar,43,47,44,10,144,0,2,9,2,13,43,49,53,12,157,4,8,12,169
05/26/2006,TOL,OH,AGL,CE,Combined TRACON& Tower with Radar,48,48,56,0,152,0,1,7,0,8,48,49,63,0,160,1,0,1,161
05/27/2006,TOL,OH,AGL,CE,Combined TRACON& Tower with Radar,10,52,46,0,108,0,2,24,0,26,10,54,70,0,134,28,0,28,162
05/28/2006,TOL,OH,AGL,CE,Combined TRACON& Tower with Radar,1,39,24,0,64,0,4,31,0,35,1,43,55,0,99,30,0,30,129
05/29/2006,TOL,OH,AGL,CE,Combined TRACON& Tower with Radar,3,33,40,0,76,0,0,24,0,24,3,33,64,0,100,28,0,28,128
05/30/2006,TOL,OH,AGL,CE,Combined TRACON& Tower with Radar,3,47,54,9,113,0,2,12,2,16,3,49,66,11,129,8,0,8,137
05/31/2006,TOL,OH,AGL,CE,Combined TRACON& Tower with Radar,46,42,58,0,146,0,3,9,0,12,46,45,67,0,158,28,0,28,186
06/01/2006,TOL,OH,AGL,CE,Combined TRACON& Tower with Radar,48,53,75,2,178,0,1,9,0,10,48,54,84,2,188,36,0,36,224
06/02/2006,TOL,OH,AGL,CE,Combined TRACON& Tower with Radar,40,47,53,0,140,0,1,20,0,21,40,48,73,0,161,62,0,62,223
06/03/2006,TOL,OH,AGL,CE,Combined TRACON& Tower with Radar,8,42,19,0,69,0,0,24,0,24,8,42,43,0,93,33,0,33,126
06/04/2006,TOL,OH,AGL,CE,Combined TRACON& Tower with Radar,3,42,27,0,72,0,1,23,0,24,3,43,50,0,96,16,0,16,112
06/05/2006,TOL,OH,AGL,CE,Combined TRACON& Tower with Radar,1,60,52,0,113,0,2,29,0,31,1,62,81,0,144,22,0,22,166
06/06/2006,TOL,OH,AGL,CE,Combined TRACON& Tower with Radar,46,53,69,0,168,0,1,33,0,34,46,54,102,0,202,40,0,40,242
06/07/2006,TOL,OH,AGL,CE,Combined TRACON& Tower with Radar,48,64,84,3,199,0,3,13,0,16,48,67,97,3,215,32,0,32,247
06/08/2006,TOL,OH,AGL,CE,Combined TRACON& Tower with Radar,42,51,75,0,168,1,4,33,0,38,43,55,108,0,206,30,0,30,236
06/09/2006,TOL,OH,AGL,CE,Combined TRACON& Tower with Radar,44,67,62,3,176,0,2,12,0,14,44,69,74,3,190,34,0,34,224
06/10/2006,TOL,OH,AGL,CE,Combined TRACON& Tower with Radar,8,52,36,1,97,0,2,22,1,25,8,54,58,2,122,32,0,32,154
06/11/2006,TOL,OH,AGL,CE,Combined TRACON& Tower with Radar,5,38,25,7,75,0,4,26,0,30,5,42,51,7,105,33,0,33,138
06/12/2006,TOL,OH,AGL,CE,Combined TRACON& Tower with Radar,2,47,48,0,97,0,1,27,0,28,2,48,75,0,125,20,0,20,145
06/13/2006,TOL,OH,AGL,CE,Combined TRACON& Tower with Radar,40,57,66,1,164,0,2,37,0,39,40,59,103,1,203,20,0,20,223
06/14/2006,TOL,OH,AGL,CE,Combined TRACON& Tower with Radar,41,59,50,1,151,0,1,29,0,30,41,60,79,1,181,26,0,26,207
06/15/2006,TOL,OH,AGL,CE,Combined TRACON& Tower with Radar,51,43,56,5,155,0,1,39,1,41,51,44,95,6,196,46,6,52,248
06/16/2006,TOL,OH,AGL,CE,Combined TRACON& Tower with Radar,44,51,53,2,150,0,0,32,3,35,44,51,85,5,185,58,0,58,243
06/17/2006,TOL,OH,AGL,CE,Combined TRACON& Tower with Radar,13,36,30,3,82,0,3,34,0,37,13,39,64,3,119,28,0,28,147
06/18/2006,TOL,OH,AGL,CE,Combined TRACON& Tower with Radar,6,37,20,0,63,0,1,14,1,16,6,38,34,1,79,0,0,0,79
06/19/2006,TOL,OH,AGL,CE,Combined TRACON& Tower with Radar,6,53,41,1,101,0,1,13,0,14,6,54,54,1,115,6,0,6,121
06/20/2006,TOL,OH,AGL,CE,Combined TRACON& Tower with Radar,36,40,73,7,156,0,0,59,8,67,36,40,132,15,223,86,4,90,313
06/21/2006,TOL,OH,AGL,CE,Combined TRACON& Tower with Radar,42,50,38,9,139,0,0,5,0,5,42,50,43,9,144,12,22,34,178
06/22/2006,TOL,OH,AGL,CE,Combined TRACON& Tower with Radar,42,54,57,6,159,0,1,22,0,23,42,55,79,6,182,32,14,46,228
06/23/2006,TOL,OH,AGL,CE,Combined TRACON& Tower with Radar,46,60,65,0,171,0,3,31,0,34,46,63,96,0,205,32,0,32,237
06/24/2006,TOL,OH,AGL,CE,Combined TRACON& Tower with Radar,9,59,38,1,107,0,1,38,3,42,9,60,76,4,149,40,0,40,189
06/25/2006,TOL,OH,AGL,CE,Combined TRACON& Tower with Radar,9,46,25,1,81,0,4,32,0,36,9,50,57,1,117,24,0,24,141
06/26/2006,TOL,OH,AGL,CE,Combined TRACON& Tower with Radar,6,50,56,12,124,0,0,19,0,19,6,50,75,12,143,87,6,93,236
06/27/2006,TOL,OH,AGL,CE,Combined TRACON& Tower with Radar,42,55,54,10,161,0,7,3,0,10,42,62,57,10,171,15,10,25,196
06/28/2006,TOL,OH,AGL,CE,Combined TRACON& Tower with Radar,39,55,49,12,155,1,0,20,2,23,40,55,69,14,178,34,16,50,228
06/29/2006,TOL,OH,AGL,CE,Combined TRACON& Tower with Radar,50,57,29,23,159,0,4,6,2,12,50,61,35,25,171,23,18,41,212
06/30/2006,TOL,OH,AGL,CE,Combined TRACON& Tower with Radar,46,50,41,0,137,0,0,21,0,21,46,50,62,0,158,44,0,44,202
07/01/2006,TOL,OH,AGL,CE,Combined TRACON& Tower with Radar,8,37,24,1,70,0,2,14,0,16,8,39,38,1,86,66,0,66,152
07/02/2006,TOL,OH,AGL,CE,Combined TRACON& Tower with Radar,5,44,13,0,62,0,8,14,0,22,5,52,27,0,84,4,0,4,88
07/03/2006,TOL,OH,AGL,CE,Combined TRACON& Tower with Radar,4,24,20,2,50,0,1,11,0,12,4,25,31,2,62,8,0,8,70
07/04/2006,TOL,OH,AGL,CE,Combined TRACON& Tower with Radar,3,32,7,2,44,0,3,7,0,10,3,35,14,2,54,2,0,2,56
07/05/2006,TOL,OH,AGL,CE,Combined TRACON& Tower with Radar,5,71,41,10,127,0,5,27,0,32,5,76,68,10,159,55,24,79,238
07/06/2006,TOL,OH,AGL,CE,Combined TRACON& Tower with Radar,41,50,49,12,152,0,3,39,0,42,41,53,88,12,194,36,6,42,236
07/07/2006,TOL,OH,AGL,CE,Combined TRACON& Tower with Radar,40,60,48,1,149,0,0,27,0,27,40,60,75,1,176,28,0,28,204
07/08/2006,TOL,OH,AGL,CE,Combined TRACON& Tower with Radar,11,55,44,18,128,0,2,39,0,41,11,57,83,18,169,34,24,58,227
07/09/2006,TOL,OH,AGL,CE,Combined TRACON& Tower with Radar,3,46,31,9,89,0,2,16,0,18,3,48,47,9,107,22,0,22,129
07/10/2006,TOL,OH,AGL,CE,Combined TRACON& Tower with Radar,2,53,35,12,102,0,5,27,0,32,2,58,62,12,134,26,24,50,184
07/11/2006,TOL,OH,AGL,CE,Combined TRACON& Tower with Radar,42,46,63,8,159,0,2,13,0,15,42,48,76,8,174,26,0,26,200
07/12/2006,TOL,OH,AGL,CE,Combined TRACON& Tower with Radar,44,49,43,4,140,0,0,5,3,8,44,49,48,7,148,20,8,28,176
07/13/2006,TOL,OH,AGL,CE,Combined TRACON& Tower with Radar,48,59,55,13,175,0,9,15,0,24,48,68,70,13,199,32,16,48,247
07/14/2006,TOL,OH,AGL,CE,Combined TRACON& Tower with Radar,40,40,45,11,136,0,1,15,0,16,40,41,60,11,152,8,16,24,176
07/15/2006,TOL,OH,AGL,CE,Combined TRACON& Tower with Radar,14,41,28,0,83,0,4,25,2,31,14,45,53,2,114,16,0,16,130
07/16/2006,TOL,OH,AGL,CE,Combined TRACON& Tower with Radar,2,49,25,1,77,0,11,21,3,35,2,60,46,4,112,40,0,40,152
07/17/2006,TOL,OH,AGL,CE,Combined TRACON& Tower with Radar,4,52,58,12,126,0,1,32,0,33,4,53,90,12,159,49,2,51,210
07/18/2006,TOL,OH,AGL,CE,Combined TRACON& Tower with Radar,51,79,59,19,208,0,4,39,3,46,51,83,98,22,254,35,8,43,297
07/19/2006,TOL,OH,AGL,CE,Combined TRACON& Tower with Radar,46,56,47,21,170,0,5,33,0,38,46,61,80,21,208,26,20,46,254
07/20/2006,TOL,OH,AGL,CE,Combined TRACON& Tower with Radar,46,38,52,13,149,0,2,24,0,26,46,40,76,13,175,10,4,14,189
07/21/2006,TOL,OH,AGL,CE,Combined TRACON& Tower with Radar,51,58,67,0,176,0,1,35,1,37,51,59,102,1,213,40,0,40,253
07/22/2006,TOL,OH,AGL,CE,Combined TRACON& Tower with Radar,9,64,41,0,114,0,2,39,0,41,9,66,80,0,155,46,0,46,201
07/23/2006,TOL,OH,AGL,CE,Combined TRACON& Tower with Radar,4,45,38,0,87,0,6,38,0,44,4,51,76,0,131,42,0,42,173
07/24/2006,TOL,OH,AGL,CE,Combined TRACON& Tower with Radar,5,47,49,12,113,0,0,27,0,27,5,47,76,12,140,34,6,40,180
07/25/2006,TOL,OH,AGL,CE,Combined TRACON& Tower with Radar,44,46,57,12,159,1,1,27,4,33,45,47,84,16,192,41,14,55,247
07/26/2006,TOL,OH,AGL,CE,Combined TRACON& Tower with Radar,44,59,71,18,192,0,3,21,3,27,44,62,92,21,219,10,6,16,235
07/27/2006,TOL,OH,AGL,CE,Combined TRACON& Tower with Radar,46,58,70,21,195,0,3,4,0,7,46,61,74,21,202,0,0,0,202
07/28/2006,TOL,OH,AGL,CE,Combined TRACON& Tower with Radar,43,48,67,0,158,0,2,20,0,22,43,50,87,0,180,32,0,32,212
07/29/2006,TOL,OH,AGL,CE,Combined TRACON& Tower with Radar,9,52,42,1,104,0,0,19,3,22,9,52,61,4,126,32,0,32,158
07/30/2006,TOL,OH,AGL,CE,Combined TRACON& Tower with Radar,6,51,25,0,82,0,3,8,0,11,6,54,33,0,93,6,0,6,99
07/31/2006,TOL,OH,AGL,CE,Combined TRACON& Tower with Radar,3,48,35,9,95,0,2,26,0,28,3,50,61,9,123,33,12,45,168
08/01/2006,TOL,OH,AGL,CE,Combined TRACON& Tower with Radar,43,49,37,10,139,0,2,33,3,38,43,51,70,13,177,12,10,22,199
08/02/2006,TOL,OH,AGL,CE,Combined TRACON& Tower with Radar,45,51,52,8,156,0,4,22,0,26,45,55,74,8,182,30,4,34,216
08/03/2006,TOL,OH,AGL,CE,Combined TRACON& Tower with Radar,44,54,40,8,146,0,0,2,0,2,44,54,42,8,148,14,0,14,162
08/04/2006,TOL,OH,AGL,CE,Combined TRACON& Tower with Radar,43,57,60,2,162,0,4,40,2,46,43,61,100,4,208,22,0,22,230
08/05/2006,TOL,OH,AGL,CE,Combined TRACON& Tower with Radar,9,35,27,10,81,0,4,25,11,40,9,39,52,21,121,17,24,41,162
08/06/2006,TOL,OH,AGL,CE,Combined TRACON& Tower with Radar,3,51,27,3,84,1,3,40,1,45,4,54,67,4,129,14,0,14,143
08/07/2006,TOL,OH,AGL,CE,Combined TRACON& Tower with Radar,5,50,34,18,107,0,1,21,0,22,5,51,55,18,129,30,0,30,159
08/08/2006,TOL,OH,AGL,CE,Combined TRACON& Tower with Radar,41,47,57,16,161,0,0,39,2,41,41,47,96,18,202,32,5,37,239
08/09/2006,TOL,OH,AGL,CE,Combined TRACON& Tower with Radar,40,60,58,13,171,0,1,25,0,26,40,61,83,13,197,52,26,78,275
08/10/2006,TOL,OH,AGL,CE,Combined TRACON& Tower with Radar,41,46,42,13,142,0,2,26,1,29,41,48,68,14,171,30,20,50,221
08/11/2006,TOL,OH,AGL,CE,Combined TRACON& Tower with Radar,42,48,64,1,155,0,1,24,0,25,42,49,88,1,180,46,0,46,226
08/12/2006,TOL,OH,AGL,CE,Combined TRACON& Tower with Radar,9,37,18,0,64,0,1,31,2,34,9,38,49,2,98,14,0,14,112
08/13/2006,TOL,OH,AGL,CE,Combined TRACON& Tower with Radar,8,44,16,0,68,0,1,31,0,32,8,45,47,0,100,18,0,18,118
08/14/2006,TOL,OH,AGL,CE,Combined TRACON& Tower with Radar,2,54,55,14,125,0,1,7,0,8,2,55,62,14,133,10,26,36,169
08/15/2006,TOL,OH,AGL,CE,Combined TRACON& Tower with Radar,44,54,45,10,153,0,1,25,0,26,44,55,70,10,179,24,8,32,211
08/16/2006,TOL,OH,AGL,CE,Combined TRACON& Tower with Radar,38,53,35,12,138,0,2,33,0,35,38,55,68,12,173,38,12,50,223
08/17/2006,TOL,OH,AGL,CE,Combined TRACON& Tower with Radar,44,53,54,18,169,0,0,31,0,31,44,53,85,18,200,30,13,43,243
08/18/2006,TOL,OH,AGL,CE,Combined TRACON& Tower with Radar,39,52,49,2,142,0,0,12,0,12,39,52,61,2,154,18,0,18,172
08/19/2006,TOL,OH,AGL,CE,Combined TRACON& Tower with Radar,10,46,13,1,70,0,0,6,0,6,10,46,19,1,76,2,0,2,78
08/20/2006,TOL,OH,AGL,CE,Combined TRACON& Tower with Radar,5,52,47,0,104,0,1,24,2,27,5,53,71,2,131,36,0,36,167
08/21/2006,TOL,OH,AGL,CE,Combined TRACON& Tower with Radar,4,50,43,8,105,0,7,39,0,46,4,57,82,8,151,64,0,64,215
08/22/2006,TOL,OH,AGL,CE,Combined TRACON& Tower with Radar,43,48,63,21,175,0,4,38,2,44,43,52,101,23,219,46,30,76,295
08/23/2006,TOL,OH,AGL,CE,Combined TRACON& Tower with Radar,39,51,62,15,167,0,8,43,0,51,39,59,105,15,218,12,0,12,230
08/24/2006,TOL,OH,AGL,CE,Combined TRACON& Tower with Radar,39,49,47,6,141,0,3,25,0,28,39,52,72,6,169,20,6,26,195
08/25/2006,TOL,OH,AGL,CE,Combined TRACON& Tower with Radar,41,65,50,0,156,0,2,21,1,24,41,67,71,1,180,44,0,44,224
08/26/2006,TOL,OH,AGL,CE,Combined TRACON& Tower with Radar,11,52,20,0,83,0,0,10,0,10,11,52,30,0,93,14,0,14,107
08/27/2006,TOL,OH,AGL,CE,Combined TRACON& Tower with Radar,2,49,13,1,65,0,0,9,0,9,2,49,22,1,74,4,0,4,78
08/28/2006,TOL,OH,AGL,CE,Combined TRACON& Tower with Radar,2,47,63,7,119,0,0,1,0,1,2,47,64,7,120,28,6,34,154
08/29/2006,TOL,OH,AGL,CE,Combined TRACON& Tower with Radar,44,63,58,13,178,0,3,5,1,9,44,66,63,14,187,18,0,18,205
08/30/2006,TOL,OH,AGL,CE,Combined TRACON& Tower with Radar,45,56,80,9,190,0,1,31,0,32,45,57,111,9,222,36,0,36,258
08/31/2006,TOL,OH,AGL,CE,Combined TRACON& Tower with Radar,39,51,37,9,136,0,3,30,0,33,39,54,67,9,169,20,2,22,191
09/01/2006,TOL,OH,AGL,CE,Combined TRACON& Tower with Radar,47,57,40,0,144,0,5,18,0,23,47,62,58,0,167,22,0,22,189
09/02/2006,TOL,OH,AGL,CE,Combined TRACON& Tower with Radar,5,41,19,0,65,0,2,8,0,10,5,43,27,0,75,6,0,6,81
09/03/2006,TOL,OH,AGL,CE,Combined TRACON& Tower with Radar,2,42,20,0,64,0,2,18,0,20,2,44,38,0,84,8,0,8,92
09/04/2006,TOL,OH,AGL,CE,Combined TRACON& Tower with Radar,3,41,31,0,75,0,1,24,0,25,3,42,55,0,100,12,0,12,112
09/05/2006,TOL,OH,AGL,CE,Combined TRACON& Tower with Radar,10,45,59,17,131,0,5,20,3,28,10,50,79,20,159,12,4,16,175
09/06/2006,TOL,OH,AGL,CE,Combined TRACON& Tower with Radar,44,50,50,9,153,1,6,26,0,33,45,56,76,9,186,22,14,36,222
09/07/2006,TOL,OH,AGL,CE,Combined TRACON& Tower with Radar,43,57,58,9,167,0,1,43,3,47,43,58,101,12,214,28,10,38,252
09/08/2006,TOL,OH,AGL,CE,Combined TRACON& Tower with Radar,44,56,47,1,148,0,7,32,1,40,44,63,79,2,188,6,0,6,194
09/09/2006,TOL,OH,AGL,CE,Combined TRACON& Tower with Radar,11,40,29,8,88,0,2,27,0,29,11,42,56,8,117,12,14,26,143
09/10/2006,TOL,OH,AGL,CE,Combined TRACON& Tower with Radar,0,44,35,4,83,0,2,12,0,14,0,46,47,4,97,12,0,12,109
09/11/2006,TOL,OH,AGL,CE,Combined TRACON& Tower with Radar,3,58,45,8,114,0,0,9,0,9,3,58,54,8,123,10,2,12,135
09/12/2006,TOL,OH,AGL,CE,Combined TRACON& Tower with Radar,51,41,57,0,149,0,1,2,0,3,51,42,59,0,152,12,0,12,164
09/13/2006,TOL,OH,AGL,CE,Combined TRACON& Tower with Radar,45,59,53,4,161,0,2,4,0,6,45,61,57,4,167,12,0,12,179
09/14/2006,TOL,OH,AGL,CE,Combined TRACON& Tower with Radar,45,59,85,8,197,0,2,11,1,14,45,61,96,9,211,26,6,32,243
09/15/2006,TOL,OH,AGL,CE,Combined TRACON& Tower with Radar,44,48,84,0,176,0,2,15,0,17,44,50,99,0,193,50,0,50,243
09/16/2006,TOL,OH,AGL,CE,Combined TRACON& Tower with Radar,9,36,40,0,85,0,1,29,0,30,9,37,69,0,115,46,0,46,161
09/17/2006,TOL,OH,AGL,CE,Combined TRACON& Tower with Radar,4,48,33,2,87,0,2,15,0,17,4,50,48,2,104,26,1,27,131
09/18/2006,TOL,OH,AGL,CE,Combined TRACON& Tower with Radar,4,53,46,8,111,0,4,0,0,4,4,57,46,8,115,0,0,0,115
09/19/2006,TOL,OH,AGL,CE,Combined TRACON& Tower with Radar,40,48,59,8,155,0,5,16,0,21,40,53,75,8,176,25,4,29,205
09/20/2006,TOL,OH,AGL,CE,Combined TRACON& Tower with Radar,47,51,57,15,170,0,1,11,1,13,47,52,68,16,183,17,8,25,208
09/21/2006,TOL,OH,AGL,CE,Combined TRACON& Tower with Radar,43,55,54,29,181,0,1,39,0,40,43,56,93,29,221,32,36,68,289
09/22/2006,TOL,OH,AGL,CE,Combined TRACON& Tower with Radar,48,48,58,5,159,0,0,9,0,9,48,48,67,5,168,22,6,28,196
09/23/2006,TOL,OH,AGL,CE,Combined TRACON& Tower with Radar,6,59,33,4,102,0,1,2,0,3,6,60,35,4,105,36,8,44,149
09/24/2006,TOL,OH,AGL,CE,Combined TRACON& Tower with Radar,4,56,41,0,101,0,2,14,0,16,4,58,55,0,117,38,0,38,155
09/25/2006,TOL,OH,AGL,CE,Combined TRACON& Tower with Radar,1,59,38,10,108,0,5,39,0,44,1,64,77,10,152,6,20,26,178
09/26/2006,TOL,OH,AGL,CE,Combined TRACON& Tower with Radar,43,48,50,10,151,0,3,25,2,30,43,51,75,12,181,60,0,60,241
09/27/2006,TOL,OH,AGL,CE,Combined TRACON& Tower with Radar,47,46,32,0,125,0,1,8,0,9,47,47,40,0,134,14,0,14,148
09/28/2006,TOL,OH,AGL,CE,Combined TRACON& Tower with Radar,50,60,56,4,170,0,8,14,0,22,50,68,70,4,192,22,0,22,214
09/29/2006,TOL,OH,AGL,CE,Combined TRACON& Tower with Radar,46,52,50,0,148,0,6,28,0,34,46,58,78,0,182,48,0,48,230
09/30/2006,TOL,OH,AGL,CE,Combined TRACON& Tower with Radar,9,51,28,0,88,0,1,6,0,7,9,52,34,0,95,14,0,14,109
10/01/2006,TOL,OH,AGL,CE,Combined TRACON& Tower with Radar,1,42,35,0,78,0,7,32,0,39,1,49,67,0,117,40,0,40,157
10/02/2006,TOL,OH,AGL,CE,Combined TRACON& Tower with Radar,7,42,44,0,93,0,3,10,2,15,7,45,54,2,108,8,0,8,116
10/03/2006,TOL,OH,AGL,CE,Combined TRACON& Tower with Radar,45,53,56,12,166,0,2,22,0,24,45,55,78,12,190,30,16,46,236
10/04/2006,TOL,OH,AGL,CE,Combined TRACON& Tower with Radar,40,58,54,9,161,0,0,7,0,7,40,58,61,9,168,8,10,18,186
10/05/2006,TOL,OH,AGL,CE,Combined TRACON& Tower with Radar,45,63,80,10,198,0,1,19,0,20,45,64,99,10,218,44,8,52,270
10/06/2006,TOL,OH,AGL,CE,Combined TRACON& Tower with Radar,40,49,72,0,161,0,1,28,0,29,40,50,100,0,190,22,0,22,212
10/07/2006,TOL,OH,AGL,CE,Combined TRACON& Tower with Radar,11,41,26,0,78,0,4,45,0,49,11,45,71,0,127,16,0,16,143
10/08/2006,TOL,OH,AGL,CE,Combined TRACON& Tower with Radar,0,47,37,0,84,0,1,44,0,45,0,48,81,0,129,28,0,28,157
10/09/2006,TOL,OH,AGL,CE,Combined TRACON& Tower with Radar,6,60,22,0,88,0,1,51,0,52,6,61,73,0,140,26,0,26,166
10/10/2006,TOL,OH,AGL,CE,Combined TRACON& Tower with Radar,46,47,54,13,160,0,3,14,0,17,46,50,68,13,177,8,16,24,201
10/11/2006,TOL,OH,AGL,CE,Combined TRACON& Tower with Radar,44,49,30,0,123,0,6,9,0,15,44,55,39,0,138,2,0,2,140
10/12/2006,TOL,OH,AGL,CE,Combined TRACON& Tower with Radar,43,47,36,19,145,0,3,18,0,21,43,50,54,19,166,16,10,26,192
10/13/2006,TOL,OH,AGL,CE,Combined TRACON& Tower with Radar,42,45,30,5,122,0,1,0,0,1,42,46,30,5,123,6,0,6,129
10/14/2006,TOL,OH,AGL,CE,Combined TRACON& Tower with Radar,8,40,62,12,122,0,4,35,2,41,8,44,97,14,163,52,6,58,221
10/15/2006,TOL,OH,AGL,CE,Combined TRACON& Tower with Radar,2,60,60,17,139,0,1,21,0,22,2,61,81,17,161,18,14,32,193
10/16/2006,TOL,OH,AGL,CE,Combined TRACON& Tower with Radar,4,54,44,8,110,0,1,13,0,14,4,55,57,8,124,2,2,4,128
10/17/2006,TOL,OH,AGL,CE,Combined TRACON& Tower with Radar,52,48,56,1,157,0,1,1,0,2,52,49,57,1,159,0,0,0,159
10/18/2006,TOL,OH,AGL,CE,Combined TRACON& Tower with Radar,42,43,86,6,177,0,3,18,0,21,42,46,104,6,198,72,0,72,270
10/19/2006,TOL,OH,AGL,CE,Combined TRACON& Tower with Radar,42,59,71,13,185,0,2,4,0,6,42,61,75,13,191,24,0,24,215
10/20/2006,TOL,OH,AGL,CE,Combined TRACON& Tower with Radar,41,59,66,0,166,0,2,20,0,22,41,61,86,0,188,34,0,34,222
10/21/2006,TOL,OH,AGL,CE,Combined TRACON& Tower with Radar,9,43,42,0,94,0,1,27,0,28,9,44,69,0,122,51,0,51,173
10/22/2006,TOL,OH,AGL,CE,Combined TRACON& Tower with Radar,3,44,27,0,74,0,2,5,1,8,3,46,32,1,82,2,0,2,84
10/23/2006,TOL,OH,AGL,CE,Combined TRACON& Tower with Radar,2,60,50,9,121,0,5,19,0,24,2,65,69,9,145,6,0,6,151
10/24/2006,TOL,OH,AGL,CE,Combined TRACON& Tower with Radar,41,58,51,15,165,0,3,22,2,27,41,61,73,17,192,30,2,32,224
10/25/2006,TOL,OH,AGL,CE,Combined TRACON& Tower with Radar,39,59,69,13,180,0,2,40,0,42,39,61,109,13,222,44,26,70,292
10/26/2006,TOL,OH,AGL,CE,Combined TRACON& Tower with Radar,43,50,49,16,158,0,7,18,0,25,43,57,67,16,183,18,0,18,201
10/27/2006,TOL,OH,AGL,CE,Combined TRACON& Tower with Radar,42,55,35,0,132,0,1,2,0,3,42,56,37,0,135,0,0,0,135
10/28/2006,TOL,OH,AGL,CE,Combined TRACON& Tower with Radar,9,38,5,2,54,0,2,16,0,18,9,40,21,2,72,0,0,0,72
10/29/2006,TOL,OH,AGL,CE,Combined TRACON& Tower with Radar,3,48,19,0,70,0,4,20,0,24,3,52,39,0,94,16,0,16,110
10/30/2006,TOL,OH,AGL,CE,Combined TRACON& Tower with Radar,6,51,47,8,112,0,7,36,1,44,6,58,83,9,156,18,0,18,174
10/31/2006,TOL,OH,AGL,CE,Combined TRACON& Tower with Radar,39,45,42,20,146,0,4,23,0,27,39,49,65,20,173,32,12,44,217
11/01/2006,TOL,OH,AGL,CE,Combined TRACON& Tower with Radar,39,56,64,7,166,1,11,30,0,42,40,67,94,7,208,24,2,26,234
11/02/2006,TOL,OH,AGL,CE,Combined TRACON& Tower with Radar,48,58,41,21,168,0,7,23,0,30,48,65,64,21,198,8,6,14,212
11/03/2006,TOL,OH,AGL,CE,Combined TRACON& Tower with Radar,39,50,31,0,120,0,1,30,0,31,39,51,61,0,151,30,0,30,181
11/04/2006,TOL,OH,AGL,CE,Combined TRACON& Tower with Radar,8,44,27,10,89,0,2,37,0,39,8,46,64,10,128,11,14,25,153
11/05/2006,TOL,OH,AGL,CE,Combined TRACON& Tower with Radar,0,54,36,12,102,0,4,20,1,25,0,58,56,13,127,14,18,32,159
11/06/2006,TOL,OH,AGL,CE,Combined TRACON& Tower with Radar,4,60,42,11,117,0,9,38,0,47,4,69,80,11,164,48,18,66,230
11/07/2006,TOL,OH,AGL,CE,Combined TRACON& Tower with Radar,42,47,48,6,143,0,2,4,0,6,42,49,52,6,149,18,0,18,167
11/08/2006,TOL,OH,AGL,CE,Combined TRACON& Tower with Radar,43,63,72,8,186,0,1,4,0,5,43,64,76,8,191,8,0,8,199
11/09/2006,TOL,OH,AGL,CE,Combined TRACON& Tower with Radar,45,69,52,2,168,0,4,49,0,53,45,73,101,2,221,72,2,74,295
11/10/2006,TOL,OH,AGL,CE,Combined TRACON& Tower with Radar,45,42,63,0,150,0,11,26,0,37,45,53,89,0,187,8,0,8,195
11/11/2006,TOL,OH,AGL,CE,Combined TRACON& Tower with Radar,9,44,13,0,66,0,2,5,0,7,9,46,18,0,73,7,0,7,80
11/12/2006,TOL,OH,AGL,CE,Combined TRACON& Tower with Radar,3,52,46,0,101,0,2,10,0,12,3,54,56,0,113,38,0,38,151
11/13/2006,TOL,OH,AGL,CE,Combined TRACON& Tower with Radar,7,43,34,13,97,0,3,12,0,15,7,46,46,13,112,18,0,18,130
11/14/2006,TOL,OH,AGL,CE,Combined TRACON& Tower with Radar,43,40,62,13,158,0,4,10,0,14,43,44,72,13,172,12,0,12,184
11/15/2006,TOL,OH,AGL,CE,Combined TRACON& Tower with Radar,43,52,47,14,156,0,5,11,1,17,43,57,58,15,173,10,12,22,195
11/16/2006,TOL,OH,AGL,CE,Combined TRACON& Tower with Radar,44,52,37,12,145,0,0,1,0,1,44,52,38,12,146,4,0,4,150
11/17/2006,TOL,OH,AGL,CE,Combined TRACON& Tower with Radar,44,45,51,0,140,0,2,36,2,40,44,47,87,2,180,24,0,24,204
11/18/2006,TOL,OH,AGL,CE,Combined TRACON& Tower with Radar,7,47,48,0,102,0,3,27,0,30,7,50,75,0,132,38,0,38,170
11/19/2006,TOL,OH,AGL,CE,Combined TRACON& Tower with Radar,3,49,18,0,70,0,4,8,0,12,3,53,26,0,82,43,2,45,127
11/20/2006,TOL,OH,AGL,CE,Combined TRACON& Tower with Radar,7,56,52,12,127,0,4,34,3,41,7,60,86,15,168,24,20,44,212
11/21/2006,TOL,OH,AGL,CE,Combined TRACON& Tower with Radar,43,47,60,13,163,0,5,25,0,30,43,52,85,13,193,32,18,50,243
11/22/2006,TOL,OH,AGL,CE,Combined TRACON& Tower with Radar,45,45,70,10,170,0,2,25,0,27,45,47,95,10,197,48,20,68,265
11/23/2006,TOL,OH,AGL,CE,Combined TRACON& Tower with Radar,22,19,10,0,51,0,0,1,0,1,22,19,11,0,52,4,0,4,56
11/24/2006,TOL,OH,AGL,CE,Combined TRACON& Tower with Radar,20,25,22,0,67,0,0,13,0,13,20,25,35,0,80,22,0,22,102
11/25/2006,TOL,OH,AGL,CE,Combined TRACON& Tower with Radar,7,46,24,0,77,0,3,22,0,25,7,49,46,0,102,32,0,32,134
11/26/2006,TOL,OH,AGL,CE,Combined TRACON& Tower with Radar,3,50,33,0,86,0,1,22,0,23,3,51,55,0,109,26,0,26,135
11/27/2006,TOL,OH,AGL,CE,Combined TRACON& Tower with Radar,3,41,53,7,104,0,0,17,0,17,3,41,70,7,121,18,0,18,139
11/28/2006,TOL,OH,AGL,CE,Combined TRACON& Tower with Radar,43,45,66,8,162,0,6,39,0,45,43,51,105,8,207,42,4,46,253
11/29/2006,TOL,OH,AGL,CE,Combined TRACON& Tower with Radar,38,50,79,10,177,0,0,3,0,3,38,50,82,10,180,34,0,34,214
11/30/2006,TOL,OH,AGL,CE,Combined TRACON& Tower with Radar,43,47,33,2,125,0,1,3,0,4,43,48,36,2,129,0,0,0,129
12/01/2006,TOL,OH,AGL,CE,Combined TRACON& Tower with Radar,41,44,28,2,115,0,0,1,0,1,41,44,29,2,116,0,0,0,116
12/02/2006,TOL,OH,AGL,CE,Combined TRACON& Tower with Radar,7,40,20,4,71,0,0,11,0,11,7,40,31,4,82,6,2,8,90
12/03/2006,TOL,OH,AGL,CE,Combined TRACON& Tower with Radar,4,41,26,9,80,0,6,8,0,14,4,47,34,9,94,14,0,14,108
12/04/2006,TOL,OH,AGL,CE,Combined TRACON& Tower with Radar,5,57,26,0,88,0,12,12,0,24,5,69,38,0,112,5,0,5,117
12/05/2006,TOL,OH,AGL,CE,Combined TRACON& Tower with Radar,39,53,27,0,119,0,1,14,0,15,39,54,41,0,134,9,0,9,143
12/06/2006,TOL,OH,AGL,CE,Combined TRACON& Tower with Radar,39,71,58,0,168,0,2,22,0,24,39,73,80,0,192,42,0,42,234
12/07/2006,TOL,OH,AGL,CE,Combined TRACON& Tower with Radar,40,51,42,2,135,0,1,7,0,8,40,52,49,2,143,4,0,4,147
12/08/2006,TOL,OH,AGL,CE,Combined TRACON& Tower with Radar,40,59,49,0,148,0,1,24,2,27,40,60,73,2,175,14,0,14,189
12/09/2006,TOL,OH,AGL,CE,Combined TRACON& Tower with Radar,8,50,30,0,88,0,2,21,0,23,8,52,51,0,111,22,0,22,133
12/10/2006,TOL,OH,AGL,CE,Combined TRACON& Tower with Radar,4,61,32,0,97,0,3,28,0,31,4,64,60,0,128,32,0,32,160
12/11/2006,TOL,OH,AGL,CE,Combined TRACON& Tower with Radar,6,56,28,0,90,0,2,20,2,24,6,58,48,2,114,10,0,10,124
12/12/2006,TOL,OH,AGL,CE,Combined TRACON& Tower with Radar,44,46,34,0,124,0,5,5,1,11,44,51,39,1,135,2,0,2,137
12/13/2006,TOL,OH,AGL,CE,Combined TRACON& Tower with Radar,43,64,47,2,156,0,2,8,0,10,43,66,55,2,166,8,0,8,174
12/14/2006,TOL,OH,AGL,CE,Combined TRACON& Tower with Radar,38,52,66,2,158,0,2,28,0,30,38,54,94,2,188,28,0,28,216
12/15/2006,TOL,OH,AGL,CE,Combined TRACON& Tower with Radar,42,56,46,15,159,0,3,19,0,22,42,59,65,15,181,19,2,21,202
12/16/2006,TOL,OH,AGL,CE,Combined TRACON& Tower with Radar,13,42,26,2,83,0,0,23,0,23,13,42,49,2,106,34,0,34,140
12/17/2006,TOL,OH,AGL,CE,Combined TRACON& Tower with Radar,3,43,26,0,72,0,0,1,0,1,3,43,27,0,73,0,0,0,73
12/18/2006,TOL,OH,AGL,CE,Combined TRACON& Tower with Radar,4,58,65,8,135,0,3,38,0,41,4,61,103,8,176,52,2,54,230
12/19/2006,TOL,OH,AGL,CE,Combined TRACON& Tower with Radar,40,58,61,18,177,0,1,31,0,32,40,59,92,18,209,20,4,24,233
12/20/2006,TOL,OH,AGL,CE,Combined TRACON& Tower with Radar,41,44,46,15,146,0,1,26,0,27,41,45,72,15,173,17,3,20,193
12/21/2006,TOL,OH,AGL,CE,Combined TRACON& Tower with Radar,42,40,43,0,125,0,0,3,0,3,42,40,46,0,128,4,0,4,132
12/22/2006,TOL,OH,AGL,CE,Combined TRACON& Tower with Radar,40,44,27,0,111,0,0,0,0,0,40,44,27,0,111,2,0,2,113
12/23/2006,TOL,OH,AGL,CE,Combined TRACON& Tower with Radar,11,37,25,0,73,0,0,8,0,8,11,37,33,0,81,8,0,8,89
12/24/2006,TOL,OH,AGL,CE,Combined TRACON& Tower with Radar,3,31,16,0,50,0,0,11,0,11,3,31,27,0,61,8,0,8,69
12/25/2006,TOL,OH,AGL,CE,Combined TRACON& Tower with Radar,2,51,11,0,64,0,0,0,0,0,2,51,11,0,64,8,0,8,72
12/26/2006,TOL,OH,AGL,CE,Combined TRACON& Tower with Radar,3,39,18,2,62,0,0,4,0,4,3,39,22,2,66,2,0,2,68
12/27/2006,TOL,OH,AGL,CE,Combined TRACON& Tower with Radar,37,43,32,19,131,0,2,33,0,35,37,45,65,19,166,16,24,40,206
12/28/2006,TOL,OH,AGL,CE,Combined TRACON& Tower with Radar,43,43,15,10,111,0,4,15,0,19,43,47,30,10,130,32,4,36,166
12/29/2006,TOL,OH,AGL,CE,Combined TRACON& Tower with Radar,40,38,26,0,104,0,3,33,0,36,40,41,59,0,140,22,0,22,162
12/30/2006,TOL,OH,AGL,CE,Combined TRACON& Tower with Radar,5,40,19,0,64,0,2,26,0,28,5,42,45,0,92,28,0,28,120
12/31/2006,TOL,OH,AGL,CE,Combined TRACON& Tower with Radar,2,40,15,0,57,0,1,0,0,1,2,41,15,0,58,0,0,0,58
01/01/2007,TOL,OH,AGL,CE,Combined TRACON& Tower with Radar,2,32,6,0,40,0,4,6,0,10,2,36,12,0,50,0,0,0,50
01/02/2007,TOL,OH,AGL,CE,Combined TRACON& Tower with Radar,5,46,27,0,78,0,1,32,0,33,5,47,59,0,111,18,0,18,129
01/03/2007,TOL,OH,AGL,CE,Combined TRACON& Tower with Radar,37,40,25,4,106,0,6,34,0,40,37,46,59,4,146,22,0,22,168
01/04/2007,TOL,OH,AGL,CE,Combined TRACON& Tower with Radar,42,44,30,11,127,0,1,19,0,20,42,45,49,11,147,10,0,10,157
01/05/2007,TOL,OH,AGL,CE,Combined TRACON& Tower with Radar,45,55,33,0,133,0,0,0,0,0,45,55,33,0,133,0,0,0,133
01/06/2007,TOL,OH,AGL,CE,Combined TRACON& Tower with Radar,6,32,16,10,64,0,1,7,0,8,6,33,23,10,72,14,0,14,86
01/07/2007,TOL,OH,AGL,CE,Combined TRACON& Tower with Radar,1,43,23,10,77,0,0,2,0,2,1,43,25,10,79,10,8,18,97
01/08/2007,TOL,OH,AGL,CE,Combined TRACON& Tower with Radar,2,48,21,12,83,0,0,12,0,12,2,48,33,12,95,8,14,22,117
01/09/2007,TOL,OH,AGL,CE,Combined TRACON& Tower with Radar,47,40,43,7,137,0,4,20,0,24,47,44,63,7,161,0,2,2,163
01/10/2007,TOL,OH,AGL,CE,Combined TRACON& Tower with Radar,42,42,59,10,153,0,5,26,0,31,42,47,85,10,184,28,20,48,232
01/11/2007,TOL,OH,AGL,CE,Combined TRACON& Tower with Radar,39,51,49,8,147,0,1,6,0,7,39,52,55,8,154,4,2,6,160
01/12/2007,TOL,OH,AGL,CE,Combined TRACON& Tower with Radar,41,50,44,0,135,0,1,12,0,13,41,51,56,0,148,8,0,8,156
01/13/2007,TOL,OH,AGL,CE,Combined TRACON& Tower with Radar,6,41,8,2,57,0,0,1,0,1,6,41,9,2,58,0,0,0,58
01/14/2007,TOL,OH,AGL,CE,Combined TRACON& Tower with Radar,0,32,14,0,46,0,0,0,0,0,0,32,14,0,46,0,0,0,46
01/15/2007,TOL,OH,AGL,CE,Combined TRACON& Tower with Radar,2,41,27,0,70,0,0,0,0,0,2,41,27,0,70,10,0,10,80
01/16/2007,TOL,OH,AGL,CE,Combined TRACON& Tower with Radar,44,40,46,10,140,0,2,22,4,28,44,42,68,14,168,18,0,18,186
01/17/2007,TOL,OH,AGL,CE,Combined TRACON& Tower with Radar,41,41,58,7,147,0,5,20,0,25,41,46,78,7,172,46,4,50,222
01/18/2007,TOL,OH,AGL,CE,Combined TRACON& Tower with Radar,38,60,55,9,162,0,0,27,0,27,38,60,82,9,189,34,0,34,223
01/19/2007,TOL,OH,AGL,CE,Combined TRACON& Tower with Radar,41,44,27,0,112,0,0,3,0,3,41,44,30,0,115,8,0,8,123
01/20/2007,TOL,OH,AGL,CE,Combined TRACON& Tower with Radar,5,37,29,0,71,0,0,37,0,37,5,37,66,0,108,109,0,109,217
01/21/2007,TOL,OH,AGL,CE,Combined TRACON& Tower with Radar,1,34,8,0,43,0,1,1,0,2,1,35,9,0,45,0,0,0,45
01/22/2007,TOL,OH,AGL,CE,Combined TRACON& Tower with Radar,5,48,26,2,81,0,1,4,0,5,5,49,30,2,86,0,0,0,86
01/23/2007,TOL,OH,AGL,CE,Combined TRACON& Tower with Radar,41,37,29,7,114,0,2,13,0,15,41,39,42,7,129,30,0,30,159
01/24/2007,TOL,OH,AGL,CE,Combined TRACON& Tower with Radar,43,53,52,10,158,0,1,9,0,10,43,54,61,10,168,17,0,17,185
01/25/2007,TOL,OH,AGL,CE,Combined TRACON& Tower with Radar,43,54,54,9,160,0,7,27,4,38,43,61,81,13,198,36,0,36,234
01/26/2007,TOL,OH,AGL,CE,Combined TRACON& Tower with Radar,42,57,52,0,151,0,2,13,0,15,42,59,65,0,166,36,0,36,202
01/27/2007,TOL,OH,AGL,CE,Combined TRACON& Tower with Radar,10,34,11,0,55,0,0,9,0,9,10,34,20,0,64,6,0,6,70
01/28/2007,TOL,OH,AGL,CE,Combined TRACON& Tower with Radar,0,46,10,0,56,0,2,1,0,3,0,48,11,0,59,0,0,0,59
01/29/2007,TOL,OH,AGL,CE,Combined TRACON& Tower with Radar,3,50,47,0,100,0,2,25,0,27,3,52,72,0,127,24,0,24,151
01/30/2007,TOL,OH,AGL,CE,Combined TRACON& Tower with Radar,40,51,20,0,111,0,4,8,0,12,40,55,28,0,123,0,0,0,123
01/31/2007,TOL,OH,AGL,CE,Combined TRACON& Tower with Radar,39,93,51,10,193,0,3,15,0,18,39,96,66,10,211,62,12,74,285
02/01/2007,TOL,OH,AGL,CE,Combined TRACON& Tower with Radar,40,69,29,13,151,0,5,1,1,7,40,74,30,14,158,16,2,18,176
02/02/2007,TOL,OH,AGL,CE,Combined TRACON& Tower with Radar,39,56,46,0,141,0,2,11,0,13,39,58,57,0,154,14,0,14,168
02/03/2007,TOL,OH,AGL,CE,Combined TRACON& Tower with Radar,6,41,20,6,73,0,2,0,0,2,6,43,20,6,75,10,0,10,85
02/04/2007,TOL,OH,AGL,CE,Combined TRACON& Tower with Radar,0,35,6,0,41,0,3,8,0,11,0,38,14,0,52,0,0,0,52
02/05/2007,TOL,OH,AGL,CE,Combined TRACON& Tower with Radar,1,60,41,11,113,0,1,9,0,10,1,61,50,11,123,30,18,48,171
02/06/2007,TOL,OH,AGL,CE,Combined TRACON& Tower with Radar,46,47,24,5,122,0,1,5,0,6,46,48,29,5,128,0,0,0,128
02/07/2007,TOL,OH,AGL,CE,Combined TRACON& Tower with Radar,39,56,48,7,150,0,0,13,0,13,39,56,61,7,163,20,4,24,187
02/08/2007,TOL,OH,AGL,CE,Combined TRACON& Tower with Radar,40,46,36,11,133,0,2,20,0,22,40,48,56,11,155,22,10,32,187
02/09/2007,TOL,OH,AGL,CE,Combined TRACON& Tower with Radar,41,51,48,1,141,0,1,15,0,16,41,52,63,1,157,24,0,24,181
02/10/2007,TOL,OH,AGL,CE,Combined TRACON& Tower with Radar,5,39,34,2,80,0,0,14,0,14,5,39,48,2,94,23,0,23,117
02/11/2007,TOL,OH,AGL,CE,Combined TRACON& Tower with Radar,2,50,23,0,75,0,0,16,0,16,2,50,39,0,91,4,0,4,95
02/12/2007,TOL,OH,AGL,CE,Combined TRACON& Tower with Radar,0,45,26,0,71,0,0,2,0,2,0,45,28,0,73,0,0,0,73
02/13/2007,TOL,OH,AGL,CE,Combined TRACON& Tower with Radar,41,16,13,0,70,0,0,0,0,0,41,16,13,0,70,0,0,0,70
02/14/2007,TOL,OH,AGL,CE,Combined TRACON& Tower with Radar,6,25,27,0,58,0,4,10,0,14,6,29,37,0,72,2,0,2,74
02/15/2007,TOL,OH,AGL,CE,Combined TRACON& Tower with Radar,49,37,43,2,131,0,1,14,0,15,49,38,57,2,146,0,0,0,146
02/16/2007,TOL,OH,AGL,CE,Combined TRACON& Tower with Radar,44,48,37,2,131,0,2,18,0,20,44,50,55,2,151,4,6,10,161
02/17/2007,TOL,OH,AGL,CE,Combined TRACON& Tower with Radar,6,35,5,0,46,0,1,1,0,2,6,36,6,0,48,0,0,0,48
02/18/2007,TOL,OH,AGL,CE,Combined TRACON& Tower with Radar,1,41,17,0,59,0,0,0,0,0,1,41,17,0,59,2,0,2,61
02/19/2007,TOL,OH,AGL,CE,Combined TRACON& Tower with Radar,1,48,39,3,91,0,3,22,0,25,1,51,61,3,116,8,0,8,124
02/20/2007,TOL,OH,AGL,CE,Combined TRACON& Tower with Radar,43,49,43,9,144,0,1,9,0,10,43,50,52,9,154,34,8,42,196
02/21/2007,TOL,OH,AGL,CE,Combined TRACON& Tower with Radar,6,40,41,2,89,0,0,0,0,0,6,40,41,2,89,0,0,0,89
02/22/2007,TOL,OH,AGL,CE,Combined TRACON& Tower with Radar,48,47,45,15,155,0,1,8,4,13,48,48,53,19,168,12,18,30,198
02/23/2007,TOL,OH,AGL,CE,Combined TRACON& Tower with Radar,41,57,58,4,160,0,5,47,2,54,41,62,105,6,214,64,6,70,284
02/24/2007,TOL,OH,AGL,CE,Combined TRACON& Tower with Radar,10,41,42,0,93,0,1,16,0,17,10,42,58,0,110,36,0,36,146
02/25/2007,TOL,OH,AGL,CE,Combined TRACON& Tower with Radar,2,37,13,0,52,0,0,6,0,6,2,37,19,0,58,0,0,0,58
02/26/2007,TOL,OH,AGL,CE,Combined TRACON& Tower with Radar,3,49,23,13,88,0,1,4,0,5,3,50,27,13,93,0,0,0,93
02/27/2007,TOL,OH,AGL,CE,Combined TRACON& Tower with Radar,45,53,49,11,158,0,0,17,0,17,45,53,66,11,175,14,0,14,189
02/28/2007,TOL,OH,AGL,CE,Combined TRACON& Tower with Radar,45,49,64,16,174,0,3,10,0,13,45,52,74,16,187,44,10,54,241
03/01/2007,TOL,OH,AGL,CE,Combined TRACON& Tower with Radar,46,45,14,1,106,0,0,0,0,0,46,45,14,1,106,10,0,10,116
03/02/2007,TOL,OH,AGL,CE,Combined TRACON& Tower with Radar,48,50,29,0,127,0,3,4,0,7,48,53,33,0,134,0,0,0,134
03/03/2007,TOL,OH,AGL,CE,Combined TRACON& Tower with Radar,8,38,17,0,63,0,0,4,0,4,8,38,21,0,67,8,0,8,75
03/04/2007,TOL,OH,AGL,CE,Combined TRACON& Tower with Radar,9,49,19,0,77,0,0,1,0,1,9,49,20,0,78,22,0,22,100
03/05/2007,TOL,OH,AGL,CE,Combined TRACON& Tower with Radar,3,41,37,13,94,0,1,5,0,6,3,42,42,13,100,10,0,10,110
03/06/2007,TOL,OH,AGL,CE,Combined TRACON& Tower with Radar,46,56,58,11,171,0,3,28,0,31,46,59,86,11,202,42,20,62,264
03/08/2007,TOL,OH,AGL,CE,Combined TRACON& Tower with Radar,47,45,45,15,152,0,4,39,1,44,47,49,84,16,196,48,6,54,250
03/09/2007,TOL,OH,AGL,CE,Combined TRACON& Tower with Radar,42,46,34,0,122,0,3,34,0,37,42,49,68,0,159,20,0,20,179
03/10/2007,TOL,OH,AGL,CE,Combined TRACON& Tower with Radar,9,48,18,0,75,0,0,12,0,12,9,48,30,0,87,28,2,30,117
03/11/2007,TOL,OH,AGL,CE,Combined TRACON& Tower with Radar,4,35,16,0,55,0,6,41,0,47,4,41,57,0,102,54,0,54,156
03/12/2007,TOL,OH,AGL,CE,Combined TRACON& Tower with Radar,2,52,37,17,108,0,3,21,0,24,2,55,58,17,132,28,10,38,170
03/13/2007,TOL,OH,AGL,CE,Combined TRACON& Tower with Radar,43,46,36,15,140,0,2,59,2,63,43,48,95,17,203,78,10,88,291
03/14/2007,TOL,OH,AGL,CE,Combined TRACON& Tower with Radar,45,55,52,8,160,0,1,7,0,8,45,56,59,8,168,18,2,20,188
03/15/2007,TOL,OH,AGL,CE,Combined TRACON& Tower with Radar,43,47,35,13,138,0,2,14,0,16,43,49,49,13,154,34,6,40,194
03/16/2007,TOL,OH,AGL,CE,Combined TRACON& Tower with Radar,45,44,66,0,155,0,1,9,0,10,45,45,75,0,165,18,0,18,183
03/17/2007,TOL,OH,AGL,CE,Combined TRACON& Tower with Radar,10,38,27,3,78,0,2,22,2,26,10,40,49,5,104,36,0,36,140
03/18/2007,TOL,OH,AGL,CE,Combined TRACON& Tower with Radar,4,44,41,0,89,0,8,38,0,46,4,52,79,0,135,18,0,18,153
03/19/2007,TOL,OH,AGL,CE,Combined TRACON& Tower with Radar,0,45,45,7,97,0,1,1,1,3,0,46,46,8,100,0,0,0,100
03/20/2007,TOL,OH,AGL,CE,Combined TRACON& Tower with Radar,41,50,47,11,149,0,0,20,0,20,41,50,67,11,169,56,24,80,249
03/21/2007,TOL,OH,AGL,CE,Combined TRACON& Tower with Radar,44,55,49,17,165,0,1,45,0,46,44,56,94,17,211,20,14,34,245
03/22/2007,TOL,OH,AGL,CE,Combined TRACON& Tower with Radar,48,42,62,15,167,0,1,12,0,13,48,43,74,15,180,12,6,18,198
03/23/2007,TOL,OH,AGL,CE,Combined TRACON& Tower with Radar,44,46,62,0,152,0,2,22,0,24,44,48,84,0,176,54,0,54,230
03/24/2007,TOL,OH,AGL,CE,Combined TRACON& Tower with Radar,9,33,20,0,62,0,1,12,0,13,9,34,32,0,75,33,0,33,108
03/25/2007,TOL,OH,AGL,CE,Combined TRACON& Tower with Radar,4,47,39,0,90,0,1,40,0,41,4,48,79,0,131,36,0,36,167
03/26/2007,TOL,OH,AGL,CE,Combined TRACON& Tower with Radar,3,53,30,17,103,0,0,16,0,16,3,53,46,17,119,8,12,20,139
03/27/2007,TOL,OH,AGL,CE,Combined TRACON& Tower with Radar,47,53,57,15,172,0,0,14,0,14,47,53,71,15,186,18,8,26,212
03/28/2007,TOL,OH,AGL,CE,Combined TRACON& Tower with Radar,42,41,47,26,156,0,1,7,1,9,42,42,54,27,165,0,10,10,175
03/29/2007,TOL,OH,AGL,CE,Combined TRACON& Tower with Radar,44,48,38,13,143,0,6,30,0,36,44,54,68,13,179,42,10,52,231
03/30/2007,TOL,OH,AGL,CE,Combined TRACON& Tower with Radar,46,63,49,1,159,0,4,57,1,62,46,67,106,2,221,72,0,72,293
03/31/2007,TOL,OH,AGL,CE,Combined TRACON& Tower with Radar,12,46,25,1,84,0,2,15,0,17,12,48,40,1,101,32,0,32,133
04/01/2007,TOL,OH,AGL,CE,Combined TRACON& Tower with Radar,5,36,11,2,54,0,1,4,0,5,5,37,15,2,59,0,0,0,59
04/02/2007,TOL,OH,AGL,CE,Combined TRACON& Tower with Radar,1,44,34,13,92,0,2,29,0,31,1,46,63,13,123,20,8,28,151
04/03/2007,TOL,OH,AGL,CE,Combined TRACON& Tower with Radar,47,46,47,5,145,0,3,16,1,20,47,49,63,6,165,27,0,27,192
04/04/2007,TOL,OH,AGL,CE,Combined TRACON& Tower with Radar,43,53,72,8,176,0,3,15,0,18,43,56,87,8,194,24,6,30,224
04/05/2007,TOL,OH,AGL,CE,Combined TRACON& Tower with Radar,45,54,37,11,147,0,2,9,0,11,45,56,46,11,158,0,8,8,166
04/06/2007,TOL,OH,AGL,CE,Combined TRACON& Tower with Radar,40,44,33,0,117,0,1,13,0,14,40,45,46,0,131,16,0,16,147
04/07/2007,TOL,OH,AGL,CE,Combined TRACON& Tower with Radar,7,43,20,0,70,0,1,5,0,6,7,44,25,0,76,14,0,14,90
04/08/2007,TOL,OH,AGL,CE,Combined TRACON& Tower with Radar,5,42,11,0,58,0,0,2,0,2,5,42,13,0,60,0,0,0,60
04/09/2007,TOL,OH,AGL,CE,Combined TRACON& Tower with Radar,4,43,48,12,107,0,3,20,0,23,4,46,68,12,130,44,6,50,180
04/10/2007,TOL,OH,AGL,CE,Combined TRACON& Tower with Radar,43,65,54,11,173,0,1,24,0,25,43,66,78,11,198,30,6,36,234
04/11/2007,TOL,OH,AGL,CE,Combined TRACON& Tower with Radar,46,50,40,0,136,0,3,9,0,12,46,53,49,0,148,6,0,6,154
04/12/2007,TOL,OH,AGL,CE,Combined TRACON& Tower with Radar,51,53,29,19,152,0,3,6,0,9,51,56,35,19,161,0,0,0,161
04/13/2007,TOL,OH,AGL,CE,Combined TRACON& Tower with Radar,42,47,62,1,152,0,2,21,0,23,42,49,83,1,175,36,0,36,211
04/14/2007,TOL,OH,AGL,CE,Combined TRACON& Tower with Radar,12,37,66,0,115,0,1,10,0,11,12,38,76,0,126,42,0,42,168
04/15/2007,TOL,OH,AGL,CE,Combined TRACON& Tower with Radar,3,40,31,1,75,0,0,21,0,21,3,40,52,1,96,20,0,20,116
04/16/2007,TOL,OH,AGL,CE,Combined TRACON& Tower with Radar,4,51,42,3,100,0,4,8,0,12,4,55,50,3,112,2,2,4,116
04/17/2007,TOL,OH,AGL,CE,Combined TRACON& Tower with Radar,46,48,46,25,165,0,1,42,1,44,46,49,88,26,209,42,12,54,263
04/18/2007,TOL,OH,AGL,CE,Combined TRACON& Tower with Radar,39,42,51,27,159,0,0,22,0,22,39,42,73,27,181,43,8,51,232
04/19/2007,TOL,OH,AGL,CE,Combined TRACON& Tower with Radar,44,42,36,24,146,0,1,28,1,30,44,43,64,25,176,38,16,54,230
04/20/2007,TOL,OH,AGL,CE,Combined TRACON& Tower with Radar,39,54,62,3,158,0,1,27,4,32,39,55,89,7,190,48,0,48,238
04/21/2007,TOL,OH,AGL,CE,Combined TRACON& Tower with Radar,11,34,38,0,83,0,1,27,1,29,11,35,65,1,112,70,0,70,182
04/22/2007,TOL,OH,AGL,CE,Combined TRACON& Tower with Radar,3,39,35,2,79,0,2,40,3,45,3,41,75,5,124,54,0,54,178
04/23/2007,TOL,OH,AGL,CE,Combined TRACON& Tower with Radar,1,52,27,6,86,0,7,28,1,36,1,59,55,7,122,4,0,4,126
04/24/2007,TOL,OH,AGL,CE,Combined TRACON& Tower with Radar,47,46,36,23,152,0,4,61,2,67,47,50,97,25,219,40,12,52,271
04/25/2007,TOL,OH,AGL,CE,Combined TRACON& Tower with Radar,43,46,48,33,170,0,0,3,0,3,43,46,51,33,173,0,0,0,173
04/26/2007,TOL,OH,AGL,CE,Combined TRACON& Tower with Radar,46,52,36,9,143,0,0,0,0,0,46,52,36,9,143,6,2,8,151
04/27/2007,TOL,OH,AGL,CE,Combined TRACON& Tower with Radar,44,66,65,0,175,0,0,4,0,4,44,66,69,0,179,52,0,52,231
04/28/2007,TOL,OH,AGL,CE,Combined TRACON& Tower with Radar,10,34,42,17,103,0,2,31,0,33,10,36,73,17,136,42,12,54,190
04/29/2007,TOL,OH,AGL,CE,Combined TRACON& Tower with Radar,5,46,21,9,81,0,0,24,2,26,5,46,45,11,107,32,0,32,139
04/30/2007,TOL,OH,AGL,CE,Combined TRACON& Tower with Radar,4,50,43,24,121,20,3,17,0,40,24,53,60,24,161,24,16,40,201
05/01/2007,TOL,OH,AGL,CE,Combined TRACON& Tower with Radar,43,54,47,8,152,0,3,15,0,18,43,57,62,8,170,10,0,10,180
05/02/2007,TOL,OH,AGL,CE,Combined TRACON& Tower with Radar,43,59,55,30,187,0,0,18,0,18,43,59,73,30,205,35,18,53,258
05/03/2007,TOL,OH,AGL,CE,Combined TRACON& Tower with Radar,51,58,75,24,208,0,0,34,3,37,51,58,109,27,245,28,0,28,273
05/04/2007,TOL,OH,AGL,CE,Combined TRACON& Tower with Radar,44,51,53,0,148,0,1,32,0,33,44,52,85,0,181,34,0,34,215
05/05/2007,TOL,OH,AGL,CE,Combined TRACON& Tower with Radar,11,39,20,0,70,0,0,9,0,9,11,39,29,0,79,4,0,4,83
05/06/2007,TOL,OH,AGL,CE,Combined TRACON& Tower with Radar,5,46,38,0,89,0,2,22,1,25,5,48,60,1,114,4,0,4,118
05/07/2007,TOL,OH,AGL,CE,Combined TRACON& Tower with Radar,1,41,46,13,101,0,2,28,0,30,1,43,74,13,131,6,4,10,141
05/08/2007,TOL,OH,AGL,CE,Combined TRACON& Tower with Radar,51,76,37,19,183,0,1,27,1,29,51,77,64,20,212,12,8,20,232
05/09/2007,TOL,OH,AGL,CE,Combined TRACON& Tower with Radar,43,54,40,13,150,0,1,3,0,4,43,55,43,13,154,2,10,12,166
05/10/2007,TOL,OH,AGL,CE,Combined TRACON& Tower with Radar,34,53,33,6,126,0,1,24,1,26,34,54,57,7,152,24,12,36,188
05/11/2007,TOL,OH,AGL,CE,Combined TRACON& Tower with Radar,41,68,52,0,161,0,2,17,0,19,41,70,69,0,180,18,0,18,198
05/12/2007,TOL,OH,AGL,CE,Combined TRACON& Tower with Radar,8,47,38,0,93,0,1,32,0,33,8,48,70,0,126,56,0,56,182
05/13/2007,TOL,OH,AGL,CE,Combined TRACON& Tower with Radar,3,52,18,0,73,0,2,49,0,51,3,54,67,0,124,16,0,16,140
05/14/2007,TOL,OH,AGL,CE,Combined TRACON& Tower with Radar,2,49,39,11,101,0,2,22,0,24,2,51,61,11,125,26,0,26,151
05/15/2007,TOL,OH,AGL,CE,Combined TRACON& Tower with Radar,53,58,45,9,165,0,1,9,0,10,53,59,54,9,175,12,4,16,191
05/16/2007,TOL,OH,AGL,CE,Combined TRACON& Tower with Radar,42,53,75,10,180,0,5,19,0,24,42,58,94,10,204,66,2,68,272
05/17/2007,TOL,OH,AGL,CE,Combined TRACON& Tower with Radar,48,59,48,6,161,0,2,19,0,21,48,61,67,6,182,38,8,46,228
05/18/2007,TOL,OH,AGL,CE,Combined TRACON& Tower with Radar,46,57,46,1,150,0,3,38,1,42,46,60,84,2,192,33,0,33,225
05/19/2007,TOL,OH,AGL,CE,Combined TRACON& Tower with Radar,6,53,28,0,87,0,7,60,0,67,6,60,88,0,154,43,0,43,197
05/20/2007,TOL,OH,AGL,CE,Combined TRACON& Tower with Radar,5,53,40,0,98,0,2,33,0,35,5,55,73,0,133,24,0,24,157
05/21/2007,TOL,OH,AGL,CE,Combined TRACON& Tower with Radar,3,51,40,1,95,0,0,31,0,31,3,51,71,1,126,18,0,18,144
05/22/2007,TOL,OH,AGL,CE,Combined TRACON& Tower with Radar,44,49,44,7,144,0,0,27,3,30,44,49,71,10,174,16,14,30,204
05/23/2007,TOL,OH,AGL,CE,Combined TRACON& Tower with Radar,33,54,44,9,140,0,0,34,0,34,33,54,78,9,174,40,0,40,214
05/24/2007,TOL,OH,AGL,CE,Combined TRACON& Tower with Radar,46,45,41,5,137,0,0,36,0,36,46,45,77,5,173,48,0,48,221
05/25/2007,TOL,OH,AGL,CE,Combined TRACON& Tower with Radar,40,43,45,1,129,0,3,13,0,16,40,46,58,1,145,10,0,10,155
05/26/2007,TOL,OH,AGL,CE,Combined TRACON& Tower with Radar,6,32,16,0,54,0,2,8,0,10,6,34,24,0,64,0,0,0,64
05/27/2007,TOL,OH,AGL,CE,Combined TRACON& Tower with Radar,2,25,20,0,47,0,2,10,0,12,2,27,30,0,59,0,0,0,59
05/28/2007,TOL,OH,AGL,CE,Combined TRACON& Tower with Radar,2,46,20,0,68,0,3,27,1,31,2,49,47,1,99,10,0,10,109
05/29/2007,TOL,OH,AGL,CE,Combined TRACON& Tower with Radar,0,54,37,0,91,0,2,17,0,19,0,56,54,0,110,16,0,16,126
05/30/2007,TOL,OH,AGL,CE,Combined TRACON& Tower with Radar,44,43,61,3,151,0,1,19,2,22,44,44,80,5,173,32,0,32,205
05/31/2007,TOL,OH,AGL,CE,Combined TRACON& Tower with Radar,45,49,36,1,131,0,4,14,0,18,45,53,50,1,149,6,0,6,155
06/01/2007,TOL,OH,AGL,CE,Combined TRACON& Tower with Radar,42,50,43,1,136,0,2,17,0,19,42,52,60,1,155,22,4,26,181
06/02/2007,TOL,OH,AGL,CE,Combined TRACON& Tower with Radar,8,38,21,0,67,0,2,24,0,26,8,40,45,0,93,22,0,22,115
06/03/2007,TOL,OH,AGL,CE,Combined TRACON& Tower with Radar,7,32,28,6,73,0,0,5,0,5,7,32,33,6,78,26,10,36,114
06/04/2007,TOL,OH,AGL,CE,Combined TRACON& Tower with Radar,5,52,57,0,114,0,1,6,0,7,5,53,63,0,121,14,0,14,135
06/05/2007,TOL,OH,AGL,CE,Combined TRACON& Tower with Radar,43,57,88,5,193,0,1,16,0,17,43,58,104,5,210,50,6,56,266
06/06/2007,TOL,OH,AGL,CE,Combined TRACON& Tower with Radar,42,46,62,14,164,0,0,19,0,19,42,46,81,14,183,37,16,53,236
06/07/2007,TOL,OH,AGL,CE,Combined TRACON& Tower with Radar,42,46,45,2,135,0,2,13,0,15,42,48,58,2,150,6,4,10,160
06/08/2007,TOL,OH,AGL,CE,Combined TRACON& Tower with Radar,44,41,32,0,117,0,1,17,1,19,44,42,49,1,136,2,0,2,138
06/09/2007,TOL,OH,AGL,CE,Combined TRACON& Tower with Radar,11,34,25,0,70,0,1,34,4,39,11,35,59,4,109,16,0,16,125
06/10/2007,TOL,OH,AGL,CE,Combined TRACON& Tower with Radar,7,45,34,0,86,0,2,26,1,29,7,47,60,1,115,34,0,34,149
06/11/2007,TOL,OH,AGL,CE,Combined TRACON& Tower with Radar,2,48,44,1,95,0,5,32,1,38,2,53,76,2,133,40,0,40,173
06/12/2007,TOL,OH,AGL,CE,Combined TRACON& Tower with Radar,46,62,46,0,154,0,2,12,1,15,46,64,58,1,169,13,0,13,182
06/13/2007,TOL,OH,AGL,CE,Combined TRACON& Tower with Radar,38,50,53,8,149,0,2,23,0,25,38,52,76,8,174,40,2,42,216
06/14/2007,TOL,OH,AGL,CE,Combined TRACON& Tower with Radar,43,52,57,0,152,0,0,37,1,38,43,52,94,1,190,36,0,36,226
06/15/2007,TOL,OH,AGL,CE,Combined TRACON& Tower with Radar,44,49,54,2,149,0,1,38,0,39,44,50,92,2,188,14,0,14,202
06/16/2007,TOL,OH,AGL,CE,Combined TRACON& Tower with Radar,8,36,32,4,80,0,0,23,6,29,8,36,55,10,109,19,0,19,128
06/17/2007,TOL,OH,AGL,CE,Combined TRACON& Tower with Radar,6,43,31,3,83,0,3,21,0,24,6,46,52,3,107,4,0,4,111
06/18/2007,TOL,OH,AGL,CE,Combined TRACON& Tower with Radar,3,53,50,0,106,0,5,25,0,30,3,58,75,0,136,18,0,18,154
06/19/2007,TOL,OH,AGL,CE,Combined TRACON& Tower with Radar,47,55,53,2,157,0,0,17,0,17,47,55,70,2,174,16,2,18,192
06/20/2007,TOL,OH,AGL,CE,Combined TRACON& Tower with Radar,45,59,62,0,166,0,4,30,1,35,45,63,92,1,201,16,0,16,217
06/21/2007,TOL,OH,AGL,CE,Combined TRACON& Tower with Radar,46,52,47,1,146,0,1,21,1,23,46,53,68,2,169,22,0,22,191
06/22/2007,TOL,OH,AGL,CE,Combined TRACON& Tower with Radar,42,53,49,2,146,0,26,4,0,30,42,79,53,2,176,16,0,16,192
06/23/2007,TOL,OH,AGL,CE,Combined TRACON& Tower with Radar,10,37,22,4,73,0,5,37,7,49,10,42,59,11,122,50,0,50,172
06/24/2007,TOL,OH,AGL,CE,Combined TRACON& Tower with Radar,4,48,30,0,82,0,0,22,3,25,4,48,52,3,107,24,0,24,131
06/25/2007,TOL,OH,AGL,CE,Combined TRACON& Tower with Radar,9,43,43,0,95,0,0,26,0,26,9,43,69,0,121,28,0,28,149
06/26/2007,TOL,OH,AGL,CE,Combined TRACON& Tower with Radar,47,63,53,7,170,0,0,15,0,15,47,63,68,7,185,18,0,18,203
06/27/2007,TOL,OH,AGL,CE,Combined TRACON& Tower with Radar,49,56,58,0,163,0,1,25,0,26,49,57,83,0,189,23,0,23,212
06/28/2007,TOL,OH,AGL,CE,Combined TRACON& Tower with Radar,58,78,51,0,187,0,0,9,0,9,58,78,60,0,196,12,0,12,208
06/29/2007,TOL,OH,AGL,CE,Combined TRACON& Tower with Radar,46,52,59,0,157,0,0,39,2,41,46,52,98,2,198,54,0,54,252
06/30/2007,TOL,OH,AGL,CE,Combined TRACON& Tower with Radar,9,41,28,0,78,0,0,41,0,41,9,41,69,0,119,30,0,30,149
07/01/2007,TOL,OH,AGL,CE,Combined TRACON& Tower with Radar,6,49,23,6,84,0,4,34,0,38,6,53,57,6,122,36,0,36,158
07/02/2007,TOL,OH,AGL,CE,Combined TRACON& Tower with Radar,2,46,37,0,85,0,32,0,0,32,2,78,37,0,117,15,0,15,132
07/03/2007,TOL,OH,AGL,CE,Combined TRACON& Tower with Radar,48,38,37,0,123,432,3,36,0,471,480,41,73,0,594,30,0,30,624
07/04/2007,TOL,OH,AGL,CE,Combined TRACON& Tower with Radar,12,31,15,0,58,108,0,7,0,115,120,31,22,0,173,5,0,5,178
07/05/2007,TOL,OH,AGL,CE,Combined TRACON& Tower with Radar,3,48,24,0,75,27,0,25,0,52,30,48,49,0,127,24,0,24,151
07/06/2007,TOL,OH,AGL,CE,Combined TRACON& Tower with Radar,37,46,20,0,103,0,0,16,0,16,37,46,36,0,119,10,0,10,129
07/07/2007,TOL,OH,AGL,CE,Combined TRACON& Tower with Radar,11,40,11,2,64,0,4,32,0,36,11,44,43,2,100,14,0,14,114
07/08/2007,TOL,OH,AGL,CE,Combined TRACON& Tower with Radar,6,44,31,8,89,0,13,29,0,42,6,57,60,8,131,14,0,14,145
07/09/2007,TOL,OH,AGL,CE,Combined TRACON& Tower with Radar,4,46,46,2,98,0,1,21,0,22,4,47,67,2,120,28,0,28,148
07/10/2007,TOL,OH,AGL,CE,Combined TRACON& Tower with Radar,45,44,65,4,158,0,1,8,0,9,45,45,73,4,167,14,0,14,181
07/11/2007,TOL,OH,AGL,CE,Combined TRACON& Tower with Radar,43,60,57,6,166,0,2,13,4,19,43,62,70,10,185,28,8,36,221
07/12/2007,TOL,OH,AGL,CE,Combined TRACON& Tower with Radar,44,61,41,4,150,0,3,23,1,27,44,64,64,5,177,2,2,4,181
07/13/2007,TOL,OH,AGL,CE,Combined TRACON& Tower with Radar,39,50,48,0,137,0,1,33,0,34,39,51,81,0,171,12,0,12,183
07/14/2007,TOL,OH,AGL,CE,Combined TRACON& Tower with Radar,7,33,19,5,64,0,2,12,0,14,7,35,31,5,78,8,0,8,86
07/15/2007,TOL,OH,AGL,CE,Combined TRACON& Tower with Radar,9,62,24,2,97,0,1,35,1,37,9,63,59,3,134,14,0,14,148
07/16/2007,TOL,OH,AGL,CE,Combined TRACON& Tower with Radar,3,53,48,2,106,0,0,13,0,13,3,53,61,2,119,12,0,12,131
07/17/2007,TOL,OH,AGL,CE,Combined TRACON& Tower with Radar,42,50,49,3,144,0,0,5,0,5,42,50,54,3,149,14,2,16,165
07/18/2007,TOL,OH,AGL,CE,Combined TRACON& Tower with Radar,39,55,48,4,146,0,0,16,0,16,39,55,64,4,162,32,14,46,208
07/19/2007,TOL,OH,AGL,CE,Combined TRACON& Tower with Radar,45,47,45,2,139,0,3,6,2,11,45,50,51,4,150,26,0,26,176
07/20/2007,TOL,OH,AGL,CE,Combined TRACON& Tower with Radar,44,45,42,3,134,0,5,56,0,61,44,50,98,3,195,18,0,18,213
07/21/2007,TOL,OH,AGL,CE,Combined TRACON& Tower with Radar,7,34,38,0,79,0,2,27,0,29,7,36,65,0,108,26,0,26,134
07/22/2007,TOL,OH,AGL,CE,Combined TRACON& Tower with Radar,6,39,31,0,76,0,2,25,0,27,6,41,56,0,103,34,0,34,137
07/23/2007,TOL,OH,AGL,CE,Combined TRACON& Tower with Radar,3,47,47,0,97,0,4,29,0,33,3,51,76,0,130,30,0,30,160
07/24/2007,TOL,OH,AGL,CE,Combined TRACON& Tower with Radar,44,47,60,6,157,0,0,20,1,21,44,47,80,7,178,34,0,34,212
07/25/2007,TOL,OH,AGL,CE,Combined TRACON& Tower with Radar,41,51,72,6,170,0,1,21,1,23,41,52,93,7,193,26,4,30,223
07/26/2007,TOL,OH,AGL,CE,Combined TRACON& Tower with Radar,38,52,58,10,158,1,2,11,1,15,39,54,69,11,173,12,1,13,186
07/27/2007,TOL,OH,AGL,CE,Combined TRACON& Tower with Radar,47,41,39,0,127,0,0,13,0,13,47,41,52,0,140,24,0,24,164
07/28/2007,TOL,OH,AGL,CE,Combined TRACON& Tower with Radar,8,37,37,0,82,0,1,13,0,14,8,38,50,0,96,44,0,44,140
07/29/2007,TOL,OH,AGL,CE,Combined TRACON& Tower with Radar,6,44,27,0,77,0,0,18,0,18,6,44,45,0,95,26,0,26,121
07/30/2007,TOL,OH,AGL,CE,Combined TRACON& Tower with Radar,2,55,45,4,106,0,3,36,0,39,2,58,81,4,145,38,4,42,187
07/31/2007,TOL,OH,AGL,CE,Combined TRACON& Tower with Radar,49,44,46,0,139,0,4,36,1,41,49,48,82,1,180,36,0,36,216
08/01/2007,TOL,OH,AGL,CE,Combined TRACON& Tower with Radar,42,53,41,6,142,0,0,23,0,23,42,53,64,6,165,14,8,22,187
08/02/2007,TOL,OH,AGL,CE,Combined TRACON& Tower with Radar,37,54,41,1,133,0,9,24,0,33,37,63,65,1,166,20,0,20,186
08/03/2007,TOL,OH,AGL,CE,Combined TRACON& Tower with Radar,39,55,49,1,144,0,2,17,0,19,39,57,66,1,163,22,0,22,185
08/04/2007,TOL,OH,AGL,CE,Combined TRACON& Tower with Radar,10,42,23,3,78,0,2,35,2,39,10,44,58,5,117,28,4,32,149
08/05/2007,TOL,OH,AGL,CE,Combined TRACON& Tower with Radar,4,38,15,4,61,0,0,3,0,3,4,38,18,4,64,0,0,0,64
08/06/2007,TOL,OH,AGL,CE,Combined TRACON& Tower with Radar,2,49,45,10,106,0,0,11,2,13,2,49,56,12,119,20,18,38,157
08/07/2007,TOL,OH,AGL,CE,Combined TRACON& Tower with Radar,48,44,38,4,134,0,0,52,0,52,48,44,90,4,186,12,0,12,198
08/08/2007,TOL,OH,AGL,CE,Combined TRACON& Tower with Radar,40,50,53,17,160,0,2,60,6,68,40,52,113,23,228,22,16,38,266
08/09/2007,TOL,OH,AGL,CE,Combined TRACON& Tower with Radar,43,48,43,3,137,0,0,0,0,0,43,48,43,3,137,1,0,1,138
08/10/2007,TOL,OH,AGL,CE,Combined TRACON& Tower with Radar,43,48,38,2,131,0,0,12,4,16,43,48,50,6,147,4,4,8,155
08/11/2007,TOL,OH,AGL,CE,Combined TRACON& Tower with Radar,6,39,30,0,75,0,2,22,3,27,6,41,52,3,102,10,1,11,113
08/12/2007,TOL,OH,AGL,CE,Combined TRACON& Tower with Radar,7,46,25,0,78,0,1,26,0,27,7,47,51,0,105,20,0,20,125
08/13/2007,TOL,OH,AGL,CE,Combined TRACON& Tower with Radar,4,52,58,13,127,0,3,41,10,54,4,55,99,23,181,29,18,47,228
08/14/2007,TOL,OH,AGL,CE,Combined TRACON& Tower with Radar,43,47,42,12,144,0,0,12,0,12,43,47,54,12,156,18,8,26,182
08/15/2007,TOL,OH,AGL,CE,Combined TRACON& Tower with Radar,41,44,70,14,169,0,2,12,0,14,41,46,82,14,183,22,6,28,211
08/16/2007,TOL,OH,AGL,CE,Combined TRACON& Tower with Radar,43,52,58,13,166,0,0,15,1,16,43,52,73,14,182,32,14,46,228
08/17/2007,TOL,OH,AGL,CE,Combined TRACON& Tower with Radar,39,45,53,0,137,0,1,17,0,18,39,46,70,0,155,2,0,2,157
08/18/2007,TOL,OH,AGL,CE,Combined TRACON& Tower with Radar,13,32,25,0,70,0,1,24,0,25,13,33,49,0,95,20,0,20,115
08/19/2007,TOL,OH,AGL,CE,Combined TRACON& Tower with Radar,6,47,29,0,82,0,0,0,0,0,6,47,29,0,82,0,0,0,82
08/20/2007,TOL,OH,AGL,CE,Combined TRACON& Tower with Radar,2,45,23,1,71,0,0,0,0,0,2,45,23,1,71,0,0,0,71
08/21/2007,TOL,OH,AGL,CE,Combined TRACON& Tower with Radar,46,53,69,10,178,0,4,5,0,9,46,57,74,10,187,11,8,19,206
08/22/2007,TOL,OH,AGL,CE,Combined TRACON& Tower with Radar,41,59,48,4,152,0,2,23,0,25,41,61,71,4,177,18,4,22,199
08/23/2007,TOL,OH,AGL,CE,Combined TRACON& Tower with Radar,44,50,48,13,155,0,3,19,5,27,44,53,67,18,182,14,8,22,204
08/24/2007,TOL,OH,AGL,CE,Combined TRACON& Tower with Radar,40,45,49,2,136,0,3,14,0,17,40,48,63,2,153,16,0,16,169
08/25/2007,TOL,OH,AGL,CE,Combined TRACON& Tower with Radar,8,41,14,0,63,0,0,12,0,12,8,41,26,0,75,14,0,14,89
08/26/2007,TOL,OH,AGL,CE,Combined TRACON& Tower with Radar,4,40,40,0,84,0,1,49,0,50,4,41,89,0,134,60,0,60,194
08/27/2007,TOL,OH,AGL,CE,Combined TRACON& Tower with Radar,4,47,39,12,102,0,0,32,0,32,4,47,71,12,134,50,34,84,218
08/28/2007,TOL,OH,AGL,CE,Combined TRACON& Tower with Radar,41,52,69,17,179,0,4,43,8,55,41,56,112,25,234,101,28,129,363
08/29/2007,TOL,OH,AGL,CE,Combined TRACON& Tower with Radar,40,59,70,16,185,0,3,19,9,31,40,62,89,25,216,40,22,62,278
08/30/2007,TOL,OH,AGL,CE,Combined TRACON& Tower with Radar,43,58,59,1,161,0,3,22,0,25,43,61,81,1,186,53,0,53,239
08/31/2007,TOL,OH,AGL,CE,Combined TRACON& Tower with Radar,42,55,50,0,147,0,3,72,0,75,42,58,122,0,222,44,0,44,266
09/01/2007,TOL,OH,AGL,CE,Combined TRACON& Tower with Radar,8,38,25,0,71,0,3,33,0,36,8,41,58,0,107,38,0,38,145
09/02/2007,TOL,OH,AGL,CE,Combined TRACON& Tower with Radar,7,36,14,0,57,0,2,23,0,25,7,38,37,0,82,24,0,24,106
09/03/2007,TOL,OH,AGL,CE,Combined TRACON& Tower with Radar,4,38,22,0,64,0,1,32,0,33,4,39,54,0,97,38,0,38,135
09/04/2007,TOL,OH,AGL,CE,Combined TRACON& Tower with Radar,3,46,39,7,95,0,0,27,4,31,3,46,66,11,126,38,12,50,176
09/05/2007,TOL,OH,AGL,CE,Combined TRACON& Tower with Radar,41,49,52,14,156,0,1,30,8,39,41,50,82,22,195,44,22,66,261
09/06/2007,TOL,OH,AGL,CE,Combined TRACON& Tower with Radar,45,49,52,13,159,0,6,30,2,38,45,55,82,15,197,34,14,48,245
09/17/2007,TOL,OH,AGL,CE,Combined TRACON& Tower with Radar,3,47,60,21,131,0,2,22,2,26,3,49,82,23,157,28,8,36,193
09/18/2007,TOL,OH,AGL,CE,Combined TRACON& Tower with Radar,44,42,44,16,146,0,7,36,0,43,44,49,80,16,189,56,6,62,251
09/19/2007,TOL,OH,AGL,CE,Combined TRACON& Tower with Radar,41,53,49,14,157,0,3,25,0,28,41,56,74,14,185,26,11,37,222
09/20/2007,TOL,OH,AGL,CE,Combined TRACON& Tower with Radar,40,49,37,14,140,0,1,26,0,27,40,50,63,14,167,20,12,32,199
09/21/2007,TOL,OH,AGL,CE,Combined TRACON& Tower with Radar,43,58,35,1,137,0,4,25,0,29,43,62,60,1,166,12,2,14,180
09/22/2007,TOL,OH,AGL,CE,Combined TRACON& Tower with Radar,14,33,31,0,78,0,1,46,0,47,14,34,77,0,125,96,0,96,221
09/23/2007,TOL,OH,AGL,CE,Combined TRACON& Tower with Radar,8,40,55,1,104,0,2,47,0,49,8,42,102,1,153,38,0,38,191
09/24/2007,TOL,OH,AGL,CE,Combined TRACON& Tower with Radar,5,51,55,15,126,0,0,33,0,33,5,51,88,15,159,33,0,33,192
09/25/2007,TOL,OH,AGL,CE,Combined TRACON& Tower with Radar,48,41,43,0,132,0,1,19,1,21,48,42,62,1,153,16,0,16,169
09/26/2007,TOL,OH,AGL,CE,Combined TRACON& Tower with Radar,40,44,67,0,151,0,1,1,0,2,40,45,68,0,153,22,0,22,175
09/27/2007,TOL,OH,AGL,CE,Combined TRACON& Tower with Radar,44,60,75,0,179,0,0,19,0,19,44,60,94,0,198,31,0,31,229
09/28/2007,TOL,OH,AGL,CE,Combined TRACON& Tower with Radar,42,56,44,0,142,0,8,36,0,44,42,64,80,0,186,58,0,58,244
09/29/2007,TOL,OH,AGL,CE,Combined TRACON& Tower with Radar,10,31,36,0,77,0,2,48,0,50,10,33,84,0,127,45,0,45,172
09/30/2007,TOL,OH,AGL,CE,Combined TRACON& Tower with Radar,5,41,42,2,90,0,2,44,0,46,5,43,86,2,136,40,4,44,180
10/01/2007,TOL,OH,AGL,CE,Combined TRACON& Tower with Radar,6,53,37,8,104,0,0,9,0,9,6,53,46,8,113,8,0,8,121
10/02/2007,TOL,OH,AGL,CE,Combined TRACON& Tower with Radar,47,57,32,12,148,0,0,17,2,19,47,57,49,14,167,28,2,30,197
10/03/2007,TOL,OH,AGL,CE,Combined TRACON& Tower with Radar,46,64,55,12,177,0,8,21,0,29,46,72,76,12,206,28,6,34,240
10/04/2007,TOL,OH,AGL,CE,Combined TRACON& Tower with Radar,50,51,37,8,146,0,6,51,0,57,50,57,88,8,203,40,6,46,249
10/05/2007,TOL,OH,AGL,CE,Combined TRACON& Tower with Radar,54,51,44,0,149,0,3,30,0,33,54,54,74,0,182,20,0,20,202
10/06/2007,TOL,OH,AGL,CE,Combined TRACON& Tower with Radar,10,33,42,0,85,0,2,44,0,46,10,35,86,0,131,50,0,50,181
10/07/2007,TOL,OH,AGL,CE,Combined TRACON& Tower with Radar,8,38,24,0,70,0,4,38,1,43,8,42,62,1,113,38,0,38,151
10/08/2007,TOL,OH,AGL,CE,Combined TRACON& Tower with Radar,2,54,47,0,103,0,0,34,0,34,2,54,81,0,137,42,0,42,179
10/09/2007,TOL,OH,AGL,CE,Combined TRACON& Tower with Radar,47,52,46,23,168,0,2,29,0,31,47,54,75,23,199,10,28,38,237
10/10/2007,TOL,OH,AGL,CE,Combined TRACON& Tower with Radar,41,44,48,20,153,0,4,14,0,18,41,48,62,20,171,12,22,34,205
10/11/2007,TOL,OH,AGL,CE,Combined TRACON& Tower with Radar,47,55,39,11,152,0,2,6,0,8,47,57,45,11,160,4,0,4,164
10/12/2007,TOL,OH,AGL,CE,Combined TRACON& Tower with Radar,41,45,49,0,135,0,3,28,0,31,41,48,77,0,166,24,0,24,190
10/13/2007,TOL,OH,AGL,CE,Combined TRACON& Tower with Radar,6,28,20,16,70,0,0,12,0,12,6,28,32,16,82,26,16,42,124
10/14/2007,TOL,OH,AGL,CE,Combined TRACON& Tower with Radar,6,41,20,6,73,0,1,25,0,26,6,42,45,6,99,6,0,6,105
10/15/2007,TOL,OH,AGL,CE,Combined TRACON& Tower with Radar,3,55,47,14,119,0,1,31,0,32,3,56,78,14,151,25,8,33,184
10/16/2007,TOL,OH,AGL,CE,Combined TRACON& Tower with Radar,46,43,45,8,142,0,6,8,0,14,46,49,53,8,156,12,4,16,172
10/17/2007,TOL,OH,AGL,CE,Combined TRACON& Tower with Radar,51,51,81,9,192,0,1,27,0,28,51,52,108,9,220,18,10,28,248
10/18/2007,TOL,OH,AGL,CE,Combined TRACON& Tower with Radar,46,58,32,12,148,0,0,7,2,9,46,58,39,14,157,12,2,14,171
10/19/2007,TOL,OH,AGL,CE,Combined TRACON& Tower with Radar,44,55,36,0,135,0,3,14,0,17,44,58,50,0,152,6,0,6,158
10/20/2007,TOL,OH,AGL,CE,Combined TRACON& Tower with Radar,11,37,31,3,82,0,0,9,2,11,11,37,40,5,93,14,4,18,111
10/21/2007,TOL,OH,AGL,CE,Combined TRACON& Tower with Radar,9,37,17,0,63,0,7,20,0,27,9,44,37,0,90,4,0,4,94
10/22/2007,TOL,OH,AGL,CE,Combined TRACON& Tower with Radar,2,47,53,16,118,0,0,30,0,30,2,47,83,16,148,54,0,54,202
10/23/2007,TOL,OH,AGL,CE,Combined TRACON& Tower with Radar,47,47,59,6,159,0,0,8,0,8,47,47,67,6,167,40,10,50,217
10/24/2007,TOL,OH,AGL,CE,Combined TRACON& Tower with Radar,46,60,38,20,164,0,1,36,3,40,46,61,74,23,204,41,16,57,261
10/25/2007,TOL,OH,AGL,CE,Combined TRACON& Tower with Radar,47,50,38,8,143,0,5,22,0,27,47,55,60,8,170,28,6,34,204
10/26/2007,TOL,OH,AGL,CE,Combined TRACON& Tower with Radar,44,50,40,0,134,0,2,20,0,22,44,52,60,0,156,20,0,20,176
10/27/2007,TOL,OH,AGL,CE,Combined TRACON& Tower with Radar,9,41,22,0,72,0,2,3,0,5,9,43,25,0,77,8,0,8,85
10/28/2007,TOL,OH,AGL,CE,Combined TRACON& Tower with Radar,6,41,14,0,61,0,2,29,0,31,6,43,43,0,92,58,0,58,150
10/29/2007,TOL,OH,AGL,CE,Combined TRACON& Tower with Radar,1,47,42,11,101,0,1,26,0,27,1,48,68,11,128,69,4,73,201
10/30/2007,TOL,OH,AGL,CE,Combined TRACON& Tower with Radar,53,51,34,13,151,0,2,30,1,33,53,53,64,14,184,30,0,30,214
10/31/2007,TOL,OH,AGL,CE,Combined TRACON& Tower with Radar,47,54,41,17,159,0,3,25,3,31,47,57,66,20,190,11,26,37,227
11/01/2007,TOL,OH,AGL,CE,Combined TRACON& Tower with Radar,49,57,33,11,150,0,10,30,0,40,49,67,63,11,190,20,6,26,216
11/02/2007,TOL,OH,AGL,CE,Combined TRACON& Tower with Radar,49,56,34,0,139,0,0,49,0,49,49,56,83,0,188,26,0,26,214
11/03/2007,TOL,OH,AGL,CE,Combined TRACON& Tower with Radar,7,39,17,12,75,0,1,35,4,40,7,40,52,16,115,16,8,24,139
11/04/2007,TOL,OH,AGL,CE,Combined TRACON& Tower with Radar,6,37,20,12,75,0,0,20,0,20,6,37,40,12,95,20,4,24,119
11/05/2007,TOL,OH,AGL,CE,Combined TRACON& Tower with Radar,5,52,29,14,100,0,0,5,1,6,5,52,34,15,106,2,0,2,108
11/06/2007,TOL,OH,AGL,CE,Combined TRACON& Tower with Radar,47,46,25,7,125,0,1,2,0,3,47,47,27,7,128,10,0,10,138
11/07/2007,TOL,OH,AGL,CE,Combined TRACON& Tower with Radar,45,52,36,13,146,0,5,9,0,14,45,57,45,13,160,14,12,26,186
11/08/2007,TOL,OH,AGL,CE,Combined TRACON& Tower with Radar,48,57,57,22,184,0,5,15,0,20,48,62,72,22,204,14,22,36,240
11/09/2007,TOL,OH,AGL,CE,Combined TRACON& Tower with Radar,49,51,33,0,133,0,0,19,1,20,49,51,52,1,153,0,0,0,153
11/10/2007,TOL,OH,AGL,CE,Combined TRACON& Tower with Radar,10,31,30,2,73,0,5,26,0,31,10,36,56,2,104,20,0,20,124
11/11/2007,TOL,OH,AGL,CE,Combined TRACON& Tower with Radar,10,38,30,0,78,0,3,3,0,6,10,41,33,0,84,8,0,8,92
11/12/2007,TOL,OH,AGL,CE,Combined TRACON& Tower with Radar,5,48,36,0,89,0,2,5,0,7,5,50,41,0,96,6,0,6,102
11/13/2007,TOL,OH,AGL,CE,Combined TRACON& Tower with Radar,49,52,55,13,169,0,2,5,0,7,49,54,60,13,176,16,14,30,206
11/14/2007,TOL,OH,AGL,CE,Combined TRACON& Tower with Radar,53,52,33,14,152,0,0,10,0,10,53,52,43,14,162,21,4,25,187
11/15/2007,TOL,OH,AGL,CE,Combined TRACON& Tower with Radar,49,45,36,12,142,0,2,8,0,10,49,47,44,12,152,2,2,4,156
11/16/2007,TOL,OH,AGL,CE,Combined TRACON& Tower with Radar,48,43,39,0,130,0,2,26,0,28,48,45,65,0,158,49,2,51,209
11/17/2007,TOL,OH,AGL,CE,Combined TRACON& Tower with Radar,5,28,17,0,50,0,0,8,0,8,5,28,25,0,58,14,0,14,72
11/18/2007,TOL,OH,AGL,CE,Combined TRACON& Tower with Radar,10,39,22,0,71,0,5,19,0,24,10,44,41,0,95,34,0,34,129
11/19/2007,TOL,OH,AGL,CE,Combined TRACON& Tower with Radar,2,47,61,15,125,0,1,8,0,9,2,48,69,15,134,22,12,34,168
11/20/2007,TOL,OH,AGL,CE,Combined TRACON& Tower with Radar,46,53,76,17,192,0,1,7,0,8,46,54,83,17,200,33,12,45,245
11/21/2007,TOL,OH,AGL,CE,Combined TRACON& Tower with Radar,52,56,34,2,144,0,0,1,0,1,52,56,35,2,145,20,0,20,165
11/22/2007,TOL,OH,AGL,CE,Combined TRACON& Tower with Radar,45,15,12,0,72,0,3,5,0,8,45,18,17,0,80,12,0,12,92
11/23/2007,TOL,OH,AGL,CE,Combined TRACON& Tower with Radar,4,21,22,0,47,0,2,23,0,25,4,23,45,0,72,28,0,28,100
11/24/2007,TOL,OH,AGL,CE,Combined TRACON& Tower with Radar,4,38,27,0,69,0,5,22,0,27,4,43,49,0,96,22,0,22,118
11/25/2007,TOL,OH,AGL,CE,Combined TRACON& Tower with Radar,6,45,38,0,89,0,4,13,1,18,6,49,51,1,107,22,0,22,129
11/26/2007,TOL,OH,AGL,CE,Combined TRACON& Tower with Radar,3,51,28,0,82,0,0,0,0,0,3,51,28,0,82,0,0,0,82
11/27/2007,TOL,OH,AGL,CE,Combined TRACON& Tower with Radar,51,46,47,7,151,0,1,6,0,7,51,47,53,7,158,4,0,4,162
11/28/2007,TOL,OH,AGL,CE,Combined TRACON& Tower with Radar,49,38,61,11,159,0,0,21,6,27,49,38,82,17,186,34,22,56,242
11/29/2007,TOL,OH,AGL,CE,Combined TRACON& Tower with Radar,53,45,40,12,150,0,2,16,2,20,53,47,56,14,170,36,8,44,214
11/30/2007,TOL,OH,AGL,CE,Combined TRACON& Tower with Radar,49,57,35,0,141,0,8,19,0,27,49,65,54,0,168,23,0,23,191
12/01/2007,TOL,OH,AGL,CE,Combined TRACON& Tower with Radar,8,21,19,6,54,0,0,32,0,32,8,21,51,6,86,16,20,36,122
12/02/2007,TOL,OH,AGL,CE,Combined TRACON& Tower with Radar,6,48,14,0,68,0,0,1,0,1,6,48,15,0,69,1,0,1,70
12/03/2007,TOL,OH,AGL,CE,Combined TRACON& Tower with Radar,2,58,26,0,86,0,1,6,0,7,2,59,32,0,93,1,0,1,94
12/04/2007,TOL,OH,AGL,CE,Combined TRACON& Tower with Radar,49,44,56,11,160,0,1,16,2,19,49,45,72,13,179,28,6,34,213
12/05/2007,TOL,OH,AGL,CE,Combined TRACON& Tower with Radar,51,37,35,0,123,0,1,7,0,8,51,38,42,0,131,8,0,8,139
12/06/2007,TOL,OH,AGL,CE,Combined TRACON& Tower with Radar,51,47,36,7,141,0,0,20,0,20,51,47,56,7,161,32,6,38,199
12/07/2007,TOL,OH,AGL,CE,Combined TRACON& Tower with Radar,45,61,39,0,145,0,4,4,0,8,45,65,43,0,153,0,0,0,153
12/08/2007,TOL,OH,AGL,CE,Combined TRACON& Tower with Radar,7,27,34,0,68,0,2,21,0,23,7,29,55,0,91,28,0,28,119
12/09/2007,TOL,OH,AGL,CE,Combined TRACON& Tower with Radar,5,22,6,0,33,0,2,1,0,3,5,24,7,0,36,0,0,0,36
12/10/2007,TOL,OH,AGL,CE,Combined TRACON& Tower with Radar,5,40,37,0,82,0,0,1,0,1,5,40,38,0,83,0,0,0,83
12/11/2007,TOL,OH,AGL,CE,Combined TRACON& Tower with Radar,47,41,32,0,120,0,0,0,0,0,47,41,32,0,120,2,0,2,122
12/12/2007,TOL,OH,AGL,CE,Combined TRACON& Tower with Radar,43,56,36,19,154,0,1,36,10,47,43,57,72,29,201,32,10,42,243
12/13/2007,TOL,OH,AGL,CE,Combined TRACON& Tower with Radar,46,49,31,7,133,0,0,5,0,5,46,49,36,7,138,6,0,6,144
12/14/2007,TOL,OH,AGL,CE,Combined TRACON& Tower with Radar,50,45,62,1,158,0,4,31,0,35,50,49,93,1,193,32,0,32,225
12/15/2007,TOL,OH,AGL,CE,Combined TRACON& Tower with Radar,7,30,16,0,53,0,0,11,4,15,7,30,27,4,68,14,0,14,82
12/16/2007,TOL,OH,AGL,CE,Combined TRACON& Tower with Radar,7,19,13,0,39,0,0,3,0,3,7,19,16,0,42,0,0,0,42
12/17/2007,TOL,OH,AGL,CE,Combined TRACON& Tower with Radar,10,54,68,0,132,0,3,11,0,14,10,57,79,0,146,2,0,2,148
12/18/2007,TOL,OH,AGL,CE,Combined TRACON& Tower with Radar,47,51,69,4,171,0,2,16,3,21,47,53,85,7,192,28,10,38,230
12/19/2007,TOL,OH,AGL,CE,Combined TRACON& Tower with Radar,46,45,56,16,163,0,5,5,1,11,46,50,61,17,174,2,2,4,178
12/20/2007,TOL,OH,AGL,CE,Combined TRACON& Tower with Radar,48,43,42,0,133,0,3,19,0,22,48,46,61,0,155,4,0,4,159
12/21/2007,TOL,OH,AGL,CE,Combined TRACON& Tower with Radar,43,45,25,0,113,0,0,5,0,5,43,45,30,0,118,12,0,12,130
12/22/2007,TOL,OH,AGL,CE,Combined TRACON& Tower with Radar,12,45,22,0,79,0,2,18,1,21,12,47,40,1,100,46,0,46,146
12/23/2007,TOL,OH,AGL,CE,Combined TRACON& Tower with Radar,6,37,4,0,47,0,1,1,0,2,6,38,5,0,49,0,0,0,49
12/24/2007,TOL,OH,AGL,CE,Combined TRACON& Tower with Radar,2,25,7,0,34,0,1,3,0,4,2,26,10,0,38,0,0,0,38
12/25/2007,TOL,OH,AGL,CE,Combined TRACON& Tower with Radar,2,31,2,0,35,0,2,6,0,8,2,33,8,0,43,0,0,0,43
12/26/2007,TOL,OH,AGL,CE,Combined TRACON& Tower with Radar,3,58,33,4,98,0,0,17,2,19,3,58,50,6,117,22,4,26,143
12/27/2007,TOL,OH,AGL,CE,Combined TRACON& Tower with Radar,30,51,11,4,96,0,0,0,0,0,30,51,11,4,96,0,0,0,96
12/28/2007,TOL,OH,AGL,CE,Combined TRACON& Tower with Radar,32,38,21,0,91,0,0,2,0,2,32,38,23,0,93,2,0,2,95
12/29/2007,TOL,OH,AGL,CE,Combined TRACON& Tower with Radar,6,35,24,0,65,0,0,7,0,7,6,35,31,0,72,26,0,26,98
12/30/2007,TOL,OH,AGL,CE,Combined TRACON& Tower with Radar,5,34,27,0,66,0,4,1,1,6,5,38,28,1,72,10,0,10,82
12/31/2007,TOL,OH,AGL,CE,Combined TRACON& Tower with Radar,3,35,11,0,49,0,4,3,0,7,3,39,14,0,56,4,0,4,60
01/01/2008,TOL,OH,AGL,CE,Combined TRACON& Tower with Radar,2,26,5,0,33,0,0,0,0,0,2,26,5,0,33,0,0,0,33
01/02/2008,TOL,OH,AGL,CE,Combined TRACON& Tower with Radar,5,39,38,6,88,0,0,3,0,3,5,39,41,6,91,8,14,22,113
01/03/2008,TOL,OH,AGL,CE,Combined TRACON& Tower with Radar,34,43,36,8,121,0,2,14,1,17,34,45,50,9,138,40,8,48,186
01/04/2008,TOL,OH,AGL,CE,Combined TRACON& Tower with Radar,36,42,36,0,114,0,0,20,0,20,36,42,56,0,134,50,0,50,184
01/05/2008,TOL,OH,AGL,CE,Combined TRACON& Tower with Radar,10,27,10,17,64,0,1,3,0,4,10,28,13,17,68,0,5,5,73
01/06/2008,TOL,OH,AGL,CE,Combined TRACON& Tower with Radar,5,36,20,5,66,0,0,0,0,0,5,36,20,5,66,6,0,6,72
01/07/2008,TOL,OH,AGL,CE,Combined TRACON& Tower with Radar,12,32,18,10,72,0,1,2,0,3,12,33,20,10,75,4,5,9,84
01/08/2008,TOL,OH,AGL,CE,Combined TRACON& Tower with Radar,44,41,35,0,120,0,0,1,0,1,44,41,36,0,121,0,0,0,121
01/09/2008,TOL,OH,AGL,CE,Combined TRACON& Tower with Radar,45,44,55,16,160,0,0,13,5,18,45,44,68,21,178,26,14,40,218
01/10/2008,TOL,OH,AGL,CE,Combined TRACON& Tower with Radar,42,53,58,10,163,0,0,10,0,10,42,53,68,10,173,12,0,12,185
01/11/2008,TOL,OH,AGL,CE,Combined TRACON& Tower with Radar,41,45,32,0,118,0,0,1,0,1,41,45,33,0,119,0,0,0,119
01/12/2008,TOL,OH,AGL,CE,Combined TRACON& Tower with Radar,7,34,21,0,62,0,3,30,0,33,7,37,51,0,95,38,0,38,133
01/13/2008,TOL,OH,AGL,CE,Combined TRACON& Tower with Radar,5,28,13,0,46,0,0,10,0,10,5,28,23,0,56,0,0,0,56
01/14/2008,TOL,OH,AGL,CE,Combined TRACON& Tower with Radar,2,33,19,7,61,0,0,0,0,0,2,33,19,7,61,0,0,0,61
01/15/2008,TOL,OH,AGL,CE,Combined TRACON& Tower with Radar,42,41,38,8,129,0,1,5,0,6,42,42,43,8,135,0,0,0,135
01/16/2008,TOL,OH,AGL,CE,Combined TRACON& Tower with Radar,43,38,55,21,157,0,2,42,10,54,43,40,97,31,211,39,22,61,272
01/17/2008,TOL,OH,AGL,CE,Combined TRACON& Tower with Radar,43,48,27,1,119,0,1,7,0,8,43,49,34,1,127,8,0,8,135
01/18/2008,TOL,OH,AGL,CE,Combined TRACON& Tower with Radar,40,52,38,0,130,0,6,28,2,36,40,58,66,2,166,52,0,52,218
01/19/2008,TOL,OH,AGL,CE,Combined TRACON& Tower with Radar,2,32,14,0,48,0,4,8,0,12,2,36,22,0,60,6,0,6,66
01/20/2008,TOL,OH,AGL,CE,Combined TRACON& Tower with Radar,6,35,21,0,62,0,5,23,0,28,6,40,44,0,90,20,0,20,110
01/21/2008,TOL,OH,AGL,CE,Combined TRACON& Tower with Radar,3,44,35,0,82,0,3,12,0,15,3,47,47,0,97,24,0,24,121
01/22/2008,TOL,OH,AGL,CE,Combined TRACON& Tower with Radar,44,36,50,0,130,0,2,3,0,5,44,38,53,0,135,30,0,30,165
01/23/2008,TOL,OH,AGL,CE,Combined TRACON& Tower with Radar,40,43,55,11,149,0,5,23,2,30,40,48,78,13,179,36,10,46,225
01/24/2008,TOL,OH,AGL,CE,Combined TRACON& Tower with Radar,46,50,37,10,143,0,0,14,0,14,46,50,51,10,157,40,4,44,201
01/25/2008,TOL,OH,AGL,CE,Combined TRACON& Tower with Radar,44,35,53,0,132,0,3,32,0,35,44,38,85,0,167,48,0,48,215
01/26/2008,TOL,OH,AGL,CE,Combined TRACON& Tower with Radar,4,28,4,0,36,0,0,5,0,5,4,28,9,0,41,6,0,6,47
01/27/2008,TOL,OH,AGL,CE,Combined TRACON& Tower with Radar,8,32,26,0,66,0,2,6,0,8,8,34,32,0,74,4,0,4,78
01/28/2008,TOL,OH,AGL,CE,Combined TRACON& Tower with Radar,4,40,63,5,112,0,3,30,6,39,4,43,93,11,151,42,15,57,208
01/29/2008,TOL,OH,AGL,CE,Combined TRACON& Tower with Radar,43,48,34,19,144,0,3,2,0,5,43,51,36,19,149,10,6,16,165
01/30/2008,TOL,OH,AGL,CE,Combined TRACON& Tower with Radar,43,52,46,14,155,0,4,15,5,24,43,56,61,19,179,26,36,62,241
01/31/2008,TOL,OH,AGL,CE,Combined TRACON& Tower with Radar,43,48,44,6,141,0,0,23,2,25,43,48,67,8,166,38,0,38,204
02/01/2008,TOL,OH,AGL,CE,Combined TRACON& Tower with Radar,39,42,15,0,96,0,5,1,0,6,39,47,16,0,102,0,0,0,102
02/02/2008,TOL,OH,AGL,CE,Combined TRACON& Tower with Radar,7,34,23,0,64,0,8,5,3,16,7,42,28,3,80,6,0,6,86
02/03/2008,TOL,OH,AGL,CE,Combined TRACON& Tower with Radar,3,34,13,6,56,0,7,0,0,7,3,41,13,6,63,6,0,6,69
02/04/2008,TOL,OH,AGL,CE,Combined TRACON& Tower with Radar,7,30,28,1,66,0,0,0,0,0,7,30,28,1,66,0,0,0,66
02/05/2008,TOL,OH,AGL,CE,Combined TRACON& Tower with Radar,47,29,33,0,109,0,0,0,0,0,47,29,33,0,109,2,0,2,111
02/06/2008,TOL,OH,AGL,CE,Combined TRACON& Tower with Radar,44,44,28,0,116,0,0,0,0,0,44,44,28,0,116,0,0,0,116
02/07/2008,TOL,OH,AGL,CE,Combined TRACON& Tower with Radar,45,45,51,12,153,0,2,5,0,7,45,47,56,12,160,2,0,2,162
02/08/2008,TOL,OH,AGL,CE,Combined TRACON& Tower with Radar,43,50,39,0,132,0,5,4,0,9,43,55,43,0,141,8,0,8,149
02/09/2008,TOL,OH,AGL,CE,Combined TRACON& Tower with Radar,4,32,13,0,49,0,1,7,0,8,4,33,20,0,57,12,0,12,69
02/10/2008,TOL,OH,AGL,CE,Combined TRACON& Tower with Radar,8,39,8,0,55,0,4,1,0,5,8,43,9,0,60,0,0,0,60
02/11/2008,TOL,OH,AGL,CE,Combined TRACON& Tower with Radar,3,34,49,6,92,0,1,19,0,20,3,35,68,6,112,38,4,42,154
02/12/2008,TOL,OH,AGL,CE,Combined TRACON& Tower with Radar,47,28,22,0,97,0,0,2,0,2,47,28,24,0,99,0,0,0,99
02/13/2008,TOL,OH,AGL,CE,Combined TRACON& Tower with Radar,46,52,39,17,154,0,1,17,0,18,46,53,56,17,172,52,6,58,230
02/14/2008,TOL,OH,AGL,CE,Combined TRACON& Tower with Radar,43,51,55,17,166,0,1,16,7,24,43,52,71,24,190,22,12,34,224
02/15/2008,TOL,OH,AGL,CE,Combined TRACON& Tower with Radar,42,43,39,0,124,0,0,14,0,14,42,43,53,0,138,25,0,25,163
02/16/2008,TOL,OH,AGL,CE,Combined TRACON& Tower with Radar,7,34,31,0,72,0,0,39,0,39,7,34,70,0,111,46,0,46,157
02/17/2008,TOL,OH,AGL,CE,Combined TRACON& Tower with Radar,6,30,10,0,46,0,2,2,0,4,6,32,12,0,50,0,0,0,50
02/18/2008,TOL,OH,AGL,CE,Combined TRACON& Tower with Radar,3,37,35,0,75,0,6,5,0,11,3,43,40,0,86,0,0,0,86
02/19/2008,TOL,OH,AGL,CE,Combined TRACON& Tower with Radar,47,38,41,9,135,0,4,13,0,17,47,42,54,9,152,26,0,26,178
02/20/2008,TOL,OH,AGL,CE,Combined TRACON& Tower with Radar,42,47,32,12,133,0,2,11,0,13,42,49,43,12,146,10,20,30,176
02/21/2008,TOL,OH,AGL,CE,Combined TRACON& Tower with Radar,47,53,42,7,149,0,8,25,0,33,47,61,67,7,182,38,4,42,224
02/22/2008,TOL,OH,AGL,CE,Combined TRACON& Tower with Radar,47,45,29,0,121,0,0,4,0,4,47,45,33,0,125,12,0,12,137
02/23/2008,TOL,OH,AGL,CE,Combined TRACON& Tower with Radar,10,26,29,0,65,0,2,34,0,36,10,28,63,0,101,100,0,100,201
02/24/2008,TOL,OH,AGL,CE,Combined TRACON& Tower with Radar,9,29,28,0,66,0,1,34,0,35,9,30,62,0,101,44,0,44,145
02/25/2008,TOL,OH,AGL,CE,Combined TRACON& Tower with Radar,2,37,16,11,66,0,3,8,0,11,2,40,24,11,77,2,6,8,85
02/26/2008,TOL,OH,AGL,CE,Combined TRACON& Tower with Radar,42,26,24,0,92,0,0,0,0,0,42,26,24,0,92,0,0,0,92
02/27/2008,TOL,OH,AGL,CE,Combined TRACON& Tower with Radar,42,52,46,13,153,0,0,0,0,0,42,52,46,13,153,8,8,16,169
02/28/2008,TOL,OH,AGL,CE,Combined TRACON& Tower with Radar,44,48,67,12,171,0,0,8,0,8,44,48,75,12,179,48,2,50,229
02/29/2008,TOL,OH,AGL,CE,Combined TRACON& Tower with Radar,43,40,16,0,99,0,2,3,0,5,43,42,19,0,104,0,0,0,104
03/01/2008,TOL,OH,AGL,CE,Combined TRACON& Tower with Radar,7,32,23,0,62,0,2,13,0,15,7,34,36,0,77,16,0,16,93
03/02/2008,TOL,OH,AGL,CE,Combined TRACON& Tower with Radar,9,44,24,0,77,0,5,19,0,24,9,49,43,0,101,0,0,0,101
03/03/2008,TOL,OH,AGL,CE,Combined TRACON& Tower with Radar,3,36,21,0,60,0,4,9,0,13,3,40,30,0,73,10,0,10,83
03/04/2008,TOL,OH,AGL,CE,Combined TRACON& Tower with Radar,47,34,17,16,114,0,1,3,0,4,47,35,20,16,118,4,0,4,122
03/05/2008,TOL,OH,AGL,CE,Combined TRACON& Tower with Radar,46,49,32,0,127,0,3,12,0,15,46,52,44,0,142,18,0,18,160
03/06/2008,TOL,OH,AGL,CE,Combined TRACON& Tower with Radar,48,56,28,5,137,0,1,1,0,2,48,57,29,5,139,13,0,13,152
03/07/2008,TOL,OH,AGL,CE,Combined TRACON& Tower with Radar,42,38,27,0,107,0,0,3,0,3,42,38,30,0,110,0,0,0,110
03/08/2008,TOL,OH,AGL,CE,Combined TRACON& Tower with Radar,8,22,4,0,34,0,0,0,0,0,8,22,4,0,34,0,0,0,34
03/09/2008,TOL,OH,AGL,CE,Combined TRACON& Tower with Radar,5,37,25,6,73,0,0,25,11,36,5,37,50,17,109,32,16,48,157
03/10/2008,TOL,OH,AGL,CE,Combined TRACON& Tower with Radar,4,50,41,0,95,0,3,3,0,6,4,53,44,0,101,6,0,6,107
03/11/2008,TOL,OH,AGL,CE,Combined TRACON& Tower with Radar,47,36,45,10,138,0,0,19,2,21,47,36,64,12,159,8,4,12,171
03/12/2008,TOL,OH,AGL,CE,Combined TRACON& Tower with Radar,40,47,71,16,174,0,1,22,0,23,40,48,93,16,197,46,14,60,257
03/13/2008,TOL,OH,AGL,CE,Combined TRACON& Tower with Radar,44,49,47,12,152,0,2,14,1,17,44,51,61,13,169,90,10,100,269
03/14/2008,TOL,OH,AGL,CE,Combined TRACON& Tower with Radar,42,48,39,0,129,0,4,17,0,21,42,52,56,0,150,24,0,24,174
03/15/2008,TOL,OH,AGL,CE,Combined TRACON& Tower with Radar,21,40,44,0,105,0,5,21,0,26,21,45,65,0,131,43,0,43,174
03/16/2008,TOL,OH,AGL,CE,Combined TRACON& Tower with Radar,6,26,43,0,75,0,0,18,0,18,6,26,61,0,93,53,0,53,146
03/17/2008,TOL,OH,AGL,CE,Combined TRACON& Tower with Radar,3,35,36,2,76,0,2,12,0,14,3,37,48,2,90,20,0,20,110
03/18/2008,TOL,OH,AGL,CE,Combined TRACON& Tower with Radar,41,34,35,2,112,0,0,2,0,2,41,34,37,2,114,4,0,4,118
03/19/2008,TOL,OH,AGL,CE,Combined TRACON& Tower with Radar,39,51,31,2,123,0,2,10,0,12,39,53,41,2,135,6,0,6,141
03/20/2008,TOL,OH,AGL,CE,Combined TRACON& Tower with Radar,45,45,46,8,144,0,1,21,0,22,45,46,67,8,166,28,16,44,210
03/21/2008,TOL,OH,AGL,CE,Combined TRACON& Tower with Radar,42,33,22,0,97,0,0,3,0,3,42,33,25,0,100,10,0,10,110
03/22/2008,TOL,OH,AGL,CE,Combined TRACON& Tower with Radar,7,25,25,0,57,0,4,13,0,17,7,29,38,0,74,20,0,20,94
03/23/2008,TOL,OH,AGL,CE,Combined TRACON& Tower with Radar,3,36,17,0,56,0,2,7,0,9,3,38,24,0,65,8,0,8,73
03/24/2008,TOL,OH,AGL,CE,Combined TRACON& Tower with Radar,8,35,33,8,84,0,2,18,0,20,8,37,51,8,104,14,0,14,118
03/25/2008,TOL,OH,AGL,CE,Combined TRACON& Tower with Radar,44,45,54,4,147,0,2,12,0,14,44,47,66,4,161,25,0,25,186
03/26/2008,TOL,OH,AGL,CE,Combined TRACON& Tower with Radar,45,38,55,13,151,0,3,35,5,43,45,41,90,18,194,67,4,71,265
03/27/2008,TOL,OH,AGL,CE,Combined TRACON& Tower with Radar,44,42,30,8,124,0,0,8,0,8,44,42,38,8,132,40,0,40,172
03/28/2008,TOL,OH,AGL,CE,Combined TRACON& Tower with Radar,51,35,47,3,136,0,1,6,0,7,51,36,53,3,143,18,2,20,163
03/29/2008,TOL,OH,AGL,CE,Combined TRACON& Tower with Radar,12,30,57,0,99,0,2,40,0,42,12,32,97,0,141,68,0,68,209
03/30/2008,TOL,OH,AGL,CE,Combined TRACON& Tower with Radar,5,33,29,0,67,0,2,13,0,15,5,35,42,0,82,5,0,5,87
03/31/2008,TOL,OH,AGL,CE,Combined TRACON& Tower with Radar,6,44,35,2,87,0,0,0,0,0,6,44,35,2,87,10,0,10,97
04/01/2008,TOL,OH,AGL,CE,Combined TRACON& Tower with Radar,45,46,36,2,129,0,1,4,0,5,45,47,40,2,134,8,0,8,142
04/02/2008,TOL,OH,AGL,CE,Combined TRACON& Tower with Radar,45,45,65,22,177,0,2,24,3,29,45,47,89,25,206,36,32,68,274
04/03/2008,TOL,OH,AGL,CE,Combined TRACON& Tower with Radar,42,38,68,11,159,0,3,19,0,22,42,41,87,11,181,20,0,20,201
04/04/2008,TOL,OH,AGL,CE,Combined TRACON& Tower with Radar,50,37,44,0,131,0,0,1,0,1,50,37,45,0,132,16,0,16,148
04/05/2008,TOL,OH,AGL,CE,Combined TRACON& Tower with Radar,3,30,53,2,88,0,1,24,0,25,3,31,77,2,113,41,16,57,170
04/06/2008,TOL,OH,AGL,CE,Combined TRACON& Tower with Radar,8,39,35,3,85,0,3,38,0,41,8,42,73,3,126,39,0,39,165
04/07/2008,TOL,OH,AGL,CE,Combined TRACON& Tower with Radar,5,42,50,7,104,0,2,13,0,15,5,44,63,7,119,47,36,83,202
04/08/2008,TOL,OH,AGL,CE,Combined TRACON& Tower with Radar,42,41,60,7,150,0,1,25,1,27,42,42,85,8,177,30,14,44,221
04/09/2008,TOL,OH,AGL,CE,Combined TRACON& Tower with Radar,43,40,45,12,140,0,2,25,2,29,43,42,70,14,169,18,2,20,189
04/10/2008,TOL,OH,AGL,CE,Combined TRACON& Tower with Radar,47,37,47,11,142,0,1,11,2,14,47,38,58,13,156,10,0,10,166
04/11/2008,TOL,OH,AGL,CE,Combined TRACON& Tower with Radar,47,41,20,2,110,0,2,6,0,8,47,43,26,2,118,16,0,16,134
04/12/2008,TOL,OH,AGL,CE,Combined TRACON& Tower with Radar,3,33,14,17,67,0,3,6,0,9,3,36,20,17,76,4,10,14,90
04/13/2008,TOL,OH,AGL,CE,Combined TRACON& Tower with Radar,5,32,13,0,50,0,1,2,0,3,5,33,15,0,53,32,0,32,85
04/14/2008,TOL,OH,AGL,CE,Combined TRACON& Tower with Radar,2,43,47,10,102,0,2,20,0,22,2,45,67,10,124,30,22,52,176
04/15/2008,TOL,OH,AGL,CE,Combined TRACON& Tower with Radar,43,42,61,9,155,0,0,22,3,25,43,42,83,12,180,92,22,114,294
04/16/2008,TOL,OH,AGL,CE,Combined TRACON& Tower with Radar,42,43,38,6,129,0,2,35,0,37,42,45,73,6,166,24,24,48,214
04/17/2008,TOL,OH,AGL,CE,Combined TRACON& Tower with Radar,44,52,42,14,152,0,3,17,1,21,44,55,59,15,173,15,2,17,190
04/18/2008,TOL,OH,AGL,CE,Combined TRACON& Tower with Radar,45,45,40,2,132,0,3,44,0,47,45,48,84,2,179,39,18,57,236
04/19/2008,TOL,OH,AGL,CE,Combined TRACON& Tower with Radar,7,32,18,0,57,0,3,20,2,25,7,35,38,2,82,14,0,14,96
04/20/2008,TOL,OH,AGL,CE,Combined TRACON& Tower with Radar,10,31,26,1,68,0,3,9,0,12,10,34,35,1,80,4,0,4,84
04/21/2008,TOL,OH,AGL,CE,Combined TRACON& Tower with Radar,5,42,47,14,108,0,1,34,1,36,5,43,81,15,144,21,12,33,177
04/22/2008,TOL,OH,AGL,CE,Combined TRACON& Tower with Radar,44,36,54,13,147,8,0,22,1,31,52,36,76,14,178,87,10,97,275
04/23/2008,TOL,OH,AGL,CE,Combined TRACON& Tower with Radar,47,37,32,9,125,0,2,23,2,27,47,39,55,11,152,33,24,57,209
04/24/2008,TOL,OH,AGL,CE,Combined TRACON& Tower with Radar,50,47,28,16,141,0,4,35,4,43,50,51,63,20,184,36,16,52,236
04/25/2008,TOL,OH,AGL,CE,Combined TRACON& Tower with Radar,45,41,30,1,117,0,2,12,1,15,45,43,42,2,132,16,8,24,156
04/26/2008,TOL,OH,AGL,CE,Combined TRACON& Tower with Radar,9,33,25,0,67,0,0,19,0,19,9,33,44,0,86,9,0,9,95
04/27/2008,TOL,OH,AGL,CE,Combined TRACON& Tower with Radar,9,32,24,0,65,0,3,18,0,21,9,35,42,0,86,42,0,42,128
04/28/2008,TOL,OH,AGL,CE,Combined TRACON& Tower with Radar,5,43,60,7,115,0,7,19,0,26,5,50,79,7,141,44,4,48,189
04/29/2008,TOL,OH,AGL,CE,Combined TRACON& Tower with Radar,49,36,53,14,152,0,0,25,0,25,49,36,78,14,177,51,6,57,234
04/30/2008,TOL,OH,AGL,CE,Combined TRACON& Tower with Radar,47,37,63,11,158,0,0,37,1,38,47,37,100,12,196,69,15,84,280
05/01/2008,TOL,OH,AGL,CE,Combined TRACON& Tower with Radar,44,38,57,4,143,0,4,27,0,31,44,42,84,4,174,44,10,54,228
05/02/2008,TOL,OH,AGL,CE,Combined TRACON& Tower with Radar,45,30,30,0,105,0,4,6,0,10,45,34,36,0,115,0,0,0,115
05/03/2008,TOL,OH,AGL,CE,Combined TRACON& Tower with Radar,11,22,23,9,65,0,6,8,0,14,11,28,31,9,79,44,6,50,129
05/04/2008,TOL,OH,AGL,CE,Combined TRACON& Tower with Radar,5,33,46,6,90,0,1,28,0,29,5,34,74,6,119,40,18,58,177
05/05/2008,TOL,OH,AGL,CE,Combined TRACON& Tower with Radar,6,35,35,12,88,0,7,18,3,28,6,42,53,15,116,37,5,42,158
05/06/2008,TOL,OH,AGL,CE,Combined TRACON& Tower with Radar,43,32,40,0,115,0,1,12,0,13,43,33,52,0,128,30,0,30,158
05/07/2008,TOL,OH,AGL,CE,Combined TRACON& Tower with Radar,44,39,40,3,126,0,0,7,0,7,44,39,47,3,133,22,2,24,157
05/08/2008,TOL,OH,AGL,CE,Combined TRACON& Tower with Radar,50,43,45,20,158,0,1,8,0,9,50,44,53,20,167,12,56,68,235
05/09/2008,TOL,OH,AGL,CE,Combined TRACON& Tower with Radar,48,54,43,5,150,0,3,19,0,22,48,57,62,5,172,18,0,18,190
05/10/2008,TOL,OH,AGL,CE,Combined TRACON& Tower with Radar,7,35,15,0,57,0,2,32,0,34,7,37,47,0,91,40,0,40,131
05/11/2008,TOL,OH,AGL,CE,Combined TRACON& Tower with Radar,8,39,15,0,62,0,4,2,0,6,8,43,17,0,68,8,0,8,76
05/12/2008,TOL,OH,AGL,CE,Combined TRACON& Tower with Radar,11,37,43,8,99,0,2,12,0,14,11,39,55,8,113,6,4,10,123
05/13/2008,TOL,OH,AGL,CE,Combined TRACON& Tower with Radar,44,37,43,11,135,0,0,24,0,24,44,37,67,11,159,11,2,13,172
05/14/2008,TOL,OH,AGL,CE,Combined TRACON& Tower with Radar,43,44,29,14,130,0,0,0,0,0,43,44,29,14,130,2,2,4,134
05/15/2008,TOL,OH,AGL,CE,Combined TRACON& Tower with Radar,45,51,67,15,178,0,2,20,0,22,45,53,87,15,200,11,8,19,219
05/16/2008,TOL,OH,AGL,CE,Combined TRACON& Tower with Radar,40,39,53,0,132,0,0,26,0,26,40,39,79,0,158,60,0,60,218
05/17/2008,TOL,OH,AGL,CE,Combined TRACON& Tower with Radar,9,30,26,2,67,0,5,13,0,18,9,35,39,2,85,54,0,54,139
05/18/2008,TOL,OH,AGL,CE,Combined TRACON& Tower with Radar,7,40,32,0,79,0,2,14,1,17,7,42,46,1,96,26,0,26,122
05/19/2008,TOL,OH,AGL,CE,Combined TRACON& Tower with Radar,6,37,43,16,102,0,2,30,7,39,6,39,73,23,141,20,34,54,195
05/20/2008,TOL,OH,AGL,CE,Combined TRACON& Tower with Radar,51,43,51,15,160,0,2,22,5,29,51,45,73,20,189,16,16,32,221
05/21/2008,TOL,OH,AGL,CE,Combined TRACON& Tower with Radar,47,37,58,13,155,0,0,15,2,17,47,37,73,15,172,32,14,46,218
05/22/2008,TOL,OH,AGL,CE,Combined TRACON& Tower with Radar,47,46,54,30,177,0,7,13,0,20,47,53,67,30,197,53,8,61,258
05/23/2008,TOL,OH,AGL,CE,Combined TRACON& Tower with Radar,47,34,55,0,136,0,3,15,0,18,47,37,70,0,154,30,0,30,184
05/24/2008,TOL,OH,AGL,CE,Combined TRACON& Tower with Radar,10,29,28,1,68,0,5,31,1,37,10,34,59,2,105,18,2,20,125
05/25/2008,TOL,OH,AGL,CE,Combined TRACON& Tower with Radar,6,20,35,1,62,0,4,30,0,34,6,24,65,1,96,32,3,35,131
05/26/2008,TOL,OH,AGL,CE,Combined TRACON& Tower with Radar,4,31,24,0,59,0,2,9,0,11,4,33,33,0,70,11,0,11,81
05/27/2008,TOL,OH,AGL,CE,Combined TRACON& Tower with Radar,9,46,62,17,134,0,2,9,0,11,9,48,71,17,145,20,6,26,171
05/28/2008,TOL,OH,AGL,CE,Combined TRACON& Tower with Radar,48,38,66,28,180,0,3,35,3,41,48,41,101,31,221,24,0,24,245
05/29/2008,TOL,OH,AGL,CE,Combined TRACON& Tower with Radar,48,38,51,17,154,0,1,41,5,47,48,39,92,22,201,42,6,48,249
05/30/2008,TOL,OH,AGL,CE,Combined TRACON& Tower with Radar,43,38,41,10,132,0,3,21,1,25,43,41,62,11,157,14,4,18,175
05/31/2008,TOL,OH,AGL,CE,Combined TRACON& Tower with Radar,12,33,14,0,59,0,1,6,0,7,12,34,20,0,66,2,0,2,68
06/01/2008,TOL,OH,AGL,CE,Combined TRACON& Tower with Radar,9,46,45,0,100,0,4,42,0,46,9,50,87,0,146,48,0,48,194
06/02/2008,TOL,OH,AGL,CE,Combined TRACON& Tower with Radar,4,32,58,16,110,0,2,30,1,33,4,34,88,17,143,30,8,38,181
06/03/2008,TOL,OH,AGL,CE,Combined TRACON& Tower with Radar,47,43,30,4,124,0,3,2,0,5,47,46,32,4,129,2,0,2,131
06/04/2008,TOL,OH,AGL,CE,Combined TRACON& Tower with Radar,43,41,58,17,159,0,0,1,0,1,43,41,59,17,160,22,10,32,192
06/05/2008,TOL,OH,AGL,CE,Combined TRACON& Tower with Radar,52,39,50,21,162,0,3,16,0,19,52,42,66,21,181,38,30,68,249
06/06/2008,TOL,OH,AGL,CE,Combined TRACON& Tower with Radar,39,31,42,10,122,0,3,24,1,28,39,34,66,11,150,14,18,32,182
06/07/2008,TOL,OH,AGL,CE,Combined TRACON& Tower with Radar,9,33,14,12,68,0,6,29,1,36,9,39,43,13,104,36,4,40,144
06/08/2008,TOL,OH,AGL,CE,Combined TRACON& Tower with Radar,6,39,39,9,93,0,5,14,0,19,6,44,53,9,112,13,0,13,125
06/09/2008,TOL,OH,AGL,CE,Combined TRACON& Tower with Radar,2,43,33,13,91,0,5,13,0,18,2,48,46,13,109,2,10,12,121
06/10/2008,TOL,OH,AGL,CE,Combined TRACON& Tower with Radar,55,35,44,15,149,0,1,28,0,29,55,36,72,15,178,46,4,50,228
06/11/2008,TOL,OH,AGL,CE,Combined TRACON& Tower with Radar,45,114,49,19,227,0,2,40,0,42,45,116,89,19,269,76,10,86,355
06/12/2008,TOL,OH,AGL,CE,Combined TRACON& Tower with Radar,46,64,46,16,172,0,3,19,0,22,46,67,65,16,194,13,14,27,221
06/13/2008,TOL,OH,AGL,CE,Combined TRACON& Tower with Radar,40,28,26,0,94,0,0,7,0,7,40,28,33,0,101,6,0,6,107
06/14/2008,TOL,OH,AGL,CE,Combined TRACON& Tower with Radar,12,24,37,0,73,0,2,17,0,19,12,26,54,0,92,20,0,20,112
06/15/2008,TOL,OH,AGL,CE,Combined TRACON& Tower with Radar,8,31,38,0,77,0,3,18,0,21,8,34,56,0,98,12,0,12,110
06/16/2008,TOL,OH,AGL,CE,Combined TRACON& Tower with Radar,4,36,39,14,93,0,8,15,3,26,4,44,54,17,119,12,22,34,153
06/17/2008,TOL,OH,AGL,CE,Combined TRACON& Tower with Radar,56,34,54,18,162,0,3,23,2,28,56,37,77,20,190,42,70,112,302
06/18/2008,TOL,OH,AGL,CE,Combined TRACON& Tower with Radar,47,38,65,12,162,0,3,32,0,35,47,41,97,12,197,30,7,37,234
06/19/2008,TOL,OH,AGL,CE,Combined TRACON& Tower with Radar,49,35,51,24,159,0,5,28,0,33,49,40,79,24,192,41,14,55,247
06/20/2008,TOL,OH,AGL,CE,Combined TRACON& Tower with Radar,42,48,46,0,136,0,5,28,0,33,42,53,74,0,169,15,0,15,184
06/21/2008,TOL,OH,AGL,CE,Combined TRACON& Tower with Radar,14,29,14,0,57,0,4,29,0,33,14,33,43,0,90,4,0,4,94
06/22/2008,TOL,OH,AGL,CE,Combined TRACON& Tower with Radar,5,27,24,0,56,0,6,17,0,23,5,33,41,0,79,8,0,8,87
06/23/2008,TOL,OH,AGL,CE,Combined TRACON& Tower with Radar,2,39,43,17,101,0,8,8,4,20,2,47,51,21,121,5,31,36,157
06/24/2008,TOL,OH,AGL,CE,Combined TRACON& Tower with Radar,49,45,68,16,178,0,0,39,0,39,49,45,107,16,217,24,18,42,259
06/25/2008,TOL,OH,AGL,CE,Combined TRACON& Tower with Radar,45,40,46,12,143,0,3,5,0,8,45,43,51,12,151,8,6,14,165
06/26/2008,TOL,OH,AGL,CE,Combined TRACON& Tower with Radar,49,38,42,15,144,0,2,15,2,19,49,40,57,17,163,10,8,18,181
06/27/2008,TOL,OH,AGL,CE,Combined TRACON& Tower with Radar,41,48,40,2,131,0,7,13,0,20,41,55,53,2,151,10,0,10,161
06/28/2008,TOL,OH,AGL,CE,Combined TRACON& Tower with Radar,11,25,23,0,59,0,6,7,0,13,11,31,30,0,72,2,0,2,74
06/29/2008,TOL,OH,AGL,CE,Combined TRACON& Tower with Radar,5,29,13,0,47,0,4,21,0,25,5,33,34,0,72,16,0,16,88
06/30/2008,TOL,OH,AGL,CE,Combined TRACON& Tower with Radar,3,40,42,13,98,0,7,17,1,25,3,47,59,14,123,42,26,68,191
07/01/2008,TOL,OH,AGL,CE,Combined TRACON& Tower with Radar,43,39,54,17,153,0,2,24,2,28,43,41,78,19,181,34,9,43,224
07/02/2008,TOL,OH,AGL,CE,Combined TRACON& Tower with Radar,40,30,33,17,120,0,2,11,3,16,40,32,44,20,136,16,10,26,162
07/03/2008,TOL,OH,AGL,CE,Combined TRACON& Tower with Radar,49,41,48,5,143,0,1,8,0,9,49,42,56,5,152,23,0,23,175
07/04/2008,TOL,OH,AGL,CE,Combined TRACON& Tower with Radar,3,28,17,5,53,0,6,7,1,14,3,34,24,6,67,7,8,15,82
07/05/2008,TOL,OH,AGL,CE,Combined TRACON& Tower with Radar,6,22,1,0,29,0,8,21,0,29,6,30,22,0,58,8,0,8,66
07/06/2008,TOL,OH,AGL,CE,Combined TRACON& Tower with Radar,3,39,25,2,69,0,3,20,0,23,3,42,45,2,92,8,0,8,100
07/07/2008,TOL,OH,AGL,CE,Combined TRACON& Tower with Radar,2,46,40,18,106,0,2,13,4,19,2,48,53,22,125,28,10,38,163
07/08/2008,TOL,OH,AGL,CE,Combined TRACON& Tower with Radar,50,36,38,10,134,0,0,8,0,8,50,36,46,10,142,1,8,9,151
07/09/2008,TOL,OH,AGL,CE,Combined TRACON& Tower with Radar,46,42,52,22,162,0,0,20,12,32,46,42,72,34,194,14,22,36,230
07/10/2008,TOL,OH,AGL,CE,Combined TRACON& Tower with Radar,13,42,90,11,156,0,5,32,1,38,13,47,122,12,194,12,2,14,208
07/11/2008,TOL,OH,AGL,CE,Combined TRACON& Tower with Radar,39,39,33,0,111,0,3,33,0,36,39,42,66,0,147,19,0,19,166
07/12/2008,TOL,OH,AGL,CE,Combined TRACON& Tower with Radar,9,28,21,6,64,0,7,8,0,15,9,35,29,6,79,6,0,6,85
07/13/2008,TOL,OH,AGL,CE,Combined TRACON& Tower with Radar,6,33,28,8,75,38,7,10,0,55,44,40,38,8,130,104,0,104,234
07/14/2008,TOL,OH,AGL,CE,Combined TRACON& Tower with Radar,2,40,41,20,103,0,2,29,0,31,2,42,70,20,134,6,8,14,148
07/15/2008,TOL,OH,AGL,CE,Combined TRACON& Tower with Radar,48,33,41,17,139,0,2,34,0,36,48,35,75,17,175,36,0,36,211
07/16/2008,TOL,OH,AGL,CE,Combined TRACON& Tower with Radar,47,33,48,38,166,0,3,22,1,26,47,36,70,39,192,18,24,42,234
07/17/2008,TOL,OH,AGL,CE,Combined TRACON& Tower with Radar,45,35,46,18,144,0,0,29,2,31,45,35,75,20,175,59,10,69,244
07/18/2008,TOL,OH,AGL,CE,Combined TRACON& Tower with Radar,43,42,42,0,127,0,3,32,0,35,43,45,74,0,162,17,0,17,179
07/19/2008,TOL,OH,AGL,CE,Combined TRACON& Tower with Radar,7,31,13,0,51,0,2,15,0,17,7,33,28,0,68,6,0,6,74
07/20/2008,TOL,OH,AGL,CE,Combined TRACON& Tower with Radar,6,33,20,2,61,0,2,4,0,6,6,35,24,2,67,8,0,8,75
07/21/2008,TOL,OH,AGL,CE,Combined TRACON& Tower with Radar,4,40,27,19,90,0,6,6,0,12,4,46,33,19,102,9,6,15,117
07/22/2008,TOL,OH,AGL,CE,Combined TRACON& Tower with Radar,47,65,33,20,165,0,11,22,0,33,47,76,55,20,198,38,4,42,240
07/23/2008,TOL,OH,AGL,CE,Combined TRACON& Tower with Radar,44,42,39,19,144,0,3,12,2,17,44,45,51,21,161,10,14,24,185
07/24/2008,TOL,OH,AGL,CE,Combined TRACON& Tower with Radar,47,39,50,25,161,0,5,16,0,21,47,44,66,25,182,44,19,63,245
07/25/2008,TOL,OH,AGL,CE,Combined TRACON& Tower with Radar,39,40,45,1,125,0,8,35,1,44,39,48,80,2,169,14,0,14,183
07/26/2008,TOL,OH,AGL,CE,Combined TRACON& Tower with Radar,7,28,14,1,50,0,5,11,0,16,7,33,25,1,66,26,0,26,92
07/27/2008,TOL,OH,AGL,CE,Combined TRACON& Tower with Radar,9,33,40,1,83,0,4,30,0,34,9,37,70,1,117,23,0,23,140
07/28/2008,TOL,OH,AGL,CE,Combined TRACON& Tower with Radar,2,36,29,19,86,0,5,20,2,27,2,41,49,21,113,43,12,55,168
07/29/2008,TOL,OH,AGL,CE,Combined TRACON& Tower with Radar,45,47,34,13,139,0,2,26,4,32,45,49,60,17,171,24,14,38,209
07/30/2008,TOL,OH,AGL,CE,Combined TRACON& Tower with Radar,45,40,53,30,168,0,3,37,0,40,45,43,90,30,208,20,10,30,238
07/31/2008,TOL,OH,AGL,CE,Combined TRACON& Tower with Radar,46,33,59,16,154,0,8,29,0,37,46,41,88,16,191,28,9,37,228
08/01/2008,TOL,OH,AGL,CE,Combined TRACON& Tower with Radar,43,52,102,6,203,0,6,83,0,89,43,58,185,6,292,0,0,0,292
08/02/2008,TOL,OH,AGL,CE,Combined TRACON& Tower with Radar,10,37,77,0,124,0,21,137,0,158,10,58,214,0,282,0,0,0,282
08/03/2008,TOL,OH,AGL,CE,Combined TRACON& Tower with Radar,4,33,112,2,151,0,10,107,0,117,4,43,219,2,268,0,0,0,268
08/04/2008,TOL,OH,AGL,CE,Combined TRACON& Tower with Radar,3,38,71,14,126,0,11,54,2,67,3,49,125,16,193,0,0,0,193
08/05/2008,TOL,OH,AGL,CE,Combined TRACON& Tower with Radar,50,48,99,11,208,0,16,50,0,66,50,64,149,11,274,0,0,0,274
08/06/2008,TOL,OH,AGL,CE,Combined TRACON& Tower with Radar,44,33,41,19,137,0,2,28,2,32,44,35,69,21,169,39,16,55,224
08/07/2008,TOL,OH,AGL,CE,Combined TRACON& Tower with Radar,48,34,41,10,133,0,4,14,0,18,48,38,55,10,151,10,0,10,161
08/08/2008,TOL,OH,AGL,CE,Combined TRACON& Tower with Radar,43,35,38,0,116,0,2,20,0,22,43,37,58,0,138,44,10,54,192
08/09/2008,TOL,OH,AGL,CE,Combined TRACON& Tower with Radar,10,34,18,14,76,0,5,24,1,30,10,39,42,15,106,29,6,35,141
08/10/2008,TOL,OH,AGL,CE,Combined TRACON& Tower with Radar,6,33,14,2,55,0,3,27,0,30,6,36,41,2,85,12,2,14,99
08/11/2008,TOL,OH,AGL,CE,Combined TRACON& Tower with Radar,1,38,37,9,85,0,2,38,0,40,1,40,75,9,125,14,4,18,143
08/12/2008,TOL,OH,AGL,CE,Combined TRACON& Tower with Radar,46,37,52,15,150,0,4,32,0,36,46,41,84,15,186,20,6,26,212
08/13/2008,TOL,OH,AGL,CE,Combined TRACON& Tower with Radar,44,31,71,10,156,0,3,37,2,42,44,34,108,12,198,52,6,58,256
08/14/2008,TOL,OH,AGL,CE,Combined TRACON& Tower with Radar,47,38,54,12,151,0,1,18,2,21,47,39,72,14,172,29,2,31,203
08/15/2008,TOL,OH,AGL,CE,Combined TRACON& Tower with Radar,41,33,43,1,118,0,4,19,0,23,41,37,62,1,141,22,0,22,163
08/16/2008,TOL,OH,AGL,CE,Combined TRACON& Tower with Radar,13,28,35,0,76,0,10,39,0,49,13,38,74,0,125,90,0,90,215
08/17/2008,TOL,OH,AGL,CE,Combined TRACON& Tower with Radar,4,32,39,0,75,0,4,14,0,18,4,36,53,0,93,24,0,24,117
08/18/2008,TOL,OH,AGL,CE,Combined TRACON& Tower with Radar,5,36,48,7,96,1,2,20,0,23,6,38,68,7,119,10,10,20,139
08/19/2008,TOL,OH,AGL,CE,Combined TRACON& Tower with Radar,52,29,61,10,152,0,1,20,0,21,52,30,81,10,173,30,4,34,207
08/20/2008,TOL,OH,AGL,CE,Combined TRACON& Tower with Radar,43,40,79,11,173,0,2,27,4,33,43,42,106,15,206,54,6,60,266
08/21/2008,TOL,OH,AGL,CE,Combined TRACON& Tower with Radar,42,43,53,13,151,0,1,19,0,20,42,44,72,13,171,11,4,15,186
08/22/2008,TOL,OH,AGL,CE,Combined TRACON& Tower with Radar,42,39,25,0,106,0,1,20,0,21,42,40,45,0,127,10,0,10,137
08/23/2008,TOL,OH,AGL,CE,Combined TRACON& Tower with Radar,8,35,22,1,66,0,5,16,1,22,8,40,38,2,88,16,0,16,104
08/24/2008,TOL,OH,AGL,CE,Combined TRACON& Tower with Radar,4,29,12,0,45,0,9,22,0,31,4,38,34,0,76,26,0,26,102
08/25/2008,TOL,OH,AGL,CE,Combined TRACON& Tower with Radar,5,40,57,6,108,0,2,10,2,14,5,42,67,8,122,16,0,16,138
08/26/2008,TOL,OH,AGL,CE,Combined TRACON& Tower with Radar,44,36,39,15,134,0,6,21,0,27,44,42,60,15,161,15,8,23,184
08/27/2008,TOL,OH,AGL,CE,Combined TRACON& Tower with Radar,42,48,41,24,155,0,1,12,0,13,42,49,53,24,168,16,12,28,196
08/28/2008,TOL,OH,AGL,CE,Combined TRACON& Tower with Radar,43,54,69,18,184,0,2,9,0,11,43,56,78,18,195,20,0,20,215
08/29/2008,TOL,OH,AGL,CE,Combined TRACON& Tower with Radar,44,40,47,1,132,0,6,18,0,24,44,46,65,1,156,6,0,6,162
08/30/2008,TOL,OH,AGL,CE,Combined TRACON& Tower with Radar,6,27,27,0,60,0,6,18,0,24,6,33,45,0,84,10,0,10,94
08/31/2008,TOL,OH,AGL,CE,Combined TRACON& Tower with Radar,2,29,18,0,49,0,9,21,0,30,2,38,39,0,79,12,0,12,91
09/01/2008,TOL,OH,AGL,CE,Combined TRACON& Tower with Radar,3,31,30,1,65,0,15,96,0,111,3,46,126,1,176,26,2,28,204
09/02/2008,TOL,OH,AGL,CE,Combined TRACON& Tower with Radar,2,29,40,11,82,0,10,65,2,77,2,39,105,13,159,19,2,21,180
09/03/2008,TOL,OH,AGL,CE,Combined TRACON& Tower with Radar,39,31,36,16,122,0,5,51,35,91,39,36,87,51,213,4,26,30,243
09/04/2008,TOL,OH,AGL,CE,Combined TRACON& Tower with Radar,41,23,42,7,113,0,8,42,1,51,41,31,84,8,164,10,4,14,178
09/05/2008,TOL,OH,AGL,CE,Combined TRACON& Tower with Radar,46,24,49,2,121,0,3,25,0,28,46,27,74,2,149,22,0,22,171
09/06/2008,TOL,OH,AGL,CE,Combined TRACON& Tower with Radar,8,17,29,9,63,0,29,75,1,105,8,46,104,10,168,14,6,20,188
09/07/2008,TOL,OH,AGL,CE,Combined TRACON& Tower with Radar,6,18,37,4,65,0,10,39,2,51,6,28,76,6,116,22,9,31,147
09/08/2008,TOL,OH,AGL,CE,Combined TRACON& Tower with Radar,3,23,55,19,100,0,10,43,6,59,3,33,98,25,159,26,16,42,201
09/09/2008,TOL,OH,AGL,CE,Combined TRACON& Tower with Radar,43,23,41,20,127,0,8,69,7,84,43,31,110,27,211,19,10,29,240
09/10/2008,TOL,OH,AGL,CE,Combined TRACON& Tower with Radar,44,24,51,6,125,0,34,95,8,137,44,58,146,14,262,6,15,21,283
09/11/2008,TOL,OH,AGL,CE,Combined TRACON& Tower with Radar,40,32,58,8,138,0,13,133,4,150,40,45,191,12,288,10,2,12,300
09/12/2008,TOL,OH,AGL,CE,Combined TRACON& Tower with Radar,49,26,60,2,137,0,2,13,0,15,49,28,73,2,152,20,0,20,172
09/13/2008,TOL,OH,AGL,CE,Combined TRACON& Tower with Radar,6,21,18,4,49,0,2,0,0,2,6,23,18,4,51,4,0,4,55
09/14/2008,TOL,OH,AGL,CE,Combined TRACON& Tower with Radar,5,19,12,1,37,1,9,19,0,29,6,28,31,1,66,2,0,2,68
09/15/2008,TOL,OH,AGL,CE,Combined TRACON& Tower with Radar,1,30,34,31,96,0,17,52,0,69,1,47,86,31,165,25,8,33,198
09/16/2008,TOL,OH,AGL,CE,Combined TRACON& Tower with Radar,44,25,45,16,130,0,10,68,5,83,44,35,113,21,213,14,8,22,235
09/17/2008,TOL,OH,AGL,CE,Combined TRACON& Tower with Radar,40,24,57,12,133,0,7,118,0,125,40,31,175,12,258,48,0,48,306
09/18/2008,TOL,OH,AGL,CE,Combined TRACON& Tower with Radar,42,20,51,13,126,0,20,66,4,90,42,40,117,17,216,15,12,27,243
09/19/2008,TOL,OH,AGL,CE,Combined TRACON& Tower with Radar,43,30,40,1,114,0,25,124,0,149,43,55,164,1,263,25,0,25,288
09/20/2008,TOL,OH,AGL,CE,Combined TRACON& Tower with Radar,6,23,20,0,49,0,24,104,0,128,6,47,124,0,177,16,0,16,193
09/21/2008,TOL,OH,AGL,CE,Combined TRACON& Tower with Radar,7,20,34,0,61,0,3,48,0,51,7,23,82,0,112,0,0,0,112
09/22/2008,TOL,OH,AGL,CE,Combined TRACON& Tower with Radar,0,38,54,10,102,0,9,66,4,79,0,47,120,14,181,46,8,54,235
09/23/2008,TOL,OH,AGL,CE,Combined TRACON& Tower with Radar,46,30,24,22,122,0,17,120,9,146,46,47,144,31,268,8,14,22,290
09/24/2008,TOL,OH,AGL,CE,Combined TRACON& Tower with Radar,51,33,54,14,152,0,10,101,4,115,51,43,155,18,267,32,31,63,330
09/25/2008,TOL,OH,AGL,CE,Combined TRACON& Tower with Radar,41,30,43,11,125,0,16,96,4,116,41,46,139,15,241,22,0,22,263
09/26/2008,TOL,OH,AGL,CE,Combined TRACON& Tower with Radar,47,24,31,2,104,0,7,78,0,85,47,31,109,2,189,10,8,18,207
09/27/2008,TOL,OH,AGL,CE,Combined TRACON& Tower with Radar,8,19,16,2,45,0,7,41,2,50,8,26,57,4,95,20,0,20,115
09/28/2008,TOL,OH,AGL,CE,Combined TRACON& Tower with Radar,5,23,35,0,63,0,17,48,0,65,5,40,83,0,128,31,0,31,159
09/29/2008,TOL,OH,AGL,CE,Combined TRACON& Tower with Radar,1,27,56,18,102,0,2,15,3,20,1,29,71,21,122,24,2,26,148
09/30/2008,TOL,OH,AGL,CE,Combined TRACON& Tower with Radar,43,23,36,22,124,0,0,22,0,22,43,23,58,22,146,6,14,20,166
10/01/2008,TOL,OH,AGL,CE,Combined TRACON& Tower with Radar,40,29,47,27,143,0,17,38,0,55,40,46,85,27,198,12,6,18,216
10/02/2008,TOL,OH,AGL,CE,Combined TRACON& Tower with Radar,40,29,48,21,138,0,16,58,3,77,40,45,106,24,215,22,12,34,249
10/03/2008,TOL,OH,AGL,CE,Combined TRACON& Tower with Radar,39,38,40,3,120,0,14,80,0,94,39,52,120,3,214,22,4,26,240
10/04/2008,TOL,OH,AGL,CE,Combined TRACON& Tower with Radar,7,18,29,14,68,0,15,89,0,104,7,33,118,14,172,12,5,17,189
10/05/2008,TOL,OH,AGL,CE,Combined TRACON& Tower with Radar,2,18,30,6,56,0,11,105,0,116,2,29,135,6,172,10,4,14,186
10/06/2008,TOL,OH,AGL,CE,Combined TRACON& Tower with Radar,4,20,28,24,76,0,2,51,3,56,4,22,79,27,132,24,6,30,162
10/07/2008,TOL,OH,AGL,CE,Combined TRACON& Tower with Radar,43,25,25,12,105,0,17,103,8,128,43,42,128,20,233,22,8,30,263
10/08/2008,TOL,OH,AGL,CE,Combined TRACON& Tower with Radar,41,23,53,10,127,0,11,24,0,35,41,34,77,10,162,22,0,22,184
10/09/2008,TOL,OH,AGL,CE,Combined TRACON& Tower with Radar,44,28,27,16,115,0,8,97,0,105,44,36,124,16,220,19,8,27,247
10/10/2008,TOL,OH,AGL,CE,Combined TRACON& Tower with Radar,42,30,53,1,126,0,4,99,1,104,42,34,152,2,230,27,2,29,259
10/11/2008,TOL,OH,AGL,CE,Combined TRACON& Tower with Radar,7,21,27,0,55,0,10,115,0,125,7,31,142,0,180,18,0,18,198
10/12/2008,TOL,OH,AGL,CE,Combined TRACON& Tower with Radar,5,20,27,0,52,0,10,118,0,128,5,30,145,0,180,18,0,18,198
10/13/2008,TOL,OH,AGL,CE,Combined TRACON& Tower with Radar,3,18,52,0,73,0,4,56,0,60,3,22,108,0,133,21,0,21,154
10/14/2008,TOL,OH,AGL,CE,Combined TRACON& Tower with Radar,44,22,69,11,146,0,8,72,0,80,44,30,141,11,226,50,4,54,280
10/15/2008,TOL,OH,AGL,CE,Combined TRACON& Tower with Radar,41,40,62,16,159,0,7,19,0,26,41,47,81,16,185,40,2,42,227
10/16/2008,TOL,OH,AGL,CE,Combined TRACON& Tower with Radar,43,33,38,8,122,0,6,30,0,36,43,39,68,8,158,52,0,52,210
10/17/2008,TOL,OH,AGL,CE,Combined TRACON& Tower with Radar,43,28,51,1,123,0,11,36,0,47,43,39,87,1,170,30,0,30,200
10/18/2008,TOL,OH,AGL,CE,Combined TRACON& Tower with Radar,9,17,20,0,46,0,11,80,0,91,9,28,100,0,137,10,0,10,147
10/19/2008,TOL,OH,AGL,CE,Combined TRACON& Tower with Radar,6,22,23,2,53,0,16,111,0,127,6,38,134,2,180,10,22,32,212
10/20/2008,TOL,OH,AGL,CE,Combined TRACON& Tower with Radar,4,34,46,5,89,0,4,48,5,57,4,38,94,10,146,12,0,12,158
10/21/2008,TOL,OH,AGL,CE,Combined TRACON& Tower with Radar,46,28,39,24,137,0,18,56,2,76,46,46,95,26,213,23,10,33,246
10/22/2008,TOL,OH,AGL,CE,Combined TRACON& Tower with Radar,43,27,35,13,118,0,15,81,4,100,43,42,116,17,218,18,4,22,240
10/23/2008,TOL,OH,AGL,CE,Combined TRACON& Tower with Radar,43,25,59,5,132,0,15,110,0,125,43,40,169,5,257,47,0,47,304
10/24/2008,TOL,OH,AGL,CE,Combined TRACON& Tower with Radar,42,22,41,5,110,0,2,12,0,14,42,24,53,5,124,8,4,12,136
10/25/2008,TOL,OH,AGL,CE,Combined TRACON& Tower with Radar,10,22,15,2,49,0,17,19,1,37,10,39,34,3,86,2,2,4,90
10/26/2008,TOL,OH,AGL,CE,Combined TRACON& Tower with Radar,4,19,19,0,42,0,10,19,0,29,4,29,38,0,71,0,0,0,71
10/27/2008,TOL,OH,AGL,CE,Combined TRACON& Tower with Radar,2,26,36,26,90,0,12,29,0,41,2,38,65,26,131,0,8,8,139
10/28/2008,TOL,OH,AGL,CE,Combined TRACON& Tower with Radar,46,24,37,13,120,0,4,18,0,22,46,28,55,13,142,5,12,17,159
10/29/2008,TOL,OH,AGL,CE,Combined TRACON& Tower with Radar,48,29,26,8,111,0,13,35,0,48,48,42,61,8,159,8,0,8,167
10/30/2008,TOL,OH,AGL,CE,Combined TRACON& Tower with Radar,41,36,50,6,133,0,5,99,3,107,41,41,149,9,240,24,2,26,266
10/31/2008,TOL,OH,AGL,CE,Combined TRACON& Tower with Radar,47,30,36,0,113,0,21,96,2,119,47,51,132,2,232,20,0,20,252
11/01/2008,TOL,OH,AGL,CE,Combined TRACON& Tower with Radar,11,19,37,8,75,0,6,99,0,105,11,25,136,8,180,32,8,40,220
11/02/2008,TOL,OH,AGL,CE,Combined TRACON& Tower with Radar,4,23,31,3,61,0,7,68,0,75,4,30,99,3,136,24,0,24,160
11/03/2008,TOL,OH,AGL,CE,Combined TRACON& Tower with Radar,3,18,37,4,62,0,15,64,0,79,3,33,101,4,141,30,0,30,171
11/04/2008,TOL,OH,AGL,CE,Combined TRACON& Tower with Radar,43,34,35,5,117,0,10,67,4,81,43,44,102,9,198,22,0,22,220
11/05/2008,TOL,OH,AGL,CE,Combined TRACON& Tower with Radar,48,33,42,18,141,0,6,74,1,81,48,39,116,19,222,24,12,36,258
11/06/2008,TOL,OH,AGL,CE,Combined TRACON& Tower with Radar,43,24,49,9,125,0,9,101,3,113,43,33,150,12,238,18,8,26,264
11/07/2008,TOL,OH,AGL,CE,Combined TRACON& Tower with Radar,44,19,35,0,98,0,4,28,0,32,44,23,63,0,130,14,0,14,144
11/08/2008,TOL,OH,AGL,CE,Combined TRACON& Tower with Radar,8,12,19,0,39,0,5,39,1,45,8,17,58,1,84,18,0,18,102
11/09/2008,TOL,OH,AGL,CE,Combined TRACON& Tower with Radar,5,21,10,0,36,0,0,1,0,1,5,21,11,0,37,2,0,2,39
11/10/2008,TOL,OH,AGL,CE,Combined TRACON& Tower with Radar,4,18,62,0,84,0,7,36,0,43,4,25,98,0,127,30,0,30,157
11/11/2008,TOL,OH,AGL,CE,Combined TRACON& Tower with Radar,50,22,60,0,132,0,12,59,0,71,50,34,119,0,203,32,0,32,235
11/12/2008,TOL,OH,AGL,CE,Combined TRACON& Tower with Radar,34,19,44,5,102,0,3,18,0,21,34,22,62,5,123,20,0,20,143
11/13/2008,TOL,OH,AGL,CE,Combined TRACON& Tower with Radar,43,28,55,3,129,0,2,18,0,20,43,30,73,3,149,39,8,47,196
11/14/2008,TOL,OH,AGL,CE,Combined TRACON& Tower with Radar,46,24,68,5,143,0,12,22,0,34,46,36,90,5,177,38,2,40,217
11/15/2008,TOL,OH,AGL,CE,Combined TRACON& Tower with Radar,8,18,7,0,33,0,2,1,0,3,8,20,8,0,36,2,0,2,38
11/16/2008,TOL,OH,AGL,CE,Combined TRACON& Tower with Radar,4,19,16,0,39,0,4,11,0,15,4,23,27,0,54,6,0,6,60
11/17/2008,TOL,OH,AGL,CE,Combined TRACON& Tower with Radar,6,17,28,7,58,0,0,17,0,17,6,17,45,7,75,8,0,8,83
11/18/2008,TOL,OH,AGL,CE,Combined TRACON& Tower with Radar,44,21,55,3,123,0,11,58,0,69,44,32,113,3,192,32,0,32,224
11/19/2008,TOL,OH,AGL,CE,Combined TRACON& Tower with Radar,38,19,35,6,98,0,2,45,7,54,38,21,80,13,152,13,8,21,173
11/20/2008,TOL,OH,AGL,CE,Combined TRACON& Tower with Radar,47,36,37,2,122,0,23,29,0,52,47,59,66,2,174,14,0,14,188
11/21/2008,TOL,OH,AGL,CE,Combined TRACON& Tower with Radar,43,24,26,0,93,0,6,30,0,36,43,30,56,0,129,4,0,4,133
11/22/2008,TOL,OH,AGL,CE,Combined TRACON& Tower with Radar,6,17,20,0,43,0,2,56,0,58,6,19,76,0,101,18,0,18,119
11/23/2008,TOL,OH,AGL,CE,Combined TRACON& Tower with Radar,6,18,31,1,56,0,25,76,2,103,6,43,107,3,159,20,0,20,179
11/24/2008,TOL,OH,AGL,CE,Combined TRACON& Tower with Radar,4,23,24,0,51,0,0,7,0,7,4,23,31,0,58,0,0,0,58
11/25/2008,TOL,OH,AGL,CE,Combined TRACON& Tower with Radar,44,29,34,5,112,0,14,12,0,26,44,43,46,5,138,7,2,9,147
11/26/2008,TOL,OH,AGL,CE,Combined TRACON& Tower with Radar,44,19,51,0,114,0,9,59,0,68,44,28,110,0,182,22,0,22,204
11/27/2008,TOL,OH,AGL,CE,Combined TRACON& Tower with Radar,38,17,6,0,61,0,4,73,0,77,38,21,79,0,138,6,0,6,144
11/28/2008,TOL,OH,AGL,CE,Combined TRACON& Tower with Radar,5,17,13,0,35,0,13,52,0,65,5,30,65,0,100,16,0,16,116
11/29/2008,TOL,OH,AGL,CE,Combined TRACON& Tower with Radar,3,17,23,0,43,0,13,117,0,130,3,30,140,0,173,11,0,11,184
11/30/2008,TOL,OH,AGL,CE,Combined TRACON& Tower with Radar,1,26,11,0,38,0,5,2,0,7,1,31,13,0,45,0,0,0,45
12/01/2008,TOL,OH,AGL,CE,Combined TRACON& Tower with Radar,3,19,36,0,58,0,6,2,0,8,3,25,38,0,66,4,0,4,70
12/02/2008,TOL,OH,AGL,CE,Combined TRACON& Tower with Radar,44,31,32,5,112,0,2,12,0,14,44,33,44,5,126,15,5,20,146
12/03/2008,TOL,OH,AGL,CE,Combined TRACON& Tower with Radar,38,21,25,14,98,0,2,47,0,49,38,23,72,14,147,12,8,20,167
12/04/2008,TOL,OH,AGL,CE,Combined TRACON& Tower with Radar,44,24,52,1,121,0,1,29,0,30,44,25,81,1,151,52,0,52,203
12/05/2008,TOL,OH,AGL,CE,Combined TRACON& Tower with Radar,42,27,35,2,106,0,13,71,0,84,42,40,106,2,190,49,0,49,239
12/06/2008,TOL,OH,AGL,CE,Combined TRACON& Tower with Radar,6,13,9,2,30,0,0,0,0,0,6,13,9,2,30,0,0,0,30
12/07/2008,TOL,OH,AGL,CE,Combined TRACON& Tower with Radar,4,13,47,0,64,0,14,43,0,57,4,27,90,0,121,26,0,26,147
12/08/2008,TOL,OH,AGL,CE,Combined TRACON& Tower with Radar,5,18,33,0,56,0,2,41,0,43,5,20,74,0,99,16,0,16,115
12/09/2008,TOL,OH,AGL,CE,Combined TRACON& Tower with Radar,41,31,34,0,106,0,0,2,0,2,41,31,36,0,108,0,0,0,108
12/10/2008,TOL,OH,AGL,CE,Combined TRACON& Tower with Radar,40,26,41,4,111,0,10,14,0,24,40,36,55,4,135,6,10,16,151
12/11/2008,TOL,OH,AGL,CE,Combined TRACON& Tower with Radar,41,31,49,18,139,0,18,50,9,77,41,49,99,27,216,37,11,48,264
12/12/2008,TOL,OH,AGL,CE,Combined TRACON& Tower with Radar,46,26,41,2,115,0,9,29,0,38,46,35,70,2,153,6,0,6,159
12/13/2008,TOL,OH,AGL,CE,Combined TRACON& Tower with Radar,7,19,32,1,59,0,4,62,0,66,7,23,94,1,125,26,0,26,151
12/14/2008,TOL,OH,AGL,CE,Combined TRACON& Tower with Radar,9,19,7,0,35,0,4,4,0,8,9,23,11,0,43,0,0,0,43
12/15/2008,TOL,OH,AGL,CE,Combined TRACON& Tower with Radar,7,25,33,6,71,0,4,4,0,8,7,29,37,6,79,2,1,3,82
12/16/2008,TOL,OH,AGL,CE,Combined TRACON& Tower with Radar,43,18,29,4,94,0,9,38,0,47,43,27,67,4,141,12,8,20,161
12/17/2008,TOL,OH,AGL,CE,Combined TRACON& Tower with Radar,41,25,33,0,99,0,0,6,0,6,41,25,39,0,105,4,0,4,109
12/18/2008,TOL,OH,AGL,CE,Combined TRACON& Tower with Radar,44,28,47,0,119,0,6,12,0,18,44,34,59,0,137,0,0,0,137
12/19/2008,TOL,OH,AGL,CE,Combined TRACON& Tower with Radar,44,19,10,0,73,0,2,2,0,4,44,21,12,0,77,0,0,0,77
12/20/2008,TOL,OH,AGL,CE,Combined TRACON& Tower with Radar,14,28,12,3,57,1,3,4,3,11,15,31,16,6,68,2,0,2,70
12/21/2008,TOL,OH,AGL,CE,Combined TRACON& Tower with Radar,5,20,4,0,29,0,0,3,0,3,5,20,7,0,32,0,0,0,32
12/22/2008,TOL,OH,AGL,CE,Combined TRACON& Tower with Radar,5,18,28,0,51,0,7,17,0,24,5,25,45,0,75,0,0,0,75
12/23/2008,TOL,OH,AGL,CE,Combined TRACON& Tower with Radar,6,15,12,0,33,0,4,7,0,11,6,19,19,0,44,0,0,0,44
12/24/2008,TOL,OH,AGL,CE,Combined TRACON& Tower with Radar,6,15,3,3,27,0,4,0,0,4,6,19,3,3,31,0,0,0,31
12/25/2008,TOL,OH,AGL,CE,Combined TRACON& Tower with Radar,3,17,4,0,24,0,0,7,0,7,3,17,11,0,31,4,0,4,35
12/26/2008,TOL,OH,AGL,CE,Combined TRACON& Tower with Radar,4,24,8,0,36,0,6,6,0,12,4,30,14,0,48,0,0,0,48
12/27/2008,TOL,OH,AGL,CE,Combined TRACON& Tower with Radar,2,15,12,0,29,0,2,4,0,6,2,17,16,0,35,0,0,0,35
12/28/2008,TOL,OH,AGL,CE,Combined TRACON& Tower with Radar,1,17,4,0,22,0,4,11,0,15,1,21,15,0,37,0,0,0,37
12/29/2008,TOL,OH,AGL,CE,Combined TRACON& Tower with Radar,5,18,42,10,75,0,3,51,4,58,5,21,93,14,133,34,17,51,184
12/30/2008,TOL,OH,AGL,CE,Combined TRACON& Tower with Radar,6,16,39,8,69,0,12,82,0,94,6,28,121,8,163,19,0,19,182
12/31/2008,TOL,OH,AGL,CE,Combined TRACON& Tower with Radar,0,18,12,0,30,0,10,21,0,31,0,28,33,0,61,2,2,4,65
01/01/2009,TOL,OH,AGL,CE,Combined TRACON& Tower with Radar,3,20,6,0,29,0,0,71,0,71,3,20,77,0,100,0,0,0,100
01/02/2009,TOL,OH,AGL,CE,Combined TRACON& Tower with Radar,4,20,18,0,42,0,2,30,0,32,4,22,48,0,74,9,0,9,83
01/03/2009,TOL,OH,AGL,CE,Combined TRACON& Tower with Radar,2,16,24,0,42,0,5,51,0,56,2,21,75,0,98,28,0,28,126
01/04/2009,TOL,OH,AGL,CE,Combined TRACON& Tower with Radar,4,19,12,0,35,0,0,0,0,0,4,19,12,0,35,0,0,0,35
01/05/2009,TOL,OH,AGL,CE,Combined TRACON& Tower with Radar,5,27,27,17,76,0,9,36,6,51,5,36,63,23,127,9,16,25,152
01/06/2009,TOL,OH,AGL,CE,Combined TRACON& Tower with Radar,43,18,29,5,95,0,5,16,0,21,43,23,45,5,116,6,0,6,122
01/07/2009,TOL,OH,AGL,CE,Combined TRACON& Tower with Radar,29,27,10,0,66,0,4,3,0,7,29,31,13,0,73,0,0,0,73
01/08/2009,TOL,OH,AGL,CE,Combined TRACON& Tower with Radar,41,21,19,5,86,0,5,10,0,15,41,26,29,5,101,4,0,4,105
01/09/2009,TOL,OH,AGL,CE,Combined TRACON& Tower with Radar,39,15,27,0,81,0,0,5,0,5,39,15,32,0,86,8,0,8,94
01/10/2009,TOL,OH,AGL,CE,Combined TRACON& Tower with Radar,6,11,0,0,17,0,0,0,0,0,6,11,0,0,17,0,0,0,17
01/11/2009,TOL,OH,AGL,CE,Combined TRACON& Tower with Radar,2,19,16,7,44,0,0,4,2,6,2,19,20,9,50,2,4,6,56
01/12/2009,TOL,OH,AGL,CE,Combined TRACON& Tower with Radar,3,21,27,14,65,0,2,21,5,28,3,23,48,19,93,0,4,4,97
01/13/2009,TOL,OH,AGL,CE,Combined TRACON& Tower with Radar,44,24,21,0,89,0,6,7,0,13,44,30,28,0,102,2,0,2,104
01/14/2009,TOL,OH,AGL,CE,Combined TRACON& Tower with Radar,39,18,13,0,70,0,0,0,0,0,39,18,13,0,70,0,0,0,70
01/15/2009,TOL,OH,AGL,CE,Combined TRACON& Tower with Radar,27,33,26,15,101,0,10,16,8,34,27,43,42,23,135,14,20,34,169
01/16/2009,TOL,OH,AGL,CE,Combined TRACON& Tower with Radar,43,25,18,0,86,0,10,29,1,40,43,35,47,1,126,2,0,2,128
01/17/2009,TOL,OH,AGL,CE,Combined TRACON& Tower with Radar,4,16,5,6,31,0,6,1,0,7,4,22,6,6,38,4,4,8,46
01/18/2009,TOL,OH,AGL,CE,Combined TRACON& Tower with Radar,5,18,7,0,30,0,4,27,0,31,5,22,34,0,61,6,0,6,67
01/19/2009,TOL,OH,AGL,CE,Combined TRACON& Tower with Radar,4,23,19,0,46,0,17,51,0,68,4,40,70,0,114,25,0,25,139
01/20/2009,TOL,OH,AGL,CE,Combined TRACON& Tower with Radar,45,21,41,11,118,0,7,27,5,39,45,28,68,16,157,14,27,41,198
01/21/2009,TOL,OH,AGL,CE,Combined TRACON& Tower with Radar,34,21,35,16,106,0,22,53,7,82,34,43,88,23,188,10,16,26,214
01/22/2009,TOL,OH,AGL,CE,Combined TRACON& Tower with Radar,37,37,36,20,130,0,8,26,0,34,37,45,62,20,164,21,16,37,201
01/23/2009,TOL,OH,AGL,CE,Combined TRACON& Tower with Radar,37,23,49,5,114,0,13,41,0,54,37,36,90,5,168,40,2,42,210
01/24/2009,TOL,OH,AGL,CE,Combined TRACON& Tower with Radar,5,15,25,0,45,0,12,60,0,72,5,27,85,0,117,17,0,17,134
01/25/2009,TOL,OH,AGL,CE,Combined TRACON& Tower with Radar,5,18,9,0,32,0,9,18,0,27,5,27,27,0,59,4,0,4,63
01/26/2009,TOL,OH,AGL,CE,Combined TRACON& Tower with Radar,2,19,33,22,76,0,3,53,9,65,2,22,86,31,141,20,18,38,179
01/27/2009,TOL,OH,AGL,CE,Combined TRACON& Tower with Radar,32,23,27,6,88,0,3,21,2,26,32,26,48,8,114,8,0,8,122
01/28/2009,TOL,OH,AGL,CE,Combined TRACON& Tower with Radar,34,23,20,0,77,0,0,2,0,2,34,23,22,0,79,2,0,2,81
01/29/2009,TOL,OH,AGL,CE,Combined TRACON& Tower with Radar,33,31,22,8,94,0,5,6,0,11,33,36,28,8,105,4,0,4,109
01/30/2009,TOL,OH,AGL,CE,Combined TRACON& Tower with Radar,41,23,20,0,84,0,8,18,0,26,41,31,38,0,110,10,0,10,120
01/31/2009,TOL,OH,AGL,CE,Combined TRACON& Tower with Radar,3,18,17,0,38,0,4,22,0,26,3,22,39,0,64,8,0,8,72
02/01/2009,TOL,OH,AGL,CE,Combined TRACON& Tower with Radar,4,19,12,0,35,0,6,40,0,46,4,25,52,0,81,8,0,8,89
02/02/2009,TOL,OH,AGL,CE,Combined TRACON& Tower with Radar,3,24,25,16,68,0,4,36,3,43,3,28,61,19,111,0,7,7,118
02/03/2009,TOL,OH,AGL,CE,Combined TRACON& Tower with Radar,32,22,34,6,94,0,18,30,0,48,32,40,64,6,142,22,4,26,168
02/04/2009,TOL,OH,AGL,CE,Combined TRACON& Tower with Radar,36,21,29,15,101,0,11,32,4,47,36,32,61,19,148,12,12,24,172
02/05/2009,TOL,OH,AGL,CE,Combined TRACON& Tower with Radar,41,28,37,9,115,0,7,63,0,70,41,35,100,9,185,38,9,47,232
02/06/2009,TOL,OH,AGL,CE,Combined TRACON& Tower with Radar,40,24,26,1,91,0,23,112,0,135,40,47,138,1,226,22,0,22,248
02/07/2009,TOL,OH,AGL,CE,Combined TRACON& Tower with Radar,4,18,7,23,52,0,8,16,3,27,4,26,23,26,79,2,10,12,91
02/08/2009,TOL,OH,AGL,CE,Combined TRACON& Tower with Radar,4,22,24,9,59,0,8,53,8,69,4,30,77,17,128,31,14,45,173
02/09/2009,TOL,OH,AGL,CE,Combined TRACON& Tower with Radar,2,24,38,5,69,0,12,39,2,53,2,36,77,7,122,16,5,21,143
02/10/2009,TOL,OH,AGL,CE,Combined TRACON& Tower with Radar,38,21,45,10,114,0,7,33,2,42,38,28,78,12,156,15,8,23,179
02/11/2009,TOL,OH,AGL,CE,Combined TRACON& Tower with Radar,37,26,25,0,88,0,1,5,0,6,37,27,30,0,94,8,0,8,102
02/12/2009,TOL,OH,AGL,CE,Combined TRACON& Tower with Radar,35,27,24,12,98,0,4,15,0,19,35,31,39,12,117,6,1,7,124
02/13/2009,TOL,OH,AGL,CE,Combined TRACON& Tower with Radar,37,23,41,1,102,0,23,45,0,68,37,46,86,1,170,16,0,16,186
02/14/2009,TOL,OH,AGL,CE,Combined TRACON& Tower with Radar,6,20,7,0,33,0,4,6,0,10,6,24,13,0,43,0,0,0,43
02/15/2009,TOL,OH,AGL,CE,Combined TRACON& Tower with Radar,10,11,19,4,44,0,0,36,0,36,10,11,55,4,80,28,0,28,108
02/16/2009,TOL,OH,AGL,CE,Combined TRACON& Tower with Radar,2,20,29,3,54,1,24,52,0,77,3,44,81,3,131,38,0,38,169
02/17/2009,TOL,OH,AGL,CE,Combined TRACON& Tower with Radar,32,17,44,8,101,0,9,66,14,89,32,26,110,22,190,45,18,63,253
02/18/2009,TOL,OH,AGL,CE,Combined TRACON& Tower with Radar,38,18,26,0,82,0,18,5,0,23,38,36,31,0,105,2,0,2,107
02/19/2009,TOL,OH,AGL,CE,Combined TRACON& Tower with Radar,42,23,18,25,108,0,16,31,3,50,42,39,49,28,158,7,0,7,165
02/20/2009,TOL,OH,AGL,CE,Combined TRACON& Tower with Radar,43,19,36,9,107,0,13,57,2,72,43,32,93,11,179,14,4,18,197
02/21/2009,TOL,OH,AGL,CE,Combined TRACON& Tower with Radar,9,12,7,0,28,0,3,2,0,5,9,15,9,0,33,0,0,0,33
02/22/2009,TOL,OH,AGL,CE,Combined TRACON& Tower with Radar,7,17,11,9,44,0,7,10,0,17,7,24,21,9,61,0,8,8,69
02/23/2009,TOL,OH,AGL,CE,Combined TRACON& Tower with Radar,2,20,18,6,46,0,16,47,0,63,2,36,65,6,109,6,0,6,115
02/24/2009,TOL,OH,AGL,CE,Combined TRACON& Tower with Radar,40,19,29,14,102,0,13,88,9,110,40,32,117,23,212,8,10,18,230
02/25/2009,TOL,OH,AGL,CE,Combined TRACON& Tower with Radar,36,19,34,22,111,0,19,75,2,96,36,38,109,24,207,34,12,46,253
02/26/2009,TOL,OH,AGL,CE,Combined TRACON& Tower with Radar,40,17,45,12,114,0,11,5,0,16,40,28,50,12,130,14,0,14,144
02/27/2009,TOL,OH,AGL,CE,Combined TRACON& Tower with Radar,43,13,19,0,75,0,8,12,0,20,43,21,31,0,95,4,0,4,99
02/28/2009,TOL,OH,AGL,CE,Combined TRACON& Tower with Radar,10,12,34,0,56,0,8,44,0,52,10,20,78,0,108,38,0,38,146
03/01/2009,TOL,OH,AGL,CE,Combined TRACON& Tower with Radar,8,10,28,0,46,0,9,35,0,44,8,19,63,0,90,36,0,36,126
03/02/2009,TOL,OH,AGL,CE,Combined TRACON& Tower with Radar,2,16,39,18,75,0,15,34,1,50,2,31,73,19,125,22,10,32,157
03/03/2009,TOL,OH,AGL,CE,Combined TRACON& Tower with Radar,34,18,38,18,108,0,10,95,1,106,34,28,133,19,214,40,23,63,277
03/04/2009,TOL,OH,AGL,CE,Combined TRACON& Tower with Radar,38,17,30,37,122,0,4,106,10,120,38,21,136,47,242,27,32,59,301
03/05/2009,TOL,OH,AGL,CE,Combined TRACON& Tower with Radar,39,20,24,24,107,0,3,43,0,46,39,23,67,24,153,50,2,52,205
03/06/2009,TOL,OH,AGL,CE,Combined TRACON& Tower with Radar,42,22,21,3,88,0,15,45,0,60,42,37,66,3,148,4,0,4,152
03/07/2009,TOL,OH,AGL,CE,Combined TRACON& Tower with Radar,9,12,22,0,43,0,6,11,0,17,9,18,33,0,60,20,0,20,80
03/08/2009,TOL,OH,AGL,CE,Combined TRACON& Tower with Radar,7,11,5,6,29,0,2,0,0,2,7,13,5,6,31,0,0,0,31
03/09/2009,TOL,OH,AGL,CE,Combined TRACON& Tower with Radar,2,16,35,13,66,0,11,45,2,58,2,27,80,15,124,14,5,19,143
03/10/2009,TOL,OH,AGL,CE,Combined TRACON& Tower with Radar,35,14,17,15,81,0,0,12,0,12,35,14,29,15,93,0,0,0,93
03/11/2009,TOL,OH,AGL,CE,Combined TRACON& Tower with Radar,37,14,42,19,112,0,11,38,13,62,37,25,80,32,174,8,19,27,201
03/12/2009,TOL,OH,AGL,CE,Combined TRACON& Tower with Radar,40,17,39,21,117,0,3,73,5,81,40,20,112,26,198,7,4,11,209
03/13/2009,TOL,OH,AGL,CE,Combined TRACON& Tower with Radar,42,14,32,6,94,0,16,95,0,111,42,30,127,6,205,20,12,32,237
03/14/2009,TOL,OH,AGL,CE,Combined TRACON& Tower with Radar,6,20,34,25,85,0,9,148,0,157,6,29,182,25,242,44,42,86,328
03/15/2009,TOL,OH,AGL,CE,Combined TRACON& Tower with Radar,7,13,40,12,72,0,2,131,0,133,7,15,171,12,205,42,8,50,255
03/16/2009,TOL,OH,AGL,CE,Combined TRACON& Tower with Radar,3,19,46,22,90,0,9,56,12,77,3,28,102,34,167,27,17,44,211
03/17/2009,TOL,OH,AGL,CE,Combined TRACON& Tower with Radar,34,16,42,26,118,0,10,72,0,82,34,26,114,26,200,28,18,46,246
03/18/2009,TOL,OH,AGL,CE,Combined TRACON& Tower with Radar,39,15,32,5,91,0,3,25,0,28,39,18,57,5,119,15,2,17,136
03/19/2009,TOL,OH,AGL,CE,Combined TRACON& Tower with Radar,40,24,40,21,125,0,28,64,20,112,40,52,104,41,237,20,14,34,271
03/20/2009,TOL,OH,AGL,CE,Combined TRACON& Tower with Radar,43,17,25,0,85,0,10,99,0,109,43,27,124,0,194,6,0,6,200
03/21/2009,TOL,OH,AGL,CE,Combined TRACON& Tower with Radar,8,23,14,2,47,0,8,95,0,103,8,31,109,2,150,10,0,10,160
03/22/2009,TOL,OH,AGL,CE,Combined TRACON& Tower with Radar,8,18,18,0,44,0,4,80,0,84,8,22,98,0,128,16,0,16,144
03/23/2009,TOL,OH,AGL,CE,Combined TRACON& Tower with Radar,4,16,38,32,90,0,2,56,9,67,4,18,94,41,157,10,17,27,184
03/24/2009,TOL,OH,AGL,CE,Combined TRACON& Tower with Radar,36,23,26,19,104,0,8,53,1,62,36,31,79,20,166,18,4,22,188
03/25/2009,TOL,OH,AGL,CE,Combined TRACON& Tower with Radar,37,18,20,2,77,0,20,10,0,30,37,38,30,2,107,7,0,7,114
03/26/2009,TOL,OH,AGL,CE,Combined TRACON& Tower with Radar,40,18,37,8,103,0,8,52,8,68,40,26,89,16,171,28,13,41,212
03/27/2009,TOL,OH,AGL,CE,Combined TRACON& Tower with Radar,43,23,40,1,107,0,12,99,0,111,43,35,139,1,218,28,0,28,246
03/28/2009,TOL,OH,AGL,CE,Combined TRACON& Tower with Radar,9,17,7,4,37,0,3,44,4,51,9,20,51,8,88,31,4,35,123
03/29/2009,TOL,OH,AGL,CE,Combined TRACON& Tower with Radar,7,14,2,1,24,0,6,6,0,12,7,20,8,1,36,0,0,0,36
03/30/2009,TOL,OH,AGL,CE,Combined TRACON& Tower with Radar,3,14,38,23,78,0,7,91,10,108,3,21,129,33,186,46,18,64,250
03/31/2009,TOL,OH,AGL,CE,Combined TRACON& Tower with Radar,35,21,30,21,107,0,13,53,8,74,35,34,83,29,181,26,28,54,235
04/01/2009,TOL,OH,AGL,CE,Combined TRACON& Tower with Radar,39,20,32,14,105,0,15,55,2,72,39,35,87,16,177,28,9,37,214
04/02/2009,TOL,OH,AGL,CE,Combined TRACON& Tower with Radar,42,25,47,29,143,0,6,64,0,70,42,31,111,29,213,34,18,52,265
04/03/2009,TOL,OH,AGL,CE,Combined TRACON& Tower with Radar,42,18,26,0,86,0,9,5,0,14,42,27,31,0,100,4,0,4,104
04/04/2009,TOL,OH,AGL,CE,Combined TRACON& Tower with Radar,11,14,30,0,55,0,6,105,0,111,11,20,135,0,166,26,0,26,192
04/05/2009,TOL,OH,AGL,CE,Combined TRACON& Tower with Radar,6,17,20,2,45,0,10,41,0,51,6,27,61,2,96,22,0,22,118
04/06/2009,TOL,OH,AGL,CE,Combined TRACON& Tower with Radar,4,20,10,0,34,0,4,0,0,4,4,24,10,0,38,0,0,0,38
04/07/2009,TOL,OH,AGL,CE,Combined TRACON& Tower with Radar,38,22,25,5,90,0,8,23,0,31,38,30,48,5,121,5,0,5,126
04/08/2009,TOL,OH,AGL,CE,Combined TRACON& Tower with Radar,41,19,43,7,110,0,2,90,0,92,41,21,133,7,202,27,4,31,233
04/09/2009,TOL,OH,AGL,CE,Combined TRACON& Tower with Radar,42,20,39,12,113,0,16,133,8,157,42,36,172,20,270,20,10,30,300
04/10/2009,TOL,OH,AGL,CE,Combined TRACON& Tower with Radar,45,19,14,0,78,0,4,19,0,23,45,23,33,0,101,10,0,10,111
04/11/2009,TOL,OH,AGL,CE,Combined TRACON& Tower with Radar,10,12,14,2,38,0,11,117,0,128,10,23,131,2,166,38,0,38,204
04/12/2009,TOL,OH,AGL,CE,Combined TRACON& Tower with Radar,5,20,12,0,37,0,11,99,0,110,5,31,111,0,147,12,0,12,159
04/13/2009,TOL,OH,AGL,CE,Combined TRACON& Tower with Radar,6,19,39,11,75,0,6,51,0,57,6,25,90,11,132,38,0,38,170
04/14/2009,TOL,OH,AGL,CE,Combined TRACON& Tower with Radar,43,27,38,0,108,0,0,2,0,2,43,27,40,0,110,16,0,16,126
04/15/2009,TOL,OH,AGL,CE,Combined TRACON& Tower with Radar,41,27,44,19,131,0,1,37,2,40,41,28,81,21,171,41,2,43,214
04/16/2009,TOL,OH,AGL,CE,Combined TRACON& Tower with Radar,42,22,21,25,110,0,0,141,17,158,42,22,162,42,268,41,11,52,320
04/17/2009,TOL,OH,AGL,CE,Combined TRACON& Tower with Radar,50,26,55,2,133,0,8,173,3,184,50,34,228,5,317,40,2,42,359
04/18/2009,TOL,OH,AGL,CE,Combined TRACON& Tower with Radar,6,12,38,32,88,0,9,119,11,139,6,21,157,43,227,18,12,30,257
04/19/2009,TOL,OH,AGL,CE,Combined TRACON& Tower with Radar,7,19,24,0,50,0,3,15,0,18,7,22,39,0,68,8,0,8,76
04/20/2009,TOL,OH,AGL,CE,Combined TRACON& Tower with Radar,4,23,39,18,84,0,9,6,0,15,4,32,45,18,99,0,0,0,99
04/21/2009,TOL,OH,AGL,CE,Combined TRACON& Tower with Radar,45,18,25,19,107,0,16,5,0,21,45,34,30,19,128,5,0,5,133
04/22/2009,TOL,OH,AGL,CE,Combined TRACON& Tower with Radar,38,24,61,10,133,0,12,37,0,49,38,36,98,10,182,24,14,38,220
04/23/2009,TOL,OH,AGL,CE,Combined TRACON& Tower with Radar,41,19,55,16,131,0,8,128,34,170,41,27,183,50,301,62,31,93,394
04/24/2009,TOL,OH,AGL,CE,Combined TRACON& Tower with Radar,40,21,31,0,92,0,17,55,0,72,40,38,86,0,164,8,0,8,172
04/25/2009,TOL,OH,AGL,CE,Combined TRACON& Tower with Radar,6,13,7,0,26,0,17,68,0,85,6,30,75,0,111,4,0,4,115
04/26/2009,TOL,OH,AGL,CE,Combined TRACON& Tower with Radar,6,22,10,1,39,0,23,63,1,87,6,45,73,2,126,4,0,4,130
04/27/2009,TOL,OH,AGL,CE,Combined TRACON& Tower with Radar,6,19,26,23,74,0,13,40,2,55,6,32,66,25,129,14,8,22,151
04/28/2009,TOL,OH,AGL,CE,Combined TRACON& Tower with Radar,41,21,21,9,92,0,8,19,0,27,41,29,40,9,119,2,0,2,121
04/29/2009,TOL,OH,AGL,CE,Combined TRACON& Tower with Radar,39,23,37,14,113,0,10,33,0,43,39,33,70,14,156,18,0,18,174
04/30/2009,TOL,OH,AGL,CE,Combined TRACON& Tower with Radar,44,21,28,15,108,0,1,6,0,7,44,22,34,15,115,2,0,2,117
05/01/2009,TOL,OH,AGL,CE,Combined TRACON& Tower with Radar,37,27,14,9,87,0,13,32,6,51,37,40,46,15,138,45,6,51,189
05/02/2009,TOL,OH,AGL,CE,Combined TRACON& Tower with Radar,9,14,50,3,76,0,12,96,0,108,9,26,146,3,184,16,0,16,200
05/03/2009,TOL,OH,AGL,CE,Combined TRACON& Tower with Radar,5,17,20,3,45,0,23,114,0,137,5,40,134,3,182,26,0,26,208
05/04/2009,TOL,OH,AGL,CE,Combined TRACON& Tower with Radar,0,22,47,14,83,0,6,101,6,113,0,28,148,20,196,47,0,47,243
05/05/2009,TOL,OH,AGL,CE,Combined TRACON& Tower with Radar,36,19,40,16,111,0,1,68,4,73,36,20,108,20,184,40,8,48,232
05/06/2009,TOL,OH,AGL,CE,Combined TRACON& Tower with Radar,38,24,34,5,101,0,6,27,0,33,38,30,61,5,134,12,8,20,154
05/07/2009,TOL,OH,AGL,CE,Combined TRACON& Tower with Radar,40,20,41,8,109,0,3,10,0,13,40,23,51,8,122,2,0,2,124
05/08/2009,TOL,OH,AGL,CE,Combined TRACON& Tower with Radar,41,19,24,1,85,0,6,44,7,57,41,25,68,8,142,14,2,16,158
05/09/2009,TOL,OH,AGL,CE,Combined TRACON& Tower with Radar,6,12,9,0,27,0,10,16,2,28,6,22,25,2,55,0,0,0,55
05/10/2009,TOL,OH,AGL,CE,Combined TRACON& Tower with Radar,6,20,15,1,42,0,12,57,0,69,6,32,72,1,111,18,0,18,129
05/11/2009,TOL,OH,AGL,CE,Combined TRACON& Tower with Radar,1,29,25,28,83,0,12,59,10,81,1,41,84,38,164,22,18,40,204
05/12/2009,TOL,OH,AGL,CE,Combined TRACON& Tower with Radar,39,25,43,14,121,0,18,134,5,157,39,43,177,19,278,41,7,48,326
05/13/2009,TOL,OH,AGL,CE,Combined TRACON& Tower with Radar,35,18,21,12,86,0,9,12,0,21,35,27,33,12,107,0,0,0,107
05/14/2009,TOL,OH,AGL,CE,Combined TRACON& Tower with Radar,43,16,21,19,99,0,10,24,4,38,43,26,45,23,137,7,12,19,156
05/15/2009,TOL,OH,AGL,CE,Combined TRACON& Tower with Radar,40,26,21,6,93,0,0,81,5,86,40,26,102,11,179,0,10,10,189
05/16/2009,TOL,OH,AGL,CE,Combined TRACON& Tower with Radar,6,14,18,34,72,0,3,31,9,43,6,17,49,43,115,2,0,2,117
05/17/2009,TOL,OH,AGL,CE,Combined TRACON& Tower with Radar,6,27,19,36,88,0,7,100,8,115,6,34,119,44,203,18,10,28,231
05/18/2009,TOL,OH,AGL,CE,Combined TRACON& Tower with Radar,2,19,41,7,69,0,5,76,16,97,2,24,117,23,166,49,15,64,230
05/19/2009,TOL,OH,AGL,CE,Combined TRACON& Tower with Radar,37,18,42,27,124,0,15,85,0,100,37,33,127,27,224,24,16,40,264
05/20/2009,TOL,OH,AGL,CE,Combined TRACON& Tower with Radar,37,19,28,28,112,0,13,104,4,121,37,32,132,32,233,24,10,34,267
05/21/2009,TOL,OH,AGL,CE,Combined TRACON& Tower with Radar,43,19,52,24,138,0,9,100,11,120,43,28,152,35,258,53,10,63,321
05/22/2009,TOL,OH,AGL,CE,Combined TRACON& Tower with Radar,39,18,40,0,97,0,7,105,0,112,39,25,145,0,209,34,0,34,243
05/23/2009,TOL,OH,AGL,CE,Combined TRACON& Tower with Radar,4,14,7,5,30,0,9,81,2,92,4,23,88,7,122,8,0,8,130
05/24/2009,TOL,OH,AGL,CE,Combined TRACON& Tower with Radar,6,21,9,0,36,0,13,93,0,106,6,34,102,0,142,2,0,2,144
05/25/2009,TOL,OH,AGL,CE,Combined TRACON& Tower with Radar,2,25,28,10,65,0,4,91,8,103,2,29,119,18,168,28,0,28,196
05/26/2009,TOL,OH,AGL,CE,Combined TRACON& Tower with Radar,3,25,62,10,100,0,3,16,0,19,3,28,78,10,119,33,0,33,152
05/27/2009,TOL,OH,AGL,CE,Combined TRACON& Tower with Radar,38,26,41,2,107,0,3,27,0,30,38,29,68,2,137,42,0,42,179
05/28/2009,TOL,OH,AGL,CE,Combined TRACON& Tower with Radar,42,30,64,13,149,0,3,5,0,8,42,33,69,13,157,36,2,38,195
05/29/2009,TOL,OH,AGL,CE,Combined TRACON& Tower with Radar,38,21,41,0,100,0,5,114,1,120,38,26,155,1,220,30,0,30,250
05/30/2009,TOL,OH,AGL,CE,Combined TRACON& Tower with Radar,7,17,44,2,70,0,5,71,5,81,7,22,115,7,151,14,0,14,165
05/31/2009,TOL,OH,AGL,CE,Combined TRACON& Tower with Radar,6,22,23,0,51,0,6,38,0,44,6,28,61,0,95,20,0,20,115
06/01/2009,TOL,OH,AGL,CE,Combined TRACON& Tower with Radar,3,18,26,25,72,0,7,33,0,40,3,25,59,25,112,22,11,33,145
06/02/2009,TOL,OH,AGL,CE,Combined TRACON& Tower with Radar,40,18,46,10,114,0,8,21,0,29,40,26,67,10,143,11,0,11,154
06/03/2009,TOL,OH,AGL,CE,Combined TRACON& Tower with Radar,37,18,24,7,86,0,15,58,0,73,37,33,82,7,159,20,0,20,179
06/04/2009,TOL,OH,AGL,CE,Combined TRACON& Tower with Radar,49,23,38,7,117,0,15,91,8,114,49,38,129,15,231,10,8,18,249
06/05/2009,TOL,OH,AGL,CE,Combined TRACON& Tower with Radar,36,19,29,1,85,0,24,136,4,164,36,43,165,5,249,20,4,24,273
06/06/2009,TOL,OH,AGL,CE,Combined TRACON& Tower with Radar,11,15,21,0,47,0,22,134,0,156,11,37,155,0,203,18,0,18,221
06/07/2009,TOL,OH,AGL,CE,Combined TRACON& Tower with Radar,4,23,8,0,35,0,16,50,0,66,4,39,58,0,101,0,0,0,101
06/08/2009,TOL,OH,AGL,CE,Combined TRACON& Tower with Radar,1,28,31,2,62,0,19,30,0,49,1,47,61,2,111,4,0,4,115
06/09/2009,TOL,OH,AGL,CE,Combined TRACON& Tower with Radar,51,23,51,13,138,0,5,56,10,71,51,28,107,23,209,14,22,36,245
06/10/2009,TOL,OH,AGL,CE,Combined TRACON& Tower with Radar,44,26,34,8,112,0,4,44,0,48,44,30,78,8,160,6,6,12,172
06/11/2009,TOL,OH,AGL,CE,Combined TRACON& Tower with Radar,48,25,43,8,124,0,1,3,0,4,48,26,46,8,128,19,0,19,147
06/12/2009,TOL,OH,AGL,CE,Combined TRACON& Tower with Radar,45,23,23,0,91,0,21,109,0,130,45,44,132,0,221,38,0,38,259
06/13/2009,TOL,OH,AGL,CE,Combined TRACON& Tower with Radar,8,17,35,12,72,0,19,73,15,107,8,36,108,27,179,8,22,30,209
06/14/2009,TOL,OH,AGL,CE,Combined TRACON& Tower with Radar,7,26,36,6,75,0,9,97,10,116,7,35,133,16,191,18,8,26,217
06/15/2009,TOL,OH,AGL,CE,Combined TRACON& Tower with Radar,1,22,48,20,91,0,14,75,0,89,1,36,123,20,180,7,8,15,195
06/16/2009,TOL,OH,AGL,CE,Combined TRACON& Tower with Radar,52,20,71,27,170,0,6,92,0,98,52,26,163,27,268,49,6,55,323
06/17/2009,TOL,OH,AGL,CE,Combined TRACON& Tower with Radar,41,21,66,5,133,0,9,15,0,24,41,30,81,5,157,8,4,12,169
06/18/2009,TOL,OH,AGL,CE,Combined TRACON& Tower with Radar,52,23,37,12,124,0,14,70,0,84,52,37,107,12,208,44,6,50,258
06/19/2009,TOL,OH,AGL,CE,Combined TRACON& Tower with Radar,44,18,31,0,93,0,9,34,0,43,44,27,65,0,136,0,0,0,136
06/20/2009,TOL,OH,AGL,CE,Combined TRACON& Tower with Radar,8,15,28,1,52,0,18,57,1,76,8,33,85,2,128,14,0,14,142
06/21/2009,TOL,OH,AGL,CE,Combined TRACON& Tower with Radar,6,23,11,0,40,0,10,102,1,113,6,33,113,1,153,12,0,12,165
06/22/2009,TOL,OH,AGL,CE,Combined TRACON& Tower with Radar,2,24,46,1,73,0,22,65,0,87,2,46,111,1,160,12,8,20,180
06/23/2009,TOL,OH,AGL,CE,Combined TRACON& Tower with Radar,45,29,36,10,120,0,30,97,8,135,45,59,133,18,255,20,13,33,288
06/24/2009,TOL,OH,AGL,CE,Combined TRACON& Tower with Radar,42,27,42,15,126,0,21,125,2,148,42,48,167,17,274,48,10,58,332
06/25/2009,TOL,OH,AGL,CE,Combined TRACON& Tower with Radar,49,20,44,13,126,0,6,39,0,45,49,26,83,13,171,16,4,20,191
06/26/2009,TOL,OH,AGL,CE,Combined TRACON& Tower with Radar,42,22,21,4,89,0,23,109,4,136,42,45,130,8,225,8,4,12,237
06/27/2009,TOL,OH,AGL,CE,Combined TRACON& Tower with Radar,4,16,30,0,50,0,24,137,0,161,4,40,167,0,211,30,0,30,241
06/28/2009,TOL,OH,AGL,CE,Combined TRACON& Tower with Radar,7,19,16,0,42,0,5,47,0,52,7,24,63,0,94,0,0,0,94
06/29/2009,TOL,OH,AGL,CE,Combined TRACON& Tower with Radar,4,20,19,14,57,0,5,68,4,77,4,25,87,18,134,0,6,6,140
06/30/2009,TOL,OH,AGL,CE,Combined TRACON& Tower with Radar,47,18,67,15,147,0,9,45,0,54,47,27,112,15,201,46,0,46,247
07/01/2009,TOL,OH,AGL,CE,Combined TRACON& Tower with Radar,44,19,42,10,115,0,4,39,0,43,44,23,81,10,158,24,0,24,182
07/02/2009,TOL,OH,AGL,CE,Combined TRACON& Tower with Radar,48,22,58,0,128,0,3,22,0,25,48,25,80,0,153,23,0,23,176
07/03/2009,TOL,OH,AGL,CE,Combined TRACON& Tower with Radar,2,17,20,0,39,0,13,94,4,111,2,30,114,4,150,10,0,10,160
07/04/2009,TOL,OH,AGL,CE,Combined TRACON& Tower with Radar,0,10,13,0,23,0,12,68,2,82,0,22,81,2,105,0,0,0,105
07/05/2009,TOL,OH,AGL,CE,Combined TRACON& Tower with Radar,5,24,34,0,63,0,8,72,2,82,5,32,106,2,145,24,0,24,169
07/06/2009,TOL,OH,AGL,CE,Combined TRACON& Tower with Radar,2,19,46,12,79,0,12,73,8,93,2,31,119,20,172,32,0,32,204
07/07/2009,TOL,OH,AGL,CE,Combined TRACON& Tower with Radar,45,20,35,14,114,0,15,105,0,120,45,35,140,14,234,16,6,22,256
07/08/2009,TOL,OH,AGL,CE,Combined TRACON& Tower with Radar,46,22,45,13,126,0,18,114,1,133,46,40,159,14,259,22,2,24,283
07/09/2009,TOL,OH,AGL,CE,Combined TRACON& Tower with Radar,48,18,31,1,98,0,10,75,2,87,48,28,106,3,185,14,0,14,199
07/10/2009,TOL,OH,AGL,CE,Combined TRACON& Tower with Radar,43,20,36,5,104,0,19,77,0,96,43,39,113,5,200,16,0,16,216
07/11/2009,TOL,OH,AGL,CE,Combined TRACON& Tower with Radar,6,16,16,5,43,0,13,50,0,63,6,29,66,5,106,5,5,10,116
07/12/2009,TOL,OH,AGL,CE,Combined TRACON& Tower with Radar,6,18,28,7,59,0,13,108,11,132,6,31,136,18,191,22,4,26,217
07/13/2009,TOL,OH,AGL,CE,Combined TRACON& Tower with Radar,6,25,33,3,67,0,8,93,2,103,6,33,126,5,170,14,0,14,184
07/14/2009,TOL,OH,AGL,CE,Combined TRACON& Tower with Radar,45,21,58,9,133,0,29,79,5,113,45,50,137,14,246,46,2,48,294
07/15/2009,TOL,OH,AGL,CE,Combined TRACON& Tower with Radar,41,24,70,5,140,0,10,29,1,40,41,34,99,6,180,32,4,36,216
07/16/2009,TOL,OH,AGL,CE,Combined TRACON& Tower with Radar,53,21,51,6,131,0,8,82,0,90,53,29,133,6,221,14,2,16,237
07/17/2009,TOL,OH,AGL,CE,Combined TRACON& Tower with Radar,41,25,26,9,101,0,16,41,2,59,41,41,67,11,160,8,4,12,172
07/18/2009,TOL,OH,AGL,CE,Combined TRACON& Tower with Radar,8,15,23,1,47,0,17,65,0,82,8,32,88,1,129,16,0,16,145
07/19/2009,TOL,OH,AGL,CE,Combined TRACON& Tower with Radar,5,25,21,2,53,0,13,57,0,70,5,38,78,2,123,18,0,18,141
07/20/2009,TOL,OH,AGL,CE,Combined TRACON& Tower with Radar,4,19,42,6,71,0,11,74,1,86,4,30,116,7,157,12,0,12,169
07/21/2009,TOL,OH,AGL,CE,Combined TRACON& Tower with Radar,45,26,54,12,137,0,3,91,9,103,45,29,145,21,240,47,2,49,289
07/22/2009,TOL,OH,AGL,CE,Combined TRACON& Tower with Radar,42,23,48,21,134,0,12,29,3,44,42,35,77,24,178,18,10,28,206
07/23/2009,TOL,OH,AGL,CE,Combined TRACON& Tower with Radar,49,23,50,3,125,0,5,47,0,52,49,28,97,3,177,6,0,6,183
07/24/2009,TOL,OH,AGL,CE,Combined TRACON& Tower with Radar,43,24,36,0,103,0,17,128,0,145,43,41,164,0,248,4,0,4,252
07/25/2009,TOL,OH,AGL,CE,Combined TRACON& Tower with Radar,11,15,11,3,40,0,13,37,1,51,11,28,48,4,91,10,0,10,101
07/26/2009,TOL,OH,AGL,CE,Combined TRACON& Tower with Radar,7,22,34,1,64,0,9,68,0,77,7,31,102,1,141,24,0,24,165
07/27/2009,TOL,OH,AGL,CE,Combined TRACON& Tower with Radar,5,23,44,10,82,0,10,89,0,99,5,33,133,10,181,28,6,34,215
07/28/2009,TOL,OH,AGL,CE,Combined TRACON& Tower with Radar,44,23,35,16,118,0,9,51,5,65,44,32,86,21,183,18,0,18,201
07/29/2009,TOL,OH,AGL,CE,Combined TRACON& Tower with Radar,47,31,47,16,141,0,6,40,0,46,47,37,87,16,187,28,0,28,215
07/30/2009,TOL,OH,AGL,CE,Combined TRACON& Tower with Radar,44,19,63,18,144,0,5,101,10,116,44,24,164,28,260,20,8,28,288
07/31/2009,TOL,OH,AGL,CE,Combined TRACON& Tower with Radar,39,21,46,2,108,0,5,20,1,26,39,26,66,3,134,14,2,16,150
08/01/2009,TOL,OH,AGL,CE,Combined TRACON& Tower with Radar,7,13,20,3,43,0,5,54,1,60,7,18,74,4,103,2,6,8,111
08/02/2009,TOL,OH,AGL,CE,Combined TRACON& Tower with Radar,4,24,18,1,47,0,8,98,0,106,4,32,116,1,153,18,0,18,171
08/03/2009,TOL,OH,AGL,CE,Combined TRACON& Tower with Radar,4,17,31,0,52,0,21,57,0,78,4,38,88,0,130,17,0,17,147
08/04/2009,TOL,OH,AGL,CE,Combined TRACON& Tower with Radar,44,21,48,1,114,0,22,59,9,90,44,43,107,10,204,52,4,56,260
08/05/2009,TOL,OH,AGL,CE,Combined TRACON& Tower with Radar,43,19,38,0,100,0,9,101,0,110,43,28,139,0,210,18,0,18,228
08/06/2009,TOL,OH,AGL,CE,Combined TRACON& Tower with Radar,47,28,28,0,103,0,10,105,0,115,47,38,133,0,218,12,0,12,230
08/07/2009,TOL,OH,AGL,CE,Combined TRACON& Tower with Radar,39,25,32,25,121,0,14,112,0,126,39,39,144,25,247,24,0,24,271
08/08/2009,TOL,OH,AGL,CE,Combined TRACON& Tower with Radar,6,12,18,30,66,0,4,27,0,31,6,16,45,30,97,10,4,14,111
08/09/2009,TOL,OH,AGL,CE,Combined TRACON& Tower with Radar,6,19,24,0,49,0,15,50,0,65,6,34,74,0,114,4,0,4,118
08/10/2009,TOL,OH,AGL,CE,Combined TRACON& Tower with Radar,4,22,28,0,54,0,9,28,0,37,4,31,56,0,91,8,0,8,99
08/11/2009,TOL,OH,AGL,CE,Combined TRACON& Tower with Radar,43,25,39,11,118,0,4,51,0,55,43,29,90,11,173,10,0,10,183
08/12/2009,TOL,OH,AGL,CE,Combined TRACON& Tower with Radar,41,21,34,8,104,0,14,69,8,91,41,35,103,16,195,30,8,38,233
08/13/2009,TOL,OH,AGL,CE,Combined TRACON& Tower with Radar,45,28,49,13,135,0,13,112,8,133,45,41,161,21,268,58,19,77,345
08/14/2009,TOL,OH,AGL,CE,Combined TRACON& Tower with Radar,38,34,36,1,109,0,19,98,0,117,38,53,134,1,226,20,2,22,248
08/15/2009,TOL,OH,AGL,CE,Combined TRACON& Tower with Radar,5,14,23,0,42,0,8,89,1,98,5,22,112,1,140,28,0,28,168
08/16/2009,TOL,OH,AGL,CE,Combined TRACON& Tower with Radar,8,26,38,1,73,0,17,84,0,101,8,43,122,1,174,50,0,50,224
08/17/2009,TOL,OH,AGL,CE,Combined TRACON& Tower with Radar,1,22,23,7,53,0,4,33,0,37,1,26,56,7,90,2,4,6,96
08/18/2009,TOL,OH,AGL,CE,Combined TRACON& Tower with Radar,48,21,42,27,138,0,6,62,0,68,48,27,104,27,206,35,4,39,245
08/19/2009,TOL,OH,AGL,CE,Combined TRACON& Tower with Radar,49,22,38,7,116,0,17,60,1,78,49,39,98,8,194,6,0,6,200
08/20/2009,TOL,OH,AGL,CE,Combined TRACON& Tower with Radar,51,19,41,5,116,0,15,27,0,42,51,34,68,5,158,8,0,8,166
08/21/2009,TOL,OH,AGL,CE,Combined TRACON& Tower with Radar,43,18,33,0,94,0,21,52,3,76,43,39,85,3,170,6,0,6,176
08/22/2009,TOL,OH,AGL,CE,Combined TRACON& Tower with Radar,8,14,34,3,59,0,10,25,3,38,8,24,59,6,97,6,0,6,103
08/23/2009,TOL,OH,AGL,CE,Combined TRACON& Tower with Radar,8,20,23,6,57,1,10,52,0,63,9,30,75,6,120,14,7,21,141
08/24/2009,TOL,OH,AGL,CE,Combined TRACON& Tower with Radar,0,22,26,12,60,0,7,79,8,94,0,29,105,20,154,17,25,42,196
08/25/2009,TOL,OH,AGL,CE,Combined TRACON& Tower with Radar,43,25,44,9,121,0,1,97,1,99,43,26,141,10,220,45,2,47,267
08/26/2009,TOL,OH,AGL,CE,Combined TRACON& Tower with Radar,45,22,56,24,147,0,2,12,1,15,45,24,68,25,162,23,2,25,187
08/27/2009,TOL,OH,AGL,CE,Combined TRACON& Tower with Radar,49,20,45,10,124,0,10,40,0,50,49,30,85,10,174,24,6,30,204
08/28/2009,TOL,OH,AGL,CE,Combined TRACON& Tower with Radar,42,20,30,2,94,0,0,1,0,1,42,20,31,2,95,23,0,23,118
08/29/2009,TOL,OH,AGL,CE,Combined TRACON& Tower with Radar,7,15,30,0,52,0,11,40,0,51,7,26,70,0,103,8,0,8,111
08/30/2009,TOL,OH,AGL,CE,Combined TRACON& Tower with Radar,1,16,19,4,40,0,4,33,0,37,1,20,52,4,77,14,0,14,91
08/31/2009,TOL,OH,AGL,CE,Combined TRACON& Tower with Radar,4,22,39,10,75,0,1,14,0,15,4,23,53,10,90,9,0,9,99
09/01/2009,TOL,OH,AGL,CE,Combined TRACON& Tower with Radar,49,24,30,10,113,0,6,108,2,116,49,30,138,12,229,11,5,16,245
09/02/2009,TOL,OH,AGL,CE,Combined TRACON& Tower with Radar,47,19,40,14,120,0,4,129,2,135,47,23,169,16,255,14,4,18,273
09/03/2009,TOL,OH,AGL,CE,Combined TRACON& Tower with Radar,44,24,28,18,114,0,9,83,7,99,44,33,111,25,213,6,16,22,235
09/04/2009,TOL,OH,AGL,CE,Combined TRACON& Tower with Radar,47,19,44,2,112,0,9,102,0,111,47,28,146,2,223,26,12,38,261
09/05/2009,TOL,OH,AGL,CE,Combined TRACON& Tower with Radar,4,12,25,0,41,0,23,122,0,145,4,35,147,0,186,27,0,27,213
09/06/2009,TOL,OH,AGL,CE,Combined TRACON& Tower with Radar,2,13,30,6,51,0,18,95,0,113,2,31,125,6,164,15,20,35,199
09/07/2009,TOL,OH,AGL,CE,Combined TRACON& Tower with Radar,1,24,13,0,38,0,8,18,0,26,1,32,31,0,64,4,0,4,68
09/08/2009,TOL,OH,AGL,CE,Combined TRACON& Tower with Radar,7,19,39,8,73,0,0,15,0,15,7,19,54,8,88,6,0,6,94
09/09/2009,TOL,OH,AGL,CE,Combined TRACON& Tower with Radar,47,18,56,16,137,0,2,51,0,53,47,20,107,16,190,39,8,47,237
09/10/2009,TOL,OH,AGL,CE,Combined TRACON& Tower with Radar,42,24,36,8,110,0,8,71,8,87,42,32,107,16,197,4,16,20,217
09/11/2009,TOL,OH,AGL,CE,Combined TRACON& Tower with Radar,48,26,31,3,108,0,21,93,0,114,48,47,124,3,222,16,2,18,240
09/12/2009,TOL,OH,AGL,CE,Combined TRACON& Tower with Radar,7,13,18,1,39,0,23,105,1,129,7,36,123,2,168,22,0,22,190
09/13/2009,TOL,OH,AGL,CE,Combined TRACON& Tower with Radar,9,23,17,0,49,0,21,85,0,106,9,44,102,0,155,28,0,28,183
09/14/2009,TOL,OH,AGL,CE,Combined TRACON& Tower with Radar,2,22,32,16,72,0,8,143,4,155,2,30,175,20,227,43,22,65,292
09/15/2009,TOL,OH,AGL,CE,Combined TRACON& Tower with Radar,47,17,40,14,118,0,17,82,2,101,47,34,122,16,219,30,0,30,249
09/16/2009,TOL,OH,AGL,CE,Combined TRACON& Tower with Radar,49,26,43,10,128,0,5,56,0,61,49,31,99,10,189,17,12,29,218
09/17/2009,TOL,OH,AGL,CE,Combined TRACON& Tower with Radar,41,36,34,18,129,0,21,55,5,81,41,57,89,23,210,59,16,75,285
09/18/2009,TOL,OH,AGL,CE,Combined TRACON& Tower with Radar,46,20,50,2,118,0,16,106,0,122,46,36,156,2,240,16,8,24,264
09/19/2009,TOL,OH,AGL,CE,Combined TRACON& Tower with Radar,7,17,16,17,57,0,21,91,0,112,7,38,107,17,169,2,0,2,171
09/20/2009,TOL,OH,AGL,CE,Combined TRACON& Tower with Radar,3,19,19,2,43,0,12,72,12,96,3,31,91,14,139,12,15,27,166
09/21/2009,TOL,OH,AGL,CE,Combined TRACON& Tower with Radar,3,23,37,11,74,0,21,23,0,44,3,44,60,11,118,4,0,4,122
09/22/2009,TOL,OH,AGL,CE,Combined TRACON& Tower with Radar,51,18,39,10,118,0,10,17,0,27,51,28,56,10,145,43,8,51,196
09/23/2009,TOL,OH,AGL,CE,Combined TRACON& Tower with Radar,46,21,53,16,136,0,7,44,2,53,46,28,97,18,189,26,20,46,235
09/24/2009,TOL,OH,AGL,CE,Combined TRACON& Tower with Radar,50,22,57,18,147,0,3,62,0,65,50,25,119,18,212,48,0,48,260
09/25/2009,TOL,OH,AGL,CE,Combined TRACON& Tower with Radar,49,19,29,1,98,0,10,57,0,67,49,29,86,1,165,26,0,26,191
09/26/2009,TOL,OH,AGL,CE,Combined TRACON& Tower with Radar,9,11,29,0,49,0,6,19,0,25,9,17,48,0,74,2,0,2,76
09/27/2009,TOL,OH,AGL,CE,Combined TRACON& Tower with Radar,5,21,41,0,67,0,13,46,0,59,5,34,87,0,126,38,0,38,164
09/28/2009,TOL,OH,AGL,CE,Combined TRACON& Tower with Radar,1,25,24,6,56,0,10,16,0,26,1,35,40,6,82,2,0,2,84
09/29/2009,TOL,OH,AGL,CE,Combined TRACON& Tower with Radar,48,22,34,13,117,0,8,10,0,18,48,30,44,13,135,4,0,4,139
09/30/2009,TOL,OH,AGL,CE,Combined TRACON& Tower with Radar,43,25,44,15,127,0,11,71,10,92,43,36,115,25,219,34,0,34,253
10/01/2009,TOL,OH,AGL,CE,Combined TRACON& Tower with Radar,46,15,63,1,125,0,17,127,3,147,46,32,190,4,272,32,2,34,306
10/02/2009,TOL,OH,AGL,CE,Combined TRACON& Tower with Radar,44,21,19,0,84,0,5,12,0,17,44,26,31,0,101,6,0,6,107
10/03/2009,TOL,OH,AGL,CE,Combined TRACON& Tower with Radar,10,13,25,0,48,0,19,43,0,62,10,32,68,0,110,32,0,32,142
10/04/2009,TOL,OH,AGL,CE,Combined TRACON& Tower with Radar,2,25,19,0,46,0,25,39,0,64,2,50,58,0,110,12,0,12,122
10/05/2009,TOL,OH,AGL,CE,Combined TRACON& Tower with Radar,2,18,54,11,85,0,8,74,0,82,2,26,128,11,167,40,0,40,207
10/06/2009,TOL,OH,AGL,CE,Combined TRACON& Tower with Radar,45,30,25,17,117,0,12,57,0,69,45,42,82,17,186,28,0,28,214
10/07/2009,TOL,OH,AGL,CE,Combined TRACON& Tower with Radar,43,20,39,20,122,0,3,56,0,59,43,23,95,20,181,78,10,88,269
10/08/2009,TOL,OH,AGL,CE,Combined TRACON& Tower with Radar,47,19,43,4,113,0,6,43,1,50,47,25,86,5,163,24,0,24,187
10/09/2009,TOL,OH,AGL,CE,Combined TRACON& Tower with Radar,43,22,28,4,97,0,0,3,0,3,43,22,31,4,100,0,0,0,100
10/10/2009,TOL,OH,AGL,CE,Combined TRACON& Tower with Radar,5,13,30,0,48,0,7,66,0,73,5,20,96,0,121,0,0,0,121
10/11/2009,TOL,OH,AGL,CE,Combined TRACON& Tower with Radar,4,17,20,0,41,0,10,89,0,99,4,27,109,0,140,31,0,31,171
10/12/2009,TOL,OH,AGL,CE,Combined TRACON& Tower with Radar,5,17,31,1,54,0,13,48,0,61,5,30,79,1,115,10,0,10,125
10/13/2009,TOL,OH,AGL,CE,Combined TRACON& Tower with Radar,45,17,35,5,102,0,12,47,0,59,45,29,82,5,161,28,10,38,199
10/14/2009,TOL,OH,AGL,CE,Combined TRACON& Tower with Radar,50,19,23,3,95,0,10,19,0,29,50,29,42,3,124,10,0,10,134
10/15/2009,TOL,OH,AGL,CE,Combined TRACON& Tower with Radar,49,23,32,0,104,0,4,11,0,15,49,27,43,0,119,30,0,30,149
10/16/2009,TOL,OH,AGL,CE,Combined TRACON& Tower with Radar,48,22,42,23,135,0,4,18,0,22,48,26,60,23,157,34,9,43,200
10/17/2009,TOL,OH,AGL,CE,Combined TRACON& Tower with Radar,8,20,33,41,102,0,13,72,0,85,8,33,105,41,187,34,0,34,221
10/18/2009,TOL,OH,AGL,CE,Combined TRACON& Tower with Radar,6,20,28,4,58,0,21,128,0,149,6,41,156,4,207,27,0,27,234
10/19/2009,TOL,OH,AGL,CE,Combined TRACON& Tower with Radar,2,18,48,2,70,0,7,96,4,107,2,25,144,6,177,44,8,52,229
10/20/2009,TOL,OH,AGL,CE,Combined TRACON& Tower with Radar,50,20,40,12,122,0,12,56,6,74,50,32,96,18,196,21,0,21,217
10/21/2009,TOL,OH,AGL,CE,Combined TRACON& Tower with Radar,41,22,59,11,133,0,8,89,8,105,41,30,148,19,238,28,10,38,276
10/22/2009,TOL,OH,AGL,CE,Combined TRACON& Tower with Radar,47,23,45,14,129,0,14,47,0,61,47,37,92,14,190,39,6,45,235
10/23/2009,TOL,OH,AGL,CE,Combined TRACON& Tower with Radar,42,19,10,2,73,0,3,5,0,8,42,22,15,2,81,0,0,0,81
10/24/2009,TOL,OH,AGL,CE,Combined TRACON& Tower with Radar,8,19,11,13,51,0,14,17,0,31,8,33,28,13,82,0,2,2,84
10/25/2009,TOL,OH,AGL,CE,Combined TRACON& Tower with Radar,6,17,13,1,37,0,12,114,0,126,6,29,127,1,163,54,0,54,217
10/26/2009,TOL,OH,AGL,CE,Combined TRACON& Tower with Radar,0,19,41,11,71,0,19,94,2,115,0,38,135,13,186,10,18,28,214
10/27/2009,TOL,OH,AGL,CE,Combined TRACON& Tower with Radar,42,21,34,26,123,0,10,41,2,53,42,31,75,28,176,12,2,14,190
10/28/2009,TOL,OH,AGL,CE,Combined TRACON& Tower with Radar,47,16,31,10,104,0,2,36,5,43,47,18,67,15,147,43,3,46,193
10/29/2009,TOL,OH,AGL,CE,Combined TRACON& Tower with Radar,43,31,64,15,153,0,6,53,2,61,43,37,117,17,214,26,4,30,244
10/30/2009,TOL,OH,AGL,CE,Combined TRACON& Tower with Radar,46,24,23,0,93,0,11,26,0,37,46,35,49,0,130,20,0,20,150
10/31/2009,TOL,OH,AGL,CE,Combined TRACON& Tower with Radar,8,11,26,0,45,0,2,13,0,15,8,13,39,0,60,8,0,8,68
11/01/2009,TOL,OH,AGL,CE,Combined TRACON& Tower with Radar,5,13,22,0,40,0,13,107,0,120,5,26,129,0,160,21,0,21,181
11/02/2009,TOL,OH,AGL,CE,Combined TRACON& Tower with Radar,2,25,26,10,63,0,23,70,0,93,2,48,96,10,156,12,20,32,188
11/03/2009,TOL,OH,AGL,CE,Combined TRACON& Tower with Radar,44,17,38,8,107,0,18,84,0,102,44,35,122,8,209,45,12,57,266
11/04/2009,TOL,OH,AGL,CE,Combined TRACON& Tower with Radar,45,26,39,22,132,0,16,39,5,60,45,42,78,27,192,23,49,72,264
11/05/2009,TOL,OH,AGL,CE,Combined TRACON& Tower with Radar,49,20,18,13,100,0,4,16,0,20,49,24,34,13,120,2,8,10,130
11/06/2009,TOL,OH,AGL,CE,Combined TRACON& Tower with Radar,48,16,29,3,96,0,16,113,0,129,48,32,142,3,225,46,0,46,271
11/07/2009,TOL,OH,AGL,CE,Combined TRACON& Tower with Radar,6,16,33,22,77,0,26,88,32,146,6,42,121,54,223,6,42,48,271
11/08/2009,TOL,OH,AGL,CE,Combined TRACON& Tower with Radar,8,16,32,6,62,0,10,89,6,105,8,26,121,12,167,4,9,13,180
11/09/2009,TOL,OH,AGL,CE,Combined TRACON& Tower with Radar,3,16,41,16,76,0,8,55,6,69,3,24,96,22,145,12,25,37,182
11/10/2009,TOL,OH,AGL,CE,Combined TRACON& Tower with Radar,48,21,42,9,120,0,0,27,3,30,48,21,69,12,150,28,14,42,192
11/11/2009,TOL,OH,AGL,CE,Combined TRACON& Tower with Radar,46,17,46,6,115,0,16,85,10,111,46,33,131,16,226,34,4,38,264
11/12/2009,TOL,OH,AGL,CE,Combined TRACON& Tower with Radar,47,24,29,0,100,0,16,62,0,78,47,40,91,0,178,24,0,24,202
11/13/2009,TOL,OH,AGL,CE,Combined TRACON& Tower with Radar,49,15,35,0,99,0,16,78,0,94,49,31,113,0,193,27,0,27,220
11/14/2009,TOL,OH,AGL,CE,Combined TRACON& Tower with Radar,14,10,26,0,50,0,11,138,0,149,14,21,164,0,199,40,0,40,239
11/15/2009,TOL,OH,AGL,CE,Combined TRACON& Tower with Radar,9,14,22,0,45,0,22,43,1,66,9,36,65,1,111,34,0,34,145
11/16/2009,TOL,OH,AGL,CE,Combined TRACON& Tower with Radar,5,15,56,10,86,0,16,44,0,60,5,31,100,10,146,42,34,76,222
11/17/2009,TOL,OH,AGL,CE,Combined TRACON& Tower with Radar,42,19,55,13,129,0,20,50,9,79,42,39,105,22,208,20,12,32,240
11/18/2009,TOL,OH,AGL,CE,Combined TRACON& Tower with Radar,49,15,46,25,135,0,3,20,0,23,49,18,66,25,158,8,12,20,178
11/19/2009,TOL,OH,AGL,CE,Combined TRACON& Tower with Radar,51,21,29,6,107,0,34,41,0,75,51,55,70,6,182,10,0,10,192
11/20/2009,TOL,OH,AGL,CE,Combined TRACON& Tower with Radar,48,27,36,0,111,0,4,28,0,32,48,31,64,0,143,12,0,12,155
11/21/2009,TOL,OH,AGL,CE,Combined TRACON& Tower with Radar,9,9,15,0,33,0,18,129,0,147,9,27,144,0,180,44,0,44,224
11/22/2009,TOL,OH,AGL,CE,Combined TRACON& Tower with Radar,12,30,28,0,70,0,6,46,0,52,12,36,74,0,122,5,0,5,127
11/23/2009,TOL,OH,AGL,CE,Combined TRACON& Tower with Radar,3,20,40,14,77,0,24,42,4,70,3,44,82,18,147,62,8,70,217
11/24/2009,TOL,OH,AGL,CE,Combined TRACON& Tower with Radar,46,23,33,20,122,0,11,25,0,36,46,34,58,20,158,50,10,60,218
11/25/2009,TOL,OH,AGL,CE,Combined TRACON& Tower with Radar,46,16,21,12,95,0,2,9,0,11,46,18,30,12,106,4,6,10,116
11/26/2009,TOL,OH,AGL,CE,Combined TRACON& Tower with Radar,39,16,5,0,60,0,8,14,0,22,39,24,19,0,82,0,0,0,82
11/27/2009,TOL,OH,AGL,CE,Combined TRACON& Tower with Radar,5,12,12,0,29,0,0,19,0,19,5,12,31,0,48,12,0,12,60
11/28/2009,TOL,OH,AGL,CE,Combined TRACON& Tower with Radar,4,17,49,0,70,0,14,118,0,132,4,31,167,0,202,70,0,70,272
11/29/2009,TOL,OH,AGL,CE,Combined TRACON& Tower with Radar,4,23,28,0,55,0,6,20,0,26,4,29,48,0,81,6,0,6,87
11/30/2009,TOL,OH,AGL,CE,Combined TRACON& Tower with Radar,1,22,45,21,89,0,14,54,1,69,1,36,99,22,158,16,21,37,195
12/01/2009,TOL,OH,AGL,CE,Combined TRACON& Tower with Radar,47,25,45,20,137,0,16,103,12,131,47,41,148,32,268,39,27,66,334
12/02/2009,TOL,OH,AGL,CE,Combined TRACON& Tower with Radar,46,18,40,4,108,0,23,50,0,73,46,41,90,4,181,18,0,18,199
12/03/2009,TOL,OH,AGL,CE,Combined TRACON& Tower with Radar,49,25,35,13,122,0,5,10,0,15,49,30,45,13,137,10,12,22,159
12/04/2009,TOL,OH,AGL,CE,Combined TRACON& Tower with Radar,49,21,36,7,113,0,13,43,0,56,49,34,79,7,169,12,20,32,201
12/05/2009,TOL,OH,AGL,CE,Combined TRACON& Tower with Radar,8,11,30,9,58,0,4,79,3,86,8,15,109,12,144,28,2,30,174
12/06/2009,TOL,OH,AGL,CE,Combined TRACON& Tower with Radar,8,16,27,2,53,0,22,88,0,110,8,38,115,2,163,22,6,28,191
12/07/2009,TOL,OH,AGL,CE,Combined TRACON& Tower with Radar,3,23,35,0,61,0,8,7,0,15,3,31,42,0,76,29,0,29,105
12/08/2009,TOL,OH,AGL,CE,Combined TRACON& Tower with Radar,44,19,36,16,115,0,4,17,0,21,44,23,53,16,136,11,2,13,149
12/09/2009,TOL,OH,AGL,CE,Combined TRACON& Tower with Radar,40,23,17,0,80,0,0,0,0,0,40,23,17,0,80,2,0,2,82
12/10/2009,TOL,OH,AGL,CE,Combined TRACON& Tower with Radar,47,16,19,16,98,0,13,13,0,26,47,29,32,16,124,30,0,30,154
12/11/2009,TOL,OH,AGL,CE,Combined TRACON& Tower with Radar,45,18,24,0,87,0,19,43,0,62,45,37,67,0,149,12,0,12,161
12/12/2009,TOL,OH,AGL,CE,Combined TRACON& Tower with Radar,9,15,25,0,49,0,3,115,4,122,9,18,140,4,171,16,0,16,187
12/13/2009,TOL,OH,AGL,CE,Combined TRACON& Tower with Radar,34,15,19,0,68,0,11,4,0,15,34,26,23,0,83,49,0,49,132
12/14/2009,TOL,OH,AGL,CE,Combined TRACON& Tower with Radar,4,13,45,10,72,0,7,4,0,11,4,20,49,10,83,30,6,36,119
12/15/2009,TOL,OH,AGL,CE,Combined TRACON& Tower with Radar,44,20,39,17,120,0,12,11,0,23,44,32,50,17,143,4,6,10,153
12/16/2009,TOL,OH,AGL,CE,Combined TRACON& Tower with Radar,48,18,37,23,126,0,10,60,15,85,48,28,97,38,211,37,15,52,263
12/17/2009,TOL,OH,AGL,CE,Combined TRACON& Tower with Radar,48,21,44,0,113,0,13,82,0,95,48,34,126,0,208,34,4,38,246
12/18/2009,TOL,OH,AGL,CE,Combined TRACON& Tower with Radar,43,26,32,0,101,0,8,67,1,76,43,34,99,1,177,4,8,12,189
12/19/2009,TOL,OH,AGL,CE,Combined TRACON& Tower with Radar,5,16,13,2,36,0,8,2,0,10,5,24,15,2,46,0,0,0,46
12/20/2009,TOL,OH,AGL,CE,Combined TRACON& Tower with Radar,8,18,17,0,43,1,11,16,0,28,9,29,33,0,71,12,0,12,83
12/21/2009,TOL,OH,AGL,CE,Combined TRACON& Tower with Radar,8,20,35,0,63,0,3,10,0,13,8,23,45,0,76,4,0,4,80
12/22/2009,TOL,OH,AGL,CE,Combined TRACON& Tower with Radar,50,15,8,0,73,0,1,5,0,6,50,16,13,0,79,0,0,0,79
12/23/2009,TOL,OH,AGL,CE,Combined TRACON& Tower with Radar,42,17,48,8,115,0,9,60,0,69,42,26,108,8,184,31,0,31,215
12/24/2009,TOL,OH,AGL,CE,Combined TRACON& Tower with Radar,52,13,6,0,71,0,14,10,0,24,52,27,16,0,95,4,0,4,99
12/25/2009,TOL,OH,AGL,CE,Combined TRACON& Tower with Radar,3,12,3,0,18,0,2,1,0,3,3,14,4,0,21,0,0,0,21
12/26/2009,TOL,OH,AGL,CE,Combined TRACON& Tower with Radar,3,12,19,0,34,0,11,31,0,42,3,23,50,0,76,0,0,0,76
12/27/2009,TOL,OH,AGL,CE,Combined TRACON& Tower with Radar,6,20,10,1,37,0,2,6,0,8,6,22,16,1,45,0,0,0,45
12/28/2009,TOL,OH,AGL,CE,Combined TRACON& Tower with Radar,4,24,9,1,38,0,4,3,0,7,4,28,12,1,45,0,0,0,45
12/29/2009,TOL,OH,AGL,CE,Combined TRACON& Tower with Radar,45,17,22,4,88,0,9,53,0,62,45,26,75,4,150,4,0,4,154
12/30/2009,TOL,OH,AGL,CE,Combined TRACON& Tower with Radar,46,15,34,6,101,0,5,61,0,66,46,20,95,6,167,23,12,35,202
12/31/2009,TOL,OH,AGL,CE,Combined TRACON& Tower with Radar,51,12,6,0,69,0,2,1,0,3,51,14,7,0,72,0,0,0,72
01/01/2010,TOL,OH,AGL,CE,Combined TRACON& Tower with Radar,4,18,4,0,26,0,4,2,0,6,4,22,6,0,32,0,0,0,32
01/02/2010,TOL,OH,AGL,CE,Combined TRACON& Tower with Radar,1,17,4,0,22,1,6,21,0,28,2,23,25,0,50,6,0,6,56
01/03/2010,TOL,OH,AGL,CE,Combined TRACON& Tower with Radar,4,19,9,0,32,0,11,18,0,29,4,30,27,0,61,0,0,0,61
01/04/2010,TOL,OH,AGL,CE,Combined TRACON& Tower with Radar,4,20,16,0,40,0,4,7,0,11,4,24,23,0,51,0,0,0,51
01/05/2010,TOL,OH,AGL,CE,Combined TRACON& Tower with Radar,39,24,15,4,82,0,12,4,0,16,39,36,19,4,98,0,0,0,98
01/06/2010,TOL,OH,AGL,CE,Combined TRACON& Tower with Radar,35,20,11,0,66,0,5,5,0,10,35,25,16,0,76,0,0,0,76
01/07/2010,TOL,OH,AGL,CE,Combined TRACON& Tower with Radar,41,18,21,0,80,0,0,8,0,8,41,18,29,0,88,0,0,0,88
01/08/2010,TOL,OH,AGL,CE,Combined TRACON& Tower with Radar,35,18,8,2,63,0,2,14,0,16,35,20,22,2,79,6,0,6,85
01/09/2010,TOL,OH,AGL,CE,Combined TRACON& Tower with Radar,6,20,33,25,84,0,10,31,4,45,6,30,64,29,129,24,4,28,157
01/10/2010,TOL,OH,AGL,CE,Combined TRACON& Tower with Radar,4,19,20,9,52,0,14,38,4,56,4,33,58,13,108,15,10,25,133
01/11/2010,TOL,OH,AGL,CE,Combined TRACON& Tower with Radar,3,22,31,2,58,0,10,9,0,19,3,32,40,2,77,4,0,4,81
01/12/2010,TOL,OH,AGL,CE,Combined TRACON& Tower with Radar,39,18,38,14,109,0,22,43,4,69,39,40,81,18,178,21,16,37,215
01/13/2010,TOL,OH,AGL,CE,Combined TRACON& Tower with Radar,35,16,46,17,114,0,20,59,18,97,35,36,105,35,211,22,22,44,255
01/14/2010,TOL,OH,AGL,CE,Combined TRACON& Tower with Radar,37,18,32,11,98,0,12,52,0,64,37,30,84,11,162,17,2,19,181
01/15/2010,TOL,OH,AGL,CE,Combined TRACON& Tower with Radar,35,14,27,0,76,0,6,10,0,16,35,20,37,0,92,8,0,8,100
01/16/2010,TOL,OH,AGL,CE,Combined TRACON& Tower with Radar,6,13,19,1,39,0,3,0,0,3,6,16,19,1,42,0,0,0,42
01/17/2010,TOL,OH,AGL,CE,Combined TRACON& Tower with Radar,7,19,6,3,35,0,0,0,0,0,7,19,6,3,35,4,0,4,39
01/18/2010,TOL,OH,AGL,CE,Combined TRACON& Tower with Radar,2,22,45,0,69,0,0,0,0,0,2,22,45,0,69,2,0,2,71
01/19/2010,TOL,OH,AGL,CE,Combined TRACON& Tower with Radar,34,15,37,12,98,0,9,18,0,27,34,24,55,12,125,12,6,18,143
01/20/2010,TOL,OH,AGL,CE,Combined TRACON& Tower with Radar,71,24,26,15,136,0,15,17,4,36,71,39,43,19,172,34,0,34,206
01/21/2010,TOL,OH,AGL,CE,Combined TRACON& Tower with Radar,42,36,44,18,140,0,21,44,16,81,42,57,88,34,221,60,25,85,306
01/22/2010,TOL,OH,AGL,CE,Combined TRACON& Tower with Radar,38,22,17,2,79,0,3,8,0,11,38,25,25,2,90,0,0,0,90
01/23/2010,TOL,OH,AGL,CE,Combined TRACON& Tower with Radar,8,7,26,3,44,0,0,3,0,3,8,7,29,3,47,6,0,6,53
01/24/2010,TOL,OH,AGL,CE,Combined TRACON& Tower with Radar,15,23,19,5,62,0,5,23,0,28,15,28,42,5,90,25,0,25,115
01/25/2010,TOL,OH,AGL,CE,Combined TRACON& Tower with Radar,38,22,22,9,91,0,2,8,0,10,38,24,30,9,101,48,0,48,149
01/26/2010,TOL,OH,AGL,CE,Combined TRACON& Tower with Radar,40,22,12,2,76,0,5,20,0,25,40,27,32,2,101,38,0,38,139
01/27/2010,TOL,OH,AGL,CE,Combined TRACON& Tower with Radar,37,25,30,4,96,0,10,51,0,61,37,35,81,4,157,12,0,12,169
01/28/2010,TOL,OH,AGL,CE,Combined TRACON& Tower with Radar,39,22,43,7,111,0,15,19,0,34,39,37,62,7,145,8,7,15,160
01/29/2010,TOL,OH,AGL,CE,Combined TRACON& Tower with Radar,38,17,45,1,101,0,7,64,0,71,38,24,109,1,172,29,0,29,201
01/30/2010,TOL,OH,AGL,CE,Combined TRACON& Tower with Radar,8,12,19,3,42,0,10,61,0,71,8,22,80,3,113,28,0,28,141
01/31/2010,TOL,OH,AGL,CE,Combined TRACON& Tower with Radar,8,15,34,0,57,0,2,22,0,24,8,17,56,0,81,53,0,53,134
02/01/2010,TOL,OH,AGL,CE,Combined TRACON& Tower with Radar,2,21,40,2,65,0,4,60,6,70,2,25,100,8,135,46,10,56,191
02/02/2010,TOL,OH,AGL,CE,Combined TRACON& Tower with Radar,34,20,15,2,71,0,7,9,0,16,34,27,24,2,87,0,0,0,87
02/03/2010,TOL,OH,AGL,CE,Combined TRACON& Tower with Radar,38,18,44,1,101,0,4,8,0,12,38,22,52,1,113,4,0,4,117
02/04/2010,TOL,OH,AGL,CE,Combined TRACON& Tower with Radar,45,20,31,7,103,0,9,108,3,120,45,29,139,10,223,63,0,63,286
02/05/2010,TOL,OH,AGL,CE,Combined TRACON& Tower with Radar,34,19,35,1,89,0,10,15,0,25,34,29,50,1,114,16,0,16,130
02/06/2010,TOL,OH,AGL,CE,Combined TRACON& Tower with Radar,9,8,7,8,32,0,3,10,0,13,9,11,17,8,45,0,2,2,47
02/07/2010,TOL,OH,AGL,CE,Combined TRACON& Tower with Radar,6,14,12,6,38,0,9,23,0,32,6,23,35,6,70,22,0,22,92
02/08/2010,TOL,OH,AGL,CE,Combined TRACON& Tower with Radar,10,15,54,8,87,0,15,73,1,89,10,30,127,9,176,98,10,108,284
02/09/2010,TOL,OH,AGL,CE,Combined TRACON& Tower with Radar,33,14,13,0,60,0,0,0,0,0,33,14,13,0,60,0,0,0,60
02/10/2010,TOL,OH,AGL,CE,Combined TRACON& Tower with Radar,36,13,6,0,55,1,5,6,0,12,37,18,12,0,67,0,0,0,67
02/11/2010,TOL,OH,AGL,CE,Combined TRACON& Tower with Radar,43,19,40,3,105,0,17,28,0,45,43,36,68,3,150,90,3,93,243
02/12/2010,TOL,OH,AGL,CE,Combined TRACON& Tower with Radar,40,20,47,3,110,0,3,5,0,8,40,23,52,3,118,20,0,20,138
02/13/2010,TOL,OH,AGL,CE,Combined TRACON& Tower with Radar,7,13,15,2,37,0,25,27,0,52,7,38,42,2,89,14,0,14,103
02/14/2010,TOL,OH,AGL,CE,Combined TRACON& Tower with Radar,6,14,11,0,31,0,20,29,0,49,6,34,40,0,80,96,0,96,176
02/15/2010,TOL,OH,AGL,CE,Combined TRACON& Tower with Radar,7,27,39,0,73,0,11,32,0,43,7,38,71,0,116,80,0,80,196
02/16/2010,TOL,OH,AGL,CE,Combined TRACON& Tower with Radar,37,15,29,0,81,0,2,9,0,11,37,17,38,0,92,0,0,0,92
02/17/2010,TOL,OH,AGL,CE,Combined TRACON& Tower with Radar,39,25,34,0,98,14,15,14,0,43,53,40,48,0,141,76,0,76,217
02/18/2010,TOL,OH,AGL,CE,Combined TRACON& Tower with Radar,46,16,37,14,113,0,8,53,0,61,46,24,90,14,174,20,2,22,196
02/19/2010,TOL,OH,AGL,CE,Combined TRACON& Tower with Radar,40,14,39,3,96,0,19,107,2,128,40,33,146,5,224,51,4,55,279
02/20/2010,TOL,OH,AGL,CE,Combined TRACON& Tower with Radar,6,11,19,0,36,0,20,94,1,115,6,31,113,1,151,52,0,52,203
02/21/2010,TOL,OH,AGL,CE,Combined TRACON& Tower with Radar,6,22,30,0,58,0,7,32,0,39,6,29,62,0,97,28,0,28,125
02/22/2010,TOL,OH,AGL,CE,Combined TRACON& Tower with Radar,5,10,15,1,31,0,6,3,0,9,5,16,18,1,40,0,0,0,40
02/23/2010,TOL,OH,AGL,CE,Combined TRACON& Tower with Radar,42,17,18,27,104,0,12,13,2,27,42,29,31,29,131,34,10,44,175
02/24/2010,TOL,OH,AGL,CE,Combined TRACON& Tower with Radar,41,22,37,7,107,0,4,13,0,17,41,26,50,7,124,14,0,14,138
02/25/2010,TOL,OH,AGL,CE,Combined TRACON& Tower with Radar,50,14,25,14,103,0,9,15,0,24,50,23,40,14,127,6,0,6,133
02/26/2010,TOL,OH,AGL,CE,Combined TRACON& Tower with Radar,36,25,18,0,79,0,0,0,0,0,36,25,18,0,79,0,0,0,79
02/27/2010,TOL,OH,AGL,CE,Combined TRACON& Tower with Radar,4,13,8,0,25,0,2,4,0,6,4,15,12,0,31,0,0,0,31
02/28/2010,TOL,OH,AGL,CE,Combined TRACON& Tower with Radar,8,16,15,0,39,0,17,33,0,50,8,33,48,0,89,28,0,28,117
03/01/2010,TOL,OH,AGL,CE,Combined TRACON& Tower with Radar,2,23,30,14,69,0,20,95,18,133,2,43,125,32,202,8,35,43,245
03/02/2010,TOL,OH,AGL,CE,Combined TRACON& Tower with Radar,43,16,38,20,117,0,10,25,0,35,43,26,63,20,152,27,6,33,185
03/03/2010,TOL,OH,AGL,CE,Combined TRACON& Tower with Radar,36,21,26,11,94,0,15,56,6,77,36,36,82,17,171,33,13,46,217
03/04/2010,TOL,OH,AGL,CE,Combined TRACON& Tower with Radar,42,17,60,12,131,0,10,126,12,148,42,27,186,24,279,68,14,82,361
03/05/2010,TOL,OH,AGL,CE,Combined TRACON& Tower with Radar,38,20,24,6,88,0,8,91,2,101,38,28,115,8,189,18,6,24,213
03/06/2010,TOL,OH,AGL,CE,Combined TRACON& Tower with Radar,8,12,43,0,63,0,12,117,0,129,8,24,160,0,192,32,0,32,224
03/07/2010,TOL,OH,AGL,CE,Combined TRACON& Tower with Radar,7,18,25,0,50,0,11,94,0,105,7,29,119,0,155,22,0,22,177
03/08/2010,TOL,OH,AGL,CE,Combined TRACON& Tower with Radar,3,16,51,14,84,0,9,82,10,101,3,25,133,24,185,44,24,68,253
03/09/2010,TOL,OH,AGL,CE,Combined TRACON& Tower with Radar,39,20,52,16,127,0,6,59,0,65,39,26,111,16,192,28,4,32,224
03/10/2010,TOL,OH,AGL,CE,Combined TRACON& Tower with Radar,38,23,26,21,108,0,16,21,1,38,38,39,47,22,146,18,8,26,172
03/11/2010,TOL,OH,AGL,CE,Combined TRACON& Tower with Radar,40,16,32,11,99,0,2,28,0,30,40,18,60,11,129,12,0,12,141
03/12/2010,TOL,OH,AGL,CE,Combined TRACON& Tower with Radar,39,14,27,0,80,0,6,6,0,12,39,20,33,0,92,6,0,6,98
03/13/2010,TOL,OH,AGL,CE,Combined TRACON& Tower with Radar,9,9,5,0,23,0,0,0,0,0,9,9,5,0,23,0,0,0,23
03/14/2010,TOL,OH,AGL,CE,Combined TRACON& Tower with Radar,8,22,6,0,36,0,0,4,0,4,8,22,10,0,40,0,0,0,40
03/15/2010,TOL,OH,AGL,CE,Combined TRACON& Tower with Radar,3,19,61,18,101,0,16,18,1,35,3,35,79,19,136,22,0,22,158
03/16/2010,TOL,OH,AGL,CE,Combined TRACON& Tower with Radar,41,24,39,12,116,0,11,107,10,128,41,35,146,22,244,54,18,72,316
03/17/2010,TOL,OH,AGL,CE,Combined TRACON& Tower with Radar,36,24,34,12,106,0,10,87,1,98,36,34,121,13,204,15,26,41,245
03/18/2010,TOL,OH,AGL,CE,Combined TRACON& Tower with Radar,41,24,39,10,114,0,6,72,4,82,41,30,111,14,196,20,1,21,217
03/19/2010,TOL,OH,AGL,CE,Combined TRACON& Tower with Radar,38,21,28,0,87,0,13,47,0,60,38,34,75,0,147,12,0,12,159
03/20/2010,TOL,OH,AGL,CE,Combined TRACON& Tower with Radar,8,13,27,26,74,0,13,52,5,70,8,26,79,31,144,18,2,20,164
03/21/2010,TOL,OH,AGL,CE,Combined TRACON& Tower with Radar,6,17,31,0,54,0,16,46,0,62,6,33,77,0,116,22,0,22,138
03/22/2010,TOL,OH,AGL,CE,Combined TRACON& Tower with Radar,6,18,28,20,72,0,12,15,0,27,6,30,43,20,99,8,6,14,113
03/23/2010,TOL,OH,AGL,CE,Combined TRACON& Tower with Radar,43,22,59,12,136,0,4,77,0,81,43,26,136,12,217,71,16,87,304
03/24/2010,TOL,OH,AGL,CE,Combined TRACON& Tower with Radar,38,34,50,18,140,0,3,154,10,167,38,37,204,28,307,88,42,130,437
03/25/2010,TOL,OH,AGL,CE,Combined TRACON& Tower with Radar,44,20,39,2,105,0,1,4,0,5,44,21,43,2,110,8,0,8,118
03/26/2010,TOL,OH,AGL,CE,Combined TRACON& Tower with Radar,38,18,32,0,88,0,13,85,0,98,38,31,117,0,186,26,0,26,212
03/27/2010,TOL,OH,AGL,CE,Combined TRACON& Tower with Radar,12,10,31,0,53,0,18,123,3,144,12,28,154,3,197,32,0,32,229
03/28/2010,TOL,OH,AGL,CE,Combined TRACON& Tower with Radar,8,18,14,0,40,0,2,3,0,5,8,20,17,0,45,7,0,7,52
03/29/2010,TOL,OH,AGL,CE,Combined TRACON& Tower with Radar,9,17,52,4,82,19,8,21,13,61,28,25,73,17,143,53,5,58,201
03/30/2010,TOL,OH,AGL,CE,Combined TRACON& Tower with Radar,40,19,62,10,131,0,1,106,2,109,40,20,168,12,240,57,14,71,311
03/31/2010,TOL,OH,AGL,CE,Combined TRACON& Tower with Radar,41,26,43,25,135,0,4,31,6,41,41,30,74,31,176,32,45,77,253
04/01/2010,TOL,OH,AGL,CE,Combined TRACON& Tower with Radar,39,22,52,10,123,0,1,43,2,46,39,23,95,12,169,37,0,37,206
04/02/2010,TOL,OH,AGL,CE,Combined TRACON& Tower with Radar,37,16,42,0,95,0,10,53,0,63,37,26,95,0,158,20,0,20,178
04/03/2010,TOL,OH,AGL,CE,Combined TRACON& Tower with Radar,4,19,10,0,33,0,10,51,0,61,4,29,61,0,94,2,0,2,96
04/04/2010,TOL,OH,AGL,CE,Combined TRACON& Tower with Radar,4,19,10,0,33,0,10,51,0,61,4,29,61,0,94,2,0,2,96
04/05/2010,TOL,OH,AGL,CE,Combined TRACON& Tower with Radar,3,19,33,3,58,0,5,78,0,83,3,24,111,3,141,53,0,53,194
04/06/2010,TOL,OH,AGL,CE,Combined TRACON& Tower with Radar,44,20,34,4,102,1,17,16,13,47,45,37,50,17,149,24,8,32,181
04/07/2010,TOL,OH,AGL,CE,Combined TRACON& Tower with Radar,37,14,31,6,88,0,10,42,0,52,37,24,73,6,140,39,8,47,187
04/08/2010,TOL,OH,AGL,CE,Combined TRACON& Tower with Radar,40,22,50,17,129,0,4,5,0,9,40,26,55,17,138,20,20,40,178
04/09/2010,TOL,OH,AGL,CE,Combined TRACON& Tower with Radar,39,22,31,5,97,0,14,41,0,55,39,36,72,5,152,10,13,23,175
04/10/2010,TOL,OH,AGL,CE,Combined TRACON& Tower with Radar,11,20,38,2,71,0,4,123,0,127,11,24,161,2,198,38,0,38,236
04/11/2010,TOL,OH,AGL,CE,Combined TRACON& Tower with Radar,9,21,34,0,64,0,3,110,0,113,9,24,144,0,177,42,28,70,247
04/12/2010,TOL,OH,AGL,CE,Combined TRACON& Tower with Radar,5,20,42,17,84,0,18,108,3,129,5,38,150,20,213,57,28,85,298
04/13/2010,TOL,OH,AGL,CE,Combined TRACON& Tower with Radar,40,19,40,20,119,0,17,55,0,72,40,36,95,20,191,28,30,58,249
04/14/2010,TOL,OH,AGL,CE,Combined TRACON& Tower with Radar,38,22,27,3,90,0,11,119,0,130,38,33,146,3,220,39,4,43,263
04/15/2010,TOL,OH,AGL,CE,Combined TRACON& Tower with Radar,39,21,44,2,106,0,8,107,0,115,39,29,151,2,221,33,0,33,254
04/16/2010,TOL,OH,AGL,CE,Combined TRACON& Tower with Radar,33,40,30,31,134,0,4,20,0,24,33,44,50,31,158,30,40,70,228
04/17/2010,TOL,OH,AGL,CE,Combined TRACON& Tower with Radar,6,19,20,4,49,0,29,102,0,131,6,48,122,4,180,17,0,17,197
04/18/2010,TOL,OH,AGL,CE,Combined TRACON& Tower with Radar,10,17,17,41,85,0,13,36,0,49,10,30,53,41,134,10,58,68,202
04/19/2010,TOL,OH,AGL,CE,Combined TRACON& Tower with Radar,0,24,44,2,70,0,7,79,2,88,0,31,123,4,158,22,0,22,180
04/20/2010,TOL,OH,AGL,CE,Combined TRACON& Tower with Radar,41,23,56,19,139,0,20,95,10,125,41,43,151,29,264,39,56,95,359
04/21/2010,TOL,OH,AGL,CE,Combined TRACON& Tower with Radar,43,17,43,21,124,0,11,62,26,99,43,28,105,47,223,15,33,48,271
04/22/2010,TOL,OH,AGL,CE,Combined TRACON& Tower with Radar,46,17,44,18,125,0,10,77,4,91,46,27,121,22,216,16,20,36,252
04/23/2010,TOL,OH,AGL,CE,Combined TRACON& Tower with Radar,37,18,36,2,93,0,5,82,8,95,37,23,118,10,188,16,0,16,204
04/24/2010,TOL,OH,AGL,CE,Combined TRACON& Tower with Radar,7,9,13,0,29,0,17,13,4,34,7,26,26,4,63,0,0,0,63
04/25/2010,TOL,OH,AGL,CE,Combined TRACON& Tower with Radar,6,16,10,0,32,0,0,0,0,0,6,16,10,0,32,0,0,0,32
04/26/2010,TOL,OH,AGL,CE,Combined TRACON& Tower with Radar,2,18,42,21,83,0,1,17,0,18,2,19,59,21,101,14,12,26,127
04/27/2010,TOL,OH,AGL,CE,Combined TRACON& Tower with Radar,47,20,40,7,114,31,5,40,0,76,78,25,80,7,190,46,47,93,283
04/28/2010,TOL,OH,AGL,CE,Combined TRACON& Tower with Radar,36,18,52,7,113,36,17,101,4,158,72,35,153,11,271,74,37,111,382
04/29/2010,TOL,OH,AGL,CE,Combined TRACON& Tower with Radar,44,19,53,10,126,7,20,83,2,112,51,39,136,12,238,40,12,52,290
04/30/2010,TOL,OH,AGL,CE,Combined TRACON& Tower with Radar,34,19,29,0,82,0,23,53,0,76,34,42,82,0,158,2,0,2,160
05/01/2010,TOL,OH,AGL,CE,Combined TRACON& Tower with Radar,8,11,17,0,36,0,2,9,0,11,8,13,26,0,47,2,0,2,49
05/02/2010,TOL,OH,AGL,CE,Combined TRACON& Tower with Radar,7,18,19,0,44,0,3,20,0,23,7,21,39,0,67,0,0,0,67
05/03/2010,TOL,OH,AGL,CE,Combined TRACON& Tower with Radar,5,24,40,8,77,0,9,47,4,60,5,33,87,12,137,18,4,22,159
05/04/2010,TOL,OH,AGL,CE,Combined TRACON& Tower with Radar,39,28,48,21,136,0,16,79,4,99,39,44,127,25,235,42,20,62,297
05/05/2010,TOL,OH,AGL,CE,Combined TRACON& Tower with Radar,38,28,26,14,106,1,14,32,4,51,39,42,58,18,157,2,14,16,173
05/06/2010,TOL,OH,AGL,CE,Combined TRACON& Tower with Radar,41,26,51,7,125,0,14,94,0,108,41,40,145,7,233,32,8,40,273
05/07/2010,TOL,OH,AGL,CE,Combined TRACON& Tower with Radar,39,23,38,0,100,0,9,14,0,23,39,32,52,0,123,22,0,22,145
05/08/2010,TOL,OH,AGL,CE,Combined TRACON& Tower with Radar,5,20,11,0,36,0,0,4,0,4,5,20,15,0,40,2,0,2,42
05/09/2010,TOL,OH,AGL,CE,Combined TRACON& Tower with Radar,7,19,26,0,52,0,7,66,7,80,7,26,92,7,132,20,0,20,152
05/10/2010,TOL,OH,AGL,CE,Combined TRACON& Tower with Radar,3,24,28,17,72,0,21,84,2,107,3,45,112,19,179,24,10,34,213
05/11/2010,TOL,OH,AGL,CE,Combined TRACON& Tower with Radar,39,18,26,0,83,0,4,20,4,28,39,22,46,4,111,18,4,22,133
05/12/2010,TOL,OH,AGL,CE,Combined TRACON& Tower with Radar,37,18,26,2,83,0,15,81,4,100,37,33,107,6,183,3,2,5,188
05/13/2010,TOL,OH,AGL,CE,Combined TRACON& Tower with Radar,42,34,37,2,115,0,0,9,0,9,42,34,46,2,124,18,4,22,146
05/14/2010,TOL,OH,AGL,CE,Combined TRACON& Tower with Radar,34,24,32,3,93,0,15,59,0,74,34,39,91,3,167,24,8,32,199
05/15/2010,TOL,OH,AGL,CE,Combined TRACON& Tower with Radar,10,15,24,16,65,0,16,82,5,103,10,31,106,21,168,21,24,45,213
05/16/2010,TOL,OH,AGL,CE,Combined TRACON& Tower with Radar,7,17,31,0,55,2,17,92,0,111,9,34,123,0,166,27,0,27,193
05/17/2010,TOL,OH,AGL,CE,Combined TRACON& Tower with Radar,3,21,36,19,79,0,9,9,0,18,3,30,45,19,97,14,0,14,111
05/18/2010,TOL,OH,AGL,CE,Combined TRACON& Tower with Radar,38,26,32,5,101,0,2,5,0,7,38,28,37,5,108,2,0,2,110
05/19/2010,TOL,OH,AGL,CE,Combined TRACON& Tower with Radar,34,25,53,3,115,0,8,74,0,82,34,33,127,3,197,48,0,48,245
05/20/2010,TOL,OH,AGL,CE,Combined TRACON& Tower with Radar,39,24,73,9,145,0,6,103,3,112,39,30,176,12,257,24,2,26,283
05/21/2010,TOL,OH,AGL,CE,Combined TRACON& Tower with Radar,35,21,25,2,83,0,2,4,0,6,35,23,29,2,89,0,0,0,89
05/22/2010,TOL,OH,AGL,CE,Combined TRACON& Tower with Radar,10,16,17,0,43,7,8,19,0,34,17,24,36,0,77,48,0,48,125
05/23/2010,TOL,OH,AGL,CE,Combined TRACON& Tower with Radar,6,27,33,0,66,0,9,108,6,123,6,36,141,6,189,32,2,34,223
05/24/2010,TOL,OH,AGL,CE,Combined TRACON& Tower with Radar,3,23,53,22,101,0,6,80,8,94,3,29,133,30,195,65,50,115,310
05/25/2010,TOL,OH,AGL,CE,Combined TRACON& Tower with Radar,39,21,45,20,125,0,30,56,10,96,39,51,101,30,221,10,16,26,247
05/26/2010,TOL,OH,AGL,CE,Combined TRACON& Tower with Radar,39,21,45,20,125,0,30,56,10,96,39,51,101,30,221,50,20,70,291
05/27/2010,TOL,OH,AGL,CE,Combined TRACON& Tower with Radar,39,22,32,4,97,0,18,65,2,85,39,40,97,6,182,0,10,10,192
05/28/2010,TOL,OH,AGL,CE,Combined TRACON& Tower with Radar,39,27,43,13,122,0,12,74,1,87,39,39,117,14,209,41,18,59,268
05/29/2010,TOL,OH,AGL,CE,Combined TRACON& Tower with Radar,6,13,25,3,47,0,25,117,16,158,6,38,142,19,205,18,0,18,223
05/30/2010,TOL,OH,AGL,CE,Combined TRACON& Tower with Radar,6,13,31,0,50,0,8,90,0,98,6,21,121,0,148,39,0,39,187
05/31/2010,TOL,OH,AGL,CE,Combined TRACON& Tower with Radar,2,16,7,6,31,0,1,7,4,12,2,17,14,10,43,0,0,0,43
06/01/2010,TOL,OH,AGL,CE,Combined TRACON& Tower with Radar,11,22,57,0,90,0,22,71,2,95,11,44,128,2,185,37,0,37,222
06/02/2010,TOL,OH,AGL,CE,Combined TRACON& Tower with Radar,40,22,37,0,99,0,15,38,0,53,40,37,75,0,152,10,0,10,162
06/03/2010,TOL,OH,AGL,CE,Combined TRACON& Tower with Radar,40,20,46,12,118,0,6,27,1,34,40,26,73,13,152,32,6,38,190
06/04/2010,TOL,OH,AGL,CE,Combined TRACON& Tower with Radar,43,23,29,13,108,0,8,49,1,58,43,31,78,14,166,11,12,23,189
06/05/2010,TOL,OH,AGL,CE,Combined TRACON& Tower with Radar,5,13,7,0,25,0,13,36,0,49,5,26,43,0,74,2,0,2,76
06/06/2010,TOL,OH,AGL,CE,Combined TRACON& Tower with Radar,5,20,12,1,38,1,9,65,0,75,6,29,77,1,113,8,0,8,121
06/07/2010,TOL,OH,AGL,CE,Combined TRACON& Tower with Radar,2,22,68,18,110,0,7,74,0,81,2,29,142,18,191,54,18,72,263
06/08/2010,TOL,OH,AGL,CE,Combined TRACON& Tower with Radar,43,19,31,18,111,0,17,33,5,55,43,36,64,23,166,23,40,63,229
06/09/2010,TOL,OH,AGL,CE,Combined TRACON& Tower with Radar,42,27,57,6,132,0,14,35,4,53,42,41,92,10,185,22,6,28,213
06/10/2010,TOL,OH,AGL,CE,Combined TRACON& Tower with Radar,45,29,33,3,110,2,11,154,2,169,47,40,187,5,279,18,2,20,299
06/11/2010,TOL,OH,AGL,CE,Combined TRACON& Tower with Radar,37,16,30,36,119,0,6,59,3,68,37,22,89,39,187,5,24,29,216
06/12/2010,TOL,OH,AGL,CE,Combined TRACON& Tower with Radar,10,17,21,44,92,0,14,41,0,55,10,31,62,44,147,6,46,52,199
06/13/2010,TOL,OH,AGL,CE,Combined TRACON& Tower with Radar,9,25,29,4,67,0,9,48,0,57,9,34,77,4,124,8,0,8,132
06/14/2010,TOL,OH,AGL,CE,Combined TRACON& Tower with Radar,10,20,61,0,91,0,18,27,0,45,10,38,88,0,136,30,0,30,166
06/15/2010,TOL,OH,AGL,CE,Combined TRACON& Tower with Radar,45,26,38,23,132,0,10,26,0,36,45,36,64,23,168,45,26,71,239
06/16/2010,TOL,OH,AGL,CE,Combined TRACON& Tower with Radar,42,24,39,13,118,0,5,47,0,52,42,29,86,13,170,42,16,58,228
06/17/2010,TOL,OH,AGL,CE,Combined TRACON& Tower with Radar,42,27,42,29,140,0,8,93,0,101,42,35,135,29,241,48,8,56,297
06/18/2010,TOL,OH,AGL,CE,Combined TRACON& Tower with Radar,35,28,48,0,111,0,1,94,0,95,35,29,142,0,206,10,0,10,216
06/19/2010,TOL,OH,AGL,CE,Combined TRACON& Tower with Radar,8,12,15,0,35,0,5,99,0,104,8,17,114,0,139,32,0,32,171
06/20/2010,TOL,OH,AGL,CE,Combined TRACON& Tower with Radar,7,15,19,0,41,0,12,107,0,119,7,27,126,0,160,16,0,16,176
06/21/2010,TOL,OH,AGL,CE,Combined TRACON& Tower with Radar,2,22,43,25,92,0,4,56,4,64,2,26,99,29,156,42,32,74,230
06/22/2010,TOL,OH,AGL,CE,Combined TRACON& Tower with Radar,43,19,33,30,125,0,15,36,4,55,43,34,69,34,180,56,32,88,268
06/23/2010,TOL,OH,AGL,CE,Combined TRACON& Tower with Radar,41,17,22,13,93,0,10,29,10,49,41,27,51,23,142,0,16,16,158
06/24/2010,TOL,OH,AGL,CE,Combined TRACON& Tower with Radar,40,30,37,23,130,0,14,35,8,57,40,44,72,31,187,14,6,20,207
06/25/2010,TOL,OH,AGL,CE,Combined TRACON& Tower with Radar,36,33,50,5,124,0,15,106,0,121,36,48,156,5,245,14,6,20,265
06/26/2010,TOL,OH,AGL,CE,Combined TRACON& Tower with Radar,17,18,25,1,61,15,20,50,1,86,32,38,75,2,147,19,42,61,208
06/27/2010,TOL,OH,AGL,CE,Combined TRACON& Tower with Radar,11,21,19,3,54,0,6,33,0,39,11,27,52,3,93,13,0,13,106
06/28/2010,TOL,OH,AGL,CE,Combined TRACON& Tower with Radar,6,22,40,16,84,0,19,55,3,77,6,41,95,19,161,12,38,50,211
06/29/2010,TOL,OH,AGL,CE,Combined TRACON& Tower with Radar,43,18,57,23,141,0,4,105,4,113,43,22,162,27,254,48,28,76,330
06/30/2010,TOL,OH,AGL,CE,Combined TRACON& Tower with Radar,40,21,53,21,135,0,2,111,8,121,40,23,164,29,256,21,31,52,308
07/01/2010,TOL,OH,AGL,CE,Combined TRACON& Tower with Radar,42,27,41,17,127,0,0,31,4,35,42,27,72,21,162,25,20,45,207
07/02/2010,TOL,OH,AGL,CE,Combined TRACON& Tower with Radar,37,22,25,2,86,0,9,84,2,95,37,31,109,4,181,23,7,30,211
07/03/2010,TOL,OH,AGL,CE,Combined TRACON& Tower with Radar,5,15,16,0,36,0,7,78,2,87,5,22,94,2,123,2,0,2,125
07/04/2010,TOL,OH,AGL,CE,Combined TRACON& Tower with Radar,6,16,17,1,40,0,18,76,2,96,6,34,93,3,136,16,0,16,152
07/05/2010,TOL,OH,AGL,CE,Combined TRACON& Tower with Radar,6,21,29,0,56,0,10,83,0,93,6,31,112,0,149,8,0,8,157
07/06/2010,TOL,OH,AGL,CE,Combined TRACON& Tower with Radar,6,19,34,16,75,0,12,55,4,71,6,31,89,20,146,20,18,38,184
07/07/2010,TOL,OH,AGL,CE,Combined TRACON& Tower with Radar,38,23,32,12,105,0,4,48,8,60,38,27,80,20,165,21,8,29,194
07/08/2010,TOL,OH,AGL,CE,Combined TRACON& Tower with Radar,41,17,44,26,128,0,17,56,1,74,41,34,100,27,202,10,12,22,224
07/09/2010,TOL,OH,AGL,CE,Combined TRACON& Tower with Radar,37,25,26,2,90,0,11,25,0,36,37,36,51,2,126,4,0,4,130
07/10/2010,TOL,OH,AGL,CE,Combined TRACON& Tower with Radar,10,16,35,0,61,0,11,141,0,152,10,27,176,0,213,48,0,48,261
07/11/2010,TOL,OH,AGL,CE,Combined TRACON& Tower with Radar,6,19,27,0,52,0,8,94,0,102,6,27,121,0,154,20,0,20,174
07/12/2010,TOL,OH,AGL,CE,Combined TRACON& Tower with Radar,9,19,45,13,86,0,8,55,2,65,9,27,100,15,151,20,6,26,177
07/13/2010,TOL,OH,AGL,CE,Combined TRACON& Tower with Radar,48,28,29,5,110,0,9,54,0,63,48,37,83,5,173,8,0,8,181
07/14/2010,TOL,OH,AGL,CE,Combined TRACON& Tower with Radar,39,30,41,12,122,0,11,93,4,108,39,41,134,16,230,101,11,112,342
07/15/2010,TOL,OH,AGL,CE,Combined TRACON& Tower with Radar,55,23,20,11,109,7,22,45,0,74,62,45,65,11,183,8,8,16,199
07/16/2010,TOL,OH,AGL,CE,Combined TRACON& Tower with Radar,39,25,47,6,117,0,7,89,5,101,39,32,136,11,218,40,12,52,270
07/17/2010,TOL,OH,AGL,CE,Combined TRACON& Tower with Radar,12,21,27,4,64,0,13,87,10,110,12,34,114,14,174,8,0,8,182
07/18/2010,TOL,OH,AGL,CE,Combined TRACON& Tower with Radar,4,25,16,0,45,0,14,38,0,52,4,39,54,0,97,0,0,0,97
07/19/2010,TOL,OH,AGL,CE,Combined TRACON& Tower with Radar,3,18,43,4,68,0,21,66,4,91,3,39,109,8,159,51,8,59,218
07/20/2010,TOL,OH,AGL,CE,Combined TRACON& Tower with Radar,43,21,53,0,117,0,9,49,0,58,43,30,102,0,175,30,0,30,205
07/21/2010,TOL,OH,AGL,CE,Combined TRACON& Tower with Radar,39,30,46,0,115,0,12,82,4,98,39,42,128,4,213,32,0,32,245
07/22/2010,TOL,OH,AGL,CE,Combined TRACON& Tower with Radar,32,17,31,2,82,0,9,62,10,81,32,26,93,12,163,9,8,17,180
07/23/2010,TOL,OH,AGL,CE,Combined TRACON& Tower with Radar,47,42,25,0,114,0,4,30,0,34,47,46,55,0,148,4,0,4,152
07/24/2010,TOL,OH,AGL,CE,Combined TRACON& Tower with Radar,7,16,32,22,77,0,11,27,8,46,7,27,59,30,123,4,18,22,145
07/25/2010,TOL,OH,AGL,CE,Combined TRACON& Tower with Radar,5,20,27,1,53,0,23,54,2,79,5,43,81,3,132,4,0,4,136
07/26/2010,TOL,OH,AGL,CE,Combined TRACON& Tower with Radar,6,18,42,44,110,0,16,104,3,123,6,34,146,47,233,7,0,7,240
07/27/2010,TOL,OH,AGL,CE,Combined TRACON& Tower with Radar,39,30,34,11,114,0,11,126,1,138,39,41,160,12,252,22,5,27,279
07/28/2010,TOL,OH,AGL,CE,Combined TRACON& Tower with Radar,29,21,62,11,123,0,15,58,0,73,29,36,120,11,196,10,1,11,207
07/29/2010,TOL,OH,AGL,CE,Combined TRACON& Tower with Radar,40,24,54,0,118,0,8,126,5,139,40,32,180,5,257,46,0,46,303
07/30/2010,TOL,OH,AGL,CE,Combined TRACON& Tower with Radar,38,22,40,52,152,0,8,130,1,139,38,30,170,53,291,35,46,81,372
07/31/2010,TOL,OH,AGL,CE,Combined TRACON& Tower with Radar,10,12,20,60,102,0,22,66,8,96,10,34,86,68,198,32,52,84,282
08/01/2010,TOL,OH,AGL,CE,Combined TRACON& Tower with Radar,9,19,28,6,62,0,30,121,0,151,9,49,149,6,213,46,0,46,259
08/02/2010,TOL,OH,AGL,CE,Combined TRACON& Tower with Radar,4,18,38,0,60,0,6,93,0,99,4,24,131,0,159,26,8,34,193
08/03/2010,TOL,OH,AGL,CE,Combined TRACON& Tower with Radar,43,13,40,2,98,0,14,30,0,44,43,27,70,2,142,10,0,10,152
08/04/2010,TOL,OH,AGL,CE,Combined TRACON& Tower with Radar,8,21,58,2,89,0,10,47,0,57,8,31,105,2,146,10,0,10,156
08/05/2010,TOL,OH,AGL,CE,Combined TRACON& Tower with Radar,44,21,45,13,123,0,15,57,5,77,44,36,102,18,200,24,13,37,237
08/06/2010,TOL,OH,AGL,CE,Combined TRACON& Tower with Radar,36,21,26,0,83,0,25,104,0,129,36,46,130,0,212,60,0,60,272
08/07/2010,TOL,OH,AGL,CE,Combined TRACON& Tower with Radar,8,14,22,0,44,21,12,129,0,162,29,26,151,0,206,30,34,64,270
08/08/2010,TOL,OH,AGL,CE,Combined TRACON& Tower with Radar,5,25,22,0,52,0,16,74,0,90,5,41,96,0,142,10,0,10,152
08/09/2010,TOL,OH,AGL,CE,Combined TRACON& Tower with Radar,6,20,36,12,74,0,17,68,8,93,6,37,104,20,167,20,20,40,207
08/10/2010,TOL,OH,AGL,CE,Combined TRACON& Tower with Radar,38,22,29,5,94,0,13,43,0,56,38,35,72,5,150,34,0,34,184
08/11/2010,TOL,OH,AGL,CE,Combined TRACON& Tower with Radar,38,22,39,0,99,0,4,20,0,24,38,26,59,0,123,4,4,8,131
08/12/2010,TOL,OH,AGL,CE,Combined TRACON& Tower with Radar,45,31,43,20,139,0,12,66,8,86,45,43,109,28,225,8,7,15,240
08/13/2010,TOL,OH,AGL,CE,Combined TRACON& Tower with Radar,37,25,15,0,77,0,10,64,0,74,37,35,79,0,151,10,0,10,161
08/14/2010,TOL,OH,AGL,CE,Combined TRACON& Tower with Radar,4,13,21,0,38,0,11,90,0,101,4,24,111,0,139,18,0,18,157
08/15/2010,TOL,OH,AGL,CE,Combined TRACON& Tower with Radar,15,17,20,1,53,0,12,48,6,66,15,29,68,7,119,2,0,2,121
08/16/2010,TOL,OH,AGL,CE,Combined TRACON& Tower with Radar,10,18,37,12,77,0,18,77,3,98,10,36,114,15,175,31,10,41,216
08/17/2010,TOL,OH,AGL,CE,Combined TRACON& Tower with Radar,47,27,36,13,123,0,16,88,4,108,47,43,124,17,231,22,29,51,282
08/18/2010,TOL,OH,AGL,CE,Combined TRACON& Tower with Radar,38,20,39,12,109,0,14,79,5,98,38,34,118,17,207,16,16,32,239
08/19/2010,TOL,OH,AGL,CE,Combined TRACON& Tower with Radar,41,32,47,10,130,0,21,59,0,80,41,53,106,10,210,10,0,10,220
08/20/2010,TOL,OH,AGL,CE,Combined TRACON& Tower with Radar,39,21,52,6,118,0,6,55,1,62,39,27,107,7,180,18,4,22,202
08/21/2010,TOL,OH,AGL,CE,Combined TRACON& Tower with Radar,6,16,28,0,50,0,10,16,0,26,6,26,44,0,76,12,0,12,88
08/22/2010,TOL,OH,AGL,CE,Combined TRACON& Tower with Radar,5,22,28,0,55,0,5,49,0,54,5,27,77,0,109,14,0,14,123
08/23/2010,TOL,OH,AGL,CE,Combined TRACON& Tower with Radar,9,19,26,31,85,0,17,58,1,76,9,36,84,32,161,6,5,11,172
08/24/2010,TOL,OH,AGL,CE,Combined TRACON& Tower with Radar,40,26,46,19,131,0,14,41,0,55,40,40,87,19,186,12,6,18,204
08/25/2010,TOL,OH,AGL,CE,Combined TRACON& Tower with Radar,41,59,47,21,168,0,27,64,10,101,41,86,111,31,269,14,8,22,291
08/26/2010,TOL,OH,AGL,CE,Combined TRACON& Tower with Radar,40,23,44,16,123,0,10,116,6,132,40,33,160,22,255,15,8,23,278
08/27/2010,TOL,OH,AGL,CE,Combined TRACON& Tower with Radar,41,20,24,0,85,0,9,107,0,116,41,29,131,0,201,54,0,54,255
08/28/2010,TOL,OH,AGL,CE,Combined TRACON& Tower with Radar,11,13,33,0,57,0,19,155,0,174,11,32,188,0,231,39,0,39,270
08/29/2010,TOL,OH,AGL,CE,Combined TRACON& Tower with Radar,2,16,24,0,42,0,25,135,0,160,2,41,159,0,202,27,0,27,229
08/30/2010,TOL,OH,AGL,CE,Combined TRACON& Tower with Radar,10,14,39,14,77,0,24,61,6,91,10,38,100,20,168,39,20,59,227
08/31/2010,TOL,OH,AGL,CE,Combined TRACON& Tower with Radar,48,17,21,11,97,0,25,60,4,89,48,42,81,15,186,33,8,41,227
09/01/2010,TOL,OH,AGL,CE,Combined TRACON& Tower with Radar,38,22,27,18,105,0,14,56,5,75,38,36,83,23,180,2,6,8,188
09/02/2010,TOL,OH,AGL,CE,Combined TRACON& Tower with Radar,3,22,53,12,90,0,8,45,0,53,3,30,98,12,143,18,18,36,179
09/03/2010,TOL,OH,AGL,CE,Combined TRACON& Tower with Radar,45,25,12,4,86,0,17,52,0,69,45,42,64,4,155,32,4,36,191
09/04/2010,TOL,OH,AGL,CE,Combined TRACON& Tower with Radar,7,15,13,0,35,0,17,39,0,56,7,32,52,0,91,5,0,5,96
09/05/2010,TOL,OH,AGL,CE,Combined TRACON& Tower with Radar,2,14,10,4,30,0,16,67,0,83,2,30,77,4,113,14,0,14,127
09/06/2010,TOL,OH,AGL,CE,Combined TRACON& Tower with Radar,5,18,20,4,47,0,14,93,0,107,5,32,113,4,154,14,0,14,168
09/07/2010,TOL,OH,AGL,CE,Combined TRACON& Tower with Radar,9,19,22,12,62,0,5,32,3,40,9,24,54,15,102,6,16,22,124
09/08/2010,TOL,OH,AGL,CE,Combined TRACON& Tower with Radar,40,23,38,12,113,0,9,57,16,82,40,32,95,28,195,24,6,30,225
09/09/2010,TOL,OH,AGL,CE,Combined TRACON& Tower with Radar,41,25,44,46,156,0,4,76,7,87,41,29,120,53,243,40,6,46,289
09/10/2010,TOL,OH,AGL,CE,Combined TRACON& Tower with Radar,39,14,39,4,96,0,6,105,0,111,39,20,144,4,207,39,0,39,246
09/11/2010,TOL,OH,AGL,CE,Combined TRACON& Tower with Radar,9,14,14,1,38,0,25,40,0,65,9,39,54,1,103,0,0,0,103
09/12/2010,TOL,OH,AGL,CE,Combined TRACON& Tower with Radar,4,21,20,2,47,0,2,67,0,69,4,23,87,2,116,10,2,12,128
09/13/2010,TOL,OH,AGL,CE,Combined TRACON& Tower with Radar,4,16,51,30,101,16,17,76,8,117,20,33,127,38,218,82,30,112,330
09/14/2010,TOL,OH,AGL,CE,Combined TRACON& Tower with Radar,43,29,29,15,116,0,24,95,3,122,43,53,124,18,238,24,7,31,269
09/15/2010,TOL,OH,AGL,CE,Combined TRACON& Tower with Radar,46,32,54,16,148,0,25,122,3,150,46,57,176,19,298,38,15,53,351
09/16/2010,TOL,OH,AGL,CE,Combined TRACON& Tower with Radar,38,25,34,19,116,0,6,19,0,25,38,31,53,19,141,19,16,35,176
09/17/2010,TOL,OH,AGL,CE,Combined TRACON& Tower with Radar,36,21,29,2,88,0,11,57,1,69,36,32,86,3,157,31,4,35,192
09/18/2010,TOL,OH,AGL,CE,Combined TRACON& Tower with Radar,10,14,24,4,52,0,24,62,6,92,10,38,86,10,144,10,0,10,154
09/19/2010,TOL,OH,AGL,CE,Combined TRACON& Tower with Radar,2,14,31,1,48,0,6,35,0,41,2,20,66,1,89,28,0,28,117
09/20/2010,TOL,OH,AGL,CE,Combined TRACON& Tower with Radar,5,24,34,24,87,0,16,77,4,97,5,40,111,28,184,32,28,60,244
09/21/2010,TOL,OH,AGL,CE,Combined TRACON& Tower with Radar,42,23,36,8,109,0,15,60,0,75,42,38,96,8,184,12,1,13,197
09/22/2010,TOL,OH,AGL,CE,Combined TRACON& Tower with Radar,41,18,42,16,117,0,11,42,0,53,41,29,84,16,170,24,6,30,200
09/23/2010,TOL,OH,AGL,CE,Combined TRACON& Tower with Radar,41,18,36,13,108,0,25,61,2,88,41,43,97,15,196,8,8,16,212
09/24/2010,TOL,OH,AGL,CE,Combined TRACON& Tower with Radar,41,20,24,1,86,0,13,33,0,46,41,33,57,1,132,2,0,2,134
09/25/2010,TOL,OH,AGL,CE,Combined TRACON& Tower with Radar,13,14,14,0,41,0,20,49,0,69,13,34,63,0,110,33,0,33,143
09/26/2010,TOL,OH,AGL,CE,Combined TRACON& Tower with Radar,4,16,18,1,39,0,19,76,0,95,4,35,94,1,134,34,0,34,168
09/27/2010,TOL,OH,AGL,CE,Combined TRACON& Tower with Radar,5,20,33,23,81,0,2,27,0,29,5,22,60,23,110,6,9,15,125
09/28/2010,TOL,OH,AGL,CE,Combined TRACON& Tower with Radar,45,20,46,18,129,0,7,12,1,20,45,27,58,19,149,14,0,14,163
09/29/2010,TOL,OH,AGL,CE,Combined TRACON& Tower with Radar,42,24,46,12,124,0,14,104,2,120,42,38,150,14,244,19,10,29,273
09/30/2010,TOL,OH,AGL,CE,Combined TRACON& Tower with Radar,43,23,55,16,137,0,20,106,12,138,43,43,161,28,275,74,20,94,369
10/01/2010,TOL,OH,AGL,CE,Combined TRACON& Tower with Radar,45,18,41,0,104,0,15,84,0,99,45,33,125,0,203,29,0,29,232
10/02/2010,TOL,OH,AGL,CE,Combined TRACON& Tower with Radar,15,19,53,28,115,0,10,5,0,15,15,29,58,28,130,36,45,81,211
10/03/2010,TOL,OH,AGL,CE,Combined TRACON& Tower with Radar,3,24,28,13,68,0,10,44,2,56,3,34,72,15,124,18,18,36,160
10/04/2010,TOL,OH,AGL,CE,Combined TRACON& Tower with Radar,6,23,50,28,107,0,11,54,12,77,6,34,104,40,184,46,40,86,270
10/05/2010,TOL,OH,AGL,CE,Combined TRACON& Tower with Radar,45,17,47,10,119,0,15,65,1,81,45,32,112,11,200,24,0,24,224
10/06/2010,TOL,OH,AGL,CE,Combined TRACON& Tower with Radar,50,26,27,10,113,0,13,71,4,88,50,39,98,14,201,2,14,16,217
10/07/2010,TOL,OH,AGL,CE,Combined TRACON& Tower with Radar,37,25,26,25,113,0,16,77,8,101,37,41,103,33,214,14,40,54,268
10/08/2010,TOL,OH,AGL,CE,Combined TRACON& Tower with Radar,43,27,22,0,92,0,17,121,0,138,43,44,143,0,230,20,0,20,250
10/09/2010,TOL,OH,AGL,CE,Combined TRACON& Tower with Radar,12,17,14,3,46,0,16,135,0,151,12,33,149,3,197,9,2,11,208
10/10/2010,TOL,OH,AGL,CE,Combined TRACON& Tower with Radar,6,18,12,0,36,0,17,91,0,108,6,35,103,0,144,13,0,13,157
10/11/2010,TOL,OH,AGL,CE,Combined TRACON& Tower with Radar,2,24,13,0,39,0,0,43,0,43,2,24,56,0,82,6,0,6,88
10/12/2010,TOL,OH,AGL,CE,Combined TRACON& Tower with Radar,45,27,44,14,130,0,22,80,0,102,45,49,124,14,232,24,8,32,264
10/13/2010,TOL,OH,AGL,CE,Combined TRACON& Tower with Radar,47,29,42,12,130,0,13,26,5,44,47,42,68,17,174,18,16,34,208
10/14/2010,TOL,OH,AGL,CE,Combined TRACON& Tower with Radar,37,30,44,29,140,0,13,61,4,78,37,43,105,33,218,32,4,36,254
10/15/2010,TOL,OH,AGL,CE,Combined TRACON& Tower with Radar,44,20,19,0,83,1,9,100,0,110,45,29,119,0,193,32,4,36,229
10/16/2010,TOL,OH,AGL,CE,Combined TRACON& Tower with Radar,11,15,21,0,47,0,16,132,0,148,11,31,153,0,195,12,0,12,207
10/17/2010,TOL,OH,AGL,CE,Combined TRACON& Tower with Radar,2,17,31,0,50,0,1,93,0,94,2,18,124,0,144,14,0,14,158
10/18/2010,TOL,OH,AGL,CE,Combined TRACON& Tower with Radar,9,22,43,25,99,0,10,35,5,50,9,32,78,30,149,6,22,28,177
10/19/2010,TOL,OH,AGL,CE,Combined TRACON& Tower with Radar,48,24,37,17,126,0,12,77,0,89,48,36,114,17,215,22,14,36,251
10/20/2010,TOL,OH,AGL,CE,Combined TRACON& Tower with Radar,44,18,28,12,102,0,15,40,0,55,44,33,68,12,157,4,0,4,161
10/21/2010,TOL,OH,AGL,CE,Combined TRACON& Tower with Radar,43,26,27,24,120,0,11,63,1,75,43,37,90,25,195,4,9,13,208
10/22/2010,TOL,OH,AGL,CE,Combined TRACON& Tower with Radar,35,23,39,7,104,2,16,128,6,152,37,39,167,13,256,46,12,58,314
10/23/2010,TOL,OH,AGL,CE,Combined TRACON& Tower with Radar,11,9,17,2,39,0,20,51,0,71,11,29,68,2,110,14,0,14,124
10/24/2010,TOL,OH,AGL,CE,Combined TRACON& Tower with Radar,1,18,19,0,38,0,7,46,0,53,1,25,65,0,91,14,0,14,105
10/25/2010,TOL,OH,AGL,CE,Combined TRACON& Tower with Radar,5,20,38,24,87,0,16,25,0,41,5,36,63,24,128,12,28,40,168
10/26/2010,TOL,OH,AGL,CE,Combined TRACON& Tower with Radar,39,18,11,3,71,0,3,15,0,18,39,21,26,3,89,11,0,11,100
10/27/2010,TOL,OH,AGL,CE,Combined TRACON& Tower with Radar,45,21,27,10,103,0,4,16,0,20,45,25,43,10,123,0,0,0,123
10/28/2010,TOL,OH,AGL,CE,Combined TRACON& Tower with Radar,42,20,27,19,108,0,14,35,0,49,42,34,62,19,157,10,0,10,167
10/29/2010,TOL,OH,AGL,CE,Combined TRACON& Tower with Radar,37,21,25,7,90,0,8,92,0,100,37,29,117,7,190,8,12,20,210
10/30/2010,TOL,OH,AGL,CE,Combined TRACON& Tower with Radar,15,10,22,0,47,0,18,44,0,62,15,28,66,0,109,2,0,2,111
10/31/2010,TOL,OH,AGL,CE,Combined TRACON& Tower with Radar,3,8,11,3,25,0,11,70,1,82,3,19,81,4,107,38,0,38,145
11/01/2010,TOL,OH,AGL,CE,Combined TRACON& Tower with Radar,6,14,34,19,73,0,18,78,6,102,6,32,112,25,175,56,16,72,247
11/02/2010,TOL,OH,AGL,CE,Combined TRACON& Tower with Radar,42,12,47,14,115,0,11,89,2,102,42,23,136,16,217,23,20,43,260
11/03/2010,TOL,OH,AGL,CE,Combined TRACON& Tower with Radar,71,21,39,13,144,0,27,54,0,81,71,48,93,13,225,36,0,36,261
11/04/2010,TOL,OH,AGL,CE,Combined TRACON& Tower with Radar,35,13,45,19,112,0,16,31,9,56,35,29,76,28,168,6,16,22,190
11/05/2010,TOL,OH,AGL,CE,Combined TRACON& Tower with Radar,41,14,27,2,84,0,6,22,0,28,41,20,49,2,112,21,0,21,133
11/06/2010,TOL,OH,AGL,CE,Combined TRACON& Tower with Radar,17,8,28,27,80,0,17,86,2,105,17,25,114,29,185,24,34,58,243
11/07/2010,TOL,OH,AGL,CE,Combined TRACON& Tower with Radar,3,16,19,16,54,0,10,87,7,104,3,26,106,23,158,28,7,35,193
11/08/2010,TOL,OH,AGL,CE,Combined TRACON& Tower with Radar,3,15,44,22,84,0,22,64,7,93,3,37,108,29,177,20,10,30,207
11/09/2010,TOL,OH,AGL,CE,Combined TRACON& Tower with Radar,38,18,50,14,120,0,16,64,0,80,38,34,114,14,200,18,3,21,221
11/10/2010,TOL,OH,AGL,CE,Combined TRACON& Tower with Radar,46,21,55,21,143,0,16,73,0,89,46,37,128,21,232,20,2,22,254
11/11/2010,TOL,OH,AGL,CE,Combined TRACON& Tower with Radar,41,19,32,1,93,0,7,85,2,94,41,26,117,3,187,18,4,22,209
11/12/2010,TOL,OH,AGL,CE,Combined TRACON& Tower with Radar,44,19,42,0,105,0,16,85,0,101,44,35,127,0,206,14,0,14,220
11/13/2010,TOL,OH,AGL,CE,Combined TRACON& Tower with Radar,14,11,19,0,44,0,10,90,0,100,14,21,109,0,144,6,0,6,150
11/14/2010,TOL,OH,AGL,CE,Combined TRACON& Tower with Radar,1,14,12,0,27,0,4,16,0,20,1,18,28,0,47,2,0,2,49
11/15/2010,TOL,OH,AGL,CE,Combined TRACON& Tower with Radar,6,15,34,19,74,0,6,42,5,53,6,21,76,24,127,10,18,28,155
11/16/2010,TOL,OH,AGL,CE,Combined TRACON& Tower with Radar,40,17,38,9,104,0,10,33,0,43,40,27,71,9,147,8,14,22,169
11/17/2010,TOL,OH,AGL,CE,Combined TRACON& Tower with Radar,45,18,38,8,109,0,15,47,0,62,45,33,85,8,171,2,0,2,173
11/18/2010,TOL,OH,AGL,CE,Combined TRACON& Tower with Radar,38,21,26,10,95,0,10,29,0,39,38,31,55,10,134,26,2,28,162
11/19/2010,TOL,OH,AGL,CE,Combined TRACON& Tower with Radar,44,16,25,0,85,0,8,55,0,63,44,24,80,0,148,6,0,6,154
11/20/2010,TOL,OH,AGL,CE,Combined TRACON& Tower with Radar,14,11,34,0,59,0,10,42,0,52,14,21,76,0,111,6,0,6,117
11/21/2010,TOL,OH,AGL,CE,Combined TRACON& Tower with Radar,1,13,26,0,40,0,7,31,0,38,1,20,57,0,78,12,0,12,90
11/22/2010,TOL,OH,AGL,CE,Combined TRACON& Tower with Radar,11,11,25,16,63,0,25,17,0,42,11,36,42,16,105,0,0,0,105
11/23/2010,TOL,OH,AGL,CE,Combined TRACON& Tower with Radar,42,21,33,8,104,0,4,35,1,40,42,25,68,9,144,12,10,22,166
11/24/2010,TOL,OH,AGL,CE,Combined TRACON& Tower with Radar,43,18,19,12,92,0,10,33,0,43,43,28,52,12,135,12,0,12,147
11/25/2010,TOL,OH,AGL,CE,Combined TRACON& Tower with Radar,30,11,2,0,43,0,0,0,0,0,30,11,2,0,43,0,0,0,43
11/26/2010,TOL,OH,AGL,CE,Combined TRACON& Tower with Radar,6,11,14,0,31,0,7,45,0,52,6,18,59,0,83,0,0,0,83
11/27/2010,TOL,OH,AGL,CE,Combined TRACON& Tower with Radar,15,8,25,0,48,0,26,40,0,66,15,34,65,0,114,36,0,36,150
11/28/2010,TOL,OH,AGL,CE,Combined TRACON& Tower with Radar,3,15,27,0,45,0,14,102,0,116,3,29,129,0,161,8,0,8,169
11/29/2010,TOL,OH,AGL,CE,Combined TRACON& Tower with Radar,6,16,53,11,86,0,20,63,10,93,6,36,116,21,179,12,6,18,197
11/30/2010,TOL,OH,AGL,CE,Combined TRACON& Tower with Radar,42,20,37,4,103,0,8,3,0,11,42,28,40,4,114,6,3,9,123
12/01/2010,TOL,OH,AGL,CE,Combined TRACON& Tower with Radar,51,23,40,14,128,0,1,3,0,4,51,24,43,14,132,4,0,4,136
12/02/2010,TOL,OH,AGL,CE,Combined TRACON& Tower with Radar,41,13,36,15,105,0,15,35,0,50,41,28,71,15,155,8,2,10,165
12/03/2010,TOL,OH,AGL,CE,Combined TRACON& Tower with Radar,43,22,30,4,99,0,13,48,0,61,43,35,78,4,160,24,1,25,185
12/04/2010,TOL,OH,AGL,CE,Combined TRACON& Tower with Radar,12,9,18,4,43,16,20,30,0,66,28,29,48,4,109,35,0,35,144
12/05/2010,TOL,OH,AGL,CE,Combined TRACON& Tower with Radar,0,14,14,0,28,0,6,8,0,14,0,20,22,0,42,0,0,0,42
12/06/2010,TOL,OH,AGL,CE,Combined TRACON& Tower with Radar,9,19,18,10,56,0,6,19,0,25,9,25,37,10,81,2,9,11,92
12/07/2010,TOL,OH,AGL,CE,Combined TRACON& Tower with Radar,49,21,32,4,106,0,16,28,0,44,49,37,60,4,150,12,0,12,162
12/08/2010,TOL,OH,AGL,CE,Combined TRACON& Tower with Radar,45,14,38,8,105,0,9,19,3,31,45,23,57,11,136,6,0,6,142
12/09/2010,TOL,OH,AGL,CE,Combined TRACON& Tower with Radar,42,19,52,11,124,0,1,86,7,94,42,20,138,18,218,43,12,55,273
12/10/2010,TOL,OH,AGL,CE,Combined TRACON& Tower with Radar,39,17,25,0,81,0,14,20,0,34,39,31,45,0,115,0,0,0,115
12/11/2010,TOL,OH,AGL,CE,Combined TRACON& Tower with Radar,17,10,11,0,38,0,8,72,0,80,17,18,83,0,118,22,0,22,140
12/12/2010,TOL,OH,AGL,CE,Combined TRACON& Tower with Radar,0,6,1,0,7,0,0,0,0,0,0,6,1,0,7,0,0,0,7
12/13/2010,TOL,OH,AGL,CE,Combined TRACON& Tower with Radar,10,26,33,0,69,0,6,20,0,26,10,32,53,0,95,4,0,4,99
12/14/2010,TOL,OH,AGL,CE,Combined TRACON& Tower with Radar,43,23,31,0,97,0,10,27,0,37,43,33,58,0,134,13,0,13,147
12/15/2010,TOL,OH,AGL,CE,Combined TRACON& Tower with Radar,43,16,51,8,118,0,3,102,0,105,43,19,153,8,223,18,2,20,243
12/16/2010,TOL,OH,AGL,CE,Combined TRACON& Tower with Radar,41,19,60,14,134,0,16,55,0,71,41,35,115,14,205,8,0,8,213
12/17/2010,TOL,OH,AGL,CE,Combined TRACON& Tower with Radar,43,13,39,0,95,0,16,22,0,38,43,29,61,0,133,2,0,2,135
12/18/2010,TOL,OH,AGL,CE,Combined TRACON& Tower with Radar,16,13,9,0,38,0,10,43,0,53,16,23,52,0,91,10,0,10,101
12/19/2010,TOL,OH,AGL,CE,Combined TRACON& Tower with Radar,1,15,18,0,34,0,12,9,0,21,1,27,27,0,55,4,0,4,59
12/20/2010,TOL,OH,AGL,CE,Combined TRACON& Tower with Radar,11,16,24,7,58,0,19,32,0,51,11,35,56,7,109,0,0,0,109
12/21/2010,TOL,OH,AGL,CE,Combined TRACON& Tower with Radar,44,10,12,11,77,0,3,18,0,21,44,13,30,11,98,0,2,2,100
12/22/2010,TOL,OH,AGL,CE,Combined TRACON& Tower with Radar,44,19,20,8,91,0,14,14,0,28,44,33,34,8,119,0,6,6,125
12/23/2010,TOL,OH,AGL,CE,Combined TRACON& Tower with Radar,38,20,24,0,82,0,9,38,0,47,38,29,62,0,129,30,0,30,159
12/24/2010,TOL,OH,AGL,CE,Combined TRACON& Tower with Radar,12,13,4,0,29,0,9,22,0,31,12,22,26,0,60,30,0,30,90
12/25/2010,TOL,OH,AGL,CE,Combined TRACON& Tower with Radar,4,7,3,0,14,0,6,13,0,19,4,13,16,0,33,0,0,0,33
12/26/2010,TOL,OH,AGL,CE,Combined TRACON& Tower with Radar,0,13,3,0,16,1,5,1,0,7,1,18,4,0,23,0,0,0,23
12/27/2010,TOL,OH,AGL,CE,Combined TRACON& Tower with Radar,6,15,22,6,49,0,20,53,0,73,6,35,75,6,122,1,0,1,123
12/28/2010,TOL,OH,AGL,CE,Combined TRACON& Tower with Radar,37,18,12,11,78,0,14,16,0,30,37,32,28,11,108,2,6,8,116
12/29/2010,TOL,OH,AGL,CE,Combined TRACON& Tower with Radar,42,18,12,7,79,0,20,63,1,84,42,38,75,8,163,8,12,20,183
12/30/2010,TOL,OH,AGL,CE,Combined TRACON& Tower with Radar,40,10,21,0,71,0,12,24,0,36,40,22,45,0,107,4,0,4,111
12/31/2010,TOL,OH,AGL,CE,Combined TRACON& Tower with Radar,8,6,6,0,20,0,4,14,0,18,8,10,20,0,38,0,0,0,38
01/01/2011,TOL,OH,AGL,CE,Combined TRACON& Tower with Radar,4,7,5,10,26,0,6,7,0,13,4,13,12,10,39,4,0,4,43
01/02/2011,TOL,OH,AGL,CE,Combined TRACON& Tower with Radar,0,18,11,2,31,0,6,22,0,28,0,24,33,2,59,7,0,7,66
01/03/2011,TOL,OH,AGL,CE,Combined TRACON& Tower with Radar,4,14,25,13,56,0,5,74,3,82,4,19,99,16,138,22,10,32,170
01/04/2011,TOL,OH,AGL,CE,Combined TRACON& Tower with Radar,41,19,33,9,102,0,9,51,3,63,41,28,84,12,165,14,12,26,191
01/05/2011,TOL,OH,AGL,CE,Combined TRACON& Tower with Radar,37,10,40,6,93,0,10,64,0,74,37,20,104,6,167,18,4,22,189
01/06/2011,TOL,OH,AGL,CE,Combined TRACON& Tower with Radar,36,15,18,13,82,0,0,12,0,12,36,15,30,13,94,2,0,2,96
01/07/2011,TOL,OH,AGL,CE,Combined TRACON& Tower with Radar,38,9,21,0,68,0,0,3,0,3,38,9,24,0,71,8,0,8,79
01/08/2011,TOL,OH,AGL,CE,Combined TRACON& Tower with Radar,10,4,18,12,44,0,2,22,2,26,10,6,40,14,70,6,22,28,98
01/09/2011,TOL,OH,AGL,CE,Combined TRACON& Tower with Radar,4,9,22,4,39,0,13,82,2,97,4,22,104,6,136,16,0,16,152
01/10/2011,TOL,OH,AGL,CE,Combined TRACON& Tower with Radar,4,16,24,11,55,0,2,16,2,20,4,18,40,13,75,4,3,7,82
01/11/2011,TOL,OH,AGL,CE,Combined TRACON& Tower with Radar,35,12,14,1,62,0,2,4,0,6,35,14,18,1,68,2,4,6,74
01/12/2011,TOL,OH,AGL,CE,Combined TRACON& Tower with Radar,37,13,23,11,84,0,4,19,0,23,37,17,42,11,107,2,4,6,113
01/13/2011,TOL,OH,AGL,CE,Combined TRACON& Tower with Radar,39,14,29,14,96,0,6,22,0,28,39,20,51,14,124,4,0,4,128
01/14/2011,TOL,OH,AGL,CE,Combined TRACON& Tower with Radar,36,8,31,0,75,0,8,17,0,25,36,16,48,0,100,2,0,2,102
01/15/2011,TOL,OH,AGL,CE,Combined TRACON& Tower with Radar,15,6,8,0,29,0,15,10,0,25,15,21,18,0,54,2,0,2,56
01/16/2011,TOL,OH,AGL,CE,Combined TRACON& Tower with Radar,2,13,26,2,43,0,0,68,4,72,2,13,94,6,115,38,0,38,153
01/17/2011,TOL,OH,AGL,CE,Combined TRACON& Tower with Radar,4,15,27,0,46,0,12,44,0,56,4,27,71,0,102,10,0,10,112
01/18/2011,TOL,OH,AGL,CE,Combined TRACON& Tower with Radar,39,10,23,1,73,1,0,1,0,2,40,10,24,1,75,0,0,0,75
01/19/2011,TOL,OH,AGL,CE,Combined TRACON& Tower with Radar,41,17,31,0,89,0,6,3,0,9,41,23,34,0,98,0,0,0,98
01/20/2011,TOL,OH,AGL,CE,Combined TRACON& Tower with Radar,39,18,35,9,101,0,4,12,0,16,39,22,47,9,117,0,0,0,117
01/21/2011,TOL,OH,AGL,CE,Combined TRACON& Tower with Radar,38,15,28,1,82,0,4,17,1,22,38,19,45,2,104,7,0,7,111
01/22/2011,TOL,OH,AGL,CE,Combined TRACON& Tower with Radar,29,7,26,0,62,14,9,15,0,38,43,16,41,0,100,32,0,32,132
01/23/2011,TOL,OH,AGL,CE,Combined TRACON& Tower with Radar,6,8,13,0,27,0,7,55,0,62,6,15,68,0,89,26,0,26,115
01/24/2011,TOL,OH,AGL,CE,Combined TRACON& Tower with Radar,7,13,28,5,53,0,9,10,0,19,7,22,38,5,72,0,4,4,76
01/25/2011,TOL,OH,AGL,CE,Combined TRACON& Tower with Radar,55,14,31,5,105,0,12,5,0,17,55,26,36,5,122,4,0,4,126
01/26/2011,TOL,OH,AGL,CE,Combined TRACON& Tower with Radar,43,15,25,9,92,0,2,14,0,16,43,17,39,9,108,18,2,20,128
01/27/2011,TOL,OH,AGL,CE,Combined TRACON& Tower with Radar,37,14,24,10,85,0,0,4,0,4,37,14,28,10,89,0,0,0,89
01/28/2011,TOL,OH,AGL,CE,Combined TRACON& Tower with Radar,39,17,19,4,79,0,6,13,0,19,39,23,32,4,98,0,0,0,98
01/29/2011,TOL,OH,AGL,CE,Combined TRACON& Tower with Radar,14,7,3,0,24,0,6,15,0,21,14,13,18,0,45,0,0,0,45
01/30/2011,TOL,OH,AGL,CE,Combined TRACON& Tower with Radar,3,8,19,0,30,0,15,36,0,51,3,23,55,0,81,16,0,16,97
01/31/2011,TOL,OH,AGL,CE,Combined TRACON& Tower with Radar,4,9,22,16,51,0,10,35,0,45,4,19,57,16,96,18,18,36,132
02/01/2011,TOL,OH,AGL,CE,Combined TRACON& Tower with Radar,43,8,5,0,56,0,4,6,0,10,43,12,11,0,66,0,0,0,66
02/02/2011,TOL,OH,AGL,CE,Combined TRACON& Tower with Radar,5,10,3,0,18,0,8,13,0,21,5,18,16,0,39,18,4,22,61
02/03/2011,TOL,OH,AGL,CE,Combined TRACON& Tower with Radar,41,11,22,15,89,0,11,45,1,57,41,22,67,16,146,18,4,22,168
02/04/2011,TOL,OH,AGL,CE,Combined TRACON& Tower with Radar,42,13,30,0,85,0,16,61,0,77,42,29,91,0,162,20,0,20,182
02/05/2011,TOL,OH,AGL,CE,Combined TRACON& Tower with Radar,11,10,9,0,30,0,6,4,0,10,11,16,13,0,40,0,0,0,40
02/06/2011,TOL,OH,AGL,CE,Combined TRACON& Tower with Radar,2,7,8,0,17,0,0,2,0,2,2,7,10,0,19,0,0,0,19
02/07/2011,TOL,OH,AGL,CE,Combined TRACON& Tower with Radar,4,11,28,8,51,0,6,6,0,12,4,17,34,8,63,0,12,12,75
02/08/2011,TOL,OH,AGL,CE,Combined TRACON& Tower with Radar,39,14,24,16,93,0,15,39,0,54,39,29,63,16,147,22,0,22,169
02/09/2011,TOL,OH,AGL,CE,Combined TRACON& Tower with Radar,38,12,34,16,100,0,13,42,0,55,38,25,76,16,155,16,8,24,179
02/10/2011,TOL,OH,AGL,CE,Combined TRACON& Tower with Radar,44,11,30,13,98,0,13,68,0,81,44,24,98,13,179,19,8,27,206
02/11/2011,TOL,OH,AGL,CE,Combined TRACON& Tower with Radar,45,12,45,4,106,0,7,48,0,55,45,19,93,4,161,37,0,37,198
02/12/2011,TOL,OH,AGL,CE,Combined TRACON& Tower with Radar,19,5,11,9,44,0,6,64,0,70,19,11,75,9,114,14,0,14,128
02/13/2011,TOL,OH,AGL,CE,Combined TRACON& Tower with Radar,0,11,11,0,22,0,13,39,0,52,0,24,50,0,74,6,0,6,80
02/14/2011,TOL,OH,AGL,CE,Combined TRACON& Tower with Radar,7,10,26,0,43,0,2,13,0,15,7,12,39,0,58,12,0,12,70
02/15/2011,TOL,OH,AGL,CE,Combined TRACON& Tower with Radar,41,9,31,8,89,0,9,73,2,84,41,18,104,10,173,4,12,16,189
02/16/2011,TOL,OH,AGL,CE,Combined TRACON& Tower with Radar,42,12,25,2,81,0,17,38,1,56,42,29,63,3,137,14,0,14,151
02/17/2011,TOL,OH,AGL,CE,Combined TRACON& Tower with Radar,37,15,21,1,74,0,9,19,0,28,37,24,40,1,102,8,0,8,110
02/18/2011,TOL,OH,AGL,CE,Combined TRACON& Tower with Radar,48,18,20,3,89,0,10,47,0,57,48,28,67,3,146,14,4,18,164
02/19/2011,TOL,OH,AGL,CE,Combined TRACON& Tower with Radar,15,2,26,3,46,0,11,92,0,103,15,13,118,3,149,20,0,20,169
02/20/2011,TOL,OH,AGL,CE,Combined TRACON& Tower with Radar,2,7,6,1,16,0,5,16,0,21,2,12,22,1,37,2,0,2,39
02/21/2011,TOL,OH,AGL,CE,Combined TRACON& Tower with Radar,4,10,20,0,34,0,0,1,0,1,4,10,21,0,35,0,0,0,35
02/22/2011,TOL,OH,AGL,CE,Combined TRACON& Tower with Radar,40,10,10,0,60,0,17,20,0,37,40,27,30,0,97,0,0,0,97
02/23/2011,TOL,OH,AGL,CE,Combined TRACON& Tower with Radar,51,16,40,4,111,0,1,2,0,3,51,17,42,4,114,10,0,10,124
02/24/2011,TOL,OH,AGL,CE,Combined TRACON& Tower with Radar,37,26,35,4,102,0,4,11,0,15,37,30,46,4,117,10,0,10,127
02/25/2011,TOL,OH,AGL,CE,Combined TRACON& Tower with Radar,42,12,19,1,74,0,6,8,2,16,42,18,27,3,90,2,0,2,92
02/26/2011,TOL,OH,AGL,CE,Combined TRACON& Tower with Radar,10,10,10,0,30,0,8,20,0,28,10,18,30,0,58,2,0,2,60
02/27/2011,TOL,OH,AGL,CE,Combined TRACON& Tower with Radar,0,9,14,0,23,0,2,4,0,6,0,11,18,0,29,0,0,0,29
02/28/2011,TOL,OH,AGL,CE,Combined TRACON& Tower with Radar,7,15,38,17,77,2,13,31,4,50,9,28,69,21,127,18,11,29,156
03/01/2011,TOL,OH,AGL,CE,Combined TRACON& Tower with Radar,44,20,32,26,122,0,7,29,16,52,44,27,61,42,174,28,32,60,234
03/02/2011,TOL,OH,AGL,CE,Combined TRACON& Tower with Radar,40,23,47,14,124,0,9,98,2,109,40,32,145,16,233,16,14,30,263
03/03/2011,TOL,OH,AGL,CE,Combined TRACON& Tower with Radar,40,10,34,25,109,0,19,78,1,98,40,29,112,26,207,35,8,43,250
03/04/2011,TOL,OH,AGL,CE,Combined TRACON& Tower with Radar,47,7,23,13,90,0,7,7,0,14,47,14,30,13,104,0,8,8,112
03/05/2011,TOL,OH,AGL,CE,Combined TRACON& Tower with Radar,12,2,11,0,25,0,0,0,0,0,12,2,11,0,25,0,0,0,25
03/06/2011,TOL,OH,AGL,CE,Combined TRACON& Tower with Radar,2,10,11,7,30,0,6,29,0,35,2,16,40,7,65,12,0,12,77
03/07/2011,TOL,OH,AGL,CE,Combined TRACON& Tower with Radar,10,16,33,19,78,0,11,42,0,53,10,27,75,19,131,8,22,30,161
03/08/2011,TOL,OH,AGL,CE,Combined TRACON& Tower with Radar,43,12,23,14,92,0,5,49,6,60,43,17,72,20,152,26,6,32,184
03/09/2011,TOL,OH,AGL,CE,Combined TRACON& Tower with Radar,49,10,18,4,81,0,2,3,0,5,49,12,21,4,86,0,0,0,86
03/10/2011,TOL,OH,AGL,CE,Combined TRACON& Tower with Radar,44,20,29,3,96,0,3,15,0,18,44,23,44,3,114,5,4,9,123
03/11/2011,TOL,OH,AGL,CE,Combined TRACON& Tower with Radar,45,14,17,2,78,0,0,44,0,44,45,14,61,2,122,12,2,14,136
03/12/2011,TOL,OH,AGL,CE,Combined TRACON& Tower with Radar,14,6,11,0,31,0,7,40,0,47,14,13,51,0,78,16,0,16,94
03/13/2011,TOL,OH,AGL,CE,Combined TRACON& Tower with Radar,3,10,26,0,39,0,6,37,0,43,3,16,63,0,82,26,0,26,108
03/14/2011,TOL,OH,AGL,CE,Combined TRACON& Tower with Radar,7,8,40,26,81,0,18,57,4,79,7,26,97,30,160,4,26,30,190
03/15/2011,TOL,OH,AGL,CE,Combined TRACON& Tower with Radar,43,24,36,10,113,0,12,17,0,29,43,36,53,10,142,10,12,22,164
03/16/2011,TOL,OH,AGL,CE,Combined TRACON& Tower with Radar,48,14,41,28,131,0,19,55,2,76,48,33,96,30,207,40,32,72,279
03/17/2011,TOL,OH,AGL,CE,Combined TRACON& Tower with Radar,40,12,26,10,88,0,2,50,1,53,40,14,76,11,141,16,16,32,173
03/18/2011,TOL,OH,AGL,CE,Combined TRACON& Tower with Radar,41,32,21,0,94,0,14,95,0,109,41,46,116,0,203,28,0,28,231
03/19/2011,TOL,OH,AGL,CE,Combined TRACON& Tower with Radar,10,10,25,0,45,0,19,122,0,141,10,29,147,0,186,30,0,30,216
03/20/2011,TOL,OH,AGL,CE,Combined TRACON& Tower with Radar,2,6,21,0,29,1,7,43,0,51,3,13,64,0,80,12,0,12,92
03/21/2011,TOL,OH,AGL,CE,Combined TRACON& Tower with Radar,6,10,46,9,71,0,7,29,0,36,6,17,75,9,107,16,0,16,123
03/22/2011,TOL,OH,AGL,CE,Combined TRACON& Tower with Radar,40,10,24,23,97,0,10,12,0,22,40,20,36,23,119,4,2,6,125
03/23/2011,TOL,OH,AGL,CE,Combined TRACON& Tower with Radar,49,9,18,6,82,0,0,0,0,0,49,9,18,6,82,0,0,0,82
03/24/2011,TOL,OH,AGL,CE,Combined TRACON& Tower with Radar,43,12,26,23,104,0,37,36,0,73,43,49,62,23,177,24,18,42,219
03/25/2011,TOL,OH,AGL,CE,Combined TRACON& Tower with Radar,50,18,27,4,99,0,6,106,0,112,50,24,133,4,211,18,6,24,235
03/26/2011,TOL,OH,AGL,CE,Combined TRACON& Tower with Radar,13,9,20,1,43,0,15,54,1,70,13,24,74,2,113,10,4,14,127
03/27/2011,TOL,OH,AGL,CE,Combined TRACON& Tower with Radar,8,9,17,0,34,0,5,75,0,80,8,14,92,0,114,38,0,38,152
03/28/2011,TOL,OH,AGL,CE,Combined TRACON& Tower with Radar,32,8,57,13,110,0,4,76,1,81,32,12,133,14,191,71,4,75,266
03/29/2011,TOL,OH,AGL,CE,Combined TRACON& Tower with Radar,48,17,35,10,110,0,16,68,0,84,48,33,103,10,194,60,6,66,260
03/30/2011,TOL,OH,AGL,CE,Combined TRACON& Tower with Radar,47,13,49,16,125,0,19,42,9,70,47,32,91,25,195,26,10,36,231
03/31/2011,TOL,OH,AGL,CE,Combined TRACON& Tower with Radar,41,25,29,11,106,0,3,26,2,31,41,28,55,13,137,18,6,24,161
04/01/2011,TOL,OH,AGL,CE,Combined TRACON& Tower with Radar,46,31,20,1,98,0,9,73,0,82,46,40,93,1,180,66,0,66,246
04/02/2011,TOL,OH,AGL,CE,Combined TRACON& Tower with Radar,18,11,20,0,49,0,12,37,0,49,18,23,57,0,98,10,0,10,108
04/03/2011,TOL,OH,AGL,CE,Combined TRACON& Tower with Radar,2,14,12,2,30,0,15,36,0,51,2,29,48,2,81,0,0,0,81
04/04/2011,TOL,OH,AGL,CE,Combined TRACON& Tower with Radar,7,11,25,0,43,0,4,7,0,11,7,15,32,0,54,8,0,8,62
04/05/2011,TOL,OH,AGL,CE,Combined TRACON& Tower with Radar,38,14,13,4,69,0,14,66,0,80,38,28,79,4,149,38,0,38,187
04/06/2011,TOL,OH,AGL,CE,Combined TRACON& Tower with Radar,45,41,8,0,94,0,13,57,0,70,45,54,65,0,164,32,0,32,196
04/07/2011,TOL,OH,AGL,CE,Combined TRACON& Tower with Radar,42,12,38,15,107,0,1,9,0,10,42,13,47,15,117,4,2,6,123
04/08/2011,TOL,OH,AGL,CE,Combined TRACON& Tower with Radar,42,6,16,1,65,0,2,0,0,2,42,8,16,1,67,0,0,0,67
04/09/2011,TOL,OH,AGL,CE,Combined TRACON& Tower with Radar,31,8,55,1,95,0,5,12,0,17,31,13,67,1,112,48,0,48,160
04/10/2011,TOL,OH,AGL,CE,Combined TRACON& Tower with Radar,6,13,17,1,37,0,10,41,0,51,6,23,58,1,88,0,0,0,88
04/11/2011,TOL,OH,AGL,CE,Combined TRACON& Tower with Radar,8,10,23,10,51,0,10,19,2,31,8,20,42,12,82,0,8,8,90
04/12/2011,TOL,OH,AGL,CE,Combined TRACON& Tower with Radar,43,14,38,9,104,0,8,50,11,69,43,22,88,20,173,36,8,44,217
04/13/2011,TOL,OH,AGL,CE,Combined TRACON& Tower with Radar,42,17,59,26,144,0,14,144,15,173,42,31,203,41,317,92,24,116,433
04/14/2011,TOL,OH,AGL,CE,Combined TRACON& Tower with Radar,39,15,56,12,122,0,11,89,9,109,39,26,145,21,231,61,6,67,298
04/15/2011,TOL,OH,AGL,CE,Combined TRACON& Tower with Radar,42,8,17,3,70,0,12,34,0,46,42,20,51,3,116,0,0,0,116
04/16/2011,TOL,OH,AGL,CE,Combined TRACON& Tower with Radar,12,7,8,0,27,0,6,18,0,24,12,13,26,0,51,2,0,2,53
04/17/2011,TOL,OH,AGL,CE,Combined TRACON& Tower with Radar,2,9,4,0,15,0,8,10,0,18,2,17,14,0,33,4,0,4,37
04/18/2011,TOL,OH,AGL,CE,Combined TRACON& Tower with Radar,13,8,26,5,52,0,9,5,3,17,13,17,31,8,69,2,2,4,73
04/19/2011,TOL,OH,AGL,CE,Combined TRACON& Tower with Radar,44,12,30,4,90,0,6,4,0,10,44,18,34,4,100,2,0,2,102
04/20/2011,TOL,OH,AGL,CE,Combined TRACON& Tower with Radar,40,11,37,10,98,0,6,5,0,11,40,17,42,10,109,2,4,6,115
04/21/2011,TOL,OH,AGL,CE,Combined TRACON& Tower with Radar,42,9,41,17,109,0,6,122,3,131,42,15,163,20,240,28,25,53,293
04/22/2011,TOL,OH,AGL,CE,Combined TRACON& Tower with Radar,41,7,38,0,86,0,3,22,0,25,41,10,60,0,111,16,0,16,127
04/23/2011,TOL,OH,AGL,CE,Combined TRACON& Tower with Radar,13,10,17,0,40,0,17,61,0,78,13,27,78,0,118,11,0,11,129
04/24/2011,TOL,OH,AGL,CE,Combined TRACON& Tower with Radar,0,10,19,0,29,0,10,34,0,44,0,20,53,0,73,10,0,10,83
04/25/2011,TOL,OH,AGL,CE,Combined TRACON& Tower with Radar,7,7,47,2,63,0,0,2,0,2,7,7,49,2,65,4,0,4,69
04/26/2011,TOL,OH,AGL,CE,Combined TRACON& Tower with Radar,38,12,18,22,90,0,13,22,0,35,38,25,40,22,125,6,8,14,139
04/27/2011,TOL,OH,AGL,CE,Combined TRACON& Tower with Radar,39,11,35,2,87,0,20,3,0,23,39,31,38,2,110,1,0,1,111
04/28/2011,TOL,OH,AGL,CE,Combined TRACON& Tower with Radar,39,11,27,0,77,0,7,15,0,22,39,18,42,0,99,2,0,2,101
04/29/2011,TOL,OH,AGL,CE,Combined TRACON& Tower with Radar,40,17,43,0,100,0,11,86,0,97,40,28,129,0,197,22,0,22,219
04/30/2011,TOL,OH,AGL,CE,Combined TRACON& Tower with Radar,11,10,19,1,41,0,17,166,0,183,11,27,185,1,224,53,8,61,285
05/01/2011,TOL,OH,AGL,CE,Combined TRACON& Tower with Radar,1,11,21,1,34,0,9,13,0,22,1,20,34,1,56,0,0,0,56
05/02/2011,TOL,OH,AGL,CE,Combined TRACON& Tower with Radar,4,15,28,35,82,0,12,67,0,79,4,27,95,35,161,18,34,52,213
05/03/2011,TOL,OH,AGL,CE,Combined TRACON& Tower with Radar,40,14,27,24,105,0,10,13,2,25,40,24,40,26,130,6,24,30,160
05/04/2011,TOL,OH,AGL,CE,Combined TRACON& Tower with Radar,40,11,37,27,115,0,7,60,4,71,40,18,97,31,186,39,4,43,229
05/05/2011,TOL,OH,AGL,CE,Combined TRACON& Tower with Radar,46,15,49,13,123,0,22,94,4,120,46,37,143,17,243,15,20,35,278
05/06/2011,TOL,OH,AGL,CE,Combined TRACON& Tower with Radar,39,14,35,0,88,0,6,37,0,43,39,20,72,0,131,18,0,18,149
05/07/2011,TOL,OH,AGL,CE,Combined TRACON& Tower with Radar,11,4,26,2,43,0,10,52,0,62,11,14,78,2,105,12,0,12,117
05/08/2011,TOL,OH,AGL,CE,Combined TRACON& Tower with Radar,1,13,27,0,41,0,7,64,0,71,1,20,91,0,112,26,0,26,138
05/09/2011,TOL,OH,AGL,CE,Combined TRACON& Tower with Radar,4,11,40,8,63,0,4,47,1,52,4,15,87,9,115,48,2,50,165
05/10/2011,TOL,OH,AGL,CE,Combined TRACON& Tower with Radar,39,10,24,0,73,0,11,38,0,49,39,21,62,0,122,8,0,8,130
05/11/2011,TOL,OH,AGL,CE,Combined TRACON& Tower with Radar,38,11,46,9,104,0,15,48,0,63,38,26,94,9,167,7,0,7,174
05/12/2011,TOL,OH,AGL,CE,Combined TRACON& Tower with Radar,36,12,45,16,109,0,7,38,4,49,36,19,83,20,158,8,28,36,194
05/13/2011,TOL,OH,AGL,CE,Combined TRACON& Tower with Radar,40,8,19,2,69,0,3,39,0,42,40,11,58,2,111,2,2,4,115
05/14/2011,TOL,OH,AGL,CE,Combined TRACON& Tower with Radar,12,5,16,0,33,0,4,27,0,31,12,9,43,0,64,6,0,6,70
05/15/2011,TOL,OH,AGL,CE,Combined TRACON& Tower with Radar,6,8,21,0,35,0,2,5,0,7,6,10,26,0,42,6,0,6,48
05/16/2011,TOL,OH,AGL,CE,Combined TRACON& Tower with Radar,4,10,65,6,85,0,15,29,0,44,4,25,94,6,129,95,2,97,226
05/17/2011,TOL,OH,AGL,CE,Combined TRACON& Tower with Radar,43,7,48,0,98,0,7,14,0,21,43,14,62,0,119,22,0,22,141
05/18/2011,TOL,OH,AGL,CE,Combined TRACON& Tower with Radar,44,13,28,0,85,0,0,0,0,0,44,13,28,0,85,2,0,2,87
05/19/2011,TOL,OH,AGL,CE,Combined TRACON& Tower with Radar,39,12,59,3,113,0,2,14,5,21,39,14,73,8,134,24,10,34,168
05/20/2011,TOL,OH,AGL,CE,Combined TRACON& Tower with Radar,37,10,29,6,82,0,6,48,0,54,37,16,77,6,136,8,0,8,144
05/21/2011,TOL,OH,AGL,CE,Combined TRACON& Tower with Radar,13,4,17,5,39,0,9,73,2,84,13,13,90,7,123,16,2,18,141
05/22/2011,TOL,OH,AGL,CE,Combined TRACON& Tower with Radar,0,10,23,6,39,1,7,127,0,135,1,17,150,6,174,4,2,6,180
05/23/2011,TOL,OH,AGL,CE,Combined TRACON& Tower with Radar,6,12,26,23,67,0,5,32,2,39,6,17,58,25,106,9,10,19,125
05/24/2011,TOL,OH,AGL,CE,Combined TRACON& Tower with Radar,39,12,20,16,87,0,7,49,0,56,39,19,69,16,143,38,14,52,195
05/25/2011,TOL,OH,AGL,CE,Combined TRACON& Tower with Radar,41,6,35,8,90,0,0,17,0,17,41,6,52,8,107,10,0,10,117
05/26/2011,TOL,OH,AGL,CE,Combined TRACON& Tower with Radar,42,11,21,15,89,0,7,11,0,18,42,18,32,15,107,0,0,0,107
05/27/2011,TOL,OH,AGL,CE,Combined TRACON& Tower with Radar,42,10,36,3,91,0,10,12,0,22,42,20,48,3,113,6,0,6,119
05/28/2011,TOL,OH,AGL,CE,Combined TRACON& Tower with Radar,6,6,19,1,32,0,0,23,0,23,6,6,42,1,55,8,4,12,67
05/29/2011,TOL,OH,AGL,CE,Combined TRACON& Tower with Radar,3,3,13,0,19,0,4,34,0,38,3,7,47,0,57,4,0,4,61
05/30/2011,TOL,OH,AGL,CE,Combined TRACON& Tower with Radar,6,12,21,2,41,0,17,84,15,116,6,29,105,17,157,20,0,20,177
05/31/2011,TOL,OH,AGL,CE,Combined TRACON& Tower with Radar,11,9,19,14,53,0,1,47,3,51,11,10,66,17,104,4,0,4,108
06/01/2011,TOL,OH,AGL,CE,Combined TRACON& Tower with Radar,43,10,23,18,94,0,0,65,17,82,43,10,88,35,176,10,12,22,198
06/02/2011,TOL,OH,AGL,CE,Combined TRACON& Tower with Radar,43,17,53,20,133,0,7,126,5,138,43,24,179,25,271,27,0,27,298
06/03/2011,TOL,OH,AGL,CE,Combined TRACON& Tower with Radar,43,14,19,6,82,0,21,74,0,95,43,35,93,6,177,4,0,4,181
06/04/2011,TOL,OH,AGL,CE,Combined TRACON& Tower with Radar,13,8,4,0,25,0,11,58,0,69,13,19,62,0,94,20,0,20,114
06/05/2011,TOL,OH,AGL,CE,Combined TRACON& Tower with Radar,2,8,21,0,31,0,12,96,0,108,2,20,117,0,139,6,0,6,145
06/06/2011,TOL,OH,AGL,CE,Combined TRACON& Tower with Radar,2,15,40,19,76,30,5,83,17,135,32,20,123,36,211,14,95,109,320
06/07/2011,TOL,OH,AGL,CE,Combined TRACON& Tower with Radar,42,19,43,19,123,0,6,80,10,96,42,25,123,29,219,36,28,64,283
06/08/2011,TOL,OH,AGL,CE,Combined TRACON& Tower with Radar,44,8,48,15,115,0,6,76,4,86,44,14,124,19,201,29,22,51,252
06/09/2011,TOL,OH,AGL,CE,Combined TRACON& Tower with Radar,41,5,23,15,84,1,4,50,8,63,42,9,73,23,147,45,8,53,200
06/10/2011,TOL,OH,AGL,CE,Combined TRACON& Tower with Radar,37,9,25,1,72,0,1,5,0,6,37,10,30,1,78,0,0,0,78
06/11/2011,TOL,OH,AGL,CE,Combined TRACON& Tower with Radar,13,4,18,31,66,0,16,53,0,69,13,20,71,31,135,14,0,14,149
06/12/2011,TOL,OH,AGL,CE,Combined TRACON& Tower with Radar,1,18,21,5,45,0,0,63,2,65,1,18,84,7,110,14,2,16,126
06/13/2011,TOL,OH,AGL,CE,Combined TRACON& Tower with Radar,2,12,48,24,86,0,11,97,4,112,2,23,145,28,198,28,16,44,242
06/14/2011,TOL,OH,AGL,CE,Combined TRACON& Tower with Radar,39,12,44,12,107,0,7,109,4,120,39,19,153,16,227,54,6,60,287
06/15/2011,TOL,OH,AGL,CE,Combined TRACON& Tower with Radar,43,15,37,25,120,0,13,74,4,91,43,28,111,29,211,2,12,14,225
06/16/2011,TOL,OH,AGL,CE,Combined TRACON& Tower with Radar,38,11,42,22,113,0,11,17,0,28,38,22,59,22,141,6,0,6,147
06/17/2011,TOL,OH,AGL,CE,Combined TRACON& Tower with Radar,61,10,37,0,108,0,10,104,1,115,61,20,141,1,223,30,2,32,255
06/18/2011,TOL,OH,AGL,CE,Combined TRACON& Tower with Radar,11,4,16,0,31,0,16,58,0,74,11,20,74,0,105,12,0,12,117
06/19/2011,TOL,OH,AGL,CE,Combined TRACON& Tower with Radar,2,12,29,17,60,0,11,54,0,65,2,23,83,17,125,2,18,20,145
06/20/2011,TOL,OH,AGL,CE,Combined TRACON& Tower with Radar,4,10,34,21,69,0,7,16,0,23,4,17,50,21,92,6,0,6,98
06/21/2011,TOL,OH,AGL,CE,Combined TRACON& Tower with Radar,40,8,35,26,109,0,6,60,12,78,40,14,95,38,187,16,29,45,232
06/22/2011,TOL,OH,AGL,CE,Combined TRACON& Tower with Radar,43,9,54,18,124,0,6,31,1,38,43,15,85,19,162,32,16,48,210
06/23/2011,TOL,OH,AGL,CE,Combined TRACON& Tower with Radar,38,18,33,23,112,0,7,32,1,40,38,25,65,24,152,20,1,21,173
06/24/2011,TOL,OH,AGL,CE,Combined TRACON& Tower with Radar,36,9,43,0,88,0,11,24,0,35,36,20,67,0,123,12,0,12,135
06/25/2011,TOL,OH,AGL,CE,Combined TRACON& Tower with Radar,9,12,28,1,50,0,6,70,0,76,9,18,98,1,126,30,2,32,158
06/26/2011,TOL,OH,AGL,CE,Combined TRACON& Tower with Radar,0,7,19,0,26,0,13,98,3,114,0,20,117,3,140,32,0,32,172
06/27/2011,TOL,OH,AGL,CE,Combined TRACON& Tower with Radar,6,15,29,15,65,0,5,51,0,56,6,20,80,15,121,42,10,52,173
06/28/2011,TOL,OH,AGL,CE,Combined TRACON& Tower with Radar,40,7,43,19,109,0,5,41,0,46,40,12,84,19,155,46,20,66,221
06/29/2011,TOL,OH,AGL,CE,Combined TRACON& Tower with Radar,41,15,52,18,126,0,12,122,4,138,41,27,174,22,264,40,8,48,312
06/30/2011,TOL,OH,AGL,CE,Combined TRACON& Tower with Radar,38,10,32,13,93,0,20,124,0,144,38,30,156,13,237,31,10,41,278
07/01/2011,TOL,OH,AGL,CE,Combined TRACON& Tower with Radar,40,10,19,0,69,0,9,99,0,108,40,19,118,0,177,24,0,24,201
07/02/2011,TOL,OH,AGL,CE,Combined TRACON& Tower with Radar,13,5,19,2,39,0,4,48,0,52,13,9,67,2,91,2,0,2,93
07/03/2011,TOL,OH,AGL,CE,Combined TRACON& Tower with Radar,0,6,12,0,18,0,1,137,0,138,0,7,149,0,156,48,0,48,204
07/04/2011,TOL,OH,AGL,CE,Combined TRACON& Tower with Radar,2,8,11,0,21,0,18,101,0,119,2,26,112,0,140,0,0,0,140
07/05/2011,TOL,OH,AGL,CE,Combined TRACON& Tower with Radar,7,6,31,9,53,0,7,84,0,91,7,13,115,9,144,8,0,8,152
07/06/2011,TOL,OH,AGL,CE,Combined TRACON& Tower with Radar,41,13,30,12,96,0,14,49,0,63,41,27,79,12,159,20,14,34,193
07/07/2011,TOL,OH,AGL,CE,Combined TRACON& Tower with Radar,38,11,24,20,93,0,14,100,13,127,38,25,124,33,220,8,20,28,248
07/08/2011,TOL,OH,AGL,CE,Combined TRACON& Tower with Radar,37,9,18,0,64,0,8,97,0,105,37,17,115,0,169,19,0,19,188
07/09/2011,TOL,OH,AGL,CE,Combined TRACON& Tower with Radar,10,9,33,0,52,0,8,118,0,126,10,17,151,0,178,58,0,58,236
07/10/2011,TOL,OH,AGL,CE,Combined TRACON& Tower with Radar,0,12,24,0,36,0,8,69,0,77,0,20,93,0,113,4,0,4,117
07/11/2011,TOL,OH,AGL,CE,Combined TRACON& Tower with Radar,4,21,27,14,66,0,15,46,0,61,4,36,73,14,127,11,2,13,140
07/12/2011,TOL,OH,AGL,CE,Combined TRACON& Tower with Radar,42,14,33,14,103,0,7,73,1,81,42,21,106,15,184,24,2,26,210
07/13/2011,TOL,OH,AGL,CE,Combined TRACON& Tower with Radar,39,16,29,20,104,0,8,62,6,76,39,24,91,26,180,10,14,24,204
07/14/2011,TOL,OH,AGL,CE,Combined TRACON& Tower with Radar,38,13,20,26,97,0,4,95,0,99,38,17,115,26,196,6,0,6,202
07/15/2011,TOL,OH,AGL,CE,Combined TRACON& Tower with Radar,41,10,24,3,78,0,21,100,2,123,41,31,124,5,201,10,0,10,211
07/16/2011,TOL,OH,AGL,CE,Combined TRACON& Tower with Radar,13,11,14,27,65,0,25,90,15,130,13,36,104,42,195,8,26,34,229
07/17/2011,TOL,OH,AGL,CE,Combined TRACON& Tower with Radar,2,10,38,5,55,0,14,97,0,111,2,24,135,5,166,28,0,28,194
07/18/2011,TOL,OH,AGL,CE,Combined TRACON& Tower with Radar,4,10,29,10,53,0,4,32,9,45,4,14,61,19,98,0,22,22,120
07/19/2011,TOL,OH,AGL,CE,Combined TRACON& Tower with Radar,43,10,30,23,106,0,9,35,0,44,43,19,65,23,150,8,15,23,173
07/20/2011,TOL,OH,AGL,CE,Combined TRACON& Tower with Radar,41,13,36,24,114,0,10,72,4,86,41,23,108,28,200,34,0,34,234
07/21/2011,TOL,OH,AGL,CE,Combined TRACON& Tower with Radar,38,8,38,17,101,0,10,96,3,109,38,18,134,20,210,12,12,24,234
07/22/2011,TOL,OH,AGL,CE,Combined TRACON& Tower with Radar,40,8,22,10,80,0,9,55,0,64,40,17,77,10,144,2,10,12,156
07/23/2011,TOL,OH,AGL,CE,Combined TRACON& Tower with Radar,12,9,18,0,39,0,3,29,0,32,12,12,47,0,71,0,0,0,71
07/24/2011,TOL,OH,AGL,CE,Combined TRACON& Tower with Radar,2,9,16,1,28,0,15,64,6,85,2,24,80,7,113,28,0,28,141
07/25/2011,TOL,OH,AGL,CE,Combined TRACON& Tower with Radar,2,19,35,20,76,0,11,100,6,117,2,30,135,26,193,42,23,65,258
07/26/2011,TOL,OH,AGL,CE,Combined TRACON& Tower with Radar,43,14,39,16,112,0,11,118,9,138,43,25,157,25,250,14,28,42,292
07/27/2011,TOL,OH,AGL,CE,Combined TRACON& Tower with Radar,39,8,52,17,116,0,10,101,20,131,39,18,153,37,247,18,10,28,275
07/28/2011,TOL,OH,AGL,CE,Combined TRACON& Tower with Radar,41,17,46,18,122,0,8,53,0,61,41,25,99,18,183,2,14,16,199
07/29/2011,TOL,OH,AGL,CE,Combined TRACON& Tower with Radar,43,30,36,0,109,0,15,50,0,65,43,45,86,0,174,10,0,10,184
07/30/2011,TOL,OH,AGL,CE,Combined TRACON& Tower with Radar,11,8,28,2,49,0,9,112,0,121,11,17,140,2,170,6,0,6,176
07/31/2011,TOL,OH,AGL,CE,Combined TRACON& Tower with Radar,1,23,36,1,61,0,19,83,1,103,1,42,119,2,164,20,0,20,184
08/01/2011,TOL,OH,AGL,CE,Combined TRACON& Tower with Radar,6,13,33,8,60,0,7,53,0,60,6,20,86,8,120,10,10,20,140
08/02/2011,TOL,OH,AGL,CE,Combined TRACON& Tower with Radar,43,30,41,4,118,0,12,58,3,73,43,42,99,7,191,26,6,32,223
08/03/2011,TOL,OH,AGL,CE,Combined TRACON& Tower with Radar,40,27,35,11,113,1,15,30,0,46,41,42,65,11,159,4,12,16,175
08/04/2011,TOL,OH,AGL,CE,Combined TRACON& Tower with Radar,38,27,36,3,104,0,0,53,0,53,38,27,89,3,157,18,0,18,175
08/05/2011,TOL,OH,AGL,CE,Combined TRACON& Tower with Radar,42,10,25,1,78,0,13,71,0,84,42,23,96,1,162,5,0,5,167
08/06/2011,TOL,OH,AGL,CE,Combined TRACON& Tower with Radar,4,7,11,21,43,0,10,27,0,37,4,17,38,21,80,16,0,16,96
08/07/2011,TOL,OH,AGL,CE,Combined TRACON& Tower with Radar,2,5,11,1,19,0,14,60,0,74,2,19,71,1,93,2,0,2,95
08/08/2011,TOL,OH,AGL,CE,Combined TRACON& Tower with Radar,3,9,46,5,63,0,17,48,2,67,3,26,94,7,130,2,4,6,136
08/09/2011,TOL,OH,AGL,CE,Combined TRACON& Tower with Radar,41,14,18,0,73,0,6,43,0,49,41,20,61,0,122,16,0,16,138
08/10/2011,TOL,OH,AGL,CE,Combined TRACON& Tower with Radar,36,9,28,13,86,0,10,83,0,93,36,19,111,13,179,18,12,30,209
08/11/2011,TOL,OH,AGL,CE,Combined TRACON& Tower with Radar,38,7,33,20,98,0,19,115,0,134,38,26,148,20,232,6,8,14,246
08/12/2011,TOL,OH,AGL,CE,Combined TRACON& Tower with Radar,41,13,32,1,87,0,17,109,4,130,41,30,141,5,217,25,0,25,242
08/13/2011,TOL,OH,AGL,CE,Combined TRACON& Tower with Radar,14,7,7,1,29,0,14,115,1,130,14,21,122,2,159,38,2,40,199
08/14/2011,TOL,OH,AGL,CE,Combined TRACON& Tower with Radar,3,8,41,1,53,0,8,5,0,13,3,16,46,1,66,30,2,32,98
08/15/2011,TOL,OH,AGL,CE,Combined TRACON& Tower with Radar,5,12,34,12,63,0,0,57,12,69,5,12,91,24,132,20,14,34,166
08/16/2011,TOL,OH,AGL,CE,Combined TRACON& Tower with Radar,43,11,34,6,94,0,5,94,13,112,43,16,128,19,206,8,2,10,216
08/17/2011,TOL,OH,AGL,CE,Combined TRACON& Tower with Radar,43,22,23,18,106,0,10,83,6,99,43,32,106,24,205,8,2,10,215
08/18/2011,TOL,OH,AGL,CE,Combined TRACON& Tower with Radar,41,15,26,20,102,0,13,56,0,69,41,28,82,20,171,2,2,4,175
08/19/2011,TOL,OH,AGL,CE,Combined TRACON& Tower with Radar,41,15,31,1,88,0,14,96,0,110,41,29,127,1,198,20,0,20,218
08/20/2011,TOL,OH,AGL,CE,Combined TRACON& Tower with Radar,10,9,21,0,40,0,12,52,0,64,10,21,73,0,104,8,0,8,112
08/21/2011,TOL,OH,AGL,CE,Combined TRACON& Tower with Radar,2,11,20,1,34,0,15,53,3,71,2,26,73,4,105,10,0,10,115
08/22/2011,TOL,OH,AGL,CE,Combined TRACON& Tower with Radar,4,13,30,20,67,0,13,94,2,109,4,26,124,22,176,4,34,38,214
08/23/2011,TOL,OH,AGL,CE,Combined TRACON& Tower with Radar,44,14,27,16,101,0,13,71,8,92,44,27,98,24,193,4,22,26,219
08/24/2011,TOL,OH,AGL,CE,Combined TRACON& Tower with Radar,47,7,22,14,90,0,0,11,2,13,47,7,33,16,103,2,9,11,114
08/25/2011,TOL,OH,AGL,CE,Combined TRACON& Tower with Radar,39,18,41,23,121,0,8,86,10,104,39,26,127,33,225,22,8,30,255
08/26/2011,TOL,OH,AGL,CE,Combined TRACON& Tower with Radar,39,14,34,3,90,0,14,121,0,135,39,28,155,3,225,16,0,16,241
08/27/2011,TOL,OH,AGL,CE,Combined TRACON& Tower with Radar,10,9,15,8,42,0,8,86,0,94,10,17,101,8,136,12,4,16,152
08/28/2011,TOL,OH,AGL,CE,Combined TRACON& Tower with Radar,5,9,25,6,45,0,2,88,0,90,5,11,113,6,135,13,10,23,158
08/29/2011,TOL,OH,AGL,CE,Combined TRACON& Tower with Radar,12,18,22,11,63,0,9,62,13,84,12,27,84,24,147,28,16,44,191
08/30/2011,TOL,OH,AGL,CE,Combined TRACON& Tower with Radar,44,14,36,15,109,0,13,61,3,77,44,27,97,18,186,20,12,32,218
08/31/2011,TOL,OH,AGL,CE,Combined TRACON& Tower with Radar,6,11,59,20,96,0,10,73,4,87,6,21,132,24,183,18,20,38,221
09/01/2011,TOL,OH,AGL,CE,Combined TRACON& Tower with Radar,42,12,34,12,100,1,3,17,2,23,43,15,51,14,123,8,14,22,145
09/02/2011,TOL,OH,AGL,CE,Combined TRACON& Tower with Radar,42,16,17,0,75,0,0,14,0,14,42,16,31,0,89,16,0,16,105
09/03/2011,TOL,OH,AGL,CE,Combined TRACON& Tower with Radar,2,7,11,0,20,0,3,8,2,13,2,10,19,2,33,0,0,0,33
09/04/2011,TOL,OH,AGL,CE,Combined TRACON& Tower with Radar,0,7,16,0,23,0,2,10,0,12,0,9,26,0,35,22,0,22,57
09/05/2011,TOL,OH,AGL,CE,Combined TRACON& Tower with Radar,0,11,13,0,24,0,1,5,0,6,0,12,18,0,30,7,0,7,37
09/06/2011,TOL,OH,AGL,CE,Combined TRACON& Tower with Radar,7,9,33,16,65,0,2,18,0,20,7,11,51,16,85,18,10,28,113
09/07/2011,TOL,OH,AGL,CE,Combined TRACON& Tower with Radar,6,7,27,1,41,0,1,1,0,2,6,8,28,1,43,0,0,0,43
09/08/2011,TOL,OH,AGL,CE,Combined TRACON& Tower with Radar,6,14,39,2,61,0,0,1,1,2,6,14,40,3,63,6,0,6,69
09/09/2011,TOL,OH,AGL,CE,Combined TRACON& Tower with Radar,7,13,37,0,57,0,4,0,0,4,7,17,37,0,61,12,0,12,73
09/10/2011,TOL,OH,AGL,CE,Combined TRACON& Tower with Radar,1,11,23,22,57,0,1,7,4,12,1,12,30,26,69,2,2,4,73
09/11/2011,TOL,OH,AGL,CE,Combined TRACON& Tower with Radar,2,13,15,8,38,0,2,5,2,9,2,15,20,10,47,20,13,33,80
09/12/2011,TOL,OH,AGL,CE,Combined TRACON& Tower with Radar,0,15,34,12,61,0,1,9,0,10,0,16,43,12,71,8,10,18,89
09/13/2011,TOL,OH,AGL,CE,Combined TRACON& Tower with Radar,10,12,25,19,66,0,0,33,0,33,10,12,58,19,99,25,12,37,136
09/14/2011,TOL,OH,AGL,CE,Combined TRACON& Tower with Radar,6,18,35,11,70,1,1,9,1,12,7,19,44,12,82,2,6,8,90
09/15/2011,TOL,OH,AGL,CE,Combined TRACON& Tower with Radar,5,20,32,14,71,0,2,20,1,23,5,22,52,15,94,27,19,46,140
09/16/2011,TOL,OH,AGL,CE,Combined TRACON& Tower with Radar,6,14,25,1,46,0,4,27,2,33,6,18,52,3,79,2,0,2,81
09/17/2011,TOL,OH,AGL,CE,Combined TRACON& Tower with Radar,5,9,28,5,47,0,3,31,0,34,5,12,59,5,81,24,0,24,105
09/18/2011,TOL,OH,AGL,CE,Combined TRACON& Tower with Radar,4,11,14,0,29,0,2,22,1,25,4,13,36,1,54,6,1,7,61
09/19/2011,TOL,OH,AGL,CE,Combined TRACON& Tower with Radar,1,10,28,1,40,0,2,5,0,7,1,12,33,1,47,0,0,0,47
09/20/2011,TOL,OH,AGL,CE,Combined TRACON& Tower with Radar,10,14,23,17,64,0,3,26,1,30,10,17,49,18,94,12,8,20,114
09/21/2011,TOL,OH,AGL,CE,Combined TRACON& Tower with Radar,4,15,23,17,59,0,2,10,0,12,4,17,33,17,71,18,0,18,89
09/22/2011,TOL,OH,AGL,CE,Combined TRACON& Tower with Radar,5,13,20,11,49,0,5,19,1,25,5,18,39,12,74,6,6,12,86
09/23/2011,TOL,OH,AGL,CE,Combined TRACON& Tower with Radar,5,17,25,1,48,0,2,10,0,12,5,19,35,1,60,2,0,2,62
09/24/2011,TOL,OH,AGL,CE,Combined TRACON& Tower with Radar,3,5,13,3,24,0,1,4,0,5,3,6,17,3,29,0,0,0,29
09/25/2011,TOL,OH,AGL,CE,Combined TRACON& Tower with Radar,0,12,16,0,28,0,3,11,0,14,0,15,27,0,42,18,0,18,60
09/26/2011,TOL,OH,AGL,CE,Combined TRACON& Tower with Radar,1,11,26,2,40,0,1,8,0,9,1,12,34,2,49,4,0,4,53
09/27/2011,TOL,OH,AGL,CE,Combined TRACON& Tower with Radar,6,8,34,2,50,0,2,6,0,8,6,10,40,2,58,10,0,10,68
09/28/2011,TOL,OH,AGL,CE,Combined TRACON& Tower with Radar,8,12,18,17,55,0,1,3,0,4,8,13,21,17,59,0,2,2,61
09/29/2011,TOL,OH,AGL,CE,Combined TRACON& Tower with Radar,4,12,19,3,38,0,0,3,0,3,4,12,22,3,41,18,0,18,59
09/30/2011,TOL,OH,AGL,CE,Combined TRACON& Tower with Radar,5,20,32,0,57,0,3,7,0,10,5,23,39,0,67,0,0,0,67
10/01/2011,TOL,OH,AGL,CE,Combined TRACON& Tower with Radar,4,14,15,2,35,0,2,8,0,10,4,16,23,2,45,2,0,2,47
10/02/2011,TOL,OH,AGL,CE,Combined TRACON& Tower with Radar,0,10,25,1,36,0,1,22,0,23,0,11,47,1,59,18,0,18,77
10/03/2011,TOL,OH,AGL,CE,Combined TRACON& Tower with Radar,3,11,27,0,41,0,0,18,0,18,3,11,45,0,59,47,0,47,106
10/04/2011,TOL,OH,AGL,CE,Combined TRACON& Tower with Radar,6,11,35,0,52,0,2,33,0,35,6,13,68,0,87,39,0,39,126
10/05/2011,TOL,OH,AGL,CE,Combined TRACON& Tower with Radar,4,12,45,13,74,0,3,46,0,49,4,15,91,13,123,38,8,46,169
10/06/2011,TOL,OH,AGL,CE,Combined TRACON& Tower with Radar,10,13,32,11,66,0,4,21,1,26,10,17,53,12,92,8,6,14,106
10/07/2011,TOL,OH,AGL,CE,Combined TRACON& Tower with Radar,8,15,17,0,40,0,0,33,0,33,8,15,50,0,73,26,0,26,99
10/08/2011,TOL,OH,AGL,CE,Combined TRACON& Tower with Radar,3,5,15,1,24,0,0,33,0,33,3,5,48,1,57,28,1,29,86
10/09/2011,TOL,OH,AGL,CE,Combined TRACON& Tower with Radar,2,12,13,2,29,0,4,19,0,23,2,16,32,2,52,4,2,6,58
10/10/2011,TOL,OH,AGL,CE,Combined TRACON& Tower with Radar,1,13,35,0,49,0,2,29,0,31,1,15,64,0,80,16,0,16,96
10/11/2011,TOL,OH,AGL,CE,Combined TRACON& Tower with Radar,6,12,27,6,51,0,2,38,0,40,6,14,65,6,91,10,11,21,112
10/12/2011,TOL,OH,AGL,CE,Combined TRACON& Tower with Radar,4,9,35,1,49,0,1,7,0,8,4,10,42,1,57,12,0,12,69
10/13/2011,TOL,OH,AGL,CE,Combined TRACON& Tower with Radar,5,13,20,0,38,0,0,4,0,4,5,13,24,0,42,6,0,6,48
10/14/2011,TOL,OH,AGL,CE,Combined TRACON& Tower with Radar,4,13,36,3,56,0,1,14,0,15,4,14,50,3,71,6,8,14,85
10/15/2011,TOL,OH,AGL,CE,Combined TRACON& Tower with Radar,1,7,20,7,35,0,4,14,0,18,1,11,34,7,53,10,2,12,65
10/16/2011,TOL,OH,AGL,CE,Combined TRACON& Tower with Radar,4,15,23,1,43,0,3,12,0,15,4,18,35,1,58,22,0,22,80
10/17/2011,TOL,OH,AGL,CE,Combined TRACON& Tower with Radar,2,11,30,0,43,0,1,25,0,26,2,12,55,0,69,6,0,6,75
10/18/2011,TOL,OH,AGL,CE,Combined TRACON& Tower with Radar,13,9,28,18,68,0,4,10,1,15,13,13,38,19,83,4,8,12,95
10/19/2011,TOL,OH,AGL,CE,Combined TRACON& Tower with Radar,4,10,23,0,37,0,0,0,0,0,4,10,23,0,37,0,0,0,37
10/20/2011,TOL,OH,AGL,CE,Combined TRACON& Tower with Radar,6,16,22,0,44,0,1,1,0,2,6,17,23,0,46,0,0,0,46
10/21/2011,TOL,OH,AGL,CE,Combined TRACON& Tower with Radar,5,16,33,2,56,0,2,17,0,19,5,18,50,2,75,27,2,29,104
10/22/2011,TOL,OH,AGL,CE,Combined TRACON& Tower with Radar,2,5,17,0,24,0,5,14,0,19,2,10,31,0,43,16,0,16,59
10/23/2011,TOL,OH,AGL,CE,Combined TRACON& Tower with Radar,2,11,13,0,26,0,1,19,0,20,2,12,32,0,46,27,0,27,73
10/24/2011,TOL,OH,AGL,CE,Combined TRACON& Tower with Radar,1,15,38,18,72,0,3,14,1,18,1,18,52,19,90,17,4,21,111
10/25/2011,TOL,OH,AGL,CE,Combined TRACON& Tower with Radar,6,12,22,9,49,0,3,20,0,23,6,15,42,9,72,9,8,17,89
10/26/2011,TOL,OH,AGL,CE,Combined TRACON& Tower with Radar,3,17,39,16,75,0,2,15,0,17,3,19,54,16,92,18,6,24,116
10/27/2011,TOL,OH,AGL,CE,Combined TRACON& Tower with Radar,6,17,27,20,70,0,2,8,0,10,6,19,35,20,80,2,2,4,84
10/28/2011,TOL,OH,AGL,CE,Combined TRACON& Tower with Radar,5,15,32,2,54,0,1,26,0,27,5,16,58,2,81,12,6,18,99
10/29/2011,TOL,OH,AGL,CE,Combined TRACON& Tower with Radar,5,10,22,1,38,0,0,14,0,14,5,10,36,1,52,5,0,5,57
10/30/2011,TOL,OH,AGL,CE,Combined TRACON& Tower with Radar,2,15,16,2,35,0,1,10,0,11,2,16,26,2,46,2,0,2,48
10/31/2011,TOL,OH,AGL,CE,Combined TRACON& Tower with Radar,1,9,30,14,54,0,1,6,0,7,1,10,36,14,61,8,0,8,69
11/01/2011,TOL,OH,AGL,CE,Combined TRACON& Tower with Radar,9,7,35,17,68,0,3,20,0,23,9,10,55,17,91,12,12,24,115
11/02/2011,TOL,OH,AGL,CE,Combined TRACON& Tower with Radar,5,15,25,2,47,0,1,11,2,14,5,16,36,4,61,10,11,21,82
11/03/2011,TOL,OH,AGL,CE,Combined TRACON& Tower with Radar,8,16,24,9,57,0,2,14,2,18,8,18,38,11,75,2,2,4,79
11/04/2011,TOL,OH,AGL,CE,Combined TRACON& Tower with Radar,4,9,30,4,47,0,4,29,3,36,4,13,59,7,83,28,0,28,111
11/05/2011,TOL,OH,AGL,CE,Combined TRACON& Tower with Radar,1,6,17,14,38,0,3,28,2,33,1,9,45,16,71,16,8,24,95
11/06/2011,TOL,OH,AGL,CE,Combined TRACON& Tower with Radar,2,13,18,10,43,0,1,15,0,16,2,14,33,10,59,14,0,14,73
11/07/2011,TOL,OH,AGL,CE,Combined TRACON& Tower with Radar,1,19,21,18,59,0,3,9,0,12,1,22,30,18,71,16,0,16,87
11/08/2011,TOL,OH,AGL,CE,Combined TRACON& Tower with Radar,6,7,20,18,51,0,0,13,3,16,6,7,33,21,67,10,10,20,87
11/09/2011,TOL,OH,AGL,CE,Combined TRACON& Tower with Radar,3,9,18,7,37,0,0,4,0,4,3,9,22,7,41,4,0,4,45
11/10/2011,TOL,OH,AGL,CE,Combined TRACON& Tower with Radar,7,12,30,2,51,0,2,6,0,8,7,14,36,2,59,2,0,2,61
11/11/2011,TOL,OH,AGL,CE,Combined TRACON& Tower with Radar,6,15,26,2,49,0,3,19,1,23,6,18,45,3,72,10,4,14,86
11/12/2011,TOL,OH,AGL,CE,Combined TRACON& Tower with Radar,1,8,15,0,24,0,2,17,0,19,1,10,32,0,43,6,0,6,49
11/13/2011,TOL,OH,AGL,CE,Combined TRACON& Tower with Radar,4,13,10,1,28,0,4,3,0,7,4,17,13,1,35,0,0,0,35
11/14/2011,TOL,OH,AGL,CE,Combined TRACON& Tower with Radar,7,13,27,20,67,0,0,13,1,14,7,13,40,21,81,4,0,4,85
11/15/2011,TOL,OH,AGL,CE,Combined TRACON& Tower with Radar,6,8,27,11,52,0,0,10,0,10,6,8,37,11,62,18,9,27,89
11/16/2011,TOL,OH,AGL,CE,Combined TRACON& Tower with Radar,4,15,32,5,56,0,3,11,0,14,4,18,43,5,70,12,6,18,88
11/17/2011,TOL,OH,AGL,CE,Combined TRACON& Tower with Radar,8,20,45,8,81,0,1,18,0,19,8,21,63,8,100,20,18,38,138
11/18/2011,TOL,OH,AGL,CE,Combined TRACON& Tower with Radar,7,12,25,2,46,0,6,13,4,23,7,18,38,6,69,4,0,4,73
11/19/2011,TOL,OH,AGL,CE,Combined TRACON& Tower with Radar,1,8,9,0,18,0,1,11,0,12,1,9,20,0,30,4,0,4,34
11/20/2011,TOL,OH,AGL,CE,Combined TRACON& Tower with Radar,2,15,15,0,32,0,4,12,0,16,2,19,27,0,48,20,0,20,68
11/21/2011,TOL,OH,AGL,CE,Combined TRACON& Tower with Radar,4,7,27,15,53,0,5,14,1,20,4,12,41,16,73,10,0,10,83
11/22/2011,TOL,OH,AGL,CE,Combined TRACON& Tower with Radar,7,10,15,3,35,0,0,1,0,1,7,10,16,3,36,0,4,4,40
11/23/2011,TOL,OH,AGL,CE,Combined TRACON& Tower with Radar,5,8,26,16,55,0,1,22,2,25,5,9,48,18,80,6,4,10,90
11/24/2011,TOL,OH,AGL,CE,Combined TRACON& Tower with Radar,3,10,8,0,21,0,0,3,0,3,3,10,11,0,24,6,0,6,30
11/25/2011,TOL,OH,AGL,CE,Combined TRACON& Tower with Radar,5,9,16,0,30,0,0,23,0,23,5,9,39,0,53,4,0,4,57
11/26/2011,TOL,OH,AGL,CE,Combined TRACON& Tower with Radar,3,10,20,1,34,0,4,17,3,24,3,14,37,4,58,14,0,14,72
11/27/2011,TOL,OH,AGL,CE,Combined TRACON& Tower with Radar,2,13,10,0,25,0,0,2,0,2,2,13,12,0,27,0,0,0,27
11/28/2011,TOL,OH,AGL,CE,Combined TRACON& Tower with Radar,4,17,31,22,74,0,0,2,0,2,4,17,33,22,76,1,0,1,77
11/29/2011,TOL,OH,AGL,CE,Combined TRACON& Tower with Radar,7,18,28,0,53,0,0,2,0,2,7,18,30,0,55,0,0,0,55
11/30/2011,TOL,OH,AGL,CE,Combined TRACON& Tower with Radar,5,9,21,20,55,0,6,30,2,38,5,15,51,22,93,26,28,54,147
12/01/2011,TOL,OH,AGL,CE,Combined TRACON& Tower with Radar,6,12,33,16,67,0,2,41,0,43,6,14,74,16,110,34,0,34,144
12/02/2011,TOL,OH,AGL,CE,Combined TRACON& Tower with Radar,8,16,14,0,38,0,3,18,0,21,8,19,32,0,59,10,0,10,69
12/03/2011,TOL,OH,AGL,CE,Combined TRACON& Tower with Radar,1,9,17,12,39,0,3,25,0,28,1,12,42,12,67,34,12,46,113
12/04/2011,TOL,OH,AGL,CE,Combined TRACON& Tower with Radar,2,17,12,0,31,0,1,4,0,5,2,18,16,0,36,0,0,0,36
12/05/2011,TOL,OH,AGL,CE,Combined TRACON& Tower with Radar,7,11,25,0,43,0,0,1,0,1,7,11,26,0,44,0,0,0,44
12/06/2011,TOL,OH,AGL,CE,Combined TRACON& Tower with Radar,8,13,19,21,61,0,3,10,2,15,8,16,29,23,76,33,12,45,121
12/07/2011,TOL,OH,AGL,CE,Combined TRACON& Tower with Radar,5,16,35,16,72,0,1,23,4,28,5,17,58,20,100,20,4,24,124
12/08/2011,TOL,OH,AGL,CE,Combined TRACON& Tower with Radar,7,17,45,21,90,0,2,25,0,27,7,19,70,21,117,35,10,45,162
12/09/2011,TOL,OH,AGL,CE,Combined TRACON& Tower with Radar,9,19,26,2,56,0,0,8,0,8,9,19,34,2,64,8,0,8,72
12/10/2011,TOL,OH,AGL,CE,Combined TRACON& Tower with Radar,1,11,42,0,54,0,1,26,0,27,1,12,68,0,81,36,0,36,117
12/11/2011,TOL,OH,AGL,CE,Combined TRACON& Tower with Radar,2,14,19,0,35,0,0,19,0,19,2,14,38,0,54,24,0,24,78
12/12/2011,TOL,OH,AGL,CE,Combined TRACON& Tower with Radar,5,12,41,12,70,0,2,39,0,41,5,14,80,12,111,16,10,26,137
12/13/2011,TOL,OH,AGL,CE,Combined TRACON& Tower with Radar,6,12,33,4,55,0,2,25,1,28,6,14,58,5,83,14,0,14,97
12/14/2011,TOL,OH,AGL,CE,Combined TRACON& Tower with Radar,4,15,31,11,61,0,0,2,0,2,4,15,33,11,63,0,0,0,63
12/15/2011,TOL,OH,AGL,CE,Combined TRACON& Tower with Radar,8,11,37,7,63,0,0,2,0,2,8,11,39,7,65,8,2,10,75
12/16/2011,TOL,OH,AGL,CE,Combined TRACON& Tower with Radar,9,15,24,2,50,0,2,21,0,23,9,17,45,2,73,30,0,30,103
12/17/2011,TOL,OH,AGL,CE,Combined TRACON& Tower with Radar,2,11,14,2,29,0,0,1,0,1,2,11,15,2,30,4,0,4,34
12/18/2011,TOL,OH,AGL,CE,Combined TRACON& Tower with Radar,2,12,16,0,30,0,2,12,0,14,2,14,28,0,44,6,0,6,50
12/19/2011,TOL,OH,AGL,CE,Combined TRACON& Tower with Radar,5,12,45,18,80,0,3,18,2,23,5,15,63,20,103,21,13,34,137
12/20/2011,TOL,OH,AGL,CE,Combined TRACON& Tower with Radar,6,10,30,19,65,0,0,12,0,12,6,10,42,19,77,12,0,12,89
12/21/2011,TOL,OH,AGL,CE,Combined TRACON& Tower with Radar,6,23,33,9,71,0,0,5,0,5,6,23,38,9,76,0,0,0,76
12/22/2011,TOL,OH,AGL,CE,Combined TRACON& Tower with Radar,6,17,33,21,77,0,4,15,0,19,6,21,48,21,96,20,6,26,122
12/23/2011,TOL,OH,AGL,CE,Combined TRACON& Tower with Radar,10,12,15,1,38,0,0,13,0,13,10,12,28,1,51,21,2,23,74
12/24/2011,TOL,OH,AGL,CE,Combined TRACON& Tower with Radar,1,10,15,0,26,0,2,13,0,15,1,12,28,0,41,22,0,22,63
12/25/2011,TOL,OH,AGL,CE,Combined TRACON& Tower with Radar,2,13,5,0,20,0,4,8,0,12,2,17,13,0,32,0,0,0,32
12/26/2011,TOL,OH,AGL,CE,Combined TRACON& Tower with Radar,4,14,34,0,52,0,3,32,0,35,4,17,66,0,87,16,0,16,103
12/27/2011,TOL,OH,AGL,CE,Combined TRACON& Tower with Radar,7,10,7,0,24,0,0,1,0,1,7,10,8,0,25,0,0,0,25
12/28/2011,TOL,OH,AGL,CE,Combined TRACON& Tower with Radar,10,11,19,8,48,0,0,23,0,23,10,11,42,8,71,22,2,24,95
12/29/2011,TOL,OH,AGL,CE,Combined TRACON& Tower with Radar,8,11,22,14,55,0,1,10,0,11,8,12,32,14,66,14,2,16,82
12/30/2011,TOL,OH,AGL,CE,Combined TRACON& Tower with Radar,8,10,5,0,23,0,0,0,0,0,8,10,5,0,23,0,0,0,23
12/31/2011,TOL,OH,AGL,CE,Combined TRACON& Tower with Radar,1,10,7,0,18,0,0,5,0,5,1,10,12,0,23,4,0,4,27
01/01/2012,TOL,OH,AGL,CE,Combined TRACON& Tower with Radar,2,8,4,0,14,0,2,4,0,6,2,10,8,0,20,2,0,2,22
01/02/2012,TOL,OH,AGL,CE,Combined TRACON& Tower with Radar,4,8,14,0,26,0,1,3,0,4,4,9,17,0,30,2,0,2,32
01/03/2012,TOL,OH,AGL,CE,Combined TRACON& Tower with Radar,7,15,19,17,58,0,1,13,0,14,7,16,32,17,72,8,10,18,90
01/04/2012,TOL,OH,AGL,CE,Combined TRACON& Tower with Radar,3,8,21,18,50,0,2,19,0,21,3,10,40,18,71,12,14,26,97
01/05/2012,TOL,OH,AGL,CE,Combined TRACON& Tower with Radar,7,16,19,16,58,0,0,7,5,12,7,16,26,21,70,6,0,6,76
01/06/2012,TOL,OH,AGL,CE,Combined TRACON& Tower with Radar,8,9,16,18,51,0,2,33,0,35,8,11,49,18,86,14,18,32,118
01/07/2012,TOL,OH,AGL,CE,Combined TRACON& Tower with Radar,1,9,25,11,46,0,4,27,1,32,1,13,52,12,78,22,14,36,114
01/08/2012,TOL,OH,AGL,CE,Combined TRACON& Tower with Radar,2,13,20,6,41,0,1,29,0,30,2,14,49,6,71,37,0,37,108
01/09/2012,TOL,OH,AGL,CE,Combined TRACON& Tower with Radar,5,10,24,20,59,0,1,24,0,25,5,11,48,20,84,3,16,19,103
01/10/2012,TOL,OH,AGL,CE,Combined TRACON& Tower with Radar,6,8,30,13,57,0,2,24,0,26,6,10,54,13,83,30,16,46,129
01/11/2012,TOL,OH,AGL,CE,Combined TRACON& Tower with Radar,4,13,31,16,64,0,2,13,0,15,4,15,44,16,79,28,4,32,111
01/12/2012,TOL,OH,AGL,CE,Combined TRACON& Tower with Radar,6,15,24,0,45,0,0,0,0,0,6,15,24,0,45,2,0,2,47
01/13/2012,TOL,OH,AGL,CE,Combined TRACON& Tower with Radar,8,9,13,0,30,0,0,1,0,1,8,9,14,0,31,0,0,0,31
01/14/2012,TOL,OH,AGL,CE,Combined TRACON& Tower with Radar,1,7,6,0,14,0,3,4,0,7,1,10,10,0,21,6,0,6,27
01/15/2012,TOL,OH,AGL,CE,Combined TRACON& Tower with Radar,1,9,21,0,31,0,0,5,0,5,1,9,26,0,36,22,0,22,58
01/16/2012,TOL,OH,AGL,CE,Combined TRACON& Tower with Radar,5,10,25,0,40,0,1,7,0,8,5,11,32,0,48,8,0,8,56
01/17/2012,TOL,OH,AGL,CE,Combined TRACON& Tower with Radar,8,13,14,0,35,0,0,0,0,0,8,13,14,0,35,0,0,0,35
01/18/2012,TOL,OH,AGL,CE,Combined TRACON& Tower with Radar,3,9,26,17,55,0,0,28,0,28,3,9,54,17,83,83,20,103,186
01/19/2012,TOL,OH,AGL,CE,Combined TRACON& Tower with Radar,6,17,23,3,49,0,3,3,0,6,6,20,26,3,55,4,0,4,59
01/20/2012,TOL,OH,AGL,CE,Combined TRACON& Tower with Radar,8,13,17,0,38,0,1,8,0,9,8,14,25,0,47,14,0,14,61
01/21/2012,TOL,OH,AGL,CE,Combined TRACON& Tower with Radar,6,9,19,0,34,0,3,16,0,19,6,12,35,0,53,16,0,16,69
01/22/2012,TOL,OH,AGL,CE,Combined TRACON& Tower with Radar,2,10,15,0,27,0,0,1,0,1,2,10,16,0,28,2,0,2,30
01/23/2012,TOL,OH,AGL,CE,Combined TRACON& Tower with Radar,5,14,20,14,53,0,4,5,1,10,5,18,25,15,63,4,8,12,75
01/24/2012,TOL,OH,AGL,CE,Combined TRACON& Tower with Radar,6,11,42,16,75,0,2,19,0,21,6,13,61,16,96,14,16,30,126
01/25/2012,TOL,OH,AGL,CE,Combined TRACON& Tower with Radar,7,6,37,12,62,0,2,22,1,25,7,8,59,13,87,12,0,12,99
01/26/2012,TOL,OH,AGL,CE,Combined TRACON& Tower with Radar,6,11,41,0,58,0,0,0,0,0,6,11,41,0,58,0,0,0,58
01/27/2012,TOL,OH,AGL,CE,Combined TRACON& Tower with Radar,7,12,18,0,37,0,4,18,0,22,7,16,36,0,59,34,0,34,93
01/28/2012,TOL,OH,AGL,CE,Combined TRACON& Tower with Radar,2,11,3,0,16,0,3,5,0,8,2,14,8,0,24,0,0,0,24
01/29/2012,TOL,OH,AGL,CE,Combined TRACON& Tower with Radar,2,11,5,0,18,0,1,8,0,9,2,12,13,0,27,4,0,4,31
01/30/2012,TOL,OH,AGL,CE,Combined TRACON& Tower with Radar,4,14,28,19,65,0,1,17,0,18,4,15,45,19,83,18,28,46,129
01/31/2012,TOL,OH,AGL,CE,Combined TRACON& Tower with Radar,8,14,15,7,44,0,1,12,1,14,8,15,27,8,58,12,6,18,76
02/01/2012,TOL,OH,AGL,CE,Combined TRACON& Tower with Radar,4,11,42,12,69,0,1,10,1,12,4,12,52,13,81,23,0,23,104
02/02/2012,TOL,OH,AGL,CE,Combined TRACON& Tower with Radar,6,16,44,12,78,0,1,31,1,33,6,17,75,13,111,34,8,42,153
02/03/2012,TOL,OH,AGL,CE,Combined TRACON& Tower with Radar,12,17,22,0,51,0,3,24,0,27,12,20,46,0,78,60,0,60,138
02/04/2012,TOL,OH,AGL,CE,Combined TRACON& Tower with Radar,1,8,17,0,26,0,0,8,0,8,1,8,25,0,34,10,0,10,44
02/05/2012,TOL,OH,AGL,CE,Combined TRACON& Tower with Radar,2,10,10,0,22,0,1,25,0,26,2,11,35,0,48,27,0,27,75
02/06/2012,TOL,OH,AGL,CE,Combined TRACON& Tower with Radar,7,13,38,15,73,0,1,19,2,22,7,14,57,17,95,26,0,26,121
02/07/2012,TOL,OH,AGL,CE,Combined TRACON& Tower with Radar,4,7,9,20,40,0,0,3,0,3,4,7,12,20,43,0,0,0,43
02/08/2012,TOL,OH,AGL,CE,Combined TRACON& Tower with Radar,4,12,27,23,66,0,1,15,0,16,4,13,42,23,82,12,14,26,108
02/09/2012,TOL,OH,AGL,CE,Combined TRACON& Tower with Radar,7,17,32,29,85,0,6,34,1,41,7,23,66,30,126,44,28,72,198
02/10/2012,TOL,OH,AGL,CE,Combined TRACON& Tower with Radar,10,14,10,0,34,0,1,5,0,6,10,15,15,0,40,2,0,2,42
02/11/2012,TOL,OH,AGL,CE,Combined TRACON& Tower with Radar,1,15,14,0,30,0,3,6,0,9,1,18,20,0,39,6,0,6,45
02/12/2012,TOL,OH,AGL,CE,Combined TRACON& Tower with Radar,2,11,14,10,37,0,3,17,0,20,2,14,31,10,57,14,0,14,71
02/13/2012,TOL,OH,AGL,CE,Combined TRACON& Tower with Radar,4,15,27,18,64,0,2,23,1,26,4,17,50,19,90,12,20,32,122
02/14/2012,TOL,OH,AGL,CE,Combined TRACON& Tower with Radar,7,18,18,10,53,0,0,7,0,7,7,18,25,10,60,14,0,14,74
02/15/2012,TOL,OH,AGL,CE,Combined TRACON& Tower with Radar,6,14,25,31,76,0,2,8,1,11,6,16,33,32,87,16,0,16,103
02/16/2012,TOL,OH,AGL,CE,Combined TRACON& Tower with Radar,6,16,23,17,62,0,0,2,0,2,6,16,25,17,64,2,0,2,66
02/17/2012,TOL,OH,AGL,CE,Combined TRACON& Tower with Radar,6,15,51,0,72,0,2,15,1,18,6,17,66,1,90,28,0,28,118
02/18/2012,TOL,OH,AGL,CE,Combined TRACON& Tower with Radar,3,11,23,0,37,0,1,19,0,20,3,12,42,0,57,22,0,22,79
02/19/2012,TOL,OH,AGL,CE,Combined TRACON& Tower with Radar,2,9,19,0,30,0,1,18,0,19,2,10,37,0,49,16,0,16,65
02/20/2012,TOL,OH,AGL,CE,Combined TRACON& Tower with Radar,1,11,41,4,57,0,2,23,1,26,1,13,64,5,83,7,0,7,90
02/21/2012,TOL,OH,AGL,CE,Combined TRACON& Tower with Radar,7,16,18,2,43,0,3,11,0,14,7,19,29,2,57,2,2,4,61
02/22/2012,TOL,OH,AGL,CE,Combined TRACON& Tower with Radar,6,6,28,24,64,0,0,7,0,7,6,6,35,24,71,2,0,2,73
02/23/2012,TOL,OH,AGL,CE,Combined TRACON& Tower with Radar,6,13,31,4,54,0,0,8,0,8,6,13,39,4,62,22,4,26,88
02/24/2012,TOL,OH,AGL,CE,Combined TRACON& Tower with Radar,6,10,15,9,40,0,0,3,0,3,6,10,18,9,43,0,0,0,43
02/25/2012,TOL,OH,AGL,CE,Combined TRACON& Tower with Radar,5,9,9,0,23,0,0,4,0,4,5,9,13,0,27,2,0,2,29
02/26/2012,TOL,OH,AGL,CE,Combined TRACON& Tower with Radar,1,12,14,2,29,0,1,41,0,42,1,13,55,2,71,10,2,12,83
02/27/2012,TOL,OH,AGL,CE,Combined TRACON& Tower with Radar,3,10,31,6,50,0,0,13,0,13,3,10,44,6,63,6,10,16,79
02/28/2012,TOL,OH,AGL,CE,Combined TRACON& Tower with Radar,5,13,24,6,48,0,2,34,0,36,5,15,58,6,84,33,14,47,131
02/29/2012,TOL,OH,AGL,CE,Combined TRACON& Tower with Radar,7,19,26,6,58,0,0,2,0,2,7,19,28,6,60,2,4,6,66
03/01/2012,TOL,OH,AGL,CE,Combined TRACON& Tower with Radar,6,24,33,9,72,0,0,5,2,7,6,24,38,11,79,6,0,6,85
03/02/2012,TOL,OH,AGL,CE,Combined TRACON& Tower with Radar,8,18,8,0,34,0,3,5,0,8,8,21,13,0,42,2,0,2,44
03/03/2012,TOL,OH,AGL,CE,Combined TRACON& Tower with Radar,1,14,5,6,26,0,0,2,0,2,1,14,7,6,28,0,0,0,28
03/04/2012,TOL,OH,AGL,CE,Combined TRACON& Tower with Radar,2,10,24,5,41,0,1,7,0,8,2,11,31,5,49,20,0,20,69
03/05/2012,TOL,OH,AGL,CE,Combined TRACON& Tower with Radar,5,13,22,2,42,0,1,8,1,10,5,14,30,3,52,6,0,6,58
03/06/2012,TOL,OH,AGL,CE,Combined TRACON& Tower with Radar,6,13,34,2,55,0,2,13,3,18,6,15,47,5,73,16,6,22,95
03/07/2012,TOL,OH,AGL,CE,Combined TRACON& Tower with Radar,6,11,21,1,39,0,0,7,0,7,6,11,28,1,46,10,0,10,56
03/08/2012,TOL,OH,AGL,CE,Combined TRACON& Tower with Radar,8,18,32,13,71,0,1,12,0,13,8,19,44,13,84,8,12,20,104
03/09/2012,TOL,OH,AGL,CE,Combined TRACON& Tower with Radar,7,15,30,0,52,0,3,6,0,9,7,18,36,0,61,6,0,6,67
03/10/2012,TOL,OH,AGL,CE,Combined TRACON& Tower with Radar,5,12,13,0,30,0,3,36,0,39,5,15,49,0,69,35,0,35,104
03/11/2012,TOL,OH,AGL,CE,Combined TRACON& Tower with Radar,2,11,24,0,37,0,1,30,0,31,2,12,54,0,68,45,0,45,113
03/12/2012,TOL,OH,AGL,CE,Combined TRACON& Tower with Radar,4,11,29,6,50,0,2,5,0,7,4,13,34,6,57,6,0,6,63
03/13/2012,TOL,OH,AGL,CE,Combined TRACON& Tower with Radar,11,11,22,8,52,0,2,28,1,31,11,13,50,9,83,32,13,45,128
03/14/2012,TOL,OH,AGL,CE,Combined TRACON& Tower with Radar,5,13,37,6,61,0,5,42,0,47,5,18,79,6,108,32,0,32,140
03/15/2012,TOL,OH,AGL,CE,Combined TRACON& Tower with Radar,5,9,27,9,50,0,2,13,0,15,5,11,40,9,65,4,0,4,69
03/16/2012,TOL,OH,AGL,CE,Combined TRACON& Tower with Radar,15,19,31,0,65,0,1,13,0,14,15,20,44,0,79,16,0,16,95
03/17/2012,TOL,OH,AGL,CE,Combined TRACON& Tower with Radar,7,6,16,11,40,0,6,37,0,43,7,12,53,11,83,30,6,36,119
03/18/2012,TOL,OH,AGL,CE,Combined TRACON& Tower with Radar,5,13,11,3,32,0,4,9,0,13,5,17,20,3,45,16,0,16,61
03/19/2012,TOL,OH,AGL,CE,Combined TRACON& Tower with Radar,5,16,30,0,51,0,2,10,0,12,5,18,40,0,63,12,2,14,77
03/20/2012,TOL,OH,AGL,CE,Combined TRACON& Tower with Radar,13,10,47,16,86,0,2,30,1,33,13,12,77,17,119,61,18,79,198
03/21/2012,TOL,OH,AGL,CE,Combined TRACON& Tower with Radar,6,14,36,32,88,0,0,24,0,24,6,14,60,32,112,65,4,69,181
03/22/2012,TOL,OH,AGL,CE,Combined TRACON& Tower with Radar,5,13,23,16,57,0,1,18,1,20,5,14,41,17,77,6,20,26,103
03/23/2012,TOL,OH,AGL,CE,Combined TRACON& Tower with Radar,6,12,19,0,37,0,0,8,0,8,6,12,27,0,45,8,0,8,53
03/24/2012,TOL,OH,AGL,CE,Combined TRACON& Tower with Radar,3,13,14,0,30,0,1,0,0,1,3,14,14,0,31,6,0,6,37
03/25/2012,TOL,OH,AGL,CE,Combined TRACON& Tower with Radar,2,10,7,0,19,0,1,8,0,9,2,11,15,0,28,25,0,25,53
03/26/2012,TOL,OH,AGL,CE,Combined TRACON& Tower with Radar,3,9,25,19,56,0,1,29,0,30,3,10,54,19,86,12,14,26,112
03/27/2012,TOL,OH,AGL,CE,Combined TRACON& Tower with Radar,8,13,32,16,69,0,3,34,2,39,8,16,66,18,108,36,24,60,168
03/28/2012,TOL,OH,AGL,CE,Combined TRACON& Tower with Radar,5,11,31,6,53,0,5,11,0,16,5,16,42,6,69,6,0,6,75
03/29/2012,TOL,OH,AGL,CE,Combined TRACON& Tower with Radar,7,9,26,0,42,0,2,22,2,26,7,11,48,2,68,24,0,24,92
03/30/2012,TOL,OH,AGL,CE,Combined TRACON& Tower with Radar,11,8,31,0,50,0,1,8,0,9,11,9,39,0,59,12,0,12,71
03/31/2012,TOL,OH,AGL,CE,Combined TRACON& Tower with Radar,5,10,15,0,30,0,2,12,0,14,5,12,27,0,44,10,0,10,54
04/01/2012,TOL,OH,AGL,CE,Combined TRACON& Tower with Radar,4,8,24,0,36,0,0,10,0,10,4,8,34,0,46,20,0,20,66
04/02/2012,TOL,OH,AGL,CE,Combined TRACON& Tower with Radar,5,14,36,9,64,0,2,31,0,33,5,16,67,9,97,30,12,42,139
04/03/2012,TOL,OH,AGL,CE,Combined TRACON& Tower with Radar,10,13,36,7,66,0,2,17,1,20,10,15,53,8,86,23,10,33,119
04/04/2012,TOL,OH,AGL,CE,Combined TRACON& Tower with Radar,10,11,33,8,62,0,3,24,0,27,10,14,57,8,89,22,0,22,111
04/05/2012,TOL,OH,AGL,CE,Combined TRACON& Tower with Radar,6,15,29,13,63,0,2,42,0,44,6,17,71,13,107,60,8,68,175
04/06/2012,TOL,OH,AGL,CE,Combined TRACON& Tower with Radar,7,11,33,0,51,0,4,24,1,29,7,15,57,1,80,28,0,28,108
04/07/2012,TOL,OH,AGL,CE,Combined TRACON& Tower with Radar,7,10,20,0,37,0,1,35,0,36,7,11,55,0,73,16,0,16,89
04/08/2012,TOL,OH,AGL,CE,Combined TRACON& Tower with Radar,3,14,6,0,23,0,0,11,0,11,3,14,17,0,34,0,0,0,34
04/09/2012,TOL,OH,AGL,CE,Combined TRACON& Tower with Radar,5,17,23,14,59,0,0,6,2,8,5,17,29,16,67,1,20,21,88
04/10/2012,TOL,OH,AGL,CE,Combined TRACON& Tower with Radar,9,11,32,11,63,0,1,13,0,14,9,12,45,11,77,13,0,13,90
04/11/2012,TOL,OH,AGL,CE,Combined TRACON& Tower with Radar,5,12,24,11,52,0,5,21,0,26,5,17,45,11,78,10,12,22,100
04/12/2012,TOL,OH,AGL,CE,Combined TRACON& Tower with Radar,8,13,20,10,51,0,12,34,0,46,8,25,54,10,97,26,10,36,133
04/13/2012,TOL,OH,AGL,CE,Combined TRACON& Tower with Radar,5,12,35,0,52,0,2,34,2,38,5,14,69,2,90,30,0,30,120
04/14/2012,TOL,OH,AGL,CE,Combined TRACON& Tower with Radar,1,10,12,1,24,0,2,6,0,8,1,12,18,1,32,10,0,10,42
04/15/2012,TOL,OH,AGL,CE,Combined TRACON& Tower with Radar,2,10,14,0,26,0,0,6,0,6,2,10,20,0,32,8,0,8,40
04/16/2012,TOL,OH,AGL,CE,Combined TRACON& Tower with Radar,3,17,20,17,57,0,2,0,0,2,3,19,20,17,59,0,12,12,71
04/17/2012,TOL,OH,AGL,CE,Combined TRACON& Tower with Radar,6,16,39,8,69,0,3,22,0,25,6,19,61,8,94,18,8,26,120
04/18/2012,TOL,OH,AGL,CE,Combined TRACON& Tower with Radar,4,12,25,11,52,0,2,30,0,32,4,14,55,11,84,25,29,54,138
04/19/2012,TOL,OH,AGL,CE,Combined TRACON& Tower with Radar,6,14,33,21,74,0,3,23,0,26,6,17,56,21,100,47,34,81,181
04/20/2012,TOL,OH,AGL,CE,Combined TRACON& Tower with Radar,6,8,18,10,42,0,1,12,0,13,6,9,30,10,55,2,16,18,73
04/21/2012,TOL,OH,AGL,CE,Combined TRACON& Tower with Radar,1,14,19,22,56,0,3,23,0,26,1,17,42,22,82,14,23,37,119
04/22/2012,TOL,OH,AGL,CE,Combined TRACON& Tower with Radar,4,13,26,9,52,0,3,11,0,14,4,16,37,9,66,30,24,54,120
04/23/2012,TOL,OH,AGL,CE,Combined TRACON& Tower with Radar,3,13,29,5,50,0,3,8,1,12,3,16,37,6,62,51,4,55,117
04/24/2012,TOL,OH,AGL,CE,Combined TRACON& Tower with Radar,9,17,27,6,59,0,1,25,0,26,9,18,52,6,85,12,14,26,111
04/25/2012,TOL,OH,AGL,CE,Combined TRACON& Tower with Radar,7,11,35,18,71,0,4,28,0,32,7,15,63,18,103,49,20,69,172
04/26/2012,TOL,OH,AGL,CE,Combined TRACON& Tower with Radar,6,16,43,15,80,0,3,9,0,12,6,19,52,15,92,49,0,49,141
04/27/2012,TOL,OH,AGL,CE,Combined TRACON& Tower with Radar,8,13,32,1,54,0,6,28,6,40,8,19,60,7,94,22,0,22,116
04/28/2012,TOL,OH,AGL,CE,Combined TRACON& Tower with Radar,1,8,8,0,17,0,2,5,0,7,1,10,13,0,24,2,0,2,26
04/29/2012,TOL,OH,AGL,CE,Combined TRACON& Tower with Radar,1,11,13,0,25,0,3,27,0,30,1,14,40,0,55,8,0,8,63
04/30/2012,TOL,OH,AGL,CE,Combined TRACON& Tower with Radar,4,8,24,5,41,0,2,6,0,8,4,10,30,5,49,2,15,17,66
05/01/2012,TOL,OH,AGL,CE,Combined TRACON& Tower with Radar,4,14,39,11,68,0,0,5,0,5,4,14,44,11,73,18,12,30,103
05/02/2012,TOL,OH,AGL,CE,Combined TRACON& Tower with Radar,3,10,22,9,44,0,2,11,1,14,3,12,33,10,58,6,20,26,84
05/03/2012,TOL,OH,AGL,CE,Combined TRACON& Tower with Radar,7,13,37,12,69,0,0,19,0,19,7,13,56,12,88,31,4,35,123
05/04/2012,TOL,OH,AGL,CE,Combined TRACON& Tower with Radar,8,13,26,0,47,0,0,3,0,3,8,13,29,0,50,10,0,10,60
05/05/2012,TOL,OH,AGL,CE,Combined TRACON& Tower with Radar,1,8,14,15,38,0,0,12,0,12,1,8,26,15,50,6,26,32,82
05/06/2012,TOL,OH,AGL,CE,Combined TRACON& Tower with Radar,4,8,16,0,28,0,1,22,0,23,4,9,38,0,51,0,0,0,51
05/07/2012,TOL,OH,AGL,CE,Combined TRACON& Tower with Radar,2,10,30,9,51,0,2,7,0,9,2,12,37,9,60,12,10,22,82
05/08/2012,TOL,OH,AGL,CE,Combined TRACON& Tower with Radar,5,11,27,16,59,0,0,16,0,16,5,11,43,16,75,32,7,39,114
05/09/2012,TOL,OH,AGL,CE,Combined TRACON& Tower with Radar,4,12,29,21,66,0,2,12,0,14,4,14,41,21,80,3,12,15,95
05/10/2012,TOL,OH,AGL,CE,Combined TRACON& Tower with Radar,9,13,24,31,77,0,1,13,0,14,9,14,37,31,91,2,12,14,105
05/11/2012,TOL,OH,AGL,CE,Combined TRACON& Tower with Radar,8,21,28,0,57,0,4,34,0,38,8,25,62,0,95,4,0,4,99
05/12/2012,TOL,OH,AGL,CE,Combined TRACON& Tower with Radar,3,9,16,0,28,0,1,18,0,19,3,10,34,0,47,32,0,32,79
05/13/2012,TOL,OH,AGL,CE,Combined TRACON& Tower with Radar,2,10,11,0,23,0,2,14,0,16,2,12,25,0,39,16,0,16,55
05/14/2012,TOL,OH,AGL,CE,Combined TRACON& Tower with Radar,3,11,30,13,57,0,2,18,0,20,3,13,48,13,77,27,24,51,128
05/15/2012,TOL,OH,AGL,CE,Combined TRACON& Tower with Radar,9,12,44,12,77,0,4,17,2,23,9,16,61,14,100,23,16,39,139
05/16/2012,TOL,OH,AGL,CE,Combined TRACON& Tower with Radar,8,10,36,15,69,0,6,20,3,29,8,16,56,18,98,14,6,20,118
05/17/2012,TOL,OH,AGL,CE,Combined TRACON& Tower with Radar,8,17,43,10,78,0,1,31,1,33,8,18,74,11,111,33,22,55,166
05/18/2012,TOL,OH,AGL,CE,Combined TRACON& Tower with Radar,4,10,32,12,58,0,0,23,0,23,4,10,55,12,81,22,20,42,123
05/19/2012,TOL,OH,AGL,CE,Combined TRACON& Tower with Radar,1,12,17,0,30,0,1,33,0,34,1,13,50,0,64,28,0,28,92
05/20/2012,TOL,OH,AGL,CE,Combined TRACON& Tower with Radar,4,12,45,8,69,0,2,96,0,98,4,14,141,8,167,54,2,56,223
05/21/2012,TOL,OH,AGL,CE,Combined TRACON& Tower with Radar,1,12,27,23,63,0,3,14,0,17,1,15,41,23,80,16,0,16,96
05/22/2012,TOL,OH,AGL,CE,Combined TRACON& Tower with Radar,7,11,28,14,60,0,1,23,0,24,7,12,51,14,84,32,18,50,134
05/23/2012,TOL,OH,AGL,CE,Combined TRACON& Tower with Radar,6,10,40,12,68,0,1,51,0,52,6,11,91,12,120,31,8,39,159
05/24/2012,TOL,OH,AGL,CE,Combined TRACON& Tower with Radar,9,8,41,8,66,0,1,21,1,23,9,9,62,9,89,16,16,32,121
05/25/2012,TOL,OH,AGL,CE,Combined TRACON& Tower with Radar,4,11,18,2,35,0,3,17,0,20,4,14,35,2,55,0,4,4,59
05/26/2012,TOL,OH,AGL,CE,Combined TRACON& Tower with Radar,4,7,11,2,24,0,3,11,2,16,4,10,22,4,40,4,6,10,50
05/27/2012,TOL,OH,AGL,CE,Combined TRACON& Tower with Radar,4,6,6,0,16,0,2,9,0,11,4,8,15,0,27,4,0,4,31
05/28/2012,TOL,OH,AGL,CE,Combined TRACON& Tower with Radar,0,8,5,0,13,0,1,14,0,15,0,9,19,0,28,22,0,22,50
05/29/2012,TOL,OH,AGL,CE,Combined TRACON& Tower with Radar,4,11,23,8,46,0,2,9,0,11,4,13,32,8,57,14,8,22,79
05/30/2012,TOL,OH,AGL,CE,Combined TRACON& Tower with Radar,3,26,39,13,81,0,1,24,0,25,3,27,63,13,106,22,14,36,142
05/31/2012,TOL,OH,AGL,CE,Combined TRACON& Tower with Radar,8,21,37,29,95,0,3,12,1,16,8,24,49,30,111,22,14,36,147
06/01/2012,TOL,OH,AGL,CE,Combined TRACON& Tower with Radar,6,15,26,0,47,0,0,4,0,4,6,15,30,0,51,4,0,4,55
06/02/2012,TOL,OH,AGL,CE,Combined TRACON& Tower with Radar,1,10,6,4,21,0,1,5,3,9,1,11,11,7,30,4,2,6,36
06/03/2012,TOL,OH,AGL,CE,Combined TRACON& Tower with Radar,4,15,10,4,33,0,1,18,0,19,4,16,28,4,52,8,0,8,60
06/04/2012,TOL,OH,AGL,CE,Combined TRACON& Tower with Radar,3,17,36,20,76,0,2,24,0,26,3,19,60,20,102,20,12,32,134
06/05/2012,TOL,OH,AGL,CE,Combined TRACON& Tower with Radar,6,12,33,24,75,0,5,7,0,12,6,17,40,24,87,12,28,40,127
06/06/2012,TOL,OH,AGL,CE,Combined TRACON& Tower with Radar,4,13,44,24,85,0,3,19,0,22,4,16,63,24,107,16,24,40,147
06/07/2012,TOL,OH,AGL,CE,Combined TRACON& Tower with Radar,14,18,27,20,79,0,1,36,0,37,14,19,63,20,116,22,18,40,156
06/08/2012,TOL,OH,AGL,CE,Combined TRACON& Tower with Radar,6,11,22,2,41,0,1,23,0,24,6,12,45,2,65,14,2,16,81
06/09/2012,TOL,OH,AGL,CE,Combined TRACON& Tower with Radar,3,9,5,0,17,0,1,14,0,15,3,10,19,0,32,48,0,48,80
06/10/2012,TOL,OH,AGL,CE,Combined TRACON& Tower with Radar,4,9,19,0,32,0,0,15,0,15,4,9,34,0,47,28,0,28,75
06/11/2012,TOL,OH,AGL,CE,Combined TRACON& Tower with Radar,5,16,29,17,67,0,2,8,0,10,5,18,37,17,77,0,0,0,77
06/12/2012,TOL,OH,AGL,CE,Combined TRACON& Tower with Radar,6,13,34,15,68,0,4,25,0,29,6,17,59,15,97,29,22,51,148
06/13/2012,TOL,OH,AGL,CE,Combined TRACON& Tower with Radar,4,11,27,12,54,0,3,39,0,42,4,14,66,12,96,29,6,35,131
06/14/2012,TOL,OH,AGL,CE,Combined TRACON& Tower with Radar,9,20,43,19,91,0,1,33,3,37,9,21,76,22,128,14,24,38,166
06/15/2012,TOL,OH,AGL,CE,Combined TRACON& Tower with Radar,6,13,21,0,40,0,3,28,0,31,6,16,49,0,71,60,0,60,131
06/16/2012,TOL,OH,AGL,CE,Combined TRACON& Tower with Radar,1,8,11,4,24,0,1,20,0,21,1,9,31,4,45,6,4,10,55
06/17/2012,TOL,OH,AGL,CE,Combined TRACON& Tower with Radar,4,13,18,1,36,0,4,17,2,23,4,17,35,3,59,8,0,8,67
06/18/2012,TOL,OH,AGL,CE,Combined TRACON& Tower with Radar,6,11,32,11,60,0,0,13,0,13,6,11,45,11,73,11,8,19,92
06/19/2012,TOL,OH,AGL,CE,Combined TRACON& Tower with Radar,6,13,29,10,58,0,2,19,0,21,6,15,48,10,79,13,8,21,100
06/20/2012,TOL,OH,AGL,CE,Combined TRACON& Tower with Radar,7,11,31,2,51,0,3,14,0,17,7,14,45,2,68,32,0,32,100
06/21/2012,TOL,OH,AGL,CE,Combined TRACON& Tower with Radar,10,14,38,8,70,0,0,17,2,19,10,14,55,10,89,11,8,19,108
06/22/2012,TOL,OH,AGL,CE,Combined TRACON& Tower with Radar,6,12,30,0,48,0,4,29,0,33,6,16,59,0,81,14,0,14,95
06/23/2012,TOL,OH,AGL,CE,Combined TRACON& Tower with Radar,3,11,18,0,32,0,1,37,2,40,3,12,55,2,72,11,0,11,83
06/24/2012,TOL,OH,AGL,CE,Combined TRACON& Tower with Radar,4,9,19,0,32,0,1,17,0,18,4,10,36,0,50,6,0,6,56
06/25/2012,TOL,OH,AGL,CE,Combined TRACON& Tower with Radar,5,14,25,6,50,0,2,24,1,27,5,16,49,7,77,4,0,4,81
06/26/2012,TOL,OH,AGL,CE,Combined TRACON& Tower with Radar,9,19,33,0,61,0,1,17,0,18,9,20,50,0,79,18,2,20,99
06/27/2012,TOL,OH,AGL,CE,Combined TRACON& Tower with Radar,4,11,32,0,47,0,2,32,0,34,4,13,64,0,81,41,0,41,122
06/28/2012,TOL,OH,AGL,CE,Combined TRACON& Tower with Radar,7,8,31,4,50,0,1,24,2,27,7,9,55,6,77,6,10,16,93
06/29/2012,TOL,OH,AGL,CE,Combined TRACON& Tower with Radar,6,14,18,4,42,0,0,19,2,21,6,14,37,6,63,2,26,28,91
06/30/2012,TOL,OH,AGL,CE,Combined TRACON& Tower with Radar,1,12,15,0,28,0,2,7,0,9,1,14,22,0,37,0,0,0,37
07/01/2012,TOL,OH,AGL,CE,Combined TRACON& Tower with Radar,4,8,15,0,27,0,1,12,0,13,4,9,27,0,40,2,0,2,42
07/02/2012,TOL,OH,AGL,CE,Combined TRACON& Tower with Radar,1,7,23,0,31,0,2,22,0,24,1,9,45,0,55,6,0,6,61
07/03/2012,TOL,OH,AGL,CE,Combined TRACON& Tower with Radar,6,11,20,10,47,0,3,10,0,13,6,14,30,10,60,16,5,21,81
07/04/2012,TOL,OH,AGL,CE,Combined TRACON& Tower with Radar,1,5,9,2,17,0,5,6,0,11,1,10,15,2,28,10,0,10,38
07/05/2012,TOL,OH,AGL,CE,Combined TRACON& Tower with Radar,9,8,17,10,44,0,2,9,0,11,9,10,26,10,55,6,0,6,61
07/06/2012,TOL,OH,AGL,CE,Combined TRACON& Tower with Radar,6,9,13,2,30,0,4,23,0,27,6,13,36,2,57,2,4,6,63
07/07/2012,TOL,OH,AGL,CE,Combined TRACON& Tower with Radar,1,10,6,0,17,0,2,14,0,16,1,12,20,0,33,14,0,14,47
07/08/2012,TOL,OH,AGL,CE,Combined TRACON& Tower with Radar,4,8,13,0,25,0,1,18,0,19,4,9,31,0,44,20,0,20,64
07/09/2012,TOL,OH,AGL,CE,Combined TRACON& Tower with Radar,1,9,25,12,47,0,5,25,1,31,1,14,50,13,78,32,33,65,143
07/10/2012,TOL,OH,AGL,CE,Combined TRACON& Tower with Radar,5,12,23,7,47,0,3,15,0,18,5,15,38,7,65,49,0,49,114
07/11/2012,TOL,OH,AGL,CE,Combined TRACON& Tower with Radar,5,9,31,18,63,0,0,21,0,21,5,9,52,18,84,8,12,20,104
07/12/2012,TOL,OH,AGL,CE,Combined TRACON& Tower with Radar,7,13,24,11,55,0,3,24,2,29,7,16,48,13,84,16,14,30,114
07/13/2012,TOL,OH,AGL,CE,Combined TRACON& Tower with Radar,3,8,23,1,35,0,3,18,0,21,3,11,41,1,56,20,2,22,78
07/14/2012,TOL,OH,AGL,CE,Combined TRACON& Tower with Radar,2,12,22,0,36,0,2,9,0,11,2,14,31,0,47,20,0,20,67
07/15/2012,TOL,OH,AGL,CE,Combined TRACON& Tower with Radar,4,10,27,0,41,0,0,11,0,11,4,10,38,0,52,0,0,0,52
07/16/2012,TOL,OH,AGL,CE,Combined TRACON& Tower with Radar,1,10,29,8,48,0,1,7,0,8,1,11,36,8,56,16,9,25,81
07/17/2012,TOL,OH,AGL,CE,Combined TRACON& Tower with Radar,8,11,25,13,57,0,2,31,3,36,8,13,56,16,93,4,5,9,102
07/18/2012,TOL,OH,AGL,CE,Combined TRACON& Tower with Radar,3,15,28,4,50,0,1,12,5,18,3,16,40,9,68,40,41,81,149
07/19/2012,TOL,OH,AGL,CE,Combined TRACON& Tower with Radar,8,15,30,4,57,0,0,2,0,2,8,15,32,4,59,4,16,20,79
07/20/2012,TOL,OH,AGL,CE,Combined TRACON& Tower with Radar,4,8,21,0,33,0,3,10,0,13,4,11,31,0,46,4,0,4,50
07/21/2012,TOL,OH,AGL,CE,Combined TRACON& Tower with Radar,3,9,19,0,31,0,3,19,1,23,3,12,38,1,54,12,0,12,66
07/22/2012,TOL,OH,AGL,CE,Combined TRACON& Tower with Radar,4,10,18,0,32,0,3,7,0,10,4,13,25,0,42,8,0,8,50
07/23/2012,TOL,OH,AGL,CE,Combined TRACON& Tower with Radar,1,14,18,12,45,0,3,14,0,17,1,17,32,12,62,21,17,38,100
07/24/2012,TOL,OH,AGL,CE,Combined TRACON& Tower with Radar,6,12,21,12,51,0,2,24,1,27,6,14,45,13,78,15,10,25,103
07/25/2012,TOL,OH,AGL,CE,Combined TRACON& Tower with Radar,4,12,33,11,60,0,0,19,0,19,4,12,52,11,79,36,23,59,138
07/26/2012,TOL,OH,AGL,CE,Combined TRACON& Tower with Radar,10,11,32,13,66,0,0,9,0,9,10,11,41,13,75,1,24,25,100
07/27/2012,TOL,OH,AGL,CE,Combined TRACON& Tower with Radar,6,12,22,0,40,0,0,19,0,19,6,12,41,0,59,2,0,2,61
07/28/2012,TOL,OH,AGL,CE,Combined TRACON& Tower with Radar,3,8,26,0,37,0,1,12,0,13,3,9,38,0,50,0,0,0,50
07/29/2012,TOL,OH,AGL,CE,Combined TRACON& Tower with Radar,5,11,20,2,38,0,1,26,0,27,5,12,46,2,65,1,0,1,66
07/30/2012,TOL,OH,AGL,CE,Combined TRACON& Tower with Radar,1,13,34,17,65,0,0,47,0,47,1,13,81,17,112,55,16,71,183
07/31/2012,TOL,OH,AGL,CE,Combined TRACON& Tower with Radar,6,13,33,17,69,0,1,11,0,12,6,14,44,17,81,1,24,25,106
08/01/2012,TOL,OH,AGL,CE,Combined TRACON& Tower with Radar,5,12,27,9,53,0,2,20,0,22,5,14,47,9,75,30,27,57,132
08/02/2012,TOL,OH,AGL,CE,Combined TRACON& Tower with Radar,7,17,27,1,52,0,1,12,0,13,7,18,39,1,65,29,0,29,94
08/03/2012,TOL,OH,AGL,CE,Combined TRACON& Tower with Radar,5,16,30,6,57,0,1,13,0,14,5,17,43,6,71,29,0,29,100
08/04/2012,TOL,OH,AGL,CE,Combined TRACON& Tower with Radar,1,8,5,0,14,0,2,5,0,7,1,10,10,0,21,6,0,6,27
08/05/2012,TOL,OH,AGL,CE,Combined TRACON& Tower with Radar,4,7,10,0,21,0,2,19,0,21,4,9,29,0,42,6,0,6,48
08/06/2012,TOL,OH,AGL,CE,Combined TRACON& Tower with Radar,1,11,30,4,46,0,1,28,0,29,1,12,58,4,75,34,10,44,119
08/07/2012,TOL,OH,AGL,CE,Combined TRACON& Tower with Radar,7,8,23,6,44,0,2,12,2,16,7,10,35,8,60,18,14,32,92
08/08/2012,TOL,OH,AGL,CE,Combined TRACON& Tower with Radar,5,17,22,7,51,0,2,32,2,36,5,19,54,9,87,35,16,51,138
08/09/2012,TOL,OH,AGL,CE,Combined TRACON& Tower with Radar,7,11,19,4,41,0,2,4,2,8,7,13,23,6,49,4,4,8,57
08/10/2012,TOL,OH,AGL,CE,Combined TRACON& Tower with Radar,5,11,23,0,39,0,1,2,0,3,5,12,25,0,42,0,0,0,42
08/11/2012,TOL,OH,AGL,CE,Combined TRACON& Tower with Radar,1,17,21,13,52,0,2,9,0,11,1,19,30,13,63,12,7,19,82
08/12/2012,TOL,OH,AGL,CE,Combined TRACON& Tower with Radar,4,9,12,12,37,0,3,31,2,36,4,12,43,14,73,0,16,16,89
08/13/2012,TOL,OH,AGL,CE,Combined TRACON& Tower with Radar,1,18,22,1,42,0,1,6,0,7,1,19,28,1,49,4,0,4,53
08/14/2012,TOL,OH,AGL,CE,Combined TRACON& Tower with Radar,14,15,39,8,76,0,2,8,0,10,14,17,47,8,86,20,10,30,116
08/15/2012,TOL,OH,AGL,CE,Combined TRACON& Tower with Radar,4,16,37,7,64,0,3,12,0,15,4,19,49,7,79,16,0,16,95
08/16/2012,TOL,OH,AGL,CE,Combined TRACON& Tower with Radar,4,15,40,6,65,0,5,11,0,16,4,20,51,6,81,22,12,34,115
08/17/2012,TOL,OH,AGL,CE,Combined TRACON& Tower with Radar,8,15,31,0,54,0,2,13,0,15,8,17,44,0,69,22,0,22,91
08/18/2012,TOL,OH,AGL,CE,Combined TRACON& Tower with Radar,3,14,4,1,22,0,7,23,0,30,3,21,27,1,52,13,0,13,65
08/19/2012,TOL,OH,AGL,CE,Combined TRACON& Tower with Radar,0,12,17,1,30,0,4,29,1,34,0,16,46,2,64,5,8,13,77
08/20/2012,TOL,OH,AGL,CE,Combined TRACON& Tower with Radar,7,15,17,7,46,0,3,22,1,26,7,18,39,8,72,22,16,38,110
08/21/2012,TOL,OH,AGL,CE,Combined TRACON& Tower with Radar,6,20,26,14,66,0,0,22,1,23,6,20,48,15,89,24,23,47,136
08/22/2012,TOL,OH,AGL,CE,Combined TRACON& Tower with Radar,10,13,27,10,60,0,4,23,1,28,10,17,50,11,88,31,20,51,139
08/23/2012,TOL,OH,AGL,CE,Combined TRACON& Tower with Radar,6,17,25,16,64,0,7,19,3,29,6,24,44,19,93,35,49,84,177
08/24/2012,TOL,OH,AGL,CE,Combined TRACON& Tower with Radar,6,17,22,3,48,0,6,13,0,19,6,23,35,3,67,20,3,23,90
08/25/2012,TOL,OH,AGL,CE,Combined TRACON& Tower with Radar,3,8,11,4,26,0,5,20,0,25,3,13,31,4,51,8,0,8,59
08/26/2012,TOL,OH,AGL,CE,Combined TRACON& Tower with Radar,0,11,14,0,25,0,5,20,0,25,0,16,34,0,50,10,0,10,60
08/27/2012,TOL,OH,AGL,CE,Combined TRACON& Tower with Radar,1,15,19,2,37,0,2,5,0,7,1,17,24,2,44,4,0,4,48
08/28/2012,TOL,OH,AGL,CE,Combined TRACON& Tower with Radar,6,16,24,12,58,0,6,17,0,23,6,22,41,12,81,8,54,62,143
08/29/2012,TOL,OH,AGL,CE,Combined TRACON& Tower with Radar,9,17,31,12,69,0,5,34,1,40,9,22,65,13,109,18,45,63,172
08/30/2012,TOL,OH,AGL,CE,Combined TRACON& Tower with Radar,6,18,21,16,61,0,5,24,1,30,6,23,45,17,91,4,40,44,135
08/31/2012,TOL,OH,AGL,CE,Combined TRACON& Tower with Radar,7,10,15,0,32,0,1,18,0,19,7,11,33,0,51,32,0,32,83
09/01/2012,TOL,OH,AGL,CE,Combined TRACON& Tower with Radar,2,11,10,2,25,0,1,11,0,12,2,12,21,2,37,2,0,2,39
09/02/2012,TOL,OH,AGL,CE,Combined TRACON& Tower with Radar,4,9,9,6,28,0,5,5,0,10,4,14,14,6,38,0,4,4,42
09/03/2012,TOL,OH,AGL,CE,Combined TRACON& Tower with Radar,1,8,9,7,25,0,4,13,0,17,1,12,22,7,42,0,22,22,64
09/04/2012,TOL,OH,AGL,CE,Combined TRACON& Tower with Radar,4,15,32,21,72,0,5,4,0,9,4,20,36,21,81,23,30,53,134
09/05/2012,TOL,OH,AGL,CE,Combined TRACON& Tower with Radar,3,12,23,4,42,0,0,8,0,8,3,12,31,4,50,16,3,19,69
09/06/2012,TOL,OH,AGL,CE,Combined TRACON& Tower with Radar,5,14,36,17,72,0,1,16,1,18,5,15,52,18,90,24,17,41,131
09/07/2012,TOL,OH,AGL,CE,Combined TRACON& Tower with Radar,10,15,25,0,50,0,1,15,0,16,10,16,40,0,66,20,0,20,86
09/08/2012,TOL,OH,AGL,CE,Combined TRACON& Tower with Radar,2,10,24,2,38,0,1,19,0,20,2,11,43,2,58,20,0,20,78
09/09/2012,TOL,OH,AGL,CE,Combined TRACON& Tower with Radar,3,11,20,0,34,0,4,5,0,9,3,15,25,0,43,8,4,12,55
09/10/2012,TOL,OH,AGL,CE,Combined TRACON& Tower with Radar,1,12,28,12,53,0,1,31,0,32,1,13,59,12,85,45,30,75,160
09/11/2012,TOL,OH,AGL,CE,Combined TRACON& Tower with Radar,5,10,21,19,55,0,2,22,0,24,5,12,43,19,79,16,34,50,129
09/12/2012,TOL,OH,AGL,CE,Combined TRACON& Tower with Radar,3,11,35,24,73,0,2,20,3,25,3,13,55,27,98,26,42,68,166
09/13/2012,TOL,OH,AGL,CE,Combined TRACON& Tower with Radar,4,15,40,17,76,0,2,23,0,25,4,17,63,17,101,26,45,71,172
09/14/2012,TOL,OH,AGL,CE,Combined TRACON& Tower with Radar,4,14,28,10,56,0,1,2,0,3,4,15,30,10,59,4,6,10,69
09/15/2012,TOL,OH,AGL,CE,Combined TRACON& Tower with Radar,1,9,21,10,41,0,1,20,2,23,1,10,41,12,64,45,38,83,147
09/16/2012,TOL,OH,AGL,CE,Combined TRACON& Tower with Radar,0,9,6,0,15,0,0,19,0,19,0,9,25,0,34,4,0,4,38
09/17/2012,TOL,OH,AGL,CE,Combined TRACON& Tower with Radar,1,12,39,10,62,0,0,20,5,25,1,12,59,15,87,10,35,45,132
09/18/2012,TOL,OH,AGL,CE,Combined TRACON& Tower with Radar,6,13,27,6,52,0,1,6,0,7,6,14,33,6,59,4,20,24,83
09/19/2012,TOL,OH,AGL,CE,Combined TRACON& Tower with Radar,4,14,40,13,71,0,3,31,3,37,4,17,71,16,108,24,38,62,170
09/20/2012,TOL,OH,AGL,CE,Combined TRACON& Tower with Radar,5,17,29,6,57,0,1,13,3,17,5,18,42,9,74,16,10,26,100
09/21/2012,TOL,OH,AGL,CE,Combined TRACON& Tower with Radar,7,19,24,0,50,0,1,9,0,10,7,20,33,0,60,0,0,0,60
09/22/2012,TOL,OH,AGL,CE,Combined TRACON& Tower with Radar,2,9,16,0,27,0,0,1,0,1,2,9,17,0,28,0,0,0,28
09/23/2012,TOL,OH,AGL,CE,Combined TRACON& Tower with Radar,2,16,8,2,28,0,3,14,0,17,2,19,22,2,45,2,0,2,47
09/24/2012,TOL,OH,AGL,CE,Combined TRACON& Tower with Radar,1,14,21,14,50,0,1,11,1,13,1,15,32,15,63,10,17,27,90
09/25/2012,TOL,OH,AGL,CE,Combined TRACON& Tower with Radar,6,14,26,11,57,0,0,14,0,14,6,14,40,11,71,2,18,20,91
09/26/2012,TOL,OH,AGL,CE,Combined TRACON& Tower with Radar,11,9,21,5,46,0,0,8,0,8,11,9,29,5,54,8,0,8,62
09/27/2012,TOL,OH,AGL,CE,Combined TRACON& Tower with Radar,4,8,27,2,41,0,0,7,1,8,4,8,34,3,49,2,0,2,51
09/28/2012,TOL,OH,AGL,CE,Combined TRACON& Tower with Radar,8,11,29,0,48,0,1,26,0,27,8,12,55,0,75,6,2,8,83
09/29/2012,TOL,OH,AGL,CE,Combined TRACON& Tower with Radar,3,7,11,0,21,0,0,18,0,18,3,7,29,0,39,40,0,40,79
09/30/2012,TOL,OH,AGL,CE,Combined TRACON& Tower with Radar,0,16,12,0,28,0,1,21,0,22,0,17,33,0,50,27,0,27,77
10/01/2012,TOL,OH,AGL,CE,Combined TRACON& Tower with Radar,1,10,22,11,44,0,1,11,2,14,1,11,33,13,58,4,6,10,68
10/02/2012,TOL,OH,AGL,CE,Combined TRACON& Tower with Radar,5,9,23,7,44,0,0,1,0,1,5,9,24,7,45,0,0,0,45
10/03/2012,TOL,OH,AGL,CE,Combined TRACON& Tower with Radar,4,11,30,15,60,0,4,17,1,22,4,15,47,16,82,18,0,18,100
10/04/2012,TOL,OH,AGL,CE,Combined TRACON& Tower with Radar,6,13,30,1,50,0,1,16,0,17,6,14,46,1,67,20,0,20,87
10/05/2012,TOL,OH,AGL,CE,Combined TRACON& Tower with Radar,4,10,22,0,36,0,2,1,0,3,4,12,23,0,39,0,0,0,39
10/06/2012,TOL,OH,AGL,CE,Combined TRACON& Tower with Radar,3,7,19,0,29,0,3,12,0,15,3,10,31,0,44,19,0,19,63
10/07/2012,TOL,OH,AGL,CE,Combined TRACON& Tower with Radar,2,7,18,0,27,0,0,11,0,11,2,7,29,0,38,32,0,32,70
10/08/2012,TOL,OH,AGL,CE,Combined TRACON& Tower with Radar,3,16,39,0,58,0,1,17,0,18,3,17,56,0,76,4,0,4,80
10/09/2012,TOL,OH,AGL,CE,Combined TRACON& Tower with Radar,7,16,19,13,55,0,2,17,0,19,7,18,36,13,74,16,32,48,122
10/10/2012,TOL,OH,AGL,CE,Combined TRACON& Tower with Radar,4,14,24,12,54,0,2,8,0,10,4,16,32,12,64,2,10,12,76
10/11/2012,TOL,OH,AGL,CE,Combined TRACON& Tower with Radar,6,17,30,19,72,0,3,14,2,19,6,20,44,21,91,0,26,26,117
10/12/2012,TOL,OH,AGL,CE,Combined TRACON& Tower with Radar,4,18,37,3,62,0,2,18,2,22,4,20,55,5,84,12,0,12,96
10/13/2012,TOL,OH,AGL,CE,Combined TRACON& Tower with Radar,1,14,13,17,45,0,0,11,0,11,1,14,24,17,56,24,2,26,82
10/14/2012,TOL,OH,AGL,CE,Combined TRACON& Tower with Radar,2,13,15,6,36,0,0,11,0,11,2,13,26,6,47,12,14,26,73
10/15/2012,TOL,OH,AGL,CE,Combined TRACON& Tower with Radar,1,14,38,11,64,0,4,19,0,23,1,18,57,11,87,18,12,30,117
10/16/2012,TOL,OH,AGL,CE,Combined TRACON& Tower with Radar,6,10,34,16,66,0,2,28,1,31,6,12,62,17,97,24,35,59,156
10/17/2012,TOL,OH,AGL,CE,Combined TRACON& Tower with Radar,4,17,32,14,67,0,4,10,3,17,4,21,42,17,84,2,14,16,100
10/18/2012,TOL,OH,AGL,CE,Combined TRACON& Tower with Radar,6,17,30,6,59,0,3,11,2,16,6,20,41,8,75,4,2,6,81
10/19/2012,TOL,OH,AGL,CE,Combined TRACON& Tower with Radar,6,17,17,2,42,0,1,14,1,16,6,18,31,3,58,8,4,12,70
10/20/2012,TOL,OH,AGL,CE,Combined TRACON& Tower with Radar,3,10,26,0,39,0,5,9,0,14,3,15,35,0,53,6,0,6,59
10/21/2012,TOL,OH,AGL,CE,Combined TRACON& Tower with Radar,2,9,33,0,44,0,1,24,0,25,2,10,57,0,69,18,0,18,87
10/22/2012,TOL,OH,AGL,CE,Combined TRACON& Tower with Radar,2,11,24,9,46,0,0,14,0,14,2,11,38,9,60,2,4,6,66
10/23/2012,TOL,OH,AGL,CE,Combined TRACON& Tower with Radar,7,11,25,20,63,0,1,9,2,12,7,12,34,22,75,11,10,21,96
10/24/2012,TOL,OH,AGL,CE,Combined TRACON& Tower with Radar,5,12,36,13,66,0,1,21,1,23,5,13,57,14,89,28,8,36,125
10/25/2012,TOL,OH,AGL,CE,Combined TRACON& Tower with Radar,6,11,40,11,68,0,1,24,0,25,6,12,64,11,93,40,26,66,159
10/26/2012,TOL,OH,AGL,CE,Combined TRACON& Tower with Radar,4,12,23,0,39,0,3,8,0,11,4,15,31,0,50,15,0,15,65
10/27/2012,TOL,OH,AGL,CE,Combined TRACON& Tower with Radar,1,4,26,0,31,0,1,40,0,41,1,5,66,0,72,28,0,28,100
10/28/2012,TOL,OH,AGL,CE,Combined TRACON& Tower with Radar,2,11,38,0,51,0,2,18,0,20,2,13,56,0,71,34,0,34,105
10/29/2012,TOL,OH,AGL,CE,Combined TRACON& Tower with Radar,1,16,28,0,45,0,2,1,0,3,1,18,29,0,48,2,0,2,50
10/30/2012,TOL,OH,AGL,CE,Combined TRACON& Tower with Radar,6,7,8,0,21,0,1,1,0,2,6,8,9,0,23,0,0,0,23
10/31/2012,TOL,OH,AGL,CE,Combined TRACON& Tower with Radar,4,15,11,17,47,0,0,0,0,0,4,15,11,17,47,0,0,0,47
11/01/2012,TOL,OH,AGL,CE,Combined TRACON& Tower with Radar,6,12,16,5,39,0,4,13,0,17,6,16,29,5,56,16,0,16,72
11/02/2012,TOL,OH,AGL,CE,Combined TRACON& Tower with Radar,3,14,35,6,58,0,3,22,2,27,3,17,57,8,85,47,0,47,132
11/03/2012,TOL,OH,AGL,CE,Combined TRACON& Tower with Radar,1,6,18,14,39,0,2,25,2,29,1,8,43,16,68,16,6,22,90
11/04/2012,TOL,OH,AGL,CE,Combined TRACON& Tower with Radar,2,14,17,10,43,0,5,22,0,27,2,19,39,10,70,15,2,17,87
11/05/2012,TOL,OH,AGL,CE,Combined TRACON& Tower with Radar,1,10,34,5,50,0,1,34,0,35,1,11,68,5,85,33,10,43,128
11/06/2012,TOL,OH,AGL,CE,Combined TRACON& Tower with Radar,8,13,30,12,63,0,0,21,1,22,8,13,51,13,85,33,18,51,136
11/07/2012,TOL,OH,AGL,CE,Combined TRACON& Tower with Radar,4,12,20,4,40,0,2,24,0,26,4,14,44,4,66,14,4,18,84
11/08/2012,TOL,OH,AGL,CE,Combined TRACON& Tower with Radar,6,17,28,10,61,0,2,8,0,10,6,19,36,10,71,4,14,18,89
11/09/2012,TOL,OH,AGL,CE,Combined TRACON& Tower with Radar,6,12,28,0,46,0,2,19,0,21,6,14,47,0,67,20,0,20,87
11/10/2012,TOL,OH,AGL,CE,Combined TRACON& Tower with Radar,1,7,9,5,22,0,2,6,0,8,1,9,15,5,30,20,0,20,50
11/11/2012,TOL,OH,AGL,CE,Combined TRACON& Tower with Radar,2,15,9,4,30,0,0,6,0,6,2,15,15,4,36,8,0,8,44
11/12/2012,TOL,OH,AGL,CE,Combined TRACON& Tower with Radar,3,11,31,0,45,0,0,5,0,5,3,11,36,0,50,2,0,2,52
11/13/2012,TOL,OH,AGL,CE,Combined TRACON& Tower with Radar,7,15,44,13,79,0,3,15,0,18,7,18,59,13,97,22,38,60,157
11/14/2012,TOL,OH,AGL,CE,Combined TRACON& Tower with Radar,4,15,40,9,68,0,0,21,0,21,4,15,61,9,89,18,41,59,148
11/15/2012,TOL,OH,AGL,CE,Combined TRACON& Tower with Radar,10,22,43,12,87,0,5,17,0,22,10,27,60,12,109,10,0,10,119
11/16/2012,TOL,OH,AGL,CE,Combined TRACON& Tower with Radar,7,12,41,0,60,0,2,14,0,16,7,14,55,0,76,16,0,16,92
11/17/2012,TOL,OH,AGL,CE,Combined TRACON& Tower with Radar,3,10,20,1,34,0,3,21,0,24,3,13,41,1,58,12,0,12,70
11/18/2012,TOL,OH,AGL,CE,Combined TRACON& Tower with Radar,4,13,15,0,32,0,3,10,0,13,4,16,25,0,45,2,10,12,57
11/19/2012,TOL,OH,AGL,CE,Combined TRACON& Tower with Radar,3,14,31,12,60,0,1,9,0,10,3,15,40,12,70,4,18,22,92
11/20/2012,TOL,OH,AGL,CE,Combined TRACON& Tower with Radar,10,13,42,25,90,0,5,14,0,19,10,18,56,25,109,20,40,60,169
11/21/2012,TOL,OH,AGL,CE,Combined TRACON& Tower with Radar,8,14,31,8,61,0,0,16,0,16,8,14,47,8,77,14,26,40,117
11/22/2012,TOL,OH,AGL,CE,Combined TRACON& Tower with Radar,3,9,6,0,18,0,1,7,0,8,3,10,13,0,26,4,0,4,30
11/23/2012,TOL,OH,AGL,CE,Combined TRACON& Tower with Radar,3,7,5,0,15,0,1,3,0,4,3,8,8,0,19,0,0,0,19
11/24/2012,TOL,OH,AGL,CE,Combined TRACON& Tower with Radar,3,7,18,0,28,0,0,9,0,9,3,7,27,0,37,28,0,28,65
11/25/2012,TOL,OH,AGL,CE,Combined TRACON& Tower with Radar,4,12,17,0,33,0,3,10,0,13,4,15,27,0,46,12,0,12,58
11/26/2012,TOL,OH,AGL,CE,Combined TRACON& Tower with Radar,3,14,23,12,52,0,0,14,2,16,3,14,37,14,68,29,14,43,111
11/27/2012,TOL,OH,AGL,CE,Combined TRACON& Tower with Radar,6,13,23,9,51,0,1,16,0,17,6,14,39,9,68,13,10,23,91
11/28/2012,TOL,OH,AGL,CE,Combined TRACON& Tower with Radar,4,16,33,14,67,0,0,12,0,12,4,16,45,14,79,4,22,26,105
11/29/2012,TOL,OH,AGL,CE,Combined TRACON& Tower with Radar,8,11,32,13,64,0,2,24,0,26,8,13,56,13,90,36,10,46,136
11/30/2012,TOL,OH,AGL,CE,Combined TRACON& Tower with Radar,4,16,32,14,66,0,4,17,0,21,4,20,49,14,87,30,22,52,139
12/01/2012,TOL,OH,AGL,CE,Combined TRACON& Tower with Radar,3,9,31,0,43,0,4,36,0,40,3,13,67,0,83,120,0,120,203
12/02/2012,TOL,OH,AGL,CE,Combined TRACON& Tower with Radar,4,11,26,0,41,0,2,2,0,4,4,13,28,0,45,6,0,6,51
12/03/2012,TOL,OH,AGL,CE,Combined TRACON& Tower with Radar,5,16,32,13,66,0,1,4,0,5,5,17,36,13,71,4,7,11,82
12/04/2012,TOL,OH,AGL,CE,Combined TRACON& Tower with Radar,8,15,30,14,67,0,0,6,0,6,8,15,36,14,73,10,4,14,87
12/05/2012,TOL,OH,AGL,CE,Combined TRACON& Tower with Radar,4,12,43,19,78,0,2,25,0,27,4,14,68,19,105,12,45,57,162
12/06/2012,TOL,OH,AGL,CE,Combined TRACON& Tower with Radar,10,19,38,19,86,0,2,29,0,31,10,21,67,19,117,17,40,57,174
12/07/2012,TOL,OH,AGL,CE,Combined TRACON& Tower with Radar,4,15,47,0,66,0,1,5,0,6,4,16,52,0,72,16,0,16,88
12/08/2012,TOL,OH,AGL,CE,Combined TRACON& Tower with Radar,1,13,9,6,29,0,0,0,0,0,1,13,9,6,29,2,1,3,32
12/09/2012,TOL,OH,AGL,CE,Combined TRACON& Tower with Radar,4,16,15,0,35,0,0,2,0,2,4,16,17,0,37,0,0,0,37
12/10/2012,TOL,OH,AGL,CE,Combined TRACON& Tower with Radar,3,14,41,20,78,0,2,3,0,5,3,16,44,20,83,8,8,16,99
12/11/2012,TOL,OH,AGL,CE,Combined TRACON& Tower with Radar,5,21,20,18,64,0,1,21,2,24,5,22,41,20,88,42,19,61,149
12/12/2012,TOL,OH,AGL,CE,Combined TRACON& Tower with Radar,4,17,40,21,82,0,1,19,0,20,4,18,59,21,102,16,26,42,144
12/13/2012,TOL,OH,AGL,CE,Combined TRACON& Tower with Radar,10,17,47,18,92,0,2,18,1,21,10,19,65,19,113,22,23,45,158
12/14/2012,TOL,OH,AGL,CE,Combined TRACON& Tower with Radar,4,18,31,0,53,0,1,19,0,20,4,19,50,0,73,24,0,24,97
12/15/2012,TOL,OH,AGL,CE,Combined TRACON& Tower with Radar,2,11,17,0,30,0,2,6,0,8,2,13,23,0,38,10,0,10,48
12/16/2012,TOL,OH,AGL,CE,Combined TRACON& Tower with Radar,10,11,16,2,39,0,0,6,0,6,10,11,22,2,45,4,0,4,49
12/17/2012,TOL,OH,AGL,CE,Combined TRACON& Tower with Radar,3,16,33,15,67,0,5,7,3,15,3,21,40,18,82,18,2,20,102
12/18/2012,TOL,OH,AGL,CE,Combined TRACON& Tower with Radar,8,12,38,9,67,0,3,14,0,17,8,15,52,9,84,10,6,16,100
12/19/2012,TOL,OH,AGL,CE,Combined TRACON& Tower with Radar,2,14,47,10,73,0,1,14,1,16,2,15,61,11,89,13,2,15,104
12/20/2012,TOL,OH,AGL,CE,Combined TRACON& Tower with Radar,9,15,10,0,34,0,0,0,0,0,9,15,10,0,34,0,0,0,34
12/21/2012,TOL,OH,AGL,CE,Combined TRACON& Tower with Radar,6,11,5,0,22,0,0,0,0,0,6,11,5,0,22,0,0,0,22
12/22/2012,TOL,OH,AGL,CE,Combined TRACON& Tower with Radar,1,14,6,0,21,0,1,4,0,5,1,15,10,0,26,4,1,5,31
12/23/2012,TOL,OH,AGL,CE,Combined TRACON& Tower with Radar,6,15,7,0,28,0,3,29,0,32,6,18,36,0,60,26,0,26,86
12/24/2012,TOL,OH,AGL,CE,Combined TRACON& Tower with Radar,0,9,4,0,13,0,2,0,0,2,0,11,4,0,15,8,0,8,23
12/25/2012,TOL,OH,AGL,CE,Combined TRACON& Tower with Radar,0,6,2,0,8,0,6,5,0,11,0,12,7,0,19,2,0,2,21
12/26/2012,TOL,OH,AGL,CE,Combined TRACON& Tower with Radar,3,5,4,0,12,0,0,2,0,2,3,5,6,0,14,0,0,0,14
12/27/2012,TOL,OH,AGL,CE,Combined TRACON& Tower with Radar,8,9,16,4,37,0,1,14,7,22,8,10,30,11,59,12,22,34,93
12/28/2012,TOL,OH,AGL,CE,Combined TRACON& Tower with Radar,7,11,5,0,23,0,0,5,0,5,7,11,10,0,28,6,0,6,34
12/29/2012,TOL,OH,AGL,CE,Combined TRACON& Tower with Radar,2,8,4,0,14,0,0,0,0,0,2,8,4,0,14,0,0,0,14
12/30/2012,TOL,OH,AGL,CE,Combined TRACON& Tower with Radar,4,14,5,0,23,0,1,5,0,6,4,15,10,0,29,12,6,18,47
12/31/2012,TOL,OH,AGL,CE,Combined TRACON& Tower with Radar,0,7,11,0,18,0,2,4,0,6,0,9,15,0,24,0,0,0,24
01/01/2013,TOL,OH,AGL,CE,Combined TRACON& Tower with Radar,0,16,5,0,21,0,5,0,0,5,0,21,5,0,26,2,0,2,28
01/02/2013,TOL,OH,AGL,CE,Combined TRACON& Tower with Radar,1,8,15,12,36,0,2,10,1,13,1,10,25,13,49,0,7,7,56
01/03/2013,TOL,OH,AGL,CE,Combined TRACON& Tower with Radar,8,18,15,15,56,0,4,16,0,20,8,22,31,15,76,26,4,30,106
01/04/2013,TOL,OH,AGL,CE,Combined TRACON& Tower with Radar,4,21,24,0,49,0,2,28,0,30,4,23,52,0,79,36,0,36,115
01/05/2013,TOL,OH,AGL,CE,Combined TRACON& Tower with Radar,1,8,16,0,25,0,3,18,0,21,1,11,34,0,46,14,0,14,60
01/06/2013,TOL,OH,AGL,CE,Combined TRACON& Tower with Radar,4,10,19,2,35,0,2,3,0,5,4,12,22,2,40,8,0,8,48
01/07/2013,TOL,OH,AGL,CE,Combined TRACON& Tower with Radar,1,13,22,14,50,0,0,13,0,13,1,13,35,14,63,12,16,28,91
01/08/2013,TOL,OH,AGL,CE,Combined TRACON& Tower with Radar,6,12,23,11,52,0,1,27,0,28,6,13,50,11,80,29,8,37,117
01/09/2013,TOL,OH,AGL,CE,Combined TRACON& Tower with Radar,4,12,25,15,56,0,2,11,1,14,4,14,36,16,70,18,12,30,100
01/10/2013,TOL,OH,AGL,CE,Combined TRACON& Tower with Radar,8,11,34,12,65,0,1,17,0,18,8,12,51,12,83,11,10,21,104
01/11/2013,TOL,OH,AGL,CE,Combined TRACON& Tower with Radar,4,12,14,0,30,0,0,1,0,1,4,12,15,0,31,12,0,12,43
01/12/2013,TOL,OH,AGL,CE,Combined TRACON& Tower with Radar,3,14,28,10,55,0,1,14,0,15,3,15,42,10,70,25,14,39,109
01/13/2013,TOL,OH,AGL,CE,Combined TRACON& Tower with Radar,4,9,9,1,23,0,0,0,0,0,4,9,9,1,23,0,0,0,23
01/14/2013,TOL,OH,AGL,CE,Combined TRACON& Tower with Radar,1,10,33,10,54,0,1,9,0,10,1,11,42,10,64,5,0,5,69
01/15/2013,TOL,OH,AGL,CE,Combined TRACON& Tower with Radar,6,9,24,15,54,0,3,19,2,24,6,12,43,17,78,15,20,35,113
01/16/2013,TOL,OH,AGL,CE,Combined TRACON& Tower with Radar,4,7,27,13,51,0,0,18,3,21,4,7,45,16,72,25,29,54,126
01/17/2013,TOL,OH,AGL,CE,Combined TRACON& Tower with Radar,7,8,25,10,50,0,1,23,0,24,7,9,48,10,74,48,10,58,132
01/18/2013,TOL,OH,AGL,CE,Combined TRACON& Tower with Radar,4,15,23,0,42,0,1,15,0,16,4,16,38,0,58,37,0,37,95
01/19/2013,TOL,OH,AGL,CE,Combined TRACON& Tower with Radar,1,6,13,0,20,0,0,3,0,3,1,6,16,0,23,4,0,4,27
01/20/2013,TOL,OH,AGL,CE,Combined TRACON& Tower with Radar,4,8,1,0,13,0,1,0,0,1,4,9,1,0,14,0,0,0,14
01/21/2013,TOL,OH,AGL,CE,Combined TRACON& Tower with Radar,1,10,20,0,31,0,0,3,0,3,1,10,23,0,34,0,0,0,34
01/22/2013,TOL,OH,AGL,CE,Combined TRACON& Tower with Radar,8,14,16,18,56,0,1,4,0,5,8,15,20,18,61,0,8,8,69
01/23/2013,TOL,OH,AGL,CE,Combined TRACON& Tower with Radar,4,8,18,6,36,0,0,9,0,9,4,8,27,6,45,5,2,7,52
01/24/2013,TOL,OH,AGL,CE,Combined TRACON& Tower with Radar,9,14,19,10,52,0,1,13,0,14,9,15,32,10,66,32,4,36,102
01/25/2013,TOL,OH,AGL,CE,Combined TRACON& Tower with Radar,5,11,5,0,21,0,2,4,0,6,5,13,9,0,27,2,0,2,29
01/26/2013,TOL,OH,AGL,CE,Combined TRACON& Tower with Radar,1,6,11,2,20,0,1,13,0,14,1,7,24,2,34,12,0,12,46
01/27/2013,TOL,OH,AGL,CE,Combined TRACON& Tower with Radar,4,10,16,0,30,0,0,13,0,13,4,10,29,0,43,10,0,10,53
01/28/2013,TOL,OH,AGL,CE,Combined TRACON& Tower with Radar,0,14,21,7,42,0,0,1,0,1,0,14,22,7,43,0,0,0,43
01/29/2013,TOL,OH,AGL,CE,Combined TRACON& Tower with Radar,7,16,33,14,70,0,0,3,0,3,7,16,36,14,73,10,4,14,87
01/30/2013,TOL,OH,AGL,CE,Combined TRACON& Tower with Radar,4,10,24,17,55,0,2,2,0,4,4,12,26,17,59,6,0,6,65
01/31/2013,TOL,OH,AGL,CE,Combined TRACON& Tower with Radar,7,15,21,11,54,0,3,1,0,4,7,18,22,11,58,0,4,4,62
02/01/2013,TOL,OH,AGL,CE,Combined TRACON& Tower with Radar,6,8,21,10,45,0,3,9,0,12,6,11,30,10,57,2,10,12,69
02/02/2013,TOL,OH,AGL,CE,Combined TRACON& Tower with Radar,2,8,4,0,14,0,2,0,0,2,2,10,4,0,16,1,0,1,17
02/03/2013,TOL,OH,AGL,CE,Combined TRACON& Tower with Radar,4,9,15,0,28,0,1,17,0,18,4,10,32,0,46,16,0,16,62
02/04/2013,TOL,OH,AGL,CE,Combined TRACON& Tower with Radar,1,15,17,0,33,0,0,0,0,0,1,15,17,0,33,0,0,0,33
02/05/2013,TOL,OH,AGL,CE,Combined TRACON& Tower with Radar,8,13,15,5,41,0,1,2,0,3,8,14,17,5,44,2,6,8,52
02/06/2013,TOL,OH,AGL,CE,Combined TRACON& Tower with Radar,6,20,26,33,85,0,3,49,0,52,6,23,75,33,137,65,34,99,236
02/07/2013,TOL,OH,AGL,CE,Combined TRACON& Tower with Radar,8,9,20,26,63,0,4,27,0,31,8,13,47,26,94,40,13,53,147
02/08/2013,TOL,OH,AGL,CE,Combined TRACON& Tower with Radar,7,14,12,0,33,0,1,1,0,2,7,15,13,0,35,0,0,0,35
02/09/2013,TOL,OH,AGL,CE,Combined TRACON& Tower with Radar,1,8,31,0,40,0,1,38,0,39,1,9,69,0,79,52,0,52,131
02/10/2013,TOL,OH,AGL,CE,Combined TRACON& Tower with Radar,4,12,19,15,50,0,2,35,0,37,4,14,54,15,87,43,31,74,161
02/11/2013,TOL,OH,AGL,CE,Combined TRACON& Tower with Radar,1,14,25,17,57,0,1,6,0,7,1,15,31,17,64,22,41,63,127
02/12/2013,TOL,OH,AGL,CE,Combined TRACON& Tower with Radar,6,15,39,26,86,0,3,19,1,23,6,18,58,27,109,14,8,22,131
02/13/2013,TOL,OH,AGL,CE,Combined TRACON& Tower with Radar,4,11,31,12,58,0,0,17,1,18,4,11,48,13,76,22,6,28,104
02/14/2013,TOL,OH,AGL,CE,Combined TRACON& Tower with Radar,8,11,38,11,68,0,2,5,0,7,8,13,43,11,75,10,2,12,87
02/15/2013,TOL,OH,AGL,CE,Combined TRACON& Tower with Radar,4,13,19,0,36,0,3,11,0,14,4,16,30,0,50,22,0,22,72
02/16/2013,TOL,OH,AGL,CE,Combined TRACON& Tower with Radar,3,15,6,0,24,0,3,9,0,12,3,18,15,0,36,10,0,10,46
02/17/2013,TOL,OH,AGL,CE,Combined TRACON& Tower with Radar,4,9,21,0,34,0,0,16,0,16,4,9,37,0,50,26,0,26,76
02/18/2013,TOL,OH,AGL,CE,Combined TRACON& Tower with Radar,1,14,20,0,35,0,4,8,0,12,1,18,28,0,47,36,0,36,83
02/19/2013,TOL,OH,AGL,CE,Combined TRACON& Tower with Radar,4,17,18,11,50,0,1,1,0,2,4,18,19,11,52,0,0,0,52
02/20/2013,TOL,OH,AGL,CE,Combined TRACON& Tower with Radar,8,15,24,3,50,0,0,4,0,4,8,15,28,3,54,0,0,0,54
02/21/2013,TOL,OH,AGL,CE,Combined TRACON& Tower with Radar,8,10,27,18,63,0,0,17,0,17,8,10,44,18,80,18,0,18,98
02/22/2013,TOL,OH,AGL,CE,Combined TRACON& Tower with Radar,4,7,15,5,31,0,1,0,0,1,4,8,15,5,32,0,8,8,40
02/23/2013,TOL,OH,AGL,CE,Combined TRACON& Tower with Radar,3,7,9,0,19,0,5,12,0,17,3,12,21,0,36,11,0,11,47
02/24/2013,TOL,OH,AGL,CE,Combined TRACON& Tower with Radar,4,12,16,1,33,0,2,18,0,20,4,14,34,1,53,27,2,29,82
02/25/2013,TOL,OH,AGL,CE,Combined TRACON& Tower with Radar,1,17,30,28,76,0,3,41,1,45,1,20,71,29,121,83,54,137,258
02/26/2013,TOL,OH,AGL,CE,Combined TRACON& Tower with Radar,4,16,16,0,36,0,1,0,0,1,4,17,16,0,37,0,0,0,37
02/27/2013,TOL,OH,AGL,CE,Combined TRACON& Tower with Radar,10,15,13,5,43,0,0,1,0,1,10,15,14,5,44,0,0,0,44
02/28/2013,TOL,OH,AGL,CE,Combined TRACON& Tower with Radar,8,14,30,5,57,0,3,5,0,8,8,17,35,5,65,2,0,2,67
03/01/2013,TOL,OH,AGL,CE,Combined TRACON& Tower with Radar,4,8,24,0,36,0,7,10,0,17,4,15,34,0,53,10,0,10,63
03/02/2013,TOL,OH,AGL,CE,Combined TRACON& Tower with Radar,3,8,9,6,26,0,4,4,0,8,3,12,13,6,34,4,0,4,38
03/03/2013,TOL,OH,AGL,CE,Combined TRACON& Tower with Radar,4,11,17,3,35,0,1,13,0,14,4,12,30,3,49,17,4,21,70
03/04/2013,TOL,OH,AGL,CE,Combined TRACON& Tower with Radar,0,13,29,4,46,0,2,30,0,32,0,15,59,4,78,63,2,65,143
03/05/2013,TOL,OH,AGL,CE,Combined TRACON& Tower with Radar,6,7,9,2,24,0,1,2,0,3,6,8,11,2,27,7,0,7,34
03/06/2013,TOL,OH,AGL,CE,Combined TRACON& Tower with Radar,5,10,23,4,42,0,2,2,0,4,5,12,25,4,46,0,6,6,52
03/07/2013,TOL,OH,AGL,CE,Combined TRACON& Tower with Radar,8,15,37,3,63,0,3,11,4,18,8,18,48,7,81,12,0,12,93
03/08/2013,TOL,OH,AGL,CE,Combined TRACON& Tower with Radar,6,10,12,0,28,0,2,38,1,41,6,12,50,1,69,14,0,14,83
03/09/2013,TOL,OH,AGL,CE,Combined TRACON& Tower with Radar,5,13,15,6,39,0,0,37,4,41,5,13,52,10,80,40,0,40,120
03/10/2013,TOL,OH,AGL,CE,Combined TRACON& Tower with Radar,4,9,7,0,20,0,3,17,0,20,4,12,24,0,40,14,0,14,54
03/11/2013,TOL,OH,AGL,CE,Combined TRACON& Tower with Radar,1,14,16,0,31,0,0,3,0,3,1,14,19,0,34,4,0,4,38
03/12/2013,TOL,OH,AGL,CE,Combined TRACON& Tower with Radar,10,13,18,18,59,0,2,4,0,6,10,15,22,18,65,0,55,55,120
03/13/2013,TOL,OH,AGL,CE,Combined TRACON& Tower with Radar,6,9,22,4,41,0,3,5,0,8,6,12,27,4,49,2,16,18,67
03/14/2013,TOL,OH,AGL,CE,Combined TRACON& Tower with Radar,10,16,29,6,61,0,4,29,0,33,10,20,58,6,94,44,6,50,144
03/15/2013,TOL,OH,AGL,CE,Combined TRACON& Tower with Radar,4,15,15,0,34,0,0,8,1,9,4,15,23,1,43,8,0,8,51
03/16/2013,TOL,OH,AGL,CE,Combined TRACON& Tower with Radar,5,15,7,0,27,0,0,0,0,0,5,15,7,0,27,4,0,4,31
03/17/2013,TOL,OH,AGL,CE,Combined TRACON& Tower with Radar,4,11,18,1,34,0,3,14,0,17,4,14,32,1,51,27,0,27,78
03/18/2013,TOL,OH,AGL,CE,Combined TRACON& Tower with Radar,1,15,16,0,32,0,0,0,0,0,1,15,16,0,32,0,0,0,32
03/19/2013,TOL,OH,AGL,CE,Combined TRACON& Tower with Radar,8,13,16,10,47,0,0,0,1,1,8,13,16,11,48,8,0,8,56
03/20/2013,TOL,OH,AGL,CE,Combined TRACON& Tower with Radar,8,13,41,12,74,0,2,15,0,17,8,15,56,12,91,32,40,72,163
03/21/2013,TOL,OH,AGL,CE,Combined TRACON& Tower with Radar,8,9,36,2,55,0,4,19,0,23,8,13,55,2,78,20,3,23,101
03/22/2013,TOL,OH,AGL,CE,Combined TRACON& Tower with Radar,4,17,31,0,52,0,5,28,0,33,4,22,59,0,85,36,0,36,121
03/23/2013,TOL,OH,AGL,CE,Combined TRACON& Tower with Radar,7,7,14,8,36,0,1,40,0,41,7,8,54,8,77,62,6,68,145
03/24/2013,TOL,OH,AGL,CE,Combined TRACON& Tower with Radar,3,9,9,2,23,0,2,7,0,9,3,11,16,2,32,4,0,4,36
03/25/2013,TOL,OH,AGL,CE,Combined TRACON& Tower with Radar,2,11,18,0,31,0,0,0,0,0,2,11,18,0,31,0,0,0,31
03/26/2013,TOL,OH,AGL,CE,Combined TRACON& Tower with Radar,10,14,35,7,66,0,4,7,4,15,10,18,42,11,81,18,31,49,130
03/27/2013,TOL,OH,AGL,CE,Combined TRACON& Tower with Radar,10,13,26,8,57,0,2,7,2,11,10,15,33,10,68,6,20,26,94
03/28/2013,TOL,OH,AGL,CE,Combined TRACON& Tower with Radar,12,12,32,16,72,0,2,12,0,14,12,14,44,16,86,4,30,34,120
03/29/2013,TOL,OH,AGL,CE,Combined TRACON& Tower with Radar,8,13,35,0,56,0,2,36,0,38,8,15,71,0,94,20,0,20,114
03/30/2013,TOL,OH,AGL,CE,Combined TRACON& Tower with Radar,7,7,8,2,24,0,4,24,3,31,7,11,32,5,55,12,0,12,67
03/31/2013,TOL,OH,AGL,CE,Combined TRACON& Tower with Radar,8,9,5,0,22,0,1,1,0,2,8,10,6,0,24,0,0,0,24
04/01/2013,TOL,OH,AGL,CE,Combined TRACON& Tower with Radar,5,14,24,18,61,0,2,14,0,16,5,16,38,18,77,14,24,38,115
04/02/2013,TOL,OH,AGL,CE,Combined TRACON& Tower with Radar,9,9,28,29,75,0,3,22,0,25,9,12,50,29,100,24,53,77,177
04/03/2013,TOL,OH,AGL,CE,Combined TRACON& Tower with Radar,4,14,16,17,51,0,0,10,2,12,4,14,26,19,63,10,36,46,109
04/04/2013,TOL,OH,AGL,CE,Combined TRACON& Tower with Radar,8,10,35,19,72,0,2,21,3,26,8,12,56,22,98,38,20,58,156
04/05/2013,TOL,OH,AGL,CE,Combined TRACON& Tower with Radar,8,9,31,2,50,0,3,34,1,38,8,12,65,3,88,67,0,67,155
04/06/2013,TOL,OH,AGL,CE,Combined TRACON& Tower with Radar,9,7,10,1,27,0,1,16,6,23,9,8,26,7,50,8,0,8,58
04/07/2013,TOL,OH,AGL,CE,Combined TRACON& Tower with Radar,9,13,16,0,38,0,0,2,0,2,9,13,18,0,40,28,0,28,68
04/08/2013,TOL,OH,AGL,CE,Combined TRACON& Tower with Radar,3,7,15,15,40,0,2,7,1,10,3,9,22,16,50,54,0,54,104
04/09/2013,TOL,OH,AGL,CE,Combined TRACON& Tower with Radar,8,13,19,10,50,0,2,4,0,6,8,15,23,10,56,10,0,10,66
04/10/2013,TOL,OH,AGL,CE,Combined TRACON& Tower with Radar,8,9,23,0,40,0,0,0,0,0,8,9,23,0,40,0,0,0,40
04/11/2013,TOL,OH,AGL,CE,Combined TRACON& Tower with Radar,7,13,25,4,49,0,0,0,0,0,7,13,25,4,49,0,0,0,49
04/12/2013,TOL,OH,AGL,CE,Combined TRACON& Tower with Radar,14,11,24,0,49,0,1,5,1,7,14,12,29,1,56,4,0,4,60
04/13/2013,TOL,OH,AGL,CE,Combined TRACON& Tower with Radar,4,12,17,18,51,0,1,9,0,10,4,13,26,18,61,9,3,12,73
04/14/2013,TOL,OH,AGL,CE,Combined TRACON& Tower with Radar,4,16,18,0,38,0,0,14,2,16,4,16,32,2,54,16,0,16,70
04/15/2013,TOL,OH,AGL,CE,Combined TRACON& Tower with Radar,1,15,38,9,63,0,1,7,4,12,1,16,45,13,75,10,35,45,120
04/16/2013,TOL,OH,AGL,CE,Combined TRACON& Tower with Radar,4,13,22,10,49,0,2,6,0,8,4,15,28,10,57,4,15,19,76
04/17/2013,TOL,OH,AGL,CE,Combined TRACON& Tower with Radar,3,7,40,12,62,0,1,20,1,22,3,8,60,13,84,33,55,88,172
04/18/2013,TOL,OH,AGL,CE,Combined TRACON& Tower with Radar,10,13,19,12,54,0,1,2,3,6,10,14,21,15,60,0,17,17,77
04/19/2013,TOL,OH,AGL,CE,Combined TRACON& Tower with Radar,8,8,20,0,36,0,3,2,0,5,8,11,22,0,41,0,0,0,41
04/20/2013,TOL,OH,AGL,CE,Combined TRACON& Tower with Radar,1,7,17,0,25,0,3,16,0,19,1,10,33,0,44,26,0,26,70
04/21/2013,TOL,OH,AGL,CE,Combined TRACON& Tower with Radar,6,9,30,0,45,0,2,35,0,37,6,11,65,0,82,39,0,39,121
04/22/2013,TOL,OH,AGL,CE,Combined TRACON& Tower with Radar,2,12,37,11,62,0,0,37,0,37,2,12,74,11,99,59,8,67,166
04/23/2013,TOL,OH,AGL,CE,Combined TRACON& Tower with Radar,7,16,20,13,56,0,1,17,0,18,7,17,37,13,74,25,14,39,113
04/24/2013,TOL,OH,AGL,CE,Combined TRACON& Tower with Radar,4,11,20,5,40,0,3,3,0,6,4,14,23,5,46,0,0,0,46
04/25/2013,TOL,OH,AGL,CE,Combined TRACON& Tower with Radar,9,11,37,0,57,0,1,13,0,14,9,12,50,0,71,16,0,16,87
04/26/2013,TOL,OH,AGL,CE,Combined TRACON& Tower with Radar,8,19,36,4,67,0,2,21,0,23,8,21,57,4,90,42,0,42,132
04/27/2013,TOL,OH,AGL,CE,Combined TRACON& Tower with Radar,3,11,17,4,35,0,1,31,0,32,3,12,48,4,67,10,1,11,78
04/28/2013,TOL,OH,AGL,CE,Combined TRACON& Tower with Radar,4,8,13,0,25,0,0,0,0,0,4,8,13,0,25,2,0,2,27
04/29/2013,TOL,OH,AGL,CE,Combined TRACON& Tower with Radar,6,11,38,11,66,0,0,19,0,19,6,11,57,11,85,36,4,40,125
04/30/2013,TOL,OH,AGL,CE,Combined TRACON& Tower with Radar,7,23,33,5,68,0,2,28,0,30,7,25,61,5,98,55,25,80,178
05/01/2013,TOL,OH,AGL,CE,Combined TRACON& Tower with Radar,6,20,30,0,56,0,1,30,0,31,6,21,60,0,87,28,0,28,115
05/02/2013,TOL,OH,AGL,CE,Combined TRACON& Tower with Radar,10,24,29,2,65,0,1,21,4,26,10,25,50,6,91,14,18,32,123
05/03/2013,TOL,OH,AGL,CE,Combined TRACON& Tower with Radar,8,11,24,0,43,0,1,33,0,34,8,12,57,0,77,24,2,26,103
05/04/2013,TOL,OH,AGL,CE,Combined TRACON& Tower with Radar,1,7,16,9,33,0,0,18,0,18,1,7,34,9,51,40,16,56,107
05/05/2013,TOL,OH,AGL,CE,Combined TRACON& Tower with Radar,4,14,13,5,36,0,3,27,1,31,4,17,40,6,67,28,4,32,99
05/06/2013,TOL,OH,AGL,CE,Combined TRACON& Tower with Radar,8,11,30,14,63,0,2,8,2,12,8,13,38,16,75,2,35,37,112
05/07/2013,TOL,OH,AGL,CE,Combined TRACON& Tower with Radar,7,23,35,6,71,0,0,15,1,16,7,23,50,7,87,29,20,49,136
05/08/2013,TOL,OH,AGL,CE,Combined TRACON& Tower with Radar,8,22,29,17,76,0,3,28,1,32,8,25,57,18,108,33,14,47,155
05/09/2013,TOL,OH,AGL,CE,Combined TRACON& Tower with Radar,11,13,25,8,57,0,1,23,1,25,11,14,48,9,82,5,0,5,87
05/10/2013,TOL,OH,AGL,CE,Combined TRACON& Tower with Radar,6,17,30,0,53,0,2,4,0,6,6,19,34,0,59,4,0,4,63
05/11/2013,TOL,OH,AGL,CE,Combined TRACON& Tower with Radar,3,6,25,0,34,0,0,15,0,15,3,6,40,0,49,23,0,23,72
05/12/2013,TOL,OH,AGL,CE,Combined TRACON& Tower with Radar,7,12,8,0,27,0,3,8,0,11,7,15,16,0,38,9,0,9,47
05/13/2013,TOL,OH,AGL,CE,Combined TRACON& Tower with Radar,3,11,29,4,47,0,3,18,0,21,3,14,47,4,68,16,4,20,88
05/14/2013,TOL,OH,AGL,CE,Combined TRACON& Tower with Radar,4,20,36,6,66,0,6,23,1,30,4,26,59,7,96,20,18,38,134
05/15/2013,TOL,OH,AGL,CE,Combined TRACON& Tower with Radar,4,12,21,2,39,0,2,12,0,14,4,14,33,2,53,42,12,54,107
05/16/2013,TOL,OH,AGL,CE,Combined TRACON& Tower with Radar,8,17,26,8,59,0,3,24,3,30,8,20,50,11,89,18,15,33,122
05/17/2013,TOL,OH,AGL,CE,Combined TRACON& Tower with Radar,5,11,27,2,45,0,2,34,0,36,5,13,61,2,81,16,8,24,105
05/18/2013,TOL,OH,AGL,CE,Combined TRACON& Tower with Radar,1,12,15,2,30,0,4,19,0,23,1,16,34,2,53,56,0,56,109
05/19/2013,TOL,OH,AGL,CE,Combined TRACON& Tower with Radar,6,16,15,0,37,0,4,27,0,31,6,20,42,0,68,4,0,4,72
05/20/2013,TOL,OH,AGL,CE,Combined TRACON& Tower with Radar,3,10,21,6,40,0,2,16,0,18,3,12,37,6,58,4,4,8,66
05/21/2013,TOL,OH,AGL,CE,Combined TRACON& Tower with Radar,6,14,20,3,43,0,2,19,0,21,6,16,39,3,64,70,10,80,144
05/22/2013,TOL,OH,AGL,CE,Combined TRACON& Tower with Radar,7,9,18,4,38,0,1,8,0,9,7,10,26,4,47,28,12,40,87
05/23/2013,TOL,OH,AGL,CE,Combined TRACON& Tower with Radar,10,22,30,8,70,0,0,3,0,3,10,22,33,8,73,17,8,25,98
05/24/2013,TOL,OH,AGL,CE,Combined TRACON& Tower with Radar,10,14,27,2,53,0,2,10,0,12,10,16,37,2,65,6,0,6,71
05/25/2013,TOL,OH,AGL,CE,Combined TRACON& Tower with Radar,3,6,17,0,26,0,1,31,0,32,3,7,48,0,58,7,0,7,65
05/26/2013,TOL,OH,AGL,CE,Combined TRACON& Tower with Radar,4,6,9,0,19,0,2,20,0,22,4,8,29,0,41,12,0,12,53
05/27/2013,TOL,OH,AGL,CE,Combined TRACON& Tower with Radar,2,9,18,0,29,0,2,5,0,7,2,11,23,0,36,0,0,0,36
05/28/2013,TOL,OH,AGL,CE,Combined TRACON& Tower with Radar,5,11,17,7,40,0,0,7,1,8,5,11,24,8,48,2,0,2,50
05/29/2013,TOL,OH,AGL,CE,Combined TRACON& Tower with Radar,8,14,34,4,60,0,3,12,0,15,8,17,46,4,75,16,17,33,108
05/30/2013,TOL,OH,AGL,CE,Combined TRACON& Tower with Radar,8,18,34,4,64,0,2,16,0,18,8,20,50,4,82,24,12,36,118
05/31/2013,TOL,OH,AGL,CE,Combined TRACON& Tower with Radar,6,12,17,0,35,0,0,6,0,6,6,12,23,0,41,0,0,0,41
06/01/2013,TOL,OH,AGL,CE,Combined TRACON& Tower with Radar,1,8,6,0,15,0,3,9,0,12,1,11,15,0,27,6,1,7,34
06/02/2013,TOL,OH,AGL,CE,Combined TRACON& Tower with Radar,4,12,17,0,33,0,0,7,0,7,4,12,24,0,40,6,0,6,46
06/03/2013,TOL,OH,AGL,CE,Combined TRACON& Tower with Radar,6,12,33,8,59,0,4,37,2,43,6,16,70,10,102,51,27,78,180
06/04/2013,TOL,OH,AGL,CE,Combined TRACON& Tower with Radar,7,20,22,5,54,0,0,35,0,35,7,20,57,5,89,38,24,62,151
06/05/2013,TOL,OH,AGL,CE,Combined TRACON& Tower with Radar,11,15,24,3,53,0,3,31,0,34,11,18,55,3,87,24,13,37,124
06/06/2013,TOL,OH,AGL,CE,Combined TRACON& Tower with Radar,7,20,19,8,54,0,0,9,0,9,7,20,28,8,63,11,11,22,85
06/07/2013,TOL,OH,AGL,CE,Combined TRACON& Tower with Radar,6,15,33,0,54,0,2,9,0,11,6,17,42,0,65,7,0,7,72
06/08/2013,TOL,OH,AGL,CE,Combined TRACON& Tower with Radar,1,9,20,2,32,0,2,41,0,43,1,11,61,2,75,14,6,20,95
06/09/2013,TOL,OH,AGL,CE,Combined TRACON& Tower with Radar,4,6,9,0,19,0,2,20,0,22,4,8,29,0,41,33,4,37,78
06/10/2013,TOL,OH,AGL,CE,Combined TRACON& Tower with Radar,2,9,18,0,29,0,2,5,0,7,2,11,23,0,36,0,0,0,36
06/11/2013,TOL,OH,AGL,CE,Combined TRACON& Tower with Radar,5,11,17,7,40,0,0,7,1,8,5,11,24,8,48,11,4,15,63
06/12/2013,TOL,OH,AGL,CE,Combined TRACON& Tower with Radar,8,14,34,4,60,0,3,12,0,15,8,17,46,4,75,3,12,15,90
06/13/2013,TOL,OH,AGL,CE,Combined TRACON& Tower with Radar,8,18,34,4,64,0,2,16,0,18,8,20,50,4,82,16,10,26,108
06/14/2013,TOL,OH,AGL,CE,Combined TRACON& Tower with Radar,6,12,17,0,35,0,0,6,0,6,6,12,23,0,41,11,2,13,54
06/15/2013,TOL,OH,AGL,CE,Combined TRACON& Tower with Radar,1,8,6,0,15,0,3,9,0,12,1,11,15,0,27,14,0,14,41
06/16/2013,TOL,OH,AGL,CE,Combined TRACON& Tower with Radar,4,12,17,0,33,0,0,7,0,7,4,12,24,0,40,0,0,0,40
06/17/2013,TOL,OH,AGL,CE,Combined TRACON& Tower with Radar,4,19,30,8,61,0,2,18,3,23,4,21,48,11,84,25,13,38,122
06/18/2013,TOL,OH,AGL,CE,Combined TRACON& Tower with Radar,4,20,26,5,55,0,2,24,0,26,4,22,50,5,81,40,12,52,133
06/19/2013,TOL,OH,AGL,CE,Combined TRACON& Tower with Radar,6,15,21,4,46,0,5,28,0,33,6,20,49,4,79,16,24,40,119
06/20/2013,TOL,OH,AGL,CE,Combined TRACON& Tower with Radar,8,16,16,6,46,0,2,13,1,16,8,18,29,7,62,14,14,28,90
06/21/2013,TOL,OH,AGL,CE,Combined TRACON& Tower with Radar,5,16,23,0,44,0,3,19,0,22,5,19,42,0,66,25,0,25,91
06/22/2013,TOL,OH,AGL,CE,Combined TRACON& Tower with Radar,4,11,19,0,34,0,2,20,0,22,4,13,39,0,56,22,0,22,78
06/23/2013,TOL,OH,AGL,CE,Combined TRACON& Tower with Radar,3,11,9,0,23,0,2,21,0,23,3,13,30,0,46,24,0,24,70
06/24/2013,TOL,OH,AGL,CE,Combined TRACON& Tower with Radar,4,16,32,5,57,0,1,16,0,17,4,17,48,5,74,73,20,93,167
06/25/2013,TOL,OH,AGL,CE,Combined TRACON& Tower with Radar,7,24,35,4,70,0,1,21,0,22,7,25,56,4,92,26,0,26,118
06/26/2013,TOL,OH,AGL,CE,Combined TRACON& Tower with Radar,11,23,15,10,59,0,0,11,0,11,11,23,26,10,70,30,17,47,117
06/27/2013,TOL,OH,AGL,CE,Combined TRACON& Tower with Radar,9,33,18,4,64,0,3,10,0,13,9,36,28,4,77,2,10,12,89
06/28/2013,TOL,OH,AGL,CE,Combined TRACON& Tower with Radar,11,26,20,1,58,0,0,15,0,15,11,26,35,1,73,18,0,18,91
06/29/2013,TOL,OH,AGL,CE,Combined TRACON& Tower with Radar,2,8,14,0,24,0,0,1,0,1,2,8,15,0,25,6,0,6,31
06/30/2013,TOL,OH,AGL,CE,Combined TRACON& Tower with Radar,5,11,9,1,26,0,2,15,2,19,5,13,24,3,45,4,0,4,49
07/01/2013,TOL,OH,AGL,CE,Combined TRACON& Tower with Radar,7,14,19,2,42,0,1,2,0,3,7,15,21,2,45,4,2,6,51
07/02/2013,TOL,OH,AGL,CE,Combined TRACON& Tower with Radar,4,17,24,3,48,0,0,5,1,6,4,17,29,4,54,4,0,4,58
07/03/2013,TOL,OH,AGL,CE,Combined TRACON& Tower with Radar,6,16,21,1,44,0,2,16,0,18,6,18,37,1,62,6,0,6,68
07/04/2013,TOL,OH,AGL,CE,Combined TRACON& Tower with Radar,7,5,9,0,21,0,1,7,0,8,7,6,16,0,29,14,0,14,43
07/05/2013,TOL,OH,AGL,CE,Combined TRACON& Tower with Radar,5,13,12,0,30,0,1,7,0,8,5,14,19,0,38,34,0,34,72
07/06/2013,TOL,OH,AGL,CE,Combined TRACON& Tower with Radar,1,15,12,0,28,0,4,9,0,13,1,19,21,0,41,2,0,2,43
07/07/2013,TOL,OH,AGL,CE,Combined TRACON& Tower with Radar,4,11,9,0,24,0,3,4,0,7,4,14,13,0,31,0,0,0,31
07/08/2013,TOL,OH,AGL,CE,Combined TRACON& Tower with Radar,6,17,29,6,58,0,1,12,0,13,6,18,41,6,71,0,4,4,75
07/09/2013,TOL,OH,AGL,CE,Combined TRACON& Tower with Radar,5,11,18,5,39,0,0,11,1,12,5,11,29,6,51,13,9,22,73
07/10/2013,TOL,OH,AGL,CE,Combined TRACON& Tower with Radar,6,8,15,5,34,0,1,12,0,13,6,9,27,5,47,30,12,42,89
07/11/2013,TOL,OH,AGL,CE,Combined TRACON& Tower with Radar,10,10,13,7,40,0,2,24,0,26,10,12,37,7,66,22,0,22,88
07/12/2013,TOL,OH,AGL,CE,Combined TRACON& Tower with Radar,6,9,28,2,45,0,0,19,0,19,6,9,47,2,64,35,2,37,101
07/13/2013,TOL,OH,AGL,CE,Combined TRACON& Tower with Radar,3,9,6,8,26,0,1,31,0,32,3,10,37,8,58,59,16,75,133
07/14/2013,TOL,OH,AGL,CE,Combined TRACON& Tower with Radar,4,11,18,10,43,0,5,26,0,31,4,16,44,10,74,34,6,40,114
07/15/2013,TOL,OH,AGL,CE,Combined TRACON& Tower with Radar,2,16,14,10,42,0,2,26,0,28,2,18,40,10,70,47,0,47,117
07/16/2013,TOL,OH,AGL,CE,Combined TRACON& Tower with Radar,4,16,18,4,42,0,2,12,0,14,4,18,30,4,56,12,18,30,86
07/17/2013,TOL,OH,AGL,CE,Combined TRACON& Tower with Radar,6,18,23,8,55,0,3,17,0,20,6,21,40,8,75,34,34,68,143
07/18/2013,TOL,OH,AGL,CE,Combined TRACON& Tower with Radar,16,20,24,14,74,0,7,23,1,31,16,27,47,15,105,28,18,46,151
07/19/2013,TOL,OH,AGL,CE,Combined TRACON& Tower with Radar,10,16,21,0,47,0,2,9,0,11,10,18,30,0,58,2,0,2,60
07/20/2013,TOL,OH,AGL,CE,Combined TRACON& Tower with Radar,1,9,15,2,27,0,0,7,0,7,1,9,22,2,34,2,0,2,36
07/21/2013,TOL,OH,AGL,CE,Combined TRACON& Tower with Radar,4,14,23,0,41,0,0,14,0,14,4,14,37,0,55,16,0,16,71
07/22/2013,TOL,OH,AGL,CE,Combined TRACON& Tower with Radar,3,13,20,0,36,0,4,12,0,16,3,17,32,0,52,4,0,4,56
07/23/2013,TOL,OH,AGL,CE,Combined TRACON& Tower with Radar,6,23,24,5,58,0,0,6,0,6,6,23,30,5,64,20,10,30,94
07/24/2013,TOL,OH,AGL,CE,Combined TRACON& Tower with Radar,6,14,36,9,65,0,1,26,3,30,6,15,62,12,95,39,20,59,154
07/25/2013,TOL,OH,AGL,CE,Combined TRACON& Tower with Radar,8,13,26,12,59,0,2,33,2,37,8,15,59,14,96,6,20,26,122
07/26/2013,TOL,OH,AGL,CE,Combined TRACON& Tower with Radar,5,11,27,0,43,0,1,21,0,22,5,12,48,0,65,16,0,16,81
07/27/2013,TOL,OH,AGL,CE,Combined TRACON& Tower with Radar,2,6,14,0,22,0,0,12,0,12,2,6,26,0,34,8,0,8,42
07/28/2013,TOL,OH,AGL,CE,Combined TRACON& Tower with Radar,4,12,13,0,29,0,2,7,0,9,4,14,20,0,38,6,0,6,44
07/29/2013,TOL,OH,AGL,CE,Combined TRACON& Tower with Radar,3,10,25,10,48,0,0,22,0,22,3,10,47,10,70,29,18,47,117
07/30/2013,TOL,OH,AGL,CE,Combined TRACON& Tower with Radar,6,11,31,16,64,0,0,32,3,35,6,11,63,19,99,22,41,63,162
07/31/2013,TOL,OH,AGL,CE,Combined TRACON& Tower with Radar,5,11,30,16,62,0,0,5,0,5,5,11,35,16,67,2,30,32,99
08/01/2013,TOL,OH,AGL,CE,Combined TRACON& Tower with Radar,11,11,34,11,67,0,0,11,4,15,11,11,45,15,82,2,2,4,86
08/02/2013,TOL,OH,AGL,CE,Combined TRACON& Tower with Radar,6,10,16,0,32,0,1,14,0,15,6,11,30,0,47,6,0,6,53
08/03/2013,TOL,OH,AGL,CE,Combined TRACON& Tower with Radar,1,14,23,0,38,0,1,24,0,25,1,15,47,0,63,26,0,26,89
08/04/2013,TOL,OH,AGL,CE,Combined TRACON& Tower with Radar,6,10,21,0,37,0,3,27,0,30,6,13,48,0,67,0,0,0,67
08/05/2013,TOL,OH,AGL,CE,Combined TRACON& Tower with Radar,5,9,37,11,62,0,3,17,2,22,5,12,54,13,84,4,14,18,102
08/06/2013,TOL,OH,AGL,CE,Combined TRACON& Tower with Radar,3,19,20,9,51,0,2,27,0,29,3,21,47,9,80,22,10,32,112
08/07/2013,TOL,OH,AGL,CE,Combined TRACON& Tower with Radar,6,16,33,2,57,0,3,12,0,15,6,19,45,2,72,27,4,31,103
08/08/2013,TOL,OH,AGL,CE,Combined TRACON& Tower with Radar,10,18,19,6,53,0,1,6,0,7,10,19,25,6,60,16,2,18,78
08/09/2013,TOL,OH,AGL,CE,Combined TRACON& Tower with Radar,6,10,25,0,41,0,1,27,0,28,6,11,52,0,69,10,0,10,79
08/10/2013,TOL,OH,AGL,CE,Combined TRACON& Tower with Radar,1,9,7,0,17,0,2,16,2,20,1,11,23,2,37,13,0,13,50
08/11/2013,TOL,OH,AGL,CE,Combined TRACON& Tower with Radar,4,10,12,17,43,0,2,29,0,31,4,12,41,17,74,11,15,26,100
08/12/2013,TOL,OH,AGL,CE,Combined TRACON& Tower with Radar,3,15,27,17,62,0,1,4,0,5,3,16,31,17,67,0,44,44,111
08/13/2013,TOL,OH,AGL,CE,Combined TRACON& Tower with Radar,7,16,27,4,54,0,0,12,1,13,7,16,39,5,67,6,0,6,73
08/14/2013,TOL,OH,AGL,CE,Combined TRACON& Tower with Radar,4,16,27,3,50,0,3,31,5,39,4,19,58,8,89,14,18,32,121
08/15/2013,TOL,OH,AGL,CE,Combined TRACON& Tower with Radar,4,15,27,3,49,0,1,30,0,31,4,16,57,3,80,26,0,26,106
08/16/2013,TOL,OH,AGL,CE,Combined TRACON& Tower with Radar,5,16,36,0,57,0,1,24,0,25,5,17,60,0,82,30,0,30,112
08/17/2013,TOL,OH,AGL,CE,Combined TRACON& Tower with Radar,2,8,11,0,21,0,3,24,0,27,2,11,35,0,48,20,0,20,68
08/18/2013,TOL,OH,AGL,CE,Combined TRACON& Tower with Radar,0,12,22,0,34,0,2,25,3,30,0,14,47,3,64,26,0,26,90
08/19/2013,TOL,OH,AGL,CE,Combined TRACON& Tower with Radar,3,13,26,0,42,0,4,34,3,41,3,17,60,3,83,16,0,16,99
08/20/2013,TOL,OH,AGL,CE,Combined TRACON& Tower with Radar,6,13,27,0,46,0,2,10,0,12,6,15,37,0,58,12,4,16,74
08/21/2013,TOL,OH,AGL,CE,Combined TRACON& Tower with Radar,5,14,15,0,34,0,1,13,0,14,5,15,28,0,48,0,6,6,54
08/22/2013,TOL,OH,AGL,CE,Combined TRACON& Tower with Radar,5,23,30,1,59,0,1,4,1,6,5,24,34,2,65,6,4,10,75
08/23/2013,TOL,OH,AGL,CE,Combined TRACON& Tower with Radar,6,15,24,0,45,0,2,20,0,22,6,17,44,0,67,16,0,16,83
08/24/2013,TOL,OH,AGL,CE,Combined TRACON& Tower with Radar,1,8,7,0,16,0,4,13,0,17,1,12,20,0,33,6,0,6,39
08/25/2013,TOL,OH,AGL,CE,Combined TRACON& Tower with Radar,0,9,10,0,19,0,1,19,0,20,0,10,29,0,39,2,0,2,41
08/26/2013,TOL,OH,AGL,CE,Combined TRACON& Tower with Radar,2,14,31,0,47,0,0,8,0,8,2,14,39,0,55,11,0,11,66
08/27/2013,TOL,OH,AGL,CE,Combined TRACON& Tower with Radar,6,19,25,0,50,0,0,3,0,3,6,19,28,0,53,0,0,0,53
08/28/2013,TOL,OH,AGL,CE,Combined TRACON& Tower with Radar,7,10,34,0,51,0,1,6,0,7,7,11,40,0,58,2,0,2,60
08/29/2013,TOL,OH,AGL,CE,Combined TRACON& Tower with Radar,6,21,22,0,49,0,1,17,0,18,6,22,39,0,67,4,0,4,71
08/30/2013,TOL,OH,AGL,CE,Combined TRACON& Tower with Radar,6,15,24,0,45,0,3,16,0,19,6,18,40,0,64,0,0,0,64
08/31/2013,TOL,OH,AGL,CE,Combined TRACON& Tower with Radar,4,14,6,0,24,0,3,6,0,9,4,17,12,0,33,2,0,2,35
09/01/2013,TOL,OH,AGL,CE,Combined TRACON& Tower with Radar,0,11,6,0,17,0,1,2,0,3,0,12,8,0,20,16,0,16,36
09/02/2013,TOL,OH,AGL,CE,Combined TRACON& Tower with Radar,1,11,11,0,23,0,4,5,0,9,1,15,16,0,32,8,0,8,40
09/03/2013,TOL,OH,AGL,CE,Combined TRACON& Tower with Radar,6,11,39,1,57,0,2,23,1,26,6,13,62,2,83,17,0,17,100
09/04/2013,TOL,OH,AGL,CE,Combined TRACON& Tower with Radar,5,24,23,2,54,0,4,29,0,33,5,28,52,2,87,17,2,19,106
09/05/2013,TOL,OH,AGL,CE,Combined TRACON& Tower with Radar,4,19,31,0,54,0,2,33,2,37,4,21,64,2,91,18,0,18,109
09/06/2013,TOL,OH,AGL,CE,Combined TRACON& Tower with Radar,5,27,23,0,55,0,2,28,0,30,5,29,51,0,85,26,0,26,111
09/07/2013,TOL,OH,AGL,CE,Combined TRACON& Tower with Radar,3,16,10,13,42,0,1,9,3,13,3,17,19,16,55,8,54,62,117
09/08/2013,TOL,OH,AGL,CE,Combined TRACON& Tower with Radar,1,15,14,2,32,0,0,11,0,11,1,15,25,2,43,24,0,24,67
09/09/2013,TOL,OH,AGL,CE,Combined TRACON& Tower with Radar,2,13,25,12,52,0,2,19,0,21,2,15,44,12,73,14,20,34,107
09/10/2013,TOL,OH,AGL,CE,Combined TRACON& Tower with Radar,4,18,32,21,75,0,0,20,2,22,4,18,52,23,97,18,18,36,133
09/11/2013,TOL,OH,AGL,CE,Combined TRACON& Tower with Radar,6,11,29,13,59,0,1,12,4,17,6,12,41,17,76,5,32,37,113
09/12/2013,TOL,OH,AGL,CE,Combined TRACON& Tower with Radar,8,17,28,26,79,0,2,13,2,17,8,19,41,28,96,12,22,34,130
09/13/2013,TOL,OH,AGL,CE,Combined TRACON& Tower with Radar,7,25,16,0,48,0,2,10,0,12,7,27,26,0,60,14,0,14,74
09/14/2013,TOL,OH,AGL,CE,Combined TRACON& Tower with Radar,6,15,13,0,34,0,3,21,0,24,6,18,34,0,58,2,0,2,60
09/15/2013,TOL,OH,AGL,CE,Combined TRACON& Tower with Radar,2,14,33,0,49,0,2,13,0,15,2,16,46,0,64,27,0,27,91
09/16/2013,TOL,OH,AGL,CE,Combined TRACON& Tower with Radar,1,14,27,10,52,0,2,15,0,17,1,16,42,10,69,4,6,10,79
09/17/2013,TOL,OH,AGL,CE,Combined TRACON& Tower with Radar,14,15,30,10,69,0,1,25,1,27,14,16,55,11,96,8,24,32,128
09/18/2013,TOL,OH,AGL,CE,Combined TRACON& Tower with Radar,4,18,36,6,64,0,2,19,0,21,4,20,55,6,85,5,16,21,106
09/19/2013,TOL,OH,AGL,CE,Combined TRACON& Tower with Radar,6,11,24,11,52,0,1,5,0,6,6,12,29,11,58,22,66,88,146
09/20/2013,TOL,OH,AGL,CE,Combined TRACON& Tower with Radar,11,17,22,0,50,0,1,17,2,20,11,18,39,2,70,12,0,12,82
09/21/2013,TOL,OH,AGL,CE,Combined TRACON& Tower with Radar,3,12,25,0,40,0,2,37,0,39,3,14,62,0,79,117,0,117,196
09/22/2013,TOL,OH,AGL,CE,Combined TRACON& Tower with Radar,2,12,11,0,25,0,1,62,0,63,2,13,73,0,88,84,0,84,172
09/23/2013,TOL,OH,AGL,CE,Combined TRACON& Tower with Radar,1,13,24,13,51,0,5,28,2,35,1,18,52,15,86,26,18,44,130
09/24/2013,TOL,OH,AGL,CE,Combined TRACON& Tower with Radar,8,12,37,19,76,0,0,18,1,19,8,12,55,20,95,10,22,32,127
09/25/2013,TOL,OH,AGL,CE,Combined TRACON& Tower with Radar,6,12,19,5,42,0,6,23,1,30,6,18,42,6,72,50,34,84,156
09/26/2013,TOL,OH,AGL,CE,Combined TRACON& Tower with Radar,6,21,32,11,70,0,2,26,3,31,6,23,58,14,101,26,4,30,131
09/27/2013,TOL,OH,AGL,CE,Combined TRACON& Tower with Radar,5,17,19,0,41,0,3,29,0,32,5,20,48,0,73,42,0,42,115
09/28/2013,TOL,OH,AGL,CE,Combined TRACON& Tower with Radar,1,6,18,0,25,0,1,30,0,31,1,7,48,0,56,37,0,37,93
09/29/2013,TOL,OH,AGL,CE,Combined TRACON& Tower with Radar,0,11,21,0,32,0,1,7,0,8,0,12,28,0,40,0,0,0,40
09/30/2013,TOL,OH,AGL,CE,Combined TRACON& Tower with Radar,1,13,40,2,56,0,0,10,0,10,1,13,50,2,66,0,0,0,66
10/01/2013,TOL,OH,AGL,CE,Combined TRACON& Tower with Radar,8,19,37,0,64,0,1,10,0,11,8,20,47,0,75,12,0,12,87
10/02/2013,TOL,OH,AGL,CE,Combined TRACON& Tower with Radar,11,21,34,0,66,0,1,12,0,13,11,22,46,0,79,7,0,7,86
10/03/2013,TOL,OH,AGL,CE,Combined TRACON& Tower with Radar,10,16,13,0,39,0,1,1,2,4,10,17,14,2,43,0,0,0,43
10/04/2013,TOL,OH,AGL,CE,Combined TRACON& Tower with Radar,9,15,24,0,48,0,1,5,0,6,9,16,29,0,54,14,0,14,68
10/05/2013,TOL,OH,AGL,CE,Combined TRACON& Tower with Radar,7,8,11,0,26,0,2,1,0,3,7,10,12,0,29,0,0,0,29
10/06/2013,TOL,OH,AGL,CE,Combined TRACON& Tower with Radar,2,14,13,0,29,0,0,2,0,2,2,14,15,0,31,4,0,4,35
10/07/2013,TOL,OH,AGL,CE,Combined TRACON& Tower with Radar,6,11,28,6,51,0,1,11,0,12,6,12,39,6,63,28,12,40,103
10/08/2013,TOL,OH,AGL,CE,Combined TRACON& Tower with Radar,11,19,38,2,70,0,1,30,0,31,11,20,68,2,101,48,10,58,159
10/09/2013,TOL,OH,AGL,CE,Combined TRACON& Tower with Radar,11,19,32,7,69,0,3,21,0,24,11,22,53,7,93,12,0,12,105
10/10/2013,TOL,OH,AGL,CE,Combined TRACON& Tower with Radar,12,12,27,13,64,0,3,36,2,41,12,15,63,15,105,34,24,58,163
10/11/2013,TOL,OH,AGL,CE,Combined TRACON& Tower with Radar,20,16,19,0,55,0,11,19,0,30,20,27,38,0,85,29,0,29,114
10/12/2013,TOL,OH,AGL,CE,Combined TRACON& Tower with Radar,6,10,21,0,37,0,0,22,0,22,6,10,43,0,59,36,0,36,95
10/13/2013,TOL,OH,AGL,CE,Combined TRACON& Tower with Radar,3,12,8,0,23,0,2,15,0,17,3,14,23,0,40,22,0,22,62
10/14/2013,TOL,OH,AGL,CE,Combined TRACON& Tower with Radar,4,15,31,0,50,0,1,18,0,19,4,16,49,0,69,38,0,38,107
10/15/2013,TOL,OH,AGL,CE,Combined TRACON& Tower with Radar,8,18,33,7,66,0,0,0,0,0,8,18,33,7,66,2,0,2,68
10/16/2013,TOL,OH,AGL,CE,Combined TRACON& Tower with Radar,10,12,32,9,63,0,4,8,0,12,10,16,40,9,75,10,23,33,108
10/17/2013,TOL,OH,AGL,CE,Combined TRACON& Tower with Radar,7,19,31,11,68,0,1,0,0,1,7,20,31,11,69,0,2,2,71
10/18/2013,TOL,OH,AGL,CE,Combined TRACON& Tower with Radar,8,19,25,0,52,0,1,20,0,21,8,20,45,0,73,10,0,10,83
10/19/2013,TOL,OH,AGL,CE,Combined TRACON& Tower with Radar,4,8,8,0,20,0,1,5,0,6,4,9,13,0,26,0,0,0,26
10/20/2013,TOL,OH,AGL,CE,Combined TRACON& Tower with Radar,2,11,30,2,45,0,1,13,0,14,2,12,43,2,59,0,0,0,59
10/21/2013,TOL,OH,AGL,CE,Combined TRACON& Tower with Radar,3,16,14,15,48,0,2,8,2,12,3,18,22,17,60,2,24,26,86
10/22/2013,TOL,OH,AGL,CE,Combined TRACON& Tower with Radar,7,14,30,11,62,0,2,22,0,24,7,16,52,11,86,12,5,17,103
10/23/2013,TOL,OH,AGL,CE,Combined TRACON& Tower with Radar,4,15,13,8,40,0,2,10,0,12,4,17,23,8,52,11,14,25,77
10/24/2013,TOL,OH,AGL,CE,Combined TRACON& Tower with Radar,7,18,37,18,80,0,1,8,0,9,7,19,45,18,89,2,2,4,93
10/25/2013,TOL,OH,AGL,CE,Combined TRACON& Tower with Radar,9,17,23,0,49,1,0,11,0,12,10,17,34,0,61,8,0,8,69
10/26/2013,TOL,OH,AGL,CE,Combined TRACON& Tower with Radar,1,9,8,6,24,0,0,10,0,10,1,9,18,6,34,6,6,12,46
10/27/2013,TOL,OH,AGL,CE,Combined TRACON& Tower with Radar,3,11,15,0,29,0,2,11,0,13,3,13,26,0,42,17,0,17,59
10/28/2013,TOL,OH,AGL,CE,Combined TRACON& Tower with Radar,5,13,43,26,87,0,2,21,0,23,5,15,64,26,110,64,22,86,196
10/29/2013,TOL,OH,AGL,CE,Combined TRACON& Tower with Radar,8,13,37,14,72,0,5,29,0,34,8,18,66,14,106,32,8,40,146
10/30/2013,TOL,OH,AGL,CE,Combined TRACON& Tower with Radar,8,13,34,22,77,1,1,16,0,18,9,14,50,22,95,20,38,58,153
10/31/2013,TOL,OH,AGL,CE,Combined TRACON& Tower with Radar,10,20,17,0,47,0,0,0,0,0,10,20,17,0,47,0,0,0,47
11/01/2013,TOL,OH,AGL,CE,Combined TRACON& Tower with Radar,7,17,21,1,46,0,0,1,2,3,7,17,22,3,49,1,0,1,50
11/02/2013,TOL,OH,AGL,CE,Combined TRACON& Tower with Radar,3,17,20,27,67,0,3,2,5,10,3,20,22,32,77,4,8,12,89
11/03/2013,TOL,OH,AGL,CE,Combined TRACON& Tower with Radar,2,11,14,8,35,0,1,16,1,18,2,12,30,9,53,24,4,28,81
11/04/2013,TOL,OH,AGL,CE,Combined TRACON& Tower with Radar,6,11,20,15,52,0,1,16,0,17,6,12,36,15,69,16,4,20,89
11/05/2013,TOL,OH,AGL,CE,Combined TRACON& Tower with Radar,8,10,36,19,73,0,2,34,3,39,8,12,70,22,112,34,20,54,166
11/06/2013,TOL,OH,AGL,CE,Combined TRACON& Tower with Radar,17,16,28,9,70,0,1,5,0,6,17,17,33,9,76,0,6,6,82
11/07/2013,TOL,OH,AGL,CE,Combined TRACON& Tower with Radar,11,23,34,12,80,0,0,14,2,16,11,23,48,14,96,20,58,78,174
11/08/2013,TOL,OH,AGL,CE,Combined TRACON& Tower with Radar,10,17,18,2,47,0,2,27,0,29,10,19,45,2,76,40,2,42,118
11/09/2013,TOL,OH,AGL,CE,Combined TRACON& Tower with Radar,4,12,8,0,24,0,3,8,2,13,4,15,16,2,37,12,0,12,49
11/10/2013,TOL,OH,AGL,CE,Combined TRACON& Tower with Radar,2,11,6,0,19,0,1,3,0,4,2,12,9,0,23,0,0,0,23
11/11/2013,TOL,OH,AGL,CE,Combined TRACON& Tower with Radar,7,8,27,0,42,0,0,3,0,3,7,8,30,0,45,0,0,0,45
11/12/2013,TOL,OH,AGL,CE,Combined TRACON& Tower with Radar,7,23,38,15,83,0,6,18,0,24,7,29,56,15,107,39,12,51,158
11/13/2013,TOL,OH,AGL,CE,Combined TRACON& Tower with Radar,15,20,27,4,66,0,3,37,0,40,15,23,64,4,106,47,8,55,161
11/14/2013,TOL,OH,AGL,CE,Combined TRACON& Tower with Radar,17,22,18,14,71,0,1,25,1,27,17,23,43,15,98,17,24,41,139
11/15/2013,TOL,OH,AGL,CE,Combined TRACON& Tower with Radar,7,20,21,1,49,0,2,35,0,37,7,22,56,1,86,40,0,40,126
11/16/2013,TOL,OH,AGL,CE,Combined TRACON& Tower with Radar,1,7,28,0,36,0,1,18,0,19,1,8,46,0,55,28,0,28,83
11/17/2013,TOL,OH,AGL,CE,Combined TRACON& Tower with Radar,6,10,6,0,22,0,0,1,0,1,6,10,7,0,23,0,0,0,23
11/18/2013,TOL,OH,AGL,CE,Combined TRACON& Tower with Radar,4,19,14,19,56,0,0,3,0,3,4,19,17,19,59,0,34,34,93
11/19/2013,TOL,OH,AGL,CE,Combined TRACON& Tower with Radar,8,16,37,23,84,0,3,30,1,34,8,19,67,24,118,32,22,54,172
11/20/2013,TOL,OH,AGL,CE,Combined TRACON& Tower with Radar,12,15,32,12,71,0,2,28,1,31,12,17,60,13,102,27,0,27,129
11/21/2013,TOL,OH,AGL,CE,Combined TRACON& Tower with Radar,12,19,30,14,75,0,0,5,0,5,12,19,35,14,80,6,22,28,108
11/22/2013,TOL,OH,AGL,CE,Combined TRACON& Tower with Radar,16,17,20,1,54,0,2,4,0,6,16,19,24,1,60,10,0,10,70
11/23/2013,TOL,OH,AGL,CE,Combined TRACON& Tower with Radar,3,8,19,1,31,0,2,11,0,13,3,10,30,1,44,12,0,12,56
11/24/2013,TOL,OH,AGL,CE,Combined TRACON& Tower with Radar,6,10,9,0,25,0,1,17,0,18,6,11,26,0,43,14,0,14,57
11/25/2013,TOL,OH,AGL,CE,Combined TRACON& Tower with Radar,6,14,35,6,61,0,1,14,1,16,6,15,49,7,77,14,12,26,103
11/26/2013,TOL,OH,AGL,CE,Combined TRACON& Tower with Radar,7,16,25,20,68,0,2,11,2,15,7,18,36,22,83,22,40,62,145
11/27/2013,TOL,OH,AGL,CE,Combined TRACON& Tower with Radar,9,16,29,8,62,0,2,24,4,30,9,18,53,12,92,32,30,62,154
11/28/2013,TOL,OH,AGL,CE,Combined TRACON& Tower with Radar,1,10,5,0,16,0,0,3,0,3,1,10,8,0,19,8,0,8,27
11/29/2013,TOL,OH,AGL,CE,Combined TRACON& Tower with Radar,4,12,15,0,31,0,2,19,0,21,4,14,34,0,52,6,0,6,58
11/30/2013,TOL,OH,AGL,CE,Combined TRACON& Tower with Radar,4,6,11,0,21,0,0,10,0,10,4,6,21,0,31,4,0,4,35
12/01/2013,TOL,OH,AGL,CE,Combined TRACON& Tower with Radar,4,17,13,0,34,0,1,10,0,11,4,18,23,0,45,26,0,26,71
12/02/2013,TOL,OH,AGL,CE,Combined TRACON& Tower with Radar,4,16,28,11,59,0,1,7,0,8,4,17,35,11,67,4,10,14,81
12/03/2013,TOL,OH,AGL,CE,Combined TRACON& Tower with Radar,8,14,33,10,65,0,1,3,0,4,8,15,36,10,69,8,4,12,81
12/04/2013,TOL,OH,AGL,CE,Combined TRACON& Tower with Radar,4,27,30,19,80,0,0,4,0,4,4,27,34,19,84,10,36,46,130
12/05/2013,TOL,OH,AGL,CE,Combined TRACON& Tower with Radar,9,21,30,9,69,0,2,16,0,18,9,23,46,9,87,23,4,27,114
12/06/2013,TOL,OH,AGL,CE,Combined TRACON& Tower with Radar,8,12,16,0,36,0,4,10,0,14,8,16,26,0,50,10,0,10,60
12/07/2013,TOL,OH,AGL,CE,Combined TRACON& Tower with Radar,5,13,17,8,43,0,0,14,0,14,5,13,31,8,57,10,5,15,72
12/08/2013,TOL,OH,AGL,CE,Combined TRACON& Tower with Radar,4,14,8,5,31,0,3,4,0,7,4,17,12,5,38,1,8,9,47
12/09/2013,TOL,OH,AGL,CE,Combined TRACON& Tower with Radar,5,10,24,5,44,0,1,1,0,2,5,11,25,5,46,0,0,0,46
12/10/2013,TOL,OH,AGL,CE,Combined TRACON& Tower with Radar,7,12,26,13,58,0,2,14,2,18,7,14,40,15,76,12,12,24,100
12/11/2013,TOL,OH,AGL,CE,Combined TRACON& Tower with Radar,5,13,24,3,45,0,3,4,1,8,5,16,28,4,53,0,24,24,77
12/12/2013,TOL,OH,AGL,CE,Combined TRACON& Tower with Radar,8,21,41,23,93,0,1,12,1,14,8,22,53,24,107,9,22,31,138
12/13/2013,TOL,OH,AGL,CE,Combined TRACON& Tower with Radar,8,13,19,0,40,0,1,13,0,14,8,14,32,0,54,20,0,20,74
12/14/2013,TOL,OH,AGL,CE,Combined TRACON& Tower with Radar,1,13,4,0,18,0,0,0,0,0,1,13,4,0,18,0,0,0,18
12/15/2013,TOL,OH,AGL,CE,Combined TRACON& Tower with Radar,4,11,6,0,21,0,2,2,0,4,4,13,8,0,25,0,0,0,25
12/16/2013,TOL,OH,AGL,CE,Combined TRACON& Tower with Radar,7,13,34,9,63,0,0,14,0,14,7,13,48,9,77,16,34,50,127
12/17/2013,TOL,OH,AGL,CE,Combined TRACON& Tower with Radar,8,18,30,10,66,0,0,1,1,2,8,18,31,11,68,0,0,0,68
12/18/2013,TOL,OH,AGL,CE,Combined TRACON& Tower with Radar,5,17,37,21,80,0,1,15,2,18,5,18,52,23,98,16,19,35,133
12/19/2013,TOL,OH,AGL,CE,Combined TRACON& Tower with Radar,8,20,39,6,73,0,3,23,1,27,8,23,62,7,100,34,1,35,135
12/20/2013,TOL,OH,AGL,CE,Combined TRACON& Tower with Radar,12,18,6,0,36,0,0,0,0,0,12,18,6,0,36,2,0,2,38
12/21/2013,TOL,OH,AGL,CE,Combined TRACON& Tower with Radar,3,19,6,0,28,0,0,0,0,0,3,19,6,0,28,0,0,0,28
12/22/2013,TOL,OH,AGL,CE,Combined TRACON& Tower with Radar,5,11,4,0,20,0,1,2,0,3,5,12,6,0,23,0,0,0,23
12/23/2013,TOL,OH,AGL,CE,Combined TRACON& Tower with Radar,6,10,16,15,47,0,0,6,0,6,6,10,22,15,53,22,4,26,79
12/24/2013,TOL,OH,AGL,CE,Combined TRACON& Tower with Radar,7,10,10,0,27,0,1,5,0,6,7,11,15,0,33,2,0,2,35
12/25/2013,TOL,OH,AGL,CE,Combined TRACON& Tower with Radar,2,4,4,0,10,0,1,2,0,3,2,5,6,0,13,2,0,2,15
12/26/2013,TOL,OH,AGL,CE,Combined TRACON& Tower with Radar,9,12,9,4,34,0,2,15,0,17,9,14,24,4,51,6,0,6,57
12/27/2013,TOL,OH,AGL,CE,Combined TRACON& Tower with Radar,7,13,8,0,28,0,2,14,0,16,7,15,22,0,44,12,0,12,56
12/28/2013,TOL,OH,AGL,CE,Combined TRACON& Tower with Radar,1,17,5,0,23,0,1,7,0,8,1,18,12,0,31,34,0,34,65
12/29/2013,TOL,OH,AGL,CE,Combined TRACON& Tower with Radar,5,11,4,0,20,0,1,2,0,3,5,12,6,0,23,2,0,2,25
12/30/2013,TOL,OH,AGL,CE,Combined TRACON& Tower with Radar,2,10,8,9,29,0,1,8,1,10,2,11,16,10,39,2,2,4,43
12/31/2013,TOL,OH,AGL,CE,Combined TRACON& Tower with Radar,10,8,7,8,33,0,1,3,0,4,10,9,10,8,37,4,6,10,47
01/01/2014,TOL,OH,AGL,CE,Combined TRACON& Tower with Radar,0,4,2,0,6,0,0,0,0,0,0,4,2,0,6,0,0,0,6
01/02/2014,TOL,OH,AGL,CE,Combined TRACON& Tower with Radar,7,5,2,0,14,0,1,1,0,2,7,6,3,0,16,0,0,0,16
01/03/2014,TOL,OH,AGL,CE,Combined TRACON& Tower with Radar,5,11,8,0,24,0,2,5,0,7,5,13,13,0,31,6,0,6,37
01/04/2014,TOL,OH,AGL,CE,Combined TRACON& Tower with Radar,1,8,13,0,22,0,1,10,0,11,1,9,23,0,33,6,0,6,39
01/05/2014,TOL,OH,AGL,CE,Combined TRACON& Tower with Radar,3,2,7,0,12,0,0,0,0,0,3,2,7,0,12,0,0,0,12
01/06/2014,TOL,OH,AGL,CE,Combined TRACON& Tower with Radar,2,0,7,0,9,0,0,0,0,0,2,0,7,0,9,0,0,0,9
01/07/2014,TOL,OH,AGL,CE,Combined TRACON& Tower with Radar,2,3,8,0,13,0,0,1,0,1,2,3,9,0,14,2,0,2,16
01/08/2014,TOL,OH,AGL,CE,Combined TRACON& Tower with Radar,6,12,33,0,51,0,1,8,0,9,6,13,41,0,60,17,0,17,77
01/09/2014,TOL,OH,AGL,CE,Combined TRACON& Tower with Radar,16,13,30,3,62,0,1,17,1,19,16,14,47,4,81,15,0,15,96
01/10/2014,TOL,OH,AGL,CE,Combined TRACON& Tower with Radar,5,12,23,1,41,0,0,0,0,0,5,12,23,1,41,8,0,8,49
01/11/2014,TOL,OH,AGL,CE,Combined TRACON& Tower with Radar,2,7,2,1,12,0,0,0,0,0,2,7,2,1,12,0,0,0,12
01/12/2014,TOL,OH,AGL,CE,Combined TRACON& Tower with Radar,3,11,11,0,25,0,0,18,2,20,3,11,29,2,45,8,0,8,53
01/13/2014,TOL,OH,AGL,CE,Combined TRACON& Tower with Radar,4,7,18,10,39,0,0,7,0,7,4,7,25,10,46,4,6,10,56
01/14/2014,TOL,OH,AGL,CE,Combined TRACON& Tower with Radar,8,9,27,0,44,0,2,12,0,14,8,11,39,0,58,12,0,12,70
01/15/2014,TOL,OH,AGL,CE,Combined TRACON& Tower with Radar,3,12,20,4,39,0,8,5,0,13,3,20,25,4,52,8,6,14,66
01/16/2014,TOL,OH,AGL,CE,Combined TRACON& Tower with Radar,11,8,15,0,34,0,2,3,0,5,11,10,18,0,39,0,0,0,39
01/17/2014,TOL,OH,AGL,CE,Combined TRACON& Tower with Radar,6,9,26,5,46,0,1,0,1,2,6,10,26,6,48,2,2,4,52
01/18/2014,TOL,OH,AGL,CE,Combined TRACON& Tower with Radar,3,7,11,0,21,0,1,15,0,16,3,8,26,0,37,18,0,18,55
01/19/2014,TOL,OH,AGL,CE,Combined TRACON& Tower with Radar,4,6,13,0,23,0,1,2,0,3,4,7,15,0,26,4,0,4,30
01/20/2014,TOL,OH,AGL,CE,Combined TRACON& Tower with Radar,3,7,26,0,36,0,3,11,0,14,3,10,37,0,50,16,0,16,66
01/21/2014,TOL,OH,AGL,CE,Combined TRACON& Tower with Radar,8,8,27,2,45,0,1,6,0,7,8,9,33,2,52,4,12,16,68
01/22/2014,TOL,OH,AGL,CE,Combined TRACON& Tower with Radar,4,8,27,0,39,0,1,5,0,6,4,9,32,0,45,10,0,10,55
01/23/2014,TOL,OH,AGL,CE,Combined TRACON& Tower with Radar,10,9,25,3,47,0,0,6,3,9,10,9,31,6,56,21,2,23,79
01/24/2014,TOL,OH,AGL,CE,Combined TRACON& Tower with Radar,5,11,8,4,28,0,1,6,0,7,5,12,14,4,35,9,18,27,62
01/25/2014,TOL,OH,AGL,CE,Combined TRACON& Tower with Radar,2,9,4,6,21,0,1,0,0,1,2,10,4,6,22,0,0,0,22
01/26/2014,TOL,OH,AGL,CE,Combined TRACON& Tower with Radar,6,7,4,0,17,0,0,0,0,0,6,7,4,0,17,0,0,0,17
01/27/2014,TOL,OH,AGL,CE,Combined TRACON& Tower with Radar,3,15,22,12,52,0,1,2,0,3,3,16,24,12,55,2,10,12,67
01/28/2014,TOL,OH,AGL,CE,Combined TRACON& Tower with Radar,8,9,24,0,41,0,2,3,0,5,8,11,27,0,46,2,0,2,48
01/29/2014,TOL,OH,AGL,CE,Combined TRACON& Tower with Radar,4,14,26,16,60,0,2,20,2,24,4,16,46,18,84,42,21,63,147
01/30/2014,TOL,OH,AGL,CE,Combined TRACON& Tower with Radar,7,9,26,13,55,0,1,15,0,16,7,10,41,13,71,6,14,20,91
01/31/2014,TOL,OH,AGL,CE,Combined TRACON& Tower with Radar,5,18,14,0,37,0,1,9,0,10,5,19,23,0,47,9,0,9,56
02/01/2014,TOL,OH,AGL,CE,Combined TRACON& Tower with Radar,3,13,2,0,18,0,0,0,0,0,3,13,2,0,18,0,0,0,18
02/02/2014,TOL,OH,AGL,CE,Combined TRACON& Tower with Radar,6,12,8,0,26,0,2,2,0,4,6,14,10,0,30,2,0,2,32
02/03/2014,TOL,OH,AGL,CE,Combined TRACON& Tower with Radar,3,9,27,13,52,0,3,35,0,38,3,12,62,13,90,49,0,49,139
02/04/2014,TOL,OH,AGL,CE,Combined TRACON& Tower with Radar,4,10,23,12,49,0,0,21,2,23,4,10,44,14,72,22,8,30,102
02/05/2014,TOL,OH,AGL,CE,Combined TRACON& Tower with Radar,3,15,9,0,27,0,0,1,0,1,3,15,10,0,28,0,0,0,28
02/06/2014,TOL,OH,AGL,CE,Combined TRACON& Tower with Radar,13,9,29,17,68,0,1,9,3,13,13,10,38,20,81,8,16,24,105
02/07/2014,TOL,OH,AGL,CE,Combined TRACON& Tower with Radar,8,17,16,0,41,0,1,20,0,21,8,18,36,0,62,37,0,37,99
02/08/2014,TOL,OH,AGL,CE,Combined TRACON& Tower with Radar,5,4,11,18,38,0,0,2,0,2,5,4,13,18,40,8,6,14,54
02/09/2014,TOL,OH,AGL,CE,Combined TRACON& Tower with Radar,4,9,5,0,18,0,0,2,0,2,4,9,7,0,20,0,0,0,20
02/10/2014,TOL,OH,AGL,CE,Combined TRACON& Tower with Radar,3,8,30,14,55,0,3,18,0,21,3,11,48,14,76,34,10,44,120
02/11/2014,TOL,OH,AGL,CE,Combined TRACON& Tower with Radar,8,12,30,10,60,0,0,13,0,13,8,12,43,10,73,8,2,10,83
02/12/2014,TOL,OH,AGL,CE,Combined TRACON& Tower with Radar,4,10,28,8,50,0,2,12,1,15,4,12,40,9,65,18,0,18,83
02/13/2014,TOL,OH,AGL,CE,Combined TRACON& Tower with Radar,6,8,27,14,55,0,3,17,1,21,6,11,44,15,76,24,24,48,124
02/14/2014,TOL,OH,AGL,CE,Combined TRACON& Tower with Radar,18,7,12,0,37,0,2,4,0,6,18,9,16,0,43,0,0,0,43
02/15/2014,TOL,OH,AGL,CE,Combined TRACON& Tower with Radar,10,5,13,2,30,0,2,21,0,23,10,7,34,2,53,58,0,58,111
02/16/2014,TOL,OH,AGL,CE,Combined TRACON& Tower with Radar,8,7,5,0,20,0,1,3,0,4,8,8,8,0,24,4,0,4,28
02/17/2014,TOL,OH,AGL,CE,Combined TRACON& Tower with Radar,2,11,37,0,50,0,1,4,0,5,2,12,41,0,55,8,0,8,63
02/18/2014,TOL,OH,AGL,CE,Combined TRACON& Tower with Radar,9,14,15,5,43,0,1,3,0,4,9,15,18,5,47,10,5,15,62
02/19/2014,TOL,OH,AGL,CE,Combined TRACON& Tower with Radar,6,7,22,14,49,0,3,13,0,16,6,10,35,14,65,33,40,73,138
02/20/2014,TOL,OH,AGL,CE,Combined TRACON& Tower with Radar,11,8,10,0,29,0,0,2,0,2,11,8,12,0,31,0,0,0,31
02/21/2014,TOL,OH,AGL,CE,Combined TRACON& Tower with Radar,10,11,19,0,40,0,2,2,0,4,10,13,21,0,44,0,0,0,44
02/22/2014,TOL,OH,AGL,CE,Combined TRACON& Tower with Radar,1,6,19,0,26,0,0,16,0,16,1,6,35,0,42,21,0,21,63
02/23/2014,TOL,OH,AGL,CE,Combined TRACON& Tower with Radar,4,6,18,0,28,0,1,9,0,10,4,7,27,0,38,6,0,6,44
02/24/2014,TOL,OH,AGL,CE,Combined TRACON& Tower with Radar,2,8,32,18,60,0,3,8,0,11,2,11,40,18,71,10,0,10,81
02/25/2014,TOL,OH,AGL,CE,Combined TRACON& Tower with Radar,7,16,26,27,76,0,1,11,1,13,7,17,37,28,89,18,2,20,109
02/26/2014,TOL,OH,AGL,CE,Combined TRACON& Tower with Radar,4,10,34,22,70,0,0,8,0,8,4,10,42,22,78,20,0,20,98
02/27/2014,TOL,OH,AGL,CE,Combined TRACON& Tower with Radar,9,10,16,0,35,0,0,10,0,10,9,10,26,0,45,18,0,18,63
02/28/2014,TOL,OH,AGL,CE,Combined TRACON& Tower with Radar,7,15,28,2,52,0,1,24,0,25,7,16,52,2,77,28,0,28,105
03/01/2014,TOL,OH,AGL,CE,Combined TRACON& Tower with Radar,3,9,10,2,24,0,1,2,0,3,3,10,12,2,27,4,0,4,31
03/02/2014,TOL,OH,AGL,CE,Combined TRACON& Tower with Radar,6,7,7,2,22,0,1,7,0,8,6,8,14,2,30,0,0,0,30
03/03/2014,TOL,OH,AGL,CE,Combined TRACON& Tower with Radar,2,8,23,10,43,0,2,21,1,24,2,10,44,11,67,19,4,23,90
03/04/2014,TOL,OH,AGL,CE,Combined TRACON& Tower with Radar,5,15,22,0,42,0,3,19,2,24,5,18,41,2,66,19,0,19,85
03/05/2014,TOL,OH,AGL,CE,Combined TRACON& Tower with Radar,5,21,22,4,52,0,2,9,0,11,5,23,31,4,63,6,4,10,73
03/06/2014,TOL,OH,AGL,CE,Combined TRACON& Tower with Radar,7,13,34,6,60,0,2,26,0,28,7,15,60,6,88,44,4,48,136
03/07/2014,TOL,OH,AGL,CE,Combined TRACON& Tower with Radar,6,15,28,0,49,0,0,27,0,27,6,15,55,0,76,27,0,27,103
03/08/2014,TOL,OH,AGL,CE,Combined TRACON& Tower with Radar,1,4,2,0,7,0,0,0,0,0,1,4,2,0,7,0,0,0,7
03/09/2014,TOL,OH,AGL,CE,Combined TRACON& Tower with Radar,4,10,18,0,32,0,2,20,0,22,4,12,38,0,54,20,0,20,74
03/10/2014,TOL,OH,AGL,CE,Combined TRACON& Tower with Radar,3,8,26,4,41,0,1,9,0,10,3,9,35,4,51,14,6,20,71
03/11/2014,TOL,OH,AGL,CE,Combined TRACON& Tower with Radar,7,12,20,1,40,0,1,12,1,14,7,13,32,2,54,23,0,23,77
03/12/2014,TOL,OH,AGL,CE,Combined TRACON& Tower with Radar,3,5,8,0,16,0,0,2,0,2,3,5,10,0,18,0,0,0,18
03/13/2014,TOL,OH,AGL,CE,Combined TRACON& Tower with Radar,9,18,25,0,52,0,2,14,0,16,9,20,39,0,68,28,0,28,96
03/14/2014,TOL,OH,AGL,CE,Combined TRACON& Tower with Radar,6,7,22,0,35,0,4,15,0,19,6,11,37,0,54,12,0,12,66
03/15/2014,TOL,OH,AGL,CE,Combined TRACON& Tower with Radar,3,4,22,0,29,0,3,17,0,20,3,7,39,0,49,24,0,24,73
03/16/2014,TOL,OH,AGL,CE,Combined TRACON& Tower with Radar,4,7,12,0,23,0,2,7,0,9,4,9,19,0,32,10,0,10,42
03/17/2014,TOL,OH,AGL,CE,Combined TRACON& Tower with Radar,5,12,37,6,60,0,1,31,0,32,5,13,68,6,92,44,4,48,140
03/18/2014,TOL,OH,AGL,CE,Combined TRACON& Tower with Radar,7,16,26,0,49,0,1,19,0,20,7,17,45,0,69,40,0,40,109
03/19/2014,TOL,OH,AGL,CE,Combined TRACON& Tower with Radar,7,9,14,3,33,0,2,3,0,5,7,11,17,3,38,0,0,0,38
03/20/2014,TOL,OH,AGL,CE,Combined TRACON& Tower with Radar,14,16,33,6,69,0,2,12,0,14,14,18,45,6,83,20,8,28,111
03/21/2014,TOL,OH,AGL,CE,Combined TRACON& Tower with Radar,9,11,19,3,42,0,3,17,0,20,9,14,36,3,62,22,0,22,84
03/22/2014,TOL,OH,AGL,CE,Combined TRACON& Tower with Radar,6,4,12,3,25,0,1,1,0,2,6,5,13,3,27,2,0,2,29
03/23/2014,TOL,OH,AGL,CE,Combined TRACON& Tower with Radar,3,10,30,2,45,0,2,12,0,14,3,12,42,2,59,14,0,14,73
03/24/2014,TOL,OH,AGL,CE,Combined TRACON& Tower with Radar,6,8,32,15,61,0,0,20,0,20,6,8,52,15,81,40,18,58,139
03/25/2014,TOL,OH,AGL,CE,Combined TRACON& Tower with Radar,9,8,24,9,50,0,0,6,0,6,9,8,30,9,56,8,0,8,64
03/26/2014,TOL,OH,AGL,CE,Combined TRACON& Tower with Radar,10,11,35,17,73,0,0,22,4,26,10,11,57,21,99,18,16,34,133
03/27/2014,TOL,OH,AGL,CE,Combined TRACON& Tower with Radar,8,14,16,20,58,0,0,0,0,0,8,14,16,20,58,0,28,28,86
03/28/2014,TOL,OH,AGL,CE,Combined TRACON& Tower with Radar,6,16,19,0,41,0,3,10,0,13,6,19,29,0,54,6,0,6,60
03/29/2014,TOL,OH,AGL,CE,Combined TRACON& Tower with Radar,5,10,13,0,28,0,0,6,0,6,5,10,19,0,34,8,0,8,42
03/30/2014,TOL,OH,AGL,CE,Combined TRACON& Tower with Radar,4,13,11,0,28,0,2,20,0,22,4,15,31,0,50,16,0,16,66
03/31/2014,TOL,OH,AGL,CE,Combined TRACON& Tower with Radar,5,7,25,10,47,0,3,23,0,26,5,10,48,10,73,28,34,62,135
04/01/2014,TOL,OH,AGL,CE,Combined TRACON& Tower with Radar,8,8,15,15,46,0,0,5,1,6,8,8,20,16,52,6,18,24,76
04/02/2014,TOL,OH,AGL,CE,Combined TRACON& Tower with Radar,6,12,22,12,52,0,3,27,0,30,6,15,49,12,82,16,5,21,103
04/03/2014,TOL,OH,AGL,CE,Combined TRACON& Tower with Radar,9,10,13,1,33,0,0,4,0,4,9,10,17,1,37,0,0,0,37
04/04/2014,TOL,OH,AGL,CE,Combined TRACON& Tower with Radar,9,17,11,0,37,0,2,4,0,6,9,19,15,0,43,2,0,2,45
04/05/2014,TOL,OH,AGL,CE,Combined TRACON& Tower with Radar,7,8,27,1,43,0,2,28,0,30,7,10,55,1,73,22,0,22,95
04/06/2014,TOL,OH,AGL,CE,Combined TRACON& Tower with Radar,6,7,14,0,27,0,0,28,0,28,6,7,42,0,55,30,0,30,85
04/07/2014,TOL,OH,AGL,CE,Combined TRACON& Tower with Radar,3,7,19,11,40,0,4,4,2,10,3,11,23,13,50,6,0,6,56
04/08/2014,TOL,OH,AGL,CE,Combined TRACON& Tower with Radar,8,12,28,24,72,0,1,22,1,24,8,13,50,25,96,42,20,62,158
04/09/2014,TOL,OH,AGL,CE,Combined TRACON& Tower with Radar,6,27,34,24,91,0,2,35,0,37,6,29,69,24,128,34,29,63,191
04/10/2014,TOL,OH,AGL,CE,Combined TRACON& Tower with Radar,8,10,33,37,88,0,2,7,3,12,8,12,40,40,100,6,28,34,134
04/11/2014,TOL,OH,AGL,CE,Combined TRACON& Tower with Radar,8,11,20,1,40,0,1,20,0,21,8,12,40,1,61,34,0,34,95
04/12/2014,TOL,OH,AGL,CE,Combined TRACON& Tower with Radar,5,7,30,7,49,0,1,14,1,16,5,8,44,8,65,18,18,36,101
04/13/2014,TOL,OH,AGL,CE,Combined TRACON& Tower with Radar,4,8,9,7,28,0,1,6,0,7,4,9,15,7,35,2,28,30,65
04/14/2014,TOL,OH,AGL,CE,Combined TRACON& Tower with Radar,3,7,21,1,32,0,1,4,0,5,3,8,25,1,37,0,0,0,37
04/15/2014,TOL,OH,AGL,CE,Combined TRACON& Tower with Radar,8,8,25,7,48,0,1,12,3,16,8,9,37,10,64,24,2,26,90
04/16/2014,TOL,OH,AGL,CE,Combined TRACON& Tower with Radar,6,14,34,10,64,0,0,33,1,34,6,14,67,11,98,35,12,47,145
04/17/2014,TOL,OH,AGL,CE,Combined TRACON& Tower with Radar,8,13,29,16,66,0,2,36,1,39,8,15,65,17,105,33,21,54,159
04/18/2014,TOL,OH,AGL,CE,Combined TRACON& Tower with Radar,7,10,28,8,53,0,1,25,0,26,7,11,53,8,79,18,0,18,97
04/19/2014,TOL,OH,AGL,CE,Combined TRACON& Tower with Radar,4,6,13,0,23,0,0,18,0,18,4,6,31,0,41,22,0,22,63
04/20/2014,TOL,OH,AGL,CE,Combined TRACON& Tower with Radar,4,8,7,1,20,0,0,12,0,12,4,8,19,1,32,2,0,2,34
04/21/2014,TOL,OH,AGL,CE,Combined TRACON& Tower with Radar,6,8,30,2,46,0,3,15,0,18,6,11,45,2,64,16,0,16,80
04/22/2014,TOL,OH,AGL,CE,Combined TRACON& Tower with Radar,7,9,25,24,65,0,2,11,0,13,7,11,36,24,78,30,48,78,156
04/23/2014,TOL,OH,AGL,CE,Combined TRACON& Tower with Radar,6,14,20,12,52,0,0,12,0,12,6,14,32,12,64,18,0,18,82
04/24/2014,TOL,OH,AGL,CE,Combined TRACON& Tower with Radar,8,22,36,19,85,0,1,26,0,27,8,23,62,19,112,19,6,25,137
04/25/2014,TOL,OH,AGL,CE,Combined TRACON& Tower with Radar,7,13,19,5,44,0,5,10,0,15,7,18,29,5,59,28,0,28,87
04/26/2014,TOL,OH,AGL,CE,Combined TRACON& Tower with Radar,6,6,20,0,32,0,4,21,0,25,6,10,41,0,57,18,0,18,75
04/27/2014,TOL,OH,AGL,CE,Combined TRACON& Tower with Radar,4,12,13,0,29,0,1,14,0,15,4,13,27,0,44,14,0,14,58
04/28/2014,TOL,OH,AGL,CE,Combined TRACON& Tower with Radar,3,7,21,1,32,0,1,2,0,3,3,8,23,1,35,2,0,2,37
04/29/2014,TOL,OH,AGL,CE,Combined TRACON& Tower with Radar,7,10,28,3,48,0,0,1,0,1,7,10,29,3,49,22,12,34,83
04/30/2014,TOL,OH,AGL,CE,Combined TRACON& Tower with Radar,9,19,30,18,76,0,1,5,0,6,9,20,35,18,82,10,4,14,96
05/01/2014,TOL,OH,AGL,CE,Combined TRACON& Tower with Radar,8,11,40,11,70,0,0,7,0,7,8,11,47,11,77,2,8,10,87
05/02/2014,TOL,OH,AGL,CE,Combined TRACON& Tower with Radar,6,8,23,7,44,0,2,10,1,13,6,10,33,8,57,26,6,32,89
05/03/2014,TOL,OH,AGL,CE,Combined TRACON& Tower with Radar,6,11,17,0,34,0,2,8,0,10,6,13,25,0,44,4,0,4,48
05/04/2014,TOL,OH,AGL,CE,Combined TRACON& Tower with Radar,4,8,17,0,29,0,1,7,0,8,4,9,24,0,37,12,0,12,49
05/05/2014,TOL,OH,AGL,CE,Combined TRACON& Tower with Radar,4,7,30,0,41,0,1,20,0,21,4,8,50,0,62,28,0,28,90
05/06/2014,TOL,OH,AGL,CE,Combined TRACON& Tower with Radar,5,12,42,8,67,0,1,30,0,31,5,13,72,8,98,19,10,29,127
05/07/2014,TOL,OH,AGL,CE,Combined TRACON& Tower with Radar,4,11,21,9,45,0,3,25,4,32,4,14,46,13,77,18,6,24,101
05/08/2014,TOL,OH,AGL,CE,Combined TRACON& Tower with Radar,7,11,35,14,67,0,2,30,0,32,7,13,65,14,99,46,6,52,151
05/09/2014,TOL,OH,AGL,CE,Combined TRACON& Tower with Radar,10,10,16,0,36,0,3,13,0,16,10,13,29,0,52,0,0,0,52
05/10/2014,TOL,OH,AGL,CE,Combined TRACON& Tower with Radar,3,10,8,1,22,0,3,35,0,38,3,13,43,1,60,18,0,18,78
05/11/2014,TOL,OH,AGL,CE,Combined TRACON& Tower with Radar,5,9,15,2,31,0,2,19,0,21,5,11,34,2,52,34,2,36,88
05/12/2014,TOL,OH,AGL,CE,Combined TRACON& Tower with Radar,11,14,27,0,52,0,1,11,0,12,11,15,38,0,64,24,0,24,88
05/13/2014,TOL,OH,AGL,CE,Combined TRACON& Tower with Radar,10,14,33,4,61,0,1,8,0,9,10,15,41,4,70,0,0,0,70
05/14/2014,TOL,OH,AGL,CE,Combined TRACON& Tower with Radar,4,12,31,0,47,0,0,6,0,6,4,12,37,0,53,0,0,0,53
05/15/2014,TOL,OH,AGL,CE,Combined TRACON& Tower with Radar,9,11,17,6,43,0,0,0,1,1,9,11,17,7,44,2,0,2,46
05/16/2014,TOL,OH,AGL,CE,Combined TRACON& Tower with Radar,6,8,29,12,55,0,3,22,0,25,6,11,51,12,80,14,21,35,115
05/17/2014,TOL,OH,AGL,CE,Combined TRACON& Tower with Radar,1,7,21,11,40,0,0,14,0,14,1,7,35,11,54,22,16,38,92
05/18/2014,TOL,OH,AGL,CE,Combined TRACON& Tower with Radar,4,7,25,7,43,0,1,28,0,29,4,8,53,7,72,34,16,50,122
05/19/2014,TOL,OH,AGL,CE,Combined TRACON& Tower with Radar,4,6,25,20,55,0,0,33,0,33,4,6,58,20,88,38,32,70,158
05/20/2014,TOL,OH,AGL,CE,Combined TRACON& Tower with Radar,8,14,26,24,72,0,4,8,1,13,8,18,34,25,85,0,32,32,117
05/21/2014,TOL,OH,AGL,CE,Combined TRACON& Tower with Radar,7,11,22,21,61,0,1,6,0,7,7,12,28,21,68,28,0,28,96
05/22/2014,TOL,OH,AGL,CE,Combined TRACON& Tower with Radar,12,21,37,3,73,0,2,37,2,41,12,23,74,5,114,26,4,30,144
05/23/2014,TOL,OH,AGL,CE,Combined TRACON& Tower with Radar,8,15,27,0,50,0,2,34,0,36,8,17,61,0,86,42,0,42,128
05/24/2014,TOL,OH,AGL,CE,Combined TRACON& Tower with Radar,1,8,13,0,22,0,1,15,0,16,1,9,28,0,38,2,0,2,40
05/25/2014,TOL,OH,AGL,CE,Combined TRACON& Tower with Radar,4,9,6,1,20,0,0,15,0,15,4,9,21,1,35,24,0,24,59
05/26/2014,TOL,OH,AGL,CE,Combined TRACON& Tower with Radar,2,10,21,0,33,0,3,16,0,19,2,13,37,0,52,4,0,4,56
05/27/2014,TOL,OH,AGL,CE,Combined TRACON& Tower with Radar,7,9,29,8,53,0,2,15,0,17,7,11,44,8,70,20,24,44,114
05/28/2014,TOL,OH,AGL,CE,Combined TRACON& Tower with Radar,4,13,16,4,37,0,0,2,2,4,4,13,18,6,41,6,0,6,47
05/29/2014,TOL,OH,AGL,CE,Combined TRACON& Tower with Radar,7,14,38,13,72,0,3,18,0,21,7,17,56,13,93,24,4,28,121
05/30/2014,TOL,OH,AGL,CE,Combined TRACON& Tower with Radar,9,13,15,7,44,0,2,25,0,27,9,15,40,7,71,12,4,16,87
05/31/2014,TOL,OH,AGL,CE,Combined TRACON& Tower with Radar,5,7,5,4,21,0,4,30,4,38,5,11,35,8,59,22,12,34,93
06/01/2014,TOL,OH,AGL,CE,Combined TRACON& Tower with Radar,6,9,23,0,38,0,3,36,0,39,6,12,59,0,77,40,0,40,117
06/02/2014,TOL,OH,AGL,CE,Combined TRACON& Tower with Radar,6,4,29,0,39,0,2,9,0,11,6,6,38,0,50,9,0,9,59
06/03/2014,TOL,OH,AGL,CE,Combined TRACON& Tower with Radar,9,9,24,4,46,0,0,10,2,12,9,9,34,6,58,10,10,20,78
06/04/2014,TOL,OH,AGL,CE,Combined TRACON& Tower with Radar,6,10,22,12,50,0,1,18,0,19,6,11,40,12,69,10,2,12,81
06/05/2014,TOL,OH,AGL,CE,Combined TRACON& Tower with Radar,8,11,18,14,51,0,1,32,0,33,8,12,50,14,84,21,10,31,115
06/06/2014,TOL,OH,AGL,CE,Combined TRACON& Tower with Radar,8,17,28,16,69,0,3,14,0,17,8,20,42,16,86,7,9,16,102
06/07/2014,TOL,OH,AGL,CE,Combined TRACON& Tower with Radar,3,11,11,8,33,0,0,18,0,18,3,11,29,8,51,9,8,17,68
06/08/2014,TOL,OH,AGL,CE,Combined TRACON& Tower with Radar,4,14,14,0,32,0,0,13,0,13,4,14,27,0,45,7,0,7,52
06/09/2014,TOL,OH,AGL,CE,Combined TRACON& Tower with Radar,3,12,25,0,40,0,3,22,0,25,3,15,47,0,65,26,0,26,91
06/10/2014,TOL,OH,AGL,CE,Combined TRACON& Tower with Radar,5,12,19,9,45,0,0,10,0,10,5,12,29,9,55,20,32,52,107
06/11/2014,TOL,OH,AGL,CE,Combined TRACON& Tower with Radar,4,11,21,11,47,0,2,6,0,8,4,13,27,11,55,16,40,56,111
06/12/2014,TOL,OH,AGL,CE,Combined TRACON& Tower with Radar,8,11,24,9,52,0,4,10,1,15,8,15,34,10,67,15,0,15,82
06/13/2014,TOL,OH,AGL,CE,Combined TRACON& Tower with Radar,9,18,22,9,58,0,0,9,0,9,9,18,31,9,67,5,10,15,82
06/14/2014,TOL,OH,AGL,CE,Combined TRACON& Tower with Radar,1,10,11,2,24,0,2,34,0,36,1,12,45,2,60,47,0,47,107
06/15/2014,TOL,OH,AGL,CE,Combined TRACON& Tower with Radar,4,6,10,0,20,0,2,18,0,20,4,8,28,0,40,18,0,18,58
06/16/2014,TOL,OH,AGL,CE,Combined TRACON& Tower with Radar,3,16,30,0,49,0,5,22,0,27,3,21,52,0,76,12,0,12,88
06/17/2014,TOL,OH,AGL,CE,Combined TRACON& Tower with Radar,7,19,19,8,53,0,2,11,0,13,7,21,30,8,66,4,4,8,74
06/18/2014,TOL,OH,AGL,CE,Combined TRACON& Tower with Radar,10,21,30,13,74,0,2,8,0,10,10,23,38,13,84,36,26,62,146
06/19/2014,TOL,OH,AGL,CE,Combined TRACON& Tower with Radar,10,16,30,7,63,0,0,6,0,6,10,16,36,7,69,10,0,10,79
06/20/2014,TOL,OH,AGL,CE,Combined TRACON& Tower with Radar,5,18,23,27,73,0,1,1,0,2,5,19,24,27,75,2,16,18,93
06/21/2014,TOL,OH,AGL,CE,Combined TRACON& Tower with Radar,3,7,18,1,29,0,1,23,0,24,3,8,41,1,53,25,0,25,78
06/22/2014,TOL,OH,AGL,CE,Combined TRACON& Tower with Radar,4,10,17,0,31,0,2,30,0,32,4,12,47,0,63,29,0,29,92
06/23/2014,TOL,OH,AGL,CE,Combined TRACON& Tower with Radar,3,13,33,0,49,0,4,19,0,23,3,17,52,0,72,8,0,8,80
06/24/2014,TOL,OH,AGL,CE,Combined TRACON& Tower with Radar,9,13,33,6,61,0,1,5,0,6,9,14,38,6,67,0,2,2,69
06/25/2014,TOL,OH,AGL,CE,Combined TRACON& Tower with Radar,5,12,31,10,58,0,0,20,0,20,5,12,51,10,78,39,0,39,117
06/26/2014,TOL,OH,AGL,CE,Combined TRACON& Tower with Radar,12,12,33,5,62,0,2,14,0,16,12,14,47,5,78,15,0,15,93
06/27/2014,TOL,OH,AGL,CE,Combined TRACON& Tower with Radar,6,14,28,7,55,0,3,20,0,23,6,17,48,7,78,24,12,36,114
06/28/2014,TOL,OH,AGL,CE,Combined TRACON& Tower with Radar,3,6,10,0,19,0,1,14,0,15,3,7,24,0,34,4,0,4,38
06/29/2014,TOL,OH,AGL,CE,Combined TRACON& Tower with Radar,4,12,6,0,22,0,1,3,0,4,4,13,9,0,26,0,0,0,26
06/30/2014,TOL,OH,AGL,CE,Combined TRACON& Tower with Radar,5,8,18,0,31,0,1,11,0,12,5,9,29,0,43,38,0,38,81
07/01/2014,TOL,OH,AGL,CE,Combined TRACON& Tower with Radar,6,11,23,10,50,0,1,12,0,13,6,12,35,10,63,10,0,10,73
07/02/2014,TOL,OH,AGL,CE,Combined TRACON& Tower with Radar,8,20,17,14,59,0,2,23,3,28,8,22,40,17,87,23,10,33,120
07/03/2014,TOL,OH,AGL,CE,Combined TRACON& Tower with Radar,11,12,25,10,58,0,1,8,0,9,11,13,33,10,67,4,2,6,73
07/04/2014,TOL,OH,AGL,CE,Combined TRACON& Tower with Radar,4,4,5,0,13,0,2,20,0,22,4,6,25,0,35,19,0,19,54
07/05/2014,TOL,OH,AGL,CE,Combined TRACON& Tower with Radar,4,4,8,0,16,0,1,21,0,22,4,5,29,0,38,2,0,2,40
07/06/2014,TOL,OH,AGL,CE,Combined TRACON& Tower with Radar,4,12,15,0,31,0,4,17,0,21,4,16,32,0,52,12,0,12,64
07/07/2014,TOL,OH,AGL,CE,Combined TRACON& Tower with Radar,7,17,24,0,48,0,2,10,0,12,7,19,34,0,60,2,0,2,62
07/08/2014,TOL,OH,AGL,CE,Combined TRACON& Tower with Radar,8,15,17,5,45,0,0,1,1,2,8,15,18,6,47,10,6,16,63
07/09/2014,TOL,OH,AGL,CE,Combined TRACON& Tower with Radar,4,15,32,14,65,0,0,32,0,32,4,15,64,14,97,46,24,70,167
07/10/2014,TOL,OH,AGL,CE,Combined TRACON& Tower with Radar,8,18,37,12,75,0,1,21,0,22,8,19,58,12,97,22,0,22,119
07/11/2014,TOL,OH,AGL,CE,Combined TRACON& Tower with Radar,6,21,30,14,71,0,3,27,0,30,6,24,57,14,101,11,28,39,140
07/12/2014,TOL,OH,AGL,CE,Combined TRACON& Tower with Radar,1,8,14,13,36,0,2,16,0,18,1,10,30,13,54,4,24,28,82
07/13/2014,TOL,OH,AGL,CE,Combined TRACON& Tower with Radar,4,10,20,9,43,0,1,15,0,16,4,11,35,9,59,16,12,28,87
07/14/2014,TOL,OH,AGL,CE,Combined TRACON& Tower with Radar,3,7,36,21,67,0,1,17,3,21,3,8,53,24,88,10,26,36,124
07/15/2014,TOL,OH,AGL,CE,Combined TRACON& Tower with Radar,6,12,35,10,63,0,0,18,0,18,6,12,53,10,81,30,28,58,139
07/16/2014,TOL,OH,AGL,CE,Combined TRACON& Tower with Radar,4,11,27,10,52,0,1,36,0,37,4,12,63,10,89,10,8,18,107
07/17/2014,TOL,OH,AGL,CE,Combined TRACON& Tower with Radar,10,16,26,14,66,0,2,31,5,38,10,18,57,19,104,32,0,32,136
07/18/2014,TOL,OH,AGL,CE,Combined TRACON& Tower with Radar,7,8,19,0,34,0,1,22,0,23,7,9,41,0,57,14,0,14,71
07/19/2014,TOL,OH,AGL,CE,Combined TRACON& Tower with Radar,3,7,12,0,22,0,7,11,0,18,3,14,23,0,40,8,0,8,48
07/20/2014,TOL,OH,AGL,CE,Combined TRACON& Tower with Radar,6,7,16,0,29,0,1,16,0,17,6,8,32,0,46,0,0,0,46
07/21/2014,TOL,OH,AGL,CE,Combined TRACON& Tower with Radar,4,13,30,3,50,0,1,28,0,29,4,14,58,3,79,30,8,38,117
07/22/2014,TOL,OH,AGL,CE,Combined TRACON& Tower with Radar,5,6,29,6,46,0,2,30,1,33,5,8,59,7,79,14,2,16,95
07/23/2014,TOL,OH,AGL,CE,Combined TRACON& Tower with Radar,5,13,25,14,57,0,0,11,0,11,5,13,36,14,68,14,0,14,82
07/24/2014,TOL,OH,AGL,CE,Combined TRACON& Tower with Radar,8,11,32,9,60,0,1,34,0,35,8,12,66,9,95,28,6,34,129
07/25/2014,TOL,OH,AGL,CE,Combined TRACON& Tower with Radar,8,9,26,11,54,0,3,21,0,24,8,12,47,11,78,2,4,6,84
07/26/2014,TOL,OH,AGL,CE,Combined TRACON& Tower with Radar,3,11,6,13,33,0,1,38,0,39,3,12,44,13,72,24,10,34,106
07/27/2014,TOL,OH,AGL,CE,Combined TRACON& Tower with Radar,4,13,15,0,32,0,2,1,0,3,4,15,16,0,35,2,0,2,37
07/28/2014,TOL,OH,AGL,CE,Combined TRACON& Tower with Radar,3,8,25,1,37,0,0,14,1,15,3,8,39,2,52,2,0,2,54
07/29/2014,TOL,OH,AGL,CE,Combined TRACON& Tower with Radar,6,15,32,7,60,0,1,26,4,31,6,16,58,11,91,51,20,71,162
07/30/2014,TOL,OH,AGL,CE,Combined TRACON& Tower with Radar,6,14,20,9,49,0,2,5,0,7,6,16,25,9,56,6,22,28,84
07/31/2014,TOL,OH,AGL,CE,Combined TRACON& Tower with Radar,8,12,28,7,55,0,4,33,0,37,8,16,61,7,92,22,18,40,132
08/01/2014,TOL,OH,AGL,CE,Combined TRACON& Tower with Radar,6,13,24,2,45,0,3,20,0,23,6,16,44,2,68,4,4,8,76
08/02/2014,TOL,OH,AGL,CE,Combined TRACON& Tower with Radar,1,10,10,0,21,0,1,31,0,32,1,11,41,0,53,24,0,24,77
08/03/2014,TOL,OH,AGL,CE,Combined TRACON& Tower with Radar,5,7,14,9,35,0,3,28,2,33,5,10,42,11,68,22,26,48,116
08/04/2014,TOL,OH,AGL,CE,Combined TRACON& Tower with Radar,3,9,28,1,41,0,4,29,0,33,3,13,57,1,74,16,0,16,90
08/05/2014,TOL,OH,AGL,CE,Combined TRACON& Tower with Radar,6,12,25,5,48,0,2,6,0,8,6,14,31,5,56,10,6,16,72
08/06/2014,TOL,OH,AGL,CE,Combined TRACON& Tower with Radar,4,12,17,9,42,0,4,20,0,24,4,16,37,9,66,30,26,56,122
08/07/2014,TOL,OH,AGL,CE,Combined TRACON& Tower with Radar,11,13,33,10,67,0,1,39,0,40,11,14,72,10,107,24,5,29,136
08/08/2014,TOL,OH,AGL,CE,Combined TRACON& Tower with Radar,8,13,20,8,49,0,1,35,0,36,8,14,55,8,85,30,14,44,129
08/09/2014,TOL,OH,AGL,CE,Combined TRACON& Tower with Radar,2,12,7,3,24,0,5,23,8,36,2,17,30,11,60,28,5,33,93
08/10/2014,TOL,OH,AGL,CE,Combined TRACON& Tower with Radar,4,7,14,0,25,0,3,21,0,24,4,10,35,0,49,6,0,6,55
08/11/2014,TOL,OH,AGL,CE,Combined TRACON& Tower with Radar,4,13,25,0,42,0,3,3,0,6,4,16,28,0,48,0,0,0,48
08/12/2014,TOL,OH,AGL,CE,Combined TRACON& Tower with Radar,8,10,29,8,55,0,2,8,2,12,8,12,37,10,67,12,12,24,91
08/13/2014,TOL,OH,AGL,CE,Combined TRACON& Tower with Radar,8,15,21,5,49,0,5,26,1,32,8,20,47,6,81,8,8,16,97
08/14/2014,TOL,OH,AGL,CE,Combined TRACON& Tower with Radar,6,11,21,5,43,0,5,22,6,33,6,16,43,11,76,8,0,8,84
08/15/2014,TOL,OH,AGL,CE,Combined TRACON& Tower with Radar,5,19,14,6,44,0,4,28,1,33,5,23,42,7,77,20,8,28,105
08/16/2014,TOL,OH,AGL,CE,Combined TRACON& Tower with Radar,6,13,12,2,33,0,1,21,1,23,6,14,33,3,56,0,4,4,60
08/17/2014,TOL,OH,AGL,CE,Combined TRACON& Tower with Radar,2,9,11,1,23,0,3,5,0,8,2,12,16,1,31,10,0,10,41
08/18/2014,TOL,OH,AGL,CE,Combined TRACON& Tower with Radar,2,9,33,0,44,0,6,23,0,29,2,15,56,0,73,20,0,20,93
08/19/2014,TOL,OH,AGL,CE,Combined TRACON& Tower with Radar,9,11,26,7,53,0,0,14,1,15,9,11,40,8,68,0,0,0,68
08/20/2014,TOL,OH,AGL,CE,Combined TRACON& Tower with Radar,5,8,32,9,54,0,0,10,2,12,5,8,42,11,66,8,26,34,100
08/21/2014,TOL,OH,AGL,CE,Combined TRACON& Tower with Radar,3,10,31,4,48,0,1,13,0,14,3,11,44,4,62,8,0,8,70
08/22/2014,TOL,OH,AGL,CE,Combined TRACON& Tower with Radar,5,13,19,10,47,0,2,11,0,13,5,15,30,10,60,4,6,10,70
08/23/2014,TOL,OH,AGL,CE,Combined TRACON& Tower with Radar,1,13,7,0,21,0,2,12,0,14,1,15,19,0,35,6,0,6,41
08/24/2014,TOL,OH,AGL,CE,Combined TRACON& Tower with Radar,0,13,10,2,25,0,0,10,0,10,0,13,20,2,35,0,0,0,35
08/25/2014,TOL,OH,AGL,CE,Combined TRACON& Tower with Radar,1,14,24,1,40,0,1,20,0,21,1,15,44,1,61,26,0,26,87
08/26/2014,TOL,OH,AGL,CE,Combined TRACON& Tower with Radar,6,14,24,15,59,0,1,14,0,15,6,15,38,15,74,12,26,38,112
08/27/2014,TOL,OH,AGL,CE,Combined TRACON& Tower with Radar,4,19,43,10,76,0,2,12,0,14,4,21,55,10,90,22,22,44,134
08/28/2014,TOL,OH,AGL,CE,Combined TRACON& Tower with Radar,4,13,39,11,67,0,5,41,1,47,4,18,80,12,114,30,4,34,148
08/29/2014,TOL,OH,AGL,CE,Combined TRACON& Tower with Radar,5,10,24,2,41,0,0,23,0,23,5,10,47,2,64,0,0,0,64
08/30/2014,TOL,OH,AGL,CE,Combined TRACON& Tower with Radar,1,12,11,0,24,0,4,12,0,16,1,16,23,0,40,4,0,4,44
08/31/2014,TOL,OH,AGL,CE,Combined TRACON& Tower with Radar,1,7,16,0,24,0,1,10,0,11,1,8,26,0,35,24,0,24,59
09/01/2014,TOL,OH,AGL,CE,Combined TRACON& Tower with Radar,0,9,9,0,18,0,1,5,0,6,0,10,14,0,24,0,0,0,24
09/02/2014,TOL,OH,AGL,CE,Combined TRACON& Tower with Radar,5,10,17,19,51,0,3,3,0,6,5,13,20,19,57,2,22,24,81
09/03/2014,TOL,OH,AGL,CE,Combined TRACON& Tower with Radar,4,14,19,10,47,0,2,23,0,25,4,16,42,10,72,22,0,22,94
09/04/2014,TOL,OH,AGL,CE,Combined TRACON& Tower with Radar,5,11,21,14,51,0,4,12,1,17,5,15,33,15,68,6,10,16,84
09/05/2014,TOL,OH,AGL,CE,Combined TRACON& Tower with Radar,8,9,17,17,51,0,0,10,0,10,8,9,27,17,61,2,4,6,67
09/06/2014,TOL,OH,AGL,CE,Combined TRACON& Tower with Radar,2,6,24,21,53,0,2,2,1,5,2,8,26,22,58,0,20,20,78
09/07/2014,TOL,OH,AGL,CE,Combined TRACON& Tower with Radar,0,13,20,6,39,0,2,30,2,34,0,15,50,8,73,44,12,56,129
09/08/2014,TOL,OH,AGL,CE,Combined TRACON& Tower with Radar,1,15,25,4,45,0,0,29,0,29,1,15,54,4,74,26,10,36,110
09/09/2014,TOL,OH,AGL,CE,Combined TRACON& Tower with Radar,8,9,20,21,58,0,2,9,0,11,8,11,29,21,69,26,44,70,139
09/10/2014,TOL,OH,AGL,CE,Combined TRACON& Tower with Radar,4,18,15,7,44,0,0,5,2,7,4,18,20,9,51,6,22,28,79
09/11/2014,TOL,OH,AGL,CE,Combined TRACON& Tower with Radar,4,14,43,8,69,0,3,10,5,18,4,17,53,13,87,20,0,20,107
09/12/2014,TOL,OH,AGL,CE,Combined TRACON& Tower with Radar,4,13,12,15,44,0,0,13,0,13,4,13,25,15,57,10,4,14,71
09/13/2014,TOL,OH,AGL,CE,Combined TRACON& Tower with Radar,3,5,16,0,24,0,4,17,0,21,3,9,33,0,45,50,0,50,95
09/14/2014,TOL,OH,AGL,CE,Combined TRACON& Tower with Radar,0,12,19,4,35,0,1,58,0,59,0,13,77,4,94,153,8,161,255
09/15/2014,TOL,OH,AGL,CE,Combined TRACON& Tower with Radar,3,8,26,0,37,0,1,9,0,10,3,9,35,0,47,12,0,12,59
09/16/2014,TOL,OH,AGL,CE,Combined TRACON& Tower with Radar,6,14,25,14,59,0,0,17,2,19,6,14,42,16,78,12,0,12,90
09/17/2014,TOL,OH,AGL,CE,Combined TRACON& Tower with Radar,5,16,32,23,76,0,0,22,0,22,5,16,54,23,98,48,18,66,164
09/18/2014,TOL,OH,AGL,CE,Combined TRACON& Tower with Radar,6,7,30,7,50,0,2,20,3,25,6,9,50,10,75,19,0,19,94
09/19/2014,TOL,OH,AGL,CE,Combined TRACON& Tower with Radar,5,8,16,6,35,0,2,31,1,34,5,10,47,7,69,14,0,14,83
09/20/2014,TOL,OH,AGL,CE,Combined TRACON& Tower with Radar,4,8,7,0,19,0,0,8,2,10,4,8,15,2,29,12,0,12,41
09/21/2014,TOL,OH,AGL,CE,Combined TRACON& Tower with Radar,1,8,13,0,22,0,4,3,2,9,1,12,16,2,31,0,0,0,31
09/22/2014,TOL,OH,AGL,CE,Combined TRACON& Tower with Radar,2,12,25,0,39,0,2,19,0,21,2,14,44,0,60,12,0,12,72
09/23/2014,TOL,OH,AGL,CE,Combined TRACON& Tower with Radar,5,13,44,7,69,0,1,19,0,20,5,14,63,7,89,28,28,56,145
09/24/2014,TOL,OH,AGL,CE,Combined TRACON& Tower with Radar,8,8,39,10,65,0,3,33,0,36,8,11,72,10,101,30,24,54,155
09/25/2014,TOL,OH,AGL,CE,Combined TRACON& Tower with Radar,6,11,30,8,55,0,5,26,0,31,6,16,56,8,86,20,8,28,114
09/26/2014,TOL,OH,AGL,CE,Combined TRACON& Tower with Radar,4,15,15,4,38,0,4,20,0,24,4,19,35,4,62,6,8,14,76
09/27/2014,TOL,OH,AGL,CE,Combined TRACON& Tower with Radar,5,9,12,0,26,0,0,19,0,19,5,9,31,0,45,10,0,10,55
09/28/2014,TOL,OH,AGL,CE,Combined TRACON& Tower with Radar,2,8,11,0,21,0,2,25,0,27,2,10,36,0,48,22,0,22,70
09/29/2014,TOL,OH,AGL,CE,Combined TRACON& Tower with Radar,1,12,32,0,45,0,2,25,0,27,1,14,57,0,72,8,0,8,80
09/30/2014,TOL,OH,AGL,CE,Combined TRACON& Tower with Radar,8,20,30,6,64,0,4,6,0,10,8,24,36,6,74,6,6,12,86
10/01/2014,TOL,OH,AGL,CE,Combined TRACON& Tower with Radar,6,14,34,19,73,0,3,23,4,30,6,17,57,23,103,34,12,46,149
10/02/2014,TOL,OH,AGL,CE,Combined TRACON& Tower with Radar,7,16,29,11,63,0,2,12,0,14,7,18,41,11,77,10,8,18,95
10/03/2014,TOL,OH,AGL,CE,Combined TRACON& Tower with Radar,7,16,10,5,38,0,3,6,0,9,7,19,16,5,47,0,12,12,59
10/04/2014,TOL,OH,AGL,CE,Combined TRACON& Tower with Radar,5,8,2,10,25,0,1,7,0,8,5,9,9,10,33,2,8,10,43
10/05/2014,TOL,OH,AGL,CE,Combined TRACON& Tower with Radar,2,6,8,4,20,0,2,18,0,20,2,8,26,4,40,0,0,0,40
10/06/2014,TOL,OH,AGL,CE,Combined TRACON& Tower with Radar,3,13,23,0,39,0,2,2,0,4,3,15,25,0,43,10,0,10,53
10/07/2014,TOL,OH,AGL,CE,Combined TRACON& Tower with Radar,7,8,24,10,49,0,2,4,0,6,7,10,28,10,55,4,4,8,63
10/08/2014,TOL,OH,AGL,CE,Combined TRACON& Tower with Radar,5,14,28,9,56,0,3,19,1,23,5,17,47,10,79,18,22,40,119
10/09/2014,TOL,OH,AGL,CE,Combined TRACON& Tower with Radar,6,8,27,16,57,0,6,30,2,38,6,14,57,18,95,8,4,12,107
10/10/2014,TOL,OH,AGL,CE,Combined TRACON& Tower with Radar,8,12,24,0,44,0,2,26,0,28,8,14,50,0,72,26,0,26,98
10/11/2014,TOL,OH,AGL,CE,Combined TRACON& Tower with Radar,3,5,14,0,22,0,1,19,0,20,3,6,33,0,42,0,0,0,42
10/12/2014,TOL,OH,AGL,CE,Combined TRACON& Tower with Radar,2,10,9,0,21,0,1,23,0,24,2,11,32,0,45,12,0,12,57
10/13/2014,TOL,OH,AGL,CE,Combined TRACON& Tower with Radar,5,10,26,0,41,0,2,9,0,11,5,12,35,0,52,0,0,0,52
10/14/2014,TOL,OH,AGL,CE,Combined TRACON& Tower with Radar,6,11,28,2,47,0,1,3,0,4,6,12,31,2,51,0,0,0,51
10/15/2014,TOL,OH,AGL,CE,Combined TRACON& Tower with Radar,9,14,27,14,64,0,0,10,0,10,9,14,37,14,74,6,20,26,100
10/16/2014,TOL,OH,AGL,CE,Combined TRACON& Tower with Radar,9,12,27,6,54,0,1,7,0,8,9,13,34,6,62,6,4,10,72
10/17/2014,TOL,OH,AGL,CE,Combined TRACON& Tower with Radar,10,13,33,14,70,0,2,11,2,15,10,15,44,16,85,2,0,2,87
10/18/2014,TOL,OH,AGL,CE,Combined TRACON& Tower with Radar,4,8,17,0,29,0,2,6,0,8,4,10,23,0,37,4,0,4,41
10/19/2014,TOL,OH,AGL,CE,Combined TRACON& Tower with Radar,3,13,9,0,25,0,3,13,0,16,3,16,22,0,41,6,0,6,47
10/20/2014,TOL,OH,AGL,CE,Combined TRACON& Tower with Radar,5,11,19,0,35,0,0,6,0,6,5,11,25,0,41,0,0,0,41
10/21/2014,TOL,OH,AGL,CE,Combined TRACON& Tower with Radar,6,10,16,15,47,0,1,8,0,9,6,11,24,15,56,10,24,34,90
10/22/2014,TOL,OH,AGL,CE,Combined TRACON& Tower with Radar,4,7,28,10,49,0,3,13,0,16,4,10,41,10,65,20,0,20,85
10/23/2014,TOL,OH,AGL,CE,Combined TRACON& Tower with Radar,6,9,34,8,57,0,2,7,0,9,6,11,41,8,66,5,4,9,75
10/24/2014,TOL,OH,AGL,CE,Combined TRACON& Tower with Radar,10,13,26,8,57,0,1,18,0,19,10,14,44,8,76,28,0,28,104
10/25/2014,TOL,OH,AGL,CE,Combined TRACON& Tower with Radar,2,11,19,0,32,0,3,2,0,5,2,14,21,0,37,6,0,6,43
10/26/2014,TOL,OH,AGL,CE,Combined TRACON& Tower with Radar,2,10,17,0,29,0,3,21,0,24,2,13,38,0,53,16,0,16,69
10/27/2014,TOL,OH,AGL,CE,Combined TRACON& Tower with Radar,8,11,25,0,44,0,4,15,0,19,8,15,40,0,63,6,0,6,69
10/28/2014,TOL,OH,AGL,CE,Combined TRACON& Tower with Radar,6,15,27,7,55,0,3,5,1,9,6,18,32,8,64,6,24,30,94
10/29/2014,TOL,OH,AGL,CE,Combined TRACON& Tower with Radar,9,12,16,6,43,0,1,10,0,11,9,13,26,6,54,16,40,56,110
10/30/2014,TOL,OH,AGL,CE,Combined TRACON& Tower with Radar,6,16,31,18,71,0,2,23,0,25,6,18,54,18,96,22,4,26,122
10/31/2014,TOL,OH,AGL,CE,Combined TRACON& Tower with Radar,8,11,17,18,54,0,2,1,0,3,8,13,18,18,57,2,4,6,63
11/01/2014,TOL,OH,AGL,CE,Combined TRACON& Tower with Radar,1,5,7,9,22,0,2,3,0,5,1,7,10,9,27,0,6,6,33
11/02/2014,TOL,OH,AGL,CE,Combined TRACON& Tower with Radar,2,14,13,8,37,0,1,26,0,27,2,15,39,8,64,20,28,48,112
11/03/2014,TOL,OH,AGL,CE,Combined TRACON& Tower with Radar,7,20,26,2,55,0,1,23,0,24,7,21,49,2,79,10,0,10,89
11/04/2014,TOL,OH,AGL,CE,Combined TRACON& Tower with Radar,7,12,28,12,59,0,2,4,0,6,7,14,32,12,65,2,36,38,103
11/05/2014,TOL,OH,AGL,CE,Combined TRACON& Tower with Radar,9,15,34,15,73,0,5,31,1,37,9,20,65,16,110,30,8,38,148
11/06/2014,TOL,OH,AGL,CE,Combined TRACON& Tower with Radar,6,9,18,13,46,0,1,0,0,1,6,10,18,13,47,0,32,32,79
11/07/2014,TOL,OH,AGL,CE,Combined TRACON& Tower with Radar,7,11,19,14,51,0,2,19,0,21,7,13,38,14,72,2,6,8,80
11/08/2014,TOL,OH,AGL,CE,Combined TRACON& Tower with Radar,1,7,5,0,13,0,2,4,0,6,1,9,9,0,19,14,0,14,33
11/09/2014,TOL,OH,AGL,CE,Combined TRACON& Tower with Radar,2,12,15,0,29,0,0,9,0,9,2,12,24,0,38,18,0,18,56
11/10/2014,TOL,OH,AGL,CE,Combined TRACON& Tower with Radar,8,11,36,0,55,0,2,26,0,28,8,13,62,0,83,30,0,30,113
11/11/2014,TOL,OH,AGL,CE,Combined TRACON& Tower with Radar,6,12,19,0,37,0,1,5,0,6,6,13,24,0,43,0,0,0,43
11/12/2014,TOL,OH,AGL,CE,Combined TRACON& Tower with Radar,12,13,20,11,56,0,2,10,0,12,12,15,30,11,68,16,18,34,102
11/13/2014,TOL,OH,AGL,CE,Combined TRACON& Tower with Radar,17,21,19,8,65,0,1,4,0,5,17,22,23,8,70,0,0,0,70
11/14/2014,TOL,OH,AGL,CE,Combined TRACON& Tower with Radar,13,15,15,2,45,0,0,12,0,12,13,15,27,2,57,26,0,26,83
11/15/2014,TOL,OH,AGL,CE,Combined TRACON& Tower with Radar,1,6,9,0,16,0,0,15,0,15,1,6,24,0,31,10,0,10,41
11/16/2014,TOL,OH,AGL,CE,Combined TRACON& Tower with Radar,4,12,15,0,31,0,0,4,0,4,4,12,19,0,35,0,0,0,35
11/17/2014,TOL,OH,AGL,CE,Combined TRACON& Tower with Radar,4,19,19,0,42,0,0,1,0,1,4,19,20,0,43,0,0,0,43
11/18/2014,TOL,OH,AGL,CE,Combined TRACON& Tower with Radar,10,13,33,15,71,0,2,6,1,9,10,15,39,16,80,0,12,12,92
11/19/2014,TOL,OH,AGL,CE,Combined TRACON& Tower with Radar,7,20,19,14,60,0,7,7,0,14,7,27,26,14,74,0,0,0,74
11/20/2014,TOL,OH,AGL,CE,Combined TRACON& Tower with Radar,8,22,28,12,70,0,2,6,0,8,8,24,34,12,78,16,8,24,102
11/21/2014,TOL,OH,AGL,CE,Combined TRACON& Tower with Radar,6,20,24,17,67,0,1,17,0,18,6,21,41,17,85,10,20,30,115
11/22/2014,TOL,OH,AGL,CE,Combined TRACON& Tower with Radar,1,8,8,0,17,0,2,6,0,8,1,10,14,0,25,4,0,4,29
11/23/2014,TOL,OH,AGL,CE,Combined TRACON& Tower with Radar,3,11,15,0,29,0,0,5,0,5,3,11,20,0,34,16,0,16,50
11/24/2014,TOL,OH,AGL,CE,Combined TRACON& Tower with Radar,5,16,13,0,34,0,0,0,0,0,5,16,13,0,34,0,0,0,34
11/25/2014,TOL,OH,AGL,CE,Combined TRACON& Tower with Radar,8,12,18,7,45,0,1,2,0,3,8,13,20,7,48,0,2,2,50
11/26/2014,TOL,OH,AGL,CE,Combined TRACON& Tower with Radar,8,16,17,10,51,0,0,12,0,12,8,16,29,10,63,12,18,30,93
11/27/2014,TOL,OH,AGL,CE,Combined TRACON& Tower with Radar,5,10,2,0,17,0,1,2,0,3,5,11,4,0,20,0,0,0,20
11/28/2014,TOL,OH,AGL,CE,Combined TRACON& Tower with Radar,4,7,6,0,17,0,2,11,0,13,4,9,17,0,30,6,0,6,36
11/29/2014,TOL,OH,AGL,CE,Combined TRACON& Tower with Radar,2,11,15,0,28,0,0,12,0,12,2,11,27,0,40,12,0,12,52
11/30/2014,TOL,OH,AGL,CE,Combined TRACON& Tower with Radar,4,16,7,0,27,0,2,2,0,4,4,18,9,0,31,0,0,0,31
12/01/2014,TOL,OH,AGL,CE,Combined TRACON& Tower with Radar,3,12,45,4,64,0,0,16,0,16,3,12,61,4,80,16,0,16,96
12/02/2014,TOL,OH,AGL,CE,Combined TRACON& Tower with Radar,6,8,15,20,49,0,1,9,0,10,6,9,24,20,59,6,52,58,117
12/03/2014,TOL,OH,AGL,CE,Combined TRACON& Tower with Radar,4,13,27,17,61,0,2,13,0,15,4,15,40,17,76,16,10,26,102
12/04/2014,TOL,OH,AGL,CE,Combined TRACON& Tower with Radar,7,12,40,14,73,0,5,32,2,39,7,17,72,16,112,16,24,40,152
12/05/2014,TOL,OH,AGL,CE,Combined TRACON& Tower with Radar,12,16,20,15,63,0,1,1,1,3,12,17,21,16,66,0,0,0,66
12/06/2014,TOL,OH,AGL,CE,Combined TRACON& Tower with Radar,1,8,8,18,35,0,2,0,0,2,1,10,8,18,37,0,8,8,45
12/07/2014,TOL,OH,AGL,CE,Combined TRACON& Tower with Radar,2,8,27,0,37,0,0,55,0,55,2,8,82,0,92,46,0,46,138
12/08/2014,TOL,OH,AGL,CE,Combined TRACON& Tower with Radar,8,13,32,0,53,0,2,10,0,12,8,15,42,0,65,20,0,20,85
12/09/2014,TOL,OH,AGL,CE,Combined TRACON& Tower with Radar,6,11,16,14,47,0,2,2,0,4,6,13,18,14,51,4,0,4,55
12/10/2014,TOL,OH,AGL,CE,Combined TRACON& Tower with Radar,4,20,35,8,67,0,2,12,0,14,4,22,47,8,81,2,24,26,107
12/11/2014,TOL,OH,AGL,CE,Combined TRACON& Tower with Radar,7,16,32,13,68,0,6,18,4,28,7,22,50,17,96,31,30,61,157
12/12/2014,TOL,OH,AGL,CE,Combined TRACON& Tower with Radar,11,18,17,14,60,0,1,2,0,3,11,19,19,14,63,0,8,8,71
12/13/2014,TOL,OH,AGL,CE,Combined TRACON& Tower with Radar,3,10,2,1,16,0,0,4,0,4,3,10,6,1,20,4,0,4,24
12/14/2014,TOL,OH,AGL,CE,Combined TRACON& Tower with Radar,2,9,20,0,31,0,0,7,0,7,2,9,27,0,38,22,0,22,60
12/15/2014,TOL,OH,AGL,CE,Combined TRACON& Tower with Radar,10,11,26,0,47,0,1,1,0,2,10,12,27,0,49,0,0,0,49
12/16/2014,TOL,OH,AGL,CE,Combined TRACON& Tower with Radar,7,14,24,5,50,0,0,6,0,6,7,14,30,5,56,2,0,2,58
12/17/2014,TOL,OH,AGL,CE,Combined TRACON& Tower with Radar,7,20,24,9,60,0,2,8,0,10,7,22,32,9,70,6,28,34,104
12/18/2014,TOL,OH,AGL,CE,Combined TRACON& Tower with Radar,9,11,43,6,69,0,3,6,0,9,9,14,49,6,78,22,2,24,102
12/19/2014,TOL,OH,AGL,CE,Combined TRACON& Tower with Radar,11,2,4,4,21,0,0,1,0,1,11,2,5,4,22,0,4,4,26
12/20/2014,TOL,OH,AGL,CE,Combined TRACON& Tower with Radar,3,11,15,0,29,0,0,5,0,5,3,11,20,0,34,12,0,12,46
12/21/2014,TOL,OH,AGL,CE,Combined TRACON& Tower with Radar,2,9,20,0,31,0,0,7,0,7,2,9,27,0,38,20,0,20,58
12/22/2014,TOL,OH,AGL,CE,Combined TRACON& Tower with Radar,7,15,24,5,51,0,0,23,0,23,7,15,47,5,74,18,12,30,104
12/23/2014,TOL,OH,AGL,CE,Combined TRACON& Tower with Radar,11,12,15,20,58,0,1,9,0,10,11,13,24,20,68,20,6,26,94
12/24/2014,TOL,OH,AGL,CE,Combined TRACON& Tower with Radar,8,3,1,0,12,0,0,0,0,0,8,3,1,0,12,0,0,0,12
12/25/2014,TOL,OH,AGL,CE,Combined TRACON& Tower with Radar,3,4,1,0,8,0,1,4,0,5,3,5,5,0,13,6,0,6,19
12/26/2014,TOL,OH,AGL,CE,Combined TRACON& Tower with Radar,7,14,11,0,32,0,0,30,0,30,7,14,41,0,62,8,0,8,70
12/27/2014,TOL,OH,AGL,CE,Combined TRACON& Tower with Radar,2,9,5,0,16,0,0,2,0,2,2,9,7,0,18,2,0,2,20
12/28/2014,TOL,OH,AGL,CE,Combined TRACON& Tower with Radar,8,10,8,0,26,0,2,13,0,15,8,12,21,0,41,6,0,6,47
12/29/2014,TOL,OH,AGL,CE,Combined TRACON& Tower with Radar,5,10,12,8,35,0,2,15,0,17,5,12,27,8,52,8,12,20,72
12/30/2014,TOL,OH,AGL,CE,Combined TRACON& Tower with Radar,7,8,21,13,49,0,2,11,0,13,7,10,32,13,62,2,10,12,74
12/31/2014,TOL,OH,AGL,CE,Combined TRACON& Tower with Radar,15,6,3,0,24,0,1,4,0,5,15,7,7,0,29,0,0,0,29
01/01/2015,TOL,OH,AGL,CE,Combined TRACON& Tower with Radar,0,5,4,0,9,0,0,1,0,1,0,5,5,0,10,2,0,2,12
01/02/2015,TOL,OH,AGL,CE,Combined TRACON& Tower with Radar,11,7,17,0,35,0,5,28,0,33,11,12,45,0,68,28,0,28,96
01/03/2015,TOL,OH,AGL,CE,Combined TRACON& Tower with Radar,3,12,4,0,19,0,0,0,0,0,3,12,4,0,19,0,0,0,19
01/04/2015,TOL,OH,AGL,CE,Combined TRACON& Tower with Radar,4,3,4,0,11,0,1,1,0,2,4,4,5,0,13,0,0,0,13
01/05/2015,TOL,OH,AGL,CE,Combined TRACON& Tower with Radar,8,10,20,2,40,0,1,1,0,2,8,11,21,2,42,0,0,0,42
01/06/2015,TOL,OH,AGL,CE,Combined TRACON& Tower with Radar,11,12,19,0,42,0,1,1,0,2,11,13,20,0,44,0,0,0,44
01/07/2015,TOL,OH,AGL,CE,Combined TRACON& Tower with Radar,4,12,25,7,48,0,1,5,0,6,4,13,30,7,54,0,2,2,56
01/08/2015,TOL,OH,AGL,CE,Combined TRACON& Tower with Radar,6,3,31,7,47,0,1,6,0,7,6,4,37,7,54,0,12,12,66
01/09/2015,TOL,OH,AGL,CE,Combined TRACON& Tower with Radar,8,14,15,1,38,0,4,8,0,12,8,18,23,1,50,6,0,6,56
01/10/2015,TOL,OH,AGL,CE,Combined TRACON& Tower with Radar,3,7,10,0,20,0,4,8,0,12,3,11,18,0,32,4,0,4,36
01/11/2015,TOL,OH,AGL,CE,Combined TRACON& Tower with Radar,2,5,15,0,22,0,0,10,0,10,2,5,25,0,32,6,0,6,38
01/12/2015,TOL,OH,AGL,CE,Combined TRACON& Tower with Radar,7,5,14,0,26,0,1,1,0,2,7,6,15,0,28,0,0,0,28
01/13/2015,TOL,OH,AGL,CE,Combined TRACON& Tower with Radar,6,10,32,0,48,0,0,6,0,6,6,10,38,0,54,12,0,12,66
01/14/2015,TOL,OH,AGL,CE,Combined TRACON& Tower with Radar,4,12,18,0,34,0,1,7,0,8,4,13,25,0,42,4,0,4,46
01/15/2015,TOL,OH,AGL,CE,Combined TRACON& Tower with Radar,6,8,14,6,34,0,1,17,0,18,6,9,31,6,52,16,10,26,78
01/16/2015,TOL,OH,AGL,CE,Combined TRACON& Tower with Radar,8,14,21,0,43,0,1,13,0,14,8,15,34,0,57,20,0,20,77
01/17/2015,TOL,OH,AGL,CE,Combined TRACON& Tower with Radar,1,5,11,0,17,0,2,8,0,10,1,7,19,0,27,8,0,8,35
01/18/2015,TOL,OH,AGL,CE,Combined TRACON& Tower with Radar,2,7,6,0,15,0,1,5,0,6,2,8,11,0,21,2,0,2,23
01/19/2015,TOL,OH,AGL,CE,Combined TRACON& Tower with Radar,5,10,31,0,46,0,2,23,0,25,5,12,54,0,71,4,0,4,75
01/20/2015,TOL,OH,AGL,CE,Combined TRACON& Tower with Radar,5,16,16,2,39,0,0,0,0,0,5,16,16,2,39,0,0,0,39
01/21/2015,TOL,OH,AGL,CE,Combined TRACON& Tower with Radar,5,7,12,0,24,0,0,0,0,0,5,7,12,0,24,0,0,0,24
01/22/2015,TOL,OH,AGL,CE,Combined TRACON& Tower with Radar,8,12,21,0,41,0,0,11,0,11,8,12,32,0,52,22,0,22,74
01/23/2015,TOL,OH,AGL,CE,Combined TRACON& Tower with Radar,8,8,24,12,52,0,2,8,0,10,8,10,32,12,62,6,8,14,76
01/24/2015,TOL,OH,AGL,CE,Combined TRACON& Tower with Radar,1,8,7,5,21,0,0,3,0,3,1,8,10,5,24,4,0,4,28
01/25/2015,TOL,OH,AGL,CE,Combined TRACON& Tower with Radar,4,3,7,0,14,0,0,0,0,0,4,3,7,0,14,0,0,0,14
01/26/2015,TOL,OH,AGL,CE,Combined TRACON& Tower with Radar,5,10,31,0,46,0,3,19,0,22,5,13,50,0,68,36,0,36,104
01/27/2015,TOL,OH,AGL,CE,Combined TRACON& Tower with Radar,8,8,12,10,38,0,3,11,0,14,8,11,23,10,52,12,14,26,78
01/28/2015,TOL,OH,AGL,CE,Combined TRACON& Tower with Radar,4,12,32,10,58,0,3,27,0,30,4,15,59,10,88,22,20,42,130
01/29/2015,TOL,OH,AGL,CE,Combined TRACON& Tower with Radar,6,9,13,0,28,0,0,2,0,2,6,9,15,0,30,0,0,0,30
01/30/2015,TOL,OH,AGL,CE,Combined TRACON& Tower with Radar,8,8,26,10,52,0,2,17,0,19,8,10,43,10,71,26,10,36,107
01/31/2015,TOL,OH,AGL,CE,Combined TRACON& Tower with Radar,1,5,31,0,37,0,1,34,0,35,1,6,65,0,72,38,0,38,110
02/01/2015,TOL,OH,AGL,CE,Combined TRACON& Tower with Radar,2,1,0,0,3,0,0,0,0,0,2,1,0,0,3,0,0,0,3
02/02/2015,TOL,OH,AGL,CE,Combined TRACON& Tower with Radar,5,2,10,0,17,0,0,4,0,4,5,2,14,0,21,0,0,0,21
02/03/2015,TOL,OH,AGL,CE,Combined TRACON& Tower with Radar,5,5,29,6,45,0,1,7,0,8,5,6,36,6,53,6,8,14,67
02/04/2015,TOL,OH,AGL,CE,Combined TRACON& Tower with Radar,5,16,26,6,53,0,2,6,0,8,5,18,32,6,61,0,0,0,61
02/05/2015,TOL,OH,AGL,CE,Combined TRACON& Tower with Radar,6,15,27,3,51,0,3,10,1,14,6,18,37,4,65,14,0,14,79
02/06/2015,TOL,OH,AGL,CE,Combined TRACON& Tower with Radar,8,12,19,6,45,0,1,8,0,9,8,13,27,6,54,12,4,16,70
02/07/2015,TOL,OH,AGL,CE,Combined TRACON& Tower with Radar,1,6,8,10,25,0,4,13,1,18,1,10,21,11,43,8,16,24,67
02/08/2015,TOL,OH,AGL,CE,Combined TRACON& Tower with Radar,2,11,7,5,25,0,0,2,0,2,2,11,9,5,27,0,6,6,33
02/09/2015,TOL,OH,AGL,CE,Combined TRACON& Tower with Radar,5,13,13,0,31,0,2,3,0,5,5,15,16,0,36,0,0,0,36
02/10/2015,TOL,OH,AGL,CE,Combined TRACON& Tower with Radar,6,14,18,18,56,0,0,6,0,6,6,14,24,18,62,14,24,38,100
02/11/2015,TOL,OH,AGL,CE,Combined TRACON& Tower with Radar,6,8,23,5,42,0,0,0,0,0,6,8,23,5,42,4,12,16,58
02/12/2015,TOL,OH,AGL,CE,Combined TRACON& Tower with Radar,6,17,27,8,58,0,2,9,0,11,6,19,36,8,69,10,12,22,91
02/13/2015,TOL,OH,AGL,CE,Combined TRACON& Tower with Radar,8,12,22,0,42,0,0,7,0,7,8,12,29,0,49,8,0,8,57
02/14/2015,TOL,OH,AGL,CE,Combined TRACON& Tower with Radar,2,5,6,0,13,0,0,0,0,0,2,5,6,0,13,0,0,0,13
02/15/2015,TOL,OH,AGL,CE,Combined TRACON& Tower with Radar,2,5,12,0,19,0,5,11,0,16,2,10,23,0,35,26,0,26,61
02/16/2015,TOL,OH,AGL,CE,Combined TRACON& Tower with Radar,5,10,18,0,33,0,0,8,0,8,5,10,26,0,41,6,1,7,48
02/17/2015,TOL,OH,AGL,CE,Combined TRACON& Tower with Radar,4,13,20,13,50,0,2,10,1,13,4,15,30,14,63,2,12,14,77
02/18/2015,TOL,OH,AGL,CE,Combined TRACON& Tower with Radar,7,12,22,2,43,0,4,6,0,10,7,16,28,2,53,0,0,0,53
02/19/2015,TOL,OH,AGL,CE,Combined TRACON& Tower with Radar,7,8,14,7,36,0,1,7,0,8,7,9,21,7,44,2,0,2,46
02/20/2015,TOL,OH,AGL,CE,Combined TRACON& Tower with Radar,8,8,21,10,47,0,2,12,1,15,8,10,33,11,62,10,2,12,74
02/21/2015,TOL,OH,AGL,CE,Combined TRACON& Tower with Radar,3,7,2,0,12,0,0,4,0,4,3,7,6,0,16,2,0,2,18
02/22/2015,TOL,OH,AGL,CE,Combined TRACON& Tower with Radar,8,6,12,0,26,0,0,4,0,4,8,6,16,0,30,6,0,6,36
02/23/2015,TOL,OH,AGL,CE,Combined TRACON& Tower with Radar,5,6,29,0,40,0,0,20,0,20,5,6,49,0,60,20,0,20,80
02/24/2015,TOL,OH,AGL,CE,Combined TRACON& Tower with Radar,7,9,13,16,45,0,6,7,0,13,7,15,20,16,58,2,6,8,66
02/25/2015,TOL,OH,AGL,CE,Combined TRACON& Tower with Radar,4,11,31,11,57,0,0,5,1,6,4,11,36,12,63,17,2,19,82
02/26/2015,TOL,OH,AGL,CE,Combined TRACON& Tower with Radar,6,9,20,7,42,0,3,1,0,4,6,12,21,7,46,6,4,10,56
02/27/2015,TOL,OH,AGL,CE,Combined TRACON& Tower with Radar,8,12,19,11,50,0,2,13,1,16,8,14,32,12,66,4,8,12,78
02/28/2015,TOL,OH,AGL,CE,Combined TRACON& Tower with Radar,5,5,12,0,22,0,1,21,0,22,5,6,33,0,44,8,0,8,52
03/01/2015,TOL,OH,AGL,CE,Combined TRACON& Tower with Radar,3,7,2,0,12,0,2,1,0,3,3,9,3,0,15,0,0,0,15
03/02/2015,TOL,OH,AGL,CE,Combined TRACON& Tower with Radar,5,10,19,0,34,0,1,16,0,17,5,11,35,0,51,10,0,10,61
03/03/2015,TOL,OH,AGL,CE,Combined TRACON& Tower with Radar,5,6,22,0,33,0,2,1,0,3,5,8,23,0,36,0,0,0,36
03/04/2015,TOL,OH,AGL,CE,Combined TRACON& Tower with Radar,8,15,29,12,64,0,5,14,0,19,8,20,43,12,83,16,18,34,117
03/05/2015,TOL,OH,AGL,CE,Combined TRACON& Tower with Radar,13,17,18,12,60,0,3,16,1,20,13,20,34,13,80,16,8,24,104
03/06/2015,TOL,OH,AGL,CE,Combined TRACON& Tower with Radar,7,8,26,14,55,0,8,23,1,32,7,16,49,15,87,24,12,36,123
03/07/2015,TOL,OH,AGL,CE,Combined TRACON& Tower with Radar,4,5,11,9,29,0,3,12,0,15,4,8,23,9,44,4,6,10,54
03/08/2015,TOL,OH,AGL,CE,Combined TRACON& Tower with Radar,4,6,10,5,25,0,1,11,0,12,4,7,21,5,37,18,0,18,55
03/09/2015,TOL,OH,AGL,CE,Combined TRACON& Tower with Radar,5,6,31,0,42,0,1,21,0,22,5,7,52,0,64,8,0,8,72
03/10/2015,TOL,OH,AGL,CE,Combined TRACON& Tower with Radar,6,6,35,12,59,0,1,6,4,11,6,7,41,16,70,8,2,10,80
03/11/2015,TOL,OH,AGL,CE,Combined TRACON& Tower with Radar,10,7,34,2,53,0,1,22,0,23,10,8,56,2,76,24,0,24,100
03/12/2015,TOL,OH,AGL,CE,Combined TRACON& Tower with Radar,8,7,28,9,52,0,2,37,0,39,8,9,65,9,91,56,0,56,147
03/13/2015,TOL,OH,AGL,CE,Combined TRACON& Tower with Radar,8,10,36,10,64,0,6,3,0,9,8,16,39,10,73,6,0,6,79
03/14/2015,TOL,OH,AGL,CE,Combined TRACON& Tower with Radar,7,5,8,0,20,0,0,3,0,3,7,5,11,0,23,4,0,4,27
03/15/2015,TOL,OH,AGL,CE,Combined TRACON& Tower with Radar,4,8,20,0,32,0,4,20,2,26,4,12,40,2,58,32,0,32,90
03/16/2015,TOL,OH,AGL,CE,Combined TRACON& Tower with Radar,5,13,35,0,53,0,3,16,0,19,5,16,51,0,72,20,0,20,92
03/17/2015,TOL,OH,AGL,CE,Combined TRACON& Tower with Radar,6,16,15,14,51,0,1,5,0,6,6,17,20,14,57,2,0,2,59
03/18/2015,TOL,OH,AGL,CE,Combined TRACON& Tower with Radar,10,11,30,13,64,0,4,21,0,25,10,15,51,13,89,14,8,22,111
03/19/2015,TOL,OH,AGL,CE,Combined TRACON& Tower with Radar,8,14,21,17,60,0,1,21,0,22,8,15,42,17,82,8,4,12,94
03/20/2015,TOL,OH,AGL,CE,Combined TRACON& Tower with Radar,10,6,20,8,44,0,3,20,0,23,10,9,40,8,67,18,20,38,105
03/21/2015,TOL,OH,AGL,CE,Combined TRACON& Tower with Radar,5,7,26,0,38,0,0,9,0,9,5,7,35,0,47,16,0,16,63
03/22/2015,TOL,OH,AGL,CE,Combined TRACON& Tower with Radar,4,6,7,0,17,0,2,18,0,20,4,8,25,0,37,6,0,6,43
03/23/2015,TOL,OH,AGL,CE,Combined TRACON& Tower with Radar,5,1,20,0,26,0,0,19,0,19,5,1,39,0,45,10,0,10,55
03/24/2015,TOL,OH,AGL,CE,Combined TRACON& Tower with Radar,6,9,36,11,62,0,2,19,0,21,6,11,55,11,83,18,44,62,145
03/25/2015,TOL,OH,AGL,CE,Combined TRACON& Tower with Radar,10,8,19,9,46,0,3,6,1,10,10,11,25,10,56,0,0,0,56
03/26/2015,TOL,OH,AGL,CE,Combined TRACON& Tower with Radar,12,11,20,5,48,0,1,3,0,4,12,12,23,5,52,0,0,0,52
03/27/2015,TOL,OH,AGL,CE,Combined TRACON& Tower with Radar,8,9,18,15,50,0,3,17,0,20,8,12,35,15,70,20,6,26,96
03/28/2015,TOL,OH,AGL,CE,Combined TRACON& Tower with Radar,7,7,18,0,32,0,2,30,0,32,7,9,48,0,64,46,0,46,110
03/29/2015,TOL,OH,AGL,CE,Combined TRACON& Tower with Radar,4,13,6,0,23,0,1,3,0,4,4,14,9,0,27,4,0,4,31
03/30/2015,TOL,OH,AGL,CE,Combined TRACON& Tower with Radar,5,8,25,0,38,0,1,21,0,22,5,9,46,0,60,10,0,10,70
03/31/2015,TOL,OH,AGL,CE,Combined TRACON& Tower with Radar,8,9,28,10,55,0,1,13,0,14,8,10,41,10,69,0,14,14,83
04/01/2015,TOL,OH,AGL,CE,Combined TRACON& Tower with Radar,10,6,23,0,39,0,3,26,0,29,10,9,49,0,68,6,0,6,74
04/02/2015,TOL,OH,AGL,CE,Combined TRACON& Tower with Radar,8,11,19,4,42,0,0,8,0,8,8,11,27,4,50,2,2,4,54
04/03/2015,TOL,OH,AGL,CE,Combined TRACON& Tower with Radar,8,13,24,5,50,0,1,2,0,3,8,14,26,5,53,4,26,30,83
04/04/2015,TOL,OH,AGL,CE,Combined TRACON& Tower with Radar,7,9,15,0,31,0,2,17,0,19,7,11,32,0,50,8,0,8,58
04/05/2015,TOL,OH,AGL,CE,Combined TRACON& Tower with Radar,4,6,8,0,18,0,0,12,0,12,4,6,20,0,30,6,0,6,36
04/06/2015,TOL,OH,AGL,CE,Combined TRACON& Tower with Radar,7,6,21,0,34,0,0,3,0,3,7,6,24,0,37,2,0,2,39
04/07/2015,TOL,OH,AGL,CE,Combined TRACON& Tower with Radar,6,8,22,3,39,0,0,0,0,0,6,8,22,3,39,0,0,0,39
04/08/2015,TOL,OH,AGL,CE,Combined TRACON& Tower with Radar,6,13,17,0,36,0,0,0,0,0,6,13,17,0,36,0,0,0,36
04/09/2015,TOL,OH,AGL,CE,Combined TRACON& Tower with Radar,9,8,21,0,38,0,0,0,0,0,9,8,21,0,38,0,0,0,38
04/10/2015,TOL,OH,AGL,CE,Combined TRACON& Tower with Radar,11,9,19,16,55,0,2,1,0,3,11,11,20,16,58,2,18,20,78
04/11/2015,TOL,OH,AGL,CE,Combined TRACON& Tower with Radar,7,7,27,18,59,0,2,39,2,43,7,9,66,20,102,28,16,44,146
04/12/2015,TOL,OH,AGL,CE,Combined TRACON& Tower with Radar,4,8,25,3,40,0,0,21,2,23,4,8,46,5,63,16,4,20,83
04/13/2015,TOL,OH,AGL,CE,Combined TRACON& Tower with Radar,7,12,18,0,37,0,2,4,2,8,7,14,22,2,45,4,0,4,49
04/14/2015,TOL,OH,AGL,CE,Combined TRACON& Tower with Radar,6,7,40,18,71,0,5,41,0,46,6,12,81,18,117,18,10,28,145
04/15/2015,TOL,OH,AGL,CE,Combined TRACON& Tower with Radar,4,10,22,10,46,0,5,31,0,36,4,15,53,10,82,6,4,10,92
04/16/2015,TOL,OH,AGL,CE,Combined TRACON& Tower with Radar,6,9,36,17,68,0,2,7,2,11,6,11,43,19,79,6,8,14,93
04/17/2015,TOL,OH,AGL,CE,Combined TRACON& Tower with Radar,8,12,32,8,60,0,2,26,0,28,8,14,58,8,88,24,6,30,118
04/18/2015,TOL,OH,AGL,CE,Combined TRACON& Tower with Radar,3,12,23,0,38,0,2,15,0,17,3,14,38,0,55,2,0,2,57
04/19/2015,TOL,OH,AGL,CE,Combined TRACON& Tower with Radar,2,12,9,0,23,0,0,4,0,4,2,12,13,0,27,2,0,2,29
04/20/2015,TOL,OH,AGL,CE,Combined TRACON& Tower with Radar,7,7,13,0,27,0,0,0,0,0,7,7,13,0,27,0,0,0,27
04/21/2015,TOL,OH,AGL,CE,Combined TRACON& Tower with Radar,6,11,21,21,59,0,5,7,0,12,6,16,28,21,71,0,8,8,79
04/22/2015,TOL,OH,AGL,CE,Combined TRACON& Tower with Radar,6,13,20,17,56,0,3,12,0,15,6,16,32,17,71,2,14,16,87
04/23/2015,TOL,OH,AGL,CE,Combined TRACON& Tower with Radar,8,11,25,22,66,0,8,16,1,25,8,19,41,23,91,8,16,24,115
04/24/2015,TOL,OH,AGL,CE,Combined TRACON& Tower with Radar,8,13,23,6,50,0,1,28,0,29,8,14,51,6,79,44,6,50,129
04/25/2015,TOL,OH,AGL,CE,Combined TRACON& Tower with Radar,1,6,9,0,16,0,3,10,0,13,1,9,19,0,29,2,0,2,31
04/26/2015,TOL,OH,AGL,CE,Combined TRACON& Tower with Radar,2,9,21,0,32,0,5,15,0,20,2,14,36,0,52,14,0,14,66
04/27/2015,TOL,OH,AGL,CE,Combined TRACON& Tower with Radar,5,10,18,2,35,0,0,14,0,14,5,10,32,2,49,14,0,14,63
04/28/2015,TOL,OH,AGL,CE,Combined TRACON& Tower with Radar,4,15,30,9,58,0,1,20,0,21,4,16,50,9,79,8,4,12,91
04/29/2015,TOL,OH,AGL,CE,Combined TRACON& Tower with Radar,4,11,23,1,39,0,8,20,0,28,4,19,43,1,67,12,0,12,79
04/30/2015,TOL,OH,AGL,CE,Combined TRACON& Tower with Radar,6,15,20,1,42,0,2,5,0,7,6,17,25,1,49,4,0,4,53
05/01/2015,TOL,OH,AGL,CE,Combined TRACON& Tower with Radar,9,13,19,6,47,0,3,13,0,16,9,16,32,6,63,8,10,18,81
05/02/2015,TOL,OH,AGL,CE,Combined TRACON& Tower with Radar,2,11,10,0,23,0,2,28,1,31,2,13,38,1,54,18,0,18,72
05/03/2015,TOL,OH,AGL,CE,Combined TRACON& Tower with Radar,2,8,8,0,18,0,0,19,2,21,2,8,27,2,39,0,0,0,39
05/04/2015,TOL,OH,AGL,CE,Combined TRACON& Tower with Radar,5,12,24,0,41,0,2,3,0,5,5,14,27,0,46,6,0,6,52
05/05/2015,TOL,OH,AGL,CE,Combined TRACON& Tower with Radar,6,12,27,0,45,0,1,5,0,6,6,13,32,0,51,0,0,0,51
05/06/2015,TOL,OH,AGL,CE,Combined TRACON& Tower with Radar,6,13,21,2,42,0,0,3,0,3,6,13,24,2,45,0,4,4,49
05/07/2015,TOL,OH,AGL,CE,Combined TRACON& Tower with Radar,8,21,33,8,70,0,5,10,2,17,8,26,43,10,87,8,12,20,107
05/08/2015,TOL,OH,AGL,CE,Combined TRACON& Tower with Radar,8,15,10,2,35,0,4,11,1,16,8,19,21,3,51,0,2,2,53
05/09/2015,TOL,OH,AGL,CE,Combined TRACON& Tower with Radar,2,7,11,0,20,0,5,12,0,17,2,12,23,0,37,10,0,10,47
05/10/2015,TOL,OH,AGL,CE,Combined TRACON& Tower with Radar,2,9,7,0,18,0,1,2,0,3,2,10,9,0,21,0,0,0,21
05/11/2015,TOL,OH,AGL,CE,Combined TRACON& Tower with Radar,5,14,21,0,40,0,0,2,0,2,5,14,23,0,42,0,0,0,42
05/12/2015,TOL,OH,AGL,CE,Combined TRACON& Tower with Radar,7,10,19,7,43,0,2,16,7,25,7,12,35,14,68,14,8,22,90
05/13/2015,TOL,OH,AGL,CE,Combined TRACON& Tower with Radar,5,13,31,0,49,0,4,31,0,35,5,17,62,0,84,8,0,8,92
05/14/2015,TOL,OH,AGL,CE,Combined TRACON& Tower with Radar,6,17,41,4,68,0,3,27,4,34,6,20,68,8,102,16,0,16,118
05/15/2015,TOL,OH,AGL,CE,Combined TRACON& Tower with Radar,8,10,8,1,27,0,2,8,0,10,8,12,16,1,37,2,0,2,39
05/16/2015,TOL,OH,AGL,CE,Combined TRACON& Tower with Radar,1,5,9,10,25,0,1,6,1,8,1,6,15,11,33,10,2,12,45
05/17/2015,TOL,OH,AGL,CE,Combined TRACON& Tower with Radar,2,15,20,0,37,0,0,7,0,7,2,15,27,0,44,8,0,8,52
05/18/2015,TOL,OH,AGL,CE,Combined TRACON& Tower with Radar,5,13,25,6,49,0,0,7,0,7,5,13,32,6,56,8,4,12,68
05/19/2015,TOL,OH,AGL,CE,Combined TRACON& Tower with Radar,7,22,29,8,66,0,1,9,0,10,7,23,38,8,76,0,8,8,84
05/20/2015,TOL,OH,AGL,CE,Combined TRACON& Tower with Radar,6,15,27,11,59,0,3,22,0,25,6,18,49,11,84,10,8,18,102
05/21/2015,TOL,OH,AGL,CE,Combined TRACON& Tower with Radar,6,16,19,0,41,0,4,21,0,25,6,20,40,0,66,12,0,12,78
05/22/2015,TOL,OH,AGL,CE,Combined TRACON& Tower with Radar,8,12,18,0,38,0,0,19,0,19,8,12,37,0,57,14,0,14,71
05/23/2015,TOL,OH,AGL,CE,Combined TRACON& Tower with Radar,2,8,13,0,23,0,2,20,7,29,2,10,33,7,52,10,10,20,72
05/24/2015,TOL,OH,AGL,CE,Combined TRACON& Tower with Radar,2,5,11,0,18,0,0,13,0,13,2,5,24,0,31,0,0,0,31
05/25/2015,TOL,OH,AGL,CE,Combined TRACON& Tower with Radar,4,8,19,2,33,0,0,6,1,7,4,8,25,3,40,0,6,6,46
05/26/2015,TOL,OH,AGL,CE,Combined TRACON& Tower with Radar,3,8,18,13,42,0,1,3,4,8,3,9,21,17,50,0,6,6,56
05/27/2015,TOL,OH,AGL,CE,Combined TRACON& Tower with Radar,4,10,16,5,35,0,1,10,0,11,4,11,26,5,46,0,12,12,58
05/28/2015,TOL,OH,AGL,CE,Combined TRACON& Tower with Radar,5,16,47,11,79,0,2,21,5,28,5,18,68,16,107,30,12,42,149
05/29/2015,TOL,OH,AGL,CE,Combined TRACON& Tower with Radar,8,10,18,10,46,0,1,14,14,29,8,11,32,24,75,16,24,40,115
05/30/2015,TOL,OH,AGL,CE,Combined TRACON& Tower with Radar,1,8,5,1,15,0,1,8,0,9,1,9,13,1,24,0,0,0,24
05/31/2015,TOL,OH,AGL,CE,Combined TRACON& Tower with Radar,2,6,15,0,23,0,0,1,0,1,2,6,16,0,24,0,0,0,24
06/01/2015,TOL,OH,AGL,CE,Combined TRACON& Tower with Radar,5,9,22,0,36,0,0,21,0,21,5,9,43,0,57,2,0,2,59
06/02/2015,TOL,OH,AGL,CE,Combined TRACON& Tower with Radar,6,14,26,7,53,0,2,12,0,14,6,16,38,7,67,10,10,20,87
06/03/2015,TOL,OH,AGL,CE,Combined TRACON& Tower with Radar,7,15,28,8,58,0,1,18,0,19,7,16,46,8,77,0,28,28,105
06/04/2015,TOL,OH,AGL,CE,Combined TRACON& Tower with Radar,9,13,31,4,57,0,4,14,0,18,9,17,45,4,75,14,8,22,97
06/05/2015,TOL,OH,AGL,CE,Combined TRACON& Tower with Radar,8,9,18,18,53,0,2,15,0,17,8,11,33,18,70,20,12,32,102
06/06/2015,TOL,OH,AGL,CE,Combined TRACON& Tower with Radar,4,13,11,26,54,0,1,27,7,35,4,14,38,33,89,20,20,40,129
06/07/2015,TOL,OH,AGL,CE,Combined TRACON& Tower with Radar,3,7,10,18,38,0,1,3,2,6,3,8,13,20,44,0,40,40,84
06/08/2015,TOL,OH,AGL,CE,Combined TRACON& Tower with Radar,7,8,23,3,41,0,0,3,0,3,7,8,26,3,44,2,0,2,46
06/09/2015,TOL,OH,AGL,CE,Combined TRACON& Tower with Radar,4,24,15,6,49,0,3,23,0,26,4,27,38,6,75,32,16,48,123
06/10/2015,TOL,OH,AGL,CE,Combined TRACON& Tower with Radar,6,12,39,7,64,0,1,17,1,19,6,13,56,8,83,28,8,36,119
06/11/2015,TOL,OH,AGL,CE,Combined TRACON& Tower with Radar,6,19,32,8,65,0,3,16,6,25,6,22,48,14,90,8,34,42,132
06/12/2015,TOL,OH,AGL,CE,Combined TRACON& Tower with Radar,8,11,20,8,47,0,0,10,0,10,8,11,30,8,57,4,2,6,63
06/13/2015,TOL,OH,AGL,CE,Combined TRACON& Tower with Radar,1,11,15,0,27,0,0,1,0,1,1,11,16,0,28,10,0,10,38
06/14/2015,TOL,OH,AGL,CE,Combined TRACON& Tower with Radar,2,15,16,0,33,0,0,6,0,6,2,15,22,0,39,6,0,6,45
06/15/2015,TOL,OH,AGL,CE,Combined TRACON& Tower with Radar,5,11,19,0,35,0,0,8,2,10,5,11,27,2,45,8,0,8,53
06/16/2015,TOL,OH,AGL,CE,Combined TRACON& Tower with Radar,6,24,37,12,79,0,2,7,4,13,6,26,44,16,92,6,24,30,122
06/17/2015,TOL,OH,AGL,CE,Combined TRACON& Tower with Radar,4,20,34,11,69,0,2,4,0,6,4,22,38,11,75,8,16,24,99
06/18/2015,TOL,OH,AGL,CE,Combined TRACON& Tower with Radar,6,11,24,8,49,0,5,6,2,13,6,16,30,10,62,12,2,14,76
06/19/2015,TOL,OH,AGL,CE,Combined TRACON& Tower with Radar,8,12,14,10,44,0,3,24,0,27,8,15,38,10,71,6,18,24,95
06/20/2015,TOL,OH,AGL,CE,Combined TRACON& Tower with Radar,4,16,21,0,41,0,2,1,0,3,4,18,22,0,44,0,0,0,44
06/21/2015,TOL,OH,AGL,CE,Combined TRACON& Tower with Radar,2,13,12,1,28,0,1,5,0,6,2,14,17,1,34,6,0,6,40
06/22/2015,TOL,OH,AGL,CE,Combined TRACON& Tower with Radar,6,13,29,0,48,0,2,7,0,9,6,15,36,0,57,14,0,14,71
06/23/2015,TOL,OH,AGL,CE,Combined TRACON& Tower with Radar,8,14,12,14,48,0,1,27,1,29,8,15,39,15,77,12,30,42,119
06/24/2015,TOL,OH,AGL,CE,Combined TRACON& Tower with Radar,3,9,25,9,46,0,1,29,0,30,3,10,54,9,76,22,0,22,98
06/25/2015,TOL,OH,AGL,CE,Combined TRACON& Tower with Radar,8,12,25,6,51,0,2,2,0,4,8,14,27,6,55,0,0,0,55
06/26/2015,TOL,OH,AGL,CE,Combined TRACON& Tower with Radar,8,19,21,9,57,0,6,8,0,14,8,25,29,9,71,2,0,2,73
06/27/2015,TOL,OH,AGL,CE,Combined TRACON& Tower with Radar,4,6,4,0,14,0,0,1,0,1,4,6,5,0,15,0,0,0,15
06/28/2015,TOL,OH,AGL,CE,Combined TRACON& Tower with Radar,1,10,14,0,25,0,1,19,0,20,1,11,33,0,45,6,0,6,51
06/29/2015,TOL,OH,AGL,CE,Combined TRACON& Tower with Radar,6,13,17,2,38,0,8,11,0,19,6,21,28,2,57,2,0,2,59
06/30/2015,TOL,OH,AGL,CE,Combined TRACON& Tower with Radar,6,9,15,9,39,0,1,7,0,8,6,10,22,9,47,4,6,10,57
07/01/2015,TOL,OH,AGL,CE,Combined TRACON& Tower with Radar,7,12,25,13,57,0,3,10,1,14,7,15,35,14,71,8,2,10,81
07/02/2015,TOL,OH,AGL,CE,Combined TRACON& Tower with Radar,6,10,23,15,54,0,5,16,0,21,6,15,39,15,75,10,0,10,85
07/03/2015,TOL,OH,AGL,CE,Combined TRACON& Tower with Radar,9,7,20,0,36,0,5,12,0,17,9,12,32,0,53,14,0,14,67
07/04/2015,TOL,OH,AGL,CE,Combined TRACON& Tower with Radar,0,8,9,0,17,0,8,13,0,21,0,16,22,0,38,0,0,0,38
07/05/2015,TOL,OH,AGL,CE,Combined TRACON& Tower with Radar,2,7,15,2,26,0,9,21,0,30,2,16,36,2,56,20,0,20,76
07/06/2015,TOL,OH,AGL,CE,Combined TRACON& Tower with Radar,5,9,23,1,38,0,6,15,0,21,5,15,38,1,59,14,0,14,73
07/07/2015,TOL,OH,AGL,CE,Combined TRACON& Tower with Radar,6,8,12,15,41,0,1,6,0,7,6,9,18,15,48,4,0,4,52
07/08/2015,TOL,OH,AGL,CE,Combined TRACON& Tower with Radar,4,11,25,16,56,0,2,12,0,14,4,13,37,16,70,4,16,20,90
07/09/2015,TOL,OH,AGL,CE,Combined TRACON& Tower with Radar,8,14,33,6,61,0,2,2,0,4,8,16,35,6,65,2,0,2,67
07/10/2015,TOL,OH,AGL,CE,Combined TRACON& Tower with Radar,8,9,36,32,85,0,3,27,2,32,8,12,63,34,117,4,18,22,139
07/11/2015,TOL,OH,AGL,CE,Combined TRACON& Tower with Radar,1,10,12,16,39,0,0,20,1,21,1,10,32,17,60,14,8,22,82
07/12/2015,TOL,OH,AGL,CE,Combined TRACON& Tower with Radar,4,11,10,12,37,0,4,7,0,11,4,15,17,12,48,0,0,0,48
07/13/2015,TOL,OH,AGL,CE,Combined TRACON& Tower with Radar,5,11,33,0,49,0,1,3,0,4,5,12,36,0,53,0,0,0,53
07/14/2015,TOL,OH,AGL,CE,Combined TRACON& Tower with Radar,6,8,22,8,44,0,3,1,2,6,6,11,23,10,50,2,34,36,86
07/15/2015,TOL,OH,AGL,CE,Combined TRACON& Tower with Radar,4,13,37,12,66,0,5,37,0,42,4,18,74,12,108,24,20,44,152
07/16/2015,TOL,OH,AGL,CE,Combined TRACON& Tower with Radar,6,7,25,10,48,0,4,15,0,19,6,11,40,10,67,18,8,26,93
07/17/2015,TOL,OH,AGL,CE,Combined TRACON& Tower with Radar,8,9,18,12,47,0,3,13,0,16,8,12,31,12,63,10,0,10,73
07/18/2015,TOL,OH,AGL,CE,Combined TRACON& Tower with Radar,1,8,3,0,12,0,4,24,0,28,1,12,27,0,40,24,0,24,64
07/19/2015,TOL,OH,AGL,CE,Combined TRACON& Tower with Radar,2,11,32,0,45,0,6,14,2,22,2,17,46,2,67,4,0,4,71
07/20/2015,TOL,OH,AGL,CE,Combined TRACON& Tower with Radar,5,10,40,0,55,0,1,39,0,40,5,11,79,0,95,28,0,28,123
07/21/2015,TOL,OH,AGL,CE,Combined TRACON& Tower with Radar,6,14,26,13,59,0,8,23,6,37,6,22,49,19,96,4,24,28,124
07/22/2015,TOL,OH,AGL,CE,Combined TRACON& Tower with Radar,4,14,39,13,70,0,10,36,2,48,4,24,75,15,118,28,28,56,174
07/23/2015,TOL,OH,AGL,CE,Combined TRACON& Tower with Radar,6,10,23,2,41,0,3,26,0,29,6,13,49,2,70,16,0,16,86
07/24/2015,TOL,OH,AGL,CE,Combined TRACON& Tower with Radar,8,14,13,11,46,0,3,31,7,41,8,17,44,18,87,26,12,38,125
07/25/2015,TOL,OH,AGL,CE,Combined TRACON& Tower with Radar,1,14,11,0,26,0,2,24,0,26,1,16,35,0,52,16,0,16,68
07/26/2015,TOL,OH,AGL,CE,Combined TRACON& Tower with Radar,2,12,15,3,32,0,7,28,0,35,2,19,43,3,67,14,2,16,83
07/27/2015,TOL,OH,AGL,CE,Combined TRACON& Tower with Radar,5,9,31,4,49,0,6,22,0,28,5,15,53,4,77,8,0,8,85
07/28/2015,TOL,OH,AGL,CE,Combined TRACON& Tower with Radar,4,13,40,10,67,0,4,14,6,24,4,17,54,16,91,10,18,28,119
07/29/2015,TOL,OH,AGL,CE,Combined TRACON& Tower with Radar,4,11,22,10,47,0,0,24,6,30,4,11,46,16,77,10,0,10,87
07/30/2015,TOL,OH,AGL,CE,Combined TRACON& Tower with Radar,7,14,30,8,59,0,6,31,0,37,7,20,61,8,96,14,4,18,114
07/31/2015,TOL,OH,AGL,CE,Combined TRACON& Tower with Radar,8,11,16,10,45,0,2,9,0,11,8,13,25,10,56,12,10,22,78
08/01/2015,TOL,OH,AGL,CE,Combined TRACON& Tower with Radar,1,13,18,0,32,0,4,22,0,26,1,17,40,0,58,24,0,24,82
08/02/2015,TOL,OH,AGL,CE,Combined TRACON& Tower with Radar,2,10,15,1,28,0,2,13,0,15,2,12,28,1,43,10,0,10,53
08/03/2015,TOL,OH,AGL,CE,Combined TRACON& Tower with Radar,5,9,31,2,47,0,3,13,0,16,5,12,44,2,63,10,0,10,73
08/04/2015,TOL,OH,AGL,CE,Combined TRACON& Tower with Radar,7,8,24,11,50,0,5,17,0,22,7,13,41,11,72,2,32,34,106
08/05/2015,TOL,OH,AGL,CE,Combined TRACON& Tower with Radar,4,14,21,18,57,0,3,17,0,20,4,17,38,18,77,4,34,38,115
08/06/2015,TOL,OH,AGL,CE,Combined TRACON& Tower with Radar,6,13,34,11,64,0,2,13,2,17,6,15,47,13,81,22,8,30,111
08/07/2015,TOL,OH,AGL,CE,Combined TRACON& Tower with Radar,8,12,24,22,66,0,1,15,0,16,8,13,39,22,82,18,14,32,114
08/08/2015,TOL,OH,AGL,CE,Combined TRACON& Tower with Radar,1,9,10,10,30,0,1,24,4,29,1,10,34,14,59,16,12,28,87
08/09/2015,TOL,OH,AGL,CE,Combined TRACON& Tower with Radar,2,8,13,2,25,0,1,8,0,9,2,9,21,2,34,4,0,4,38
08/10/2015,TOL,OH,AGL,CE,Combined TRACON& Tower with Radar,4,9,27,1,41,0,2,6,0,8,4,11,33,1,49,6,0,6,55
08/11/2015,TOL,OH,AGL,CE,Combined TRACON& Tower with Radar,4,7,30,11,52,0,1,14,0,15,4,8,44,11,67,28,26,54,121
08/12/2015,TOL,OH,AGL,CE,Combined TRACON& Tower with Radar,4,15,42,11,72,0,5,20,1,26,4,20,62,12,98,4,12,16,114
08/13/2015,TOL,OH,AGL,CE,Combined TRACON& Tower with Radar,6,16,38,12,72,0,6,21,0,27,6,22,59,12,99,10,14,24,123
08/14/2015,TOL,OH,AGL,CE,Combined TRACON& Tower with Radar,9,15,20,23,67,0,2,9,3,14,9,17,29,26,81,6,16,22,103
08/15/2015,TOL,OH,AGL,CE,Combined TRACON& Tower with Radar,4,10,15,8,37,0,1,23,0,24,4,11,38,8,61,4,0,4,65
08/16/2015,TOL,OH,AGL,CE,Combined TRACON& Tower with Radar,2,8,13,0,23,0,1,19,0,20,2,9,32,0,43,12,0,12,55
08/17/2015,TOL,OH,AGL,CE,Combined TRACON& Tower with Radar,9,6,31,0,46,0,2,15,0,17,9,8,46,0,63,14,0,14,77
08/18/2015,TOL,OH,AGL,CE,Combined TRACON& Tower with Radar,8,9,24,16,57,0,6,23,0,29,8,15,47,16,86,12,20,32,118
08/19/2015,TOL,OH,AGL,CE,Combined TRACON& Tower with Radar,8,12,40,7,67,0,2,10,3,15,8,14,50,10,82,4,0,4,86
08/20/2015,TOL,OH,AGL,CE,Combined TRACON& Tower with Radar,4,18,43,16,81,0,4,13,0,17,4,22,56,16,98,22,12,34,132
08/21/2015,TOL,OH,AGL,CE,Combined TRACON& Tower with Radar,6,24,28,14,72,0,3,45,2,50,6,27,73,16,122,34,8,42,164
08/22/2015,TOL,OH,AGL,CE,Combined TRACON& Tower with Radar,2,27,7,0,36,0,2,28,0,30,2,29,35,0,66,14,0,14,80
08/23/2015,TOL,OH,AGL,CE,Combined TRACON& Tower with Radar,0,16,13,2,31,0,2,11,2,15,0,18,24,4,46,4,0,4,50
08/24/2015,TOL,OH,AGL,CE,Combined TRACON& Tower with Radar,4,11,29,1,45,0,1,11,1,13,4,12,40,2,58,20,0,20,78
08/25/2015,TOL,OH,AGL,CE,Combined TRACON& Tower with Radar,4,11,24,13,52,0,2,18,0,20,4,13,42,13,72,24,18,42,114
08/26/2015,TOL,OH,AGL,CE,Combined TRACON& Tower with Radar,4,13,63,14,94,0,3,19,0,22,4,16,82,14,116,22,2,24,140
08/27/2015,TOL,OH,AGL,CE,Combined TRACON& Tower with Radar,6,10,41,13,70,0,1,30,0,31,6,11,71,13,101,40,28,68,169
08/28/2015,TOL,OH,AGL,CE,Combined TRACON& Tower with Radar,9,16,15,14,54,0,1,21,0,22,9,17,36,14,76,4,2,6,82
08/29/2015,TOL,OH,AGL,CE,Combined TRACON& Tower with Radar,7,20,8,0,35,0,6,15,0,21,7,26,23,0,56,12,0,12,68
08/30/2015,TOL,OH,AGL,CE,Combined TRACON& Tower with Radar,0,12,22,0,34,0,2,7,0,9,0,14,29,0,43,24,0,24,67
08/31/2015,TOL,OH,AGL,CE,Combined TRACON& Tower with Radar,3,12,21,0,36,0,1,6,0,7,3,13,27,0,43,12,0,12,55
09/01/2015,TOL,OH,AGL,CE,Combined TRACON& Tower with Radar,4,8,22,12,46,0,1,5,1,7,4,9,27,13,53,6,26,32,85
09/02/2015,TOL,OH,AGL,CE,Combined TRACON& Tower with Radar,9,11,26,0,46,0,1,20,1,22,9,12,46,1,68,8,2,10,78
09/03/2015,TOL,OH,AGL,CE,Combined TRACON& Tower with Radar,6,11,41,8,66,0,1,11,0,12,6,12,52,8,78,20,6,26,104
09/04/2015,TOL,OH,AGL,CE,Combined TRACON& Tower with Radar,9,14,26,0,49,0,1,1,0,2,9,15,27,0,51,14,0,14,65
09/05/2015,TOL,OH,AGL,CE,Combined TRACON& Tower with Radar,5,15,15,0,35,0,1,17,0,18,5,16,32,0,53,18,0,18,71
09/06/2015,TOL,OH,AGL,CE,Combined TRACON& Tower with Radar,1,7,9,0,17,0,0,15,0,15,1,7,24,0,32,20,0,20,52
09/07/2015,TOL,OH,AGL,CE,Combined TRACON& Tower with Radar,2,10,19,0,31,0,0,11,0,11,2,10,30,0,42,14,0,14,56
09/08/2015,TOL,OH,AGL,CE,Combined TRACON& Tower with Radar,3,10,33,18,64,0,3,13,0,16,3,13,46,18,80,28,38,66,146
09/09/2015,TOL,OH,AGL,CE,Combined TRACON& Tower with Radar,3,15,42,14,74,0,1,20,2,23,3,16,62,16,97,32,26,58,155
09/10/2015,TOL,OH,AGL,CE,Combined TRACON& Tower with Radar,6,14,24,5,49,0,1,27,4,32,6,15,51,9,81,18,12,30,111
09/11/2015,TOL,OH,AGL,CE,Combined TRACON& Tower with Radar,11,14,28,10,63,0,3,5,0,8,11,17,33,10,71,10,6,16,87
09/12/2015,TOL,OH,AGL,CE,Combined TRACON& Tower with Radar,6,5,8,0,19,0,2,77,0,79,6,7,85,0,98,34,6,40,138
09/13/2015,TOL,OH,AGL,CE,Combined TRACON& Tower with Radar,1,11,21,2,35,0,4,117,1,122,1,15,138,3,157,144,6,150,307
09/14/2015,TOL,OH,AGL,CE,Combined TRACON& Tower with Radar,3,16,37,0,56,0,2,27,0,29,3,18,64,0,85,14,0,14,99
09/15/2015,TOL,OH,AGL,CE,Combined TRACON& Tower with Radar,6,15,18,6,45,0,2,25,0,27,6,17,43,6,72,20,12,32,104
09/16/2015,TOL,OH,AGL,CE,Combined TRACON& Tower with Radar,4,13,27,0,44,0,4,26,0,30,4,17,53,0,74,14,0,14,88
09/17/2015,TOL,OH,AGL,CE,Combined TRACON& Tower with Radar,4,10,27,4,45,0,3,15,4,22,4,13,42,8,67,8,20,28,95
09/18/2015,TOL,OH,AGL,CE,Combined TRACON& Tower with Radar,10,16,27,0,53,0,3,10,0,13,10,19,37,0,66,6,0,6,72
09/19/2015,TOL,OH,AGL,CE,Combined TRACON& Tower with Radar,4,7,8,0,19,0,1,3,0,4,4,8,11,0,23,4,0,4,27
09/20/2015,TOL,OH,AGL,CE,Combined TRACON& Tower with Radar,1,12,21,0,34,0,2,16,0,18,1,14,37,0,52,8,0,8,60
09/21/2015,TOL,OH,AGL,CE,Combined TRACON& Tower with Radar,3,13,24,0,40,0,3,16,0,19,3,16,40,0,59,14,0,14,73
09/22/2015,TOL,OH,AGL,CE,Combined TRACON& Tower with Radar,6,15,17,3,41,0,4,32,2,38,6,19,49,5,79,26,8,34,113
09/23/2015,TOL,OH,AGL,CE,Combined TRACON& Tower with Radar,4,10,22,3,39,0,4,16,0,20,4,14,38,3,59,8,6,14,73
09/24/2015,TOL,OH,AGL,CE,Combined TRACON& Tower with Radar,4,16,28,14,62,0,2,26,0,28,4,18,54,14,90,14,14,28,118
09/25/2015,TOL,OH,AGL,CE,Combined TRACON& Tower with Radar,8,10,32,13,63,0,2,18,0,20,8,12,50,13,83,14,12,26,109
09/26/2015,TOL,OH,AGL,CE,Combined TRACON& Tower with Radar,2,8,18,12,40,0,3,23,3,29,2,11,41,15,69,20,100,120,189
09/27/2015,TOL,OH,AGL,CE,Combined TRACON& Tower with Radar,1,9,7,5,22,0,2,15,0,17,1,11,22,5,39,18,0,18,57
09/28/2015,TOL,OH,AGL,CE,Combined TRACON& Tower with Radar,5,8,22,1,36,0,3,10,0,13,5,11,32,1,49,24,0,24,73
09/29/2015,TOL,OH,AGL,CE,Combined TRACON& Tower with Radar,6,18,9,18,51,0,3,7,0,10,6,21,16,18,61,4,48,52,113
09/30/2015,TOL,OH,AGL,CE,Combined TRACON& Tower with Radar,4,15,39,14,72,0,1,14,0,15,4,16,53,14,87,20,20,40,127
10/01/2015,TOL,OH,AGL,CE,Combined TRACON& Tower with Radar,6,10,21,2,39,0,1,6,2,9,6,11,27,4,48,4,30,34,82
10/02/2015,TOL,OH,AGL,CE,Combined TRACON& Tower with Radar,7,18,19,9,53,0,0,5,0,5,7,18,24,9,58,0,0,0,58
10/03/2015,TOL,OH,AGL,CE,Combined TRACON& Tower with Radar,1,6,6,0,13,0,2,2,0,4,1,8,8,0,17,0,0,0,17
10/04/2015,TOL,OH,AGL,CE,Combined TRACON& Tower with Radar,4,8,15,1,28,0,2,16,0,18,4,10,31,1,46,10,0,10,56
10/05/2015,TOL,OH,AGL,CE,Combined TRACON& Tower with Radar,5,8,33,0,46,0,2,20,0,22,5,10,53,0,68,20,0,20,88
10/06/2015,TOL,OH,AGL,CE,Combined TRACON& Tower with Radar,0,12,37,1,50,0,4,4,0,8,0,16,41,1,58,8,0,8,66
10/07/2015,TOL,OH,AGL,CE,Combined TRACON& Tower with Radar,2,8,24,4,38,0,0,27,0,27,2,8,51,4,65,14,0,14,79
10/08/2015,TOL,OH,AGL,CE,Combined TRACON& Tower with Radar,2,8,16,11,37,0,0,21,0,21,2,8,37,11,58,18,24,42,100
10/09/2015,TOL,OH,AGL,CE,Combined TRACON& Tower with Radar,9,9,24,0,42,0,4,13,0,17,9,13,37,0,59,6,2,8,67
10/10/2015,TOL,OH,AGL,CE,Combined TRACON& Tower with Radar,3,11,7,0,21,0,1,24,0,25,3,12,31,0,46,0,0,0,46
10/11/2015,TOL,OH,AGL,CE,Combined TRACON& Tower with Radar,3,13,17,0,33,0,0,20,0,20,3,13,37,0,53,8,0,8,61
10/12/2015,TOL,OH,AGL,CE,Combined TRACON& Tower with Radar,4,10,31,0,45,0,1,18,0,19,4,11,49,0,64,8,0,8,72
10/13/2015,TOL,OH,AGL,CE,Combined TRACON& Tower with Radar,4,11,30,12,57,0,1,5,1,7,4,12,35,13,64,0,10,10,74
10/14/2015,TOL,OH,AGL,CE,Combined TRACON& Tower with Radar,2,14,36,6,58,0,6,16,0,22,2,20,52,6,80,12,4,16,96
10/15/2015,TOL,OH,AGL,CE,Combined TRACON& Tower with Radar,6,11,28,12,57,0,1,12,3,16,6,12,40,15,73,2,12,14,87
10/16/2015,TOL,OH,AGL,CE,Combined TRACON& Tower with Radar,7,18,21,24,70,0,2,11,0,13,7,20,32,24,83,14,50,64,147
10/17/2015,TOL,OH,AGL,CE,Combined TRACON& Tower with Radar,1,14,13,16,44,0,0,20,1,21,1,14,33,17,65,12,27,39,104
10/18/2015,TOL,OH,AGL,CE,Combined TRACON& Tower with Radar,2,12,16,7,37,0,1,20,0,21,2,13,36,7,58,14,6,20,78
10/19/2015,TOL,OH,AGL,CE,Combined TRACON& Tower with Radar,4,10,22,0,36,0,0,17,0,17,4,10,39,0,53,26,0,26,79
10/20/2015,TOL,OH,AGL,CE,Combined TRACON& Tower with Radar,3,7,18,16,44,0,0,8,3,11,3,7,26,19,55,2,6,8,63
10/21/2015,TOL,OH,AGL,CE,Combined TRACON& Tower with Radar,0,12,29,9,50,0,2,12,5,19,0,14,41,14,69,4,6,10,79
10/22/2015,TOL,OH,AGL,CE,Combined TRACON& Tower with Radar,2,13,25,16,56,0,3,10,1,14,2,16,35,17,70,4,18,22,92
10/23/2015,TOL,OH,AGL,CE,Combined TRACON& Tower with Radar,7,11,20,9,47,0,1,10,3,14,7,12,30,12,61,24,0,24,85
10/24/2015,TOL,OH,AGL,CE,Combined TRACON& Tower with Radar,3,6,9,0,18,0,1,7,0,8,3,7,16,0,26,8,0,8,34
10/25/2015,TOL,OH,AGL,CE,Combined TRACON& Tower with Radar,3,13,14,0,30,0,1,21,0,22,3,14,35,0,52,42,0,42,94
10/26/2015,TOL,OH,AGL,CE,Combined TRACON& Tower with Radar,6,11,32,0,49,0,3,28,0,31,6,14,60,0,80,36,2,38,118
10/27/2015,TOL,OH,AGL,CE,Combined TRACON& Tower with Radar,3,14,30,12,59,0,0,20,0,20,3,14,50,12,79,10,7,17,96
10/28/2015,TOL,OH,AGL,CE,Combined TRACON& Tower with Radar,4,10,21,10,45,0,0,0,0,0,4,10,21,10,45,0,0,0,45
10/29/2015,TOL,OH,AGL,CE,Combined TRACON& Tower with Radar,10,11,28,18,67,0,2,4,0,6,10,13,32,18,73,10,0,10,83
10/30/2015,TOL,OH,AGL,CE,Combined TRACON& Tower with Radar,5,12,22,6,45,0,3,28,0,31,5,15,50,6,76,8,6,14,90
10/31/2015,TOL,OH,AGL,CE,Combined TRACON& Tower with Radar,1,8,13,0,22,0,1,6,0,7,1,9,19,0,29,8,0,8,37
11/01/2015,TOL,OH,AGL,CE,Combined TRACON& Tower with Radar,2,6,12,0,20,0,0,7,0,7,2,6,19,0,27,8,0,8,35
11/02/2015,TOL,OH,AGL,CE,Combined TRACON& Tower with Radar,8,10,24,0,42,0,3,25,0,28,8,13,49,0,70,77,0,77,147
11/03/2015,TOL,OH,AGL,CE,Combined TRACON& Tower with Radar,3,12,31,15,61,0,2,19,0,21,3,14,50,15,82,18,32,50,132
11/04/2015,TOL,OH,AGL,CE,Combined TRACON& Tower with Radar,3,9,22,13,47,0,3,18,1,22,3,12,40,14,69,19,30,49,118
11/05/2015,TOL,OH,AGL,CE,Combined TRACON& Tower with Radar,3,11,30,16,60,0,2,14,0,16,3,13,44,16,76,28,16,44,120
11/06/2015,TOL,OH,AGL,CE,Combined TRACON& Tower with Radar,9,13,11,26,59,0,0,3,0,3,9,13,14,26,62,2,30,32,94
11/07/2015,TOL,OH,AGL,CE,Combined TRACON& Tower with Radar,2,11,13,24,50,0,1,15,0,16,2,12,28,24,66,20,19,39,105
11/08/2015,TOL,OH,AGL,CE,Combined TRACON& Tower with Radar,2,10,24,3,39,0,2,30,0,32,2,12,54,3,71,14,2,16,87
11/09/2015,TOL,OH,AGL,CE,Combined TRACON& Tower with Radar,10,8,31,0,49,0,2,24,0,26,10,10,55,0,75,30,0,30,105
11/10/2015,TOL,OH,AGL,CE,Combined TRACON& Tower with Radar,9,9,33,14,65,1,2,4,0,7,10,11,37,14,72,0,14,14,86
11/11/2015,TOL,OH,AGL,CE,Combined TRACON& Tower with Radar,2,11,30,0,43,1,2,14,0,17,3,13,44,0,60,27,0,27,87
11/12/2015,TOL,OH,AGL,CE,Combined TRACON& Tower with Radar,9,17,20,13,59,0,2,1,0,3,9,19,21,13,62,8,0,8,70
11/13/2015,TOL,OH,AGL,CE,Combined TRACON& Tower with Radar,7,18,18,25,68,0,2,10,1,13,7,20,28,26,81,0,73,73,154
11/14/2015,TOL,OH,AGL,CE,Combined TRACON& Tower with Radar,9,22,11,0,42,0,4,30,0,34,9,26,41,0,76,12,0,12,88
11/15/2015,TOL,OH,AGL,CE,Combined TRACON& Tower with Radar,2,7,19,0,28,0,2,17,0,19,2,9,36,0,47,19,0,19,66
11/16/2015,TOL,OH,AGL,CE,Combined TRACON& Tower with Radar,4,12,30,0,46,0,5,22,0,27,4,17,52,0,73,14,0,14,87
11/17/2015,TOL,OH,AGL,CE,Combined TRACON& Tower with Radar,7,23,26,14,70,0,2,12,0,14,7,25,38,14,84,30,3,33,117
11/18/2015,TOL,OH,AGL,CE,Combined TRACON& Tower with Radar,3,13,31,1,48,0,3,4,0,7,3,16,35,1,55,4,2,6,61
11/19/2015,TOL,OH,AGL,CE,Combined TRACON& Tower with Radar,6,7,28,15,56,0,0,11,0,11,6,7,39,15,67,0,11,11,78
11/20/2015,TOL,OH,AGL,CE,Combined TRACON& Tower with Radar,7,18,26,11,62,0,2,16,0,18,7,20,42,11,80,6,13,19,99
11/21/2015,TOL,OH,AGL,CE,Combined TRACON& Tower with Radar,4,5,7,0,16,0,2,2,0,4,4,7,9,0,20,18,4,22,42
11/22/2015,TOL,OH,AGL,CE,Combined TRACON& Tower with Radar,4,9,8,0,21,0,1,11,0,12,4,10,19,0,33,14,0,14,47
11/23/2015,TOL,OH,AGL,CE,Combined TRACON& Tower with Radar,8,11,28,8,55,0,2,11,0,13,8,13,39,8,68,34,18,52,120
11/24/2015,TOL,OH,AGL,CE,Combined TRACON& Tower with Radar,2,13,29,12,56,0,0,18,0,18,2,13,47,12,74,32,22,54,128
11/25/2015,TOL,OH,AGL,CE,Combined TRACON& Tower with Radar,8,11,29,6,54,0,1,22,0,23,8,12,51,6,77,34,22,56,133
11/26/2015,TOL,OH,AGL,CE,Combined TRACON& Tower with Radar,2,4,2,0,8,0,1,3,0,4,2,5,5,0,12,4,0,4,16
11/27/2015,TOL,OH,AGL,CE,Combined TRACON& Tower with Radar,0,4,11,0,15,0,1,2,0,3,0,5,13,0,18,2,0,2,20
11/28/2015,TOL,OH,AGL,CE,Combined TRACON& Tower with Radar,4,5,12,0,21,0,3,2,0,5,4,8,14,0,26,0,0,0,26
11/29/2015,TOL,OH,AGL,CE,Combined TRACON& Tower with Radar,5,7,24,0,36,1,2,27,0,30,6,9,51,0,66,18,0,18,84
11/30/2015,TOL,OH,AGL,CE,Combined TRACON& Tower with Radar,6,7,29,0,42,0,0,6,6,12,6,7,35,6,54,2,0,2,56
12/01/2015,TOL,OH,AGL,CE,Combined TRACON& Tower with Radar,6,11,16,10,43,0,1,2,0,3,6,12,18,10,46,4,0,4,50
12/02/2015,TOL,OH,AGL,CE,Combined TRACON& Tower with Radar,2,11,17,13,43,0,0,5,1,6,2,11,22,14,49,0,17,17,66
12/03/2015,TOL,OH,AGL,CE,Combined TRACON& Tower with Radar,4,11,24,11,50,1,1,2,1,5,5,12,26,12,55,4,10,14,69
12/04/2015,TOL,OH,AGL,CE,Combined TRACON& Tower with Radar,5,13,16,6,40,0,1,5,0,6,5,14,21,6,46,16,0,16,62
12/05/2015,TOL,OH,AGL,CE,Combined TRACON& Tower with Radar,2,9,9,6,26,0,0,0,0,0,2,9,9,6,26,6,0,6,32
12/06/2015,TOL,OH,AGL,CE,Combined TRACON& Tower with Radar,3,18,23,0,44,0,0,17,0,17,3,18,40,0,61,30,0,30,91
12/07/2015,TOL,OH,AGL,CE,Combined TRACON& Tower with Radar,6,17,44,0,67,0,0,3,0,3,6,17,47,0,70,12,0,12,82
12/08/2015,TOL,OH,AGL,CE,Combined TRACON& Tower with Radar,5,14,25,6,50,0,2,15,0,17,5,16,40,6,67,10,0,10,77
12/09/2015,TOL,OH,AGL,CE,Combined TRACON& Tower with Radar,1,18,54,8,81,0,2,13,1,16,1,20,67,9,97,26,2,28,125
12/10/2015,TOL,OH,AGL,CE,Combined TRACON& Tower with Radar,4,23,43,14,84,0,0,14,0,14,4,23,57,14,98,14,28,42,140
12/11/2015,TOL,OH,AGL,CE,Combined TRACON& Tower with Radar,7,16,38,9,70,0,5,23,6,34,7,21,61,15,104,14,12,26,130
12/12/2015,TOL,OH,AGL,CE,Combined TRACON& Tower with Radar,0,9,19,0,28,0,1,3,2,6,0,10,22,2,34,12,0,12,46
12/13/2015,TOL,OH,AGL,CE,Combined TRACON& Tower with Radar,2,13,19,1,35,0,1,7,0,8,2,14,26,1,43,6,0,6,49
12/14/2015,TOL,OH,AGL,CE,Combined TRACON& Tower with Radar,5,9,17,1,32,1,0,0,0,1,6,9,17,1,33,14,0,14,47
12/15/2015,TOL,OH,AGL,CE,Combined TRACON& Tower with Radar,4,11,45,12,72,0,1,11,1,13,4,12,56,13,85,18,0,18,103
12/16/2015,TOL,OH,AGL,CE,Combined TRACON& Tower with Radar,5,11,31,12,59,0,2,11,0,13,5,13,42,12,72,8,0,8,80
12/17/2015,TOL,OH,AGL,CE,Combined TRACON& Tower with Radar,4,15,28,18,65,0,1,19,0,20,4,16,47,18,85,18,8,26,111
12/18/2015,TOL,OH,AGL,CE,Combined TRACON& Tower with Radar,12,13,12,6,43,0,2,5,0,7,12,15,17,6,50,0,6,6,56
12/19/2015,TOL,OH,AGL,CE,Combined TRACON& Tower with Radar,8,11,5,0,24,0,1,5,0,6,8,12,10,0,30,0,0,0,30
12/20/2015,TOL,OH,AGL,CE,Combined TRACON& Tower with Radar,6,12,18,0,36,0,3,10,0,13,6,15,28,0,49,22,0,22,71
12/21/2015,TOL,OH,AGL,CE,Combined TRACON& Tower with Radar,5,16,15,10,46,1,1,2,0,4,6,17,17,10,50,0,6,6,56
12/22/2015,TOL,OH,AGL,CE,Combined TRACON& Tower with Radar,10,12,20,12,54,0,0,7,0,7,10,12,27,12,61,12,24,36,97
12/23/2015,TOL,OH,AGL,CE,Combined TRACON& Tower with Radar,14,9,16,5,44,0,1,1,0,2,14,10,17,5,46,8,10,18,64
12/24/2015,TOL,OH,AGL,CE,Combined TRACON& Tower with Radar,5,6,13,0,24,0,2,17,0,19,5,8,30,0,43,20,0,20,63
12/25/2015,TOL,OH,AGL,CE,Combined TRACON& Tower with Radar,2,10,4,0,16,0,1,12,0,13,2,11,16,0,29,10,0,10,39
12/26/2015,TOL,OH,AGL,CE,Combined TRACON& Tower with Radar,0,8,6,0,14,0,1,1,0,2,0,9,7,0,16,0,0,0,16
12/27/2015,TOL,OH,AGL,CE,Combined TRACON& Tower with Radar,6,9,7,0,22,0,1,3,0,4,6,10,10,0,26,2,0,2,28
12/28/2015,TOL,OH,AGL,CE,Combined TRACON& Tower with Radar,6,6,5,0,17,0,0,1,0,1,6,6,6,0,18,0,0,0,18
12/29/2015,TOL,OH,AGL,CE,Combined TRACON& Tower with Radar,6,6,9,13,34,0,2,6,0,8,6,8,15,13,42,0,24,24,66
12/30/2015,TOL,OH,AGL,CE,Combined TRACON& Tower with Radar,2,6,7,15,30,0,3,10,0,13,2,9,17,15,43,4,0,4,47
12/31/2015,TOL,OH,AGL,CE,Combined TRACON& Tower with Radar,6,5,15,0,26,0,3,12,0,15,6,8,27,0,41,0,0,0,41
01/01/2016,TOL,OH,AGL,CE,Combined TRACON& Tower with Radar,0,5,1,0,6,0,6,0,0,6,0,11,1,0,12,0,0,0,12
01/02/2016,TOL,OH,AGL,CE,Combined TRACON& Tower with Radar,2,7,14,0,23,0,5,17,0,22,2,12,31,0,45,12,0,12,57
01/03/2016,TOL,OH,AGL,CE,Combined TRACON& Tower with Radar,4,7,8,0,19,0,3,7,0,10,4,10,15,0,29,0,0,0,29
01/04/2016,TOL,OH,AGL,CE,Combined TRACON& Tower with Radar,4,11,15,0,30,0,3,8,0,11,4,14,23,0,41,10,0,10,51
01/05/2016,TOL,OH,AGL,CE,Combined TRACON& Tower with Radar,0,6,20,30,56,0,2,19,1,22,0,8,39,31,78,18,56,74,152
01/06/2016,TOL,OH,AGL,CE,Combined TRACON& Tower with Radar,0,9,19,24,52,0,0,17,0,17,0,9,36,24,69,20,29,49,118
01/07/2016,TOL,OH,AGL,CE,Combined TRACON& Tower with Radar,2,8,20,13,43,0,2,27,1,30,2,10,47,14,73,0,0,0,73
01/08/2016,TOL,OH,AGL,CE,Combined TRACON& Tower with Radar,4,7,12,10,33,0,0,2,0,2,4,7,14,10,35,0,0,0,35
01/09/2016,TOL,OH,AGL,CE,Combined TRACON& Tower with Radar,0,6,24,12,42,0,0,2,0,2,0,6,26,12,44,26,0,26,70
01/10/2016,TOL,OH,AGL,CE,Combined TRACON& Tower with Radar,2,7,2,0,11,0,0,0,0,0,2,7,2,0,11,0,0,0,11
01/11/2016,TOL,OH,AGL,CE,Combined TRACON& Tower with Radar,4,7,21,0,32,0,1,6,1,8,4,8,27,1,40,0,0,0,40
01/12/2016,TOL,OH,AGL,CE,Combined TRACON& Tower with Radar,2,7,24,0,33,0,1,2,0,3,2,8,26,0,36,0,0,0,36
01/13/2016,TOL,OH,AGL,CE,Combined TRACON& Tower with Radar,1,11,31,0,43,0,1,5,0,6,1,12,36,0,49,4,0,4,53
01/14/2016,TOL,OH,AGL,CE,Combined TRACON& Tower with Radar,3,12,36,20,71,0,0,15,0,15,3,12,51,20,86,16,26,42,128
01/15/2016,TOL,OH,AGL,CE,Combined TRACON& Tower with Radar,5,10,28,0,43,0,4,9,0,13,5,14,37,0,56,2,0,2,58
01/16/2016,TOL,OH,AGL,CE,Combined TRACON& Tower with Radar,0,5,10,0,15,0,0,4,0,4,0,5,14,0,19,19,0,19,38
01/17/2016,TOL,OH,AGL,CE,Combined TRACON& Tower with Radar,2,10,16,0,28,0,4,5,0,9,2,14,21,0,37,0,0,0,37
01/18/2016,TOL,OH,AGL,CE,Combined TRACON& Tower with Radar,4,8,20,0,32,0,0,4,0,4,4,8,24,0,36,0,0,0,36
01/19/2016,TOL,OH,AGL,CE,Combined TRACON& Tower with Radar,0,13,38,6,57,0,2,34,1,37,0,15,72,7,94,57,10,67,161
01/20/2016,TOL,OH,AGL,CE,Combined TRACON& Tower with Radar,0,10,27,15,52,0,4,3,0,7,0,14,30,15,59,2,12,14,73
01/21/2016,TOL,OH,AGL,CE,Combined TRACON& Tower with Radar,2,13,40,9,64,0,2,16,0,18,2,15,56,9,82,40,8,48,130
01/22/2016,TOL,OH,AGL,CE,Combined TRACON& Tower with Radar,4,16,24,0,44,0,2,11,0,13,4,18,35,0,57,10,0,10,67
01/23/2016,TOL,OH,AGL,CE,Combined TRACON& Tower with Radar,1,10,20,0,31,0,4,45,0,49,1,14,65,0,80,88,0,88,168
01/24/2016,TOL,OH,AGL,CE,Combined TRACON& Tower with Radar,2,9,23,0,34,0,0,23,0,23,2,9,46,0,57,0,0,0,57
01/25/2016,TOL,OH,AGL,CE,Combined TRACON& Tower with Radar,4,8,23,1,36,0,1,13,0,14,4,9,36,1,50,34,0,34,84
01/26/2016,TOL,OH,AGL,CE,Combined TRACON& Tower with Radar,2,8,20,6,36,0,1,11,0,12,2,9,31,6,48,0,0,0,48
01/27/2016,TOL,OH,AGL,CE,Combined TRACON& Tower with Radar,4,9,27,10,50,0,1,14,0,15,4,10,41,10,65,24,4,28,93
01/28/2016,TOL,OH,AGL,CE,Combined TRACON& Tower with Radar,2,11,28,9,50,0,0,22,0,22,2,11,50,9,72,40,7,47,119
01/29/2016,TOL,OH,AGL,CE,Combined TRACON& Tower with Radar,4,9,32,2,47,0,2,27,0,29,4,11,59,2,76,28,0,28,104
01/30/2016,TOL,OH,AGL,CE,Combined TRACON& Tower with Radar,2,8,15,0,25,0,1,20,0,21,2,9,35,0,46,40,0,40,86
01/31/2016,TOL,OH,AGL,CE,Combined TRACON& Tower with Radar,2,9,13,0,24,0,2,3,0,5,2,11,16,0,29,4,0,4,33
02/01/2016,TOL,OH,AGL,CE,Combined TRACON& Tower with Radar,4,13,45,0,62,0,1,22,0,23,4,14,67,0,85,50,0,50,135
02/02/2016,TOL,OH,AGL,CE,Combined TRACON& Tower with Radar,2,9,19,10,40,0,2,17,0,19,2,11,36,10,59,26,12,38,97
02/03/2016,TOL,OH,AGL,CE,Combined TRACON& Tower with Radar,3,10,24,9,46,0,1,7,1,9,3,11,31,10,55,2,8,10,65
02/04/2016,TOL,OH,AGL,CE,Combined TRACON& Tower with Radar,2,21,25,12,60,0,4,14,0,18,2,25,39,12,78,8,9,17,95
02/05/2016,TOL,OH,AGL,CE,Combined TRACON& Tower with Radar,4,8,24,0,36,0,5,31,0,36,4,13,55,0,72,62,0,62,134
02/06/2016,TOL,OH,AGL,CE,Combined TRACON& Tower with Radar,0,5,7,5,17,0,0,24,1,25,0,5,31,6,42,69,6,75,117
02/07/2016,TOL,OH,AGL,CE,Combined TRACON& Tower with Radar,2,6,16,5,29,0,3,8,0,11,2,9,24,5,40,10,4,14,54
02/08/2016,TOL,OH,AGL,CE,Combined TRACON& Tower with Radar,4,9,22,0,35,0,0,5,0,5,4,9,27,0,40,2,0,2,42
02/09/2016,TOL,OH,AGL,CE,Combined TRACON& Tower with Radar,2,8,18,7,35,0,1,4,2,7,2,9,22,9,42,0,6,6,48
02/10/2016,TOL,OH,AGL,CE,Combined TRACON& Tower with Radar,2,10,23,4,39,0,1,8,0,9,2,11,31,4,48,0,6,6,54
02/11/2016,TOL,OH,AGL,CE,Combined TRACON& Tower with Radar,2,11,34,4,51,0,0,26,0,26,2,11,60,4,77,36,0,36,113
02/12/2016,TOL,OH,AGL,CE,Combined TRACON& Tower with Radar,4,7,24,0,35,0,1,9,0,10,4,8,33,0,45,15,0,15,60
02/13/2016,TOL,OH,AGL,CE,Combined TRACON& Tower with Radar,0,8,7,0,15,0,1,5,0,6,0,9,12,0,21,2,0,2,23
02/14/2016,TOL,OH,AGL,CE,Combined TRACON& Tower with Radar,4,5,14,0,23,0,1,12,0,13,4,6,26,0,36,18,0,18,54
02/15/2016,TOL,OH,AGL,CE,Combined TRACON& Tower with Radar,4,7,20,0,31,0,0,2,0,2,4,7,22,0,33,2,0,2,35
02/16/2016,TOL,OH,AGL,CE,Combined TRACON& Tower with Radar,1,10,23,0,34,0,1,3,0,4,1,11,26,0,38,0,0,0,38
02/17/2016,TOL,OH,AGL,CE,Combined TRACON& Tower with Radar,6,15,22,4,47,0,0,11,0,11,6,15,33,4,58,10,2,12,70
02/18/2016,TOL,OH,AGL,CE,Combined TRACON& Tower with Radar,2,15,32,6,55,0,3,24,0,27,2,18,56,6,82,18,0,18,100
02/19/2016,TOL,OH,AGL,CE,Combined TRACON& Tower with Radar,4,12,13,2,31,0,2,11,3,16,4,14,24,5,47,6,6,12,59
02/20/2016,TOL,OH,AGL,CE,Combined TRACON& Tower with Radar,1,15,7,1,24,0,2,8,0,10,1,17,15,1,34,0,0,0,34
02/21/2016,TOL,OH,AGL,CE,Combined TRACON& Tower with Radar,5,8,33,0,46,0,3,29,0,32,5,11,62,0,78,60,0,60,138
02/22/2016,TOL,OH,AGL,CE,Combined TRACON& Tower with Radar,2,7,36,0,45,0,3,18,0,21,2,10,54,0,66,22,0,22,88
02/23/2016,TOL,OH,AGL,CE,Combined TRACON& Tower with Radar,2,14,36,5,57,0,2,32,0,34,2,16,68,5,91,16,2,18,109
02/24/2016,TOL,OH,AGL,CE,Combined TRACON& Tower with Radar,6,8,18,1,33,0,0,4,0,4,6,8,22,1,37,4,0,4,41
02/25/2016,TOL,OH,AGL,CE,Combined TRACON& Tower with Radar,11,16,17,0,44,0,2,1,0,3,11,18,18,0,47,0,0,0,47
02/26/2016,TOL,OH,AGL,CE,Combined TRACON& Tower with Radar,2,13,23,2,40,0,2,5,0,7,2,15,28,2,47,15,2,17,64
02/27/2016,TOL,OH,AGL,CE,Combined TRACON& Tower with Radar,2,7,8,0,17,0,3,17,0,20,2,10,25,0,37,19,0,19,56
02/28/2016,TOL,OH,AGL,CE,Combined TRACON& Tower with Radar,2,13,9,0,24,0,2,8,0,10,2,15,17,0,34,18,0,18,52
02/29/2016,TOL,OH,AGL,CE,Combined TRACON& Tower with Radar,4,8,19,1,32,0,3,11,0,14,4,11,30,1,46,6,0,6,52
03/01/2016,TOL,OH,AGL,CE,Combined TRACON& Tower with Radar,2,15,23,2,42,0,2,5,0,7,2,17,28,2,49,0,4,4,53
03/02/2016,TOL,OH,AGL,CE,Combined TRACON& Tower with Radar,4,12,21,16,53,0,2,27,0,29,4,14,48,16,82,20,10,30,112
03/03/2016,TOL,OH,AGL,CE,Combined TRACON& Tower with Radar,4,9,21,5,39,0,0,4,0,4,4,9,25,5,43,2,2,4,47
03/04/2016,TOL,OH,AGL,CE,Combined TRACON& Tower with Radar,4,12,14,0,30,0,2,9,0,11,4,14,23,0,41,2,0,2,43
03/05/2016,TOL,OH,AGL,CE,Combined TRACON& Tower with Radar,4,5,2,4,15,0,0,0,0,0,4,5,2,4,15,2,0,2,17
03/06/2016,TOL,OH,AGL,CE,Combined TRACON& Tower with Radar,2,10,6,2,20,0,3,6,0,9,2,13,12,2,29,4,0,4,33
03/07/2016,TOL,OH,AGL,CE,Combined TRACON& Tower with Radar,2,7,30,1,40,0,1,16,1,18,2,8,46,2,58,20,0,20,78
03/08/2016,TOL,OH,AGL,CE,Combined TRACON& Tower with Radar,0,13,29,4,46,0,2,17,0,19,0,15,46,4,65,16,4,20,85
03/09/2016,TOL,OH,AGL,CE,Combined TRACON& Tower with Radar,7,15,18,0,40,0,2,5,0,7,7,17,23,0,47,0,0,0,47
03/10/2016,TOL,OH,AGL,CE,Combined TRACON& Tower with Radar,3,7,23,6,39,0,1,1,0,2,3,8,24,6,41,0,0,0,41
03/11/2016,TOL,OH,AGL,CE,Combined TRACON& Tower with Radar,5,9,33,4,51,1,0,18,0,19,6,9,51,4,70,8,4,12,82
03/12/2016,TOL,OH,AGL,CE,Combined TRACON& Tower with Radar,7,8,20,0,35,0,1,42,0,43,7,9,62,0,78,30,0,30,108
03/13/2016,TOL,OH,AGL,CE,Combined TRACON& Tower with Radar,4,11,5,0,20,0,0,4,0,4,4,11,9,0,24,4,0,4,28
03/14/2016,TOL,OH,AGL,CE,Combined TRACON& Tower with Radar,3,9,25,0,37,0,1,1,0,2,3,10,26,0,39,30,0,30,69
03/15/2016,TOL,OH,AGL,CE,Combined TRACON& Tower with Radar,6,13,28,4,51,0,2,9,0,11,6,15,37,4,62,22,0,22,84
03/16/2016,TOL,OH,AGL,CE,Combined TRACON& Tower with Radar,6,13,40,4,63,0,2,16,0,18,6,15,56,4,81,7,4,11,92
03/17/2016,TOL,OH,AGL,CE,Combined TRACON& Tower with Radar,2,10,27,8,47,0,2,9,0,11,2,12,36,8,58,0,10,10,68
03/18/2016,TOL,OH,AGL,CE,Combined TRACON& Tower with Radar,4,10,31,0,45,0,2,29,0,31,4,12,60,0,76,34,0,34,110
03/19/2016,TOL,OH,AGL,CE,Combined TRACON& Tower with Radar,6,6,21,0,33,0,3,23,0,26,6,9,44,0,59,50,0,50,109
03/20/2016,TOL,OH,AGL,CE,Combined TRACON& Tower with Radar,2,6,10,0,18,0,6,12,0,18,2,12,22,0,36,14,0,14,50
03/21/2016,TOL,OH,AGL,CE,Combined TRACON& Tower with Radar,2,10,35,0,47,0,1,27,0,28,2,11,62,0,75,30,0,30,105
03/22/2016,TOL,OH,AGL,CE,Combined TRACON& Tower with Radar,6,14,22,6,48,0,1,18,0,19,6,15,40,6,67,6,8,14,81
03/23/2016,TOL,OH,AGL,CE,Combined TRACON& Tower with Radar,6,9,35,7,57,0,2,11,0,13,6,11,46,7,70,16,0,16,86
03/24/2016,TOL,OH,AGL,CE,Combined TRACON& Tower with Radar,3,10,24,0,37,0,1,2,0,3,3,11,26,0,40,0,0,0,40
03/25/2016,TOL,OH,AGL,CE,Combined TRACON& Tower with Radar,4,7,15,4,30,0,0,11,0,11,4,7,26,4,41,24,2,26,67
03/26/2016,TOL,OH,AGL,CE,Combined TRACON& Tower with Radar,6,4,28,0,38,0,0,20,0,20,6,4,48,0,58,18,0,18,76
03/27/2016,TOL,OH,AGL,CE,Combined TRACON& Tower with Radar,4,6,2,0,12,0,3,14,1,18,4,9,16,1,30,0,0,0,30
03/28/2016,TOL,OH,AGL,CE,Combined TRACON& Tower with Radar,4,9,12,0,25,0,0,2,0,2,4,9,14,0,27,2,0,2,29
03/29/2016,TOL,OH,AGL,CE,Combined TRACON& Tower with Radar,6,9,39,10,64,0,1,30,0,31,6,10,69,10,95,48,34,82,177
03/30/2016,TOL,OH,AGL,CE,Combined TRACON& Tower with Radar,9,12,24,6,51,0,3,11,0,14,9,15,35,6,65,14,0,14,79
03/31/2016,TOL,OH,AGL,CE,Combined TRACON& Tower with Radar,3,9,19,0,31,0,0,2,0,2,3,9,21,0,33,0,0,0,33
04/01/2016,TOL,OH,AGL,CE,Combined TRACON& Tower with Radar,5,9,33,0,47,0,1,15,0,16,5,10,48,0,63,10,0,10,73
04/02/2016,TOL,OH,AGL,CE,Combined TRACON& Tower with Radar,10,5,11,1,27,0,1,2,0,3,10,6,13,1,30,0,0,0,30
04/03/2016,TOL,OH,AGL,CE,Combined TRACON& Tower with Radar,3,9,26,0,38,0,3,8,0,11,3,12,34,0,49,18,0,18,67
04/04/2016,TOL,OH,AGL,CE,Combined TRACON& Tower with Radar,5,10,19,0,34,0,2,4,0,6,5,12,23,0,40,8,0,8,48
04/05/2016,TOL,OH,AGL,CE,Combined TRACON& Tower with Radar,7,10,27,8,52,0,2,33,0,35,7,12,60,8,87,55,8,63,150
04/06/2016,TOL,OH,AGL,CE,Combined TRACON& Tower with Radar,2,10,15,4,31,0,0,0,0,0,2,10,15,4,31,0,14,14,45
04/07/2016,TOL,OH,AGL,CE,Combined TRACON& Tower with Radar,3,10,25,6,44,0,1,1,0,2,3,11,26,6,46,0,4,4,50
04/08/2016,TOL,OH,AGL,CE,Combined TRACON& Tower with Radar,7,10,23,1,41,0,2,5,0,7,7,12,28,1,48,4,12,16,64
04/09/2016,TOL,OH,AGL,CE,Combined TRACON& Tower with Radar,4,5,16,3,28,0,0,5,0,5,4,5,21,3,33,20,8,28,61
04/10/2016,TOL,OH,AGL,CE,Combined TRACON& Tower with Radar,2,7,13,4,26,0,0,0,0,0,2,7,13,4,26,0,2,2,28
04/11/2016,TOL,OH,AGL,CE,Combined TRACON& Tower with Radar,4,11,39,0,54,0,2,4,0,6,4,13,43,0,60,32,0,32,92
04/12/2016,TOL,OH,AGL,CE,Combined TRACON& Tower with Radar,5,12,30,8,55,0,3,16,0,19,5,15,46,8,74,26,12,38,112
04/13/2016,TOL,OH,AGL,CE,Combined TRACON& Tower with Radar,2,10,20,4,36,0,1,33,0,34,2,11,53,4,70,52,0,52,122
04/14/2016,TOL,OH,AGL,CE,Combined TRACON& Tower with Radar,2,12,53,10,77,0,1,35,0,36,2,13,88,10,113,36,17,53,166
04/15/2016,TOL,OH,AGL,CE,Combined TRACON& Tower with Radar,2,12,20,0,34,0,0,32,0,32,2,12,52,0,66,8,0,8,74
04/16/2016,TOL,OH,AGL,CE,Combined TRACON& Tower with Radar,3,12,19,1,35,0,3,34,0,37,3,15,53,1,72,16,6,22,94
04/17/2016,TOL,OH,AGL,CE,Combined TRACON& Tower with Radar,3,10,13,0,26,0,1,38,0,39,3,11,51,0,65,50,0,50,115
04/18/2016,TOL,OH,AGL,CE,Combined TRACON& Tower with Radar,2,11,26,2,41,0,2,23,2,27,2,13,49,4,68,12,10,22,90
04/19/2016,TOL,OH,AGL,CE,Combined TRACON& Tower with Radar,2,11,24,10,47,0,0,29,1,30,2,11,53,11,77,29,12,41,118
04/20/2016,TOL,OH,AGL,CE,Combined TRACON& Tower with Radar,4,12,23,0,39,0,1,48,0,49,4,13,71,0,88,2,0,2,90
04/21/2016,TOL,OH,AGL,CE,Combined TRACON& Tower with Radar,8,12,13,3,36,0,4,3,1,8,8,16,16,4,44,0,3,3,47
04/22/2016,TOL,OH,AGL,CE,Combined TRACON& Tower with Radar,2,10,31,4,47,0,1,9,0,10,2,11,40,4,57,10,0,10,67
04/23/2016,TOL,OH,AGL,CE,Combined TRACON& Tower with Radar,2,11,16,1,30,0,2,61,0,63,2,13,77,1,93,61,10,71,164
04/24/2016,TOL,OH,AGL,CE,Combined TRACON& Tower with Radar,4,7,17,1,29,0,1,28,0,29,4,8,45,1,58,18,0,18,76
04/25/2016,TOL,OH,AGL,CE,Combined TRACON& Tower with Radar,2,7,25,3,37,0,2,17,2,21,2,9,42,5,58,6,0,6,64
04/26/2016,TOL,OH,AGL,CE,Combined TRACON& Tower with Radar,7,15,31,11,64,0,3,8,1,12,7,18,39,12,76,2,2,4,80
04/27/2016,TOL,OH,AGL,CE,Combined TRACON& Tower with Radar,3,13,25,11,52,0,1,21,0,22,3,14,46,11,74,15,9,24,98
04/28/2016,TOL,OH,AGL,CE,Combined TRACON& Tower with Radar,2,17,34,4,57,0,3,5,0,8,2,20,39,4,65,13,0,13,78
04/29/2016,TOL,OH,AGL,CE,Combined TRACON& Tower with Radar,4,15,35,0,54,1,1,13,0,15,5,16,48,0,69,10,0,10,79
04/30/2016,TOL,OH,AGL,CE,Combined TRACON& Tower with Radar,3,8,19,0,30,0,0,23,0,23,3,8,42,0,53,12,0,12,65
05/01/2016,TOL,OH,AGL,CE,Combined TRACON& Tower with Radar,2,10,15,0,27,0,0,0,0,0,2,10,15,0,27,4,0,4,31
05/02/2016,TOL,OH,AGL,CE,Combined TRACON& Tower with Radar,4,11,47,0,62,0,1,5,0,6,4,12,52,0,68,14,0,14,82
05/03/2016,TOL,OH,AGL,CE,Combined TRACON& Tower with Radar,7,11,41,7,66,0,2,49,1,52,7,13,90,8,118,49,6,55,173
05/04/2016,TOL,OH,AGL,CE,Combined TRACON& Tower with Radar,3,12,27,6,48,0,3,8,0,11,3,15,35,6,59,12,5,17,76
05/05/2016,TOL,OH,AGL,CE,Combined TRACON& Tower with Radar,2,10,37,8,57,0,4,18,0,22,2,14,55,8,79,25,7,32,111
05/06/2016,TOL,OH,AGL,CE,Combined TRACON& Tower with Radar,1,16,27,0,44,0,1,45,0,46,1,17,72,0,90,20,0,20,110
05/07/2016,TOL,OH,AGL,CE,Combined TRACON& Tower with Radar,3,7,21,0,31,0,2,27,0,29,3,9,48,0,60,35,0,35,95
05/08/2016,TOL,OH,AGL,CE,Combined TRACON& Tower with Radar,2,9,9,0,20,0,2,38,0,40,2,11,47,0,60,16,0,16,76
05/09/2016,TOL,OH,AGL,CE,Combined TRACON& Tower with Radar,2,15,30,0,47,0,2,16,0,18,2,17,46,0,65,14,0,14,79
05/10/2016,TOL,OH,AGL,CE,Combined TRACON& Tower with Radar,2,10,36,8,56,0,3,9,0,12,2,13,45,8,68,6,10,16,84
05/11/2016,TOL,OH,AGL,CE,Combined TRACON& Tower with Radar,4,7,52,8,71,0,1,18,0,19,4,8,70,8,90,14,6,20,110
05/12/2016,TOL,OH,AGL,CE,Combined TRACON& Tower with Radar,6,12,23,6,47,0,1,13,1,15,6,13,36,7,62,7,2,9,71
05/13/2016,TOL,OH,AGL,CE,Combined TRACON& Tower with Radar,9,15,24,11,59,0,3,33,9,45,9,18,57,20,104,23,32,55,159
05/14/2016,TOL,OH,AGL,CE,Combined TRACON& Tower with Radar,11,4,12,10,37,0,3,6,0,9,11,7,18,10,46,0,2,2,48
05/15/2016,TOL,OH,AGL,CE,Combined TRACON& Tower with Radar,3,10,29,5,47,0,1,21,0,22,3,11,50,5,69,14,0,14,83
05/16/2016,TOL,OH,AGL,CE,Combined TRACON& Tower with Radar,7,8,29,1,45,0,3,20,0,23,7,11,49,1,68,26,0,26,94
05/17/2016,TOL,OH,AGL,CE,Combined TRACON& Tower with Radar,2,13,32,14,61,0,1,7,1,9,2,14,39,15,70,12,10,22,92
05/18/2016,TOL,OH,AGL,CE,Combined TRACON& Tower with Radar,5,12,32,12,61,0,2,16,0,18,5,14,48,12,79,4,12,16,95
05/19/2016,TOL,OH,AGL,CE,Combined TRACON& Tower with Radar,4,15,35,14,68,0,0,25,0,25,4,15,60,14,93,35,0,35,128
05/20/2016,TOL,OH,AGL,CE,Combined TRACON& Tower with Radar,7,14,18,10,49,0,3,32,0,35,7,17,50,10,84,16,0,16,100
05/21/2016,TOL,OH,AGL,CE,Combined TRACON& Tower with Radar,8,7,15,0,30,0,1,9,0,10,8,8,24,0,40,0,0,0,40
05/22/2016,TOL,OH,AGL,CE,Combined TRACON& Tower with Radar,6,8,26,0,40,0,1,17,0,18,6,9,43,0,58,10,0,10,68
05/23/2016,TOL,OH,AGL,CE,Combined TRACON& Tower with Radar,2,7,34,1,44,0,2,29,2,33,2,9,63,3,77,61,0,61,138
05/24/2016,TOL,OH,AGL,CE,Combined TRACON& Tower with Radar,5,10,24,14,53,0,3,38,5,46,5,13,62,19,99,14,15,29,128
05/25/2016,TOL,OH,AGL,CE,Combined TRACON& Tower with Radar,6,5,21,10,42,0,1,20,0,21,6,6,41,10,63,16,4,20,83
05/26/2016,TOL,OH,AGL,CE,Combined TRACON& Tower with Radar,7,14,27,19,67,0,1,12,0,13,7,15,39,19,80,0,20,20,100
05/27/2016,TOL,OH,AGL,CE,Combined TRACON& Tower with Radar,2,7,24,0,33,0,2,27,0,29,2,9,51,0,62,26,0,26,88
05/28/2016,TOL,OH,AGL,CE,Combined TRACON& Tower with Radar,4,4,8,1,17,0,3,12,3,18,4,7,20,4,35,6,8,14,49
05/29/2016,TOL,OH,AGL,CE,Combined TRACON& Tower with Radar,2,4,1,0,7,0,2,11,0,13,2,6,12,0,20,2,0,2,22
05/30/2016,TOL,OH,AGL,CE,Combined TRACON& Tower with Radar,2,10,17,2,31,0,3,19,4,26,2,13,36,6,57,24,4,28,85
05/31/2016,TOL,OH,AGL,CE,Combined TRACON& Tower with Radar,0,8,22,14,44,0,0,27,0,27,0,8,49,14,71,39,20,59,130
06/01/2016,TOL,OH,AGL,CE,Combined TRACON& Tower with Radar,4,9,20,10,43,0,1,8,0,9,4,10,28,10,52,12,12,24,76
06/02/2016,TOL,OH,AGL,CE,Combined TRACON& Tower with Radar,2,15,22,7,46,0,0,23,3,26,2,15,45,10,72,54,22,76,148
06/03/2016,TOL,OH,AGL,CE,Combined TRACON& Tower with Radar,4,12,24,14,54,0,2,19,0,21,4,14,43,14,75,13,12,25,100
06/04/2016,TOL,OH,AGL,CE,Combined TRACON& Tower with Radar,2,6,12,7,27,0,1,12,0,13,2,7,24,7,40,0,6,6,46
06/05/2016,TOL,OH,AGL,CE,Combined TRACON& Tower with Radar,2,11,11,1,25,0,2,2,0,4,2,13,13,1,29,0,0,0,29
06/06/2016,TOL,OH,AGL,CE,Combined TRACON& Tower with Radar,4,16,32,6,58,0,1,20,4,25,4,17,52,10,83,10,6,16,99
06/07/2016,TOL,OH,AGL,CE,Combined TRACON& Tower with Radar,0,9,25,13,47,0,2,14,0,16,0,11,39,13,63,14,26,40,103
06/08/2016,TOL,OH,AGL,CE,Combined TRACON& Tower with Radar,4,11,23,8,46,0,2,14,0,16,4,13,37,8,62,12,26,38,100
06/09/2016,TOL,OH,AGL,CE,Combined TRACON& Tower with Radar,2,9,28,17,56,0,2,17,0,19,2,11,45,17,75,0,0,0,75
06/10/2016,TOL,OH,AGL,CE,Combined TRACON& Tower with Radar,7,13,12,2,34,0,4,14,2,20,7,17,26,4,54,0,0,0,54
06/11/2016,TOL,OH,AGL,CE,Combined TRACON& Tower with Radar,6,6,13,1,26,0,5,7,0,12,6,11,20,1,38,8,0,8,46
06/12/2016,TOL,OH,AGL,CE,Combined TRACON& Tower with Radar,3,10,20,2,35,0,3,23,0,26,3,13,43,2,61,18,0,18,79
06/13/2016,TOL,OH,AGL,CE,Combined TRACON& Tower with Radar,7,9,23,0,39,0,1,28,0,29,7,10,51,0,68,12,0,12,80
06/14/2016,TOL,OH,AGL,CE,Combined TRACON& Tower with Radar,10,10,32,15,67,0,0,18,1,19,10,10,50,16,86,37,16,53,139
06/15/2016,TOL,OH,AGL,CE,Combined TRACON& Tower with Radar,7,8,33,2,50,0,1,5,1,7,7,9,38,3,57,0,0,0,57
06/16/2016,TOL,OH,AGL,CE,Combined TRACON& Tower with Radar,3,12,37,1,53,0,0,5,0,5,3,12,42,1,58,4,0,4,62
06/17/2016,TOL,OH,AGL,CE,Combined TRACON& Tower with Radar,5,16,31,7,59,0,1,36,0,37,5,17,67,7,96,12,6,18,114
06/18/2016,TOL,OH,AGL,CE,Combined TRACON& Tower with Radar,4,9,11,0,24,0,3,23,0,26,4,12,34,0,50,4,0,4,54
06/19/2016,TOL,OH,AGL,CE,Combined TRACON& Tower with Radar,3,8,12,4,27,0,4,17,0,21,3,12,29,4,48,0,0,0,48
06/20/2016,TOL,OH,AGL,CE,Combined TRACON& Tower with Radar,4,12,14,0,30,0,0,10,0,10,4,12,24,0,40,0,0,0,40
06/21/2016,TOL,OH,AGL,CE,Combined TRACON& Tower with Radar,3,8,35,3,49,0,2,29,1,32,3,10,64,4,81,36,10,46,127
06/22/2016,TOL,OH,AGL,CE,Combined TRACON& Tower with Radar,6,10,30,4,50,0,0,33,0,33,6,10,63,4,83,22,6,28,111
06/23/2016,TOL,OH,AGL,CE,Combined TRACON& Tower with Radar,3,11,29,3,46,0,1,13,1,15,3,12,42,4,61,4,4,8,69
06/24/2016,TOL,OH,AGL,CE,Combined TRACON& Tower with Radar,4,20,26,15,65,0,1,28,7,36,4,21,54,22,101,28,36,64,165
06/25/2016,TOL,OH,AGL,CE,Combined TRACON& Tower with Radar,4,10,14,0,28,0,3,39,0,42,4,13,53,0,70,23,0,23,93
06/26/2016,TOL,OH,AGL,CE,Combined TRACON& Tower with Radar,2,4,8,0,14,0,2,6,0,8,2,6,14,0,22,0,0,0,22
06/27/2016,TOL,OH,AGL,CE,Combined TRACON& Tower with Radar,6,10,18,10,44,0,5,6,0,11,6,15,24,10,55,28,9,37,92
06/28/2016,TOL,OH,AGL,CE,Combined TRACON& Tower with Radar,2,11,35,18,66,0,1,36,2,39,2,12,71,20,105,20,22,42,147
06/29/2016,TOL,OH,AGL,CE,Combined TRACON& Tower with Radar,3,17,15,7,42,0,0,16,0,16,3,17,31,7,58,35,13,48,106
06/30/2016,TOL,OH,AGL,CE,Combined TRACON& Tower with Radar,3,14,35,20,72,0,3,22,1,26,3,17,57,21,98,14,25,39,137
07/01/2016,TOL,OH,AGL,CE,Combined TRACON& Tower with Radar,4,12,10,0,26,0,2,15,0,17,4,14,25,0,43,0,0,0,43
07/02/2016,TOL,OH,AGL,CE,Combined TRACON& Tower with Radar,2,8,9,0,19,0,2,22,2,26,2,10,31,2,45,34,4,38,83
07/03/2016,TOL,OH,AGL,CE,Combined TRACON& Tower with Radar,2,7,0,0,9,0,3,15,0,18,2,10,15,0,27,2,0,2,29
07/04/2016,TOL,OH,AGL,CE,Combined TRACON& Tower with Radar,4,10,8,0,22,0,1,9,2,12,4,11,17,2,34,0,15,15,49
07/05/2016,TOL,OH,AGL,CE,Combined TRACON& Tower with Radar,2,9,19,0,30,0,3,17,0,20,2,12,36,0,50,2,0,2,52
07/06/2016,TOL,OH,AGL,CE,Combined TRACON& Tower with Radar,4,14,28,19,65,0,4,18,0,22,4,18,46,19,87,4,4,8,95
07/07/2016,TOL,OH,AGL,CE,Combined TRACON& Tower with Radar,2,10,24,17,53,0,7,13,1,21,2,17,37,18,74,7,11,18,92
07/08/2016,TOL,OH,AGL,CE,Combined TRACON& Tower with Radar,4,9,15,17,45,0,0,5,0,5,4,9,20,17,50,8,4,12,62
07/09/2016,TOL,OH,AGL,CE,Combined TRACON& Tower with Radar,2,6,12,0,20,0,4,15,0,19,2,10,27,0,39,8,0,8,47
07/10/2016,TOL,OH,AGL,CE,Combined TRACON& Tower with Radar,2,7,24,0,33,0,1,19,0,20,2,8,43,0,53,16,0,16,69
07/11/2016,TOL,OH,AGL,CE,Combined TRACON& Tower with Radar,6,9,27,2,44,0,2,25,0,27,6,11,52,2,71,24,2,26,97
07/12/2016,TOL,OH,AGL,CE,Combined TRACON& Tower with Radar,2,13,27,24,66,0,4,21,2,27,2,17,48,26,93,0,8,8,101
07/13/2016,TOL,OH,AGL,CE,Combined TRACON& Tower with Radar,4,16,43,13,76,0,1,16,3,20,4,17,59,16,96,16,4,20,116
07/14/2016,TOL,OH,AGL,CE,Combined TRACON& Tower with Radar,6,12,26,32,76,0,2,22,10,34,6,14,48,42,110,6,10,16,126
07/15/2016,TOL,OH,AGL,CE,Combined TRACON& Tower with Radar,2,9,12,18,41,0,2,21,39,62,2,11,33,57,103,0,22,22,125
07/16/2016,TOL,OH,AGL,CE,Combined TRACON& Tower with Radar,2,6,4,3,15,0,1,23,41,65,2,7,27,44,80,60,0,60,140
07/17/2016,TOL,OH,AGL,CE,Combined TRACON& Tower with Radar,2,11,13,4,30,0,1,17,37,55,2,12,30,41,85,64,4,68,153
07/18/2016,TOL,OH,AGL,CE,Combined TRACON& Tower with Radar,4,10,27,11,52,0,1,11,1,13,4,11,38,12,65,10,4,14,79
07/19/2016,TOL,OH,AGL,CE,Combined TRACON& Tower with Radar,2,17,32,15,66,0,0,21,0,21,2,17,53,15,87,0,0,0,87
07/20/2016,TOL,OH,AGL,CE,Combined TRACON& Tower with Radar,2,14,32,22,70,0,5,15,6,26,2,19,47,28,96,12,36,48,144
07/21/2016,TOL,OH,AGL,CE,Combined TRACON& Tower with Radar,2,12,31,14,59,0,1,18,2,21,2,13,49,16,80,4,31,35,115
07/22/2016,TOL,OH,AGL,CE,Combined TRACON& Tower with Radar,6,7,20,14,47,0,4,24,3,31,6,11,44,17,78,15,0,15,93
07/23/2016,TOL,OH,AGL,CE,Combined TRACON& Tower with Radar,2,6,25,0,33,0,5,27,0,32,2,11,52,0,65,10,0,10,75
07/24/2016,TOL,OH,AGL,CE,Combined TRACON& Tower with Radar,2,6,13,0,21,0,3,26,0,29,2,9,39,0,50,8,0,8,58
07/25/2016,TOL,OH,AGL,CE,Combined TRACON& Tower with Radar,3,15,31,0,49,0,2,12,0,14,3,17,43,0,63,14,0,14,77
07/26/2016,TOL,OH,AGL,CE,Combined TRACON& Tower with Radar,6,13,22,10,51,0,4,28,0,32,6,17,50,10,83,4,30,34,117
07/27/2016,TOL,OH,AGL,CE,Combined TRACON& Tower with Radar,2,7,45,8,62,0,3,16,4,23,2,10,61,12,85,6,14,20,105
07/28/2016,TOL,OH,AGL,CE,Combined TRACON& Tower with Radar,3,14,27,10,54,0,2,18,0,20,3,16,45,10,74,6,16,22,96
07/29/2016,TOL,OH,AGL,CE,Combined TRACON& Tower with Radar,3,11,26,12,52,0,0,11,1,12,3,11,37,13,64,16,4,20,84
07/30/2016,TOL,OH,AGL,CE,Combined TRACON& Tower with Radar,2,5,8,0,15,0,0,11,0,11,2,5,19,0,26,2,0,2,28
07/31/2016,TOL,OH,AGL,CE,Combined TRACON& Tower with Radar,2,10,21,2,35,0,2,28,0,30,2,12,49,2,65,26,0,26,91
08/01/2016,TOL,OH,AGL,CE,Combined TRACON& Tower with Radar,4,7,24,0,35,0,3,13,2,18,4,10,37,2,53,20,0,20,73
08/02/2016,TOL,OH,AGL,CE,Combined TRACON& Tower with Radar,2,7,29,12,50,0,5,20,0,25,2,12,49,12,75,32,6,38,113
08/03/2016,TOL,OH,AGL,CE,Combined TRACON& Tower with Radar,2,10,29,11,52,0,1,36,0,37,2,11,65,11,89,20,16,36,125
08/04/2016,TOL,OH,AGL,CE,Combined TRACON& Tower with Radar,2,14,29,14,59,0,1,15,1,17,2,15,44,15,76,22,9,31,107
08/05/2016,TOL,OH,AGL,CE,Combined TRACON& Tower with Radar,4,7,22,9,42,0,1,4,2,7,4,8,26,11,49,4,2,6,55
08/06/2016,TOL,OH,AGL,CE,Combined TRACON& Tower with Radar,2,7,7,7,23,0,0,33,0,33,2,7,40,7,56,4,4,8,64
08/07/2016,TOL,OH,AGL,CE,Combined TRACON& Tower with Radar,2,7,8,0,17,0,3,27,2,32,2,10,35,2,49,6,0,6,55
08/08/2016,TOL,OH,AGL,CE,Combined TRACON& Tower with Radar,6,11,18,0,35,0,3,32,2,37,6,14,50,2,72,10,0,10,82
08/09/2016,TOL,OH,AGL,CE,Combined TRACON& Tower with Radar,5,7,21,14,47,0,2,20,0,22,5,9,41,14,69,30,22,52,121
08/10/2016,TOL,OH,AGL,CE,Combined TRACON& Tower with Radar,2,6,30,10,48,0,4,27,5,36,2,10,57,15,84,6,2,8,92
08/11/2016,TOL,OH,AGL,CE,Combined TRACON& Tower with Radar,2,17,22,10,51,0,3,20,3,26,2,20,42,13,77,0,2,2,79
08/12/2016,TOL,OH,AGL,CE,Combined TRACON& Tower with Radar,4,9,24,9,46,0,4,21,1,26,4,13,45,10,72,0,0,0,72
08/13/2016,TOL,OH,AGL,CE,Combined TRACON& Tower with Radar,2,5,6,0,13,0,0,5,0,5,2,5,11,0,18,0,0,0,18
08/14/2016,TOL,OH,AGL,CE,Combined TRACON& Tower with Radar,2,6,11,1,20,0,3,9,0,12,2,9,20,1,32,8,2,10,42
08/15/2016,TOL,OH,AGL,CE,Combined TRACON& Tower with Radar,6,8,31,0,45,0,0,0,0,0,6,8,31,0,45,20,0,20,65
08/16/2016,TOL,OH,AGL,CE,Combined TRACON& Tower with Radar,2,12,34,11,59,0,1,6,0,7,2,13,40,11,66,21,2,23,89
08/17/2016,TOL,OH,AGL,CE,Combined TRACON& Tower with Radar,4,8,19,16,47,0,3,10,2,15,4,11,29,18,62,14,10,24,86
08/18/2016,TOL,OH,AGL,CE,Combined TRACON& Tower with Radar,0,10,41,25,76,0,1,13,2,16,0,11,54,27,92,12,24,36,128
08/19/2016,TOL,OH,AGL,CE,Combined TRACON& Tower with Radar,6,10,26,9,51,0,4,6,0,10,6,14,32,9,61,2,4,6,67
08/20/2016,TOL,OH,AGL,CE,Combined TRACON& Tower with Radar,4,2,8,0,14,0,0,3,0,3,4,2,11,0,17,8,0,8,25
08/21/2016,TOL,OH,AGL,CE,Combined TRACON& Tower with Radar,1,8,22,0,31,0,3,7,0,10,1,11,29,0,41,16,0,16,57
08/22/2016,TOL,OH,AGL,CE,Combined TRACON& Tower with Radar,5,10,23,1,39,0,2,19,0,21,5,12,42,1,60,10,0,10,70
08/23/2016,TOL,OH,AGL,CE,Combined TRACON& Tower with Radar,3,10,22,11,46,0,2,16,0,18,3,12,38,11,64,8,13,21,85
08/24/2016,TOL,OH,AGL,CE,Combined TRACON& Tower with Radar,3,15,32,11,61,0,0,7,0,7,3,15,39,11,68,18,0,18,86
08/25/2016,TOL,OH,AGL,CE,Combined TRACON& Tower with Radar,0,9,22,17,48,0,1,10,1,12,0,10,32,18,60,14,18,32,92
08/26/2016,TOL,OH,AGL,CE,Combined TRACON& Tower with Radar,4,9,24,19,56,0,2,28,0,30,4,11,52,19,86,13,8,21,107
08/27/2016,TOL,OH,AGL,CE,Combined TRACON& Tower with Radar,4,3,11,0,18,0,1,8,0,9,4,4,19,0,27,4,0,4,31
08/28/2016,TOL,OH,AGL,CE,Combined TRACON& Tower with Radar,0,8,13,0,21,0,1,6,2,9,0,9,19,2,30,2,4,6,36
08/29/2016,TOL,OH,AGL,CE,Combined TRACON& Tower with Radar,4,13,29,8,54,0,1,16,0,17,4,14,45,8,71,24,3,27,98
08/30/2016,TOL,OH,AGL,CE,Combined TRACON& Tower with Radar,4,15,24,14,57,0,3,14,0,17,4,18,38,14,74,6,12,18,92
08/31/2016,TOL,OH,AGL,CE,Combined TRACON& Tower with Radar,3,8,16,5,32,0,1,9,0,10,3,9,25,5,42,4,0,4,46
09/01/2016,TOL,OH,AGL,CE,Combined TRACON& Tower with Radar,2,11,36,5,54,0,3,12,0,15,2,14,48,5,69,1,0,1,70
09/02/2016,TOL,OH,AGL,CE,Combined TRACON& Tower with Radar,12,20,20,3,55,0,0,9,0,9,12,20,29,3,64,2,10,12,76
09/03/2016,TOL,OH,AGL,CE,Combined TRACON& Tower with Radar,4,2,18,0,24,0,1,21,0,22,4,3,39,0,46,16,0,16,62
09/04/2016,TOL,OH,AGL,CE,Combined TRACON& Tower with Radar,0,8,14,1,23,0,2,20,0,22,0,10,34,1,45,12,8,20,65
09/05/2016,TOL,OH,AGL,CE,Combined TRACON& Tower with Radar,6,9,14,1,30,0,3,24,0,27,6,12,38,1,57,9,0,9,66
09/06/2016,TOL,OH,AGL,CE,Combined TRACON& Tower with Radar,0,11,35,0,46,0,4,21,0,25,0,15,56,0,71,46,0,46,117
09/07/2016,TOL,OH,AGL,CE,Combined TRACON& Tower with Radar,8,9,28,13,58,0,1,15,0,16,8,10,43,13,74,18,16,34,108
09/08/2016,TOL,OH,AGL,CE,Combined TRACON& Tower with Radar,2,10,22,12,46,0,1,9,0,10,2,11,31,12,56,14,4,18,74
09/09/2016,TOL,OH,AGL,CE,Combined TRACON& Tower with Radar,6,10,18,10,44,0,3,11,0,14,6,13,29,10,58,18,10,28,86
09/10/2016,TOL,OH,AGL,CE,Combined TRACON& Tower with Radar,5,7,10,21,43,0,0,2,3,5,5,7,12,24,48,0,36,36,84
09/11/2016,TOL,OH,AGL,CE,Combined TRACON& Tower with Radar,1,16,18,7,42,0,1,24,0,25,1,17,42,7,67,17,10,27,94
09/12/2016,TOL,OH,AGL,CE,Combined TRACON& Tower with Radar,4,14,24,1,43,0,5,38,0,43,4,19,62,1,86,52,2,54,140
09/13/2016,TOL,OH,AGL,CE,Combined TRACON& Tower with Radar,2,15,25,17,59,0,6,33,0,39,2,21,58,17,98,30,10,40,138
09/14/2016,TOL,OH,AGL,CE,Combined TRACON& Tower with Radar,2,17,41,12,72,0,4,12,0,16,2,21,53,12,88,6,0,6,94
09/15/2016,TOL,OH,AGL,CE,Combined TRACON& Tower with Radar,0,14,26,13,53,0,6,14,0,20,0,20,40,13,73,10,0,10,83
09/16/2016,TOL,OH,AGL,CE,Combined TRACON& Tower with Radar,6,15,27,9,57,0,1,23,0,24,6,16,50,9,81,12,0,12,93
09/17/2016,TOL,OH,AGL,CE,Combined TRACON& Tower with Radar,4,4,15,0,23,0,0,1,0,1,4,4,16,0,24,2,0,2,26
09/18/2016,TOL,OH,AGL,CE,Combined TRACON& Tower with Radar,1,9,23,0,33,0,2,15,0,17,1,11,38,0,50,18,0,18,68
09/19/2016,TOL,OH,AGL,CE,Combined TRACON& Tower with Radar,5,10,40,1,56,0,2,11,0,13,5,12,51,1,69,3,22,25,94
09/20/2016,TOL,OH,AGL,CE,Combined TRACON& Tower with Radar,1,8,34,16,59,0,3,22,3,28,1,11,56,19,87,6,12,18,105
09/21/2016,TOL,OH,AGL,CE,Combined TRACON& Tower with Radar,9,7,36,22,74,0,3,34,0,37,9,10,70,22,111,24,20,44,155
09/22/2016,TOL,OH,AGL,CE,Combined TRACON& Tower with Radar,2,11,41,14,68,0,6,27,3,36,2,17,68,17,104,8,23,31,135
09/23/2016,TOL,OH,AGL,CE,Combined TRACON& Tower with Radar,7,12,25,17,61,0,2,20,6,28,7,14,45,23,89,0,16,16,105
09/24/2016,TOL,OH,AGL,CE,Combined TRACON& Tower with Radar,2,7,21,0,30,0,3,20,0,23,2,10,41,0,53,22,0,22,75
09/25/2016,TOL,OH,AGL,CE,Combined TRACON& Tower with Radar,2,17,30,0,49,0,1,10,0,11,2,18,40,0,60,12,0,12,72
09/26/2016,TOL,OH,AGL,CE,Combined TRACON& Tower with Radar,7,13,27,2,49,0,2,4,0,6,7,15,31,2,55,10,0,10,65
09/27/2016,TOL,OH,AGL,CE,Combined TRACON& Tower with Radar,4,13,15,7,39,0,2,6,0,8,4,15,21,7,47,7,31,38,85
09/28/2016,TOL,OH,AGL,CE,Combined TRACON& Tower with Radar,2,10,30,18,60,0,1,3,0,4,2,11,33,18,64,17,20,37,101
09/29/2016,TOL,OH,AGL,CE,Combined TRACON& Tower with Radar,4,18,32,0,54,0,0,1,0,1,4,18,33,0,55,0,0,0,55
09/30/2016,TOL,OH,AGL,CE,Combined TRACON& Tower with Radar,2,21,32,2,57,0,1,4,0,5,2,22,36,2,62,12,0,12,74
10/01/2016,TOL,OH,AGL,CE,Combined TRACON& Tower with Radar,6,11,10,13,40,0,1,8,0,9,6,12,18,13,49,16,4,20,69
10/02/2016,TOL,OH,AGL,CE,Combined TRACON& Tower with Radar,6,8,17,0,31,0,1,59,0,60,6,9,76,0,91,29,0,29,120
10/03/2016,TOL,OH,AGL,CE,Combined TRACON& Tower with Radar,4,11,22,0,37,0,2,5,1,8,4,13,27,1,45,7,0,7,52
10/04/2016,TOL,OH,AGL,CE,Combined TRACON& Tower with Radar,5,11,35,16,67,0,0,33,1,34,5,11,68,17,101,65,22,87,188
10/05/2016,TOL,OH,AGL,CE,Combined TRACON& Tower with Radar,2,13,25,14,54,0,3,11,3,17,2,16,36,17,71,32,26,58,129
10/06/2016,TOL,OH,AGL,CE,Combined TRACON& Tower with Radar,2,17,25,0,44,0,1,14,0,15,2,18,39,0,59,9,23,32,91
10/07/2016,TOL,OH,AGL,CE,Combined TRACON& Tower with Radar,2,9,36,4,51,0,1,10,0,11,2,10,46,4,62,30,0,30,92
10/08/2016,TOL,OH,AGL,CE,Combined TRACON& Tower with Radar,7,11,22,14,54,0,2,8,0,10,7,13,30,14,64,33,0,33,97
10/09/2016,TOL,OH,AGL,CE,Combined TRACON& Tower with Radar,3,18,41,7,69,0,2,12,0,14,3,20,53,7,83,0,0,0,83
10/10/2016,TOL,OH,AGL,CE,Combined TRACON& Tower with Radar,5,7,39,1,52,0,2,16,0,18,5,9,55,1,70,28,0,28,98
10/11/2016,TOL,OH,AGL,CE,Combined TRACON& Tower with Radar,4,21,23,10,58,0,4,13,2,19,4,25,36,12,77,14,6,20,97
10/12/2016,TOL,OH,AGL,CE,Combined TRACON& Tower with Radar,3,23,47,18,91,0,1,14,3,18,3,24,61,21,109,25,16,41,150
10/13/2016,TOL,OH,AGL,CE,Combined TRACON& Tower with Radar,3,9,33,13,58,0,1,17,1,19,3,10,50,14,77,20,9,29,106
10/14/2016,TOL,OH,AGL,CE,Combined TRACON& Tower with Radar,4,7,33,8,52,0,3,17,0,20,4,10,50,8,72,16,0,16,88
10/15/2016,TOL,OH,AGL,CE,Combined TRACON& Tower with Radar,2,2,15,0,19,0,1,29,0,30,2,3,44,0,49,20,0,20,69
10/16/2016,TOL,OH,AGL,CE,Combined TRACON& Tower with Radar,2,12,13,0,27,0,2,3,0,5,2,14,16,0,32,2,0,2,34
10/17/2016,TOL,OH,AGL,CE,Combined TRACON& Tower with Radar,2,7,24,8,41,0,2,13,1,16,2,9,37,9,57,19,10,29,86
10/18/2016,TOL,OH,AGL,CE,Combined TRACON& Tower with Radar,2,9,28,10,49,0,2,4,0,6,2,11,32,10,55,0,4,4,59
10/19/2016,TOL,OH,AGL,CE,Combined TRACON& Tower with Radar,3,13,28,13,57,0,2,27,0,29,3,15,55,13,86,7,8,15,101
10/20/2016,TOL,OH,AGL,CE,Combined TRACON& Tower with Radar,4,14,27,0,45,0,0,0,0,0,4,14,27,0,45,0,0,0,45
10/21/2016,TOL,OH,AGL,CE,Combined TRACON& Tower with Radar,2,10,20,8,40,0,1,2,0,3,2,11,22,8,43,2,0,2,45
10/22/2016,TOL,OH,AGL,CE,Combined TRACON& Tower with Radar,3,3,11,0,17,0,2,12,0,14,3,5,23,0,31,16,0,16,47
10/23/2016,TOL,OH,AGL,CE,Combined TRACON& Tower with Radar,1,8,9,1,19,0,2,21,0,23,1,10,30,1,42,34,0,34,76
10/24/2016,TOL,OH,AGL,CE,Combined TRACON& Tower with Radar,3,12,24,3,42,0,2,13,1,16,3,14,37,4,58,4,0,4,62
10/25/2016,TOL,OH,AGL,CE,Combined TRACON& Tower with Radar,7,8,31,9,55,0,1,14,0,15,7,9,45,9,70,16,6,22,92
10/26/2016,TOL,OH,AGL,CE,Combined TRACON& Tower with Radar,2,11,19,12,44,0,1,6,1,8,2,12,25,13,52,2,2,4,56
10/27/2016,TOL,OH,AGL,CE,Combined TRACON& Tower with Radar,4,22,29,10,65,0,1,6,0,7,4,23,35,10,72,6,0,6,78
10/28/2016,TOL,OH,AGL,CE,Combined TRACON& Tower with Radar,2,10,29,9,50,0,1,17,1,19,2,11,46,10,69,2,2,4,73
10/29/2016,TOL,OH,AGL,CE,Combined TRACON& Tower with Radar,3,4,8,2,17,0,2,11,0,13,3,6,19,2,30,11,0,11,41
10/30/2016,TOL,OH,AGL,CE,Combined TRACON& Tower with Radar,2,7,16,0,25,0,2,7,0,9,2,9,23,0,34,12,0,12,46
10/31/2016,TOL,OH,AGL,CE,Combined TRACON& Tower with Radar,2,6,16,0,24,0,2,18,0,20,2,8,34,0,44,43,0,43,87
11/01/2016,TOL,OH,AGL,CE,Combined TRACON& Tower with Radar,4,9,30,12,55,0,3,17,0,20,4,12,47,12,75,26,11,37,112
11/02/2016,TOL,OH,AGL,CE,Combined TRACON& Tower with Radar,7,10,22,19,58,0,1,23,0,24,7,11,45,19,82,20,14,34,116
11/03/2016,TOL,OH,AGL,CE,Combined TRACON& Tower with Radar,5,12,23,11,51,0,2,12,0,14,5,14,35,11,65,8,12,20,85
11/04/2016,TOL,OH,AGL,CE,Combined TRACON& Tower with Radar,5,7,36,11,59,0,1,28,0,29,5,8,64,11,88,20,6,26,114
11/05/2016,TOL,OH,AGL,CE,Combined TRACON& Tower with Radar,2,3,22,10,37,0,2,27,0,29,2,5,49,10,66,27,29,56,122
11/06/2016,TOL,OH,AGL,CE,Combined TRACON& Tower with Radar,4,8,37,7,56,0,3,25,0,28,4,11,62,7,84,59,6,65,149
11/07/2016,TOL,OH,AGL,CE,Combined TRACON& Tower with Radar,2,16,25,2,45,0,0,19,0,19,2,16,44,2,64,27,0,27,91
11/08/2016,TOL,OH,AGL,CE,Combined TRACON& Tower with Radar,3,13,20,15,51,0,3,3,0,6,3,16,23,15,57,2,6,8,65
11/09/2016,TOL,OH,AGL,CE,Combined TRACON& Tower with Radar,3,8,22,25,58,0,3,22,0,25,3,11,44,25,83,18,30,48,131
11/10/2016,TOL,OH,AGL,CE,Combined TRACON& Tower with Radar,4,9,26,22,61,0,4,18,0,22,4,13,44,22,83,8,20,28,111
11/11/2016,TOL,OH,AGL,CE,Combined TRACON& Tower with Radar,1,15,27,0,43,0,4,21,0,25,1,19,48,0,68,26,0,26,94
11/12/2016,TOL,OH,AGL,CE,Combined TRACON& Tower with Radar,2,8,16,0,26,0,1,24,0,25,2,9,40,0,51,12,0,12,63
11/13/2016,TOL,OH,AGL,CE,Combined TRACON& Tower with Radar,4,13,13,0,30,0,1,18,0,19,4,14,31,0,49,24,0,24,73
11/14/2016,TOL,OH,AGL,CE,Combined TRACON& Tower with Radar,4,8,33,17,62,0,0,12,1,13,4,8,45,18,75,12,11,23,98
11/15/2016,TOL,OH,AGL,CE,Combined TRACON& Tower with Radar,6,7,29,25,67,0,4,25,9,38,6,11,54,34,105,56,4,60,165
11/16/2016,TOL,OH,AGL,CE,Combined TRACON& Tower with Radar,0,10,33,10,53,0,0,2,0,2,0,10,35,10,55,18,0,18,73
11/17/2016,TOL,OH,AGL,CE,Combined TRACON& Tower with Radar,4,10,30,16,60,0,4,14,0,18,4,14,44,16,78,14,7,21,99
11/18/2016,TOL,OH,AGL,CE,Combined TRACON& Tower with Radar,2,10,19,4,35,0,0,21,0,21,2,10,40,4,56,2,5,7,63
11/19/2016,TOL,OH,AGL,CE,Combined TRACON& Tower with Radar,4,8,6,0,18,0,0,1,0,1,4,8,7,0,19,2,0,2,21
11/20/2016,TOL,OH,AGL,CE,Combined TRACON& Tower with Radar,1,9,13,2,25,0,4,5,0,9,1,13,18,2,34,0,0,0,34
11/21/2016,TOL,OH,AGL,CE,Combined TRACON& Tower with Radar,4,8,28,10,50,0,0,21,0,21,4,8,49,10,71,24,0,24,95
11/22/2016,TOL,OH,AGL,CE,Combined TRACON& Tower with Radar,3,11,31,13,58,0,4,25,1,30,3,15,56,14,88,14,10,24,112
11/23/2016,TOL,OH,AGL,CE,Combined TRACON& Tower with Radar,6,10,10,0,26,0,0,2,0,2,6,10,12,0,28,8,0,8,36
11/24/2016,TOL,OH,AGL,CE,Combined TRACON& Tower with Radar,0,4,7,0,11,0,2,2,0,4,0,6,9,0,15,0,0,0,15
11/25/2016,TOL,OH,AGL,CE,Combined TRACON& Tower with Radar,1,4,9,0,14,0,2,2,0,4,1,6,11,0,18,2,0,2,20
11/26/2016,TOL,OH,AGL,CE,Combined TRACON& Tower with Radar,4,8,14,1,27,0,2,19,0,21,4,10,33,1,48,4,0,4,52
11/27/2016,TOL,OH,AGL,CE,Combined TRACON& Tower with Radar,2,8,11,1,22,0,1,18,2,21,2,9,29,3,43,4,0,4,47
11/28/2016,TOL,OH,AGL,CE,Combined TRACON& Tower with Radar,4,9,15,6,34,0,2,5,0,7,4,11,20,6,41,0,6,6,47
11/29/2016,TOL,OH,AGL,CE,Combined TRACON& Tower with Radar,3,14,26,14,57,0,0,14,0,14,3,14,40,14,71,4,8,12,83
11/30/2016,TOL,OH,AGL,CE,Combined TRACON& Tower with Radar,2,16,44,15,77,0,0,23,4,27,2,16,67,19,104,22,24,46,150
12/01/2016,TOL,OH,AGL,CE,Combined TRACON& Tower with Radar,2,10,16,9,37,0,1,1,2,4,2,11,17,11,41,0,22,22,63
12/02/2016,TOL,OH,AGL,CE,Combined TRACON& Tower with Radar,2,7,26,1,36,0,4,9,0,13,2,11,35,1,49,10,0,10,59
12/03/2016,TOL,OH,AGL,CE,Combined TRACON& Tower with Radar,2,4,3,21,30,0,7,17,0,24,2,11,20,21,54,10,71,81,135
12/04/2016,TOL,OH,AGL,CE,Combined TRACON& Tower with Radar,2,9,6,0,17,0,4,9,0,13,2,13,15,0,30,18,0,18,48
12/05/2016,TOL,OH,AGL,CE,Combined TRACON& Tower with Radar,4,14,30,11,59,0,2,13,0,15,4,16,43,11,74,18,0,18,92
12/06/2016,TOL,OH,AGL,CE,Combined TRACON& Tower with Radar,3,6,17,6,32,0,0,0,0,0,3,6,17,6,32,0,0,0,32
12/07/2016,TOL,OH,AGL,CE,Combined TRACON& Tower with Radar,3,14,31,14,62,0,1,16,7,24,3,15,47,21,86,7,27,34,120
12/08/2016,TOL,OH,AGL,CE,Combined TRACON& Tower with Radar,2,12,33,12,59,0,2,7,0,9,2,14,40,12,68,8,10,18,86
12/09/2016,TOL,OH,AGL,CE,Combined TRACON& Tower with Radar,7,18,24,0,49,0,0,7,0,7,7,18,31,0,56,2,0,2,58
12/10/2016,TOL,OH,AGL,CE,Combined TRACON& Tower with Radar,3,6,9,0,18,0,0,14,0,14,3,6,23,0,32,14,0,14,46
12/11/2016,TOL,OH,AGL,CE,Combined TRACON& Tower with Radar,3,2,3,0,8,0,0,0,0,0,3,2,3,0,8,0,0,0,8
12/12/2016,TOL,OH,AGL,CE,Combined TRACON& Tower with Radar,5,14,14,12,45,0,6,4,0,10,5,20,18,12,55,0,1,1,56
12/13/2016,TOL,OH,AGL,CE,Combined TRACON& Tower with Radar,4,15,25,17,61,0,0,5,0,5,4,15,30,17,66,2,10,12,78
12/14/2016,TOL,OH,AGL,CE,Combined TRACON& Tower with Radar,6,21,34,11,72,0,5,12,2,19,6,26,46,13,91,4,2,6,97
12/15/2016,TOL,OH,AGL,CE,Combined TRACON& Tower with Radar,5,13,38,13,69,0,8,12,0,20,5,21,50,13,89,14,6,20,109
12/16/2016,TOL,OH,AGL,CE,Combined TRACON& Tower with Radar,3,15,16,0,34,0,4,15,0,19,3,19,31,0,53,0,0,0,53
12/17/2016,TOL,OH,AGL,CE,Combined TRACON& Tower with Radar,8,8,4,0,20,0,0,0,0,0,8,8,4,0,20,0,0,0,20
12/18/2016,TOL,OH,AGL,CE,Combined TRACON& Tower with Radar,6,3,9,0,18,0,4,7,0,11,6,7,16,0,29,4,0,4,33
12/19/2016,TOL,OH,AGL,CE,Combined TRACON& Tower with Radar,7,11,27,7,52,0,4,16,0,20,7,15,43,7,72,18,4,22,94
12/20/2016,TOL,OH,AGL,CE,Combined TRACON& Tower with Radar,5,9,25,6,45,0,3,15,0,18,5,12,40,6,63,24,8,32,95
12/21/2016,TOL,OH,AGL,CE,Combined TRACON& Tower with Radar,5,15,15,18,53,0,1,20,0,21,5,16,35,18,74,12,16,28,102
12/22/2016,TOL,OH,AGL,CE,Combined TRACON& Tower with Radar,2,15,16,4,37,0,3,12,2,17,2,18,28,6,54,0,0,0,54
12/23/2016,TOL,OH,AGL,CE,Combined TRACON& Tower with Radar,5,9,11,0,25,0,0,5,0,5,5,9,16,0,30,0,0,0,30
12/24/2016,TOL,OH,AGL,CE,Combined TRACON& Tower with Radar,6,5,7,0,18,0,2,2,0,4,6,7,9,0,22,0,0,0,22
12/25/2016,TOL,OH,AGL,CE,Combined TRACON& Tower with Radar,2,7,4,0,13,0,0,0,0,0,2,7,4,0,13,0,0,0,13
12/26/2016,TOL,OH,AGL,CE,Combined TRACON& Tower with Radar,4,7,7,0,18,0,0,0,0,0,4,7,7,0,18,0,0,0,18
12/27/2016,TOL,OH,AGL,CE,Combined TRACON& Tower with Radar,2,5,16,4,27,0,3,10,0,13,2,8,26,4,40,22,0,22,62
12/28/2016,TOL,OH,AGL,CE,Combined TRACON& Tower with Radar,4,12,15,9,40,0,2,32,0,34,4,14,47,9,74,7,14,21,95
12/29/2016,TOL,OH,AGL,CE,Combined TRACON& Tower with Radar,4,8,8,9,29,0,3,10,1,14,4,11,18,10,43,2,0,2,45
12/30/2016,TOL,OH,AGL,CE,Combined TRACON& Tower with Radar,4,7,8,0,19,0,3,7,0,10,4,10,15,0,29,4,0,4,33
12/31/2016,TOL,OH,AGL,CE,Combined TRACON& Tower with Radar,6,3,5,0,14,0,1,1,0,2,6,4,6,0,16,0,0,0,16
01/01/2017,TOL,OH,AGL,CE,Combined TRACON& Tower with Radar,2,4,13,0,19,0,3,19,0,22,2,7,32,0,41,6,0,6,47
01/02/2017,TOL,OH,AGL,CE,Combined TRACON& Tower with Radar,4,10,16,0,30,0,0,4,0,4,4,10,20,0,34,0,2,2,36
01/03/2017,TOL,OH,AGL,CE,Combined TRACON& Tower with Radar,4,12,5,0,21,0,0,0,0,0,4,12,5,0,21,0,0,0,21
01/04/2017,TOL,OH,AGL,CE,Combined TRACON& Tower with Radar,4,12,19,12,47,0,0,1,2,3,4,12,20,14,50,2,13,15,65
01/05/2017,TOL,OH,AGL,CE,Combined TRACON& Tower with Radar,2,8,10,14,34,0,0,0,0,0,2,8,10,14,34,0,20,20,54
01/06/2017,TOL,OH,AGL,CE,Combined TRACON& Tower with Radar,2,10,23,0,35,0,4,3,0,7,2,14,26,0,42,10,0,10,52
01/07/2017,TOL,OH,AGL,CE,Combined TRACON& Tower with Radar,2,5,6,8,21,0,2,11,0,13,2,7,17,8,34,10,4,14,48
01/08/2017,TOL,OH,AGL,CE,Combined TRACON& Tower with Radar,2,10,6,15,33,0,2,11,1,14,2,12,17,16,47,0,14,14,61
01/09/2017,TOL,OH,AGL,CE,Combined TRACON& Tower with Radar,3,6,27,12,48,0,1,13,0,14,3,7,40,12,62,16,6,22,84
01/10/2017,TOL,OH,AGL,CE,Combined TRACON& Tower with Radar,4,6,15,0,25,0,0,0,0,0,4,6,15,0,25,2,0,2,27
01/11/2017,TOL,OH,AGL,CE,Combined TRACON& Tower with Radar,4,13,34,13,64,0,0,10,0,10,4,13,44,13,74,6,6,12,86
01/12/2017,TOL,OH,AGL,CE,Combined TRACON& Tower with Radar,8,16,23,0,47,0,0,0,0,0,8,16,23,0,47,4,0,4,51
01/13/2017,TOL,OH,AGL,CE,Combined TRACON& Tower with Radar,2,14,24,0,40,0,2,27,0,29,2,16,51,0,69,32,0,32,101
01/14/2017,TOL,OH,AGL,CE,Combined TRACON& Tower with Radar,2,6,6,0,14,0,3,23,0,26,2,9,29,0,40,0,0,0,40
01/15/2017,TOL,OH,AGL,CE,Combined TRACON& Tower with Radar,2,10,16,0,28,0,2,31,1,34,2,12,47,1,62,38,0,38,100
01/16/2017,TOL,OH,AGL,CE,Combined TRACON& Tower with Radar,2,12,26,0,40,0,0,0,0,0,2,12,26,0,40,0,0,0,40
01/17/2017,TOL,OH,AGL,CE,Combined TRACON& Tower with Radar,0,9,13,2,24,0,0,0,0,0,0,9,13,2,24,2,0,2,26
01/18/2017,TOL,OH,AGL,CE,Combined TRACON& Tower with Radar,4,7,23,12,46,0,0,0,0,0,4,7,23,12,46,0,0,0,46
01/19/2017,TOL,OH,AGL,CE,Combined TRACON& Tower with Radar,2,7,23,18,50,0,1,1,0,2,2,8,24,18,52,0,14,14,66
01/20/2017,TOL,OH,AGL,CE,Combined TRACON& Tower with Radar,4,10,13,6,33,0,0,0,0,0,4,10,13,6,33,0,0,0,33
01/21/2017,TOL,OH,AGL,CE,Combined TRACON& Tower with Radar,2,4,20,2,28,0,3,35,0,38,2,7,55,2,66,115,0,115,181
01/22/2017,TOL,OH,AGL,CE,Combined TRACON& Tower with Radar,5,13,20,2,40,0,0,11,0,11,5,13,31,2,51,10,0,10,61
01/23/2017,TOL,OH,AGL,CE,Combined TRACON& Tower with Radar,0,9,8,0,17,0,0,0,0,0,0,9,8,0,17,0,0,0,17
01/24/2017,TOL,OH,AGL,CE,Combined TRACON& Tower with Radar,5,11,20,0,36,0,3,4,0,7,5,14,24,0,43,2,0,2,45
01/25/2017,TOL,OH,AGL,CE,Combined TRACON& Tower with Radar,4,11,44,3,62,0,1,13,0,14,4,12,57,3,76,40,9,49,125
01/26/2017,TOL,OH,AGL,CE,Combined TRACON& Tower with Radar,4,6,21,5,36,0,2,1,1,4,4,8,22,6,40,0,4,4,44
01/27/2017,TOL,OH,AGL,CE,Combined TRACON& Tower with Radar,2,11,27,1,41,0,1,9,0,10,2,12,36,1,51,28,0,28,79
01/28/2017,TOL,OH,AGL,CE,Combined TRACON& Tower with Radar,2,6,2,1,11,0,1,5,0,6,2,7,7,1,17,0,0,0,17
01/29/2017,TOL,OH,AGL,CE,Combined TRACON& Tower with Radar,4,7,11,0,22,0,0,12,0,12,4,7,23,0,34,22,0,22,56
01/30/2017,TOL,OH,AGL,CE,Combined TRACON& Tower with Radar,3,11,30,2,46,0,1,23,0,24,3,12,53,2,70,39,0,39,109
01/31/2017,TOL,OH,AGL,CE,Combined TRACON& Tower with Radar,2,10,20,0,32,0,0,0,0,0,2,10,20,0,32,0,0,0,32
02/01/2017,TOL,OH,AGL,CE,Combined TRACON& Tower with Radar,2,17,28,3,50,0,4,32,3,39,2,21,60,6,89,77,0,77,166
02/02/2017,TOL,OH,AGL,CE,Combined TRACON& Tower with Radar,2,16,26,0,44,0,1,25,0,26,2,17,51,0,70,36,0,36,106
02/03/2017,TOL,OH,AGL,CE,Combined TRACON& Tower with Radar,3,8,27,4,42,0,1,16,2,19,3,9,43,6,61,17,8,25,86
02/04/2017,TOL,OH,AGL,CE,Combined TRACON& Tower with Radar,2,3,19,15,39,0,2,27,0,29,2,5,46,15,68,16,20,36,104
02/05/2017,TOL,OH,AGL,CE,Combined TRACON& Tower with Radar,1,7,17,0,25,0,3,11,0,14,1,10,28,0,39,16,0,16,55
02/06/2017,TOL,OH,AGL,CE,Combined TRACON& Tower with Radar,3,11,28,7,49,0,2,32,1,35,3,13,60,8,84,38,2,40,124
02/07/2017,TOL,OH,AGL,CE,Combined TRACON& Tower with Radar,2,8,11,3,24,0,0,0,0,0,2,8,11,3,24,0,1,1,25
02/08/2017,TOL,OH,AGL,CE,Combined TRACON& Tower with Radar,2,9,13,9,33,0,0,1,1,2,2,9,14,10,35,2,7,9,44
02/09/2017,TOL,OH,AGL,CE,Combined TRACON& Tower with Radar,2,10,18,8,38,0,3,7,0,10,2,13,25,8,48,6,16,22,70
02/10/2017,TOL,OH,AGL,CE,Combined TRACON& Tower with Radar,2,7,27,0,36,0,0,12,0,12,2,7,39,0,48,0,0,0,48
02/11/2017,TOL,OH,AGL,CE,Combined TRACON& Tower with Radar,2,4,17,0,23,0,1,18,0,19,2,5,35,0,42,32,0,32,74
02/12/2017,TOL,OH,AGL,CE,Combined TRACON& Tower with Radar,2,8,10,0,20,0,0,0,0,0,2,8,10,0,20,0,0,0,20
02/13/2017,TOL,OH,AGL,CE,Combined TRACON& Tower with Radar,2,7,25,14,48,0,3,22,3,28,2,10,47,17,76,66,2,68,144
02/14/2017,TOL,OH,AGL,CE,Combined TRACON& Tower with Radar,2,8,29,9,48,0,4,19,0,23,2,12,48,9,71,18,6,24,95
02/15/2017,TOL,OH,AGL,CE,Combined TRACON& Tower with Radar,4,6,25,15,50,0,0,13,0,13,4,6,38,15,63,17,8,25,88
02/16/2017,TOL,OH,AGL,CE,Combined TRACON& Tower with Radar,2,8,42,14,66,0,4,24,0,28,2,12,66,14,94,29,14,43,137
02/17/2017,TOL,OH,AGL,CE,Combined TRACON& Tower with Radar,4,10,40,0,54,0,0,44,1,45,4,10,84,1,99,50,0,50,149
02/18/2017,TOL,OH,AGL,CE,Combined TRACON& Tower with Radar,1,10,25,0,36,0,0,32,0,32,1,10,57,0,68,22,0,22,90
02/19/2017,TOL,OH,AGL,CE,Combined TRACON& Tower with Radar,2,9,14,0,25,0,1,30,0,31,2,10,44,0,56,27,0,27,83
02/20/2017,TOL,OH,AGL,CE,Combined TRACON& Tower with Radar,4,8,17,0,29,0,3,26,0,29,4,11,43,0,58,28,0,28,86
02/21/2017,TOL,OH,AGL,CE,Combined TRACON& Tower with Radar,6,6,13,7,32,0,3,7,0,10,6,9,20,7,42,12,0,12,54
02/22/2017,TOL,OH,AGL,CE,Combined TRACON& Tower with Radar,4,7,45,11,67,0,3,15,2,20,4,10,60,13,87,14,22,36,123
02/23/2017,TOL,OH,AGL,CE,Combined TRACON& Tower with Radar,2,11,28,13,54,0,2,23,0,25,2,13,51,13,79,6,16,22,101
02/24/2017,TOL,OH,AGL,CE,Combined TRACON& Tower with Radar,4,8,9,0,21,0,0,4,0,4,4,8,13,0,25,8,0,8,33
02/25/2017,TOL,OH,AGL,CE,Combined TRACON& Tower with Radar,4,7,9,0,20,0,3,0,0,3,4,10,9,0,23,0,0,0,23
02/26/2017,TOL,OH,AGL,CE,Combined TRACON& Tower with Radar,2,7,18,0,27,0,1,18,0,19,2,8,36,0,46,13,0,13,59
02/27/2017,TOL,OH,AGL,CE,Combined TRACON& Tower with Radar,4,10,25,21,60,0,0,19,0,19,4,10,44,21,79,41,8,49,128
02/28/2017,TOL,OH,AGL,CE,Combined TRACON& Tower with Radar,6,7,28,0,41,0,0,8,0,8,6,7,36,0,49,12,0,12,61
03/01/2017,TOL,OH,AGL,CE,Combined TRACON& Tower with Radar,4,8,13,20,45,0,0,3,0,3,4,8,16,20,48,0,32,32,80
03/02/2017,TOL,OH,AGL,CE,Combined TRACON& Tower with Radar,2,10,13,27,52,0,3,6,0,9,2,13,19,27,61,8,6,14,75
03/03/2017,TOL,OH,AGL,CE,Combined TRACON& Tower with Radar,4,9,36,7,56,0,2,11,2,15,4,11,47,9,71,28,6,34,105
03/04/2017,TOL,OH,AGL,CE,Combined TRACON& Tower with Radar,2,4,24,1,31,0,3,18,0,21,2,7,42,1,52,20,0,20,72
03/05/2017,TOL,OH,AGL,CE,Combined TRACON& Tower with Radar,4,8,24,0,36,0,2,39,0,41,4,10,63,0,77,40,0,40,117
03/06/2017,TOL,OH,AGL,CE,Combined TRACON& Tower with Radar,5,13,22,13,53,0,1,7,0,8,5,14,29,13,61,12,14,26,87
03/07/2017,TOL,OH,AGL,CE,Combined TRACON& Tower with Radar,4,10,26,11,51,0,0,1,0,1,4,10,27,11,52,4,8,12,64
03/08/2017,TOL,OH,AGL,CE,Combined TRACON& Tower with Radar,8,13,18,7,46,0,2,2,0,4,8,15,20,7,50,0,4,4,54
03/09/2017,TOL,OH,AGL,CE,Combined TRACON& Tower with Radar,1,9,30,12,52,0,0,12,1,13,1,9,42,13,65,14,8,22,87
03/10/2017,TOL,OH,AGL,CE,Combined TRACON& Tower with Radar,5,11,34,0,50,0,2,11,1,14,5,13,45,1,64,0,0,0,64
03/11/2017,TOL,OH,AGL,CE,Combined TRACON& Tower with Radar,4,10,16,11,41,0,2,22,0,24,4,12,38,11,65,16,58,74,139
03/12/2017,TOL,OH,AGL,CE,Combined TRACON& Tower with Radar,3,8,11,8,30,0,1,18,0,19,3,9,29,8,49,16,20,36,85
03/13/2017,TOL,OH,AGL,CE,Combined TRACON& Tower with Radar,4,9,12,0,25,0,0,0,0,0,4,9,12,0,25,0,0,0,25
03/14/2017,TOL,OH,AGL,CE,Combined TRACON& Tower with Radar,4,5,15,6,30,0,1,11,0,12,4,6,26,6,42,2,0,2,44
03/15/2017,TOL,OH,AGL,CE,Combined TRACON& Tower with Radar,9,14,32,5,60,0,7,10,0,17,9,21,42,5,77,2,0,2,79
03/16/2017,TOL,OH,AGL,CE,Combined TRACON& Tower with Radar,3,15,42,12,72,0,2,35,0,37,3,17,77,12,109,32,10,42,151
03/17/2017,TOL,OH,AGL,CE,Combined TRACON& Tower with Radar,4,15,8,2,29,0,1,0,0,1,4,16,8,2,30,0,0,0,30
03/18/2017,TOL,OH,AGL,CE,Combined TRACON& Tower with Radar,2,4,10,1,17,0,0,1,0,1,2,4,11,1,18,0,0,0,18
03/19/2017,TOL,OH,AGL,CE,Combined TRACON& Tower with Radar,6,14,15,0,35,0,5,10,0,15,6,19,25,0,50,4,0,4,54
03/20/2017,TOL,OH,AGL,CE,Combined TRACON& Tower with Radar,4,11,14,8,37,0,1,3,0,4,4,12,17,8,41,0,0,0,41
03/21/2017,TOL,OH,AGL,CE,Combined TRACON& Tower with Radar,6,15,25,11,57,0,3,15,2,20,6,18,40,13,77,25,6,31,108
03/22/2017,TOL,OH,AGL,CE,Combined TRACON& Tower with Radar,7,7,23,13,50,0,2,27,2,31,7,9,50,15,81,28,24,52,133
03/23/2017,TOL,OH,AGL,CE,Combined TRACON& Tower with Radar,2,9,24,12,47,0,5,36,0,41,2,14,60,12,88,10,13,23,111
03/24/2017,TOL,OH,AGL,CE,Combined TRACON& Tower with Radar,4,10,19,3,36,0,2,5,0,7,4,12,24,3,43,0,0,0,43
03/25/2017,TOL,OH,AGL,CE,Combined TRACON& Tower with Radar,4,2,11,0,17,0,0,2,0,2,4,2,13,0,19,21,0,21,40
03/26/2017,TOL,OH,AGL,CE,Combined TRACON& Tower with Radar,2,10,11,0,23,0,0,0,0,0,2,10,11,0,23,6,0,6,29
03/27/2017,TOL,OH,AGL,CE,Combined TRACON& Tower with Radar,6,8,34,10,58,0,6,12,0,18,6,14,46,10,76,24,4,28,104
03/28/2017,TOL,OH,AGL,CE,Combined TRACON& Tower with Radar,6,6,44,16,72,0,3,7,0,10,6,9,51,16,82,22,0,22,104
03/29/2017,TOL,OH,AGL,CE,Combined TRACON& Tower with Radar,8,14,43,17,82,0,5,37,2,44,8,19,80,19,126,40,10,50,176
03/30/2017,TOL,OH,AGL,CE,Combined TRACON& Tower with Radar,4,10,11,0,25,0,1,0,0,1,4,11,11,0,26,0,0,0,26
03/31/2017,TOL,OH,AGL,CE,Combined TRACON& Tower with Radar,5,11,15,0,31,0,0,0,0,0,5,11,15,0,31,0,0,0,31
04/01/2017,TOL,OH,AGL,CE,Combined TRACON& Tower with Radar,7,6,23,0,36,0,4,21,0,25,7,10,44,0,61,44,0,44,105
04/02/2017,TOL,OH,AGL,CE,Combined TRACON& Tower with Radar,6,6,20,1,33,0,1,27,0,28,6,7,47,1,61,28,0,28,89
04/03/2017,TOL,OH,AGL,CE,Combined TRACON& Tower with Radar,4,8,27,7,46,0,5,8,0,13,4,13,35,7,59,8,7,15,74
04/04/2017,TOL,OH,AGL,CE,Combined TRACON& Tower with Radar,6,15,20,11,52,0,3,8,0,11,6,18,28,11,63,2,0,2,65
04/05/2017,TOL,OH,AGL,CE,Combined TRACON& Tower with Radar,7,8,34,17,66,0,2,11,0,13,7,10,45,17,79,4,18,22,101
04/06/2017,TOL,OH,AGL,CE,Combined TRACON& Tower with Radar,4,12,24,0,40,0,0,0,0,0,4,12,24,0,40,0,0,0,40
04/07/2017,TOL,OH,AGL,CE,Combined TRACON& Tower with Radar,4,9,18,3,34,0,1,20,0,21,4,10,38,3,55,8,0,8,63
04/08/2017,TOL,OH,AGL,CE,Combined TRACON& Tower with Radar,6,3,22,0,31,0,6,44,0,50,6,9,66,0,81,22,0,22,103
04/09/2017,TOL,OH,AGL,CE,Combined TRACON& Tower with Radar,2,15,12,11,40,0,6,11,3,20,2,21,23,14,60,0,1,1,61
04/10/2017,TOL,OH,AGL,CE,Combined TRACON& Tower with Radar,5,12,18,15,50,0,3,14,0,17,5,15,32,15,67,0,6,6,73
04/11/2017,TOL,OH,AGL,CE,Combined TRACON& Tower with Radar,4,13,28,9,54,0,8,18,2,28,4,21,46,11,82,30,0,30,112
04/12/2017,TOL,OH,AGL,CE,Combined TRACON& Tower with Radar,4,13,31,9,57,0,2,25,0,27,4,15,56,9,84,24,23,47,131
04/13/2017,TOL,OH,AGL,CE,Combined TRACON& Tower with Radar,2,18,29,22,71,0,1,22,2,25,2,19,51,24,96,12,46,58,154
04/14/2017,TOL,OH,AGL,CE,Combined TRACON& Tower with Radar,4,9,36,0,49,0,3,22,0,25,4,12,58,0,74,6,0,6,80
04/15/2017,TOL,OH,AGL,CE,Combined TRACON& Tower with Radar,4,2,4,0,10,0,1,7,0,8,4,3,11,0,18,6,0,6,24
04/16/2017,TOL,OH,AGL,CE,Combined TRACON& Tower with Radar,2,9,6,0,17,0,2,12,0,14,2,11,18,0,31,16,0,16,47
04/17/2017,TOL,OH,AGL,CE,Combined TRACON& Tower with Radar,4,7,33,19,63,0,3,35,2,40,4,10,68,21,103,14,4,18,121
04/18/2017,TOL,OH,AGL,CE,Combined TRACON& Tower with Radar,2,9,28,11,50,0,1,33,6,40,2,10,61,17,90,26,8,34,124
04/19/2017,TOL,OH,AGL,CE,Combined TRACON& Tower with Radar,2,12,19,3,36,0,7,18,2,27,2,19,37,5,63,15,0,15,78
04/20/2017,TOL,OH,AGL,CE,Combined TRACON& Tower with Radar,2,15,16,4,37,0,0,12,0,12,2,15,28,4,49,2,6,8,57
04/21/2017,TOL,OH,AGL,CE,Combined TRACON& Tower with Radar,6,9,29,2,46,0,2,31,0,33,6,11,60,2,79,12,0,12,91
04/22/2017,TOL,OH,AGL,CE,Combined TRACON& Tower with Radar,2,3,21,0,26,0,2,30,0,32,2,5,51,0,58,14,0,14,72
04/23/2017,TOL,OH,AGL,CE,Combined TRACON& Tower with Radar,4,10,13,1,28,0,7,52,4,63,4,17,65,5,91,6,18,24,115
04/24/2017,TOL,OH,AGL,CE,Combined TRACON& Tower with Radar,4,9,28,18,59,0,5,37,0,42,4,14,65,18,101,20,4,24,125
04/25/2017,TOL,OH,AGL,CE,Combined TRACON& Tower with Radar,3,13,32,13,61,0,0,26,0,26,3,13,58,13,87,8,0,8,95
04/26/2017,TOL,OH,AGL,CE,Combined TRACON& Tower with Radar,5,16,34,9,64,0,0,25,0,25,5,16,59,9,89,16,12,28,117
04/27/2017,TOL,OH,AGL,CE,Combined TRACON& Tower with Radar,3,11,27,12,53,0,8,14,0,22,3,19,41,12,75,4,4,8,83
04/28/2017,TOL,OH,AGL,CE,Combined TRACON& Tower with Radar,4,10,41,0,55,0,5,27,0,32,4,15,68,0,87,14,0,14,101
04/29/2017,TOL,OH,AGL,CE,Combined TRACON& Tower with Radar,0,3,7,0,10,0,3,2,0,5,0,6,9,0,15,2,0,2,17
04/30/2017,TOL,OH,AGL,CE,Combined TRACON& Tower with Radar,2,5,13,0,20,0,0,2,0,2,2,5,15,0,22,2,0,2,24
05/01/2017,TOL,OH,AGL,CE,Combined TRACON& Tower with Radar,5,7,27,14,53,0,2,4,0,6,5,9,31,14,59,0,6,6,65
05/02/2017,TOL,OH,AGL,CE,Combined TRACON& Tower with Radar,5,13,23,7,48,0,6,7,0,13,5,19,30,7,61,0,0,0,61
05/03/2017,TOL,OH,AGL,CE,Combined TRACON& Tower with Radar,6,19,31,10,66,0,1,21,0,22,6,20,52,10,88,18,13,31,119
05/04/2017,TOL,OH,AGL,CE,Combined TRACON& Tower with Radar,3,11,34,0,48,0,3,1,0,4,3,14,35,0,52,0,0,0,52
05/05/2017,TOL,OH,AGL,CE,Combined TRACON& Tower with Radar,3,20,22,0,45,0,0,0,0,0,3,20,22,0,45,0,0,0,45
05/06/2017,TOL,OH,AGL,CE,Combined TRACON& Tower with Radar,5,5,14,4,28,0,2,70,3,75,5,7,84,7,103,0,24,24,127
05/07/2017,TOL,OH,AGL,CE,Combined TRACON& Tower with Radar,2,15,19,6,42,0,3,78,4,85,2,18,97,10,127,20,21,41,168
05/08/2017,TOL,OH,AGL,CE,Combined TRACON& Tower with Radar,6,9,36,17,68,0,2,26,2,30,6,11,62,19,98,14,10,24,122
05/09/2017,TOL,OH,AGL,CE,Combined TRACON& Tower with Radar,2,12,48,11,73,0,4,26,0,30,2,16,74,11,103,30,4,34,137
05/10/2017,TOL,OH,AGL,CE,Combined TRACON& Tower with Radar,0,12,48,18,78,0,2,30,0,32,0,14,78,18,110,54,0,54,164
05/11/2017,TOL,OH,AGL,CE,Combined TRACON& Tower with Radar,2,15,53,21,91,0,3,24,1,28,2,18,77,22,119,6,6,12,131
05/12/2017,TOL,OH,AGL,CE,Combined TRACON& Tower with Radar,4,11,30,2,47,0,5,18,0,23,4,16,48,2,70,16,0,16,86
05/13/2017,TOL,OH,AGL,CE,Combined TRACON& Tower with Radar,0,3,15,0,18,0,3,23,0,26,0,6,38,0,44,13,0,13,57
05/14/2017,TOL,OH,AGL,CE,Combined TRACON& Tower with Radar,2,11,7,0,20,0,1,3,0,4,2,12,10,0,24,4,0,4,28
05/15/2017,TOL,OH,AGL,CE,Combined TRACON& Tower with Radar,5,10,38,3,56,0,2,19,0,21,5,12,57,3,77,26,4,30,107
05/16/2017,TOL,OH,AGL,CE,Combined TRACON& Tower with Radar,3,11,22,6,42,0,3,23,0,26,3,14,45,6,68,20,6,26,94
05/17/2017,TOL,OH,AGL,CE,Combined TRACON& Tower with Radar,3,8,13,4,28,0,0,5,0,5,3,8,18,4,33,8,0,8,41
05/18/2017,TOL,OH,AGL,CE,Combined TRACON& Tower with Radar,2,11,13,7,33,0,6,9,1,16,2,17,22,8,49,2,0,2,51
05/19/2017,TOL,OH,AGL,CE,Combined TRACON& Tower with Radar,2,8,33,1,44,0,1,6,0,7,2,9,39,1,51,2,0,2,53
05/20/2017,TOL,OH,AGL,CE,Combined TRACON& Tower with Radar,2,5,18,4,29,0,2,13,0,15,2,7,31,4,44,0,0,0,44
05/21/2017,TOL,OH,AGL,CE,Combined TRACON& Tower with Radar,5,10,18,0,33,0,0,5,0,5,5,10,23,0,38,0,0,0,38
05/22/2017,TOL,OH,AGL,CE,Combined TRACON& Tower with Radar,3,9,33,3,48,0,4,33,0,37,3,13,66,3,85,44,0,44,129
05/23/2017,TOL,OH,AGL,CE,Combined TRACON& Tower with Radar,4,13,30,6,53,0,3,18,0,21,4,16,48,6,74,8,0,8,82
05/24/2017,TOL,OH,AGL,CE,Combined TRACON& Tower with Radar,3,10,32,6,51,0,1,8,2,11,3,11,40,8,62,6,4,10,72
05/25/2017,TOL,OH,AGL,CE,Combined TRACON& Tower with Radar,4,7,39,2,52,0,1,2,0,3,4,8,41,2,55,6,0,6,61
05/26/2017,TOL,OH,AGL,CE,Combined TRACON& Tower with Radar,9,11,19,0,39,0,3,26,3,32,9,14,45,3,71,14,0,14,85
05/27/2017,TOL,OH,AGL,CE,Combined TRACON& Tower with Radar,3,4,7,4,18,0,1,26,11,38,3,5,33,15,56,10,10,20,76
05/28/2017,TOL,OH,AGL,CE,Combined TRACON& Tower with Radar,6,3,2,0,11,0,2,6,0,8,6,5,8,0,19,4,0,4,23
05/29/2017,TOL,OH,AGL,CE,Combined TRACON& Tower with Radar,5,10,14,0,29,0,4,27,2,33,5,14,41,2,62,15,0,15,77
05/30/2017,TOL,OH,AGL,CE,Combined TRACON& Tower with Radar,3,7,26,17,53,0,3,16,0,19,3,10,42,17,72,18,12,30,102
05/31/2017,TOL,OH,AGL,CE,Combined TRACON& Tower with Radar,4,10,22,5,41,0,1,21,2,24,4,11,43,7,65,6,24,30,95
06/01/2017,TOL,OH,AGL,CE,Combined TRACON& Tower with Radar,0,12,26,0,38,0,1,41,0,42,0,13,67,0,80,12,0,12,92
06/02/2017,TOL,OH,AGL,CE,Combined TRACON& Tower with Radar,4,19,30,6,59,0,3,31,0,34,4,22,61,6,93,30,12,42,135
06/03/2017,TOL,OH,AGL,CE,Combined TRACON& Tower with Radar,5,13,20,12,50,0,2,31,1,34,5,15,51,13,84,38,4,42,126
06/04/2017,TOL,OH,AGL,CE,Combined TRACON& Tower with Radar,4,14,12,2,32,0,4,7,0,11,4,18,19,2,43,7,2,9,52
06/05/2017,TOL,OH,AGL,CE,Combined TRACON& Tower with Radar,6,12,33,10,61,0,4,19,3,26,6,16,52,13,87,10,4,14,101
06/06/2017,TOL,OH,AGL,CE,Combined TRACON& Tower with Radar,6,13,25,0,44,0,0,20,0,20,6,13,45,0,64,44,0,44,108
06/07/2017,TOL,OH,AGL,CE,Combined TRACON& Tower with Radar,11,16,30,7,64,0,2,11,0,13,11,18,41,7,77,14,2,16,93
06/08/2017,TOL,OH,AGL,CE,Combined TRACON& Tower with Radar,4,19,39,0,62,0,2,22,0,24,4,21,61,0,86,22,0,22,108
06/09/2017,TOL,OH,AGL,CE,Combined TRACON& Tower with Radar,3,10,26,2,41,0,3,11,0,14,3,13,37,2,55,12,0,12,67
06/10/2017,TOL,OH,AGL,CE,Combined TRACON& Tower with Radar,5,8,17,0,30,0,4,23,0,27,5,12,40,0,57,12,0,12,69
06/11/2017,TOL,OH,AGL,CE,Combined TRACON& Tower with Radar,2,11,14,0,27,0,1,5,0,6,2,12,19,0,33,0,0,0,33
06/12/2017,TOL,OH,AGL,CE,Combined TRACON& Tower with Radar,4,10,25,14,53,0,1,17,0,18,4,11,42,14,71,26,22,48,119
06/13/2017,TOL,OH,AGL,CE,Combined TRACON& Tower with Radar,3,12,23,6,44,0,1,30,0,31,3,13,53,6,75,21,0,21,96
06/14/2017,TOL,OH,AGL,CE,Combined TRACON& Tower with Radar,4,9,25,6,44,0,3,9,4,16,4,12,34,10,60,2,5,7,67
06/15/2017,TOL,OH,AGL,CE,Combined TRACON& Tower with Radar,7,15,45,7,74,0,3,25,0,28,7,18,70,7,102,20,10,30,132
06/16/2017,TOL,OH,AGL,CE,Combined TRACON& Tower with Radar,4,9,34,2,49,0,0,21,0,21,4,9,55,2,70,4,0,4,74
06/17/2017,TOL,OH,AGL,CE,Combined TRACON& Tower with Radar,5,3,16,3,27,0,0,20,0,20,5,3,36,3,47,10,0,10,57
06/18/2017,TOL,OH,AGL,CE,Combined TRACON& Tower with Radar,5,9,11,5,30,0,1,11,1,13,5,10,22,6,43,12,0,12,55
06/19/2017,TOL,OH,AGL,CE,Combined TRACON& Tower with Radar,6,5,35,16,62,0,1,12,2,15,6,6,47,18,77,16,6,22,99
06/20/2017,TOL,OH,AGL,CE,Combined TRACON& Tower with Radar,4,11,31,16,62,0,5,10,1,16,4,16,41,17,78,8,8,16,94
06/21/2017,TOL,OH,AGL,CE,Combined TRACON& Tower with Radar,4,13,50,15,82,0,0,51,2,53,4,13,101,17,135,14,10,24,159
06/22/2017,TOL,OH,AGL,CE,Combined TRACON& Tower with Radar,10,8,44,16,78,0,4,6,0,10,10,12,50,16,88,22,18,40,128
06/23/2017,TOL,OH,AGL,CE,Combined TRACON& Tower with Radar,4,9,24,0,37,0,1,4,0,5,4,10,28,0,42,0,0,0,42
06/24/2017,TOL,OH,AGL,CE,Combined TRACON& Tower with Radar,3,10,26,0,39,0,3,20,0,23,3,13,46,0,62,0,0,0,62
06/25/2017,TOL,OH,AGL,CE,Combined TRACON& Tower with Radar,2,9,27,0,38,0,1,21,2,24,2,10,48,2,62,8,0,8,70
06/26/2017,TOL,OH,AGL,CE,Combined TRACON& Tower with Radar,2,8,30,17,57,0,3,15,1,19,2,11,45,18,76,8,22,30,106
06/27/2017,TOL,OH,AGL,CE,Combined TRACON& Tower with Radar,6,13,35,7,61,0,2,23,0,25,6,15,58,7,86,56,0,56,142
06/28/2017,TOL,OH,AGL,CE,Combined TRACON& Tower with Radar,4,11,42,15,72,0,2,19,0,21,4,13,61,15,93,6,0,6,99
06/29/2017,TOL,OH,AGL,CE,Combined TRACON& Tower with Radar,2,16,25,15,58,0,1,6,0,7,2,17,31,15,65,0,10,10,75
06/30/2017,TOL,OH,AGL,CE,Combined TRACON& Tower with Radar,2,15,25,0,42,0,2,0,0,2,2,17,25,0,44,2,0,2,46
07/01/2017,TOL,OH,AGL,CE,Combined TRACON& Tower with Radar,2,8,19,0,29,0,3,6,0,9,2,11,25,0,38,22,0,22,60
07/02/2017,TOL,OH,AGL,CE,Combined TRACON& Tower with Radar,2,5,9,0,16,0,0,21,0,21,2,5,30,0,37,4,0,4,41
07/03/2017,TOL,OH,AGL,CE,Combined TRACON& Tower with Radar,2,5,10,0,17,0,2,11,0,13,2,7,21,0,30,8,0,8,38
07/04/2017,TOL,OH,AGL,CE,Combined TRACON& Tower with Radar,0,10,7,0,17,0,1,11,0,12,0,11,18,0,29,14,0,14,43
07/05/2017,TOL,OH,AGL,CE,Combined TRACON& Tower with Radar,4,10,29,19,62,0,3,30,0,33,4,13,59,19,95,21,12,33,128
07/06/2017,TOL,OH,AGL,CE,Combined TRACON& Tower with Radar,3,16,42,11,72,0,0,20,0,20,3,16,62,11,92,20,14,34,126
07/07/2017,TOL,OH,AGL,CE,Combined TRACON& Tower with Radar,6,9,15,0,30,0,1,9,0,10,6,10,24,0,40,8,0,8,48
07/08/2017,TOL,OH,AGL,CE,Combined TRACON& Tower with Radar,7,14,16,10,47,0,5,21,5,31,7,19,37,15,78,14,15,29,107
07/09/2017,TOL,OH,AGL,CE,Combined TRACON& Tower with Radar,2,11,31,12,56,0,4,36,0,40,2,15,67,12,96,20,8,28,124
07/10/2017,TOL,OH,AGL,CE,Combined TRACON& Tower with Radar,2,12,23,0,37,0,0,0,0,0,2,12,23,0,37,0,0,0,37
07/11/2017,TOL,OH,AGL,CE,Combined TRACON& Tower with Radar,3,15,24,13,55,0,1,6,0,7,3,16,30,13,62,6,4,10,72
07/12/2017,TOL,OH,AGL,CE,Combined TRACON& Tower with Radar,4,7,30,17,58,0,3,7,0,10,4,10,37,17,68,10,8,18,86
07/13/2017,TOL,OH,AGL,CE,Combined TRACON& Tower with Radar,4,17,28,17,66,0,1,8,0,9,4,18,36,17,75,22,6,28,103
07/14/2017,TOL,OH,AGL,CE,Combined TRACON& Tower with Radar,11,15,30,8,64,0,2,14,0,16,11,17,44,8,80,12,0,12,92
07/15/2017,TOL,OH,AGL,CE,Combined TRACON& Tower with Radar,12,4,10,0,26,0,5,23,0,28,12,9,33,0,54,8,2,10,64
07/16/2017,TOL,OH,AGL,CE,Combined TRACON& Tower with Radar,2,7,15,0,24,0,1,15,0,16,2,8,30,0,40,13,0,13,53
07/17/2017,TOL,OH,AGL,CE,Combined TRACON& Tower with Radar,2,20,32,10,64,0,3,20,0,23,2,23,52,10,87,12,2,14,101
07/18/2017,TOL,OH,AGL,CE,Combined TRACON& Tower with Radar,5,8,28,9,50,0,2,22,2,26,5,10,50,11,76,16,2,18,94
07/19/2017,TOL,OH,AGL,CE,Combined TRACON& Tower with Radar,2,11,26,13,52,0,6,34,2,42,2,17,60,15,94,6,38,44,138
07/20/2017,TOL,OH,AGL,CE,Combined TRACON& Tower with Radar,2,20,32,17,71,0,4,20,3,27,2,24,52,20,98,0,18,18,116
07/21/2017,TOL,OH,AGL,CE,Combined TRACON& Tower with Radar,2,5,31,0,38,0,1,26,0,27,2,6,57,0,65,4,0,4,69
07/22/2017,TOL,OH,AGL,CE,Combined TRACON& Tower with Radar,2,6,13,0,21,0,1,11,0,12,2,7,24,0,33,8,0,8,41
07/23/2017,TOL,OH,AGL,CE,Combined TRACON& Tower with Radar,2,13,31,0,46,0,4,10,0,14,2,17,41,0,60,8,0,8,68
07/24/2017,TOL,OH,AGL,CE,Combined TRACON& Tower with Radar,3,15,41,10,69,0,5,28,6,39,3,20,69,16,108,12,0,12,120
07/25/2017,TOL,OH,AGL,CE,Combined TRACON& Tower with Radar,2,16,33,18,69,0,5,42,0,47,2,21,75,18,116,40,4,44,160
07/26/2017,TOL,OH,AGL,CE,Combined TRACON& Tower with Radar,2,22,30,12,66,0,4,22,1,27,2,26,52,13,93,13,19,32,125
07/27/2017,TOL,OH,AGL,CE,Combined TRACON& Tower with Radar,5,15,38,0,58,0,3,19,2,24,5,18,57,2,82,4,0,4,86
07/28/2017,TOL,OH,AGL,CE,Combined TRACON& Tower with Radar,2,8,35,0,45,0,4,17,0,21,2,12,52,0,66,20,4,24,90
07/29/2017,TOL,OH,AGL,CE,Combined TRACON& Tower with Radar,4,5,26,1,36,0,3,18,2,23,4,8,44,3,59,0,0,0,59
07/30/2017,TOL,OH,AGL,CE,Combined TRACON& Tower with Radar,2,13,16,0,31,0,6,37,2,45,2,19,53,2,76,8,0,8,84
07/31/2017,TOL,OH,AGL,CE,Combined TRACON& Tower with Radar,3,13,27,17,60,0,0,23,0,23,3,13,50,17,83,18,4,22,105
08/01/2017,TOL,OH,AGL,CE,Combined TRACON& Tower with Radar,3,9,29,10,51,0,0,40,0,40,3,9,69,10,91,35,2,37,128
08/02/2017,TOL,OH,AGL,CE,Combined TRACON& Tower with Radar,2,8,28,21,59,0,1,12,3,16,2,9,40,24,75,16,8,24,99
08/03/2017,TOL,OH,AGL,CE,Combined TRACON& Tower with Radar,3,14,23,11,51,0,2,13,0,15,3,16,36,11,66,24,0,24,90
08/04/2017,TOL,OH,AGL,CE,Combined TRACON& Tower with Radar,2,11,8,0,21,0,2,15,0,17,2,13,23,0,38,4,0,4,42
08/05/2017,TOL,OH,AGL,CE,Combined TRACON& Tower with Radar,2,8,17,7,34,0,2,19,0,21,2,10,36,7,55,24,0,24,79
08/06/2017,TOL,OH,AGL,CE,Combined TRACON& Tower with Radar,4,11,30,7,52,0,0,26,0,26,4,11,56,7,78,38,0,38,116
08/07/2017,TOL,OH,AGL,CE,Combined TRACON& Tower with Radar,2,12,29,7,50,0,1,13,0,14,2,13,42,7,64,10,0,10,74
08/08/2017,TOL,OH,AGL,CE,Combined TRACON& Tower with Radar,4,15,43,5,67,0,2,18,0,20,4,17,61,5,87,19,0,19,106
08/09/2017,TOL,OH,AGL,CE,Combined TRACON& Tower with Radar,2,14,17,3,36,0,5,26,2,33,2,19,43,5,69,8,4,12,81
08/10/2017,TOL,OH,AGL,CE,Combined TRACON& Tower with Radar,4,16,39,1,60,0,4,28,1,33,4,20,67,2,93,10,0,10,103
08/11/2017,TOL,OH,AGL,CE,Combined TRACON& Tower with Radar,2,9,23,0,34,0,3,9,0,12,2,12,32,0,46,6,0,6,52
08/12/2017,TOL,OH,AGL,CE,Combined TRACON& Tower with Radar,2,9,20,0,31,0,4,23,2,29,2,13,43,2,60,19,0,19,79
08/13/2017,TOL,OH,AGL,CE,Combined TRACON& Tower with Radar,2,8,19,0,29,0,4,14,0,18,2,12,33,0,47,18,0,18,65
08/14/2017,TOL,OH,AGL,CE,Combined TRACON& Tower with Radar,2,9,20,9,40,0,2,28,3,33,2,11,48,12,73,30,14,44,117
08/15/2017,TOL,OH,AGL,CE,Combined TRACON& Tower with Radar,3,15,39,2,59,0,2,16,2,20,3,17,55,4,79,12,0,12,91
08/16/2017,TOL,OH,AGL,CE,Combined TRACON& Tower with Radar,3,9,27,9,48,0,4,14,2,20,3,13,41,11,68,2,0,2,70
08/17/2017,TOL,OH,AGL,CE,Combined TRACON& Tower with Radar,2,6,27,2,37,0,2,11,0,13,2,8,38,2,50,4,0,4,54
08/18/2017,TOL,OH,AGL,CE,Combined TRACON& Tower with Radar,2,10,31,2,45,0,4,14,2,20,2,14,45,4,65,10,0,10,75
08/19/2017,TOL,OH,AGL,CE,Combined TRACON& Tower with Radar,2,8,17,0,27,0,2,15,0,17,2,10,32,0,44,2,0,2,46
08/20/2017,TOL,OH,AGL,CE,Combined TRACON& Tower with Radar,2,13,13,0,28,0,2,18,2,22,2,15,31,2,50,10,0,10,60
08/21/2017,TOL,OH,AGL,CE,Combined TRACON& Tower with Radar,6,11,32,9,58,0,3,15,2,20,6,14,47,11,78,8,18,26,104
08/22/2017,TOL,OH,AGL,CE,Combined TRACON& Tower with Radar,5,23,24,0,52,0,1,6,0,7,5,24,30,0,59,2,0,2,61
08/23/2017,TOL,OH,AGL,CE,Combined TRACON& Tower with Radar,7,28,29,9,73,0,2,28,2,32,7,30,57,11,105,28,10,38,143
08/24/2017,TOL,OH,AGL,CE,Combined TRACON& Tower with Radar,6,15,55,0,76,0,1,26,0,27,6,16,81,0,103,32,0,32,135
08/25/2017,TOL,OH,AGL,CE,Combined TRACON& Tower with Radar,7,20,31,1,59,0,2,31,0,33,7,22,62,1,92,16,0,16,108
08/26/2017,TOL,OH,AGL,CE,Combined TRACON& Tower with Radar,4,11,21,4,40,0,6,22,5,33,4,17,43,9,73,34,0,34,107
08/27/2017,TOL,OH,AGL,CE,Combined TRACON& Tower with Radar,2,18,17,0,37,0,1,26,0,27,2,19,43,0,64,22,0,22,86
08/28/2017,TOL,OH,AGL,CE,Combined TRACON& Tower with Radar,3,16,15,0,34,0,3,8,0,11,3,19,23,0,45,10,0,10,55
08/29/2017,TOL,OH,AGL,CE,Combined TRACON& Tower with Radar,3,17,21,7,48,0,0,7,0,7,3,17,28,7,55,2,0,2,57
08/30/2017,TOL,OH,AGL,CE,Combined TRACON& Tower with Radar,11,15,32,5,63,0,2,20,3,25,11,17,52,8,88,18,12,30,118
08/31/2017,TOL,OH,AGL,CE,Combined TRACON& Tower with Radar,6,12,35,17,70,0,2,9,2,13,6,14,44,19,83,10,0,10,93
09/01/2017,TOL,OH,AGL,CE,Combined TRACON& Tower with Radar,13,17,22,0,52,0,3,28,0,31,13,20,50,0,83,8,0,8,91
09/02/2017,TOL,OH,AGL,CE,Combined TRACON& Tower with Radar,4,10,28,0,42,0,3,12,0,15,4,13,40,0,57,8,0,8,65
09/03/2017,TOL,OH,AGL,CE,Combined TRACON& Tower with Radar,2,12,20,0,34,0,2,23,0,25,2,14,43,0,59,18,0,18,77
09/04/2017,TOL,OH,AGL,CE,Combined TRACON& Tower with Radar,3,13,11,0,27,0,1,10,0,11,3,14,21,0,38,8,0,8,46
09/05/2017,TOL,OH,AGL,CE,Combined TRACON& Tower with Radar,5,18,44,15,82,0,5,8,0,13,5,23,52,15,95,16,0,16,111
09/06/2017,TOL,OH,AGL,CE,Combined TRACON& Tower with Radar,4,16,43,20,83,0,0,20,0,20,4,16,63,20,103,30,10,40,143
09/07/2017,TOL,OH,AGL,CE,Combined TRACON& Tower with Radar,2,20,21,13,56,0,3,7,2,12,2,23,28,15,68,2,2,4,72
09/08/2017,TOL,OH,AGL,CE,Combined TRACON& Tower with Radar,9,19,39,0,67,0,3,38,0,41,9,22,77,0,108,28,0,28,136
09/09/2017,TOL,OH,AGL,CE,Combined TRACON& Tower with Radar,6,12,13,22,53,0,5,21,2,28,6,17,34,24,81,12,8,20,101
09/10/2017,TOL,OH,AGL,CE,Combined TRACON& Tower with Radar,3,16,22,19,60,0,1,24,4,29,3,17,46,23,89,10,26,36,125
09/11/2017,TOL,OH,AGL,CE,Combined TRACON& Tower with Radar,3,15,26,18,62,0,2,35,1,38,3,17,61,19,100,16,6,22,122
09/12/2017,TOL,OH,AGL,CE,Combined TRACON& Tower with Radar,4,10,42,16,72,0,0,46,0,46,4,10,88,16,118,42,22,64,182
09/13/2017,TOL,OH,AGL,CE,Combined TRACON& Tower with Radar,9,19,29,18,75,0,2,15,0,17,9,21,44,18,92,0,4,4,96
09/14/2017,TOL,OH,AGL,CE,Combined TRACON& Tower with Radar,3,25,37,15,80,0,7,23,1,31,3,32,60,16,111,28,6,34,145
09/15/2017,TOL,OH,AGL,CE,Combined TRACON& Tower with Radar,4,10,22,9,45,0,1,23,1,25,4,11,45,10,70,24,0,24,94
09/16/2017,TOL,OH,AGL,CE,Combined TRACON& Tower with Radar,6,11,13,0,30,0,0,30,2,32,6,11,43,2,62,16,0,16,78
09/17/2017,TOL,OH,AGL,CE,Combined TRACON& Tower with Radar,4,15,7,0,26,0,2,13,0,15,4,17,20,0,41,6,0,6,47
09/18/2017,TOL,OH,AGL,CE,Combined TRACON& Tower with Radar,2,12,27,14,55,0,2,3,0,5,2,14,30,14,60,2,8,10,70
09/19/2017,TOL,OH,AGL,CE,Combined TRACON& Tower with Radar,4,16,19,0,39,0,0,2,0,2,4,16,21,0,41,11,0,11,52
09/20/2017,TOL,OH,AGL,CE,Combined TRACON& Tower with Radar,5,11,43,13,72,0,0,24,3,27,5,11,67,16,99,6,14,20,119
09/21/2017,TOL,OH,AGL,CE,Combined TRACON& Tower with Radar,4,17,36,13,70,0,0,15,0,15,4,17,51,13,85,39,4,43,128
09/22/2017,TOL,OH,AGL,CE,Combined TRACON& Tower with Radar,8,24,33,1,66,0,1,24,0,25,8,25,57,1,91,22,0,22,113
09/23/2017,TOL,OH,AGL,CE,Combined TRACON& Tower with Radar,5,10,21,0,36,0,2,48,0,50,5,12,69,0,86,28,0,28,114
09/24/2017,TOL,OH,AGL,CE,Combined TRACON& Tower with Radar,5,12,24,0,41,0,1,18,1,20,5,13,42,1,61,18,0,18,79
09/25/2017,TOL,OH,AGL,CE,Combined TRACON& Tower with Radar,4,20,28,19,71,0,3,16,0,19,4,23,44,19,90,44,6,50,140
09/26/2017,TOL,OH,AGL,CE,Combined TRACON& Tower with Radar,16,24,25,15,80,0,2,23,0,25,16,26,48,15,105,8,10,18,123
09/27/2017,TOL,OH,AGL,CE,Combined TRACON& Tower with Radar,8,24,20,22,74,0,2,15,2,19,8,26,35,24,93,14,20,34,127
09/28/2017,TOL,OH,AGL,CE,Combined TRACON& Tower with Radar,6,20,43,17,86,0,3,24,2,29,6,23,67,19,115,20,6,26,141
09/29/2017,TOL,OH,AGL,CE,Combined TRACON& Tower with Radar,8,17,34,0,59,0,3,17,0,20,8,20,51,0,79,4,0,4,83
09/30/2017,TOL,OH,AGL,CE,Combined TRACON& Tower with Radar,6,15,13,1,35,0,3,22,1,26,6,18,35,2,61,8,0,8,69
10/01/2017,TOL,OH,AGL,CE,Combined TRACON& Tower with Radar,2,16,22,0,40,0,1,14,0,15,2,17,36,0,55,18,0,18,73
10/02/2017,TOL,OH,AGL,CE,Combined TRACON& Tower with Radar,2,12,34,24,72,0,3,12,5,20,2,15,46,29,92,6,34,40,132
10/03/2017,TOL,OH,AGL,CE,Combined TRACON& Tower with Radar,4,14,27,16,61,0,4,18,4,26,4,18,45,20,87,6,16,22,109
10/04/2017,TOL,OH,AGL,CE,Combined TRACON& Tower with Radar,2,17,35,19,73,0,0,4,2,6,2,17,39,21,79,4,14,18,97
10/05/2017,TOL,OH,AGL,CE,Combined TRACON& Tower with Radar,3,16,35,19,73,0,5,15,4,24,3,21,50,23,97,11,4,15,112
10/06/2017,TOL,OH,AGL,CE,Combined TRACON& Tower with Radar,2,20,27,0,49,0,1,2,0,3,2,21,29,0,52,0,0,0,52
10/07/2017,TOL,OH,AGL,CE,Combined TRACON& Tower with Radar,2,16,13,0,31,0,3,19,0,22,2,19,32,0,53,8,0,8,61
10/08/2017,TOL,OH,AGL,CE,Combined TRACON& Tower with Radar,2,13,20,2,37,0,2,16,0,18,2,15,36,2,55,2,0,2,57
10/09/2017,TOL,OH,AGL,CE,Combined TRACON& Tower with Radar,6,23,48,0,77,0,2,19,0,21,6,25,67,0,98,10,0,10,108
10/10/2017,TOL,OH,AGL,CE,Combined TRACON& Tower with Radar,2,15,37,19,73,0,2,18,3,23,2,17,55,22,96,4,22,26,122
10/11/2017,TOL,OH,AGL,CE,Combined TRACON& Tower with Radar,2,11,29,13,55,0,1,1,0,2,2,12,30,13,57,0,0,0,57
10/12/2017,TOL,OH,AGL,CE,Combined TRACON& Tower with Radar,1,14,37,7,59,0,0,3,0,3,1,14,40,7,62,2,0,2,64
10/13/2017,TOL,OH,AGL,CE,Combined TRACON& Tower with Radar,6,20,28,0,54,0,4,10,0,14,6,24,38,0,68,8,0,8,76
10/14/2017,TOL,OH,AGL,CE,Combined TRACON& Tower with Radar,3,10,17,1,31,0,1,13,1,15,3,11,30,2,46,19,0,19,65
10/15/2017,TOL,OH,AGL,CE,Combined TRACON& Tower with Radar,5,16,12,0,33,0,1,3,0,4,5,17,15,0,37,0,0,0,37
10/16/2017,TOL,OH,AGL,CE,Combined TRACON& Tower with Radar,2,11,30,13,56,0,0,19,0,19,2,11,49,13,75,14,2,16,91
10/17/2017,TOL,OH,AGL,CE,Combined TRACON& Tower with Radar,3,15,24,13,55,0,2,22,0,24,3,17,46,13,79,4,0,4,83
10/18/2017,TOL,OH,AGL,CE,Combined TRACON& Tower with Radar,2,14,24,7,47,0,2,35,0,37,2,16,59,7,84,0,0,0,84
10/19/2017,TOL,OH,AGL,CE,Combined TRACON& Tower with Radar,5,16,19,11,51,0,3,26,0,29,5,19,45,11,80,40,0,40,120
10/20/2017,TOL,OH,AGL,CE,Combined TRACON& Tower with Radar,3,17,34,1,55,0,1,33,0,34,3,18,67,1,89,49,0,49,138
10/21/2017,TOL,OH,AGL,CE,Combined TRACON& Tower with Radar,5,11,24,6,46,0,3,41,3,47,5,14,65,9,93,40,12,52,145
10/22/2017,TOL,OH,AGL,CE,Combined TRACON& Tower with Radar,2,12,21,10,45,0,2,8,7,17,2,14,29,17,62,4,24,28,90
10/23/2017,TOL,OH,AGL,CE,Combined TRACON& Tower with Radar,2,12,25,2,41,0,0,3,0,3,2,12,28,2,44,0,0,0,44
10/24/2017,TOL,OH,AGL,CE,Combined TRACON& Tower with Radar,2,15,30,10,57,0,2,1,0,3,2,17,31,10,60,0,0,0,60
10/25/2017,TOL,OH,AGL,CE,Combined TRACON& Tower with Radar,1,12,25,11,49,1,2,13,2,18,2,14,38,13,67,34,38,72,139
10/26/2017,TOL,OH,AGL,CE,Combined TRACON& Tower with Radar,3,14,44,13,74,0,1,26,3,30,3,15,70,16,104,28,22,50,154
10/27/2017,TOL,OH,AGL,CE,Combined TRACON& Tower with Radar,5,10,26,1,42,0,1,7,0,8,5,11,33,1,50,4,0,4,54
10/28/2017,TOL,OH,AGL,CE,Combined TRACON& Tower with Radar,2,9,7,0,18,0,2,7,0,9,2,11,14,0,27,6,0,6,33
10/29/2017,TOL,OH,AGL,CE,Combined TRACON& Tower with Radar,2,13,17,1,33,0,1,11,0,12,2,14,28,1,45,22,0,22,67
10/30/2017,TOL,OH,AGL,CE,Combined TRACON& Tower with Radar,4,12,17,12,45,0,3,6,0,9,4,15,23,12,54,9,0,9,63
10/31/2017,TOL,OH,AGL,CE,Combined TRACON& Tower with Radar,3,12,26,9,50,0,2,16,0,18,3,14,42,9,68,22,10,32,100
11/01/2017,TOL,OH,AGL,CE,Combined TRACON& Tower with Radar,5,16,33,17,71,0,0,7,0,7,5,16,40,17,78,4,2,6,84
11/02/2017,TOL,OH,AGL,CE,Combined TRACON& Tower with Radar,3,17,26,12,58,0,2,2,0,4,3,19,28,12,62,0,0,0,62
11/03/2017,TOL,OH,AGL,CE,Combined TRACON& Tower with Radar,3,13,36,0,52,0,3,26,0,29,3,16,62,0,81,20,0,20,101
11/04/2017,TOL,OH,AGL,CE,Combined TRACON& Tower with Radar,3,8,18,8,37,0,1,14,0,15,3,9,32,8,52,18,6,24,76
11/05/2017,TOL,OH,AGL,CE,Combined TRACON& Tower with Radar,4,17,6,0,27,0,0,0,0,0,4,17,6,0,27,0,0,0,27
11/06/2017,TOL,OH,AGL,CE,Combined TRACON& Tower with Radar,4,16,45,13,78,0,1,21,3,25,4,17,66,16,103,38,14,52,155
11/07/2017,TOL,OH,AGL,CE,Combined TRACON& Tower with Radar,5,16,32,13,66,0,1,14,0,15,5,17,46,13,81,12,16,28,109
11/08/2017,TOL,OH,AGL,CE,Combined TRACON& Tower with Radar,3,15,33,15,66,0,3,19,0,22,3,18,52,15,88,8,10,18,106
11/09/2017,TOL,OH,AGL,CE,Combined TRACON& Tower with Radar,4,16,27,0,47,0,3,13,0,16,4,19,40,0,63,8,0,8,71
11/10/2017,TOL,OH,AGL,CE,Combined TRACON& Tower with Radar,2,14,36,0,52,0,4,23,0,27,2,18,59,0,79,10,0,10,89
11/11/2017,TOL,OH,AGL,CE,Combined TRACON& Tower with Radar,2,12,16,0,30,0,3,27,0,30,2,15,43,0,60,28,0,28,88
11/12/2017,TOL,OH,AGL,CE,Combined TRACON& Tower with Radar,2,14,9,0,25,0,5,5,0,10,2,19,14,0,35,4,0,4,39
11/13/2017,TOL,OH,AGL,CE,Combined TRACON& Tower with Radar,4,13,12,16,45,0,0,8,0,8,4,13,20,16,53,14,4,18,71
11/14/2017,TOL,OH,AGL,CE,Combined TRACON& Tower with Radar,2,12,38,13,65,0,1,21,1,23,2,13,59,14,88,20,0,20,108
11/15/2017,TOL,OH,AGL,CE,Combined TRACON& Tower with Radar,2,13,23,9,47,0,2,5,0,7,2,15,28,9,54,0,0,0,54
11/16/2017,TOL,OH,AGL,CE,Combined TRACON& Tower with Radar,2,16,21,23,62,0,3,15,2,20,2,19,36,25,82,35,26,61,143
11/17/2017,TOL,OH,AGL,CE,Combined TRACON& Tower with Radar,3,13,45,0,61,0,3,21,0,24,3,16,66,0,85,38,0,38,123
11/18/2017,TOL,OH,AGL,CE,Combined TRACON& Tower with Radar,3,16,4,0,23,0,1,0,0,1,3,17,4,0,24,30,0,30,54
11/19/2017,TOL,OH,AGL,CE,Combined TRACON& Tower with Radar,2,17,16,2,37,0,0,13,1,14,2,17,29,3,51,0,0,0,51
11/20/2017,TOL,OH,AGL,CE,Combined TRACON& Tower with Radar,2,17,20,16,55,0,0,8,5,13,2,17,28,21,68,4,22,26,94
11/21/2017,TOL,OH,AGL,CE,Combined TRACON& Tower with Radar,4,14,30,11,59,0,4,9,1,14,4,18,39,12,73,4,2,6,79
11/22/2017,TOL,OH,AGL,CE,Combined TRACON& Tower with Radar,4,18,21,3,46,0,1,12,1,14,4,19,33,4,60,8,6,14,74
11/23/2017,TOL,OH,AGL,CE,Combined TRACON& Tower with Radar,0,6,3,0,9,0,2,6,0,8,0,8,9,0,17,6,0,6,23
11/24/2017,TOL,OH,AGL,CE,Combined TRACON& Tower with Radar,6,7,7,0,20,0,4,12,0,16,6,11,19,0,36,0,0,0,36
11/25/2017,TOL,OH,AGL,CE,Combined TRACON& Tower with Radar,4,9,8,1,22,0,2,15,0,17,4,11,23,1,39,4,0,4,43
11/26/2017,TOL,OH,AGL,CE,Combined TRACON& Tower with Radar,3,12,23,0,38,0,1,23,0,24,3,13,46,0,62,10,0,10,72
11/27/2017,TOL,OH,AGL,CE,Combined TRACON& Tower with Radar,2,14,32,6,54,0,2,29,0,31,2,16,61,6,85,16,0,16,101
11/28/2017,TOL,OH,AGL,CE,Combined TRACON& Tower with Radar,2,14,26,16,58,0,1,21,4,26,2,15,47,20,84,10,4,14,98
11/29/2017,TOL,OH,AGL,CE,Combined TRACON& Tower with Radar,10,20,43,20,93,0,2,49,0,51,10,22,92,20,144,28,18,46,190
11/30/2017,TOL,OH,AGL,CE,Combined TRACON& Tower with Radar,2,15,41,0,58,0,0,9,3,12,2,15,50,3,70,18,0,18,88
12/01/2017,TOL,OH,AGL,CE,Combined TRACON& Tower with Radar,4,11,30,2,47,0,6,29,0,35,4,17,59,2,82,2,2,4,86
12/02/2017,TOL,OH,AGL,CE,Combined TRACON& Tower with Radar,2,10,19,0,31,0,4,11,0,15,2,14,30,0,46,22,0,22,68
12/03/2017,TOL,OH,AGL,CE,Combined TRACON& Tower with Radar,2,16,23,0,41,0,0,39,0,39,2,16,62,0,80,26,0,26,106
12/04/2017,TOL,OH,AGL,CE,Combined TRACON& Tower with Radar,2,10,31,27,70,0,1,17,0,18,2,11,48,27,88,6,12,18,106
12/05/2017,TOL,OH,AGL,CE,Combined TRACON& Tower with Radar,3,20,20,19,62,0,4,8,1,13,3,24,28,20,75,0,12,12,87
12/06/2017,TOL,OH,AGL,CE,Combined TRACON& Tower with Radar,4,19,33,18,74,0,5,13,1,19,4,24,46,19,93,2,2,4,97
12/07/2017,TOL,OH,AGL,CE,Combined TRACON& Tower with Radar,3,12,35,14,64,0,2,6,3,11,3,14,41,17,75,20,0,20,95
12/08/2017,TOL,OH,AGL,CE,Combined TRACON& Tower with Radar,3,20,27,4,54,0,4,17,0,21,3,24,44,4,75,29,0,29,104
12/09/2017,TOL,OH,AGL,CE,Combined TRACON& Tower with Radar,6,12,10,0,28,0,0,0,0,0,6,12,10,0,28,16,0,16,44
12/10/2017,TOL,OH,AGL,CE,Combined TRACON& Tower with Radar,5,17,6,0,28,0,1,21,0,22,5,18,27,0,50,8,0,8,58
12/11/2017,TOL,OH,AGL,CE,Combined TRACON& Tower with Radar,3,26,27,13,69,0,2,7,0,9,3,28,34,13,78,9,0,9,87
12/12/2017,TOL,OH,AGL,CE,Combined TRACON& Tower with Radar,5,16,16,12,49,0,2,11,0,13,5,18,27,12,62,0,12,12,74
12/13/2017,TOL,OH,AGL,CE,Combined TRACON& Tower with Radar,8,24,36,0,68,0,0,1,0,1,8,24,37,0,69,0,0,0,69
12/14/2017,TOL,OH,AGL,CE,Combined TRACON& Tower with Radar,9,23,44,12,88,0,4,21,2,27,9,27,65,14,115,20,0,20,135
12/15/2017,TOL,OH,AGL,CE,Combined TRACON& Tower with Radar,5,14,20,16,55,0,0,4,0,4,5,14,24,16,59,6,0,6,65
12/16/2017,TOL,OH,AGL,CE,Combined TRACON& Tower with Radar,6,12,25,0,43,0,1,32,0,33,6,13,57,0,76,10,0,10,86
12/17/2017,TOL,OH,AGL,CE,Combined TRACON& Tower with Radar,3,10,18,0,31,0,0,3,0,3,3,10,21,0,34,12,0,12,46
12/18/2017,TOL,OH,AGL,CE,Combined TRACON& Tower with Radar,2,12,22,4,40,0,0,0,0,0,2,12,22,4,40,0,0,0,40
12/19/2017,TOL,OH,AGL,CE,Combined TRACON& Tower with Radar,7,23,25,17,72,0,2,14,0,16,7,25,39,17,88,7,8,15,103
12/20/2017,TOL,OH,AGL,CE,Combined TRACON& Tower with Radar,7,22,22,9,60,0,0,26,3,29,7,22,48,12,89,26,15,41,130
12/21/2017,TOL,OH,AGL,CE,Combined TRACON& Tower with Radar,3,20,32,13,68,0,3,15,0,18,3,23,47,13,86,14,2,16,102
12/22/2017,TOL,OH,AGL,CE,Combined TRACON& Tower with Radar,4,14,20,0,38,0,1,1,0,2,4,15,21,0,40,0,0,0,40
12/23/2017,TOL,OH,AGL,CE,Combined TRACON& Tower with Radar,4,13,15,0,32,0,1,6,0,7,4,14,21,0,39,16,0,16,55
12/24/2017,TOL,OH,AGL,CE,Combined TRACON& Tower with Radar,5,13,0,0,18,0,0,0,0,0,5,13,0,0,18,0,0,0,18
12/25/2017,TOL,OH,AGL,CE,Combined TRACON& Tower with Radar,4,10,2,0,16,0,1,1,0,2,4,11,3,0,18,0,0,0,18
12/26/2017,TOL,OH,AGL,CE,Combined TRACON& Tower with Radar,3,15,13,2,33,0,2,8,0,10,3,17,21,2,43,2,0,2,45
12/27/2017,TOL,OH,AGL,CE,Combined TRACON& Tower with Radar,6,15,28,12,61,0,3,9,0,12,6,18,37,12,73,2,2,4,77
12/28/2017,TOL,OH,AGL,CE,Combined TRACON& Tower with Radar,2,10,13,9,34,0,3,17,1,21,2,13,30,10,55,12,4,16,71
12/29/2017,TOL,OH,AGL,CE,Combined TRACON& Tower with Radar,2,13,11,1,27,0,1,5,0,6,2,14,16,1,33,6,0,6,39
12/30/2017,TOL,OH,AGL,CE,Combined TRACON& Tower with Radar,4,8,5,2,19,0,1,2,0,3,4,9,7,2,22,6,0,6,28
12/31/2017,TOL,OH,AGL,CE,Combined TRACON& Tower with Radar,2,11,13,0,26,0,1,7,0,8,2,12,20,0,34,0,0,0,34
01/01/2018,TOL,OH,AGL,CE,Combined TRACON& Tower with Radar,4,10,4,0,18,0,0,0,0,0,4,10,4,0,18,0,0,0,18
01/02/2018,TOL,OH,AGL,CE,Combined TRACON& Tower with Radar,2,10,28,3,43,0,1,13,1,15,2,11,41,4,58,2,0,2,60
01/03/2018,TOL,OH,AGL,CE,Combined TRACON& Tower with Radar,5,14,9,6,34,0,3,4,2,9,5,17,13,8,43,4,0,4,47
01/04/2018,TOL,OH,AGL,CE,Combined TRACON& Tower with Radar,2,15,14,3,34,0,3,7,0,10,2,18,21,3,44,0,0,0,44
01/05/2018,TOL,OH,AGL,CE,Combined TRACON& Tower with Radar,4,17,15,8,44,0,3,4,1,8,4,20,19,9,52,4,0,4,56
01/06/2018,TOL,OH,AGL,CE,Combined TRACON& Tower with Radar,4,10,12,0,26,0,2,6,0,8,4,12,18,0,34,10,0,10,44
01/07/2018,TOL,OH,AGL,CE,Combined TRACON& Tower with Radar,2,10,20,5,37,0,1,5,0,6,2,11,25,5,43,0,12,12,55
01/08/2018,TOL,OH,AGL,CE,Combined TRACON& Tower with Radar,2,10,13,0,25,0,0,0,0,0,2,10,13,0,25,0,0,0,25
01/09/2018,TOL,OH,AGL,CE,Combined TRACON& Tower with Radar,2,18,33,5,58,0,0,0,0,0,2,18,33,5,58,12,0,12,70
01/10/2018,TOL,OH,AGL,CE,Combined TRACON& Tower with Radar,2,13,7,1,23,0,3,0,0,3,2,16,7,1,26,4,0,4,30
01/11/2018,TOL,OH,AGL,CE,Combined TRACON& Tower with Radar,7,16,23,1,47,0,2,5,0,7,7,18,28,1,54,11,0,11,65
01/12/2018,TOL,OH,AGL,CE,Combined TRACON& Tower with Radar,4,10,9,0,23,0,0,0,0,0,4,10,9,0,23,0,0,0,23
01/13/2018,TOL,OH,AGL,CE,Combined TRACON& Tower with Radar,4,14,6,2,26,0,3,8,0,11,4,17,14,2,37,0,0,0,37
01/14/2018,TOL,OH,AGL,CE,Combined TRACON& Tower with Radar,2,13,29,2,46,0,3,15,0,18,2,16,44,2,64,44,0,44,108
01/15/2018,TOL,OH,AGL,CE,Combined TRACON& Tower with Radar,4,8,20,0,32,0,0,0,0,0,4,8,20,0,32,0,0,0,32
01/16/2018,TOL,OH,AGL,CE,Combined TRACON& Tower with Radar,0,12,26,10,48,0,1,2,0,3,0,13,28,10,51,2,0,2,53
01/17/2018,TOL,OH,AGL,CE,Combined TRACON& Tower with Radar,6,24,23,21,74,0,0,13,1,14,6,24,36,22,88,16,14,30,118
01/18/2018,TOL,OH,AGL,CE,Combined TRACON& Tower with Radar,5,12,27,9,53,0,2,13,0,15,5,14,40,9,68,18,10,28,96
01/19/2018,TOL,OH,AGL,CE,Combined TRACON& Tower with Radar,4,8,18,0,30,0,5,21,0,26,4,13,39,0,56,8,0,8,64
01/20/2018,TOL,OH,AGL,CE,Combined TRACON& Tower with Radar,3,11,16,0,30,0,2,19,0,21,3,13,35,0,51,32,0,32,83
01/21/2018,TOL,OH,AGL,CE,Combined TRACON& Tower with Radar,1,6,3,0,10,0,0,0,0,0,1,6,3,0,10,0,0,0,10
01/22/2018,TOL,OH,AGL,CE,Combined TRACON& Tower with Radar,10,22,24,0,56,0,2,4,0,6,10,24,28,0,62,0,0,0,62
01/23/2018,TOL,OH,AGL,CE,Combined TRACON& Tower with Radar,5,15,22,9,51,0,0,0,0,0,5,15,22,9,51,0,0,0,51
01/24/2018,TOL,OH,AGL,CE,Combined TRACON& Tower with Radar,4,12,27,6,49,1,2,11,0,14,5,14,38,6,63,18,0,18,81
01/25/2018,TOL,OH,AGL,CE,Combined TRACON& Tower with Radar,3,11,30,21,65,1,2,41,0,44,4,13,71,21,109,70,30,100,209
01/26/2018,TOL,OH,AGL,CE,Combined TRACON& Tower with Radar,3,20,30,0,53,0,1,25,0,26,3,21,55,0,79,12,0,12,91
01/27/2018,TOL,OH,AGL,CE,Combined TRACON& Tower with Radar,5,10,15,0,30,0,2,2,0,4,5,12,17,0,34,6,0,6,40
01/28/2018,TOL,OH,AGL,CE,Combined TRACON& Tower with Radar,2,13,37,0,52,0,4,41,0,45,2,17,78,0,97,52,0,52,149
01/29/2018,TOL,OH,AGL,CE,Combined TRACON& Tower with Radar,3,14,16,6,39,0,0,0,0,0,3,14,16,6,39,0,0,0,39
01/30/2018,TOL,OH,AGL,CE,Combined TRACON& Tower with Radar,6,12,33,5,56,0,3,16,1,20,6,15,49,6,76,18,0,18,94
01/31/2018,TOL,OH,AGL,CE,Combined TRACON& Tower with Radar,3,16,22,7,48,0,1,5,1,7,3,17,27,8,55,10,7,17,72
02/01/2018,TOL,OH,AGL,CE,Combined TRACON& Tower with Radar,6,13,24,5,48,0,1,8,1,10,6,14,32,6,58,16,0,16,74
02/02/2018,TOL,OH,AGL,CE,Combined TRACON& Tower with Radar,4,16,26,11,57,0,5,21,0,26,4,21,47,11,83,6,18,24,107
02/03/2018,TOL,OH,AGL,CE,Combined TRACON& Tower with Radar,5,11,11,0,27,0,2,14,0,16,5,13,25,0,43,5,0,5,48
02/04/2018,TOL,OH,AGL,CE,Combined TRACON& Tower with Radar,3,13,5,1,22,0,0,0,0,0,3,13,5,1,22,0,0,0,22
02/05/2018,TOL,OH,AGL,CE,Combined TRACON& Tower with Radar,4,15,29,3,51,0,1,23,0,24,4,16,52,3,75,22,0,22,97
02/06/2018,TOL,OH,AGL,CE,Combined TRACON& Tower with Radar,5,20,24,5,54,0,1,19,1,21,5,21,43,6,75,31,4,35,110
02/07/2018,TOL,OH,AGL,CE,Combined TRACON& Tower with Radar,4,14,25,8,51,0,2,5,0,7,4,16,30,8,58,14,0,14,72
02/08/2018,TOL,OH,AGL,CE,Combined TRACON& Tower with Radar,11,14,23,11,59,0,5,10,2,17,11,19,33,13,76,28,14,42,118
02/09/2018,TOL,OH,AGL,CE,Combined TRACON& Tower with Radar,3,8,22,0,33,0,0,1,0,1,3,8,23,0,34,2,0,2,36
02/10/2018,TOL,OH,AGL,CE,Combined TRACON& Tower with Radar,5,10,3,4,22,0,0,0,0,0,5,10,3,4,22,0,0,0,22
02/11/2018,TOL,OH,AGL,CE,Combined TRACON& Tower with Radar,2,9,5,0,16,0,0,0,0,0,2,9,5,0,16,0,0,0,16
02/12/2018,TOL,OH,AGL,CE,Combined TRACON& Tower with Radar,8,16,35,6,65,0,0,28,0,28,8,16,63,6,93,54,0,54,147
02/13/2018,TOL,OH,AGL,CE,Combined TRACON& Tower with Radar,7,17,29,13,66,0,0,11,0,11,7,17,40,13,77,14,2,16,93
02/14/2018,TOL,OH,AGL,CE,Combined TRACON& Tower with Radar,7,20,32,10,69,0,1,14,0,15,7,21,46,10,84,14,2,16,100
02/15/2018,TOL,OH,AGL,CE,Combined TRACON& Tower with Radar,11,15,16,4,46,0,0,0,0,0,11,15,16,4,46,0,0,0,46
02/16/2018,TOL,OH,AGL,CE,Combined TRACON& Tower with Radar,9,20,35,0,64,0,6,18,0,24,9,26,53,0,88,6,0,6,94
02/17/2018,TOL,OH,AGL,CE,Combined TRACON& Tower with Radar,9,15,6,0,30,0,1,16,0,17,9,16,22,0,47,31,0,31,78
02/18/2018,TOL,OH,AGL,CE,Combined TRACON& Tower with Radar,9,15,19,0,43,0,3,18,0,21,9,18,37,0,64,28,0,28,92
02/19/2018,TOL,OH,AGL,CE,Combined TRACON& Tower with Radar,12,11,19,0,42,0,2,2,0,4,12,13,21,0,46,0,0,0,46
02/20/2018,TOL,OH,AGL,CE,Combined TRACON& Tower with Radar,11,16,31,5,63,0,1,1,0,2,11,17,32,5,65,0,0,0,65
02/21/2018,TOL,OH,AGL,CE,Combined TRACON& Tower with Radar,10,15,29,6,60,0,1,9,0,10,10,16,38,6,70,0,0,0,70
02/22/2018,TOL,OH,AGL,CE,Combined TRACON& Tower with Radar,5,17,29,0,51,0,0,9,0,9,5,17,38,0,60,8,0,8,68
02/23/2018,TOL,OH,AGL,CE,Combined TRACON& Tower with Radar,9,27,31,0,67,0,0,0,0,0,9,27,31,0,67,10,0,10,77
02/24/2018,TOL,OH,AGL,CE,Combined TRACON& Tower with Radar,5,9,18,0,32,0,0,1,0,1,5,9,19,0,33,10,0,10,43
02/25/2018,TOL,OH,AGL,CE,Combined TRACON& Tower with Radar,4,14,9,1,28,0,2,5,0,7,4,16,14,1,35,22,0,22,57
02/26/2018,TOL,OH,AGL,CE,Combined TRACON& Tower with Radar,6,20,41,5,72,0,4,38,0,42,6,24,79,5,114,69,6,75,189
02/27/2018,TOL,OH,AGL,CE,Combined TRACON& Tower with Radar,8,17,57,7,89,0,5,63,1,69,8,22,120,8,158,34,0,34,192
02/28/2018,TOL,OH,AGL,CE,Combined TRACON& Tower with Radar,8,12,31,13,64,0,2,11,0,13,8,14,42,13,77,10,2,12,89
03/01/2018,TOL,OH,AGL,CE,Combined TRACON& Tower with Radar,5,12,14,0,31,0,0,1,0,1,5,12,15,0,32,0,0,0,32
03/02/2018,TOL,OH,AGL,CE,Combined TRACON& Tower with Radar,4,16,29,0,49,0,2,20,0,22,4,18,49,0,71,22,0,22,93
03/03/2018,TOL,OH,AGL,CE,Combined TRACON& Tower with Radar,6,13,25,11,55,0,1,27,0,28,6,14,52,11,83,15,2,17,100
03/04/2018,TOL,OH,AGL,CE,Combined TRACON& Tower with Radar,5,15,17,10,47,0,2,27,0,29,5,17,44,10,76,24,14,38,114
03/05/2018,TOL,OH,AGL,CE,Combined TRACON& Tower with Radar,8,12,21,8,49,0,0,14,0,14,8,12,35,8,63,2,7,9,72
03/06/2018,TOL,OH,AGL,CE,Combined TRACON& Tower with Radar,7,13,27,22,69,0,0,4,0,4,7,13,31,22,73,6,18,24,97
03/07/2018,TOL,OH,AGL,CE,Combined TRACON& Tower with Radar,8,22,19,9,58,0,0,3,0,3,8,22,22,9,61,14,8,22,83
03/08/2018,TOL,OH,AGL,CE,Combined TRACON& Tower with Radar,5,22,16,3,46,0,2,4,2,8,5,24,20,5,54,0,10,10,64
03/09/2018,TOL,OH,AGL,CE,Combined TRACON& Tower with Radar,5,20,22,0,47,0,1,7,0,8,5,21,29,0,55,4,0,4,59
03/10/2018,TOL,OH,AGL,CE,Combined TRACON& Tower with Radar,5,14,23,0,42,0,1,38,0,39,5,15,61,0,81,36,0,36,117
03/11/2018,TOL,OH,AGL,CE,Combined TRACON& Tower with Radar,4,12,23,0,39,0,4,54,2,60,4,16,77,2,99,58,1,59,158
03/12/2018,TOL,OH,AGL,CE,Combined TRACON& Tower with Radar,5,18,15,4,42,0,4,6,0,10,5,22,21,4,52,2,0,2,54
03/13/2018,TOL,OH,AGL,CE,Combined TRACON& Tower with Radar,6,12,26,8,52,0,1,8,0,9,6,13,34,8,61,2,0,2,63
03/14/2018,TOL,OH,AGL,CE,Combined TRACON& Tower with Radar,4,18,50,7,79,0,3,38,3,44,4,21,88,10,123,100,8,108,231
03/15/2018,TOL,OH,AGL,CE,Combined TRACON& Tower with Radar,4,14,42,8,68,0,1,34,0,35,4,15,76,8,103,54,4,58,161
03/16/2018,TOL,OH,AGL,CE,Combined TRACON& Tower with Radar,4,12,48,4,68,0,0,28,0,28,4,12,76,4,96,33,0,33,129
03/17/2018,TOL,OH,AGL,CE,Combined TRACON& Tower with Radar,7,12,12,2,33,0,4,31,0,35,7,16,43,2,68,34,0,34,102
03/18/2018,TOL,OH,AGL,CE,Combined TRACON& Tower with Radar,6,11,28,0,45,0,2,38,0,40,6,13,66,0,85,68,0,68,153
03/19/2018,TOL,OH,AGL,CE,Combined TRACON& Tower with Radar,7,16,29,7,59,0,3,17,0,20,7,19,46,7,79,24,28,52,131
03/20/2018,TOL,OH,AGL,CE,Combined TRACON& Tower with Radar,6,9,28,7,50,0,4,9,0,13,6,13,37,7,63,0,14,14,77
03/21/2018,TOL,OH,AGL,CE,Combined TRACON& Tower with Radar,7,22,22,6,57,0,3,9,0,12,7,25,31,6,69,14,0,14,83
03/22/2018,TOL,OH,AGL,CE,Combined TRACON& Tower with Radar,3,14,36,8,61,0,2,41,1,44,3,16,77,9,105,65,6,71,176
03/23/2018,TOL,OH,AGL,CE,Combined TRACON& Tower with Radar,5,16,24,3,48,0,5,33,0,38,5,21,57,3,86,24,0,24,110
03/24/2018,TOL,OH,AGL,CE,Combined TRACON& Tower with Radar,12,8,19,0,39,0,0,11,0,11,12,8,30,0,50,38,0,38,88
03/25/2018,TOL,OH,AGL,CE,Combined TRACON& Tower with Radar,7,8,16,1,32,0,1,17,1,19,7,9,33,2,51,20,0,20,71
03/26/2018,TOL,OH,AGL,CE,Combined TRACON& Tower with Radar,10,14,49,10,83,0,0,21,0,21,10,14,70,10,104,25,14,39,143
03/27/2018,TOL,OH,AGL,CE,Combined TRACON& Tower with Radar,9,18,42,5,74,0,1,2,0,3,9,19,44,5,77,0,0,0,77
03/28/2018,TOL,OH,AGL,CE,Combined TRACON& Tower with Radar,9,12,66,9,96,0,0,14,0,14,9,12,80,9,110,36,0,36,146
03/29/2018,TOL,OH,AGL,CE,Combined TRACON& Tower with Radar,5,17,23,12,57,0,0,0,0,0,5,17,23,12,57,8,0,8,65
03/30/2018,TOL,OH,AGL,CE,Combined TRACON& Tower with Radar,7,15,21,7,50,0,5,40,0,45,7,20,61,7,95,65,0,65,160
03/31/2018,TOL,OH,AGL,CE,Combined TRACON& Tower with Radar,11,8,18,1,38,0,4,11,0,15,11,12,29,1,53,6,0,6,59
04/01/2018,TOL,OH,AGL,CE,Combined TRACON& Tower with Radar,5,11,15,0,31,0,2,14,0,16,5,13,29,0,47,12,0,12,59
04/02/2018,TOL,OH,AGL,CE,Combined TRACON& Tower with Radar,4,15,38,7,64,0,2,33,0,35,4,17,71,7,99,30,10,40,139
04/03/2018,TOL,OH,AGL,CE,Combined TRACON& Tower with Radar,6,8,19,0,33,0,0,0,0,0,6,8,19,0,33,0,0,0,33
04/04/2018,TOL,OH,AGL,CE,Combined TRACON& Tower with Radar,11,17,34,11,73,0,2,11,1,14,11,19,45,12,87,4,0,4,91
04/05/2018,TOL,OH,AGL,CE,Combined TRACON& Tower with Radar,3,16,47,14,80,0,2,27,0,29,3,18,74,14,109,49,0,49,158
04/06/2018,TOL,OH,AGL,CE,Combined TRACON& Tower with Radar,5,12,27,1,45,0,1,13,0,14,5,13,40,1,59,12,0,12,71
04/07/2018,TOL,OH,AGL,CE,Combined TRACON& Tower with Radar,8,13,30,2,53,0,4,25,0,29,8,17,55,2,82,26,6,32,114
04/08/2018,TOL,OH,AGL,CE,Combined TRACON& Tower with Radar,4,17,15,1,37,0,2,21,1,24,4,19,36,2,61,28,0,28,89
04/09/2018,TOL,OH,AGL,CE,Combined TRACON& Tower with Radar,5,12,23,12,52,0,0,4,0,4,5,12,27,12,56,4,14,18,74
04/10/2018,TOL,OH,AGL,CE,Combined TRACON& Tower with Radar,5,20,38,4,67,0,2,35,0,37,5,22,73,4,104,20,8,28,132
04/11/2018,TOL,OH,AGL,CE,Combined TRACON& Tower with Radar,4,10,35,18,67,0,1,6,2,9,4,11,41,20,76,12,0,12,88
04/12/2018,TOL,OH,AGL,CE,Combined TRACON& Tower with Radar,3,17,19,5,44,0,2,9,3,14,3,19,28,8,58,4,4,8,66
04/13/2018,TOL,OH,AGL,CE,Combined TRACON& Tower with Radar,5,14,26,1,46,0,3,43,0,46,5,17,69,1,92,8,0,8,100
04/14/2018,TOL,OH,AGL,CE,Combined TRACON& Tower with Radar,4,12,9,0,25,0,2,0,0,2,4,14,9,0,27,0,0,0,27
04/15/2018,TOL,OH,AGL,CE,Combined TRACON& Tower with Radar,7,16,6,0,29,0,0,0,0,0,7,16,6,0,29,0,0,0,29
04/16/2018,TOL,OH,AGL,CE,Combined TRACON& Tower with Radar,5,15,23,16,59,0,0,1,0,1,5,15,24,16,60,0,2,2,62
04/17/2018,TOL,OH,AGL,CE,Combined TRACON& Tower with Radar,10,21,35,8,74,0,0,9,0,9,10,21,44,8,83,4,6,10,93
04/18/2018,TOL,OH,AGL,CE,Combined TRACON& Tower with Radar,2,23,28,14,67,0,1,11,0,12,2,24,39,14,79,11,4,15,94
04/19/2018,TOL,OH,AGL,CE,Combined TRACON& Tower with Radar,4,18,30,13,65,0,2,21,2,25,4,20,51,15,90,18,28,46,136
04/20/2018,TOL,OH,AGL,CE,Combined TRACON& Tower with Radar,5,13,40,6,64,0,2,43,2,47,5,15,83,8,111,24,20,44,155
04/21/2018,TOL,OH,AGL,CE,Combined TRACON& Tower with Radar,4,18,28,0,50,0,1,43,0,44,4,19,71,0,94,26,0,26,120
04/22/2018,TOL,OH,AGL,CE,Combined TRACON& Tower with Radar,3,18,26,4,51,0,3,54,0,57,3,21,80,4,108,20,2,22,130
04/23/2018,TOL,OH,AGL,CE,Combined TRACON& Tower with Radar,5,15,41,13,74,0,2,45,0,47,5,17,86,13,121,25,3,28,149
04/24/2018,TOL,OH,AGL,CE,Combined TRACON& Tower with Radar,4,21,49,5,79,0,0,0,0,0,4,21,49,5,79,2,0,2,81
04/25/2018,TOL,OH,AGL,CE,Combined TRACON& Tower with Radar,5,20,35,16,76,0,1,8,0,9,5,21,43,16,85,14,6,20,105
04/26/2018,TOL,OH,AGL,CE,Combined TRACON& Tower with Radar,2,20,37,11,70,0,3,27,1,31,2,23,64,12,101,17,18,35,136
04/27/2018,TOL,OH,AGL,CE,Combined TRACON& Tower with Radar,2,17,27,3,49,0,0,30,1,31,2,17,57,4,80,10,0,10,90
04/28/2018,TOL,OH,AGL,CE,Combined TRACON& Tower with Radar,4,13,16,0,33,0,2,10,0,12,4,15,26,0,45,4,0,4,49
04/29/2018,TOL,OH,AGL,CE,Combined TRACON& Tower with Radar,6,15,11,0,32,0,1,40,0,41,6,16,51,0,73,0,0,0,73
04/30/2018,TOL,OH,AGL,CE,Combined TRACON& Tower with Radar,5,14,32,12,63,0,1,22,5,28,5,15,54,17,91,14,26,40,131
05/01/2018,TOL,OH,AGL,CE,Combined TRACON& Tower with Radar,4,16,33,11,64,0,7,21,6,34,4,23,54,17,98,14,14,28,126
05/02/2018,TOL,OH,AGL,CE,Combined TRACON& Tower with Radar,2,10,32,19,63,0,2,14,1,17,2,12,46,20,80,0,0,0,80
05/03/2018,TOL,OH,AGL,CE,Combined TRACON& Tower with Radar,8,22,18,10,58,0,1,0,1,2,8,23,18,11,60,0,10,10,70
05/04/2018,TOL,OH,AGL,CE,Combined TRACON& Tower with Radar,3,11,20,2,36,0,1,5,0,6,3,12,25,2,42,2,0,2,44
05/05/2018,TOL,OH,AGL,CE,Combined TRACON& Tower with Radar,2,9,27,0,38,0,2,38,0,40,2,11,65,0,78,48,0,48,126
05/06/2018,TOL,OH,AGL,CE,Combined TRACON& Tower with Radar,5,10,9,0,24,0,3,20,0,23,5,13,29,0,47,0,0,0,47
05/07/2018,TOL,OH,AGL,CE,Combined TRACON& Tower with Radar,4,15,43,8,70,0,4,40,0,44,4,19,83,8,114,24,4,28,142
05/08/2018,TOL,OH,AGL,CE,Combined TRACON& Tower with Radar,3,17,28,9,57,0,2,32,1,35,3,19,60,10,92,26,0,26,118
05/09/2018,TOL,OH,AGL,CE,Combined TRACON& Tower with Radar,2,16,35,12,65,0,2,16,1,19,2,18,51,13,84,8,9,17,101
05/10/2018,TOL,OH,AGL,CE,Combined TRACON& Tower with Radar,3,18,39,13,73,0,3,21,0,24,3,21,60,13,97,14,2,16,113
05/11/2018,TOL,OH,AGL,CE,Combined TRACON& Tower with Radar,4,17,18,0,39,0,2,6,0,8,4,19,24,0,47,0,0,0,47
05/12/2018,TOL,OH,AGL,CE,Combined TRACON& Tower with Radar,2,8,6,0,16,0,0,0,0,0,2,8,6,0,16,0,0,0,16
05/13/2018,TOL,OH,AGL,CE,Combined TRACON& Tower with Radar,4,13,29,0,46,0,0,0,0,0,4,13,29,0,46,0,0,0,46
05/14/2018,TOL,OH,AGL,CE,Combined TRACON& Tower with Radar,4,12,29,4,49,0,2,8,0,10,4,14,37,4,59,2,0,2,61
05/15/2018,TOL,OH,AGL,CE,Combined TRACON& Tower with Radar,2,18,38,7,65,0,1,16,3,20,2,19,54,10,85,14,0,14,99
05/16/2018,TOL,OH,AGL,CE,Combined TRACON& Tower with Radar,2,18,29,12,61,0,2,31,0,33,2,20,60,12,94,10,24,34,128
05/17/2018,TOL,OH,AGL,CE,Combined TRACON& Tower with Radar,2,17,39,13,71,0,3,24,2,29,2,20,63,15,100,36,8,44,144
05/18/2018,TOL,OH,AGL,CE,Combined TRACON& Tower with Radar,3,9,24,9,45,0,2,20,0,22,3,11,44,9,67,14,16,30,97
05/19/2018,TOL,OH,AGL,CE,Combined TRACON& Tower with Radar,4,10,3,17,34,0,0,71,0,71,4,10,74,17,105,27,30,57,162
05/20/2018,TOL,OH,AGL,CE,Combined TRACON& Tower with Radar,3,11,28,6,48,0,2,67,0,69,3,13,95,6,117,46,0,46,163
05/21/2018,TOL,OH,AGL,CE,Combined TRACON& Tower with Radar,3,13,8,6,30,0,0,13,0,13,3,13,21,6,43,0,4,4,47
05/22/2018,TOL,OH,AGL,CE,Combined TRACON& Tower with Radar,4,17,33,14,68,0,2,12,0,14,4,19,45,14,82,8,14,22,104
05/23/2018,TOL,OH,AGL,CE,Combined TRACON& Tower with Radar,8,16,49,19,92,0,5,30,0,35,8,21,79,19,127,42,4,46,173
05/24/2018,TOL,OH,AGL,CE,Combined TRACON& Tower with Radar,10,19,44,13,86,0,4,37,0,41,10,23,81,13,127,38,8,46,173
05/25/2018,TOL,OH,AGL,CE,Combined TRACON& Tower with Radar,4,24,23,0,51,0,3,35,0,38,4,27,58,0,89,50,0,50,139
05/26/2018,TOL,OH,AGL,CE,Combined TRACON& Tower with Radar,3,13,16,1,33,0,4,13,1,18,3,17,29,2,51,28,0,28,79
05/27/2018,TOL,OH,AGL,CE,Combined TRACON& Tower with Radar,6,14,10,0,30,0,2,22,0,24,6,16,32,0,54,14,0,14,68
05/28/2018,TOL,OH,AGL,CE,Combined TRACON& Tower with Radar,2,14,13,0,29,0,7,25,4,36,2,21,38,4,65,30,0,30,95
05/29/2018,TOL,OH,AGL,CE,Combined TRACON& Tower with Radar,4,15,41,12,72,0,4,33,0,37,4,19,74,12,109,20,4,24,133
05/30/2018,TOL,OH,AGL,CE,Combined TRACON& Tower with Radar,6,16,20,12,54,0,2,19,1,22,6,18,39,13,76,16,16,32,108
05/31/2018,TOL,OH,AGL,CE,Combined TRACON& Tower with Radar,2,12,36,18,68,0,0,6,1,7,2,12,42,19,75,0,22,22,97
06/01/2018,TOL,OH,AGL,CE,Combined TRACON& Tower with Radar,2,14,26,0,42,0,0,7,0,7,2,14,33,0,49,10,0,10,59
06/02/2018,TOL,OH,AGL,CE,Combined TRACON& Tower with Radar,4,16,26,13,59,0,1,16,0,17,4,17,42,13,76,46,0,46,122
06/03/2018,TOL,OH,AGL,CE,Combined TRACON& Tower with Radar,2,13,11,13,39,0,3,3,1,7,2,16,14,14,46,2,6,8,54
06/04/2018,TOL,OH,AGL,CE,Combined TRACON& Tower with Radar,2,16,29,14,61,0,3,25,1,29,2,19,54,15,90,4,10,14,104
06/05/2018,TOL,OH,AGL,CE,Combined TRACON& Tower with Radar,8,21,32,14,75,0,0,25,0,25,8,21,57,14,100,32,6,38,138
06/06/2018,TOL,OH,AGL,CE,Combined TRACON& Tower with Radar,5,13,42,16,76,0,2,23,0,25,5,15,65,16,101,32,10,42,143
06/07/2018,TOL,OH,AGL,CE,Combined TRACON& Tower with Radar,3,16,25,18,62,0,5,19,0,24,3,21,44,18,86,22,0,22,108
06/08/2018,TOL,OH,AGL,CE,Combined TRACON& Tower with Radar,2,16,32,0,50,0,3,28,0,31,2,19,60,0,81,18,0,18,99
06/09/2018,TOL,OH,AGL,CE,Combined TRACON& Tower with Radar,3,16,18,0,37,0,0,18,0,18,3,16,36,0,55,6,0,6,61
06/10/2018,TOL,OH,AGL,CE,Combined TRACON& Tower with Radar,4,9,26,0,39,0,0,0,0,0,4,9,26,0,39,10,0,10,49
06/11/2018,TOL,OH,AGL,CE,Combined TRACON& Tower with Radar,2,14,42,14,72,0,1,3,0,4,2,15,45,14,76,0,0,0,76
06/12/2018,TOL,OH,AGL,CE,Combined TRACON& Tower with Radar,4,13,48,15,80,0,2,14,1,17,4,15,62,16,97,14,0,14,111
06/13/2018,TOL,OH,AGL,CE,Combined TRACON& Tower with Radar,2,17,44,20,83,0,1,4,0,5,2,18,48,20,88,8,4,12,100
06/14/2018,TOL,OH,AGL,CE,Combined TRACON& Tower with Radar,2,13,52,18,85,0,2,37,0,39,2,15,89,18,124,68,22,90,214
06/15/2018,TOL,OH,AGL,CE,Combined TRACON& Tower with Radar,2,9,31,0,42,0,5,38,0,43,2,14,69,0,85,8,0,8,93
06/16/2018,TOL,OH,AGL,CE,Combined TRACON& Tower with Radar,3,12,17,0,32,0,7,30,0,37,3,19,47,0,69,21,0,21,90
06/17/2018,TOL,OH,AGL,CE,Combined TRACON& Tower with Radar,2,9,19,0,30,0,1,18,0,19,2,10,37,0,49,4,0,4,53
06/18/2018,TOL,OH,AGL,CE,Combined TRACON& Tower with Radar,3,10,29,17,59,0,2,9,0,11,3,12,38,17,70,8,23,31,101
06/19/2018,TOL,OH,AGL,CE,Combined TRACON& Tower with Radar,3,14,34,15,66,0,0,1,2,3,3,14,35,17,69,4,2,6,75
06/20/2018,TOL,OH,AGL,CE,Combined TRACON& Tower with Radar,7,9,40,25,81,0,0,5,0,5,7,9,45,25,86,6,18,24,110
06/21/2018,TOL,OH,AGL,CE,Combined TRACON& Tower with Radar,5,14,37,20,76,0,2,37,4,43,5,16,74,24,119,28,14,42,161
06/22/2018,TOL,OH,AGL,CE,Combined TRACON& Tower with Radar,3,20,35,0,58,0,1,2,0,3,3,21,37,0,61,6,0,6,67
06/23/2018,TOL,OH,AGL,CE,Combined TRACON& Tower with Radar,3,11,19,0,33,0,0,6,0,6,3,11,25,0,39,10,0,10,49
06/24/2018,TOL,OH,AGL,CE,Combined TRACON& Tower with Radar,5,9,31,0,45,0,1,14,1,16,5,10,45,1,61,24,4,28,89
06/25/2018,TOL,OH,AGL,CE,Combined TRACON& Tower with Radar,2,17,46,14,79,0,4,21,5,30,2,21,67,19,109,20,12,32,141
06/26/2018,TOL,OH,AGL,CE,Combined TRACON& Tower with Radar,1,21,29,21,72,0,0,25,5,30,1,21,54,26,102,22,14,36,138
06/27/2018,TOL,OH,AGL,CE,Combined TRACON& Tower with Radar,5,13,36,14,68,0,1,3,0,4,5,14,39,14,72,2,10,12,84
06/28/2018,TOL,OH,AGL,CE,Combined TRACON& Tower with Radar,2,15,57,17,91,0,0,55,5,60,2,15,112,22,151,58,17,75,226
06/29/2018,TOL,OH,AGL,CE,Combined TRACON& Tower with Radar,2,15,41,2,60,0,2,26,0,28,2,17,67,2,88,22,0,22,110
06/30/2018,TOL,OH,AGL,CE,Combined TRACON& Tower with Radar,4,18,8,0,30,0,2,14,0,16,4,20,22,0,46,8,0,8,54
07/01/2018,TOL,OH,AGL,CE,Combined TRACON& Tower with Radar,2,11,14,0,27,0,3,11,0,14,2,14,25,0,41,2,0,2,43
07/02/2018,TOL,OH,AGL,CE,Combined TRACON& Tower with Radar,2,14,28,14,58,0,4,20,0,24,2,18,48,14,82,52,10,62,144
07/03/2018,TOL,OH,AGL,CE,Combined TRACON& Tower with Radar,2,13,18,15,48,0,2,24,2,28,2,15,42,17,76,0,22,22,98
07/04/2018,TOL,OH,AGL,CE,Combined TRACON& Tower with Radar,2,6,6,0,14,0,2,8,0,10,2,8,14,0,24,4,0,4,28
07/05/2018,TOL,OH,AGL,CE,Combined TRACON& Tower with Radar,2,18,12,0,32,0,4,15,0,19,2,22,27,0,51,4,0,4,55
07/06/2018,TOL,OH,AGL,CE,Combined TRACON& Tower with Radar,2,18,28,0,48,0,3,21,0,24,2,21,49,0,72,18,0,18,90
07/07/2018,TOL,OH,AGL,CE,Combined TRACON& Tower with Radar,2,14,7,0,23,0,2,28,0,30,2,16,35,0,53,14,0,14,67
07/08/2018,TOL,OH,AGL,CE,Combined TRACON& Tower with Radar,2,11,16,0,29,0,3,23,0,26,2,14,39,0,55,0,0,0,55
07/09/2018,TOL,OH,AGL,CE,Combined TRACON& Tower with Radar,2,18,25,18,63,0,2,27,0,29,2,20,52,18,92,4,2,6,98
07/10/2018,TOL,OH,AGL,CE,Combined TRACON& Tower with Radar,2,18,20,9,49,0,2,25,0,27,2,20,45,9,76,6,24,30,106
07/11/2018,TOL,OH,AGL,CE,Combined TRACON& Tower with Radar,2,13,39,18,72,0,3,36,3,42,2,16,75,21,114,18,18,36,150
07/12/2018,TOL,OH,AGL,CE,Combined TRACON& Tower with Radar,2,17,35,0,54,0,3,21,0,24,2,20,56,0,78,18,0,18,96
07/13/2018,TOL,OH,AGL,CE,Combined TRACON& Tower with Radar,2,18,34,0,54,0,7,27,0,34,2,25,61,0,88,12,0,12,100
07/14/2018,TOL,OH,AGL,CE,Combined TRACON& Tower with Radar,4,12,13,11,40,0,0,23,4,27,4,12,36,15,67,6,40,46,113
07/15/2018,TOL,OH,AGL,CE,Combined TRACON& Tower with Radar,2,11,24,14,51,0,2,16,4,22,2,13,40,18,73,16,2,18,91
07/16/2018,TOL,OH,AGL,CE,Combined TRACON& Tower with Radar,4,15,28,7,54,0,1,6,0,7,4,16,34,7,61,0,0,0,61
07/17/2018,TOL,OH,AGL,CE,Combined TRACON& Tower with Radar,4,11,30,18,63,0,2,30,2,34,4,13,60,20,97,11,0,11,108
07/18/2018,TOL,OH,AGL,CE,Combined TRACON& Tower with Radar,4,19,18,16,57,0,3,31,0,34,4,22,49,16,91,40,12,52,143
07/19/2018,TOL,OH,AGL,CE,Combined TRACON& Tower with Radar,2,17,22,23,64,0,2,31,1,34,2,19,53,24,98,47,4,51,149
07/20/2018,TOL,OH,AGL,CE,Combined TRACON& Tower with Radar,4,18,13,0,35,0,1,5,1,7,4,19,18,1,42,10,15,25,67
07/21/2018,TOL,OH,AGL,CE,Combined TRACON& Tower with Radar,2,14,29,6,51,0,2,6,0,8,2,16,35,6,59,0,0,0,59
07/22/2018,TOL,OH,AGL,CE,Combined TRACON& Tower with Radar,3,17,31,0,51,0,1,7,0,8,3,18,38,0,59,2,0,2,61
07/23/2018,TOL,OH,AGL,CE,Combined TRACON& Tower with Radar,5,15,40,11,71,0,2,24,2,28,5,17,64,13,99,8,8,16,115
07/24/2018,TOL,OH,AGL,CE,Combined TRACON& Tower with Radar,2,18,34,9,63,0,3,21,0,24,2,21,55,9,87,4,0,4,91
07/25/2018,TOL,OH,AGL,CE,Combined TRACON& Tower with Radar,2,19,37,11,69,0,2,42,0,44,2,21,79,11,113,32,20,52,165
07/26/2018,TOL,OH,AGL,CE,Combined TRACON& Tower with Radar,2,17,33,0,52,0,1,20,3,24,2,18,53,3,76,10,0,10,86
07/27/2018,TOL,OH,AGL,CE,Combined TRACON& Tower with Radar,2,13,35,1,51,0,2,30,1,33,2,15,65,2,84,19,0,19,103
07/28/2018,TOL,OH,AGL,CE,Combined TRACON& Tower with Radar,2,9,15,0,26,0,5,35,0,40,2,14,50,0,66,4,0,4,70
07/29/2018,TOL,OH,AGL,CE,Combined TRACON& Tower with Radar,2,12,25,1,40,0,4,45,1,50,2,16,70,2,90,16,0,16,106
07/30/2018,TOL,OH,AGL,CE,Combined TRACON& Tower with Radar,2,18,23,10,53,0,1,12,0,13,2,19,35,10,66,6,0,6,72
07/31/2018,TOL,OH,AGL,CE,Combined TRACON& Tower with Radar,2,13,33,12,60,0,3,7,0,10,2,16,40,12,70,12,0,12,82
08/01/2018,TOL,OH,AGL,CE,Combined TRACON& Tower with Radar,2,13,25,13,53,0,2,12,3,17,2,15,37,16,70,32,16,48,118
08/02/2018,TOL,OH,AGL,CE,Combined TRACON& Tower with Radar,2,20,33,14,69,0,0,18,3,21,2,20,51,17,90,14,14,28,118
08/03/2018,TOL,OH,AGL,CE,Combined TRACON& Tower with Radar,2,16,21,2,41,0,2,27,2,31,2,18,48,4,72,27,0,27,99
08/04/2018,TOL,OH,AGL,CE,Combined TRACON& Tower with Radar,1,11,16,11,39,0,1,27,2,30,1,12,43,13,69,32,18,50,119
08/05/2018,TOL,OH,AGL,CE,Combined TRACON& Tower with Radar,2,11,19,3,35,0,3,52,0,55,2,14,71,3,90,8,0,8,98
08/06/2018,TOL,OH,AGL,CE,Combined TRACON& Tower with Radar,2,14,31,9,56,0,2,17,0,19,2,16,48,9,75,12,4,16,91
08/07/2018,TOL,OH,AGL,CE,Combined TRACON& Tower with Radar,2,10,31,6,49,0,0,7,1,8,2,10,38,7,57,16,0,16,73
08/08/2018,TOL,OH,AGL,CE,Combined TRACON& Tower with Radar,2,14,29,11,56,0,2,23,0,25,2,16,52,11,81,35,4,39,120
08/09/2018,TOL,OH,AGL,CE,Combined TRACON& Tower with Radar,2,14,48,13,77,0,1,33,2,36,2,15,81,15,113,20,16,36,149
08/10/2018,TOL,OH,AGL,CE,Combined TRACON& Tower with Radar,2,17,36,2,57,0,2,12,0,14,2,19,48,2,71,2,0,2,73
08/11/2018,TOL,OH,AGL,CE,Combined TRACON& Tower with Radar,3,8,28,1,40,0,1,39,0,40,3,9,67,1,80,2,0,2,82
08/12/2018,TOL,OH,AGL,CE,Combined TRACON& Tower with Radar,4,13,24,1,42,0,4,37,3,44,4,17,61,4,86,12,0,12,98
08/13/2018,TOL,OH,AGL,CE,Combined TRACON& Tower with Radar,5,17,31,17,70,0,1,34,2,37,5,18,65,19,107,26,14,40,147
08/14/2018,TOL,OH,AGL,CE,Combined TRACON& Tower with Radar,2,16,29,13,60,0,0,26,0,26,2,16,55,13,86,14,2,16,102
08/15/2018,TOL,OH,AGL,CE,Combined TRACON& Tower with Radar,4,21,26,16,67,0,1,18,0,19,4,22,44,16,86,20,8,28,114
08/16/2018,TOL,OH,AGL,CE,Combined TRACON& Tower with Radar,2,22,36,12,72,0,2,2,1,5,2,24,38,13,77,6,2,8,85
08/17/2018,TOL,OH,AGL,CE,Combined TRACON& Tower with Radar,2,15,22,0,39,0,0,2,0,2,2,15,24,0,41,2,0,2,43
08/18/2018,TOL,OH,AGL,CE,Combined TRACON& Tower with Radar,2,12,26,5,45,0,1,31,1,33,2,13,57,6,78,20,0,20,98
08/19/2018,TOL,OH,AGL,CE,Combined TRACON& Tower with Radar,6,12,20,1,39,0,0,22,1,23,6,12,42,2,62,22,0,22,84
08/20/2018,TOL,OH,AGL,CE,Combined TRACON& Tower with Radar,5,20,40,11,76,0,1,10,0,11,5,21,50,11,87,6,12,18,105
08/21/2018,TOL,OH,AGL,CE,Combined TRACON& Tower with Radar,3,13,30,5,51,0,2,9,1,12,3,15,39,6,63,6,0,6,69
08/22/2018,TOL,OH,AGL,CE,Combined TRACON& Tower with Radar,2,20,30,11,63,0,3,18,0,21,2,23,48,11,84,12,0,12,96
08/23/2018,TOL,OH,AGL,CE,Combined TRACON& Tower with Radar,4,9,43,11,67,0,3,35,0,38,4,12,78,11,105,34,0,34,139
08/24/2018,TOL,OH,AGL,CE,Combined TRACON& Tower with Radar,8,9,24,7,48,1,1,31,10,43,9,10,55,17,91,31,0,31,122
08/25/2018,TOL,OH,AGL,CE,Combined TRACON& Tower with Radar,7,8,6,0,21,0,4,6,0,10,7,12,12,0,31,0,0,0,31
08/26/2018,TOL,OH,AGL,CE,Combined TRACON& Tower with Radar,3,12,37,0,52,0,2,9,0,11,3,14,46,0,63,12,0,12,75
08/27/2018,TOL,OH,AGL,CE,Combined TRACON& Tower with Radar,8,13,38,11,70,0,2,19,1,22,8,15,57,12,92,6,2,8,100
08/28/2018,TOL,OH,AGL,CE,Combined TRACON& Tower with Radar,5,19,36,8,68,0,5,24,0,29,5,24,60,8,97,26,0,26,123
08/29/2018,TOL,OH,AGL,CE,Combined TRACON& Tower with Radar,5,9,25,6,45,0,6,13,0,19,5,15,38,6,64,28,10,38,102
08/30/2018,TOL,OH,AGL,CE,Combined TRACON& Tower with Radar,2,17,43,9,71,0,2,14,0,16,2,19,57,9,87,26,0,26,113
08/31/2018,TOL,OH,AGL,CE,Combined TRACON& Tower with Radar,8,9,19,0,36,0,2,23,0,25,8,11,42,0,61,32,0,32,93
09/01/2018,TOL,OH,AGL,CE,Combined TRACON& Tower with Radar,4,6,12,0,22,0,4,11,0,15,4,10,23,0,37,10,0,10,47
09/02/2018,TOL,OH,AGL,CE,Combined TRACON& Tower with Radar,4,8,18,1,31,0,6,13,2,21,4,14,31,3,52,26,0,26,78
09/03/2018,TOL,OH,AGL,CE,Combined TRACON& Tower with Radar,4,12,8,0,24,0,4,15,0,19,4,16,23,0,43,10,0,10,53
09/04/2018,TOL,OH,AGL,CE,Combined TRACON& Tower with Radar,2,9,39,15,65,0,1,16,1,18,2,10,55,16,83,16,10,26,109
09/05/2018,TOL,OH,AGL,CE,Combined TRACON& Tower with Radar,7,4,25,17,53,0,3,24,3,30,7,7,49,20,83,14,22,36,119
09/06/2018,TOL,OH,AGL,CE,Combined TRACON& Tower with Radar,9,14,43,2,68,0,1,7,0,8,9,15,50,2,76,9,0,9,85
09/07/2018,TOL,OH,AGL,CE,Combined TRACON& Tower with Radar,8,7,46,3,64,0,3,25,0,28,8,10,71,3,92,18,0,18,110
09/08/2018,TOL,OH,AGL,CE,Combined TRACON& Tower with Radar,10,5,15,0,30,0,1,7,0,8,10,6,22,0,38,10,0,10,48
09/09/2018,TOL,OH,AGL,CE,Combined TRACON& Tower with Radar,5,10,14,0,29,0,0,0,0,0,5,10,14,0,29,6,0,6,35
09/10/2018,TOL,OH,AGL,CE,Combined TRACON& Tower with Radar,6,8,22,4,40,0,2,0,1,3,6,10,22,5,43,0,0,0,43
09/11/2018,TOL,OH,AGL,CE,Combined TRACON& Tower with Radar,7,11,53,0,71,0,5,26,0,31,7,16,79,0,102,18,0,18,120
09/12/2018,TOL,OH,AGL,CE,Combined TRACON& Tower with Radar,7,12,45,7,71,0,2,17,1,20,7,14,62,8,91,38,0,38,129
09/13/2018,TOL,OH,AGL,CE,Combined TRACON& Tower with Radar,7,8,38,0,53,0,2,5,0,7,7,10,43,0,60,8,0,8,68
09/14/2018,TOL,OH,AGL,CE,Combined TRACON& Tower with Radar,6,8,27,2,43,0,2,19,0,21,6,10,46,2,64,0,0,0,64
09/15/2018,TOL,OH,AGL,CE,Combined TRACON& Tower with Radar,5,8,22,3,38,0,2,4,0,6,5,10,26,3,44,16,0,16,60
09/16/2018,TOL,OH,AGL,CE,Combined TRACON& Tower with Radar,4,9,33,3,49,0,2,27,0,29,4,11,60,3,78,38,0,38,116
09/17/2018,TOL,OH,AGL,CE,Combined TRACON& Tower with Radar,4,16,28,0,48,0,3,26,0,29,4,19,54,0,77,36,0,36,113
09/18/2018,TOL,OH,AGL,CE,Combined TRACON& Tower with Radar,8,8,37,0,53,0,4,27,0,31,8,12,64,0,84,14,0,14,98
09/19/2018,TOL,OH,AGL,CE,Combined TRACON& Tower with Radar,6,13,47,1,67,0,1,33,1,35,6,14,80,2,102,10,0,10,112
09/20/2018,TOL,OH,AGL,CE,Combined TRACON& Tower with Radar,8,11,47,8,74,0,2,7,0,9,8,13,54,8,83,18,12,30,113
09/21/2018,TOL,OH,AGL,CE,Combined TRACON& Tower with Radar,4,12,26,8,50,0,3,10,0,13,4,15,36,8,63,4,2,6,69
09/22/2018,TOL,OH,AGL,CE,Combined TRACON& Tower with Radar,8,4,15,2,29,0,3,27,0,30,8,7,42,2,59,18,0,18,77
09/23/2018,TOL,OH,AGL,CE,Combined TRACON& Tower with Radar,6,8,21,2,37,0,5,22,0,27,6,13,43,2,64,24,0,24,88
09/24/2018,TOL,OH,AGL,CE,Combined TRACON& Tower with Radar,5,9,40,2,56,0,1,3,0,4,5,10,43,2,60,8,0,8,68
09/25/2018,TOL,OH,AGL,CE,Combined TRACON& Tower with Radar,6,8,13,0,27,0,0,0,0,0,6,8,13,0,27,4,0,4,31
09/26/2018,TOL,OH,AGL,CE,Combined TRACON& Tower with Radar,6,12,37,8,63,0,0,16,1,17,6,12,53,9,80,20,10,30,110
09/27/2018,TOL,OH,AGL,CE,Combined TRACON& Tower with Radar,7,13,38,4,62,0,5,21,2,28,7,18,59,6,90,12,0,12,102
09/28/2018,TOL,OH,AGL,CE,Combined TRACON& Tower with Radar,10,9,36,9,64,0,6,22,1,29,10,15,58,10,93,18,6,24,117
09/29/2018,TOL,OH,AGL,CE,Combined TRACON& Tower with Radar,10,9,16,0,35,0,4,41,0,45,10,13,57,0,80,21,0,21,101
09/30/2018,TOL,OH,AGL,CE,Combined TRACON& Tower with Radar,9,8,23,0,40,0,1,18,0,19,9,9,41,0,59,24,0,24,83
10/01/2018,TOL,OH,AGL,CE,Combined TRACON& Tower with Radar,4,9,31,17,61,0,2,15,0,17,4,11,46,17,78,12,0,12,90
10/02/2018,TOL,OH,AGL,CE,Combined TRACON& Tower with Radar,15,22,31,13,81,0,2,5,0,7,15,24,36,13,88,4,2,6,94
10/03/2018,TOL,OH,AGL,CE,Combined TRACON& Tower with Radar,6,11,36,23,76,0,2,21,4,27,6,13,57,27,103,24,12,36,139
10/04/2018,TOL,OH,AGL,CE,Combined TRACON& Tower with Radar,6,17,24,12,59,0,6,10,0,16,6,23,34,12,75,10,16,26,101
10/05/2018,TOL,OH,AGL,CE,Combined TRACON& Tower with Radar,6,14,26,0,46,0,3,2,0,5,6,17,28,0,51,6,0,6,57
10/06/2018,TOL,OH,AGL,CE,Combined TRACON& Tower with Radar,6,4,9,0,19,0,4,0,0,4,6,8,9,0,23,0,0,0,23
10/07/2018,TOL,OH,AGL,CE,Combined TRACON& Tower with Radar,6,12,4,0,22,0,0,1,0,1,6,12,5,0,23,0,0,0,23
10/08/2018,TOL,OH,AGL,CE,Combined TRACON& Tower with Radar,6,11,30,0,47,0,3,31,0,34,6,14,61,0,81,28,0,28,109
10/09/2018,TOL,OH,AGL,CE,Combined TRACON& Tower with Radar,7,14,28,20,69,0,5,19,0,24,7,19,47,20,93,46,0,46,139
10/10/2018,TOL,OH,AGL,CE,Combined TRACON& Tower with Radar,6,21,28,28,83,0,2,17,1,20,6,23,45,29,103,0,6,6,109
10/11/2018,TOL,OH,AGL,CE,Combined TRACON& Tower with Radar,4,10,41,18,73,0,1,16,1,18,4,11,57,19,91,22,8,30,121
10/12/2018,TOL,OH,AGL,CE,Combined TRACON& Tower with Radar,6,9,28,1,44,0,4,35,0,39,6,13,63,1,83,15,0,15,98
10/13/2018,TOL,OH,AGL,CE,Combined TRACON& Tower with Radar,6,4,14,4,28,0,2,17,1,20,6,6,31,5,48,20,0,20,68
10/14/2018,TOL,OH,AGL,CE,Combined TRACON& Tower with Radar,6,9,14,2,31,0,3,15,0,18,6,12,29,2,49,8,0,8,57
10/15/2018,TOL,OH,AGL,CE,Combined TRACON& Tower with Radar,6,13,35,15,69,0,1,7,0,8,6,14,42,15,77,14,8,22,99
10/16/2018,TOL,OH,AGL,CE,Combined TRACON& Tower with Radar,7,9,39,26,81,0,2,15,3,20,7,11,54,29,101,6,8,14,115
10/17/2018,TOL,OH,AGL,CE,Combined TRACON& Tower with Radar,6,12,45,17,80,0,1,16,0,17,6,13,61,17,97,18,8,26,123
10/18/2018,TOL,OH,AGL,CE,Combined TRACON& Tower with Radar,6,9,27,14,56,0,4,39,1,44,6,13,66,15,100,49,0,49,149
10/19/2018,TOL,OH,AGL,CE,Combined TRACON& Tower with Radar,6,6,35,0,47,0,3,12,0,15,6,9,47,0,62,4,0,4,66
10/20/2018,TOL,OH,AGL,CE,Combined TRACON& Tower with Radar,8,4,7,0,19,0,1,14,0,15,8,5,21,0,34,6,0,6,40
10/21/2018,TOL,OH,AGL,CE,Combined TRACON& Tower with Radar,6,8,29,0,43,0,4,53,0,57,6,12,82,0,100,20,0,20,120
10/22/2018,TOL,OH,AGL,CE,Combined TRACON& Tower with Radar,7,9,19,12,47,0,1,22,0,23,7,10,41,12,70,10,15,25,95
10/23/2018,TOL,OH,AGL,CE,Combined TRACON& Tower with Radar,8,16,44,14,82,0,2,11,1,14,8,18,55,15,96,8,6,14,110
10/24/2018,TOL,OH,AGL,CE,Combined TRACON& Tower with Radar,7,11,24,21,63,0,4,28,0,32,7,15,52,21,95,23,13,36,131
10/25/2018,TOL,OH,AGL,CE,Combined TRACON& Tower with Radar,7,10,36,7,60,0,6,45,0,51,7,16,81,7,111,34,6,40,151
10/26/2018,TOL,OH,AGL,CE,Combined TRACON& Tower with Radar,7,9,38,0,54,0,3,13,0,16,7,12,51,0,70,16,0,16,86
10/27/2018,TOL,OH,AGL,CE,Combined TRACON& Tower with Radar,7,7,7,0,21,0,0,0,0,0,7,7,7,0,21,6,4,10,31
10/28/2018,TOL,OH,AGL,CE,Combined TRACON& Tower with Radar,7,10,7,0,24,0,0,1,0,1,7,10,8,0,25,0,0,0,25
10/29/2018,TOL,OH,AGL,CE,Combined TRACON& Tower with Radar,6,12,22,11,51,0,1,16,0,17,6,13,38,11,68,0,0,0,68
10/30/2018,TOL,OH,AGL,CE,Combined TRACON& Tower with Radar,7,19,31,14,71,0,1,20,0,21,7,20,51,14,92,22,0,22,114
10/31/2018,TOL,OH,AGL,CE,Combined TRACON& Tower with Radar,8,11,22,6,47,0,3,7,0,10,8,14,29,6,57,6,0,6,63
11/01/2018,TOL,OH,AGL,CE,Combined TRACON& Tower with Radar,6,18,21,0,45,0,1,1,0,2,6,19,22,0,47,0,0,0,47
11/02/2018,TOL,OH,AGL,CE,Combined TRACON& Tower with Radar,7,10,21,0,38,0,0,7,0,7,7,10,28,0,45,18,0,18,63
11/03/2018,TOL,OH,AGL,CE,Combined TRACON& Tower with Radar,7,7,21,12,47,0,3,41,1,45,7,10,62,13,92,50,2,52,144
11/04/2018,TOL,OH,AGL,CE,Combined TRACON& Tower with Radar,7,8,20,8,43,0,2,11,0,13,7,10,31,8,56,8,2,10,66
11/05/2018,TOL,OH,AGL,CE,Combined TRACON& Tower with Radar,7,9,37,8,61,0,5,11,0,16,7,14,48,8,77,6,4,10,87
11/06/2018,TOL,OH,AGL,CE,Combined TRACON& Tower with Radar,10,9,24,11,54,0,1,4,0,5,10,10,28,11,59,0,2,2,61
11/07/2018,TOL,OH,AGL,CE,Combined TRACON& Tower with Radar,6,15,30,9,60,0,3,7,0,10,6,18,37,9,70,0,0,0,70
11/08/2018,TOL,OH,AGL,CE,Combined TRACON& Tower with Radar,6,14,49,8,77,0,6,26,0,32,6,20,75,8,109,10,0,10,119
11/09/2018,TOL,OH,AGL,CE,Combined TRACON& Tower with Radar,8,11,17,2,38,0,0,0,0,0,8,11,17,2,38,0,0,0,38
11/10/2018,TOL,OH,AGL,CE,Combined TRACON& Tower with Radar,10,8,8,0,26,0,1,2,0,3,10,9,10,0,29,40,0,40,69
11/11/2018,TOL,OH,AGL,CE,Combined TRACON& Tower with Radar,6,17,16,1,40,0,6,31,0,37,6,23,47,1,77,0,0,0,77
11/12/2018,TOL,OH,AGL,CE,Combined TRACON& Tower with Radar,6,6,29,1,42,0,3,10,0,13,6,9,39,1,55,4,0,4,59
11/13/2018,TOL,OH,AGL,CE,Combined TRACON& Tower with Radar,7,12,30,11,60,0,2,5,0,7,7,14,35,11,67,11,0,11,78
11/14/2018,TOL,OH,AGL,CE,Combined TRACON& Tower with Radar,7,9,27,13,56,0,11,26,0,37,7,20,53,13,93,34,18,52,145
11/15/2018,TOL,OH,AGL,CE,Combined TRACON& Tower with Radar,7,13,14,0,34,0,0,0,0,0,7,13,14,0,34,0,0,0,34
11/16/2018,TOL,OH,AGL,CE,Combined TRACON& Tower with Radar,7,13,21,1,42,0,0,1,0,1,7,13,22,1,43,0,0,0,43
11/17/2018,TOL,OH,AGL,CE,Combined TRACON& Tower with Radar,8,8,5,0,21,0,1,4,0,5,8,9,9,0,26,0,0,0,26
11/18/2018,TOL,OH,AGL,CE,Combined TRACON& Tower with Radar,6,9,1,1,17,0,0,0,0,0,6,9,1,1,17,0,0,0,17
11/19/2018,TOL,OH,AGL,CE,Combined TRACON& Tower with Radar,8,8,22,18,56,0,2,1,0,3,8,10,23,18,59,0,0,0,59
11/20/2018,TOL,OH,AGL,CE,Combined TRACON& Tower with Radar,10,15,32,20,77,0,2,29,1,32,10,17,61,21,109,10,24,34,143
11/21/2018,TOL,OH,AGL,CE,Combined TRACON& Tower with Radar,8,10,23,4,45,0,2,17,0,19,8,12,40,4,64,36,0,36,100
11/22/2018,TOL,OH,AGL,CE,Combined TRACON& Tower with Radar,2,4,4,0,10,0,1,5,0,6,2,5,9,0,16,0,0,0,16
11/23/2018,TOL,OH,AGL,CE,Combined TRACON& Tower with Radar,10,7,10,0,27,0,0,38,0,38,10,7,48,0,65,30,0,30,95
11/24/2018,TOL,OH,AGL,CE,Combined TRACON& Tower with Radar,4,7,12,1,24,0,1,1,0,2,4,8,13,1,26,0,0,0,26
11/25/2018,TOL,OH,AGL,CE,Combined TRACON& Tower with Radar,6,7,15,2,30,0,1,11,0,12,6,8,26,2,42,38,0,38,80
11/26/2018,TOL,OH,AGL,CE,Combined TRACON& Tower with Radar,8,2,9,0,19,0,0,0,0,0,8,2,9,0,19,0,0,0,19
11/27/2018,TOL,OH,AGL,CE,Combined TRACON& Tower with Radar,5,10,34,8,57,1,2,5,0,8,6,12,39,8,65,10,0,10,75
11/28/2018,TOL,OH,AGL,CE,Combined TRACON& Tower with Radar,6,10,36,10,62,0,0,11,0,11,6,10,47,10,73,14,6,20,93
11/29/2018,TOL,OH,AGL,CE,Combined TRACON& Tower with Radar,7,10,19,0,36,0,2,14,0,16,7,12,33,0,52,14,0,14,66
11/30/2018,TOL,OH,AGL,CE,Combined TRACON& Tower with Radar,5,5,12,1,23,0,0,0,0,0,5,5,12,1,23,0,0,0,23
12/01/2018,TOL,OH,AGL,CE,Combined TRACON& Tower with Radar,7,3,3,0,13,0,0,0,0,0,7,3,3,0,13,0,0,0,13
12/02/2018,TOL,OH,AGL,CE,Combined TRACON& Tower with Radar,6,9,11,7,33,0,4,14,0,18,6,13,25,7,51,4,12,16,67
12/03/2018,TOL,OH,AGL,CE,Combined TRACON& Tower with Radar,6,11,14,10,41,0,0,0,0,0,6,11,14,10,41,0,0,0,41
12/04/2018,TOL,OH,AGL,CE,Combined TRACON& Tower with Radar,6,11,37,10,64,0,3,15,1,19,6,14,52,11,83,16,0,16,99
12/05/2018,TOL,OH,AGL,CE,Combined TRACON& Tower with Radar,6,9,30,0,45,0,4,25,0,29,6,13,55,0,74,40,0,40,114
12/06/2018,TOL,OH,AGL,CE,Combined TRACON& Tower with Radar,6,16,29,12,63,0,0,10,0,10,6,16,39,12,73,27,0,27,100
12/07/2018,TOL,OH,AGL,CE,Combined TRACON& Tower with Radar,7,7,29,0,43,0,2,20,1,23,7,9,49,1,66,48,0,48,114
12/08/2018,TOL,OH,AGL,CE,Combined TRACON& Tower with Radar,7,6,16,2,31,0,0,30,3,33,7,6,46,5,64,54,0,54,118
12/09/2018,TOL,OH,AGL,CE,Combined TRACON& Tower with Radar,2,10,32,0,44,0,4,26,0,30,2,14,58,0,74,32,0,32,106
12/10/2018,TOL,OH,AGL,CE,Combined TRACON& Tower with Radar,5,15,28,6,54,0,0,0,0,0,5,15,28,6,54,0,0,0,54
12/11/2018,TOL,OH,AGL,CE,Combined TRACON& Tower with Radar,8,11,23,14,56,0,0,12,0,12,8,11,35,14,68,4,4,8,76
12/12/2018,TOL,OH,AGL,CE,Combined TRACON& Tower with Radar,6,6,30,10,52,0,1,32,0,33,6,7,62,10,85,79,12,91,176
12/13/2018,TOL,OH,AGL,CE,Combined TRACON& Tower with Radar,9,12,24,14,59,0,5,12,3,20,9,17,36,17,79,16,8,24,103
12/14/2018,TOL,OH,AGL,CE,Combined TRACON& Tower with Radar,12,8,30,1,51,0,0,5,0,5,12,8,35,1,56,16,0,16,72
12/15/2018,TOL,OH,AGL,CE,Combined TRACON& Tower with Radar,10,4,11,0,25,0,4,10,0,14,10,8,21,0,39,52,0,52,91
12/16/2018,TOL,OH,AGL,CE,Combined TRACON& Tower with Radar,6,10,28,0,44,0,3,25,0,28,6,13,53,0,72,52,0,52,124
12/17/2018,TOL,OH,AGL,CE,Combined TRACON& Tower with Radar,9,19,29,14,71,0,0,21,4,25,9,19,50,18,96,0,0,0,96
12/18/2018,TOL,OH,AGL,CE,Combined TRACON& Tower with Radar,8,8,34,23,73,0,6,26,1,33,8,14,60,24,106,40,10,50,156
12/19/2018,TOL,OH,AGL,CE,Combined TRACON& Tower with Radar,7,13,44,11,75,0,1,48,0,49,7,14,92,11,124,36,0,36,160
12/20/2018,TOL,OH,AGL,CE,Combined TRACON& Tower with Radar,9,18,26,10,63,0,3,5,1,9,9,21,31,11,72,2,0,2,74
12/21/2018,TOL,OH,AGL,CE,Combined TRACON& Tower with Radar,8,11,26,0,45,0,0,0,0,0,8,11,26,0,45,6,0,6,51
12/22/2018,TOL,OH,AGL,CE,Combined TRACON& Tower with Radar,8,16,11,0,35,0,4,14,0,18,8,20,25,0,53,0,0,0,53
12/23/2018,TOL,OH,AGL,CE,Combined TRACON& Tower with Radar,8,6,3,0,17,0,0,8,0,8,8,6,11,0,25,18,0,18,43
12/24/2018,TOL,OH,AGL,CE,Combined TRACON& Tower with Radar,4,4,2,0,10,0,0,13,0,13,4,4,15,0,23,0,0,0,23
12/25/2018,TOL,OH,AGL,CE,Combined TRACON& Tower with Radar,6,2,1,0,9,0,4,0,0,4,6,6,1,0,13,0,0,0,13
12/26/2018,TOL,OH,AGL,CE,Combined TRACON& Tower with Radar,10,8,20,13,51,0,7,37,3,47,10,15,57,16,98,26,11,37,135
12/27/2018,TOL,OH,AGL,CE,Combined TRACON& Tower with Radar,5,13,12,5,35,0,0,8,0,8,5,13,20,5,43,8,10,18,61
12/28/2018,TOL,OH,AGL,CE,Combined TRACON& Tower with Radar,6,10,4,0,20,0,6,1,2,9,6,16,5,2,29,0,0,0,29
12/29/2018,TOL,OH,AGL,CE,Combined TRACON& Tower with Radar,8,6,15,0,29,0,4,12,0,16,8,10,27,0,45,12,0,12,57
12/30/2018,TOL,OH,AGL,CE,Combined TRACON& Tower with Radar,6,10,22,0,38,0,0,36,0,36,6,10,58,0,74,32,0,32,106
12/31/2018,TOL,OH,AGL,CE,Combined TRACON& Tower with Radar,6,5,4,0,15,0,0,0,4,4,6,5,4,4,19,0,0,0,19
01/01/2019,TOL,OH,AGL,CE,Combined TRACON& Tower with Radar,6,7,4,0,17,0,2,2,0,4,6,9,6,0,21,4,0,4,25
01/02/2019,TOL,OH,AGL,CE,Combined TRACON& Tower with Radar,8,6,9,12,35,0,0,0,0,0,8,6,9,12,35,0,0,0,35
01/03/2019,TOL,OH,AGL,CE,Combined TRACON& Tower with Radar,8,8,25,15,56,0,0,13,1,14,8,8,38,16,70,12,8,20,90
01/04/2019,TOL,OH,AGL,CE,Combined TRACON& Tower with Radar,6,8,21,8,43,0,4,15,0,19,6,12,36,8,62,12,11,23,85
01/05/2019,TOL,OH,AGL,CE,Combined TRACON& Tower with Radar,8,12,17,2,39,0,7,32,0,39,8,19,49,2,78,24,0,24,102
01/06/2019,TOL,OH,AGL,CE,Combined TRACON& Tower with Radar,7,6,21,0,34,0,1,25,0,26,7,7,46,0,60,31,12,43,103
01/07/2019,TOL,OH,AGL,CE,Combined TRACON& Tower with Radar,9,5,13,8,35,0,0,2,0,2,9,5,15,8,37,0,0,0,37
01/08/2019,TOL,OH,AGL,CE,Combined TRACON& Tower with Radar,4,11,22,13,50,0,3,2,1,6,4,14,24,14,56,0,0,0,56
01/09/2019,TOL,OH,AGL,CE,Combined TRACON& Tower with Radar,8,13,13,7,41,0,0,2,0,2,8,13,15,7,43,0,0,0,43
01/10/2019,TOL,OH,AGL,CE,Combined TRACON& Tower with Radar,6,13,18,0,37,0,1,16,0,17,6,14,34,0,54,14,0,14,68
01/11/2019,TOL,OH,AGL,CE,Combined TRACON& Tower with Radar,6,13,47,0,66,0,4,22,2,28,6,17,69,2,94,34,0,34,128
01/12/2019,TOL,OH,AGL,CE,Combined TRACON& Tower with Radar,6,9,4,8,27,0,0,4,0,4,6,9,8,8,31,6,4,10,41
01/13/2019,TOL,OH,AGL,CE,Combined TRACON& Tower with Radar,6,12,14,6,38,0,0,9,0,9,6,12,23,6,47,8,0,8,55
01/14/2019,TOL,OH,AGL,CE,Combined TRACON& Tower with Radar,7,10,71,12,100,0,4,27,0,31,7,14,98,12,131,19,8,27,158
01/15/2019,TOL,OH,AGL,CE,Combined TRACON& Tower with Radar,7,16,26,0,49,0,1,1,0,2,7,17,27,0,51,0,0,0,51
01/16/2019,TOL,OH,AGL,CE,Combined TRACON& Tower with Radar,7,11,22,10,50,0,3,16,3,22,7,14,38,13,72,10,11,21,93
01/17/2019,TOL,OH,AGL,CE,Combined TRACON& Tower with Radar,6,13,17,0,36,0,4,5,0,9,6,17,22,0,45,0,0,0,45
01/18/2019,TOL,OH,AGL,CE,Combined TRACON& Tower with Radar,6,6,19,0,31,0,2,1,0,3,6,8,20,0,34,0,0,0,34
01/19/2019,TOL,OH,AGL,CE,Combined TRACON& Tower with Radar,3,1,1,0,5,0,0,0,0,0,3,1,1,0,5,0,0,0,5
01/20/2019,TOL,OH,AGL,CE,Combined TRACON& Tower with Radar,5,7,8,0,20,0,1,5,0,6,5,8,13,0,26,2,0,2,28
01/21/2019,TOL,OH,AGL,CE,Combined TRACON& Tower with Radar,5,3,40,0,48,0,1,22,0,23,5,4,62,0,71,12,0,12,83
01/22/2019,TOL,OH,AGL,CE,Combined TRACON& Tower with Radar,10,10,12,16,48,0,3,13,0,16,10,13,25,16,64,7,0,7,71
01/23/2019,TOL,OH,AGL,CE,Combined TRACON& Tower with Radar,10,3,14,0,27,0,0,0,0,0,10,3,14,0,27,0,0,0,27
01/24/2019,TOL,OH,AGL,CE,Combined TRACON& Tower with Radar,6,9,33,11,59,0,1,7,0,8,6,10,40,11,67,12,0,12,79
01/25/2019,TOL,OH,AGL,CE,Combined TRACON& Tower with Radar,6,10,28,5,49,0,4,5,0,9,6,14,33,5,58,14,0,14,72
01/26/2019,TOL,OH,AGL,CE,Combined TRACON& Tower with Radar,7,13,14,2,36,0,7,22,0,29,7,20,36,2,65,6,0,6,71
01/27/2019,TOL,OH,AGL,CE,Combined TRACON& Tower with Radar,8,8,10,0,26,0,2,8,0,10,8,10,18,0,36,12,0,12,48
01/28/2019,TOL,OH,AGL,CE,Combined TRACON& Tower with Radar,5,1,14,2,22,0,0,1,0,1,5,1,15,2,23,0,0,0,23
01/29/2019,TOL,OH,AGL,CE,Combined TRACON& Tower with Radar,8,13,20,0,41,0,0,6,0,6,8,13,26,0,47,4,0,4,51
01/30/2019,TOL,OH,AGL,CE,Combined TRACON& Tower with Radar,8,0,16,0,24,0,0,2,0,2,8,0,18,0,26,0,0,0,26
01/31/2019,TOL,OH,AGL,CE,Combined TRACON& Tower with Radar,7,5,21,1,34,0,4,3,0,7,7,9,24,1,41,0,0,0,41
02/01/2019,TOL,OH,AGL,CE,Combined TRACON& Tower with Radar,9,6,17,0,32,0,3,18,0,21,9,9,35,0,53,30,0,30,83
02/02/2019,TOL,OH,AGL,CE,Combined TRACON& Tower with Radar,8,6,14,0,28,0,1,4,0,5,8,7,18,0,33,6,0,6,39
02/03/2019,TOL,OH,AGL,CE,Combined TRACON& Tower with Radar,8,9,32,0,49,0,0,23,0,23,8,9,55,0,72,42,0,42,114
02/04/2019,TOL,OH,AGL,CE,Combined TRACON& Tower with Radar,6,9,32,0,47,0,1,5,0,6,6,10,37,0,53,10,0,10,63
02/05/2019,TOL,OH,AGL,CE,Combined TRACON& Tower with Radar,5,7,31,0,43,0,3,1,0,4,5,10,32,0,47,4,0,4,51
02/06/2019,TOL,OH,AGL,CE,Combined TRACON& Tower with Radar,8,8,12,0,28,0,0,0,0,0,8,8,12,0,28,0,0,0,28
02/07/2019,TOL,OH,AGL,CE,Combined TRACON& Tower with Radar,13,12,10,0,35,0,0,0,0,0,13,12,10,0,35,0,0,0,35
02/08/2019,TOL,OH,AGL,CE,Combined TRACON& Tower with Radar,7,17,20,0,44,0,0,4,0,4,7,17,24,0,48,0,0,0,48
02/09/2019,TOL,OH,AGL,CE,Combined TRACON& Tower with Radar,9,6,20,5,40,0,0,54,1,55,9,6,74,6,95,22,4,26,121
02/10/2019,TOL,OH,AGL,CE,Combined TRACON& Tower with Radar,8,8,8,4,28,0,0,15,3,18,8,8,23,7,46,2,4,6,52
02/11/2019,TOL,OH,AGL,CE,Combined TRACON& Tower with Radar,6,7,23,6,42,0,0,0,1,1,6,7,23,7,43,0,0,0,43
02/12/2019,TOL,OH,AGL,CE,Combined TRACON& Tower with Radar,5,1,16,5,27,0,0,0,0,0,5,1,16,5,27,0,0,0,27
02/13/2019,TOL,OH,AGL,CE,Combined TRACON& Tower with Radar,7,15,24,13,59,0,3,6,0,9,7,18,30,13,68,32,0,32,100
02/14/2019,TOL,OH,AGL,CE,Combined TRACON& Tower with Radar,9,9,47,22,87,0,2,27,1,30,9,11,74,23,117,36,12,48,165
02/15/2019,TOL,OH,AGL,CE,Combined TRACON& Tower with Radar,9,14,31,4,58,0,1,9,0,10,9,15,40,4,68,11,4,15,83
02/16/2019,TOL,OH,AGL,CE,Combined TRACON& Tower with Radar,6,10,17,0,33,0,2,24,0,26,6,12,41,0,59,38,0,38,97
02/17/2019,TOL,OH,AGL,CE,Combined TRACON& Tower with Radar,5,5,7,0,17,0,1,1,0,2,5,6,8,0,19,0,0,0,19
02/18/2019,TOL,OH,AGL,CE,Combined TRACON& Tower with Radar,9,9,25,0,43,0,3,14,0,17,9,12,39,0,60,25,0,25,85
02/19/2019,TOL,OH,AGL,CE,Combined TRACON& Tower with Radar,12,11,36,10,69,0,2,45,0,47,12,13,81,10,116,32,11,43,159
02/20/2019,TOL,OH,AGL,CE,Combined TRACON& Tower with Radar,8,4,14,0,26,0,0,0,0,0,8,4,14,0,26,0,0,0,26
02/21/2019,TOL,OH,AGL,CE,Combined TRACON& Tower with Radar,6,8,31,14,59,0,3,20,0,23,6,11,51,14,82,22,15,37,119
02/22/2019,TOL,OH,AGL,CE,Combined TRACON& Tower with Radar,8,6,44,0,58,0,2,41,0,43,8,8,85,0,101,36,0,36,137
02/23/2019,TOL,OH,AGL,CE,Combined TRACON& Tower with Radar,6,6,20,0,32,0,1,11,0,12,6,7,31,0,44,12,0,12,56
02/24/2019,TOL,OH,AGL,CE,Combined TRACON& Tower with Radar,5,7,2,0,14,0,0,1,0,1,5,7,3,0,15,0,0,0,15
02/25/2019,TOL,OH,AGL,CE,Combined TRACON& Tower with Radar,7,17,27,18,69,0,5,21,0,26,7,22,48,18,95,14,12,26,121
02/26/2019,TOL,OH,AGL,CE,Combined TRACON& Tower with Radar,13,4,28,13,58,0,0,11,2,13,13,4,39,15,71,6,0,6,77
02/27/2019,TOL,OH,AGL,CE,Combined TRACON& Tower with Radar,11,5,31,8,55,0,1,14,0,15,11,6,45,8,70,16,10,26,96
02/28/2019,TOL,OH,AGL,CE,Combined TRACON& Tower with Radar,7,10,40,12,69,0,6,25,0,31,7,16,65,12,100,16,6,22,122
03/01/2019,TOL,OH,AGL,CE,Combined TRACON& Tower with Radar,9,10,35,0,54,0,9,32,0,41,9,19,67,0,95,36,0,36,131
03/02/2019,TOL,OH,AGL,CE,Combined TRACON& Tower with Radar,8,8,30,11,57,0,1,24,1,26,8,9,54,12,83,22,6,28,111
03/03/2019,TOL,OH,AGL,CE,Combined TRACON& Tower with Radar,8,8,15,10,41,0,0,2,0,2,8,8,17,10,43,6,4,10,53
03/04/2019,TOL,OH,AGL,CE,Combined TRACON& Tower with Radar,9,8,29,9,55,0,1,15,0,16,9,9,44,9,71,6,0,6,77
03/05/2019,TOL,OH,AGL,CE,Combined TRACON& Tower with Radar,8,9,14,14,45,0,3,9,0,12,8,12,23,14,57,6,0,6,63
03/06/2019,TOL,OH,AGL,CE,Combined TRACON& Tower with Radar,10,5,39,10,64,0,2,23,0,25,10,7,62,10,89,18,4,22,111
03/07/2019,TOL,OH,AGL,CE,Combined TRACON& Tower with Radar,7,11,42,12,72,0,6,26,1,33,7,17,68,13,105,24,6,30,135
03/08/2019,TOL,OH,AGL,CE,Combined TRACON& Tower with Radar,9,12,41,0,62,0,5,29,0,34,9,17,70,0,96,17,0,17,113
03/09/2019,TOL,OH,AGL,CE,Combined TRACON& Tower with Radar,7,5,8,6,26,0,2,6,0,8,7,7,14,6,34,8,12,20,54
03/10/2019,TOL,OH,AGL,CE,Combined TRACON& Tower with Radar,8,8,8,0,24,0,2,0,0,2,8,10,8,0,26,0,0,0,26
03/11/2019,TOL,OH,AGL,CE,Combined TRACON& Tower with Radar,14,10,31,15,70,0,2,12,0,14,14,12,43,15,84,14,6,20,104
03/12/2019,TOL,OH,AGL,CE,Combined TRACON& Tower with Radar,12,6,37,14,69,0,6,24,0,30,12,12,61,14,99,24,8,32,131
03/13/2019,TOL,OH,AGL,CE,Combined TRACON& Tower with Radar,10,7,43,17,77,0,3,8,0,11,10,10,51,17,88,6,10,16,104
03/14/2019,TOL,OH,AGL,CE,Combined TRACON& Tower with Radar,7,7,11,0,25,0,0,0,0,0,7,7,11,0,25,0,0,0,25
03/15/2019,TOL,OH,AGL,CE,Combined TRACON& Tower with Radar,7,15,17,5,44,0,0,1,0,1,7,15,18,5,45,0,4,4,49
03/16/2019,TOL,OH,AGL,CE,Combined TRACON& Tower with Radar,6,6,20,0,32,0,2,17,0,19,6,8,37,0,51,26,0,26,77
03/17/2019,TOL,OH,AGL,CE,Combined TRACON& Tower with Radar,7,6,22,0,35,0,0,22,0,22,7,6,44,0,57,0,0,0,57
03/18/2019,TOL,OH,AGL,CE,Combined TRACON& Tower with Radar,8,8,36,19,71,0,0,25,5,30,8,8,61,24,101,12,20,32,133
03/19/2019,TOL,OH,AGL,CE,Combined TRACON& Tower with Radar,10,9,36,17,72,0,5,30,1,36,10,14,66,18,108,22,13,35,143
03/20/2019,TOL,OH,AGL,CE,Combined TRACON& Tower with Radar,10,9,27,16,62,0,3,14,2,19,10,12,41,18,81,4,10,14,95
03/21/2019,TOL,OH,AGL,CE,Combined TRACON& Tower with Radar,8,10,20,6,44,0,3,2,0,5,8,13,22,6,49,0,0,0,49
03/22/2019,TOL,OH,AGL,CE,Combined TRACON& Tower with Radar,12,13,20,4,49,0,5,5,0,10,12,18,25,4,59,10,0,10,69
03/23/2019,TOL,OH,AGL,CE,Combined TRACON& Tower with Radar,5,9,26,0,40,0,5,51,0,56,5,14,77,0,96,31,0,31,127
03/24/2019,TOL,OH,AGL,CE,Combined TRACON& Tower with Radar,11,12,18,0,41,0,7,11,0,18,11,19,29,0,59,6,0,6,65
03/25/2019,TOL,OH,AGL,CE,Combined TRACON& Tower with Radar,10,9,24,28,71,0,2,15,0,17,10,11,39,28,88,16,0,16,104
03/26/2019,TOL,OH,AGL,CE,Combined TRACON& Tower with Radar,10,8,41,18,77,0,5,22,7,34,10,13,63,25,111,10,12,22,133
03/27/2019,TOL,OH,AGL,CE,Combined TRACON& Tower with Radar,11,15,59,16,101,0,3,39,3,45,11,18,98,19,146,99,14,113,259
03/28/2019,TOL,OH,AGL,CE,Combined TRACON& Tower with Radar,11,18,23,10,62,1,3,7,3,14,12,21,30,13,76,2,0,2,78
03/29/2019,TOL,OH,AGL,CE,Combined TRACON& Tower with Radar,11,9,32,1,53,0,1,3,0,4,11,10,35,1,57,0,0,0,57
03/30/2019,TOL,OH,AGL,CE,Combined TRACON& Tower with Radar,8,8,11,0,27,0,0,0,0,0,8,8,11,0,27,0,0,0,27
03/31/2019,TOL,OH,AGL,CE,Combined TRACON& Tower with Radar,8,11,24,0,43,0,2,9,0,11,8,13,33,0,54,2,0,2,56
04/01/2019,TOL,OH,AGL,CE,Combined TRACON& Tower with Radar,12,14,44,9,79,0,8,22,2,32,12,22,66,11,111,52,2,54,165
04/02/2019,TOL,OH,AGL,CE,Combined TRACON& Tower with Radar,12,11,48,11,82,0,6,14,2,22,12,17,62,13,104,38,10,48,152
04/03/2019,TOL,OH,AGL,CE,Combined TRACON& Tower with Radar,11,11,39,13,74,0,0,13,0,13,11,11,52,13,87,0,8,8,95
04/04/2019,TOL,OH,AGL,CE,Combined TRACON& Tower with Radar,11,12,26,11,60,0,1,7,0,8,11,13,33,11,68,18,18,36,104
04/05/2019,TOL,OH,AGL,CE,Combined TRACON& Tower with Radar,9,9,30,0,48,0,1,12,0,13,9,10,42,0,61,20,0,20,81
04/06/2019,TOL,OH,AGL,CE,Combined TRACON& Tower with Radar,7,10,28,16,61,0,3,38,1,42,7,13,66,17,103,22,12,34,137
04/07/2019,TOL,OH,AGL,CE,Combined TRACON& Tower with Radar,10,10,8,14,42,0,1,7,0,8,10,11,15,14,50,0,2,2,52
04/08/2019,TOL,OH,AGL,CE,Combined TRACON& Tower with Radar,7,12,63,13,95,0,6,24,4,34,7,18,87,17,129,38,0,38,167
04/09/2019,TOL,OH,AGL,CE,Combined TRACON& Tower with Radar,13,7,44,8,72,0,4,27,0,31,13,11,71,8,103,6,4,10,113
04/10/2019,TOL,OH,AGL,CE,Combined TRACON& Tower with Radar,11,9,34,14,68,0,1,15,4,20,11,10,49,18,88,12,6,18,106
04/11/2019,TOL,OH,AGL,CE,Combined TRACON& Tower with Radar,9,11,21,11,52,0,3,13,0,16,9,14,34,11,68,29,2,31,99
04/12/2019,TOL,OH,AGL,CE,Combined TRACON& Tower with Radar,12,7,18,5,42,0,1,11,0,12,12,8,29,5,54,4,0,4,58
04/13/2019,TOL,OH,AGL,CE,Combined TRACON& Tower with Radar,7,6,29,0,42,1,2,44,0,47,8,8,73,0,89,0,0,0,89
04/14/2019,TOL,OH,AGL,CE,Combined TRACON& Tower with Radar,9,6,8,1,24,0,0,0,0,0,9,6,8,1,24,0,0,0,24
04/15/2019,TOL,OH,AGL,CE,Combined TRACON& Tower with Radar,11,8,35,15,69,0,2,31,0,33,11,10,66,15,102,48,14,62,164
04/16/2019,TOL,OH,AGL,CE,Combined TRACON& Tower with Radar,11,13,26,13,63,0,3,28,1,32,11,16,54,14,95,14,0,14,109
04/17/2019,TOL,OH,AGL,CE,Combined TRACON& Tower with Radar,9,11,25,9,54,0,3,20,2,25,9,14,45,11,79,25,4,29,108
04/18/2019,TOL,OH,AGL,CE,Combined TRACON& Tower with Radar,6,16,18,8,48,0,1,5,0,6,6,17,23,8,54,0,6,6,60
04/19/2019,TOL,OH,AGL,CE,Combined TRACON& Tower with Radar,7,12,25,0,44,0,2,1,0,3,7,14,26,0,47,4,2,6,53
04/20/2019,TOL,OH,AGL,CE,Combined TRACON& Tower with Radar,7,4,6,0,17,0,0,0,0,0,7,4,6,0,17,4,0,4,21
04/21/2019,TOL,OH,AGL,CE,Combined TRACON& Tower with Radar,6,6,31,0,43,0,2,23,0,25,6,8,54,0,68,0,0,0,68
04/22/2019,TOL,OH,AGL,CE,Combined TRACON& Tower with Radar,8,13,31,9,61,0,6,41,3,50,8,19,72,12,111,34,6,40,151
04/23/2019,TOL,OH,AGL,CE,Combined TRACON& Tower with Radar,10,12,30,8,60,0,3,24,1,28,10,15,54,9,88,6,1,7,95
04/24/2019,TOL,OH,AGL,CE,Combined TRACON& Tower with Radar,10,13,49,17,89,0,4,51,2,57,10,17,100,19,146,79,26,105,251
04/25/2019,TOL,OH,AGL,CE,Combined TRACON& Tower with Radar,6,10,37,8,61,0,1,11,0,12,6,11,48,8,73,24,2,26,99
04/26/2019,TOL,OH,AGL,CE,Combined TRACON& Tower with Radar,8,16,25,0,49,0,1,10,0,11,8,17,35,0,60,2,0,2,62
04/27/2019,TOL,OH,AGL,CE,Combined TRACON& Tower with Radar,6,9,14,0,29,0,0,18,1,19,6,9,32,1,48,22,0,22,70
04/28/2019,TOL,OH,AGL,CE,Combined TRACON& Tower with Radar,6,8,12,0,26,0,1,22,0,23,6,9,34,0,49,12,0,12,61
04/29/2019,TOL,OH,AGL,CE,Combined TRACON& Tower with Radar,8,11,41,10,70,0,1,14,0,15,8,12,55,10,85,2,8,10,95
04/30/2019,TOL,OH,AGL,CE,Combined TRACON& Tower with Radar,8,11,25,1,45,0,0,5,0,5,8,11,30,1,50,0,0,0,50
05/01/2019,TOL,OH,AGL,CE,Combined TRACON& Tower with Radar,8,18,26,15,67,0,2,19,0,21,8,20,45,15,88,0,3,3,91
05/02/2019,TOL,OH,AGL,CE,Combined TRACON& Tower with Radar,6,16,33,4,59,0,0,4,0,4,6,16,37,4,63,4,0,4,67
05/03/2019,TOL,OH,AGL,CE,Combined TRACON& Tower with Radar,6,8,31,4,49,0,0,0,0,0,6,8,31,4,49,2,0,2,51
05/04/2019,TOL,OH,AGL,CE,Combined TRACON& Tower with Radar,5,5,43,0,53,0,1,18,0,19,5,6,61,0,72,4,0,4,76
05/05/2019,TOL,OH,AGL,CE,Combined TRACON& Tower with Radar,8,6,46,0,60,0,0,59,0,59,8,6,105,0,119,30,0,30,149
05/06/2019,TOL,OH,AGL,CE,Combined TRACON& Tower with Radar,7,14,57,17,95,0,9,39,0,48,7,23,96,17,143,10,0,10,153
05/07/2019,TOL,OH,AGL,CE,Combined TRACON& Tower with Radar,9,9,30,7,55,0,3,53,0,56,9,12,83,7,111,40,4,44,155
05/08/2019,TOL,OH,AGL,CE,Combined TRACON& Tower with Radar,8,13,41,16,78,0,6,26,1,33,8,19,67,17,111,0,6,6,117
05/09/2019,TOL,OH,AGL,CE,Combined TRACON& Tower with Radar,6,10,20,5,41,0,0,0,2,2,6,10,20,7,43,0,0,0,43
05/10/2019,TOL,OH,AGL,CE,Combined TRACON& Tower with Radar,6,11,60,0,77,0,3,24,1,28,6,14,84,1,105,26,4,30,135
05/11/2019,TOL,OH,AGL,CE,Combined TRACON& Tower with Radar,6,6,22,0,34,0,6,27,0,33,6,12,49,0,67,14,0,14,81
05/12/2019,TOL,OH,AGL,CE,Combined TRACON& Tower with Radar,6,11,16,0,33,0,0,3,0,3,6,11,19,0,36,6,0,6,42
05/13/2019,TOL,OH,AGL,CE,Combined TRACON& Tower with Radar,8,10,33,10,61,0,1,4,2,7,8,11,37,12,68,4,0,4,72
05/14/2019,TOL,OH,AGL,CE,Combined TRACON& Tower with Radar,8,10,42,8,68,0,5,28,3,36,8,15,70,11,104,0,0,0,104
05/15/2019,TOL,OH,AGL,CE,Combined TRACON& Tower with Radar,6,10,30,9,55,0,5,22,1,28,6,15,52,10,83,2,0,2,85
05/16/2019,TOL,OH,AGL,CE,Combined TRACON& Tower with Radar,7,16,35,1,59,0,8,22,1,31,7,24,57,2,90,22,0,22,112
05/17/2019,TOL,OH,AGL,CE,Combined TRACON& Tower with Radar,7,13,27,22,69,0,0,7,0,7,7,13,34,22,76,12,0,12,88
05/18/2019,TOL,OH,AGL,CE,Combined TRACON& Tower with Radar,5,12,19,21,57,0,2,96,1,99,5,14,115,22,156,8,6,14,170
05/19/2019,TOL,OH,AGL,CE,Combined TRACON& Tower with Radar,10,14,20,0,44,0,5,34,0,39,10,19,54,0,83,2,0,2,85
05/20/2019,TOL,OH,AGL,CE,Combined TRACON& Tower with Radar,7,14,25,11,57,0,3,13,1,17,7,17,38,12,74,20,2,22,96
05/21/2019,TOL,OH,AGL,CE,Combined TRACON& Tower with Radar,9,13,28,8,58,0,14,14,0,28,9,27,42,8,86,6,16,22,108
05/22/2019,TOL,OH,AGL,CE,Combined TRACON& Tower with Radar,6,18,29,8,61,0,4,28,2,34,6,22,57,10,95,8,20,28,123
05/23/2019,TOL,OH,AGL,CE,Combined TRACON& Tower with Radar,7,11,29,5,52,0,3,17,1,21,7,14,46,6,73,4,8,12,85
05/24/2019,TOL,OH,AGL,CE,Combined TRACON& Tower with Radar,7,13,30,0,50,0,5,31,0,36,7,18,61,0,86,32,0,32,118
05/25/2019,TOL,OH,AGL,CE,Combined TRACON& Tower with Radar,6,5,7,0,18,0,2,12,4,18,6,7,19,4,36,4,2,6,42
05/26/2019,TOL,OH,AGL,CE,Combined TRACON& Tower with Radar,6,6,2,0,14,0,0,1,0,1,6,6,3,0,15,0,0,0,15
05/27/2019,TOL,OH,AGL,CE,Combined TRACON& Tower with Radar,6,6,15,0,27,0,2,34,4,40,6,8,49,4,67,20,2,22,89
05/28/2019,TOL,OH,AGL,CE,Combined TRACON& Tower with Radar,6,12,29,6,53,0,3,16,4,23,6,15,45,10,76,43,6,49,125
05/29/2019,TOL,OH,AGL,CE,Combined TRACON& Tower with Radar,8,14,27,7,56,0,2,1,0,3,8,16,28,7,59,2,0,2,61
05/30/2019,TOL,OH,AGL,CE,Combined TRACON& Tower with Radar,6,12,23,22,63,0,2,7,3,12,6,14,30,25,75,1,2,3,78
05/31/2019,TOL,OH,AGL,CE,Combined TRACON& Tower with Radar,8,15,30,0,53,0,6,56,0,62,8,21,86,0,115,42,0,42,157
06/01/2019,TOL,OH,AGL,CE,Combined TRACON& Tower with Radar,7,3,15,0,25,0,4,5,0,9,7,7,20,0,34,8,0,8,42
06/02/2019,TOL,OH,AGL,CE,Combined TRACON& Tower with Radar,9,5,22,1,37,0,0,16,2,18,9,5,38,3,55,8,0,8,63
06/03/2019,TOL,OH,AGL,CE,Combined TRACON& Tower with Radar,6,11,32,11,60,0,8,36,2,46,6,19,68,13,106,18,6,24,130
06/04/2019,TOL,OH,AGL,CE,Combined TRACON& Tower with Radar,6,8,31,5,50,0,5,23,4,32,6,13,54,9,82,6,6,12,94
06/05/2019,TOL,OH,AGL,CE,Combined TRACON& Tower with Radar,11,11,20,1,43,0,8,7,1,16,11,19,27,2,59,0,0,0,59
06/06/2019,TOL,OH,AGL,CE,Combined TRACON& Tower with Radar,9,15,30,11,65,0,4,3,2,9,9,19,33,13,74,4,0,4,78
06/07/2019,TOL,OH,AGL,CE,Combined TRACON& Tower with Radar,12,11,13,0,36,0,2,23,0,25,12,13,36,0,61,20,0,20,81
06/08/2019,TOL,OH,AGL,CE,Combined TRACON& Tower with Radar,9,13,9,7,38,0,3,8,10,21,9,16,17,17,59,2,0,2,61
06/09/2019,TOL,OH,AGL,CE,Combined TRACON& Tower with Radar,5,15,11,12,43,0,0,2,1,3,5,15,13,13,46,4,4,8,54
06/10/2019,TOL,OH,AGL,CE,Combined TRACON& Tower with Radar,9,10,17,9,45,0,1,13,0,14,9,11,30,9,59,0,0,0,59
06/11/2019,TOL,OH,AGL,CE,Combined TRACON& Tower with Radar,15,20,36,13,84,0,21,24,1,46,15,41,60,14,130,4,0,4,134
06/12/2019,TOL,OH,AGL,CE,Combined TRACON& Tower with Radar,9,13,24,9,55,0,11,28,4,43,9,24,52,13,98,28,20,48,146
06/13/2019,TOL,OH,AGL,CE,Combined TRACON& Tower with Radar,7,8,23,5,43,0,0,1,0,1,7,8,24,5,44,4,0,4,48
06/14/2019,TOL,OH,AGL,CE,Combined TRACON& Tower with Radar,8,17,19,0,44,0,0,14,0,14,8,17,33,0,58,0,0,0,58
06/15/2019,TOL,OH,AGL,CE,Combined TRACON& Tower with Radar,10,8,14,0,32,0,2,5,0,7,10,10,19,0,39,0,0,0,39
06/16/2019,TOL,OH,AGL,CE,Combined TRACON& Tower with Radar,9,12,18,0,39,0,0,0,0,0,9,12,18,0,39,4,0,4,43
06/17/2019,TOL,OH,AGL,CE,Combined TRACON& Tower with Radar,8,6,33,11,58,0,0,4,0,4,8,6,37,11,62,2,2,4,66
06/18/2019,TOL,OH,AGL,CE,Combined TRACON& Tower with Radar,5,13,27,10,55,0,2,27,1,30,5,15,54,11,85,38,6,44,129
06/19/2019,TOL,OH,AGL,CE,Combined TRACON& Tower with Radar,9,8,39,12,68,0,2,16,0,18,9,10,55,12,86,26,2,28,114
06/20/2019,TOL,OH,AGL,CE,Combined TRACON& Tower with Radar,6,14,22,12,54,0,1,1,0,2,6,15,23,12,56,0,0,0,56
06/21/2019,TOL,OH,AGL,CE,Combined TRACON& Tower with Radar,8,20,32,3,63,0,5,44,0,49,8,25,76,3,112,32,0,32,144
06/22/2019,TOL,OH,AGL,CE,Combined TRACON& Tower with Radar,5,8,14,0,27,0,5,42,0,47,5,13,56,0,74,19,0,19,93
06/23/2019,TOL,OH,AGL,CE,Combined TRACON& Tower with Radar,10,11,16,0,37,0,1,21,0,22,10,12,37,0,59,22,0,22,81
06/24/2019,TOL,OH,AGL,CE,Combined TRACON& Tower with Radar,9,11,22,16,58,0,1,6,3,10,9,12,28,19,68,4,0,4,72
06/25/2019,TOL,OH,AGL,CE,Combined TRACON& Tower with Radar,7,12,31,24,74,0,3,22,4,29,7,15,53,28,103,38,20,58,161
06/26/2019,TOL,OH,AGL,CE,Combined TRACON& Tower with Radar,7,11,34,32,84,0,1,25,1,27,7,12,59,33,111,21,33,54,165
06/27/2019,TOL,OH,AGL,CE,Combined TRACON& Tower with Radar,7,15,39,12,73,0,3,31,0,34,7,18,70,12,107,0,0,0,107
06/28/2019,TOL,OH,AGL,CE,Combined TRACON& Tower with Radar,10,12,19,0,41,0,0,36,5,41,10,12,55,5,82,16,35,51,133
06/29/2019,TOL,OH,AGL,CE,Combined TRACON& Tower with Radar,9,11,9,0,29,0,5,15,0,20,9,16,24,0,49,4,0,4,53
06/30/2019,TOL,OH,AGL,CE,Combined TRACON& Tower with Radar,8,6,19,1,34,0,9,22,0,31,8,15,41,1,65,17,0,17,82
07/01/2019,TOL,OH,AGL,CE,Combined TRACON& Tower with Radar,14,6,27,27,74,0,5,25,0,30,14,11,52,27,104,24,4,28,132
07/02/2019,TOL,OH,AGL,CE,Combined TRACON& Tower with Radar,11,8,14,11,44,0,4,20,1,25,11,12,34,12,69,6,10,16,85
07/03/2019,TOL,OH,AGL,CE,Combined TRACON& Tower with Radar,6,9,30,16,61,0,1,16,0,17,6,10,46,16,78,14,13,27,105
07/04/2019,TOL,OH,AGL,CE,Combined TRACON& Tower with Radar,6,5,12,0,23,0,0,6,1,7,6,5,18,1,30,8,0,8,38
07/05/2019,TOL,OH,AGL,CE,Combined TRACON& Tower with Radar,10,8,8,0,26,0,3,20,0,23,10,11,28,0,49,4,0,4,53
07/06/2019,TOL,OH,AGL,CE,Combined TRACON& Tower with Radar,6,8,6,0,20,0,0,16,0,16,6,8,22,0,36,14,0,14,50
07/07/2019,TOL,OH,AGL,CE,Combined TRACON& Tower with Radar,8,8,22,0,38,0,2,18,0,20,8,10,40,0,58,16,0,16,74
07/08/2019,TOL,OH,AGL,CE,Combined TRACON& Tower with Radar,10,13,24,14,61,0,5,27,9,41,10,18,51,23,102,8,10,18,120
07/09/2019,TOL,OH,AGL,CE,Combined TRACON& Tower with Radar,8,13,40,12,73,0,6,56,8,70,8,19,96,20,143,22,40,62,205
07/10/2019,TOL,OH,AGL,CE,Combined TRACON& Tower with Radar,6,5,31,19,61,0,2,38,14,54,6,7,69,33,115,18,0,18,133
07/11/2019,TOL,OH,AGL,CE,Combined TRACON& Tower with Radar,5,10,34,13,62,0,3,28,10,41,5,13,62,23,103,6,14,20,123
07/12/2019,TOL,OH,AGL,CE,Combined TRACON& Tower with Radar,9,8,23,5,45,0,3,32,4,39,9,11,55,9,84,8,0,8,92
07/13/2019,TOL,OH,AGL,CE,Combined TRACON& Tower with Radar,6,4,5,0,15,0,8,9,2,19,6,12,14,2,34,14,0,14,48
07/14/2019,TOL,OH,AGL,CE,Combined TRACON& Tower with Radar,6,11,9,1,27,0,2,29,7,38,6,13,38,8,65,86,20,106,171
07/15/2019,TOL,OH,AGL,CE,Combined TRACON& Tower with Radar,11,6,32,15,64,0,0,28,3,31,11,6,60,18,95,31,6,37,132
07/16/2019,TOL,OH,AGL,CE,Combined TRACON& Tower with Radar,8,8,30,14,60,0,2,8,1,11,8,10,38,15,71,0,4,4,75
07/17/2019,TOL,OH,AGL,CE,Combined TRACON& Tower with Radar,10,10,41,21,82,0,1,15,0,16,10,11,56,21,98,18,26,44,142
07/18/2019,TOL,OH,AGL,CE,Combined TRACON& Tower with Radar,6,9,32,9,56,0,4,25,0,29,6,13,57,9,85,4,0,4,89
07/19/2019,TOL,OH,AGL,CE,Combined TRACON& Tower with Radar,16,14,50,1,81,0,1,13,0,14,16,15,63,1,95,8,0,8,103
07/20/2019,TOL,OH,AGL,CE,Combined TRACON& Tower with Radar,6,10,10,2,28,0,1,17,0,18,6,11,27,2,46,10,0,10,56
07/21/2019,TOL,OH,AGL,CE,Combined TRACON& Tower with Radar,6,9,27,0,42,0,0,10,0,10,6,9,37,0,52,0,0,0,52
07/22/2019,TOL,OH,AGL,CE,Combined TRACON& Tower with Radar,10,8,32,22,72,0,3,15,1,19,10,11,47,23,91,8,18,26,117
07/23/2019,TOL,OH,AGL,CE,Combined TRACON& Tower with Radar,4,15,39,14,72,0,4,44,1,49,4,19,83,15,121,62,8,70,191
07/24/2019,TOL,OH,AGL,CE,Combined TRACON& Tower with Radar,7,18,34,27,86,0,11,36,2,49,7,29,70,29,135,52,16,68,203
07/25/2019,TOL,OH,AGL,CE,Combined TRACON& Tower with Radar,6,18,35,15,74,0,0,23,0,23,6,18,58,15,97,0,0,0,97
07/26/2019,TOL,OH,AGL,CE,Combined TRACON& Tower with Radar,11,9,35,0,55,0,4,25,0,29,11,13,60,0,84,29,0,29,113
07/27/2019,TOL,OH,AGL,CE,Combined TRACON& Tower with Radar,6,10,14,0,30,0,4,21,0,25,6,14,35,0,55,14,0,14,69
07/28/2019,TOL,OH,AGL,CE,Combined TRACON& Tower with Radar,6,15,21,0,42,0,3,19,0,22,6,18,40,0,64,27,0,27,91
07/29/2019,TOL,OH,AGL,CE,Combined TRACON& Tower with Radar,8,11,38,21,78,0,0,12,4,16,8,11,50,25,94,6,20,26,120
07/30/2019,TOL,OH,AGL,CE,Combined TRACON& Tower with Radar,8,13,52,17,90,0,3,28,0,31,8,16,80,17,121,0,20,20,141
07/31/2019,TOL,OH,AGL,CE,Combined TRACON& Tower with Radar,6,8,37,20,71,0,6,25,0,31,6,14,62,20,102,23,14,37,139
08/01/2019,TOL,OH,AGL,CE,Combined TRACON& Tower with Radar,5,17,28,12,62,0,6,41,1,48,5,23,69,13,110,20,7,27,137
08/02/2019,TOL,OH,AGL,CE,Combined TRACON& Tower with Radar,10,8,24,0,42,0,6,43,0,49,10,14,67,0,91,24,0,24,115
08/03/2019,TOL,OH,AGL,CE,Combined TRACON& Tower with Radar,6,7,12,0,25,0,9,46,2,57,6,16,58,2,82,4,0,4,86
08/04/2019,TOL,OH,AGL,CE,Combined TRACON& Tower with Radar,6,8,12,0,26,0,4,35,0,39,6,12,47,0,65,0,0,0,65
08/05/2019,TOL,OH,AGL,CE,Combined TRACON& Tower with Radar,11,10,32,17,70,0,5,34,5,44,11,15,66,22,114,20,38,58,172
08/06/2019,TOL,OH,AGL,CE,Combined TRACON& Tower with Radar,4,7,32,9,52,0,3,11,1,15,4,10,43,10,67,14,0,14,81
08/07/2019,TOL,OH,AGL,CE,Combined TRACON& Tower with Radar,5,9,22,15,51,0,4,21,1,26,5,13,43,16,77,26,17,43,120
08/08/2019,TOL,OH,AGL,CE,Combined TRACON& Tower with Radar,7,19,45,19,90,0,5,31,0,36,7,24,76,19,126,30,12,42,168
08/09/2019,TOL,OH,AGL,CE,Combined TRACON& Tower with Radar,10,8,29,0,47,0,12,39,0,51,10,20,68,0,98,32,0,32,130
08/10/2019,TOL,OH,AGL,CE,Combined TRACON& Tower with Radar,8,13,12,15,48,0,1,28,0,29,8,14,40,15,77,8,10,18,95
08/11/2019,TOL,OH,AGL,CE,Combined TRACON& Tower with Radar,7,11,14,14,46,1,2,32,4,39,8,13,46,18,85,16,16,32,117
08/12/2019,TOL,OH,AGL,CE,Combined TRACON& Tower with Radar,7,15,27,9,58,0,4,6,0,10,7,19,33,9,68,6,0,6,74
08/13/2019,TOL,OH,AGL,CE,Combined TRACON& Tower with Radar,5,13,32,5,55,0,2,7,0,9,5,15,39,5,64,32,0,32,96
08/14/2019,TOL,OH,AGL,CE,Combined TRACON& Tower with Radar,5,9,21,13,48,0,0,24,0,24,5,9,45,13,72,7,19,26,98
08/15/2019,TOL,OH,AGL,CE,Combined TRACON& Tower with Radar,6,19,49,8,82,0,2,21,0,23,6,21,70,8,105,32,2,34,139
08/16/2019,TOL,OH,AGL,CE,Combined TRACON& Tower with Radar,6,9,32,0,47,0,1,11,0,12,6,10,43,0,59,6,0,6,65
08/17/2019,TOL,OH,AGL,CE,Combined TRACON& Tower with Radar,4,6,16,3,29,0,2,14,1,17,4,8,30,4,46,0,0,0,46
08/18/2019,TOL,OH,AGL,CE,Combined TRACON& Tower with Radar,8,4,13,0,25,0,4,4,0,8,8,8,17,0,33,0,0,0,33
08/19/2019,TOL,OH,AGL,CE,Combined TRACON& Tower with Radar,6,12,25,12,55,0,6,14,1,21,6,18,39,13,76,20,6,26,102
08/20/2019,TOL,OH,AGL,CE,Combined TRACON& Tower with Radar,7,14,27,9,57,0,0,14,0,14,7,14,41,9,71,4,5,9,80
08/21/2019,TOL,OH,AGL,CE,Combined TRACON& Tower with Radar,4,8,42,13,67,0,2,10,2,14,4,10,52,15,81,18,20,38,119
08/22/2019,TOL,OH,AGL,CE,Combined TRACON& Tower with Radar,5,16,47,8,76,0,8,17,0,25,5,24,64,8,101,46,0,46,147
08/23/2019,TOL,OH,AGL,CE,Combined TRACON& Tower with Radar,11,14,37,3,65,0,6,21,0,27,11,20,58,3,92,22,4,26,118
08/24/2019,TOL,OH,AGL,CE,Combined TRACON& Tower with Radar,4,4,14,1,23,0,2,24,0,26,4,6,38,1,49,12,0,12,61
08/25/2019,TOL,OH,AGL,CE,Combined TRACON& Tower with Radar,7,12,16,0,35,0,12,20,1,33,7,24,36,1,68,2,0,2,70
08/26/2019,TOL,OH,AGL,CE,Combined TRACON& Tower with Radar,6,5,42,10,63,0,0,2,0,2,6,5,44,10,65,12,0,12,77
08/27/2019,TOL,OH,AGL,CE,Combined TRACON& Tower with Radar,6,15,28,6,55,0,2,9,0,11,6,17,37,6,66,4,12,16,82
08/28/2019,TOL,OH,AGL,CE,Combined TRACON& Tower with Radar,5,15,37,16,73,0,3,38,0,41,5,18,75,16,114,53,20,73,187
08/29/2019,TOL,OH,AGL,CE,Combined TRACON& Tower with Radar,6,13,21,13,53,0,6,26,1,33,6,19,47,14,86,18,40,58,144
08/30/2019,TOL,OH,AGL,CE,Combined TRACON& Tower with Radar,7,13,31,2,53,0,3,39,0,42,7,16,70,2,95,22,0,22,117
08/31/2019,TOL,OH,AGL,CE,Combined TRACON& Tower with Radar,6,3,18,1,28,0,5,22,1,28,6,8,40,2,56,50,0,50,106
09/01/2019,TOL,OH,AGL,CE,Combined TRACON& Tower with Radar,6,3,14,0,23,0,2,10,0,12,6,5,24,0,35,2,0,2,37
09/02/2019,TOL,OH,AGL,CE,Combined TRACON& Tower with Radar,6,10,21,0,37,0,1,16,0,17,6,11,37,0,54,14,0,14,68
09/03/2019,TOL,OH,AGL,CE,Combined TRACON& Tower with Radar,6,6,22,7,41,0,0,6,0,6,6,6,28,7,47,6,6,12,59
09/04/2019,TOL,OH,AGL,CE,Combined TRACON& Tower with Radar,4,15,35,26,80,0,3,25,1,29,4,18,60,27,109,38,29,67,176
09/05/2019,TOL,OH,AGL,CE,Combined TRACON& Tower with Radar,8,10,37,12,67,0,6,21,3,30,8,16,58,15,97,20,18,38,135
09/06/2019,TOL,OH,AGL,CE,Combined TRACON& Tower with Radar,9,8,23,35,75,0,3,18,1,22,9,11,41,36,97,30,12,42,139
09/07/2019,TOL,OH,AGL,CE,Combined TRACON& Tower with Radar,8,12,15,8,43,0,2,14,0,16,8,14,29,8,59,0,10,10,69
09/08/2019,TOL,OH,AGL,CE,Combined TRACON& Tower with Radar,6,11,27,0,44,0,4,28,4,36,6,15,55,4,80,8,0,8,88
09/09/2019,TOL,OH,AGL,CE,Combined TRACON& Tower with Radar,5,11,20,20,56,0,4,10,0,14,5,15,30,20,70,12,12,24,94
09/10/2019,TOL,OH,AGL,CE,Combined TRACON& Tower with Radar,10,8,33,8,59,0,3,38,0,41,10,11,71,8,100,54,6,60,160
09/11/2019,TOL,OH,AGL,CE,Combined TRACON& Tower with Radar,8,12,28,21,69,0,1,22,1,24,8,13,50,22,93,4,8,12,105
09/12/2019,TOL,OH,AGL,CE,Combined TRACON& Tower with Radar,8,18,42,11,79,0,4,6,0,10,8,22,48,11,89,22,2,24,113
09/13/2019,TOL,OH,AGL,CE,Combined TRACON& Tower with Radar,8,15,15,3,41,0,1,17,0,18,8,16,32,3,59,6,0,6,65
09/14/2019,TOL,OH,AGL,CE,Combined TRACON& Tower with Radar,8,10,24,17,59,0,4,28,1,33,8,14,52,18,92,38,34,72,164
09/15/2019,TOL,OH,AGL,CE,Combined TRACON& Tower with Radar,10,6,19,3,38,0,2,20,0,22,10,8,39,3,60,18,0,18,78
09/16/2019,TOL,OH,AGL,CE,Combined TRACON& Tower with Radar,8,17,32,8,65,0,7,20,0,27,8,24,52,8,92,2,4,6,98
09/17/2019,TOL,OH,AGL,CE,Combined TRACON& Tower with Radar,10,12,36,10,68,0,6,14,0,20,10,18,50,10,88,10,0,10,98
09/18/2019,TOL,OH,AGL,CE,Combined TRACON& Tower with Radar,7,10,38,13,68,0,6,43,3,52,7,16,81,16,120,6,14,20,140
09/19/2019,TOL,OH,AGL,CE,Combined TRACON& Tower with Radar,10,15,21,9,55,0,4,28,1,33,10,19,49,10,88,20,8,28,116
09/20/2019,TOL,OH,AGL,CE,Combined TRACON& Tower with Radar,11,20,38,0,69,0,4,34,0,38,11,24,72,0,107,14,0,14,121
09/21/2019,TOL,OH,AGL,CE,Combined TRACON& Tower with Radar,11,21,10,0,42,0,3,19,0,22,11,24,29,0,64,4,0,4,68
09/22/2019,TOL,OH,AGL,CE,Combined TRACON& Tower with Radar,15,16,19,0,50,0,0,10,1,11,15,16,29,1,61,6,0,6,67
09/23/2019,TOL,OH,AGL,CE,Combined TRACON& Tower with Radar,6,12,42,14,74,0,3,23,3,29,6,15,65,17,103,18,10,28,131
09/24/2019,TOL,OH,AGL,CE,Combined TRACON& Tower with Radar,20,11,33,12,76,0,4,32,0,36,20,15,65,12,112,23,14,37,149
09/25/2019,TOL,OH,AGL,CE,Combined TRACON& Tower with Radar,11,13,34,12,70,0,0,12,6,18,11,13,46,18,88,0,10,10,98
09/26/2019,TOL,OH,AGL,CE,Combined TRACON& Tower with Radar,16,12,24,10,62,0,7,15,0,22,16,19,39,10,84,6,0,6,90
09/27/2019,TOL,OH,AGL,CE,Combined TRACON& Tower with Radar,11,8,27,0,46,0,2,7,0,9,11,10,34,0,55,12,0,12,67
09/28/2019,TOL,OH,AGL,CE,Combined TRACON& Tower with Radar,16,6,19,0,41,0,2,5,0,7,16,8,24,0,48,0,0,0,48
09/29/2019,TOL,OH,AGL,CE,Combined TRACON& Tower with Radar,11,7,17,0,35,0,1,2,0,3,11,8,19,0,38,4,0,4,42
09/30/2019,TOL,OH,AGL,CE,Combined TRACON& Tower with Radar,13,12,26,4,55,0,2,8,0,10,13,14,34,4,65,2,42,44,109
10/01/2019,TOL,OH,AGL,CE,Combined TRACON& Tower with Radar,14,13,32,12,71,0,5,25,0,30,14,18,57,12,101,25,8,33,134
10/02/2019,TOL,OH,AGL,CE,Combined TRACON& Tower with Radar,16,18,26,6,66,0,0,6,0,6,16,18,32,6,72,0,0,0,72
10/03/2019,TOL,OH,AGL,CE,Combined TRACON& Tower with Radar,9,17,21,6,53,0,0,0,3,3,9,17,21,9,56,0,0,0,56
10/04/2019,TOL,OH,AGL,CE,Combined TRACON& Tower with Radar,11,10,30,0,51,0,5,18,0,23,11,15,48,0,74,4,0,4,78
10/05/2019,TOL,OH,AGL,CE,Combined TRACON& Tower with Radar,10,11,15,1,37,0,8,22,0,30,10,19,37,1,67,2,0,2,69
10/06/2019,TOL,OH,AGL,CE,Combined TRACON& Tower with Radar,7,13,14,1,35,0,7,15,0,22,7,20,29,1,57,6,0,6,63
10/07/2019,TOL,OH,AGL,CE,Combined TRACON& Tower with Radar,4,19,37,7,67,0,9,23,1,33,4,28,60,8,100,12,1,13,113
10/08/2019,TOL,OH,AGL,CE,Combined TRACON& Tower with Radar,6,12,34,11,63,0,1,43,0,44,6,13,77,11,107,45,14,59,166
10/09/2019,TOL,OH,AGL,CE,Combined TRACON& Tower with Radar,6,13,41,22,82,0,6,34,0,40,6,19,75,22,122,15,17,32,154
10/10/2019,TOL,OH,AGL,CE,Combined TRACON& Tower with Radar,6,13,36,18,73,0,8,29,3,40,6,21,65,21,113,0,0,0,113
10/11/2019,TOL,OH,AGL,CE,Combined TRACON& Tower with Radar,6,10,24,0,40,0,6,9,0,15,6,16,33,0,55,0,0,0,55
10/12/2019,TOL,OH,AGL,CE,Combined TRACON& Tower with Radar,7,10,14,0,31,0,4,25,2,31,7,14,39,2,62,32,4,36,98
10/13/2019,TOL,OH,AGL,CE,Combined TRACON& Tower with Radar,6,11,16,0,33,0,6,15,0,21,6,17,31,0,54,0,0,0,54
10/14/2019,TOL,OH,AGL,CE,Combined TRACON& Tower with Radar,6,13,24,0,43,0,7,19,0,26,6,20,43,0,69,28,0,28,97
10/15/2019,TOL,OH,AGL,CE,Combined TRACON& Tower with Radar,6,7,18,12,43,0,2,11,0,13,6,9,29,12,56,4,14,18,74
10/16/2019,TOL,OH,AGL,CE,Combined TRACON& Tower with Radar,10,9,28,15,62,0,1,5,0,6,10,10,33,15,68,2,0,2,70
10/17/2019,TOL,OH,AGL,CE,Combined TRACON& Tower with Radar,8,10,24,3,45,0,1,14,0,15,8,11,38,3,60,26,0,26,86
10/18/2019,TOL,OH,AGL,CE,Combined TRACON& Tower with Radar,6,16,37,7,66,0,5,32,5,42,6,21,69,12,108,40,0,40,148
10/19/2019,TOL,OH,AGL,CE,Combined TRACON& Tower with Radar,5,13,29,0,47,0,5,30,0,35,5,18,59,0,82,7,0,7,89
10/20/2019,TOL,OH,AGL,CE,Combined TRACON& Tower with Radar,7,10,15,0,32,0,9,26,0,35,7,19,41,0,67,67,0,67,134
10/21/2019,TOL,OH,AGL,CE,Combined TRACON& Tower with Radar,6,10,24,2,42,0,2,7,0,9,6,12,31,2,51,6,0,6,57
10/22/2019,TOL,OH,AGL,CE,Combined TRACON& Tower with Radar,6,6,19,9,40,0,4,7,0,11,6,10,26,9,51,26,6,32,83
10/23/2019,TOL,OH,AGL,CE,Combined TRACON& Tower with Radar,10,10,24,8,52,0,4,17,4,25,10,14,41,12,77,4,12,16,93
10/24/2019,TOL,OH,AGL,CE,Combined TRACON& Tower with Radar,7,10,30,2,49,0,1,13,0,14,7,11,43,2,63,6,0,6,69
10/25/2019,TOL,OH,AGL,CE,Combined TRACON& Tower with Radar,8,12,49,0,69,0,6,27,0,33,8,18,76,0,102,32,0,32,134
10/26/2019,TOL,OH,AGL,CE,Combined TRACON& Tower with Radar,9,13,26,2,50,0,0,8,0,8,9,13,34,2,58,8,0,8,66
10/27/2019,TOL,OH,AGL,CE,Combined TRACON& Tower with Radar,6,9,12,0,27,0,2,10,0,12,6,11,22,0,39,0,0,0,39
10/28/2019,TOL,OH,AGL,CE,Combined TRACON& Tower with Radar,8,13,35,10,66,0,3,30,0,33,8,16,65,10,99,28,0,28,127
10/29/2019,TOL,OH,AGL,CE,Combined TRACON& Tower with Radar,7,11,43,4,65,0,0,4,0,4,7,11,47,4,69,12,0,12,81
10/30/2019,TOL,OH,AGL,CE,Combined TRACON& Tower with Radar,11,9,24,2,46,0,3,3,0,6,11,12,27,2,52,2,0,2,54
10/31/2019,TOL,OH,AGL,CE,Combined TRACON& Tower with Radar,7,10,15,0,32,0,0,0,0,0,7,10,15,0,32,18,0,18,50
11/01/2019,TOL,OH,AGL,CE,Combined TRACON& Tower with Radar,8,10,26,8,52,0,2,22,0,24,8,12,48,8,76,0,0,0,76
11/02/2019,TOL,OH,AGL,CE,Combined TRACON& Tower with Radar,9,16,7,0,32,0,2,9,0,11,9,18,16,0,43,12,0,12,55
11/03/2019,TOL,OH,AGL,CE,Combined TRACON& Tower with Radar,6,18,23,2,49,0,11,9,0,20,6,29,32,2,69,4,0,4,73
11/04/2019,TOL,OH,AGL,CE,Combined TRACON& Tower with Radar,6,12,23,1,42,0,6,11,0,17,6,18,34,1,59,12,0,12,71
11/05/2019,TOL,OH,AGL,CE,Combined TRACON& Tower with Radar,7,14,23,9,53,0,11,19,0,30,7,25,42,9,83,40,2,42,125
11/06/2019,TOL,OH,AGL,CE,Combined TRACON& Tower with Radar,10,10,34,16,70,0,5,23,1,29,10,15,57,17,99,47,20,67,166
11/07/2019,TOL,OH,AGL,CE,Combined TRACON& Tower with Radar,12,19,30,14,75,0,5,14,0,19,12,24,44,14,94,17,10,27,121
11/08/2019,TOL,OH,AGL,CE,Combined TRACON& Tower with Radar,7,6,18,0,31,0,5,18,0,23,7,11,36,0,54,4,4,8,62
11/09/2019,TOL,OH,AGL,CE,Combined TRACON& Tower with Radar,9,7,18,2,36,0,4,25,0,29,9,11,43,2,65,8,0,8,73
11/10/2019,TOL,OH,AGL,CE,Combined TRACON& Tower with Radar,6,15,9,1,31,0,3,9,0,12,6,18,18,1,43,4,0,4,47
11/11/2019,TOL,OH,AGL,CE,Combined TRACON& Tower with Radar,9,2,7,2,20,0,0,0,0,0,9,2,7,2,20,6,0,6,26
11/12/2019,TOL,OH,AGL,CE,Combined TRACON& Tower with Radar,8,12,33,1,54,0,1,4,0,5,8,13,37,1,59,0,0,0,59
11/13/2019,TOL,OH,AGL,CE,Combined TRACON& Tower with Radar,6,7,23,14,50,0,4,17,3,24,6,11,40,17,74,8,2,10,84
11/14/2019,TOL,OH,AGL,CE,Combined TRACON& Tower with Radar,7,12,37,15,71,0,0,18,1,19,7,12,55,16,90,4,2,6,96
11/15/2019,TOL,OH,AGL,CE,Combined TRACON& Tower with Radar,9,9,33,4,55,0,3,10,0,13,9,12,43,4,68,14,14,28,96
11/16/2019,TOL,OH,AGL,CE,Combined TRACON& Tower with Radar,10,12,29,14,65,0,5,14,1,20,10,17,43,15,85,2,22,24,109
11/17/2019,TOL,OH,AGL,CE,Combined TRACON& Tower with Radar,10,10,23,0,43,0,11,23,0,34,10,21,46,0,77,20,0,20,97
11/18/2019,TOL,OH,AGL,CE,Combined TRACON& Tower with Radar,9,6,28,14,57,0,1,9,0,10,9,7,37,14,67,14,14,28,95
11/19/2019,TOL,OH,AGL,CE,Combined TRACON& Tower with Radar,7,17,20,12,56,0,0,2,0,2,7,17,22,12,58,2,6,8,66
11/20/2019,TOL,OH,AGL,CE,Combined TRACON& Tower with Radar,12,8,30,19,69,0,1,6,0,7,12,9,36,19,76,10,28,38,114
11/21/2019,TOL,OH,AGL,CE,Combined TRACON& Tower with Radar,13,13,33,8,67,0,0,2,0,2,13,13,35,8,69,12,0,12,81
11/22/2019,TOL,OH,AGL,CE,Combined TRACON& Tower with Radar,9,16,40,0,65,0,8,29,0,37,9,24,69,0,102,0,0,0,102
11/23/2019,TOL,OH,AGL,CE,Combined TRACON& Tower with Radar,12,7,25,0,44,0,1,23,0,24,12,8,48,0,68,32,0,32,100
11/24/2019,TOL,OH,AGL,CE,Combined TRACON& Tower with Radar,11,12,12,0,35,0,2,8,0,10,11,14,20,0,45,54,0,54,99
11/25/2019,TOL,OH,AGL,CE,Combined TRACON& Tower with Radar,11,17,29,18,75,0,5,19,0,24,11,22,48,18,99,4,30,34,133
11/26/2019,TOL,OH,AGL,CE,Combined TRACON& Tower with Radar,14,13,44,15,86,0,4,24,1,29,14,17,68,16,115,0,0,0,115
11/27/2019,TOL,OH,AGL,CE,Combined TRACON& Tower with Radar,10,16,21,2,49,0,1,1,0,2,10,17,22,2,51,8,6,14,65
11/28/2019,TOL,OH,AGL,CE,Combined TRACON& Tower with Radar,4,5,9,0,18,0,4,4,0,8,4,9,13,0,26,4,0,4,30
11/29/2019,TOL,OH,AGL,CE,Combined TRACON& Tower with Radar,12,8,9,0,29,0,2,11,0,13,12,10,20,0,42,14,0,14,56
11/30/2019,TOL,OH,AGL,CE,Combined TRACON& Tower with Radar,7,10,11,0,28,0,4,4,0,8,7,14,15,0,36,4,0,4,40
12/01/2019,TOL,OH,AGL,CE,Combined TRACON& Tower with Radar,7,11,16,0,34,0,0,0,0,0,7,11,16,0,34,4,0,4,38
12/02/2019,TOL,OH,AGL,CE,Combined TRACON& Tower with Radar,12,9,15,4,40,0,0,0,0,0,12,9,15,4,40,2,0,2,42
12/03/2019,TOL,OH,AGL,CE,Combined TRACON& Tower with Radar,9,7,13,8,37,0,0,7,0,7,9,7,20,8,44,2,0,2,46
12/04/2019,TOL,OH,AGL,CE,Combined TRACON& Tower with Radar,6,14,20,13,53,0,4,8,0,12,6,18,28,13,65,15,19,34,99
12/05/2019,TOL,OH,AGL,CE,Combined TRACON& Tower with Radar,6,9,46,9,70,0,8,26,0,34,6,17,72,9,104,18,0,18,122
12/06/2019,TOL,OH,AGL,CE,Combined TRACON& Tower with Radar,7,12,26,0,45,0,3,8,0,11,7,15,34,0,56,6,0,6,62
12/07/2019,TOL,OH,AGL,CE,Combined TRACON& Tower with Radar,9,7,34,6,56,0,3,22,0,25,9,10,56,6,81,18,2,20,101
12/08/2019,TOL,OH,AGL,CE,Combined TRACON& Tower with Radar,8,6,14,8,36,0,1,4,0,5,8,7,18,8,41,0,10,10,51
12/09/2019,TOL,OH,AGL,CE,Combined TRACON& Tower with Radar,10,8,33,0,51,0,1,1,0,2,10,9,34,0,53,4,0,4,57
12/10/2019,TOL,OH,AGL,CE,Combined TRACON& Tower with Radar,8,7,22,11,48,0,2,5,0,7,8,9,27,11,55,32,0,32,87
12/11/2019,TOL,OH,AGL,CE,Combined TRACON& Tower with Radar,8,15,25,16,64,0,6,34,0,40,8,21,59,16,104,26,0,26,130
12/12/2019,TOL,OH,AGL,CE,Combined TRACON& Tower with Radar,8,10,29,13,60,0,5,11,1,17,8,15,40,14,77,10,4,14,91
12/13/2019,TOL,OH,AGL,CE,Combined TRACON& Tower with Radar,8,11,29,0,48,0,4,16,0,20,8,15,45,0,68,16,0,16,84
12/14/2019,TOL,OH,AGL,CE,Combined TRACON& Tower with Radar,9,7,24,0,40,0,1,9,0,10,9,8,33,0,50,12,0,12,62
12/15/2019,TOL,OH,AGL,CE,Combined TRACON& Tower with Radar,8,7,14,0,29,0,5,25,0,30,8,12,39,0,59,56,0,56,115
12/16/2019,TOL,OH,AGL,CE,Combined TRACON& Tower with Radar,8,8,28,8,52,0,3,19,0,22,8,11,47,8,74,42,12,54,128
12/17/2019,TOL,OH,AGL,CE,Combined TRACON& Tower with Radar,9,12,38,13,72,0,2,16,2,20,9,14,54,15,92,6,8,14,106
12/18/2019,TOL,OH,AGL,CE,Combined TRACON& Tower with Radar,4,23,25,14,66,0,2,11,2,15,4,25,36,16,81,6,7,13,94
12/19/2019,TOL,OH,AGL,CE,Combined TRACON& Tower with Radar,6,24,39,11,80,0,6,22,0,28,6,30,61,11,108,12,8,20,128
12/20/2019,TOL,OH,AGL,CE,Combined TRACON& Tower with Radar,7,17,19,0,43,0,6,42,0,48,7,23,61,0,91,20,0,20,111
12/21/2019,TOL,OH,AGL,CE,Combined TRACON& Tower with Radar,4,17,15,0,36,0,2,14,1,17,4,19,29,1,53,4,0,4,57
12/22/2019,TOL,OH,AGL,CE,Combined TRACON& Tower with Radar,4,11,9,0,24,0,5,23,0,28,4,16,32,0,52,8,0,8,60
12/23/2019,TOL,OH,AGL,CE,Combined TRACON& Tower with Radar,4,13,18,15,50,0,2,19,1,22,4,15,37,16,72,8,20,28,100
12/24/2019,TOL,OH,AGL,CE,Combined TRACON& Tower with Radar,5,8,2,0,15,0,0,1,0,1,5,8,3,0,16,0,0,0,16
12/25/2019,TOL,OH,AGL,CE,Combined TRACON& Tower with Radar,3,9,0,0,12,0,0,6,0,6,3,9,6,0,18,0,0,0,18
12/26/2019,TOL,OH,AGL,CE,Combined TRACON& Tower with Radar,4,9,16,0,29,0,4,9,0,13,4,13,25,0,42,6,0,6,48
12/27/2019,TOL,OH,AGL,CE,Combined TRACON& Tower with Radar,4,11,20,0,35,0,4,3,0,7,4,15,23,0,42,4,0,4,46
12/28/2019,TOL,OH,AGL,CE,Combined TRACON& Tower with Radar,4,12,12,0,28,0,0,7,0,7,4,12,19,0,35,6,0,6,41
12/29/2019,TOL,OH,AGL,CE,Combined TRACON& Tower with Radar,4,13,11,0,28,0,0,0,0,0,4,13,11,0,28,0,0,0,28
12/30/2019,TOL,OH,AGL,CE,Combined TRACON& Tower with Radar,5,15,9,0,29,0,1,2,0,3,5,16,11,0,32,0,0,0,32
12/31/2019,TOL,OH,AGL,CE,Combined TRACON& Tower with Radar,7,16,2,0,25,0,1,1,0,2,7,17,3,0,27,2,0,2,29
01/01/2020,TOL,OH,AGL,CE,Combined TRACON& Tower with Radar,1,11,8,0,20,0,1,1,0,2,1,12,9,0,22,0,0,0,22
01/02/2020,TOL,OH,AGL,CE,Combined TRACON& Tower with Radar,4,13,17,5,39,0,2,16,0,18,4,15,33,5,57,4,0,4,61
01/03/2020,TOL,OH,AGL,CE,Combined TRACON& Tower with Radar,4,10,10,6,30,0,1,2,0,3,4,11,12,6,33,0,0,0,33
01/04/2020,TOL,OH,AGL,CE,Combined TRACON& Tower with Radar,4,11,7,0,22,0,0,1,0,1,4,11,8,0,23,0,0,0,23
01/05/2020,TOL,OH,AGL,CE,Combined TRACON& Tower with Radar,4,12,10,0,26,0,0,1,0,1,4,12,11,0,27,0,0,0,27
01/06/2020,TOL,OH,AGL,CE,Combined TRACON& Tower with Radar,4,10,19,4,37,0,3,21,0,24,4,13,40,4,61,10,0,10,71
01/07/2020,TOL,OH,AGL,CE,Combined TRACON& Tower with Radar,2,21,24,15,62,0,4,22,0,26,2,25,46,15,88,22,12,34,122
01/08/2020,TOL,OH,AGL,CE,Combined TRACON& Tower with Radar,2,11,23,24,60,0,5,18,0,23,2,16,41,24,83,6,36,42,125
01/09/2020,TOL,OH,AGL,CE,Combined TRACON& Tower with Radar,2,15,22,15,54,0,8,10,8,26,2,23,32,23,80,2,4,6,86
01/10/2020,TOL,OH,AGL,CE,Combined TRACON& Tower with Radar,2,10,18,16,46,0,0,6,1,7,2,10,24,17,53,0,0,0,53
01/11/2020,TOL,OH,AGL,CE,Combined TRACON& Tower with Radar,1,7,5,0,13,0,0,0,0,0,1,7,5,0,13,0,0,0,13
01/12/2020,TOL,OH,AGL,CE,Combined TRACON& Tower with Radar,2,12,8,5,27,0,0,3,0,3,2,12,11,5,30,0,0,0,30
01/13/2020,TOL,OH,AGL,CE,Combined TRACON& Tower with Radar,2,15,10,8,35,0,2,21,0,23,2,17,31,8,58,0,22,22,80
01/14/2020,TOL,OH,AGL,CE,Combined TRACON& Tower with Radar,2,14,37,15,68,0,0,2,0,2,2,14,39,15,70,2,0,2,72
01/15/2020,TOL,OH,AGL,CE,Combined TRACON& Tower with Radar,2,17,29,6,54,0,0,0,0,0,2,17,29,6,54,10,0,10,64
01/16/2020,TOL,OH,AGL,CE,Combined TRACON& Tower with Radar,2,11,32,11,56,0,7,13,0,20,2,18,45,11,76,0,15,15,91
01/17/2020,TOL,OH,AGL,CE,Combined TRACON& Tower with Radar,4,10,31,0,45,0,3,12,0,15,4,13,43,0,60,4,0,4,64
01/18/2020,TOL,OH,AGL,CE,Combined TRACON& Tower with Radar,3,11,2,0,16,0,0,0,0,0,3,11,2,0,16,0,0,0,16
01/19/2020,TOL,OH,AGL,CE,Combined TRACON& Tower with Radar,2,14,4,0,20,0,0,0,0,0,2,14,4,0,20,0,0,0,20
01/20/2020,TOL,OH,AGL,CE,Combined TRACON& Tower with Radar,2,16,48,0,66,0,7,22,0,29,2,23,70,0,95,90,0,90,185
01/21/2020,TOL,OH,AGL,CE,Combined TRACON& Tower with Radar,2,16,57,13,88,0,1,29,1,31,2,17,86,14,119,41,15,56,175
01/22/2020,TOL,OH,AGL,CE,Combined TRACON& Tower with Radar,4,17,26,14,61,0,3,24,0,27,4,20,50,14,88,10,0,10,98
01/23/2020,TOL,OH,AGL,CE,Combined TRACON& Tower with Radar,2,13,33,25,73,0,3,30,0,33,2,16,63,25,106,10,35,45,151
01/24/2020,TOL,OH,AGL,CE,Combined TRACON& Tower with Radar,2,15,19,0,36,0,0,0,0,0,2,15,19,0,36,0,0,0,36
01/25/2020,TOL,OH,AGL,CE,Combined TRACON& Tower with Radar,2,8,1,0,11,0,0,0,0,0,2,8,1,0,11,0,0,0,11
01/26/2020,TOL,OH,AGL,CE,Combined TRACON& Tower with Radar,2,12,5,0,19,0,0,0,0,0,2,12,5,0,19,0,0,0,19
01/27/2020,TOL,OH,AGL,CE,Combined TRACON& Tower with Radar,2,14,19,16,51,0,1,2,0,3,2,15,21,16,54,0,6,6,60
01/28/2020,TOL,OH,AGL,CE,Combined TRACON& Tower with Radar,2,14,22,7,45,0,2,8,0,10,2,16,30,7,55,6,0,6,61
01/29/2020,TOL,OH,AGL,CE,Combined TRACON& Tower with Radar,3,14,30,34,81,0,4,16,7,27,3,18,46,41,108,2,20,22,130
01/30/2020,TOL,OH,AGL,CE,Combined TRACON& Tower with Radar,5,15,35,16,71,0,0,16,0,16,5,15,51,16,87,17,0,17,104
01/31/2020,TOL,OH,AGL,CE,Combined TRACON& Tower with Radar,3,12,20,2,37,0,2,9,0,11,3,14,29,2,48,16,4,20,68
02/01/2020,TOL,OH,AGL,CE,Combined TRACON& Tower with Radar,2,11,5,0,18,0,0,1,0,1,2,11,6,0,19,4,0,4,23
02/02/2020,TOL,OH,AGL,CE,Combined TRACON& Tower with Radar,2,12,8,0,22,0,4,16,0,20,2,16,24,0,42,22,0,22,64
02/03/2020,TOL,OH,AGL,CE,Combined TRACON& Tower with Radar,2,14,28,0,44,0,7,29,0,36,2,21,57,0,80,20,0,20,100
02/04/2020,TOL,OH,AGL,CE,Combined TRACON& Tower with Radar,2,17,20,17,56,0,0,4,0,4,2,17,24,17,60,7,0,7,67
02/05/2020,TOL,OH,AGL,CE,Combined TRACON& Tower with Radar,4,11,32,6,53,0,0,19,0,19,4,11,51,6,72,0,0,0,72
02/06/2020,TOL,OH,AGL,CE,Combined TRACON& Tower with Radar,1,12,10,6,29,0,0,0,0,0,1,12,10,6,29,0,0,0,29
02/07/2020,TOL,OH,AGL,CE,Combined TRACON& Tower with Radar,5,16,11,0,32,0,0,8,0,8,5,16,19,0,40,14,0,14,54
02/08/2020,TOL,OH,AGL,CE,Combined TRACON& Tower with Radar,2,8,8,2,20,0,1,13,0,14,2,9,21,2,34,10,4,14,48
02/09/2020,TOL,OH,AGL,CE,Combined TRACON& Tower with Radar,3,12,12,2,29,0,2,10,0,12,3,14,22,2,41,0,10,10,51
02/10/2020,TOL,OH,AGL,CE,Combined TRACON& Tower with Radar,3,17,14,10,44,0,0,4,0,4,3,17,18,10,48,0,16,16,64
02/11/2020,TOL,OH,AGL,CE,Combined TRACON& Tower with Radar,2,11,35,3,51,0,2,18,1,21,2,13,53,4,72,19,0,19,91
02/12/2020,TOL,OH,AGL,CE,Combined TRACON& Tower with Radar,5,17,34,2,58,0,0,30,0,30,5,17,64,2,88,0,0,0,88
02/13/2020,TOL,OH,AGL,CE,Combined TRACON& Tower with Radar,2,13,19,0,34,0,1,3,0,4,2,14,22,0,38,0,0,0,38
02/14/2020,TOL,OH,AGL,CE,Combined TRACON& Tower with Radar,5,13,25,0,43,0,5,30,0,35,5,18,55,0,78,68,0,68,146
02/15/2020,TOL,OH,AGL,CE,Combined TRACON& Tower with Radar,2,12,15,0,29,0,7,11,0,18,2,19,26,0,47,14,0,14,61
02/16/2020,TOL,OH,AGL,CE,Combined TRACON& Tower with Radar,4,10,23,0,37,0,2,24,0,26,4,12,47,0,63,11,0,11,74
02/17/2020,TOL,OH,AGL,CE,Combined TRACON& Tower with Radar,4,15,24,0,43,0,2,24,0,26,4,17,48,0,69,0,0,0,69
02/18/2020,TOL,OH,AGL,CE,Combined TRACON& Tower with Radar,4,14,19,2,39,0,5,0,0,5,4,19,19,2,44,2,0,2,46
02/19/2020,TOL,OH,AGL,CE,Combined TRACON& Tower with Radar,4,25,38,6,73,0,7,19,0,26,4,32,57,6,99,8,8,16,115
02/20/2020,TOL,OH,AGL,CE,Combined TRACON& Tower with Radar,4,12,30,6,52,1,6,18,1,26,5,18,48,7,78,8,8,16,94
02/21/2020,TOL,OH,AGL,CE,Combined TRACON& Tower with Radar,6,16,35,1,58,0,11,28,0,39,6,27,63,1,97,36,0,36,133
02/22/2020,TOL,OH,AGL,CE,Combined TRACON& Tower with Radar,2,11,14,3,30,0,3,34,0,37,2,14,48,3,67,16,0,16,83
02/23/2020,TOL,OH,AGL,CE,Combined TRACON& Tower with Radar,2,20,15,5,42,0,9,30,0,39,2,29,45,5,81,0,0,0,81
02/24/2020,TOL,OH,AGL,CE,Combined TRACON& Tower with Radar,4,10,17,0,31,0,4,4,0,8,4,14,21,0,39,2,0,2,41
02/25/2020,TOL,OH,AGL,CE,Combined TRACON& Tower with Radar,4,16,34,0,54,0,0,0,0,0,4,16,34,0,54,0,0,0,54
02/26/2020,TOL,OH,AGL,CE,Combined TRACON& Tower with Radar,4,11,18,0,33,0,0,0,0,0,4,11,18,0,33,0,0,0,33
02/27/2020,TOL,OH,AGL,CE,Combined TRACON& Tower with Radar,2,16,22,7,47,0,1,4,0,5,2,17,26,7,52,0,12,12,64
02/28/2020,TOL,OH,AGL,CE,Combined TRACON& Tower with Radar,5,17,20,0,42,0,1,9,0,10,5,18,29,0,52,0,0,0,52
02/29/2020,TOL,OH,AGL,CE,Combined TRACON& Tower with Radar,2,17,11,0,30,0,11,21,0,32,2,28,32,0,62,14,0,14,76
03/01/2020,TOL,OH,AGL,CE,Combined TRACON& Tower with Radar,2,13,18,0,33,0,7,18,0,25,2,20,36,0,58,16,0,16,74
03/02/2020,TOL,OH,AGL,CE,Combined TRACON& Tower with Radar,4,11,25,10,50,0,1,1,0,2,4,12,26,10,52,6,0,6,58
03/03/2020,TOL,OH,AGL,CE,Combined TRACON& Tower with Radar,4,10,18,18,50,0,0,6,0,6,4,10,24,18,56,10,11,21,77
03/04/2020,TOL,OH,AGL,CE,Combined TRACON& Tower with Radar,4,12,21,13,50,0,7,16,0,23,4,19,37,13,73,12,6,18,91
03/05/2020,TOL,OH,AGL,CE,Combined TRACON& Tower with Radar,2,13,20,10,45,0,6,26,0,32,2,19,46,10,77,34,4,38,115
03/06/2020,TOL,OH,AGL,CE,Combined TRACON& Tower with Radar,5,12,6,0,23,0,1,1,0,2,5,13,7,0,25,0,0,0,25
03/07/2020,TOL,OH,AGL,CE,Combined TRACON& Tower with Radar,6,12,23,18,59,0,7,42,2,51,6,19,65,20,110,4,20,24,134
03/08/2020,TOL,OH,AGL,CE,Combined TRACON& Tower with Radar,2,12,18,8,40,0,2,13,1,16,2,14,31,9,56,0,0,0,56
03/09/2020,TOL,OH,AGL,CE,Combined TRACON& Tower with Radar,4,11,16,23,54,0,0,4,0,4,4,11,20,23,58,2,46,48,106
03/10/2020,TOL,OH,AGL,CE,Combined TRACON& Tower with Radar,5,14,43,12,74,0,2,8,0,10,5,16,51,12,84,8,0,8,92
03/11/2020,TOL,OH,AGL,CE,Combined TRACON& Tower with Radar,5,16,29,13,63,0,4,0,0,4,5,20,29,13,67,0,0,0,67
03/12/2020,TOL,OH,AGL,CE,Combined TRACON& Tower with Radar,2,13,26,7,48,0,0,15,0,15,2,13,41,7,63,6,0,6,69
03/13/2020,TOL,OH,AGL,CE,Combined TRACON& Tower with Radar,4,14,11,0,29,0,0,7,0,7,4,14,18,0,36,2,0,2,38
03/14/2020,TOL,OH,AGL,CE,Combined TRACON& Tower with Radar,6,9,22,0,37,0,3,22,0,25,6,12,44,0,62,2,0,2,64
03/15/2020,TOL,OH,AGL,CE,Combined TRACON& Tower with Radar,2,12,10,0,24,0,1,18,0,19,2,13,28,0,43,0,0,0,43
03/16/2020,TOL,OH,AGL,CE,Combined TRACON& Tower with Radar,4,17,25,18,64,0,5,11,0,16,4,22,36,18,80,4,0,4,84
03/17/2020,TOL,OH,AGL,CE,Combined TRACON& Tower with Radar,6,13,39,4,62,0,7,19,0,26,6,20,58,4,88,30,0,30,118
03/18/2020,TOL,OH,AGL,CE,Combined TRACON& Tower with Radar,6,10,24,2,42,0,0,12,0,12,6,10,36,2,54,0,0,0,54
03/19/2020,TOL,OH,AGL,CE,Combined TRACON& Tower with Radar,2,11,9,0,22,0,0,0,0,0,2,11,9,0,22,4,0,4,26
03/20/2020,TOL,OH,AGL,CE,Combined TRACON& Tower with Radar,4,10,7,0,21,0,6,2,0,8,4,16,9,0,29,0,0,0,29
03/21/2020,TOL,OH,AGL,CE,Combined TRACON& Tower with Radar,6,6,13,0,25,0,2,7,0,9,6,8,20,0,34,0,0,0,34
03/22/2020,TOL,OH,AGL,CE,Combined TRACON& Tower with Radar,2,10,10,0,22,0,2,26,0,28,2,12,36,0,50,0,0,0,50
03/23/2020,TOL,OH,AGL,CE,Combined TRACON& Tower with Radar,4,8,10,4,26,0,0,4,0,4,4,8,14,4,30,0,0,0,30
03/24/2020,TOL,OH,AGL,CE,Combined TRACON& Tower with Radar,6,8,0,2,16,0,0,0,0,0,6,8,0,2,16,0,0,0,16
03/25/2020,TOL,OH,AGL,CE,Combined TRACON& Tower with Radar,0,9,6,6,21,0,1,8,1,10,0,10,14,7,31,0,0,0,31
03/26/2020,TOL,OH,AGL,CE,Combined TRACON& Tower with Radar,0,6,6,6,18,0,2,4,0,6,0,8,10,6,24,0,0,0,24
03/27/2020,TOL,OH,AGL,CE,Combined TRACON& Tower with Radar,2,8,3,4,17,0,0,1,0,1,2,8,4,4,18,0,0,0,18
03/28/2020,TOL,OH,AGL,CE,Combined TRACON& Tower with Radar,4,7,1,0,12,0,0,0,0,0,4,7,1,0,12,0,0,0,12
03/29/2020,TOL,OH,AGL,CE,Combined TRACON& Tower with Radar,0,11,0,0,11,0,0,1,0,1,0,11,1,0,12,0,0,0,12
03/30/2020,TOL,OH,AGL,CE,Combined TRACON& Tower with Radar,0,6,7,4,17,0,0,4,0,4,0,6,11,4,21,0,0,0,21
03/31/2020,TOL,OH,AGL,CE,Combined TRACON& Tower with Radar,2,11,4,6,23,0,2,4,0,6,2,13,8,6,29,0,0,0,29
04/01/2020,TOL,OH,AGL,CE,Combined TRACON& Tower with Radar,4,15,9,4,32,0,0,1,0,1,4,15,10,4,33,0,0,0,33
04/02/2020,TOL,OH,AGL,CE,Combined TRACON& Tower with Radar,0,8,12,2,22,0,2,10,0,12,0,10,22,2,34,3,2,5,39
04/03/2020,TOL,OH,AGL,CE,Combined TRACON& Tower with Radar,0,9,3,4,16,0,2,9,0,11,0,11,12,4,27,0,8,8,35
04/04/2020,TOL,OH,AGL,CE,Combined TRACON& Tower with Radar,5,9,11,0,25,0,2,18,0,20,5,11,29,0,45,0,0,0,45
04/05/2020,TOL,OH,AGL,CE,Combined TRACON& Tower with Radar,0,9,9,2,20,0,0,10,0,10,0,9,19,2,30,2,0,2,32
04/06/2020,TOL,OH,AGL,CE,Combined TRACON& Tower with Radar,0,8,6,6,20,0,1,18,0,19,0,9,24,6,39,16,0,16,55
04/07/2020,TOL,OH,AGL,CE,Combined TRACON& Tower with Radar,4,9,2,2,17,0,2,4,0,6,4,11,6,2,23,0,0,0,23
04/08/2020,TOL,OH,AGL,CE,Combined TRACON& Tower with Radar,2,8,8,6,24,0,1,14,2,17,2,9,22,8,41,4,0,4,45
04/09/2020,TOL,OH,AGL,CE,Combined TRACON& Tower with Radar,3,6,4,2,15,0,1,7,0,8,3,7,11,2,23,0,0,0,23
04/10/2020,TOL,OH,AGL,CE,Combined TRACON& Tower with Radar,0,4,3,4,11,0,3,12,0,15,0,7,15,4,26,4,6,10,36
04/11/2020,TOL,OH,AGL,CE,Combined TRACON& Tower with Radar,3,4,4,0,11,0,2,13,0,15,3,6,17,0,26,0,0,0,26
04/12/2020,TOL,OH,AGL,CE,Combined TRACON& Tower with Radar,2,4,1,0,7,0,3,4,0,7,2,7,5,0,14,0,0,0,14
04/13/2020,TOL,OH,AGL,CE,Combined TRACON& Tower with Radar,0,5,2,6,13,0,2,2,0,4,0,7,4,6,17,0,0,0,17
04/14/2020,TOL,OH,AGL,CE,Combined TRACON& Tower with Radar,0,8,13,4,25,0,1,7,0,8,0,9,20,4,33,0,0,0,33
04/15/2020,TOL,OH,AGL,CE,Combined TRACON& Tower with Radar,4,4,6,6,20,0,0,3,0,3,4,4,9,6,23,0,0,0,23
04/16/2020,TOL,OH,AGL,CE,Combined TRACON& Tower with Radar,0,8,11,4,23,0,5,25,2,32,0,13,36,6,55,0,0,0,55
04/17/2020,TOL,OH,AGL,CE,Combined TRACON& Tower with Radar,0,4,2,0,6,0,0,0,0,0,0,4,2,0,6,0,0,0,6
04/18/2020,TOL,OH,AGL,CE,Combined TRACON& Tower with Radar,0,6,17,0,23,0,0,19,0,19,0,6,36,0,42,0,0,0,42
04/19/2020,TOL,OH,AGL,CE,Combined TRACON& Tower with Radar,0,5,10,0,15,0,4,6,0,10,0,9,16,0,25,4,0,4,29
04/20/2020,TOL,OH,AGL,CE,Combined TRACON& Tower with Radar,0,5,14,8,27,0,3,23,0,26,0,8,37,8,53,8,4,12,65
04/21/2020,TOL,OH,AGL,CE,Combined TRACON& Tower with Radar,2,5,4,5,16,0,0,5,1,6,2,5,9,6,22,16,2,18,40
04/22/2020,TOL,OH,AGL,CE,Combined TRACON& Tower with Radar,2,10,1,9,22,0,0,6,0,6,2,10,7,9,28,2,14,16,44
04/23/2020,TOL,OH,AGL,CE,Combined TRACON& Tower with Radar,2,7,4,5,18,0,4,2,2,8,2,11,6,7,26,0,0,0,26
04/24/2020,TOL,OH,AGL,CE,Combined TRACON& Tower with Radar,0,3,6,7,16,0,1,11,0,12,0,4,17,7,28,4,4,8,36
04/25/2020,TOL,OH,AGL,CE,Combined TRACON& Tower with Radar,2,4,4,9,19,0,1,4,0,5,2,5,8,9,24,0,0,0,24
04/26/2020,TOL,OH,AGL,CE,Combined TRACON& Tower with Radar,2,3,6,8,19,0,2,7,0,9,2,5,13,8,28,0,6,6,34
04/27/2020,TOL,OH,AGL,CE,Combined TRACON& Tower with Radar,0,2,18,9,29,0,2,33,0,35,0,4,51,9,64,16,4,20,84
04/28/2020,TOL,OH,AGL,CE,Combined TRACON& Tower with Radar,2,2,9,6,19,0,0,9,0,9,2,2,18,6,28,2,0,2,30
04/29/2020,TOL,OH,AGL,CE,Combined TRACON& Tower with Radar,2,4,3,6,15,0,0,4,0,4,2,4,7,6,19,0,0,0,19
04/30/2020,TOL,OH,AGL,CE,Combined TRACON& Tower with Radar,2,7,16,7,32,0,0,1,0,1,2,7,17,7,33,0,8,8,41
05/01/2020,TOL,OH,AGL,CE,Combined TRACON& Tower with Radar,0,10,21,12,43,0,3,15,0,18,0,13,36,12,61,20,6,26,87
05/02/2020,TOL,OH,AGL,CE,Combined TRACON& Tower with Radar,2,14,9,0,25,0,1,18,0,19,2,15,27,0,44,12,0,12,56
05/03/2020,TOL,OH,AGL,CE,Combined TRACON& Tower with Radar,2,3,7,0,12,0,4,17,0,21,2,7,24,0,33,14,0,14,47
05/04/2020,TOL,OH,AGL,CE,Combined TRACON& Tower with Radar,0,7,25,33,65,0,4,16,7,27,0,11,41,40,92,14,0,14,106
05/05/2020,TOL,OH,AGL,CE,Combined TRACON& Tower with Radar,2,6,7,12,27,0,0,6,0,6,2,6,13,12,33,2,6,8,41
05/06/2020,TOL,OH,AGL,CE,Combined TRACON& Tower with Radar,0,4,15,10,29,0,2,10,4,16,0,6,25,14,45,0,26,26,71
05/07/2020,TOL,OH,AGL,CE,Combined TRACON& Tower with Radar,2,9,28,8,47,0,3,12,7,22,2,12,40,15,69,0,0,0,69
05/08/2020,TOL,OH,AGL,CE,Combined TRACON& Tower with Radar,0,6,13,0,19,0,1,7,0,8,0,7,20,0,27,8,0,8,35
05/09/2020,TOL,OH,AGL,CE,Combined TRACON& Tower with Radar,2,2,7,0,11,0,2,15,0,17,2,4,22,0,28,0,0,0,28
05/10/2020,TOL,OH,AGL,CE,Combined TRACON& Tower with Radar,2,4,15,0,21,0,2,7,0,9,2,6,22,0,30,0,0,0,30
05/11/2020,TOL,OH,AGL,CE,Combined TRACON& Tower with Radar,0,6,12,12,30,0,1,19,0,20,0,7,31,12,50,26,2,28,78
05/12/2020,TOL,OH,AGL,CE,Combined TRACON& Tower with Radar,2,3,33,13,51,0,3,30,1,34,2,6,63,14,85,0,0,0,85
05/13/2020,TOL,OH,AGL,CE,Combined TRACON& Tower with Radar,0,9,26,11,46,0,0,31,2,33,0,9,57,13,79,34,14,48,127
05/14/2020,TOL,OH,AGL,CE,Combined TRACON& Tower with Radar,2,10,4,11,27,0,0,6,1,7,2,10,10,12,34,0,0,0,34
05/15/2020,TOL,OH,AGL,CE,Combined TRACON& Tower with Radar,2,7,7,0,16,0,3,6,0,9,2,10,13,0,25,4,0,4,29
05/16/2020,TOL,OH,AGL,CE,Combined TRACON& Tower with Radar,2,3,41,14,60,0,4,11,0,15,2,7,52,14,75,5,12,17,92
05/17/2020,TOL,OH,AGL,CE,Combined TRACON& Tower with Radar,2,5,4,8,19,0,0,2,0,2,2,5,6,8,21,2,12,14,35
05/18/2020,TOL,OH,AGL,CE,Combined TRACON& Tower with Radar,2,11,6,13,32,0,0,0,2,2,2,11,6,15,34,0,0,0,34
05/19/2020,TOL,OH,AGL,CE,Combined TRACON& Tower with Radar,3,4,20,11,38,0,0,3,0,3,3,4,23,11,41,0,2,2,43
05/20/2020,TOL,OH,AGL,CE,Combined TRACON& Tower with Radar,0,9,25,18,52,0,5,37,0,42,0,14,62,18,94,14,9,23,117
05/21/2020,TOL,OH,AGL,CE,Combined TRACON& Tower with Radar,3,11,35,12,61,0,3,12,0,15,3,14,47,12,76,0,0,0,76
05/22/2020,TOL,OH,AGL,CE,Combined TRACON& Tower with Radar,2,10,18,0,30,0,0,3,0,3,2,10,21,0,33,0,0,0,33
05/23/2020,TOL,OH,AGL,CE,Combined TRACON& Tower with Radar,2,4,12,0,18,0,2,18,2,22,2,6,30,2,40,0,0,0,40
05/24/2020,TOL,OH,AGL,CE,Combined TRACON& Tower with Radar,2,4,11,0,17,0,12,25,2,39,2,16,36,2,56,0,0,0,56
05/25/2020,TOL,OH,AGL,CE,Combined TRACON& Tower with Radar,2,9,12,0,23,0,2,17,0,19,2,11,29,0,42,4,0,4,46
05/26/2020,TOL,OH,AGL,CE,Combined TRACON& Tower with Radar,2,5,15,14,36,0,1,20,0,21,2,6,35,14,57,12,0,12,69
05/27/2020,TOL,OH,AGL,CE,Combined TRACON& Tower with Radar,0,6,8,13,27,0,0,18,1,19,0,6,26,14,46,14,0,14,60
05/28/2020,TOL,OH,AGL,CE,Combined TRACON& Tower with Radar,2,5,32,15,54,0,5,6,1,12,2,10,38,16,66,22,12,34,100
05/29/2020,TOL,OH,AGL,CE,Combined TRACON& Tower with Radar,2,6,27,0,35,0,0,9,0,9,2,6,36,0,44,0,0,0,44
05/30/2020,TOL,OH,AGL,CE,Combined TRACON& Tower with Radar,2,2,12,0,16,0,4,14,0,18,2,6,26,0,34,0,0,0,34
05/31/2020,TOL,OH,AGL,CE,Combined TRACON& Tower with Radar,2,7,20,0,29,0,4,19,0,23,2,11,39,0,52,8,0,8,60
06/01/2020,TOL,OH,AGL,CE,Combined TRACON& Tower with Radar,2,7,30,14,53,0,5,18,0,23,2,12,48,14,76,10,10,20,96
06/02/2020,TOL,OH,AGL,CE,Combined TRACON& Tower with Radar,2,6,18,13,39,0,2,18,2,22,2,8,36,15,61,39,8,47,108
06/03/2020,TOL,OH,AGL,CE,Combined TRACON& Tower with Radar,2,12,17,14,45,0,5,10,0,15,2,17,27,14,60,6,0,6,66
06/04/2020,TOL,OH,AGL,CE,Combined TRACON& Tower with Radar,2,10,35,12,59,0,0,24,0,24,2,10,59,12,83,14,2,16,99
06/05/2020,TOL,OH,AGL,CE,Combined TRACON& Tower with Radar,2,8,27,0,37,0,1,23,0,24,2,9,50,0,61,20,0,20,81
06/06/2020,TOL,OH,AGL,CE,Combined TRACON& Tower with Radar,2,2,6,12,22,0,6,18,0,24,2,8,24,12,46,26,10,36,82
06/07/2020,TOL,OH,AGL,CE,Combined TRACON& Tower with Radar,4,4,9,8,25,0,3,17,0,20,4,7,26,8,45,6,6,12,57
06/08/2020,TOL,OH,AGL,CE,Combined TRACON& Tower with Radar,3,4,15,15,37,0,4,23,0,27,3,8,38,15,64,12,0,12,76
06/09/2020,TOL,OH,AGL,CE,Combined TRACON& Tower with Radar,3,6,15,12,36,0,5,17,0,22,3,11,32,12,58,2,0,2,60
06/10/2020,TOL,OH,AGL,CE,Combined TRACON& Tower with Radar,2,11,14,9,36,0,2,1,0,3,2,13,15,9,39,0,0,0,39
06/11/2020,TOL,OH,AGL,CE,Combined TRACON& Tower with Radar,3,6,25,19,53,0,11,27,0,38,3,17,52,19,91,36,4,40,131
06/12/2020,TOL,OH,AGL,CE,Combined TRACON& Tower with Radar,5,7,27,0,39,0,4,25,0,29,5,11,52,0,68,12,0,12,80
06/13/2020,TOL,OH,AGL,CE,Combined TRACON& Tower with Radar,2,5,21,0,28,0,2,22,0,24,2,7,43,0,52,47,0,47,99
06/14/2020,TOL,OH,AGL,CE,Combined TRACON& Tower with Radar,1,7,17,0,25,0,6,24,0,30,1,13,41,0,55,4,0,4,59
06/15/2020,TOL,OH,AGL,CE,Combined TRACON& Tower with Radar,3,6,19,14,42,0,0,20,2,22,3,6,39,16,64,6,6,12,76
06/16/2020,TOL,OH,AGL,CE,Combined TRACON& Tower with Radar,2,7,26,12,47,0,9,18,1,28,2,16,44,13,75,14,0,14,89
06/17/2020,TOL,OH,AGL,CE,Combined TRACON& Tower with Radar,4,9,21,14,48,0,10,41,0,51,4,19,62,14,99,52,4,56,155
06/18/2020,TOL,OH,AGL,CE,Combined TRACON& Tower with Radar,6,13,17,15,51,0,6,16,0,22,6,19,33,15,73,26,18,44,117
06/19/2020,TOL,OH,AGL,CE,Combined TRACON& Tower with Radar,4,8,19,3,34,0,1,24,0,25,4,9,43,3,59,6,0,6,65
06/20/2020,TOL,OH,AGL,CE,Combined TRACON& Tower with Radar,3,3,26,9,41,0,10,29,0,39,3,13,55,9,80,0,2,2,82
06/21/2020,TOL,OH,AGL,CE,Combined TRACON& Tower with Radar,3,5,7,3,18,0,2,9,0,11,3,7,16,3,29,0,0,0,29
06/22/2020,TOL,OH,AGL,CE,Combined TRACON& Tower with Radar,5,4,17,18,44,0,3,9,0,12,5,7,26,18,56,0,0,0,56
06/23/2020,TOL,OH,AGL,CE,Combined TRACON& Tower with Radar,5,4,22,26,57,0,1,2,2,5,5,5,24,28,62,4,12,16,78
06/24/2020,TOL,OH,AGL,CE,Combined TRACON& Tower with Radar,5,8,37,32,82,0,6,30,0,36,5,14,67,32,118,28,19,47,165
06/25/2020,TOL,OH,AGL,CE,Combined TRACON& Tower with Radar,4,6,21,10,41,0,2,41,0,43,4,8,62,10,84,40,0,40,124
06/26/2020,TOL,OH,AGL,CE,Combined TRACON& Tower with Radar,4,6,12,8,30,0,2,21,0,23,4,8,33,8,53,26,0,26,79
06/27/2020,TOL,OH,AGL,CE,Combined TRACON& Tower with Radar,2,5,15,0,22,0,3,10,0,13,2,8,25,0,35,2,0,2,37
06/28/2020,TOL,OH,AGL,CE,Combined TRACON& Tower with Radar,2,5,22,0,29,0,2,19,1,22,2,7,41,1,51,12,0,12,63
06/29/2020,TOL,OH,AGL,CE,Combined TRACON& Tower with Radar,4,6,23,0,33,0,1,42,0,43,4,7,65,0,76,36,0,36,112
06/30/2020,TOL,OH,AGL,CE,Combined TRACON& Tower with Radar,6,4,28,11,49,0,7,32,0,39,6,11,60,11,88,2,0,2,90
07/01/2020,TOL,OH,AGL,CE,Combined TRACON& Tower with Radar,4,4,20,16,44,0,4,32,0,36,4,8,52,16,80,12,0,12,92
07/02/2020,TOL,OH,AGL,CE,Combined TRACON& Tower with Radar,2,8,21,0,31,0,4,17,0,21,2,12,38,0,52,16,0,16,68
07/03/2020,TOL,OH,AGL,CE,Combined TRACON& Tower with Radar,2,5,25,0,32,0,4,24,0,28,2,9,49,0,60,30,0,30,90
07/04/2020,TOL,OH,AGL,CE,Combined TRACON& Tower with Radar,4,5,7,0,16,0,3,10,1,14,4,8,17,1,30,0,0,0,30
07/05/2020,TOL,OH,AGL,CE,Combined TRACON& Tower with Radar,2,9,9,0,20,0,6,10,0,16,2,15,19,0,36,2,12,14,50
07/06/2020,TOL,OH,AGL,CE,Combined TRACON& Tower with Radar,5,9,13,22,49,0,5,18,0,23,5,14,31,22,72,10,10,20,92
07/07/2020,TOL,OH,AGL,CE,Combined TRACON& Tower with Radar,5,8,25,22,60,0,2,24,0,26,5,10,49,22,86,4,10,14,100
07/08/2020,TOL,OH,AGL,CE,Combined TRACON& Tower with Radar,10,12,19,22,63,0,2,18,2,22,10,14,37,24,85,14,0,14,99
07/09/2020,TOL,OH,AGL,CE,Combined TRACON& Tower with Radar,8,8,17,16,49,0,2,19,0,21,8,10,36,16,70,24,0,24,94
07/10/2020,TOL,OH,AGL,CE,Combined TRACON& Tower with Radar,9,9,15,0,33,0,0,6,0,6,9,9,21,0,39,0,0,0,39
07/11/2020,TOL,OH,AGL,CE,Combined TRACON& Tower with Radar,8,5,17,0,30,0,0,11,0,11,8,5,28,0,41,6,0,6,47
07/12/2020,TOL,OH,AGL,CE,Combined TRACON& Tower with Radar,6,10,16,0,32,0,4,8,0,12,6,14,24,0,44,0,0,0,44
07/13/2020,TOL,OH,AGL,CE,Combined TRACON& Tower with Radar,8,6,23,16,53,0,5,27,0,32,8,11,50,16,85,28,0,28,113
07/14/2020,TOL,OH,AGL,CE,Combined TRACON& Tower with Radar,8,7,41,21,77,0,8,38,0,46,8,15,79,21,123,47,20,67,190
07/15/2020,TOL,OH,AGL,CE,Combined TRACON& Tower with Radar,10,10,21,19,60,0,7,28,0,35,10,17,49,19,95,16,6,22,117
07/16/2020,TOL,OH,AGL,CE,Combined TRACON& Tower with Radar,7,6,26,0,39,0,6,5,0,11,7,12,31,0,50,8,0,8,58
07/17/2020,TOL,OH,AGL,CE,Combined TRACON& Tower with Radar,10,8,35,1,54,0,7,24,0,31,10,15,59,1,85,18,0,18,103
07/18/2020,TOL,OH,AGL,CE,Combined TRACON& Tower with Radar,8,10,13,0,31,0,3,23,2,28,8,13,36,2,59,18,0,18,77
07/19/2020,TOL,OH,AGL,CE,Combined TRACON& Tower with Radar,6,9,5,0,20,0,1,7,0,8,6,10,12,0,28,10,0,10,38
07/20/2020,TOL,OH,AGL,CE,Combined TRACON& Tower with Radar,8,4,18,19,49,0,4,25,0,29,8,8,43,19,78,12,4,16,94
07/21/2020,TOL,OH,AGL,CE,Combined TRACON& Tower with Radar,6,2,22,16,46,0,1,32,3,36,6,3,54,19,82,28,0,28,110
07/22/2020,TOL,OH,AGL,CE,Combined TRACON& Tower with Radar,13,8,45,16,82,0,1,8,0,9,13,9,53,16,91,11,0,11,102
07/23/2020,TOL,OH,AGL,CE,Combined TRACON& Tower with Radar,8,18,36,16,78,0,5,23,0,28,8,23,59,16,106,22,2,24,130
07/24/2020,TOL,OH,AGL,CE,Combined TRACON& Tower with Radar,9,4,17,0,30,0,7,35,0,42,9,11,52,0,72,28,0,28,100
07/25/2020,TOL,OH,AGL,CE,Combined TRACON& Tower with Radar,8,8,6,0,22,0,6,23,0,29,8,14,29,0,51,13,0,13,64
07/26/2020,TOL,OH,AGL,CE,Combined TRACON& Tower with Radar,6,7,24,1,38,0,15,13,0,28,6,22,37,1,66,10,0,10,76
07/27/2020,TOL,OH,AGL,CE,Combined TRACON& Tower with Radar,7,7,18,17,49,0,4,2,0,6,7,11,20,17,55,2,2,4,59
07/28/2020,TOL,OH,AGL,CE,Combined TRACON& Tower with Radar,8,14,27,18,67,0,4,39,1,44,8,18,66,19,111,46,4,50,161
07/29/2020,TOL,OH,AGL,CE,Combined TRACON& Tower with Radar,9,8,18,21,56,0,8,25,0,33,9,16,43,21,89,10,18,28,117
07/30/2020,TOL,OH,AGL,CE,Combined TRACON& Tower with Radar,8,4,24,21,57,0,3,23,1,27,8,7,47,22,84,72,16,88,172
07/31/2020,TOL,OH,AGL,CE,Combined TRACON& Tower with Radar,9,7,25,0,41,0,10,32,1,43,9,17,57,1,84,20,0,20,104
08/01/2020,TOL,OH,AGL,CE,Combined TRACON& Tower with Radar,6,0,17,0,23,0,3,2,0,5,6,3,19,0,28,12,0,12,40
08/02/2020,TOL,OH,AGL,CE,Combined TRACON& Tower with Radar,6,4,25,0,35,0,0,5,0,5,6,4,30,0,40,0,0,0,40
08/03/2020,TOL,OH,AGL,CE,Combined TRACON& Tower with Radar,7,7,20,13,47,0,2,25,0,27,7,9,45,13,74,26,0,26,100
08/04/2020,TOL,OH,AGL,CE,Combined TRACON& Tower with Radar,8,6,35,8,57,0,8,16,0,24,8,14,51,8,81,38,2,40,121
08/05/2020,TOL,OH,AGL,CE,Combined TRACON& Tower with Radar,8,2,24,14,48,0,2,26,1,29,8,4,50,15,77,6,16,22,99
08/06/2020,TOL,OH,AGL,CE,Combined TRACON& Tower with Radar,8,6,26,16,56,0,5,22,0,27,8,11,48,16,83,6,14,20,103
08/07/2020,TOL,OH,AGL,CE,Combined TRACON& Tower with Radar,10,10,27,0,47,0,7,31,0,38,10,17,58,0,85,18,0,18,103
08/08/2020,TOL,OH,AGL,CE,Combined TRACON& Tower with Radar,6,5,27,1,39,0,7,23,0,30,6,12,50,1,69,10,0,10,79
08/09/2020,TOL,OH,AGL,CE,Combined TRACON& Tower with Radar,6,2,20,5,33,0,3,19,0,22,6,5,39,5,55,8,0,8,63
08/10/2020,TOL,OH,AGL,CE,Combined TRACON& Tower with Radar,7,15,27,9,58,0,4,18,1,23,7,19,45,10,81,6,4,10,91
08/11/2020,TOL,OH,AGL,CE,Combined TRACON& Tower with Radar,11,9,37,16,73,0,4,13,0,17,11,13,50,16,90,22,4,26,116
08/12/2020,TOL,OH,AGL,CE,Combined TRACON& Tower with Radar,11,0,26,17,54,0,7,24,0,31,11,7,50,17,85,28,0,28,113
08/13/2020,TOL,OH,AGL,CE,Combined TRACON& Tower with Radar,11,2,35,20,68,0,1,43,2,46,11,3,78,22,114,22,4,26,140
08/14/2020,TOL,OH,AGL,CE,Combined TRACON& Tower with Radar,7,9,17,0,33,0,4,10,0,14,7,13,27,0,47,20,0,20,67
08/15/2020,TOL,OH,AGL,CE,Combined TRACON& Tower with Radar,6,2,19,0,27,0,1,16,0,17,6,3,35,0,44,10,0,10,54
08/16/2020,TOL,OH,AGL,CE,Combined TRACON& Tower with Radar,6,6,32,0,44,0,4,12,0,16,6,10,44,0,60,4,0,4,64
08/17/2020,TOL,OH,AGL,CE,Combined TRACON& Tower with Radar,7,3,40,20,70,0,1,28,0,29,7,4,68,20,99,15,6,21,120
08/18/2020,TOL,OH,AGL,CE,Combined TRACON& Tower with Radar,9,0,33,23,65,0,2,31,0,33,9,2,64,23,98,22,10,32,130
08/19/2020,TOL,OH,AGL,CE,Combined TRACON& Tower with Radar,10,5,20,25,60,0,4,23,0,27,10,9,43,25,87,4,0,4,91
08/20/2020,TOL,OH,AGL,CE,Combined TRACON& Tower with Radar,8,4,23,24,59,0,11,40,0,51,8,15,63,24,110,12,0,12,122
08/21/2020,TOL,OH,AGL,CE,Combined TRACON& Tower with Radar,17,4,24,4,49,0,6,37,0,43,17,10,61,4,92,24,0,24,116
08/22/2020,TOL,OH,AGL,CE,Combined TRACON& Tower with Radar,6,0,19,0,25,0,1,33,0,34,6,1,52,0,59,20,0,20,79
08/23/2020,TOL,OH,AGL,CE,Combined TRACON& Tower with Radar,6,9,27,0,42,0,3,28,0,31,6,12,55,0,73,4,0,4,77
08/24/2020,TOL,OH,AGL,CE,Combined TRACON& Tower with Radar,7,3,27,16,53,0,0,16,0,16,7,3,43,16,69,47,0,47,116
08/25/2020,TOL,OH,AGL,CE,Combined TRACON& Tower with Radar,8,8,19,18,53,0,4,27,0,31,8,12,46,18,84,47,0,47,131
08/26/2020,TOL,OH,AGL,CE,Combined TRACON& Tower with Radar,10,6,20,19,55,0,1,15,0,16,10,7,35,19,71,22,8,30,101
08/27/2020,TOL,OH,AGL,CE,Combined TRACON& Tower with Radar,8,7,31,18,64,0,3,11,0,14,8,10,42,18,78,4,6,10,88
08/28/2020,TOL,OH,AGL,CE,Combined TRACON& Tower with Radar,5,6,14,0,25,0,0,0,0,0,5,6,14,0,25,0,0,0,25
08/29/2020,TOL,OH,AGL,CE,Combined TRACON& Tower with Radar,6,2,19,0,27,0,3,15,0,18,6,5,34,0,45,8,0,8,53
08/30/2020,TOL,OH,AGL,CE,Combined TRACON& Tower with Radar,8,2,32,0,42,0,3,25,0,28,8,5,57,0,70,12,0,12,82
08/31/2020,TOL,OH,AGL,CE,Combined TRACON& Tower with Radar,8,6,25,20,59,0,5,36,0,41,8,11,61,20,100,8,14,22,122
09/01/2020,TOL,OH,AGL,CE,Combined TRACON& Tower with Radar,10,2,30,18,60,0,2,16,0,18,10,4,46,18,78,12,25,37,115
09/02/2020,TOL,OH,AGL,CE,Combined TRACON& Tower with Radar,8,7,32,11,58,0,1,18,0,19,8,8,50,11,77,6,4,10,87
09/03/2020,TOL,OH,AGL,CE,Combined TRACON& Tower with Radar,9,14,37,16,76,0,3,22,0,25,9,17,59,16,101,0,0,0,101
09/04/2020,TOL,OH,AGL,CE,Combined TRACON& Tower with Radar,9,14,31,0,54,0,6,29,0,35,9,20,60,0,89,20,0,20,109
09/05/2020,TOL,OH,AGL,CE,Combined TRACON& Tower with Radar,7,3,14,0,24,0,8,22,0,30,7,11,36,0,54,32,0,32,86
09/06/2020,TOL,OH,AGL,CE,Combined TRACON& Tower with Radar,6,5,13,0,24,0,6,19,0,25,6,11,32,0,49,12,0,12,61
09/07/2020,TOL,OH,AGL,CE,Combined TRACON& Tower with Radar,6,7,26,0,39,0,1,10,0,11,6,8,36,0,50,6,0,6,56
09/08/2020,TOL,OH,AGL,CE,Combined TRACON& Tower with Radar,12,6,23,14,55,0,2,8,0,10,12,8,31,14,65,0,0,0,65
09/09/2020,TOL,OH,AGL,CE,Combined TRACON& Tower with Radar,10,8,36,14,68,0,1,12,0,13,10,9,48,14,81,0,2,2,83
09/10/2020,TOL,OH,AGL,CE,Combined TRACON& Tower with Radar,8,8,45,18,79,0,0,4,0,4,8,8,49,18,83,16,10,26,109
09/11/2020,TOL,OH,AGL,CE,Combined TRACON& Tower with Radar,10,0,48,7,65,0,4,27,1,32,10,4,75,8,97,42,8,50,147
09/12/2020,TOL,OH,AGL,CE,Combined TRACON& Tower with Radar,11,2,21,7,41,0,2,25,0,27,11,4,46,7,68,0,0,0,68
09/13/2020,TOL,OH,AGL,CE,Combined TRACON& Tower with Radar,7,0,17,2,26,0,2,11,0,13,7,2,28,2,39,33,5,38,77
09/14/2020,TOL,OH,AGL,CE,Combined TRACON& Tower with Radar,8,10,25,19,62,0,5,31,0,36,8,15,56,19,98,27,14,41,139
09/15/2020,TOL,OH,AGL,CE,Combined TRACON& Tower with Radar,7,3,15,20,45,0,8,27,3,38,7,11,42,23,83,38,10,48,131
09/16/2020,TOL,OH,AGL,CE,Combined TRACON& Tower with Radar,6,2,36,19,63,0,1,33,1,35,6,3,69,20,98,50,2,52,150
09/17/2020,TOL,OH,AGL,CE,Combined TRACON& Tower with Radar,9,10,23,17,59,0,5,17,8,30,9,15,40,25,89,8,2,10,99
09/18/2020,TOL,OH,AGL,CE,Combined TRACON& Tower with Radar,11,8,33,15,67,0,5,29,0,34,11,13,62,15,101,66,2,68,169
09/19/2020,TOL,OH,AGL,CE,Combined TRACON& Tower with Radar,8,6,12,3,29,0,2,33,1,36,8,8,45,4,65,14,0,14,79
09/20/2020,TOL,OH,AGL,CE,Combined TRACON& Tower with Radar,6,1,14,1,22,0,2,36,0,38,6,3,50,1,60,18,0,18,78
09/21/2020,TOL,OH,AGL,CE,Combined TRACON& Tower with Radar,7,0,24,22,53,0,3,3,0,6,7,3,27,22,59,0,21,21,80
09/22/2020,TOL,OH,AGL,CE,Combined TRACON& Tower with Radar,10,4,21,17,52,0,4,28,2,34,10,8,49,19,86,24,18,42,128
09/23/2020,TOL,OH,AGL,CE,Combined TRACON& Tower with Radar,7,7,20,18,52,0,6,22,3,31,7,13,42,21,83,24,12,36,119
09/24/2020,TOL,OH,AGL,CE,Combined TRACON& Tower with Radar,8,5,24,27,64,0,4,18,2,24,8,9,42,29,88,43,15,58,146
09/25/2020,TOL,OH,AGL,CE,Combined TRACON& Tower with Radar,9,16,46,0,71,0,7,43,0,50,9,23,89,0,121,46,0,46,167
09/26/2020,TOL,OH,AGL,CE,Combined TRACON& Tower with Radar,7,5,17,0,29,0,6,23,0,29,7,11,40,0,58,0,0,0,58
09/27/2020,TOL,OH,AGL,CE,Combined TRACON& Tower with Radar,6,2,31,0,39,0,3,17,0,20,6,5,48,0,59,20,0,20,79
09/28/2020,TOL,OH,AGL,CE,Combined TRACON& Tower with Radar,7,3,32,14,56,0,0,1,0,1,7,3,33,14,57,14,0,14,71
09/29/2020,TOL,OH,AGL,CE,Combined TRACON& Tower with Radar,9,6,29,15,59,0,5,19,2,26,9,11,48,17,85,40,8,48,133
09/30/2020,TOL,OH,AGL,CE,Combined TRACON& Tower with Radar,12,10,22,16,60,0,10,12,0,22,12,20,34,16,82,41,8,49,131
10/01/2020,TOL,OH,AGL,CE,Combined TRACON& Tower with Radar,13,18,36,22,89,0,3,16,0,19,13,21,52,22,108,10,0,10,118
10/02/2020,TOL,OH,AGL,CE,Combined TRACON& Tower with Radar,13,13,36,3,65,0,3,28,0,31,13,16,64,3,96,58,6,64,160
10/03/2020,TOL,OH,AGL,CE,Combined TRACON& Tower with Radar,15,2,18,11,46,0,10,22,0,32,15,12,40,11,78,14,6,20,98
10/04/2020,TOL,OH,AGL,CE,Combined TRACON& Tower with Radar,6,2,9,6,23,0,0,2,0,2,6,2,11,6,25,0,0,0,25
10/05/2020,TOL,OH,AGL,CE,Combined TRACON& Tower with Radar,10,0,23,2,35,0,0,30,0,30,10,0,53,2,65,30,0,30,95
10/06/2020,TOL,OH,AGL,CE,Combined TRACON& Tower with Radar,11,0,18,2,31,0,5,8,0,13,11,5,26,2,44,10,0,10,54
10/07/2020,TOL,OH,AGL,CE,Combined TRACON& Tower with Radar,10,4,24,4,42,0,1,3,1,5,10,5,27,5,47,0,0,0,47
10/08/2020,TOL,OH,AGL,CE,Combined TRACON& Tower with Radar,12,12,45,0,69,0,10,32,0,42,12,22,77,0,111,28,0,28,139
10/09/2020,TOL,OH,AGL,CE,Combined TRACON& Tower with Radar,9,13,35,2,59,0,5,36,0,41,9,18,71,2,100,40,6,46,146
10/10/2020,TOL,OH,AGL,CE,Combined TRACON& Tower with Radar,10,4,11,3,28,0,2,12,1,15,10,6,23,4,43,0,0,0,43
10/11/2020,TOL,OH,AGL,CE,Combined TRACON& Tower with Radar,8,4,17,2,31,0,4,9,0,13,8,8,26,2,44,4,0,4,48
10/12/2020,TOL,OH,AGL,CE,Combined TRACON& Tower with Radar,6,11,29,5,51,0,2,3,0,5,6,13,32,5,56,4,0,4,60
10/13/2020,TOL,OH,AGL,CE,Combined TRACON& Tower with Radar,7,10,31,10,58,0,5,29,0,34,7,15,60,10,92,22,14,36,128
10/14/2020,TOL,OH,AGL,CE,Combined TRACON& Tower with Radar,6,6,27,9,48,0,6,13,1,20,6,12,40,10,68,18,0,18,86
10/15/2020,TOL,OH,AGL,CE,Combined TRACON& Tower with Radar,8,9,16,11,44,0,0,6,0,6,8,9,22,11,50,2,2,4,54
10/16/2020,TOL,OH,AGL,CE,Combined TRACON& Tower with Radar,9,23,32,0,64,0,3,28,0,31,9,26,60,0,95,28,0,28,123
10/17/2020,TOL,OH,AGL,CE,Combined TRACON& Tower with Radar,7,4,16,0,27,0,5,18,0,23,7,9,34,0,50,2,0,2,52
10/18/2020,TOL,OH,AGL,CE,Combined TRACON& Tower with Radar,6,4,24,1,35,0,1,6,0,7,6,5,30,1,42,0,0,0,42
10/19/2020,TOL,OH,AGL,CE,Combined TRACON& Tower with Radar,6,4,17,7,34,0,3,3,0,6,6,7,20,7,40,4,0,4,44
10/20/2020,TOL,OH,AGL,CE,Combined TRACON& Tower with Radar,7,3,40,8,58,0,1,7,0,8,7,4,47,8,66,6,0,6,72
10/21/2020,TOL,OH,AGL,CE,Combined TRACON& Tower with Radar,8,3,30,6,47,0,3,17,1,21,8,6,47,7,68,16,0,16,84
10/22/2020,TOL,OH,AGL,CE,Combined TRACON& Tower with Radar,8,19,38,6,71,0,1,6,0,7,8,20,44,6,78,0,0,0,78
10/23/2020,TOL,OH,AGL,CE,Combined TRACON& Tower with Radar,7,9,13,6,35,0,0,8,0,8,7,9,21,6,43,0,0,0,43
10/24/2020,TOL,OH,AGL,CE,Combined TRACON& Tower with Radar,10,3,32,2,47,0,2,51,0,53,10,5,83,2,100,0,0,0,100
10/25/2020,TOL,OH,AGL,CE,Combined TRACON& Tower with Radar,6,6,16,2,30,0,1,29,0,30,6,7,45,2,60,6,0,6,66
10/26/2020,TOL,OH,AGL,CE,Combined TRACON& Tower with Radar,10,9,34,7,60,0,0,4,0,4,10,9,38,7,64,6,0,6,70
10/27/2020,TOL,OH,AGL,CE,Combined TRACON& Tower with Radar,11,7,24,10,52,0,5,7,1,13,11,12,31,11,65,0,10,10,75
10/28/2020,TOL,OH,AGL,CE,Combined TRACON& Tower with Radar,8,9,32,13,62,0,5,30,0,35,8,14,62,13,97,22,14,36,133
10/29/2020,TOL,OH,AGL,CE,Combined TRACON& Tower with Radar,16,7,27,6,56,0,4,7,0,11,16,11,34,6,67,0,4,4,71
10/30/2020,TOL,OH,AGL,CE,Combined TRACON& Tower with Radar,12,12,30,0,54,0,3,14,0,17,12,15,44,0,71,12,0,12,83
10/31/2020,TOL,OH,AGL,CE,Combined TRACON& Tower with Radar,10,11,14,0,35,0,5,21,0,26,10,16,35,0,61,14,0,14,75
11/01/2020,TOL,OH,AGL,CE,Combined TRACON& Tower with Radar,8,3,7,0,18,0,2,6,0,8,8,5,13,0,26,0,0,0,26
11/02/2020,TOL,OH,AGL,CE,Combined TRACON& Tower with Radar,9,2,18,10,39,0,3,14,0,17,9,5,32,10,56,12,12,24,80
11/03/2020,TOL,OH,AGL,CE,Combined TRACON& Tower with Radar,7,8,27,8,50,0,5,17,0,22,7,13,44,8,72,27,0,27,99
11/04/2020,TOL,OH,AGL,CE,Combined TRACON& Tower with Radar,8,6,34,8,56,0,6,40,0,46,8,12,74,8,102,26,0,26,128
11/05/2020,TOL,OH,AGL,CE,Combined TRACON& Tower with Radar,7,14,44,2,67,0,1,27,1,29,7,15,71,3,96,12,0,12,108
11/06/2020,TOL,OH,AGL,CE,Combined TRACON& Tower with Radar,5,11,12,1,29,0,7,26,0,33,5,18,38,1,62,21,0,21,83
11/07/2020,TOL,OH,AGL,CE,Combined TRACON& Tower with Radar,5,11,12,6,34,0,13,41,0,54,5,24,53,6,88,18,4,22,110
11/08/2020,TOL,OH,AGL,CE,Combined TRACON& Tower with Radar,5,7,17,7,36,0,2,39,0,41,5,9,56,7,77,32,0,32,109
11/09/2020,TOL,OH,AGL,CE,Combined TRACON& Tower with Radar,7,10,24,7,48,0,5,24,0,29,7,15,48,7,77,14,14,28,105
11/10/2020,TOL,OH,AGL,CE,Combined TRACON& Tower with Radar,4,12,21,6,43,0,1,19,0,20,4,13,40,6,63,12,8,20,83
11/11/2020,TOL,OH,AGL,CE,Combined TRACON& Tower with Radar,5,15,26,0,46,0,4,30,0,34,5,19,56,0,80,76,0,76,156
11/12/2020,TOL,OH,AGL,CE,Combined TRACON& Tower with Radar,3,18,23,8,52,0,0,46,1,47,3,18,69,9,99,22,7,29,128
11/13/2020,TOL,OH,AGL,CE,Combined TRACON& Tower with Radar,6,20,23,10,59,0,2,10,0,12,6,22,33,10,71,18,8,26,97
11/14/2020,TOL,OH,AGL,CE,Combined TRACON& Tower with Radar,6,16,23,0,45,0,4,28,0,32,6,20,51,0,77,12,0,12,89
11/15/2020,TOL,OH,AGL,CE,Combined TRACON& Tower with Radar,6,7,6,0,19,1,1,1,0,3,7,8,7,0,22,0,0,0,22
11/16/2020,TOL,OH,AGL,CE,Combined TRACON& Tower with Radar,5,18,33,8,64,0,7,16,0,23,5,25,49,8,87,32,8,40,127
11/17/2020,TOL,OH,AGL,CE,Combined TRACON& Tower with Radar,2,11,17,8,38,0,3,23,0,26,2,14,40,8,64,53,0,53,117
11/18/2020,TOL,OH,AGL,CE,Combined TRACON& Tower with Radar,12,28,22,7,69,0,2,32,3,37,12,30,54,10,106,12,2,14,120
11/19/2020,TOL,OH,AGL,CE,Combined TRACON& Tower with Radar,3,20,7,6,36,0,6,6,0,12,3,26,13,6,48,10,0,10,58
11/20/2020,TOL,OH,AGL,CE,Combined TRACON& Tower with Radar,5,30,33,2,70,0,5,21,2,28,5,35,54,4,98,46,0,46,144
11/21/2020,TOL,OH,AGL,CE,Combined TRACON& Tower with Radar,3,14,29,0,46,0,8,16,0,24,3,22,45,0,70,30,0,30,100
11/22/2020,TOL,OH,AGL,CE,Combined TRACON& Tower with Radar,3,11,6,0,20,0,0,1,0,1,3,11,7,0,21,0,0,0,21
11/23/2020,TOL,OH,AGL,CE,Combined TRACON& Tower with Radar,3,9,19,6,37,0,3,22,0,25,3,12,41,6,62,8,0,8,70
11/24/2020,TOL,OH,AGL,CE,Combined TRACON& Tower with Radar,12,12,24,2,50,0,4,19,0,23,12,16,43,2,73,0,0,0,73
11/25/2020,TOL,OH,AGL,CE,Combined TRACON& Tower with Radar,4,11,16,0,31,0,1,2,0,3,4,12,18,0,34,0,0,0,34
11/26/2020,TOL,OH,AGL,CE,Combined TRACON& Tower with Radar,0,1,1,0,2,0,3,1,0,4,0,4,2,0,6,0,0,0,6
11/27/2020,TOL,OH,AGL,CE,Combined TRACON& Tower with Radar,3,5,26,0,34,0,2,1,0,3,3,7,27,0,37,10,0,10,47
11/28/2020,TOL,OH,AGL,CE,Combined TRACON& Tower with Radar,4,7,13,0,24,0,5,32,0,37,4,12,45,0,61,16,0,16,77
11/29/2020,TOL,OH,AGL,CE,Combined TRACON& Tower with Radar,3,11,21,0,35,0,3,35,0,38,3,14,56,0,73,0,0,0,73
11/30/2020,TOL,OH,AGL,CE,Combined TRACON& Tower with Radar,8,8,12,0,28,0,1,0,0,1,8,9,12,0,29,0,7,7,36
12/01/2020,TOL,OH,AGL,CE,Combined TRACON& Tower with Radar,7,14,6,2,29,0,0,0,0,0,7,14,6,2,29,0,0,0,29
12/02/2020,TOL,OH,AGL,CE,Combined TRACON& Tower with Radar,10,12,28,6,56,0,2,30,2,34,10,14,58,8,90,52,8,60,150
12/03/2020,TOL,OH,AGL,CE,Combined TRACON& Tower with Radar,5,19,37,0,61,0,6,6,0,12,5,25,43,0,73,6,0,6,79
12/04/2020,TOL,OH,AGL,CE,Combined TRACON& Tower with Radar,6,12,12,1,31,0,3,21,0,24,6,15,33,1,55,34,0,34,89
12/05/2020,TOL,OH,AGL,CE,Combined TRACON& Tower with Radar,6,12,18,0,36,0,4,9,0,13,6,16,27,0,49,0,0,0,49
12/06/2020,TOL,OH,AGL,CE,Combined TRACON& Tower with Radar,4,8,16,0,28,0,3,13,0,16,4,11,29,0,44,14,0,14,58
12/07/2020,TOL,OH,AGL,CE,Combined TRACON& Tower with Radar,6,10,17,2,35,0,3,21,0,24,6,13,38,2,59,0,0,0,59
12/08/2020,TOL,OH,AGL,CE,Combined TRACON& Tower with Radar,12,13,23,4,52,0,3,16,0,19,12,16,39,4,71,8,0,8,79
12/09/2020,TOL,OH,AGL,CE,Combined TRACON& Tower with Radar,8,20,34,2,64,0,1,6,0,7,8,21,40,2,71,7,0,7,78
12/10/2020,TOL,OH,AGL,CE,Combined TRACON& Tower with Radar,13,15,9,2,39,0,2,33,0,35,13,17,42,2,74,0,0,0,74
12/11/2020,TOL,OH,AGL,CE,Combined TRACON& Tower with Radar,10,22,22,1,55,0,4,26,0,30,10,26,48,1,85,35,0,35,120
12/12/2020,TOL,OH,AGL,CE,Combined TRACON& Tower with Radar,6,14,1,0,21,0,0,0,0,0,6,14,1,0,21,0,0,0,21
12/13/2020,TOL,OH,AGL,CE,Combined TRACON& Tower with Radar,6,15,8,0,29,0,4,5,0,9,6,19,13,0,38,2,0,2,40
12/14/2020,TOL,OH,AGL,CE,Combined TRACON& Tower with Radar,7,13,28,8,56,0,15,13,1,29,7,28,41,9,85,0,0,0,85
12/15/2020,TOL,OH,AGL,CE,Combined TRACON& Tower with Radar,3,14,18,6,41,0,9,18,2,29,3,23,36,8,70,16,6,22,92
12/16/2020,TOL,OH,AGL,CE,Combined TRACON& Tower with Radar,2,20,10,0,32,0,0,1,0,1,2,20,11,0,33,0,0,0,33
12/17/2020,TOL,OH,AGL,CE,Combined TRACON& Tower with Radar,8,25,3,0,36,0,0,0,0,0,8,25,3,0,36,0,0,0,36
12/18/2020,TOL,OH,AGL,CE,Combined TRACON& Tower with Radar,10,15,22,0,47,0,0,25,0,25,10,15,47,0,72,0,0,0,72
12/19/2020,TOL,OH,AGL,CE,Combined TRACON& Tower with Radar,5,8,11,0,24,0,4,8,0,12,5,12,19,0,36,0,0,0,36
12/20/2020,TOL,OH,AGL,CE,Combined TRACON& Tower with Radar,7,11,19,0,37,0,2,4,0,6,7,13,23,0,43,36,0,36,79
12/21/2020,TOL,OH,AGL,CE,Combined TRACON& Tower with Radar,2,11,13,4,30,0,4,2,0,6,2,15,15,4,36,0,0,0,36
12/22/2020,TOL,OH,AGL,CE,Combined TRACON& Tower with Radar,7,13,12,6,38,0,1,10,0,11,7,14,22,6,49,6,0,6,55
12/23/2020,TOL,OH,AGL,CE,Combined TRACON& Tower with Radar,10,10,13,0,33,0,0,7,0,7,10,10,20,0,40,0,0,0,40
12/24/2020,TOL,OH,AGL,CE,Combined TRACON& Tower with Radar,5,8,6,0,19,0,0,8,1,9,5,8,14,1,28,0,0,0,28
12/25/2020,TOL,OH,AGL,CE,Combined TRACON& Tower with Radar,0,8,3,0,11,0,1,0,0,1,0,9,3,0,12,0,0,0,12
12/26/2020,TOL,OH,AGL,CE,Combined TRACON& Tower with Radar,4,6,5,0,15,0,5,5,0,10,4,11,10,0,25,0,0,0,25
12/27/2020,TOL,OH,AGL,CE,Combined TRACON& Tower with Radar,2,12,7,0,21,0,0,28,0,28,2,12,35,0,49,8,0,8,57
12/28/2020,TOL,OH,AGL,CE,Combined TRACON& Tower with Radar,4,13,8,6,31,0,0,12,0,12,4,13,20,6,43,10,0,10,53
12/29/2020,TOL,OH,AGL,CE,Combined TRACON& Tower with Radar,4,8,28,6,46,0,2,42,0,44,4,10,70,6,90,4,10,14,104
12/30/2020,TOL,OH,AGL,CE,Combined TRACON& Tower with Radar,4,12,4,0,20,0,0,0,0,0,4,12,4,0,20,0,0,0,20
12/31/2020,TOL,OH,AGL,CE,Combined TRACON& Tower with Radar,4,4,21,0,29,0,1,19,0,20,4,5,40,0,49,0,0,0,49
01/01/2021,TOL,OH,AGL,CE,Combined TRACON& Tower with Radar,0,4,2,0,6,0,1,1,2,4,0,5,3,2,10,0,0,0,10
01/02/2021,TOL,OH,AGL,CE,Combined TRACON& Tower with Radar,2,12,8,0,22,0,0,0,0,0,2,12,8,0,22,0,0,0,22
01/03/2021,TOL,OH,AGL,CE,Combined TRACON& Tower with Radar,4,10,20,0,34,0,1,4,0,5,4,11,24,0,39,0,0,0,39
01/04/2021,TOL,OH,AGL,CE,Combined TRACON& Tower with Radar,4,6,17,6,33,0,1,4,0,5,4,7,21,6,38,35,0,35,73
01/05/2021,TOL,OH,AGL,CE,Combined TRACON& Tower with Radar,3,3,10,0,16,0,0,1,0,1,3,3,11,0,17,21,0,21,38
01/06/2021,TOL,OH,AGL,CE,Combined TRACON& Tower with Radar,6,3,18,6,33,0,6,14,1,21,6,9,32,7,54,0,0,0,54
01/07/2021,TOL,OH,AGL,CE,Combined TRACON& Tower with Radar,8,6,18,6,38,0,2,25,0,27,8,8,43,6,65,49,0,49,114
01/08/2021,TOL,OH,AGL,CE,Combined TRACON& Tower with Radar,6,9,23,0,38,0,3,10,0,13,6,12,33,0,51,0,0,0,51
01/09/2021,TOL,OH,AGL,CE,Combined TRACON& Tower with Radar,5,6,28,10,49,0,3,37,0,40,5,9,65,10,89,20,16,36,125
01/10/2021,TOL,OH,AGL,CE,Combined TRACON& Tower with Radar,2,17,28,4,51,0,2,19,0,21,2,19,47,4,72,25,6,31,103
01/11/2021,TOL,OH,AGL,CE,Combined TRACON& Tower with Radar,2,6,15,6,29,0,2,7,1,10,2,8,22,7,39,0,0,0,39
01/12/2021,TOL,OH,AGL,CE,Combined TRACON& Tower with Radar,3,4,14,7,28,0,0,1,0,1,3,4,15,7,29,0,0,0,29
01/13/2021,TOL,OH,AGL,CE,Combined TRACON& Tower with Radar,6,11,26,6,49,0,5,48,0,53,6,16,74,6,102,18,10,28,130
01/14/2021,TOL,OH,AGL,CE,Combined TRACON& Tower with Radar,4,9,34,6,53,0,6,26,0,32,4,15,60,6,85,39,8,47,132
01/15/2021,TOL,OH,AGL,CE,Combined TRACON& Tower with Radar,4,10,12,0,26,0,0,3,0,3,4,10,15,0,29,6,0,6,35
01/16/2021,TOL,OH,AGL,CE,Combined TRACON& Tower with Radar,3,6,6,0,15,0,0,0,0,0,3,6,6,0,15,0,0,0,15
01/17/2021,TOL,OH,AGL,CE,Combined TRACON& Tower with Radar,3,9,6,0,18,0,1,3,0,4,3,10,9,0,22,0,0,0,22
01/18/2021,TOL,OH,AGL,CE,Combined TRACON& Tower with Radar,2,7,23,2,34,0,2,2,0,4,2,9,25,2,38,12,0,12,50
01/19/2021,TOL,OH,AGL,CE,Combined TRACON& Tower with Radar,2,6,15,18,41,0,2,10,0,12,2,8,25,18,53,10,15,25,78
01/20/2021,TOL,OH,AGL,CE,Combined TRACON& Tower with Radar,3,8,28,2,41,0,1,49,1,51,3,9,77,3,92,105,5,110,202
01/21/2021,TOL,OH,AGL,CE,Combined TRACON& Tower with Radar,6,7,19,12,44,0,6,14,0,20,6,13,33,12,64,6,12,18,82
01/22/2021,TOL,OH,AGL,CE,Combined TRACON& Tower with Radar,2,9,21,0,32,0,2,20,0,22,2,11,41,0,54,0,0,0,54
01/23/2021,TOL,OH,AGL,CE,Combined TRACON& Tower with Radar,5,8,30,3,46,0,8,55,1,64,5,16,85,4,110,16,0,16,126
01/24/2021,TOL,OH,AGL,CE,Combined TRACON& Tower with Radar,2,14,8,0,24,0,2,11,1,14,2,16,19,1,38,20,0,20,58
01/25/2021,TOL,OH,AGL,CE,Combined TRACON& Tower with Radar,2,9,12,12,35,0,0,3,0,3,2,9,15,12,38,0,6,6,44
01/26/2021,TOL,OH,AGL,CE,Combined TRACON& Tower with Radar,2,2,4,0,8,0,0,0,0,0,2,2,4,0,8,0,0,0,8
01/27/2021,TOL,OH,AGL,CE,Combined TRACON& Tower with Radar,2,7,30,6,45,0,9,49,0,58,2,16,79,6,103,66,34,100,203
01/28/2021,TOL,OH,AGL,CE,Combined TRACON& Tower with Radar,3,14,36,6,59,0,7,12,2,21,3,21,48,8,80,18,0,18,98
01/29/2021,TOL,OH,AGL,CE,Combined TRACON& Tower with Radar,4,15,29,0,48,0,5,43,1,49,4,20,72,1,97,36,0,36,133
01/30/2021,TOL,OH,AGL,CE,Combined TRACON& Tower with Radar,2,8,11,0,21,0,5,34,0,39,2,13,45,0,60,50,0,50,110
01/31/2021,TOL,OH,AGL,CE,Combined TRACON& Tower with Radar,2,6,5,0,13,0,0,0,0,0,2,6,5,0,13,0,0,0,13
02/01/2021,TOL,OH,AGL,CE,Combined TRACON& Tower with Radar,3,9,7,9,28,0,2,0,0,2,3,11,7,9,30,10,16,26,56
02/02/2021,TOL,OH,AGL,CE,Combined TRACON& Tower with Radar,3,5,30,7,45,0,9,37,2,48,3,14,67,9,93,0,0,0,93
02/03/2021,TOL,OH,AGL,CE,Combined TRACON& Tower with Radar,2,6,34,15,57,0,4,48,0,52,2,10,82,15,109,74,4,78,187
02/04/2021,TOL,OH,AGL,CE,Combined TRACON& Tower with Radar,1,10,31,7,49,0,0,16,2,18,1,10,47,9,67,12,0,12,79
02/05/2021,TOL,OH,AGL,CE,Combined TRACON& Tower with Radar,5,9,12,0,26,0,3,1,0,4,5,12,13,0,30,0,0,0,30
02/06/2021,TOL,OH,AGL,CE,Combined TRACON& Tower with Radar,7,5,16,6,34,0,0,23,0,23,7,5,39,6,57,18,2,20,77
02/07/2021,TOL,OH,AGL,CE,Combined TRACON& Tower with Radar,2,11,19,4,36,0,0,17,0,17,2,11,36,4,53,2,6,8,61
02/08/2021,TOL,OH,AGL,CE,Combined TRACON& Tower with Radar,6,9,13,9,37,0,0,9,0,9,6,9,22,9,46,4,10,14,60
02/09/2021,TOL,OH,AGL,CE,Combined TRACON& Tower with Radar,8,9,22,8,47,0,6,17,6,29,8,15,39,14,76,36,9,45,121
02/10/2021,TOL,OH,AGL,CE,Combined TRACON& Tower with Radar,3,9,23,9,44,0,2,24,1,27,3,11,47,10,71,20,0,20,91
02/11/2021,TOL,OH,AGL,CE,Combined TRACON& Tower with Radar,2,15,44,13,74,0,0,29,0,29,2,15,73,13,103,16,0,16,119
02/12/2021,TOL,OH,AGL,CE,Combined TRACON& Tower with Radar,5,10,36,0,51,0,3,15,0,18,5,13,51,0,69,24,0,24,93
02/13/2021,TOL,OH,AGL,CE,Combined TRACON& Tower with Radar,3,8,5,2,18,0,4,1,0,5,3,12,6,2,23,0,0,0,23
02/14/2021,TOL,OH,AGL,CE,Combined TRACON& Tower with Radar,2,4,10,0,16,0,1,16,0,17,2,5,26,0,33,0,0,0,33
02/15/2021,TOL,OH,AGL,CE,Combined TRACON& Tower with Radar,4,5,8,0,17,0,0,0,0,0,4,5,8,0,17,0,0,0,17
02/16/2021,TOL,OH,AGL,CE,Combined TRACON& Tower with Radar,4,3,5,0,12,0,0,0,0,0,4,3,5,0,12,0,0,0,12
02/17/2021,TOL,OH,AGL,CE,Combined TRACON& Tower with Radar,4,3,16,5,28,0,3,20,0,23,4,6,36,5,51,8,8,16,67
02/18/2021,TOL,OH,AGL,CE,Combined TRACON& Tower with Radar,7,11,5,0,23,0,0,0,0,0,7,11,5,0,23,0,0,0,23
02/19/2021,TOL,OH,AGL,CE,Combined TRACON& Tower with Radar,9,12,19,0,40,0,2,5,0,7,9,14,24,0,47,0,0,0,47
02/20/2021,TOL,OH,AGL,CE,Combined TRACON& Tower with Radar,12,16,12,0,40,0,0,24,0,24,12,16,36,0,64,0,0,0,64
02/21/2021,TOL,OH,AGL,CE,Combined TRACON& Tower with Radar,5,11,29,0,45,0,6,26,0,32,5,17,55,0,77,10,0,10,87
02/22/2021,TOL,OH,AGL,CE,Combined TRACON& Tower with Radar,10,6,13,8,37,0,3,2,0,5,10,9,15,8,42,6,4,10,52
02/23/2021,TOL,OH,AGL,CE,Combined TRACON& Tower with Radar,12,4,40,17,73,0,3,31,2,36,12,7,71,19,109,22,8,30,139
02/24/2021,TOL,OH,AGL,CE,Combined TRACON& Tower with Radar,7,4,27,11,49,0,2,33,1,36,7,6,60,12,85,14,12,26,111
02/25/2021,TOL,OH,AGL,CE,Combined TRACON& Tower with Radar,6,9,41,5,61,0,10,40,0,50,6,19,81,5,111,18,20,38,149
02/26/2021,TOL,OH,AGL,CE,Combined TRACON& Tower with Radar,10,10,42,0,62,0,10,31,0,41,10,20,73,0,103,8,0,8,111
02/27/2021,TOL,OH,AGL,CE,Combined TRACON& Tower with Radar,3,7,37,0,47,0,2,21,0,23,3,9,58,0,70,14,0,14,84
02/28/2021,TOL,OH,AGL,CE,Combined TRACON& Tower with Radar,3,7,19,0,29,0,1,10,0,11,3,8,29,0,40,8,0,8,48
03/01/2021,TOL,OH,AGL,CE,Combined TRACON& Tower with Radar,4,9,16,18,47,0,7,6,0,13,4,16,22,18,60,6,0,6,66
03/02/2021,TOL,OH,AGL,CE,Combined TRACON& Tower with Radar,9,15,36,16,76,0,8,24,0,32,9,23,60,16,108,18,14,32,140
03/03/2021,TOL,OH,AGL,CE,Combined TRACON& Tower with Radar,9,9,30,21,69,0,8,38,3,49,9,17,68,24,118,26,8,34,152
03/04/2021,TOL,OH,AGL,CE,Combined TRACON& Tower with Radar,8,12,30,11,61,0,2,11,0,13,8,14,41,11,74,0,0,0,74
03/05/2021,TOL,OH,AGL,CE,Combined TRACON& Tower with Radar,7,17,32,0,56,0,6,27,0,33,7,23,59,0,89,2,0,2,91
03/06/2021,TOL,OH,AGL,CE,Combined TRACON& Tower with Radar,11,9,16,16,52,0,3,22,1,26,11,12,38,17,78,14,8,22,100
03/07/2021,TOL,OH,AGL,CE,Combined TRACON& Tower with Radar,5,7,21,14,47,0,2,23,0,25,5,9,44,14,72,12,20,32,104
03/08/2021,TOL,OH,AGL,CE,Combined TRACON& Tower with Radar,7,9,14,0,30,0,3,19,0,22,7,12,33,0,52,12,0,12,64
03/09/2021,TOL,OH,AGL,CE,Combined TRACON& Tower with Radar,10,15,39,22,86,0,6,33,0,39,10,21,72,22,125,29,25,54,179
03/10/2021,TOL,OH,AGL,CE,Combined TRACON& Tower with Radar,8,4,21,22,55,0,8,7,0,15,8,12,28,22,70,29,45,74,144
03/11/2021,TOL,OH,AGL,CE,Combined TRACON& Tower with Radar,7,6,13,16,42,0,7,9,0,16,7,13,22,16,58,40,2,42,100
03/12/2021,TOL,OH,AGL,CE,Combined TRACON& Tower with Radar,5,9,26,1,41,0,5,30,0,35,5,14,56,1,76,56,0,56,132
03/13/2021,TOL,OH,AGL,CE,Combined TRACON& Tower with Radar,10,9,20,0,39,0,2,21,0,23,10,11,41,0,62,8,0,8,70
03/14/2021,TOL,OH,AGL,CE,Combined TRACON& Tower with Radar,3,7,16,0,26,0,4,24,0,28,3,11,40,0,54,0,0,0,54
03/15/2021,TOL,OH,AGL,CE,Combined TRACON& Tower with Radar,4,7,30,22,63,0,1,21,0,22,4,8,51,22,85,26,27,53,138
03/16/2021,TOL,OH,AGL,CE,Combined TRACON& Tower with Radar,7,6,34,14,61,0,0,11,0,11,7,6,45,14,72,0,0,0,72
03/17/2021,TOL,OH,AGL,CE,Combined TRACON& Tower with Radar,10,6,8,17,41,0,9,54,1,64,10,15,62,18,105,6,14,20,125
03/18/2021,TOL,OH,AGL,CE,Combined TRACON& Tower with Radar,7,9,7,6,29,0,0,0,0,0,7,9,7,6,29,0,4,4,33
03/19/2021,TOL,OH,AGL,CE,Combined TRACON& Tower with Radar,12,4,15,0,31,0,14,24,0,38,12,18,39,0,69,25,0,25,94
03/20/2021,TOL,OH,AGL,CE,Combined TRACON& Tower with Radar,13,10,24,0,47,0,7,49,0,56,13,17,73,0,103,2,0,2,105
03/21/2021,TOL,OH,AGL,CE,Combined TRACON& Tower with Radar,9,10,15,0,34,0,3,34,0,37,9,13,49,0,71,18,18,36,107
03/22/2021,TOL,OH,AGL,CE,Combined TRACON& Tower with Radar,10,8,15,20,53,0,8,25,0,33,10,16,40,20,86,10,8,18,104
03/23/2021,TOL,OH,AGL,CE,Combined TRACON& Tower with Radar,12,9,20,15,56,0,5,13,0,18,12,14,33,15,74,2,8,10,84
03/24/2021,TOL,OH,AGL,CE,Combined TRACON& Tower with Radar,14,9,19,18,60,0,7,9,0,16,14,16,28,18,76,0,32,32,108
03/25/2021,TOL,OH,AGL,CE,Combined TRACON& Tower with Radar,6,11,13,14,44,0,4,17,0,21,6,15,30,14,65,0,16,16,81
03/26/2021,TOL,OH,AGL,CE,Combined TRACON& Tower with Radar,8,10,23,2,43,0,1,4,0,5,8,11,27,2,48,0,8,8,56
03/27/2021,TOL,OH,AGL,CE,Combined TRACON& Tower with Radar,13,10,37,0,60,0,2,18,0,20,13,12,55,0,80,8,0,8,88
03/28/2021,TOL,OH,AGL,CE,Combined TRACON& Tower with Radar,8,13,8,0,29,0,0,3,0,3,8,13,11,0,32,0,0,0,32
03/29/2021,TOL,OH,AGL,CE,Combined TRACON& Tower with Radar,6,5,46,16,73,0,3,40,0,43,6,8,86,16,116,18,8,26,142
03/30/2021,TOL,OH,AGL,CE,Combined TRACON& Tower with Radar,10,9,11,14,44,0,6,21,0,27,10,15,32,14,71,8,0,8,79
03/31/2021,TOL,OH,AGL,CE,Combined TRACON& Tower with Radar,11,8,21,16,56,0,2,42,0,44,11,10,63,16,100,20,17,37,137
04/01/2021,TOL,OH,AGL,CE,Combined TRACON& Tower with Radar,7,16,21,12,56,0,0,11,0,11,7,16,32,12,67,71,2,73,140
04/02/2021,TOL,OH,AGL,CE,Combined TRACON& Tower with Radar,6,13,36,1,56,0,6,46,0,52,6,19,82,1,108,26,0,26,134
04/03/2021,TOL,OH,AGL,CE,Combined TRACON& Tower with Radar,8,5,10,1,24,0,2,15,0,17,8,7,25,1,41,6,0,6,47
04/04/2021,TOL,OH,AGL,CE,Combined TRACON& Tower with Radar,4,6,11,0,21,0,2,13,0,15,4,8,24,0,36,0,0,0,36
04/05/2021,TOL,OH,AGL,CE,Combined TRACON& Tower with Radar,6,5,9,17,37,0,3,16,2,21,6,8,25,19,58,64,6,70,128
04/06/2021,TOL,OH,AGL,CE,Combined TRACON& Tower with Radar,10,4,14,13,41,0,2,26,1,29,10,6,40,14,70,24,0,24,94
04/07/2021,TOL,OH,AGL,CE,Combined TRACON& Tower with Radar,14,10,24,17,65,0,9,30,3,42,14,19,54,20,107,38,22,60,167
04/08/2021,TOL,OH,AGL,CE,Combined TRACON& Tower with Radar,7,6,17,12,42,0,3,10,2,15,7,9,27,14,57,2,0,2,59
04/09/2021,TOL,OH,AGL,CE,Combined TRACON& Tower with Radar,8,11,10,0,29,0,3,13,1,17,8,14,23,1,46,8,6,14,60
04/10/2021,TOL,OH,AGL,CE,Combined TRACON& Tower with Radar,9,9,20,15,53,0,2,19,1,22,9,11,39,16,75,0,0,0,75
04/11/2021,TOL,OH,AGL,CE,Combined TRACON& Tower with Radar,3,7,11,12,33,0,2,5,4,11,3,9,16,16,44,2,0,2,46
04/12/2021,TOL,OH,AGL,CE,Combined TRACON& Tower with Radar,8,10,41,0,59,0,0,7,0,7,8,10,48,0,66,6,0,6,72
04/13/2021,TOL,OH,AGL,CE,Combined TRACON& Tower with Radar,4,10,23,22,59,0,4,32,1,37,4,14,55,23,96,22,8,30,126
04/14/2021,TOL,OH,AGL,CE,Combined TRACON& Tower with Radar,7,6,24,23,60,0,9,32,0,41,7,15,56,23,101,40,20,60,161
04/15/2021,TOL,OH,AGL,CE,Combined TRACON& Tower with Radar,6,8,11,14,39,0,3,27,1,31,6,11,38,15,70,24,2,26,96
04/16/2021,TOL,OH,AGL,CE,Combined TRACON& Tower with Radar,3,9,30,0,42,0,1,9,0,10,3,10,39,0,52,14,0,14,66
04/17/2021,TOL,OH,AGL,CE,Combined TRACON& Tower with Radar,4,5,25,4,38,0,1,30,0,31,4,6,55,4,69,0,0,0,69
04/18/2021,TOL,OH,AGL,CE,Combined TRACON& Tower with Radar,2,11,17,0,30,0,6,21,0,27,2,17,38,0,57,10,0,10,67
04/19/2021,TOL,OH,AGL,CE,Combined TRACON& Tower with Radar,3,9,12,15,39,0,3,15,1,19,3,12,27,16,58,6,26,32,90
04/20/2021,TOL,OH,AGL,CE,Combined TRACON& Tower with Radar,4,9,12,15,40,0,0,1,2,3,4,9,13,17,43,8,4,12,55
04/21/2021,TOL,OH,AGL,CE,Combined TRACON& Tower with Radar,5,7,15,17,44,0,0,18,0,18,5,7,33,17,62,42,23,65,127
04/22/2021,TOL,OH,AGL,CE,Combined TRACON& Tower with Radar,6,6,19,12,43,0,4,29,0,33,6,10,48,12,76,34,2,36,112
04/23/2021,TOL,OH,AGL,CE,Combined TRACON& Tower with Radar,4,11,21,0,36,0,4,12,1,17,4,15,33,1,53,6,0,6,59
04/24/2021,TOL,OH,AGL,CE,Combined TRACON& Tower with Radar,6,8,15,2,31,0,2,20,2,24,6,10,35,4,55,44,0,44,99
04/25/2021,TOL,OH,AGL,CE,Combined TRACON& Tower with Radar,4,7,26,0,37,0,3,17,0,20,4,10,43,0,57,0,0,0,57
04/26/2021,TOL,OH,AGL,CE,Combined TRACON& Tower with Radar,5,10,41,11,67,0,9,27,1,37,5,19,68,12,104,20,12,32,136
04/27/2021,TOL,OH,AGL,CE,Combined TRACON& Tower with Radar,3,15,17,18,53,0,9,30,1,40,3,24,47,19,93,16,2,18,111
04/28/2021,TOL,OH,AGL,CE,Combined TRACON& Tower with Radar,6,5,19,9,39,0,0,28,0,28,6,5,47,9,67,22,0,22,89
04/29/2021,TOL,OH,AGL,CE,Combined TRACON& Tower with Radar,9,15,8,4,36,0,2,0,2,4,9,17,8,6,40,2,0,2,42
04/30/2021,TOL,OH,AGL,CE,Combined TRACON& Tower with Radar,5,20,16,0,41,0,7,16,0,23,5,27,32,0,64,10,0,10,74
05/01/2021,TOL,OH,AGL,CE,Combined TRACON& Tower with Radar,6,5,15,0,26,0,11,11,0,22,6,16,26,0,48,0,0,0,48
05/02/2021,TOL,OH,AGL,CE,Combined TRACON& Tower with Radar,4,5,18,0,27,0,1,13,0,14,4,6,31,0,41,18,0,18,59
05/03/2021,TOL,OH,AGL,CE,Combined TRACON& Tower with Radar,4,7,23,0,34,0,2,3,0,5,4,9,26,0,39,0,0,0,39
05/04/2021,TOL,OH,AGL,CE,Combined TRACON& Tower with Radar,4,9,18,10,41,0,2,4,0,6,4,11,22,10,47,10,4,14,61
05/05/2021,TOL,OH,AGL,CE,Combined TRACON& Tower with Radar,7,17,18,12,54,0,2,34,0,36,7,19,52,12,90,38,8,46,136
05/06/2021,TOL,OH,AGL,CE,Combined TRACON& Tower with Radar,7,15,25,10,57,0,1,12,0,13,7,16,37,10,70,6,8,14,84
05/07/2021,TOL,OH,AGL,CE,Combined TRACON& Tower with Radar,5,10,26,0,41,0,6,15,0,21,5,16,41,0,62,2,0,2,64
05/08/2021,TOL,OH,AGL,CE,Combined TRACON& Tower with Radar,8,5,19,0,32,0,4,22,0,26,8,9,41,0,58,12,0,12,70
05/09/2021,TOL,OH,AGL,CE,Combined TRACON& Tower with Radar,5,7,4,0,16,0,0,0,0,0,5,7,4,0,16,0,0,0,16
05/10/2021,TOL,OH,AGL,CE,Combined TRACON& Tower with Radar,6,4,24,12,46,0,10,16,0,26,6,14,40,12,72,12,8,20,92
05/11/2021,TOL,OH,AGL,CE,Combined TRACON& Tower with Radar,5,15,29,10,59,0,8,19,2,29,5,23,48,12,88,39,28,67,155
05/12/2021,TOL,OH,AGL,CE,Combined TRACON& Tower with Radar,5,22,29,18,74,0,11,45,0,56,5,33,74,18,130,95,4,99,229
05/13/2021,TOL,OH,AGL,CE,Combined TRACON& Tower with Radar,8,7,29,7,51,0,3,27,1,31,8,10,56,8,82,18,6,24,106
05/14/2021,TOL,OH,AGL,CE,Combined TRACON& Tower with Radar,7,8,39,0,54,0,9,35,0,44,7,17,74,0,98,16,0,16,114
05/15/2021,TOL,OH,AGL,CE,Combined TRACON& Tower with Radar,7,11,19,13,50,0,7,11,0,18,7,18,30,13,68,0,4,4,72
05/16/2021,TOL,OH,AGL,CE,Combined TRACON& Tower with Radar,6,9,19,0,34,0,12,21,0,33,6,21,40,0,67,36,0,36,103
05/17/2021,TOL,OH,AGL,CE,Combined TRACON& Tower with Radar,6,6,24,17,53,0,7,13,0,20,6,13,37,17,73,6,16,22,95
05/18/2021,TOL,OH,AGL,CE,Combined TRACON& Tower with Radar,7,15,18,9,49,0,12,23,0,35,7,27,41,9,84,28,0,28,112
05/19/2021,TOL,OH,AGL,CE,Combined TRACON& Tower with Radar,8,16,44,13,81,0,11,35,0,46,8,27,79,13,127,79,8,87,214
05/20/2021,TOL,OH,AGL,CE,Combined TRACON& Tower with Radar,7,16,41,11,75,0,7,29,2,38,7,23,70,13,113,75,2,77,190
05/21/2021,TOL,OH,AGL,CE,Combined TRACON& Tower with Radar,6,9,24,0,39,0,6,20,0,26,6,15,44,0,65,4,0,4,69
05/22/2021,TOL,OH,AGL,CE,Combined TRACON& Tower with Radar,6,7,35,2,50,0,7,76,0,83,6,14,111,2,133,26,0,26,159
05/23/2021,TOL,OH,AGL,CE,Combined TRACON& Tower with Radar,6,7,22,0,35,0,1,68,0,69,6,8,90,0,104,38,0,38,142
05/24/2021,TOL,OH,AGL,CE,Combined TRACON& Tower with Radar,6,5,22,9,42,0,1,22,0,23,6,6,44,9,65,18,0,18,83
05/25/2021,TOL,OH,AGL,CE,Combined TRACON& Tower with Radar,5,8,35,7,55,0,18,16,0,34,5,26,51,7,89,40,16,56,145
05/26/2021,TOL,OH,AGL,CE,Combined TRACON& Tower with Radar,11,10,39,11,71,0,2,13,2,17,11,12,52,13,88,22,8,30,118
05/27/2021,TOL,OH,AGL,CE,Combined TRACON& Tower with Radar,8,9,33,6,56,0,4,24,0,28,8,13,57,6,84,12,6,18,102
05/28/2021,TOL,OH,AGL,CE,Combined TRACON& Tower with Radar,6,7,8,0,21,0,0,0,0,0,6,7,8,0,21,0,0,0,21
05/29/2021,TOL,OH,AGL,CE,Combined TRACON& Tower with Radar,8,7,17,0,32,0,8,5,0,13,8,15,22,0,45,0,0,0,45
05/30/2021,TOL,OH,AGL,CE,Combined TRACON& Tower with Radar,6,7,16,0,29,0,4,22,0,26,6,11,38,0,55,0,0,0,55
05/31/2021,TOL,OH,AGL,CE,Combined TRACON& Tower with Radar,6,6,22,2,36,0,2,21,2,25,6,8,43,4,61,8,4,12,73
06/01/2021,TOL,OH,AGL,CE,Combined TRACON& Tower with Radar,5,8,49,15,77,0,12,26,0,38,5,20,75,15,115,34,15,49,164
06/02/2021,TOL,OH,AGL,CE,Combined TRACON& Tower with Radar,9,8,42,7,66,0,2,1,0,3,9,10,43,7,69,0,0,0,69
06/03/2021,TOL,OH,AGL,CE,Combined TRACON& Tower with Radar,8,12,28,7,55,0,9,15,0,24,8,21,43,7,79,8,0,8,87
06/04/2021,TOL,OH,AGL,CE,Combined TRACON& Tower with Radar,13,13,35,1,62,0,11,31,0,42,13,24,66,1,104,18,0,18,122
06/05/2021,TOL,OH,AGL,CE,Combined TRACON& Tower with Radar,11,16,22,15,64,0,11,25,0,36,11,27,47,15,100,16,7,23,123
06/06/2021,TOL,OH,AGL,CE,Combined TRACON& Tower with Radar,9,8,16,4,37,0,7,17,0,24,9,15,33,4,61,52,0,52,113
06/07/2021,TOL,OH,AGL,CE,Combined TRACON& Tower with Radar,22,8,30,1,61,0,1,7,0,8,22,9,37,1,69,0,0,0,69
06/08/2021,TOL,OH,AGL,CE,Combined TRACON& Tower with Radar,13,7,34,11,65,0,0,10,0,10,13,7,44,11,75,2,22,24,99
06/09/2021,TOL,OH,AGL,CE,Combined TRACON& Tower with Radar,21,14,35,12,82,0,2,5,1,8,21,16,40,13,90,6,2,8,98
06/10/2021,TOL,OH,AGL,CE,Combined TRACON& Tower with Radar,26,13,39,7,85,0,4,24,0,28,26,17,63,7,113,38,20,58,171
06/11/2021,TOL,OH,AGL,CE,Combined TRACON& Tower with Radar,14,11,14,0,39,0,5,12,0,17,14,16,26,0,56,14,0,14,70
06/12/2021,TOL,OH,AGL,CE,Combined TRACON& Tower with Radar,16,11,21,0,48,0,4,14,0,18,16,15,35,0,66,2,0,2,68
06/13/2021,TOL,OH,AGL,CE,Combined TRACON& Tower with Radar,8,7,17,7,39,0,9,23,2,34,8,16,40,9,73,12,6,18,91
06/14/2021,TOL,OH,AGL,CE,Combined TRACON& Tower with Radar,16,10,24,11,61,0,6,23,0,29,16,16,47,11,90,8,0,8,98
06/15/2021,TOL,OH,AGL,CE,Combined TRACON& Tower with Radar,15,9,31,14,69,0,6,27,0,33,15,15,58,14,102,26,6,32,134
06/16/2021,TOL,OH,AGL,CE,Combined TRACON& Tower with Radar,19,12,40,25,96,0,4,50,0,54,19,16,90,25,150,34,26,60,210
06/17/2021,TOL,OH,AGL,CE,Combined TRACON& Tower with Radar,20,12,44,6,82,0,8,45,0,53,20,20,89,6,135,97,0,97,232
06/18/2021,TOL,OH,AGL,CE,Combined TRACON& Tower with Radar,13,16,13,0,42,0,7,7,0,14,13,23,20,0,56,0,0,0,56
06/19/2021,TOL,OH,AGL,CE,Combined TRACON& Tower with Radar,14,12,11,0,37,0,1,5,0,6,14,13,16,0,43,0,0,0,43
06/20/2021,TOL,OH,AGL,CE,Combined TRACON& Tower with Radar,8,9,19,0,36,0,1,6,0,7,8,10,25,0,43,0,0,0,43
06/21/2021,TOL,OH,AGL,CE,Combined TRACON& Tower with Radar,9,11,34,9,63,0,5,4,0,9,9,16,38,9,72,14,0,14,86
06/22/2021,TOL,OH,AGL,CE,Combined TRACON& Tower with Radar,17,20,22,14,73,0,10,39,0,49,17,30,61,14,122,22,0,22,144
06/23/2021,TOL,OH,AGL,CE,Combined TRACON& Tower with Radar,11,20,35,18,84,0,6,28,4,38,11,26,63,22,122,68,26,94,216
06/24/2021,TOL,OH,AGL,CE,Combined TRACON& Tower with Radar,15,17,24,1,57,0,7,51,0,58,15,24,75,1,115,31,0,31,146
06/25/2021,TOL,OH,AGL,CE,Combined TRACON& Tower with Radar,13,16,9,0,38,0,2,1,0,3,13,18,10,0,41,0,0,0,41
06/26/2021,TOL,OH,AGL,CE,Combined TRACON& Tower with Radar,9,8,14,4,35,0,1,10,0,11,9,9,24,4,46,4,4,8,54
06/27/2021,TOL,OH,AGL,CE,Combined TRACON& Tower with Radar,7,12,11,0,30,0,2,11,0,13,7,14,22,0,43,6,0,6,49
06/28/2021,TOL,OH,AGL,CE,Combined TRACON& Tower with Radar,12,10,23,9,54,0,7,14,1,22,12,17,37,10,76,14,15,29,105
06/29/2021,TOL,OH,AGL,CE,Combined TRACON& Tower with Radar,15,16,47,8,86,0,0,17,0,17,15,16,64,8,103,10,0,10,113
06/30/2021,TOL,OH,AGL,CE,Combined TRACON& Tower with Radar,12,9,34,6,61,0,2,8,0,10,12,11,42,6,71,4,8,12,83
07/01/2021,TOL,OH,AGL,CE,Combined TRACON& Tower with Radar,13,13,45,11,82,0,2,26,0,28,13,15,71,11,110,16,0,16,126
07/02/2021,TOL,OH,AGL,CE,Combined TRACON& Tower with Radar,12,23,26,0,61,0,2,13,0,15,12,25,39,0,76,0,0,0,76
07/03/2021,TOL,OH,AGL,CE,Combined TRACON& Tower with Radar,8,14,15,0,37,0,4,24,0,28,8,18,39,0,65,12,0,12,77
07/04/2021,TOL,OH,AGL,CE,Combined TRACON& Tower with Radar,4,10,10,0,24,0,0,20,0,20,4,10,30,0,44,0,0,0,44
07/05/2021,TOL,OH,AGL,CE,Combined TRACON& Tower with Radar,3,11,10,0,24,0,4,21,0,25,3,15,31,0,49,20,0,20,69
07/06/2021,TOL,OH,AGL,CE,Combined TRACON& Tower with Radar,7,18,41,12,78,0,20,38,3,61,7,38,79,15,139,0,0,0,139
07/07/2021,TOL,OH,AGL,CE,Combined TRACON& Tower with Radar,13,18,24,9,64,0,0,13,0,13,13,18,37,9,77,12,0,12,89
07/08/2021,TOL,OH,AGL,CE,Combined TRACON& Tower with Radar,15,15,41,6,77,0,2,3,0,5,15,17,44,6,82,2,0,2,84
07/09/2021,TOL,OH,AGL,CE,Combined TRACON& Tower with Radar,17,11,57,4,89,0,3,31,0,34,17,14,88,4,123,14,0,14,137
07/10/2021,TOL,OH,AGL,CE,Combined TRACON& Tower with Radar,9,11,20,1,41,0,19,21,0,40,9,30,41,1,81,15,0,15,96
07/11/2021,TOL,OH,AGL,CE,Combined TRACON& Tower with Radar,8,10,20,0,38,0,0,0,0,0,8,10,20,0,38,0,0,0,38
07/12/2021,TOL,OH,AGL,CE,Combined TRACON& Tower with Radar,9,20,18,4,51,0,1,1,0,2,9,21,19,4,53,4,0,4,57
07/13/2021,TOL,OH,AGL,CE,Combined TRACON& Tower with Radar,11,18,22,2,53,0,0,0,0,0,11,18,22,2,53,0,0,0,53
07/14/2021,TOL,OH,AGL,CE,Combined TRACON& Tower with Radar,7,10,56,8,81,0,6,17,0,23,7,16,73,8,104,0,0,0,104
07/15/2021,TOL,OH,AGL,CE,Combined TRACON& Tower with Radar,8,16,28,4,56,0,7,26,0,33,8,23,54,4,89,30,0,30,119
07/16/2021,TOL,OH,AGL,CE,Combined TRACON& Tower with Radar,8,13,13,2,36,0,0,1,0,1,8,13,14,2,37,6,0,6,43
07/17/2021,TOL,OH,AGL,CE,Combined TRACON& Tower with Radar,8,13,16,3,40,0,2,25,0,27,8,15,41,3,67,2,0,2,69
07/18/2021,TOL,OH,AGL,CE,Combined TRACON& Tower with Radar,6,13,23,0,42,0,6,38,0,44,6,19,61,0,86,22,0,22,108
07/19/2021,TOL,OH,AGL,CE,Combined TRACON& Tower with Radar,8,12,31,13,64,0,5,24,0,29,8,17,55,13,93,36,6,42,135
07/20/2021,TOL,OH,AGL,CE,Combined TRACON& Tower with Radar,8,22,24,8,62,0,10,19,0,29,8,32,43,8,91,10,4,14,105
07/21/2021,TOL,OH,AGL,CE,Combined TRACON& Tower with Radar,13,16,45,10,84,0,7,31,2,40,13,23,76,12,124,20,12,32,156
07/22/2021,TOL,OH,AGL,CE,Combined TRACON& Tower with Radar,12,20,31,5,68,0,15,33,0,48,12,35,64,5,116,24,0,24,140
07/23/2021,TOL,OH,AGL,CE,Combined TRACON& Tower with Radar,9,10,17,0,36,0,4,17,0,21,9,14,34,0,57,9,0,9,66
07/24/2021,TOL,OH,AGL,CE,Combined TRACON& Tower with Radar,8,8,20,0,36,0,6,6,0,12,8,14,26,0,48,0,0,0,48
07/25/2021,TOL,OH,AGL,CE,Combined TRACON& Tower with Radar,6,11,19,0,36,0,3,16,0,19,6,14,35,0,55,0,0,0,55
07/26/2021,TOL,OH,AGL,CE,Combined TRACON& Tower with Radar,6,14,26,12,58,0,11,29,0,40,6,25,55,12,98,8,4,12,110
07/27/2021,TOL,OH,AGL,CE,Combined TRACON& Tower with Radar,8,14,21,7,50,0,12,32,1,45,8,26,53,8,95,20,0,20,115
07/28/2021,TOL,OH,AGL,CE,Combined TRACON& Tower with Radar,11,16,27,18,72,0,11,18,0,29,11,27,45,18,101,28,3,31,132
07/29/2021,TOL,OH,AGL,CE,Combined TRACON& Tower with Radar,10,10,25,0,45,0,1,14,0,15,10,11,39,0,60,7,0,7,67
07/30/2021,TOL,OH,AGL,CE,Combined TRACON& Tower with Radar,13,20,20,0,53,0,7,34,2,43,13,27,54,2,96,0,0,0,96
07/31/2021,TOL,OH,AGL,CE,Combined TRACON& Tower with Radar,7,11,11,4,33,0,6,28,0,34,7,17,39,4,67,0,0,0,67
08/01/2021,TOL,OH,AGL,CE,Combined TRACON& Tower with Radar,5,12,17,0,34,0,3,11,0,14,5,15,28,0,48,10,0,10,58
08/02/2021,TOL,OH,AGL,CE,Combined TRACON& Tower with Radar,13,14,31,12,70,0,6,27,0,33,13,20,58,12,103,10,2,12,115
08/03/2021,TOL,OH,AGL,CE,Combined TRACON& Tower with Radar,19,16,36,9,80,0,10,20,5,35,19,26,56,14,115,5,0,5,120
08/04/2021,TOL,OH,AGL,CE,Combined TRACON& Tower with Radar,16,18,35,12,81,0,9,35,0,44,16,27,70,12,125,22,8,30,155
08/05/2021,TOL,OH,AGL,CE,Combined TRACON& Tower with Radar,17,21,26,9,73,0,8,49,5,62,17,29,75,14,135,46,2,48,183
08/06/2021,TOL,OH,AGL,CE,Combined TRACON& Tower with Radar,22,23,21,2,68,0,6,22,0,28,22,29,43,2,96,2,0,2,98
08/07/2021,TOL,OH,AGL,CE,Combined TRACON& Tower with Radar,11,13,17,7,48,0,0,22,1,23,11,13,39,8,71,18,10,28,99
08/08/2021,TOL,OH,AGL,CE,Combined TRACON& Tower with Radar,9,10,28,11,58,0,5,19,2,26,9,15,47,13,84,2,8,10,94
08/09/2021,TOL,OH,AGL,CE,Combined TRACON& Tower with Radar,13,8,30,10,61,0,5,7,0,12,13,13,37,10,73,10,8,18,91
08/10/2021,TOL,OH,AGL,CE,Combined TRACON& Tower with Radar,12,20,34,12,78,0,4,11,0,15,12,24,45,12,93,38,4,42,135
08/11/2021,TOL,OH,AGL,CE,Combined TRACON& Tower with Radar,13,16,22,8,59,0,3,15,0,18,13,19,37,8,77,33,10,43,120
08/12/2021,TOL,OH,AGL,CE,Combined TRACON& Tower with Radar,16,15,41,12,84,0,5,13,0,18,16,20,54,12,102,14,0,14,116
08/13/2021,TOL,OH,AGL,CE,Combined TRACON& Tower with Radar,11,10,12,0,33,0,1,10,0,11,11,11,22,0,44,16,0,16,60
08/14/2021,TOL,OH,AGL,CE,Combined TRACON& Tower with Radar,12,14,16,0,42,0,7,24,0,31,12,21,40,0,73,8,0,8,81
08/15/2021,TOL,OH,AGL,CE,Combined TRACON& Tower with Radar,13,10,27,0,50,0,6,18,0,24,13,16,45,0,74,0,0,0,74
08/16/2021,TOL,OH,AGL,CE,Combined TRACON& Tower with Radar,9,16,43,11,79,0,3,11,0,14,9,19,54,11,93,2,0,2,95
08/17/2021,TOL,OH,AGL,CE,Combined TRACON& Tower with Radar,14,28,29,10,81,0,4,12,0,16,14,32,41,10,97,46,0,46,143
08/18/2021,TOL,OH,AGL,CE,Combined TRACON& Tower with Radar,14,15,35,12,76,0,12,24,0,36,14,27,59,12,112,8,0,8,120
08/19/2021,TOL,OH,AGL,CE,Combined TRACON& Tower with Radar,13,27,43,11,94,0,2,49,0,51,13,29,92,11,145,12,2,14,159
08/20/2021,TOL,OH,AGL,CE,Combined TRACON& Tower with Radar,9,17,29,1,56,0,4,32,0,36,9,21,61,1,92,31,0,31,123
08/21/2021,TOL,OH,AGL,CE,Combined TRACON& Tower with Radar,7,11,25,0,43,0,2,18,0,20,7,13,43,0,63,28,0,28,91
08/22/2021,TOL,OH,AGL,CE,Combined TRACON& Tower with Radar,13,10,37,0,60,0,5,23,0,28,13,15,60,0,88,8,0,8,96
08/23/2021,TOL,OH,AGL,CE,Combined TRACON& Tower with Radar,6,11,32,9,58,0,4,18,0,22,6,15,50,9,80,52,6,58,138
08/24/2021,TOL,OH,AGL,CE,Combined TRACON& Tower with Radar,17,21,41,12,91,0,7,25,0,32,17,28,66,12,123,25,0,25,148
08/25/2021,TOL,OH,AGL,CE,Combined TRACON& Tower with Radar,11,17,39,12,79,0,1,24,0,25,11,18,63,12,104,16,0,16,120
08/26/2021,TOL,OH,AGL,CE,Combined TRACON& Tower with Radar,14,20,33,12,79,0,4,16,0,20,14,24,49,12,99,14,0,14,113
08/27/2021,TOL,OH,AGL,CE,Combined TRACON& Tower with Radar,14,16,44,2,76,0,6,16,0,22,14,22,60,2,98,6,0,6,104
08/28/2021,TOL,OH,AGL,CE,Combined TRACON& Tower with Radar,13,14,15,2,44,0,1,8,1,10,13,15,23,3,54,4,0,4,58
08/29/2021,TOL,OH,AGL,CE,Combined TRACON& Tower with Radar,11,11,16,0,38,0,5,28,0,33,11,16,44,0,71,0,0,0,71
08/30/2021,TOL,OH,AGL,CE,Combined TRACON& Tower with Radar,13,16,40,5,74,0,2,19,0,21,13,18,59,5,95,28,0,28,123
08/31/2021,TOL,OH,AGL,CE,Combined TRACON& Tower with Radar,15,21,36,15,87,0,9,26,2,37,15,30,62,17,124,2,0,2,126
09/01/2021,TOL,OH,AGL,CE,Combined TRACON& Tower with Radar,16,19,16,9,60,0,4,20,1,25,16,23,36,10,85,6,0,6,91
09/02/2021,TOL,OH,AGL,CE,Combined TRACON& Tower with Radar,17,24,56,10,107,0,13,38,1,52,17,37,94,11,159,14,4,18,177
09/03/2021,TOL,OH,AGL,CE,Combined TRACON& Tower with Radar,16,23,25,0,64,0,11,37,3,51,16,34,62,3,115,22,0,22,137
09/04/2021,TOL,OH,AGL,CE,Combined TRACON& Tower with Radar,11,14,20,0,45,0,8,15,0,23,11,22,35,0,68,10,0,10,78
09/05/2021,TOL,OH,AGL,CE,Combined TRACON& Tower with Radar,9,14,9,0,32,0,2,11,0,13,9,16,20,0,45,4,0,4,49
09/06/2021,TOL,OH,AGL,CE,Combined TRACON& Tower with Radar,13,13,25,0,51,0,4,28,0,32,13,17,53,0,83,4,0,4,87
09/07/2021,TOL,OH,AGL,CE,Combined TRACON& Tower with Radar,15,10,22,8,55,0,4,17,2,23,15,14,39,10,78,14,0,14,92
09/08/2021,TOL,OH,AGL,CE,Combined TRACON& Tower with Radar,7,15,39,11,72,0,6,28,2,36,7,21,67,13,108,2,0,2,110
09/09/2021,TOL,OH,AGL,CE,Combined TRACON& Tower with Radar,12,19,34,15,80,0,15,27,1,43,12,34,61,16,123,70,16,86,209
09/10/2021,TOL,OH,AGL,CE,Combined TRACON& Tower with Radar,13,13,33,0,59,0,11,47,2,60,13,24,80,2,119,30,0,30,149
09/11/2021,TOL,OH,AGL,CE,Combined TRACON& Tower with Radar,10,20,18,0,48,0,5,12,6,23,10,25,30,6,71,12,36,48,119
09/12/2021,TOL,OH,AGL,CE,Combined TRACON& Tower with Radar,7,20,24,8,59,0,9,27,0,36,7,29,51,8,95,28,0,28,123
09/13/2021,TOL,OH,AGL,CE,Combined TRACON& Tower with Radar,7,15,21,10,53,0,3,24,0,27,7,18,45,10,80,18,6,24,104
09/14/2021,TOL,OH,AGL,CE,Combined TRACON& Tower with Radar,9,15,18,4,46,0,5,11,0,16,9,20,29,4,62,18,0,18,80
09/15/2021,TOL,OH,AGL,CE,Combined TRACON& Tower with Radar,10,21,27,6,64,0,5,28,1,34,10,26,55,7,98,10,0,10,108
09/16/2021,TOL,OH,AGL,CE,Combined TRACON& Tower with Radar,13,17,43,14,87,0,6,51,6,63,13,23,94,20,150,64,22,86,236
09/17/2021,TOL,OH,AGL,CE,Combined TRACON& Tower with Radar,5,23,32,0,60,0,7,30,0,37,5,30,62,0,97,10,0,10,107
09/18/2021,TOL,OH,AGL,CE,Combined TRACON& Tower with Radar,9,17,15,0,41,0,4,20,0,24,9,21,35,0,65,16,0,16,81
09/19/2021,TOL,OH,AGL,CE,Combined TRACON& Tower with Radar,9,9,31,0,49,0,8,15,0,23,9,17,46,0,72,8,0,8,80
09/20/2021,TOL,OH,AGL,CE,Combined TRACON& Tower with Radar,11,15,21,27,74,0,3,8,2,13,11,18,29,29,87,4,70,74,161
09/21/2021,TOL,OH,AGL,CE,Combined TRACON& Tower with Radar,17,10,32,6,65,0,9,1,2,12,17,19,33,8,77,0,0,0,77
09/22/2021,TOL,OH,AGL,CE,Combined TRACON& Tower with Radar,10,19,14,1,44,0,0,0,0,0,10,19,14,1,44,0,0,0,44
09/23/2021,TOL,OH,AGL,CE,Combined TRACON& Tower with Radar,11,13,31,0,55,0,1,2,0,3,11,14,33,0,58,12,0,12,70
09/24/2021,TOL,OH,AGL,CE,Combined TRACON& Tower with Radar,17,25,37,0,79,0,8,36,0,44,17,33,73,0,123,0,0,0,123
09/25/2021,TOL,OH,AGL,CE,Combined TRACON& Tower with Radar,17,16,25,0,58,0,5,15,0,20,17,21,40,0,78,16,0,16,94
09/26/2021,TOL,OH,AGL,CE,Combined TRACON& Tower with Radar,7,12,26,0,45,0,4,38,0,42,7,16,64,0,87,36,0,36,123
09/27/2021,TOL,OH,AGL,CE,Combined TRACON& Tower with Radar,12,27,31,0,70,0,3,16,0,19,12,30,47,0,89,14,0,14,103
09/28/2021,TOL,OH,AGL,CE,Combined TRACON& Tower with Radar,11,24,50,0,85,0,7,30,0,37,11,31,80,0,122,66,0,66,188
09/29/2021,TOL,OH,AGL,CE,Combined TRACON& Tower with Radar,12,16,29,0,57,0,12,42,0,54,12,28,71,0,111,22,0,22,133
09/30/2021,TOL,OH,AGL,CE,Combined TRACON& Tower with Radar,11,19,45,0,75,0,3,53,0,56,11,22,98,0,131,42,0,42,173
10/01/2021,TOL,OH,AGL,CE,Combined TRACON& Tower with Radar,17,15,29,0,61,0,9,33,0,42,17,24,62,0,103,12,0,12,115
10/02/2021,TOL,OH,AGL,CE,Combined TRACON& Tower with Radar,7,13,18,9,47,0,1,16,2,19,7,14,34,11,66,4,14,18,84
10/03/2021,TOL,OH,AGL,CE,Combined TRACON& Tower with Radar,7,13,30,5,55,0,0,9,0,9,7,13,39,5,64,0,0,0,64
10/04/2021,TOL,OH,AGL,CE,Combined TRACON& Tower with Radar,10,16,36,4,66,0,0,0,0,0,10,16,36,4,66,0,0,0,66
10/05/2021,TOL,OH,AGL,CE,Combined TRACON& Tower with Radar,15,10,54,5,84,0,3,4,1,8,15,13,58,6,92,2,0,2,94
10/06/2021,TOL,OH,AGL,CE,Combined TRACON& Tower with Radar,17,14,48,15,94,0,0,0,2,2,17,14,48,17,96,4,0,4,100
10/07/2021,TOL,OH,AGL,CE,Combined TRACON& Tower with Radar,21,16,33,6,76,0,2,17,0,19,21,18,50,6,95,10,2,12,107
10/08/2021,TOL,OH,AGL,CE,Combined TRACON& Tower with Radar,18,11,15,0,44,0,0,4,0,4,18,11,19,0,48,0,0,0,48
10/09/2021,TOL,OH,AGL,CE,Combined TRACON& Tower with Radar,11,7,16,6,40,0,0,19,0,19,11,7,35,6,59,18,0,18,77
10/10/2021,TOL,OH,AGL,CE,Combined TRACON& Tower with Radar,9,11,18,0,38,0,4,15,0,19,9,15,33,0,57,10,0,10,67
10/11/2021,TOL,OH,AGL,CE,Combined TRACON& Tower with Radar,14,12,41,0,67,0,6,36,0,42,14,18,77,0,109,20,0,20,129
10/12/2021,TOL,OH,AGL,CE,Combined TRACON& Tower with Radar,16,17,31,11,75,0,3,8,0,11,16,20,39,11,86,0,0,0,86
10/13/2021,TOL,OH,AGL,CE,Combined TRACON& Tower with Radar,17,20,47,10,94,0,5,28,0,33,17,25,75,10,127,30,2,32,159
10/14/2021,TOL,OH,AGL,CE,Combined TRACON& Tower with Radar,15,22,22,8,67,0,3,24,0,27,15,25,46,8,94,24,2,26,120
10/15/2021,TOL,OH,AGL,CE,Combined TRACON& Tower with Radar,17,10,24,2,53,0,0,1,0,1,17,10,25,2,54,0,0,0,54
10/16/2021,TOL,OH,AGL,CE,Combined TRACON& Tower with Radar,13,10,16,0,39,0,2,13,0,15,13,12,29,0,54,0,0,0,54
10/17/2021,TOL,OH,AGL,CE,Combined TRACON& Tower with Radar,14,11,28,0,53,0,2,32,0,34,14,13,60,0,87,33,0,33,120
10/18/2021,TOL,OH,AGL,CE,Combined TRACON& Tower with Radar,10,15,29,16,70,0,11,29,1,41,10,26,58,17,111,18,4,22,133
10/19/2021,TOL,OH,AGL,CE,Combined TRACON& Tower with Radar,17,24,29,8,78,0,11,45,0,56,17,35,74,8,134,80,12,92,226
10/20/2021,TOL,OH,AGL,CE,Combined TRACON& Tower with Radar,17,13,37,18,85,0,3,28,1,32,17,16,65,19,117,38,11,49,166
10/21/2021,TOL,OH,AGL,CE,Combined TRACON& Tower with Radar,17,18,20,16,71,0,2,18,0,20,17,20,38,16,91,22,17,39,130
10/22/2021,TOL,OH,AGL,CE,Combined TRACON& Tower with Radar,15,16,21,2,54,0,3,31,0,34,15,19,52,2,88,6,0,6,94
10/23/2021,TOL,OH,AGL,CE,Combined TRACON& Tower with Radar,10,15,21,0,46,0,4,16,0,20,10,19,37,0,66,2,0,2,68
10/24/2021,TOL,OH,AGL,CE,Combined TRACON& Tower with Radar,11,10,22,0,43,0,1,3,0,4,11,11,25,0,47,0,0,0,47
10/25/2021,TOL,OH,AGL,CE,Combined TRACON& Tower with Radar,13,11,15,0,39,0,0,0,0,0,13,11,15,0,39,0,0,0,39
10/26/2021,TOL,OH,AGL,CE,Combined TRACON& Tower with Radar,19,12,37,10,78,0,6,24,0,30,19,18,61,10,108,42,0,42,150
10/27/2021,TOL,OH,AGL,CE,Combined TRACON& Tower with Radar,16,11,35,8,70,0,4,1,0,5,16,15,36,8,75,6,0,6,81
10/28/2021,TOL,OH,AGL,CE,Combined TRACON& Tower with Radar,19,22,25,9,75,0,5,5,3,13,19,27,30,12,88,2,0,2,90
10/29/2021,TOL,OH,AGL,CE,Combined TRACON& Tower with Radar,15,12,22,0,49,0,0,0,0,0,15,12,22,0,49,0,0,0,49
10/30/2021,TOL,OH,AGL,CE,Combined TRACON& Tower with Radar,9,10,7,5,31,0,0,2,0,2,9,10,9,5,33,0,0,0,33
10/31/2021,TOL,OH,AGL,CE,Combined TRACON& Tower with Radar,12,9,27,0,48,0,4,19,0,23,12,13,46,0,71,28,0,28,99
11/01/2021,TOL,OH,AGL,CE,Combined TRACON& Tower with Radar,12,17,38,12,79,0,12,37,1,50,12,29,75,13,129,36,0,36,165
11/02/2021,TOL,OH,AGL,CE,Combined TRACON& Tower with Radar,12,10,24,20,66,0,4,9,2,15,12,14,33,22,81,0,16,16,97
11/03/2021,TOL,OH,AGL,CE,Combined TRACON& Tower with Radar,8,22,26,28,84,0,2,24,0,26,8,24,50,28,110,22,30,52,162
11/04/2021,TOL,OH,AGL,CE,Combined TRACON& Tower with Radar,15,24,36,16,91,0,5,41,0,46,15,29,77,16,137,36,16,52,189
11/05/2021,TOL,OH,AGL,CE,Combined TRACON& Tower with Radar,19,28,27,12,86,0,8,32,0,40,19,36,59,12,126,0,0,0,126
11/06/2021,TOL,OH,AGL,CE,Combined TRACON& Tower with Radar,18,11,23,11,63,0,10,30,0,40,18,21,53,11,103,20,14,34,137
11/07/2021,TOL,OH,AGL,CE,Combined TRACON& Tower with Radar,15,17,20,19,71,0,3,32,0,35,15,20,52,19,106,20,28,48,154
11/08/2021,TOL,OH,AGL,CE,Combined TRACON& Tower with Radar,13,21,29,16,79,0,9,27,0,36,13,30,56,16,115,40,20,60,175
11/09/2021,TOL,OH,AGL,CE,Combined TRACON& Tower with Radar,21,21,33,15,90,0,7,20,0,27,21,28,53,15,117,18,2,20,137
11/10/2021,TOL,OH,AGL,CE,Combined TRACON& Tower with Radar,18,19,47,23,107,0,0,11,0,11,18,19,58,23,118,4,8,12,130
11/11/2021,TOL,OH,AGL,CE,Combined TRACON& Tower with Radar,15,19,16,0,50,0,3,0,0,3,15,22,16,0,53,0,0,0,53
11/12/2021,TOL,OH,AGL,CE,Combined TRACON& Tower with Radar,8,22,18,0,48,0,4,10,0,14,8,26,28,0,62,0,0,0,62
11/13/2021,TOL,OH,AGL,CE,Combined TRACON& Tower with Radar,11,6,5,0,22,0,0,2,0,2,11,6,7,0,24,0,0,0,24
11/14/2021,TOL,OH,AGL,CE,Combined TRACON& Tower with Radar,8,8,18,2,36,0,1,2,0,3,8,9,20,2,39,0,0,0,39
11/15/2021,TOL,OH,AGL,CE,Combined TRACON& Tower with Radar,13,15,27,16,71,0,3,12,0,15,13,18,39,16,86,10,6,16,102
11/16/2021,TOL,OH,AGL,CE,Combined TRACON& Tower with Radar,11,10,36,14,71,0,6,22,2,30,11,16,58,16,101,16,12,28,129
11/17/2021,TOL,OH,AGL,CE,Combined TRACON& Tower with Radar,24,12,18,15,69,0,3,4,0,7,24,15,22,15,76,0,0,0,76
11/18/2021,TOL,OH,AGL,CE,Combined TRACON& Tower with Radar,21,20,31,8,80,0,2,10,1,13,21,22,41,9,93,26,0,26,119
11/19/2021,TOL,OH,AGL,CE,Combined TRACON& Tower with Radar,20,17,31,0,68,0,9,30,1,40,20,26,61,1,108,11,0,11,119
11/20/2021,TOL,OH,AGL,CE,Combined TRACON& Tower with Radar,14,21,12,0,47,0,5,19,0,24,14,26,31,0,71,4,12,16,87
11/21/2021,TOL,OH,AGL,CE,Combined TRACON& Tower with Radar,12,18,13,0,43,0,3,1,0,4,12,21,14,0,47,8,0,8,55
11/22/2021,TOL,OH,AGL,CE,Combined TRACON& Tower with Radar,14,15,24,22,75,0,4,31,0,35,14,19,55,22,110,42,4,46,156
11/23/2021,TOL,OH,AGL,CE,Combined TRACON& Tower with Radar,21,23,31,26,101,0,4,42,0,46,21,27,73,26,147,8,4,12,159
11/24/2021,TOL,OH,AGL,CE,Combined TRACON& Tower with Radar,20,20,18,10,68,0,1,22,2,25,20,21,40,12,93,2,18,20,113
11/25/2021,TOL,OH,AGL,CE,Combined TRACON& Tower with Radar,8,10,1,0,19,0,0,0,0,0,8,10,1,0,19,0,0,0,19
11/26/2021,TOL,OH,AGL,CE,Combined TRACON& Tower with Radar,3,6,17,0,26,0,8,14,0,22,3,14,31,0,48,0,0,0,48
11/27/2021,TOL,OH,AGL,CE,Combined TRACON& Tower with Radar,12,12,13,1,38,0,3,9,1,13,12,15,22,2,51,6,0,6,57
11/28/2021,TOL,OH,AGL,CE,Combined TRACON& Tower with Radar,17,11,18,0,46,0,1,10,0,11,17,12,28,0,57,0,0,0,57
11/29/2021,TOL,OH,AGL,CE,Combined TRACON& Tower with Radar,14,12,40,18,84,0,4,23,0,27,14,16,63,18,111,8,10,18,129
11/30/2021,TOL,OH,AGL,CE,Combined TRACON& Tower with Radar,18,15,41,9,83,0,5,20,0,25,18,20,61,9,108,6,0,6,114
12/01/2021,TOL,OH,AGL,CE,Combined TRACON& Tower with Radar,15,11,22,11,59,0,3,12,0,15,15,14,34,11,74,4,10,14,88
12/02/2021,TOL,OH,AGL,CE,Combined TRACON& Tower with Radar,24,12,31,11,78,0,8,32,0,40,24,20,63,11,118,98,0,98,216
12/03/2021,TOL,OH,AGL,CE,Combined TRACON& Tower with Radar,22,11,14,0,47,0,1,1,0,2,22,12,15,0,49,0,0,0,49
12/04/2021,TOL,OH,AGL,CE,Combined TRACON& Tower with Radar,12,16,19,12,59,0,0,12,0,12,12,16,31,12,71,0,26,26,97
12/05/2021,TOL,OH,AGL,CE,Combined TRACON& Tower with Radar,12,8,14,1,35,0,0,14,0,14,12,8,28,1,49,12,0,12,61
12/06/2021,TOL,OH,AGL,CE,Combined TRACON& Tower with Radar,9,9,18,12,48,0,0,6,1,7,9,9,24,13,55,12,0,12,67
12/07/2021,TOL,OH,AGL,CE,Combined TRACON& Tower with Radar,14,32,19,9,74,0,1,24,2,27,14,33,43,11,101,6,26,32,133
12/08/2021,TOL,OH,AGL,CE,Combined TRACON& Tower with Radar,16,11,23,17,67,0,2,12,0,14,16,13,35,17,81,26,18,44,125
12/09/2021,TOL,OH,AGL,CE,Combined TRACON& Tower with Radar,23,12,44,10,89,0,0,24,0,24,23,12,68,10,113,24,0,24,137
12/10/2021,TOL,OH,AGL,CE,Combined TRACON& Tower with Radar,22,12,20,0,54,0,0,0,0,0,22,12,20,0,54,0,0,0,54
12/11/2021,TOL,OH,AGL,CE,Combined TRACON& Tower with Radar,15,22,7,0,44,0,0,1,0,1,15,22,8,0,45,0,0,0,45
12/12/2021,TOL,OH,AGL,CE,Combined TRACON& Tower with Radar,19,10,17,0,46,0,7,13,0,20,19,17,30,0,66,71,0,71,137
12/13/2021,TOL,OH,AGL,CE,Combined TRACON& Tower with Radar,10,17,31,11,69,0,10,47,0,57,10,27,78,11,126,0,0,0,126
12/14/2021,TOL,OH,AGL,CE,Combined TRACON& Tower with Radar,15,26,50,4,95,0,5,37,0,42,15,31,87,4,137,56,0,56,193
12/15/2021,TOL,OH,AGL,CE,Combined TRACON& Tower with Radar,20,26,28,12,86,0,6,3,1,10,20,32,31,13,96,2,0,2,98
12/16/2021,TOL,OH,AGL,CE,Combined TRACON& Tower with Radar,21,25,13,8,67,0,3,1,3,7,21,28,14,11,74,29,0,29,103
12/17/2021,TOL,OH,AGL,CE,Combined TRACON& Tower with Radar,15,15,15,0,45,0,4,35,0,39,15,19,50,0,84,0,0,0,84
12/18/2021,TOL,OH,AGL,CE,Combined TRACON& Tower with Radar,13,16,11,0,40,0,0,1,0,1,13,16,12,0,41,0,0,0,41
12/19/2021,TOL,OH,AGL,CE,Combined TRACON& Tower with Radar,13,14,17,0,44,0,2,17,0,19,13,16,34,0,63,16,0,16,79
12/20/2021,TOL,OH,AGL,CE,Combined TRACON& Tower with Radar,14,20,28,12,74,0,2,21,1,24,14,22,49,13,98,8,0,8,106
12/21/2021,TOL,OH,AGL,CE,Combined TRACON& Tower with Radar,19,26,24,8,77,0,3,18,0,21,19,29,42,8,98,8,0,8,106
12/22/2021,TOL,OH,AGL,CE,Combined TRACON& Tower with Radar,20,13,18,11,62,0,4,11,0,15,20,17,29,11,77,0,0,0,77
12/23/2021,TOL,OH,AGL,CE,Combined TRACON& Tower with Radar,22,16,20,0,58,0,10,25,0,35,22,26,45,0,93,2,0,2,95
12/24/2021,TOL,OH,AGL,CE,Combined TRACON& Tower with Radar,4,6,3,0,13,0,0,0,0,0,4,6,3,0,13,0,0,0,13
12/25/2021,TOL,OH,AGL,CE,Combined TRACON& Tower with Radar,3,5,2,0,10,0,2,0,0,2,3,7,2,0,12,0,0,0,12
12/26/2021,TOL,OH,AGL,CE,Combined TRACON& Tower with Radar,4,12,23,0,39,0,2,3,0,5,4,14,26,0,44,8,0,8,52
12/27/2021,TOL,OH,AGL,CE,Combined TRACON& Tower with Radar,8,4,15,0,27,0,0,0,0,0,8,4,15,0,27,16,4,20,47
12/28/2021,TOL,OH,AGL,CE,Combined TRACON& Tower with Radar,8,20,8,2,38,0,0,2,0,2,8,20,10,2,40,2,0,2,42
12/29/2021,TOL,OH,AGL,CE,Combined TRACON& Tower with Radar,6,12,12,0,30,0,0,2,0,2,6,12,14,0,32,10,0,10,42
12/30/2021,TOL,OH,AGL,CE,Combined TRACON& Tower with Radar,11,10,10,0,31,0,0,0,0,0,11,10,10,0,31,0,0,0,31
12/31/2021,TOL,OH,AGL,CE,Combined TRACON& Tower with Radar,2,4,17,5,28,0,0,4,0,4,2,4,21,5,32,0,0,0,32
01/01/2022,TOL,OH,AGL,CE,Combined TRACON& Tower with Radar,0,4,4,0,8,0,0,0,0,0,0,4,4,0,8,0,0,0,8
01/02/2022,TOL,OH,AGL,CE,Combined TRACON& Tower with Radar,8,0,18,0,26,0,2,8,0,10,8,2,26,0,36,11,0,11,47
01/03/2022,TOL,OH,AGL,CE,Combined TRACON& Tower with Radar,8,8,22,12,50,0,4,22,0,26,8,12,44,12,76,10,4,14,90
01/04/2022,TOL,OH,AGL,CE,Combined TRACON& Tower with Radar,9,13,24,11,57,0,5,23,1,29,9,18,47,12,86,0,0,0,86
01/05/2022,TOL,OH,AGL,CE,Combined TRACON& Tower with Radar,12,14,9,8,43,0,0,1,1,2,12,14,10,9,45,0,0,0,45
01/06/2022,TOL,OH,AGL,CE,Combined TRACON& Tower with Radar,11,12,13,7,43,0,3,10,1,14,11,15,23,8,57,47,0,47,104
01/07/2022,TOL,OH,AGL,CE,Combined TRACON& Tower with Radar,13,5,12,0,30,0,1,19,0,20,13,6,31,0,50,23,0,23,73
01/08/2022,TOL,OH,AGL,CE,Combined TRACON& Tower with Radar,14,6,17,0,37,0,3,25,0,28,14,9,42,0,65,0,0,0,65
01/09/2022,TOL,OH,AGL,CE,Combined TRACON& Tower with Radar,9,8,12,0,29,0,0,0,0,0,9,8,12,0,29,12,0,12,41
01/10/2022,TOL,OH,AGL,CE,Combined TRACON& Tower with Radar,12,8,24,14,58,0,3,1,0,4,12,11,25,14,62,0,2,2,64
01/11/2022,TOL,OH,AGL,CE,Combined TRACON& Tower with Radar,19,14,27,14,74,0,2,15,0,17,19,16,42,14,91,8,0,8,99
01/12/2022,TOL,OH,AGL,CE,Combined TRACON& Tower with Radar,16,13,14,12,55,0,2,15,0,17,16,15,29,12,72,16,16,32,104
01/13/2022,TOL,OH,AGL,CE,Combined TRACON& Tower with Radar,14,16,21,10,61,0,0,6,2,8,14,16,27,12,69,16,8,24,93
01/14/2022,TOL,OH,AGL,CE,Combined TRACON& Tower with Radar,13,10,22,0,45,0,0,2,0,2,13,10,24,0,47,16,0,16,63
01/15/2022,TOL,OH,AGL,CE,Combined TRACON& Tower with Radar,15,5,11,0,31,0,1,15,0,16,15,6,26,0,47,0,0,0,47
01/16/2022,TOL,OH,AGL,CE,Combined TRACON& Tower with Radar,12,12,13,0,37,0,0,18,0,18,12,12,31,0,55,0,0,0,55
01/17/2022,TOL,OH,AGL,CE,Combined TRACON& Tower with Radar,11,16,18,0,45,0,1,2,0,3,11,17,20,0,48,14,0,14,62
01/18/2022,TOL,OH,AGL,CE,Combined TRACON& Tower with Radar,15,11,22,12,60,0,2,14,0,16,15,13,36,12,76,8,0,8,84
01/19/2022,TOL,OH,AGL,CE,Combined TRACON& Tower with Radar,13,26,16,14,69,0,5,9,0,14,13,31,25,14,83,12,12,24,107
01/20/2022,TOL,OH,AGL,CE,Combined TRACON& Tower with Radar,14,17,44,4,79,0,8,25,0,33,14,25,69,4,112,33,0,33,145
01/21/2022,TOL,OH,AGL,CE,Combined TRACON& Tower with Radar,19,9,41,2,71,0,8,30,0,38,19,17,71,2,109,8,0,8,117
01/22/2022,TOL,OH,AGL,CE,Combined TRACON& Tower with Radar,16,13,9,0,38,0,6,10,0,16,16,19,19,0,54,6,0,6,60
01/23/2022,TOL,OH,AGL,CE,Combined TRACON& Tower with Radar,7,11,7,2,27,0,1,0,0,1,7,12,7,2,28,0,0,0,28
01/24/2022,TOL,OH,AGL,CE,Combined TRACON& Tower with Radar,6,12,24,0,42,0,2,0,0,2,6,14,24,0,44,0,0,0,44
01/25/2022,TOL,OH,AGL,CE,Combined TRACON& Tower with Radar,11,9,35,10,65,0,1,29,0,30,11,10,64,10,95,14,6,20,115
01/26/2022,TOL,OH,AGL,CE,Combined TRACON& Tower with Radar,16,25,29,10,80,0,7,23,1,31,16,32,52,11,111,24,16,40,151
01/27/2022,TOL,OH,AGL,CE,Combined TRACON& Tower with Radar,17,13,17,5,52,0,0,10,0,10,17,13,27,5,62,16,0,16,78
01/28/2022,TOL,OH,AGL,CE,Combined TRACON& Tower with Radar,16,10,34,0,60,0,0,9,0,9,16,10,43,0,69,6,0,6,75
01/29/2022,TOL,OH,AGL,CE,Combined TRACON& Tower with Radar,13,10,16,0,39,0,4,23,0,27,13,14,39,0,66,50,0,50,116
01/30/2022,TOL,OH,AGL,CE,Combined TRACON& Tower with Radar,11,8,19,0,38,0,2,17,0,19,11,10,36,0,57,12,0,12,69
01/31/2022,TOL,OH,AGL,CE,Combined TRACON& Tower with Radar,9,13,34,16,72,0,2,24,0,26,9,15,58,16,98,20,0,20,118
02/01/2022,TOL,OH,AGL,CE,Combined TRACON& Tower with Radar,13,24,27,8,72,0,3,23,0,26,13,27,50,8,98,10,9,19,117
02/02/2022,TOL,OH,AGL,CE,Combined TRACON& Tower with Radar,12,7,6,0,25,0,0,0,0,0,12,7,6,0,25,0,0,0,25
02/03/2022,TOL,OH,AGL,CE,Combined TRACON& Tower with Radar,8,11,5,0,24,0,0,0,0,0,8,11,5,0,24,0,0,0,24
02/04/2022,TOL,OH,AGL,CE,Combined TRACON& Tower with Radar,11,10,14,0,35,0,0,6,0,6,11,10,20,0,41,0,0,0,41
02/05/2022,TOL,OH,AGL,CE,Combined TRACON& Tower with Radar,10,4,13,9,36,0,1,8,0,9,10,5,21,9,45,0,0,0,45
02/06/2022,TOL,OH,AGL,CE,Combined TRACON& Tower with Radar,10,6,19,6,41,0,7,16,1,24,10,13,35,7,65,0,0,0,65
02/07/2022,TOL,OH,AGL,CE,Combined TRACON& Tower with Radar,11,8,14,4,37,0,7,1,0,8,11,15,15,4,45,0,0,0,45
02/08/2022,TOL,OH,AGL,CE,Combined TRACON& Tower with Radar,12,8,51,5,76,0,11,24,0,35,12,19,75,5,111,20,4,24,135
02/09/2022,TOL,OH,AGL,CE,Combined TRACON& Tower with Radar,13,10,24,15,62,0,1,16,3,20,13,11,40,18,82,10,4,14,96
02/10/2022,TOL,OH,AGL,CE,Combined TRACON& Tower with Radar,14,10,11,0,35,0,3,12,0,15,14,13,23,0,50,7,0,7,57
02/11/2022,TOL,OH,AGL,CE,Combined TRACON& Tower with Radar,11,9,19,0,39,0,0,0,0,0,11,9,19,0,39,2,0,2,41
02/12/2022,TOL,OH,AGL,CE,Combined TRACON& Tower with Radar,13,11,15,0,39,0,1,12,0,13,13,12,27,0,52,0,0,0,52
02/13/2022,TOL,OH,AGL,CE,Combined TRACON& Tower with Radar,8,13,16,0,37,0,1,9,0,10,8,14,25,0,47,17,0,17,64
02/14/2022,TOL,OH,AGL,CE,Combined TRACON& Tower with Radar,9,15,25,8,57,0,5,25,0,30,9,20,50,8,87,67,0,67,154
02/15/2022,TOL,OH,AGL,CE,Combined TRACON& Tower with Radar,9,11,42,17,79,0,13,26,0,39,9,24,68,17,118,6,44,50,168
02/16/2022,TOL,OH,AGL,CE,Combined TRACON& Tower with Radar,16,17,8,6,47,0,3,5,2,10,16,20,13,8,57,0,0,0,57
02/17/2022,TOL,OH,AGL,CE,Combined TRACON& Tower with Radar,9,5,16,0,30,0,0,0,0,0,9,5,16,0,30,0,0,0,30
02/18/2022,TOL,OH,AGL,CE,Combined TRACON& Tower with Radar,12,8,20,1,41,0,2,7,0,9,12,10,27,1,50,16,0,16,66
02/19/2022,TOL,OH,AGL,CE,Combined TRACON& Tower with Radar,11,9,9,0,29,0,4,6,0,10,11,13,15,0,39,0,0,0,39
02/20/2022,TOL,OH,AGL,CE,Combined TRACON& Tower with Radar,7,15,10,1,33,0,5,7,0,12,7,20,17,1,45,0,0,0,45
02/21/2022,TOL,OH,AGL,CE,Combined TRACON& Tower with Radar,9,13,44,0,66,0,7,32,0,39,9,20,76,0,105,38,0,38,143
02/22/2022,TOL,OH,AGL,CE,Combined TRACON& Tower with Radar,11,6,23,0,40,0,0,4,0,4,11,6,27,0,44,0,0,0,44
02/23/2022,TOL,OH,AGL,CE,Combined TRACON& Tower with Radar,7,13,26,12,58,0,4,17,0,21,7,17,43,12,79,10,0,10,89
02/24/2022,TOL,OH,AGL,CE,Combined TRACON& Tower with Radar,12,12,21,4,49,0,1,12,4,17,12,13,33,8,66,26,0,26,92
02/25/2022,TOL,OH,AGL,CE,Combined TRACON& Tower with Radar,16,20,18,0,54,0,1,1,0,2,16,21,19,0,56,0,0,0,56
02/26/2022,TOL,OH,AGL,CE,Combined TRACON& Tower with Radar,11,10,20,0,41,0,2,11,0,13,11,12,31,0,54,0,0,0,54
02/27/2022,TOL,OH,AGL,CE,Combined TRACON& Tower with Radar,8,4,20,0,32,0,3,16,0,19,8,7,36,0,51,4,0,4,55
02/28/2022,TOL,OH,AGL,CE,Combined TRACON& Tower with Radar,13,15,37,12,77,0,21,44,1,66,13,36,81,13,143,32,0,32,175
03/01/2022,TOL,OH,AGL,CE,Combined TRACON& Tower with Radar,15,17,33,10,75,0,0,11,0,11,15,17,44,10,86,14,0,14,100
03/02/2022,TOL,OH,AGL,CE,Combined TRACON& Tower with Radar,16,13,28,10,67,0,1,24,1,26,16,14,52,11,93,6,0,6,99
03/03/2022,TOL,OH,AGL,CE,Combined TRACON& Tower with Radar,11,25,42,3,81,0,14,27,0,41,11,39,69,3,122,14,0,14,136
03/04/2022,TOL,OH,AGL,CE,Combined TRACON& Tower with Radar,15,10,12,4,41,0,1,31,0,32,15,11,43,4,73,16,0,16,89
03/05/2022,TOL,OH,AGL,CE,Combined TRACON& Tower with Radar,11,15,13,2,41,0,6,21,0,27,11,21,34,2,68,4,0,4,72
03/06/2022,TOL,OH,AGL,CE,Combined TRACON& Tower with Radar,11,8,13,0,32,0,2,4,0,6,11,10,17,0,38,0,0,0,38
03/07/2022,TOL,OH,AGL,CE,Combined TRACON& Tower with Radar,12,8,4,3,27,0,1,1,0,2,12,9,5,3,29,0,0,0,29
03/08/2022,TOL,OH,AGL,CE,Combined TRACON& Tower with Radar,17,20,36,0,73,0,6,18,0,24,17,26,54,0,97,16,0,16,113
03/09/2022,TOL,OH,AGL,CE,Combined TRACON& Tower with Radar,15,15,27,0,57,0,9,28,0,37,15,24,55,0,94,42,0,42,136
03/10/2022,TOL,OH,AGL,CE,Combined TRACON& Tower with Radar,11,10,25,0,46,0,6,37,0,43,11,16,62,0,89,10,0,10,99
03/11/2022,TOL,OH,AGL,CE,Combined TRACON& Tower with Radar,12,4,11,0,27,0,0,3,0,3,12,4,14,0,30,0,0,0,30
03/12/2022,TOL,OH,AGL,CE,Combined TRACON& Tower with Radar,13,7,3,6,29,0,1,7,0,8,13,8,10,6,37,0,0,0,37
03/13/2022,TOL,OH,AGL,CE,Combined TRACON& Tower with Radar,8,6,20,0,34,0,1,4,0,5,8,7,24,0,39,0,0,0,39
03/14/2022,TOL,OH,AGL,CE,Combined TRACON& Tower with Radar,15,14,33,2,64,0,7,32,0,39,15,21,65,2,103,2,0,2,105
03/15/2022,TOL,OH,AGL,CE,Combined TRACON& Tower with Radar,14,16,41,4,75,0,5,32,0,37,14,21,73,4,112,6,4,10,122
03/16/2022,TOL,OH,AGL,CE,Combined TRACON& Tower with Radar,18,12,39,4,73,0,2,37,0,39,18,14,76,4,112,4,4,8,120
03/17/2022,TOL,OH,AGL,CE,Combined TRACON& Tower with Radar,12,21,30,2,65,0,2,61,0,63,12,23,91,2,128,38,0,38,166
03/18/2022,TOL,OH,AGL,CE,Combined TRACON& Tower with Radar,19,10,19,3,51,0,6,29,0,35,19,16,48,3,86,40,0,40,126
03/19/2022,TOL,OH,AGL,CE,Combined TRACON& Tower with Radar,19,11,15,2,47,0,0,0,0,0,19,11,15,2,47,0,0,0,47
03/20/2022,TOL,OH,AGL,CE,Combined TRACON& Tower with Radar,9,12,32,0,53,0,4,39,0,43,9,16,71,0,96,12,0,12,108
03/21/2022,TOL,OH,AGL,CE,Combined TRACON& Tower with Radar,13,11,48,6,78,0,10,40,0,50,13,21,88,6,128,74,2,76,204
03/22/2022,TOL,OH,AGL,CE,Combined TRACON& Tower with Radar,14,8,25,5,52,0,0,5,0,5,14,8,30,5,57,0,0,0,57
03/23/2022,TOL,OH,AGL,CE,Combined TRACON& Tower with Radar,17,15,17,10,59,0,2,2,0,4,17,17,19,10,63,0,0,0,63
03/24/2022,TOL,OH,AGL,CE,Combined TRACON& Tower with Radar,17,8,23,4,52,0,0,15,0,15,17,8,38,4,67,18,0,18,85
03/25/2022,TOL,OH,AGL,CE,Combined TRACON& Tower with Radar,15,14,7,0,36,0,1,2,1,4,15,15,9,1,40,8,0,8,48
03/26/2022,TOL,OH,AGL,CE,Combined TRACON& Tower with Radar,19,8,6,0,33,0,1,4,0,5,19,9,10,0,38,0,0,0,38
03/27/2022,TOL,OH,AGL,CE,Combined TRACON& Tower with Radar,10,4,23,0,37,0,1,7,0,8,10,5,30,0,45,0,0,0,45
03/28/2022,TOL,OH,AGL,CE,Combined TRACON& Tower with Radar,12,10,30,10,62,0,4,36,1,41,12,14,66,11,103,36,8,44,147
03/29/2022,TOL,OH,AGL,CE,Combined TRACON& Tower with Radar,11,17,41,4,73,0,3,24,0,27,11,20,65,4,100,4,5,9,109
03/30/2022,TOL,OH,AGL,CE,Combined TRACON& Tower with Radar,19,8,14,13,54,0,4,10,2,16,19,12,24,15,70,0,0,0,70
03/31/2022,TOL,OH,AGL,CE,Combined TRACON& Tower with Radar,13,8,25,4,50,0,0,1,0,1,13,8,26,4,51,0,0,0,51
04/01/2022,TOL,OH,AGL,CE,Combined TRACON& Tower with Radar,16,10,22,0,48,0,2,14,0,16,16,12,36,0,64,10,0,10,74
04/02/2022,TOL,OH,AGL,CE,Combined TRACON& Tower with Radar,18,16,33,0,67,0,1,41,0,42,18,17,74,0,109,22,0,22,131
04/03/2022,TOL,OH,AGL,CE,Combined TRACON& Tower with Radar,8,4,22,0,34,0,0,11,0,11,8,4,33,0,45,0,0,0,45
04/04/2022,TOL,OH,AGL,CE,Combined TRACON& Tower with Radar,14,10,29,2,55,0,1,5,0,6,14,11,34,2,61,2,0,2,63
04/05/2022,TOL,OH,AGL,CE,Combined TRACON& Tower with Radar,14,12,35,8,69,0,3,19,1,23,14,15,54,9,92,19,0,19,111
04/06/2022,TOL,OH,AGL,CE,Combined TRACON& Tower with Radar,19,10,37,0,66,0,0,8,0,8,19,10,45,0,74,4,0,4,78
04/07/2022,TOL,OH,AGL,CE,Combined TRACON& Tower with Radar,15,16,49,11,91,0,2,28,0,30,15,18,77,11,121,33,2,35,156
04/08/2022,TOL,OH,AGL,CE,Combined TRACON& Tower with Radar,13,8,25,0,46,0,0,2,0,2,13,8,27,0,48,2,0,2,50
04/09/2022,TOL,OH,AGL,CE,Combined TRACON& Tower with Radar,9,6,11,7,33,0,1,12,1,14,9,7,23,8,47,0,15,15,62
04/10/2022,TOL,OH,AGL,CE,Combined TRACON& Tower with Radar,12,13,36,8,69,0,9,39,0,48,12,22,75,8,117,10,24,34,151
04/11/2022,TOL,OH,AGL,CE,Combined TRACON& Tower with Radar,10,6,29,10,55,0,1,6,4,11,10,7,35,14,66,2,0,2,68
04/12/2022,TOL,OH,AGL,CE,Combined TRACON& Tower with Radar,15,10,49,10,84,0,0,30,0,30,15,10,79,10,114,14,4,18,132
04/13/2022,TOL,OH,AGL,CE,Combined TRACON& Tower with Radar,15,13,23,2,53,0,0,0,0,0,15,13,23,2,53,0,0,0,53
04/14/2022,TOL,OH,AGL,CE,Combined TRACON& Tower with Radar,11,6,25,5,47,0,0,1,2,3,11,6,26,7,50,0,0,0,50
04/15/2022,TOL,OH,AGL,CE,Combined TRACON& Tower with Radar,9,7,18,1,35,0,0,3,0,3,9,7,21,1,38,2,14,16,54
04/16/2022,TOL,OH,AGL,CE,Combined TRACON& Tower with Radar,10,4,24,0,38,0,0,17,3,20,10,4,41,3,58,0,0,0,58
04/17/2022,TOL,OH,AGL,CE,Combined TRACON& Tower with Radar,9,6,17,0,32,0,2,14,0,16,9,8,31,0,48,44,3,47,95
04/18/2022,TOL,OH,AGL,CE,Combined TRACON& Tower with Radar,9,12,21,6,48,0,0,0,0,0,9,12,21,6,48,0,6,6,54
04/19/2022,TOL,OH,AGL,CE,Combined TRACON& Tower with Radar,11,11,25,12,59,0,2,7,0,9,11,13,32,12,68,0,22,22,90
04/20/2022,TOL,OH,AGL,CE,Combined TRACON& Tower with Radar,9,13,42,13,77,0,6,34,6,46,9,19,76,19,123,4,30,34,157
04/21/2022,TOL,OH,AGL,CE,Combined TRACON& Tower with Radar,8,8,33,9,58,0,1,2,1,4,8,9,35,10,62,4,0,4,66
04/22/2022,TOL,OH,AGL,CE,Combined TRACON& Tower with Radar,10,11,17,0,38,0,4,8,0,12,10,15,25,0,50,0,0,0,50
04/23/2022,TOL,OH,AGL,CE,Combined TRACON& Tower with Radar,11,10,14,0,35,0,7,27,0,34,11,17,41,0,69,0,0,0,69
04/24/2022,TOL,OH,AGL,CE,Combined TRACON& Tower with Radar,8,8,22,1,39,0,2,3,0,5,8,10,25,1,44,0,0,0,44
04/25/2022,TOL,OH,AGL,CE,Combined TRACON& Tower with Radar,11,12,36,12,71,0,3,11,0,14,11,15,47,12,85,37,0,37,122
04/26/2022,TOL,OH,AGL,CE,Combined TRACON& Tower with Radar,10,7,39,12,68,0,5,18,0,23,10,12,57,12,91,18,6,24,115
04/27/2022,TOL,OH,AGL,CE,Combined TRACON& Tower with Radar,15,16,30,17,78,0,6,19,1,26,15,22,49,18,104,0,18,18,122
04/28/2022,TOL,OH,AGL,CE,Combined TRACON& Tower with Radar,8,8,38,9,63,0,10,34,0,44,8,18,72,9,107,42,0,42,149
04/29/2022,TOL,OH,AGL,CE,Combined TRACON& Tower with Radar,13,10,25,0,48,0,14,40,0,54,13,24,65,0,102,14,0,14,116
04/30/2022,TOL,OH,AGL,CE,Combined TRACON& Tower with Radar,11,5,6,1,23,0,2,8,0,10,11,7,14,1,33,0,0,0,33
05/01/2022,TOL,OH,AGL,CE,Combined TRACON& Tower with Radar,7,15,10,0,32,0,3,3,0,6,7,18,13,0,38,0,0,0,38
05/02/2022,TOL,OH,AGL,CE,Combined TRACON& Tower with Radar,10,15,22,14,61,0,7,11,0,18,10,22,33,14,79,16,0,16,95
05/03/2022,TOL,OH,AGL,CE,Combined TRACON& Tower with Radar,11,12,15,0,38,0,0,3,0,3,11,12,18,0,41,20,0,20,61
05/04/2022,TOL,OH,AGL,CE,Combined TRACON& Tower with Radar,14,15,29,12,70,0,4,19,0,23,14,19,48,12,93,0,0,0,93
05/05/2022,TOL,OH,AGL,CE,Combined TRACON& Tower with Radar,11,8,39,6,64,0,0,10,1,11,11,8,49,7,75,2,12,14,89
05/06/2022,TOL,OH,AGL,CE,Combined TRACON& Tower with Radar,10,12,14,0,36,0,2,2,0,4,10,14,16,0,40,0,0,0,40
05/07/2022,TOL,OH,AGL,CE,Combined TRACON& Tower with Radar,11,5,20,0,36,0,3,10,0,13,11,8,30,0,49,8,0,8,57
05/08/2022,TOL,OH,AGL,CE,Combined TRACON& Tower with Radar,9,15,17,2,43,0,11,16,0,27,9,26,33,2,70,10,0,10,80
05/09/2022,TOL,OH,AGL,CE,Combined TRACON& Tower with Radar,9,12,28,20,69,0,3,20,0,23,9,15,48,20,92,8,14,22,114
05/10/2022,TOL,OH,AGL,CE,Combined TRACON& Tower with Radar,8,22,45,14,89,0,12,23,0,35,8,34,68,14,124,10,22,32,156
05/11/2022,TOL,OH,AGL,CE,Combined TRACON& Tower with Radar,12,9,49,18,88,0,8,28,0,36,12,17,77,18,124,9,10,19,143
05/12/2022,TOL,OH,AGL,CE,Combined TRACON& Tower with Radar,10,6,39,13,68,0,8,41,1,50,10,14,80,14,118,28,0,28,146
05/13/2022,TOL,OH,AGL,CE,Combined TRACON& Tower with Radar,13,18,19,0,50,0,5,21,0,26,13,23,40,0,76,4,0,4,80
05/14/2022,TOL,OH,AGL,CE,Combined TRACON& Tower with Radar,13,9,15,22,59,0,1,42,2,45,13,10,57,24,104,40,8,48,152
05/15/2022,TOL,OH,AGL,CE,Combined TRACON& Tower with Radar,8,12,15,18,53,0,0,92,0,92,8,12,107,18,145,22,0,22,167
05/16/2022,TOL,OH,AGL,CE,Combined TRACON& Tower with Radar,11,14,28,19,72,0,2,20,1,23,11,16,48,20,95,18,0,18,113
05/17/2022,TOL,OH,AGL,CE,Combined TRACON& Tower with Radar,8,11,49,14,82,0,14,26,0,40,8,25,75,14,122,22,2,24,146
05/18/2022,TOL,OH,AGL,CE,Combined TRACON& Tower with Radar,10,10,38,24,82,0,1,6,0,7,10,11,44,24,89,4,18,22,111
05/19/2022,TOL,OH,AGL,CE,Combined TRACON& Tower with Radar,10,9,46,6,71,0,2,28,0,30,10,11,74,6,101,4,0,4,105
05/20/2022,TOL,OH,AGL,CE,Combined TRACON& Tower with Radar,9,10,20,0,39,0,9,8,0,17,9,19,28,0,56,0,0,0,56
05/21/2022,TOL,OH,AGL,CE,Combined TRACON& Tower with Radar,8,10,9,0,27,0,3,8,0,11,8,13,17,0,38,0,0,0,38
05/22/2022,TOL,OH,AGL,CE,Combined TRACON& Tower with Radar,12,8,27,0,47,0,4,19,0,23,12,12,46,0,70,0,0,0,70
05/23/2022,TOL,OH,AGL,CE,Combined TRACON& Tower with Radar,12,7,22,17,58,0,7,53,4,64,12,14,75,21,122,6,22,28,150
05/24/2022,TOL,OH,AGL,CE,Combined TRACON& Tower with Radar,12,9,30,16,67,0,12,37,1,50,12,21,67,17,117,20,2,22,139
05/25/2022,TOL,OH,AGL,CE,Combined TRACON& Tower with Radar,11,8,36,16,71,0,5,13,0,18,11,13,49,16,89,4,4,8,97
05/26/2022,TOL,OH,AGL,CE,Combined TRACON& Tower with Radar,12,8,46,0,66,0,0,8,0,8,12,8,54,0,74,0,0,0,74
05/27/2022,TOL,OH,AGL,CE,Combined TRACON& Tower with Radar,8,5,28,0,41,0,6,7,0,13,8,11,35,0,54,4,0,4,58
05/28/2022,TOL,OH,AGL,CE,Combined TRACON& Tower with Radar,12,10,21,1,44,0,5,15,1,21,12,15,36,2,65,24,0,24,89
05/29/2022,TOL,OH,AGL,CE,Combined TRACON& Tower with Radar,5,8,12,0,25,0,13,13,0,26,5,21,25,0,51,0,0,0,51
05/30/2022,TOL,OH,AGL,CE,Combined TRACON& Tower with Radar,8,6,8,1,23,0,2,25,3,30,8,8,33,4,53,0,4,4,57
05/31/2022,TOL,OH,AGL,CE,Combined TRACON& Tower with Radar,12,9,28,20,69,0,7,17,1,25,12,16,45,21,94,0,6,6,100
06/01/2022,TOL,OH,AGL,CE,Combined TRACON& Tower with Radar,11,14,12,18,55,0,7,24,0,31,11,21,36,18,86,34,10,44,130
06/02/2022,TOL,OH,AGL,CE,Combined TRACON& Tower with Radar,14,18,33,15,80,0,4,23,0,27,14,22,56,15,107,20,0,20,127
06/03/2022,TOL,OH,AGL,CE,Combined TRACON& Tower with Radar,11,11,35,0,57,0,5,23,1,29,11,16,58,1,86,16,0,16,102
06/04/2022,TOL,OH,AGL,CE,Combined TRACON& Tower with Radar,10,17,14,14,55,0,8,29,1,38,10,25,43,15,93,0,0,0,93
06/05/2022,TOL,OH,AGL,CE,Combined TRACON& Tower with Radar,10,20,26,14,70,0,8,17,1,26,10,28,43,15,96,0,20,20,116
06/06/2022,TOL,OH,AGL,CE,Combined TRACON& Tower with Radar,10,11,19,19,59,0,0,7,3,10,10,11,26,22,69,0,16,16,85
06/07/2022,TOL,OH,AGL,CE,Combined TRACON& Tower with Radar,19,11,26,12,68,0,3,6,0,9,19,14,32,12,77,4,2,6,83
06/08/2022,TOL,OH,AGL,CE,Combined TRACON& Tower with Radar,12,8,37,17,74,0,2,31,2,35,12,10,68,19,109,6,8,14,123
06/09/2022,TOL,OH,AGL,CE,Combined TRACON& Tower with Radar,14,10,37,9,70,0,4,20,1,25,14,14,57,10,95,25,4,29,124
06/10/2022,TOL,OH,AGL,CE,Combined TRACON& Tower with Radar,18,14,27,0,59,0,3,11,0,14,18,17,38,0,73,4,0,4,77
06/11/2022,TOL,OH,AGL,CE,Combined TRACON& Tower with Radar,9,12,9,0,30,0,7,18,0,25,9,19,27,0,55,12,0,12,67
06/12/2022,TOL,OH,AGL,CE,Combined TRACON& Tower with Radar,11,10,19,0,40,0,2,14,0,16,11,12,33,0,56,4,0,4,60
06/13/2022,TOL,OH,AGL,CE,Combined TRACON& Tower with Radar,12,11,11,18,52,0,1,16,2,19,12,12,27,20,71,0,35,35,106
06/14/2022,TOL,OH,AGL,CE,Combined TRACON& Tower with Radar,19,9,23,22,73,0,3,16,1,20,19,12,39,23,93,4,6,10,103
06/15/2022,TOL,OH,AGL,CE,Combined TRACON& Tower with Radar,19,6,27,16,68,0,13,35,1,49,19,19,62,17,117,0,24,24,141
06/16/2022,TOL,OH,AGL,CE,Combined TRACON& Tower with Radar,18,9,28,12,67,0,6,23,0,29,18,15,51,12,96,9,6,15,111
06/17/2022,TOL,OH,AGL,CE,Combined TRACON& Tower with Radar,10,5,15,2,32,0,3,18,0,21,10,8,33,2,53,4,0,4,57
06/18/2022,TOL,OH,AGL,CE,Combined TRACON& Tower with Radar,15,13,9,0,37,0,4,18,0,22,15,17,27,0,59,12,0,12,71
06/19/2022,TOL,OH,AGL,CE,Combined TRACON& Tower with Radar,8,5,14,0,27,0,1,19,0,20,8,6,33,0,47,0,0,0,47
06/20/2022,TOL,OH,AGL,CE,Combined TRACON& Tower with Radar,14,7,22,0,43,0,3,35,0,38,14,10,57,0,81,59,0,59,140
06/21/2022,TOL,OH,AGL,CE,Combined TRACON& Tower with Radar,13,4,31,14,62,0,7,36,2,45,13,11,67,16,107,29,2,31,138
06/22/2022,TOL,OH,AGL,CE,Combined TRACON& Tower with Radar,15,5,35,15,70,0,9,29,0,38,15,14,64,15,108,48,9,57,165
06/23/2022,TOL,OH,AGL,CE,Combined TRACON& Tower with Radar,7,7,30,7,51,0,10,43,2,55,7,17,73,9,106,34,0,34,140
06/24/2022,TOL,OH,AGL,CE,Combined TRACON& Tower with Radar,11,10,28,0,49,1,4,34,1,40,12,14,62,1,89,32,0,32,121
06/25/2022,TOL,OH,AGL,CE,Combined TRACON& Tower with Radar,5,10,9,1,25,1,4,19,3,27,6,14,28,4,52,32,0,32,84
06/26/2022,TOL,OH,AGL,CE,Combined TRACON& Tower with Radar,9,8,28,0,45,0,6,11,0,17,9,14,39,0,62,16,0,16,78
06/27/2022,TOL,OH,AGL,CE,Combined TRACON& Tower with Radar,12,7,22,21,62,0,6,19,2,27,12,13,41,23,89,42,12,54,143
06/28/2022,TOL,OH,AGL,CE,Combined TRACON& Tower with Radar,14,7,31,11,63,1,8,19,2,30,15,15,50,13,93,14,0,14,107
06/29/2022,TOL,OH,AGL,CE,Combined TRACON& Tower with Radar,15,23,35,16,89,0,7,49,0,56,15,30,84,16,145,22,10,32,177
06/30/2022,TOL,OH,AGL,CE,Combined TRACON& Tower with Radar,21,18,38,6,83,1,4,36,0,41,22,22,74,6,124,32,0,32,156
07/01/2022,TOL,OH,AGL,CE,Combined TRACON& Tower with Radar,19,8,29,0,56,0,0,21,0,21,19,8,50,0,77,26,0,26,103
07/02/2022,TOL,OH,AGL,CE,Combined TRACON& Tower with Radar,8,6,28,0,42,1,3,25,0,29,9,9,53,0,71,4,0,4,75
07/03/2022,TOL,OH,AGL,CE,Combined TRACON& Tower with Radar,11,6,19,0,36,0,1,8,1,10,11,7,27,1,46,0,0,0,46
07/04/2022,TOL,OH,AGL,CE,Combined TRACON& Tower with Radar,5,9,15,0,29,0,0,14,0,14,5,9,29,0,43,0,0,0,43
07/05/2022,TOL,OH,AGL,CE,Combined TRACON& Tower with Radar,8,10,22,9,49,0,6,3,2,11,8,16,25,11,60,2,25,27,87
07/06/2022,TOL,OH,AGL,CE,Combined TRACON& Tower with Radar,6,9,25,11,51,1,0,10,0,11,7,9,35,11,62,0,0,0,62
07/07/2022,TOL,OH,AGL,CE,Combined TRACON& Tower with Radar,7,14,43,10,74,0,12,19,0,31,7,26,62,10,105,20,0,20,125
07/08/2022,TOL,OH,AGL,CE,Combined TRACON& Tower with Radar,8,6,20,0,34,1,4,19,0,24,9,10,39,0,58,16,0,16,74
07/09/2022,TOL,OH,AGL,CE,Combined TRACON& Tower with Radar,6,8,15,0,29,1,6,27,0,34,7,14,42,0,63,2,0,2,65
07/10/2022,TOL,OH,AGL,CE,Combined TRACON& Tower with Radar,6,7,29,0,42,1,7,31,0,39,7,14,60,0,81,0,0,0,81
07/11/2022,TOL,OH,AGL,CE,Combined TRACON& Tower with Radar,6,11,20,9,46,0,2,23,0,25,6,13,43,9,71,2,12,14,85
07/12/2022,TOL,OH,AGL,CE,Combined TRACON& Tower with Radar,6,11,24,24,65,1,8,20,0,29,7,19,44,24,94,14,0,14,108
07/13/2022,TOL,OH,AGL,CE,Combined TRACON& Tower with Radar,7,8,27,9,51,0,2,28,0,30,7,10,55,9,81,29,0,29,110
07/14/2022,TOL,OH,AGL,CE,Combined TRACON& Tower with Radar,10,17,45,8,80,0,12,34,1,47,10,29,79,9,127,27,8,35,162
07/15/2022,TOL,OH,AGL,CE,Combined TRACON& Tower with Radar,10,15,30,1,56,0,7,20,1,28,10,22,50,2,84,6,0,6,90
07/16/2022,TOL,OH,AGL,CE,Combined TRACON& Tower with Radar,8,7,19,0,34,1,1,7,3,12,9,8,26,3,46,12,0,12,58
07/17/2022,TOL,OH,AGL,CE,Combined TRACON& Tower with Radar,7,11,11,0,29,1,0,3,1,5,8,11,14,1,34,0,0,0,34
07/18/2022,TOL,OH,AGL,CE,Combined TRACON& Tower with Radar,8,16,27,7,58,0,6,26,0,32,8,22,53,7,90,0,14,14,104
07/19/2022,TOL,OH,AGL,CE,Combined TRACON& Tower with Radar,8,9,40,11,68,0,7,45,7,59,8,16,85,18,127,42,0,42,169
07/20/2022,TOL,OH,AGL,CE,Combined TRACON& Tower with Radar,10,13,21,15,59,0,2,16,1,19,10,15,37,16,78,22,20,42,120
07/21/2022,TOL,OH,AGL,CE,Combined TRACON& Tower with Radar,9,19,34,0,62,0,6,17,0,23,9,25,51,0,85,8,0,8,93
07/22/2022,TOL,OH,AGL,CE,Combined TRACON& Tower with Radar,11,13,31,0,55,0,12,28,0,40,11,25,59,0,95,39,0,39,134
07/23/2022,TOL,OH,AGL,CE,Combined TRACON& Tower with Radar,10,7,15,0,32,0,4,12,0,16,10,11,27,0,48,0,0,0,48
07/24/2022,TOL,OH,AGL,CE,Combined TRACON& Tower with Radar,10,9,16,0,35,0,1,8,0,9,10,10,24,0,44,0,0,0,44
07/25/2022,TOL,OH,AGL,CE,Combined TRACON& Tower with Radar,9,13,34,17,73,0,5,35,1,41,9,18,69,18,114,30,14,44,158
07/26/2022,TOL,OH,AGL,CE,Combined TRACON& Tower with Radar,8,20,38,18,84,0,4,26,1,31,8,24,64,19,115,0,0,0,115
07/27/2022,TOL,OH,AGL,CE,Combined TRACON& Tower with Radar,8,19,45,14,86,1,3,7,1,12,9,22,52,15,98,2,2,4,102
07/28/2022,TOL,OH,AGL,CE,Combined TRACON& Tower with Radar,11,15,45,12,83,1,6,47,0,54,12,21,92,12,137,16,8,24,161
07/29/2022,TOL,OH,AGL,CE,Combined TRACON& Tower with Radar,11,9,34,4,58,0,7,19,0,26,11,16,53,4,84,0,0,0,84
07/30/2022,TOL,OH,AGL,CE,Combined TRACON& Tower with Radar,11,15,22,0,48,0,8,23,0,31,11,23,45,0,79,7,0,7,86
07/31/2022,TOL,OH,AGL,CE,Combined TRACON& Tower with Radar,11,10,24,0,45,0,5,29,4,38,11,15,53,4,83,8,0,8,91
08/01/2022,TOL,OH,AGL,CE,Combined TRACON& Tower with Radar,7,18,18,2,45,0,1,5,0,6,7,19,23,2,51,12,0,12,63
08/02/2022,TOL,OH,AGL,CE,Combined TRACON& Tower with Radar,7,19,38,2,66,0,6,24,0,30,7,25,62,2,96,24,0,24,120
08/03/2022,TOL,OH,AGL,CE,Combined TRACON& Tower with Radar,10,11,42,2,65,0,0,35,0,35,10,11,77,2,100,18,0,18,118
08/04/2022,TOL,OH,AGL,CE,Combined TRACON& Tower with Radar,7,9,31,4,51,1,3,30,0,34,8,12,61,4,85,26,0,26,111
08/05/2022,TOL,OH,AGL,CE,Combined TRACON& Tower with Radar,8,8,18,7,41,0,9,9,1,19,8,17,27,8,60,0,22,22,82
08/06/2022,TOL,OH,AGL,CE,Combined TRACON& Tower with Radar,6,11,17,0,34,1,9,15,0,25,7,20,32,0,59,12,0,12,71
08/07/2022,TOL,OH,AGL,CE,Combined TRACON& Tower with Radar,7,13,21,0,41,0,3,13,0,16,7,16,34,0,57,15,0,15,72
08/08/2022,TOL,OH,AGL,CE,Combined TRACON& Tower with Radar,6,9,18,0,33,0,3,4,0,7,6,12,22,0,40,0,0,0,40
08/09/2022,TOL,OH,AGL,CE,Combined TRACON& Tower with Radar,9,17,61,12,99,1,2,10,0,13,10,19,71,12,112,12,8,20,132
08/10/2022,TOL,OH,AGL,CE,Combined TRACON& Tower with Radar,10,18,49,24,101,1,8,35,4,48,11,26,84,28,149,44,17,61,210
08/11/2022,TOL,OH,AGL,CE,Combined TRACON& Tower with Radar,6,15,41,18,80,1,3,33,2,39,7,18,74,20,119,41,0,41,160
08/12/2022,TOL,OH,AGL,CE,Combined TRACON& Tower with Radar,10,8,33,0,51,1,4,30,0,35,11,12,63,0,86,10,0,10,96
08/13/2022,TOL,OH,AGL,CE,Combined TRACON& Tower with Radar,8,8,13,0,29,0,1,11,0,12,8,9,24,0,41,10,0,10,51
08/14/2022,TOL,OH,AGL,CE,Combined TRACON& Tower with Radar,8,11,11,0,30,0,6,12,0,18,8,17,23,0,48,0,0,0,48
08/15/2022,TOL,OH,AGL,CE,Combined TRACON& Tower with Radar,7,8,27,18,60,0,6,41,0,47,7,14,68,18,107,52,0,52,159
08/16/2022,TOL,OH,AGL,CE,Combined TRACON& Tower with Radar,8,12,23,24,67,0,0,20,3,23,8,12,43,27,90,54,16,70,160
08/17/2022,TOL,OH,AGL,CE,Combined TRACON& Tower with Radar,8,17,28,13,66,0,1,26,2,29,8,18,54,15,95,10,18,28,123
08/18/2022,TOL,OH,AGL,CE,Combined TRACON& Tower with Radar,9,11,39,18,77,0,7,37,0,44,9,18,76,18,121,19,8,27,148
08/19/2022,TOL,OH,AGL,CE,Combined TRACON& Tower with Radar,10,7,32,6,55,0,2,68,1,71,10,9,100,7,126,74,0,74,200
08/20/2022,TOL,OH,AGL,CE,Combined TRACON& Tower with Radar,6,9,20,3,38,1,4,54,3,62,7,13,74,6,100,4,0,4,104
08/21/2022,TOL,OH,AGL,CE,Combined TRACON& Tower with Radar,7,4,12,0,23,0,0,18,3,21,7,4,30,3,44,26,0,26,70
08/22/2022,TOL,OH,AGL,CE,Combined TRACON& Tower with Radar,5,11,28,14,58,0,4,35,1,40,5,15,63,15,98,60,0,60,158
08/23/2022,TOL,OH,AGL,CE,Combined TRACON& Tower with Radar,8,8,34,13,63,1,5,21,1,28,9,13,55,14,91,22,10,32,123
08/24/2022,TOL,OH,AGL,CE,Combined TRACON& Tower with Radar,9,12,27,15,63,0,19,23,0,42,9,31,50,15,105,22,8,30,135
08/25/2022,TOL,OH,AGL,CE,Combined TRACON& Tower with Radar,8,16,32,10,66,1,9,34,0,44,9,25,66,10,110,9,0,9,119
08/26/2022,TOL,OH,AGL,CE,Combined TRACON& Tower with Radar,7,10,31,0,48,0,2,10,0,12,7,12,41,0,60,2,0,2,62
08/27/2022,TOL,OH,AGL,CE,Combined TRACON& Tower with Radar,6,17,23,0,46,0,2,38,0,40,6,19,61,0,86,14,0,14,100
08/28/2022,TOL,OH,AGL,CE,Combined TRACON& Tower with Radar,8,10,23,5,46,0,5,42,0,47,8,15,65,5,93,10,0,10,103
08/29/2022,TOL,OH,AGL,CE,Combined TRACON& Tower with Radar,5,13,15,5,38,0,0,9,1,10,5,13,24,6,48,0,4,4,52
08/30/2022,TOL,OH,AGL,CE,Combined TRACON& Tower with Radar,5,9,48,16,78,0,5,14,1,20,5,14,62,17,98,24,10,34,132
08/31/2022,TOL,OH,AGL,CE,Combined TRACON& Tower with Radar,6,9,41,16,72,0,8,36,0,44,6,17,77,16,116,6,0,6,122
09/01/2022,TOL,OH,AGL,CE,Combined TRACON& Tower with Radar,8,11,28,15,62,0,10,25,5,40,8,21,53,20,102,10,12,22,124
09/02/2022,TOL,OH,AGL,CE,Combined TRACON& Tower with Radar,11,10,28,2,51,0,6,27,0,33,11,16,55,2,84,16,0,16,100
09/03/2022,TOL,OH,AGL,CE,Combined TRACON& Tower with Radar,10,8,14,0,32,0,5,28,0,33,10,13,42,0,65,7,0,7,72
09/04/2022,TOL,OH,AGL,CE,Combined TRACON& Tower with Radar,10,8,15,0,33,0,1,3,0,4,10,9,18,0,37,0,0,0,37
09/05/2022,TOL,OH,AGL,CE,Combined TRACON& Tower with Radar,7,11,15,9,42,0,0,4,1,5,7,11,19,10,47,0,0,0,47
09/06/2022,TOL,OH,AGL,CE,Combined TRACON& Tower with Radar,12,5,24,11,52,0,1,12,0,13,12,6,36,11,65,6,6,12,77
09/07/2022,TOL,OH,AGL,CE,Combined TRACON& Tower with Radar,8,10,35,19,72,0,3,28,2,33,8,13,63,21,105,40,18,58,163
09/08/2022,TOL,OH,AGL,CE,Combined TRACON& Tower with Radar,8,7,37,13,65,0,6,32,0,38,8,13,69,13,103,36,0,36,139
09/09/2022,TOL,OH,AGL,CE,Combined TRACON& Tower with Radar,9,0,15,0,24,0,6,22,0,28,9,6,37,0,52,2,0,2,54
09/10/2022,TOL,OH,AGL,CE,Combined TRACON& Tower with Radar,10,8,11,4,33,0,2,10,0,12,10,10,21,4,45,0,10,10,55
09/11/2022,TOL,OH,AGL,CE,Combined TRACON& Tower with Radar,9,2,25,7,43,0,1,0,2,3,9,3,25,9,46,0,22,22,68
09/12/2022,TOL,OH,AGL,CE,Combined TRACON& Tower with Radar,5,7,34,14,60,0,3,18,0,21,5,10,52,14,81,8,4,12,93
09/13/2022,TOL,OH,AGL,CE,Combined TRACON& Tower with Radar,12,2,45,8,67,0,2,17,0,19,12,4,62,8,86,0,0,0,86
09/14/2022,TOL,OH,AGL,CE,Combined TRACON& Tower with Radar,10,5,33,10,58,0,4,19,0,23,10,9,52,10,81,30,4,34,115
09/15/2022,TOL,OH,AGL,CE,Combined TRACON& Tower with Radar,8,12,43,14,77,0,7,27,0,34,8,19,70,14,111,32,0,32,143
09/16/2022,TOL,OH,AGL,CE,Combined TRACON& Tower with Radar,12,10,31,0,53,0,7,29,0,36,12,17,60,0,89,2,0,2,91
09/17/2022,TOL,OH,AGL,CE,Combined TRACON& Tower with Radar,6,9,26,0,41,0,4,31,0,35,6,13,57,0,76,26,0,26,102
09/18/2022,TOL,OH,AGL,CE,Combined TRACON& Tower with Radar,8,3,19,0,30,0,13,28,0,41,8,16,47,0,71,0,0,0,71
09/19/2022,TOL,OH,AGL,CE,Combined TRACON& Tower with Radar,7,9,29,1,46,0,10,35,0,45,7,19,64,1,91,28,0,28,119
09/20/2022,TOL,OH,AGL,CE,Combined TRACON& Tower with Radar,11,8,30,2,51,0,6,19,0,25,11,14,49,2,76,4,0,4,80
09/21/2022,TOL,OH,AGL,CE,Combined TRACON& Tower with Radar,9,13,28,0,50,0,13,12,2,27,9,26,40,2,77,6,0,6,83
09/22/2022,TOL,OH,AGL,CE,Combined TRACON& Tower with Radar,10,10,32,1,53,0,2,12,0,14,10,12,44,1,67,16,0,16,83
09/23/2022,TOL,OH,AGL,CE,Combined TRACON& Tower with Radar,10,6,19,3,38,0,4,30,0,34,10,10,49,3,72,28,0,28,100
09/24/2022,TOL,OH,AGL,CE,Combined TRACON& Tower with Radar,8,8,9,0,25,0,4,20,0,24,8,12,29,0,49,0,0,0,49
09/25/2022,TOL,OH,AGL,CE,Combined TRACON& Tower with Radar,12,12,15,0,39,0,0,0,0,0,12,12,15,0,39,2,10,12,51
09/26/2022,TOL,OH,AGL,CE,Combined TRACON& Tower with Radar,9,7,30,3,49,0,4,5,2,11,9,11,35,5,60,0,0,0,60
09/27/2022,TOL,OH,AGL,CE,Combined TRACON& Tower with Radar,8,5,21,8,42,0,6,14,0,20,8,11,35,8,62,36,0,36,98
09/28/2022,TOL,OH,AGL,CE,Combined TRACON& Tower with Radar,7,20,43,4,74,0,3,19,1,23,7,23,62,5,97,48,2,50,147
09/29/2022,TOL,OH,AGL,CE,Combined TRACON& Tower with Radar,8,16,36,0,60,0,4,26,0,30,8,20,62,0,90,40,0,40,130
09/30/2022,TOL,OH,AGL,CE,Combined TRACON& Tower with Radar,7,7,28,0,42,0,3,38,0,41,7,10,66,0,83,43,0,43,126
10/01/2022,TOL,OH,AGL,CE,Combined TRACON& Tower with Radar,9,4,12,4,29,0,10,9,1,20,9,14,21,5,49,0,0,0,49
10/02/2022,TOL,OH,AGL,CE,Combined TRACON& Tower with Radar,14,6,27,0,47,0,6,21,0,27,14,12,48,0,74,6,0,6,80
10/03/2022,TOL,OH,AGL,CE,Combined TRACON& Tower with Radar,5,9,29,24,67,0,7,16,0,23,5,16,45,24,90,18,20,38,128
10/04/2022,TOL,OH,AGL,CE,Combined TRACON& Tower with Radar,9,25,47,7,88,0,5,59,0,64,9,30,106,7,152,139,6,145,297
10/05/2022,TOL,OH,AGL,CE,Combined TRACON& Tower with Radar,9,5,29,12,55,0,5,42,1,48,9,10,71,13,103,52,0,52,155
10/06/2022,TOL,OH,AGL,CE,Combined TRACON& Tower with Radar,10,20,35,9,74,0,6,17,0,23,10,26,52,9,97,10,0,10,107
10/07/2022,TOL,OH,AGL,CE,Combined TRACON& Tower with Radar,10,18,42,3,73,0,2,16,0,18,10,20,58,3,91,8,0,8,99
10/08/2022,TOL,OH,AGL,CE,Combined TRACON& Tower with Radar,12,1,10,0,23,0,4,21,0,25,12,5,31,0,48,7,0,7,55
10/09/2022,TOL,OH,AGL,CE,Combined TRACON& Tower with Radar,11,11,16,0,38,0,0,25,0,25,11,11,41,0,63,0,0,0,63
10/10/2022,TOL,OH,AGL,CE,Combined TRACON& Tower with Radar,7,8,31,0,46,0,10,27,0,37,7,18,58,0,83,24,0,24,107
10/11/2022,TOL,OH,AGL,CE,Combined TRACON& Tower with Radar,11,12,30,17,70,0,4,34,1,39,11,16,64,18,109,34,0,34,143
10/12/2022,TOL,OH,AGL,CE,Combined TRACON& Tower with Radar,13,20,15,15,63,0,6,8,0,14,13,26,23,15,77,0,2,2,79
10/13/2022,TOL,OH,AGL,CE,Combined TRACON& Tower with Radar,9,3,39,8,59,0,6,10,0,16,9,9,49,8,75,14,0,14,89
10/14/2022,TOL,OH,AGL,CE,Combined TRACON& Tower with Radar,10,12,14,0,36,0,4,19,0,23,10,16,33,0,59,22,0,22,81
10/15/2022,TOL,OH,AGL,CE,Combined TRACON& Tower with Radar,11,4,3,11,29,0,7,24,1,32,11,11,27,12,61,0,0,0,61
10/16/2022,TOL,OH,AGL,CE,Combined TRACON& Tower with Radar,6,5,30,9,50,0,3,36,0,39,6,8,66,9,89,27,2,29,118
10/17/2022,TOL,OH,AGL,CE,Combined TRACON& Tower with Radar,9,5,19,14,47,0,4,3,0,7,9,9,22,14,54,0,0,0,54
10/18/2022,TOL,OH,AGL,CE,Combined TRACON& Tower with Radar,10,11,30,8,59,0,0,4,0,4,10,11,34,8,63,0,0,0,63
10/19/2022,TOL,OH,AGL,CE,Combined TRACON& Tower with Radar,11,13,16,8,48,0,3,13,1,17,11,16,29,9,65,37,12,49,114
10/20/2022,TOL,OH,AGL,CE,Combined TRACON& Tower with Radar,7,10,29,8,54,0,8,10,0,18,7,18,39,8,72,0,24,24,96
10/21/2022,TOL,OH,AGL,CE,Combined TRACON& Tower with Radar,13,7,21,7,48,0,4,15,3,22,13,11,36,10,70,8,4,12,82
10/22/2022,TOL,OH,AGL,CE,Combined TRACON& Tower with Radar,16,9,8,0,33,0,2,16,0,18,16,11,24,0,51,0,0,0,51
10/23/2022,TOL,OH,AGL,CE,Combined TRACON& Tower with Radar,10,15,25,4,54,0,2,30,0,32,10,17,55,4,86,60,0,60,146
10/24/2022,TOL,OH,AGL,CE,Combined TRACON& Tower with Radar,11,11,31,17,70,0,7,14,1,22,11,18,45,18,92,0,14,14,106
10/25/2022,TOL,OH,AGL,CE,Combined TRACON& Tower with Radar,11,12,29,18,70,0,9,41,2,52,11,21,70,20,122,31,12,43,165
10/26/2022,TOL,OH,AGL,CE,Combined TRACON& Tower with Radar,12,0,34,11,57,0,0,8,0,8,12,0,42,11,65,20,0,20,85
10/27/2022,TOL,OH,AGL,CE,Combined TRACON& Tower with Radar,10,7,42,2,61,0,2,29,0,31,10,9,71,2,92,14,0,14,106
10/28/2022,TOL,OH,AGL,CE,Combined TRACON& Tower with Radar,11,8,20,4,43,0,6,21,0,27,11,14,41,4,70,0,0,0,70
10/29/2022,TOL,OH,AGL,CE,Combined TRACON& Tower with Radar,12,11,10,6,39,0,4,52,0,56,12,15,62,6,95,4,0,4,99
10/30/2022,TOL,OH,AGL,CE,Combined TRACON& Tower with Radar,11,11,19,0,41,0,1,15,0,16,11,12,34,0,57,4,0,4,61
10/31/2022,TOL,OH,AGL,CE,Combined TRACON& Tower with Radar,12,10,30,3,55,0,0,0,0,0,12,10,30,3,55,0,0,0,55
11/01/2022,TOL,OH,AGL,CE,Combined TRACON& Tower with Radar,20,9,40,0,69,0,1,12,0,13,20,10,52,0,82,44,0,44,126
11/02/2022,TOL,OH,AGL,CE,Combined TRACON& Tower with Radar,12,11,16,2,41,0,6,16,0,22,12,17,32,2,63,38,0,38,101
11/03/2022,TOL,OH,AGL,CE,Combined TRACON& Tower with Radar,16,3,29,0,48,0,3,17,0,20,16,6,46,0,68,46,0,46,114
11/04/2022,TOL,OH,AGL,CE,Combined TRACON& Tower with Radar,13,8,11,0,32,0,4,15,0,19,13,12,26,0,51,54,0,54,105
11/05/2022,TOL,OH,AGL,CE,Combined TRACON& Tower with Radar,17,2,5,2,26,0,1,2,0,3,17,3,7,2,29,0,0,0,29
11/06/2022,TOL,OH,AGL,CE,Combined TRACON& Tower with Radar,16,6,17,0,39,0,7,27,0,34,16,13,44,0,73,16,0,16,89
11/07/2022,TOL,OH,AGL,CE,Combined TRACON& Tower with Radar,9,9,36,3,57,0,10,33,0,43,9,19,69,3,100,12,0,12,112
11/08/2022,TOL,OH,AGL,CE,Combined TRACON& Tower with Radar,14,1,48,7,70,0,9,32,0,41,14,10,80,7,111,6,0,6,117
11/09/2022,TOL,OH,AGL,CE,Combined TRACON& Tower with Radar,16,4,43,6,69,1,7,24,0,32,17,11,67,6,101,8,8,16,117
11/10/2022,TOL,OH,AGL,CE,Combined TRACON& Tower with Radar,13,4,39,5,61,0,9,25,1,35,13,13,64,6,96,38,0,38,134
11/11/2022,TOL,OH,AGL,CE,Combined TRACON& Tower with Radar,12,1,31,0,44,0,6,15,0,21,12,7,46,0,65,0,0,0,65
11/12/2022,TOL,OH,AGL,CE,Combined TRACON& Tower with Radar,19,5,12,0,36,0,7,2,0,9,19,12,14,0,45,8,0,8,53
11/13/2022,TOL,OH,AGL,CE,Combined TRACON& Tower with Radar,12,3,22,0,37,0,3,16,0,19,12,6,38,0,56,18,0,18,74
11/14/2022,TOL,OH,AGL,CE,Combined TRACON& Tower with Radar,11,8,18,11,48,0,3,13,0,16,11,11,31,11,64,0,0,0,64
11/15/2022,TOL,OH,AGL,CE,Combined TRACON& Tower with Radar,14,11,36,6,67,0,1,6,0,7,14,12,42,6,74,47,0,47,121
11/16/2022,TOL,OH,AGL,CE,Combined TRACON& Tower with Radar,18,2,27,8,55,0,0,2,0,2,18,2,29,8,57,4,0,4,61
11/17/2022,TOL,OH,AGL,CE,Combined TRACON& Tower with Radar,15,2,33,14,64,0,0,5,0,5,15,2,38,14,69,0,0,0,69
11/18/2022,TOL,OH,AGL,CE,Combined TRACON& Tower with Radar,16,0,14,1,31,0,2,5,0,7,16,2,19,1,38,0,0,0,38
11/19/2022,TOL,OH,AGL,CE,Combined TRACON& Tower with Radar,13,3,13,1,30,0,1,3,0,4,13,4,16,1,34,0,0,0,34
11/20/2022,TOL,OH,AGL,CE,Combined TRACON& Tower with Radar,14,6,17,1,38,0,5,18,0,23,14,11,35,1,61,6,0,6,67
11/21/2022,TOL,OH,AGL,CE,Combined TRACON& Tower with Radar,14,12,23,15,64,0,2,8,1,11,14,14,31,16,75,6,8,14,89
11/22/2022,TOL,OH,AGL,CE,Combined TRACON& Tower with Radar,18,13,37,14,82,0,10,57,0,67,18,23,94,14,149,21,10,31,180
11/23/2022,TOL,OH,AGL,CE,Combined TRACON& Tower with Radar,14,10,28,17,69,0,1,22,2,25,14,11,50,19,94,8,10,18,112
11/24/2022,TOL,OH,AGL,CE,Combined TRACON& Tower with Radar,7,4,3,0,14,0,7,9,0,16,7,11,12,0,30,0,0,0,30
11/25/2022,TOL,OH,AGL,CE,Combined TRACON& Tower with Radar,10,3,17,0,30,0,4,26,0,30,10,7,43,0,60,0,0,0,60
11/26/2022,TOL,OH,AGL,CE,Combined TRACON& Tower with Radar,13,3,28,0,44,0,4,31,0,35,13,7,59,0,79,14,0,14,93
11/27/2022,TOL,OH,AGL,CE,Combined TRACON& Tower with Radar,10,0,19,0,29,0,1,0,0,1,10,1,19,0,30,0,0,0,30
11/28/2022,TOL,OH,AGL,CE,Combined TRACON& Tower with Radar,12,2,31,12,57,0,2,19,0,21,12,4,50,12,78,6,2,8,86
11/29/2022,TOL,OH,AGL,CE,Combined TRACON& Tower with Radar,20,2,25,17,64,0,3,10,0,13,20,5,35,17,77,4,8,12,89
11/30/2022,TOL,OH,AGL,CE,Combined TRACON& Tower with Radar,20,5,19,17,61,0,2,2,1,5,20,7,21,18,66,0,8,8,74
12/01/2022,TOL,OH,AGL,CE,Combined TRACON& Tower with Radar,14,12,42,10,78,0,5,31,0,36,14,17,73,10,114,16,18,34,148
12/02/2022,TOL,OH,AGL,CE,Combined TRACON& Tower with Radar,13,9,15,0,37,0,10,6,0,16,13,19,21,0,53,0,0,0,53
12/03/2022,TOL,OH,AGL,CE,Combined TRACON& Tower with Radar,23,4,7,14,48,0,2,6,0,8,23,6,13,14,56,14,6,20,76
12/04/2022,TOL,OH,AGL,CE,Combined TRACON& Tower with Radar,9,12,29,4,54,0,3,39,1,43,9,15,68,5,97,4,8,12,109
12/05/2022,TOL,OH,AGL,CE,Combined TRACON& Tower with Radar,17,14,23,15,69,0,6,28,0,34,17,20,51,15,103,20,0,20,123
12/06/2022,TOL,OH,AGL,CE,Combined TRACON& Tower with Radar,11,10,46,13,80,0,0,3,0,3,11,10,49,13,83,0,0,0,83
12/07/2022,TOL,OH,AGL,CE,Combined TRACON& Tower with Radar,19,16,29,6,70,0,0,0,0,0,19,16,29,6,70,0,0,0,70
12/08/2022,TOL,OH,AGL,CE,Combined TRACON& Tower with Radar,17,3,41,13,74,0,4,7,0,11,17,7,48,13,85,28,0,28,113
12/09/2022,TOL,OH,AGL,CE,Combined TRACON& Tower with Radar,18,9,26,1,54,0,2,0,0,2,18,11,26,1,56,8,0,8,64
12/10/2022,TOL,OH,AGL,CE,Combined TRACON& Tower with Radar,19,13,14,0,46,0,5,6,0,11,19,18,20,0,57,0,0,0,57
12/11/2022,TOL,OH,AGL,CE,Combined TRACON& Tower with Radar,26,10,17,0,53,0,0,2,0,2,26,10,19,0,55,0,0,0,55
12/12/2022,TOL,OH,AGL,CE,Combined TRACON& Tower with Radar,14,13,35,16,78,0,4,19,1,24,14,17,54,17,102,20,0,20,122
12/13/2022,TOL,OH,AGL,CE,Combined TRACON& Tower with Radar,17,6,33,13,69,0,2,21,1,24,17,8,54,14,93,111,0,111,204
12/14/2022,TOL,OH,AGL,CE,Combined TRACON& Tower with Radar,22,3,28,22,75,0,6,7,1,14,22,9,35,23,89,0,0,0,89
12/15/2022,TOL,OH,AGL,CE,Combined TRACON& Tower with Radar,28,11,27,12,78,0,4,13,1,18,28,15,40,13,96,6,0,6,102
12/16/2022,TOL,OH,AGL,CE,Combined TRACON& Tower with Radar,19,6,22,1,48,0,0,14,0,14,19,6,36,1,62,24,0,24,86
12/17/2022,TOL,OH,AGL,CE,Combined TRACON& Tower with Radar,26,4,12,0,42,0,0,10,0,10,26,4,22,0,52,4,0,4,56
12/18/2022,TOL,OH,AGL,CE,Combined TRACON& Tower with Radar,20,1,14,0,35,0,6,4,0,10,20,7,18,0,45,0,0,0,45
12/19/2022,TOL,OH,AGL,CE,Combined TRACON& Tower with Radar,20,16,24,14,74,0,1,7,0,8,20,17,31,14,82,2,12,14,96
12/20/2022,TOL,OH,AGL,CE,Combined TRACON& Tower with Radar,21,10,38,9,78,0,7,39,0,46,21,17,77,9,124,31,16,47,171
12/21/2022,TOL,OH,AGL,CE,Combined TRACON& Tower with Radar,29,9,26,16,80,0,4,23,0,27,29,13,49,16,107,24,0,24,131
12/22/2022,TOL,OH,AGL,CE,Combined TRACON& Tower with Radar,22,11,19,10,62,0,0,7,0,7,22,11,26,10,69,2,0,2,71
12/23/2022,TOL,OH,AGL,CE,Combined TRACON& Tower with Radar,1,1,2,0,4,0,0,0,0,0,1,1,2,0,4,0,0,0,4
12/24/2022,TOL,OH,AGL,CE,Combined TRACON& Tower with Radar,7,3,6,0,16,0,0,0,0,0,7,3,6,0,16,0,0,0,16
12/25/2022,TOL,OH,AGL,CE,Combined TRACON& Tower with Radar,7,1,6,0,14,0,1,1,0,2,7,2,7,0,16,0,0,0,16
12/26/2022,TOL,OH,AGL,CE,Combined TRACON& Tower with Radar,4,2,16,0,22,0,2,8,0,10,4,4,24,0,32,0,0,0,32
12/27/2022,TOL,OH,AGL,CE,Combined TRACON& Tower with Radar,10,4,12,6,32,0,1,5,0,6,10,5,17,6,38,6,0,6,44
12/28/2022,TOL,OH,AGL,CE,Combined TRACON& Tower with Radar,12,4,17,10,43,0,6,12,3,21,12,10,29,13,64,2,6,8,72
12/29/2022,TOL,OH,AGL,CE,Combined TRACON& Tower with Radar,8,5,6,5,24,0,6,3,0,9,8,11,9,5,33,0,0,0,33
12/30/2022,TOL,OH,AGL,CE,Combined TRACON& Tower with Radar,8,0,9,0,17,0,0,0,0,0,8,0,9,0,17,0,0,0,17
12/31/2022,TOL,OH,AGL,CE,Combined TRACON& Tower with Radar,7,0,5,0,12,0,0,0,0,0,7,0,5,0,12,0,0,0,12
01/01/2023,TOL,OH,AGL,CE,Combined TRACON& Tower with Radar,4,2,13,0,19,0,0,0,0,0,4,2,13,0,19,0,0,0,19
01/02/2023,TOL,OH,AGL,CE,Combined TRACON& Tower with Radar,9,2,15,0,26,0,0,0,0,0,9,2,15,0,26,0,0,0,26
01/03/2023,TOL,OH,AGL,CE,Combined TRACON& Tower with Radar,6,8,14,0,28,0,0,0,0,0,6,8,14,0,28,0,0,0,28
01/04/2023,TOL,OH,AGL,CE,Combined TRACON& Tower with Radar,3,4,41,22,70,0,1,9,0,10,3,5,50,22,80,32,12,44,124
01/05/2023,TOL,OH,AGL,CE,Combined TRACON& Tower with Radar,8,6,31,13,58,0,8,11,1,20,8,14,42,14,78,8,12,20,98
01/06/2023,TOL,OH,AGL,CE,Combined TRACON& Tower with Radar,9,1,14,1,25,0,0,0,0,0,9,1,14,1,25,0,0,0,25
01/07/2023,TOL,OH,AGL,CE,Combined TRACON& Tower with Radar,11,5,11,11,38,0,3,7,0,10,11,8,18,11,48,18,12,30,78
01/08/2023,TOL,OH,AGL,CE,Combined TRACON& Tower with Radar,14,3,29,12,58,0,1,29,0,30,14,4,58,12,88,16,4,20,108
01/09/2023,TOL,OH,AGL,CE,Combined TRACON& Tower with Radar,9,3,23,20,55,0,8,18,1,27,9,11,41,21,82,57,12,69,151
01/10/2023,TOL,OH,AGL,CE,Combined TRACON& Tower with Radar,16,6,42,8,72,0,6,10,0,16,16,12,52,8,88,14,10,24,112
01/11/2023,TOL,OH,AGL,CE,Combined TRACON& Tower with Radar,8,13,19,14,54,0,0,6,0,6,8,13,25,14,60,0,0,0,60
01/12/2023,TOL,OH,AGL,CE,Combined TRACON& Tower with Radar,14,12,12,0,38,0,0,0,0,0,14,12,12,0,38,0,0,0,38
01/13/2023,TOL,OH,AGL,CE,Combined TRACON& Tower with Radar,9,9,15,2,35,0,0,7,1,8,9,9,22,3,43,0,0,0,43
01/14/2023,TOL,OH,AGL,CE,Combined TRACON& Tower with Radar,9,5,17,7,38,0,7,52,0,59,9,12,69,7,97,45,0,45,142
01/15/2023,TOL,OH,AGL,CE,Combined TRACON& Tower with Radar,11,3,16,4,34,0,3,30,0,33,11,6,46,4,67,18,0,18,85
01/16/2023,TOL,OH,AGL,CE,Combined TRACON& Tower with Radar,6,9,18,2,35,0,0,18,0,18,6,9,36,2,53,16,0,16,69
01/17/2023,TOL,OH,AGL,CE,Combined TRACON& Tower with Radar,8,9,17,13,47,0,0,6,4,10,8,9,23,17,57,8,10,18,75
01/18/2023,TOL,OH,AGL,CE,Combined TRACON& Tower with Radar,7,9,15,18,49,0,3,14,0,17,7,12,29,18,66,24,4,28,94
01/19/2023,TOL,OH,AGL,CE,Combined TRACON& Tower with Radar,16,6,20,6,48,0,0,1,0,1,16,6,21,6,49,0,6,6,55
01/20/2023,TOL,OH,AGL,CE,Combined TRACON& Tower with Radar,11,11,20,0,42,0,0,8,0,8,11,11,28,0,50,6,0,6,56
01/21/2023,TOL,OH,AGL,CE,Combined TRACON& Tower with Radar,12,8,17,6,43,0,3,14,0,17,12,11,31,6,60,16,0,16,76
01/22/2023,TOL,OH,AGL,CE,Combined TRACON& Tower with Radar,12,7,6,4,29,0,0,0,0,0,12,7,6,4,29,0,0,0,29
01/23/2023,TOL,OH,AGL,CE,Combined TRACON& Tower with Radar,9,21,18,4,52,0,2,19,0,21,9,23,37,4,73,24,0,24,97
01/24/2023,TOL,OH,AGL,CE,Combined TRACON& Tower with Radar,15,8,32,12,67,0,0,19,0,19,15,8,51,12,86,14,2,16,102
01/25/2023,TOL,OH,AGL,CE,Combined TRACON& Tower with Radar,11,12,3,0,26,0,0,0,0,0,11,12,3,0,26,0,0,0,26
01/26/2023,TOL,OH,AGL,CE,Combined TRACON& Tower with Radar,14,19,18,0,51,0,0,0,0,0,14,19,18,0,51,0,0,0,51
01/27/2023,TOL,OH,AGL,CE,Combined TRACON& Tower with Radar,16,10,15,0,41,0,4,11,0,15,16,14,26,0,56,0,0,0,56
01/28/2023,TOL,OH,AGL,CE,Combined TRACON& Tower with Radar,16,6,23,6,51,0,2,22,0,24,16,8,45,6,75,0,0,0,75
01/29/2023,TOL,OH,AGL,CE,Combined TRACON& Tower with Radar,14,13,4,8,39,0,0,0,0,0,14,13,4,8,39,6,0,6,45
01/30/2023,TOL,OH,AGL,CE,Combined TRACON& Tower with Radar,12,6,20,10,48,0,0,3,0,3,12,6,23,10,51,10,0,10,61
01/31/2023,TOL,OH,AGL,CE,Combined TRACON& Tower with Radar,10,5,38,16,69,0,6,32,0,38,10,11,70,16,107,1,18,19,126
02/01/2023,TOL,OH,AGL,CE,Combined TRACON& Tower with Radar,6,5,39,19,69,0,7,57,1,65,6,12,96,20,134,30,18,48,182
02/02/2023,TOL,OH,AGL,CE,Combined TRACON& Tower with Radar,8,16,32,5,61,0,10,12,2,24,8,26,44,7,85,8,6,14,99
02/03/2023,TOL,OH,AGL,CE,Combined TRACON& Tower with Radar,12,2,29,4,47,0,10,23,0,33,12,12,52,4,80,14,0,14,94
02/04/2023,TOL,OH,AGL,CE,Combined TRACON& Tower with Radar,14,3,13,4,34,0,6,6,1,13,14,9,19,5,47,6,2,8,55
02/05/2023,TOL,OH,AGL,CE,Combined TRACON& Tower with Radar,14,9,16,11,50,0,6,14,0,20,14,15,30,11,70,12,12,24,94
02/06/2023,TOL,OH,AGL,CE,Combined TRACON& Tower with Radar,8,14,30,9,61,0,4,11,0,15,8,18,41,9,76,12,0,12,88
02/07/2023,TOL,OH,AGL,CE,Combined TRACON& Tower with Radar,12,6,33,8,59,0,6,5,0,11,12,12,38,8,70,6,2,8,78
02/08/2023,TOL,OH,AGL,CE,Combined TRACON& Tower with Radar,14,7,45,18,84,0,4,46,0,50,14,11,91,18,134,34,4,38,172
02/09/2023,TOL,OH,AGL,CE,Combined TRACON& Tower with Radar,18,9,11,6,44,0,0,0,0,0,18,9,11,6,44,0,0,0,44
02/10/2023,TOL,OH,AGL,CE,Combined TRACON& Tower with Radar,14,11,19,0,44,0,3,10,0,13,14,14,29,0,57,0,0,0,57
02/11/2023,TOL,OH,AGL,CE,Combined TRACON& Tower with Radar,14,7,26,0,47,0,9,43,0,52,14,16,69,0,99,40,0,40,139
02/12/2023,TOL,OH,AGL,CE,Combined TRACON& Tower with Radar,21,5,20,4,50,0,3,34,0,37,21,8,54,4,87,20,0,20,107
02/13/2023,TOL,OH,AGL,CE,Combined TRACON& Tower with Radar,11,5,38,17,71,0,10,18,1,29,11,15,56,18,100,10,16,26,126
02/14/2023,TOL,OH,AGL,CE,Combined TRACON& Tower with Radar,14,6,38,16,74,0,2,31,1,34,14,8,69,17,108,18,13,31,139
02/15/2023,TOL,OH,AGL,CE,Combined TRACON& Tower with Radar,15,11,18,14,58,0,1,3,2,6,15,12,21,16,64,0,0,0,64
02/16/2023,TOL,OH,AGL,CE,Combined TRACON& Tower with Radar,17,15,11,0,43,0,2,4,0,6,17,17,15,0,49,0,0,0,49
02/17/2023,TOL,OH,AGL,CE,Combined TRACON& Tower with Radar,15,8,18,0,41,0,2,5,0,7,15,10,23,0,48,14,0,14,62
02/18/2023,TOL,OH,AGL,CE,Combined TRACON& Tower with Radar,14,2,18,0,34,0,10,11,0,21,14,12,29,0,55,0,0,0,55
02/19/2023,TOL,OH,AGL,CE,Combined TRACON& Tower with Radar,12,4,23,0,39,0,5,10,0,15,12,9,33,0,54,0,0,0,54
02/20/2023,TOL,OH,AGL,CE,Combined TRACON& Tower with Radar,11,7,47,0,65,0,8,32,0,40,11,15,79,0,105,12,0,12,117
02/21/2023,TOL,OH,AGL,CE,Combined TRACON& Tower with Radar,13,9,34,11,67,0,5,11,2,18,13,14,45,13,85,2,2,4,89
02/22/2023,TOL,OH,AGL,CE,Combined TRACON& Tower with Radar,20,6,12,0,38,0,0,0,0,0,20,6,12,0,38,0,0,0,38
02/23/2023,TOL,OH,AGL,CE,Combined TRACON& Tower with Radar,11,2,29,0,42,0,0,5,0,5,11,2,34,0,47,0,0,0,47
02/24/2023,TOL,OH,AGL,CE,Combined TRACON& Tower with Radar,13,6,50,0,69,0,0,42,0,42,13,6,92,0,111,71,0,71,182
02/25/2023,TOL,OH,AGL,CE,Combined TRACON& Tower with Radar,17,10,9,6,42,0,0,24,0,24,17,10,33,6,66,24,4,28,94
02/26/2023,TOL,OH,AGL,CE,Combined TRACON& Tower with Radar,9,5,24,8,46,0,3,33,0,36,9,8,57,8,82,18,6,24,106
02/27/2023,TOL,OH,AGL,CE,Combined TRACON& Tower with Radar,11,11,12,2,36,0,3,0,0,3,11,14,12,2,39,0,0,0,39
02/28/2023,TOL,OH,AGL,CE,Combined TRACON& Tower with Radar,9,11,39,12,71,0,5,41,0,46,9,16,80,12,117,43,4,47,164
03/01/2023,TOL,OH,AGL,CE,Combined TRACON& Tower with Radar,11,12,37,13,73,0,16,37,0,53,11,28,74,13,126,20,6,26,152
03/02/2023,TOL,OH,AGL,CE,Combined TRACON& Tower with Radar,12,6,31,15,64,0,6,22,0,28,12,12,53,15,92,32,10,42,134
03/03/2023,TOL,OH,AGL,CE,Combined TRACON& Tower with Radar,9,6,5,0,20,0,0,4,0,4,9,6,9,0,24,12,27,39,63
03/04/2023,TOL,OH,AGL,CE,Combined TRACON& Tower with Radar,20,10,26,8,64,0,2,22,2,26,20,12,48,10,90,0,0,0,90
03/05/2023,TOL,OH,AGL,CE,Combined TRACON& Tower with Radar,7,8,38,7,60,0,2,59,0,61,7,10,97,7,121,8,0,8,129
03/06/2023,TOL,OH,AGL,CE,Combined TRACON& Tower with Radar,9,5,17,11,42,0,0,2,0,2,9,5,19,11,44,0,4,4,48
03/07/2023,TOL,OH,AGL,CE,Combined TRACON& Tower with Radar,16,2,44,10,72,0,5,38,0,43,16,7,82,10,115,56,2,58,173
03/08/2023,TOL,OH,AGL,CE,Combined TRACON& Tower with Radar,14,10,30,16,70,0,4,45,0,49,14,14,75,16,119,29,0,29,148
03/09/2023,TOL,OH,AGL,CE,Combined TRACON& Tower with Radar,10,12,35,7,64,0,0,38,0,38,10,12,73,7,102,17,8,25,127
03/10/2023,TOL,OH,AGL,CE,Combined TRACON& Tower with Radar,14,7,4,0,25,0,0,0,0,0,14,7,4,0,25,10,0,10,35
03/11/2023,TOL,OH,AGL,CE,Combined TRACON& Tower with Radar,17,4,12,10,43,0,5,19,0,24,17,9,31,10,67,0,0,0,67
03/12/2023,TOL,OH,AGL,CE,Combined TRACON& Tower with Radar,8,1,14,6,29,0,0,0,0,0,8,1,14,6,29,0,0,0,29
03/13/2023,TOL,OH,AGL,CE,Combined TRACON& Tower with Radar,9,7,11,5,32,0,0,1,0,1,9,7,12,5,33,0,0,0,33
03/14/2023,TOL,OH,AGL,CE,Combined TRACON& Tower with Radar,17,6,22,10,55,0,5,18,3,26,17,11,40,13,81,29,8,37,118
03/15/2023,TOL,OH,AGL,CE,Combined TRACON& Tower with Radar,19,11,46,23,99,0,9,39,1,49,19,20,85,24,148,36,14,50,198
03/16/2023,TOL,OH,AGL,CE,Combined TRACON& Tower with Radar,14,1,21,10,46,0,2,24,0,26,14,3,45,10,72,6,8,14,86
03/17/2023,TOL,OH,AGL,CE,Combined TRACON& Tower with Radar,12,2,9,3,26,0,6,2,0,8,12,8,11,3,34,0,0,0,34
03/18/2023,TOL,OH,AGL,CE,Combined TRACON& Tower with Radar,12,3,11,6,32,0,1,5,0,6,12,4,16,6,38,2,0,2,40
03/19/2023,TOL,OH,AGL,CE,Combined TRACON& Tower with Radar,9,3,30,7,49,0,6,26,0,32,9,9,56,7,81,12,0,12,93
03/20/2023,TOL,OH,AGL,CE,Combined TRACON& Tower with Radar,8,1,16,20,45,0,6,8,0,14,8,7,24,20,59,2,15,17,76
03/21/2023,TOL,OH,AGL,CE,Combined TRACON& Tower with Radar,11,2,45,10,68,0,2,39,1,42,11,4,84,11,110,24,10,34,144
03/22/2023,TOL,OH,AGL,CE,Combined TRACON& Tower with Radar,12,5,41,10,68,0,0,0,0,0,12,5,41,10,68,4,6,10,78
03/23/2023,TOL,OH,AGL,CE,Combined TRACON& Tower with Radar,9,13,30,9,61,0,0,3,0,3,9,13,33,9,64,0,0,0,64
03/24/2023,TOL,OH,AGL,CE,Combined TRACON& Tower with Radar,11,8,39,0,58,0,3,18,0,21,11,11,57,0,79,0,0,0,79
03/25/2023,TOL,OH,AGL,CE,Combined TRACON& Tower with Radar,17,3,3,4,27,0,0,0,0,0,17,3,3,4,27,0,0,0,27
03/26/2023,TOL,OH,AGL,CE,Combined TRACON& Tower with Radar,8,8,40,10,66,0,4,47,0,51,8,12,87,10,117,0,4,4,121
03/27/2023,TOL,OH,AGL,CE,Combined TRACON& Tower with Radar,14,2,9,4,29,0,0,2,0,2,14,2,11,4,31,0,0,0,31
03/28/2023,TOL,OH,AGL,CE,Combined TRACON& Tower with Radar,15,9,23,12,59,0,12,43,2,57,15,21,66,14,116,66,12,78,194
03/29/2023,TOL,OH,AGL,CE,Combined TRACON& Tower with Radar,19,3,18,25,65,0,4,12,0,16,19,7,30,25,81,8,6,14,95
03/30/2023,TOL,OH,AGL,CE,Combined TRACON& Tower with Radar,13,9,30,15,67,0,6,39,3,48,13,15,69,18,115,14,14,28,143
03/31/2023,TOL,OH,AGL,CE,Combined TRACON& Tower with Radar,15,5,20,2,42,0,0,0,0,0,15,5,20,2,42,0,0,0,42
04/01/2023,TOL,OH,AGL,CE,Combined TRACON& Tower with Radar,17,6,6,0,29,0,4,3,0,7,17,10,9,0,36,0,0,0,36
04/02/2023,TOL,OH,AGL,CE,Combined TRACON& Tower with Radar,8,5,35,0,48,0,0,24,0,24,8,5,59,0,72,20,0,20,92
04/03/2023,TOL,OH,AGL,CE,Combined TRACON& Tower with Radar,7,9,30,15,61,0,4,22,0,26,7,13,52,15,87,32,12,44,131
04/04/2023,TOL,OH,AGL,CE,Combined TRACON& Tower with Radar,16,5,31,8,60,0,3,1,0,4,16,8,32,8,64,2,0,2,66
04/05/2023,TOL,OH,AGL,CE,Combined TRACON& Tower with Radar,15,4,8,6,33,0,4,1,0,5,15,8,9,6,38,0,0,0,38
04/06/2023,TOL,OH,AGL,CE,Combined TRACON& Tower with Radar,13,4,35,8,60,0,15,28,0,43,13,19,63,8,103,8,8,16,119
04/07/2023,TOL,OH,AGL,CE,Combined TRACON& Tower with Radar,9,11,50,2,72,0,13,37,5,55,9,24,87,7,127,12,0,12,139
04/08/2023,TOL,OH,AGL,CE,Combined TRACON& Tower with Radar,13,6,17,4,40,0,1,43,0,44,13,7,60,4,84,13,6,19,103
04/09/2023,TOL,OH,AGL,CE,Combined TRACON& Tower with Radar,6,7,17,0,30,0,2,16,2,20,6,9,33,2,50,2,0,2,52
04/10/2023,TOL,OH,AGL,CE,Combined TRACON& Tower with Radar,8,12,27,17,64,0,12,29,1,42,8,24,56,18,106,0,10,10,116
04/11/2023,TOL,OH,AGL,CE,Combined TRACON& Tower with Radar,11,7,28,31,77,0,7,49,0,56,11,14,77,31,133,17,10,27,160
04/12/2023,TOL,OH,AGL,CE,Combined TRACON& Tower with Radar,11,6,39,22,78,0,10,23,0,33,11,16,62,22,111,14,10,24,135
04/13/2023,TOL,OH,AGL,CE,Combined TRACON& Tower with Radar,7,9,45,23,84,0,12,40,0,52,7,21,85,23,136,0,0,0,136
04/14/2023,TOL,OH,AGL,CE,Combined TRACON& Tower with Radar,10,3,39,0,52,0,8,36,0,44,10,11,75,0,96,26,0,26,122
04/15/2023,TOL,OH,AGL,CE,Combined TRACON& Tower with Radar,10,3,19,0,32,0,6,33,0,39,10,9,52,0,71,6,0,6,77
04/16/2023,TOL,OH,AGL,CE,Combined TRACON& Tower with Radar,6,6,13,0,25,0,5,8,0,13,6,11,21,0,38,2,0,2,40
04/17/2023,TOL,OH,AGL,CE,Combined TRACON& Tower with Radar,8,8,24,15,55,0,0,1,0,1,8,8,25,15,56,0,0,0,56
04/18/2023,TOL,OH,AGL,CE,Combined TRACON& Tower with Radar,14,4,21,24,63,0,9,17,2,28,14,13,38,26,91,8,12,20,111
04/19/2023,TOL,OH,AGL,CE,Combined TRACON& Tower with Radar,13,14,46,15,88,0,8,31,1,40,13,22,77,16,128,56,14,70,198
04/20/2023,TOL,OH,AGL,CE,Combined TRACON& Tower with Radar,7,2,29,9,47,0,9,19,0,28,7,11,48,9,75,0,0,0,75
04/21/2023,TOL,OH,AGL,CE,Combined TRACON& Tower with Radar,8,4,46,1,59,0,2,3,0,5,8,6,49,1,64,24,0,24,88
04/22/2023,TOL,OH,AGL,CE,Combined TRACON& Tower with Radar,12,7,25,0,44,0,0,3,0,3,12,7,28,0,47,0,0,0,47
04/23/2023,TOL,OH,AGL,CE,Combined TRACON& Tower with Radar,8,3,16,2,29,0,2,8,0,10,8,5,24,2,39,0,0,0,39
04/24/2023,TOL,OH,AGL,CE,Combined TRACON& Tower with Radar,7,10,44,14,75,0,10,25,0,35,7,20,69,14,110,20,4,24,134
04/25/2023,TOL,OH,AGL,CE,Combined TRACON& Tower with Radar,8,9,14,15,46,0,0,2,1,3,8,9,16,16,49,30,2,32,81
04/26/2023,TOL,OH,AGL,CE,Combined TRACON& Tower with Radar,12,15,44,25,96,0,6,18,0,24,12,21,62,25,120,34,10,44,164
04/27/2023,TOL,OH,AGL,CE,Combined TRACON& Tower with Radar,8,10,26,16,60,0,1,26,3,30,8,11,52,19,90,14,0,14,104
04/28/2023,TOL,OH,AGL,CE,Combined TRACON& Tower with Radar,6,8,21,0,35,0,0,0,0,0,6,8,21,0,35,6,0,6,41
04/29/2023,TOL,OH,AGL,CE,Combined TRACON& Tower with Radar,10,2,31,0,43,0,2,2,0,4,10,4,33,0,47,0,0,0,47
04/30/2023,TOL,OH,AGL,CE,Combined TRACON& Tower with Radar,6,0,17,5,28,0,2,9,0,11,6,2,26,5,39,0,0,0,39
05/01/2023,TOL,OH,AGL,CE,Combined TRACON& Tower with Radar,7,7,14,0,28,0,0,0,0,0,7,7,14,0,28,0,0,0,28
05/02/2023,TOL,OH,AGL,CE,Combined TRACON& Tower with Radar,7,6,23,12,48,0,0,5,0,5,7,6,28,12,53,0,2,2,55
05/03/2023,TOL,OH,AGL,CE,Combined TRACON& Tower with Radar,12,11,27,19,69,0,7,8,1,16,12,18,35,20,85,6,0,6,91
05/04/2023,TOL,OH,AGL,CE,Combined TRACON& Tower with Radar,9,3,34,4,50,0,8,34,0,42,9,11,68,4,92,10,10,20,112
05/05/2023,TOL,OH,AGL,CE,Combined TRACON& Tower with Radar,7,11,23,20,61,0,2,35,0,37,7,13,58,20,98,38,0,38,136
05/06/2023,TOL,OH,AGL,CE,Combined TRACON& Tower with Radar,9,6,20,20,55,0,5,130,1,136,9,11,150,21,191,0,0,0,191
05/07/2023,TOL,OH,AGL,CE,Combined TRACON& Tower with Radar,7,4,19,2,32,0,1,66,0,67,7,5,85,2,99,22,0,22,121
05/08/2023,TOL,OH,AGL,CE,Combined TRACON& Tower with Radar,8,8,52,18,86,0,0,6,0,6,8,8,58,18,92,6,0,6,98
05/09/2023,TOL,OH,AGL,CE,Combined TRACON& Tower with Radar,8,4,40,12,64,0,5,32,3,40,8,9,72,15,104,30,2,32,136
05/10/2023,TOL,OH,AGL,CE,Combined TRACON& Tower with Radar,11,6,56,19,92,0,10,38,0,48,11,16,94,19,140,12,0,12,152
05/11/2023,TOL,OH,AGL,CE,Combined TRACON& Tower with Radar,8,1,40,20,69,0,3,32,5,40,8,4,72,25,109,34,0,34,143
05/12/2023,TOL,OH,AGL,CE,Combined TRACON& Tower with Radar,9,5,30,0,44,0,2,18,0,20,9,7,48,0,64,18,0,18,82
05/13/2023,TOL,OH,AGL,CE,Combined TRACON& Tower with Radar,9,1,33,0,43,0,0,14,0,14,9,1,47,0,57,0,0,0,57
05/14/2023,TOL,OH,AGL,CE,Combined TRACON& Tower with Radar,8,2,19,3,32,0,6,15,3,24,8,8,34,6,56,6,0,6,62
05/15/2023,TOL,OH,AGL,CE,Combined TRACON& Tower with Radar,8,6,24,15,53,0,14,50,8,72,8,20,74,23,125,4,0,4,129
05/16/2023,TOL,OH,AGL,CE,Combined TRACON& Tower with Radar,7,12,31,32,82,0,4,20,4,28,7,16,51,36,110,10,20,30,140
05/17/2023,TOL,OH,AGL,CE,Combined TRACON& Tower with Radar,9,8,47,33,97,0,6,15,3,24,9,14,62,36,121,14,24,38,159
05/18/2023,TOL,OH,AGL,CE,Combined TRACON& Tower with Radar,9,2,38,14,63,0,8,41,4,53,9,10,79,18,116,34,27,61,177
05/19/2023,TOL,OH,AGL,CE,Combined TRACON& Tower with Radar,5,4,30,0,39,0,6,23,0,29,5,10,53,0,68,0,0,0,68
05/20/2023,TOL,OH,AGL,CE,Combined TRACON& Tower with Radar,10,0,25,0,35,0,3,21,0,24,10,3,46,0,59,14,0,14,73
05/21/2023,TOL,OH,AGL,CE,Combined TRACON& Tower with Radar,11,6,28,0,45,0,3,20,0,23,11,9,48,0,68,28,0,28,96
05/22/2023,TOL,OH,AGL,CE,Combined TRACON& Tower with Radar,6,9,34,15,64,0,8,23,0,31,6,17,57,15,95,2,0,2,97
05/23/2023,TOL,OH,AGL,CE,Combined TRACON& Tower with Radar,8,9,34,18,69,0,2,33,0,35,8,11,67,18,104,24,12,36,140
05/24/2023,TOL,OH,AGL,CE,Combined TRACON& Tower with Radar,8,4,25,26,63,0,2,16,0,18,8,6,41,26,81,40,20,60,141
05/25/2023,TOL,OH,AGL,CE,Combined TRACON& Tower with Radar,10,6,23,31,70,0,3,30,1,34,10,9,53,32,104,0,14,14,118
05/26/2023,TOL,OH,AGL,CE,Combined TRACON& Tower with Radar,7,4,40,0,51,0,6,35,0,41,7,10,75,0,92,4,0,4,96
05/27/2023,TOL,OH,AGL,CE,Combined TRACON& Tower with Radar,10,7,15,1,33,0,8,24,1,33,10,15,39,2,66,0,0,0,66
05/28/2023,TOL,OH,AGL,CE,Combined TRACON& Tower with Radar,8,6,9,4,27,0,8,20,0,28,8,14,29,4,55,4,2,6,61
05/29/2023,TOL,OH,AGL,CE,Combined TRACON& Tower with Radar,4,2,9,2,17,0,3,22,2,27,4,5,31,4,44,10,0,10,54
05/30/2023,TOL,OH,AGL,CE,Combined TRACON& Tower with Radar,11,0,23,18,52,0,6,25,0,31,11,6,48,18,83,2,16,18,101
05/31/2023,TOL,OH,AGL,CE,Combined TRACON& Tower with Radar,7,7,56,17,87,0,10,33,0,43,7,17,89,17,130,64,4,68,198
06/01/2023,TOL,OH,AGL,CE,Combined TRACON& Tower with Radar,7,4,40,13,64,0,4,20,0,24,7,8,60,13,88,0,10,10,98
06/02/2023,TOL,OH,AGL,CE,Combined TRACON& Tower with Radar,8,6,34,0,48,0,6,11,0,17,8,12,45,0,65,10,0,10,75
06/03/2023,TOL,OH,AGL,CE,Combined TRACON& Tower with Radar,8,7,12,11,38,0,3,20,0,23,8,10,32,11,61,4,27,31,92
06/04/2023,TOL,OH,AGL,CE,Combined TRACON& Tower with Radar,6,8,25,10,49,0,3,13,1,17,6,11,38,11,66,0,24,24,90
06/05/2023,TOL,OH,AGL,CE,Combined TRACON& Tower with Radar,6,11,29,19,65,0,3,11,0,14,6,14,40,19,79,26,24,50,129
06/06/2023,TOL,OH,AGL,CE,Combined TRACON& Tower with Radar,9,12,30,13,64,0,9,29,0,38,9,21,59,13,102,14,10,24,126
06/07/2023,TOL,OH,AGL,CE,Combined TRACON& Tower with Radar,9,6,41,15,71,0,5,12,0,17,9,11,53,15,88,8,4,12,100
06/08/2023,TOL,OH,AGL,CE,Combined TRACON& Tower with Radar,8,6,29,20,63,0,8,24,0,32,8,14,53,20,95,8,2,10,105
06/09/2023,TOL,OH,AGL,CE,Combined TRACON& Tower with Radar,10,10,12,0,32,0,4,24,0,28,10,14,36,0,60,4,0,4,64
06/10/2023,TOL,OH,AGL,CE,Combined TRACON& Tower with Radar,11,10,14,0,35,0,5,33,0,38,11,15,47,0,73,6,0,6,79
06/11/2023,TOL,OH,AGL,CE,Combined TRACON& Tower with Radar,7,4,19,0,30,0,1,11,0,12,7,5,30,0,42,0,0,0,42
06/12/2023,TOL,OH,AGL,CE,Combined TRACON& Tower with Radar,9,9,41,12,71,0,6,13,0,19,9,15,54,12,90,12,4,16,106
06/13/2023,TOL,OH,AGL,CE,Combined TRACON& Tower with Radar,12,4,23,11,50,0,3,3,1,7,12,7,26,12,57,0,6,6,63
06/14/2023,TOL,OH,AGL,CE,Combined TRACON& Tower with Radar,16,7,43,37,103,0,6,31,2,39,16,13,74,39,142,12,0,12,154
06/15/2023,TOL,OH,AGL,CE,Combined TRACON& Tower with Radar,13,4,26,22,65,0,6,18,0,24,13,10,44,22,89,2,28,30,119
06/16/2023,TOL,OH,AGL,CE,Combined TRACON& Tower with Radar,12,1,25,4,42,0,0,10,0,10,12,1,35,4,52,0,0,0,52
06/17/2023,TOL,OH,AGL,CE,Combined TRACON& Tower with Radar,7,2,21,0,30,0,4,27,0,31,7,6,48,0,61,0,0,0,61
06/18/2023,TOL,OH,AGL,CE,Combined TRACON& Tower with Radar,8,2,14,0,24,0,5,17,1,23,8,7,31,1,47,6,0,6,53
06/19/2023,TOL,OH,AGL,CE,Combined TRACON& Tower with Radar,6,7,31,0,44,0,6,25,0,31,6,13,56,0,75,2,0,2,77
06/20/2023,TOL,OH,AGL,CE,Combined TRACON& Tower with Radar,7,12,28,14,61,0,3,25,0,28,7,15,53,14,89,41,0,41,130
06/21/2023,TOL,OH,AGL,CE,Combined TRACON& Tower with Radar,10,8,22,10,50,0,4,31,0,35,10,12,53,10,85,22,33,55,140
06/22/2023,TOL,OH,AGL,CE,Combined TRACON& Tower with Radar,11,6,27,13,57,0,12,17,0,29,11,18,44,13,86,0,11,11,97
06/23/2023,TOL,OH,AGL,CE,Combined TRACON& Tower with Radar,12,2,23,2,39,0,0,1,0,1,12,2,24,2,40,0,0,0,40
06/24/2023,TOL,OH,AGL,CE,Combined TRACON& Tower with Radar,13,4,35,0,52,0,3,10,0,13,13,7,45,0,65,0,0,0,65
06/25/2023,TOL,OH,AGL,CE,Combined TRACON& Tower with Radar,8,2,20,0,30,0,2,14,0,16,8,4,34,0,46,0,0,0,46
06/26/2023,TOL,OH,AGL,CE,Combined TRACON& Tower with Radar,11,0,19,11,41,0,3,5,0,8,11,3,24,11,49,10,4,14,63
06/27/2023,TOL,OH,AGL,CE,Combined TRACON& Tower with Radar,17,6,48,16,87,0,1,0,1,2,17,7,48,17,89,6,0,6,95
06/28/2023,TOL,OH,AGL,CE,Combined TRACON& Tower with Radar,10,0,24,8,42,0,0,1,0,1,10,0,25,8,43,0,0,0,43
06/29/2023,TOL,OH,AGL,CE,Combined TRACON& Tower with Radar,11,2,38,7,58,0,0,0,0,0,11,2,38,7,58,0,0,0,58
06/30/2023,TOL,OH,AGL,CE,Combined TRACON& Tower with Radar,12,1,40,0,53,0,2,6,0,8,12,3,46,0,61,0,0,0,61
07/01/2023,TOL,OH,AGL,CE,Combined TRACON& Tower with Radar,7,5,25,0,37,0,1,2,0,3,7,6,27,0,40,0,0,0,40
07/02/2023,TOL,OH,AGL,CE,Combined TRACON& Tower with Radar,4,1,9,0,14,0,0,5,0,5,4,1,14,0,19,0,0,0,19
07/03/2023,TOL,OH,AGL,CE,Combined TRACON& Tower with Radar,7,2,18,0,27,0,2,4,0,6,7,4,22,0,33,0,0,0,33
07/04/2023,TOL,OH,AGL,CE,Combined TRACON& Tower with Radar,1,1,9,0,11,0,5,16,0,21,1,6,25,0,32,2,0,2,34
07/05/2023,TOL,OH,AGL,CE,Combined TRACON& Tower with Radar,2,4,20,15,41,0,4,31,1,36,2,8,51,16,77,30,16,46,123
07/06/2023,TOL,OH,AGL,CE,Combined TRACON& Tower with Radar,4,2,24,24,54,0,9,15,2,26,4,11,39,26,80,4,0,4,84
07/07/2023,TOL,OH,AGL,CE,Combined TRACON& Tower with Radar,8,4,37,15,64,0,13,29,0,42,8,17,66,15,106,62,8,70,176
07/08/2023,TOL,OH,AGL,CE,Combined TRACON& Tower with Radar,4,3,18,0,25,0,0,9,0,9,4,3,27,0,34,0,0,0,34
07/09/2023,TOL,OH,AGL,CE,Combined TRACON& Tower with Radar,4,1,41,0,46,0,4,19,0,23,4,5,60,0,69,22,0,22,91
07/10/2023,TOL,OH,AGL,CE,Combined TRACON& Tower with Radar,6,8,40,20,74,0,11,43,0,54,6,19,83,20,128,14,14,28,156
07/11/2023,TOL,OH,AGL,CE,Combined TRACON& Tower with Radar,4,16,22,26,68,0,17,32,0,49,4,33,54,26,117,14,2,16,133
07/12/2023,TOL,OH,AGL,CE,Combined TRACON& Tower with Radar,10,12,25,19,66,0,5,12,0,17,10,17,37,19,83,8,8,16,99
07/13/2023,TOL,OH,AGL,CE,Combined TRACON& Tower with Radar,12,4,43,19,78,0,3,24,0,27,12,7,67,19,105,4,0,4,109
07/14/2023,TOL,OH,AGL,CE,Combined TRACON& Tower with Radar,6,9,32,0,47,0,5,13,0,18,6,14,45,0,65,8,0,8,73
07/15/2023,TOL,OH,AGL,CE,Combined TRACON& Tower with Radar,6,2,8,0,16,0,0,5,0,5,6,2,13,0,21,0,0,0,21
07/16/2023,TOL,OH,AGL,CE,Combined TRACON& Tower with Radar,10,5,24,0,39,0,0,11,0,11,10,5,35,0,50,8,0,8,58
07/17/2023,TOL,OH,AGL,CE,Combined TRACON& Tower with Radar,10,1,24,16,51,0,5,20,0,25,10,6,44,16,76,24,19,43,119
07/18/2023,TOL,OH,AGL,CE,Combined TRACON& Tower with Radar,7,9,27,21,64,0,5,33,0,38,7,14,60,21,102,16,23,39,141
07/19/2023,TOL,OH,AGL,CE,Combined TRACON& Tower with Radar,7,7,30,18,62,0,4,32,0,36,7,11,62,18,98,14,16,30,128
07/20/2023,TOL,OH,AGL,CE,Combined TRACON& Tower with Radar,11,10,31,0,52,0,2,15,0,17,11,12,46,0,69,2,0,2,71
07/21/2023,TOL,OH,AGL,CE,Combined TRACON& Tower with Radar,7,7,30,2,46,0,5,25,0,30,7,12,55,2,76,24,0,24,100
07/22/2023,TOL,OH,AGL,CE,Combined TRACON& Tower with Radar,8,2,9,2,21,0,8,30,0,38,8,10,39,2,59,4,0,4,63
07/23/2023,TOL,OH,AGL,CE,Combined TRACON& Tower with Radar,6,0,16,1,23,0,3,19,0,22,6,3,35,1,45,0,0,0,45
07/24/2023,TOL,OH,AGL,CE,Combined TRACON& Tower with Radar,12,2,29,15,58,0,2,30,0,32,12,4,59,15,90,42,10,52,142
07/25/2023,TOL,OH,AGL,CE,Combined TRACON& Tower with Radar,13,16,50,12,91,0,6,36,1,43,13,22,86,13,134,0,21,21,155
07/26/2023,TOL,OH,AGL,CE,Combined TRACON& Tower with Radar,9,9,35,22,75,0,6,18,1,25,9,15,53,23,100,12,17,29,129
07/27/2023,TOL,OH,AGL,CE,Combined TRACON& Tower with Radar,12,15,40,17,84,0,5,27,0,32,12,20,67,17,116,0,0,0,116
07/28/2023,TOL,OH,AGL,CE,Combined TRACON& Tower with Radar,10,8,19,0,37,0,4,37,0,41,10,12,56,0,78,6,0,6,84
07/29/2023,TOL,OH,AGL,CE,Combined TRACON& Tower with Radar,9,7,27,0,43,0,7,18,0,25,9,14,45,0,68,0,0,0,68
07/30/2023,TOL,OH,AGL,CE,Combined TRACON& Tower with Radar,10,3,23,0,36,0,4,25,0,29,10,7,48,0,65,4,0,4,69
07/31/2023,TOL,OH,AGL,CE,Combined TRACON& Tower with Radar,6,6,35,26,73,0,3,48,0,51,6,9,83,26,124,12,14,26,150
08/01/2023,TOL,OH,AGL,CE,Combined TRACON& Tower with Radar,12,10,48,24,94,0,12,15,0,27,12,22,63,24,121,22,24,46,167
08/02/2023,TOL,OH,AGL,CE,Combined TRACON& Tower with Radar,11,13,39,26,89,0,7,26,1,34,11,20,65,27,123,22,12,34,157
08/03/2023,TOL,OH,AGL,CE,Combined TRACON& Tower with Radar,10,7,25,17,59,0,1,28,0,29,10,8,53,17,88,24,4,28,116
08/04/2023,TOL,OH,AGL,CE,Combined TRACON& Tower with Radar,9,3,34,0,46,0,11,19,0,30,9,14,53,0,76,4,0,4,80
08/05/2023,TOL,OH,AGL,CE,Combined TRACON& Tower with Radar,8,4,21,4,37,0,11,43,0,54,8,15,64,4,91,28,0,28,119
08/06/2023,TOL,OH,AGL,CE,Combined TRACON& Tower with Radar,6,9,19,4,38,0,0,5,0,5,6,9,24,4,43,8,0,8,51
08/07/2023,TOL,OH,AGL,CE,Combined TRACON& Tower with Radar,8,5,29,12,54,0,0,11,0,11,8,5,40,12,65,29,0,29,94
08/08/2023,TOL,OH,AGL,CE,Combined TRACON& Tower with Radar,10,6,44,8,68,0,13,40,4,57,10,19,84,12,125,49,0,49,174
08/09/2023,TOL,OH,AGL,CE,Combined TRACON& Tower with Radar,6,4,21,14,45,0,8,53,2,63,6,12,74,16,108,12,0,12,120
08/10/2023,TOL,OH,AGL,CE,Combined TRACON& Tower with Radar,8,3,44,6,61,0,2,59,2,63,8,5,103,8,124,31,0,31,155
08/11/2023,TOL,OH,AGL,CE,Combined TRACON& Tower with Radar,12,17,26,0,55,0,0,16,1,17,12,17,42,1,72,0,0,0,72
08/12/2023,TOL,OH,AGL,CE,Combined TRACON& Tower with Radar,11,8,12,0,31,0,5,15,0,20,11,13,27,0,51,0,0,0,51
08/13/2023,TOL,OH,AGL,CE,Combined TRACON& Tower with Radar,7,4,21,0,32,0,3,27,3,33,7,7,48,3,65,29,4,33,98
08/14/2023,TOL,OH,AGL,CE,Combined TRACON& Tower with Radar,14,8,29,11,62,0,3,3,0,6,14,11,32,11,68,0,0,0,68
08/15/2023,TOL,OH,AGL,CE,Combined TRACON& Tower with Radar,10,13,39,6,68,0,0,4,0,4,10,13,43,6,72,12,0,12,84
08/16/2023,TOL,OH,AGL,CE,Combined TRACON& Tower with Radar,8,9,48,10,75,0,1,38,1,40,8,10,86,11,115,18,0,18,133
08/17/2023,TOL,OH,AGL,CE,Combined TRACON& Tower with Radar,7,2,33,1,43,0,3,4,3,10,7,5,37,4,53,0,16,16,69
08/18/2023,TOL,OH,AGL,CE,Combined TRACON& Tower with Radar,5,9,34,7,55,0,5,27,10,42,5,14,61,17,97,20,0,20,117
08/19/2023,TOL,OH,AGL,CE,Combined TRACON& Tower with Radar,6,8,14,2,30,0,7,18,1,26,6,15,32,3,56,2,0,2,58
08/20/2023,TOL,OH,AGL,CE,Combined TRACON& Tower with Radar,6,1,16,0,23,0,9,12,0,21,6,10,28,0,44,4,0,4,48
08/21/2023,TOL,OH,AGL,CE,Combined TRACON& Tower with Radar,5,11,44,12,72,0,8,17,0,25,5,19,61,12,97,0,0,0,97
08/22/2023,TOL,OH,AGL,CE,Combined TRACON& Tower with Radar,10,9,40,11,70,0,5,12,0,17,10,14,52,11,87,0,22,22,109
08/23/2023,TOL,OH,AGL,CE,Combined TRACON& Tower with Radar,5,12,38,12,67,0,2,9,0,11,5,14,47,12,78,8,0,8,86
08/24/2023,TOL,OH,AGL,CE,Combined TRACON& Tower with Radar,14,9,39,11,73,0,2,13,3,18,14,11,52,14,91,0,0,0,91
08/25/2023,TOL,OH,AGL,CE,Combined TRACON& Tower with Radar,7,2,54,3,66,0,2,3,0,5,7,4,57,3,71,8,0,8,79
08/26/2023,TOL,OH,AGL,CE,Combined TRACON& Tower with Radar,5,5,29,1,40,0,1,14,0,15,5,6,43,1,55,35,0,35,90
08/27/2023,TOL,OH,AGL,CE,Combined TRACON& Tower with Radar,6,4,28,0,38,0,4,19,0,23,6,8,47,0,61,0,0,0,61
08/28/2023,TOL,OH,AGL,CE,Combined TRACON& Tower with Radar,5,6,33,20,64,0,2,34,2,38,5,8,67,22,102,34,22,56,158
08/29/2023,TOL,OH,AGL,CE,Combined TRACON& Tower with Radar,6,5,34,12,57,0,4,19,0,23,6,9,53,12,80,12,0,12,92
08/30/2023,TOL,OH,AGL,CE,Combined TRACON& Tower with Radar,6,13,45,12,76,0,5,15,0,20,6,18,60,12,96,35,0,35,131
08/31/2023,TOL,OH,AGL,CE,Combined TRACON& Tower with Radar,8,5,38,11,62,0,10,50,0,60,8,15,88,11,122,27,0,27,149
