01/01/2000,TPA,FL,ASO,ES,Towers with Radar,338,102,58,0,498,0,5,65,0,70,338,107,123,0,568,0,0,0,568
01/02/2000,TPA,FL,ASO,ES,Towers with Radar,393,127,67,0,587,0,0,31,0,31,393,127,98,0,618,0,0,0,618
01/03/2000,TPA,FL,ASO,ES,Towers with Radar,401,224,49,0,674,0,7,44,0,51,401,231,93,0,725,0,0,0,725
01/04/2000,TPA,FL,ASO,ES,Towers with Radar,419,260,69,5,753,0,7,47,4,58,419,267,116,9,811,0,0,0,811
01/05/2000,TPA,FL,ASO,ES,Towers with Radar,421,261,79,5,766,0,7,61,6,74,421,268,140,11,840,0,0,0,840
01/06/2000,TPA,FL,ASO,ES,Towers with Radar,402,265,72,3,742,0,7,49,0,56,402,272,121,3,798,0,0,0,798
01/07/2000,TPA,FL,ASO,ES,Towers with Radar,410,261,94,0,765,0,3,26,1,30,410,264,120,1,795,0,0,0,795
01/08/2000,TPA,FL,ASO,ES,Towers with Radar,402,131,50,3,586,0,1,8,0,9,402,132,58,3,595,0,0,0,595
01/09/2000,TPA,FL,ASO,ES,Towers with Radar,392,148,36,1,577,0,1,39,0,40,392,149,75,1,617,0,0,0,617
01/10/2000,TPA,FL,ASO,ES,Towers with Radar,397,223,88,1,709,0,2,44,0,46,397,225,132,1,755,0,0,0,755
01/11/2000,TPA,FL,ASO,ES,Towers with Radar,390,270,87,0,747,0,2,65,6,73,390,272,152,6,820,0,0,0,820
01/12/2000,TPA,FL,ASO,ES,Towers with Radar,395,265,83,2,745,0,7,50,1,58,395,272,133,3,803,0,0,0,803
01/13/2000,TPA,FL,ASO,ES,Towers with Radar,391,271,91,0,753,0,6,67,6,79,391,277,158,6,832,0,0,0,832
01/14/2000,TPA,FL,ASO,ES,Towers with Radar,409,269,75,0,753,0,2,53,0,55,409,271,128,0,808,58,0,58,866
01/15/2000,TPA,FL,ASO,ES,Towers with Radar,422,137,66,0,625,0,8,88,0,96,422,145,154,0,721,58,0,58,779
01/16/2000,TPA,FL,ASO,ES,Towers with Radar,390,143,48,0,581,0,0,83,0,83,390,143,131,0,664,0,0,0,664
01/17/2000,TPA,FL,ASO,ES,Towers with Radar,388,223,79,0,690,0,1,61,0,62,388,224,140,0,752,0,0,0,752
01/18/2000,TPA,FL,ASO,ES,Towers with Radar,398,247,87,0,732,0,7,47,0,54,398,254,134,0,786,0,0,0,786
01/19/2000,TPA,FL,ASO,ES,Towers with Radar,377,273,88,2,740,0,0,51,6,57,377,273,139,8,797,0,0,0,797
01/20/2000,TPA,FL,ASO,ES,Towers with Radar,389,281,95,0,765,0,2,49,0,51,389,283,144,0,816,0,0,0,816
01/21/2000,TPA,FL,ASO,ES,Towers with Radar,399,259,93,3,754,0,10,78,0,88,399,269,171,3,842,0,0,0,842
01/22/2000,TPA,FL,ASO,ES,Towers with Radar,407,137,49,0,593,0,6,45,0,51,407,143,94,0,644,0,0,0,644
01/23/2000,TPA,FL,ASO,ES,Towers with Radar,381,152,30,2,565,0,0,36,0,36,381,152,66,2,601,0,0,0,601
01/24/2000,TPA,FL,ASO,ES,Towers with Radar,424,231,74,3,732,0,0,30,0,30,424,231,104,3,762,0,0,0,762
01/25/2000,TPA,FL,ASO,ES,Towers with Radar,316,261,60,1,638,0,2,51,0,53,316,263,111,1,691,0,0,0,691
01/26/2000,TPA,FL,ASO,ES,Towers with Radar,369,260,81,2,712,0,2,67,0,69,369,262,148,2,781,0,0,0,781
01/27/2000,TPA,FL,ASO,ES,Towers with Radar,387,267,80,4,738,0,4,79,1,84,387,271,159,5,822,0,0,0,822
01/28/2000,TPA,FL,ASO,ES,Towers with Radar,399,260,107,6,772,0,3,45,0,48,399,263,152,6,820,0,0,0,820
01/29/2000,TPA,FL,ASO,ES,Towers with Radar,397,145,45,6,593,0,5,28,0,33,397,150,73,6,626,0,0,0,626
01/30/2000,TPA,FL,ASO,ES,Towers with Radar,371,141,42,1,555,1,0,24,2,27,372,141,66,3,582,0,0,0,582
01/31/2000,TPA,FL,ASO,ES,Towers with Radar,408,241,89,0,738,0,0,18,0,18,408,241,107,0,756,0,0,0,756
02/01/2000,TPA,FL,ASO,ES,Towers with Radar,396,275,75,0,746,1,8,65,3,77,397,283,140,3,823,0,0,0,823
02/02/2000,TPA,FL,ASO,ES,Towers with Radar,397,279,86,0,762,1,9,87,0,97,398,288,173,0,859,0,0,0,859
02/03/2000,TPA,FL,ASO,ES,Towers with Radar,408,270,90,0,768,1,1,50,0,52,409,271,140,0,820,0,0,0,820
02/04/2000,TPA,FL,ASO,ES,Towers with Radar,410,277,73,5,765,1,2,71,2,76,411,279,144,7,841,0,0,0,841
02/05/2000,TPA,FL,ASO,ES,Towers with Radar,419,141,31,0,591,1,1,65,0,67,420,142,96,0,658,0,0,0,658
02/06/2000,TPA,FL,ASO,ES,Towers with Radar,391,161,44,5,601,1,0,44,0,45,392,161,88,5,646,0,0,0,646
02/07/2000,TPA,FL,ASO,ES,Towers with Radar,407,245,78,2,732,1,4,82,1,88,408,249,160,3,820,0,0,0,820
02/08/2000,TPA,FL,ASO,ES,Towers with Radar,413,267,93,6,779,1,1,58,0,60,414,268,151,6,839,0,0,0,839
02/09/2000,TPA,FL,ASO,ES,Towers with Radar,415,274,119,2,810,1,3,84,1,89,416,277,203,3,899,0,0,0,899
02/10/2000,TPA,FL,ASO,ES,Towers with Radar,413,288,100,2,803,1,4,112,0,117,414,292,212,2,920,0,0,0,920
02/11/2000,TPA,FL,ASO,ES,Towers with Radar,401,272,102,0,775,0,1,81,1,83,401,273,183,1,858,0,0,0,858
02/12/2000,TPA,FL,ASO,ES,Towers with Radar,423,157,42,14,636,0,0,52,0,52,423,157,94,14,688,0,0,0,688
02/13/2000,TPA,FL,ASO,ES,Towers with Radar,387,150,52,0,589,0,0,32,0,32,387,150,84,0,621,0,0,0,621
02/14/2000,TPA,FL,ASO,ES,Towers with Radar,399,240,76,8,723,0,3,53,0,56,399,243,129,8,779,0,0,0,779
02/15/2000,TPA,FL,ASO,ES,Towers with Radar,428,291,113,9,841,0,1,77,2,80,428,292,190,11,921,0,0,0,921
02/16/2000,TPA,FL,ASO,ES,Towers with Radar,421,285,117,2,825,0,10,120,5,135,421,295,237,7,960,0,0,0,960
02/17/2000,TPA,FL,ASO,ES,Towers with Radar,419,302,113,0,834,0,4,98,1,103,419,306,211,1,937,0,0,0,937
02/18/2000,TPA,FL,ASO,ES,Towers with Radar,400,283,82,2,767,0,1,112,8,121,400,284,194,10,888,0,0,0,888
02/19/2000,TPA,FL,ASO,ES,Towers with Radar,427,162,52,0,641,0,2,51,0,53,427,164,103,0,694,0,0,0,694
02/20/2000,TPA,FL,ASO,ES,Towers with Radar,428,153,73,1,655,0,1,54,0,55,428,154,127,1,710,0,0,0,710
02/21/2000,TPA,FL,ASO,ES,Towers with Radar,408,230,80,2,720,0,2,80,0,82,408,232,160,2,802,0,0,0,802
02/22/2000,TPA,FL,ASO,ES,Towers with Radar,417,249,82,2,750,0,16,78,3,97,417,265,160,5,847,36,0,36,883
02/23/2000,TPA,FL,ASO,ES,Towers with Radar,413,275,100,5,793,0,4,71,0,75,413,279,171,5,868,0,0,0,868
02/24/2000,TPA,FL,ASO,ES,Towers with Radar,421,294,83,1,799,0,4,99,0,103,421,298,182,1,902,0,0,0,902
02/25/2000,TPA,FL,ASO,ES,Towers with Radar,419,294,97,1,811,0,3,80,2,85,419,297,177,3,896,0,0,0,896
02/26/2000,TPA,FL,ASO,ES,Towers with Radar,433,159,41,0,633,0,5,64,0,69,433,164,105,0,702,0,0,0,702
02/27/2000,TPA,FL,ASO,ES,Towers with Radar,409,161,58,0,628,0,1,71,0,72,409,162,129,0,700,0,0,0,700
02/28/2000,TPA,FL,ASO,ES,Towers with Radar,413,258,84,2,757,0,6,68,0,74,413,264,152,2,831,0,0,0,831
02/29/2000,TPA,FL,ASO,ES,Towers with Radar,423,289,67,4,783,0,4,93,0,97,423,293,160,4,880,0,0,0,880
03/01/2000,TPA,FL,ASO,ES,Towers with Radar,417,289,70,0,776,0,5,101,2,108,417,294,171,2,884,0,0,0,884
03/02/2000,TPA,FL,ASO,ES,Towers with Radar,438,290,97,3,828,0,2,74,0,76,438,292,171,3,904,32,0,32,936
03/03/2000,TPA,FL,ASO,ES,Towers with Radar,419,275,70,0,764,0,3,87,0,90,419,278,157,0,854,0,0,0,854
03/04/2000,TPA,FL,ASO,ES,Towers with Radar,427,156,38,4,625,0,0,41,0,41,427,156,79,4,666,0,0,0,666
03/05/2000,TPA,FL,ASO,ES,Towers with Radar,403,156,47,1,607,0,0,35,1,36,403,156,82,2,643,0,0,0,643
03/06/2000,TPA,FL,ASO,ES,Towers with Radar,419,244,69,1,733,0,6,56,1,63,419,250,125,2,796,0,0,0,796
03/07/2000,TPA,FL,ASO,ES,Towers with Radar,439,287,60,0,786,0,8,83,0,91,439,295,143,0,877,0,0,0,877
03/08/2000,TPA,FL,ASO,ES,Towers with Radar,430,274,70,0,774,0,13,95,4,112,430,287,165,4,886,0,0,0,886
03/09/2000,TPA,FL,ASO,ES,Towers with Radar,426,286,85,0,797,0,10,91,2,103,426,296,176,2,900,0,0,0,900
03/10/2000,TPA,FL,ASO,ES,Towers with Radar,423,278,75,3,779,0,7,100,1,108,423,285,175,4,887,0,0,0,887
03/11/2000,TPA,FL,ASO,ES,Towers with Radar,428,156,34,0,618,0,5,70,2,77,428,161,104,2,695,0,0,0,695
03/12/2000,TPA,FL,ASO,ES,Towers with Radar,423,163,50,2,638,0,1,43,0,44,423,164,93,2,682,0,0,0,682
03/13/2000,TPA,FL,ASO,ES,Towers with Radar,432,246,87,3,768,0,5,78,0,83,432,251,165,3,851,0,0,0,851
03/14/2000,TPA,FL,ASO,ES,Towers with Radar,430,292,70,3,795,0,13,109,0,122,430,305,179,3,917,0,0,0,917
03/15/2000,TPA,FL,ASO,ES,Towers with Radar,424,280,106,0,810,0,6,75,0,81,424,286,181,0,891,0,0,0,891
03/16/2000,TPA,FL,ASO,ES,Towers with Radar,433,252,79,2,766,0,33,77,7,117,433,285,156,9,883,0,0,0,883
03/17/2000,TPA,FL,ASO,ES,Towers with Radar,440,262,106,11,819,0,6,55,0,61,440,268,161,11,880,0,0,0,880
03/18/2000,TPA,FL,ASO,ES,Towers with Radar,450,153,54,1,658,0,7,50,0,57,450,160,104,1,715,0,0,0,715
03/19/2000,TPA,FL,ASO,ES,Towers with Radar,365,158,65,0,588,40,0,9,0,49,405,158,74,0,637,0,0,0,637
03/20/2000,TPA,FL,ASO,ES,Towers with Radar,437,252,89,2,780,0,4,38,0,42,437,256,127,2,822,0,0,0,822
03/21/2000,TPA,FL,ASO,ES,Towers with Radar,425,275,95,1,796,0,10,96,0,106,425,285,191,1,902,0,0,0,902
03/22/2000,TPA,FL,ASO,ES,Towers with Radar,444,272,87,1,804,0,16,71,0,87,444,288,158,1,891,0,0,0,891
03/23/2000,TPA,FL,ASO,ES,Towers with Radar,439,290,101,0,830,0,6,97,5,108,439,296,198,5,938,0,0,0,938
03/24/2000,TPA,FL,ASO,ES,Towers with Radar,438,276,106,3,823,0,6,80,2,88,438,282,186,5,911,0,0,0,911
03/25/2000,TPA,FL,ASO,ES,Towers with Radar,455,174,58,0,687,0,0,0,0,0,455,174,58,0,687,15,0,15,702
03/26/2000,TPA,FL,ASO,ES,Towers with Radar,416,167,54,2,639,0,2,46,0,48,416,169,100,2,687,0,0,0,687
03/27/2000,TPA,FL,ASO,ES,Towers with Radar,419,239,75,1,734,13,21,30,7,71,432,260,105,8,805,0,0,0,805
03/28/2000,TPA,FL,ASO,ES,Towers with Radar,443,253,79,1,776,1,44,88,3,136,444,297,167,4,912,0,0,0,912
03/29/2000,TPA,FL,ASO,ES,Towers with Radar,439,284,96,1,820,0,8,72,1,81,439,292,168,2,901,0,0,0,901
03/30/2000,TPA,FL,ASO,ES,Towers with Radar,430,280,96,0,806,0,3,55,0,58,430,283,151,0,864,0,0,0,864
03/31/2000,TPA,FL,ASO,ES,Towers with Radar,439,279,108,7,833,0,1,60,0,61,439,280,168,7,894,0,0,0,894
04/01/2000,TPA,FL,ASO,ES,Towers with Radar,452,157,53,0,662,0,2,43,0,45,452,159,96,0,707,0,0,0,707
04/02/2000,TPA,FL,ASO,ES,Towers with Radar,415,154,76,5,650,0,1,46,0,47,415,155,122,5,697,0,0,0,697
04/03/2000,TPA,FL,ASO,ES,Towers with Radar,437,238,69,3,747,0,5,44,1,50,437,243,113,4,797,0,0,0,797
04/04/2000,TPA,FL,ASO,ES,Towers with Radar,438,268,80,0,786,0,4,61,1,66,438,272,141,1,852,0,0,0,852
04/05/2000,TPA,FL,ASO,ES,Towers with Radar,446,278,86,0,810,0,6,78,0,84,446,284,164,0,894,0,0,0,894
04/06/2000,TPA,FL,ASO,ES,Towers with Radar,439,281,110,4,834,0,10,97,0,107,439,291,207,4,941,0,0,0,941
04/07/2000,TPA,FL,ASO,ES,Towers with Radar,439,278,98,4,819,0,6,113,1,120,439,284,211,5,939,0,0,0,939
04/08/2000,TPA,FL,ASO,ES,Towers with Radar,441,151,73,1,666,0,2,57,1,60,441,153,130,2,726,0,0,0,726
04/09/2000,TPA,FL,ASO,ES,Towers with Radar,420,160,74,1,655,0,0,64,0,64,420,160,138,1,719,0,0,0,719
04/10/2000,TPA,FL,ASO,ES,Towers with Radar,439,238,79,0,756,0,3,96,0,99,439,241,175,0,855,0,0,0,855
04/11/2000,TPA,FL,ASO,ES,Towers with Radar,436,282,87,2,807,0,5,104,0,109,436,287,191,2,916,0,0,0,916
04/12/2000,TPA,FL,ASO,ES,Towers with Radar,439,284,118,1,842,0,6,93,1,100,439,290,211,2,942,0,0,0,942
04/13/2000,TPA,FL,ASO,ES,Towers with Radar,444,273,118,4,839,0,4,73,8,85,444,277,191,12,924,0,0,0,924
04/14/2000,TPA,FL,ASO,ES,Towers with Radar,458,268,115,3,844,0,2,38,0,40,458,270,153,3,884,0,0,0,884
04/15/2000,TPA,FL,ASO,ES,Towers with Radar,442,156,55,1,654,0,6,64,0,70,442,162,119,1,724,0,0,0,724
04/16/2000,TPA,FL,ASO,ES,Towers with Radar,416,164,53,1,634,0,1,44,0,45,416,165,97,1,679,0,0,0,679
04/17/2000,TPA,FL,ASO,ES,Towers with Radar,431,237,62,0,730,0,5,69,0,74,431,242,131,0,804,0,0,0,804
04/18/2000,TPA,FL,ASO,ES,Towers with Radar,441,282,83,0,806,0,5,61,0,66,441,287,144,0,872,0,0,0,872
04/19/2000,TPA,FL,ASO,ES,Towers with Radar,434,271,79,0,784,0,7,97,0,104,434,278,176,0,888,0,0,0,888
04/20/2000,TPA,FL,ASO,ES,Towers with Radar,430,275,101,6,812,0,11,105,1,117,430,286,206,7,929,0,0,0,929
04/21/2000,TPA,FL,ASO,ES,Towers with Radar,423,264,67,0,754,0,7,76,4,87,423,271,143,4,841,0,0,0,841
04/22/2000,TPA,FL,ASO,ES,Towers with Radar,459,154,46,0,659,0,4,70,0,74,459,158,116,0,733,0,0,0,733
04/23/2000,TPA,FL,ASO,ES,Towers with Radar,415,156,33,0,604,0,1,45,0,46,415,157,78,0,650,0,0,0,650
04/24/2000,TPA,FL,ASO,ES,Towers with Radar,416,242,81,2,741,0,0,45,0,45,416,242,126,2,786,0,0,0,786
04/25/2000,TPA,FL,ASO,ES,Towers with Radar,464,285,78,2,829,0,7,52,0,59,464,292,130,2,888,0,0,0,888
04/26/2000,TPA,FL,ASO,ES,Towers with Radar,438,281,88,1,808,0,7,104,2,113,438,288,192,3,921,40,0,40,961
04/27/2000,TPA,FL,ASO,ES,Towers with Radar,438,280,90,3,811,0,3,68,0,71,438,283,158,3,882,0,0,0,882
04/28/2000,TPA,FL,ASO,ES,Towers with Radar,435,273,86,1,795,0,7,69,0,76,435,280,155,1,871,0,0,0,871
04/29/2000,TPA,FL,ASO,ES,Towers with Radar,430,151,28,0,609,0,3,52,1,56,430,154,80,1,665,0,0,0,665
04/30/2000,TPA,FL,ASO,ES,Towers with Radar,414,162,55,0,631,0,1,46,0,47,414,163,101,0,678,0,0,0,678
05/01/2000,TPA,FL,ASO,ES,Towers with Radar,423,236,61,0,720,0,2,78,0,80,423,238,139,0,800,0,0,0,800
05/02/2000,TPA,FL,ASO,ES,Towers with Radar,431,270,79,0,780,0,3,52,1,56,431,273,131,1,836,0,0,0,836
05/03/2000,TPA,FL,ASO,ES,Towers with Radar,427,264,71,0,762,0,8,81,0,89,427,272,152,0,851,0,0,0,851
05/04/2000,TPA,FL,ASO,ES,Towers with Radar,402,272,58,6,738,0,9,57,0,66,402,281,115,6,804,40,0,40,844
05/05/2000,TPA,FL,ASO,ES,Towers with Radar,415,264,63,3,745,0,11,100,1,112,415,275,163,4,857,0,0,0,857
05/06/2000,TPA,FL,ASO,ES,Towers with Radar,407,141,44,1,593,0,6,48,0,54,407,147,92,1,647,0,0,0,647
05/07/2000,TPA,FL,ASO,ES,Towers with Radar,395,152,67,0,614,0,1,37,0,38,395,153,104,0,652,0,0,0,652
05/08/2000,TPA,FL,ASO,ES,Towers with Radar,411,236,73,0,720,0,4,79,0,83,411,240,152,0,803,0,0,0,803
05/09/2000,TPA,FL,ASO,ES,Towers with Radar,408,266,94,1,769,0,7,100,0,107,408,273,194,1,876,0,0,0,876
05/10/2000,TPA,FL,ASO,ES,Towers with Radar,371,260,118,1,750,0,10,89,0,99,371,270,207,1,849,10,0,10,859
05/11/2000,TPA,FL,ASO,ES,Towers with Radar,414,261,90,0,765,0,5,99,0,104,414,266,189,0,869,36,0,36,905
05/12/2000,TPA,FL,ASO,ES,Towers with Radar,398,261,57,1,717,0,11,89,1,101,398,272,146,2,818,0,0,0,818
05/13/2000,TPA,FL,ASO,ES,Towers with Radar,405,138,23,0,566,0,5,56,0,61,405,143,79,0,627,32,0,32,659
05/14/2000,TPA,FL,ASO,ES,Towers with Radar,398,157,48,0,603,0,0,51,0,51,398,157,99,0,654,0,0,0,654
05/15/2000,TPA,FL,ASO,ES,Towers with Radar,401,235,75,0,711,0,5,74,0,79,401,240,149,0,790,0,0,0,790
05/16/2000,TPA,FL,ASO,ES,Towers with Radar,416,258,96,2,772,0,4,95,0,99,416,262,191,2,871,21,0,21,892
05/17/2000,TPA,FL,ASO,ES,Towers with Radar,401,266,86,2,755,0,7,97,0,104,401,273,183,2,859,0,0,0,859
05/18/2000,TPA,FL,ASO,ES,Towers with Radar,378,268,77,1,724,0,4,71,0,75,378,272,148,1,799,0,0,0,799
05/19/2000,TPA,FL,ASO,ES,Towers with Radar,391,256,55,1,703,0,4,85,0,89,391,260,140,1,792,0,0,0,792
05/20/2000,TPA,FL,ASO,ES,Towers with Radar,415,146,30,1,592,0,4,43,0,47,415,150,73,1,639,0,0,0,639
05/21/2000,TPA,FL,ASO,ES,Towers with Radar,371,151,41,0,563,0,2,51,2,55,371,153,92,2,618,0,0,0,618
05/22/2000,TPA,FL,ASO,ES,Towers with Radar,402,240,74,1,717,0,4,61,0,65,402,244,135,1,782,0,0,0,782
05/23/2000,TPA,FL,ASO,ES,Towers with Radar,410,265,52,4,731,0,3,55,2,60,410,268,107,6,791,0,0,0,791
05/24/2000,TPA,FL,ASO,ES,Towers with Radar,384,270,86,2,742,0,6,96,0,102,384,276,182,2,844,0,0,0,844
05/25/2000,TPA,FL,ASO,ES,Towers with Radar,410,273,85,2,770,0,4,81,0,85,410,277,166,2,855,0,0,0,855
05/26/2000,TPA,FL,ASO,ES,Towers with Radar,399,260,68,1,728,0,8,102,0,110,399,268,170,1,838,0,0,0,838
05/27/2000,TPA,FL,ASO,ES,Towers with Radar,390,141,28,0,559,0,1,39,0,40,390,142,67,0,599,0,0,0,599
05/28/2000,TPA,FL,ASO,ES,Towers with Radar,370,130,25,0,525,0,1,34,0,35,370,131,59,0,560,0,0,0,560
05/29/2000,TPA,FL,ASO,ES,Towers with Radar,393,194,43,2,632,0,0,45,0,45,393,194,88,2,677,0,0,0,677
05/30/2000,TPA,FL,ASO,ES,Towers with Radar,392,237,42,1,672,0,5,94,1,100,392,242,136,2,772,34,0,34,806
05/31/2000,TPA,FL,ASO,ES,Towers with Radar,400,266,61,1,728,0,4,68,1,73,400,270,129,2,801,0,0,0,801
06/01/2000,TPA,FL,ASO,ES,Towers with Radar,415,268,62,5,750,0,1,78,0,79,415,269,140,5,829,0,0,0,829
06/02/2000,TPA,FL,ASO,ES,Towers with Radar,403,252,67,5,727,0,4,78,0,82,403,256,145,5,809,0,0,0,809
06/03/2000,TPA,FL,ASO,ES,Towers with Radar,393,145,41,0,579,0,1,34,0,35,393,146,75,0,614,0,0,0,614
06/04/2000,TPA,FL,ASO,ES,Towers with Radar,384,156,46,4,590,0,1,51,0,52,384,157,97,4,642,6,0,6,648
06/05/2000,TPA,FL,ASO,ES,Towers with Radar,394,238,51,0,683,0,1,80,0,81,394,239,131,0,764,0,0,0,764
06/06/2000,TPA,FL,ASO,ES,Towers with Radar,393,270,64,6,733,0,2,61,2,65,393,272,125,8,798,0,0,0,798
06/07/2000,TPA,FL,ASO,ES,Towers with Radar,408,269,61,2,740,0,2,54,3,59,408,271,115,5,799,0,0,0,799
06/08/2000,TPA,FL,ASO,ES,Towers with Radar,406,265,74,6,751,1,3,79,0,83,407,268,153,6,834,0,0,0,834
06/09/2000,TPA,FL,ASO,ES,Towers with Radar,401,266,65,1,733,0,1,113,1,115,401,267,178,2,848,0,0,0,848
06/10/2000,TPA,FL,ASO,ES,Towers with Radar,395,148,36,1,580,0,3,52,1,56,395,151,88,2,636,0,0,0,636
06/11/2000,TPA,FL,ASO,ES,Towers with Radar,360,147,30,1,538,0,1,31,0,32,360,148,61,1,570,0,0,0,570
06/12/2000,TPA,FL,ASO,ES,Towers with Radar,391,239,61,2,693,0,0,51,3,54,391,239,112,5,747,0,0,0,747
06/13/2000,TPA,FL,ASO,ES,Towers with Radar,389,259,68,0,716,0,0,63,0,63,389,259,131,0,779,0,0,0,779
06/14/2000,TPA,FL,ASO,ES,Towers with Radar,375,278,49,1,703,0,3,74,0,77,375,281,123,1,780,0,0,0,780
06/15/2000,TPA,FL,ASO,ES,Towers with Radar,397,266,81,0,744,0,4,59,1,64,397,270,140,1,808,0,0,0,808
06/16/2000,TPA,FL,ASO,ES,Towers with Radar,386,256,51,0,693,0,6,73,1,80,386,262,124,1,773,0,0,0,773
06/17/2000,TPA,FL,ASO,ES,Towers with Radar,389,148,29,0,566,1,2,14,0,17,390,150,43,0,583,0,0,0,583
06/18/2000,TPA,FL,ASO,ES,Towers with Radar,377,137,37,0,551,0,1,33,0,34,377,138,70,0,585,0,0,0,585
06/19/2000,TPA,FL,ASO,ES,Towers with Radar,384,219,66,0,669,0,4,57,0,61,384,223,123,0,730,0,0,0,730
06/20/2000,TPA,FL,ASO,ES,Towers with Radar,393,278,75,4,750,0,3,58,0,61,393,281,133,4,811,0,0,0,811
06/21/2000,TPA,FL,ASO,ES,Towers with Radar,391,267,66,1,725,0,6,74,4,84,391,273,140,5,809,0,0,0,809
06/22/2000,TPA,FL,ASO,ES,Towers with Radar,399,270,60,0,729,0,4,74,7,85,399,274,134,7,814,0,0,0,814
06/23/2000,TPA,FL,ASO,ES,Towers with Radar,411,257,69,1,738,0,4,68,1,73,411,261,137,2,811,0,0,0,811
06/24/2000,TPA,FL,ASO,ES,Towers with Radar,401,155,30,0,586,0,1,18,1,20,401,156,48,1,606,0,0,0,606
06/25/2000,TPA,FL,ASO,ES,Towers with Radar,363,151,33,0,547,0,0,33,0,33,363,151,66,0,580,0,0,0,580
06/26/2000,TPA,FL,ASO,ES,Towers with Radar,396,231,64,0,691,0,3,36,0,39,396,234,100,0,730,0,0,0,730
06/27/2000,TPA,FL,ASO,ES,Towers with Radar,375,255,68,0,698,0,9,52,0,61,375,264,120,0,759,0,0,0,759
06/28/2000,TPA,FL,ASO,ES,Towers with Radar,393,261,45,0,699,0,3,71,0,74,393,264,116,0,773,0,0,0,773
06/29/2000,TPA,FL,ASO,ES,Towers with Radar,390,272,65,2,729,0,5,55,0,60,390,277,120,2,789,0,0,0,789
06/30/2000,TPA,FL,ASO,ES,Towers with Radar,420,265,70,0,755,8,5,48,0,61,428,270,118,0,816,0,0,0,816
07/01/2000,TPA,FL,ASO,ES,Towers with Radar,411,141,34,0,586,2,0,24,0,26,413,141,58,0,612,0,0,0,612
07/02/2000,TPA,FL,ASO,ES,Towers with Radar,384,139,27,0,550,1,2,47,0,50,385,141,74,0,600,0,0,0,600
07/03/2000,TPA,FL,ASO,ES,Towers with Radar,362,204,18,0,584,1,8,69,0,78,363,212,87,0,662,100,0,100,762
07/04/2000,TPA,FL,ASO,ES,Towers with Radar,342,190,25,0,557,1,2,29,0,32,343,192,54,0,589,10,0,10,599
07/05/2000,TPA,FL,ASO,ES,Towers with Radar,384,227,52,0,663,1,5,41,1,48,385,232,93,1,711,32,0,32,743
07/06/2000,TPA,FL,ASO,ES,Towers with Radar,407,261,56,2,726,1,6,63,2,72,408,267,119,4,798,40,0,40,838
07/07/2000,TPA,FL,ASO,ES,Towers with Radar,408,253,60,3,724,1,4,62,1,68,409,257,122,4,792,0,0,0,792
07/08/2000,TPA,FL,ASO,ES,Towers with Radar,397,146,21,4,568,1,2,21,2,26,398,148,42,6,594,0,0,0,594
07/09/2000,TPA,FL,ASO,ES,Towers with Radar,382,153,46,0,581,1,1,27,0,29,383,154,73,0,610,0,0,0,610
07/10/2000,TPA,FL,ASO,ES,Towers with Radar,376,230,50,0,656,1,2,63,0,66,377,232,113,0,722,0,0,0,722
07/11/2000,TPA,FL,ASO,ES,Towers with Radar,397,273,74,0,744,1,2,74,2,79,398,275,148,2,823,0,0,0,823
07/12/2000,TPA,FL,ASO,ES,Towers with Radar,400,267,71,0,738,1,5,88,0,94,401,272,159,0,832,18,0,18,850
07/13/2000,TPA,FL,ASO,ES,Towers with Radar,412,264,70,1,747,1,5,66,0,72,413,269,136,1,819,0,0,0,819
07/14/2000,TPA,FL,ASO,ES,Towers with Radar,363,264,81,4,712,1,2,52,0,55,364,266,133,4,767,0,0,0,767
07/15/2000,TPA,FL,ASO,ES,Towers with Radar,397,138,26,0,561,1,2,15,0,18,398,140,41,0,579,0,0,0,579
07/16/2000,TPA,FL,ASO,ES,Towers with Radar,370,144,29,0,543,1,0,40,0,41,371,144,69,0,584,0,0,0,584
07/17/2000,TPA,FL,ASO,ES,Towers with Radar,406,240,56,1,703,0,0,63,2,65,406,240,119,3,768,0,0,0,768
07/18/2000,TPA,FL,ASO,ES,Towers with Radar,390,261,71,2,724,1,4,72,0,77,391,265,143,2,801,0,0,0,801
07/19/2000,TPA,FL,ASO,ES,Towers with Radar,412,268,81,2,763,1,6,63,0,70,413,274,144,2,833,0,0,0,833
07/20/2000,TPA,FL,ASO,ES,Towers with Radar,398,262,82,3,745,1,7,46,0,54,399,269,128,3,799,0,0,0,799
07/21/2000,TPA,FL,ASO,ES,Towers with Radar,410,261,81,0,752,1,2,51,0,54,411,263,132,0,806,0,0,0,806
07/22/2000,TPA,FL,ASO,ES,Towers with Radar,407,143,28,2,580,1,1,38,0,40,408,144,66,2,620,0,0,0,620
07/23/2000,TPA,FL,ASO,ES,Towers with Radar,369,152,33,0,554,1,0,24,0,25,370,152,57,0,579,0,0,0,579
07/24/2000,TPA,FL,ASO,ES,Towers with Radar,386,235,34,0,655,1,5,45,0,51,387,240,79,0,706,0,0,0,706
07/25/2000,TPA,FL,ASO,ES,Towers with Radar,408,259,44,0,711,1,2,65,0,68,409,261,109,0,779,0,0,0,779
07/26/2000,TPA,FL,ASO,ES,Towers with Radar,406,265,62,1,734,1,2,72,2,77,407,267,134,3,811,0,0,0,811
07/27/2000,TPA,FL,ASO,ES,Towers with Radar,399,269,59,5,732,1,6,68,0,75,400,275,127,5,807,0,0,0,807
07/28/2000,TPA,FL,ASO,ES,Towers with Radar,381,261,56,5,703,1,4,69,1,75,382,265,125,6,778,0,0,0,778
07/29/2000,TPA,FL,ASO,ES,Towers with Radar,417,149,36,1,603,1,1,40,2,44,418,150,76,3,647,0,0,0,647
07/30/2000,TPA,FL,ASO,ES,Towers with Radar,369,153,25,0,547,1,1,34,0,36,370,154,59,0,583,0,0,0,583
07/31/2000,TPA,FL,ASO,ES,Towers with Radar,387,235,52,2,676,1,1,87,0,89,388,236,139,2,765,0,0,0,765
08/01/2000,TPA,FL,ASO,ES,Combined TRACON& Tower with Radar,392,267,46,3,708,0,2,71,0,73,392,269,117,3,781,0,0,0,781
08/02/2000,TPA,FL,ASO,ES,Combined TRACON& Tower with Radar,391,252,63,1,707,0,3,75,0,78,391,255,138,1,785,40,0,40,825
08/03/2000,TPA,FL,ASO,ES,Combined TRACON& Tower with Radar,394,259,40,0,693,0,7,89,1,97,394,266,129,1,790,0,0,0,790
08/04/2000,TPA,FL,ASO,ES,Combined TRACON& Tower with Radar,392,253,69,0,714,0,7,78,1,86,392,260,147,1,800,10,0,10,810
08/05/2000,TPA,FL,ASO,ES,Combined TRACON& Tower with Radar,412,149,33,0,594,0,1,38,0,39,412,150,71,0,633,0,0,0,633
08/06/2000,TPA,FL,ASO,ES,Combined TRACON& Tower with Radar,380,144,32,0,556,0,1,34,0,35,380,145,66,0,591,0,0,0,591
08/07/2000,TPA,FL,ASO,ES,Combined TRACON& Tower with Radar,400,229,45,0,674,10,1,59,0,70,410,230,104,0,744,20,0,20,764
08/08/2000,TPA,FL,ASO,ES,Combined TRACON& Tower with Radar,394,256,46,2,698,9,6,82,0,97,403,262,128,2,795,0,0,0,795
08/09/2000,TPA,FL,ASO,ES,Combined TRACON& Tower with Radar,387,255,60,3,705,0,3,47,0,50,387,258,107,3,755,0,0,0,755
08/10/2000,TPA,FL,ASO,ES,Combined TRACON& Tower with Radar,410,253,57,1,721,0,6,80,1,87,410,259,137,2,808,0,0,0,808
08/11/2000,TPA,FL,ASO,ES,Combined TRACON& Tower with Radar,381,245,64,3,693,0,4,77,1,82,381,249,141,4,775,0,0,0,775
08/12/2000,TPA,FL,ASO,ES,Combined TRACON& Tower with Radar,409,140,21,0,570,0,3,25,0,28,409,143,46,0,598,0,0,0,598
08/13/2000,TPA,FL,ASO,ES,Combined TRACON& Tower with Radar,383,156,38,0,577,0,0,31,0,31,383,156,69,0,608,0,0,0,608
08/14/2000,TPA,FL,ASO,ES,Combined TRACON& Tower with Radar,391,221,54,0,666,0,2,63,2,67,391,223,117,2,733,0,0,0,733
08/15/2000,TPA,FL,ASO,ES,Combined TRACON& Tower with Radar,405,263,78,0,746,0,3,68,0,71,405,266,146,0,817,0,0,0,817
08/16/2000,TPA,FL,ASO,ES,Combined TRACON& Tower with Radar,395,259,80,0,734,0,3,64,0,67,395,262,144,0,801,0,0,0,801
08/17/2000,TPA,FL,ASO,ES,Combined TRACON& Tower with Radar,401,265,69,0,735,0,4,76,0,80,401,269,145,0,815,0,0,0,815
08/18/2000,TPA,FL,ASO,ES,Combined TRACON& Tower with Radar,405,259,46,0,710,0,5,82,0,87,405,264,128,0,797,0,0,0,797
08/19/2000,TPA,FL,ASO,ES,Combined TRACON& Tower with Radar,406,139,22,0,567,0,2,52,0,54,406,141,74,0,621,0,0,0,621
08/20/2000,TPA,FL,ASO,ES,Combined TRACON& Tower with Radar,385,161,24,1,571,0,3,40,3,46,385,164,64,4,617,0,0,0,617
08/21/2000,TPA,FL,ASO,ES,Combined TRACON& Tower with Radar,395,234,37,0,666,0,0,57,4,61,395,234,94,4,727,0,0,0,727
08/22/2000,TPA,FL,ASO,ES,Combined TRACON& Tower with Radar,391,269,55,6,721,0,1,70,4,75,391,270,125,10,796,0,0,0,796
08/23/2000,TPA,FL,ASO,ES,Combined TRACON& Tower with Radar,393,269,64,0,726,0,1,85,0,86,393,270,149,0,812,0,0,0,812
08/24/2000,TPA,FL,ASO,ES,Combined TRACON& Tower with Radar,402,268,75,0,745,0,2,74,0,76,402,270,149,0,821,0,0,0,821
08/25/2000,TPA,FL,ASO,ES,Combined TRACON& Tower with Radar,392,265,56,0,713,0,3,80,1,84,392,268,136,1,797,0,0,0,797
08/26/2000,TPA,FL,ASO,ES,Combined TRACON& Tower with Radar,404,144,16,1,565,0,6,58,0,64,404,150,74,1,629,0,0,0,629
08/27/2000,TPA,FL,ASO,ES,Combined TRACON& Tower with Radar,379,147,45,0,571,0,0,40,0,40,379,147,85,0,611,0,0,0,611
08/28/2000,TPA,FL,ASO,ES,Combined TRACON& Tower with Radar,391,226,52,0,669,0,2,85,0,87,391,228,137,0,756,0,0,0,756
08/29/2000,TPA,FL,ASO,ES,Combined TRACON& Tower with Radar,399,259,77,0,735,0,4,35,0,39,399,263,112,0,774,0,0,0,774
08/30/2000,TPA,FL,ASO,ES,Combined TRACON& Tower with Radar,392,267,79,1,739,0,9,71,10,90,392,276,150,11,829,0,0,0,829
08/31/2000,TPA,FL,ASO,ES,Combined TRACON& Tower with Radar,403,264,77,2,746,0,3,79,0,82,403,267,156,2,828,0,0,0,828
09/01/2000,TPA,FL,ASO,ES,Combined TRACON& Tower with Radar,408,264,70,0,742,0,1,69,3,73,408,265,139,3,815,0,0,0,815
09/02/2000,TPA,FL,ASO,ES,Combined TRACON& Tower with Radar,391,148,26,0,565,0,3,43,0,46,391,151,69,0,611,0,0,0,611
09/03/2000,TPA,FL,ASO,ES,Combined TRACON& Tower with Radar,362,135,15,1,513,0,1,44,0,45,362,136,59,1,558,0,0,0,558
09/04/2000,TPA,FL,ASO,ES,Combined TRACON& Tower with Radar,374,193,27,3,597,0,2,56,0,58,374,195,83,3,655,0,0,0,655
09/05/2000,TPA,FL,ASO,ES,Combined TRACON& Tower with Radar,383,236,37,3,659,0,4,54,9,67,383,240,91,12,726,0,0,0,726
09/06/2000,TPA,FL,ASO,ES,Combined TRACON& Tower with Radar,399,255,71,1,726,0,3,54,4,61,399,258,125,5,787,0,0,0,787
09/07/2000,TPA,FL,ASO,ES,Combined TRACON& Tower with Radar,404,229,78,2,713,0,8,62,2,72,404,237,140,4,785,0,0,0,785
09/08/2000,TPA,FL,ASO,ES,Combined TRACON& Tower with Radar,406,235,70,2,713,0,1,53,1,55,406,236,123,3,768,0,0,0,768
09/09/2000,TPA,FL,ASO,ES,Combined TRACON& Tower with Radar,404,140,35,0,579,0,2,38,0,40,404,142,73,0,619,0,0,0,619
09/10/2000,TPA,FL,ASO,ES,Combined TRACON& Tower with Radar,372,148,48,4,572,0,1,65,1,67,372,149,113,5,639,0,0,0,639
09/11/2000,TPA,FL,ASO,ES,Combined TRACON& Tower with Radar,391,201,42,0,634,0,0,73,0,73,391,201,115,0,707,0,0,0,707
09/12/2000,TPA,FL,ASO,ES,Combined TRACON& Tower with Radar,391,233,67,0,691,0,6,61,1,68,391,239,128,1,759,0,0,0,759
09/13/2000,TPA,FL,ASO,ES,Combined TRACON& Tower with Radar,401,239,54,1,695,0,5,88,3,96,401,244,142,4,791,0,0,0,791
09/14/2000,TPA,FL,ASO,ES,Combined TRACON& Tower with Radar,409,239,65,0,713,0,6,79,3,88,409,245,144,3,801,22,0,22,823
09/15/2000,TPA,FL,ASO,ES,Combined TRACON& Tower with Radar,394,235,84,5,718,0,4,83,0,87,394,239,167,5,805,0,0,0,805
09/16/2000,TPA,FL,ASO,ES,Combined TRACON& Tower with Radar,390,144,35,0,569,0,1,24,0,25,390,145,59,0,594,0,0,0,594
09/17/2000,TPA,FL,ASO,ES,Combined TRACON& Tower with Radar,229,32,6,0,267,0,1,5,0,6,229,33,11,0,273,0,0,0,273
09/18/2000,TPA,FL,ASO,ES,Combined TRACON& Tower with Radar,391,200,63,1,655,0,2,51,0,53,391,202,114,1,708,0,0,0,708
09/19/2000,TPA,FL,ASO,ES,Combined TRACON& Tower with Radar,384,223,58,0,665,0,8,60,0,68,384,231,118,0,733,0,0,0,733
09/20/2000,TPA,FL,ASO,ES,Combined TRACON& Tower with Radar,402,244,100,0,746,0,4,70,0,74,402,248,170,0,820,0,0,0,820
09/21/2000,TPA,FL,ASO,ES,Combined TRACON& Tower with Radar,411,231,57,0,699,0,4,90,0,94,411,235,147,0,793,0,0,0,793
09/22/2000,TPA,FL,ASO,ES,Combined TRACON& Tower with Radar,399,221,57,0,677,0,3,75,0,78,399,224,132,0,755,0,0,0,755
09/23/2000,TPA,FL,ASO,ES,Combined TRACON& Tower with Radar,397,138,36,0,571,0,0,39,0,39,397,138,75,0,610,0,0,0,610
09/24/2000,TPA,FL,ASO,ES,Combined TRACON& Tower with Radar,374,142,53,0,569,0,4,70,2,76,374,146,123,2,645,0,0,0,645
09/25/2000,TPA,FL,ASO,ES,Combined TRACON& Tower with Radar,394,202,43,1,640,0,1,96,0,97,394,203,139,1,737,0,0,0,737
09/26/2000,TPA,FL,ASO,ES,Combined TRACON& Tower with Radar,397,235,43,1,676,0,1,92,0,93,397,236,135,1,769,0,0,0,769
09/27/2000,TPA,FL,ASO,ES,Combined TRACON& Tower with Radar,401,243,66,0,710,0,1,73,0,74,401,244,139,0,784,0,0,0,784
09/28/2000,TPA,FL,ASO,ES,Combined TRACON& Tower with Radar,406,233,61,0,700,0,0,60,0,60,406,233,121,0,760,0,0,0,760
09/29/2000,TPA,FL,ASO,ES,Combined TRACON& Tower with Radar,403,231,51,0,685,0,1,76,1,78,403,232,127,1,763,0,0,0,763
09/30/2000,TPA,FL,ASO,ES,Combined TRACON& Tower with Radar,396,138,36,0,570,0,2,54,0,56,396,140,90,0,626,0,0,0,626
10/01/2000,TPA,FL,ASO,ES,Combined TRACON& Tower with Radar,378,143,44,0,565,1,0,27,0,28,379,143,71,0,593,0,0,0,593
10/02/2000,TPA,FL,ASO,ES,Combined TRACON& Tower with Radar,402,205,54,0,661,1,2,80,1,84,403,207,134,1,745,0,0,0,745
10/03/2000,TPA,FL,ASO,ES,Combined TRACON& Tower with Radar,435,218,70,0,723,1,0,50,0,51,436,218,120,0,774,0,0,0,774
10/04/2000,TPA,FL,ASO,ES,Combined TRACON& Tower with Radar,408,227,81,1,717,1,0,49,1,51,409,227,130,2,768,0,0,0,768
10/05/2000,TPA,FL,ASO,ES,Combined TRACON& Tower with Radar,410,237,80,4,731,1,2,50,2,55,411,239,130,6,786,0,0,0,786
10/06/2000,TPA,FL,ASO,ES,Combined TRACON& Tower with Radar,401,233,89,0,723,1,1,59,1,62,402,234,148,1,785,0,0,0,785
10/07/2000,TPA,FL,ASO,ES,Combined TRACON& Tower with Radar,411,150,26,0,587,1,0,42,0,43,412,150,68,0,630,0,0,0,630
10/08/2000,TPA,FL,ASO,ES,Combined TRACON& Tower with Radar,382,154,67,0,603,2,0,35,0,37,384,154,102,0,640,0,0,0,640
10/09/2000,TPA,FL,ASO,ES,Combined TRACON& Tower with Radar,401,195,50,0,646,1,6,67,0,74,402,201,117,0,720,0,0,0,720
10/10/2000,TPA,FL,ASO,ES,Combined TRACON& Tower with Radar,393,218,63,0,674,1,9,60,7,77,394,227,123,7,751,0,0,0,751
10/11/2000,TPA,FL,ASO,ES,Combined TRACON& Tower with Radar,410,239,66,1,716,1,1,74,1,77,411,240,140,2,793,0,0,0,793
10/12/2000,TPA,FL,ASO,ES,Combined TRACON& Tower with Radar,405,240,84,1,730,1,6,83,4,94,406,246,167,5,824,0,0,0,824
10/13/2000,TPA,FL,ASO,ES,Combined TRACON& Tower with Radar,413,240,62,3,718,1,9,90,2,102,414,249,152,5,820,0,0,0,820
10/14/2000,TPA,FL,ASO,ES,Combined TRACON& Tower with Radar,402,137,30,0,569,1,4,45,2,52,403,141,75,2,621,0,0,0,621
10/15/2000,TPA,FL,ASO,ES,Combined TRACON& Tower with Radar,376,148,45,0,569,1,1,48,0,50,377,149,93,0,619,0,0,0,619
10/16/2000,TPA,FL,ASO,ES,Combined TRACON& Tower with Radar,405,206,49,0,660,1,1,94,1,97,406,207,143,1,757,0,0,0,757
10/17/2000,TPA,FL,ASO,ES,Combined TRACON& Tower with Radar,408,243,65,0,716,1,5,69,1,76,409,248,134,1,792,0,0,0,792
10/18/2000,TPA,FL,ASO,ES,Combined TRACON& Tower with Radar,408,218,66,0,692,0,27,87,1,115,408,245,153,1,807,0,0,0,807
10/19/2000,TPA,FL,ASO,ES,Combined TRACON& Tower with Radar,397,256,83,0,736,0,7,110,1,118,397,263,193,1,854,0,0,0,854
10/20/2000,TPA,FL,ASO,ES,Combined TRACON& Tower with Radar,411,234,93,2,740,0,10,76,0,86,411,244,169,2,826,0,0,0,826
10/21/2000,TPA,FL,ASO,ES,Combined TRACON& Tower with Radar,403,144,28,0,575,0,0,23,0,23,403,144,51,0,598,0,0,0,598
10/22/2000,TPA,FL,ASO,ES,Combined TRACON& Tower with Radar,385,145,46,1,577,0,1,54,0,55,385,146,100,1,632,0,0,0,632
10/23/2000,TPA,FL,ASO,ES,Combined TRACON& Tower with Radar,398,213,67,0,678,0,5,81,2,88,398,218,148,2,766,0,0,0,766
10/24/2000,TPA,FL,ASO,ES,Combined TRACON& Tower with Radar,401,242,69,5,717,0,1,52,2,55,401,243,121,7,772,0,0,0,772
10/25/2000,TPA,FL,ASO,ES,Combined TRACON& Tower with Radar,410,238,62,0,710,0,2,65,4,71,410,240,127,4,781,0,0,0,781
10/26/2000,TPA,FL,ASO,ES,Combined TRACON& Tower with Radar,407,236,85,0,728,0,4,50,0,54,407,240,135,0,782,0,0,0,782
10/27/2000,TPA,FL,ASO,ES,Combined TRACON& Tower with Radar,414,237,54,4,709,0,4,72,2,78,414,241,126,6,787,0,0,0,787
10/28/2000,TPA,FL,ASO,ES,Combined TRACON& Tower with Radar,409,146,25,0,580,0,4,61,0,65,409,150,86,0,645,0,0,0,645
10/29/2000,TPA,FL,ASO,ES,Combined TRACON& Tower with Radar,397,156,66,0,619,0,11,90,0,101,397,167,156,0,720,0,0,0,720
10/30/2000,TPA,FL,ASO,ES,Combined TRACON& Tower with Radar,396,217,66,1,680,0,2,48,0,50,396,219,114,1,730,72,0,72,802
10/31/2000,TPA,FL,ASO,ES,Combined TRACON& Tower with Radar,398,240,77,4,719,0,2,60,2,64,398,242,137,6,783,0,0,0,783
11/01/2000,TPA,FL,ASO,ES,Combined TRACON& Tower with Radar,416,245,73,2,736,0,7,86,3,96,416,252,159,5,832,20,0,20,852
11/02/2000,TPA,FL,ASO,ES,Combined TRACON& Tower with Radar,425,232,81,4,742,0,4,73,1,78,425,236,154,5,820,0,0,0,820
11/03/2000,TPA,FL,ASO,ES,Combined TRACON& Tower with Radar,417,235,75,4,731,0,6,74,1,81,417,241,149,5,812,0,0,0,812
11/04/2000,TPA,FL,ASO,ES,Combined TRACON& Tower with Radar,414,144,32,0,590,0,1,38,1,40,414,145,70,1,630,0,0,0,630
11/05/2000,TPA,FL,ASO,ES,Combined TRACON& Tower with Radar,402,138,58,3,601,0,1,47,0,48,402,139,105,3,649,0,0,0,649
11/06/2000,TPA,FL,ASO,ES,Combined TRACON& Tower with Radar,402,213,84,4,703,0,3,56,1,60,402,216,140,5,763,0,0,0,763
11/07/2000,TPA,FL,ASO,ES,Combined TRACON& Tower with Radar,426,233,75,4,738,0,7,67,4,78,426,240,142,8,816,20,0,20,836
11/08/2000,TPA,FL,ASO,ES,Combined TRACON& Tower with Radar,414,237,83,5,739,0,9,62,0,71,414,246,145,5,810,0,0,0,810
11/09/2000,TPA,FL,ASO,ES,Combined TRACON& Tower with Radar,418,251,71,2,742,0,4,81,0,85,418,255,152,2,827,10,0,10,837
11/10/2000,TPA,FL,ASO,ES,Combined TRACON& Tower with Radar,417,236,80,1,734,0,3,64,0,67,417,239,144,1,801,0,0,0,801
11/11/2000,TPA,FL,ASO,ES,Combined TRACON& Tower with Radar,433,139,36,0,608,0,2,73,2,77,433,141,109,2,685,0,0,0,685
11/12/2000,TPA,FL,ASO,ES,Combined TRACON& Tower with Radar,400,145,65,3,613,0,7,83,4,94,400,152,148,7,707,0,0,0,707
11/13/2000,TPA,FL,ASO,ES,Combined TRACON& Tower with Radar,406,211,61,1,679,0,1,98,0,99,406,212,159,1,778,0,0,0,778
11/14/2000,TPA,FL,ASO,ES,Combined TRACON& Tower with Radar,421,236,62,1,720,0,6,57,0,63,421,242,119,1,783,0,0,0,783
11/15/2000,TPA,FL,ASO,ES,Combined TRACON& Tower with Radar,421,244,83,0,748,0,4,110,3,117,421,248,193,3,865,0,0,0,865
11/16/2000,TPA,FL,ASO,ES,Combined TRACON& Tower with Radar,416,228,83,0,727,0,12,97,0,109,416,240,180,0,836,0,0,0,836
11/17/2000,TPA,FL,ASO,ES,Combined TRACON& Tower with Radar,426,231,102,2,761,0,10,82,2,94,426,241,184,4,855,0,0,0,855
11/18/2000,TPA,FL,ASO,ES,Combined TRACON& Tower with Radar,428,144,62,1,635,0,3,49,0,52,428,147,111,1,687,0,0,0,687
11/19/2000,TPA,FL,ASO,ES,Combined TRACON& Tower with Radar,402,143,65,0,610,0,1,43,0,44,402,144,108,0,654,0,0,0,654
11/20/2000,TPA,FL,ASO,ES,Combined TRACON& Tower with Radar,413,201,74,2,690,1,4,43,5,53,414,205,117,7,743,0,0,0,743
11/21/2000,TPA,FL,ASO,ES,Combined TRACON& Tower with Radar,420,233,71,2,726,0,5,70,2,77,420,238,141,4,803,0,0,0,803
11/22/2000,TPA,FL,ASO,ES,Combined TRACON& Tower with Radar,425,240,67,4,736,0,6,70,3,79,425,246,137,7,815,0,0,0,815
11/23/2000,TPA,FL,ASO,ES,Combined TRACON& Tower with Radar,383,171,26,0,580,0,4,28,0,32,383,175,54,0,612,0,0,0,612
11/24/2000,TPA,FL,ASO,ES,Combined TRACON& Tower with Radar,369,153,30,0,552,0,4,66,0,70,369,157,96,0,622,0,0,0,622
11/25/2000,TPA,FL,ASO,ES,Combined TRACON& Tower with Radar,390,146,24,0,560,0,1,28,0,29,390,147,52,0,589,0,0,0,589
11/26/2000,TPA,FL,ASO,ES,Combined TRACON& Tower with Radar,415,153,89,1,658,0,0,35,0,35,415,153,124,1,693,0,0,0,693
11/27/2000,TPA,FL,ASO,ES,Combined TRACON& Tower with Radar,423,203,62,1,689,0,3,94,1,98,423,206,156,2,787,0,0,0,787
11/28/2000,TPA,FL,ASO,ES,Combined TRACON& Tower with Radar,422,228,61,1,712,0,12,74,2,88,422,240,135,3,800,0,0,0,800
11/29/2000,TPA,FL,ASO,ES,Combined TRACON& Tower with Radar,415,231,80,2,728,0,14,82,1,97,415,245,162,3,825,0,0,0,825
11/30/2000,TPA,FL,ASO,ES,Combined TRACON& Tower with Radar,426,231,83,0,740,0,7,79,0,86,426,238,162,0,826,0,0,0,826
12/01/2000,TPA,FL,ASO,ES,Combined TRACON& Tower with Radar,427,225,67,1,720,0,8,92,3,103,427,233,159,4,823,0,0,0,823
12/02/2000,TPA,FL,ASO,ES,Combined TRACON& Tower with Radar,423,152,28,0,603,0,1,43,0,44,423,153,71,0,647,0,0,0,647
12/03/2000,TPA,FL,ASO,ES,Combined TRACON& Tower with Radar,402,156,52,4,614,0,2,86,0,88,402,158,138,4,702,0,0,0,702
12/04/2000,TPA,FL,ASO,ES,Combined TRACON& Tower with Radar,402,206,83,1,692,0,1,52,3,56,402,207,135,4,748,0,0,0,748
12/05/2000,TPA,FL,ASO,ES,Combined TRACON& Tower with Radar,418,224,76,2,720,0,8,52,0,60,418,232,128,2,780,0,0,0,780
12/06/2000,TPA,FL,ASO,ES,Combined TRACON& Tower with Radar,410,229,74,7,720,0,5,85,4,94,410,234,159,11,814,0,0,0,814
12/07/2000,TPA,FL,ASO,ES,Combined TRACON& Tower with Radar,422,232,66,3,723,0,11,78,3,92,422,243,144,6,815,0,0,0,815
12/08/2000,TPA,FL,ASO,ES,Combined TRACON& Tower with Radar,395,194,69,0,658,0,2,63,0,65,395,196,132,0,723,0,0,0,723
12/09/2000,TPA,FL,ASO,ES,Combined TRACON& Tower with Radar,412,151,43,0,606,1,0,69,0,70,413,151,112,0,676,0,0,0,676
12/10/2000,TPA,FL,ASO,ES,Combined TRACON& Tower with Radar,408,135,44,0,587,0,1,49,0,50,408,136,93,0,637,0,0,0,637
12/11/2000,TPA,FL,ASO,ES,Combined TRACON& Tower with Radar,396,205,75,0,676,0,1,40,1,42,396,206,115,1,718,0,0,0,718
12/12/2000,TPA,FL,ASO,ES,Combined TRACON& Tower with Radar,405,227,87,6,725,0,1,43,0,44,405,228,130,6,769,0,0,0,769
12/13/2000,TPA,FL,ASO,ES,Combined TRACON& Tower with Radar,394,261,72,0,727,0,6,52,0,58,394,267,124,0,785,0,0,0,785
12/14/2000,TPA,FL,ASO,ES,Combined TRACON& Tower with Radar,426,240,82,2,750,0,6,49,0,55,426,246,131,2,805,0,0,0,805
12/15/2000,TPA,FL,ASO,ES,Combined TRACON& Tower with Radar,441,245,65,0,751,0,3,60,0,63,441,248,125,0,814,0,0,0,814
12/16/2000,TPA,FL,ASO,ES,Combined TRACON& Tower with Radar,429,149,28,0,606,0,1,54,0,55,429,150,82,0,661,0,0,0,661
12/17/2000,TPA,FL,ASO,ES,Combined TRACON& Tower with Radar,409,142,28,2,581,0,1,38,1,40,409,143,66,3,621,0,0,0,621
12/18/2000,TPA,FL,ASO,ES,Combined TRACON& Tower with Radar,418,196,78,0,692,0,7,79,1,87,418,203,157,1,779,0,0,0,779
12/19/2000,TPA,FL,ASO,ES,Combined TRACON& Tower with Radar,440,241,90,0,771,0,1,63,0,64,440,242,153,0,835,0,0,0,835
12/20/2000,TPA,FL,ASO,ES,Combined TRACON& Tower with Radar,447,237,66,0,750,0,10,92,0,102,447,247,158,0,852,0,0,0,852
12/21/2000,TPA,FL,ASO,ES,Combined TRACON& Tower with Radar,449,238,50,2,739,0,8,64,0,72,449,246,114,2,811,0,0,0,811
12/22/2000,TPA,FL,ASO,ES,Combined TRACON& Tower with Radar,463,249,34,0,746,0,3,86,0,89,463,252,120,0,835,0,0,0,835
12/23/2000,TPA,FL,ASO,ES,Combined TRACON& Tower with Radar,468,157,25,1,651,0,2,72,0,74,468,159,97,1,725,0,0,0,725
12/24/2000,TPA,FL,ASO,ES,Combined TRACON& Tower with Radar,419,141,17,0,577,0,0,28,0,28,419,141,45,0,605,0,0,0,605
12/25/2000,TPA,FL,ASO,ES,Combined TRACON& Tower with Radar,402,165,26,0,593,0,0,33,1,34,402,165,59,1,627,0,0,0,627
12/26/2000,TPA,FL,ASO,ES,Combined TRACON& Tower with Radar,401,211,38,0,650,0,2,52,1,55,401,213,90,1,705,0,0,0,705
12/27/2000,TPA,FL,ASO,ES,Combined TRACON& Tower with Radar,445,241,58,0,744,0,4,58,0,62,445,245,116,0,806,0,0,0,806
12/28/2000,TPA,FL,ASO,ES,Combined TRACON& Tower with Radar,467,256,26,0,749,0,3,32,0,35,467,259,58,0,784,0,0,0,784
12/29/2000,TPA,FL,ASO,ES,Combined TRACON& Tower with Radar,447,252,53,0,752,0,0,55,1,56,447,252,108,1,808,0,0,0,808
12/30/2000,TPA,FL,ASO,ES,Combined TRACON& Tower with Radar,402,152,56,0,610,0,2,51,0,53,402,154,107,0,663,0,0,0,663
12/31/2000,TPA,FL,ASO,ES,Combined TRACON& Tower with Radar,400,132,33,0,565,0,1,40,0,41,400,133,73,0,606,0,0,0,606
01/01/2001,TPA,FL,ASO,ES,Combined TRACON& Tower with Radar,406,178,87,0,671,0,4,67,0,71,406,182,154,0,742,0,0,0,742
01/02/2001,TPA,FL,ASO,ES,Combined TRACON& Tower with Radar,437,214,76,0,727,0,5,69,0,74,437,219,145,0,801,0,0,0,801
01/03/2001,TPA,FL,ASO,ES,Combined TRACON& Tower with Radar,433,247,76,0,756,0,3,89,2,94,433,250,165,2,850,0,0,0,850
01/04/2001,TPA,FL,ASO,ES,Combined TRACON& Tower with Radar,436,234,62,2,734,0,8,79,0,87,436,242,141,2,821,0,0,0,821
01/05/2001,TPA,FL,ASO,ES,Combined TRACON& Tower with Radar,429,227,60,3,719,0,7,87,1,95,429,234,147,4,814,0,0,0,814
01/06/2001,TPA,FL,ASO,ES,Combined TRACON& Tower with Radar,424,145,21,0,590,0,0,55,0,55,424,145,76,0,645,0,0,0,645
01/07/2001,TPA,FL,ASO,ES,Combined TRACON& Tower with Radar,403,151,57,2,613,1,2,31,1,35,404,153,88,3,648,0,0,0,648
01/08/2001,TPA,FL,ASO,ES,Combined TRACON& Tower with Radar,421,206,50,1,678,0,0,29,0,29,421,206,79,1,707,0,0,0,707
01/09/2001,TPA,FL,ASO,ES,Combined TRACON& Tower with Radar,429,248,66,2,745,0,4,89,1,94,429,252,155,3,839,0,0,0,839
01/10/2001,TPA,FL,ASO,ES,Combined TRACON& Tower with Radar,424,238,58,2,722,0,7,81,3,91,424,245,139,5,813,0,0,0,813
01/11/2001,TPA,FL,ASO,ES,Combined TRACON& Tower with Radar,409,228,51,1,689,0,10,89,0,99,409,238,140,1,788,0,0,0,788
01/12/2001,TPA,FL,ASO,ES,Combined TRACON& Tower with Radar,432,239,53,5,729,0,8,82,0,90,432,247,135,5,819,0,0,0,819
01/13/2001,TPA,FL,ASO,ES,Combined TRACON& Tower with Radar,424,142,37,2,605,0,0,27,0,27,424,142,64,2,632,0,0,0,632
01/14/2001,TPA,FL,ASO,ES,Combined TRACON& Tower with Radar,409,151,44,5,609,0,1,45,0,46,409,152,89,5,655,0,0,0,655
01/15/2001,TPA,FL,ASO,ES,Combined TRACON& Tower with Radar,419,181,77,1,678,0,0,47,0,47,419,181,124,1,725,0,0,0,725
01/16/2001,TPA,FL,ASO,ES,Combined TRACON& Tower with Radar,425,211,67,2,705,0,12,71,0,83,425,223,138,2,788,0,0,0,788
01/17/2001,TPA,FL,ASO,ES,Combined TRACON& Tower with Radar,440,223,68,3,734,0,10,74,0,84,440,233,142,3,818,0,0,0,818
01/18/2001,TPA,FL,ASO,ES,Combined TRACON& Tower with Radar,417,231,97,2,747,0,7,72,0,79,417,238,169,2,826,20,0,20,846
01/19/2001,TPA,FL,ASO,ES,Combined TRACON& Tower with Radar,421,221,70,4,716,0,4,69,0,73,421,225,139,4,789,0,0,0,789
01/20/2001,TPA,FL,ASO,ES,Combined TRACON& Tower with Radar,421,142,42,1,606,0,0,28,1,29,421,142,70,2,635,0,0,0,635
01/21/2001,TPA,FL,ASO,ES,Combined TRACON& Tower with Radar,393,152,57,4,606,0,1,54,0,55,393,153,111,4,661,0,0,0,661
01/22/2001,TPA,FL,ASO,ES,Combined TRACON& Tower with Radar,446,203,51,0,700,0,6,77,0,83,446,209,128,0,783,0,0,0,783
01/23/2001,TPA,FL,ASO,ES,Combined TRACON& Tower with Radar,442,234,47,0,723,0,8,81,0,89,442,242,128,0,812,0,0,0,812
01/24/2001,TPA,FL,ASO,ES,Combined TRACON& Tower with Radar,446,238,71,0,755,0,6,109,0,115,446,244,180,0,870,0,0,0,870
01/25/2001,TPA,FL,ASO,ES,Combined TRACON& Tower with Radar,455,255,112,0,822,0,13,119,0,132,455,268,231,0,954,0,0,0,954
01/26/2001,TPA,FL,ASO,ES,Combined TRACON& Tower with Radar,449,247,163,1,860,0,9,120,6,135,449,256,283,7,995,0,0,0,995
01/27/2001,TPA,FL,ASO,ES,Combined TRACON& Tower with Radar,446,175,82,0,703,0,9,141,0,150,446,184,223,0,853,0,0,0,853
01/28/2001,TPA,FL,ASO,ES,Combined TRACON& Tower with Radar,422,213,192,0,827,0,22,239,2,263,422,235,431,2,1090,0,0,0,1090
01/29/2001,TPA,FL,ASO,ES,Combined TRACON& Tower with Radar,477,302,321,0,1100,0,2,101,2,105,477,304,422,2,1205,0,0,0,1205
01/30/2001,TPA,FL,ASO,ES,Combined TRACON& Tower with Radar,438,232,58,0,728,0,2,45,0,47,438,234,103,0,775,0,0,0,775
01/31/2001,TPA,FL,ASO,ES,Combined TRACON& Tower with Radar,445,252,65,0,762,0,1,51,0,52,445,253,116,0,814,0,0,0,814
02/01/2001,TPA,FL,ASO,ES,Combined TRACON& Tower with Radar,443,243,85,0,771,3,0,38,0,41,446,243,123,0,812,0,0,0,812
02/02/2001,TPA,FL,ASO,ES,Combined TRACON& Tower with Radar,463,235,87,0,785,0,0,24,0,24,463,235,111,0,809,0,0,0,809
02/03/2001,TPA,FL,ASO,ES,Combined TRACON& Tower with Radar,443,140,46,0,629,3,0,16,0,19,446,140,62,0,648,0,0,0,648
02/04/2001,TPA,FL,ASO,ES,Combined TRACON& Tower with Radar,426,143,77,0,646,3,1,10,0,14,429,144,87,0,660,0,0,0,660
02/05/2001,TPA,FL,ASO,ES,Combined TRACON& Tower with Radar,424,192,72,1,689,3,1,53,0,57,427,193,125,1,746,0,0,0,746
02/06/2001,TPA,FL,ASO,ES,Combined TRACON& Tower with Radar,455,234,82,0,771,3,1,76,2,82,458,235,158,2,853,0,0,0,853
02/07/2001,TPA,FL,ASO,ES,Combined TRACON& Tower with Radar,452,228,88,0,768,2,6,93,0,101,454,234,181,0,869,0,0,0,869
02/08/2001,TPA,FL,ASO,ES,Combined TRACON& Tower with Radar,446,229,73,0,748,2,5,77,0,84,448,234,150,0,832,0,0,0,832
02/09/2001,TPA,FL,ASO,ES,Combined TRACON& Tower with Radar,452,221,57,0,730,2,8,89,1,100,454,229,146,1,830,0,0,0,830
02/10/2001,TPA,FL,ASO,ES,Combined TRACON& Tower with Radar,452,137,42,7,638,2,1,69,0,72,454,138,111,7,710,0,0,0,710
02/11/2001,TPA,FL,ASO,ES,Combined TRACON& Tower with Radar,433,138,65,0,636,2,0,48,0,50,435,138,113,0,686,0,0,0,686
02/12/2001,TPA,FL,ASO,ES,Combined TRACON& Tower with Radar,439,198,74,0,711,2,3,42,1,48,441,201,116,1,759,0,0,0,759
02/13/2001,TPA,FL,ASO,ES,Combined TRACON& Tower with Radar,451,223,87,4,765,2,1,50,1,54,453,224,137,5,819,0,0,0,819
02/14/2001,TPA,FL,ASO,ES,Combined TRACON& Tower with Radar,454,229,71,0,754,2,1,83,0,86,456,230,154,0,840,0,0,0,840
02/15/2001,TPA,FL,ASO,ES,Combined TRACON& Tower with Radar,460,225,85,2,772,2,14,83,0,99,462,239,168,2,871,0,0,0,871
02/16/2001,TPA,FL,ASO,ES,Combined TRACON& Tower with Radar,451,240,62,6,759,2,6,100,0,108,453,246,162,6,867,0,0,0,867
02/17/2001,TPA,FL,ASO,ES,Combined TRACON& Tower with Radar,465,149,44,5,663,2,3,57,2,64,467,152,101,7,727,0,0,0,727
02/18/2001,TPA,FL,ASO,ES,Combined TRACON& Tower with Radar,444,166,58,4,672,2,3,71,3,79,446,169,129,7,751,0,0,0,751
02/19/2001,TPA,FL,ASO,ES,Combined TRACON& Tower with Radar,444,206,89,7,746,2,3,50,0,55,446,209,139,7,801,0,0,0,801
02/20/2001,TPA,FL,ASO,ES,Combined TRACON& Tower with Radar,459,222,92,2,775,2,6,89,1,98,461,228,181,3,873,0,0,0,873
02/21/2001,TPA,FL,ASO,ES,Combined TRACON& Tower with Radar,450,242,95,1,788,2,6,82,0,90,452,248,177,1,878,0,0,0,878
02/22/2001,TPA,FL,ASO,ES,Combined TRACON& Tower with Radar,454,238,96,0,788,2,9,79,2,92,456,247,175,2,880,0,0,0,880
02/23/2001,TPA,FL,ASO,ES,Combined TRACON& Tower with Radar,461,231,101,0,793,2,3,92,1,98,463,234,193,1,891,0,0,0,891
02/24/2001,TPA,FL,ASO,ES,Combined TRACON& Tower with Radar,464,144,43,0,651,2,5,63,1,71,466,149,106,1,722,0,0,0,722
02/25/2001,TPA,FL,ASO,ES,Combined TRACON& Tower with Radar,426,150,73,1,650,2,0,71,0,73,428,150,144,1,723,0,0,0,723
02/26/2001,TPA,FL,ASO,ES,Combined TRACON& Tower with Radar,451,206,73,0,730,2,4,69,0,75,453,210,142,0,805,0,0,0,805
02/27/2001,TPA,FL,ASO,ES,Combined TRACON& Tower with Radar,458,227,61,3,749,3,6,71,7,87,461,233,132,10,836,0,0,0,836
02/28/2001,TPA,FL,ASO,ES,Combined TRACON& Tower with Radar,453,226,80,0,759,2,14,77,4,97,455,240,157,4,856,0,0,0,856
03/01/2001,TPA,FL,ASO,ES,Combined TRACON& Tower with Radar,462,230,88,5,785,0,11,64,0,75,462,241,152,5,860,0,0,0,860
03/02/2001,TPA,FL,ASO,ES,Combined TRACON& Tower with Radar,454,229,67,3,753,0,5,84,0,89,454,234,151,3,842,0,0,0,842
03/03/2001,TPA,FL,ASO,ES,Combined TRACON& Tower with Radar,399,145,58,1,603,70,0,31,3,104,469,145,89,4,707,0,0,0,707
03/04/2001,TPA,FL,ASO,ES,Combined TRACON& Tower with Radar,348,120,50,1,519,79,0,20,2,101,427,120,70,3,620,0,0,0,620
03/05/2001,TPA,FL,ASO,ES,Combined TRACON& Tower with Radar,434,207,54,0,695,0,5,43,0,48,434,212,97,0,743,0,0,0,743
03/06/2001,TPA,FL,ASO,ES,Combined TRACON& Tower with Radar,435,238,77,0,750,0,6,47,0,53,435,244,124,0,803,0,0,0,803
03/07/2001,TPA,FL,ASO,ES,Combined TRACON& Tower with Radar,463,230,83,0,776,0,10,74,0,84,463,240,157,0,860,0,0,0,860
03/08/2001,TPA,FL,ASO,ES,Combined TRACON& Tower with Radar,461,240,62,0,763,0,10,88,2,100,461,250,150,2,863,0,0,0,863
03/09/2001,TPA,FL,ASO,ES,Combined TRACON& Tower with Radar,470,239,76,1,786,0,6,91,0,97,470,245,167,1,883,0,0,0,883
03/10/2001,TPA,FL,ASO,ES,Combined TRACON& Tower with Radar,468,144,35,0,647,0,5,56,0,61,468,149,91,0,708,0,0,0,708
03/11/2001,TPA,FL,ASO,ES,Combined TRACON& Tower with Radar,456,148,43,1,648,0,3,51,0,54,456,151,94,1,702,0,0,0,702
03/12/2001,TPA,FL,ASO,ES,Combined TRACON& Tower with Radar,453,191,40,1,685,0,5,88,3,96,453,196,128,4,781,0,0,0,781
03/13/2001,TPA,FL,ASO,ES,Combined TRACON& Tower with Radar,451,211,53,2,717,0,5,26,0,31,451,216,79,2,748,0,0,0,748
03/14/2001,TPA,FL,ASO,ES,Combined TRACON& Tower with Radar,468,231,70,0,769,0,15,50,1,66,468,246,120,1,835,0,0,0,835
03/15/2001,TPA,FL,ASO,ES,Combined TRACON& Tower with Radar,471,230,73,0,774,0,4,33,0,37,471,234,106,0,811,0,0,0,811
03/16/2001,TPA,FL,ASO,ES,Combined TRACON& Tower with Radar,461,235,91,1,788,0,6,66,0,72,461,241,157,1,860,0,0,0,860
03/17/2001,TPA,FL,ASO,ES,Combined TRACON& Tower with Radar,468,145,42,1,656,0,3,61,0,64,468,148,103,1,720,0,0,0,720
03/18/2001,TPA,FL,ASO,ES,Combined TRACON& Tower with Radar,453,155,73,0,681,0,2,36,0,38,453,157,109,0,719,0,0,0,719
03/19/2001,TPA,FL,ASO,ES,Combined TRACON& Tower with Radar,463,182,70,1,716,0,2,15,0,17,463,184,85,1,733,0,0,0,733
03/20/2001,TPA,FL,ASO,ES,Combined TRACON& Tower with Radar,456,241,64,0,761,0,6,45,0,51,456,247,109,0,812,0,0,0,812
03/21/2001,TPA,FL,ASO,ES,Combined TRACON& Tower with Radar,460,231,100,2,793,0,3,50,2,55,460,234,150,4,848,0,0,0,848
03/22/2001,TPA,FL,ASO,ES,Combined TRACON& Tower with Radar,464,237,93,0,794,0,8,72,1,81,464,245,165,1,875,0,0,0,875
03/23/2001,TPA,FL,ASO,ES,Combined TRACON& Tower with Radar,460,223,83,2,768,0,15,109,0,124,460,238,192,2,892,0,0,0,892
03/24/2001,TPA,FL,ASO,ES,Combined TRACON& Tower with Radar,469,139,53,0,661,0,4,57,0,61,469,143,110,0,722,0,0,0,722
03/25/2001,TPA,FL,ASO,ES,Combined TRACON& Tower with Radar,450,139,60,5,654,0,2,62,0,64,450,141,122,5,718,0,0,0,718
03/26/2001,TPA,FL,ASO,ES,Combined TRACON& Tower with Radar,450,199,68,1,718,0,3,58,0,61,450,202,126,1,779,0,0,0,779
03/27/2001,TPA,FL,ASO,ES,Combined TRACON& Tower with Radar,460,227,66,0,753,0,4,65,1,70,460,231,131,1,823,0,0,0,823
03/28/2001,TPA,FL,ASO,ES,Combined TRACON& Tower with Radar,459,238,75,0,772,0,3,75,0,78,459,241,150,0,850,0,0,0,850
03/29/2001,TPA,FL,ASO,ES,Combined TRACON& Tower with Radar,408,160,60,0,628,42,0,36,0,78,450,160,96,0,706,0,0,0,706
03/30/2001,TPA,FL,ASO,ES,Combined TRACON& Tower with Radar,487,230,93,0,810,0,4,48,0,52,487,234,141,0,862,0,0,0,862
03/31/2001,TPA,FL,ASO,ES,Combined TRACON& Tower with Radar,474,131,55,0,660,0,5,44,0,49,474,136,99,0,709,0,0,0,709
04/01/2001,TPA,FL,ASO,ES,Combined TRACON& Tower with Radar,382,148,61,1,592,62,0,49,2,113,444,148,110,3,705,0,0,0,705
04/02/2001,TPA,FL,ASO,ES,Combined TRACON& Tower with Radar,438,206,56,0,700,0,5,87,0,92,438,211,143,0,792,0,0,0,792
04/03/2001,TPA,FL,ASO,ES,Combined TRACON& Tower with Radar,442,225,78,0,745,0,4,77,0,81,442,229,155,0,826,0,0,0,826
04/04/2001,TPA,FL,ASO,ES,Combined TRACON& Tower with Radar,448,241,82,0,771,0,6,81,0,87,448,247,163,0,858,0,0,0,858
04/05/2001,TPA,FL,ASO,ES,Combined TRACON& Tower with Radar,455,238,86,0,779,0,11,75,0,86,455,249,161,0,865,0,0,0,865
04/06/2001,TPA,FL,ASO,ES,Combined TRACON& Tower with Radar,434,223,76,2,735,0,7,90,0,97,434,230,166,2,832,0,0,0,832
04/07/2001,TPA,FL,ASO,ES,Combined TRACON& Tower with Radar,458,139,66,1,664,0,4,56,0,60,458,143,122,1,724,0,0,0,724
04/08/2001,TPA,FL,ASO,ES,Combined TRACON& Tower with Radar,423,139,66,1,629,10,0,43,1,54,433,139,109,2,683,0,0,0,683
04/09/2001,TPA,FL,ASO,ES,Combined TRACON& Tower with Radar,445,197,105,2,749,0,3,92,1,96,445,200,197,3,845,0,0,0,845
04/10/2001,TPA,FL,ASO,ES,Combined TRACON& Tower with Radar,457,224,89,6,776,0,5,94,2,101,457,229,183,8,877,0,0,0,877
04/11/2001,TPA,FL,ASO,ES,Combined TRACON& Tower with Radar,441,224,107,1,773,0,4,94,0,98,441,228,201,1,871,0,0,0,871
04/12/2001,TPA,FL,ASO,ES,Combined TRACON& Tower with Radar,447,235,111,3,796,0,4,101,1,106,447,239,212,4,902,0,0,0,902
04/13/2001,TPA,FL,ASO,ES,Combined TRACON& Tower with Radar,456,220,80,1,757,0,10,86,2,98,456,230,166,3,855,0,0,0,855
04/14/2001,TPA,FL,ASO,ES,Combined TRACON& Tower with Radar,454,137,67,1,659,0,6,66,0,72,454,143,133,1,731,0,0,0,731
04/15/2001,TPA,FL,ASO,ES,Combined TRACON& Tower with Radar,438,140,35,2,615,0,2,55,0,57,438,142,90,2,672,0,0,0,672
04/16/2001,TPA,FL,ASO,ES,Combined TRACON& Tower with Radar,447,197,87,0,731,0,8,84,0,92,447,205,171,0,823,0,0,0,823
04/17/2001,TPA,FL,ASO,ES,Combined TRACON& Tower with Radar,460,223,69,0,752,0,6,63,0,69,460,229,132,0,821,0,0,0,821
04/18/2001,TPA,FL,ASO,ES,Combined TRACON& Tower with Radar,450,222,64,0,736,0,2,69,1,72,450,224,133,1,808,0,0,0,808
04/19/2001,TPA,FL,ASO,ES,Combined TRACON& Tower with Radar,462,229,67,0,758,0,8,72,2,82,462,237,139,2,840,0,0,0,840
04/20/2001,TPA,FL,ASO,ES,Combined TRACON& Tower with Radar,452,233,73,1,759,0,6,74,0,80,452,239,147,1,839,0,0,0,839
04/21/2001,TPA,FL,ASO,ES,Combined TRACON& Tower with Radar,458,132,33,1,624,0,4,69,0,73,458,136,102,1,697,0,0,0,697
04/22/2001,TPA,FL,ASO,ES,Combined TRACON& Tower with Radar,434,144,45,4,627,0,3,45,0,48,434,147,90,4,675,0,0,0,675
04/23/2001,TPA,FL,ASO,ES,Combined TRACON& Tower with Radar,455,194,77,1,727,0,4,63,1,68,455,198,140,2,795,0,0,0,795
04/24/2001,TPA,FL,ASO,ES,Combined TRACON& Tower with Radar,450,225,55,0,730,0,7,82,0,89,450,232,137,0,819,0,0,0,819
04/25/2001,TPA,FL,ASO,ES,Combined TRACON& Tower with Radar,459,219,87,0,765,0,11,71,4,86,459,230,158,4,851,0,0,0,851
04/26/2001,TPA,FL,ASO,ES,Combined TRACON& Tower with Radar,455,232,78,0,765,0,4,107,0,111,455,236,185,0,876,0,0,0,876
04/27/2001,TPA,FL,ASO,ES,Combined TRACON& Tower with Radar,446,222,75,0,743,0,10,100,1,111,446,232,175,1,854,0,0,0,854
04/28/2001,TPA,FL,ASO,ES,Combined TRACON& Tower with Radar,449,134,36,1,620,0,4,60,0,64,449,138,96,1,684,0,0,0,684
04/29/2001,TPA,FL,ASO,ES,Combined TRACON& Tower with Radar,434,139,52,1,626,0,2,38,0,40,434,141,90,1,666,0,0,0,666
04/30/2001,TPA,FL,ASO,ES,Combined TRACON& Tower with Radar,440,194,60,0,694,0,5,68,0,73,440,199,128,0,767,0,0,0,767
05/01/2001,TPA,FL,ASO,ES,Combined TRACON& Tower with Radar,435,235,49,0,719,0,4,62,1,67,435,239,111,1,786,0,0,0,786
05/02/2001,TPA,FL,ASO,ES,Combined TRACON& Tower with Radar,437,225,86,0,748,0,4,49,4,57,437,229,135,4,805,0,0,0,805
05/03/2001,TPA,FL,ASO,ES,Combined TRACON& Tower with Radar,431,223,83,2,739,4,5,89,2,100,435,228,172,4,839,0,0,0,839
05/04/2001,TPA,FL,ASO,ES,Combined TRACON& Tower with Radar,442,223,54,4,723,5,5,86,0,96,447,228,140,4,819,0,0,0,819
05/05/2001,TPA,FL,ASO,ES,Combined TRACON& Tower with Radar,435,124,39,0,598,4,5,47,0,56,439,129,86,0,654,0,0,0,654
05/06/2001,TPA,FL,ASO,ES,Combined TRACON& Tower with Radar,407,134,29,3,573,4,3,57,0,64,411,137,86,3,637,0,0,0,637
05/07/2001,TPA,FL,ASO,ES,Combined TRACON& Tower with Radar,426,180,49,2,657,3,1,80,1,85,429,181,129,3,742,0,0,0,742
05/08/2001,TPA,FL,ASO,ES,Combined TRACON& Tower with Radar,428,222,66,0,716,0,8,81,1,90,428,230,147,1,806,0,0,0,806
05/09/2001,TPA,FL,ASO,ES,Combined TRACON& Tower with Radar,430,218,89,1,738,0,3,71,1,75,430,221,160,2,813,0,0,0,813
05/10/2001,TPA,FL,ASO,ES,Combined TRACON& Tower with Radar,429,220,55,0,704,0,1,65,0,66,429,221,120,0,770,0,0,0,770
05/11/2001,TPA,FL,ASO,ES,Combined TRACON& Tower with Radar,431,212,69,1,713,0,3,78,3,84,431,215,147,4,797,0,0,0,797
05/12/2001,TPA,FL,ASO,ES,Combined TRACON& Tower with Radar,429,121,27,1,578,0,1,59,2,62,429,122,86,3,640,0,0,0,640
05/13/2001,TPA,FL,ASO,ES,Combined TRACON& Tower with Radar,416,140,30,0,586,0,0,48,0,48,416,140,78,0,634,0,0,0,634
05/14/2001,TPA,FL,ASO,ES,Combined TRACON& Tower with Radar,417,194,45,0,656,3,9,85,0,97,420,203,130,0,753,0,0,0,753
05/15/2001,TPA,FL,ASO,ES,Combined TRACON& Tower with Radar,414,222,70,0,706,1,3,68,1,73,415,225,138,1,779,0,0,0,779
05/16/2001,TPA,FL,ASO,ES,Combined TRACON& Tower with Radar,425,216,78,0,719,0,1,80,0,81,425,217,158,0,800,0,0,0,800
05/17/2001,TPA,FL,ASO,ES,Combined TRACON& Tower with Radar,426,225,72,4,727,0,1,78,1,80,426,226,150,5,807,0,0,0,807
05/18/2001,TPA,FL,ASO,ES,Combined TRACON& Tower with Radar,432,214,64,0,710,0,7,101,1,109,432,221,165,1,819,0,0,0,819
05/19/2001,TPA,FL,ASO,ES,Combined TRACON& Tower with Radar,427,126,37,0,590,0,1,58,3,62,427,127,95,3,652,0,0,0,652
05/20/2001,TPA,FL,ASO,ES,Combined TRACON& Tower with Radar,409,132,51,2,594,0,3,49,0,52,409,135,100,2,646,0,0,0,646
05/21/2001,TPA,FL,ASO,ES,Combined TRACON& Tower with Radar,427,201,54,0,682,0,4,59,2,65,427,205,113,2,747,0,0,0,747
05/22/2001,TPA,FL,ASO,ES,Combined TRACON& Tower with Radar,412,219,59,1,691,0,5,63,1,69,412,224,122,2,760,0,0,0,760
05/23/2001,TPA,FL,ASO,ES,Combined TRACON& Tower with Radar,435,212,87,0,734,0,4,87,1,92,435,216,174,1,826,0,0,0,826
05/24/2001,TPA,FL,ASO,ES,Combined TRACON& Tower with Radar,433,214,76,0,723,0,1,89,0,90,433,215,165,0,813,0,0,0,813
05/25/2001,TPA,FL,ASO,ES,Combined TRACON& Tower with Radar,449,218,64,1,732,0,3,75,0,78,449,221,139,1,810,0,0,0,810
05/26/2001,TPA,FL,ASO,ES,Combined TRACON& Tower with Radar,426,126,30,0,582,0,1,34,0,35,426,127,64,0,617,0,0,0,617
05/27/2001,TPA,FL,ASO,ES,Combined TRACON& Tower with Radar,369,128,24,0,521,0,0,37,0,37,369,128,61,0,558,0,0,0,558
05/28/2001,TPA,FL,ASO,ES,Combined TRACON& Tower with Radar,411,164,39,0,614,0,2,36,0,38,411,166,75,0,652,0,0,0,652
05/29/2001,TPA,FL,ASO,ES,Combined TRACON& Tower with Radar,417,193,49,1,660,0,3,67,2,72,417,196,116,3,732,0,0,0,732
05/30/2001,TPA,FL,ASO,ES,Combined TRACON& Tower with Radar,422,215,74,1,712,0,3,92,1,96,422,218,166,2,808,0,0,0,808
05/31/2001,TPA,FL,ASO,ES,Combined TRACON& Tower with Radar,426,217,67,2,712,0,3,83,0,86,426,220,150,2,798,0,0,0,798
06/01/2001,TPA,FL,ASO,ES,Combined TRACON& Tower with Radar,433,213,75,2,723,0,7,42,0,49,433,220,117,2,772,0,0,0,772
06/02/2001,TPA,FL,ASO,ES,Combined TRACON& Tower with Radar,370,132,45,0,547,39,0,29,2,70,409,132,74,2,617,0,0,0,617
06/03/2001,TPA,FL,ASO,ES,Combined TRACON& Tower with Radar,424,136,46,1,607,0,3,54,0,57,424,139,100,1,664,0,0,0,664
06/04/2001,TPA,FL,ASO,ES,Combined TRACON& Tower with Radar,417,190,50,2,659,0,3,72,0,75,417,193,122,2,734,0,0,0,734
06/05/2001,TPA,FL,ASO,ES,Combined TRACON& Tower with Radar,434,219,63,4,720,0,4,49,0,53,434,223,112,4,773,0,0,0,773
06/06/2001,TPA,FL,ASO,ES,Combined TRACON& Tower with Radar,422,210,71,1,704,0,3,63,0,66,422,213,134,1,770,0,0,0,770
06/07/2001,TPA,FL,ASO,ES,Combined TRACON& Tower with Radar,437,213,69,0,719,0,3,65,0,68,437,216,134,0,787,0,0,0,787
06/08/2001,TPA,FL,ASO,ES,Combined TRACON& Tower with Radar,429,208,63,3,703,0,6,82,1,89,429,214,145,4,792,0,0,0,792
06/09/2001,TPA,FL,ASO,ES,Combined TRACON& Tower with Radar,410,128,24,0,562,0,3,66,0,69,410,131,90,0,631,0,0,0,631
06/10/2001,TPA,FL,ASO,ES,Combined TRACON& Tower with Radar,399,134,36,0,569,0,2,34,0,36,399,136,70,0,605,0,0,0,605
06/11/2001,TPA,FL,ASO,ES,Combined TRACON& Tower with Radar,421,180,44,0,645,0,2,80,0,82,421,182,124,0,727,0,0,0,727
06/12/2001,TPA,FL,ASO,ES,Combined TRACON& Tower with Radar,421,203,65,2,691,0,5,69,0,74,421,208,134,2,765,0,0,0,765
06/13/2001,TPA,FL,ASO,ES,Combined TRACON& Tower with Radar,407,215,62,0,684,0,3,76,2,81,407,218,138,2,765,0,0,0,765
06/14/2001,TPA,FL,ASO,ES,Combined TRACON& Tower with Radar,417,215,52,2,686,0,3,70,2,75,417,218,122,4,761,0,0,0,761
06/15/2001,TPA,FL,ASO,ES,Combined TRACON& Tower with Radar,421,215,59,1,696,0,5,66,3,74,421,220,125,4,770,0,0,0,770
06/16/2001,TPA,FL,ASO,ES,Combined TRACON& Tower with Radar,424,126,21,0,571,0,1,39,0,40,424,127,60,0,611,0,0,0,611
06/17/2001,TPA,FL,ASO,ES,Combined TRACON& Tower with Radar,398,136,32,0,566,0,3,38,0,41,398,139,70,0,607,0,0,0,607
06/18/2001,TPA,FL,ASO,ES,Combined TRACON& Tower with Radar,433,185,49,0,667,0,7,39,1,47,433,192,88,1,714,0,0,0,714
06/19/2001,TPA,FL,ASO,ES,Combined TRACON& Tower with Radar,420,217,46,0,683,0,1,42,1,44,420,218,88,1,727,0,0,0,727
06/20/2001,TPA,FL,ASO,ES,Combined TRACON& Tower with Radar,419,207,55,2,683,0,5,49,2,56,419,212,104,4,739,0,0,0,739
06/21/2001,TPA,FL,ASO,ES,Combined TRACON& Tower with Radar,456,220,54,1,731,0,4,64,0,68,456,224,118,1,799,0,0,0,799
06/22/2001,TPA,FL,ASO,ES,Combined TRACON& Tower with Radar,421,205,64,0,690,0,4,34,1,39,421,209,98,1,729,0,0,0,729
06/23/2001,TPA,FL,ASO,ES,Combined TRACON& Tower with Radar,424,114,19,0,557,0,2,15,1,18,424,116,34,1,575,0,0,0,575
06/24/2001,TPA,FL,ASO,ES,Combined TRACON& Tower with Radar,345,133,42,0,520,78,0,27,1,106,423,133,69,1,626,0,0,0,626
06/25/2001,TPA,FL,ASO,ES,Combined TRACON& Tower with Radar,427,181,53,1,662,0,9,57,3,69,427,190,110,4,731,0,0,0,731
06/26/2001,TPA,FL,ASO,ES,Combined TRACON& Tower with Radar,422,208,54,0,684,0,5,49,1,55,422,213,103,1,739,0,0,0,739
06/27/2001,TPA,FL,ASO,ES,Combined TRACON& Tower with Radar,427,206,59,0,692,0,1,52,0,53,427,207,111,0,745,0,0,0,745
06/28/2001,TPA,FL,ASO,ES,Combined TRACON& Tower with Radar,426,202,67,0,695,0,1,53,0,54,426,203,120,0,749,0,0,0,749
06/29/2001,TPA,FL,ASO,ES,Combined TRACON& Tower with Radar,424,215,66,1,706,0,1,45,0,46,424,216,111,1,752,0,0,0,752
06/30/2001,TPA,FL,ASO,ES,Combined TRACON& Tower with Radar,412,122,32,0,566,0,1,56,0,57,412,123,88,0,623,0,0,0,623
07/01/2001,TPA,FL,ASO,ES,Combined TRACON& Tower with Radar,395,135,33,0,563,1,0,15,0,16,396,135,48,0,579,0,0,0,579
07/02/2001,TPA,FL,ASO,ES,Combined TRACON& Tower with Radar,438,192,47,1,678,1,3,61,1,66,439,195,108,2,744,0,0,0,744
07/03/2001,TPA,FL,ASO,ES,Combined TRACON& Tower with Radar,418,208,57,0,683,1,4,63,3,71,419,212,120,3,754,0,0,0,754
07/04/2001,TPA,FL,ASO,ES,Combined TRACON& Tower with Radar,386,166,17,0,569,1,2,27,0,30,387,168,44,0,599,0,0,0,599
07/05/2001,TPA,FL,ASO,ES,Combined TRACON& Tower with Radar,421,193,42,4,660,1,3,52,1,57,422,196,94,5,717,0,0,0,717
07/06/2001,TPA,FL,ASO,ES,Combined TRACON& Tower with Radar,434,208,31,0,673,1,5,103,0,109,435,213,134,0,782,0,0,0,782
07/07/2001,TPA,FL,ASO,ES,Combined TRACON& Tower with Radar,428,117,36,0,581,1,2,25,0,28,429,119,61,0,609,0,0,0,609
07/08/2001,TPA,FL,ASO,ES,Combined TRACON& Tower with Radar,387,133,44,0,564,15,0,37,0,52,402,133,81,0,616,0,0,0,616
07/09/2001,TPA,FL,ASO,ES,Combined TRACON& Tower with Radar,447,189,57,4,697,1,4,37,0,42,448,193,94,4,739,0,0,0,739
07/10/2001,TPA,FL,ASO,ES,Combined TRACON& Tower with Radar,421,211,57,1,690,1,5,36,0,42,422,216,93,1,732,0,0,0,732
07/11/2001,TPA,FL,ASO,ES,Combined TRACON& Tower with Radar,448,215,63,2,728,1,0,46,0,47,449,215,109,2,775,0,0,0,775
07/12/2001,TPA,FL,ASO,ES,Combined TRACON& Tower with Radar,435,195,52,0,682,0,13,61,1,75,435,208,113,1,757,0,0,0,757
07/13/2001,TPA,FL,ASO,ES,Combined TRACON& Tower with Radar,432,217,45,1,695,1,6,65,0,72,433,223,110,1,767,0,0,0,767
07/14/2001,TPA,FL,ASO,ES,Combined TRACON& Tower with Radar,449,120,35,0,604,1,0,46,0,47,450,120,81,0,651,0,0,0,651
07/15/2001,TPA,FL,ASO,ES,Combined TRACON& Tower with Radar,415,132,41,0,588,1,1,41,0,43,416,133,82,0,631,0,0,0,631
07/16/2001,TPA,FL,ASO,ES,Combined TRACON& Tower with Radar,431,188,39,3,661,1,1,73,0,75,432,189,112,3,736,0,0,0,736
07/17/2001,TPA,FL,ASO,ES,Combined TRACON& Tower with Radar,431,207,43,0,681,1,1,64,1,67,432,208,107,1,748,0,0,0,748
07/18/2001,TPA,FL,ASO,ES,Combined TRACON& Tower with Radar,461,218,48,3,730,1,6,65,0,72,462,224,113,3,802,0,0,0,802
07/19/2001,TPA,FL,ASO,ES,Combined TRACON& Tower with Radar,434,215,78,2,729,1,3,66,2,72,435,218,144,4,801,0,0,0,801
07/20/2001,TPA,FL,ASO,ES,Combined TRACON& Tower with Radar,438,201,52,1,692,0,17,52,3,72,438,218,104,4,764,0,0,0,764
07/21/2001,TPA,FL,ASO,ES,Combined TRACON& Tower with Radar,428,122,42,1,593,1,0,19,0,20,429,122,61,1,613,0,0,0,613
07/22/2001,TPA,FL,ASO,ES,Combined TRACON& Tower with Radar,417,137,36,1,591,1,0,26,0,27,418,137,62,1,618,0,0,0,618
07/23/2001,TPA,FL,ASO,ES,Combined TRACON& Tower with Radar,406,172,45,0,623,29,0,14,0,43,435,172,59,0,666,0,0,0,666
07/24/2001,TPA,FL,ASO,ES,Combined TRACON& Tower with Radar,438,214,55,0,707,1,1,55,0,57,439,215,110,0,764,0,0,0,764
07/25/2001,TPA,FL,ASO,ES,Combined TRACON& Tower with Radar,416,209,58,0,683,0,1,54,1,56,416,210,112,1,739,0,0,0,739
07/26/2001,TPA,FL,ASO,ES,Combined TRACON& Tower with Radar,430,203,57,2,692,0,5,70,0,75,430,208,127,2,767,0,0,0,767
07/27/2001,TPA,FL,ASO,ES,Combined TRACON& Tower with Radar,443,200,68,0,711,0,10,63,1,74,443,210,131,1,785,0,0,0,785
07/28/2001,TPA,FL,ASO,ES,Combined TRACON& Tower with Radar,435,121,36,0,592,0,1,48,0,49,435,122,84,0,641,0,0,0,641
07/29/2001,TPA,FL,ASO,ES,Combined TRACON& Tower with Radar,403,135,31,0,569,0,1,48,0,49,403,136,79,0,618,0,0,0,618
07/30/2001,TPA,FL,ASO,ES,Combined TRACON& Tower with Radar,428,190,59,0,677,0,2,80,0,82,428,192,139,0,759,0,0,0,759
07/31/2001,TPA,FL,ASO,ES,Combined TRACON& Tower with Radar,437,207,57,1,702,0,4,65,6,75,437,211,122,7,777,0,0,0,777
08/01/2001,TPA,FL,ASO,ES,Combined TRACON& Tower with Radar,433,221,67,0,721,0,3,59,2,64,433,224,126,2,785,0,0,0,785
08/02/2001,TPA,FL,ASO,ES,Combined TRACON& Tower with Radar,432,201,55,4,692,0,0,26,0,26,432,201,81,4,718,0,0,0,718
08/03/2001,TPA,FL,ASO,ES,Combined TRACON& Tower with Radar,438,201,66,0,705,0,2,40,0,42,438,203,106,0,747,0,0,0,747
08/04/2001,TPA,FL,ASO,ES,Combined TRACON& Tower with Radar,407,116,22,0,545,0,3,36,0,39,407,119,58,0,584,0,0,0,584
08/05/2001,TPA,FL,ASO,ES,Combined TRACON& Tower with Radar,426,120,50,0,596,0,0,43,0,43,426,120,93,0,639,0,0,0,639
08/06/2001,TPA,FL,ASO,ES,Combined TRACON& Tower with Radar,440,180,56,0,676,0,0,47,0,47,440,180,103,0,723,0,0,0,723
08/07/2001,TPA,FL,ASO,ES,Combined TRACON& Tower with Radar,440,201,59,2,702,0,1,68,0,69,440,202,127,2,771,0,0,0,771
08/08/2001,TPA,FL,ASO,ES,Combined TRACON& Tower with Radar,437,211,64,3,715,0,4,75,1,80,437,215,139,4,795,0,0,0,795
08/09/2001,TPA,FL,ASO,ES,Combined TRACON& Tower with Radar,434,215,62,3,714,0,5,42,0,47,434,220,104,3,761,0,0,0,761
08/10/2001,TPA,FL,ASO,ES,Combined TRACON& Tower with Radar,404,207,56,3,670,0,0,74,0,74,404,207,130,3,744,0,0,0,744
08/11/2001,TPA,FL,ASO,ES,Combined TRACON& Tower with Radar,432,129,26,0,587,0,2,34,3,39,432,131,60,3,626,0,0,0,626
08/12/2001,TPA,FL,ASO,ES,Combined TRACON& Tower with Radar,428,138,29,0,595,0,0,37,0,37,428,138,66,0,632,0,0,0,632
08/13/2001,TPA,FL,ASO,ES,Combined TRACON& Tower with Radar,431,193,34,0,658,0,1,83,0,84,431,194,117,0,742,0,0,0,742
08/14/2001,TPA,FL,ASO,ES,Combined TRACON& Tower with Radar,447,205,66,1,719,0,1,85,0,86,447,206,151,1,805,0,0,0,805
08/15/2001,TPA,FL,ASO,ES,Combined TRACON& Tower with Radar,432,214,64,0,710,0,0,59,0,59,432,214,123,0,769,0,0,0,769
08/16/2001,TPA,FL,ASO,ES,Combined TRACON& Tower with Radar,425,215,62,0,702,0,0,77,0,77,425,215,139,0,779,0,0,0,779
08/17/2001,TPA,FL,ASO,ES,Combined TRACON& Tower with Radar,435,184,66,0,685,0,0,70,6,76,435,184,136,6,761,0,0,0,761
08/18/2001,TPA,FL,ASO,ES,Combined TRACON& Tower with Radar,437,126,22,0,585,0,0,38,2,40,437,126,60,2,625,0,0,0,625
08/19/2001,TPA,FL,ASO,ES,Combined TRACON& Tower with Radar,417,120,30,0,567,0,0,32,2,34,417,120,62,2,601,0,0,0,601
08/20/2001,TPA,FL,ASO,ES,Combined TRACON& Tower with Radar,428,185,43,1,657,0,2,70,3,75,428,187,113,4,732,0,0,0,732
08/21/2001,TPA,FL,ASO,ES,Combined TRACON& Tower with Radar,438,220,59,2,719,0,1,69,0,70,438,221,128,2,789,0,0,0,789
08/22/2001,TPA,FL,ASO,ES,Combined TRACON& Tower with Radar,426,219,43,0,688,0,6,64,0,70,426,225,107,0,758,0,0,0,758
08/23/2001,TPA,FL,ASO,ES,Combined TRACON& Tower with Radar,424,226,80,1,731,0,1,84,5,90,424,227,164,6,821,0,0,0,821
08/24/2001,TPA,FL,ASO,ES,Combined TRACON& Tower with Radar,435,200,61,4,700,0,2,50,3,55,435,202,111,7,755,0,0,0,755
08/25/2001,TPA,FL,ASO,ES,Combined TRACON& Tower with Radar,412,119,37,3,571,0,5,50,6,61,412,124,87,9,632,0,0,0,632
08/26/2001,TPA,FL,ASO,ES,Combined TRACON& Tower with Radar,419,135,38,1,593,0,3,33,0,36,419,138,71,1,629,0,0,0,629
08/27/2001,TPA,FL,ASO,ES,Combined TRACON& Tower with Radar,417,189,52,2,660,0,1,65,0,66,417,190,117,2,726,0,0,0,726
08/28/2001,TPA,FL,ASO,ES,Combined TRACON& Tower with Radar,428,224,54,0,706,0,2,62,0,64,428,226,116,0,770,0,0,0,770
08/29/2001,TPA,FL,ASO,ES,Combined TRACON& Tower with Radar,442,200,54,0,696,0,2,55,2,59,442,202,109,2,755,0,0,0,755
08/30/2001,TPA,FL,ASO,ES,Combined TRACON& Tower with Radar,412,210,50,0,672,0,0,73,0,73,412,210,123,0,745,0,0,0,745
08/31/2001,TPA,FL,ASO,ES,Combined TRACON& Tower with Radar,428,201,44,0,673,0,1,67,0,68,428,202,111,0,741,0,0,0,741
09/01/2001,TPA,FL,ASO,ES,Combined TRACON& Tower with Radar,435,122,19,0,576,0,0,52,0,52,435,122,71,0,628,0,0,0,628
09/02/2001,TPA,FL,ASO,ES,Combined TRACON& Tower with Radar,256,103,27,0,386,124,15,11,0,150,380,118,38,0,536,0,0,0,536
09/03/2001,TPA,FL,ASO,ES,Combined TRACON& Tower with Radar,403,170,20,0,593,0,0,40,0,40,403,170,60,0,633,0,0,0,633
09/04/2001,TPA,FL,ASO,ES,Combined TRACON& Tower with Radar,416,192,41,0,649,0,0,72,1,73,416,192,113,1,722,0,0,0,722
09/05/2001,TPA,FL,ASO,ES,Combined TRACON& Tower with Radar,438,218,38,0,694,0,4,65,0,69,438,222,103,0,763,0,0,0,763
09/06/2001,TPA,FL,ASO,ES,Combined TRACON& Tower with Radar,382,155,42,0,579,36,45,38,0,119,418,200,80,0,698,0,0,0,698
09/07/2001,TPA,FL,ASO,ES,Combined TRACON& Tower with Radar,404,163,45,0,612,31,32,83,9,155,435,195,128,9,767,0,0,0,767
09/08/2001,TPA,FL,ASO,ES,Combined TRACON& Tower with Radar,418,117,20,5,560,0,0,59,0,59,418,117,79,5,619,0,0,0,619
09/09/2001,TPA,FL,ASO,ES,Combined TRACON& Tower with Radar,328,118,36,1,483,78,0,24,4,106,406,118,60,5,589,0,0,0,589
09/10/2001,TPA,FL,ASO,ES,Combined TRACON& Tower with Radar,414,173,55,2,644,0,0,49,1,50,414,173,104,3,694,0,0,0,694
09/11/2001,TPA,FL,ASO,ES,Combined TRACON& Tower with Radar,140,74,18,1,233,0,0,37,0,37,140,74,55,1,270,0,0,0,270
09/12/2001,TPA,FL,ASO,ES,Combined TRACON& Tower with Radar,0,1,3,0,4,0,0,14,0,14,0,1,17,0,18,0,0,0,18
09/13/2001,TPA,FL,ASO,ES,Combined TRACON& Tower with Radar,43,17,20,0,80,0,0,25,0,25,43,17,45,0,105,0,0,0,105
09/14/2001,TPA,FL,ASO,ES,Combined TRACON& Tower with Radar,100,45,11,0,156,0,5,11,0,16,100,50,22,0,172,0,0,0,172
09/15/2001,TPA,FL,ASO,ES,Combined TRACON& Tower with Radar,249,99,27,0,375,49,7,14,0,70,298,106,41,0,445,0,0,0,445
09/16/2001,TPA,FL,ASO,ES,Combined TRACON& Tower with Radar,314,117,36,0,467,0,0,14,0,14,314,117,50,0,481,0,0,0,481
09/17/2001,TPA,FL,ASO,ES,Combined TRACON& Tower with Radar,350,164,61,0,575,0,0,23,0,23,350,164,84,0,598,0,0,0,598
09/18/2001,TPA,FL,ASO,ES,Combined TRACON& Tower with Radar,361,183,66,0,610,0,0,32,0,32,361,183,98,0,642,0,0,0,642
09/19/2001,TPA,FL,ASO,ES,Combined TRACON& Tower with Radar,360,181,67,0,608,0,0,38,0,38,360,181,105,0,646,0,0,0,646
09/20/2001,TPA,FL,ASO,ES,Combined TRACON& Tower with Radar,368,188,56,0,612,0,0,33,0,33,368,188,89,0,645,0,0,0,645
09/21/2001,TPA,FL,ASO,ES,Combined TRACON& Tower with Radar,370,183,55,0,608,0,0,25,0,25,370,183,80,0,633,0,0,0,633
09/22/2001,TPA,FL,ASO,ES,Combined TRACON& Tower with Radar,347,96,27,1,471,0,0,29,2,31,347,96,56,3,502,0,0,0,502
09/23/2001,TPA,FL,ASO,ES,Combined TRACON& Tower with Radar,341,102,34,1,478,0,0,46,1,47,341,102,80,2,525,0,0,0,525
09/24/2001,TPA,FL,ASO,ES,Combined TRACON& Tower with Radar,368,156,44,0,568,0,0,23,1,24,368,156,67,1,592,0,0,0,592
09/25/2001,TPA,FL,ASO,ES,Combined TRACON& Tower with Radar,374,184,71,0,629,0,0,29,0,29,374,184,100,0,658,0,0,0,658
09/26/2001,TPA,FL,ASO,ES,Combined TRACON& Tower with Radar,384,187,74,0,645,0,1,28,2,31,384,188,102,2,676,0,0,0,676
09/27/2001,TPA,FL,ASO,ES,Combined TRACON& Tower with Radar,387,180,57,0,624,0,0,28,0,28,387,180,85,0,652,0,0,0,652
09/28/2001,TPA,FL,ASO,ES,Combined TRACON& Tower with Radar,386,181,57,2,626,0,0,25,1,26,386,181,82,3,652,0,0,0,652
09/29/2001,TPA,FL,ASO,ES,Combined TRACON& Tower with Radar,367,99,24,0,490,0,0,29,0,29,367,99,53,0,519,0,0,0,519
09/30/2001,TPA,FL,ASO,ES,Combined TRACON& Tower with Radar,350,114,35,0,499,0,0,26,0,26,350,114,61,0,525,0,0,0,525
10/01/2001,TPA,FL,ASO,ES,Combined TRACON& Tower with Radar,360,159,48,1,568,1,3,25,0,29,361,162,73,1,597,0,0,0,597
10/02/2001,TPA,FL,ASO,ES,Combined TRACON& Tower with Radar,358,184,85,2,629,1,3,36,0,40,359,187,121,2,669,0,0,0,669
10/03/2001,TPA,FL,ASO,ES,Combined TRACON& Tower with Radar,366,188,75,2,631,1,2,28,0,31,367,190,103,2,662,0,0,0,662
10/04/2001,TPA,FL,ASO,ES,Combined TRACON& Tower with Radar,371,200,90,0,661,1,3,40,0,44,372,203,130,0,705,0,0,0,705
10/05/2001,TPA,FL,ASO,ES,Combined TRACON& Tower with Radar,368,182,76,0,626,0,0,25,0,25,368,182,101,0,651,0,0,0,651
10/06/2001,TPA,FL,ASO,ES,Combined TRACON& Tower with Radar,363,98,40,0,501,1,1,40,2,44,364,99,80,2,545,0,0,0,545
10/07/2001,TPA,FL,ASO,ES,Combined TRACON& Tower with Radar,349,121,65,0,535,1,5,43,0,49,350,126,108,0,584,0,0,0,584
10/08/2001,TPA,FL,ASO,ES,Combined TRACON& Tower with Radar,373,159,69,0,601,1,1,29,0,31,374,160,98,0,632,0,0,0,632
10/09/2001,TPA,FL,ASO,ES,Combined TRACON& Tower with Radar,359,181,80,0,620,1,3,23,1,28,360,184,103,1,648,0,0,0,648
10/10/2001,TPA,FL,ASO,ES,Combined TRACON& Tower with Radar,370,199,73,0,642,1,3,19,0,23,371,202,92,0,665,0,0,0,665
10/11/2001,TPA,FL,ASO,ES,Combined TRACON& Tower with Radar,362,188,89,3,642,1,6,23,0,30,363,194,112,3,672,0,0,0,672
10/12/2001,TPA,FL,ASO,ES,Combined TRACON& Tower with Radar,372,194,71,0,637,1,1,31,2,35,373,195,102,2,672,0,0,0,672
10/13/2001,TPA,FL,ASO,ES,Combined TRACON& Tower with Radar,364,105,44,0,513,1,1,34,0,36,365,106,78,0,549,0,0,0,549
10/14/2001,TPA,FL,ASO,ES,Combined TRACON& Tower with Radar,348,119,56,0,523,1,1,24,0,26,349,120,80,0,549,0,0,0,549
10/15/2001,TPA,FL,ASO,ES,Combined TRACON& Tower with Radar,365,168,59,2,594,1,1,15,0,17,366,169,74,2,611,0,0,0,611
10/16/2001,TPA,FL,ASO,ES,Combined TRACON& Tower with Radar,365,192,71,0,628,1,4,32,1,38,366,196,103,1,666,0,0,0,666
10/17/2001,TPA,FL,ASO,ES,Combined TRACON& Tower with Radar,377,198,97,0,672,1,4,44,0,49,378,202,141,0,721,0,0,0,721
10/18/2001,TPA,FL,ASO,ES,Combined TRACON& Tower with Radar,367,190,66,2,625,1,2,49,1,53,368,192,115,3,678,0,0,0,678
10/19/2001,TPA,FL,ASO,ES,Combined TRACON& Tower with Radar,366,192,53,0,611,1,2,56,2,61,367,194,109,2,672,0,0,0,672
10/20/2001,TPA,FL,ASO,ES,Combined TRACON& Tower with Radar,368,112,54,0,534,1,1,46,0,48,369,113,100,0,582,0,0,0,582
10/21/2001,TPA,FL,ASO,ES,Combined TRACON& Tower with Radar,351,122,53,0,526,1,1,43,0,45,352,123,96,0,571,0,0,0,571
10/22/2001,TPA,FL,ASO,ES,Combined TRACON& Tower with Radar,368,171,58,3,600,1,3,21,0,25,369,174,79,3,625,0,0,0,625
10/23/2001,TPA,FL,ASO,ES,Combined TRACON& Tower with Radar,363,189,75,0,627,1,5,52,0,58,364,194,127,0,685,0,0,0,685
10/24/2001,TPA,FL,ASO,ES,Combined TRACON& Tower with Radar,358,194,83,0,635,1,6,51,1,59,359,200,134,1,694,0,0,0,694
10/25/2001,TPA,FL,ASO,ES,Combined TRACON& Tower with Radar,368,187,62,1,618,1,2,36,4,43,369,189,98,5,661,0,0,0,661
10/26/2001,TPA,FL,ASO,ES,Combined TRACON& Tower with Radar,370,184,64,23,641,0,4,64,0,68,370,188,128,23,709,0,0,0,709
10/27/2001,TPA,FL,ASO,ES,Combined TRACON& Tower with Radar,373,110,47,0,530,0,5,44,0,49,373,115,91,0,579,0,0,0,579
10/28/2001,TPA,FL,ASO,ES,Combined TRACON& Tower with Radar,322,130,58,1,511,31,0,70,3,104,353,130,128,4,615,0,0,0,615
10/29/2001,TPA,FL,ASO,ES,Combined TRACON& Tower with Radar,362,166,66,0,594,0,5,31,2,38,362,171,97,2,632,0,0,0,632
10/30/2001,TPA,FL,ASO,ES,Combined TRACON& Tower with Radar,365,193,53,1,612,0,4,49,3,56,365,197,102,4,668,0,0,0,668
10/31/2001,TPA,FL,ASO,ES,Combined TRACON& Tower with Radar,371,188,42,1,602,0,6,51,2,59,371,194,93,3,661,0,0,0,661
11/01/2001,TPA,FL,ASO,ES,Combined TRACON& Tower with Radar,372,179,65,1,617,2,7,44,2,55,374,186,109,3,672,0,0,0,672
11/02/2001,TPA,FL,ASO,ES,Combined TRACON& Tower with Radar,381,176,68,0,625,2,3,45,0,50,383,179,113,0,675,0,0,0,675
11/03/2001,TPA,FL,ASO,ES,Combined TRACON& Tower with Radar,356,105,27,1,489,2,3,38,0,43,358,108,65,1,532,0,0,0,532
11/04/2001,TPA,FL,ASO,ES,Combined TRACON& Tower with Radar,354,91,28,0,473,2,0,35,0,37,356,91,63,0,510,0,0,0,510
11/05/2001,TPA,FL,ASO,ES,Combined TRACON& Tower with Radar,364,133,61,2,560,2,9,33,4,48,366,142,94,6,608,0,0,0,608
11/06/2001,TPA,FL,ASO,ES,Combined TRACON& Tower with Radar,367,177,61,0,605,2,5,39,0,46,369,182,100,0,651,0,0,0,651
11/07/2001,TPA,FL,ASO,ES,Combined TRACON& Tower with Radar,381,174,79,0,634,2,3,63,0,68,383,177,142,0,702,0,0,0,702
11/08/2001,TPA,FL,ASO,ES,Combined TRACON& Tower with Radar,369,188,54,0,611,1,5,77,0,83,370,193,131,0,694,0,0,0,694
11/09/2001,TPA,FL,ASO,ES,Combined TRACON& Tower with Radar,378,184,69,2,633,1,5,77,0,83,379,189,146,2,716,0,0,0,716
11/10/2001,TPA,FL,ASO,ES,Combined TRACON& Tower with Radar,362,107,44,2,515,1,1,1,0,3,363,108,45,2,518,47,1,48,566
11/11/2001,TPA,FL,ASO,ES,Combined TRACON& Tower with Radar,358,108,47,0,513,1,2,60,3,66,359,110,107,3,579,0,0,0,579
11/12/2001,TPA,FL,ASO,ES,Combined TRACON& Tower with Radar,361,150,28,1,540,1,5,57,2,65,362,155,85,3,605,0,0,0,605
11/13/2001,TPA,FL,ASO,ES,Combined TRACON& Tower with Radar,371,180,86,2,639,1,4,42,4,51,372,184,128,6,690,0,0,0,690
11/14/2001,TPA,FL,ASO,ES,Combined TRACON& Tower with Radar,377,183,85,0,645,1,3,59,0,63,378,186,144,0,708,0,0,0,708
11/15/2001,TPA,FL,ASO,ES,Combined TRACON& Tower with Radar,382,188,87,0,657,1,4,24,3,32,383,192,111,3,689,0,0,0,689
11/16/2001,TPA,FL,ASO,ES,Combined TRACON& Tower with Radar,380,175,61,5,621,1,7,68,3,79,381,182,129,8,700,0,0,0,700
11/17/2001,TPA,FL,ASO,ES,Combined TRACON& Tower with Radar,384,103,57,0,544,1,2,47,1,51,385,105,104,1,595,0,0,0,595
11/18/2001,TPA,FL,ASO,ES,Combined TRACON& Tower with Radar,372,117,58,2,549,1,4,86,0,91,373,121,144,2,640,0,0,0,640
11/19/2001,TPA,FL,ASO,ES,Combined TRACON& Tower with Radar,380,154,77,1,612,1,6,40,0,47,381,160,117,1,659,0,0,0,659
11/20/2001,TPA,FL,ASO,ES,Combined TRACON& Tower with Radar,388,187,79,2,656,1,4,48,0,53,389,191,127,2,709,0,0,0,709
11/21/2001,TPA,FL,ASO,ES,Combined TRACON& Tower with Radar,388,177,60,0,625,1,3,56,0,60,389,180,116,0,685,0,0,0,685
11/22/2001,TPA,FL,ASO,ES,Combined TRACON& Tower with Radar,335,122,18,0,475,1,1,40,0,42,336,123,58,0,517,0,0,0,517
11/23/2001,TPA,FL,ASO,ES,Combined TRACON& Tower with Radar,341,108,18,0,467,1,4,56,0,61,342,112,74,0,528,0,0,0,528
11/24/2001,TPA,FL,ASO,ES,Combined TRACON& Tower with Radar,366,115,29,0,510,1,2,41,0,44,367,117,70,0,554,0,0,0,554
11/25/2001,TPA,FL,ASO,ES,Combined TRACON& Tower with Radar,374,128,63,0,565,0,0,119,1,120,374,128,182,1,685,0,0,0,685
11/26/2001,TPA,FL,ASO,ES,Combined TRACON& Tower with Radar,386,148,60,0,594,1,2,62,0,65,387,150,122,0,659,0,0,0,659
11/27/2001,TPA,FL,ASO,ES,Combined TRACON& Tower with Radar,383,175,74,0,632,1,5,67,0,73,384,180,141,0,705,0,0,0,705
11/28/2001,TPA,FL,ASO,ES,Combined TRACON& Tower with Radar,380,170,84,1,635,1,3,91,1,96,381,173,175,2,731,0,0,0,731
11/29/2001,TPA,FL,ASO,ES,Combined TRACON& Tower with Radar,390,163,66,3,622,1,7,91,0,99,391,170,157,3,721,0,0,0,721
11/30/2001,TPA,FL,ASO,ES,Combined TRACON& Tower with Radar,389,164,64,0,617,0,13,72,1,86,389,177,136,1,703,0,0,0,703
12/01/2001,TPA,FL,ASO,ES,Combined TRACON& Tower with Radar,381,108,51,1,541,0,0,66,0,66,381,108,117,1,607,0,0,0,607
12/02/2001,TPA,FL,ASO,ES,Combined TRACON& Tower with Radar,372,109,53,2,536,0,1,55,1,57,372,110,108,3,593,0,0,0,593
12/03/2001,TPA,FL,ASO,ES,Combined TRACON& Tower with Radar,389,156,52,0,597,0,5,61,2,68,389,161,113,2,665,0,0,0,665
12/04/2001,TPA,FL,ASO,ES,Combined TRACON& Tower with Radar,394,159,61,1,615,0,17,50,2,69,394,176,111,3,684,0,0,0,684
12/05/2001,TPA,FL,ASO,ES,Combined TRACON& Tower with Radar,395,170,78,0,643,0,3,59,0,62,395,173,137,0,705,0,0,0,705
12/06/2001,TPA,FL,ASO,ES,Combined TRACON& Tower with Radar,400,180,92,2,674,0,6,68,0,74,400,186,160,2,748,0,0,0,748
12/07/2001,TPA,FL,ASO,ES,Combined TRACON& Tower with Radar,402,178,84,12,676,0,0,47,0,47,402,178,131,12,723,0,0,0,723
12/08/2001,TPA,FL,ASO,ES,Combined TRACON& Tower with Radar,380,101,27,0,508,0,0,36,0,36,380,101,63,0,544,0,0,0,544
12/09/2001,TPA,FL,ASO,ES,Combined TRACON& Tower with Radar,382,107,51,8,548,0,3,45,0,48,382,110,96,8,596,0,0,0,596
12/10/2001,TPA,FL,ASO,ES,Combined TRACON& Tower with Radar,391,150,65,5,611,0,2,48,0,50,391,152,113,5,661,0,0,0,661
12/11/2001,TPA,FL,ASO,ES,Combined TRACON& Tower with Radar,397,166,80,1,644,0,5,72,0,77,397,171,152,1,721,0,0,0,721
12/12/2001,TPA,FL,ASO,ES,Combined TRACON& Tower with Radar,391,174,90,2,657,0,1,47,2,50,391,175,137,4,707,0,0,0,707
12/13/2001,TPA,FL,ASO,ES,Combined TRACON& Tower with Radar,410,164,75,4,653,0,6,58,10,74,410,170,133,14,727,0,0,0,727
12/14/2001,TPA,FL,ASO,ES,Combined TRACON& Tower with Radar,402,187,77,1,667,0,3,74,2,79,402,190,151,3,746,0,0,0,746
12/15/2001,TPA,FL,ASO,ES,Combined TRACON& Tower with Radar,376,105,51,1,533,24,0,33,0,57,400,105,84,1,590,0,0,0,590
12/16/2001,TPA,FL,ASO,ES,Combined TRACON& Tower with Radar,381,117,52,1,551,4,0,23,2,29,385,117,75,3,580,0,0,0,580
12/17/2001,TPA,FL,ASO,ES,Combined TRACON& Tower with Radar,413,150,58,1,622,0,1,61,1,63,413,151,119,2,685,0,0,0,685
12/18/2001,TPA,FL,ASO,ES,Combined TRACON& Tower with Radar,421,153,59,0,633,0,25,57,0,82,421,178,116,0,715,0,0,0,715
12/19/2001,TPA,FL,ASO,ES,Combined TRACON& Tower with Radar,426,179,74,1,680,0,6,56,1,63,426,185,130,2,743,0,0,0,743
12/20/2001,TPA,FL,ASO,ES,Combined TRACON& Tower with Radar,379,153,59,0,591,0,9,61,0,70,379,162,120,0,661,0,0,0,661
12/21/2001,TPA,FL,ASO,ES,Combined TRACON& Tower with Radar,428,178,49,2,657,0,1,67,0,68,428,179,116,2,725,0,0,0,725
12/22/2001,TPA,FL,ASO,ES,Combined TRACON& Tower with Radar,366,113,51,0,530,49,0,8,0,57,415,113,59,0,587,0,0,0,587
12/23/2001,TPA,FL,ASO,ES,Combined TRACON& Tower with Radar,400,100,34,0,534,0,0,46,0,46,400,100,80,0,580,0,0,0,580
12/24/2001,TPA,FL,ASO,ES,Combined TRACON& Tower with Radar,390,132,15,0,537,0,1,36,0,37,390,133,51,0,574,0,0,0,574
12/25/2001,TPA,FL,ASO,ES,Combined TRACON& Tower with Radar,270,98,37,0,405,96,25,19,0,140,366,123,56,0,545,0,0,0,545
12/26/2001,TPA,FL,ASO,ES,Combined TRACON& Tower with Radar,426,157,44,0,627,0,2,41,0,43,426,159,85,0,670,0,0,0,670
12/27/2001,TPA,FL,ASO,ES,Combined TRACON& Tower with Radar,427,178,69,2,676,0,1,56,0,57,427,179,125,2,733,0,0,0,733
12/28/2001,TPA,FL,ASO,ES,Combined TRACON& Tower with Radar,432,170,58,0,660,0,0,78,0,78,432,170,136,0,738,0,0,0,738
12/29/2001,TPA,FL,ASO,ES,Combined TRACON& Tower with Radar,415,116,47,0,578,0,2,66,0,68,415,118,113,0,646,0,0,0,646
12/30/2001,TPA,FL,ASO,ES,Combined TRACON& Tower with Radar,398,109,48,0,555,0,0,52,0,52,398,109,100,0,607,0,0,0,607
12/31/2001,TPA,FL,ASO,ES,Combined TRACON& Tower with Radar,394,130,39,0,563,0,3,48,0,51,394,133,87,0,614,0,0,0,614
01/01/2002,TPA,FL,ASO,ES,Combined TRACON& Tower with Radar,396,141,100,0,637,2,2,73,3,80,398,143,173,3,717,0,0,0,717
01/02/2002,TPA,FL,ASO,ES,Combined TRACON& Tower with Radar,394,153,62,0,609,2,1,62,0,65,396,154,124,0,674,0,0,0,674
01/03/2002,TPA,FL,ASO,ES,Combined TRACON& Tower with Radar,389,167,72,0,628,2,0,13,0,15,391,167,85,0,643,0,0,0,643
01/04/2002,TPA,FL,ASO,ES,Combined TRACON& Tower with Radar,419,173,58,4,654,2,0,86,0,88,421,173,144,4,742,0,0,0,742
01/05/2002,TPA,FL,ASO,ES,Combined TRACON& Tower with Radar,401,107,31,3,542,2,0,55,0,57,403,107,86,3,599,0,0,0,599
01/06/2002,TPA,FL,ASO,ES,Combined TRACON& Tower with Radar,388,112,50,0,550,2,0,44,0,46,390,112,94,0,596,0,0,0,596
01/07/2002,TPA,FL,ASO,ES,Combined TRACON& Tower with Radar,402,151,64,2,619,2,0,60,0,62,404,151,124,2,681,0,0,0,681
01/08/2002,TPA,FL,ASO,ES,Combined TRACON& Tower with Radar,410,178,48,0,636,2,3,46,0,51,412,181,94,0,687,0,0,0,687
01/09/2002,TPA,FL,ASO,ES,Combined TRACON& Tower with Radar,399,173,46,0,618,2,0,57,0,59,401,173,103,0,677,0,0,0,677
01/10/2002,TPA,FL,ASO,ES,Combined TRACON& Tower with Radar,410,163,69,1,643,0,27,92,0,119,410,190,161,1,762,0,0,0,762
01/11/2002,TPA,FL,ASO,ES,Combined TRACON& Tower with Radar,407,176,78,7,668,2,2,81,0,85,409,178,159,7,753,0,0,0,753
01/12/2002,TPA,FL,ASO,ES,Combined TRACON& Tower with Radar,388,115,41,2,546,2,0,38,0,40,390,115,79,2,586,0,0,0,586
01/13/2002,TPA,FL,ASO,ES,Combined TRACON& Tower with Radar,386,104,47,4,541,2,0,58,0,60,388,104,105,4,601,0,0,0,601
01/14/2002,TPA,FL,ASO,ES,Combined TRACON& Tower with Radar,400,150,40,0,590,2,0,15,0,17,402,150,55,0,607,0,0,0,607
01/15/2002,TPA,FL,ASO,ES,Combined TRACON& Tower with Radar,406,177,87,3,673,2,2,50,0,54,408,179,137,3,727,0,0,0,727
01/16/2002,TPA,FL,ASO,ES,Combined TRACON& Tower with Radar,396,183,72,0,651,2,3,81,0,86,398,186,153,0,737,0,0,0,737
01/17/2002,TPA,FL,ASO,ES,Combined TRACON& Tower with Radar,414,187,119,0,720,2,0,32,0,34,416,187,151,0,754,0,0,0,754
01/18/2002,TPA,FL,ASO,ES,Combined TRACON& Tower with Radar,405,195,84,7,691,2,0,60,1,63,407,195,144,8,754,0,0,0,754
01/19/2002,TPA,FL,ASO,ES,Combined TRACON& Tower with Radar,394,117,42,3,556,2,0,41,1,44,396,117,83,4,600,0,0,0,600
01/20/2002,TPA,FL,ASO,ES,Combined TRACON& Tower with Radar,387,118,44,1,550,2,0,34,0,36,389,118,78,1,586,0,0,0,586
01/21/2002,TPA,FL,ASO,ES,Combined TRACON& Tower with Radar,417,161,71,2,651,0,0,23,4,27,417,161,94,6,678,0,0,0,678
01/22/2002,TPA,FL,ASO,ES,Combined TRACON& Tower with Radar,408,177,88,0,673,2,0,29,0,31,410,177,117,0,704,0,0,0,704
01/23/2002,TPA,FL,ASO,ES,Combined TRACON& Tower with Radar,399,176,100,0,675,2,0,80,0,82,401,176,180,0,757,0,0,0,757
01/24/2002,TPA,FL,ASO,ES,Combined TRACON& Tower with Radar,402,183,79,0,664,2,0,64,1,67,404,183,143,1,731,0,0,0,731
01/25/2002,TPA,FL,ASO,ES,Combined TRACON& Tower with Radar,410,181,76,1,668,2,2,49,1,54,412,183,125,2,722,0,0,0,722
01/26/2002,TPA,FL,ASO,ES,Combined TRACON& Tower with Radar,393,114,44,0,551,2,0,37,3,42,395,114,81,3,593,0,0,0,593
01/27/2002,TPA,FL,ASO,ES,Combined TRACON& Tower with Radar,383,108,47,3,541,2,0,36,1,39,385,108,83,4,580,0,0,0,580
01/28/2002,TPA,FL,ASO,ES,Combined TRACON& Tower with Radar,400,156,54,0,610,2,6,50,0,58,402,162,104,0,668,0,0,0,668
01/29/2002,TPA,FL,ASO,ES,Combined TRACON& Tower with Radar,407,185,78,0,670,1,2,38,0,41,408,187,116,0,711,0,0,0,711
01/30/2002,TPA,FL,ASO,ES,Combined TRACON& Tower with Radar,405,172,74,1,652,0,6,57,8,71,405,178,131,9,723,0,0,0,723
01/31/2002,TPA,FL,ASO,ES,Combined TRACON& Tower with Radar,397,168,81,2,648,1,3,50,0,54,398,171,131,2,702,0,0,0,702
02/01/2002,TPA,FL,ASO,ES,Combined TRACON& Tower with Radar,410,171,76,2,659,0,17,61,0,78,410,188,137,2,737,0,0,0,737
02/02/2002,TPA,FL,ASO,ES,Combined TRACON& Tower with Radar,401,121,73,0,595,13,0,30,0,43,414,121,103,0,638,0,0,0,638
02/03/2002,TPA,FL,ASO,ES,Combined TRACON& Tower with Radar,351,125,63,0,539,36,0,25,0,61,387,125,88,0,600,0,0,0,600
02/04/2002,TPA,FL,ASO,ES,Combined TRACON& Tower with Radar,377,153,68,1,599,30,21,34,2,87,407,174,102,3,686,0,0,0,686
02/05/2002,TPA,FL,ASO,ES,Combined TRACON& Tower with Radar,399,165,75,0,639,0,49,84,0,133,399,214,159,0,772,0,0,0,772
02/06/2002,TPA,FL,ASO,ES,Combined TRACON& Tower with Radar,404,165,75,1,645,3,38,76,0,117,407,203,151,1,762,0,0,0,762
02/07/2002,TPA,FL,ASO,ES,Combined TRACON& Tower with Radar,416,199,104,3,722,0,2,32,0,34,416,201,136,3,756,0,0,0,756
02/08/2002,TPA,FL,ASO,ES,Combined TRACON& Tower with Radar,420,182,88,1,691,0,0,99,7,106,420,182,187,8,797,0,0,0,797
02/09/2002,TPA,FL,ASO,ES,Combined TRACON& Tower with Radar,358,120,66,0,544,47,0,8,2,57,405,120,74,2,601,0,0,0,601
02/10/2002,TPA,FL,ASO,ES,Combined TRACON& Tower with Radar,383,124,73,1,581,0,0,17,2,19,383,124,90,3,600,0,0,0,600
02/11/2002,TPA,FL,ASO,ES,Combined TRACON& Tower with Radar,397,162,73,0,632,19,9,27,0,55,416,171,100,0,687,0,0,0,687
02/12/2002,TPA,FL,ASO,ES,Combined TRACON& Tower with Radar,410,170,77,0,657,0,24,92,0,116,410,194,169,0,773,0,0,0,773
02/13/2002,TPA,FL,ASO,ES,Combined TRACON& Tower with Radar,412,194,88,0,694,0,5,83,0,88,412,199,171,0,782,0,0,0,782
02/14/2002,TPA,FL,ASO,ES,Combined TRACON& Tower with Radar,425,189,107,0,721,0,2,57,0,59,425,191,164,0,780,0,0,0,780
02/15/2002,TPA,FL,ASO,ES,Combined TRACON& Tower with Radar,432,207,83,2,724,0,5,66,2,73,432,212,149,4,797,0,0,0,797
02/16/2002,TPA,FL,ASO,ES,Combined TRACON& Tower with Radar,422,131,58,0,611,0,4,56,0,60,422,135,114,0,671,0,0,0,671
02/17/2002,TPA,FL,ASO,ES,Combined TRACON& Tower with Radar,409,138,75,1,623,2,0,69,0,71,411,138,144,1,694,0,0,0,694
02/18/2002,TPA,FL,ASO,ES,Combined TRACON& Tower with Radar,420,162,81,0,663,0,6,77,0,83,420,168,158,0,746,0,0,0,746
02/19/2002,TPA,FL,ASO,ES,Combined TRACON& Tower with Radar,416,176,93,0,685,0,5,62,0,67,416,181,155,0,752,0,0,0,752
02/20/2002,TPA,FL,ASO,ES,Combined TRACON& Tower with Radar,422,196,86,2,706,0,8,67,0,75,422,204,153,2,781,0,0,0,781
02/21/2002,TPA,FL,ASO,ES,Combined TRACON& Tower with Radar,386,200,111,0,697,0,6,61,0,67,386,206,172,0,764,0,0,0,764
02/22/2002,TPA,FL,ASO,ES,Combined TRACON& Tower with Radar,439,187,88,5,719,0,2,13,0,15,439,189,101,5,734,0,0,0,734
02/23/2002,TPA,FL,ASO,ES,Combined TRACON& Tower with Radar,414,133,39,0,586,0,2,2,0,4,414,135,41,0,590,0,0,0,590
02/24/2002,TPA,FL,ASO,ES,Combined TRACON& Tower with Radar,400,138,56,0,594,0,2,42,0,44,400,140,98,0,638,0,0,0,638
02/25/2002,TPA,FL,ASO,ES,Combined TRACON& Tower with Radar,421,164,75,0,660,0,3,69,0,72,421,167,144,0,732,0,0,0,732
02/26/2002,TPA,FL,ASO,ES,Combined TRACON& Tower with Radar,415,183,89,2,689,0,3,61,1,65,415,186,150,3,754,0,0,0,754
02/27/2002,TPA,FL,ASO,ES,Combined TRACON& Tower with Radar,423,199,82,2,706,0,4,67,0,71,423,203,149,2,777,0,0,0,777
02/28/2002,TPA,FL,ASO,ES,Combined TRACON& Tower with Radar,427,190,77,2,696,0,1,88,0,89,427,191,165,2,785,0,0,0,785
03/01/2002,TPA,FL,ASO,ES,Combined TRACON& Tower with Radar,427,182,76,1,686,0,12,69,0,81,427,194,145,1,767,0,0,0,767
03/02/2002,TPA,FL,ASO,ES,Combined TRACON& Tower with Radar,404,126,52,0,582,4,2,36,0,42,408,128,88,0,624,0,0,0,624
03/03/2002,TPA,FL,ASO,ES,Combined TRACON& Tower with Radar,361,130,60,0,551,45,0,3,0,48,406,130,63,0,599,0,0,0,599
03/04/2002,TPA,FL,ASO,ES,Combined TRACON& Tower with Radar,433,172,72,0,677,2,7,38,0,47,435,179,110,0,724,0,0,0,724
03/05/2002,TPA,FL,ASO,ES,Combined TRACON& Tower with Radar,426,169,71,0,666,4,17,17,0,38,430,186,88,0,704,0,0,0,704
03/06/2002,TPA,FL,ASO,ES,Combined TRACON& Tower with Radar,430,178,74,0,682,0,11,87,0,98,430,189,161,0,780,0,0,0,780
03/07/2002,TPA,FL,ASO,ES,Combined TRACON& Tower with Radar,431,177,74,0,682,0,11,87,0,98,431,188,161,0,780,0,0,0,780
03/08/2002,TPA,FL,ASO,ES,Combined TRACON& Tower with Radar,435,187,78,2,702,0,5,43,0,48,435,192,121,2,750,0,0,0,750
03/09/2002,TPA,FL,ASO,ES,Combined TRACON& Tower with Radar,358,142,59,0,559,63,0,34,0,97,421,142,93,0,656,0,0,0,656
03/10/2002,TPA,FL,ASO,ES,Combined TRACON& Tower with Radar,398,141,66,0,605,15,0,65,5,85,413,141,131,5,690,0,0,0,690
03/11/2002,TPA,FL,ASO,ES,Combined TRACON& Tower with Radar,406,161,67,1,635,31,8,71,2,112,437,169,138,3,747,0,0,0,747
03/12/2002,TPA,FL,ASO,ES,Combined TRACON& Tower with Radar,424,175,72,0,671,0,24,86,0,110,424,199,158,0,781,0,0,0,781
03/13/2002,TPA,FL,ASO,ES,Combined TRACON& Tower with Radar,433,188,77,1,699,0,3,70,2,75,433,191,147,3,774,0,0,0,774
03/14/2002,TPA,FL,ASO,ES,Combined TRACON& Tower with Radar,442,191,80,1,714,0,0,90,0,90,442,191,170,1,804,0,0,0,804
03/15/2002,TPA,FL,ASO,ES,Combined TRACON& Tower with Radar,438,193,79,1,711,0,11,90,1,102,438,204,169,2,813,0,0,0,813
03/16/2002,TPA,FL,ASO,ES,Combined TRACON& Tower with Radar,353,130,58,0,541,66,0,57,0,123,419,130,115,0,664,0,0,0,664
03/17/2002,TPA,FL,ASO,ES,Combined TRACON& Tower with Radar,389,141,64,0,594,36,0,55,2,93,425,141,119,2,687,0,0,0,687
03/18/2002,TPA,FL,ASO,ES,Combined TRACON& Tower with Radar,404,161,67,1,633,21,17,51,1,90,425,178,118,2,723,0,0,0,723
03/19/2002,TPA,FL,ASO,ES,Combined TRACON& Tower with Radar,441,195,75,1,712,3,3,73,0,79,444,198,148,1,791,0,0,0,791
03/20/2002,TPA,FL,ASO,ES,Combined TRACON& Tower with Radar,421,184,80,2,687,3,4,61,2,70,424,188,141,4,757,0,0,0,757
03/21/2002,TPA,FL,ASO,ES,Combined TRACON& Tower with Radar,447,199,90,1,737,0,0,46,5,51,447,199,136,6,788,0,0,0,788
03/22/2002,TPA,FL,ASO,ES,Combined TRACON& Tower with Radar,441,204,96,1,742,3,3,71,1,78,444,207,167,2,820,0,0,0,820
03/23/2002,TPA,FL,ASO,ES,Combined TRACON& Tower with Radar,426,144,48,1,619,3,3,60,0,66,429,147,108,1,685,0,0,0,685
03/24/2002,TPA,FL,ASO,ES,Combined TRACON& Tower with Radar,414,129,84,0,627,3,1,47,1,52,417,130,131,1,679,0,0,0,679
03/25/2002,TPA,FL,ASO,ES,Combined TRACON& Tower with Radar,429,172,45,0,646,3,2,51,0,56,432,174,96,0,702,0,0,0,702
03/26/2002,TPA,FL,ASO,ES,Combined TRACON& Tower with Radar,427,178,68,2,675,3,2,61,0,66,430,180,129,2,741,0,0,0,741
03/27/2002,TPA,FL,ASO,ES,Combined TRACON& Tower with Radar,442,203,85,0,730,0,9,64,0,73,442,212,149,0,803,0,0,0,803
03/28/2002,TPA,FL,ASO,ES,Combined TRACON& Tower with Radar,447,194,98,1,740,3,3,80,0,86,450,197,178,1,826,0,0,0,826
03/29/2002,TPA,FL,ASO,ES,Combined TRACON& Tower with Radar,442,188,80,1,711,0,0,57,2,59,442,188,137,3,770,0,0,0,770
03/30/2002,TPA,FL,ASO,ES,Combined TRACON& Tower with Radar,375,109,63,0,547,0,0,4,0,4,375,109,67,0,551,0,0,0,551
03/31/2002,TPA,FL,ASO,ES,Combined TRACON& Tower with Radar,337,118,56,0,511,83,0,33,0,116,420,118,89,0,627,0,0,0,627
04/01/2002,TPA,FL,ASO,ES,Combined TRACON& Tower with Radar,431,155,64,1,651,0,1,86,0,87,431,156,150,1,738,0,0,0,738
04/02/2002,TPA,FL,ASO,ES,Combined TRACON& Tower with Radar,424,192,48,0,664,0,1,63,0,64,424,193,111,0,728,0,0,0,728
04/03/2002,TPA,FL,ASO,ES,Combined TRACON& Tower with Radar,424,181,81,1,687,0,2,28,1,31,424,183,109,2,718,0,0,0,718
04/04/2002,TPA,FL,ASO,ES,Combined TRACON& Tower with Radar,436,186,76,1,699,0,1,61,4,66,436,187,137,5,765,0,0,0,765
04/05/2002,TPA,FL,ASO,ES,Combined TRACON& Tower with Radar,434,186,74,2,696,0,2,72,0,74,434,188,146,2,770,0,0,0,770
04/06/2002,TPA,FL,ASO,ES,Combined TRACON& Tower with Radar,418,139,65,2,624,0,0,60,0,60,418,139,125,2,684,0,0,0,684
04/07/2002,TPA,FL,ASO,ES,Combined TRACON& Tower with Radar,395,132,81,3,611,0,2,61,0,63,395,134,142,3,674,0,0,0,674
04/08/2002,TPA,FL,ASO,ES,Combined TRACON& Tower with Radar,409,155,92,5,661,0,1,62,1,64,409,156,154,6,725,0,0,0,725
04/09/2002,TPA,FL,ASO,ES,Combined TRACON& Tower with Radar,420,196,114,0,730,0,3,73,0,76,420,199,187,0,806,0,0,0,806
04/10/2002,TPA,FL,ASO,ES,Combined TRACON& Tower with Radar,418,195,124,0,737,0,0,85,0,85,418,195,209,0,822,0,0,0,822
04/11/2002,TPA,FL,ASO,ES,Combined TRACON& Tower with Radar,420,183,115,0,718,0,2,91,0,93,420,185,206,0,811,0,0,0,811
04/12/2002,TPA,FL,ASO,ES,Combined TRACON& Tower with Radar,426,188,83,1,698,0,8,66,11,85,426,196,149,12,783,0,0,0,783
04/13/2002,TPA,FL,ASO,ES,Combined TRACON& Tower with Radar,418,128,40,0,586,0,0,58,0,58,418,128,98,0,644,0,0,0,644
04/14/2002,TPA,FL,ASO,ES,Combined TRACON& Tower with Radar,399,125,71,4,599,0,0,46,0,46,399,125,117,4,645,0,0,0,645
04/15/2002,TPA,FL,ASO,ES,Combined TRACON& Tower with Radar,426,152,59,1,638,0,4,62,0,66,426,156,121,1,704,0,0,0,704
04/16/2002,TPA,FL,ASO,ES,Combined TRACON& Tower with Radar,417,178,91,1,687,0,4,68,3,75,417,182,159,4,762,0,0,0,762
04/17/2002,TPA,FL,ASO,ES,Combined TRACON& Tower with Radar,412,183,105,1,701,0,3,70,0,73,412,186,175,1,774,0,0,0,774
04/18/2002,TPA,FL,ASO,ES,Combined TRACON& Tower with Radar,423,184,72,3,682,0,4,68,1,73,423,188,140,4,755,0,0,0,755
04/19/2002,TPA,FL,ASO,ES,Combined TRACON& Tower with Radar,429,191,101,1,722,0,4,68,2,74,429,195,169,3,796,0,0,0,796
04/20/2002,TPA,FL,ASO,ES,Combined TRACON& Tower with Radar,422,117,25,0,564,0,3,68,0,71,422,120,93,0,635,0,0,0,635
04/21/2002,TPA,FL,ASO,ES,Combined TRACON& Tower with Radar,396,127,44,0,567,0,0,51,0,51,396,127,95,0,618,0,0,0,618
04/22/2002,TPA,FL,ASO,ES,Combined TRACON& Tower with Radar,408,155,56,1,620,0,1,65,1,67,408,156,121,2,687,0,0,0,687
04/23/2002,TPA,FL,ASO,ES,Combined TRACON& Tower with Radar,417,189,87,3,696,0,1,72,1,74,417,190,159,4,770,0,0,0,770
04/24/2002,TPA,FL,ASO,ES,Combined TRACON& Tower with Radar,402,186,76,1,665,0,2,63,1,66,402,188,139,2,731,0,0,0,731
04/25/2002,TPA,FL,ASO,ES,Combined TRACON& Tower with Radar,429,187,75,1,692,0,2,57,1,60,429,189,132,2,752,0,0,0,752
04/26/2002,TPA,FL,ASO,ES,Combined TRACON& Tower with Radar,425,181,81,1,688,0,3,52,4,59,425,184,133,5,747,0,0,0,747
04/27/2002,TPA,FL,ASO,ES,Combined TRACON& Tower with Radar,325,126,57,1,509,78,0,26,1,105,403,126,83,2,614,0,0,0,614
04/28/2002,TPA,FL,ASO,ES,Combined TRACON& Tower with Radar,385,122,40,0,547,0,0,67,0,67,385,122,107,0,614,0,0,0,614
04/29/2002,TPA,FL,ASO,ES,Combined TRACON& Tower with Radar,423,166,68,0,657,0,0,50,0,50,423,166,118,0,707,0,0,0,707
04/30/2002,TPA,FL,ASO,ES,Combined TRACON& Tower with Radar,413,185,69,4,671,0,0,50,0,50,413,185,119,4,721,0,0,0,721
05/01/2002,TPA,FL,ASO,ES,Combined TRACON& Tower with Radar,408,194,70,7,679,3,0,85,0,88,411,194,155,7,767,0,0,0,767
05/02/2002,TPA,FL,ASO,ES,Combined TRACON& Tower with Radar,390,183,66,7,646,3,0,64,2,69,393,183,130,9,715,0,0,0,715
05/03/2002,TPA,FL,ASO,ES,Combined TRACON& Tower with Radar,420,195,76,14,705,2,1,74,0,77,422,196,150,14,782,0,0,0,782
05/04/2002,TPA,FL,ASO,ES,Combined TRACON& Tower with Radar,400,113,35,11,559,2,0,42,0,44,402,113,77,11,603,0,0,0,603
05/05/2002,TPA,FL,ASO,ES,Combined TRACON& Tower with Radar,375,129,58,11,573,2,0,38,0,40,377,129,96,11,613,0,0,0,613
05/06/2002,TPA,FL,ASO,ES,Combined TRACON& Tower with Radar,405,153,77,6,641,2,0,46,0,48,407,153,123,6,689,0,0,0,689
05/07/2002,TPA,FL,ASO,ES,Combined TRACON& Tower with Radar,401,173,87,3,664,2,1,86,0,89,403,174,173,3,753,0,0,0,753
05/08/2002,TPA,FL,ASO,ES,Combined TRACON& Tower with Radar,400,169,64,4,637,0,8,93,0,101,400,177,157,4,738,0,0,0,738
05/09/2002,TPA,FL,ASO,ES,Combined TRACON& Tower with Radar,405,185,60,4,654,2,2,83,1,88,407,187,143,5,742,0,0,0,742
05/10/2002,TPA,FL,ASO,ES,Combined TRACON& Tower with Radar,413,196,55,5,669,2,0,71,0,73,415,196,126,5,742,0,0,0,742
05/11/2002,TPA,FL,ASO,ES,Combined TRACON& Tower with Radar,397,119,35,3,554,2,1,32,0,35,399,120,67,3,589,0,0,0,589
05/12/2002,TPA,FL,ASO,ES,Combined TRACON& Tower with Radar,330,125,51,3,509,52,0,37,0,89,382,125,88,3,598,0,0,0,598
05/13/2002,TPA,FL,ASO,ES,Combined TRACON& Tower with Radar,395,162,67,12,636,2,1,71,1,75,397,163,138,13,711,0,0,0,711
05/14/2002,TPA,FL,ASO,ES,Combined TRACON& Tower with Radar,416,180,73,4,673,2,1,60,0,63,418,181,133,4,736,0,0,0,736
05/15/2002,TPA,FL,ASO,ES,Combined TRACON& Tower with Radar,402,175,66,6,649,0,20,88,3,111,402,195,154,9,760,0,0,0,760
05/16/2002,TPA,FL,ASO,ES,Combined TRACON& Tower with Radar,407,189,73,5,674,2,1,66,0,69,409,190,139,5,743,0,0,0,743
05/17/2002,TPA,FL,ASO,ES,Combined TRACON& Tower with Radar,406,188,66,8,668,3,2,67,1,73,409,190,133,9,741,0,0,0,741
05/18/2002,TPA,FL,ASO,ES,Combined TRACON& Tower with Radar,388,120,26,1,535,2,0,42,0,44,390,120,68,1,579,0,0,0,579
05/19/2002,TPA,FL,ASO,ES,Combined TRACON& Tower with Radar,380,117,47,13,557,2,0,18,0,20,382,117,65,13,577,0,0,0,577
05/20/2002,TPA,FL,ASO,ES,Combined TRACON& Tower with Radar,398,143,61,6,608,2,0,47,0,49,400,143,108,6,657,0,0,0,657
05/21/2002,TPA,FL,ASO,ES,Combined TRACON& Tower with Radar,404,169,85,6,664,2,0,63,0,65,406,169,148,6,729,0,0,0,729
05/22/2002,TPA,FL,ASO,ES,Combined TRACON& Tower with Radar,403,183,91,5,682,2,2,53,1,58,405,185,144,6,740,0,0,0,740
05/23/2002,TPA,FL,ASO,ES,Combined TRACON& Tower with Radar,411,183,69,6,669,0,0,55,1,56,411,183,124,7,725,0,0,0,725
05/24/2002,TPA,FL,ASO,ES,Combined TRACON& Tower with Radar,416,187,52,3,658,2,1,71,0,74,418,188,123,3,732,0,0,0,732
05/25/2002,TPA,FL,ASO,ES,Combined TRACON& Tower with Radar,383,114,21,4,522,2,2,57,0,61,385,116,78,4,583,0,0,0,583
05/26/2002,TPA,FL,ASO,ES,Combined TRACON& Tower with Radar,359,106,31,3,499,3,0,40,3,46,362,106,71,6,545,0,0,0,545
05/27/2002,TPA,FL,ASO,ES,Combined TRACON& Tower with Radar,374,136,46,2,558,2,0,47,0,49,376,136,93,2,607,0,0,0,607
05/28/2002,TPA,FL,ASO,ES,Combined TRACON& Tower with Radar,392,153,51,6,602,2,3,52,2,59,394,156,103,8,661,0,0,0,661
05/29/2002,TPA,FL,ASO,ES,Combined TRACON& Tower with Radar,413,188,65,12,678,2,3,76,1,82,415,191,141,13,760,0,0,0,760
05/30/2002,TPA,FL,ASO,ES,Combined TRACON& Tower with Radar,413,183,93,0,689,2,1,57,1,61,415,184,150,1,750,0,0,0,750
05/31/2002,TPA,FL,ASO,ES,Combined TRACON& Tower with Radar,407,177,68,6,658,0,15,31,7,53,407,192,99,13,711,0,0,0,711
06/01/2002,TPA,FL,ASO,ES,Combined TRACON& Tower with Radar,357,121,50,6,534,55,0,34,2,91,412,121,84,8,625,0,0,0,625
06/02/2002,TPA,FL,ASO,ES,Combined TRACON& Tower with Radar,371,120,52,6,549,23,0,29,8,60,394,120,81,14,609,0,0,0,609
06/03/2002,TPA,FL,ASO,ES,Combined TRACON& Tower with Radar,411,148,61,5,625,0,3,73,2,78,411,151,134,7,703,0,0,0,703
06/04/2002,TPA,FL,ASO,ES,Combined TRACON& Tower with Radar,409,184,85,5,683,0,3,71,1,75,409,187,156,6,758,0,0,0,758
06/05/2002,TPA,FL,ASO,ES,Combined TRACON& Tower with Radar,415,180,66,6,667,0,2,72,0,74,415,182,138,6,741,0,0,0,741
06/06/2002,TPA,FL,ASO,ES,Combined TRACON& Tower with Radar,417,186,85,7,695,0,2,56,0,58,417,188,141,7,753,0,0,0,753
06/07/2002,TPA,FL,ASO,ES,Combined TRACON& Tower with Radar,430,180,64,10,684,0,1,30,0,31,430,181,94,10,715,0,0,0,715
06/08/2002,TPA,FL,ASO,ES,Combined TRACON& Tower with Radar,406,116,29,9,560,0,1,24,0,25,406,117,53,9,585,0,0,0,585
06/09/2002,TPA,FL,ASO,ES,Combined TRACON& Tower with Radar,362,125,52,6,545,15,0,24,5,44,377,125,76,11,589,0,0,0,589
06/10/2002,TPA,FL,ASO,ES,Combined TRACON& Tower with Radar,414,153,74,7,648,0,1,45,0,46,414,154,119,7,694,0,0,0,694
06/11/2002,TPA,FL,ASO,ES,Combined TRACON& Tower with Radar,413,181,81,7,682,0,3,46,0,49,413,184,127,7,731,0,0,0,731
06/12/2002,TPA,FL,ASO,ES,Combined TRACON& Tower with Radar,413,175,64,6,658,0,3,54,0,57,413,178,118,6,715,0,0,0,715
06/13/2002,TPA,FL,ASO,ES,Combined TRACON& Tower with Radar,420,185,75,9,689,0,4,38,0,42,420,189,113,9,731,0,0,0,731
06/14/2002,TPA,FL,ASO,ES,Combined TRACON& Tower with Radar,418,163,61,7,649,0,22,26,4,52,418,185,87,11,701,0,0,0,701
06/15/2002,TPA,FL,ASO,ES,Combined TRACON& Tower with Radar,397,122,16,1,536,0,1,13,0,14,397,123,29,1,550,0,0,0,550
06/16/2002,TPA,FL,ASO,ES,Combined TRACON& Tower with Radar,389,122,37,0,548,0,1,28,0,29,389,123,65,0,577,0,0,0,577
06/17/2002,TPA,FL,ASO,ES,Combined TRACON& Tower with Radar,401,150,55,3,609,0,0,24,0,24,401,150,79,3,633,0,0,0,633
06/18/2002,TPA,FL,ASO,ES,Combined TRACON& Tower with Radar,407,177,67,7,658,0,0,19,0,19,407,177,86,7,677,0,0,0,677
06/19/2002,TPA,FL,ASO,ES,Combined TRACON& Tower with Radar,401,197,79,4,681,0,1,32,1,34,401,198,111,5,715,0,0,0,715
06/20/2002,TPA,FL,ASO,ES,Combined TRACON& Tower with Radar,421,188,77,3,689,0,0,29,0,29,421,188,106,3,718,0,0,0,718
06/21/2002,TPA,FL,ASO,ES,Combined TRACON& Tower with Radar,425,175,68,9,677,0,0,37,0,37,425,175,105,9,714,0,0,0,714
06/22/2002,TPA,FL,ASO,ES,Combined TRACON& Tower with Radar,407,127,26,3,563,0,0,20,0,20,407,127,46,3,583,0,0,0,583
06/23/2002,TPA,FL,ASO,ES,Combined TRACON& Tower with Radar,390,119,40,4,553,0,0,27,0,27,390,119,67,4,580,0,0,0,580
06/24/2002,TPA,FL,ASO,ES,Combined TRACON& Tower with Radar,410,157,66,4,637,0,0,40,0,40,410,157,106,4,677,0,0,0,677
06/25/2002,TPA,FL,ASO,ES,Combined TRACON& Tower with Radar,408,186,60,4,658,0,0,21,0,21,408,186,81,4,679,0,0,0,679
06/26/2002,TPA,FL,ASO,ES,Combined TRACON& Tower with Radar,397,162,59,7,625,0,22,35,6,63,397,184,94,13,688,0,0,0,688
06/27/2002,TPA,FL,ASO,ES,Combined TRACON& Tower with Radar,419,186,66,1,672,0,1,54,1,56,419,187,120,2,728,0,0,0,728
06/28/2002,TPA,FL,ASO,ES,Combined TRACON& Tower with Radar,423,157,71,6,657,0,2,37,0,39,423,159,108,6,696,0,0,0,696
06/29/2002,TPA,FL,ASO,ES,Combined TRACON& Tower with Radar,413,125,28,5,571,0,0,51,0,51,413,125,79,5,622,0,0,0,622
06/30/2002,TPA,FL,ASO,ES,Combined TRACON& Tower with Radar,383,125,36,4,548,0,0,25,0,25,383,125,61,4,573,0,0,0,573
07/01/2002,TPA,FL,ASO,ES,Combined TRACON& Tower with Radar,415,147,63,5,630,2,1,34,0,37,417,148,97,5,667,0,0,0,667
07/02/2002,TPA,FL,ASO,ES,Combined TRACON& Tower with Radar,406,167,55,1,629,0,1,40,2,43,406,168,95,3,672,0,0,0,672
07/03/2002,TPA,FL,ASO,ES,Combined TRACON& Tower with Radar,412,161,54,0,627,0,11,55,0,66,412,172,109,0,693,0,0,0,693
07/04/2002,TPA,FL,ASO,ES,Combined TRACON& Tower with Radar,330,120,40,0,490,63,25,7,0,95,393,145,47,0,585,0,0,0,585
07/05/2002,TPA,FL,ASO,ES,Combined TRACON& Tower with Radar,342,124,41,0,507,31,0,29,0,60,373,124,70,0,567,0,0,0,567
07/06/2002,TPA,FL,ASO,ES,Combined TRACON& Tower with Radar,334,108,40,1,483,58,0,16,2,76,392,108,56,3,559,0,0,0,559
07/07/2002,TPA,FL,ASO,ES,Combined TRACON& Tower with Radar,373,107,49,1,530,0,0,36,0,36,373,107,85,1,566,0,0,0,566
07/08/2002,TPA,FL,ASO,ES,Combined TRACON& Tower with Radar,410,144,56,3,613,2,2,28,2,34,412,146,84,5,647,0,0,0,647
07/09/2002,TPA,FL,ASO,ES,Combined TRACON& Tower with Radar,413,169,51,3,636,2,1,40,1,44,415,170,91,4,680,0,0,0,680
07/10/2002,TPA,FL,ASO,ES,Combined TRACON& Tower with Radar,414,154,53,0,621,0,0,27,0,27,414,154,80,0,648,0,0,0,648
07/11/2002,TPA,FL,ASO,ES,Combined TRACON& Tower with Radar,424,157,52,0,633,0,13,55,0,68,424,170,107,0,701,0,0,0,701
07/12/2002,TPA,FL,ASO,ES,Combined TRACON& Tower with Radar,422,155,59,0,636,1,2,29,1,33,423,157,88,1,669,0,0,0,669
07/13/2002,TPA,FL,ASO,ES,Combined TRACON& Tower with Radar,405,105,25,0,535,1,2,17,0,20,406,107,42,0,555,0,0,0,555
07/14/2002,TPA,FL,ASO,ES,Combined TRACON& Tower with Radar,365,112,44,0,521,29,0,8,0,37,394,112,52,0,558,0,0,0,558
07/15/2002,TPA,FL,ASO,ES,Combined TRACON& Tower with Radar,403,146,49,0,598,2,8,63,0,73,405,154,112,0,671,0,0,0,671
07/16/2002,TPA,FL,ASO,ES,Combined TRACON& Tower with Radar,416,164,55,0,635,0,8,74,0,82,416,172,129,0,717,0,0,0,717
07/17/2002,TPA,FL,ASO,ES,Combined TRACON& Tower with Radar,400,166,70,0,636,1,1,42,0,44,401,167,112,0,680,0,0,0,680
07/18/2002,TPA,FL,ASO,ES,Combined TRACON& Tower with Radar,419,174,69,0,662,1,1,38,5,45,420,175,107,5,707,0,0,0,707
07/19/2002,TPA,FL,ASO,ES,Combined TRACON& Tower with Radar,410,163,55,0,628,1,1,32,0,34,411,164,87,0,662,0,0,0,662
07/20/2002,TPA,FL,ASO,ES,Combined TRACON& Tower with Radar,417,113,18,0,548,1,3,26,3,33,418,116,44,3,581,0,0,0,581
07/21/2002,TPA,FL,ASO,ES,Combined TRACON& Tower with Radar,391,117,30,0,538,1,1,31,1,34,392,118,61,1,572,0,0,0,572
07/22/2002,TPA,FL,ASO,ES,Combined TRACON& Tower with Radar,398,141,47,2,588,1,2,30,1,34,399,143,77,3,622,0,0,0,622
07/23/2002,TPA,FL,ASO,ES,Combined TRACON& Tower with Radar,410,170,50,0,630,1,1,30,0,32,411,171,80,0,662,0,0,0,662
07/24/2002,TPA,FL,ASO,ES,Combined TRACON& Tower with Radar,421,174,66,2,663,1,1,50,4,56,422,175,116,6,719,0,0,0,719
07/25/2002,TPA,FL,ASO,ES,Combined TRACON& Tower with Radar,410,163,55,1,629,0,5,71,1,77,410,168,126,2,706,0,0,0,706
07/26/2002,TPA,FL,ASO,ES,Combined TRACON& Tower with Radar,413,157,55,1,626,1,3,38,1,43,414,160,93,2,669,0,0,0,669
07/27/2002,TPA,FL,ASO,ES,Combined TRACON& Tower with Radar,403,115,31,3,552,1,1,28,0,30,404,116,59,3,582,0,0,0,582
07/28/2002,TPA,FL,ASO,ES,Combined TRACON& Tower with Radar,383,116,45,5,549,1,2,27,0,30,384,118,72,5,579,0,0,0,579
07/29/2002,TPA,FL,ASO,ES,Combined TRACON& Tower with Radar,393,145,57,2,597,1,1,21,0,23,394,146,78,2,620,0,0,0,620
07/30/2002,TPA,FL,ASO,ES,Combined TRACON& Tower with Radar,431,166,55,4,656,1,1,45,0,47,432,167,100,4,703,0,0,0,703
07/31/2002,TPA,FL,ASO,ES,Combined TRACON& Tower with Radar,407,164,47,3,621,1,1,29,0,31,408,165,76,3,652,0,0,0,652
08/01/2002,TPA,FL,ASO,ES,Combined TRACON& Tower with Radar,405,164,70,0,639,0,2,39,0,41,405,166,109,0,680,0,0,0,680
08/02/2002,TPA,FL,ASO,ES,Combined TRACON& Tower with Radar,422,170,55,3,650,0,1,28,0,29,422,171,83,3,679,0,0,0,679
08/03/2002,TPA,FL,ASO,ES,Combined TRACON& Tower with Radar,400,105,32,2,539,0,1,15,0,16,400,106,47,2,555,0,0,0,555
08/04/2002,TPA,FL,ASO,ES,Combined TRACON& Tower with Radar,386,105,35,0,526,0,5,23,0,28,386,110,58,0,554,0,0,0,554
08/05/2002,TPA,FL,ASO,ES,Combined TRACON& Tower with Radar,398,152,54,0,604,0,2,30,4,36,398,154,84,4,640,0,0,0,640
08/06/2002,TPA,FL,ASO,ES,Combined TRACON& Tower with Radar,416,157,61,1,635,0,17,35,0,52,416,174,96,1,687,0,0,0,687
08/07/2002,TPA,FL,ASO,ES,Combined TRACON& Tower with Radar,413,168,61,0,642,0,1,21,0,22,413,169,82,0,664,0,0,0,664
08/08/2002,TPA,FL,ASO,ES,Combined TRACON& Tower with Radar,406,170,84,4,664,0,9,37,0,46,406,179,121,4,710,0,0,0,710
08/09/2002,TPA,FL,ASO,ES,Combined TRACON& Tower with Radar,412,174,68,2,656,0,0,57,0,57,412,174,125,2,713,0,0,0,713
08/10/2002,TPA,FL,ASO,ES,Combined TRACON& Tower with Radar,400,110,28,0,538,0,3,26,0,29,400,113,54,0,567,0,0,0,567
08/11/2002,TPA,FL,ASO,ES,Combined TRACON& Tower with Radar,391,107,45,0,543,0,2,30,0,32,391,109,75,0,575,0,0,0,575
08/12/2002,TPA,FL,ASO,ES,Combined TRACON& Tower with Radar,400,148,56,2,606,0,0,44,3,47,400,148,100,5,653,0,0,0,653
08/13/2002,TPA,FL,ASO,ES,Combined TRACON& Tower with Radar,417,179,54,0,650,0,0,31,0,31,417,179,85,0,681,0,0,0,681
08/14/2002,TPA,FL,ASO,ES,Combined TRACON& Tower with Radar,404,172,74,2,652,0,2,44,1,47,404,174,118,3,699,0,0,0,699
08/15/2002,TPA,FL,ASO,ES,Combined TRACON& Tower with Radar,412,169,82,0,663,0,1,40,0,41,412,170,122,0,704,0,0,0,704
08/16/2002,TPA,FL,ASO,ES,Combined TRACON& Tower with Radar,417,170,72,2,661,0,1,49,0,50,417,171,121,2,711,0,0,0,711
08/17/2002,TPA,FL,ASO,ES,Combined TRACON& Tower with Radar,398,106,32,0,536,0,0,34,0,34,398,106,66,0,570,0,0,0,570
08/18/2002,TPA,FL,ASO,ES,Combined TRACON& Tower with Radar,341,115,50,0,506,53,0,7,0,60,394,115,57,0,566,0,0,0,566
08/19/2002,TPA,FL,ASO,ES,Combined TRACON& Tower with Radar,401,150,63,1,615,0,4,44,3,51,401,154,107,4,666,0,0,0,666
08/20/2002,TPA,FL,ASO,ES,Combined TRACON& Tower with Radar,415,163,77,1,656,0,7,52,0,59,415,170,129,1,715,0,0,0,715
08/21/2002,TPA,FL,ASO,ES,Combined TRACON& Tower with Radar,408,175,75,2,660,0,1,37,0,38,408,176,112,2,698,0,0,0,698
08/22/2002,TPA,FL,ASO,ES,Combined TRACON& Tower with Radar,407,178,81,1,667,0,5,37,0,42,407,183,118,1,709,0,0,0,709
08/23/2002,TPA,FL,ASO,ES,Combined TRACON& Tower with Radar,414,168,67,2,651,0,5,45,0,50,414,173,112,2,701,0,0,0,701
08/24/2002,TPA,FL,ASO,ES,Combined TRACON& Tower with Radar,325,108,47,0,480,67,0,26,0,93,392,108,73,0,573,0,0,0,573
08/25/2002,TPA,FL,ASO,ES,Combined TRACON& Tower with Radar,392,110,55,2,559,0,0,27,0,27,392,110,82,2,586,0,0,0,586
08/26/2002,TPA,FL,ASO,ES,Combined TRACON& Tower with Radar,405,149,46,4,604,0,0,36,0,36,405,149,82,4,640,0,0,0,640
08/27/2002,TPA,FL,ASO,ES,Combined TRACON& Tower with Radar,407,166,60,0,633,0,0,33,0,33,407,166,93,0,666,0,0,0,666
08/28/2002,TPA,FL,ASO,ES,Combined TRACON& Tower with Radar,404,158,62,1,625,0,10,63,1,74,404,168,125,2,699,0,0,0,699
08/29/2002,TPA,FL,ASO,ES,Combined TRACON& Tower with Radar,390,165,66,1,622,0,0,44,1,45,390,165,110,2,667,0,0,0,667
08/30/2002,TPA,FL,ASO,ES,Combined TRACON& Tower with Radar,416,170,62,0,648,0,3,45,0,48,416,173,107,0,696,0,0,0,696
08/31/2002,TPA,FL,ASO,ES,Combined TRACON& Tower with Radar,393,118,40,0,551,0,1,24,0,25,393,119,64,0,576,0,0,0,576
09/01/2002,TPA,FL,ASO,ES,Combined TRACON& Tower with Radar,345,87,32,0,464,3,0,18,4,25,348,87,50,4,489,0,0,0,489
09/02/2002,TPA,FL,ASO,ES,Combined TRACON& Tower with Radar,374,108,42,0,524,3,0,23,0,26,377,108,65,0,550,0,0,0,550
09/03/2002,TPA,FL,ASO,ES,Combined TRACON& Tower with Radar,385,141,60,0,586,7,1,43,6,57,392,142,103,6,643,0,0,0,643
09/04/2002,TPA,FL,ASO,ES,Combined TRACON& Tower with Radar,388,169,58,1,616,3,1,48,0,52,391,170,106,1,668,0,0,0,668
09/05/2002,TPA,FL,ASO,ES,Combined TRACON& Tower with Radar,396,149,67,0,612,3,0,26,0,29,399,149,93,0,641,0,0,0,641
09/06/2002,TPA,FL,ASO,ES,Combined TRACON& Tower with Radar,404,167,32,0,603,3,0,49,0,52,407,167,81,0,655,0,0,0,655
09/07/2002,TPA,FL,ASO,ES,Combined TRACON& Tower with Radar,381,104,33,0,518,3,0,30,0,33,384,104,63,0,551,0,0,0,551
09/08/2002,TPA,FL,ASO,ES,Combined TRACON& Tower with Radar,370,97,55,0,522,3,0,26,0,29,373,97,81,0,551,0,0,0,551
09/09/2002,TPA,FL,ASO,ES,Combined TRACON& Tower with Radar,388,138,57,2,585,3,1,36,0,40,391,139,93,2,625,0,0,0,625
09/10/2002,TPA,FL,ASO,ES,Combined TRACON& Tower with Radar,362,154,77,1,594,2,0,51,2,55,364,154,128,3,649,0,0,0,649
09/11/2002,TPA,FL,ASO,ES,Combined TRACON& Tower with Radar,330,148,77,1,556,2,0,37,0,39,332,148,114,1,595,0,0,0,595
09/12/2002,TPA,FL,ASO,ES,Combined TRACON& Tower with Radar,378,167,80,0,625,2,0,38,0,40,380,167,118,0,665,0,0,0,665
09/13/2002,TPA,FL,ASO,ES,Combined TRACON& Tower with Radar,387,157,88,0,632,2,0,34,0,36,389,157,122,0,668,0,0,0,668
09/14/2002,TPA,FL,ASO,ES,Combined TRACON& Tower with Radar,376,108,39,0,523,2,0,29,0,31,378,108,68,0,554,0,0,0,554
09/15/2002,TPA,FL,ASO,ES,Combined TRACON& Tower with Radar,375,112,39,0,526,2,1,37,4,44,377,113,76,4,570,0,0,0,570
09/16/2002,TPA,FL,ASO,ES,Combined TRACON& Tower with Radar,385,146,72,0,603,2,0,57,0,59,387,146,129,0,662,0,0,0,662
09/17/2002,TPA,FL,ASO,ES,Combined TRACON& Tower with Radar,363,149,62,0,574,0,12,47,0,59,363,161,109,0,633,0,0,0,633
09/18/2002,TPA,FL,ASO,ES,Combined TRACON& Tower with Radar,387,150,62,0,599,0,21,72,2,95,387,171,134,2,694,0,0,0,694
09/19/2002,TPA,FL,ASO,ES,Combined TRACON& Tower with Radar,395,176,80,0,651,2,3,50,0,55,397,179,130,0,706,0,0,0,706
09/20/2002,TPA,FL,ASO,ES,Combined TRACON& Tower with Radar,399,149,62,0,610,0,14,60,0,74,399,163,122,0,684,0,0,0,684
09/21/2002,TPA,FL,ASO,ES,Combined TRACON& Tower with Radar,383,103,29,0,515,2,0,22,0,24,385,103,51,0,539,0,0,0,539
09/22/2002,TPA,FL,ASO,ES,Combined TRACON& Tower with Radar,366,100,39,1,506,3,0,36,1,40,369,100,75,2,546,0,0,0,546
09/23/2002,TPA,FL,ASO,ES,Combined TRACON& Tower with Radar,379,137,58,0,574,2,2,57,2,63,381,139,115,2,637,0,0,0,637
09/24/2002,TPA,FL,ASO,ES,Combined TRACON& Tower with Radar,384,166,55,0,605,2,0,39,0,41,386,166,94,0,646,0,0,0,646
09/25/2002,TPA,FL,ASO,ES,Combined TRACON& Tower with Radar,382,152,61,2,597,2,0,44,0,46,384,152,105,2,643,0,0,0,643
09/26/2002,TPA,FL,ASO,ES,Combined TRACON& Tower with Radar,382,152,83,4,621,2,0,50,0,52,384,152,133,4,673,0,0,0,673
09/27/2002,TPA,FL,ASO,ES,Combined TRACON& Tower with Radar,401,149,63,0,613,0,3,62,2,67,401,152,125,2,680,0,0,0,680
09/28/2002,TPA,FL,ASO,ES,Combined TRACON& Tower with Radar,388,107,28,0,523,2,0,23,1,26,390,107,51,1,549,0,0,0,549
09/29/2002,TPA,FL,ASO,ES,Combined TRACON& Tower with Radar,370,94,51,0,515,2,0,15,0,17,372,94,66,0,532,0,0,0,532
09/30/2002,TPA,FL,ASO,ES,Combined TRACON& Tower with Radar,386,142,50,3,581,2,0,52,0,54,388,142,102,3,635,0,0,0,635
10/01/2002,TPA,FL,ASO,ES,Combined TRACON& Tower with Radar,393,153,68,4,618,0,2,46,0,48,393,155,114,4,666,0,0,0,666
10/02/2002,TPA,FL,ASO,ES,Combined TRACON& Tower with Radar,381,132,60,1,574,0,38,37,0,75,381,170,97,1,649,0,0,0,649
10/03/2002,TPA,FL,ASO,ES,Combined TRACON& Tower with Radar,394,162,68,0,624,0,0,40,4,44,394,162,108,4,668,0,0,0,668
10/04/2002,TPA,FL,ASO,ES,Combined TRACON& Tower with Radar,390,140,58,2,590,0,1,45,0,46,390,141,103,2,636,0,0,0,636
10/05/2002,TPA,FL,ASO,ES,Combined TRACON& Tower with Radar,320,109,49,0,478,59,4,10,0,73,379,113,59,0,551,0,0,0,551
10/06/2002,TPA,FL,ASO,ES,Combined TRACON& Tower with Radar,384,90,40,2,516,0,0,35,0,35,384,90,75,2,551,0,0,0,551
10/07/2002,TPA,FL,ASO,ES,Combined TRACON& Tower with Radar,374,121,58,1,554,18,0,41,1,60,392,121,99,2,614,0,0,0,614
10/08/2002,TPA,FL,ASO,ES,Combined TRACON& Tower with Radar,390,138,57,0,585,0,0,46,0,46,390,138,103,0,631,0,0,0,631
10/09/2002,TPA,FL,ASO,ES,Combined TRACON& Tower with Radar,392,144,68,0,604,0,0,59,0,59,392,144,127,0,663,21,0,21,684
10/10/2002,TPA,FL,ASO,ES,Combined TRACON& Tower with Radar,397,153,74,1,625,0,2,64,0,66,397,155,138,1,691,0,0,0,691
10/11/2002,TPA,FL,ASO,ES,Combined TRACON& Tower with Radar,394,139,65,1,599,0,3,68,1,72,394,142,133,2,671,0,0,0,671
10/12/2002,TPA,FL,ASO,ES,Combined TRACON& Tower with Radar,394,99,45,2,540,0,0,30,0,30,394,99,75,2,570,0,0,0,570
10/13/2002,TPA,FL,ASO,ES,Combined TRACON& Tower with Radar,384,92,32,3,511,0,2,37,0,39,384,94,69,3,550,0,0,0,550
10/14/2002,TPA,FL,ASO,ES,Combined TRACON& Tower with Radar,392,122,62,1,577,6,0,49,5,60,398,122,111,6,637,0,0,0,637
10/15/2002,TPA,FL,ASO,ES,Combined TRACON& Tower with Radar,395,139,68,0,602,0,0,23,0,23,395,139,91,0,625,0,0,0,625
10/16/2002,TPA,FL,ASO,ES,Combined TRACON& Tower with Radar,398,153,79,1,631,0,3,46,0,49,398,156,125,1,680,0,0,0,680
10/17/2002,TPA,FL,ASO,ES,Combined TRACON& Tower with Radar,403,143,72,0,618,0,3,73,0,76,403,146,145,0,694,0,0,0,694
10/18/2002,TPA,FL,ASO,ES,Combined TRACON& Tower with Radar,393,152,74,2,621,0,1,58,0,59,393,153,132,2,680,0,0,0,680
10/19/2002,TPA,FL,ASO,ES,Combined TRACON& Tower with Radar,389,101,35,4,529,0,2,36,0,38,389,103,71,4,567,0,0,0,567
10/20/2002,TPA,FL,ASO,ES,Combined TRACON& Tower with Radar,388,92,38,2,520,0,1,23,1,25,388,93,61,3,545,0,0,0,545
10/21/2002,TPA,FL,ASO,ES,Combined TRACON& Tower with Radar,396,118,43,0,557,0,1,53,0,54,396,119,96,0,611,0,0,0,611
10/22/2002,TPA,FL,ASO,ES,Combined TRACON& Tower with Radar,396,149,72,0,617,0,2,44,6,52,396,151,116,6,669,0,0,0,669
10/23/2002,TPA,FL,ASO,ES,Combined TRACON& Tower with Radar,390,141,98,1,630,0,1,44,0,45,390,142,142,1,675,0,0,0,675
10/24/2002,TPA,FL,ASO,ES,Combined TRACON& Tower with Radar,401,148,72,5,626,0,0,70,0,70,401,148,142,5,696,0,0,0,696
10/25/2002,TPA,FL,ASO,ES,Combined TRACON& Tower with Radar,406,151,73,1,631,0,0,63,1,64,406,151,136,2,695,0,0,0,695
10/26/2002,TPA,FL,ASO,ES,Combined TRACON& Tower with Radar,346,105,53,1,505,38,0,37,1,76,384,105,90,2,581,0,0,0,581
10/27/2002,TPA,FL,ASO,ES,Combined TRACON& Tower with Radar,372,94,47,0,513,0,0,42,2,44,372,94,89,2,557,0,0,0,557
10/28/2002,TPA,FL,ASO,ES,Combined TRACON& Tower with Radar,398,128,47,0,573,0,3,56,0,59,398,131,103,0,632,0,0,0,632
10/29/2002,TPA,FL,ASO,ES,Combined TRACON& Tower with Radar,395,148,68,0,611,0,0,63,1,64,395,148,131,1,675,0,0,0,675
10/30/2002,TPA,FL,ASO,ES,Combined TRACON& Tower with Radar,400,142,65,0,607,0,3,62,0,65,400,145,127,0,672,0,0,0,672
10/31/2002,TPA,FL,ASO,ES,Combined TRACON& Tower with Radar,400,145,56,0,601,0,1,53,0,54,400,146,109,0,655,0,0,0,655
11/01/2002,TPA,FL,ASO,ES,Combined TRACON& Tower with Radar,399,157,69,2,627,4,0,50,0,54,403,157,119,2,681,0,0,0,681
11/02/2002,TPA,FL,ASO,ES,Combined TRACON& Tower with Radar,382,117,58,1,558,4,0,47,1,52,386,117,105,2,610,0,0,0,610
11/03/2002,TPA,FL,ASO,ES,Combined TRACON& Tower with Radar,377,98,65,4,544,4,0,57,0,61,381,98,122,4,605,0,0,0,605
11/04/2002,TPA,FL,ASO,ES,Combined TRACON& Tower with Radar,389,123,76,0,588,4,1,58,0,63,393,124,134,0,651,0,0,0,651
11/05/2002,TPA,FL,ASO,ES,Combined TRACON& Tower with Radar,397,130,66,1,594,0,13,40,1,54,397,143,106,2,648,0,0,0,648
11/06/2002,TPA,FL,ASO,ES,Combined TRACON& Tower with Radar,348,131,67,0,546,0,0,28,0,28,348,131,95,0,574,0,0,0,574
11/07/2002,TPA,FL,ASO,ES,Combined TRACON& Tower with Radar,399,141,73,0,613,3,0,70,0,73,402,141,143,0,686,0,0,0,686
11/08/2002,TPA,FL,ASO,ES,Combined TRACON& Tower with Radar,398,146,78,0,622,3,0,65,0,68,401,146,143,0,690,0,0,0,690
11/09/2002,TPA,FL,ASO,ES,Combined TRACON& Tower with Radar,386,97,36,1,520,3,0,31,0,34,389,97,67,1,554,0,0,0,554
11/10/2002,TPA,FL,ASO,ES,Combined TRACON& Tower with Radar,371,91,38,0,500,3,0,29,0,32,374,91,67,0,532,0,0,0,532
11/11/2002,TPA,FL,ASO,ES,Combined TRACON& Tower with Radar,392,113,62,0,567,3,0,50,0,53,395,113,112,0,620,0,0,0,620
11/12/2002,TPA,FL,ASO,ES,Combined TRACON& Tower with Radar,393,133,72,0,598,3,1,26,5,35,396,134,98,5,633,50,0,50,683
11/13/2002,TPA,FL,ASO,ES,Combined TRACON& Tower with Radar,402,146,75,0,623,3,0,61,0,64,405,146,136,0,687,44,0,44,731
11/14/2002,TPA,FL,ASO,ES,Combined TRACON& Tower with Radar,397,142,72,0,611,0,22,73,1,96,397,164,145,1,707,0,0,0,707
11/15/2002,TPA,FL,ASO,ES,Combined TRACON& Tower with Radar,380,135,71,0,586,0,0,68,3,71,380,135,139,3,657,0,0,0,657
11/16/2002,TPA,FL,ASO,ES,Combined TRACON& Tower with Radar,389,89,39,0,517,3,0,5,0,8,392,89,44,0,525,0,0,0,525
11/17/2002,TPA,FL,ASO,ES,Combined TRACON& Tower with Radar,400,92,52,0,544,3,0,25,0,28,403,92,77,0,572,0,0,0,572
11/18/2002,TPA,FL,ASO,ES,Combined TRACON& Tower with Radar,387,128,52,0,567,3,3,57,2,65,390,131,109,2,632,0,0,0,632
11/19/2002,TPA,FL,ASO,ES,Combined TRACON& Tower with Radar,397,135,87,0,619,3,0,80,0,83,400,135,167,0,702,0,0,0,702
11/20/2002,TPA,FL,ASO,ES,Combined TRACON& Tower with Radar,398,148,91,2,639,3,0,75,0,78,401,148,166,2,717,0,0,0,717
11/21/2002,TPA,FL,ASO,ES,Combined TRACON& Tower with Radar,390,166,109,1,666,3,0,55,3,61,393,166,164,4,727,0,0,0,727
11/22/2002,TPA,FL,ASO,ES,Combined TRACON& Tower with Radar,398,140,94,0,632,3,1,72,0,76,401,141,166,0,708,0,0,0,708
11/23/2002,TPA,FL,ASO,ES,Combined TRACON& Tower with Radar,390,92,47,0,529,3,0,30,0,33,393,92,77,0,562,0,0,0,562
11/24/2002,TPA,FL,ASO,ES,Combined TRACON& Tower with Radar,384,96,61,0,541,3,7,39,2,51,387,103,100,2,592,0,0,0,592
11/25/2002,TPA,FL,ASO,ES,Combined TRACON& Tower with Radar,388,123,66,1,578,3,1,40,0,44,391,124,106,1,622,0,0,0,622
11/26/2002,TPA,FL,ASO,ES,Combined TRACON& Tower with Radar,400,136,86,0,622,3,0,63,0,66,403,136,149,0,688,0,0,0,688
11/27/2002,TPA,FL,ASO,ES,Combined TRACON& Tower with Radar,412,145,57,0,614,3,1,49,0,53,415,146,106,0,667,0,0,0,667
11/28/2002,TPA,FL,ASO,ES,Combined TRACON& Tower with Radar,330,100,15,0,445,3,0,11,2,16,333,100,26,2,461,0,0,0,461
11/29/2002,TPA,FL,ASO,ES,Combined TRACON& Tower with Radar,329,97,36,0,462,3,2,49,0,54,332,99,85,0,516,0,0,0,516
11/30/2002,TPA,FL,ASO,ES,Combined TRACON& Tower with Radar,385,94,37,0,516,3,0,25,1,29,388,94,62,1,545,0,0,0,545
12/01/2002,TPA,FL,ASO,ES,Combined TRACON& Tower with Radar,388,93,57,5,543,0,3,27,0,30,388,96,84,5,573,0,0,0,573
12/02/2002,TPA,FL,ASO,ES,Combined TRACON& Tower with Radar,393,110,67,4,574,0,4,43,0,47,393,114,110,4,621,0,0,0,621
12/03/2002,TPA,FL,ASO,ES,Combined TRACON& Tower with Radar,392,140,78,2,612,0,3,51,1,55,392,143,129,3,667,0,0,0,667
12/04/2002,TPA,FL,ASO,ES,Combined TRACON& Tower with Radar,391,146,80,1,618,0,4,55,0,59,391,150,135,1,677,0,0,0,677
12/05/2002,TPA,FL,ASO,ES,Combined TRACON& Tower with Radar,379,140,99,3,621,0,4,17,0,21,379,144,116,3,642,0,0,0,642
12/06/2002,TPA,FL,ASO,ES,Combined TRACON& Tower with Radar,423,146,104,3,676,0,3,19,0,22,423,149,123,3,698,0,0,0,698
12/07/2002,TPA,FL,ASO,ES,Combined TRACON& Tower with Radar,398,92,60,2,552,0,3,21,0,24,398,95,81,2,576,0,0,0,576
12/08/2002,TPA,FL,ASO,ES,Combined TRACON& Tower with Radar,378,99,63,1,541,0,0,69,0,69,378,99,132,1,610,0,0,0,610
12/09/2002,TPA,FL,ASO,ES,Combined TRACON& Tower with Radar,389,105,84,0,578,0,3,11,0,14,389,108,95,0,592,0,0,0,592
12/10/2002,TPA,FL,ASO,ES,Combined TRACON& Tower with Radar,388,143,91,2,624,0,2,25,0,27,388,145,116,2,651,0,0,0,651
12/11/2002,TPA,FL,ASO,ES,Combined TRACON& Tower with Radar,385,150,92,2,629,0,6,78,0,84,385,156,170,2,713,0,0,0,713
12/12/2002,TPA,FL,ASO,ES,Combined TRACON& Tower with Radar,403,144,119,0,666,0,2,32,1,35,403,146,151,1,701,0,0,0,701
12/13/2002,TPA,FL,ASO,ES,Combined TRACON& Tower with Radar,398,133,55,2,588,0,3,23,0,26,398,136,78,2,614,0,0,0,614
12/14/2002,TPA,FL,ASO,ES,Combined TRACON& Tower with Radar,401,94,42,0,537,0,4,37,4,45,401,98,79,4,582,0,0,0,582
12/15/2002,TPA,FL,ASO,ES,Combined TRACON& Tower with Radar,381,89,47,0,517,0,2,25,0,27,381,91,72,0,544,0,0,0,544
12/16/2002,TPA,FL,ASO,ES,Combined TRACON& Tower with Radar,394,117,66,0,577,0,2,42,1,45,394,119,108,1,622,0,0,0,622
12/17/2002,TPA,FL,ASO,ES,Combined TRACON& Tower with Radar,402,142,85,0,629,0,3,65,0,68,402,145,150,0,697,0,0,0,697
12/18/2002,TPA,FL,ASO,ES,Combined TRACON& Tower with Radar,413,155,120,3,691,0,3,64,1,68,413,158,184,4,759,0,0,0,759
12/19/2002,TPA,FL,ASO,ES,Combined TRACON& Tower with Radar,423,140,59,4,626,0,5,56,2,63,423,145,115,6,689,0,0,0,689
12/20/2002,TPA,FL,ASO,ES,Combined TRACON& Tower with Radar,425,137,59,0,621,0,3,64,1,68,425,140,123,1,689,0,0,0,689
12/21/2002,TPA,FL,ASO,ES,Combined TRACON& Tower with Radar,424,90,46,0,560,0,2,51,0,53,424,92,97,0,613,0,0,0,613
12/22/2002,TPA,FL,ASO,ES,Combined TRACON& Tower with Radar,325,86,53,0,464,71,0,15,0,86,396,86,68,0,550,0,0,0,550
12/23/2002,TPA,FL,ASO,ES,Combined TRACON& Tower with Radar,408,107,55,2,572,0,5,63,4,72,408,112,118,6,644,0,0,0,644
12/24/2002,TPA,FL,ASO,ES,Combined TRACON& Tower with Radar,394,129,35,0,558,0,2,15,0,17,394,131,50,0,575,0,0,0,575
12/25/2002,TPA,FL,ASO,ES,Combined TRACON& Tower with Radar,364,95,14,0,473,0,2,5,0,7,364,97,19,0,480,0,0,0,480
12/26/2002,TPA,FL,ASO,ES,Combined TRACON& Tower with Radar,415,121,41,0,577,0,2,57,0,59,415,123,98,0,636,0,0,0,636
12/27/2002,TPA,FL,ASO,ES,Combined TRACON& Tower with Radar,439,153,54,0,646,0,6,39,2,47,439,159,93,2,693,0,0,0,693
12/28/2002,TPA,FL,ASO,ES,Combined TRACON& Tower with Radar,420,95,49,0,564,0,2,22,0,24,420,97,71,0,588,0,0,0,588
12/29/2002,TPA,FL,ASO,ES,Combined TRACON& Tower with Radar,386,83,63,1,533,13,0,13,0,26,399,83,76,1,559,0,0,0,559
12/30/2002,TPA,FL,ASO,ES,Combined TRACON& Tower with Radar,413,121,55,0,589,0,5,41,0,46,413,126,96,0,635,0,0,0,635
12/31/2002,TPA,FL,ASO,ES,Combined TRACON& Tower with Radar,409,128,28,0,565,0,2,38,0,40,409,130,66,0,605,0,0,0,605
01/01/2003,TPA,FL,ASO,ES,Combined TRACON& Tower with Radar,388,114,43,0,545,1,1,45,2,49,389,115,88,2,594,0,0,0,594
01/02/2003,TPA,FL,ASO,ES,Combined TRACON& Tower with Radar,410,112,66,0,588,0,1,38,1,40,410,113,104,1,628,0,0,0,628
01/03/2003,TPA,FL,ASO,ES,Combined TRACON& Tower with Radar,421,138,50,0,609,0,2,48,0,50,421,140,98,0,659,0,0,0,659
01/04/2003,TPA,FL,ASO,ES,Combined TRACON& Tower with Radar,410,106,45,0,561,0,1,16,0,17,410,107,61,0,578,0,0,0,578
01/05/2003,TPA,FL,ASO,ES,Combined TRACON& Tower with Radar,402,92,41,0,535,0,0,31,0,31,402,92,72,0,566,0,0,0,566
01/06/2003,TPA,FL,ASO,ES,Combined TRACON& Tower with Radar,413,114,55,0,582,0,5,43,0,48,413,119,98,0,630,0,0,0,630
01/07/2003,TPA,FL,ASO,ES,Combined TRACON& Tower with Radar,395,129,70,0,594,4,23,55,2,84,399,152,125,2,678,0,0,0,678
01/08/2003,TPA,FL,ASO,ES,Combined TRACON& Tower with Radar,389,149,85,0,623,0,3,45,0,48,389,152,130,0,671,0,0,0,671
01/09/2003,TPA,FL,ASO,ES,Combined TRACON& Tower with Radar,393,158,77,0,628,0,6,47,0,53,393,164,124,0,681,0,0,0,681
01/10/2003,TPA,FL,ASO,ES,Combined TRACON& Tower with Radar,395,148,80,1,624,0,0,58,1,59,395,148,138,2,683,0,0,0,683
01/11/2003,TPA,FL,ASO,ES,Combined TRACON& Tower with Radar,374,105,66,0,545,14,0,22,0,36,388,105,88,0,581,0,0,0,581
01/12/2003,TPA,FL,ASO,ES,Combined TRACON& Tower with Radar,376,120,84,1,581,0,4,50,0,54,376,124,134,1,635,0,0,0,635
01/13/2003,TPA,FL,ASO,ES,Combined TRACON& Tower with Radar,392,125,46,0,563,0,0,35,0,35,392,125,81,0,598,0,0,0,598
01/14/2003,TPA,FL,ASO,ES,Combined TRACON& Tower with Radar,390,144,79,0,613,0,2,61,0,63,390,146,140,0,676,0,0,0,676
01/15/2003,TPA,FL,ASO,ES,Combined TRACON& Tower with Radar,390,145,83,3,621,0,2,68,4,74,390,147,151,7,695,0,0,0,695
01/16/2003,TPA,FL,ASO,ES,Combined TRACON& Tower with Radar,392,154,88,0,634,1,0,67,0,68,393,154,155,0,702,0,0,0,702
01/17/2003,TPA,FL,ASO,ES,Combined TRACON& Tower with Radar,405,140,74,6,625,0,3,86,0,89,405,143,160,6,714,0,0,0,714
01/18/2003,TPA,FL,ASO,ES,Combined TRACON& Tower with Radar,393,101,53,0,547,0,1,35,0,36,393,102,88,0,583,0,0,0,583
01/19/2003,TPA,FL,ASO,ES,Combined TRACON& Tower with Radar,377,97,52,0,526,0,0,25,0,25,377,97,77,0,551,0,0,0,551
01/20/2003,TPA,FL,ASO,ES,Combined TRACON& Tower with Radar,393,117,78,0,588,0,4,51,0,55,393,121,129,0,643,0,0,0,643
01/21/2003,TPA,FL,ASO,ES,Combined TRACON& Tower with Radar,402,127,68,3,600,0,2,61,0,63,402,129,129,3,663,0,0,0,663
01/22/2003,TPA,FL,ASO,ES,Combined TRACON& Tower with Radar,396,135,72,1,604,0,16,66,8,90,396,151,138,9,694,0,0,0,694
01/23/2003,TPA,FL,ASO,ES,Combined TRACON& Tower with Radar,408,144,76,2,630,0,21,74,3,98,408,165,150,5,728,0,0,0,728
01/24/2003,TPA,FL,ASO,ES,Combined TRACON& Tower with Radar,401,157,86,2,646,0,1,45,5,51,401,158,131,7,697,0,0,0,697
01/25/2003,TPA,FL,ASO,ES,Combined TRACON& Tower with Radar,357,100,62,0,519,39,0,23,0,62,396,100,85,0,581,0,0,0,581
01/26/2003,TPA,FL,ASO,ES,Combined TRACON& Tower with Radar,320,87,56,0,463,52,0,15,0,67,372,87,71,0,530,0,0,0,530
01/27/2003,TPA,FL,ASO,ES,Combined TRACON& Tower with Radar,399,127,59,0,585,0,2,71,0,73,399,129,130,0,658,0,0,0,658
01/28/2003,TPA,FL,ASO,ES,Combined TRACON& Tower with Radar,393,144,78,0,615,0,6,58,0,64,393,150,136,0,679,0,0,0,679
01/29/2003,TPA,FL,ASO,ES,Combined TRACON& Tower with Radar,388,142,72,0,602,0,1,55,0,56,388,143,127,0,658,0,0,0,658
01/30/2003,TPA,FL,ASO,ES,Combined TRACON& Tower with Radar,396,146,77,0,619,0,13,58,0,71,396,159,135,0,690,0,0,0,690
01/31/2003,TPA,FL,ASO,ES,Combined TRACON& Tower with Radar,399,138,99,4,640,0,3,56,0,59,399,141,155,4,699,0,0,0,699
02/01/2003,TPA,FL,ASO,ES,Combined TRACON& Tower with Radar,387,111,48,2,548,4,3,30,0,37,391,114,78,2,585,0,0,0,585
02/02/2003,TPA,FL,ASO,ES,Combined TRACON& Tower with Radar,369,108,34,0,511,4,0,31,0,35,373,108,65,0,546,0,0,0,546
02/03/2003,TPA,FL,ASO,ES,Combined TRACON& Tower with Radar,380,142,59,0,581,4,3,39,1,47,384,145,98,1,628,0,0,0,628
02/04/2003,TPA,FL,ASO,ES,Combined TRACON& Tower with Radar,383,148,84,0,615,0,8,35,0,43,383,156,119,0,658,0,0,0,658
02/05/2003,TPA,FL,ASO,ES,Combined TRACON& Tower with Radar,391,161,56,0,608,4,0,46,0,50,395,161,102,0,658,0,0,0,658
02/06/2003,TPA,FL,ASO,ES,Combined TRACON& Tower with Radar,401,153,85,2,641,4,3,40,0,47,405,156,125,2,688,0,0,0,688
02/07/2003,TPA,FL,ASO,ES,Combined TRACON& Tower with Radar,386,162,88,0,636,4,0,8,0,12,390,162,96,0,648,0,0,0,648
02/08/2003,TPA,FL,ASO,ES,Combined TRACON& Tower with Radar,389,106,61,0,556,4,7,24,0,35,393,113,85,0,591,0,0,0,591
02/09/2003,TPA,FL,ASO,ES,Combined TRACON& Tower with Radar,376,101,81,0,558,4,0,1,0,5,380,101,82,0,563,0,0,0,563
02/10/2003,TPA,FL,ASO,ES,Combined TRACON& Tower with Radar,387,126,65,2,580,4,0,8,0,12,391,126,73,2,592,0,0,0,592
02/11/2003,TPA,FL,ASO,ES,Combined TRACON& Tower with Radar,397,156,71,2,626,4,2,62,1,69,401,158,133,3,695,0,0,0,695
02/12/2003,TPA,FL,ASO,ES,Combined TRACON& Tower with Radar,404,153,88,0,645,0,5,74,1,80,404,158,162,1,725,0,0,0,725
02/13/2003,TPA,FL,ASO,ES,Combined TRACON& Tower with Radar,406,158,86,0,650,4,5,74,0,83,410,163,160,0,733,0,0,0,733
02/14/2003,TPA,FL,ASO,ES,Combined TRACON& Tower with Radar,417,153,81,1,652,4,2,62,1,69,421,155,143,2,721,0,0,0,721
02/15/2003,TPA,FL,ASO,ES,Combined TRACON& Tower with Radar,402,104,51,0,557,4,2,29,0,35,406,106,80,0,592,0,0,0,592
02/16/2003,TPA,FL,ASO,ES,Combined TRACON& Tower with Radar,366,102,45,2,515,4,0,14,0,18,370,102,59,2,533,0,0,0,533
02/17/2003,TPA,FL,ASO,ES,Combined TRACON& Tower with Radar,333,126,80,0,539,4,1,27,0,32,337,127,107,0,571,0,0,0,571
02/18/2003,TPA,FL,ASO,ES,Combined TRACON& Tower with Radar,389,147,83,0,619,4,0,49,0,53,393,147,132,0,672,0,0,0,672
02/19/2003,TPA,FL,ASO,ES,Combined TRACON& Tower with Radar,415,154,100,0,669,4,4,68,0,76,419,158,168,0,745,0,0,0,745
02/20/2003,TPA,FL,ASO,ES,Combined TRACON& Tower with Radar,423,146,116,0,685,4,3,71,1,79,427,149,187,1,764,0,0,0,764
02/21/2003,TPA,FL,ASO,ES,Combined TRACON& Tower with Radar,411,147,112,2,672,4,1,35,0,40,415,148,147,2,712,0,0,0,712
02/22/2003,TPA,FL,ASO,ES,Combined TRACON& Tower with Radar,410,101,44,0,555,3,0,19,0,22,413,101,63,0,577,0,0,0,577
02/23/2003,TPA,FL,ASO,ES,Combined TRACON& Tower with Radar,392,141,84,0,617,0,0,49,1,50,392,141,133,1,667,0,0,0,667
02/24/2003,TPA,FL,ASO,ES,Combined TRACON& Tower with Radar,416,136,76,3,631,3,10,63,1,77,419,146,139,4,708,0,0,0,708
02/25/2003,TPA,FL,ASO,ES,Combined TRACON& Tower with Radar,404,161,80,0,645,3,3,71,2,79,407,164,151,2,724,0,0,0,724
02/26/2003,TPA,FL,ASO,ES,Combined TRACON& Tower with Radar,408,164,96,0,668,3,2,66,0,71,411,166,162,0,739,0,0,0,739
02/27/2003,TPA,FL,ASO,ES,Combined TRACON& Tower with Radar,416,151,93,1,661,3,0,12,1,16,419,151,105,2,677,0,0,0,677
02/28/2003,TPA,FL,ASO,ES,Combined TRACON& Tower with Radar,426,158,133,4,721,3,0,1,0,4,429,158,134,4,725,0,0,0,725
03/01/2003,TPA,FL,ASO,ES,Combined TRACON& Tower with Radar,410,127,47,3,587,2,1,9,1,13,412,128,56,4,600,0,0,0,600
03/02/2003,TPA,FL,ASO,ES,Combined TRACON& Tower with Radar,380,113,58,1,552,21,0,0,2,23,401,113,58,3,575,0,0,0,575
03/03/2003,TPA,FL,ASO,ES,Combined TRACON& Tower with Radar,409,138,63,1,611,2,3,53,1,59,411,141,116,2,670,56,0,56,726
03/04/2003,TPA,FL,ASO,ES,Combined TRACON& Tower with Radar,420,163,88,1,672,2,3,25,0,30,422,166,113,1,702,0,0,0,702
03/05/2003,TPA,FL,ASO,ES,Combined TRACON& Tower with Radar,410,163,91,0,664,2,1,40,0,43,412,164,131,0,707,0,0,0,707
03/06/2003,TPA,FL,ASO,ES,Combined TRACON& Tower with Radar,424,159,61,2,646,2,2,57,0,61,426,161,118,2,707,0,0,0,707
03/07/2003,TPA,FL,ASO,ES,Combined TRACON& Tower with Radar,431,149,48,0,628,2,2,24,0,28,433,151,72,0,656,8,0,8,664
03/08/2003,TPA,FL,ASO,ES,Combined TRACON& Tower with Radar,416,115,44,1,576,2,2,10,0,14,418,117,54,1,590,0,0,0,590
03/09/2003,TPA,FL,ASO,ES,Combined TRACON& Tower with Radar,423,112,46,2,583,2,2,14,0,18,425,114,60,2,601,0,0,0,601
03/10/2003,TPA,FL,ASO,ES,Combined TRACON& Tower with Radar,421,140,69,1,631,2,3,49,0,54,423,143,118,1,685,0,0,0,685
03/11/2003,TPA,FL,ASO,ES,Combined TRACON& Tower with Radar,414,160,78,0,652,2,10,55,0,67,416,170,133,0,719,0,0,0,719
03/12/2003,TPA,FL,ASO,ES,Combined TRACON& Tower with Radar,423,146,75,0,644,0,2,86,0,88,423,148,161,0,732,0,0,0,732
03/13/2003,TPA,FL,ASO,ES,Combined TRACON& Tower with Radar,428,152,92,0,672,2,4,53,0,59,430,156,145,0,731,0,0,0,731
03/14/2003,TPA,FL,ASO,ES,Combined TRACON& Tower with Radar,425,150,105,2,682,2,3,55,0,60,427,153,160,2,742,0,0,0,742
03/15/2003,TPA,FL,ASO,ES,Combined TRACON& Tower with Radar,420,131,29,1,581,2,4,33,0,39,422,135,62,1,620,0,0,0,620
03/16/2003,TPA,FL,ASO,ES,Combined TRACON& Tower with Radar,410,121,59,3,593,2,0,19,0,21,412,121,78,3,614,0,0,0,614
03/17/2003,TPA,FL,ASO,ES,Combined TRACON& Tower with Radar,418,144,91,2,655,2,3,33,0,38,420,147,124,2,693,0,0,0,693
03/18/2003,TPA,FL,ASO,ES,Combined TRACON& Tower with Radar,418,145,74,0,637,0,22,60,1,83,418,167,134,1,720,0,0,0,720
03/19/2003,TPA,FL,ASO,ES,Combined TRACON& Tower with Radar,412,172,96,2,682,2,0,69,0,71,414,172,165,2,753,0,0,0,753
03/20/2003,TPA,FL,ASO,ES,Combined TRACON& Tower with Radar,427,150,101,0,678,2,2,50,0,54,429,152,151,0,732,0,0,0,732
03/21/2003,TPA,FL,ASO,ES,Combined TRACON& Tower with Radar,430,160,98,0,688,2,0,25,0,27,432,160,123,0,715,0,0,0,715
03/22/2003,TPA,FL,ASO,ES,Combined TRACON& Tower with Radar,429,135,45,0,609,2,0,34,0,36,431,135,79,0,645,0,0,0,645
03/23/2003,TPA,FL,ASO,ES,Combined TRACON& Tower with Radar,406,115,59,0,580,2,0,2,0,4,408,115,61,0,584,0,0,0,584
03/24/2003,TPA,FL,ASO,ES,Combined TRACON& Tower with Radar,426,133,73,3,635,2,2,49,0,53,428,135,122,3,688,0,0,0,688
03/25/2003,TPA,FL,ASO,ES,Combined TRACON& Tower with Radar,418,144,74,0,636,2,4,54,0,60,420,148,128,0,696,0,0,0,696
03/26/2003,TPA,FL,ASO,ES,Combined TRACON& Tower with Radar,424,171,88,0,683,2,0,49,2,53,426,171,137,2,736,0,0,0,736
03/27/2003,TPA,FL,ASO,ES,Combined TRACON& Tower with Radar,430,149,85,0,664,2,1,22,0,25,432,150,107,0,689,0,0,0,689
03/28/2003,TPA,FL,ASO,ES,Combined TRACON& Tower with Radar,437,156,86,1,680,0,0,35,1,36,437,156,121,2,716,0,0,0,716
03/29/2003,TPA,FL,ASO,ES,Combined TRACON& Tower with Radar,419,124,43,2,588,2,2,26,1,31,421,126,69,3,619,0,0,0,619
03/30/2003,TPA,FL,ASO,ES,Combined TRACON& Tower with Radar,404,105,57,1,567,2,0,15,0,17,406,105,72,1,584,0,0,0,584
03/31/2003,TPA,FL,ASO,ES,Combined TRACON& Tower with Radar,424,139,74,0,637,2,2,45,1,50,426,141,119,1,687,0,0,0,687
04/01/2003,TPA,FL,ASO,ES,Combined TRACON& Tower with Radar,416,139,67,1,623,12,25,65,0,102,428,164,132,1,725,0,0,0,725
04/02/2003,TPA,FL,ASO,ES,Combined TRACON& Tower with Radar,415,141,69,1,626,0,2,73,1,76,415,143,142,2,702,0,0,0,702
04/03/2003,TPA,FL,ASO,ES,Combined TRACON& Tower with Radar,428,140,77,1,646,0,0,62,4,66,428,140,139,5,712,0,0,0,712
04/04/2003,TPA,FL,ASO,ES,Combined TRACON& Tower with Radar,415,156,81,1,653,0,0,74,1,75,415,156,155,2,728,0,0,0,728
04/05/2003,TPA,FL,ASO,ES,Combined TRACON& Tower with Radar,424,119,70,1,614,0,0,58,1,59,424,119,128,2,673,0,0,0,673
04/06/2003,TPA,FL,ASO,ES,Combined TRACON& Tower with Radar,384,110,73,0,567,0,0,43,0,43,384,110,116,0,610,0,0,0,610
04/07/2003,TPA,FL,ASO,ES,Combined TRACON& Tower with Radar,401,132,68,1,602,0,0,31,1,32,401,132,99,2,634,0,0,0,634
04/08/2003,TPA,FL,ASO,ES,Combined TRACON& Tower with Radar,397,139,74,0,610,2,8,42,0,52,399,147,116,0,662,0,0,0,662
04/09/2003,TPA,FL,ASO,ES,Combined TRACON& Tower with Radar,396,138,68,0,602,0,14,50,0,64,396,152,118,0,666,0,0,0,666
04/10/2003,TPA,FL,ASO,ES,Combined TRACON& Tower with Radar,421,170,75,3,669,2,3,37,1,43,423,173,112,4,712,0,0,0,712
04/11/2003,TPA,FL,ASO,ES,Combined TRACON& Tower with Radar,413,149,73,0,635,0,2,48,0,50,413,151,121,0,685,0,0,0,685
04/12/2003,TPA,FL,ASO,ES,Combined TRACON& Tower with Radar,370,123,61,1,555,36,4,16,1,57,406,127,77,2,612,0,0,0,612
04/13/2003,TPA,FL,ASO,ES,Combined TRACON& Tower with Radar,363,111,60,0,534,36,0,3,0,39,399,111,63,0,573,0,0,0,573
04/14/2003,TPA,FL,ASO,ES,Combined TRACON& Tower with Radar,404,125,70,1,600,2,4,35,2,43,406,129,105,3,643,0,0,0,643
04/15/2003,TPA,FL,ASO,ES,Combined TRACON& Tower with Radar,405,136,67,0,608,0,4,58,0,62,405,140,125,0,670,0,0,0,670
04/16/2003,TPA,FL,ASO,ES,Combined TRACON& Tower with Radar,391,130,64,1,586,15,25,68,0,108,406,155,132,1,694,0,0,0,694
04/17/2003,TPA,FL,ASO,ES,Combined TRACON& Tower with Radar,413,151,74,0,638,0,11,79,0,90,413,162,153,0,728,0,0,0,728
04/18/2003,TPA,FL,ASO,ES,Combined TRACON& Tower with Radar,411,145,70,2,628,2,2,63,0,67,413,147,133,2,695,0,0,0,695
04/19/2003,TPA,FL,ASO,ES,Combined TRACON& Tower with Radar,349,110,57,1,517,59,0,1,1,61,408,110,58,2,578,0,0,0,578
04/20/2003,TPA,FL,ASO,ES,Combined TRACON& Tower with Radar,318,100,37,1,456,72,0,0,0,72,390,100,37,1,528,0,0,0,528
04/21/2003,TPA,FL,ASO,ES,Combined TRACON& Tower with Radar,405,138,67,1,611,0,0,36,3,39,405,138,103,4,650,0,0,0,650
04/22/2003,TPA,FL,ASO,ES,Combined TRACON& Tower with Radar,411,142,69,0,622,0,15,48,0,63,411,157,117,0,685,0,0,0,685
04/23/2003,TPA,FL,ASO,ES,Combined TRACON& Tower with Radar,398,132,64,0,594,6,31,51,0,88,404,163,115,0,682,40,0,40,722
04/24/2003,TPA,FL,ASO,ES,Combined TRACON& Tower with Radar,408,136,66,0,610,3,20,60,0,83,411,156,126,0,693,0,0,0,693
04/25/2003,TPA,FL,ASO,ES,Combined TRACON& Tower with Radar,370,123,59,0,552,41,8,31,2,82,411,131,90,2,634,0,0,0,634
04/26/2003,TPA,FL,ASO,ES,Combined TRACON& Tower with Radar,383,104,61,0,548,17,0,0,0,17,400,104,61,0,565,0,0,0,565
04/27/2003,TPA,FL,ASO,ES,Combined TRACON& Tower with Radar,393,117,63,0,573,6,0,27,0,33,399,117,90,0,606,0,0,0,606
04/28/2003,TPA,FL,ASO,ES,Combined TRACON& Tower with Radar,383,127,62,0,572,28,9,49,2,88,411,136,111,2,660,0,0,0,660
04/29/2003,TPA,FL,ASO,ES,Combined TRACON& Tower with Radar,398,143,69,0,610,0,8,65,3,76,398,151,134,3,686,0,0,0,686
04/30/2003,TPA,FL,ASO,ES,Combined TRACON& Tower with Radar,390,133,64,0,587,0,25,78,0,103,390,158,142,0,690,0,0,0,690
05/01/2003,TPA,FL,ASO,ES,Combined TRACON& Tower with Radar,400,142,93,0,635,0,2,30,1,33,400,144,123,1,668,0,0,0,668
05/02/2003,TPA,FL,ASO,ES,Combined TRACON& Tower with Radar,390,155,60,0,605,0,2,61,0,63,390,157,121,0,668,0,0,0,668
05/03/2003,TPA,FL,ASO,ES,Combined TRACON& Tower with Radar,392,111,35,3,541,0,2,28,0,30,392,113,63,3,571,0,0,0,571
05/04/2003,TPA,FL,ASO,ES,Combined TRACON& Tower with Radar,367,105,59,0,531,0,0,34,1,35,367,105,93,1,566,0,0,0,566
05/05/2003,TPA,FL,ASO,ES,Combined TRACON& Tower with Radar,374,138,63,2,577,0,3,59,0,62,374,141,122,2,639,0,0,0,639
05/06/2003,TPA,FL,ASO,ES,Combined TRACON& Tower with Radar,378,154,66,0,598,0,10,53,0,63,378,164,119,0,661,0,0,0,661
05/07/2003,TPA,FL,ASO,ES,Combined TRACON& Tower with Radar,372,159,63,3,597,0,3,60,0,63,372,162,123,3,660,0,0,0,660
05/08/2003,TPA,FL,ASO,ES,Combined TRACON& Tower with Radar,380,167,62,1,610,0,1,80,0,81,380,168,142,1,691,0,0,0,691
05/09/2003,TPA,FL,ASO,ES,Combined TRACON& Tower with Radar,392,153,71,2,618,0,4,75,0,79,392,157,146,2,697,0,0,0,697
05/10/2003,TPA,FL,ASO,ES,Combined TRACON& Tower with Radar,307,110,47,0,464,65,0,33,0,98,372,110,80,0,562,0,0,0,562
05/11/2003,TPA,FL,ASO,ES,Combined TRACON& Tower with Radar,361,111,36,1,509,0,5,27,0,32,361,116,63,1,541,0,0,0,541
05/12/2003,TPA,FL,ASO,ES,Combined TRACON& Tower with Radar,377,123,42,0,542,0,7,42,0,49,377,130,84,0,591,0,0,0,591
05/13/2003,TPA,FL,ASO,ES,Combined TRACON& Tower with Radar,379,157,70,2,608,0,6,68,0,74,379,163,138,2,682,0,0,0,682
05/14/2003,TPA,FL,ASO,ES,Combined TRACON& Tower with Radar,375,160,106,1,642,0,6,62,0,68,375,166,168,1,710,0,0,0,710
05/15/2003,TPA,FL,ASO,ES,Combined TRACON& Tower with Radar,383,145,63,0,591,0,17,64,0,81,383,162,127,0,672,0,0,0,672
05/16/2003,TPA,FL,ASO,ES,Combined TRACON& Tower with Radar,398,136,70,0,604,0,9,57,2,68,398,145,127,2,672,0,0,0,672
05/17/2003,TPA,FL,ASO,ES,Combined TRACON& Tower with Radar,374,103,25,0,502,0,6,35,0,41,374,109,60,0,543,0,0,0,543
05/18/2003,TPA,FL,ASO,ES,Combined TRACON& Tower with Radar,354,106,47,0,507,0,3,24,0,27,354,109,71,0,534,0,0,0,534
05/19/2003,TPA,FL,ASO,ES,Combined TRACON& Tower with Radar,374,137,62,2,575,0,4,36,0,40,374,141,98,2,615,0,0,0,615
05/20/2003,TPA,FL,ASO,ES,Combined TRACON& Tower with Radar,383,148,59,2,592,0,1,43,0,44,383,149,102,2,636,0,0,0,636
05/21/2003,TPA,FL,ASO,ES,Combined TRACON& Tower with Radar,375,149,67,0,591,0,1,51,0,52,375,150,118,0,643,0,0,0,643
05/22/2003,TPA,FL,ASO,ES,Combined TRACON& Tower with Radar,378,158,84,1,621,0,5,58,2,65,378,163,142,3,686,0,0,0,686
05/23/2003,TPA,FL,ASO,ES,Combined TRACON& Tower with Radar,392,157,86,0,635,0,4,31,0,35,392,161,117,0,670,0,0,0,670
05/24/2003,TPA,FL,ASO,ES,Combined TRACON& Tower with Radar,371,101,24,1,497,0,2,40,0,42,371,103,64,1,539,0,0,0,539
05/25/2003,TPA,FL,ASO,ES,Combined TRACON& Tower with Radar,345,97,20,0,462,0,0,38,0,38,345,97,58,0,500,0,0,0,500
05/26/2003,TPA,FL,ASO,ES,Combined TRACON& Tower with Radar,363,124,33,0,520,0,1,28,0,29,363,125,61,0,549,0,0,0,549
05/27/2003,TPA,FL,ASO,ES,Combined TRACON& Tower with Radar,373,132,72,0,577,0,0,77,0,77,373,132,149,0,654,0,0,0,654
05/28/2003,TPA,FL,ASO,ES,Combined TRACON& Tower with Radar,386,157,77,2,622,0,2,66,1,69,386,159,143,3,691,0,0,0,691
05/29/2003,TPA,FL,ASO,ES,Combined TRACON& Tower with Radar,396,152,77,0,625,0,3,51,0,54,396,155,128,0,679,0,0,0,679
05/30/2003,TPA,FL,ASO,ES,Combined TRACON& Tower with Radar,391,148,67,2,608,0,0,60,0,60,391,148,127,2,668,0,0,0,668
05/31/2003,TPA,FL,ASO,ES,Combined TRACON& Tower with Radar,366,101,27,0,494,0,1,25,0,26,366,102,52,0,520,0,0,0,520
06/01/2003,TPA,FL,ASO,ES,Combined TRACON& Tower with Radar,363,101,41,0,505,1,0,37,0,38,364,101,78,0,543,0,0,0,543
06/02/2003,TPA,FL,ASO,ES,Combined TRACON& Tower with Radar,383,128,50,2,563,1,0,69,0,70,384,128,119,2,633,0,0,0,633
06/03/2003,TPA,FL,ASO,ES,Combined TRACON& Tower with Radar,374,149,76,2,601,1,1,52,2,56,375,150,128,4,657,0,0,0,657
06/04/2003,TPA,FL,ASO,ES,Combined TRACON& Tower with Radar,385,156,58,0,599,1,2,65,0,68,386,158,123,0,667,0,0,0,667
06/05/2003,TPA,FL,ASO,ES,Combined TRACON& Tower with Radar,392,155,62,0,609,1,1,29,0,31,393,156,91,0,640,0,0,0,640
06/06/2003,TPA,FL,ASO,ES,Combined TRACON& Tower with Radar,385,141,70,0,596,1,4,54,0,59,386,145,124,0,655,0,0,0,655
06/07/2003,TPA,FL,ASO,ES,Combined TRACON& Tower with Radar,367,105,27,1,500,1,2,28,0,31,368,107,55,1,531,0,0,0,531
06/08/2003,TPA,FL,ASO,ES,Combined TRACON& Tower with Radar,363,88,52,0,503,1,0,2,7,10,364,88,54,7,513,0,0,0,513
06/09/2003,TPA,FL,ASO,ES,Combined TRACON& Tower with Radar,398,132,57,3,590,1,2,32,0,35,399,134,89,3,625,0,0,0,625
06/10/2003,TPA,FL,ASO,ES,Combined TRACON& Tower with Radar,381,146,63,1,591,1,1,63,4,69,382,147,126,5,660,0,0,0,660
06/11/2003,TPA,FL,ASO,ES,Combined TRACON& Tower with Radar,382,143,65,2,592,1,2,48,0,51,383,145,113,2,643,0,0,0,643
06/12/2003,TPA,FL,ASO,ES,Combined TRACON& Tower with Radar,381,160,85,0,626,1,1,52,0,54,382,161,137,0,680,0,0,0,680
06/13/2003,TPA,FL,ASO,ES,Combined TRACON& Tower with Radar,393,151,53,5,602,1,1,51,0,53,394,152,104,5,655,0,0,0,655
06/14/2003,TPA,FL,ASO,ES,Combined TRACON& Tower with Radar,374,111,33,0,518,1,0,18,1,20,375,111,51,1,538,0,0,0,538
06/15/2003,TPA,FL,ASO,ES,Combined TRACON& Tower with Radar,387,107,28,0,522,0,1,17,0,18,387,108,45,0,540,0,0,0,540
06/16/2003,TPA,FL,ASO,ES,Combined TRACON& Tower with Radar,377,132,54,0,563,0,0,34,0,34,377,132,88,0,597,0,0,0,597
06/17/2003,TPA,FL,ASO,ES,Combined TRACON& Tower with Radar,389,162,54,0,605,0,1,66,0,67,389,163,120,0,672,0,0,0,672
06/18/2003,TPA,FL,ASO,ES,Combined TRACON& Tower with Radar,384,133,55,0,572,1,23,21,0,45,385,156,76,0,617,25,0,25,642
06/19/2003,TPA,FL,ASO,ES,Combined TRACON& Tower with Radar,399,155,76,1,631,0,4,25,1,30,399,159,101,2,661,0,0,0,661
06/20/2003,TPA,FL,ASO,ES,Combined TRACON& Tower with Radar,395,155,60,0,610,0,5,18,0,23,395,160,78,0,633,0,0,0,633
06/21/2003,TPA,FL,ASO,ES,Combined TRACON& Tower with Radar,381,104,36,1,522,0,0,14,0,14,381,104,50,1,536,0,0,0,536
06/22/2003,TPA,FL,ASO,ES,Combined TRACON& Tower with Radar,376,91,40,1,508,0,0,11,0,11,376,91,51,1,519,0,0,0,519
06/23/2003,TPA,FL,ASO,ES,Combined TRACON& Tower with Radar,385,141,54,0,580,0,0,34,0,34,385,141,88,0,614,57,0,57,671
06/24/2003,TPA,FL,ASO,ES,Combined TRACON& Tower with Radar,388,141,72,0,601,0,1,64,0,65,388,142,136,0,666,96,0,96,762
06/25/2003,TPA,FL,ASO,ES,Combined TRACON& Tower with Radar,386,139,57,0,582,0,13,56,0,69,386,152,113,0,651,0,0,0,651
06/26/2003,TPA,FL,ASO,ES,Combined TRACON& Tower with Radar,395,159,78,2,634,0,1,66,0,67,395,160,144,2,701,0,0,0,701
06/27/2003,TPA,FL,ASO,ES,Combined TRACON& Tower with Radar,395,149,72,0,616,0,1,55,0,56,395,150,127,0,672,0,0,0,672
06/28/2003,TPA,FL,ASO,ES,Combined TRACON& Tower with Radar,369,113,18,0,500,0,1,27,0,28,369,114,45,0,528,0,0,0,528
06/29/2003,TPA,FL,ASO,ES,Combined TRACON& Tower with Radar,379,90,23,1,493,0,0,20,0,20,379,90,43,1,513,0,0,0,513
06/30/2003,TPA,FL,ASO,ES,Combined TRACON& Tower with Radar,389,123,54,3,569,0,0,47,0,47,389,123,101,3,616,0,0,0,616
07/01/2003,TPA,FL,ASO,ES,Combined TRACON& Tower with Radar,390,145,61,0,596,0,6,51,1,58,390,151,112,1,654,0,0,0,654
07/02/2003,TPA,FL,ASO,ES,Combined TRACON& Tower with Radar,386,153,32,0,571,0,2,45,0,47,386,155,77,0,618,0,0,0,618
07/03/2003,TPA,FL,ASO,ES,Combined TRACON& Tower with Radar,404,149,51,0,604,0,1,73,0,74,404,150,124,0,678,0,0,0,678
07/04/2003,TPA,FL,ASO,ES,Combined TRACON& Tower with Radar,341,114,17,0,472,0,1,24,0,25,341,115,41,0,497,0,0,0,497
07/05/2003,TPA,FL,ASO,ES,Combined TRACON& Tower with Radar,335,84,19,0,438,0,1,21,0,22,335,85,40,0,460,0,0,0,460
07/06/2003,TPA,FL,ASO,ES,Combined TRACON& Tower with Radar,365,106,42,0,513,0,0,16,1,17,365,106,58,1,530,0,0,0,530
07/07/2003,TPA,FL,ASO,ES,Combined TRACON& Tower with Radar,388,135,51,0,574,0,0,40,0,40,388,135,91,0,614,0,0,0,614
07/08/2003,TPA,FL,ASO,ES,Combined TRACON& Tower with Radar,394,150,65,1,610,0,1,52,0,53,394,151,117,1,663,0,0,0,663
07/09/2003,TPA,FL,ASO,ES,Combined TRACON& Tower with Radar,381,134,55,0,570,5,11,49,0,65,386,145,104,0,635,0,0,0,635
07/10/2003,TPA,FL,ASO,ES,Combined TRACON& Tower with Radar,393,157,75,0,625,0,6,61,2,69,393,163,136,2,694,0,0,0,694
07/11/2003,TPA,FL,ASO,ES,Combined TRACON& Tower with Radar,391,150,66,2,609,0,0,60,1,61,391,150,126,3,670,0,0,0,670
07/12/2003,TPA,FL,ASO,ES,Combined TRACON& Tower with Radar,386,108,36,2,532,0,1,16,2,19,386,109,52,4,551,0,0,0,551
07/13/2003,TPA,FL,ASO,ES,Combined TRACON& Tower with Radar,369,98,32,0,499,0,0,22,0,22,369,98,54,0,521,12,0,12,533
07/14/2003,TPA,FL,ASO,ES,Combined TRACON& Tower with Radar,372,131,54,0,557,15,2,37,2,56,387,133,91,2,613,0,0,0,613
07/15/2003,TPA,FL,ASO,ES,Combined TRACON& Tower with Radar,397,152,81,0,630,0,2,52,0,54,397,154,133,0,684,4,0,4,688
07/16/2003,TPA,FL,ASO,ES,Combined TRACON& Tower with Radar,384,161,87,0,632,0,2,62,0,64,384,163,149,0,696,0,0,0,696
07/17/2003,TPA,FL,ASO,ES,Combined TRACON& Tower with Radar,400,157,66,0,623,0,0,65,0,65,400,157,131,0,688,0,0,0,688
07/18/2003,TPA,FL,ASO,ES,Combined TRACON& Tower with Radar,391,152,48,1,592,0,5,40,0,45,391,157,88,1,637,0,0,0,637
07/19/2003,TPA,FL,ASO,ES,Combined TRACON& Tower with Radar,396,108,27,1,532,0,3,30,0,33,396,111,57,1,565,0,0,0,565
07/20/2003,TPA,FL,ASO,ES,Combined TRACON& Tower with Radar,346,92,50,0,488,30,0,25,0,55,376,92,75,0,543,0,0,0,543
07/21/2003,TPA,FL,ASO,ES,Combined TRACON& Tower with Radar,381,141,72,1,595,0,2,45,0,47,381,143,117,1,642,0,0,0,642
07/22/2003,TPA,FL,ASO,ES,Combined TRACON& Tower with Radar,374,136,56,0,566,0,16,53,0,69,374,152,109,0,635,0,0,0,635
07/23/2003,TPA,FL,ASO,ES,Combined TRACON& Tower with Radar,404,158,77,2,641,0,1,52,0,53,404,159,129,2,694,0,0,0,694
07/24/2003,TPA,FL,ASO,ES,Combined TRACON& Tower with Radar,396,166,80,0,642,0,0,58,0,58,396,166,138,0,700,0,0,0,700
07/25/2003,TPA,FL,ASO,ES,Combined TRACON& Tower with Radar,401,149,59,7,616,0,4,51,0,55,401,153,110,7,671,0,0,0,671
07/26/2003,TPA,FL,ASO,ES,Combined TRACON& Tower with Radar,379,112,41,0,532,0,1,19,0,20,379,113,60,0,552,0,0,0,552
07/27/2003,TPA,FL,ASO,ES,Combined TRACON& Tower with Radar,374,91,33,1,499,0,0,29,0,29,374,91,62,1,528,0,0,0,528
07/28/2003,TPA,FL,ASO,ES,Combined TRACON& Tower with Radar,392,138,57,0,587,0,2,44,1,47,392,140,101,1,634,0,0,0,634
07/29/2003,TPA,FL,ASO,ES,Combined TRACON& Tower with Radar,389,146,55,2,592,0,2,60,1,63,389,148,115,3,655,0,0,0,655
07/30/2003,TPA,FL,ASO,ES,Combined TRACON& Tower with Radar,398,156,87,0,641,0,3,49,0,52,398,159,136,0,693,0,0,0,693
07/31/2003,TPA,FL,ASO,ES,Combined TRACON& Tower with Radar,390,152,86,2,630,0,3,40,0,43,390,155,126,2,673,0,0,0,673
08/01/2003,TPA,FL,ASO,ES,Combined TRACON& Tower with Radar,395,155,51,1,602,1,1,48,0,50,396,156,99,1,652,0,0,0,652
08/02/2003,TPA,FL,ASO,ES,Combined TRACON& Tower with Radar,380,103,38,3,524,1,2,40,0,43,381,105,78,3,567,0,0,0,567
08/03/2003,TPA,FL,ASO,ES,Combined TRACON& Tower with Radar,363,97,35,0,495,1,0,20,0,21,364,97,55,0,516,0,0,0,516
08/04/2003,TPA,FL,ASO,ES,Combined TRACON& Tower with Radar,375,145,35,2,557,1,0,35,0,36,376,145,70,2,593,0,0,0,593
08/05/2003,TPA,FL,ASO,ES,Combined TRACON& Tower with Radar,386,153,70,0,609,2,4,63,0,69,388,157,133,0,678,0,0,0,678
08/06/2003,TPA,FL,ASO,ES,Combined TRACON& Tower with Radar,383,153,59,1,596,0,11,69,1,81,383,164,128,2,677,0,0,0,677
08/07/2003,TPA,FL,ASO,ES,Combined TRACON& Tower with Radar,393,164,68,0,625,0,0,47,1,48,393,164,115,1,673,0,0,0,673
08/08/2003,TPA,FL,ASO,ES,Combined TRACON& Tower with Radar,388,150,55,0,593,0,0,31,0,31,388,150,86,0,624,0,0,0,624
08/09/2003,TPA,FL,ASO,ES,Combined TRACON& Tower with Radar,375,103,26,0,504,0,1,19,1,21,375,104,45,1,525,0,0,0,525
08/10/2003,TPA,FL,ASO,ES,Combined TRACON& Tower with Radar,356,98,50,0,504,10,0,7,0,17,366,98,57,0,521,0,0,0,521
08/11/2003,TPA,FL,ASO,ES,Combined TRACON& Tower with Radar,377,135,57,2,571,0,1,42,0,43,377,136,99,2,614,0,0,0,614
08/12/2003,TPA,FL,ASO,ES,Combined TRACON& Tower with Radar,381,138,53,0,572,19,3,57,0,79,400,141,110,0,651,0,0,0,651
08/13/2003,TPA,FL,ASO,ES,Combined TRACON& Tower with Radar,382,151,66,0,599,0,4,64,0,68,382,155,130,0,667,16,0,16,683
08/14/2003,TPA,FL,ASO,ES,Combined TRACON& Tower with Radar,379,162,63,1,605,0,1,45,0,46,379,163,108,1,651,0,0,0,651
08/15/2003,TPA,FL,ASO,ES,Combined TRACON& Tower with Radar,373,156,55,4,588,0,3,45,2,50,373,159,100,6,638,0,0,0,638
08/16/2003,TPA,FL,ASO,ES,Combined TRACON& Tower with Radar,359,106,31,1,497,0,1,29,0,30,359,107,60,1,527,0,0,0,527
08/17/2003,TPA,FL,ASO,ES,Combined TRACON& Tower with Radar,382,105,44,3,534,0,1,47,0,48,382,106,91,3,582,0,0,0,582
08/18/2003,TPA,FL,ASO,ES,Combined TRACON& Tower with Radar,372,135,53,0,560,10,0,42,0,52,382,135,95,0,612,0,0,0,612
08/19/2003,TPA,FL,ASO,ES,Combined TRACON& Tower with Radar,388,155,78,0,621,0,3,44,0,47,388,158,122,0,668,0,0,0,668
08/20/2003,TPA,FL,ASO,ES,Combined TRACON& Tower with Radar,379,154,73,0,606,0,0,66,0,66,379,154,139,0,672,0,0,0,672
08/21/2003,TPA,FL,ASO,ES,Combined TRACON& Tower with Radar,386,152,80,0,618,0,2,62,0,64,386,154,142,0,682,0,0,0,682
08/22/2003,TPA,FL,ASO,ES,Combined TRACON& Tower with Radar,390,155,52,0,597,0,1,51,0,52,390,156,103,0,649,0,0,0,649
08/23/2003,TPA,FL,ASO,ES,Combined TRACON& Tower with Radar,387,112,37,0,536,0,1,36,0,37,387,113,73,0,573,0,0,0,573
08/24/2003,TPA,FL,ASO,ES,Combined TRACON& Tower with Radar,369,98,43,0,510,0,0,29,0,29,369,98,72,0,539,0,0,0,539
08/25/2003,TPA,FL,ASO,ES,Combined TRACON& Tower with Radar,383,137,60,0,580,0,1,40,0,41,383,138,100,0,621,12,0,12,633
08/26/2003,TPA,FL,ASO,ES,Combined TRACON& Tower with Radar,372,141,55,0,568,0,16,48,4,68,372,157,103,4,636,0,0,0,636
08/27/2003,TPA,FL,ASO,ES,Combined TRACON& Tower with Radar,383,166,73,1,623,0,0,57,0,57,383,166,130,1,680,4,0,4,684
08/28/2003,TPA,FL,ASO,ES,Combined TRACON& Tower with Radar,392,163,71,1,627,1,3,63,0,67,393,166,134,1,694,0,0,0,694
08/29/2003,TPA,FL,ASO,ES,Combined TRACON& Tower with Radar,387,165,68,0,620,0,0,60,0,60,387,165,128,0,680,0,0,0,680
08/30/2003,TPA,FL,ASO,ES,Combined TRACON& Tower with Radar,370,114,34,2,520,0,3,33,2,38,370,117,67,4,558,0,0,0,558
08/31/2003,TPA,FL,ASO,ES,Combined TRACON& Tower with Radar,332,90,25,0,447,0,0,11,0,11,332,90,36,0,458,0,0,0,458
09/01/2003,TPA,FL,ASO,ES,Combined TRACON& Tower with Radar,348,114,54,1,517,8,0,17,0,25,356,114,71,1,542,0,0,0,542
09/02/2003,TPA,FL,ASO,ES,Combined TRACON& Tower with Radar,362,144,51,3,560,0,4,38,0,42,362,148,89,3,602,0,0,0,602
09/03/2003,TPA,FL,ASO,ES,Combined TRACON& Tower with Radar,371,160,82,1,614,0,5,38,1,44,371,165,120,2,658,8,0,8,666
09/04/2003,TPA,FL,ASO,ES,Combined TRACON& Tower with Radar,369,149,49,0,567,0,6,34,0,40,369,155,83,0,607,0,0,0,607
09/05/2003,TPA,FL,ASO,ES,Combined TRACON& Tower with Radar,389,141,53,1,584,0,4,31,0,35,389,145,84,1,619,0,0,0,619
09/06/2003,TPA,FL,ASO,ES,Combined TRACON& Tower with Radar,288,105,44,0,437,70,0,1,0,71,358,105,45,0,508,0,0,0,508
09/07/2003,TPA,FL,ASO,ES,Combined TRACON& Tower with Radar,340,108,52,0,500,15,0,16,0,31,355,108,68,0,531,0,0,0,531
09/08/2003,TPA,FL,ASO,ES,Combined TRACON& Tower with Radar,367,137,76,4,584,0,4,69,1,74,367,141,145,5,658,0,0,0,658
09/09/2003,TPA,FL,ASO,ES,Combined TRACON& Tower with Radar,364,170,62,2,598,0,4,73,0,77,364,174,135,2,675,0,0,0,675
09/10/2003,TPA,FL,ASO,ES,Combined TRACON& Tower with Radar,364,166,80,0,610,0,4,50,0,54,364,170,130,0,664,0,0,0,664
09/11/2003,TPA,FL,ASO,ES,Combined TRACON& Tower with Radar,357,164,52,0,573,0,5,68,0,73,357,169,120,0,646,0,0,0,646
09/12/2003,TPA,FL,ASO,ES,Combined TRACON& Tower with Radar,383,150,44,0,577,0,6,61,0,67,383,156,105,0,644,0,0,0,644
09/13/2003,TPA,FL,ASO,ES,Combined TRACON& Tower with Radar,357,111,36,0,504,0,4,32,0,36,357,115,68,0,540,0,0,0,540
09/14/2003,TPA,FL,ASO,ES,Combined TRACON& Tower with Radar,342,121,52,0,515,5,0,52,0,57,347,121,104,0,572,0,0,0,572
09/15/2003,TPA,FL,ASO,ES,Combined TRACON& Tower with Radar,371,133,54,0,558,0,3,59,0,62,371,136,113,0,620,0,0,0,620
09/16/2003,TPA,FL,ASO,ES,Combined TRACON& Tower with Radar,367,151,69,0,587,0,12,76,0,88,367,163,145,0,675,0,0,0,675
09/17/2003,TPA,FL,ASO,ES,Combined TRACON& Tower with Radar,368,158,80,0,606,0,3,61,0,64,368,161,141,0,670,0,0,0,670
09/18/2003,TPA,FL,ASO,ES,Combined TRACON& Tower with Radar,365,167,71,2,605,0,3,76,1,80,365,170,147,3,685,0,0,0,685
09/19/2003,TPA,FL,ASO,ES,Combined TRACON& Tower with Radar,379,150,60,1,590,0,6,55,2,63,379,156,115,3,653,0,0,0,653
09/20/2003,TPA,FL,ASO,ES,Combined TRACON& Tower with Radar,359,108,36,1,504,0,3,19,0,22,359,111,55,1,526,0,0,0,526
09/21/2003,TPA,FL,ASO,ES,Combined TRACON& Tower with Radar,340,109,52,0,501,12,0,21,1,34,352,109,73,1,535,0,0,0,535
09/22/2003,TPA,FL,ASO,ES,Combined TRACON& Tower with Radar,375,137,46,1,559,0,4,39,0,43,375,141,85,1,602,0,0,0,602
09/23/2003,TPA,FL,ASO,ES,Combined TRACON& Tower with Radar,369,173,78,0,620,0,3,63,0,66,369,176,141,0,686,0,0,0,686
09/24/2003,TPA,FL,ASO,ES,Combined TRACON& Tower with Radar,364,154,83,0,601,0,4,49,0,53,364,158,132,0,654,20,0,20,674
09/25/2003,TPA,FL,ASO,ES,Combined TRACON& Tower with Radar,381,156,111,0,648,0,3,3,0,6,381,159,114,0,654,0,0,0,654
09/26/2003,TPA,FL,ASO,ES,Combined TRACON& Tower with Radar,399,159,66,1,625,0,0,45,6,51,399,159,111,7,676,0,0,0,676
09/27/2003,TPA,FL,ASO,ES,Combined TRACON& Tower with Radar,359,110,24,0,493,0,3,40,0,43,359,113,64,0,536,0,0,0,536
09/28/2003,TPA,FL,ASO,ES,Combined TRACON& Tower with Radar,358,112,44,3,517,0,3,38,0,41,358,115,82,3,558,0,0,0,558
09/29/2003,TPA,FL,ASO,ES,Combined TRACON& Tower with Radar,369,157,64,1,591,0,4,4,0,8,369,161,68,1,599,0,0,0,599
09/30/2003,TPA,FL,ASO,ES,Combined TRACON& Tower with Radar,376,173,80,2,631,0,3,43,0,46,376,176,123,2,677,98,0,98,775
10/01/2003,TPA,FL,ASO,ES,Combined TRACON& Tower with Radar,377,157,69,1,604,0,6,65,5,76,377,163,134,6,680,0,0,0,680
10/02/2003,TPA,FL,ASO,ES,Combined TRACON& Tower with Radar,362,143,63,0,568,19,21,47,0,87,381,164,110,0,655,0,0,0,655
10/03/2003,TPA,FL,ASO,ES,Combined TRACON& Tower with Radar,387,162,71,1,621,0,7,79,1,87,387,169,150,2,708,0,0,0,708
10/04/2003,TPA,FL,ASO,ES,Combined TRACON& Tower with Radar,323,124,56,0,503,45,0,11,0,56,368,124,67,0,559,0,0,0,559
10/05/2003,TPA,FL,ASO,ES,Combined TRACON& Tower with Radar,330,113,57,0,500,35,0,0,0,35,365,113,57,0,535,0,0,0,535
10/06/2003,TPA,FL,ASO,ES,Combined TRACON& Tower with Radar,353,140,61,1,555,25,10,62,0,97,378,150,123,1,652,0,0,0,652
10/07/2003,TPA,FL,ASO,ES,Combined TRACON& Tower with Radar,374,148,65,1,588,6,20,85,1,112,380,168,150,2,700,0,0,0,700
10/08/2003,TPA,FL,ASO,ES,Combined TRACON& Tower with Radar,372,157,69,0,598,0,14,73,0,87,372,171,142,0,685,0,0,0,685
10/09/2003,TPA,FL,ASO,ES,Combined TRACON& Tower with Radar,382,162,71,0,615,0,4,84,0,88,382,166,155,0,703,34,0,34,737
10/10/2003,TPA,FL,ASO,ES,Combined TRACON& Tower with Radar,392,151,70,1,614,0,0,26,0,26,392,151,96,1,640,0,0,0,640
10/11/2003,TPA,FL,ASO,ES,Combined TRACON& Tower with Radar,326,123,56,0,505,50,0,3,0,53,376,123,59,0,558,0,0,0,558
10/12/2003,TPA,FL,ASO,ES,Combined TRACON& Tower with Radar,342,112,59,0,513,27,0,13,0,40,369,112,72,0,553,0,0,0,553
10/13/2003,TPA,FL,ASO,ES,Combined TRACON& Tower with Radar,375,147,65,1,588,1,2,49,0,52,376,149,114,1,640,0,0,0,640
10/14/2003,TPA,FL,ASO,ES,Combined TRACON& Tower with Radar,382,156,71,1,610,0,0,33,4,37,382,156,104,5,647,0,0,0,647
10/15/2003,TPA,FL,ASO,ES,Combined TRACON& Tower with Radar,374,154,69,1,598,0,13,52,1,66,374,167,121,2,664,0,0,0,664
10/16/2003,TPA,FL,ASO,ES,Combined TRACON& Tower with Radar,382,150,67,1,600,3,15,75,3,96,385,165,142,4,696,0,0,0,696
10/17/2003,TPA,FL,ASO,ES,Combined TRACON& Tower with Radar,397,149,70,1,617,0,0,38,7,45,397,149,108,8,662,0,0,0,662
10/18/2003,TPA,FL,ASO,ES,Combined TRACON& Tower with Radar,330,118,58,1,507,43,0,7,4,54,373,118,65,5,561,0,0,0,561
10/19/2003,TPA,FL,ASO,ES,Combined TRACON& Tower with Radar,356,110,63,0,529,5,0,41,0,46,361,110,104,0,575,0,0,0,575
10/20/2003,TPA,FL,ASO,ES,Combined TRACON& Tower with Radar,375,147,66,0,588,10,2,61,0,73,385,149,127,0,661,0,0,0,661
10/21/2003,TPA,FL,ASO,ES,Combined TRACON& Tower with Radar,377,152,68,0,597,0,13,65,0,78,377,165,133,0,675,0,0,0,675
10/22/2003,TPA,FL,ASO,ES,Combined TRACON& Tower with Radar,375,158,71,0,604,0,10,84,0,94,375,168,155,0,698,0,0,0,698
10/23/2003,TPA,FL,ASO,ES,Combined TRACON& Tower with Radar,387,164,74,1,626,0,3,80,2,85,387,167,154,3,711,0,0,0,711
10/24/2003,TPA,FL,ASO,ES,Combined TRACON& Tower with Radar,381,150,78,1,610,0,0,30,0,30,381,150,108,1,640,0,0,0,640
10/25/2003,TPA,FL,ASO,ES,Combined TRACON& Tower with Radar,333,121,59,0,513,43,0,8,0,51,376,121,67,0,564,0,0,0,564
10/26/2003,TPA,FL,ASO,ES,Combined TRACON& Tower with Radar,357,126,67,1,551,0,0,40,1,41,357,126,107,2,592,0,0,0,592
10/27/2003,TPA,FL,ASO,ES,Combined TRACON& Tower with Radar,375,148,65,0,588,3,3,31,0,37,378,151,96,0,625,0,0,0,625
10/28/2003,TPA,FL,ASO,ES,Combined TRACON& Tower with Radar,381,154,68,0,603,0,4,35,0,39,381,158,103,0,642,0,0,0,642
10/29/2003,TPA,FL,ASO,ES,Combined TRACON& Tower with Radar,325,132,58,0,515,0,10,54,0,64,325,142,112,0,579,0,0,0,579
10/30/2003,TPA,FL,ASO,ES,Combined TRACON& Tower with Radar,383,157,69,0,609,0,16,54,0,70,383,173,123,0,679,0,0,0,679
10/31/2003,TPA,FL,ASO,ES,Combined TRACON& Tower with Radar,387,153,67,0,607,10,12,39,4,65,397,165,106,4,672,0,0,0,672
11/01/2003,TPA,FL,ASO,ES,Combined TRACON& Tower with Radar,307,111,53,2,473,72,0,6,1,79,379,111,59,3,552,0,0,0,552
11/02/2003,TPA,FL,ASO,ES,Combined TRACON& Tower with Radar,344,110,58,2,514,43,0,45,5,93,387,110,103,7,607,0,0,0,607
11/03/2003,TPA,FL,ASO,ES,Combined TRACON& Tower with Radar,366,136,62,2,566,18,9,30,1,58,384,145,92,3,624,0,0,0,624
11/04/2003,TPA,FL,ASO,ES,Combined TRACON& Tower with Radar,379,141,64,2,586,10,32,29,1,72,389,173,93,3,658,0,0,0,658
11/05/2003,TPA,FL,ASO,ES,Combined TRACON& Tower with Radar,376,154,70,0,600,0,16,48,0,64,376,170,118,0,664,0,0,0,664
11/06/2003,TPA,FL,ASO,ES,Combined TRACON& Tower with Radar,403,157,72,0,632,0,13,60,0,73,403,170,132,0,705,0,0,0,705
11/07/2003,TPA,FL,ASO,ES,Combined TRACON& Tower with Radar,410,168,78,2,658,0,0,59,2,61,410,168,137,4,719,0,0,0,719
11/08/2003,TPA,FL,ASO,ES,Combined TRACON& Tower with Radar,341,114,58,1,514,46,0,36,0,82,387,114,94,1,596,0,0,0,596
11/09/2003,TPA,FL,ASO,ES,Combined TRACON& Tower with Radar,382,111,68,0,561,0,0,1,0,1,382,111,69,0,562,0,0,0,562
11/10/2003,TPA,FL,ASO,ES,Combined TRACON& Tower with Radar,391,144,73,0,608,0,0,21,0,21,391,144,94,0,629,0,0,0,629
11/11/2003,TPA,FL,ASO,ES,Combined TRACON& Tower with Radar,385,143,65,0,593,3,15,39,0,57,388,158,104,0,650,0,0,0,650
11/12/2003,TPA,FL,ASO,ES,Combined TRACON& Tower with Radar,373,151,69,1,594,0,10,92,0,102,373,161,161,1,696,0,0,0,696
11/13/2003,TPA,FL,ASO,ES,Combined TRACON& Tower with Radar,404,154,71,1,630,0,12,65,1,78,404,166,136,2,708,0,0,0,708
11/14/2003,TPA,FL,ASO,ES,Combined TRACON& Tower with Radar,403,161,74,1,639,0,10,77,7,94,403,171,151,8,733,0,0,0,733
11/15/2003,TPA,FL,ASO,ES,Combined TRACON& Tower with Radar,328,115,56,0,499,65,0,8,0,73,393,115,64,0,572,0,0,0,572
11/16/2003,TPA,FL,ASO,ES,Combined TRACON& Tower with Radar,376,120,65,1,562,0,0,46,3,49,376,120,111,4,611,0,0,0,611
11/17/2003,TPA,FL,ASO,ES,Combined TRACON& Tower with Radar,390,145,68,0,603,0,4,61,0,65,390,149,129,0,668,0,0,0,668
11/18/2003,TPA,FL,ASO,ES,Combined TRACON& Tower with Radar,374,138,64,0,576,16,25,38,0,79,390,163,102,0,655,0,0,0,655
11/19/2003,TPA,FL,ASO,ES,Combined TRACON& Tower with Radar,377,146,68,1,592,0,38,63,1,102,377,184,131,2,694,0,0,0,694
11/20/2003,TPA,FL,ASO,ES,Combined TRACON& Tower with Radar,399,155,72,1,627,0,13,88,2,103,399,168,160,3,730,0,0,0,730
11/21/2003,TPA,FL,ASO,ES,Combined TRACON& Tower with Radar,403,154,72,1,630,0,16,81,0,97,403,170,153,1,727,0,0,0,727
11/22/2003,TPA,FL,ASO,ES,Combined TRACON& Tower with Radar,330,121,57,1,509,63,1,3,1,68,393,122,60,2,577,0,0,0,577
11/23/2003,TPA,FL,ASO,ES,Combined TRACON& Tower with Radar,364,120,62,1,547,22,0,52,1,75,386,120,114,2,622,0,0,0,622
11/24/2003,TPA,FL,ASO,ES,Combined TRACON& Tower with Radar,369,136,63,0,568,18,20,38,0,76,387,156,101,0,644,0,0,0,644
11/25/2003,TPA,FL,ASO,ES,Combined TRACON& Tower with Radar,401,176,90,0,667,0,0,53,0,53,401,176,143,0,720,0,0,0,720
11/26/2003,TPA,FL,ASO,ES,Combined TRACON& Tower with Radar,392,172,81,1,646,0,0,16,1,17,392,172,97,2,663,0,0,0,663
11/27/2003,TPA,FL,ASO,ES,Combined TRACON& Tower with Radar,262,96,45,0,403,83,25,2,0,110,345,121,47,0,513,0,0,0,513
11/28/2003,TPA,FL,ASO,ES,Combined TRACON& Tower with Radar,290,107,50,0,447,55,8,12,3,78,345,115,62,3,525,0,0,0,525
11/29/2003,TPA,FL,ASO,ES,Combined TRACON& Tower with Radar,350,116,60,0,526,42,0,19,0,61,392,116,79,0,587,0,0,0,587
11/30/2003,TPA,FL,ASO,ES,Combined TRACON& Tower with Radar,379,122,79,0,580,0,0,34,0,34,379,122,113,0,614,0,0,0,614
12/01/2003,TPA,FL,ASO,ES,Combined TRACON& Tower with Radar,396,138,62,1,597,4,0,54,2,60,400,138,116,3,657,0,0,0,657
12/02/2003,TPA,FL,ASO,ES,Combined TRACON& Tower with Radar,402,157,66,1,626,0,15,74,3,92,402,172,140,4,718,0,0,0,718
12/03/2003,TPA,FL,ASO,ES,Combined TRACON& Tower with Radar,399,157,66,0,622,0,16,78,0,94,399,173,144,0,716,0,0,0,716
12/04/2003,TPA,FL,ASO,ES,Combined TRACON& Tower with Radar,392,161,67,0,620,0,16,77,0,93,392,177,144,0,713,0,0,0,713
12/05/2003,TPA,FL,ASO,ES,Combined TRACON& Tower with Radar,379,166,76,2,623,0,0,59,0,59,379,166,135,2,682,0,0,0,682
12/06/2003,TPA,FL,ASO,ES,Combined TRACON& Tower with Radar,337,112,53,1,503,30,0,35,6,71,367,112,88,7,574,0,0,0,574
12/07/2003,TPA,FL,ASO,ES,Combined TRACON& Tower with Radar,348,119,54,0,521,34,0,28,0,62,382,119,82,0,583,0,0,0,583
12/08/2003,TPA,FL,ASO,ES,Combined TRACON& Tower with Radar,388,152,64,1,605,0,9,65,1,75,388,161,129,2,680,0,0,0,680
12/09/2003,TPA,FL,ASO,ES,Combined TRACON& Tower with Radar,388,156,65,1,610,0,20,50,0,70,388,176,115,1,680,0,0,0,680
12/10/2003,TPA,FL,ASO,ES,Combined TRACON& Tower with Radar,388,165,69,1,623,0,14,77,0,91,388,179,146,1,714,0,0,0,714
12/11/2003,TPA,FL,ASO,ES,Combined TRACON& Tower with Radar,403,157,69,1,630,0,0,108,0,108,403,157,177,1,738,0,0,0,738
12/12/2003,TPA,FL,ASO,ES,Combined TRACON& Tower with Radar,400,171,72,1,644,0,1,70,2,73,400,172,142,3,717,0,0,0,717
12/13/2003,TPA,FL,ASO,ES,Combined TRACON& Tower with Radar,348,119,54,0,521,39,0,5,0,44,387,119,59,0,565,0,0,0,565
12/14/2003,TPA,FL,ASO,ES,Combined TRACON& Tower with Radar,327,110,52,0,489,47,0,12,0,59,374,110,64,0,548,0,0,0,548
12/15/2003,TPA,FL,ASO,ES,Combined TRACON& Tower with Radar,394,147,62,1,604,1,10,68,0,79,395,157,130,1,683,0,0,0,683
12/16/2003,TPA,FL,ASO,ES,Combined TRACON& Tower with Radar,398,153,67,1,619,0,0,66,5,71,398,153,133,6,690,0,0,0,690
12/17/2003,TPA,FL,ASO,ES,Combined TRACON& Tower with Radar,408,152,65,0,625,0,22,37,0,59,408,174,102,0,684,0,0,0,684
12/18/2003,TPA,FL,ASO,ES,Combined TRACON& Tower with Radar,439,167,71,1,678,0,2,73,3,78,439,169,144,4,756,0,0,0,756
12/19/2003,TPA,FL,ASO,ES,Combined TRACON& Tower with Radar,429,164,70,1,664,0,16,41,1,58,429,180,111,2,722,0,0,0,722
12/20/2003,TPA,FL,ASO,ES,Combined TRACON& Tower with Radar,377,140,60,1,578,39,4,39,0,82,416,144,99,1,660,0,0,0,660
12/21/2003,TPA,FL,ASO,ES,Combined TRACON& Tower with Radar,356,114,56,1,527,57,0,10,1,68,413,114,66,2,595,0,0,0,595
12/22/2003,TPA,FL,ASO,ES,Combined TRACON& Tower with Radar,380,141,60,1,582,34,4,47,1,86,414,145,107,2,668,0,0,0,668
12/23/2003,TPA,FL,ASO,ES,Combined TRACON& Tower with Radar,426,158,67,1,652,1,19,41,0,61,427,177,108,1,713,0,0,0,713
12/24/2003,TPA,FL,ASO,ES,Combined TRACON& Tower with Radar,344,128,55,1,528,77,27,16,0,120,421,155,71,1,648,0,0,0,648
12/25/2003,TPA,FL,ASO,ES,Combined TRACON& Tower with Radar,286,106,36,0,428,90,14,0,0,104,376,120,36,0,532,0,0,0,532
12/26/2003,TPA,FL,ASO,ES,Combined TRACON& Tower with Radar,418,162,71,0,651,0,0,30,0,30,418,162,101,0,681,0,0,0,681
12/27/2003,TPA,FL,ASO,ES,Combined TRACON& Tower with Radar,418,129,68,0,615,0,0,28,1,29,418,129,96,1,644,0,0,0,644
12/28/2003,TPA,FL,ASO,ES,Combined TRACON& Tower with Radar,399,126,63,0,588,12,0,9,0,21,411,126,72,0,609,0,0,0,609
12/29/2003,TPA,FL,ASO,ES,Combined TRACON& Tower with Radar,414,153,66,0,633,7,0,46,0,53,421,153,112,0,686,0,0,0,686
12/30/2003,TPA,FL,ASO,ES,Combined TRACON& Tower with Radar,436,170,71,0,677,0,1,35,0,36,436,171,106,0,713,0,0,0,713
12/31/2003,TPA,FL,ASO,ES,Combined TRACON& Tower with Radar,405,151,63,0,619,17,2,18,0,37,422,153,81,0,656,0,0,0,656
01/01/2004,TPA,FL,ASO,ES,Combined TRACON& Tower with Radar,327,120,52,0,499,60,0,31,0,91,387,120,83,0,590,0,0,0,590
01/02/2004,TPA,FL,ASO,ES,Combined TRACON& Tower with Radar,395,149,63,0,607,35,6,42,0,83,430,155,105,0,690,0,0,0,690
01/03/2004,TPA,FL,ASO,ES,Combined TRACON& Tower with Radar,395,131,63,1,590,16,0,12,0,28,411,131,75,1,618,0,0,0,618
01/04/2004,TPA,FL,ASO,ES,Combined TRACON& Tower with Radar,382,115,61,0,558,17,0,34,0,51,399,115,95,0,609,0,0,0,609
01/05/2004,TPA,FL,ASO,ES,Combined TRACON& Tower with Radar,350,132,56,0,538,53,21,27,0,101,403,153,83,0,639,0,0,0,639
01/06/2004,TPA,FL,ASO,ES,Combined TRACON& Tower with Radar,409,155,66,0,630,0,11,55,2,68,409,166,121,2,698,0,0,0,698
01/07/2004,TPA,FL,ASO,ES,Combined TRACON& Tower with Radar,382,149,63,0,594,0,20,81,0,101,382,169,144,0,695,0,0,0,695
01/08/2004,TPA,FL,ASO,ES,Combined TRACON& Tower with Radar,406,153,65,0,624,0,25,91,0,116,406,178,156,0,740,0,0,0,740
01/09/2004,TPA,FL,ASO,ES,Combined TRACON& Tower with Radar,407,156,66,0,629,0,9,26,0,35,407,165,92,0,664,0,0,0,664
01/10/2004,TPA,FL,ASO,ES,Combined TRACON& Tower with Radar,387,113,61,0,561,11,0,0,0,11,398,113,61,0,572,0,0,0,572
01/11/2004,TPA,FL,ASO,ES,Combined TRACON& Tower with Radar,355,115,57,0,527,37,0,14,0,51,392,115,71,0,578,0,0,0,578
01/12/2004,TPA,FL,ASO,ES,Combined TRACON& Tower with Radar,380,143,61,0,584,13,5,48,1,67,393,148,109,1,651,0,0,0,651
01/13/2004,TPA,FL,ASO,ES,Combined TRACON& Tower with Radar,396,152,64,0,612,0,19,89,1,109,396,171,153,1,721,0,0,0,721
01/14/2004,TPA,FL,ASO,ES,Combined TRACON& Tower with Radar,387,159,68,0,614,0,17,96,0,113,387,176,164,0,727,0,0,0,727
01/15/2004,TPA,FL,ASO,ES,Combined TRACON& Tower with Radar,411,170,73,0,654,0,5,78,0,83,411,175,151,0,737,0,0,0,737
01/16/2004,TPA,FL,ASO,ES,Combined TRACON& Tower with Radar,413,176,76,0,665,0,11,91,0,102,413,187,167,0,767,0,0,0,767
01/17/2004,TPA,FL,ASO,ES,Combined TRACON& Tower with Radar,356,117,58,0,531,39,0,22,1,62,395,117,80,1,593,0,0,0,593
01/18/2004,TPA,FL,ASO,ES,Combined TRACON& Tower with Radar,321,106,45,0,472,71,0,0,0,71,392,106,45,0,543,0,0,0,543
01/19/2004,TPA,FL,ASO,ES,Combined TRACON& Tower with Radar,399,148,66,0,613,0,0,0,1,1,399,148,66,1,614,0,0,0,614
01/20/2004,TPA,FL,ASO,ES,Combined TRACON& Tower with Radar,398,149,64,0,611,3,10,70,1,84,401,159,134,1,695,0,0,0,695
01/21/2004,TPA,FL,ASO,ES,Combined TRACON& Tower with Radar,392,152,66,0,610,0,25,66,0,91,392,177,132,0,701,0,0,0,701
01/22/2004,TPA,FL,ASO,ES,Combined TRACON& Tower with Radar,401,161,76,0,638,0,0,71,0,71,401,161,147,0,709,0,0,0,709
01/23/2004,TPA,FL,ASO,ES,Combined TRACON& Tower with Radar,414,171,74,0,659,0,8,88,0,96,414,179,162,0,755,0,0,0,755
01/24/2004,TPA,FL,ASO,ES,Combined TRACON& Tower with Radar,367,110,59,0,536,45,0,11,0,56,412,110,70,0,592,0,0,0,592
01/25/2004,TPA,FL,ASO,ES,Combined TRACON& Tower with Radar,360,120,58,0,538,20,0,27,0,47,380,120,85,0,585,0,0,0,585
01/26/2004,TPA,FL,ASO,ES,Combined TRACON& Tower with Radar,361,135,58,0,554,25,11,32,1,69,386,146,90,1,623,0,0,0,623
01/27/2004,TPA,FL,ASO,ES,Combined TRACON& Tower with Radar,391,146,63,0,600,5,27,52,2,86,396,173,115,2,686,0,0,0,686
01/28/2004,TPA,FL,ASO,ES,Combined TRACON& Tower with Radar,395,160,69,0,624,0,27,62,0,89,395,187,131,0,713,0,0,0,713
01/29/2004,TPA,FL,ASO,ES,Combined TRACON& Tower with Radar,400,172,74,0,646,0,5,65,0,70,400,177,139,0,716,0,0,0,716
01/30/2004,TPA,FL,ASO,ES,Combined TRACON& Tower with Radar,416,175,76,0,667,0,2,34,1,37,416,177,110,1,704,0,0,0,704
01/31/2004,TPA,FL,ASO,ES,Combined TRACON& Tower with Radar,401,113,65,0,579,14,0,10,0,24,415,113,75,0,603,0,0,0,603
02/01/2004,TPA,FL,ASO,ES,Combined TRACON& Tower with Radar,353,112,56,0,521,50,0,0,0,50,403,112,56,0,571,0,0,0,571
02/02/2004,TPA,FL,ASO,ES,Combined TRACON& Tower with Radar,367,134,68,0,569,33,13,41,0,87,400,147,109,0,656,0,0,0,656
02/03/2004,TPA,FL,ASO,ES,Combined TRACON& Tower with Radar,409,149,76,0,634,2,24,44,0,70,411,173,120,0,704,0,0,0,704
02/04/2004,TPA,FL,ASO,ES,Combined TRACON& Tower with Radar,399,161,82,0,642,0,27,45,0,72,399,188,127,0,714,0,0,0,714
02/05/2004,TPA,FL,ASO,ES,Combined TRACON& Tower with Radar,408,155,79,0,642,0,31,66,0,97,408,186,145,0,739,0,0,0,739
02/06/2004,TPA,FL,ASO,ES,Combined TRACON& Tower with Radar,385,140,71,1,597,22,36,43,0,101,407,176,114,1,698,0,0,0,698
02/07/2004,TPA,FL,ASO,ES,Combined TRACON& Tower with Radar,393,126,73,2,594,34,0,5,1,40,427,126,78,3,634,0,0,0,634
02/08/2004,TPA,FL,ASO,ES,Combined TRACON& Tower with Radar,377,126,70,2,575,24,0,17,2,43,401,126,87,4,618,0,0,0,618
02/09/2004,TPA,FL,ASO,ES,Combined TRACON& Tower with Radar,387,141,72,2,602,24,5,52,4,85,411,146,124,6,687,0,0,0,687
02/10/2004,TPA,FL,ASO,ES,Combined TRACON& Tower with Radar,381,155,79,2,617,0,6,56,4,66,381,161,135,6,683,0,0,0,683
02/11/2004,TPA,FL,ASO,ES,Combined TRACON& Tower with Radar,412,168,86,3,669,0,0,60,0,60,412,168,146,3,729,0,0,0,729
02/12/2004,TPA,FL,ASO,ES,Combined TRACON& Tower with Radar,422,174,93,1,690,0,0,60,0,60,422,174,153,1,750,0,0,0,750
02/13/2004,TPA,FL,ASO,ES,Combined TRACON& Tower with Radar,465,166,101,0,732,0,0,13,0,13,465,166,114,0,745,0,0,0,745
02/14/2004,TPA,FL,ASO,ES,Combined TRACON& Tower with Radar,351,128,41,1,521,85,0,0,0,85,436,128,41,1,606,0,0,0,606
02/15/2004,TPA,FL,ASO,ES,Combined TRACON& Tower with Radar,390,115,52,1,558,42,0,0,0,42,432,115,52,1,600,0,0,0,600
02/16/2004,TPA,FL,ASO,ES,Combined TRACON& Tower with Radar,425,142,81,3,651,0,0,24,1,25,425,142,105,4,676,0,0,0,676
02/17/2004,TPA,FL,ASO,ES,Combined TRACON& Tower with Radar,433,171,87,3,694,0,1,77,0,78,433,172,164,3,772,0,0,0,772
02/18/2004,TPA,FL,ASO,ES,Combined TRACON& Tower with Radar,448,164,85,2,699,0,28,86,0,114,448,192,171,2,813,0,0,0,813
02/19/2004,TPA,FL,ASO,ES,Combined TRACON& Tower with Radar,438,173,89,2,702,0,8,80,1,89,438,181,169,3,791,0,0,0,791
02/20/2004,TPA,FL,ASO,ES,Combined TRACON& Tower with Radar,436,171,90,2,699,0,0,53,8,61,436,171,143,10,760,0,0,0,760
02/21/2004,TPA,FL,ASO,ES,Combined TRACON& Tower with Radar,382,125,71,1,579,61,0,12,0,73,443,125,83,1,652,0,0,0,652
02/22/2004,TPA,FL,ASO,ES,Combined TRACON& Tower with Radar,417,137,78,1,633,1,0,18,4,23,418,137,96,5,656,0,0,0,656
02/23/2004,TPA,FL,ASO,ES,Combined TRACON& Tower with Radar,390,141,73,1,605,34,8,63,2,107,424,149,136,3,712,0,0,0,712
02/24/2004,TPA,FL,ASO,ES,Combined TRACON& Tower with Radar,395,143,74,1,613,25,23,26,3,77,420,166,100,4,690,0,0,0,690
02/25/2004,TPA,FL,ASO,ES,Combined TRACON& Tower with Radar,395,143,74,0,612,47,22,27,0,96,442,165,101,0,708,0,0,0,708
02/26/2004,TPA,FL,ASO,ES,Combined TRACON& Tower with Radar,442,172,91,2,707,0,0,60,2,62,442,172,151,4,769,0,0,0,769
02/27/2004,TPA,FL,ASO,ES,Combined TRACON& Tower with Radar,446,183,94,2,725,0,2,41,3,46,446,185,135,5,771,0,0,0,771
02/28/2004,TPA,FL,ASO,ES,Combined TRACON& Tower with Radar,391,114,73,1,579,45,0,8,2,55,436,114,81,3,634,0,0,0,634
02/29/2004,TPA,FL,ASO,ES,Combined TRACON& Tower with Radar,414,123,77,1,615,3,0,36,1,40,417,123,113,2,655,0,0,0,655
03/01/2004,TPA,FL,ASO,ES,Combined TRACON& Tower with Radar,410,147,72,1,630,18,5,88,0,111,428,152,160,1,741,20,0,20,761
03/02/2004,TPA,FL,ASO,ES,Combined TRACON& Tower with Radar,429,157,77,1,664,0,18,68,0,86,429,175,145,1,750,116,0,116,866
03/03/2004,TPA,FL,ASO,ES,Combined TRACON& Tower with Radar,434,155,77,1,667,0,17,100,0,117,434,172,177,1,784,0,0,0,784
03/04/2004,TPA,FL,ASO,ES,Combined TRACON& Tower with Radar,439,162,80,0,681,0,21,58,0,79,439,183,138,0,760,0,0,0,760
03/05/2004,TPA,FL,ASO,ES,Combined TRACON& Tower with Radar,438,168,83,2,691,0,8,53,0,61,438,176,136,2,752,0,0,0,752
03/06/2004,TPA,FL,ASO,ES,Combined TRACON& Tower with Radar,407,111,26,1,545,34,0,0,0,34,441,111,26,1,579,0,0,0,579
03/07/2004,TPA,FL,ASO,ES,Combined TRACON& Tower with Radar,420,125,74,1,620,0,0,0,2,2,420,125,74,3,622,0,0,0,622
03/08/2004,TPA,FL,ASO,ES,Combined TRACON& Tower with Radar,403,144,71,1,619,19,16,59,1,95,422,160,130,2,714,0,0,0,714
03/09/2004,TPA,FL,ASO,ES,Combined TRACON& Tower with Radar,411,147,74,1,633,21,29,55,1,106,432,176,129,2,739,0,0,0,739
03/10/2004,TPA,FL,ASO,ES,Combined TRACON& Tower with Radar,435,157,78,0,670,0,14,79,0,93,435,171,157,0,763,0,0,0,763
03/11/2004,TPA,FL,ASO,ES,Combined TRACON& Tower with Radar,434,159,80,1,674,0,20,89,5,114,434,179,169,6,788,0,0,0,788
03/12/2004,TPA,FL,ASO,ES,Combined TRACON& Tower with Radar,442,176,87,0,705,0,6,54,0,60,442,182,141,0,765,0,0,0,765
03/13/2004,TPA,FL,ASO,ES,Combined TRACON& Tower with Radar,397,113,71,0,581,49,0,24,0,73,446,113,95,0,654,20,0,20,674
03/14/2004,TPA,FL,ASO,ES,Combined TRACON& Tower with Radar,400,121,71,1,593,18,0,31,1,50,418,121,102,2,643,0,0,0,643
03/15/2004,TPA,FL,ASO,ES,Combined TRACON& Tower with Radar,432,143,76,1,652,0,0,0,2,2,432,143,76,3,654,0,0,0,654
03/16/2004,TPA,FL,ASO,ES,Combined TRACON& Tower with Radar,401,142,72,1,616,14,31,49,0,94,415,173,121,1,710,0,0,0,710
03/17/2004,TPA,FL,ASO,ES,Combined TRACON& Tower with Radar,441,163,82,1,687,0,14,29,1,44,441,177,111,2,731,0,0,0,731
03/18/2004,TPA,FL,ASO,ES,Combined TRACON& Tower with Radar,440,166,83,1,690,0,4,94,0,98,440,170,177,1,788,0,0,0,788
03/19/2004,TPA,FL,ASO,ES,Combined TRACON& Tower with Radar,452,164,88,0,704,0,0,84,0,84,452,164,172,0,788,0,0,0,788
03/20/2004,TPA,FL,ASO,ES,Combined TRACON& Tower with Radar,428,119,76,1,624,5,0,24,0,29,433,119,100,1,653,0,0,0,653
03/21/2004,TPA,FL,ASO,ES,Combined TRACON& Tower with Radar,412,118,74,0,604,7,0,3,0,10,419,118,77,0,614,0,0,0,614
03/22/2004,TPA,FL,ASO,ES,Combined TRACON& Tower with Radar,391,139,70,1,601,46,15,50,5,116,437,154,120,6,717,0,0,0,717
03/23/2004,TPA,FL,ASO,ES,Combined TRACON& Tower with Radar,384,136,69,1,590,44,42,66,0,152,428,178,135,1,742,0,0,0,742
03/24/2004,TPA,FL,ASO,ES,Combined TRACON& Tower with Radar,439,156,78,0,673,0,22,69,0,91,439,178,147,0,764,0,0,0,764
03/25/2004,TPA,FL,ASO,ES,Combined TRACON& Tower with Radar,440,164,82,1,687,0,10,63,4,77,440,174,145,5,764,0,0,0,764
03/26/2004,TPA,FL,ASO,ES,Combined TRACON& Tower with Radar,445,167,84,1,697,0,0,71,0,71,445,167,155,1,768,0,0,0,768
03/27/2004,TPA,FL,ASO,ES,Combined TRACON& Tower with Radar,387,118,69,0,574,49,0,14,0,63,436,118,83,0,637,0,0,0,637
03/28/2004,TPA,FL,ASO,ES,Combined TRACON& Tower with Radar,417,123,74,1,615,3,0,37,1,41,420,123,111,2,656,0,0,0,656
03/29/2004,TPA,FL,ASO,ES,Combined TRACON& Tower with Radar,394,140,69,0,603,39,4,60,0,103,433,144,129,0,706,0,0,0,706
03/30/2004,TPA,FL,ASO,ES,Combined TRACON& Tower with Radar,394,152,75,1,622,0,6,48,0,54,394,158,123,1,676,0,0,0,676
03/31/2004,TPA,FL,ASO,ES,Combined TRACON& Tower with Radar,430,157,77,0,664,0,7,55,0,62,430,164,132,0,726,0,0,0,726
04/01/2004,TPA,FL,ASO,ES,Combined TRACON& Tower with Radar,436,158,76,0,670,0,18,97,0,115,436,176,173,0,785,0,0,0,785
04/02/2004,TPA,FL,ASO,ES,Combined TRACON& Tower with Radar,446,162,77,2,687,2,25,29,6,62,448,187,106,8,749,0,0,0,749
04/03/2004,TPA,FL,ASO,ES,Combined TRACON& Tower with Radar,376,120,65,1,562,52,0,53,0,105,428,120,118,1,667,0,0,0,667
04/04/2004,TPA,FL,ASO,ES,Combined TRACON& Tower with Radar,374,101,65,2,542,37,0,49,6,92,411,101,114,8,634,0,0,0,634
04/05/2004,TPA,FL,ASO,ES,Combined TRACON& Tower with Radar,375,136,65,2,578,44,8,33,0,85,419,144,98,2,663,0,0,0,663
04/06/2004,TPA,FL,ASO,ES,Combined TRACON& Tower with Radar,403,146,70,2,621,18,22,37,0,77,421,168,107,2,698,0,0,0,698
04/07/2004,TPA,FL,ASO,ES,Combined TRACON& Tower with Radar,423,164,78,0,665,0,16,69,0,85,423,180,147,0,750,0,0,0,750
04/08/2004,TPA,FL,ASO,ES,Combined TRACON& Tower with Radar,426,174,83,1,684,0,6,50,0,56,426,180,133,1,740,0,0,0,740
04/09/2004,TPA,FL,ASO,ES,Combined TRACON& Tower with Radar,435,169,82,0,686,0,0,16,0,16,435,169,98,0,702,0,0,0,702
04/10/2004,TPA,FL,ASO,ES,Combined TRACON& Tower with Radar,373,113,64,0,550,44,0,3,0,47,417,113,67,0,597,0,0,0,597
04/11/2004,TPA,FL,ASO,ES,Combined TRACON& Tower with Radar,336,112,46,0,494,70,0,0,0,70,406,112,46,0,564,0,0,0,564
04/12/2004,TPA,FL,ASO,ES,Combined TRACON& Tower with Radar,399,145,69,1,614,13,6,30,0,49,412,151,99,1,663,0,0,0,663
04/13/2004,TPA,FL,ASO,ES,Combined TRACON& Tower with Radar,431,161,77,1,670,0,7,66,0,73,431,168,143,1,743,0,0,0,743
04/14/2004,TPA,FL,ASO,ES,Combined TRACON& Tower with Radar,430,161,84,0,675,0,0,128,0,128,430,161,212,0,803,0,0,0,803
04/15/2004,TPA,FL,ASO,ES,Combined TRACON& Tower with Radar,424,164,88,1,677,0,0,167,0,167,424,164,255,1,844,0,0,0,844
04/16/2004,TPA,FL,ASO,ES,Combined TRACON& Tower with Radar,429,176,84,2,691,0,5,93,0,98,429,181,177,2,789,0,0,0,789
04/17/2004,TPA,FL,ASO,ES,Combined TRACON& Tower with Radar,421,123,73,0,617,0,0,46,0,46,421,123,119,0,663,20,0,20,683
04/18/2004,TPA,FL,ASO,ES,Combined TRACON& Tower with Radar,401,110,71,2,584,0,0,47,3,50,401,110,118,5,634,20,0,20,654
04/19/2004,TPA,FL,ASO,ES,Combined TRACON& Tower with Radar,380,137,66,1,584,39,12,62,0,113,419,149,128,1,697,0,0,0,697
04/20/2004,TPA,FL,ASO,ES,Combined TRACON& Tower with Radar,416,151,72,1,640,0,19,73,0,92,416,170,145,1,732,0,0,0,732
04/21/2004,TPA,FL,ASO,ES,Combined TRACON& Tower with Radar,411,158,77,0,646,0,25,54,0,79,411,183,131,0,725,0,0,0,725
04/22/2004,TPA,FL,ASO,ES,Combined TRACON& Tower with Radar,427,156,76,1,660,0,13,89,1,103,427,169,165,2,763,0,0,0,763
04/23/2004,TPA,FL,ASO,ES,Combined TRACON& Tower with Radar,425,163,79,1,668,0,2,62,7,71,425,165,141,8,739,0,0,0,739
04/24/2004,TPA,FL,ASO,ES,Combined TRACON& Tower with Radar,344,109,60,1,514,73,0,20,8,101,417,109,80,9,615,0,0,0,615
04/25/2004,TPA,FL,ASO,ES,Combined TRACON& Tower with Radar,369,117,65,1,552,26,0,9,1,36,395,117,74,2,588,0,0,0,588
04/26/2004,TPA,FL,ASO,ES,Combined TRACON& Tower with Radar,375,135,66,0,576,35,14,25,0,74,410,149,91,0,650,0,0,0,650
04/27/2004,TPA,FL,ASO,ES,Combined TRACON& Tower with Radar,418,152,74,1,645,0,24,38,2,64,418,176,112,3,709,0,0,0,709
04/28/2004,TPA,FL,ASO,ES,Combined TRACON& Tower with Radar,416,156,76,1,649,0,7,71,0,78,416,163,147,1,727,0,0,0,727
04/29/2004,TPA,FL,ASO,ES,Combined TRACON& Tower with Radar,425,157,77,0,659,0,23,58,0,81,425,180,135,0,740,0,0,0,740
04/30/2004,TPA,FL,ASO,ES,Combined TRACON& Tower with Radar,421,153,75,1,650,0,14,23,1,38,421,167,98,2,688,0,0,0,688
05/01/2004,TPA,FL,ASO,ES,Combined TRACON& Tower with Radar,369,109,59,0,537,37,0,17,0,54,406,109,76,0,591,0,0,0,591
05/02/2004,TPA,FL,ASO,ES,Combined TRACON& Tower with Radar,368,113,58,0,539,17,0,28,0,45,385,113,86,0,584,0,0,0,584
05/03/2004,TPA,FL,ASO,ES,Combined TRACON& Tower with Radar,379,138,60,0,577,29,7,6,0,42,408,145,66,0,619,0,0,0,619
05/04/2004,TPA,FL,ASO,ES,Combined TRACON& Tower with Radar,399,152,66,0,617,0,12,54,0,66,399,164,120,0,683,0,0,0,683
05/05/2004,TPA,FL,ASO,ES,Combined TRACON& Tower with Radar,371,146,67,1,585,0,0,41,0,41,371,146,108,1,626,0,0,0,626
05/06/2004,TPA,FL,ASO,ES,Combined TRACON& Tower with Radar,405,159,70,0,634,0,0,59,0,59,405,159,129,0,693,0,0,0,693
05/07/2004,TPA,FL,ASO,ES,Combined TRACON& Tower with Radar,407,162,71,0,640,0,3,54,0,57,407,165,125,0,697,0,0,0,697
05/08/2004,TPA,FL,ASO,ES,Combined TRACON& Tower with Radar,344,114,54,1,513,55,0,17,1,73,399,114,71,2,586,0,0,0,586
05/09/2004,TPA,FL,ASO,ES,Combined TRACON& Tower with Radar,332,108,53,0,493,44,0,31,0,75,376,108,84,0,568,0,0,0,568
05/10/2004,TPA,FL,ASO,ES,Combined TRACON& Tower with Radar,401,140,64,0,605,0,0,54,0,54,401,140,118,0,659,0,0,0,659
05/11/2004,TPA,FL,ASO,ES,Combined TRACON& Tower with Radar,398,153,67,1,619,0,20,66,1,87,398,173,133,2,706,0,0,0,706
05/12/2004,TPA,FL,ASO,ES,Combined TRACON& Tower with Radar,339,142,71,1,553,0,0,67,1,68,339,142,138,2,621,0,0,0,621
05/13/2004,TPA,FL,ASO,ES,Combined TRACON& Tower with Radar,405,159,70,1,635,0,16,67,0,83,405,175,137,1,718,0,0,0,718
05/14/2004,TPA,FL,ASO,ES,Combined TRACON& Tower with Radar,412,168,73,1,654,0,2,62,2,66,412,170,135,3,720,0,0,0,720
05/15/2004,TPA,FL,ASO,ES,Combined TRACON& Tower with Radar,376,110,61,1,548,26,0,7,1,34,402,110,68,2,582,0,0,0,582
05/16/2004,TPA,FL,ASO,ES,Combined TRACON& Tower with Radar,363,107,59,1,530,28,0,13,4,45,391,107,72,5,575,0,0,0,575
05/17/2004,TPA,FL,ASO,ES,Combined TRACON& Tower with Radar,382,137,61,0,580,8,5,69,0,82,390,142,130,0,662,0,0,0,662
05/18/2004,TPA,FL,ASO,ES,Combined TRACON& Tower with Radar,399,147,65,1,612,0,12,102,0,114,399,159,167,1,726,0,0,0,726
05/19/2004,TPA,FL,ASO,ES,Combined TRACON& Tower with Radar,393,151,67,0,611,0,24,60,0,84,393,175,127,0,695,0,0,0,695
05/20/2004,TPA,FL,ASO,ES,Combined TRACON& Tower with Radar,412,166,74,0,652,0,16,53,0,69,412,182,127,0,721,0,0,0,721
05/21/2004,TPA,FL,ASO,ES,Combined TRACON& Tower with Radar,409,160,72,0,641,0,14,66,0,80,409,174,138,0,721,0,0,0,721
05/22/2004,TPA,FL,ASO,ES,Combined TRACON& Tower with Radar,368,113,59,0,540,40,0,27,0,67,408,113,86,0,607,0,0,0,607
05/23/2004,TPA,FL,ASO,ES,Combined TRACON& Tower with Radar,366,121,59,0,546,17,0,19,1,37,383,121,78,1,583,0,0,0,583
05/24/2004,TPA,FL,ASO,ES,Combined TRACON& Tower with Radar,394,142,63,0,599,10,6,40,0,56,404,148,103,0,655,0,0,0,655
05/25/2004,TPA,FL,ASO,ES,Combined TRACON& Tower with Radar,391,143,64,0,598,0,26,74,0,100,391,169,138,0,698,0,0,0,698
05/26/2004,TPA,FL,ASO,ES,Combined TRACON& Tower with Radar,389,153,68,0,610,0,16,78,2,96,389,169,146,2,706,0,0,0,706
05/27/2004,TPA,FL,ASO,ES,Combined TRACON& Tower with Radar,409,159,71,0,639,0,22,75,0,97,409,181,146,0,736,0,0,0,736
05/28/2004,TPA,FL,ASO,ES,Combined TRACON& Tower with Radar,421,164,73,0,658,0,12,73,3,88,421,176,146,3,746,0,0,0,746
05/29/2004,TPA,FL,ASO,ES,Combined TRACON& Tower with Radar,329,107,53,0,489,65,0,19,2,86,394,107,72,2,575,0,0,0,575
05/30/2004,TPA,FL,ASO,ES,Combined TRACON& Tower with Radar,281,94,45,0,420,90,0,5,0,95,371,94,50,0,515,0,0,0,515
05/31/2004,TPA,FL,ASO,ES,Combined TRACON& Tower with Radar,326,117,52,0,495,46,5,31,0,82,372,122,83,0,577,0,0,0,577
06/01/2004,TPA,FL,ASO,ES,Combined TRACON& Tower with Radar,399,130,61,1,591,0,0,63,0,63,399,130,124,1,654,0,0,0,654
06/02/2004,TPA,FL,ASO,ES,Combined TRACON& Tower with Radar,391,135,59,2,587,15,29,65,0,109,406,164,124,2,696,0,0,0,696
06/03/2004,TPA,FL,ASO,ES,Combined TRACON& Tower with Radar,409,149,63,2,623,0,30,76,0,106,409,179,139,2,729,0,0,0,729
06/04/2004,TPA,FL,ASO,ES,Combined TRACON& Tower with Radar,432,146,65,1,644,0,0,73,0,73,432,146,138,1,717,0,0,0,717
06/05/2004,TPA,FL,ASO,ES,Combined TRACON& Tower with Radar,348,111,51,1,511,54,0,28,0,82,402,111,79,1,593,0,0,0,593
06/06/2004,TPA,FL,ASO,ES,Combined TRACON& Tower with Radar,359,105,53,0,517,34,0,27,0,61,393,105,80,0,578,0,0,0,578
06/07/2004,TPA,FL,ASO,ES,Combined TRACON& Tower with Radar,385,134,57,2,578,17,12,59,6,94,402,146,116,8,672,0,0,0,672
06/08/2004,TPA,FL,ASO,ES,Combined TRACON& Tower with Radar,399,142,60,2,603,0,16,53,0,69,399,158,113,2,672,17,0,17,689
06/09/2004,TPA,FL,ASO,ES,Combined TRACON& Tower with Radar,403,149,63,0,615,0,2,60,0,62,403,151,123,0,677,0,0,0,677
06/10/2004,TPA,FL,ASO,ES,Combined TRACON& Tower with Radar,414,155,66,1,636,0,16,54,1,71,414,171,120,2,707,0,0,0,707
06/11/2004,TPA,FL,ASO,ES,Combined TRACON& Tower with Radar,423,155,65,1,644,0,4,57,0,61,423,159,122,1,705,20,0,20,725
06/12/2004,TPA,FL,ASO,ES,Combined TRACON& Tower with Radar,354,102,52,0,508,50,0,33,0,83,404,102,85,0,591,0,0,0,591
06/13/2004,TPA,FL,ASO,ES,Combined TRACON& Tower with Radar,332,76,51,1,460,0,0,20,1,21,332,76,71,2,481,0,0,0,481
06/14/2004,TPA,FL,ASO,ES,Combined TRACON& Tower with Radar,414,144,61,1,620,31,5,36,3,75,445,149,97,4,695,0,0,0,695
06/15/2004,TPA,FL,ASO,ES,Combined TRACON& Tower with Radar,397,142,60,1,600,0,33,71,10,114,397,175,131,11,714,0,0,0,714
06/16/2004,TPA,FL,ASO,ES,Combined TRACON& Tower with Radar,402,151,64,1,618,0,15,52,2,69,402,166,116,3,687,0,0,0,687
06/17/2004,TPA,FL,ASO,ES,Combined TRACON& Tower with Radar,398,152,64,1,615,0,8,70,1,79,398,160,134,2,694,0,0,0,694
06/18/2004,TPA,FL,ASO,ES,Combined TRACON& Tower with Radar,421,152,69,0,642,0,0,70,0,70,421,152,139,0,712,0,0,0,712
06/19/2004,TPA,FL,ASO,ES,Combined TRACON& Tower with Radar,352,96,53,0,501,36,0,23,0,59,388,96,76,0,560,0,0,0,560
06/20/2004,TPA,FL,ASO,ES,Combined TRACON& Tower with Radar,352,100,53,0,505,36,0,35,0,71,388,100,88,0,576,0,0,0,576
06/21/2004,TPA,FL,ASO,ES,Combined TRACON& Tower with Radar,389,134,58,0,581,0,4,57,0,61,389,138,115,0,642,0,0,0,642
06/22/2004,TPA,FL,ASO,ES,Combined TRACON& Tower with Radar,402,145,63,1,611,0,19,72,1,92,402,164,135,2,703,0,0,0,703
06/23/2004,TPA,FL,ASO,ES,Combined TRACON& Tower with Radar,399,151,65,0,615,0,4,63,0,67,399,155,128,0,682,0,0,0,682
06/24/2004,TPA,FL,ASO,ES,Combined TRACON& Tower with Radar,417,148,64,0,629,0,10,72,0,82,417,158,136,0,711,0,0,0,711
06/25/2004,TPA,FL,ASO,ES,Combined TRACON& Tower with Radar,410,149,64,0,623,0,23,51,0,74,410,172,115,0,697,0,0,0,697
06/26/2004,TPA,FL,ASO,ES,Combined TRACON& Tower with Radar,336,101,50,0,487,52,0,5,0,57,388,101,55,0,544,0,0,0,544
06/27/2004,TPA,FL,ASO,ES,Combined TRACON& Tower with Radar,351,93,52,0,496,37,0,3,0,40,388,93,55,0,536,0,0,0,536
06/28/2004,TPA,FL,ASO,ES,Combined TRACON& Tower with Radar,384,133,57,1,575,14,12,30,0,56,398,145,87,1,631,0,0,0,631
06/29/2004,TPA,FL,ASO,ES,Combined TRACON& Tower with Radar,406,143,62,1,612,0,11,37,1,49,406,154,99,2,661,0,0,0,661
06/30/2004,TPA,FL,ASO,ES,Combined TRACON& Tower with Radar,397,142,62,0,601,0,23,46,0,69,397,165,108,0,670,0,0,0,670
07/01/2004,TPA,FL,ASO,ES,Combined TRACON& Tower with Radar,409,135,57,1,602,0,15,78,0,93,409,150,135,1,695,0,0,0,695
07/02/2004,TPA,FL,ASO,ES,Combined TRACON& Tower with Radar,428,138,58,0,624,0,7,53,0,60,428,145,111,0,684,0,0,0,684
07/03/2004,TPA,FL,ASO,ES,Combined TRACON& Tower with Radar,329,97,42,0,468,61,0,0,0,61,390,97,42,0,529,0,0,0,529
07/04/2004,TPA,FL,ASO,ES,Combined TRACON& Tower with Radar,261,81,35,0,377,94,0,2,0,96,355,81,37,0,473,0,0,0,473
07/05/2004,TPA,FL,ASO,ES,Combined TRACON& Tower with Radar,348,106,46,1,501,27,0,28,0,55,375,106,74,1,556,0,0,0,556
07/06/2004,TPA,FL,ASO,ES,Combined TRACON& Tower with Radar,389,123,52,1,565,7,6,66,0,79,396,129,118,1,644,0,0,0,644
07/07/2004,TPA,FL,ASO,ES,Combined TRACON& Tower with Radar,382,123,52,1,558,0,23,56,0,79,382,146,108,1,637,0,0,0,637
07/08/2004,TPA,FL,ASO,ES,Combined TRACON& Tower with Radar,430,143,60,0,633,0,6,61,0,67,430,149,121,0,700,0,0,0,700
07/09/2004,TPA,FL,ASO,ES,Combined TRACON& Tower with Radar,411,140,59,1,611,0,14,43,1,58,411,154,102,2,669,0,0,0,669
07/10/2004,TPA,FL,ASO,ES,Combined TRACON& Tower with Radar,359,94,48,0,501,43,0,20,0,63,402,94,68,0,564,0,0,0,564
07/11/2004,TPA,FL,ASO,ES,Combined TRACON& Tower with Radar,357,91,48,1,497,29,0,19,2,50,386,91,67,3,547,0,0,0,547
07/12/2004,TPA,FL,ASO,ES,Combined TRACON& Tower with Radar,395,125,54,0,574,2,7,49,0,58,397,132,103,0,632,0,0,0,632
07/13/2004,TPA,FL,ASO,ES,Combined TRACON& Tower with Radar,406,144,62,1,613,0,5,95,1,101,406,149,157,2,714,0,0,0,714
07/14/2004,TPA,FL,ASO,ES,Combined TRACON& Tower with Radar,399,148,63,1,611,0,8,67,4,79,399,156,130,5,690,0,0,0,690
07/15/2004,TPA,FL,ASO,ES,Combined TRACON& Tower with Radar,422,141,61,1,625,0,17,62,1,80,422,158,123,2,705,0,0,0,705
07/16/2004,TPA,FL,ASO,ES,Combined TRACON& Tower with Radar,422,136,58,1,617,0,6,13,4,23,422,142,71,5,640,0,0,0,640
07/17/2004,TPA,FL,ASO,ES,Combined TRACON& Tower with Radar,336,90,46,0,472,53,0,0,0,53,389,90,46,0,525,0,0,0,525
07/18/2004,TPA,FL,ASO,ES,Combined TRACON& Tower with Radar,317,91,43,0,451,61,0,5,0,66,378,91,48,0,517,0,0,0,517
07/19/2004,TPA,FL,ASO,ES,Combined TRACON& Tower with Radar,364,114,49,0,527,47,3,13,0,63,411,117,62,0,590,0,0,0,590
07/20/2004,TPA,FL,ASO,ES,Combined TRACON& Tower with Radar,404,128,55,1,588,0,9,40,0,49,404,137,95,1,637,0,0,0,637
07/21/2004,TPA,FL,ASO,ES,Combined TRACON& Tower with Radar,403,141,61,1,606,0,3,78,1,82,403,144,139,2,688,0,0,0,688
07/22/2004,TPA,FL,ASO,ES,Combined TRACON& Tower with Radar,404,143,62,1,610,0,6,73,1,80,404,149,135,2,690,0,0,0,690
07/23/2004,TPA,FL,ASO,ES,Combined TRACON& Tower with Radar,401,139,60,0,600,0,12,45,0,57,401,151,105,0,657,0,0,0,657
07/24/2004,TPA,FL,ASO,ES,Combined TRACON& Tower with Radar,356,95,37,0,488,38,0,0,0,38,394,95,37,0,526,0,0,0,526
07/25/2004,TPA,FL,ASO,ES,Combined TRACON& Tower with Radar,360,86,49,0,495,24,0,30,0,54,384,86,79,0,549,0,0,0,549
07/26/2004,TPA,FL,ASO,ES,Combined TRACON& Tower with Radar,402,121,54,0,577,4,0,42,0,46,406,121,96,0,623,0,0,0,623
07/27/2004,TPA,FL,ASO,ES,Combined TRACON& Tower with Radar,383,127,54,0,564,0,19,63,2,84,383,146,117,2,648,0,0,0,648
07/28/2004,TPA,FL,ASO,ES,Combined TRACON& Tower with Radar,399,130,56,0,585,0,14,43,0,57,399,144,99,0,642,0,0,0,642
07/29/2004,TPA,FL,ASO,ES,Combined TRACON& Tower with Radar,410,147,63,0,620,0,0,55,0,55,410,147,118,0,675,0,0,0,675
07/30/2004,TPA,FL,ASO,ES,Combined TRACON& Tower with Radar,409,146,62,0,617,0,3,32,0,35,409,149,94,0,652,0,0,0,652
07/31/2004,TPA,FL,ASO,ES,Combined TRACON& Tower with Radar,352,100,47,0,499,15,0,31,2,48,367,100,78,2,547,0,0,0,547
08/01/2004,TPA,FL,ASO,ES,Combined TRACON& Tower with Radar,347,91,43,1,482,33,0,0,0,33,380,91,43,1,515,0,0,0,515
08/02/2004,TPA,FL,ASO,ES,Combined TRACON& Tower with Radar,368,116,53,0,537,44,7,50,0,101,412,123,103,0,638,0,0,0,638
08/03/2004,TPA,FL,ASO,ES,Combined TRACON& Tower with Radar,405,133,59,0,597,0,17,49,0,66,405,150,108,0,663,0,0,0,663
08/04/2004,TPA,FL,ASO,ES,Combined TRACON& Tower with Radar,391,138,61,0,590,0,9,39,0,48,391,147,100,0,638,22,0,22,660
08/05/2004,TPA,FL,ASO,ES,Combined TRACON& Tower with Radar,408,131,58,1,598,0,15,60,0,75,408,146,118,1,673,0,0,0,673
08/06/2004,TPA,FL,ASO,ES,Combined TRACON& Tower with Radar,417,144,64,1,626,0,12,37,1,50,417,156,101,2,676,30,0,30,706
08/07/2004,TPA,FL,ASO,ES,Combined TRACON& Tower with Radar,358,103,46,1,508,25,0,0,1,26,383,103,46,2,534,30,0,30,564
08/08/2004,TPA,FL,ASO,ES,Combined TRACON& Tower with Radar,382,101,54,0,537,5,0,11,0,16,387,101,65,0,553,0,0,0,553
08/09/2004,TPA,FL,ASO,ES,Combined TRACON& Tower with Radar,400,129,60,0,589,0,0,32,0,32,400,129,92,0,621,0,0,0,621
08/10/2004,TPA,FL,ASO,ES,Combined TRACON& Tower with Radar,395,133,59,0,587,0,13,70,0,83,395,146,129,0,670,0,0,0,670
08/11/2004,TPA,FL,ASO,ES,Combined TRACON& Tower with Radar,386,134,60,0,580,0,10,58,0,68,386,144,118,0,648,0,0,0,648
08/12/2004,TPA,FL,ASO,ES,Combined TRACON& Tower with Radar,413,120,59,1,593,0,0,70,0,70,413,120,129,1,663,0,0,0,663
08/13/2004,TPA,FL,ASO,ES,Combined TRACON& Tower with Radar,80,26,10,0,116,21,18,13,0,52,101,44,23,0,168,0,0,0,168
08/14/2004,TPA,FL,ASO,ES,Combined TRACON& Tower with Radar,256,48,36,1,341,27,0,17,6,50,283,48,53,7,391,0,0,0,391
08/15/2004,TPA,FL,ASO,ES,Combined TRACON& Tower with Radar,343,86,48,1,478,57,0,29,1,87,400,86,77,2,565,0,0,0,565
08/16/2004,TPA,FL,ASO,ES,Combined TRACON& Tower with Radar,390,123,55,0,568,19,8,56,0,83,409,131,111,0,651,0,0,0,651
08/17/2004,TPA,FL,ASO,ES,Combined TRACON& Tower with Radar,427,134,60,1,622,13,23,66,2,104,440,157,126,3,726,0,0,0,726
08/18/2004,TPA,FL,ASO,ES,Combined TRACON& Tower with Radar,411,137,62,0,610,0,11,78,0,89,411,148,140,0,699,0,0,0,699
08/19/2004,TPA,FL,ASO,ES,Combined TRACON& Tower with Radar,411,135,61,0,607,0,15,71,4,90,411,150,132,4,697,0,0,0,697
08/20/2004,TPA,FL,ASO,ES,Combined TRACON& Tower with Radar,416,133,61,0,610,0,16,65,0,81,416,149,126,0,691,0,0,0,691
08/21/2004,TPA,FL,ASO,ES,Combined TRACON& Tower with Radar,346,95,38,0,479,44,0,0,1,45,390,95,38,1,524,0,0,0,524
08/22/2004,TPA,FL,ASO,ES,Combined TRACON& Tower with Radar,373,84,53,0,510,20,0,18,0,38,393,84,71,0,548,0,0,0,548
08/23/2004,TPA,FL,ASO,ES,Combined TRACON& Tower with Radar,386,121,55,0,562,15,14,41,3,73,401,135,96,3,635,0,0,0,635
08/24/2004,TPA,FL,ASO,ES,Combined TRACON& Tower with Radar,400,134,60,0,594,0,18,57,3,78,400,152,117,3,672,0,0,0,672
08/25/2004,TPA,FL,ASO,ES,Combined TRACON& Tower with Radar,380,127,58,0,565,0,20,54,2,76,380,147,112,2,641,0,0,0,641
08/26/2004,TPA,FL,ASO,ES,Combined TRACON& Tower with Radar,417,138,63,0,618,0,11,55,6,72,417,149,118,6,690,0,0,0,690
08/27/2004,TPA,FL,ASO,ES,Combined TRACON& Tower with Radar,414,138,63,0,615,0,16,46,0,62,414,154,109,0,677,0,0,0,677
08/28/2004,TPA,FL,ASO,ES,Combined TRACON& Tower with Radar,344,95,49,0,488,34,0,16,0,50,378,95,65,0,538,0,0,0,538
08/29/2004,TPA,FL,ASO,ES,Combined TRACON& Tower with Radar,363,87,51,0,501,18,0,16,2,36,381,87,67,2,537,0,0,0,537
08/30/2004,TPA,FL,ASO,ES,Combined TRACON& Tower with Radar,399,126,57,0,582,0,6,52,0,58,399,132,109,0,640,0,0,0,640
08/31/2004,TPA,FL,ASO,ES,Combined TRACON& Tower with Radar,396,130,59,0,585,0,11,70,4,85,396,141,129,4,670,0,0,0,670
09/01/2004,TPA,FL,ASO,ES,Combined TRACON& Tower with Radar,388,138,61,1,588,0,5,56,1,62,388,143,117,2,650,0,0,0,650
09/02/2004,TPA,FL,ASO,ES,Combined TRACON& Tower with Radar,394,155,68,2,619,0,2,89,1,92,394,157,157,3,711,0,0,0,711
09/03/2004,TPA,FL,ASO,ES,Combined TRACON& Tower with Radar,354,120,53,0,527,31,12,48,0,91,385,132,101,0,618,0,0,0,618
09/04/2004,TPA,FL,ASO,ES,Combined TRACON& Tower with Radar,153,21,23,0,197,102,0,3,0,105,255,21,26,0,302,0,0,0,302
09/05/2004,TPA,FL,ASO,ES,Combined TRACON& Tower with Radar,0,0,0,0,0,1,0,0,0,1,1,0,0,0,1,0,0,0,1
09/06/2004,TPA,FL,ASO,ES,Combined TRACON& Tower with Radar,93,9,13,0,115,54,0,22,0,76,147,9,35,0,191,0,0,0,191
09/07/2004,TPA,FL,ASO,ES,Combined TRACON& Tower with Radar,359,118,53,1,531,23,0,35,3,61,382,118,88,4,592,0,0,0,592
09/08/2004,TPA,FL,ASO,ES,Combined TRACON& Tower with Radar,374,134,59,1,568,0,11,50,1,62,374,145,109,2,630,0,0,0,630
09/09/2004,TPA,FL,ASO,ES,Combined TRACON& Tower with Radar,388,136,60,1,585,0,20,45,2,67,388,156,105,3,652,0,0,0,652
09/10/2004,TPA,FL,ASO,ES,Combined TRACON& Tower with Radar,390,139,62,1,592,0,26,54,3,83,390,165,116,4,675,0,0,0,675
09/11/2004,TPA,FL,ASO,ES,Combined TRACON& Tower with Radar,364,94,55,0,513,9,0,35,0,44,373,94,90,0,557,0,0,0,557
09/12/2004,TPA,FL,ASO,ES,Combined TRACON& Tower with Radar,316,81,43,1,441,44,0,0,0,44,360,81,43,1,485,0,0,0,485
09/13/2004,TPA,FL,ASO,ES,Combined TRACON& Tower with Radar,308,104,47,0,459,73,4,25,0,102,381,108,72,0,561,0,0,0,561
09/14/2004,TPA,FL,ASO,ES,Combined TRACON& Tower with Radar,352,119,53,0,524,18,34,12,0,64,370,153,65,0,588,0,0,0,588
09/15/2004,TPA,FL,ASO,ES,Combined TRACON& Tower with Radar,304,103,46,1,454,50,24,24,0,98,354,127,70,1,552,0,0,0,552
09/16/2004,TPA,FL,ASO,ES,Combined TRACON& Tower with Radar,353,118,53,0,524,31,2,28,0,61,384,120,81,0,585,0,0,0,585
09/17/2004,TPA,FL,ASO,ES,Combined TRACON& Tower with Radar,366,123,55,1,545,12,4,37,3,56,378,127,92,4,601,0,0,0,601
09/18/2004,TPA,FL,ASO,ES,Combined TRACON& Tower with Radar,333,93,50,0,476,40,0,30,0,70,373,93,80,0,546,20,0,20,566
09/19/2004,TPA,FL,ASO,ES,Combined TRACON& Tower with Radar,346,101,52,0,499,16,0,54,0,70,362,101,106,0,569,0,0,0,569
09/20/2004,TPA,FL,ASO,ES,Combined TRACON& Tower with Radar,385,132,64,0,581,0,0,42,0,42,385,132,106,0,623,0,0,0,623
09/21/2004,TPA,FL,ASO,ES,Combined TRACON& Tower with Radar,384,137,62,0,583,0,12,95,2,109,384,149,157,2,692,36,0,36,728
09/22/2004,TPA,FL,ASO,ES,Combined TRACON& Tower with Radar,377,146,66,0,589,0,0,76,0,76,377,146,142,0,665,139,0,139,804
09/23/2004,TPA,FL,ASO,ES,Combined TRACON& Tower with Radar,387,150,67,1,605,0,2,52,4,58,387,152,119,5,663,0,0,0,663
09/24/2004,TPA,FL,ASO,ES,Combined TRACON& Tower with Radar,392,147,66,0,605,0,7,88,0,95,392,154,154,0,700,0,0,0,700
09/25/2004,TPA,FL,ASO,ES,Combined TRACON& Tower with Radar,363,93,57,0,513,0,0,17,1,18,363,93,74,1,531,0,0,0,531
09/26/2004,TPA,FL,ASO,ES,Combined TRACON& Tower with Radar,0,0,0,0,0,11,2,2,0,15,11,2,2,0,15,0,0,0,15
09/27/2004,TPA,FL,ASO,ES,Combined TRACON& Tower with Radar,291,97,44,0,432,101,57,110,0,268,392,154,154,0,700,0,0,0,700
09/28/2004,TPA,FL,ASO,ES,Combined TRACON& Tower with Radar,390,136,61,0,587,0,21,62,2,85,390,157,123,2,672,0,0,0,672
09/29/2004,TPA,FL,ASO,ES,Combined TRACON& Tower with Radar,379,148,65,0,592,0,11,49,0,60,379,159,114,0,652,0,0,0,652
09/30/2004,TPA,FL,ASO,ES,Combined TRACON& Tower with Radar,394,144,63,0,601,0,22,55,2,79,394,166,118,2,680,0,0,0,680
10/01/2004,TPA,FL,ASO,ES,Combined TRACON& Tower with Radar,404,166,56,1,627,0,2,58,0,60,404,168,114,1,687,0,0,0,687
10/02/2004,TPA,FL,ASO,ES,Combined TRACON& Tower with Radar,374,104,49,0,527,0,1,32,0,33,374,105,81,0,560,0,0,0,560
10/03/2004,TPA,FL,ASO,ES,Combined TRACON& Tower with Radar,383,111,58,0,552,0,5,40,1,46,383,116,98,1,598,0,0,0,598
10/04/2004,TPA,FL,ASO,ES,Combined TRACON& Tower with Radar,397,157,58,0,612,0,0,39,1,40,397,157,97,1,652,0,0,0,652
10/05/2004,TPA,FL,ASO,ES,Combined TRACON& Tower with Radar,399,167,103,0,669,0,3,45,1,49,399,170,148,1,718,0,0,0,718
10/06/2004,TPA,FL,ASO,ES,Combined TRACON& Tower with Radar,388,168,76,0,632,0,4,40,0,44,388,172,116,0,676,0,0,0,676
10/07/2004,TPA,FL,ASO,ES,Combined TRACON& Tower with Radar,411,171,98,2,682,0,3,63,3,69,411,174,161,5,751,0,0,0,751
10/08/2004,TPA,FL,ASO,ES,Combined TRACON& Tower with Radar,412,172,79,4,667,0,2,53,1,56,412,174,132,5,723,0,0,0,723
10/09/2004,TPA,FL,ASO,ES,Combined TRACON& Tower with Radar,398,102,31,0,531,0,3,32,0,35,398,105,63,0,566,0,0,0,566
10/10/2004,TPA,FL,ASO,ES,Combined TRACON& Tower with Radar,390,107,58,1,556,0,1,34,0,35,390,108,92,1,591,0,0,0,591
10/11/2004,TPA,FL,ASO,ES,Combined TRACON& Tower with Radar,405,140,69,1,615,0,0,26,0,26,405,140,95,1,641,0,0,0,641
10/12/2004,TPA,FL,ASO,ES,Combined TRACON& Tower with Radar,396,149,75,0,620,0,0,51,0,51,396,149,126,0,671,0,0,0,671
10/13/2004,TPA,FL,ASO,ES,Combined TRACON& Tower with Radar,395,160,67,0,622,0,6,66,1,73,395,166,133,1,695,0,0,0,695
10/14/2004,TPA,FL,ASO,ES,Combined TRACON& Tower with Radar,404,172,74,0,650,0,1,69,0,70,404,173,143,0,720,0,0,0,720
10/15/2004,TPA,FL,ASO,ES,Combined TRACON& Tower with Radar,423,167,85,0,675,0,2,48,0,50,423,169,133,0,725,0,0,0,725
10/16/2004,TPA,FL,ASO,ES,Combined TRACON& Tower with Radar,390,102,38,0,530,0,2,41,1,44,390,104,79,1,574,0,0,0,574
10/17/2004,TPA,FL,ASO,ES,Combined TRACON& Tower with Radar,390,110,45,0,545,0,4,48,1,53,390,114,93,1,598,0,0,0,598
10/18/2004,TPA,FL,ASO,ES,Combined TRACON& Tower with Radar,409,131,77,2,619,0,2,47,1,50,409,133,124,3,669,0,0,0,669
10/19/2004,TPA,FL,ASO,ES,Combined TRACON& Tower with Radar,410,162,91,3,666,0,2,43,4,49,410,164,134,7,715,0,0,0,715
10/20/2004,TPA,FL,ASO,ES,Combined TRACON& Tower with Radar,391,171,89,0,651,0,4,30,0,34,391,175,119,0,685,0,0,0,685
10/21/2004,TPA,FL,ASO,ES,Combined TRACON& Tower with Radar,417,177,78,2,674,0,5,51,0,56,417,182,129,2,730,0,0,0,730
10/22/2004,TPA,FL,ASO,ES,Combined TRACON& Tower with Radar,410,174,80,5,669,0,3,35,0,38,410,177,115,5,707,0,0,0,707
10/23/2004,TPA,FL,ASO,ES,Combined TRACON& Tower with Radar,397,109,36,0,542,0,0,28,0,28,397,109,64,0,570,0,0,0,570
10/24/2004,TPA,FL,ASO,ES,Combined TRACON& Tower with Radar,394,112,53,1,560,0,1,43,0,44,394,113,96,1,604,0,0,0,604
10/25/2004,TPA,FL,ASO,ES,Combined TRACON& Tower with Radar,407,154,89,0,650,0,3,57,0,60,407,157,146,0,710,0,0,0,710
10/26/2004,TPA,FL,ASO,ES,Combined TRACON& Tower with Radar,395,166,99,0,660,0,5,45,0,50,395,171,144,0,710,0,0,0,710
10/27/2004,TPA,FL,ASO,ES,Combined TRACON& Tower with Radar,392,178,97,0,667,0,1,80,0,81,392,179,177,0,748,0,0,0,748
10/28/2004,TPA,FL,ASO,ES,Combined TRACON& Tower with Radar,411,184,86,0,681,0,4,50,0,54,411,188,136,0,735,12,0,12,747
10/29/2004,TPA,FL,ASO,ES,Combined TRACON& Tower with Radar,409,174,104,1,688,0,2,58,1,61,409,176,162,2,749,0,0,0,749
10/30/2004,TPA,FL,ASO,ES,Combined TRACON& Tower with Radar,393,110,48,2,553,0,1,21,1,23,393,111,69,3,576,0,0,0,576
10/31/2004,TPA,FL,ASO,ES,Combined TRACON& Tower with Radar,396,104,48,6,554,0,2,33,0,35,396,106,81,6,589,0,0,0,589
11/01/2004,TPA,FL,ASO,ES,Combined TRACON& Tower with Radar,419,172,56,2,649,0,1,44,0,45,419,173,100,2,694,0,0,0,694
11/02/2004,TPA,FL,ASO,ES,Combined TRACON& Tower with Radar,413,186,78,5,682,0,3,61,0,64,413,189,139,5,746,0,0,0,746
11/03/2004,TPA,FL,ASO,ES,Combined TRACON& Tower with Radar,408,208,94,6,716,0,6,65,0,71,408,214,159,6,787,0,0,0,787
11/04/2004,TPA,FL,ASO,ES,Combined TRACON& Tower with Radar,425,226,77,7,735,0,0,51,0,51,425,226,128,7,786,0,0,0,786
11/05/2004,TPA,FL,ASO,ES,Combined TRACON& Tower with Radar,425,225,115,15,780,0,2,58,0,60,425,227,173,15,840,0,0,0,840
11/06/2004,TPA,FL,ASO,ES,Combined TRACON& Tower with Radar,412,157,46,2,617,0,1,37,0,38,412,158,83,2,655,0,0,0,655
11/07/2004,TPA,FL,ASO,ES,Combined TRACON& Tower with Radar,408,172,63,10,653,0,4,29,2,35,408,176,92,12,688,0,0,0,688
11/08/2004,TPA,FL,ASO,ES,Combined TRACON& Tower with Radar,422,209,77,18,726,0,3,47,0,50,422,212,124,18,776,0,0,0,776
11/09/2004,TPA,FL,ASO,ES,Combined TRACON& Tower with Radar,418,223,87,3,731,0,3,44,2,49,418,226,131,5,780,0,0,0,780
11/10/2004,TPA,FL,ASO,ES,Combined TRACON& Tower with Radar,415,224,79,4,722,0,4,59,0,63,415,228,138,4,785,0,0,0,785
11/11/2004,TPA,FL,ASO,ES,Combined TRACON& Tower with Radar,428,236,96,4,764,0,3,44,0,47,428,239,140,4,811,0,0,0,811
11/12/2004,TPA,FL,ASO,ES,Combined TRACON& Tower with Radar,433,206,96,4,739,0,1,69,0,70,433,207,165,4,809,0,0,0,809
11/13/2004,TPA,FL,ASO,ES,Combined TRACON& Tower with Radar,412,157,25,2,596,0,1,21,2,24,412,158,46,4,620,0,0,0,620
11/14/2004,TPA,FL,ASO,ES,Combined TRACON& Tower with Radar,412,179,57,4,652,0,0,16,0,16,412,179,73,4,668,0,0,0,668
11/15/2004,TPA,FL,ASO,ES,Combined TRACON& Tower with Radar,427,206,87,6,726,0,3,61,0,64,427,209,148,6,790,0,0,0,790
11/16/2004,TPA,FL,ASO,ES,Combined TRACON& Tower with Radar,420,223,131,3,777,0,2,60,2,64,420,225,191,5,841,0,0,0,841
11/17/2004,TPA,FL,ASO,ES,Combined TRACON& Tower with Radar,417,229,104,3,753,0,4,83,0,87,417,233,187,3,840,0,0,0,840
11/18/2004,TPA,FL,ASO,ES,Combined TRACON& Tower with Radar,431,229,126,3,789,0,4,70,0,74,431,233,196,3,863,0,0,0,863
11/19/2004,TPA,FL,ASO,ES,Combined TRACON& Tower with Radar,430,226,96,11,763,0,2,78,6,86,430,228,174,17,849,0,0,0,849
11/20/2004,TPA,FL,ASO,ES,Combined TRACON& Tower with Radar,419,168,48,11,646,0,5,36,0,41,419,173,84,11,687,0,0,0,687
11/21/2004,TPA,FL,ASO,ES,Combined TRACON& Tower with Radar,412,178,64,5,659,0,0,53,1,54,412,178,117,6,713,4,0,4,717
11/22/2004,TPA,FL,ASO,ES,Combined TRACON& Tower with Radar,415,200,85,0,700,0,3,53,0,56,415,203,138,0,756,0,0,0,756
11/23/2004,TPA,FL,ASO,ES,Combined TRACON& Tower with Radar,435,218,97,0,750,0,1,62,1,64,435,219,159,1,814,0,0,0,814
11/24/2004,TPA,FL,ASO,ES,Combined TRACON& Tower with Radar,428,208,74,0,710,0,2,53,0,55,428,210,127,0,765,0,0,0,765
11/25/2004,TPA,FL,ASO,ES,Combined TRACON& Tower with Radar,388,197,24,0,609,0,1,12,0,13,388,198,36,0,622,0,0,0,622
11/26/2004,TPA,FL,ASO,ES,Combined TRACON& Tower with Radar,394,171,33,0,598,0,1,56,2,59,394,172,89,2,657,0,0,0,657
11/27/2004,TPA,FL,ASO,ES,Combined TRACON& Tower with Radar,419,153,38,0,610,0,1,20,0,21,419,154,58,0,631,0,0,0,631
11/28/2004,TPA,FL,ASO,ES,Combined TRACON& Tower with Radar,415,173,84,0,672,0,1,44,0,45,415,174,128,0,717,0,0,0,717
11/29/2004,TPA,FL,ASO,ES,Combined TRACON& Tower with Radar,433,197,70,0,700,0,1,49,0,50,433,198,119,0,750,0,0,0,750
11/30/2004,TPA,FL,ASO,ES,Combined TRACON& Tower with Radar,435,218,83,0,736,0,6,70,3,79,435,224,153,3,815,0,0,0,815
12/01/2004,TPA,FL,ASO,ES,Combined TRACON& Tower with Radar,403,224,83,0,710,0,3,64,0,67,403,227,147,0,777,0,0,0,777
12/02/2004,TPA,FL,ASO,ES,Combined TRACON& Tower with Radar,434,220,93,0,747,0,2,34,0,36,434,222,127,0,783,0,0,0,783
12/03/2004,TPA,FL,ASO,ES,Combined TRACON& Tower with Radar,422,226,69,0,717,0,6,49,0,55,422,232,118,0,772,0,0,0,772
12/04/2004,TPA,FL,ASO,ES,Combined TRACON& Tower with Radar,412,158,39,0,609,0,1,29,0,30,412,159,68,0,639,0,0,0,639
12/05/2004,TPA,FL,ASO,ES,Combined TRACON& Tower with Radar,397,163,66,0,626,0,0,41,0,41,397,163,107,0,667,0,0,0,667
12/06/2004,TPA,FL,ASO,ES,Combined TRACON& Tower with Radar,415,189,70,0,674,0,1,62,0,63,415,190,132,0,737,0,0,0,737
12/07/2004,TPA,FL,ASO,ES,Combined TRACON& Tower with Radar,404,220,84,0,708,0,2,67,1,70,404,222,151,1,778,0,0,0,778
12/08/2004,TPA,FL,ASO,ES,Combined TRACON& Tower with Radar,404,217,85,0,706,0,3,48,1,52,404,220,133,1,758,0,0,0,758
12/09/2004,TPA,FL,ASO,ES,Combined TRACON& Tower with Radar,412,212,97,0,721,0,2,53,0,55,412,214,150,0,776,0,0,0,776
12/10/2004,TPA,FL,ASO,ES,Combined TRACON& Tower with Radar,377,205,81,0,663,0,0,28,0,28,377,205,109,0,691,0,0,0,691
12/11/2004,TPA,FL,ASO,ES,Combined TRACON& Tower with Radar,421,146,37,0,604,0,2,33,0,35,421,148,70,0,639,0,0,0,639
12/12/2004,TPA,FL,ASO,ES,Combined TRACON& Tower with Radar,402,162,32,0,596,0,0,31,2,33,402,162,63,2,629,0,0,0,629
12/13/2004,TPA,FL,ASO,ES,Combined TRACON& Tower with Radar,423,196,97,0,716,0,2,57,0,59,423,198,154,0,775,0,0,0,775
12/14/2004,TPA,FL,ASO,ES,Combined TRACON& Tower with Radar,410,220,67,6,703,0,0,57,0,57,410,220,124,6,760,0,0,0,760
12/15/2004,TPA,FL,ASO,ES,Combined TRACON& Tower with Radar,416,217,97,0,730,0,3,42,0,45,416,220,139,0,775,0,0,0,775
12/16/2004,TPA,FL,ASO,ES,Combined TRACON& Tower with Radar,439,212,95,0,746,0,1,62,0,63,439,213,157,0,809,0,0,0,809
12/17/2004,TPA,FL,ASO,ES,Combined TRACON& Tower with Radar,456,222,98,0,776,0,0,53,0,53,456,222,151,0,829,0,0,0,829
12/18/2004,TPA,FL,ASO,ES,Combined TRACON& Tower with Radar,455,148,49,2,654,0,1,46,0,47,455,149,95,2,701,0,0,0,701
12/19/2004,TPA,FL,ASO,ES,Combined TRACON& Tower with Radar,444,161,34,0,639,0,6,33,1,40,444,167,67,1,679,0,0,0,679
12/20/2004,TPA,FL,ASO,ES,Combined TRACON& Tower with Radar,462,209,72,2,745,0,4,53,1,58,462,213,125,3,803,0,0,0,803
12/21/2004,TPA,FL,ASO,ES,Combined TRACON& Tower with Radar,477,217,79,0,773,0,3,51,0,54,477,220,130,0,827,0,0,0,827
12/22/2004,TPA,FL,ASO,ES,Combined TRACON& Tower with Radar,446,203,75,0,724,0,5,49,0,54,446,208,124,0,778,0,0,0,778
12/23/2004,TPA,FL,ASO,ES,Combined TRACON& Tower with Radar,448,213,71,0,732,0,0,0,0,0,448,213,71,0,732,0,0,0,732
12/24/2004,TPA,FL,ASO,ES,Combined TRACON& Tower with Radar,469,216,43,0,728,0,0,0,0,0,469,216,43,0,728,0,0,0,728
12/25/2004,TPA,FL,ASO,ES,Combined TRACON& Tower with Radar,429,131,15,0,575,0,0,7,0,7,429,131,22,0,582,0,0,0,582
12/26/2004,TPA,FL,ASO,ES,Combined TRACON& Tower with Radar,463,157,62,0,682,0,1,15,0,16,463,158,77,0,698,0,0,0,698
12/27/2004,TPA,FL,ASO,ES,Combined TRACON& Tower with Radar,462,203,44,6,715,0,2,37,2,41,462,205,81,8,756,0,0,0,756
12/28/2004,TPA,FL,ASO,ES,Combined TRACON& Tower with Radar,477,229,67,0,773,0,3,47,0,50,477,232,114,0,823,0,0,0,823
12/29/2004,TPA,FL,ASO,ES,Combined TRACON& Tower with Radar,483,225,53,0,761,0,3,68,1,72,483,228,121,1,833,0,0,0,833
12/30/2004,TPA,FL,ASO,ES,Combined TRACON& Tower with Radar,469,231,68,0,768,0,2,47,0,49,469,233,115,0,817,0,0,0,817
12/31/2004,TPA,FL,ASO,ES,Combined TRACON& Tower with Radar,460,218,45,0,723,0,1,52,0,53,460,219,97,0,776,0,0,0,776
01/01/2005,TPA,FL,ASO,ES,Combined TRACON& Tower with Radar,442,169,87,0,698,0,1,37,0,38,442,170,124,0,736,0,0,0,736
01/02/2005,TPA,FL,ASO,ES,Combined TRACON& Tower with Radar,456,171,70,0,697,0,2,29,0,31,456,173,99,0,728,0,0,0,728
01/03/2005,TPA,FL,ASO,ES,Combined TRACON& Tower with Radar,466,212,61,0,739,0,2,51,0,53,466,214,112,0,792,0,0,0,792
01/04/2005,TPA,FL,ASO,ES,Combined TRACON& Tower with Radar,440,245,73,0,758,0,3,51,0,54,440,248,124,0,812,0,0,0,812
01/05/2005,TPA,FL,ASO,ES,Combined TRACON& Tower with Radar,432,236,72,0,740,0,1,73,0,74,432,237,145,0,814,0,0,0,814
01/06/2005,TPA,FL,ASO,ES,Combined TRACON& Tower with Radar,446,246,93,4,789,0,0,53,1,54,446,246,146,5,843,0,0,0,843
01/07/2005,TPA,FL,ASO,ES,Combined TRACON& Tower with Radar,450,237,59,2,748,0,0,47,0,47,450,237,106,2,795,0,0,0,795
01/08/2005,TPA,FL,ASO,ES,Combined TRACON& Tower with Radar,429,168,46,0,643,0,0,24,0,24,429,168,70,0,667,0,0,0,667
01/09/2005,TPA,FL,ASO,ES,Combined TRACON& Tower with Radar,423,159,48,2,632,0,2,39,0,41,423,161,87,2,673,0,0,0,673
01/10/2005,TPA,FL,ASO,ES,Combined TRACON& Tower with Radar,442,187,69,0,698,0,1,39,0,40,442,188,108,0,738,0,0,0,738
01/11/2005,TPA,FL,ASO,ES,Combined TRACON& Tower with Radar,422,214,132,0,768,0,3,39,0,42,422,217,171,0,810,0,0,0,810
01/12/2005,TPA,FL,ASO,ES,Combined TRACON& Tower with Radar,410,214,91,2,717,0,3,51,1,55,410,217,142,3,772,0,0,0,772
01/13/2005,TPA,FL,ASO,ES,Combined TRACON& Tower with Radar,431,215,89,5,740,0,0,56,0,56,431,215,145,5,796,0,0,0,796
01/14/2005,TPA,FL,ASO,ES,Combined TRACON& Tower with Radar,457,210,98,2,767,0,1,26,0,27,457,211,124,2,794,0,0,0,794
01/15/2005,TPA,FL,ASO,ES,Combined TRACON& Tower with Radar,439,178,53,1,671,0,0,19,0,19,439,178,72,1,690,0,0,0,690
01/16/2005,TPA,FL,ASO,ES,Combined TRACON& Tower with Radar,431,156,56,0,643,0,2,25,3,30,431,158,81,3,673,0,0,0,673
01/17/2005,TPA,FL,ASO,ES,Combined TRACON& Tower with Radar,436,181,79,1,697,0,4,36,0,40,436,185,115,1,737,0,0,0,737
01/18/2005,TPA,FL,ASO,ES,Combined TRACON& Tower with Radar,434,195,93,0,722,0,5,61,0,66,434,200,154,0,788,0,0,0,788
01/19/2005,TPA,FL,ASO,ES,Combined TRACON& Tower with Radar,403,215,68,0,686,0,5,74,2,81,403,220,142,2,767,0,0,0,767
01/20/2005,TPA,FL,ASO,ES,Combined TRACON& Tower with Radar,454,221,89,0,764,0,5,49,0,54,454,226,138,0,818,0,0,0,818
01/21/2005,TPA,FL,ASO,ES,Combined TRACON& Tower with Radar,451,213,103,0,767,0,1,66,0,67,451,214,169,0,834,0,0,0,834
01/22/2005,TPA,FL,ASO,ES,Combined TRACON& Tower with Radar,386,164,37,1,588,0,0,16,0,16,386,164,53,1,604,0,0,0,604
01/23/2005,TPA,FL,ASO,ES,Combined TRACON& Tower with Radar,367,168,47,0,582,0,3,27,0,30,367,171,74,0,612,0,0,0,612
01/24/2005,TPA,FL,ASO,ES,Combined TRACON& Tower with Radar,433,210,84,1,728,0,4,41,0,45,433,214,125,1,773,0,0,0,773
01/25/2005,TPA,FL,ASO,ES,Combined TRACON& Tower with Radar,440,230,81,1,752,0,3,70,0,73,440,233,151,1,825,0,0,0,825
01/26/2005,TPA,FL,ASO,ES,Combined TRACON& Tower with Radar,417,224,103,0,744,0,2,70,0,72,417,226,173,0,816,16,0,16,832
01/27/2005,TPA,FL,ASO,ES,Combined TRACON& Tower with Radar,450,217,101,2,770,0,5,63,0,68,450,222,164,2,838,0,0,0,838
01/28/2005,TPA,FL,ASO,ES,Combined TRACON& Tower with Radar,452,234,111,2,799,0,2,27,0,29,452,236,138,2,828,0,0,0,828
01/29/2005,TPA,FL,ASO,ES,Combined TRACON& Tower with Radar,396,162,31,2,591,0,0,36,0,36,396,162,67,2,627,0,0,0,627
01/30/2005,TPA,FL,ASO,ES,Combined TRACON& Tower with Radar,418,162,56,2,638,0,1,34,0,35,418,163,90,2,673,0,0,0,673
01/31/2005,TPA,FL,ASO,ES,Combined TRACON& Tower with Radar,453,202,73,2,730,0,1,52,0,53,453,203,125,2,783,94,0,94,877
02/01/2005,TPA,FL,ASO,ES,Combined TRACON& Tower with Radar,432,205,73,0,710,0,1,87,1,89,432,206,160,1,799,30,0,30,829
02/02/2005,TPA,FL,ASO,ES,Combined TRACON& Tower with Radar,426,202,109,7,744,0,0,37,0,37,426,202,146,7,781,0,0,0,781
02/03/2005,TPA,FL,ASO,ES,Combined TRACON& Tower with Radar,448,223,94,2,767,0,1,52,0,53,448,224,146,2,820,0,0,0,820
02/04/2005,TPA,FL,ASO,ES,Combined TRACON& Tower with Radar,463,211,85,5,764,0,0,28,0,28,463,211,113,5,792,0,0,0,792
02/05/2005,TPA,FL,ASO,ES,Combined TRACON& Tower with Radar,435,151,40,2,628,0,1,41,0,42,435,152,81,2,670,0,0,0,670
02/06/2005,TPA,FL,ASO,ES,Combined TRACON& Tower with Radar,440,147,62,3,652,0,0,38,0,38,440,147,100,3,690,0,0,0,690
02/07/2005,TPA,FL,ASO,ES,Combined TRACON& Tower with Radar,446,189,89,0,724,0,1,43,0,44,446,190,132,0,768,0,0,0,768
02/08/2005,TPA,FL,ASO,ES,Combined TRACON& Tower with Radar,445,205,74,1,725,0,1,76,0,77,445,206,150,1,802,0,0,0,802
02/09/2005,TPA,FL,ASO,ES,Combined TRACON& Tower with Radar,439,220,98,1,758,0,1,61,0,62,439,221,159,1,820,0,0,0,820
02/10/2005,TPA,FL,ASO,ES,Combined TRACON& Tower with Radar,469,202,106,0,777,0,2,65,0,67,469,204,171,0,844,0,0,0,844
02/11/2005,TPA,FL,ASO,ES,Combined TRACON& Tower with Radar,465,214,90,2,771,0,4,59,1,64,465,218,149,3,835,0,0,0,835
02/12/2005,TPA,FL,ASO,ES,Combined TRACON& Tower with Radar,461,136,46,1,644,0,2,44,0,46,461,138,90,1,690,0,0,0,690
02/13/2005,TPA,FL,ASO,ES,Combined TRACON& Tower with Radar,450,155,53,3,661,0,0,46,1,47,450,155,99,4,708,0,0,0,708
02/14/2005,TPA,FL,ASO,ES,Combined TRACON& Tower with Radar,453,190,56,0,699,0,2,56,0,58,453,192,112,0,757,0,0,0,757
02/15/2005,TPA,FL,ASO,ES,Combined TRACON& Tower with Radar,457,207,89,0,753,0,1,69,0,70,457,208,158,0,823,0,0,0,823
02/16/2005,TPA,FL,ASO,ES,Combined TRACON& Tower with Radar,466,206,115,0,787,0,0,83,0,83,466,206,198,0,870,0,0,0,870
02/17/2005,TPA,FL,ASO,ES,Combined TRACON& Tower with Radar,487,239,108,4,838,0,2,55,0,57,487,241,163,4,895,0,0,0,895
02/18/2005,TPA,FL,ASO,ES,Combined TRACON& Tower with Radar,488,232,115,0,835,0,2,56,0,58,488,234,171,0,893,0,0,0,893
02/19/2005,TPA,FL,ASO,ES,Combined TRACON& Tower with Radar,476,169,48,1,694,0,1,42,0,43,476,170,90,1,737,0,0,0,737
02/20/2005,TPA,FL,ASO,ES,Combined TRACON& Tower with Radar,464,164,55,1,684,0,4,42,0,46,464,168,97,1,730,0,0,0,730
02/21/2005,TPA,FL,ASO,ES,Combined TRACON& Tower with Radar,472,179,86,0,737,0,1,54,1,56,472,180,140,1,793,0,0,0,793
02/22/2005,TPA,FL,ASO,ES,Combined TRACON& Tower with Radar,496,204,135,0,835,0,0,38,0,38,496,204,173,0,873,0,0,0,873
02/23/2005,TPA,FL,ASO,ES,Combined TRACON& Tower with Radar,479,213,117,0,809,0,0,36,0,36,479,213,153,0,845,0,0,0,845
02/24/2005,TPA,FL,ASO,ES,Combined TRACON& Tower with Radar,473,211,105,0,789,0,0,54,0,54,473,211,159,0,843,0,0,0,843
02/25/2005,TPA,FL,ASO,ES,Combined TRACON& Tower with Radar,496,221,93,6,816,0,0,7,0,7,496,221,100,6,823,0,0,0,823
02/26/2005,TPA,FL,ASO,ES,Combined TRACON& Tower with Radar,480,159,54,3,696,0,1,11,0,12,480,160,65,3,708,0,0,0,708
02/27/2005,TPA,FL,ASO,ES,Combined TRACON& Tower with Radar,460,167,69,0,696,0,0,3,0,3,460,167,72,0,699,0,0,0,699
02/28/2005,TPA,FL,ASO,ES,Combined TRACON& Tower with Radar,476,205,76,0,757,0,2,31,0,33,476,207,107,0,790,0,0,0,790
03/01/2005,TPA,FL,ASO,ES,Combined TRACON& Tower with Radar,478,228,96,2,804,0,0,58,2,60,478,228,154,4,864,0,0,0,864
03/02/2005,TPA,FL,ASO,ES,Combined TRACON& Tower with Radar,483,225,109,0,817,0,1,54,0,55,483,226,163,0,872,0,0,0,872
03/03/2005,TPA,FL,ASO,ES,Combined TRACON& Tower with Radar,490,206,140,1,837,0,3,34,1,38,490,209,174,2,875,0,0,0,875
03/04/2005,TPA,FL,ASO,ES,Combined TRACON& Tower with Radar,489,218,102,1,810,0,1,45,0,46,489,219,147,1,856,0,0,0,856
03/05/2005,TPA,FL,ASO,ES,Combined TRACON& Tower with Radar,481,151,41,2,675,0,3,48,0,51,481,154,89,2,726,0,0,0,726
03/06/2005,TPA,FL,ASO,ES,Combined TRACON& Tower with Radar,463,162,71,1,697,0,0,36,1,37,463,162,107,2,734,0,0,0,734
03/07/2005,TPA,FL,ASO,ES,Combined TRACON& Tower with Radar,484,191,98,4,777,0,0,48,2,50,484,191,146,6,827,0,0,0,827
03/08/2005,TPA,FL,ASO,ES,Combined TRACON& Tower with Radar,456,224,81,0,761,1,2,33,0,36,457,226,114,0,797,0,0,0,797
03/09/2005,TPA,FL,ASO,ES,Combined TRACON& Tower with Radar,474,219,109,1,803,0,0,18,0,18,474,219,127,1,821,0,0,0,821
03/10/2005,TPA,FL,ASO,ES,Combined TRACON& Tower with Radar,504,233,97,0,834,0,5,65,0,70,504,238,162,0,904,0,0,0,904
03/11/2005,TPA,FL,ASO,ES,Combined TRACON& Tower with Radar,489,227,76,0,792,0,1,59,0,60,489,228,135,0,852,0,0,0,852
03/12/2005,TPA,FL,ASO,ES,Combined TRACON& Tower with Radar,473,149,51,2,675,0,2,52,0,54,473,151,103,2,729,0,0,0,729
03/13/2005,TPA,FL,ASO,ES,Combined TRACON& Tower with Radar,477,172,55,0,704,0,2,48,1,51,477,174,103,1,755,0,0,0,755
03/14/2005,TPA,FL,ASO,ES,Combined TRACON& Tower with Radar,487,188,80,2,757,0,2,46,0,48,487,190,126,2,805,0,0,0,805
03/15/2005,TPA,FL,ASO,ES,Combined TRACON& Tower with Radar,484,238,120,1,843,0,0,15,0,15,484,238,135,1,858,0,0,0,858
03/16/2005,TPA,FL,ASO,ES,Combined TRACON& Tower with Radar,470,221,99,1,791,0,1,20,0,21,470,222,119,1,812,0,0,0,812
03/17/2005,TPA,FL,ASO,ES,Combined TRACON& Tower with Radar,499,196,85,2,782,0,0,8,0,8,499,196,93,2,790,0,0,0,790
03/18/2005,TPA,FL,ASO,ES,Combined TRACON& Tower with Radar,513,237,99,1,850,0,0,61,1,62,513,237,160,2,912,0,0,0,912
03/19/2005,TPA,FL,ASO,ES,Combined TRACON& Tower with Radar,476,167,79,0,722,0,3,52,0,55,476,170,131,0,777,0,0,0,777
03/20/2005,TPA,FL,ASO,ES,Combined TRACON& Tower with Radar,471,165,70,0,706,0,0,37,0,37,471,165,107,0,743,0,0,0,743
03/21/2005,TPA,FL,ASO,ES,Combined TRACON& Tower with Radar,491,197,91,3,782,0,0,40,0,40,491,197,131,3,822,0,0,0,822
03/22/2005,TPA,FL,ASO,ES,Combined TRACON& Tower with Radar,470,230,95,0,795,0,6,32,0,38,470,236,127,0,833,0,0,0,833
03/23/2005,TPA,FL,ASO,ES,Combined TRACON& Tower with Radar,477,219,112,0,808,0,15,24,1,40,477,234,136,1,848,0,0,0,848
03/24/2005,TPA,FL,ASO,ES,Combined TRACON& Tower with Radar,502,251,130,0,883,0,2,54,1,57,502,253,184,1,940,40,0,40,980
03/25/2005,TPA,FL,ASO,ES,Combined TRACON& Tower with Radar,424,184,72,2,682,0,4,32,0,36,424,188,104,2,718,0,0,0,718
03/26/2005,TPA,FL,ASO,ES,Combined TRACON& Tower with Radar,541,171,76,2,790,0,0,26,0,26,541,171,102,2,816,0,0,0,816
03/27/2005,TPA,FL,ASO,ES,Combined TRACON& Tower with Radar,477,165,63,2,707,0,1,26,0,27,477,166,89,2,734,0,0,0,734
03/28/2005,TPA,FL,ASO,ES,Combined TRACON& Tower with Radar,487,196,80,4,767,0,2,20,3,25,487,198,100,7,792,0,0,0,792
03/29/2005,TPA,FL,ASO,ES,Combined TRACON& Tower with Radar,495,224,97,1,817,0,9,75,0,84,495,233,172,1,901,0,0,0,901
03/30/2005,TPA,FL,ASO,ES,Combined TRACON& Tower with Radar,477,226,116,2,821,0,23,74,0,97,477,249,190,2,918,0,0,0,918
03/31/2005,TPA,FL,ASO,ES,Combined TRACON& Tower with Radar,488,227,99,1,815,0,9,58,4,71,488,236,157,5,886,0,0,0,886
04/01/2005,TPA,FL,ASO,ES,Combined TRACON& Tower with Radar,504,217,122,1,844,0,2,49,0,51,504,219,171,1,895,0,0,0,895
04/02/2005,TPA,FL,ASO,ES,Combined TRACON& Tower with Radar,465,181,63,1,710,0,0,32,1,33,465,181,95,2,743,0,0,0,743
04/03/2005,TPA,FL,ASO,ES,Combined TRACON& Tower with Radar,485,170,66,2,723,0,0,51,0,51,485,170,117,2,774,0,0,0,774
04/04/2005,TPA,FL,ASO,ES,Combined TRACON& Tower with Radar,483,201,77,3,764,0,0,59,0,59,483,201,136,3,823,0,0,0,823
04/05/2005,TPA,FL,ASO,ES,Combined TRACON& Tower with Radar,464,213,69,2,748,0,1,49,1,51,464,214,118,3,799,0,0,0,799
04/06/2005,TPA,FL,ASO,ES,Combined TRACON& Tower with Radar,469,221,91,0,781,0,2,60,0,62,469,223,151,0,843,0,0,0,843
04/07/2005,TPA,FL,ASO,ES,Combined TRACON& Tower with Radar,475,197,85,1,758,0,0,0,0,0,475,197,85,1,758,0,0,0,758
04/08/2005,TPA,FL,ASO,ES,Combined TRACON& Tower with Radar,491,215,66,0,772,0,1,30,0,31,491,216,96,0,803,0,0,0,803
04/09/2005,TPA,FL,ASO,ES,Combined TRACON& Tower with Radar,465,147,67,8,687,0,1,39,1,41,465,148,106,9,728,0,0,0,728
04/10/2005,TPA,FL,ASO,ES,Combined TRACON& Tower with Radar,468,144,50,3,665,0,0,46,0,46,468,144,96,3,711,0,0,0,711
04/11/2005,TPA,FL,ASO,ES,Combined TRACON& Tower with Radar,468,190,82,3,743,0,0,64,1,65,468,190,146,4,808,0,0,0,808
04/12/2005,TPA,FL,ASO,ES,Combined TRACON& Tower with Radar,462,216,103,7,788,0,3,43,0,46,462,219,146,7,834,0,0,0,834
04/13/2005,TPA,FL,ASO,ES,Combined TRACON& Tower with Radar,475,217,90,4,786,0,1,71,0,72,475,218,161,4,858,0,0,0,858
04/14/2005,TPA,FL,ASO,ES,Combined TRACON& Tower with Radar,485,214,104,5,808,0,0,83,0,83,485,214,187,5,891,0,0,0,891
04/15/2005,TPA,FL,ASO,ES,Combined TRACON& Tower with Radar,485,208,116,3,812,0,1,57,0,58,485,209,173,3,870,0,0,0,870
04/16/2005,TPA,FL,ASO,ES,Combined TRACON& Tower with Radar,461,151,73,0,685,0,1,57,0,58,461,152,130,0,743,0,0,0,743
04/17/2005,TPA,FL,ASO,ES,Combined TRACON& Tower with Radar,468,148,80,4,700,0,0,64,0,64,468,148,144,4,764,75,0,75,839
04/18/2005,TPA,FL,ASO,ES,Combined TRACON& Tower with Radar,470,188,76,0,734,0,3,62,0,65,470,191,138,0,799,0,0,0,799
04/19/2005,TPA,FL,ASO,ES,Combined TRACON& Tower with Radar,466,203,83,1,753,0,7,44,2,53,466,210,127,3,806,0,0,0,806
04/20/2005,TPA,FL,ASO,ES,Combined TRACON& Tower with Radar,462,209,77,1,749,0,4,46,0,50,462,213,123,1,799,0,0,0,799
04/21/2005,TPA,FL,ASO,ES,Combined TRACON& Tower with Radar,488,212,110,0,810,0,4,78,0,82,488,216,188,0,892,0,0,0,892
04/22/2005,TPA,FL,ASO,ES,Combined TRACON& Tower with Radar,473,204,97,1,775,0,3,74,0,77,473,207,171,1,852,0,0,0,852
04/23/2005,TPA,FL,ASO,ES,Combined TRACON& Tower with Radar,459,138,37,1,635,0,2,22,0,24,459,140,59,1,659,0,0,0,659
04/24/2005,TPA,FL,ASO,ES,Combined TRACON& Tower with Radar,481,153,52,3,689,0,0,26,0,26,481,153,78,3,715,0,0,0,715
04/25/2005,TPA,FL,ASO,ES,Combined TRACON& Tower with Radar,467,190,94,0,751,0,1,55,0,56,467,191,149,0,807,0,0,0,807
04/26/2005,TPA,FL,ASO,ES,Combined TRACON& Tower with Radar,447,200,82,0,729,0,3,60,0,63,447,203,142,0,792,0,0,0,792
04/27/2005,TPA,FL,ASO,ES,Combined TRACON& Tower with Radar,473,235,87,0,795,0,2,41,0,43,473,237,128,0,838,0,0,0,838
04/28/2005,TPA,FL,ASO,ES,Combined TRACON& Tower with Radar,476,216,91,0,783,0,5,81,0,86,476,221,172,0,869,0,0,0,869
04/29/2005,TPA,FL,ASO,ES,Combined TRACON& Tower with Radar,486,193,87,1,767,0,4,57,1,62,486,197,144,2,829,0,0,0,829
04/30/2005,TPA,FL,ASO,ES,Combined TRACON& Tower with Radar,437,127,38,1,603,0,5,37,0,42,437,132,75,1,645,0,0,0,645
05/01/2005,TPA,FL,ASO,ES,Combined TRACON& Tower with Radar,460,137,61,1,659,0,0,27,1,28,460,137,88,2,687,0,0,0,687
05/02/2005,TPA,FL,ASO,ES,Combined TRACON& Tower with Radar,443,176,69,0,688,0,3,43,0,46,443,179,112,0,734,0,0,0,734
05/03/2005,TPA,FL,ASO,ES,Combined TRACON& Tower with Radar,449,191,57,0,697,0,2,56,0,58,449,193,113,0,755,0,0,0,755
05/04/2005,TPA,FL,ASO,ES,Combined TRACON& Tower with Radar,434,191,105,1,731,0,1,12,0,13,434,192,117,1,744,0,0,0,744
05/05/2005,TPA,FL,ASO,ES,Combined TRACON& Tower with Radar,460,203,93,1,757,0,0,35,0,35,460,203,128,1,792,0,0,0,792
05/06/2005,TPA,FL,ASO,ES,Combined TRACON& Tower with Radar,459,199,108,1,767,0,1,51,0,52,459,200,159,1,819,0,0,0,819
05/07/2005,TPA,FL,ASO,ES,Combined TRACON& Tower with Radar,429,129,51,3,612,0,3,31,0,34,429,132,82,3,646,8,0,8,654
05/08/2005,TPA,FL,ASO,ES,Combined TRACON& Tower with Radar,417,134,59,0,610,0,2,40,0,42,417,136,99,0,652,0,0,0,652
05/09/2005,TPA,FL,ASO,ES,Combined TRACON& Tower with Radar,431,177,77,1,686,0,1,47,1,49,431,178,124,2,735,0,0,0,735
05/10/2005,TPA,FL,ASO,ES,Combined TRACON& Tower with Radar,426,195,91,0,712,0,1,64,0,65,426,196,155,0,777,0,0,0,777
05/11/2005,TPA,FL,ASO,ES,Combined TRACON& Tower with Radar,424,189,88,2,703,0,1,48,0,49,424,190,136,2,752,0,0,0,752
05/12/2005,TPA,FL,ASO,ES,Combined TRACON& Tower with Radar,435,193,97,0,725,0,2,63,0,65,435,195,160,0,790,0,0,0,790
05/13/2005,TPA,FL,ASO,ES,Combined TRACON& Tower with Radar,441,182,79,0,702,0,4,52,0,56,441,186,131,0,758,0,0,0,758
05/14/2005,TPA,FL,ASO,ES,Combined TRACON& Tower with Radar,416,128,39,1,584,0,1,43,0,44,416,129,82,1,628,0,0,0,628
05/15/2005,TPA,FL,ASO,ES,Combined TRACON& Tower with Radar,414,147,57,1,619,0,2,35,0,37,414,149,92,1,656,0,0,0,656
05/16/2005,TPA,FL,ASO,ES,Combined TRACON& Tower with Radar,430,184,74,0,688,0,3,29,0,32,430,187,103,0,720,0,0,0,720
05/17/2005,TPA,FL,ASO,ES,Combined TRACON& Tower with Radar,433,204,108,1,746,0,4,41,0,45,433,208,149,1,791,0,0,0,791
05/18/2005,TPA,FL,ASO,ES,Combined TRACON& Tower with Radar,424,207,84,2,717,0,2,44,0,46,424,209,128,2,763,0,0,0,763
05/19/2005,TPA,FL,ASO,ES,Combined TRACON& Tower with Radar,431,210,107,2,750,0,5,49,0,54,431,215,156,2,804,0,0,0,804
05/20/2005,TPA,FL,ASO,ES,Combined TRACON& Tower with Radar,440,206,73,3,722,0,2,55,0,57,440,208,128,3,779,0,0,0,779
05/21/2005,TPA,FL,ASO,ES,Combined TRACON& Tower with Radar,423,131,42,0,596,0,4,39,0,43,423,135,81,0,639,0,0,0,639
05/22/2005,TPA,FL,ASO,ES,Combined TRACON& Tower with Radar,427,143,58,1,629,0,0,36,0,36,427,143,94,1,665,0,0,0,665
05/23/2005,TPA,FL,ASO,ES,Combined TRACON& Tower with Radar,432,176,63,1,672,0,2,39,0,41,432,178,102,1,713,0,0,0,713
05/24/2005,TPA,FL,ASO,ES,Combined TRACON& Tower with Radar,420,200,110,1,731,0,0,37,1,38,420,200,147,2,769,0,0,0,769
05/25/2005,TPA,FL,ASO,ES,Combined TRACON& Tower with Radar,431,201,93,0,725,0,2,33,0,35,431,203,126,0,760,0,0,0,760
05/26/2005,TPA,FL,ASO,ES,Combined TRACON& Tower with Radar,442,191,98,0,731,0,4,51,0,55,442,195,149,0,786,0,0,0,786
05/27/2005,TPA,FL,ASO,ES,Combined TRACON& Tower with Radar,448,208,76,0,732,0,5,62,0,67,448,213,138,0,799,54,0,54,853
05/28/2005,TPA,FL,ASO,ES,Combined TRACON& Tower with Radar,413,136,35,0,584,0,1,41,0,42,413,137,76,0,626,0,0,0,626
05/29/2005,TPA,FL,ASO,ES,Combined TRACON& Tower with Radar,393,132,29,0,554,0,1,26,0,27,393,133,55,0,581,0,0,0,581
05/30/2005,TPA,FL,ASO,ES,Combined TRACON& Tower with Radar,411,151,70,0,632,0,1,25,0,26,411,152,95,0,658,0,0,0,658
05/31/2005,TPA,FL,ASO,ES,Combined TRACON& Tower with Radar,444,170,54,0,668,0,1,29,0,30,444,171,83,0,698,0,0,0,698
06/01/2005,TPA,FL,ASO,ES,Combined TRACON& Tower with Radar,435,185,86,3,709,0,0,25,0,25,435,185,111,3,734,0,0,0,734
06/02/2005,TPA,FL,ASO,ES,Combined TRACON& Tower with Radar,455,195,87,2,739,0,0,30,0,30,455,195,117,2,769,0,0,0,769
06/03/2005,TPA,FL,ASO,ES,Combined TRACON& Tower with Radar,451,206,79,0,736,0,2,37,1,40,451,208,116,1,776,0,0,0,776
06/04/2005,TPA,FL,ASO,ES,Combined TRACON& Tower with Radar,386,120,34,1,541,0,1,17,0,18,386,121,51,1,559,0,0,0,559
06/05/2005,TPA,FL,ASO,ES,Combined TRACON& Tower with Radar,422,140,68,4,634,0,0,22,0,22,422,140,90,4,656,0,0,0,656
06/06/2005,TPA,FL,ASO,ES,Combined TRACON& Tower with Radar,418,163,63,1,645,0,1,37,0,38,418,164,100,1,683,0,0,0,683
06/07/2005,TPA,FL,ASO,ES,Combined TRACON& Tower with Radar,444,200,84,2,730,0,3,51,0,54,444,203,135,2,784,0,0,0,784
06/08/2005,TPA,FL,ASO,ES,Combined TRACON& Tower with Radar,435,191,74,3,703,0,6,48,0,54,435,197,122,3,757,0,0,0,757
06/09/2005,TPA,FL,ASO,ES,Combined TRACON& Tower with Radar,428,192,104,4,728,0,0,38,0,38,428,192,142,4,766,0,0,0,766
06/10/2005,TPA,FL,ASO,ES,Combined TRACON& Tower with Radar,438,190,79,3,710,0,1,18,0,19,438,191,97,3,729,0,0,0,729
06/11/2005,TPA,FL,ASO,ES,Combined TRACON& Tower with Radar,392,93,21,3,509,0,0,10,0,10,392,93,31,3,519,0,0,0,519
06/12/2005,TPA,FL,ASO,ES,Combined TRACON& Tower with Radar,422,132,55,0,609,0,2,10,0,12,422,134,65,0,621,0,0,0,621
06/13/2005,TPA,FL,ASO,ES,Combined TRACON& Tower with Radar,422,132,55,0,609,0,2,10,0,12,422,134,65,0,621,0,0,0,621
06/14/2005,TPA,FL,ASO,ES,Combined TRACON& Tower with Radar,439,191,91,0,721,0,2,35,1,38,439,193,126,1,759,0,0,0,759
06/15/2005,TPA,FL,ASO,ES,Combined TRACON& Tower with Radar,441,195,83,1,720,0,9,48,0,57,441,204,131,1,777,0,0,0,777
06/16/2005,TPA,FL,ASO,ES,Combined TRACON& Tower with Radar,475,198,108,0,781,0,1,46,1,48,475,199,154,1,829,0,0,0,829
06/17/2005,TPA,FL,ASO,ES,Combined TRACON& Tower with Radar,455,202,81,0,738,0,1,44,0,45,455,203,125,0,783,0,0,0,783
06/18/2005,TPA,FL,ASO,ES,Combined TRACON& Tower with Radar,430,125,48,0,603,0,0,34,1,35,430,125,82,1,638,0,0,0,638
06/19/2005,TPA,FL,ASO,ES,Combined TRACON& Tower with Radar,424,135,45,0,604,0,2,22,0,24,424,137,67,0,628,0,0,0,628
06/20/2005,TPA,FL,ASO,ES,Combined TRACON& Tower with Radar,432,164,65,2,663,0,0,29,0,29,432,164,94,2,692,0,0,0,692
06/21/2005,TPA,FL,ASO,ES,Combined TRACON& Tower with Radar,438,186,78,1,703,0,0,25,0,25,438,186,103,1,728,0,0,0,728
06/22/2005,TPA,FL,ASO,ES,Combined TRACON& Tower with Radar,429,196,107,0,732,0,1,25,0,26,429,197,132,0,758,0,0,0,758
06/23/2005,TPA,FL,ASO,ES,Combined TRACON& Tower with Radar,449,199,91,1,740,0,0,35,2,37,449,199,126,3,777,0,0,0,777
06/24/2005,TPA,FL,ASO,ES,Combined TRACON& Tower with Radar,440,197,80,2,719,0,2,45,0,47,440,199,125,2,766,0,0,0,766
06/25/2005,TPA,FL,ASO,ES,Combined TRACON& Tower with Radar,423,132,55,0,610,0,1,31,0,32,423,133,86,0,642,0,0,0,642
06/26/2005,TPA,FL,ASO,ES,Combined TRACON& Tower with Radar,412,145,44,0,601,0,1,36,0,37,412,146,80,0,638,0,0,0,638
06/27/2005,TPA,FL,ASO,ES,Combined TRACON& Tower with Radar,418,174,54,0,646,0,1,28,0,29,418,175,82,0,675,0,0,0,675
06/28/2005,TPA,FL,ASO,ES,Combined TRACON& Tower with Radar,431,201,69,0,701,0,0,30,0,30,431,201,99,0,731,0,0,0,731
06/29/2005,TPA,FL,ASO,ES,Combined TRACON& Tower with Radar,442,210,93,0,745,0,0,32,0,32,442,210,125,0,777,0,0,0,777
06/30/2005,TPA,FL,ASO,ES,Combined TRACON& Tower with Radar,436,209,94,0,739,0,0,26,0,26,436,209,120,0,765,0,0,0,765
07/01/2005,TPA,FL,ASO,ES,Combined TRACON& Tower with Radar,434,193,93,0,720,0,1,55,0,56,434,194,148,0,776,18,0,18,794
07/02/2005,TPA,FL,ASO,ES,Combined TRACON& Tower with Radar,256,68,15,0,339,0,1,16,0,17,256,69,31,0,356,0,0,0,356
07/03/2005,TPA,FL,ASO,ES,Combined TRACON& Tower with Radar,390,121,38,0,549,0,3,37,0,40,390,124,75,0,589,0,0,0,589
07/04/2005,TPA,FL,ASO,ES,Combined TRACON& Tower with Radar,397,141,27,0,565,0,0,26,0,26,397,141,53,0,591,10,0,10,601
07/05/2005,TPA,FL,ASO,ES,Combined TRACON& Tower with Radar,415,167,61,2,645,0,0,44,0,44,415,167,105,2,689,0,0,0,689
07/06/2005,TPA,FL,ASO,ES,Combined TRACON& Tower with Radar,438,195,50,2,685,0,3,60,0,63,438,198,110,2,748,0,0,0,748
07/07/2005,TPA,FL,ASO,ES,Combined TRACON& Tower with Radar,414,183,71,0,668,0,5,56,0,61,414,188,127,0,729,0,0,0,729
07/08/2005,TPA,FL,ASO,ES,Combined TRACON& Tower with Radar,436,207,54,0,697,0,0,39,0,39,436,207,93,0,736,0,0,0,736
07/09/2005,TPA,FL,ASO,ES,Combined TRACON& Tower with Radar,397,66,11,0,474,0,1,2,0,3,397,67,13,0,477,0,0,0,477
07/10/2005,TPA,FL,ASO,ES,Combined TRACON& Tower with Radar,398,78,22,0,498,0,0,7,0,7,398,78,29,0,505,8,0,8,513
07/11/2005,TPA,FL,ASO,ES,Combined TRACON& Tower with Radar,433,164,71,0,668,0,0,45,0,45,433,164,116,0,713,0,0,0,713
07/12/2005,TPA,FL,ASO,ES,Combined TRACON& Tower with Radar,435,186,74,2,697,0,9,30,0,39,435,195,104,2,736,0,0,0,736
07/13/2005,TPA,FL,ASO,ES,Combined TRACON& Tower with Radar,396,179,101,0,676,0,1,29,0,30,396,180,130,0,706,0,0,0,706
07/14/2005,TPA,FL,ASO,ES,Combined TRACON& Tower with Radar,443,205,97,0,745,0,2,44,1,47,443,207,141,1,792,0,0,0,792
07/15/2005,TPA,FL,ASO,ES,Combined TRACON& Tower with Radar,408,193,90,0,691,0,1,58,1,60,408,194,148,1,751,0,0,0,751
07/16/2005,TPA,FL,ASO,ES,Combined TRACON& Tower with Radar,427,145,39,0,611,0,0,19,0,19,427,145,58,0,630,0,0,0,630
07/17/2005,TPA,FL,ASO,ES,Combined TRACON& Tower with Radar,401,145,54,0,600,0,0,37,0,37,401,145,91,0,637,0,0,0,637
07/18/2005,TPA,FL,ASO,ES,Combined TRACON& Tower with Radar,437,185,60,0,682,0,3,42,2,47,437,188,102,2,729,0,0,0,729
07/19/2005,TPA,FL,ASO,ES,Combined TRACON& Tower with Radar,433,218,87,0,738,0,0,48,0,48,433,218,135,0,786,0,0,0,786
07/20/2005,TPA,FL,ASO,ES,Combined TRACON& Tower with Radar,439,212,72,0,723,0,1,45,0,46,439,213,117,0,769,0,0,0,769
07/21/2005,TPA,FL,ASO,ES,Combined TRACON& Tower with Radar,433,219,94,0,746,0,7,35,0,42,433,226,129,0,788,0,0,0,788
07/22/2005,TPA,FL,ASO,ES,Combined TRACON& Tower with Radar,439,202,81,0,722,0,1,43,0,44,439,203,124,0,766,0,0,0,766
07/23/2005,TPA,FL,ASO,ES,Combined TRACON& Tower with Radar,426,140,40,0,606,0,1,32,0,33,426,141,72,0,639,0,0,0,639
07/24/2005,TPA,FL,ASO,ES,Combined TRACON& Tower with Radar,424,151,40,0,615,0,0,34,0,34,424,151,74,0,649,0,0,0,649
07/25/2005,TPA,FL,ASO,ES,Combined TRACON& Tower with Radar,414,192,54,0,660,0,4,31,0,35,414,196,85,0,695,0,0,0,695
07/26/2005,TPA,FL,ASO,ES,Combined TRACON& Tower with Radar,443,220,71,0,734,0,3,60,1,64,443,223,131,1,798,0,0,0,798
07/27/2005,TPA,FL,ASO,ES,Combined TRACON& Tower with Radar,422,235,79,0,736,0,2,49,1,52,422,237,128,1,788,30,0,30,818
07/28/2005,TPA,FL,ASO,ES,Combined TRACON& Tower with Radar,450,220,83,1,754,0,2,52,0,54,450,222,135,1,808,4,0,4,812
07/29/2005,TPA,FL,ASO,ES,Combined TRACON& Tower with Radar,433,221,72,1,727,0,0,34,0,34,433,221,106,1,761,0,0,0,761
07/30/2005,TPA,FL,ASO,ES,Combined TRACON& Tower with Radar,419,148,30,1,598,0,1,40,2,43,419,149,70,3,641,0,0,0,641
07/31/2005,TPA,FL,ASO,ES,Combined TRACON& Tower with Radar,416,147,45,0,608,0,0,33,0,33,416,147,78,0,641,0,0,0,641
08/01/2005,TPA,FL,ASO,ES,Combined TRACON& Tower with Radar,435,198,60,1,694,0,1,35,0,36,435,199,95,1,730,0,0,0,730
08/02/2005,TPA,FL,ASO,ES,Combined TRACON& Tower with Radar,430,215,73,0,718,0,6,50,0,56,430,221,123,0,774,0,0,0,774
08/03/2005,TPA,FL,ASO,ES,Combined TRACON& Tower with Radar,431,212,78,0,721,0,3,43,2,48,431,215,121,2,769,0,0,0,769
08/04/2005,TPA,FL,ASO,ES,Combined TRACON& Tower with Radar,425,206,75,0,706,0,0,59,0,59,425,206,134,0,765,0,0,0,765
08/05/2005,TPA,FL,ASO,ES,Combined TRACON& Tower with Radar,440,214,70,1,725,0,0,39,0,39,440,214,109,1,764,0,0,0,764
08/06/2005,TPA,FL,ASO,ES,Combined TRACON& Tower with Radar,422,149,38,0,609,0,0,23,0,23,422,149,61,0,632,0,0,0,632
08/07/2005,TPA,FL,ASO,ES,Combined TRACON& Tower with Radar,411,147,43,1,602,0,0,35,2,37,411,147,78,3,639,0,0,0,639
08/08/2005,TPA,FL,ASO,ES,Combined TRACON& Tower with Radar,415,189,57,1,662,0,2,33,0,35,415,191,90,1,697,36,0,36,733
08/09/2005,TPA,FL,ASO,ES,Combined TRACON& Tower with Radar,439,218,49,1,707,0,0,37,0,37,439,218,86,1,744,0,0,0,744
08/10/2005,TPA,FL,ASO,ES,Combined TRACON& Tower with Radar,428,213,55,0,696,0,1,38,0,39,428,214,93,0,735,0,0,0,735
08/11/2005,TPA,FL,ASO,ES,Combined TRACON& Tower with Radar,431,211,77,1,720,0,0,51,0,51,431,211,128,1,771,0,0,0,771
08/12/2005,TPA,FL,ASO,ES,Combined TRACON& Tower with Radar,432,198,62,1,693,0,0,46,0,46,432,198,108,1,739,20,0,20,759
08/13/2005,TPA,FL,ASO,ES,Combined TRACON& Tower with Radar,415,148,43,0,606,0,1,37,0,38,415,149,80,0,644,0,0,0,644
08/14/2005,TPA,FL,ASO,ES,Combined TRACON& Tower with Radar,415,148,43,0,606,0,1,37,0,38,415,149,80,0,644,0,0,0,644
08/15/2005,TPA,FL,ASO,ES,Combined TRACON& Tower with Radar,415,201,70,3,689,1,2,55,0,58,416,203,125,3,747,0,0,0,747
08/16/2005,TPA,FL,ASO,ES,Combined TRACON& Tower with Radar,425,218,86,1,730,0,1,34,0,35,425,219,120,1,765,0,0,0,765
08/17/2005,TPA,FL,ASO,ES,Combined TRACON& Tower with Radar,431,211,77,1,720,0,0,51,0,51,431,211,128,1,771,0,0,0,771
08/18/2005,TPA,FL,ASO,ES,Combined TRACON& Tower with Radar,427,213,92,2,734,0,0,53,0,53,427,213,145,2,787,0,0,0,787
08/19/2005,TPA,FL,ASO,ES,Combined TRACON& Tower with Radar,426,200,74,1,701,0,2,0,0,2,426,202,74,1,703,14,0,14,717
08/20/2005,TPA,FL,ASO,ES,Combined TRACON& Tower with Radar,430,140,37,1,608,0,2,45,0,47,430,142,82,1,655,0,0,0,655
08/21/2005,TPA,FL,ASO,ES,Combined TRACON& Tower with Radar,402,150,44,2,598,0,0,46,0,46,402,150,90,2,644,0,0,0,644
08/22/2005,TPA,FL,ASO,ES,Combined TRACON& Tower with Radar,404,188,59,0,651,0,0,31,0,31,404,188,90,0,682,0,0,0,682
08/23/2005,TPA,FL,ASO,ES,Combined TRACON& Tower with Radar,400,215,93,0,708,0,0,39,0,39,400,215,132,0,747,0,0,0,747
08/24/2005,TPA,FL,ASO,ES,Combined TRACON& Tower with Radar,409,214,87,2,712,0,0,0,0,0,409,214,87,2,712,6,0,6,718
08/25/2005,TPA,FL,ASO,ES,Combined TRACON& Tower with Radar,403,205,68,0,676,0,3,44,0,47,403,208,112,0,723,0,0,0,723
08/26/2005,TPA,FL,ASO,ES,Combined TRACON& Tower with Radar,339,137,31,0,507,0,0,16,0,16,339,137,47,0,523,0,0,0,523
08/27/2005,TPA,FL,ASO,ES,Combined TRACON& Tower with Radar,397,135,20,2,554,0,0,18,0,18,397,135,38,2,572,0,0,0,572
08/28/2005,TPA,FL,ASO,ES,Combined TRACON& Tower with Radar,391,153,35,0,579,0,0,16,0,16,391,153,51,0,595,0,0,0,595
08/29/2005,TPA,FL,ASO,ES,Combined TRACON& Tower with Radar,397,169,59,0,625,0,1,43,0,44,397,170,102,0,669,0,0,0,669
08/30/2005,TPA,FL,ASO,ES,Combined TRACON& Tower with Radar,396,205,65,0,666,0,0,21,0,21,396,205,86,0,687,0,0,0,687
08/31/2005,TPA,FL,ASO,ES,Combined TRACON& Tower with Radar,399,214,87,2,702,0,0,47,0,47,399,214,134,2,749,0,0,0,749
09/01/2005,TPA,FL,ASO,ES,Combined TRACON& Tower with Radar,397,202,80,0,679,0,1,37,0,38,397,203,117,0,717,0,0,0,717
09/02/2005,TPA,FL,ASO,ES,Combined TRACON& Tower with Radar,415,204,88,0,707,0,1,50,0,51,415,205,138,0,758,0,0,0,758
09/03/2005,TPA,FL,ASO,ES,Combined TRACON& Tower with Radar,400,145,27,0,572,0,5,35,1,41,400,150,62,1,613,20,0,20,633
09/04/2005,TPA,FL,ASO,ES,Combined TRACON& Tower with Radar,366,135,34,2,537,0,9,28,0,37,366,144,62,2,574,0,0,0,574
09/05/2005,TPA,FL,ASO,ES,Combined TRACON& Tower with Radar,377,159,61,0,597,0,4,18,0,22,377,163,79,0,619,0,0,0,619
09/06/2005,TPA,FL,ASO,ES,Combined TRACON& Tower with Radar,404,197,58,1,660,0,3,28,0,31,404,200,86,1,691,0,0,0,691
09/07/2005,TPA,FL,ASO,ES,Combined TRACON& Tower with Radar,386,214,79,4,683,0,2,23,0,25,386,216,102,4,708,0,0,0,708
09/08/2005,TPA,FL,ASO,ES,Combined TRACON& Tower with Radar,397,212,87,2,698,0,6,41,0,47,397,218,128,2,745,0,0,0,745
09/09/2005,TPA,FL,ASO,ES,Combined TRACON& Tower with Radar,402,202,98,1,703,0,2,38,0,40,402,204,136,1,743,0,0,0,743
09/10/2005,TPA,FL,ASO,ES,Combined TRACON& Tower with Radar,388,140,36,2,566,0,1,42,0,43,388,141,78,2,609,0,0,0,609
09/11/2005,TPA,FL,ASO,ES,Combined TRACON& Tower with Radar,377,144,58,0,579,0,2,24,0,26,377,146,82,0,605,0,0,0,605
09/12/2005,TPA,FL,ASO,ES,Combined TRACON& Tower with Radar,383,191,70,1,645,0,3,45,0,48,383,194,115,1,693,0,0,0,693
09/13/2005,TPA,FL,ASO,ES,Combined TRACON& Tower with Radar,382,205,73,0,660,0,1,37,0,38,382,206,110,0,698,0,0,0,698
09/14/2005,TPA,FL,ASO,ES,Combined TRACON& Tower with Radar,377,214,84,0,675,0,3,36,0,39,377,217,120,0,714,0,0,0,714
09/15/2005,TPA,FL,ASO,ES,Combined TRACON& Tower with Radar,387,207,76,2,672,0,3,41,0,44,387,210,117,2,716,0,0,0,716
09/16/2005,TPA,FL,ASO,ES,Combined TRACON& Tower with Radar,393,210,96,2,701,0,0,23,0,23,393,210,119,2,724,0,0,0,724
09/17/2005,TPA,FL,ASO,ES,Combined TRACON& Tower with Radar,396,154,49,2,601,0,4,29,0,33,396,158,78,2,634,0,0,0,634
09/18/2005,TPA,FL,ASO,ES,Combined TRACON& Tower with Radar,377,149,64,1,591,0,1,44,0,45,377,150,108,1,636,0,0,0,636
09/19/2005,TPA,FL,ASO,ES,Combined TRACON& Tower with Radar,379,187,69,0,635,0,1,64,0,65,379,188,133,0,700,0,0,0,700
09/20/2005,TPA,FL,ASO,ES,Combined TRACON& Tower with Radar,380,178,76,0,634,0,10,30,0,40,380,188,106,0,674,0,0,0,674
09/21/2005,TPA,FL,ASO,ES,Combined TRACON& Tower with Radar,382,192,80,1,655,1,2,20,0,23,383,194,100,1,678,0,0,0,678
09/22/2005,TPA,FL,ASO,ES,Combined TRACON& Tower with Radar,402,205,117,3,727,0,3,18,0,21,402,208,135,3,748,0,0,0,748
09/23/2005,TPA,FL,ASO,ES,Combined TRACON& Tower with Radar,390,209,95,1,695,0,2,41,0,43,390,211,136,1,738,0,0,0,738
09/24/2005,TPA,FL,ASO,ES,Combined TRACON& Tower with Radar,371,136,44,2,553,0,1,44,1,46,371,137,88,3,599,0,0,0,599
09/25/2005,TPA,FL,ASO,ES,Combined TRACON& Tower with Radar,371,150,47,1,569,0,3,30,0,33,371,153,77,1,602,0,0,0,602
09/26/2005,TPA,FL,ASO,ES,Combined TRACON& Tower with Radar,385,188,63,2,638,0,1,45,0,46,385,189,108,2,684,0,0,0,684
09/27/2005,TPA,FL,ASO,ES,Combined TRACON& Tower with Radar,389,204,66,0,659,0,7,60,0,67,389,211,126,0,726,36,0,36,762
09/28/2005,TPA,FL,ASO,ES,Combined TRACON& Tower with Radar,387,212,76,0,675,0,5,37,0,42,387,217,113,0,717,0,0,0,717
09/29/2005,TPA,FL,ASO,ES,Combined TRACON& Tower with Radar,392,209,88,0,689,0,13,35,0,48,392,222,123,0,737,0,0,0,737
09/30/2005,TPA,FL,ASO,ES,Combined TRACON& Tower with Radar,407,211,89,2,709,0,2,55,0,57,407,213,144,2,766,0,0,0,766
10/01/2005,TPA,FL,ASO,ES,Combined TRACON& Tower with Radar,395,141,45,0,581,0,4,23,1,28,395,145,68,1,609,0,0,0,609
10/02/2005,TPA,FL,ASO,ES,Combined TRACON& Tower with Radar,393,157,70,0,620,0,3,42,0,45,393,160,112,0,665,0,0,0,665
10/03/2005,TPA,FL,ASO,ES,Combined TRACON& Tower with Radar,396,192,95,0,683,0,1,25,0,26,396,193,120,0,709,0,0,0,709
10/04/2005,TPA,FL,ASO,ES,Combined TRACON& Tower with Radar,383,201,78,0,662,0,0,29,0,29,383,201,107,0,691,0,0,0,691
10/05/2005,TPA,FL,ASO,ES,Combined TRACON& Tower with Radar,395,196,83,0,674,0,3,32,1,36,395,199,115,1,710,0,0,0,710
10/06/2005,TPA,FL,ASO,ES,Combined TRACON& Tower with Radar,413,211,81,0,705,0,1,24,0,25,413,212,105,0,730,0,0,0,730
10/07/2005,TPA,FL,ASO,ES,Combined TRACON& Tower with Radar,412,197,74,0,683,0,1,14,0,15,412,198,88,0,698,0,0,0,698
10/08/2005,TPA,FL,ASO,ES,Combined TRACON& Tower with Radar,421,133,28,0,582,0,3,32,0,35,421,136,60,0,617,0,0,0,617
10/09/2005,TPA,FL,ASO,ES,Combined TRACON& Tower with Radar,402,141,38,0,581,0,7,26,0,33,402,148,64,0,614,0,0,0,614
10/10/2005,TPA,FL,ASO,ES,Combined TRACON& Tower with Radar,401,179,66,0,646,0,2,35,0,37,401,181,101,0,683,0,0,0,683
10/11/2005,TPA,FL,ASO,ES,Combined TRACON& Tower with Radar,404,206,113,0,723,0,0,28,0,28,404,206,141,0,751,0,0,0,751
10/12/2005,TPA,FL,ASO,ES,Combined TRACON& Tower with Radar,394,202,93,4,693,0,3,34,0,37,394,205,127,4,730,0,0,0,730
10/13/2005,TPA,FL,ASO,ES,Combined TRACON& Tower with Radar,409,211,104,2,726,0,0,36,0,36,409,211,140,2,762,0,0,0,762
10/14/2005,TPA,FL,ASO,ES,Combined TRACON& Tower with Radar,410,198,87,4,699,0,1,48,0,49,410,199,135,4,748,0,0,0,748
10/15/2005,TPA,FL,ASO,ES,Combined TRACON& Tower with Radar,411,133,47,2,593,0,3,37,0,40,411,136,84,2,633,0,0,0,633
10/16/2005,TPA,FL,ASO,ES,Combined TRACON& Tower with Radar,396,148,87,0,631,0,2,49,2,53,396,150,136,2,684,0,0,0,684
10/17/2005,TPA,FL,ASO,ES,Combined TRACON& Tower with Radar,405,196,60,0,661,0,2,55,0,57,405,198,115,0,718,0,0,0,718
10/18/2005,TPA,FL,ASO,ES,Combined TRACON& Tower with Radar,402,220,79,0,701,0,2,47,0,49,402,222,126,0,750,0,0,0,750
10/19/2005,TPA,FL,ASO,ES,Combined TRACON& Tower with Radar,406,210,94,0,710,0,4,50,1,55,406,214,144,1,765,0,0,0,765
10/20/2005,TPA,FL,ASO,ES,Combined TRACON& Tower with Radar,416,211,140,2,769,0,5,48,0,53,416,216,188,2,822,0,0,0,822
10/21/2005,TPA,FL,ASO,ES,Combined TRACON& Tower with Radar,433,197,79,0,709,0,0,31,3,34,433,197,110,3,743,0,0,0,743
10/22/2005,TPA,FL,ASO,ES,Combined TRACON& Tower with Radar,408,107,24,0,539,0,5,14,0,19,408,112,38,0,558,0,0,0,558
10/23/2005,TPA,FL,ASO,ES,Combined TRACON& Tower with Radar,399,111,55,0,565,0,4,11,0,15,399,115,66,0,580,0,0,0,580
10/24/2005,TPA,FL,ASO,ES,Combined TRACON& Tower with Radar,309,46,23,2,380,0,4,12,1,17,309,50,35,3,397,0,0,0,397
10/25/2005,TPA,FL,ASO,ES,Combined TRACON& Tower with Radar,379,135,86,1,601,0,9,34,0,43,379,144,120,1,644,0,0,0,644
10/26/2005,TPA,FL,ASO,ES,Combined TRACON& Tower with Radar,386,171,99,7,663,0,9,64,0,73,386,180,163,7,736,0,0,0,736
10/27/2005,TPA,FL,ASO,ES,Combined TRACON& Tower with Radar,408,184,75,3,670,0,9,63,1,73,408,193,138,4,743,0,0,0,743
10/28/2005,TPA,FL,ASO,ES,Combined TRACON& Tower with Radar,433,199,100,1,733,0,6,57,0,63,433,205,157,1,796,0,0,0,796
10/29/2005,TPA,FL,ASO,ES,Combined TRACON& Tower with Radar,418,129,53,0,600,0,4,34,0,38,418,133,87,0,638,0,0,0,638
10/30/2005,TPA,FL,ASO,ES,Combined TRACON& Tower with Radar,408,150,43,1,602,0,3,30,1,34,408,153,73,2,636,0,0,0,636
10/31/2005,TPA,FL,ASO,ES,Combined TRACON& Tower with Radar,416,200,40,0,656,0,5,41,0,46,416,205,81,0,702,0,0,0,702
11/01/2005,TPA,FL,ASO,ES,Combined TRACON& Tower with Radar,422,199,88,0,709,0,3,27,0,30,422,202,115,0,739,0,0,0,739
11/02/2005,TPA,FL,ASO,ES,Combined TRACON& Tower with Radar,428,217,116,0,761,0,6,51,0,57,428,223,167,0,818,0,0,0,818
11/03/2005,TPA,FL,ASO,ES,Combined TRACON& Tower with Radar,426,203,125,0,754,0,4,112,0,116,426,207,237,0,870,0,0,0,870
11/04/2005,TPA,FL,ASO,ES,Combined TRACON& Tower with Radar,434,215,164,0,813,0,5,89,0,94,434,220,253,0,907,0,0,0,907
11/05/2005,TPA,FL,ASO,ES,Combined TRACON& Tower with Radar,422,140,112,0,674,0,2,71,0,73,422,142,183,0,747,0,0,0,747
11/06/2005,TPA,FL,ASO,ES,Combined TRACON& Tower with Radar,409,151,105,0,665,0,3,61,0,64,409,154,166,0,729,0,0,0,729
11/07/2005,TPA,FL,ASO,ES,Combined TRACON& Tower with Radar,434,190,91,0,715,0,1,49,0,50,434,191,140,0,765,0,0,0,765
11/08/2005,TPA,FL,ASO,ES,Combined TRACON& Tower with Radar,401,198,99,0,698,0,5,41,0,46,401,203,140,0,744,0,0,0,744
11/09/2005,TPA,FL,ASO,ES,Combined TRACON& Tower with Radar,436,212,84,0,732,0,1,43,0,44,436,213,127,0,776,0,0,0,776
11/10/2005,TPA,FL,ASO,ES,Combined TRACON& Tower with Radar,448,205,114,0,767,0,1,42,0,43,448,206,156,0,810,0,0,0,810
11/11/2005,TPA,FL,ASO,ES,Combined TRACON& Tower with Radar,447,208,84,0,739,0,4,52,0,56,447,212,136,0,795,0,0,0,795
11/12/2005,TPA,FL,ASO,ES,Combined TRACON& Tower with Radar,440,127,45,3,615,0,5,41,0,46,440,132,86,3,661,0,0,0,661
11/13/2005,TPA,FL,ASO,ES,Combined TRACON& Tower with Radar,435,179,67,2,683,0,1,52,3,56,435,180,119,5,739,0,0,0,739
11/14/2005,TPA,FL,ASO,ES,Combined TRACON& Tower with Radar,440,194,92,2,728,0,1,42,2,45,440,195,134,4,773,0,0,0,773
11/15/2005,TPA,FL,ASO,ES,Combined TRACON& Tower with Radar,428,215,90,1,734,0,3,39,1,43,428,218,129,2,777,0,0,0,777
11/16/2005,TPA,FL,ASO,ES,Combined TRACON& Tower with Radar,445,215,94,2,756,0,2,59,0,61,445,217,153,2,817,0,0,0,817
11/17/2005,TPA,FL,ASO,ES,Combined TRACON& Tower with Radar,462,216,102,1,781,0,3,35,0,38,462,219,137,1,819,0,0,0,819
11/18/2005,TPA,FL,ASO,ES,Combined TRACON& Tower with Radar,462,227,103,3,795,0,3,48,3,54,462,230,151,6,849,0,0,0,849
11/19/2005,TPA,FL,ASO,ES,Combined TRACON& Tower with Radar,442,142,36,5,625,0,4,35,0,39,442,146,71,5,664,0,0,0,664
11/20/2005,TPA,FL,ASO,ES,Combined TRACON& Tower with Radar,421,152,44,0,617,0,3,22,0,25,421,155,66,0,642,0,0,0,642
11/21/2005,TPA,FL,ASO,ES,Combined TRACON& Tower with Radar,439,189,63,0,691,0,4,23,0,27,439,193,86,0,718,0,0,0,718
11/22/2005,TPA,FL,ASO,ES,Combined TRACON& Tower with Radar,457,211,75,0,743,0,2,44,2,48,457,213,119,2,791,0,0,0,791
11/23/2005,TPA,FL,ASO,ES,Combined TRACON& Tower with Radar,469,220,78,5,772,0,1,59,0,60,469,221,137,5,832,0,0,0,832
11/24/2005,TPA,FL,ASO,ES,Combined TRACON& Tower with Radar,376,151,18,0,545,0,2,23,0,25,376,153,41,0,570,0,0,0,570
11/25/2005,TPA,FL,ASO,ES,Combined TRACON& Tower with Radar,416,165,34,1,616,0,2,44,0,46,416,167,78,1,662,0,0,0,662
11/26/2005,TPA,FL,ASO,ES,Combined TRACON& Tower with Radar,441,137,41,1,620,0,1,41,1,43,441,138,82,2,663,0,0,0,663
11/27/2005,TPA,FL,ASO,ES,Combined TRACON& Tower with Radar,431,159,83,0,673,0,6,62,0,68,431,165,145,0,741,0,0,0,741
11/28/2005,TPA,FL,ASO,ES,Combined TRACON& Tower with Radar,436,195,61,0,692,0,1,25,0,26,436,196,86,0,718,0,0,0,718
11/29/2005,TPA,FL,ASO,ES,Combined TRACON& Tower with Radar,450,223,86,0,759,0,3,19,0,22,450,226,105,0,781,0,0,0,781
11/30/2005,TPA,FL,ASO,ES,Combined TRACON& Tower with Radar,447,216,97,0,760,0,2,44,0,46,447,218,141,0,806,0,0,0,806
12/01/2005,TPA,FL,ASO,ES,Combined TRACON& Tower with Radar,441,191,94,1,727,0,3,52,0,55,441,194,146,1,782,0,0,0,782
12/02/2005,TPA,FL,ASO,ES,Combined TRACON& Tower with Radar,441,188,85,3,717,0,4,54,1,59,441,192,139,4,776,0,0,0,776
12/03/2005,TPA,FL,ASO,ES,Combined TRACON& Tower with Radar,425,117,41,4,587,0,5,34,0,39,425,122,75,4,626,0,0,0,626
12/04/2005,TPA,FL,ASO,ES,Combined TRACON& Tower with Radar,403,129,53,0,585,0,4,45,0,49,403,133,98,0,634,0,0,0,634
12/05/2005,TPA,FL,ASO,ES,Combined TRACON& Tower with Radar,426,176,61,0,663,0,5,43,0,48,426,181,104,0,711,0,0,0,711
12/06/2005,TPA,FL,ASO,ES,Combined TRACON& Tower with Radar,429,189,88,2,708,0,3,27,0,30,429,192,115,2,738,0,0,0,738
12/07/2005,TPA,FL,ASO,ES,Combined TRACON& Tower with Radar,413,193,73,2,681,0,1,32,0,33,413,194,105,2,714,0,0,0,714
12/08/2005,TPA,FL,ASO,ES,Combined TRACON& Tower with Radar,430,201,76,2,709,0,0,23,0,23,430,201,99,2,732,0,0,0,732
12/09/2005,TPA,FL,ASO,ES,Combined TRACON& Tower with Radar,427,193,91,8,719,0,1,23,0,24,427,194,114,8,743,0,0,0,743
12/10/2005,TPA,FL,ASO,ES,Combined TRACON& Tower with Radar,437,133,54,10,634,0,1,26,0,27,437,134,80,10,661,0,0,0,661
12/11/2005,TPA,FL,ASO,ES,Combined TRACON& Tower with Radar,407,141,57,3,608,0,2,31,0,33,407,143,88,3,641,0,0,0,641
12/12/2005,TPA,FL,ASO,ES,Combined TRACON& Tower with Radar,434,178,87,3,702,0,6,65,0,71,434,184,152,3,773,0,0,0,773
12/13/2005,TPA,FL,ASO,ES,Combined TRACON& Tower with Radar,421,186,102,2,711,0,7,50,1,58,421,193,152,3,769,0,0,0,769
12/14/2005,TPA,FL,ASO,ES,Combined TRACON& Tower with Radar,406,192,125,3,726,0,6,67,0,73,406,198,192,3,799,0,0,0,799
12/15/2005,TPA,FL,ASO,ES,Combined TRACON& Tower with Radar,448,186,87,3,724,0,2,43,0,45,448,188,130,3,769,0,0,0,769
12/16/2005,TPA,FL,ASO,ES,Combined TRACON& Tower with Radar,476,195,82,5,758,0,5,46,0,51,476,200,128,5,809,0,0,0,809
12/17/2005,TPA,FL,ASO,ES,Combined TRACON& Tower with Radar,462,129,45,2,638,0,0,20,0,20,462,129,65,2,658,0,0,0,658
12/18/2005,TPA,FL,ASO,ES,Combined TRACON& Tower with Radar,448,135,42,0,625,0,0,0,0,0,448,135,42,0,625,0,0,0,625
12/19/2005,TPA,FL,ASO,ES,Combined TRACON& Tower with Radar,476,172,70,2,720,0,1,11,0,12,476,173,81,2,732,0,0,0,732
12/20/2005,TPA,FL,ASO,ES,Combined TRACON& Tower with Radar,466,187,80,0,733,0,0,50,0,50,466,187,130,0,783,0,0,0,783
12/21/2005,TPA,FL,ASO,ES,Combined TRACON& Tower with Radar,479,190,74,0,743,0,4,57,0,61,479,194,131,0,804,0,0,0,804
12/22/2005,TPA,FL,ASO,ES,Combined TRACON& Tower with Radar,487,198,53,0,738,0,0,59,3,62,487,198,112,3,800,0,0,0,800
12/23/2005,TPA,FL,ASO,ES,Combined TRACON& Tower with Radar,494,183,51,1,729,0,2,38,1,41,494,185,89,2,770,0,0,0,770
12/24/2005,TPA,FL,ASO,ES,Combined TRACON& Tower with Radar,457,132,34,1,624,0,4,46,1,51,457,136,80,2,675,0,0,0,675
12/25/2005,TPA,FL,ASO,ES,Combined TRACON& Tower with Radar,425,122,20,0,567,0,2,10,0,12,425,124,30,0,579,0,0,0,579
12/26/2005,TPA,FL,ASO,ES,Combined TRACON& Tower with Radar,470,139,62,1,672,0,1,23,2,26,470,140,85,3,698,0,0,0,698
12/27/2005,TPA,FL,ASO,ES,Combined TRACON& Tower with Radar,494,177,57,1,729,0,4,51,0,55,494,181,108,1,784,0,0,0,784
12/28/2005,TPA,FL,ASO,ES,Combined TRACON& Tower with Radar,472,181,70,0,723,0,2,44,0,46,472,183,114,0,769,0,0,0,769
12/29/2005,TPA,FL,ASO,ES,Combined TRACON& Tower with Radar,490,184,50,0,724,0,0,46,0,46,490,184,96,0,770,0,0,0,770
12/30/2005,TPA,FL,ASO,ES,Combined TRACON& Tower with Radar,497,180,69,0,746,0,5,44,0,49,497,185,113,0,795,0,0,0,795
12/31/2005,TPA,FL,ASO,ES,Combined TRACON& Tower with Radar,460,130,23,0,613,0,2,34,0,36,460,132,57,0,649,0,0,0,649
01/01/2006,TPA,FL,ASO,ES,Combined TRACON& Tower with Radar,440,125,47,0,612,0,3,25,0,28,440,128,72,0,640,0,0,0,640
01/02/2006,TPA,FL,ASO,ES,Combined TRACON& Tower with Radar,451,146,85,0,682,0,2,60,1,63,451,148,145,1,745,0,0,0,745
01/03/2006,TPA,FL,ASO,ES,Combined TRACON& Tower with Radar,509,171,66,0,746,0,2,32,0,34,509,173,98,0,780,0,0,0,780
01/04/2006,TPA,FL,ASO,ES,Combined TRACON& Tower with Radar,391,167,57,0,615,0,1,38,0,39,391,168,95,0,654,0,0,0,654
01/05/2006,TPA,FL,ASO,ES,Combined TRACON& Tower with Radar,443,197,78,2,720,0,7,38,0,45,443,204,116,2,765,0,0,0,765
01/06/2006,TPA,FL,ASO,ES,Combined TRACON& Tower with Radar,448,189,75,0,712,0,8,42,0,50,448,197,117,0,762,0,0,0,762
01/07/2006,TPA,FL,ASO,ES,Combined TRACON& Tower with Radar,428,130,63,0,621,0,0,59,0,59,428,130,122,0,680,0,0,0,680
01/08/2006,TPA,FL,ASO,ES,Combined TRACON& Tower with Radar,417,135,52,0,604,0,1,41,0,42,417,136,93,0,646,0,0,0,646
01/09/2006,TPA,FL,ASO,ES,Combined TRACON& Tower with Radar,437,167,65,2,671,0,6,47,0,53,437,173,112,2,724,0,0,0,724
01/10/2006,TPA,FL,ASO,ES,Combined TRACON& Tower with Radar,424,198,81,0,703,1,3,45,0,49,425,201,126,0,752,0,0,0,752
01/11/2006,TPA,FL,ASO,ES,Combined TRACON& Tower with Radar,418,191,71,1,681,0,3,18,0,21,418,194,89,1,702,0,0,0,702
01/12/2006,TPA,FL,ASO,ES,Combined TRACON& Tower with Radar,446,194,124,0,764,0,2,46,0,48,446,196,170,0,812,0,0,0,812
01/13/2006,TPA,FL,ASO,ES,Combined TRACON& Tower with Radar,431,196,95,1,723,0,1,34,1,36,431,197,129,2,759,0,0,0,759
01/14/2006,TPA,FL,ASO,ES,Combined TRACON& Tower with Radar,467,126,46,0,639,0,4,28,0,32,467,130,74,0,671,0,0,0,671
01/15/2006,TPA,FL,ASO,ES,Combined TRACON& Tower with Radar,412,136,54,2,604,0,10,33,0,43,412,146,87,2,647,0,0,0,647
01/16/2006,TPA,FL,ASO,ES,Combined TRACON& Tower with Radar,439,163,82,0,684,0,1,44,0,45,439,164,126,0,729,0,0,0,729
01/17/2006,TPA,FL,ASO,ES,Combined TRACON& Tower with Radar,422,178,106,0,706,0,3,40,0,43,422,181,146,0,749,0,0,0,749
01/18/2006,TPA,FL,ASO,ES,Combined TRACON& Tower with Radar,418,196,94,0,708,0,3,43,0,46,418,199,137,0,754,0,0,0,754
01/19/2006,TPA,FL,ASO,ES,Combined TRACON& Tower with Radar,429,188,115,3,735,0,3,55,1,59,429,191,170,4,794,0,0,0,794
01/20/2006,TPA,FL,ASO,ES,Combined TRACON& Tower with Radar,445,200,119,3,767,0,4,43,0,47,445,204,162,3,814,0,0,0,814
01/21/2006,TPA,FL,ASO,ES,Combined TRACON& Tower with Radar,424,113,34,2,573,0,2,35,0,37,424,115,69,2,610,0,0,0,610
01/22/2006,TPA,FL,ASO,ES,Combined TRACON& Tower with Radar,411,125,45,0,581,2,2,16,0,20,413,127,61,0,601,0,0,0,601
01/23/2006,TPA,FL,ASO,ES,Combined TRACON& Tower with Radar,435,168,70,0,673,0,0,16,0,16,435,168,86,0,689,0,0,0,689
01/24/2006,TPA,FL,ASO,ES,Combined TRACON& Tower with Radar,437,188,100,0,725,0,6,17,0,23,437,194,117,0,748,0,0,0,748
01/25/2006,TPA,FL,ASO,ES,Combined TRACON& Tower with Radar,426,190,89,2,707,0,3,34,3,40,426,193,123,5,747,0,0,0,747
01/26/2006,TPA,FL,ASO,ES,Combined TRACON& Tower with Radar,443,205,88,0,736,0,3,45,0,48,443,208,133,0,784,0,0,0,784
01/27/2006,TPA,FL,ASO,ES,Combined TRACON& Tower with Radar,458,204,81,4,747,0,2,55,1,58,458,206,136,5,805,0,0,0,805
01/28/2006,TPA,FL,ASO,ES,Combined TRACON& Tower with Radar,427,121,31,0,579,0,2,28,0,30,427,123,59,0,609,0,0,0,609
01/29/2006,TPA,FL,ASO,ES,Combined TRACON& Tower with Radar,419,133,63,1,616,0,5,17,2,24,419,138,80,3,640,0,0,0,640
01/30/2006,TPA,FL,ASO,ES,Combined TRACON& Tower with Radar,443,165,75,0,683,0,4,20,13,37,443,169,95,13,720,0,0,0,720
01/31/2006,TPA,FL,ASO,ES,Combined TRACON& Tower with Radar,437,178,101,0,716,0,5,41,0,46,437,183,142,0,762,0,0,0,762
02/01/2006,TPA,FL,ASO,ES,Combined TRACON& Tower with Radar,420,173,93,0,686,0,4,76,0,80,420,177,169,0,766,0,0,0,766
02/02/2006,TPA,FL,ASO,ES,Combined TRACON& Tower with Radar,439,176,80,0,695,0,0,38,0,38,439,176,118,0,733,0,0,0,733
02/03/2006,TPA,FL,ASO,ES,Combined TRACON& Tower with Radar,335,100,42,2,479,0,1,12,0,13,335,101,54,2,492,0,0,0,492
02/04/2006,TPA,FL,ASO,ES,Combined TRACON& Tower with Radar,477,118,79,0,674,0,0,16,0,16,477,118,95,0,690,0,0,0,690
02/05/2006,TPA,FL,ASO,ES,Combined TRACON& Tower with Radar,449,125,48,0,622,0,1,28,0,29,449,126,76,0,651,0,0,0,651
02/06/2006,TPA,FL,ASO,ES,Combined TRACON& Tower with Radar,457,176,88,0,721,0,4,45,0,49,457,180,133,0,770,0,0,0,770
02/07/2006,TPA,FL,ASO,ES,Combined TRACON& Tower with Radar,438,172,81,1,692,0,1,31,0,32,438,173,112,1,724,0,0,0,724
02/08/2006,TPA,FL,ASO,ES,Combined TRACON& Tower with Radar,449,173,75,0,697,0,2,51,0,53,449,175,126,0,750,0,0,0,750
02/09/2006,TPA,FL,ASO,ES,Combined TRACON& Tower with Radar,445,188,104,0,737,1,0,50,0,51,446,188,154,0,788,0,0,0,788
02/10/2006,TPA,FL,ASO,ES,Combined TRACON& Tower with Radar,462,171,89,5,727,0,3,57,0,60,462,174,146,5,787,0,0,0,787
02/11/2006,TPA,FL,ASO,ES,Combined TRACON& Tower with Radar,440,119,22,0,581,0,3,31,0,34,440,122,53,0,615,0,0,0,615
02/12/2006,TPA,FL,ASO,ES,Combined TRACON& Tower with Radar,363,129,53,3,548,0,3,21,0,24,363,132,74,3,572,0,0,0,572
02/13/2006,TPA,FL,ASO,ES,Combined TRACON& Tower with Radar,445,174,109,2,730,0,1,49,0,50,445,175,158,2,780,0,0,0,780
02/14/2006,TPA,FL,ASO,ES,Combined TRACON& Tower with Radar,453,179,88,3,723,0,4,48,0,52,453,183,136,3,775,0,0,0,775
02/15/2006,TPA,FL,ASO,ES,Combined TRACON& Tower with Radar,450,194,103,0,747,0,1,57,0,58,450,195,160,0,805,0,0,0,805
02/16/2006,TPA,FL,ASO,ES,Combined TRACON& Tower with Radar,463,182,107,4,756,0,4,60,0,64,463,186,167,4,820,0,0,0,820
02/17/2006,TPA,FL,ASO,ES,Combined TRACON& Tower with Radar,491,181,97,5,774,0,2,42,0,44,491,183,139,5,818,0,0,0,818
02/18/2006,TPA,FL,ASO,ES,Combined TRACON& Tower with Radar,470,120,65,0,655,0,3,35,0,38,470,123,100,0,693,0,0,0,693
02/19/2006,TPA,FL,ASO,ES,Combined TRACON& Tower with Radar,455,132,82,1,670,0,0,14,0,14,455,132,96,1,684,0,0,0,684
02/20/2006,TPA,FL,ASO,ES,Combined TRACON& Tower with Radar,482,142,88,1,713,0,1,36,0,37,482,143,124,1,750,0,0,0,750
02/21/2006,TPA,FL,ASO,ES,Combined TRACON& Tower with Radar,485,185,108,0,778,0,0,28,0,28,485,185,136,0,806,0,0,0,806
02/22/2006,TPA,FL,ASO,ES,Combined TRACON& Tower with Radar,470,184,100,2,756,0,3,46,0,49,470,187,146,2,805,0,0,0,805
02/23/2006,TPA,FL,ASO,ES,Combined TRACON& Tower with Radar,484,190,96,0,770,0,1,29,0,30,484,191,125,0,800,0,0,0,800
02/24/2006,TPA,FL,ASO,ES,Combined TRACON& Tower with Radar,482,184,107,1,774,0,0,34,1,35,482,184,141,2,809,0,0,0,809
02/25/2006,TPA,FL,ASO,ES,Combined TRACON& Tower with Radar,477,113,56,0,646,0,3,37,0,40,477,116,93,0,686,0,0,0,686
02/26/2006,TPA,FL,ASO,ES,Combined TRACON& Tower with Radar,461,154,84,2,701,0,1,26,0,27,461,155,110,2,728,0,0,0,728
02/27/2006,TPA,FL,ASO,ES,Combined TRACON& Tower with Radar,480,169,70,0,719,0,1,32,0,33,480,170,102,0,752,0,0,0,752
02/28/2006,TPA,FL,ASO,ES,Combined TRACON& Tower with Radar,481,182,82,1,746,0,3,66,0,69,481,185,148,1,815,0,0,0,815
03/01/2006,TPA,FL,ASO,ES,Combined TRACON& Tower with Radar,470,177,64,1,712,0,1,64,0,65,470,178,128,1,777,0,0,0,777
03/02/2006,TPA,FL,ASO,ES,Combined TRACON& Tower with Radar,467,173,92,2,734,0,4,51,0,55,467,177,143,2,789,0,0,0,789
03/03/2006,TPA,FL,ASO,ES,Combined TRACON& Tower with Radar,496,181,103,2,782,0,1,34,1,36,496,182,137,3,818,0,0,0,818
03/04/2006,TPA,FL,ASO,ES,Combined TRACON& Tower with Radar,475,120,49,3,647,0,1,27,1,29,475,121,76,4,676,0,0,0,676
03/05/2006,TPA,FL,ASO,ES,Combined TRACON& Tower with Radar,464,130,77,0,671,0,4,35,0,39,464,134,112,0,710,0,0,0,710
03/06/2006,TPA,FL,ASO,ES,Combined TRACON& Tower with Radar,491,162,77,0,730,0,0,41,0,41,491,162,118,0,771,0,0,0,771
03/07/2006,TPA,FL,ASO,ES,Combined TRACON& Tower with Radar,481,174,85,0,740,0,5,57,0,62,481,179,142,0,802,30,0,30,832
03/08/2006,TPA,FL,ASO,ES,Combined TRACON& Tower with Radar,472,191,123,0,786,0,4,56,0,60,472,195,179,0,846,0,0,0,846
03/09/2006,TPA,FL,ASO,ES,Combined TRACON& Tower with Radar,489,192,96,0,777,0,1,49,0,50,489,193,145,0,827,0,0,0,827
03/10/2006,TPA,FL,ASO,ES,Combined TRACON& Tower with Radar,492,167,115,2,776,0,6,40,2,48,492,173,155,4,824,0,0,0,824
03/11/2006,TPA,FL,ASO,ES,Combined TRACON& Tower with Radar,483,114,61,0,658,0,4,36,1,41,483,118,97,1,699,0,0,0,699
03/12/2006,TPA,FL,ASO,ES,Combined TRACON& Tower with Radar,460,130,90,0,680,0,0,30,2,32,460,130,120,2,712,0,0,0,712
03/13/2006,TPA,FL,ASO,ES,Combined TRACON& Tower with Radar,475,155,62,0,692,0,3,45,1,49,475,158,107,1,741,0,0,0,741
03/14/2006,TPA,FL,ASO,ES,Combined TRACON& Tower with Radar,484,177,78,0,739,0,2,53,0,55,484,179,131,0,794,0,0,0,794
03/15/2006,TPA,FL,ASO,ES,Combined TRACON& Tower with Radar,481,182,103,0,766,0,8,45,0,53,481,190,148,0,819,0,0,0,819
03/16/2006,TPA,FL,ASO,ES,Combined TRACON& Tower with Radar,483,199,100,0,782,1,0,56,0,57,484,199,156,0,839,0,0,0,839
03/17/2006,TPA,FL,ASO,ES,Combined TRACON& Tower with Radar,496,190,101,2,789,0,6,30,2,38,496,196,131,4,827,0,0,0,827
03/18/2006,TPA,FL,ASO,ES,Combined TRACON& Tower with Radar,477,125,76,1,679,0,3,34,0,37,477,128,110,1,716,0,0,0,716
03/19/2006,TPA,FL,ASO,ES,Combined TRACON& Tower with Radar,500,139,84,6,729,0,2,36,3,41,500,141,120,9,770,0,0,0,770
03/20/2006,TPA,FL,ASO,ES,Combined TRACON& Tower with Radar,524,187,91,2,804,0,1,46,0,47,524,188,137,2,851,0,0,0,851
03/21/2006,TPA,FL,ASO,ES,Combined TRACON& Tower with Radar,493,181,82,0,756,0,1,41,0,42,493,182,123,0,798,0,0,0,798
03/22/2006,TPA,FL,ASO,ES,Combined TRACON& Tower with Radar,478,187,93,3,761,1,3,57,0,61,479,190,150,3,822,0,0,0,822
03/23/2006,TPA,FL,ASO,ES,Combined TRACON& Tower with Radar,488,169,104,3,764,0,1,46,0,47,488,170,150,3,811,0,0,0,811
03/24/2006,TPA,FL,ASO,ES,Combined TRACON& Tower with Radar,499,188,112,1,800,0,5,36,1,42,499,193,148,2,842,0,0,0,842
03/25/2006,TPA,FL,ASO,ES,Combined TRACON& Tower with Radar,478,126,63,0,667,0,3,22,6,31,478,129,85,6,698,0,0,0,698
03/26/2006,TPA,FL,ASO,ES,Combined TRACON& Tower with Radar,469,132,97,0,698,0,4,29,0,33,469,136,126,0,731,0,0,0,731
03/27/2006,TPA,FL,ASO,ES,Combined TRACON& Tower with Radar,480,152,73,1,706,0,3,36,1,40,480,155,109,2,746,0,0,0,746
03/28/2006,TPA,FL,ASO,ES,Combined TRACON& Tower with Radar,481,195,72,1,749,0,1,69,0,70,481,196,141,1,819,0,0,0,819
03/29/2006,TPA,FL,ASO,ES,Combined TRACON& Tower with Radar,482,167,97,0,746,0,4,51,0,55,482,171,148,0,801,0,0,0,801
03/30/2006,TPA,FL,ASO,ES,Combined TRACON& Tower with Radar,494,182,93,0,769,0,7,40,2,49,494,189,133,2,818,0,0,0,818
03/31/2006,TPA,FL,ASO,ES,Combined TRACON& Tower with Radar,486,175,74,2,737,0,3,40,0,43,486,178,114,2,780,0,0,0,780
04/01/2006,TPA,FL,ASO,ES,Combined TRACON& Tower with Radar,484,129,77,0,690,0,2,49,0,51,484,131,126,0,741,0,0,0,741
04/02/2006,TPA,FL,ASO,ES,Combined TRACON& Tower with Radar,456,138,65,3,662,7,4,39,0,50,463,142,104,3,712,0,0,0,712
04/03/2006,TPA,FL,ASO,ES,Combined TRACON& Tower with Radar,470,157,74,0,701,2,3,39,0,44,472,160,113,0,745,0,0,0,745
04/04/2006,TPA,FL,ASO,ES,Combined TRACON& Tower with Radar,479,171,92,1,743,0,3,50,3,56,479,174,142,4,799,0,0,0,799
04/05/2006,TPA,FL,ASO,ES,Combined TRACON& Tower with Radar,466,182,127,0,775,3,3,53,0,59,469,185,180,0,834,0,0,0,834
04/06/2006,TPA,FL,ASO,ES,Combined TRACON& Tower with Radar,476,172,123,2,773,2,4,80,0,86,478,176,203,2,859,0,0,0,859
04/07/2006,TPA,FL,ASO,ES,Combined TRACON& Tower with Radar,477,170,124,3,774,2,3,69,0,74,479,173,193,3,848,0,0,0,848
04/08/2006,TPA,FL,ASO,ES,Combined TRACON& Tower with Radar,470,167,118,2,757,4,5,80,0,89,474,172,198,2,846,0,0,0,846
04/09/2006,TPA,FL,ASO,ES,Combined TRACON& Tower with Radar,463,183,120,0,766,0,4,56,0,60,463,187,176,0,826,0,0,0,826
04/10/2006,TPA,FL,ASO,ES,Combined TRACON& Tower with Radar,484,175,95,1,755,0,3,61,3,67,484,178,156,4,822,0,0,0,822
04/11/2006,TPA,FL,ASO,ES,Combined TRACON& Tower with Radar,477,167,92,0,736,0,2,48,0,50,477,169,140,0,786,0,0,0,786
04/12/2006,TPA,FL,ASO,ES,Combined TRACON& Tower with Radar,471,166,81,0,718,0,0,47,0,47,471,166,128,0,765,0,0,0,765
04/13/2006,TPA,FL,ASO,ES,Combined TRACON& Tower with Radar,483,177,76,2,738,1,4,45,0,50,484,181,121,2,788,0,0,0,788
04/14/2006,TPA,FL,ASO,ES,Combined TRACON& Tower with Radar,497,171,65,3,736,1,5,36,0,42,498,176,101,3,778,0,0,0,778
04/15/2006,TPA,FL,ASO,ES,Combined TRACON& Tower with Radar,477,102,37,0,616,1,3,28,0,32,478,105,65,0,648,0,0,0,648
04/16/2006,TPA,FL,ASO,ES,Combined TRACON& Tower with Radar,463,121,38,0,622,0,5,22,0,27,463,126,60,0,649,0,0,0,649
04/17/2006,TPA,FL,ASO,ES,Combined TRACON& Tower with Radar,477,153,74,0,704,0,1,43,0,44,477,154,117,0,748,0,0,0,748
04/18/2006,TPA,FL,ASO,ES,Combined TRACON& Tower with Radar,476,176,97,0,749,0,3,41,0,44,476,179,138,0,793,0,0,0,793
04/19/2006,TPA,FL,ASO,ES,Combined TRACON& Tower with Radar,464,167,91,1,723,1,0,39,0,40,465,167,130,1,763,0,0,0,763
04/20/2006,TPA,FL,ASO,ES,Combined TRACON& Tower with Radar,480,170,108,0,758,0,5,26,0,31,480,175,134,0,789,0,0,0,789
04/21/2006,TPA,FL,ASO,ES,Combined TRACON& Tower with Radar,489,180,84,2,755,6,4,40,1,51,495,184,124,3,806,0,0,0,806
04/22/2006,TPA,FL,ASO,ES,Combined TRACON& Tower with Radar,470,109,26,0,605,0,5,20,0,25,470,114,46,0,630,0,0,0,630
04/23/2006,TPA,FL,ASO,ES,Combined TRACON& Tower with Radar,463,122,50,1,636,1,1,22,1,25,464,123,72,2,661,0,0,0,661
04/24/2006,TPA,FL,ASO,ES,Combined TRACON& Tower with Radar,470,167,61,0,698,0,1,26,1,28,470,168,87,1,726,0,0,0,726
04/25/2006,TPA,FL,ASO,ES,Combined TRACON& Tower with Radar,470,181,73,0,724,0,9,43,0,52,470,190,116,0,776,0,0,0,776
04/26/2006,TPA,FL,ASO,ES,Combined TRACON& Tower with Radar,467,175,69,0,711,1,4,38,0,43,468,179,107,0,754,0,0,0,754
04/27/2006,TPA,FL,ASO,ES,Combined TRACON& Tower with Radar,479,170,86,0,735,1,2,37,4,44,480,172,123,4,779,0,0,0,779
04/28/2006,TPA,FL,ASO,ES,Combined TRACON& Tower with Radar,475,171,78,2,726,0,4,58,0,62,475,175,136,2,788,0,0,0,788
04/29/2006,TPA,FL,ASO,ES,Combined TRACON& Tower with Radar,467,109,35,1,612,0,3,29,1,33,467,112,64,2,645,0,0,0,645
04/30/2006,TPA,FL,ASO,ES,Combined TRACON& Tower with Radar,452,126,50,1,629,0,1,29,0,30,452,127,79,1,659,0,0,0,659
05/01/2006,TPA,FL,ASO,ES,Combined TRACON& Tower with Radar,463,146,55,0,664,0,0,67,3,70,463,146,122,3,734,0,0,0,734
05/02/2006,TPA,FL,ASO,ES,Combined TRACON& Tower with Radar,437,160,82,0,679,0,4,50,0,54,437,164,132,0,733,0,0,0,733
05/03/2006,TPA,FL,ASO,ES,Combined TRACON& Tower with Radar,425,178,86,2,691,0,11,40,0,51,425,189,126,2,742,0,0,0,742
05/04/2006,TPA,FL,ASO,ES,Combined TRACON& Tower with Radar,439,174,111,0,724,0,3,58,0,61,439,177,169,0,785,0,0,0,785
05/05/2006,TPA,FL,ASO,ES,Combined TRACON& Tower with Radar,441,169,91,2,703,0,3,54,2,59,441,172,145,4,762,0,0,0,762
05/06/2006,TPA,FL,ASO,ES,Combined TRACON& Tower with Radar,420,103,28,1,552,0,0,27,1,28,420,103,55,2,580,0,0,0,580
05/07/2006,TPA,FL,ASO,ES,Combined TRACON& Tower with Radar,412,127,67,1,607,0,8,34,0,42,412,135,101,1,649,0,0,0,649
05/08/2006,TPA,FL,ASO,ES,Combined TRACON& Tower with Radar,426,157,58,1,642,0,4,44,0,48,426,161,102,1,690,0,0,0,690
05/09/2006,TPA,FL,ASO,ES,Combined TRACON& Tower with Radar,407,162,76,4,649,0,4,37,0,41,407,166,113,4,690,0,0,0,690
05/10/2006,TPA,FL,ASO,ES,Combined TRACON& Tower with Radar,403,169,89,1,662,1,2,50,0,53,404,171,139,1,715,0,0,0,715
05/11/2006,TPA,FL,ASO,ES,Combined TRACON& Tower with Radar,432,170,85,0,687,0,0,38,0,38,432,170,123,0,725,0,0,0,725
05/12/2006,TPA,FL,ASO,ES,Combined TRACON& Tower with Radar,441,172,60,2,675,0,2,40,2,44,441,174,100,4,719,0,0,0,719
05/13/2006,TPA,FL,ASO,ES,Combined TRACON& Tower with Radar,420,101,50,2,573,0,1,40,1,42,420,102,90,3,615,0,0,0,615
05/14/2006,TPA,FL,ASO,ES,Combined TRACON& Tower with Radar,397,118,61,2,578,0,1,31,0,32,397,119,92,2,610,0,0,0,610
05/15/2006,TPA,FL,ASO,ES,Combined TRACON& Tower with Radar,446,142,76,0,664,0,2,44,0,46,446,144,120,0,710,0,0,0,710
05/16/2006,TPA,FL,ASO,ES,Combined TRACON& Tower with Radar,413,181,63,0,657,0,0,12,0,12,413,181,75,0,669,0,0,0,669
05/17/2006,TPA,FL,ASO,ES,Combined TRACON& Tower with Radar,410,179,88,0,677,0,2,52,0,54,410,181,140,0,731,0,0,0,731
05/18/2006,TPA,FL,ASO,ES,Combined TRACON& Tower with Radar,426,172,108,0,706,0,9,64,1,74,426,181,172,1,780,0,0,0,780
05/19/2006,TPA,FL,ASO,ES,Combined TRACON& Tower with Radar,430,170,85,0,685,0,4,45,0,49,430,174,130,0,734,0,0,0,734
05/20/2006,TPA,FL,ASO,ES,Combined TRACON& Tower with Radar,415,104,51,0,570,0,2,22,0,24,415,106,73,0,594,0,0,0,594
05/21/2006,TPA,FL,ASO,ES,Combined TRACON& Tower with Radar,404,119,45,0,568,0,2,27,1,30,404,121,72,1,598,0,0,0,598
05/22/2006,TPA,FL,ASO,ES,Combined TRACON& Tower with Radar,422,157,66,0,645,0,2,43,1,46,422,159,109,1,691,0,0,0,691
05/23/2006,TPA,FL,ASO,ES,Combined TRACON& Tower with Radar,411,172,81,2,666,0,4,37,0,41,411,176,118,2,707,0,0,0,707
05/24/2006,TPA,FL,ASO,ES,Combined TRACON& Tower with Radar,407,165,80,0,652,0,4,56,2,62,407,169,136,2,714,0,0,0,714
05/25/2006,TPA,FL,ASO,ES,Combined TRACON& Tower with Radar,426,183,107,3,719,0,2,39,0,41,426,185,146,3,760,0,0,0,760
05/26/2006,TPA,FL,ASO,ES,Combined TRACON& Tower with Radar,436,164,75,2,677,1,2,53,0,56,437,166,128,2,733,0,0,0,733
05/27/2006,TPA,FL,ASO,ES,Combined TRACON& Tower with Radar,414,103,38,3,558,0,5,20,1,26,414,108,58,4,584,0,0,0,584
05/28/2006,TPA,FL,ASO,ES,Combined TRACON& Tower with Radar,397,124,30,0,551,0,1,16,0,17,397,125,46,0,568,0,0,0,568
05/29/2006,TPA,FL,ASO,ES,Combined TRACON& Tower with Radar,396,128,56,0,580,0,1,24,0,25,396,129,80,0,605,0,0,0,605
05/30/2006,TPA,FL,ASO,ES,Combined TRACON& Tower with Radar,407,148,69,0,624,0,0,40,0,40,407,148,109,0,664,0,0,0,664
05/31/2006,TPA,FL,ASO,ES,Combined TRACON& Tower with Radar,417,167,99,0,683,0,1,35,0,36,417,168,134,0,719,0,0,0,719
06/01/2006,TPA,FL,ASO,ES,Combined TRACON& Tower with Radar,417,158,85,1,661,0,3,49,0,52,417,161,134,1,713,0,0,0,713
06/02/2006,TPA,FL,ASO,ES,Combined TRACON& Tower with Radar,429,167,113,2,711,0,0,0,0,0,429,167,113,2,711,0,0,0,711
06/03/2006,TPA,FL,ASO,ES,Combined TRACON& Tower with Radar,416,91,36,0,543,0,2,38,1,41,416,93,74,1,584,0,0,0,584
06/04/2006,TPA,FL,ASO,ES,Combined TRACON& Tower with Radar,412,108,47,4,571,0,0,36,0,36,412,108,83,4,607,0,0,0,607
06/05/2006,TPA,FL,ASO,ES,Combined TRACON& Tower with Radar,416,148,75,0,639,0,1,40,2,43,416,149,115,2,682,0,0,0,682
06/06/2006,TPA,FL,ASO,ES,Combined TRACON& Tower with Radar,413,158,80,0,651,0,7,44,0,51,413,165,124,0,702,3,0,3,705
06/07/2006,TPA,FL,ASO,ES,Combined TRACON& Tower with Radar,408,157,68,0,633,0,3,40,0,43,408,160,108,0,676,0,0,0,676
06/08/2006,TPA,FL,ASO,ES,Combined TRACON& Tower with Radar,422,151,89,3,665,0,0,0,0,0,422,151,89,3,665,0,0,0,665
06/09/2006,TPA,FL,ASO,ES,Combined TRACON& Tower with Radar,424,150,71,1,646,1,0,39,1,41,425,150,110,2,687,0,0,0,687
06/10/2006,TPA,FL,ASO,ES,Combined TRACON& Tower with Radar,409,81,45,1,536,0,3,22,0,25,409,84,67,1,561,0,0,0,561
06/11/2006,TPA,FL,ASO,ES,Combined TRACON& Tower with Radar,402,101,55,2,560,0,0,16,0,16,402,101,71,2,576,0,0,0,576
06/12/2006,TPA,FL,ASO,ES,Combined TRACON& Tower with Radar,406,127,28,0,561,0,0,5,0,5,406,127,33,0,566,0,0,0,566
06/13/2006,TPA,FL,ASO,ES,Combined TRACON& Tower with Radar,421,158,30,0,609,0,2,11,0,13,421,160,41,0,622,0,0,0,622
06/14/2006,TPA,FL,ASO,ES,Combined TRACON& Tower with Radar,417,155,81,4,657,1,1,35,0,37,418,156,116,4,694,0,0,0,694
06/15/2006,TPA,FL,ASO,ES,Combined TRACON& Tower with Radar,432,170,81,0,683,0,6,51,0,57,432,176,132,0,740,0,0,0,740
06/16/2006,TPA,FL,ASO,ES,Combined TRACON& Tower with Radar,426,155,63,4,648,0,4,38,2,44,426,159,101,6,692,0,0,0,692
06/17/2006,TPA,FL,ASO,ES,Combined TRACON& Tower with Radar,414,84,36,2,536,0,2,18,0,20,414,86,54,2,556,0,0,0,556
06/18/2006,TPA,FL,ASO,ES,Combined TRACON& Tower with Radar,401,101,41,0,543,0,1,26,0,27,401,102,67,0,570,0,0,0,570
06/19/2006,TPA,FL,ASO,ES,Combined TRACON& Tower with Radar,410,141,64,0,615,1,4,41,0,46,411,145,105,0,661,0,0,0,661
06/20/2006,TPA,FL,ASO,ES,Combined TRACON& Tower with Radar,430,151,66,0,647,0,1,37,0,38,430,152,103,0,685,0,0,0,685
06/21/2006,TPA,FL,ASO,ES,Combined TRACON& Tower with Radar,413,150,74,2,639,0,1,51,0,52,413,151,125,2,691,0,0,0,691
06/22/2006,TPA,FL,ASO,ES,Combined TRACON& Tower with Radar,425,158,83,1,667,0,1,47,0,48,425,159,130,1,715,0,0,0,715
06/23/2006,TPA,FL,ASO,ES,Combined TRACON& Tower with Radar,425,142,78,0,645,0,3,72,1,76,425,145,150,1,721,0,0,0,721
06/24/2006,TPA,FL,ASO,ES,Combined TRACON& Tower with Radar,413,91,41,0,545,0,0,24,0,24,413,91,65,0,569,0,0,0,569
06/25/2006,TPA,FL,ASO,ES,Combined TRACON& Tower with Radar,389,85,44,0,518,0,1,15,0,16,389,86,59,0,534,0,0,0,534
06/26/2006,TPA,FL,ASO,ES,Combined TRACON& Tower with Radar,426,142,73,3,644,0,5,25,0,30,426,147,98,3,674,0,0,0,674
06/27/2006,TPA,FL,ASO,ES,Combined TRACON& Tower with Radar,420,150,72,3,645,0,2,45,0,47,420,152,117,3,692,0,0,0,692
06/28/2006,TPA,FL,ASO,ES,Combined TRACON& Tower with Radar,423,161,77,4,665,0,1,40,3,44,423,162,117,7,709,0,0,0,709
06/29/2006,TPA,FL,ASO,ES,Combined TRACON& Tower with Radar,430,159,106,1,696,0,0,38,1,39,430,159,144,2,735,0,0,0,735
06/30/2006,TPA,FL,ASO,ES,Combined TRACON& Tower with Radar,431,160,73,2,666,0,4,39,1,44,431,164,112,3,710,0,0,0,710
07/01/2006,TPA,FL,ASO,ES,Combined TRACON& Tower with Radar,414,100,37,1,552,0,5,26,1,32,414,105,63,2,584,0,0,0,584
07/02/2006,TPA,FL,ASO,ES,Combined TRACON& Tower with Radar,391,90,34,0,515,1,2,16,0,19,392,92,50,0,534,0,0,0,534
07/03/2006,TPA,FL,ASO,ES,Combined TRACON& Tower with Radar,396,114,40,0,550,0,1,21,0,22,396,115,61,0,572,0,0,0,572
07/04/2006,TPA,FL,ASO,ES,Combined TRACON& Tower with Radar,379,110,19,0,508,0,2,20,0,22,379,112,39,0,530,0,0,0,530
07/05/2006,TPA,FL,ASO,ES,Combined TRACON& Tower with Radar,415,133,61,1,610,0,1,42,0,43,415,134,103,1,653,0,0,0,653
07/06/2006,TPA,FL,ASO,ES,Combined TRACON& Tower with Radar,438,153,65,6,662,0,4,40,0,44,438,157,105,6,706,0,0,0,706
07/07/2006,TPA,FL,ASO,ES,Combined TRACON& Tower with Radar,430,139,78,0,647,0,5,22,0,27,430,144,100,0,674,0,0,0,674
07/08/2006,TPA,FL,ASO,ES,Combined TRACON& Tower with Radar,417,82,37,2,538,0,2,11,0,13,417,84,48,2,551,0,0,0,551
07/09/2006,TPA,FL,ASO,ES,Combined TRACON& Tower with Radar,403,97,55,0,555,4,1,9,0,14,407,98,64,0,569,0,0,0,569
07/10/2006,TPA,FL,ASO,ES,Combined TRACON& Tower with Radar,415,125,72,1,613,0,8,29,0,37,415,133,101,1,650,0,0,0,650
07/11/2006,TPA,FL,ASO,ES,Combined TRACON& Tower with Radar,415,153,62,1,631,0,2,34,0,36,415,155,96,1,667,0,0,0,667
07/12/2006,TPA,FL,ASO,ES,Combined TRACON& Tower with Radar,423,152,77,5,657,0,3,35,0,38,423,155,112,5,695,0,0,0,695
07/13/2006,TPA,FL,ASO,ES,Combined TRACON& Tower with Radar,436,162,72,3,673,0,1,30,0,31,436,163,102,3,704,0,0,0,704
07/14/2006,TPA,FL,ASO,ES,Combined TRACON& Tower with Radar,432,148,60,4,644,1,3,51,0,55,433,151,111,4,699,0,0,0,699
07/15/2006,TPA,FL,ASO,ES,Combined TRACON& Tower with Radar,411,86,21,4,522,0,0,29,0,29,411,86,50,4,551,0,0,0,551
07/16/2006,TPA,FL,ASO,ES,Combined TRACON& Tower with Radar,396,95,52,1,544,0,1,34,0,35,396,96,86,1,579,0,0,0,579
07/17/2006,TPA,FL,ASO,ES,Combined TRACON& Tower with Radar,444,127,61,1,633,0,4,35,0,39,444,131,96,1,672,0,0,0,672
07/18/2006,TPA,FL,ASO,ES,Combined TRACON& Tower with Radar,412,160,59,1,632,0,1,37,0,38,412,161,96,1,670,0,0,0,670
07/19/2006,TPA,FL,ASO,ES,Combined TRACON& Tower with Radar,431,158,90,0,679,1,7,45,0,53,432,165,135,0,732,0,0,0,732
07/20/2006,TPA,FL,ASO,ES,Combined TRACON& Tower with Radar,421,158,82,1,662,1,4,61,2,68,422,162,143,3,730,0,0,0,730
07/21/2006,TPA,FL,ASO,ES,Combined TRACON& Tower with Radar,434,162,59,3,658,0,5,55,0,60,434,167,114,3,718,0,0,0,718
07/22/2006,TPA,FL,ASO,ES,Combined TRACON& Tower with Radar,415,88,34,0,537,0,4,24,0,28,415,92,58,0,565,0,0,0,565
07/23/2006,TPA,FL,ASO,ES,Combined TRACON& Tower with Radar,405,98,45,1,549,0,1,24,0,25,405,99,69,1,574,0,0,0,574
07/24/2006,TPA,FL,ASO,ES,Combined TRACON& Tower with Radar,424,137,58,0,619,0,5,40,0,45,424,142,98,0,664,0,0,0,664
07/25/2006,TPA,FL,ASO,ES,Combined TRACON& Tower with Radar,425,163,73,1,662,0,4,60,0,64,425,167,133,1,726,0,0,0,726
07/26/2006,TPA,FL,ASO,ES,Combined TRACON& Tower with Radar,424,158,61,2,645,0,4,55,0,59,424,162,116,2,704,0,0,0,704
07/27/2006,TPA,FL,ASO,ES,Combined TRACON& Tower with Radar,417,167,74,0,658,0,2,26,0,28,417,169,100,0,686,0,0,0,686
07/28/2006,TPA,FL,ASO,ES,Combined TRACON& Tower with Radar,431,160,59,0,650,0,7,42,0,49,431,167,101,0,699,0,0,0,699
07/29/2006,TPA,FL,ASO,ES,Combined TRACON& Tower with Radar,419,81,28,0,528,0,3,24,0,27,419,84,52,0,555,0,0,0,555
07/30/2006,TPA,FL,ASO,ES,Combined TRACON& Tower with Radar,412,95,48,2,557,0,1,27,0,28,412,96,75,2,585,0,0,0,585
07/31/2006,TPA,FL,ASO,ES,Combined TRACON& Tower with Radar,426,139,73,0,638,0,5,37,0,42,426,144,110,0,680,0,0,0,680
08/01/2006,TPA,FL,ASO,ES,Combined TRACON& Tower with Radar,419,166,62,0,647,0,4,50,0,54,419,170,112,0,701,0,0,0,701
08/02/2006,TPA,FL,ASO,ES,Combined TRACON& Tower with Radar,429,165,71,2,667,0,2,58,0,60,429,167,129,2,727,0,0,0,727
08/03/2006,TPA,FL,ASO,ES,Combined TRACON& Tower with Radar,416,166,68,0,650,0,2,61,0,63,416,168,129,0,713,0,0,0,713
08/04/2006,TPA,FL,ASO,ES,Combined TRACON& Tower with Radar,448,147,62,2,659,1,3,26,0,30,449,150,88,2,689,0,0,0,689
08/05/2006,TPA,FL,ASO,ES,Combined TRACON& Tower with Radar,406,91,38,0,535,0,4,22,0,26,406,95,60,0,561,0,0,0,561
08/06/2006,TPA,FL,ASO,ES,Combined TRACON& Tower with Radar,405,95,39,2,541,0,2,14,0,16,405,97,53,2,557,0,0,0,557
08/07/2006,TPA,FL,ASO,ES,Combined TRACON& Tower with Radar,415,143,36,0,594,0,2,27,0,29,415,145,63,0,623,0,0,0,623
08/08/2006,TPA,FL,ASO,ES,Combined TRACON& Tower with Radar,424,167,62,2,655,1,5,58,0,64,425,172,120,2,719,0,0,0,719
08/09/2006,TPA,FL,ASO,ES,Combined TRACON& Tower with Radar,421,167,60,4,652,0,8,49,0,57,421,175,109,4,709,0,0,0,709
08/10/2006,TPA,FL,ASO,ES,Combined TRACON& Tower with Radar,412,161,91,0,664,0,4,53,0,57,412,165,144,0,721,0,0,0,721
08/11/2006,TPA,FL,ASO,ES,Combined TRACON& Tower with Radar,445,164,83,0,692,1,5,61,3,70,446,169,144,3,762,0,0,0,762
08/12/2006,TPA,FL,ASO,ES,Combined TRACON& Tower with Radar,406,87,36,1,530,0,4,42,0,46,406,91,78,1,576,0,0,0,576
08/13/2006,TPA,FL,ASO,ES,Combined TRACON& Tower with Radar,408,100,50,0,558,1,2,14,0,17,409,102,64,0,575,0,0,0,575
08/14/2006,TPA,FL,ASO,ES,Combined TRACON& Tower with Radar,419,141,68,0,628,0,4,27,0,31,419,145,95,0,659,0,0,0,659
08/15/2006,TPA,FL,ASO,ES,Combined TRACON& Tower with Radar,414,171,81,0,666,0,4,41,0,45,414,175,122,0,711,0,0,0,711
08/16/2006,TPA,FL,ASO,ES,Combined TRACON& Tower with Radar,426,173,80,0,679,0,2,49,0,51,426,175,129,0,730,0,0,0,730
08/17/2006,TPA,FL,ASO,ES,Combined TRACON& Tower with Radar,434,169,93,1,697,0,6,36,2,44,434,175,129,3,741,0,0,0,741
08/18/2006,TPA,FL,ASO,ES,Combined TRACON& Tower with Radar,430,159,68,1,658,0,4,42,1,47,430,163,110,2,705,0,0,0,705
08/19/2006,TPA,FL,ASO,ES,Combined TRACON& Tower with Radar,416,95,39,0,550,0,8,19,2,29,416,103,58,2,579,0,0,0,579
08/20/2006,TPA,FL,ASO,ES,Combined TRACON& Tower with Radar,403,110,30,0,543,1,4,31,0,36,404,114,61,0,579,0,0,0,579
08/21/2006,TPA,FL,ASO,ES,Combined TRACON& Tower with Radar,423,153,76,0,652,0,2,31,2,35,423,155,107,2,687,0,0,0,687
08/22/2006,TPA,FL,ASO,ES,Combined TRACON& Tower with Radar,417,167,75,1,660,0,6,37,0,43,417,173,112,1,703,0,0,0,703
08/23/2006,TPA,FL,ASO,ES,Combined TRACON& Tower with Radar,419,174,69,0,662,0,6,37,3,46,419,180,106,3,708,0,0,0,708
08/24/2006,TPA,FL,ASO,ES,Combined TRACON& Tower with Radar,416,175,68,1,660,0,11,42,0,53,416,186,110,1,713,0,0,0,713
08/25/2006,TPA,FL,ASO,ES,Combined TRACON& Tower with Radar,447,161,75,2,685,1,6,24,2,33,448,167,99,4,718,0,0,0,718
08/26/2006,TPA,FL,ASO,ES,Combined TRACON& Tower with Radar,411,92,26,2,531,0,7,23,1,31,411,99,49,3,562,0,0,0,562
08/27/2006,TPA,FL,ASO,ES,Combined TRACON& Tower with Radar,404,107,34,0,545,0,1,12,0,13,404,108,46,0,558,0,0,0,558
08/28/2006,TPA,FL,ASO,ES,Combined TRACON& Tower with Radar,418,146,21,0,585,0,6,94,0,100,418,152,115,0,685,0,0,0,685
08/29/2006,TPA,FL,ASO,ES,Combined TRACON& Tower with Radar,397,160,56,0,613,1,9,58,1,69,398,169,114,1,682,0,0,0,682
08/30/2006,TPA,FL,ASO,ES,Combined TRACON& Tower with Radar,394,156,30,0,580,0,5,20,0,25,394,161,50,0,605,30,0,30,635
08/31/2006,TPA,FL,ASO,ES,Combined TRACON& Tower with Radar,436,162,69,0,667,0,2,46,1,49,436,164,115,1,716,0,0,0,716
09/01/2006,TPA,FL,ASO,ES,Combined TRACON& Tower with Radar,429,150,71,1,651,0,3,22,0,25,429,153,93,1,676,0,0,0,676
09/02/2006,TPA,FL,ASO,ES,Combined TRACON& Tower with Radar,422,94,21,0,537,0,1,13,0,14,422,95,34,0,551,0,0,0,551
09/03/2006,TPA,FL,ASO,ES,Combined TRACON& Tower with Radar,394,156,30,0,580,0,5,20,0,25,394,161,50,0,605,0,0,0,605
09/04/2006,TPA,FL,ASO,ES,Combined TRACON& Tower with Radar,374,111,67,0,552,0,1,25,1,27,374,112,92,1,579,0,0,0,579
09/05/2006,TPA,FL,ASO,ES,Combined TRACON& Tower with Radar,431,146,79,1,657,2,2,47,1,52,433,148,126,2,709,0,0,0,709
09/06/2006,TPA,FL,ASO,ES,Combined TRACON& Tower with Radar,414,162,90,1,667,0,4,43,0,47,414,166,133,1,714,0,0,0,714
09/07/2006,TPA,FL,ASO,ES,Combined TRACON& Tower with Radar,420,161,80,3,664,0,2,33,0,35,420,163,113,3,699,0,0,0,699
09/08/2006,TPA,FL,ASO,ES,Combined TRACON& Tower with Radar,432,158,82,0,672,0,3,29,1,33,432,161,111,1,705,0,0,0,705
09/09/2006,TPA,FL,ASO,ES,Combined TRACON& Tower with Radar,394,94,24,0,512,0,5,17,2,24,394,99,41,2,536,0,0,0,536
09/10/2006,TPA,FL,ASO,ES,Combined TRACON& Tower with Radar,397,107,57,0,561,0,0,34,0,34,397,107,91,0,595,8,0,8,603
09/11/2006,TPA,FL,ASO,ES,Combined TRACON& Tower with Radar,411,142,74,6,633,0,6,36,0,42,411,148,110,6,675,16,0,16,691
09/12/2006,TPA,FL,ASO,ES,Combined TRACON& Tower with Radar,410,161,56,0,627,0,4,46,2,52,410,165,102,2,679,0,0,0,679
09/13/2006,TPA,FL,ASO,ES,Combined TRACON& Tower with Radar,402,165,88,3,658,0,2,25,0,27,402,167,113,3,685,0,0,0,685
09/14/2006,TPA,FL,ASO,ES,Combined TRACON& Tower with Radar,427,174,95,1,697,0,2,37,1,40,427,176,132,2,737,0,0,0,737
09/15/2006,TPA,FL,ASO,ES,Combined TRACON& Tower with Radar,427,163,91,2,683,1,6,58,0,65,428,169,149,2,748,0,0,0,748
09/16/2006,TPA,FL,ASO,ES,Combined TRACON& Tower with Radar,400,102,39,0,541,0,0,33,0,33,400,102,72,0,574,0,0,0,574
09/17/2006,TPA,FL,ASO,ES,Combined TRACON& Tower with Radar,391,104,51,0,546,0,2,19,0,21,391,106,70,0,567,0,0,0,567
09/18/2006,TPA,FL,ASO,ES,Combined TRACON& Tower with Radar,413,144,37,0,594,0,3,35,2,40,413,147,72,2,634,0,0,0,634
09/19/2006,TPA,FL,ASO,ES,Combined TRACON& Tower with Radar,412,155,65,1,633,0,2,0,0,2,412,157,65,1,635,0,0,0,635
09/20/2006,TPA,FL,ASO,ES,Combined TRACON& Tower with Radar,427,167,68,1,663,0,0,33,1,34,427,167,101,2,697,30,0,30,727
09/21/2006,TPA,FL,ASO,ES,Combined TRACON& Tower with Radar,425,167,71,2,665,0,4,47,0,51,425,171,118,2,716,30,0,30,746
09/22/2006,TPA,FL,ASO,ES,Combined TRACON& Tower with Radar,414,172,77,0,663,0,3,40,0,43,414,175,117,0,706,0,0,0,706
09/23/2006,TPA,FL,ASO,ES,Combined TRACON& Tower with Radar,406,96,29,0,531,1,3,32,0,36,407,99,61,0,567,0,0,0,567
09/24/2006,TPA,FL,ASO,ES,Combined TRACON& Tower with Radar,406,96,29,0,531,1,3,32,0,36,407,99,61,0,567,0,0,0,567
09/25/2006,TPA,FL,ASO,ES,Combined TRACON& Tower with Radar,422,138,70,0,630,0,2,38,0,40,422,140,108,0,670,0,0,0,670
09/26/2006,TPA,FL,ASO,ES,Combined TRACON& Tower with Radar,415,167,86,7,675,0,1,36,0,37,415,168,122,7,712,0,0,0,712
09/27/2006,TPA,FL,ASO,ES,Combined TRACON& Tower with Radar,407,163,79,2,651,0,1,35,1,37,407,164,114,3,688,0,0,0,688
09/28/2006,TPA,FL,ASO,ES,Combined TRACON& Tower with Radar,417,165,69,1,652,0,8,45,2,55,417,173,114,3,707,0,0,0,707
09/29/2006,TPA,FL,ASO,ES,Combined TRACON& Tower with Radar,433,170,80,0,683,0,7,45,0,52,433,177,125,0,735,0,0,0,735
09/30/2006,TPA,FL,ASO,ES,Combined TRACON& Tower with Radar,402,102,45,0,549,0,2,30,0,32,402,104,75,0,581,0,0,0,581
10/01/2006,TPA,FL,ASO,ES,Combined TRACON& Tower with Radar,401,99,51,1,552,0,2,47,1,50,401,101,98,2,602,0,0,0,602
10/02/2006,TPA,FL,ASO,ES,Combined TRACON& Tower with Radar,418,141,44,0,603,0,3,29,2,34,418,144,73,2,637,0,0,0,637
10/03/2006,TPA,FL,ASO,ES,Combined TRACON& Tower with Radar,422,158,79,2,661,0,0,32,1,33,422,158,111,3,694,0,0,0,694
10/04/2006,TPA,FL,ASO,ES,Combined TRACON& Tower with Radar,418,164,104,0,686,0,3,35,0,38,418,167,139,0,724,22,0,22,746
10/05/2006,TPA,FL,ASO,ES,Combined TRACON& Tower with Radar,434,166,78,1,679,0,7,33,0,40,434,173,111,1,719,0,0,0,719
10/06/2006,TPA,FL,ASO,ES,Combined TRACON& Tower with Radar,444,152,63,3,662,0,4,59,0,63,444,156,122,3,725,0,0,0,725
10/07/2006,TPA,FL,ASO,ES,Combined TRACON& Tower with Radar,415,91,27,0,533,0,4,0,0,4,415,95,27,0,537,0,0,0,537
10/08/2006,TPA,FL,ASO,ES,Combined TRACON& Tower with Radar,413,97,49,0,559,0,2,32,3,37,413,99,81,3,596,0,0,0,596
10/09/2006,TPA,FL,ASO,ES,Combined TRACON& Tower with Radar,426,122,63,0,611,0,5,51,0,56,426,127,114,0,667,0,0,0,667
10/10/2006,TPA,FL,ASO,ES,Combined TRACON& Tower with Radar,419,150,68,2,639,0,5,60,1,66,419,155,128,3,705,14,0,14,719
10/11/2006,TPA,FL,ASO,ES,Combined TRACON& Tower with Radar,431,162,96,0,689,0,3,43,2,48,431,165,139,2,737,0,0,0,737
10/12/2006,TPA,FL,ASO,ES,Combined TRACON& Tower with Radar,436,177,87,0,700,0,4,41,0,45,436,181,128,0,745,0,0,0,745
10/13/2006,TPA,FL,ASO,ES,Combined TRACON& Tower with Radar,438,153,70,1,662,0,3,41,0,44,438,156,111,1,706,0,0,0,706
10/14/2006,TPA,FL,ASO,ES,Combined TRACON& Tower with Radar,411,95,42,0,548,0,3,25,0,28,411,98,67,0,576,0,0,0,576
10/15/2006,TPA,FL,ASO,ES,Combined TRACON& Tower with Radar,416,114,79,0,609,1,7,46,5,59,417,121,125,5,668,0,0,0,668
10/16/2006,TPA,FL,ASO,ES,Combined TRACON& Tower with Radar,417,144,77,1,639,0,0,53,1,54,417,144,130,2,693,0,0,0,693
10/17/2006,TPA,FL,ASO,ES,Combined TRACON& Tower with Radar,424,154,85,4,667,0,4,46,0,50,424,158,131,4,717,0,0,0,717
10/18/2006,TPA,FL,ASO,ES,Combined TRACON& Tower with Radar,432,151,84,0,667,0,1,50,2,53,432,152,134,2,720,0,0,0,720
10/19/2006,TPA,FL,ASO,ES,Combined TRACON& Tower with Radar,428,167,114,0,709,0,2,44,0,46,428,169,158,0,755,0,0,0,755
10/20/2006,TPA,FL,ASO,ES,Combined TRACON& Tower with Radar,438,175,68,1,682,0,0,0,0,0,438,175,68,1,682,0,0,0,682
10/21/2006,TPA,FL,ASO,ES,Combined TRACON& Tower with Radar,424,104,39,2,569,0,2,29,2,33,424,106,68,4,602,0,0,0,602
10/22/2006,TPA,FL,ASO,ES,Combined TRACON& Tower with Radar,406,120,69,2,597,0,4,32,3,39,406,124,101,5,636,0,0,0,636
10/23/2006,TPA,FL,ASO,ES,Combined TRACON& Tower with Radar,436,144,91,3,674,0,5,41,0,46,436,149,132,3,720,0,0,0,720
10/24/2006,TPA,FL,ASO,ES,Combined TRACON& Tower with Radar,427,157,70,0,654,0,12,55,2,69,427,169,125,2,723,0,0,0,723
10/25/2006,TPA,FL,ASO,ES,Combined TRACON& Tower with Radar,428,168,114,1,711,0,3,61,3,67,428,171,175,4,778,0,0,0,778
10/26/2006,TPA,FL,ASO,ES,Combined TRACON& Tower with Radar,432,170,108,2,712,0,11,38,2,51,432,181,146,4,763,0,0,0,763
10/27/2006,TPA,FL,ASO,ES,Combined TRACON& Tower with Radar,434,169,79,2,684,0,0,30,0,30,434,169,109,2,714,0,0,0,714
10/28/2006,TPA,FL,ASO,ES,Combined TRACON& Tower with Radar,410,107,45,3,565,0,0,24,1,25,410,107,69,4,590,0,0,0,590
10/29/2006,TPA,FL,ASO,ES,Combined TRACON& Tower with Radar,424,100,62,0,586,0,2,32,0,34,424,102,94,0,620,0,0,0,620
10/30/2006,TPA,FL,ASO,ES,Combined TRACON& Tower with Radar,449,139,76,0,664,0,3,36,1,40,449,142,112,1,704,0,0,0,704
10/31/2006,TPA,FL,ASO,ES,Combined TRACON& Tower with Radar,446,159,64,0,669,0,4,57,0,61,446,163,121,0,730,0,0,0,730
11/01/2006,TPA,FL,ASO,ES,Combined TRACON& Tower with Radar,458,158,81,0,697,0,2,57,0,59,458,160,138,0,756,0,0,0,756
11/02/2006,TPA,FL,ASO,ES,Combined TRACON& Tower with Radar,474,161,103,1,739,0,4,62,0,66,474,165,165,1,805,0,0,0,805
11/03/2006,TPA,FL,ASO,ES,Combined TRACON& Tower with Radar,473,156,80,3,712,0,0,29,2,31,473,156,109,5,743,0,0,0,743
11/04/2006,TPA,FL,ASO,ES,Combined TRACON& Tower with Radar,437,91,48,0,576,0,1,14,0,15,437,92,62,0,591,0,0,0,591
11/05/2006,TPA,FL,ASO,ES,Combined TRACON& Tower with Radar,443,102,64,5,614,0,5,45,1,51,443,107,109,6,665,0,0,0,665
11/06/2006,TPA,FL,ASO,ES,Combined TRACON& Tower with Radar,459,140,79,0,678,1,4,48,0,53,460,144,127,0,731,24,0,24,755
11/07/2006,TPA,FL,ASO,ES,Combined TRACON& Tower with Radar,456,168,84,0,708,0,0,26,0,26,456,168,110,0,734,0,0,0,734
11/08/2006,TPA,FL,ASO,ES,Combined TRACON& Tower with Radar,459,156,93,0,708,0,7,53,0,60,459,163,146,0,768,0,0,0,768
11/09/2006,TPA,FL,ASO,ES,Combined TRACON& Tower with Radar,481,159,98,0,738,0,3,57,0,60,481,162,155,0,798,0,0,0,798
11/10/2006,TPA,FL,ASO,ES,Combined TRACON& Tower with Radar,471,167,74,0,712,0,2,39,0,41,471,169,113,0,753,0,0,0,753
11/11/2006,TPA,FL,ASO,ES,Combined TRACON& Tower with Radar,444,96,44,2,586,0,1,33,0,34,444,97,77,2,620,0,0,0,620
11/12/2006,TPA,FL,ASO,ES,Combined TRACON& Tower with Radar,446,95,68,0,609,0,1,26,2,29,446,96,94,2,638,0,0,0,638
11/13/2006,TPA,FL,ASO,ES,Combined TRACON& Tower with Radar,461,132,83,2,678,0,2,47,0,49,461,134,130,2,727,0,0,0,727
11/14/2006,TPA,FL,ASO,ES,Combined TRACON& Tower with Radar,475,153,86,3,717,1,5,50,3,59,476,158,136,6,776,0,0,0,776
11/15/2006,TPA,FL,ASO,ES,Combined TRACON& Tower with Radar,460,164,117,0,741,0,4,53,0,57,460,168,170,0,798,0,0,0,798
11/16/2006,TPA,FL,ASO,ES,Combined TRACON& Tower with Radar,487,171,103,1,762,0,4,27,0,31,487,175,130,1,793,0,0,0,793
11/17/2006,TPA,FL,ASO,ES,Combined TRACON& Tower with Radar,497,179,69,1,746,5,7,37,1,50,502,186,106,2,796,0,0,0,796
11/18/2006,TPA,FL,ASO,ES,Combined TRACON& Tower with Radar,463,108,51,1,623,0,4,44,0,48,463,112,95,1,671,0,0,0,671
11/19/2006,TPA,FL,ASO,ES,Combined TRACON& Tower with Radar,460,110,61,7,638,2,2,50,1,55,462,112,111,8,693,0,0,0,693
11/20/2006,TPA,FL,ASO,ES,Combined TRACON& Tower with Radar,459,144,72,3,678,0,2,34,2,38,459,146,106,5,716,0,0,0,716
11/21/2006,TPA,FL,ASO,ES,Combined TRACON& Tower with Radar,487,160,91,0,738,1,5,30,0,36,488,165,121,0,774,0,0,0,774
11/22/2006,TPA,FL,ASO,ES,Combined TRACON& Tower with Radar,488,161,87,0,736,1,5,38,0,44,489,166,125,0,780,0,0,0,780
11/23/2006,TPA,FL,ASO,ES,Combined TRACON& Tower with Radar,404,100,19,2,525,0,2,23,1,26,404,102,42,3,551,0,0,0,551
11/24/2006,TPA,FL,ASO,ES,Combined TRACON& Tower with Radar,425,109,26,0,560,0,5,41,0,46,425,114,67,0,606,0,0,0,606
11/25/2006,TPA,FL,ASO,ES,Combined TRACON& Tower with Radar,460,97,57,0,614,1,8,32,1,42,461,105,89,1,656,0,0,0,656
11/26/2006,TPA,FL,ASO,ES,Combined TRACON& Tower with Radar,479,106,77,1,663,0,1,33,0,34,479,107,110,1,697,0,0,0,697
11/27/2006,TPA,FL,ASO,ES,Combined TRACON& Tower with Radar,479,142,80,3,704,0,2,27,0,29,479,144,107,3,733,0,0,0,733
11/28/2006,TPA,FL,ASO,ES,Combined TRACON& Tower with Radar,482,164,75,0,721,0,0,37,0,37,482,164,112,0,758,0,0,0,758
11/29/2006,TPA,FL,ASO,ES,Combined TRACON& Tower with Radar,467,153,104,1,725,0,4,16,0,20,467,157,120,1,745,0,0,0,745
11/30/2006,TPA,FL,ASO,ES,Combined TRACON& Tower with Radar,477,157,103,2,739,0,4,53,0,57,477,161,156,2,796,20,0,20,816
12/01/2006,TPA,FL,ASO,ES,Combined TRACON& Tower with Radar,456,157,71,1,685,0,3,58,2,63,456,160,129,3,748,0,0,0,748
12/02/2006,TPA,FL,ASO,ES,Combined TRACON& Tower with Radar,452,103,45,2,602,0,2,34,0,36,452,105,79,2,638,0,0,0,638
12/03/2006,TPA,FL,ASO,ES,Combined TRACON& Tower with Radar,461,92,67,2,622,1,2,15,2,20,462,94,82,4,642,0,0,0,642
12/04/2006,TPA,FL,ASO,ES,Combined TRACON& Tower with Radar,467,136,84,3,690,0,2,29,2,33,467,138,113,5,723,0,0,0,723
12/05/2006,TPA,FL,ASO,ES,Combined TRACON& Tower with Radar,482,152,78,2,714,0,8,36,0,44,482,160,114,2,758,0,0,0,758
12/06/2006,TPA,FL,ASO,ES,Combined TRACON& Tower with Radar,474,160,83,3,720,0,7,39,0,46,474,167,122,3,766,0,0,0,766
12/07/2006,TPA,FL,ASO,ES,Combined TRACON& Tower with Radar,485,170,90,2,747,0,3,29,1,33,485,173,119,3,780,0,0,0,780
12/08/2006,TPA,FL,ASO,ES,Combined TRACON& Tower with Radar,488,159,85,4,736,0,2,25,2,29,488,161,110,6,765,0,0,0,765
12/09/2006,TPA,FL,ASO,ES,Combined TRACON& Tower with Radar,457,93,58,0,608,0,14,16,0,30,457,107,74,0,638,0,0,0,638
12/10/2006,TPA,FL,ASO,ES,Combined TRACON& Tower with Radar,462,99,90,3,654,0,7,60,2,69,462,106,150,5,723,0,0,0,723
12/11/2006,TPA,FL,ASO,ES,Combined TRACON& Tower with Radar,471,138,61,0,670,0,4,29,0,33,471,142,90,0,703,0,0,0,703
12/12/2006,TPA,FL,ASO,ES,Combined TRACON& Tower with Radar,479,166,91,0,736,0,2,41,0,43,479,168,132,0,779,0,0,0,779
12/13/2006,TPA,FL,ASO,ES,Combined TRACON& Tower with Radar,471,163,71,2,707,0,6,28,0,34,471,169,99,2,741,29,0,29,770
12/14/2006,TPA,FL,ASO,ES,Combined TRACON& Tower with Radar,485,171,108,2,766,0,6,18,0,24,485,177,126,2,790,0,0,0,790
12/15/2006,TPA,FL,ASO,ES,Combined TRACON& Tower with Radar,505,186,92,0,783,0,1,15,0,16,505,187,107,0,799,0,0,0,799
12/16/2006,TPA,FL,ASO,ES,Combined TRACON& Tower with Radar,487,106,41,0,634,0,1,22,2,25,487,107,63,2,659,0,0,0,659
12/17/2006,TPA,FL,ASO,ES,Combined TRACON& Tower with Radar,481,113,49,1,644,0,5,28,0,33,481,118,77,1,677,0,0,0,677
12/18/2006,TPA,FL,ASO,ES,Combined TRACON& Tower with Radar,504,147,66,2,719,0,2,36,0,38,504,149,102,2,757,0,0,0,757
12/19/2006,TPA,FL,ASO,ES,Combined TRACON& Tower with Radar,515,176,93,0,784,0,4,44,4,52,515,180,137,4,836,0,0,0,836
12/20/2006,TPA,FL,ASO,ES,Combined TRACON& Tower with Radar,515,173,73,0,761,0,6,39,2,47,515,179,112,2,808,0,0,0,808
12/21/2006,TPA,FL,ASO,ES,Combined TRACON& Tower with Radar,522,173,107,4,806,0,1,39,6,46,522,174,146,10,852,0,0,0,852
12/22/2006,TPA,FL,ASO,ES,Combined TRACON& Tower with Radar,518,172,70,4,764,0,0,23,1,24,518,172,93,5,788,0,0,0,788
12/23/2006,TPA,FL,ASO,ES,Combined TRACON& Tower with Radar,515,116,20,0,651,1,6,27,1,35,516,122,47,1,686,0,0,0,686
12/24/2006,TPA,FL,ASO,ES,Combined TRACON& Tower with Radar,509,106,27,1,643,0,1,7,1,9,509,107,34,2,652,0,0,0,652
12/25/2006,TPA,FL,ASO,ES,Combined TRACON& Tower with Radar,474,82,6,0,562,0,4,1,0,5,474,86,7,0,567,0,0,0,567
12/26/2006,TPA,FL,ASO,ES,Combined TRACON& Tower with Radar,513,144,86,1,744,0,1,12,1,14,513,145,98,2,758,0,0,0,758
12/27/2006,TPA,FL,ASO,ES,Combined TRACON& Tower with Radar,544,168,55,1,768,0,6,35,1,42,544,174,90,2,810,0,0,0,810
12/28/2006,TPA,FL,ASO,ES,Combined TRACON& Tower with Radar,542,169,68,6,785,0,9,27,0,36,542,178,95,6,821,0,0,0,821
12/29/2006,TPA,FL,ASO,ES,Combined TRACON& Tower with Radar,528,167,70,0,765,0,4,40,0,44,528,171,110,0,809,0,0,0,809
12/30/2006,TPA,FL,ASO,ES,Combined TRACON& Tower with Radar,528,116,54,0,698,0,3,27,0,30,528,119,81,0,728,0,0,0,728
12/31/2006,TPA,FL,ASO,ES,Combined TRACON& Tower with Radar,492,108,47,0,647,0,3,25,2,30,492,111,72,2,677,0,0,0,677
01/01/2007,TPA,FL,ASO,ES,Combined TRACON& Tower with Radar,483,113,75,0,671,0,1,16,2,19,483,114,91,2,690,0,0,0,690
01/02/2007,TPA,FL,ASO,ES,Combined TRACON& Tower with Radar,540,153,102,1,796,0,5,24,2,31,540,158,126,3,827,0,0,0,827
01/03/2007,TPA,FL,ASO,ES,Combined TRACON& Tower with Radar,513,181,65,0,759,0,5,46,0,51,513,186,111,0,810,0,0,0,810
01/04/2007,TPA,FL,ASO,ES,Combined TRACON& Tower with Radar,514,151,72,0,737,0,4,55,0,59,514,155,127,0,796,0,0,0,796
01/05/2007,TPA,FL,ASO,ES,Combined TRACON& Tower with Radar,509,151,56,1,717,0,2,29,0,31,509,153,85,1,748,0,0,0,748
01/06/2007,TPA,FL,ASO,ES,Combined TRACON& Tower with Radar,480,116,49,0,645,0,2,24,0,26,480,118,73,0,671,0,0,0,671
01/07/2007,TPA,FL,ASO,ES,Combined TRACON& Tower with Radar,472,116,37,0,625,0,1,31,2,34,472,117,68,2,659,0,0,0,659
01/08/2007,TPA,FL,ASO,ES,Combined TRACON& Tower with Radar,492,132,67,0,691,0,3,14,0,17,492,135,81,0,708,0,0,0,708
01/09/2007,TPA,FL,ASO,ES,Combined TRACON& Tower with Radar,490,153,70,1,714,0,3,30,1,34,490,156,100,2,748,0,0,0,748
01/10/2007,TPA,FL,ASO,ES,Combined TRACON& Tower with Radar,474,158,61,2,695,1,6,40,4,51,475,164,101,6,746,0,0,0,746
01/11/2007,TPA,FL,ASO,ES,Combined TRACON& Tower with Radar,496,156,91,0,743,0,6,40,0,46,496,162,131,0,789,0,0,0,789
01/12/2007,TPA,FL,ASO,ES,Combined TRACON& Tower with Radar,481,162,81,1,725,0,6,45,1,52,481,168,126,2,777,0,0,0,777
01/13/2007,TPA,FL,ASO,ES,Combined TRACON& Tower with Radar,458,99,36,0,593,0,5,31,0,36,458,104,67,0,629,0,0,0,629
01/14/2007,TPA,FL,ASO,ES,Combined TRACON& Tower with Radar,451,91,44,0,586,0,5,35,1,41,451,96,79,1,627,0,0,0,627
01/15/2007,TPA,FL,ASO,ES,Combined TRACON& Tower with Radar,468,131,61,4,664,0,3,34,0,37,468,134,95,4,701,0,0,0,701
01/16/2007,TPA,FL,ASO,ES,Combined TRACON& Tower with Radar,490,160,59,3,712,0,6,25,1,32,490,166,84,4,744,0,0,0,744
01/17/2007,TPA,FL,ASO,ES,Combined TRACON& Tower with Radar,466,165,91,1,723,0,4,30,0,34,466,169,121,1,757,0,0,0,757
01/18/2007,TPA,FL,ASO,ES,Combined TRACON& Tower with Radar,485,160,113,2,760,0,3,20,0,23,485,163,133,2,783,0,0,0,783
01/19/2007,TPA,FL,ASO,ES,Combined TRACON& Tower with Radar,492,175,77,2,746,1,1,40,7,49,493,176,117,9,795,0,0,0,795
01/20/2007,TPA,FL,ASO,ES,Combined TRACON& Tower with Radar,466,104,40,4,614,0,5,31,2,38,466,109,71,6,652,0,0,0,652
01/21/2007,TPA,FL,ASO,ES,Combined TRACON& Tower with Radar,458,99,54,6,617,0,5,32,6,43,458,104,86,12,660,0,0,0,660
01/22/2007,TPA,FL,ASO,ES,Combined TRACON& Tower with Radar,475,136,78,2,691,1,8,28,0,37,476,144,106,2,728,0,0,0,728
01/23/2007,TPA,FL,ASO,ES,Combined TRACON& Tower with Radar,474,153,67,0,694,1,6,25,0,32,475,159,92,0,726,0,0,0,726
01/24/2007,TPA,FL,ASO,ES,Combined TRACON& Tower with Radar,462,169,102,0,733,0,1,18,0,19,462,170,120,0,752,0,0,0,752
01/25/2007,TPA,FL,ASO,ES,Combined TRACON& Tower with Radar,483,170,107,0,760,0,4,22,0,26,483,174,129,0,786,0,0,0,786
01/26/2007,TPA,FL,ASO,ES,Combined TRACON& Tower with Radar,475,157,95,1,728,6,17,47,1,71,481,174,142,2,799,0,0,0,799
01/27/2007,TPA,FL,ASO,ES,Combined TRACON& Tower with Radar,462,91,38,2,593,0,18,41,1,60,462,109,79,3,653,0,0,0,653
01/28/2007,TPA,FL,ASO,ES,Combined TRACON& Tower with Radar,466,96,69,1,632,0,3,11,0,14,466,99,80,1,646,0,0,0,646
01/29/2007,TPA,FL,ASO,ES,Combined TRACON& Tower with Radar,483,132,88,0,703,0,9,39,2,50,483,141,127,2,753,0,0,0,753
01/30/2007,TPA,FL,ASO,ES,Combined TRACON& Tower with Radar,483,158,106,1,748,0,9,26,0,35,483,167,132,1,783,0,0,0,783
01/31/2007,TPA,FL,ASO,ES,Combined TRACON& Tower with Radar,472,161,89,0,722,0,5,47,2,54,472,166,136,2,776,0,0,0,776
02/01/2007,TPA,FL,ASO,ES,Combined TRACON& Tower with Radar,478,161,108,0,747,0,7,34,2,43,478,168,142,2,790,0,0,0,790
02/02/2007,TPA,FL,ASO,ES,Combined TRACON& Tower with Radar,503,174,99,2,778,0,1,11,1,13,503,175,110,3,791,0,0,0,791
02/03/2007,TPA,FL,ASO,ES,Combined TRACON& Tower with Radar,470,105,41,4,620,0,4,19,0,23,470,109,60,4,643,0,0,0,643
02/04/2007,TPA,FL,ASO,ES,Combined TRACON& Tower with Radar,470,100,44,1,615,0,2,20,2,24,470,102,64,3,639,0,0,0,639
02/05/2007,TPA,FL,ASO,ES,Combined TRACON& Tower with Radar,477,137,90,2,706,0,6,30,0,36,477,143,120,2,742,0,0,0,742
02/06/2007,TPA,FL,ASO,ES,Combined TRACON& Tower with Radar,483,158,74,2,717,0,10,23,3,36,483,168,97,5,753,0,0,0,753
02/07/2007,TPA,FL,ASO,ES,Combined TRACON& Tower with Radar,478,160,103,0,741,0,6,69,0,75,478,166,172,0,816,0,0,0,816
02/08/2007,TPA,FL,ASO,ES,Combined TRACON& Tower with Radar,495,155,100,0,750,0,12,39,0,51,495,167,139,0,801,0,0,0,801
02/09/2007,TPA,FL,ASO,ES,Combined TRACON& Tower with Radar,487,156,83,0,726,1,10,37,1,49,488,166,120,1,775,0,0,0,775
02/10/2007,TPA,FL,ASO,ES,Combined TRACON& Tower with Radar,467,95,65,0,627,0,3,35,0,38,467,98,100,0,665,0,0,0,665
02/11/2007,TPA,FL,ASO,ES,Combined TRACON& Tower with Radar,464,100,66,0,630,2,3,39,0,44,466,103,105,0,674,0,0,0,674
02/12/2007,TPA,FL,ASO,ES,Combined TRACON& Tower with Radar,494,130,91,0,715,1,9,39,4,53,495,139,130,4,768,0,0,0,768
02/13/2007,TPA,FL,ASO,ES,Combined TRACON& Tower with Radar,428,156,98,0,682,0,5,34,0,39,428,161,132,0,721,0,0,0,721
02/14/2007,TPA,FL,ASO,ES,Combined TRACON& Tower with Radar,419,157,69,0,645,0,6,34,0,40,419,163,103,0,685,0,0,0,685
02/15/2007,TPA,FL,ASO,ES,Combined TRACON& Tower with Radar,492,156,96,2,746,1,15,56,0,72,493,171,152,2,818,0,0,0,818
02/16/2007,TPA,FL,ASO,ES,Combined TRACON& Tower with Radar,518,153,103,5,779,0,8,33,1,42,518,161,136,6,821,0,0,0,821
02/17/2007,TPA,FL,ASO,ES,Combined TRACON& Tower with Radar,503,103,39,0,645,0,9,22,0,31,503,112,61,0,676,0,0,0,676
02/18/2007,TPA,FL,ASO,ES,Combined TRACON& Tower with Radar,501,101,77,1,680,4,3,21,3,31,505,104,98,4,711,0,0,0,711
02/19/2007,TPA,FL,ASO,ES,Combined TRACON& Tower with Radar,514,122,104,4,744,0,9,44,0,53,514,131,148,4,797,18,0,18,815
02/20/2007,TPA,FL,ASO,ES,Combined TRACON& Tower with Radar,517,162,90,1,770,0,7,45,0,52,517,169,135,1,822,0,0,0,822
02/21/2007,TPA,FL,ASO,ES,Combined TRACON& Tower with Radar,506,161,102,4,773,0,10,55,0,65,506,171,157,4,838,0,0,0,838
02/22/2007,TPA,FL,ASO,ES,Combined TRACON& Tower with Radar,512,152,104,1,769,1,13,63,0,77,513,165,167,1,846,0,0,0,846
02/23/2007,TPA,FL,ASO,ES,Combined TRACON& Tower with Radar,524,162,81,2,769,0,3,47,0,50,524,165,128,2,819,0,0,0,819
02/24/2007,TPA,FL,ASO,ES,Combined TRACON& Tower with Radar,479,102,54,3,638,0,2,25,0,27,479,104,79,3,665,0,0,0,665
02/25/2007,TPA,FL,ASO,ES,Combined TRACON& Tower with Radar,451,113,66,3,633,0,2,13,0,15,451,115,79,3,648,0,0,0,648
02/26/2007,TPA,FL,ASO,ES,Combined TRACON& Tower with Radar,498,149,87,1,735,0,6,23,0,29,498,155,110,1,764,0,0,0,764
02/27/2007,TPA,FL,ASO,ES,Combined TRACON& Tower with Radar,533,163,89,1,786,1,1,17,0,19,534,164,106,1,805,0,0,0,805
02/28/2007,TPA,FL,ASO,ES,Combined TRACON& Tower with Radar,523,161,101,0,785,0,3,41,0,44,523,164,142,0,829,0,0,0,829
03/01/2007,TPA,FL,ASO,ES,Combined TRACON& Tower with Radar,504,169,87,3,763,0,4,33,0,37,504,173,120,3,800,0,0,0,800
03/02/2007,TPA,FL,ASO,ES,Combined TRACON& Tower with Radar,516,175,70,4,765,0,2,12,1,15,516,177,82,5,780,0,0,0,780
03/03/2007,TPA,FL,ASO,ES,Combined TRACON& Tower with Radar,497,107,38,0,642,0,4,8,0,12,497,111,46,0,654,0,0,0,654
03/04/2007,TPA,FL,ASO,ES,Combined TRACON& Tower with Radar,513,108,69,4,694,0,3,36,0,39,513,111,105,4,733,43,0,43,776
03/05/2007,TPA,FL,ASO,ES,Combined TRACON& Tower with Radar,518,139,93,0,750,0,4,37,0,41,518,143,130,0,791,0,0,0,791
03/06/2007,TPA,FL,ASO,ES,Combined TRACON& Tower with Radar,532,159,89,2,782,3,4,38,2,47,535,163,127,4,829,0,0,0,829
03/07/2007,TPA,FL,ASO,ES,Combined TRACON& Tower with Radar,509,158,108,0,775,1,3,47,2,53,510,161,155,2,828,0,0,0,828
03/08/2007,TPA,FL,ASO,ES,Combined TRACON& Tower with Radar,546,171,197,0,914,1,11,81,2,95,547,182,278,2,1009,0,0,0,1009
03/09/2007,TPA,FL,ASO,ES,Combined TRACON& Tower with Radar,527,177,138,1,843,0,5,63,0,68,527,182,201,1,911,0,0,0,911
03/10/2007,TPA,FL,ASO,ES,Combined TRACON& Tower with Radar,506,118,95,3,722,0,4,30,0,34,506,122,125,3,756,0,0,0,756
03/11/2007,TPA,FL,ASO,ES,Combined TRACON& Tower with Radar,531,109,166,8,814,1,4,34,3,42,532,113,200,11,856,0,0,0,856
03/12/2007,TPA,FL,ASO,ES,Combined TRACON& Tower with Radar,515,133,93,4,745,2,10,26,0,38,517,143,119,4,783,0,0,0,783
03/13/2007,TPA,FL,ASO,ES,Combined TRACON& Tower with Radar,530,155,68,1,754,0,9,30,2,41,530,164,98,3,795,0,0,0,795
03/14/2007,TPA,FL,ASO,ES,Combined TRACON& Tower with Radar,516,170,106,8,800,0,5,28,0,33,516,175,134,8,833,0,0,0,833
03/15/2007,TPA,FL,ASO,ES,Combined TRACON& Tower with Radar,527,164,80,1,772,0,1,43,0,44,527,165,123,1,816,0,0,0,816
03/16/2007,TPA,FL,ASO,ES,Combined TRACON& Tower with Radar,452,163,84,0,699,0,3,21,1,25,452,166,105,1,724,0,0,0,724
03/17/2007,TPA,FL,ASO,ES,Combined TRACON& Tower with Radar,469,111,77,0,657,0,5,33,0,38,469,116,110,0,695,0,0,0,695
03/18/2007,TPA,FL,ASO,ES,Combined TRACON& Tower with Radar,528,110,64,2,704,1,4,32,0,37,529,114,96,2,741,0,0,0,741
03/19/2007,TPA,FL,ASO,ES,Combined TRACON& Tower with Radar,511,136,81,1,729,0,13,31,0,44,511,149,112,1,773,20,0,20,793
03/20/2007,TPA,FL,ASO,ES,Combined TRACON& Tower with Radar,541,151,87,0,779,0,7,43,0,50,541,158,130,0,829,0,0,0,829
03/21/2007,TPA,FL,ASO,ES,Combined TRACON& Tower with Radar,515,160,91,0,766,0,7,41,0,48,515,167,132,0,814,0,0,0,814
03/22/2007,TPA,FL,ASO,ES,Combined TRACON& Tower with Radar,532,158,99,2,791,0,13,33,0,46,532,171,132,2,837,0,0,0,837
03/23/2007,TPA,FL,ASO,ES,Combined TRACON& Tower with Radar,537,160,80,0,777,3,7,46,1,57,540,167,126,1,834,0,0,0,834
03/24/2007,TPA,FL,ASO,ES,Combined TRACON& Tower with Radar,513,107,65,0,685,0,6,21,2,29,513,113,86,2,714,0,0,0,714
03/25/2007,TPA,FL,ASO,ES,Combined TRACON& Tower with Radar,526,100,70,0,696,0,8,29,2,39,526,108,99,2,735,0,0,0,735
03/26/2007,TPA,FL,ASO,ES,Combined TRACON& Tower with Radar,518,145,90,3,756,0,6,32,0,38,518,151,122,3,794,0,0,0,794
03/27/2007,TPA,FL,ASO,ES,Combined TRACON& Tower with Radar,536,158,94,2,790,0,13,34,2,49,536,171,128,4,839,0,0,0,839
03/28/2007,TPA,FL,ASO,ES,Combined TRACON& Tower with Radar,513,155,90,2,760,1,17,33,0,51,514,172,123,2,811,0,0,0,811
03/29/2007,TPA,FL,ASO,ES,Combined TRACON& Tower with Radar,538,152,99,2,791,1,18,44,3,66,539,170,143,5,857,0,0,0,857
03/30/2007,TPA,FL,ASO,ES,Combined TRACON& Tower with Radar,531,153,101,3,788,0,15,40,3,58,531,168,141,6,846,0,0,0,846
03/31/2007,TPA,FL,ASO,ES,Combined TRACON& Tower with Radar,518,102,73,6,699,0,8,34,2,44,518,110,107,8,743,0,0,0,743
04/01/2007,TPA,FL,ASO,ES,Combined TRACON& Tower with Radar,517,108,64,4,693,0,2,38,2,42,517,110,102,6,735,0,0,0,735
04/02/2007,TPA,FL,ASO,ES,Combined TRACON& Tower with Radar,522,143,67,1,733,0,17,23,4,44,522,160,90,5,777,0,0,0,777
04/03/2007,TPA,FL,ASO,ES,Combined TRACON& Tower with Radar,530,140,95,4,769,0,17,37,2,56,530,157,132,6,825,0,0,0,825
04/04/2007,TPA,FL,ASO,ES,Combined TRACON& Tower with Radar,510,152,92,0,754,1,24,47,0,72,511,176,139,0,826,0,0,0,826
04/05/2007,TPA,FL,ASO,ES,Combined TRACON& Tower with Radar,539,151,106,1,797,0,20,34,0,54,539,171,140,1,851,0,0,0,851
04/06/2007,TPA,FL,ASO,ES,Combined TRACON& Tower with Radar,530,150,63,5,748,1,24,45,0,70,531,174,108,5,818,0,0,0,818
04/07/2007,TPA,FL,ASO,ES,Combined TRACON& Tower with Radar,511,92,41,0,644,0,13,28,1,42,511,105,69,1,686,0,0,0,686
04/08/2007,TPA,FL,ASO,ES,Combined TRACON& Tower with Radar,518,96,48,6,668,1,5,25,2,33,519,101,73,8,701,0,0,0,701
04/09/2007,TPA,FL,ASO,ES,Combined TRACON& Tower with Radar,509,135,96,1,741,1,13,25,1,40,510,148,121,2,781,0,0,0,781
04/10/2007,TPA,FL,ASO,ES,Combined TRACON& Tower with Radar,514,158,91,1,764,1,3,11,0,15,515,161,102,1,779,0,0,0,779
04/11/2007,TPA,FL,ASO,ES,Combined TRACON& Tower with Radar,495,146,124,0,765,0,12,48,0,60,495,158,172,0,825,0,0,0,825
04/12/2007,TPA,FL,ASO,ES,Combined TRACON& Tower with Radar,501,155,91,0,747,0,27,61,0,88,501,182,152,0,835,30,0,30,865
04/13/2007,TPA,FL,ASO,ES,Combined TRACON& Tower with Radar,533,151,81,4,769,0,15,59,3,77,533,166,140,7,846,24,0,24,870
04/14/2007,TPA,FL,ASO,ES,Combined TRACON& Tower with Radar,509,103,49,0,661,0,11,41,0,52,509,114,90,0,713,0,0,0,713
04/15/2007,TPA,FL,ASO,ES,Combined TRACON& Tower with Radar,500,93,59,1,653,0,0,12,1,13,500,93,71,2,666,0,0,0,666
04/16/2007,TPA,FL,ASO,ES,Combined TRACON& Tower with Radar,495,133,78,2,708,1,14,40,0,55,496,147,118,2,763,0,0,0,763
04/17/2007,TPA,FL,ASO,ES,Combined TRACON& Tower with Radar,521,149,102,0,772,0,18,56,0,74,521,167,158,0,846,0,0,0,846
04/18/2007,TPA,FL,ASO,ES,Combined TRACON& Tower with Radar,496,145,109,1,751,0,21,35,0,56,496,166,144,1,807,0,0,0,807
04/19/2007,TPA,FL,ASO,ES,Combined TRACON& Tower with Radar,514,151,102,1,768,0,20,45,0,65,514,171,147,1,833,0,0,0,833
04/20/2007,TPA,FL,ASO,ES,Combined TRACON& Tower with Radar,500,147,101,3,751,0,21,50,1,72,500,168,151,4,823,0,0,0,823
04/21/2007,TPA,FL,ASO,ES,Combined TRACON& Tower with Radar,494,96,51,0,641,1,15,28,2,46,495,111,79,2,687,0,0,0,687
04/22/2007,TPA,FL,ASO,ES,Combined TRACON& Tower with Radar,500,108,72,2,682,0,3,78,0,81,500,111,150,2,763,0,0,0,763
04/23/2007,TPA,FL,ASO,ES,Combined TRACON& Tower with Radar,491,126,85,2,704,0,11,44,0,55,491,137,129,2,759,0,0,0,759
04/24/2007,TPA,FL,ASO,ES,Combined TRACON& Tower with Radar,496,143,91,1,731,0,16,35,0,51,496,159,126,1,782,0,0,0,782
04/25/2007,TPA,FL,ASO,ES,Combined TRACON& Tower with Radar,476,147,87,1,711,0,26,48,0,74,476,173,135,1,785,0,0,0,785
04/26/2007,TPA,FL,ASO,ES,Combined TRACON& Tower with Radar,497,135,89,1,722,0,20,55,0,75,497,155,144,1,797,0,0,0,797
04/27/2007,TPA,FL,ASO,ES,Combined TRACON& Tower with Radar,504,139,90,2,735,0,19,27,0,46,504,158,117,2,781,0,0,0,781
04/28/2007,TPA,FL,ASO,ES,Combined TRACON& Tower with Radar,491,89,49,0,629,1,16,29,2,48,492,105,78,2,677,0,0,0,677
04/29/2007,TPA,FL,ASO,ES,Combined TRACON& Tower with Radar,485,87,51,3,626,1,3,32,0,36,486,90,83,3,662,0,0,0,662
04/30/2007,TPA,FL,ASO,ES,Combined TRACON& Tower with Radar,490,124,81,1,696,0,10,32,0,42,490,134,113,1,738,0,0,0,738
05/01/2007,TPA,FL,ASO,ES,Combined TRACON& Tower with Radar,486,121,47,0,654,0,19,26,1,46,486,140,73,1,700,0,0,0,700
05/02/2007,TPA,FL,ASO,ES,Combined TRACON& Tower with Radar,471,140,84,2,697,0,21,44,2,67,471,161,128,4,764,0,0,0,764
05/03/2007,TPA,FL,ASO,ES,Combined TRACON& Tower with Radar,487,138,84,0,709,0,21,49,1,71,487,159,133,1,780,0,0,0,780
05/04/2007,TPA,FL,ASO,ES,Combined TRACON& Tower with Radar,485,140,68,0,693,1,22,34,0,57,486,162,102,0,750,0,0,0,750
05/05/2007,TPA,FL,ASO,ES,Combined TRACON& Tower with Radar,460,99,49,2,610,0,11,23,2,36,460,110,72,4,646,0,0,0,646
05/06/2007,TPA,FL,ASO,ES,Combined TRACON& Tower with Radar,459,98,49,2,608,1,1,24,0,26,460,99,73,2,634,0,0,0,634
05/07/2007,TPA,FL,ASO,ES,Combined TRACON& Tower with Radar,473,120,73,0,666,1,14,34,0,49,474,134,107,0,715,0,0,0,715
05/08/2007,TPA,FL,ASO,ES,Combined TRACON& Tower with Radar,463,132,83,0,678,0,16,34,0,50,463,148,117,0,728,0,0,0,728
05/09/2007,TPA,FL,ASO,ES,Combined TRACON& Tower with Radar,448,140,91,0,679,0,18,49,0,67,448,158,140,0,746,10,0,10,756
05/10/2007,TPA,FL,ASO,ES,Combined TRACON& Tower with Radar,466,142,88,2,698,0,19,31,2,52,466,161,119,4,750,0,0,0,750
05/11/2007,TPA,FL,ASO,ES,Combined TRACON& Tower with Radar,468,146,108,0,722,0,12,13,0,25,468,158,121,0,747,0,0,0,747
05/12/2007,TPA,FL,ASO,ES,Combined TRACON& Tower with Radar,448,100,44,2,594,1,4,7,0,12,449,104,51,2,606,0,0,0,606
05/13/2007,TPA,FL,ASO,ES,Combined TRACON& Tower with Radar,460,92,48,1,601,0,2,19,0,21,460,94,67,1,622,0,0,0,622
05/14/2007,TPA,FL,ASO,ES,Combined TRACON& Tower with Radar,455,129,74,3,661,2,9,48,0,59,457,138,122,3,720,0,0,0,720
05/15/2007,TPA,FL,ASO,ES,Combined TRACON& Tower with Radar,444,137,79,0,660,0,18,40,2,60,444,155,119,2,720,0,0,0,720
05/16/2007,TPA,FL,ASO,ES,Combined TRACON& Tower with Radar,443,145,70,0,658,0,15,54,2,71,443,160,124,2,729,0,0,0,729
05/17/2007,TPA,FL,ASO,ES,Combined TRACON& Tower with Radar,478,145,95,1,719,0,22,27,1,50,478,167,122,2,769,0,0,0,769
05/18/2007,TPA,FL,ASO,ES,Combined TRACON& Tower with Radar,470,153,85,1,709,0,21,40,0,61,470,174,125,1,770,0,0,0,770
05/19/2007,TPA,FL,ASO,ES,Combined TRACON& Tower with Radar,442,93,44,2,581,0,13,37,2,52,442,106,81,4,633,0,0,0,633
05/20/2007,TPA,FL,ASO,ES,Combined TRACON& Tower with Radar,441,98,69,0,608,0,2,28,0,30,441,100,97,0,638,0,0,0,638
05/21/2007,TPA,FL,ASO,ES,Combined TRACON& Tower with Radar,458,136,54,1,649,0,11,45,0,56,458,147,99,1,705,0,0,0,705
05/22/2007,TPA,FL,ASO,ES,Combined TRACON& Tower with Radar,451,142,90,1,684,0,14,61,0,75,451,156,151,1,759,0,0,0,759
05/23/2007,TPA,FL,ASO,ES,Combined TRACON& Tower with Radar,452,149,76,2,679,0,18,36,1,55,452,167,112,3,734,0,0,0,734
05/24/2007,TPA,FL,ASO,ES,Combined TRACON& Tower with Radar,456,162,86,2,706,1,15,46,5,67,457,177,132,7,773,0,0,0,773
05/25/2007,TPA,FL,ASO,ES,Combined TRACON& Tower with Radar,465,152,69,2,688,2,12,38,1,53,467,164,107,3,741,0,0,0,741
05/26/2007,TPA,FL,ASO,ES,Combined TRACON& Tower with Radar,435,90,45,2,572,0,8,17,0,25,435,98,62,2,597,0,0,0,597
05/27/2007,TPA,FL,ASO,ES,Combined TRACON& Tower with Radar,413,80,33,3,529,0,3,19,0,22,413,83,52,3,551,0,0,0,551
05/28/2007,TPA,FL,ASO,ES,Combined TRACON& Tower with Radar,426,109,32,0,567,0,2,22,0,24,426,111,54,0,591,0,0,0,591
05/29/2007,TPA,FL,ASO,ES,Combined TRACON& Tower with Radar,444,128,86,3,661,0,14,31,2,47,444,142,117,5,708,0,0,0,708
05/30/2007,TPA,FL,ASO,ES,Combined TRACON& Tower with Radar,451,140,82,0,673,0,11,38,0,49,451,151,120,0,722,0,0,0,722
05/31/2007,TPA,FL,ASO,ES,Combined TRACON& Tower with Radar,454,151,94,1,700,2,14,29,0,45,456,165,123,1,745,0,0,0,745
06/01/2007,TPA,FL,ASO,ES,Combined TRACON& Tower with Radar,466,145,84,3,698,0,5,21,0,26,466,150,105,3,724,0,0,0,724
06/02/2007,TPA,FL,ASO,ES,Combined TRACON& Tower with Radar,438,94,36,0,568,0,0,5,2,7,438,94,41,2,575,0,0,0,575
06/03/2007,TPA,FL,ASO,ES,Combined TRACON& Tower with Radar,445,93,47,1,586,0,2,19,4,25,445,95,66,5,611,0,0,0,611
06/04/2007,TPA,FL,ASO,ES,Combined TRACON& Tower with Radar,451,119,67,0,637,0,16,31,0,47,451,135,98,0,684,0,0,0,684
06/05/2007,TPA,FL,ASO,ES,Combined TRACON& Tower with Radar,455,154,66,0,675,0,16,43,5,64,455,170,109,5,739,0,0,0,739
06/06/2007,TPA,FL,ASO,ES,Combined TRACON& Tower with Radar,453,127,86,0,666,0,12,29,0,41,453,139,115,0,707,3,0,3,710
06/07/2007,TPA,FL,ASO,ES,Combined TRACON& Tower with Radar,458,150,65,0,673,0,10,35,1,46,458,160,100,1,719,0,0,0,719
06/08/2007,TPA,FL,ASO,ES,Combined TRACON& Tower with Radar,436,142,77,2,657,0,13,41,3,57,436,155,118,5,714,0,0,0,714
06/09/2007,TPA,FL,ASO,ES,Combined TRACON& Tower with Radar,447,99,25,0,571,0,14,20,3,37,447,113,45,3,608,0,0,0,608
06/10/2007,TPA,FL,ASO,ES,Combined TRACON& Tower with Radar,444,93,39,4,580,0,3,23,0,26,444,96,62,4,606,25,0,25,631
06/11/2007,TPA,FL,ASO,ES,Combined TRACON& Tower with Radar,438,123,71,0,632,0,9,22,0,31,438,132,93,0,663,0,0,0,663
06/12/2007,TPA,FL,ASO,ES,Combined TRACON& Tower with Radar,439,138,62,0,639,0,19,35,0,54,439,157,97,0,693,0,0,0,693
06/13/2007,TPA,FL,ASO,ES,Combined TRACON& Tower with Radar,452,146,72,0,670,0,16,30,0,46,452,162,102,0,716,0,0,0,716
06/14/2007,TPA,FL,ASO,ES,Combined TRACON& Tower with Radar,468,138,79,2,687,0,13,31,0,44,468,151,110,2,731,0,0,0,731
06/15/2007,TPA,FL,ASO,ES,Combined TRACON& Tower with Radar,456,125,61,0,642,0,20,42,1,63,456,145,103,1,705,5,0,5,710
06/16/2007,TPA,FL,ASO,ES,Combined TRACON& Tower with Radar,437,83,38,0,558,0,8,25,1,34,437,91,63,1,592,0,0,0,592
06/17/2007,TPA,FL,ASO,ES,Combined TRACON& Tower with Radar,441,77,51,0,569,0,3,15,0,18,441,80,66,0,587,0,0,0,587
06/18/2007,TPA,FL,ASO,ES,Combined TRACON& Tower with Radar,440,119,75,2,636,0,6,36,2,44,440,125,111,4,680,0,0,0,680
06/19/2007,TPA,FL,ASO,ES,Combined TRACON& Tower with Radar,448,135,97,0,680,0,14,23,0,37,448,149,120,0,717,0,0,0,717
06/20/2007,TPA,FL,ASO,ES,Combined TRACON& Tower with Radar,459,151,84,0,694,0,15,31,1,47,459,166,115,1,741,0,0,0,741
06/21/2007,TPA,FL,ASO,ES,Combined TRACON& Tower with Radar,459,148,82,0,689,0,11,40,0,51,459,159,122,0,740,0,0,0,740
06/22/2007,TPA,FL,ASO,ES,Combined TRACON& Tower with Radar,465,141,84,0,690,2,15,31,0,48,467,156,115,0,738,0,0,0,738
06/23/2007,TPA,FL,ASO,ES,Combined TRACON& Tower with Radar,444,87,38,3,572,0,5,21,0,26,444,92,59,3,598,0,0,0,598
06/24/2007,TPA,FL,ASO,ES,Combined TRACON& Tower with Radar,435,90,50,3,578,0,1,19,1,21,435,91,69,4,599,0,0,0,599
06/25/2007,TPA,FL,ASO,ES,Combined TRACON& Tower with Radar,454,116,73,0,643,0,18,36,0,54,454,134,109,0,697,0,0,0,697
06/26/2007,TPA,FL,ASO,ES,Combined TRACON& Tower with Radar,448,134,86,0,668,0,17,32,0,49,448,151,118,0,717,0,0,0,717
06/27/2007,TPA,FL,ASO,ES,Combined TRACON& Tower with Radar,440,137,87,0,664,0,21,31,0,52,440,158,118,0,716,0,0,0,716
06/28/2007,TPA,FL,ASO,ES,Combined TRACON& Tower with Radar,446,139,77,2,664,0,15,34,0,49,446,154,111,2,713,0,0,0,713
06/29/2007,TPA,FL,ASO,ES,Combined TRACON& Tower with Radar,479,127,66,1,673,0,27,33,0,60,479,154,99,1,733,0,0,0,733
06/30/2007,TPA,FL,ASO,ES,Combined TRACON& Tower with Radar,443,94,57,0,594,0,8,15,0,23,443,102,72,0,617,0,0,0,617
07/01/2007,TPA,FL,ASO,ES,Combined TRACON& Tower with Radar,437,91,38,0,566,0,4,26,1,31,437,95,64,1,597,0,0,0,597
07/02/2007,TPA,FL,ASO,ES,Combined TRACON& Tower with Radar,450,113,55,1,619,0,7,50,0,57,450,120,105,1,676,0,0,0,676
07/03/2007,TPA,FL,ASO,ES,Combined TRACON& Tower with Radar,452,121,62,3,638,0,18,19,0,37,452,139,81,3,675,0,0,0,675
07/04/2007,TPA,FL,ASO,ES,Combined TRACON& Tower with Radar,417,106,18,0,541,0,9,7,0,16,417,115,25,0,557,0,0,0,557
07/05/2007,TPA,FL,ASO,ES,Combined TRACON& Tower with Radar,426,108,45,0,579,0,12,5,0,17,426,120,50,0,596,0,0,0,596
07/06/2007,TPA,FL,ASO,ES,Combined TRACON& Tower with Radar,465,139,54,0,658,0,17,37,0,54,465,156,91,0,712,0,0,0,712
07/07/2007,TPA,FL,ASO,ES,Combined TRACON& Tower with Radar,442,85,48,0,575,0,9,28,0,37,442,94,76,0,612,0,0,0,612
07/08/2007,TPA,FL,ASO,ES,Combined TRACON& Tower with Radar,442,86,50,0,578,0,2,28,1,31,442,88,78,1,609,0,0,0,609
07/09/2007,TPA,FL,ASO,ES,Combined TRACON& Tower with Radar,446,137,69,0,652,0,7,46,2,55,446,144,115,2,707,0,0,0,707
07/10/2007,TPA,FL,ASO,ES,Combined TRACON& Tower with Radar,421,131,71,2,625,0,19,35,0,54,421,150,106,2,679,0,0,0,679
07/11/2007,TPA,FL,ASO,ES,Combined TRACON& Tower with Radar,472,156,86,0,714,1,19,31,1,52,473,175,117,1,766,0,0,0,766
07/12/2007,TPA,FL,ASO,ES,Combined TRACON& Tower with Radar,449,133,77,0,659,0,11,40,0,51,449,144,117,0,710,0,0,0,710
07/13/2007,TPA,FL,ASO,ES,Combined TRACON& Tower with Radar,465,143,92,0,700,0,20,33,0,53,465,163,125,0,753,0,0,0,753
07/14/2007,TPA,FL,ASO,ES,Combined TRACON& Tower with Radar,430,94,46,2,572,0,13,25,0,38,430,107,71,2,610,0,0,0,610
07/15/2007,TPA,FL,ASO,ES,Combined TRACON& Tower with Radar,438,88,46,0,572,0,3,16,0,19,438,91,62,0,591,0,0,0,591
07/16/2007,TPA,FL,ASO,ES,Combined TRACON& Tower with Radar,448,119,73,0,640,0,5,41,1,47,448,124,114,1,687,0,0,0,687
07/17/2007,TPA,FL,ASO,ES,Combined TRACON& Tower with Radar,456,144,52,0,652,0,22,38,3,63,456,166,90,3,715,0,0,0,715
07/18/2007,TPA,FL,ASO,ES,Combined TRACON& Tower with Radar,447,138,62,0,647,1,18,38,0,57,448,156,100,0,704,0,0,0,704
07/19/2007,TPA,FL,ASO,ES,Combined TRACON& Tower with Radar,467,165,88,0,720,1,19,38,0,58,468,184,126,0,778,0,0,0,778
07/20/2007,TPA,FL,ASO,ES,Combined TRACON& Tower with Radar,486,154,69,0,709,3,17,35,0,55,489,171,104,0,764,0,0,0,764
07/21/2007,TPA,FL,ASO,ES,Combined TRACON& Tower with Radar,434,96,23,0,553,1,9,18,0,28,435,105,41,0,581,0,0,0,581
07/22/2007,TPA,FL,ASO,ES,Combined TRACON& Tower with Radar,437,87,47,0,571,0,3,19,1,23,437,90,66,1,594,0,0,0,594
07/23/2007,TPA,FL,ASO,ES,Combined TRACON& Tower with Radar,442,131,62,0,635,0,5,34,0,39,442,136,96,0,674,0,0,0,674
07/24/2007,TPA,FL,ASO,ES,Combined TRACON& Tower with Radar,453,144,68,1,666,0,15,19,2,36,453,159,87,3,702,0,0,0,702
07/25/2007,TPA,FL,ASO,ES,Combined TRACON& Tower with Radar,459,140,92,0,691,1,19,44,0,64,460,159,136,0,755,48,0,48,803
07/26/2007,TPA,FL,ASO,ES,Combined TRACON& Tower with Radar,469,152,85,0,706,1,14,47,0,62,470,166,132,0,768,0,0,0,768
07/27/2007,TPA,FL,ASO,ES,Combined TRACON& Tower with Radar,453,139,72,0,664,2,16,41,1,60,455,155,113,1,724,0,0,0,724
07/28/2007,TPA,FL,ASO,ES,Combined TRACON& Tower with Radar,451,97,32,0,580,0,10,21,0,31,451,107,53,0,611,0,0,0,611
07/29/2007,TPA,FL,ASO,ES,Combined TRACON& Tower with Radar,400,97,60,0,557,0,2,21,1,24,400,99,81,1,581,0,0,0,581
07/30/2007,TPA,FL,ASO,ES,Combined TRACON& Tower with Radar,467,117,69,0,653,1,15,38,0,54,468,132,107,0,707,0,0,0,707
07/31/2007,TPA,FL,ASO,ES,Combined TRACON& Tower with Radar,448,135,56,1,640,0,11,14,0,25,448,146,70,1,665,0,0,0,665
08/01/2007,TPA,FL,ASO,ES,Combined TRACON& Tower with Radar,456,139,67,1,663,0,18,14,0,32,456,157,81,1,695,0,0,0,695
08/02/2007,TPA,FL,ASO,ES,Combined TRACON& Tower with Radar,466,138,57,1,662,0,14,13,0,27,466,152,70,1,689,0,0,0,689
08/03/2007,TPA,FL,ASO,ES,Combined TRACON& Tower with Radar,453,135,70,4,662,2,31,47,4,84,455,166,117,8,746,0,0,0,746
08/04/2007,TPA,FL,ASO,ES,Combined TRACON& Tower with Radar,441,89,41,2,573,2,9,26,2,39,443,98,67,4,612,8,0,8,620
08/05/2007,TPA,FL,ASO,ES,Combined TRACON& Tower with Radar,430,88,54,4,576,0,2,37,1,40,430,90,91,5,616,0,0,0,616
08/06/2007,TPA,FL,ASO,ES,Combined TRACON& Tower with Radar,449,122,75,0,646,0,9,44,0,53,449,131,119,0,699,20,0,20,719
08/07/2007,TPA,FL,ASO,ES,Combined TRACON& Tower with Radar,451,131,49,4,635,1,15,36,0,52,452,146,85,4,687,0,0,0,687
08/08/2007,TPA,FL,ASO,ES,Combined TRACON& Tower with Radar,450,142,85,0,677,1,17,39,0,57,451,159,124,0,734,0,0,0,734
08/09/2007,TPA,FL,ASO,ES,Combined TRACON& Tower with Radar,420,140,62,0,622,1,22,33,0,56,421,162,95,0,678,0,0,0,678
08/10/2007,TPA,FL,ASO,ES,Combined TRACON& Tower with Radar,478,140,63,1,682,1,24,41,2,68,479,164,104,3,750,0,0,0,750
08/11/2007,TPA,FL,ASO,ES,Combined TRACON& Tower with Radar,447,92,41,0,580,1,8,20,0,29,448,100,61,0,609,0,0,0,609
08/12/2007,TPA,FL,ASO,ES,Combined TRACON& Tower with Radar,430,91,45,2,568,0,3,12,0,15,430,94,57,2,583,0,0,0,583
08/13/2007,TPA,FL,ASO,ES,Combined TRACON& Tower with Radar,446,126,62,2,636,1,7,32,0,40,447,133,94,2,676,0,0,0,676
08/14/2007,TPA,FL,ASO,ES,Combined TRACON& Tower with Radar,446,140,62,0,648,0,18,20,0,38,446,158,82,0,686,0,0,0,686
08/15/2007,TPA,FL,ASO,ES,Combined TRACON& Tower with Radar,453,139,67,2,661,0,13,60,0,73,453,152,127,2,734,20,0,20,754
08/16/2007,TPA,FL,ASO,ES,Combined TRACON& Tower with Radar,429,148,73,0,650,2,7,40,1,50,431,155,113,1,700,20,0,20,720
08/17/2007,TPA,FL,ASO,ES,Combined TRACON& Tower with Radar,448,135,46,4,633,0,18,29,1,48,448,153,75,5,681,0,0,0,681
08/18/2007,TPA,FL,ASO,ES,Combined TRACON& Tower with Radar,444,88,36,0,568,3,8,27,0,38,447,96,63,0,606,0,0,0,606
08/19/2007,TPA,FL,ASO,ES,Combined TRACON& Tower with Radar,430,90,40,0,560,0,1,19,0,20,430,91,59,0,580,0,0,0,580
08/20/2007,TPA,FL,ASO,ES,Combined TRACON& Tower with Radar,434,124,55,0,613,0,7,42,2,51,434,131,97,2,664,0,0,0,664
08/21/2007,TPA,FL,ASO,ES,Combined TRACON& Tower with Radar,440,142,62,0,644,0,12,35,2,49,440,154,97,2,693,0,0,0,693
08/22/2007,TPA,FL,ASO,ES,Combined TRACON& Tower with Radar,436,127,69,1,633,1,13,30,0,44,437,140,99,1,677,0,0,0,677
08/23/2007,TPA,FL,ASO,ES,Combined TRACON& Tower with Radar,436,147,70,2,655,1,10,35,0,46,437,157,105,2,701,0,0,0,701
08/24/2007,TPA,FL,ASO,ES,Combined TRACON& Tower with Radar,440,139,43,0,622,1,10,32,0,43,441,149,75,0,665,0,0,0,665
08/25/2007,TPA,FL,ASO,ES,Combined TRACON& Tower with Radar,437,89,37,0,563,0,4,21,0,25,437,93,58,0,588,0,0,0,588
08/26/2007,TPA,FL,ASO,ES,Combined TRACON& Tower with Radar,428,92,23,0,543,0,9,28,0,37,428,101,51,0,580,0,0,0,580
08/27/2007,TPA,FL,ASO,ES,Combined TRACON& Tower with Radar,444,127,60,0,631,2,9,43,2,56,446,136,103,2,687,0,0,0,687
08/28/2007,TPA,FL,ASO,ES,Combined TRACON& Tower with Radar,447,130,49,0,626,0,9,29,0,38,447,139,78,0,664,0,0,0,664
08/29/2007,TPA,FL,ASO,ES,Combined TRACON& Tower with Radar,423,134,72,1,630,1,24,40,1,66,424,158,112,2,696,0,0,0,696
08/30/2007,TPA,FL,ASO,ES,Combined TRACON& Tower with Radar,451,133,79,0,663,0,29,57,1,87,451,162,136,1,750,0,0,0,750
08/31/2007,TPA,FL,ASO,ES,Combined TRACON& Tower with Radar,464,151,69,0,684,0,21,24,2,47,464,172,93,2,731,0,0,0,731
09/01/2007,TPA,FL,ASO,ES,Combined TRACON& Tower with Radar,420,89,20,0,529,0,7,9,0,16,420,96,29,0,545,0,0,0,545
09/02/2007,TPA,FL,ASO,ES,Combined TRACON& Tower with Radar,355,71,11,0,437,0,1,14,0,15,355,72,25,0,452,0,0,0,452
09/03/2007,TPA,FL,ASO,ES,Combined TRACON& Tower with Radar,404,86,34,0,524,0,1,14,0,15,404,87,48,0,539,0,0,0,539
09/04/2007,TPA,FL,ASO,ES,Combined TRACON& Tower with Radar,430,114,48,1,593,1,11,25,0,37,431,125,73,1,630,0,0,0,630
09/05/2007,TPA,FL,ASO,ES,Combined TRACON& Tower with Radar,427,131,67,0,625,1,17,36,0,54,428,148,103,0,679,0,0,0,679
09/06/2007,TPA,FL,ASO,ES,Combined TRACON& Tower with Radar,437,132,62,2,633,1,17,34,2,54,438,149,96,4,687,0,0,0,687
09/07/2007,TPA,FL,ASO,ES,Combined TRACON& Tower with Radar,446,133,79,0,658,1,17,42,1,61,447,150,121,1,719,0,0,0,719
09/08/2007,TPA,FL,ASO,ES,Combined TRACON& Tower with Radar,405,79,27,0,511,3,8,23,2,36,408,87,50,2,547,0,0,0,547
09/09/2007,TPA,FL,ASO,ES,Combined TRACON& Tower with Radar,403,86,41,0,530,1,0,26,0,27,404,86,67,0,557,0,0,0,557
09/10/2007,TPA,FL,ASO,ES,Combined TRACON& Tower with Radar,421,115,64,0,600,0,13,28,0,41,421,128,92,0,641,0,0,0,641
09/11/2007,TPA,FL,ASO,ES,Combined TRACON& Tower with Radar,420,140,72,0,632,0,18,44,2,64,420,158,116,2,696,0,0,0,696
09/12/2007,TPA,FL,ASO,ES,Combined TRACON& Tower with Radar,403,144,66,0,613,0,18,28,6,52,403,162,94,6,665,0,0,0,665
09/13/2007,TPA,FL,ASO,ES,Combined TRACON& Tower with Radar,444,124,83,0,651,3,19,44,0,66,447,143,127,0,717,0,0,0,717
09/14/2007,TPA,FL,ASO,ES,Combined TRACON& Tower with Radar,436,127,64,3,630,2,20,34,0,56,438,147,98,3,686,0,0,0,686
09/15/2007,TPA,FL,ASO,ES,Combined TRACON& Tower with Radar,416,71,37,0,524,1,8,21,0,30,417,79,58,0,554,0,0,0,554
09/16/2007,TPA,FL,ASO,ES,Combined TRACON& Tower with Radar,413,89,56,0,558,1,2,34,0,37,414,91,90,0,595,0,0,0,595
09/17/2007,TPA,FL,ASO,ES,Combined TRACON& Tower with Radar,420,111,86,1,618,3,12,25,0,40,423,123,111,1,658,0,0,0,658
09/18/2007,TPA,FL,ASO,ES,Combined TRACON& Tower with Radar,418,127,78,0,623,1,18,31,2,52,419,145,109,2,675,0,0,0,675
09/19/2007,TPA,FL,ASO,ES,Combined TRACON& Tower with Radar,419,130,62,0,611,0,13,17,0,30,419,143,79,0,641,0,0,0,641
09/20/2007,TPA,FL,ASO,ES,Combined TRACON& Tower with Radar,437,140,84,0,661,0,14,22,2,38,437,154,106,2,699,0,0,0,699
09/21/2007,TPA,FL,ASO,ES,Combined TRACON& Tower with Radar,442,125,67,0,634,1,20,35,2,58,443,145,102,2,692,12,0,12,704
09/22/2007,TPA,FL,ASO,ES,Combined TRACON& Tower with Radar,409,73,50,0,532,3,11,17,0,31,412,84,67,0,563,0,0,0,563
09/23/2007,TPA,FL,ASO,ES,Combined TRACON& Tower with Radar,406,83,57,0,546,0,3,18,1,22,406,86,75,1,568,0,0,0,568
09/24/2007,TPA,FL,ASO,ES,Combined TRACON& Tower with Radar,429,119,72,0,620,1,9,28,0,38,430,128,100,0,658,0,0,0,658
09/25/2007,TPA,FL,ASO,ES,Combined TRACON& Tower with Radar,407,130,82,2,621,0,18,48,0,66,407,148,130,2,687,28,0,28,715
09/26/2007,TPA,FL,ASO,ES,Combined TRACON& Tower with Radar,422,132,61,0,615,1,21,40,0,62,423,153,101,0,677,0,0,0,677
09/27/2007,TPA,FL,ASO,ES,Combined TRACON& Tower with Radar,431,134,77,2,644,1,17,23,1,42,432,151,100,3,686,0,0,0,686
09/28/2007,TPA,FL,ASO,ES,Combined TRACON& Tower with Radar,444,131,71,3,649,1,20,32,1,54,445,151,103,4,703,0,0,0,703
09/29/2007,TPA,FL,ASO,ES,Combined TRACON& Tower with Radar,412,75,32,1,520,1,12,13,0,26,413,87,45,1,546,0,0,0,546
09/30/2007,TPA,FL,ASO,ES,Combined TRACON& Tower with Radar,405,84,54,2,545,1,0,24,2,27,406,84,78,4,572,0,0,0,572
10/01/2007,TPA,FL,ASO,ES,Combined TRACON& Tower with Radar,439,117,59,4,619,2,13,59,1,75,441,130,118,5,694,0,0,0,694
10/02/2007,TPA,FL,ASO,ES,Combined TRACON& Tower with Radar,424,126,51,2,603,1,16,19,0,36,425,142,70,2,639,0,0,0,639
10/03/2007,TPA,FL,ASO,ES,Combined TRACON& Tower with Radar,421,138,72,2,633,0,15,36,1,52,421,153,108,3,685,0,0,0,685
10/04/2007,TPA,FL,ASO,ES,Combined TRACON& Tower with Radar,447,135,80,0,662,0,17,24,0,41,447,152,104,0,703,0,0,0,703
10/05/2007,TPA,FL,ASO,ES,Combined TRACON& Tower with Radar,447,132,87,1,667,0,16,26,0,42,447,148,113,1,709,0,0,0,709
10/06/2007,TPA,FL,ASO,ES,Combined TRACON& Tower with Radar,434,71,42,2,549,1,6,13,0,20,435,77,55,2,569,0,0,0,569
10/07/2007,TPA,FL,ASO,ES,Combined TRACON& Tower with Radar,410,96,43,0,549,0,1,26,0,27,410,97,69,0,576,0,0,0,576
10/08/2007,TPA,FL,ASO,ES,Combined TRACON& Tower with Radar,432,117,54,1,604,1,5,35,0,41,433,122,89,1,645,0,0,0,645
10/09/2007,TPA,FL,ASO,ES,Combined TRACON& Tower with Radar,419,136,80,4,639,1,15,46,2,64,420,151,126,6,703,0,0,0,703
10/10/2007,TPA,FL,ASO,ES,Combined TRACON& Tower with Radar,438,138,79,2,657,1,14,48,2,65,439,152,127,4,722,0,0,0,722
10/11/2007,TPA,FL,ASO,ES,Combined TRACON& Tower with Radar,447,142,69,1,659,0,13,51,0,64,447,155,120,1,723,0,0,0,723
10/12/2007,TPA,FL,ASO,ES,Combined TRACON& Tower with Radar,449,131,53,2,635,2,14,37,1,54,451,145,90,3,689,0,0,0,689
10/13/2007,TPA,FL,ASO,ES,Combined TRACON& Tower with Radar,429,73,48,2,552,1,10,48,0,59,430,83,96,2,611,10,0,10,621
10/14/2007,TPA,FL,ASO,ES,Combined TRACON& Tower with Radar,413,93,68,2,576,0,2,20,0,22,413,95,88,2,598,0,0,0,598
10/15/2007,TPA,FL,ASO,ES,Combined TRACON& Tower with Radar,427,123,71,0,621,0,8,26,0,34,427,131,97,0,655,0,0,0,655
10/16/2007,TPA,FL,ASO,ES,Combined TRACON& Tower with Radar,432,135,83,1,651,0,24,39,0,63,432,159,122,1,714,0,0,0,714
10/17/2007,TPA,FL,ASO,ES,Combined TRACON& Tower with Radar,428,133,80,1,642,0,18,37,0,55,428,151,117,1,697,0,0,0,697
10/18/2007,TPA,FL,ASO,ES,Combined TRACON& Tower with Radar,447,123,96,1,667,0,21,22,1,44,447,144,118,2,711,0,0,0,711
10/19/2007,TPA,FL,ASO,ES,Combined TRACON& Tower with Radar,450,130,93,0,673,0,18,33,2,53,450,148,126,2,726,0,0,0,726
10/20/2007,TPA,FL,ASO,ES,Combined TRACON& Tower with Radar,430,89,31,0,550,1,6,17,0,24,431,95,48,0,574,0,0,0,574
10/21/2007,TPA,FL,ASO,ES,Combined TRACON& Tower with Radar,413,98,60,0,571,0,5,23,2,30,413,103,83,2,601,0,0,0,601
10/22/2007,TPA,FL,ASO,ES,Combined TRACON& Tower with Radar,424,112,66,0,602,2,11,22,0,35,426,123,88,0,637,0,0,0,637
10/23/2007,TPA,FL,ASO,ES,Combined TRACON& Tower with Radar,433,132,72,0,637,0,18,29,2,49,433,150,101,2,686,0,0,0,686
10/24/2007,TPA,FL,ASO,ES,Combined TRACON& Tower with Radar,419,139,82,1,641,0,7,12,0,19,419,146,94,1,660,0,0,0,660
10/25/2007,TPA,FL,ASO,ES,Combined TRACON& Tower with Radar,452,147,87,1,687,0,22,45,1,68,452,169,132,2,755,0,0,0,755
10/26/2007,TPA,FL,ASO,ES,Combined TRACON& Tower with Radar,445,140,73,0,658,0,21,36,0,57,445,161,109,0,715,0,0,0,715
10/27/2007,TPA,FL,ASO,ES,Combined TRACON& Tower with Radar,439,73,43,1,556,0,7,18,0,25,439,80,61,1,581,0,0,0,581
10/28/2007,TPA,FL,ASO,ES,Combined TRACON& Tower with Radar,418,107,81,0,606,1,1,40,0,42,419,108,121,0,648,0,0,0,648
10/29/2007,TPA,FL,ASO,ES,Combined TRACON& Tower with Radar,434,119,69,3,625,2,11,16,0,29,436,130,85,3,654,0,0,0,654
10/30/2007,TPA,FL,ASO,ES,Combined TRACON& Tower with Radar,428,139,73,2,642,3,11,34,2,50,431,150,107,4,692,0,0,0,692
10/31/2007,TPA,FL,ASO,ES,Combined TRACON& Tower with Radar,421,132,57,0,610,2,15,23,0,40,423,147,80,0,650,0,0,0,650
11/01/2007,TPA,FL,ASO,ES,Combined TRACON& Tower with Radar,447,147,92,4,690,2,17,21,0,40,449,164,113,4,730,0,0,0,730
11/02/2007,TPA,FL,ASO,ES,Combined TRACON& Tower with Radar,459,142,93,1,695,2,18,36,2,58,461,160,129,3,753,0,0,0,753
11/03/2007,TPA,FL,ASO,ES,Combined TRACON& Tower with Radar,431,92,40,1,564,3,18,28,0,49,434,110,68,1,613,0,0,0,613
11/04/2007,TPA,FL,ASO,ES,Combined TRACON& Tower with Radar,452,96,47,0,595,0,8,31,1,40,452,104,78,1,635,0,0,0,635
11/05/2007,TPA,FL,ASO,ES,Combined TRACON& Tower with Radar,449,125,64,4,642,2,12,34,0,48,451,137,98,4,690,0,0,0,690
11/06/2007,TPA,FL,ASO,ES,Combined TRACON& Tower with Radar,458,138,81,4,681,3,15,49,0,67,461,153,130,4,748,0,0,0,748
11/07/2007,TPA,FL,ASO,ES,Combined TRACON& Tower with Radar,466,148,83,0,697,1,18,38,0,57,467,166,121,0,754,0,0,0,754
11/08/2007,TPA,FL,ASO,ES,Combined TRACON& Tower with Radar,478,161,80,2,721,3,12,44,0,59,481,173,124,2,780,0,0,0,780
11/09/2007,TPA,FL,ASO,ES,Combined TRACON& Tower with Radar,477,151,99,0,727,2,14,47,0,63,479,165,146,0,790,0,0,0,790
11/10/2007,TPA,FL,ASO,ES,Combined TRACON& Tower with Radar,449,97,30,2,578,1,9,26,0,36,450,106,56,2,614,0,0,0,614
11/11/2007,TPA,FL,ASO,ES,Combined TRACON& Tower with Radar,452,102,52,2,608,1,0,28,2,31,453,102,80,4,639,0,0,0,639
11/12/2007,TPA,FL,ASO,ES,Combined TRACON& Tower with Radar,460,112,73,0,645,0,8,44,0,52,460,120,117,0,697,0,0,0,697
11/13/2007,TPA,FL,ASO,ES,Combined TRACON& Tower with Radar,468,124,87,1,680,1,19,43,0,63,469,143,130,1,743,0,0,0,743
11/14/2007,TPA,FL,ASO,ES,Combined TRACON& Tower with Radar,453,147,94,2,696,2,22,43,0,67,455,169,137,2,763,0,0,0,763
11/15/2007,TPA,FL,ASO,ES,Combined TRACON& Tower with Radar,493,132,92,2,719,1,16,38,0,55,494,148,130,2,774,0,0,0,774
11/16/2007,TPA,FL,ASO,ES,Combined TRACON& Tower with Radar,491,128,85,2,706,4,16,53,0,73,495,144,138,2,779,0,0,0,779
11/17/2007,TPA,FL,ASO,ES,Combined TRACON& Tower with Radar,462,98,49,2,611,3,17,42,5,67,465,115,91,7,678,0,0,0,678
11/18/2007,TPA,FL,ASO,ES,Combined TRACON& Tower with Radar,468,102,58,0,628,2,1,20,0,23,470,103,78,0,651,0,0,0,651
11/19/2007,TPA,FL,ASO,ES,Combined TRACON& Tower with Radar,475,125,87,2,689,1,11,47,0,59,476,136,134,2,748,0,0,0,748
11/20/2007,TPA,FL,ASO,ES,Combined TRACON& Tower with Radar,487,134,90,1,712,0,17,36,0,53,487,151,126,1,765,0,0,0,765
11/21/2007,TPA,FL,ASO,ES,Combined TRACON& Tower with Radar,491,144,93,2,730,1,18,33,0,52,492,162,126,2,782,0,0,0,782
11/22/2007,TPA,FL,ASO,ES,Combined TRACON& Tower with Radar,389,81,21,0,491,2,6,11,0,19,391,87,32,0,510,0,0,0,510
11/23/2007,TPA,FL,ASO,ES,Combined TRACON& Tower with Radar,419,80,25,2,526,1,8,27,0,36,420,88,52,2,562,0,0,0,562
11/24/2007,TPA,FL,ASO,ES,Combined TRACON& Tower with Radar,455,85,36,0,576,1,10,20,3,34,456,95,56,3,610,0,0,0,610
11/25/2007,TPA,FL,ASO,ES,Combined TRACON& Tower with Radar,476,115,82,1,674,2,1,28,0,31,478,116,110,1,705,0,0,0,705
11/26/2007,TPA,FL,ASO,ES,Combined TRACON& Tower with Radar,474,119,87,0,680,1,12,23,0,36,475,131,110,0,716,0,0,0,716
11/27/2007,TPA,FL,ASO,ES,Combined TRACON& Tower with Radar,494,149,76,0,719,1,20,22,1,44,495,169,98,1,763,0,0,0,763
11/28/2007,TPA,FL,ASO,ES,Combined TRACON& Tower with Radar,471,139,96,0,706,1,17,44,0,62,472,156,140,0,768,0,0,0,768
11/29/2007,TPA,FL,ASO,ES,Combined TRACON& Tower with Radar,482,136,103,1,722,2,18,41,2,63,484,154,144,3,785,38,0,38,823
11/30/2007,TPA,FL,ASO,ES,Combined TRACON& Tower with Radar,485,138,76,9,708,2,14,23,0,39,487,152,99,9,747,0,0,0,747
12/01/2007,TPA,FL,ASO,ES,Combined TRACON& Tower with Radar,444,97,24,0,565,1,8,75,0,84,445,105,99,0,649,48,0,48,697
12/02/2007,TPA,FL,ASO,ES,Combined TRACON& Tower with Radar,443,90,60,5,598,0,3,30,0,33,443,93,90,5,631,0,0,0,631
12/03/2007,TPA,FL,ASO,ES,Combined TRACON& Tower with Radar,467,118,76,0,661,1,16,33,0,50,468,134,109,0,711,0,0,0,711
12/04/2007,TPA,FL,ASO,ES,Combined TRACON& Tower with Radar,456,134,72,1,663,0,20,52,0,72,456,154,124,1,735,0,0,0,735
12/05/2007,TPA,FL,ASO,ES,Combined TRACON& Tower with Radar,435,129,76,2,642,0,24,45,1,70,435,153,121,3,712,0,0,0,712
12/06/2007,TPA,FL,ASO,ES,Combined TRACON& Tower with Radar,481,135,101,0,717,0,26,42,2,70,481,161,143,2,787,0,0,0,787
12/07/2007,TPA,FL,ASO,ES,Combined TRACON& Tower with Radar,477,130,83,0,690,0,22,36,4,62,477,152,119,4,752,0,0,0,752
12/08/2007,TPA,FL,ASO,ES,Combined TRACON& Tower with Radar,451,84,40,2,577,1,8,26,2,37,452,92,66,4,614,0,0,0,614
12/09/2007,TPA,FL,ASO,ES,Combined TRACON& Tower with Radar,454,89,43,0,586,1,1,24,3,29,455,90,67,3,615,0,0,0,615
12/10/2007,TPA,FL,ASO,ES,Combined TRACON& Tower with Radar,461,120,71,2,654,0,12,38,1,51,461,132,109,3,705,0,0,0,705
12/11/2007,TPA,FL,ASO,ES,Combined TRACON& Tower with Radar,436,128,104,0,668,1,24,36,0,61,437,152,140,0,729,0,0,0,729
12/12/2007,TPA,FL,ASO,ES,Combined TRACON& Tower with Radar,454,134,112,1,701,0,29,53,0,82,454,163,165,1,783,0,0,0,783
12/13/2007,TPA,FL,ASO,ES,Combined TRACON& Tower with Radar,447,127,97,0,671,2,20,45,0,67,449,147,142,0,738,0,0,0,738
12/14/2007,TPA,FL,ASO,ES,Combined TRACON& Tower with Radar,486,136,80,6,708,1,22,28,0,51,487,158,108,6,759,0,0,0,759
12/15/2007,TPA,FL,ASO,ES,Combined TRACON& Tower with Radar,453,93,41,0,587,1,10,24,0,35,454,103,65,0,622,0,0,0,622
12/16/2007,TPA,FL,ASO,ES,Combined TRACON& Tower with Radar,432,98,48,1,579,2,6,18,7,33,434,104,66,8,612,0,0,0,612
12/17/2007,TPA,FL,ASO,ES,Combined TRACON& Tower with Radar,476,121,90,0,687,2,16,35,0,53,478,137,125,0,740,0,0,0,740
12/18/2007,TPA,FL,ASO,ES,Combined TRACON& Tower with Radar,488,127,72,0,687,3,14,45,0,62,491,141,117,0,749,0,0,0,749
12/19/2007,TPA,FL,ASO,ES,Combined TRACON& Tower with Radar,507,127,60,0,694,10,16,29,2,57,517,143,89,2,751,0,0,0,751
12/20/2007,TPA,FL,ASO,ES,Combined TRACON& Tower with Radar,517,122,87,0,726,3,19,41,4,67,520,141,128,4,793,0,0,0,793
12/21/2007,TPA,FL,ASO,ES,Combined TRACON& Tower with Radar,522,134,79,0,735,8,16,32,0,56,530,150,111,0,791,0,0,0,791
12/22/2007,TPA,FL,ASO,ES,Combined TRACON& Tower with Radar,495,92,56,0,643,3,7,17,0,27,498,99,73,0,670,0,0,0,670
12/23/2007,TPA,FL,ASO,ES,Combined TRACON& Tower with Radar,499,95,38,0,632,0,2,15,0,17,499,97,53,0,649,0,0,0,649
12/24/2007,TPA,FL,ASO,ES,Combined TRACON& Tower with Radar,468,104,27,0,599,1,12,8,0,21,469,116,35,0,620,0,0,0,620
12/25/2007,TPA,FL,ASO,ES,Combined TRACON& Tower with Radar,442,89,20,0,551,1,2,16,0,19,443,91,36,0,570,0,0,0,570
12/26/2007,TPA,FL,ASO,ES,Combined TRACON& Tower with Radar,509,111,82,0,702,1,8,27,0,36,510,119,109,0,738,0,0,0,738
12/27/2007,TPA,FL,ASO,ES,Combined TRACON& Tower with Radar,517,145,69,3,734,2,23,31,0,56,519,168,100,3,790,0,0,0,790
12/28/2007,TPA,FL,ASO,ES,Combined TRACON& Tower with Radar,515,137,47,0,699,3,20,32,0,55,518,157,79,0,754,0,0,0,754
12/29/2007,TPA,FL,ASO,ES,Combined TRACON& Tower with Radar,531,91,46,0,668,2,8,29,0,39,533,99,75,0,707,0,0,0,707
12/30/2007,TPA,FL,ASO,ES,Combined TRACON& Tower with Radar,497,100,61,0,658,0,3,20,0,23,497,103,81,0,681,0,0,0,681
12/31/2007,TPA,FL,ASO,ES,Combined TRACON& Tower with Radar,491,104,32,0,627,1,8,15,1,25,492,112,47,1,652,0,0,0,652
01/01/2008,TPA,FL,ASO,ES,Combined TRACON& Tower with Radar,460,102,78,0,640,2,2,24,2,30,462,104,102,2,670,0,0,0,670
01/02/2008,TPA,FL,ASO,ES,Combined TRACON& Tower with Radar,528,112,52,0,692,4,8,34,0,46,532,120,86,0,738,0,0,0,738
01/03/2008,TPA,FL,ASO,ES,Combined TRACON& Tower with Radar,518,139,64,1,722,1,14,38,0,53,519,153,102,1,775,20,0,20,795
01/04/2008,TPA,FL,ASO,ES,Combined TRACON& Tower with Radar,533,128,62,0,723,2,15,44,0,61,535,143,106,0,784,0,0,0,784
01/05/2008,TPA,FL,ASO,ES,Combined TRACON& Tower with Radar,479,91,63,0,633,0,4,21,0,25,479,95,84,0,658,0,0,0,658
01/06/2008,TPA,FL,ASO,ES,Combined TRACON& Tower with Radar,486,105,94,0,685,3,0,44,0,47,489,105,138,0,732,0,0,0,732
01/07/2008,TPA,FL,ASO,ES,Combined TRACON& Tower with Radar,480,115,74,2,671,3,7,50,0,60,483,122,124,2,731,0,0,0,731
01/08/2008,TPA,FL,ASO,ES,Combined TRACON& Tower with Radar,447,131,74,2,654,0,17,54,2,73,447,148,128,4,727,0,0,0,727
01/09/2008,TPA,FL,ASO,ES,Combined TRACON& Tower with Radar,443,138,67,2,650,1,16,34,0,51,444,154,101,2,701,0,0,0,701
01/10/2008,TPA,FL,ASO,ES,Combined TRACON& Tower with Radar,471,130,71,0,672,0,15,40,0,55,471,145,111,0,727,0,0,0,727
01/11/2008,TPA,FL,ASO,ES,Combined TRACON& Tower with Radar,472,143,65,2,682,2,23,47,2,74,474,166,112,4,756,0,0,0,756
01/12/2008,TPA,FL,ASO,ES,Combined TRACON& Tower with Radar,446,77,37,1,561,2,9,17,1,29,448,86,54,2,590,0,0,0,590
01/13/2008,TPA,FL,ASO,ES,Combined TRACON& Tower with Radar,440,98,48,4,590,2,6,10,0,18,442,104,58,4,608,0,0,0,608
01/14/2008,TPA,FL,ASO,ES,Combined TRACON& Tower with Radar,460,119,59,0,638,1,8,62,2,73,461,127,121,2,711,0,0,0,711
01/15/2008,TPA,FL,ASO,ES,Combined TRACON& Tower with Radar,439,134,78,1,652,2,17,40,1,60,441,151,118,2,712,0,0,0,712
01/16/2008,TPA,FL,ASO,ES,Combined TRACON& Tower with Radar,434,138,93,0,665,3,15,49,2,69,437,153,142,2,734,0,0,0,734
01/17/2008,TPA,FL,ASO,ES,Combined TRACON& Tower with Radar,477,135,95,3,710,0,6,22,0,28,477,141,117,3,738,0,0,0,738
01/18/2008,TPA,FL,ASO,ES,Combined TRACON& Tower with Radar,492,146,112,5,755,2,4,21,0,27,494,150,133,5,782,0,0,0,782
01/19/2008,TPA,FL,ASO,ES,Combined TRACON& Tower with Radar,425,82,35,3,545,0,5,10,0,15,425,87,45,3,560,0,0,0,560
01/20/2008,TPA,FL,ASO,ES,Combined TRACON& Tower with Radar,451,91,47,6,595,2,4,30,2,38,453,95,77,8,633,0,0,0,633
01/21/2008,TPA,FL,ASO,ES,Combined TRACON& Tower with Radar,463,115,75,0,653,2,9,31,0,42,465,124,106,0,695,0,0,0,695
01/22/2008,TPA,FL,ASO,ES,Combined TRACON& Tower with Radar,435,141,76,0,652,1,15,42,2,60,436,156,118,2,712,0,0,0,712
01/23/2008,TPA,FL,ASO,ES,Combined TRACON& Tower with Radar,446,139,94,0,679,0,19,38,4,61,446,158,132,4,740,0,0,0,740
01/24/2008,TPA,FL,ASO,ES,Combined TRACON& Tower with Radar,484,150,105,1,740,0,12,10,0,22,484,162,115,1,762,0,0,0,762
01/25/2008,TPA,FL,ASO,ES,Combined TRACON& Tower with Radar,473,138,112,1,724,0,15,43,0,58,473,153,155,1,782,0,0,0,782
01/26/2008,TPA,FL,ASO,ES,Combined TRACON& Tower with Radar,436,78,45,0,559,0,14,34,2,50,436,92,79,2,609,0,0,0,609
01/27/2008,TPA,FL,ASO,ES,Combined TRACON& Tower with Radar,441,106,55,3,605,1,0,38,0,39,442,106,93,3,644,0,0,0,644
01/28/2008,TPA,FL,ASO,ES,Combined TRACON& Tower with Radar,474,130,74,1,679,0,12,50,0,62,474,142,124,1,741,0,0,0,741
01/29/2008,TPA,FL,ASO,ES,Combined TRACON& Tower with Radar,438,136,59,1,634,0,11,60,1,72,438,147,119,2,706,0,0,0,706
01/30/2008,TPA,FL,ASO,ES,Combined TRACON& Tower with Radar,438,143,80,1,662,1,17,26,0,44,439,160,106,1,706,0,0,0,706
01/31/2008,TPA,FL,ASO,ES,Combined TRACON& Tower with Radar,467,144,72,0,683,3,11,43,4,61,470,155,115,4,744,0,0,0,744
02/01/2008,TPA,FL,ASO,ES,Combined TRACON& Tower with Radar,471,139,81,3,694,1,14,29,0,44,472,153,110,3,738,0,0,0,738
02/02/2008,TPA,FL,ASO,ES,Combined TRACON& Tower with Radar,457,83,44,0,584,2,7,44,0,53,459,90,88,0,637,0,0,0,637
02/03/2008,TPA,FL,ASO,ES,Combined TRACON& Tower with Radar,449,90,40,5,584,2,4,35,0,41,451,94,75,5,625,0,0,0,625
02/04/2008,TPA,FL,ASO,ES,Combined TRACON& Tower with Radar,455,119,62,9,645,0,10,33,0,43,455,129,95,9,688,0,0,0,688
02/05/2008,TPA,FL,ASO,ES,Combined TRACON& Tower with Radar,444,130,82,0,656,2,14,32,1,49,446,144,114,1,705,0,0,0,705
02/06/2008,TPA,FL,ASO,ES,Combined TRACON& Tower with Radar,419,140,85,2,646,1,14,40,0,55,420,154,125,2,701,0,0,0,701
02/07/2008,TPA,FL,ASO,ES,Combined TRACON& Tower with Radar,483,134,84,6,707,2,17,24,2,45,485,151,108,8,752,0,0,0,752
02/08/2008,TPA,FL,ASO,ES,Combined TRACON& Tower with Radar,481,135,88,2,706,0,12,43,0,55,481,147,131,2,761,0,0,0,761
02/09/2008,TPA,FL,ASO,ES,Combined TRACON& Tower with Radar,437,82,51,0,570,0,3,20,0,23,437,85,71,0,593,0,0,0,593
02/10/2008,TPA,FL,ASO,ES,Combined TRACON& Tower with Radar,440,103,50,0,593,0,2,38,2,42,440,105,88,2,635,0,0,0,635
02/11/2008,TPA,FL,ASO,ES,Combined TRACON& Tower with Radar,470,131,73,2,676,3,9,49,2,63,473,140,122,4,739,0,0,0,739
02/12/2008,TPA,FL,ASO,ES,Combined TRACON& Tower with Radar,425,138,66,2,631,1,6,34,0,41,426,144,100,2,672,0,0,0,672
02/13/2008,TPA,FL,ASO,ES,Combined TRACON& Tower with Radar,450,146,60,0,656,0,5,16,0,21,450,151,76,0,677,0,0,0,677
02/14/2008,TPA,FL,ASO,ES,Combined TRACON& Tower with Radar,525,159,77,0,761,1,20,49,2,72,526,179,126,2,833,0,0,0,833
02/15/2008,TPA,FL,ASO,ES,Combined TRACON& Tower with Radar,519,153,87,0,759,2,15,48,2,67,521,168,135,2,826,0,0,0,826
02/16/2008,TPA,FL,ASO,ES,Combined TRACON& Tower with Radar,495,104,43,1,643,0,12,41,1,54,495,116,84,2,697,0,0,0,697
02/17/2008,TPA,FL,ASO,ES,Combined TRACON& Tower with Radar,475,103,76,1,655,1,7,34,0,42,476,110,110,1,697,0,0,0,697
02/18/2008,TPA,FL,ASO,ES,Combined TRACON& Tower with Radar,509,130,83,2,724,1,2,5,0,8,510,132,88,2,732,0,0,0,732
02/19/2008,TPA,FL,ASO,ES,Combined TRACON& Tower with Radar,528,150,81,8,767,3,6,41,1,51,531,156,122,9,818,0,0,0,818
02/20/2008,TPA,FL,ASO,ES,Combined TRACON& Tower with Radar,512,144,68,11,735,3,12,42,1,58,515,156,110,12,793,0,0,0,793
02/21/2008,TPA,FL,ASO,ES,Combined TRACON& Tower with Radar,520,160,92,4,776,0,13,49,2,64,520,173,141,6,840,0,0,0,840
02/22/2008,TPA,FL,ASO,ES,Combined TRACON& Tower with Radar,485,164,98,2,749,0,6,33,2,41,485,170,131,4,790,0,0,0,790
02/23/2008,TPA,FL,ASO,ES,Combined TRACON& Tower with Radar,500,122,38,2,662,1,3,10,1,15,501,125,48,3,677,0,0,0,677
02/24/2008,TPA,FL,ASO,ES,Combined TRACON& Tower with Radar,491,104,57,0,652,0,2,21,2,25,491,106,78,2,677,0,0,0,677
02/25/2008,TPA,FL,ASO,ES,Combined TRACON& Tower with Radar,515,143,70,3,731,0,5,50,0,55,515,148,120,3,786,96,0,96,882
02/26/2008,TPA,FL,ASO,ES,Combined TRACON& Tower with Radar,463,152,62,0,677,0,10,16,0,26,463,162,78,0,703,0,0,0,703
02/27/2008,TPA,FL,ASO,ES,Combined TRACON& Tower with Radar,541,165,87,2,795,0,7,24,3,34,541,172,111,5,829,0,0,0,829
02/28/2008,TPA,FL,ASO,ES,Combined TRACON& Tower with Radar,533,162,93,1,789,3,16,35,0,54,536,178,128,1,843,0,0,0,843
02/29/2008,TPA,FL,ASO,ES,Combined TRACON& Tower with Radar,521,158,88,1,768,1,8,29,0,38,522,166,117,1,806,0,0,0,806
03/01/2008,TPA,FL,ASO,ES,Combined TRACON& Tower with Radar,503,102,48,1,654,1,5,31,0,37,504,107,79,1,691,0,0,0,691
03/02/2008,TPA,FL,ASO,ES,Combined TRACON& Tower with Radar,489,108,33,3,633,1,3,25,0,29,490,111,58,3,662,0,0,0,662
03/03/2008,TPA,FL,ASO,ES,Combined TRACON& Tower with Radar,514,151,64,3,732,0,6,29,1,36,514,157,93,4,768,0,0,0,768
03/04/2008,TPA,FL,ASO,ES,Combined TRACON& Tower with Radar,506,150,71,1,728,0,7,20,0,27,506,157,91,1,755,0,0,0,755
03/05/2008,TPA,FL,ASO,ES,Combined TRACON& Tower with Radar,530,177,82,0,789,0,3,48,0,51,530,180,130,0,840,0,0,0,840
03/06/2008,TPA,FL,ASO,ES,Combined TRACON& Tower with Radar,521,162,95,0,778,2,5,58,0,65,523,167,153,0,843,0,0,0,843
03/07/2008,TPA,FL,ASO,ES,Combined TRACON& Tower with Radar,476,126,59,0,661,1,0,26,0,27,477,126,85,0,688,0,0,0,688
03/08/2008,TPA,FL,ASO,ES,Combined TRACON& Tower with Radar,551,126,55,1,733,4,4,17,2,27,555,130,72,3,760,0,0,0,760
03/09/2008,TPA,FL,ASO,ES,Combined TRACON& Tower with Radar,520,117,50,2,689,0,6,21,0,27,520,123,71,2,716,0,0,0,716
03/10/2008,TPA,FL,ASO,ES,Combined TRACON& Tower with Radar,527,151,80,2,760,2,9,24,0,35,529,160,104,2,795,0,0,0,795
03/11/2008,TPA,FL,ASO,ES,Combined TRACON& Tower with Radar,521,158,69,4,752,0,9,48,0,57,521,167,117,4,809,0,0,0,809
03/12/2008,TPA,FL,ASO,ES,Combined TRACON& Tower with Radar,521,169,63,2,755,1,6,35,0,42,522,175,98,2,797,0,0,0,797
03/13/2008,TPA,FL,ASO,ES,Combined TRACON& Tower with Radar,537,168,110,2,817,1,5,66,2,74,538,173,176,4,891,0,0,0,891
03/14/2008,TPA,FL,ASO,ES,Combined TRACON& Tower with Radar,529,172,103,0,804,0,7,34,0,41,529,179,137,0,845,0,0,0,845
03/15/2008,TPA,FL,ASO,ES,Combined TRACON& Tower with Radar,539,129,66,0,734,0,5,19,0,24,539,134,85,0,758,0,0,0,758
03/16/2008,TPA,FL,ASO,ES,Combined TRACON& Tower with Radar,520,135,67,0,722,0,3,19,0,22,520,138,86,0,744,0,0,0,744
03/17/2008,TPA,FL,ASO,ES,Combined TRACON& Tower with Radar,529,149,68,4,750,1,13,31,0,45,530,162,99,4,795,0,0,0,795
03/18/2008,TPA,FL,ASO,ES,Combined TRACON& Tower with Radar,514,180,85,1,780,0,14,34,0,48,514,194,119,1,828,0,0,0,828
03/19/2008,TPA,FL,ASO,ES,Combined TRACON& Tower with Radar,517,180,77,1,775,5,7,26,1,39,522,187,103,2,814,0,0,0,814
03/20/2008,TPA,FL,ASO,ES,Combined TRACON& Tower with Radar,548,189,83,0,820,0,12,44,0,56,548,201,127,0,876,0,0,0,876
03/21/2008,TPA,FL,ASO,ES,Combined TRACON& Tower with Radar,526,162,79,0,767,0,14,51,1,66,526,176,130,1,833,0,0,0,833
03/22/2008,TPA,FL,ASO,ES,Combined TRACON& Tower with Radar,559,112,45,0,716,0,8,14,0,22,559,120,59,0,738,0,0,0,738
03/23/2008,TPA,FL,ASO,ES,Combined TRACON& Tower with Radar,519,111,74,0,704,0,2,27,0,29,519,113,101,0,733,0,0,0,733
03/24/2008,TPA,FL,ASO,ES,Combined TRACON& Tower with Radar,527,151,71,3,752,0,2,26,0,28,527,153,97,3,780,0,0,0,780
03/25/2008,TPA,FL,ASO,ES,Combined TRACON& Tower with Radar,514,153,89,3,759,6,13,63,0,82,520,166,152,3,841,0,0,0,841
03/26/2008,TPA,FL,ASO,ES,Combined TRACON& Tower with Radar,516,156,79,0,751,5,10,50,0,65,521,166,129,0,816,0,0,0,816
03/27/2008,TPA,FL,ASO,ES,Combined TRACON& Tower with Radar,527,178,94,2,801,1,14,59,1,75,528,192,153,3,876,0,0,0,876
03/28/2008,TPA,FL,ASO,ES,Combined TRACON& Tower with Radar,530,156,75,0,761,0,15,47,1,63,530,171,122,1,824,0,0,0,824
03/29/2008,TPA,FL,ASO,ES,Combined TRACON& Tower with Radar,550,104,44,0,698,1,13,64,0,78,551,117,108,0,776,44,0,44,820
03/30/2008,TPA,FL,ASO,ES,Combined TRACON& Tower with Radar,509,107,55,0,671,1,4,26,0,31,510,111,81,0,702,0,0,0,702
03/31/2008,TPA,FL,ASO,ES,Combined TRACON& Tower with Radar,514,152,66,0,732,0,7,27,0,34,514,159,93,0,766,0,0,0,766
04/01/2008,TPA,FL,ASO,ES,Combined TRACON& Tower with Radar,516,153,71,2,742,1,10,51,0,62,517,163,122,2,804,32,0,32,836
04/02/2008,TPA,FL,ASO,ES,Combined TRACON& Tower with Radar,525,155,84,0,764,0,10,24,0,34,525,165,108,0,798,0,0,0,798
04/03/2008,TPA,FL,ASO,ES,Combined TRACON& Tower with Radar,546,153,99,0,798,1,16,34,2,53,547,169,133,2,851,0,0,0,851
04/04/2008,TPA,FL,ASO,ES,Combined TRACON& Tower with Radar,514,160,72,3,749,0,16,51,0,67,514,176,123,3,816,0,0,0,816
04/05/2008,TPA,FL,ASO,ES,Combined TRACON& Tower with Radar,561,101,57,0,719,0,7,16,0,23,561,108,73,0,742,0,0,0,742
04/06/2008,TPA,FL,ASO,ES,Combined TRACON& Tower with Radar,507,104,68,1,680,0,2,22,0,24,507,106,90,1,704,0,0,0,704
04/07/2008,TPA,FL,ASO,ES,Combined TRACON& Tower with Radar,540,147,88,0,775,0,4,19,0,23,540,151,107,0,798,0,0,0,798
04/08/2008,TPA,FL,ASO,ES,Combined TRACON& Tower with Radar,502,166,99,0,767,3,8,32,0,43,505,174,131,0,810,0,0,0,810
04/09/2008,TPA,FL,ASO,ES,Combined TRACON& Tower with Radar,476,173,98,4,751,1,9,29,1,40,477,182,127,5,791,0,0,0,791
04/10/2008,TPA,FL,ASO,ES,Combined TRACON& Tower with Radar,485,166,108,2,761,0,10,37,1,48,485,176,145,3,809,0,0,0,809
04/11/2008,TPA,FL,ASO,ES,Combined TRACON& Tower with Radar,489,154,94,1,738,0,15,39,1,55,489,169,133,2,793,10,0,10,803
04/12/2008,TPA,FL,ASO,ES,Combined TRACON& Tower with Radar,522,103,55,0,680,1,9,51,0,61,523,112,106,0,741,0,0,0,741
04/13/2008,TPA,FL,ASO,ES,Combined TRACON& Tower with Radar,487,93,71,1,652,0,1,28,0,29,487,94,99,1,681,0,0,0,681
04/14/2008,TPA,FL,ASO,ES,Combined TRACON& Tower with Radar,509,147,67,0,723,1,7,39,0,47,510,154,106,0,770,0,0,0,770
04/15/2008,TPA,FL,ASO,ES,Combined TRACON& Tower with Radar,494,152,68,0,714,0,12,28,0,40,494,164,96,0,754,0,0,0,754
04/16/2008,TPA,FL,ASO,ES,Combined TRACON& Tower with Radar,481,156,77,0,714,2,15,34,2,53,483,171,111,2,767,0,0,0,767
04/17/2008,TPA,FL,ASO,ES,Combined TRACON& Tower with Radar,492,165,88,0,745,0,16,44,3,63,492,181,132,3,808,0,0,0,808
04/18/2008,TPA,FL,ASO,ES,Combined TRACON& Tower with Radar,492,165,81,2,740,0,19,45,1,65,492,184,126,3,805,0,0,0,805
04/19/2008,TPA,FL,ASO,ES,Combined TRACON& Tower with Radar,516,105,31,0,652,0,4,23,1,28,516,109,54,1,680,0,0,0,680
04/20/2008,TPA,FL,ASO,ES,Combined TRACON& Tower with Radar,477,118,49,1,645,2,4,21,0,27,479,122,70,1,672,0,0,0,672
04/21/2008,TPA,FL,ASO,ES,Combined TRACON& Tower with Radar,493,151,72,3,719,0,9,33,0,42,493,160,105,3,761,0,0,0,761
04/22/2008,TPA,FL,ASO,ES,Combined TRACON& Tower with Radar,491,166,77,1,735,0,13,52,1,66,491,179,129,2,801,0,0,0,801
04/23/2008,TPA,FL,ASO,ES,Combined TRACON& Tower with Radar,477,168,69,0,714,2,13,39,2,56,479,181,108,2,770,0,0,0,770
04/24/2008,TPA,FL,ASO,ES,Combined TRACON& Tower with Radar,507,154,92,5,758,0,11,28,3,42,507,165,120,8,800,0,0,0,800
04/25/2008,TPA,FL,ASO,ES,Combined TRACON& Tower with Radar,490,160,48,2,700,0,10,29,6,45,490,170,77,8,745,0,0,0,745
04/26/2008,TPA,FL,ASO,ES,Combined TRACON& Tower with Radar,520,98,22,0,640,0,5,25,2,32,520,103,47,2,672,0,0,0,672
04/27/2008,TPA,FL,ASO,ES,Combined TRACON& Tower with Radar,485,109,54,0,648,1,2,27,0,30,486,111,81,0,678,0,0,0,678
04/28/2008,TPA,FL,ASO,ES,Combined TRACON& Tower with Radar,481,137,106,0,724,0,14,22,1,37,481,151,128,1,761,0,0,0,761
04/29/2008,TPA,FL,ASO,ES,Combined TRACON& Tower with Radar,500,152,73,0,725,1,13,42,0,56,501,165,115,0,781,0,0,0,781
04/30/2008,TPA,FL,ASO,ES,Combined TRACON& Tower with Radar,481,151,85,0,717,2,12,40,0,54,483,163,125,0,771,0,0,0,771
05/01/2008,TPA,FL,ASO,ES,Combined TRACON& Tower with Radar,482,162,79,0,723,0,12,62,0,74,482,174,141,0,797,0,0,0,797
05/02/2008,TPA,FL,ASO,ES,Combined TRACON& Tower with Radar,467,157,73,3,700,1,15,49,3,68,468,172,122,6,768,0,0,0,768
05/03/2008,TPA,FL,ASO,ES,Combined TRACON& Tower with Radar,505,94,30,2,631,0,6,18,0,24,505,100,48,2,655,0,0,0,655
05/04/2008,TPA,FL,ASO,ES,Combined TRACON& Tower with Radar,459,106,49,4,618,1,2,25,1,29,460,108,74,5,647,0,0,0,647
05/05/2008,TPA,FL,ASO,ES,Combined TRACON& Tower with Radar,460,137,54,1,652,0,8,36,0,44,460,145,90,1,696,0,0,0,696
05/06/2008,TPA,FL,ASO,ES,Combined TRACON& Tower with Radar,455,154,98,3,710,0,16,62,1,79,455,170,160,4,789,0,0,0,789
05/07/2008,TPA,FL,ASO,ES,Combined TRACON& Tower with Radar,451,140,58,0,649,0,20,28,2,50,451,160,86,2,699,0,0,0,699
05/08/2008,TPA,FL,ASO,ES,Combined TRACON& Tower with Radar,465,143,71,0,679,0,12,40,3,55,465,155,111,3,734,0,0,0,734
05/09/2008,TPA,FL,ASO,ES,Combined TRACON& Tower with Radar,462,156,70,2,690,0,15,53,0,68,462,171,123,2,758,0,0,0,758
05/10/2008,TPA,FL,ASO,ES,Combined TRACON& Tower with Radar,458,100,42,0,600,0,5,22,0,27,458,105,64,0,627,0,0,0,627
05/11/2008,TPA,FL,ASO,ES,Combined TRACON& Tower with Radar,442,101,28,0,571,1,0,17,1,19,443,101,45,1,590,0,0,0,590
05/12/2008,TPA,FL,ASO,ES,Combined TRACON& Tower with Radar,458,120,67,0,645,0,8,34,0,42,458,128,101,0,687,0,0,0,687
05/13/2008,TPA,FL,ASO,ES,Combined TRACON& Tower with Radar,456,144,73,3,676,1,12,49,0,62,457,156,122,3,738,0,0,0,738
05/14/2008,TPA,FL,ASO,ES,Combined TRACON& Tower with Radar,458,142,71,0,671,0,18,49,1,68,458,160,120,1,739,0,0,0,739
05/15/2008,TPA,FL,ASO,ES,Combined TRACON& Tower with Radar,458,155,90,2,705,0,16,44,0,60,458,171,134,2,765,0,0,0,765
05/16/2008,TPA,FL,ASO,ES,Combined TRACON& Tower with Radar,460,150,58,1,669,0,17,36,0,53,460,167,94,1,722,0,0,0,722
05/17/2008,TPA,FL,ASO,ES,Combined TRACON& Tower with Radar,467,87,35,2,591,0,3,16,0,19,467,90,51,2,610,0,0,0,610
05/18/2008,TPA,FL,ASO,ES,Combined TRACON& Tower with Radar,437,98,53,1,589,1,0,19,0,20,438,98,72,1,609,0,0,0,609
05/19/2008,TPA,FL,ASO,ES,Combined TRACON& Tower with Radar,463,135,68,0,666,3,6,31,0,40,466,141,99,0,706,0,0,0,706
05/20/2008,TPA,FL,ASO,ES,Combined TRACON& Tower with Radar,443,140,74,0,657,2,14,26,0,42,445,154,100,0,699,0,0,0,699
05/21/2008,TPA,FL,ASO,ES,Combined TRACON& Tower with Radar,465,135,76,1,677,1,18,45,0,64,466,153,121,1,741,0,0,0,741
05/22/2008,TPA,FL,ASO,ES,Combined TRACON& Tower with Radar,459,140,93,0,692,0,14,21,2,37,459,154,114,2,729,0,0,0,729
05/23/2008,TPA,FL,ASO,ES,Combined TRACON& Tower with Radar,475,139,67,2,683,0,17,30,5,52,475,156,97,7,735,0,0,0,735
05/24/2008,TPA,FL,ASO,ES,Combined TRACON& Tower with Radar,463,99,34,2,598,0,4,21,0,25,463,103,55,2,623,0,0,0,623
05/25/2008,TPA,FL,ASO,ES,Combined TRACON& Tower with Radar,401,86,29,5,521,1,2,20,0,23,402,88,49,5,544,0,0,0,544
05/26/2008,TPA,FL,ASO,ES,Combined TRACON& Tower with Radar,427,111,40,1,579,0,6,18,0,24,427,117,58,1,603,0,0,0,603
05/27/2008,TPA,FL,ASO,ES,Combined TRACON& Tower with Radar,432,129,79,0,640,0,8,68,0,76,432,137,147,0,716,64,0,64,780
05/28/2008,TPA,FL,ASO,ES,Combined TRACON& Tower with Radar,468,150,57,1,676,4,15,41,0,60,472,165,98,1,736,45,0,45,781
05/29/2008,TPA,FL,ASO,ES,Combined TRACON& Tower with Radar,470,150,81,2,703,2,22,45,0,69,472,172,126,2,772,0,0,0,772
05/30/2008,TPA,FL,ASO,ES,Combined TRACON& Tower with Radar,465,142,50,2,659,0,16,39,2,57,465,158,89,4,716,0,0,0,716
05/31/2008,TPA,FL,ASO,ES,Combined TRACON& Tower with Radar,452,100,33,0,585,0,7,16,0,23,452,107,49,0,608,0,0,0,608
06/01/2008,TPA,FL,ASO,ES,Combined TRACON& Tower with Radar,449,102,33,0,584,1,0,20,2,23,450,102,53,2,607,0,0,0,607
06/02/2008,TPA,FL,ASO,ES,Combined TRACON& Tower with Radar,484,120,49,1,654,1,8,48,0,57,485,128,97,1,711,0,0,0,711
06/03/2008,TPA,FL,ASO,ES,Combined TRACON& Tower with Radar,443,134,64,1,642,0,14,42,0,56,443,148,106,1,698,0,0,0,698
06/04/2008,TPA,FL,ASO,ES,Combined TRACON& Tower with Radar,423,137,67,1,628,1,14,38,0,53,424,151,105,1,681,0,0,0,681
06/05/2008,TPA,FL,ASO,ES,Combined TRACON& Tower with Radar,478,134,58,5,675,2,16,47,3,68,480,150,105,8,743,0,0,0,743
06/06/2008,TPA,FL,ASO,ES,Combined TRACON& Tower with Radar,463,121,51,2,637,1,14,31,0,46,464,135,82,2,683,0,0,0,683
06/07/2008,TPA,FL,ASO,ES,Combined TRACON& Tower with Radar,457,80,29,0,566,0,5,20,0,25,457,85,49,0,591,0,0,0,591
06/08/2008,TPA,FL,ASO,ES,Combined TRACON& Tower with Radar,429,85,34,0,548,1,0,11,0,12,430,85,45,0,560,0,0,0,560
06/09/2008,TPA,FL,ASO,ES,Combined TRACON& Tower with Radar,460,105,62,6,633,0,11,29,2,42,460,116,91,8,675,0,0,0,675
06/10/2008,TPA,FL,ASO,ES,Combined TRACON& Tower with Radar,450,130,64,1,645,0,14,28,0,42,450,144,92,1,687,0,0,0,687
06/11/2008,TPA,FL,ASO,ES,Combined TRACON& Tower with Radar,449,119,60,1,629,1,9,33,0,43,450,128,93,1,672,0,0,0,672
06/12/2008,TPA,FL,ASO,ES,Combined TRACON& Tower with Radar,473,124,48,3,648,1,13,26,1,41,474,137,74,4,689,0,0,0,689
06/13/2008,TPA,FL,ASO,ES,Combined TRACON& Tower with Radar,451,117,39,1,608,2,11,21,0,34,453,128,60,1,642,0,0,0,642
06/14/2008,TPA,FL,ASO,ES,Combined TRACON& Tower with Radar,447,70,30,1,548,0,5,26,3,34,447,75,56,4,582,0,0,0,582
06/15/2008,TPA,FL,ASO,ES,Combined TRACON& Tower with Radar,435,82,27,2,546,0,1,15,0,16,435,83,42,2,562,0,0,0,562
06/16/2008,TPA,FL,ASO,ES,Combined TRACON& Tower with Radar,435,108,57,0,600,1,8,34,0,43,436,116,91,0,643,0,0,0,643
06/17/2008,TPA,FL,ASO,ES,Combined TRACON& Tower with Radar,465,125,59,0,649,0,11,31,2,44,465,136,90,2,693,0,0,0,693
06/18/2008,TPA,FL,ASO,ES,Combined TRACON& Tower with Radar,448,116,74,1,639,0,15,54,0,69,448,131,128,1,708,0,0,0,708
06/19/2008,TPA,FL,ASO,ES,Combined TRACON& Tower with Radar,456,142,53,3,654,0,12,36,0,48,456,154,89,3,702,0,0,0,702
06/20/2008,TPA,FL,ASO,ES,Combined TRACON& Tower with Radar,471,112,44,0,627,1,19,27,2,49,472,131,71,2,676,0,0,0,676
06/21/2008,TPA,FL,ASO,ES,Combined TRACON& Tower with Radar,438,71,20,0,529,1,7,4,0,12,439,78,24,0,541,0,0,0,541
06/22/2008,TPA,FL,ASO,ES,Combined TRACON& Tower with Radar,428,66,34,0,528,0,0,10,0,10,428,66,44,0,538,0,0,0,538
06/23/2008,TPA,FL,ASO,ES,Combined TRACON& Tower with Radar,454,105,54,2,615,1,11,40,0,52,455,116,94,2,667,0,0,0,667
06/24/2008,TPA,FL,ASO,ES,Combined TRACON& Tower with Radar,452,122,58,0,632,0,9,44,0,53,452,131,102,0,685,0,0,0,685
06/25/2008,TPA,FL,ASO,ES,Combined TRACON& Tower with Radar,461,119,50,0,630,2,16,26,0,44,463,135,76,0,674,0,0,0,674
06/26/2008,TPA,FL,ASO,ES,Combined TRACON& Tower with Radar,452,118,71,0,641,1,16,40,0,57,453,134,111,0,698,0,0,0,698
06/27/2008,TPA,FL,ASO,ES,Combined TRACON& Tower with Radar,461,120,65,2,648,1,11,28,0,40,462,131,93,2,688,0,0,0,688
06/28/2008,TPA,FL,ASO,ES,Combined TRACON& Tower with Radar,468,77,37,2,584,0,6,18,0,24,468,83,55,2,608,0,0,0,608
06/29/2008,TPA,FL,ASO,ES,Combined TRACON& Tower with Radar,423,83,38,0,544,1,4,16,0,21,424,87,54,0,565,0,0,0,565
06/30/2008,TPA,FL,ASO,ES,Combined TRACON& Tower with Radar,465,100,42,0,607,2,7,28,0,37,467,107,70,0,644,0,0,0,644
07/01/2008,TPA,FL,ASO,ES,Combined TRACON& Tower with Radar,445,107,44,0,596,0,10,30,0,40,445,117,74,0,636,0,0,0,636
07/02/2008,TPA,FL,ASO,ES,Combined TRACON& Tower with Radar,456,113,54,1,624,0,12,29,1,42,456,125,83,2,666,0,0,0,666
07/03/2008,TPA,FL,ASO,ES,Combined TRACON& Tower with Radar,474,108,43,2,627,0,10,31,0,41,474,118,74,2,668,0,0,0,668
07/04/2008,TPA,FL,ASO,ES,Combined TRACON& Tower with Radar,389,75,12,1,477,0,3,28,0,31,389,78,40,1,508,0,0,0,508
07/05/2008,TPA,FL,ASO,ES,Combined TRACON& Tower with Radar,419,57,9,2,487,0,1,23,1,25,419,58,32,3,512,0,0,0,512
07/06/2008,TPA,FL,ASO,ES,Combined TRACON& Tower with Radar,413,65,33,1,512,0,0,12,0,12,413,65,45,1,524,0,0,0,524
07/07/2008,TPA,FL,ASO,ES,Combined TRACON& Tower with Radar,463,105,59,0,627,0,6,20,0,26,463,111,79,0,653,0,0,0,653
07/08/2008,TPA,FL,ASO,ES,Combined TRACON& Tower with Radar,452,102,70,0,624,0,10,28,2,40,452,112,98,2,664,0,0,0,664
07/09/2008,TPA,FL,ASO,ES,Combined TRACON& Tower with Radar,455,111,62,0,628,0,11,35,0,46,455,122,97,0,674,0,0,0,674
07/10/2008,TPA,FL,ASO,ES,Combined TRACON& Tower with Radar,466,103,57,0,626,0,9,25,0,34,466,112,82,0,660,0,0,0,660
07/11/2008,TPA,FL,ASO,ES,Combined TRACON& Tower with Radar,464,97,53,0,614,0,8,28,0,36,464,105,81,0,650,0,0,0,650
07/12/2008,TPA,FL,ASO,ES,Combined TRACON& Tower with Radar,462,60,14,0,536,0,6,15,0,21,462,66,29,0,557,0,0,0,557
07/13/2008,TPA,FL,ASO,ES,Combined TRACON& Tower with Radar,406,69,45,0,520,0,0,9,0,9,406,69,54,0,529,16,0,16,545
07/14/2008,TPA,FL,ASO,ES,Combined TRACON& Tower with Radar,458,105,59,0,622,0,10,30,0,40,458,115,89,0,662,0,0,0,662
07/15/2008,TPA,FL,ASO,ES,Combined TRACON& Tower with Radar,453,99,67,0,619,0,13,22,0,35,453,112,89,0,654,0,0,0,654
07/16/2008,TPA,FL,ASO,ES,Combined TRACON& Tower with Radar,468,128,71,0,667,0,6,15,0,21,468,134,86,0,688,0,0,0,688
07/17/2008,TPA,FL,ASO,ES,Combined TRACON& Tower with Radar,456,115,67,0,638,0,10,26,1,37,456,125,93,1,675,0,0,0,675
07/18/2008,TPA,FL,ASO,ES,Combined TRACON& Tower with Radar,458,105,52,1,616,0,10,27,0,37,458,115,79,1,653,0,0,0,653
07/19/2008,TPA,FL,ASO,ES,Combined TRACON& Tower with Radar,455,69,26,0,550,0,5,39,0,44,455,74,65,0,594,0,0,0,594
07/20/2008,TPA,FL,ASO,ES,Combined TRACON& Tower with Radar,421,64,31,0,516,0,2,15,1,18,421,66,46,1,534,0,0,0,534
07/21/2008,TPA,FL,ASO,ES,Combined TRACON& Tower with Radar,467,92,45,0,604,0,5,18,0,23,467,97,63,0,627,0,0,0,627
07/22/2008,TPA,FL,ASO,ES,Combined TRACON& Tower with Radar,448,103,61,0,612,0,10,30,0,40,448,113,91,0,652,0,0,0,652
07/23/2008,TPA,FL,ASO,ES,Combined TRACON& Tower with Radar,423,105,55,0,583,0,9,41,0,50,423,114,96,0,633,0,0,0,633
07/24/2008,TPA,FL,ASO,ES,Combined TRACON& Tower with Radar,468,116,59,4,647,0,6,19,4,29,468,122,78,8,676,0,0,0,676
07/25/2008,TPA,FL,ASO,ES,Combined TRACON& Tower with Radar,462,107,52,0,621,0,10,24,0,34,462,117,76,0,655,0,0,0,655
07/26/2008,TPA,FL,ASO,ES,Combined TRACON& Tower with Radar,450,61,44,0,555,0,3,21,0,24,450,64,65,0,579,0,0,0,579
07/27/2008,TPA,FL,ASO,ES,Combined TRACON& Tower with Radar,408,60,41,1,510,0,1,17,1,19,408,61,58,2,529,0,0,0,529
07/28/2008,TPA,FL,ASO,ES,Combined TRACON& Tower with Radar,456,95,51,0,602,0,3,14,1,18,456,98,65,1,620,0,0,0,620
07/29/2008,TPA,FL,ASO,ES,Combined TRACON& Tower with Radar,447,95,57,3,602,0,3,40,0,43,447,98,97,3,645,0,0,0,645
07/30/2008,TPA,FL,ASO,ES,Combined TRACON& Tower with Radar,452,103,63,3,621,0,6,21,0,27,452,109,84,3,648,0,0,0,648
07/31/2008,TPA,FL,ASO,ES,Combined TRACON& Tower with Radar,453,110,43,0,606,0,4,24,1,29,453,114,67,1,635,0,0,0,635
08/01/2008,TPA,FL,ASO,ES,Combined TRACON& Tower with Radar,475,108,40,0,623,0,6,18,0,24,475,114,58,0,647,0,0,0,647
08/02/2008,TPA,FL,ASO,ES,Combined TRACON& Tower with Radar,431,58,47,0,536,0,4,20,0,24,431,62,67,0,560,0,0,0,560
08/03/2008,TPA,FL,ASO,ES,Combined TRACON& Tower with Radar,445,46,46,2,539,0,3,18,0,21,445,49,64,2,560,0,0,0,560
08/04/2008,TPA,FL,ASO,ES,Combined TRACON& Tower with Radar,441,78,60,2,581,0,5,22,0,27,441,83,82,2,608,0,0,0,608
08/05/2008,TPA,FL,ASO,ES,Combined TRACON& Tower with Radar,441,92,70,1,604,0,3,33,0,36,441,95,103,1,640,0,0,0,640
08/06/2008,TPA,FL,ASO,ES,Combined TRACON& Tower with Radar,460,102,56,4,622,0,6,28,2,36,460,108,84,6,658,0,0,0,658
08/07/2008,TPA,FL,ASO,ES,Combined TRACON& Tower with Radar,455,96,54,0,605,0,9,40,0,49,455,105,94,0,654,0,0,0,654
08/08/2008,TPA,FL,ASO,ES,Combined TRACON& Tower with Radar,461,105,46,2,614,0,3,28,0,31,461,108,74,2,645,0,0,0,645
08/09/2008,TPA,FL,ASO,ES,Combined TRACON& Tower with Radar,455,57,31,0,543,0,2,12,0,14,455,59,43,0,557,0,0,0,557
08/10/2008,TPA,FL,ASO,ES,Combined TRACON& Tower with Radar,409,51,28,6,494,0,1,17,0,18,409,52,45,6,512,0,0,0,512
08/11/2008,TPA,FL,ASO,ES,Combined TRACON& Tower with Radar,450,87,42,0,579,0,7,39,0,46,450,94,81,0,625,0,0,0,625
08/12/2008,TPA,FL,ASO,ES,Combined TRACON& Tower with Radar,458,92,61,1,612,0,4,34,1,39,458,96,95,2,651,0,0,0,651
08/13/2008,TPA,FL,ASO,ES,Combined TRACON& Tower with Radar,457,88,55,1,601,0,6,27,0,33,457,94,82,1,634,0,0,0,634
08/14/2008,TPA,FL,ASO,ES,Combined TRACON& Tower with Radar,449,91,57,0,597,0,5,23,0,28,449,96,80,0,625,0,0,0,625
08/15/2008,TPA,FL,ASO,ES,Combined TRACON& Tower with Radar,446,85,58,2,591,0,5,28,2,35,446,90,86,4,626,0,0,0,626
08/16/2008,TPA,FL,ASO,ES,Combined TRACON& Tower with Radar,454,49,29,0,532,0,3,12,0,15,454,52,41,0,547,0,0,0,547
08/17/2008,TPA,FL,ASO,ES,Combined TRACON& Tower with Radar,440,59,40,0,539,0,5,24,0,29,440,64,64,0,568,0,0,0,568
08/18/2008,TPA,FL,ASO,ES,Combined TRACON& Tower with Radar,453,65,52,0,570,0,6,32,0,38,453,71,84,0,608,0,0,0,608
08/19/2008,TPA,FL,ASO,ES,Combined TRACON& Tower with Radar,324,55,10,0,389,0,2,17,0,19,324,57,27,0,408,0,0,0,408
08/20/2008,TPA,FL,ASO,ES,Combined TRACON& Tower with Radar,404,81,39,0,524,0,4,28,0,32,404,85,67,0,556,0,0,0,556
08/21/2008,TPA,FL,ASO,ES,Combined TRACON& Tower with Radar,458,95,57,0,610,0,7,21,0,28,458,102,78,0,638,0,0,0,638
08/22/2008,TPA,FL,ASO,ES,Combined TRACON& Tower with Radar,454,84,39,0,577,0,4,14,0,18,454,88,53,0,595,0,0,0,595
08/23/2008,TPA,FL,ASO,ES,Combined TRACON& Tower with Radar,396,51,22,0,469,0,3,5,0,8,396,54,27,0,477,0,0,0,477
08/24/2008,TPA,FL,ASO,ES,Combined TRACON& Tower with Radar,397,59,41,1,498,0,4,5,0,9,397,63,46,1,507,0,0,0,507
08/25/2008,TPA,FL,ASO,ES,Combined TRACON& Tower with Radar,420,68,54,0,542,0,8,22,0,30,420,76,76,0,572,0,0,0,572
08/26/2008,TPA,FL,ASO,ES,Combined TRACON& Tower with Radar,409,78,48,0,535,0,5,35,0,40,409,83,83,0,575,0,0,0,575
08/27/2008,TPA,FL,ASO,ES,Combined TRACON& Tower with Radar,432,92,71,2,597,0,4,28,0,32,432,96,99,2,629,0,0,0,629
08/28/2008,TPA,FL,ASO,ES,Combined TRACON& Tower with Radar,454,78,63,1,596,0,13,39,0,52,454,91,102,1,648,0,0,0,648
08/29/2008,TPA,FL,ASO,ES,Combined TRACON& Tower with Radar,429,90,56,0,575,0,7,22,0,29,429,97,78,0,604,0,0,0,604
08/30/2008,TPA,FL,ASO,ES,Combined TRACON& Tower with Radar,388,50,25,0,463,0,7,7,1,15,388,57,32,1,478,0,0,0,478
08/31/2008,TPA,FL,ASO,ES,Combined TRACON& Tower with Radar,321,41,23,0,385,0,0,9,0,9,321,41,32,0,394,0,0,0,394
09/01/2008,TPA,FL,ASO,ES,Combined TRACON& Tower with Radar,375,60,28,0,463,0,3,16,0,19,375,63,44,0,482,0,0,0,482
09/02/2008,TPA,FL,ASO,ES,Combined TRACON& Tower with Radar,405,75,35,2,517,0,7,23,0,30,405,82,58,2,547,0,0,0,547
09/03/2008,TPA,FL,ASO,ES,Combined TRACON& Tower with Radar,396,76,57,0,529,0,3,24,0,27,396,79,81,0,556,0,0,0,556
09/04/2008,TPA,FL,ASO,ES,Combined TRACON& Tower with Radar,408,86,57,4,555,0,7,20,0,27,408,93,77,4,582,0,0,0,582
09/05/2008,TPA,FL,ASO,ES,Combined TRACON& Tower with Radar,391,88,59,2,540,0,4,28,0,32,391,92,87,2,572,0,0,0,572
09/06/2008,TPA,FL,ASO,ES,Combined TRACON& Tower with Radar,359,48,28,0,435,0,2,19,0,21,359,50,47,0,456,0,0,0,456
09/07/2008,TPA,FL,ASO,ES,Combined TRACON& Tower with Radar,368,46,31,0,445,0,2,35,0,37,368,48,66,0,482,0,0,0,482
09/08/2008,TPA,FL,ASO,ES,Combined TRACON& Tower with Radar,392,67,52,0,511,0,5,22,0,27,392,72,74,0,538,0,0,0,538
09/09/2008,TPA,FL,ASO,ES,Combined TRACON& Tower with Radar,378,73,65,1,517,0,8,22,0,30,378,81,87,1,547,0,0,0,547
09/10/2008,TPA,FL,ASO,ES,Combined TRACON& Tower with Radar,387,77,41,3,508,0,3,21,0,24,387,80,62,3,532,0,0,0,532
09/11/2008,TPA,FL,ASO,ES,Combined TRACON& Tower with Radar,409,88,44,0,541,0,2,34,0,36,409,90,78,0,577,0,0,0,577
09/12/2008,TPA,FL,ASO,ES,Combined TRACON& Tower with Radar,384,82,65,0,531,0,5,33,0,38,384,87,98,0,569,0,0,0,569
09/13/2008,TPA,FL,ASO,ES,Combined TRACON& Tower with Radar,344,46,19,0,409,0,2,34,0,36,344,48,53,0,445,0,0,0,445
09/14/2008,TPA,FL,ASO,ES,Combined TRACON& Tower with Radar,348,48,49,0,445,0,3,19,2,24,348,51,68,2,469,0,0,0,469
09/15/2008,TPA,FL,ASO,ES,Combined TRACON& Tower with Radar,385,75,52,0,512,0,3,39,0,42,385,78,91,0,554,0,0,0,554
09/16/2008,TPA,FL,ASO,ES,Combined TRACON& Tower with Radar,381,94,65,2,542,0,5,50,0,55,381,99,115,2,597,0,0,0,597
09/17/2008,TPA,FL,ASO,ES,Combined TRACON& Tower with Radar,402,87,65,1,555,0,0,42,0,42,402,87,107,1,597,0,0,0,597
09/18/2008,TPA,FL,ASO,ES,Combined TRACON& Tower with Radar,404,78,80,1,563,0,7,32,0,39,404,85,112,1,602,0,0,0,602
09/19/2008,TPA,FL,ASO,ES,Combined TRACON& Tower with Radar,404,81,62,0,547,0,4,40,0,44,404,85,102,0,591,0,0,0,591
09/20/2008,TPA,FL,ASO,ES,Combined TRACON& Tower with Radar,358,43,30,2,433,0,1,15,0,16,358,44,45,2,449,0,0,0,449
09/21/2008,TPA,FL,ASO,ES,Combined TRACON& Tower with Radar,382,49,33,0,464,0,2,18,0,20,382,51,51,0,484,0,0,0,484
09/22/2008,TPA,FL,ASO,ES,Combined TRACON& Tower with Radar,394,67,39,0,500,0,6,26,1,33,394,73,65,1,533,0,0,0,533
09/23/2008,TPA,FL,ASO,ES,Combined TRACON& Tower with Radar,394,82,50,0,526,0,7,23,0,30,394,89,73,0,556,0,0,0,556
09/24/2008,TPA,FL,ASO,ES,Combined TRACON& Tower with Radar,382,85,43,4,514,0,6,35,0,41,382,91,78,4,555,0,0,0,555
09/25/2008,TPA,FL,ASO,ES,Combined TRACON& Tower with Radar,401,82,42,4,529,0,1,46,0,47,401,83,88,4,576,0,0,0,576
09/26/2008,TPA,FL,ASO,ES,Combined TRACON& Tower with Radar,401,87,54,1,543,0,2,36,0,38,401,89,90,1,581,16,0,16,597
09/27/2008,TPA,FL,ASO,ES,Combined TRACON& Tower with Radar,360,53,37,0,450,0,0,20,0,20,360,53,57,0,470,0,0,0,470
09/28/2008,TPA,FL,ASO,ES,Combined TRACON& Tower with Radar,370,59,55,0,484,0,2,17,8,27,370,61,72,8,511,0,0,0,511
09/29/2008,TPA,FL,ASO,ES,Combined TRACON& Tower with Radar,402,67,33,0,502,0,4,25,0,29,402,71,58,0,531,0,0,0,531
09/30/2008,TPA,FL,ASO,ES,Combined TRACON& Tower with Radar,391,84,52,0,527,0,0,31,0,31,391,84,83,0,558,0,0,0,558
10/01/2008,TPA,FL,ASO,ES,Combined TRACON& Tower with Radar,389,87,50,1,527,0,7,42,0,49,389,94,92,1,576,0,0,0,576
10/02/2008,TPA,FL,ASO,ES,Combined TRACON& Tower with Radar,412,84,52,0,548,0,2,36,2,40,412,86,88,2,588,0,0,0,588
10/03/2008,TPA,FL,ASO,ES,Combined TRACON& Tower with Radar,411,85,55,1,552,0,2,30,1,33,411,87,85,2,585,0,0,0,585
10/04/2008,TPA,FL,ASO,ES,Combined TRACON& Tower with Radar,364,45,38,0,447,0,2,17,0,19,364,47,55,0,466,0,0,0,466
10/05/2008,TPA,FL,ASO,ES,Combined TRACON& Tower with Radar,390,51,46,1,488,0,2,12,0,14,390,53,58,1,502,0,0,0,502
10/06/2008,TPA,FL,ASO,ES,Combined TRACON& Tower with Radar,408,62,49,0,519,0,1,20,0,21,408,63,69,0,540,0,0,0,540
10/07/2008,TPA,FL,ASO,ES,Combined TRACON& Tower with Radar,406,79,60,0,545,0,4,27,0,31,406,83,87,0,576,0,0,0,576
10/08/2008,TPA,FL,ASO,ES,Combined TRACON& Tower with Radar,402,74,40,2,518,0,7,37,0,44,402,81,77,2,562,0,0,0,562
10/09/2008,TPA,FL,ASO,ES,Combined TRACON& Tower with Radar,436,82,76,0,594,0,0,29,0,29,436,82,105,0,623,0,0,0,623
10/10/2008,TPA,FL,ASO,ES,Combined TRACON& Tower with Radar,426,85,42,0,553,0,0,25,0,25,426,85,67,0,578,0,0,0,578
10/11/2008,TPA,FL,ASO,ES,Combined TRACON& Tower with Radar,373,48,33,0,454,0,1,14,0,15,373,49,47,0,469,0,0,0,469
10/12/2008,TPA,FL,ASO,ES,Combined TRACON& Tower with Radar,403,45,54,0,502,0,2,14,0,16,403,47,68,0,518,0,0,0,518
10/13/2008,TPA,FL,ASO,ES,Combined TRACON& Tower with Radar,414,62,61,1,538,0,0,27,0,27,414,62,88,1,565,0,0,0,565
10/14/2008,TPA,FL,ASO,ES,Combined TRACON& Tower with Radar,407,76,65,3,551,0,1,28,0,29,407,77,93,3,580,0,0,0,580
10/15/2008,TPA,FL,ASO,ES,Combined TRACON& Tower with Radar,405,71,78,0,554,0,5,31,0,36,405,76,109,0,590,10,0,10,600
10/16/2008,TPA,FL,ASO,ES,Combined TRACON& Tower with Radar,424,76,77,4,581,0,11,24,0,35,424,87,101,4,616,0,0,0,616
10/17/2008,TPA,FL,ASO,ES,Combined TRACON& Tower with Radar,434,82,59,1,576,0,11,37,0,48,434,93,96,1,624,0,0,0,624
10/18/2008,TPA,FL,ASO,ES,Combined TRACON& Tower with Radar,381,52,24,0,457,0,0,22,0,22,381,52,46,0,479,0,0,0,479
10/19/2008,TPA,FL,ASO,ES,Combined TRACON& Tower with Radar,396,52,49,3,500,0,4,28,4,36,396,56,77,7,536,0,0,0,536
10/20/2008,TPA,FL,ASO,ES,Combined TRACON& Tower with Radar,417,70,71,3,561,0,5,51,1,57,417,75,122,4,618,0,0,0,618
10/21/2008,TPA,FL,ASO,ES,Combined TRACON& Tower with Radar,400,80,51,1,532,0,2,43,0,45,400,82,94,1,577,0,0,0,577
10/22/2008,TPA,FL,ASO,ES,Combined TRACON& Tower with Radar,407,78,73,2,560,0,1,36,0,37,407,79,109,2,597,0,0,0,597
10/23/2008,TPA,FL,ASO,ES,Combined TRACON& Tower with Radar,427,84,94,0,605,0,5,32,0,37,427,89,126,0,642,0,0,0,642
10/24/2008,TPA,FL,ASO,ES,Combined TRACON& Tower with Radar,421,78,64,0,563,0,0,11,0,11,421,78,75,0,574,0,0,0,574
10/25/2008,TPA,FL,ASO,ES,Combined TRACON& Tower with Radar,381,51,30,0,462,0,1,17,0,18,381,52,47,0,480,0,0,0,480
10/26/2008,TPA,FL,ASO,ES,Combined TRACON& Tower with Radar,406,43,61,1,511,0,3,25,0,28,406,46,86,1,539,0,0,0,539
10/27/2008,TPA,FL,ASO,ES,Combined TRACON& Tower with Radar,416,59,45,2,522,0,5,36,1,42,416,64,81,3,564,0,0,0,564
10/28/2008,TPA,FL,ASO,ES,Combined TRACON& Tower with Radar,411,77,67,0,555,0,3,30,0,33,411,80,97,0,588,0,0,0,588
10/29/2008,TPA,FL,ASO,ES,Combined TRACON& Tower with Radar,414,68,69,2,553,0,7,24,0,31,414,75,93,2,584,0,0,0,584
10/30/2008,TPA,FL,ASO,ES,Combined TRACON& Tower with Radar,417,81,73,1,572,0,8,47,0,55,417,89,120,1,627,0,0,0,627
10/31/2008,TPA,FL,ASO,ES,Combined TRACON& Tower with Radar,421,76,49,6,552,1,6,31,0,38,422,82,80,6,590,0,0,0,590
11/01/2008,TPA,FL,ASO,ES,Combined TRACON& Tower with Radar,376,53,31,2,462,0,2,24,0,26,376,55,55,2,488,0,0,0,488
11/02/2008,TPA,FL,ASO,ES,Combined TRACON& Tower with Radar,413,41,39,1,494,0,2,15,0,17,413,43,54,1,511,0,0,0,511
11/03/2008,TPA,FL,ASO,ES,Combined TRACON& Tower with Radar,444,63,60,5,572,0,6,18,0,24,444,69,78,5,596,0,0,0,596
11/04/2008,TPA,FL,ASO,ES,Combined TRACON& Tower with Radar,420,71,57,0,548,0,4,18,0,22,420,75,75,0,570,0,0,0,570
11/05/2008,TPA,FL,ASO,ES,Combined TRACON& Tower with Radar,430,78,50,2,560,0,3,31,0,34,430,81,81,2,594,20,0,20,614
11/06/2008,TPA,FL,ASO,ES,Combined TRACON& Tower with Radar,448,75,93,0,616,0,6,45,0,51,448,81,138,0,667,0,0,0,667
11/07/2008,TPA,FL,ASO,ES,Combined TRACON& Tower with Radar,445,73,62,1,581,0,6,29,0,35,445,79,91,1,616,0,0,0,616
11/08/2008,TPA,FL,ASO,ES,Combined TRACON& Tower with Radar,407,47,35,0,489,0,1,34,0,35,407,48,69,0,524,0,0,0,524
11/09/2008,TPA,FL,ASO,ES,Combined TRACON& Tower with Radar,413,47,40,0,500,0,2,10,0,12,413,49,50,0,512,0,0,0,512
11/10/2008,TPA,FL,ASO,ES,Combined TRACON& Tower with Radar,435,68,38,4,545,0,10,37,0,47,435,78,75,4,592,0,0,0,592
11/11/2008,TPA,FL,ASO,ES,Combined TRACON& Tower with Radar,423,72,46,0,541,0,6,31,0,37,423,78,77,0,578,0,0,0,578
11/12/2008,TPA,FL,ASO,ES,Combined TRACON& Tower with Radar,432,71,64,3,570,0,9,24,0,33,432,80,88,3,603,0,0,0,603
11/13/2008,TPA,FL,ASO,ES,Combined TRACON& Tower with Radar,442,77,67,2,588,0,4,29,0,33,442,81,96,2,621,0,0,0,621
11/14/2008,TPA,FL,ASO,ES,Combined TRACON& Tower with Radar,431,78,63,0,572,0,4,20,0,24,431,82,83,0,596,0,0,0,596
11/15/2008,TPA,FL,ASO,ES,Combined TRACON& Tower with Radar,415,56,29,1,501,0,1,18,0,19,415,57,47,1,520,0,0,0,520
11/16/2008,TPA,FL,ASO,ES,Combined TRACON& Tower with Radar,414,53,53,2,522,0,4,40,0,44,414,57,93,2,566,0,0,0,566
11/17/2008,TPA,FL,ASO,ES,Combined TRACON& Tower with Radar,442,56,65,0,563,0,6,30,0,36,442,62,95,0,599,0,0,0,599
11/18/2008,TPA,FL,ASO,ES,Combined TRACON& Tower with Radar,426,68,72,0,566,0,5,43,0,48,426,73,115,0,614,0,0,0,614
11/19/2008,TPA,FL,ASO,ES,Combined TRACON& Tower with Radar,427,72,70,0,569,0,7,56,0,63,427,79,126,0,632,0,0,0,632
11/20/2008,TPA,FL,ASO,ES,Combined TRACON& Tower with Radar,453,75,63,0,591,0,2,38,0,40,453,77,101,0,631,0,0,0,631
11/21/2008,TPA,FL,ASO,ES,Combined TRACON& Tower with Radar,454,70,59,4,587,0,4,34,2,40,454,74,93,6,627,0,0,0,627
11/22/2008,TPA,FL,ASO,ES,Combined TRACON& Tower with Radar,429,47,39,0,515,0,1,20,0,21,429,48,59,0,536,0,0,0,536
11/23/2008,TPA,FL,ASO,ES,Combined TRACON& Tower with Radar,434,43,37,2,516,0,1,22,2,25,434,44,59,4,541,0,0,0,541
11/24/2008,TPA,FL,ASO,ES,Combined TRACON& Tower with Radar,446,68,58,0,572,0,5,23,0,28,446,73,81,0,600,0,0,0,600
11/25/2008,TPA,FL,ASO,ES,Combined TRACON& Tower with Radar,464,66,49,0,579,0,3,25,0,28,464,69,74,0,607,0,0,0,607
11/26/2008,TPA,FL,ASO,ES,Combined TRACON& Tower with Radar,459,74,45,0,578,0,10,43,4,57,459,84,88,4,635,0,0,0,635
11/27/2008,TPA,FL,ASO,ES,Combined TRACON& Tower with Radar,349,40,14,0,403,0,1,11,0,12,349,41,25,0,415,0,0,0,415
11/28/2008,TPA,FL,ASO,ES,Combined TRACON& Tower with Radar,385,53,15,2,455,0,4,24,0,28,385,57,39,2,483,0,0,0,483
11/29/2008,TPA,FL,ASO,ES,Combined TRACON& Tower with Radar,420,43,39,0,502,0,0,15,1,16,420,43,54,1,518,0,0,0,518
11/30/2008,TPA,FL,ASO,ES,Combined TRACON& Tower with Radar,441,47,65,0,553,0,0,8,0,8,441,47,73,0,561,0,0,0,561
12/01/2008,TPA,FL,ASO,ES,Combined TRACON& Tower with Radar,470,72,55,0,597,0,6,31,0,37,470,78,86,0,634,0,0,0,634
12/02/2008,TPA,FL,ASO,ES,Combined TRACON& Tower with Radar,459,71,63,2,595,0,2,19,4,25,459,73,82,6,620,0,0,0,620
12/03/2008,TPA,FL,ASO,ES,Combined TRACON& Tower with Radar,426,78,63,4,571,0,2,25,3,30,426,80,88,7,601,0,0,0,601
12/04/2008,TPA,FL,ASO,ES,Combined TRACON& Tower with Radar,439,88,66,1,594,0,7,40,2,49,439,95,106,3,643,0,0,0,643
12/05/2008,TPA,FL,ASO,ES,Combined TRACON& Tower with Radar,447,78,76,2,603,0,3,30,4,37,447,81,106,6,640,0,0,0,640
12/06/2008,TPA,FL,ASO,ES,Combined TRACON& Tower with Radar,400,54,58,1,513,0,4,21,2,27,400,58,79,3,540,0,0,0,540
12/07/2008,TPA,FL,ASO,ES,Combined TRACON& Tower with Radar,415,44,42,2,503,0,4,29,0,33,415,48,71,2,536,0,0,0,536
12/08/2008,TPA,FL,ASO,ES,Combined TRACON& Tower with Radar,423,69,51,0,543,0,7,35,0,42,423,76,86,0,585,0,0,0,585
12/09/2008,TPA,FL,ASO,ES,Combined TRACON& Tower with Radar,413,70,66,0,549,0,6,57,8,71,413,76,123,8,620,0,0,0,620
12/10/2008,TPA,FL,ASO,ES,Combined TRACON& Tower with Radar,406,67,55,0,528,0,7,31,3,41,406,74,86,3,569,0,0,0,569
12/11/2008,TPA,FL,ASO,ES,Combined TRACON& Tower with Radar,432,80,44,2,558,0,3,34,0,37,432,83,78,2,595,0,0,0,595
12/12/2008,TPA,FL,ASO,ES,Combined TRACON& Tower with Radar,446,74,55,0,575,0,4,24,0,28,446,78,79,0,603,0,0,0,603
12/13/2008,TPA,FL,ASO,ES,Combined TRACON& Tower with Radar,397,42,26,2,467,0,3,34,0,37,397,45,60,2,504,0,0,0,504
12/14/2008,TPA,FL,ASO,ES,Combined TRACON& Tower with Radar,411,32,34,0,477,0,1,13,1,15,411,33,47,1,492,0,0,0,492
12/15/2008,TPA,FL,ASO,ES,Combined TRACON& Tower with Radar,428,59,47,0,534,0,6,25,0,31,428,65,72,0,565,0,0,0,565
12/16/2008,TPA,FL,ASO,ES,Combined TRACON& Tower with Radar,413,71,50,5,539,0,1,46,0,47,413,72,96,5,586,0,0,0,586
12/17/2008,TPA,FL,ASO,ES,Combined TRACON& Tower with Radar,450,79,68,1,598,0,6,45,1,52,450,85,113,2,650,0,0,0,650
12/18/2008,TPA,FL,ASO,ES,Combined TRACON& Tower with Radar,481,74,71,7,633,0,11,37,1,49,481,85,108,8,682,0,0,0,682
12/19/2008,TPA,FL,ASO,ES,Combined TRACON& Tower with Radar,445,82,42,5,574,0,4,29,0,33,445,86,71,5,607,0,0,0,607
12/20/2008,TPA,FL,ASO,ES,Combined TRACON& Tower with Radar,430,55,40,1,526,0,0,15,0,15,430,55,55,1,541,0,0,0,541
12/21/2008,TPA,FL,ASO,ES,Combined TRACON& Tower with Radar,427,42,38,0,507,0,2,22,0,24,427,44,60,0,531,0,0,0,531
12/22/2008,TPA,FL,ASO,ES,Combined TRACON& Tower with Radar,486,63,39,0,588,0,5,37,0,42,486,68,76,0,630,0,0,0,630
12/23/2008,TPA,FL,ASO,ES,Combined TRACON& Tower with Radar,468,71,56,0,595,0,2,24,0,26,468,73,80,0,621,0,0,0,621
12/24/2008,TPA,FL,ASO,ES,Combined TRACON& Tower with Radar,454,67,19,0,540,0,7,25,0,32,454,74,44,0,572,0,0,0,572
12/25/2008,TPA,FL,ASO,ES,Combined TRACON& Tower with Radar,436,40,9,0,485,0,2,10,0,12,436,42,19,0,497,0,0,0,497
12/26/2008,TPA,FL,ASO,ES,Combined TRACON& Tower with Radar,453,54,51,0,558,0,4,19,0,23,453,58,70,0,581,0,0,0,581
12/27/2008,TPA,FL,ASO,ES,Combined TRACON& Tower with Radar,450,43,53,0,546,0,1,17,0,18,450,44,70,0,564,0,0,0,564
12/28/2008,TPA,FL,ASO,ES,Combined TRACON& Tower with Radar,442,51,28,0,521,0,1,27,0,28,442,52,55,0,549,0,0,0,549
12/29/2008,TPA,FL,ASO,ES,Combined TRACON& Tower with Radar,491,73,40,0,604,0,5,41,0,46,491,78,81,0,650,0,0,0,650
12/30/2008,TPA,FL,ASO,ES,Combined TRACON& Tower with Radar,493,78,56,0,627,0,12,32,0,44,493,90,88,0,671,0,0,0,671
12/31/2008,TPA,FL,ASO,ES,Combined TRACON& Tower with Radar,432,78,42,0,552,0,1,39,0,40,432,79,81,0,592,0,0,0,592
01/01/2009,TPA,FL,ASO,ES,Combined TRACON& Tower with Radar,442,58,39,0,539,0,4,26,0,30,442,62,65,0,569,0,0,0,569
01/02/2009,TPA,FL,ASO,ES,Combined TRACON& Tower with Radar,490,60,49,0,599,0,6,25,0,31,490,66,74,0,630,0,0,0,630
01/03/2009,TPA,FL,ASO,ES,Combined TRACON& Tower with Radar,439,51,33,0,523,0,6,18,0,24,439,57,51,0,547,0,0,0,547
01/04/2009,TPA,FL,ASO,ES,Combined TRACON& Tower with Radar,460,49,45,0,554,0,2,28,0,30,460,51,73,0,584,0,0,0,584
01/05/2009,TPA,FL,ASO,ES,Combined TRACON& Tower with Radar,446,65,46,0,557,0,0,46,0,46,446,65,92,0,603,0,0,0,603
01/06/2009,TPA,FL,ASO,ES,Combined TRACON& Tower with Radar,423,67,39,1,530,0,7,25,1,33,423,74,64,2,563,0,0,0,563
01/07/2009,TPA,FL,ASO,ES,Combined TRACON& Tower with Radar,416,76,58,4,554,0,6,18,0,24,416,82,76,4,578,0,0,0,578
01/08/2009,TPA,FL,ASO,ES,Combined TRACON& Tower with Radar,434,70,62,0,566,0,5,37,2,44,434,75,99,2,610,0,0,0,610
01/09/2009,TPA,FL,ASO,ES,Combined TRACON& Tower with Radar,431,68,50,0,549,0,8,30,0,38,431,76,80,0,587,0,0,0,587
01/10/2009,TPA,FL,ASO,ES,Combined TRACON& Tower with Radar,389,33,36,2,460,0,3,23,0,26,389,36,59,2,486,0,0,0,486
01/11/2009,TPA,FL,ASO,ES,Combined TRACON& Tower with Radar,388,36,19,4,447,0,0,11,0,11,388,36,30,4,458,0,0,0,458
01/12/2009,TPA,FL,ASO,ES,Combined TRACON& Tower with Radar,413,58,64,2,537,0,2,13,1,16,413,60,77,3,553,0,0,0,553
01/13/2009,TPA,FL,ASO,ES,Combined TRACON& Tower with Radar,395,65,47,0,507,0,6,25,0,31,395,71,72,0,538,0,0,0,538
01/14/2009,TPA,FL,ASO,ES,Combined TRACON& Tower with Radar,414,64,60,6,544,0,11,43,1,55,414,75,103,7,599,0,0,0,599
01/15/2009,TPA,FL,ASO,ES,Combined TRACON& Tower with Radar,423,68,71,3,565,0,8,42,0,50,423,76,113,3,615,0,0,0,615
01/16/2009,TPA,FL,ASO,ES,Combined TRACON& Tower with Radar,424,70,48,3,545,0,4,57,2,63,424,74,105,5,608,0,0,0,608
01/17/2009,TPA,FL,ASO,ES,Combined TRACON& Tower with Radar,403,42,35,0,480,0,1,19,0,20,403,43,54,0,500,0,0,0,500
01/18/2009,TPA,FL,ASO,ES,Combined TRACON& Tower with Radar,383,32,27,0,442,0,3,21,1,25,383,35,48,1,467,0,0,0,467
01/19/2009,TPA,FL,ASO,ES,Combined TRACON& Tower with Radar,417,49,43,0,509,0,4,31,0,35,417,53,74,0,544,0,0,0,544
01/20/2009,TPA,FL,ASO,ES,Combined TRACON& Tower with Radar,413,65,59,2,539,0,5,31,0,36,413,70,90,2,575,0,0,0,575
01/21/2009,TPA,FL,ASO,ES,Combined TRACON& Tower with Radar,416,73,37,1,527,0,5,23,0,28,416,78,60,1,555,0,0,0,555
01/22/2009,TPA,FL,ASO,ES,Combined TRACON& Tower with Radar,423,72,63,1,559,0,6,39,0,45,423,78,102,1,604,0,0,0,604
01/23/2009,TPA,FL,ASO,ES,Combined TRACON& Tower with Radar,413,72,62,1,548,0,5,58,0,63,413,77,120,1,611,0,0,0,611
01/24/2009,TPA,FL,ASO,ES,Combined TRACON& Tower with Radar,384,37,24,0,445,0,10,28,0,38,384,47,52,0,483,0,0,0,483
01/25/2009,TPA,FL,ASO,ES,Combined TRACON& Tower with Radar,391,36,34,0,461,0,1,29,0,30,391,37,63,0,491,0,0,0,491
01/26/2009,TPA,FL,ASO,ES,Combined TRACON& Tower with Radar,416,62,52,1,531,0,7,26,1,34,416,69,78,2,565,0,0,0,565
01/27/2009,TPA,FL,ASO,ES,Combined TRACON& Tower with Radar,391,79,64,0,534,0,6,34,0,40,391,85,98,0,574,0,0,0,574
01/28/2009,TPA,FL,ASO,ES,Combined TRACON& Tower with Radar,372,75,58,0,505,0,18,35,21,74,372,93,93,21,579,0,0,0,579
01/29/2009,TPA,FL,ASO,ES,Combined TRACON& Tower with Radar,450,95,102,0,647,0,5,12,6,23,450,100,114,6,670,0,0,0,670
01/30/2009,TPA,FL,ASO,ES,Combined TRACON& Tower with Radar,452,113,128,0,693,0,8,34,22,64,452,121,162,22,757,0,0,0,757
01/31/2009,TPA,FL,ASO,ES,Combined TRACON& Tower with Radar,401,57,80,0,538,0,7,42,18,67,401,64,122,18,605,0,0,0,605
02/01/2009,TPA,FL,ASO,ES,Combined TRACON& Tower with Radar,402,56,98,0,556,0,6,49,24,79,402,62,147,24,635,0,0,0,635
02/02/2009,TPA,FL,ASO,ES,Combined TRACON& Tower with Radar,485,126,252,0,863,0,5,26,7,38,485,131,278,7,901,0,0,0,901
02/03/2009,TPA,FL,ASO,ES,Combined TRACON& Tower with Radar,411,73,49,2,535,0,4,26,0,30,411,77,75,2,565,0,0,0,565
02/04/2009,TPA,FL,ASO,ES,Combined TRACON& Tower with Radar,414,71,43,1,529,0,1,25,0,26,414,72,68,1,555,0,0,0,555
02/05/2009,TPA,FL,ASO,ES,Combined TRACON& Tower with Radar,428,72,54,0,554,0,6,42,0,48,428,78,96,0,602,0,0,0,602
02/06/2009,TPA,FL,ASO,ES,Combined TRACON& Tower with Radar,424,72,52,5,553,0,2,46,3,51,424,74,98,8,604,0,0,0,604
02/07/2009,TPA,FL,ASO,ES,Combined TRACON& Tower with Radar,392,36,31,5,464,1,0,35,0,36,393,36,66,5,500,0,0,0,500
02/08/2009,TPA,FL,ASO,ES,Combined TRACON& Tower with Radar,392,38,42,4,476,0,4,28,3,35,392,42,70,7,511,0,0,0,511
02/09/2009,TPA,FL,ASO,ES,Combined TRACON& Tower with Radar,413,58,52,0,523,0,4,29,0,33,413,62,81,0,556,0,0,0,556
02/10/2009,TPA,FL,ASO,ES,Combined TRACON& Tower with Radar,401,65,70,0,536,0,6,26,0,32,401,71,96,0,568,10,0,10,578
02/11/2009,TPA,FL,ASO,ES,Combined TRACON& Tower with Radar,414,69,78,0,561,0,7,30,0,37,414,76,108,0,598,0,0,0,598
02/12/2009,TPA,FL,ASO,ES,Combined TRACON& Tower with Radar,464,82,94,0,640,0,1,12,0,13,464,83,106,0,653,0,0,0,653
02/13/2009,TPA,FL,ASO,ES,Combined TRACON& Tower with Radar,466,70,54,3,593,0,4,38,0,42,466,74,92,3,635,0,0,0,635
02/14/2009,TPA,FL,ASO,ES,Combined TRACON& Tower with Radar,426,45,28,0,499,0,2,23,0,25,426,47,51,0,524,0,0,0,524
02/15/2009,TPA,FL,ASO,ES,Combined TRACON& Tower with Radar,434,39,38,3,514,0,0,11,0,11,434,39,49,3,525,0,0,0,525
02/16/2009,TPA,FL,ASO,ES,Combined TRACON& Tower with Radar,457,54,52,0,563,0,6,26,0,32,457,60,78,0,595,0,0,0,595
02/17/2009,TPA,FL,ASO,ES,Combined TRACON& Tower with Radar,445,63,69,4,581,0,3,32,0,35,445,66,101,4,616,0,0,0,616
02/18/2009,TPA,FL,ASO,ES,Combined TRACON& Tower with Radar,449,72,67,0,588,0,10,31,0,41,449,82,98,0,629,0,0,0,629
02/19/2009,TPA,FL,ASO,ES,Combined TRACON& Tower with Radar,465,86,60,1,612,0,4,25,0,29,465,90,85,1,641,0,0,0,641
02/20/2009,TPA,FL,ASO,ES,Combined TRACON& Tower with Radar,466,71,81,1,619,0,4,34,2,40,466,75,115,3,659,0,0,0,659
02/21/2009,TPA,FL,ASO,ES,Combined TRACON& Tower with Radar,423,44,32,3,502,0,1,32,0,33,423,45,64,3,535,0,0,0,535
02/22/2009,TPA,FL,ASO,ES,Combined TRACON& Tower with Radar,444,31,51,3,529,0,2,28,0,30,444,33,79,3,559,0,0,0,559
02/23/2009,TPA,FL,ASO,ES,Combined TRACON& Tower with Radar,463,59,55,5,582,0,10,37,0,47,463,69,92,5,629,0,0,0,629
02/24/2009,TPA,FL,ASO,ES,Combined TRACON& Tower with Radar,446,70,54,0,570,0,3,31,0,34,446,73,85,0,604,0,0,0,604
02/25/2009,TPA,FL,ASO,ES,Combined TRACON& Tower with Radar,451,73,54,1,579,0,1,35,0,36,451,74,89,1,615,0,0,0,615
02/26/2009,TPA,FL,ASO,ES,Combined TRACON& Tower with Radar,459,66,55,2,582,0,4,39,2,45,459,70,94,4,627,0,0,0,627
02/27/2009,TPA,FL,ASO,ES,Combined TRACON& Tower with Radar,462,70,72,3,607,0,3,57,0,60,462,73,129,3,667,0,0,0,667
02/28/2009,TPA,FL,ASO,ES,Combined TRACON& Tower with Radar,416,44,35,3,498,0,4,31,0,35,416,48,66,3,533,0,0,0,533
03/01/2009,TPA,FL,ASO,ES,Combined TRACON& Tower with Radar,408,39,22,3,472,0,0,6,0,6,408,39,28,3,478,0,0,0,478
03/02/2009,TPA,FL,ASO,ES,Combined TRACON& Tower with Radar,419,62,40,5,526,0,2,20,0,22,419,64,60,5,548,0,0,0,548
03/03/2009,TPA,FL,ASO,ES,Combined TRACON& Tower with Radar,451,71,50,3,575,0,8,22,3,33,451,79,72,6,608,0,0,0,608
03/04/2009,TPA,FL,ASO,ES,Combined TRACON& Tower with Radar,459,76,38,2,575,0,3,26,2,31,459,79,64,4,606,0,0,0,606
03/05/2009,TPA,FL,ASO,ES,Combined TRACON& Tower with Radar,473,66,53,0,592,1,1,43,0,45,474,67,96,0,637,0,0,0,637
03/06/2009,TPA,FL,ASO,ES,Combined TRACON& Tower with Radar,462,71,50,1,584,0,1,28,2,31,462,72,78,3,615,0,0,0,615
03/07/2009,TPA,FL,ASO,ES,Combined TRACON& Tower with Radar,482,44,38,0,564,0,2,21,0,23,482,46,59,0,587,0,0,0,587
03/08/2009,TPA,FL,ASO,ES,Combined TRACON& Tower with Radar,448,42,53,3,546,0,1,29,2,32,448,43,82,5,578,0,0,0,578
03/09/2009,TPA,FL,ASO,ES,Combined TRACON& Tower with Radar,481,51,49,2,583,0,6,34,0,40,481,57,83,2,623,0,0,0,623
03/10/2009,TPA,FL,ASO,ES,Combined TRACON& Tower with Radar,461,61,64,0,586,0,5,30,0,35,461,66,94,0,621,0,0,0,621
03/11/2009,TPA,FL,ASO,ES,Combined TRACON& Tower with Radar,467,72,82,2,623,0,13,32,0,45,467,85,114,2,668,0,0,0,668
03/12/2009,TPA,FL,ASO,ES,Combined TRACON& Tower with Radar,489,60,58,0,607,0,8,33,4,45,489,68,91,4,652,0,0,0,652
03/13/2009,TPA,FL,ASO,ES,Combined TRACON& Tower with Radar,476,73,72,7,628,0,7,38,0,45,476,80,110,7,673,0,0,0,673
03/14/2009,TPA,FL,ASO,ES,Combined TRACON& Tower with Radar,489,57,53,0,599,0,2,42,0,44,489,59,95,0,643,0,0,0,643
03/15/2009,TPA,FL,ASO,ES,Combined TRACON& Tower with Radar,465,45,65,2,577,0,8,36,0,44,465,53,101,2,621,0,0,0,621
03/16/2009,TPA,FL,ASO,ES,Combined TRACON& Tower with Radar,473,58,44,0,575,0,7,28,0,35,473,65,72,0,610,0,0,0,610
03/17/2009,TPA,FL,ASO,ES,Combined TRACON& Tower with Radar,472,69,53,0,594,0,5,23,1,29,472,74,76,1,623,0,0,0,623
03/18/2009,TPA,FL,ASO,ES,Combined TRACON& Tower with Radar,473,68,59,0,600,0,5,27,0,32,473,73,86,0,632,0,0,0,632
03/19/2009,TPA,FL,ASO,ES,Combined TRACON& Tower with Radar,481,75,55,0,611,0,9,29,0,38,481,84,84,0,649,0,0,0,649
03/20/2009,TPA,FL,ASO,ES,Combined TRACON& Tower with Radar,488,78,64,0,630,0,5,47,0,52,488,83,111,0,682,0,0,0,682
03/21/2009,TPA,FL,ASO,ES,Combined TRACON& Tower with Radar,493,50,39,0,582,0,3,33,0,36,493,53,72,0,618,0,0,0,618
03/22/2009,TPA,FL,ASO,ES,Combined TRACON& Tower with Radar,461,47,50,0,558,0,2,29,2,33,461,49,79,2,591,0,0,0,591
03/23/2009,TPA,FL,ASO,ES,Combined TRACON& Tower with Radar,482,59,47,0,588,0,2,30,2,34,482,61,77,2,622,6,0,6,628
03/24/2009,TPA,FL,ASO,ES,Combined TRACON& Tower with Radar,453,69,63,1,586,0,1,38,0,39,453,70,101,1,625,0,0,0,625
03/25/2009,TPA,FL,ASO,ES,Combined TRACON& Tower with Radar,470,78,56,0,604,0,4,27,0,31,470,82,83,0,635,0,0,0,635
03/26/2009,TPA,FL,ASO,ES,Combined TRACON& Tower with Radar,475,58,53,1,587,0,5,40,1,46,475,63,93,2,633,0,0,0,633
03/27/2009,TPA,FL,ASO,ES,Combined TRACON& Tower with Radar,477,66,44,1,588,0,4,37,1,42,477,70,81,2,630,0,0,0,630
03/28/2009,TPA,FL,ASO,ES,Combined TRACON& Tower with Radar,484,47,15,0,546,0,4,13,0,17,484,51,28,0,563,0,0,0,563
03/29/2009,TPA,FL,ASO,ES,Combined TRACON& Tower with Radar,453,40,38,0,531,0,1,12,3,16,453,41,50,3,547,0,0,0,547
03/30/2009,TPA,FL,ASO,ES,Combined TRACON& Tower with Radar,482,53,48,5,588,0,5,29,2,36,482,58,77,7,624,0,0,0,624
03/31/2009,TPA,FL,ASO,ES,Combined TRACON& Tower with Radar,456,59,61,2,578,0,6,23,0,29,456,65,84,2,607,0,0,0,607
04/01/2009,TPA,FL,ASO,ES,Combined TRACON& Tower with Radar,462,66,60,0,588,0,2,12,0,14,462,68,72,0,602,0,0,0,602
04/02/2009,TPA,FL,ASO,ES,Combined TRACON& Tower with Radar,472,70,67,1,610,0,1,17,0,18,472,71,84,1,628,0,0,0,628
04/03/2009,TPA,FL,ASO,ES,Combined TRACON& Tower with Radar,464,75,45,5,589,0,3,17,0,20,464,78,62,5,609,0,0,0,609
04/04/2009,TPA,FL,ASO,ES,Combined TRACON& Tower with Radar,489,46,33,0,568,0,3,32,0,35,489,49,65,0,603,0,0,0,603
04/05/2009,TPA,FL,ASO,ES,Combined TRACON& Tower with Radar,447,44,37,2,530,0,2,26,0,28,447,46,63,2,558,0,0,0,558
04/06/2009,TPA,FL,ASO,ES,Combined TRACON& Tower with Radar,441,57,43,2,543,0,3,23,0,26,441,60,66,2,569,0,0,0,569
04/07/2009,TPA,FL,ASO,ES,Combined TRACON& Tower with Radar,451,69,49,6,575,1,2,13,0,16,452,71,62,6,591,0,0,0,591
04/08/2009,TPA,FL,ASO,ES,Combined TRACON& Tower with Radar,450,68,51,7,576,0,4,51,0,55,450,72,102,7,631,0,0,0,631
04/09/2009,TPA,FL,ASO,ES,Combined TRACON& Tower with Radar,461,61,67,0,589,0,4,35,2,41,461,65,102,2,630,0,0,0,630
04/10/2009,TPA,FL,ASO,ES,Combined TRACON& Tower with Radar,446,68,39,0,553,0,11,32,0,43,446,79,71,0,596,0,0,0,596
04/11/2009,TPA,FL,ASO,ES,Combined TRACON& Tower with Radar,480,41,22,0,543,0,2,22,0,24,480,43,44,0,567,0,0,0,567
04/12/2009,TPA,FL,ASO,ES,Combined TRACON& Tower with Radar,436,34,33,0,503,0,1,13,0,14,436,35,46,0,517,0,0,0,517
04/13/2009,TPA,FL,ASO,ES,Combined TRACON& Tower with Radar,445,41,57,0,543,0,5,26,0,31,445,46,83,0,574,0,0,0,574
04/14/2009,TPA,FL,ASO,ES,Combined TRACON& Tower with Radar,445,54,38,0,537,0,1,9,0,10,445,55,47,0,547,0,0,0,547
04/15/2009,TPA,FL,ASO,ES,Combined TRACON& Tower with Radar,452,66,46,1,565,0,6,40,0,46,452,72,86,1,611,0,0,0,611
04/16/2009,TPA,FL,ASO,ES,Combined TRACON& Tower with Radar,452,77,76,3,608,0,2,53,2,57,452,79,129,5,665,0,0,0,665
04/17/2009,TPA,FL,ASO,ES,Combined TRACON& Tower with Radar,446,73,50,9,578,0,3,38,0,41,446,76,88,9,619,0,0,0,619
04/18/2009,TPA,FL,ASO,ES,Combined TRACON& Tower with Radar,474,41,37,0,552,0,2,31,0,33,474,43,68,0,585,0,0,0,585
04/19/2009,TPA,FL,ASO,ES,Combined TRACON& Tower with Radar,440,51,47,7,545,0,1,38,0,39,440,52,85,7,584,0,0,0,584
04/20/2009,TPA,FL,ASO,ES,Combined TRACON& Tower with Radar,441,51,57,0,549,0,9,28,0,37,441,60,85,0,586,0,0,0,586
04/21/2009,TPA,FL,ASO,ES,Combined TRACON& Tower with Radar,432,63,67,1,563,0,5,30,1,36,432,68,97,2,599,0,0,0,599
04/22/2009,TPA,FL,ASO,ES,Combined TRACON& Tower with Radar,440,70,65,1,576,0,7,64,2,73,440,77,129,3,649,0,0,0,649
04/23/2009,TPA,FL,ASO,ES,Combined TRACON& Tower with Radar,442,64,97,0,603,0,3,51,0,54,442,67,148,0,657,0,0,0,657
04/24/2009,TPA,FL,ASO,ES,Combined TRACON& Tower with Radar,447,68,84,6,605,0,7,50,0,57,447,75,134,6,662,0,0,0,662
04/25/2009,TPA,FL,ASO,ES,Combined TRACON& Tower with Radar,460,51,27,3,541,0,0,46,0,46,460,51,73,3,587,0,0,0,587
04/26/2009,TPA,FL,ASO,ES,Combined TRACON& Tower with Radar,435,40,36,3,514,0,0,37,0,37,435,40,73,3,551,0,0,0,551
04/27/2009,TPA,FL,ASO,ES,Combined TRACON& Tower with Radar,440,53,46,0,539,0,4,38,0,42,440,57,84,0,581,0,0,0,581
04/28/2009,TPA,FL,ASO,ES,Combined TRACON& Tower with Radar,432,66,49,0,547,0,3,41,0,44,432,69,90,0,591,0,0,0,591
04/29/2009,TPA,FL,ASO,ES,Combined TRACON& Tower with Radar,426,68,78,0,572,0,5,56,0,61,426,73,134,0,633,0,0,0,633
04/30/2009,TPA,FL,ASO,ES,Combined TRACON& Tower with Radar,449,67,63,0,579,0,4,45,1,50,449,71,108,1,629,0,0,0,629
05/01/2009,TPA,FL,ASO,ES,Combined TRACON& Tower with Radar,429,73,40,2,544,0,5,42,0,47,429,78,82,2,591,0,0,0,591
05/02/2009,TPA,FL,ASO,ES,Combined TRACON& Tower with Radar,448,42,22,1,513,0,2,32,0,34,448,44,54,1,547,0,0,0,547
05/03/2009,TPA,FL,ASO,ES,Combined TRACON& Tower with Radar,416,43,34,3,496,0,1,26,0,27,416,44,60,3,523,0,0,0,523
05/04/2009,TPA,FL,ASO,ES,Combined TRACON& Tower with Radar,429,53,47,0,529,0,5,22,0,27,429,58,69,0,556,0,0,0,556
05/05/2009,TPA,FL,ASO,ES,Combined TRACON& Tower with Radar,407,64,44,0,515,0,3,33,0,36,407,67,77,0,551,0,0,0,551
05/06/2009,TPA,FL,ASO,ES,Combined TRACON& Tower with Radar,408,67,40,2,517,0,4,40,0,44,408,71,80,2,561,0,0,0,561
05/07/2009,TPA,FL,ASO,ES,Combined TRACON& Tower with Radar,427,69,53,0,549,0,3,37,0,40,427,72,90,0,589,0,0,0,589
05/08/2009,TPA,FL,ASO,ES,Combined TRACON& Tower with Radar,427,68,55,0,550,0,5,31,4,40,427,73,86,4,590,0,0,0,590
05/09/2009,TPA,FL,ASO,ES,Combined TRACON& Tower with Radar,409,45,26,0,480,0,2,14,0,16,409,47,40,0,496,0,0,0,496
05/10/2009,TPA,FL,ASO,ES,Combined TRACON& Tower with Radar,390,29,27,4,450,0,4,22,0,26,390,33,49,4,476,0,0,0,476
05/11/2009,TPA,FL,ASO,ES,Combined TRACON& Tower with Radar,420,58,56,0,534,0,3,42,0,45,420,61,98,0,579,0,0,0,579
05/12/2009,TPA,FL,ASO,ES,Combined TRACON& Tower with Radar,410,66,57,0,533,0,3,41,0,44,410,69,98,0,577,0,0,0,577
05/13/2009,TPA,FL,ASO,ES,Combined TRACON& Tower with Radar,396,73,35,1,505,0,7,21,0,28,396,80,56,1,533,0,0,0,533
05/14/2009,TPA,FL,ASO,ES,Combined TRACON& Tower with Radar,416,63,50,1,530,0,3,24,0,27,416,66,74,1,557,0,0,0,557
05/15/2009,TPA,FL,ASO,ES,Combined TRACON& Tower with Radar,413,68,49,0,530,0,1,37,0,38,413,69,86,0,568,0,0,0,568
05/16/2009,TPA,FL,ASO,ES,Combined TRACON& Tower with Radar,399,38,20,0,457,0,3,20,0,23,399,41,40,0,480,0,0,0,480
05/17/2009,TPA,FL,ASO,ES,Combined TRACON& Tower with Radar,402,42,20,0,464,0,5,9,0,14,402,47,29,0,478,0,0,0,478
05/18/2009,TPA,FL,ASO,ES,Combined TRACON& Tower with Radar,412,42,36,0,490,0,0,8,0,8,412,42,44,0,498,0,0,0,498
05/19/2009,TPA,FL,ASO,ES,Combined TRACON& Tower with Radar,407,75,52,0,534,0,0,6,0,6,407,75,58,0,540,0,0,0,540
05/20/2009,TPA,FL,ASO,ES,Combined TRACON& Tower with Radar,408,75,57,0,540,0,1,7,0,8,408,76,64,0,548,0,0,0,548
05/21/2009,TPA,FL,ASO,ES,Combined TRACON& Tower with Radar,426,70,46,0,542,0,0,12,0,12,426,70,58,0,554,0,0,0,554
05/22/2009,TPA,FL,ASO,ES,Combined TRACON& Tower with Radar,437,74,63,0,574,0,0,17,0,17,437,74,80,0,591,0,0,0,591
05/23/2009,TPA,FL,ASO,ES,Combined TRACON& Tower with Radar,412,35,18,0,465,0,1,18,0,19,412,36,36,0,484,0,0,0,484
05/24/2009,TPA,FL,ASO,ES,Combined TRACON& Tower with Radar,356,35,18,0,409,0,0,18,0,18,356,35,36,0,427,0,0,0,427
05/25/2009,TPA,FL,ASO,ES,Combined TRACON& Tower with Radar,396,45,34,0,475,0,1,22,0,23,396,46,56,0,498,0,0,0,498
05/26/2009,TPA,FL,ASO,ES,Combined TRACON& Tower with Radar,406,52,44,1,503,0,2,30,0,32,406,54,74,1,535,0,0,0,535
05/27/2009,TPA,FL,ASO,ES,Combined TRACON& Tower with Radar,410,73,46,1,530,0,5,35,0,40,410,78,81,1,570,0,0,0,570
05/28/2009,TPA,FL,ASO,ES,Combined TRACON& Tower with Radar,418,64,57,2,541,0,2,27,0,29,418,66,84,2,570,0,0,0,570
05/29/2009,TPA,FL,ASO,ES,Combined TRACON& Tower with Radar,412,73,46,3,534,0,7,40,0,47,412,80,86,3,581,0,0,0,581
05/30/2009,TPA,FL,ASO,ES,Combined TRACON& Tower with Radar,415,37,40,0,492,0,1,37,0,38,415,38,77,0,530,0,0,0,530
05/31/2009,TPA,FL,ASO,ES,Combined TRACON& Tower with Radar,398,30,32,1,461,0,4,39,0,43,398,34,71,1,504,0,0,0,504
06/01/2009,TPA,FL,ASO,ES,Combined TRACON& Tower with Radar,417,52,51,0,520,0,2,25,0,27,417,54,76,0,547,0,0,0,547
06/02/2009,TPA,FL,ASO,ES,Combined TRACON& Tower with Radar,400,60,61,1,522,0,4,40,0,44,400,64,101,1,566,0,0,0,566
06/03/2009,TPA,FL,ASO,ES,Combined TRACON& Tower with Radar,398,63,67,0,528,0,5,33,0,38,398,68,100,0,566,56,0,56,622
06/04/2009,TPA,FL,ASO,ES,Combined TRACON& Tower with Radar,416,70,54,2,542,0,0,31,1,32,416,70,85,3,574,72,0,72,646
06/05/2009,TPA,FL,ASO,ES,Combined TRACON& Tower with Radar,411,54,41,0,506,0,3,20,2,25,411,57,61,2,531,0,0,0,531
06/06/2009,TPA,FL,ASO,ES,Combined TRACON& Tower with Radar,405,43,17,0,465,0,0,16,0,16,405,43,33,0,481,0,0,0,481
06/07/2009,TPA,FL,ASO,ES,Combined TRACON& Tower with Radar,394,44,30,0,468,0,0,14,0,14,394,44,44,0,482,0,0,0,482
06/08/2009,TPA,FL,ASO,ES,Combined TRACON& Tower with Radar,411,61,39,0,511,0,1,32,0,33,411,62,71,0,544,0,0,0,544
06/09/2009,TPA,FL,ASO,ES,Combined TRACON& Tower with Radar,377,60,43,0,480,0,9,37,0,46,377,69,80,0,526,0,0,0,526
06/10/2009,TPA,FL,ASO,ES,Combined TRACON& Tower with Radar,416,72,49,0,537,0,5,45,0,50,416,77,94,0,587,0,0,0,587
06/11/2009,TPA,FL,ASO,ES,Combined TRACON& Tower with Radar,393,70,45,0,508,0,7,44,0,51,393,77,89,0,559,0,0,0,559
06/12/2009,TPA,FL,ASO,ES,Combined TRACON& Tower with Radar,414,67,23,1,505,0,9,45,0,54,414,76,68,1,559,0,0,0,559
06/13/2009,TPA,FL,ASO,ES,Combined TRACON& Tower with Radar,395,42,31,0,468,0,8,27,0,35,395,50,58,0,503,0,0,0,503
06/14/2009,TPA,FL,ASO,ES,Combined TRACON& Tower with Radar,393,38,32,0,463,0,2,21,1,24,393,40,53,1,487,0,0,0,487
06/15/2009,TPA,FL,ASO,ES,Combined TRACON& Tower with Radar,398,57,30,2,487,0,3,40,0,43,398,60,70,2,530,0,0,0,530
06/16/2009,TPA,FL,ASO,ES,Combined TRACON& Tower with Radar,432,67,45,3,547,0,3,27,2,32,432,70,72,5,579,0,0,0,579
06/17/2009,TPA,FL,ASO,ES,Combined TRACON& Tower with Radar,405,60,35,3,503,0,2,40,0,42,405,62,75,3,545,0,0,0,545
06/18/2009,TPA,FL,ASO,ES,Combined TRACON& Tower with Radar,414,66,63,2,545,0,7,35,0,42,414,73,98,2,587,0,0,0,587
06/19/2009,TPA,FL,ASO,ES,Combined TRACON& Tower with Radar,413,63,38,0,514,0,0,32,0,32,413,63,70,0,546,0,0,0,546
06/20/2009,TPA,FL,ASO,ES,Combined TRACON& Tower with Radar,395,39,36,1,471,0,1,18,0,19,395,40,54,1,490,0,0,0,490
06/21/2009,TPA,FL,ASO,ES,Combined TRACON& Tower with Radar,387,38,22,0,447,0,3,28,0,31,387,41,50,0,478,25,0,25,503
06/22/2009,TPA,FL,ASO,ES,Combined TRACON& Tower with Radar,407,63,64,2,536,0,7,48,0,55,407,70,112,2,591,0,0,0,591
06/23/2009,TPA,FL,ASO,ES,Combined TRACON& Tower with Radar,403,59,53,0,515,0,6,26,0,32,403,65,79,0,547,0,0,0,547
06/24/2009,TPA,FL,ASO,ES,Combined TRACON& Tower with Radar,402,71,57,0,530,0,2,24,0,26,402,73,81,0,556,0,0,0,556
06/25/2009,TPA,FL,ASO,ES,Combined TRACON& Tower with Radar,412,70,55,1,538,0,1,40,0,41,412,71,95,1,579,0,0,0,579
06/26/2009,TPA,FL,ASO,ES,Combined TRACON& Tower with Radar,402,60,44,1,507,0,0,31,0,31,402,60,75,1,538,0,0,0,538
06/27/2009,TPA,FL,ASO,ES,Combined TRACON& Tower with Radar,409,52,27,0,488,0,0,20,0,20,409,52,47,0,508,0,0,0,508
06/28/2009,TPA,FL,ASO,ES,Combined TRACON& Tower with Radar,386,35,46,2,469,0,2,18,0,20,386,37,64,2,489,0,0,0,489
06/29/2009,TPA,FL,ASO,ES,Combined TRACON& Tower with Radar,409,54,56,0,519,0,7,19,0,26,409,61,75,0,545,0,0,0,545
06/30/2009,TPA,FL,ASO,ES,Combined TRACON& Tower with Radar,396,57,46,0,499,0,5,16,0,21,396,62,62,0,520,0,0,0,520
07/01/2009,TPA,FL,ASO,ES,Combined TRACON& Tower with Radar,402,66,34,1,503,0,0,4,0,4,402,66,38,1,507,0,0,0,507
07/02/2009,TPA,FL,ASO,ES,Combined TRACON& Tower with Radar,422,74,46,0,542,0,3,25,0,28,422,77,71,0,570,0,0,0,570
07/03/2009,TPA,FL,ASO,ES,Combined TRACON& Tower with Radar,401,52,24,1,478,0,2,25,0,27,401,54,49,1,505,0,0,0,505
07/04/2009,TPA,FL,ASO,ES,Combined TRACON& Tower with Radar,337,33,16,0,386,0,1,25,0,26,337,34,41,0,412,0,0,0,412
07/05/2009,TPA,FL,ASO,ES,Combined TRACON& Tower with Radar,381,32,31,0,444,0,0,17,0,17,381,32,48,0,461,0,0,0,461
07/06/2009,TPA,FL,ASO,ES,Combined TRACON& Tower with Radar,406,55,21,0,482,0,4,19,0,23,406,59,40,0,505,0,0,0,505
07/07/2009,TPA,FL,ASO,ES,Combined TRACON& Tower with Radar,399,61,45,0,505,0,2,42,2,46,399,63,87,2,551,0,0,0,551
07/08/2009,TPA,FL,ASO,ES,Combined TRACON& Tower with Radar,409,64,35,7,515,0,4,22,0,26,409,68,57,7,541,0,0,0,541
07/09/2009,TPA,FL,ASO,ES,Combined TRACON& Tower with Radar,414,74,58,0,546,0,3,19,1,23,414,77,77,1,569,0,0,0,569
07/10/2009,TPA,FL,ASO,ES,Combined TRACON& Tower with Radar,412,69,53,2,536,0,6,43,1,50,412,75,96,3,586,0,0,0,586
07/11/2009,TPA,FL,ASO,ES,Combined TRACON& Tower with Radar,401,39,26,1,467,0,3,21,0,24,401,42,47,1,491,0,0,0,491
07/12/2009,TPA,FL,ASO,ES,Combined TRACON& Tower with Radar,387,36,41,3,467,0,1,26,0,27,387,37,67,3,494,0,0,0,494
07/13/2009,TPA,FL,ASO,ES,Combined TRACON& Tower with Radar,409,51,49,1,510,0,3,35,0,38,409,54,84,1,548,0,0,0,548
07/14/2009,TPA,FL,ASO,ES,Combined TRACON& Tower with Radar,408,61,45,0,514,0,3,43,0,46,408,64,88,0,560,0,0,0,560
07/15/2009,TPA,FL,ASO,ES,Combined TRACON& Tower with Radar,423,69,36,0,528,0,6,35,0,41,423,75,71,0,569,0,0,0,569
07/16/2009,TPA,FL,ASO,ES,Combined TRACON& Tower with Radar,406,63,48,1,518,0,5,45,0,50,406,68,93,1,568,0,0,0,568
07/17/2009,TPA,FL,ASO,ES,Combined TRACON& Tower with Radar,412,63,52,1,528,0,6,29,2,37,412,69,81,3,565,0,0,0,565
07/18/2009,TPA,FL,ASO,ES,Combined TRACON& Tower with Radar,405,37,31,0,473,0,1,23,0,24,405,38,54,0,497,0,0,0,497
07/19/2009,TPA,FL,ASO,ES,Combined TRACON& Tower with Radar,386,29,26,1,442,0,1,15,0,16,386,30,41,1,458,0,0,0,458
07/20/2009,TPA,FL,ASO,ES,Combined TRACON& Tower with Radar,401,57,37,0,495,0,2,21,0,23,401,59,58,0,518,0,0,0,518
07/21/2009,TPA,FL,ASO,ES,Combined TRACON& Tower with Radar,409,63,43,0,515,0,4,23,0,27,409,67,66,0,542,0,0,0,542
07/22/2009,TPA,FL,ASO,ES,Combined TRACON& Tower with Radar,412,73,45,2,532,0,4,35,0,39,412,77,80,2,571,0,0,0,571
07/23/2009,TPA,FL,ASO,ES,Combined TRACON& Tower with Radar,400,63,35,1,499,0,7,36,0,43,400,70,71,1,542,40,0,40,582
07/24/2009,TPA,FL,ASO,ES,Combined TRACON& Tower with Radar,414,64,46,2,526,0,21,44,0,65,414,85,90,2,591,24,0,24,615
07/25/2009,TPA,FL,ASO,ES,Combined TRACON& Tower with Radar,399,55,24,6,484,0,3,33,0,36,399,58,57,6,520,0,0,0,520
07/26/2009,TPA,FL,ASO,ES,Combined TRACON& Tower with Radar,374,36,24,1,435,0,1,15,0,16,374,37,39,1,451,0,0,0,451
07/27/2009,TPA,FL,ASO,ES,Combined TRACON& Tower with Radar,411,51,19,1,482,0,9,38,0,47,411,60,57,1,529,0,0,0,529
07/28/2009,TPA,FL,ASO,ES,Combined TRACON& Tower with Radar,414,65,40,0,519,0,5,48,2,55,414,70,88,2,574,0,0,0,574
07/29/2009,TPA,FL,ASO,ES,Combined TRACON& Tower with Radar,407,55,37,0,499,0,7,40,2,49,407,62,77,2,548,0,0,0,548
07/30/2009,TPA,FL,ASO,ES,Combined TRACON& Tower with Radar,419,77,28,4,528,0,5,30,0,35,419,82,58,4,563,0,0,0,563
07/31/2009,TPA,FL,ASO,ES,Combined TRACON& Tower with Radar,393,66,43,0,502,0,5,23,0,28,393,71,66,0,530,0,0,0,530
08/01/2009,TPA,FL,ASO,ES,Combined TRACON& Tower with Radar,410,42,20,0,472,0,1,31,0,32,410,43,51,0,504,0,0,0,504
08/02/2009,TPA,FL,ASO,ES,Combined TRACON& Tower with Radar,379,33,36,2,450,0,4,24,0,28,379,37,60,2,478,12,0,12,490
08/03/2009,TPA,FL,ASO,ES,Combined TRACON& Tower with Radar,414,55,23,0,492,0,4,29,0,33,414,59,52,0,525,0,0,0,525
08/04/2009,TPA,FL,ASO,ES,Combined TRACON& Tower with Radar,415,64,36,0,515,0,4,36,0,40,415,68,72,0,555,0,0,0,555
08/05/2009,TPA,FL,ASO,ES,Combined TRACON& Tower with Radar,403,59,43,0,505,0,8,27,0,35,403,67,70,0,540,0,0,0,540
08/06/2009,TPA,FL,ASO,ES,Combined TRACON& Tower with Radar,417,61,53,0,531,0,5,42,2,49,417,66,95,2,580,0,0,0,580
08/07/2009,TPA,FL,ASO,ES,Combined TRACON& Tower with Radar,410,62,50,4,526,0,6,33,0,39,410,68,83,4,565,0,0,0,565
08/08/2009,TPA,FL,ASO,ES,Combined TRACON& Tower with Radar,405,47,33,0,485,0,5,30,0,35,405,52,63,0,520,0,0,0,520
08/09/2009,TPA,FL,ASO,ES,Combined TRACON& Tower with Radar,382,35,32,1,450,0,2,17,0,19,382,37,49,1,469,0,0,0,469
08/10/2009,TPA,FL,ASO,ES,Combined TRACON& Tower with Radar,408,57,31,0,496,0,4,24,0,28,408,61,55,0,524,0,0,0,524
08/11/2009,TPA,FL,ASO,ES,Combined TRACON& Tower with Radar,401,64,51,0,516,0,3,32,0,35,401,67,83,0,551,0,0,0,551
08/12/2009,TPA,FL,ASO,ES,Combined TRACON& Tower with Radar,398,61,55,0,514,0,10,25,0,35,398,71,80,0,549,0,0,0,549
08/13/2009,TPA,FL,ASO,ES,Combined TRACON& Tower with Radar,421,62,52,0,535,0,6,21,0,27,421,68,73,0,562,0,0,0,562
08/14/2009,TPA,FL,ASO,ES,Combined TRACON& Tower with Radar,414,63,47,0,524,0,4,32,0,36,414,67,79,0,560,0,0,0,560
08/15/2009,TPA,FL,ASO,ES,Combined TRACON& Tower with Radar,390,49,14,0,453,0,1,20,0,21,390,50,34,0,474,0,0,0,474
08/16/2009,TPA,FL,ASO,ES,Combined TRACON& Tower with Radar,365,28,24,0,417,0,0,18,0,18,365,28,42,0,435,0,0,0,435
08/17/2009,TPA,FL,ASO,ES,Combined TRACON& Tower with Radar,389,54,37,0,480,0,7,32,0,39,389,61,69,0,519,0,0,0,519
08/18/2009,TPA,FL,ASO,ES,Combined TRACON& Tower with Radar,376,66,52,0,494,0,3,34,0,37,376,69,86,0,531,0,0,0,531
08/19/2009,TPA,FL,ASO,ES,Combined TRACON& Tower with Radar,385,69,45,0,499,0,6,51,0,57,385,75,96,0,556,44,0,44,600
08/20/2009,TPA,FL,ASO,ES,Combined TRACON& Tower with Radar,392,68,42,2,504,0,6,21,2,29,392,74,63,4,533,0,0,0,533
08/21/2009,TPA,FL,ASO,ES,Combined TRACON& Tower with Radar,371,63,50,0,484,0,6,22,0,28,371,69,72,0,512,0,0,0,512
08/22/2009,TPA,FL,ASO,ES,Combined TRACON& Tower with Radar,358,39,15,0,412,0,0,15,1,16,358,39,30,1,428,0,0,0,428
08/23/2009,TPA,FL,ASO,ES,Combined TRACON& Tower with Radar,364,39,30,0,433,0,0,29,0,29,364,39,59,0,462,0,0,0,462
08/24/2009,TPA,FL,ASO,ES,Combined TRACON& Tower with Radar,387,58,20,0,465,0,7,26,1,34,387,65,46,1,499,0,0,0,499
08/25/2009,TPA,FL,ASO,ES,Combined TRACON& Tower with Radar,375,72,45,0,492,0,7,37,0,44,375,79,82,0,536,0,0,0,536
08/26/2009,TPA,FL,ASO,ES,Combined TRACON& Tower with Radar,378,71,48,1,498,0,3,26,0,29,378,74,74,1,527,0,0,0,527
08/27/2009,TPA,FL,ASO,ES,Combined TRACON& Tower with Radar,391,72,38,0,501,0,5,34,0,39,391,77,72,0,540,0,0,0,540
08/28/2009,TPA,FL,ASO,ES,Combined TRACON& Tower with Radar,372,79,55,2,508,0,2,33,5,40,372,81,88,7,548,0,0,0,548
08/29/2009,TPA,FL,ASO,ES,Combined TRACON& Tower with Radar,350,38,28,0,416,0,4,14,0,18,350,42,42,0,434,0,0,0,434
08/30/2009,TPA,FL,ASO,ES,Combined TRACON& Tower with Radar,360,34,23,1,418,0,0,22,0,22,360,34,45,1,440,0,0,0,440
08/31/2009,TPA,FL,ASO,ES,Combined TRACON& Tower with Radar,386,54,24,3,467,0,8,30,0,38,386,62,54,3,505,0,0,0,505
09/01/2009,TPA,FL,ASO,ES,Combined TRACON& Tower with Radar,368,60,44,0,472,0,5,22,0,27,368,65,66,0,499,0,0,0,499
09/02/2009,TPA,FL,ASO,ES,Combined TRACON& Tower with Radar,365,64,43,0,472,0,3,21,1,25,365,67,64,1,497,0,0,0,497
09/03/2009,TPA,FL,ASO,ES,Combined TRACON& Tower with Radar,381,78,39,2,500,0,2,30,0,32,381,80,69,2,532,0,0,0,532
09/04/2009,TPA,FL,ASO,ES,Combined TRACON& Tower with Radar,379,82,52,5,518,0,4,34,1,39,379,86,86,6,557,0,0,0,557
09/05/2009,TPA,FL,ASO,ES,Combined TRACON& Tower with Radar,324,42,19,1,386,0,3,14,0,17,324,45,33,1,403,0,0,0,403
09/06/2009,TPA,FL,ASO,ES,Combined TRACON& Tower with Radar,291,28,17,2,338,0,2,21,2,25,291,30,38,4,363,0,0,0,363
09/07/2009,TPA,FL,ASO,ES,Combined TRACON& Tower with Radar,351,46,35,0,432,0,4,23,0,27,351,50,58,0,459,0,0,0,459
09/08/2009,TPA,FL,ASO,ES,Combined TRACON& Tower with Radar,360,53,34,0,447,0,2,26,0,28,360,55,60,0,475,0,0,0,475
09/09/2009,TPA,FL,ASO,ES,Combined TRACON& Tower with Radar,339,68,41,0,448,0,5,27,0,32,339,73,68,0,480,0,0,0,480
09/10/2009,TPA,FL,ASO,ES,Combined TRACON& Tower with Radar,371,72,41,0,484,0,3,34,0,37,371,75,75,0,521,0,0,0,521
09/11/2009,TPA,FL,ASO,ES,Combined TRACON& Tower with Radar,365,77,56,0,498,0,3,46,0,49,365,80,102,0,547,0,0,0,547
09/12/2009,TPA,FL,ASO,ES,Combined TRACON& Tower with Radar,326,43,21,0,390,0,1,9,0,10,326,44,30,0,400,0,0,0,400
09/13/2009,TPA,FL,ASO,ES,Combined TRACON& Tower with Radar,340,44,43,0,427,0,2,34,0,36,340,46,77,0,463,0,0,0,463
09/14/2009,TPA,FL,ASO,ES,Combined TRACON& Tower with Radar,369,58,36,0,463,0,5,18,0,23,369,63,54,0,486,0,0,0,486
09/15/2009,TPA,FL,ASO,ES,Combined TRACON& Tower with Radar,338,81,42,2,463,0,2,26,1,29,338,83,68,3,492,0,0,0,492
09/16/2009,TPA,FL,ASO,ES,Combined TRACON& Tower with Radar,343,75,49,0,467,0,6,15,1,22,343,81,64,1,489,0,0,0,489
09/17/2009,TPA,FL,ASO,ES,Combined TRACON& Tower with Radar,364,72,38,0,474,0,5,23,1,29,364,77,61,1,503,0,0,0,503
09/18/2009,TPA,FL,ASO,ES,Combined TRACON& Tower with Radar,372,64,37,2,475,0,6,30,2,38,372,70,67,4,513,0,0,0,513
09/19/2009,TPA,FL,ASO,ES,Combined TRACON& Tower with Radar,323,40,15,0,378,0,0,16,0,16,323,40,31,0,394,0,0,0,394
09/20/2009,TPA,FL,ASO,ES,Combined TRACON& Tower with Radar,336,43,28,4,411,0,2,11,0,13,336,45,39,4,424,12,0,12,436
09/21/2009,TPA,FL,ASO,ES,Combined TRACON& Tower with Radar,362,52,47,2,463,0,4,45,2,51,362,56,92,4,514,0,0,0,514
09/22/2009,TPA,FL,ASO,ES,Combined TRACON& Tower with Radar,335,71,52,0,458,0,1,35,1,37,335,72,87,1,495,0,0,0,495
09/23/2009,TPA,FL,ASO,ES,Combined TRACON& Tower with Radar,342,61,43,0,446,0,2,33,0,35,342,63,76,0,481,0,0,0,481
09/24/2009,TPA,FL,ASO,ES,Combined TRACON& Tower with Radar,370,67,44,0,481,0,1,37,0,38,370,68,81,0,519,0,0,0,519
09/25/2009,TPA,FL,ASO,ES,Combined TRACON& Tower with Radar,367,75,67,0,509,0,10,44,0,54,367,85,111,0,563,0,0,0,563
09/26/2009,TPA,FL,ASO,ES,Combined TRACON& Tower with Radar,323,45,26,0,394,0,4,23,1,28,323,49,49,1,422,0,0,0,422
09/27/2009,TPA,FL,ASO,ES,Combined TRACON& Tower with Radar,346,50,35,0,431,0,1,25,0,26,346,51,60,0,457,0,0,0,457
09/28/2009,TPA,FL,ASO,ES,Combined TRACON& Tower with Radar,358,54,31,2,445,0,12,40,0,52,358,66,71,2,497,0,0,0,497
09/29/2009,TPA,FL,ASO,ES,Combined TRACON& Tower with Radar,337,63,51,0,451,0,10,39,0,49,337,73,90,0,500,0,0,0,500
09/30/2009,TPA,FL,ASO,ES,Combined TRACON& Tower with Radar,344,68,56,2,470,0,5,60,1,66,344,73,116,3,536,37,0,37,573
10/01/2009,TPA,FL,ASO,ES,Combined TRACON& Tower with Radar,373,57,54,0,484,0,18,37,1,56,373,75,91,1,540,10,0,10,550
10/02/2009,TPA,FL,ASO,ES,Combined TRACON& Tower with Radar,389,60,45,0,494,0,6,34,0,40,389,66,79,0,534,0,0,0,534
10/03/2009,TPA,FL,ASO,ES,Combined TRACON& Tower with Radar,341,38,12,0,391,0,5,21,0,26,341,43,33,0,417,0,0,0,417
10/04/2009,TPA,FL,ASO,ES,Combined TRACON& Tower with Radar,360,35,29,0,424,0,3,32,0,35,360,38,61,0,459,0,0,0,459
10/05/2009,TPA,FL,ASO,ES,Combined TRACON& Tower with Radar,371,57,53,2,483,0,1,57,0,58,371,58,110,2,541,0,0,0,541
10/06/2009,TPA,FL,ASO,ES,Combined TRACON& Tower with Radar,353,67,46,3,469,0,2,34,0,36,353,69,80,3,505,0,0,0,505
10/07/2009,TPA,FL,ASO,ES,Combined TRACON& Tower with Radar,366,59,47,2,474,0,5,34,4,43,366,64,81,6,517,30,0,30,547
10/08/2009,TPA,FL,ASO,ES,Combined TRACON& Tower with Radar,390,75,47,0,512,0,9,50,4,63,390,84,97,4,575,0,0,0,575
10/09/2009,TPA,FL,ASO,ES,Combined TRACON& Tower with Radar,385,69,56,1,511,0,6,78,0,84,385,75,134,1,595,0,0,0,595
10/10/2009,TPA,FL,ASO,ES,Combined TRACON& Tower with Radar,349,47,39,1,436,0,3,30,0,33,349,50,69,1,469,0,0,0,469
10/11/2009,TPA,FL,ASO,ES,Combined TRACON& Tower with Radar,369,35,53,1,458,0,1,24,0,25,369,36,77,1,483,0,0,0,483
10/12/2009,TPA,FL,ASO,ES,Combined TRACON& Tower with Radar,380,56,42,3,481,0,4,23,0,27,380,60,65,3,508,0,0,0,508
10/13/2009,TPA,FL,ASO,ES,Combined TRACON& Tower with Radar,354,56,44,1,455,0,2,42,0,44,354,58,86,1,499,0,0,0,499
10/14/2009,TPA,FL,ASO,ES,Combined TRACON& Tower with Radar,362,65,52,0,479,0,2,50,1,53,362,67,102,1,532,0,0,0,532
10/15/2009,TPA,FL,ASO,ES,Combined TRACON& Tower with Radar,391,64,63,5,523,0,8,49,2,59,391,72,112,7,582,0,0,0,582
10/16/2009,TPA,FL,ASO,ES,Combined TRACON& Tower with Radar,392,71,49,0,512,0,0,29,0,29,392,71,78,0,541,0,0,0,541
10/17/2009,TPA,FL,ASO,ES,Combined TRACON& Tower with Radar,338,37,27,0,402,0,2,20,0,22,338,39,47,0,424,30,0,30,454
10/18/2009,TPA,FL,ASO,ES,Combined TRACON& Tower with Radar,368,50,38,0,456,0,2,42,2,46,368,52,80,2,502,0,0,0,502
10/19/2009,TPA,FL,ASO,ES,Combined TRACON& Tower with Radar,378,60,45,5,488,0,6,43,0,49,378,66,88,5,537,0,0,0,537
10/20/2009,TPA,FL,ASO,ES,Combined TRACON& Tower with Radar,352,62,48,3,465,0,6,28,0,34,352,68,76,3,499,0,0,0,499
10/21/2009,TPA,FL,ASO,ES,Combined TRACON& Tower with Radar,360,67,37,4,468,0,4,30,4,38,360,71,67,8,506,0,0,0,506
10/22/2009,TPA,FL,ASO,ES,Combined TRACON& Tower with Radar,393,71,30,6,500,0,9,37,1,47,393,80,67,7,547,0,0,0,547
10/23/2009,TPA,FL,ASO,ES,Combined TRACON& Tower with Radar,387,66,55,2,510,0,1,31,1,33,387,67,86,3,543,0,0,0,543
10/24/2009,TPA,FL,ASO,ES,Combined TRACON& Tower with Radar,340,37,20,0,397,0,1,21,0,22,340,38,41,0,419,0,0,0,419
10/25/2009,TPA,FL,ASO,ES,Combined TRACON& Tower with Radar,363,40,29,0,432,0,3,17,1,21,363,43,46,1,453,0,0,0,453
10/26/2009,TPA,FL,ASO,ES,Combined TRACON& Tower with Radar,385,55,44,1,485,0,4,37,2,43,385,59,81,3,528,0,0,0,528
10/27/2009,TPA,FL,ASO,ES,Combined TRACON& Tower with Radar,351,70,44,2,467,0,8,17,0,25,351,78,61,2,492,0,0,0,492
10/28/2009,TPA,FL,ASO,ES,Combined TRACON& Tower with Radar,360,71,76,0,507,0,6,19,0,25,360,77,95,0,532,0,0,0,532
10/29/2009,TPA,FL,ASO,ES,Combined TRACON& Tower with Radar,392,70,57,1,520,0,6,42,0,48,392,76,99,1,568,0,0,0,568
10/30/2009,TPA,FL,ASO,ES,Combined TRACON& Tower with Radar,387,72,42,4,505,0,9,35,0,44,387,81,77,4,549,0,0,0,549
10/31/2009,TPA,FL,ASO,ES,Combined TRACON& Tower with Radar,345,36,15,0,396,0,1,62,0,63,345,37,77,0,459,0,0,0,459
11/01/2009,TPA,FL,ASO,ES,Combined TRACON& Tower with Radar,390,41,33,1,465,0,4,17,0,21,390,45,50,1,486,108,0,108,594
11/02/2009,TPA,FL,ASO,ES,Combined TRACON& Tower with Radar,383,58,34,0,475,0,2,25,0,27,383,60,59,0,502,0,0,0,502
11/03/2009,TPA,FL,ASO,ES,Combined TRACON& Tower with Radar,366,63,51,0,480,0,5,20,2,27,366,68,71,2,507,0,0,0,507
11/04/2009,TPA,FL,ASO,ES,Combined TRACON& Tower with Radar,382,73,73,0,528,0,4,37,0,41,382,77,110,0,569,0,0,0,569
11/05/2009,TPA,FL,ASO,ES,Combined TRACON& Tower with Radar,395,70,71,0,536,0,2,61,0,63,395,72,132,0,599,0,0,0,599
11/06/2009,TPA,FL,ASO,ES,Combined TRACON& Tower with Radar,395,73,70,0,538,0,7,46,1,54,395,80,116,1,592,0,0,0,592
11/07/2009,TPA,FL,ASO,ES,Combined TRACON& Tower with Radar,368,42,45,0,455,0,3,32,0,35,368,45,77,0,490,22,0,22,512
11/08/2009,TPA,FL,ASO,ES,Combined TRACON& Tower with Radar,397,55,50,2,504,0,2,26,1,29,397,57,76,3,533,0,0,0,533
11/09/2009,TPA,FL,ASO,ES,Combined TRACON& Tower with Radar,387,59,28,0,474,0,9,21,1,31,387,68,49,1,505,0,0,0,505
11/10/2009,TPA,FL,ASO,ES,Combined TRACON& Tower with Radar,367,71,45,0,483,0,0,18,0,18,367,71,63,0,501,0,0,0,501
11/11/2009,TPA,FL,ASO,ES,Combined TRACON& Tower with Radar,387,75,60,0,522,0,4,19,0,23,387,79,79,0,545,0,0,0,545
11/12/2009,TPA,FL,ASO,ES,Combined TRACON& Tower with Radar,402,71,48,0,521,0,3,28,0,31,402,74,76,0,552,0,0,0,552
11/13/2009,TPA,FL,ASO,ES,Combined TRACON& Tower with Radar,396,68,40,0,504,0,2,53,2,57,396,70,93,2,561,0,0,0,561
11/14/2009,TPA,FL,ASO,ES,Combined TRACON& Tower with Radar,369,44,31,0,444,0,2,40,0,42,369,46,71,0,486,0,0,0,486
11/15/2009,TPA,FL,ASO,ES,Combined TRACON& Tower with Radar,385,38,38,1,462,0,1,31,0,32,385,39,69,1,494,0,0,0,494
11/16/2009,TPA,FL,ASO,ES,Combined TRACON& Tower with Radar,391,66,50,1,508,0,3,40,2,45,391,69,90,3,553,0,0,0,553
11/17/2009,TPA,FL,ASO,ES,Combined TRACON& Tower with Radar,369,69,53,0,491,0,14,39,2,55,369,83,92,2,546,0,0,0,546
11/18/2009,TPA,FL,ASO,ES,Combined TRACON& Tower with Radar,380,61,48,2,491,0,9,39,0,48,380,70,87,2,539,0,0,0,539
11/19/2009,TPA,FL,ASO,ES,Combined TRACON& Tower with Radar,409,74,54,0,537,0,4,36,2,42,409,78,90,2,579,0,0,0,579
11/20/2009,TPA,FL,ASO,ES,Combined TRACON& Tower with Radar,411,75,79,4,569,0,3,38,0,41,411,78,117,4,610,0,0,0,610
11/21/2009,TPA,FL,ASO,ES,Combined TRACON& Tower with Radar,382,45,37,0,464,0,3,19,1,23,382,48,56,1,487,0,0,0,487
11/22/2009,TPA,FL,ASO,ES,Combined TRACON& Tower with Radar,398,50,55,2,505,0,6,17,4,27,398,56,72,6,532,0,0,0,532
11/23/2009,TPA,FL,ASO,ES,Combined TRACON& Tower with Radar,396,57,73,3,529,0,2,28,0,30,396,59,101,3,559,0,0,0,559
11/24/2009,TPA,FL,ASO,ES,Combined TRACON& Tower with Radar,406,73,62,1,542,0,3,10,0,13,406,76,72,1,555,24,0,24,579
11/25/2009,TPA,FL,ASO,ES,Combined TRACON& Tower with Radar,407,62,64,0,533,0,0,2,0,2,407,62,66,0,535,0,0,0,535
11/26/2009,TPA,FL,ASO,ES,Combined TRACON& Tower with Radar,306,43,11,0,360,0,0,20,0,20,306,43,31,0,380,0,0,0,380
11/27/2009,TPA,FL,ASO,ES,Combined TRACON& Tower with Radar,341,55,23,0,419,0,0,35,0,35,341,55,58,0,454,0,0,0,454
11/28/2009,TPA,FL,ASO,ES,Combined TRACON& Tower with Radar,398,32,32,0,462,0,1,25,0,26,398,33,57,0,488,0,0,0,488
11/29/2009,TPA,FL,ASO,ES,Combined TRACON& Tower with Radar,429,49,64,0,542,0,0,21,0,21,429,49,85,0,563,0,0,0,563
11/30/2009,TPA,FL,ASO,ES,Combined TRACON& Tower with Radar,419,63,42,3,527,0,0,39,1,40,419,63,81,4,567,0,0,0,567
12/01/2009,TPA,FL,ASO,ES,Combined TRACON& Tower with Radar,396,83,46,0,525,0,3,38,0,41,396,86,84,0,566,0,0,0,566
12/02/2009,TPA,FL,ASO,ES,Combined TRACON& Tower with Radar,387,59,33,1,480,0,1,11,0,12,387,60,44,1,492,0,0,0,492
12/03/2009,TPA,FL,ASO,ES,Combined TRACON& Tower with Radar,410,69,60,1,540,0,1,40,0,41,410,70,100,1,581,0,0,0,581
12/04/2009,TPA,FL,ASO,ES,Combined TRACON& Tower with Radar,410,81,82,3,576,0,3,12,0,15,410,84,94,3,591,0,0,0,591
12/05/2009,TPA,FL,ASO,ES,Combined TRACON& Tower with Radar,374,44,65,0,483,0,2,9,0,11,374,46,74,0,494,0,0,0,494
12/06/2009,TPA,FL,ASO,ES,Combined TRACON& Tower with Radar,410,45,88,1,544,0,0,26,0,26,410,45,114,1,570,0,0,0,570
12/07/2009,TPA,FL,ASO,ES,Combined TRACON& Tower with Radar,397,62,53,0,512,0,5,12,0,17,397,67,65,0,529,0,0,0,529
12/08/2009,TPA,FL,ASO,ES,Combined TRACON& Tower with Radar,370,75,58,0,503,0,4,31,0,35,370,79,89,0,538,0,0,0,538
12/09/2009,TPA,FL,ASO,ES,Combined TRACON& Tower with Radar,390,70,52,2,514,0,2,8,0,10,390,72,60,2,524,0,0,0,524
12/10/2009,TPA,FL,ASO,ES,Combined TRACON& Tower with Radar,414,77,61,0,552,0,5,13,0,18,414,82,74,0,570,0,0,0,570
12/11/2009,TPA,FL,ASO,ES,Combined TRACON& Tower with Radar,411,71,60,6,548,0,5,35,2,42,411,76,95,8,590,0,0,0,590
12/12/2009,TPA,FL,ASO,ES,Combined TRACON& Tower with Radar,371,39,21,2,433,0,4,24,0,28,371,43,45,2,461,0,0,0,461
12/13/2009,TPA,FL,ASO,ES,Combined TRACON& Tower with Radar,395,40,33,2,470,0,0,24,6,30,395,40,57,8,500,0,0,0,500
12/14/2009,TPA,FL,ASO,ES,Combined TRACON& Tower with Radar,392,62,67,4,525,0,7,34,1,42,392,69,101,5,567,0,0,0,567
12/15/2009,TPA,FL,ASO,ES,Combined TRACON& Tower with Radar,381,72,72,2,527,0,6,38,0,44,381,78,110,2,571,0,0,0,571
12/16/2009,TPA,FL,ASO,ES,Combined TRACON& Tower with Radar,396,67,64,0,527,0,5,31,6,42,396,72,95,6,569,0,0,0,569
12/17/2009,TPA,FL,ASO,ES,Combined TRACON& Tower with Radar,426,83,72,0,581,0,5,41,0,46,426,88,113,0,627,0,0,0,627
12/18/2009,TPA,FL,ASO,ES,Combined TRACON& Tower with Radar,432,68,50,0,550,0,3,8,0,11,432,71,58,0,561,0,0,0,561
12/19/2009,TPA,FL,ASO,ES,Combined TRACON& Tower with Radar,350,63,22,0,435,0,0,14,0,14,350,63,36,0,449,40,0,40,489
12/20/2009,TPA,FL,ASO,ES,Combined TRACON& Tower with Radar,381,49,38,1,469,0,3,26,0,29,381,52,64,1,498,0,0,0,498
12/21/2009,TPA,FL,ASO,ES,Combined TRACON& Tower with Radar,429,69,35,2,535,0,3,25,0,28,429,72,60,2,563,0,0,0,563
12/22/2009,TPA,FL,ASO,ES,Combined TRACON& Tower with Radar,444,70,48,0,562,0,3,28,0,31,444,73,76,0,593,0,0,0,593
12/23/2009,TPA,FL,ASO,ES,Combined TRACON& Tower with Radar,433,86,52,1,572,0,6,28,0,34,433,92,80,1,606,8,0,8,614
12/24/2009,TPA,FL,ASO,ES,Combined TRACON& Tower with Radar,420,64,17,4,505,0,3,20,0,23,420,67,37,4,528,0,0,0,528
12/25/2009,TPA,FL,ASO,ES,Combined TRACON& Tower with Radar,383,50,11,0,444,0,2,8,0,10,383,52,19,0,454,0,0,0,454
12/26/2009,TPA,FL,ASO,ES,Combined TRACON& Tower with Radar,413,47,43,0,503,0,2,14,0,16,413,49,57,0,519,0,0,0,519
12/27/2009,TPA,FL,ASO,ES,Combined TRACON& Tower with Radar,451,46,36,0,533,0,1,12,0,13,451,47,48,0,546,0,0,0,546
12/28/2009,TPA,FL,ASO,ES,Combined TRACON& Tower with Radar,441,61,42,0,544,0,0,31,0,31,441,61,73,0,575,0,0,0,575
12/29/2009,TPA,FL,ASO,ES,Combined TRACON& Tower with Radar,447,84,45,0,576,0,2,30,0,32,447,86,75,0,608,0,0,0,608
12/30/2009,TPA,FL,ASO,ES,Combined TRACON& Tower with Radar,436,70,46,0,552,0,5,36,0,41,436,75,82,0,593,0,0,0,593
12/31/2009,TPA,FL,ASO,ES,Combined TRACON& Tower with Radar,406,72,40,0,518,0,4,23,0,27,406,76,63,0,545,0,0,0,545
01/01/2010,TPA,FL,ASO,ES,Combined TRACON& Tower with Radar,385,66,50,0,501,0,3,5,0,8,385,69,55,0,509,0,0,0,509
01/02/2010,TPA,FL,ASO,ES,Combined TRACON& Tower with Radar,415,43,61,0,519,0,2,19,0,21,415,45,80,0,540,0,0,0,540
01/03/2010,TPA,FL,ASO,ES,Combined TRACON& Tower with Radar,440,64,57,0,561,0,2,23,0,25,440,66,80,0,586,0,0,0,586
01/04/2010,TPA,FL,ASO,ES,Combined TRACON& Tower with Radar,425,67,53,0,545,0,1,31,0,32,425,68,84,0,577,0,0,0,577
01/05/2010,TPA,FL,ASO,ES,Combined TRACON& Tower with Radar,387,67,45,0,499,0,2,22,1,25,387,69,67,1,524,0,0,0,524
01/06/2010,TPA,FL,ASO,ES,Combined TRACON& Tower with Radar,386,66,65,2,519,0,4,32,0,36,386,70,97,2,555,0,0,0,555
01/07/2010,TPA,FL,ASO,ES,Combined TRACON& Tower with Radar,407,70,53,0,530,0,4,43,0,47,407,74,96,0,577,0,0,0,577
01/08/2010,TPA,FL,ASO,ES,Combined TRACON& Tower with Radar,399,75,60,10,544,0,2,25,0,27,399,77,85,10,571,0,0,0,571
01/09/2010,TPA,FL,ASO,ES,Combined TRACON& Tower with Radar,378,36,29,0,443,0,2,18,0,20,378,38,47,0,463,0,0,0,463
01/10/2010,TPA,FL,ASO,ES,Combined TRACON& Tower with Radar,383,41,34,0,458,0,1,23,4,28,383,42,57,4,486,28,0,28,514
01/11/2010,TPA,FL,ASO,ES,Combined TRACON& Tower with Radar,407,61,54,0,522,0,7,39,0,46,407,68,93,0,568,0,0,0,568
01/12/2010,TPA,FL,ASO,ES,Combined TRACON& Tower with Radar,382,73,71,2,528,0,5,46,1,52,382,78,117,3,580,0,0,0,580
01/13/2010,TPA,FL,ASO,ES,Combined TRACON& Tower with Radar,391,70,70,0,531,0,6,52,1,59,391,76,122,1,590,0,0,0,590
01/14/2010,TPA,FL,ASO,ES,Combined TRACON& Tower with Radar,424,70,55,0,549,0,3,45,0,48,424,73,100,0,597,0,0,0,597
01/15/2010,TPA,FL,ASO,ES,Combined TRACON& Tower with Radar,415,74,52,0,541,0,4,49,1,54,415,78,101,1,595,0,0,0,595
01/16/2010,TPA,FL,ASO,ES,Combined TRACON& Tower with Radar,352,37,25,0,414,0,2,11,0,13,352,39,36,0,427,0,0,0,427
01/17/2010,TPA,FL,ASO,ES,Combined TRACON& Tower with Radar,394,41,29,0,464,0,2,11,0,13,394,43,40,0,477,0,0,0,477
01/18/2010,TPA,FL,ASO,ES,Combined TRACON& Tower with Radar,401,60,47,2,510,0,5,27,0,32,401,65,74,2,542,0,0,0,542
01/19/2010,TPA,FL,ASO,ES,Combined TRACON& Tower with Radar,382,72,45,0,499,0,5,43,0,48,382,77,88,0,547,0,0,0,547
01/20/2010,TPA,FL,ASO,ES,Combined TRACON& Tower with Radar,387,73,76,1,537,0,5,60,0,65,387,78,136,1,602,0,0,0,602
01/21/2010,TPA,FL,ASO,ES,Combined TRACON& Tower with Radar,419,70,65,7,561,0,4,21,0,25,419,74,86,7,586,0,0,0,586
01/22/2010,TPA,FL,ASO,ES,Combined TRACON& Tower with Radar,429,73,93,9,604,0,0,22,1,23,429,73,115,10,627,0,0,0,627
01/23/2010,TPA,FL,ASO,ES,Combined TRACON& Tower with Radar,347,50,32,0,429,0,0,32,0,32,347,50,64,0,461,0,0,0,461
01/24/2010,TPA,FL,ASO,ES,Combined TRACON& Tower with Radar,378,37,43,1,459,0,6,14,0,20,378,43,57,1,479,0,0,0,479
01/25/2010,TPA,FL,ASO,ES,Combined TRACON& Tower with Radar,399,65,43,0,507,0,4,26,2,32,399,69,69,2,539,0,0,0,539
01/26/2010,TPA,FL,ASO,ES,Combined TRACON& Tower with Radar,376,67,66,2,511,0,4,43,1,48,376,71,109,3,559,0,0,0,559
01/27/2010,TPA,FL,ASO,ES,Combined TRACON& Tower with Radar,389,62,55,3,509,0,2,40,2,44,389,64,95,5,553,0,0,0,553
01/28/2010,TPA,FL,ASO,ES,Combined TRACON& Tower with Radar,413,65,53,1,532,0,9,33,0,42,413,74,86,1,574,0,0,0,574
01/29/2010,TPA,FL,ASO,ES,Combined TRACON& Tower with Radar,404,75,86,4,569,0,4,50,5,59,404,79,136,9,628,0,0,0,628
01/30/2010,TPA,FL,ASO,ES,Combined TRACON& Tower with Radar,348,42,32,0,422,0,6,13,0,19,348,48,45,0,441,0,0,0,441
01/31/2010,TPA,FL,ASO,ES,Combined TRACON& Tower with Radar,401,45,33,8,487,0,1,20,0,21,401,46,53,8,508,10,0,10,518
02/01/2010,TPA,FL,ASO,ES,Combined TRACON& Tower with Radar,399,53,36,2,490,0,0,19,0,19,399,53,55,2,509,0,0,0,509
02/02/2010,TPA,FL,ASO,ES,Combined TRACON& Tower with Radar,379,75,47,0,501,0,1,16,0,17,379,76,63,0,518,0,0,0,518
02/03/2010,TPA,FL,ASO,ES,Combined TRACON& Tower with Radar,395,71,60,2,528,0,6,36,2,44,395,77,96,4,572,0,0,0,572
02/04/2010,TPA,FL,ASO,ES,Combined TRACON& Tower with Radar,417,81,61,6,565,0,5,44,4,53,417,86,105,10,618,6,0,6,624
02/05/2010,TPA,FL,ASO,ES,Combined TRACON& Tower with Radar,393,75,60,7,535,0,2,14,0,16,393,77,74,7,551,0,0,0,551
02/06/2010,TPA,FL,ASO,ES,Combined TRACON& Tower with Radar,307,37,38,3,385,0,0,18,0,18,307,37,56,3,403,0,0,0,403
02/07/2010,TPA,FL,ASO,ES,Combined TRACON& Tower with Radar,355,40,40,1,436,0,2,16,0,18,355,42,56,1,454,0,0,0,454
02/08/2010,TPA,FL,ASO,ES,Combined TRACON& Tower with Radar,392,73,68,0,533,0,6,49,1,56,392,79,117,1,589,0,0,0,589
02/09/2010,TPA,FL,ASO,ES,Combined TRACON& Tower with Radar,352,92,64,2,510,0,1,26,0,27,352,93,90,2,537,0,0,0,537
02/10/2010,TPA,FL,ASO,ES,Combined TRACON& Tower with Radar,308,74,67,2,451,0,4,36,0,40,308,78,103,2,491,0,0,0,491
02/11/2010,TPA,FL,ASO,ES,Combined TRACON& Tower with Radar,394,84,67,0,545,0,4,36,1,41,394,88,103,1,586,40,0,40,626
02/12/2010,TPA,FL,ASO,ES,Combined TRACON& Tower with Radar,422,83,68,8,581,0,2,11,0,13,422,85,79,8,594,0,0,0,594
02/13/2010,TPA,FL,ASO,ES,Combined TRACON& Tower with Radar,394,52,24,2,472,0,4,29,2,35,394,56,53,4,507,15,0,15,522
02/14/2010,TPA,FL,ASO,ES,Combined TRACON& Tower with Radar,438,41,46,1,526,0,0,22,0,22,438,41,68,1,548,0,0,0,548
02/15/2010,TPA,FL,ASO,ES,Combined TRACON& Tower with Radar,425,58,50,4,537,0,2,31,0,33,425,60,81,4,570,0,0,0,570
02/16/2010,TPA,FL,ASO,ES,Combined TRACON& Tower with Radar,422,71,54,1,548,0,5,40,0,45,422,76,94,1,593,0,0,0,593
02/17/2010,TPA,FL,ASO,ES,Combined TRACON& Tower with Radar,433,68,49,1,551,0,7,44,1,52,433,75,93,2,603,0,0,0,603
02/18/2010,TPA,FL,ASO,ES,Combined TRACON& Tower with Radar,444,69,67,1,581,0,3,47,0,50,444,72,114,1,631,0,0,0,631
02/19/2010,TPA,FL,ASO,ES,Combined TRACON& Tower with Radar,445,70,49,4,568,0,7,50,0,57,445,77,99,4,625,0,0,0,625
02/20/2010,TPA,FL,ASO,ES,Combined TRACON& Tower with Radar,397,43,37,0,477,0,4,17,0,21,397,47,54,0,498,0,0,0,498
02/21/2010,TPA,FL,ASO,ES,Combined TRACON& Tower with Radar,431,51,35,2,519,0,1,22,0,23,431,52,57,2,542,0,0,0,542
02/22/2010,TPA,FL,ASO,ES,Combined TRACON& Tower with Radar,437,55,40,0,532,0,4,38,0,42,437,59,78,0,574,0,0,0,574
02/23/2010,TPA,FL,ASO,ES,Combined TRACON& Tower with Radar,423,64,57,6,550,0,7,26,0,33,423,71,83,6,583,0,0,0,583
02/24/2010,TPA,FL,ASO,ES,Combined TRACON& Tower with Radar,421,67,60,7,555,0,4,10,0,14,421,71,70,7,569,0,0,0,569
02/25/2010,TPA,FL,ASO,ES,Combined TRACON& Tower with Radar,431,75,41,5,552,0,7,29,1,37,431,82,70,6,589,0,0,0,589
02/26/2010,TPA,FL,ASO,ES,Combined TRACON& Tower with Radar,396,67,44,1,508,0,2,37,0,39,396,69,81,1,547,0,0,0,547
02/27/2010,TPA,FL,ASO,ES,Combined TRACON& Tower with Radar,394,45,27,2,468,0,2,20,0,22,394,47,47,2,490,0,0,0,490
02/28/2010,TPA,FL,ASO,ES,Combined TRACON& Tower with Radar,432,41,30,2,505,0,6,28,0,34,432,47,58,2,539,0,0,0,539
03/01/2010,TPA,FL,ASO,ES,Combined TRACON& Tower with Radar,439,66,60,4,569,0,0,33,0,33,439,66,93,4,602,0,0,0,602
03/02/2010,TPA,FL,ASO,ES,Combined TRACON& Tower with Radar,412,64,49,3,528,0,2,6,0,8,412,66,55,3,536,0,0,0,536
03/03/2010,TPA,FL,ASO,ES,Combined TRACON& Tower with Radar,436,74,47,1,558,0,5,25,3,33,436,79,72,4,591,0,0,0,591
03/04/2010,TPA,FL,ASO,ES,Combined TRACON& Tower with Radar,454,63,64,0,581,0,5,52,2,59,454,68,116,2,640,0,0,0,640
03/05/2010,TPA,FL,ASO,ES,Combined TRACON& Tower with Radar,447,78,79,1,605,0,4,38,0,42,447,82,117,1,647,0,0,0,647
03/06/2010,TPA,FL,ASO,ES,Combined TRACON& Tower with Radar,411,43,27,2,483,0,1,21,0,22,411,44,48,2,505,0,0,0,505
03/07/2010,TPA,FL,ASO,ES,Combined TRACON& Tower with Radar,430,43,44,0,517,0,0,14,0,14,430,43,58,0,531,0,0,0,531
03/08/2010,TPA,FL,ASO,ES,Combined TRACON& Tower with Radar,444,64,33,1,542,0,3,44,0,47,444,67,77,1,589,0,0,0,589
03/09/2010,TPA,FL,ASO,ES,Combined TRACON& Tower with Radar,424,66,54,1,545,0,7,33,1,41,424,73,87,2,586,0,0,0,586
03/10/2010,TPA,FL,ASO,ES,Combined TRACON& Tower with Radar,427,60,53,1,541,0,7,39,0,46,427,67,92,1,587,0,0,0,587
03/11/2010,TPA,FL,ASO,ES,Combined TRACON& Tower with Radar,444,64,48,0,556,0,0,7,0,7,444,64,55,0,563,0,0,0,563
03/12/2010,TPA,FL,ASO,ES,Combined TRACON& Tower with Radar,460,76,39,1,576,0,1,7,0,8,460,77,46,1,584,0,0,0,584
03/13/2010,TPA,FL,ASO,ES,Combined TRACON& Tower with Radar,416,49,33,1,499,0,2,24,0,26,416,51,57,1,525,0,0,0,525
03/14/2010,TPA,FL,ASO,ES,Combined TRACON& Tower with Radar,444,46,51,0,541,0,4,25,0,29,444,50,76,0,570,0,0,0,570
03/15/2010,TPA,FL,ASO,ES,Combined TRACON& Tower with Radar,463,66,64,8,601,0,3,30,3,36,463,69,94,11,637,0,0,0,637
03/16/2010,TPA,FL,ASO,ES,Combined TRACON& Tower with Radar,447,70,56,3,576,0,4,34,0,38,447,74,90,3,614,20,0,20,634
03/17/2010,TPA,FL,ASO,ES,Combined TRACON& Tower with Radar,449,76,55,3,583,0,2,27,2,31,449,78,82,5,614,26,0,26,640
03/18/2010,TPA,FL,ASO,ES,Combined TRACON& Tower with Radar,477,67,66,6,616,0,5,20,3,28,477,72,86,9,644,0,0,0,644
03/19/2010,TPA,FL,ASO,ES,Combined TRACON& Tower with Radar,463,68,47,9,587,0,9,36,2,47,463,77,83,11,634,0,0,0,634
03/20/2010,TPA,FL,ASO,ES,Combined TRACON& Tower with Radar,460,55,47,2,564,0,3,22,0,25,460,58,69,2,589,0,0,0,589
03/21/2010,TPA,FL,ASO,ES,Combined TRACON& Tower with Radar,457,48,55,5,565,0,1,9,0,10,457,49,64,5,575,0,0,0,575
03/22/2010,TPA,FL,ASO,ES,Combined TRACON& Tower with Radar,464,67,64,2,597,0,7,42,0,49,464,74,106,2,646,0,0,0,646
03/23/2010,TPA,FL,ASO,ES,Combined TRACON& Tower with Radar,448,73,51,0,572,0,6,33,0,39,448,79,84,0,611,0,0,0,611
03/24/2010,TPA,FL,ASO,ES,Combined TRACON& Tower with Radar,449,71,60,0,580,0,4,31,0,35,449,75,91,0,615,0,0,0,615
03/25/2010,TPA,FL,ASO,ES,Combined TRACON& Tower with Radar,463,67,62,2,594,0,5,29,0,34,463,72,91,2,628,0,0,0,628
03/26/2010,TPA,FL,ASO,ES,Combined TRACON& Tower with Radar,476,85,83,2,646,0,0,17,1,18,476,85,100,3,664,0,0,0,664
03/27/2010,TPA,FL,ASO,ES,Combined TRACON& Tower with Radar,458,46,31,0,535,0,1,29,2,32,458,47,60,2,567,0,0,0,567
03/28/2010,TPA,FL,ASO,ES,Combined TRACON& Tower with Radar,453,42,41,0,536,0,0,7,0,7,453,42,48,0,543,0,0,0,543
03/29/2010,TPA,FL,ASO,ES,Combined TRACON& Tower with Radar,460,51,54,1,566,0,5,13,0,18,460,56,67,1,584,0,0,0,584
03/30/2010,TPA,FL,ASO,ES,Combined TRACON& Tower with Radar,453,72,66,3,594,0,5,38,2,45,453,77,104,5,639,0,0,0,639
03/31/2010,TPA,FL,ASO,ES,Combined TRACON& Tower with Radar,455,71,38,0,564,0,10,33,0,43,455,81,71,0,607,0,0,0,607
04/01/2010,TPA,FL,ASO,ES,Combined TRACON& Tower with Radar,480,64,44,6,594,0,5,43,0,48,480,69,87,6,642,0,0,0,642
04/02/2010,TPA,FL,ASO,ES,Combined TRACON& Tower with Radar,467,75,40,0,582,0,3,65,0,68,467,78,105,0,650,0,0,0,650
04/03/2010,TPA,FL,ASO,ES,Combined TRACON& Tower with Radar,458,44,26,0,528,0,2,23,0,25,458,46,49,0,553,20,0,20,573
04/04/2010,TPA,FL,ASO,ES,Combined TRACON& Tower with Radar,452,35,23,0,510,0,0,21,0,21,452,35,44,0,531,0,0,0,531
04/05/2010,TPA,FL,ASO,ES,Combined TRACON& Tower with Radar,457,52,59,0,568,0,5,30,0,35,457,57,89,0,603,0,0,0,603
04/06/2010,TPA,FL,ASO,ES,Combined TRACON& Tower with Radar,444,78,53,2,577,0,2,34,0,36,444,80,87,2,613,0,0,0,613
04/07/2010,TPA,FL,ASO,ES,Combined TRACON& Tower with Radar,433,70,44,2,549,0,8,42,0,50,433,78,86,2,599,0,0,0,599
04/08/2010,TPA,FL,ASO,ES,Combined TRACON& Tower with Radar,457,72,75,2,606,0,7,25,0,32,457,79,100,2,638,0,0,0,638
04/09/2010,TPA,FL,ASO,ES,Combined TRACON& Tower with Radar,451,68,74,0,593,0,6,31,0,37,451,74,105,0,630,40,0,40,670
04/10/2010,TPA,FL,ASO,ES,Combined TRACON& Tower with Radar,456,45,39,0,540,0,3,28,0,31,456,48,67,0,571,22,0,22,593
04/11/2010,TPA,FL,ASO,ES,Combined TRACON& Tower with Radar,441,42,50,0,533,0,1,20,0,21,441,43,70,0,554,0,0,0,554
04/12/2010,TPA,FL,ASO,ES,Combined TRACON& Tower with Radar,443,58,35,0,536,0,4,23,1,28,443,62,58,1,564,0,0,0,564
04/13/2010,TPA,FL,ASO,ES,Combined TRACON& Tower with Radar,428,76,37,1,542,0,7,32,1,40,428,83,69,2,582,0,0,0,582
04/14/2010,TPA,FL,ASO,ES,Combined TRACON& Tower with Radar,427,70,56,7,560,0,6,34,0,40,427,76,90,7,600,0,0,0,600
04/15/2010,TPA,FL,ASO,ES,Combined TRACON& Tower with Radar,445,70,75,2,592,0,2,45,0,47,445,72,120,2,639,0,0,0,639
04/16/2010,TPA,FL,ASO,ES,Combined TRACON& Tower with Radar,444,68,68,2,582,0,5,35,0,40,444,73,103,2,622,0,0,0,622
04/17/2010,TPA,FL,ASO,ES,Combined TRACON& Tower with Radar,441,44,46,0,531,0,4,23,0,27,441,48,69,0,558,0,0,0,558
04/18/2010,TPA,FL,ASO,ES,Combined TRACON& Tower with Radar,432,46,68,0,546,0,2,8,0,10,432,48,76,0,556,0,0,0,556
04/19/2010,TPA,FL,ASO,ES,Combined TRACON& Tower with Radar,436,56,55,2,549,0,1,25,2,28,436,57,80,4,577,50,0,50,627
04/20/2010,TPA,FL,ASO,ES,Combined TRACON& Tower with Radar,427,76,52,0,555,0,6,31,0,37,427,82,83,0,592,0,0,0,592
04/21/2010,TPA,FL,ASO,ES,Combined TRACON& Tower with Radar,427,66,68,0,561,0,2,32,0,34,427,68,100,0,595,56,0,56,651
04/22/2010,TPA,FL,ASO,ES,Combined TRACON& Tower with Radar,440,72,50,2,564,0,6,29,5,40,440,78,79,7,604,0,0,0,604
04/23/2010,TPA,FL,ASO,ES,Combined TRACON& Tower with Radar,443,70,56,5,574,0,6,30,0,36,443,76,86,5,610,0,0,0,610
04/24/2010,TPA,FL,ASO,ES,Combined TRACON& Tower with Radar,438,38,22,0,498,0,2,23,2,27,438,40,45,2,525,0,0,0,525
04/25/2010,TPA,FL,ASO,ES,Combined TRACON& Tower with Radar,394,40,25,2,461,0,3,11,0,14,394,43,36,2,475,0,0,0,475
04/26/2010,TPA,FL,ASO,ES,Combined TRACON& Tower with Radar,479,51,50,7,587,0,3,14,1,18,479,54,64,8,605,0,0,0,605
04/27/2010,TPA,FL,ASO,ES,Combined TRACON& Tower with Radar,421,75,46,0,542,0,6,28,0,34,421,81,74,0,576,0,0,0,576
04/28/2010,TPA,FL,ASO,ES,Combined TRACON& Tower with Radar,422,66,54,2,544,0,4,35,1,40,422,70,89,3,584,0,0,0,584
04/29/2010,TPA,FL,ASO,ES,Combined TRACON& Tower with Radar,441,65,78,1,585,0,4,50,2,56,441,69,128,3,641,0,0,0,641
04/30/2010,TPA,FL,ASO,ES,Combined TRACON& Tower with Radar,433,71,60,2,566,0,5,21,0,26,433,76,81,2,592,0,0,0,592
05/01/2010,TPA,FL,ASO,ES,Combined TRACON& Tower with Radar,428,35,27,0,490,0,4,24,0,28,428,39,51,0,518,0,0,0,518
05/02/2010,TPA,FL,ASO,ES,Combined TRACON& Tower with Radar,401,52,41,0,494,0,1,16,0,17,401,53,57,0,511,0,0,0,511
05/03/2010,TPA,FL,ASO,ES,Combined TRACON& Tower with Radar,413,58,47,0,518,0,5,23,0,28,413,63,70,0,546,0,0,0,546
05/04/2010,TPA,FL,ASO,ES,Combined TRACON& Tower with Radar,406,63,59,0,528,0,3,19,0,22,406,66,78,0,550,0,0,0,550
05/05/2010,TPA,FL,ASO,ES,Combined TRACON& Tower with Radar,418,76,36,0,530,0,5,24,0,29,418,81,60,0,559,0,0,0,559
05/06/2010,TPA,FL,ASO,ES,Combined TRACON& Tower with Radar,420,76,73,0,569,0,2,34,0,36,420,78,107,0,605,0,0,0,605
05/07/2010,TPA,FL,ASO,ES,Combined TRACON& Tower with Radar,422,75,70,0,567,0,7,39,0,46,422,82,109,0,613,0,0,0,613
05/08/2010,TPA,FL,ASO,ES,Combined TRACON& Tower with Radar,419,37,24,0,480,0,4,15,0,19,419,41,39,0,499,0,0,0,499
05/09/2010,TPA,FL,ASO,ES,Combined TRACON& Tower with Radar,396,31,36,0,463,0,0,14,0,14,396,31,50,0,477,0,0,0,477
05/10/2010,TPA,FL,ASO,ES,Combined TRACON& Tower with Radar,412,58,48,4,522,0,1,27,1,29,412,59,75,5,551,0,0,0,551
05/11/2010,TPA,FL,ASO,ES,Combined TRACON& Tower with Radar,399,66,45,1,511,0,6,27,0,33,399,72,72,1,544,12,0,12,556
05/12/2010,TPA,FL,ASO,ES,Combined TRACON& Tower with Radar,402,73,56,3,534,0,3,40,0,43,402,76,96,3,577,0,0,0,577
05/13/2010,TPA,FL,ASO,ES,Combined TRACON& Tower with Radar,410,72,54,0,536,0,1,43,3,47,410,73,97,3,583,0,0,0,583
05/14/2010,TPA,FL,ASO,ES,Combined TRACON& Tower with Radar,394,69,63,3,529,0,4,37,4,45,394,73,100,7,574,0,0,0,574
05/15/2010,TPA,FL,ASO,ES,Combined TRACON& Tower with Radar,410,32,19,0,461,0,3,19,0,22,410,35,38,0,483,0,0,0,483
05/16/2010,TPA,FL,ASO,ES,Combined TRACON& Tower with Radar,391,32,25,0,448,0,3,11,1,15,391,35,36,1,463,0,0,0,463
05/17/2010,TPA,FL,ASO,ES,Combined TRACON& Tower with Radar,419,58,42,35,554,0,4,17,0,21,419,62,59,35,575,0,0,0,575
05/18/2010,TPA,FL,ASO,ES,Combined TRACON& Tower with Radar,396,67,33,6,502,0,8,33,0,41,396,75,66,6,543,0,0,0,543
05/19/2010,TPA,FL,ASO,ES,Combined TRACON& Tower with Radar,415,62,56,2,535,0,3,34,0,37,415,65,90,2,572,24,0,24,596
05/20/2010,TPA,FL,ASO,ES,Combined TRACON& Tower with Radar,402,66,48,21,537,0,4,23,0,27,402,70,71,21,564,0,0,0,564
05/21/2010,TPA,FL,ASO,ES,Combined TRACON& Tower with Radar,410,68,52,17,547,0,7,38,0,45,410,75,90,17,592,0,0,0,592
05/22/2010,TPA,FL,ASO,ES,Combined TRACON& Tower with Radar,409,35,28,0,472,0,1,19,0,20,409,36,47,0,492,0,0,0,492
05/23/2010,TPA,FL,ASO,ES,Combined TRACON& Tower with Radar,392,40,22,0,454,0,1,15,0,16,392,41,37,0,470,0,0,0,470
05/24/2010,TPA,FL,ASO,ES,Combined TRACON& Tower with Radar,406,57,26,0,489,0,4,29,0,33,406,61,55,0,522,0,0,0,522
05/25/2010,TPA,FL,ASO,ES,Combined TRACON& Tower with Radar,396,69,67,0,532,0,5,24,1,30,396,74,91,1,562,0,0,0,562
05/26/2010,TPA,FL,ASO,ES,Combined TRACON& Tower with Radar,394,70,46,0,510,0,4,40,0,44,394,74,86,0,554,10,0,10,564
05/27/2010,TPA,FL,ASO,ES,Combined TRACON& Tower with Radar,400,66,46,0,512,0,7,25,0,32,400,73,71,0,544,0,0,0,544
05/28/2010,TPA,FL,ASO,ES,Combined TRACON& Tower with Radar,415,60,56,0,531,0,8,35,0,43,415,68,91,0,574,0,0,0,574
05/29/2010,TPA,FL,ASO,ES,Combined TRACON& Tower with Radar,400,39,20,0,459,0,2,11,0,13,400,41,31,0,472,0,0,0,472
05/30/2010,TPA,FL,ASO,ES,Combined TRACON& Tower with Radar,346,44,16,0,406,0,0,5,0,5,346,44,21,0,411,0,0,0,411
05/31/2010,TPA,FL,ASO,ES,Combined TRACON& Tower with Radar,372,45,22,0,439,0,2,18,0,20,372,47,40,0,459,0,0,0,459
06/01/2010,TPA,FL,ASO,ES,Combined TRACON& Tower with Radar,397,56,39,3,495,0,6,31,1,38,397,62,70,4,533,0,0,0,533
06/02/2010,TPA,FL,ASO,ES,Combined TRACON& Tower with Radar,393,58,47,2,500,0,6,38,0,44,393,64,85,2,544,14,0,14,558
06/03/2010,TPA,FL,ASO,ES,Combined TRACON& Tower with Radar,407,64,33,0,504,0,3,29,0,32,407,67,62,0,536,0,0,0,536
06/04/2010,TPA,FL,ASO,ES,Combined TRACON& Tower with Radar,418,66,24,1,509,0,9,24,0,33,418,75,48,1,542,0,0,0,542
06/05/2010,TPA,FL,ASO,ES,Combined TRACON& Tower with Radar,393,35,22,6,456,0,4,24,1,29,393,39,46,7,485,0,0,0,485
06/06/2010,TPA,FL,ASO,ES,Combined TRACON& Tower with Radar,382,29,29,1,441,0,1,58,0,59,382,30,87,1,500,0,0,0,500
06/07/2010,TPA,FL,ASO,ES,Combined TRACON& Tower with Radar,408,62,43,2,515,0,3,20,1,24,408,65,63,3,539,0,0,0,539
06/08/2010,TPA,FL,ASO,ES,Combined TRACON& Tower with Radar,400,64,35,0,499,0,3,23,0,26,400,67,58,0,525,0,0,0,525
06/09/2010,TPA,FL,ASO,ES,Combined TRACON& Tower with Radar,397,58,52,1,508,0,9,46,0,55,397,67,98,1,563,0,0,0,563
06/10/2010,TPA,FL,ASO,ES,Combined TRACON& Tower with Radar,394,69,45,0,508,0,7,30,0,37,394,76,75,0,545,0,0,0,545
06/11/2010,TPA,FL,ASO,ES,Combined TRACON& Tower with Radar,405,67,30,0,502,0,5,23,0,28,405,72,53,0,530,0,0,0,530
06/12/2010,TPA,FL,ASO,ES,Combined TRACON& Tower with Radar,389,30,29,0,448,0,3,19,0,22,389,33,48,0,470,30,0,30,500
06/13/2010,TPA,FL,ASO,ES,Combined TRACON& Tower with Radar,376,39,33,0,448,0,0,21,0,21,376,39,54,0,469,0,0,0,469
06/14/2010,TPA,FL,ASO,ES,Combined TRACON& Tower with Radar,395,56,48,0,499,0,4,37,1,42,395,60,85,1,541,0,0,0,541
06/15/2010,TPA,FL,ASO,ES,Combined TRACON& Tower with Radar,377,66,55,0,498,0,4,25,0,29,377,70,80,0,527,0,0,0,527
06/16/2010,TPA,FL,ASO,ES,Combined TRACON& Tower with Radar,409,59,72,0,540,0,8,27,0,35,409,67,99,0,575,0,0,0,575
06/17/2010,TPA,FL,ASO,ES,Combined TRACON& Tower with Radar,387,61,48,0,496,0,6,40,0,46,387,67,88,0,542,4,0,4,546
06/18/2010,TPA,FL,ASO,ES,Combined TRACON& Tower with Radar,402,66,64,1,533,0,7,22,0,29,402,73,86,1,562,0,0,0,562
06/19/2010,TPA,FL,ASO,ES,Combined TRACON& Tower with Radar,393,33,21,0,447,0,5,16,0,21,393,38,37,0,468,0,0,0,468
06/20/2010,TPA,FL,ASO,ES,Combined TRACON& Tower with Radar,387,37,28,0,452,0,0,14,0,14,387,37,42,0,466,0,0,0,466
06/21/2010,TPA,FL,ASO,ES,Combined TRACON& Tower with Radar,394,54,37,3,488,0,3,16,1,20,394,57,53,4,508,0,0,0,508
06/22/2010,TPA,FL,ASO,ES,Combined TRACON& Tower with Radar,388,66,46,0,500,1,9,30,0,40,389,75,76,0,540,0,0,0,540
06/23/2010,TPA,FL,ASO,ES,Combined TRACON& Tower with Radar,401,64,52,0,517,0,7,26,3,36,401,71,78,3,553,10,0,10,563
06/24/2010,TPA,FL,ASO,ES,Combined TRACON& Tower with Radar,383,58,52,0,493,0,7,35,0,42,383,65,87,0,535,0,0,0,535
06/25/2010,TPA,FL,ASO,ES,Combined TRACON& Tower with Radar,412,63,50,2,527,0,9,30,0,39,412,72,80,2,566,0,0,0,566
06/26/2010,TPA,FL,ASO,ES,Combined TRACON& Tower with Radar,394,34,26,0,454,0,4,18,0,22,394,38,44,0,476,0,0,0,476
06/27/2010,TPA,FL,ASO,ES,Combined TRACON& Tower with Radar,379,32,25,0,436,0,2,17,0,19,379,34,42,0,455,0,0,0,455
06/28/2010,TPA,FL,ASO,ES,Combined TRACON& Tower with Radar,390,58,32,1,481,0,6,18,0,24,390,64,50,1,505,0,0,0,505
06/29/2010,TPA,FL,ASO,ES,Combined TRACON& Tower with Radar,401,57,46,1,505,0,10,46,0,56,401,67,92,1,561,0,0,0,561
06/30/2010,TPA,FL,ASO,ES,Combined TRACON& Tower with Radar,399,68,68,0,535,0,11,33,0,44,399,79,101,0,579,0,0,0,579
07/01/2010,TPA,FL,ASO,ES,Combined TRACON& Tower with Radar,406,76,62,0,544,0,12,33,0,45,406,88,95,0,589,0,0,0,589
07/02/2010,TPA,FL,ASO,ES,Combined TRACON& Tower with Radar,403,64,42,0,509,0,5,22,0,27,403,69,64,0,536,0,0,0,536
07/03/2010,TPA,FL,ASO,ES,Combined TRACON& Tower with Radar,398,27,20,0,445,0,4,24,0,28,398,31,44,0,473,0,0,0,473
07/04/2010,TPA,FL,ASO,ES,Combined TRACON& Tower with Radar,328,25,12,0,365,0,2,4,0,6,328,27,16,0,371,0,0,0,371
07/05/2010,TPA,FL,ASO,ES,Combined TRACON& Tower with Radar,374,41,35,2,452,0,0,9,0,9,374,41,44,2,461,0,0,0,461
07/06/2010,TPA,FL,ASO,ES,Combined TRACON& Tower with Radar,384,60,36,1,481,0,5,19,0,24,384,65,55,1,505,0,0,0,505
07/07/2010,TPA,FL,ASO,ES,Combined TRACON& Tower with Radar,404,63,28,3,498,0,8,40,0,48,404,71,68,3,546,40,0,40,586
07/08/2010,TPA,FL,ASO,ES,Combined TRACON& Tower with Radar,395,62,35,2,494,0,6,33,0,39,395,68,68,2,533,0,0,0,533
07/09/2010,TPA,FL,ASO,ES,Combined TRACON& Tower with Radar,401,64,23,5,493,0,9,22,1,32,401,73,45,6,525,20,0,20,545
07/10/2010,TPA,FL,ASO,ES,Combined TRACON& Tower with Radar,404,29,22,0,455,0,5,23,0,28,404,34,45,0,483,0,0,0,483
07/11/2010,TPA,FL,ASO,ES,Combined TRACON& Tower with Radar,390,37,41,1,469,0,2,23,0,25,390,39,64,1,494,0,0,0,494
07/12/2010,TPA,FL,ASO,ES,Combined TRACON& Tower with Radar,382,54,25,1,462,0,2,35,0,37,382,56,60,1,499,0,0,0,499
07/13/2010,TPA,FL,ASO,ES,Combined TRACON& Tower with Radar,384,60,36,0,480,0,7,22,0,29,384,67,58,0,509,0,0,0,509
07/14/2010,TPA,FL,ASO,ES,Combined TRACON& Tower with Radar,403,60,45,2,510,0,10,24,0,34,403,70,69,2,544,0,0,0,544
07/15/2010,TPA,FL,ASO,ES,Combined TRACON& Tower with Radar,406,75,40,0,521,0,5,14,0,19,406,80,54,0,540,0,0,0,540
07/16/2010,TPA,FL,ASO,ES,Combined TRACON& Tower with Radar,395,68,45,2,510,0,4,16,0,20,395,72,61,2,530,0,0,0,530
07/17/2010,TPA,FL,ASO,ES,Combined TRACON& Tower with Radar,399,41,21,0,461,0,4,15,5,24,399,45,36,5,485,0,0,0,485
07/18/2010,TPA,FL,ASO,ES,Combined TRACON& Tower with Radar,382,30,38,0,450,0,2,13,0,15,382,32,51,0,465,0,0,0,465
07/19/2010,TPA,FL,ASO,ES,Combined TRACON& Tower with Radar,394,60,41,0,495,0,1,15,0,16,394,61,56,0,511,0,0,0,511
07/20/2010,TPA,FL,ASO,ES,Combined TRACON& Tower with Radar,405,72,25,0,502,0,3,22,0,25,405,75,47,0,527,0,0,0,527
07/21/2010,TPA,FL,ASO,ES,Combined TRACON& Tower with Radar,407,66,47,1,521,0,11,30,0,41,407,77,77,1,562,0,0,0,562
07/22/2010,TPA,FL,ASO,ES,Combined TRACON& Tower with Radar,393,62,39,0,494,0,14,39,0,53,393,76,78,0,547,0,0,0,547
07/23/2010,TPA,FL,ASO,ES,Combined TRACON& Tower with Radar,392,67,48,0,507,0,3,18,0,21,392,70,66,0,528,0,0,0,528
07/24/2010,TPA,FL,ASO,ES,Combined TRACON& Tower with Radar,395,33,26,3,457,0,2,14,0,16,395,35,40,3,473,0,0,0,473
07/25/2010,TPA,FL,ASO,ES,Combined TRACON& Tower with Radar,384,44,25,1,454,0,0,16,2,18,384,44,41,3,472,0,0,0,472
07/26/2010,TPA,FL,ASO,ES,Combined TRACON& Tower with Radar,393,55,29,2,479,0,1,21,0,22,393,56,50,2,501,0,0,0,501
07/27/2010,TPA,FL,ASO,ES,Combined TRACON& Tower with Radar,395,67,37,1,500,0,5,31,0,36,395,72,68,1,536,0,0,0,536
07/28/2010,TPA,FL,ASO,ES,Combined TRACON& Tower with Radar,409,58,36,0,503,0,9,20,0,29,409,67,56,0,532,0,0,0,532
07/29/2010,TPA,FL,ASO,ES,Combined TRACON& Tower with Radar,394,70,37,0,501,0,7,27,0,34,394,77,64,0,535,0,0,0,535
07/30/2010,TPA,FL,ASO,ES,Combined TRACON& Tower with Radar,415,72,34,6,527,0,9,20,1,30,415,81,54,7,557,0,0,0,557
07/31/2010,TPA,FL,ASO,ES,Combined TRACON& Tower with Radar,398,38,22,1,459,0,4,26,0,30,398,42,48,1,489,0,0,0,489
08/01/2010,TPA,FL,ASO,ES,Combined TRACON& Tower with Radar,398,37,29,8,472,0,2,14,0,16,398,39,43,8,488,0,0,0,488
08/02/2010,TPA,FL,ASO,ES,Combined TRACON& Tower with Radar,399,56,40,0,495,0,2,23,0,25,399,58,63,0,520,0,0,0,520
08/03/2010,TPA,FL,ASO,ES,Combined TRACON& Tower with Radar,394,59,41,2,496,0,10,29,0,39,394,69,70,2,535,24,0,24,559
08/04/2010,TPA,FL,ASO,ES,Combined TRACON& Tower with Radar,401,59,50,4,514,0,5,29,0,34,401,64,79,4,548,0,0,0,548
08/05/2010,TPA,FL,ASO,ES,Combined TRACON& Tower with Radar,400,65,68,0,533,0,14,18,0,32,400,79,86,0,565,0,0,0,565
08/06/2010,TPA,FL,ASO,ES,Combined TRACON& Tower with Radar,400,61,35,0,496,0,7,27,0,34,400,68,62,0,530,0,0,0,530
08/07/2010,TPA,FL,ASO,ES,Combined TRACON& Tower with Radar,394,34,31,2,461,0,3,17,0,20,394,37,48,2,481,32,0,32,513
08/08/2010,TPA,FL,ASO,ES,Combined TRACON& Tower with Radar,388,46,22,1,457,0,1,16,0,17,388,47,38,1,474,0,0,0,474
08/09/2010,TPA,FL,ASO,ES,Combined TRACON& Tower with Radar,397,59,28,0,484,0,2,14,0,16,397,61,42,0,500,0,0,0,500
08/10/2010,TPA,FL,ASO,ES,Combined TRACON& Tower with Radar,394,61,35,1,491,0,3,21,0,24,394,64,56,1,515,0,0,0,515
08/11/2010,TPA,FL,ASO,ES,Combined TRACON& Tower with Radar,404,70,40,0,514,0,2,14,0,16,404,72,54,0,530,0,0,0,530
08/12/2010,TPA,FL,ASO,ES,Combined TRACON& Tower with Radar,398,69,34,2,503,0,7,30,0,37,398,76,64,2,540,0,0,0,540
08/13/2010,TPA,FL,ASO,ES,Combined TRACON& Tower with Radar,405,64,42,0,511,0,8,26,0,34,405,72,68,0,545,0,0,0,545
08/14/2010,TPA,FL,ASO,ES,Combined TRACON& Tower with Radar,390,33,10,0,433,0,2,28,0,30,390,35,38,0,463,0,0,0,463
08/15/2010,TPA,FL,ASO,ES,Combined TRACON& Tower with Radar,366,41,23,0,430,0,2,14,0,16,366,43,37,0,446,0,0,0,446
08/16/2010,TPA,FL,ASO,ES,Combined TRACON& Tower with Radar,382,63,58,0,503,0,3,24,2,29,382,66,82,2,532,0,0,0,532
08/17/2010,TPA,FL,ASO,ES,Combined TRACON& Tower with Radar,368,69,35,0,472,0,3,21,0,24,368,72,56,0,496,0,0,0,496
08/18/2010,TPA,FL,ASO,ES,Combined TRACON& Tower with Radar,371,72,38,1,482,0,3,34,5,42,371,75,72,6,524,0,0,0,524
08/19/2010,TPA,FL,ASO,ES,Combined TRACON& Tower with Radar,378,60,23,0,461,0,8,35,0,43,378,68,58,0,504,0,0,0,504
08/20/2010,TPA,FL,ASO,ES,Combined TRACON& Tower with Radar,378,70,32,2,482,0,6,25,0,31,378,76,57,2,513,0,0,0,513
08/21/2010,TPA,FL,ASO,ES,Combined TRACON& Tower with Radar,358,41,24,0,423,0,5,12,0,17,358,46,36,0,440,0,0,0,440
08/22/2010,TPA,FL,ASO,ES,Combined TRACON& Tower with Radar,347,46,30,0,423,0,3,5,0,8,347,49,35,0,431,0,0,0,431
08/23/2010,TPA,FL,ASO,ES,Combined TRACON& Tower with Radar,376,60,26,0,462,0,0,6,0,6,376,60,32,0,468,0,0,0,468
08/24/2010,TPA,FL,ASO,ES,Combined TRACON& Tower with Radar,367,77,40,2,486,0,1,10,0,11,367,78,50,2,497,0,0,0,497
08/25/2010,TPA,FL,ASO,ES,Combined TRACON& Tower with Radar,371,64,40,0,475,0,4,37,0,41,371,68,77,0,516,0,0,0,516
08/26/2010,TPA,FL,ASO,ES,Combined TRACON& Tower with Radar,373,66,38,0,477,1,5,33,0,39,374,71,71,0,516,0,0,0,516
08/27/2010,TPA,FL,ASO,ES,Combined TRACON& Tower with Radar,375,68,38,1,482,0,3,41,0,44,375,71,79,1,526,0,0,0,526
08/28/2010,TPA,FL,ASO,ES,Combined TRACON& Tower with Radar,341,38,32,0,411,0,2,20,0,22,341,40,52,0,433,0,0,0,433
08/29/2010,TPA,FL,ASO,ES,Combined TRACON& Tower with Radar,350,37,23,1,411,0,2,20,0,22,350,39,43,1,433,0,0,0,433
08/30/2010,TPA,FL,ASO,ES,Combined TRACON& Tower with Radar,365,60,34,0,459,0,1,32,0,33,365,61,66,0,492,0,0,0,492
08/31/2010,TPA,FL,ASO,ES,Combined TRACON& Tower with Radar,363,81,41,0,485,0,11,32,1,44,363,92,73,1,529,0,0,0,529
09/01/2010,TPA,FL,ASO,ES,Combined TRACON& Tower with Radar,368,62,63,0,493,0,11,38,0,49,368,73,101,0,542,20,0,20,562
09/02/2010,TPA,FL,ASO,ES,Combined TRACON& Tower with Radar,374,63,45,1,483,0,11,55,3,69,374,74,100,4,552,0,0,0,552
09/03/2010,TPA,FL,ASO,ES,Combined TRACON& Tower with Radar,377,68,37,0,482,0,7,41,1,49,377,75,78,1,531,0,0,0,531
09/04/2010,TPA,FL,ASO,ES,Combined TRACON& Tower with Radar,317,27,13,2,359,0,4,16,0,20,317,31,29,2,379,0,0,0,379
09/05/2010,TPA,FL,ASO,ES,Combined TRACON& Tower with Radar,296,34,13,3,346,0,2,9,0,11,296,36,22,3,357,0,0,0,357
09/06/2010,TPA,FL,ASO,ES,Combined TRACON& Tower with Radar,351,39,34,0,424,0,0,18,0,18,351,39,52,0,442,0,0,0,442
09/07/2010,TPA,FL,ASO,ES,Combined TRACON& Tower with Radar,353,63,48,0,464,0,2,17,0,19,353,65,65,0,483,0,0,0,483
09/08/2010,TPA,FL,ASO,ES,Combined TRACON& Tower with Radar,351,61,47,0,459,0,5,33,0,38,351,66,80,0,497,0,0,0,497
09/09/2010,TPA,FL,ASO,ES,Combined TRACON& Tower with Radar,371,63,49,0,483,0,8,25,0,33,371,71,74,0,516,0,0,0,516
09/10/2010,TPA,FL,ASO,ES,Combined TRACON& Tower with Radar,374,61,40,0,475,0,5,36,0,41,374,66,76,0,516,0,0,0,516
09/11/2010,TPA,FL,ASO,ES,Combined TRACON& Tower with Radar,322,30,24,0,376,0,4,29,0,33,322,34,53,0,409,0,0,0,409
09/12/2010,TPA,FL,ASO,ES,Combined TRACON& Tower with Radar,339,38,34,0,411,0,1,19,0,20,339,39,53,0,431,0,0,0,431
09/13/2010,TPA,FL,ASO,ES,Combined TRACON& Tower with Radar,367,59,32,0,458,0,3,24,0,27,367,62,56,0,485,0,0,0,485
09/14/2010,TPA,FL,ASO,ES,Combined TRACON& Tower with Radar,347,75,38,0,460,0,7,31,0,38,347,82,69,0,498,0,0,0,498
09/15/2010,TPA,FL,ASO,ES,Combined TRACON& Tower with Radar,353,66,43,1,463,0,12,36,1,49,353,78,79,2,512,0,0,0,512
09/16/2010,TPA,FL,ASO,ES,Combined TRACON& Tower with Radar,366,59,48,1,474,0,8,32,0,40,366,67,80,1,514,0,0,0,514
09/17/2010,TPA,FL,ASO,ES,Combined TRACON& Tower with Radar,372,70,42,1,485,0,11,26,0,37,372,81,68,1,522,0,0,0,522
09/18/2010,TPA,FL,ASO,ES,Combined TRACON& Tower with Radar,327,31,15,1,374,0,2,16,0,18,327,33,31,1,392,16,0,16,408
09/19/2010,TPA,FL,ASO,ES,Combined TRACON& Tower with Radar,347,39,30,0,416,0,0,18,1,19,347,39,48,1,435,0,0,0,435
09/20/2010,TPA,FL,ASO,ES,Combined TRACON& Tower with Radar,360,58,43,2,463,0,3,24,0,27,360,61,67,2,490,0,0,0,490
09/21/2010,TPA,FL,ASO,ES,Combined TRACON& Tower with Radar,351,62,38,0,451,0,5,25,0,30,351,67,63,0,481,56,0,56,537
09/22/2010,TPA,FL,ASO,ES,Combined TRACON& Tower with Radar,351,64,44,0,459,0,11,35,0,46,351,75,79,0,505,0,0,0,505
09/23/2010,TPA,FL,ASO,ES,Combined TRACON& Tower with Radar,370,64,40,2,476,0,9,24,0,33,370,73,64,2,509,0,0,0,509
09/24/2010,TPA,FL,ASO,ES,Combined TRACON& Tower with Radar,369,79,55,3,506,0,7,34,0,41,369,86,89,3,547,0,0,0,547
09/25/2010,TPA,FL,ASO,ES,Combined TRACON& Tower with Radar,326,38,34,0,398,0,1,22,0,23,326,39,56,0,421,0,0,0,421
09/26/2010,TPA,FL,ASO,ES,Combined TRACON& Tower with Radar,355,45,37,0,437,0,0,17,0,17,355,45,54,0,454,0,0,0,454
09/27/2010,TPA,FL,ASO,ES,Combined TRACON& Tower with Radar,361,56,35,1,453,0,5,38,0,43,361,61,73,1,496,0,0,0,496
09/28/2010,TPA,FL,ASO,ES,Combined TRACON& Tower with Radar,359,67,53,0,479,0,3,17,0,20,359,70,70,0,499,0,0,0,499
09/29/2010,TPA,FL,ASO,ES,Combined TRACON& Tower with Radar,351,57,54,2,464,0,4,22,0,26,351,61,76,2,490,0,0,0,490
09/30/2010,TPA,FL,ASO,ES,Combined TRACON& Tower with Radar,362,58,54,1,475,0,6,28,0,34,362,64,82,1,509,0,0,0,509
10/01/2010,TPA,FL,ASO,ES,Combined TRACON& Tower with Radar,378,54,62,0,494,0,10,40,0,50,378,64,102,0,544,0,0,0,544
10/02/2010,TPA,FL,ASO,ES,Combined TRACON& Tower with Radar,329,35,31,1,396,0,5,23,0,28,329,40,54,1,424,0,0,0,424
10/03/2010,TPA,FL,ASO,ES,Combined TRACON& Tower with Radar,358,39,38,0,435,0,1,23,0,24,358,40,61,0,459,0,0,0,459
10/04/2010,TPA,FL,ASO,ES,Combined TRACON& Tower with Radar,371,61,28,0,460,0,5,39,0,44,371,66,67,0,504,10,0,10,514
10/05/2010,TPA,FL,ASO,ES,Combined TRACON& Tower with Radar,360,66,45,0,471,0,14,22,0,36,360,80,67,0,507,0,0,0,507
10/06/2010,TPA,FL,ASO,ES,Combined TRACON& Tower with Radar,361,62,36,0,459,0,11,38,0,49,361,73,74,0,508,0,0,0,508
10/07/2010,TPA,FL,ASO,ES,Combined TRACON& Tower with Radar,378,59,32,0,469,0,10,26,0,36,378,69,58,0,505,0,0,0,505
10/08/2010,TPA,FL,ASO,ES,Combined TRACON& Tower with Radar,388,60,52,3,503,0,10,40,0,50,388,70,92,3,553,0,0,0,553
10/09/2010,TPA,FL,ASO,ES,Combined TRACON& Tower with Radar,336,33,25,2,396,0,6,23,0,29,336,39,48,2,425,0,0,0,425
10/10/2010,TPA,FL,ASO,ES,Combined TRACON& Tower with Radar,372,43,30,1,446,0,1,12,0,13,372,44,42,1,459,0,0,0,459
10/11/2010,TPA,FL,ASO,ES,Combined TRACON& Tower with Radar,374,66,28,2,470,0,1,32,0,33,374,67,60,2,503,0,0,0,503
10/12/2010,TPA,FL,ASO,ES,Combined TRACON& Tower with Radar,367,65,58,0,490,0,7,35,0,42,367,72,93,0,532,0,0,0,532
10/13/2010,TPA,FL,ASO,ES,Combined TRACON& Tower with Radar,368,65,45,0,478,0,5,42,0,47,368,70,87,0,525,0,0,0,525
10/14/2010,TPA,FL,ASO,ES,Combined TRACON& Tower with Radar,376,64,52,0,492,0,9,44,0,53,376,73,96,0,545,0,0,0,545
10/15/2010,TPA,FL,ASO,ES,Combined TRACON& Tower with Radar,387,65,37,0,489,0,4,48,0,52,387,69,85,0,541,0,0,0,541
10/16/2010,TPA,FL,ASO,ES,Combined TRACON& Tower with Radar,335,38,31,1,405,0,8,22,0,30,335,46,53,1,435,0,0,0,435
10/17/2010,TPA,FL,ASO,ES,Combined TRACON& Tower with Radar,372,48,42,2,464,0,0,24,2,26,372,48,66,4,490,0,0,0,490
10/18/2010,TPA,FL,ASO,ES,Combined TRACON& Tower with Radar,375,54,53,2,484,0,2,36,2,40,375,56,89,4,524,0,0,0,524
10/19/2010,TPA,FL,ASO,ES,Combined TRACON& Tower with Radar,366,66,60,0,492,0,5,35,0,40,366,71,95,0,532,0,0,0,532
10/20/2010,TPA,FL,ASO,ES,Combined TRACON& Tower with Radar,368,59,50,0,477,0,7,25,0,32,368,66,75,0,509,0,0,0,509
10/21/2010,TPA,FL,ASO,ES,Combined TRACON& Tower with Radar,383,63,43,0,489,0,8,39,0,47,383,71,82,0,536,0,0,0,536
10/22/2010,TPA,FL,ASO,ES,Combined TRACON& Tower with Radar,386,55,45,2,488,0,9,23,0,32,386,64,68,2,520,0,0,0,520
10/23/2010,TPA,FL,ASO,ES,Combined TRACON& Tower with Radar,338,37,31,0,406,0,4,32,0,36,338,41,63,0,442,0,0,0,442
10/24/2010,TPA,FL,ASO,ES,Combined TRACON& Tower with Radar,370,39,52,1,462,0,6,38,0,44,370,45,90,1,506,0,0,0,506
10/25/2010,TPA,FL,ASO,ES,Combined TRACON& Tower with Radar,377,59,45,2,483,0,2,16,0,18,377,61,61,2,501,0,0,0,501
10/26/2010,TPA,FL,ASO,ES,Combined TRACON& Tower with Radar,365,64,69,0,498,0,5,28,0,33,365,69,97,0,531,0,0,0,531
10/27/2010,TPA,FL,ASO,ES,Combined TRACON& Tower with Radar,356,77,69,3,505,0,5,42,0,47,356,82,111,3,552,0,0,0,552
10/28/2010,TPA,FL,ASO,ES,Combined TRACON& Tower with Radar,382,65,45,0,492,0,6,23,0,29,382,71,68,0,521,0,0,0,521
10/29/2010,TPA,FL,ASO,ES,Combined TRACON& Tower with Radar,397,67,30,0,494,0,4,32,0,36,397,71,62,0,530,0,0,0,530
10/30/2010,TPA,FL,ASO,ES,Combined TRACON& Tower with Radar,338,37,19,0,394,0,4,22,0,26,338,41,41,0,420,0,0,0,420
10/31/2010,TPA,FL,ASO,ES,Combined TRACON& Tower with Radar,376,35,32,2,445,0,3,23,0,26,376,38,55,2,471,0,0,0,471
11/01/2010,TPA,FL,ASO,ES,Combined TRACON& Tower with Radar,386,55,56,1,498,0,2,32,0,34,386,57,88,1,532,0,0,0,532
11/02/2010,TPA,FL,ASO,ES,Combined TRACON& Tower with Radar,368,72,58,0,498,0,3,17,0,20,368,75,75,0,518,0,0,0,518
11/03/2010,TPA,FL,ASO,ES,Combined TRACON& Tower with Radar,368,79,38,0,485,0,5,25,0,30,368,84,63,0,515,0,0,0,515
11/04/2010,TPA,FL,ASO,ES,Combined TRACON& Tower with Radar,393,77,57,1,528,0,1,11,0,12,393,78,68,1,540,0,0,0,540
11/05/2010,TPA,FL,ASO,ES,Combined TRACON& Tower with Radar,402,69,37,2,510,0,5,40,1,46,402,74,77,3,556,0,0,0,556
11/06/2010,TPA,FL,ASO,ES,Combined TRACON& Tower with Radar,354,34,31,0,419,0,2,13,0,15,354,36,44,0,434,0,0,0,434
11/07/2010,TPA,FL,ASO,ES,Combined TRACON& Tower with Radar,397,48,42,2,489,0,0,28,0,28,397,48,70,2,517,0,0,0,517
11/08/2010,TPA,FL,ASO,ES,Combined TRACON& Tower with Radar,399,68,33,0,500,0,3,33,0,36,399,71,66,0,536,0,0,0,536
11/09/2010,TPA,FL,ASO,ES,Combined TRACON& Tower with Radar,380,66,49,2,497,0,6,68,1,75,380,72,117,3,572,0,0,0,572
11/10/2010,TPA,FL,ASO,ES,Combined TRACON& Tower with Radar,385,86,45,4,520,0,3,35,0,38,385,89,80,4,558,46,0,46,604
11/11/2010,TPA,FL,ASO,ES,Combined TRACON& Tower with Radar,402,70,52,1,525,0,8,24,0,32,402,78,76,1,557,0,0,0,557
11/12/2010,TPA,FL,ASO,ES,Combined TRACON& Tower with Radar,409,74,63,2,548,0,6,26,0,32,409,80,89,2,580,0,0,0,580
11/13/2010,TPA,FL,ASO,ES,Combined TRACON& Tower with Radar,389,38,25,4,456,0,3,27,0,30,389,41,52,4,486,0,0,0,486
11/14/2010,TPA,FL,ASO,ES,Combined TRACON& Tower with Radar,402,48,49,2,501,0,2,27,0,29,402,50,76,2,530,0,0,0,530
11/15/2010,TPA,FL,ASO,ES,Combined TRACON& Tower with Radar,403,59,54,0,516,0,6,32,0,38,403,65,86,0,554,12,0,12,566
11/16/2010,TPA,FL,ASO,ES,Combined TRACON& Tower with Radar,384,69,60,2,515,0,4,36,0,40,384,73,96,2,555,0,0,0,555
11/17/2010,TPA,FL,ASO,ES,Combined TRACON& Tower with Radar,389,72,68,2,531,0,11,34,0,45,389,83,102,2,576,0,0,0,576
11/18/2010,TPA,FL,ASO,ES,Combined TRACON& Tower with Radar,413,76,68,4,561,0,9,29,0,38,413,85,97,4,599,0,0,0,599
11/19/2010,TPA,FL,ASO,ES,Combined TRACON& Tower with Radar,431,75,47,1,554,0,4,24,5,33,431,79,71,6,587,0,0,0,587
11/20/2010,TPA,FL,ASO,ES,Combined TRACON& Tower with Radar,403,45,34,0,482,0,1,22,0,23,403,46,56,0,505,0,0,0,505
11/21/2010,TPA,FL,ASO,ES,Combined TRACON& Tower with Radar,412,50,35,4,501,0,0,18,1,19,412,50,53,5,520,0,0,0,520
11/22/2010,TPA,FL,ASO,ES,Combined TRACON& Tower with Radar,412,60,39,0,511,0,3,23,0,26,412,63,62,0,537,0,0,0,537
11/23/2010,TPA,FL,ASO,ES,Combined TRACON& Tower with Radar,424,79,47,0,550,0,5,25,1,31,424,84,72,1,581,0,0,0,581
11/24/2010,TPA,FL,ASO,ES,Combined TRACON& Tower with Radar,442,67,51,0,560,0,6,18,0,24,442,73,69,0,584,0,0,0,584
11/25/2010,TPA,FL,ASO,ES,Combined TRACON& Tower with Radar,303,36,13,0,352,0,2,14,0,16,303,38,27,0,368,0,0,0,368
11/26/2010,TPA,FL,ASO,ES,Combined TRACON& Tower with Radar,366,62,15,0,443,0,3,13,0,16,366,65,28,0,459,0,0,0,459
11/27/2010,TPA,FL,ASO,ES,Combined TRACON& Tower with Radar,411,46,37,0,494,0,5,8,0,13,411,51,45,0,507,0,0,0,507
11/28/2010,TPA,FL,ASO,ES,Combined TRACON& Tower with Radar,443,38,59,0,540,0,0,23,0,23,443,38,82,0,563,0,0,0,563
11/29/2010,TPA,FL,ASO,ES,Combined TRACON& Tower with Radar,435,56,48,0,539,0,1,29,0,30,435,57,77,0,569,0,0,0,569
11/30/2010,TPA,FL,ASO,ES,Combined TRACON& Tower with Radar,409,61,37,2,509,0,1,19,0,20,409,62,56,2,529,0,0,0,529
12/01/2010,TPA,FL,ASO,ES,Combined TRACON& Tower with Radar,387,65,46,6,504,0,4,21,0,25,387,69,67,6,529,0,0,0,529
12/02/2010,TPA,FL,ASO,ES,Combined TRACON& Tower with Radar,416,75,41,2,534,0,5,36,0,41,416,80,77,2,575,0,0,0,575
12/03/2010,TPA,FL,ASO,ES,Combined TRACON& Tower with Radar,420,81,45,0,546,0,3,27,0,30,420,84,72,0,576,0,0,0,576
12/04/2010,TPA,FL,ASO,ES,Combined TRACON& Tower with Radar,380,35,25,0,440,0,3,27,0,30,380,38,52,0,470,0,0,0,470
12/05/2010,TPA,FL,ASO,ES,Combined TRACON& Tower with Radar,409,52,37,0,498,0,1,26,0,27,409,53,63,0,525,0,0,0,525
12/06/2010,TPA,FL,ASO,ES,Combined TRACON& Tower with Radar,402,61,38,0,501,0,5,31,0,36,402,66,69,0,537,0,0,0,537
12/07/2010,TPA,FL,ASO,ES,Combined TRACON& Tower with Radar,381,74,45,0,500,0,4,28,0,32,381,78,73,0,532,0,0,0,532
12/08/2010,TPA,FL,ASO,ES,Combined TRACON& Tower with Radar,389,66,68,0,523,0,6,21,0,27,389,72,89,0,550,0,0,0,550
12/09/2010,TPA,FL,ASO,ES,Combined TRACON& Tower with Radar,417,76,59,0,552,0,7,32,0,39,417,83,91,0,591,0,0,0,591
12/10/2010,TPA,FL,ASO,ES,Combined TRACON& Tower with Radar,416,70,47,4,537,0,7,22,1,30,416,77,69,5,567,0,0,0,567
12/11/2010,TPA,FL,ASO,ES,Combined TRACON& Tower with Radar,380,49,25,0,454,0,3,8,0,11,380,52,33,0,465,0,0,0,465
12/12/2010,TPA,FL,ASO,ES,Combined TRACON& Tower with Radar,373,43,26,4,446,0,0,8,4,12,373,43,34,8,458,6,0,6,464
12/13/2010,TPA,FL,ASO,ES,Combined TRACON& Tower with Radar,410,69,47,0,526,0,2,12,2,16,410,71,59,2,542,0,0,0,542
12/14/2010,TPA,FL,ASO,ES,Combined TRACON& Tower with Radar,393,70,51,0,514,0,5,28,4,37,393,75,79,4,551,0,0,0,551
12/15/2010,TPA,FL,ASO,ES,Combined TRACON& Tower with Radar,398,74,68,0,540,0,5,24,0,29,398,79,92,0,569,0,0,0,569
12/16/2010,TPA,FL,ASO,ES,Combined TRACON& Tower with Radar,428,83,54,0,565,0,7,22,0,29,428,90,76,0,594,0,0,0,594
12/17/2010,TPA,FL,ASO,ES,Combined TRACON& Tower with Radar,435,78,48,10,571,0,4,31,1,36,435,82,79,11,607,0,0,0,607
12/18/2010,TPA,FL,ASO,ES,Combined TRACON& Tower with Radar,425,45,23,1,494,0,3,7,0,10,425,48,30,1,504,14,0,14,518
12/19/2010,TPA,FL,ASO,ES,Combined TRACON& Tower with Radar,426,46,42,4,518,0,0,8,0,8,426,46,50,4,526,0,0,0,526
12/20/2010,TPA,FL,ASO,ES,Combined TRACON& Tower with Radar,430,57,44,0,531,0,1,32,0,33,430,58,76,0,564,0,0,0,564
12/21/2010,TPA,FL,ASO,ES,Combined TRACON& Tower with Radar,436,76,46,1,559,0,0,26,0,26,436,76,72,1,585,0,10,10,595
12/22/2010,TPA,FL,ASO,ES,Combined TRACON& Tower with Radar,447,68,37,4,556,0,2,25,2,29,447,70,62,6,585,30,0,30,615
12/23/2010,TPA,FL,ASO,ES,Combined TRACON& Tower with Radar,452,73,24,0,549,0,2,24,0,26,452,75,48,0,575,0,0,0,575
12/24/2010,TPA,FL,ASO,ES,Combined TRACON& Tower with Radar,407,59,8,2,476,0,3,8,0,11,407,62,16,2,487,52,0,52,539
12/25/2010,TPA,FL,ASO,ES,Combined TRACON& Tower with Radar,365,41,20,0,426,0,1,9,0,10,365,42,29,0,436,0,0,0,436
12/26/2010,TPA,FL,ASO,ES,Combined TRACON& Tower with Radar,391,43,42,0,476,0,1,10,0,11,391,44,52,0,487,16,0,16,503
12/27/2010,TPA,FL,ASO,ES,Combined TRACON& Tower with Radar,390,68,47,0,505,0,0,20,0,20,390,68,67,0,525,0,0,0,525
12/28/2010,TPA,FL,ASO,ES,Combined TRACON& Tower with Radar,412,75,54,1,542,0,2,26,0,28,412,77,80,1,570,0,0,0,570
12/29/2010,TPA,FL,ASO,ES,Combined TRACON& Tower with Radar,438,75,29,2,544,0,2,20,0,22,438,77,49,2,566,0,0,0,566
12/30/2010,TPA,FL,ASO,ES,Combined TRACON& Tower with Radar,436,64,41,0,541,0,7,30,0,37,436,71,71,0,578,0,0,0,578
12/31/2010,TPA,FL,ASO,ES,Combined TRACON& Tower with Radar,413,63,20,0,496,0,4,13,0,17,413,67,33,0,513,0,0,0,513
01/01/2011,TPA,FL,ASO,ES,Combined TRACON& Tower with Radar,390,49,28,0,467,0,2,13,0,15,390,51,41,0,482,0,0,0,482
01/02/2011,TPA,FL,ASO,ES,Combined TRACON& Tower with Radar,450,50,57,0,557,0,1,11,0,12,450,51,68,0,569,30,0,30,599
01/03/2011,TPA,FL,ASO,ES,Combined TRACON& Tower with Radar,455,65,44,0,564,0,4,17,0,21,455,69,61,0,585,0,0,0,585
01/04/2011,TPA,FL,ASO,ES,Combined TRACON& Tower with Radar,401,73,45,3,522,0,1,28,0,29,401,74,73,3,551,0,0,0,551
01/05/2011,TPA,FL,ASO,ES,Combined TRACON& Tower with Radar,401,72,55,0,528,0,1,28,0,29,401,73,83,0,557,0,0,0,557
01/06/2011,TPA,FL,ASO,ES,Combined TRACON& Tower with Radar,412,73,47,2,534,0,2,28,0,30,412,75,75,2,564,0,0,0,564
01/07/2011,TPA,FL,ASO,ES,Combined TRACON& Tower with Radar,414,69,51,2,536,0,5,46,2,53,414,74,97,4,589,0,0,0,589
01/08/2011,TPA,FL,ASO,ES,Combined TRACON& Tower with Radar,381,32,35,0,448,0,1,16,0,17,381,33,51,0,465,0,0,0,465
01/09/2011,TPA,FL,ASO,ES,Combined TRACON& Tower with Radar,395,38,30,1,464,0,2,13,1,16,395,40,43,2,480,0,0,0,480
01/10/2011,TPA,FL,ASO,ES,Combined TRACON& Tower with Radar,356,56,44,0,456,0,2,14,0,16,356,58,58,0,472,0,0,0,472
01/11/2011,TPA,FL,ASO,ES,Combined TRACON& Tower with Radar,347,77,81,0,505,0,1,27,0,28,347,78,108,0,533,0,0,0,533
01/12/2011,TPA,FL,ASO,ES,Combined TRACON& Tower with Radar,345,79,72,0,496,0,1,48,1,50,345,80,120,1,546,0,0,0,546
01/13/2011,TPA,FL,ASO,ES,Combined TRACON& Tower with Radar,407,73,57,2,539,0,4,27,0,31,407,77,84,2,570,0,0,0,570
01/14/2011,TPA,FL,ASO,ES,Combined TRACON& Tower with Radar,426,64,69,6,565,0,5,73,0,78,426,69,142,6,643,0,0,0,643
01/15/2011,TPA,FL,ASO,ES,Combined TRACON& Tower with Radar,384,26,33,0,443,0,2,20,0,22,384,28,53,0,465,0,0,0,465
01/16/2011,TPA,FL,ASO,ES,Combined TRACON& Tower with Radar,396,32,21,2,451,0,2,19,4,25,396,34,40,6,476,0,0,0,476
01/17/2011,TPA,FL,ASO,ES,Combined TRACON& Tower with Radar,407,47,37,0,491,0,0,10,0,10,407,47,47,0,501,0,0,0,501
01/18/2011,TPA,FL,ASO,ES,Combined TRACON& Tower with Radar,381,57,64,0,502,0,4,21,0,25,381,61,85,0,527,0,0,0,527
01/19/2011,TPA,FL,ASO,ES,Combined TRACON& Tower with Radar,391,57,46,2,496,0,2,42,0,44,391,59,88,2,540,0,0,0,540
01/20/2011,TPA,FL,ASO,ES,Combined TRACON& Tower with Radar,414,58,64,0,536,0,5,30,0,35,414,63,94,0,571,0,0,0,571
01/21/2011,TPA,FL,ASO,ES,Combined TRACON& Tower with Radar,415,71,39,1,526,0,0,6,0,6,415,71,45,1,532,0,0,0,532
01/22/2011,TPA,FL,ASO,ES,Combined TRACON& Tower with Radar,380,34,34,0,448,0,0,23,0,23,380,34,57,0,471,0,0,0,471
01/23/2011,TPA,FL,ASO,ES,Combined TRACON& Tower with Radar,396,31,37,1,465,0,1,16,0,17,396,32,53,1,482,0,0,0,482
01/24/2011,TPA,FL,ASO,ES,Combined TRACON& Tower with Radar,404,45,41,0,490,0,4,30,1,35,404,49,71,1,525,0,0,0,525
01/25/2011,TPA,FL,ASO,ES,Combined TRACON& Tower with Radar,376,49,43,0,468,0,2,20,0,22,376,51,63,0,490,0,0,0,490
01/26/2011,TPA,FL,ASO,ES,Combined TRACON& Tower with Radar,359,67,52,4,482,0,3,20,0,23,359,70,72,4,505,0,0,0,505
01/27/2011,TPA,FL,ASO,ES,Combined TRACON& Tower with Radar,361,73,63,2,499,0,6,30,0,36,361,79,93,2,535,0,0,0,535
01/28/2011,TPA,FL,ASO,ES,Combined TRACON& Tower with Radar,429,61,57,12,559,0,8,34,5,47,429,69,91,17,606,0,0,0,606
01/29/2011,TPA,FL,ASO,ES,Combined TRACON& Tower with Radar,377,33,26,1,437,0,1,41,0,42,377,34,67,1,479,0,0,0,479
01/30/2011,TPA,FL,ASO,ES,Combined TRACON& Tower with Radar,392,40,34,9,475,0,2,27,4,33,392,42,61,13,508,0,0,0,508
01/31/2011,TPA,FL,ASO,ES,Combined TRACON& Tower with Radar,408,49,61,1,519,0,0,28,0,28,408,49,89,1,547,0,0,0,547
02/01/2011,TPA,FL,ASO,ES,Combined TRACON& Tower with Radar,291,55,52,2,400,0,2,30,1,33,291,57,82,3,433,0,0,0,433
02/02/2011,TPA,FL,ASO,ES,Combined TRACON& Tower with Radar,311,59,85,6,461,0,6,15,0,21,311,65,100,6,482,0,0,0,482
02/03/2011,TPA,FL,ASO,ES,Combined TRACON& Tower with Radar,394,76,86,0,556,0,1,9,0,10,394,77,95,0,566,0,0,0,566
02/04/2011,TPA,FL,ASO,ES,Combined TRACON& Tower with Radar,404,72,41,1,518,0,1,9,0,10,404,73,50,1,528,0,0,0,528
02/05/2011,TPA,FL,ASO,ES,Combined TRACON& Tower with Radar,384,51,33,0,468,0,0,2,0,2,384,51,35,0,470,0,0,0,470
02/06/2011,TPA,FL,ASO,ES,Combined TRACON& Tower with Radar,406,46,34,0,486,0,3,12,0,15,406,49,46,0,501,0,0,0,501
02/07/2011,TPA,FL,ASO,ES,Combined TRACON& Tower with Radar,409,58,64,2,533,0,0,10,0,10,409,58,74,2,543,0,0,0,543
02/08/2011,TPA,FL,ASO,ES,Combined TRACON& Tower with Radar,380,63,53,3,499,0,1,30,0,31,380,64,83,3,530,0,0,0,530
02/09/2011,TPA,FL,ASO,ES,Combined TRACON& Tower with Radar,393,68,60,4,525,0,0,27,2,29,393,68,87,6,554,0,0,0,554
02/10/2011,TPA,FL,ASO,ES,Combined TRACON& Tower with Radar,409,73,43,3,528,0,0,5,0,5,409,73,48,3,533,0,0,0,533
02/11/2011,TPA,FL,ASO,ES,Combined TRACON& Tower with Radar,421,74,46,5,546,0,0,11,0,11,421,74,57,5,557,0,0,0,557
02/12/2011,TPA,FL,ASO,ES,Combined TRACON& Tower with Radar,378,34,24,2,438,0,3,25,0,28,378,37,49,2,466,0,0,0,466
02/13/2011,TPA,FL,ASO,ES,Combined TRACON& Tower with Radar,414,34,19,0,467,0,2,18,0,20,414,36,37,0,487,0,0,0,487
02/14/2011,TPA,FL,ASO,ES,Combined TRACON& Tower with Radar,410,51,41,0,502,0,1,28,0,29,410,52,69,0,531,0,0,0,531
02/15/2011,TPA,FL,ASO,ES,Combined TRACON& Tower with Radar,386,53,54,0,493,0,10,26,1,37,386,63,80,1,530,0,0,0,530
02/16/2011,TPA,FL,ASO,ES,Combined TRACON& Tower with Radar,398,71,58,0,527,0,6,28,1,35,398,77,86,1,562,0,0,0,562
02/17/2011,TPA,FL,ASO,ES,Combined TRACON& Tower with Radar,431,77,89,0,597,0,10,31,0,41,431,87,120,0,638,0,0,0,638
02/18/2011,TPA,FL,ASO,ES,Combined TRACON& Tower with Radar,439,59,61,0,559,0,7,23,0,30,439,66,84,0,589,0,0,0,589
02/19/2011,TPA,FL,ASO,ES,Combined TRACON& Tower with Radar,411,29,28,1,469,0,5,12,0,17,411,34,40,1,486,0,0,0,486
02/20/2011,TPA,FL,ASO,ES,Combined TRACON& Tower with Radar,419,33,31,1,484,0,0,18,0,18,419,33,49,1,502,0,0,0,502
02/21/2011,TPA,FL,ASO,ES,Combined TRACON& Tower with Radar,430,51,55,0,536,0,4,22,0,26,430,55,77,0,562,0,0,0,562
02/22/2011,TPA,FL,ASO,ES,Combined TRACON& Tower with Radar,437,60,72,0,569,0,6,22,0,28,437,66,94,0,597,0,0,0,597
02/23/2011,TPA,FL,ASO,ES,Combined TRACON& Tower with Radar,434,79,56,0,569,0,0,10,0,10,434,79,66,0,579,0,0,0,579
02/24/2011,TPA,FL,ASO,ES,Combined TRACON& Tower with Radar,430,70,69,2,571,0,7,18,0,25,430,77,87,2,596,0,0,0,596
02/25/2011,TPA,FL,ASO,ES,Combined TRACON& Tower with Radar,433,67,74,6,580,0,3,27,0,30,433,70,101,6,610,0,0,0,610
02/26/2011,TPA,FL,ASO,ES,Combined TRACON& Tower with Radar,415,30,31,0,476,0,2,15,1,18,415,32,46,1,494,0,0,0,494
02/27/2011,TPA,FL,ASO,ES,Combined TRACON& Tower with Radar,433,42,54,3,532,0,2,34,1,37,433,44,88,4,569,0,0,0,569
02/28/2011,TPA,FL,ASO,ES,Combined TRACON& Tower with Radar,435,48,46,1,530,0,6,24,0,30,435,54,70,1,560,0,0,0,560
03/01/2011,TPA,FL,ASO,ES,Combined TRACON& Tower with Radar,429,67,49,4,549,0,4,22,0,26,429,71,71,4,575,0,0,0,575
03/02/2011,TPA,FL,ASO,ES,Combined TRACON& Tower with Radar,437,63,52,0,552,0,2,38,0,40,437,65,90,0,592,0,0,0,592
03/03/2011,TPA,FL,ASO,ES,Combined TRACON& Tower with Radar,439,55,57,5,556,0,6,36,0,42,439,61,93,5,598,0,0,0,598
03/04/2011,TPA,FL,ASO,ES,Combined TRACON& Tower with Radar,452,63,64,2,581,0,4,27,0,31,452,67,91,2,612,0,0,0,612
03/05/2011,TPA,FL,ASO,ES,Combined TRACON& Tower with Radar,421,28,37,0,486,0,1,13,0,14,421,29,50,0,500,0,0,0,500
03/06/2011,TPA,FL,ASO,ES,Combined TRACON& Tower with Radar,436,27,33,0,496,0,1,13,0,14,436,28,46,0,510,0,0,0,510
03/07/2011,TPA,FL,ASO,ES,Combined TRACON& Tower with Radar,453,38,37,0,528,0,4,28,0,32,453,42,65,0,560,0,0,0,560
03/08/2011,TPA,FL,ASO,ES,Combined TRACON& Tower with Radar,434,48,38,0,520,0,6,30,0,36,434,54,68,0,556,0,0,0,556
03/09/2011,TPA,FL,ASO,ES,Combined TRACON& Tower with Radar,444,41,62,1,548,0,1,42,0,43,444,42,104,1,591,0,0,0,591
03/10/2011,TPA,FL,ASO,ES,Combined TRACON& Tower with Radar,457,74,45,2,578,0,2,11,0,13,457,76,56,2,591,0,0,0,591
03/11/2011,TPA,FL,ASO,ES,Combined TRACON& Tower with Radar,461,60,48,1,570,0,6,33,0,39,461,66,81,1,609,0,0,0,609
03/12/2011,TPA,FL,ASO,ES,Combined TRACON& Tower with Radar,477,41,23,1,542,0,3,24,0,27,477,44,47,1,569,0,0,0,569
03/13/2011,TPA,FL,ASO,ES,Combined TRACON& Tower with Radar,451,38,34,0,523,0,0,18,0,18,451,38,52,0,541,0,0,0,541
03/14/2011,TPA,FL,ASO,ES,Combined TRACON& Tower with Radar,463,45,47,1,556,0,6,26,0,32,463,51,73,1,588,0,0,0,588
03/15/2011,TPA,FL,ASO,ES,Combined TRACON& Tower with Radar,463,64,52,2,581,0,7,30,0,37,463,71,82,2,618,0,0,0,618
03/16/2011,TPA,FL,ASO,ES,Combined TRACON& Tower with Radar,463,57,68,2,590,0,7,36,0,43,463,64,104,2,633,0,0,0,633
03/17/2011,TPA,FL,ASO,ES,Combined TRACON& Tower with Radar,465,69,91,2,627,0,4,45,0,49,465,73,136,2,676,12,0,12,688
03/18/2011,TPA,FL,ASO,ES,Combined TRACON& Tower with Radar,470,55,77,1,603,0,6,27,0,33,470,61,104,1,636,0,0,0,636
03/19/2011,TPA,FL,ASO,ES,Combined TRACON& Tower with Radar,486,32,51,0,569,0,3,42,0,45,486,35,93,0,614,0,0,0,614
03/20/2011,TPA,FL,ASO,ES,Combined TRACON& Tower with Radar,454,39,61,0,554,0,2,31,0,33,454,41,92,0,587,0,0,0,587
03/21/2011,TPA,FL,ASO,ES,Combined TRACON& Tower with Radar,467,50,42,0,559,0,4,30,0,34,467,54,72,0,593,0,0,0,593
03/22/2011,TPA,FL,ASO,ES,Combined TRACON& Tower with Radar,457,43,52,1,553,0,6,31,3,40,457,49,83,4,593,0,0,0,593
03/23/2011,TPA,FL,ASO,ES,Combined TRACON& Tower with Radar,448,66,62,2,578,0,1,22,0,23,448,67,84,2,601,0,0,0,601
03/24/2011,TPA,FL,ASO,ES,Combined TRACON& Tower with Radar,469,64,61,3,597,0,6,31,0,37,469,70,92,3,634,0,0,0,634
03/25/2011,TPA,FL,ASO,ES,Combined TRACON& Tower with Radar,468,62,51,0,581,0,6,26,0,32,468,68,77,0,613,0,0,0,613
03/26/2011,TPA,FL,ASO,ES,Combined TRACON& Tower with Radar,487,39,37,0,563,0,1,29,0,30,487,40,66,0,593,0,0,0,593
03/27/2011,TPA,FL,ASO,ES,Combined TRACON& Tower with Radar,464,48,51,0,563,0,3,17,1,21,464,51,68,1,584,0,0,0,584
03/28/2011,TPA,FL,ASO,ES,Combined TRACON& Tower with Radar,469,57,47,2,575,0,0,12,4,16,469,57,59,6,591,0,0,0,591
03/29/2011,TPA,FL,ASO,ES,Combined TRACON& Tower with Radar,464,57,74,12,607,0,4,25,1,30,464,61,99,13,637,0,0,0,637
03/30/2011,TPA,FL,ASO,ES,Combined TRACON& Tower with Radar,465,67,66,1,599,0,0,8,0,8,465,67,74,1,607,0,0,0,607
03/31/2011,TPA,FL,ASO,ES,Combined TRACON& Tower with Radar,454,43,41,1,539,0,1,5,0,6,454,44,46,1,545,0,0,0,545
04/01/2011,TPA,FL,ASO,ES,Combined TRACON& Tower with Radar,476,67,70,2,615,0,10,53,2,65,476,77,123,4,680,0,0,0,680
04/02/2011,TPA,FL,ASO,ES,Combined TRACON& Tower with Radar,455,32,46,0,533,0,4,39,0,43,455,36,85,0,576,0,0,0,576
04/03/2011,TPA,FL,ASO,ES,Combined TRACON& Tower with Radar,441,33,36,0,510,0,2,21,0,23,441,35,57,0,533,0,0,0,533
04/04/2011,TPA,FL,ASO,ES,Combined TRACON& Tower with Radar,449,57,51,2,559,0,3,41,0,44,449,60,92,2,603,0,0,0,603
04/05/2011,TPA,FL,ASO,ES,Combined TRACON& Tower with Radar,446,44,49,1,540,0,2,16,0,18,446,46,65,1,558,0,0,0,558
04/06/2011,TPA,FL,ASO,ES,Combined TRACON& Tower with Radar,457,62,62,3,584,0,9,40,0,49,457,71,102,3,633,0,0,0,633
04/07/2011,TPA,FL,ASO,ES,Combined TRACON& Tower with Radar,455,60,65,0,580,0,3,29,1,33,455,63,94,1,613,0,0,0,613
04/08/2011,TPA,FL,ASO,ES,Combined TRACON& Tower with Radar,466,57,33,4,560,0,9,44,1,54,466,66,77,5,614,0,0,0,614
04/09/2011,TPA,FL,ASO,ES,Combined TRACON& Tower with Radar,466,35,37,4,542,0,4,19,0,23,466,39,56,4,565,0,0,0,565
04/10/2011,TPA,FL,ASO,ES,Combined TRACON& Tower with Radar,443,34,33,0,510,0,2,25,0,27,443,36,58,0,537,0,0,0,537
04/11/2011,TPA,FL,ASO,ES,Combined TRACON& Tower with Radar,461,48,38,3,550,0,4,29,1,34,461,52,67,4,584,0,0,0,584
04/12/2011,TPA,FL,ASO,ES,Combined TRACON& Tower with Radar,449,65,36,0,550,0,3,36,0,39,449,68,72,0,589,0,0,0,589
04/13/2011,TPA,FL,ASO,ES,Combined TRACON& Tower with Radar,452,67,57,1,577,0,5,36,0,41,452,72,93,1,618,0,0,0,618
04/14/2011,TPA,FL,ASO,ES,Combined TRACON& Tower with Radar,461,58,55,2,576,0,9,32,2,43,461,67,87,4,619,0,0,0,619
04/15/2011,TPA,FL,ASO,ES,Combined TRACON& Tower with Radar,461,66,44,1,572,0,3,23,6,32,461,69,67,7,604,0,0,0,604
04/16/2011,TPA,FL,ASO,ES,Combined TRACON& Tower with Radar,456,36,23,0,515,0,0,22,0,22,456,36,45,0,537,0,0,0,537
04/17/2011,TPA,FL,ASO,ES,Combined TRACON& Tower with Radar,443,45,48,2,538,0,2,29,0,31,443,47,77,2,569,0,0,0,569
04/18/2011,TPA,FL,ASO,ES,Combined TRACON& Tower with Radar,463,51,52,3,569,0,2,28,0,30,463,53,80,3,599,0,0,0,599
04/19/2011,TPA,FL,ASO,ES,Combined TRACON& Tower with Radar,443,64,40,4,551,0,6,26,0,32,443,70,66,4,583,0,0,0,583
04/20/2011,TPA,FL,ASO,ES,Combined TRACON& Tower with Radar,447,77,54,7,585,0,4,32,0,36,447,81,86,7,621,0,0,0,621
04/21/2011,TPA,FL,ASO,ES,Combined TRACON& Tower with Radar,464,66,58,0,588,0,5,26,0,31,464,71,84,0,619,0,0,0,619
04/22/2011,TPA,FL,ASO,ES,Combined TRACON& Tower with Radar,467,52,34,1,554,0,8,35,1,44,467,60,69,2,598,0,0,0,598
04/23/2011,TPA,FL,ASO,ES,Combined TRACON& Tower with Radar,463,31,39,0,533,0,2,24,0,26,463,33,63,0,559,0,0,0,559
04/24/2011,TPA,FL,ASO,ES,Combined TRACON& Tower with Radar,442,27,26,0,495,0,2,12,0,14,442,29,38,0,509,0,0,0,509
04/25/2011,TPA,FL,ASO,ES,Combined TRACON& Tower with Radar,472,65,55,0,592,0,1,17,0,18,472,66,72,0,610,0,0,0,610
04/26/2011,TPA,FL,ASO,ES,Combined TRACON& Tower with Radar,412,64,33,1,510,0,2,25,0,27,412,66,58,1,537,0,0,0,537
04/27/2011,TPA,FL,ASO,ES,Combined TRACON& Tower with Radar,424,74,42,0,540,0,2,40,0,42,424,76,82,0,582,0,0,0,582
04/28/2011,TPA,FL,ASO,ES,Combined TRACON& Tower with Radar,426,68,59,0,553,0,0,31,0,31,426,68,90,0,584,0,0,0,584
04/29/2011,TPA,FL,ASO,ES,Combined TRACON& Tower with Radar,453,62,64,0,579,0,5,26,0,31,453,67,90,0,610,0,0,0,610
04/30/2011,TPA,FL,ASO,ES,Combined TRACON& Tower with Radar,429,42,18,0,489,0,2,22,0,24,429,44,40,0,513,0,0,0,513
05/01/2011,TPA,FL,ASO,ES,Combined TRACON& Tower with Radar,415,32,33,0,480,0,1,15,0,16,415,33,48,0,496,0,0,0,496
05/02/2011,TPA,FL,ASO,ES,Combined TRACON& Tower with Radar,437,49,37,0,523,0,3,24,0,27,437,52,61,0,550,0,0,0,550
05/03/2011,TPA,FL,ASO,ES,Combined TRACON& Tower with Radar,406,62,33,0,501,0,5,30,0,35,406,67,63,0,536,0,0,0,536
05/04/2011,TPA,FL,ASO,ES,Combined TRACON& Tower with Radar,398,61,39,3,501,0,4,33,0,37,398,65,72,3,538,0,0,0,538
05/05/2011,TPA,FL,ASO,ES,Combined TRACON& Tower with Radar,407,73,57,4,541,0,4,28,0,32,407,77,85,4,573,0,0,0,573
05/06/2011,TPA,FL,ASO,ES,Combined TRACON& Tower with Radar,420,60,22,2,504,0,6,25,4,35,420,66,47,6,539,0,0,0,539
05/07/2011,TPA,FL,ASO,ES,Combined TRACON& Tower with Radar,398,30,18,0,446,0,2,24,2,28,398,32,42,2,474,0,0,0,474
05/08/2011,TPA,FL,ASO,ES,Combined TRACON& Tower with Radar,388,42,30,2,462,0,0,25,4,29,388,42,55,6,491,0,0,0,491
05/09/2011,TPA,FL,ASO,ES,Combined TRACON& Tower with Radar,408,50,41,2,501,0,2,23,5,30,408,52,64,7,531,0,0,0,531
05/10/2011,TPA,FL,ASO,ES,Combined TRACON& Tower with Radar,388,52,59,6,505,0,4,22,6,32,388,56,81,12,537,0,0,0,537
05/11/2011,TPA,FL,ASO,ES,Combined TRACON& Tower with Radar,392,59,49,3,503,0,4,35,2,41,392,63,84,5,544,0,0,0,544
05/12/2011,TPA,FL,ASO,ES,Combined TRACON& Tower with Radar,405,62,48,4,519,0,4,48,3,55,405,66,96,7,574,0,0,0,574
05/13/2011,TPA,FL,ASO,ES,Combined TRACON& Tower with Radar,416,64,34,3,517,0,4,34,5,43,416,68,68,8,560,0,0,0,560
05/14/2011,TPA,FL,ASO,ES,Combined TRACON& Tower with Radar,418,29,23,0,470,0,2,19,2,23,418,31,42,2,493,0,0,0,493
05/15/2011,TPA,FL,ASO,ES,Combined TRACON& Tower with Radar,382,31,27,6,446,0,0,22,7,29,382,31,49,13,475,0,0,0,475
05/16/2011,TPA,FL,ASO,ES,Combined TRACON& Tower with Radar,412,42,43,0,497,0,2,33,0,35,412,44,76,0,532,0,0,0,532
05/17/2011,TPA,FL,ASO,ES,Combined TRACON& Tower with Radar,394,51,53,2,500,0,5,26,1,32,394,56,79,3,532,0,0,0,532
05/18/2011,TPA,FL,ASO,ES,Combined TRACON& Tower with Radar,393,64,37,0,494,0,3,29,0,32,393,67,66,0,526,0,0,0,526
05/19/2011,TPA,FL,ASO,ES,Combined TRACON& Tower with Radar,413,66,67,0,546,0,4,45,0,49,413,70,112,0,595,0,0,0,595
05/20/2011,TPA,FL,ASO,ES,Combined TRACON& Tower with Radar,409,59,65,0,533,0,5,38,0,43,409,64,103,0,576,0,0,0,576
05/21/2011,TPA,FL,ASO,ES,Combined TRACON& Tower with Radar,406,35,29,2,472,0,4,21,1,26,406,39,50,3,498,0,0,0,498
05/22/2011,TPA,FL,ASO,ES,Combined TRACON& Tower with Radar,383,34,23,0,440,0,4,24,0,28,383,38,47,0,468,0,0,0,468
05/23/2011,TPA,FL,ASO,ES,Combined TRACON& Tower with Radar,402,50,43,2,497,0,3,35,0,38,402,53,78,2,535,0,0,0,535
05/24/2011,TPA,FL,ASO,ES,Combined TRACON& Tower with Radar,397,63,37,0,497,0,10,36,0,46,397,73,73,0,543,0,0,0,543
05/25/2011,TPA,FL,ASO,ES,Combined TRACON& Tower with Radar,384,57,44,2,487,0,4,45,0,49,384,61,89,2,536,0,0,0,536
05/26/2011,TPA,FL,ASO,ES,Combined TRACON& Tower with Radar,409,77,68,0,554,0,3,41,0,44,409,80,109,0,598,0,0,0,598
05/27/2011,TPA,FL,ASO,ES,Combined TRACON& Tower with Radar,420,56,38,0,514,0,2,28,0,30,420,58,66,0,544,0,0,0,544
05/28/2011,TPA,FL,ASO,ES,Combined TRACON& Tower with Radar,388,36,14,3,441,0,4,24,0,28,388,40,38,3,469,0,0,0,469
05/29/2011,TPA,FL,ASO,ES,Combined TRACON& Tower with Radar,333,26,20,1,380,0,0,18,0,18,333,26,38,1,398,0,0,0,398
05/30/2011,TPA,FL,ASO,ES,Combined TRACON& Tower with Radar,389,40,26,0,455,0,4,13,0,17,389,44,39,0,472,0,0,0,472
05/31/2011,TPA,FL,ASO,ES,Combined TRACON& Tower with Radar,403,50,35,0,488,0,5,25,0,30,403,55,60,0,518,0,0,0,518
06/01/2011,TPA,FL,ASO,ES,Combined TRACON& Tower with Radar,390,61,31,4,486,0,2,31,0,33,390,63,62,4,519,0,0,0,519
06/02/2011,TPA,FL,ASO,ES,Combined TRACON& Tower with Radar,410,57,14,0,481,0,3,27,0,30,410,60,41,0,511,0,0,0,511
06/03/2011,TPA,FL,ASO,ES,Combined TRACON& Tower with Radar,415,60,28,0,503,0,4,26,1,31,415,64,54,1,534,0,0,0,534
06/04/2011,TPA,FL,ASO,ES,Combined TRACON& Tower with Radar,401,33,18,1,453,0,4,14,0,18,401,37,32,1,471,0,0,0,471
06/05/2011,TPA,FL,ASO,ES,Combined TRACON& Tower with Radar,393,40,21,1,455,0,2,13,0,15,393,42,34,1,470,0,0,0,470
06/06/2011,TPA,FL,ASO,ES,Combined TRACON& Tower with Radar,426,51,38,5,520,0,1,26,0,27,426,52,64,5,547,0,0,0,547
06/07/2011,TPA,FL,ASO,ES,Combined TRACON& Tower with Radar,403,65,49,0,517,0,6,27,0,33,403,71,76,0,550,0,0,0,550
06/08/2011,TPA,FL,ASO,ES,Combined TRACON& Tower with Radar,399,65,51,0,515,0,8,44,0,52,399,73,95,0,567,0,0,0,567
06/09/2011,TPA,FL,ASO,ES,Combined TRACON& Tower with Radar,399,64,43,0,506,0,6,38,0,44,399,70,81,0,550,0,0,0,550
06/10/2011,TPA,FL,ASO,ES,Combined TRACON& Tower with Radar,427,53,40,2,522,0,3,32,0,35,427,56,72,2,557,0,0,0,557
06/11/2011,TPA,FL,ASO,ES,Combined TRACON& Tower with Radar,404,37,23,0,464,0,3,28,0,31,404,40,51,0,495,0,0,0,495
06/12/2011,TPA,FL,ASO,ES,Combined TRACON& Tower with Radar,401,33,25,0,459,0,1,29,0,30,401,34,54,0,489,0,0,0,489
06/13/2011,TPA,FL,ASO,ES,Combined TRACON& Tower with Radar,415,49,51,0,515,0,4,32,0,36,415,53,83,0,551,0,0,0,551
06/14/2011,TPA,FL,ASO,ES,Combined TRACON& Tower with Radar,415,58,45,0,518,0,8,26,0,34,415,66,71,0,552,0,0,0,552
06/15/2011,TPA,FL,ASO,ES,Combined TRACON& Tower with Radar,401,57,41,2,501,0,1,24,3,28,401,58,65,5,529,0,0,0,529
06/16/2011,TPA,FL,ASO,ES,Combined TRACON& Tower with Radar,425,65,50,0,540,0,7,26,0,33,425,72,76,0,573,0,0,0,573
06/17/2011,TPA,FL,ASO,ES,Combined TRACON& Tower with Radar,396,57,31,0,484,0,2,23,0,25,396,59,54,0,509,0,0,0,509
06/18/2011,TPA,FL,ASO,ES,Combined TRACON& Tower with Radar,408,38,13,0,459,0,5,22,0,27,408,43,35,0,486,0,0,0,486
06/19/2011,TPA,FL,ASO,ES,Combined TRACON& Tower with Radar,380,42,23,5,450,0,0,20,0,20,380,42,43,5,470,0,0,0,470
06/20/2011,TPA,FL,ASO,ES,Combined TRACON& Tower with Radar,402,56,36,0,494,0,1,53,0,54,402,57,89,0,548,0,0,0,548
06/21/2011,TPA,FL,ASO,ES,Combined TRACON& Tower with Radar,393,49,39,0,481,0,2,41,1,44,393,51,80,1,525,0,0,0,525
06/22/2011,TPA,FL,ASO,ES,Combined TRACON& Tower with Radar,394,64,49,0,507,0,3,38,0,41,394,67,87,0,548,0,0,0,548
06/23/2011,TPA,FL,ASO,ES,Combined TRACON& Tower with Radar,404,57,42,0,503,0,5,26,0,31,404,62,68,0,534,0,0,0,534
06/24/2011,TPA,FL,ASO,ES,Combined TRACON& Tower with Radar,416,57,35,0,508,0,0,19,0,19,416,57,54,0,527,0,0,0,527
06/25/2011,TPA,FL,ASO,ES,Combined TRACON& Tower with Radar,405,39,20,0,464,0,1,12,0,13,405,40,32,0,477,0,0,0,477
06/26/2011,TPA,FL,ASO,ES,Combined TRACON& Tower with Radar,375,32,33,0,440,0,0,16,0,16,375,32,49,0,456,0,0,0,456
06/27/2011,TPA,FL,ASO,ES,Combined TRACON& Tower with Radar,405,45,52,0,502,0,1,24,0,25,405,46,76,0,527,0,0,0,527
06/28/2011,TPA,FL,ASO,ES,Combined TRACON& Tower with Radar,390,55,32,0,477,0,3,20,0,23,390,58,52,0,500,26,0,26,526
06/29/2011,TPA,FL,ASO,ES,Combined TRACON& Tower with Radar,411,48,50,0,509,0,2,23,0,25,411,50,73,0,534,0,0,0,534
06/30/2011,TPA,FL,ASO,ES,Combined TRACON& Tower with Radar,416,67,41,2,526,0,4,21,0,25,416,71,62,2,551,0,0,0,551
07/01/2011,TPA,FL,ASO,ES,Combined TRACON& Tower with Radar,417,51,32,0,500,0,2,33,0,35,417,53,65,0,535,0,0,0,535
07/02/2011,TPA,FL,ASO,ES,Combined TRACON& Tower with Radar,385,25,13,0,423,0,3,15,0,18,385,28,28,0,441,0,0,0,441
07/03/2011,TPA,FL,ASO,ES,Combined TRACON& Tower with Radar,327,27,14,0,368,0,3,12,0,15,327,30,26,0,383,0,0,0,383
07/04/2011,TPA,FL,ASO,ES,Combined TRACON& Tower with Radar,373,30,12,0,415,0,0,18,0,18,373,30,30,0,433,0,0,0,433
07/05/2011,TPA,FL,ASO,ES,Combined TRACON& Tower with Radar,401,53,40,0,494,0,1,32,0,33,401,54,72,0,527,0,0,0,527
07/06/2011,TPA,FL,ASO,ES,Combined TRACON& Tower with Radar,394,51,30,0,475,0,7,30,0,37,394,58,60,0,512,0,0,0,512
07/07/2011,TPA,FL,ASO,ES,Combined TRACON& Tower with Radar,394,55,30,0,479,0,4,24,0,28,394,59,54,0,507,0,0,0,507
07/08/2011,TPA,FL,ASO,ES,Combined TRACON& Tower with Radar,383,49,25,3,460,0,3,3,0,6,383,52,28,3,466,0,0,0,466
07/09/2011,TPA,FL,ASO,ES,Combined TRACON& Tower with Radar,407,38,20,0,465,0,2,19,0,21,407,40,39,0,486,12,0,12,498
07/10/2011,TPA,FL,ASO,ES,Combined TRACON& Tower with Radar,375,31,29,1,436,0,0,17,0,17,375,31,46,1,453,0,0,0,453
07/11/2011,TPA,FL,ASO,ES,Combined TRACON& Tower with Radar,403,49,28,0,480,0,3,21,0,24,403,52,49,0,504,0,0,0,504
07/12/2011,TPA,FL,ASO,ES,Combined TRACON& Tower with Radar,397,54,27,2,480,0,1,33,0,34,397,55,60,2,514,0,0,0,514
07/13/2011,TPA,FL,ASO,ES,Combined TRACON& Tower with Radar,405,59,33,0,497,0,2,25,0,27,405,61,58,0,524,0,0,0,524
07/14/2011,TPA,FL,ASO,ES,Combined TRACON& Tower with Radar,411,55,37,3,506,0,3,30,0,33,411,58,67,3,539,0,0,0,539
07/15/2011,TPA,FL,ASO,ES,Combined TRACON& Tower with Radar,432,62,39,0,533,0,3,28,0,31,432,65,67,0,564,0,0,0,564
07/16/2011,TPA,FL,ASO,ES,Combined TRACON& Tower with Radar,424,34,32,1,491,0,1,22,0,23,424,35,54,1,514,0,0,0,514
07/17/2011,TPA,FL,ASO,ES,Combined TRACON& Tower with Radar,391,28,16,1,436,0,4,21,0,25,391,32,37,1,461,0,0,0,461
07/18/2011,TPA,FL,ASO,ES,Combined TRACON& Tower with Radar,420,49,41,0,510,0,2,29,0,31,420,51,70,0,541,0,0,0,541
07/19/2011,TPA,FL,ASO,ES,Combined TRACON& Tower with Radar,391,51,40,1,483,0,6,38,0,44,391,57,78,1,527,0,0,0,527
07/20/2011,TPA,FL,ASO,ES,Combined TRACON& Tower with Radar,414,49,46,0,509,0,5,31,0,36,414,54,77,0,545,0,0,0,545
07/21/2011,TPA,FL,ASO,ES,Combined TRACON& Tower with Radar,393,57,46,1,497,0,6,40,0,46,393,63,86,1,543,0,0,0,543
07/22/2011,TPA,FL,ASO,ES,Combined TRACON& Tower with Radar,420,53,24,2,499,0,4,15,0,19,420,57,39,2,518,0,0,0,518
07/23/2011,TPA,FL,ASO,ES,Combined TRACON& Tower with Radar,401,34,16,0,451,0,2,30,0,32,401,36,46,0,483,0,0,0,483
07/24/2011,TPA,FL,ASO,ES,Combined TRACON& Tower with Radar,374,29,22,2,427,0,0,20,0,20,374,29,42,2,447,0,0,0,447
07/25/2011,TPA,FL,ASO,ES,Combined TRACON& Tower with Radar,392,46,34,0,472,0,1,33,1,35,392,47,67,1,507,0,0,0,507
07/26/2011,TPA,FL,ASO,ES,Combined TRACON& Tower with Radar,392,59,31,0,482,0,2,35,0,37,392,61,66,0,519,0,0,0,519
07/27/2011,TPA,FL,ASO,ES,Combined TRACON& Tower with Radar,414,63,34,1,512,0,3,25,1,29,414,66,59,2,541,0,0,0,541
07/28/2011,TPA,FL,ASO,ES,Combined TRACON& Tower with Radar,409,60,51,0,520,0,5,50,0,55,409,65,101,0,575,0,0,0,575
07/29/2011,TPA,FL,ASO,ES,Combined TRACON& Tower with Radar,400,49,59,0,508,0,8,34,0,42,400,57,93,0,550,0,0,0,550
07/30/2011,TPA,FL,ASO,ES,Combined TRACON& Tower with Radar,392,34,16,1,443,0,3,32,2,37,392,37,48,3,480,0,0,0,480
07/31/2011,TPA,FL,ASO,ES,Combined TRACON& Tower with Radar,395,27,35,1,458,0,0,17,2,19,395,27,52,3,477,0,0,0,477
08/01/2011,TPA,FL,ASO,ES,Combined TRACON& Tower with Radar,400,52,26,0,478,0,1,26,0,27,400,53,52,0,505,0,0,0,505
08/02/2011,TPA,FL,ASO,ES,Combined TRACON& Tower with Radar,401,59,35,0,495,0,4,18,2,24,401,63,53,2,519,0,0,0,519
08/03/2011,TPA,FL,ASO,ES,Combined TRACON& Tower with Radar,407,55,27,0,489,0,4,15,4,23,407,59,42,4,512,0,0,0,512
08/04/2011,TPA,FL,ASO,ES,Combined TRACON& Tower with Radar,419,54,47,1,521,0,3,28,4,35,419,57,75,5,556,0,0,0,556
08/05/2011,TPA,FL,ASO,ES,Combined TRACON& Tower with Radar,408,51,36,3,498,0,4,22,0,26,408,55,58,3,524,0,0,0,524
08/06/2011,TPA,FL,ASO,ES,Combined TRACON& Tower with Radar,404,35,11,0,450,0,2,13,0,15,404,37,24,0,465,0,0,0,465
08/07/2011,TPA,FL,ASO,ES,Combined TRACON& Tower with Radar,391,27,24,1,443,0,2,17,1,20,391,29,41,2,463,0,0,0,463
08/08/2011,TPA,FL,ASO,ES,Combined TRACON& Tower with Radar,416,46,32,0,494,0,1,19,0,20,416,47,51,0,514,0,0,0,514
08/09/2011,TPA,FL,ASO,ES,Combined TRACON& Tower with Radar,404,60,33,0,497,0,1,9,0,10,404,61,42,0,507,0,0,0,507
08/10/2011,TPA,FL,ASO,ES,Combined TRACON& Tower with Radar,391,47,39,0,477,0,4,9,0,13,391,51,48,0,490,0,0,0,490
08/11/2011,TPA,FL,ASO,ES,Combined TRACON& Tower with Radar,400,48,43,1,492,0,6,26,2,34,400,54,69,3,526,0,0,0,526
08/12/2011,TPA,FL,ASO,ES,Combined TRACON& Tower with Radar,410,48,44,0,502,0,5,20,1,26,410,53,64,1,528,0,0,0,528
08/13/2011,TPA,FL,ASO,ES,Combined TRACON& Tower with Radar,404,31,16,1,452,0,0,35,1,36,404,31,51,2,488,0,0,0,488
08/14/2011,TPA,FL,ASO,ES,Combined TRACON& Tower with Radar,343,32,37,0,412,0,1,24,0,25,343,33,61,0,437,0,0,0,437
08/15/2011,TPA,FL,ASO,ES,Combined TRACON& Tower with Radar,377,50,22,0,449,0,1,25,0,26,377,51,47,0,475,0,0,0,475
08/16/2011,TPA,FL,ASO,ES,Combined TRACON& Tower with Radar,372,50,45,0,467,0,4,30,0,34,372,54,75,0,501,0,0,0,501
08/17/2011,TPA,FL,ASO,ES,Combined TRACON& Tower with Radar,362,54,42,0,458,0,3,26,0,29,362,57,68,0,487,0,0,0,487
08/18/2011,TPA,FL,ASO,ES,Combined TRACON& Tower with Radar,377,60,52,0,489,0,7,22,0,29,377,67,74,0,518,0,0,0,518
08/19/2011,TPA,FL,ASO,ES,Combined TRACON& Tower with Radar,384,59,36,1,480,0,4,27,2,33,384,63,63,3,513,0,0,0,513
08/20/2011,TPA,FL,ASO,ES,Combined TRACON& Tower with Radar,351,37,11,1,400,0,2,21,0,23,351,39,32,1,423,0,0,0,423
08/21/2011,TPA,FL,ASO,ES,Combined TRACON& Tower with Radar,339,40,21,1,401,0,1,23,1,25,339,41,44,2,426,0,0,0,426
08/22/2011,TPA,FL,ASO,ES,Combined TRACON& Tower with Radar,394,52,43,0,489,0,2,26,0,28,394,54,69,0,517,0,0,0,517
08/23/2011,TPA,FL,ASO,ES,Combined TRACON& Tower with Radar,377,63,42,0,482,0,3,23,0,26,377,66,65,0,508,0,0,0,508
08/24/2011,TPA,FL,ASO,ES,Combined TRACON& Tower with Radar,373,51,38,0,462,0,5,13,0,18,373,56,51,0,480,0,0,0,480
08/25/2011,TPA,FL,ASO,ES,Combined TRACON& Tower with Radar,368,64,46,0,478,0,5,29,0,34,368,69,75,0,512,0,0,0,512
08/26/2011,TPA,FL,ASO,ES,Combined TRACON& Tower with Radar,389,67,42,0,498,0,6,31,0,37,389,73,73,0,535,0,0,0,535
08/27/2011,TPA,FL,ASO,ES,Combined TRACON& Tower with Radar,311,32,19,0,362,0,3,26,0,29,311,35,45,0,391,0,0,0,391
08/28/2011,TPA,FL,ASO,ES,Combined TRACON& Tower with Radar,265,35,12,0,312,0,0,14,0,14,265,35,26,0,326,0,0,0,326
08/29/2011,TPA,FL,ASO,ES,Combined TRACON& Tower with Radar,348,46,33,1,428,0,1,16,0,17,348,47,49,1,445,0,0,0,445
08/30/2011,TPA,FL,ASO,ES,Combined TRACON& Tower with Radar,366,57,38,5,466,0,2,17,0,19,366,59,55,5,485,26,0,26,511
08/31/2011,TPA,FL,ASO,ES,Combined TRACON& Tower with Radar,372,54,32,2,460,0,3,14,0,17,372,57,46,2,477,10,0,10,487
09/01/2011,TPA,FL,ASO,ES,Combined TRACON& Tower with Radar,380,65,45,2,492,0,2,23,0,25,380,67,68,2,517,0,0,0,517
09/02/2011,TPA,FL,ASO,ES,Combined TRACON& Tower with Radar,382,61,35,2,480,0,3,19,0,22,382,64,54,2,502,0,0,0,502
09/03/2011,TPA,FL,ASO,ES,Combined TRACON& Tower with Radar,317,28,10,3,358,0,4,17,0,21,317,32,27,3,379,0,0,0,379
09/04/2011,TPA,FL,ASO,ES,Combined TRACON& Tower with Radar,292,28,9,0,329,0,0,13,0,13,292,28,22,0,342,0,0,0,342
09/05/2011,TPA,FL,ASO,ES,Combined TRACON& Tower with Radar,350,30,25,0,405,0,1,9,0,10,350,31,34,0,415,0,0,0,415
09/06/2011,TPA,FL,ASO,ES,Combined TRACON& Tower with Radar,366,54,45,0,465,0,3,10,0,13,366,57,55,0,478,0,0,0,478
09/07/2011,TPA,FL,ASO,ES,Combined TRACON& Tower with Radar,367,49,53,0,469,0,2,14,0,16,367,51,67,0,485,0,0,0,485
09/08/2011,TPA,FL,ASO,ES,Combined TRACON& Tower with Radar,366,64,45,0,475,0,5,21,0,26,366,69,66,0,501,0,0,0,501
09/09/2011,TPA,FL,ASO,ES,Combined TRACON& Tower with Radar,385,63,42,1,491,0,4,24,2,30,385,67,66,3,521,0,0,0,521
09/10/2011,TPA,FL,ASO,ES,Combined TRACON& Tower with Radar,334,40,18,2,394,0,3,14,0,17,334,43,32,2,411,0,0,0,411
09/11/2011,TPA,FL,ASO,ES,Combined TRACON& Tower with Radar,335,46,37,1,419,0,0,28,1,29,335,46,65,2,448,0,0,0,448
09/12/2011,TPA,FL,ASO,ES,Combined TRACON& Tower with Radar,380,53,42,0,475,0,2,24,0,26,380,55,66,0,501,0,0,0,501
09/13/2011,TPA,FL,ASO,ES,Combined TRACON& Tower with Radar,353,56,52,2,463,0,2,33,0,35,353,58,85,2,498,0,0,0,498
09/14/2011,TPA,FL,ASO,ES,Combined TRACON& Tower with Radar,352,59,51,0,462,0,4,30,0,34,352,63,81,0,496,0,0,0,496
09/15/2011,TPA,FL,ASO,ES,Combined TRACON& Tower with Radar,375,54,50,0,479,0,2,27,0,29,375,56,77,0,508,0,0,0,508
09/16/2011,TPA,FL,ASO,ES,Combined TRACON& Tower with Radar,381,78,42,0,501,0,3,27,0,30,381,81,69,0,531,0,0,0,531
09/17/2011,TPA,FL,ASO,ES,Combined TRACON& Tower with Radar,326,33,32,0,391,0,2,11,0,13,326,35,43,0,404,0,0,0,404
09/18/2011,TPA,FL,ASO,ES,Combined TRACON& Tower with Radar,336,35,38,0,409,0,3,12,0,15,336,38,50,0,424,0,0,0,424
09/19/2011,TPA,FL,ASO,ES,Combined TRACON& Tower with Radar,371,49,58,0,478,0,2,24,0,26,371,51,82,0,504,0,0,0,504
09/20/2011,TPA,FL,ASO,ES,Combined TRACON& Tower with Radar,355,59,33,0,447,0,1,36,0,37,355,60,69,0,484,0,0,0,484
09/21/2011,TPA,FL,ASO,ES,Combined TRACON& Tower with Radar,361,47,41,0,449,0,3,27,0,30,361,50,68,0,479,0,0,0,479
09/22/2011,TPA,FL,ASO,ES,Combined TRACON& Tower with Radar,376,52,54,0,482,0,4,27,0,31,376,56,81,0,513,0,0,0,513
09/23/2011,TPA,FL,ASO,ES,Combined TRACON& Tower with Radar,385,53,35,3,476,0,1,30,2,33,385,54,65,5,509,0,0,0,509
09/24/2011,TPA,FL,ASO,ES,Combined TRACON& Tower with Radar,329,33,21,0,383,0,1,13,0,14,329,34,34,0,397,0,0,0,397
09/25/2011,TPA,FL,ASO,ES,Combined TRACON& Tower with Radar,336,42,36,1,415,0,1,20,0,21,336,43,56,1,436,0,0,0,436
09/26/2011,TPA,FL,ASO,ES,Combined TRACON& Tower with Radar,374,47,27,0,448,0,3,19,0,22,374,50,46,0,470,0,0,0,470
09/27/2011,TPA,FL,ASO,ES,Combined TRACON& Tower with Radar,350,55,34,2,441,0,3,41,0,44,350,58,75,2,485,0,0,0,485
09/28/2011,TPA,FL,ASO,ES,Combined TRACON& Tower with Radar,350,58,37,0,445,0,4,40,0,44,350,62,77,0,489,0,0,0,489
09/29/2011,TPA,FL,ASO,ES,Combined TRACON& Tower with Radar,374,60,42,0,476,0,2,38,0,40,374,62,80,0,516,0,0,0,516
09/30/2011,TPA,FL,ASO,ES,Combined TRACON& Tower with Radar,383,56,44,0,483,0,2,29,4,35,383,58,73,4,518,0,0,0,518
10/01/2011,TPA,FL,ASO,ES,Combined TRACON& Tower with Radar,333,33,31,0,397,0,4,25,0,29,333,37,56,0,426,0,0,0,426
10/02/2011,TPA,FL,ASO,ES,Combined TRACON& Tower with Radar,361,40,20,0,421,0,0,29,0,29,361,40,49,0,450,0,0,0,450
10/03/2011,TPA,FL,ASO,ES,Combined TRACON& Tower with Radar,381,54,63,1,499,0,2,43,1,46,381,56,106,2,545,0,0,0,545
10/04/2011,TPA,FL,ASO,ES,Combined TRACON& Tower with Radar,365,55,66,1,487,0,2,32,0,34,365,57,98,1,521,0,0,0,521
10/05/2011,TPA,FL,ASO,ES,Combined TRACON& Tower with Radar,368,56,58,0,482,0,0,43,0,43,368,56,101,0,525,0,0,0,525
10/06/2011,TPA,FL,ASO,ES,Combined TRACON& Tower with Radar,384,54,44,0,482,0,0,36,0,36,384,54,80,0,518,0,0,0,518
10/07/2011,TPA,FL,ASO,ES,Combined TRACON& Tower with Radar,402,51,34,0,487,0,4,32,0,36,402,55,66,0,523,0,0,0,523
10/08/2011,TPA,FL,ASO,ES,Combined TRACON& Tower with Radar,351,35,15,0,401,0,1,15,0,16,351,36,30,0,417,0,0,0,417
10/09/2011,TPA,FL,ASO,ES,Combined TRACON& Tower with Radar,365,27,25,0,417,0,0,6,0,6,365,27,31,0,423,0,0,0,423
10/10/2011,TPA,FL,ASO,ES,Combined TRACON& Tower with Radar,387,41,29,0,457,0,0,25,0,25,387,41,54,0,482,0,0,0,482
10/11/2011,TPA,FL,ASO,ES,Combined TRACON& Tower with Radar,372,59,47,4,482,0,5,49,0,54,372,64,96,4,536,0,0,0,536
10/12/2011,TPA,FL,ASO,ES,Combined TRACON& Tower with Radar,371,66,51,7,495,0,5,28,0,33,371,71,79,7,528,0,0,0,528
10/13/2011,TPA,FL,ASO,ES,Combined TRACON& Tower with Radar,381,61,43,5,490,0,7,30,0,37,381,68,73,5,527,0,0,0,527
10/14/2011,TPA,FL,ASO,ES,Combined TRACON& Tower with Radar,394,49,35,1,479,0,6,22,0,28,394,55,57,1,507,0,0,0,507
10/15/2011,TPA,FL,ASO,ES,Combined TRACON& Tower with Radar,344,41,17,0,402,0,3,20,0,23,344,44,37,0,425,0,0,0,425
10/16/2011,TPA,FL,ASO,ES,Combined TRACON& Tower with Radar,370,39,47,1,457,0,0,39,0,39,370,39,86,1,496,0,0,0,496
10/17/2011,TPA,FL,ASO,ES,Combined TRACON& Tower with Radar,386,47,51,2,486,0,1,26,0,27,386,48,77,2,513,0,0,0,513
10/18/2011,TPA,FL,ASO,ES,Combined TRACON& Tower with Radar,364,58,51,0,473,0,1,14,0,15,364,59,65,0,488,0,0,0,488
10/19/2011,TPA,FL,ASO,ES,Combined TRACON& Tower with Radar,295,49,37,2,383,0,0,8,1,9,295,49,45,3,392,0,0,0,392
10/20/2011,TPA,FL,ASO,ES,Combined TRACON& Tower with Radar,394,64,62,0,520,0,2,33,0,35,394,66,95,0,555,0,0,0,555
10/21/2011,TPA,FL,ASO,ES,Combined TRACON& Tower with Radar,396,56,44,0,496,0,4,22,2,28,396,60,66,2,524,0,0,0,524
10/22/2011,TPA,FL,ASO,ES,Combined TRACON& Tower with Radar,345,37,23,0,405,0,6,25,0,31,345,43,48,0,436,0,0,0,436
10/23/2011,TPA,FL,ASO,ES,Combined TRACON& Tower with Radar,360,33,29,1,423,0,0,28,2,30,360,33,57,3,453,0,0,0,453
10/24/2011,TPA,FL,ASO,ES,Combined TRACON& Tower with Radar,390,50,27,2,469,0,5,20,0,25,390,55,47,2,494,0,0,0,494
10/25/2011,TPA,FL,ASO,ES,Combined TRACON& Tower with Radar,362,55,49,0,466,0,3,23,0,26,362,58,72,0,492,0,0,0,492
10/26/2011,TPA,FL,ASO,ES,Combined TRACON& Tower with Radar,377,61,61,0,499,0,4,34,0,38,377,65,95,0,537,0,0,0,537
10/27/2011,TPA,FL,ASO,ES,Combined TRACON& Tower with Radar,386,65,52,6,509,0,3,34,0,37,386,68,86,6,546,0,0,0,546
10/28/2011,TPA,FL,ASO,ES,Combined TRACON& Tower with Radar,397,56,46,4,503,0,3,22,0,25,397,59,68,4,528,0,0,0,528
10/29/2011,TPA,FL,ASO,ES,Combined TRACON& Tower with Radar,327,45,20,2,394,0,0,16,0,16,327,45,36,2,410,0,0,0,410
10/30/2011,TPA,FL,ASO,ES,Combined TRACON& Tower with Radar,367,35,40,1,443,0,1,13,1,15,367,36,53,2,458,0,0,0,458
10/31/2011,TPA,FL,ASO,ES,Combined TRACON& Tower with Radar,371,39,36,0,446,0,1,13,0,14,371,40,49,0,460,0,0,0,460
11/01/2011,TPA,FL,ASO,ES,Combined TRACON& Tower with Radar,375,65,45,3,488,0,4,41,0,45,375,69,86,3,533,0,0,0,533
11/02/2011,TPA,FL,ASO,ES,Combined TRACON& Tower with Radar,373,62,41,0,476,0,3,20,0,23,373,65,61,0,499,0,0,0,499
11/03/2011,TPA,FL,ASO,ES,Combined TRACON& Tower with Radar,390,56,61,0,507,0,6,40,0,46,390,62,101,0,553,0,0,0,553
11/04/2011,TPA,FL,ASO,ES,Combined TRACON& Tower with Radar,399,55,58,4,516,0,3,26,0,29,399,58,84,4,545,0,0,0,545
11/05/2011,TPA,FL,ASO,ES,Combined TRACON& Tower with Radar,352,40,28,2,422,0,4,17,2,23,352,44,45,4,445,0,0,0,445
11/06/2011,TPA,FL,ASO,ES,Combined TRACON& Tower with Radar,378,40,37,7,462,0,0,17,1,18,378,40,54,8,480,0,0,0,480
11/07/2011,TPA,FL,ASO,ES,Combined TRACON& Tower with Radar,380,52,49,5,486,0,2,22,0,24,380,54,71,5,510,0,0,0,510
11/08/2011,TPA,FL,ASO,ES,Combined TRACON& Tower with Radar,375,68,39,1,483,0,4,16,0,20,375,72,55,1,503,0,0,0,503
11/09/2011,TPA,FL,ASO,ES,Combined TRACON& Tower with Radar,369,65,57,4,495,0,4,27,0,31,369,69,84,4,526,0,0,0,526
11/10/2011,TPA,FL,ASO,ES,Combined TRACON& Tower with Radar,404,66,51,3,524,0,5,37,0,42,404,71,88,3,566,0,0,0,566
11/11/2011,TPA,FL,ASO,ES,Combined TRACON& Tower with Radar,406,53,48,0,507,0,4,37,0,41,406,57,85,0,548,0,0,0,548
11/12/2011,TPA,FL,ASO,ES,Combined TRACON& Tower with Radar,378,46,23,1,448,0,1,21,2,24,378,47,44,3,472,0,0,0,472
11/13/2011,TPA,FL,ASO,ES,Combined TRACON& Tower with Radar,376,35,42,0,453,0,3,22,1,26,376,38,64,1,479,20,0,20,499
11/14/2011,TPA,FL,ASO,ES,Combined TRACON& Tower with Radar,397,53,47,0,497,0,5,19,2,26,397,58,66,2,523,0,0,0,523
11/15/2011,TPA,FL,ASO,ES,Combined TRACON& Tower with Radar,373,57,64,0,494,0,3,28,0,31,373,60,92,0,525,0,0,0,525
11/16/2011,TPA,FL,ASO,ES,Combined TRACON& Tower with Radar,377,66,64,0,507,0,2,20,0,22,377,68,84,0,529,0,0,0,529
11/17/2011,TPA,FL,ASO,ES,Combined TRACON& Tower with Radar,416,65,61,1,543,0,2,25,0,27,416,67,86,1,570,0,0,0,570
11/18/2011,TPA,FL,ASO,ES,Combined TRACON& Tower with Radar,412,74,70,1,557,0,1,31,0,32,412,75,101,1,589,0,0,0,589
11/19/2011,TPA,FL,ASO,ES,Combined TRACON& Tower with Radar,396,39,38,2,475,0,5,30,0,35,396,44,68,2,510,0,0,0,510
11/20/2011,TPA,FL,ASO,ES,Combined TRACON& Tower with Radar,396,35,24,1,456,0,0,17,0,17,396,35,41,1,473,0,0,0,473
11/21/2011,TPA,FL,ASO,ES,Combined TRACON& Tower with Radar,395,54,35,0,484,0,1,34,0,35,395,55,69,0,519,0,0,0,519
11/22/2011,TPA,FL,ASO,ES,Combined TRACON& Tower with Radar,420,66,46,0,532,0,3,24,0,27,420,69,70,0,559,0,0,0,559
11/23/2011,TPA,FL,ASO,ES,Combined TRACON& Tower with Radar,441,65,35,0,541,0,1,31,1,33,441,66,66,1,574,0,0,0,574
11/24/2011,TPA,FL,ASO,ES,Combined TRACON& Tower with Radar,301,33,11,0,345,0,1,19,0,20,301,34,30,0,365,0,0,0,365
11/25/2011,TPA,FL,ASO,ES,Combined TRACON& Tower with Radar,355,31,19,0,405,0,7,37,0,44,355,38,56,0,449,0,0,0,449
11/26/2011,TPA,FL,ASO,ES,Combined TRACON& Tower with Radar,405,41,28,0,474,0,2,14,0,16,405,43,42,0,490,0,0,0,490
11/27/2011,TPA,FL,ASO,ES,Combined TRACON& Tower with Radar,440,45,43,0,528,0,0,24,0,24,440,45,67,0,552,0,0,0,552
11/28/2011,TPA,FL,ASO,ES,Combined TRACON& Tower with Radar,441,55,46,0,542,0,0,12,0,12,441,55,58,0,554,0,0,0,554
11/29/2011,TPA,FL,ASO,ES,Combined TRACON& Tower with Radar,394,64,62,0,520,0,7,28,0,35,394,71,90,0,555,0,0,0,555
11/30/2011,TPA,FL,ASO,ES,Combined TRACON& Tower with Radar,387,63,55,0,505,0,1,35,0,36,387,64,90,0,541,0,0,0,541
12/01/2011,TPA,FL,ASO,ES,Combined TRACON& Tower with Radar,411,73,48,0,532,0,2,45,0,47,411,75,93,0,579,0,0,0,579
12/02/2011,TPA,FL,ASO,ES,Combined TRACON& Tower with Radar,403,66,56,1,526,0,2,36,0,38,403,68,92,1,564,0,0,0,564
12/03/2011,TPA,FL,ASO,ES,Combined TRACON& Tower with Radar,370,48,14,0,432,0,0,18,0,18,370,48,32,0,450,0,0,0,450
12/04/2011,TPA,FL,ASO,ES,Combined TRACON& Tower with Radar,375,49,70,1,495,0,3,26,0,29,375,52,96,1,524,0,0,0,524
12/05/2011,TPA,FL,ASO,ES,Combined TRACON& Tower with Radar,389,56,50,2,497,0,2,19,0,21,389,58,69,2,518,0,0,0,518
12/06/2011,TPA,FL,ASO,ES,Combined TRACON& Tower with Radar,378,57,37,0,472,0,4,32,3,39,378,61,69,3,511,0,0,0,511
12/07/2011,TPA,FL,ASO,ES,Combined TRACON& Tower with Radar,383,56,40,2,481,0,2,21,2,25,383,58,61,4,506,0,0,0,506
12/08/2011,TPA,FL,ASO,ES,Combined TRACON& Tower with Radar,409,59,37,4,509,0,3,34,0,37,409,62,71,4,546,0,0,0,546
12/09/2011,TPA,FL,ASO,ES,Combined TRACON& Tower with Radar,393,73,64,2,532,0,3,23,1,27,393,76,87,3,559,0,0,0,559
12/10/2011,TPA,FL,ASO,ES,Combined TRACON& Tower with Radar,378,43,29,3,453,0,1,13,0,14,378,44,42,3,467,0,0,0,467
12/11/2011,TPA,FL,ASO,ES,Combined TRACON& Tower with Radar,381,33,26,3,443,0,0,9,1,10,381,33,35,4,453,0,0,0,453
12/12/2011,TPA,FL,ASO,ES,Combined TRACON& Tower with Radar,394,59,49,3,505,0,1,18,0,19,394,60,67,3,524,0,0,0,524
12/13/2011,TPA,FL,ASO,ES,Combined TRACON& Tower with Radar,379,66,38,2,485,0,4,31,2,37,379,70,69,4,522,0,0,0,522
12/14/2011,TPA,FL,ASO,ES,Combined TRACON& Tower with Radar,385,78,43,1,507,0,3,44,2,49,385,81,87,3,556,0,0,0,556
12/15/2011,TPA,FL,ASO,ES,Combined TRACON& Tower with Radar,424,53,49,0,526,0,16,39,0,55,424,69,88,0,581,0,0,0,581
12/16/2011,TPA,FL,ASO,ES,Combined TRACON& Tower with Radar,424,64,46,2,536,0,3,39,0,42,424,67,85,2,578,0,0,0,578
12/17/2011,TPA,FL,ASO,ES,Combined TRACON& Tower with Radar,410,49,45,0,504,0,0,22,0,22,410,49,67,0,526,0,0,0,526
12/18/2011,TPA,FL,ASO,ES,Combined TRACON& Tower with Radar,412,41,26,0,479,0,1,23,1,25,412,42,49,1,504,0,0,0,504
12/19/2011,TPA,FL,ASO,ES,Combined TRACON& Tower with Radar,423,47,33,0,503,0,3,22,0,25,423,50,55,0,528,0,0,0,528
12/20/2011,TPA,FL,ASO,ES,Combined TRACON& Tower with Radar,432,62,45,2,541,0,2,16,0,18,432,64,61,2,559,0,0,0,559
12/21/2011,TPA,FL,ASO,ES,Combined TRACON& Tower with Radar,422,63,48,0,533,0,8,22,0,30,422,71,70,0,563,0,0,0,563
12/22/2011,TPA,FL,ASO,ES,Combined TRACON& Tower with Radar,463,56,40,0,559,0,5,18,0,23,463,61,58,0,582,0,0,0,582
12/23/2011,TPA,FL,ASO,ES,Combined TRACON& Tower with Radar,457,62,18,0,537,0,4,23,1,28,457,66,41,1,565,0,0,0,565
12/24/2011,TPA,FL,ASO,ES,Combined TRACON& Tower with Radar,390,38,22,0,450,0,1,10,0,11,390,39,32,0,461,0,0,0,461
12/25/2011,TPA,FL,ASO,ES,Combined TRACON& Tower with Radar,369,39,9,0,417,0,1,14,0,15,369,40,23,0,432,0,0,0,432
12/26/2011,TPA,FL,ASO,ES,Combined TRACON& Tower with Radar,445,54,39,0,538,0,2,9,0,11,445,56,48,0,549,0,0,0,549
12/27/2011,TPA,FL,ASO,ES,Combined TRACON& Tower with Radar,445,53,40,2,540,0,1,7,0,8,445,54,47,2,548,0,0,0,548
12/28/2011,TPA,FL,ASO,ES,Combined TRACON& Tower with Radar,462,54,16,0,532,0,5,25,0,30,462,59,41,0,562,0,0,0,562
12/29/2011,TPA,FL,ASO,ES,Combined TRACON& Tower with Radar,453,65,29,0,547,0,5,28,0,33,453,70,57,0,580,0,0,0,580
12/30/2011,TPA,FL,ASO,ES,Combined TRACON& Tower with Radar,442,61,35,1,539,0,6,34,1,41,442,67,69,2,580,0,0,0,580
12/31/2011,TPA,FL,ASO,ES,Combined TRACON& Tower with Radar,396,41,17,1,455,0,3,11,0,14,396,44,28,1,469,0,0,0,469
01/01/2012,TPA,FL,ASO,ES,Combined TRACON& Tower with Radar,378,36,43,1,458,0,0,14,0,14,378,36,57,1,472,0,0,0,472
01/02/2012,TPA,FL,ASO,ES,Combined TRACON& Tower with Radar,449,52,86,0,587,0,5,26,1,32,449,57,112,1,619,0,0,0,619
01/03/2012,TPA,FL,ASO,ES,Combined TRACON& Tower with Radar,441,59,50,1,551,0,3,13,0,16,441,62,63,1,567,0,0,0,567
01/04/2012,TPA,FL,ASO,ES,Combined TRACON& Tower with Radar,393,67,25,1,486,0,5,26,0,31,393,72,51,1,517,0,0,0,517
01/05/2012,TPA,FL,ASO,ES,Combined TRACON& Tower with Radar,410,62,30,0,502,0,4,31,0,35,410,66,61,0,537,0,0,0,537
01/06/2012,TPA,FL,ASO,ES,Combined TRACON& Tower with Radar,396,60,46,1,503,0,5,24,2,31,396,65,70,3,534,0,0,0,534
01/07/2012,TPA,FL,ASO,ES,Combined TRACON& Tower with Radar,367,38,29,2,436,0,0,19,0,19,367,38,48,2,455,0,0,0,455
01/08/2012,TPA,FL,ASO,ES,Combined TRACON& Tower with Radar,373,31,16,3,423,0,3,16,0,19,373,34,32,3,442,0,0,0,442
01/09/2012,TPA,FL,ASO,ES,Combined TRACON& Tower with Radar,393,50,39,1,483,0,5,26,0,31,393,55,65,1,514,0,0,0,514
01/10/2012,TPA,FL,ASO,ES,Combined TRACON& Tower with Radar,374,50,30,1,455,0,4,22,0,26,374,54,52,1,481,0,0,0,481
01/11/2012,TPA,FL,ASO,ES,Combined TRACON& Tower with Radar,377,54,35,0,466,0,3,15,0,18,377,57,50,0,484,0,0,0,484
01/12/2012,TPA,FL,ASO,ES,Combined TRACON& Tower with Radar,397,63,44,0,504,0,3,22,0,25,397,66,66,0,529,0,0,0,529
01/13/2012,TPA,FL,ASO,ES,Combined TRACON& Tower with Radar,395,61,49,2,507,0,1,34,0,35,395,62,83,2,542,0,0,0,542
01/14/2012,TPA,FL,ASO,ES,Combined TRACON& Tower with Radar,362,30,21,0,413,0,2,24,0,26,362,32,45,0,439,0,0,0,439
01/15/2012,TPA,FL,ASO,ES,Combined TRACON& Tower with Radar,372,26,24,0,422,0,1,24,1,26,372,27,48,1,448,0,0,0,448
01/16/2012,TPA,FL,ASO,ES,Combined TRACON& Tower with Radar,390,48,43,2,483,0,0,34,0,34,390,48,77,2,517,0,0,0,517
01/17/2012,TPA,FL,ASO,ES,Combined TRACON& Tower with Radar,372,55,61,7,495,0,4,23,0,27,372,59,84,7,522,0,0,0,522
01/18/2012,TPA,FL,ASO,ES,Combined TRACON& Tower with Radar,371,64,61,2,498,0,5,17,0,22,371,69,78,2,520,0,0,0,520
01/19/2012,TPA,FL,ASO,ES,Combined TRACON& Tower with Radar,404,66,54,4,528,0,4,17,0,21,404,70,71,4,549,0,0,0,549
01/20/2012,TPA,FL,ASO,ES,Combined TRACON& Tower with Radar,386,66,58,4,514,0,8,26,6,40,386,74,84,10,554,0,0,0,554
01/21/2012,TPA,FL,ASO,ES,Combined TRACON& Tower with Radar,352,36,25,0,413,0,6,20,0,26,352,42,45,0,439,0,0,0,439
01/22/2012,TPA,FL,ASO,ES,Combined TRACON& Tower with Radar,378,37,36,1,452,0,8,19,0,27,378,45,55,1,479,0,0,0,479
01/23/2012,TPA,FL,ASO,ES,Combined TRACON& Tower with Radar,388,44,43,3,478,0,2,23,0,25,388,46,66,3,503,0,0,0,503
01/24/2012,TPA,FL,ASO,ES,Combined TRACON& Tower with Radar,371,56,61,4,492,0,6,21,0,27,371,62,82,4,519,0,0,0,519
01/25/2012,TPA,FL,ASO,ES,Combined TRACON& Tower with Radar,367,59,57,3,486,0,6,34,0,40,367,65,91,3,526,0,0,0,526
01/26/2012,TPA,FL,ASO,ES,Combined TRACON& Tower with Radar,401,57,72,7,537,0,5,29,0,34,401,62,101,7,571,0,0,0,571
01/27/2012,TPA,FL,ASO,ES,Combined TRACON& Tower with Radar,390,69,38,8,505,0,1,19,2,22,390,70,57,10,527,0,0,0,527
01/28/2012,TPA,FL,ASO,ES,Combined TRACON& Tower with Radar,360,26,14,3,403,0,2,26,0,28,360,28,40,3,431,0,0,0,431
01/29/2012,TPA,FL,ASO,ES,Combined TRACON& Tower with Radar,371,35,20,4,430,0,2,24,0,26,371,37,44,4,456,0,0,0,456
01/30/2012,TPA,FL,ASO,ES,Combined TRACON& Tower with Radar,393,58,45,8,504,0,2,23,0,25,393,60,68,8,529,0,0,0,529
01/31/2012,TPA,FL,ASO,ES,Combined TRACON& Tower with Radar,376,84,84,13,557,0,7,21,0,28,376,91,105,13,585,0,0,0,585
02/01/2012,TPA,FL,ASO,ES,Combined TRACON& Tower with Radar,375,68,43,7,493,0,3,32,0,35,375,71,75,7,528,0,0,0,528
02/02/2012,TPA,FL,ASO,ES,Combined TRACON& Tower with Radar,398,67,40,12,517,0,3,30,0,33,398,70,70,12,550,0,0,0,550
02/03/2012,TPA,FL,ASO,ES,Combined TRACON& Tower with Radar,388,71,39,7,505,0,2,22,0,24,388,73,61,7,529,0,0,0,529
02/04/2012,TPA,FL,ASO,ES,Combined TRACON& Tower with Radar,365,35,36,0,436,0,2,25,0,27,365,37,61,0,463,0,0,0,463
02/05/2012,TPA,FL,ASO,ES,Combined TRACON& Tower with Radar,376,23,26,1,426,0,1,15,0,16,376,24,41,1,442,0,0,0,442
02/06/2012,TPA,FL,ASO,ES,Combined TRACON& Tower with Radar,393,53,53,19,518,0,2,19,0,21,393,55,72,19,539,0,0,0,539
02/07/2012,TPA,FL,ASO,ES,Combined TRACON& Tower with Radar,370,64,46,7,487,0,3,5,0,8,370,67,51,7,495,0,0,0,495
02/08/2012,TPA,FL,ASO,ES,Combined TRACON& Tower with Radar,377,61,55,5,498,0,3,22,0,25,377,64,77,5,523,0,0,0,523
02/09/2012,TPA,FL,ASO,ES,Combined TRACON& Tower with Radar,402,66,54,10,532,0,3,30,0,33,402,69,84,10,565,0,0,0,565
02/10/2012,TPA,FL,ASO,ES,Combined TRACON& Tower with Radar,399,70,40,11,520,0,1,12,3,16,399,71,52,14,536,0,0,0,536
02/11/2012,TPA,FL,ASO,ES,Combined TRACON& Tower with Radar,370,39,22,1,432,0,1,16,0,17,370,40,38,1,449,0,0,0,449
02/12/2012,TPA,FL,ASO,ES,Combined TRACON& Tower with Radar,390,43,49,7,489,0,1,18,2,21,390,44,67,9,510,0,0,0,510
02/13/2012,TPA,FL,ASO,ES,Combined TRACON& Tower with Radar,402,44,30,16,492,0,4,33,0,37,402,48,63,16,529,0,0,0,529
02/14/2012,TPA,FL,ASO,ES,Combined TRACON& Tower with Radar,390,61,38,2,491,0,5,27,0,32,390,66,65,2,523,0,0,0,523
02/15/2012,TPA,FL,ASO,ES,Combined TRACON& Tower with Radar,396,62,60,8,526,0,3,40,0,43,396,65,100,8,569,0,0,0,569
02/16/2012,TPA,FL,ASO,ES,Combined TRACON& Tower with Radar,431,68,65,13,577,0,3,38,0,41,431,71,103,13,618,0,0,0,618
02/17/2012,TPA,FL,ASO,ES,Combined TRACON& Tower with Radar,433,74,78,22,607,0,2,12,1,15,433,76,90,23,622,0,0,0,622
02/18/2012,TPA,FL,ASO,ES,Combined TRACON& Tower with Radar,418,44,30,4,496,0,0,14,0,14,418,44,44,4,510,0,0,0,510
02/19/2012,TPA,FL,ASO,ES,Combined TRACON& Tower with Radar,420,37,36,7,500,0,2,8,2,12,420,39,44,9,512,0,0,0,512
02/20/2012,TPA,FL,ASO,ES,Combined TRACON& Tower with Radar,423,42,51,6,522,0,2,28,0,30,423,44,79,6,552,0,0,0,552
02/21/2012,TPA,FL,ASO,ES,Combined TRACON& Tower with Radar,421,64,55,3,543,0,3,43,0,46,421,67,98,3,589,10,0,10,599
02/22/2012,TPA,FL,ASO,ES,Combined TRACON& Tower with Radar,429,64,49,2,544,0,6,17,0,23,429,70,66,2,567,0,0,0,567
02/23/2012,TPA,FL,ASO,ES,Combined TRACON& Tower with Radar,439,52,76,4,571,0,3,12,0,15,439,55,88,4,586,0,0,0,586
02/24/2012,TPA,FL,ASO,ES,Combined TRACON& Tower with Radar,425,78,65,5,573,0,0,23,0,23,425,78,88,5,596,0,0,0,596
02/25/2012,TPA,FL,ASO,ES,Combined TRACON& Tower with Radar,417,54,42,1,514,0,1,15,0,16,417,55,57,1,530,0,0,0,530
02/26/2012,TPA,FL,ASO,ES,Combined TRACON& Tower with Radar,424,34,64,2,524,0,2,16,0,18,424,36,80,2,542,0,0,0,542
02/27/2012,TPA,FL,ASO,ES,Combined TRACON& Tower with Radar,425,59,38,0,522,0,0,23,0,23,425,59,61,0,545,0,0,0,545
02/28/2012,TPA,FL,ASO,ES,Combined TRACON& Tower with Radar,418,66,56,0,540,0,2,27,0,29,418,68,83,0,569,0,0,0,569
02/29/2012,TPA,FL,ASO,ES,Combined TRACON& Tower with Radar,406,55,61,0,522,0,3,35,0,38,406,58,96,0,560,0,0,0,560
03/01/2012,TPA,FL,ASO,ES,Combined TRACON& Tower with Radar,440,70,49,0,559,0,2,28,3,33,440,72,77,3,592,0,0,0,592
03/02/2012,TPA,FL,ASO,ES,Combined TRACON& Tower with Radar,434,72,72,3,581,0,4,28,0,32,434,76,100,3,613,0,0,0,613
03/03/2012,TPA,FL,ASO,ES,Combined TRACON& Tower with Radar,421,39,33,0,493,0,0,13,0,13,421,39,46,0,506,0,0,0,506
03/04/2012,TPA,FL,ASO,ES,Combined TRACON& Tower with Radar,434,31,32,6,503,0,0,6,0,6,434,31,38,6,509,0,0,0,509
03/05/2012,TPA,FL,ASO,ES,Combined TRACON& Tower with Radar,438,50,41,2,531,0,2,27,0,29,438,52,68,2,560,0,0,0,560
03/06/2012,TPA,FL,ASO,ES,Combined TRACON& Tower with Radar,431,57,55,0,543,0,1,33,0,34,431,58,88,0,577,0,0,0,577
03/07/2012,TPA,FL,ASO,ES,Combined TRACON& Tower with Radar,426,55,53,1,535,0,3,31,0,34,426,58,84,1,569,0,0,0,569
03/08/2012,TPA,FL,ASO,ES,Combined TRACON& Tower with Radar,446,48,55,0,549,0,2,18,0,20,446,50,73,0,569,0,0,0,569
03/09/2012,TPA,FL,ASO,ES,Combined TRACON& Tower with Radar,447,71,61,0,579,0,2,28,0,30,447,73,89,0,609,0,0,0,609
03/10/2012,TPA,FL,ASO,ES,Combined TRACON& Tower with Radar,449,43,37,0,529,0,1,14,0,15,449,44,51,0,544,0,0,0,544
03/11/2012,TPA,FL,ASO,ES,Combined TRACON& Tower with Radar,446,32,36,0,514,0,2,10,0,12,446,34,46,0,526,0,0,0,526
03/12/2012,TPA,FL,ASO,ES,Combined TRACON& Tower with Radar,445,48,70,2,565,0,3,31,0,34,445,51,101,2,599,0,0,0,599
03/13/2012,TPA,FL,ASO,ES,Combined TRACON& Tower with Radar,439,67,33,0,539,0,4,18,0,22,439,71,51,0,561,0,0,0,561
03/14/2012,TPA,FL,ASO,ES,Combined TRACON& Tower with Radar,440,72,58,0,570,0,3,34,0,37,440,75,92,0,607,0,0,0,607
03/15/2012,TPA,FL,ASO,ES,Combined TRACON& Tower with Radar,454,65,66,0,585,0,2,41,0,43,454,67,107,0,628,0,0,0,628
03/16/2012,TPA,FL,ASO,ES,Combined TRACON& Tower with Radar,460,59,54,0,573,0,3,38,0,41,460,62,92,0,614,0,0,0,614
03/17/2012,TPA,FL,ASO,ES,Combined TRACON& Tower with Radar,449,41,53,0,543,0,4,30,0,34,449,45,83,0,577,0,0,0,577
03/18/2012,TPA,FL,ASO,ES,Combined TRACON& Tower with Radar,451,33,53,0,537,0,0,26,0,26,451,33,79,0,563,0,0,0,563
03/19/2012,TPA,FL,ASO,ES,Combined TRACON& Tower with Radar,444,59,41,0,544,0,2,24,0,26,444,61,65,0,570,0,0,0,570
03/20/2012,TPA,FL,ASO,ES,Combined TRACON& Tower with Radar,445,64,49,0,558,0,3,19,0,22,445,67,68,0,580,0,0,0,580
03/21/2012,TPA,FL,ASO,ES,Combined TRACON& Tower with Radar,442,69,50,2,563,0,1,24,0,25,442,70,74,2,588,0,0,0,588
03/22/2012,TPA,FL,ASO,ES,Combined TRACON& Tower with Radar,456,70,57,8,591,0,1,27,5,33,456,71,84,13,624,0,0,0,624
03/23/2012,TPA,FL,ASO,ES,Combined TRACON& Tower with Radar,453,62,63,0,578,0,1,28,0,29,453,63,91,0,607,0,0,0,607
03/24/2012,TPA,FL,ASO,ES,Combined TRACON& Tower with Radar,456,43,42,4,545,0,2,30,1,33,456,45,72,5,578,0,0,0,578
03/25/2012,TPA,FL,ASO,ES,Combined TRACON& Tower with Radar,452,33,46,1,532,0,0,17,1,18,452,33,63,2,550,0,0,0,550
03/26/2012,TPA,FL,ASO,ES,Combined TRACON& Tower with Radar,449,47,40,1,537,0,2,46,0,48,449,49,86,1,585,0,0,0,585
03/27/2012,TPA,FL,ASO,ES,Combined TRACON& Tower with Radar,443,60,49,4,556,0,3,29,0,32,443,63,78,4,588,10,0,10,598
03/28/2012,TPA,FL,ASO,ES,Combined TRACON& Tower with Radar,438,63,67,4,572,0,8,30,0,38,438,71,97,4,610,0,0,0,610
03/29/2012,TPA,FL,ASO,ES,Combined TRACON& Tower with Radar,457,73,62,5,597,0,5,29,1,35,457,78,91,6,632,0,0,0,632
03/30/2012,TPA,FL,ASO,ES,Combined TRACON& Tower with Radar,453,75,55,2,585,0,3,27,3,33,453,78,82,5,618,0,0,0,618
03/31/2012,TPA,FL,ASO,ES,Combined TRACON& Tower with Radar,468,38,39,0,545,0,1,12,0,13,468,39,51,0,558,0,0,0,558
04/01/2012,TPA,FL,ASO,ES,Combined TRACON& Tower with Radar,455,33,39,0,527,0,1,28,1,30,455,34,67,1,557,0,0,0,557
04/02/2012,TPA,FL,ASO,ES,Combined TRACON& Tower with Radar,441,53,40,0,534,0,2,28,0,30,441,55,68,0,564,0,0,0,564
04/03/2012,TPA,FL,ASO,ES,Combined TRACON& Tower with Radar,443,47,53,1,544,0,3,33,0,36,443,50,86,1,580,0,0,0,580
04/04/2012,TPA,FL,ASO,ES,Combined TRACON& Tower with Radar,437,48,50,0,535,0,5,32,0,37,437,53,82,0,572,0,0,0,572
04/05/2012,TPA,FL,ASO,ES,Combined TRACON& Tower with Radar,451,63,57,0,571,0,0,26,0,26,451,63,83,0,597,0,0,0,597
04/06/2012,TPA,FL,ASO,ES,Combined TRACON& Tower with Radar,453,61,46,0,560,0,3,27,0,30,453,64,73,0,590,0,0,0,590
04/07/2012,TPA,FL,ASO,ES,Combined TRACON& Tower with Radar,445,41,33,0,519,0,3,29,0,32,445,44,62,0,551,0,0,0,551
04/08/2012,TPA,FL,ASO,ES,Combined TRACON& Tower with Radar,443,34,31,0,508,0,0,14,0,14,443,34,45,0,522,0,0,0,522
04/09/2012,TPA,FL,ASO,ES,Combined TRACON& Tower with Radar,442,52,41,0,535,0,0,17,0,17,442,52,58,0,552,0,0,0,552
04/10/2012,TPA,FL,ASO,ES,Combined TRACON& Tower with Radar,422,58,72,0,552,0,3,29,0,32,422,61,101,0,584,0,0,0,584
04/11/2012,TPA,FL,ASO,ES,Combined TRACON& Tower with Radar,421,57,55,0,533,0,3,26,0,29,421,60,81,0,562,0,0,0,562
04/12/2012,TPA,FL,ASO,ES,Combined TRACON& Tower with Radar,439,62,60,1,562,0,4,22,0,26,439,66,82,1,588,0,0,0,588
04/13/2012,TPA,FL,ASO,ES,Combined TRACON& Tower with Radar,430,53,44,2,529,0,4,16,0,20,430,57,60,2,549,0,0,0,549
04/14/2012,TPA,FL,ASO,ES,Combined TRACON& Tower with Radar,428,44,35,0,507,0,0,15,0,15,428,44,50,0,522,0,0,0,522
04/15/2012,TPA,FL,ASO,ES,Combined TRACON& Tower with Radar,417,50,38,3,508,0,1,18,0,19,417,51,56,3,527,0,0,0,527
04/16/2012,TPA,FL,ASO,ES,Combined TRACON& Tower with Radar,429,51,43,0,523,0,2,30,0,32,429,53,73,0,555,0,0,0,555
04/17/2012,TPA,FL,ASO,ES,Combined TRACON& Tower with Radar,409,60,57,1,527,0,3,27,0,30,409,63,84,1,557,0,0,0,557
04/18/2012,TPA,FL,ASO,ES,Combined TRACON& Tower with Radar,407,61,52,2,522,0,4,36,0,40,407,65,88,2,562,0,0,0,562
04/19/2012,TPA,FL,ASO,ES,Combined TRACON& Tower with Radar,423,62,54,2,541,0,2,21,0,23,423,64,75,2,564,0,0,0,564
04/20/2012,TPA,FL,ASO,ES,Combined TRACON& Tower with Radar,428,60,39,0,527,0,0,21,1,22,428,60,60,1,549,0,0,0,549
04/21/2012,TPA,FL,ASO,ES,Combined TRACON& Tower with Radar,422,22,17,0,461,0,0,9,0,9,422,22,26,0,470,0,0,0,470
04/22/2012,TPA,FL,ASO,ES,Combined TRACON& Tower with Radar,407,38,44,0,489,0,0,17,1,18,407,38,61,1,507,0,0,0,507
04/23/2012,TPA,FL,ASO,ES,Combined TRACON& Tower with Radar,423,55,34,6,518,0,2,15,0,17,423,57,49,6,535,0,0,0,535
04/24/2012,TPA,FL,ASO,ES,Combined TRACON& Tower with Radar,409,62,48,5,524,0,3,36,0,39,409,65,84,5,563,0,0,0,563
04/25/2012,TPA,FL,ASO,ES,Combined TRACON& Tower with Radar,406,60,49,5,520,0,4,26,0,30,406,64,75,5,550,0,0,0,550
04/26/2012,TPA,FL,ASO,ES,Combined TRACON& Tower with Radar,414,55,50,5,524,0,4,19,0,23,414,59,69,5,547,0,0,0,547
04/27/2012,TPA,FL,ASO,ES,Combined TRACON& Tower with Radar,413,72,50,0,535,0,5,36,1,42,413,77,86,1,577,0,0,0,577
04/28/2012,TPA,FL,ASO,ES,Combined TRACON& Tower with Radar,418,36,29,1,484,0,2,25,0,27,418,38,54,1,511,0,0,0,511
04/29/2012,TPA,FL,ASO,ES,Combined TRACON& Tower with Radar,404,36,27,1,468,0,0,12,1,13,404,36,39,2,481,0,0,0,481
04/30/2012,TPA,FL,ASO,ES,Combined TRACON& Tower with Radar,414,52,24,0,490,0,2,34,0,36,414,54,58,0,526,0,0,0,526
05/01/2012,TPA,FL,ASO,ES,Combined TRACON& Tower with Radar,406,59,35,0,500,0,5,25,0,30,406,64,60,0,530,0,0,0,530
05/02/2012,TPA,FL,ASO,ES,Combined TRACON& Tower with Radar,400,51,30,2,483,0,6,29,0,35,400,57,59,2,518,0,0,0,518
05/03/2012,TPA,FL,ASO,ES,Combined TRACON& Tower with Radar,401,54,46,0,501,0,3,20,0,23,401,57,66,0,524,0,0,0,524
05/04/2012,TPA,FL,ASO,ES,Combined TRACON& Tower with Radar,406,58,49,0,513,0,10,31,0,41,406,68,80,0,554,0,0,0,554
05/05/2012,TPA,FL,ASO,ES,Combined TRACON& Tower with Radar,393,39,23,0,455,0,2,13,0,15,393,41,36,0,470,0,0,0,470
05/06/2012,TPA,FL,ASO,ES,Combined TRACON& Tower with Radar,384,31,44,6,465,0,0,23,0,23,384,31,67,6,488,0,0,0,488
05/07/2012,TPA,FL,ASO,ES,Combined TRACON& Tower with Radar,405,54,37,3,499,0,0,21,0,21,405,54,58,3,520,0,0,0,520
05/08/2012,TPA,FL,ASO,ES,Combined TRACON& Tower with Radar,401,65,44,0,510,0,4,25,0,29,401,69,69,0,539,0,0,0,539
05/09/2012,TPA,FL,ASO,ES,Combined TRACON& Tower with Radar,399,56,49,2,506,0,3,24,0,27,399,59,73,2,533,0,0,0,533
05/10/2012,TPA,FL,ASO,ES,Combined TRACON& Tower with Radar,403,62,59,1,525,0,3,35,0,38,403,65,94,1,563,0,0,0,563
05/11/2012,TPA,FL,ASO,ES,Combined TRACON& Tower with Radar,399,62,41,0,502,0,3,32,0,35,399,65,73,0,537,0,0,0,537
05/12/2012,TPA,FL,ASO,ES,Combined TRACON& Tower with Radar,390,35,15,0,440,0,2,22,0,24,390,37,37,0,464,0,0,0,464
05/13/2012,TPA,FL,ASO,ES,Combined TRACON& Tower with Radar,380,35,23,0,438,0,0,23,0,23,380,35,46,0,461,0,0,0,461
05/14/2012,TPA,FL,ASO,ES,Combined TRACON& Tower with Radar,398,55,55,0,508,0,0,21,0,21,398,55,76,0,529,0,0,0,529
05/15/2012,TPA,FL,ASO,ES,Combined TRACON& Tower with Radar,392,57,42,0,491,0,4,23,0,27,392,61,65,0,518,0,0,0,518
05/16/2012,TPA,FL,ASO,ES,Combined TRACON& Tower with Radar,414,65,41,0,520,0,2,13,0,15,414,67,54,0,535,0,0,0,535
05/17/2012,TPA,FL,ASO,ES,Combined TRACON& Tower with Radar,406,56,35,0,497,0,6,19,0,25,406,62,54,0,522,0,0,0,522
05/18/2012,TPA,FL,ASO,ES,Combined TRACON& Tower with Radar,415,55,43,0,513,0,3,29,1,33,415,58,72,1,546,0,0,0,546
05/19/2012,TPA,FL,ASO,ES,Combined TRACON& Tower with Radar,391,34,17,0,442,0,2,22,0,24,391,36,39,0,466,0,0,0,466
05/20/2012,TPA,FL,ASO,ES,Combined TRACON& Tower with Radar,383,31,22,2,438,0,3,16,0,19,383,34,38,2,457,0,0,0,457
05/21/2012,TPA,FL,ASO,ES,Combined TRACON& Tower with Radar,399,65,42,2,508,0,2,36,0,38,399,67,78,2,546,0,0,0,546
05/22/2012,TPA,FL,ASO,ES,Combined TRACON& Tower with Radar,405,56,45,2,508,0,8,34,0,42,405,64,79,2,550,0,0,0,550
05/23/2012,TPA,FL,ASO,ES,Combined TRACON& Tower with Radar,405,66,64,0,535,0,3,34,0,37,405,69,98,0,572,0,0,0,572
05/24/2012,TPA,FL,ASO,ES,Combined TRACON& Tower with Radar,403,69,48,2,522,0,3,34,0,37,403,72,82,2,559,34,0,34,593
05/25/2012,TPA,FL,ASO,ES,Combined TRACON& Tower with Radar,416,53,46,1,516,0,4,30,0,34,416,57,76,1,550,0,0,0,550
05/26/2012,TPA,FL,ASO,ES,Combined TRACON& Tower with Radar,358,33,12,1,404,0,1,24,0,25,358,34,36,1,429,0,0,0,429
05/27/2012,TPA,FL,ASO,ES,Combined TRACON& Tower with Radar,336,31,24,0,391,0,1,17,0,18,336,32,41,0,409,20,0,20,429
05/28/2012,TPA,FL,ASO,ES,Combined TRACON& Tower with Radar,366,35,28,2,431,0,0,10,0,10,366,35,38,2,441,0,0,0,441
05/29/2012,TPA,FL,ASO,ES,Combined TRACON& Tower with Radar,395,50,28,0,473,0,1,15,0,16,395,51,43,0,489,0,0,0,489
05/30/2012,TPA,FL,ASO,ES,Combined TRACON& Tower with Radar,402,54,32,0,488,0,4,29,0,33,402,58,61,0,521,0,0,0,521
05/31/2012,TPA,FL,ASO,ES,Combined TRACON& Tower with Radar,401,53,43,2,499,0,4,31,0,35,401,57,74,2,534,22,0,22,556
06/01/2012,TPA,FL,ASO,ES,Combined TRACON& Tower with Radar,415,58,30,0,503,0,1,7,0,8,415,59,37,0,511,0,0,0,511
06/02/2012,TPA,FL,ASO,ES,Combined TRACON& Tower with Radar,393,39,25,0,457,0,0,22,0,22,393,39,47,0,479,0,0,0,479
06/03/2012,TPA,FL,ASO,ES,Combined TRACON& Tower with Radar,396,34,21,0,451,0,0,14,0,14,396,34,35,0,465,0,0,0,465
06/04/2012,TPA,FL,ASO,ES,Combined TRACON& Tower with Radar,408,41,28,0,477,0,1,36,0,37,408,42,64,0,514,0,0,0,514
06/05/2012,TPA,FL,ASO,ES,Combined TRACON& Tower with Radar,401,64,27,0,492,0,2,28,0,30,401,66,55,0,522,0,0,0,522
06/06/2012,TPA,FL,ASO,ES,Combined TRACON& Tower with Radar,391,56,47,1,495,0,1,10,0,11,391,57,57,1,506,0,0,0,506
06/07/2012,TPA,FL,ASO,ES,Combined TRACON& Tower with Radar,399,57,43,1,500,0,1,7,0,8,399,58,50,1,508,0,0,0,508
06/08/2012,TPA,FL,ASO,ES,Combined TRACON& Tower with Radar,403,66,48,0,517,0,2,7,0,9,403,68,55,0,526,0,0,0,526
06/09/2012,TPA,FL,ASO,ES,Combined TRACON& Tower with Radar,403,35,21,0,459,0,1,20,0,21,403,36,41,0,480,0,0,0,480
06/10/2012,TPA,FL,ASO,ES,Combined TRACON& Tower with Radar,393,35,20,0,448,0,0,9,0,9,393,35,29,0,457,0,0,0,457
06/11/2012,TPA,FL,ASO,ES,Combined TRACON& Tower with Radar,412,58,40,0,510,0,0,23,0,23,412,58,63,0,533,0,0,0,533
06/12/2012,TPA,FL,ASO,ES,Combined TRACON& Tower with Radar,407,60,41,0,508,0,2,27,0,29,407,62,68,0,537,0,0,0,537
06/13/2012,TPA,FL,ASO,ES,Combined TRACON& Tower with Radar,403,57,38,0,498,0,4,28,0,32,403,61,66,0,530,20,0,20,550
06/14/2012,TPA,FL,ASO,ES,Combined TRACON& Tower with Radar,424,64,52,0,540,0,0,39,0,39,424,64,91,0,579,0,0,0,579
06/15/2012,TPA,FL,ASO,ES,Combined TRACON& Tower with Radar,411,55,34,0,500,0,3,23,3,29,411,58,57,3,529,6,0,6,535
06/16/2012,TPA,FL,ASO,ES,Combined TRACON& Tower with Radar,408,48,24,0,480,0,2,25,1,28,408,50,49,1,508,0,0,0,508
06/17/2012,TPA,FL,ASO,ES,Combined TRACON& Tower with Radar,399,34,33,4,470,0,0,26,0,26,399,34,59,4,496,0,0,0,496
06/18/2012,TPA,FL,ASO,ES,Combined TRACON& Tower with Radar,403,54,36,2,495,0,0,23,0,23,403,54,59,2,518,24,0,24,542
06/19/2012,TPA,FL,ASO,ES,Combined TRACON& Tower with Radar,411,66,34,2,513,0,4,21,0,25,411,70,55,2,538,26,0,26,564
06/20/2012,TPA,FL,ASO,ES,Combined TRACON& Tower with Radar,403,56,39,0,498,0,1,7,0,8,403,57,46,0,506,0,0,0,506
06/21/2012,TPA,FL,ASO,ES,Combined TRACON& Tower with Radar,412,62,33,4,511,0,0,13,0,13,412,62,46,4,524,0,0,0,524
06/22/2012,TPA,FL,ASO,ES,Combined TRACON& Tower with Radar,391,57,34,0,482,0,1,13,0,14,391,58,47,0,496,0,0,0,496
06/23/2012,TPA,FL,ASO,ES,Combined TRACON& Tower with Radar,422,38,23,0,483,0,2,2,0,4,422,40,25,0,487,0,0,0,487
06/24/2012,TPA,FL,ASO,ES,Combined TRACON& Tower with Radar,399,23,24,0,446,0,0,0,0,0,399,23,24,0,446,0,0,0,446
06/25/2012,TPA,FL,ASO,ES,Combined TRACON& Tower with Radar,402,43,23,0,468,0,0,4,0,4,402,43,27,0,472,0,0,0,472
06/26/2012,TPA,FL,ASO,ES,Combined TRACON& Tower with Radar,409,59,21,0,489,0,0,11,0,11,409,59,32,0,500,0,0,0,500
06/27/2012,TPA,FL,ASO,ES,Combined TRACON& Tower with Radar,407,63,32,0,502,0,0,16,1,17,407,63,48,1,519,0,0,0,519
06/28/2012,TPA,FL,ASO,ES,Combined TRACON& Tower with Radar,407,66,42,4,519,0,2,31,0,33,407,68,73,4,552,24,0,24,576
06/29/2012,TPA,FL,ASO,ES,Combined TRACON& Tower with Radar,406,54,31,0,491,0,6,28,0,34,406,60,59,0,525,0,0,0,525
06/30/2012,TPA,FL,ASO,ES,Combined TRACON& Tower with Radar,406,41,25,0,472,0,1,20,0,21,406,42,45,0,493,32,0,32,525
07/01/2012,TPA,FL,ASO,ES,Combined TRACON& Tower with Radar,385,31,29,0,445,0,2,20,0,22,385,33,49,0,467,0,0,0,467
07/02/2012,TPA,FL,ASO,ES,Combined TRACON& Tower with Radar,396,54,32,2,484,0,1,25,0,26,396,55,57,2,510,0,0,0,510
07/03/2012,TPA,FL,ASO,ES,Combined TRACON& Tower with Radar,391,51,27,3,472,0,3,24,1,28,391,54,51,4,500,0,0,0,500
07/04/2012,TPA,FL,ASO,ES,Combined TRACON& Tower with Radar,345,42,13,8,408,0,2,13,10,25,345,44,26,18,433,0,0,0,433
07/05/2012,TPA,FL,ASO,ES,Combined TRACON& Tower with Radar,386,47,24,2,459,0,2,34,0,36,386,49,58,2,495,0,0,0,495
07/06/2012,TPA,FL,ASO,ES,Combined TRACON& Tower with Radar,392,46,40,6,484,0,6,22,0,28,392,52,62,6,512,0,0,0,512
07/07/2012,TPA,FL,ASO,ES,Combined TRACON& Tower with Radar,411,44,21,0,476,0,0,17,0,17,411,44,38,0,493,0,0,0,493
07/08/2012,TPA,FL,ASO,ES,Combined TRACON& Tower with Radar,400,32,27,0,459,0,0,9,0,9,400,32,36,0,468,0,0,0,468
07/09/2012,TPA,FL,ASO,ES,Combined TRACON& Tower with Radar,412,43,39,0,494,0,2,14,0,16,412,45,53,0,510,0,0,0,510
07/10/2012,TPA,FL,ASO,ES,Combined TRACON& Tower with Radar,408,53,33,0,494,0,1,15,0,16,408,54,48,0,510,0,0,0,510
07/11/2012,TPA,FL,ASO,ES,Combined TRACON& Tower with Radar,416,55,37,0,508,0,0,18,0,18,416,55,55,0,526,0,0,0,526
07/12/2012,TPA,FL,ASO,ES,Combined TRACON& Tower with Radar,417,62,42,0,521,0,3,21,0,24,417,65,63,0,545,0,0,0,545
07/13/2012,TPA,FL,ASO,ES,Combined TRACON& Tower with Radar,410,61,31,2,504,0,3,24,2,29,410,64,55,4,533,0,0,0,533
07/14/2012,TPA,FL,ASO,ES,Combined TRACON& Tower with Radar,418,36,19,0,473,0,5,16,0,21,418,41,35,0,494,20,0,20,514
07/15/2012,TPA,FL,ASO,ES,Combined TRACON& Tower with Radar,397,33,34,1,465,0,1,17,0,18,397,34,51,1,483,0,0,0,483
07/16/2012,TPA,FL,ASO,ES,Combined TRACON& Tower with Radar,410,59,41,1,511,0,0,21,0,21,410,59,62,1,532,0,0,0,532
07/17/2012,TPA,FL,ASO,ES,Combined TRACON& Tower with Radar,416,56,51,0,523,0,1,15,0,16,416,57,66,0,539,0,0,0,539
07/18/2012,TPA,FL,ASO,ES,Combined TRACON& Tower with Radar,393,57,39,0,489,0,3,14,0,17,393,60,53,0,506,0,0,0,506
07/19/2012,TPA,FL,ASO,ES,Combined TRACON& Tower with Radar,409,57,53,0,519,0,2,54,0,56,409,59,107,0,575,0,0,0,575
07/20/2012,TPA,FL,ASO,ES,Combined TRACON& Tower with Radar,415,72,45,0,532,0,4,24,0,28,415,76,69,0,560,0,0,0,560
07/21/2012,TPA,FL,ASO,ES,Combined TRACON& Tower with Radar,423,35,19,0,477,0,2,22,3,27,423,37,41,3,504,0,0,0,504
07/22/2012,TPA,FL,ASO,ES,Combined TRACON& Tower with Radar,400,32,26,0,458,0,0,13,0,13,400,32,39,0,471,0,0,0,471
07/23/2012,TPA,FL,ASO,ES,Combined TRACON& Tower with Radar,410,55,31,0,496,0,1,11,0,12,410,56,42,0,508,0,0,0,508
07/24/2012,TPA,FL,ASO,ES,Combined TRACON& Tower with Radar,412,58,31,1,502,0,4,22,0,26,412,62,53,1,528,0,0,0,528
07/25/2012,TPA,FL,ASO,ES,Combined TRACON& Tower with Radar,407,57,30,0,494,0,2,20,0,22,407,59,50,0,516,0,0,0,516
07/26/2012,TPA,FL,ASO,ES,Combined TRACON& Tower with Radar,398,52,48,2,500,0,2,23,1,26,398,54,71,3,526,46,0,46,572
07/27/2012,TPA,FL,ASO,ES,Combined TRACON& Tower with Radar,418,58,47,0,523,0,4,30,0,34,418,62,77,0,557,2,0,2,559
07/28/2012,TPA,FL,ASO,ES,Combined TRACON& Tower with Radar,414,35,12,1,462,0,0,21,0,21,414,35,33,1,483,0,0,0,483
07/29/2012,TPA,FL,ASO,ES,Combined TRACON& Tower with Radar,407,30,25,0,462,0,2,22,1,25,407,32,47,1,487,0,0,0,487
07/30/2012,TPA,FL,ASO,ES,Combined TRACON& Tower with Radar,405,43,24,0,472,0,0,22,0,22,405,43,46,0,494,20,0,20,514
07/31/2012,TPA,FL,ASO,ES,Combined TRACON& Tower with Radar,414,49,33,1,497,0,3,17,0,20,414,52,50,1,517,0,0,0,517
08/01/2012,TPA,FL,ASO,ES,Combined TRACON& Tower with Radar,412,51,27,2,492,0,2,36,0,38,412,53,63,2,530,12,0,12,542
08/02/2012,TPA,FL,ASO,ES,Combined TRACON& Tower with Radar,409,52,51,0,512,0,3,28,0,31,409,55,79,0,543,0,0,0,543
08/03/2012,TPA,FL,ASO,ES,Combined TRACON& Tower with Radar,416,48,37,1,502,0,3,14,0,17,416,51,51,1,519,0,0,0,519
08/04/2012,TPA,FL,ASO,ES,Combined TRACON& Tower with Radar,414,34,15,0,463,0,2,13,0,15,414,36,28,0,478,10,0,10,488
08/05/2012,TPA,FL,ASO,ES,Combined TRACON& Tower with Radar,380,37,22,1,440,0,2,18,0,20,380,39,40,1,460,0,0,0,460
08/06/2012,TPA,FL,ASO,ES,Combined TRACON& Tower with Radar,409,43,33,0,485,0,0,15,0,15,409,43,48,0,500,0,0,0,500
08/07/2012,TPA,FL,ASO,ES,Combined TRACON& Tower with Radar,407,59,46,0,512,0,2,25,0,27,407,61,71,0,539,0,0,0,539
08/08/2012,TPA,FL,ASO,ES,Combined TRACON& Tower with Radar,406,55,36,0,497,0,2,19,0,21,406,57,55,0,518,0,0,0,518
08/09/2012,TPA,FL,ASO,ES,Combined TRACON& Tower with Radar,400,50,28,0,478,0,4,28,0,32,400,54,56,0,510,0,0,0,510
08/10/2012,TPA,FL,ASO,ES,Combined TRACON& Tower with Radar,400,51,29,1,481,0,1,17,1,19,400,52,46,2,500,0,0,0,500
08/11/2012,TPA,FL,ASO,ES,Combined TRACON& Tower with Radar,418,31,17,0,466,0,0,12,4,16,418,31,29,4,482,0,0,0,482
08/12/2012,TPA,FL,ASO,ES,Combined TRACON& Tower with Radar,369,29,18,0,416,0,0,15,2,17,369,29,33,2,433,0,0,0,433
08/13/2012,TPA,FL,ASO,ES,Combined TRACON& Tower with Radar,375,52,45,4,476,0,0,16,0,16,375,52,61,4,492,0,0,0,492
08/14/2012,TPA,FL,ASO,ES,Combined TRACON& Tower with Radar,377,63,27,0,467,0,0,17,0,17,377,63,44,0,484,0,0,0,484
08/15/2012,TPA,FL,ASO,ES,Combined TRACON& Tower with Radar,371,62,49,0,482,0,2,23,0,25,371,64,72,0,507,0,0,0,507
08/16/2012,TPA,FL,ASO,ES,Combined TRACON& Tower with Radar,374,59,36,0,469,0,2,18,0,20,374,61,54,0,489,0,0,0,489
08/17/2012,TPA,FL,ASO,ES,Combined TRACON& Tower with Radar,380,65,35,0,480,0,4,21,0,25,380,69,56,0,505,0,0,0,505
08/18/2012,TPA,FL,ASO,ES,Combined TRACON& Tower with Radar,337,37,21,0,395,0,5,15,0,20,337,42,36,0,415,0,0,0,415
08/19/2012,TPA,FL,ASO,ES,Combined TRACON& Tower with Radar,355,38,23,0,416,0,0,7,0,7,355,38,30,0,423,0,0,0,423
08/20/2012,TPA,FL,ASO,ES,Combined TRACON& Tower with Radar,368,56,31,1,456,0,1,18,0,19,368,57,49,1,475,0,0,0,475
08/21/2012,TPA,FL,ASO,ES,Combined TRACON& Tower with Radar,375,58,28,3,464,0,0,25,0,25,375,58,53,3,489,0,0,0,489
08/22/2012,TPA,FL,ASO,ES,Combined TRACON& Tower with Radar,372,67,43,2,484,0,2,14,3,19,372,69,57,5,503,0,0,0,503
08/23/2012,TPA,FL,ASO,ES,Combined TRACON& Tower with Radar,379,67,38,2,486,0,4,43,0,47,379,71,81,2,533,0,0,0,533
08/24/2012,TPA,FL,ASO,ES,Combined TRACON& Tower with Radar,381,62,40,6,489,0,4,34,0,38,381,66,74,6,527,0,0,0,527
08/25/2012,TPA,FL,ASO,ES,Combined TRACON& Tower with Radar,334,45,42,4,425,0,1,29,1,31,334,46,71,5,456,0,0,0,456
08/26/2012,TPA,FL,ASO,ES,Combined TRACON& Tower with Radar,325,41,61,3,430,0,0,15,0,15,325,41,76,3,445,0,0,0,445
08/27/2012,TPA,FL,ASO,ES,Combined TRACON& Tower with Radar,371,56,30,0,457,0,0,20,0,20,371,56,50,0,477,0,0,0,477
08/28/2012,TPA,FL,ASO,ES,Combined TRACON& Tower with Radar,367,66,32,0,465,0,0,25,0,25,367,66,57,0,490,0,0,0,490
08/29/2012,TPA,FL,ASO,ES,Combined TRACON& Tower with Radar,366,77,56,0,499,0,2,28,0,30,366,79,84,0,529,0,0,0,529
08/30/2012,TPA,FL,ASO,ES,Combined TRACON& Tower with Radar,372,62,56,1,491,0,5,28,0,33,372,67,84,1,524,0,0,0,524
08/31/2012,TPA,FL,ASO,ES,Combined TRACON& Tower with Radar,378,130,120,2,630,0,5,26,0,31,378,135,146,2,661,0,0,0,661
09/01/2012,TPA,FL,ASO,ES,Combined TRACON& Tower with Radar,300,42,21,2,365,0,5,28,0,33,300,47,49,2,398,0,0,0,398
09/02/2012,TPA,FL,ASO,ES,Combined TRACON& Tower with Radar,294,38,9,2,343,0,1,17,0,18,294,39,26,2,361,0,0,0,361
09/03/2012,TPA,FL,ASO,ES,Combined TRACON& Tower with Radar,338,53,33,0,424,0,1,25,0,26,338,54,58,0,450,0,0,0,450
09/04/2012,TPA,FL,ASO,ES,Combined TRACON& Tower with Radar,356,47,32,0,435,0,4,22,1,27,356,51,54,1,462,0,0,0,462
09/05/2012,TPA,FL,ASO,ES,Combined TRACON& Tower with Radar,358,61,40,2,461,0,5,23,0,28,358,66,63,2,489,0,0,0,489
09/06/2012,TPA,FL,ASO,ES,Combined TRACON& Tower with Radar,372,66,43,4,485,0,2,16,0,18,372,68,59,4,503,0,0,0,503
09/07/2012,TPA,FL,ASO,ES,Combined TRACON& Tower with Radar,394,59,45,1,499,0,8,17,0,25,394,67,62,1,524,0,0,0,524
09/08/2012,TPA,FL,ASO,ES,Combined TRACON& Tower with Radar,298,35,10,0,343,0,0,8,0,8,298,35,18,0,351,0,0,0,351
09/09/2012,TPA,FL,ASO,ES,Combined TRACON& Tower with Radar,346,52,34,1,433,0,0,9,0,9,346,52,43,1,442,0,0,0,442
09/10/2012,TPA,FL,ASO,ES,Combined TRACON& Tower with Radar,356,62,30,1,449,0,2,17,0,19,356,64,47,1,468,0,0,0,468
09/11/2012,TPA,FL,ASO,ES,Combined TRACON& Tower with Radar,343,66,31,0,440,0,7,31,0,38,343,73,62,0,478,26,0,26,504
09/12/2012,TPA,FL,ASO,ES,Combined TRACON& Tower with Radar,343,61,41,0,445,0,7,25,0,32,343,68,66,0,477,0,0,0,477
09/13/2012,TPA,FL,ASO,ES,Combined TRACON& Tower with Radar,364,60,43,0,467,0,5,13,0,18,364,65,56,0,485,0,0,0,485
09/14/2012,TPA,FL,ASO,ES,Combined TRACON& Tower with Radar,366,69,45,1,481,0,6,32,0,38,366,75,77,1,519,0,0,0,519
09/15/2012,TPA,FL,ASO,ES,Combined TRACON& Tower with Radar,304,44,26,0,374,0,2,22,0,24,304,46,48,0,398,0,0,0,398
09/16/2012,TPA,FL,ASO,ES,Combined TRACON& Tower with Radar,342,44,14,0,400,0,1,26,0,27,342,45,40,0,427,0,0,0,427
09/17/2012,TPA,FL,ASO,ES,Combined TRACON& Tower with Radar,364,56,20,2,442,0,5,8,0,13,364,61,28,2,455,0,0,0,455
09/18/2012,TPA,FL,ASO,ES,Combined TRACON& Tower with Radar,340,61,38,0,439,0,4,12,0,16,340,65,50,0,455,0,0,0,455
09/19/2012,TPA,FL,ASO,ES,Combined TRACON& Tower with Radar,359,63,32,1,455,0,4,25,0,29,359,67,57,1,484,0,0,0,484
09/20/2012,TPA,FL,ASO,ES,Combined TRACON& Tower with Radar,359,62,46,0,467,0,3,20,0,23,359,65,66,0,490,0,0,0,490
09/21/2012,TPA,FL,ASO,ES,Combined TRACON& Tower with Radar,371,59,53,1,484,0,3,19,0,22,371,62,72,1,506,0,0,0,506
09/22/2012,TPA,FL,ASO,ES,Combined TRACON& Tower with Radar,310,38,23,0,371,0,0,14,0,14,310,38,37,0,385,0,0,0,385
09/23/2012,TPA,FL,ASO,ES,Combined TRACON& Tower with Radar,348,40,34,0,422,0,0,27,0,27,348,40,61,0,449,0,0,0,449
09/24/2012,TPA,FL,ASO,ES,Combined TRACON& Tower with Radar,362,58,33,1,454,0,5,22,0,27,362,63,55,1,481,0,0,0,481
09/25/2012,TPA,FL,ASO,ES,Combined TRACON& Tower with Radar,344,65,34,0,443,0,5,31,0,36,344,70,65,0,479,0,0,0,479
09/26/2012,TPA,FL,ASO,ES,Combined TRACON& Tower with Radar,340,54,35,3,432,0,6,18,0,24,340,60,53,3,456,0,0,0,456
09/27/2012,TPA,FL,ASO,ES,Combined TRACON& Tower with Radar,358,65,41,0,464,0,9,30,0,39,358,74,71,0,503,0,0,0,503
09/28/2012,TPA,FL,ASO,ES,Combined TRACON& Tower with Radar,369,59,49,0,477,0,5,18,0,23,369,64,67,0,500,0,0,0,500
09/29/2012,TPA,FL,ASO,ES,Combined TRACON& Tower with Radar,306,47,20,0,373,0,1,16,0,17,306,48,36,0,390,0,0,0,390
09/30/2012,TPA,FL,ASO,ES,Combined TRACON& Tower with Radar,334,60,34,0,428,0,0,18,0,18,334,60,52,0,446,0,0,0,446
10/01/2012,TPA,FL,ASO,ES,Combined TRACON& Tower with Radar,355,60,35,0,450,0,2,22,0,24,355,62,57,0,474,0,0,0,474
10/02/2012,TPA,FL,ASO,ES,Combined TRACON& Tower with Radar,355,72,36,0,463,0,2,22,0,24,355,74,58,0,487,0,0,0,487
10/03/2012,TPA,FL,ASO,ES,Combined TRACON& Tower with Radar,357,66,50,0,473,0,3,14,0,17,357,69,64,0,490,0,0,0,490
10/04/2012,TPA,FL,ASO,ES,Combined TRACON& Tower with Radar,366,58,48,0,472,0,2,18,0,20,366,60,66,0,492,0,0,0,492
10/05/2012,TPA,FL,ASO,ES,Combined TRACON& Tower with Radar,376,51,41,1,469,0,6,21,0,27,376,57,62,1,496,0,0,0,496
10/06/2012,TPA,FL,ASO,ES,Combined TRACON& Tower with Radar,334,39,18,1,392,0,4,19,0,23,334,43,37,1,415,0,0,0,415
10/07/2012,TPA,FL,ASO,ES,Combined TRACON& Tower with Radar,343,39,35,0,417,0,0,15,0,15,343,39,50,0,432,0,0,0,432
10/08/2012,TPA,FL,ASO,ES,Combined TRACON& Tower with Radar,363,70,25,0,458,0,2,21,0,23,363,72,46,0,481,0,0,0,481
10/09/2012,TPA,FL,ASO,ES,Combined TRACON& Tower with Radar,365,60,43,0,468,0,7,18,0,25,365,67,61,0,493,0,0,0,493
10/10/2012,TPA,FL,ASO,ES,Combined TRACON& Tower with Radar,357,63,42,0,462,0,6,27,0,33,357,69,69,0,495,0,0,0,495
10/11/2012,TPA,FL,ASO,ES,Combined TRACON& Tower with Radar,374,60,56,1,491,0,5,23,0,28,374,65,79,1,519,0,0,0,519
10/12/2012,TPA,FL,ASO,ES,Combined TRACON& Tower with Radar,370,53,38,7,468,0,6,24,0,30,370,59,62,7,498,0,0,0,498
10/13/2012,TPA,FL,ASO,ES,Combined TRACON& Tower with Radar,328,37,11,0,376,0,5,18,0,23,328,42,29,0,399,0,0,0,399
10/14/2012,TPA,FL,ASO,ES,Combined TRACON& Tower with Radar,351,51,43,0,445,0,1,15,0,16,351,52,58,0,461,0,0,0,461
10/15/2012,TPA,FL,ASO,ES,Combined TRACON& Tower with Radar,369,65,39,0,473,0,6,16,0,22,369,71,55,0,495,0,0,0,495
10/16/2012,TPA,FL,ASO,ES,Combined TRACON& Tower with Radar,359,54,42,0,455,0,5,24,0,29,359,59,66,0,484,0,0,0,484
10/17/2012,TPA,FL,ASO,ES,Combined TRACON& Tower with Radar,364,62,30,0,456,0,8,23,0,31,364,70,53,0,487,0,0,0,487
10/18/2012,TPA,FL,ASO,ES,Combined TRACON& Tower with Radar,366,65,64,2,497,0,3,42,0,45,366,68,106,2,542,0,0,0,542
10/19/2012,TPA,FL,ASO,ES,Combined TRACON& Tower with Radar,372,54,30,3,459,0,3,22,1,26,372,57,52,4,485,0,0,0,485
10/20/2012,TPA,FL,ASO,ES,Combined TRACON& Tower with Radar,343,52,35,0,430,0,2,15,0,17,343,54,50,0,447,0,0,0,447
10/21/2012,TPA,FL,ASO,ES,Combined TRACON& Tower with Radar,354,48,35,3,440,0,1,47,1,49,354,49,82,4,489,0,0,0,489
10/22/2012,TPA,FL,ASO,ES,Combined TRACON& Tower with Radar,369,51,39,0,459,0,2,14,0,16,369,53,53,0,475,0,0,0,475
10/23/2012,TPA,FL,ASO,ES,Combined TRACON& Tower with Radar,358,66,48,2,474,0,2,21,0,23,358,68,69,2,497,0,0,0,497
10/24/2012,TPA,FL,ASO,ES,Combined TRACON& Tower with Radar,364,62,67,2,495,0,5,25,0,30,364,67,92,2,525,0,0,0,525
10/25/2012,TPA,FL,ASO,ES,Combined TRACON& Tower with Radar,362,66,55,2,485,0,2,16,0,18,362,68,71,2,503,0,0,0,503
10/26/2012,TPA,FL,ASO,ES,Combined TRACON& Tower with Radar,378,66,27,2,473,0,2,16,2,20,378,68,43,4,493,0,0,0,493
10/27/2012,TPA,FL,ASO,ES,Combined TRACON& Tower with Radar,331,43,25,2,401,0,1,12,2,15,331,44,37,4,416,0,0,0,416
10/28/2012,TPA,FL,ASO,ES,Combined TRACON& Tower with Radar,353,48,37,1,439,0,2,10,1,13,353,50,47,2,452,0,0,0,452
10/29/2012,TPA,FL,ASO,ES,Combined TRACON& Tower with Radar,257,61,43,3,364,0,2,24,0,26,257,63,67,3,390,0,0,0,390
10/30/2012,TPA,FL,ASO,ES,Combined TRACON& Tower with Radar,261,54,36,2,353,0,6,25,0,31,261,60,61,2,384,0,0,0,384
10/31/2012,TPA,FL,ASO,ES,Combined TRACON& Tower with Radar,309,59,47,0,415,0,8,23,0,31,309,67,70,0,446,0,0,0,446
11/01/2012,TPA,FL,ASO,ES,Combined TRACON& Tower with Radar,367,61,49,1,478,0,8,31,0,39,367,69,80,1,517,0,0,0,517
11/02/2012,TPA,FL,ASO,ES,Combined TRACON& Tower with Radar,368,55,59,0,482,0,5,15,0,20,368,60,74,0,502,0,0,0,502
11/03/2012,TPA,FL,ASO,ES,Combined TRACON& Tower with Radar,343,45,22,0,410,0,0,23,0,23,343,45,45,0,433,0,0,0,433
11/04/2012,TPA,FL,ASO,ES,Combined TRACON& Tower with Radar,371,50,36,0,457,0,5,11,0,16,371,55,47,0,473,0,0,0,473
11/05/2012,TPA,FL,ASO,ES,Combined TRACON& Tower with Radar,389,61,36,0,486,0,3,18,0,21,389,64,54,0,507,0,0,0,507
11/06/2012,TPA,FL,ASO,ES,Combined TRACON& Tower with Radar,367,55,47,4,473,0,6,23,0,29,367,61,70,4,502,0,0,0,502
11/07/2012,TPA,FL,ASO,ES,Combined TRACON& Tower with Radar,358,65,48,0,471,0,6,16,0,22,358,71,64,0,493,0,0,0,493
11/08/2012,TPA,FL,ASO,ES,Combined TRACON& Tower with Radar,398,59,52,0,509,0,7,21,0,28,398,66,73,0,537,0,0,0,537
11/09/2012,TPA,FL,ASO,ES,Combined TRACON& Tower with Radar,400,54,39,9,502,0,5,26,1,32,400,59,65,10,534,6,0,6,540
11/10/2012,TPA,FL,ASO,ES,Combined TRACON& Tower with Radar,365,42,21,0,428,0,4,12,0,16,365,46,33,0,444,0,0,0,444
11/11/2012,TPA,FL,ASO,ES,Combined TRACON& Tower with Radar,381,47,41,4,473,0,0,39,0,39,381,47,80,4,512,0,0,0,512
11/12/2012,TPA,FL,ASO,ES,Combined TRACON& Tower with Radar,387,60,41,0,488,0,0,25,0,25,387,60,66,0,513,0,0,0,513
11/13/2012,TPA,FL,ASO,ES,Combined TRACON& Tower with Radar,381,68,41,0,490,0,5,14,0,19,381,73,55,0,509,0,0,0,509
11/14/2012,TPA,FL,ASO,ES,Combined TRACON& Tower with Radar,389,71,47,0,507,0,3,16,0,19,389,74,63,0,526,0,0,0,526
11/15/2012,TPA,FL,ASO,ES,Combined TRACON& Tower with Radar,407,69,56,0,532,0,0,10,0,10,407,69,66,0,542,0,0,0,542
11/16/2012,TPA,FL,ASO,ES,Combined TRACON& Tower with Radar,422,75,43,1,541,0,1,9,0,10,422,76,52,1,551,0,0,0,551
11/17/2012,TPA,FL,ASO,ES,Combined TRACON& Tower with Radar,399,50,36,0,485,0,2,13,0,15,399,52,49,0,500,0,0,0,500
11/18/2012,TPA,FL,ASO,ES,Combined TRACON& Tower with Radar,398,39,28,1,466,0,1,10,0,11,398,40,38,1,477,0,0,0,477
11/19/2012,TPA,FL,ASO,ES,Combined TRACON& Tower with Radar,401,52,39,4,496,0,0,27,0,27,401,52,66,4,523,0,0,0,523
11/20/2012,TPA,FL,ASO,ES,Combined TRACON& Tower with Radar,412,68,48,6,534,0,2,30,0,32,412,70,78,6,566,0,0,0,566
11/21/2012,TPA,FL,ASO,ES,Combined TRACON& Tower with Radar,439,68,42,2,551,0,3,31,0,34,439,71,73,2,585,0,0,0,585
11/22/2012,TPA,FL,ASO,ES,Combined TRACON& Tower with Radar,288,28,10,0,326,0,2,6,0,8,288,30,16,0,334,0,0,0,334
11/23/2012,TPA,FL,ASO,ES,Combined TRACON& Tower with Radar,345,42,23,0,410,0,3,16,0,19,345,45,39,0,429,0,0,0,429
11/24/2012,TPA,FL,ASO,ES,Combined TRACON& Tower with Radar,418,39,31,0,488,0,1,22,0,23,418,40,53,0,511,0,0,0,511
11/25/2012,TPA,FL,ASO,ES,Combined TRACON& Tower with Radar,442,52,60,2,556,0,2,35,0,37,442,54,95,2,593,0,0,0,593
11/26/2012,TPA,FL,ASO,ES,Combined TRACON& Tower with Radar,444,61,50,5,560,0,3,28,0,31,444,64,78,5,591,0,0,0,591
11/27/2012,TPA,FL,ASO,ES,Combined TRACON& Tower with Radar,393,58,26,2,479,0,3,22,0,25,393,61,48,2,504,0,0,0,504
11/28/2012,TPA,FL,ASO,ES,Combined TRACON& Tower with Radar,389,67,55,8,519,0,0,16,0,16,389,67,71,8,535,0,0,0,535
11/29/2012,TPA,FL,ASO,ES,Combined TRACON& Tower with Radar,404,60,47,7,518,0,2,19,0,21,404,62,66,7,539,0,0,0,539
11/30/2012,TPA,FL,ASO,ES,Combined TRACON& Tower with Radar,405,60,55,9,529,0,2,28,1,31,405,62,83,10,560,0,0,0,560
12/01/2012,TPA,FL,ASO,ES,Combined TRACON& Tower with Radar,367,41,26,0,434,0,0,15,0,15,367,41,41,0,449,0,0,0,449
12/02/2012,TPA,FL,ASO,ES,Combined TRACON& Tower with Radar,373,37,19,6,435,0,0,20,0,20,373,37,39,6,455,0,0,0,455
12/03/2012,TPA,FL,ASO,ES,Combined TRACON& Tower with Radar,395,65,40,3,503,0,1,24,0,25,395,66,64,3,528,0,0,0,528
12/04/2012,TPA,FL,ASO,ES,Combined TRACON& Tower with Radar,383,63,49,4,499,0,2,28,0,30,383,65,77,4,529,0,0,0,529
12/05/2012,TPA,FL,ASO,ES,Combined TRACON& Tower with Radar,387,64,38,3,492,0,0,29,0,29,387,64,67,3,521,0,0,0,521
12/06/2012,TPA,FL,ASO,ES,Combined TRACON& Tower with Radar,405,75,60,2,542,0,2,31,0,33,405,77,91,2,575,0,0,0,575
12/07/2012,TPA,FL,ASO,ES,Combined TRACON& Tower with Radar,399,64,45,6,514,0,0,18,1,19,399,64,63,7,533,0,0,0,533
12/08/2012,TPA,FL,ASO,ES,Combined TRACON& Tower with Radar,360,55,17,2,434,0,1,2,0,3,360,56,19,2,437,0,0,0,437
12/09/2012,TPA,FL,ASO,ES,Combined TRACON& Tower with Radar,371,51,44,4,470,0,0,18,1,19,371,51,62,5,489,0,0,0,489
12/10/2012,TPA,FL,ASO,ES,Combined TRACON& Tower with Radar,387,59,48,0,494,0,0,11,0,11,387,59,59,0,505,0,0,0,505
12/11/2012,TPA,FL,ASO,ES,Combined TRACON& Tower with Radar,386,65,52,0,503,0,0,14,0,14,386,65,66,0,517,0,0,0,517
12/12/2012,TPA,FL,ASO,ES,Combined TRACON& Tower with Radar,390,64,69,0,523,0,0,19,0,19,390,64,88,0,542,0,0,0,542
12/13/2012,TPA,FL,ASO,ES,Combined TRACON& Tower with Radar,406,62,59,2,529,0,1,20,0,21,406,63,79,2,550,0,0,0,550
12/14/2012,TPA,FL,ASO,ES,Combined TRACON& Tower with Radar,401,62,59,4,526,0,1,13,1,15,401,63,72,5,541,0,0,0,541
12/15/2012,TPA,FL,ASO,ES,Combined TRACON& Tower with Radar,380,41,22,1,444,0,1,18,0,19,380,42,40,1,463,0,0,0,463
12/16/2012,TPA,FL,ASO,ES,Combined TRACON& Tower with Radar,388,35,17,4,444,0,1,18,0,19,388,36,35,4,463,0,0,0,463
12/17/2012,TPA,FL,ASO,ES,Combined TRACON& Tower with Radar,403,66,34,1,504,0,2,18,0,20,403,68,52,1,524,0,0,0,524
12/18/2012,TPA,FL,ASO,ES,Combined TRACON& Tower with Radar,412,76,40,2,530,0,0,20,0,20,412,76,60,2,550,0,0,0,550
12/19/2012,TPA,FL,ASO,ES,Combined TRACON& Tower with Radar,422,69,47,0,538,0,2,29,0,31,422,71,76,0,569,0,0,0,569
12/20/2012,TPA,FL,ASO,ES,Combined TRACON& Tower with Radar,416,62,36,0,514,0,3,16,0,19,416,65,52,0,533,0,0,0,533
12/21/2012,TPA,FL,ASO,ES,Combined TRACON& Tower with Radar,467,70,53,0,590,0,0,24,0,24,467,70,77,0,614,0,0,0,614
12/22/2012,TPA,FL,ASO,ES,Combined TRACON& Tower with Radar,447,53,25,0,525,0,2,23,0,25,447,55,48,0,550,0,0,0,550
12/23/2012,TPA,FL,ASO,ES,Combined TRACON& Tower with Radar,413,40,29,0,482,0,1,15,0,16,413,41,44,0,498,0,0,0,498
12/24/2012,TPA,FL,ASO,ES,Combined TRACON& Tower with Radar,376,43,8,0,427,0,2,8,0,10,376,45,16,0,437,0,0,0,437
12/25/2012,TPA,FL,ASO,ES,Combined TRACON& Tower with Radar,365,40,13,0,418,0,1,9,0,10,365,41,22,0,428,0,0,0,428
12/26/2012,TPA,FL,ASO,ES,Combined TRACON& Tower with Radar,431,61,36,0,528,0,1,8,0,9,431,62,44,0,537,0,0,0,537
12/27/2012,TPA,FL,ASO,ES,Combined TRACON& Tower with Radar,474,53,31,0,558,0,2,18,0,20,474,55,49,0,578,0,0,0,578
12/28/2012,TPA,FL,ASO,ES,Combined TRACON& Tower with Radar,443,55,38,0,536,0,1,19,0,20,443,56,57,0,556,0,0,0,556
12/29/2012,TPA,FL,ASO,ES,Combined TRACON& Tower with Radar,422,48,24,0,494,0,1,8,0,9,422,49,32,0,503,0,0,0,503
12/30/2012,TPA,FL,ASO,ES,Combined TRACON& Tower with Radar,411,39,22,0,472,0,1,13,0,14,411,40,35,0,486,0,0,0,486
12/31/2012,TPA,FL,ASO,ES,Combined TRACON& Tower with Radar,391,37,30,0,458,0,1,22,0,23,391,38,52,0,481,4,0,4,485
01/01/2013,TPA,FL,ASO,ES,Combined TRACON& Tower with Radar,388,47,49,0,484,0,1,8,0,9,388,48,57,0,493,0,0,0,493
01/02/2013,TPA,FL,ASO,ES,Combined TRACON& Tower with Radar,439,63,55,0,557,0,1,18,0,19,439,64,73,0,576,0,0,0,576
01/03/2013,TPA,FL,ASO,ES,Combined TRACON& Tower with Radar,436,63,30,1,530,0,0,3,0,3,436,63,33,1,533,0,0,0,533
01/04/2013,TPA,FL,ASO,ES,Combined TRACON& Tower with Radar,431,67,29,1,528,0,0,1,0,1,431,67,30,1,529,0,0,0,529
01/05/2013,TPA,FL,ASO,ES,Combined TRACON& Tower with Radar,388,45,35,0,468,0,1,11,0,12,388,46,46,0,480,0,0,0,480
01/06/2013,TPA,FL,ASO,ES,Combined TRACON& Tower with Radar,385,55,46,0,486,0,0,13,0,13,385,55,59,0,499,0,0,0,499
01/07/2013,TPA,FL,ASO,ES,Combined TRACON& Tower with Radar,390,62,34,0,486,0,1,15,0,16,390,63,49,0,502,0,0,0,502
01/08/2013,TPA,FL,ASO,ES,Combined TRACON& Tower with Radar,375,67,59,2,503,0,3,18,0,21,375,70,77,2,524,0,0,0,524
01/09/2013,TPA,FL,ASO,ES,Combined TRACON& Tower with Radar,382,67,38,0,487,0,0,16,0,16,382,67,54,0,503,0,0,0,503
01/10/2013,TPA,FL,ASO,ES,Combined TRACON& Tower with Radar,388,69,23,2,482,0,2,18,0,20,388,71,41,2,502,0,0,0,502
01/11/2013,TPA,FL,ASO,ES,Combined TRACON& Tower with Radar,389,60,49,2,500,0,1,35,3,39,389,61,84,5,539,0,0,0,539
01/12/2013,TPA,FL,ASO,ES,Combined TRACON& Tower with Radar,348,46,25,0,419,0,2,28,0,30,348,48,53,0,449,8,0,8,457
01/13/2013,TPA,FL,ASO,ES,Combined TRACON& Tower with Radar,364,45,33,6,448,0,1,16,1,18,364,46,49,7,466,0,0,0,466
01/14/2013,TPA,FL,ASO,ES,Combined TRACON& Tower with Radar,380,55,31,0,466,0,1,17,0,18,380,56,48,0,484,0,0,0,484
01/15/2013,TPA,FL,ASO,ES,Combined TRACON& Tower with Radar,372,66,49,2,489,0,2,28,0,30,372,68,77,2,519,0,0,0,519
01/16/2013,TPA,FL,ASO,ES,Combined TRACON& Tower with Radar,373,57,52,6,488,0,3,30,0,33,373,60,82,6,521,0,0,0,521
01/17/2013,TPA,FL,ASO,ES,Combined TRACON& Tower with Radar,390,66,63,0,519,0,0,10,0,10,390,66,73,0,529,0,0,0,529
01/18/2013,TPA,FL,ASO,ES,Combined TRACON& Tower with Radar,400,76,36,2,514,0,0,14,0,14,400,76,50,2,528,0,0,0,528
01/19/2013,TPA,FL,ASO,ES,Combined TRACON& Tower with Radar,352,41,26,0,419,0,0,12,0,12,352,41,38,0,431,0,0,0,431
01/20/2013,TPA,FL,ASO,ES,Combined TRACON& Tower with Radar,359,35,27,0,421,0,2,5,0,7,359,37,32,0,428,0,0,0,428
01/21/2013,TPA,FL,ASO,ES,Combined TRACON& Tower with Radar,380,63,38,0,481,0,5,26,0,31,380,68,64,0,512,0,0,0,512
01/22/2013,TPA,FL,ASO,ES,Combined TRACON& Tower with Radar,373,67,65,4,509,0,2,21,0,23,373,69,86,4,532,0,0,0,532
01/23/2013,TPA,FL,ASO,ES,Combined TRACON& Tower with Radar,381,62,54,2,499,0,1,26,0,27,381,63,80,2,526,0,0,0,526
01/24/2013,TPA,FL,ASO,ES,Combined TRACON& Tower with Radar,389,69,51,2,511,0,1,31,0,32,389,70,82,2,543,0,0,0,543
01/25/2013,TPA,FL,ASO,ES,Combined TRACON& Tower with Radar,390,68,38,15,511,0,3,42,11,56,390,71,80,26,567,0,0,0,567
01/26/2013,TPA,FL,ASO,ES,Combined TRACON& Tower with Radar,356,39,19,0,414,0,1,35,0,36,356,40,54,0,450,0,0,0,450
01/27/2013,TPA,FL,ASO,ES,Combined TRACON& Tower with Radar,369,36,39,10,454,0,1,20,7,28,369,37,59,17,482,0,0,0,482
01/28/2013,TPA,FL,ASO,ES,Combined TRACON& Tower with Radar,386,56,36,0,478,0,0,31,0,31,386,56,67,0,509,0,0,0,509
01/29/2013,TPA,FL,ASO,ES,Combined TRACON& Tower with Radar,371,65,54,0,490,0,2,19,0,21,371,67,73,0,511,0,0,0,511
01/30/2013,TPA,FL,ASO,ES,Combined TRACON& Tower with Radar,375,72,42,0,489,0,0,17,0,17,375,72,59,0,506,0,0,0,506
01/31/2013,TPA,FL,ASO,ES,Combined TRACON& Tower with Radar,393,72,53,0,518,0,3,24,0,27,393,75,77,0,545,0,0,0,545
02/01/2013,TPA,FL,ASO,ES,Combined TRACON& Tower with Radar,396,64,55,4,519,0,2,25,0,27,396,66,80,4,546,0,0,0,546
02/02/2013,TPA,FL,ASO,ES,Combined TRACON& Tower with Radar,353,45,28,0,426,0,4,19,0,23,353,49,47,0,449,0,0,0,449
02/03/2013,TPA,FL,ASO,ES,Combined TRACON& Tower with Radar,367,45,24,0,436,0,0,16,0,16,367,45,40,0,452,0,0,0,452
02/04/2013,TPA,FL,ASO,ES,Combined TRACON& Tower with Radar,382,78,35,0,495,0,2,32,0,34,382,80,67,0,529,8,0,8,537
02/05/2013,TPA,FL,ASO,ES,Combined TRACON& Tower with Radar,375,67,43,0,485,0,1,28,1,30,375,68,71,1,515,0,0,0,515
02/06/2013,TPA,FL,ASO,ES,Combined TRACON& Tower with Radar,385,73,55,0,513,0,1,39,0,40,385,74,94,0,553,0,0,0,553
02/07/2013,TPA,FL,ASO,ES,Combined TRACON& Tower with Radar,391,70,52,0,513,0,0,34,0,34,391,70,86,0,547,0,0,0,547
02/08/2013,TPA,FL,ASO,ES,Combined TRACON& Tower with Radar,350,62,39,6,457,0,1,27,0,28,350,63,66,6,485,0,0,0,485
02/09/2013,TPA,FL,ASO,ES,Combined TRACON& Tower with Radar,318,42,31,0,391,0,1,19,0,20,318,43,50,0,411,0,0,0,411
02/10/2013,TPA,FL,ASO,ES,Combined TRACON& Tower with Radar,361,44,48,4,457,0,1,12,0,13,361,45,60,4,470,0,0,0,470
02/11/2013,TPA,FL,ASO,ES,Combined TRACON& Tower with Radar,378,65,45,0,488,0,1,21,0,22,378,66,66,0,510,0,0,0,510
02/12/2013,TPA,FL,ASO,ES,Combined TRACON& Tower with Radar,384,76,44,2,506,0,1,20,0,21,384,77,64,2,527,0,0,0,527
02/13/2013,TPA,FL,ASO,ES,Combined TRACON& Tower with Radar,390,70,46,0,506,0,1,15,0,16,390,71,61,0,522,0,0,0,522
02/14/2013,TPA,FL,ASO,ES,Combined TRACON& Tower with Radar,428,74,45,2,549,0,0,17,2,19,428,74,62,4,568,0,0,0,568
02/15/2013,TPA,FL,ASO,ES,Combined TRACON& Tower with Radar,439,69,59,1,568,0,0,11,0,11,439,69,70,1,579,0,0,0,579
02/16/2013,TPA,FL,ASO,ES,Combined TRACON& Tower with Radar,427,40,27,0,494,0,3,13,0,16,427,43,40,0,510,0,0,0,510
02/17/2013,TPA,FL,ASO,ES,Combined TRACON& Tower with Radar,412,36,43,1,492,0,0,21,0,21,412,36,64,1,513,0,0,0,513
02/18/2013,TPA,FL,ASO,ES,Combined TRACON& Tower with Radar,432,53,38,0,523,0,2,23,0,25,432,55,61,0,548,0,0,0,548
02/19/2013,TPA,FL,ASO,ES,Combined TRACON& Tower with Radar,431,67,45,0,543,0,1,31,0,32,431,68,76,0,575,0,0,0,575
02/20/2013,TPA,FL,ASO,ES,Combined TRACON& Tower with Radar,421,70,50,1,542,0,1,24,0,25,421,71,74,1,567,0,0,0,567
02/21/2013,TPA,FL,ASO,ES,Combined TRACON& Tower with Radar,432,75,49,0,556,0,2,22,0,24,432,77,71,0,580,0,0,0,580
02/22/2013,TPA,FL,ASO,ES,Combined TRACON& Tower with Radar,427,74,49,0,550,0,0,25,0,25,427,74,74,0,575,0,0,0,575
02/23/2013,TPA,FL,ASO,ES,Combined TRACON& Tower with Radar,431,39,30,1,501,0,2,19,0,21,431,41,49,1,522,0,0,0,522
02/24/2013,TPA,FL,ASO,ES,Combined TRACON& Tower with Radar,413,32,42,0,487,0,0,14,0,14,413,32,56,0,501,0,0,0,501
02/25/2013,TPA,FL,ASO,ES,Combined TRACON& Tower with Radar,435,65,41,1,542,0,0,22,0,22,435,65,63,1,564,0,0,0,564
02/26/2013,TPA,FL,ASO,ES,Combined TRACON& Tower with Radar,419,64,50,0,533,0,1,19,0,20,419,65,69,0,553,0,0,0,553
02/27/2013,TPA,FL,ASO,ES,Combined TRACON& Tower with Radar,430,62,59,0,551,0,1,30,1,32,430,63,89,1,583,0,0,0,583
02/28/2013,TPA,FL,ASO,ES,Combined TRACON& Tower with Radar,429,72,43,4,548,0,0,26,0,26,429,72,69,4,574,0,0,0,574
03/01/2013,TPA,FL,ASO,ES,Combined TRACON& Tower with Radar,436,69,75,0,580,0,0,35,0,35,436,69,110,0,615,0,0,0,615
03/02/2013,TPA,FL,ASO,ES,Combined TRACON& Tower with Radar,445,41,20,2,508,0,0,20,2,22,445,41,40,4,530,0,0,0,530
03/03/2013,TPA,FL,ASO,ES,Combined TRACON& Tower with Radar,432,39,36,2,509,0,1,12,0,13,432,40,48,2,522,0,0,0,522
03/04/2013,TPA,FL,ASO,ES,Combined TRACON& Tower with Radar,438,70,34,5,547,0,0,42,1,43,438,70,76,6,590,0,0,0,590
03/05/2013,TPA,FL,ASO,ES,Combined TRACON& Tower with Radar,415,74,41,0,530,0,1,25,0,26,415,75,66,0,556,0,0,0,556
03/06/2013,TPA,FL,ASO,ES,Combined TRACON& Tower with Radar,424,86,47,0,557,0,0,42,0,42,424,86,89,0,599,0,0,0,599
03/07/2013,TPA,FL,ASO,ES,Combined TRACON& Tower with Radar,442,73,35,3,553,0,1,18,0,19,442,74,53,3,572,0,0,0,572
03/08/2013,TPA,FL,ASO,ES,Combined TRACON& Tower with Radar,437,65,49,3,554,0,2,45,0,47,437,67,94,3,601,0,0,0,601
03/09/2013,TPA,FL,ASO,ES,Combined TRACON& Tower with Radar,474,53,34,0,561,0,1,19,0,20,474,54,53,0,581,0,0,0,581
03/10/2013,TPA,FL,ASO,ES,Combined TRACON& Tower with Radar,454,43,31,3,531,0,2,23,0,25,454,45,54,3,556,0,0,0,556
03/11/2013,TPA,FL,ASO,ES,Combined TRACON& Tower with Radar,461,69,39,0,569,0,1,13,0,14,461,70,52,0,583,0,0,0,583
03/12/2013,TPA,FL,ASO,ES,Combined TRACON& Tower with Radar,454,72,60,0,586,0,2,20,0,22,454,74,80,0,608,0,0,0,608
03/13/2013,TPA,FL,ASO,ES,Combined TRACON& Tower with Radar,468,79,51,0,598,0,2,30,0,32,468,81,81,0,630,0,0,0,630
03/14/2013,TPA,FL,ASO,ES,Combined TRACON& Tower with Radar,462,71,62,0,595,0,0,17,0,17,462,71,79,0,612,0,0,0,612
03/15/2013,TPA,FL,ASO,ES,Combined TRACON& Tower with Radar,460,72,47,0,579,0,1,23,3,27,460,73,70,3,606,0,0,0,606
03/16/2013,TPA,FL,ASO,ES,Combined TRACON& Tower with Radar,479,46,40,0,565,0,2,26,0,28,479,48,66,0,593,0,0,0,593
03/17/2013,TPA,FL,ASO,ES,Combined TRACON& Tower with Radar,456,45,45,0,546,0,0,22,0,22,456,45,67,0,568,0,0,0,568
03/18/2013,TPA,FL,ASO,ES,Combined TRACON& Tower with Radar,440,74,43,0,557,0,3,16,0,19,440,77,59,0,576,0,0,0,576
03/19/2013,TPA,FL,ASO,ES,Combined TRACON& Tower with Radar,472,69,31,0,572,0,1,31,0,32,472,70,62,0,604,0,0,0,604
03/20/2013,TPA,FL,ASO,ES,Combined TRACON& Tower with Radar,460,77,38,0,575,0,0,18,0,18,460,77,56,0,593,0,0,0,593
03/21/2013,TPA,FL,ASO,ES,Combined TRACON& Tower with Radar,458,81,48,0,587,0,0,24,0,24,458,81,72,0,611,0,0,0,611
03/22/2013,TPA,FL,ASO,ES,Combined TRACON& Tower with Radar,474,72,54,4,604,0,0,21,0,21,474,72,75,4,625,0,0,0,625
03/23/2013,TPA,FL,ASO,ES,Combined TRACON& Tower with Radar,472,47,49,0,568,0,0,9,0,9,472,47,58,0,577,0,0,0,577
03/24/2013,TPA,FL,ASO,ES,Combined TRACON& Tower with Radar,480,44,38,0,562,0,1,4,0,5,480,45,42,0,567,0,0,0,567
03/25/2013,TPA,FL,ASO,ES,Combined TRACON& Tower with Radar,469,68,40,0,577,0,1,26,0,27,469,69,66,0,604,0,0,0,604
03/26/2013,TPA,FL,ASO,ES,Combined TRACON& Tower with Radar,474,75,55,2,606,0,1,35,0,36,474,76,90,2,642,0,0,0,642
03/27/2013,TPA,FL,ASO,ES,Combined TRACON& Tower with Radar,464,83,64,0,611,0,2,28,0,30,464,85,92,0,641,0,0,0,641
03/28/2013,TPA,FL,ASO,ES,Combined TRACON& Tower with Radar,470,68,55,2,595,0,2,27,0,29,470,70,82,2,624,0,0,0,624
03/29/2013,TPA,FL,ASO,ES,Combined TRACON& Tower with Radar,463,84,27,0,574,0,3,31,1,35,463,87,58,1,609,0,0,0,609
03/30/2013,TPA,FL,ASO,ES,Combined TRACON& Tower with Radar,473,34,23,0,530,0,3,33,0,36,473,37,56,0,566,0,0,0,566
03/31/2013,TPA,FL,ASO,ES,Combined TRACON& Tower with Radar,455,46,23,0,524,0,1,23,0,24,455,47,46,0,548,0,0,0,548
04/01/2013,TPA,FL,ASO,ES,Combined TRACON& Tower with Radar,459,69,24,2,554,0,4,17,0,21,459,73,41,2,575,0,0,0,575
04/02/2013,TPA,FL,ASO,ES,Combined TRACON& Tower with Radar,458,75,44,0,577,0,0,34,0,34,458,75,78,0,611,0,0,0,611
04/03/2013,TPA,FL,ASO,ES,Combined TRACON& Tower with Radar,459,79,64,0,602,0,3,24,0,27,459,82,88,0,629,0,0,0,629
04/04/2013,TPA,FL,ASO,ES,Combined TRACON& Tower with Radar,459,81,34,0,574,0,0,7,0,7,459,81,41,0,581,0,0,0,581
04/05/2013,TPA,FL,ASO,ES,Combined TRACON& Tower with Radar,472,72,43,2,589,0,0,26,0,26,472,72,69,2,615,0,0,0,615
04/06/2013,TPA,FL,ASO,ES,Combined TRACON& Tower with Radar,479,42,40,0,561,0,2,20,0,22,479,44,60,0,583,0,0,0,583
04/07/2013,TPA,FL,ASO,ES,Combined TRACON& Tower with Radar,454,37,36,2,529,0,2,27,0,29,454,39,63,2,558,0,0,0,558
04/08/2013,TPA,FL,ASO,ES,Combined TRACON& Tower with Radar,457,66,33,0,556,0,2,27,0,29,457,68,60,0,585,0,0,0,585
04/09/2013,TPA,FL,ASO,ES,Combined TRACON& Tower with Radar,445,73,67,2,587,0,2,27,0,29,445,75,94,2,616,0,0,0,616
04/10/2013,TPA,FL,ASO,ES,Combined TRACON& Tower with Radar,441,71,54,4,570,0,5,30,0,35,441,76,84,4,605,0,0,0,605
04/11/2013,TPA,FL,ASO,ES,Combined TRACON& Tower with Radar,451,72,59,1,583,0,2,14,0,16,451,74,73,1,599,0,0,0,599
04/12/2013,TPA,FL,ASO,ES,Combined TRACON& Tower with Radar,459,78,56,1,594,0,0,19,0,19,459,78,75,1,613,0,0,0,613
04/13/2013,TPA,FL,ASO,ES,Combined TRACON& Tower with Radar,459,43,31,1,534,0,1,20,0,21,459,44,51,1,555,0,0,0,555
04/14/2013,TPA,FL,ASO,ES,Combined TRACON& Tower with Radar,427,44,38,1,510,0,0,20,0,20,427,44,58,1,530,0,0,0,530
04/15/2013,TPA,FL,ASO,ES,Combined TRACON& Tower with Radar,423,67,49,2,541,0,1,37,0,38,423,68,86,2,579,0,0,0,579
04/16/2013,TPA,FL,ASO,ES,Combined TRACON& Tower with Radar,400,70,40,4,514,0,2,23,0,25,400,72,63,4,539,0,0,0,539
04/17/2013,TPA,FL,ASO,ES,Combined TRACON& Tower with Radar,410,73,42,7,532,0,0,31,0,31,410,73,73,7,563,0,0,0,563
04/18/2013,TPA,FL,ASO,ES,Combined TRACON& Tower with Radar,424,74,47,0,545,0,0,26,0,26,424,74,73,0,571,0,0,0,571
04/19/2013,TPA,FL,ASO,ES,Combined TRACON& Tower with Radar,422,66,45,0,533,0,0,23,0,23,422,66,68,0,556,0,0,0,556
04/20/2013,TPA,FL,ASO,ES,Combined TRACON& Tower with Radar,401,45,21,0,467,0,1,16,0,17,401,46,37,0,484,0,0,0,484
04/21/2013,TPA,FL,ASO,ES,Combined TRACON& Tower with Radar,414,51,24,0,489,0,1,10,0,11,414,52,34,0,500,0,0,0,500
04/22/2013,TPA,FL,ASO,ES,Combined TRACON& Tower with Radar,421,58,33,0,512,0,0,15,0,15,421,58,48,0,527,0,0,0,527
04/23/2013,TPA,FL,ASO,ES,Combined TRACON& Tower with Radar,420,63,56,2,541,0,1,30,0,31,420,64,86,2,572,0,0,0,572
04/24/2013,TPA,FL,ASO,ES,Combined TRACON& Tower with Radar,424,70,49,0,543,0,3,32,0,35,424,73,81,0,578,0,0,0,578
04/25/2013,TPA,FL,ASO,ES,Combined TRACON& Tower with Radar,415,81,68,0,564,0,1,23,0,24,415,82,91,0,588,0,0,0,588
04/26/2013,TPA,FL,ASO,ES,Combined TRACON& Tower with Radar,423,73,46,0,542,0,3,26,1,30,423,76,72,1,572,0,0,0,572
04/27/2013,TPA,FL,ASO,ES,Combined TRACON& Tower with Radar,393,45,19,0,457,0,1,11,0,12,393,46,30,0,469,0,0,0,469
04/28/2013,TPA,FL,ASO,ES,Combined TRACON& Tower with Radar,404,38,29,2,473,0,2,19,2,23,404,40,48,4,496,0,0,0,496
04/29/2013,TPA,FL,ASO,ES,Combined TRACON& Tower with Radar,413,60,45,0,518,0,0,16,0,16,413,60,61,0,534,0,0,0,534
04/30/2013,TPA,FL,ASO,ES,Combined TRACON& Tower with Radar,423,69,28,0,520,0,0,20,0,20,423,69,48,0,540,0,0,0,540
05/01/2013,TPA,FL,ASO,ES,Combined TRACON& Tower with Radar,403,70,35,0,508,0,4,13,0,17,403,74,48,0,525,0,0,0,525
05/02/2013,TPA,FL,ASO,ES,Combined TRACON& Tower with Radar,424,72,60,0,556,0,0,8,0,8,424,72,68,0,564,0,0,0,564
05/03/2013,TPA,FL,ASO,ES,Combined TRACON& Tower with Radar,400,81,42,2,525,0,0,20,0,20,400,81,62,2,545,0,0,0,545
05/04/2013,TPA,FL,ASO,ES,Combined TRACON& Tower with Radar,375,56,24,0,455,0,1,8,0,9,375,57,32,0,464,0,0,0,464
05/05/2013,TPA,FL,ASO,ES,Combined TRACON& Tower with Radar,387,49,39,0,475,0,1,27,0,28,387,50,66,0,503,0,0,0,503
05/06/2013,TPA,FL,ASO,ES,Combined TRACON& Tower with Radar,402,60,43,0,505,0,1,22,0,23,402,61,65,0,528,0,0,0,528
05/07/2013,TPA,FL,ASO,ES,Combined TRACON& Tower with Radar,387,72,39,1,499,0,1,20,0,21,387,73,59,1,520,0,0,0,520
05/08/2013,TPA,FL,ASO,ES,Combined TRACON& Tower with Radar,392,68,44,0,504,0,3,34,0,37,392,71,78,0,541,0,0,0,541
05/09/2013,TPA,FL,ASO,ES,Combined TRACON& Tower with Radar,395,78,53,0,526,0,0,32,0,32,395,78,85,0,558,0,0,0,558
05/10/2013,TPA,FL,ASO,ES,Combined TRACON& Tower with Radar,393,77,54,1,525,0,5,26,0,31,393,82,80,1,556,0,0,0,556
05/11/2013,TPA,FL,ASO,ES,Combined TRACON& Tower with Radar,386,44,22,0,452,0,0,13,0,13,386,44,35,0,465,0,0,0,465
05/12/2013,TPA,FL,ASO,ES,Combined TRACON& Tower with Radar,383,48,32,0,463,0,0,19,0,19,383,48,51,0,482,0,0,0,482
05/13/2013,TPA,FL,ASO,ES,Combined TRACON& Tower with Radar,396,67,52,0,515,0,0,26,0,26,396,67,78,0,541,0,0,0,541
05/14/2013,TPA,FL,ASO,ES,Combined TRACON& Tower with Radar,391,77,48,0,516,0,2,24,0,26,391,79,72,0,542,0,0,0,542
05/15/2013,TPA,FL,ASO,ES,Combined TRACON& Tower with Radar,400,74,36,0,510,0,0,25,0,25,400,74,61,0,535,0,0,0,535
05/16/2013,TPA,FL,ASO,ES,Combined TRACON& Tower with Radar,397,74,54,0,525,0,4,32,1,37,397,78,86,1,562,0,0,0,562
05/17/2013,TPA,FL,ASO,ES,Combined TRACON& Tower with Radar,404,84,38,2,528,0,3,29,1,33,404,87,67,3,561,0,0,0,561
05/18/2013,TPA,FL,ASO,ES,Combined TRACON& Tower with Radar,371,39,19,2,431,0,1,16,0,17,371,40,35,2,448,0,0,0,448
05/19/2013,TPA,FL,ASO,ES,Combined TRACON& Tower with Radar,378,40,19,0,437,0,1,15,1,17,378,41,34,1,454,0,0,0,454
05/20/2013,TPA,FL,ASO,ES,Combined TRACON& Tower with Radar,409,73,35,0,517,0,1,22,0,23,409,74,57,0,540,0,0,0,540
05/21/2013,TPA,FL,ASO,ES,Combined TRACON& Tower with Radar,391,74,47,0,512,0,1,15,0,16,391,75,62,0,528,0,0,0,528
05/22/2013,TPA,FL,ASO,ES,Combined TRACON& Tower with Radar,396,72,39,2,509,0,1,20,0,21,396,73,59,2,530,0,0,0,530
05/23/2013,TPA,FL,ASO,ES,Combined TRACON& Tower with Radar,385,65,38,2,490,0,0,22,0,22,385,65,60,2,512,0,0,0,512
05/24/2013,TPA,FL,ASO,ES,Combined TRACON& Tower with Radar,412,68,30,0,510,0,7,16,0,23,412,75,46,0,533,0,0,0,533
05/25/2013,TPA,FL,ASO,ES,Combined TRACON& Tower with Radar,352,43,12,0,407,0,0,12,0,12,352,43,24,0,419,0,0,0,419
05/26/2013,TPA,FL,ASO,ES,Combined TRACON& Tower with Radar,330,37,12,0,379,0,0,6,0,6,330,37,18,0,385,0,0,0,385
05/27/2013,TPA,FL,ASO,ES,Combined TRACON& Tower with Radar,376,55,17,0,448,0,1,11,0,12,376,56,28,0,460,0,0,0,460
05/28/2013,TPA,FL,ASO,ES,Combined TRACON& Tower with Radar,384,65,47,0,496,0,0,15,0,15,384,65,62,0,511,0,0,0,511
05/29/2013,TPA,FL,ASO,ES,Combined TRACON& Tower with Radar,396,65,35,0,496,0,2,22,0,24,396,67,57,0,520,0,0,0,520
05/30/2013,TPA,FL,ASO,ES,Combined TRACON& Tower with Radar,393,70,39,0,502,0,1,15,0,16,393,71,54,0,518,0,0,0,518
05/31/2013,TPA,FL,ASO,ES,Combined TRACON& Tower with Radar,395,69,37,1,502,0,1,31,0,32,395,70,68,1,534,0,0,0,534
06/01/2013,TPA,FL,ASO,ES,Combined TRACON& Tower with Radar,375,43,28,1,447,0,0,10,0,10,375,43,38,1,457,0,0,0,457
06/02/2013,TPA,FL,ASO,ES,Combined TRACON& Tower with Radar,368,37,18,1,424,0,2,12,1,15,368,39,30,2,439,0,0,0,439
06/03/2013,TPA,FL,ASO,ES,Combined TRACON& Tower with Radar,395,65,29,1,490,0,0,10,0,10,395,65,39,1,500,0,0,0,500
06/04/2013,TPA,FL,ASO,ES,Combined TRACON& Tower with Radar,388,73,31,2,494,0,1,7,0,8,388,74,38,2,502,0,0,0,502
06/05/2013,TPA,FL,ASO,ES,Combined TRACON& Tower with Radar,384,73,25,0,482,0,2,7,0,9,384,75,32,0,491,0,0,0,491
06/06/2013,TPA,FL,ASO,ES,Combined TRACON& Tower with Radar,387,60,21,0,468,0,1,8,0,9,387,61,29,0,477,0,0,0,477
06/07/2013,TPA,FL,ASO,ES,Combined TRACON& Tower with Radar,412,66,37,0,515,0,2,15,0,17,412,68,52,0,532,0,0,0,532
06/08/2013,TPA,FL,ASO,ES,Combined TRACON& Tower with Radar,417,37,20,1,475,0,1,15,0,16,417,38,35,1,491,0,0,0,491
06/09/2013,TPA,FL,ASO,ES,Combined TRACON& Tower with Radar,375,39,36,1,451,0,1,13,0,14,375,40,49,1,465,0,0,0,465
06/10/2013,TPA,FL,ASO,ES,Combined TRACON& Tower with Radar,388,61,33,0,482,0,0,28,0,28,388,61,61,0,510,0,0,0,510
06/11/2013,TPA,FL,ASO,ES,Combined TRACON& Tower with Radar,397,66,39,0,502,0,0,12,0,12,397,66,51,0,514,0,0,0,514
06/12/2013,TPA,FL,ASO,ES,Combined TRACON& Tower with Radar,393,71,40,0,504,0,3,30,0,33,393,74,70,0,537,0,0,0,537
06/13/2013,TPA,FL,ASO,ES,Combined TRACON& Tower with Radar,368,64,39,2,473,0,3,29,0,32,368,67,68,2,505,0,0,0,505
06/14/2013,TPA,FL,ASO,ES,Combined TRACON& Tower with Radar,406,62,34,2,504,0,3,24,0,27,406,65,58,2,531,0,0,0,531
06/15/2013,TPA,FL,ASO,ES,Combined TRACON& Tower with Radar,410,38,30,0,478,0,2,15,0,17,410,40,45,0,495,0,0,0,495
06/16/2013,TPA,FL,ASO,ES,Combined TRACON& Tower with Radar,382,40,20,0,442,0,2,8,0,10,382,42,28,0,452,0,0,0,452
06/17/2013,TPA,FL,ASO,ES,Combined TRACON& Tower with Radar,381,59,35,0,475,0,2,12,0,14,381,61,47,0,489,0,0,0,489
06/18/2013,TPA,FL,ASO,ES,Combined TRACON& Tower with Radar,382,65,48,0,495,0,2,16,0,18,382,67,64,0,513,0,0,0,513
06/19/2013,TPA,FL,ASO,ES,Combined TRACON& Tower with Radar,392,67,22,0,481,0,2,13,0,15,392,69,35,0,496,0,0,0,496
06/20/2013,TPA,FL,ASO,ES,Combined TRACON& Tower with Radar,390,65,42,0,497,0,4,12,0,16,390,69,54,0,513,0,0,0,513
06/21/2013,TPA,FL,ASO,ES,Combined TRACON& Tower with Radar,392,64,28,0,484,0,1,19,0,20,392,65,47,0,504,0,0,0,504
06/22/2013,TPA,FL,ASO,ES,Combined TRACON& Tower with Radar,411,36,12,0,459,0,2,6,0,8,411,38,18,0,467,0,0,0,467
06/23/2013,TPA,FL,ASO,ES,Combined TRACON& Tower with Radar,384,40,33,0,457,0,1,14,0,15,384,41,47,0,472,0,0,0,472
06/24/2013,TPA,FL,ASO,ES,Combined TRACON& Tower with Radar,382,67,27,0,476,0,1,24,0,25,382,68,51,0,501,0,0,0,501
06/25/2013,TPA,FL,ASO,ES,Combined TRACON& Tower with Radar,385,63,48,2,498,0,0,20,0,20,385,63,68,2,518,0,0,0,518
06/26/2013,TPA,FL,ASO,ES,Combined TRACON& Tower with Radar,398,69,35,0,502,0,1,27,0,28,398,70,62,0,530,0,0,0,530
06/27/2013,TPA,FL,ASO,ES,Combined TRACON& Tower with Radar,378,68,46,0,492,0,4,20,0,24,378,72,66,0,516,0,0,0,516
06/28/2013,TPA,FL,ASO,ES,Combined TRACON& Tower with Radar,373,69,52,0,494,0,4,23,0,27,373,73,75,0,521,0,0,0,521
06/29/2013,TPA,FL,ASO,ES,Combined TRACON& Tower with Radar,423,41,30,0,494,0,0,8,0,8,423,41,38,0,502,0,0,0,502
06/30/2013,TPA,FL,ASO,ES,Combined TRACON& Tower with Radar,384,40,38,0,462,0,1,4,1,6,384,41,42,1,468,0,0,0,468
07/01/2013,TPA,FL,ASO,ES,Combined TRACON& Tower with Radar,391,65,32,0,488,0,2,4,0,6,391,67,36,0,494,0,0,0,494
07/02/2013,TPA,FL,ASO,ES,Combined TRACON& Tower with Radar,390,56,19,0,465,0,0,17,0,17,390,56,36,0,482,0,0,0,482
07/03/2013,TPA,FL,ASO,ES,Combined TRACON& Tower with Radar,386,69,28,0,483,0,0,14,0,14,386,69,42,0,497,0,0,0,497
07/04/2013,TPA,FL,ASO,ES,Combined TRACON& Tower with Radar,326,61,14,0,401,0,0,6,0,6,326,61,20,0,407,0,0,0,407
07/05/2013,TPA,FL,ASO,ES,Combined TRACON& Tower with Radar,339,51,18,0,408,0,2,27,0,29,339,53,45,0,437,0,0,0,437
07/06/2013,TPA,FL,ASO,ES,Combined TRACON& Tower with Radar,402,40,24,1,467,0,0,34,0,34,402,40,58,1,501,0,0,0,501
07/07/2013,TPA,FL,ASO,ES,Combined TRACON& Tower with Radar,381,47,33,1,462,0,0,16,0,16,381,47,49,1,478,0,0,0,478
07/08/2013,TPA,FL,ASO,ES,Combined TRACON& Tower with Radar,392,57,47,0,496,0,1,20,0,21,392,58,67,0,517,0,0,0,517
07/09/2013,TPA,FL,ASO,ES,Combined TRACON& Tower with Radar,387,57,39,0,483,0,2,20,1,23,387,59,59,1,506,0,0,0,506
07/10/2013,TPA,FL,ASO,ES,Combined TRACON& Tower with Radar,388,59,22,0,469,0,1,28,0,29,388,60,50,0,498,0,0,0,498
07/11/2013,TPA,FL,ASO,ES,Combined TRACON& Tower with Radar,391,60,28,0,479,0,2,13,0,15,391,62,41,0,494,0,0,0,494
07/12/2013,TPA,FL,ASO,ES,Combined TRACON& Tower with Radar,393,55,25,0,473,0,1,13,0,14,393,56,38,0,487,6,0,6,493
07/13/2013,TPA,FL,ASO,ES,Combined TRACON& Tower with Radar,420,35,13,0,468,1,0,13,0,14,421,35,26,0,482,0,0,0,482
07/14/2013,TPA,FL,ASO,ES,Combined TRACON& Tower with Radar,392,33,35,0,460,0,0,8,0,8,392,33,43,0,468,0,0,0,468
07/15/2013,TPA,FL,ASO,ES,Combined TRACON& Tower with Radar,379,58,36,1,474,0,1,21,0,22,379,59,57,1,496,0,0,0,496
07/16/2013,TPA,FL,ASO,ES,Combined TRACON& Tower with Radar,387,62,28,0,477,0,1,19,0,20,387,63,47,0,497,0,0,0,497
07/17/2013,TPA,FL,ASO,ES,Combined TRACON& Tower with Radar,389,72,53,0,514,0,4,15,0,19,389,76,68,0,533,0,0,0,533
07/18/2013,TPA,FL,ASO,ES,Combined TRACON& Tower with Radar,384,75,38,0,497,0,4,23,0,27,384,79,61,0,524,0,0,0,524
07/19/2013,TPA,FL,ASO,ES,Combined TRACON& Tower with Radar,398,65,37,0,500,0,2,21,1,24,398,67,58,1,524,0,0,0,524
07/20/2013,TPA,FL,ASO,ES,Combined TRACON& Tower with Radar,413,45,17,0,475,0,1,11,0,12,413,46,28,0,487,0,0,0,487
07/21/2013,TPA,FL,ASO,ES,Combined TRACON& Tower with Radar,387,31,33,0,451,0,0,14,0,14,387,31,47,0,465,0,0,0,465
07/22/2013,TPA,FL,ASO,ES,Combined TRACON& Tower with Radar,380,62,28,1,471,0,1,26,0,27,380,63,54,1,498,0,0,0,498
07/23/2013,TPA,FL,ASO,ES,Combined TRACON& Tower with Radar,397,63,29,1,490,0,0,15,0,15,397,63,44,1,505,0,0,0,505
07/24/2013,TPA,FL,ASO,ES,Combined TRACON& Tower with Radar,395,65,44,0,504,0,0,21,0,21,395,65,65,0,525,0,0,0,525
07/25/2013,TPA,FL,ASO,ES,Combined TRACON& Tower with Radar,386,73,40,0,499,0,0,22,0,22,386,73,62,0,521,0,0,0,521
07/26/2013,TPA,FL,ASO,ES,Combined TRACON& Tower with Radar,397,61,54,1,513,0,0,20,1,21,397,61,74,2,534,0,0,0,534
07/27/2013,TPA,FL,ASO,ES,Combined TRACON& Tower with Radar,408,36,18,0,462,0,1,16,0,17,408,37,34,0,479,0,0,0,479
07/28/2013,TPA,FL,ASO,ES,Combined TRACON& Tower with Radar,383,29,26,1,439,0,0,23,0,23,383,29,49,1,462,0,0,0,462
07/29/2013,TPA,FL,ASO,ES,Combined TRACON& Tower with Radar,389,55,27,0,471,0,4,21,1,26,389,59,48,1,497,0,0,0,497
07/30/2013,TPA,FL,ASO,ES,Combined TRACON& Tower with Radar,390,58,25,0,473,0,2,19,0,21,390,60,44,0,494,0,0,0,494
07/31/2013,TPA,FL,ASO,ES,Combined TRACON& Tower with Radar,400,72,31,0,503,0,3,18,0,21,400,75,49,0,524,0,0,0,524
08/01/2013,TPA,FL,ASO,ES,Combined TRACON& Tower with Radar,395,73,33,0,501,0,1,24,0,25,395,74,57,0,526,0,0,0,526
08/02/2013,TPA,FL,ASO,ES,Combined TRACON& Tower with Radar,402,61,52,2,517,0,3,22,0,25,402,64,74,2,542,0,0,0,542
08/03/2013,TPA,FL,ASO,ES,Combined TRACON& Tower with Radar,407,42,21,0,470,0,2,49,0,51,407,44,70,0,521,0,0,0,521
08/04/2013,TPA,FL,ASO,ES,Combined TRACON& Tower with Radar,392,44,21,0,457,0,0,24,0,24,392,44,45,0,481,0,0,0,481
08/05/2013,TPA,FL,ASO,ES,Combined TRACON& Tower with Radar,388,54,35,0,477,0,1,23,0,24,388,55,58,0,501,0,0,0,501
08/06/2013,TPA,FL,ASO,ES,Combined TRACON& Tower with Radar,391,56,36,0,483,0,2,13,0,15,391,58,49,0,498,0,0,0,498
08/07/2013,TPA,FL,ASO,ES,Combined TRACON& Tower with Radar,391,62,36,0,489,0,3,17,0,20,391,65,53,0,509,0,0,0,509
08/08/2013,TPA,FL,ASO,ES,Combined TRACON& Tower with Radar,394,65,35,0,494,0,1,29,0,30,394,66,64,0,524,0,0,0,524
08/09/2013,TPA,FL,ASO,ES,Combined TRACON& Tower with Radar,394,60,39,0,493,0,2,27,0,29,394,62,66,0,522,0,0,0,522
08/10/2013,TPA,FL,ASO,ES,Combined TRACON& Tower with Radar,406,34,23,0,463,0,1,23,0,24,406,35,46,0,487,0,0,0,487
08/11/2013,TPA,FL,ASO,ES,Combined TRACON& Tower with Radar,360,31,21,0,412,0,1,26,0,27,360,32,47,0,439,0,0,0,439
08/12/2013,TPA,FL,ASO,ES,Combined TRACON& Tower with Radar,357,64,39,0,460,0,3,24,0,27,357,67,63,0,487,0,0,0,487
08/13/2013,TPA,FL,ASO,ES,Combined TRACON& Tower with Radar,365,66,37,0,468,0,5,27,0,32,365,71,64,0,500,0,0,0,500
08/14/2013,TPA,FL,ASO,ES,Combined TRACON& Tower with Radar,362,68,49,0,479,0,1,17,0,18,362,69,66,0,497,0,0,0,497
08/15/2013,TPA,FL,ASO,ES,Combined TRACON& Tower with Radar,366,75,38,2,481,0,0,37,0,37,366,75,75,2,518,0,0,0,518
08/16/2013,TPA,FL,ASO,ES,Combined TRACON& Tower with Radar,363,66,43,2,474,0,0,19,0,19,363,66,62,2,493,0,0,0,493
08/17/2013,TPA,FL,ASO,ES,Combined TRACON& Tower with Radar,341,51,19,0,411,0,0,15,0,15,341,51,34,0,426,0,0,0,426
08/18/2013,TPA,FL,ASO,ES,Combined TRACON& Tower with Radar,352,30,24,0,406,0,1,18,0,19,352,31,42,0,425,0,0,0,425
08/19/2013,TPA,FL,ASO,ES,Combined TRACON& Tower with Radar,359,59,30,0,448,0,2,28,0,30,359,61,58,0,478,0,0,0,478
08/20/2013,TPA,FL,ASO,ES,Combined TRACON& Tower with Radar,352,65,37,0,454,0,3,30,0,33,352,68,67,0,487,0,0,0,487
08/21/2013,TPA,FL,ASO,ES,Combined TRACON& Tower with Radar,356,67,36,0,459,0,3,31,0,34,356,70,67,0,493,0,0,0,493
08/22/2013,TPA,FL,ASO,ES,Combined TRACON& Tower with Radar,350,67,37,0,454,0,2,22,0,24,350,69,59,0,478,0,0,0,478
08/23/2013,TPA,FL,ASO,ES,Combined TRACON& Tower with Radar,364,75,27,0,466,0,2,22,1,25,364,77,49,1,491,0,0,0,491
08/24/2013,TPA,FL,ASO,ES,Combined TRACON& Tower with Radar,336,44,11,1,392,0,0,11,0,11,336,44,22,1,403,0,0,0,403
08/25/2013,TPA,FL,ASO,ES,Combined TRACON& Tower with Radar,359,40,30,0,429,0,0,19,1,20,359,40,49,1,449,0,0,0,449
08/26/2013,TPA,FL,ASO,ES,Combined TRACON& Tower with Radar,345,55,26,1,427,0,1,21,0,22,345,56,47,1,449,0,0,0,449
08/27/2013,TPA,FL,ASO,ES,Combined TRACON& Tower with Radar,348,69,34,0,451,0,2,21,0,23,348,71,55,0,474,0,0,0,474
08/28/2013,TPA,FL,ASO,ES,Combined TRACON& Tower with Radar,348,58,37,1,444,0,2,29,1,32,348,60,66,2,476,0,0,0,476
08/29/2013,TPA,FL,ASO,ES,Combined TRACON& Tower with Radar,358,73,54,0,485,0,2,42,0,44,358,75,96,0,529,0,0,0,529
08/30/2013,TPA,FL,ASO,ES,Combined TRACON& Tower with Radar,343,68,42,0,453,0,6,26,0,32,343,74,68,0,485,0,0,0,485
08/31/2013,TPA,FL,ASO,ES,Combined TRACON& Tower with Radar,304,35,22,1,362,0,2,21,0,23,304,37,43,1,385,0,0,0,385
09/01/2013,TPA,FL,ASO,ES,Combined TRACON& Tower with Radar,278,26,10,0,314,0,0,4,0,4,278,26,14,0,318,0,0,0,318
09/02/2013,TPA,FL,ASO,ES,Combined TRACON& Tower with Radar,315,52,21,0,388,0,0,19,0,19,315,52,40,0,407,0,0,0,407
09/03/2013,TPA,FL,ASO,ES,Combined TRACON& Tower with Radar,335,59,29,0,423,0,2,16,0,18,335,61,45,0,441,0,0,0,441
09/04/2013,TPA,FL,ASO,ES,Combined TRACON& Tower with Radar,336,71,32,4,443,0,1,23,1,25,336,72,55,5,468,0,2,2,470
09/05/2013,TPA,FL,ASO,ES,Combined TRACON& Tower with Radar,335,67,45,0,447,0,1,23,0,24,335,68,68,0,471,0,0,0,471
09/06/2013,TPA,FL,ASO,ES,Combined TRACON& Tower with Radar,345,71,56,1,473,0,1,24,0,25,345,72,80,1,498,0,0,0,498
09/07/2013,TPA,FL,ASO,ES,Combined TRACON& Tower with Radar,313,37,25,2,377,0,0,14,0,14,313,37,39,2,391,0,0,0,391
09/08/2013,TPA,FL,ASO,ES,Combined TRACON& Tower with Radar,341,28,36,1,406,0,0,13,0,13,341,28,49,1,419,0,0,0,419
09/09/2013,TPA,FL,ASO,ES,Combined TRACON& Tower with Radar,334,58,30,0,422,0,0,22,0,22,334,58,52,0,444,0,0,0,444
09/10/2013,TPA,FL,ASO,ES,Combined TRACON& Tower with Radar,319,71,27,2,419,0,0,31,0,31,319,71,58,2,450,0,0,0,450
09/11/2013,TPA,FL,ASO,ES,Combined TRACON& Tower with Radar,323,62,33,0,418,0,1,34,0,35,323,63,67,0,453,0,0,0,453
09/12/2013,TPA,FL,ASO,ES,Combined TRACON& Tower with Radar,337,78,49,2,466,0,0,29,0,29,337,78,78,2,495,0,0,0,495
09/13/2013,TPA,FL,ASO,ES,Combined TRACON& Tower with Radar,350,67,23,0,440,0,1,33,1,35,350,68,56,1,475,0,0,0,475
09/14/2013,TPA,FL,ASO,ES,Combined TRACON& Tower with Radar,302,38,25,2,367,0,1,16,0,17,302,39,41,2,384,0,0,0,384
09/15/2013,TPA,FL,ASO,ES,Combined TRACON& Tower with Radar,334,49,26,0,409,0,1,26,0,27,334,50,52,0,436,0,0,0,436
09/16/2013,TPA,FL,ASO,ES,Combined TRACON& Tower with Radar,339,62,57,0,458,0,1,32,0,33,339,63,89,0,491,0,0,0,491
09/17/2013,TPA,FL,ASO,ES,Combined TRACON& Tower with Radar,318,60,32,1,411,0,0,26,0,26,318,60,58,1,437,0,0,0,437
09/18/2013,TPA,FL,ASO,ES,Combined TRACON& Tower with Radar,330,69,51,1,451,0,0,26,0,26,330,69,77,1,477,0,0,0,477
09/19/2013,TPA,FL,ASO,ES,Combined TRACON& Tower with Radar,339,82,54,4,479,0,1,36,0,37,339,83,90,4,516,0,0,0,516
09/20/2013,TPA,FL,ASO,ES,Combined TRACON& Tower with Radar,343,87,41,0,471,0,4,17,0,21,343,91,58,0,492,0,0,0,492
09/21/2013,TPA,FL,ASO,ES,Combined TRACON& Tower with Radar,309,35,23,0,367,0,1,20,0,21,309,36,43,0,388,0,0,0,388
09/22/2013,TPA,FL,ASO,ES,Combined TRACON& Tower with Radar,330,41,19,0,390,0,0,12,0,12,330,41,31,0,402,0,0,0,402
09/23/2013,TPA,FL,ASO,ES,Combined TRACON& Tower with Radar,337,56,34,0,427,0,1,13,0,14,337,57,47,0,441,0,0,0,441
09/24/2013,TPA,FL,ASO,ES,Combined TRACON& Tower with Radar,315,64,37,0,416,0,0,11,0,11,315,64,48,0,427,0,0,0,427
09/25/2013,TPA,FL,ASO,ES,Combined TRACON& Tower with Radar,330,66,43,0,439,0,0,12,0,12,330,66,55,0,451,0,0,0,451
09/26/2013,TPA,FL,ASO,ES,Combined TRACON& Tower with Radar,345,78,44,2,469,0,0,19,0,19,345,78,63,2,488,0,0,0,488
09/27/2013,TPA,FL,ASO,ES,Combined TRACON& Tower with Radar,354,71,28,3,456,0,0,13,4,17,354,71,41,7,473,0,0,0,473
09/28/2013,TPA,FL,ASO,ES,Combined TRACON& Tower with Radar,306,46,40,2,394,0,0,15,0,15,306,46,55,2,409,0,0,0,409
09/29/2013,TPA,FL,ASO,ES,Combined TRACON& Tower with Radar,344,48,29,5,426,0,0,24,1,25,344,48,53,6,451,0,0,0,451
09/30/2013,TPA,FL,ASO,ES,Combined TRACON& Tower with Radar,354,53,43,0,450,0,1,22,0,23,354,54,65,0,473,0,0,0,473
10/01/2013,TPA,FL,ASO,ES,Combined TRACON& Tower with Radar,334,70,32,0,436,0,1,12,0,13,334,71,44,0,449,0,0,0,449
10/02/2013,TPA,FL,ASO,ES,Combined TRACON& Tower with Radar,350,73,43,0,466,0,1,23,0,24,350,74,66,0,490,0,0,0,490
10/03/2013,TPA,FL,ASO,ES,Combined TRACON& Tower with Radar,359,66,41,0,466,0,1,21,0,22,359,67,62,0,488,0,0,0,488
10/04/2013,TPA,FL,ASO,ES,Combined TRACON& Tower with Radar,369,68,40,0,477,0,0,22,0,22,369,68,62,0,499,0,0,0,499
10/05/2013,TPA,FL,ASO,ES,Combined TRACON& Tower with Radar,331,36,12,0,379,0,0,15,0,15,331,36,27,0,394,0,0,0,394
10/06/2013,TPA,FL,ASO,ES,Combined TRACON& Tower with Radar,345,33,23,0,401,0,0,19,0,19,345,33,42,0,420,0,0,0,420
10/07/2013,TPA,FL,ASO,ES,Combined TRACON& Tower with Radar,361,57,36,0,454,0,2,12,1,15,361,59,48,1,469,0,0,0,469
10/08/2013,TPA,FL,ASO,ES,Combined TRACON& Tower with Radar,345,73,27,0,445,0,0,25,0,25,345,73,52,0,470,0,0,0,470
10/09/2013,TPA,FL,ASO,ES,Combined TRACON& Tower with Radar,362,66,37,0,465,0,0,27,0,27,362,66,64,0,492,0,0,0,492
10/10/2013,TPA,FL,ASO,ES,Combined TRACON& Tower with Radar,358,78,38,0,474,0,0,33,0,33,358,78,71,0,507,0,0,0,507
10/11/2013,TPA,FL,ASO,ES,Combined TRACON& Tower with Radar,371,75,32,0,478,0,1,23,0,24,371,76,55,0,502,0,0,0,502
10/12/2013,TPA,FL,ASO,ES,Combined TRACON& Tower with Radar,334,47,13,0,394,0,0,23,0,23,334,47,36,0,417,0,0,0,417
10/13/2013,TPA,FL,ASO,ES,Combined TRACON& Tower with Radar,350,49,37,0,436,0,0,19,0,19,350,49,56,0,455,0,0,0,455
10/14/2013,TPA,FL,ASO,ES,Combined TRACON& Tower with Radar,362,61,38,0,461,0,0,25,0,25,362,61,63,0,486,10,0,10,496
10/15/2013,TPA,FL,ASO,ES,Combined TRACON& Tower with Radar,351,82,34,0,467,0,0,25,0,25,351,82,59,0,492,0,0,0,492
10/16/2013,TPA,FL,ASO,ES,Combined TRACON& Tower with Radar,367,64,42,0,473,0,1,27,0,28,367,65,69,0,501,0,0,0,501
10/17/2013,TPA,FL,ASO,ES,Combined TRACON& Tower with Radar,368,80,52,0,500,0,2,28,0,30,368,82,80,0,530,0,0,0,530
10/18/2013,TPA,FL,ASO,ES,Combined TRACON& Tower with Radar,370,71,44,0,485,0,1,28,1,30,370,72,72,1,515,0,0,0,515
10/19/2013,TPA,FL,ASO,ES,Combined TRACON& Tower with Radar,329,47,16,0,392,0,0,11,0,11,329,47,27,0,403,0,0,0,403
10/20/2013,TPA,FL,ASO,ES,Combined TRACON& Tower with Radar,348,40,35,2,425,0,0,7,0,7,348,40,42,2,432,0,0,0,432
10/21/2013,TPA,FL,ASO,ES,Combined TRACON& Tower with Radar,360,51,47,0,458,0,1,26,0,27,360,52,73,0,485,0,0,0,485
10/22/2013,TPA,FL,ASO,ES,Combined TRACON& Tower with Radar,350,62,39,0,451,0,0,18,0,18,350,62,57,0,469,0,0,0,469
10/23/2013,TPA,FL,ASO,ES,Combined TRACON& Tower with Radar,357,68,33,0,458,0,0,29,0,29,357,68,62,0,487,0,0,0,487
10/24/2013,TPA,FL,ASO,ES,Combined TRACON& Tower with Radar,367,79,54,4,504,0,1,35,0,36,367,80,89,4,540,0,0,0,540
10/25/2013,TPA,FL,ASO,ES,Combined TRACON& Tower with Radar,373,75,37,0,485,0,2,47,0,49,373,77,84,0,534,0,0,0,534
10/26/2013,TPA,FL,ASO,ES,Combined TRACON& Tower with Radar,335,40,13,2,390,0,3,15,0,18,335,43,28,2,408,0,0,0,408
10/27/2013,TPA,FL,ASO,ES,Combined TRACON& Tower with Radar,361,53,26,0,440,0,1,20,0,21,361,54,46,0,461,0,0,0,461
10/28/2013,TPA,FL,ASO,ES,Combined TRACON& Tower with Radar,360,76,25,4,465,0,3,28,0,31,360,79,53,4,496,0,0,0,496
10/29/2013,TPA,FL,ASO,ES,Combined TRACON& Tower with Radar,360,81,33,0,474,0,1,29,0,30,360,82,62,0,504,0,0,0,504
10/30/2013,TPA,FL,ASO,ES,Combined TRACON& Tower with Radar,363,73,47,0,483,0,0,26,0,26,363,73,73,0,509,0,0,0,509
10/31/2013,TPA,FL,ASO,ES,Combined TRACON& Tower with Radar,346,72,41,2,461,0,0,33,0,33,346,72,74,2,494,0,0,0,494
11/01/2013,TPA,FL,ASO,ES,Combined TRACON& Tower with Radar,374,71,26,0,471,0,0,11,0,11,374,71,37,0,482,0,0,0,482
11/02/2013,TPA,FL,ASO,ES,Combined TRACON& Tower with Radar,336,46,23,0,405,0,0,9,0,9,336,46,32,0,414,0,0,0,414
11/03/2013,TPA,FL,ASO,ES,Combined TRACON& Tower with Radar,378,44,28,0,450,0,1,16,0,17,378,45,44,0,467,0,0,0,467
11/04/2013,TPA,FL,ASO,ES,Combined TRACON& Tower with Radar,378,63,47,0,488,0,0,19,0,19,378,63,66,0,507,0,0,0,507
11/05/2013,TPA,FL,ASO,ES,Combined TRACON& Tower with Radar,384,72,58,0,514,0,0,24,0,24,384,72,82,0,538,0,0,0,538
11/06/2013,TPA,FL,ASO,ES,Combined TRACON& Tower with Radar,387,74,40,1,502,0,1,34,0,35,387,75,74,1,537,0,0,0,537
11/07/2013,TPA,FL,ASO,ES,Combined TRACON& Tower with Radar,405,82,55,1,543,0,0,30,0,30,405,82,85,1,573,0,0,0,573
11/08/2013,TPA,FL,ASO,ES,Combined TRACON& Tower with Radar,397,78,61,0,536,0,0,33,0,33,397,78,94,0,569,0,0,0,569
11/09/2013,TPA,FL,ASO,ES,Combined TRACON& Tower with Radar,368,39,21,0,428,0,0,14,0,14,368,39,35,0,442,0,0,0,442
11/10/2013,TPA,FL,ASO,ES,Combined TRACON& Tower with Radar,379,42,28,5,454,0,0,14,0,14,379,42,42,5,468,0,0,0,468
11/11/2013,TPA,FL,ASO,ES,Combined TRACON& Tower with Radar,386,83,62,1,532,0,1,46,0,47,386,84,108,1,579,10,0,10,589
11/12/2013,TPA,FL,ASO,ES,Combined TRACON& Tower with Radar,386,84,59,2,531,0,1,35,0,36,386,85,94,2,567,0,0,0,567
11/13/2013,TPA,FL,ASO,ES,Combined TRACON& Tower with Radar,394,74,38,2,508,0,0,23,0,23,394,74,61,2,531,0,0,0,531
11/14/2013,TPA,FL,ASO,ES,Combined TRACON& Tower with Radar,399,72,58,2,531,0,1,37,0,38,399,73,95,2,569,0,0,0,569
11/15/2013,TPA,FL,ASO,ES,Combined TRACON& Tower with Radar,401,86,33,6,526,0,0,22,0,22,401,86,55,6,548,0,0,0,548
11/16/2013,TPA,FL,ASO,ES,Combined TRACON& Tower with Radar,367,39,22,2,430,0,1,11,0,12,367,40,33,2,442,0,0,0,442
11/17/2013,TPA,FL,ASO,ES,Combined TRACON& Tower with Radar,375,52,46,6,479,0,2,28,0,30,375,54,74,6,509,0,0,0,509
11/18/2013,TPA,FL,ASO,ES,Combined TRACON& Tower with Radar,395,65,43,1,504,0,1,22,0,23,395,66,65,1,527,0,0,0,527
11/19/2013,TPA,FL,ASO,ES,Combined TRACON& Tower with Radar,388,72,55,1,516,0,3,20,0,23,388,75,75,1,539,0,0,0,539
11/20/2013,TPA,FL,ASO,ES,Combined TRACON& Tower with Radar,389,69,46,0,504,0,0,24,0,24,389,69,70,0,528,0,0,0,528
11/21/2013,TPA,FL,ASO,ES,Combined TRACON& Tower with Radar,395,71,50,0,516,0,0,23,0,23,395,71,73,0,539,0,0,0,539
11/22/2013,TPA,FL,ASO,ES,Combined TRACON& Tower with Radar,429,75,75,2,581,0,0,28,0,28,429,75,103,2,609,0,0,0,609
11/23/2013,TPA,FL,ASO,ES,Combined TRACON& Tower with Radar,385,41,25,0,451,0,3,29,0,32,385,44,54,0,483,0,0,0,483
11/24/2013,TPA,FL,ASO,ES,Combined TRACON& Tower with Radar,384,42,29,2,457,0,1,13,0,14,384,43,42,2,471,0,0,0,471
11/25/2013,TPA,FL,ASO,ES,Combined TRACON& Tower with Radar,381,65,33,5,484,0,1,18,0,19,381,66,51,5,503,0,0,0,503
11/26/2013,TPA,FL,ASO,ES,Combined TRACON& Tower with Radar,422,70,29,0,521,0,1,14,0,15,422,71,43,0,536,0,0,0,536
11/27/2013,TPA,FL,ASO,ES,Combined TRACON& Tower with Radar,437,66,44,0,547,0,1,9,0,10,437,67,53,0,557,0,0,0,557
11/28/2013,TPA,FL,ASO,ES,Combined TRACON& Tower with Radar,280,36,10,0,326,0,0,5,0,5,280,36,15,0,331,0,0,0,331
11/29/2013,TPA,FL,ASO,ES,Combined TRACON& Tower with Radar,328,36,23,0,387,0,0,15,0,15,328,36,38,0,402,0,0,0,402
11/30/2013,TPA,FL,ASO,ES,Combined TRACON& Tower with Radar,426,45,25,0,496,0,0,14,2,16,426,45,39,2,512,0,0,0,512
12/01/2013,TPA,FL,ASO,ES,Combined TRACON& Tower with Radar,434,55,61,0,550,0,0,24,0,24,434,55,85,0,574,0,0,0,574
12/02/2013,TPA,FL,ASO,ES,Combined TRACON& Tower with Radar,433,56,34,0,523,0,1,28,1,30,433,57,62,1,553,0,0,0,553
12/03/2013,TPA,FL,ASO,ES,Combined TRACON& Tower with Radar,397,63,56,0,516,0,1,23,0,24,397,64,79,0,540,0,0,0,540
12/04/2013,TPA,FL,ASO,ES,Combined TRACON& Tower with Radar,385,64,35,0,484,0,2,27,0,29,385,66,62,0,513,0,0,0,513
12/05/2013,TPA,FL,ASO,ES,Combined TRACON& Tower with Radar,383,71,36,0,490,0,1,37,0,38,383,72,73,0,528,20,0,20,548
12/06/2013,TPA,FL,ASO,ES,Combined TRACON& Tower with Radar,397,68,42,2,509,0,0,30,0,30,397,68,72,2,539,0,0,0,539
12/07/2013,TPA,FL,ASO,ES,Combined TRACON& Tower with Radar,352,33,22,0,407,0,2,20,0,22,352,35,42,0,429,0,0,0,429
12/08/2013,TPA,FL,ASO,ES,Combined TRACON& Tower with Radar,348,53,49,2,452,0,7,29,0,36,348,60,78,2,488,0,0,0,488
12/09/2013,TPA,FL,ASO,ES,Combined TRACON& Tower with Radar,380,55,33,0,468,0,2,25,0,27,380,57,58,0,495,0,0,0,495
12/10/2013,TPA,FL,ASO,ES,Combined TRACON& Tower with Radar,376,65,46,0,487,0,2,36,0,38,376,67,82,0,525,0,0,0,525
12/11/2013,TPA,FL,ASO,ES,Combined TRACON& Tower with Radar,383,69,48,0,500,0,0,27,0,27,383,69,75,0,527,0,0,0,527
12/12/2013,TPA,FL,ASO,ES,Combined TRACON& Tower with Radar,398,75,59,1,533,0,0,25,0,25,398,75,84,1,558,0,0,0,558
12/13/2013,TPA,FL,ASO,ES,Combined TRACON& Tower with Radar,404,71,46,1,522,0,0,31,0,31,404,71,77,1,553,0,0,0,553
12/14/2013,TPA,FL,ASO,ES,Combined TRACON& Tower with Radar,346,44,20,0,410,0,1,14,0,15,346,45,34,0,425,0,0,0,425
12/15/2013,TPA,FL,ASO,ES,Combined TRACON& Tower with Radar,374,54,42,2,472,0,0,11,0,11,374,54,53,2,483,0,0,0,483
12/16/2013,TPA,FL,ASO,ES,Combined TRACON& Tower with Radar,391,66,41,0,498,0,0,30,0,30,391,66,71,0,528,0,0,0,528
12/17/2013,TPA,FL,ASO,ES,Combined TRACON& Tower with Radar,378,67,31,1,477,0,1,15,0,16,378,68,46,1,493,0,0,0,493
12/18/2013,TPA,FL,ASO,ES,Combined TRACON& Tower with Radar,394,60,65,0,519,1,1,30,0,32,395,61,95,0,551,0,0,0,551
12/19/2013,TPA,FL,ASO,ES,Combined TRACON& Tower with Radar,431,72,50,0,553,0,2,26,0,28,431,74,76,0,581,0,0,0,581
12/20/2013,TPA,FL,ASO,ES,Combined TRACON& Tower with Radar,450,66,45,0,561,0,1,23,0,24,450,67,68,0,585,0,0,0,585
12/21/2013,TPA,FL,ASO,ES,Combined TRACON& Tower with Radar,462,43,26,2,533,0,0,18,0,18,462,43,44,2,551,0,0,0,551
12/22/2013,TPA,FL,ASO,ES,Combined TRACON& Tower with Radar,425,34,22,0,481,1,0,16,0,17,426,34,38,0,498,0,0,0,498
12/23/2013,TPA,FL,ASO,ES,Combined TRACON& Tower with Radar,424,49,16,2,491,1,1,17,0,19,425,50,33,2,510,0,0,0,510
12/24/2013,TPA,FL,ASO,ES,Combined TRACON& Tower with Radar,377,57,12,0,446,0,1,13,0,14,377,58,25,0,460,0,0,0,460
12/25/2013,TPA,FL,ASO,ES,Combined TRACON& Tower with Radar,348,34,5,0,387,1,1,16,0,18,349,35,21,0,405,0,0,0,405
12/26/2013,TPA,FL,ASO,ES,Combined TRACON& Tower with Radar,466,60,33,1,560,0,0,24,0,24,466,60,57,1,584,0,0,0,584
12/27/2013,TPA,FL,ASO,ES,Combined TRACON& Tower with Radar,476,63,39,1,579,1,0,17,0,18,477,63,56,1,597,0,0,0,597
12/28/2013,TPA,FL,ASO,ES,Combined TRACON& Tower with Radar,471,53,22,0,546,0,0,9,2,11,471,53,31,2,557,0,0,0,557
12/29/2013,TPA,FL,ASO,ES,Combined TRACON& Tower with Radar,443,50,15,0,508,1,1,6,0,8,444,51,21,0,516,0,0,0,516
12/30/2013,TPA,FL,ASO,ES,Combined TRACON& Tower with Radar,445,50,34,0,529,1,0,18,0,19,446,50,52,0,548,0,0,0,548
12/31/2013,TPA,FL,ASO,ES,Combined TRACON& Tower with Radar,395,62,24,0,481,0,1,18,0,19,395,63,42,0,500,0,0,0,500
01/01/2014,TPA,FL,ASO,ES,Combined TRACON& Tower with Radar,390,58,52,0,500,1,0,6,0,7,391,58,58,0,507,0,0,0,507
01/02/2014,TPA,FL,ASO,ES,Combined TRACON& Tower with Radar,423,58,32,0,513,0,0,9,0,9,423,58,41,0,522,0,0,0,522
01/03/2014,TPA,FL,ASO,ES,Combined TRACON& Tower with Radar,390,66,49,0,505,1,0,22,1,24,391,66,71,1,529,0,0,0,529
01/04/2014,TPA,FL,ASO,ES,Combined TRACON& Tower with Radar,414,43,39,0,496,0,0,13,0,13,414,43,52,0,509,0,0,0,509
01/05/2014,TPA,FL,ASO,ES,Combined TRACON& Tower with Radar,391,50,39,0,480,1,0,21,0,22,392,50,60,0,502,0,0,0,502
01/06/2014,TPA,FL,ASO,ES,Combined TRACON& Tower with Radar,367,52,37,0,456,1,1,15,0,17,368,53,52,0,473,0,0,0,473
01/07/2014,TPA,FL,ASO,ES,Combined TRACON& Tower with Radar,374,65,38,2,479,0,2,19,0,21,374,67,57,2,500,0,0,0,500
01/08/2014,TPA,FL,ASO,ES,Combined TRACON& Tower with Radar,385,60,46,0,491,0,0,11,1,12,385,60,57,1,503,0,0,0,503
01/09/2014,TPA,FL,ASO,ES,Combined TRACON& Tower with Radar,399,65,55,1,520,0,1,11,0,12,399,66,66,1,532,0,0,0,532
01/10/2014,TPA,FL,ASO,ES,Combined TRACON& Tower with Radar,400,62,49,6,517,1,0,24,0,25,401,62,73,6,542,0,0,0,542
01/11/2014,TPA,FL,ASO,ES,Combined TRACON& Tower with Radar,357,37,18,0,412,0,1,6,0,7,357,38,24,0,419,0,0,0,419
01/12/2014,TPA,FL,ASO,ES,Combined TRACON& Tower with Radar,382,35,28,2,447,0,1,17,0,18,382,36,45,2,465,0,0,0,465
01/13/2014,TPA,FL,ASO,ES,Combined TRACON& Tower with Radar,386,50,32,2,470,1,1,19,0,21,387,51,51,2,491,0,0,0,491
01/14/2014,TPA,FL,ASO,ES,Combined TRACON& Tower with Radar,380,70,34,0,484,0,1,8,0,9,380,71,42,0,493,0,0,0,493
01/15/2014,TPA,FL,ASO,ES,Combined TRACON& Tower with Radar,386,63,49,0,498,1,1,26,0,28,387,64,75,0,526,0,0,0,526
01/16/2014,TPA,FL,ASO,ES,Combined TRACON& Tower with Radar,392,77,70,0,539,0,1,22,0,23,392,78,92,0,562,0,0,0,562
01/17/2014,TPA,FL,ASO,ES,Combined TRACON& Tower with Radar,404,60,51,0,515,1,2,26,0,29,405,62,77,0,544,0,0,0,544
01/18/2014,TPA,FL,ASO,ES,Combined TRACON& Tower with Radar,358,48,35,0,441,0,1,29,0,30,358,49,64,0,471,0,0,0,471
01/19/2014,TPA,FL,ASO,ES,Combined TRACON& Tower with Radar,363,32,30,0,425,1,1,22,0,24,364,33,52,0,449,0,0,0,449
01/20/2014,TPA,FL,ASO,ES,Combined TRACON& Tower with Radar,383,68,28,0,479,1,3,24,0,28,384,71,52,0,507,0,0,0,507
01/21/2014,TPA,FL,ASO,ES,Combined TRACON& Tower with Radar,337,69,53,0,459,0,0,21,0,21,337,69,74,0,480,0,0,0,480
01/22/2014,TPA,FL,ASO,ES,Combined TRACON& Tower with Radar,368,81,50,0,499,1,0,24,0,25,369,81,74,0,524,0,0,0,524
01/23/2014,TPA,FL,ASO,ES,Combined TRACON& Tower with Radar,395,67,45,0,507,1,1,22,0,24,396,68,67,0,531,0,0,0,531
01/24/2014,TPA,FL,ASO,ES,Combined TRACON& Tower with Radar,390,54,78,5,527,1,2,22,5,30,391,56,100,10,557,0,0,0,557
01/25/2014,TPA,FL,ASO,ES,Combined TRACON& Tower with Radar,364,36,19,0,419,0,1,13,0,14,364,37,32,0,433,0,0,0,433
01/26/2014,TPA,FL,ASO,ES,Combined TRACON& Tower with Radar,376,31,37,5,449,1,1,7,0,9,377,32,44,5,458,0,0,0,458
01/27/2014,TPA,FL,ASO,ES,Combined TRACON& Tower with Radar,382,50,64,0,496,1,2,12,0,15,383,52,76,0,511,0,0,0,511
01/28/2014,TPA,FL,ASO,ES,Combined TRACON& Tower with Radar,349,61,44,0,454,0,4,19,0,23,349,65,63,0,477,0,0,0,477
01/29/2014,TPA,FL,ASO,ES,Combined TRACON& Tower with Radar,344,57,36,0,437,1,0,3,0,4,345,57,39,0,441,0,0,0,441
01/30/2014,TPA,FL,ASO,ES,Combined TRACON& Tower with Radar,376,67,36,0,479,0,0,1,0,1,376,67,37,0,480,0,0,0,480
01/31/2014,TPA,FL,ASO,ES,Combined TRACON& Tower with Radar,400,65,33,1,499,1,0,1,0,2,401,65,34,1,501,0,0,0,501
02/01/2014,TPA,FL,ASO,ES,Combined TRACON& Tower with Radar,355,40,28,0,423,0,1,11,0,12,355,41,39,0,435,0,0,0,435
02/02/2014,TPA,FL,ASO,ES,Combined TRACON& Tower with Radar,353,37,32,3,425,1,1,18,0,20,354,38,50,3,445,0,0,0,445
02/03/2014,TPA,FL,ASO,ES,Combined TRACON& Tower with Radar,382,51,44,1,478,3,1,17,0,21,385,52,61,1,499,0,0,0,499
02/04/2014,TPA,FL,ASO,ES,Combined TRACON& Tower with Radar,368,63,31,0,462,0,1,18,0,19,368,64,49,0,481,0,0,0,481
02/05/2014,TPA,FL,ASO,ES,Combined TRACON& Tower with Radar,353,53,48,0,454,1,1,4,0,6,354,54,52,0,460,0,0,0,460
02/06/2014,TPA,FL,ASO,ES,Combined TRACON& Tower with Radar,395,69,45,0,509,0,0,13,0,13,395,69,58,0,522,0,0,0,522
02/07/2014,TPA,FL,ASO,ES,Combined TRACON& Tower with Radar,415,71,51,4,541,0,0,1,0,1,415,71,52,4,542,0,0,0,542
02/08/2014,TPA,FL,ASO,ES,Combined TRACON& Tower with Radar,365,36,32,0,433,0,0,2,0,2,365,36,34,0,435,0,0,0,435
02/09/2014,TPA,FL,ASO,ES,Combined TRACON& Tower with Radar,379,38,25,3,445,0,1,20,1,22,379,39,45,4,467,0,0,0,467
02/10/2014,TPA,FL,ASO,ES,Combined TRACON& Tower with Radar,390,57,47,0,494,1,0,31,0,32,391,57,78,0,526,0,0,0,526
02/11/2014,TPA,FL,ASO,ES,Combined TRACON& Tower with Radar,359,57,48,4,468,0,2,27,0,29,359,59,75,4,497,0,0,0,497
02/12/2014,TPA,FL,ASO,ES,Combined TRACON& Tower with Radar,345,62,49,2,458,1,1,10,1,13,346,63,59,3,471,0,0,0,471
02/13/2014,TPA,FL,ASO,ES,Combined TRACON& Tower with Radar,321,74,55,4,454,0,0,23,0,23,321,74,78,4,477,0,0,0,477
02/14/2014,TPA,FL,ASO,ES,Combined TRACON& Tower with Radar,410,50,43,0,503,0,2,24,0,26,410,52,67,0,529,0,0,0,529
02/15/2014,TPA,FL,ASO,ES,Combined TRACON& Tower with Radar,424,38,49,1,512,0,1,14,0,15,424,39,63,1,527,0,0,0,527
02/16/2014,TPA,FL,ASO,ES,Combined TRACON& Tower with Radar,403,39,36,0,478,1,1,21,0,23,404,40,57,0,501,0,0,0,501
02/17/2014,TPA,FL,ASO,ES,Combined TRACON& Tower with Radar,419,61,53,1,534,1,0,34,1,36,420,61,87,2,570,0,0,0,570
02/18/2014,TPA,FL,ASO,ES,Combined TRACON& Tower with Radar,433,59,51,0,543,0,1,13,0,14,433,60,64,0,557,0,0,0,557
02/19/2014,TPA,FL,ASO,ES,Combined TRACON& Tower with Radar,427,61,63,2,553,1,0,22,0,23,428,61,85,2,576,0,0,0,576
02/20/2014,TPA,FL,ASO,ES,Combined TRACON& Tower with Radar,420,62,61,0,543,0,2,40,0,42,420,64,101,0,585,0,0,0,585
02/21/2014,TPA,FL,ASO,ES,Combined TRACON& Tower with Radar,423,55,55,0,533,1,1,7,1,10,424,56,62,1,543,0,0,0,543
02/22/2014,TPA,FL,ASO,ES,Combined TRACON& Tower with Radar,448,44,36,0,528,0,1,12,0,13,448,45,48,0,541,0,0,0,541
02/23/2014,TPA,FL,ASO,ES,Combined TRACON& Tower with Radar,414,36,54,0,504,1,0,8,0,9,415,36,62,0,513,0,0,0,513
02/24/2014,TPA,FL,ASO,ES,Combined TRACON& Tower with Radar,441,60,31,0,532,1,0,13,0,14,442,60,44,0,546,0,0,0,546
02/25/2014,TPA,FL,ASO,ES,Combined TRACON& Tower with Radar,427,67,69,0,563,0,0,35,0,35,427,67,104,0,598,0,0,0,598
02/26/2014,TPA,FL,ASO,ES,Combined TRACON& Tower with Radar,438,74,51,0,563,0,0,14,0,14,438,74,65,0,577,0,0,0,577
02/27/2014,TPA,FL,ASO,ES,Combined TRACON& Tower with Radar,424,65,52,0,541,0,0,27,0,27,424,65,79,0,568,0,0,0,568
02/28/2014,TPA,FL,ASO,ES,Combined TRACON& Tower with Radar,443,64,69,0,576,0,1,27,0,28,443,65,96,0,604,0,0,0,604
03/01/2014,TPA,FL,ASO,ES,Combined TRACON& Tower with Radar,436,38,42,0,516,0,2,24,0,26,436,40,66,0,542,0,0,0,542
03/02/2014,TPA,FL,ASO,ES,Combined TRACON& Tower with Radar,403,45,22,2,472,1,0,19,0,20,404,45,41,2,492,0,0,0,492
03/03/2014,TPA,FL,ASO,ES,Combined TRACON& Tower with Radar,399,54,29,0,482,1,0,23,0,24,400,54,52,0,506,0,0,0,506
03/04/2014,TPA,FL,ASO,ES,Combined TRACON& Tower with Radar,433,58,52,2,545,0,2,23,0,25,433,60,75,2,570,0,0,0,570
03/05/2014,TPA,FL,ASO,ES,Combined TRACON& Tower with Radar,434,81,47,0,562,1,4,20,0,25,435,85,67,0,587,0,0,0,587
03/06/2014,TPA,FL,ASO,ES,Combined TRACON& Tower with Radar,442,60,53,0,555,0,0,11,3,14,442,60,64,3,569,0,0,0,569
03/07/2014,TPA,FL,ASO,ES,Combined TRACON& Tower with Radar,451,66,52,2,571,0,0,20,0,20,451,66,72,2,591,0,0,0,591
03/08/2014,TPA,FL,ASO,ES,Combined TRACON& Tower with Radar,500,53,32,0,585,0,2,30,0,32,500,55,62,0,617,0,0,0,617
03/09/2014,TPA,FL,ASO,ES,Combined TRACON& Tower with Radar,447,40,45,0,532,1,0,23,0,24,448,40,68,0,556,0,0,0,556
03/10/2014,TPA,FL,ASO,ES,Combined TRACON& Tower with Radar,467,71,49,5,592,1,1,19,2,23,468,72,68,7,615,0,0,0,615
03/11/2014,TPA,FL,ASO,ES,Combined TRACON& Tower with Radar,460,75,54,1,590,0,0,24,0,24,460,75,78,1,614,0,0,0,614
03/12/2014,TPA,FL,ASO,ES,Combined TRACON& Tower with Radar,450,66,48,1,565,1,0,22,0,23,451,66,70,1,588,0,0,0,588
03/13/2014,TPA,FL,ASO,ES,Combined TRACON& Tower with Radar,464,69,34,0,567,0,1,20,0,21,464,70,54,0,588,0,0,0,588
03/14/2014,TPA,FL,ASO,ES,Combined TRACON& Tower with Radar,475,75,56,3,609,0,0,33,0,33,475,75,89,3,642,0,0,0,642
03/15/2014,TPA,FL,ASO,ES,Combined TRACON& Tower with Radar,507,51,41,0,599,0,0,24,0,24,507,51,65,0,623,0,0,0,623
03/16/2014,TPA,FL,ASO,ES,Combined TRACON& Tower with Radar,448,59,33,0,540,1,3,22,1,27,449,62,55,1,567,0,0,0,567
03/17/2014,TPA,FL,ASO,ES,Combined TRACON& Tower with Radar,461,56,24,0,541,1,0,5,0,6,462,56,29,0,547,0,0,0,547
03/18/2014,TPA,FL,ASO,ES,Combined TRACON& Tower with Radar,471,66,34,4,575,0,2,25,0,27,471,68,59,4,602,0,0,0,602
03/19/2014,TPA,FL,ASO,ES,Combined TRACON& Tower with Radar,461,62,76,1,600,1,1,18,0,20,462,63,94,1,620,0,0,0,620
03/20/2014,TPA,FL,ASO,ES,Combined TRACON& Tower with Radar,473,67,59,6,605,0,3,32,0,35,473,70,91,6,640,0,0,0,640
03/21/2014,TPA,FL,ASO,ES,Combined TRACON& Tower with Radar,477,70,47,4,598,0,2,27,0,29,477,72,74,4,627,0,0,0,627
03/22/2014,TPA,FL,ASO,ES,Combined TRACON& Tower with Radar,497,50,32,0,579,0,2,23,0,25,497,52,55,0,604,0,0,0,604
03/23/2014,TPA,FL,ASO,ES,Combined TRACON& Tower with Radar,452,49,45,2,548,0,0,12,0,12,452,49,57,2,560,0,0,0,560
03/24/2014,TPA,FL,ASO,ES,Combined TRACON& Tower with Radar,462,46,27,0,535,0,0,8,0,8,462,46,35,0,543,0,0,0,543
03/25/2014,TPA,FL,ASO,ES,Combined TRACON& Tower with Radar,462,60,46,0,568,0,0,17,0,17,462,60,63,0,585,0,0,0,585
03/26/2014,TPA,FL,ASO,ES,Combined TRACON& Tower with Radar,468,61,69,2,600,1,1,31,0,33,469,62,100,2,633,0,0,0,633
03/27/2014,TPA,FL,ASO,ES,Combined TRACON& Tower with Radar,460,53,37,0,550,0,2,24,3,29,460,55,61,3,579,0,0,0,579
03/28/2014,TPA,FL,ASO,ES,Combined TRACON& Tower with Radar,469,51,57,0,577,0,3,25,0,28,469,54,82,0,605,0,0,0,605
03/29/2014,TPA,FL,ASO,ES,Combined TRACON& Tower with Radar,492,45,27,1,565,0,2,4,0,6,492,47,31,1,571,0,0,0,571
03/30/2014,TPA,FL,ASO,ES,Combined TRACON& Tower with Radar,460,52,38,1,551,0,0,16,0,16,460,52,54,1,567,0,0,0,567
03/31/2014,TPA,FL,ASO,ES,Combined TRACON& Tower with Radar,463,56,43,5,567,2,0,33,2,37,465,56,76,7,604,0,0,0,604
04/01/2014,TPA,FL,ASO,ES,Combined TRACON& Tower with Radar,456,67,47,9,579,0,1,35,0,36,456,68,82,9,615,0,0,0,615
04/02/2014,TPA,FL,ASO,ES,Combined TRACON& Tower with Radar,450,68,41,0,559,1,0,29,2,32,451,68,70,2,591,0,0,0,591
04/03/2014,TPA,FL,ASO,ES,Combined TRACON& Tower with Radar,451,48,63,5,567,0,0,40,0,40,451,48,103,5,607,0,0,0,607
04/04/2014,TPA,FL,ASO,ES,Combined TRACON& Tower with Radar,464,67,51,2,584,1,0,31,1,33,465,67,82,3,617,0,0,0,617
04/05/2014,TPA,FL,ASO,ES,Combined TRACON& Tower with Radar,492,50,28,1,571,0,1,23,0,24,492,51,51,1,595,0,0,0,595
04/06/2014,TPA,FL,ASO,ES,Combined TRACON& Tower with Radar,446,40,51,1,538,1,2,18,1,22,447,42,69,2,560,0,0,0,560
04/07/2014,TPA,FL,ASO,ES,Combined TRACON& Tower with Radar,448,62,36,0,546,1,3,30,0,34,449,65,66,0,580,0,0,0,580
04/08/2014,TPA,FL,ASO,ES,Combined TRACON& Tower with Radar,431,64,42,0,537,0,0,7,0,7,431,64,49,0,544,0,0,0,544
04/09/2014,TPA,FL,ASO,ES,Combined TRACON& Tower with Radar,425,59,47,0,531,0,0,39,0,39,425,59,86,0,570,0,0,0,570
04/10/2014,TPA,FL,ASO,ES,Combined TRACON& Tower with Radar,437,74,42,3,556,0,1,32,3,36,437,75,74,6,592,0,0,0,592
04/11/2014,TPA,FL,ASO,ES,Combined TRACON& Tower with Radar,437,81,58,2,578,0,0,37,1,38,437,81,95,3,616,0,0,0,616
04/12/2014,TPA,FL,ASO,ES,Combined TRACON& Tower with Radar,407,54,26,0,487,0,0,15,0,15,407,54,41,0,502,0,0,0,502
04/13/2014,TPA,FL,ASO,ES,Combined TRACON& Tower with Radar,421,47,37,2,507,1,1,16,1,19,422,48,53,3,526,0,0,0,526
04/14/2014,TPA,FL,ASO,ES,Combined TRACON& Tower with Radar,432,53,26,0,511,1,0,21,0,22,433,53,47,0,533,0,0,0,533
04/15/2014,TPA,FL,ASO,ES,Combined TRACON& Tower with Radar,434,54,55,0,543,0,1,13,0,14,434,55,68,0,557,0,0,0,557
04/16/2014,TPA,FL,ASO,ES,Combined TRACON& Tower with Radar,428,72,58,0,558,1,0,22,0,23,429,72,80,0,581,0,0,0,581
04/17/2014,TPA,FL,ASO,ES,Combined TRACON& Tower with Radar,444,71,45,0,560,0,1,17,4,22,444,72,62,4,582,0,0,0,582
04/18/2014,TPA,FL,ASO,ES,Combined TRACON& Tower with Radar,444,70,37,0,551,0,0,6,0,6,444,70,43,0,557,0,0,0,557
04/19/2014,TPA,FL,ASO,ES,Combined TRACON& Tower with Radar,401,42,19,2,464,0,4,4,0,8,401,46,23,2,472,0,0,0,472
04/20/2014,TPA,FL,ASO,ES,Combined TRACON& Tower with Radar,426,41,30,1,498,0,1,14,0,15,426,42,44,1,513,0,0,0,513
04/21/2014,TPA,FL,ASO,ES,Combined TRACON& Tower with Radar,433,60,51,0,544,1,2,11,0,14,434,62,62,0,558,0,0,0,558
04/22/2014,TPA,FL,ASO,ES,Combined TRACON& Tower with Radar,424,63,66,0,553,0,0,29,0,29,424,63,95,0,582,0,0,0,582
04/23/2014,TPA,FL,ASO,ES,Combined TRACON& Tower with Radar,418,66,58,0,542,0,0,34,0,34,418,66,92,0,576,0,0,0,576
04/24/2014,TPA,FL,ASO,ES,Combined TRACON& Tower with Radar,437,65,59,0,561,0,1,27,0,28,437,66,86,0,589,0,0,0,589
04/25/2014,TPA,FL,ASO,ES,Combined TRACON& Tower with Radar,443,68,56,2,569,1,2,35,0,38,444,70,91,2,607,0,0,0,607
04/26/2014,TPA,FL,ASO,ES,Combined TRACON& Tower with Radar,400,45,31,1,477,0,3,25,0,28,400,48,56,1,505,0,0,0,505
04/27/2014,TPA,FL,ASO,ES,Combined TRACON& Tower with Radar,420,40,42,2,504,1,1,18,0,20,421,41,60,2,524,0,0,0,524
04/28/2014,TPA,FL,ASO,ES,Combined TRACON& Tower with Radar,425,58,37,0,520,1,1,33,0,35,426,59,70,0,555,0,0,0,555
04/29/2014,TPA,FL,ASO,ES,Combined TRACON& Tower with Radar,440,60,41,0,541,0,0,13,0,13,440,60,54,0,554,0,0,0,554
04/30/2014,TPA,FL,ASO,ES,Combined TRACON& Tower with Radar,435,64,41,0,540,1,0,21,0,22,436,64,62,0,562,0,0,0,562
05/01/2014,TPA,FL,ASO,ES,Combined TRACON& Tower with Radar,416,59,43,0,518,0,0,28,0,28,416,59,71,0,546,0,0,0,546
05/02/2014,TPA,FL,ASO,ES,Combined TRACON& Tower with Radar,427,54,32,0,513,0,1,10,0,11,427,55,42,0,524,0,0,0,524
05/03/2014,TPA,FL,ASO,ES,Combined TRACON& Tower with Radar,382,46,30,0,458,0,0,6,0,6,382,46,36,0,464,0,0,0,464
05/04/2014,TPA,FL,ASO,ES,Combined TRACON& Tower with Radar,400,52,38,0,490,0,2,15,0,17,400,54,53,0,507,0,0,0,507
05/05/2014,TPA,FL,ASO,ES,Combined TRACON& Tower with Radar,409,54,35,2,500,0,0,23,0,23,409,54,58,2,523,0,0,0,523
05/06/2014,TPA,FL,ASO,ES,Combined TRACON& Tower with Radar,401,65,42,1,509,0,0,39,0,39,401,65,81,1,548,0,0,0,548
05/07/2014,TPA,FL,ASO,ES,Combined TRACON& Tower with Radar,403,65,35,2,505,1,2,23,0,26,404,67,58,2,531,0,0,0,531
05/08/2014,TPA,FL,ASO,ES,Combined TRACON& Tower with Radar,382,57,44,0,483,0,2,35,0,37,382,59,79,0,520,0,0,0,520
05/09/2014,TPA,FL,ASO,ES,Combined TRACON& Tower with Radar,407,70,51,8,536,0,0,36,6,42,407,70,87,14,578,0,0,0,578
05/10/2014,TPA,FL,ASO,ES,Combined TRACON& Tower with Radar,362,37,30,0,429,0,1,29,0,30,362,38,59,0,459,0,0,0,459
05/11/2014,TPA,FL,ASO,ES,Combined TRACON& Tower with Radar,385,36,20,5,446,0,2,15,7,24,385,38,35,12,470,0,0,0,470
05/12/2014,TPA,FL,ASO,ES,Combined TRACON& Tower with Radar,395,55,52,3,505,0,1,23,0,24,395,56,75,3,529,0,0,0,529
05/13/2014,TPA,FL,ASO,ES,Combined TRACON& Tower with Radar,388,54,41,0,483,0,1,22,0,23,388,55,63,0,506,0,0,0,506
05/14/2014,TPA,FL,ASO,ES,Combined TRACON& Tower with Radar,398,58,48,1,505,1,1,15,0,17,399,59,63,1,522,0,0,0,522
05/15/2014,TPA,FL,ASO,ES,Combined TRACON& Tower with Radar,457,61,27,0,545,0,1,8,0,9,457,62,35,0,554,0,0,0,554
05/16/2014,TPA,FL,ASO,ES,Combined TRACON& Tower with Radar,406,65,34,2,507,0,1,21,1,23,406,66,55,3,530,0,0,0,530
05/17/2014,TPA,FL,ASO,ES,Combined TRACON& Tower with Radar,366,43,24,7,440,0,0,25,2,27,366,43,49,9,467,0,0,0,467
05/18/2014,TPA,FL,ASO,ES,Combined TRACON& Tower with Radar,390,37,27,0,454,0,0,26,0,26,390,37,53,0,480,0,0,0,480
05/19/2014,TPA,FL,ASO,ES,Combined TRACON& Tower with Radar,407,53,38,2,500,0,2,21,0,23,407,55,59,2,523,0,0,0,523
05/20/2014,TPA,FL,ASO,ES,Combined TRACON& Tower with Radar,396,56,50,2,504,0,2,25,0,27,396,58,75,2,531,0,0,0,531
05/21/2014,TPA,FL,ASO,ES,Combined TRACON& Tower with Radar,397,59,57,5,518,0,1,23,0,24,397,60,80,5,542,0,0,0,542
05/22/2014,TPA,FL,ASO,ES,Combined TRACON& Tower with Radar,389,58,44,1,492,0,4,33,0,37,389,62,77,1,529,0,0,0,529
05/23/2014,TPA,FL,ASO,ES,Combined TRACON& Tower with Radar,407,59,37,3,506,0,0,37,0,37,407,59,74,3,543,0,0,0,543
05/24/2014,TPA,FL,ASO,ES,Combined TRACON& Tower with Radar,349,43,22,5,419,0,1,14,1,16,349,44,36,6,435,0,0,0,435
05/25/2014,TPA,FL,ASO,ES,Combined TRACON& Tower with Radar,317,42,15,0,374,1,0,18,0,19,318,42,33,0,393,0,0,0,393
05/26/2014,TPA,FL,ASO,ES,Combined TRACON& Tower with Radar,372,50,15,0,437,0,0,16,0,16,372,50,31,0,453,0,0,0,453
05/27/2014,TPA,FL,ASO,ES,Combined TRACON& Tower with Radar,382,60,34,1,477,0,1,20,0,21,382,61,54,1,498,0,0,0,498
05/28/2014,TPA,FL,ASO,ES,Combined TRACON& Tower with Radar,401,52,46,0,499,0,0,28,1,29,401,52,74,1,528,0,0,0,528
05/29/2014,TPA,FL,ASO,ES,Combined TRACON& Tower with Radar,400,54,42,0,496,0,0,36,0,36,400,54,78,0,532,0,0,0,532
05/30/2014,TPA,FL,ASO,ES,Combined TRACON& Tower with Radar,402,64,41,2,509,1,0,20,0,21,403,64,61,2,530,0,0,0,530
05/31/2014,TPA,FL,ASO,ES,Combined TRACON& Tower with Radar,358,33,28,0,419,0,0,8,0,8,358,33,36,0,427,0,0,0,427
06/01/2014,TPA,FL,ASO,ES,Combined TRACON& Tower with Radar,371,37,25,0,433,0,0,23,0,23,371,37,48,0,456,0,0,0,456
06/02/2014,TPA,FL,ASO,ES,Combined TRACON& Tower with Radar,398,46,45,4,493,0,0,13,0,13,398,46,58,4,506,0,0,0,506
06/03/2014,TPA,FL,ASO,ES,Combined TRACON& Tower with Radar,383,55,33,1,472,0,0,23,2,25,383,55,56,3,497,2,0,2,499
06/04/2014,TPA,FL,ASO,ES,Combined TRACON& Tower with Radar,389,51,25,0,465,0,1,27,2,30,389,52,52,2,495,0,0,0,495
06/05/2014,TPA,FL,ASO,ES,Combined TRACON& Tower with Radar,385,50,26,1,462,0,1,33,0,34,385,51,59,1,496,0,0,0,496
06/06/2014,TPA,FL,ASO,ES,Combined TRACON& Tower with Radar,404,58,46,0,508,0,0,29,1,30,404,58,75,1,538,0,0,0,538
06/07/2014,TPA,FL,ASO,ES,Combined TRACON& Tower with Radar,356,34,19,1,410,0,1,21,0,22,356,35,40,1,432,0,0,0,432
06/08/2014,TPA,FL,ASO,ES,Combined TRACON& Tower with Radar,343,32,32,0,407,0,0,18,0,18,343,32,50,0,425,0,0,0,425
06/09/2014,TPA,FL,ASO,ES,Combined TRACON& Tower with Radar,376,45,31,0,452,0,0,21,0,21,376,45,52,0,473,0,0,0,473
06/10/2014,TPA,FL,ASO,ES,Combined TRACON& Tower with Radar,340,39,31,1,411,0,0,20,0,20,340,39,51,1,431,0,0,0,431
06/11/2014,TPA,FL,ASO,ES,Combined TRACON& Tower with Radar,380,56,42,1,479,0,1,22,2,25,380,57,64,3,504,0,0,0,504
06/12/2014,TPA,FL,ASO,ES,Combined TRACON& Tower with Radar,391,53,46,2,492,0,1,23,0,24,391,54,69,2,516,0,0,0,516
06/13/2014,TPA,FL,ASO,ES,Combined TRACON& Tower with Radar,373,53,34,5,465,0,0,10,0,10,373,53,44,5,475,0,0,0,475
06/14/2014,TPA,FL,ASO,ES,Combined TRACON& Tower with Radar,403,29,28,4,464,0,0,11,0,11,403,29,39,4,475,0,0,0,475
06/15/2014,TPA,FL,ASO,ES,Combined TRACON& Tower with Radar,359,29,35,0,423,1,1,9,0,11,360,30,44,0,434,0,0,0,434
06/16/2014,TPA,FL,ASO,ES,Combined TRACON& Tower with Radar,373,40,44,2,459,0,2,18,0,20,373,42,62,2,479,0,0,0,479
06/17/2014,TPA,FL,ASO,ES,Combined TRACON& Tower with Radar,385,44,40,0,469,0,0,15,0,15,385,44,55,0,484,0,0,0,484
06/18/2014,TPA,FL,ASO,ES,Combined TRACON& Tower with Radar,373,60,41,2,476,0,2,24,0,26,373,62,65,2,502,0,0,0,502
06/19/2014,TPA,FL,ASO,ES,Combined TRACON& Tower with Radar,378,62,32,0,472,0,1,27,0,28,378,63,59,0,500,0,0,0,500
06/20/2014,TPA,FL,ASO,ES,Combined TRACON& Tower with Radar,390,59,42,2,493,0,0,19,2,21,390,59,61,4,514,0,0,0,514
06/21/2014,TPA,FL,ASO,ES,Combined TRACON& Tower with Radar,395,44,20,1,460,0,0,17,0,17,395,44,37,1,477,0,0,0,477
06/22/2014,TPA,FL,ASO,ES,Combined TRACON& Tower with Radar,365,39,26,4,434,0,2,21,0,23,365,41,47,4,457,0,0,0,457
06/23/2014,TPA,FL,ASO,ES,Combined TRACON& Tower with Radar,381,52,31,1,465,0,0,16,0,16,381,52,47,1,481,0,0,0,481
06/24/2014,TPA,FL,ASO,ES,Combined TRACON& Tower with Radar,382,54,37,1,474,0,1,30,0,31,382,55,67,1,505,0,0,0,505
06/25/2014,TPA,FL,ASO,ES,Combined TRACON& Tower with Radar,374,54,47,3,478,1,0,33,0,34,375,54,80,3,512,0,0,0,512
06/26/2014,TPA,FL,ASO,ES,Combined TRACON& Tower with Radar,378,47,42,3,470,0,1,37,8,46,378,48,79,11,516,0,0,0,516
06/27/2014,TPA,FL,ASO,ES,Combined TRACON& Tower with Radar,406,54,39,2,501,1,0,29,0,30,407,54,68,2,531,0,0,0,531
06/28/2014,TPA,FL,ASO,ES,Combined TRACON& Tower with Radar,399,36,21,0,456,0,1,15,0,16,399,37,36,0,472,0,0,0,472
06/29/2014,TPA,FL,ASO,ES,Combined TRACON& Tower with Radar,358,30,26,0,414,1,0,17,0,18,359,30,43,0,432,0,0,0,432
06/30/2014,TPA,FL,ASO,ES,Combined TRACON& Tower with Radar,369,45,33,0,447,0,2,15,0,17,369,47,48,0,464,0,0,0,464
07/01/2014,TPA,FL,ASO,ES,Combined TRACON& Tower with Radar,386,42,35,0,463,0,1,29,0,30,386,43,64,0,493,0,0,0,493
07/02/2014,TPA,FL,ASO,ES,Combined TRACON& Tower with Radar,375,54,24,0,453,0,0,25,0,25,375,54,49,0,478,0,0,0,478
07/03/2014,TPA,FL,ASO,ES,Combined TRACON& Tower with Radar,375,47,32,0,454,0,0,19,0,19,375,47,51,0,473,0,0,0,473
07/04/2014,TPA,FL,ASO,ES,Combined TRACON& Tower with Radar,284,30,8,0,322,1,0,15,0,16,285,30,23,0,338,0,0,0,338
07/05/2014,TPA,FL,ASO,ES,Combined TRACON& Tower with Radar,398,33,22,0,453,0,0,7,0,7,398,33,29,0,460,0,0,0,460
07/06/2014,TPA,FL,ASO,ES,Combined TRACON& Tower with Radar,380,36,30,0,446,1,0,9,0,10,381,36,39,0,456,0,0,0,456
07/07/2014,TPA,FL,ASO,ES,Combined TRACON& Tower with Radar,388,45,38,0,471,1,0,12,0,13,389,45,50,0,484,0,0,0,484
07/08/2014,TPA,FL,ASO,ES,Combined TRACON& Tower with Radar,382,46,45,1,474,0,2,22,0,24,382,48,67,1,498,0,0,0,498
07/09/2014,TPA,FL,ASO,ES,Combined TRACON& Tower with Radar,388,53,42,0,483,0,1,36,0,37,388,54,78,0,520,0,0,0,520
07/10/2014,TPA,FL,ASO,ES,Combined TRACON& Tower with Radar,381,55,38,0,474,0,0,29,1,30,381,55,67,1,504,0,0,0,504
07/11/2014,TPA,FL,ASO,ES,Combined TRACON& Tower with Radar,392,46,29,0,467,0,1,14,0,15,392,47,43,0,482,0,0,0,482
07/12/2014,TPA,FL,ASO,ES,Combined TRACON& Tower with Radar,393,35,23,0,451,0,1,32,0,33,393,36,55,0,484,0,0,0,484
07/13/2014,TPA,FL,ASO,ES,Combined TRACON& Tower with Radar,368,47,19,2,436,0,2,37,1,40,368,49,56,3,476,0,0,0,476
07/14/2014,TPA,FL,ASO,ES,Combined TRACON& Tower with Radar,378,43,25,0,446,0,1,6,0,7,378,44,31,0,453,0,0,0,453
07/15/2014,TPA,FL,ASO,ES,Combined TRACON& Tower with Radar,365,51,40,0,456,0,0,11,0,11,365,51,51,0,467,0,0,0,467
07/16/2014,TPA,FL,ASO,ES,Combined TRACON& Tower with Radar,393,59,22,0,474,0,0,8,0,8,393,59,30,0,482,0,0,0,482
07/17/2014,TPA,FL,ASO,ES,Combined TRACON& Tower with Radar,386,54,48,4,492,0,0,28,0,28,386,54,76,4,520,0,0,0,520
07/18/2014,TPA,FL,ASO,ES,Combined TRACON& Tower with Radar,393,50,26,0,469,0,1,27,0,28,393,51,53,0,497,0,0,0,497
07/19/2014,TPA,FL,ASO,ES,Combined TRACON& Tower with Radar,396,45,12,5,458,0,0,16,0,16,396,45,28,5,474,0,0,0,474
07/20/2014,TPA,FL,ASO,ES,Combined TRACON& Tower with Radar,368,38,20,1,427,0,0,22,0,22,368,38,42,1,449,0,0,0,449
07/21/2014,TPA,FL,ASO,ES,Combined TRACON& Tower with Radar,387,46,17,0,450,0,0,17,0,17,387,46,34,0,467,0,0,0,467
07/22/2014,TPA,FL,ASO,ES,Combined TRACON& Tower with Radar,385,53,30,2,470,0,0,24,0,24,385,53,54,2,494,0,0,0,494
07/23/2014,TPA,FL,ASO,ES,Combined TRACON& Tower with Radar,371,49,50,0,470,0,3,27,0,30,371,52,77,0,500,0,0,0,500
07/24/2014,TPA,FL,ASO,ES,Combined TRACON& Tower with Radar,384,51,38,0,473,0,1,20,0,21,384,52,58,0,494,0,0,0,494
07/25/2014,TPA,FL,ASO,ES,Combined TRACON& Tower with Radar,395,65,26,2,488,0,1,14,3,18,395,66,40,5,506,0,0,0,506
07/26/2014,TPA,FL,ASO,ES,Combined TRACON& Tower with Radar,401,39,20,1,461,0,0,16,0,16,401,39,36,1,477,0,0,0,477
07/27/2014,TPA,FL,ASO,ES,Combined TRACON& Tower with Radar,364,33,14,1,412,0,2,11,6,19,364,35,25,7,431,0,0,0,431
07/28/2014,TPA,FL,ASO,ES,Combined TRACON& Tower with Radar,385,41,34,1,461,1,0,22,0,23,386,41,56,1,484,0,0,0,484
07/29/2014,TPA,FL,ASO,ES,Combined TRACON& Tower with Radar,395,45,42,0,482,0,1,19,0,20,395,46,61,0,502,0,0,0,502
07/30/2014,TPA,FL,ASO,ES,Combined TRACON& Tower with Radar,383,47,39,0,469,0,1,24,0,25,383,48,63,0,494,0,0,0,494
07/31/2014,TPA,FL,ASO,ES,Combined TRACON& Tower with Radar,387,55,48,0,490,0,0,25,0,25,387,55,73,0,515,0,0,0,515
08/01/2014,TPA,FL,ASO,ES,Combined TRACON& Tower with Radar,397,54,34,0,485,0,0,28,0,28,397,54,62,0,513,0,0,0,513
08/02/2014,TPA,FL,ASO,ES,Combined TRACON& Tower with Radar,401,42,23,0,466,0,0,32,2,34,401,42,55,2,500,0,0,0,500
08/03/2014,TPA,FL,ASO,ES,Combined TRACON& Tower with Radar,373,45,22,0,440,0,2,17,0,19,373,47,39,0,459,0,0,0,459
08/04/2014,TPA,FL,ASO,ES,Combined TRACON& Tower with Radar,394,47,29,0,470,1,1,15,0,17,395,48,44,0,487,0,0,0,487
08/05/2014,TPA,FL,ASO,ES,Combined TRACON& Tower with Radar,381,53,37,2,473,0,0,13,0,13,381,53,50,2,486,0,0,0,486
08/06/2014,TPA,FL,ASO,ES,Combined TRACON& Tower with Radar,396,49,42,0,487,0,0,28,1,29,396,49,70,1,516,0,0,0,516
08/07/2014,TPA,FL,ASO,ES,Combined TRACON& Tower with Radar,385,50,36,2,473,0,0,24,0,24,385,50,60,2,497,0,0,0,497
08/08/2014,TPA,FL,ASO,ES,Combined TRACON& Tower with Radar,382,52,35,0,469,0,1,29,2,32,382,53,64,2,501,0,0,0,501
08/09/2014,TPA,FL,ASO,ES,Combined TRACON& Tower with Radar,408,46,27,0,481,0,1,11,0,12,408,47,38,0,493,0,0,0,493
08/10/2014,TPA,FL,ASO,ES,Combined TRACON& Tower with Radar,347,44,27,0,418,0,0,14,1,15,347,44,41,1,433,0,0,0,433
08/11/2014,TPA,FL,ASO,ES,Combined TRACON& Tower with Radar,359,49,27,0,435,0,0,13,0,13,359,49,40,0,448,0,0,0,448
08/12/2014,TPA,FL,ASO,ES,Combined TRACON& Tower with Radar,347,50,37,0,434,0,0,24,0,24,347,50,61,0,458,0,0,0,458
08/13/2014,TPA,FL,ASO,ES,Combined TRACON& Tower with Radar,361,55,45,3,464,0,0,27,0,27,361,55,72,3,491,0,0,0,491
08/14/2014,TPA,FL,ASO,ES,Combined TRACON& Tower with Radar,353,49,45,0,447,0,1,28,0,29,353,50,73,0,476,0,0,0,476
08/15/2014,TPA,FL,ASO,ES,Combined TRACON& Tower with Radar,374,53,35,0,462,1,0,10,0,11,375,53,45,0,473,0,0,0,473
08/16/2014,TPA,FL,ASO,ES,Combined TRACON& Tower with Radar,327,40,12,0,379,0,1,23,0,24,327,41,35,0,403,0,0,0,403
08/17/2014,TPA,FL,ASO,ES,Combined TRACON& Tower with Radar,331,41,39,0,411,0,0,15,0,15,331,41,54,0,426,0,0,0,426
08/18/2014,TPA,FL,ASO,ES,Combined TRACON& Tower with Radar,356,53,35,0,444,0,0,23,0,23,356,53,58,0,467,0,0,0,467
08/19/2014,TPA,FL,ASO,ES,Combined TRACON& Tower with Radar,341,46,46,0,433,0,0,24,2,26,341,46,70,2,459,0,0,0,459
08/20/2014,TPA,FL,ASO,ES,Combined TRACON& Tower with Radar,353,54,47,2,456,0,0,19,0,19,353,54,66,2,475,0,0,0,475
08/21/2014,TPA,FL,ASO,ES,Combined TRACON& Tower with Radar,344,49,34,2,429,0,2,31,0,33,344,51,65,2,462,0,0,0,462
08/22/2014,TPA,FL,ASO,ES,Combined TRACON& Tower with Radar,366,55,46,0,467,0,0,23,0,23,366,55,69,0,490,0,0,0,490
08/23/2014,TPA,FL,ASO,ES,Combined TRACON& Tower with Radar,323,28,19,0,370,0,0,14,2,16,323,28,33,2,386,0,0,0,386
08/24/2014,TPA,FL,ASO,ES,Combined TRACON& Tower with Radar,334,37,22,2,395,0,0,16,0,16,334,37,38,2,411,0,0,0,411
08/25/2014,TPA,FL,ASO,ES,Combined TRACON& Tower with Radar,340,45,34,0,419,0,0,16,0,16,340,45,50,0,435,0,0,0,435
08/26/2014,TPA,FL,ASO,ES,Combined TRACON& Tower with Radar,341,57,30,2,430,0,0,22,0,22,341,57,52,2,452,0,0,0,452
08/27/2014,TPA,FL,ASO,ES,Combined TRACON& Tower with Radar,356,53,35,1,445,0,0,29,2,31,356,53,64,3,476,0,0,0,476
08/28/2014,TPA,FL,ASO,ES,Combined TRACON& Tower with Radar,350,48,50,3,451,0,0,22,0,22,350,48,72,3,473,0,0,0,473
08/29/2014,TPA,FL,ASO,ES,Combined TRACON& Tower with Radar,372,56,33,5,466,0,1,18,0,19,372,57,51,5,485,0,0,0,485
08/30/2014,TPA,FL,ASO,ES,Combined TRACON& Tower with Radar,294,28,13,0,335,0,0,14,0,14,294,28,27,0,349,0,0,0,349
08/31/2014,TPA,FL,ASO,ES,Combined TRACON& Tower with Radar,267,21,14,0,302,0,1,12,0,13,267,22,26,0,315,0,0,0,315
09/01/2014,TPA,FL,ASO,ES,Combined TRACON& Tower with Radar,328,43,20,0,391,0,0,12,0,12,328,43,32,0,403,0,0,0,403
09/02/2014,TPA,FL,ASO,ES,Combined TRACON& Tower with Radar,332,57,26,0,415,0,1,16,0,17,332,58,42,0,432,0,0,0,432
09/03/2014,TPA,FL,ASO,ES,Combined TRACON& Tower with Radar,338,49,39,0,426,0,0,17,1,18,338,49,56,1,444,0,0,0,444
09/04/2014,TPA,FL,ASO,ES,Combined TRACON& Tower with Radar,338,55,43,0,436,0,0,36,0,36,338,55,79,0,472,0,0,0,472
09/05/2014,TPA,FL,ASO,ES,Combined TRACON& Tower with Radar,338,56,39,0,433,0,0,18,0,18,338,56,57,0,451,0,0,0,451
09/06/2014,TPA,FL,ASO,ES,Combined TRACON& Tower with Radar,293,37,15,0,345,0,1,9,0,10,293,38,24,0,355,0,0,0,355
09/07/2014,TPA,FL,ASO,ES,Combined TRACON& Tower with Radar,327,36,41,0,404,0,0,21,0,21,327,36,62,0,425,0,0,0,425
09/08/2014,TPA,FL,ASO,ES,Combined TRACON& Tower with Radar,341,54,45,0,440,1,1,14,0,16,342,55,59,0,456,0,0,0,456
09/09/2014,TPA,FL,ASO,ES,Combined TRACON& Tower with Radar,332,46,22,5,405,0,0,23,0,23,332,46,45,5,428,0,0,0,428
09/10/2014,TPA,FL,ASO,ES,Combined TRACON& Tower with Radar,344,58,47,0,449,0,1,24,0,25,344,59,71,0,474,0,0,0,474
09/11/2014,TPA,FL,ASO,ES,Combined TRACON& Tower with Radar,340,57,30,2,429,0,0,18,0,18,340,57,48,2,447,0,0,0,447
09/12/2014,TPA,FL,ASO,ES,Combined TRACON& Tower with Radar,353,57,49,6,465,0,0,20,4,24,353,57,69,10,489,0,0,0,489
09/13/2014,TPA,FL,ASO,ES,Combined TRACON& Tower with Radar,296,36,12,3,347,0,0,20,2,22,296,36,32,5,369,0,0,0,369
09/14/2014,TPA,FL,ASO,ES,Combined TRACON& Tower with Radar,326,41,20,7,394,0,1,12,1,14,326,42,32,8,408,0,0,0,408
09/15/2014,TPA,FL,ASO,ES,Combined TRACON& Tower with Radar,345,57,42,1,445,0,2,32,1,35,345,59,74,2,480,0,0,0,480
09/16/2014,TPA,FL,ASO,ES,Combined TRACON& Tower with Radar,329,46,54,1,430,0,1,10,0,11,329,47,64,1,441,0,0,0,441
09/17/2014,TPA,FL,ASO,ES,Combined TRACON& Tower with Radar,347,42,19,2,410,0,0,7,2,9,347,42,26,4,419,0,0,0,419
09/18/2014,TPA,FL,ASO,ES,Combined TRACON& Tower with Radar,348,61,48,0,457,0,3,32,0,35,348,64,80,0,492,0,0,0,492
09/19/2014,TPA,FL,ASO,ES,Combined TRACON& Tower with Radar,355,58,54,0,467,0,0,10,2,12,355,58,64,2,479,0,0,0,479
09/20/2014,TPA,FL,ASO,ES,Combined TRACON& Tower with Radar,301,42,48,0,391,0,1,9,0,10,301,43,57,0,401,0,0,0,401
09/21/2014,TPA,FL,ASO,ES,Combined TRACON& Tower with Radar,329,36,27,0,392,1,0,5,0,6,330,36,32,0,398,0,0,0,398
09/22/2014,TPA,FL,ASO,ES,Combined TRACON& Tower with Radar,354,56,35,0,445,1,1,10,0,12,355,57,45,0,457,0,0,0,457
09/23/2014,TPA,FL,ASO,ES,Combined TRACON& Tower with Radar,338,52,43,2,435,0,2,26,0,28,338,54,69,2,463,0,0,0,463
09/24/2014,TPA,FL,ASO,ES,Combined TRACON& Tower with Radar,345,62,51,4,462,0,2,21,0,23,345,64,72,4,485,0,0,0,485
09/25/2014,TPA,FL,ASO,ES,Combined TRACON& Tower with Radar,352,64,51,0,467,0,0,9,0,9,352,64,60,0,476,0,0,0,476
09/26/2014,TPA,FL,ASO,ES,Combined TRACON& Tower with Radar,361,54,52,2,469,0,1,14,0,15,361,55,66,2,484,0,0,0,484
09/27/2014,TPA,FL,ASO,ES,Combined TRACON& Tower with Radar,308,37,22,0,367,0,0,7,4,11,308,37,29,4,378,0,0,0,378
09/28/2014,TPA,FL,ASO,ES,Combined TRACON& Tower with Radar,332,43,25,1,401,0,1,10,0,11,332,44,35,1,412,0,0,0,412
09/29/2014,TPA,FL,ASO,ES,Combined TRACON& Tower with Radar,353,54,44,2,453,0,0,17,0,17,353,54,61,2,470,0,0,0,470
09/30/2014,TPA,FL,ASO,ES,Combined TRACON& Tower with Radar,350,59,50,0,459,0,0,14,2,16,350,59,64,2,475,0,0,0,475
10/01/2014,TPA,FL,ASO,ES,Combined TRACON& Tower with Radar,357,57,43,0,457,0,0,9,0,9,357,57,52,0,466,0,0,0,466
10/02/2014,TPA,FL,ASO,ES,Combined TRACON& Tower with Radar,356,73,42,2,473,0,0,28,0,28,356,73,70,2,501,0,0,0,501
10/03/2014,TPA,FL,ASO,ES,Combined TRACON& Tower with Radar,368,62,33,0,463,0,0,33,0,33,368,62,66,0,496,0,0,0,496
10/04/2014,TPA,FL,ASO,ES,Combined TRACON& Tower with Radar,326,36,24,0,386,0,0,6,0,6,326,36,30,0,392,0,0,0,392
10/05/2014,TPA,FL,ASO,ES,Combined TRACON& Tower with Radar,345,44,32,0,421,0,1,8,0,9,345,45,40,0,430,0,0,0,430
10/06/2014,TPA,FL,ASO,ES,Combined TRACON& Tower with Radar,359,53,28,3,443,0,2,14,1,17,359,55,42,4,460,0,0,0,460
10/07/2014,TPA,FL,ASO,ES,Combined TRACON& Tower with Radar,349,49,38,3,439,0,3,15,0,18,349,52,53,3,457,0,0,0,457
10/08/2014,TPA,FL,ASO,ES,Combined TRACON& Tower with Radar,369,54,40,2,465,0,2,23,0,25,369,56,63,2,490,0,0,0,490
10/09/2014,TPA,FL,ASO,ES,Combined TRACON& Tower with Radar,367,65,41,0,473,0,0,23,0,23,367,65,64,0,496,0,0,0,496
10/10/2014,TPA,FL,ASO,ES,Combined TRACON& Tower with Radar,375,61,44,3,483,0,0,28,0,28,375,61,72,3,511,0,0,0,511
10/11/2014,TPA,FL,ASO,ES,Combined TRACON& Tower with Radar,320,31,13,1,365,0,0,16,0,16,320,31,29,1,381,0,0,0,381
10/12/2014,TPA,FL,ASO,ES,Combined TRACON& Tower with Radar,356,37,30,6,429,0,0,17,0,17,356,37,47,6,446,0,0,0,446
10/13/2014,TPA,FL,ASO,ES,Combined TRACON& Tower with Radar,364,62,34,2,462,1,1,21,0,23,365,63,55,2,485,0,0,0,485
10/14/2014,TPA,FL,ASO,ES,Combined TRACON& Tower with Radar,354,55,19,0,428,0,0,16,0,16,354,55,35,0,444,0,0,0,444
10/15/2014,TPA,FL,ASO,ES,Combined TRACON& Tower with Radar,364,56,41,0,461,0,0,26,0,26,364,56,67,0,487,0,0,0,487
10/16/2014,TPA,FL,ASO,ES,Combined TRACON& Tower with Radar,373,56,53,0,482,0,1,27,0,28,373,57,80,0,510,0,0,0,510
10/17/2014,TPA,FL,ASO,ES,Combined TRACON& Tower with Radar,371,58,39,8,476,1,0,17,0,18,372,58,56,8,494,0,0,0,494
10/18/2014,TPA,FL,ASO,ES,Combined TRACON& Tower with Radar,327,36,30,0,393,0,0,11,0,11,327,36,41,0,404,0,0,0,404
10/19/2014,TPA,FL,ASO,ES,Combined TRACON& Tower with Radar,348,43,34,6,431,1,0,16,0,17,349,43,50,6,448,0,0,0,448
10/20/2014,TPA,FL,ASO,ES,Combined TRACON& Tower with Radar,367,58,32,4,461,1,2,25,0,28,368,60,57,4,489,0,0,0,489
10/21/2014,TPA,FL,ASO,ES,Combined TRACON& Tower with Radar,351,48,41,2,442,0,0,32,0,32,351,48,73,2,474,0,0,0,474
10/22/2014,TPA,FL,ASO,ES,Combined TRACON& Tower with Radar,361,71,46,0,478,0,2,21,0,23,361,73,67,0,501,0,0,0,501
10/23/2014,TPA,FL,ASO,ES,Combined TRACON& Tower with Radar,368,63,54,0,485,0,3,30,0,33,368,66,84,0,518,0,0,0,518
10/24/2014,TPA,FL,ASO,ES,Combined TRACON& Tower with Radar,366,59,40,0,465,0,1,21,0,22,366,60,61,0,487,0,0,0,487
10/25/2014,TPA,FL,ASO,ES,Combined TRACON& Tower with Radar,324,41,20,2,387,0,0,22,0,22,324,41,42,2,409,0,0,0,409
10/26/2014,TPA,FL,ASO,ES,Combined TRACON& Tower with Radar,353,46,48,0,447,0,0,24,0,24,353,46,72,0,471,0,0,0,471
10/27/2014,TPA,FL,ASO,ES,Combined TRACON& Tower with Radar,370,60,30,0,460,0,3,12,0,15,370,63,42,0,475,0,0,0,475
10/28/2014,TPA,FL,ASO,ES,Combined TRACON& Tower with Radar,358,67,34,0,459,0,2,24,0,26,358,69,58,0,485,0,0,0,485
10/29/2014,TPA,FL,ASO,ES,Combined TRACON& Tower with Radar,368,56,40,0,464,1,1,28,0,30,369,57,68,0,494,0,0,0,494
10/30/2014,TPA,FL,ASO,ES,Combined TRACON& Tower with Radar,374,55,52,0,481,0,2,29,0,31,374,57,81,0,512,0,0,0,512
10/31/2014,TPA,FL,ASO,ES,Combined TRACON& Tower with Radar,340,52,43,0,435,0,0,30,0,30,340,52,73,0,465,0,0,0,465
11/01/2014,TPA,FL,ASO,ES,Combined TRACON& Tower with Radar,325,29,28,0,382,0,0,12,0,12,325,29,40,0,394,0,0,0,394
11/02/2014,TPA,FL,ASO,ES,Combined TRACON& Tower with Radar,396,44,19,2,461,0,2,15,0,17,396,46,34,2,478,0,0,0,478
11/03/2014,TPA,FL,ASO,ES,Combined TRACON& Tower with Radar,405,52,34,0,491,0,1,19,0,20,405,53,53,0,511,0,0,0,511
11/04/2014,TPA,FL,ASO,ES,Combined TRACON& Tower with Radar,396,65,39,0,500,0,0,38,0,38,396,65,77,0,538,20,0,20,558
11/05/2014,TPA,FL,ASO,ES,Combined TRACON& Tower with Radar,407,54,48,0,509,1,2,41,0,44,408,56,89,0,553,0,0,0,553
11/06/2014,TPA,FL,ASO,ES,Combined TRACON& Tower with Radar,413,65,57,0,535,0,1,25,0,26,413,66,82,0,561,0,0,0,561
11/07/2014,TPA,FL,ASO,ES,Combined TRACON& Tower with Radar,414,59,31,0,504,0,1,32,2,35,414,60,63,2,539,0,0,0,539
11/08/2014,TPA,FL,ASO,ES,Combined TRACON& Tower with Radar,381,42,17,0,440,0,0,16,0,16,381,42,33,0,456,0,0,0,456
11/09/2014,TPA,FL,ASO,ES,Combined TRACON& Tower with Radar,395,60,37,2,494,2,0,11,0,13,397,60,48,2,507,0,0,0,507
11/10/2014,TPA,FL,ASO,ES,Combined TRACON& Tower with Radar,402,63,44,0,509,1,0,28,2,31,403,63,72,2,540,0,0,0,540
11/11/2014,TPA,FL,ASO,ES,Combined TRACON& Tower with Radar,406,59,35,0,500,0,0,16,0,16,406,59,51,0,516,0,0,0,516
11/12/2014,TPA,FL,ASO,ES,Combined TRACON& Tower with Radar,411,72,43,4,530,0,0,17,0,17,411,72,60,4,547,0,0,0,547
11/13/2014,TPA,FL,ASO,ES,Combined TRACON& Tower with Radar,417,68,55,0,540,0,0,23,2,25,417,68,78,2,565,0,0,0,565
11/14/2014,TPA,FL,ASO,ES,Combined TRACON& Tower with Radar,416,67,43,1,527,0,0,38,0,38,416,67,81,1,565,0,0,0,565
11/15/2014,TPA,FL,ASO,ES,Combined TRACON& Tower with Radar,375,36,22,0,433,0,0,18,0,18,375,36,40,0,451,0,0,0,451
11/16/2014,TPA,FL,ASO,ES,Combined TRACON& Tower with Radar,401,56,35,0,492,0,0,21,1,22,401,56,56,1,514,0,0,0,514
11/17/2014,TPA,FL,ASO,ES,Combined TRACON& Tower with Radar,403,51,33,2,489,0,0,15,0,15,403,51,48,2,504,0,0,0,504
11/18/2014,TPA,FL,ASO,ES,Combined TRACON& Tower with Radar,406,70,68,4,548,0,0,14,0,14,406,70,82,4,562,0,0,0,562
11/19/2014,TPA,FL,ASO,ES,Combined TRACON& Tower with Radar,407,66,51,0,524,0,4,24,0,28,407,70,75,0,552,0,0,0,552
11/20/2014,TPA,FL,ASO,ES,Combined TRACON& Tower with Radar,421,82,45,1,549,1,2,24,0,27,422,84,69,1,576,0,0,0,576
11/21/2014,TPA,FL,ASO,ES,Combined TRACON& Tower with Radar,430,68,47,3,548,0,0,21,0,21,430,68,68,3,569,0,0,0,569
11/22/2014,TPA,FL,ASO,ES,Combined TRACON& Tower with Radar,393,29,31,2,455,0,0,8,0,8,393,29,39,2,463,0,0,0,463
11/23/2014,TPA,FL,ASO,ES,Combined TRACON& Tower with Radar,395,51,21,0,467,0,0,9,0,9,395,51,30,0,476,0,0,0,476
11/24/2014,TPA,FL,ASO,ES,Combined TRACON& Tower with Radar,394,70,22,3,489,1,0,17,2,20,395,70,39,5,509,0,0,0,509
11/25/2014,TPA,FL,ASO,ES,Combined TRACON& Tower with Radar,429,60,31,1,521,1,0,3,0,4,430,60,34,1,525,0,0,0,525
11/26/2014,TPA,FL,ASO,ES,Combined TRACON& Tower with Radar,442,56,55,0,553,0,2,16,0,18,442,58,71,0,571,0,0,0,571
11/27/2014,TPA,FL,ASO,ES,Combined TRACON& Tower with Radar,309,23,9,0,341,0,0,11,0,11,309,23,20,0,352,0,0,0,352
11/28/2014,TPA,FL,ASO,ES,Combined TRACON& Tower with Radar,347,46,19,0,412,0,0,26,0,26,347,46,45,0,438,0,0,0,438
11/29/2014,TPA,FL,ASO,ES,Combined TRACON& Tower with Radar,419,34,23,0,476,0,3,16,1,20,419,37,39,1,496,0,0,0,496
11/30/2014,TPA,FL,ASO,ES,Combined TRACON& Tower with Radar,443,69,75,0,587,0,1,18,0,19,443,70,93,0,606,0,0,0,606
12/01/2014,TPA,FL,ASO,ES,Combined TRACON& Tower with Radar,459,55,30,2,546,0,3,20,0,23,459,58,50,2,569,0,0,0,569
12/02/2014,TPA,FL,ASO,ES,Combined TRACON& Tower with Radar,408,68,42,0,518,0,0,26,0,26,408,68,68,0,544,0,0,0,544
12/03/2014,TPA,FL,ASO,ES,Combined TRACON& Tower with Radar,407,60,34,2,503,1,3,18,0,22,408,63,52,2,525,0,0,0,525
12/04/2014,TPA,FL,ASO,ES,Combined TRACON& Tower with Radar,415,69,48,2,534,0,0,33,0,33,415,69,81,2,567,0,0,0,567
12/05/2014,TPA,FL,ASO,ES,Combined TRACON& Tower with Radar,409,59,61,8,537,0,0,23,2,25,409,59,84,10,562,0,0,0,562
12/06/2014,TPA,FL,ASO,ES,Combined TRACON& Tower with Radar,369,34,22,1,426,0,0,16,0,16,369,34,38,1,442,0,0,0,442
12/07/2014,TPA,FL,ASO,ES,Combined TRACON& Tower with Radar,390,44,35,9,478,0,0,5,2,7,390,44,40,11,485,0,0,0,485
12/08/2014,TPA,FL,ASO,ES,Combined TRACON& Tower with Radar,413,52,41,0,506,0,0,2,0,2,413,52,43,0,508,0,0,0,508
12/09/2014,TPA,FL,ASO,ES,Combined TRACON& Tower with Radar,406,60,26,0,492,0,0,21,1,22,406,60,47,1,514,0,0,0,514
12/10/2014,TPA,FL,ASO,ES,Combined TRACON& Tower with Radar,401,64,42,0,507,0,1,32,0,33,401,65,74,0,540,0,0,0,540
12/11/2014,TPA,FL,ASO,ES,Combined TRACON& Tower with Radar,421,64,53,0,538,0,3,41,0,44,421,67,94,0,582,0,0,0,582
12/12/2014,TPA,FL,ASO,ES,Combined TRACON& Tower with Radar,418,61,42,0,521,0,0,22,0,22,418,61,64,0,543,0,0,0,543
12/13/2014,TPA,FL,ASO,ES,Combined TRACON& Tower with Radar,366,34,21,0,421,1,1,22,0,24,367,35,43,0,445,0,0,0,445
12/14/2014,TPA,FL,ASO,ES,Combined TRACON& Tower with Radar,392,50,19,2,463,0,0,14,0,14,392,50,33,2,477,0,0,0,477
12/15/2014,TPA,FL,ASO,ES,Combined TRACON& Tower with Radar,408,61,39,1,509,1,0,15,0,16,409,61,54,1,525,0,0,0,525
12/16/2014,TPA,FL,ASO,ES,Combined TRACON& Tower with Radar,413,54,31,1,499,0,0,20,0,20,413,54,51,1,519,0,0,0,519
12/17/2014,TPA,FL,ASO,ES,Combined TRACON& Tower with Radar,417,67,39,0,523,0,0,30,0,30,417,67,69,0,553,0,0,0,553
12/18/2014,TPA,FL,ASO,ES,Combined TRACON& Tower with Radar,437,67,41,0,545,0,1,15,0,16,437,68,56,0,561,0,0,0,561
12/19/2014,TPA,FL,ASO,ES,Combined TRACON& Tower with Radar,439,64,67,1,571,0,1,24,0,25,439,65,91,1,596,0,0,0,596
12/20/2014,TPA,FL,ASO,ES,Combined TRACON& Tower with Radar,458,34,36,0,528,1,3,10,0,14,459,37,46,0,542,0,0,0,542
12/21/2014,TPA,FL,ASO,ES,Combined TRACON& Tower with Radar,458,56,42,0,556,1,0,16,0,17,459,56,58,0,573,0,0,0,573
12/22/2014,TPA,FL,ASO,ES,Combined TRACON& Tower with Radar,464,63,26,0,553,0,1,11,0,12,464,64,37,0,565,0,0,0,565
12/23/2014,TPA,FL,ASO,ES,Combined TRACON& Tower with Radar,450,50,25,0,525,1,0,12,0,13,451,50,37,0,538,0,0,0,538
12/24/2014,TPA,FL,ASO,ES,Combined TRACON& Tower with Radar,401,24,21,0,446,1,0,7,0,8,402,24,28,0,454,0,0,0,454
12/25/2014,TPA,FL,ASO,ES,Combined TRACON& Tower with Radar,382,21,19,0,422,0,0,12,0,12,382,21,31,0,434,0,0,0,434
12/26/2014,TPA,FL,ASO,ES,Combined TRACON& Tower with Radar,461,38,32,0,531,0,0,27,0,27,461,38,59,0,558,0,0,0,558
12/27/2014,TPA,FL,ASO,ES,Combined TRACON& Tower with Radar,457,36,35,0,528,0,0,18,0,18,457,36,53,0,546,0,0,0,546
12/28/2014,TPA,FL,ASO,ES,Combined TRACON& Tower with Radar,456,43,37,3,539,1,0,18,0,19,457,43,55,3,558,0,0,0,558
12/29/2014,TPA,FL,ASO,ES,Combined TRACON& Tower with Radar,456,37,24,1,518,1,0,25,0,26,457,37,49,1,544,0,0,0,544
12/30/2014,TPA,FL,ASO,ES,Combined TRACON& Tower with Radar,465,39,42,1,547,1,0,2,0,3,466,39,44,1,550,0,0,0,550
12/31/2014,TPA,FL,ASO,ES,Combined TRACON& Tower with Radar,407,26,27,0,460,0,1,6,0,7,407,27,33,0,467,0,0,0,467
01/01/2015,TPA,FL,ASO,ES,Combined TRACON& Tower with Radar,397,21,52,0,470,0,0,10,2,12,397,21,62,2,482,0,0,0,482
01/02/2015,TPA,FL,ASO,ES,Combined TRACON& Tower with Radar,460,38,50,0,548,0,1,13,0,14,460,39,63,0,562,0,0,0,562
01/03/2015,TPA,FL,ASO,ES,Combined TRACON& Tower with Radar,445,37,28,0,510,0,0,20,0,20,445,37,48,0,530,0,0,0,530
01/04/2015,TPA,FL,ASO,ES,Combined TRACON& Tower with Radar,455,39,37,0,531,1,0,21,0,22,456,39,58,0,553,0,0,0,553
01/05/2015,TPA,FL,ASO,ES,Combined TRACON& Tower with Radar,450,48,18,0,516,0,1,13,0,14,450,49,31,0,530,0,0,0,530
01/06/2015,TPA,FL,ASO,ES,Combined TRACON& Tower with Radar,405,63,39,0,507,0,2,34,0,36,405,65,73,0,543,0,0,0,543
01/07/2015,TPA,FL,ASO,ES,Combined TRACON& Tower with Radar,418,61,46,1,526,0,0,35,0,35,418,61,81,1,561,0,0,0,561
01/08/2015,TPA,FL,ASO,ES,Combined TRACON& Tower with Radar,412,54,31,2,499,0,0,32,0,32,412,54,63,2,531,0,0,0,531
01/09/2015,TPA,FL,ASO,ES,Combined TRACON& Tower with Radar,427,58,48,4,537,0,1,33,0,34,427,59,81,4,571,0,0,0,571
01/10/2015,TPA,FL,ASO,ES,Combined TRACON& Tower with Radar,400,32,28,2,462,0,1,23,1,25,400,33,51,3,487,0,0,0,487
01/11/2015,TPA,FL,ASO,ES,Combined TRACON& Tower with Radar,398,42,34,3,477,1,1,17,0,19,399,43,51,3,496,0,0,0,496
01/12/2015,TPA,FL,ASO,ES,Combined TRACON& Tower with Radar,420,61,36,1,518,0,0,11,0,11,420,61,47,1,529,0,0,0,529
01/13/2015,TPA,FL,ASO,ES,Combined TRACON& Tower with Radar,408,61,33,0,502,0,0,7,0,7,408,61,40,0,509,0,0,0,509
01/14/2015,TPA,FL,ASO,ES,Combined TRACON& Tower with Radar,428,75,57,1,561,0,0,12,0,12,428,75,69,1,573,0,0,0,573
01/15/2015,TPA,FL,ASO,ES,Combined TRACON& Tower with Radar,431,54,62,0,547,0,0,0,0,0,431,54,62,0,547,0,0,0,547
01/16/2015,TPA,FL,ASO,ES,Combined TRACON& Tower with Radar,429,58,50,4,541,0,1,19,0,20,429,59,69,4,561,0,0,0,561
01/17/2015,TPA,FL,ASO,ES,Combined TRACON& Tower with Radar,392,30,27,2,451,0,0,17,0,17,392,30,44,2,468,0,0,0,468
01/18/2015,TPA,FL,ASO,ES,Combined TRACON& Tower with Radar,379,45,39,0,463,0,0,26,0,26,379,45,65,0,489,0,0,0,489
01/19/2015,TPA,FL,ASO,ES,Combined TRACON& Tower with Radar,416,55,32,2,505,0,0,21,0,21,416,55,53,2,526,0,0,0,526
01/20/2015,TPA,FL,ASO,ES,Combined TRACON& Tower with Radar,413,67,30,2,512,0,1,34,0,35,413,68,64,2,547,0,0,0,547
01/21/2015,TPA,FL,ASO,ES,Combined TRACON& Tower with Radar,410,63,59,0,532,0,0,34,0,34,410,63,93,0,566,0,0,0,566
01/22/2015,TPA,FL,ASO,ES,Combined TRACON& Tower with Radar,420,57,42,2,521,0,0,50,0,50,420,57,92,2,571,0,0,0,571
01/23/2015,TPA,FL,ASO,ES,Combined TRACON& Tower with Radar,423,68,40,1,532,0,1,13,0,14,423,69,53,1,546,0,0,0,546
01/24/2015,TPA,FL,ASO,ES,Combined TRACON& Tower with Radar,392,23,13,0,428,0,1,14,0,15,392,24,27,0,443,0,0,0,443
01/25/2015,TPA,FL,ASO,ES,Combined TRACON& Tower with Radar,403,37,28,0,468,0,1,31,0,32,403,38,59,0,500,0,0,0,500
01/26/2015,TPA,FL,ASO,ES,Combined TRACON& Tower with Radar,395,54,32,0,481,0,0,14,0,14,395,54,46,0,495,0,0,0,495
01/27/2015,TPA,FL,ASO,ES,Combined TRACON& Tower with Radar,343,50,44,1,438,0,3,28,1,32,343,53,72,2,470,0,0,0,470
01/28/2015,TPA,FL,ASO,ES,Combined TRACON& Tower with Radar,402,61,41,0,504,0,2,44,0,46,402,63,85,0,550,0,0,0,550
01/29/2015,TPA,FL,ASO,ES,Combined TRACON& Tower with Radar,421,73,67,0,561,0,3,33,0,36,421,76,100,0,597,0,0,0,597
01/30/2015,TPA,FL,ASO,ES,Combined TRACON& Tower with Radar,430,58,39,1,528,0,0,21,11,32,430,58,60,12,560,0,0,0,560
01/31/2015,TPA,FL,ASO,ES,Combined TRACON& Tower with Radar,398,41,28,0,467,0,1,27,0,28,398,42,55,0,495,0,0,0,495
02/01/2015,TPA,FL,ASO,ES,Combined TRACON& Tower with Radar,346,43,39,2,430,1,1,15,9,26,347,44,54,11,456,0,0,0,456
02/02/2015,TPA,FL,ASO,ES,Combined TRACON& Tower with Radar,377,50,50,1,478,0,0,15,0,15,377,50,65,1,493,0,0,0,493
02/03/2015,TPA,FL,ASO,ES,Combined TRACON& Tower with Radar,400,54,42,1,497,0,0,36,0,36,400,54,78,1,533,0,0,0,533
02/04/2015,TPA,FL,ASO,ES,Combined TRACON& Tower with Radar,421,72,44,0,537,0,2,27,0,29,421,74,71,0,566,0,0,0,566
02/05/2015,TPA,FL,ASO,ES,Combined TRACON& Tower with Radar,423,64,53,0,540,0,0,14,0,14,423,64,67,0,554,0,0,0,554
02/06/2015,TPA,FL,ASO,ES,Combined TRACON& Tower with Radar,434,61,58,2,555,1,0,42,0,43,435,61,100,2,598,0,0,0,598
02/07/2015,TPA,FL,ASO,ES,Combined TRACON& Tower with Radar,406,32,30,0,468,0,1,11,0,12,406,33,41,0,480,0,0,0,480
02/08/2015,TPA,FL,ASO,ES,Combined TRACON& Tower with Radar,399,44,50,2,495,0,1,22,0,23,399,45,72,2,518,0,0,0,518
02/09/2015,TPA,FL,ASO,ES,Combined TRACON& Tower with Radar,416,40,46,0,502,1,1,6,0,8,417,41,52,0,510,0,0,0,510
02/10/2015,TPA,FL,ASO,ES,Combined TRACON& Tower with Radar,403,50,65,0,518,0,0,67,0,67,403,50,132,0,585,0,0,0,585
02/11/2015,TPA,FL,ASO,ES,Combined TRACON& Tower with Radar,423,75,64,0,562,0,1,31,0,32,423,76,95,0,594,0,0,0,594
02/12/2015,TPA,FL,ASO,ES,Combined TRACON& Tower with Radar,423,64,49,0,536,0,1,25,0,26,423,65,74,0,562,0,0,0,562
02/13/2015,TPA,FL,ASO,ES,Combined TRACON& Tower with Radar,450,43,48,0,541,0,2,38,0,40,450,45,86,0,581,0,0,0,581
02/14/2015,TPA,FL,ASO,ES,Combined TRACON& Tower with Radar,418,29,24,0,471,0,2,25,0,27,418,31,49,0,498,0,0,0,498
02/15/2015,TPA,FL,ASO,ES,Combined TRACON& Tower with Radar,367,29,35,1,432,0,0,18,0,18,367,29,53,1,450,0,0,0,450
02/16/2015,TPA,FL,ASO,ES,Combined TRACON& Tower with Radar,421,52,44,1,518,0,2,13,0,15,421,54,57,1,533,0,0,0,533
02/17/2015,TPA,FL,ASO,ES,Combined TRACON& Tower with Radar,404,56,38,0,498,0,0,9,0,9,404,56,47,0,507,0,0,0,507
02/18/2015,TPA,FL,ASO,ES,Combined TRACON& Tower with Radar,449,52,38,0,539,0,3,20,1,24,449,55,58,1,563,0,0,0,563
02/19/2015,TPA,FL,ASO,ES,Combined TRACON& Tower with Radar,431,57,55,1,544,0,0,27,0,27,431,57,82,1,571,0,0,0,571
02/20/2015,TPA,FL,ASO,ES,Combined TRACON& Tower with Radar,446,62,43,12,563,1,0,19,0,20,447,62,62,12,583,0,0,0,583
02/21/2015,TPA,FL,ASO,ES,Combined TRACON& Tower with Radar,397,34,27,1,459,0,1,13,0,14,397,35,40,1,473,0,0,0,473
02/22/2015,TPA,FL,ASO,ES,Combined TRACON& Tower with Radar,398,42,45,4,489,1,0,23,0,24,399,42,68,4,513,0,0,0,513
02/23/2015,TPA,FL,ASO,ES,Combined TRACON& Tower with Radar,434,65,52,2,553,0,0,14,1,15,434,65,66,3,568,0,0,0,568
02/24/2015,TPA,FL,ASO,ES,Combined TRACON& Tower with Radar,420,57,67,2,546,0,1,9,0,10,420,58,76,2,556,0,0,0,556
02/25/2015,TPA,FL,ASO,ES,Combined TRACON& Tower with Radar,424,52,71,0,547,0,0,8,0,8,424,52,79,0,555,0,0,0,555
02/26/2015,TPA,FL,ASO,ES,Combined TRACON& Tower with Radar,425,56,59,0,540,0,0,35,0,35,425,56,94,0,575,0,0,0,575
02/27/2015,TPA,FL,ASO,ES,Combined TRACON& Tower with Radar,443,63,58,1,565,0,1,18,0,19,443,64,76,1,584,0,0,0,584
02/28/2015,TPA,FL,ASO,ES,Combined TRACON& Tower with Radar,425,40,32,0,497,0,0,6,0,6,425,40,38,0,503,0,0,0,503
03/01/2015,TPA,FL,ASO,ES,Combined TRACON& Tower with Radar,383,43,39,1,466,0,0,12,0,12,383,43,51,1,478,0,0,0,478
03/02/2015,TPA,FL,ASO,ES,Combined TRACON& Tower with Radar,432,51,39,0,522,0,2,19,0,21,432,53,58,0,543,0,0,0,543
03/03/2015,TPA,FL,ASO,ES,Combined TRACON& Tower with Radar,430,67,45,0,542,0,0,24,0,24,430,67,69,0,566,0,0,0,566
03/04/2015,TPA,FL,ASO,ES,Combined TRACON& Tower with Radar,431,58,42,2,533,0,0,29,0,29,431,58,71,2,562,0,0,0,562
03/05/2015,TPA,FL,ASO,ES,Combined TRACON& Tower with Radar,381,50,47,0,478,0,2,17,0,19,381,52,64,0,497,0,0,0,497
03/06/2015,TPA,FL,ASO,ES,Combined TRACON& Tower with Radar,446,63,57,0,566,1,0,4,0,5,447,63,61,0,571,0,0,0,571
03/07/2015,TPA,FL,ASO,ES,Combined TRACON& Tower with Radar,529,40,40,0,609,0,0,7,0,7,529,40,47,0,616,0,0,0,616
03/08/2015,TPA,FL,ASO,ES,Combined TRACON& Tower with Radar,480,50,39,1,570,0,0,18,0,18,480,50,57,1,588,0,0,0,588
03/09/2015,TPA,FL,ASO,ES,Combined TRACON& Tower with Radar,477,46,39,0,562,1,0,24,0,25,478,46,63,0,587,0,0,0,587
03/10/2015,TPA,FL,ASO,ES,Combined TRACON& Tower with Radar,473,60,51,0,584,0,3,26,0,29,473,63,77,0,613,0,0,0,613
03/11/2015,TPA,FL,ASO,ES,Combined TRACON& Tower with Radar,481,59,42,2,584,0,1,23,1,25,481,60,65,3,609,0,0,0,609
03/12/2015,TPA,FL,ASO,ES,Combined TRACON& Tower with Radar,487,56,49,1,593,0,2,13,0,15,487,58,62,1,608,0,0,0,608
03/13/2015,TPA,FL,ASO,ES,Combined TRACON& Tower with Radar,485,59,41,6,591,0,2,26,4,32,485,61,67,10,623,0,0,0,623
03/14/2015,TPA,FL,ASO,ES,Combined TRACON& Tower with Radar,530,36,37,1,604,0,2,23,0,25,530,38,60,1,629,0,0,0,629
03/15/2015,TPA,FL,ASO,ES,Combined TRACON& Tower with Radar,475,42,43,6,566,1,0,17,2,20,476,42,60,8,586,0,0,0,586
03/16/2015,TPA,FL,ASO,ES,Combined TRACON& Tower with Radar,482,61,31,0,574,1,2,24,0,27,483,63,55,0,601,0,0,0,601
03/17/2015,TPA,FL,ASO,ES,Combined TRACON& Tower with Radar,476,56,47,0,579,0,5,35,1,41,476,61,82,1,620,0,0,0,620
03/18/2015,TPA,FL,ASO,ES,Combined TRACON& Tower with Radar,475,63,48,2,588,0,0,35,0,35,475,63,83,2,623,0,0,0,623
03/19/2015,TPA,FL,ASO,ES,Combined TRACON& Tower with Radar,494,67,75,0,636,0,0,25,2,27,494,67,100,2,663,0,0,0,663
03/20/2015,TPA,FL,ASO,ES,Combined TRACON& Tower with Radar,467,44,48,4,563,0,0,34,1,35,467,44,82,5,598,0,0,0,598
03/21/2015,TPA,FL,ASO,ES,Combined TRACON& Tower with Radar,532,41,20,1,594,0,3,19,0,22,532,44,39,1,616,0,0,0,616
03/22/2015,TPA,FL,ASO,ES,Combined TRACON& Tower with Radar,475,59,35,3,572,1,0,23,1,25,476,59,58,4,597,0,0,0,597
03/23/2015,TPA,FL,ASO,ES,Combined TRACON& Tower with Radar,479,62,45,1,587,0,0,9,0,9,479,62,54,1,596,0,0,0,596
03/24/2015,TPA,FL,ASO,ES,Combined TRACON& Tower with Radar,482,71,63,2,618,0,0,22,0,22,482,71,85,2,640,0,0,0,640
03/25/2015,TPA,FL,ASO,ES,Combined TRACON& Tower with Radar,483,61,74,2,620,0,1,22,2,25,483,62,96,4,645,0,0,0,645
03/26/2015,TPA,FL,ASO,ES,Combined TRACON& Tower with Radar,473,66,46,1,586,0,1,14,0,15,473,67,60,1,601,0,0,0,601
03/27/2015,TPA,FL,ASO,ES,Combined TRACON& Tower with Radar,499,62,54,3,618,0,1,13,2,16,499,63,67,5,634,0,0,0,634
03/28/2015,TPA,FL,ASO,ES,Combined TRACON& Tower with Radar,531,43,41,2,617,0,2,16,2,20,531,45,57,4,637,0,0,0,637
03/29/2015,TPA,FL,ASO,ES,Combined TRACON& Tower with Radar,481,54,40,1,576,0,4,27,3,34,481,58,67,4,610,0,0,0,610
03/30/2015,TPA,FL,ASO,ES,Combined TRACON& Tower with Radar,475,73,40,0,588,0,3,17,1,21,475,76,57,1,609,0,0,0,609
03/31/2015,TPA,FL,ASO,ES,Combined TRACON& Tower with Radar,476,63,31,0,570,0,3,29,0,32,476,66,60,0,602,0,0,0,602
04/01/2015,TPA,FL,ASO,ES,Combined TRACON& Tower with Radar,482,53,47,0,582,0,0,34,0,34,482,53,81,0,616,0,0,0,616
04/02/2015,TPA,FL,ASO,ES,Combined TRACON& Tower with Radar,494,66,40,0,600,0,4,30,0,34,494,70,70,0,634,0,0,0,634
04/03/2015,TPA,FL,ASO,ES,Combined TRACON& Tower with Radar,478,65,35,6,584,0,1,25,3,29,478,66,60,9,613,0,0,0,613
04/04/2015,TPA,FL,ASO,ES,Combined TRACON& Tower with Radar,507,35,30,1,573,0,0,21,0,21,507,35,51,1,594,0,0,0,594
04/05/2015,TPA,FL,ASO,ES,Combined TRACON& Tower with Radar,479,56,30,1,566,1,0,8,0,9,480,56,38,1,575,0,0,0,575
04/06/2015,TPA,FL,ASO,ES,Combined TRACON& Tower with Radar,476,62,56,2,596,1,0,20,0,21,477,62,76,2,617,0,0,0,617
04/07/2015,TPA,FL,ASO,ES,Combined TRACON& Tower with Radar,463,73,51,3,590,0,1,22,1,24,463,74,73,4,614,0,0,0,614
04/08/2015,TPA,FL,ASO,ES,Combined TRACON& Tower with Radar,448,67,50,2,567,0,1,41,0,42,448,68,91,2,609,2,0,2,611
04/09/2015,TPA,FL,ASO,ES,Combined TRACON& Tower with Radar,446,52,67,1,566,0,2,29,1,32,446,54,96,2,598,0,0,0,598
04/10/2015,TPA,FL,ASO,ES,Combined TRACON& Tower with Radar,459,61,63,0,583,0,0,20,0,20,459,61,83,0,603,0,0,0,603
04/11/2015,TPA,FL,ASO,ES,Combined TRACON& Tower with Radar,460,35,27,0,522,0,1,20,0,21,460,36,47,0,543,0,0,0,543
04/12/2015,TPA,FL,ASO,ES,Combined TRACON& Tower with Radar,447,54,45,2,548,0,0,17,0,17,447,54,62,2,565,0,0,0,565
04/13/2015,TPA,FL,ASO,ES,Combined TRACON& Tower with Radar,444,54,57,1,556,0,0,22,0,22,444,54,79,1,578,0,0,0,578
04/14/2015,TPA,FL,ASO,ES,Combined TRACON& Tower with Radar,428,68,48,0,544,0,0,13,0,13,428,68,61,0,557,0,0,0,557
04/15/2015,TPA,FL,ASO,ES,Combined TRACON& Tower with Radar,436,64,54,0,554,0,1,32,0,33,436,65,86,0,587,0,0,0,587
04/16/2015,TPA,FL,ASO,ES,Combined TRACON& Tower with Radar,429,68,57,2,556,0,2,29,0,31,429,70,86,2,587,0,0,0,587
04/17/2015,TPA,FL,ASO,ES,Combined TRACON& Tower with Radar,441,58,46,3,548,0,0,15,1,16,441,58,61,4,564,0,0,0,564
04/18/2015,TPA,FL,ASO,ES,Combined TRACON& Tower with Radar,419,34,26,0,479,0,0,20,0,20,419,34,46,0,499,0,0,0,499
04/19/2015,TPA,FL,ASO,ES,Combined TRACON& Tower with Radar,457,54,42,3,556,1,0,14,0,15,458,54,56,3,571,0,0,0,571
04/20/2015,TPA,FL,ASO,ES,Combined TRACON& Tower with Radar,425,54,55,0,534,1,0,10,0,11,426,54,65,0,545,0,0,0,545
04/21/2015,TPA,FL,ASO,ES,Combined TRACON& Tower with Radar,426,67,62,0,555,0,2,19,1,22,426,69,81,1,577,0,0,0,577
04/22/2015,TPA,FL,ASO,ES,Combined TRACON& Tower with Radar,423,62,67,1,553,0,1,25,0,26,423,63,92,1,579,0,0,0,579
04/23/2015,TPA,FL,ASO,ES,Combined TRACON& Tower with Radar,432,68,58,0,558,0,0,25,0,25,432,68,83,0,583,0,0,0,583
04/24/2015,TPA,FL,ASO,ES,Combined TRACON& Tower with Radar,438,59,81,1,579,0,0,24,0,24,438,59,105,1,603,0,0,0,603
04/25/2015,TPA,FL,ASO,ES,Combined TRACON& Tower with Radar,419,34,33,0,486,0,0,26,0,26,419,34,59,0,512,0,0,0,512
04/26/2015,TPA,FL,ASO,ES,Combined TRACON& Tower with Radar,419,52,53,4,528,0,0,13,0,13,419,52,66,4,541,0,0,0,541
04/27/2015,TPA,FL,ASO,ES,Combined TRACON& Tower with Radar,435,57,61,2,555,0,0,15,0,15,435,57,76,2,570,0,0,0,570
04/28/2015,TPA,FL,ASO,ES,Combined TRACON& Tower with Radar,421,66,35,7,529,0,3,15,0,18,421,69,50,7,547,0,0,0,547
04/29/2015,TPA,FL,ASO,ES,Combined TRACON& Tower with Radar,418,57,31,3,509,0,3,19,2,24,418,60,50,5,533,0,0,0,533
04/30/2015,TPA,FL,ASO,ES,Combined TRACON& Tower with Radar,431,56,49,0,536,0,2,18,0,20,431,58,67,0,556,0,0,0,556
05/01/2015,TPA,FL,ASO,ES,Combined TRACON& Tower with Radar,426,59,30,0,515,0,3,15,1,19,426,62,45,1,534,0,0,0,534
05/02/2015,TPA,FL,ASO,ES,Combined TRACON& Tower with Radar,393,35,14,0,442,0,0,14,0,14,393,35,28,0,456,0,0,0,456
05/03/2015,TPA,FL,ASO,ES,Combined TRACON& Tower with Radar,409,36,33,0,478,1,0,19,0,20,410,36,52,0,498,0,0,0,498
05/04/2015,TPA,FL,ASO,ES,Combined TRACON& Tower with Radar,427,58,50,0,535,1,0,20,0,21,428,58,70,0,556,0,0,0,556
05/05/2015,TPA,FL,ASO,ES,Combined TRACON& Tower with Radar,408,52,43,1,504,0,0,24,3,27,408,52,67,4,531,0,0,0,531
05/06/2015,TPA,FL,ASO,ES,Combined TRACON& Tower with Radar,413,65,42,1,521,0,1,18,1,20,413,66,60,2,541,0,0,0,541
05/07/2015,TPA,FL,ASO,ES,Combined TRACON& Tower with Radar,415,59,51,0,525,0,0,33,0,33,415,59,84,0,558,0,0,0,558
05/08/2015,TPA,FL,ASO,ES,Combined TRACON& Tower with Radar,425,54,60,3,542,0,2,23,2,27,425,56,83,5,569,0,0,0,569
05/09/2015,TPA,FL,ASO,ES,Combined TRACON& Tower with Radar,391,35,27,2,455,0,1,26,1,28,391,36,53,3,483,0,0,0,483
05/10/2015,TPA,FL,ASO,ES,Combined TRACON& Tower with Radar,389,36,29,3,457,0,0,11,1,12,389,36,40,4,469,0,0,0,469
05/11/2015,TPA,FL,ASO,ES,Combined TRACON& Tower with Radar,425,61,28,0,514,1,2,20,0,23,426,63,48,0,537,0,0,0,537
05/12/2015,TPA,FL,ASO,ES,Combined TRACON& Tower with Radar,410,66,44,0,520,0,0,28,0,28,410,66,72,0,548,0,0,0,548
05/13/2015,TPA,FL,ASO,ES,Combined TRACON& Tower with Radar,415,66,42,0,523,0,1,31,0,32,415,67,73,0,555,0,0,0,555
05/14/2015,TPA,FL,ASO,ES,Combined TRACON& Tower with Radar,424,62,52,0,538,0,2,32,0,34,424,64,84,0,572,0,0,0,572
05/15/2015,TPA,FL,ASO,ES,Combined TRACON& Tower with Radar,421,55,51,2,529,0,0,25,0,25,421,55,76,2,554,0,0,0,554
05/16/2015,TPA,FL,ASO,ES,Combined TRACON& Tower with Radar,402,36,32,1,471,0,1,14,0,15,402,37,46,1,486,0,0,0,486
05/17/2015,TPA,FL,ASO,ES,Combined TRACON& Tower with Radar,402,41,35,0,478,1,0,13,1,15,403,41,48,1,493,0,0,0,493
05/18/2015,TPA,FL,ASO,ES,Combined TRACON& Tower with Radar,405,60,43,0,508,1,0,25,0,26,406,60,68,0,534,8,0,8,542
05/19/2015,TPA,FL,ASO,ES,Combined TRACON& Tower with Radar,413,56,51,0,520,0,0,22,0,22,413,56,73,0,542,0,0,0,542
05/20/2015,TPA,FL,ASO,ES,Combined TRACON& Tower with Radar,425,70,68,0,563,0,0,27,0,27,425,70,95,0,590,0,0,0,590
05/21/2015,TPA,FL,ASO,ES,Combined TRACON& Tower with Radar,427,62,64,0,553,0,1,29,0,30,427,63,93,0,583,0,0,0,583
05/22/2015,TPA,FL,ASO,ES,Combined TRACON& Tower with Radar,429,57,54,0,540,0,0,24,0,24,429,57,78,0,564,0,0,0,564
05/23/2015,TPA,FL,ASO,ES,Combined TRACON& Tower with Radar,382,42,22,1,447,0,0,21,0,21,382,42,43,1,468,0,0,0,468
05/24/2015,TPA,FL,ASO,ES,Combined TRACON& Tower with Radar,339,32,23,1,395,0,5,10,0,15,339,37,33,1,410,0,0,0,410
05/25/2015,TPA,FL,ASO,ES,Combined TRACON& Tower with Radar,377,37,35,0,449,0,0,21,0,21,377,37,56,0,470,0,0,0,470
05/26/2015,TPA,FL,ASO,ES,Combined TRACON& Tower with Radar,383,55,37,0,475,0,1,17,1,19,383,56,54,1,494,0,0,0,494
05/27/2015,TPA,FL,ASO,ES,Combined TRACON& Tower with Radar,423,69,38,0,530,0,0,15,0,15,423,69,53,0,545,0,0,0,545
05/28/2015,TPA,FL,ASO,ES,Combined TRACON& Tower with Radar,418,63,40,1,522,0,2,22,2,26,418,65,62,3,548,0,0,0,548
05/29/2015,TPA,FL,ASO,ES,Combined TRACON& Tower with Radar,422,64,47,1,534,0,5,26,0,31,422,69,73,1,565,0,0,0,565
05/30/2015,TPA,FL,ASO,ES,Combined TRACON& Tower with Radar,403,30,24,0,457,0,0,18,1,19,403,30,42,1,476,0,0,0,476
05/31/2015,TPA,FL,ASO,ES,Combined TRACON& Tower with Radar,392,40,25,2,459,0,0,14,0,14,392,40,39,2,473,0,0,0,473
06/01/2015,TPA,FL,ASO,ES,Combined TRACON& Tower with Radar,424,60,41,0,525,1,0,18,2,21,425,60,59,2,546,16,0,16,562
06/02/2015,TPA,FL,ASO,ES,Combined TRACON& Tower with Radar,411,63,36,0,510,0,0,17,0,17,411,63,53,0,527,0,0,0,527
06/03/2015,TPA,FL,ASO,ES,Combined TRACON& Tower with Radar,414,81,61,2,558,0,0,15,0,15,414,81,76,2,573,10,0,10,583
06/04/2015,TPA,FL,ASO,ES,Combined TRACON& Tower with Radar,403,69,60,0,532,0,0,24,0,24,403,69,84,0,556,0,0,0,556
06/05/2015,TPA,FL,ASO,ES,Combined TRACON& Tower with Radar,429,64,33,1,527,0,1,17,0,18,429,65,50,1,545,0,0,0,545
06/06/2015,TPA,FL,ASO,ES,Combined TRACON& Tower with Radar,385,52,32,0,469,0,0,23,0,23,385,52,55,0,492,0,0,0,492
06/07/2015,TPA,FL,ASO,ES,Combined TRACON& Tower with Radar,391,54,41,5,491,0,2,31,0,33,391,56,72,5,524,0,0,0,524
06/08/2015,TPA,FL,ASO,ES,Combined TRACON& Tower with Radar,392,51,33,2,478,1,0,24,0,25,393,51,57,2,503,0,0,0,503
06/09/2015,TPA,FL,ASO,ES,Combined TRACON& Tower with Radar,401,62,38,2,503,0,0,33,0,33,401,62,71,2,536,0,0,0,536
06/10/2015,TPA,FL,ASO,ES,Combined TRACON& Tower with Radar,399,72,28,0,499,0,0,7,0,7,399,72,35,0,506,0,0,0,506
06/11/2015,TPA,FL,ASO,ES,Combined TRACON& Tower with Radar,406,65,58,0,529,0,0,33,0,33,406,65,91,0,562,0,0,0,562
06/12/2015,TPA,FL,ASO,ES,Combined TRACON& Tower with Radar,407,60,41,2,510,1,0,24,0,25,408,60,65,2,535,0,0,0,535
06/13/2015,TPA,FL,ASO,ES,Combined TRACON& Tower with Radar,424,48,28,0,500,0,1,14,0,15,424,49,42,0,515,0,0,0,515
06/14/2015,TPA,FL,ASO,ES,Combined TRACON& Tower with Radar,388,47,49,1,485,1,1,13,0,15,389,48,62,1,500,0,0,0,500
06/15/2015,TPA,FL,ASO,ES,Combined TRACON& Tower with Radar,397,57,38,0,492,0,1,27,0,28,397,58,65,0,520,0,0,0,520
06/16/2015,TPA,FL,ASO,ES,Combined TRACON& Tower with Radar,394,64,30,0,488,0,0,26,2,28,394,64,56,2,516,0,0,0,516
06/17/2015,TPA,FL,ASO,ES,Combined TRACON& Tower with Radar,395,61,45,0,501,0,0,24,0,24,395,61,69,0,525,0,0,0,525
06/18/2015,TPA,FL,ASO,ES,Combined TRACON& Tower with Radar,392,59,48,2,501,0,0,17,0,17,392,59,65,2,518,0,0,0,518
06/19/2015,TPA,FL,ASO,ES,Combined TRACON& Tower with Radar,439,73,50,1,563,0,0,16,0,16,439,73,66,1,579,0,0,0,579
06/20/2015,TPA,FL,ASO,ES,Combined TRACON& Tower with Radar,424,30,28,1,483,0,1,16,0,17,424,31,44,1,500,0,0,0,500
06/21/2015,TPA,FL,ASO,ES,Combined TRACON& Tower with Radar,394,41,33,0,468,0,1,16,0,17,394,42,49,0,485,0,0,0,485
06/22/2015,TPA,FL,ASO,ES,Combined TRACON& Tower with Radar,393,61,38,0,492,1,0,18,0,19,394,61,56,0,511,0,0,0,511
06/23/2015,TPA,FL,ASO,ES,Combined TRACON& Tower with Radar,386,55,37,0,478,0,0,25,0,25,386,55,62,0,503,0,0,0,503
06/24/2015,TPA,FL,ASO,ES,Combined TRACON& Tower with Radar,407,64,49,0,520,0,1,34,0,35,407,65,83,0,555,0,0,0,555
06/25/2015,TPA,FL,ASO,ES,Combined TRACON& Tower with Radar,437,67,27,0,531,0,0,29,0,29,437,67,56,0,560,0,0,0,560
06/26/2015,TPA,FL,ASO,ES,Combined TRACON& Tower with Radar,405,58,34,1,498,1,0,16,0,17,406,58,50,1,515,0,0,0,515
06/27/2015,TPA,FL,ASO,ES,Combined TRACON& Tower with Radar,430,38,23,0,491,0,1,9,0,10,430,39,32,0,501,0,0,0,501
06/28/2015,TPA,FL,ASO,ES,Combined TRACON& Tower with Radar,390,35,32,0,457,0,0,18,0,18,390,35,50,0,475,0,0,0,475
06/29/2015,TPA,FL,ASO,ES,Combined TRACON& Tower with Radar,398,51,26,0,475,0,0,24,0,24,398,51,50,0,499,0,0,0,499
06/30/2015,TPA,FL,ASO,ES,Combined TRACON& Tower with Radar,385,51,41,3,480,0,0,22,2,24,385,51,63,5,504,0,0,0,504
07/01/2015,TPA,FL,ASO,ES,Combined TRACON& Tower with Radar,398,55,24,0,477,0,0,35,0,35,398,55,59,0,512,0,0,0,512
07/02/2015,TPA,FL,ASO,ES,Combined TRACON& Tower with Radar,418,54,27,0,499,0,0,22,0,22,418,54,49,0,521,0,0,0,521
07/03/2015,TPA,FL,ASO,ES,Combined TRACON& Tower with Radar,388,43,19,0,450,0,0,9,0,9,388,43,28,0,459,0,0,0,459
07/04/2015,TPA,FL,ASO,ES,Combined TRACON& Tower with Radar,354,24,3,0,381,0,0,13,0,13,354,24,16,0,394,0,0,0,394
07/05/2015,TPA,FL,ASO,ES,Combined TRACON& Tower with Radar,396,40,26,1,463,0,0,19,0,19,396,40,45,1,482,0,0,0,482
07/06/2015,TPA,FL,ASO,ES,Combined TRACON& Tower with Radar,412,55,38,1,506,0,0,10,0,10,412,55,48,1,516,0,0,0,516
07/07/2015,TPA,FL,ASO,ES,Combined TRACON& Tower with Radar,405,57,32,1,495,0,0,15,0,15,405,57,47,1,510,0,0,0,510
07/08/2015,TPA,FL,ASO,ES,Combined TRACON& Tower with Radar,396,63,33,1,493,0,0,16,0,16,396,63,49,1,509,0,0,0,509
07/09/2015,TPA,FL,ASO,ES,Combined TRACON& Tower with Radar,411,58,38,0,507,0,0,28,0,28,411,58,66,0,535,0,0,0,535
07/10/2015,TPA,FL,ASO,ES,Combined TRACON& Tower with Radar,405,55,28,0,488,1,1,22,1,25,406,56,50,1,513,0,0,0,513
07/11/2015,TPA,FL,ASO,ES,Combined TRACON& Tower with Radar,429,44,28,0,501,0,1,14,0,15,429,45,42,0,516,0,0,0,516
07/12/2015,TPA,FL,ASO,ES,Combined TRACON& Tower with Radar,396,38,32,0,466,0,0,11,0,11,396,38,43,0,477,0,0,0,477
07/13/2015,TPA,FL,ASO,ES,Combined TRACON& Tower with Radar,393,47,38,2,480,1,1,26,0,28,394,48,64,2,508,0,0,0,508
07/14/2015,TPA,FL,ASO,ES,Combined TRACON& Tower with Radar,388,50,38,0,476,0,0,10,0,10,388,50,48,0,486,0,0,0,486
07/15/2015,TPA,FL,ASO,ES,Combined TRACON& Tower with Radar,405,57,40,0,502,0,2,14,0,16,405,59,54,0,518,0,0,0,518
07/16/2015,TPA,FL,ASO,ES,Combined TRACON& Tower with Radar,405,66,42,0,513,0,0,25,4,29,405,66,67,4,542,0,0,0,542
07/17/2015,TPA,FL,ASO,ES,Combined TRACON& Tower with Radar,401,53,34,1,489,0,0,12,0,12,401,53,46,1,501,0,0,0,501
07/18/2015,TPA,FL,ASO,ES,Combined TRACON& Tower with Radar,413,32,18,0,463,0,2,21,0,23,413,34,39,0,486,0,0,0,486
07/19/2015,TPA,FL,ASO,ES,Combined TRACON& Tower with Radar,392,37,24,0,453,0,0,13,1,14,392,37,37,1,467,0,0,0,467
07/20/2015,TPA,FL,ASO,ES,Combined TRACON& Tower with Radar,400,44,39,2,485,1,0,23,0,24,401,44,62,2,509,0,0,0,509
07/21/2015,TPA,FL,ASO,ES,Combined TRACON& Tower with Radar,384,53,38,0,475,0,1,15,3,19,384,54,53,3,494,0,0,0,494
07/22/2015,TPA,FL,ASO,ES,Combined TRACON& Tower with Radar,413,61,37,0,511,0,0,18,0,18,413,61,55,0,529,0,0,0,529
07/23/2015,TPA,FL,ASO,ES,Combined TRACON& Tower with Radar,398,60,42,0,500,0,0,16,0,16,398,60,58,0,516,0,0,0,516
07/24/2015,TPA,FL,ASO,ES,Combined TRACON& Tower with Radar,407,59,29,0,495,1,0,8,0,9,408,59,37,0,504,0,0,0,504
07/25/2015,TPA,FL,ASO,ES,Combined TRACON& Tower with Radar,437,44,25,0,506,0,0,7,0,7,437,44,32,0,513,0,0,0,513
07/26/2015,TPA,FL,ASO,ES,Combined TRACON& Tower with Radar,403,43,31,0,477,0,1,12,0,13,403,44,43,0,490,0,0,0,490
07/27/2015,TPA,FL,ASO,ES,Combined TRACON& Tower with Radar,402,54,27,0,483,1,0,9,0,10,403,54,36,0,493,0,0,0,493
07/28/2015,TPA,FL,ASO,ES,Combined TRACON& Tower with Radar,399,57,18,2,476,0,2,16,0,18,399,59,34,2,494,0,0,0,494
07/29/2015,TPA,FL,ASO,ES,Combined TRACON& Tower with Radar,412,50,28,0,490,0,0,18,0,18,412,50,46,0,508,36,0,36,544
07/30/2015,TPA,FL,ASO,ES,Combined TRACON& Tower with Radar,403,55,43,0,501,0,0,18,0,18,403,55,61,0,519,0,0,0,519
07/31/2015,TPA,FL,ASO,ES,Combined TRACON& Tower with Radar,410,57,44,0,511,0,0,17,0,17,410,57,61,0,528,0,0,0,528
08/01/2015,TPA,FL,ASO,ES,Combined TRACON& Tower with Radar,384,30,22,0,436,0,0,9,0,9,384,30,31,0,445,0,0,0,445
08/02/2015,TPA,FL,ASO,ES,Combined TRACON& Tower with Radar,407,43,31,2,483,1,0,10,0,11,408,43,41,2,494,0,0,0,494
08/03/2015,TPA,FL,ASO,ES,Combined TRACON& Tower with Radar,408,48,29,0,485,1,0,15,2,18,409,48,44,2,503,0,0,0,503
08/04/2015,TPA,FL,ASO,ES,Combined TRACON& Tower with Radar,405,70,23,0,498,0,0,27,2,29,405,70,50,2,527,0,0,0,527
08/05/2015,TPA,FL,ASO,ES,Combined TRACON& Tower with Radar,409,53,45,0,507,0,1,21,0,22,409,54,66,0,529,0,0,0,529
08/06/2015,TPA,FL,ASO,ES,Combined TRACON& Tower with Radar,400,60,59,2,521,0,0,23,0,23,400,60,82,2,544,0,0,0,544
08/07/2015,TPA,FL,ASO,ES,Combined TRACON& Tower with Radar,410,55,36,0,501,0,2,12,0,14,410,57,48,0,515,0,0,0,515
08/08/2015,TPA,FL,ASO,ES,Combined TRACON& Tower with Radar,418,33,19,0,470,0,0,7,0,7,418,33,26,0,477,0,0,0,477
08/09/2015,TPA,FL,ASO,ES,Combined TRACON& Tower with Radar,366,41,26,0,433,1,0,14,0,15,367,41,40,0,448,0,0,0,448
08/10/2015,TPA,FL,ASO,ES,Combined TRACON& Tower with Radar,375,58,36,0,469,0,0,16,0,16,375,58,52,0,485,0,0,0,485
08/11/2015,TPA,FL,ASO,ES,Combined TRACON& Tower with Radar,374,61,30,0,465,0,0,26,0,26,374,61,56,0,491,0,0,0,491
08/12/2015,TPA,FL,ASO,ES,Combined TRACON& Tower with Radar,382,66,38,0,486,0,0,31,0,31,382,66,69,0,517,0,0,0,517
08/13/2015,TPA,FL,ASO,ES,Combined TRACON& Tower with Radar,382,59,34,0,475,0,0,23,0,23,382,59,57,0,498,0,0,0,498
08/14/2015,TPA,FL,ASO,ES,Combined TRACON& Tower with Radar,386,53,27,0,466,1,3,18,0,22,387,56,45,0,488,0,0,0,488
08/15/2015,TPA,FL,ASO,ES,Combined TRACON& Tower with Radar,330,40,19,1,390,0,0,12,0,12,330,40,31,1,402,0,0,0,402
08/16/2015,TPA,FL,ASO,ES,Combined TRACON& Tower with Radar,374,52,35,1,462,1,0,7,0,8,375,52,42,1,470,0,0,0,470
08/17/2015,TPA,FL,ASO,ES,Combined TRACON& Tower with Radar,380,56,24,0,460,0,1,18,0,19,380,57,42,0,479,0,0,0,479
08/18/2015,TPA,FL,ASO,ES,Combined TRACON& Tower with Radar,357,59,55,0,471,0,0,28,0,28,357,59,83,0,499,0,0,0,499
08/19/2015,TPA,FL,ASO,ES,Combined TRACON& Tower with Radar,373,59,51,0,483,0,0,29,0,29,373,59,80,0,512,0,0,0,512
08/20/2015,TPA,FL,ASO,ES,Combined TRACON& Tower with Radar,363,47,42,0,452,0,0,20,0,20,363,47,62,0,472,0,0,0,472
08/21/2015,TPA,FL,ASO,ES,Combined TRACON& Tower with Radar,373,50,34,0,457,0,0,22,0,22,373,50,56,0,479,0,0,0,479
08/22/2015,TPA,FL,ASO,ES,Combined TRACON& Tower with Radar,329,29,22,0,380,0,0,16,0,16,329,29,38,0,396,0,0,0,396
08/23/2015,TPA,FL,ASO,ES,Combined TRACON& Tower with Radar,359,35,26,0,420,0,0,23,0,23,359,35,49,0,443,0,0,0,443
08/24/2015,TPA,FL,ASO,ES,Combined TRACON& Tower with Radar,367,53,34,0,454,1,0,27,0,28,368,53,61,0,482,0,0,0,482
08/25/2015,TPA,FL,ASO,ES,Combined TRACON& Tower with Radar,355,57,37,0,449,0,2,23,0,25,355,59,60,0,474,14,0,14,488
08/26/2015,TPA,FL,ASO,ES,Combined TRACON& Tower with Radar,405,47,39,1,492,0,0,24,0,24,405,47,63,1,516,0,0,0,516
08/27/2015,TPA,FL,ASO,ES,Combined TRACON& Tower with Radar,367,51,33,1,452,0,0,24,0,24,367,51,57,1,476,0,0,0,476
08/28/2015,TPA,FL,ASO,ES,Combined TRACON& Tower with Radar,370,45,45,0,460,0,0,29,0,29,370,45,74,0,489,0,0,0,489
08/29/2015,TPA,FL,ASO,ES,Combined TRACON& Tower with Radar,330,33,13,0,376,0,0,24,0,24,330,33,37,0,400,0,0,0,400
08/30/2015,TPA,FL,ASO,ES,Combined TRACON& Tower with Radar,354,35,19,0,408,1,0,8,0,9,355,35,27,0,417,0,0,0,417
08/31/2015,TPA,FL,ASO,ES,Combined TRACON& Tower with Radar,371,48,17,0,436,0,0,18,0,18,371,48,35,0,454,0,0,0,454
09/01/2015,TPA,FL,ASO,ES,Combined TRACON& Tower with Radar,352,46,39,0,437,0,2,19,0,21,352,48,58,0,458,0,0,0,458
09/02/2015,TPA,FL,ASO,ES,Combined TRACON& Tower with Radar,372,55,42,2,471,0,5,30,0,35,372,60,72,2,506,0,0,0,506
09/03/2015,TPA,FL,ASO,ES,Combined TRACON& Tower with Radar,361,56,55,0,472,0,1,30,0,31,361,57,85,0,503,0,0,0,503
09/04/2015,TPA,FL,ASO,ES,Combined TRACON& Tower with Radar,369,56,41,0,466,0,0,27,0,27,369,56,68,0,493,0,0,0,493
09/05/2015,TPA,FL,ASO,ES,Combined TRACON& Tower with Radar,297,34,20,0,351,0,1,6,0,7,297,35,26,0,358,0,0,0,358
09/06/2015,TPA,FL,ASO,ES,Combined TRACON& Tower with Radar,289,29,9,0,327,0,0,3,0,3,289,29,12,0,330,0,0,0,330
09/07/2015,TPA,FL,ASO,ES,Combined TRACON& Tower with Radar,335,44,30,0,409,0,1,16,0,17,335,45,46,0,426,0,0,0,426
09/08/2015,TPA,FL,ASO,ES,Combined TRACON& Tower with Radar,343,49,36,0,428,0,0,23,0,23,343,49,59,0,451,0,0,0,451
09/09/2015,TPA,FL,ASO,ES,Combined TRACON& Tower with Radar,333,58,26,0,417,0,0,29,0,29,333,58,55,0,446,0,0,0,446
09/10/2015,TPA,FL,ASO,ES,Combined TRACON& Tower with Radar,344,55,52,0,451,0,1,19,0,20,344,56,71,0,471,0,0,0,471
09/11/2015,TPA,FL,ASO,ES,Combined TRACON& Tower with Radar,360,53,47,0,460,0,1,20,1,22,360,54,67,1,482,0,0,0,482
09/12/2015,TPA,FL,ASO,ES,Combined TRACON& Tower with Radar,303,34,17,1,355,0,0,15,0,15,303,34,32,1,370,0,0,0,370
09/13/2015,TPA,FL,ASO,ES,Combined TRACON& Tower with Radar,343,51,51,1,446,0,0,17,0,17,343,51,68,1,463,0,0,0,463
09/14/2015,TPA,FL,ASO,ES,Combined TRACON& Tower with Radar,347,56,48,0,451,0,0,23,0,23,347,56,71,0,474,0,0,0,474
09/15/2015,TPA,FL,ASO,ES,Combined TRACON& Tower with Radar,343,69,45,0,457,0,0,20,0,20,343,69,65,0,477,0,0,0,477
09/16/2015,TPA,FL,ASO,ES,Combined TRACON& Tower with Radar,350,53,41,0,444,1,0,29,0,30,351,53,70,0,474,0,0,0,474
09/17/2015,TPA,FL,ASO,ES,Combined TRACON& Tower with Radar,361,52,43,0,456,0,0,20,0,20,361,52,63,0,476,0,0,0,476
09/18/2015,TPA,FL,ASO,ES,Combined TRACON& Tower with Radar,363,65,38,3,469,0,0,8,1,9,363,65,46,4,478,0,0,0,478
09/19/2015,TPA,FL,ASO,ES,Combined TRACON& Tower with Radar,325,33,25,2,385,0,0,21,0,21,325,33,46,2,406,0,0,0,406
09/20/2015,TPA,FL,ASO,ES,Combined TRACON& Tower with Radar,350,40,36,0,426,0,0,18,0,18,350,40,54,0,444,0,0,0,444
09/21/2015,TPA,FL,ASO,ES,Combined TRACON& Tower with Radar,358,52,33,2,445,0,4,22,0,26,358,56,55,2,471,0,0,0,471
09/22/2015,TPA,FL,ASO,ES,Combined TRACON& Tower with Radar,346,64,36,0,446,0,1,34,0,35,346,65,70,0,481,0,0,0,481
09/23/2015,TPA,FL,ASO,ES,Combined TRACON& Tower with Radar,350,59,31,2,442,0,0,25,0,25,350,59,56,2,467,0,0,0,467
09/24/2015,TPA,FL,ASO,ES,Combined TRACON& Tower with Radar,376,59,35,2,472,0,1,21,0,22,376,60,56,2,494,0,0,0,494
09/25/2015,TPA,FL,ASO,ES,Combined TRACON& Tower with Radar,376,51,36,2,465,0,0,21,2,23,376,51,57,4,488,0,0,0,488
09/26/2015,TPA,FL,ASO,ES,Combined TRACON& Tower with Radar,321,31,14,1,367,0,0,12,0,12,321,31,26,1,379,0,0,0,379
09/27/2015,TPA,FL,ASO,ES,Combined TRACON& Tower with Radar,365,42,32,3,442,1,0,14,0,15,366,42,46,3,457,0,0,0,457
09/28/2015,TPA,FL,ASO,ES,Combined TRACON& Tower with Radar,364,56,51,0,471,0,1,24,0,25,364,57,75,0,496,0,0,0,496
09/29/2015,TPA,FL,ASO,ES,Combined TRACON& Tower with Radar,360,42,44,2,448,0,0,9,0,9,360,42,53,2,457,0,0,0,457
09/30/2015,TPA,FL,ASO,ES,Combined TRACON& Tower with Radar,364,65,43,2,474,0,0,21,0,21,364,65,64,2,495,0,0,0,495
10/01/2015,TPA,FL,ASO,ES,Combined TRACON& Tower with Radar,374,53,49,3,479,0,0,22,0,22,374,53,71,3,501,0,0,0,501
10/02/2015,TPA,FL,ASO,ES,Combined TRACON& Tower with Radar,373,51,36,0,460,0,0,11,0,11,373,51,47,0,471,0,0,0,471
10/03/2015,TPA,FL,ASO,ES,Combined TRACON& Tower with Radar,330,29,22,2,383,0,1,18,2,21,330,30,40,4,404,0,0,0,404
10/04/2015,TPA,FL,ASO,ES,Combined TRACON& Tower with Radar,361,45,31,3,440,0,0,15,0,15,361,45,46,3,455,0,0,0,455
10/05/2015,TPA,FL,ASO,ES,Combined TRACON& Tower with Radar,372,61,36,0,469,0,0,17,0,17,372,61,53,0,486,0,0,0,486
10/06/2015,TPA,FL,ASO,ES,Combined TRACON& Tower with Radar,365,56,46,0,467,0,0,16,0,16,365,56,62,0,483,0,0,0,483
10/07/2015,TPA,FL,ASO,ES,Combined TRACON& Tower with Radar,370,64,46,2,482,0,6,7,1,14,370,70,53,3,496,0,0,0,496
10/08/2015,TPA,FL,ASO,ES,Combined TRACON& Tower with Radar,376,52,49,0,477,0,1,26,1,28,376,53,75,1,505,0,0,0,505
10/09/2015,TPA,FL,ASO,ES,Combined TRACON& Tower with Radar,370,55,35,0,460,1,0,33,0,34,371,55,68,0,494,0,0,0,494
10/10/2015,TPA,FL,ASO,ES,Combined TRACON& Tower with Radar,333,35,19,0,387,0,0,16,0,16,333,35,35,0,403,0,0,0,403
10/11/2015,TPA,FL,ASO,ES,Combined TRACON& Tower with Radar,356,43,44,0,443,0,1,28,0,29,356,44,72,0,472,0,0,0,472
10/12/2015,TPA,FL,ASO,ES,Combined TRACON& Tower with Radar,370,51,31,0,452,0,1,10,0,11,370,52,41,0,463,0,0,0,463
10/13/2015,TPA,FL,ASO,ES,Combined TRACON& Tower with Radar,367,43,34,0,444,0,2,24,2,28,367,45,58,2,472,0,0,0,472
10/14/2015,TPA,FL,ASO,ES,Combined TRACON& Tower with Radar,377,41,38,0,456,0,0,21,0,21,377,41,59,0,477,0,0,0,477
10/15/2015,TPA,FL,ASO,ES,Combined TRACON& Tower with Radar,371,54,44,0,469,0,1,31,2,34,371,55,75,2,503,0,0,0,503
10/16/2015,TPA,FL,ASO,ES,Combined TRACON& Tower with Radar,383,57,40,3,483,0,2,24,1,27,383,59,64,4,510,0,0,0,510
10/17/2015,TPA,FL,ASO,ES,Combined TRACON& Tower with Radar,332,31,19,4,386,0,2,19,1,22,332,33,38,5,408,0,0,0,408
10/18/2015,TPA,FL,ASO,ES,Combined TRACON& Tower with Radar,357,36,44,6,443,0,0,16,1,17,357,36,60,7,460,0,0,0,460
10/19/2015,TPA,FL,ASO,ES,Combined TRACON& Tower with Radar,374,49,26,1,450,0,2,24,0,26,374,51,50,1,476,0,0,0,476
10/20/2015,TPA,FL,ASO,ES,Combined TRACON& Tower with Radar,365,48,39,1,453,1,0,29,0,30,366,48,68,1,483,0,0,0,483
10/21/2015,TPA,FL,ASO,ES,Combined TRACON& Tower with Radar,373,55,42,1,471,0,3,29,0,32,373,58,71,1,503,0,0,0,503
10/22/2015,TPA,FL,ASO,ES,Combined TRACON& Tower with Radar,369,55,60,0,484,0,2,35,0,37,369,57,95,0,521,0,0,0,521
10/23/2015,TPA,FL,ASO,ES,Combined TRACON& Tower with Radar,369,42,37,0,448,1,1,20,0,22,370,43,57,0,470,0,0,0,470
10/24/2015,TPA,FL,ASO,ES,Combined TRACON& Tower with Radar,339,23,17,0,379,0,0,6,0,6,339,23,23,0,385,0,0,0,385
10/25/2015,TPA,FL,ASO,ES,Combined TRACON& Tower with Radar,363,36,24,0,423,0,1,6,0,7,363,37,30,0,430,0,0,0,430
10/26/2015,TPA,FL,ASO,ES,Combined TRACON& Tower with Radar,374,40,41,2,457,0,0,26,0,26,374,40,67,2,483,0,0,0,483
10/27/2015,TPA,FL,ASO,ES,Combined TRACON& Tower with Radar,366,41,43,2,452,0,0,5,0,5,366,41,48,2,457,0,0,0,457
10/28/2015,TPA,FL,ASO,ES,Combined TRACON& Tower with Radar,363,46,40,0,449,0,0,16,0,16,363,46,56,0,465,0,0,0,465
10/29/2015,TPA,FL,ASO,ES,Combined TRACON& Tower with Radar,385,48,45,0,478,0,1,34,1,36,385,49,79,1,514,0,0,0,514
10/30/2015,TPA,FL,ASO,ES,Combined TRACON& Tower with Radar,369,50,31,2,452,1,0,28,2,31,370,50,59,4,483,0,0,0,483
10/31/2015,TPA,FL,ASO,ES,Combined TRACON& Tower with Radar,328,20,38,0,386,0,0,9,1,10,328,20,47,1,396,0,0,0,396
11/01/2015,TPA,FL,ASO,ES,Combined TRACON& Tower with Radar,384,48,45,0,477,0,0,13,0,13,384,48,58,0,490,0,0,0,490
11/02/2015,TPA,FL,ASO,ES,Combined TRACON& Tower with Radar,399,47,44,0,490,0,2,19,0,21,399,49,63,0,511,0,0,0,511
11/03/2015,TPA,FL,ASO,ES,Combined TRACON& Tower with Radar,401,51,49,0,501,0,0,24,0,24,401,51,73,0,525,0,0,0,525
11/04/2015,TPA,FL,ASO,ES,Combined TRACON& Tower with Radar,398,72,47,2,519,0,1,17,0,18,398,73,64,2,537,0,0,0,537
11/05/2015,TPA,FL,ASO,ES,Combined TRACON& Tower with Radar,403,61,58,0,522,0,0,22,0,22,403,61,80,0,544,0,0,0,544
11/06/2015,TPA,FL,ASO,ES,Combined TRACON& Tower with Radar,405,46,34,1,486,0,1,19,0,20,405,47,53,1,506,0,0,0,506
11/07/2015,TPA,FL,ASO,ES,Combined TRACON& Tower with Radar,369,25,20,2,416,1,0,15,0,16,370,25,35,2,432,0,0,0,432
11/08/2015,TPA,FL,ASO,ES,Combined TRACON& Tower with Radar,387,44,66,1,498,0,0,12,0,12,387,44,78,1,510,0,0,0,510
11/09/2015,TPA,FL,ASO,ES,Combined TRACON& Tower with Radar,405,51,40,0,496,0,0,13,0,13,405,51,53,0,509,0,0,0,509
11/10/2015,TPA,FL,ASO,ES,Combined TRACON& Tower with Radar,403,46,57,0,506,0,1,21,0,22,403,47,78,0,528,0,0,0,528
11/11/2015,TPA,FL,ASO,ES,Combined TRACON& Tower with Radar,398,48,51,0,497,0,2,14,0,16,398,50,65,0,513,0,0,0,513
11/12/2015,TPA,FL,ASO,ES,Combined TRACON& Tower with Radar,417,64,51,0,532,0,1,33,0,34,417,65,84,0,566,0,0,0,566
11/13/2015,TPA,FL,ASO,ES,Combined TRACON& Tower with Radar,423,66,43,0,532,0,1,26,0,27,423,67,69,0,559,0,0,0,559
11/14/2015,TPA,FL,ASO,ES,Combined TRACON& Tower with Radar,380,26,26,0,432,0,0,14,0,14,380,26,40,0,446,0,0,0,446
11/15/2015,TPA,FL,ASO,ES,Combined TRACON& Tower with Radar,402,64,50,0,516,0,0,24,0,24,402,64,74,0,540,0,0,0,540
11/16/2015,TPA,FL,ASO,ES,Combined TRACON& Tower with Radar,415,57,45,1,518,0,3,20,0,23,415,60,65,1,541,0,0,0,541
11/17/2015,TPA,FL,ASO,ES,Combined TRACON& Tower with Radar,413,65,35,0,513,0,0,16,0,16,413,65,51,0,529,0,0,0,529
11/18/2015,TPA,FL,ASO,ES,Combined TRACON& Tower with Radar,423,56,42,0,521,0,0,16,0,16,423,56,58,0,537,0,0,0,537
11/19/2015,TPA,FL,ASO,ES,Combined TRACON& Tower with Radar,419,59,50,0,528,0,0,15,0,15,419,59,65,0,543,0,0,0,543
11/20/2015,TPA,FL,ASO,ES,Combined TRACON& Tower with Radar,431,46,53,2,532,0,0,16,1,17,431,46,69,3,549,0,0,0,549
11/21/2015,TPA,FL,ASO,ES,Combined TRACON& Tower with Radar,400,41,21,0,462,0,0,11,0,11,400,41,32,0,473,0,0,0,473
11/22/2015,TPA,FL,ASO,ES,Combined TRACON& Tower with Radar,406,31,41,3,481,0,0,7,0,7,406,31,48,3,488,0,0,0,488
11/23/2015,TPA,FL,ASO,ES,Combined TRACON& Tower with Radar,395,46,50,0,491,1,1,27,0,29,396,47,77,0,520,0,0,0,520
11/24/2015,TPA,FL,ASO,ES,Combined TRACON& Tower with Radar,446,62,48,0,556,0,0,25,0,25,446,62,73,0,581,0,0,0,581
11/25/2015,TPA,FL,ASO,ES,Combined TRACON& Tower with Radar,457,61,59,2,579,0,0,23,0,23,457,61,82,2,602,0,0,0,602
11/26/2015,TPA,FL,ASO,ES,Combined TRACON& Tower with Radar,307,23,10,0,340,0,0,10,0,10,307,23,20,0,350,0,0,0,350
11/27/2015,TPA,FL,ASO,ES,Combined TRACON& Tower with Radar,373,27,14,0,414,1,1,14,0,16,374,28,28,0,430,0,0,0,430
11/28/2015,TPA,FL,ASO,ES,Combined TRACON& Tower with Radar,455,36,21,0,512,0,0,12,0,12,455,36,33,0,524,0,0,0,524
11/29/2015,TPA,FL,ASO,ES,Combined TRACON& Tower with Radar,471,54,42,0,567,0,0,24,0,24,471,54,66,0,591,0,0,0,591
11/30/2015,TPA,FL,ASO,ES,Combined TRACON& Tower with Radar,458,40,40,0,538,0,0,8,0,8,458,40,48,0,546,0,0,0,546
12/01/2015,TPA,FL,ASO,ES,Combined TRACON& Tower with Radar,422,51,47,0,520,0,0,13,0,13,422,51,60,0,533,0,0,0,533
12/02/2015,TPA,FL,ASO,ES,Combined TRACON& Tower with Radar,414,61,41,1,517,0,0,12,1,13,414,61,53,2,530,0,0,0,530
12/03/2015,TPA,FL,ASO,ES,Combined TRACON& Tower with Radar,431,58,71,0,560,0,0,15,0,15,431,58,86,0,575,0,0,0,575
12/04/2015,TPA,FL,ASO,ES,Combined TRACON& Tower with Radar,415,60,35,4,514,1,0,20,0,21,416,60,55,4,535,0,0,0,535
12/05/2015,TPA,FL,ASO,ES,Combined TRACON& Tower with Radar,370,38,33,1,442,0,1,16,0,17,370,39,49,1,459,0,0,0,459
12/06/2015,TPA,FL,ASO,ES,Combined TRACON& Tower with Radar,400,52,44,1,497,0,0,29,1,30,400,52,73,2,527,0,0,0,527
12/07/2015,TPA,FL,ASO,ES,Combined TRACON& Tower with Radar,412,56,41,4,513,0,0,17,1,18,412,56,58,5,531,0,0,0,531
12/08/2015,TPA,FL,ASO,ES,Combined TRACON& Tower with Radar,411,50,47,2,510,0,0,18,0,18,411,50,65,2,528,0,0,0,528
12/09/2015,TPA,FL,ASO,ES,Combined TRACON& Tower with Radar,419,45,43,2,509,0,0,29,0,29,419,45,72,2,538,0,0,0,538
12/10/2015,TPA,FL,ASO,ES,Combined TRACON& Tower with Radar,422,54,58,1,535,0,0,26,1,27,422,54,84,2,562,0,0,0,562
12/11/2015,TPA,FL,ASO,ES,Combined TRACON& Tower with Radar,428,63,46,0,537,0,0,29,1,30,428,63,75,1,567,0,0,0,567
12/12/2015,TPA,FL,ASO,ES,Combined TRACON& Tower with Radar,362,30,23,0,415,0,3,13,0,16,362,33,36,0,431,0,0,0,431
12/13/2015,TPA,FL,ASO,ES,Combined TRACON& Tower with Radar,406,44,35,0,485,1,0,26,0,27,407,44,61,0,512,0,0,0,512
12/14/2015,TPA,FL,ASO,ES,Combined TRACON& Tower with Radar,414,52,38,0,504,0,1,9,0,10,414,53,47,0,514,0,0,0,514
12/15/2015,TPA,FL,ASO,ES,Combined TRACON& Tower with Radar,411,47,54,2,514,0,0,14,0,14,411,47,68,2,528,0,0,0,528
12/16/2015,TPA,FL,ASO,ES,Combined TRACON& Tower with Radar,423,57,42,5,527,0,0,22,0,22,423,57,64,5,549,0,0,0,549
12/17/2015,TPA,FL,ASO,ES,Combined TRACON& Tower with Radar,433,55,47,2,537,0,0,28,0,28,433,55,75,2,565,0,0,0,565
12/18/2015,TPA,FL,ASO,ES,Combined TRACON& Tower with Radar,448,61,36,2,547,0,0,1,0,1,448,61,37,2,548,0,0,0,548
12/19/2015,TPA,FL,ASO,ES,Combined TRACON& Tower with Radar,461,35,23,0,519,0,0,15,0,15,461,35,38,0,534,0,0,0,534
12/20/2015,TPA,FL,ASO,ES,Combined TRACON& Tower with Radar,460,42,43,0,545,0,1,12,0,13,460,43,55,0,558,0,0,0,558
12/21/2015,TPA,FL,ASO,ES,Combined TRACON& Tower with Radar,465,43,41,0,549,0,0,25,0,25,465,43,66,0,574,0,0,0,574
12/22/2015,TPA,FL,ASO,ES,Combined TRACON& Tower with Radar,459,48,33,1,541,0,0,24,0,24,459,48,57,1,565,0,0,0,565
12/23/2015,TPA,FL,ASO,ES,Combined TRACON& Tower with Radar,472,58,40,0,570,0,0,13,0,13,472,58,53,0,583,0,0,0,583
12/24/2015,TPA,FL,ASO,ES,Combined TRACON& Tower with Radar,412,29,16,0,457,0,0,11,0,11,412,29,27,0,468,0,0,0,468
12/25/2015,TPA,FL,ASO,ES,Combined TRACON& Tower with Radar,383,26,12,0,421,0,0,11,0,11,383,26,23,0,432,0,0,0,432
12/26/2015,TPA,FL,ASO,ES,Combined TRACON& Tower with Radar,469,33,37,0,539,0,1,14,2,17,469,34,51,2,556,0,0,0,556
12/27/2015,TPA,FL,ASO,ES,Combined TRACON& Tower with Radar,468,41,37,0,546,0,0,19,0,19,468,41,56,0,565,0,0,0,565
12/28/2015,TPA,FL,ASO,ES,Combined TRACON& Tower with Radar,442,38,48,2,530,1,1,22,2,26,443,39,70,4,556,0,0,0,556
12/29/2015,TPA,FL,ASO,ES,Combined TRACON& Tower with Radar,445,45,31,0,521,0,3,15,1,19,445,48,46,1,540,0,0,0,540
12/30/2015,TPA,FL,ASO,ES,Combined TRACON& Tower with Radar,456,49,43,1,549,0,1,27,0,28,456,50,70,1,577,0,0,0,577
12/31/2015,TPA,FL,ASO,ES,Combined TRACON& Tower with Radar,418,31,33,1,483,0,0,12,0,12,418,31,45,1,495,0,0,0,495
01/01/2016,TPA,FL,ASO,ES,Combined TRACON& Tower with Radar,408,49,77,1,535,0,0,15,1,16,408,49,92,2,551,0,0,0,551
01/02/2016,TPA,FL,ASO,ES,Combined TRACON& Tower with Radar,486,36,47,2,571,0,0,14,0,14,486,36,61,2,585,0,0,0,585
01/03/2016,TPA,FL,ASO,ES,Combined TRACON& Tower with Radar,488,52,49,0,589,1,0,1,0,2,489,52,50,0,591,0,0,0,591
01/04/2016,TPA,FL,ASO,ES,Combined TRACON& Tower with Radar,456,60,41,1,558,0,2,21,0,23,456,62,62,1,581,0,0,0,581
01/05/2016,TPA,FL,ASO,ES,Combined TRACON& Tower with Radar,425,58,47,4,534,0,0,30,0,30,425,58,77,4,564,0,0,0,564
01/06/2016,TPA,FL,ASO,ES,Combined TRACON& Tower with Radar,416,45,46,4,511,0,0,18,0,18,416,45,64,4,529,0,0,0,529
01/07/2016,TPA,FL,ASO,ES,Combined TRACON& Tower with Radar,435,53,45,4,537,0,0,16,0,16,435,53,61,4,553,0,0,0,553
01/08/2016,TPA,FL,ASO,ES,Combined TRACON& Tower with Radar,430,57,26,3,516,0,1,19,0,20,430,58,45,3,536,0,0,0,536
01/09/2016,TPA,FL,ASO,ES,Combined TRACON& Tower with Radar,411,42,33,0,486,0,0,6,0,6,411,42,39,0,492,0,0,0,492
01/10/2016,TPA,FL,ASO,ES,Combined TRACON& Tower with Radar,404,32,31,6,473,0,0,10,0,10,404,32,41,6,483,0,0,0,483
01/11/2016,TPA,FL,ASO,ES,Combined TRACON& Tower with Radar,418,59,41,7,525,0,5,36,0,41,418,64,77,7,566,0,0,0,566
01/12/2016,TPA,FL,ASO,ES,Combined TRACON& Tower with Radar,410,49,45,5,509,0,0,28,0,28,410,49,73,5,537,0,0,0,537
01/13/2016,TPA,FL,ASO,ES,Combined TRACON& Tower with Radar,414,49,55,4,522,0,0,31,1,32,414,49,86,5,554,0,0,0,554
01/14/2016,TPA,FL,ASO,ES,Combined TRACON& Tower with Radar,431,58,55,4,548,0,0,44,4,48,431,58,99,8,596,0,0,0,596
01/15/2016,TPA,FL,ASO,ES,Combined TRACON& Tower with Radar,469,58,40,3,570,1,1,12,2,16,470,59,52,5,586,0,0,0,586
01/16/2016,TPA,FL,ASO,ES,Combined TRACON& Tower with Radar,447,30,26,2,505,0,0,23,0,23,447,30,49,2,528,0,0,0,528
01/17/2016,TPA,FL,ASO,ES,Combined TRACON& Tower with Radar,394,33,23,2,452,0,0,11,0,11,394,33,34,2,463,0,0,0,463
01/18/2016,TPA,FL,ASO,ES,Combined TRACON& Tower with Radar,421,64,43,2,530,1,0,36,3,40,422,64,79,5,570,0,0,0,570
01/19/2016,TPA,FL,ASO,ES,Combined TRACON& Tower with Radar,410,52,65,0,527,0,0,26,0,26,410,52,91,0,553,0,0,0,553
01/20/2016,TPA,FL,ASO,ES,Combined TRACON& Tower with Radar,406,61,58,1,526,0,2,31,0,33,406,63,89,1,559,0,0,0,559
01/21/2016,TPA,FL,ASO,ES,Combined TRACON& Tower with Radar,421,60,83,2,566,0,6,29,1,36,421,66,112,3,602,0,0,0,602
01/22/2016,TPA,FL,ASO,ES,Combined TRACON& Tower with Radar,378,54,44,3,479,1,0,9,2,12,379,54,53,5,491,0,0,0,491
01/23/2016,TPA,FL,ASO,ES,Combined TRACON& Tower with Radar,312,31,21,0,364,0,0,16,0,16,312,31,37,0,380,0,0,0,380
01/24/2016,TPA,FL,ASO,ES,Combined TRACON& Tower with Radar,346,33,40,3,422,0,0,15,2,17,346,33,55,5,439,0,0,0,439
01/25/2016,TPA,FL,ASO,ES,Combined TRACON& Tower with Radar,401,57,35,0,493,1,1,32,0,34,402,58,67,0,527,0,0,0,527
01/26/2016,TPA,FL,ASO,ES,Combined TRACON& Tower with Radar,407,52,43,4,506,0,0,26,0,26,407,52,69,4,532,0,0,0,532
01/27/2016,TPA,FL,ASO,ES,Combined TRACON& Tower with Radar,411,51,47,1,510,0,0,0,0,0,411,51,47,1,510,0,0,0,510
01/28/2016,TPA,FL,ASO,ES,Combined TRACON& Tower with Radar,429,73,43,2,547,0,0,4,0,4,429,73,47,2,551,0,0,0,551
01/29/2016,TPA,FL,ASO,ES,Combined TRACON& Tower with Radar,436,63,52,2,553,0,3,44,4,51,436,66,96,6,604,0,0,0,604
01/30/2016,TPA,FL,ASO,ES,Combined TRACON& Tower with Radar,410,23,22,0,455,0,0,30,0,30,410,23,52,0,485,0,0,0,485
01/31/2016,TPA,FL,ASO,ES,Combined TRACON& Tower with Radar,402,37,43,0,482,0,1,21,4,26,402,38,64,4,508,0,0,0,508
02/01/2016,TPA,FL,ASO,ES,Combined TRACON& Tower with Radar,420,55,43,5,523,0,1,20,0,21,420,56,63,5,544,0,0,0,544
02/02/2016,TPA,FL,ASO,ES,Combined TRACON& Tower with Radar,407,56,55,3,521,0,1,7,0,8,407,57,62,3,529,0,0,0,529
02/03/2016,TPA,FL,ASO,ES,Combined TRACON& Tower with Radar,403,45,42,1,491,0,0,18,1,19,403,45,60,2,510,0,0,0,510
02/04/2016,TPA,FL,ASO,ES,Combined TRACON& Tower with Radar,441,50,60,0,551,0,0,8,0,8,441,50,68,0,559,0,0,0,559
02/05/2016,TPA,FL,ASO,ES,Combined TRACON& Tower with Radar,428,61,57,7,553,0,0,19,0,19,428,61,76,7,572,0,0,0,572
02/06/2016,TPA,FL,ASO,ES,Combined TRACON& Tower with Radar,410,35,32,0,477,0,0,14,0,14,410,35,46,0,491,0,0,0,491
02/07/2016,TPA,FL,ASO,ES,Combined TRACON& Tower with Radar,383,25,19,1,428,0,0,8,0,8,383,25,27,1,436,0,0,0,436
02/08/2016,TPA,FL,ASO,ES,Combined TRACON& Tower with Radar,404,42,46,2,494,0,0,17,0,17,404,42,63,2,511,0,0,0,511
02/09/2016,TPA,FL,ASO,ES,Combined TRACON& Tower with Radar,408,48,57,0,513,0,0,24,0,24,408,48,81,0,537,0,0,0,537
02/10/2016,TPA,FL,ASO,ES,Combined TRACON& Tower with Radar,413,48,61,2,524,0,0,26,2,28,413,48,87,4,552,0,0,0,552
02/11/2016,TPA,FL,ASO,ES,Combined TRACON& Tower with Radar,450,51,51,1,553,0,2,20,0,22,450,53,71,1,575,0,0,0,575
02/12/2016,TPA,FL,ASO,ES,Combined TRACON& Tower with Radar,441,57,62,0,560,1,2,36,0,39,442,59,98,0,599,0,0,0,599
02/13/2016,TPA,FL,ASO,ES,Combined TRACON& Tower with Radar,417,34,32,3,486,0,1,18,0,19,417,35,50,3,505,0,0,0,505
02/14/2016,TPA,FL,ASO,ES,Combined TRACON& Tower with Radar,405,38,41,2,486,0,0,18,0,18,405,38,59,2,504,0,0,0,504
02/15/2016,TPA,FL,ASO,ES,Combined TRACON& Tower with Radar,427,66,44,2,539,0,1,25,0,26,427,67,69,2,565,0,0,0,565
02/16/2016,TPA,FL,ASO,ES,Combined TRACON& Tower with Radar,427,51,50,2,530,0,0,24,0,24,427,51,74,2,554,0,0,0,554
02/17/2016,TPA,FL,ASO,ES,Combined TRACON& Tower with Radar,443,57,56,1,557,0,0,30,0,30,443,57,86,1,587,0,0,0,587
02/18/2016,TPA,FL,ASO,ES,Combined TRACON& Tower with Radar,443,53,57,2,555,0,0,33,0,33,443,53,90,2,588,0,0,0,588
02/19/2016,TPA,FL,ASO,ES,Combined TRACON& Tower with Radar,451,52,32,2,537,0,1,32,3,36,451,53,64,5,573,0,0,0,573
02/20/2016,TPA,FL,ASO,ES,Combined TRACON& Tower with Radar,426,26,35,0,487,0,0,30,0,30,426,26,65,0,517,0,0,0,517
02/21/2016,TPA,FL,ASO,ES,Combined TRACON& Tower with Radar,438,43,30,1,512,0,0,27,2,29,438,43,57,3,541,0,0,0,541
02/22/2016,TPA,FL,ASO,ES,Combined TRACON& Tower with Radar,438,53,47,0,538,0,0,35,1,36,438,53,82,1,574,0,0,0,574
02/23/2016,TPA,FL,ASO,ES,Combined TRACON& Tower with Radar,437,50,48,1,536,0,0,15,0,15,437,50,63,1,551,0,0,0,551
02/24/2016,TPA,FL,ASO,ES,Combined TRACON& Tower with Radar,402,46,47,0,495,1,1,12,0,14,403,47,59,0,509,0,0,0,509
02/25/2016,TPA,FL,ASO,ES,Combined TRACON& Tower with Radar,453,52,55,0,560,0,1,40,0,41,453,53,95,0,601,0,0,0,601
02/26/2016,TPA,FL,ASO,ES,Combined TRACON& Tower with Radar,450,47,53,5,555,0,0,34,0,34,450,47,87,5,589,0,0,0,589
02/27/2016,TPA,FL,ASO,ES,Combined TRACON& Tower with Radar,425,27,35,5,492,0,0,16,0,16,425,27,51,5,508,0,0,0,508
02/28/2016,TPA,FL,ASO,ES,Combined TRACON& Tower with Radar,428,30,36,3,497,1,1,19,0,21,429,31,55,3,518,7,0,7,525
02/29/2016,TPA,FL,ASO,ES,Combined TRACON& Tower with Radar,442,50,45,0,537,0,2,27,0,29,442,52,72,0,566,0,0,0,566
03/01/2016,TPA,FL,ASO,ES,Combined TRACON& Tower with Radar,423,46,42,2,513,0,5,24,0,29,423,51,66,2,542,0,0,0,542
03/02/2016,TPA,FL,ASO,ES,Combined TRACON& Tower with Radar,448,48,44,0,540,0,1,44,0,45,448,49,88,0,585,0,0,0,585
03/03/2016,TPA,FL,ASO,ES,Combined TRACON& Tower with Radar,452,65,59,2,578,0,0,39,0,39,452,65,98,2,617,0,0,0,617
03/04/2016,TPA,FL,ASO,ES,Combined TRACON& Tower with Radar,465,61,46,3,575,0,0,17,0,17,465,61,63,3,592,0,0,0,592
03/05/2016,TPA,FL,ASO,ES,Combined TRACON& Tower with Radar,454,37,14,4,509,0,0,17,0,17,454,37,31,4,526,0,0,0,526
03/06/2016,TPA,FL,ASO,ES,Combined TRACON& Tower with Radar,446,62,31,6,545,1,1,24,0,26,447,63,55,6,571,0,0,0,571
03/07/2016,TPA,FL,ASO,ES,Combined TRACON& Tower with Radar,452,62,48,6,568,0,2,16,0,18,452,64,64,6,586,0,0,0,586
03/08/2016,TPA,FL,ASO,ES,Combined TRACON& Tower with Radar,438,70,44,3,555,0,0,26,1,27,438,70,70,4,582,0,0,0,582
03/09/2016,TPA,FL,ASO,ES,Combined TRACON& Tower with Radar,445,65,42,8,560,0,0,22,0,22,445,65,64,8,582,0,0,0,582
03/10/2016,TPA,FL,ASO,ES,Combined TRACON& Tower with Radar,485,68,70,2,625,0,0,25,0,25,485,68,95,2,650,0,0,0,650
03/11/2016,TPA,FL,ASO,ES,Combined TRACON& Tower with Radar,488,64,66,0,618,0,0,20,0,20,488,64,86,0,638,0,0,0,638
03/12/2016,TPA,FL,ASO,ES,Combined TRACON& Tower with Radar,524,42,38,0,604,0,0,12,0,12,524,42,50,0,616,0,0,0,616
03/13/2016,TPA,FL,ASO,ES,Combined TRACON& Tower with Radar,466,71,49,2,588,1,0,7,0,8,467,71,56,2,596,0,0,0,596
03/14/2016,TPA,FL,ASO,ES,Combined TRACON& Tower with Radar,478,56,43,0,577,0,0,19,0,19,478,56,62,0,596,0,0,0,596
03/15/2016,TPA,FL,ASO,ES,Combined TRACON& Tower with Radar,479,63,53,0,595,0,0,10,0,10,479,63,63,0,605,36,0,36,641
03/16/2016,TPA,FL,ASO,ES,Combined TRACON& Tower with Radar,489,65,63,2,619,0,0,22,0,22,489,65,85,2,641,0,0,0,641
03/17/2016,TPA,FL,ASO,ES,Combined TRACON& Tower with Radar,486,57,46,4,593,0,1,26,0,27,486,58,72,4,620,0,0,0,620
03/18/2016,TPA,FL,ASO,ES,Combined TRACON& Tower with Radar,487,51,69,0,607,0,0,64,1,65,487,51,133,1,672,0,0,0,672
03/19/2016,TPA,FL,ASO,ES,Combined TRACON& Tower with Radar,525,39,26,2,592,1,0,11,1,13,526,39,37,3,605,0,0,0,605
03/20/2016,TPA,FL,ASO,ES,Combined TRACON& Tower with Radar,490,46,48,3,587,1,0,14,0,15,491,46,62,3,602,0,0,0,602
03/21/2016,TPA,FL,ASO,ES,Combined TRACON& Tower with Radar,482,44,45,5,576,0,0,27,0,27,482,44,72,5,603,0,0,0,603
03/22/2016,TPA,FL,ASO,ES,Combined TRACON& Tower with Radar,481,50,35,2,568,0,0,45,0,45,481,50,80,2,613,0,0,0,613
03/23/2016,TPA,FL,ASO,ES,Combined TRACON& Tower with Radar,480,53,43,1,577,0,1,16,0,17,480,54,59,1,594,0,0,0,594
03/24/2016,TPA,FL,ASO,ES,Combined TRACON& Tower with Radar,508,70,51,0,629,0,1,23,0,24,508,71,74,0,653,0,0,0,653
03/25/2016,TPA,FL,ASO,ES,Combined TRACON& Tower with Radar,507,66,33,1,607,0,0,7,0,7,507,66,40,1,614,0,0,0,614
03/26/2016,TPA,FL,ASO,ES,Combined TRACON& Tower with Radar,522,37,22,0,581,0,1,12,0,13,522,38,34,0,594,0,0,0,594
03/27/2016,TPA,FL,ASO,ES,Combined TRACON& Tower with Radar,501,42,24,0,567,0,0,11,0,11,501,42,35,0,578,0,0,0,578
03/28/2016,TPA,FL,ASO,ES,Combined TRACON& Tower with Radar,483,59,79,2,623,0,0,16,0,16,483,59,95,2,639,0,0,0,639
03/29/2016,TPA,FL,ASO,ES,Combined TRACON& Tower with Radar,482,56,43,0,581,0,0,4,0,4,482,56,47,0,585,0,0,0,585
03/30/2016,TPA,FL,ASO,ES,Combined TRACON& Tower with Radar,492,51,52,0,595,0,1,30,0,31,492,52,82,0,626,0,0,0,626
03/31/2016,TPA,FL,ASO,ES,Combined TRACON& Tower with Radar,498,70,50,2,620,0,0,14,0,14,498,70,64,2,634,0,0,0,634
04/01/2016,TPA,FL,ASO,ES,Combined TRACON& Tower with Radar,480,50,60,0,590,0,0,17,0,17,480,50,77,0,607,0,0,0,607
04/02/2016,TPA,FL,ASO,ES,Combined TRACON& Tower with Radar,475,53,34,0,562,0,1,12,0,13,475,54,46,0,575,0,0,0,575
04/03/2016,TPA,FL,ASO,ES,Combined TRACON& Tower with Radar,491,49,50,0,590,1,0,21,0,22,492,49,71,0,612,0,0,0,612
04/04/2016,TPA,FL,ASO,ES,Combined TRACON& Tower with Radar,479,44,38,0,561,0,0,24,0,24,479,44,62,0,585,0,0,0,585
04/05/2016,TPA,FL,ASO,ES,Combined TRACON& Tower with Radar,472,57,64,0,593,0,0,28,0,28,472,57,92,0,621,0,0,0,621
04/06/2016,TPA,FL,ASO,ES,Combined TRACON& Tower with Radar,465,71,66,0,602,0,0,35,0,35,465,71,101,0,637,0,0,0,637
04/07/2016,TPA,FL,ASO,ES,Combined TRACON& Tower with Radar,474,79,87,0,640,1,0,29,0,30,475,79,116,0,670,0,0,0,670
04/08/2016,TPA,FL,ASO,ES,Combined TRACON& Tower with Radar,478,64,66,5,613,1,0,34,5,40,479,64,100,10,653,0,0,0,653
04/09/2016,TPA,FL,ASO,ES,Combined TRACON& Tower with Radar,500,44,35,1,580,0,0,16,0,16,500,44,51,1,596,0,0,0,596
04/10/2016,TPA,FL,ASO,ES,Combined TRACON& Tower with Radar,476,65,65,0,606,1,1,16,1,19,477,66,81,1,625,0,0,0,625
04/11/2016,TPA,FL,ASO,ES,Combined TRACON& Tower with Radar,462,66,58,2,588,0,0,20,0,20,462,66,78,2,608,0,0,0,608
04/12/2016,TPA,FL,ASO,ES,Combined TRACON& Tower with Radar,442,45,56,0,543,0,0,14,2,16,442,45,70,2,559,0,0,0,559
04/13/2016,TPA,FL,ASO,ES,Combined TRACON& Tower with Radar,426,59,48,2,535,0,0,17,0,17,426,59,65,2,552,0,0,0,552
04/14/2016,TPA,FL,ASO,ES,Combined TRACON& Tower with Radar,425,51,42,0,518,0,0,25,0,25,425,51,67,0,543,0,0,0,543
04/15/2016,TPA,FL,ASO,ES,Combined TRACON& Tower with Radar,429,61,43,2,535,0,0,17,1,18,429,61,60,3,553,0,0,0,553
04/16/2016,TPA,FL,ASO,ES,Combined TRACON& Tower with Radar,395,35,37,0,467,0,0,18,0,18,395,35,55,0,485,0,0,0,485
04/17/2016,TPA,FL,ASO,ES,Combined TRACON& Tower with Radar,403,45,51,1,500,1,0,13,0,14,404,45,64,1,514,0,0,0,514
04/18/2016,TPA,FL,ASO,ES,Combined TRACON& Tower with Radar,406,58,35,0,499,0,0,35,0,35,406,58,70,0,534,0,0,0,534
04/19/2016,TPA,FL,ASO,ES,Combined TRACON& Tower with Radar,422,65,35,0,522,0,0,22,0,22,422,65,57,0,544,0,0,0,544
04/20/2016,TPA,FL,ASO,ES,Combined TRACON& Tower with Radar,408,63,70,0,541,0,0,22,0,22,408,63,92,0,563,0,0,0,563
04/21/2016,TPA,FL,ASO,ES,Combined TRACON& Tower with Radar,418,60,66,0,544,0,4,34,0,38,418,64,100,0,582,0,0,0,582
04/22/2016,TPA,FL,ASO,ES,Combined TRACON& Tower with Radar,428,54,31,0,513,1,0,24,0,25,429,54,55,0,538,0,0,0,538
04/23/2016,TPA,FL,ASO,ES,Combined TRACON& Tower with Radar,391,38,20,0,449,0,1,26,0,27,391,39,46,0,476,0,0,0,476
04/24/2016,TPA,FL,ASO,ES,Combined TRACON& Tower with Radar,403,50,27,0,480,0,0,17,0,17,403,50,44,0,497,0,0,0,497
04/25/2016,TPA,FL,ASO,ES,Combined TRACON& Tower with Radar,424,47,53,7,531,0,1,22,0,23,424,48,75,7,554,0,0,0,554
04/26/2016,TPA,FL,ASO,ES,Combined TRACON& Tower with Radar,417,66,70,1,554,0,0,18,3,21,417,66,88,4,575,0,0,0,575
04/27/2016,TPA,FL,ASO,ES,Combined TRACON& Tower with Radar,414,65,47,4,530,1,0,14,1,16,415,65,61,5,546,0,0,0,546
04/28/2016,TPA,FL,ASO,ES,Combined TRACON& Tower with Radar,446,70,67,0,583,0,0,21,0,21,446,70,88,0,604,0,0,0,604
04/29/2016,TPA,FL,ASO,ES,Combined TRACON& Tower with Radar,423,60,43,4,530,1,0,15,1,17,424,60,58,5,547,0,0,0,547
04/30/2016,TPA,FL,ASO,ES,Combined TRACON& Tower with Radar,393,47,32,0,472,0,0,19,1,20,393,47,51,1,492,0,0,0,492
05/01/2016,TPA,FL,ASO,ES,Combined TRACON& Tower with Radar,397,54,41,3,495,1,1,15,2,19,398,55,56,5,514,0,0,0,514
05/02/2016,TPA,FL,ASO,ES,Combined TRACON& Tower with Radar,424,61,43,2,530,0,0,17,0,17,424,61,60,2,547,0,0,0,547
05/03/2016,TPA,FL,ASO,ES,Combined TRACON& Tower with Radar,417,50,49,0,516,0,0,16,0,16,417,50,65,0,532,0,0,0,532
05/04/2016,TPA,FL,ASO,ES,Combined TRACON& Tower with Radar,411,43,32,0,486,1,1,3,0,5,412,44,35,0,491,0,0,0,491
05/05/2016,TPA,FL,ASO,ES,Combined TRACON& Tower with Radar,417,78,50,2,547,0,1,30,0,31,417,79,80,2,578,0,0,0,578
05/06/2016,TPA,FL,ASO,ES,Combined TRACON& Tower with Radar,414,60,40,2,516,1,0,9,0,10,415,60,49,2,526,0,0,0,526
05/07/2016,TPA,FL,ASO,ES,Combined TRACON& Tower with Radar,371,39,21,0,431,0,1,12,0,13,371,40,33,0,444,0,0,0,444
05/08/2016,TPA,FL,ASO,ES,Combined TRACON& Tower with Radar,383,62,40,1,486,1,0,25,1,27,384,62,65,2,513,0,0,0,513
05/09/2016,TPA,FL,ASO,ES,Combined TRACON& Tower with Radar,401,55,39,3,498,0,2,19,0,21,401,57,58,3,519,0,0,0,519
05/10/2016,TPA,FL,ASO,ES,Combined TRACON& Tower with Radar,408,55,61,2,526,0,0,26,0,26,408,55,87,2,552,0,0,0,552
05/11/2016,TPA,FL,ASO,ES,Combined TRACON& Tower with Radar,407,57,46,2,512,0,0,24,0,24,407,57,70,2,536,0,0,0,536
05/12/2016,TPA,FL,ASO,ES,Combined TRACON& Tower with Radar,405,55,50,1,511,0,4,28,0,32,405,59,78,1,543,0,0,0,543
05/13/2016,TPA,FL,ASO,ES,Combined TRACON& Tower with Radar,409,55,41,0,505,0,0,20,0,20,409,55,61,0,525,0,0,0,525
05/14/2016,TPA,FL,ASO,ES,Combined TRACON& Tower with Radar,361,38,23,0,422,0,0,16,0,16,361,38,39,0,438,0,0,0,438
05/15/2016,TPA,FL,ASO,ES,Combined TRACON& Tower with Radar,393,48,28,0,469,0,1,24,0,25,393,49,52,0,494,0,0,0,494
05/16/2016,TPA,FL,ASO,ES,Combined TRACON& Tower with Radar,399,57,30,0,486,0,4,17,1,22,399,61,47,1,508,0,0,0,508
05/17/2016,TPA,FL,ASO,ES,Combined TRACON& Tower with Radar,399,59,29,0,487,0,0,9,0,9,399,59,38,0,496,0,0,0,496
05/18/2016,TPA,FL,ASO,ES,Combined TRACON& Tower with Radar,407,56,66,0,529,0,0,20,0,20,407,56,86,0,549,0,0,0,549
05/19/2016,TPA,FL,ASO,ES,Combined TRACON& Tower with Radar,407,62,53,0,522,0,0,21,0,21,407,62,74,0,543,0,0,0,543
05/20/2016,TPA,FL,ASO,ES,Combined TRACON& Tower with Radar,418,41,38,1,498,1,0,21,0,22,419,41,59,1,520,0,0,0,520
05/21/2016,TPA,FL,ASO,ES,Combined TRACON& Tower with Radar,376,36,15,0,427,0,4,14,0,18,376,40,29,0,445,0,0,0,445
05/22/2016,TPA,FL,ASO,ES,Combined TRACON& Tower with Radar,393,48,38,0,479,0,2,21,0,23,393,50,59,0,502,0,0,0,502
05/23/2016,TPA,FL,ASO,ES,Combined TRACON& Tower with Radar,409,46,39,0,494,0,0,28,0,28,409,46,67,0,522,0,0,0,522
05/24/2016,TPA,FL,ASO,ES,Combined TRACON& Tower with Radar,412,50,67,1,530,0,0,28,0,28,412,50,95,1,558,0,0,0,558
05/25/2016,TPA,FL,ASO,ES,Combined TRACON& Tower with Radar,398,50,48,2,498,1,5,33,0,39,399,55,81,2,537,0,0,0,537
05/26/2016,TPA,FL,ASO,ES,Combined TRACON& Tower with Radar,409,61,55,2,527,0,2,20,0,22,409,63,75,2,549,0,0,0,549
05/27/2016,TPA,FL,ASO,ES,Combined TRACON& Tower with Radar,411,69,42,5,527,0,2,26,0,28,411,71,68,5,555,0,0,0,555
05/28/2016,TPA,FL,ASO,ES,Combined TRACON& Tower with Radar,372,35,15,0,422,0,0,13,0,13,372,35,28,0,435,0,0,0,435
05/29/2016,TPA,FL,ASO,ES,Combined TRACON& Tower with Radar,344,34,12,0,390,1,1,11,0,13,345,35,23,0,403,0,0,0,403
05/30/2016,TPA,FL,ASO,ES,Combined TRACON& Tower with Radar,377,43,25,0,445,0,0,11,0,11,377,43,36,0,456,0,0,0,456
05/31/2016,TPA,FL,ASO,ES,Combined TRACON& Tower with Radar,398,52,29,0,479,0,1,30,2,33,398,53,59,2,512,0,0,0,512
06/01/2016,TPA,FL,ASO,ES,Combined TRACON& Tower with Radar,416,54,36,0,506,0,0,16,0,16,416,54,52,0,522,0,0,0,522
06/02/2016,TPA,FL,ASO,ES,Combined TRACON& Tower with Radar,396,62,47,0,505,0,0,31,0,31,396,62,78,0,536,0,0,0,536
06/03/2016,TPA,FL,ASO,ES,Combined TRACON& Tower with Radar,402,58,31,1,492,1,0,16,0,17,403,58,47,1,509,0,0,0,509
06/04/2016,TPA,FL,ASO,ES,Combined TRACON& Tower with Radar,384,34,23,0,441,0,1,24,0,25,384,35,47,0,466,0,0,0,466
06/05/2016,TPA,FL,ASO,ES,Combined TRACON& Tower with Radar,368,46,32,0,446,0,0,14,0,14,368,46,46,0,460,19,0,19,479
06/06/2016,TPA,FL,ASO,ES,Combined TRACON& Tower with Radar,406,29,18,2,455,0,0,1,0,1,406,29,19,2,456,0,0,0,456
06/07/2016,TPA,FL,ASO,ES,Combined TRACON& Tower with Radar,391,46,27,0,464,0,0,7,0,7,391,46,34,0,471,0,0,0,471
06/08/2016,TPA,FL,ASO,ES,Combined TRACON& Tower with Radar,397,52,54,0,503,0,0,32,0,32,397,52,86,0,535,0,0,0,535
06/09/2016,TPA,FL,ASO,ES,Combined TRACON& Tower with Radar,399,61,60,0,520,0,1,18,0,19,399,62,78,0,539,0,0,0,539
06/10/2016,TPA,FL,ASO,ES,Combined TRACON& Tower with Radar,416,55,52,0,523,0,0,14,0,14,416,55,66,0,537,0,0,0,537
06/11/2016,TPA,FL,ASO,ES,Combined TRACON& Tower with Radar,418,40,26,0,484,0,0,15,0,15,418,40,41,0,499,10,0,10,509
06/12/2016,TPA,FL,ASO,ES,Combined TRACON& Tower with Radar,378,51,59,0,488,1,0,13,0,14,379,51,72,0,502,0,0,0,502
06/13/2016,TPA,FL,ASO,ES,Combined TRACON& Tower with Radar,403,53,45,0,501,0,0,17,0,17,403,53,62,0,518,0,0,0,518
06/14/2016,TPA,FL,ASO,ES,Combined TRACON& Tower with Radar,401,51,48,2,502,0,2,18,0,20,401,53,66,2,522,0,0,0,522
06/15/2016,TPA,FL,ASO,ES,Combined TRACON& Tower with Radar,401,54,48,1,504,0,3,27,0,30,401,57,75,1,534,0,0,0,534
06/16/2016,TPA,FL,ASO,ES,Combined TRACON& Tower with Radar,398,75,47,0,520,0,1,29,2,32,398,76,76,2,552,0,0,0,552
06/17/2016,TPA,FL,ASO,ES,Combined TRACON& Tower with Radar,405,44,36,1,486,0,0,23,0,23,405,44,59,1,509,0,0,0,509
06/18/2016,TPA,FL,ASO,ES,Combined TRACON& Tower with Radar,438,46,19,0,503,0,0,19,0,19,438,46,38,0,522,0,0,0,522
06/19/2016,TPA,FL,ASO,ES,Combined TRACON& Tower with Radar,386,54,27,0,467,1,0,16,0,17,387,54,43,0,484,0,0,0,484
06/20/2016,TPA,FL,ASO,ES,Combined TRACON& Tower with Radar,398,54,25,0,477,0,2,15,0,17,398,56,40,0,494,0,0,0,494
06/21/2016,TPA,FL,ASO,ES,Combined TRACON& Tower with Radar,393,55,45,2,495,0,0,26,0,26,393,55,71,2,521,0,0,0,521
06/22/2016,TPA,FL,ASO,ES,Combined TRACON& Tower with Radar,398,49,38,2,487,0,0,23,0,23,398,49,61,2,510,0,0,0,510
06/23/2016,TPA,FL,ASO,ES,Combined TRACON& Tower with Radar,389,53,36,0,478,0,1,24,0,25,389,54,60,0,503,0,0,0,503
06/24/2016,TPA,FL,ASO,ES,Combined TRACON& Tower with Radar,409,58,23,0,490,0,0,38,0,38,409,58,61,0,528,0,0,0,528
06/25/2016,TPA,FL,ASO,ES,Combined TRACON& Tower with Radar,423,30,20,0,473,0,1,19,0,20,423,31,39,0,493,0,0,0,493
06/26/2016,TPA,FL,ASO,ES,Combined TRACON& Tower with Radar,380,36,25,0,441,1,0,27,0,28,381,36,52,0,469,0,0,0,469
06/27/2016,TPA,FL,ASO,ES,Combined TRACON& Tower with Radar,398,46,34,2,480,0,1,35,0,36,398,47,69,2,516,0,0,0,516
06/28/2016,TPA,FL,ASO,ES,Combined TRACON& Tower with Radar,385,52,34,3,474,0,1,14,1,16,385,53,48,4,490,40,0,40,530
06/29/2016,TPA,FL,ASO,ES,Combined TRACON& Tower with Radar,400,54,64,2,520,1,0,27,0,28,401,54,91,2,548,0,0,0,548
06/30/2016,TPA,FL,ASO,ES,Combined TRACON& Tower with Radar,407,61,27,0,495,0,0,17,0,17,407,61,44,0,512,0,0,0,512
07/01/2016,TPA,FL,ASO,ES,Combined TRACON& Tower with Radar,388,53,36,0,477,0,1,28,0,29,388,54,64,0,506,0,0,0,506
07/02/2016,TPA,FL,ASO,ES,Combined TRACON& Tower with Radar,435,36,18,0,489,0,0,13,0,13,435,36,31,0,502,0,0,0,502
07/03/2016,TPA,FL,ASO,ES,Combined TRACON& Tower with Radar,343,37,14,0,394,0,0,13,0,13,343,37,27,0,407,0,0,0,407
07/04/2016,TPA,FL,ASO,ES,Combined TRACON& Tower with Radar,362,36,15,0,413,1,0,8,0,9,363,36,23,0,422,0,0,0,422
07/05/2016,TPA,FL,ASO,ES,Combined TRACON& Tower with Radar,375,52,33,0,460,0,0,17,0,17,375,52,50,0,477,0,0,0,477
07/06/2016,TPA,FL,ASO,ES,Combined TRACON& Tower with Radar,396,57,37,0,490,0,2,30,0,32,396,59,67,0,522,0,0,0,522
07/07/2016,TPA,FL,ASO,ES,Combined TRACON& Tower with Radar,399,58,55,0,512,0,0,33,0,33,399,58,88,0,545,0,0,0,545
07/08/2016,TPA,FL,ASO,ES,Combined TRACON& Tower with Radar,395,47,26,0,468,0,0,19,0,19,395,47,45,0,487,0,0,0,487
07/09/2016,TPA,FL,ASO,ES,Combined TRACON& Tower with Radar,424,34,21,0,479,0,1,16,0,17,424,35,37,0,496,0,0,0,496
07/10/2016,TPA,FL,ASO,ES,Combined TRACON& Tower with Radar,372,45,22,0,439,0,0,16,0,16,372,45,38,0,455,0,0,0,455
07/11/2016,TPA,FL,ASO,ES,Combined TRACON& Tower with Radar,410,51,40,0,501,0,3,32,0,35,410,54,72,0,536,0,0,0,536
07/12/2016,TPA,FL,ASO,ES,Combined TRACON& Tower with Radar,395,57,31,0,483,0,1,24,0,25,395,58,55,0,508,0,0,0,508
07/13/2016,TPA,FL,ASO,ES,Combined TRACON& Tower with Radar,400,47,41,0,488,0,3,16,0,19,400,50,57,0,507,0,0,0,507
07/14/2016,TPA,FL,ASO,ES,Combined TRACON& Tower with Radar,398,55,44,0,497,0,0,20,0,20,398,55,64,0,517,0,0,0,517
07/15/2016,TPA,FL,ASO,ES,Combined TRACON& Tower with Radar,404,50,28,0,482,1,0,26,2,29,405,50,54,2,511,0,0,0,511
07/16/2016,TPA,FL,ASO,ES,Combined TRACON& Tower with Radar,414,34,13,0,461,0,0,13,0,13,414,34,26,0,474,0,0,0,474
07/17/2016,TPA,FL,ASO,ES,Combined TRACON& Tower with Radar,381,42,28,0,451,0,0,14,0,14,381,42,42,0,465,10,0,10,475
07/18/2016,TPA,FL,ASO,ES,Combined TRACON& Tower with Radar,390,59,30,0,479,0,2,16,0,18,390,61,46,0,497,0,0,0,497
07/19/2016,TPA,FL,ASO,ES,Combined TRACON& Tower with Radar,399,55,33,0,487,0,2,24,0,26,399,57,57,0,513,0,0,0,513
07/20/2016,TPA,FL,ASO,ES,Combined TRACON& Tower with Radar,368,54,43,0,465,1,2,21,2,26,369,56,64,2,491,0,0,0,491
07/21/2016,TPA,FL,ASO,ES,Combined TRACON& Tower with Radar,371,54,43,0,468,0,3,30,0,33,371,57,73,0,501,0,0,0,501
07/22/2016,TPA,FL,ASO,ES,Combined TRACON& Tower with Radar,376,53,49,0,478,0,1,20,0,21,376,54,69,0,499,0,0,0,499
07/23/2016,TPA,FL,ASO,ES,Combined TRACON& Tower with Radar,403,27,25,0,455,0,0,26,0,26,403,27,51,0,481,0,0,0,481
07/24/2016,TPA,FL,ASO,ES,Combined TRACON& Tower with Radar,373,50,37,0,460,0,0,26,0,26,373,50,63,0,486,0,0,0,486
07/25/2016,TPA,FL,ASO,ES,Combined TRACON& Tower with Radar,382,45,35,0,462,1,0,25,0,26,383,45,60,0,488,0,0,0,488
07/26/2016,TPA,FL,ASO,ES,Combined TRACON& Tower with Radar,400,52,47,0,499,0,0,32,0,32,400,52,79,0,531,0,0,0,531
07/27/2016,TPA,FL,ASO,ES,Combined TRACON& Tower with Radar,409,50,40,0,499,0,0,25,0,25,409,50,65,0,524,0,0,0,524
07/28/2016,TPA,FL,ASO,ES,Combined TRACON& Tower with Radar,370,49,52,0,471,0,0,20,0,20,370,49,72,0,491,0,0,0,491
07/29/2016,TPA,FL,ASO,ES,Combined TRACON& Tower with Radar,418,51,35,0,504,1,0,15,0,16,419,51,50,0,520,0,0,0,520
07/30/2016,TPA,FL,ASO,ES,Combined TRACON& Tower with Radar,397,32,19,0,448,0,0,13,0,13,397,32,32,0,461,0,0,0,461
07/31/2016,TPA,FL,ASO,ES,Combined TRACON& Tower with Radar,362,36,31,0,429,1,0,15,0,16,363,36,46,0,445,0,0,0,445
08/01/2016,TPA,FL,ASO,ES,Combined TRACON& Tower with Radar,398,54,35,0,487,0,3,17,0,20,398,57,52,0,507,0,0,0,507
08/02/2016,TPA,FL,ASO,ES,Combined TRACON& Tower with Radar,383,52,23,0,458,0,0,19,0,19,383,52,42,0,477,0,0,0,477
08/03/2016,TPA,FL,ASO,ES,Combined TRACON& Tower with Radar,413,63,46,0,522,1,0,18,0,19,414,63,64,0,541,0,0,0,541
08/04/2016,TPA,FL,ASO,ES,Combined TRACON& Tower with Radar,413,53,44,0,510,0,0,7,0,7,413,53,51,0,517,0,0,0,517
08/05/2016,TPA,FL,ASO,ES,Combined TRACON& Tower with Radar,403,57,40,0,500,0,2,25,0,27,403,59,65,0,527,0,0,0,527
08/06/2016,TPA,FL,ASO,ES,Combined TRACON& Tower with Radar,419,32,22,0,473,0,1,8,0,9,419,33,30,0,482,0,0,0,482
08/07/2016,TPA,FL,ASO,ES,Combined TRACON& Tower with Radar,364,46,21,2,433,0,0,7,0,7,364,46,28,2,440,0,0,0,440
08/08/2016,TPA,FL,ASO,ES,Combined TRACON& Tower with Radar,346,50,31,0,427,0,0,8,0,8,346,50,39,0,435,0,0,0,435
08/09/2016,TPA,FL,ASO,ES,Combined TRACON& Tower with Radar,351,51,31,0,433,0,0,7,0,7,351,51,38,0,440,0,0,0,440
08/10/2016,TPA,FL,ASO,ES,Combined TRACON& Tower with Radar,375,56,32,0,463,1,2,23,0,26,376,58,55,0,489,0,0,0,489
08/11/2016,TPA,FL,ASO,ES,Combined TRACON& Tower with Radar,367,57,50,2,476,0,0,16,0,16,367,57,66,2,492,0,0,0,492
08/12/2016,TPA,FL,ASO,ES,Combined TRACON& Tower with Radar,377,49,38,0,464,1,1,26,0,28,378,50,64,0,492,0,0,0,492
08/13/2016,TPA,FL,ASO,ES,Combined TRACON& Tower with Radar,351,45,27,0,423,0,0,14,0,14,351,45,41,0,437,0,0,0,437
08/14/2016,TPA,FL,ASO,ES,Combined TRACON& Tower with Radar,356,39,27,0,422,0,0,14,0,14,356,39,41,0,436,0,0,0,436
08/15/2016,TPA,FL,ASO,ES,Combined TRACON& Tower with Radar,370,45,40,0,455,1,1,19,1,22,371,46,59,1,477,0,0,0,477
08/16/2016,TPA,FL,ASO,ES,Combined TRACON& Tower with Radar,377,45,55,1,478,0,1,12,2,15,377,46,67,3,493,0,0,0,493
08/17/2016,TPA,FL,ASO,ES,Combined TRACON& Tower with Radar,370,55,43,0,468,0,0,9,0,9,370,55,52,0,477,0,0,0,477
08/18/2016,TPA,FL,ASO,ES,Combined TRACON& Tower with Radar,379,56,49,0,484,0,0,16,0,16,379,56,65,0,500,0,0,0,500
08/19/2016,TPA,FL,ASO,ES,Combined TRACON& Tower with Radar,379,52,40,0,471,0,1,23,0,24,379,53,63,0,495,0,0,0,495
08/20/2016,TPA,FL,ASO,ES,Combined TRACON& Tower with Radar,341,25,23,0,389,0,0,14,2,16,341,25,37,2,405,0,0,0,405
08/21/2016,TPA,FL,ASO,ES,Combined TRACON& Tower with Radar,358,42,13,0,413,0,0,17,0,17,358,42,30,0,430,0,0,0,430
08/22/2016,TPA,FL,ASO,ES,Combined TRACON& Tower with Radar,368,43,40,0,451,0,0,8,2,10,368,43,48,2,461,0,0,0,461
08/23/2016,TPA,FL,ASO,ES,Combined TRACON& Tower with Radar,354,48,44,0,446,0,0,19,0,19,354,48,63,0,465,0,0,0,465
08/24/2016,TPA,FL,ASO,ES,Combined TRACON& Tower with Radar,364,61,55,0,480,0,1,23,0,24,364,62,78,0,504,0,0,0,504
08/25/2016,TPA,FL,ASO,ES,Combined TRACON& Tower with Radar,357,62,53,0,472,0,2,48,0,50,357,64,101,0,522,0,0,0,522
08/26/2016,TPA,FL,ASO,ES,Combined TRACON& Tower with Radar,373,55,42,0,470,0,1,32,0,33,373,56,74,0,503,0,0,0,503
08/27/2016,TPA,FL,ASO,ES,Combined TRACON& Tower with Radar,331,31,30,0,392,0,0,20,0,20,331,31,50,0,412,0,0,0,412
08/28/2016,TPA,FL,ASO,ES,Combined TRACON& Tower with Radar,347,39,24,0,410,1,0,14,0,15,348,39,38,0,425,0,0,0,425
08/29/2016,TPA,FL,ASO,ES,Combined TRACON& Tower with Radar,352,50,37,0,439,0,2,14,0,16,352,52,51,0,455,0,0,0,455
08/30/2016,TPA,FL,ASO,ES,Combined TRACON& Tower with Radar,354,51,40,0,445,0,0,11,0,11,354,51,51,0,456,0,0,0,456
08/31/2016,TPA,FL,ASO,ES,Combined TRACON& Tower with Radar,376,55,31,0,462,0,0,5,0,5,376,55,36,0,467,0,0,0,467
09/01/2016,TPA,FL,ASO,ES,Combined TRACON& Tower with Radar,353,49,12,0,414,0,0,4,0,4,353,49,16,0,418,0,0,0,418
09/02/2016,TPA,FL,ASO,ES,Combined TRACON& Tower with Radar,371,50,20,0,441,0,0,5,0,5,371,50,25,0,446,0,0,0,446
09/03/2016,TPA,FL,ASO,ES,Combined TRACON& Tower with Radar,299,28,17,0,344,0,0,14,0,14,299,28,31,0,358,0,0,0,358
09/04/2016,TPA,FL,ASO,ES,Combined TRACON& Tower with Radar,300,24,15,0,339,0,1,22,0,23,300,25,37,0,362,0,0,0,362
09/05/2016,TPA,FL,ASO,ES,Combined TRACON& Tower with Radar,342,48,39,0,429,0,0,7,0,7,342,48,46,0,436,0,0,0,436
09/06/2016,TPA,FL,ASO,ES,Combined TRACON& Tower with Radar,339,48,41,0,428,0,2,17,0,19,339,50,58,0,447,0,0,0,447
09/07/2016,TPA,FL,ASO,ES,Combined TRACON& Tower with Radar,346,53,62,0,461,0,1,28,0,29,346,54,90,0,490,0,0,0,490
09/08/2016,TPA,FL,ASO,ES,Combined TRACON& Tower with Radar,339,57,64,0,460,0,0,23,0,23,339,57,87,0,483,0,0,0,483
09/09/2016,TPA,FL,ASO,ES,Combined TRACON& Tower with Radar,350,52,47,0,449,1,1,25,0,27,351,53,72,0,476,0,0,0,476
09/10/2016,TPA,FL,ASO,ES,Combined TRACON& Tower with Radar,306,31,13,0,350,0,0,6,0,6,306,31,19,0,356,0,0,0,356
09/11/2016,TPA,FL,ASO,ES,Combined TRACON& Tower with Radar,335,40,33,0,408,1,1,12,0,14,336,41,45,0,422,0,0,0,422
09/12/2016,TPA,FL,ASO,ES,Combined TRACON& Tower with Radar,356,48,31,2,437,0,0,16,0,16,356,48,47,2,453,0,0,0,453
09/13/2016,TPA,FL,ASO,ES,Combined TRACON& Tower with Radar,340,47,40,2,429,0,2,15,0,17,340,49,55,2,446,0,0,0,446
09/14/2016,TPA,FL,ASO,ES,Combined TRACON& Tower with Radar,350,56,42,0,448,0,1,15,0,16,350,57,57,0,464,0,0,0,464
09/15/2016,TPA,FL,ASO,ES,Combined TRACON& Tower with Radar,354,49,40,0,443,0,0,11,0,11,354,49,51,0,454,0,0,0,454
09/16/2016,TPA,FL,ASO,ES,Combined TRACON& Tower with Radar,362,47,42,0,451,0,0,27,0,27,362,47,69,0,478,0,0,0,478
09/17/2016,TPA,FL,ASO,ES,Combined TRACON& Tower with Radar,323,28,20,0,371,0,1,14,0,15,323,29,34,0,386,0,0,0,386
09/18/2016,TPA,FL,ASO,ES,Combined TRACON& Tower with Radar,332,26,29,0,387,1,0,12,0,13,333,26,41,0,400,0,0,0,400
09/19/2016,TPA,FL,ASO,ES,Combined TRACON& Tower with Radar,360,51,31,2,444,1,1,12,2,16,361,52,43,4,460,0,0,0,460
09/20/2016,TPA,FL,ASO,ES,Combined TRACON& Tower with Radar,343,53,44,2,442,0,0,18,0,18,343,53,62,2,460,0,0,0,460
09/21/2016,TPA,FL,ASO,ES,Combined TRACON& Tower with Radar,348,73,63,0,484,1,2,23,0,26,349,75,86,0,510,0,0,0,510
09/22/2016,TPA,FL,ASO,ES,Combined TRACON& Tower with Radar,360,55,71,2,488,0,2,30,0,32,360,57,101,2,520,0,0,0,520
09/23/2016,TPA,FL,ASO,ES,Combined TRACON& Tower with Radar,359,55,39,1,454,1,0,16,0,17,360,55,55,1,471,0,0,0,471
09/24/2016,TPA,FL,ASO,ES,Combined TRACON& Tower with Radar,314,35,27,0,376,0,0,9,0,9,314,35,36,0,385,0,0,0,385
09/25/2016,TPA,FL,ASO,ES,Combined TRACON& Tower with Radar,337,44,38,3,422,0,1,15,0,16,337,45,53,3,438,0,0,0,438
09/26/2016,TPA,FL,ASO,ES,Combined TRACON& Tower with Radar,357,46,49,2,454,0,2,18,0,20,357,48,67,2,474,0,0,0,474
09/27/2016,TPA,FL,ASO,ES,Combined TRACON& Tower with Radar,345,60,43,0,448,0,0,15,0,15,345,60,58,0,463,0,0,0,463
09/28/2016,TPA,FL,ASO,ES,Combined TRACON& Tower with Radar,349,55,37,0,441,0,0,22,0,22,349,55,59,0,463,0,0,0,463
09/29/2016,TPA,FL,ASO,ES,Combined TRACON& Tower with Radar,361,48,47,6,462,0,0,24,0,24,361,48,71,6,486,0,0,0,486
09/30/2016,TPA,FL,ASO,ES,Combined TRACON& Tower with Radar,360,59,54,0,473,0,0,18,2,20,360,59,72,2,493,0,0,0,493
10/01/2016,TPA,FL,ASO,ES,Combined TRACON& Tower with Radar,324,37,26,0,387,0,0,11,0,11,324,37,37,0,398,0,0,0,398
10/02/2016,TPA,FL,ASO,ES,Combined TRACON& Tower with Radar,343,40,42,0,425,0,0,15,0,15,343,40,57,0,440,0,0,0,440
10/03/2016,TPA,FL,ASO,ES,Combined TRACON& Tower with Radar,361,57,47,0,465,0,2,9,1,12,361,59,56,1,477,0,0,0,477
10/04/2016,TPA,FL,ASO,ES,Combined TRACON& Tower with Radar,353,50,62,2,467,0,2,36,4,42,353,52,98,6,509,0,0,0,509
10/05/2016,TPA,FL,ASO,ES,Combined TRACON& Tower with Radar,356,58,57,0,471,0,1,13,0,14,356,59,70,0,485,0,0,0,485
10/06/2016,TPA,FL,ASO,ES,Combined TRACON& Tower with Radar,361,44,55,1,461,0,0,7,0,7,361,44,62,1,468,0,0,0,468
10/07/2016,TPA,FL,ASO,ES,Combined TRACON& Tower with Radar,366,27,33,0,426,0,1,11,0,12,366,28,44,0,438,0,0,0,438
10/08/2016,TPA,FL,ASO,ES,Combined TRACON& Tower with Radar,333,37,32,1,403,0,0,33,0,33,333,37,65,1,436,0,0,0,436
10/09/2016,TPA,FL,ASO,ES,Combined TRACON& Tower with Radar,350,35,37,0,422,0,0,14,0,14,350,35,51,0,436,0,0,0,436
10/10/2016,TPA,FL,ASO,ES,Combined TRACON& Tower with Radar,374,50,36,0,460,1,0,17,0,18,375,50,53,0,478,0,0,0,478
10/11/2016,TPA,FL,ASO,ES,Combined TRACON& Tower with Radar,354,53,55,0,462,0,3,19,0,22,354,56,74,0,484,0,0,0,484
10/12/2016,TPA,FL,ASO,ES,Combined TRACON& Tower with Radar,367,56,62,0,485,0,1,30,0,31,367,57,92,0,516,0,0,0,516
10/13/2016,TPA,FL,ASO,ES,Combined TRACON& Tower with Radar,368,60,62,0,490,0,0,35,0,35,368,60,97,0,525,0,0,0,525
10/14/2016,TPA,FL,ASO,ES,Combined TRACON& Tower with Radar,372,48,69,1,490,0,2,43,0,45,372,50,112,1,535,0,0,0,535
10/15/2016,TPA,FL,ASO,ES,Combined TRACON& Tower with Radar,329,25,22,0,376,0,0,12,0,12,329,25,34,0,388,0,0,0,388
10/16/2016,TPA,FL,ASO,ES,Combined TRACON& Tower with Radar,349,50,52,1,452,0,0,16,0,16,349,50,68,1,468,0,0,0,468
10/17/2016,TPA,FL,ASO,ES,Combined TRACON& Tower with Radar,377,50,49,1,477,0,3,24,0,27,377,53,73,1,504,0,0,0,504
10/18/2016,TPA,FL,ASO,ES,Combined TRACON& Tower with Radar,360,45,41,3,449,0,0,17,1,18,360,45,58,4,467,0,0,0,467
10/19/2016,TPA,FL,ASO,ES,Combined TRACON& Tower with Radar,375,63,43,6,487,0,0,19,0,19,375,63,62,6,506,0,0,0,506
10/20/2016,TPA,FL,ASO,ES,Combined TRACON& Tower with Radar,365,39,31,8,443,0,0,21,0,21,365,39,52,8,464,0,0,0,464
10/21/2016,TPA,FL,ASO,ES,Combined TRACON& Tower with Radar,379,49,50,5,483,0,0,26,0,26,379,49,76,5,509,0,0,0,509
10/22/2016,TPA,FL,ASO,ES,Combined TRACON& Tower with Radar,338,42,31,2,413,0,2,19,0,21,338,44,50,2,434,0,0,0,434
10/23/2016,TPA,FL,ASO,ES,Combined TRACON& Tower with Radar,352,47,27,3,429,0,0,18,0,18,352,47,45,3,447,0,0,0,447
10/24/2016,TPA,FL,ASO,ES,Combined TRACON& Tower with Radar,371,51,46,4,472,0,0,28,0,28,371,51,74,4,500,0,0,0,500
10/25/2016,TPA,FL,ASO,ES,Combined TRACON& Tower with Radar,352,53,42,8,455,0,0,15,0,15,352,53,57,8,470,0,0,0,470
10/26/2016,TPA,FL,ASO,ES,Combined TRACON& Tower with Radar,365,67,54,9,495,0,4,33,0,37,365,71,87,9,532,0,0,0,532
10/27/2016,TPA,FL,ASO,ES,Combined TRACON& Tower with Radar,370,48,56,7,481,0,2,21,0,23,370,50,77,7,504,0,0,0,504
10/28/2016,TPA,FL,ASO,ES,Combined TRACON& Tower with Radar,380,63,50,6,499,1,0,22,0,23,381,63,72,6,522,0,0,0,522
10/29/2016,TPA,FL,ASO,ES,Combined TRACON& Tower with Radar,331,28,28,3,390,0,0,19,0,19,331,28,47,3,409,0,0,0,409
10/30/2016,TPA,FL,ASO,ES,Combined TRACON& Tower with Radar,338,53,50,4,445,0,0,22,1,23,338,53,72,5,468,0,0,0,468
10/31/2016,TPA,FL,ASO,ES,Combined TRACON& Tower with Radar,351,53,39,10,453,1,0,11,1,13,352,53,50,11,466,0,0,0,466
11/01/2016,TPA,FL,ASO,ES,Combined TRACON& Tower with Radar,353,57,53,6,469,0,1,25,0,26,353,58,78,6,495,0,0,0,495
11/02/2016,TPA,FL,ASO,ES,Combined TRACON& Tower with Radar,361,55,54,8,478,0,2,18,0,20,361,57,72,8,498,0,0,0,498
11/03/2016,TPA,FL,ASO,ES,Combined TRACON& Tower with Radar,363,64,76,9,512,0,0,27,0,27,363,64,103,9,539,0,0,0,539
11/04/2016,TPA,FL,ASO,ES,Combined TRACON& Tower with Radar,373,63,62,5,503,1,0,23,1,25,374,63,85,6,528,0,0,0,528
11/05/2016,TPA,FL,ASO,ES,Combined TRACON& Tower with Radar,338,34,29,8,409,0,0,15,0,15,338,34,44,8,424,0,0,0,424
11/06/2016,TPA,FL,ASO,ES,Combined TRACON& Tower with Radar,382,33,47,0,462,0,1,10,1,12,382,34,57,1,474,0,0,0,474
11/07/2016,TPA,FL,ASO,ES,Combined TRACON& Tower with Radar,396,55,45,3,499,0,0,28,0,28,396,55,73,3,527,0,0,0,527
11/08/2016,TPA,FL,ASO,ES,Combined TRACON& Tower with Radar,365,64,44,4,477,0,1,29,0,30,365,65,73,4,507,0,0,0,507
11/09/2016,TPA,FL,ASO,ES,Combined TRACON& Tower with Radar,404,61,35,6,506,0,0,30,1,31,404,61,65,7,537,0,0,0,537
11/10/2016,TPA,FL,ASO,ES,Combined TRACON& Tower with Radar,423,58,66,3,550,0,0,23,0,23,423,58,89,3,573,0,0,0,573
11/11/2016,TPA,FL,ASO,ES,Combined TRACON& Tower with Radar,425,52,35,1,513,0,0,21,0,21,425,52,56,1,534,0,0,0,534
11/12/2016,TPA,FL,ASO,ES,Combined TRACON& Tower with Radar,376,31,34,2,443,0,1,17,0,18,376,32,51,2,461,0,0,0,461
11/13/2016,TPA,FL,ASO,ES,Combined TRACON& Tower with Radar,407,51,46,3,507,0,0,10,1,11,407,51,56,4,518,0,0,0,518
11/14/2016,TPA,FL,ASO,ES,Combined TRACON& Tower with Radar,414,58,64,13,549,0,0,16,0,16,414,58,80,13,565,0,0,0,565
11/15/2016,TPA,FL,ASO,ES,Combined TRACON& Tower with Radar,424,60,56,6,546,0,1,14,0,15,424,61,70,6,561,0,0,0,561
11/16/2016,TPA,FL,ASO,ES,Combined TRACON& Tower with Radar,418,59,51,7,535,0,1,26,2,29,418,60,77,9,564,0,0,0,564
11/17/2016,TPA,FL,ASO,ES,Combined TRACON& Tower with Radar,429,59,41,12,541,0,2,30,0,32,429,61,71,12,573,0,0,0,573
11/18/2016,TPA,FL,ASO,ES,Combined TRACON& Tower with Radar,434,62,36,9,541,0,2,28,0,30,434,64,64,9,571,0,0,0,571
11/19/2016,TPA,FL,ASO,ES,Combined TRACON& Tower with Radar,416,24,28,11,479,0,1,11,0,12,416,25,39,11,491,0,0,0,491
11/20/2016,TPA,FL,ASO,ES,Combined TRACON& Tower with Radar,411,39,23,7,480,0,1,11,0,12,411,40,34,7,492,0,0,0,492
11/21/2016,TPA,FL,ASO,ES,Combined TRACON& Tower with Radar,415,53,39,10,517,0,2,30,0,32,415,55,69,10,549,0,0,0,549
11/22/2016,TPA,FL,ASO,ES,Combined TRACON& Tower with Radar,447,57,39,10,553,0,0,11,0,11,447,57,50,10,564,0,0,0,564
11/23/2016,TPA,FL,ASO,ES,Combined TRACON& Tower with Radar,445,47,30,7,529,0,0,24,0,24,445,47,54,7,553,0,0,0,553
11/24/2016,TPA,FL,ASO,ES,Combined TRACON& Tower with Radar,297,21,8,2,328,0,2,8,0,10,297,23,16,2,338,0,0,0,338
11/25/2016,TPA,FL,ASO,ES,Combined TRACON& Tower with Radar,375,39,18,1,433,0,2,12,0,14,375,41,30,1,447,0,0,0,447
11/26/2016,TPA,FL,ASO,ES,Combined TRACON& Tower with Radar,446,34,36,0,516,0,0,12,0,12,446,34,48,0,528,0,0,0,528
11/27/2016,TPA,FL,ASO,ES,Combined TRACON& Tower with Radar,440,60,57,0,557,0,2,31,0,33,440,62,88,0,590,0,0,0,590
11/28/2016,TPA,FL,ASO,ES,Combined TRACON& Tower with Radar,443,52,44,2,541,0,0,24,0,24,443,52,68,2,565,0,0,0,565
11/29/2016,TPA,FL,ASO,ES,Combined TRACON& Tower with Radar,424,51,45,12,532,0,0,15,0,15,424,51,60,12,547,0,0,0,547
11/30/2016,TPA,FL,ASO,ES,Combined TRACON& Tower with Radar,415,46,57,14,532,0,1,18,2,21,415,47,75,16,553,0,0,0,553
12/01/2016,TPA,FL,ASO,ES,Combined TRACON& Tower with Radar,420,57,65,12,554,0,1,26,0,27,420,58,91,12,581,0,0,0,581
12/02/2016,TPA,FL,ASO,ES,Combined TRACON& Tower with Radar,421,53,37,9,520,0,0,31,2,33,421,53,68,11,553,0,0,0,553
12/03/2016,TPA,FL,ASO,ES,Combined TRACON& Tower with Radar,359,33,35,1,428,0,1,18,0,19,359,34,53,1,447,0,0,0,447
12/04/2016,TPA,FL,ASO,ES,Combined TRACON& Tower with Radar,388,35,43,3,469,1,1,11,0,13,389,36,54,3,482,0,0,0,482
12/05/2016,TPA,FL,ASO,ES,Combined TRACON& Tower with Radar,422,64,66,13,565,0,1,12,0,13,422,65,78,13,578,0,0,0,578
12/06/2016,TPA,FL,ASO,ES,Combined TRACON& Tower with Radar,403,42,44,9,498,0,0,14,0,14,403,42,58,9,512,0,0,0,512
12/07/2016,TPA,FL,ASO,ES,Combined TRACON& Tower with Radar,411,48,50,5,514,1,0,14,0,15,412,48,64,5,529,0,0,0,529
12/08/2016,TPA,FL,ASO,ES,Combined TRACON& Tower with Radar,411,63,116,8,598,0,0,19,0,19,411,63,135,8,617,0,0,0,617
12/09/2016,TPA,FL,ASO,ES,Combined TRACON& Tower with Radar,424,59,43,6,532,0,0,15,0,15,424,59,58,6,547,0,0,0,547
12/10/2016,TPA,FL,ASO,ES,Combined TRACON& Tower with Radar,353,31,25,2,411,0,0,6,0,6,353,31,31,2,417,0,0,0,417
12/11/2016,TPA,FL,ASO,ES,Combined TRACON& Tower with Radar,374,44,40,0,458,1,0,14,0,15,375,44,54,0,473,0,0,0,473
12/12/2016,TPA,FL,ASO,ES,Combined TRACON& Tower with Radar,424,44,60,4,532,0,0,7,0,7,424,44,67,4,539,0,0,0,539
12/13/2016,TPA,FL,ASO,ES,Combined TRACON& Tower with Radar,411,41,67,10,529,0,2,11,1,14,411,43,78,11,543,0,0,0,543
12/14/2016,TPA,FL,ASO,ES,Combined TRACON& Tower with Radar,418,50,51,14,533,0,1,15,1,17,418,51,66,15,550,0,0,0,550
12/15/2016,TPA,FL,ASO,ES,Combined TRACON& Tower with Radar,428,47,40,6,521,0,1,29,0,30,428,48,69,6,551,0,0,0,551
12/16/2016,TPA,FL,ASO,ES,Combined TRACON& Tower with Radar,446,59,47,15,567,1,3,24,0,28,447,62,71,15,595,0,0,0,595
12/17/2016,TPA,FL,ASO,ES,Combined TRACON& Tower with Radar,392,38,26,1,457,0,0,12,0,12,392,38,38,1,469,0,0,0,469
12/18/2016,TPA,FL,ASO,ES,Combined TRACON& Tower with Radar,435,42,30,3,510,0,0,19,0,19,435,42,49,3,529,0,0,0,529
12/19/2016,TPA,FL,ASO,ES,Combined TRACON& Tower with Radar,444,45,48,8,545,0,0,16,1,17,444,45,64,9,562,0,0,0,562
12/20/2016,TPA,FL,ASO,ES,Combined TRACON& Tower with Radar,438,43,47,1,529,0,0,7,0,7,438,43,54,1,536,0,0,0,536
12/21/2016,TPA,FL,ASO,ES,Combined TRACON& Tower with Radar,474,49,45,3,571,0,0,9,0,9,474,49,54,3,580,0,0,0,580
12/22/2016,TPA,FL,ASO,ES,Combined TRACON& Tower with Radar,480,55,51,0,586,0,1,17,0,18,480,56,68,0,604,0,0,0,604
12/23/2016,TPA,FL,ASO,ES,Combined TRACON& Tower with Radar,494,45,24,0,563,0,1,20,0,21,494,46,44,0,584,0,0,0,584
12/24/2016,TPA,FL,ASO,ES,Combined TRACON& Tower with Radar,386,17,16,0,419,0,0,18,0,18,386,17,34,0,437,0,0,0,437
12/25/2016,TPA,FL,ASO,ES,Combined TRACON& Tower with Radar,385,15,18,0,418,0,0,8,0,8,385,15,26,0,426,0,0,0,426
12/26/2016,TPA,FL,ASO,ES,Combined TRACON& Tower with Radar,458,42,42,0,542,0,0,14,0,14,458,42,56,0,556,0,0,0,556
12/27/2016,TPA,FL,ASO,ES,Combined TRACON& Tower with Radar,483,41,35,3,562,0,0,30,1,31,483,41,65,4,593,0,0,0,593
12/28/2016,TPA,FL,ASO,ES,Combined TRACON& Tower with Radar,483,58,53,2,596,0,1,18,2,21,483,59,71,4,617,0,0,0,617
12/29/2016,TPA,FL,ASO,ES,Combined TRACON& Tower with Radar,487,32,47,1,567,0,3,19,1,23,487,35,66,2,590,0,0,0,590
12/30/2016,TPA,FL,ASO,ES,Combined TRACON& Tower with Radar,476,42,27,2,547,0,0,10,0,10,476,42,37,2,557,0,0,0,557
12/31/2016,TPA,FL,ASO,ES,Combined TRACON& Tower with Radar,405,21,20,0,446,0,1,14,0,15,405,22,34,0,461,0,0,0,461
01/01/2017,TPA,FL,ASO,ES,Combined TRACON& Tower with Radar,419,38,46,3,506,0,0,25,1,26,419,38,71,4,532,0,0,0,532
01/02/2017,TPA,FL,ASO,ES,Combined TRACON& Tower with Radar,450,43,62,1,556,0,0,18,1,19,450,43,80,2,575,0,0,0,575
01/03/2017,TPA,FL,ASO,ES,Combined TRACON& Tower with Radar,458,48,51,3,560,0,1,8,0,9,458,49,59,3,569,0,0,0,569
01/04/2017,TPA,FL,ASO,ES,Combined TRACON& Tower with Radar,416,47,36,0,499,0,0,14,0,14,416,47,50,0,513,0,0,0,513
01/05/2017,TPA,FL,ASO,ES,Combined TRACON& Tower with Radar,418,63,64,3,548,0,2,24,0,26,418,65,88,3,574,0,0,0,574
01/06/2017,TPA,FL,ASO,ES,Combined TRACON& Tower with Radar,432,43,57,1,533,0,0,24,0,24,432,43,81,1,557,0,0,0,557
01/07/2017,TPA,FL,ASO,ES,Combined TRACON& Tower with Radar,389,35,60,0,484,0,2,5,0,7,389,37,65,0,491,0,0,0,491
01/08/2017,TPA,FL,ASO,ES,Combined TRACON& Tower with Radar,429,71,107,1,608,1,0,17,4,22,430,71,124,5,630,0,0,0,630
01/09/2017,TPA,FL,ASO,ES,Combined TRACON& Tower with Radar,423,129,228,4,784,0,7,41,4,52,423,136,269,8,836,0,0,0,836
01/10/2017,TPA,FL,ASO,ES,Combined TRACON& Tower with Radar,444,132,306,2,884,0,0,26,0,26,444,132,332,2,910,0,0,0,910
01/11/2017,TPA,FL,ASO,ES,Combined TRACON& Tower with Radar,413,50,49,2,514,0,1,20,0,21,413,51,69,2,535,0,0,0,535
01/12/2017,TPA,FL,ASO,ES,Combined TRACON& Tower with Radar,432,54,45,0,531,0,0,28,0,28,432,54,73,0,559,0,0,0,559
01/13/2017,TPA,FL,ASO,ES,Combined TRACON& Tower with Radar,430,51,53,7,541,0,0,20,0,20,430,51,73,7,561,0,0,0,561
01/14/2017,TPA,FL,ASO,ES,Combined TRACON& Tower with Radar,390,24,21,1,436,0,0,25,1,26,390,24,46,2,462,0,0,0,462
01/15/2017,TPA,FL,ASO,ES,Combined TRACON& Tower with Radar,414,33,26,1,474,1,2,16,0,19,415,35,42,1,493,0,0,0,493
01/16/2017,TPA,FL,ASO,ES,Combined TRACON& Tower with Radar,416,49,46,0,511,0,0,19,0,19,416,49,65,0,530,0,0,0,530
01/17/2017,TPA,FL,ASO,ES,Combined TRACON& Tower with Radar,405,49,49,2,505,0,0,19,0,19,405,49,68,2,524,0,0,0,524
01/18/2017,TPA,FL,ASO,ES,Combined TRACON& Tower with Radar,414,52,72,0,538,0,0,27,3,30,414,52,99,3,568,0,0,0,568
01/19/2017,TPA,FL,ASO,ES,Combined TRACON& Tower with Radar,423,64,53,0,540,0,2,21,0,23,423,66,74,0,563,0,0,0,563
01/20/2017,TPA,FL,ASO,ES,Combined TRACON& Tower with Radar,432,62,45,0,539,1,2,36,0,39,433,64,81,0,578,0,0,0,578
01/21/2017,TPA,FL,ASO,ES,Combined TRACON& Tower with Radar,402,27,25,0,454,0,2,21,0,23,402,29,46,0,477,0,0,0,477
01/22/2017,TPA,FL,ASO,ES,Combined TRACON& Tower with Radar,421,39,36,1,497,1,0,6,0,7,422,39,42,1,504,0,0,0,504
01/23/2017,TPA,FL,ASO,ES,Combined TRACON& Tower with Radar,426,50,43,0,519,0,2,11,0,13,426,52,54,0,532,0,0,0,532
01/24/2017,TPA,FL,ASO,ES,Combined TRACON& Tower with Radar,410,49,36,0,495,0,0,29,3,32,410,49,65,3,527,0,0,0,527
01/25/2017,TPA,FL,ASO,ES,Combined TRACON& Tower with Radar,414,63,81,2,560,0,1,22,2,25,414,64,103,4,585,0,0,0,585
01/26/2017,TPA,FL,ASO,ES,Combined TRACON& Tower with Radar,419,56,58,3,536,0,1,14,0,15,419,57,72,3,551,0,0,0,551
01/27/2017,TPA,FL,ASO,ES,Combined TRACON& Tower with Radar,434,48,38,5,525,0,6,33,9,48,434,54,71,14,573,0,0,0,573
01/28/2017,TPA,FL,ASO,ES,Combined TRACON& Tower with Radar,391,28,20,0,439,0,0,41,0,41,391,28,61,0,480,0,0,0,480
01/29/2017,TPA,FL,ASO,ES,Combined TRACON& Tower with Radar,415,43,30,5,493,1,0,16,2,19,416,43,46,7,512,0,0,0,512
01/30/2017,TPA,FL,ASO,ES,Combined TRACON& Tower with Radar,424,49,26,3,502,0,0,30,0,30,424,49,56,3,532,0,0,0,532
01/31/2017,TPA,FL,ASO,ES,Combined TRACON& Tower with Radar,409,58,44,0,511,0,0,12,0,12,409,58,56,0,523,0,0,0,523
02/01/2017,TPA,FL,ASO,ES,Combined TRACON& Tower with Radar,414,60,78,0,552,0,0,15,0,15,414,60,93,0,567,0,0,0,567
02/02/2017,TPA,FL,ASO,ES,Combined TRACON& Tower with Radar,421,53,92,4,570,0,0,32,1,33,421,53,124,5,603,0,0,0,603
02/03/2017,TPA,FL,ASO,ES,Combined TRACON& Tower with Radar,436,58,55,4,553,0,2,26,0,28,436,60,81,4,581,0,0,0,581
02/04/2017,TPA,FL,ASO,ES,Combined TRACON& Tower with Radar,398,23,28,0,449,0,0,22,0,22,398,23,50,0,471,0,0,0,471
02/05/2017,TPA,FL,ASO,ES,Combined TRACON& Tower with Radar,396,34,34,4,468,0,0,20,0,20,396,34,54,4,488,0,0,0,488
02/06/2017,TPA,FL,ASO,ES,Combined TRACON& Tower with Radar,422,53,47,0,522,0,0,7,0,7,422,53,54,0,529,0,0,0,529
02/07/2017,TPA,FL,ASO,ES,Combined TRACON& Tower with Radar,402,55,52,0,509,0,1,26,0,27,402,56,78,0,536,0,0,0,536
02/08/2017,TPA,FL,ASO,ES,Combined TRACON& Tower with Radar,413,52,66,2,533,0,0,18,0,18,413,52,84,2,551,0,0,0,551
02/09/2017,TPA,FL,ASO,ES,Combined TRACON& Tower with Radar,393,59,59,0,511,0,0,15,0,15,393,59,74,0,526,0,0,0,526
02/10/2017,TPA,FL,ASO,ES,Combined TRACON& Tower with Radar,430,63,48,2,543,0,1,26,3,30,430,64,74,5,573,0,0,0,573
02/11/2017,TPA,FL,ASO,ES,Combined TRACON& Tower with Radar,400,32,20,0,452,0,0,26,0,26,400,32,46,0,478,0,0,0,478
02/12/2017,TPA,FL,ASO,ES,Combined TRACON& Tower with Radar,414,37,42,0,493,0,1,33,3,37,414,38,75,3,530,0,0,0,530
02/13/2017,TPA,FL,ASO,ES,Combined TRACON& Tower with Radar,412,50,34,5,501,0,0,23,1,24,412,50,57,6,525,0,0,0,525
02/14/2017,TPA,FL,ASO,ES,Combined TRACON& Tower with Radar,392,44,50,6,492,0,0,19,0,19,392,44,69,6,511,0,0,0,511
02/15/2017,TPA,FL,ASO,ES,Combined TRACON& Tower with Radar,413,58,67,2,540,0,0,12,0,12,413,58,79,2,552,0,0,0,552
02/16/2017,TPA,FL,ASO,ES,Combined TRACON& Tower with Radar,440,81,63,4,588,0,0,22,0,22,440,81,85,4,610,0,0,0,610
02/17/2017,TPA,FL,ASO,ES,Combined TRACON& Tower with Radar,453,62,74,0,589,0,2,30,3,35,453,64,104,3,624,0,0,0,624
02/18/2017,TPA,FL,ASO,ES,Combined TRACON& Tower with Radar,426,38,25,1,490,0,0,9,0,9,426,38,34,1,499,0,0,0,499
02/19/2017,TPA,FL,ASO,ES,Combined TRACON& Tower with Radar,432,40,34,2,508,0,0,17,1,18,432,40,51,3,526,0,0,0,526
02/20/2017,TPA,FL,ASO,ES,Combined TRACON& Tower with Radar,449,69,57,0,575,0,1,25,0,26,449,70,82,0,601,0,0,0,601
02/21/2017,TPA,FL,ASO,ES,Combined TRACON& Tower with Radar,444,78,43,0,565,0,0,15,0,15,444,78,58,0,580,0,0,0,580
02/22/2017,TPA,FL,ASO,ES,Combined TRACON& Tower with Radar,450,77,49,0,576,0,0,12,0,12,450,77,61,0,588,0,0,0,588
02/23/2017,TPA,FL,ASO,ES,Combined TRACON& Tower with Radar,455,61,75,3,594,0,0,25,1,26,455,61,100,4,620,0,0,0,620
02/24/2017,TPA,FL,ASO,ES,Combined TRACON& Tower with Radar,454,65,50,4,573,0,0,20,8,28,454,65,70,12,601,0,0,0,601
02/25/2017,TPA,FL,ASO,ES,Combined TRACON& Tower with Radar,450,41,35,1,527,0,0,31,0,31,450,41,66,1,558,0,0,0,558
02/26/2017,TPA,FL,ASO,ES,Combined TRACON& Tower with Radar,447,35,49,5,536,0,1,18,2,21,447,36,67,7,557,0,0,0,557
02/27/2017,TPA,FL,ASO,ES,Combined TRACON& Tower with Radar,456,51,59,0,566,0,0,18,0,18,456,51,77,0,584,0,0,0,584
02/28/2017,TPA,FL,ASO,ES,Combined TRACON& Tower with Radar,443,60,51,5,559,0,1,19,1,21,443,61,70,6,580,0,0,0,580
03/01/2017,TPA,FL,ASO,ES,Combined TRACON& Tower with Radar,440,51,67,0,558,2,1,26,0,29,442,52,93,0,587,0,0,0,587
03/02/2017,TPA,FL,ASO,ES,Combined TRACON& Tower with Radar,449,66,53,3,571,0,0,22,2,24,449,66,75,5,595,0,0,0,595
03/03/2017,TPA,FL,ASO,ES,Combined TRACON& Tower with Radar,458,67,37,5,567,0,1,34,0,35,458,68,71,5,602,0,0,0,602
03/04/2017,TPA,FL,ASO,ES,Combined TRACON& Tower with Radar,433,35,14,0,482,0,0,16,0,16,433,35,30,0,498,0,0,0,498
03/05/2017,TPA,FL,ASO,ES,Combined TRACON& Tower with Radar,445,39,19,2,505,0,0,13,1,14,445,39,32,3,519,0,0,0,519
03/06/2017,TPA,FL,ASO,ES,Combined TRACON& Tower with Radar,448,54,44,2,548,0,0,16,0,16,448,54,60,2,564,0,0,0,564
03/07/2017,TPA,FL,ASO,ES,Combined TRACON& Tower with Radar,442,58,50,2,552,0,0,28,0,28,442,58,78,2,580,0,0,0,580
03/08/2017,TPA,FL,ASO,ES,Combined TRACON& Tower with Radar,451,62,48,0,561,0,1,28,0,29,451,63,76,0,590,0,0,0,590
03/09/2017,TPA,FL,ASO,ES,Combined TRACON& Tower with Radar,483,62,42,0,587,0,2,23,0,25,483,64,65,0,612,0,0,0,612
03/10/2017,TPA,FL,ASO,ES,Combined TRACON& Tower with Radar,486,49,43,6,584,0,0,22,0,22,486,49,65,6,606,0,0,0,606
03/11/2017,TPA,FL,ASO,ES,Combined TRACON& Tower with Radar,522,51,41,1,615,0,0,16,0,16,522,51,57,1,631,0,0,0,631
03/12/2017,TPA,FL,ASO,ES,Combined TRACON& Tower with Radar,488,54,50,1,593,0,0,12,1,13,488,54,62,2,606,0,0,0,606
03/13/2017,TPA,FL,ASO,ES,Combined TRACON& Tower with Radar,470,58,45,0,573,0,0,8,0,8,470,58,53,0,581,0,0,0,581
03/14/2017,TPA,FL,ASO,ES,Combined TRACON& Tower with Radar,353,52,52,1,458,0,0,21,2,23,353,52,73,3,481,0,0,0,481
03/15/2017,TPA,FL,ASO,ES,Combined TRACON& Tower with Radar,455,60,51,0,566,1,0,29,0,30,456,60,80,0,596,0,0,0,596
03/16/2017,TPA,FL,ASO,ES,Combined TRACON& Tower with Radar,486,54,55,0,595,0,0,30,1,31,486,54,85,1,626,0,0,0,626
03/17/2017,TPA,FL,ASO,ES,Combined TRACON& Tower with Radar,492,58,53,0,603,0,0,17,0,17,492,58,70,0,620,0,0,0,620
03/18/2017,TPA,FL,ASO,ES,Combined TRACON& Tower with Radar,506,41,32,0,579,0,1,19,0,20,506,42,51,0,599,0,0,0,599
03/19/2017,TPA,FL,ASO,ES,Combined TRACON& Tower with Radar,500,42,40,0,582,1,0,12,0,13,501,42,52,0,595,0,0,0,595
03/20/2017,TPA,FL,ASO,ES,Combined TRACON& Tower with Radar,487,60,32,0,579,0,0,21,0,21,487,60,53,0,600,0,0,0,600
03/21/2017,TPA,FL,ASO,ES,Combined TRACON& Tower with Radar,479,55,45,2,581,0,0,42,2,44,479,55,87,4,625,0,0,0,625
03/22/2017,TPA,FL,ASO,ES,Combined TRACON& Tower with Radar,484,67,48,4,603,0,0,12,1,13,484,67,60,5,616,0,0,0,616
03/23/2017,TPA,FL,ASO,ES,Combined TRACON& Tower with Radar,488,56,57,0,601,0,0,17,0,17,488,56,74,0,618,0,0,0,618
03/24/2017,TPA,FL,ASO,ES,Combined TRACON& Tower with Radar,494,60,41,3,598,1,0,22,0,23,495,60,63,3,621,0,0,0,621
03/25/2017,TPA,FL,ASO,ES,Combined TRACON& Tower with Radar,521,39,30,0,590,0,0,19,0,19,521,39,49,0,609,0,0,0,609
03/26/2017,TPA,FL,ASO,ES,Combined TRACON& Tower with Radar,496,46,49,2,593,0,0,11,0,11,496,46,60,2,604,0,0,0,604
03/27/2017,TPA,FL,ASO,ES,Combined TRACON& Tower with Radar,483,45,51,2,581,0,0,21,0,21,483,45,72,2,602,0,0,0,602
03/28/2017,TPA,FL,ASO,ES,Combined TRACON& Tower with Radar,478,45,48,2,573,0,1,27,0,28,478,46,75,2,601,0,0,0,601
03/29/2017,TPA,FL,ASO,ES,Combined TRACON& Tower with Radar,483,43,49,0,575,0,1,13,0,14,483,44,62,0,589,0,0,0,589
03/30/2017,TPA,FL,ASO,ES,Combined TRACON& Tower with Radar,481,62,61,0,604,0,0,22,0,22,481,62,83,0,626,0,0,0,626
03/31/2017,TPA,FL,ASO,ES,Combined TRACON& Tower with Radar,481,51,37,0,569,0,3,28,0,31,481,54,65,0,600,0,0,0,600
04/01/2017,TPA,FL,ASO,ES,Combined TRACON& Tower with Radar,514,36,40,0,590,0,0,15,0,15,514,36,55,0,605,0,0,0,605
04/02/2017,TPA,FL,ASO,ES,Combined TRACON& Tower with Radar,486,60,48,0,594,0,0,10,0,10,486,60,58,0,604,0,0,0,604
04/03/2017,TPA,FL,ASO,ES,Combined TRACON& Tower with Radar,482,54,51,0,587,0,0,29,1,30,482,54,80,1,617,0,0,0,617
04/04/2017,TPA,FL,ASO,ES,Combined TRACON& Tower with Radar,472,50,58,0,580,0,0,21,0,21,472,50,79,0,601,0,0,0,601
04/05/2017,TPA,FL,ASO,ES,Combined TRACON& Tower with Radar,432,59,70,0,561,1,2,18,0,21,433,61,88,0,582,0,0,0,582
04/06/2017,TPA,FL,ASO,ES,Combined TRACON& Tower with Radar,459,52,66,0,577,0,0,13,2,15,459,52,79,2,592,0,0,0,592
04/07/2017,TPA,FL,ASO,ES,Combined TRACON& Tower with Radar,443,58,75,6,582,0,1,25,1,27,443,59,100,7,609,0,0,0,609
04/08/2017,TPA,FL,ASO,ES,Combined TRACON& Tower with Radar,491,33,41,0,565,0,1,16,2,19,491,34,57,2,584,0,0,0,584
04/09/2017,TPA,FL,ASO,ES,Combined TRACON& Tower with Radar,482,34,39,3,558,0,3,22,1,26,482,37,61,4,584,0,0,0,584
04/10/2017,TPA,FL,ASO,ES,Combined TRACON& Tower with Radar,470,59,48,1,578,0,0,23,0,23,470,59,71,1,601,0,0,0,601
04/11/2017,TPA,FL,ASO,ES,Combined TRACON& Tower with Radar,477,60,52,2,591,0,1,15,0,16,477,61,67,2,607,0,0,0,607
04/12/2017,TPA,FL,ASO,ES,Combined TRACON& Tower with Radar,464,53,39,0,556,0,1,24,0,25,464,54,63,0,581,0,0,0,581
04/13/2017,TPA,FL,ASO,ES,Combined TRACON& Tower with Radar,478,73,63,0,614,0,2,31,0,33,478,75,94,0,647,0,0,0,647
04/14/2017,TPA,FL,ASO,ES,Combined TRACON& Tower with Radar,485,63,41,0,589,0,4,26,0,30,485,67,67,0,619,0,0,0,619
04/15/2017,TPA,FL,ASO,ES,Combined TRACON& Tower with Radar,493,37,17,0,547,0,1,15,0,16,493,38,32,0,563,0,0,0,563
04/16/2017,TPA,FL,ASO,ES,Combined TRACON& Tower with Radar,469,48,21,0,538,0,0,11,0,11,469,48,32,0,549,0,0,0,549
04/17/2017,TPA,FL,ASO,ES,Combined TRACON& Tower with Radar,472,51,66,0,589,0,2,20,0,22,472,53,86,0,611,0,0,0,611
04/18/2017,TPA,FL,ASO,ES,Combined TRACON& Tower with Radar,471,62,48,0,581,0,3,17,0,20,471,65,65,0,601,0,0,0,601
04/19/2017,TPA,FL,ASO,ES,Combined TRACON& Tower with Radar,469,55,54,1,579,0,2,20,0,22,469,57,74,1,601,0,0,0,601
04/20/2017,TPA,FL,ASO,ES,Combined TRACON& Tower with Radar,467,65,60,3,595,0,0,22,0,22,467,65,82,3,617,0,0,0,617
04/21/2017,TPA,FL,ASO,ES,Combined TRACON& Tower with Radar,485,60,36,8,589,0,1,23,5,29,485,61,59,13,618,0,0,0,618
04/22/2017,TPA,FL,ASO,ES,Combined TRACON& Tower with Radar,491,35,21,0,547,0,0,15,0,15,491,35,36,0,562,0,0,0,562
04/23/2017,TPA,FL,ASO,ES,Combined TRACON& Tower with Radar,466,41,33,13,553,0,0,12,1,13,466,41,45,14,566,0,0,0,566
04/24/2017,TPA,FL,ASO,ES,Combined TRACON& Tower with Radar,483,66,64,7,620,0,2,17,0,19,483,68,81,7,639,0,0,0,639
04/25/2017,TPA,FL,ASO,ES,Combined TRACON& Tower with Radar,429,57,67,0,553,0,0,21,0,21,429,57,88,0,574,0,0,0,574
04/26/2017,TPA,FL,ASO,ES,Combined TRACON& Tower with Radar,428,65,52,1,546,0,1,16,0,17,428,66,68,1,563,0,0,0,563
04/27/2017,TPA,FL,ASO,ES,Combined TRACON& Tower with Radar,422,59,79,6,566,0,0,17,0,17,422,59,96,6,583,0,0,0,583
04/28/2017,TPA,FL,ASO,ES,Combined TRACON& Tower with Radar,453,50,36,0,539,0,0,25,0,25,453,50,61,0,564,0,0,0,564
04/29/2017,TPA,FL,ASO,ES,Combined TRACON& Tower with Radar,398,37,16,0,451,0,0,17,0,17,398,37,33,0,468,0,0,0,468
04/30/2017,TPA,FL,ASO,ES,Combined TRACON& Tower with Radar,401,44,44,0,489,1,0,14,0,15,402,44,58,0,504,0,0,0,504
05/01/2017,TPA,FL,ASO,ES,Combined TRACON& Tower with Radar,424,61,46,0,531,1,3,15,0,19,425,64,61,0,550,0,0,0,550
05/02/2017,TPA,FL,ASO,ES,Combined TRACON& Tower with Radar,420,69,44,1,534,0,0,12,0,12,420,69,56,1,546,0,0,0,546
05/03/2017,TPA,FL,ASO,ES,Combined TRACON& Tower with Radar,428,54,51,0,533,0,3,16,0,19,428,57,67,0,552,0,0,0,552
05/04/2017,TPA,FL,ASO,ES,Combined TRACON& Tower with Radar,426,51,57,0,534,0,1,28,0,29,426,52,85,0,563,0,0,0,563
05/05/2017,TPA,FL,ASO,ES,Combined TRACON& Tower with Radar,430,56,50,4,540,0,1,17,0,18,430,57,67,4,558,0,0,0,558
05/06/2017,TPA,FL,ASO,ES,Combined TRACON& Tower with Radar,386,44,26,0,456,0,1,18,0,19,386,45,44,0,475,0,0,0,475
05/07/2017,TPA,FL,ASO,ES,Combined TRACON& Tower with Radar,395,51,43,0,489,0,0,20,0,20,395,51,63,0,509,0,0,0,509
05/08/2017,TPA,FL,ASO,ES,Combined TRACON& Tower with Radar,429,46,46,0,521,0,1,35,0,36,429,47,81,0,557,6,0,6,563
05/09/2017,TPA,FL,ASO,ES,Combined TRACON& Tower with Radar,414,75,37,0,526,0,3,25,0,28,414,78,62,0,554,6,0,6,560
05/10/2017,TPA,FL,ASO,ES,Combined TRACON& Tower with Radar,432,55,56,0,543,0,0,25,1,26,432,55,81,1,569,0,0,0,569
05/11/2017,TPA,FL,ASO,ES,Combined TRACON& Tower with Radar,430,64,58,0,552,0,2,22,1,25,430,66,80,1,577,0,0,0,577
05/12/2017,TPA,FL,ASO,ES,Combined TRACON& Tower with Radar,436,46,64,0,546,0,1,29,1,31,436,47,93,1,577,0,0,0,577
05/13/2017,TPA,FL,ASO,ES,Combined TRACON& Tower with Radar,371,31,25,0,427,0,0,10,0,10,371,31,35,0,437,0,0,0,437
05/14/2017,TPA,FL,ASO,ES,Combined TRACON& Tower with Radar,393,32,33,0,458,0,2,11,0,13,393,34,44,0,471,0,0,0,471
05/15/2017,TPA,FL,ASO,ES,Combined TRACON& Tower with Radar,423,59,49,0,531,0,0,34,0,34,423,59,83,0,565,0,0,0,565
05/16/2017,TPA,FL,ASO,ES,Combined TRACON& Tower with Radar,421,48,52,2,523,0,1,23,0,24,421,49,75,2,547,0,0,0,547
05/17/2017,TPA,FL,ASO,ES,Combined TRACON& Tower with Radar,426,60,58,0,544,0,0,21,0,21,426,60,79,0,565,0,0,0,565
05/18/2017,TPA,FL,ASO,ES,Combined TRACON& Tower with Radar,428,68,63,0,559,0,2,23,0,25,428,70,86,0,584,0,0,0,584
05/19/2017,TPA,FL,ASO,ES,Combined TRACON& Tower with Radar,429,50,50,0,529,2,1,13,2,18,431,51,63,2,547,0,0,0,547
05/20/2017,TPA,FL,ASO,ES,Combined TRACON& Tower with Radar,391,42,20,0,453,0,0,10,0,10,391,42,30,0,463,0,0,0,463
05/21/2017,TPA,FL,ASO,ES,Combined TRACON& Tower with Radar,393,41,42,0,476,0,0,24,0,24,393,41,66,0,500,0,0,0,500
05/22/2017,TPA,FL,ASO,ES,Combined TRACON& Tower with Radar,433,57,45,2,537,0,1,15,0,16,433,58,60,2,553,0,0,0,553
05/23/2017,TPA,FL,ASO,ES,Combined TRACON& Tower with Radar,424,53,58,2,537,0,0,20,0,20,424,53,78,2,557,0,0,0,557
05/24/2017,TPA,FL,ASO,ES,Combined TRACON& Tower with Radar,433,43,34,2,512,1,0,8,0,9,434,43,42,2,521,0,0,0,521
05/25/2017,TPA,FL,ASO,ES,Combined TRACON& Tower with Radar,426,70,62,0,558,0,0,20,0,20,426,70,82,0,578,0,0,0,578
05/26/2017,TPA,FL,ASO,ES,Combined TRACON& Tower with Radar,447,55,43,0,545,0,2,22,0,24,447,57,65,0,569,0,0,0,569
05/27/2017,TPA,FL,ASO,ES,Combined TRACON& Tower with Radar,378,41,22,0,441,0,0,10,0,10,378,41,32,0,451,0,0,0,451
05/28/2017,TPA,FL,ASO,ES,Combined TRACON& Tower with Radar,348,39,16,0,403,1,0,8,0,9,349,39,24,0,412,0,0,0,412
05/29/2017,TPA,FL,ASO,ES,Combined TRACON& Tower with Radar,397,51,27,0,475,0,0,18,0,18,397,51,45,0,493,0,0,0,493
05/30/2017,TPA,FL,ASO,ES,Combined TRACON& Tower with Radar,413,50,28,5,496,0,0,11,1,12,413,50,39,6,508,0,0,0,508
05/31/2017,TPA,FL,ASO,ES,Combined TRACON& Tower with Radar,440,60,59,0,559,0,1,16,0,17,440,61,75,0,576,0,0,0,576
06/01/2017,TPA,FL,ASO,ES,Combined TRACON& Tower with Radar,436,54,42,0,532,0,0,14,0,14,436,54,56,0,546,0,0,0,546
06/02/2017,TPA,FL,ASO,ES,Combined TRACON& Tower with Radar,432,69,41,2,544,0,1,19,0,20,432,70,60,2,564,0,0,0,564
06/03/2017,TPA,FL,ASO,ES,Combined TRACON& Tower with Radar,384,37,29,0,450,0,1,15,0,16,384,38,44,0,466,0,0,0,466
06/04/2017,TPA,FL,ASO,ES,Combined TRACON& Tower with Radar,400,37,35,1,473,1,1,5,0,7,401,38,40,1,480,0,0,0,480
06/05/2017,TPA,FL,ASO,ES,Combined TRACON& Tower with Radar,418,46,43,0,507,1,0,8,0,9,419,46,51,0,516,0,0,0,516
06/06/2017,TPA,FL,ASO,ES,Combined TRACON& Tower with Radar,428,47,52,0,527,0,0,4,0,4,428,47,56,0,531,0,0,0,531
06/07/2017,TPA,FL,ASO,ES,Combined TRACON& Tower with Radar,439,61,29,1,530,0,0,1,0,1,439,61,30,1,531,0,0,0,531
06/08/2017,TPA,FL,ASO,ES,Combined TRACON& Tower with Radar,426,52,36,4,518,0,0,6,1,7,426,52,42,5,525,0,0,0,525
06/09/2017,TPA,FL,ASO,ES,Combined TRACON& Tower with Radar,435,50,55,3,543,0,0,30,1,31,435,50,85,4,574,0,0,0,574
06/10/2017,TPA,FL,ASO,ES,Combined TRACON& Tower with Radar,430,40,31,1,502,0,0,7,0,7,430,40,38,1,509,0,0,0,509
06/11/2017,TPA,FL,ASO,ES,Combined TRACON& Tower with Radar,408,48,44,0,500,0,0,12,0,12,408,48,56,0,512,0,0,0,512
06/12/2017,TPA,FL,ASO,ES,Combined TRACON& Tower with Radar,421,54,51,0,526,2,0,5,0,7,423,54,56,0,533,0,0,0,533
06/13/2017,TPA,FL,ASO,ES,Combined TRACON& Tower with Radar,425,59,38,2,524,0,0,6,0,6,425,59,44,2,530,0,0,0,530
06/14/2017,TPA,FL,ASO,ES,Combined TRACON& Tower with Radar,433,63,56,1,553,1,0,18,0,19,434,63,74,1,572,0,0,0,572
06/15/2017,TPA,FL,ASO,ES,Combined TRACON& Tower with Radar,414,67,46,0,527,0,2,10,0,12,414,69,56,0,539,0,0,0,539
06/16/2017,TPA,FL,ASO,ES,Combined TRACON& Tower with Radar,442,49,40,0,531,1,0,11,1,13,443,49,51,1,544,0,0,0,544
06/17/2017,TPA,FL,ASO,ES,Combined TRACON& Tower with Radar,548,39,35,2,624,0,1,18,0,19,548,40,53,2,643,0,0,0,643
06/18/2017,TPA,FL,ASO,ES,Combined TRACON& Tower with Radar,409,46,34,1,490,1,0,4,0,5,410,46,38,1,495,0,0,0,495
06/19/2017,TPA,FL,ASO,ES,Combined TRACON& Tower with Radar,402,47,28,2,479,1,4,8,0,13,403,51,36,2,492,0,0,0,492
06/20/2017,TPA,FL,ASO,ES,Combined TRACON& Tower with Radar,417,52,72,0,541,0,0,23,0,23,417,52,95,0,564,0,0,0,564
06/21/2017,TPA,FL,ASO,ES,Combined TRACON& Tower with Radar,427,70,33,0,530,0,0,13,4,17,427,70,46,4,547,0,0,0,547
06/22/2017,TPA,FL,ASO,ES,Combined TRACON& Tower with Radar,421,56,39,0,516,0,2,9,1,12,421,58,48,1,528,0,0,0,528
06/23/2017,TPA,FL,ASO,ES,Combined TRACON& Tower with Radar,431,48,45,0,524,0,1,19,0,20,431,49,64,0,544,0,0,0,544
06/24/2017,TPA,FL,ASO,ES,Combined TRACON& Tower with Radar,434,48,26,0,508,0,0,17,0,17,434,48,43,0,525,30,0,30,555
06/25/2017,TPA,FL,ASO,ES,Combined TRACON& Tower with Radar,409,39,31,0,479,1,0,9,0,10,410,39,40,0,489,0,0,0,489
06/26/2017,TPA,FL,ASO,ES,Combined TRACON& Tower with Radar,419,52,43,0,514,1,2,12,0,15,420,54,55,0,529,0,0,0,529
06/27/2017,TPA,FL,ASO,ES,Combined TRACON& Tower with Radar,448,60,54,0,562,0,0,15,0,15,448,60,69,0,577,0,0,0,577
06/28/2017,TPA,FL,ASO,ES,Combined TRACON& Tower with Radar,446,56,60,0,562,1,0,16,1,18,447,56,76,1,580,0,0,0,580
06/29/2017,TPA,FL,ASO,ES,Combined TRACON& Tower with Radar,424,57,61,2,544,0,1,16,0,17,424,58,77,2,561,0,0,0,561
06/30/2017,TPA,FL,ASO,ES,Combined TRACON& Tower with Radar,431,51,40,1,523,1,0,15,0,16,432,51,55,1,539,0,0,0,539
07/01/2017,TPA,FL,ASO,ES,Combined TRACON& Tower with Radar,445,38,25,0,508,0,0,8,0,8,445,38,33,0,516,0,0,0,516
07/02/2017,TPA,FL,ASO,ES,Combined TRACON& Tower with Radar,390,30,18,0,438,1,0,11,0,12,391,30,29,0,450,0,0,0,450
07/03/2017,TPA,FL,ASO,ES,Combined TRACON& Tower with Radar,383,40,29,0,452,1,3,9,0,13,384,43,38,0,465,14,0,14,479
07/04/2017,TPA,FL,ASO,ES,Combined TRACON& Tower with Radar,367,42,16,0,425,0,1,10,0,11,367,43,26,0,436,0,0,0,436
07/05/2017,TPA,FL,ASO,ES,Combined TRACON& Tower with Radar,420,39,43,2,504,0,0,15,0,15,420,39,58,2,519,0,0,0,519
07/06/2017,TPA,FL,ASO,ES,Combined TRACON& Tower with Radar,421,46,32,0,499,0,0,17,0,17,421,46,49,0,516,0,0,0,516
07/07/2017,TPA,FL,ASO,ES,Combined TRACON& Tower with Radar,423,54,23,8,508,1,1,16,2,20,424,55,39,10,528,0,0,0,528
07/08/2017,TPA,FL,ASO,ES,Combined TRACON& Tower with Radar,424,35,29,0,488,0,0,9,0,9,424,35,38,0,497,0,0,0,497
07/09/2017,TPA,FL,ASO,ES,Combined TRACON& Tower with Radar,413,36,28,6,483,0,0,9,0,9,413,36,37,6,492,0,0,0,492
07/10/2017,TPA,FL,ASO,ES,Combined TRACON& Tower with Radar,398,53,43,0,494,1,3,9,0,13,399,56,52,0,507,0,0,0,507
07/11/2017,TPA,FL,ASO,ES,Combined TRACON& Tower with Radar,428,56,26,0,510,0,0,3,0,3,428,56,29,0,513,0,0,0,513
07/12/2017,TPA,FL,ASO,ES,Combined TRACON& Tower with Radar,436,55,33,1,525,0,0,17,0,17,436,55,50,1,542,0,0,0,542
07/13/2017,TPA,FL,ASO,ES,Combined TRACON& Tower with Radar,421,57,39,0,517,0,0,22,0,22,421,57,61,0,539,0,0,0,539
07/14/2017,TPA,FL,ASO,ES,Combined TRACON& Tower with Radar,406,52,28,0,486,1,2,13,0,16,407,54,41,0,502,0,0,0,502
07/15/2017,TPA,FL,ASO,ES,Combined TRACON& Tower with Radar,431,34,22,0,487,0,0,15,2,17,431,34,37,2,504,0,0,0,504
07/16/2017,TPA,FL,ASO,ES,Combined TRACON& Tower with Radar,396,34,37,0,467,1,0,6,0,7,397,34,43,0,474,0,0,0,474
07/17/2017,TPA,FL,ASO,ES,Combined TRACON& Tower with Radar,438,49,43,0,530,0,2,34,2,38,438,51,77,2,568,0,0,0,568
07/18/2017,TPA,FL,ASO,ES,Combined TRACON& Tower with Radar,437,47,42,2,528,0,0,18,0,18,437,47,60,2,546,0,0,0,546
07/19/2017,TPA,FL,ASO,ES,Combined TRACON& Tower with Radar,433,55,56,0,544,1,1,9,0,11,434,56,65,0,555,0,0,0,555
07/20/2017,TPA,FL,ASO,ES,Combined TRACON& Tower with Radar,426,47,35,4,512,0,0,24,2,26,426,47,59,6,538,0,0,0,538
07/21/2017,TPA,FL,ASO,ES,Combined TRACON& Tower with Radar,427,46,38,1,512,1,0,24,1,26,428,46,62,2,538,0,0,0,538
07/22/2017,TPA,FL,ASO,ES,Combined TRACON& Tower with Radar,422,36,31,0,489,0,1,23,0,24,422,37,54,0,513,0,0,0,513
07/23/2017,TPA,FL,ASO,ES,Combined TRACON& Tower with Radar,381,34,28,0,443,1,0,4,0,5,382,34,32,0,448,0,0,0,448
07/24/2017,TPA,FL,ASO,ES,Combined TRACON& Tower with Radar,424,51,37,0,512,1,0,12,2,15,425,51,49,2,527,0,0,0,527
07/25/2017,TPA,FL,ASO,ES,Combined TRACON& Tower with Radar,424,49,39,0,512,0,3,22,0,25,424,52,61,0,537,0,0,0,537
07/26/2017,TPA,FL,ASO,ES,Combined TRACON& Tower with Radar,429,52,48,0,529,1,0,19,2,22,430,52,67,2,551,0,0,0,551
07/27/2017,TPA,FL,ASO,ES,Combined TRACON& Tower with Radar,439,49,43,0,531,0,0,26,0,26,439,49,69,0,557,0,0,0,557
07/28/2017,TPA,FL,ASO,ES,Combined TRACON& Tower with Radar,417,45,29,1,492,1,0,10,0,11,418,45,39,1,503,0,0,0,503
07/29/2017,TPA,FL,ASO,ES,Combined TRACON& Tower with Radar,434,37,32,0,503,0,1,13,0,14,434,38,45,0,517,0,0,0,517
07/30/2017,TPA,FL,ASO,ES,Combined TRACON& Tower with Radar,409,45,29,1,484,2,0,2,0,4,411,45,31,1,488,0,0,0,488
07/31/2017,TPA,FL,ASO,ES,Combined TRACON& Tower with Radar,418,45,46,0,509,1,0,5,0,6,419,45,51,0,515,0,0,0,515
08/01/2017,TPA,FL,ASO,ES,Combined TRACON& Tower with Radar,422,46,39,0,507,0,0,25,0,25,422,46,64,0,532,0,0,0,532
08/02/2017,TPA,FL,ASO,ES,Combined TRACON& Tower with Radar,411,57,34,1,503,0,0,8,0,8,411,57,42,1,511,0,0,0,511
08/03/2017,TPA,FL,ASO,ES,Combined TRACON& Tower with Radar,415,63,38,2,518,0,0,25,0,25,415,63,63,2,543,0,0,0,543
08/04/2017,TPA,FL,ASO,ES,Combined TRACON& Tower with Radar,416,44,42,3,505,0,0,36,0,36,416,44,78,3,541,0,0,0,541
08/05/2017,TPA,FL,ASO,ES,Combined TRACON& Tower with Radar,428,29,25,0,482,0,0,32,0,32,428,29,57,0,514,0,0,0,514
08/06/2017,TPA,FL,ASO,ES,Combined TRACON& Tower with Radar,402,39,41,0,482,1,0,29,0,30,403,39,70,0,512,0,0,0,512
08/07/2017,TPA,FL,ASO,ES,Combined TRACON& Tower with Radar,410,49,36,0,495,1,0,14,0,15,411,49,50,0,510,0,0,0,510
08/08/2017,TPA,FL,ASO,ES,Combined TRACON& Tower with Radar,425,62,51,0,538,0,0,19,0,19,425,62,70,0,557,0,0,0,557
08/09/2017,TPA,FL,ASO,ES,Combined TRACON& Tower with Radar,432,62,50,0,544,0,0,30,3,33,432,62,80,3,577,0,0,0,577
08/10/2017,TPA,FL,ASO,ES,Combined TRACON& Tower with Radar,419,61,32,0,512,0,0,17,0,17,419,61,49,0,529,0,0,0,529
08/11/2017,TPA,FL,ASO,ES,Combined TRACON& Tower with Radar,418,50,42,0,510,0,0,11,0,11,418,50,53,0,521,0,0,0,521
08/12/2017,TPA,FL,ASO,ES,Combined TRACON& Tower with Radar,429,31,26,0,486,0,1,3,0,4,429,32,29,0,490,0,0,0,490
08/13/2017,TPA,FL,ASO,ES,Combined TRACON& Tower with Radar,404,36,36,0,476,0,0,14,0,14,404,36,50,0,490,0,0,0,490
08/14/2017,TPA,FL,ASO,ES,Combined TRACON& Tower with Radar,420,53,32,0,505,0,0,21,0,21,420,53,53,0,526,0,0,0,526
08/15/2017,TPA,FL,ASO,ES,Combined TRACON& Tower with Radar,385,44,38,0,467,0,2,20,1,23,385,46,58,1,490,0,0,0,490
08/16/2017,TPA,FL,ASO,ES,Combined TRACON& Tower with Radar,392,51,45,4,492,1,0,18,0,19,393,51,63,4,511,0,0,0,511
08/17/2017,TPA,FL,ASO,ES,Combined TRACON& Tower with Radar,400,51,45,0,496,0,3,13,0,16,400,54,58,0,512,0,0,0,512
08/18/2017,TPA,FL,ASO,ES,Combined TRACON& Tower with Radar,373,58,43,2,476,1,1,12,0,14,374,59,55,2,490,0,0,0,490
08/19/2017,TPA,FL,ASO,ES,Combined TRACON& Tower with Radar,353,25,14,0,392,0,1,7,0,8,353,26,21,0,400,0,0,0,400
08/20/2017,TPA,FL,ASO,ES,Combined TRACON& Tower with Radar,385,34,17,2,438,0,0,14,0,14,385,34,31,2,452,0,0,0,452
08/21/2017,TPA,FL,ASO,ES,Combined TRACON& Tower with Radar,376,50,32,0,458,0,1,20,0,21,376,51,52,0,479,0,0,0,479
08/22/2017,TPA,FL,ASO,ES,Combined TRACON& Tower with Radar,374,56,53,6,489,0,0,16,0,16,374,56,69,6,505,0,0,0,505
08/23/2017,TPA,FL,ASO,ES,Combined TRACON& Tower with Radar,394,51,31,4,480,0,0,24,0,24,394,51,55,4,504,0,0,0,504
08/24/2017,TPA,FL,ASO,ES,Combined TRACON& Tower with Radar,385,45,53,0,483,0,0,13,2,15,385,45,66,2,498,0,0,0,498
08/25/2017,TPA,FL,ASO,ES,Combined TRACON& Tower with Radar,386,46,35,0,467,0,0,6,0,6,386,46,41,0,473,0,0,0,473
08/26/2017,TPA,FL,ASO,ES,Combined TRACON& Tower with Radar,322,30,18,0,370,0,0,6,0,6,322,30,24,0,376,0,0,0,376
08/27/2017,TPA,FL,ASO,ES,Combined TRACON& Tower with Radar,350,32,28,0,410,0,0,4,0,4,350,32,32,0,414,0,0,0,414
08/28/2017,TPA,FL,ASO,ES,Combined TRACON& Tower with Radar,367,44,20,0,431,1,0,5,0,6,368,44,25,0,437,0,0,0,437
08/29/2017,TPA,FL,ASO,ES,Combined TRACON& Tower with Radar,362,57,37,2,458,0,1,11,1,13,362,58,48,3,471,0,0,0,471
08/30/2017,TPA,FL,ASO,ES,Combined TRACON& Tower with Radar,364,53,50,0,467,0,2,15,0,17,364,55,65,0,484,0,0,0,484
08/31/2017,TPA,FL,ASO,ES,Combined TRACON& Tower with Radar,365,65,40,0,470,0,2,19,0,21,365,67,59,0,491,0,0,0,491
09/01/2017,TPA,FL,ASO,ES,Combined TRACON& Tower with Radar,364,54,59,0,477,0,2,17,1,20,364,56,76,1,497,0,0,0,497
09/02/2017,TPA,FL,ASO,ES,Combined TRACON& Tower with Radar,305,30,19,0,354,0,0,7,0,7,305,30,26,0,361,0,0,0,361
09/03/2017,TPA,FL,ASO,ES,Combined TRACON& Tower with Radar,296,34,21,0,351,0,0,12,0,12,296,34,33,0,363,0,0,0,363
09/04/2017,TPA,FL,ASO,ES,Combined TRACON& Tower with Radar,352,47,29,0,428,0,0,12,0,12,352,47,41,0,440,0,0,0,440
09/05/2017,TPA,FL,ASO,ES,Combined TRACON& Tower with Radar,344,62,47,0,453,0,0,19,0,19,344,62,66,0,472,0,0,0,472
09/06/2017,TPA,FL,ASO,ES,Combined TRACON& Tower with Radar,355,71,71,2,499,1,0,13,0,14,356,71,84,2,513,0,0,0,513
09/07/2017,TPA,FL,ASO,ES,Combined TRACON& Tower with Radar,363,70,85,1,519,0,2,20,0,22,363,72,105,1,541,0,0,0,541
09/08/2017,TPA,FL,ASO,ES,Combined TRACON& Tower with Radar,369,115,184,2,670,0,2,22,0,24,369,117,206,2,694,0,0,0,694
09/09/2017,TPA,FL,ASO,ES,Combined TRACON& Tower with Radar,208,58,83,2,351,0,2,9,0,11,208,60,92,2,362,0,0,0,362
09/10/2017,TPA,FL,ASO,ES,Combined TRACON& Tower with Radar,0,0,0,0,0,0,0,0,0,0,0,0,0,0,0,0,0,0,0
09/11/2017,TPA,FL,ASO,ES,Combined TRACON& Tower with Radar,0,2,2,0,4,0,0,5,0,5,0,2,7,0,9,0,0,0,9
09/12/2017,TPA,FL,ASO,ES,Combined TRACON& Tower with Radar,87,35,82,0,204,0,0,16,0,16,87,35,98,0,220,0,0,0,220
09/13/2017,TPA,FL,ASO,ES,Combined TRACON& Tower with Radar,239,84,78,2,403,0,3,25,0,28,239,87,103,2,431,0,0,0,431
09/14/2017,TPA,FL,ASO,ES,Combined TRACON& Tower with Radar,332,62,53,0,447,0,0,18,0,18,332,62,71,0,465,0,0,0,465
09/15/2017,TPA,FL,ASO,ES,Combined TRACON& Tower with Radar,355,46,52,0,453,1,0,23,0,24,356,46,75,0,477,0,0,0,477
09/16/2017,TPA,FL,ASO,ES,Combined TRACON& Tower with Radar,313,34,21,0,368,0,0,20,0,20,313,34,41,0,388,0,0,0,388
09/17/2017,TPA,FL,ASO,ES,Combined TRACON& Tower with Radar,361,46,39,0,446,1,0,13,0,14,362,46,52,0,460,0,0,0,460
09/18/2017,TPA,FL,ASO,ES,Combined TRACON& Tower with Radar,367,40,34,0,441,0,0,24,0,24,367,40,58,0,465,0,0,0,465
09/19/2017,TPA,FL,ASO,ES,Combined TRACON& Tower with Radar,357,45,58,4,464,0,0,12,0,12,357,45,70,4,476,0,0,0,476
09/20/2017,TPA,FL,ASO,ES,Combined TRACON& Tower with Radar,376,51,60,0,487,1,0,26,0,27,377,51,86,0,514,0,0,0,514
09/21/2017,TPA,FL,ASO,ES,Combined TRACON& Tower with Radar,365,49,56,0,470,0,0,27,1,28,365,49,83,1,498,0,0,0,498
09/22/2017,TPA,FL,ASO,ES,Combined TRACON& Tower with Radar,371,55,30,0,456,0,1,23,3,27,371,56,53,3,483,0,0,0,483
09/23/2017,TPA,FL,ASO,ES,Combined TRACON& Tower with Radar,317,43,15,1,376,0,0,21,0,21,317,43,36,1,397,0,0,0,397
09/24/2017,TPA,FL,ASO,ES,Combined TRACON& Tower with Radar,359,41,30,0,430,1,0,17,1,19,360,41,47,1,449,0,0,0,449
09/25/2017,TPA,FL,ASO,ES,Combined TRACON& Tower with Radar,365,48,45,2,460,1,1,14,0,16,366,49,59,2,476,0,0,0,476
09/26/2017,TPA,FL,ASO,ES,Combined TRACON& Tower with Radar,358,48,43,1,450,0,3,15,1,19,358,51,58,2,469,0,0,0,469
09/27/2017,TPA,FL,ASO,ES,Combined TRACON& Tower with Radar,370,53,46,0,469,1,0,35,0,36,371,53,81,0,505,0,0,0,505
09/28/2017,TPA,FL,ASO,ES,Combined TRACON& Tower with Radar,369,52,59,0,480,0,1,28,0,29,369,53,87,0,509,0,0,0,509
09/29/2017,TPA,FL,ASO,ES,Combined TRACON& Tower with Radar,375,44,37,0,456,1,1,15,2,19,376,45,52,2,475,0,0,0,475
09/30/2017,TPA,FL,ASO,ES,Combined TRACON& Tower with Radar,321,39,34,0,394,0,0,14,0,14,321,39,48,0,408,0,0,0,408
10/01/2017,TPA,FL,ASO,ES,Combined TRACON& Tower with Radar,363,45,42,0,450,0,0,12,0,12,363,45,54,0,462,0,0,0,462
10/02/2017,TPA,FL,ASO,ES,Combined TRACON& Tower with Radar,372,54,44,0,470,0,0,11,1,12,372,54,55,1,482,0,0,0,482
10/03/2017,TPA,FL,ASO,ES,Combined TRACON& Tower with Radar,356,52,45,2,455,0,0,18,0,18,356,52,63,2,473,0,0,0,473
10/04/2017,TPA,FL,ASO,ES,Combined TRACON& Tower with Radar,369,57,67,5,498,1,1,21,0,23,370,58,88,5,521,0,0,0,521
10/05/2017,TPA,FL,ASO,ES,Combined TRACON& Tower with Radar,393,70,72,0,535,0,2,20,0,22,393,72,92,0,557,0,0,0,557
10/06/2017,TPA,FL,ASO,ES,Combined TRACON& Tower with Radar,397,67,39,0,503,0,0,14,0,14,397,67,53,0,517,0,0,0,517
10/07/2017,TPA,FL,ASO,ES,Combined TRACON& Tower with Radar,347,56,30,2,435,0,0,11,2,13,347,56,41,4,448,0,0,0,448
10/08/2017,TPA,FL,ASO,ES,Combined TRACON& Tower with Radar,366,42,40,1,449,0,0,10,0,10,366,42,50,1,459,0,0,0,459
10/09/2017,TPA,FL,ASO,ES,Combined TRACON& Tower with Radar,390,54,30,0,474,0,2,20,1,23,390,56,50,1,497,0,0,0,497
10/10/2017,TPA,FL,ASO,ES,Combined TRACON& Tower with Radar,389,63,39,0,491,0,1,30,0,31,389,64,69,0,522,0,0,0,522
10/11/2017,TPA,FL,ASO,ES,Combined TRACON& Tower with Radar,398,47,45,1,491,1,1,29,1,32,399,48,74,2,523,0,0,0,523
10/12/2017,TPA,FL,ASO,ES,Combined TRACON& Tower with Radar,387,55,49,0,491,0,0,20,2,22,387,55,69,2,513,0,0,0,513
10/13/2017,TPA,FL,ASO,ES,Combined TRACON& Tower with Radar,409,53,43,0,505,1,0,16,0,17,410,53,59,0,522,0,0,0,522
10/14/2017,TPA,FL,ASO,ES,Combined TRACON& Tower with Radar,357,43,34,0,434,0,1,3,0,4,357,44,37,0,438,0,0,0,438
10/15/2017,TPA,FL,ASO,ES,Combined TRACON& Tower with Radar,374,49,49,4,476,1,0,11,0,12,375,49,60,4,488,0,0,0,488
10/16/2017,TPA,FL,ASO,ES,Combined TRACON& Tower with Radar,405,55,32,1,493,1,0,20,0,21,406,55,52,1,514,0,0,0,514
10/17/2017,TPA,FL,ASO,ES,Combined TRACON& Tower with Radar,388,53,48,0,489,0,0,10,0,10,388,53,58,0,499,0,0,0,499
10/18/2017,TPA,FL,ASO,ES,Combined TRACON& Tower with Radar,409,46,47,0,502,1,0,11,0,12,410,46,58,0,514,0,0,0,514
10/19/2017,TPA,FL,ASO,ES,Combined TRACON& Tower with Radar,400,53,65,0,518,0,1,21,0,22,400,54,86,0,540,0,0,0,540
10/20/2017,TPA,FL,ASO,ES,Combined TRACON& Tower with Radar,404,49,46,1,500,1,0,29,3,33,405,49,75,4,533,0,0,0,533
10/21/2017,TPA,FL,ASO,ES,Combined TRACON& Tower with Radar,356,43,38,2,439,0,2,10,0,12,356,45,48,2,451,0,0,0,451
10/22/2017,TPA,FL,ASO,ES,Combined TRACON& Tower with Radar,374,51,43,1,469,1,0,12,0,13,375,51,55,1,482,0,0,0,482
10/23/2017,TPA,FL,ASO,ES,Combined TRACON& Tower with Radar,390,48,30,1,469,1,0,9,0,10,391,48,39,1,479,0,0,0,479
10/24/2017,TPA,FL,ASO,ES,Combined TRACON& Tower with Radar,370,47,39,0,456,0,0,15,0,15,370,47,54,0,471,8,0,8,479
10/25/2017,TPA,FL,ASO,ES,Combined TRACON& Tower with Radar,408,52,39,0,499,1,1,29,2,33,409,53,68,2,532,0,0,0,532
10/26/2017,TPA,FL,ASO,ES,Combined TRACON& Tower with Radar,406,61,43,0,510,0,1,24,0,25,406,62,67,0,535,0,0,0,535
10/27/2017,TPA,FL,ASO,ES,Combined TRACON& Tower with Radar,402,55,41,0,498,1,1,43,0,45,403,56,84,0,543,0,0,0,543
10/28/2017,TPA,FL,ASO,ES,Combined TRACON& Tower with Radar,363,35,26,0,424,0,1,11,0,12,363,36,37,0,436,0,0,0,436
10/29/2017,TPA,FL,ASO,ES,Combined TRACON& Tower with Radar,365,60,42,0,467,1,1,21,0,23,366,61,63,0,490,0,0,0,490
10/30/2017,TPA,FL,ASO,ES,Combined TRACON& Tower with Radar,389,63,46,0,498,1,0,18,0,19,390,63,64,0,517,0,0,0,517
10/31/2017,TPA,FL,ASO,ES,Combined TRACON& Tower with Radar,370,35,16,0,421,0,0,33,0,33,370,35,49,0,454,0,0,0,454
11/01/2017,TPA,FL,ASO,ES,Combined TRACON& Tower with Radar,393,45,46,1,485,1,4,9,5,19,394,49,55,6,504,0,0,0,504
11/02/2017,TPA,FL,ASO,ES,Combined TRACON& Tower with Radar,404,57,67,2,530,0,0,24,0,24,404,57,91,2,554,0,0,0,554
11/03/2017,TPA,FL,ASO,ES,Combined TRACON& Tower with Radar,403,53,44,0,500,0,0,22,1,23,403,53,66,1,523,0,0,0,523
11/04/2017,TPA,FL,ASO,ES,Combined TRACON& Tower with Radar,346,29,22,2,399,0,3,13,0,16,346,32,35,2,415,0,0,0,415
11/05/2017,TPA,FL,ASO,ES,Combined TRACON& Tower with Radar,399,45,52,0,496,1,0,11,0,12,400,45,63,0,508,0,0,0,508
11/06/2017,TPA,FL,ASO,ES,Combined TRACON& Tower with Radar,412,45,33,0,490,1,0,21,0,22,413,45,54,0,512,0,0,0,512
11/07/2017,TPA,FL,ASO,ES,Combined TRACON& Tower with Radar,404,49,37,2,492,0,0,19,0,19,404,49,56,2,511,0,0,0,511
11/08/2017,TPA,FL,ASO,ES,Combined TRACON& Tower with Radar,413,54,51,2,520,1,0,27,4,32,414,54,78,6,552,12,0,12,564
11/09/2017,TPA,FL,ASO,ES,Combined TRACON& Tower with Radar,448,66,51,0,565,0,0,32,0,32,448,66,83,0,597,0,0,0,597
11/10/2017,TPA,FL,ASO,ES,Combined TRACON& Tower with Radar,477,50,46,0,573,0,0,11,0,11,477,50,57,0,584,0,0,0,584
11/11/2017,TPA,FL,ASO,ES,Combined TRACON& Tower with Radar,401,36,26,0,463,0,0,7,0,7,401,36,33,0,470,0,0,0,470
11/12/2017,TPA,FL,ASO,ES,Combined TRACON& Tower with Radar,447,66,49,0,562,0,0,16,0,16,447,66,65,0,578,0,0,0,578
11/13/2017,TPA,FL,ASO,ES,Combined TRACON& Tower with Radar,442,49,46,2,539,1,0,18,0,19,443,49,64,2,558,0,0,0,558
11/14/2017,TPA,FL,ASO,ES,Combined TRACON& Tower with Radar,438,52,63,3,556,0,0,60,2,62,438,52,123,5,618,0,0,0,618
11/15/2017,TPA,FL,ASO,ES,Combined TRACON& Tower with Radar,434,50,55,0,539,1,2,19,0,22,435,52,74,0,561,0,0,0,561
11/16/2017,TPA,FL,ASO,ES,Combined TRACON& Tower with Radar,466,63,59,0,588,0,0,15,1,16,466,63,74,1,604,0,0,0,604
11/17/2017,TPA,FL,ASO,ES,Combined TRACON& Tower with Radar,469,71,59,0,599,0,0,18,0,18,469,71,77,0,617,0,0,0,617
11/18/2017,TPA,FL,ASO,ES,Combined TRACON& Tower with Radar,436,45,34,1,516,0,1,7,4,12,436,46,41,5,528,0,0,0,528
11/19/2017,TPA,FL,ASO,ES,Combined TRACON& Tower with Radar,444,53,40,1,538,0,0,9,0,9,444,53,49,1,547,0,0,0,547
11/20/2017,TPA,FL,ASO,ES,Combined TRACON& Tower with Radar,441,48,47,0,536,1,0,19,0,20,442,48,66,0,556,0,0,0,556
11/21/2017,TPA,FL,ASO,ES,Combined TRACON& Tower with Radar,482,57,46,0,585,0,0,15,0,15,482,57,61,0,600,0,0,0,600
11/22/2017,TPA,FL,ASO,ES,Combined TRACON& Tower with Radar,492,47,39,0,578,0,0,20,0,20,492,47,59,0,598,0,0,0,598
11/23/2017,TPA,FL,ASO,ES,Combined TRACON& Tower with Radar,328,47,13,0,388,0,1,11,0,12,328,48,24,0,400,0,0,0,400
11/24/2017,TPA,FL,ASO,ES,Combined TRACON& Tower with Radar,400,51,25,0,476,0,0,3,0,3,400,51,28,0,479,0,0,0,479
11/25/2017,TPA,FL,ASO,ES,Combined TRACON& Tower with Radar,484,53,49,0,586,0,0,15,0,15,484,53,64,0,601,0,0,0,601
11/26/2017,TPA,FL,ASO,ES,Combined TRACON& Tower with Radar,482,64,56,1,603,0,0,23,0,23,482,64,79,1,626,0,0,0,626
11/27/2017,TPA,FL,ASO,ES,Combined TRACON& Tower with Radar,478,48,56,4,586,0,1,20,0,21,478,49,76,4,607,0,0,0,607
11/28/2017,TPA,FL,ASO,ES,Combined TRACON& Tower with Radar,441,57,46,5,549,0,0,26,0,26,441,57,72,5,575,0,0,0,575
11/29/2017,TPA,FL,ASO,ES,Combined TRACON& Tower with Radar,432,56,57,0,545,1,0,20,0,21,433,56,77,0,566,0,0,0,566
11/30/2017,TPA,FL,ASO,ES,Combined TRACON& Tower with Radar,459,58,63,0,580,0,0,14,0,14,459,58,77,0,594,0,0,0,594
12/01/2017,TPA,FL,ASO,ES,Combined TRACON& Tower with Radar,449,61,68,0,578,1,0,22,0,23,450,61,90,0,601,0,0,0,601
12/02/2017,TPA,FL,ASO,ES,Combined TRACON& Tower with Radar,394,46,46,0,486,0,2,24,0,26,394,48,70,0,512,0,0,0,512
12/03/2017,TPA,FL,ASO,ES,Combined TRACON& Tower with Radar,429,45,42,0,516,0,1,12,6,19,429,46,54,6,535,0,0,0,535
12/04/2017,TPA,FL,ASO,ES,Combined TRACON& Tower with Radar,437,52,50,5,544,0,0,11,0,11,437,52,61,5,555,0,0,0,555
12/05/2017,TPA,FL,ASO,ES,Combined TRACON& Tower with Radar,431,55,37,4,527,0,4,16,0,20,431,59,53,4,547,0,0,0,547
12/06/2017,TPA,FL,ASO,ES,Combined TRACON& Tower with Radar,442,50,48,2,542,0,0,11,0,11,442,50,59,2,553,0,0,0,553
12/07/2017,TPA,FL,ASO,ES,Combined TRACON& Tower with Radar,463,69,48,0,580,0,0,22,0,22,463,69,70,0,602,0,0,0,602
12/08/2017,TPA,FL,ASO,ES,Combined TRACON& Tower with Radar,423,53,64,1,541,0,0,12,0,12,423,53,76,1,553,0,0,0,553
12/09/2017,TPA,FL,ASO,ES,Combined TRACON& Tower with Radar,379,43,39,1,462,0,0,2,0,2,379,43,41,1,464,0,0,0,464
12/10/2017,TPA,FL,ASO,ES,Combined TRACON& Tower with Radar,427,54,45,2,528,1,0,14,0,15,428,54,59,2,543,0,0,0,543
12/11/2017,TPA,FL,ASO,ES,Combined TRACON& Tower with Radar,438,53,56,3,550,0,1,21,0,22,438,54,77,3,572,0,0,0,572
12/12/2017,TPA,FL,ASO,ES,Combined TRACON& Tower with Radar,426,55,59,0,540,0,1,15,0,16,426,56,74,0,556,0,0,0,556
12/13/2017,TPA,FL,ASO,ES,Combined TRACON& Tower with Radar,430,49,46,0,525,0,0,20,0,20,430,49,66,0,545,0,0,0,545
12/14/2017,TPA,FL,ASO,ES,Combined TRACON& Tower with Radar,457,67,44,2,570,0,1,25,0,26,457,68,69,2,596,0,0,0,596
12/15/2017,TPA,FL,ASO,ES,Combined TRACON& Tower with Radar,464,64,46,2,576,1,0,15,0,16,465,64,61,2,592,0,0,0,592
12/16/2017,TPA,FL,ASO,ES,Combined TRACON& Tower with Radar,421,45,37,0,503,0,0,18,0,18,421,45,55,0,521,0,0,0,521
12/17/2017,TPA,FL,ASO,ES,Combined TRACON& Tower with Radar,430,43,25,3,501,1,0,17,0,18,431,43,42,3,519,0,0,0,519
12/18/2017,TPA,FL,ASO,ES,Combined TRACON& Tower with Radar,463,62,67,0,592,1,1,19,0,21,464,63,86,0,613,0,0,0,613
12/19/2017,TPA,FL,ASO,ES,Combined TRACON& Tower with Radar,474,57,58,0,589,0,1,8,2,11,474,58,66,2,600,0,0,0,600
12/20/2017,TPA,FL,ASO,ES,Combined TRACON& Tower with Radar,480,50,48,1,579,1,1,15,4,21,481,51,63,5,600,0,0,0,600
12/21/2017,TPA,FL,ASO,ES,Combined TRACON& Tower with Radar,552,60,45,2,659,0,1,21,0,22,552,61,66,2,681,0,0,0,681
12/22/2017,TPA,FL,ASO,ES,Combined TRACON& Tower with Radar,545,54,59,2,660,1,0,11,2,14,546,54,70,4,674,0,0,0,674
12/23/2017,TPA,FL,ASO,ES,Combined TRACON& Tower with Radar,529,43,31,0,603,0,2,12,0,14,529,45,43,0,617,0,0,0,617
12/24/2017,TPA,FL,ASO,ES,Combined TRACON& Tower with Radar,438,38,5,2,483,0,0,4,0,4,438,38,9,2,487,0,0,0,487
12/25/2017,TPA,FL,ASO,ES,Combined TRACON& Tower with Radar,414,51,5,0,470,1,1,6,0,8,415,52,11,0,478,0,0,0,478
12/26/2017,TPA,FL,ASO,ES,Combined TRACON& Tower with Radar,525,67,37,0,629,0,2,12,0,14,525,69,49,0,643,0,0,0,643
12/27/2017,TPA,FL,ASO,ES,Combined TRACON& Tower with Radar,531,58,37,4,630,0,1,19,0,20,531,59,56,4,650,0,0,0,650
12/28/2017,TPA,FL,ASO,ES,Combined TRACON& Tower with Radar,542,64,38,3,647,0,1,16,5,22,542,65,54,8,669,0,0,0,669
12/29/2017,TPA,FL,ASO,ES,Combined TRACON& Tower with Radar,542,62,26,2,632,0,0,6,0,6,542,62,32,2,638,0,0,0,638
12/30/2017,TPA,FL,ASO,ES,Combined TRACON& Tower with Radar,530,51,29,0,610,0,0,13,0,13,530,51,42,0,623,0,0,0,623
12/31/2017,TPA,FL,ASO,ES,Combined TRACON& Tower with Radar,464,52,47,0,563,0,0,7,2,9,464,52,54,2,572,0,0,0,572
01/01/2018,TPA,FL,ASO,ES,Combined TRACON& Tower with Radar,453,72,39,0,564,0,0,3,0,3,453,72,42,0,567,0,0,0,567
01/02/2018,TPA,FL,ASO,ES,Combined TRACON& Tower with Radar,513,53,47,3,616,0,0,9,0,9,513,53,56,3,625,0,0,0,625
01/03/2018,TPA,FL,ASO,ES,Combined TRACON& Tower with Radar,489,58,33,0,580,0,0,7,0,7,489,58,40,0,587,0,0,0,587
01/04/2018,TPA,FL,ASO,ES,Combined TRACON& Tower with Radar,405,50,32,1,488,0,0,16,4,20,405,50,48,5,508,0,0,0,508
01/05/2018,TPA,FL,ASO,ES,Combined TRACON& Tower with Radar,458,59,48,1,566,0,1,26,3,30,458,60,74,4,596,0,0,0,596
01/06/2018,TPA,FL,ASO,ES,Combined TRACON& Tower with Radar,434,45,39,0,518,0,0,18,4,22,434,45,57,4,540,0,0,0,540
01/07/2018,TPA,FL,ASO,ES,Combined TRACON& Tower with Radar,470,45,37,2,554,0,0,17,1,18,470,45,54,3,572,0,0,0,572
01/08/2018,TPA,FL,ASO,ES,Combined TRACON& Tower with Radar,457,59,38,0,554,1,0,19,0,20,458,59,57,0,574,0,0,0,574
01/09/2018,TPA,FL,ASO,ES,Combined TRACON& Tower with Radar,472,52,55,0,579,0,0,12,0,12,472,52,67,0,591,0,0,0,591
01/10/2018,TPA,FL,ASO,ES,Combined TRACON& Tower with Radar,474,54,52,4,584,0,0,11,0,11,474,54,63,4,595,0,0,0,595
01/11/2018,TPA,FL,ASO,ES,Combined TRACON& Tower with Radar,482,57,55,0,594,0,0,12,0,12,482,57,67,0,606,0,0,0,606
01/12/2018,TPA,FL,ASO,ES,Combined TRACON& Tower with Radar,457,78,67,1,603,1,0,11,0,12,458,78,78,1,615,0,0,0,615
01/13/2018,TPA,FL,ASO,ES,Combined TRACON& Tower with Radar,417,46,41,0,504,0,0,6,0,6,417,46,47,0,510,0,0,0,510
01/14/2018,TPA,FL,ASO,ES,Combined TRACON& Tower with Radar,428,42,32,1,503,1,1,15,1,18,429,43,47,2,521,0,0,0,521
01/15/2018,TPA,FL,ASO,ES,Combined TRACON& Tower with Radar,457,54,51,0,562,1,0,28,0,29,458,54,79,0,591,0,0,0,591
01/16/2018,TPA,FL,ASO,ES,Combined TRACON& Tower with Radar,447,52,64,0,563,0,2,20,0,22,447,54,84,0,585,0,0,0,585
01/17/2018,TPA,FL,ASO,ES,Combined TRACON& Tower with Radar,426,57,58,0,541,0,1,26,2,29,426,58,84,2,570,0,0,0,570
01/18/2018,TPA,FL,ASO,ES,Combined TRACON& Tower with Radar,472,65,46,0,583,0,1,33,0,34,472,66,79,0,617,0,0,0,617
01/19/2018,TPA,FL,ASO,ES,Combined TRACON& Tower with Radar,477,57,60,4,598,1,2,20,0,23,478,59,80,4,621,0,0,0,621
01/20/2018,TPA,FL,ASO,ES,Combined TRACON& Tower with Radar,431,44,36,0,511,0,0,24,0,24,431,44,60,0,535,0,0,0,535
01/21/2018,TPA,FL,ASO,ES,Combined TRACON& Tower with Radar,446,50,47,2,545,0,0,14,1,15,446,50,61,3,560,0,0,0,560
01/22/2018,TPA,FL,ASO,ES,Combined TRACON& Tower with Radar,461,57,61,3,582,0,1,11,0,12,461,58,72,3,594,0,0,0,594
01/23/2018,TPA,FL,ASO,ES,Combined TRACON& Tower with Radar,464,57,56,1,578,0,0,16,1,17,464,57,72,2,595,0,0,0,595
01/24/2018,TPA,FL,ASO,ES,Combined TRACON& Tower with Radar,472,65,47,0,584,0,0,23,4,27,472,65,70,4,611,0,0,0,611
01/25/2018,TPA,FL,ASO,ES,Combined TRACON& Tower with Radar,483,64,67,2,616,0,1,20,1,22,483,65,87,3,638,0,0,0,638
01/26/2018,TPA,FL,ASO,ES,Combined TRACON& Tower with Radar,482,74,60,2,618,0,0,27,0,27,482,74,87,2,645,0,0,0,645
01/27/2018,TPA,FL,ASO,ES,Combined TRACON& Tower with Radar,426,46,33,0,505,0,2,39,0,41,426,48,72,0,546,0,0,0,546
01/28/2018,TPA,FL,ASO,ES,Combined TRACON& Tower with Radar,459,79,53,0,591,1,0,5,0,6,460,79,58,0,597,0,0,0,597
01/29/2018,TPA,FL,ASO,ES,Combined TRACON& Tower with Radar,465,62,61,0,588,1,0,5,0,6,466,62,66,0,594,0,0,0,594
01/30/2018,TPA,FL,ASO,ES,Combined TRACON& Tower with Radar,471,54,53,4,582,0,0,34,0,34,471,54,87,4,616,0,0,0,616
01/31/2018,TPA,FL,ASO,ES,Combined TRACON& Tower with Radar,472,58,61,0,591,1,1,32,0,34,473,59,93,0,625,0,0,0,625
02/01/2018,TPA,FL,ASO,ES,Combined TRACON& Tower with Radar,481,74,45,0,600,0,1,24,4,29,481,75,69,4,629,0,0,0,629
02/02/2018,TPA,FL,ASO,ES,Combined TRACON& Tower with Radar,479,68,38,0,585,0,1,30,0,31,479,69,68,0,616,0,0,0,616
02/03/2018,TPA,FL,ASO,ES,Combined TRACON& Tower with Radar,439,44,28,0,511,0,0,9,0,9,439,44,37,0,520,0,0,0,520
02/04/2018,TPA,FL,ASO,ES,Combined TRACON& Tower with Radar,423,37,30,0,490,1,0,7,0,8,424,37,37,0,498,0,0,0,498
02/05/2018,TPA,FL,ASO,ES,Combined TRACON& Tower with Radar,470,56,39,0,565,0,0,8,0,8,470,56,47,0,573,0,0,0,573
02/06/2018,TPA,FL,ASO,ES,Combined TRACON& Tower with Radar,473,49,44,0,566,0,0,23,0,23,473,49,67,0,589,0,0,0,589
02/07/2018,TPA,FL,ASO,ES,Combined TRACON& Tower with Radar,455,64,59,3,581,1,1,24,0,26,456,65,83,3,607,0,0,0,607
02/08/2018,TPA,FL,ASO,ES,Combined TRACON& Tower with Radar,484,61,76,2,623,0,0,17,0,17,484,61,93,2,640,0,0,0,640
02/09/2018,TPA,FL,ASO,ES,Combined TRACON& Tower with Radar,464,62,55,5,586,1,0,20,0,21,465,62,75,5,607,0,0,0,607
02/10/2018,TPA,FL,ASO,ES,Combined TRACON& Tower with Radar,439,48,36,2,525,0,0,8,0,8,439,48,44,2,533,0,0,0,533
02/11/2018,TPA,FL,ASO,ES,Combined TRACON& Tower with Radar,447,54,65,2,568,0,2,14,0,16,447,56,79,2,584,0,0,0,584
02/12/2018,TPA,FL,ASO,ES,Combined TRACON& Tower with Radar,467,55,65,1,588,1,0,18,3,22,468,55,83,4,610,0,0,0,610
02/13/2018,TPA,FL,ASO,ES,Combined TRACON& Tower with Radar,482,53,74,5,614,0,0,19,0,19,482,53,93,5,633,0,0,0,633
02/14/2018,TPA,FL,ASO,ES,Combined TRACON& Tower with Radar,455,41,57,0,553,0,0,13,0,13,455,41,70,0,566,0,0,0,566
02/15/2018,TPA,FL,ASO,ES,Combined TRACON& Tower with Radar,497,57,79,3,636,0,0,13,0,13,497,57,92,3,649,0,0,0,649
02/16/2018,TPA,FL,ASO,ES,Combined TRACON& Tower with Radar,507,55,75,1,638,1,2,29,0,32,508,57,104,1,670,0,0,0,670
02/17/2018,TPA,FL,ASO,ES,Combined TRACON& Tower with Radar,460,44,37,1,542,0,0,7,0,7,460,44,44,1,549,0,0,0,549
02/18/2018,TPA,FL,ASO,ES,Combined TRACON& Tower with Radar,475,55,60,0,590,0,0,23,0,23,475,55,83,0,613,0,0,0,613
02/19/2018,TPA,FL,ASO,ES,Combined TRACON& Tower with Radar,486,58,52,0,596,0,1,22,0,23,486,59,74,0,619,0,0,0,619
02/20/2018,TPA,FL,ASO,ES,Combined TRACON& Tower with Radar,492,53,57,0,602,0,0,11,0,11,492,53,68,0,613,0,0,0,613
02/21/2018,TPA,FL,ASO,ES,Combined TRACON& Tower with Radar,499,59,60,2,620,1,1,22,0,24,500,60,82,2,644,0,0,0,644
02/22/2018,TPA,FL,ASO,ES,Combined TRACON& Tower with Radar,502,78,72,1,653,0,0,24,0,24,502,78,96,1,677,0,0,0,677
02/23/2018,TPA,FL,ASO,ES,Combined TRACON& Tower with Radar,498,59,53,0,610,1,0,21,0,22,499,59,74,0,632,0,0,0,632
02/24/2018,TPA,FL,ASO,ES,Combined TRACON& Tower with Radar,477,40,41,1,559,0,0,12,0,12,477,40,53,1,571,0,0,0,571
02/25/2018,TPA,FL,ASO,ES,Combined TRACON& Tower with Radar,482,44,45,0,571,1,0,13,1,15,483,44,58,1,586,0,0,0,586
02/26/2018,TPA,FL,ASO,ES,Combined TRACON& Tower with Radar,487,60,54,4,605,0,1,30,0,31,487,61,84,4,636,0,0,0,636
02/27/2018,TPA,FL,ASO,ES,Combined TRACON& Tower with Radar,489,53,76,2,620,0,0,30,0,30,489,53,106,2,650,0,0,0,650
02/28/2018,TPA,FL,ASO,ES,Combined TRACON& Tower with Radar,493,63,52,4,612,1,0,24,2,27,494,63,76,6,639,0,0,0,639
03/01/2018,TPA,FL,ASO,ES,Combined TRACON& Tower with Radar,499,58,57,0,614,0,0,21,1,22,499,58,78,1,636,0,0,0,636
03/02/2018,TPA,FL,ASO,ES,Combined TRACON& Tower with Radar,447,75,46,2,570,1,1,38,0,40,448,76,84,2,610,0,0,0,610
03/03/2018,TPA,FL,ASO,ES,Combined TRACON& Tower with Radar,472,43,43,6,564,0,0,20,0,20,472,43,63,6,584,0,0,0,584
03/04/2018,TPA,FL,ASO,ES,Combined TRACON& Tower with Radar,475,64,51,0,590,0,2,15,0,17,475,66,66,0,607,0,0,0,607
03/05/2018,TPA,FL,ASO,ES,Combined TRACON& Tower with Radar,479,59,44,0,582,0,0,23,2,25,479,59,67,2,607,0,0,0,607
03/06/2018,TPA,FL,ASO,ES,Combined TRACON& Tower with Radar,492,59,57,0,608,0,0,20,1,21,492,59,77,1,629,0,0,0,629
03/07/2018,TPA,FL,ASO,ES,Combined TRACON& Tower with Radar,446,55,72,0,573,0,1,13,0,14,446,56,85,0,587,0,0,0,587
03/08/2018,TPA,FL,ASO,ES,Combined TRACON& Tower with Radar,506,53,64,0,623,0,1,38,0,39,506,54,102,0,662,0,0,0,662
03/09/2018,TPA,FL,ASO,ES,Combined TRACON& Tower with Radar,523,70,57,0,650,0,0,23,1,24,523,70,80,1,674,0,0,0,674
03/10/2018,TPA,FL,ASO,ES,Combined TRACON& Tower with Radar,557,56,65,0,678,1,2,13,0,16,558,58,78,0,694,0,0,0,694
03/11/2018,TPA,FL,ASO,ES,Combined TRACON& Tower with Radar,535,49,64,0,648,0,0,14,0,14,535,49,78,0,662,0,0,0,662
03/12/2018,TPA,FL,ASO,ES,Combined TRACON& Tower with Radar,508,44,59,0,611,1,0,12,1,14,509,44,71,1,625,0,0,0,625
03/13/2018,TPA,FL,ASO,ES,Combined TRACON& Tower with Radar,497,60,33,2,592,0,0,32,0,32,497,60,65,2,624,0,0,0,624
03/14/2018,TPA,FL,ASO,ES,Combined TRACON& Tower with Radar,511,61,47,2,621,0,0,38,0,38,511,61,85,2,659,0,0,0,659
03/15/2018,TPA,FL,ASO,ES,Combined TRACON& Tower with Radar,530,57,56,2,645,0,0,28,0,28,530,57,84,2,673,0,0,0,673
03/16/2018,TPA,FL,ASO,ES,Combined TRACON& Tower with Radar,527,48,41,2,618,3,0,15,0,18,530,48,56,2,636,0,0,0,636
03/17/2018,TPA,FL,ASO,ES,Combined TRACON& Tower with Radar,556,52,43,0,651,0,0,12,0,12,556,52,55,0,663,0,0,0,663
03/18/2018,TPA,FL,ASO,ES,Combined TRACON& Tower with Radar,535,56,68,0,659,1,1,22,0,24,536,57,90,0,683,0,0,0,683
03/19/2018,TPA,FL,ASO,ES,Combined TRACON& Tower with Radar,522,58,57,1,638,1,1,8,0,10,523,59,65,1,648,0,0,0,648
03/20/2018,TPA,FL,ASO,ES,Combined TRACON& Tower with Radar,511,63,53,2,629,0,0,5,0,5,511,63,58,2,634,0,0,0,634
03/21/2018,TPA,FL,ASO,ES,Combined TRACON& Tower with Radar,444,73,44,0,561,1,0,28,3,32,445,73,72,3,593,0,0,0,593
03/22/2018,TPA,FL,ASO,ES,Combined TRACON& Tower with Radar,506,62,52,4,624,0,1,19,0,20,506,63,71,4,644,0,0,0,644
03/23/2018,TPA,FL,ASO,ES,Combined TRACON& Tower with Radar,527,57,52,0,636,0,0,26,0,26,527,57,78,0,662,0,0,0,662
03/24/2018,TPA,FL,ASO,ES,Combined TRACON& Tower with Radar,554,47,35,2,638,0,0,25,0,25,554,47,60,2,663,0,0,0,663
03/25/2018,TPA,FL,ASO,ES,Combined TRACON& Tower with Radar,543,45,49,0,637,1,0,23,0,24,544,45,72,0,661,0,0,0,661
03/26/2018,TPA,FL,ASO,ES,Combined TRACON& Tower with Radar,503,60,62,0,625,1,0,16,0,17,504,60,78,0,642,0,0,0,642
03/27/2018,TPA,FL,ASO,ES,Combined TRACON& Tower with Radar,532,61,44,0,637,0,0,26,0,26,532,61,70,0,663,0,0,0,663
03/28/2018,TPA,FL,ASO,ES,Combined TRACON& Tower with Radar,508,67,60,0,635,0,1,23,0,24,508,68,83,0,659,0,0,0,659
03/29/2018,TPA,FL,ASO,ES,Combined TRACON& Tower with Radar,524,66,53,0,643,0,2,20,4,26,524,68,73,4,669,0,0,0,669
03/30/2018,TPA,FL,ASO,ES,Combined TRACON& Tower with Radar,522,54,50,1,627,1,0,9,0,10,523,54,59,1,637,0,0,0,637
03/31/2018,TPA,FL,ASO,ES,Combined TRACON& Tower with Radar,559,44,41,0,644,0,0,10,0,10,559,44,51,0,654,0,0,0,654
04/01/2018,TPA,FL,ASO,ES,Combined TRACON& Tower with Radar,535,53,34,0,622,1,1,11,0,13,536,54,45,0,635,0,0,0,635
04/02/2018,TPA,FL,ASO,ES,Combined TRACON& Tower with Radar,498,50,46,2,596,0,0,28,2,30,498,50,74,4,626,0,0,0,626
04/03/2018,TPA,FL,ASO,ES,Combined TRACON& Tower with Radar,521,44,59,2,626,0,2,29,0,31,521,46,88,2,657,0,0,0,657
04/04/2018,TPA,FL,ASO,ES,Combined TRACON& Tower with Radar,514,47,57,0,618,0,1,25,0,26,514,48,82,0,644,0,0,0,644
04/05/2018,TPA,FL,ASO,ES,Combined TRACON& Tower with Radar,534,53,58,3,648,0,0,25,0,25,534,53,83,3,673,0,0,0,673
04/06/2018,TPA,FL,ASO,ES,Combined TRACON& Tower with Radar,514,55,51,0,620,0,1,26,0,27,514,56,77,0,647,0,0,0,647
04/07/2018,TPA,FL,ASO,ES,Combined TRACON& Tower with Radar,543,49,39,1,632,0,1,13,0,14,543,50,52,1,646,0,0,0,646
04/08/2018,TPA,FL,ASO,ES,Combined TRACON& Tower with Radar,492,48,62,0,602,0,0,11,0,11,492,48,73,0,613,10,0,10,623
04/09/2018,TPA,FL,ASO,ES,Combined TRACON& Tower with Radar,472,61,53,0,586,0,0,8,0,8,472,61,61,0,594,0,0,0,594
04/10/2018,TPA,FL,ASO,ES,Combined TRACON& Tower with Radar,499,53,47,0,599,1,0,3,0,4,500,53,50,0,603,0,0,0,603
04/11/2018,TPA,FL,ASO,ES,Combined TRACON& Tower with Radar,493,59,69,3,624,0,1,32,0,33,493,60,101,3,657,0,0,0,657
04/12/2018,TPA,FL,ASO,ES,Combined TRACON& Tower with Radar,477,60,67,0,604,0,1,34,0,35,477,61,101,0,639,0,0,0,639
04/13/2018,TPA,FL,ASO,ES,Combined TRACON& Tower with Radar,475,50,48,0,573,0,0,19,0,19,475,50,67,0,592,0,0,0,592
04/14/2018,TPA,FL,ASO,ES,Combined TRACON& Tower with Radar,425,47,34,0,506,0,0,24,0,24,425,47,58,0,530,0,0,0,530
04/15/2018,TPA,FL,ASO,ES,Combined TRACON& Tower with Radar,448,48,36,2,534,1,0,3,0,4,449,48,39,2,538,0,0,0,538
04/16/2018,TPA,FL,ASO,ES,Combined TRACON& Tower with Radar,457,58,68,4,587,1,2,15,0,18,458,60,83,4,605,0,0,0,605
04/17/2018,TPA,FL,ASO,ES,Combined TRACON& Tower with Radar,477,64,54,0,595,0,0,11,0,11,477,64,65,0,606,0,0,0,606
04/18/2018,TPA,FL,ASO,ES,Combined TRACON& Tower with Radar,461,56,66,0,583,0,3,14,0,17,461,59,80,0,600,0,0,0,600
04/19/2018,TPA,FL,ASO,ES,Combined TRACON& Tower with Radar,485,51,60,2,598,0,0,28,0,28,485,51,88,2,626,0,0,0,626
04/20/2018,TPA,FL,ASO,ES,Combined TRACON& Tower with Radar,472,54,61,0,587,1,1,29,0,31,473,55,90,0,618,0,0,0,618
04/21/2018,TPA,FL,ASO,ES,Combined TRACON& Tower with Radar,427,46,40,0,513,0,0,14,0,14,427,46,54,0,527,0,0,0,527
04/22/2018,TPA,FL,ASO,ES,Combined TRACON& Tower with Radar,453,41,54,0,548,1,0,12,0,13,454,41,66,0,561,0,0,0,561
04/23/2018,TPA,FL,ASO,ES,Combined TRACON& Tower with Radar,462,38,50,2,552,1,0,13,2,16,463,38,63,4,568,0,0,0,568
04/24/2018,TPA,FL,ASO,ES,Combined TRACON& Tower with Radar,459,62,65,4,590,0,0,17,0,17,459,62,82,4,607,0,0,0,607
04/25/2018,TPA,FL,ASO,ES,Combined TRACON& Tower with Radar,455,63,60,2,580,0,0,20,2,22,455,63,80,4,602,0,0,0,602
04/26/2018,TPA,FL,ASO,ES,Combined TRACON& Tower with Radar,480,52,59,4,595,0,1,10,0,11,480,53,69,4,606,0,0,0,606
04/27/2018,TPA,FL,ASO,ES,Combined TRACON& Tower with Radar,469,66,45,2,582,0,1,29,0,30,469,67,74,2,612,0,0,0,612
04/28/2018,TPA,FL,ASO,ES,Combined TRACON& Tower with Radar,422,45,27,0,494,0,1,8,0,9,422,46,35,0,503,0,0,0,503
04/29/2018,TPA,FL,ASO,ES,Combined TRACON& Tower with Radar,450,36,36,0,522,1,0,19,0,20,451,36,55,0,542,0,0,0,542
04/30/2018,TPA,FL,ASO,ES,Combined TRACON& Tower with Radar,458,50,46,0,554,1,0,19,0,20,459,50,65,0,574,0,0,0,574
05/01/2018,TPA,FL,ASO,ES,Combined TRACON& Tower with Radar,459,64,40,2,565,0,0,14,2,16,459,64,54,4,581,0,0,0,581
05/02/2018,TPA,FL,ASO,ES,Combined TRACON& Tower with Radar,456,57,41,0,554,1,0,30,0,31,457,57,71,0,585,0,0,0,585
05/03/2018,TPA,FL,ASO,ES,Combined TRACON& Tower with Radar,462,63,60,0,585,0,0,15,0,15,462,63,75,0,600,0,0,0,600
05/04/2018,TPA,FL,ASO,ES,Combined TRACON& Tower with Radar,467,72,61,3,603,1,0,11,0,12,468,72,72,3,615,0,0,0,615
05/05/2018,TPA,FL,ASO,ES,Combined TRACON& Tower with Radar,425,42,55,0,522,0,0,13,0,13,425,42,68,0,535,0,0,0,535
05/06/2018,TPA,FL,ASO,ES,Combined TRACON& Tower with Radar,440,58,53,1,552,1,1,10,0,12,441,59,63,1,564,0,0,0,564
05/07/2018,TPA,FL,ASO,ES,Combined TRACON& Tower with Radar,456,54,43,0,553,0,1,13,0,14,456,55,56,0,567,0,0,0,567
05/08/2018,TPA,FL,ASO,ES,Combined TRACON& Tower with Radar,448,61,62,2,573,0,1,36,0,37,448,62,98,2,610,0,0,0,610
05/09/2018,TPA,FL,ASO,ES,Combined TRACON& Tower with Radar,446,53,40,2,541,1,0,34,0,35,447,53,74,2,576,0,0,0,576
05/10/2018,TPA,FL,ASO,ES,Combined TRACON& Tower with Radar,467,53,45,3,568,0,1,23,2,26,467,54,68,5,594,0,0,0,594
05/11/2018,TPA,FL,ASO,ES,Combined TRACON& Tower with Radar,469,52,52,4,577,0,0,22,1,23,469,52,74,5,600,0,0,0,600
05/12/2018,TPA,FL,ASO,ES,Combined TRACON& Tower with Radar,419,44,26,1,490,0,0,4,6,10,419,44,30,7,500,0,0,0,500
05/13/2018,TPA,FL,ASO,ES,Combined TRACON& Tower with Radar,427,53,51,0,531,0,0,6,0,6,427,53,57,0,537,0,0,0,537
05/14/2018,TPA,FL,ASO,ES,Combined TRACON& Tower with Radar,452,55,36,0,543,1,0,2,0,3,453,55,38,0,546,0,0,0,546
05/15/2018,TPA,FL,ASO,ES,Combined TRACON& Tower with Radar,437,53,53,1,544,0,0,19,0,19,437,53,72,1,563,0,0,0,563
05/16/2018,TPA,FL,ASO,ES,Combined TRACON& Tower with Radar,456,51,66,0,573,0,0,11,0,11,456,51,77,0,584,0,0,0,584
05/17/2018,TPA,FL,ASO,ES,Combined TRACON& Tower with Radar,465,55,68,0,588,0,2,10,0,12,465,57,78,0,600,0,0,0,600
05/18/2018,TPA,FL,ASO,ES,Combined TRACON& Tower with Radar,462,53,39,1,555,1,1,10,0,12,463,54,49,1,567,0,0,0,567
05/19/2018,TPA,FL,ASO,ES,Combined TRACON& Tower with Radar,421,46,25,1,493,0,0,6,0,6,421,46,31,1,499,0,0,0,499
05/20/2018,TPA,FL,ASO,ES,Combined TRACON& Tower with Radar,424,48,48,0,520,1,0,2,0,3,425,48,50,0,523,0,0,0,523
05/21/2018,TPA,FL,ASO,ES,Combined TRACON& Tower with Radar,458,54,46,1,559,1,0,10,0,11,459,54,56,1,570,0,0,0,570
05/22/2018,TPA,FL,ASO,ES,Combined TRACON& Tower with Radar,460,63,40,3,566,0,0,15,0,15,460,63,55,3,581,0,0,0,581
05/23/2018,TPA,FL,ASO,ES,Combined TRACON& Tower with Radar,462,62,66,1,591,1,0,20,0,21,463,62,86,1,612,0,0,0,612
05/24/2018,TPA,FL,ASO,ES,Combined TRACON& Tower with Radar,471,57,49,0,577,0,0,20,0,20,471,57,69,0,597,0,0,0,597
05/25/2018,TPA,FL,ASO,ES,Combined TRACON& Tower with Radar,460,46,47,0,553,0,0,11,0,11,460,46,58,0,564,0,0,0,564
05/26/2018,TPA,FL,ASO,ES,Combined TRACON& Tower with Radar,416,42,23,2,483,0,0,2,0,2,416,42,25,2,485,0,0,0,485
05/27/2018,TPA,FL,ASO,ES,Combined TRACON& Tower with Radar,383,31,16,0,430,0,0,5,0,5,383,31,21,0,435,0,0,0,435
05/28/2018,TPA,FL,ASO,ES,Combined TRACON& Tower with Radar,426,45,49,0,520,1,0,8,0,9,427,45,57,0,529,0,0,0,529
05/29/2018,TPA,FL,ASO,ES,Combined TRACON& Tower with Radar,440,54,47,0,541,0,0,13,0,13,440,54,60,0,554,0,0,0,554
05/30/2018,TPA,FL,ASO,ES,Combined TRACON& Tower with Radar,456,41,32,0,529,1,0,9,0,10,457,41,41,0,539,0,0,0,539
05/31/2018,TPA,FL,ASO,ES,Combined TRACON& Tower with Radar,454,53,36,0,543,0,0,15,0,15,454,53,51,0,558,0,0,0,558
06/01/2018,TPA,FL,ASO,ES,Combined TRACON& Tower with Radar,460,44,43,2,549,0,1,25,0,26,460,45,68,2,575,0,0,0,575
06/02/2018,TPA,FL,ASO,ES,Combined TRACON& Tower with Radar,412,39,25,0,476,0,0,14,0,14,412,39,39,0,490,0,0,0,490
06/03/2018,TPA,FL,ASO,ES,Combined TRACON& Tower with Radar,420,49,48,5,522,0,0,13,1,14,420,49,61,6,536,0,0,0,536
06/04/2018,TPA,FL,ASO,ES,Combined TRACON& Tower with Radar,452,48,46,1,547,1,2,10,0,13,453,50,56,1,560,0,0,0,560
06/05/2018,TPA,FL,ASO,ES,Combined TRACON& Tower with Radar,446,52,29,2,529,0,0,13,0,13,446,52,42,2,542,0,0,0,542
06/06/2018,TPA,FL,ASO,ES,Combined TRACON& Tower with Radar,451,58,42,0,551,1,0,15,0,16,452,58,57,0,567,10,0,10,577
06/07/2018,TPA,FL,ASO,ES,Combined TRACON& Tower with Radar,472,51,40,0,563,0,0,18,0,18,472,51,58,0,581,0,0,0,581
06/08/2018,TPA,FL,ASO,ES,Combined TRACON& Tower with Radar,442,51,53,0,546,1,0,17,2,20,443,51,70,2,566,0,0,0,566
06/09/2018,TPA,FL,ASO,ES,Combined TRACON& Tower with Radar,431,34,18,1,484,0,0,11,0,11,431,34,29,1,495,0,0,0,495
06/10/2018,TPA,FL,ASO,ES,Combined TRACON& Tower with Radar,428,60,39,2,529,1,0,14,0,15,429,60,53,2,544,0,0,0,544
06/11/2018,TPA,FL,ASO,ES,Combined TRACON& Tower with Radar,445,44,43,0,532,0,0,24,0,24,445,44,67,0,556,0,0,0,556
06/12/2018,TPA,FL,ASO,ES,Combined TRACON& Tower with Radar,439,53,42,2,536,0,0,17,0,17,439,53,59,2,553,0,0,0,553
06/13/2018,TPA,FL,ASO,ES,Combined TRACON& Tower with Radar,440,50,58,0,548,0,0,14,0,14,440,50,72,0,562,0,0,0,562
06/14/2018,TPA,FL,ASO,ES,Combined TRACON& Tower with Radar,464,57,54,0,575,0,0,17,0,17,464,57,71,0,592,0,0,0,592
06/15/2018,TPA,FL,ASO,ES,Combined TRACON& Tower with Radar,438,49,37,0,524,0,0,16,0,16,438,49,53,0,540,0,0,0,540
06/16/2018,TPA,FL,ASO,ES,Combined TRACON& Tower with Radar,445,36,36,0,517,0,1,12,0,13,445,37,48,0,530,0,0,0,530
06/17/2018,TPA,FL,ASO,ES,Combined TRACON& Tower with Radar,425,37,40,0,502,0,0,18,0,18,425,37,58,0,520,0,0,0,520
06/18/2018,TPA,FL,ASO,ES,Combined TRACON& Tower with Radar,432,47,35,1,515,0,0,22,1,23,432,47,57,2,538,0,0,0,538
06/19/2018,TPA,FL,ASO,ES,Combined TRACON& Tower with Radar,433,45,35,0,513,0,0,19,0,19,433,45,54,0,532,0,0,0,532
06/20/2018,TPA,FL,ASO,ES,Combined TRACON& Tower with Radar,438,54,46,0,538,1,0,18,0,19,439,54,64,0,557,0,0,0,557
06/21/2018,TPA,FL,ASO,ES,Combined TRACON& Tower with Radar,452,54,63,1,570,0,0,19,0,19,452,54,82,1,589,0,0,0,589
06/22/2018,TPA,FL,ASO,ES,Combined TRACON& Tower with Radar,446,41,42,0,529,1,0,27,0,28,447,41,69,0,557,0,0,0,557
06/23/2018,TPA,FL,ASO,ES,Combined TRACON& Tower with Radar,452,38,30,0,520,0,0,17,0,17,452,38,47,0,537,0,0,0,537
06/24/2018,TPA,FL,ASO,ES,Combined TRACON& Tower with Radar,402,40,43,2,487,1,0,9,0,10,403,40,52,2,497,0,0,0,497
06/25/2018,TPA,FL,ASO,ES,Combined TRACON& Tower with Radar,432,42,34,1,509,1,0,19,0,20,433,42,53,1,529,0,0,0,529
06/26/2018,TPA,FL,ASO,ES,Combined TRACON& Tower with Radar,449,43,59,0,551,0,0,20,0,20,449,43,79,0,571,0,0,0,571
06/27/2018,TPA,FL,ASO,ES,Combined TRACON& Tower with Radar,448,45,41,2,536,1,2,15,2,20,449,47,56,4,556,0,0,0,556
06/28/2018,TPA,FL,ASO,ES,Combined TRACON& Tower with Radar,439,60,46,0,545,0,1,11,1,13,439,61,57,1,558,0,0,0,558
06/29/2018,TPA,FL,ASO,ES,Combined TRACON& Tower with Radar,459,45,47,0,551,1,0,18,0,19,460,45,65,0,570,0,0,0,570
06/30/2018,TPA,FL,ASO,ES,Combined TRACON& Tower with Radar,458,43,29,0,530,0,0,13,0,13,458,43,42,0,543,0,0,0,543
07/01/2018,TPA,FL,ASO,ES,Combined TRACON& Tower with Radar,415,43,27,0,485,1,1,22,0,24,416,44,49,0,509,0,0,0,509
07/02/2018,TPA,FL,ASO,ES,Combined TRACON& Tower with Radar,412,61,22,0,495,1,0,19,0,20,413,61,41,0,515,0,0,0,515
07/03/2018,TPA,FL,ASO,ES,Combined TRACON& Tower with Radar,407,50,22,0,479,0,0,22,0,22,407,50,44,0,501,0,0,0,501
07/04/2018,TPA,FL,ASO,ES,Combined TRACON& Tower with Radar,371,37,16,0,424,1,0,6,0,7,372,37,22,0,431,0,0,0,431
07/05/2018,TPA,FL,ASO,ES,Combined TRACON& Tower with Radar,414,45,24,0,483,0,0,11,0,11,414,45,35,0,494,0,0,0,494
07/06/2018,TPA,FL,ASO,ES,Combined TRACON& Tower with Radar,430,52,22,1,505,1,1,14,0,16,431,53,36,1,521,0,0,0,521
07/07/2018,TPA,FL,ASO,ES,Combined TRACON& Tower with Radar,453,50,27,0,530,0,2,23,0,25,453,52,50,0,555,0,0,0,555
07/08/2018,TPA,FL,ASO,ES,Combined TRACON& Tower with Radar,433,51,45,1,530,1,1,10,0,12,434,52,55,1,542,0,0,0,542
07/09/2018,TPA,FL,ASO,ES,Combined TRACON& Tower with Radar,433,39,35,2,509,1,1,14,0,16,434,40,49,2,525,0,0,0,525
07/10/2018,TPA,FL,ASO,ES,Combined TRACON& Tower with Radar,449,46,39,0,534,0,1,18,0,19,449,47,57,0,553,0,0,0,553
07/11/2018,TPA,FL,ASO,ES,Combined TRACON& Tower with Radar,450,42,30,1,523,1,0,10,0,11,451,42,40,1,534,0,0,0,534
07/12/2018,TPA,FL,ASO,ES,Combined TRACON& Tower with Radar,452,46,30,3,531,0,1,18,0,19,452,47,48,3,550,0,0,0,550
07/13/2018,TPA,FL,ASO,ES,Combined TRACON& Tower with Radar,455,51,38,0,544,0,0,27,0,27,455,51,65,0,571,0,0,0,571
07/14/2018,TPA,FL,ASO,ES,Combined TRACON& Tower with Radar,449,38,18,0,505,0,0,33,0,33,449,38,51,0,538,0,0,0,538
07/15/2018,TPA,FL,ASO,ES,Combined TRACON& Tower with Radar,420,40,29,0,489,1,0,31,0,32,421,40,60,0,521,0,0,0,521
07/16/2018,TPA,FL,ASO,ES,Combined TRACON& Tower with Radar,440,43,32,0,515,0,0,13,0,13,440,43,45,0,528,0,0,0,528
07/17/2018,TPA,FL,ASO,ES,Combined TRACON& Tower with Radar,432,48,43,6,529,1,2,16,0,19,433,50,59,6,548,0,0,0,548
07/18/2018,TPA,FL,ASO,ES,Combined TRACON& Tower with Radar,453,53,54,1,561,1,3,31,0,35,454,56,85,1,596,0,0,0,596
07/19/2018,TPA,FL,ASO,ES,Combined TRACON& Tower with Radar,448,42,40,4,534,1,3,19,0,23,449,45,59,4,557,0,0,0,557
07/20/2018,TPA,FL,ASO,ES,Combined TRACON& Tower with Radar,448,44,40,1,533,0,0,11,0,11,448,44,51,1,544,0,0,0,544
07/21/2018,TPA,FL,ASO,ES,Combined TRACON& Tower with Radar,459,44,23,0,526,1,0,17,0,18,460,44,40,0,544,0,0,0,544
07/22/2018,TPA,FL,ASO,ES,Combined TRACON& Tower with Radar,443,53,28,1,525,2,0,13,0,15,445,53,41,1,540,0,0,0,540
07/23/2018,TPA,FL,ASO,ES,Combined TRACON& Tower with Radar,458,54,40,1,553,1,0,17,0,18,459,54,57,1,571,0,0,0,571
07/24/2018,TPA,FL,ASO,ES,Combined TRACON& Tower with Radar,436,52,65,0,553,1,0,17,0,18,437,52,82,0,571,0,0,0,571
07/25/2018,TPA,FL,ASO,ES,Combined TRACON& Tower with Radar,449,61,44,0,554,1,0,14,0,15,450,61,58,0,569,0,0,0,569
07/26/2018,TPA,FL,ASO,ES,Combined TRACON& Tower with Radar,455,60,45,0,560,1,0,18,0,19,456,60,63,0,579,0,0,0,579
07/27/2018,TPA,FL,ASO,ES,Combined TRACON& Tower with Radar,433,47,46,0,526,1,0,35,0,36,434,47,81,0,562,0,0,0,562
07/28/2018,TPA,FL,ASO,ES,Combined TRACON& Tower with Radar,479,42,21,1,543,1,1,8,0,10,480,43,29,1,553,0,0,0,553
07/29/2018,TPA,FL,ASO,ES,Combined TRACON& Tower with Radar,420,40,27,1,488,1,0,11,0,12,421,40,38,1,500,0,0,0,500
07/30/2018,TPA,FL,ASO,ES,Combined TRACON& Tower with Radar,426,44,39,1,510,1,0,13,0,14,427,44,52,1,524,0,0,0,524
07/31/2018,TPA,FL,ASO,ES,Combined TRACON& Tower with Radar,449,48,51,2,550,1,0,13,2,16,450,48,64,4,566,0,0,0,566
08/01/2018,TPA,FL,ASO,ES,Combined TRACON& Tower with Radar,450,50,62,1,563,1,0,16,0,17,451,50,78,1,580,0,0,0,580
08/02/2018,TPA,FL,ASO,ES,Combined TRACON& Tower with Radar,431,34,46,4,515,1,0,8,0,9,432,34,54,4,524,0,0,0,524
08/03/2018,TPA,FL,ASO,ES,Combined TRACON& Tower with Radar,434,51,54,2,541,1,0,19,0,20,435,51,73,2,561,0,0,0,561
08/04/2018,TPA,FL,ASO,ES,Combined TRACON& Tower with Radar,458,40,27,0,525,1,1,10,0,12,459,41,37,0,537,0,0,0,537
08/05/2018,TPA,FL,ASO,ES,Combined TRACON& Tower with Radar,438,38,27,0,503,1,1,18,0,20,439,39,45,0,523,0,0,0,523
08/06/2018,TPA,FL,ASO,ES,Combined TRACON& Tower with Radar,435,43,41,0,519,1,1,15,0,17,436,44,56,0,536,0,0,0,536
08/07/2018,TPA,FL,ASO,ES,Combined TRACON& Tower with Radar,409,40,32,0,481,1,1,20,0,22,410,41,52,0,503,0,0,0,503
08/08/2018,TPA,FL,ASO,ES,Combined TRACON& Tower with Radar,423,42,45,0,510,1,0,20,0,21,424,42,65,0,531,0,0,0,531
08/09/2018,TPA,FL,ASO,ES,Combined TRACON& Tower with Radar,440,53,43,2,538,1,0,16,0,17,441,53,59,2,555,0,0,0,555
08/10/2018,TPA,FL,ASO,ES,Combined TRACON& Tower with Radar,425,41,46,2,514,1,0,25,0,26,426,41,71,2,540,0,0,0,540
08/11/2018,TPA,FL,ASO,ES,Combined TRACON& Tower with Radar,362,31,18,0,411,1,0,10,0,11,363,31,28,0,422,0,0,0,422
08/12/2018,TPA,FL,ASO,ES,Combined TRACON& Tower with Radar,383,36,38,0,457,1,0,12,0,13,384,36,50,0,470,0,0,0,470
08/13/2018,TPA,FL,ASO,ES,Combined TRACON& Tower with Radar,405,49,41,2,497,1,0,17,2,20,406,49,58,4,517,0,0,0,517
08/14/2018,TPA,FL,ASO,ES,Combined TRACON& Tower with Radar,415,36,71,0,522,0,0,17,0,17,415,36,88,0,539,0,0,0,539
08/15/2018,TPA,FL,ASO,ES,Combined TRACON& Tower with Radar,429,40,45,0,514,1,0,24,0,25,430,40,69,0,539,0,0,0,539
08/16/2018,TPA,FL,ASO,ES,Combined TRACON& Tower with Radar,425,38,40,0,503,1,0,19,0,20,426,38,59,0,523,0,0,0,523
08/17/2018,TPA,FL,ASO,ES,Combined TRACON& Tower with Radar,408,46,34,1,489,1,0,28,0,29,409,46,62,1,518,0,0,0,518
08/18/2018,TPA,FL,ASO,ES,Combined TRACON& Tower with Radar,366,33,16,2,417,2,0,7,0,9,368,33,23,2,426,0,0,0,426
08/19/2018,TPA,FL,ASO,ES,Combined TRACON& Tower with Radar,412,32,24,1,469,1,0,17,0,18,413,32,41,1,487,0,0,0,487
08/20/2018,TPA,FL,ASO,ES,Combined TRACON& Tower with Radar,401,41,34,2,478,1,0,11,0,12,402,41,45,2,490,0,0,0,490
08/21/2018,TPA,FL,ASO,ES,Combined TRACON& Tower with Radar,412,38,20,1,471,1,0,12,0,13,413,38,32,1,484,0,0,0,484
08/22/2018,TPA,FL,ASO,ES,Combined TRACON& Tower with Radar,413,39,31,3,486,1,1,12,2,16,414,40,43,5,502,0,0,0,502
08/23/2018,TPA,FL,ASO,ES,Combined TRACON& Tower with Radar,422,48,44,0,514,1,1,16,0,18,423,49,60,0,532,0,0,0,532
08/24/2018,TPA,FL,ASO,ES,Combined TRACON& Tower with Radar,411,49,53,0,513,1,1,17,0,19,412,50,70,0,532,0,0,0,532
08/25/2018,TPA,FL,ASO,ES,Combined TRACON& Tower with Radar,350,32,21,0,403,1,0,13,0,14,351,32,34,0,417,0,0,0,417
08/26/2018,TPA,FL,ASO,ES,Combined TRACON& Tower with Radar,398,38,29,2,467,1,0,17,0,18,399,38,46,2,485,0,0,0,485
08/27/2018,TPA,FL,ASO,ES,Combined TRACON& Tower with Radar,398,40,47,0,485,1,0,13,0,14,399,40,60,0,499,0,0,0,499
08/28/2018,TPA,FL,ASO,ES,Combined TRACON& Tower with Radar,403,41,56,0,500,1,2,10,0,13,404,43,66,0,513,0,0,0,513
08/29/2018,TPA,FL,ASO,ES,Combined TRACON& Tower with Radar,412,44,36,4,496,1,0,13,2,16,413,44,49,6,512,0,0,0,512
08/30/2018,TPA,FL,ASO,ES,Combined TRACON& Tower with Radar,429,61,51,0,541,1,0,17,0,18,430,61,68,0,559,0,0,0,559
08/31/2018,TPA,FL,ASO,ES,Combined TRACON& Tower with Radar,400,44,50,0,494,1,0,23,0,24,401,44,73,0,518,0,0,0,518
09/01/2018,TPA,FL,ASO,ES,Combined TRACON& Tower with Radar,340,28,19,1,388,1,0,16,1,18,341,28,35,2,406,0,0,0,406
09/02/2018,TPA,FL,ASO,ES,Combined TRACON& Tower with Radar,336,25,27,1,389,1,0,6,0,7,337,25,33,1,396,0,0,0,396
09/03/2018,TPA,FL,ASO,ES,Combined TRACON& Tower with Radar,372,47,44,0,463,1,0,5,0,6,373,47,49,0,469,0,0,0,469
09/04/2018,TPA,FL,ASO,ES,Combined TRACON& Tower with Radar,382,37,39,0,458,1,1,15,0,17,383,38,54,0,475,0,0,0,475
09/05/2018,TPA,FL,ASO,ES,Combined TRACON& Tower with Radar,399,39,34,0,472,0,0,15,2,17,399,39,49,2,489,0,0,0,489
09/06/2018,TPA,FL,ASO,ES,Combined TRACON& Tower with Radar,410,40,55,2,507,1,0,12,1,14,411,40,67,3,521,0,0,0,521
09/07/2018,TPA,FL,ASO,ES,Combined TRACON& Tower with Radar,399,48,32,0,479,1,0,13,0,14,400,48,45,0,493,0,0,0,493
09/08/2018,TPA,FL,ASO,ES,Combined TRACON& Tower with Radar,349,27,32,0,408,1,0,6,0,7,350,27,38,0,415,0,0,0,415
09/09/2018,TPA,FL,ASO,ES,Combined TRACON& Tower with Radar,412,39,44,0,495,0,0,9,0,9,412,39,53,0,504,0,0,0,504
09/10/2018,TPA,FL,ASO,ES,Combined TRACON& Tower with Radar,412,36,33,1,482,1,1,13,0,15,413,37,46,1,497,0,0,0,497
09/11/2018,TPA,FL,ASO,ES,Combined TRACON& Tower with Radar,391,47,30,2,470,1,0,20,0,21,392,47,50,2,491,0,0,0,491
09/12/2018,TPA,FL,ASO,ES,Combined TRACON& Tower with Radar,387,53,43,0,483,1,1,24,0,26,388,54,67,0,509,0,0,0,509
09/13/2018,TPA,FL,ASO,ES,Combined TRACON& Tower with Radar,424,41,48,0,513,1,0,24,0,25,425,41,72,0,538,0,0,0,538
09/14/2018,TPA,FL,ASO,ES,Combined TRACON& Tower with Radar,408,51,48,2,509,1,0,22,0,23,409,51,70,2,532,0,0,0,532
09/15/2018,TPA,FL,ASO,ES,Combined TRACON& Tower with Radar,350,35,11,1,397,1,1,11,2,15,351,36,22,3,412,0,0,0,412
09/16/2018,TPA,FL,ASO,ES,Combined TRACON& Tower with Radar,398,44,42,1,485,1,0,13,0,14,399,44,55,1,499,0,0,0,499
09/17/2018,TPA,FL,ASO,ES,Combined TRACON& Tower with Radar,413,51,31,0,495,1,2,27,2,32,414,53,58,2,527,0,0,0,527
09/18/2018,TPA,FL,ASO,ES,Combined TRACON& Tower with Radar,401,42,41,0,484,1,0,19,0,20,402,42,60,0,504,0,0,0,504
09/19/2018,TPA,FL,ASO,ES,Combined TRACON& Tower with Radar,402,39,30,0,471,1,0,22,0,23,403,39,52,0,494,0,0,0,494
09/20/2018,TPA,FL,ASO,ES,Combined TRACON& Tower with Radar,417,55,39,0,511,1,0,18,0,19,418,55,57,0,530,0,0,0,530
09/21/2018,TPA,FL,ASO,ES,Combined TRACON& Tower with Radar,412,60,46,1,519,1,0,16,0,17,413,60,62,1,536,0,0,0,536
09/22/2018,TPA,FL,ASO,ES,Combined TRACON& Tower with Radar,351,33,23,1,408,1,0,16,0,17,352,33,39,1,425,0,0,0,425
09/23/2018,TPA,FL,ASO,ES,Combined TRACON& Tower with Radar,425,32,44,1,502,1,0,9,0,10,426,32,53,1,512,0,0,0,512
09/24/2018,TPA,FL,ASO,ES,Combined TRACON& Tower with Radar,406,52,64,2,524,0,0,25,2,27,406,52,89,4,551,0,0,0,551
09/25/2018,TPA,FL,ASO,ES,Combined TRACON& Tower with Radar,405,47,56,0,508,1,0,18,0,19,406,47,74,0,527,0,0,0,527
09/26/2018,TPA,FL,ASO,ES,Combined TRACON& Tower with Radar,390,47,36,2,475,3,0,12,0,15,393,47,48,2,490,0,0,0,490
09/27/2018,TPA,FL,ASO,ES,Combined TRACON& Tower with Radar,436,48,38,0,522,1,0,27,9,37,437,48,65,9,559,0,0,0,559
09/28/2018,TPA,FL,ASO,ES,Combined TRACON& Tower with Radar,418,48,45,2,513,1,0,18,1,20,419,48,63,3,533,0,0,0,533
09/29/2018,TPA,FL,ASO,ES,Combined TRACON& Tower with Radar,355,30,13,0,398,1,0,10,0,11,356,30,23,0,409,0,0,0,409
09/30/2018,TPA,FL,ASO,ES,Combined TRACON& Tower with Radar,425,40,32,0,497,1,0,13,0,14,426,40,45,0,511,0,0,0,511
10/01/2018,TPA,FL,ASO,ES,Combined TRACON& Tower with Radar,409,40,54,0,503,1,0,16,0,17,410,40,70,0,520,0,0,0,520
10/02/2018,TPA,FL,ASO,ES,Combined TRACON& Tower with Radar,397,50,54,2,503,0,0,21,0,21,397,50,75,2,524,0,0,0,524
10/03/2018,TPA,FL,ASO,ES,Combined TRACON& Tower with Radar,405,57,51,0,513,1,0,21,0,22,406,57,72,0,535,0,0,0,535
10/04/2018,TPA,FL,ASO,ES,Combined TRACON& Tower with Radar,451,49,68,0,568,1,0,24,0,25,452,49,92,0,593,0,0,0,593
10/05/2018,TPA,FL,ASO,ES,Combined TRACON& Tower with Radar,430,54,43,0,527,1,0,17,0,18,431,54,60,0,545,0,0,0,545
10/06/2018,TPA,FL,ASO,ES,Combined TRACON& Tower with Radar,388,39,22,1,450,1,0,18,5,24,389,39,40,6,474,0,0,0,474
10/07/2018,TPA,FL,ASO,ES,Combined TRACON& Tower with Radar,419,40,22,0,481,1,0,12,9,22,420,40,34,9,503,0,0,0,503
10/08/2018,TPA,FL,ASO,ES,Combined TRACON& Tower with Radar,432,49,40,0,521,1,0,13,4,18,433,49,53,4,539,0,0,0,539
10/09/2018,TPA,FL,ASO,ES,Combined TRACON& Tower with Radar,409,45,61,0,515,1,0,12,0,13,410,45,73,0,528,0,0,0,528
10/10/2018,TPA,FL,ASO,ES,Combined TRACON& Tower with Radar,410,36,21,0,467,0,0,9,0,9,410,36,30,0,476,0,0,0,476
10/11/2018,TPA,FL,ASO,ES,Combined TRACON& Tower with Radar,437,46,50,1,534,1,0,12,1,14,438,46,62,2,548,0,0,0,548
10/12/2018,TPA,FL,ASO,ES,Combined TRACON& Tower with Radar,444,44,61,0,549,1,2,26,0,29,445,46,87,0,578,0,0,0,578
10/13/2018,TPA,FL,ASO,ES,Combined TRACON& Tower with Radar,398,35,26,0,459,3,0,9,0,12,401,35,35,0,471,0,0,0,471
10/14/2018,TPA,FL,ASO,ES,Combined TRACON& Tower with Radar,427,45,34,0,506,1,1,15,0,17,428,46,49,0,523,0,0,0,523
10/15/2018,TPA,FL,ASO,ES,Combined TRACON& Tower with Radar,420,43,47,0,510,1,0,20,0,21,421,43,67,0,531,0,0,0,531
10/16/2018,TPA,FL,ASO,ES,Combined TRACON& Tower with Radar,424,55,53,1,533,1,2,21,1,25,425,57,74,2,558,0,0,0,558
10/17/2018,TPA,FL,ASO,ES,Combined TRACON& Tower with Radar,412,48,68,0,528,1,0,20,0,21,413,48,88,0,549,0,0,0,549
10/18/2018,TPA,FL,ASO,ES,Combined TRACON& Tower with Radar,454,63,46,0,563,1,0,27,0,28,455,63,73,0,591,0,0,0,591
10/19/2018,TPA,FL,ASO,ES,Combined TRACON& Tower with Radar,439,63,54,0,556,1,0,28,0,29,440,63,82,0,585,0,0,0,585
10/20/2018,TPA,FL,ASO,ES,Combined TRACON& Tower with Radar,400,48,32,2,482,0,0,14,0,14,400,48,46,2,496,0,0,0,496
10/21/2018,TPA,FL,ASO,ES,Combined TRACON& Tower with Radar,428,67,61,0,556,2,0,14,0,16,430,67,75,0,572,0,0,0,572
10/22/2018,TPA,FL,ASO,ES,Combined TRACON& Tower with Radar,428,52,32,1,513,1,0,20,0,21,429,52,52,1,534,0,0,0,534
10/23/2018,TPA,FL,ASO,ES,Combined TRACON& Tower with Radar,425,53,50,1,529,1,6,13,1,21,426,59,63,2,550,0,0,0,550
10/24/2018,TPA,FL,ASO,ES,Combined TRACON& Tower with Radar,416,59,61,0,536,1,1,16,0,18,417,60,77,0,554,0,0,0,554
10/25/2018,TPA,FL,ASO,ES,Combined TRACON& Tower with Radar,454,57,56,0,567,1,1,21,0,23,455,58,77,0,590,0,0,0,590
10/26/2018,TPA,FL,ASO,ES,Combined TRACON& Tower with Radar,442,52,36,0,530,1,0,11,0,12,443,52,47,0,542,0,0,0,542
10/27/2018,TPA,FL,ASO,ES,Combined TRACON& Tower with Radar,389,34,50,0,473,1,0,19,0,20,390,34,69,0,493,0,0,0,493
10/28/2018,TPA,FL,ASO,ES,Combined TRACON& Tower with Radar,420,42,28,0,490,1,0,8,0,9,421,42,36,0,499,0,0,0,499
10/29/2018,TPA,FL,ASO,ES,Combined TRACON& Tower with Radar,416,45,41,0,502,1,0,13,0,14,417,45,54,0,516,0,0,0,516
10/30/2018,TPA,FL,ASO,ES,Combined TRACON& Tower with Radar,406,52,49,0,507,1,3,32,0,36,407,55,81,0,543,0,0,0,543
10/31/2018,TPA,FL,ASO,ES,Combined TRACON& Tower with Radar,374,53,43,0,470,1,0,20,0,21,375,53,63,0,491,0,0,0,491
11/01/2018,TPA,FL,ASO,ES,Combined TRACON& Tower with Radar,448,50,47,4,549,1,0,18,0,19,449,50,65,4,568,0,0,0,568
11/02/2018,TPA,FL,ASO,ES,Combined TRACON& Tower with Radar,432,58,46,1,537,1,0,7,0,8,433,58,53,1,545,0,0,0,545
11/03/2018,TPA,FL,ASO,ES,Combined TRACON& Tower with Radar,405,41,31,1,478,1,0,13,2,16,406,41,44,3,494,0,0,0,494
11/04/2018,TPA,FL,ASO,ES,Combined TRACON& Tower with Radar,461,42,56,2,561,1,0,11,0,12,462,42,67,2,573,0,0,0,573
11/05/2018,TPA,FL,ASO,ES,Combined TRACON& Tower with Radar,441,31,40,4,516,0,0,20,0,20,441,31,60,4,536,0,0,0,536
11/06/2018,TPA,FL,ASO,ES,Combined TRACON& Tower with Radar,434,27,47,2,510,2,0,20,2,24,436,27,67,4,534,0,0,0,534
11/07/2018,TPA,FL,ASO,ES,Combined TRACON& Tower with Radar,443,50,42,2,537,0,0,16,0,16,443,50,58,2,553,0,0,0,553
11/08/2018,TPA,FL,ASO,ES,Combined TRACON& Tower with Radar,501,60,48,2,611,1,4,26,2,33,502,64,74,4,644,0,0,0,644
11/09/2018,TPA,FL,ASO,ES,Combined TRACON& Tower with Radar,466,52,52,2,572,1,0,19,0,20,467,52,71,2,592,0,0,0,592
11/10/2018,TPA,FL,ASO,ES,Combined TRACON& Tower with Radar,430,45,32,0,507,1,1,8,0,10,431,46,40,0,517,0,0,0,517
11/11/2018,TPA,FL,ASO,ES,Combined TRACON& Tower with Radar,467,61,53,1,582,1,0,23,1,25,468,61,76,2,607,0,0,0,607
11/12/2018,TPA,FL,ASO,ES,Combined TRACON& Tower with Radar,465,39,39,1,544,1,0,24,0,25,466,39,63,1,569,0,0,0,569
11/13/2018,TPA,FL,ASO,ES,Combined TRACON& Tower with Radar,472,46,49,6,573,1,0,23,1,25,473,46,72,7,598,0,0,0,598
11/14/2018,TPA,FL,ASO,ES,Combined TRACON& Tower with Radar,469,50,68,0,587,1,0,18,4,23,470,50,86,4,610,0,0,0,610
11/15/2018,TPA,FL,ASO,ES,Combined TRACON& Tower with Radar,492,50,41,2,585,1,0,20,7,28,493,50,61,9,613,0,0,0,613
11/16/2018,TPA,FL,ASO,ES,Combined TRACON& Tower with Radar,522,55,60,7,644,2,3,28,3,36,524,58,88,10,680,0,0,0,680
11/17/2018,TPA,FL,ASO,ES,Combined TRACON& Tower with Radar,499,34,35,6,574,1,0,20,0,21,500,34,55,6,595,0,0,0,595
11/18/2018,TPA,FL,ASO,ES,Combined TRACON& Tower with Radar,485,46,37,4,572,1,0,16,3,20,486,46,53,7,592,0,0,0,592
11/19/2018,TPA,FL,ASO,ES,Combined TRACON& Tower with Radar,470,38,50,0,558,1,1,27,0,29,471,39,77,0,587,0,0,0,587
11/20/2018,TPA,FL,ASO,ES,Combined TRACON& Tower with Radar,526,51,47,8,632,1,0,19,4,24,527,51,66,12,656,0,0,0,656
11/21/2018,TPA,FL,ASO,ES,Combined TRACON& Tower with Radar,533,42,49,0,624,1,0,28,0,29,534,42,77,0,653,0,0,0,653
11/22/2018,TPA,FL,ASO,ES,Combined TRACON& Tower with Radar,341,23,15,0,379,1,1,13,0,15,342,24,28,0,394,0,0,0,394
11/23/2018,TPA,FL,ASO,ES,Combined TRACON& Tower with Radar,405,25,42,0,472,1,0,15,0,16,406,25,57,0,488,0,0,0,488
11/24/2018,TPA,FL,ASO,ES,Combined TRACON& Tower with Radar,524,29,41,0,594,1,0,14,0,15,525,29,55,0,609,0,0,0,609
11/25/2018,TPA,FL,ASO,ES,Combined TRACON& Tower with Radar,538,62,64,0,664,1,1,13,0,15,539,63,77,0,679,0,0,0,679
11/26/2018,TPA,FL,ASO,ES,Combined TRACON& Tower with Radar,500,36,44,0,580,1,0,1,0,2,501,36,45,0,582,0,0,0,582
11/27/2018,TPA,FL,ASO,ES,Combined TRACON& Tower with Radar,501,47,68,0,616,1,0,23,0,24,502,47,91,0,640,0,0,0,640
11/28/2018,TPA,FL,ASO,ES,Combined TRACON& Tower with Radar,485,31,47,1,564,0,0,42,0,42,485,31,89,1,606,0,0,0,606
11/29/2018,TPA,FL,ASO,ES,Combined TRACON& Tower with Radar,507,45,54,2,608,0,0,39,0,39,507,45,93,2,647,0,0,0,647
11/30/2018,TPA,FL,ASO,ES,Combined TRACON& Tower with Radar,491,47,42,1,581,1,0,13,2,16,492,47,55,3,597,0,0,0,597
12/01/2018,TPA,FL,ASO,ES,Combined TRACON& Tower with Radar,428,34,25,1,488,1,1,11,0,13,429,35,36,1,501,0,0,0,501
12/02/2018,TPA,FL,ASO,ES,Combined TRACON& Tower with Radar,443,45,51,1,540,1,1,13,0,15,444,46,64,1,555,0,0,0,555
12/03/2018,TPA,FL,ASO,ES,Combined TRACON& Tower with Radar,472,36,60,0,568,1,0,10,0,11,473,36,70,0,579,0,0,0,579
12/04/2018,TPA,FL,ASO,ES,Combined TRACON& Tower with Radar,461,49,62,2,574,1,2,5,0,8,462,51,67,2,582,0,0,0,582
12/05/2018,TPA,FL,ASO,ES,Combined TRACON& Tower with Radar,483,53,60,0,596,1,0,18,2,21,484,53,78,2,617,0,0,0,617
12/06/2018,TPA,FL,ASO,ES,Combined TRACON& Tower with Radar,505,50,58,0,613,1,0,29,0,30,506,50,87,0,643,0,0,0,643
12/07/2018,TPA,FL,ASO,ES,Combined TRACON& Tower with Radar,485,38,56,1,580,1,1,20,2,24,486,39,76,3,604,0,0,0,604
12/08/2018,TPA,FL,ASO,ES,Combined TRACON& Tower with Radar,432,37,55,1,525,1,0,17,0,18,433,37,72,1,543,0,0,0,543
12/09/2018,TPA,FL,ASO,ES,Combined TRACON& Tower with Radar,432,35,42,0,509,1,0,5,0,6,433,35,47,0,515,0,0,0,515
12/10/2018,TPA,FL,ASO,ES,Combined TRACON& Tower with Radar,467,46,46,0,559,1,0,17,0,18,468,46,63,0,577,0,0,0,577
12/11/2018,TPA,FL,ASO,ES,Combined TRACON& Tower with Radar,469,43,63,2,577,1,0,37,0,38,470,43,100,2,615,0,0,0,615
12/12/2018,TPA,FL,ASO,ES,Combined TRACON& Tower with Radar,479,43,55,0,577,1,0,32,0,33,480,43,87,0,610,0,0,0,610
12/13/2018,TPA,FL,ASO,ES,Combined TRACON& Tower with Radar,505,47,74,0,626,1,2,29,1,33,506,49,103,1,659,0,0,0,659
12/14/2018,TPA,FL,ASO,ES,Combined TRACON& Tower with Radar,485,42,43,2,572,1,0,3,0,4,486,42,46,2,576,0,0,0,576
12/15/2018,TPA,FL,ASO,ES,Combined TRACON& Tower with Radar,454,37,31,2,524,3,0,8,0,11,457,37,39,2,535,0,0,0,535
12/16/2018,TPA,FL,ASO,ES,Combined TRACON& Tower with Radar,459,38,31,0,528,1,0,11,0,12,460,38,42,0,540,0,0,0,540
12/17/2018,TPA,FL,ASO,ES,Combined TRACON& Tower with Radar,484,46,65,0,595,1,2,24,0,27,485,48,89,0,622,0,0,0,622
12/18/2018,TPA,FL,ASO,ES,Combined TRACON& Tower with Radar,469,49,71,4,593,1,0,16,0,17,470,49,87,4,610,0,0,0,610
12/19/2018,TPA,FL,ASO,ES,Combined TRACON& Tower with Radar,496,39,49,3,587,1,0,17,0,18,497,39,66,3,605,0,0,0,605
12/20/2018,TPA,FL,ASO,ES,Combined TRACON& Tower with Radar,585,41,36,0,662,1,0,5,0,6,586,41,41,0,668,0,0,0,668
12/21/2018,TPA,FL,ASO,ES,Combined TRACON& Tower with Radar,576,50,55,1,682,3,0,6,0,9,579,50,61,1,691,0,0,0,691
12/22/2018,TPA,FL,ASO,ES,Combined TRACON& Tower with Radar,559,44,39,0,642,1,0,9,0,10,560,44,48,0,652,0,0,0,652
12/23/2018,TPA,FL,ASO,ES,Combined TRACON& Tower with Radar,569,41,26,1,637,1,1,10,0,12,570,42,36,1,649,0,0,0,649
12/24/2018,TPA,FL,ASO,ES,Combined TRACON& Tower with Radar,443,26,10,0,479,1,0,5,0,6,444,26,15,0,485,0,0,0,485
12/25/2018,TPA,FL,ASO,ES,Combined TRACON& Tower with Radar,429,28,8,0,465,1,1,12,0,14,430,29,20,0,479,0,0,0,479
12/26/2018,TPA,FL,ASO,ES,Combined TRACON& Tower with Radar,541,53,39,0,633,1,2,12,0,15,542,55,51,0,648,0,0,0,648
12/27/2018,TPA,FL,ASO,ES,Combined TRACON& Tower with Radar,554,47,37,0,638,1,0,18,1,20,555,47,55,1,658,0,0,0,658
12/28/2018,TPA,FL,ASO,ES,Combined TRACON& Tower with Radar,571,44,47,2,664,1,0,14,0,15,572,44,61,2,679,0,0,0,679
12/29/2018,TPA,FL,ASO,ES,Combined TRACON& Tower with Radar,564,44,33,1,642,1,0,14,0,15,565,44,47,1,657,0,0,0,657
12/30/2018,TPA,FL,ASO,ES,Combined TRACON& Tower with Radar,569,58,51,0,678,1,2,10,2,15,570,60,61,2,693,0,0,0,693
12/31/2018,TPA,FL,ASO,ES,Combined TRACON& Tower with Radar,472,32,16,1,521,1,0,11,1,13,473,32,27,2,534,0,0,0,534
01/01/2019,TPA,FL,ASO,ES,Combined TRACON& Tower with Radar,474,47,58,0,579,1,2,8,0,11,475,49,66,0,590,0,0,0,590
01/02/2019,TPA,FL,ASO,ES,Combined TRACON& Tower with Radar,552,44,45,2,643,1,2,17,0,20,553,46,62,2,663,0,0,0,663
01/03/2019,TPA,FL,ASO,ES,Combined TRACON& Tower with Radar,533,51,53,1,638,1,0,19,0,20,534,51,72,1,658,0,0,0,658
01/04/2019,TPA,FL,ASO,ES,Combined TRACON& Tower with Radar,510,51,38,0,599,1,1,6,0,8,511,52,44,0,607,0,0,0,607
01/05/2019,TPA,FL,ASO,ES,Combined TRACON& Tower with Radar,469,40,28,1,538,1,1,8,0,10,470,41,36,1,548,0,0,0,548
01/06/2019,TPA,FL,ASO,ES,Combined TRACON& Tower with Radar,487,47,42,0,576,1,0,21,0,22,488,47,63,0,598,0,0,0,598
01/07/2019,TPA,FL,ASO,ES,Combined TRACON& Tower with Radar,478,34,60,1,573,1,0,18,0,19,479,34,78,1,592,0,0,0,592
01/08/2019,TPA,FL,ASO,ES,Combined TRACON& Tower with Radar,484,48,34,2,568,1,0,15,0,16,485,48,49,2,584,0,0,0,584
01/09/2019,TPA,FL,ASO,ES,Combined TRACON& Tower with Radar,497,44,47,0,588,1,0,32,0,33,498,44,79,0,621,0,0,0,621
01/10/2019,TPA,FL,ASO,ES,Combined TRACON& Tower with Radar,517,56,67,0,640,1,2,30,0,33,518,58,97,0,673,0,0,0,673
01/11/2019,TPA,FL,ASO,ES,Combined TRACON& Tower with Radar,500,45,47,2,594,0,0,18,3,21,500,45,65,5,615,0,0,0,615
01/12/2019,TPA,FL,ASO,ES,Combined TRACON& Tower with Radar,451,33,24,0,508,1,1,12,0,14,452,34,36,0,522,0,0,0,522
01/13/2019,TPA,FL,ASO,ES,Combined TRACON& Tower with Radar,475,36,32,1,544,1,3,16,1,21,476,39,48,2,565,0,0,0,565
01/14/2019,TPA,FL,ASO,ES,Combined TRACON& Tower with Radar,485,41,48,1,575,1,0,13,0,14,486,41,61,1,589,0,0,0,589
01/15/2019,TPA,FL,ASO,ES,Combined TRACON& Tower with Radar,471,42,46,1,560,1,2,24,0,27,472,44,70,1,587,0,0,0,587
01/16/2019,TPA,FL,ASO,ES,Combined TRACON& Tower with Radar,478,67,51,0,596,1,4,18,2,25,479,71,69,2,621,0,0,0,621
01/17/2019,TPA,FL,ASO,ES,Combined TRACON& Tower with Radar,511,64,72,0,647,1,0,27,0,28,512,64,99,0,675,0,0,0,675
01/18/2019,TPA,FL,ASO,ES,Combined TRACON& Tower with Radar,488,52,55,5,600,1,1,25,0,27,489,53,80,5,627,0,0,0,627
01/19/2019,TPA,FL,ASO,ES,Combined TRACON& Tower with Radar,424,45,21,1,491,1,1,13,0,15,425,46,34,1,506,0,0,0,506
01/20/2019,TPA,FL,ASO,ES,Combined TRACON& Tower with Radar,408,44,32,4,488,0,1,3,0,4,408,45,35,4,492,0,0,0,492
01/21/2019,TPA,FL,ASO,ES,Combined TRACON& Tower with Radar,465,45,60,0,570,1,0,20,0,21,466,45,80,0,591,0,0,0,591
01/22/2019,TPA,FL,ASO,ES,Combined TRACON& Tower with Radar,463,51,59,6,579,1,0,23,2,26,464,51,82,8,605,0,0,0,605
01/23/2019,TPA,FL,ASO,ES,Combined TRACON& Tower with Radar,467,50,43,0,560,1,0,19,0,20,468,50,62,0,580,0,0,0,580
01/24/2019,TPA,FL,ASO,ES,Combined TRACON& Tower with Radar,507,52,39,0,598,1,1,12,0,14,508,53,51,0,612,0,0,0,612
01/25/2019,TPA,FL,ASO,ES,Combined TRACON& Tower with Radar,493,61,42,6,602,1,0,18,4,23,494,61,60,10,625,0,0,0,625
01/26/2019,TPA,FL,ASO,ES,Combined TRACON& Tower with Radar,458,37,33,0,528,1,1,24,0,26,459,38,57,0,554,0,0,0,554
01/27/2019,TPA,FL,ASO,ES,Combined TRACON& Tower with Radar,494,52,46,6,598,1,0,0,0,1,495,52,46,6,599,0,0,0,599
01/28/2019,TPA,FL,ASO,ES,Combined TRACON& Tower with Radar,467,36,34,0,537,1,0,18,0,19,468,36,52,0,556,0,0,0,556
01/29/2019,TPA,FL,ASO,ES,Combined TRACON& Tower with Radar,451,42,37,2,532,1,0,19,0,20,452,42,56,2,552,0,0,0,552
01/30/2019,TPA,FL,ASO,ES,Combined TRACON& Tower with Radar,453,41,51,2,547,0,2,20,0,22,453,43,71,2,569,0,0,0,569
01/31/2019,TPA,FL,ASO,ES,Combined TRACON& Tower with Radar,490,57,64,0,611,1,0,28,0,29,491,57,92,0,640,0,0,0,640
02/01/2019,TPA,FL,ASO,ES,Combined TRACON& Tower with Radar,488,52,49,2,591,0,0,18,1,19,488,52,67,3,610,0,0,0,610
02/02/2019,TPA,FL,ASO,ES,Combined TRACON& Tower with Radar,464,37,24,1,526,0,0,10,0,10,464,37,34,1,536,0,0,0,536
02/03/2019,TPA,FL,ASO,ES,Combined TRACON& Tower with Radar,426,43,36,0,505,1,0,3,0,4,427,43,39,0,509,0,0,0,509
02/04/2019,TPA,FL,ASO,ES,Combined TRACON& Tower with Radar,472,62,43,4,581,1,0,7,0,8,473,62,50,4,589,0,0,0,589
02/05/2019,TPA,FL,ASO,ES,Combined TRACON& Tower with Radar,465,50,54,2,571,0,2,22,0,24,465,52,76,2,595,0,0,0,595
02/06/2019,TPA,FL,ASO,ES,Combined TRACON& Tower with Radar,483,49,38,1,571,1,2,19,1,23,484,51,57,2,594,0,0,0,594
02/07/2019,TPA,FL,ASO,ES,Combined TRACON& Tower with Radar,501,62,54,3,620,1,0,33,1,35,502,62,87,4,655,0,0,0,655
02/08/2019,TPA,FL,ASO,ES,Combined TRACON& Tower with Radar,500,44,76,4,624,0,1,27,0,28,500,45,103,4,652,0,0,0,652
02/09/2019,TPA,FL,ASO,ES,Combined TRACON& Tower with Radar,468,41,40,0,549,1,0,16,2,19,469,41,56,2,568,0,0,0,568
02/10/2019,TPA,FL,ASO,ES,Combined TRACON& Tower with Radar,475,45,39,2,561,0,0,11,2,13,475,45,50,4,574,0,0,0,574
02/11/2019,TPA,FL,ASO,ES,Combined TRACON& Tower with Radar,474,64,63,3,604,1,0,21,3,25,475,64,84,6,629,0,0,0,629
02/12/2019,TPA,FL,ASO,ES,Combined TRACON& Tower with Radar,443,54,47,0,544,0,0,16,0,16,443,54,63,0,560,0,0,0,560
02/13/2019,TPA,FL,ASO,ES,Combined TRACON& Tower with Radar,485,63,83,0,631,1,0,12,0,13,486,63,95,0,644,0,0,0,644
02/14/2019,TPA,FL,ASO,ES,Combined TRACON& Tower with Radar,511,64,62,2,639,1,3,28,0,32,512,67,90,2,671,0,0,0,671
02/15/2019,TPA,FL,ASO,ES,Combined TRACON& Tower with Radar,510,54,73,0,637,0,2,23,0,25,510,56,96,0,662,0,0,0,662
02/16/2019,TPA,FL,ASO,ES,Combined TRACON& Tower with Radar,477,39,37,0,553,1,0,17,0,18,478,39,54,0,571,0,0,0,571
02/17/2019,TPA,FL,ASO,ES,Combined TRACON& Tower with Radar,483,43,63,0,589,1,0,22,0,23,484,43,85,0,612,0,0,0,612
02/18/2019,TPA,FL,ASO,ES,Combined TRACON& Tower with Radar,489,49,54,0,592,1,0,18,0,19,490,49,72,0,611,0,0,0,611
02/19/2019,TPA,FL,ASO,ES,Combined TRACON& Tower with Radar,489,57,57,0,603,0,1,22,0,23,489,58,79,0,626,0,0,0,626
02/20/2019,TPA,FL,ASO,ES,Combined TRACON& Tower with Radar,482,60,80,0,622,1,1,26,0,28,483,61,106,0,650,0,0,0,650
02/21/2019,TPA,FL,ASO,ES,Combined TRACON& Tower with Radar,530,57,72,0,659,1,2,19,0,22,531,59,91,0,681,0,0,0,681
02/22/2019,TPA,FL,ASO,ES,Combined TRACON& Tower with Radar,510,49,55,0,614,0,0,12,1,13,510,49,67,1,627,0,0,0,627
02/23/2019,TPA,FL,ASO,ES,Combined TRACON& Tower with Radar,477,37,23,0,537,1,0,13,0,14,478,37,36,0,551,0,0,0,551
02/24/2019,TPA,FL,ASO,ES,Combined TRACON& Tower with Radar,487,50,38,1,576,1,1,9,0,11,488,51,47,1,587,0,0,0,587
02/25/2019,TPA,FL,ASO,ES,Combined TRACON& Tower with Radar,485,50,62,1,598,1,3,23,0,27,486,53,85,1,625,0,0,0,625
02/26/2019,TPA,FL,ASO,ES,Combined TRACON& Tower with Radar,498,54,56,1,609,0,1,6,0,7,498,55,62,1,616,0,0,0,616
02/27/2019,TPA,FL,ASO,ES,Combined TRACON& Tower with Radar,493,75,62,1,631,1,1,15,3,20,494,76,77,4,651,0,0,0,651
02/28/2019,TPA,FL,ASO,ES,Combined TRACON& Tower with Radar,515,71,71,0,657,0,4,31,2,37,515,75,102,2,694,0,0,0,694
03/01/2019,TPA,FL,ASO,ES,Combined TRACON& Tower with Radar,511,72,52,0,635,0,2,19,1,22,511,74,71,1,657,0,0,0,657
03/02/2019,TPA,FL,ASO,ES,Combined TRACON& Tower with Radar,503,46,40,0,589,0,0,11,0,11,503,46,51,0,600,0,0,0,600
03/03/2019,TPA,FL,ASO,ES,Combined TRACON& Tower with Radar,490,53,58,0,601,1,1,27,0,29,491,54,85,0,630,0,0,0,630
03/04/2019,TPA,FL,ASO,ES,Combined TRACON& Tower with Radar,491,51,58,2,602,1,0,14,0,15,492,51,72,2,617,0,0,0,617
03/05/2019,TPA,FL,ASO,ES,Combined TRACON& Tower with Radar,519,64,50,3,636,1,1,6,2,10,520,65,56,5,646,0,0,0,646
03/06/2019,TPA,FL,ASO,ES,Combined TRACON& Tower with Radar,508,51,57,2,618,1,2,28,2,33,509,53,85,4,651,0,0,0,651
03/07/2019,TPA,FL,ASO,ES,Combined TRACON& Tower with Radar,560,60,70,0,690,1,2,31,0,34,561,62,101,0,724,0,0,0,724
03/08/2019,TPA,FL,ASO,ES,Combined TRACON& Tower with Radar,557,54,69,2,682,1,0,20,0,21,558,54,89,2,703,0,0,0,703
03/09/2019,TPA,FL,ASO,ES,Combined TRACON& Tower with Radar,591,48,37,4,680,1,2,11,0,14,592,50,48,4,694,0,0,0,694
03/10/2019,TPA,FL,ASO,ES,Combined TRACON& Tower with Radar,561,51,57,0,669,1,1,5,0,7,562,52,62,0,676,0,0,0,676
03/11/2019,TPA,FL,ASO,ES,Combined TRACON& Tower with Radar,548,48,47,4,647,1,0,10,0,11,549,48,57,4,658,0,0,0,658
03/12/2019,TPA,FL,ASO,ES,Combined TRACON& Tower with Radar,561,75,84,0,720,0,0,17,0,17,561,75,101,0,737,0,0,0,737
03/13/2019,TPA,FL,ASO,ES,Combined TRACON& Tower with Radar,524,64,65,0,653,2,4,33,1,40,526,68,98,1,693,0,0,0,693
03/14/2019,TPA,FL,ASO,ES,Combined TRACON& Tower with Radar,553,70,70,2,695,1,6,17,0,24,554,76,87,2,719,0,0,0,719
03/15/2019,TPA,FL,ASO,ES,Combined TRACON& Tower with Radar,545,67,69,2,683,0,0,24,2,26,545,67,93,4,709,0,0,0,709
03/16/2019,TPA,FL,ASO,ES,Combined TRACON& Tower with Radar,597,50,37,0,684,1,0,11,0,12,598,50,48,0,696,0,0,0,696
03/17/2019,TPA,FL,ASO,ES,Combined TRACON& Tower with Radar,547,52,62,0,661,1,0,10,0,11,548,52,72,0,672,0,0,0,672
03/18/2019,TPA,FL,ASO,ES,Combined TRACON& Tower with Radar,537,66,50,0,653,1,3,16,0,20,538,69,66,0,673,0,0,0,673
03/19/2019,TPA,FL,ASO,ES,Combined TRACON& Tower with Radar,576,50,61,0,687,0,0,13,0,13,576,50,74,0,700,0,0,0,700
03/20/2019,TPA,FL,ASO,ES,Combined TRACON& Tower with Radar,559,45,58,4,666,1,1,21,0,23,560,46,79,4,689,0,0,0,689
03/21/2019,TPA,FL,ASO,ES,Combined TRACON& Tower with Radar,559,59,52,2,672,1,1,23,0,25,560,60,75,2,697,0,0,0,697
03/22/2019,TPA,FL,ASO,ES,Combined TRACON& Tower with Radar,554,46,65,0,665,0,1,30,0,31,554,47,95,0,696,7,0,7,703
03/23/2019,TPA,FL,ASO,ES,Combined TRACON& Tower with Radar,647,32,57,0,736,1,1,15,0,17,648,33,72,0,753,13,0,13,766
03/24/2019,TPA,FL,ASO,ES,Combined TRACON& Tower with Radar,571,49,33,0,653,1,0,11,0,12,572,49,44,0,665,0,0,0,665
03/25/2019,TPA,FL,ASO,ES,Combined TRACON& Tower with Radar,550,46,44,0,640,1,1,18,0,20,551,47,62,0,660,0,0,0,660
03/26/2019,TPA,FL,ASO,ES,Combined TRACON& Tower with Radar,575,49,52,0,676,0,2,27,0,29,575,51,79,0,705,0,0,0,705
03/27/2019,TPA,FL,ASO,ES,Combined TRACON& Tower with Radar,576,62,66,0,704,1,1,18,0,20,577,63,84,0,724,0,0,0,724
03/28/2019,TPA,FL,ASO,ES,Combined TRACON& Tower with Radar,592,74,55,1,722,1,3,23,0,27,593,77,78,1,749,0,0,0,749
03/29/2019,TPA,FL,ASO,ES,Combined TRACON& Tower with Radar,562,50,48,3,663,0,0,20,1,21,562,50,68,4,684,0,0,0,684
03/30/2019,TPA,FL,ASO,ES,Combined TRACON& Tower with Radar,616,41,51,0,708,1,4,9,0,14,617,45,60,0,722,0,0,0,722
03/31/2019,TPA,FL,ASO,ES,Combined TRACON& Tower with Radar,575,53,41,2,671,1,2,17,0,20,576,55,58,2,691,0,0,0,691
04/01/2019,TPA,FL,ASO,ES,Combined TRACON& Tower with Radar,568,54,66,0,688,1,0,9,0,10,569,54,75,0,698,0,0,0,698
04/02/2019,TPA,FL,ASO,ES,Combined TRACON& Tower with Radar,568,45,60,0,673,0,0,21,0,21,568,45,81,0,694,0,0,0,694
04/03/2019,TPA,FL,ASO,ES,Combined TRACON& Tower with Radar,577,56,68,0,701,1,0,36,0,37,578,56,104,0,738,0,0,0,738
04/04/2019,TPA,FL,ASO,ES,Combined TRACON& Tower with Radar,542,58,65,3,668,1,2,16,1,20,543,60,81,4,688,0,0,0,688
04/05/2019,TPA,FL,ASO,ES,Combined TRACON& Tower with Radar,538,64,72,2,676,0,0,31,0,31,538,64,103,2,707,0,0,0,707
04/06/2019,TPA,FL,ASO,ES,Combined TRACON& Tower with Radar,588,41,33,0,662,1,4,14,0,19,589,45,47,0,681,0,0,0,681
04/07/2019,TPA,FL,ASO,ES,Combined TRACON& Tower with Radar,534,64,74,0,672,1,0,20,0,21,535,64,94,0,693,0,0,0,693
04/08/2019,TPA,FL,ASO,ES,Combined TRACON& Tower with Radar,517,39,45,4,605,1,0,9,0,10,518,39,54,4,615,0,0,0,615
04/09/2019,TPA,FL,ASO,ES,Combined TRACON& Tower with Radar,522,53,43,2,620,0,2,8,0,10,522,55,51,2,630,0,0,0,630
04/10/2019,TPA,FL,ASO,ES,Combined TRACON& Tower with Radar,537,73,66,3,679,1,0,50,0,51,538,73,116,3,730,0,0,0,730
04/11/2019,TPA,FL,ASO,ES,Combined TRACON& Tower with Radar,547,60,59,2,668,1,1,14,0,16,548,61,73,2,684,0,0,0,684
04/12/2019,TPA,FL,ASO,ES,Combined TRACON& Tower with Radar,550,53,64,2,669,0,1,21,0,22,550,54,85,2,691,0,0,0,691
04/13/2019,TPA,FL,ASO,ES,Combined TRACON& Tower with Radar,501,50,27,1,579,1,3,4,0,8,502,53,31,1,587,0,0,0,587
04/14/2019,TPA,FL,ASO,ES,Combined TRACON& Tower with Radar,497,56,53,2,608,1,0,6,0,7,498,56,59,2,615,0,0,0,615
04/15/2019,TPA,FL,ASO,ES,Combined TRACON& Tower with Radar,534,46,63,11,654,0,3,22,0,25,534,49,85,11,679,0,0,0,679
04/16/2019,TPA,FL,ASO,ES,Combined TRACON& Tower with Radar,547,44,55,5,651,0,1,21,0,22,547,45,76,5,673,0,0,0,673
04/17/2019,TPA,FL,ASO,ES,Combined TRACON& Tower with Radar,560,63,68,2,693,1,1,36,0,38,561,64,104,2,731,0,0,0,731
04/18/2019,TPA,FL,ASO,ES,Combined TRACON& Tower with Radar,551,56,87,3,697,1,2,14,0,17,552,58,101,3,714,0,0,0,714
04/19/2019,TPA,FL,ASO,ES,Combined TRACON& Tower with Radar,433,30,30,2,495,0,0,9,0,9,433,30,39,2,504,0,0,0,504
04/20/2019,TPA,FL,ASO,ES,Combined TRACON& Tower with Radar,536,60,41,3,640,1,1,13,0,15,537,61,54,3,655,0,0,0,655
04/21/2019,TPA,FL,ASO,ES,Combined TRACON& Tower with Radar,497,39,39,0,575,1,1,10,0,12,498,40,49,0,587,0,0,0,587
04/22/2019,TPA,FL,ASO,ES,Combined TRACON& Tower with Radar,530,43,45,0,618,0,2,27,0,29,530,45,72,0,647,0,0,0,647
04/23/2019,TPA,FL,ASO,ES,Combined TRACON& Tower with Radar,542,50,66,2,660,0,5,31,4,40,542,55,97,6,700,0,0,0,700
04/24/2019,TPA,FL,ASO,ES,Combined TRACON& Tower with Radar,547,65,52,0,664,1,1,41,0,43,548,66,93,0,707,0,0,0,707
04/25/2019,TPA,FL,ASO,ES,Combined TRACON& Tower with Radar,539,62,59,0,660,1,7,32,0,40,540,69,91,0,700,0,0,0,700
04/26/2019,TPA,FL,ASO,ES,Combined TRACON& Tower with Radar,508,63,55,0,626,0,0,14,0,14,508,63,69,0,640,0,0,0,640
04/27/2019,TPA,FL,ASO,ES,Combined TRACON& Tower with Radar,509,43,40,0,592,1,5,21,0,27,510,48,61,0,619,0,0,0,619
04/28/2019,TPA,FL,ASO,ES,Combined TRACON& Tower with Radar,499,54,32,0,585,1,2,24,0,27,500,56,56,0,612,0,0,0,612
04/29/2019,TPA,FL,ASO,ES,Combined TRACON& Tower with Radar,506,52,52,0,610,1,2,33,0,36,507,54,85,0,646,0,0,0,646
04/30/2019,TPA,FL,ASO,ES,Combined TRACON& Tower with Radar,499,51,46,2,598,0,2,28,0,30,499,53,74,2,628,10,0,10,638
05/01/2019,TPA,FL,ASO,ES,Combined TRACON& Tower with Radar,508,50,68,0,626,1,1,20,2,24,509,51,88,2,650,0,0,0,650
05/02/2019,TPA,FL,ASO,ES,Combined TRACON& Tower with Radar,482,62,34,0,578,1,0,20,0,21,483,62,54,0,599,0,0,0,599
05/03/2019,TPA,FL,ASO,ES,Combined TRACON& Tower with Radar,499,58,74,1,632,0,3,27,0,30,499,61,101,1,662,0,0,0,662
05/04/2019,TPA,FL,ASO,ES,Combined TRACON& Tower with Radar,456,28,29,0,513,1,1,11,0,13,457,29,40,0,526,0,0,0,526
05/05/2019,TPA,FL,ASO,ES,Combined TRACON& Tower with Radar,475,52,40,1,568,0,0,15,0,15,475,52,55,1,583,0,0,0,583
05/06/2019,TPA,FL,ASO,ES,Combined TRACON& Tower with Radar,480,48,53,2,583,1,3,20,0,24,481,51,73,2,607,0,0,0,607
05/07/2019,TPA,FL,ASO,ES,Combined TRACON& Tower with Radar,484,65,57,2,608,0,7,24,0,31,484,72,81,2,639,0,0,0,639
05/08/2019,TPA,FL,ASO,ES,Combined TRACON& Tower with Radar,477,73,70,0,620,1,1,25,0,27,478,74,95,0,647,0,0,0,647
05/09/2019,TPA,FL,ASO,ES,Combined TRACON& Tower with Radar,500,48,60,3,611,1,4,30,0,35,501,52,90,3,646,0,0,0,646
05/10/2019,TPA,FL,ASO,ES,Combined TRACON& Tower with Radar,489,58,54,6,607,0,0,24,0,24,489,58,78,6,631,0,0,0,631
05/11/2019,TPA,FL,ASO,ES,Combined TRACON& Tower with Radar,454,42,28,2,526,1,2,12,0,15,455,44,40,2,541,0,0,0,541
05/12/2019,TPA,FL,ASO,ES,Combined TRACON& Tower with Radar,449,40,21,1,511,0,0,11,2,13,449,40,32,3,524,0,0,0,524
05/13/2019,TPA,FL,ASO,ES,Combined TRACON& Tower with Radar,440,45,38,0,523,1,2,20,0,23,441,47,58,0,546,0,0,0,546
05/14/2019,TPA,FL,ASO,ES,Combined TRACON& Tower with Radar,502,48,41,0,591,0,0,19,0,19,502,48,60,0,610,0,0,0,610
05/15/2019,TPA,FL,ASO,ES,Combined TRACON& Tower with Radar,486,50,41,0,577,1,1,18,0,20,487,51,59,0,597,0,0,0,597
05/16/2019,TPA,FL,ASO,ES,Combined TRACON& Tower with Radar,480,51,79,4,614,1,0,25,0,26,481,51,104,4,640,0,0,0,640
05/17/2019,TPA,FL,ASO,ES,Combined TRACON& Tower with Radar,464,50,57,0,571,0,1,18,0,19,464,51,75,0,590,0,0,0,590
05/18/2019,TPA,FL,ASO,ES,Combined TRACON& Tower with Radar,444,28,31,0,503,1,2,16,0,19,445,30,47,0,522,15,0,15,537
05/19/2019,TPA,FL,ASO,ES,Combined TRACON& Tower with Radar,428,40,50,2,520,1,0,23,0,24,429,40,73,2,544,0,0,0,544
05/20/2019,TPA,FL,ASO,ES,Combined TRACON& Tower with Radar,459,43,49,0,551,0,4,16,0,20,459,47,65,0,571,0,0,0,571
05/21/2019,TPA,FL,ASO,ES,Combined TRACON& Tower with Radar,475,50,53,0,578,0,2,29,0,31,475,52,82,0,609,0,0,0,609
05/22/2019,TPA,FL,ASO,ES,Combined TRACON& Tower with Radar,477,49,63,1,590,1,5,28,1,35,478,54,91,2,625,0,0,0,625
05/23/2019,TPA,FL,ASO,ES,Combined TRACON& Tower with Radar,483,55,64,2,604,1,1,30,0,32,484,56,94,2,636,0,0,0,636
05/24/2019,TPA,FL,ASO,ES,Combined TRACON& Tower with Radar,483,60,61,0,604,0,1,19,0,20,483,61,80,0,624,0,0,0,624
05/25/2019,TPA,FL,ASO,ES,Combined TRACON& Tower with Radar,433,53,24,1,511,1,2,37,0,40,434,55,61,1,551,0,0,0,551
05/26/2019,TPA,FL,ASO,ES,Combined TRACON& Tower with Radar,385,38,37,1,461,1,0,8,0,9,386,38,45,1,470,0,0,0,470
05/27/2019,TPA,FL,ASO,ES,Combined TRACON& Tower with Radar,432,43,37,2,514,1,0,15,0,16,433,43,52,2,530,0,0,0,530
05/28/2019,TPA,FL,ASO,ES,Combined TRACON& Tower with Radar,453,58,52,0,563,0,2,21,0,23,453,60,73,0,586,0,0,0,586
05/29/2019,TPA,FL,ASO,ES,Combined TRACON& Tower with Radar,454,53,51,1,559,1,0,26,2,29,455,53,77,3,588,0,0,0,588
05/30/2019,TPA,FL,ASO,ES,Combined TRACON& Tower with Radar,480,54,61,2,597,2,0,16,0,18,482,54,77,2,615,0,0,0,615
05/31/2019,TPA,FL,ASO,ES,Combined TRACON& Tower with Radar,460,52,34,0,546,0,1,13,1,15,460,53,47,1,561,0,0,0,561
06/01/2019,TPA,FL,ASO,ES,Combined TRACON& Tower with Radar,432,33,33,2,500,1,0,5,1,7,433,33,38,3,507,0,0,0,507
06/02/2019,TPA,FL,ASO,ES,Combined TRACON& Tower with Radar,438,37,23,0,498,1,0,12,2,15,439,37,35,2,513,0,0,0,513
06/03/2019,TPA,FL,ASO,ES,Combined TRACON& Tower with Radar,454,43,32,2,531,1,0,15,0,16,455,43,47,2,547,3,0,3,550
06/04/2019,TPA,FL,ASO,ES,Combined TRACON& Tower with Radar,478,64,28,2,572,1,1,13,0,15,479,65,41,2,587,0,0,0,587
06/05/2019,TPA,FL,ASO,ES,Combined TRACON& Tower with Radar,470,58,42,0,570,1,0,16,0,17,471,58,58,0,587,0,0,0,587
06/06/2019,TPA,FL,ASO,ES,Combined TRACON& Tower with Radar,497,46,56,3,602,1,0,19,5,25,498,46,75,8,627,0,0,0,627
06/07/2019,TPA,FL,ASO,ES,Combined TRACON& Tower with Radar,480,55,45,2,582,1,1,23,1,26,481,56,68,3,608,0,0,0,608
06/08/2019,TPA,FL,ASO,ES,Combined TRACON& Tower with Radar,431,36,25,0,492,2,1,7,0,10,433,37,32,0,502,0,0,0,502
06/09/2019,TPA,FL,ASO,ES,Combined TRACON& Tower with Radar,453,32,36,0,521,1,0,7,0,8,454,32,43,0,529,0,0,0,529
06/10/2019,TPA,FL,ASO,ES,Combined TRACON& Tower with Radar,491,39,54,3,587,0,1,14,0,15,491,40,68,3,602,0,0,0,602
06/11/2019,TPA,FL,ASO,ES,Combined TRACON& Tower with Radar,459,44,37,1,541,1,2,15,1,19,460,46,52,2,560,0,0,0,560
06/12/2019,TPA,FL,ASO,ES,Combined TRACON& Tower with Radar,454,46,52,0,552,1,2,16,1,20,455,48,68,1,572,0,0,0,572
06/13/2019,TPA,FL,ASO,ES,Combined TRACON& Tower with Radar,474,53,56,1,584,1,0,13,0,14,475,53,69,1,598,0,0,0,598
06/14/2019,TPA,FL,ASO,ES,Combined TRACON& Tower with Radar,450,51,44,3,548,1,1,17,0,19,451,52,61,3,567,0,0,0,567
06/15/2019,TPA,FL,ASO,ES,Combined TRACON& Tower with Radar,468,37,31,0,536,1,0,7,0,8,469,37,38,0,544,0,24,24,568
06/16/2019,TPA,FL,ASO,ES,Combined TRACON& Tower with Radar,448,49,34,0,531,1,0,18,0,19,449,49,52,0,550,0,0,0,550
06/17/2019,TPA,FL,ASO,ES,Combined TRACON& Tower with Radar,438,52,46,2,538,2,0,17,0,19,440,52,63,2,557,0,0,0,557
06/18/2019,TPA,FL,ASO,ES,Combined TRACON& Tower with Radar,460,54,47,1,562,1,0,11,0,12,461,54,58,1,574,0,0,0,574
06/19/2019,TPA,FL,ASO,ES,Combined TRACON& Tower with Radar,456,43,42,0,541,1,1,18,0,20,457,44,60,0,561,0,0,0,561
06/20/2019,TPA,FL,ASO,ES,Combined TRACON& Tower with Radar,465,63,50,0,578,1,1,21,0,23,466,64,71,0,601,0,0,0,601
06/21/2019,TPA,FL,ASO,ES,Combined TRACON& Tower with Radar,474,53,55,0,582,0,3,25,0,28,474,56,80,0,610,0,0,0,610
06/22/2019,TPA,FL,ASO,ES,Combined TRACON& Tower with Radar,470,44,27,3,544,1,0,12,0,13,471,44,39,3,557,0,0,0,557
06/23/2019,TPA,FL,ASO,ES,Combined TRACON& Tower with Radar,449,36,41,0,526,0,0,8,2,10,449,36,49,2,536,0,0,0,536
06/24/2019,TPA,FL,ASO,ES,Combined TRACON& Tower with Radar,449,50,35,0,534,0,1,22,1,24,449,51,57,1,558,0,0,0,558
06/25/2019,TPA,FL,ASO,ES,Combined TRACON& Tower with Radar,479,55,42,0,576,1,1,26,0,28,480,56,68,0,604,0,0,0,604
06/26/2019,TPA,FL,ASO,ES,Combined TRACON& Tower with Radar,459,53,48,1,561,1,0,19,0,20,460,53,67,1,581,0,0,0,581
06/27/2019,TPA,FL,ASO,ES,Combined TRACON& Tower with Radar,468,47,55,0,570,1,3,19,0,23,469,50,74,0,593,0,0,0,593
06/28/2019,TPA,FL,ASO,ES,Combined TRACON& Tower with Radar,462,32,55,0,549,1,1,20,0,22,463,33,75,0,571,0,0,0,571
06/29/2019,TPA,FL,ASO,ES,Combined TRACON& Tower with Radar,455,40,30,0,525,1,1,12,0,14,456,41,42,0,539,0,0,0,539
06/30/2019,TPA,FL,ASO,ES,Combined TRACON& Tower with Radar,465,49,30,0,544,1,0,12,0,13,466,49,42,0,557,0,0,0,557
07/01/2019,TPA,FL,ASO,ES,Combined TRACON& Tower with Radar,455,49,47,2,553,1,2,18,0,21,456,51,65,2,574,0,0,0,574
07/02/2019,TPA,FL,ASO,ES,Combined TRACON& Tower with Radar,449,55,38,1,543,1,1,18,0,20,450,56,56,1,563,0,0,0,563
07/03/2019,TPA,FL,ASO,ES,Combined TRACON& Tower with Radar,444,53,39,0,536,1,1,8,0,10,445,54,47,0,546,0,0,0,546
07/04/2019,TPA,FL,ASO,ES,Combined TRACON& Tower with Radar,365,30,20,0,415,1,0,10,0,11,366,30,30,0,426,0,0,0,426
07/05/2019,TPA,FL,ASO,ES,Combined TRACON& Tower with Radar,396,33,16,1,446,1,2,10,0,13,397,35,26,1,459,0,0,0,459
07/06/2019,TPA,FL,ASO,ES,Combined TRACON& Tower with Radar,462,47,30,0,539,1,1,9,0,11,463,48,39,0,550,0,0,0,550
07/07/2019,TPA,FL,ASO,ES,Combined TRACON& Tower with Radar,466,49,68,0,583,1,2,9,0,12,467,51,77,0,595,0,0,0,595
07/08/2019,TPA,FL,ASO,ES,Combined TRACON& Tower with Radar,455,49,68,0,572,1,1,18,0,20,456,50,86,0,592,0,0,0,592
07/09/2019,TPA,FL,ASO,ES,Combined TRACON& Tower with Radar,485,45,39,1,570,1,1,7,0,9,486,46,46,1,579,0,0,0,579
07/10/2019,TPA,FL,ASO,ES,Combined TRACON& Tower with Radar,458,50,54,2,564,1,2,8,0,11,459,52,62,2,575,0,0,0,575
07/11/2019,TPA,FL,ASO,ES,Combined TRACON& Tower with Radar,456,44,52,0,552,1,1,21,0,23,457,45,73,0,575,0,0,0,575
07/12/2019,TPA,FL,ASO,ES,Combined TRACON& Tower with Radar,462,51,38,0,551,1,1,11,0,13,463,52,49,0,564,0,0,0,564
07/13/2019,TPA,FL,ASO,ES,Combined TRACON& Tower with Radar,478,34,19,0,531,1,4,6,2,13,479,38,25,2,544,32,0,32,576
07/14/2019,TPA,FL,ASO,ES,Combined TRACON& Tower with Radar,451,37,46,0,534,1,0,14,0,15,452,37,60,0,549,0,0,0,549
07/15/2019,TPA,FL,ASO,ES,Combined TRACON& Tower with Radar,464,49,54,0,567,1,1,18,0,20,465,50,72,0,587,0,0,0,587
07/16/2019,TPA,FL,ASO,ES,Combined TRACON& Tower with Radar,469,35,42,2,548,0,0,21,0,21,469,35,63,2,569,0,0,0,569
07/17/2019,TPA,FL,ASO,ES,Combined TRACON& Tower with Radar,471,59,34,2,566,1,2,14,0,17,472,61,48,2,583,0,0,0,583
07/18/2019,TPA,FL,ASO,ES,Combined TRACON& Tower with Radar,462,50,32,0,544,1,4,13,0,18,463,54,45,0,562,0,0,0,562
07/19/2019,TPA,FL,ASO,ES,Combined TRACON& Tower with Radar,464,37,24,0,525,1,2,12,0,15,465,39,36,0,540,0,0,0,540
07/20/2019,TPA,FL,ASO,ES,Combined TRACON& Tower with Radar,481,32,31,0,544,1,1,22,0,24,482,33,53,0,568,0,0,0,568
07/21/2019,TPA,FL,ASO,ES,Combined TRACON& Tower with Radar,453,39,38,0,530,1,0,21,0,22,454,39,59,0,552,0,0,0,552
07/22/2019,TPA,FL,ASO,ES,Combined TRACON& Tower with Radar,445,45,45,0,535,1,0,17,0,18,446,45,62,0,553,0,0,0,553
07/23/2019,TPA,FL,ASO,ES,Combined TRACON& Tower with Radar,474,56,19,0,549,1,3,23,2,29,475,59,42,2,578,0,0,0,578
07/24/2019,TPA,FL,ASO,ES,Combined TRACON& Tower with Radar,464,48,41,2,555,1,0,13,0,14,465,48,54,2,569,0,0,0,569
07/25/2019,TPA,FL,ASO,ES,Combined TRACON& Tower with Radar,490,44,48,0,582,0,1,10,0,11,490,45,58,0,593,0,0,0,593
07/26/2019,TPA,FL,ASO,ES,Combined TRACON& Tower with Radar,470,46,28,1,545,0,2,19,0,21,470,48,47,1,566,0,0,0,566
07/27/2019,TPA,FL,ASO,ES,Combined TRACON& Tower with Radar,469,33,19,1,522,0,2,13,0,15,469,35,32,1,537,0,0,0,537
07/28/2019,TPA,FL,ASO,ES,Combined TRACON& Tower with Radar,464,41,39,0,544,0,3,9,0,12,464,44,48,0,556,0,0,0,556
07/29/2019,TPA,FL,ASO,ES,Combined TRACON& Tower with Radar,449,48,41,0,538,1,2,20,0,23,450,50,61,0,561,0,0,0,561
07/30/2019,TPA,FL,ASO,ES,Combined TRACON& Tower with Radar,491,57,39,2,589,1,4,20,0,25,492,61,59,2,614,0,0,0,614
07/31/2019,TPA,FL,ASO,ES,Combined TRACON& Tower with Radar,462,51,57,2,572,1,0,14,0,15,463,51,71,2,587,0,0,0,587
08/01/2019,TPA,FL,ASO,ES,Combined TRACON& Tower with Radar,490,60,45,0,595,1,2,16,0,19,491,62,61,0,614,0,0,0,614
08/02/2019,TPA,FL,ASO,ES,Combined TRACON& Tower with Radar,473,50,36,0,559,1,1,4,0,6,474,51,40,0,565,0,0,0,565
08/03/2019,TPA,FL,ASO,ES,Combined TRACON& Tower with Radar,471,41,15,0,527,1,1,13,0,15,472,42,28,0,542,0,0,0,542
08/04/2019,TPA,FL,ASO,ES,Combined TRACON& Tower with Radar,460,39,39,0,538,1,1,11,1,14,461,40,50,1,552,0,0,0,552
08/05/2019,TPA,FL,ASO,ES,Combined TRACON& Tower with Radar,458,50,37,0,545,0,0,20,0,20,458,50,57,0,565,0,0,0,565
08/06/2019,TPA,FL,ASO,ES,Combined TRACON& Tower with Radar,451,63,38,0,552,1,3,13,1,18,452,66,51,1,570,0,0,0,570
08/07/2019,TPA,FL,ASO,ES,Combined TRACON& Tower with Radar,405,61,65,0,531,0,0,18,0,18,405,61,83,0,549,0,0,0,549
08/08/2019,TPA,FL,ASO,ES,Combined TRACON& Tower with Radar,449,59,53,2,563,1,0,23,0,24,450,59,76,2,587,0,0,0,587
08/09/2019,TPA,FL,ASO,ES,Combined TRACON& Tower with Radar,442,50,35,1,528,1,4,21,0,26,443,54,56,1,554,0,0,0,554
08/10/2019,TPA,FL,ASO,ES,Combined TRACON& Tower with Radar,413,44,26,0,483,0,0,13,0,13,413,44,39,0,496,0,0,0,496
08/11/2019,TPA,FL,ASO,ES,Combined TRACON& Tower with Radar,425,41,33,3,502,1,0,10,0,11,426,41,43,3,513,0,0,0,513
08/12/2019,TPA,FL,ASO,ES,Combined TRACON& Tower with Radar,439,41,34,0,514,0,3,12,0,15,439,44,46,0,529,0,0,0,529
08/13/2019,TPA,FL,ASO,ES,Combined TRACON& Tower with Radar,431,45,37,0,513,1,2,16,0,19,432,47,53,0,532,0,0,0,532
08/14/2019,TPA,FL,ASO,ES,Combined TRACON& Tower with Radar,419,38,34,0,491,0,1,15,0,16,419,39,49,0,507,0,0,0,507
08/15/2019,TPA,FL,ASO,ES,Combined TRACON& Tower with Radar,442,57,64,2,565,0,1,5,0,6,442,58,69,2,571,0,0,0,571
08/16/2019,TPA,FL,ASO,ES,Combined TRACON& Tower with Radar,429,44,41,0,514,1,0,5,0,6,430,44,46,0,520,0,0,0,520
08/17/2019,TPA,FL,ASO,ES,Combined TRACON& Tower with Radar,396,51,23,0,470,1,0,18,0,19,397,51,41,0,489,0,0,0,489
08/18/2019,TPA,FL,ASO,ES,Combined TRACON& Tower with Radar,399,62,38,1,500,1,0,10,0,11,400,62,48,1,511,0,0,0,511
08/19/2019,TPA,FL,ASO,ES,Combined TRACON& Tower with Radar,423,49,32,4,508,0,0,16,0,16,423,49,48,4,524,0,0,0,524
08/20/2019,TPA,FL,ASO,ES,Combined TRACON& Tower with Radar,403,58,54,4,519,1,1,24,0,26,404,59,78,4,545,0,0,0,545
08/21/2019,TPA,FL,ASO,ES,Combined TRACON& Tower with Radar,427,45,44,4,520,0,0,32,0,32,427,45,76,4,552,0,0,0,552
08/22/2019,TPA,FL,ASO,ES,Combined TRACON& Tower with Radar,440,50,53,7,550,4,2,31,0,37,444,52,84,7,587,0,0,0,587
08/23/2019,TPA,FL,ASO,ES,Combined TRACON& Tower with Radar,441,47,48,9,545,0,0,24,1,25,441,47,72,10,570,27,0,27,597
08/24/2019,TPA,FL,ASO,ES,Combined TRACON& Tower with Radar,387,34,27,5,453,0,3,19,0,22,387,37,46,5,475,0,0,0,475
08/25/2019,TPA,FL,ASO,ES,Combined TRACON& Tower with Radar,418,49,43,0,510,1,0,13,0,14,419,49,56,0,524,0,0,0,524
08/26/2019,TPA,FL,ASO,ES,Combined TRACON& Tower with Radar,428,49,36,2,515,0,2,16,0,18,428,51,52,2,533,0,0,0,533
08/27/2019,TPA,FL,ASO,ES,Combined TRACON& Tower with Radar,427,52,39,4,522,1,2,22,0,25,428,54,61,4,547,0,0,0,547
08/28/2019,TPA,FL,ASO,ES,Combined TRACON& Tower with Radar,426,46,42,7,521,0,0,17,0,17,426,46,59,7,538,0,0,0,538
08/29/2019,TPA,FL,ASO,ES,Combined TRACON& Tower with Radar,449,63,72,4,588,1,3,17,0,21,450,66,89,4,609,0,0,0,609
08/30/2019,TPA,FL,ASO,ES,Combined TRACON& Tower with Radar,432,53,46,2,533,1,0,19,1,21,433,53,65,3,554,0,0,0,554
08/31/2019,TPA,FL,ASO,ES,Combined TRACON& Tower with Radar,349,33,22,2,406,0,2,9,0,11,349,35,31,2,417,0,0,0,417
09/01/2019,TPA,FL,ASO,ES,Combined TRACON& Tower with Radar,341,19,12,0,372,0,0,8,0,8,341,19,20,0,380,0,0,0,380
09/02/2019,TPA,FL,ASO,ES,Combined TRACON& Tower with Radar,378,25,32,0,435,3,0,4,0,7,381,25,36,0,442,0,0,0,442
09/03/2019,TPA,FL,ASO,ES,Combined TRACON& Tower with Radar,364,33,17,0,414,1,1,19,0,21,365,34,36,0,435,0,0,0,435
09/04/2019,TPA,FL,ASO,ES,Combined TRACON& Tower with Radar,394,53,37,0,484,1,0,23,0,24,395,53,60,0,508,0,0,0,508
09/05/2019,TPA,FL,ASO,ES,Combined TRACON& Tower with Radar,407,54,40,0,501,1,2,24,0,27,408,56,64,0,528,0,0,0,528
09/06/2019,TPA,FL,ASO,ES,Combined TRACON& Tower with Radar,385,54,36,0,475,1,2,28,0,31,386,56,64,0,506,0,0,0,506
09/07/2019,TPA,FL,ASO,ES,Combined TRACON& Tower with Radar,375,38,31,0,444,1,1,20,0,22,376,39,51,0,466,0,0,0,466
09/08/2019,TPA,FL,ASO,ES,Combined TRACON& Tower with Radar,416,47,54,0,517,0,0,27,0,27,416,47,81,0,544,0,0,0,544
09/09/2019,TPA,FL,ASO,ES,Combined TRACON& Tower with Radar,393,45,43,0,481,3,0,21,0,24,396,45,64,0,505,0,0,0,505
09/10/2019,TPA,FL,ASO,ES,Combined TRACON& Tower with Radar,392,53,35,2,482,1,0,19,0,20,393,53,54,2,502,0,0,0,502
09/11/2019,TPA,FL,ASO,ES,Combined TRACON& Tower with Radar,390,51,54,0,495,0,2,28,0,30,390,53,82,0,525,0,0,0,525
09/12/2019,TPA,FL,ASO,ES,Combined TRACON& Tower with Radar,416,46,67,0,529,0,0,31,0,31,416,46,98,0,560,0,0,0,560
09/13/2019,TPA,FL,ASO,ES,Combined TRACON& Tower with Radar,415,40,41,1,497,1,1,18,0,20,416,41,59,1,517,0,0,0,517
09/14/2019,TPA,FL,ASO,ES,Combined TRACON& Tower with Radar,384,38,24,0,446,1,1,13,0,15,385,39,37,0,461,0,0,0,461
09/15/2019,TPA,FL,ASO,ES,Combined TRACON& Tower with Radar,413,39,38,1,491,0,0,20,0,20,413,39,58,1,511,0,0,0,511
09/16/2019,TPA,FL,ASO,ES,Combined TRACON& Tower with Radar,400,49,38,0,487,1,0,21,2,24,401,49,59,2,511,0,0,0,511
09/17/2019,TPA,FL,ASO,ES,Combined TRACON& Tower with Radar,391,51,52,0,494,1,6,29,0,36,392,57,81,0,530,0,0,0,530
09/18/2019,TPA,FL,ASO,ES,Combined TRACON& Tower with Radar,385,42,57,0,484,0,9,31,0,40,385,51,88,0,524,0,0,0,524
09/19/2019,TPA,FL,ASO,ES,Combined TRACON& Tower with Radar,412,65,53,1,531,0,4,33,0,37,412,69,86,1,568,0,0,0,568
09/20/2019,TPA,FL,ASO,ES,Combined TRACON& Tower with Radar,398,63,41,0,502,1,5,15,0,21,399,68,56,0,523,0,0,0,523
09/21/2019,TPA,FL,ASO,ES,Combined TRACON& Tower with Radar,380,42,28,0,450,1,0,17,1,19,381,42,45,1,469,0,0,0,469
09/22/2019,TPA,FL,ASO,ES,Combined TRACON& Tower with Radar,412,53,50,0,515,0,0,15,0,15,412,53,65,0,530,0,0,0,530
09/23/2019,TPA,FL,ASO,ES,Combined TRACON& Tower with Radar,401,58,47,3,509,1,4,28,0,33,402,62,75,3,542,0,0,0,542
09/24/2019,TPA,FL,ASO,ES,Combined TRACON& Tower with Radar,395,46,56,4,501,1,7,31,0,39,396,53,87,4,540,0,0,0,540
09/25/2019,TPA,FL,ASO,ES,Combined TRACON& Tower with Radar,384,51,55,2,492,0,5,19,0,24,384,56,74,2,516,0,0,0,516
09/26/2019,TPA,FL,ASO,ES,Combined TRACON& Tower with Radar,426,46,39,0,511,0,4,26,0,30,426,50,65,0,541,0,0,0,541
09/27/2019,TPA,FL,ASO,ES,Combined TRACON& Tower with Radar,403,54,44,0,501,1,0,23,0,24,404,54,67,0,525,0,0,0,525
09/28/2019,TPA,FL,ASO,ES,Combined TRACON& Tower with Radar,384,33,34,1,452,0,3,12,0,15,384,36,46,1,467,0,0,0,467
09/29/2019,TPA,FL,ASO,ES,Combined TRACON& Tower with Radar,410,50,46,0,506,0,0,20,0,20,410,50,66,0,526,0,0,0,526
09/30/2019,TPA,FL,ASO,ES,Combined TRACON& Tower with Radar,410,56,45,1,512,1,0,15,0,16,411,56,60,1,528,0,0,0,528
10/01/2019,TPA,FL,ASO,ES,Combined TRACON& Tower with Radar,400,54,73,0,527,1,1,20,0,22,401,55,93,0,549,0,0,0,549
10/02/2019,TPA,FL,ASO,ES,Combined TRACON& Tower with Radar,422,52,68,0,542,0,2,16,0,18,422,54,84,0,560,0,0,0,560
10/03/2019,TPA,FL,ASO,ES,Combined TRACON& Tower with Radar,461,51,64,2,578,0,0,34,0,34,461,51,98,2,612,0,0,0,612
10/04/2019,TPA,FL,ASO,ES,Combined TRACON& Tower with Radar,442,59,53,0,554,0,1,32,0,33,442,60,85,0,587,0,0,0,587
10/05/2019,TPA,FL,ASO,ES,Combined TRACON& Tower with Radar,420,45,31,0,496,2,1,20,0,23,422,46,51,0,519,0,0,0,519
10/06/2019,TPA,FL,ASO,ES,Combined TRACON& Tower with Radar,450,41,57,0,548,0,0,11,0,11,450,41,68,0,559,0,0,0,559
10/07/2019,TPA,FL,ASO,ES,Combined TRACON& Tower with Radar,440,50,48,0,538,0,2,11,0,13,440,52,59,0,551,0,0,0,551
10/08/2019,TPA,FL,ASO,ES,Combined TRACON& Tower with Radar,460,66,37,0,563,1,2,5,0,8,461,68,42,0,571,0,0,0,571
10/09/2019,TPA,FL,ASO,ES,Combined TRACON& Tower with Radar,437,54,70,0,561,0,4,23,0,27,437,58,93,0,588,0,0,0,588
10/10/2019,TPA,FL,ASO,ES,Combined TRACON& Tower with Radar,466,61,59,0,586,0,2,29,0,31,466,63,88,0,617,0,0,0,617
10/11/2019,TPA,FL,ASO,ES,Combined TRACON& Tower with Radar,455,57,38,0,550,0,0,19,0,19,455,57,57,0,569,0,0,0,569
10/12/2019,TPA,FL,ASO,ES,Combined TRACON& Tower with Radar,421,38,18,0,477,0,1,21,0,22,421,39,39,0,499,0,0,0,499
10/13/2019,TPA,FL,ASO,ES,Combined TRACON& Tower with Radar,431,45,33,0,509,0,0,11,0,11,431,45,44,0,520,0,0,0,520
10/14/2019,TPA,FL,ASO,ES,Combined TRACON& Tower with Radar,448,57,38,0,543,1,1,21,0,23,449,58,59,0,566,0,0,0,566
10/15/2019,TPA,FL,ASO,ES,Combined TRACON& Tower with Radar,433,46,41,0,520,1,4,28,0,33,434,50,69,0,553,0,0,0,553
10/16/2019,TPA,FL,ASO,ES,Combined TRACON& Tower with Radar,441,50,55,2,548,0,0,19,1,20,441,50,74,3,568,0,0,0,568
10/17/2019,TPA,FL,ASO,ES,Combined TRACON& Tower with Radar,459,49,47,0,555,0,0,19,4,23,459,49,66,4,578,0,0,0,578
10/18/2019,TPA,FL,ASO,ES,Combined TRACON& Tower with Radar,462,61,45,0,568,0,1,27,0,28,462,62,72,0,596,0,0,0,596
10/19/2019,TPA,FL,ASO,ES,Combined TRACON& Tower with Radar,430,31,7,0,468,1,0,7,0,8,431,31,14,0,476,0,0,0,476
10/20/2019,TPA,FL,ASO,ES,Combined TRACON& Tower with Radar,441,48,43,0,532,0,0,9,0,9,441,48,52,0,541,0,0,0,541
10/21/2019,TPA,FL,ASO,ES,Combined TRACON& Tower with Radar,446,40,44,0,530,1,0,22,0,23,447,40,66,0,553,0,0,0,553
10/22/2019,TPA,FL,ASO,ES,Combined TRACON& Tower with Radar,442,61,51,0,554,1,2,14,0,17,443,63,65,0,571,0,0,0,571
10/23/2019,TPA,FL,ASO,ES,Combined TRACON& Tower with Radar,436,59,54,0,549,0,4,24,0,28,436,63,78,0,577,0,0,0,577
10/24/2019,TPA,FL,ASO,ES,Combined TRACON& Tower with Radar,466,63,59,0,588,0,2,17,0,19,466,65,76,0,607,0,0,0,607
10/25/2019,TPA,FL,ASO,ES,Combined TRACON& Tower with Radar,461,52,46,2,561,0,2,20,0,22,461,54,66,2,583,0,0,0,583
10/26/2019,TPA,FL,ASO,ES,Combined TRACON& Tower with Radar,419,45,30,0,494,1,1,9,0,11,420,46,39,0,505,0,0,0,505
10/27/2019,TPA,FL,ASO,ES,Combined TRACON& Tower with Radar,431,39,49,0,519,0,3,11,1,15,431,42,60,1,534,0,0,0,534
10/28/2019,TPA,FL,ASO,ES,Combined TRACON& Tower with Radar,437,45,30,0,512,1,0,11,0,12,438,45,41,0,524,0,0,0,524
10/29/2019,TPA,FL,ASO,ES,Combined TRACON& Tower with Radar,425,56,53,0,534,1,1,23,0,25,426,57,76,0,559,0,0,0,559
10/30/2019,TPA,FL,ASO,ES,Combined TRACON& Tower with Radar,428,58,57,3,546,0,0,36,1,37,428,58,93,4,583,0,0,0,583
10/31/2019,TPA,FL,ASO,ES,Combined TRACON& Tower with Radar,413,60,47,2,522,0,5,18,0,23,413,65,65,2,545,0,0,0,545
11/01/2019,TPA,FL,ASO,ES,Combined TRACON& Tower with Radar,438,56,52,0,546,1,0,18,0,19,439,56,70,0,565,0,0,0,565
11/02/2019,TPA,FL,ASO,ES,Combined TRACON& Tower with Radar,404,35,27,0,466,1,0,13,0,14,405,35,40,0,480,0,0,0,480
11/03/2019,TPA,FL,ASO,ES,Combined TRACON& Tower with Radar,446,38,53,0,537,0,0,14,0,14,446,38,67,0,551,0,0,0,551
11/04/2019,TPA,FL,ASO,ES,Combined TRACON& Tower with Radar,481,55,41,0,577,0,0,26,0,26,481,55,67,0,603,0,0,0,603
11/05/2019,TPA,FL,ASO,ES,Combined TRACON& Tower with Radar,461,47,47,2,557,1,0,25,0,26,462,47,72,2,583,0,0,0,583
11/06/2019,TPA,FL,ASO,ES,Combined TRACON& Tower with Radar,469,62,53,0,584,0,4,12,0,16,469,66,65,0,600,0,0,0,600
11/07/2019,TPA,FL,ASO,ES,Combined TRACON& Tower with Radar,505,66,58,0,629,1,0,17,0,18,506,66,75,0,647,0,0,0,647
11/08/2019,TPA,FL,ASO,ES,Combined TRACON& Tower with Radar,491,73,41,0,605,1,0,16,0,17,492,73,57,0,622,0,0,0,622
11/09/2019,TPA,FL,ASO,ES,Combined TRACON& Tower with Radar,438,39,44,0,521,1,1,6,0,8,439,40,50,0,529,0,0,0,529
11/10/2019,TPA,FL,ASO,ES,Combined TRACON& Tower with Radar,459,56,54,2,571,0,2,11,0,13,459,58,65,2,584,0,0,0,584
11/11/2019,TPA,FL,ASO,ES,Combined TRACON& Tower with Radar,453,59,49,0,561,0,3,15,0,18,453,62,64,0,579,0,0,0,579
11/12/2019,TPA,FL,ASO,ES,Combined TRACON& Tower with Radar,487,56,40,3,586,1,4,8,0,13,488,60,48,3,599,0,0,0,599
11/13/2019,TPA,FL,ASO,ES,Combined TRACON& Tower with Radar,500,69,75,2,646,0,1,19,0,20,500,70,94,2,666,0,0,0,666
11/14/2019,TPA,FL,ASO,ES,Combined TRACON& Tower with Radar,544,63,66,2,675,1,1,21,0,23,545,64,87,2,698,0,0,0,698
11/15/2019,TPA,FL,ASO,ES,Combined TRACON& Tower with Radar,539,71,78,2,690,0,0,9,0,9,539,71,87,2,699,0,0,0,699
11/16/2019,TPA,FL,ASO,ES,Combined TRACON& Tower with Radar,488,30,43,1,562,0,0,9,0,9,488,30,52,1,571,0,0,0,571
11/17/2019,TPA,FL,ASO,ES,Combined TRACON& Tower with Radar,499,52,87,0,638,0,1,7,0,8,499,53,94,0,646,0,0,0,646
11/18/2019,TPA,FL,ASO,ES,Combined TRACON& Tower with Radar,525,60,54,0,639,0,0,18,0,18,525,60,72,0,657,0,0,0,657
11/19/2019,TPA,FL,ASO,ES,Combined TRACON& Tower with Radar,543,44,55,0,642,1,3,14,0,18,544,47,69,0,660,0,0,0,660
11/20/2019,TPA,FL,ASO,ES,Combined TRACON& Tower with Radar,520,56,40,2,618,0,3,27,1,31,520,59,67,3,649,0,0,0,649
11/21/2019,TPA,FL,ASO,ES,Combined TRACON& Tower with Radar,535,57,45,0,637,1,1,26,0,28,536,58,71,0,665,0,0,0,665
11/22/2019,TPA,FL,ASO,ES,Combined TRACON& Tower with Radar,532,53,56,1,642,1,3,21,1,26,533,56,77,2,668,0,0,0,668
11/23/2019,TPA,FL,ASO,ES,Combined TRACON& Tower with Radar,525,37,18,0,580,1,4,6,0,11,526,41,24,0,591,0,0,0,591
11/24/2019,TPA,FL,ASO,ES,Combined TRACON& Tower with Radar,506,47,39,0,592,0,2,10,0,12,506,49,49,0,604,0,0,0,604
11/25/2019,TPA,FL,ASO,ES,Combined TRACON& Tower with Radar,504,49,29,1,583,0,2,20,0,22,504,51,49,1,605,0,0,0,605
11/26/2019,TPA,FL,ASO,ES,Combined TRACON& Tower with Radar,534,59,55,2,650,1,2,22,1,26,535,61,77,3,676,0,0,0,676
11/27/2019,TPA,FL,ASO,ES,Combined TRACON& Tower with Radar,544,55,59,0,658,0,1,17,0,18,544,56,76,0,676,0,0,0,676
11/28/2019,TPA,FL,ASO,ES,Combined TRACON& Tower with Radar,374,49,13,1,437,1,0,12,0,13,375,49,25,1,450,0,0,0,450
11/29/2019,TPA,FL,ASO,ES,Combined TRACON& Tower with Radar,406,47,32,1,486,1,3,17,0,21,407,50,49,1,507,0,0,0,507
11/30/2019,TPA,FL,ASO,ES,Combined TRACON& Tower with Radar,544,49,40,0,633,1,0,19,0,20,545,49,59,0,653,0,0,0,653
12/01/2019,TPA,FL,ASO,ES,Combined TRACON& Tower with Radar,544,49,56,0,649,0,0,11,0,11,544,49,67,0,660,0,0,0,660
12/02/2019,TPA,FL,ASO,ES,Combined TRACON& Tower with Radar,541,63,55,0,659,0,0,10,0,10,541,63,65,0,669,0,0,0,669
12/03/2019,TPA,FL,ASO,ES,Combined TRACON& Tower with Radar,520,67,70,2,659,1,2,25,0,28,521,69,95,2,687,11,0,11,698
12/04/2019,TPA,FL,ASO,ES,Combined TRACON& Tower with Radar,520,57,51,0,628,0,2,25,1,28,520,59,76,1,656,0,0,0,656
12/05/2019,TPA,FL,ASO,ES,Combined TRACON& Tower with Radar,550,69,74,2,695,1,3,30,0,34,551,72,104,2,729,0,0,0,729
12/06/2019,TPA,FL,ASO,ES,Combined TRACON& Tower with Radar,520,60,73,0,653,1,2,31,1,35,521,62,104,1,688,0,0,0,688
12/07/2019,TPA,FL,ASO,ES,Combined TRACON& Tower with Radar,468,46,36,0,550,1,2,13,0,16,469,48,49,0,566,0,0,0,566
12/08/2019,TPA,FL,ASO,ES,Combined TRACON& Tower with Radar,488,52,63,0,603,1,0,31,2,34,489,52,94,2,637,0,0,0,637
12/09/2019,TPA,FL,ASO,ES,Combined TRACON& Tower with Radar,514,76,62,0,652,0,1,29,0,30,514,77,91,0,682,0,0,0,682
12/10/2019,TPA,FL,ASO,ES,Combined TRACON& Tower with Radar,497,62,46,1,606,1,2,23,0,26,498,64,69,1,632,0,0,0,632
12/11/2019,TPA,FL,ASO,ES,Combined TRACON& Tower with Radar,499,62,67,1,629,0,5,5,0,10,499,67,72,1,639,0,0,0,639
12/12/2019,TPA,FL,ASO,ES,Combined TRACON& Tower with Radar,542,77,81,0,700,1,0,16,0,17,543,77,97,0,717,0,0,0,717
12/13/2019,TPA,FL,ASO,ES,Combined TRACON& Tower with Radar,520,65,51,1,637,1,0,21,0,22,521,65,72,1,659,0,0,0,659
12/14/2019,TPA,FL,ASO,ES,Combined TRACON& Tower with Radar,485,34,27,0,546,1,0,13,1,15,486,34,40,1,561,0,0,0,561
12/15/2019,TPA,FL,ASO,ES,Combined TRACON& Tower with Radar,495,42,45,0,582,1,0,17,0,18,496,42,62,0,600,0,0,0,600
12/16/2019,TPA,FL,ASO,ES,Combined TRACON& Tower with Radar,507,49,51,0,607,1,2,19,0,22,508,51,70,0,629,0,0,0,629
12/17/2019,TPA,FL,ASO,ES,Combined TRACON& Tower with Radar,493,63,66,0,622,1,1,12,0,14,494,64,78,0,636,0,0,0,636
12/18/2019,TPA,FL,ASO,ES,Combined TRACON& Tower with Radar,563,73,78,0,714,0,0,12,0,12,563,73,90,0,726,0,0,0,726
12/19/2019,TPA,FL,ASO,ES,Combined TRACON& Tower with Radar,606,74,38,0,718,1,3,23,1,28,607,77,61,1,746,0,0,0,746
12/20/2019,TPA,FL,ASO,ES,Combined TRACON& Tower with Radar,573,66,34,0,673,1,1,21,0,23,574,67,55,0,696,0,0,0,696
12/21/2019,TPA,FL,ASO,ES,Combined TRACON& Tower with Radar,611,48,32,0,691,1,1,16,0,18,612,49,48,0,709,0,0,0,709
12/22/2019,TPA,FL,ASO,ES,Combined TRACON& Tower with Radar,589,45,21,0,655,1,0,1,0,2,590,45,22,0,657,0,0,0,657
12/23/2019,TPA,FL,ASO,ES,Combined TRACON& Tower with Radar,592,46,34,0,672,0,0,12,0,12,592,46,46,0,684,0,0,0,684
12/24/2019,TPA,FL,ASO,ES,Combined TRACON& Tower with Radar,509,41,17,0,567,1,2,10,0,13,510,43,27,0,580,0,0,0,580
12/25/2019,TPA,FL,ASO,ES,Combined TRACON& Tower with Radar,458,23,7,0,488,1,0,2,0,3,459,23,9,0,491,0,0,0,491
12/26/2019,TPA,FL,ASO,ES,Combined TRACON& Tower with Radar,563,36,47,0,646,3,2,6,0,11,566,38,53,0,657,0,0,0,657
12/27/2019,TPA,FL,ASO,ES,Combined TRACON& Tower with Radar,583,41,67,0,691,1,2,11,0,14,584,43,78,0,705,0,0,0,705
12/28/2019,TPA,FL,ASO,ES,Combined TRACON& Tower with Radar,584,39,49,0,672,1,1,1,1,4,585,40,50,1,676,0,0,0,676
12/29/2019,TPA,FL,ASO,ES,Combined TRACON& Tower with Radar,583,66,38,0,687,1,0,3,0,4,584,66,41,0,691,0,0,0,691
12/30/2019,TPA,FL,ASO,ES,Combined TRACON& Tower with Radar,574,48,43,0,665,1,0,9,1,11,575,48,52,1,676,0,0,0,676
12/31/2019,TPA,FL,ASO,ES,Combined TRACON& Tower with Radar,548,50,32,0,630,2,3,26,0,31,550,53,58,0,661,0,0,0,661
01/01/2020,TPA,FL,ASO,ES,Combined TRACON& Tower with Radar,465,32,56,0,553,1,1,19,1,22,466,33,75,1,575,0,0,0,575
01/02/2020,TPA,FL,ASO,ES,Combined TRACON& Tower with Radar,567,53,40,0,660,1,0,13,0,14,568,53,53,0,674,0,0,0,674
01/03/2020,TPA,FL,ASO,ES,Combined TRACON& Tower with Radar,569,62,37,0,668,1,0,15,0,16,570,62,52,0,684,0,0,0,684
01/04/2020,TPA,FL,ASO,ES,Combined TRACON& Tower with Radar,558,49,36,0,643,0,2,3,0,5,558,51,39,0,648,0,0,0,648
01/05/2020,TPA,FL,ASO,ES,Combined TRACON& Tower with Radar,564,39,46,0,649,1,2,20,0,23,565,41,66,0,672,0,0,0,672
01/06/2020,TPA,FL,ASO,ES,Combined TRACON& Tower with Radar,513,39,45,0,597,1,2,18,0,21,514,41,63,0,618,0,0,0,618
01/07/2020,TPA,FL,ASO,ES,Combined TRACON& Tower with Radar,463,39,49,4,555,1,4,12,0,17,464,43,61,4,572,0,0,0,572
01/08/2020,TPA,FL,ASO,ES,Combined TRACON& Tower with Radar,488,40,63,0,591,1,1,12,0,14,489,41,75,0,605,0,0,0,605
01/09/2020,TPA,FL,ASO,ES,Combined TRACON& Tower with Radar,508,58,67,0,633,1,2,26,0,29,509,60,93,0,662,0,0,0,662
01/10/2020,TPA,FL,ASO,ES,Combined TRACON& Tower with Radar,482,46,30,0,558,1,2,15,0,18,483,48,45,0,576,0,0,0,576
01/11/2020,TPA,FL,ASO,ES,Combined TRACON& Tower with Radar,466,45,42,0,553,1,1,10,0,12,467,46,52,0,565,0,0,0,565
01/12/2020,TPA,FL,ASO,ES,Combined TRACON& Tower with Radar,515,48,40,0,603,1,0,17,0,18,516,48,57,0,621,0,0,0,621
01/13/2020,TPA,FL,ASO,ES,Combined TRACON& Tower with Radar,498,49,40,0,587,0,1,6,0,7,498,50,46,0,594,0,0,0,594
01/14/2020,TPA,FL,ASO,ES,Combined TRACON& Tower with Radar,461,49,43,3,556,0,3,11,0,14,461,52,54,3,570,0,0,0,570
01/15/2020,TPA,FL,ASO,ES,Combined TRACON& Tower with Radar,485,53,65,1,604,1,0,33,0,34,486,53,98,1,638,0,0,0,638
01/16/2020,TPA,FL,ASO,ES,Combined TRACON& Tower with Radar,496,67,43,2,608,1,1,20,0,22,497,68,63,2,630,0,0,0,630
01/17/2020,TPA,FL,ASO,ES,Combined TRACON& Tower with Radar,493,49,67,0,609,1,1,15,1,18,494,50,82,1,627,0,0,0,627
01/18/2020,TPA,FL,ASO,ES,Combined TRACON& Tower with Radar,473,33,35,1,542,1,1,15,0,17,474,34,50,1,559,0,0,0,559
01/19/2020,TPA,FL,ASO,ES,Combined TRACON& Tower with Radar,500,40,42,0,582,1,1,12,0,14,501,41,54,0,596,0,0,0,596
01/20/2020,TPA,FL,ASO,ES,Combined TRACON& Tower with Radar,515,68,70,1,654,1,1,16,0,18,516,69,86,1,672,0,0,0,672
01/21/2020,TPA,FL,ASO,ES,Combined TRACON& Tower with Radar,515,81,55,1,652,2,2,19,1,24,517,83,74,2,676,0,0,0,676
01/22/2020,TPA,FL,ASO,ES,Combined TRACON& Tower with Radar,530,57,60,0,647,1,3,22,0,26,531,60,82,0,673,0,0,0,673
01/23/2020,TPA,FL,ASO,ES,Combined TRACON& Tower with Radar,502,73,61,0,636,1,0,6,0,7,503,73,67,0,643,0,0,0,643
01/24/2020,TPA,FL,ASO,ES,Combined TRACON& Tower with Radar,501,60,57,8,626,0,0,12,5,17,501,60,69,13,643,0,0,0,643
01/25/2020,TPA,FL,ASO,ES,Combined TRACON& Tower with Radar,490,39,45,0,574,0,2,16,0,18,490,41,61,0,592,0,0,0,592
01/26/2020,TPA,FL,ASO,ES,Combined TRACON& Tower with Radar,535,45,40,5,625,1,1,12,4,18,536,46,52,9,643,0,0,0,643
01/27/2020,TPA,FL,ASO,ES,Combined TRACON& Tower with Radar,488,40,48,0,576,1,0,13,1,15,489,40,61,1,591,0,0,0,591
01/28/2020,TPA,FL,ASO,ES,Combined TRACON& Tower with Radar,474,52,47,0,573,1,5,17,0,23,475,57,64,0,596,0,0,0,596
01/29/2020,TPA,FL,ASO,ES,Combined TRACON& Tower with Radar,481,49,54,0,584,1,2,19,0,22,482,51,73,0,606,0,0,0,606
01/30/2020,TPA,FL,ASO,ES,Combined TRACON& Tower with Radar,517,95,87,1,700,1,1,15,0,17,518,96,102,1,717,0,0,0,717
01/31/2020,TPA,FL,ASO,ES,Combined TRACON& Tower with Radar,497,73,46,0,616,1,2,10,0,13,498,75,56,0,629,0,0,0,629
02/01/2020,TPA,FL,ASO,ES,Combined TRACON& Tower with Radar,503,46,22,0,571,1,2,4,0,7,504,48,26,0,578,0,0,0,578
02/02/2020,TPA,FL,ASO,ES,Combined TRACON& Tower with Radar,523,57,46,0,626,0,0,17,0,17,523,57,63,0,643,0,0,0,643
02/03/2020,TPA,FL,ASO,ES,Combined TRACON& Tower with Radar,497,71,59,2,629,1,0,11,0,12,498,71,70,2,641,0,0,0,641
02/04/2020,TPA,FL,ASO,ES,Combined TRACON& Tower with Radar,456,62,48,3,569,0,5,25,0,30,456,67,73,3,599,0,0,0,599
02/05/2020,TPA,FL,ASO,ES,Combined TRACON& Tower with Radar,471,53,57,3,584,1,5,37,0,43,472,58,94,3,627,0,0,0,627
02/06/2020,TPA,FL,ASO,ES,Combined TRACON& Tower with Radar,467,76,58,0,601,0,0,4,0,4,467,76,62,0,605,0,0,0,605
02/07/2020,TPA,FL,ASO,ES,Combined TRACON& Tower with Radar,530,59,62,2,653,0,6,18,0,24,530,65,80,2,677,0,0,0,677
02/08/2020,TPA,FL,ASO,ES,Combined TRACON& Tower with Radar,502,33,40,0,575,1,3,17,0,21,503,36,57,0,596,0,0,0,596
02/09/2020,TPA,FL,ASO,ES,Combined TRACON& Tower with Radar,514,41,41,2,598,1,0,19,0,20,515,41,60,2,618,0,0,0,618
02/10/2020,TPA,FL,ASO,ES,Combined TRACON& Tower with Radar,491,59,42,0,592,1,0,25,0,26,492,59,67,0,618,0,0,0,618
02/11/2020,TPA,FL,ASO,ES,Combined TRACON& Tower with Radar,472,60,54,5,591,0,3,25,0,28,472,63,79,5,619,0,0,0,619
02/12/2020,TPA,FL,ASO,ES,Combined TRACON& Tower with Radar,496,64,78,0,638,1,0,26,0,27,497,64,104,0,665,0,0,0,665
02/13/2020,TPA,FL,ASO,ES,Combined TRACON& Tower with Radar,519,67,104,0,690,0,1,9,0,10,519,68,113,0,700,0,0,0,700
02/14/2020,TPA,FL,ASO,ES,Combined TRACON& Tower with Radar,535,60,74,0,669,1,0,5,0,6,536,60,79,0,675,0,0,0,675
02/15/2020,TPA,FL,ASO,ES,Combined TRACON& Tower with Radar,526,43,45,0,614,1,1,27,0,29,527,44,72,0,643,0,0,0,643
02/16/2020,TPA,FL,ASO,ES,Combined TRACON& Tower with Radar,537,55,54,2,648,1,0,13,0,14,538,55,67,2,662,0,0,0,662
02/17/2020,TPA,FL,ASO,ES,Combined TRACON& Tower with Radar,520,47,71,0,638,1,0,16,0,17,521,47,87,0,655,0,0,0,655
02/18/2020,TPA,FL,ASO,ES,Combined TRACON& Tower with Radar,521,58,68,0,647,0,1,24,0,25,521,59,92,0,672,0,0,0,672
02/19/2020,TPA,FL,ASO,ES,Combined TRACON& Tower with Radar,538,63,96,3,700,0,2,27,0,29,538,65,123,3,729,0,0,0,729
02/20/2020,TPA,FL,ASO,ES,Combined TRACON& Tower with Radar,528,55,96,1,680,0,1,17,1,19,528,56,113,2,699,0,0,0,699
02/21/2020,TPA,FL,ASO,ES,Combined TRACON& Tower with Radar,565,73,66,1,705,1,1,9,0,11,566,74,75,1,716,0,0,0,716
02/22/2020,TPA,FL,ASO,ES,Combined TRACON& Tower with Radar,560,49,37,1,647,1,4,6,0,11,561,53,43,1,658,0,0,0,658
02/23/2020,TPA,FL,ASO,ES,Combined TRACON& Tower with Radar,545,51,55,0,651,1,0,13,0,14,546,51,68,0,665,0,0,0,665
02/24/2020,TPA,FL,ASO,ES,Combined TRACON& Tower with Radar,530,64,67,2,663,1,1,21,0,23,531,65,88,2,686,0,0,0,686
02/25/2020,TPA,FL,ASO,ES,Combined TRACON& Tower with Radar,525,56,53,2,636,0,0,8,0,8,525,56,61,2,644,0,0,0,644
02/26/2020,TPA,FL,ASO,ES,Combined TRACON& Tower with Radar,540,77,68,0,685,0,1,7,0,8,540,78,75,0,693,0,0,0,693
02/27/2020,TPA,FL,ASO,ES,Combined TRACON& Tower with Radar,533,77,82,3,695,0,2,32,1,35,533,79,114,4,730,0,0,0,730
02/28/2020,TPA,FL,ASO,ES,Combined TRACON& Tower with Radar,534,63,80,1,678,1,7,23,0,31,535,70,103,1,709,0,0,0,709
02/29/2020,TPA,FL,ASO,ES,Combined TRACON& Tower with Radar,535,39,47,0,621,0,1,4,0,5,535,40,51,0,626,0,0,0,626
03/01/2020,TPA,FL,ASO,ES,Combined TRACON& Tower with Radar,547,47,55,0,649,1,0,14,0,15,548,47,69,0,664,0,0,0,664
03/02/2020,TPA,FL,ASO,ES,Combined TRACON& Tower with Radar,516,70,44,3,633,1,0,21,0,22,517,70,65,3,655,0,0,0,655
03/03/2020,TPA,FL,ASO,ES,Combined TRACON& Tower with Radar,519,72,63,5,659,0,5,15,2,22,519,77,78,7,681,0,0,0,681
03/04/2020,TPA,FL,ASO,ES,Combined TRACON& Tower with Radar,528,64,56,1,649,1,3,17,0,21,529,67,73,1,670,0,0,0,670
03/05/2020,TPA,FL,ASO,ES,Combined TRACON& Tower with Radar,544,63,68,0,675,0,1,7,0,8,544,64,75,0,683,0,0,0,683
03/06/2020,TPA,FL,ASO,ES,Combined TRACON& Tower with Radar,562,79,64,2,707,1,5,17,1,24,563,84,81,3,731,0,0,0,731
03/07/2020,TPA,FL,ASO,ES,Combined TRACON& Tower with Radar,612,56,51,1,720,1,2,25,6,34,613,58,76,7,754,0,0,0,754
03/08/2020,TPA,FL,ASO,ES,Combined TRACON& Tower with Radar,577,39,37,1,654,1,0,6,4,11,578,39,43,5,665,0,0,0,665
03/09/2020,TPA,FL,ASO,ES,Combined TRACON& Tower with Radar,563,39,47,1,650,1,0,15,1,17,564,39,62,2,667,0,0,0,667
03/10/2020,TPA,FL,ASO,ES,Combined TRACON& Tower with Radar,564,60,55,0,679,0,3,25,0,28,564,63,80,0,707,0,0,0,707
03/11/2020,TPA,FL,ASO,ES,Combined TRACON& Tower with Radar,576,68,58,1,703,1,3,15,0,19,577,71,73,1,722,0,0,0,722
03/12/2020,TPA,FL,ASO,ES,Combined TRACON& Tower with Radar,572,49,50,0,671,0,3,19,0,22,572,52,69,0,693,0,0,0,693
03/13/2020,TPA,FL,ASO,ES,Combined TRACON& Tower with Radar,573,55,53,1,682,1,0,21,1,23,574,55,74,2,705,0,0,0,705
03/14/2020,TPA,FL,ASO,ES,Combined TRACON& Tower with Radar,623,54,56,0,733,1,0,6,0,7,624,54,62,0,740,0,0,0,740
03/15/2020,TPA,FL,ASO,ES,Combined TRACON& Tower with Radar,596,47,54,0,697,1,0,15,0,16,597,47,69,0,713,0,0,0,713
03/16/2020,TPA,FL,ASO,ES,Combined TRACON& Tower with Radar,558,45,52,0,655,1,1,15,0,17,559,46,67,0,672,0,0,0,672
03/17/2020,TPA,FL,ASO,ES,Combined TRACON& Tower with Radar,552,52,47,1,652,0,0,15,0,15,552,52,62,1,667,0,0,0,667
03/18/2020,TPA,FL,ASO,ES,Combined TRACON& Tower with Radar,538,62,47,0,647,1,2,19,2,24,539,64,66,2,671,0,0,0,671
03/19/2020,TPA,FL,ASO,ES,Combined TRACON& Tower with Radar,513,51,46,0,610,0,6,15,0,21,513,57,61,0,631,0,0,0,631
03/20/2020,TPA,FL,ASO,ES,Combined TRACON& Tower with Radar,473,50,47,2,572,1,2,20,3,26,474,52,67,5,598,0,0,0,598
03/21/2020,TPA,FL,ASO,ES,Combined TRACON& Tower with Radar,560,49,30,1,640,1,3,22,4,30,561,52,52,5,670,0,0,0,670
03/22/2020,TPA,FL,ASO,ES,Combined TRACON& Tower with Radar,441,43,22,0,506,0,0,10,0,10,441,43,32,0,516,0,0,0,516
03/23/2020,TPA,FL,ASO,ES,Combined TRACON& Tower with Radar,365,39,33,0,437,0,0,15,0,15,365,39,48,0,452,0,0,0,452
03/24/2020,TPA,FL,ASO,ES,Combined TRACON& Tower with Radar,379,35,14,0,428,0,3,10,0,13,379,38,24,0,441,0,0,0,441
03/25/2020,TPA,FL,ASO,ES,Combined TRACON& Tower with Radar,374,28,16,0,418,0,0,10,0,10,374,28,26,0,428,0,0,0,428
03/26/2020,TPA,FL,ASO,ES,Combined TRACON& Tower with Radar,359,26,15,6,406,0,1,21,6,28,359,27,36,12,434,0,0,0,434
03/27/2020,TPA,FL,ASO,ES,Combined TRACON& Tower with Radar,320,31,12,0,363,0,3,14,2,19,320,34,26,2,382,0,0,0,382
03/28/2020,TPA,FL,ASO,ES,Combined TRACON& Tower with Radar,341,21,20,2,384,0,1,5,3,9,341,22,25,5,393,0,0,0,393
03/29/2020,TPA,FL,ASO,ES,Combined TRACON& Tower with Radar,298,20,15,0,333,0,0,10,0,10,298,20,25,0,343,0,0,0,343
03/30/2020,TPA,FL,ASO,ES,Combined TRACON& Tower with Radar,268,13,10,2,293,0,0,9,2,11,268,13,19,4,304,0,0,0,304
03/31/2020,TPA,FL,ASO,ES,Combined TRACON& Tower with Radar,243,18,9,0,270,0,1,8,2,11,243,19,17,2,281,0,0,0,281
04/01/2020,TPA,FL,ASO,ES,Combined TRACON& Tower with Radar,280,15,12,0,307,0,2,18,1,21,280,17,30,1,328,0,0,0,328
04/02/2020,TPA,FL,ASO,ES,Combined TRACON& Tower with Radar,251,11,9,0,271,0,2,10,2,14,251,13,19,2,285,0,0,0,285
04/03/2020,TPA,FL,ASO,ES,Combined TRACON& Tower with Radar,248,25,18,0,291,0,1,11,4,16,248,26,29,4,307,0,0,0,307
04/04/2020,TPA,FL,ASO,ES,Combined TRACON& Tower with Radar,264,22,13,0,299,0,2,14,0,16,264,24,27,0,315,0,0,0,315
04/05/2020,TPA,FL,ASO,ES,Combined TRACON& Tower with Radar,270,24,25,2,321,0,2,8,0,10,270,26,33,2,331,0,0,0,331
04/06/2020,TPA,FL,ASO,ES,Combined TRACON& Tower with Radar,230,20,30,0,280,0,0,9,0,9,230,20,39,0,289,0,0,0,289
04/07/2020,TPA,FL,ASO,ES,Combined TRACON& Tower with Radar,228,9,25,4,266,0,3,14,0,17,228,12,39,4,283,0,0,0,283
04/08/2020,TPA,FL,ASO,ES,Combined TRACON& Tower with Radar,212,11,19,0,242,0,1,16,0,17,212,12,35,0,259,0,0,0,259
04/09/2020,TPA,FL,ASO,ES,Combined TRACON& Tower with Radar,218,14,27,0,259,0,0,7,4,11,218,14,34,4,270,0,0,0,270
04/10/2020,TPA,FL,ASO,ES,Combined TRACON& Tower with Radar,229,11,10,8,258,0,1,7,0,8,229,12,17,8,266,0,0,0,266
04/11/2020,TPA,FL,ASO,ES,Combined TRACON& Tower with Radar,202,14,5,0,221,0,2,8,2,12,202,16,13,2,233,0,0,0,233
04/12/2020,TPA,FL,ASO,ES,Combined TRACON& Tower with Radar,199,9,14,0,222,0,0,14,0,14,199,9,28,0,236,0,0,0,236
04/13/2020,TPA,FL,ASO,ES,Combined TRACON& Tower with Radar,189,14,25,3,231,0,0,3,2,5,189,14,28,5,236,0,0,0,236
04/14/2020,TPA,FL,ASO,ES,Combined TRACON& Tower with Radar,160,21,16,0,197,0,0,1,0,1,160,21,17,0,198,0,0,0,198
04/15/2020,TPA,FL,ASO,ES,Combined TRACON& Tower with Radar,140,7,20,15,182,0,0,7,0,7,140,7,27,15,189,0,0,0,189
04/16/2020,TPA,FL,ASO,ES,Combined TRACON& Tower with Radar,135,29,20,1,185,0,0,11,3,14,135,29,31,4,199,0,0,0,199
04/17/2020,TPA,FL,ASO,ES,Combined TRACON& Tower with Radar,125,11,22,1,159,0,1,13,1,15,125,12,35,2,174,0,0,0,174
04/18/2020,TPA,FL,ASO,ES,Combined TRACON& Tower with Radar,150,13,3,0,166,0,0,6,0,6,150,13,9,0,172,0,0,0,172
04/19/2020,TPA,FL,ASO,ES,Combined TRACON& Tower with Radar,111,16,15,4,146,0,0,10,2,12,111,16,25,6,158,0,0,0,158
04/20/2020,TPA,FL,ASO,ES,Combined TRACON& Tower with Radar,122,17,16,4,159,0,1,7,4,12,122,18,23,8,171,0,0,0,171
04/21/2020,TPA,FL,ASO,ES,Combined TRACON& Tower with Radar,130,14,7,0,151,0,0,22,0,22,130,14,29,0,173,0,0,0,173
04/22/2020,TPA,FL,ASO,ES,Combined TRACON& Tower with Radar,133,14,15,0,162,0,0,17,0,17,133,14,32,0,179,0,0,0,179
04/23/2020,TPA,FL,ASO,ES,Combined TRACON& Tower with Radar,137,21,22,8,188,0,2,11,4,17,137,23,33,12,205,0,0,0,205
04/24/2020,TPA,FL,ASO,ES,Combined TRACON& Tower with Radar,114,23,13,0,150,0,2,1,0,3,114,25,14,0,153,0,0,0,153
04/25/2020,TPA,FL,ASO,ES,Combined TRACON& Tower with Radar,141,12,7,0,160,0,2,12,0,14,141,14,19,0,174,0,0,0,174
04/26/2020,TPA,FL,ASO,ES,Combined TRACON& Tower with Radar,119,23,19,0,161,0,0,11,4,15,119,23,30,4,176,0,0,0,176
04/27/2020,TPA,FL,ASO,ES,Combined TRACON& Tower with Radar,124,15,36,9,184,0,1,19,8,28,124,16,55,17,212,0,0,0,212
04/28/2020,TPA,FL,ASO,ES,Combined TRACON& Tower with Radar,139,25,14,4,182,0,2,10,5,17,139,27,24,9,199,0,0,0,199
04/29/2020,TPA,FL,ASO,ES,Combined TRACON& Tower with Radar,135,14,33,0,182,0,1,15,1,17,135,15,48,1,199,0,0,0,199
04/30/2020,TPA,FL,ASO,ES,Combined TRACON& Tower with Radar,137,16,29,0,182,0,0,16,0,16,137,16,45,0,198,0,0,0,198
05/01/2020,TPA,FL,ASO,ES,Combined TRACON& Tower with Radar,147,16,26,0,189,0,3,16,10,29,147,19,42,10,218,0,0,0,218
05/02/2020,TPA,FL,ASO,ES,Combined TRACON& Tower with Radar,153,17,11,0,181,0,1,23,4,28,153,18,34,4,209,0,0,0,209
05/03/2020,TPA,FL,ASO,ES,Combined TRACON& Tower with Radar,126,7,23,0,156,0,0,14,3,17,126,7,37,3,173,0,0,0,173
05/04/2020,TPA,FL,ASO,ES,Combined TRACON& Tower with Radar,133,21,32,0,186,0,0,9,5,14,133,21,41,5,200,0,0,0,200
05/05/2020,TPA,FL,ASO,ES,Combined TRACON& Tower with Radar,133,20,21,0,174,0,4,24,4,32,133,24,45,4,206,0,0,0,206
05/06/2020,TPA,FL,ASO,ES,Combined TRACON& Tower with Radar,142,22,27,0,191,0,3,15,3,21,142,25,42,3,212,0,0,0,212
05/07/2020,TPA,FL,ASO,ES,Combined TRACON& Tower with Radar,147,22,20,0,189,0,3,19,0,22,147,25,39,0,211,0,0,0,211
05/08/2020,TPA,FL,ASO,ES,Combined TRACON& Tower with Radar,140,19,27,0,186,0,3,20,0,23,140,22,47,0,209,0,0,0,209
05/09/2020,TPA,FL,ASO,ES,Combined TRACON& Tower with Radar,112,11,13,1,137,0,2,21,1,24,112,13,34,2,161,0,0,0,161
05/10/2020,TPA,FL,ASO,ES,Combined TRACON& Tower with Radar,122,15,8,3,148,0,0,1,0,1,122,15,9,3,149,0,0,0,149
05/11/2020,TPA,FL,ASO,ES,Combined TRACON& Tower with Radar,120,21,32,3,176,0,0,16,2,18,120,21,48,5,194,0,0,0,194
05/12/2020,TPA,FL,ASO,ES,Combined TRACON& Tower with Radar,126,19,29,0,174,0,5,30,2,37,126,24,59,2,211,0,0,0,211
05/13/2020,TPA,FL,ASO,ES,Combined TRACON& Tower with Radar,128,24,37,5,194,0,5,29,4,38,128,29,66,9,232,0,0,0,232
05/14/2020,TPA,FL,ASO,ES,Combined TRACON& Tower with Radar,135,24,35,0,194,1,4,21,2,28,136,28,56,2,222,0,0,0,222
05/15/2020,TPA,FL,ASO,ES,Combined TRACON& Tower with Radar,136,20,32,1,189,0,7,14,4,25,136,27,46,5,214,0,0,0,214
05/16/2020,TPA,FL,ASO,ES,Combined TRACON& Tower with Radar,110,13,10,1,134,0,1,5,2,8,110,14,15,3,142,0,0,0,142
05/17/2020,TPA,FL,ASO,ES,Combined TRACON& Tower with Radar,124,21,17,0,162,0,0,8,2,10,124,21,25,2,172,0,0,0,172
05/18/2020,TPA,FL,ASO,ES,Combined TRACON& Tower with Radar,128,32,24,0,184,0,0,6,2,8,128,32,30,2,192,0,0,0,192
05/19/2020,TPA,FL,ASO,ES,Combined TRACON& Tower with Radar,125,28,37,2,192,0,3,19,0,22,125,31,56,2,214,0,0,0,214
05/20/2020,TPA,FL,ASO,ES,Combined TRACON& Tower with Radar,141,32,49,0,222,0,1,16,0,17,141,33,65,0,239,0,0,0,239
05/21/2020,TPA,FL,ASO,ES,Combined TRACON& Tower with Radar,161,26,45,2,234,0,2,18,0,20,161,28,63,2,254,0,0,0,254
05/22/2020,TPA,FL,ASO,ES,Combined TRACON& Tower with Radar,150,30,35,0,215,0,1,20,2,23,150,31,55,2,238,0,0,0,238
05/23/2020,TPA,FL,ASO,ES,Combined TRACON& Tower with Radar,139,21,13,2,175,0,1,7,1,9,139,22,20,3,184,0,0,0,184
05/24/2020,TPA,FL,ASO,ES,Combined TRACON& Tower with Radar,129,9,20,6,164,0,0,11,0,11,129,9,31,6,175,0,0,0,175
05/25/2020,TPA,FL,ASO,ES,Combined TRACON& Tower with Radar,135,16,20,0,171,0,1,2,1,4,135,17,22,1,175,0,0,0,175
05/26/2020,TPA,FL,ASO,ES,Combined TRACON& Tower with Radar,135,9,35,3,182,0,0,11,4,15,135,9,46,7,197,0,0,0,197
05/27/2020,TPA,FL,ASO,ES,Combined TRACON& Tower with Radar,145,19,40,1,205,0,2,8,2,12,145,21,48,3,217,0,0,0,217
05/28/2020,TPA,FL,ASO,ES,Combined TRACON& Tower with Radar,150,19,27,5,201,0,1,7,4,12,150,20,34,9,213,0,0,0,213
05/29/2020,TPA,FL,ASO,ES,Combined TRACON& Tower with Radar,150,25,38,1,214,0,2,6,0,8,150,27,44,1,222,0,0,0,222
05/30/2020,TPA,FL,ASO,ES,Combined TRACON& Tower with Radar,130,27,27,4,188,0,2,23,0,25,130,29,50,4,213,0,0,0,213
05/31/2020,TPA,FL,ASO,ES,Combined TRACON& Tower with Radar,148,31,32,2,213,0,1,63,16,80,148,32,95,18,293,0,0,0,293
06/01/2020,TPA,FL,ASO,ES,Combined TRACON& Tower with Radar,141,23,35,0,199,0,0,12,1,13,141,23,47,1,212,0,0,0,212
06/02/2020,TPA,FL,ASO,ES,Combined TRACON& Tower with Radar,148,20,45,0,213,0,2,35,2,39,148,22,80,2,252,0,0,0,252
06/03/2020,TPA,FL,ASO,ES,Combined TRACON& Tower with Radar,167,31,38,0,236,0,1,17,4,22,167,32,55,4,258,0,0,0,258
06/04/2020,TPA,FL,ASO,ES,Combined TRACON& Tower with Radar,181,31,53,0,265,0,1,6,1,8,181,32,59,1,273,0,0,0,273
06/05/2020,TPA,FL,ASO,ES,Combined TRACON& Tower with Radar,178,30,59,0,267,0,2,15,0,17,178,32,74,0,284,0,0,0,284
06/06/2020,TPA,FL,ASO,ES,Combined TRACON& Tower with Radar,172,19,18,0,209,0,1,0,0,1,172,20,18,0,210,0,0,0,210
06/07/2020,TPA,FL,ASO,ES,Combined TRACON& Tower with Radar,184,26,20,0,230,0,0,4,0,4,184,26,24,0,234,0,0,0,234
06/08/2020,TPA,FL,ASO,ES,Combined TRACON& Tower with Radar,172,36,32,0,240,0,0,8,0,8,172,36,40,0,248,0,0,0,248
06/09/2020,TPA,FL,ASO,ES,Combined TRACON& Tower with Radar,172,30,39,1,242,0,3,13,1,17,172,33,52,2,259,0,0,0,259
06/10/2020,TPA,FL,ASO,ES,Combined TRACON& Tower with Radar,191,29,44,3,267,0,0,14,2,16,191,29,58,5,283,0,0,0,283
06/11/2020,TPA,FL,ASO,ES,Combined TRACON& Tower with Radar,213,31,50,3,297,0,0,17,0,17,213,31,67,3,314,0,0,0,314
06/12/2020,TPA,FL,ASO,ES,Combined TRACON& Tower with Radar,217,23,43,3,286,0,2,16,0,18,217,25,59,3,304,0,0,0,304
06/13/2020,TPA,FL,ASO,ES,Combined TRACON& Tower with Radar,199,18,27,1,245,0,1,15,0,16,199,19,42,1,261,0,0,0,261
06/14/2020,TPA,FL,ASO,ES,Combined TRACON& Tower with Radar,212,19,34,2,267,0,1,22,0,23,212,20,56,2,290,0,0,0,290
06/15/2020,TPA,FL,ASO,ES,Combined TRACON& Tower with Radar,212,29,26,0,267,0,0,16,0,16,212,29,42,0,283,0,0,0,283
06/16/2020,TPA,FL,ASO,ES,Combined TRACON& Tower with Radar,192,34,26,1,253,0,3,15,1,19,192,37,41,2,272,0,0,0,272
06/17/2020,TPA,FL,ASO,ES,Combined TRACON& Tower with Radar,202,27,43,5,277,0,2,17,2,21,202,29,60,7,298,12,0,12,310
06/18/2020,TPA,FL,ASO,ES,Combined TRACON& Tower with Radar,230,40,40,6,316,0,1,15,0,16,230,41,55,6,332,0,0,0,332
06/19/2020,TPA,FL,ASO,ES,Combined TRACON& Tower with Radar,216,36,39,2,293,0,1,19,0,20,216,37,58,2,313,0,0,0,313
06/20/2020,TPA,FL,ASO,ES,Combined TRACON& Tower with Radar,208,37,26,0,271,0,1,19,0,20,208,38,45,0,291,0,0,0,291
06/21/2020,TPA,FL,ASO,ES,Combined TRACON& Tower with Radar,225,31,41,0,297,0,0,7,0,7,225,31,48,0,304,0,0,0,304
06/22/2020,TPA,FL,ASO,ES,Combined TRACON& Tower with Radar,238,27,35,0,300,1,0,25,0,26,239,27,60,0,326,0,0,0,326
06/23/2020,TPA,FL,ASO,ES,Combined TRACON& Tower with Radar,222,26,41,3,292,1,2,27,0,30,223,28,68,3,322,0,0,0,322
06/24/2020,TPA,FL,ASO,ES,Combined TRACON& Tower with Radar,233,27,41,3,304,0,1,24,0,25,233,28,65,3,329,0,0,0,329
06/25/2020,TPA,FL,ASO,ES,Combined TRACON& Tower with Radar,254,27,41,3,325,0,5,24,0,29,254,32,65,3,354,0,0,0,354
06/26/2020,TPA,FL,ASO,ES,Combined TRACON& Tower with Radar,251,30,40,0,321,0,2,14,0,16,251,32,54,0,337,0,0,0,337
06/27/2020,TPA,FL,ASO,ES,Combined TRACON& Tower with Radar,223,28,25,0,276,0,1,39,0,40,223,29,64,0,316,0,0,0,316
06/28/2020,TPA,FL,ASO,ES,Combined TRACON& Tower with Radar,228,27,25,2,282,0,0,12,0,12,228,27,37,2,294,0,0,0,294
06/29/2020,TPA,FL,ASO,ES,Combined TRACON& Tower with Radar,240,32,24,3,299,1,2,8,0,11,241,34,32,3,310,0,0,0,310
06/30/2020,TPA,FL,ASO,ES,Combined TRACON& Tower with Radar,229,32,45,0,306,0,3,21,0,24,229,35,66,0,330,0,0,0,330
07/01/2020,TPA,FL,ASO,ES,Combined TRACON& Tower with Radar,264,35,59,8,366,0,4,18,0,22,264,39,77,8,388,0,0,0,388
07/02/2020,TPA,FL,ASO,ES,Combined TRACON& Tower with Radar,310,49,42,7,408,0,3,22,0,25,310,52,64,7,433,0,0,0,433
07/03/2020,TPA,FL,ASO,ES,Combined TRACON& Tower with Radar,270,35,24,2,331,0,3,8,0,11,270,38,32,2,342,0,0,0,342
07/04/2020,TPA,FL,ASO,ES,Combined TRACON& Tower with Radar,199,28,3,0,230,0,1,5,0,6,199,29,8,0,236,0,0,0,236
07/05/2020,TPA,FL,ASO,ES,Combined TRACON& Tower with Radar,277,31,34,0,342,0,0,11,0,11,277,31,45,0,353,0,0,0,353
07/06/2020,TPA,FL,ASO,ES,Combined TRACON& Tower with Radar,284,36,31,0,351,0,0,12,0,12,284,36,43,0,363,0,0,0,363
07/07/2020,TPA,FL,ASO,ES,Combined TRACON& Tower with Radar,288,26,34,2,350,0,0,12,0,12,288,26,46,2,362,0,0,0,362
07/08/2020,TPA,FL,ASO,ES,Combined TRACON& Tower with Radar,301,34,44,0,379,0,3,27,1,31,301,37,71,1,410,0,0,0,410
07/09/2020,TPA,FL,ASO,ES,Combined TRACON& Tower with Radar,321,38,39,4,402,0,2,27,0,29,321,40,66,4,431,0,0,0,431
07/10/2020,TPA,FL,ASO,ES,Combined TRACON& Tower with Radar,315,40,49,0,404,0,2,15,0,17,315,42,64,0,421,0,0,0,421
07/11/2020,TPA,FL,ASO,ES,Combined TRACON& Tower with Radar,295,31,25,0,351,0,1,21,0,22,295,32,46,0,373,0,0,0,373
07/12/2020,TPA,FL,ASO,ES,Combined TRACON& Tower with Radar,302,35,32,2,371,0,0,13,1,14,302,35,45,3,385,0,0,0,385
07/13/2020,TPA,FL,ASO,ES,Combined TRACON& Tower with Radar,300,34,35,4,373,0,0,12,0,12,300,34,47,4,385,0,0,0,385
07/14/2020,TPA,FL,ASO,ES,Combined TRACON& Tower with Radar,290,24,37,6,357,0,1,23,0,24,290,25,60,6,381,0,0,0,381
07/15/2020,TPA,FL,ASO,ES,Combined TRACON& Tower with Radar,296,25,31,0,352,0,0,13,0,13,296,25,44,0,365,0,0,0,365
07/16/2020,TPA,FL,ASO,ES,Combined TRACON& Tower with Radar,314,34,37,4,389,0,0,13,0,13,314,34,50,4,402,0,0,0,402
07/17/2020,TPA,FL,ASO,ES,Combined TRACON& Tower with Radar,317,43,41,2,403,0,2,18,0,20,317,45,59,2,423,0,0,0,423
07/18/2020,TPA,FL,ASO,ES,Combined TRACON& Tower with Radar,299,32,11,0,342,0,0,11,0,11,299,32,22,0,353,0,0,0,353
07/19/2020,TPA,FL,ASO,ES,Combined TRACON& Tower with Radar,295,30,31,0,356,0,0,11,0,11,295,30,42,0,367,0,0,0,367
07/20/2020,TPA,FL,ASO,ES,Combined TRACON& Tower with Radar,314,39,35,2,390,0,0,20,0,20,314,39,55,2,410,0,0,0,410
07/21/2020,TPA,FL,ASO,ES,Combined TRACON& Tower with Radar,273,32,34,0,339,0,2,23,0,25,273,34,57,0,364,0,0,0,364
07/22/2020,TPA,FL,ASO,ES,Combined TRACON& Tower with Radar,274,41,34,0,349,0,0,12,0,12,274,41,46,0,361,0,0,0,361
07/23/2020,TPA,FL,ASO,ES,Combined TRACON& Tower with Radar,302,44,43,0,389,0,0,10,4,14,302,44,53,4,403,0,0,0,403
07/24/2020,TPA,FL,ASO,ES,Combined TRACON& Tower with Radar,299,36,33,4,372,0,0,11,1,12,299,36,44,5,384,0,0,0,384
07/25/2020,TPA,FL,ASO,ES,Combined TRACON& Tower with Radar,287,37,27,1,352,0,2,13,6,21,287,39,40,7,373,0,0,0,373
07/26/2020,TPA,FL,ASO,ES,Combined TRACON& Tower with Radar,293,30,28,0,351,0,0,15,0,15,293,30,43,0,366,0,0,0,366
07/27/2020,TPA,FL,ASO,ES,Combined TRACON& Tower with Radar,282,40,53,0,375,0,0,20,0,20,282,40,73,0,395,0,0,0,395
07/28/2020,TPA,FL,ASO,ES,Combined TRACON& Tower with Radar,278,28,39,6,351,0,0,13,0,13,278,28,52,6,364,0,0,0,364
07/29/2020,TPA,FL,ASO,ES,Combined TRACON& Tower with Radar,271,37,41,4,353,0,0,29,1,30,271,37,70,5,383,0,0,0,383
07/30/2020,TPA,FL,ASO,ES,Combined TRACON& Tower with Radar,299,40,41,1,381,0,0,25,0,25,299,40,66,1,406,0,0,0,406
07/31/2020,TPA,FL,ASO,ES,Combined TRACON& Tower with Radar,299,40,50,6,395,0,0,24,4,28,299,40,74,10,423,0,0,0,423
08/01/2020,TPA,FL,ASO,ES,Combined TRACON& Tower with Radar,270,33,32,2,337,0,1,10,0,11,270,34,42,2,348,0,0,0,348
08/02/2020,TPA,FL,ASO,ES,Combined TRACON& Tower with Radar,299,28,28,1,356,0,0,10,0,10,299,28,38,1,366,0,0,0,366
08/03/2020,TPA,FL,ASO,ES,Combined TRACON& Tower with Radar,285,30,37,3,355,0,1,22,2,25,285,31,59,5,380,0,0,0,380
08/04/2020,TPA,FL,ASO,ES,Combined TRACON& Tower with Radar,255,23,37,2,317,0,2,20,0,22,255,25,57,2,339,0,0,0,339
08/05/2020,TPA,FL,ASO,ES,Combined TRACON& Tower with Radar,252,28,36,8,324,0,1,22,0,23,252,29,58,8,347,0,0,0,347
08/06/2020,TPA,FL,ASO,ES,Combined TRACON& Tower with Radar,307,30,34,0,371,0,1,17,0,18,307,31,51,0,389,0,0,0,389
08/07/2020,TPA,FL,ASO,ES,Combined TRACON& Tower with Radar,307,37,33,0,377,0,1,25,0,26,307,38,58,0,403,0,0,0,403
08/08/2020,TPA,FL,ASO,ES,Combined TRACON& Tower with Radar,276,42,22,1,341,0,1,14,0,15,276,43,36,1,356,0,0,0,356
08/09/2020,TPA,FL,ASO,ES,Combined TRACON& Tower with Radar,294,32,30,4,360,0,0,12,0,12,294,32,42,4,372,0,0,0,372
08/10/2020,TPA,FL,ASO,ES,Combined TRACON& Tower with Radar,276,48,28,2,354,0,0,25,0,25,276,48,53,2,379,0,0,0,379
08/11/2020,TPA,FL,ASO,ES,Combined TRACON& Tower with Radar,238,28,44,0,310,0,1,21,1,23,238,29,65,1,333,0,0,0,333
08/12/2020,TPA,FL,ASO,ES,Combined TRACON& Tower with Radar,246,39,51,1,337,0,1,31,0,32,246,40,82,1,369,0,0,0,369
08/13/2020,TPA,FL,ASO,ES,Combined TRACON& Tower with Radar,291,37,43,0,371,0,2,26,2,30,291,39,69,2,401,0,0,0,401
08/14/2020,TPA,FL,ASO,ES,Combined TRACON& Tower with Radar,276,43,36,2,357,0,0,11,0,11,276,43,47,2,368,0,0,0,368
08/15/2020,TPA,FL,ASO,ES,Combined TRACON& Tower with Radar,259,25,15,0,299,0,2,11,0,13,259,27,26,0,312,0,0,0,312
08/16/2020,TPA,FL,ASO,ES,Combined TRACON& Tower with Radar,267,38,42,0,347,0,0,16,0,16,267,38,58,0,363,0,0,0,363
08/17/2020,TPA,FL,ASO,ES,Combined TRACON& Tower with Radar,268,37,37,2,344,0,0,16,0,16,268,37,53,2,360,0,0,0,360
08/18/2020,TPA,FL,ASO,ES,Combined TRACON& Tower with Radar,240,21,40,0,301,0,1,14,2,17,240,22,54,2,318,0,0,0,318
08/19/2020,TPA,FL,ASO,ES,Combined TRACON& Tower with Radar,237,42,39,0,318,0,0,21,0,21,237,42,60,0,339,0,0,0,339
08/20/2020,TPA,FL,ASO,ES,Combined TRACON& Tower with Radar,294,52,38,0,384,0,0,12,0,12,294,52,50,0,396,0,0,0,396
08/21/2020,TPA,FL,ASO,ES,Combined TRACON& Tower with Radar,269,43,34,0,346,0,1,7,0,8,269,44,41,0,354,0,0,0,354
08/22/2020,TPA,FL,ASO,ES,Combined TRACON& Tower with Radar,251,33,34,3,321,0,0,7,0,7,251,33,41,3,328,0,0,0,328
08/23/2020,TPA,FL,ASO,ES,Combined TRACON& Tower with Radar,271,30,26,0,327,0,1,14,0,15,271,31,40,0,342,0,0,0,342
08/24/2020,TPA,FL,ASO,ES,Combined TRACON& Tower with Radar,263,33,41,0,337,0,0,10,0,10,263,33,51,0,347,0,0,0,347
08/25/2020,TPA,FL,ASO,ES,Combined TRACON& Tower with Radar,232,41,40,0,313,0,0,16,0,16,232,41,56,0,329,0,0,0,329
08/26/2020,TPA,FL,ASO,ES,Combined TRACON& Tower with Radar,226,36,51,0,313,0,2,23,2,27,226,38,74,2,340,0,0,0,340
08/27/2020,TPA,FL,ASO,ES,Combined TRACON& Tower with Radar,276,29,42,0,347,0,0,22,0,22,276,29,64,0,369,0,0,0,369
08/28/2020,TPA,FL,ASO,ES,Combined TRACON& Tower with Radar,267,28,45,0,340,0,1,27,0,28,267,29,72,0,368,0,0,0,368
08/29/2020,TPA,FL,ASO,ES,Combined TRACON& Tower with Radar,251,35,15,0,301,0,0,8,0,8,251,35,23,0,309,0,0,0,309
08/30/2020,TPA,FL,ASO,ES,Combined TRACON& Tower with Radar,254,35,24,0,313,0,0,8,0,8,254,35,32,0,321,0,0,0,321
08/31/2020,TPA,FL,ASO,ES,Combined TRACON& Tower with Radar,259,36,41,0,336,0,0,20,0,20,259,36,61,0,356,0,0,0,356
09/01/2020,TPA,FL,ASO,ES,Combined TRACON& Tower with Radar,234,34,29,0,297,0,0,16,0,16,234,34,45,0,313,0,0,0,313
09/02/2020,TPA,FL,ASO,ES,Combined TRACON& Tower with Radar,232,38,33,0,303,0,0,14,0,14,232,38,47,0,317,0,0,0,317
09/03/2020,TPA,FL,ASO,ES,Combined TRACON& Tower with Radar,284,37,46,0,367,0,2,23,0,25,284,39,69,0,392,0,0,0,392
09/04/2020,TPA,FL,ASO,ES,Combined TRACON& Tower with Radar,277,38,59,0,374,0,1,9,0,10,277,39,68,0,384,0,0,0,384
09/05/2020,TPA,FL,ASO,ES,Combined TRACON& Tower with Radar,248,39,29,0,316,0,1,10,0,11,248,40,39,0,327,0,0,0,327
09/06/2020,TPA,FL,ASO,ES,Combined TRACON& Tower with Radar,215,35,22,0,272,0,0,8,0,8,215,35,30,0,280,0,0,0,280
09/07/2020,TPA,FL,ASO,ES,Combined TRACON& Tower with Radar,221,32,65,0,318,0,2,9,0,11,221,34,74,0,329,0,0,0,329
09/08/2020,TPA,FL,ASO,ES,Combined TRACON& Tower with Radar,192,26,56,0,274,0,0,8,2,10,192,26,64,2,284,0,0,0,284
09/09/2020,TPA,FL,ASO,ES,Combined TRACON& Tower with Radar,196,35,55,1,287,0,3,12,0,15,196,38,67,1,302,0,0,0,302
09/10/2020,TPA,FL,ASO,ES,Combined TRACON& Tower with Radar,224,50,25,3,302,0,2,22,0,24,224,52,47,3,326,0,0,0,326
09/11/2020,TPA,FL,ASO,ES,Combined TRACON& Tower with Radar,221,54,44,0,319,0,1,19,0,20,221,55,63,0,339,0,0,0,339
09/12/2020,TPA,FL,ASO,ES,Combined TRACON& Tower with Radar,201,21,30,0,252,0,2,8,0,10,201,23,38,0,262,0,0,0,262
09/13/2020,TPA,FL,ASO,ES,Combined TRACON& Tower with Radar,208,33,25,0,266,0,0,5,0,5,208,33,30,0,271,0,0,0,271
09/14/2020,TPA,FL,ASO,ES,Combined TRACON& Tower with Radar,202,38,27,0,267,0,0,11,0,11,202,38,38,0,278,0,0,0,278
09/15/2020,TPA,FL,ASO,ES,Combined TRACON& Tower with Radar,174,39,34,1,248,0,1,16,0,17,174,40,50,1,265,0,0,0,265
09/16/2020,TPA,FL,ASO,ES,Combined TRACON& Tower with Radar,188,34,41,0,263,0,2,13,0,15,188,36,54,0,278,0,0,0,278
09/17/2020,TPA,FL,ASO,ES,Combined TRACON& Tower with Radar,223,45,38,0,306,0,1,13,0,14,223,46,51,0,320,0,0,0,320
09/18/2020,TPA,FL,ASO,ES,Combined TRACON& Tower with Radar,225,35,38,0,298,0,0,22,0,22,225,35,60,0,320,0,0,0,320
09/19/2020,TPA,FL,ASO,ES,Combined TRACON& Tower with Radar,205,27,21,0,253,0,1,9,0,10,205,28,30,0,263,0,0,0,263
09/20/2020,TPA,FL,ASO,ES,Combined TRACON& Tower with Radar,217,40,52,0,309,0,0,9,0,9,217,40,61,0,318,0,0,0,318
09/21/2020,TPA,FL,ASO,ES,Combined TRACON& Tower with Radar,206,38,38,1,283,0,0,11,3,14,206,38,49,4,297,0,0,0,297
09/22/2020,TPA,FL,ASO,ES,Combined TRACON& Tower with Radar,173,36,37,0,246,0,3,20,0,23,173,39,57,0,269,0,0,0,269
09/23/2020,TPA,FL,ASO,ES,Combined TRACON& Tower with Radar,188,34,48,1,271,0,9,27,7,43,188,43,75,8,314,0,0,0,314
09/24/2020,TPA,FL,ASO,ES,Combined TRACON& Tower with Radar,225,45,47,4,321,0,12,21,0,33,225,57,68,4,354,0,0,0,354
09/25/2020,TPA,FL,ASO,ES,Combined TRACON& Tower with Radar,220,34,40,1,295,0,1,13,0,14,220,35,53,1,309,0,0,0,309
09/26/2020,TPA,FL,ASO,ES,Combined TRACON& Tower with Radar,203,28,35,0,266,0,2,18,0,20,203,30,53,0,286,0,0,0,286
09/27/2020,TPA,FL,ASO,ES,Combined TRACON& Tower with Radar,215,31,43,0,289,0,0,13,0,13,215,31,56,0,302,0,0,0,302
09/28/2020,TPA,FL,ASO,ES,Combined TRACON& Tower with Radar,220,42,31,0,293,0,0,14,0,14,220,42,45,0,307,0,0,0,307
09/29/2020,TPA,FL,ASO,ES,Combined TRACON& Tower with Radar,177,27,42,0,246,0,0,13,0,13,177,27,55,0,259,0,0,0,259
09/30/2020,TPA,FL,ASO,ES,Combined TRACON& Tower with Radar,193,46,55,0,294,0,5,23,0,28,193,51,78,0,322,0,0,0,322
10/01/2020,TPA,FL,ASO,ES,Combined TRACON& Tower with Radar,239,40,57,0,336,0,5,17,1,23,239,45,74,1,359,0,0,0,359
10/02/2020,TPA,FL,ASO,ES,Combined TRACON& Tower with Radar,242,46,46,0,334,0,4,24,0,28,242,50,70,0,362,0,0,0,362
10/03/2020,TPA,FL,ASO,ES,Combined TRACON& Tower with Radar,212,29,26,0,267,0,1,7,0,8,212,30,33,0,275,0,0,0,275
10/04/2020,TPA,FL,ASO,ES,Combined TRACON& Tower with Radar,230,60,67,0,357,0,0,2,0,2,230,60,69,0,359,0,0,0,359
10/05/2020,TPA,FL,ASO,ES,Combined TRACON& Tower with Radar,235,44,44,3,326,0,0,15,0,15,235,44,59,3,341,0,0,0,341
10/06/2020,TPA,FL,ASO,ES,Combined TRACON& Tower with Radar,183,35,40,2,260,0,0,20,1,21,183,35,60,3,281,0,0,0,281
10/07/2020,TPA,FL,ASO,ES,Combined TRACON& Tower with Radar,209,48,59,1,317,0,0,29,0,29,209,48,88,1,346,0,0,0,346
10/08/2020,TPA,FL,ASO,ES,Combined TRACON& Tower with Radar,295,52,62,1,410,0,2,21,2,25,295,54,83,3,435,0,0,0,435
10/09/2020,TPA,FL,ASO,ES,Combined TRACON& Tower with Radar,302,35,37,0,374,0,4,28,0,32,302,39,65,0,406,0,0,0,406
10/10/2020,TPA,FL,ASO,ES,Combined TRACON& Tower with Radar,260,36,14,0,310,0,1,18,0,19,260,37,32,0,329,0,0,0,329
10/11/2020,TPA,FL,ASO,ES,Combined TRACON& Tower with Radar,281,37,39,0,357,0,0,12,0,12,281,37,51,0,369,0,0,0,369
10/12/2020,TPA,FL,ASO,ES,Combined TRACON& Tower with Radar,294,49,53,1,397,0,0,23,1,24,294,49,76,2,421,0,0,0,421
10/13/2020,TPA,FL,ASO,ES,Combined TRACON& Tower with Radar,220,39,69,0,328,0,1,25,0,26,220,40,94,0,354,0,0,0,354
10/14/2020,TPA,FL,ASO,ES,Combined TRACON& Tower with Radar,223,50,47,4,324,0,5,24,0,29,223,55,71,4,353,0,0,0,353
10/15/2020,TPA,FL,ASO,ES,Combined TRACON& Tower with Radar,294,57,68,1,420,0,4,22,2,28,294,61,90,3,448,0,0,0,448
10/16/2020,TPA,FL,ASO,ES,Combined TRACON& Tower with Radar,294,55,50,0,399,0,1,27,1,29,294,56,77,1,428,0,0,0,428
10/17/2020,TPA,FL,ASO,ES,Combined TRACON& Tower with Radar,272,34,27,0,333,0,1,15,0,16,272,35,42,0,349,0,0,0,349
10/18/2020,TPA,FL,ASO,ES,Combined TRACON& Tower with Radar,302,57,55,1,415,0,0,20,3,23,302,57,75,4,438,0,0,0,438
10/19/2020,TPA,FL,ASO,ES,Combined TRACON& Tower with Radar,289,37,34,7,367,1,0,17,2,20,290,37,51,9,387,0,0,0,387
10/20/2020,TPA,FL,ASO,ES,Combined TRACON& Tower with Radar,216,26,48,5,295,0,0,5,0,5,216,26,53,5,300,0,0,0,300
10/21/2020,TPA,FL,ASO,ES,Combined TRACON& Tower with Radar,212,34,60,0,306,0,1,9,0,10,212,35,69,0,316,0,0,0,316
10/22/2020,TPA,FL,ASO,ES,Combined TRACON& Tower with Radar,298,47,55,5,405,0,3,21,1,25,298,50,76,6,430,0,0,0,430
10/23/2020,TPA,FL,ASO,ES,Combined TRACON& Tower with Radar,262,49,45,2,358,0,2,12,0,14,262,51,57,2,372,0,0,0,372
10/24/2020,TPA,FL,ASO,ES,Combined TRACON& Tower with Radar,243,37,33,0,313,0,0,10,0,10,243,37,43,0,323,0,0,0,323
10/25/2020,TPA,FL,ASO,ES,Combined TRACON& Tower with Radar,271,38,58,1,368,0,0,15,0,15,271,38,73,1,383,0,0,0,383
10/26/2020,TPA,FL,ASO,ES,Combined TRACON& Tower with Radar,254,35,53,0,342,0,0,10,0,10,254,35,63,0,352,0,0,0,352
10/27/2020,TPA,FL,ASO,ES,Combined TRACON& Tower with Radar,206,28,45,0,279,0,2,19,0,21,206,30,64,0,300,0,0,0,300
10/28/2020,TPA,FL,ASO,ES,Combined TRACON& Tower with Radar,203,51,81,8,343,0,2,15,0,17,203,53,96,8,360,0,0,0,360
10/29/2020,TPA,FL,ASO,ES,Combined TRACON& Tower with Radar,276,43,50,6,375,0,0,20,0,20,276,43,70,6,395,0,0,0,395
10/30/2020,TPA,FL,ASO,ES,Combined TRACON& Tower with Radar,265,53,50,2,370,0,6,25,0,31,265,59,75,2,401,0,0,0,401
10/31/2020,TPA,FL,ASO,ES,Combined TRACON& Tower with Radar,191,34,34,0,259,0,1,6,0,7,191,35,40,0,266,0,0,0,266
11/01/2020,TPA,FL,ASO,ES,Combined TRACON& Tower with Radar,254,43,44,0,341,0,0,11,0,11,254,43,55,0,352,0,0,0,352
11/02/2020,TPA,FL,ASO,ES,Combined TRACON& Tower with Radar,268,46,41,0,355,0,0,20,1,21,268,46,61,1,376,0,0,0,376
11/03/2020,TPA,FL,ASO,ES,Combined TRACON& Tower with Radar,205,34,29,1,269,0,4,22,0,26,205,38,51,1,295,0,0,0,295
11/04/2020,TPA,FL,ASO,ES,Combined TRACON& Tower with Radar,245,44,58,1,348,0,1,27,0,28,245,45,85,1,376,0,0,0,376
11/05/2020,TPA,FL,ASO,ES,Combined TRACON& Tower with Radar,327,42,58,0,427,0,1,16,0,17,327,43,74,0,444,0,0,0,444
11/06/2020,TPA,FL,ASO,ES,Combined TRACON& Tower with Radar,329,43,48,0,420,0,2,19,1,22,329,45,67,1,442,0,0,0,442
11/07/2020,TPA,FL,ASO,ES,Combined TRACON& Tower with Radar,284,39,31,0,354,0,1,9,0,10,284,40,40,0,364,0,0,0,364
11/08/2020,TPA,FL,ASO,ES,Combined TRACON& Tower with Radar,331,52,49,0,432,0,0,9,0,9,331,52,58,0,441,0,0,0,441
11/09/2020,TPA,FL,ASO,ES,Combined TRACON& Tower with Radar,336,36,42,0,414,0,0,5,0,5,336,36,47,0,419,0,0,0,419
11/10/2020,TPA,FL,ASO,ES,Combined TRACON& Tower with Radar,243,34,42,2,321,0,0,12,0,12,243,34,54,2,333,0,0,0,333
11/11/2020,TPA,FL,ASO,ES,Combined TRACON& Tower with Radar,146,35,26,0,207,0,1,3,0,4,146,36,29,0,211,0,0,0,211
11/12/2020,TPA,FL,ASO,ES,Combined TRACON& Tower with Radar,300,39,29,0,368,0,0,6,0,6,300,39,35,0,374,0,0,0,374
11/13/2020,TPA,FL,ASO,ES,Combined TRACON& Tower with Radar,334,36,47,0,417,0,2,18,0,20,334,38,65,0,437,0,0,0,437
11/14/2020,TPA,FL,ASO,ES,Combined TRACON& Tower with Radar,284,26,20,0,330,0,1,13,0,14,284,27,33,0,344,0,0,0,344
11/15/2020,TPA,FL,ASO,ES,Combined TRACON& Tower with Radar,354,58,33,0,445,0,0,14,0,14,354,58,47,0,459,0,0,0,459
11/16/2020,TPA,FL,ASO,ES,Combined TRACON& Tower with Radar,331,39,54,1,425,0,1,16,0,17,331,40,70,1,442,0,0,0,442
11/17/2020,TPA,FL,ASO,ES,Combined TRACON& Tower with Radar,259,29,59,5,352,0,8,15,3,26,259,37,74,8,378,0,0,0,378
11/18/2020,TPA,FL,ASO,ES,Combined TRACON& Tower with Radar,297,44,68,0,409,0,2,31,0,33,297,46,99,0,442,0,0,0,442
11/19/2020,TPA,FL,ASO,ES,Combined TRACON& Tower with Radar,386,44,58,2,490,0,0,20,0,20,386,44,78,2,510,0,0,0,510
11/20/2020,TPA,FL,ASO,ES,Combined TRACON& Tower with Radar,410,47,49,0,506,0,5,28,0,33,410,52,77,0,539,0,0,0,539
11/21/2020,TPA,FL,ASO,ES,Combined TRACON& Tower with Radar,430,53,34,1,518,0,2,6,0,8,430,55,40,1,526,0,0,0,526
11/22/2020,TPA,FL,ASO,ES,Combined TRACON& Tower with Radar,398,39,51,0,488,0,1,9,1,11,398,40,60,1,499,0,0,0,499
11/23/2020,TPA,FL,ASO,ES,Combined TRACON& Tower with Radar,409,51,66,2,528,0,3,8,0,11,409,54,74,2,539,0,0,0,539
11/24/2020,TPA,FL,ASO,ES,Combined TRACON& Tower with Radar,412,26,65,0,503,0,3,43,0,46,412,29,108,0,549,0,0,0,549
11/25/2020,TPA,FL,ASO,ES,Combined TRACON& Tower with Radar,418,41,55,1,515,0,5,14,0,19,418,46,69,1,534,0,0,0,534
11/26/2020,TPA,FL,ASO,ES,Combined TRACON& Tower with Radar,237,24,12,2,275,0,1,22,0,23,237,25,34,2,298,0,0,0,298
11/27/2020,TPA,FL,ASO,ES,Combined TRACON& Tower with Radar,345,25,26,4,400,0,0,16,0,16,345,25,42,4,416,0,0,0,416
11/28/2020,TPA,FL,ASO,ES,Combined TRACON& Tower with Radar,434,28,46,1,509,0,2,17,0,19,434,30,63,1,528,0,0,0,528
11/29/2020,TPA,FL,ASO,ES,Combined TRACON& Tower with Radar,449,77,74,2,602,0,0,22,0,22,449,77,96,2,624,0,0,0,624
11/30/2020,TPA,FL,ASO,ES,Combined TRACON& Tower with Radar,431,39,35,2,507,0,0,17,0,17,431,39,52,2,524,0,0,0,524
12/01/2020,TPA,FL,ASO,ES,Combined TRACON& Tower with Radar,388,37,52,0,477,0,3,30,1,34,388,40,82,1,511,0,0,0,511
12/02/2020,TPA,FL,ASO,ES,Combined TRACON& Tower with Radar,275,33,47,0,355,0,5,33,0,38,275,38,80,0,393,0,0,0,393
12/03/2020,TPA,FL,ASO,ES,Combined TRACON& Tower with Radar,323,36,49,3,411,0,2,20,0,22,323,38,69,3,433,0,0,0,433
12/04/2020,TPA,FL,ASO,ES,Combined TRACON& Tower with Radar,313,40,41,3,397,0,0,15,0,15,313,40,56,3,412,0,0,0,412
12/05/2020,TPA,FL,ASO,ES,Combined TRACON& Tower with Radar,269,21,27,0,317,0,1,13,0,14,269,22,40,0,331,0,0,0,331
12/06/2020,TPA,FL,ASO,ES,Combined TRACON& Tower with Radar,305,24,45,0,374,0,0,21,0,21,305,24,66,0,395,0,0,0,395
12/07/2020,TPA,FL,ASO,ES,Combined TRACON& Tower with Radar,325,48,52,0,425,0,0,14,0,14,325,48,66,0,439,0,0,0,439
12/08/2020,TPA,FL,ASO,ES,Combined TRACON& Tower with Radar,270,20,48,3,341,0,3,21,1,25,270,23,69,4,366,0,0,0,366
12/09/2020,TPA,FL,ASO,ES,Combined TRACON& Tower with Radar,257,25,47,1,330,0,3,11,0,14,257,28,58,1,344,0,0,0,344
12/10/2020,TPA,FL,ASO,ES,Combined TRACON& Tower with Radar,319,50,60,2,431,0,2,22,0,24,319,52,82,2,455,0,0,0,455
12/11/2020,TPA,FL,ASO,ES,Combined TRACON& Tower with Radar,314,44,64,2,424,0,0,15,0,15,314,44,79,2,439,0,0,0,439
12/12/2020,TPA,FL,ASO,ES,Combined TRACON& Tower with Radar,271,35,38,0,344,0,3,32,1,36,271,38,70,1,380,0,0,0,380
12/13/2020,TPA,FL,ASO,ES,Combined TRACON& Tower with Radar,306,51,52,3,412,0,0,17,2,19,306,51,69,5,431,0,0,0,431
12/14/2020,TPA,FL,ASO,ES,Combined TRACON& Tower with Radar,305,34,40,8,387,0,0,12,0,12,305,34,52,8,399,0,0,0,399
12/15/2020,TPA,FL,ASO,ES,Combined TRACON& Tower with Radar,254,38,43,3,338,0,3,22,0,25,254,41,65,3,363,0,0,0,363
12/16/2020,TPA,FL,ASO,ES,Combined TRACON& Tower with Radar,283,45,35,1,364,0,0,12,2,14,283,45,47,3,378,0,0,0,378
12/17/2020,TPA,FL,ASO,ES,Combined TRACON& Tower with Radar,413,42,59,1,515,0,1,20,0,21,413,43,79,1,536,0,0,0,536
12/18/2020,TPA,FL,ASO,ES,Combined TRACON& Tower with Radar,432,59,69,0,560,0,1,25,0,26,432,60,94,0,586,0,0,0,586
12/19/2020,TPA,FL,ASO,ES,Combined TRACON& Tower with Radar,471,55,28,0,554,0,1,14,0,15,471,56,42,0,569,0,0,0,569
12/20/2020,TPA,FL,ASO,ES,Combined TRACON& Tower with Radar,420,37,46,0,503,0,0,6,0,6,420,37,52,0,509,0,0,0,509
12/21/2020,TPA,FL,ASO,ES,Combined TRACON& Tower with Radar,444,45,55,0,544,0,0,18,0,18,444,45,73,0,562,0,0,0,562
12/22/2020,TPA,FL,ASO,ES,Combined TRACON& Tower with Radar,437,32,64,0,533,0,2,20,0,22,437,34,84,0,555,0,0,0,555
12/23/2020,TPA,FL,ASO,ES,Combined TRACON& Tower with Radar,448,57,43,0,548,0,1,24,0,25,448,58,67,0,573,0,0,0,573
12/24/2020,TPA,FL,ASO,ES,Combined TRACON& Tower with Radar,330,44,30,0,404,0,0,6,0,6,330,44,36,0,410,0,0,0,410
12/25/2020,TPA,FL,ASO,ES,Combined TRACON& Tower with Radar,280,33,7,0,320,0,0,7,0,7,280,33,14,0,327,0,0,0,327
12/26/2020,TPA,FL,ASO,ES,Combined TRACON& Tower with Radar,452,39,51,0,542,0,0,12,0,12,452,39,63,0,554,0,0,0,554
12/27/2020,TPA,FL,ASO,ES,Combined TRACON& Tower with Radar,433,32,48,0,513,0,0,12,0,12,433,32,60,0,525,0,0,0,525
12/28/2020,TPA,FL,ASO,ES,Combined TRACON& Tower with Radar,414,34,50,0,498,0,1,18,0,19,414,35,68,0,517,0,0,0,517
12/29/2020,TPA,FL,ASO,ES,Combined TRACON& Tower with Radar,419,41,38,0,498,0,4,22,0,26,419,45,60,0,524,0,0,0,524
12/30/2020,TPA,FL,ASO,ES,Combined TRACON& Tower with Radar,419,47,43,0,509,0,4,14,0,18,419,51,57,0,527,0,0,0,527
12/31/2020,TPA,FL,ASO,ES,Combined TRACON& Tower with Radar,337,40,33,0,410,0,1,22,0,23,337,41,55,0,433,0,0,0,433
01/01/2021,TPA,FL,ASO,ES,Combined TRACON& Tower with Radar,321,38,23,0,382,0,1,8,0,9,321,39,31,0,391,0,0,0,391
01/02/2021,TPA,FL,ASO,ES,Combined TRACON& Tower with Radar,439,58,113,0,610,0,3,9,0,12,439,61,122,0,622,0,0,0,622
01/03/2021,TPA,FL,ASO,ES,Combined TRACON& Tower with Radar,483,69,85,0,637,0,0,12,0,12,483,69,97,0,649,0,0,0,649
01/04/2021,TPA,FL,ASO,ES,Combined TRACON& Tower with Radar,415,34,34,0,483,0,0,22,0,22,415,34,56,0,505,0,0,0,505
01/05/2021,TPA,FL,ASO,ES,Combined TRACON& Tower with Radar,394,40,46,2,482,0,1,10,0,11,394,41,56,2,493,0,0,0,493
01/06/2021,TPA,FL,ASO,ES,Combined TRACON& Tower with Radar,322,33,38,0,393,0,1,19,0,20,322,34,57,0,413,20,0,20,433
01/07/2021,TPA,FL,ASO,ES,Combined TRACON& Tower with Radar,356,33,45,3,437,0,1,22,1,24,356,34,67,4,461,0,0,0,461
01/08/2021,TPA,FL,ASO,ES,Combined TRACON& Tower with Radar,390,38,71,1,500,0,0,25,1,26,390,38,96,2,526,0,0,0,526
01/09/2021,TPA,FL,ASO,ES,Combined TRACON& Tower with Radar,319,28,51,0,398,0,0,10,0,10,319,28,61,0,408,0,0,0,408
01/10/2021,TPA,FL,ASO,ES,Combined TRACON& Tower with Radar,342,31,38,1,412,0,0,20,0,20,342,31,58,1,432,0,0,0,432
01/11/2021,TPA,FL,ASO,ES,Combined TRACON& Tower with Radar,340,33,35,0,408,1,0,18,0,19,341,33,53,0,427,0,0,0,427
01/12/2021,TPA,FL,ASO,ES,Combined TRACON& Tower with Radar,287,31,58,3,379,0,0,10,2,12,287,31,68,5,391,0,0,0,391
01/13/2021,TPA,FL,ASO,ES,Combined TRACON& Tower with Radar,280,44,52,0,376,0,1,13,1,15,280,45,65,1,391,0,0,0,391
01/14/2021,TPA,FL,ASO,ES,Combined TRACON& Tower with Radar,364,53,48,2,467,0,0,19,1,20,364,53,67,3,487,0,0,0,487
01/15/2021,TPA,FL,ASO,ES,Combined TRACON& Tower with Radar,362,63,62,1,488,1,2,17,0,20,363,65,79,1,508,0,0,0,508
01/16/2021,TPA,FL,ASO,ES,Combined TRACON& Tower with Radar,308,34,30,4,376,0,0,14,0,14,308,34,44,4,390,0,0,0,390
01/17/2021,TPA,FL,ASO,ES,Combined TRACON& Tower with Radar,341,37,36,0,414,0,0,18,0,18,341,37,54,0,432,0,0,0,432
01/18/2021,TPA,FL,ASO,ES,Combined TRACON& Tower with Radar,347,47,48,0,442,0,0,21,0,21,347,47,69,0,463,0,0,0,463
01/19/2021,TPA,FL,ASO,ES,Combined TRACON& Tower with Radar,272,46,52,2,372,0,1,20,0,21,272,47,72,2,393,0,0,0,393
01/20/2021,TPA,FL,ASO,ES,Combined TRACON& Tower with Radar,284,40,36,0,360,0,0,20,0,20,284,40,56,0,380,6,0,6,386
01/21/2021,TPA,FL,ASO,ES,Combined TRACON& Tower with Radar,352,38,68,0,458,0,4,23,0,27,352,42,91,0,485,0,0,0,485
01/22/2021,TPA,FL,ASO,ES,Combined TRACON& Tower with Radar,350,45,61,1,457,0,0,34,6,40,350,45,95,7,497,0,0,0,497
01/23/2021,TPA,FL,ASO,ES,Combined TRACON& Tower with Radar,307,34,24,0,365,0,2,9,0,11,307,36,33,0,376,0,0,0,376
01/24/2021,TPA,FL,ASO,ES,Combined TRACON& Tower with Radar,344,30,42,2,418,0,0,13,5,18,344,30,55,7,436,0,0,0,436
01/25/2021,TPA,FL,ASO,ES,Combined TRACON& Tower with Radar,339,16,51,0,406,1,0,23,0,24,340,16,74,0,430,0,0,0,430
01/26/2021,TPA,FL,ASO,ES,Combined TRACON& Tower with Radar,268,33,55,4,360,0,0,25,0,25,268,33,80,4,385,0,0,0,385
01/27/2021,TPA,FL,ASO,ES,Combined TRACON& Tower with Radar,284,41,45,2,372,0,0,10,2,12,284,41,55,4,384,0,0,0,384
01/28/2021,TPA,FL,ASO,ES,Combined TRACON& Tower with Radar,379,57,53,0,489,0,0,18,0,18,379,57,71,0,507,0,0,0,507
01/29/2021,TPA,FL,ASO,ES,Combined TRACON& Tower with Radar,368,49,39,0,456,0,1,28,0,29,368,50,67,0,485,0,0,0,485
01/30/2021,TPA,FL,ASO,ES,Combined TRACON& Tower with Radar,295,34,32,2,363,0,2,25,2,29,295,36,57,4,392,0,0,0,392
01/31/2021,TPA,FL,ASO,ES,Combined TRACON& Tower with Radar,325,35,37,0,397,1,0,24,0,25,326,35,61,0,422,0,0,0,422
02/01/2021,TPA,FL,ASO,ES,Combined TRACON& Tower with Radar,305,40,40,4,389,1,0,13,2,16,306,40,53,6,405,0,0,0,405
02/02/2021,TPA,FL,ASO,ES,Combined TRACON& Tower with Radar,278,35,53,2,368,0,3,14,4,21,278,38,67,6,389,0,0,0,389
02/03/2021,TPA,FL,ASO,ES,Combined TRACON& Tower with Radar,295,42,34,2,373,0,2,21,5,28,295,44,55,7,401,0,0,0,401
02/04/2021,TPA,FL,ASO,ES,Combined TRACON& Tower with Radar,352,62,44,2,460,0,1,26,4,31,352,63,70,6,491,0,0,0,491
02/05/2021,TPA,FL,ASO,ES,Combined TRACON& Tower with Radar,369,74,62,0,505,0,0,34,0,34,369,74,96,0,539,0,0,0,539
02/06/2021,TPA,FL,ASO,ES,Combined TRACON& Tower with Radar,308,71,82,0,461,0,0,20,0,20,308,71,102,0,481,0,0,0,481
02/07/2021,TPA,FL,ASO,ES,Combined TRACON& Tower with Radar,362,83,90,0,535,0,1,33,1,35,362,84,123,1,570,0,0,0,570
02/08/2021,TPA,FL,ASO,ES,Combined TRACON& Tower with Radar,359,138,123,0,620,0,0,15,0,15,359,138,138,0,635,0,0,0,635
02/09/2021,TPA,FL,ASO,ES,Combined TRACON& Tower with Radar,283,52,66,1,402,0,1,13,0,14,283,53,79,1,416,0,0,0,416
02/10/2021,TPA,FL,ASO,ES,Combined TRACON& Tower with Radar,289,49,62,0,400,0,1,21,1,23,289,50,83,1,423,0,0,0,423
02/11/2021,TPA,FL,ASO,ES,Combined TRACON& Tower with Radar,351,40,69,1,461,0,0,16,0,16,351,40,85,1,477,0,0,0,477
02/12/2021,TPA,FL,ASO,ES,Combined TRACON& Tower with Radar,387,66,64,2,519,1,2,15,0,18,388,68,79,2,537,0,0,0,537
02/13/2021,TPA,FL,ASO,ES,Combined TRACON& Tower with Radar,365,36,29,0,430,1,0,7,0,8,366,36,36,0,438,0,0,0,438
02/14/2021,TPA,FL,ASO,ES,Combined TRACON& Tower with Radar,342,38,57,0,437,0,2,4,0,6,342,40,61,0,443,0,0,0,443
02/15/2021,TPA,FL,ASO,ES,Combined TRACON& Tower with Radar,325,39,52,0,416,0,0,11,0,11,325,39,63,0,427,0,0,0,427
02/16/2021,TPA,FL,ASO,ES,Combined TRACON& Tower with Radar,273,55,60,4,392,0,6,16,0,22,273,61,76,4,414,0,0,0,414
02/17/2021,TPA,FL,ASO,ES,Combined TRACON& Tower with Radar,274,40,58,2,374,0,1,10,0,11,274,41,68,2,385,0,0,0,385
02/18/2021,TPA,FL,ASO,ES,Combined TRACON& Tower with Radar,325,56,50,2,433,0,1,14,0,15,325,57,64,2,448,0,0,0,448
02/19/2021,TPA,FL,ASO,ES,Combined TRACON& Tower with Radar,389,65,64,0,518,0,0,6,0,6,389,65,70,0,524,0,0,0,524
02/20/2021,TPA,FL,ASO,ES,Combined TRACON& Tower with Radar,374,38,52,0,464,0,0,18,0,18,374,38,70,0,482,0,0,0,482
02/21/2021,TPA,FL,ASO,ES,Combined TRACON& Tower with Radar,361,47,58,0,466,0,0,18,0,18,361,47,76,0,484,0,0,0,484
02/22/2021,TPA,FL,ASO,ES,Combined TRACON& Tower with Radar,353,48,44,1,446,0,2,19,0,21,353,50,63,1,467,0,0,0,467
02/23/2021,TPA,FL,ASO,ES,Combined TRACON& Tower with Radar,299,48,38,3,388,0,0,26,0,26,299,48,64,3,414,0,0,0,414
02/24/2021,TPA,FL,ASO,ES,Combined TRACON& Tower with Radar,296,41,78,4,419,0,4,22,1,27,296,45,100,5,446,0,0,0,446
02/25/2021,TPA,FL,ASO,ES,Combined TRACON& Tower with Radar,368,37,75,6,486,0,8,25,0,33,368,45,100,6,519,0,0,0,519
02/26/2021,TPA,FL,ASO,ES,Combined TRACON& Tower with Radar,369,48,53,11,481,0,2,26,4,32,369,50,79,15,513,0,0,0,513
02/27/2021,TPA,FL,ASO,ES,Combined TRACON& Tower with Radar,363,36,50,1,450,0,2,18,0,20,363,38,68,1,470,0,0,0,470
02/28/2021,TPA,FL,ASO,ES,Combined TRACON& Tower with Radar,359,47,49,9,464,0,0,8,3,11,359,47,57,12,475,0,0,0,475
03/01/2021,TPA,FL,ASO,ES,Combined TRACON& Tower with Radar,351,50,61,1,463,0,1,10,0,11,351,51,71,1,474,0,0,0,474
03/02/2021,TPA,FL,ASO,ES,Combined TRACON& Tower with Radar,302,44,67,1,414,0,1,18,0,19,302,45,85,1,433,0,0,0,433
03/03/2021,TPA,FL,ASO,ES,Combined TRACON& Tower with Radar,307,64,60,0,431,0,0,16,0,16,307,64,76,0,447,0,0,0,447
03/04/2021,TPA,FL,ASO,ES,Combined TRACON& Tower with Radar,396,55,66,0,517,0,1,25,2,28,396,56,91,2,545,0,0,0,545
03/05/2021,TPA,FL,ASO,ES,Combined TRACON& Tower with Radar,386,62,71,7,526,0,1,29,4,34,386,63,100,11,560,0,0,0,560
03/06/2021,TPA,FL,ASO,ES,Combined TRACON& Tower with Radar,386,34,39,2,461,0,3,6,0,9,386,37,45,2,470,0,0,0,470
03/07/2021,TPA,FL,ASO,ES,Combined TRACON& Tower with Radar,441,35,61,8,545,0,0,15,2,17,441,35,76,10,562,0,0,0,562
03/08/2021,TPA,FL,ASO,ES,Combined TRACON& Tower with Radar,427,40,64,2,533,0,4,17,0,21,427,44,81,2,554,0,0,0,554
03/09/2021,TPA,FL,ASO,ES,Combined TRACON& Tower with Radar,349,43,48,3,443,0,1,30,1,32,349,44,78,4,475,0,0,0,475
03/10/2021,TPA,FL,ASO,ES,Combined TRACON& Tower with Radar,368,55,76,2,501,0,7,20,2,29,368,62,96,4,530,0,0,0,530
03/11/2021,TPA,FL,ASO,ES,Combined TRACON& Tower with Radar,463,52,62,4,581,0,4,24,0,28,463,56,86,4,609,0,0,0,609
03/12/2021,TPA,FL,ASO,ES,Combined TRACON& Tower with Radar,469,75,72,8,624,0,2,21,1,24,469,77,93,9,648,0,0,0,648
03/13/2021,TPA,FL,ASO,ES,Combined TRACON& Tower with Radar,502,41,48,4,595,0,1,20,0,21,502,42,68,4,616,0,0,0,616
03/14/2021,TPA,FL,ASO,ES,Combined TRACON& Tower with Radar,432,32,41,6,511,0,2,8,0,10,432,34,49,6,521,0,0,0,521
03/15/2021,TPA,FL,ASO,ES,Combined TRACON& Tower with Radar,434,56,63,1,554,0,0,27,0,27,434,56,90,1,581,0,0,0,581
03/16/2021,TPA,FL,ASO,ES,Combined TRACON& Tower with Radar,425,61,42,4,532,0,1,26,0,27,425,62,68,4,559,0,0,0,559
03/17/2021,TPA,FL,ASO,ES,Combined TRACON& Tower with Radar,421,76,65,15,577,0,5,27,1,33,421,81,92,16,610,0,0,0,610
03/18/2021,TPA,FL,ASO,ES,Combined TRACON& Tower with Radar,466,65,81,12,624,0,0,18,0,18,466,65,99,12,642,0,0,0,642
03/19/2021,TPA,FL,ASO,ES,Combined TRACON& Tower with Radar,466,54,88,0,608,0,0,17,1,18,466,54,105,1,626,0,0,0,626
03/20/2021,TPA,FL,ASO,ES,Combined TRACON& Tower with Radar,517,50,58,0,625,0,1,14,0,15,517,51,72,0,640,0,0,0,640
03/21/2021,TPA,FL,ASO,ES,Combined TRACON& Tower with Radar,470,63,97,4,634,0,0,12,2,14,470,63,109,6,648,0,0,0,648
03/22/2021,TPA,FL,ASO,ES,Combined TRACON& Tower with Radar,451,68,51,11,581,0,0,3,0,3,451,68,54,11,584,0,0,0,584
03/23/2021,TPA,FL,ASO,ES,Combined TRACON& Tower with Radar,422,39,61,12,534,0,4,13,1,18,422,43,74,13,552,0,0,0,552
03/24/2021,TPA,FL,ASO,ES,Combined TRACON& Tower with Radar,423,61,67,11,562,0,4,13,0,17,423,65,80,11,579,0,0,0,579
03/25/2021,TPA,FL,ASO,ES,Combined TRACON& Tower with Radar,473,69,77,19,638,0,0,26,0,26,473,69,103,19,664,0,0,0,664
03/26/2021,TPA,FL,ASO,ES,Combined TRACON& Tower with Radar,467,61,79,8,615,0,2,12,0,14,467,63,91,8,629,0,0,0,629
03/27/2021,TPA,FL,ASO,ES,Combined TRACON& Tower with Radar,516,46,47,12,621,0,10,18,0,28,516,56,65,12,649,0,0,0,649
03/28/2021,TPA,FL,ASO,ES,Combined TRACON& Tower with Radar,448,36,71,5,560,0,0,18,0,18,448,36,89,5,578,0,0,0,578
03/29/2021,TPA,FL,ASO,ES,Combined TRACON& Tower with Radar,440,54,58,12,564,0,1,10,2,13,440,55,68,14,577,0,0,0,577
03/30/2021,TPA,FL,ASO,ES,Combined TRACON& Tower with Radar,418,40,55,12,525,0,1,13,0,14,418,41,68,12,539,0,0,0,539
03/31/2021,TPA,FL,ASO,ES,Combined TRACON& Tower with Radar,421,58,69,12,560,0,0,10,0,10,421,58,79,12,570,0,0,0,570
04/01/2021,TPA,FL,ASO,ES,Combined TRACON& Tower with Radar,487,68,46,11,612,1,2,10,0,13,488,70,56,11,625,0,0,0,625
04/02/2021,TPA,FL,ASO,ES,Combined TRACON& Tower with Radar,484,62,56,2,604,0,1,13,0,14,484,63,69,2,618,0,0,0,618
04/03/2021,TPA,FL,ASO,ES,Combined TRACON& Tower with Radar,515,25,59,0,599,0,5,14,0,19,515,30,73,0,618,0,0,0,618
04/04/2021,TPA,FL,ASO,ES,Combined TRACON& Tower with Radar,436,39,45,0,520,0,0,13,1,14,436,39,58,1,534,0,0,0,534
04/05/2021,TPA,FL,ASO,ES,Combined TRACON& Tower with Radar,470,64,61,0,595,1,6,13,0,20,471,70,74,0,615,0,0,0,615
04/06/2021,TPA,FL,ASO,ES,Combined TRACON& Tower with Radar,411,62,60,2,535,0,2,14,0,16,411,64,74,2,551,0,0,0,551
04/07/2021,TPA,FL,ASO,ES,Combined TRACON& Tower with Radar,411,53,65,1,530,0,2,30,0,32,411,55,95,1,562,0,0,0,562
04/08/2021,TPA,FL,ASO,ES,Combined TRACON& Tower with Radar,449,64,63,1,577,0,2,28,0,30,449,66,91,1,607,0,0,0,607
04/09/2021,TPA,FL,ASO,ES,Combined TRACON& Tower with Radar,463,59,73,0,595,0,5,24,4,33,463,64,97,4,628,0,0,0,628
04/10/2021,TPA,FL,ASO,ES,Combined TRACON& Tower with Radar,515,39,49,0,603,0,4,10,0,14,515,43,59,0,617,0,0,0,617
04/11/2021,TPA,FL,ASO,ES,Combined TRACON& Tower with Radar,371,42,48,0,461,0,0,4,0,4,371,42,52,0,465,0,0,0,465
04/12/2021,TPA,FL,ASO,ES,Combined TRACON& Tower with Radar,432,76,58,0,566,0,6,17,1,24,432,82,75,1,590,0,0,0,590
04/13/2021,TPA,FL,ASO,ES,Combined TRACON& Tower with Radar,377,42,80,2,501,0,5,38,0,43,377,47,118,2,544,0,0,0,544
04/14/2021,TPA,FL,ASO,ES,Combined TRACON& Tower with Radar,351,51,57,0,459,0,2,30,0,32,351,53,87,0,491,0,0,0,491
04/15/2021,TPA,FL,ASO,ES,Combined TRACON& Tower with Radar,439,51,69,0,559,0,0,19,0,19,439,51,88,0,578,0,0,0,578
04/16/2021,TPA,FL,ASO,ES,Combined TRACON& Tower with Radar,433,53,93,9,588,0,0,14,0,14,433,53,107,9,602,0,0,0,602
04/17/2021,TPA,FL,ASO,ES,Combined TRACON& Tower with Radar,469,41,53,1,564,0,1,10,0,11,469,42,63,1,575,0,0,0,575
04/18/2021,TPA,FL,ASO,ES,Combined TRACON& Tower with Radar,423,48,65,0,536,0,0,6,0,6,423,48,71,0,542,0,0,0,542
04/19/2021,TPA,FL,ASO,ES,Combined TRACON& Tower with Radar,425,55,50,0,530,0,0,6,0,6,425,55,56,0,536,0,0,0,536
04/20/2021,TPA,FL,ASO,ES,Combined TRACON& Tower with Radar,401,55,57,0,513,0,2,8,0,10,401,57,65,0,523,0,0,0,523
04/21/2021,TPA,FL,ASO,ES,Combined TRACON& Tower with Radar,372,63,80,0,515,0,0,20,0,20,372,63,100,0,535,0,0,0,535
04/22/2021,TPA,FL,ASO,ES,Combined TRACON& Tower with Radar,438,72,75,0,585,0,1,17,0,18,438,73,92,0,603,0,0,0,603
04/23/2021,TPA,FL,ASO,ES,Combined TRACON& Tower with Radar,431,69,74,2,576,0,2,26,3,31,431,71,100,5,607,0,0,0,607
04/24/2021,TPA,FL,ASO,ES,Combined TRACON& Tower with Radar,432,26,47,1,506,0,2,23,0,25,432,28,70,1,531,0,0,0,531
04/25/2021,TPA,FL,ASO,ES,Combined TRACON& Tower with Radar,465,48,77,1,591,0,5,16,2,23,465,53,93,3,614,0,0,0,614
04/26/2021,TPA,FL,ASO,ES,Combined TRACON& Tower with Radar,415,46,57,3,521,0,2,25,0,27,415,48,82,3,548,0,0,0,548
04/27/2021,TPA,FL,ASO,ES,Combined TRACON& Tower with Radar,355,47,65,7,474,0,4,16,0,20,355,51,81,7,494,0,0,0,494
04/28/2021,TPA,FL,ASO,ES,Combined TRACON& Tower with Radar,358,78,75,1,512,0,0,24,2,26,358,78,99,3,538,0,0,0,538
04/29/2021,TPA,FL,ASO,ES,Combined TRACON& Tower with Radar,422,67,77,0,566,0,1,26,0,27,422,68,103,0,593,0,0,0,593
04/30/2021,TPA,FL,ASO,ES,Combined TRACON& Tower with Radar,423,54,60,2,539,0,0,25,0,25,423,54,85,2,564,0,0,0,564
05/01/2021,TPA,FL,ASO,ES,Combined TRACON& Tower with Radar,453,46,57,0,556,0,2,13,2,17,453,48,70,2,573,0,0,0,573
05/02/2021,TPA,FL,ASO,ES,Combined TRACON& Tower with Radar,409,50,63,0,522,0,0,15,0,15,409,50,78,0,537,0,0,0,537
05/03/2021,TPA,FL,ASO,ES,Combined TRACON& Tower with Radar,404,55,52,0,511,0,0,23,0,23,404,55,75,0,534,0,0,0,534
05/04/2021,TPA,FL,ASO,ES,Combined TRACON& Tower with Radar,346,45,51,14,456,0,1,16,0,17,346,46,67,14,473,0,0,0,473
05/05/2021,TPA,FL,ASO,ES,Combined TRACON& Tower with Radar,363,44,69,2,478,0,4,14,0,18,363,48,83,2,496,0,0,0,496
05/06/2021,TPA,FL,ASO,ES,Combined TRACON& Tower with Radar,441,56,79,13,589,0,0,11,0,11,441,56,90,13,600,0,0,0,600
05/07/2021,TPA,FL,ASO,ES,Combined TRACON& Tower with Radar,446,74,48,2,570,0,5,29,0,34,446,79,77,2,604,0,0,0,604
05/08/2021,TPA,FL,ASO,ES,Combined TRACON& Tower with Radar,458,44,55,0,557,0,3,16,0,19,458,47,71,0,576,0,0,0,576
05/09/2021,TPA,FL,ASO,ES,Combined TRACON& Tower with Radar,412,36,62,1,511,0,0,12,1,13,412,36,74,2,524,0,0,0,524
05/10/2021,TPA,FL,ASO,ES,Combined TRACON& Tower with Radar,415,53,83,0,551,0,0,13,0,13,415,53,96,0,564,0,0,0,564
05/11/2021,TPA,FL,ASO,ES,Combined TRACON& Tower with Radar,386,52,45,5,488,0,3,29,0,32,386,55,74,5,520,0,0,0,520
05/12/2021,TPA,FL,ASO,ES,Combined TRACON& Tower with Radar,419,44,65,0,528,0,4,16,0,20,419,48,81,0,548,0,0,0,548
05/13/2021,TPA,FL,ASO,ES,Combined TRACON& Tower with Radar,430,68,60,0,558,0,0,19,0,19,430,68,79,0,577,0,0,0,577
05/14/2021,TPA,FL,ASO,ES,Combined TRACON& Tower with Radar,443,61,72,0,576,0,2,28,4,34,443,63,100,4,610,0,0,0,610
05/15/2021,TPA,FL,ASO,ES,Combined TRACON& Tower with Radar,458,29,39,0,526,0,3,9,0,12,458,32,48,0,538,0,0,0,538
05/16/2021,TPA,FL,ASO,ES,Combined TRACON& Tower with Radar,408,59,57,0,524,0,1,32,0,33,408,60,89,0,557,0,0,0,557
05/17/2021,TPA,FL,ASO,ES,Combined TRACON& Tower with Radar,422,74,45,6,547,0,2,23,0,25,422,76,68,6,572,0,0,0,572
05/18/2021,TPA,FL,ASO,ES,Combined TRACON& Tower with Radar,401,51,63,4,519,0,3,13,0,16,401,54,76,4,535,0,0,0,535
05/19/2021,TPA,FL,ASO,ES,Combined TRACON& Tower with Radar,396,52,55,1,504,0,3,29,0,32,396,55,84,1,536,0,0,0,536
05/20/2021,TPA,FL,ASO,ES,Combined TRACON& Tower with Radar,421,62,54,3,540,0,1,29,0,30,421,63,83,3,570,0,0,0,570
05/21/2021,TPA,FL,ASO,ES,Combined TRACON& Tower with Radar,432,73,58,1,564,0,2,20,1,23,432,75,78,2,587,0,0,0,587
05/22/2021,TPA,FL,ASO,ES,Combined TRACON& Tower with Radar,450,27,35,0,512,0,3,18,0,21,450,30,53,0,533,0,0,0,533
05/23/2021,TPA,FL,ASO,ES,Combined TRACON& Tower with Radar,417,56,46,0,519,0,1,15,0,16,417,57,61,0,535,0,0,0,535
05/24/2021,TPA,FL,ASO,ES,Combined TRACON& Tower with Radar,422,64,67,1,554,0,4,11,0,15,422,68,78,1,569,0,0,0,569
05/25/2021,TPA,FL,ASO,ES,Combined TRACON& Tower with Radar,408,41,69,2,520,0,6,15,0,21,408,47,84,2,541,0,0,0,541
05/26/2021,TPA,FL,ASO,ES,Combined TRACON& Tower with Radar,396,52,69,1,518,0,3,31,0,34,396,55,100,1,552,0,0,0,552
05/27/2021,TPA,FL,ASO,ES,Combined TRACON& Tower with Radar,425,64,62,0,551,0,1,15,0,16,425,65,77,0,567,0,0,0,567
05/28/2021,TPA,FL,ASO,ES,Combined TRACON& Tower with Radar,432,63,79,0,574,0,4,21,0,25,432,67,100,0,599,0,0,0,599
05/29/2021,TPA,FL,ASO,ES,Combined TRACON& Tower with Radar,458,36,40,0,534,0,1,21,0,22,458,37,61,0,556,0,0,0,556
05/30/2021,TPA,FL,ASO,ES,Combined TRACON& Tower with Radar,415,24,26,0,465,0,0,20,0,20,415,24,46,0,485,0,0,0,485
05/31/2021,TPA,FL,ASO,ES,Combined TRACON& Tower with Radar,424,41,61,0,526,0,0,20,0,20,424,41,81,0,546,0,0,0,546
06/01/2021,TPA,FL,ASO,ES,Combined TRACON& Tower with Radar,399,33,51,0,483,0,4,15,1,20,399,37,66,1,503,0,0,0,503
06/02/2021,TPA,FL,ASO,ES,Combined TRACON& Tower with Radar,416,38,37,0,491,0,2,7,0,9,416,40,44,0,500,0,0,0,500
06/03/2021,TPA,FL,ASO,ES,Combined TRACON& Tower with Radar,421,61,48,2,532,0,0,7,0,7,421,61,55,2,539,0,0,0,539
06/04/2021,TPA,FL,ASO,ES,Combined TRACON& Tower with Radar,438,66,60,0,564,0,2,16,0,18,438,68,76,0,582,0,0,0,582
06/05/2021,TPA,FL,ASO,ES,Combined TRACON& Tower with Radar,462,42,37,0,541,0,0,15,0,15,462,42,52,0,556,0,0,0,556
06/06/2021,TPA,FL,ASO,ES,Combined TRACON& Tower with Radar,427,50,68,0,545,0,1,16,0,17,427,51,84,0,562,0,0,0,562
06/07/2021,TPA,FL,ASO,ES,Combined TRACON& Tower with Radar,408,72,42,0,522,1,0,18,0,19,409,72,60,0,541,0,0,0,541
06/08/2021,TPA,FL,ASO,ES,Combined TRACON& Tower with Radar,390,43,72,0,505,0,1,15,0,16,390,44,87,0,521,0,0,0,521
06/09/2021,TPA,FL,ASO,ES,Combined TRACON& Tower with Radar,400,64,66,0,530,0,1,20,0,21,400,65,86,0,551,0,0,0,551
06/10/2021,TPA,FL,ASO,ES,Combined TRACON& Tower with Radar,409,53,64,0,526,1,3,11,0,15,410,56,75,0,541,0,0,0,541
06/11/2021,TPA,FL,ASO,ES,Combined TRACON& Tower with Radar,420,57,79,1,557,0,0,27,0,27,420,57,106,1,584,0,0,0,584
06/12/2021,TPA,FL,ASO,ES,Combined TRACON& Tower with Radar,497,43,41,0,581,0,2,14,1,17,497,45,55,1,598,0,0,0,598
06/13/2021,TPA,FL,ASO,ES,Combined TRACON& Tower with Radar,456,46,62,1,565,0,0,18,0,18,456,46,80,1,583,0,0,0,583
06/14/2021,TPA,FL,ASO,ES,Combined TRACON& Tower with Radar,437,57,78,0,572,0,0,37,0,37,437,57,115,0,609,0,0,0,609
06/15/2021,TPA,FL,ASO,ES,Combined TRACON& Tower with Radar,373,42,46,1,462,0,1,13,1,15,373,43,59,2,477,0,0,0,477
06/16/2021,TPA,FL,ASO,ES,Combined TRACON& Tower with Radar,395,59,56,2,512,0,1,12,1,14,395,60,68,3,526,0,0,0,526
06/17/2021,TPA,FL,ASO,ES,Combined TRACON& Tower with Radar,407,62,63,0,532,1,0,11,0,12,408,62,74,0,544,0,0,0,544
06/18/2021,TPA,FL,ASO,ES,Combined TRACON& Tower with Radar,407,56,61,29,553,0,5,13,0,18,407,61,74,29,571,0,0,0,571
06/19/2021,TPA,FL,ASO,ES,Combined TRACON& Tower with Radar,478,32,30,0,540,1,2,11,2,16,479,34,41,2,556,0,0,0,556
06/20/2021,TPA,FL,ASO,ES,Combined TRACON& Tower with Radar,445,48,76,0,569,1,0,10,0,11,446,48,86,0,580,0,0,0,580
06/21/2021,TPA,FL,ASO,ES,Combined TRACON& Tower with Radar,392,59,54,28,533,0,0,18,0,18,392,59,72,28,551,0,0,0,551
06/22/2021,TPA,FL,ASO,ES,Combined TRACON& Tower with Radar,428,55,60,0,543,0,1,15,1,17,428,56,75,1,560,0,0,0,560
06/23/2021,TPA,FL,ASO,ES,Combined TRACON& Tower with Radar,401,51,68,2,522,0,1,9,0,10,401,52,77,2,532,0,0,0,532
06/24/2021,TPA,FL,ASO,ES,Combined TRACON& Tower with Radar,405,56,72,6,539,1,0,3,0,4,406,56,75,6,543,0,0,0,543
06/25/2021,TPA,FL,ASO,ES,Combined TRACON& Tower with Radar,427,60,65,1,553,0,2,18,0,20,427,62,83,1,573,0,0,0,573
06/26/2021,TPA,FL,ASO,ES,Combined TRACON& Tower with Radar,464,26,34,1,525,0,0,6,1,7,464,26,40,2,532,0,0,0,532
06/27/2021,TPA,FL,ASO,ES,Combined TRACON& Tower with Radar,430,37,50,1,518,1,0,14,0,15,431,37,64,1,533,0,0,0,533
06/28/2021,TPA,FL,ASO,ES,Combined TRACON& Tower with Radar,399,65,67,4,535,0,1,19,0,20,399,66,86,4,555,0,0,0,555
06/29/2021,TPA,FL,ASO,ES,Combined TRACON& Tower with Radar,387,48,65,0,500,0,1,8,0,9,387,49,73,0,509,0,0,0,509
06/30/2021,TPA,FL,ASO,ES,Combined TRACON& Tower with Radar,389,50,66,0,505,0,2,10,0,12,389,52,76,0,517,0,0,0,517
07/01/2021,TPA,FL,ASO,ES,Combined TRACON& Tower with Radar,419,80,59,0,558,1,0,9,0,10,420,80,68,0,568,0,0,0,568
07/02/2021,TPA,FL,ASO,ES,Combined TRACON& Tower with Radar,396,56,45,5,502,1,0,11,1,13,397,56,56,6,515,0,0,0,515
07/03/2021,TPA,FL,ASO,ES,Combined TRACON& Tower with Radar,498,54,36,0,588,0,1,2,0,3,498,55,38,0,591,0,0,0,591
07/04/2021,TPA,FL,ASO,ES,Combined TRACON& Tower with Radar,406,41,15,4,466,0,0,15,0,15,406,41,30,4,481,0,0,0,481
07/05/2021,TPA,FL,ASO,ES,Combined TRACON& Tower with Radar,389,48,43,2,482,1,0,14,1,16,390,48,57,3,498,0,0,0,498
07/06/2021,TPA,FL,ASO,ES,Combined TRACON& Tower with Radar,271,18,23,0,312,0,0,3,1,4,271,18,26,1,316,0,0,0,316
07/07/2021,TPA,FL,ASO,ES,Combined TRACON& Tower with Radar,286,64,54,0,404,0,0,3,0,3,286,64,57,0,407,0,0,0,407
07/08/2021,TPA,FL,ASO,ES,Combined TRACON& Tower with Radar,437,70,60,0,567,1,0,13,0,14,438,70,73,0,581,0,0,0,581
07/09/2021,TPA,FL,ASO,ES,Combined TRACON& Tower with Radar,421,53,66,0,540,0,0,20,3,23,421,53,86,3,563,0,0,0,563
07/10/2021,TPA,FL,ASO,ES,Combined TRACON& Tower with Radar,484,40,28,0,552,1,3,8,0,12,485,43,36,0,564,0,0,0,564
07/11/2021,TPA,FL,ASO,ES,Combined TRACON& Tower with Radar,423,41,72,1,537,1,2,11,3,17,424,43,83,4,554,0,0,0,554
07/12/2021,TPA,FL,ASO,ES,Combined TRACON& Tower with Radar,398,45,58,3,504,0,4,10,0,14,398,49,68,3,518,0,0,0,518
07/13/2021,TPA,FL,ASO,ES,Combined TRACON& Tower with Radar,398,44,66,0,508,0,0,17,0,17,398,44,83,0,525,0,0,0,525
07/14/2021,TPA,FL,ASO,ES,Combined TRACON& Tower with Radar,387,52,64,3,506,1,1,16,0,18,388,53,80,3,524,0,0,0,524
07/15/2021,TPA,FL,ASO,ES,Combined TRACON& Tower with Radar,416,80,75,0,571,1,0,14,0,15,417,80,89,0,586,0,0,0,586
07/16/2021,TPA,FL,ASO,ES,Combined TRACON& Tower with Radar,423,48,45,3,519,0,1,27,2,30,423,49,72,5,549,0,0,0,549
07/17/2021,TPA,FL,ASO,ES,Combined TRACON& Tower with Radar,464,29,44,0,537,0,1,9,0,10,464,30,53,0,547,0,0,0,547
07/18/2021,TPA,FL,ASO,ES,Combined TRACON& Tower with Radar,423,37,59,5,524,1,0,4,0,5,424,37,63,5,529,0,0,0,529
07/19/2021,TPA,FL,ASO,ES,Combined TRACON& Tower with Radar,414,49,47,1,511,0,0,7,1,8,414,49,54,2,519,0,0,0,519
07/20/2021,TPA,FL,ASO,ES,Combined TRACON& Tower with Radar,408,49,57,0,514,1,1,13,0,15,409,50,70,0,529,0,0,0,529
07/21/2021,TPA,FL,ASO,ES,Combined TRACON& Tower with Radar,396,56,68,2,522,0,3,22,1,26,396,59,90,3,548,0,0,0,548
07/22/2021,TPA,FL,ASO,ES,Combined TRACON& Tower with Radar,424,62,55,7,548,1,3,19,2,25,425,65,74,9,573,0,0,0,573
07/23/2021,TPA,FL,ASO,ES,Combined TRACON& Tower with Radar,412,64,40,0,516,1,0,15,0,16,413,64,55,0,532,0,0,0,532
07/24/2021,TPA,FL,ASO,ES,Combined TRACON& Tower with Radar,492,41,33,1,567,0,1,16,0,17,492,42,49,1,584,0,0,0,584
07/25/2021,TPA,FL,ASO,ES,Combined TRACON& Tower with Radar,434,53,44,0,531,1,0,13,0,14,435,53,57,0,545,0,0,0,545
07/26/2021,TPA,FL,ASO,ES,Combined TRACON& Tower with Radar,406,53,30,0,489,0,2,14,0,16,406,55,44,0,505,0,0,0,505
07/27/2021,TPA,FL,ASO,ES,Combined TRACON& Tower with Radar,394,43,37,0,474,0,1,6,0,7,394,44,43,0,481,0,0,0,481
07/28/2021,TPA,FL,ASO,ES,Combined TRACON& Tower with Radar,411,46,42,1,500,0,0,22,0,22,411,46,64,1,522,0,0,0,522
07/29/2021,TPA,FL,ASO,ES,Combined TRACON& Tower with Radar,419,43,55,3,520,1,2,9,1,13,420,45,64,4,533,0,0,0,533
07/30/2021,TPA,FL,ASO,ES,Combined TRACON& Tower with Radar,418,48,59,0,525,1,3,24,0,28,419,51,83,0,553,0,0,0,553
07/31/2021,TPA,FL,ASO,ES,Combined TRACON& Tower with Radar,471,46,39,1,557,0,1,18,0,19,471,47,57,1,576,0,0,0,576
08/01/2021,TPA,FL,ASO,ES,Combined TRACON& Tower with Radar,414,51,48,1,514,1,0,15,0,16,415,51,63,1,530,0,0,0,530
08/02/2021,TPA,FL,ASO,ES,Combined TRACON& Tower with Radar,396,59,40,0,495,0,0,6,0,6,396,59,46,0,501,0,0,0,501
08/03/2021,TPA,FL,ASO,ES,Combined TRACON& Tower with Radar,362,46,59,0,467,0,0,16,0,16,362,46,75,0,483,0,0,0,483
08/04/2021,TPA,FL,ASO,ES,Combined TRACON& Tower with Radar,371,52,38,0,461,1,0,6,0,7,372,52,44,0,468,0,0,0,468
08/05/2021,TPA,FL,ASO,ES,Combined TRACON& Tower with Radar,397,56,71,4,528,1,2,13,0,16,398,58,84,4,544,0,0,0,544
08/06/2021,TPA,FL,ASO,ES,Combined TRACON& Tower with Radar,399,53,67,0,519,0,1,18,2,21,399,54,85,2,540,0,0,0,540
08/07/2021,TPA,FL,ASO,ES,Combined TRACON& Tower with Radar,457,35,34,0,526,1,1,6,0,8,458,36,40,0,534,0,0,0,534
08/08/2021,TPA,FL,ASO,ES,Combined TRACON& Tower with Radar,433,49,62,1,545,1,0,9,0,10,434,49,71,1,555,0,0,0,555
08/09/2021,TPA,FL,ASO,ES,Combined TRACON& Tower with Radar,396,48,47,0,491,0,3,10,0,13,396,51,57,0,504,0,0,0,504
08/10/2021,TPA,FL,ASO,ES,Combined TRACON& Tower with Radar,385,28,57,5,475,1,2,18,0,21,386,30,75,5,496,0,0,0,496
08/11/2021,TPA,FL,ASO,ES,Combined TRACON& Tower with Radar,380,33,35,0,448,0,3,8,0,11,380,36,43,0,459,0,0,0,459
08/12/2021,TPA,FL,ASO,ES,Combined TRACON& Tower with Radar,411,44,57,0,512,1,1,9,0,11,412,45,66,0,523,0,0,0,523
08/13/2021,TPA,FL,ASO,ES,Combined TRACON& Tower with Radar,424,62,47,0,533,0,5,21,0,26,424,67,68,0,559,0,0,0,559
08/14/2021,TPA,FL,ASO,ES,Combined TRACON& Tower with Radar,478,40,34,0,552,1,3,8,0,12,479,43,42,0,564,0,0,0,564
08/15/2021,TPA,FL,ASO,ES,Combined TRACON& Tower with Radar,418,35,35,0,488,1,0,6,0,7,419,35,41,0,495,0,0,0,495
08/16/2021,TPA,FL,ASO,ES,Combined TRACON& Tower with Radar,401,37,44,0,482,0,0,10,2,12,401,37,54,2,494,0,0,0,494
08/17/2021,TPA,FL,ASO,ES,Combined TRACON& Tower with Radar,365,25,39,0,429,0,4,13,0,17,365,29,52,0,446,0,0,0,446
08/18/2021,TPA,FL,ASO,ES,Combined TRACON& Tower with Radar,365,33,35,2,435,0,2,14,1,17,365,35,49,3,452,0,0,0,452
08/19/2021,TPA,FL,ASO,ES,Combined TRACON& Tower with Radar,406,49,51,0,506,1,2,24,4,31,407,51,75,4,537,0,0,0,537
08/20/2021,TPA,FL,ASO,ES,Combined TRACON& Tower with Radar,411,55,58,1,525,0,2,21,0,23,411,57,79,1,548,0,0,0,548
08/21/2021,TPA,FL,ASO,ES,Combined TRACON& Tower with Radar,457,36,35,0,528,1,5,20,0,26,458,41,55,0,554,0,0,0,554
08/22/2021,TPA,FL,ASO,ES,Combined TRACON& Tower with Radar,395,42,46,1,484,1,0,14,0,15,396,42,60,1,499,0,0,0,499
08/23/2021,TPA,FL,ASO,ES,Combined TRACON& Tower with Radar,390,41,50,0,481,0,4,13,0,17,390,45,63,0,498,0,0,0,498
08/24/2021,TPA,FL,ASO,ES,Combined TRACON& Tower with Radar,386,27,58,1,472,1,2,18,0,21,387,29,76,1,493,0,0,0,493
08/25/2021,TPA,FL,ASO,ES,Combined TRACON& Tower with Radar,374,38,49,0,461,0,5,18,0,23,374,43,67,0,484,0,0,0,484
08/26/2021,TPA,FL,ASO,ES,Combined TRACON& Tower with Radar,413,53,62,1,529,0,2,9,0,11,413,55,71,1,540,0,0,0,540
08/27/2021,TPA,FL,ASO,ES,Combined TRACON& Tower with Radar,411,51,47,2,511,0,0,24,0,24,411,51,71,2,535,0,0,0,535
08/28/2021,TPA,FL,ASO,ES,Combined TRACON& Tower with Radar,474,27,29,27,557,0,1,13,0,14,474,28,42,27,571,0,0,0,571
08/29/2021,TPA,FL,ASO,ES,Combined TRACON& Tower with Radar,416,44,42,0,502,0,0,22,0,22,416,44,64,0,524,0,0,0,524
08/30/2021,TPA,FL,ASO,ES,Combined TRACON& Tower with Radar,385,29,47,2,463,0,2,19,1,22,385,31,66,3,485,0,0,0,485
08/31/2021,TPA,FL,ASO,ES,Combined TRACON& Tower with Radar,368,38,59,2,467,0,4,15,0,19,368,42,74,2,486,0,0,0,486
09/01/2021,TPA,FL,ASO,ES,Combined TRACON& Tower with Radar,367,47,40,2,456,1,2,3,1,7,368,49,43,3,463,0,0,0,463
09/02/2021,TPA,FL,ASO,ES,Combined TRACON& Tower with Radar,400,55,75,25,555,0,1,13,0,14,400,56,88,25,569,0,0,0,569
09/03/2021,TPA,FL,ASO,ES,Combined TRACON& Tower with Radar,402,51,51,2,506,0,2,20,0,22,402,53,71,2,528,0,0,0,528
09/04/2021,TPA,FL,ASO,ES,Combined TRACON& Tower with Radar,456,35,26,1,518,1,0,10,0,11,457,35,36,1,529,0,0,0,529
09/05/2021,TPA,FL,ASO,ES,Combined TRACON& Tower with Radar,391,30,34,0,455,0,2,13,0,15,391,32,47,0,470,0,0,0,470
09/06/2021,TPA,FL,ASO,ES,Combined TRACON& Tower with Radar,374,45,61,0,480,0,0,14,0,14,374,45,75,0,494,0,0,0,494
09/07/2021,TPA,FL,ASO,ES,Combined TRACON& Tower with Radar,349,36,45,3,433,0,2,19,0,21,349,38,64,3,454,0,0,0,454
09/08/2021,TPA,FL,ASO,ES,Combined TRACON& Tower with Radar,366,35,69,2,472,0,2,28,0,30,366,37,97,2,502,0,0,0,502
09/09/2021,TPA,FL,ASO,ES,Combined TRACON& Tower with Radar,381,88,123,4,596,0,6,18,0,24,381,94,141,4,620,0,0,0,620
09/10/2021,TPA,FL,ASO,ES,Combined TRACON& Tower with Radar,402,77,102,2,583,1,4,17,1,23,403,81,119,3,606,0,0,0,606
09/11/2021,TPA,FL,ASO,ES,Combined TRACON& Tower with Radar,385,38,38,2,463,0,2,16,2,20,385,40,54,4,483,0,0,0,483
09/12/2021,TPA,FL,ASO,ES,Combined TRACON& Tower with Radar,397,55,53,0,505,1,0,12,0,13,398,55,65,0,518,0,0,0,518
09/13/2021,TPA,FL,ASO,ES,Combined TRACON& Tower with Radar,388,49,49,2,488,0,2,22,0,24,388,51,71,2,512,0,0,0,512
09/14/2021,TPA,FL,ASO,ES,Combined TRACON& Tower with Radar,343,50,53,0,446,0,3,16,0,19,343,53,69,0,465,0,0,0,465
09/15/2021,TPA,FL,ASO,ES,Combined TRACON& Tower with Radar,344,43,53,0,440,0,2,14,1,17,344,45,67,1,457,0,0,0,457
09/16/2021,TPA,FL,ASO,ES,Combined TRACON& Tower with Radar,385,52,43,1,481,0,5,23,0,28,385,57,66,1,509,0,0,0,509
09/17/2021,TPA,FL,ASO,ES,Combined TRACON& Tower with Radar,397,54,68,2,521,1,3,7,0,11,398,57,75,2,532,0,0,0,532
09/18/2021,TPA,FL,ASO,ES,Combined TRACON& Tower with Radar,382,41,45,1,469,1,1,10,0,12,383,42,55,1,481,0,0,0,481
09/19/2021,TPA,FL,ASO,ES,Combined TRACON& Tower with Radar,402,69,77,0,548,0,0,10,2,12,402,69,87,2,560,0,0,0,560
09/20/2021,TPA,FL,ASO,ES,Combined TRACON& Tower with Radar,377,41,49,2,469,0,0,23,0,23,377,41,72,2,492,0,0,0,492
09/21/2021,TPA,FL,ASO,ES,Combined TRACON& Tower with Radar,354,37,50,0,441,1,4,20,0,25,355,41,70,0,466,0,0,0,466
09/22/2021,TPA,FL,ASO,ES,Combined TRACON& Tower with Radar,348,49,63,2,462,0,1,15,0,16,348,50,78,2,478,0,0,0,478
09/23/2021,TPA,FL,ASO,ES,Combined TRACON& Tower with Radar,376,40,53,2,471,0,3,13,1,17,376,43,66,3,488,0,0,0,488
09/24/2021,TPA,FL,ASO,ES,Combined TRACON& Tower with Radar,400,49,59,0,508,0,7,16,0,23,400,56,75,0,531,0,0,0,531
09/25/2021,TPA,FL,ASO,ES,Combined TRACON& Tower with Radar,396,38,36,0,470,0,2,23,0,25,396,40,59,0,495,0,0,0,495
09/26/2021,TPA,FL,ASO,ES,Combined TRACON& Tower with Radar,398,37,56,0,491,1,0,18,0,19,399,37,74,0,510,0,0,0,510
09/27/2021,TPA,FL,ASO,ES,Combined TRACON& Tower with Radar,388,65,54,2,509,0,4,20,0,24,388,69,74,2,533,0,0,0,533
09/28/2021,TPA,FL,ASO,ES,Combined TRACON& Tower with Radar,336,61,72,2,471,1,3,29,2,35,337,64,101,4,506,0,0,0,506
09/29/2021,TPA,FL,ASO,ES,Combined TRACON& Tower with Radar,345,36,69,0,450,0,5,23,0,28,345,41,92,0,478,0,0,0,478
09/30/2021,TPA,FL,ASO,ES,Combined TRACON& Tower with Radar,394,48,68,0,510,0,1,16,0,17,394,49,84,0,527,0,0,0,527
10/01/2021,TPA,FL,ASO,ES,Combined TRACON& Tower with Radar,397,57,55,0,509,0,5,29,2,36,397,62,84,2,545,0,0,0,545
10/02/2021,TPA,FL,ASO,ES,Combined TRACON& Tower with Radar,379,42,34,0,455,1,3,11,0,15,380,45,45,0,470,0,0,0,470
10/03/2021,TPA,FL,ASO,ES,Combined TRACON& Tower with Radar,401,40,57,0,498,0,3,15,0,18,401,43,72,0,516,0,0,0,516
10/04/2021,TPA,FL,ASO,ES,Combined TRACON& Tower with Radar,389,51,76,0,516,0,0,19,0,19,389,51,95,0,535,0,0,0,535
10/05/2021,TPA,FL,ASO,ES,Combined TRACON& Tower with Radar,357,49,70,2,478,1,2,19,0,22,358,51,89,2,500,0,0,0,500
10/06/2021,TPA,FL,ASO,ES,Combined TRACON& Tower with Radar,357,52,81,0,490,0,8,19,0,27,357,60,100,0,517,0,0,0,517
10/07/2021,TPA,FL,ASO,ES,Combined TRACON& Tower with Radar,411,53,73,0,537,0,1,22,1,24,411,54,95,1,561,0,0,0,561
10/08/2021,TPA,FL,ASO,ES,Combined TRACON& Tower with Radar,367,54,73,1,495,0,4,19,3,26,367,58,92,4,521,0,0,0,521
10/09/2021,TPA,FL,ASO,ES,Combined TRACON& Tower with Radar,379,53,59,0,491,0,2,14,2,18,379,55,73,2,509,0,0,0,509
10/10/2021,TPA,FL,ASO,ES,Combined TRACON& Tower with Radar,384,78,91,0,553,0,0,22,2,24,384,78,113,2,577,0,0,0,577
10/11/2021,TPA,FL,ASO,ES,Combined TRACON& Tower with Radar,396,57,80,0,533,0,2,19,0,21,396,59,99,0,554,0,0,0,554
10/12/2021,TPA,FL,ASO,ES,Combined TRACON& Tower with Radar,376,57,64,0,497,0,6,22,0,28,376,63,86,0,525,0,0,0,525
10/13/2021,TPA,FL,ASO,ES,Combined TRACON& Tower with Radar,374,52,75,0,501,0,1,24,0,25,374,53,99,0,526,0,0,0,526
10/14/2021,TPA,FL,ASO,ES,Combined TRACON& Tower with Radar,418,67,71,0,556,0,1,19,0,20,418,68,90,0,576,0,0,0,576
10/15/2021,TPA,FL,ASO,ES,Combined TRACON& Tower with Radar,428,70,52,12,562,0,3,30,1,34,428,73,82,13,596,0,0,0,596
10/16/2021,TPA,FL,ASO,ES,Combined TRACON& Tower with Radar,427,32,45,0,504,1,1,18,0,20,428,33,63,0,524,0,0,0,524
10/17/2021,TPA,FL,ASO,ES,Combined TRACON& Tower with Radar,433,52,73,4,562,0,0,22,1,23,433,52,95,5,585,0,0,0,585
10/18/2021,TPA,FL,ASO,ES,Combined TRACON& Tower with Radar,422,64,53,0,539,0,0,22,0,22,422,64,75,0,561,0,0,0,561
10/19/2021,TPA,FL,ASO,ES,Combined TRACON& Tower with Radar,374,56,56,2,488,1,4,12,0,17,375,60,68,2,505,0,0,0,505
10/20/2021,TPA,FL,ASO,ES,Combined TRACON& Tower with Radar,380,51,78,2,511,0,0,29,2,31,380,51,107,4,542,0,0,0,542
10/21/2021,TPA,FL,ASO,ES,Combined TRACON& Tower with Radar,427,79,57,5,568,0,0,11,0,11,427,79,68,5,579,0,0,0,579
10/22/2021,TPA,FL,ASO,ES,Combined TRACON& Tower with Radar,431,76,73,7,587,0,0,15,0,15,431,76,88,7,602,0,0,0,602
10/23/2021,TPA,FL,ASO,ES,Combined TRACON& Tower with Radar,432,45,40,0,517,0,3,12,0,15,432,48,52,0,532,0,0,0,532
10/24/2021,TPA,FL,ASO,ES,Combined TRACON& Tower with Radar,433,84,90,3,610,0,0,15,2,17,433,84,105,5,627,0,0,0,627
10/25/2021,TPA,FL,ASO,ES,Combined TRACON& Tower with Radar,410,80,69,1,560,0,0,12,0,12,410,80,81,1,572,0,0,0,572
10/26/2021,TPA,FL,ASO,ES,Combined TRACON& Tower with Radar,390,37,61,0,488,0,7,18,0,25,390,44,79,0,513,0,0,0,513
10/27/2021,TPA,FL,ASO,ES,Combined TRACON& Tower with Radar,376,58,58,2,494,0,2,25,2,29,376,60,83,4,523,0,0,0,523
10/28/2021,TPA,FL,ASO,ES,Combined TRACON& Tower with Radar,419,63,66,1,549,0,1,18,0,19,419,64,84,1,568,0,0,0,568
10/29/2021,TPA,FL,ASO,ES,Combined TRACON& Tower with Radar,432,79,85,4,600,1,1,20,0,22,433,80,105,4,622,0,0,0,622
10/30/2021,TPA,FL,ASO,ES,Combined TRACON& Tower with Radar,413,60,41,2,516,0,0,20,0,20,413,60,61,2,536,0,0,0,536
10/31/2021,TPA,FL,ASO,ES,Combined TRACON& Tower with Radar,384,62,54,1,501,0,0,15,0,15,384,62,69,1,516,0,0,0,516
11/01/2021,TPA,FL,ASO,ES,Combined TRACON& Tower with Radar,421,58,62,3,544,0,2,18,1,21,421,60,80,4,565,0,0,0,565
11/02/2021,TPA,FL,ASO,ES,Combined TRACON& Tower with Radar,407,38,52,0,497,0,3,40,0,43,407,41,92,0,540,0,0,0,540
11/03/2021,TPA,FL,ASO,ES,Combined TRACON& Tower with Radar,410,42,74,0,526,1,1,30,0,32,411,43,104,0,558,0,0,0,558
11/04/2021,TPA,FL,ASO,ES,Combined TRACON& Tower with Radar,471,62,80,4,617,0,0,21,0,21,471,62,101,4,638,0,0,0,638
11/05/2021,TPA,FL,ASO,ES,Combined TRACON& Tower with Radar,501,68,62,0,631,1,0,2,0,3,502,68,64,0,634,0,0,0,634
11/06/2021,TPA,FL,ASO,ES,Combined TRACON& Tower with Radar,491,59,36,4,590,2,0,3,0,5,493,59,39,4,595,0,0,0,595
11/07/2021,TPA,FL,ASO,ES,Combined TRACON& Tower with Radar,475,61,61,4,601,1,2,25,1,29,476,63,86,5,630,0,0,0,630
11/08/2021,TPA,FL,ASO,ES,Combined TRACON& Tower with Radar,515,74,83,2,674,0,3,31,1,35,515,77,114,3,709,0,0,0,709
11/09/2021,TPA,FL,ASO,ES,Combined TRACON& Tower with Radar,415,52,75,4,546,1,2,13,0,16,416,54,88,4,562,0,0,0,562
11/10/2021,TPA,FL,ASO,ES,Combined TRACON& Tower with Radar,394,48,64,0,506,1,4,17,0,22,395,52,81,0,528,0,0,0,528
11/11/2021,TPA,FL,ASO,ES,Combined TRACON& Tower with Radar,474,61,78,0,613,0,1,24,0,25,474,62,102,0,638,0,0,0,638
11/12/2021,TPA,FL,ASO,ES,Combined TRACON& Tower with Radar,486,58,61,4,609,0,1,18,0,19,486,59,79,4,628,0,0,0,628
11/13/2021,TPA,FL,ASO,ES,Combined TRACON& Tower with Radar,438,55,54,4,551,1,2,11,0,14,439,57,65,4,565,0,0,0,565
11/14/2021,TPA,FL,ASO,ES,Combined TRACON& Tower with Radar,483,47,66,2,598,0,0,9,0,9,483,47,75,2,607,0,0,0,607
11/15/2021,TPA,FL,ASO,ES,Combined TRACON& Tower with Radar,501,54,56,0,611,0,5,17,0,22,501,59,73,0,633,0,0,0,633
11/16/2021,TPA,FL,ASO,ES,Combined TRACON& Tower with Radar,406,38,85,0,529,0,1,16,0,17,406,39,101,0,546,0,0,0,546
11/17/2021,TPA,FL,ASO,ES,Combined TRACON& Tower with Radar,450,56,82,2,590,1,3,17,0,21,451,59,99,2,611,0,0,0,611
11/18/2021,TPA,FL,ASO,ES,Combined TRACON& Tower with Radar,504,56,91,3,654,0,1,18,0,19,504,57,109,3,673,0,0,0,673
11/19/2021,TPA,FL,ASO,ES,Combined TRACON& Tower with Radar,529,63,84,6,682,0,2,18,0,20,529,65,102,6,702,0,0,0,702
11/20/2021,TPA,FL,ASO,ES,Combined TRACON& Tower with Radar,575,68,52,6,701,0,1,10,0,11,575,69,62,6,712,0,0,0,712
11/21/2021,TPA,FL,ASO,ES,Combined TRACON& Tower with Radar,526,40,58,4,628,1,2,12,0,15,527,42,70,4,643,0,0,0,643
11/22/2021,TPA,FL,ASO,ES,Combined TRACON& Tower with Radar,524,88,78,0,690,0,0,27,0,27,524,88,105,0,717,0,0,0,717
11/23/2021,TPA,FL,ASO,ES,Combined TRACON& Tower with Radar,563,86,85,0,734,1,1,36,1,39,564,87,121,1,773,0,0,0,773
11/24/2021,TPA,FL,ASO,ES,Combined TRACON& Tower with Radar,567,54,64,0,685,0,1,25,0,26,567,55,89,0,711,0,0,0,711
11/25/2021,TPA,FL,ASO,ES,Combined TRACON& Tower with Radar,349,34,18,0,401,0,1,11,1,13,349,35,29,1,414,0,0,0,414
11/26/2021,TPA,FL,ASO,ES,Combined TRACON& Tower with Radar,410,42,52,0,504,0,1,18,0,19,410,43,70,0,523,0,0,0,523
11/27/2021,TPA,FL,ASO,ES,Combined TRACON& Tower with Radar,584,73,53,0,710,0,0,16,0,16,584,73,69,0,726,0,0,0,726
11/28/2021,TPA,FL,ASO,ES,Combined TRACON& Tower with Radar,561,69,90,1,721,1,0,21,0,22,562,69,111,1,743,0,0,0,743
11/29/2021,TPA,FL,ASO,ES,Combined TRACON& Tower with Radar,563,67,43,3,676,0,2,27,0,29,563,69,70,3,705,0,0,0,705
11/30/2021,TPA,FL,ASO,ES,Combined TRACON& Tower with Radar,492,60,53,1,606,1,0,22,0,23,493,60,75,1,629,0,0,0,629
12/01/2021,TPA,FL,ASO,ES,Combined TRACON& Tower with Radar,456,59,62,4,581,0,2,27,0,29,456,61,89,4,610,0,0,0,610
12/02/2021,TPA,FL,ASO,ES,Combined TRACON& Tower with Radar,502,57,78,4,641,1,3,25,0,29,503,60,103,4,670,0,0,0,670
12/03/2021,TPA,FL,ASO,ES,Combined TRACON& Tower with Radar,506,45,82,4,637,0,0,17,0,17,506,45,99,4,654,0,0,0,654
12/04/2021,TPA,FL,ASO,ES,Combined TRACON& Tower with Radar,470,39,43,2,554,1,2,22,0,25,471,41,65,2,579,0,0,0,579
12/05/2021,TPA,FL,ASO,ES,Combined TRACON& Tower with Radar,511,53,54,0,618,0,0,22,0,22,511,53,76,0,640,0,0,0,640
12/06/2021,TPA,FL,ASO,ES,Combined TRACON& Tower with Radar,504,42,71,2,619,0,0,21,0,21,504,42,92,2,640,0,0,0,640
12/07/2021,TPA,FL,ASO,ES,Combined TRACON& Tower with Radar,425,45,72,8,550,0,0,16,0,16,425,45,88,8,566,0,0,0,566
12/08/2021,TPA,FL,ASO,ES,Combined TRACON& Tower with Radar,422,63,74,0,559,0,1,25,2,28,422,64,99,2,587,0,0,0,587
12/09/2021,TPA,FL,ASO,ES,Combined TRACON& Tower with Radar,497,65,89,2,653,1,0,18,0,19,498,65,107,2,672,0,0,0,672
12/10/2021,TPA,FL,ASO,ES,Combined TRACON& Tower with Radar,494,72,84,0,650,0,0,25,0,25,494,72,109,0,675,0,0,0,675
12/11/2021,TPA,FL,ASO,ES,Combined TRACON& Tower with Radar,469,54,33,1,557,0,2,14,0,16,469,56,47,1,573,0,0,0,573
12/12/2021,TPA,FL,ASO,ES,Combined TRACON& Tower with Radar,512,95,99,0,706,1,3,11,2,17,513,98,110,2,723,0,0,0,723
12/13/2021,TPA,FL,ASO,ES,Combined TRACON& Tower with Radar,491,62,77,5,635,0,0,17,0,17,491,62,94,5,652,0,0,0,652
12/14/2021,TPA,FL,ASO,ES,Combined TRACON& Tower with Radar,421,52,74,2,549,1,0,16,0,17,422,52,90,2,566,0,0,0,566
12/15/2021,TPA,FL,ASO,ES,Combined TRACON& Tower with Radar,434,68,52,2,556,0,0,21,1,22,434,68,73,3,578,0,0,0,578
12/16/2021,TPA,FL,ASO,ES,Combined TRACON& Tower with Radar,525,57,90,0,672,0,2,22,1,25,525,59,112,1,697,0,0,0,697
12/17/2021,TPA,FL,ASO,ES,Combined TRACON& Tower with Radar,531,74,77,4,686,0,2,16,1,19,531,76,93,5,705,0,0,0,705
12/18/2021,TPA,FL,ASO,ES,Combined TRACON& Tower with Radar,545,45,58,0,648,1,2,22,0,25,546,47,80,0,673,0,0,0,673
12/19/2021,TPA,FL,ASO,ES,Combined TRACON& Tower with Radar,528,54,83,1,666,0,1,23,0,24,528,55,106,1,690,0,0,0,690
12/20/2021,TPA,FL,ASO,ES,Combined TRACON& Tower with Radar,524,72,67,1,664,0,0,12,0,12,524,72,79,1,676,0,0,0,676
12/21/2021,TPA,FL,ASO,ES,Combined TRACON& Tower with Radar,553,56,61,0,670,1,0,1,0,2,554,56,62,0,672,0,0,0,672
12/22/2021,TPA,FL,ASO,ES,Combined TRACON& Tower with Radar,578,45,50,0,673,0,3,16,0,19,578,48,66,0,692,0,0,0,692
12/23/2021,TPA,FL,ASO,ES,Combined TRACON& Tower with Radar,579,66,72,0,717,0,4,25,0,29,579,70,97,0,746,0,0,0,746
12/24/2021,TPA,FL,ASO,ES,Combined TRACON& Tower with Radar,451,51,29,0,531,0,2,11,0,13,451,53,40,0,544,0,0,0,544
12/25/2021,TPA,FL,ASO,ES,Combined TRACON& Tower with Radar,424,19,19,0,462,0,0,4,0,4,424,19,23,0,466,0,0,0,466
12/26/2021,TPA,FL,ASO,ES,Combined TRACON& Tower with Radar,510,46,47,0,603,2,1,21,0,24,512,47,68,0,627,0,0,0,627
12/27/2021,TPA,FL,ASO,ES,Combined TRACON& Tower with Radar,526,48,57,0,631,0,0,15,2,17,526,48,72,2,648,0,0,0,648
12/28/2021,TPA,FL,ASO,ES,Combined TRACON& Tower with Radar,559,51,51,0,661,0,3,19,0,22,559,54,70,0,683,0,0,0,683
12/29/2021,TPA,FL,ASO,ES,Combined TRACON& Tower with Radar,564,42,70,0,676,0,1,20,2,23,564,43,90,2,699,0,0,0,699
12/30/2021,TPA,FL,ASO,ES,Combined TRACON& Tower with Radar,562,58,78,0,698,1,0,4,0,5,563,58,82,0,703,0,0,0,703
12/31/2021,TPA,FL,ASO,ES,Combined TRACON& Tower with Radar,452,55,48,0,555,0,0,5,0,5,452,55,53,0,560,0,0,0,560
01/01/2022,TPA,FL,ASO,ES,Combined TRACON& Tower with Radar,462,46,80,0,588,0,1,8,0,9,462,47,88,0,597,0,0,0,597
01/02/2022,TPA,FL,ASO,ES,Combined TRACON& Tower with Radar,493,69,77,0,639,1,0,13,0,14,494,69,90,0,653,0,0,0,653
01/03/2022,TPA,FL,ASO,ES,Combined TRACON& Tower with Radar,526,42,52,0,620,0,0,20,0,20,526,42,72,0,640,0,0,0,640
01/04/2022,TPA,FL,ASO,ES,Combined TRACON& Tower with Radar,506,38,39,0,583,2,1,16,0,19,508,39,55,0,602,0,0,0,602
01/05/2022,TPA,FL,ASO,ES,Combined TRACON& Tower with Radar,432,54,50,3,539,1,6,9,0,16,433,60,59,3,555,0,0,0,555
01/06/2022,TPA,FL,ASO,ES,Combined TRACON& Tower with Radar,447,32,38,1,518,0,0,19,0,19,447,32,57,1,537,0,0,0,537
01/07/2022,TPA,FL,ASO,ES,Combined TRACON& Tower with Radar,454,33,42,4,533,1,2,15,3,21,455,35,57,7,554,0,0,0,554
01/08/2022,TPA,FL,ASO,ES,Combined TRACON& Tower with Radar,434,35,46,0,515,0,1,17,0,18,434,36,63,0,533,0,0,0,533
01/09/2022,TPA,FL,ASO,ES,Combined TRACON& Tower with Radar,482,56,50,1,589,1,0,21,2,24,483,56,71,3,613,0,0,0,613
01/10/2022,TPA,FL,ASO,ES,Combined TRACON& Tower with Radar,472,41,50,1,564,0,0,10,0,10,472,41,60,1,574,0,0,0,574
01/11/2022,TPA,FL,ASO,ES,Combined TRACON& Tower with Radar,433,44,68,2,547,0,3,21,0,24,433,47,89,2,571,0,0,0,571
01/12/2022,TPA,FL,ASO,ES,Combined TRACON& Tower with Radar,439,68,57,2,566,1,3,19,0,23,440,71,76,2,589,0,0,0,589
01/13/2022,TPA,FL,ASO,ES,Combined TRACON& Tower with Radar,484,53,71,2,610,0,3,18,2,23,484,56,89,4,633,0,0,0,633
01/14/2022,TPA,FL,ASO,ES,Combined TRACON& Tower with Radar,511,80,68,0,659,1,3,28,0,32,512,83,96,0,691,0,0,0,691
01/15/2022,TPA,FL,ASO,ES,Combined TRACON& Tower with Radar,449,55,65,0,569,0,1,16,0,17,449,56,81,0,586,0,0,0,586
01/16/2022,TPA,FL,ASO,ES,Combined TRACON& Tower with Radar,438,77,75,1,591,1,0,10,0,11,439,77,85,1,602,0,0,0,602
01/17/2022,TPA,FL,ASO,ES,Combined TRACON& Tower with Radar,451,70,81,0,602,0,0,25,1,26,451,70,106,1,628,0,0,0,628
01/18/2022,TPA,FL,ASO,ES,Combined TRACON& Tower with Radar,455,40,80,7,582,0,0,27,0,27,455,40,107,7,609,0,0,0,609
01/19/2022,TPA,FL,ASO,ES,Combined TRACON& Tower with Radar,444,56,80,0,580,0,2,15,2,19,444,58,95,2,599,0,0,0,599
01/20/2022,TPA,FL,ASO,ES,Combined TRACON& Tower with Radar,485,52,75,1,613,0,2,17,2,21,485,54,92,3,634,0,0,0,634
01/21/2022,TPA,FL,ASO,ES,Combined TRACON& Tower with Radar,488,53,64,2,607,0,1,22,0,23,488,54,86,2,630,0,0,0,630
01/22/2022,TPA,FL,ASO,ES,Combined TRACON& Tower with Radar,459,53,40,2,554,0,1,15,0,16,459,54,55,2,570,0,0,0,570
01/23/2022,TPA,FL,ASO,ES,Combined TRACON& Tower with Radar,511,124,145,0,780,1,0,17,1,19,512,124,162,1,799,0,0,0,799
01/24/2022,TPA,FL,ASO,ES,Combined TRACON& Tower with Radar,472,51,60,1,584,0,2,20,0,22,472,53,80,1,606,0,0,0,606
01/25/2022,TPA,FL,ASO,ES,Combined TRACON& Tower with Radar,432,41,74,0,547,0,1,8,0,9,432,42,82,0,556,0,0,0,556
01/26/2022,TPA,FL,ASO,ES,Combined TRACON& Tower with Radar,448,65,97,2,612,0,1,1,0,2,448,66,98,2,614,0,0,0,614
01/27/2022,TPA,FL,ASO,ES,Combined TRACON& Tower with Radar,504,68,82,0,654,0,0,8,2,10,504,68,90,2,664,0,0,0,664
01/28/2022,TPA,FL,ASO,ES,Combined TRACON& Tower with Radar,494,64,66,0,624,0,2,16,7,25,494,66,82,7,649,0,0,0,649
01/29/2022,TPA,FL,ASO,ES,Combined TRACON& Tower with Radar,404,48,32,0,484,0,1,16,0,17,404,49,48,0,501,0,0,0,501
01/30/2022,TPA,FL,ASO,ES,Combined TRACON& Tower with Radar,466,43,47,3,559,1,0,17,4,22,467,43,64,7,581,0,0,0,581
01/31/2022,TPA,FL,ASO,ES,Combined TRACON& Tower with Radar,483,37,57,0,577,1,0,7,0,8,484,37,64,0,585,0,0,0,585
02/01/2022,TPA,FL,ASO,ES,Combined TRACON& Tower with Radar,420,48,56,0,524,0,0,23,0,23,420,48,79,0,547,0,0,0,547
02/02/2022,TPA,FL,ASO,ES,Combined TRACON& Tower with Radar,413,45,65,0,523,0,1,17,0,18,413,46,82,0,541,0,0,0,541
02/03/2022,TPA,FL,ASO,ES,Combined TRACON& Tower with Radar,405,37,70,0,512,0,1,21,2,24,405,38,91,2,536,0,0,0,536
02/04/2022,TPA,FL,ASO,ES,Combined TRACON& Tower with Radar,432,47,47,0,526,1,2,7,0,10,433,49,54,0,536,0,0,0,536
02/05/2022,TPA,FL,ASO,ES,Combined TRACON& Tower with Radar,413,44,69,1,527,0,0,8,0,8,413,44,77,1,535,0,0,0,535
02/06/2022,TPA,FL,ASO,ES,Combined TRACON& Tower with Radar,454,55,82,0,591,1,0,0,0,1,455,55,82,0,592,0,0,0,592
02/07/2022,TPA,FL,ASO,ES,Combined TRACON& Tower with Radar,478,57,64,1,600,0,0,4,0,4,478,57,68,1,604,0,0,0,604
02/08/2022,TPA,FL,ASO,ES,Combined TRACON& Tower with Radar,444,63,95,0,602,0,1,2,0,3,444,64,97,0,605,0,0,0,605
02/09/2022,TPA,FL,ASO,ES,Combined TRACON& Tower with Radar,460,57,108,0,625,1,2,20,0,23,461,59,128,0,648,0,0,0,648
02/10/2022,TPA,FL,ASO,ES,Combined TRACON& Tower with Radar,517,73,90,3,683,0,3,16,0,19,517,76,106,3,702,0,0,0,702
02/11/2022,TPA,FL,ASO,ES,Combined TRACON& Tower with Radar,491,52,80,0,623,0,3,18,1,22,491,55,98,1,645,0,0,0,645
02/12/2022,TPA,FL,ASO,ES,Combined TRACON& Tower with Radar,452,29,39,1,521,0,0,13,0,13,452,29,52,1,534,0,0,0,534
02/13/2022,TPA,FL,ASO,ES,Combined TRACON& Tower with Radar,479,50,39,2,570,0,0,4,0,4,479,50,43,2,574,0,0,0,574
02/14/2022,TPA,FL,ASO,ES,Combined TRACON& Tower with Radar,508,44,51,4,607,0,0,16,1,17,508,44,67,5,624,0,0,0,624
02/15/2022,TPA,FL,ASO,ES,Combined TRACON& Tower with Radar,448,65,65,0,578,0,3,21,0,24,448,68,86,0,602,0,0,0,602
02/16/2022,TPA,FL,ASO,ES,Combined TRACON& Tower with Radar,456,55,75,0,586,0,2,9,0,11,456,57,84,0,597,0,0,0,597
02/17/2022,TPA,FL,ASO,ES,Combined TRACON& Tower with Radar,504,59,75,1,639,0,3,18,0,21,504,62,93,1,660,0,0,0,660
02/18/2022,TPA,FL,ASO,ES,Combined TRACON& Tower with Radar,518,63,71,4,656,1,1,18,0,20,519,64,89,4,676,0,0,0,676
02/19/2022,TPA,FL,ASO,ES,Combined TRACON& Tower with Radar,541,43,41,0,625,0,0,25,0,25,541,43,66,0,650,0,0,0,650
02/20/2022,TPA,FL,ASO,ES,Combined TRACON& Tower with Radar,500,42,54,3,599,1,1,7,0,9,501,43,61,3,608,0,0,0,608
02/21/2022,TPA,FL,ASO,ES,Combined TRACON& Tower with Radar,511,42,66,0,619,0,0,21,0,21,511,42,87,0,640,0,0,0,640
02/22/2022,TPA,FL,ASO,ES,Combined TRACON& Tower with Radar,496,57,90,6,649,0,2,25,0,27,496,59,115,6,676,0,0,0,676
02/23/2022,TPA,FL,ASO,ES,Combined TRACON& Tower with Radar,476,66,100,0,642,1,1,11,0,13,477,67,111,0,655,0,0,0,655
02/24/2022,TPA,FL,ASO,ES,Combined TRACON& Tower with Radar,498,70,82,2,652,0,1,25,0,26,498,71,107,2,678,0,0,0,678
02/25/2022,TPA,FL,ASO,ES,Combined TRACON& Tower with Radar,504,72,82,3,661,0,3,42,0,45,504,75,124,3,706,0,0,0,706
02/26/2022,TPA,FL,ASO,ES,Combined TRACON& Tower with Radar,510,47,56,2,615,0,2,24,0,26,510,49,80,2,641,0,0,0,641
02/27/2022,TPA,FL,ASO,ES,Combined TRACON& Tower with Radar,513,50,103,1,667,0,0,27,0,27,513,50,130,1,694,0,0,0,694
02/28/2022,TPA,FL,ASO,ES,Combined TRACON& Tower with Radar,527,40,75,2,644,0,0,19,0,19,527,40,94,2,663,0,0,0,663
03/01/2022,TPA,FL,ASO,ES,Combined TRACON& Tower with Radar,483,51,64,4,602,0,0,18,0,18,483,51,82,4,620,0,0,0,620
03/02/2022,TPA,FL,ASO,ES,Combined TRACON& Tower with Radar,482,34,81,2,599,0,2,19,0,21,482,36,100,2,620,0,0,0,620
03/03/2022,TPA,FL,ASO,ES,Combined TRACON& Tower with Radar,525,59,72,0,656,0,3,22,0,25,525,62,94,0,681,0,0,0,681
03/04/2022,TPA,FL,ASO,ES,Combined TRACON& Tower with Radar,531,58,83,0,672,0,1,16,1,18,531,59,99,1,690,0,0,0,690
03/05/2022,TPA,FL,ASO,ES,Combined TRACON& Tower with Radar,498,35,35,0,568,1,0,13,0,14,499,35,48,0,582,0,0,0,582
03/06/2022,TPA,FL,ASO,ES,Combined TRACON& Tower with Radar,504,53,70,0,627,1,0,11,0,12,505,53,81,0,639,0,0,0,639
03/07/2022,TPA,FL,ASO,ES,Combined TRACON& Tower with Radar,532,59,44,0,635,0,0,30,0,30,532,59,74,0,665,0,0,0,665
03/08/2022,TPA,FL,ASO,ES,Combined TRACON& Tower with Radar,479,62,71,0,612,0,0,21,0,21,479,62,92,0,633,0,0,0,633
03/09/2022,TPA,FL,ASO,ES,Combined TRACON& Tower with Radar,488,68,102,2,660,0,1,18,0,19,488,69,120,2,679,0,0,0,679
03/10/2022,TPA,FL,ASO,ES,Combined TRACON& Tower with Radar,542,82,72,0,696,0,2,14,0,16,542,84,86,0,712,0,0,0,712
03/11/2022,TPA,FL,ASO,ES,Combined TRACON& Tower with Radar,527,75,102,1,705,1,3,16,0,20,528,78,118,1,725,0,0,0,725
03/12/2022,TPA,FL,ASO,ES,Combined TRACON& Tower with Radar,550,61,68,0,679,0,1,7,0,8,550,62,75,0,687,0,0,0,687
03/13/2022,TPA,FL,ASO,ES,Combined TRACON& Tower with Radar,529,65,119,1,714,0,0,30,0,30,529,65,149,1,744,0,0,0,744
03/14/2022,TPA,FL,ASO,ES,Combined TRACON& Tower with Radar,559,46,64,0,669,0,1,25,2,28,559,47,89,2,697,0,0,0,697
03/15/2022,TPA,FL,ASO,ES,Combined TRACON& Tower with Radar,504,30,63,2,599,0,2,6,0,8,504,32,69,2,607,0,0,0,607
03/16/2022,TPA,FL,ASO,ES,Combined TRACON& Tower with Radar,526,41,75,0,642,0,3,11,2,16,526,44,86,2,658,0,0,0,658
03/17/2022,TPA,FL,ASO,ES,Combined TRACON& Tower with Radar,542,46,99,2,689,0,7,18,0,25,542,53,117,2,714,0,0,0,714
03/18/2022,TPA,FL,ASO,ES,Combined TRACON& Tower with Radar,556,53,69,12,690,0,1,13,0,14,556,54,82,12,704,0,0,0,704
03/19/2022,TPA,FL,ASO,ES,Combined TRACON& Tower with Radar,561,47,52,11,671,0,3,24,0,27,561,50,76,11,698,0,0,0,698
03/20/2022,TPA,FL,ASO,ES,Combined TRACON& Tower with Radar,575,47,92,0,714,1,2,16,0,19,576,49,108,0,733,0,0,0,733
03/21/2022,TPA,FL,ASO,ES,Combined TRACON& Tower with Radar,530,46,53,0,629,0,0,19,0,19,530,46,72,0,648,0,0,0,648
03/22/2022,TPA,FL,ASO,ES,Combined TRACON& Tower with Radar,509,36,58,0,603,0,1,16,0,17,509,37,74,0,620,0,0,0,620
03/23/2022,TPA,FL,ASO,ES,Combined TRACON& Tower with Radar,513,50,66,0,629,1,1,24,0,26,514,51,90,0,655,0,0,0,655
03/24/2022,TPA,FL,ASO,ES,Combined TRACON& Tower with Radar,548,42,47,2,639,0,1,5,0,6,548,43,52,2,645,0,0,0,645
03/25/2022,TPA,FL,ASO,ES,Combined TRACON& Tower with Radar,593,59,55,1,708,0,3,19,0,22,593,62,74,1,730,0,0,0,730
03/26/2022,TPA,FL,ASO,ES,Combined TRACON& Tower with Radar,584,43,39,3,669,0,2,22,0,24,584,45,61,3,693,0,0,0,693
03/27/2022,TPA,FL,ASO,ES,Combined TRACON& Tower with Radar,557,60,71,1,689,0,0,19,0,19,557,60,90,1,708,0,0,0,708
03/28/2022,TPA,FL,ASO,ES,Combined TRACON& Tower with Radar,540,48,57,1,646,0,0,14,0,14,540,48,71,1,660,0,0,0,660
03/29/2022,TPA,FL,ASO,ES,Combined TRACON& Tower with Radar,520,43,79,1,643,0,0,22,0,22,520,43,101,1,665,0,0,0,665
03/30/2022,TPA,FL,ASO,ES,Combined TRACON& Tower with Radar,509,67,70,0,646,1,0,16,0,17,510,67,86,0,663,0,0,0,663
03/31/2022,TPA,FL,ASO,ES,Combined TRACON& Tower with Radar,499,74,57,1,631,0,2,18,0,20,499,76,75,1,651,0,0,0,651
04/01/2022,TPA,FL,ASO,ES,Combined TRACON& Tower with Radar,525,56,70,4,655,0,1,14,0,15,525,57,84,4,670,0,0,0,670
04/02/2022,TPA,FL,ASO,ES,Combined TRACON& Tower with Radar,365,45,46,2,458,0,1,5,0,6,365,46,51,2,464,0,0,0,464
04/03/2022,TPA,FL,ASO,ES,Combined TRACON& Tower with Radar,466,59,77,1,603,0,0,24,0,24,466,59,101,1,627,0,0,0,627
04/04/2022,TPA,FL,ASO,ES,Combined TRACON& Tower with Radar,475,51,61,0,587,1,0,21,0,22,476,51,82,0,609,0,0,0,609
04/05/2022,TPA,FL,ASO,ES,Combined TRACON& Tower with Radar,474,44,89,11,618,0,2,15,0,17,474,46,104,11,635,0,0,0,635
04/06/2022,TPA,FL,ASO,ES,Combined TRACON& Tower with Radar,463,50,86,9,608,0,2,21,2,25,463,52,107,11,633,0,0,0,633
04/07/2022,TPA,FL,ASO,ES,Combined TRACON& Tower with Radar,470,66,110,0,646,0,0,13,0,13,470,66,123,0,659,0,0,0,659
04/08/2022,TPA,FL,ASO,ES,Combined TRACON& Tower with Radar,537,65,96,0,698,1,4,32,1,38,538,69,128,1,736,0,0,0,736
04/09/2022,TPA,FL,ASO,ES,Combined TRACON& Tower with Radar,508,51,67,0,626,0,2,27,0,29,508,53,94,0,655,0,0,0,655
04/10/2022,TPA,FL,ASO,ES,Combined TRACON& Tower with Radar,490,53,83,2,628,3,1,32,0,36,493,54,115,2,664,0,0,0,664
04/11/2022,TPA,FL,ASO,ES,Combined TRACON& Tower with Radar,502,48,78,1,629,1,0,12,0,13,503,48,90,1,642,0,0,0,642
04/12/2022,TPA,FL,ASO,ES,Combined TRACON& Tower with Radar,490,38,67,5,600,0,0,28,0,28,490,38,95,5,628,0,0,0,628
04/13/2022,TPA,FL,ASO,ES,Combined TRACON& Tower with Radar,478,51,73,1,603,0,2,19,2,23,478,53,92,3,626,0,0,0,626
04/14/2022,TPA,FL,ASO,ES,Combined TRACON& Tower with Radar,520,61,71,4,656,0,1,20,0,21,520,62,91,4,677,0,0,0,677
04/15/2022,TPA,FL,ASO,ES,Combined TRACON& Tower with Radar,568,72,60,2,702,0,3,25,1,29,568,75,85,3,731,0,0,0,731
04/16/2022,TPA,FL,ASO,ES,Combined TRACON& Tower with Radar,534,42,37,2,615,0,1,12,0,13,534,43,49,2,628,0,0,0,628
04/17/2022,TPA,FL,ASO,ES,Combined TRACON& Tower with Radar,518,38,44,0,600,0,1,14,0,15,518,39,58,0,615,0,0,0,615
04/18/2022,TPA,FL,ASO,ES,Combined TRACON& Tower with Radar,495,59,63,2,619,1,0,22,1,24,496,59,85,3,643,0,0,0,643
04/19/2022,TPA,FL,ASO,ES,Combined TRACON& Tower with Radar,501,43,92,0,636,0,0,18,1,19,501,43,110,1,655,0,0,0,655
04/20/2022,TPA,FL,ASO,ES,Combined TRACON& Tower with Radar,480,61,69,0,610,0,2,20,0,22,480,63,89,0,632,0,0,0,632
04/21/2022,TPA,FL,ASO,ES,Combined TRACON& Tower with Radar,508,71,70,0,649,0,1,17,0,18,508,72,87,0,667,0,0,0,667
04/22/2022,TPA,FL,ASO,ES,Combined TRACON& Tower with Radar,530,75,81,2,688,0,2,37,0,39,530,77,118,2,727,0,0,0,727
04/23/2022,TPA,FL,ASO,ES,Combined TRACON& Tower with Radar,498,50,46,0,594,0,5,15,0,20,498,55,61,0,614,0,0,0,614
04/24/2022,TPA,FL,ASO,ES,Combined TRACON& Tower with Radar,486,69,83,1,639,1,0,31,0,32,487,69,114,1,671,0,0,0,671
04/25/2022,TPA,FL,ASO,ES,Combined TRACON& Tower with Radar,489,74,60,7,630,0,0,24,0,24,489,74,84,7,654,0,0,0,654
04/26/2022,TPA,FL,ASO,ES,Combined TRACON& Tower with Radar,463,39,71,1,574,0,0,27,1,28,463,39,98,2,602,0,0,0,602
04/27/2022,TPA,FL,ASO,ES,Combined TRACON& Tower with Radar,471,55,80,2,608,1,2,20,0,23,472,57,100,2,631,0,0,0,631
04/28/2022,TPA,FL,ASO,ES,Combined TRACON& Tower with Radar,488,58,66,0,612,0,2,15,0,17,488,60,81,0,629,0,0,0,629
04/29/2022,TPA,FL,ASO,ES,Combined TRACON& Tower with Radar,514,58,78,1,651,0,2,16,3,21,514,60,94,4,672,0,0,0,672
04/30/2022,TPA,FL,ASO,ES,Combined TRACON& Tower with Radar,473,44,25,0,542,0,0,10,0,10,473,44,35,0,552,0,0,0,552
05/01/2022,TPA,FL,ASO,ES,Combined TRACON& Tower with Radar,467,51,63,1,582,1,1,15,2,19,468,52,78,3,601,0,0,0,601
05/02/2022,TPA,FL,ASO,ES,Combined TRACON& Tower with Radar,474,60,64,0,598,0,1,24,0,25,474,61,88,0,623,0,0,0,623
05/03/2022,TPA,FL,ASO,ES,Combined TRACON& Tower with Radar,468,50,61,0,579,0,2,24,0,26,468,52,85,0,605,0,0,0,605
05/04/2022,TPA,FL,ASO,ES,Combined TRACON& Tower with Radar,460,46,78,4,588,1,2,22,0,25,461,48,100,4,613,0,0,0,613
05/05/2022,TPA,FL,ASO,ES,Combined TRACON& Tower with Radar,469,55,76,0,600,0,5,33,0,38,469,60,109,0,638,0,0,0,638
05/06/2022,TPA,FL,ASO,ES,Combined TRACON& Tower with Radar,474,64,70,2,610,0,11,19,0,30,474,75,89,2,640,0,0,0,640
05/07/2022,TPA,FL,ASO,ES,Combined TRACON& Tower with Radar,481,32,38,0,551,0,1,9,1,11,481,33,47,1,562,0,0,0,562
05/08/2022,TPA,FL,ASO,ES,Combined TRACON& Tower with Radar,444,46,62,0,552,1,0,22,0,23,445,46,84,0,575,0,0,0,575
05/09/2022,TPA,FL,ASO,ES,Combined TRACON& Tower with Radar,469,52,55,0,576,0,1,20,0,21,469,53,75,0,597,0,0,0,597
05/10/2022,TPA,FL,ASO,ES,Combined TRACON& Tower with Radar,440,36,63,0,539,0,2,21,0,23,440,38,84,0,562,0,0,0,562
05/11/2022,TPA,FL,ASO,ES,Combined TRACON& Tower with Radar,448,49,89,0,586,1,2,30,0,33,449,51,119,0,619,0,0,0,619
05/12/2022,TPA,FL,ASO,ES,Combined TRACON& Tower with Radar,459,54,70,0,583,0,2,26,0,28,459,56,96,0,611,0,0,0,611
05/13/2022,TPA,FL,ASO,ES,Combined TRACON& Tower with Radar,479,61,75,0,615,0,1,17,0,18,479,62,92,0,633,0,0,0,633
05/14/2022,TPA,FL,ASO,ES,Combined TRACON& Tower with Radar,468,39,43,1,551,0,1,18,1,20,468,40,61,2,571,0,0,0,571
05/15/2022,TPA,FL,ASO,ES,Combined TRACON& Tower with Radar,460,47,58,1,566,1,0,23,0,24,461,47,81,1,590,0,0,0,590
05/16/2022,TPA,FL,ASO,ES,Combined TRACON& Tower with Radar,452,51,66,0,569,0,0,28,2,30,452,51,94,2,599,0,0,0,599
05/17/2022,TPA,FL,ASO,ES,Combined TRACON& Tower with Radar,443,49,75,0,567,0,1,29,1,31,443,50,104,1,598,0,0,0,598
05/18/2022,TPA,FL,ASO,ES,Combined TRACON& Tower with Radar,450,58,79,1,588,0,2,17,1,20,450,60,96,2,608,0,0,0,608
05/19/2022,TPA,FL,ASO,ES,Combined TRACON& Tower with Radar,463,64,62,5,594,0,3,19,1,23,463,67,81,6,617,0,0,0,617
05/20/2022,TPA,FL,ASO,ES,Combined TRACON& Tower with Radar,440,52,64,1,557,1,2,4,0,7,441,54,68,1,564,0,0,0,564
05/21/2022,TPA,FL,ASO,ES,Combined TRACON& Tower with Radar,474,42,31,1,548,0,2,6,0,8,474,44,37,1,556,0,0,0,556
05/22/2022,TPA,FL,ASO,ES,Combined TRACON& Tower with Radar,419,51,47,0,517,1,0,24,0,25,420,51,71,0,542,0,0,0,542
05/23/2022,TPA,FL,ASO,ES,Combined TRACON& Tower with Radar,456,45,55,0,556,1,1,19,2,23,457,46,74,2,579,0,0,0,579
05/24/2022,TPA,FL,ASO,ES,Combined TRACON& Tower with Radar,443,57,48,0,548,0,5,17,2,24,443,62,65,2,572,0,0,0,572
05/25/2022,TPA,FL,ASO,ES,Combined TRACON& Tower with Radar,446,55,49,4,554,1,4,19,4,28,447,59,68,8,582,0,0,0,582
05/26/2022,TPA,FL,ASO,ES,Combined TRACON& Tower with Radar,467,52,74,0,593,0,5,21,2,28,467,57,95,2,621,0,0,0,621
05/27/2022,TPA,FL,ASO,ES,Combined TRACON& Tower with Radar,450,54,70,0,574,0,5,20,1,26,450,59,90,1,600,0,0,0,600
05/28/2022,TPA,FL,ASO,ES,Combined TRACON& Tower with Radar,462,36,41,1,540,0,5,17,1,23,462,41,58,2,563,0,0,0,563
05/29/2022,TPA,FL,ASO,ES,Combined TRACON& Tower with Radar,477,36,32,1,546,1,0,10,0,11,478,36,42,1,557,0,0,0,557
05/30/2022,TPA,FL,ASO,ES,Combined TRACON& Tower with Radar,422,45,58,0,525,0,2,19,0,21,422,47,77,0,546,0,0,0,546
05/31/2022,TPA,FL,ASO,ES,Combined TRACON& Tower with Radar,437,47,50,0,534,0,0,10,0,10,437,47,60,0,544,0,0,0,544
06/01/2022,TPA,FL,ASO,ES,Combined TRACON& Tower with Radar,439,49,56,1,545,1,4,20,0,25,440,53,76,1,570,0,0,0,570
06/02/2022,TPA,FL,ASO,ES,Combined TRACON& Tower with Radar,429,32,52,2,515,0,5,11,0,16,429,37,63,2,531,0,0,0,531
06/03/2022,TPA,FL,ASO,ES,Combined TRACON& Tower with Radar,443,38,47,0,528,1,4,7,0,12,444,42,54,0,540,0,0,0,540
06/04/2022,TPA,FL,ASO,ES,Combined TRACON& Tower with Radar,446,36,23,2,507,0,0,9,2,11,446,36,32,4,518,0,0,0,518
06/05/2022,TPA,FL,ASO,ES,Combined TRACON& Tower with Radar,409,58,52,0,519,0,0,5,2,7,409,58,57,2,526,0,0,0,526
06/06/2022,TPA,FL,ASO,ES,Combined TRACON& Tower with Radar,414,62,41,0,517,1,0,10,0,11,415,62,51,0,528,0,0,0,528
06/07/2022,TPA,FL,ASO,ES,Combined TRACON& Tower with Radar,421,39,56,0,516,0,5,18,0,23,421,44,74,0,539,0,0,0,539
06/08/2022,TPA,FL,ASO,ES,Combined TRACON& Tower with Radar,447,40,59,4,550,0,4,27,0,31,447,44,86,4,581,0,0,0,581
06/09/2022,TPA,FL,ASO,ES,Combined TRACON& Tower with Radar,434,44,39,0,517,0,3,14,0,17,434,47,53,0,534,0,0,0,534
06/10/2022,TPA,FL,ASO,ES,Combined TRACON& Tower with Radar,416,47,46,3,512,1,5,9,0,15,417,52,55,3,527,0,0,0,527
06/11/2022,TPA,FL,ASO,ES,Combined TRACON& Tower with Radar,443,32,39,2,516,0,3,16,0,19,443,35,55,2,535,0,0,0,535
06/12/2022,TPA,FL,ASO,ES,Combined TRACON& Tower with Radar,422,42,56,3,523,0,0,15,4,19,422,42,71,7,542,0,0,0,542
06/13/2022,TPA,FL,ASO,ES,Combined TRACON& Tower with Radar,414,54,59,0,527,1,0,12,0,13,415,54,71,0,540,0,0,0,540
06/14/2022,TPA,FL,ASO,ES,Combined TRACON& Tower with Radar,417,58,73,0,548,0,4,23,0,27,417,62,96,0,575,0,0,0,575
06/15/2022,TPA,FL,ASO,ES,Combined TRACON& Tower with Radar,429,44,97,2,572,1,4,11,0,16,430,48,108,2,588,0,0,0,588
06/16/2022,TPA,FL,ASO,ES,Combined TRACON& Tower with Radar,389,60,55,0,504,0,4,23,0,27,389,64,78,0,531,0,0,0,531
06/17/2022,TPA,FL,ASO,ES,Combined TRACON& Tower with Radar,433,57,46,0,536,0,3,9,2,14,433,60,55,2,550,0,0,0,550
06/18/2022,TPA,FL,ASO,ES,Combined TRACON& Tower with Radar,445,37,61,1,544,0,4,24,0,28,445,41,85,1,572,0,0,0,572
06/19/2022,TPA,FL,ASO,ES,Combined TRACON& Tower with Radar,418,33,39,1,491,1,0,8,0,9,419,33,47,1,500,0,0,0,500
06/20/2022,TPA,FL,ASO,ES,Combined TRACON& Tower with Radar,418,62,58,0,538,1,0,17,0,18,419,62,75,0,556,0,0,0,556
06/21/2022,TPA,FL,ASO,ES,Combined TRACON& Tower with Radar,420,51,73,0,544,0,5,24,0,29,420,56,97,0,573,0,0,0,573
06/22/2022,TPA,FL,ASO,ES,Combined TRACON& Tower with Radar,402,46,89,0,537,0,8,17,0,25,402,54,106,0,562,0,0,0,562
06/23/2022,TPA,FL,ASO,ES,Combined TRACON& Tower with Radar,416,75,79,0,570,1,4,23,0,28,417,79,102,0,598,0,0,0,598
06/24/2022,TPA,FL,ASO,ES,Combined TRACON& Tower with Radar,455,51,59,0,565,1,6,15,2,24,456,57,74,2,589,0,0,0,589
06/25/2022,TPA,FL,ASO,ES,Combined TRACON& Tower with Radar,487,36,39,0,562,0,3,8,0,11,487,39,47,0,573,0,0,0,573
06/26/2022,TPA,FL,ASO,ES,Combined TRACON& Tower with Radar,398,47,90,0,535,1,0,7,2,10,399,47,97,2,545,0,0,0,545
06/27/2022,TPA,FL,ASO,ES,Combined TRACON& Tower with Radar,393,53,66,2,514,1,0,18,0,19,394,53,84,2,533,0,0,0,533
06/28/2022,TPA,FL,ASO,ES,Combined TRACON& Tower with Radar,400,40,76,2,518,0,5,17,0,22,400,45,93,2,540,0,0,0,540
06/29/2022,TPA,FL,ASO,ES,Combined TRACON& Tower with Radar,409,55,64,0,528,0,4,6,0,10,409,59,70,0,538,0,0,0,538
06/30/2022,TPA,FL,ASO,ES,Combined TRACON& Tower with Radar,421,47,76,1,545,0,4,23,2,29,421,51,99,3,574,0,0,0,574
07/01/2022,TPA,FL,ASO,ES,Combined TRACON& Tower with Radar,435,52,68,0,555,1,7,11,0,19,436,59,79,0,574,0,0,0,574
07/02/2022,TPA,FL,ASO,ES,Combined TRACON& Tower with Radar,444,34,44,1,523,0,5,11,0,16,444,39,55,1,539,0,0,0,539
07/03/2022,TPA,FL,ASO,ES,Combined TRACON& Tower with Radar,406,35,32,1,474,0,0,10,0,10,406,35,42,1,484,0,0,0,484
07/04/2022,TPA,FL,ASO,ES,Combined TRACON& Tower with Radar,380,29,23,0,432,1,0,14,0,15,381,29,37,0,447,0,0,0,447
07/05/2022,TPA,FL,ASO,ES,Combined TRACON& Tower with Radar,377,51,44,0,472,0,0,13,0,13,377,51,57,0,485,0,0,0,485
07/06/2022,TPA,FL,ASO,ES,Combined TRACON& Tower with Radar,413,32,42,0,487,0,4,14,1,19,413,36,56,1,506,0,0,0,506
07/07/2022,TPA,FL,ASO,ES,Combined TRACON& Tower with Radar,419,40,38,0,497,0,4,12,0,16,419,44,50,0,513,0,0,0,513
07/08/2022,TPA,FL,ASO,ES,Combined TRACON& Tower with Radar,437,50,51,0,538,0,7,11,0,18,437,57,62,0,556,0,0,0,556
07/09/2022,TPA,FL,ASO,ES,Combined TRACON& Tower with Radar,465,38,28,0,531,0,6,9,0,15,465,44,37,0,546,0,0,0,546
07/10/2022,TPA,FL,ASO,ES,Combined TRACON& Tower with Radar,409,46,39,0,494,1,0,7,0,8,410,46,46,0,502,0,0,0,502
07/11/2022,TPA,FL,ASO,ES,Combined TRACON& Tower with Radar,424,43,47,2,516,1,3,19,0,23,425,46,66,2,539,0,0,0,539
07/12/2022,TPA,FL,ASO,ES,Combined TRACON& Tower with Radar,401,36,62,1,500,0,6,18,0,24,401,42,80,1,524,0,0,0,524
07/13/2022,TPA,FL,ASO,ES,Combined TRACON& Tower with Radar,427,51,55,1,534,0,2,21,0,23,427,53,76,1,557,0,0,0,557
07/14/2022,TPA,FL,ASO,ES,Combined TRACON& Tower with Radar,429,47,73,0,549,0,2,18,1,21,429,49,91,1,570,0,0,0,570
07/15/2022,TPA,FL,ASO,ES,Combined TRACON& Tower with Radar,440,52,73,3,568,0,5,15,0,20,440,57,88,3,588,0,0,0,588
07/16/2022,TPA,FL,ASO,ES,Combined TRACON& Tower with Radar,448,37,36,0,521,1,4,13,0,18,449,41,49,0,539,0,0,0,539
07/17/2022,TPA,FL,ASO,ES,Combined TRACON& Tower with Radar,417,54,51,0,522,1,0,17,0,18,418,54,68,0,540,0,0,0,540
07/18/2022,TPA,FL,ASO,ES,Combined TRACON& Tower with Radar,402,47,58,0,507,1,0,17,0,18,403,47,75,0,525,0,0,0,525
07/19/2022,TPA,FL,ASO,ES,Combined TRACON& Tower with Radar,413,40,54,0,507,0,0,19,0,19,413,40,73,0,526,0,0,0,526
07/20/2022,TPA,FL,ASO,ES,Combined TRACON& Tower with Radar,429,51,50,0,530,0,1,20,0,21,429,52,70,0,551,0,0,0,551
07/21/2022,TPA,FL,ASO,ES,Combined TRACON& Tower with Radar,424,44,56,0,524,0,2,20,0,22,424,46,76,0,546,0,0,0,546
07/22/2022,TPA,FL,ASO,ES,Combined TRACON& Tower with Radar,439,58,43,0,540,1,0,11,0,12,440,58,54,0,552,0,0,0,552
07/23/2022,TPA,FL,ASO,ES,Combined TRACON& Tower with Radar,456,31,33,0,520,0,0,10,0,10,456,31,43,0,530,0,0,0,530
07/24/2022,TPA,FL,ASO,ES,Combined TRACON& Tower with Radar,410,41,53,0,504,0,0,12,0,12,410,41,65,0,516,0,0,0,516
07/25/2022,TPA,FL,ASO,ES,Combined TRACON& Tower with Radar,405,47,62,0,514,0,0,16,0,16,405,47,78,0,530,0,0,0,530
07/26/2022,TPA,FL,ASO,ES,Combined TRACON& Tower with Radar,420,32,45,0,497,0,7,9,0,16,420,39,54,0,513,0,0,0,513
07/27/2022,TPA,FL,ASO,ES,Combined TRACON& Tower with Radar,423,39,82,2,546,1,4,16,0,21,424,43,98,2,567,0,0,0,567
07/28/2022,TPA,FL,ASO,ES,Combined TRACON& Tower with Radar,430,51,63,0,544,0,5,22,0,27,430,56,85,0,571,0,0,0,571
07/29/2022,TPA,FL,ASO,ES,Combined TRACON& Tower with Radar,439,44,65,2,550,0,4,12,0,16,439,48,77,2,566,0,0,0,566
07/30/2022,TPA,FL,ASO,ES,Combined TRACON& Tower with Radar,461,39,42,0,542,0,5,18,2,25,461,44,60,2,567,0,0,0,567
07/31/2022,TPA,FL,ASO,ES,Combined TRACON& Tower with Radar,406,60,50,0,516,1,0,27,2,30,407,60,77,2,546,0,0,0,546
08/01/2022,TPA,FL,ASO,ES,Combined TRACON& Tower with Radar,429,51,56,0,536,0,2,18,0,20,429,53,74,0,556,0,0,0,556
08/02/2022,TPA,FL,ASO,ES,Combined TRACON& Tower with Radar,404,55,47,2,508,0,0,4,3,7,404,55,51,5,515,0,0,0,515
08/03/2022,TPA,FL,ASO,ES,Combined TRACON& Tower with Radar,404,40,59,0,503,1,6,16,0,23,405,46,75,0,526,0,0,0,526
08/04/2022,TPA,FL,ASO,ES,Combined TRACON& Tower with Radar,400,65,65,2,532,0,2,17,0,19,400,67,82,2,551,0,0,0,551
08/05/2022,TPA,FL,ASO,ES,Combined TRACON& Tower with Radar,404,44,49,0,497,0,2,19,3,24,404,46,68,3,521,0,0,0,521
08/06/2022,TPA,FL,ASO,ES,Combined TRACON& Tower with Radar,442,44,27,0,513,0,0,16,1,17,442,44,43,1,530,0,0,0,530
08/07/2022,TPA,FL,ASO,ES,Combined TRACON& Tower with Radar,401,45,66,1,513,0,0,24,3,27,401,45,90,4,540,0,0,0,540
08/08/2022,TPA,FL,ASO,ES,Combined TRACON& Tower with Radar,416,52,48,0,516,1,1,4,0,6,417,53,52,0,522,0,0,0,522
08/09/2022,TPA,FL,ASO,ES,Combined TRACON& Tower with Radar,393,39,35,0,467,0,2,23,0,25,393,41,58,0,492,0,0,0,492
08/10/2022,TPA,FL,ASO,ES,Combined TRACON& Tower with Radar,401,30,39,0,470,0,3,17,2,22,401,33,56,2,492,0,0,0,492
08/11/2022,TPA,FL,ASO,ES,Combined TRACON& Tower with Radar,412,51,55,1,519,0,2,17,0,19,412,53,72,1,538,0,0,0,538
08/12/2022,TPA,FL,ASO,ES,Combined TRACON& Tower with Radar,427,46,55,2,530,1,3,17,0,21,428,49,72,2,551,0,0,0,551
08/13/2022,TPA,FL,ASO,ES,Combined TRACON& Tower with Radar,437,54,36,1,528,0,2,20,0,22,437,56,56,1,550,0,0,0,550
08/14/2022,TPA,FL,ASO,ES,Combined TRACON& Tower with Radar,409,40,43,3,495,0,0,12,3,15,409,40,55,6,510,0,0,0,510
08/15/2022,TPA,FL,ASO,ES,Combined TRACON& Tower with Radar,397,36,56,3,492,1,2,21,2,26,398,38,77,5,518,0,0,0,518
08/16/2022,TPA,FL,ASO,ES,Combined TRACON& Tower with Radar,396,30,45,6,477,0,4,15,0,19,396,34,60,6,496,0,0,0,496
08/17/2022,TPA,FL,ASO,ES,Combined TRACON& Tower with Radar,414,39,56,4,513,0,3,20,2,25,414,42,76,6,538,0,0,0,538
08/18/2022,TPA,FL,ASO,ES,Combined TRACON& Tower with Radar,406,50,69,4,529,0,5,18,6,29,406,55,87,10,558,0,0,0,558
08/19/2022,TPA,FL,ASO,ES,Combined TRACON& Tower with Radar,444,54,52,4,554,2,6,30,1,39,446,60,82,5,593,0,0,0,593
08/20/2022,TPA,FL,ASO,ES,Combined TRACON& Tower with Radar,456,43,34,0,533,0,3,22,1,26,456,46,56,1,559,0,0,0,559
08/21/2022,TPA,FL,ASO,ES,Combined TRACON& Tower with Radar,401,54,59,0,514,0,2,17,4,23,401,56,76,4,537,0,0,0,537
08/22/2022,TPA,FL,ASO,ES,Combined TRACON& Tower with Radar,389,41,51,10,491,1,0,26,2,29,390,41,77,12,520,0,0,0,520
08/23/2022,TPA,FL,ASO,ES,Combined TRACON& Tower with Radar,390,37,62,4,493,0,4,23,2,29,390,41,85,6,522,0,0,0,522
08/24/2022,TPA,FL,ASO,ES,Combined TRACON& Tower with Radar,401,47,66,6,520,0,3,12,2,17,401,50,78,8,537,0,0,0,537
08/25/2022,TPA,FL,ASO,ES,Combined TRACON& Tower with Radar,417,57,63,5,542,0,3,12,2,17,417,60,75,7,559,0,0,0,559
08/26/2022,TPA,FL,ASO,ES,Combined TRACON& Tower with Radar,434,50,51,3,538,1,4,13,0,18,435,54,64,3,556,0,0,0,556
08/27/2022,TPA,FL,ASO,ES,Combined TRACON& Tower with Radar,450,34,27,3,514,0,0,11,0,11,450,34,38,3,525,0,0,0,525
08/28/2022,TPA,FL,ASO,ES,Combined TRACON& Tower with Radar,410,40,40,3,493,0,0,9,0,9,410,40,49,3,502,0,0,0,502
08/29/2022,TPA,FL,ASO,ES,Combined TRACON& Tower with Radar,397,54,46,1,498,1,0,12,2,15,398,54,58,3,513,0,0,0,513
08/30/2022,TPA,FL,ASO,ES,Combined TRACON& Tower with Radar,384,39,56,5,484,0,1,16,4,21,384,40,72,9,505,0,0,0,505
08/31/2022,TPA,FL,ASO,ES,Combined TRACON& Tower with Radar,407,34,78,2,521,0,2,17,2,21,407,36,95,4,542,0,0,0,542
09/01/2022,TPA,FL,ASO,ES,Combined TRACON& Tower with Radar,417,55,58,2,532,0,0,22,0,22,417,55,80,2,554,0,0,0,554
09/02/2022,TPA,FL,ASO,ES,Combined TRACON& Tower with Radar,437,47,47,1,532,1,2,18,0,21,438,49,65,1,553,0,0,0,553
09/03/2022,TPA,FL,ASO,ES,Combined TRACON& Tower with Radar,432,35,32,0,499,0,2,13,1,16,432,37,45,1,515,0,0,0,515
09/04/2022,TPA,FL,ASO,ES,Combined TRACON& Tower with Radar,370,30,23,0,423,0,0,7,0,7,370,30,30,0,430,0,0,0,430
09/05/2022,TPA,FL,ASO,ES,Combined TRACON& Tower with Radar,399,55,66,0,520,0,0,17,0,17,399,55,83,0,537,0,0,0,537
09/06/2022,TPA,FL,ASO,ES,Combined TRACON& Tower with Radar,380,38,47,0,465,0,0,17,0,17,380,38,64,0,482,0,0,0,482
09/07/2022,TPA,FL,ASO,ES,Combined TRACON& Tower with Radar,379,40,44,2,465,1,3,15,4,23,380,43,59,6,488,0,0,0,488
09/08/2022,TPA,FL,ASO,ES,Combined TRACON& Tower with Radar,422,56,37,1,516,0,2,9,2,13,422,58,46,3,529,0,0,0,529
09/09/2022,TPA,FL,ASO,ES,Combined TRACON& Tower with Radar,414,72,50,2,538,1,1,14,2,18,415,73,64,4,556,0,0,0,556
09/10/2022,TPA,FL,ASO,ES,Combined TRACON& Tower with Radar,403,39,22,0,464,0,1,14,0,15,403,40,36,0,479,0,0,0,479
09/11/2022,TPA,FL,ASO,ES,Combined TRACON& Tower with Radar,401,41,51,2,495,0,0,23,0,23,401,41,74,2,518,0,0,0,518
09/12/2022,TPA,FL,ASO,ES,Combined TRACON& Tower with Radar,408,53,49,0,510,1,0,10,1,12,409,53,59,1,522,0,0,0,522
09/13/2022,TPA,FL,ASO,ES,Combined TRACON& Tower with Radar,381,60,64,0,505,0,0,23,1,24,381,60,87,1,529,0,0,0,529
09/14/2022,TPA,FL,ASO,ES,Combined TRACON& Tower with Radar,414,51,70,0,535,0,1,19,2,22,414,52,89,2,557,0,0,0,557
09/15/2022,TPA,FL,ASO,ES,Combined TRACON& Tower with Radar,421,61,55,0,537,0,1,23,2,26,421,62,78,2,563,0,0,0,563
09/16/2022,TPA,FL,ASO,ES,Combined TRACON& Tower with Radar,407,54,58,4,523,1,1,12,0,14,408,55,70,4,537,0,0,0,537
09/17/2022,TPA,FL,ASO,ES,Combined TRACON& Tower with Radar,404,34,33,0,471,0,0,12,0,12,404,34,45,0,483,0,0,0,483
09/18/2022,TPA,FL,ASO,ES,Combined TRACON& Tower with Radar,401,53,50,0,504,0,0,15,0,15,401,53,65,0,519,0,0,0,519
09/19/2022,TPA,FL,ASO,ES,Combined TRACON& Tower with Radar,423,54,66,0,543,1,0,20,4,25,424,54,86,4,568,0,0,0,568
09/20/2022,TPA,FL,ASO,ES,Combined TRACON& Tower with Radar,376,48,46,2,472,0,1,23,4,28,376,49,69,6,500,0,0,0,500
09/21/2022,TPA,FL,ASO,ES,Combined TRACON& Tower with Radar,379,39,74,0,492,0,3,31,2,36,379,42,105,2,528,0,0,0,528
09/22/2022,TPA,FL,ASO,ES,Combined TRACON& Tower with Radar,407,55,51,0,513,0,1,32,4,37,407,56,83,4,550,0,0,0,550
09/23/2022,TPA,FL,ASO,ES,Combined TRACON& Tower with Radar,437,58,64,0,559,1,0,23,0,24,438,58,87,0,583,0,0,0,583
09/24/2022,TPA,FL,ASO,ES,Combined TRACON& Tower with Radar,406,45,36,0,487,0,0,28,3,31,406,45,64,3,518,0,0,0,518
09/25/2022,TPA,FL,ASO,ES,Combined TRACON& Tower with Radar,399,79,83,2,563,0,0,32,0,32,399,79,115,2,595,0,0,0,595
09/26/2022,TPA,FL,ASO,ES,Combined TRACON& Tower with Radar,407,74,90,4,575,1,1,8,0,10,408,75,98,4,585,0,0,0,585
09/27/2022,TPA,FL,ASO,ES,Combined TRACON& Tower with Radar,259,76,58,4,397,0,1,15,2,18,259,77,73,6,415,0,0,0,415
09/28/2022,TPA,FL,ASO,ES,Combined TRACON& Tower with Radar,0,0,0,0,0,0,0,0,0,0,0,0,0,0,0,0,0,0,0
09/29/2022,TPA,FL,ASO,ES,Combined TRACON& Tower with Radar,2,4,0,0,6,0,0,5,0,5,2,4,5,0,11,0,0,0,11
09/30/2022,TPA,FL,ASO,ES,Combined TRACON& Tower with Radar,250,36,51,0,337,1,2,16,3,22,251,38,67,3,359,0,0,0,359
10/01/2022,TPA,FL,ASO,ES,Combined TRACON& Tower with Radar,391,54,47,0,492,0,1,22,1,24,391,55,69,1,516,0,0,0,516
10/02/2022,TPA,FL,ASO,ES,Combined TRACON& Tower with Radar,414,72,76,0,562,0,0,35,1,36,414,72,111,1,598,0,0,0,598
10/03/2022,TPA,FL,ASO,ES,Combined TRACON& Tower with Radar,414,79,67,3,563,0,0,22,2,24,414,79,89,5,587,0,0,0,587
10/04/2022,TPA,FL,ASO,ES,Combined TRACON& Tower with Radar,384,38,64,0,486,0,1,24,0,25,384,39,88,0,511,0,0,0,511
10/05/2022,TPA,FL,ASO,ES,Combined TRACON& Tower with Radar,384,35,58,0,477,0,3,14,5,22,384,38,72,5,499,0,0,0,499
10/06/2022,TPA,FL,ASO,ES,Combined TRACON& Tower with Radar,416,67,78,0,561,0,2,23,3,28,416,69,101,3,589,0,0,0,589
10/07/2022,TPA,FL,ASO,ES,Combined TRACON& Tower with Radar,434,51,59,0,544,1,1,31,0,33,435,52,90,0,577,0,0,0,577
10/08/2022,TPA,FL,ASO,ES,Combined TRACON& Tower with Radar,424,46,39,0,509,0,3,12,0,15,424,49,51,0,524,0,0,0,524
10/09/2022,TPA,FL,ASO,ES,Combined TRACON& Tower with Radar,414,65,78,0,557,0,0,24,1,25,414,65,102,1,582,0,0,0,582
10/10/2022,TPA,FL,ASO,ES,Combined TRACON& Tower with Radar,414,68,57,1,540,1,0,28,2,31,415,68,85,3,571,0,0,0,571
10/11/2022,TPA,FL,ASO,ES,Combined TRACON& Tower with Radar,412,53,58,4,527,0,4,29,0,33,412,57,87,4,560,0,0,0,560
10/12/2022,TPA,FL,ASO,ES,Combined TRACON& Tower with Radar,410,53,63,4,530,0,2,24,2,28,410,55,87,6,558,0,0,0,558
10/13/2022,TPA,FL,ASO,ES,Combined TRACON& Tower with Radar,421,70,73,1,565,0,1,27,2,30,421,71,100,3,595,0,0,0,595
10/14/2022,TPA,FL,ASO,ES,Combined TRACON& Tower with Radar,441,68,81,1,591,1,0,21,2,24,442,68,102,3,615,0,0,0,615
10/15/2022,TPA,FL,ASO,ES,Combined TRACON& Tower with Radar,416,41,40,0,497,0,2,12,0,14,416,43,52,0,511,0,0,0,511
10/16/2022,TPA,FL,ASO,ES,Combined TRACON& Tower with Radar,421,67,49,2,539,0,0,29,0,29,421,67,78,2,568,0,0,0,568
10/17/2022,TPA,FL,ASO,ES,Combined TRACON& Tower with Radar,414,70,61,4,549,1,0,17,1,19,415,70,78,5,568,0,0,0,568
10/18/2022,TPA,FL,ASO,ES,Combined TRACON& Tower with Radar,411,47,44,4,506,0,1,31,0,32,411,48,75,4,538,0,0,0,538
10/19/2022,TPA,FL,ASO,ES,Combined TRACON& Tower with Radar,432,56,65,5,558,0,1,17,1,19,432,57,82,6,577,0,0,0,577
10/20/2022,TPA,FL,ASO,ES,Combined TRACON& Tower with Radar,427,74,77,9,587,0,2,31,2,35,427,76,108,11,622,0,0,0,622
10/21/2022,TPA,FL,ASO,ES,Combined TRACON& Tower with Radar,441,72,62,5,580,1,1,18,0,20,442,73,80,5,600,0,0,0,600
10/22/2022,TPA,FL,ASO,ES,Combined TRACON& Tower with Radar,425,67,43,2,537,0,2,13,0,15,425,69,56,2,552,0,0,0,552
10/23/2022,TPA,FL,ASO,ES,Combined TRACON& Tower with Radar,419,53,86,2,560,0,0,27,1,28,419,53,113,3,588,0,0,0,588
10/24/2022,TPA,FL,ASO,ES,Combined TRACON& Tower with Radar,413,58,58,5,534,0,0,28,2,30,413,58,86,7,564,0,0,0,564
10/25/2022,TPA,FL,ASO,ES,Combined TRACON& Tower with Radar,393,47,69,4,513,0,1,47,0,48,393,48,116,4,561,0,0,0,561
10/26/2022,TPA,FL,ASO,ES,Combined TRACON& Tower with Radar,410,70,65,7,552,1,3,23,3,30,411,73,88,10,582,0,0,0,582
10/27/2022,TPA,FL,ASO,ES,Combined TRACON& Tower with Radar,420,88,87,2,597,0,1,25,0,26,420,89,112,2,623,0,0,0,623
10/28/2022,TPA,FL,ASO,ES,Combined TRACON& Tower with Radar,427,84,67,1,579,0,0,13,1,14,427,84,80,2,593,0,0,0,593
10/29/2022,TPA,FL,ASO,ES,Combined TRACON& Tower with Radar,415,41,49,0,505,0,1,15,0,16,415,42,64,0,521,0,0,0,521
10/30/2022,TPA,FL,ASO,ES,Combined TRACON& Tower with Radar,426,53,46,2,527,1,0,15,0,16,427,53,61,2,543,0,0,0,543
10/31/2022,TPA,FL,ASO,ES,Combined TRACON& Tower with Radar,407,64,41,0,512,0,0,18,1,19,407,64,59,1,531,0,0,0,531
11/01/2022,TPA,FL,ASO,ES,Combined TRACON& Tower with Radar,410,49,54,0,513,0,2,15,0,17,410,51,69,0,530,0,0,0,530
11/02/2022,TPA,FL,ASO,ES,Combined TRACON& Tower with Radar,423,73,70,0,566,0,1,15,2,18,423,74,85,2,584,0,0,0,584
11/03/2022,TPA,FL,ASO,ES,Combined TRACON& Tower with Radar,440,72,68,0,580,0,2,16,5,23,440,74,84,5,603,0,0,0,603
11/04/2022,TPA,FL,ASO,ES,Combined TRACON& Tower with Radar,440,73,65,0,578,0,1,28,0,29,440,74,93,0,607,0,0,0,607
11/05/2022,TPA,FL,ASO,ES,Combined TRACON& Tower with Radar,453,55,48,2,558,0,1,12,0,13,453,56,60,2,571,0,0,0,571
11/06/2022,TPA,FL,ASO,ES,Combined TRACON& Tower with Radar,438,78,92,0,608,1,2,23,0,26,439,80,115,0,634,0,0,0,634
11/07/2022,TPA,FL,ASO,ES,Combined TRACON& Tower with Radar,454,62,85,1,602,0,0,17,2,19,454,62,102,3,621,0,0,0,621
11/08/2022,TPA,FL,ASO,ES,Combined TRACON& Tower with Radar,447,79,98,0,624,0,3,15,2,20,447,82,113,2,644,0,0,0,644
11/09/2022,TPA,FL,ASO,ES,Combined TRACON& Tower with Radar,467,78,61,1,607,1,2,7,2,12,468,80,68,3,619,0,0,0,619
11/10/2022,TPA,FL,ASO,ES,Combined TRACON& Tower with Radar,381,44,25,0,450,0,0,4,0,4,381,44,29,0,454,0,0,0,454
11/11/2022,TPA,FL,ASO,ES,Combined TRACON& Tower with Radar,458,61,37,0,556,0,2,22,2,26,458,63,59,2,582,0,0,0,582
11/12/2022,TPA,FL,ASO,ES,Combined TRACON& Tower with Radar,513,44,43,0,600,0,1,14,1,16,513,45,57,1,616,0,0,0,616
11/13/2022,TPA,FL,ASO,ES,Combined TRACON& Tower with Radar,461,47,69,0,577,1,0,18,0,19,462,47,87,0,596,0,0,0,596
11/14/2022,TPA,FL,ASO,ES,Combined TRACON& Tower with Radar,458,64,87,1,610,2,0,11,2,15,460,64,98,3,625,0,0,0,625
11/15/2022,TPA,FL,ASO,ES,Combined TRACON& Tower with Radar,432,68,68,1,569,0,2,19,4,25,432,70,87,5,594,0,0,0,594
11/16/2022,TPA,FL,ASO,ES,Combined TRACON& Tower with Radar,438,59,63,6,566,1,0,17,0,18,439,59,80,6,584,0,0,0,584
11/17/2022,TPA,FL,ASO,ES,Combined TRACON& Tower with Radar,479,80,84,0,643,0,3,30,3,36,479,83,114,3,679,0,0,0,679
11/18/2022,TPA,FL,ASO,ES,Combined TRACON& Tower with Radar,473,69,64,1,607,0,0,20,2,22,473,69,84,3,629,0,0,0,629
11/19/2022,TPA,FL,ASO,ES,Combined TRACON& Tower with Radar,527,36,51,1,615,0,2,13,2,17,527,38,64,3,632,0,0,0,632
11/20/2022,TPA,FL,ASO,ES,Combined TRACON& Tower with Radar,478,63,71,0,612,1,0,7,0,8,479,63,78,0,620,0,0,0,620
11/21/2022,TPA,FL,ASO,ES,Combined TRACON& Tower with Radar,477,69,45,0,591,0,0,15,2,17,477,69,60,2,608,0,0,0,608
11/22/2022,TPA,FL,ASO,ES,Combined TRACON& Tower with Radar,487,84,71,0,642,0,0,12,0,12,487,84,83,0,654,0,0,0,654
11/23/2022,TPA,FL,ASO,ES,Combined TRACON& Tower with Radar,537,68,62,0,667,0,1,8,0,9,537,69,70,0,676,0,0,0,676
11/24/2022,TPA,FL,ASO,ES,Combined TRACON& Tower with Radar,345,52,14,0,411,0,0,5,0,5,345,52,19,0,416,0,0,0,416
11/25/2022,TPA,FL,ASO,ES,Combined TRACON& Tower with Radar,417,57,49,0,523,2,0,9,0,11,419,57,58,0,534,0,0,0,534
11/26/2022,TPA,FL,ASO,ES,Combined TRACON& Tower with Radar,532,56,63,0,651,1,0,9,0,10,533,56,72,0,661,0,0,0,661
11/27/2022,TPA,FL,ASO,ES,Combined TRACON& Tower with Radar,487,62,76,0,625,0,0,5,0,5,487,62,81,0,630,0,0,0,630
11/28/2022,TPA,FL,ASO,ES,Combined TRACON& Tower with Radar,503,51,64,0,618,1,0,23,2,26,504,51,87,2,644,0,0,0,644
11/29/2022,TPA,FL,ASO,ES,Combined TRACON& Tower with Radar,446,67,63,0,576,0,2,24,2,28,446,69,87,2,604,0,0,0,604
11/30/2022,TPA,FL,ASO,ES,Combined TRACON& Tower with Radar,444,61,71,0,576,0,3,14,2,19,444,64,85,2,595,0,0,0,595
12/01/2022,TPA,FL,ASO,ES,Combined TRACON& Tower with Radar,468,93,74,0,635,1,1,12,2,16,469,94,86,2,651,0,0,0,651
12/02/2022,TPA,FL,ASO,ES,Combined TRACON& Tower with Radar,468,54,78,0,600,0,1,20,0,21,468,55,98,0,621,0,0,0,621
12/03/2022,TPA,FL,ASO,ES,Combined TRACON& Tower with Radar,504,49,41,0,594,0,0,14,0,14,504,49,55,0,608,0,0,0,608
12/04/2022,TPA,FL,ASO,ES,Combined TRACON& Tower with Radar,468,49,72,0,589,0,0,13,0,13,468,49,85,0,602,0,0,0,602
12/05/2022,TPA,FL,ASO,ES,Combined TRACON& Tower with Radar,446,72,89,4,611,0,1,16,2,19,446,73,105,6,630,0,0,0,630
12/06/2022,TPA,FL,ASO,ES,Combined TRACON& Tower with Radar,445,75,78,0,598,0,4,15,1,20,445,79,93,1,618,0,0,0,618
12/07/2022,TPA,FL,ASO,ES,Combined TRACON& Tower with Radar,444,61,82,1,588,0,1,23,0,24,444,62,105,1,612,0,0,0,612
12/08/2022,TPA,FL,ASO,ES,Combined TRACON& Tower with Radar,474,80,70,0,624,0,3,13,0,16,474,83,83,0,640,0,0,0,640
12/09/2022,TPA,FL,ASO,ES,Combined TRACON& Tower with Radar,486,73,65,1,625,1,2,11,0,14,487,75,76,1,639,0,0,0,639
12/10/2022,TPA,FL,ASO,ES,Combined TRACON& Tower with Radar,521,51,50,0,622,0,1,7,0,8,521,52,57,0,630,0,0,0,630
12/11/2022,TPA,FL,ASO,ES,Combined TRACON& Tower with Radar,461,57,50,1,569,0,0,8,0,8,461,57,58,1,577,0,0,0,577
12/12/2022,TPA,FL,ASO,ES,Combined TRACON& Tower with Radar,467,61,80,0,608,1,0,15,0,16,468,61,95,0,624,0,0,0,624
12/13/2022,TPA,FL,ASO,ES,Combined TRACON& Tower with Radar,444,61,69,0,574,0,1,13,0,14,444,62,82,0,588,0,0,0,588
12/14/2022,TPA,FL,ASO,ES,Combined TRACON& Tower with Radar,446,66,71,4,587,1,1,22,0,24,447,67,93,4,611,0,0,0,611
12/15/2022,TPA,FL,ASO,ES,Combined TRACON& Tower with Radar,486,73,48,0,607,0,0,3,2,5,486,73,51,2,612,0,0,0,612
12/16/2022,TPA,FL,ASO,ES,Combined TRACON& Tower with Radar,516,79,57,0,652,1,2,14,3,20,517,81,71,3,672,0,0,0,672
12/17/2022,TPA,FL,ASO,ES,Combined TRACON& Tower with Radar,549,51,38,0,638,1,0,15,0,16,550,51,53,0,654,0,0,0,654
12/18/2022,TPA,FL,ASO,ES,Combined TRACON& Tower with Radar,513,70,79,0,662,1,0,19,1,21,514,70,98,1,683,0,0,0,683
12/19/2022,TPA,FL,ASO,ES,Combined TRACON& Tower with Radar,499,70,56,0,625,0,0,22,2,24,499,70,78,2,649,0,0,0,649
12/20/2022,TPA,FL,ASO,ES,Combined TRACON& Tower with Radar,484,43,39,0,566,0,1,11,0,12,484,44,50,0,578,0,0,0,578
12/21/2022,TPA,FL,ASO,ES,Combined TRACON& Tower with Radar,527,56,63,0,646,0,1,6,0,7,527,57,69,0,653,0,0,0,653
12/22/2022,TPA,FL,ASO,ES,Combined TRACON& Tower with Radar,514,82,58,0,654,1,0,3,0,4,515,82,61,0,658,0,0,0,658
12/23/2022,TPA,FL,ASO,ES,Combined TRACON& Tower with Radar,454,68,61,0,583,1,1,4,0,6,455,69,65,0,589,0,0,0,589
12/24/2022,TPA,FL,ASO,ES,Combined TRACON& Tower with Radar,423,42,24,0,489,1,2,6,0,9,424,44,30,0,498,0,0,0,498
12/25/2022,TPA,FL,ASO,ES,Combined TRACON& Tower with Radar,349,38,12,0,399,0,0,0,0,0,349,38,12,0,399,0,0,0,399
12/26/2022,TPA,FL,ASO,ES,Combined TRACON& Tower with Radar,394,55,65,0,514,1,0,30,0,31,395,55,95,0,545,0,0,0,545
12/27/2022,TPA,FL,ASO,ES,Combined TRACON& Tower with Radar,411,48,73,2,534,0,0,13,2,15,411,48,86,4,549,0,0,0,549
12/28/2022,TPA,FL,ASO,ES,Combined TRACON& Tower with Radar,426,38,61,0,525,0,3,20,2,25,426,41,81,2,550,0,0,0,550
12/29/2022,TPA,FL,ASO,ES,Combined TRACON& Tower with Radar,433,58,46,0,537,1,0,20,2,23,434,58,66,2,560,0,0,0,560
12/30/2022,TPA,FL,ASO,ES,Combined TRACON& Tower with Radar,536,67,63,0,666,1,2,12,1,16,537,69,75,1,682,0,0,0,682
12/31/2022,TPA,FL,ASO,ES,Combined TRACON& Tower with Radar,512,38,42,0,592,1,1,3,0,5,513,39,45,0,597,0,0,0,597
01/01/2023,TPA,FL,ASO,ES,Combined TRACON& Tower with Radar,458,54,49,0,561,0,0,5,0,5,458,54,54,0,566,0,0,0,566
01/02/2023,TPA,FL,ASO,ES,Combined TRACON& Tower with Radar,487,75,103,0,665,3,3,26,1,33,490,78,129,1,698,0,0,0,698
01/03/2023,TPA,FL,ASO,ES,Combined TRACON& Tower with Radar,479,52,69,0,600,0,3,22,0,25,479,55,91,0,625,0,0,0,625
01/04/2023,TPA,FL,ASO,ES,Combined TRACON& Tower with Radar,397,77,53,0,527,1,4,14,2,21,398,81,67,2,548,0,0,0,548
01/05/2023,TPA,FL,ASO,ES,Combined TRACON& Tower with Radar,494,85,89,0,668,1,0,14,0,15,495,85,103,0,683,0,0,0,683
01/06/2023,TPA,FL,ASO,ES,Combined TRACON& Tower with Radar,518,64,70,0,652,0,5,22,0,27,518,69,92,0,679,0,0,0,679
01/07/2023,TPA,FL,ASO,ES,Combined TRACON& Tower with Radar,498,49,35,0,582,1,2,10,0,13,499,51,45,0,595,0,0,0,595
01/08/2023,TPA,FL,ASO,ES,Combined TRACON& Tower with Radar,519,48,63,0,630,0,0,12,0,12,519,48,75,0,642,0,0,0,642
01/09/2023,TPA,FL,ASO,ES,Combined TRACON& Tower with Radar,475,41,57,0,573,0,0,11,2,13,475,41,68,2,586,0,0,0,586
01/10/2023,TPA,FL,ASO,ES,Combined TRACON& Tower with Radar,452,50,41,2,545,0,5,17,1,23,452,55,58,3,568,0,0,0,568
01/11/2023,TPA,FL,ASO,ES,Combined TRACON& Tower with Radar,421,51,87,7,566,1,6,35,6,48,422,57,122,13,614,0,0,0,614
01/12/2023,TPA,FL,ASO,ES,Combined TRACON& Tower with Radar,492,59,97,0,648,1,2,27,0,30,493,61,124,0,678,0,0,0,678
01/13/2023,TPA,FL,ASO,ES,Combined TRACON& Tower with Radar,504,55,68,2,629,0,1,18,1,20,504,56,86,3,649,0,0,0,649
01/14/2023,TPA,FL,ASO,ES,Combined TRACON& Tower with Radar,499,52,39,2,592,0,3,19,0,22,499,55,58,2,614,0,0,0,614
01/15/2023,TPA,FL,ASO,ES,Combined TRACON& Tower with Radar,509,48,51,1,609,0,0,17,0,17,509,48,68,1,626,0,0,0,626
01/16/2023,TPA,FL,ASO,ES,Combined TRACON& Tower with Radar,468,75,109,1,653,0,0,18,0,18,468,75,127,1,671,0,0,0,671
01/17/2023,TPA,FL,ASO,ES,Combined TRACON& Tower with Radar,439,111,104,1,655,0,3,30,0,33,439,114,134,1,688,0,0,0,688
01/18/2023,TPA,FL,ASO,ES,Combined TRACON& Tower with Radar,447,57,68,0,572,0,2,14,1,17,447,59,82,1,589,0,0,0,589
01/19/2023,TPA,FL,ASO,ES,Combined TRACON& Tower with Radar,477,72,75,1,625,0,2,29,0,31,477,74,104,1,656,0,0,0,656
01/20/2023,TPA,FL,ASO,ES,Combined TRACON& Tower with Radar,490,64,95,4,653,0,1,12,2,15,490,65,107,6,668,0,0,0,668
01/21/2023,TPA,FL,ASO,ES,Combined TRACON& Tower with Radar,483,48,30,1,562,1,2,17,0,20,484,50,47,1,582,0,0,0,582
01/22/2023,TPA,FL,ASO,ES,Combined TRACON& Tower with Radar,499,36,49,1,585,1,0,9,0,10,500,36,58,1,595,0,0,0,595
01/23/2023,TPA,FL,ASO,ES,Combined TRACON& Tower with Radar,485,47,50,4,586,0,0,9,4,13,485,47,59,8,599,0,0,0,599
01/24/2023,TPA,FL,ASO,ES,Combined TRACON& Tower with Radar,449,62,70,0,581,0,0,13,2,15,449,62,83,2,596,0,0,0,596
01/25/2023,TPA,FL,ASO,ES,Combined TRACON& Tower with Radar,437,84,69,0,590,0,5,11,1,17,437,89,80,1,607,0,0,0,607
01/26/2023,TPA,FL,ASO,ES,Combined TRACON& Tower with Radar,492,88,88,0,668,1,2,13,2,18,493,90,101,2,686,0,0,0,686
01/27/2023,TPA,FL,ASO,ES,Combined TRACON& Tower with Radar,517,65,64,0,646,0,4,12,1,17,517,69,76,1,663,0,0,0,663
01/28/2023,TPA,FL,ASO,ES,Combined TRACON& Tower with Radar,481,51,48,2,582,1,5,25,2,33,482,56,73,4,615,0,0,0,615
01/29/2023,TPA,FL,ASO,ES,Combined TRACON& Tower with Radar,506,64,47,1,618,0,2,12,0,14,506,66,59,1,632,0,0,0,632
01/30/2023,TPA,FL,ASO,ES,Combined TRACON& Tower with Radar,469,62,67,0,598,0,4,16,2,22,469,66,83,2,620,0,0,0,620
01/31/2023,TPA,FL,ASO,ES,Combined TRACON& Tower with Radar,419,63,66,0,548,0,5,13,0,18,419,68,79,0,566,0,0,0,566
02/01/2023,TPA,FL,ASO,ES,Combined TRACON& Tower with Radar,424,84,86,0,594,1,2,34,0,37,425,86,120,0,631,0,0,0,631
02/02/2023,TPA,FL,ASO,ES,Combined TRACON& Tower with Radar,468,73,72,0,613,0,1,35,2,38,468,74,107,2,651,0,0,0,651
02/03/2023,TPA,FL,ASO,ES,Combined TRACON& Tower with Radar,510,82,69,2,663,0,0,11,0,11,510,82,80,2,674,0,0,0,674
02/04/2023,TPA,FL,ASO,ES,Combined TRACON& Tower with Radar,494,49,42,1,586,0,9,21,0,30,494,58,63,1,616,0,0,0,616
02/05/2023,TPA,FL,ASO,ES,Combined TRACON& Tower with Radar,519,52,46,2,619,1,2,18,0,21,520,54,64,2,640,0,0,0,640
02/06/2023,TPA,FL,ASO,ES,Combined TRACON& Tower with Radar,490,53,58,1,602,0,4,27,1,32,490,57,85,2,634,0,0,0,634
02/07/2023,TPA,FL,ASO,ES,Combined TRACON& Tower with Radar,453,63,69,1,586,0,9,21,2,32,453,72,90,3,618,0,0,0,618
02/08/2023,TPA,FL,ASO,ES,Combined TRACON& Tower with Radar,459,70,80,1,610,1,4,32,0,37,460,74,112,1,647,0,0,0,647
02/09/2023,TPA,FL,ASO,ES,Combined TRACON& Tower with Radar,490,65,49,3,607,0,2,6,2,10,490,67,55,5,617,0,0,0,617
02/10/2023,TPA,FL,ASO,ES,Combined TRACON& Tower with Radar,503,57,63,0,623,1,2,7,2,12,504,59,70,2,635,0,0,0,635
02/11/2023,TPA,FL,ASO,ES,Combined TRACON& Tower with Radar,512,37,46,0,595,0,6,7,0,13,512,43,53,0,608,0,0,0,608
02/12/2023,TPA,FL,ASO,ES,Combined TRACON& Tower with Radar,513,42,57,3,615,1,0,8,0,9,514,42,65,3,624,0,0,0,624
02/13/2023,TPA,FL,ASO,ES,Combined TRACON& Tower with Radar,487,74,70,4,635,1,3,28,2,34,488,77,98,6,669,0,0,0,669
02/14/2023,TPA,FL,ASO,ES,Combined TRACON& Tower with Radar,460,61,63,3,587,0,5,34,0,39,460,66,97,3,626,0,0,0,626
02/15/2023,TPA,FL,ASO,ES,Combined TRACON& Tower with Radar,464,54,65,0,583,0,2,28,2,32,464,56,93,2,615,0,0,0,615
02/16/2023,TPA,FL,ASO,ES,Combined TRACON& Tower with Radar,495,86,83,0,664,0,3,17,2,22,495,89,100,2,686,0,0,0,686
02/17/2023,TPA,FL,ASO,ES,Combined TRACON& Tower with Radar,489,78,82,1,650,1,2,23,3,29,490,80,105,4,679,0,0,0,679
02/18/2023,TPA,FL,ASO,ES,Combined TRACON& Tower with Radar,534,49,51,0,634,0,7,25,0,32,534,56,76,0,666,0,0,0,666
02/19/2023,TPA,FL,ASO,ES,Combined TRACON& Tower with Radar,519,50,51,2,622,1,5,15,0,21,520,55,66,2,643,0,0,0,643
02/20/2023,TPA,FL,ASO,ES,Combined TRACON& Tower with Radar,483,52,62,1,598,1,5,30,1,37,484,57,92,2,635,0,0,0,635
02/21/2023,TPA,FL,ASO,ES,Combined TRACON& Tower with Radar,480,56,55,0,591,0,4,13,2,19,480,60,68,2,610,0,0,0,610
02/22/2023,TPA,FL,ASO,ES,Combined TRACON& Tower with Radar,467,62,76,0,605,0,2,18,2,22,467,64,94,2,627,0,0,0,627
02/23/2023,TPA,FL,ASO,ES,Combined TRACON& Tower with Radar,493,93,81,0,667,0,3,34,0,37,493,96,115,0,704,0,0,0,704
02/24/2023,TPA,FL,ASO,ES,Combined TRACON& Tower with Radar,512,71,70,1,654,0,2,21,0,23,512,73,91,1,677,0,0,0,677
02/25/2023,TPA,FL,ASO,ES,Combined TRACON& Tower with Radar,514,43,35,1,593,0,3,12,2,17,514,46,47,3,610,0,0,0,610
02/26/2023,TPA,FL,ASO,ES,Combined TRACON& Tower with Radar,519,58,51,0,628,1,2,11,0,14,520,60,62,0,642,0,0,0,642
02/27/2023,TPA,FL,ASO,ES,Combined TRACON& Tower with Radar,493,56,52,2,603,1,2,23,2,28,494,58,75,4,631,0,0,0,631
02/28/2023,TPA,FL,ASO,ES,Combined TRACON& Tower with Radar,486,64,79,0,629,0,3,15,0,18,486,67,94,0,647,0,0,0,647
03/01/2023,TPA,FL,ASO,ES,Combined TRACON& Tower with Radar,488,66,72,4,630,1,0,17,0,18,489,66,89,4,648,0,0,0,648
03/02/2023,TPA,FL,ASO,ES,Combined TRACON& Tower with Radar,498,74,77,2,651,0,3,29,2,34,498,77,106,4,685,0,0,0,685
03/03/2023,TPA,FL,ASO,ES,Combined TRACON& Tower with Radar,489,78,72,0,639,1,0,17,2,20,490,78,89,2,659,0,0,0,659
03/04/2023,TPA,FL,ASO,ES,Combined TRACON& Tower with Radar,504,47,51,1,603,0,4,9,0,13,504,51,60,1,616,0,0,0,616
03/05/2023,TPA,FL,ASO,ES,Combined TRACON& Tower with Radar,533,58,89,3,683,1,2,19,0,22,534,60,108,3,705,0,0,0,705
03/06/2023,TPA,FL,ASO,ES,Combined TRACON& Tower with Radar,509,60,79,3,651,1,4,13,2,20,510,64,92,5,671,0,0,0,671
03/07/2023,TPA,FL,ASO,ES,Combined TRACON& Tower with Radar,486,83,81,0,650,0,1,26,0,27,486,84,107,0,677,0,0,0,677
03/08/2023,TPA,FL,ASO,ES,Combined TRACON& Tower with Radar,479,73,74,2,628,0,1,33,2,36,479,74,107,4,664,0,0,0,664
03/09/2023,TPA,FL,ASO,ES,Combined TRACON& Tower with Radar,531,91,73,2,697,0,0,14,2,16,531,91,87,4,713,0,0,0,713
03/10/2023,TPA,FL,ASO,ES,Combined TRACON& Tower with Radar,546,75,73,1,695,1,1,15,3,20,547,76,88,4,715,0,0,0,715
03/11/2023,TPA,FL,ASO,ES,Combined TRACON& Tower with Radar,604,52,71,1,728,0,2,12,0,14,604,54,83,1,742,0,0,0,742
03/12/2023,TPA,FL,ASO,ES,Combined TRACON& Tower with Radar,541,65,77,0,683,0,0,24,1,25,541,65,101,1,708,0,0,0,708
03/13/2023,TPA,FL,ASO,ES,Combined TRACON& Tower with Radar,581,72,51,1,705,1,0,12,0,13,582,72,63,1,718,0,0,0,718
03/14/2023,TPA,FL,ASO,ES,Combined TRACON& Tower with Radar,529,58,68,4,659,0,1,28,2,31,529,59,96,6,690,0,0,0,690
03/15/2023,TPA,FL,ASO,ES,Combined TRACON& Tower with Radar,539,64,55,0,658,0,4,19,0,23,539,68,74,0,681,0,0,0,681
03/16/2023,TPA,FL,ASO,ES,Combined TRACON& Tower with Radar,538,69,64,0,671,0,3,21,0,24,538,72,85,0,695,0,0,0,695
03/17/2023,TPA,FL,ASO,ES,Combined TRACON& Tower with Radar,542,66,61,2,671,1,3,36,4,44,543,69,97,6,715,0,0,0,715
03/18/2023,TPA,FL,ASO,ES,Combined TRACON& Tower with Radar,609,54,54,0,717,0,3,14,0,17,609,57,68,0,734,0,0,0,734
03/19/2023,TPA,FL,ASO,ES,Combined TRACON& Tower with Radar,575,87,76,1,739,0,0,12,2,14,575,87,88,3,753,0,0,0,753
03/20/2023,TPA,FL,ASO,ES,Combined TRACON& Tower with Radar,577,58,52,0,687,1,1,13,2,17,578,59,65,2,704,0,0,0,704
03/21/2023,TPA,FL,ASO,ES,Combined TRACON& Tower with Radar,525,62,47,0,634,0,6,13,2,21,525,68,60,2,655,0,0,0,655
03/22/2023,TPA,FL,ASO,ES,Combined TRACON& Tower with Radar,527,65,66,1,659,0,5,22,0,27,527,70,88,1,686,0,0,0,686
03/23/2023,TPA,FL,ASO,ES,Combined TRACON& Tower with Radar,537,70,47,4,658,0,4,20,0,24,537,74,67,4,682,0,0,0,682
03/24/2023,TPA,FL,ASO,ES,Combined TRACON& Tower with Radar,554,64,68,1,687,1,10,26,4,41,555,74,94,5,728,0,0,0,728
03/25/2023,TPA,FL,ASO,ES,Combined TRACON& Tower with Radar,607,62,32,2,703,0,6,13,0,19,607,68,45,2,722,0,0,0,722
03/26/2023,TPA,FL,ASO,ES,Combined TRACON& Tower with Radar,546,50,71,0,667,0,2,13,0,15,546,52,84,0,682,0,0,0,682
03/27/2023,TPA,FL,ASO,ES,Combined TRACON& Tower with Radar,545,55,64,2,666,1,4,14,2,21,546,59,78,4,687,0,0,0,687
03/28/2023,TPA,FL,ASO,ES,Combined TRACON& Tower with Radar,513,72,71,2,658,0,4,15,3,22,513,76,86,5,680,0,0,0,680
03/29/2023,TPA,FL,ASO,ES,Combined TRACON& Tower with Radar,529,64,88,2,683,1,4,13,4,22,530,68,101,6,705,0,0,0,705
03/30/2023,TPA,FL,ASO,ES,Combined TRACON& Tower with Radar,553,66,69,3,691,0,3,28,0,31,553,69,97,3,722,0,0,0,722
03/31/2023,TPA,FL,ASO,ES,Combined TRACON& Tower with Radar,533,62,79,3,677,0,5,21,2,28,533,67,100,5,705,0,0,0,705
04/01/2023,TPA,FL,ASO,ES,Combined TRACON& Tower with Radar,580,60,52,0,692,0,4,19,0,23,580,64,71,0,715,0,0,0,715
04/02/2023,TPA,FL,ASO,ES,Combined TRACON& Tower with Radar,559,65,69,0,693,1,0,28,0,29,560,65,97,0,722,0,0,0,722
04/03/2023,TPA,FL,ASO,ES,Combined TRACON& Tower with Radar,544,58,55,5,662,1,1,18,0,20,545,59,73,5,682,0,0,0,682
04/04/2023,TPA,FL,ASO,ES,Combined TRACON& Tower with Radar,515,42,58,2,617,0,9,7,3,19,515,51,65,5,636,0,0,0,636
04/05/2023,TPA,FL,ASO,ES,Combined TRACON& Tower with Radar,498,62,94,2,656,0,4,19,3,26,498,66,113,5,682,0,0,0,682
04/06/2023,TPA,FL,ASO,ES,Combined TRACON& Tower with Radar,550,73,77,4,704,0,3,19,0,22,550,76,96,4,726,0,0,0,726
04/07/2023,TPA,FL,ASO,ES,Combined TRACON& Tower with Radar,567,74,60,2,703,0,3,11,2,16,567,77,71,4,719,0,0,0,719
04/08/2023,TPA,FL,ASO,ES,Combined TRACON& Tower with Radar,618,74,51,0,743,0,4,17,0,21,618,78,68,0,764,0,0,0,764
04/09/2023,TPA,FL,ASO,ES,Combined TRACON& Tower with Radar,593,43,55,0,691,1,0,12,0,13,594,43,67,0,704,0,0,0,704
04/10/2023,TPA,FL,ASO,ES,Combined TRACON& Tower with Radar,544,57,87,0,688,0,0,15,2,17,544,57,102,2,705,0,0,0,705
04/11/2023,TPA,FL,ASO,ES,Combined TRACON& Tower with Radar,513,69,65,0,647,0,2,13,0,15,513,71,78,0,662,0,0,0,662
04/12/2023,TPA,FL,ASO,ES,Combined TRACON& Tower with Radar,521,62,73,0,656,1,2,8,0,11,522,64,81,0,667,0,0,0,667
04/13/2023,TPA,FL,ASO,ES,Combined TRACON& Tower with Radar,545,90,114,4,753,0,3,24,2,29,545,93,138,6,782,0,0,0,782
04/14/2023,TPA,FL,ASO,ES,Combined TRACON& Tower with Radar,549,101,116,4,770,0,0,34,4,38,549,101,150,8,808,0,0,0,808
04/15/2023,TPA,FL,ASO,ES,Combined TRACON& Tower with Radar,530,82,78,0,690,0,3,16,0,19,530,85,94,0,709,0,0,0,709
04/16/2023,TPA,FL,ASO,ES,Combined TRACON& Tower with Radar,551,68,90,0,709,0,0,15,2,17,551,68,105,2,726,0,0,0,726
04/17/2023,TPA,FL,ASO,ES,Combined TRACON& Tower with Radar,582,69,47,7,705,2,0,14,1,17,584,69,61,8,722,0,0,0,722
04/18/2023,TPA,FL,ASO,ES,Combined TRACON& Tower with Radar,518,55,53,1,627,0,3,20,0,23,518,58,73,1,650,0,0,0,650
04/19/2023,TPA,FL,ASO,ES,Combined TRACON& Tower with Radar,497,60,69,0,626,1,3,23,0,27,498,63,92,0,653,0,0,0,653
04/20/2023,TPA,FL,ASO,ES,Combined TRACON& Tower with Radar,522,68,69,2,661,0,3,40,2,45,522,71,109,4,706,0,0,0,706
04/21/2023,TPA,FL,ASO,ES,Combined TRACON& Tower with Radar,537,67,66,1,671,0,6,27,2,35,537,73,93,3,706,0,0,0,706
04/22/2023,TPA,FL,ASO,ES,Combined TRACON& Tower with Radar,526,44,51,0,621,0,6,11,0,17,526,50,62,0,638,0,0,0,638
04/23/2023,TPA,FL,ASO,ES,Combined TRACON& Tower with Radar,540,52,87,1,680,1,2,9,0,12,541,54,96,1,692,0,0,0,692
04/24/2023,TPA,FL,ASO,ES,Combined TRACON& Tower with Radar,525,59,66,9,659,1,4,11,2,18,526,63,77,11,677,0,0,0,677
04/25/2023,TPA,FL,ASO,ES,Combined TRACON& Tower with Radar,514,64,57,3,638,0,1,25,2,28,514,65,82,5,666,0,0,0,666
04/26/2023,TPA,FL,ASO,ES,Combined TRACON& Tower with Radar,493,63,76,6,638,0,3,21,2,26,493,66,97,8,664,0,0,0,664
04/27/2023,TPA,FL,ASO,ES,Combined TRACON& Tower with Radar,464,66,66,4,600,0,0,13,2,15,464,66,79,6,615,0,0,0,615
04/28/2023,TPA,FL,ASO,ES,Combined TRACON& Tower with Radar,589,73,44,2,708,1,7,13,1,22,590,80,57,3,730,0,0,0,730
04/29/2023,TPA,FL,ASO,ES,Combined TRACON& Tower with Radar,529,53,51,0,633,0,2,4,0,6,529,55,55,0,639,0,0,0,639
04/30/2023,TPA,FL,ASO,ES,Combined TRACON& Tower with Radar,511,45,56,0,612,0,1,13,1,15,511,46,69,1,627,0,0,0,627
05/01/2023,TPA,FL,ASO,ES,Combined TRACON& Tower with Radar,520,57,33,0,610,1,8,16,0,25,521,65,49,0,635,0,0,0,635
05/02/2023,TPA,FL,ASO,ES,Combined TRACON& Tower with Radar,488,48,63,2,601,0,4,27,2,33,488,52,90,4,634,0,0,0,634
05/03/2023,TPA,FL,ASO,ES,Combined TRACON& Tower with Radar,476,62,80,0,618,1,6,26,0,33,477,68,106,0,651,0,0,0,651
05/04/2023,TPA,FL,ASO,ES,Combined TRACON& Tower with Radar,516,73,94,0,683,0,2,25,2,29,516,75,119,2,712,0,0,0,712
05/05/2023,TPA,FL,ASO,ES,Combined TRACON& Tower with Radar,498,64,59,3,624,0,3,31,6,40,498,67,90,9,664,0,0,0,664
05/06/2023,TPA,FL,ASO,ES,Combined TRACON& Tower with Radar,489,34,42,1,566,0,4,15,0,19,489,38,57,1,585,0,0,0,585
05/07/2023,TPA,FL,ASO,ES,Combined TRACON& Tower with Radar,481,65,60,3,609,0,2,17,1,20,481,67,77,4,629,0,0,0,629
05/08/2023,TPA,FL,ASO,ES,Combined TRACON& Tower with Radar,489,74,93,3,659,1,3,24,2,30,490,77,117,5,689,6,0,6,695
05/09/2023,TPA,FL,ASO,ES,Combined TRACON& Tower with Radar,474,67,61,2,604,0,7,23,3,33,474,74,84,5,637,0,0,0,637
05/10/2023,TPA,FL,ASO,ES,Combined TRACON& Tower with Radar,460,73,82,2,617,0,7,19,6,32,460,80,101,8,649,0,0,0,649
05/11/2023,TPA,FL,ASO,ES,Combined TRACON& Tower with Radar,487,64,69,4,624,0,4,16,2,22,487,68,85,6,646,0,0,0,646
05/12/2023,TPA,FL,ASO,ES,Combined TRACON& Tower with Radar,489,66,55,4,614,1,9,9,2,21,490,75,64,6,635,0,0,0,635
05/13/2023,TPA,FL,ASO,ES,Combined TRACON& Tower with Radar,488,56,32,3,579,0,8,24,1,33,488,64,56,4,612,0,0,0,612
05/14/2023,TPA,FL,ASO,ES,Combined TRACON& Tower with Radar,482,64,60,1,607,1,4,11,0,16,483,68,71,1,623,0,0,0,623
05/15/2023,TPA,FL,ASO,ES,Combined TRACON& Tower with Radar,472,61,57,1,591,0,1,16,2,19,472,62,73,3,610,0,0,0,610
05/16/2023,TPA,FL,ASO,ES,Combined TRACON& Tower with Radar,473,62,68,3,606,0,6,17,2,25,473,68,85,5,631,0,0,0,631
05/17/2023,TPA,FL,ASO,ES,Combined TRACON& Tower with Radar,462,55,64,4,585,0,8,17,0,25,462,63,81,4,610,0,0,0,610
05/18/2023,TPA,FL,ASO,ES,Combined TRACON& Tower with Radar,531,63,97,2,693,0,5,14,2,21,531,68,111,4,714,0,0,0,714
05/19/2023,TPA,FL,ASO,ES,Combined TRACON& Tower with Radar,500,71,62,0,633,1,2,22,2,27,501,73,84,2,660,0,0,0,660
05/20/2023,TPA,FL,ASO,ES,Combined TRACON& Tower with Radar,485,51,47,0,583,0,4,19,0,23,485,55,66,0,606,0,0,0,606
05/21/2023,TPA,FL,ASO,ES,Combined TRACON& Tower with Radar,528,55,64,0,647,0,0,20,0,20,528,55,84,0,667,0,0,0,667
05/22/2023,TPA,FL,ASO,ES,Combined TRACON& Tower with Radar,523,53,38,0,614,1,1,18,5,25,524,54,56,5,639,0,0,0,639
05/23/2023,TPA,FL,ASO,ES,Combined TRACON& Tower with Radar,472,59,68,0,599,0,1,9,0,10,472,60,77,0,609,0,0,0,609
05/24/2023,TPA,FL,ASO,ES,Combined TRACON& Tower with Radar,451,49,60,0,560,0,5,9,0,14,451,54,69,0,574,0,0,0,574
05/25/2023,TPA,FL,ASO,ES,Combined TRACON& Tower with Radar,507,59,72,0,638,0,0,14,2,16,507,59,86,2,654,0,0,0,654
05/26/2023,TPA,FL,ASO,ES,Combined TRACON& Tower with Radar,495,54,73,0,622,1,6,14,0,21,496,60,87,0,643,0,0,0,643
05/27/2023,TPA,FL,ASO,ES,Combined TRACON& Tower with Radar,488,42,39,0,569,0,6,15,0,21,488,48,54,0,590,0,0,0,590
05/28/2023,TPA,FL,ASO,ES,Combined TRACON& Tower with Radar,477,31,44,0,552,1,2,22,0,25,478,33,66,0,577,0,0,0,577
05/29/2023,TPA,FL,ASO,ES,Combined TRACON& Tower with Radar,469,35,61,0,565,1,2,21,0,24,470,37,82,0,589,0,0,0,589
05/30/2023,TPA,FL,ASO,ES,Combined TRACON& Tower with Radar,478,55,56,0,589,0,2,34,2,38,478,57,90,2,627,0,0,0,627
05/31/2023,TPA,FL,ASO,ES,Combined TRACON& Tower with Radar,474,60,53,0,587,1,2,15,1,19,475,62,68,1,606,0,0,0,606
06/01/2023,TPA,FL,ASO,ES,Combined TRACON& Tower with Radar,485,75,49,0,609,0,3,19,2,24,485,78,68,2,633,0,0,0,633
06/02/2023,TPA,FL,ASO,ES,Combined TRACON& Tower with Radar,474,67,69,0,610,0,1,12,0,13,474,68,81,0,623,0,0,0,623
06/03/2023,TPA,FL,ASO,ES,Combined TRACON& Tower with Radar,501,49,29,0,579,0,2,19,0,21,501,51,48,0,600,0,0,0,600
06/04/2023,TPA,FL,ASO,ES,Combined TRACON& Tower with Radar,491,50,45,0,586,1,1,20,0,22,492,51,65,0,608,0,0,0,608
06/05/2023,TPA,FL,ASO,ES,Combined TRACON& Tower with Radar,464,56,47,0,567,1,0,26,2,29,465,56,73,2,596,0,0,0,596
06/06/2023,TPA,FL,ASO,ES,Combined TRACON& Tower with Radar,446,48,55,0,549,0,4,18,2,24,446,52,73,2,573,0,0,0,573
06/07/2023,TPA,FL,ASO,ES,Combined TRACON& Tower with Radar,446,64,44,0,554,0,3,13,2,18,446,67,57,2,572,0,0,0,572
06/08/2023,TPA,FL,ASO,ES,Combined TRACON& Tower with Radar,489,64,60,1,614,0,0,10,4,14,489,64,70,5,628,0,0,0,628
06/09/2023,TPA,FL,ASO,ES,Combined TRACON& Tower with Radar,471,51,49,1,572,3,0,17,2,22,474,51,66,3,594,0,0,0,594
06/10/2023,TPA,FL,ASO,ES,Combined TRACON& Tower with Radar,547,35,30,0,612,0,2,15,0,17,547,37,45,0,629,0,0,0,629
06/11/2023,TPA,FL,ASO,ES,Combined TRACON& Tower with Radar,467,46,48,0,561,1,0,17,2,20,468,46,65,2,581,0,0,0,581
06/12/2023,TPA,FL,ASO,ES,Combined TRACON& Tower with Radar,463,43,32,0,538,0,2,12,2,16,463,45,44,2,554,0,0,0,554
06/13/2023,TPA,FL,ASO,ES,Combined TRACON& Tower with Radar,450,49,54,0,553,0,5,18,2,25,450,54,72,2,578,0,0,0,578
06/14/2023,TPA,FL,ASO,ES,Combined TRACON& Tower with Radar,438,58,48,0,544,1,2,23,2,28,439,60,71,2,572,0,0,0,572
06/15/2023,TPA,FL,ASO,ES,Combined TRACON& Tower with Radar,463,80,58,1,602,0,0,9,2,11,463,80,67,3,613,0,0,0,613
06/16/2023,TPA,FL,ASO,ES,Combined TRACON& Tower with Radar,492,58,46,0,596,1,0,9,5,15,493,58,55,5,611,0,0,0,611
06/17/2023,TPA,FL,ASO,ES,Combined TRACON& Tower with Radar,539,43,57,0,639,0,6,7,0,13,539,49,64,0,652,0,0,0,652
06/18/2023,TPA,FL,ASO,ES,Combined TRACON& Tower with Radar,486,52,45,0,583,0,2,13,0,15,486,54,58,0,598,0,0,0,598
06/19/2023,TPA,FL,ASO,ES,Combined TRACON& Tower with Radar,511,43,37,0,591,1,0,15,1,17,512,43,52,1,608,0,0,0,608
06/20/2023,TPA,FL,ASO,ES,Combined TRACON& Tower with Radar,506,59,50,0,615,0,0,20,2,22,506,59,70,2,637,0,0,0,637
06/21/2023,TPA,FL,ASO,ES,Combined TRACON& Tower with Radar,452,51,54,1,558,0,0,7,0,7,452,51,61,1,565,0,0,0,565
06/22/2023,TPA,FL,ASO,ES,Combined TRACON& Tower with Radar,503,59,46,7,615,0,2,12,2,16,503,61,58,9,631,0,0,0,631
06/23/2023,TPA,FL,ASO,ES,Combined TRACON& Tower with Radar,475,52,59,0,586,0,1,12,4,17,475,53,71,4,603,0,0,0,603
06/24/2023,TPA,FL,ASO,ES,Combined TRACON& Tower with Radar,543,64,36,0,643,0,0,14,1,15,543,64,50,1,658,0,0,0,658
06/25/2023,TPA,FL,ASO,ES,Combined TRACON& Tower with Radar,472,47,53,0,572,2,0,8,0,10,474,47,61,0,582,0,0,0,582
06/26/2023,TPA,FL,ASO,ES,Combined TRACON& Tower with Radar,474,53,45,2,574,0,0,13,0,13,474,53,58,2,587,0,0,0,587
06/27/2023,TPA,FL,ASO,ES,Combined TRACON& Tower with Radar,438,57,46,3,544,0,2,18,0,20,438,59,64,3,564,0,0,0,564
06/28/2023,TPA,FL,ASO,ES,Combined TRACON& Tower with Radar,446,60,63,0,569,1,2,11,2,16,447,62,74,2,585,0,0,0,585
06/29/2023,TPA,FL,ASO,ES,Combined TRACON& Tower with Radar,458,67,72,4,601,0,1,17,0,18,458,68,89,4,619,0,0,0,619
06/30/2023,TPA,FL,ASO,ES,Combined TRACON& Tower with Radar,478,61,70,0,609,0,0,25,0,25,478,61,95,0,634,0,0,0,634
07/01/2023,TPA,FL,ASO,ES,Combined TRACON& Tower with Radar,520,50,34,0,604,0,3,13,0,16,520,53,47,0,620,0,0,0,620
07/02/2023,TPA,FL,ASO,ES,Combined TRACON& Tower with Radar,486,38,36,0,560,0,0,18,0,18,486,38,54,0,578,0,0,0,578
07/03/2023,TPA,FL,ASO,ES,Combined TRACON& Tower with Radar,445,53,29,0,527,0,0,16,2,18,445,53,45,2,545,0,0,0,545
07/04/2023,TPA,FL,ASO,ES,Combined TRACON& Tower with Radar,411,41,20,0,472,0,0,4,0,4,411,41,24,0,476,0,0,0,476
07/05/2023,TPA,FL,ASO,ES,Combined TRACON& Tower with Radar,436,44,50,5,535,1,0,15,2,18,437,44,65,7,553,0,0,0,553
07/06/2023,TPA,FL,ASO,ES,Combined TRACON& Tower with Radar,474,68,46,0,588,0,2,15,2,19,474,70,61,2,607,14,0,14,621
07/07/2023,TPA,FL,ASO,ES,Combined TRACON& Tower with Radar,462,56,56,1,575,1,0,25,2,28,463,56,81,3,603,0,0,0,603
07/08/2023,TPA,FL,ASO,ES,Combined TRACON& Tower with Radar,507,62,60,0,629,0,2,7,0,9,507,64,67,0,638,0,0,0,638
07/09/2023,TPA,FL,ASO,ES,Combined TRACON& Tower with Radar,473,58,43,0,574,1,2,16,0,19,474,60,59,0,593,0,0,0,593
07/10/2023,TPA,FL,ASO,ES,Combined TRACON& Tower with Radar,469,54,45,0,568,1,0,12,2,15,470,54,57,2,583,0,0,0,583
07/11/2023,TPA,FL,ASO,ES,Combined TRACON& Tower with Radar,459,55,49,0,563,0,2,24,0,26,459,57,73,0,589,0,0,0,589
07/12/2023,TPA,FL,ASO,ES,Combined TRACON& Tower with Radar,439,53,68,0,560,0,2,7,2,11,439,55,75,2,571,0,0,0,571
07/13/2023,TPA,FL,ASO,ES,Combined TRACON& Tower with Radar,484,58,36,0,578,0,1,22,2,25,484,59,58,2,603,0,0,0,603
07/14/2023,TPA,FL,ASO,ES,Combined TRACON& Tower with Radar,443,56,55,0,554,1,3,16,6,26,444,59,71,6,580,0,0,0,580
07/15/2023,TPA,FL,ASO,ES,Combined TRACON& Tower with Radar,522,30,23,1,576,0,2,10,0,12,522,32,33,1,588,0,0,0,588
07/16/2023,TPA,FL,ASO,ES,Combined TRACON& Tower with Radar,486,41,45,0,572,1,0,21,0,22,487,41,66,0,594,0,0,0,594
07/17/2023,TPA,FL,ASO,ES,Combined TRACON& Tower with Radar,467,50,47,0,564,0,0,25,0,25,467,50,72,0,589,0,0,0,589
07/18/2023,TPA,FL,ASO,ES,Combined TRACON& Tower with Radar,454,56,50,2,562,0,2,6,2,10,454,58,56,4,572,0,0,0,572
07/19/2023,TPA,FL,ASO,ES,Combined TRACON& Tower with Radar,456,57,42,0,555,1,1,17,2,21,457,58,59,2,576,0,0,0,576
07/20/2023,TPA,FL,ASO,ES,Combined TRACON& Tower with Radar,461,67,57,4,589,1,0,20,2,23,462,67,77,6,612,0,0,0,612
07/21/2023,TPA,FL,ASO,ES,Combined TRACON& Tower with Radar,466,59,67,1,593,0,2,15,3,20,466,61,82,4,613,0,0,0,613
07/22/2023,TPA,FL,ASO,ES,Combined TRACON& Tower with Radar,513,45,20,0,578,0,1,13,0,14,513,46,33,0,592,0,0,0,592
07/23/2023,TPA,FL,ASO,ES,Combined TRACON& Tower with Radar,473,35,32,0,540,1,0,14,0,15,474,35,46,0,555,0,0,0,555
07/24/2023,TPA,FL,ASO,ES,Combined TRACON& Tower with Radar,467,61,50,0,578,0,0,18,2,20,467,61,68,2,598,0,0,0,598
07/25/2023,TPA,FL,ASO,ES,Combined TRACON& Tower with Radar,436,53,57,5,551,0,2,26,2,30,436,55,83,7,581,0,0,0,581
07/26/2023,TPA,FL,ASO,ES,Combined TRACON& Tower with Radar,452,44,52,0,548,1,2,9,2,14,453,46,61,2,562,0,0,0,562
07/27/2023,TPA,FL,ASO,ES,Combined TRACON& Tower with Radar,467,54,59,0,580,1,0,21,2,24,468,54,80,2,604,0,0,0,604
07/28/2023,TPA,FL,ASO,ES,Combined TRACON& Tower with Radar,453,51,47,0,551,0,1,8,1,10,453,52,55,1,561,0,0,0,561
07/29/2023,TPA,FL,ASO,ES,Combined TRACON& Tower with Radar,504,45,38,0,587,0,4,9,0,13,504,49,47,0,600,0,0,0,600
07/30/2023,TPA,FL,ASO,ES,Combined TRACON& Tower with Radar,512,51,40,0,603,1,0,22,1,24,513,51,62,1,627,0,0,0,627
07/31/2023,TPA,FL,ASO,ES,Combined TRACON& Tower with Radar,485,49,53,0,587,0,3,13,2,18,485,52,66,2,605,0,0,0,605
08/01/2023,TPA,FL,ASO,ES,Combined TRACON& Tower with Radar,446,68,44,0,558,0,4,17,2,23,446,72,61,2,581,0,0,0,581
08/02/2023,TPA,FL,ASO,ES,Combined TRACON& Tower with Radar,444,60,53,0,557,1,6,17,0,24,445,66,70,0,581,0,0,0,581
08/03/2023,TPA,FL,ASO,ES,Combined TRACON& Tower with Radar,461,50,50,1,562,0,0,20,1,21,461,50,70,2,583,0,0,0,583
08/04/2023,TPA,FL,ASO,ES,Combined TRACON& Tower with Radar,471,63,67,0,601,0,3,19,3,25,471,66,86,3,626,0,0,0,626
08/05/2023,TPA,FL,ASO,ES,Combined TRACON& Tower with Radar,522,55,48,0,625,0,2,17,0,19,522,57,65,0,644,0,0,0,644
08/06/2023,TPA,FL,ASO,ES,Combined TRACON& Tower with Radar,471,38,59,1,569,1,0,24,1,26,472,38,83,2,595,0,0,0,595
08/07/2023,TPA,FL,ASO,ES,Combined TRACON& Tower with Radar,430,47,60,0,537,0,5,18,2,25,430,52,78,2,562,0,0,0,562
08/08/2023,TPA,FL,ASO,ES,Combined TRACON& Tower with Radar,453,47,41,0,541,0,7,14,2,23,453,54,55,2,564,0,0,0,564
08/09/2023,TPA,FL,ASO,ES,Combined TRACON& Tower with Radar,440,54,48,0,542,1,5,34,0,40,441,59,82,0,582,0,0,0,582
08/10/2023,TPA,FL,ASO,ES,Combined TRACON& Tower with Radar,457,64,56,0,577,0,3,19,2,24,457,67,75,2,601,0,0,0,601
08/11/2023,TPA,FL,ASO,ES,Combined TRACON& Tower with Radar,469,62,54,0,585,1,5,20,2,28,470,67,74,2,613,0,0,0,613
08/12/2023,TPA,FL,ASO,ES,Combined TRACON& Tower with Radar,514,39,44,0,597,1,4,7,0,12,515,43,51,0,609,0,0,0,609
08/13/2023,TPA,FL,ASO,ES,Combined TRACON& Tower with Radar,478,46,44,0,568,0,0,19,0,19,478,46,63,0,587,0,0,0,587
08/14/2023,TPA,FL,ASO,ES,Combined TRACON& Tower with Radar,456,54,43,2,555,0,1,18,2,21,456,55,61,4,576,0,0,0,576
08/15/2023,TPA,FL,ASO,ES,Combined TRACON& Tower with Radar,464,69,39,0,572,1,3,22,2,28,465,72,61,2,600,0,0,0,600
08/16/2023,TPA,FL,ASO,ES,Combined TRACON& Tower with Radar,424,47,48,0,519,1,8,19,0,28,425,55,67,0,547,0,0,0,547
08/17/2023,TPA,FL,ASO,ES,Combined TRACON& Tower with Radar,449,50,59,0,558,1,3,14,0,18,450,53,73,0,576,0,0,0,576
08/18/2023,TPA,FL,ASO,ES,Combined TRACON& Tower with Radar,442,58,38,0,538,1,5,17,0,23,443,63,55,0,561,0,0,0,561
08/19/2023,TPA,FL,ASO,ES,Combined TRACON& Tower with Radar,483,41,27,0,551,0,5,4,0,9,483,46,31,0,560,0,0,0,560
08/20/2023,TPA,FL,ASO,ES,Combined TRACON& Tower with Radar,444,45,45,0,534,0,0,10,0,10,444,45,55,0,544,0,0,0,544
08/21/2023,TPA,FL,ASO,ES,Combined TRACON& Tower with Radar,431,52,55,0,538,0,1,11,2,14,431,53,66,2,552,0,0,0,552
08/22/2023,TPA,FL,ASO,ES,Combined TRACON& Tower with Radar,413,50,51,0,514,0,4,24,0,28,413,54,75,0,542,0,0,0,542
08/23/2023,TPA,FL,ASO,ES,Combined TRACON& Tower with Radar,414,56,62,0,532,1,6,29,2,38,415,62,91,2,570,0,0,0,570
08/24/2023,TPA,FL,ASO,ES,Combined TRACON& Tower with Radar,444,67,42,0,553,0,1,17,2,20,444,68,59,2,573,0,0,0,573
08/25/2023,TPA,FL,ASO,ES,Combined TRACON& Tower with Radar,436,50,61,1,548,1,4,18,2,25,437,54,79,3,573,0,0,0,573
08/26/2023,TPA,FL,ASO,ES,Combined TRACON& Tower with Radar,477,46,41,1,565,0,2,7,0,9,477,48,48,1,574,0,0,0,574
08/27/2023,TPA,FL,ASO,ES,Combined TRACON& Tower with Radar,421,33,41,0,495,0,0,11,0,11,421,33,52,0,506,0,0,0,506
08/28/2023,TPA,FL,ASO,ES,Combined TRACON& Tower with Radar,433,64,69,0,566,0,3,16,0,19,433,67,85,0,585,0,0,0,585
08/29/2023,TPA,FL,ASO,ES,Combined TRACON& Tower with Radar,26,10,1,0,37,0,2,2,0,4,26,12,3,0,41,0,0,0,41
08/30/2023,TPA,FL,ASO,ES,Combined TRACON& Tower with Radar,47,3,3,0,53,0,0,5,0,5,47,3,8,0,58,0,0,0,58
08/31/2023,TPA,FL,ASO,ES,Combined TRACON& Tower with Radar,435,53,73,0,561,0,1,17,2,20,435,54,90,2,581,0,0,0,581
