01/01/2000,TRI,TN,ASO,ES,Towers with Radar,7,15,12,0,34,13,0,17,0,30,20,15,29,0,64,6,0,6,70
01/02/2000,TRI,TN,ASO,ES,Towers with Radar,13,27,28,0,68,0,0,73,0,73,13,27,101,0,141,130,0,130,271
01/03/2000,TRI,TN,ASO,ES,Towers with Radar,21,42,31,0,94,10,0,34,0,44,31,42,65,0,138,45,0,45,183
01/04/2000,TRI,TN,ASO,ES,Towers with Radar,21,48,33,0,102,0,6,16,0,22,21,54,49,0,124,32,0,32,156
01/05/2000,TRI,TN,ASO,ES,Towers with Radar,25,55,46,1,127,0,0,26,1,27,25,55,72,2,154,42,0,42,196
01/06/2000,TRI,TN,ASO,ES,Towers with Radar,21,55,42,1,119,0,0,66,1,67,21,55,108,2,186,107,0,107,293
01/07/2000,TRI,TN,ASO,ES,Towers with Radar,24,48,35,0,107,12,0,69,0,81,36,48,104,0,188,48,0,48,236
01/08/2000,TRI,TN,ASO,ES,Towers with Radar,17,29,25,0,71,3,0,72,0,75,20,29,97,0,146,110,0,110,256
01/09/2000,TRI,TN,ASO,ES,Towers with Radar,10,22,9,0,41,1,5,0,0,6,11,27,9,0,47,20,0,20,67
01/10/2000,TRI,TN,ASO,ES,Towers with Radar,17,47,31,1,96,0,14,3,7,24,17,61,34,8,120,12,0,12,132
01/11/2000,TRI,TN,ASO,ES,Towers with Radar,26,57,39,0,122,0,10,9,0,19,26,67,48,0,141,48,0,48,189
01/12/2000,TRI,TN,ASO,ES,Towers with Radar,27,57,42,0,126,0,0,115,0,115,27,57,157,0,241,107,0,107,348
01/13/2000,TRI,TN,ASO,ES,Towers with Radar,25,52,40,0,117,0,0,44,0,44,25,52,84,0,161,46,0,46,207
01/14/2000,TRI,TN,ASO,ES,Towers with Radar,23,53,36,0,112,0,4,102,0,106,23,57,138,0,218,86,0,86,304
01/15/2000,TRI,TN,ASO,ES,Towers with Radar,15,28,22,0,65,2,0,114,0,116,17,28,136,0,181,167,0,167,348
01/16/2000,TRI,TN,ASO,ES,Towers with Radar,13,26,18,0,57,5,2,14,0,21,18,28,32,0,78,120,0,120,198
01/17/2000,TRI,TN,ASO,ES,Towers with Radar,21,36,31,0,88,6,0,58,0,64,27,36,89,0,152,74,0,74,226
01/18/2000,TRI,TN,ASO,ES,Towers with Radar,22,46,32,0,100,0,15,9,0,24,22,61,41,0,124,0,0,0,124
01/19/2000,TRI,TN,ASO,ES,Towers with Radar,23,57,48,0,128,0,0,75,0,75,23,57,123,0,203,80,0,80,283
01/20/2000,TRI,TN,ASO,ES,Towers with Radar,20,44,31,0,95,0,10,24,0,34,20,54,55,0,129,0,0,0,129
01/21/2000,TRI,TN,ASO,ES,Towers with Radar,24,55,39,0,118,0,4,41,2,47,24,59,80,2,165,128,0,128,293
01/22/2000,TRI,TN,ASO,ES,Towers with Radar,12,23,17,0,52,5,3,13,2,23,17,26,30,2,75,24,0,24,99
01/23/2000,TRI,TN,ASO,ES,Towers with Radar,10,20,15,0,45,2,8,1,2,13,12,28,16,2,58,0,0,0,58
01/24/2000,TRI,TN,ASO,ES,Towers with Radar,20,42,30,0,92,4,11,4,0,19,24,53,34,0,111,20,0,20,131
01/25/2000,TRI,TN,ASO,ES,Towers with Radar,20,49,34,0,103,0,1,53,0,54,20,50,87,0,157,37,0,37,194
01/26/2000,TRI,TN,ASO,ES,Towers with Radar,16,49,34,0,99,0,13,16,0,29,16,62,50,0,128,6,0,6,134
01/27/2000,TRI,TN,ASO,ES,Towers with Radar,19,59,41,0,119,0,0,75,0,75,19,59,116,0,194,28,0,28,222
01/28/2000,TRI,TN,ASO,ES,Towers with Radar,15,50,35,0,100,0,5,31,0,36,15,55,66,0,136,54,0,54,190
01/29/2000,TRI,TN,ASO,ES,Towers with Radar,5,13,10,0,28,0,9,16,0,25,5,22,26,0,53,28,0,28,81
01/30/2000,TRI,TN,ASO,ES,Towers with Radar,2,21,3,0,26,0,1,0,0,1,2,22,3,0,27,0,0,0,27
01/31/2000,TRI,TN,ASO,ES,Towers with Radar,26,44,38,0,108,13,0,12,0,25,39,44,50,0,133,60,0,60,193
02/01/2000,TRI,TN,ASO,ES,Towers with Radar,15,63,49,0,127,0,0,10,0,10,15,63,59,0,137,98,0,98,235
02/02/2000,TRI,TN,ASO,ES,Towers with Radar,23,59,46,0,128,3,5,83,0,91,26,64,129,0,219,152,0,152,371
02/03/2000,TRI,TN,ASO,ES,Towers with Radar,21,56,44,0,121,0,1,45,0,46,21,57,89,0,167,21,0,21,188
02/04/2000,TRI,TN,ASO,ES,Towers with Radar,19,53,42,0,114,1,5,33,0,39,20,58,75,0,153,61,0,61,214
02/05/2000,TRI,TN,ASO,ES,Towers with Radar,13,27,28,1,69,1,0,42,7,50,14,27,70,8,119,92,0,92,211
02/06/2000,TRI,TN,ASO,ES,Towers with Radar,10,28,24,1,63,4,0,98,1,103,14,28,122,2,166,138,0,138,304
02/07/2000,TRI,TN,ASO,ES,Towers with Radar,14,52,41,0,107,0,12,67,0,79,14,64,108,0,186,39,0,39,225
02/08/2000,TRI,TN,ASO,ES,Towers with Radar,17,51,40,0,108,0,16,59,0,75,17,67,99,0,183,114,0,114,297
02/09/2000,TRI,TN,ASO,ES,Towers with Radar,20,55,43,0,118,1,7,63,0,71,21,62,106,0,189,106,0,106,295
02/10/2000,TRI,TN,ASO,ES,Towers with Radar,20,55,43,0,118,0,7,64,0,71,20,62,107,0,189,92,0,92,281
02/11/2000,TRI,TN,ASO,ES,Towers with Radar,21,60,47,1,129,0,2,20,1,23,21,62,67,2,152,67,0,67,219
02/12/2000,TRI,TN,ASO,ES,Towers with Radar,8,21,17,1,47,7,14,0,1,22,15,35,17,2,69,40,0,40,109
02/13/2000,TRI,TN,ASO,ES,Towers with Radar,9,26,21,1,57,2,3,67,1,73,11,29,88,2,130,121,0,121,251
02/14/2000,TRI,TN,ASO,ES,Towers with Radar,16,45,35,1,97,2,11,3,1,17,18,56,38,2,114,6,0,6,120
02/15/2000,TRI,TN,ASO,ES,Towers with Radar,17,67,50,2,136,0,1,76,0,77,17,68,126,2,213,53,0,53,266
02/16/2000,TRI,TN,ASO,ES,Towers with Radar,22,57,45,0,124,3,0,84,0,87,25,57,129,0,211,142,0,142,353
02/17/2000,TRI,TN,ASO,ES,Towers with Radar,23,51,47,1,122,6,0,69,2,77,29,51,116,3,199,69,0,69,268
02/18/2000,TRI,TN,ASO,ES,Towers with Radar,16,43,32,1,92,0,9,8,2,19,16,52,40,3,111,26,0,26,137
02/19/2000,TRI,TN,ASO,ES,Towers with Radar,14,25,31,1,71,5,0,33,2,40,19,25,64,3,111,118,0,118,229
02/20/2000,TRI,TN,ASO,ES,Towers with Radar,10,37,31,1,79,0,0,69,2,71,10,37,100,3,150,152,0,152,302
02/21/2000,TRI,TN,ASO,ES,Towers with Radar,18,47,42,0,107,0,0,100,0,100,18,47,142,0,207,120,0,120,327
02/22/2000,TRI,TN,ASO,ES,Towers with Radar,18,63,48,1,130,0,0,101,1,102,18,63,149,2,232,122,0,122,354
02/23/2000,TRI,TN,ASO,ES,Towers with Radar,21,51,44,0,116,0,0,129,1,130,21,51,173,1,246,244,0,244,490
02/24/2000,TRI,TN,ASO,ES,Towers with Radar,21,61,50,1,133,0,0,57,1,58,21,61,107,2,191,138,0,138,329
02/25/2000,TRI,TN,ASO,ES,Towers with Radar,12,57,43,0,112,0,8,95,0,103,12,65,138,0,215,108,0,108,323
02/26/2000,TRI,TN,ASO,ES,Towers with Radar,12,32,24,0,68,2,0,65,0,67,14,32,89,0,135,51,0,51,186
02/27/2000,TRI,TN,ASO,ES,Towers with Radar,13,34,26,0,73,7,3,7,0,17,20,37,33,0,90,38,0,38,128
02/28/2000,TRI,TN,ASO,ES,Towers with Radar,17,49,38,0,104,0,11,94,0,105,17,60,132,0,209,104,0,104,313
02/29/2000,TRI,TN,ASO,ES,Towers with Radar,18,53,41,0,112,0,10,77,2,89,18,63,118,2,201,105,0,105,306
03/01/2000,TRI,TN,ASO,ES,Towers with Radar,19,55,60,1,135,0,0,49,1,50,19,55,109,2,185,70,0,70,255
03/02/2000,TRI,TN,ASO,ES,Towers with Radar,21,58,61,0,140,0,0,52,0,52,21,58,113,0,192,104,0,104,296
03/03/2000,TRI,TN,ASO,ES,Towers with Radar,20,41,56,1,118,23,0,37,2,62,43,41,93,3,180,77,0,77,257
03/04/2000,TRI,TN,ASO,ES,Towers with Radar,9,24,23,0,56,1,17,52,0,70,10,41,75,0,126,82,0,82,208
03/05/2000,TRI,TN,ASO,ES,Towers with Radar,13,35,35,0,83,1,4,78,5,88,14,39,113,5,171,81,0,81,252
03/06/2000,TRI,TN,ASO,ES,Towers with Radar,12,40,40,0,92,0,12,87,0,99,12,52,127,0,191,114,0,114,305
03/07/2000,TRI,TN,ASO,ES,Towers with Radar,15,49,50,1,115,0,6,64,1,71,15,55,114,2,186,61,0,61,247
03/08/2000,TRI,TN,ASO,ES,Towers with Radar,18,51,52,1,122,1,3,91,0,95,19,54,143,1,217,94,0,94,311
03/09/2000,TRI,TN,ASO,ES,Towers with Radar,18,48,51,0,117,1,4,14,0,19,19,52,65,0,136,78,0,78,214
03/10/2000,TRI,TN,ASO,ES,Towers with Radar,19,56,70,2,147,0,0,105,2,107,19,56,175,4,254,72,0,72,326
03/11/2000,TRI,TN,ASO,ES,Towers with Radar,10,25,25,1,61,6,5,16,3,30,16,30,41,4,91,38,0,38,129
03/12/2000,TRI,TN,ASO,ES,Towers with Radar,14,33,37,1,85,0,0,18,1,19,14,33,55,2,104,78,0,78,182
03/13/2000,TRI,TN,ASO,ES,Towers with Radar,14,50,52,0,116,0,3,73,0,76,14,53,125,0,192,134,0,134,326
03/14/2000,TRI,TN,ASO,ES,Towers with Radar,17,53,61,0,131,0,0,79,0,79,17,53,140,0,210,124,0,124,334
03/15/2000,TRI,TN,ASO,ES,Towers with Radar,17,52,54,0,123,0,6,104,0,110,17,58,158,0,233,108,0,108,341
03/16/2000,TRI,TN,ASO,ES,Towers with Radar,15,51,53,0,119,0,3,27,0,30,15,54,80,0,149,54,0,54,203
03/17/2000,TRI,TN,ASO,ES,Towers with Radar,18,54,56,2,130,0,5,44,3,52,18,59,100,5,182,6,0,6,188
03/18/2000,TRI,TN,ASO,ES,Towers with Radar,11,33,33,1,78,1,1,122,4,128,12,34,155,5,206,115,0,115,321
03/19/2000,TRI,TN,ASO,ES,Towers with Radar,11,32,32,0,75,0,3,37,0,40,11,35,69,0,115,66,0,66,181
03/20/2000,TRI,TN,ASO,ES,Towers with Radar,13,38,38,0,89,2,14,23,0,39,15,52,61,0,128,33,0,33,161
03/21/2000,TRI,TN,ASO,ES,Towers with Radar,20,56,60,2,138,0,0,45,7,52,20,56,105,9,190,164,0,164,354
03/22/2000,TRI,TN,ASO,ES,Towers with Radar,19,63,66,2,150,0,10,76,8,94,19,73,142,10,244,109,0,109,353
03/23/2000,TRI,TN,ASO,ES,Towers with Radar,21,54,62,2,139,0,0,138,1,139,21,54,200,3,278,100,0,100,378
03/24/2000,TRI,TN,ASO,ES,Towers with Radar,14,59,62,2,137,0,1,133,0,134,14,60,195,2,271,34,0,34,305
03/25/2000,TRI,TN,ASO,ES,Towers with Radar,12,36,49,2,99,0,0,97,0,97,12,36,146,2,196,110,0,110,306
03/26/2000,TRI,TN,ASO,ES,Towers with Radar,13,36,183,1,233,0,0,220,2,222,13,36,403,3,455,86,0,86,541
03/27/2000,TRI,TN,ASO,ES,Towers with Radar,16,55,57,0,128,0,0,12,0,12,16,55,69,0,140,44,0,44,184
03/28/2000,TRI,TN,ASO,ES,Towers with Radar,17,54,53,2,126,0,2,42,0,44,17,56,95,2,170,34,0,34,204
03/29/2000,TRI,TN,ASO,ES,Towers with Radar,18,57,61,1,137,0,0,138,2,140,18,57,199,3,277,158,0,158,435
03/30/2000,TRI,TN,ASO,ES,Towers with Radar,21,59,63,1,144,0,0,66,0,66,21,59,129,1,210,94,0,94,304
03/31/2000,TRI,TN,ASO,ES,Towers with Radar,21,56,44,0,121,0,0,128,0,128,21,56,172,0,249,110,0,110,359
04/01/2000,TRI,TN,ASO,ES,Towers with Radar,19,33,39,2,93,0,0,96,0,96,19,33,135,2,189,143,0,143,332
04/02/2000,TRI,TN,ASO,ES,Towers with Radar,11,34,22,2,69,0,1,23,0,24,11,35,45,2,93,41,0,41,134
04/03/2000,TRI,TN,ASO,ES,Towers with Radar,21,39,41,0,101,0,4,41,0,45,21,43,82,0,146,66,0,66,212
04/04/2000,TRI,TN,ASO,ES,Towers with Radar,19,36,45,0,100,0,1,9,0,10,19,37,54,0,110,0,0,0,110
04/05/2000,TRI,TN,ASO,ES,Towers with Radar,23,51,61,0,135,0,6,106,1,113,23,57,167,1,248,104,0,104,352
04/06/2000,TRI,TN,ASO,ES,Towers with Radar,20,47,57,0,124,0,4,92,4,100,20,51,149,4,224,108,0,108,332
04/07/2000,TRI,TN,ASO,ES,Towers with Radar,14,50,56,2,122,0,1,105,0,106,14,51,161,2,228,104,0,104,332
04/08/2000,TRI,TN,ASO,ES,Towers with Radar,9,17,16,0,42,4,13,0,0,17,13,30,16,0,59,0,0,0,59
04/09/2000,TRI,TN,ASO,ES,Towers with Radar,17,24,38,0,79,0,0,80,0,80,17,24,118,0,159,124,0,124,283
04/10/2000,TRI,TN,ASO,ES,Towers with Radar,21,45,60,0,126,0,0,104,0,104,21,45,164,0,230,184,0,184,414
04/11/2000,TRI,TN,ASO,ES,Towers with Radar,21,45,66,0,132,0,0,43,0,43,21,45,109,0,175,78,0,78,253
04/12/2000,TRI,TN,ASO,ES,Towers with Radar,23,41,54,0,118,0,0,55,2,57,23,41,109,2,175,110,0,110,285
04/13/2000,TRI,TN,ASO,ES,Towers with Radar,23,51,62,0,136,0,0,29,0,29,23,51,91,0,165,74,0,74,239
04/14/2000,TRI,TN,ASO,ES,Towers with Radar,22,44,49,2,117,0,0,96,0,96,22,44,145,2,213,124,0,124,337
04/15/2000,TRI,TN,ASO,ES,Towers with Radar,13,28,32,0,73,2,3,61,4,70,15,31,93,4,143,214,0,214,357
04/16/2000,TRI,TN,ASO,ES,Towers with Radar,14,26,30,1,71,0,0,88,4,92,14,26,118,5,163,224,0,224,387
04/17/2000,TRI,TN,ASO,ES,Towers with Radar,19,49,39,0,107,0,0,35,0,35,19,49,74,0,142,80,0,80,222
04/18/2000,TRI,TN,ASO,ES,Towers with Radar,22,44,78,0,144,2,0,19,0,21,24,44,97,0,165,10,0,10,175
04/19/2000,TRI,TN,ASO,ES,Towers with Radar,24,46,85,3,158,0,0,109,3,112,24,46,194,6,270,210,0,210,480
04/20/2000,TRI,TN,ASO,ES,Towers with Radar,21,37,53,0,111,0,0,75,0,75,21,37,128,0,186,81,0,81,267
04/21/2000,TRI,TN,ASO,ES,Towers with Radar,20,39,38,0,97,0,2,47,0,49,20,41,85,0,146,60,0,60,206
04/22/2000,TRI,TN,ASO,ES,Towers with Radar,15,29,38,0,82,5,0,41,0,46,20,29,79,0,128,132,0,132,260
04/23/2000,TRI,TN,ASO,ES,Towers with Radar,18,27,27,0,72,0,0,70,0,70,18,27,97,0,142,97,0,97,239
04/24/2000,TRI,TN,ASO,ES,Towers with Radar,20,41,37,0,98,0,2,12,0,14,20,43,49,0,112,16,0,16,128
04/25/2000,TRI,TN,ASO,ES,Towers with Radar,25,44,65,0,134,0,0,19,0,19,25,44,84,0,153,66,0,66,219
04/26/2000,TRI,TN,ASO,ES,Towers with Radar,27,45,62,0,134,0,0,86,0,86,27,45,148,0,220,82,0,82,302
04/27/2000,TRI,TN,ASO,ES,Towers with Radar,25,44,54,0,123,0,0,113,0,113,25,44,167,0,236,162,0,162,398
04/28/2000,TRI,TN,ASO,ES,Towers with Radar,20,41,43,0,104,0,1,71,0,72,20,42,114,0,176,152,0,152,328
04/29/2000,TRI,TN,ASO,ES,Towers with Radar,17,27,40,0,84,4,0,92,0,96,21,27,132,0,180,104,0,104,284
04/30/2000,TRI,TN,ASO,ES,Towers with Radar,19,23,42,0,84,0,1,152,0,153,19,24,194,0,237,134,0,134,371
05/01/2000,TRI,TN,ASO,ES,Towers with Radar,22,44,47,0,113,0,0,91,0,91,22,44,138,0,204,107,0,107,311
05/02/2000,TRI,TN,ASO,ES,Towers with Radar,20,47,50,0,117,0,0,47,2,49,20,47,97,2,166,142,0,142,308
05/03/2000,TRI,TN,ASO,ES,Towers with Radar,24,47,48,0,119,0,0,67,0,67,24,47,115,0,186,78,0,78,264
05/04/2000,TRI,TN,ASO,ES,Towers with Radar,25,45,54,0,124,0,0,126,2,128,25,45,180,2,252,160,0,160,412
05/05/2000,TRI,TN,ASO,ES,Towers with Radar,23,47,52,0,122,0,0,115,2,117,23,47,167,2,239,146,0,146,385
05/06/2000,TRI,TN,ASO,ES,Towers with Radar,14,25,29,0,68,7,6,71,2,86,21,31,100,2,154,87,0,87,241
05/07/2000,TRI,TN,ASO,ES,Towers with Radar,16,28,32,0,76,5,0,94,2,101,21,28,126,2,177,89,0,89,266
05/08/2000,TRI,TN,ASO,ES,Towers with Radar,21,46,40,2,109,0,1,76,0,77,21,47,116,2,186,98,0,98,284
05/09/2000,TRI,TN,ASO,ES,Towers with Radar,22,39,42,0,103,0,0,104,0,104,22,39,146,0,207,133,0,133,340
05/10/2000,TRI,TN,ASO,ES,Towers with Radar,28,36,74,0,138,0,0,52,0,52,28,36,126,0,190,106,0,106,296
05/11/2000,TRI,TN,ASO,ES,Towers with Radar,21,41,64,0,126,0,2,100,0,102,21,43,164,0,228,104,0,104,332
05/12/2000,TRI,TN,ASO,ES,Towers with Radar,17,41,37,0,95,0,0,59,2,61,17,41,96,2,156,40,0,40,196
05/13/2000,TRI,TN,ASO,ES,Towers with Radar,23,28,21,0,72,0,6,64,0,70,23,34,85,0,142,125,0,125,267
05/14/2000,TRI,TN,ASO,ES,Towers with Radar,18,31,24,0,73,0,0,104,0,104,18,31,128,0,177,91,0,91,268
05/15/2000,TRI,TN,ASO,ES,Towers with Radar,19,47,48,2,116,0,2,82,0,84,19,49,130,2,200,138,0,138,338
05/16/2000,TRI,TN,ASO,ES,Towers with Radar,21,44,42,2,109,0,1,54,0,55,21,45,96,2,164,68,0,68,232
05/17/2000,TRI,TN,ASO,ES,Towers with Radar,26,42,51,0,119,0,0,49,0,49,26,42,100,0,168,154,0,154,322
05/18/2000,TRI,TN,ASO,ES,Towers with Radar,23,47,49,0,119,0,0,62,0,62,23,47,111,0,181,117,0,117,298
05/19/2000,TRI,TN,ASO,ES,Towers with Radar,23,43,35,0,101,0,0,42,0,42,23,43,77,0,143,42,0,42,185
05/20/2000,TRI,TN,ASO,ES,Towers with Radar,21,30,21,0,72,0,0,81,0,81,21,30,102,0,153,154,0,154,307
05/21/2000,TRI,TN,ASO,ES,Towers with Radar,15,31,46,0,92,0,0,56,0,56,15,31,102,0,148,184,0,184,332
05/22/2000,TRI,TN,ASO,ES,Towers with Radar,17,42,42,3,104,0,0,69,0,69,17,42,111,3,173,42,0,42,215
05/23/2000,TRI,TN,ASO,ES,Towers with Radar,22,41,53,0,116,0,0,17,0,17,22,41,70,0,133,22,0,22,155
05/24/2000,TRI,TN,ASO,ES,Towers with Radar,27,52,62,0,141,0,0,25,0,25,27,52,87,0,166,102,0,102,268
05/25/2000,TRI,TN,ASO,ES,Towers with Radar,18,43,51,0,112,0,0,50,2,52,18,43,101,2,164,100,0,100,264
05/26/2000,TRI,TN,ASO,ES,Towers with Radar,27,50,52,0,129,0,0,108,0,108,27,50,160,0,237,176,0,176,413
05/27/2000,TRI,TN,ASO,ES,Towers with Radar,14,29,31,0,74,6,2,31,0,39,20,31,62,0,113,30,0,30,143
05/28/2000,TRI,TN,ASO,ES,Towers with Radar,12,24,25,0,61,11,5,5,0,21,23,29,30,0,82,14,0,14,96
05/29/2000,TRI,TN,ASO,ES,Towers with Radar,22,34,40,0,96,0,0,89,0,89,22,34,129,0,185,143,0,143,328
05/30/2000,TRI,TN,ASO,ES,Towers with Radar,21,40,52,0,113,0,0,103,0,103,21,40,155,0,216,158,0,158,374
05/31/2000,TRI,TN,ASO,ES,Towers with Radar,20,46,68,0,134,0,0,108,0,108,20,46,176,0,242,137,0,137,379
06/01/2000,TRI,TN,ASO,ES,Towers with Radar,18,49,42,0,109,1,0,102,0,103,19,49,144,0,212,108,0,108,320
06/02/2000,TRI,TN,ASO,ES,Towers with Radar,19,39,57,0,115,1,1,94,0,96,20,40,151,0,211,152,0,152,363
06/03/2000,TRI,TN,ASO,ES,Towers with Radar,19,25,44,6,94,1,0,60,0,61,20,25,104,6,155,122,0,122,277
06/04/2000,TRI,TN,ASO,ES,Towers with Radar,16,33,42,0,91,1,0,48,0,49,17,33,90,0,140,132,0,132,272
06/05/2000,TRI,TN,ASO,ES,Towers with Radar,17,46,67,0,130,1,0,36,0,37,18,46,103,0,167,114,0,114,281
06/06/2000,TRI,TN,ASO,ES,Towers with Radar,22,43,57,2,124,1,2,37,6,46,23,45,94,8,170,31,0,31,201
06/07/2000,TRI,TN,ASO,ES,Towers with Radar,30,49,70,0,149,0,0,121,0,121,30,49,191,0,270,105,0,105,375
06/08/2000,TRI,TN,ASO,ES,Towers with Radar,30,38,60,0,128,0,0,112,0,112,30,38,172,0,240,85,0,85,325
06/09/2000,TRI,TN,ASO,ES,Towers with Radar,28,40,59,0,127,0,0,95,0,95,28,40,154,0,222,98,0,98,320
06/10/2000,TRI,TN,ASO,ES,Towers with Radar,16,31,40,0,87,0,0,90,0,90,16,31,130,0,177,114,0,114,291
06/11/2000,TRI,TN,ASO,ES,Towers with Radar,15,32,35,0,82,0,0,91,0,91,15,32,126,0,173,112,0,112,285
06/12/2000,TRI,TN,ASO,ES,Towers with Radar,20,40,43,0,103,0,0,57,0,57,20,40,100,0,160,25,0,25,185
06/13/2000,TRI,TN,ASO,ES,Towers with Radar,23,35,74,0,132,0,0,49,0,49,23,35,123,0,181,23,0,23,204
06/14/2000,TRI,TN,ASO,ES,Towers with Radar,18,46,46,0,110,0,0,49,0,49,18,46,95,0,159,58,0,58,217
06/15/2000,TRI,TN,ASO,ES,Towers with Radar,22,35,63,0,120,0,0,50,0,50,22,35,113,0,170,53,0,53,223
06/16/2000,TRI,TN,ASO,ES,Towers with Radar,25,40,49,0,114,0,0,46,0,46,25,40,95,0,160,80,0,80,240
06/17/2000,TRI,TN,ASO,ES,Towers with Radar,20,23,23,0,66,0,0,80,0,80,20,23,103,0,146,40,0,40,186
06/18/2000,TRI,TN,ASO,ES,Towers with Radar,18,34,21,0,73,0,0,35,2,37,18,34,56,2,110,35,0,35,145
06/19/2000,TRI,TN,ASO,ES,Towers with Radar,19,39,55,0,113,0,1,45,0,46,19,40,100,0,159,150,0,150,309
06/20/2000,TRI,TN,ASO,ES,Towers with Radar,20,57,38,2,117,0,0,68,0,68,20,57,106,2,185,91,0,91,276
06/21/2000,TRI,TN,ASO,ES,Towers with Radar,20,40,55,0,115,0,0,81,0,81,20,40,136,0,196,65,0,65,261
06/22/2000,TRI,TN,ASO,ES,Towers with Radar,26,45,67,1,139,0,0,86,1,87,26,45,153,2,226,101,0,101,327
06/23/2000,TRI,TN,ASO,ES,Towers with Radar,21,39,46,3,109,0,0,135,0,135,21,39,181,3,244,52,0,52,296
06/24/2000,TRI,TN,ASO,ES,Towers with Radar,27,22,18,1,68,0,2,96,1,99,27,24,114,2,167,202,0,202,369
06/25/2000,TRI,TN,ASO,ES,Towers with Radar,15,28,27,2,72,0,0,69,0,69,15,28,96,2,141,121,0,121,262
06/26/2000,TRI,TN,ASO,ES,Towers with Radar,17,40,52,2,111,0,0,65,1,66,17,40,117,3,177,108,0,108,285
06/27/2000,TRI,TN,ASO,ES,Towers with Radar,22,39,51,4,116,0,0,42,2,44,22,39,93,6,160,28,0,28,188
06/28/2000,TRI,TN,ASO,ES,Towers with Radar,18,43,55,0,116,0,7,35,0,42,18,50,90,0,158,0,0,0,158
06/29/2000,TRI,TN,ASO,ES,Towers with Radar,26,40,52,2,120,0,0,99,0,99,26,40,151,2,219,115,0,115,334
06/30/2000,TRI,TN,ASO,ES,Towers with Radar,19,47,64,0,130,0,0,101,0,101,19,47,165,0,231,138,0,138,369
07/01/2000,TRI,TN,ASO,ES,Towers with Radar,23,26,25,0,74,0,1,109,0,110,23,27,134,0,184,142,0,142,326
07/02/2000,TRI,TN,ASO,ES,Towers with Radar,13,24,26,0,63,0,1,95,0,96,13,25,121,0,159,94,0,94,253
07/03/2000,TRI,TN,ASO,ES,Towers with Radar,17,33,22,0,72,0,1,88,0,89,17,34,110,0,161,154,0,154,315
07/04/2000,TRI,TN,ASO,ES,Towers with Radar,18,23,25,0,66,0,1,68,0,69,18,24,93,0,135,88,0,88,223
07/05/2000,TRI,TN,ASO,ES,Towers with Radar,21,41,59,0,121,0,1,23,0,24,21,42,82,0,145,42,0,42,187
07/06/2000,TRI,TN,ASO,ES,Towers with Radar,24,41,83,0,148,0,1,80,0,81,24,42,163,0,229,136,0,136,365
07/07/2000,TRI,TN,ASO,ES,Towers with Radar,26,42,53,1,122,0,1,102,1,104,26,43,155,2,226,176,0,176,402
07/08/2000,TRI,TN,ASO,ES,Towers with Radar,20,30,46,1,97,1,0,107,1,109,21,30,153,2,206,175,0,175,381
07/09/2000,TRI,TN,ASO,ES,Towers with Radar,18,31,49,1,99,0,0,62,1,63,18,31,111,2,162,116,0,116,278
07/10/2000,TRI,TN,ASO,ES,Towers with Radar,17,36,51,0,104,0,0,66,0,66,17,36,117,0,170,91,0,91,261
07/11/2000,TRI,TN,ASO,ES,Towers with Radar,24,41,61,0,126,0,1,31,0,32,24,42,92,0,158,44,0,44,202
07/12/2000,TRI,TN,ASO,ES,Towers with Radar,27,43,63,7,140,0,0,12,0,12,27,43,75,7,152,28,0,28,180
07/13/2000,TRI,TN,ASO,ES,Towers with Radar,30,32,75,1,138,0,0,42,0,42,30,32,117,1,180,92,0,92,272
07/14/2000,TRI,TN,ASO,ES,Towers with Radar,25,37,67,1,130,0,0,51,0,51,25,37,118,1,181,109,0,109,290
07/15/2000,TRI,TN,ASO,ES,Towers with Radar,16,21,35,1,73,8,0,67,0,75,24,21,102,1,148,112,0,112,260
07/16/2000,TRI,TN,ASO,ES,Towers with Radar,17,26,35,2,80,0,0,93,0,93,17,26,128,2,173,132,0,132,305
07/17/2000,TRI,TN,ASO,ES,Towers with Radar,19,41,59,0,119,0,1,103,3,107,19,42,162,3,226,122,0,122,348
07/18/2000,TRI,TN,ASO,ES,Towers with Radar,21,44,42,0,107,0,0,85,0,85,21,44,127,0,192,114,0,114,306
07/19/2000,TRI,TN,ASO,ES,Towers with Radar,20,45,85,2,152,0,0,47,0,47,20,45,132,2,199,58,0,58,257
07/20/2000,TRI,TN,ASO,ES,Towers with Radar,21,44,74,3,142,0,0,96,1,97,21,44,170,4,239,218,0,218,457
07/21/2000,TRI,TN,ASO,ES,Towers with Radar,19,38,60,0,117,0,0,106,4,110,19,38,166,4,227,144,0,144,371
07/22/2000,TRI,TN,ASO,ES,Towers with Radar,17,29,41,1,88,2,0,74,1,77,19,29,115,2,165,206,0,206,371
07/23/2000,TRI,TN,ASO,ES,Towers with Radar,14,29,38,1,82,0,1,63,2,66,14,30,101,3,148,190,0,190,338
07/24/2000,TRI,TN,ASO,ES,Towers with Radar,21,43,40,1,105,0,0,33,0,33,21,43,73,1,138,34,0,34,172
07/25/2000,TRI,TN,ASO,ES,Towers with Radar,17,43,51,24,135,0,0,58,16,74,17,43,109,40,209,98,42,140,349
07/26/2000,TRI,TN,ASO,ES,Towers with Radar,24,41,71,0,136,0,0,90,0,90,24,41,161,0,226,214,0,214,440
07/27/2000,TRI,TN,ASO,ES,Towers with Radar,25,50,59,0,134,0,0,140,1,141,25,50,199,1,275,152,0,152,427
07/28/2000,TRI,TN,ASO,ES,Towers with Radar,21,41,49,0,111,0,0,50,0,50,21,41,99,0,161,68,0,68,229
07/29/2000,TRI,TN,ASO,ES,Towers with Radar,14,24,33,0,71,11,3,45,0,59,25,27,78,0,130,127,0,127,257
07/30/2000,TRI,TN,ASO,ES,Towers with Radar,17,26,26,0,69,0,0,61,0,61,17,26,87,0,130,122,0,122,252
07/31/2000,TRI,TN,ASO,ES,Towers with Radar,19,43,53,2,117,0,0,63,0,63,19,43,116,2,180,150,0,150,330
08/01/2000,TRI,TN,ASO,ES,Towers with Radar,20,39,67,4,130,1,1,51,0,53,21,40,118,4,183,102,0,102,285
08/02/2000,TRI,TN,ASO,ES,Towers with Radar,21,47,86,2,156,1,1,43,0,45,22,48,129,2,201,134,0,134,335
08/03/2000,TRI,TN,ASO,ES,Towers with Radar,21,44,61,2,128,1,1,27,2,31,22,45,88,4,159,74,0,74,233
08/04/2000,TRI,TN,ASO,ES,Towers with Radar,23,43,67,4,137,1,1,38,0,40,24,44,105,4,177,103,0,103,280
08/05/2000,TRI,TN,ASO,ES,Towers with Radar,18,31,63,1,113,3,0,76,1,80,21,31,139,2,193,182,0,182,375
08/06/2000,TRI,TN,ASO,ES,Towers with Radar,19,30,37,2,88,1,1,103,0,105,20,31,140,2,193,230,0,230,423
08/07/2000,TRI,TN,ASO,ES,Towers with Radar,18,47,69,0,134,1,2,65,0,68,19,49,134,0,202,147,0,147,349
08/08/2000,TRI,TN,ASO,ES,Towers with Radar,28,33,59,0,120,1,1,50,0,52,29,34,109,0,172,87,0,87,259
08/09/2000,TRI,TN,ASO,ES,Towers with Radar,20,35,63,2,120,1,1,109,0,111,21,36,172,2,231,159,0,159,390
08/10/2000,TRI,TN,ASO,ES,Towers with Radar,20,36,61,0,117,1,1,81,0,83,21,37,142,0,200,154,0,154,354
08/11/2000,TRI,TN,ASO,ES,Towers with Radar,26,42,47,0,115,1,1,96,0,98,27,43,143,0,213,157,0,157,370
08/12/2000,TRI,TN,ASO,ES,Towers with Radar,20,28,31,0,79,1,1,75,0,77,21,29,106,0,156,143,0,143,299
08/13/2000,TRI,TN,ASO,ES,Towers with Radar,16,32,43,1,92,1,1,117,0,119,17,33,160,1,211,175,0,175,386
08/14/2000,TRI,TN,ASO,ES,Towers with Radar,20,42,75,0,137,0,2,81,0,83,20,44,156,0,220,188,0,188,408
08/15/2000,TRI,TN,ASO,ES,Towers with Radar,27,40,68,2,137,0,2,83,2,87,27,42,151,4,224,128,0,128,352
08/16/2000,TRI,TN,ASO,ES,Towers with Radar,23,44,68,0,135,0,2,71,0,73,23,46,139,0,208,144,0,144,352
08/17/2000,TRI,TN,ASO,ES,Towers with Radar,20,42,61,0,123,0,2,66,0,68,20,44,127,0,191,116,0,116,307
08/18/2000,TRI,TN,ASO,ES,Towers with Radar,24,45,62,0,131,0,2,38,1,41,24,47,100,1,172,113,0,113,285
08/19/2000,TRI,TN,ASO,ES,Towers with Radar,15,24,48,0,87,5,9,62,1,77,20,33,110,1,164,112,0,112,276
08/20/2000,TRI,TN,ASO,ES,Towers with Radar,19,31,63,1,114,0,0,25,0,25,19,31,88,1,139,76,0,76,215
08/21/2000,TRI,TN,ASO,ES,Towers with Radar,21,35,62,0,118,0,2,83,2,87,21,37,145,2,205,164,0,164,369
08/22/2000,TRI,TN,ASO,ES,Towers with Radar,27,44,87,0,158,0,3,77,0,80,27,47,164,0,238,182,0,182,420
08/23/2000,TRI,TN,ASO,ES,Towers with Radar,26,42,88,0,156,0,2,54,0,56,26,44,142,0,212,132,0,132,344
08/24/2000,TRI,TN,ASO,ES,Towers with Radar,24,46,133,2,205,0,1,84,0,85,24,47,217,2,290,136,0,136,426
08/25/2000,TRI,TN,ASO,ES,Towers with Radar,25,48,151,2,226,0,1,52,2,55,25,49,203,4,281,19,0,19,300
08/26/2000,TRI,TN,ASO,ES,Towers with Radar,18,31,102,1,152,0,0,243,3,246,18,31,345,4,398,32,0,32,430
08/27/2000,TRI,TN,ASO,ES,Towers with Radar,18,36,86,1,141,0,0,115,3,118,18,36,201,4,259,92,0,92,351
08/28/2000,TRI,TN,ASO,ES,Towers with Radar,22,42,59,0,123,0,1,75,0,76,22,43,134,0,199,126,0,126,325
08/29/2000,TRI,TN,ASO,ES,Towers with Radar,23,36,38,13,110,0,1,76,3,80,23,37,114,16,190,148,48,196,386
08/30/2000,TRI,TN,ASO,ES,Towers with Radar,18,42,54,0,114,0,1,81,2,84,18,43,135,2,198,70,0,70,268
08/31/2000,TRI,TN,ASO,ES,Towers with Radar,21,38,69,0,128,1,5,61,0,67,22,43,130,0,195,150,0,150,345
09/01/2000,TRI,TN,ASO,ES,Towers with Radar,23,42,57,0,122,0,1,76,0,77,23,43,133,0,199,124,0,124,323
09/02/2000,TRI,TN,ASO,ES,Towers with Radar,19,22,35,2,78,0,1,75,0,76,19,23,110,2,154,184,0,184,338
09/03/2000,TRI,TN,ASO,ES,Towers with Radar,18,19,60,0,97,0,1,46,0,47,18,20,106,0,144,118,0,118,262
09/04/2000,TRI,TN,ASO,ES,Towers with Radar,20,30,47,0,97,0,0,13,0,13,20,30,60,0,110,21,0,21,131
09/05/2000,TRI,TN,ASO,ES,Towers with Radar,20,45,67,0,132,0,0,47,0,47,20,45,114,0,179,129,0,129,308
09/06/2000,TRI,TN,ASO,ES,Towers with Radar,22,43,54,0,119,0,3,83,0,86,22,46,137,0,205,103,0,103,308
09/07/2000,TRI,TN,ASO,ES,Towers with Radar,22,48,67,5,142,0,0,82,7,89,22,48,149,12,231,130,0,130,361
09/08/2000,TRI,TN,ASO,ES,Towers with Radar,24,43,63,0,130,0,0,82,0,82,24,43,145,0,212,98,0,98,310
09/09/2000,TRI,TN,ASO,ES,Towers with Radar,16,26,36,0,78,8,0,87,0,95,24,26,123,0,173,167,0,167,340
09/10/2000,TRI,TN,ASO,ES,Towers with Radar,17,29,35,8,89,0,0,60,0,60,17,29,95,8,149,80,0,80,229
09/11/2000,TRI,TN,ASO,ES,Towers with Radar,20,47,78,0,145,0,0,90,0,90,20,47,168,0,235,141,0,141,376
09/12/2000,TRI,TN,ASO,ES,Towers with Radar,24,42,46,0,112,0,0,55,0,55,24,42,101,0,167,59,0,59,226
09/13/2000,TRI,TN,ASO,ES,Towers with Radar,24,50,80,1,155,0,1,65,0,66,24,51,145,1,221,162,0,162,383
09/14/2000,TRI,TN,ASO,ES,Towers with Radar,27,46,59,1,133,0,0,68,2,70,27,46,127,3,203,101,0,101,304
09/15/2000,TRI,TN,ASO,ES,Towers with Radar,25,49,52,0,126,0,0,66,0,66,25,49,118,0,192,100,0,100,292
09/16/2000,TRI,TN,ASO,ES,Towers with Radar,29,32,28,0,89,0,0,80,0,80,29,32,108,0,169,116,0,116,285
09/17/2000,TRI,TN,ASO,ES,Towers with Radar,16,31,29,0,76,0,0,106,0,106,16,31,135,0,182,134,0,134,316
09/18/2000,TRI,TN,ASO,ES,Towers with Radar,20,41,43,0,104,0,0,59,4,63,20,41,102,4,167,128,0,128,295
09/19/2000,TRI,TN,ASO,ES,Towers with Radar,24,45,56,0,125,0,0,65,0,65,24,45,121,0,190,90,0,90,280
09/20/2000,TRI,TN,ASO,ES,Towers with Radar,28,43,52,1,124,0,2,58,2,62,28,45,110,3,186,56,0,56,242
09/21/2000,TRI,TN,ASO,ES,Towers with Radar,26,46,48,3,123,0,0,59,8,67,26,46,107,11,190,133,0,133,323
09/22/2000,TRI,TN,ASO,ES,Towers with Radar,26,61,43,0,130,0,0,50,0,50,26,61,93,0,180,75,0,75,255
09/23/2000,TRI,TN,ASO,ES,Towers with Radar,24,32,31,6,93,0,0,59,0,59,24,32,90,6,152,67,0,67,219
09/24/2000,TRI,TN,ASO,ES,Towers with Radar,18,32,47,1,98,0,0,31,5,36,18,32,78,6,134,52,0,52,186
09/25/2000,TRI,TN,ASO,ES,Towers with Radar,22,39,49,0,110,1,9,8,0,18,23,48,57,0,128,26,0,26,154
09/26/2000,TRI,TN,ASO,ES,Towers with Radar,24,45,69,2,140,0,1,22,10,33,24,46,91,12,173,49,0,49,222
09/27/2000,TRI,TN,ASO,ES,Towers with Radar,26,49,62,0,137,0,0,95,0,95,26,49,157,0,232,95,0,95,327
09/28/2000,TRI,TN,ASO,ES,Towers with Radar,26,55,54,0,135,0,0,77,0,77,26,55,131,0,212,102,0,102,314
09/29/2000,TRI,TN,ASO,ES,Towers with Radar,26,49,46,4,125,0,0,83,0,83,26,49,129,4,208,134,0,134,342
09/30/2000,TRI,TN,ASO,ES,Towers with Radar,24,31,29,0,84,0,0,102,0,102,24,31,131,0,186,66,0,66,252
10/01/2000,TRI,TN,ASO,ES,Towers with Radar,15,34,33,0,82,0,0,74,0,74,15,34,107,0,156,104,0,104,260
10/02/2000,TRI,TN,ASO,ES,Towers with Radar,21,42,41,0,104,0,1,79,0,80,21,43,120,0,184,160,0,160,344
10/03/2000,TRI,TN,ASO,ES,Towers with Radar,24,51,55,0,130,0,0,93,0,93,24,51,148,0,223,102,0,102,325
10/04/2000,TRI,TN,ASO,ES,Towers with Radar,25,48,46,0,119,0,0,76,0,76,25,48,122,0,195,50,0,50,245
10/05/2000,TRI,TN,ASO,ES,Towers with Radar,26,45,51,3,125,0,1,72,21,94,26,46,123,24,219,86,0,86,305
10/06/2000,TRI,TN,ASO,ES,Towers with Radar,25,52,54,13,144,0,0,35,2,37,25,52,89,15,181,32,0,32,213
10/07/2000,TRI,TN,ASO,ES,Towers with Radar,30,32,17,1,80,0,0,70,0,70,30,32,87,1,150,124,0,124,274
10/08/2000,TRI,TN,ASO,ES,Towers with Radar,18,35,35,0,88,0,0,53,0,53,18,35,88,0,141,81,0,81,222
10/09/2000,TRI,TN,ASO,ES,Towers with Radar,20,39,36,1,96,0,0,52,0,52,20,39,88,1,148,206,0,206,354
10/10/2000,TRI,TN,ASO,ES,Towers with Radar,25,45,53,3,126,0,2,116,0,118,25,47,169,3,244,202,0,202,446
10/11/2000,TRI,TN,ASO,ES,Towers with Radar,22,42,29,9,102,0,1,102,0,103,22,43,131,9,205,214,0,214,419
10/12/2000,TRI,TN,ASO,ES,Towers with Radar,23,48,62,0,133,0,0,100,0,100,23,48,162,0,233,198,0,198,431
10/13/2000,TRI,TN,ASO,ES,Towers with Radar,26,46,49,0,121,0,0,83,0,83,26,46,132,0,204,146,0,146,350
10/14/2000,TRI,TN,ASO,ES,Towers with Radar,23,35,21,0,79,0,0,104,0,104,23,35,125,0,183,158,0,158,341
10/15/2000,TRI,TN,ASO,ES,Towers with Radar,16,33,35,4,88,0,0,110,9,119,16,33,145,13,207,202,0,202,409
10/16/2000,TRI,TN,ASO,ES,Towers with Radar,23,39,49,0,111,0,2,78,0,80,23,41,127,0,191,136,0,136,327
10/17/2000,TRI,TN,ASO,ES,Towers with Radar,21,53,55,1,130,0,2,52,1,55,21,55,107,2,185,74,0,74,259
10/18/2000,TRI,TN,ASO,ES,Towers with Radar,23,57,50,0,130,0,2,43,0,45,23,59,93,0,175,68,0,68,243
10/19/2000,TRI,TN,ASO,ES,Towers with Radar,23,53,49,0,125,0,1,91,0,92,23,54,140,0,217,62,0,62,279
10/20/2000,TRI,TN,ASO,ES,Towers with Radar,40,29,63,0,132,0,1,87,0,88,40,30,150,0,220,66,0,66,286
10/21/2000,TRI,TN,ASO,ES,Towers with Radar,18,32,33,1,84,4,6,26,2,38,22,38,59,3,122,124,0,124,246
10/22/2000,TRI,TN,ASO,ES,Towers with Radar,19,34,37,7,97,0,0,85,3,88,19,34,122,10,185,167,0,167,352
10/23/2000,TRI,TN,ASO,ES,Towers with Radar,20,41,39,2,102,0,2,58,3,63,20,43,97,5,165,158,0,158,323
10/24/2000,TRI,TN,ASO,ES,Towers with Radar,23,45,46,1,115,0,2,43,1,46,23,47,89,2,161,105,0,105,266
10/25/2000,TRI,TN,ASO,ES,Towers with Radar,22,50,56,0,128,0,1,26,6,33,22,51,82,6,161,93,0,93,254
10/26/2000,TRI,TN,ASO,ES,Towers with Radar,30,45,68,0,143,0,1,58,0,59,30,46,126,0,202,146,0,146,348
10/27/2000,TRI,TN,ASO,ES,Towers with Radar,22,45,60,4,131,0,3,68,6,77,22,48,128,10,208,126,0,126,334
10/28/2000,TRI,TN,ASO,ES,Towers with Radar,25,37,29,0,91,0,0,50,0,50,25,37,79,0,141,130,0,130,271
10/29/2000,TRI,TN,ASO,ES,Towers with Radar,17,34,30,0,81,0,0,90,0,90,17,34,120,0,171,127,0,127,298
10/30/2000,TRI,TN,ASO,ES,Towers with Radar,22,48,48,0,118,0,4,64,0,68,22,52,112,0,186,96,0,96,282
10/31/2000,TRI,TN,ASO,ES,Towers with Radar,24,49,35,0,108,0,0,69,4,73,24,49,104,4,181,62,0,62,243
11/01/2000,TRI,TN,ASO,ES,Towers with Radar,26,44,53,0,123,0,1,84,0,85,26,45,137,0,208,105,0,105,313
11/02/2000,TRI,TN,ASO,ES,Towers with Radar,24,39,47,0,110,0,1,77,0,78,24,40,124,0,188,137,0,137,325
11/03/2000,TRI,TN,ASO,ES,Towers with Radar,25,45,74,1,145,0,1,6,0,7,25,46,80,1,152,14,0,14,166
11/04/2000,TRI,TN,ASO,ES,Towers with Radar,14,42,27,0,83,0,1,19,0,20,14,43,46,0,103,84,0,84,187
11/05/2000,TRI,TN,ASO,ES,Towers with Radar,16,34,27,0,77,0,1,106,0,107,16,35,133,0,184,144,0,144,328
11/06/2000,TRI,TN,ASO,ES,Towers with Radar,22,44,33,0,99,0,1,49,0,50,22,45,82,0,149,34,0,34,183
11/07/2000,TRI,TN,ASO,ES,Towers with Radar,25,40,40,0,105,0,1,34,0,35,25,41,74,0,140,39,0,39,179
11/08/2000,TRI,TN,ASO,ES,Towers with Radar,25,50,48,2,125,0,0,41,0,41,25,50,89,2,166,72,0,72,238
11/09/2000,TRI,TN,ASO,ES,Towers with Radar,29,41,31,0,101,0,0,4,0,4,29,41,35,0,105,0,0,0,105
11/10/2000,TRI,TN,ASO,ES,Towers with Radar,25,51,60,0,136,0,0,48,0,48,25,51,108,0,184,116,0,116,300
11/11/2000,TRI,TN,ASO,ES,Towers with Radar,20,34,33,1,88,3,6,82,1,92,23,40,115,2,180,163,0,163,343
11/12/2000,TRI,TN,ASO,ES,Towers with Radar,18,27,29,1,75,3,0,75,1,79,21,27,104,2,154,57,0,57,211
11/13/2000,TRI,TN,ASO,ES,Towers with Radar,23,24,41,2,90,0,0,61,2,63,23,24,102,4,153,102,0,102,255
11/14/2000,TRI,TN,ASO,ES,Towers with Radar,28,40,44,1,113,0,1,48,1,50,28,41,92,2,163,90,0,90,253
11/15/2000,TRI,TN,ASO,ES,Towers with Radar,28,38,49,1,116,0,2,113,4,119,28,40,162,5,235,207,0,207,442
11/16/2000,TRI,TN,ASO,ES,Towers with Radar,24,45,41,0,110,0,0,59,0,59,24,45,100,0,169,132,0,132,301
11/17/2000,TRI,TN,ASO,ES,Towers with Radar,24,43,37,0,104,0,0,44,6,50,24,43,81,6,154,130,0,130,284
11/18/2000,TRI,TN,ASO,ES,Towers with Radar,22,45,27,0,94,0,0,56,0,56,22,45,83,0,150,46,0,46,196
11/19/2000,TRI,TN,ASO,ES,Towers with Radar,18,36,17,0,71,0,0,7,0,7,18,36,24,0,78,8,0,8,86
11/20/2000,TRI,TN,ASO,ES,Towers with Radar,23,33,34,1,91,0,0,20,0,20,23,33,54,1,111,8,0,8,119
11/21/2000,TRI,TN,ASO,ES,Towers with Radar,26,42,43,3,114,0,0,28,4,32,26,42,71,7,146,22,0,22,168
11/22/2000,TRI,TN,ASO,ES,Towers with Radar,28,47,55,1,131,0,0,79,6,85,28,47,134,7,216,148,0,148,364
11/23/2000,TRI,TN,ASO,ES,Towers with Radar,13,22,22,0,57,9,10,35,7,61,22,32,57,7,118,26,0,26,144
11/24/2000,TRI,TN,ASO,ES,Towers with Radar,16,32,32,0,80,0,6,53,7,66,16,38,85,7,146,88,0,88,234
11/25/2000,TRI,TN,ASO,ES,Towers with Radar,22,38,27,0,87,0,0,10,0,10,22,38,37,0,97,60,0,60,157
11/26/2000,TRI,TN,ASO,ES,Towers with Radar,23,29,38,0,90,0,0,25,0,25,23,29,63,0,115,76,0,76,191
11/27/2000,TRI,TN,ASO,ES,Towers with Radar,25,44,57,0,126,0,1,35,6,42,25,45,92,6,168,64,0,64,232
11/28/2000,TRI,TN,ASO,ES,Towers with Radar,27,40,46,0,113,0,2,95,1,98,27,42,141,1,211,96,0,96,307
11/29/2000,TRI,TN,ASO,ES,Towers with Radar,28,47,61,0,136,0,0,40,0,40,28,47,101,0,176,44,0,44,220
11/30/2000,TRI,TN,ASO,ES,Towers with Radar,22,45,47,14,128,0,1,66,0,67,22,46,113,14,195,144,8,152,347
12/01/2000,TRI,TN,ASO,ES,Towers with Radar,22,47,33,0,102,1,0,106,0,107,23,47,139,0,209,151,0,151,360
12/02/2000,TRI,TN,ASO,ES,Towers with Radar,16,29,23,0,68,3,5,75,1,84,19,34,98,1,152,192,0,192,344
12/03/2000,TRI,TN,ASO,ES,Towers with Radar,11,29,21,0,61,1,0,34,0,35,12,29,55,0,96,52,0,52,148
12/04/2000,TRI,TN,ASO,ES,Towers with Radar,24,42,37,4,107,1,0,26,1,28,25,42,63,5,135,18,0,18,153
12/05/2000,TRI,TN,ASO,ES,Towers with Radar,27,47,62,0,136,1,0,24,0,25,28,47,86,0,161,38,0,38,199
12/06/2000,TRI,TN,ASO,ES,Towers with Radar,20,51,55,0,126,1,0,53,0,54,21,51,108,0,180,132,0,132,312
12/07/2000,TRI,TN,ASO,ES,Towers with Radar,22,45,45,0,112,1,0,77,2,80,23,45,122,2,192,114,0,114,306
12/08/2000,TRI,TN,ASO,ES,Towers with Radar,24,50,50,0,124,1,0,77,0,78,25,50,127,0,202,86,0,86,288
12/09/2000,TRI,TN,ASO,ES,Towers with Radar,22,35,23,0,80,1,0,90,2,93,23,35,113,2,173,146,0,146,319
12/10/2000,TRI,TN,ASO,ES,Towers with Radar,14,32,27,0,73,0,2,42,2,46,14,34,69,2,119,160,0,160,279
12/11/2000,TRI,TN,ASO,ES,Towers with Radar,18,42,46,1,107,1,0,49,0,50,19,42,95,1,157,68,0,68,225
12/12/2000,TRI,TN,ASO,ES,Towers with Radar,15,39,32,0,86,0,2,32,0,34,15,41,64,0,120,6,0,6,126
12/13/2000,TRI,TN,ASO,ES,Towers with Radar,18,58,47,0,123,0,5,37,0,42,18,63,84,0,165,84,0,84,249
12/14/2000,TRI,TN,ASO,ES,Towers with Radar,21,51,53,8,133,0,0,4,0,4,21,51,57,8,137,14,0,14,151
12/15/2000,TRI,TN,ASO,ES,Towers with Radar,88,46,53,0,187,2,0,79,0,81,90,46,132,0,268,238,0,238,506
12/16/2000,TRI,TN,ASO,ES,Towers with Radar,81,36,43,0,160,0,0,33,0,33,81,36,76,0,193,124,0,124,317
12/17/2000,TRI,TN,ASO,ES,Towers with Radar,12,21,14,0,47,0,0,0,1,1,12,21,14,1,48,4,0,4,52
12/18/2000,TRI,TN,ASO,ES,Towers with Radar,16,48,47,1,112,0,0,100,0,100,16,48,147,1,212,84,0,84,296
12/19/2000,TRI,TN,ASO,ES,Towers with Radar,26,29,19,2,76,0,1,5,0,6,26,30,24,2,82,2,0,2,84
12/20/2000,TRI,TN,ASO,ES,Towers with Radar,21,44,28,1,94,0,2,30,0,32,21,46,58,1,126,50,0,50,176
12/21/2000,TRI,TN,ASO,ES,Towers with Radar,13,42,24,0,79,0,0,26,0,26,13,42,50,0,105,66,0,66,171
12/22/2000,TRI,TN,ASO,ES,Towers with Radar,21,48,21,0,90,0,7,29,0,36,21,55,50,0,126,40,0,40,166
12/23/2000,TRI,TN,ASO,ES,Towers with Radar,22,26,29,0,77,6,0,59,0,65,28,26,88,0,142,76,0,76,218
12/24/2000,TRI,TN,ASO,ES,Towers with Radar,11,19,15,0,45,12,7,18,0,37,23,26,33,0,82,32,0,32,114
12/25/2000,TRI,TN,ASO,ES,Towers with Radar,21,24,5,0,50,0,0,23,0,23,21,24,28,0,73,25,0,25,98
12/26/2000,TRI,TN,ASO,ES,Towers with Radar,19,41,32,0,92,0,0,62,0,62,19,41,94,0,154,50,0,50,204
12/27/2000,TRI,TN,ASO,ES,Towers with Radar,23,51,20,2,96,0,2,9,0,11,23,53,29,2,107,32,0,32,139
12/28/2000,TRI,TN,ASO,ES,Towers with Radar,18,41,34,0,93,0,0,64,0,64,18,41,98,0,157,97,0,97,254
12/29/2000,TRI,TN,ASO,ES,Towers with Radar,22,39,28,0,89,0,0,36,0,36,22,39,64,0,125,36,0,36,161
12/30/2000,TRI,TN,ASO,ES,Towers with Radar,19,29,11,0,59,0,0,2,0,2,19,29,13,0,61,0,0,0,61
12/31/2000,TRI,TN,ASO,ES,Towers with Radar,7,36,12,0,55,0,0,1,0,1,7,36,13,0,56,0,0,0,56
01/01/2001,TRI,TN,ASO,ES,Towers with Radar,18,28,20,0,66,0,23,1,0,24,18,51,21,0,90,18,0,18,108
01/02/2001,TRI,TN,ASO,ES,Towers with Radar,20,39,37,0,96,0,0,37,0,37,20,39,74,0,133,26,0,26,159
01/03/2001,TRI,TN,ASO,ES,Towers with Radar,19,46,46,1,112,0,0,62,0,62,19,46,108,1,174,66,0,66,240
01/04/2001,TRI,TN,ASO,ES,Towers with Radar,40,32,38,1,111,0,0,31,0,31,40,32,69,1,142,56,0,56,198
01/05/2001,TRI,TN,ASO,ES,Towers with Radar,33,36,33,0,102,0,0,35,0,35,33,36,68,0,137,28,0,28,165
01/06/2001,TRI,TN,ASO,ES,Towers with Radar,26,31,14,4,75,0,0,79,0,79,26,31,93,4,154,71,0,71,225
01/07/2001,TRI,TN,ASO,ES,Towers with Radar,18,27,26,0,71,3,0,59,4,66,21,27,85,4,137,90,0,90,227
01/08/2001,TRI,TN,ASO,ES,Towers with Radar,18,47,18,0,83,0,0,1,0,1,18,47,19,0,84,0,0,0,84
01/09/2001,TRI,TN,ASO,ES,Towers with Radar,25,43,38,0,106,0,2,23,0,25,25,45,61,0,131,40,0,40,171
01/10/2001,TRI,TN,ASO,ES,Towers with Radar,21,49,51,0,121,0,1,71,0,72,21,50,122,0,193,76,0,76,269
01/11/2001,TRI,TN,ASO,ES,Towers with Radar,23,48,39,4,114,0,1,58,0,59,23,49,97,4,173,80,0,80,253
01/12/2001,TRI,TN,ASO,ES,Towers with Radar,27,41,44,0,112,0,0,22,0,22,27,41,66,0,134,46,0,46,180
01/13/2001,TRI,TN,ASO,ES,Towers with Radar,22,36,33,0,91,0,2,56,0,58,22,38,89,0,149,128,0,128,277
01/14/2001,TRI,TN,ASO,ES,Towers with Radar,21,24,15,1,61,0,0,38,0,38,21,24,53,1,99,99,0,99,198
01/15/2001,TRI,TN,ASO,ES,Towers with Radar,23,35,33,0,91,0,0,42,0,42,23,35,75,0,133,93,0,93,226
01/16/2001,TRI,TN,ASO,ES,Towers with Radar,25,50,54,0,129,0,0,51,0,51,25,50,105,0,180,98,0,98,278
01/17/2001,TRI,TN,ASO,ES,Towers with Radar,25,55,55,0,135,0,1,55,0,56,25,56,110,0,191,94,0,94,285
01/18/2001,TRI,TN,ASO,ES,Towers with Radar,20,46,60,0,126,0,0,0,0,0,20,46,60,0,126,9,0,9,135
01/19/2001,TRI,TN,ASO,ES,Towers with Radar,21,37,37,0,95,0,0,0,0,0,21,37,37,0,95,3,0,3,98
01/20/2001,TRI,TN,ASO,ES,Towers with Radar,13,23,15,0,51,8,10,0,0,18,21,33,15,0,69,0,0,0,69
01/21/2001,TRI,TN,ASO,ES,Towers with Radar,22,31,21,0,74,0,0,41,0,41,22,31,62,0,115,28,0,28,143
01/22/2001,TRI,TN,ASO,ES,Towers with Radar,18,44,43,0,105,0,1,75,0,76,18,45,118,0,181,74,0,74,255
01/23/2001,TRI,TN,ASO,ES,Towers with Radar,23,44,50,0,117,0,0,81,0,81,23,44,131,0,198,68,0,68,266
01/24/2001,TRI,TN,ASO,ES,Towers with Radar,18,53,62,5,138,0,0,59,0,59,18,53,121,5,197,68,0,68,265
01/25/2001,TRI,TN,ASO,ES,Towers with Radar,25,41,55,1,122,0,0,64,0,64,25,41,119,1,186,133,0,133,319
01/26/2001,TRI,TN,ASO,ES,Towers with Radar,27,50,39,0,116,0,0,81,0,81,27,50,120,0,197,59,0,59,256
01/27/2001,TRI,TN,ASO,ES,Towers with Radar,26,35,21,0,82,0,0,40,0,40,26,35,61,0,122,56,0,56,178
01/28/2001,TRI,TN,ASO,ES,Towers with Radar,20,25,8,0,53,0,0,94,1,95,20,25,102,1,148,146,0,146,294
01/29/2001,TRI,TN,ASO,ES,Towers with Radar,20,40,38,0,98,0,2,47,0,49,20,42,85,0,147,92,0,92,239
01/30/2001,TRI,TN,ASO,ES,Towers with Radar,20,43,31,6,100,0,2,13,6,21,20,45,44,12,121,56,0,56,177
01/31/2001,TRI,TN,ASO,ES,Towers with Radar,28,42,32,0,102,0,0,49,2,51,28,42,81,2,153,81,0,81,234
02/01/2001,TRI,TN,ASO,ES,Towers with Radar,26,44,56,0,126,0,1,70,0,71,26,45,126,0,197,117,0,117,314
02/02/2001,TRI,TN,ASO,ES,Towers with Radar,21,48,24,2,95,0,0,31,0,31,21,48,55,2,126,6,0,6,132
02/03/2001,TRI,TN,ASO,ES,Towers with Radar,22,44,19,0,85,0,1,109,0,110,22,45,128,0,195,122,0,122,317
02/04/2001,TRI,TN,ASO,ES,Towers with Radar,11,25,22,0,58,4,10,72,2,88,15,35,94,2,146,91,0,91,237
02/05/2001,TRI,TN,ASO,ES,Towers with Radar,21,49,54,0,124,0,0,15,3,18,21,49,69,3,142,0,0,0,142
02/06/2001,TRI,TN,ASO,ES,Towers with Radar,24,47,36,0,107,0,1,74,0,75,24,48,110,0,182,99,0,99,281
02/07/2001,TRI,TN,ASO,ES,Towers with Radar,21,44,48,0,113,0,0,58,0,58,21,44,106,0,171,65,0,65,236
02/08/2001,TRI,TN,ASO,ES,Towers with Radar,23,45,39,1,108,0,0,83,3,86,23,45,122,4,194,82,0,82,276
02/09/2001,TRI,TN,ASO,ES,Towers with Radar,22,44,33,0,99,0,0,36,2,38,22,44,69,2,137,50,0,50,187
02/10/2001,TRI,TN,ASO,ES,Towers with Radar,19,32,16,0,67,0,0,54,0,54,19,32,70,0,121,105,0,105,226
02/11/2001,TRI,TN,ASO,ES,Towers with Radar,18,30,22,0,70,0,1,91,0,92,18,31,113,0,162,122,0,122,284
02/12/2001,TRI,TN,ASO,ES,Towers with Radar,16,52,48,0,116,0,0,48,0,48,16,52,96,0,164,108,0,108,272
02/13/2001,TRI,TN,ASO,ES,Towers with Radar,19,47,46,0,112,0,0,26,0,26,19,47,72,0,138,76,0,76,214
02/14/2001,TRI,TN,ASO,ES,Towers with Radar,21,43,39,0,103,0,0,1,0,1,21,43,40,0,104,0,0,0,104
02/15/2001,TRI,TN,ASO,ES,Towers with Radar,23,45,75,0,143,0,0,12,0,12,23,45,87,0,155,24,0,24,179
02/16/2001,TRI,TN,ASO,ES,Towers with Radar,22,41,54,0,117,0,0,15,0,15,22,41,69,0,132,36,0,36,168
02/17/2001,TRI,TN,ASO,ES,Towers with Radar,20,41,30,0,91,0,0,44,0,44,20,41,74,0,135,94,0,94,229
02/18/2001,TRI,TN,ASO,ES,Towers with Radar,18,30,26,0,74,0,1,91,1,93,18,31,117,1,167,131,0,131,298
02/19/2001,TRI,TN,ASO,ES,Towers with Radar,13,46,43,0,102,0,6,94,1,101,13,52,137,1,203,115,0,115,318
02/20/2001,TRI,TN,ASO,ES,Towers with Radar,24,52,73,0,149,0,0,89,0,89,24,52,162,0,238,170,0,170,408
02/21/2001,TRI,TN,ASO,ES,Towers with Radar,28,43,52,0,123,0,1,64,3,68,28,44,116,3,191,111,0,111,302
02/22/2001,TRI,TN,ASO,ES,Towers with Radar,19,51,47,0,117,0,0,2,0,2,19,51,49,0,119,5,0,5,124
02/23/2001,TRI,TN,ASO,ES,Towers with Radar,16,35,34,0,85,7,0,45,0,52,23,35,79,0,137,39,0,39,176
02/24/2001,TRI,TN,ASO,ES,Towers with Radar,24,46,51,0,121,0,0,76,0,76,24,46,127,0,197,126,0,126,323
02/25/2001,TRI,TN,ASO,ES,Towers with Radar,13,28,27,0,68,0,1,14,1,16,13,29,41,1,84,8,0,8,92
02/26/2001,TRI,TN,ASO,ES,Towers with Radar,14,51,52,0,117,0,0,98,0,98,14,51,150,0,215,192,0,192,407
02/27/2001,TRI,TN,ASO,ES,Towers with Radar,14,54,50,0,118,0,2,91,2,95,14,56,141,2,213,148,0,148,361
02/28/2001,TRI,TN,ASO,ES,Towers with Radar,25,45,52,0,122,0,0,94,0,94,25,45,146,0,216,225,0,225,441
03/01/2001,TRI,TN,ASO,ES,Towers with Radar,22,48,51,0,121,0,0,92,0,92,22,48,143,0,213,179,0,179,392
03/02/2001,TRI,TN,ASO,ES,Towers with Radar,28,45,58,0,131,0,0,12,0,12,28,45,70,0,143,40,0,40,183
03/03/2001,TRI,TN,ASO,ES,Towers with Radar,15,29,39,0,83,9,6,58,0,73,24,35,97,0,156,154,0,154,310
03/04/2001,TRI,TN,ASO,ES,Towers with Radar,15,34,25,6,80,0,1,8,0,9,15,35,33,6,89,6,0,6,95
03/05/2001,TRI,TN,ASO,ES,Towers with Radar,14,50,23,0,87,0,1,11,0,12,14,51,34,0,99,2,0,2,101
03/06/2001,TRI,TN,ASO,ES,Towers with Radar,23,43,39,0,105,0,0,5,0,5,23,43,44,0,110,0,0,0,110
03/07/2001,TRI,TN,ASO,ES,Towers with Radar,26,45,52,6,129,0,0,42,0,42,26,45,94,6,171,48,0,48,219
03/08/2001,TRI,TN,ASO,ES,Towers with Radar,28,48,71,0,147,0,0,72,0,72,28,48,143,0,219,94,0,94,313
03/09/2001,TRI,TN,ASO,ES,Towers with Radar,19,46,58,0,123,0,0,71,0,71,19,46,129,0,194,114,0,114,308
03/10/2001,TRI,TN,ASO,ES,Towers with Radar,19,35,47,0,101,5,7,104,0,116,24,42,151,0,217,142,0,142,359
03/11/2001,TRI,TN,ASO,ES,Towers with Radar,13,36,48,0,97,0,5,82,0,87,13,41,130,0,184,168,0,168,352
03/12/2001,TRI,TN,ASO,ES,Towers with Radar,22,47,40,0,109,0,3,27,0,30,22,50,67,0,139,100,0,100,239
03/13/2001,TRI,TN,ASO,ES,Towers with Radar,19,49,62,0,130,0,1,30,2,33,19,50,92,2,163,36,0,36,199
03/14/2001,TRI,TN,ASO,ES,Towers with Radar,25,49,48,1,123,0,1,63,4,68,25,50,111,5,191,99,0,99,290
03/15/2001,TRI,TN,ASO,ES,Towers with Radar,23,44,57,0,124,0,1,28,0,29,23,45,85,0,153,82,0,82,235
03/16/2001,TRI,TN,ASO,ES,Towers with Radar,19,53,59,0,131,0,1,28,0,29,19,54,87,0,160,38,0,38,198
03/17/2001,TRI,TN,ASO,ES,Towers with Radar,16,31,41,0,88,2,7,47,1,57,18,38,88,1,145,54,0,54,199
03/18/2001,TRI,TN,ASO,ES,Towers with Radar,14,36,28,0,78,0,0,101,0,101,14,36,129,0,179,98,0,98,277
03/19/2001,TRI,TN,ASO,ES,Towers with Radar,17,48,59,2,126,0,0,108,0,108,17,48,167,2,234,156,0,156,390
03/20/2001,TRI,TN,ASO,ES,Towers with Radar,21,48,24,0,93,0,1,5,0,6,21,49,29,0,99,0,0,0,99
03/21/2001,TRI,TN,ASO,ES,Towers with Radar,31,45,45,0,121,0,0,13,0,13,31,45,58,0,134,18,0,18,152
03/22/2001,TRI,TN,ASO,ES,Towers with Radar,18,47,103,0,168,0,1,98,3,102,18,48,201,3,270,133,0,133,403
03/23/2001,TRI,TN,ASO,ES,Towers with Radar,23,49,92,0,164,0,2,69,0,71,23,51,161,0,235,11,0,11,246
03/24/2001,TRI,TN,ASO,ES,Towers with Radar,25,42,67,0,134,1,0,80,0,81,26,42,147,0,215,74,0,74,289
03/25/2001,TRI,TN,ASO,ES,Towers with Radar,15,49,229,1,294,0,0,333,0,333,15,49,562,1,627,18,0,18,645
03/26/2001,TRI,TN,ASO,ES,Towers with Radar,24,44,59,0,127,0,2,72,0,74,24,46,131,0,201,124,0,124,325
03/27/2001,TRI,TN,ASO,ES,Towers with Radar,22,46,51,1,120,0,1,79,1,81,22,47,130,2,201,87,0,87,288
03/28/2001,TRI,TN,ASO,ES,Towers with Radar,33,36,40,0,109,0,1,99,0,100,33,37,139,0,209,185,0,185,394
03/29/2001,TRI,TN,ASO,ES,Towers with Radar,19,40,57,2,118,0,0,12,0,12,19,40,69,2,130,48,0,48,178
03/30/2001,TRI,TN,ASO,ES,Towers with Radar,23,39,83,0,145,0,0,27,0,27,23,39,110,0,172,42,0,42,214
03/31/2001,TRI,TN,ASO,ES,Towers with Radar,18,48,65,0,131,0,0,14,0,14,18,48,79,0,145,66,0,66,211
04/01/2001,TRI,TN,ASO,ES,Towers with Radar,15,29,33,0,77,0,1,7,0,8,15,30,40,0,85,4,0,4,89
04/02/2001,TRI,TN,ASO,ES,Towers with Radar,15,45,47,0,107,0,2,79,0,81,15,47,126,0,188,123,0,123,311
04/03/2001,TRI,TN,ASO,ES,Towers with Radar,21,42,50,0,113,0,1,52,0,53,21,43,102,0,166,152,0,152,318
04/04/2001,TRI,TN,ASO,ES,Towers with Radar,26,30,83,0,139,0,3,93,0,96,26,33,176,0,235,204,0,204,439
04/05/2001,TRI,TN,ASO,ES,Towers with Radar,19,43,93,0,155,0,4,83,0,87,19,47,176,0,242,220,0,220,462
04/06/2001,TRI,TN,ASO,ES,Towers with Radar,15,60,70,7,152,0,3,45,0,48,15,63,115,7,200,72,0,72,272
04/07/2001,TRI,TN,ASO,ES,Towers with Radar,16,16,34,0,66,15,0,81,2,98,31,16,115,2,164,179,0,179,343
04/08/2001,TRI,TN,ASO,ES,Towers with Radar,16,21,20,2,59,0,1,80,0,81,16,22,100,2,140,96,0,96,236
04/09/2001,TRI,TN,ASO,ES,Towers with Radar,19,42,59,0,120,0,1,84,0,85,19,43,143,0,205,150,0,150,355
04/10/2001,TRI,TN,ASO,ES,Towers with Radar,22,38,58,1,119,0,0,133,1,134,22,38,191,2,253,194,0,194,447
04/11/2001,TRI,TN,ASO,ES,Towers with Radar,24,40,56,5,125,0,1,76,3,80,24,41,132,8,205,162,0,162,367
04/12/2001,TRI,TN,ASO,ES,Towers with Radar,16,43,45,12,116,0,2,53,0,55,16,45,98,12,171,84,0,84,255
04/13/2001,TRI,TN,ASO,ES,Towers with Radar,15,43,44,0,102,0,4,42,0,46,15,47,86,0,148,160,0,160,308
04/14/2001,TRI,TN,ASO,ES,Towers with Radar,20,34,46,0,100,6,4,102,0,112,26,38,148,0,212,199,0,199,411
04/15/2001,TRI,TN,ASO,ES,Towers with Radar,14,29,17,0,60,0,1,10,0,11,14,30,27,0,71,26,0,26,97
04/16/2001,TRI,TN,ASO,ES,Towers with Radar,14,43,48,3,108,0,1,51,0,52,14,44,99,3,160,78,0,78,238
04/17/2001,TRI,TN,ASO,ES,Towers with Radar,21,41,27,1,90,0,1,7,0,8,21,42,34,1,98,0,0,0,98
04/18/2001,TRI,TN,ASO,ES,Towers with Radar,37,28,45,0,110,0,1,41,0,42,37,29,86,0,152,56,0,56,208
04/19/2001,TRI,TN,ASO,ES,Towers with Radar,18,46,52,0,116,0,1,103,0,104,18,47,155,0,220,214,0,214,434
04/20/2001,TRI,TN,ASO,ES,Towers with Radar,17,43,59,0,119,0,1,65,0,66,17,44,124,0,185,98,0,98,283
04/21/2001,TRI,TN,ASO,ES,Towers with Radar,22,34,48,1,105,1,0,45,3,49,23,34,93,4,154,117,0,117,271
04/22/2001,TRI,TN,ASO,ES,Towers with Radar,20,29,29,2,80,0,1,82,0,83,20,30,111,2,163,84,0,84,247
04/23/2001,TRI,TN,ASO,ES,Towers with Radar,17,43,43,0,103,0,1,67,0,68,17,44,110,0,171,103,0,103,274
04/24/2001,TRI,TN,ASO,ES,Towers with Radar,15,47,57,0,119,0,1,40,0,41,15,48,97,0,160,81,0,81,241
04/25/2001,TRI,TN,ASO,ES,Towers with Radar,22,44,66,0,132,0,3,71,1,75,22,47,137,1,207,96,0,96,303
04/26/2001,TRI,TN,ASO,ES,Towers with Radar,22,53,80,0,155,0,1,91,2,94,22,54,171,2,249,132,0,132,381
04/27/2001,TRI,TN,ASO,ES,Towers with Radar,39,35,93,1,168,0,1,104,4,109,39,36,197,5,277,128,0,128,405
04/28/2001,TRI,TN,ASO,ES,Towers with Radar,16,18,36,0,70,19,0,84,6,109,35,18,120,6,179,81,0,81,260
04/29/2001,TRI,TN,ASO,ES,Towers with Radar,17,32,44,0,93,0,1,76,0,77,17,33,120,0,170,80,0,80,250
04/30/2001,TRI,TN,ASO,ES,Towers with Radar,21,43,61,0,125,0,0,66,2,68,21,43,127,2,193,128,0,128,321
05/01/2001,TRI,TN,ASO,ES,Towers with Radar,16,44,61,0,121,1,0,31,1,33,17,44,92,1,154,72,0,72,226
05/02/2001,TRI,TN,ASO,ES,Towers with Radar,24,44,53,2,123,1,0,69,0,70,25,44,122,2,193,130,0,130,323
05/03/2001,TRI,TN,ASO,ES,Towers with Radar,25,48,73,2,148,1,1,86,2,90,26,49,159,4,238,118,0,118,356
05/04/2001,TRI,TN,ASO,ES,Towers with Radar,21,61,57,0,139,1,3,57,2,63,22,64,114,2,202,68,0,68,270
05/05/2001,TRI,TN,ASO,ES,Towers with Radar,19,48,56,0,123,0,10,86,0,96,19,58,142,0,219,143,0,143,362
05/06/2001,TRI,TN,ASO,ES,Towers with Radar,18,34,51,2,105,1,0,61,0,62,19,34,112,2,167,59,0,59,226
05/07/2001,TRI,TN,ASO,ES,Towers with Radar,18,50,58,1,127,0,17,73,1,91,18,67,131,2,218,118,0,118,336
05/08/2001,TRI,TN,ASO,ES,Towers with Radar,19,47,62,2,130,1,0,37,0,38,20,47,99,2,168,92,0,92,260
05/09/2001,TRI,TN,ASO,ES,Towers with Radar,39,38,49,4,130,1,0,66,0,67,40,38,115,4,197,118,0,118,315
05/10/2001,TRI,TN,ASO,ES,Towers with Radar,21,41,73,2,137,1,0,79,0,80,22,41,152,2,217,56,0,56,273
05/11/2001,TRI,TN,ASO,ES,Towers with Radar,18,43,54,0,115,1,0,68,0,69,19,43,122,0,184,90,0,90,274
05/12/2001,TRI,TN,ASO,ES,Towers with Radar,19,37,21,2,79,1,0,39,0,40,20,37,60,2,119,79,0,79,198
05/13/2001,TRI,TN,ASO,ES,Towers with Radar,12,31,33,0,76,1,0,67,0,68,13,31,100,0,144,76,0,76,220
05/14/2001,TRI,TN,ASO,ES,Towers with Radar,14,45,41,0,100,1,6,71,0,78,15,51,112,0,178,98,0,98,276
05/15/2001,TRI,TN,ASO,ES,Towers with Radar,21,43,65,0,129,0,0,32,0,32,21,43,97,0,161,20,0,20,181
05/16/2001,TRI,TN,ASO,ES,Towers with Radar,27,43,46,0,116,0,0,35,2,37,27,43,81,2,153,56,0,56,209
05/17/2001,TRI,TN,ASO,ES,Towers with Radar,21,40,55,2,118,0,0,59,0,59,21,40,114,2,177,62,0,62,239
05/18/2001,TRI,TN,ASO,ES,Towers with Radar,23,41,48,0,112,0,2,79,0,81,23,43,127,0,193,110,0,110,303
05/19/2001,TRI,TN,ASO,ES,Towers with Radar,18,35,21,0,74,0,0,39,0,39,18,35,60,0,113,90,0,90,203
05/20/2001,TRI,TN,ASO,ES,Towers with Radar,9,34,37,1,81,0,0,40,1,41,9,34,77,2,122,92,0,92,214
05/21/2001,TRI,TN,ASO,ES,Towers with Radar,16,40,48,0,104,0,12,39,0,51,16,52,87,0,155,60,0,60,215
05/22/2001,TRI,TN,ASO,ES,Towers with Radar,21,42,38,4,105,0,1,9,1,11,21,43,47,5,116,26,0,26,142
05/23/2001,TRI,TN,ASO,ES,Towers with Radar,19,40,61,0,120,0,1,35,2,38,19,41,96,2,158,107,0,107,265
05/24/2001,TRI,TN,ASO,ES,Towers with Radar,20,45,48,0,113,0,0,25,0,25,20,45,73,0,138,48,0,48,186
05/25/2001,TRI,TN,ASO,ES,Towers with Radar,18,50,41,2,111,0,1,37,0,38,18,51,78,2,149,54,0,54,203
05/26/2001,TRI,TN,ASO,ES,Towers with Radar,22,34,30,0,86,0,0,89,0,89,22,34,119,0,175,92,0,92,267
05/27/2001,TRI,TN,ASO,ES,Towers with Radar,20,27,19,0,66,0,0,52,0,52,20,27,71,0,118,43,0,43,161
05/28/2001,TRI,TN,ASO,ES,Towers with Radar,19,30,36,0,85,0,0,44,0,44,19,30,80,0,129,114,0,114,243
05/29/2001,TRI,TN,ASO,ES,Towers with Radar,18,36,55,0,109,0,2,63,0,65,18,38,118,0,174,152,0,152,326
05/30/2001,TRI,TN,ASO,ES,Towers with Radar,27,42,59,2,130,0,0,75,0,75,27,42,134,2,205,114,0,114,319
05/31/2001,TRI,TN,ASO,ES,Towers with Radar,27,42,59,0,128,0,0,47,0,47,27,42,106,0,175,43,0,43,218
06/01/2001,TRI,TN,ASO,ES,Towers with Radar,18,34,36,0,88,0,13,8,0,21,18,47,44,0,109,12,0,12,121
06/02/2001,TRI,TN,ASO,ES,Towers with Radar,16,30,31,0,77,8,17,46,0,71,24,47,77,0,148,100,0,100,248
06/03/2001,TRI,TN,ASO,ES,Towers with Radar,13,32,38,0,83,0,16,83,0,99,13,48,121,0,182,100,0,100,282
06/04/2001,TRI,TN,ASO,ES,Towers with Radar,20,48,33,0,101,0,0,40,0,40,20,48,73,0,141,92,0,92,233
06/05/2001,TRI,TN,ASO,ES,Towers with Radar,20,41,59,4,124,0,0,74,0,74,20,41,133,4,198,140,0,140,338
06/06/2001,TRI,TN,ASO,ES,Towers with Radar,21,43,47,0,111,0,0,50,0,50,21,43,97,0,161,80,0,80,241
06/07/2001,TRI,TN,ASO,ES,Towers with Radar,17,44,51,0,112,0,0,19,2,21,17,44,70,2,133,50,0,50,183
06/08/2001,TRI,TN,ASO,ES,Towers with Radar,20,45,73,0,138,0,1,59,0,60,20,46,132,0,198,106,0,106,304
06/09/2001,TRI,TN,ASO,ES,Towers with Radar,16,35,36,0,87,4,1,102,2,109,20,36,138,2,196,148,0,148,344
06/10/2001,TRI,TN,ASO,ES,Towers with Radar,16,31,39,0,86,0,0,85,0,85,16,31,124,0,171,116,0,116,287
06/11/2001,TRI,TN,ASO,ES,Towers with Radar,21,42,47,1,111,0,5,110,0,115,21,47,157,1,226,89,0,89,315
06/12/2001,TRI,TN,ASO,ES,Towers with Radar,20,43,38,2,103,0,0,107,0,107,20,43,145,2,210,110,0,110,320
06/13/2001,TRI,TN,ASO,ES,Towers with Radar,24,38,66,0,128,0,2,78,0,80,24,40,144,0,208,176,0,176,384
06/14/2001,TRI,TN,ASO,ES,Towers with Radar,19,51,59,0,129,0,0,64,1,65,19,51,123,1,194,94,0,94,288
06/15/2001,TRI,TN,ASO,ES,Towers with Radar,14,47,44,0,105,0,0,70,0,70,14,47,114,0,175,110,0,110,285
06/16/2001,TRI,TN,ASO,ES,Towers with Radar,13,37,32,0,82,0,1,81,0,82,13,38,113,0,164,62,0,62,226
06/17/2001,TRI,TN,ASO,ES,Towers with Radar,15,22,32,0,69,13,0,83,2,98,28,22,115,2,167,120,0,120,287
06/18/2001,TRI,TN,ASO,ES,Towers with Radar,12,51,58,0,121,0,4,107,0,111,12,55,165,0,232,46,0,46,278
06/19/2001,TRI,TN,ASO,ES,Towers with Radar,24,39,48,0,111,0,0,80,2,82,24,39,128,2,193,104,0,104,297
06/20/2001,TRI,TN,ASO,ES,Towers with Radar,27,48,54,1,130,0,1,88,0,89,27,49,142,1,219,98,0,98,317
06/21/2001,TRI,TN,ASO,ES,Towers with Radar,23,51,58,1,133,0,5,50,4,59,23,56,108,5,192,56,0,56,248
06/22/2001,TRI,TN,ASO,ES,Towers with Radar,15,58,77,0,150,0,1,29,0,30,15,59,106,0,180,64,0,64,244
06/23/2001,TRI,TN,ASO,ES,Towers with Radar,18,32,40,0,90,1,0,35,4,40,19,32,75,4,130,72,0,72,202
06/24/2001,TRI,TN,ASO,ES,Towers with Radar,14,36,29,6,85,0,0,61,2,63,14,36,90,8,148,68,0,68,216
06/25/2001,TRI,TN,ASO,ES,Towers with Radar,24,53,66,0,143,0,1,48,0,49,24,54,114,0,192,114,0,114,306
06/26/2001,TRI,TN,ASO,ES,Towers with Radar,27,48,49,0,124,0,2,9,0,11,27,50,58,0,135,6,0,6,141
06/27/2001,TRI,TN,ASO,ES,Towers with Radar,21,50,36,0,107,0,1,61,0,62,21,51,97,0,169,111,0,111,280
06/28/2001,TRI,TN,ASO,ES,Towers with Radar,21,43,63,0,127,0,1,82,0,83,21,44,145,0,210,104,0,104,314
06/29/2001,TRI,TN,ASO,ES,Towers with Radar,19,51,51,0,121,0,1,74,0,75,19,52,125,0,196,73,0,73,269
06/30/2001,TRI,TN,ASO,ES,Towers with Radar,16,40,34,0,90,0,1,28,0,29,16,41,62,0,119,80,0,80,199
07/01/2001,TRI,TN,ASO,ES,Towers with Radar,13,27,18,0,58,0,1,25,0,26,13,28,43,0,84,14,0,14,98
07/02/2001,TRI,TN,ASO,ES,Towers with Radar,17,40,55,0,112,0,4,37,0,41,17,44,92,0,153,58,0,58,211
07/03/2001,TRI,TN,ASO,ES,Towers with Radar,23,42,56,0,121,0,1,83,0,84,23,43,139,0,205,72,0,72,277
07/04/2001,TRI,TN,ASO,ES,Towers with Radar,11,15,30,1,57,18,0,1,1,20,29,15,31,2,77,22,0,22,99
07/05/2001,TRI,TN,ASO,ES,Towers with Radar,18,44,90,1,153,0,1,45,2,48,18,45,135,3,201,74,0,74,275
07/06/2001,TRI,TN,ASO,ES,Towers with Radar,21,42,53,0,116,0,2,104,0,106,21,44,157,0,222,112,0,112,334
07/07/2001,TRI,TN,ASO,ES,Towers with Radar,13,31,42,0,86,0,9,85,0,94,13,40,127,0,180,121,0,121,301
07/08/2001,TRI,TN,ASO,ES,Towers with Radar,14,23,49,0,86,0,0,46,0,46,14,23,95,0,132,48,0,48,180
07/09/2001,TRI,TN,ASO,ES,Towers with Radar,18,49,80,0,147,0,1,36,0,37,18,50,116,0,184,130,0,130,314
07/10/2001,TRI,TN,ASO,ES,Towers with Radar,21,45,83,0,149,0,1,46,0,47,21,46,129,0,196,78,0,78,274
07/11/2001,TRI,TN,ASO,ES,Towers with Radar,17,39,75,0,131,0,1,83,0,84,17,40,158,0,215,84,0,84,299
07/12/2001,TRI,TN,ASO,ES,Towers with Radar,21,43,70,2,136,0,1,111,0,112,21,44,181,2,248,91,0,91,339
07/13/2001,TRI,TN,ASO,ES,Towers with Radar,16,53,48,0,117,0,3,98,0,101,16,56,146,0,218,170,0,170,388
07/14/2001,TRI,TN,ASO,ES,Towers with Radar,24,33,39,0,96,0,1,80,0,81,24,34,119,0,177,89,0,89,266
07/15/2001,TRI,TN,ASO,ES,Towers with Radar,18,36,34,0,88,0,1,88,0,89,18,37,122,0,177,72,0,72,249
07/16/2001,TRI,TN,ASO,ES,Towers with Radar,15,40,66,0,121,0,3,81,1,85,15,43,147,1,206,142,0,142,348
07/17/2001,TRI,TN,ASO,ES,Towers with Radar,20,45,48,0,113,0,1,88,4,93,20,46,136,4,206,160,0,160,366
07/18/2001,TRI,TN,ASO,ES,Towers with Radar,19,40,78,1,138,0,1,24,1,26,19,41,102,2,164,46,0,46,210
07/19/2001,TRI,TN,ASO,ES,Towers with Radar,22,46,105,0,173,0,1,2,0,3,22,47,107,0,176,18,0,18,194
07/20/2001,TRI,TN,ASO,ES,Towers with Radar,21,55,68,0,144,0,2,72,0,74,21,57,140,0,218,106,0,106,324
07/21/2001,TRI,TN,ASO,ES,Towers with Radar,25,27,25,0,77,0,1,70,0,71,25,28,95,0,148,108,0,108,256
07/22/2001,TRI,TN,ASO,ES,Towers with Radar,15,30,48,0,93,0,1,68,0,69,15,31,116,0,162,190,0,190,352
07/23/2001,TRI,TN,ASO,ES,Towers with Radar,15,49,57,0,121,0,1,105,0,106,15,50,162,0,227,124,0,124,351
07/24/2001,TRI,TN,ASO,ES,Towers with Radar,20,45,55,2,122,0,1,52,0,53,20,46,107,2,175,83,0,83,258
07/25/2001,TRI,TN,ASO,ES,Towers with Radar,23,46,47,0,116,0,1,21,0,22,23,47,68,0,138,38,0,38,176
07/26/2001,TRI,TN,ASO,ES,Towers with Radar,18,49,69,0,136,0,1,65,0,66,18,50,134,0,202,196,0,196,398
07/27/2001,TRI,TN,ASO,ES,Towers with Radar,17,54,65,0,136,0,1,10,0,11,17,55,75,0,147,38,0,38,185
07/28/2001,TRI,TN,ASO,ES,Towers with Radar,18,22,46,0,86,18,0,10,0,28,36,22,56,0,114,24,0,24,138
07/29/2001,TRI,TN,ASO,ES,Towers with Radar,14,30,27,0,71,0,0,6,0,6,14,30,33,0,77,28,0,28,105
07/30/2001,TRI,TN,ASO,ES,Towers with Radar,24,45,47,0,116,0,1,73,5,79,24,46,120,5,195,131,0,131,326
07/31/2001,TRI,TN,ASO,ES,Towers with Radar,19,50,46,1,116,0,1,74,4,79,19,51,120,5,195,83,0,83,278
08/01/2001,TRI,TN,ASO,ES,Towers with Radar,14,63,57,0,134,0,1,58,0,59,14,64,115,0,193,72,0,72,265
08/02/2001,TRI,TN,ASO,ES,Towers with Radar,24,44,72,0,140,0,1,71,0,72,24,45,143,0,212,128,0,128,340
08/03/2001,TRI,TN,ASO,ES,Towers with Radar,24,48,91,0,163,0,1,10,0,11,24,49,101,0,174,38,0,38,212
08/04/2001,TRI,TN,ASO,ES,Towers with Radar,35,23,36,2,96,0,1,13,0,14,35,24,49,2,110,44,0,44,154
08/05/2001,TRI,TN,ASO,ES,Towers with Radar,15,38,28,2,83,0,1,60,3,64,15,39,88,5,147,47,0,47,194
08/06/2001,TRI,TN,ASO,ES,Towers with Radar,16,50,56,0,122,0,1,67,0,68,16,51,123,0,190,72,0,72,262
08/07/2001,TRI,TN,ASO,ES,Towers with Radar,22,50,53,0,125,0,1,81,2,84,22,51,134,2,209,186,0,186,395
08/08/2001,TRI,TN,ASO,ES,Towers with Radar,18,46,52,1,117,0,1,37,0,38,18,47,89,1,155,113,0,113,268
08/09/2001,TRI,TN,ASO,ES,Towers with Radar,11,60,70,3,144,0,1,43,2,46,11,61,113,5,190,169,0,169,359
08/10/2001,TRI,TN,ASO,ES,Towers with Radar,13,62,81,2,158,0,1,20,0,21,13,63,101,2,179,24,0,24,203
08/11/2001,TRI,TN,ASO,ES,Towers with Radar,47,20,18,0,85,0,0,44,0,44,47,20,62,0,129,118,0,118,247
08/12/2001,TRI,TN,ASO,ES,Towers with Radar,17,31,30,0,78,0,0,11,0,11,17,31,41,0,89,47,0,47,136
08/13/2001,TRI,TN,ASO,ES,Towers with Radar,18,51,43,0,112,0,0,53,0,53,18,51,96,0,165,112,0,112,277
08/14/2001,TRI,TN,ASO,ES,Towers with Radar,20,49,70,0,139,0,6,82,0,88,20,55,152,0,227,164,0,164,391
08/15/2001,TRI,TN,ASO,ES,Towers with Radar,19,63,51,2,135,0,2,84,0,86,19,65,135,2,221,88,0,88,309
08/16/2001,TRI,TN,ASO,ES,Towers with Radar,23,57,56,0,136,0,2,87,0,89,23,59,143,0,225,212,0,212,437
08/17/2001,TRI,TN,ASO,ES,Towers with Radar,42,35,67,1,145,0,0,32,0,32,42,35,99,1,177,55,0,55,232
08/18/2001,TRI,TN,ASO,ES,Towers with Radar,17,33,52,0,102,25,0,66,1,92,42,33,118,1,194,134,0,134,328
08/19/2001,TRI,TN,ASO,ES,Towers with Radar,13,38,51,0,102,0,0,24,0,24,13,38,75,0,126,48,0,48,174
08/20/2001,TRI,TN,ASO,ES,Towers with Radar,15,41,58,0,114,0,10,67,0,77,15,51,125,0,191,136,0,136,327
08/21/2001,TRI,TN,ASO,ES,Towers with Radar,16,55,56,0,127,0,1,85,0,86,16,56,141,0,213,172,0,172,385
08/22/2001,TRI,TN,ASO,ES,Towers with Radar,21,50,62,1,134,0,4,94,0,98,21,54,156,1,232,180,0,180,412
08/23/2001,TRI,TN,ASO,ES,Towers with Radar,19,51,125,2,197,0,0,105,0,105,19,51,230,2,302,236,0,236,538
08/24/2001,TRI,TN,ASO,ES,Towers with Radar,43,64,132,1,240,0,0,50,0,50,43,64,182,1,290,38,0,38,328
08/25/2001,TRI,TN,ASO,ES,Towers with Radar,25,51,213,1,290,0,0,199,0,199,25,51,412,1,489,56,0,56,545
08/26/2001,TRI,TN,ASO,ES,Towers with Radar,18,41,85,0,144,0,0,287,1,288,18,41,372,1,432,77,0,77,509
08/27/2001,TRI,TN,ASO,ES,Towers with Radar,15,50,71,1,137,0,2,34,0,36,15,52,105,1,173,91,0,91,264
08/28/2001,TRI,TN,ASO,ES,Towers with Radar,24,52,73,0,149,0,0,85,0,85,24,52,158,0,234,198,0,198,432
08/29/2001,TRI,TN,ASO,ES,Towers with Radar,20,57,75,0,152,0,0,36,0,36,20,57,111,0,188,22,0,22,210
08/30/2001,TRI,TN,ASO,ES,Towers with Radar,21,55,56,0,132,0,0,35,0,35,21,55,91,0,167,110,0,110,277
08/31/2001,TRI,TN,ASO,ES,Towers with Radar,22,62,60,4,148,0,0,28,0,28,22,62,88,4,176,122,0,122,298
09/01/2001,TRI,TN,ASO,ES,Towers with Radar,22,38,33,0,93,1,0,28,0,29,23,38,61,0,122,82,0,82,204
09/02/2001,TRI,TN,ASO,ES,Towers with Radar,18,31,33,0,82,1,0,42,0,43,19,31,75,0,125,70,0,70,195
09/03/2001,TRI,TN,ASO,ES,Towers with Radar,12,35,28,0,75,1,0,5,0,6,13,35,33,0,81,8,0,8,89
09/04/2001,TRI,TN,ASO,ES,Towers with Radar,10,56,52,0,118,1,0,75,0,76,11,56,127,0,194,110,0,110,304
09/05/2001,TRI,TN,ASO,ES,Towers with Radar,47,30,53,0,130,1,0,69,2,72,48,30,122,2,202,94,0,94,296
09/06/2001,TRI,TN,ASO,ES,Towers with Radar,26,52,69,1,148,1,1,82,0,84,27,53,151,1,232,148,0,148,380
09/07/2001,TRI,TN,ASO,ES,Towers with Radar,35,41,48,0,124,1,2,59,0,62,36,43,107,0,186,112,0,112,298
09/08/2001,TRI,TN,ASO,ES,Towers with Radar,28,36,44,0,108,1,0,75,0,76,29,36,119,0,184,58,0,58,242
09/09/2001,TRI,TN,ASO,ES,Towers with Radar,14,32,36,0,82,1,0,54,0,55,15,32,90,0,137,81,0,81,218
09/10/2001,TRI,TN,ASO,ES,Towers with Radar,10,55,65,0,130,1,1,58,0,60,11,56,123,0,190,98,0,98,288
09/11/2001,TRI,TN,ASO,ES,Towers with Radar,6,18,11,0,35,1,0,11,0,12,7,18,22,0,47,0,0,0,47
09/12/2001,TRI,TN,ASO,ES,Towers with Radar,0,0,1,0,1,0,0,1,0,1,0,0,2,0,2,0,0,0,2
09/13/2001,TRI,TN,ASO,ES,Towers with Radar,2,8,0,0,10,0,12,0,0,12,2,20,0,0,22,0,0,0,22
09/14/2001,TRI,TN,ASO,ES,Towers with Radar,13,54,5,0,72,1,0,1,0,2,14,54,6,0,74,0,0,0,74
09/15/2001,TRI,TN,ASO,ES,Towers with Radar,18,43,45,0,106,0,0,4,0,4,18,43,49,0,110,8,0,8,118
09/16/2001,TRI,TN,ASO,ES,Towers with Radar,6,38,57,0,101,0,0,2,0,2,6,38,59,0,103,0,0,0,103
09/17/2001,TRI,TN,ASO,ES,Towers with Radar,5,61,53,0,119,0,2,3,0,5,5,63,56,0,124,4,0,4,128
09/18/2001,TRI,TN,ASO,ES,Towers with Radar,12,56,66,2,136,0,0,1,0,1,12,56,67,2,137,18,0,18,155
09/19/2001,TRI,TN,ASO,ES,Towers with Radar,22,45,53,0,120,2,0,68,0,70,24,45,121,0,190,90,0,90,280
09/20/2001,TRI,TN,ASO,ES,Towers with Radar,42,37,69,0,148,0,0,11,0,11,42,37,80,0,159,26,0,26,185
09/21/2001,TRI,TN,ASO,ES,Towers with Radar,19,59,52,1,131,0,2,27,1,30,19,61,79,2,161,56,0,56,217
09/22/2001,TRI,TN,ASO,ES,Towers with Radar,19,37,46,0,102,0,0,83,0,83,19,37,129,0,185,173,0,173,358
09/23/2001,TRI,TN,ASO,ES,Towers with Radar,9,36,33,0,78,0,2,70,0,72,9,38,103,0,150,86,0,86,236
09/24/2001,TRI,TN,ASO,ES,Towers with Radar,24,43,52,0,119,0,0,3,0,3,24,43,55,0,122,14,0,14,136
09/25/2001,TRI,TN,ASO,ES,Towers with Radar,35,40,65,0,140,0,0,56,0,56,35,40,121,0,196,76,0,76,272
09/26/2001,TRI,TN,ASO,ES,Towers with Radar,17,55,62,0,134,0,0,63,0,63,17,55,125,0,197,124,0,124,321
09/27/2001,TRI,TN,ASO,ES,Towers with Radar,17,53,39,0,109,0,1,75,0,76,17,54,114,0,185,71,0,71,256
09/28/2001,TRI,TN,ASO,ES,Towers with Radar,17,42,47,0,106,0,0,49,0,49,17,42,96,0,155,74,0,74,229
09/29/2001,TRI,TN,ASO,ES,Towers with Radar,23,53,57,0,133,0,2,83,0,85,23,55,140,0,218,200,0,200,418
09/30/2001,TRI,TN,ASO,ES,Towers with Radar,8,44,47,0,99,0,0,77,0,77,8,44,124,0,176,98,0,98,274
10/01/2001,TRI,TN,ASO,ES,Towers with Radar,32,27,40,0,99,1,0,93,0,94,33,27,133,0,193,128,0,128,321
10/02/2001,TRI,TN,ASO,ES,Towers with Radar,10,76,36,0,122,0,1,68,0,69,10,77,104,0,191,158,0,158,349
10/03/2001,TRI,TN,ASO,ES,Towers with Radar,21,59,61,0,141,0,1,79,0,80,21,60,140,0,221,104,0,104,325
10/04/2001,TRI,TN,ASO,ES,Towers with Radar,18,50,62,0,130,0,1,80,0,81,18,51,142,0,211,62,0,62,273
10/05/2001,TRI,TN,ASO,ES,Towers with Radar,22,65,60,0,147,0,1,94,0,95,22,66,154,0,242,174,0,174,416
10/06/2001,TRI,TN,ASO,ES,Towers with Radar,12,42,35,0,89,0,1,32,0,33,12,43,67,0,122,104,0,104,226
10/07/2001,TRI,TN,ASO,ES,Towers with Radar,8,41,40,0,89,0,1,99,0,100,8,42,139,0,189,58,0,58,247
10/08/2001,TRI,TN,ASO,ES,Towers with Radar,11,52,61,0,124,0,1,98,0,99,11,53,159,0,223,86,0,86,309
10/09/2001,TRI,TN,ASO,ES,Towers with Radar,17,54,64,0,135,0,2,91,0,93,17,56,155,0,228,187,0,187,415
10/10/2001,TRI,TN,ASO,ES,Towers with Radar,32,47,56,0,135,0,1,110,0,111,32,48,166,0,246,236,0,236,482
10/11/2001,TRI,TN,ASO,ES,Towers with Radar,19,54,80,0,153,0,1,117,0,118,19,55,197,0,271,251,0,251,522
10/12/2001,TRI,TN,ASO,ES,Towers with Radar,20,72,54,0,146,0,4,40,0,44,20,76,94,0,190,110,0,110,300
10/13/2001,TRI,TN,ASO,ES,Towers with Radar,22,32,38,0,92,0,1,69,0,70,22,33,107,0,162,98,0,98,260
10/14/2001,TRI,TN,ASO,ES,Towers with Radar,9,40,35,4,88,0,1,7,0,8,9,41,42,4,96,12,0,12,108
10/15/2001,TRI,TN,ASO,ES,Towers with Radar,6,68,55,0,129,0,1,81,0,82,6,69,136,0,211,46,0,46,257
10/16/2001,TRI,TN,ASO,ES,Towers with Radar,7,57,52,3,119,0,1,9,2,12,7,58,61,5,131,2,0,2,133
10/17/2001,TRI,TN,ASO,ES,Towers with Radar,21,52,64,0,137,0,2,86,0,88,21,54,150,0,225,162,0,162,387
10/18/2001,TRI,TN,ASO,ES,Towers with Radar,20,65,73,0,158,0,0,96,0,96,20,65,169,0,254,152,0,152,406
10/19/2001,TRI,TN,ASO,ES,Towers with Radar,18,52,69,3,142,0,1,65,0,66,18,53,134,3,208,68,0,68,276
10/20/2001,TRI,TN,ASO,ES,Towers with Radar,19,35,43,2,99,0,1,79,0,80,19,36,122,2,179,88,0,88,267
10/21/2001,TRI,TN,ASO,ES,Towers with Radar,13,36,48,0,97,0,0,74,0,74,13,36,122,0,171,82,0,82,253
10/22/2001,TRI,TN,ASO,ES,Towers with Radar,17,52,61,0,130,0,3,84,0,87,17,55,145,0,217,128,0,128,345
10/23/2001,TRI,TN,ASO,ES,Towers with Radar,12,54,54,0,120,0,0,103,2,105,12,54,157,2,225,142,0,142,367
10/24/2001,TRI,TN,ASO,ES,Towers with Radar,20,51,61,2,134,0,1,59,0,60,20,52,120,2,194,108,0,108,302
10/25/2001,TRI,TN,ASO,ES,Towers with Radar,32,43,53,2,130,0,1,35,0,36,32,44,88,2,166,58,0,58,224
10/26/2001,TRI,TN,ASO,ES,Towers with Radar,17,53,31,0,101,0,2,17,0,19,17,55,48,0,120,6,0,6,126
10/27/2001,TRI,TN,ASO,ES,Towers with Radar,8,60,18,0,86,0,0,34,0,34,8,60,52,0,120,122,0,122,242
10/28/2001,TRI,TN,ASO,ES,Towers with Radar,13,30,37,0,80,9,0,83,0,92,22,30,120,0,172,114,0,114,286
10/29/2001,TRI,TN,ASO,ES,Towers with Radar,9,58,52,0,119,0,0,102,0,102,9,58,154,0,221,208,0,208,429
10/30/2001,TRI,TN,ASO,ES,Towers with Radar,16,52,52,4,124,0,0,70,0,70,16,52,122,4,194,68,0,68,262
10/31/2001,TRI,TN,ASO,ES,Towers with Radar,22,58,51,0,131,0,0,102,0,102,22,58,153,0,233,146,0,146,379
11/01/2001,TRI,TN,ASO,ES,Towers with Radar,18,50,65,3,136,1,0,103,0,104,19,50,168,3,240,165,0,165,405
11/02/2001,TRI,TN,ASO,ES,Towers with Radar,13,49,43,2,107,1,0,60,0,61,14,49,103,2,168,58,0,58,226
11/03/2001,TRI,TN,ASO,ES,Towers with Radar,8,45,46,0,99,1,0,56,0,57,9,45,102,0,156,103,0,103,259
11/04/2001,TRI,TN,ASO,ES,Towers with Radar,13,34,43,0,90,1,0,66,1,68,14,34,109,1,158,40,0,40,198
11/05/2001,TRI,TN,ASO,ES,Towers with Radar,14,56,36,1,107,0,0,82,0,82,14,56,118,1,189,106,0,106,295
11/06/2001,TRI,TN,ASO,ES,Towers with Radar,14,53,44,0,111,0,0,103,0,103,14,53,147,0,214,168,0,168,382
11/07/2001,TRI,TN,ASO,ES,Towers with Radar,20,58,56,0,134,0,0,108,0,108,20,58,164,0,242,122,0,122,364
11/08/2001,TRI,TN,ASO,ES,Towers with Radar,37,42,54,3,136,0,0,67,0,67,37,42,121,3,203,65,0,65,268
11/09/2001,TRI,TN,ASO,ES,Towers with Radar,17,62,53,0,132,0,0,80,0,80,17,62,133,0,212,70,0,70,282
11/10/2001,TRI,TN,ASO,ES,Towers with Radar,10,31,27,0,68,5,11,78,0,94,15,42,105,0,162,70,0,70,232
11/11/2001,TRI,TN,ASO,ES,Towers with Radar,6,43,36,0,85,0,0,55,2,57,6,43,91,2,142,80,0,80,222
11/12/2001,TRI,TN,ASO,ES,Towers with Radar,11,46,43,0,100,0,0,78,2,80,11,46,121,2,180,96,0,96,276
11/13/2001,TRI,TN,ASO,ES,Towers with Radar,10,51,54,9,124,0,3,62,3,68,10,54,116,12,192,60,42,102,294
11/14/2001,TRI,TN,ASO,ES,Towers with Radar,16,53,73,0,142,0,2,60,2,64,16,55,133,2,206,147,0,147,353
11/15/2001,TRI,TN,ASO,ES,Towers with Radar,18,54,51,0,123,0,0,62,0,62,18,54,113,0,185,127,0,127,312
11/16/2001,TRI,TN,ASO,ES,Towers with Radar,15,55,51,0,121,0,0,63,0,63,15,55,114,0,184,109,0,109,293
11/17/2001,TRI,TN,ASO,ES,Towers with Radar,10,36,33,0,79,0,6,62,2,70,10,42,95,2,149,80,0,80,229
11/18/2001,TRI,TN,ASO,ES,Towers with Radar,11,36,33,0,80,2,4,37,2,45,13,40,70,2,125,71,0,71,196
11/19/2001,TRI,TN,ASO,ES,Towers with Radar,11,46,42,0,99,0,1,42,0,43,11,47,84,0,142,67,0,67,209
11/20/2001,TRI,TN,ASO,ES,Towers with Radar,16,59,37,0,112,0,4,40,0,44,16,63,77,0,156,48,0,48,204
11/21/2001,TRI,TN,ASO,ES,Towers with Radar,11,63,73,1,148,0,3,75,0,78,11,66,148,1,226,73,0,73,299
11/22/2001,TRI,TN,ASO,ES,Towers with Radar,12,34,15,0,61,0,0,23,0,23,12,34,38,0,84,2,0,2,86
11/23/2001,TRI,TN,ASO,ES,Towers with Radar,9,35,27,0,71,0,0,49,0,49,9,35,76,0,120,84,0,84,204
11/24/2001,TRI,TN,ASO,ES,Towers with Radar,16,35,10,1,62,0,0,24,0,24,16,35,34,1,86,52,0,52,138
11/25/2001,TRI,TN,ASO,ES,Towers with Radar,17,35,44,1,97,0,2,64,0,66,17,37,108,1,163,82,0,82,245
11/26/2001,TRI,TN,ASO,ES,Towers with Radar,10,51,46,0,107,0,1,61,0,62,10,52,107,0,169,77,0,77,246
11/27/2001,TRI,TN,ASO,ES,Towers with Radar,20,44,40,0,104,0,0,36,0,36,20,44,76,0,140,44,0,44,184
11/28/2001,TRI,TN,ASO,ES,Towers with Radar,13,42,45,0,100,0,1,55,0,56,13,43,100,0,156,60,0,60,216
11/29/2001,TRI,TN,ASO,ES,Towers with Radar,12,63,43,1,119,0,2,40,8,50,12,65,83,9,169,109,0,109,278
11/30/2001,TRI,TN,ASO,ES,Towers with Radar,19,54,69,1,143,0,1,16,0,17,19,55,85,1,160,72,0,72,232
12/01/2001,TRI,TN,ASO,ES,Towers with Radar,13,45,40,0,98,1,0,78,0,79,14,45,118,0,177,128,0,128,305
12/02/2001,TRI,TN,ASO,ES,Towers with Radar,9,40,34,0,83,1,0,73,0,74,10,40,107,0,157,64,0,64,221
12/03/2001,TRI,TN,ASO,ES,Towers with Radar,13,52,35,0,100,0,0,79,0,79,13,52,114,0,179,86,0,86,265
12/04/2001,TRI,TN,ASO,ES,Towers with Radar,17,54,50,4,125,0,0,87,7,94,17,54,137,11,219,124,0,124,343
12/05/2001,TRI,TN,ASO,ES,Towers with Radar,18,55,57,0,130,0,0,59,4,63,18,55,116,4,193,90,0,90,283
12/06/2001,TRI,TN,ASO,ES,Towers with Radar,22,50,41,0,113,0,0,59,0,59,22,50,100,0,172,82,0,82,254
12/07/2001,TRI,TN,ASO,ES,Towers with Radar,15,63,67,0,145,0,0,2,0,2,15,63,69,0,147,0,0,0,147
12/08/2001,TRI,TN,ASO,ES,Towers with Radar,16,39,19,4,78,0,0,11,0,11,16,39,30,4,89,12,0,12,101
12/09/2001,TRI,TN,ASO,ES,Towers with Radar,8,34,26,0,68,0,6,43,4,53,8,40,69,4,121,68,0,68,189
12/10/2001,TRI,TN,ASO,ES,Towers with Radar,11,52,36,8,107,0,0,2,0,2,11,52,38,8,109,11,0,11,120
12/11/2001,TRI,TN,ASO,ES,Towers with Radar,14,66,60,1,141,0,0,15,0,15,14,66,75,1,156,8,0,8,164
12/12/2001,TRI,TN,ASO,ES,Towers with Radar,36,38,51,0,125,0,0,39,0,39,36,38,90,0,164,68,0,68,232
12/13/2001,TRI,TN,ASO,ES,Towers with Radar,18,56,72,0,146,0,0,4,0,4,18,56,76,0,150,14,0,14,164
12/14/2001,TRI,TN,ASO,ES,Towers with Radar,13,56,60,2,131,0,4,28,0,32,13,60,88,2,163,36,0,36,199
12/15/2001,TRI,TN,ASO,ES,Towers with Radar,11,46,38,0,95,0,0,70,0,70,11,46,108,0,165,18,0,18,183
12/16/2001,TRI,TN,ASO,ES,Towers with Radar,13,38,27,0,78,0,0,76,0,76,13,38,103,0,154,77,0,77,231
12/17/2001,TRI,TN,ASO,ES,Towers with Radar,12,58,50,0,120,0,0,16,0,16,12,58,66,0,136,48,0,48,184
12/18/2001,TRI,TN,ASO,ES,Towers with Radar,20,54,55,0,129,0,1,69,2,72,20,55,124,2,201,94,0,94,295
12/19/2001,TRI,TN,ASO,ES,Towers with Radar,16,49,50,3,118,0,1,75,3,79,16,50,125,6,197,64,0,64,261
12/20/2001,TRI,TN,ASO,ES,Towers with Radar,14,56,31,0,101,0,1,63,0,64,14,57,94,0,165,92,0,92,257
12/21/2001,TRI,TN,ASO,ES,Towers with Radar,30,35,44,0,109,0,1,76,0,77,30,36,120,0,186,88,0,88,274
12/22/2001,TRI,TN,ASO,ES,Towers with Radar,48,14,23,0,85,0,0,60,0,60,48,14,83,0,145,42,0,42,187
12/23/2001,TRI,TN,ASO,ES,Towers with Radar,11,40,12,0,63,0,0,0,0,0,11,40,12,0,63,0,0,0,63
12/24/2001,TRI,TN,ASO,ES,Towers with Radar,10,29,23,0,62,1,12,10,0,23,11,41,33,0,85,11,0,11,96
12/25/2001,TRI,TN,ASO,ES,Towers with Radar,11,29,6,0,46,0,0,14,0,14,11,29,20,0,60,0,0,0,60
12/26/2001,TRI,TN,ASO,ES,Towers with Radar,10,50,29,0,89,0,0,34,0,34,10,50,63,0,123,52,0,52,175
12/27/2001,TRI,TN,ASO,ES,Towers with Radar,14,47,35,8,104,0,0,41,5,46,14,47,76,13,150,61,0,61,211
12/28/2001,TRI,TN,ASO,ES,Towers with Radar,11,57,24,0,92,0,1,52,0,53,11,58,76,0,145,84,0,84,229
12/29/2001,TRI,TN,ASO,ES,Towers with Radar,9,44,14,0,67,0,0,37,0,37,9,44,51,0,104,42,0,42,146
12/30/2001,TRI,TN,ASO,ES,Towers with Radar,11,36,20,0,67,0,0,61,0,61,11,36,81,0,128,50,0,50,178
12/31/2001,TRI,TN,ASO,ES,Towers with Radar,9,43,16,0,68,0,0,28,0,28,9,43,44,0,96,26,0,26,122
01/01/2002,TRI,TN,ASO,ES,Towers with Radar,10,26,14,0,50,1,0,30,0,31,11,26,44,0,81,20,0,20,101
01/02/2002,TRI,TN,ASO,ES,Towers with Radar,8,48,34,0,90,1,0,43,0,44,9,48,77,0,134,125,0,125,259
01/03/2002,TRI,TN,ASO,ES,Towers with Radar,5,53,53,0,111,1,1,36,0,38,6,54,89,0,149,70,0,70,219
01/04/2002,TRI,TN,ASO,ES,Towers with Radar,27,49,43,2,121,1,0,82,0,83,28,49,125,2,204,108,0,108,312
01/05/2002,TRI,TN,ASO,ES,Towers with Radar,24,30,24,0,78,1,4,68,0,73,25,34,92,0,151,92,0,92,243
01/06/2002,TRI,TN,ASO,ES,Towers with Radar,10,37,17,0,64,1,0,1,0,2,11,37,18,0,66,0,0,0,66
01/07/2002,TRI,TN,ASO,ES,Towers with Radar,30,32,41,0,103,1,1,12,0,14,31,33,53,0,117,24,0,24,141
01/08/2002,TRI,TN,ASO,ES,Towers with Radar,16,52,57,5,130,1,0,51,7,59,17,52,108,12,189,98,0,98,287
01/09/2002,TRI,TN,ASO,ES,Towers with Radar,18,52,56,1,127,0,2,53,4,59,18,54,109,5,186,52,0,52,238
01/10/2002,TRI,TN,ASO,ES,Towers with Radar,19,47,45,0,111,0,0,86,0,86,19,47,131,0,197,135,0,135,332
01/11/2002,TRI,TN,ASO,ES,Towers with Radar,18,54,26,1,99,0,0,43,0,43,18,54,69,1,142,63,0,63,205
01/12/2002,TRI,TN,ASO,ES,Towers with Radar,15,35,29,0,79,0,4,71,12,87,15,39,100,12,166,87,0,87,253
01/13/2002,TRI,TN,ASO,ES,Towers with Radar,24,27,25,0,76,0,0,59,0,59,24,27,84,0,135,89,0,89,224
01/14/2002,TRI,TN,ASO,ES,Towers with Radar,14,50,35,0,99,0,0,67,0,67,14,50,102,0,166,72,0,72,238
01/15/2002,TRI,TN,ASO,ES,Towers with Radar,20,51,50,0,121,0,0,43,0,43,20,51,93,0,164,50,0,50,214
01/16/2002,TRI,TN,ASO,ES,Towers with Radar,21,50,30,2,103,0,0,62,0,62,21,50,92,2,165,78,0,78,243
01/17/2002,TRI,TN,ASO,ES,Towers with Radar,31,32,49,2,114,0,1,42,1,44,31,33,91,3,158,80,0,80,238
01/18/2002,TRI,TN,ASO,ES,Towers with Radar,32,37,46,0,115,0,2,48,0,50,32,39,94,0,165,74,0,74,239
01/19/2002,TRI,TN,ASO,ES,Towers with Radar,17,40,8,0,65,0,0,2,0,2,17,40,10,0,67,0,0,0,67
01/20/2002,TRI,TN,ASO,ES,Towers with Radar,11,35,39,0,85,0,0,70,0,70,11,35,109,0,155,82,0,82,237
01/21/2002,TRI,TN,ASO,ES,Towers with Radar,14,37,32,0,83,0,3,23,0,26,14,40,55,0,109,26,0,26,135
01/22/2002,TRI,TN,ASO,ES,Towers with Radar,16,48,41,2,107,0,1,57,0,58,16,49,98,2,165,98,0,98,263
01/23/2002,TRI,TN,ASO,ES,Towers with Radar,25,49,46,0,120,0,0,6,0,6,25,49,52,0,126,0,0,0,126
01/24/2002,TRI,TN,ASO,ES,Towers with Radar,25,46,49,0,120,0,0,4,0,4,25,46,53,0,124,24,0,24,148
01/25/2002,TRI,TN,ASO,ES,Towers with Radar,16,57,52,2,127,0,0,85,0,85,16,57,137,2,212,107,0,107,319
01/26/2002,TRI,TN,ASO,ES,Towers with Radar,15,34,29,1,79,3,6,83,1,93,18,40,112,2,172,135,0,135,307
01/27/2002,TRI,TN,ASO,ES,Towers with Radar,14,33,22,2,71,0,0,86,0,86,14,33,108,2,157,110,0,110,267
01/28/2002,TRI,TN,ASO,ES,Towers with Radar,14,58,43,1,116,0,0,67,3,70,14,58,110,4,186,63,0,63,249
01/29/2002,TRI,TN,ASO,ES,Towers with Radar,28,45,60,0,133,0,0,41,0,41,28,45,101,0,174,104,0,104,278
01/30/2002,TRI,TN,ASO,ES,Towers with Radar,26,60,52,1,139,1,5,43,3,52,27,65,95,4,191,88,0,88,279
01/31/2002,TRI,TN,ASO,ES,Towers with Radar,17,62,54,0,133,0,1,36,0,37,17,63,90,0,170,49,0,49,219
02/01/2002,TRI,TN,ASO,ES,Towers with Radar,13,66,50,0,129,1,0,25,0,26,14,66,75,0,155,58,0,58,213
02/02/2002,TRI,TN,ASO,ES,Towers with Radar,19,42,30,2,93,1,0,58,2,61,20,42,88,4,154,64,0,64,218
02/03/2002,TRI,TN,ASO,ES,Towers with Radar,13,40,18,0,71,1,0,30,0,31,14,40,48,0,102,8,0,8,110
02/04/2002,TRI,TN,ASO,ES,Towers with Radar,36,37,51,1,125,0,4,26,2,32,36,41,77,3,157,8,0,8,165
02/05/2002,TRI,TN,ASO,ES,Towers with Radar,15,59,34,10,118,0,2,60,5,67,15,61,94,15,185,46,0,46,231
02/06/2002,TRI,TN,ASO,ES,Towers with Radar,19,54,47,2,122,0,0,12,0,12,19,54,59,2,134,14,0,14,148
02/07/2002,TRI,TN,ASO,ES,Towers with Radar,16,65,55,1,137,0,1,5,0,6,16,66,60,1,143,32,0,32,175
02/08/2002,TRI,TN,ASO,ES,Towers with Radar,15,57,82,0,154,0,2,64,3,69,15,59,146,3,223,73,0,73,296
02/09/2002,TRI,TN,ASO,ES,Towers with Radar,14,47,18,0,79,0,0,84,0,84,14,47,102,0,163,96,0,96,259
02/10/2002,TRI,TN,ASO,ES,Towers with Radar,21,31,15,0,67,0,0,23,0,23,21,31,38,0,90,28,0,28,118
02/11/2002,TRI,TN,ASO,ES,Towers with Radar,34,43,53,2,132,0,1,23,0,24,34,44,76,2,156,50,0,50,206
02/12/2002,TRI,TN,ASO,ES,Towers with Radar,38,38,51,2,129,0,0,80,10,90,38,38,131,12,219,108,0,108,327
02/13/2002,TRI,TN,ASO,ES,Towers with Radar,34,37,43,2,116,0,0,65,2,67,34,37,108,4,183,53,0,53,236
02/14/2002,TRI,TN,ASO,ES,Towers with Radar,20,57,51,0,128,0,2,78,0,80,20,59,129,0,208,80,0,80,288
02/15/2002,TRI,TN,ASO,ES,Towers with Radar,17,57,43,2,119,0,0,30,2,32,17,57,73,4,151,18,0,18,169
02/16/2002,TRI,TN,ASO,ES,Towers with Radar,17,40,33,0,90,0,5,29,4,38,17,45,62,4,128,72,0,72,200
02/17/2002,TRI,TN,ASO,ES,Towers with Radar,10,41,24,0,75,0,0,20,0,20,10,41,44,0,95,8,0,8,103
02/18/2002,TRI,TN,ASO,ES,Towers with Radar,12,50,52,0,114,0,4,111,0,115,12,54,163,0,229,155,0,155,384
02/19/2002,TRI,TN,ASO,ES,Towers with Radar,23,56,37,0,116,0,3,70,0,73,23,59,107,0,189,96,0,96,285
02/20/2002,TRI,TN,ASO,ES,Towers with Radar,21,52,19,0,92,0,2,44,0,46,21,54,63,0,138,110,0,110,248
02/21/2002,TRI,TN,ASO,ES,Towers with Radar,37,42,43,0,122,0,2,38,0,40,37,44,81,0,162,26,0,26,188
02/22/2002,TRI,TN,ASO,ES,Towers with Radar,16,60,34,1,111,0,0,29,0,29,16,60,63,1,140,64,0,64,204
02/23/2002,TRI,TN,ASO,ES,Towers with Radar,18,44,36,0,98,0,0,75,0,75,18,44,111,0,173,86,0,86,259
02/24/2002,TRI,TN,ASO,ES,Towers with Radar,14,38,32,0,84,0,0,83,0,83,14,38,115,0,167,38,0,38,205
02/25/2002,TRI,TN,ASO,ES,Towers with Radar,26,47,39,0,112,0,1,81,2,84,26,48,120,2,196,145,0,145,341
02/26/2002,TRI,TN,ASO,ES,Towers with Radar,12,59,26,1,98,0,2,13,0,15,12,61,39,1,113,26,0,26,139
02/27/2002,TRI,TN,ASO,ES,Towers with Radar,25,48,44,0,117,0,2,40,0,42,25,50,84,0,159,73,0,73,232
02/28/2002,TRI,TN,ASO,ES,Towers with Radar,26,51,45,0,122,0,4,97,2,103,26,55,142,2,225,194,0,194,419
03/01/2002,TRI,TN,ASO,ES,Towers with Radar,14,51,46,0,111,1,3,72,2,78,15,54,118,2,189,88,0,88,277
03/02/2002,TRI,TN,ASO,ES,Towers with Radar,17,47,29,0,93,1,4,21,0,26,18,51,50,0,119,88,0,88,207
03/03/2002,TRI,TN,ASO,ES,Towers with Radar,9,47,22,0,78,1,2,0,0,3,10,49,22,0,81,0,0,0,81
03/04/2002,TRI,TN,ASO,ES,Towers with Radar,10,56,50,0,116,1,4,25,0,30,11,60,75,0,146,38,0,38,184
03/05/2002,TRI,TN,ASO,ES,Towers with Radar,13,57,51,0,121,1,3,64,0,68,14,60,115,0,189,115,0,115,304
03/06/2002,TRI,TN,ASO,ES,Towers with Radar,18,55,48,0,121,1,4,54,0,59,19,59,102,0,180,96,0,96,276
03/07/2002,TRI,TN,ASO,ES,Towers with Radar,27,42,53,0,122,1,2,102,0,105,28,44,155,0,227,123,0,123,350
03/08/2002,TRI,TN,ASO,ES,Towers with Radar,15,64,68,0,147,0,19,49,6,74,15,83,117,6,221,50,0,50,271
03/09/2002,TRI,TN,ASO,ES,Towers with Radar,18,43,10,0,71,1,1,10,5,17,19,44,20,5,88,18,0,18,106
03/10/2002,TRI,TN,ASO,ES,Towers with Radar,10,33,38,0,81,0,3,51,7,61,10,36,89,7,142,75,0,75,217
03/11/2002,TRI,TN,ASO,ES,Towers with Radar,22,61,65,2,150,1,2,81,2,86,23,63,146,4,236,93,0,93,329
03/12/2002,TRI,TN,ASO,ES,Towers with Radar,15,59,48,0,122,1,1,0,0,2,16,60,48,0,124,10,0,10,134
03/13/2002,TRI,TN,ASO,ES,Towers with Radar,15,70,77,0,162,0,0,25,3,28,15,70,102,3,190,16,0,16,206
03/14/2002,TRI,TN,ASO,ES,Towers with Radar,33,46,62,0,141,1,1,75,1,78,34,47,137,1,219,149,0,149,368
03/15/2002,TRI,TN,ASO,ES,Towers with Radar,13,58,41,3,115,1,3,117,3,124,14,61,158,6,239,209,0,209,448
03/16/2002,TRI,TN,ASO,ES,Towers with Radar,18,38,31,0,87,1,1,31,0,33,19,39,62,0,120,80,0,80,200
03/17/2002,TRI,TN,ASO,ES,Towers with Radar,10,28,20,0,58,0,15,0,0,15,10,43,20,0,73,20,0,20,93
03/18/2002,TRI,TN,ASO,ES,Towers with Radar,9,53,46,0,108,1,1,11,0,13,10,54,57,0,121,44,0,44,165
03/19/2002,TRI,TN,ASO,ES,Towers with Radar,28,52,43,0,123,1,3,32,0,36,29,55,75,0,159,54,0,54,213
03/20/2002,TRI,TN,ASO,ES,Towers with Radar,13,34,29,0,76,8,15,0,0,23,21,49,29,0,99,0,0,0,99
03/21/2002,TRI,TN,ASO,ES,Towers with Radar,19,60,107,0,186,1,2,77,0,80,20,62,184,0,266,72,0,72,338
03/22/2002,TRI,TN,ASO,ES,Towers with Radar,20,60,72,2,154,0,8,59,1,68,20,68,131,3,222,78,0,78,300
03/23/2002,TRI,TN,ASO,ES,Towers with Radar,26,31,67,1,125,15,0,156,5,176,41,31,223,6,301,58,0,58,359
03/24/2002,TRI,TN,ASO,ES,Towers with Radar,27,65,93,2,187,0,0,386,4,390,27,65,479,6,577,24,0,24,601
03/25/2002,TRI,TN,ASO,ES,Towers with Radar,34,44,39,2,119,0,6,57,1,64,34,50,96,3,183,95,0,95,278
03/26/2002,TRI,TN,ASO,ES,Towers with Radar,40,45,49,0,134,0,2,10,0,12,40,47,59,0,146,12,0,12,158
03/27/2002,TRI,TN,ASO,ES,Towers with Radar,23,57,65,0,145,0,2,2,0,4,23,59,67,0,149,11,0,11,160
03/28/2002,TRI,TN,ASO,ES,Towers with Radar,21,54,58,2,135,0,4,123,2,129,21,58,181,4,264,247,0,247,511
03/29/2002,TRI,TN,ASO,ES,Towers with Radar,13,58,43,0,114,0,3,90,2,95,13,61,133,2,209,62,0,62,271
03/30/2002,TRI,TN,ASO,ES,Towers with Radar,29,26,47,0,102,0,2,23,0,25,29,28,70,0,127,94,0,94,221
03/31/2002,TRI,TN,ASO,ES,Towers with Radar,21,32,24,0,77,0,2,0,0,2,21,34,24,0,79,0,0,0,79
04/01/2002,TRI,TN,ASO,ES,Towers with Radar,38,31,45,3,117,0,2,111,0,113,38,33,156,3,230,139,0,139,369
04/02/2002,TRI,TN,ASO,ES,Towers with Radar,18,58,43,0,119,0,2,86,0,88,18,60,129,0,207,113,0,113,320
04/03/2002,TRI,TN,ASO,ES,Towers with Radar,22,52,32,0,106,0,0,28,0,28,22,52,60,0,134,51,0,51,185
04/04/2002,TRI,TN,ASO,ES,Towers with Radar,23,51,59,0,133,0,2,102,3,107,23,53,161,3,240,166,0,166,406
04/05/2002,TRI,TN,ASO,ES,Towers with Radar,16,56,53,2,127,0,2,90,1,93,16,58,143,3,220,64,0,64,284
04/06/2002,TRI,TN,ASO,ES,Towers with Radar,17,41,36,0,94,0,1,114,0,115,17,42,150,0,209,138,0,138,347
04/07/2002,TRI,TN,ASO,ES,Towers with Radar,10,42,20,0,72,0,0,102,0,102,10,42,122,0,174,150,0,150,324
04/08/2002,TRI,TN,ASO,ES,Towers with Radar,34,40,34,2,110,0,0,26,3,29,34,40,60,5,139,54,0,54,193
04/09/2002,TRI,TN,ASO,ES,Towers with Radar,14,57,32,0,103,0,0,10,0,10,14,57,42,0,113,22,0,22,135
04/10/2002,TRI,TN,ASO,ES,Towers with Radar,15,59,39,5,118,0,1,47,5,53,15,60,86,10,171,52,0,52,223
04/11/2002,TRI,TN,ASO,ES,Towers with Radar,18,56,43,9,126,0,1,73,3,77,18,57,116,12,203,116,0,116,319
04/12/2002,TRI,TN,ASO,ES,Towers with Radar,14,56,37,9,116,0,1,80,5,86,14,57,117,14,202,135,0,135,337
04/13/2002,TRI,TN,ASO,ES,Towers with Radar,14,21,29,1,65,18,0,15,9,42,32,21,44,10,107,10,0,10,117
04/14/2002,TRI,TN,ASO,ES,Towers with Radar,9,37,30,1,77,0,0,18,11,29,9,37,48,12,106,6,0,6,112
04/15/2002,TRI,TN,ASO,ES,Towers with Radar,30,40,46,3,119,0,2,77,2,81,30,42,123,5,200,188,0,188,388
04/16/2002,TRI,TN,ASO,ES,Towers with Radar,25,52,48,1,126,0,6,103,7,116,25,58,151,8,242,88,0,88,330
04/17/2002,TRI,TN,ASO,ES,Towers with Radar,20,62,47,1,130,0,3,71,0,74,20,65,118,1,204,146,0,146,350
04/18/2002,TRI,TN,ASO,ES,Towers with Radar,18,54,40,2,114,0,3,71,4,78,18,57,111,6,192,130,0,130,322
04/19/2002,TRI,TN,ASO,ES,Towers with Radar,9,60,35,0,104,0,2,66,1,69,9,62,101,1,173,75,0,75,248
04/20/2002,TRI,TN,ASO,ES,Towers with Radar,14,36,30,1,81,8,7,83,0,98,22,43,113,1,179,112,0,112,291
04/21/2002,TRI,TN,ASO,ES,Towers with Radar,6,42,35,2,85,0,25,45,1,71,6,67,80,3,156,0,0,0,156
04/22/2002,TRI,TN,ASO,ES,Towers with Radar,19,49,37,1,106,0,2,28,1,31,19,51,65,2,137,14,0,14,151
04/23/2002,TRI,TN,ASO,ES,Towers with Radar,20,55,51,1,127,0,4,89,1,94,20,59,140,2,221,101,0,101,322
04/24/2002,TRI,TN,ASO,ES,Towers with Radar,8,65,54,1,128,0,0,59,4,63,8,65,113,5,191,126,0,126,317
04/25/2002,TRI,TN,ASO,ES,Towers with Radar,39,35,54,2,130,0,3,59,0,62,39,38,113,2,192,105,0,105,297
04/26/2002,TRI,TN,ASO,ES,Towers with Radar,13,67,58,0,138,0,1,115,0,116,13,68,173,0,254,124,0,124,378
04/27/2002,TRI,TN,ASO,ES,Towers with Radar,10,43,16,0,69,0,0,4,0,4,10,43,20,0,73,90,0,90,163
04/28/2002,TRI,TN,ASO,ES,Towers with Radar,14,28,30,0,72,8,0,23,0,31,22,28,53,0,103,19,0,19,122
04/29/2002,TRI,TN,ASO,ES,Towers with Radar,21,44,60,1,126,0,4,63,1,68,21,48,123,2,194,71,0,71,265
04/30/2002,TRI,TN,ASO,ES,Towers with Radar,9,56,47,0,112,0,1,52,0,53,9,57,99,0,165,68,0,68,233
05/01/2002,TRI,TN,ASO,ES,Towers with Radar,15,51,52,0,118,0,2,63,0,65,15,53,115,0,183,149,0,149,332
05/02/2002,TRI,TN,ASO,ES,Towers with Radar,35,34,74,0,143,0,2,14,0,16,35,36,88,0,159,57,0,57,216
05/03/2002,TRI,TN,ASO,ES,Towers with Radar,13,54,50,3,120,0,1,78,0,79,13,55,128,3,199,60,0,60,259
05/04/2002,TRI,TN,ASO,ES,Towers with Radar,21,33,40,0,94,0,1,30,2,33,21,34,70,2,127,70,0,70,197
05/05/2002,TRI,TN,ASO,ES,Towers with Radar,23,33,44,2,102,0,1,86,0,87,23,34,130,2,189,91,0,91,280
05/06/2002,TRI,TN,ASO,ES,Towers with Radar,11,59,42,0,112,0,1,82,2,85,11,60,124,2,197,70,0,70,267
05/07/2002,TRI,TN,ASO,ES,Towers with Radar,18,65,54,0,137,0,1,33,0,34,18,66,87,0,171,62,0,62,233
05/08/2002,TRI,TN,ASO,ES,Towers with Radar,18,63,67,0,148,0,3,52,0,55,18,66,119,0,203,66,0,66,269
05/09/2002,TRI,TN,ASO,ES,Towers with Radar,32,39,53,0,124,0,3,27,0,30,32,42,80,0,154,12,0,12,166
05/10/2002,TRI,TN,ASO,ES,Towers with Radar,19,52,51,2,124,0,3,37,3,43,19,55,88,5,167,92,0,92,259
05/11/2002,TRI,TN,ASO,ES,Towers with Radar,22,37,34,0,93,0,1,97,0,98,22,38,131,0,191,90,0,90,281
05/12/2002,TRI,TN,ASO,ES,Towers with Radar,14,30,35,0,79,0,2,48,0,50,14,32,83,0,129,60,0,60,189
05/13/2002,TRI,TN,ASO,ES,Towers with Radar,11,32,36,0,79,0,25,15,0,40,11,57,51,0,119,2,0,2,121
05/14/2002,TRI,TN,ASO,ES,Towers with Radar,23,53,59,0,135,0,4,55,8,67,23,57,114,8,202,37,0,37,239
05/15/2002,TRI,TN,ASO,ES,Towers with Radar,20,55,70,0,145,0,3,103,2,108,20,58,173,2,253,145,0,145,398
05/16/2002,TRI,TN,ASO,ES,Towers with Radar,42,32,65,2,141,0,1,76,0,77,42,33,141,2,218,108,0,108,326
05/17/2002,TRI,TN,ASO,ES,Towers with Radar,28,48,41,0,117,0,2,63,0,65,28,50,104,0,182,78,0,78,260
05/18/2002,TRI,TN,ASO,ES,Towers with Radar,25,22,51,0,98,20,0,27,0,47,45,22,78,0,145,112,0,112,257
05/19/2002,TRI,TN,ASO,ES,Towers with Radar,12,38,38,5,93,0,1,88,1,90,12,39,126,6,183,193,0,193,376
05/20/2002,TRI,TN,ASO,ES,Towers with Radar,31,31,61,0,123,0,1,77,0,78,31,32,138,0,201,84,0,84,285
05/21/2002,TRI,TN,ASO,ES,Towers with Radar,21,51,54,2,128,0,2,64,0,66,21,53,118,2,194,50,0,50,244
05/22/2002,TRI,TN,ASO,ES,Towers with Radar,14,56,40,1,111,0,3,81,11,95,14,59,121,12,206,64,0,64,270
05/23/2002,TRI,TN,ASO,ES,Towers with Radar,35,40,58,1,134,0,3,93,1,97,35,43,151,2,231,128,0,128,359
05/24/2002,TRI,TN,ASO,ES,Towers with Radar,36,37,58,0,131,0,1,90,0,91,36,38,148,0,222,103,0,103,325
05/25/2002,TRI,TN,ASO,ES,Towers with Radar,18,30,34,0,82,6,13,71,0,90,24,43,105,0,172,76,0,76,248
05/26/2002,TRI,TN,ASO,ES,Towers with Radar,9,41,25,0,75,0,1,50,0,51,9,42,75,0,126,46,0,46,172
05/27/2002,TRI,TN,ASO,ES,Towers with Radar,20,17,40,0,77,10,0,51,0,61,30,17,91,0,138,90,0,90,228
05/28/2002,TRI,TN,ASO,ES,Towers with Radar,19,55,51,0,125,0,1,61,2,64,19,56,112,2,189,100,0,100,289
05/29/2002,TRI,TN,ASO,ES,Towers with Radar,24,52,41,0,117,0,2,47,0,49,24,54,88,0,166,88,0,88,254
05/30/2002,TRI,TN,ASO,ES,Towers with Radar,28,26,55,0,109,19,0,57,0,76,47,26,112,0,185,28,0,28,213
05/31/2002,TRI,TN,ASO,ES,Towers with Radar,17,55,46,0,118,0,1,77,0,78,17,56,123,0,196,172,0,172,368
06/01/2002,TRI,TN,ASO,ES,Towers with Radar,20,39,42,1,102,1,0,69,0,70,21,39,111,1,172,92,0,92,264
06/02/2002,TRI,TN,ASO,ES,Towers with Radar,14,33,29,0,76,10,14,48,0,72,24,47,77,0,148,100,0,100,248
06/03/2002,TRI,TN,ASO,ES,Towers with Radar,14,55,42,0,111,1,0,50,2,53,15,55,92,2,164,33,0,33,197
06/04/2002,TRI,TN,ASO,ES,Towers with Radar,24,60,39,2,125,1,0,41,0,42,25,60,80,2,167,106,0,106,273
06/05/2002,TRI,TN,ASO,ES,Towers with Radar,12,59,37,2,110,0,0,44,3,47,12,59,81,5,157,68,0,68,225
06/06/2002,TRI,TN,ASO,ES,Towers with Radar,25,47,44,0,116,0,0,10,0,10,25,47,54,0,126,6,0,6,132
06/07/2002,TRI,TN,ASO,ES,Towers with Radar,17,51,33,2,103,0,0,78,1,79,17,51,111,3,182,66,0,66,248
06/08/2002,TRI,TN,ASO,ES,Towers with Radar,22,41,27,0,90,0,0,108,0,108,22,41,135,0,198,122,0,122,320
06/09/2002,TRI,TN,ASO,ES,Towers with Radar,12,40,26,0,78,0,0,72,0,72,12,40,98,0,150,74,0,74,224
06/10/2002,TRI,TN,ASO,ES,Towers with Radar,18,58,47,0,123,0,0,100,0,100,18,58,147,0,223,172,0,172,395
06/11/2002,TRI,TN,ASO,ES,Towers with Radar,48,28,61,2,139,0,0,79,1,80,48,28,140,3,219,44,0,44,263
06/12/2002,TRI,TN,ASO,ES,Towers with Radar,15,56,48,0,119,0,0,74,0,74,15,56,122,0,193,134,0,134,327
06/13/2002,TRI,TN,ASO,ES,Towers with Radar,40,27,30,0,97,0,2,39,0,41,40,29,69,0,138,38,0,38,176
06/14/2002,TRI,TN,ASO,ES,Towers with Radar,17,57,50,0,124,0,1,41,0,42,17,58,91,0,166,40,0,40,206
06/15/2002,TRI,TN,ASO,ES,Towers with Radar,14,42,48,0,104,0,0,92,0,92,14,42,140,0,196,140,0,140,336
06/16/2002,TRI,TN,ASO,ES,Towers with Radar,14,41,35,0,90,0,4,31,0,35,14,45,66,0,125,62,0,62,187
06/17/2002,TRI,TN,ASO,ES,Towers with Radar,21,51,46,0,118,0,1,78,0,79,21,52,124,0,197,68,0,68,265
06/18/2002,TRI,TN,ASO,ES,Towers with Radar,29,49,45,6,129,0,3,75,0,78,29,52,120,6,207,85,0,85,292
06/19/2002,TRI,TN,ASO,ES,Towers with Radar,27,46,55,0,128,0,1,92,0,93,27,47,147,0,221,129,0,129,350
06/20/2002,TRI,TN,ASO,ES,Towers with Radar,16,57,51,0,124,0,0,61,0,61,16,57,112,0,185,42,0,42,227
06/21/2002,TRI,TN,ASO,ES,Towers with Radar,25,63,46,0,134,0,0,95,0,95,25,63,141,0,229,57,0,57,286
06/22/2002,TRI,TN,ASO,ES,Towers with Radar,29,36,24,0,89,0,3,86,0,89,29,39,110,0,178,130,0,130,308
06/23/2002,TRI,TN,ASO,ES,Towers with Radar,13,42,43,2,100,0,0,68,0,68,13,42,111,2,168,104,0,104,272
06/24/2002,TRI,TN,ASO,ES,Towers with Radar,9,60,28,0,97,0,0,61,0,61,9,60,89,0,158,42,0,42,200
06/25/2002,TRI,TN,ASO,ES,Towers with Radar,38,40,43,0,121,0,1,73,3,77,38,41,116,3,198,73,0,73,271
06/26/2002,TRI,TN,ASO,ES,Towers with Radar,38,33,39,0,110,0,1,51,0,52,38,34,90,0,162,34,0,34,196
06/27/2002,TRI,TN,ASO,ES,Towers with Radar,18,54,48,0,120,0,4,26,3,33,18,58,74,3,153,66,0,66,219
06/28/2002,TRI,TN,ASO,ES,Towers with Radar,30,39,75,4,148,0,1,54,3,58,30,40,129,7,206,133,0,133,339
06/29/2002,TRI,TN,ASO,ES,Towers with Radar,21,44,30,0,95,0,0,62,0,62,21,44,92,0,157,114,0,114,271
06/30/2002,TRI,TN,ASO,ES,Towers with Radar,9,47,42,1,99,0,0,80,0,80,9,47,122,1,179,93,0,93,272
07/01/2002,TRI,TN,ASO,ES,Towers with Radar,14,51,63,0,128,1,0,69,0,70,15,51,132,0,198,176,0,176,374
07/02/2002,TRI,TN,ASO,ES,Towers with Radar,17,56,47,0,120,1,0,32,0,33,18,56,79,0,153,74,0,74,227
07/03/2002,TRI,TN,ASO,ES,Towers with Radar,20,52,42,0,114,1,0,27,0,28,21,52,69,0,142,46,0,46,188
07/04/2002,TRI,TN,ASO,ES,Towers with Radar,10,28,28,0,66,3,10,19,0,32,13,38,47,0,98,26,0,26,124
07/05/2002,TRI,TN,ASO,ES,Towers with Radar,12,47,40,0,99,1,0,43,0,44,13,47,83,0,143,33,0,33,176
07/06/2002,TRI,TN,ASO,ES,Towers with Radar,16,39,33,0,88,1,0,66,0,67,17,39,99,0,155,92,0,92,247
07/07/2002,TRI,TN,ASO,ES,Towers with Radar,27,26,46,0,99,1,0,66,0,67,28,26,112,0,166,56,0,56,222
07/08/2002,TRI,TN,ASO,ES,Towers with Radar,11,59,44,0,114,0,0,55,0,55,11,59,99,0,169,140,0,140,309
07/09/2002,TRI,TN,ASO,ES,Towers with Radar,34,45,42,0,121,0,0,67,0,67,34,45,109,0,188,64,0,64,252
07/10/2002,TRI,TN,ASO,ES,Towers with Radar,21,57,42,4,124,0,0,31,0,31,21,57,73,4,155,70,0,70,225
07/11/2002,TRI,TN,ASO,ES,Towers with Radar,13,74,70,0,157,0,0,47,0,47,13,74,117,0,204,54,0,54,258
07/12/2002,TRI,TN,ASO,ES,Towers with Radar,21,48,54,1,124,5,0,53,0,58,26,48,107,1,182,44,0,44,226
07/13/2002,TRI,TN,ASO,ES,Towers with Radar,15,46,29,2,92,0,0,16,0,16,15,46,45,2,108,30,0,30,138
07/14/2002,TRI,TN,ASO,ES,Towers with Radar,12,44,55,1,112,0,0,29,0,29,12,44,84,1,141,69,0,69,210
07/15/2002,TRI,TN,ASO,ES,Towers with Radar,15,59,55,0,129,0,2,64,0,66,15,61,119,0,195,34,0,34,229
07/16/2002,TRI,TN,ASO,ES,Towers with Radar,25,63,75,0,163,0,1,86,0,87,25,64,161,0,250,124,0,124,374
07/17/2002,TRI,TN,ASO,ES,Towers with Radar,22,59,77,2,160,0,0,47,0,47,22,59,124,2,207,138,0,138,345
07/18/2002,TRI,TN,ASO,ES,Towers with Radar,20,61,101,7,189,0,0,42,2,44,20,61,143,9,233,80,0,80,313
07/19/2002,TRI,TN,ASO,ES,Towers with Radar,28,49,47,0,124,0,0,52,1,53,28,49,99,1,177,72,0,72,249
07/20/2002,TRI,TN,ASO,ES,Towers with Radar,18,43,46,0,107,2,0,26,1,29,20,43,72,1,136,53,0,53,189
07/21/2002,TRI,TN,ASO,ES,Towers with Radar,13,43,44,0,100,0,1,75,3,79,13,44,119,3,179,97,0,97,276
07/22/2002,TRI,TN,ASO,ES,Towers with Radar,23,51,59,0,133,0,0,54,0,54,23,51,113,0,187,82,0,82,269
07/23/2002,TRI,TN,ASO,ES,Towers with Radar,34,35,35,0,104,0,0,67,0,67,34,35,102,0,171,102,0,102,273
07/24/2002,TRI,TN,ASO,ES,Towers with Radar,14,64,67,1,146,0,5,45,2,52,14,69,112,3,198,94,0,94,292
07/25/2002,TRI,TN,ASO,ES,Towers with Radar,31,38,79,6,154,0,0,104,1,105,31,38,183,7,259,124,0,124,383
07/26/2002,TRI,TN,ASO,ES,Towers with Radar,19,59,74,0,152,0,0,38,0,38,19,59,112,0,190,80,0,80,270
07/27/2002,TRI,TN,ASO,ES,Towers with Radar,16,48,69,0,133,0,0,69,0,69,16,48,138,0,202,116,0,116,318
07/28/2002,TRI,TN,ASO,ES,Towers with Radar,34,18,35,0,87,0,0,59,0,59,34,18,94,0,146,44,0,44,190
07/29/2002,TRI,TN,ASO,ES,Towers with Radar,13,61,64,2,140,0,2,73,0,75,13,63,137,2,215,106,0,106,321
07/30/2002,TRI,TN,ASO,ES,Towers with Radar,30,51,41,0,122,0,1,73,0,74,30,52,114,0,196,54,0,54,250
07/31/2002,TRI,TN,ASO,ES,Towers with Radar,15,73,60,0,148,0,0,47,0,47,15,73,107,0,195,14,0,14,209
08/01/2002,TRI,TN,ASO,ES,Towers with Radar,16,59,60,0,135,2,8,76,0,86,18,67,136,0,221,71,0,71,292
08/02/2002,TRI,TN,ASO,ES,Towers with Radar,28,46,62,0,136,2,2,82,4,90,30,48,144,4,226,74,0,74,300
08/03/2002,TRI,TN,ASO,ES,Towers with Radar,13,46,63,0,122,2,1,68,0,71,15,47,131,0,193,104,0,104,297
08/04/2002,TRI,TN,ASO,ES,Towers with Radar,14,40,64,0,118,0,9,89,0,98,14,49,153,0,216,108,0,108,324
08/05/2002,TRI,TN,ASO,ES,Towers with Radar,22,48,51,2,123,2,2,49,0,53,24,50,100,2,176,23,0,23,199
08/06/2002,TRI,TN,ASO,ES,Towers with Radar,16,65,78,0,159,2,3,51,0,56,18,68,129,0,215,82,0,82,297
08/07/2002,TRI,TN,ASO,ES,Towers with Radar,13,56,67,0,136,2,3,71,0,76,15,59,138,0,212,74,0,74,286
08/08/2002,TRI,TN,ASO,ES,Towers with Radar,19,51,68,0,138,2,3,99,0,104,21,54,167,0,242,97,0,97,339
08/09/2002,TRI,TN,ASO,ES,Towers with Radar,42,36,38,0,116,2,5,56,0,63,44,41,94,0,179,60,0,60,239
08/10/2002,TRI,TN,ASO,ES,Towers with Radar,11,47,38,14,110,2,1,78,0,81,13,48,116,14,191,98,0,98,289
08/11/2002,TRI,TN,ASO,ES,Towers with Radar,27,23,38,0,88,2,1,71,2,76,29,24,109,2,164,118,0,118,282
08/12/2002,TRI,TN,ASO,ES,Towers with Radar,18,50,41,5,114,2,1,45,0,48,20,51,86,5,162,48,0,48,210
08/13/2002,TRI,TN,ASO,ES,Towers with Radar,29,41,63,0,133,1,5,64,0,70,30,46,127,0,203,72,0,72,275
08/14/2002,TRI,TN,ASO,ES,Towers with Radar,18,56,54,4,132,1,2,42,0,45,19,58,96,4,177,30,0,30,207
08/15/2002,TRI,TN,ASO,ES,Towers with Radar,19,68,60,0,147,1,1,40,0,42,20,69,100,0,189,55,0,55,244
08/16/2002,TRI,TN,ASO,ES,Towers with Radar,23,38,77,0,138,15,0,21,0,36,38,38,98,0,174,24,0,24,198
08/17/2002,TRI,TN,ASO,ES,Towers with Radar,17,35,53,0,105,1,6,0,0,7,18,41,53,0,112,38,0,38,150
08/18/2002,TRI,TN,ASO,ES,Towers with Radar,27,24,35,0,86,1,1,36,0,38,28,25,71,0,124,92,0,92,216
08/19/2002,TRI,TN,ASO,ES,Towers with Radar,17,50,56,0,123,1,1,18,0,20,18,51,74,0,143,30,0,30,173
08/20/2002,TRI,TN,ASO,ES,Towers with Radar,15,40,63,0,118,0,11,62,0,73,15,51,125,0,191,136,0,136,327
08/21/2002,TRI,TN,ASO,ES,Towers with Radar,27,49,84,0,160,1,3,76,0,80,28,52,160,0,240,72,0,72,312
08/22/2002,TRI,TN,ASO,ES,Towers with Radar,17,61,136,0,214,1,1,84,0,86,18,62,220,0,300,50,0,50,350
08/23/2002,TRI,TN,ASO,ES,Towers with Radar,20,63,118,1,202,0,0,190,3,193,20,63,308,4,395,83,0,83,478
08/24/2002,TRI,TN,ASO,ES,Towers with Radar,20,69,133,1,223,0,0,392,1,393,20,69,525,2,616,0,0,0,616
08/25/2002,TRI,TN,ASO,ES,Towers with Radar,27,34,119,3,183,1,1,28,0,30,28,35,147,3,213,32,0,32,245
08/26/2002,TRI,TN,ASO,ES,Towers with Radar,24,48,50,0,122,1,3,13,0,17,25,51,63,0,139,12,0,12,151
08/27/2002,TRI,TN,ASO,ES,Towers with Radar,28,52,99,0,179,1,2,38,0,41,29,54,137,0,220,61,0,61,281
08/28/2002,TRI,TN,ASO,ES,Towers with Radar,22,50,76,0,148,1,3,58,0,62,23,53,134,0,210,66,0,66,276
08/29/2002,TRI,TN,ASO,ES,Towers with Radar,23,54,75,2,154,1,3,64,1,69,24,57,139,3,223,100,0,100,323
08/30/2002,TRI,TN,ASO,ES,Towers with Radar,44,33,60,0,137,1,3,67,0,71,45,36,127,0,208,104,0,104,312
08/31/2002,TRI,TN,ASO,ES,Towers with Radar,30,29,43,0,102,1,1,42,0,44,31,30,85,0,146,70,0,70,216
09/01/2002,TRI,TN,ASO,ES,Towers with Radar,25,17,25,0,67,2,0,74,0,76,27,17,99,0,143,26,0,26,169
09/02/2002,TRI,TN,ASO,ES,Towers with Radar,11,36,44,0,91,1,0,87,0,88,12,36,131,0,179,102,0,102,281
09/03/2002,TRI,TN,ASO,ES,Towers with Radar,26,46,41,0,113,1,3,57,0,61,27,49,98,0,174,69,0,69,243
09/04/2002,TRI,TN,ASO,ES,Towers with Radar,12,68,54,1,135,1,0,52,0,53,13,68,106,1,188,65,0,65,253
09/05/2002,TRI,TN,ASO,ES,Towers with Radar,17,56,55,0,128,1,0,128,0,129,18,56,183,0,257,98,0,98,355
09/06/2002,TRI,TN,ASO,ES,Towers with Radar,21,50,52,0,123,0,3,75,1,79,21,53,127,1,202,76,0,76,278
09/07/2002,TRI,TN,ASO,ES,Towers with Radar,18,37,36,0,91,1,0,86,1,88,19,37,122,1,179,103,0,103,282
09/08/2002,TRI,TN,ASO,ES,Towers with Radar,28,24,36,0,88,1,0,68,2,71,29,24,104,2,159,102,0,102,261
09/09/2002,TRI,TN,ASO,ES,Towers with Radar,14,54,28,0,96,1,1,55,0,57,15,55,83,0,153,53,0,53,206
09/10/2002,TRI,TN,ASO,ES,Towers with Radar,34,28,39,0,101,1,1,73,0,75,35,29,112,0,176,92,0,92,268
09/11/2002,TRI,TN,ASO,ES,Towers with Radar,35,32,52,0,119,1,0,73,0,74,36,32,125,0,193,84,0,84,277
09/12/2002,TRI,TN,ASO,ES,Towers with Radar,15,53,68,0,136,1,3,74,0,78,16,56,142,0,214,155,0,155,369
09/13/2002,TRI,TN,ASO,ES,Towers with Radar,17,68,54,0,139,1,1,79,0,81,18,69,133,0,220,126,0,126,346
09/14/2002,TRI,TN,ASO,ES,Towers with Radar,32,18,28,2,80,1,0,52,0,53,33,18,80,2,133,132,0,132,265
09/15/2002,TRI,TN,ASO,ES,Towers with Radar,17,33,50,1,101,0,0,14,1,15,17,33,64,2,116,29,0,29,145
09/16/2002,TRI,TN,ASO,ES,Towers with Radar,38,34,43,0,115,0,0,21,0,21,38,34,64,0,136,16,0,16,152
09/17/2002,TRI,TN,ASO,ES,Towers with Radar,31,52,57,2,142,0,0,36,0,36,31,52,93,2,178,31,0,31,209
09/18/2002,TRI,TN,ASO,ES,Towers with Radar,32,40,64,1,137,10,0,75,0,85,42,40,139,1,222,107,0,107,329
09/19/2002,TRI,TN,ASO,ES,Towers with Radar,21,52,53,2,128,0,0,74,1,75,21,52,127,3,203,192,0,192,395
09/20/2002,TRI,TN,ASO,ES,Towers with Radar,19,61,48,2,130,0,5,46,0,51,19,66,94,2,181,34,0,34,215
09/21/2002,TRI,TN,ASO,ES,Towers with Radar,18,32,33,0,83,1,4,5,0,10,19,36,38,0,93,0,0,0,93
09/22/2002,TRI,TN,ASO,ES,Towers with Radar,23,39,25,2,89,0,0,5,0,5,23,39,30,2,94,55,0,55,149
09/23/2002,TRI,TN,ASO,ES,Towers with Radar,37,30,46,4,117,0,1,78,0,79,37,31,124,4,196,100,0,100,296
09/24/2002,TRI,TN,ASO,ES,Towers with Radar,20,50,52,0,122,0,6,63,4,73,20,56,115,4,195,95,0,95,290
09/25/2002,TRI,TN,ASO,ES,Towers with Radar,41,32,77,0,150,0,0,29,0,29,41,32,106,0,179,52,0,52,231
09/26/2002,TRI,TN,ASO,ES,Towers with Radar,18,62,41,0,121,0,0,15,0,15,18,62,56,0,136,62,0,62,198
09/27/2002,TRI,TN,ASO,ES,Towers with Radar,12,44,46,0,102,0,40,36,0,76,12,84,82,0,178,136,0,136,314
09/28/2002,TRI,TN,ASO,ES,Towers with Radar,21,32,44,0,97,0,0,47,0,47,21,32,91,0,144,40,0,40,184
09/29/2002,TRI,TN,ASO,ES,Towers with Radar,18,35,44,4,101,0,0,83,1,84,18,35,127,5,185,166,0,166,351
09/30/2002,TRI,TN,ASO,ES,Towers with Radar,17,58,57,0,132,0,2,56,0,58,17,60,113,0,190,108,0,108,298
10/01/2002,TRI,TN,ASO,ES,Towers with Radar,17,49,62,2,130,0,2,72,0,74,17,51,134,2,204,109,0,109,313
10/02/2002,TRI,TN,ASO,ES,Towers with Radar,40,34,54,2,130,0,2,51,0,53,40,36,105,2,183,94,0,94,277
10/03/2002,TRI,TN,ASO,ES,Towers with Radar,21,60,71,0,152,0,1,54,0,55,21,61,125,0,207,81,0,81,288
10/04/2002,TRI,TN,ASO,ES,Towers with Radar,19,52,52,0,123,0,0,78,0,78,19,52,130,0,201,154,0,154,355
10/05/2002,TRI,TN,ASO,ES,Towers with Radar,22,33,28,0,83,0,0,47,0,47,22,33,75,0,130,41,0,41,171
10/06/2002,TRI,TN,ASO,ES,Towers with Radar,17,43,51,0,111,0,0,106,0,106,17,43,157,0,217,208,0,208,425
10/07/2002,TRI,TN,ASO,ES,Towers with Radar,22,47,51,2,122,0,0,29,0,29,22,47,80,2,151,134,0,134,285
10/08/2002,TRI,TN,ASO,ES,Towers with Radar,19,53,55,0,127,0,0,74,0,74,19,53,129,0,201,145,0,145,346
10/09/2002,TRI,TN,ASO,ES,Towers with Radar,39,43,49,3,134,0,0,58,2,60,39,43,107,5,194,124,0,124,318
10/10/2002,TRI,TN,ASO,ES,Towers with Radar,20,54,52,0,126,0,0,41,0,41,20,54,93,0,167,95,0,95,262
10/11/2002,TRI,TN,ASO,ES,Towers with Radar,24,44,75,0,143,0,0,19,0,19,24,44,94,0,162,68,0,68,230
10/12/2002,TRI,TN,ASO,ES,Towers with Radar,17,41,51,0,109,6,0,31,0,37,23,41,82,0,146,88,0,88,234
10/13/2002,TRI,TN,ASO,ES,Towers with Radar,16,37,40,0,93,0,0,32,0,32,16,37,72,0,125,56,0,56,181
10/14/2002,TRI,TN,ASO,ES,Towers with Radar,16,45,48,1,110,0,2,91,0,93,16,47,139,1,203,130,0,130,333
10/15/2002,TRI,TN,ASO,ES,Towers with Radar,19,55,66,2,142,0,0,2,0,2,19,55,68,2,144,4,0,4,148
10/16/2002,TRI,TN,ASO,ES,Towers with Radar,28,48,85,1,162,0,2,16,0,18,28,50,101,1,180,4,0,4,184
10/17/2002,TRI,TN,ASO,ES,Towers with Radar,16,69,87,0,172,0,2,53,0,55,16,71,140,0,227,118,0,118,345
10/18/2002,TRI,TN,ASO,ES,Towers with Radar,21,58,99,0,178,0,1,75,0,76,21,59,174,0,254,106,0,106,360
10/19/2002,TRI,TN,ASO,ES,Towers with Radar,16,37,44,0,97,0,3,67,8,78,16,40,111,8,175,68,0,68,243
10/20/2002,TRI,TN,ASO,ES,Towers with Radar,15,35,37,0,87,0,0,1,0,1,15,35,38,0,88,2,0,2,90
10/21/2002,TRI,TN,ASO,ES,Towers with Radar,13,64,69,0,146,0,0,21,0,21,13,64,90,0,167,56,0,56,223
10/22/2002,TRI,TN,ASO,ES,Towers with Radar,20,63,66,1,150,0,2,78,0,80,20,65,144,1,230,148,0,148,378
10/23/2002,TRI,TN,ASO,ES,Towers with Radar,20,56,73,3,152,0,3,74,0,77,20,59,147,3,229,66,0,66,295
10/24/2002,TRI,TN,ASO,ES,Towers with Radar,14,51,67,0,132,0,0,50,0,50,14,51,117,0,182,126,0,126,308
10/25/2002,TRI,TN,ASO,ES,Towers with Radar,33,46,60,2,141,0,0,44,0,44,33,46,104,2,185,64,0,64,249
10/26/2002,TRI,TN,ASO,ES,Towers with Radar,13,40,49,3,105,0,0,14,1,15,13,40,63,4,120,41,0,41,161
10/27/2002,TRI,TN,ASO,ES,Towers with Radar,14,34,52,0,100,0,0,62,0,62,14,34,114,0,162,108,0,108,270
10/28/2002,TRI,TN,ASO,ES,Towers with Radar,15,58,36,0,109,0,0,2,0,2,15,58,38,0,111,0,0,0,111
10/29/2002,TRI,TN,ASO,ES,Towers with Radar,19,55,35,0,109,0,0,19,0,19,19,55,54,0,128,47,0,47,175
10/30/2002,TRI,TN,ASO,ES,Towers with Radar,14,65,69,0,148,0,0,19,0,19,14,65,88,0,167,18,0,18,185
10/31/2002,TRI,TN,ASO,ES,Towers with Radar,22,51,80,0,153,0,0,43,2,45,22,51,123,2,198,122,0,122,320
11/01/2002,TRI,TN,ASO,ES,Towers with Radar,16,50,52,5,123,0,0,46,0,46,16,50,98,5,169,56,0,56,225
11/02/2002,TRI,TN,ASO,ES,Towers with Radar,22,40,23,5,90,0,0,77,1,78,22,40,100,6,168,70,0,70,238
11/03/2002,TRI,TN,ASO,ES,Towers with Radar,11,36,31,2,80,0,0,88,0,88,11,36,119,2,168,110,0,110,278
11/04/2002,TRI,TN,ASO,ES,Towers with Radar,22,46,39,0,107,0,0,21,0,21,22,46,60,0,128,88,0,88,216
11/05/2002,TRI,TN,ASO,ES,Towers with Radar,16,56,36,0,108,0,0,21,0,21,16,56,57,0,129,62,0,62,191
11/06/2002,TRI,TN,ASO,ES,Towers with Radar,16,48,39,0,103,4,10,7,0,21,20,58,46,0,124,8,0,8,132
11/07/2002,TRI,TN,ASO,ES,Towers with Radar,17,58,51,0,126,0,0,75,0,75,17,58,126,0,201,120,0,120,321
11/08/2002,TRI,TN,ASO,ES,Towers with Radar,11,56,51,3,121,0,1,92,0,93,11,57,143,3,214,104,0,104,318
11/09/2002,TRI,TN,ASO,ES,Towers with Radar,11,40,19,0,70,0,0,119,0,119,11,40,138,0,189,198,0,198,387
11/10/2002,TRI,TN,ASO,ES,Towers with Radar,7,34,28,0,69,0,1,24,1,26,7,35,52,1,95,36,0,36,131
11/11/2002,TRI,TN,ASO,ES,Towers with Radar,13,44,38,1,96,0,0,32,0,32,13,44,70,1,128,42,0,42,170
11/12/2002,TRI,TN,ASO,ES,Towers with Radar,16,55,51,3,125,0,1,9,2,12,16,56,60,5,137,27,0,27,164
11/13/2002,TRI,TN,ASO,ES,Towers with Radar,18,56,53,1,128,0,0,84,4,88,18,56,137,5,216,128,0,128,344
11/14/2002,TRI,TN,ASO,ES,Towers with Radar,14,63,47,0,124,0,1,101,0,102,14,64,148,0,226,148,0,148,374
11/15/2002,TRI,TN,ASO,ES,Towers with Radar,29,36,32,0,97,0,0,41,1,42,29,36,73,1,139,56,0,56,195
11/16/2002,TRI,TN,ASO,ES,Towers with Radar,12,34,28,0,74,2,13,11,0,26,14,47,39,0,100,20,0,20,120
11/17/2002,TRI,TN,ASO,ES,Towers with Radar,10,37,11,0,58,0,0,2,0,2,10,37,13,0,60,0,0,0,60
11/18/2002,TRI,TN,ASO,ES,Towers with Radar,18,47,44,0,109,0,1,120,0,121,18,48,164,0,230,154,0,154,384
11/19/2002,TRI,TN,ASO,ES,Towers with Radar,16,53,54,1,124,0,0,4,0,4,16,53,58,1,128,0,0,0,128
11/20/2002,TRI,TN,ASO,ES,Towers with Radar,18,54,67,0,139,0,0,75,1,76,18,54,142,1,215,169,0,169,384
11/21/2002,TRI,TN,ASO,ES,Towers with Radar,12,64,66,0,142,0,1,15,0,16,12,65,81,0,158,80,0,80,238
11/22/2002,TRI,TN,ASO,ES,Towers with Radar,15,59,38,0,112,0,0,29,0,29,15,59,67,0,141,37,0,37,178
11/23/2002,TRI,TN,ASO,ES,Towers with Radar,13,39,33,0,85,2,1,158,0,161,15,40,191,0,246,183,0,183,429
11/24/2002,TRI,TN,ASO,ES,Towers with Radar,11,36,31,0,78,0,0,94,2,96,11,36,125,2,174,120,0,120,294
11/25/2002,TRI,TN,ASO,ES,Towers with Radar,19,50,41,0,110,0,0,70,0,70,19,50,111,0,180,98,0,98,278
11/26/2002,TRI,TN,ASO,ES,Towers with Radar,14,57,53,0,124,0,0,51,0,51,14,57,104,0,175,74,0,74,249
11/27/2002,TRI,TN,ASO,ES,Towers with Radar,21,58,51,0,130,0,1,18,0,19,21,59,69,0,149,18,0,18,167
11/28/2002,TRI,TN,ASO,ES,Towers with Radar,10,28,27,0,65,4,0,4,0,8,14,28,31,0,73,8,0,8,81
11/29/2002,TRI,TN,ASO,ES,Towers with Radar,12,35,32,0,79,0,0,25,0,25,12,35,57,0,104,18,0,18,122
11/30/2002,TRI,TN,ASO,ES,Towers with Radar,15,35,19,0,69,0,0,14,0,14,15,35,33,0,83,8,0,8,91
12/01/2002,TRI,TN,ASO,ES,Towers with Radar,15,41,38,4,98,0,1,56,0,57,15,42,94,4,155,35,0,35,190
12/02/2002,TRI,TN,ASO,ES,Towers with Radar,18,48,43,0,109,0,2,56,2,60,18,50,99,2,169,62,0,62,231
12/03/2002,TRI,TN,ASO,ES,Towers with Radar,18,53,63,0,134,0,3,46,2,51,18,56,109,2,185,38,0,38,223
12/04/2002,TRI,TN,ASO,ES,Towers with Radar,13,29,27,0,69,0,0,0,0,0,13,29,27,0,69,4,0,4,73
12/05/2002,TRI,TN,ASO,ES,Towers with Radar,13,43,43,0,99,0,0,0,0,0,13,43,43,0,99,0,0,0,99
12/06/2002,TRI,TN,ASO,ES,Towers with Radar,18,56,46,0,120,0,1,73,0,74,18,57,119,0,194,108,0,108,302
12/07/2002,TRI,TN,ASO,ES,Towers with Radar,15,39,26,1,81,0,0,97,1,98,15,39,123,2,179,170,0,170,349
12/08/2002,TRI,TN,ASO,ES,Towers with Radar,16,34,42,4,96,0,0,47,0,47,16,34,89,4,143,92,0,92,235
12/09/2002,TRI,TN,ASO,ES,Towers with Radar,17,51,50,0,118,0,0,74,0,74,17,51,124,0,192,68,0,68,260
12/10/2002,TRI,TN,ASO,ES,Towers with Radar,16,55,38,0,109,0,3,32,0,35,16,58,70,0,144,35,0,35,179
12/11/2002,TRI,TN,ASO,ES,Towers with Radar,36,45,68,0,149,0,1,0,0,1,36,46,68,0,150,4,0,4,154
12/12/2002,TRI,TN,ASO,ES,Towers with Radar,13,59,57,0,129,0,0,20,0,20,13,59,77,0,149,112,0,112,261
12/13/2002,TRI,TN,ASO,ES,Towers with Radar,17,54,74,0,145,0,0,22,2,24,17,54,96,2,169,20,0,20,189
12/14/2002,TRI,TN,ASO,ES,Towers with Radar,12,31,29,0,72,4,9,49,3,65,16,40,78,3,137,104,0,104,241
12/15/2002,TRI,TN,ASO,ES,Towers with Radar,15,32,35,0,82,2,0,85,4,91,17,32,120,4,173,96,0,96,269
12/16/2002,TRI,TN,ASO,ES,Towers with Radar,21,47,58,0,126,0,1,60,0,61,21,48,118,0,187,78,0,78,265
12/17/2002,TRI,TN,ASO,ES,Towers with Radar,16,63,53,0,132,0,1,32,0,33,16,64,85,0,165,65,0,65,230
12/18/2002,TRI,TN,ASO,ES,Towers with Radar,20,52,59,0,131,0,0,45,0,45,20,52,104,0,176,12,0,12,188
12/19/2002,TRI,TN,ASO,ES,Towers with Radar,15,53,59,0,127,0,0,34,0,34,15,53,93,0,161,24,0,24,185
12/20/2002,TRI,TN,ASO,ES,Towers with Radar,19,49,40,0,108,0,1,21,0,22,19,50,61,0,130,18,0,18,148
12/21/2002,TRI,TN,ASO,ES,Towers with Radar,16,33,25,0,74,0,2,70,0,72,16,35,95,0,146,75,0,75,221
12/22/2002,TRI,TN,ASO,ES,Towers with Radar,29,16,16,2,63,0,0,15,0,15,29,16,31,2,78,0,0,0,78
12/23/2002,TRI,TN,ASO,ES,Towers with Radar,15,49,30,0,94,0,1,55,1,57,15,50,85,1,151,54,0,54,205
12/24/2002,TRI,TN,ASO,ES,Towers with Radar,10,47,8,0,65,0,0,1,0,1,10,47,9,0,66,0,0,0,66
12/25/2002,TRI,TN,ASO,ES,Towers with Radar,10,30,3,0,43,0,0,0,0,0,10,30,3,0,43,0,0,0,43
12/26/2002,TRI,TN,ASO,ES,Towers with Radar,11,47,23,0,81,0,1,24,0,25,11,48,47,0,106,40,0,40,146
12/27/2002,TRI,TN,ASO,ES,Towers with Radar,23,50,39,0,112,0,3,80,0,83,23,53,119,0,195,62,0,62,257
12/28/2002,TRI,TN,ASO,ES,Towers with Radar,14,34,29,2,79,0,3,45,0,48,14,37,74,2,127,24,0,24,151
12/29/2002,TRI,TN,ASO,ES,Towers with Radar,24,27,33,2,86,0,1,76,0,77,24,28,109,2,163,56,0,56,219
12/30/2002,TRI,TN,ASO,ES,Towers with Radar,16,43,23,0,82,0,0,39,0,39,16,43,62,0,121,38,0,38,159
12/31/2002,TRI,TN,ASO,ES,Towers with Radar,12,41,30,0,83,0,0,67,0,67,12,41,97,0,150,94,0,94,244
01/01/2003,TRI,TN,ASO,ES,Towers with Radar,8,29,11,0,48,0,1,7,0,8,8,30,18,0,56,20,0,20,76
01/02/2003,TRI,TN,ASO,ES,Towers with Radar,14,50,33,0,97,0,0,3,0,3,14,50,36,0,100,7,0,7,107
01/03/2003,TRI,TN,ASO,ES,Towers with Radar,20,49,17,0,86,0,0,22,0,22,20,49,39,0,108,62,0,62,170
01/04/2003,TRI,TN,ASO,ES,Towers with Radar,16,33,36,0,85,0,0,90,0,90,16,33,126,0,175,159,0,159,334
01/05/2003,TRI,TN,ASO,ES,Towers with Radar,10,22,17,0,49,0,6,2,0,8,10,28,19,0,57,0,0,0,57
01/06/2003,TRI,TN,ASO,ES,Towers with Radar,14,50,36,0,100,0,2,27,0,29,14,52,63,0,129,0,0,0,129
01/07/2003,TRI,TN,ASO,ES,Towers with Radar,19,44,31,0,94,0,1,44,0,45,19,45,75,0,139,20,0,20,159
01/08/2003,TRI,TN,ASO,ES,Towers with Radar,21,43,39,0,103,0,3,32,0,35,21,46,71,0,138,42,0,42,180
01/09/2003,TRI,TN,ASO,ES,Towers with Radar,12,58,49,10,129,0,2,76,0,78,12,60,125,10,207,74,0,74,281
01/10/2003,TRI,TN,ASO,ES,Towers with Radar,17,41,20,0,78,0,2,29,0,31,17,43,49,0,109,17,0,17,126
01/11/2003,TRI,TN,ASO,ES,Towers with Radar,17,25,29,2,73,0,0,73,0,73,17,25,102,2,146,88,0,88,234
01/12/2003,TRI,TN,ASO,ES,Towers with Radar,14,26,20,2,62,0,0,51,0,51,14,26,71,2,113,68,0,68,181
01/13/2003,TRI,TN,ASO,ES,Towers with Radar,21,34,18,0,73,0,0,33,0,33,21,34,51,0,106,30,0,30,136
01/14/2003,TRI,TN,ASO,ES,Towers with Radar,17,50,38,0,105,0,3,10,0,13,17,53,48,0,118,4,0,4,122
01/15/2003,TRI,TN,ASO,ES,Towers with Radar,17,43,44,0,104,0,2,42,2,46,17,45,86,2,150,6,0,6,156
01/16/2003,TRI,TN,ASO,ES,Towers with Radar,16,41,40,2,99,0,2,16,0,18,16,43,56,2,117,0,0,0,117
01/17/2003,TRI,TN,ASO,ES,Towers with Radar,17,46,45,0,108,0,0,5,0,5,17,46,50,0,113,0,0,0,113
01/18/2003,TRI,TN,ASO,ES,Towers with Radar,10,25,20,0,55,6,4,44,0,54,16,29,64,0,109,18,0,18,127
01/19/2003,TRI,TN,ASO,ES,Towers with Radar,11,28,22,0,61,4,1,15,0,20,15,29,37,0,81,2,0,2,83
01/20/2003,TRI,TN,ASO,ES,Towers with Radar,15,38,28,0,81,0,3,36,0,39,15,41,64,0,120,32,0,32,152
01/21/2003,TRI,TN,ASO,ES,Towers with Radar,23,36,35,0,94,0,0,22,0,22,23,36,57,0,116,18,0,18,134
01/22/2003,TRI,TN,ASO,ES,Towers with Radar,16,46,58,2,122,0,2,107,0,109,16,48,165,2,231,128,0,128,359
01/23/2003,TRI,TN,ASO,ES,Towers with Radar,18,50,35,1,104,0,0,5,0,5,18,50,40,1,109,0,0,0,109
01/24/2003,TRI,TN,ASO,ES,Towers with Radar,15,49,34,0,98,0,2,31,2,35,15,51,65,2,133,30,0,30,163
01/25/2003,TRI,TN,ASO,ES,Towers with Radar,17,31,29,2,79,0,0,68,4,72,17,31,97,6,151,54,0,54,205
01/26/2003,TRI,TN,ASO,ES,Towers with Radar,12,22,10,0,44,0,4,45,0,49,12,26,55,0,93,110,0,110,203
01/27/2003,TRI,TN,ASO,ES,Towers with Radar,11,44,41,12,108,0,1,51,20,72,11,45,92,32,180,150,0,150,330
01/28/2003,TRI,TN,ASO,ES,Towers with Radar,20,48,43,5,116,0,2,28,0,30,20,50,71,5,146,31,0,31,177
01/29/2003,TRI,TN,ASO,ES,Towers with Radar,18,47,57,1,123,0,0,0,0,0,18,47,57,1,123,0,0,0,123
01/30/2003,TRI,TN,ASO,ES,Towers with Radar,18,58,62,0,138,0,0,19,0,19,18,58,81,0,157,25,0,25,182
01/31/2003,TRI,TN,ASO,ES,Towers with Radar,9,57,64,0,130,0,1,33,0,34,9,58,97,0,164,92,0,92,256
02/01/2003,TRI,TN,ASO,ES,Towers with Radar,24,17,25,0,66,0,1,27,0,28,24,18,52,0,94,107,0,107,201
02/02/2003,TRI,TN,ASO,ES,Towers with Radar,15,26,34,0,75,0,1,104,0,105,15,27,138,0,180,170,0,170,350
02/03/2003,TRI,TN,ASO,ES,Towers with Radar,16,45,36,0,97,0,2,78,0,80,16,47,114,0,177,81,0,81,258
02/04/2003,TRI,TN,ASO,ES,Towers with Radar,17,43,33,4,97,0,3,14,0,17,17,46,47,4,114,6,0,6,120
02/05/2003,TRI,TN,ASO,ES,Towers with Radar,19,41,57,6,123,0,3,115,0,118,19,44,172,6,241,141,0,141,382
02/06/2003,TRI,TN,ASO,ES,Towers with Radar,17,50,73,0,140,0,1,15,0,16,17,51,88,0,156,28,0,28,184
02/07/2003,TRI,TN,ASO,ES,Towers with Radar,18,48,31,0,97,0,0,6,3,9,18,48,37,3,106,2,0,2,108
02/08/2003,TRI,TN,ASO,ES,Towers with Radar,13,27,22,0,62,0,1,96,0,97,13,28,118,0,159,128,0,128,287
02/09/2003,TRI,TN,ASO,ES,Towers with Radar,11,24,16,0,51,0,0,74,0,74,11,24,90,0,125,158,0,158,283
02/10/2003,TRI,TN,ASO,ES,Towers with Radar,17,52,40,2,111,0,1,2,0,3,17,53,42,2,114,0,0,0,114
02/11/2003,TRI,TN,ASO,ES,Towers with Radar,19,44,52,0,115,0,6,28,0,34,19,50,80,0,149,18,0,18,167
02/12/2003,TRI,TN,ASO,ES,Towers with Radar,18,42,41,0,101,0,3,26,0,29,18,45,67,0,130,42,0,42,172
02/13/2003,TRI,TN,ASO,ES,Towers with Radar,41,27,61,0,129,0,2,71,0,73,41,29,132,0,202,110,0,110,312
02/14/2003,TRI,TN,ASO,ES,Towers with Radar,16,26,39,1,82,16,0,13,1,30,32,26,52,2,112,10,0,10,122
02/15/2003,TRI,TN,ASO,ES,Towers with Radar,22,28,29,0,79,0,0,0,0,0,22,28,29,0,79,0,0,0,79
02/16/2003,TRI,TN,ASO,ES,Towers with Radar,5,23,21,0,49,0,2,18,0,20,5,25,39,0,69,22,0,22,91
02/17/2003,TRI,TN,ASO,ES,Towers with Radar,9,23,22,0,54,0,3,7,0,10,9,26,29,0,64,0,0,0,64
02/18/2003,TRI,TN,ASO,ES,Towers with Radar,11,54,57,3,125,0,0,10,0,10,11,54,67,3,135,30,0,30,165
02/19/2003,TRI,TN,ASO,ES,Towers with Radar,20,63,42,0,125,0,1,82,2,85,20,64,124,2,210,100,0,100,310
02/20/2003,TRI,TN,ASO,ES,Towers with Radar,11,52,56,0,119,0,0,41,0,41,11,52,97,0,160,54,0,54,214
02/21/2003,TRI,TN,ASO,ES,Towers with Radar,9,45,37,0,91,0,0,3,0,3,9,45,40,0,94,14,0,14,108
02/22/2003,TRI,TN,ASO,ES,Towers with Radar,13,31,22,2,68,0,1,17,1,19,13,32,39,3,87,2,0,2,89
02/23/2003,TRI,TN,ASO,ES,Towers with Radar,7,25,24,0,56,0,5,10,3,18,7,30,34,3,74,42,0,42,116
02/24/2003,TRI,TN,ASO,ES,Towers with Radar,4,58,48,0,110,0,0,61,0,61,4,58,109,0,171,58,0,58,229
02/25/2003,TRI,TN,ASO,ES,Towers with Radar,12,49,47,0,108,0,4,30,0,34,12,53,77,0,142,30,0,30,172
02/26/2003,TRI,TN,ASO,ES,Towers with Radar,18,56,27,0,101,0,0,4,0,4,18,56,31,0,105,12,0,12,117
02/27/2003,TRI,TN,ASO,ES,Towers with Radar,13,53,53,0,119,0,0,6,0,6,13,53,59,0,125,14,0,14,139
02/28/2003,TRI,TN,ASO,ES,Towers with Radar,11,61,52,0,124,0,1,11,0,12,11,62,63,0,136,50,0,50,186
03/01/2003,TRI,TN,ASO,ES,Towers with Radar,23,18,48,0,89,1,2,116,0,119,24,20,164,0,208,178,0,178,386
03/02/2003,TRI,TN,ASO,ES,Towers with Radar,7,33,52,0,92,1,2,3,0,6,8,35,55,0,98,48,0,48,146
03/03/2003,TRI,TN,ASO,ES,Towers with Radar,9,49,52,0,110,1,4,96,0,101,10,53,148,0,211,138,0,138,349
03/04/2003,TRI,TN,ASO,ES,Towers with Radar,21,50,78,0,149,1,7,74,6,88,22,57,152,6,237,110,0,110,347
03/05/2003,TRI,TN,ASO,ES,Towers with Radar,9,47,65,0,121,1,2,36,0,39,10,49,101,0,160,102,0,102,262
03/06/2003,TRI,TN,ASO,ES,Towers with Radar,10,55,65,0,130,1,3,35,0,39,11,58,100,0,169,20,0,20,189
03/07/2003,TRI,TN,ASO,ES,Towers with Radar,12,45,53,0,110,1,7,84,0,92,13,52,137,0,202,140,0,140,342
03/08/2003,TRI,TN,ASO,ES,Towers with Radar,7,30,44,0,81,4,5,99,0,108,11,35,143,0,189,176,0,176,365
03/09/2003,TRI,TN,ASO,ES,Towers with Radar,7,30,43,0,80,2,15,58,0,75,9,45,101,0,155,90,0,90,245
03/10/2003,TRI,TN,ASO,ES,Towers with Radar,8,52,47,0,107,1,3,76,0,80,9,55,123,0,187,90,0,90,277
03/11/2003,TRI,TN,ASO,ES,Towers with Radar,15,51,56,1,123,1,4,37,3,45,16,55,93,4,168,80,0,80,248
03/12/2003,TRI,TN,ASO,ES,Towers with Radar,13,48,60,2,123,1,5,76,0,82,14,53,136,2,205,133,0,133,338
03/13/2003,TRI,TN,ASO,ES,Towers with Radar,11,49,50,0,110,1,2,32,0,35,12,51,82,0,145,32,0,32,177
03/14/2003,TRI,TN,ASO,ES,Towers with Radar,15,50,50,0,115,1,2,65,0,68,16,52,115,0,183,128,0,128,311
03/15/2003,TRI,TN,ASO,ES,Towers with Radar,4,32,32,0,68,1,2,66,0,69,5,34,98,0,137,90,0,90,227
03/16/2003,TRI,TN,ASO,ES,Towers with Radar,7,28,41,0,76,2,0,45,0,47,9,28,86,0,123,72,0,72,195
03/17/2003,TRI,TN,ASO,ES,Towers with Radar,8,59,48,0,115,1,2,56,0,59,9,61,104,0,174,61,0,61,235
03/18/2003,TRI,TN,ASO,ES,Towers with Radar,17,49,54,0,120,0,5,19,0,24,17,54,73,0,144,57,0,57,201
03/19/2003,TRI,TN,ASO,ES,Towers with Radar,16,55,50,0,121,0,3,27,0,30,16,58,77,0,151,24,0,24,175
03/20/2003,TRI,TN,ASO,ES,Towers with Radar,12,60,121,4,197,0,2,46,0,48,12,62,167,4,245,88,0,88,333
03/21/2003,TRI,TN,ASO,ES,Towers with Radar,19,55,113,1,188,0,2,68,1,71,19,57,181,2,259,100,0,100,359
03/22/2003,TRI,TN,ASO,ES,Towers with Radar,13,36,69,0,118,0,0,113,4,117,13,36,182,4,235,16,0,16,251
03/23/2003,TRI,TN,ASO,ES,Towers with Radar,8,42,125,1,176,0,0,337,4,341,8,42,462,5,517,78,0,78,595
03/24/2003,TRI,TN,ASO,ES,Towers with Radar,9,56,54,3,122,0,2,74,0,76,9,58,128,3,198,68,0,68,266
03/25/2003,TRI,TN,ASO,ES,Towers with Radar,12,52,53,5,122,0,4,93,2,99,12,56,146,7,221,121,0,121,342
03/26/2003,TRI,TN,ASO,ES,Towers with Radar,11,54,73,0,138,0,7,12,3,22,11,61,85,3,160,40,0,40,200
03/27/2003,TRI,TN,ASO,ES,Towers with Radar,10,58,69,0,137,0,2,86,0,88,10,60,155,0,225,106,0,106,331
03/28/2003,TRI,TN,ASO,ES,Towers with Radar,22,42,54,0,118,0,4,71,0,75,22,46,125,0,193,160,0,160,353
03/29/2003,TRI,TN,ASO,ES,Towers with Radar,12,34,40,0,86,0,2,0,0,2,12,36,40,0,88,8,0,8,96
03/30/2003,TRI,TN,ASO,ES,Towers with Radar,8,35,26,0,69,0,2,0,0,2,8,37,26,0,71,0,0,0,71
03/31/2003,TRI,TN,ASO,ES,Towers with Radar,9,47,69,0,125,0,5,32,0,37,9,52,101,0,162,40,0,40,202
04/01/2003,TRI,TN,ASO,ES,Towers with Radar,21,47,47,0,115,1,2,39,0,42,22,49,86,0,157,62,0,62,219
04/02/2003,TRI,TN,ASO,ES,Towers with Radar,12,46,45,0,103,1,2,73,0,76,13,48,118,0,179,90,0,90,269
04/03/2003,TRI,TN,ASO,ES,Towers with Radar,14,55,55,0,124,2,0,64,7,73,16,55,119,7,197,86,0,86,283
04/04/2003,TRI,TN,ASO,ES,Towers with Radar,10,57,39,0,106,1,1,55,5,62,11,58,94,5,168,150,0,150,318
04/05/2003,TRI,TN,ASO,ES,Towers with Radar,8,37,32,0,77,2,6,31,5,44,10,43,63,5,121,96,0,96,217
04/06/2003,TRI,TN,ASO,ES,Towers with Radar,3,45,31,0,79,1,0,63,0,64,4,45,94,0,143,132,0,132,275
04/07/2003,TRI,TN,ASO,ES,Towers with Radar,7,59,38,0,104,0,1,37,0,38,7,60,75,0,142,114,0,114,256
04/08/2003,TRI,TN,ASO,ES,Towers with Radar,11,48,40,6,105,0,1,38,0,39,11,49,78,6,144,74,0,74,218
04/09/2003,TRI,TN,ASO,ES,Towers with Radar,12,55,40,0,107,0,0,17,1,18,12,55,57,1,125,44,0,44,169
04/10/2003,TRI,TN,ASO,ES,Towers with Radar,12,58,40,1,111,0,0,2,0,2,12,58,42,1,113,0,0,0,113
04/11/2003,TRI,TN,ASO,ES,Towers with Radar,11,56,43,0,110,0,1,24,0,25,11,57,67,0,135,52,0,52,187
04/12/2003,TRI,TN,ASO,ES,Towers with Radar,11,52,46,0,109,0,5,21,0,26,11,57,67,0,135,78,0,78,213
04/13/2003,TRI,TN,ASO,ES,Towers with Radar,7,43,40,0,90,0,0,90,0,90,7,43,130,0,180,88,0,88,268
04/14/2003,TRI,TN,ASO,ES,Towers with Radar,19,40,52,0,111,0,5,141,0,146,19,45,193,0,257,158,0,158,415
04/15/2003,TRI,TN,ASO,ES,Towers with Radar,26,46,52,0,124,0,1,140,0,141,26,47,192,0,265,148,0,148,413
04/16/2003,TRI,TN,ASO,ES,Towers with Radar,13,54,58,0,125,0,1,101,2,104,13,55,159,2,229,181,0,181,410
04/17/2003,TRI,TN,ASO,ES,Towers with Radar,14,53,25,0,92,0,0,53,0,53,14,53,78,0,145,104,0,104,249
04/18/2003,TRI,TN,ASO,ES,Towers with Radar,10,52,50,0,112,0,0,19,0,19,10,52,69,0,131,56,0,56,187
04/19/2003,TRI,TN,ASO,ES,Towers with Radar,11,37,15,0,63,0,0,98,0,98,11,37,113,0,161,180,0,180,341
04/20/2003,TRI,TN,ASO,ES,Towers with Radar,8,30,26,0,64,0,4,22,0,26,8,34,48,0,90,18,0,18,108
04/21/2003,TRI,TN,ASO,ES,Towers with Radar,9,56,48,0,113,0,1,51,0,52,9,57,99,0,165,84,0,84,249
04/22/2003,TRI,TN,ASO,ES,Towers with Radar,13,56,64,4,137,0,0,79,0,79,13,56,143,4,216,170,0,170,386
04/23/2003,TRI,TN,ASO,ES,Towers with Radar,13,49,81,3,146,0,1,69,3,73,13,50,150,6,219,136,0,136,355
04/24/2003,TRI,TN,ASO,ES,Towers with Radar,13,52,63,0,128,0,1,105,1,107,13,53,168,1,235,97,0,97,332
04/25/2003,TRI,TN,ASO,ES,Towers with Radar,4,65,43,0,112,0,0,50,0,50,4,65,93,0,162,100,0,100,262
04/26/2003,TRI,TN,ASO,ES,Towers with Radar,11,34,40,2,87,0,0,37,0,37,11,34,77,2,124,82,0,82,206
04/27/2003,TRI,TN,ASO,ES,Towers with Radar,8,40,40,1,89,0,0,98,1,99,8,40,138,2,188,75,0,75,263
04/28/2003,TRI,TN,ASO,ES,Towers with Radar,11,48,34,0,93,0,2,83,2,87,11,50,117,2,180,92,0,92,272
04/29/2003,TRI,TN,ASO,ES,Towers with Radar,18,55,64,0,137,0,1,57,0,58,18,56,121,0,195,122,0,122,317
04/30/2003,TRI,TN,ASO,ES,Towers with Radar,13,44,51,0,108,0,2,47,0,49,13,46,98,0,157,52,0,52,209
05/01/2003,TRI,TN,ASO,ES,Towers with Radar,11,51,49,4,115,0,2,78,0,80,11,53,127,4,195,170,0,170,365
05/02/2003,TRI,TN,ASO,ES,Towers with Radar,18,54,30,0,102,0,1,30,0,31,18,55,60,0,133,65,0,65,198
05/03/2003,TRI,TN,ASO,ES,Towers with Radar,10,34,37,0,81,0,2,44,0,46,10,36,81,0,127,40,0,40,167
05/04/2003,TRI,TN,ASO,ES,Towers with Radar,9,44,23,2,78,0,1,63,1,65,9,45,86,3,143,56,0,56,199
05/05/2003,TRI,TN,ASO,ES,Towers with Radar,22,32,32,0,86,0,1,9,0,10,22,33,41,0,96,79,0,79,175
05/06/2003,TRI,TN,ASO,ES,Towers with Radar,16,63,49,0,128,0,0,33,1,34,16,63,82,1,162,64,0,64,226
05/07/2003,TRI,TN,ASO,ES,Towers with Radar,16,55,32,0,103,0,0,25,0,25,16,55,57,0,128,80,0,80,208
05/08/2003,TRI,TN,ASO,ES,Towers with Radar,16,55,76,0,147,0,0,45,0,45,16,55,121,0,192,96,0,96,288
05/09/2003,TRI,TN,ASO,ES,Towers with Radar,9,54,54,0,117,0,0,36,0,36,9,54,90,0,153,44,0,44,197
05/10/2003,TRI,TN,ASO,ES,Towers with Radar,15,32,23,0,70,0,0,41,0,41,15,32,64,0,111,57,0,57,168
05/11/2003,TRI,TN,ASO,ES,Towers with Radar,6,41,16,0,63,0,0,8,0,8,6,41,24,0,71,12,0,12,83
05/12/2003,TRI,TN,ASO,ES,Towers with Radar,13,56,41,0,110,0,4,21,0,25,13,60,62,0,135,11,0,11,146
05/13/2003,TRI,TN,ASO,ES,Towers with Radar,11,51,45,0,107,0,9,58,0,67,11,60,103,0,174,55,0,55,229
05/14/2003,TRI,TN,ASO,ES,Towers with Radar,7,58,52,2,119,0,0,96,1,97,7,58,148,3,216,142,0,142,358
05/15/2003,TRI,TN,ASO,ES,Towers with Radar,8,59,39,2,108,0,0,20,0,20,8,59,59,2,128,73,0,73,201
05/16/2003,TRI,TN,ASO,ES,Towers with Radar,13,61,57,4,135,0,1,60,2,63,13,62,117,6,198,88,0,88,286
05/17/2003,TRI,TN,ASO,ES,Towers with Radar,7,27,27,1,62,14,0,25,5,44,21,27,52,6,106,36,0,36,142
05/18/2003,TRI,TN,ASO,ES,Towers with Radar,11,41,40,1,93,2,0,39,5,46,13,41,79,6,139,52,0,52,191
05/19/2003,TRI,TN,ASO,ES,Towers with Radar,11,54,47,1,113,0,0,1,74,75,11,54,48,75,188,120,0,120,308
05/20/2003,TRI,TN,ASO,ES,Towers with Radar,14,59,48,0,121,0,0,42,0,42,14,59,90,0,163,72,0,72,235
05/21/2003,TRI,TN,ASO,ES,Towers with Radar,13,59,71,0,143,0,0,14,0,14,13,59,85,0,157,38,0,38,195
05/22/2003,TRI,TN,ASO,ES,Towers with Radar,8,63,67,0,138,0,0,27,0,27,8,63,94,0,165,50,0,50,215
05/23/2003,TRI,TN,ASO,ES,Towers with Radar,10,56,74,0,140,0,0,36,0,36,10,56,110,0,176,81,0,81,257
05/24/2003,TRI,TN,ASO,ES,Towers with Radar,13,40,36,0,89,0,0,58,0,58,13,40,94,0,147,40,0,40,187
05/25/2003,TRI,TN,ASO,ES,Towers with Radar,9,40,32,0,81,0,0,43,0,43,9,40,75,0,124,50,0,50,174
05/26/2003,TRI,TN,ASO,ES,Towers with Radar,11,40,34,0,85,0,0,35,0,35,11,40,69,0,120,56,0,56,176
05/27/2003,TRI,TN,ASO,ES,Towers with Radar,10,56,62,2,130,0,3,37,7,47,10,59,99,9,177,92,0,92,269
05/28/2003,TRI,TN,ASO,ES,Towers with Radar,12,63,64,1,140,0,2,87,3,92,12,65,151,4,232,124,0,124,356
05/29/2003,TRI,TN,ASO,ES,Towers with Radar,12,61,68,0,141,0,1,12,9,22,12,62,80,9,163,88,0,88,251
05/30/2003,TRI,TN,ASO,ES,Towers with Radar,12,59,51,1,123,0,3,66,3,72,12,62,117,4,195,52,0,52,247
05/31/2003,TRI,TN,ASO,ES,Towers with Radar,12,41,26,0,79,0,0,39,0,39,12,41,65,0,118,52,0,52,170
06/01/2003,TRI,TN,ASO,ES,Towers with Radar,11,39,42,0,92,0,2,81,0,83,11,41,123,0,175,90,0,90,265
06/02/2003,TRI,TN,ASO,ES,Towers with Radar,8,53,54,0,115,0,3,69,0,72,8,56,123,0,187,82,0,82,269
06/03/2003,TRI,TN,ASO,ES,Towers with Radar,12,56,28,0,96,0,2,30,0,32,12,58,58,0,128,59,0,59,187
06/04/2003,TRI,TN,ASO,ES,Towers with Radar,14,58,68,0,140,0,2,31,0,33,14,60,99,0,173,72,0,72,245
06/05/2003,TRI,TN,ASO,ES,Towers with Radar,13,58,61,0,132,0,4,117,0,121,13,62,178,0,253,207,0,207,460
06/06/2003,TRI,TN,ASO,ES,Towers with Radar,11,62,50,7,130,0,3,57,2,62,11,65,107,9,192,77,0,77,269
06/07/2003,TRI,TN,ASO,ES,Towers with Radar,6,29,25,0,60,6,10,9,0,25,12,39,34,0,85,10,0,10,95
06/08/2003,TRI,TN,ASO,ES,Towers with Radar,14,32,48,2,96,0,1,74,0,75,14,33,122,2,171,136,0,136,307
06/09/2003,TRI,TN,ASO,ES,Towers with Radar,11,56,40,2,109,0,3,63,2,68,11,59,103,4,177,149,0,149,326
06/10/2003,TRI,TN,ASO,ES,Towers with Radar,15,55,54,2,126,0,2,93,17,112,15,57,147,19,238,168,0,168,406
06/11/2003,TRI,TN,ASO,ES,Towers with Radar,11,57,42,0,110,0,14,47,0,61,11,71,89,0,171,72,0,72,243
06/12/2003,TRI,TN,ASO,ES,Towers with Radar,10,63,51,0,124,0,1,39,0,40,10,64,90,0,164,64,0,64,228
06/13/2003,TRI,TN,ASO,ES,Towers with Radar,10,64,44,0,118,0,1,64,0,65,10,65,108,0,183,90,0,90,273
06/14/2003,TRI,TN,ASO,ES,Towers with Radar,11,41,22,0,74,0,1,42,0,43,11,42,64,0,117,48,0,48,165
06/15/2003,TRI,TN,ASO,ES,Towers with Radar,8,38,33,0,79,4,0,27,0,31,12,38,60,0,110,62,0,62,172
06/16/2003,TRI,TN,ASO,ES,Towers with Radar,8,66,44,0,118,0,1,37,0,38,8,67,81,0,156,50,0,50,206
06/17/2003,TRI,TN,ASO,ES,Towers with Radar,11,69,38,0,118,0,1,32,0,33,11,70,70,0,151,8,0,8,159
06/18/2003,TRI,TN,ASO,ES,Towers with Radar,14,67,60,0,141,0,3,16,0,19,14,70,76,0,160,60,0,60,220
06/19/2003,TRI,TN,ASO,ES,Towers with Radar,14,61,49,0,124,0,1,63,0,64,14,62,112,0,188,163,0,163,351
06/20/2003,TRI,TN,ASO,ES,Towers with Radar,15,55,70,0,140,0,3,85,0,88,15,58,155,0,228,138,0,138,366
06/21/2003,TRI,TN,ASO,ES,Towers with Radar,16,32,38,0,86,0,1,122,0,123,16,33,160,0,209,110,0,110,319
06/22/2003,TRI,TN,ASO,ES,Towers with Radar,7,42,41,0,90,0,0,91,0,91,7,42,132,0,181,194,0,194,375
06/23/2003,TRI,TN,ASO,ES,Towers with Radar,7,57,43,0,107,0,2,103,0,105,7,59,146,0,212,151,0,151,363
06/24/2003,TRI,TN,ASO,ES,Towers with Radar,13,60,50,2,125,0,3,120,0,123,13,63,170,2,248,131,0,131,379
06/25/2003,TRI,TN,ASO,ES,Towers with Radar,12,55,56,0,123,0,0,75,10,85,12,55,131,10,208,78,0,78,286
06/26/2003,TRI,TN,ASO,ES,Towers with Radar,12,57,58,0,127,0,2,84,0,86,12,59,142,0,213,196,0,196,409
06/27/2003,TRI,TN,ASO,ES,Towers with Radar,11,66,63,0,140,0,0,31,0,31,11,66,94,0,171,74,0,74,245
06/28/2003,TRI,TN,ASO,ES,Towers with Radar,10,35,41,0,86,8,0,70,0,78,18,35,111,0,164,136,0,136,300
06/29/2003,TRI,TN,ASO,ES,Towers with Radar,3,48,43,0,94,0,0,68,0,68,3,48,111,0,162,122,0,122,284
06/30/2003,TRI,TN,ASO,ES,Towers with Radar,7,56,41,0,104,0,1,29,0,30,7,57,70,0,134,32,0,32,166
07/01/2003,TRI,TN,ASO,ES,Towers with Radar,10,62,79,0,151,0,1,15,0,16,10,63,94,0,167,30,0,30,197
07/02/2003,TRI,TN,ASO,ES,Towers with Radar,11,67,79,0,157,0,1,9,0,10,11,68,88,0,167,18,0,18,185
07/03/2003,TRI,TN,ASO,ES,Towers with Radar,11,64,76,1,152,0,1,66,0,67,11,65,142,1,219,53,0,53,272
07/04/2003,TRI,TN,ASO,ES,Towers with Radar,9,31,34,1,75,4,3,29,0,36,13,34,63,1,111,24,0,24,135
07/05/2003,TRI,TN,ASO,ES,Towers with Radar,9,33,38,0,80,3,0,43,1,47,12,33,81,1,127,90,0,90,217
07/06/2003,TRI,TN,ASO,ES,Towers with Radar,5,38,50,0,93,0,0,39,2,41,5,38,89,2,134,34,0,34,168
07/07/2003,TRI,TN,ASO,ES,Towers with Radar,10,64,47,0,121,0,1,31,0,32,10,65,78,0,153,34,0,34,187
07/08/2003,TRI,TN,ASO,ES,Towers with Radar,11,59,54,0,124,0,2,61,7,70,11,61,115,7,194,120,0,120,314
07/09/2003,TRI,TN,ASO,ES,Towers with Radar,9,48,56,0,113,0,2,33,2,37,9,50,89,2,150,18,0,18,168
07/10/2003,TRI,TN,ASO,ES,Towers with Radar,11,51,69,0,131,0,1,27,0,28,11,52,96,0,159,32,0,32,191
07/11/2003,TRI,TN,ASO,ES,Towers with Radar,7,65,58,0,130,0,1,34,0,35,7,66,92,0,165,35,0,35,200
07/12/2003,TRI,TN,ASO,ES,Towers with Radar,17,33,32,2,84,0,2,75,0,77,17,35,107,2,161,94,0,94,255
07/13/2003,TRI,TN,ASO,ES,Towers with Radar,14,40,41,8,103,0,0,60,3,63,14,40,101,11,166,148,0,148,314
07/14/2003,TRI,TN,ASO,ES,Towers with Radar,8,57,62,5,132,0,5,99,10,114,8,62,161,15,246,170,0,170,416
07/15/2003,TRI,TN,ASO,ES,Towers with Radar,11,60,68,0,139,0,2,80,0,82,11,62,148,0,221,125,0,125,346
07/16/2003,TRI,TN,ASO,ES,Towers with Radar,37,30,89,0,156,0,0,43,0,43,37,30,132,0,199,64,0,64,263
07/17/2003,TRI,TN,ASO,ES,Towers with Radar,20,49,61,2,132,0,3,79,7,89,20,52,140,9,221,76,0,76,297
07/18/2003,TRI,TN,ASO,ES,Towers with Radar,25,46,52,1,124,0,1,81,0,82,25,47,133,1,206,74,0,74,280
07/19/2003,TRI,TN,ASO,ES,Towers with Radar,9,33,35,0,77,5,6,50,1,62,14,39,85,1,139,76,0,76,215
07/20/2003,TRI,TN,ASO,ES,Towers with Radar,10,40,45,0,95,0,0,53,1,54,10,40,98,1,149,82,0,82,231
07/21/2003,TRI,TN,ASO,ES,Towers with Radar,10,54,44,0,108,0,0,37,0,37,10,54,81,0,145,40,0,40,185
07/22/2003,TRI,TN,ASO,ES,Towers with Radar,11,57,59,0,127,0,0,29,0,29,11,57,88,0,156,28,0,28,184
07/23/2003,TRI,TN,ASO,ES,Towers with Radar,16,59,59,0,134,0,1,54,0,55,16,60,113,0,189,91,0,91,280
07/24/2003,TRI,TN,ASO,ES,Towers with Radar,20,57,86,0,163,0,1,56,0,57,20,58,142,0,220,196,0,196,416
07/25/2003,TRI,TN,ASO,ES,Towers with Radar,19,56,73,0,148,0,1,102,2,105,19,57,175,2,253,102,0,102,355
07/26/2003,TRI,TN,ASO,ES,Towers with Radar,15,34,17,0,66,0,0,94,0,94,15,34,111,0,160,69,0,69,229
07/27/2003,TRI,TN,ASO,ES,Towers with Radar,9,38,47,0,94,0,0,82,0,82,9,38,129,0,176,113,0,113,289
07/28/2003,TRI,TN,ASO,ES,Towers with Radar,12,55,57,0,124,0,2,66,1,69,12,57,123,1,193,113,0,113,306
07/29/2003,TRI,TN,ASO,ES,Towers with Radar,9,64,80,0,153,0,2,19,0,21,9,66,99,0,174,38,0,38,212
07/30/2003,TRI,TN,ASO,ES,Towers with Radar,15,57,41,0,113,0,0,55,0,55,15,57,96,0,168,107,0,107,275
07/31/2003,TRI,TN,ASO,ES,Towers with Radar,13,56,47,0,116,0,2,36,2,40,13,58,83,2,156,48,0,48,204
08/01/2003,TRI,TN,ASO,ES,Towers with Radar,10,67,48,2,127,0,1,49,0,50,10,68,97,2,177,94,0,94,271
08/02/2003,TRI,TN,ASO,ES,Towers with Radar,10,47,32,0,89,0,0,51,0,51,10,47,83,0,140,100,0,100,240
08/03/2003,TRI,TN,ASO,ES,Towers with Radar,7,40,20,0,67,0,0,22,0,22,7,40,42,0,89,30,0,30,119
08/04/2003,TRI,TN,ASO,ES,Towers with Radar,11,53,55,0,119,0,0,45,0,45,11,53,100,0,164,88,0,88,252
08/05/2003,TRI,TN,ASO,ES,Towers with Radar,13,75,59,0,147,0,1,36,0,37,13,76,95,0,184,64,0,64,248
08/06/2003,TRI,TN,ASO,ES,Towers with Radar,41,42,41,0,124,0,0,32,0,32,41,42,73,0,156,123,0,123,279
08/07/2003,TRI,TN,ASO,ES,Towers with Radar,13,59,50,2,124,0,0,19,0,19,13,59,69,2,143,18,0,18,161
08/08/2003,TRI,TN,ASO,ES,Towers with Radar,14,62,57,2,135,0,0,56,1,57,14,62,113,3,192,114,0,114,306
08/09/2003,TRI,TN,ASO,ES,Towers with Radar,11,41,51,1,104,0,0,47,0,47,11,41,98,1,151,152,0,152,303
08/10/2003,TRI,TN,ASO,ES,Towers with Radar,6,46,30,2,84,0,0,34,2,36,6,46,64,4,120,80,0,80,200
08/11/2003,TRI,TN,ASO,ES,Towers with Radar,10,69,62,0,141,0,0,48,0,48,10,69,110,0,189,196,0,196,385
08/12/2003,TRI,TN,ASO,ES,Towers with Radar,9,63,58,11,141,0,0,56,6,62,9,63,114,17,203,106,0,106,309
08/13/2003,TRI,TN,ASO,ES,Towers with Radar,17,57,58,0,132,0,0,73,0,73,17,57,131,0,205,45,0,45,250
08/14/2003,TRI,TN,ASO,ES,Towers with Radar,13,57,82,12,164,0,0,59,0,59,13,57,141,12,223,75,0,75,298
08/15/2003,TRI,TN,ASO,ES,Towers with Radar,9,66,80,5,160,0,0,61,1,62,9,66,141,6,222,144,0,144,366
08/16/2003,TRI,TN,ASO,ES,Towers with Radar,9,41,24,0,74,0,1,22,0,23,9,42,46,0,97,100,0,100,197
08/17/2003,TRI,TN,ASO,ES,Towers with Radar,20,37,53,4,114,0,0,10,0,10,20,37,63,4,124,28,0,28,152
08/18/2003,TRI,TN,ASO,ES,Towers with Radar,15,60,54,1,130,0,3,103,1,107,15,63,157,2,237,140,0,140,377
08/19/2003,TRI,TN,ASO,ES,Towers with Radar,18,65,71,0,154,0,1,116,0,117,18,66,187,0,271,186,0,186,457
08/20/2003,TRI,TN,ASO,ES,Towers with Radar,14,58,100,2,174,0,0,78,0,78,14,58,178,2,252,161,0,161,413
08/21/2003,TRI,TN,ASO,ES,Towers with Radar,11,58,131,1,201,0,2,66,8,76,11,60,197,9,277,132,0,132,409
08/22/2003,TRI,TN,ASO,ES,Towers with Radar,13,70,181,4,268,0,1,29,12,42,13,71,210,16,310,38,0,38,348
08/23/2003,TRI,TN,ASO,ES,Towers with Radar,13,60,149,2,224,0,204,117,3,324,13,264,266,5,548,290,0,290,838
08/24/2003,TRI,TN,ASO,ES,Towers with Radar,14,61,256,7,338,0,187,88,14,289,14,248,344,21,627,12,0,12,639
08/25/2003,TRI,TN,ASO,ES,Towers with Radar,39,28,65,0,132,0,2,77,0,79,39,30,142,0,211,132,0,132,343
08/26/2003,TRI,TN,ASO,ES,Towers with Radar,34,37,57,0,128,0,0,32,0,32,34,37,89,0,160,11,0,11,171
08/27/2003,TRI,TN,ASO,ES,Towers with Radar,13,50,65,1,129,0,12,55,0,67,13,62,120,1,196,98,0,98,294
08/28/2003,TRI,TN,ASO,ES,Towers with Radar,12,65,65,0,142,0,0,47,0,47,12,65,112,0,189,56,0,56,245
08/29/2003,TRI,TN,ASO,ES,Towers with Radar,13,62,68,0,143,0,0,30,2,32,13,62,98,2,175,24,0,24,199
08/30/2003,TRI,TN,ASO,ES,Towers with Radar,6,37,42,0,85,0,0,26,0,26,6,37,68,0,111,64,0,64,175
08/31/2003,TRI,TN,ASO,ES,Towers with Radar,8,34,24,0,66,0,0,41,0,41,8,34,65,0,107,90,0,90,197
09/01/2003,TRI,TN,ASO,ES,Towers with Radar,9,46,38,0,93,0,0,40,4,44,9,46,78,4,137,24,0,24,161
09/02/2003,TRI,TN,ASO,ES,Towers with Radar,14,47,62,0,123,0,1,44,0,45,14,48,106,0,168,58,0,58,226
09/03/2003,TRI,TN,ASO,ES,Towers with Radar,25,41,31,0,97,0,0,14,0,14,25,41,45,0,111,16,0,16,127
09/04/2003,TRI,TN,ASO,ES,Towers with Radar,9,57,36,0,102,0,2,46,0,48,9,59,82,0,150,74,0,74,224
09/05/2003,TRI,TN,ASO,ES,Towers with Radar,8,55,46,0,109,0,3,81,6,90,8,58,127,6,199,100,0,100,299
09/06/2003,TRI,TN,ASO,ES,Towers with Radar,14,41,30,0,85,0,0,66,0,66,14,41,96,0,151,61,0,61,212
09/07/2003,TRI,TN,ASO,ES,Towers with Radar,17,36,29,0,82,0,0,82,0,82,17,36,111,0,164,118,0,118,282
09/08/2003,TRI,TN,ASO,ES,Towers with Radar,17,59,31,3,110,0,0,66,4,70,17,59,97,7,180,152,0,152,332
09/09/2003,TRI,TN,ASO,ES,Towers with Radar,31,41,57,0,129,0,1,74,0,75,31,42,131,0,204,84,0,84,288
09/10/2003,TRI,TN,ASO,ES,Towers with Radar,12,57,34,0,103,0,0,89,0,89,12,57,123,0,192,180,0,180,372
09/11/2003,TRI,TN,ASO,ES,Towers with Radar,29,49,59,9,146,0,0,72,3,75,29,49,131,12,221,92,14,106,327
09/12/2003,TRI,TN,ASO,ES,Towers with Radar,12,57,46,2,117,0,1,92,1,94,12,58,138,3,211,120,0,120,331
09/13/2003,TRI,TN,ASO,ES,Towers with Radar,10,43,28,2,83,0,0,80,0,80,10,43,108,2,163,94,0,94,257
09/14/2003,TRI,TN,ASO,ES,Towers with Radar,14,41,28,0,83,0,0,49,0,49,14,41,77,0,132,60,0,60,192
09/15/2003,TRI,TN,ASO,ES,Towers with Radar,11,51,59,2,123,0,0,28,0,28,11,51,87,2,151,80,0,80,231
09/16/2003,TRI,TN,ASO,ES,Towers with Radar,34,50,55,0,139,0,0,84,0,84,34,50,139,0,223,100,0,100,323
09/17/2003,TRI,TN,ASO,ES,Towers with Radar,29,47,61,2,139,0,0,62,4,66,29,47,123,6,205,74,0,74,279
09/18/2003,TRI,TN,ASO,ES,Towers with Radar,14,52,50,0,116,0,0,60,2,62,14,52,110,2,178,38,0,38,216
09/19/2003,TRI,TN,ASO,ES,Towers with Radar,13,60,44,0,117,0,1,58,0,59,13,61,102,0,176,114,0,114,290
09/20/2003,TRI,TN,ASO,ES,Towers with Radar,15,37,40,0,92,0,0,74,0,74,15,37,114,0,166,41,0,41,207
09/21/2003,TRI,TN,ASO,ES,Towers with Radar,12,48,40,4,104,0,0,63,0,63,12,48,103,4,167,70,0,70,237
09/22/2003,TRI,TN,ASO,ES,Towers with Radar,9,54,64,0,127,0,0,9,0,9,9,54,73,0,136,28,0,28,164
09/23/2003,TRI,TN,ASO,ES,Towers with Radar,15,56,68,0,139,0,3,50,0,53,15,59,118,0,192,88,0,88,280
09/24/2003,TRI,TN,ASO,ES,Towers with Radar,12,60,100,0,172,0,2,77,1,80,12,62,177,1,252,92,0,92,344
09/25/2003,TRI,TN,ASO,ES,Towers with Radar,8,64,65,0,137,0,9,72,0,81,8,73,137,0,218,80,0,80,298
09/26/2003,TRI,TN,ASO,ES,Towers with Radar,15,46,90,8,159,0,2,87,0,89,15,48,177,8,248,160,0,160,408
09/27/2003,TRI,TN,ASO,ES,Towers with Radar,18,33,31,0,82,0,0,41,6,47,18,33,72,6,129,77,0,77,206
09/28/2003,TRI,TN,ASO,ES,Towers with Radar,28,29,31,0,88,0,0,42,0,42,28,29,73,0,130,112,0,112,242
09/29/2003,TRI,TN,ASO,ES,Towers with Radar,11,59,55,0,125,0,3,78,0,81,11,62,133,0,206,160,0,160,366
09/30/2003,TRI,TN,ASO,ES,Towers with Radar,17,60,42,0,119,0,3,66,0,69,17,63,108,0,188,72,0,72,260
10/01/2003,TRI,TN,ASO,ES,Towers with Radar,13,57,53,0,123,0,3,47,0,50,13,60,100,0,173,104,0,104,277
10/02/2003,TRI,TN,ASO,ES,Towers with Radar,13,58,61,0,132,0,0,88,0,88,13,58,149,0,220,94,0,94,314
10/03/2003,TRI,TN,ASO,ES,Towers with Radar,11,57,53,1,122,0,2,54,2,58,11,59,107,3,180,64,0,64,244
10/04/2003,TRI,TN,ASO,ES,Towers with Radar,10,30,32,0,72,18,0,29,0,47,28,30,61,0,119,74,0,74,193
10/05/2003,TRI,TN,ASO,ES,Towers with Radar,14,41,47,0,102,2,0,51,0,53,16,41,98,0,155,90,0,90,245
10/06/2003,TRI,TN,ASO,ES,Towers with Radar,13,45,42,0,100,9,6,61,0,76,22,51,103,0,176,64,0,64,240
10/07/2003,TRI,TN,ASO,ES,Towers with Radar,9,46,43,0,98,0,15,81,0,96,9,61,124,0,194,140,0,140,334
10/08/2003,TRI,TN,ASO,ES,Towers with Radar,16,56,52,1,125,1,8,52,3,64,17,64,104,4,189,147,0,147,336
10/09/2003,TRI,TN,ASO,ES,Towers with Radar,13,66,63,0,142,0,0,55,0,55,13,66,118,0,197,132,0,132,329
10/10/2003,TRI,TN,ASO,ES,Towers with Radar,10,61,56,0,127,0,6,44,0,50,10,67,100,0,177,96,0,96,273
10/11/2003,TRI,TN,ASO,ES,Towers with Radar,12,17,39,0,68,24,0,39,0,63,36,17,78,0,131,82,0,82,213
10/12/2003,TRI,TN,ASO,ES,Towers with Radar,14,27,46,0,87,8,0,19,0,27,22,27,65,0,114,92,0,92,206
10/13/2003,TRI,TN,ASO,ES,Towers with Radar,10,49,49,1,109,0,0,73,1,74,10,49,122,2,183,253,0,253,436
10/14/2003,TRI,TN,ASO,ES,Towers with Radar,12,52,48,1,113,0,8,30,0,38,12,60,78,1,151,116,0,116,267
10/15/2003,TRI,TN,ASO,ES,Towers with Radar,16,64,57,0,137,0,0,89,0,89,16,64,146,0,226,266,0,266,492
10/16/2003,TRI,TN,ASO,ES,Towers with Radar,10,60,58,0,128,0,0,104,0,104,10,60,162,0,232,144,0,144,376
10/17/2003,TRI,TN,ASO,ES,Towers with Radar,10,65,59,0,134,0,9,87,0,96,10,74,146,0,230,198,0,198,428
10/18/2003,TRI,TN,ASO,ES,Towers with Radar,12,41,38,0,91,0,0,75,0,75,12,41,113,0,166,140,0,140,306
10/19/2003,TRI,TN,ASO,ES,Towers with Radar,14,39,43,0,96,4,0,74,0,78,18,39,117,0,174,159,0,159,333
10/20/2003,TRI,TN,ASO,ES,Towers with Radar,12,55,49,0,116,0,10,84,2,96,12,65,133,2,212,104,0,104,316
10/21/2003,TRI,TN,ASO,ES,Towers with Radar,13,60,54,0,127,0,2,33,12,47,13,62,87,12,174,22,0,22,196
10/22/2003,TRI,TN,ASO,ES,Towers with Radar,14,58,52,0,124,0,6,31,0,37,14,64,83,0,161,64,0,64,225
10/23/2003,TRI,TN,ASO,ES,Towers with Radar,10,37,33,0,80,5,5,98,4,112,15,42,131,4,192,206,0,206,398
10/24/2003,TRI,TN,ASO,ES,Towers with Radar,10,38,34,0,82,0,6,18,2,26,10,44,52,2,108,0,0,0,108
10/25/2003,TRI,TN,ASO,ES,Towers with Radar,10,37,33,0,80,5,5,98,4,112,15,42,131,4,192,206,0,206,398
10/26/2003,TRI,TN,ASO,ES,Towers with Radar,10,38,34,0,82,0,6,18,2,26,10,44,52,2,108,0,0,0,108
10/27/2003,TRI,TN,ASO,ES,Towers with Radar,13,51,46,0,110,0,15,4,0,19,13,66,50,0,129,14,0,14,143
10/28/2003,TRI,TN,ASO,ES,Towers with Radar,12,60,57,0,129,0,0,66,0,66,12,60,123,0,195,140,0,140,335
10/29/2003,TRI,TN,ASO,ES,Towers with Radar,8,58,53,0,119,0,10,63,0,73,8,68,116,0,192,98,0,98,290
10/30/2003,TRI,TN,ASO,ES,Towers with Radar,15,40,50,0,105,17,0,78,4,99,32,40,128,4,204,82,0,82,286
10/31/2003,TRI,TN,ASO,ES,Towers with Radar,13,44,40,0,97,0,9,103,0,112,13,53,143,0,209,144,0,144,353
11/01/2003,TRI,TN,ASO,ES,Towers with Radar,12,35,33,1,81,9,0,110,1,120,21,35,143,2,201,138,0,138,339
11/02/2003,TRI,TN,ASO,ES,Towers with Radar,12,40,35,1,88,0,0,61,1,62,12,40,96,2,150,124,0,124,274
11/03/2003,TRI,TN,ASO,ES,Towers with Radar,16,52,49,0,117,6,0,70,0,76,22,52,119,0,193,124,0,124,317
11/04/2003,TRI,TN,ASO,ES,Towers with Radar,12,57,48,0,117,0,3,96,0,99,12,60,144,0,216,92,0,92,308
11/05/2003,TRI,TN,ASO,ES,Towers with Radar,10,59,52,0,121,0,0,38,0,38,10,59,90,0,159,34,0,34,193
11/06/2003,TRI,TN,ASO,ES,Towers with Radar,16,55,50,2,123,8,0,8,0,16,24,55,58,2,139,52,0,52,191
11/07/2003,TRI,TN,ASO,ES,Towers with Radar,16,65,64,2,147,0,0,57,2,59,16,65,121,4,206,126,0,126,332
11/08/2003,TRI,TN,ASO,ES,Towers with Radar,13,25,39,2,79,17,0,152,6,175,30,25,191,8,254,200,0,200,454
11/09/2003,TRI,TN,ASO,ES,Towers with Radar,12,40,41,0,93,0,0,77,0,77,12,40,118,0,170,70,0,70,240
11/10/2003,TRI,TN,ASO,ES,Towers with Radar,10,48,42,0,100,0,10,86,0,96,10,58,128,0,196,148,0,148,344
11/11/2003,TRI,TN,ASO,ES,Towers with Radar,12,52,45,0,109,0,9,34,0,43,12,61,79,0,152,40,0,40,192
11/12/2003,TRI,TN,ASO,ES,Towers with Radar,12,62,57,2,133,0,0,1,0,1,12,62,58,2,134,18,0,18,152
11/13/2003,TRI,TN,ASO,ES,Towers with Radar,16,55,47,0,118,2,12,15,0,29,18,67,62,0,147,48,0,48,195
11/14/2003,TRI,TN,ASO,ES,Towers with Radar,15,54,47,0,116,0,5,133,0,138,15,59,180,0,254,182,0,182,436
11/15/2003,TRI,TN,ASO,ES,Towers with Radar,11,37,32,0,80,2,4,18,0,24,13,41,50,0,104,62,0,62,166
11/16/2003,TRI,TN,ASO,ES,Towers with Radar,12,40,39,1,92,0,0,34,0,34,12,40,73,1,126,62,0,62,188
11/17/2003,TRI,TN,ASO,ES,Towers with Radar,11,61,53,1,126,0,7,67,1,75,11,68,120,2,201,96,0,96,297
11/18/2003,TRI,TN,ASO,ES,Towers with Radar,11,42,35,0,88,0,20,12,0,32,11,62,47,0,120,42,0,42,162
11/19/2003,TRI,TN,ASO,ES,Towers with Radar,12,44,36,0,92,0,19,10,2,31,12,63,46,2,123,16,0,16,139
11/20/2003,TRI,TN,ASO,ES,Towers with Radar,17,52,56,1,126,0,0,118,29,147,17,52,174,30,273,157,0,157,430
11/21/2003,TRI,TN,ASO,ES,Towers with Radar,16,53,45,1,115,0,0,103,6,109,16,53,148,7,224,132,0,132,356
11/22/2003,TRI,TN,ASO,ES,Towers with Radar,10,34,28,0,72,8,0,120,0,128,18,34,148,0,200,162,0,162,362
11/23/2003,TRI,TN,ASO,ES,Towers with Radar,10,35,29,0,74,0,3,97,0,100,10,38,126,0,174,140,0,140,314
11/24/2003,TRI,TN,ASO,ES,Towers with Radar,10,44,36,0,90,0,11,20,0,31,10,55,56,0,121,0,0,0,121
11/25/2003,TRI,TN,ASO,ES,Towers with Radar,14,59,55,0,128,0,0,92,0,92,14,59,147,0,220,68,0,68,288
11/26/2003,TRI,TN,ASO,ES,Towers with Radar,12,63,62,0,137,0,0,72,0,72,12,63,134,0,209,100,0,100,309
11/27/2003,TRI,TN,ASO,ES,Towers with Radar,6,22,18,0,46,11,13,0,0,24,17,35,18,0,70,20,0,20,90
11/28/2003,TRI,TN,ASO,ES,Towers with Radar,9,32,22,0,63,4,15,0,0,19,13,47,22,0,82,0,0,0,82
11/29/2003,TRI,TN,ASO,ES,Towers with Radar,10,34,28,0,72,3,5,16,0,24,13,39,44,0,96,10,0,10,106
11/30/2003,TRI,TN,ASO,ES,Towers with Radar,14,45,57,0,116,0,0,45,0,45,14,45,102,0,161,74,0,74,235
12/01/2003,TRI,TN,ASO,ES,Towers with Radar,8,59,39,0,106,0,2,45,0,47,8,61,84,0,153,26,0,26,179
12/02/2003,TRI,TN,ASO,ES,Towers with Radar,17,65,48,0,130,0,0,110,0,110,17,65,158,0,240,106,0,106,346
12/03/2003,TRI,TN,ASO,ES,Towers with Radar,13,55,42,1,111,0,0,70,0,70,13,55,112,1,181,54,0,54,235
12/04/2003,TRI,TN,ASO,ES,Towers with Radar,15,56,37,0,108,1,10,14,0,25,16,66,51,0,133,2,0,2,135
12/05/2003,TRI,TN,ASO,ES,Towers with Radar,8,36,24,1,69,0,14,2,5,21,8,50,26,6,90,4,0,4,94
12/06/2003,TRI,TN,ASO,ES,Towers with Radar,7,29,19,0,55,14,3,19,0,36,21,32,38,0,91,114,0,114,205
12/07/2003,TRI,TN,ASO,ES,Towers with Radar,10,40,29,0,79,0,0,75,0,75,10,40,104,0,154,88,0,88,242
12/08/2003,TRI,TN,ASO,ES,Towers with Radar,13,47,37,1,98,3,0,100,2,105,16,47,137,3,203,102,0,102,305
12/09/2003,TRI,TN,ASO,ES,Towers with Radar,16,61,51,1,129,0,0,74,6,80,16,61,125,7,209,106,0,106,315
12/10/2003,TRI,TN,ASO,ES,Towers with Radar,14,53,36,0,103,0,9,0,0,9,14,62,36,0,112,0,0,0,112
12/11/2003,TRI,TN,ASO,ES,Towers with Radar,19,52,49,0,120,8,0,14,0,22,27,52,63,0,142,22,0,22,164
12/12/2003,TRI,TN,ASO,ES,Towers with Radar,9,63,50,1,123,0,0,82,1,83,9,63,132,2,206,64,0,64,270
12/13/2003,TRI,TN,ASO,ES,Towers with Radar,8,33,22,0,63,3,7,48,0,58,11,40,70,0,121,90,0,90,211
12/14/2003,TRI,TN,ASO,ES,Towers with Radar,7,23,12,0,42,7,13,0,0,20,14,36,12,0,62,4,0,4,66
12/15/2003,TRI,TN,ASO,ES,Towers with Radar,9,53,36,0,98,0,5,80,5,90,9,58,116,5,188,146,0,146,334
12/16/2003,TRI,TN,ASO,ES,Towers with Radar,15,60,45,0,120,0,0,96,1,97,15,60,141,1,217,150,0,150,367
12/17/2003,TRI,TN,ASO,ES,Towers with Radar,14,49,34,0,97,4,8,25,0,37,18,57,59,0,134,44,0,44,178
12/18/2003,TRI,TN,ASO,ES,Towers with Radar,18,63,43,0,124,0,2,17,0,19,18,65,60,0,143,2,0,2,145
12/19/2003,TRI,TN,ASO,ES,Towers with Radar,16,57,39,0,112,4,1,12,0,17,20,58,51,0,129,0,0,0,129
12/20/2003,TRI,TN,ASO,ES,Towers with Radar,11,42,30,0,83,0,0,33,0,33,11,42,63,0,116,68,0,68,184
12/21/2003,TRI,TN,ASO,ES,Towers with Radar,8,34,24,0,66,0,7,75,0,82,8,41,99,0,148,120,0,120,268
12/22/2003,TRI,TN,ASO,ES,Towers with Radar,7,55,38,0,100,0,0,60,5,65,7,55,98,5,165,30,0,30,195
12/23/2003,TRI,TN,ASO,ES,Towers with Radar,15,53,38,0,106,5,0,44,0,49,20,53,82,0,155,56,0,56,211
12/24/2003,TRI,TN,ASO,ES,Towers with Radar,12,42,23,0,77,2,9,0,0,11,14,51,23,0,88,3,0,3,91
12/25/2003,TRI,TN,ASO,ES,Towers with Radar,7,25,18,0,50,5,10,11,0,26,12,35,29,0,76,8,0,8,84
12/26/2003,TRI,TN,ASO,ES,Towers with Radar,17,51,42,0,110,0,0,69,0,69,17,51,111,0,179,90,0,90,269
12/27/2003,TRI,TN,ASO,ES,Towers with Radar,14,42,32,0,88,0,0,64,0,64,14,42,96,0,152,96,0,96,248
12/28/2003,TRI,TN,ASO,ES,Towers with Radar,10,41,30,0,81,0,0,93,0,93,10,41,123,0,174,108,0,108,282
12/29/2003,TRI,TN,ASO,ES,Towers with Radar,9,49,32,0,90,0,11,30,0,41,9,60,62,0,131,54,0,54,185
12/30/2003,TRI,TN,ASO,ES,Towers with Radar,13,50,33,0,96,0,10,60,0,70,13,60,93,0,166,48,0,48,214
12/31/2003,TRI,TN,ASO,ES,Towers with Radar,13,47,31,0,91,2,3,56,0,61,15,50,87,0,152,72,0,72,224
01/01/2004,TRI,TN,ASO,ES,Towers with Radar,11,38,23,0,72,1,1,57,0,59,12,39,80,0,131,76,0,76,207
01/02/2004,TRI,TN,ASO,ES,Towers with Radar,15,57,35,0,107,0,0,12,0,12,15,57,47,0,119,10,0,10,129
01/03/2004,TRI,TN,ASO,ES,Towers with Radar,14,32,33,1,80,0,0,47,0,47,14,32,80,1,127,95,0,95,222
01/04/2004,TRI,TN,ASO,ES,Towers with Radar,4,45,27,0,76,0,6,27,0,33,4,51,54,0,109,54,0,54,163
01/05/2004,TRI,TN,ASO,ES,Towers with Radar,12,42,22,0,76,3,12,0,0,15,15,54,22,0,91,0,0,0,91
01/06/2004,TRI,TN,ASO,ES,Towers with Radar,12,52,32,2,98,0,9,36,1,46,12,61,68,3,144,62,0,62,206
01/07/2004,TRI,TN,ASO,ES,Towers with Radar,18,45,40,2,105,22,0,45,12,79,40,45,85,14,184,68,0,68,252
01/08/2004,TRI,TN,ASO,ES,Towers with Radar,14,58,37,0,109,0,0,32,0,32,14,58,69,0,141,86,0,86,227
01/09/2004,TRI,TN,ASO,ES,Towers with Radar,8,40,24,0,72,0,14,8,0,22,8,54,32,0,94,32,0,32,126
01/10/2004,TRI,TN,ASO,ES,Towers with Radar,9,31,19,1,60,6,1,27,5,39,15,32,46,6,99,106,0,106,205
01/11/2004,TRI,TN,ASO,ES,Towers with Radar,11,36,25,1,73,2,0,62,0,64,13,36,87,1,137,44,0,44,181
01/12/2004,TRI,TN,ASO,ES,Towers with Radar,12,58,35,0,105,0,5,48,0,53,12,63,83,0,158,66,0,66,224
01/13/2004,TRI,TN,ASO,ES,Towers with Radar,13,60,37,1,111,0,5,47,0,52,13,65,84,1,163,58,0,58,221
01/14/2004,TRI,TN,ASO,ES,Towers with Radar,16,60,42,0,118,0,0,43,0,43,16,60,85,0,161,30,0,30,191
01/15/2004,TRI,TN,ASO,ES,Towers with Radar,12,58,37,1,108,0,1,52,3,56,12,59,89,4,164,68,0,68,232
01/16/2004,TRI,TN,ASO,ES,Towers with Radar,19,52,40,0,111,7,0,79,0,86,26,52,119,0,197,146,0,146,343
01/17/2004,TRI,TN,ASO,ES,Towers with Radar,11,35,23,0,69,2,7,75,0,84,13,42,98,0,153,144,0,144,297
01/18/2004,TRI,TN,ASO,ES,Towers with Radar,10,32,21,0,63,3,13,4,0,20,13,45,25,0,83,8,0,8,91
01/19/2004,TRI,TN,ASO,ES,Towers with Radar,9,42,27,0,78,0,12,25,0,37,9,54,52,0,115,56,0,56,171
01/20/2004,TRI,TN,ASO,ES,Towers with Radar,16,59,40,1,116,0,0,54,4,58,16,59,94,5,174,54,0,54,228
01/21/2004,TRI,TN,ASO,ES,Towers with Radar,18,61,40,0,119,0,0,51,0,51,18,61,91,0,170,98,0,98,268
01/22/2004,TRI,TN,ASO,ES,Towers with Radar,12,60,38,1,111,0,1,22,0,23,12,61,60,1,134,22,0,22,156
01/23/2004,TRI,TN,ASO,ES,Towers with Radar,17,47,34,1,99,7,0,54,3,64,24,47,88,4,163,68,0,68,231
01/24/2004,TRI,TN,ASO,ES,Towers with Radar,12,39,25,0,76,2,6,56,2,66,14,45,81,2,142,98,0,98,240
01/25/2004,TRI,TN,ASO,ES,Towers with Radar,7,20,5,0,32,6,14,0,0,20,13,34,5,0,52,0,0,0,52
01/26/2004,TRI,TN,ASO,ES,Towers with Radar,11,35,23,0,69,2,8,56,2,68,13,43,79,2,137,105,0,105,242
01/27/2004,TRI,TN,ASO,ES,Towers with Radar,14,43,28,0,85,1,7,0,2,10,15,50,28,2,95,0,0,0,95
01/28/2004,TRI,TN,ASO,ES,Towers with Radar,18,58,39,1,116,0,0,28,1,29,18,58,67,2,145,31,0,31,176
01/29/2004,TRI,TN,ASO,ES,Towers with Radar,12,59,38,0,109,0,10,49,0,59,12,69,87,0,168,78,0,78,246
01/30/2004,TRI,TN,ASO,ES,Towers with Radar,15,62,40,1,118,0,6,10,3,19,15,68,50,4,137,10,0,10,147
01/31/2004,TRI,TN,ASO,ES,Towers with Radar,15,45,31,0,91,0,0,69,0,69,15,45,100,0,160,98,0,98,258
02/01/2004,TRI,TN,ASO,ES,Towers with Radar,8,34,26,0,68,3,7,61,0,71,11,41,87,0,139,64,0,64,203
02/02/2004,TRI,TN,ASO,ES,Towers with Radar,10,43,34,0,87,0,19,25,0,44,10,62,59,0,131,22,0,22,153
02/03/2004,TRI,TN,ASO,ES,Towers with Radar,14,49,39,0,102,4,12,6,0,22,18,61,45,0,124,4,0,4,128
02/04/2004,TRI,TN,ASO,ES,Towers with Radar,17,51,50,2,120,6,0,48,1,55,23,51,98,3,175,78,0,78,253
02/05/2004,TRI,TN,ASO,ES,Towers with Radar,13,46,36,1,96,0,13,10,1,24,13,59,46,2,120,20,0,20,140
02/06/2004,TRI,TN,ASO,ES,Towers with Radar,11,51,30,0,92,0,11,0,0,11,11,62,30,0,103,6,0,6,109
02/07/2004,TRI,TN,ASO,ES,Towers with Radar,8,30,13,0,51,5,17,0,0,22,13,47,13,0,73,0,0,0,73
02/08/2004,TRI,TN,ASO,ES,Towers with Radar,10,38,30,1,79,9,1,64,4,78,19,39,94,5,157,148,0,148,305
02/09/2004,TRI,TN,ASO,ES,Towers with Radar,12,55,43,1,111,0,1,61,1,63,12,56,104,2,174,84,0,84,258
02/10/2004,TRI,TN,ASO,ES,Towers with Radar,16,57,45,0,118,0,7,16,0,23,16,64,61,0,141,64,0,64,205
02/11/2004,TRI,TN,ASO,ES,Towers with Radar,15,65,51,0,131,0,1,49,0,50,15,66,100,0,181,51,0,51,232
02/12/2004,TRI,TN,ASO,ES,Towers with Radar,11,49,39,0,99,0,7,21,0,28,11,56,60,0,127,21,0,21,148
02/13/2004,TRI,TN,ASO,ES,Towers with Radar,15,62,61,0,138,0,0,64,0,64,15,62,125,0,202,122,0,122,324
02/14/2004,TRI,TN,ASO,ES,Towers with Radar,11,40,32,1,84,0,7,68,1,76,11,47,100,2,160,112,0,112,272
02/15/2004,TRI,TN,ASO,ES,Towers with Radar,9,32,26,0,67,4,9,17,0,30,13,41,43,0,97,36,0,36,133
02/16/2004,TRI,TN,ASO,ES,Towers with Radar,15,56,58,0,129,0,0,17,0,17,15,56,75,0,146,50,0,50,196
02/17/2004,TRI,TN,ASO,ES,Towers with Radar,15,51,41,0,107,2,8,14,0,24,17,59,55,0,131,54,0,54,185
02/18/2004,TRI,TN,ASO,ES,Towers with Radar,20,34,56,1,111,18,0,80,2,100,38,34,136,3,211,76,0,76,287
02/19/2004,TRI,TN,ASO,ES,Towers with Radar,14,64,56,1,135,0,0,106,23,129,14,64,162,24,264,148,0,148,412
02/20/2004,TRI,TN,ASO,ES,Towers with Radar,12,58,44,1,115,0,3,64,3,70,12,61,108,4,185,72,0,72,257
02/21/2004,TRI,TN,ASO,ES,Towers with Radar,9,32,24,0,65,4,11,16,0,31,13,43,40,0,96,46,0,46,142
02/22/2004,TRI,TN,ASO,ES,Towers with Radar,12,40,34,0,86,3,0,66,6,75,15,40,100,6,161,116,0,116,277
02/23/2004,TRI,TN,ASO,ES,Towers with Radar,12,57,51,1,121,0,0,104,0,104,12,57,155,1,225,130,0,130,355
02/24/2004,TRI,TN,ASO,ES,Towers with Radar,16,56,47,1,120,1,0,46,4,51,17,56,93,5,171,96,0,96,267
02/25/2004,TRI,TN,ASO,ES,Towers with Radar,12,64,53,1,130,0,0,49,1,50,12,64,102,2,180,64,0,64,244
02/26/2004,TRI,TN,ASO,ES,Towers with Radar,8,50,38,0,96,0,14,13,0,27,8,64,51,0,123,2,0,2,125
02/27/2004,TRI,TN,ASO,ES,Towers with Radar,14,56,44,1,115,0,0,61,2,63,14,56,105,3,178,134,0,134,312
02/28/2004,TRI,TN,ASO,ES,Towers with Radar,11,43,34,0,88,0,0,124,0,124,11,43,158,0,212,148,0,148,360
02/29/2004,TRI,TN,ASO,ES,Towers with Radar,12,41,33,0,86,1,0,102,3,106,13,41,135,3,192,106,0,106,298
03/01/2004,TRI,TN,ASO,ES,Towers with Radar,14,52,58,0,124,1,4,49,0,54,15,56,107,0,178,138,0,138,316
03/02/2004,TRI,TN,ASO,ES,Towers with Radar,14,54,51,0,119,1,7,0,0,8,15,61,51,0,127,0,0,0,127
03/03/2004,TRI,TN,ASO,ES,Towers with Radar,16,49,67,2,134,3,0,47,0,50,19,49,114,2,184,130,0,130,314
03/04/2004,TRI,TN,ASO,ES,Towers with Radar,11,63,75,2,151,0,0,54,16,70,11,63,129,18,221,193,0,193,414
03/05/2004,TRI,TN,ASO,ES,Towers with Radar,12,48,55,2,117,2,11,28,0,41,14,59,83,2,158,52,0,52,210
03/06/2004,TRI,TN,ASO,ES,Towers with Radar,8,29,34,0,71,6,18,11,0,35,14,47,45,0,106,45,0,45,151
03/07/2004,TRI,TN,ASO,ES,Towers with Radar,8,31,36,0,75,6,5,18,0,29,14,36,54,0,104,18,0,18,122
03/08/2004,TRI,TN,ASO,ES,Towers with Radar,14,53,60,2,129,1,8,43,0,52,15,61,103,2,181,64,0,64,245
03/09/2004,TRI,TN,ASO,ES,Towers with Radar,12,46,53,0,111,0,15,4,0,19,12,61,57,0,130,10,0,10,140
03/10/2004,TRI,TN,ASO,ES,Towers with Radar,16,34,73,2,125,26,0,62,4,92,42,34,135,6,217,87,20,107,324
03/11/2004,TRI,TN,ASO,ES,Towers with Radar,11,61,69,0,141,0,6,52,0,58,11,67,121,0,199,89,0,89,288
03/12/2004,TRI,TN,ASO,ES,Towers with Radar,13,58,66,0,137,0,10,47,0,57,13,68,113,0,194,56,0,56,250
03/13/2004,TRI,TN,ASO,ES,Towers with Radar,9,34,39,1,83,2,11,94,0,107,11,45,133,1,190,210,0,210,400
03/14/2004,TRI,TN,ASO,ES,Towers with Radar,8,32,36,1,77,0,13,28,0,41,8,45,64,1,118,78,0,78,196
03/15/2004,TRI,TN,ASO,ES,Towers with Radar,13,55,63,2,133,0,0,19,0,19,13,55,82,2,152,33,0,33,185
03/16/2004,TRI,TN,ASO,ES,Towers with Radar,14,54,61,1,130,2,5,11,0,18,16,59,72,1,148,36,0,36,184
03/17/2004,TRI,TN,ASO,ES,Towers with Radar,17,57,75,1,150,2,0,77,6,85,19,57,152,7,235,180,0,180,415
03/18/2004,TRI,TN,ASO,ES,Towers with Radar,17,61,74,1,153,0,0,29,2,31,17,61,103,3,184,62,0,62,246
03/19/2004,TRI,TN,ASO,ES,Towers with Radar,12,69,83,1,165,0,0,70,2,72,12,69,153,3,237,128,0,128,365
03/20/2004,TRI,TN,ASO,ES,Towers with Radar,10,37,41,0,88,0,6,94,0,100,10,43,135,0,188,90,0,90,278
03/21/2004,TRI,TN,ASO,ES,Towers with Radar,10,39,43,0,92,0,3,23,0,26,10,42,66,0,118,64,0,64,182
03/22/2004,TRI,TN,ASO,ES,Towers with Radar,16,62,68,1,147,0,11,59,0,70,16,73,127,1,217,60,0,60,277
03/23/2004,TRI,TN,ASO,ES,Towers with Radar,16,57,68,1,142,1,0,78,1,80,17,57,146,2,222,100,0,100,322
03/24/2004,TRI,TN,ASO,ES,Towers with Radar,16,58,64,1,139,0,3,94,1,98,16,61,158,2,237,120,4,124,361
03/25/2004,TRI,TN,ASO,ES,Towers with Radar,12,63,75,1,151,0,0,100,1,101,12,63,175,2,252,48,0,48,300
03/26/2004,TRI,TN,ASO,ES,Towers with Radar,14,64,76,1,155,0,0,96,2,98,14,64,172,3,253,132,0,132,385
03/27/2004,TRI,TN,ASO,ES,Towers with Radar,12,53,58,1,124,0,4,98,6,108,12,57,156,7,232,76,0,76,308
03/28/2004,TRI,TN,ASO,ES,Towers with Radar,14,62,119,2,197,0,0,427,8,435,14,62,546,10,632,136,0,136,768
03/29/2004,TRI,TN,ASO,ES,Towers with Radar,10,49,54,0,113,0,12,61,0,73,10,61,115,0,186,62,0,62,248
03/30/2004,TRI,TN,ASO,ES,Towers with Radar,11,45,49,0,105,6,14,0,0,20,17,59,49,0,125,28,0,28,153
03/31/2004,TRI,TN,ASO,ES,Towers with Radar,9,52,57,0,118,0,0,44,0,44,9,52,101,0,162,40,0,40,202
04/01/2004,TRI,TN,ASO,ES,Towers with Radar,13,56,43,0,112,6,9,14,0,29,19,65,57,0,141,2,0,2,143
04/02/2004,TRI,TN,ASO,ES,Towers with Radar,15,64,50,1,130,0,3,36,1,40,15,67,86,2,170,40,0,40,210
04/03/2004,TRI,TN,ASO,ES,Towers with Radar,11,44,36,1,92,6,0,41,1,48,17,44,77,2,140,88,0,88,228
04/04/2004,TRI,TN,ASO,ES,Towers with Radar,9,41,32,1,83,3,3,54,4,64,12,44,86,5,147,62,0,62,209
04/05/2004,TRI,TN,ASO,ES,Towers with Radar,14,58,45,0,117,2,4,48,0,54,16,62,93,0,171,26,0,26,197
04/06/2004,TRI,TN,ASO,ES,Towers with Radar,15,61,50,1,127,1,0,95,2,98,16,61,145,3,225,133,0,133,358
04/07/2004,TRI,TN,ASO,ES,Towers with Radar,15,56,44,0,115,0,2,81,0,83,15,58,125,0,198,182,0,182,380
04/08/2004,TRI,TN,ASO,ES,Towers with Radar,14,57,46,0,117,0,8,40,0,48,14,65,86,0,165,63,0,63,228
04/09/2004,TRI,TN,ASO,ES,Towers with Radar,15,59,49,0,123,0,0,55,0,55,15,59,104,0,178,50,0,50,228
04/10/2004,TRI,TN,ASO,ES,Towers with Radar,9,44,36,0,89,0,4,53,0,57,9,48,89,0,146,123,0,123,269
04/11/2004,TRI,TN,ASO,ES,Towers with Radar,8,40,25,0,73,0,0,0,0,0,8,40,25,0,73,2,0,2,75
04/12/2004,TRI,TN,ASO,ES,Towers with Radar,11,48,39,1,99,0,6,35,1,42,11,54,74,2,141,86,0,86,227
04/13/2004,TRI,TN,ASO,ES,Towers with Radar,13,49,40,0,102,5,15,13,0,33,18,64,53,0,135,20,0,20,155
04/14/2004,TRI,TN,ASO,ES,Towers with Radar,15,59,47,1,122,1,1,36,1,39,16,60,83,2,161,114,0,114,275
04/15/2004,TRI,TN,ASO,ES,Towers with Radar,15,64,53,1,133,0,0,123,3,126,15,64,176,4,259,296,0,296,555
04/16/2004,TRI,TN,ASO,ES,Towers with Radar,11,59,47,0,117,0,11,98,6,115,11,70,145,6,232,310,0,310,542
04/17/2004,TRI,TN,ASO,ES,Towers with Radar,11,44,36,0,91,2,2,66,2,72,13,46,102,2,163,93,0,93,256
04/18/2004,TRI,TN,ASO,ES,Towers with Radar,11,45,42,0,98,0,0,72,2,74,11,45,114,2,172,26,0,26,198
04/19/2004,TRI,TN,ASO,ES,Towers with Radar,13,52,42,0,107,0,9,69,0,78,13,61,111,0,185,110,0,110,295
04/20/2004,TRI,TN,ASO,ES,Towers with Radar,17,65,53,0,135,1,1,72,0,74,18,66,125,0,209,137,0,137,346
04/21/2004,TRI,TN,ASO,ES,Towers with Radar,15,54,45,0,114,3,0,103,0,106,18,54,148,0,220,212,0,212,432
04/22/2004,TRI,TN,ASO,ES,Towers with Radar,14,62,51,0,127,0,0,76,0,76,14,62,127,0,203,108,0,108,311
04/23/2004,TRI,TN,ASO,ES,Towers with Radar,12,64,55,0,131,0,0,31,4,35,12,64,86,4,166,90,0,90,256
04/24/2004,TRI,TN,ASO,ES,Towers with Radar,10,44,34,0,88,3,0,97,0,100,13,44,131,0,188,76,0,76,264
04/25/2004,TRI,TN,ASO,ES,Towers with Radar,13,51,40,0,104,3,4,32,0,39,16,55,72,0,143,44,0,44,187
04/26/2004,TRI,TN,ASO,ES,Towers with Radar,11,52,40,0,103,0,3,17,0,20,11,55,57,0,123,16,0,16,139
04/27/2004,TRI,TN,ASO,ES,Towers with Radar,11,67,53,0,131,0,0,39,1,40,11,67,92,1,171,40,0,40,211
04/28/2004,TRI,TN,ASO,ES,Towers with Radar,15,56,46,0,117,5,0,82,1,88,20,56,128,1,205,184,0,184,389
04/29/2004,TRI,TN,ASO,ES,Towers with Radar,14,59,58,0,131,0,0,115,3,118,14,59,173,3,249,140,0,140,389
04/30/2004,TRI,TN,ASO,ES,Towers with Radar,13,64,53,0,130,0,0,43,0,43,13,64,96,0,173,78,0,78,251
05/01/2004,TRI,TN,ASO,ES,Towers with Radar,12,37,33,0,82,1,12,48,1,62,13,49,81,1,144,52,0,52,196
05/02/2004,TRI,TN,ASO,ES,Towers with Radar,9,38,38,1,86,0,0,7,9,16,9,38,45,10,102,0,0,0,102
05/03/2004,TRI,TN,ASO,ES,Towers with Radar,12,54,47,1,114,0,8,38,0,46,12,62,85,1,160,28,0,28,188
05/04/2004,TRI,TN,ASO,ES,Towers with Radar,17,62,54,1,134,0,1,68,0,69,17,63,122,1,203,122,0,122,325
05/05/2004,TRI,TN,ASO,ES,Towers with Radar,17,36,50,0,103,27,0,54,0,81,44,36,104,0,184,82,0,82,266
05/06/2004,TRI,TN,ASO,ES,Towers with Radar,16,57,51,1,125,0,6,53,0,59,16,63,104,1,184,104,0,104,288
05/07/2004,TRI,TN,ASO,ES,Towers with Radar,8,58,51,2,119,0,13,60,2,75,8,71,111,4,194,24,0,24,218
05/08/2004,TRI,TN,ASO,ES,Towers with Radar,9,31,28,0,68,9,11,53,0,73,18,42,81,0,141,196,0,196,337
05/09/2004,TRI,TN,ASO,ES,Towers with Radar,11,35,31,0,77,6,2,67,0,75,17,37,98,0,152,112,0,112,264
05/10/2004,TRI,TN,ASO,ES,Towers with Radar,14,48,42,0,104,0,15,41,0,56,14,63,83,0,160,22,0,22,182
05/11/2004,TRI,TN,ASO,ES,Towers with Radar,16,52,46,0,114,0,3,55,0,58,16,55,101,0,172,155,0,155,327
05/12/2004,TRI,TN,ASO,ES,Towers with Radar,21,30,58,2,111,25,0,86,1,112,46,30,144,3,223,118,0,118,341
05/13/2004,TRI,TN,ASO,ES,Towers with Radar,16,54,67,2,139,0,0,61,7,68,16,54,128,9,207,104,0,104,311
05/14/2004,TRI,TN,ASO,ES,Towers with Radar,17,46,47,0,110,11,0,33,0,44,28,46,80,0,154,68,0,68,222
05/15/2004,TRI,TN,ASO,ES,Towers with Radar,11,34,31,1,77,10,4,25,5,44,21,38,56,6,121,50,0,50,171
05/16/2004,TRI,TN,ASO,ES,Towers with Radar,11,37,33,0,81,3,10,21,0,34,14,47,54,0,115,96,0,96,211
05/17/2004,TRI,TN,ASO,ES,Towers with Radar,13,56,52,2,123,0,0,40,4,44,13,56,92,6,167,90,0,90,257
05/18/2004,TRI,TN,ASO,ES,Towers with Radar,16,56,53,0,125,0,0,38,0,38,16,56,91,0,163,16,0,16,179
05/19/2004,TRI,TN,ASO,ES,Towers with Radar,18,63,54,0,135,0,0,40,0,40,18,63,94,0,175,96,0,96,271
05/20/2004,TRI,TN,ASO,ES,Towers with Radar,16,66,58,1,141,0,0,66,0,66,16,66,124,1,207,202,0,202,409
05/21/2004,TRI,TN,ASO,ES,Towers with Radar,12,59,50,0,121,0,5,31,0,36,12,64,81,0,157,86,0,86,243
05/22/2004,TRI,TN,ASO,ES,Towers with Radar,9,37,32,0,78,0,12,27,0,39,9,49,59,0,117,51,0,51,168
05/23/2004,TRI,TN,ASO,ES,Towers with Radar,13,41,40,0,94,0,0,29,0,29,13,41,69,0,123,38,0,38,161
05/24/2004,TRI,TN,ASO,ES,Towers with Radar,13,50,47,1,111,0,0,45,0,45,13,50,92,1,156,104,0,104,260
05/25/2004,TRI,TN,ASO,ES,Towers with Radar,16,57,49,1,123,0,4,25,1,30,16,61,74,2,153,42,0,42,195
05/26/2004,TRI,TN,ASO,ES,Towers with Radar,13,49,44,0,106,0,0,37,0,37,13,49,81,0,143,26,0,26,169
05/27/2004,TRI,TN,ASO,ES,Towers with Radar,17,64,62,1,144,0,0,61,1,62,17,64,123,2,206,155,0,155,361
05/28/2004,TRI,TN,ASO,ES,Towers with Radar,8,68,58,0,134,0,8,24,0,32,8,76,82,0,166,60,0,60,226
05/29/2004,TRI,TN,ASO,ES,Towers with Radar,8,41,35,0,84,0,8,49,0,57,8,49,84,0,141,94,0,94,235
05/30/2004,TRI,TN,ASO,ES,Towers with Radar,8,27,23,0,58,0,12,32,0,44,8,39,55,0,102,90,0,90,192
05/31/2004,TRI,TN,ASO,ES,Towers with Radar,8,39,34,0,81,0,10,14,0,24,8,49,48,0,105,74,0,74,179
06/01/2004,TRI,TN,ASO,ES,Towers with Radar,12,53,47,0,112,0,7,41,0,48,12,60,88,0,160,62,0,62,222
06/02/2004,TRI,TN,ASO,ES,Towers with Radar,17,57,56,0,130,3,0,78,0,81,20,57,134,0,211,80,0,80,291
06/03/2004,TRI,TN,ASO,ES,Towers with Radar,14,60,54,2,130,0,2,46,6,54,14,62,100,8,184,40,0,40,224
06/04/2004,TRI,TN,ASO,ES,Towers with Radar,14,53,47,1,115,22,4,4,0,30,36,57,51,1,145,44,0,44,189
06/05/2004,TRI,TN,ASO,ES,Towers with Radar,12,29,36,1,78,11,0,80,0,91,23,29,116,1,169,134,0,134,303
06/06/2004,TRI,TN,ASO,ES,Towers with Radar,13,44,40,0,97,2,5,67,0,74,15,49,107,0,171,118,0,118,289
06/07/2004,TRI,TN,ASO,ES,Towers with Radar,9,44,39,2,94,0,9,53,2,64,9,53,92,4,158,38,0,38,196
06/08/2004,TRI,TN,ASO,ES,Towers with Radar,16,54,49,0,119,0,6,25,0,31,16,60,74,0,150,62,0,62,212
06/09/2004,TRI,TN,ASO,ES,Towers with Radar,16,55,51,0,122,12,2,59,0,73,28,57,110,0,195,102,0,102,297
06/10/2004,TRI,TN,ASO,ES,Towers with Radar,16,56,57,0,129,0,0,51,0,51,16,56,108,0,180,96,0,96,276
06/11/2004,TRI,TN,ASO,ES,Towers with Radar,13,64,59,0,136,0,1,99,0,100,13,65,158,0,236,181,0,181,417
06/12/2004,TRI,TN,ASO,ES,Towers with Radar,10,36,34,1,81,7,4,58,0,69,17,40,92,1,150,106,0,106,256
06/13/2004,TRI,TN,ASO,ES,Towers with Radar,9,45,45,2,101,0,0,56,0,56,9,45,101,2,157,117,0,117,274
06/14/2004,TRI,TN,ASO,ES,Towers with Radar,13,50,46,1,110,0,13,9,1,23,13,63,55,2,133,0,0,0,133
06/15/2004,TRI,TN,ASO,ES,Towers with Radar,14,49,45,1,109,4,5,12,0,21,18,54,57,1,130,98,0,98,228
06/16/2004,TRI,TN,ASO,ES,Towers with Radar,15,58,59,1,133,0,0,44,0,44,15,58,103,1,177,105,0,105,282
06/17/2004,TRI,TN,ASO,ES,Towers with Radar,11,61,56,1,129,0,1,43,1,45,11,62,99,2,174,86,0,86,260
06/18/2004,TRI,TN,ASO,ES,Towers with Radar,11,70,66,1,148,0,0,68,3,71,11,70,134,4,219,114,0,114,333
06/19/2004,TRI,TN,ASO,ES,Towers with Radar,10,46,43,1,100,0,2,28,1,31,10,48,71,2,131,28,0,28,159
06/20/2004,TRI,TN,ASO,ES,Towers with Radar,11,45,43,1,100,0,0,88,3,91,11,45,131,4,191,90,0,90,281
06/21/2004,TRI,TN,ASO,ES,Towers with Radar,10,56,56,1,123,0,0,31,4,35,10,56,87,5,158,22,0,22,180
06/22/2004,TRI,TN,ASO,ES,Towers with Radar,15,52,47,0,114,2,12,47,0,61,17,64,94,0,175,129,0,129,304
06/23/2004,TRI,TN,ASO,ES,Towers with Radar,15,52,46,1,114,0,4,12,3,19,15,56,58,4,133,34,0,34,167
06/24/2004,TRI,TN,ASO,ES,Towers with Radar,13,67,62,1,143,0,0,62,0,62,13,67,124,1,205,46,0,46,251
06/25/2004,TRI,TN,ASO,ES,Towers with Radar,10,62,55,0,127,0,5,19,0,24,10,67,74,0,151,26,0,26,177
06/26/2004,TRI,TN,ASO,ES,Towers with Radar,11,50,44,1,106,0,0,51,7,58,11,50,95,8,164,110,0,110,274
06/27/2004,TRI,TN,ASO,ES,Towers with Radar,8,42,37,0,87,0,7,69,0,76,8,49,106,0,163,78,0,78,241
06/28/2004,TRI,TN,ASO,ES,Towers with Radar,6,58,53,1,118,0,0,34,1,35,6,58,87,2,153,58,0,58,211
06/29/2004,TRI,TN,ASO,ES,Towers with Radar,19,66,59,1,145,2,0,45,1,48,21,66,104,2,193,58,0,58,251
06/30/2004,TRI,TN,ASO,ES,Towers with Radar,18,34,55,0,107,29,0,60,0,89,47,34,115,0,196,44,0,44,240
07/01/2004,TRI,TN,ASO,ES,Towers with Radar,18,64,63,1,146,4,0,75,3,82,22,64,138,4,228,152,0,152,380
07/02/2004,TRI,TN,ASO,ES,Towers with Radar,17,50,59,1,127,25,0,25,3,53,42,50,84,4,180,62,0,62,242
07/03/2004,TRI,TN,ASO,ES,Towers with Radar,8,33,31,0,72,2,18,2,0,22,10,51,33,0,94,16,0,16,110
07/04/2004,TRI,TN,ASO,ES,Towers with Radar,6,26,24,0,56,0,20,1,0,21,6,46,25,0,77,30,0,30,107
07/05/2004,TRI,TN,ASO,ES,Towers with Radar,14,51,55,0,120,0,0,66,0,66,14,51,121,0,186,148,0,148,334
07/06/2004,TRI,TN,ASO,ES,Towers with Radar,14,53,50,0,117,1,0,77,0,78,15,53,127,0,195,54,0,54,249
07/07/2004,TRI,TN,ASO,ES,Towers with Radar,15,52,51,0,118,4,0,39,0,43,19,52,90,0,161,56,0,56,217
07/08/2004,TRI,TN,ASO,ES,Towers with Radar,7,65,65,0,137,0,0,114,0,114,7,65,179,0,251,148,0,148,399
07/09/2004,TRI,TN,ASO,ES,Towers with Radar,10,63,60,1,134,0,17,79,1,97,10,80,139,2,231,73,0,73,304
07/10/2004,TRI,TN,ASO,ES,Towers with Radar,12,42,41,1,96,1,4,47,1,53,13,46,88,2,149,64,0,64,213
07/11/2004,TRI,TN,ASO,ES,Towers with Radar,8,49,48,0,105,0,0,39,0,39,8,49,87,0,144,155,0,155,299
07/12/2004,TRI,TN,ASO,ES,Towers with Radar,14,41,47,1,103,9,0,35,1,45,23,41,82,2,148,66,0,66,214
07/13/2004,TRI,TN,ASO,ES,Towers with Radar,15,56,54,0,125,0,2,46,0,48,15,58,100,0,173,75,0,75,248
07/14/2004,TRI,TN,ASO,ES,Towers with Radar,14,48,46,0,108,4,6,49,0,59,18,54,95,0,167,104,0,104,271
07/15/2004,TRI,TN,ASO,ES,Towers with Radar,18,65,63,1,147,0,1,79,4,84,18,66,142,5,231,88,0,88,319
07/16/2004,TRI,TN,ASO,ES,Towers with Radar,19,51,66,0,136,7,0,80,0,87,26,51,146,0,223,70,0,70,293
07/17/2004,TRI,TN,ASO,ES,Towers with Radar,12,39,39,0,90,0,7,36,0,43,12,46,75,0,133,94,0,94,227
07/18/2004,TRI,TN,ASO,ES,Towers with Radar,7,46,45,0,98,0,2,51,0,53,7,48,96,0,151,146,0,146,297
07/19/2004,TRI,TN,ASO,ES,Towers with Radar,16,54,56,0,126,1,0,47,0,48,17,54,103,0,174,24,0,24,198
07/20/2004,TRI,TN,ASO,ES,Towers with Radar,18,62,60,0,140,0,4,59,0,63,18,66,119,0,203,44,0,44,247
07/21/2004,TRI,TN,ASO,ES,Towers with Radar,15,60,58,0,133,0,1,58,0,59,15,61,116,0,192,76,0,76,268
07/22/2004,TRI,TN,ASO,ES,Towers with Radar,11,57,57,0,125,0,0,16,0,16,11,57,73,0,141,28,0,28,169
07/23/2004,TRI,TN,ASO,ES,Towers with Radar,13,54,52,0,119,0,9,7,0,16,13,63,59,0,135,48,0,48,183
07/24/2004,TRI,TN,ASO,ES,Towers with Radar,9,48,46,0,103,0,5,22,0,27,9,53,68,0,130,10,0,10,140
07/25/2004,TRI,TN,ASO,ES,Towers with Radar,11,41,44,0,96,0,0,36,0,36,11,41,80,0,132,29,0,29,161
07/26/2004,TRI,TN,ASO,ES,Towers with Radar,14,54,53,0,121,0,0,32,4,36,14,54,85,4,157,34,0,34,191
07/27/2004,TRI,TN,ASO,ES,Towers with Radar,16,59,55,0,130,1,8,15,0,24,17,67,70,0,154,40,0,40,194
07/28/2004,TRI,TN,ASO,ES,Towers with Radar,16,59,56,0,131,2,0,83,0,85,18,59,139,0,216,90,0,90,306
07/29/2004,TRI,TN,ASO,ES,Towers with Radar,13,59,65,0,137,0,0,62,0,62,13,59,127,0,199,72,0,72,271
07/30/2004,TRI,TN,ASO,ES,Towers with Radar,11,63,59,0,133,0,0,52,2,54,11,63,111,2,187,100,0,100,287
07/31/2004,TRI,TN,ASO,ES,Towers with Radar,9,32,30,0,71,3,3,50,0,56,12,35,80,0,127,132,0,132,259
08/01/2004,TRI,TN,ASO,ES,Towers with Radar,10,44,59,1,114,0,0,10,1,11,10,44,69,2,125,55,0,55,180
08/02/2004,TRI,TN,ASO,ES,Towers with Radar,12,50,62,0,124,0,2,50,0,52,12,52,112,0,176,78,0,78,254
08/03/2004,TRI,TN,ASO,ES,Towers with Radar,16,65,82,0,163,0,1,59,0,60,16,66,141,0,223,96,0,96,319
08/04/2004,TRI,TN,ASO,ES,Towers with Radar,19,59,78,2,158,1,0,21,10,32,20,59,99,12,190,98,0,98,288
08/05/2004,TRI,TN,ASO,ES,Towers with Radar,12,47,60,0,119,0,12,6,0,18,12,59,66,0,137,12,0,12,149
08/06/2004,TRI,TN,ASO,ES,Towers with Radar,18,46,76,2,142,14,0,55,7,76,32,46,131,9,218,140,0,140,358
08/07/2004,TRI,TN,ASO,ES,Towers with Radar,10,35,45,0,90,0,16,54,0,70,10,51,99,0,160,104,0,104,264
08/08/2004,TRI,TN,ASO,ES,Towers with Radar,13,41,55,0,109,0,0,74,0,74,13,41,129,0,183,104,0,104,287
08/09/2004,TRI,TN,ASO,ES,Towers with Radar,10,41,53,0,104,0,14,29,0,43,10,55,82,0,147,51,0,51,198
08/10/2004,TRI,TN,ASO,ES,Towers with Radar,16,62,81,0,159,0,8,29,0,37,16,70,110,0,196,70,0,70,266
08/11/2004,TRI,TN,ASO,ES,Towers with Radar,15,55,71,0,141,0,8,29,0,37,15,63,100,0,178,146,0,146,324
08/12/2004,TRI,TN,ASO,ES,Towers with Radar,14,46,60,0,120,0,15,2,0,17,14,61,62,0,137,16,0,16,153
08/13/2004,TRI,TN,ASO,ES,Towers with Radar,15,40,66,1,122,17,0,40,5,62,32,40,106,6,184,92,0,92,276
08/14/2004,TRI,TN,ASO,ES,Towers with Radar,11,33,43,1,88,3,8,35,0,46,14,41,78,1,134,82,0,82,216
08/15/2004,TRI,TN,ASO,ES,Towers with Radar,12,37,49,0,98,10,1,46,0,57,22,38,95,0,155,72,0,72,227
08/16/2004,TRI,TN,ASO,ES,Towers with Radar,16,46,64,0,126,9,0,26,0,35,25,46,90,0,161,54,0,54,215
08/17/2004,TRI,TN,ASO,ES,Towers with Radar,14,53,68,1,136,0,12,61,0,73,14,65,129,1,209,138,0,138,347
08/18/2004,TRI,TN,ASO,ES,Towers with Radar,18,53,75,0,146,4,0,82,0,86,22,53,157,0,232,120,0,120,352
08/19/2004,TRI,TN,ASO,ES,Towers with Radar,16,52,67,1,136,0,0,55,0,55,16,52,122,1,191,138,0,138,329
08/20/2004,TRI,TN,ASO,ES,Towers with Radar,13,52,67,0,132,0,18,25,0,43,13,70,92,0,175,113,0,113,288
08/21/2004,TRI,TN,ASO,ES,Towers with Radar,9,29,35,0,73,4,14,11,0,29,13,43,46,0,102,62,0,62,164
08/22/2004,TRI,TN,ASO,ES,Towers with Radar,12,38,48,0,98,3,3,102,0,108,15,41,150,0,206,83,0,83,289
08/23/2004,TRI,TN,ASO,ES,Towers with Radar,14,45,57,0,116,0,11,33,1,45,14,56,90,1,161,84,0,84,245
08/24/2004,TRI,TN,ASO,ES,Towers with Radar,15,52,66,0,133,0,10,32,0,42,15,62,98,0,175,113,0,113,288
08/25/2004,TRI,TN,ASO,ES,Towers with Radar,19,55,88,0,162,0,0,64,0,64,19,55,152,0,226,114,0,114,340
08/26/2004,TRI,TN,ASO,ES,Towers with Radar,19,73,91,0,183,0,1,73,0,74,19,74,164,0,257,42,0,42,299
08/27/2004,TRI,TN,ASO,ES,Towers with Radar,22,80,123,1,226,0,0,125,2,127,22,80,248,3,353,55,0,55,408
08/28/2004,TRI,TN,ASO,ES,Towers with Radar,21,46,125,1,193,0,0,566,3,569,21,46,691,4,762,463,0,463,1225
08/29/2004,TRI,TN,ASO,ES,Towers with Radar,10,68,96,0,174,0,0,96,0,96,10,68,192,0,270,73,0,73,343
08/30/2004,TRI,TN,ASO,ES,Towers with Radar,16,53,66,0,135,3,11,4,0,18,19,64,70,0,153,40,0,40,193
08/31/2004,TRI,TN,ASO,ES,Towers with Radar,18,56,74,1,149,2,0,29,6,37,20,56,103,7,186,44,0,44,230
09/01/2004,TRI,TN,ASO,ES,Towers with Radar,17,56,48,2,123,0,0,74,0,74,17,56,122,2,197,102,0,102,299
09/02/2004,TRI,TN,ASO,ES,Towers with Radar,25,54,63,2,144,7,0,58,0,65,32,54,121,2,209,150,0,150,359
09/03/2004,TRI,TN,ASO,ES,Towers with Radar,12,72,61,0,145,0,1,42,0,43,12,73,103,0,188,90,0,90,278
09/04/2004,TRI,TN,ASO,ES,Towers with Radar,13,40,34,0,87,0,2,46,0,48,13,42,80,0,135,104,0,104,239
09/05/2004,TRI,TN,ASO,ES,Towers with Radar,10,31,26,0,67,4,9,35,0,48,14,40,61,0,115,14,0,14,129
09/06/2004,TRI,TN,ASO,ES,Towers with Radar,12,44,37,0,93,0,2,25,0,27,12,46,62,0,120,34,0,34,154
09/07/2004,TRI,TN,ASO,ES,Towers with Radar,11,47,40,0,98,0,25,8,0,33,11,72,48,0,131,7,0,7,138
09/08/2004,TRI,TN,ASO,ES,Towers with Radar,16,48,41,0,105,11,6,14,0,31,27,54,55,0,136,0,0,0,136
09/09/2004,TRI,TN,ASO,ES,Towers with Radar,14,56,53,2,125,0,0,48,8,56,14,56,101,10,181,128,0,128,309
09/10/2004,TRI,TN,ASO,ES,Towers with Radar,18,58,55,2,133,0,0,62,3,65,18,58,117,5,198,66,0,66,264
09/11/2004,TRI,TN,ASO,ES,Towers with Radar,10,38,32,0,80,0,7,50,0,57,10,45,82,0,137,82,0,82,219
09/12/2004,TRI,TN,ASO,ES,Towers with Radar,14,47,44,0,105,0,0,56,0,56,14,47,100,0,161,122,0,122,283
09/13/2004,TRI,TN,ASO,ES,Towers with Radar,18,55,46,0,119,1,4,57,0,62,19,59,103,0,181,84,0,84,265
09/14/2004,TRI,TN,ASO,ES,Towers with Radar,17,57,50,0,124,0,2,36,0,38,17,59,86,0,162,78,0,78,240
09/15/2004,TRI,TN,ASO,ES,Towers with Radar,19,63,61,1,144,0,0,97,0,97,19,63,158,1,241,94,0,94,335
09/16/2004,TRI,TN,ASO,ES,Towers with Radar,12,62,54,1,129,0,1,34,1,36,12,63,88,2,165,96,0,96,261
09/17/2004,TRI,TN,ASO,ES,Towers with Radar,12,32,21,0,65,18,10,0,0,28,30,42,21,0,93,6,0,6,99
09/18/2004,TRI,TN,ASO,ES,Towers with Radar,10,27,24,0,61,4,14,28,0,46,14,41,52,0,107,130,0,130,237
09/19/2004,TRI,TN,ASO,ES,Towers with Radar,10,37,33,0,80,0,7,55,13,75,10,44,88,13,155,171,0,171,326
09/20/2004,TRI,TN,ASO,ES,Towers with Radar,18,49,44,0,111,4,2,34,5,45,22,51,78,5,156,36,0,36,192
09/21/2004,TRI,TN,ASO,ES,Towers with Radar,21,55,52,1,129,4,0,85,13,102,25,55,137,14,231,108,0,108,339
09/22/2004,TRI,TN,ASO,ES,Towers with Radar,24,66,64,1,155,0,0,95,5,100,24,66,159,6,255,86,0,86,341
09/23/2004,TRI,TN,ASO,ES,Towers with Radar,21,65,58,1,145,0,0,74,1,75,21,65,132,2,220,94,0,94,314
09/24/2004,TRI,TN,ASO,ES,Towers with Radar,27,66,67,1,161,11,0,72,3,86,38,66,139,4,247,110,0,110,357
09/25/2004,TRI,TN,ASO,ES,Towers with Radar,15,42,37,0,94,2,10,59,0,71,17,52,96,0,165,20,0,20,185
09/26/2004,TRI,TN,ASO,ES,Towers with Radar,16,40,38,0,94,2,0,36,0,38,18,40,74,0,132,80,0,80,212
09/27/2004,TRI,TN,ASO,ES,Towers with Radar,15,43,38,0,96,0,11,33,1,45,15,54,71,1,141,30,0,30,171
09/28/2004,TRI,TN,ASO,ES,Towers with Radar,13,59,52,0,124,0,17,9,0,26,13,76,61,0,150,45,0,45,195
09/29/2004,TRI,TN,ASO,ES,Towers with Radar,24,33,60,0,117,16,0,50,0,66,40,33,110,0,183,50,0,50,233
09/30/2004,TRI,TN,ASO,ES,Towers with Radar,13,71,63,0,147,0,0,60,0,60,13,71,123,0,207,100,0,100,307
10/01/2004,TRI,TN,ASO,ES,Towers with Radar,12,67,49,0,128,0,1,34,0,35,12,68,83,0,163,43,0,43,206
10/02/2004,TRI,TN,ASO,ES,Towers with Radar,8,39,34,0,81,0,0,26,0,26,8,39,60,0,107,95,0,95,202
10/03/2004,TRI,TN,ASO,ES,Towers with Radar,19,44,74,0,137,0,0,35,0,35,19,44,109,0,172,102,0,102,274
10/04/2004,TRI,TN,ASO,ES,Towers with Radar,12,49,54,0,115,0,2,50,0,52,12,51,104,0,167,72,0,72,239
10/05/2004,TRI,TN,ASO,ES,Towers with Radar,21,43,65,0,129,0,2,64,0,66,21,45,129,0,195,122,0,122,317
10/06/2004,TRI,TN,ASO,ES,Towers with Radar,29,33,63,0,125,0,1,43,0,44,29,34,106,0,169,10,0,10,179
10/07/2004,TRI,TN,ASO,ES,Towers with Radar,17,49,65,0,131,0,2,54,0,56,17,51,119,0,187,48,0,48,235
10/08/2004,TRI,TN,ASO,ES,Towers with Radar,12,57,46,0,115,0,1,49,0,50,12,58,95,0,165,124,0,124,289
10/09/2004,TRI,TN,ASO,ES,Towers with Radar,11,37,34,0,82,0,0,41,0,41,11,37,75,0,123,81,0,81,204
10/10/2004,TRI,TN,ASO,ES,Towers with Radar,21,41,56,0,118,0,0,71,0,71,21,41,127,0,189,138,0,138,327
10/11/2004,TRI,TN,ASO,ES,Towers with Radar,15,36,31,0,82,0,0,50,2,52,15,36,81,2,134,54,0,54,188
10/12/2004,TRI,TN,ASO,ES,Towers with Radar,24,55,51,12,142,0,0,52,4,56,24,55,103,16,198,86,0,86,284
10/13/2004,TRI,TN,ASO,ES,Towers with Radar,19,53,53,2,127,0,0,7,0,7,19,53,60,2,134,26,0,26,160
10/14/2004,TRI,TN,ASO,ES,Towers with Radar,18,52,65,12,147,0,0,7,2,9,18,52,72,14,156,33,0,33,189
10/15/2004,TRI,TN,ASO,ES,Towers with Radar,17,55,50,0,122,0,0,33,0,33,17,55,83,0,155,37,0,37,192
10/16/2004,TRI,TN,ASO,ES,Towers with Radar,10,33,31,2,76,0,1,10,0,11,10,34,41,2,87,10,0,10,97
10/17/2004,TRI,TN,ASO,ES,Towers with Radar,15,41,50,0,106,0,0,75,0,75,15,41,125,0,181,161,0,161,342
10/18/2004,TRI,TN,ASO,ES,Towers with Radar,8,52,44,0,104,0,0,35,0,35,8,52,79,0,139,116,0,116,255
10/19/2004,TRI,TN,ASO,ES,Towers with Radar,16,51,35,0,102,0,0,6,0,6,16,51,41,0,108,15,0,15,123
10/20/2004,TRI,TN,ASO,ES,Towers with Radar,12,57,99,4,172,0,2,16,0,18,12,59,115,4,190,56,0,56,246
10/21/2004,TRI,TN,ASO,ES,Towers with Radar,12,56,58,3,129,0,2,27,1,30,12,58,85,4,159,94,0,94,253
10/22/2004,TRI,TN,ASO,ES,Towers with Radar,10,57,60,0,127,0,1,59,0,60,10,58,119,0,187,65,0,65,252
10/23/2004,TRI,TN,ASO,ES,Towers with Radar,11,32,12,0,55,0,1,34,0,35,11,33,46,0,90,53,0,53,143
10/24/2004,TRI,TN,ASO,ES,Towers with Radar,18,40,47,0,105,0,0,28,0,28,18,40,75,0,133,34,0,34,167
10/25/2004,TRI,TN,ASO,ES,Towers with Radar,16,38,55,0,109,0,2,78,0,80,16,40,133,0,189,80,0,80,269
10/26/2004,TRI,TN,ASO,ES,Towers with Radar,15,55,42,0,112,0,1,90,0,91,15,56,132,0,203,128,0,128,331
10/27/2004,TRI,TN,ASO,ES,Towers with Radar,28,38,95,0,161,0,0,15,0,15,28,38,110,0,176,70,0,70,246
10/28/2004,TRI,TN,ASO,ES,Towers with Radar,20,54,80,0,154,0,1,23,0,24,20,55,103,0,178,78,0,78,256
10/29/2004,TRI,TN,ASO,ES,Towers with Radar,10,57,46,0,113,0,4,16,0,20,10,61,62,0,133,36,0,36,169
10/30/2004,TRI,TN,ASO,ES,Towers with Radar,7,36,13,0,56,0,0,32,0,32,7,36,45,0,88,27,0,27,115
10/31/2004,TRI,TN,ASO,ES,Towers with Radar,15,28,35,4,82,0,0,34,0,34,15,28,69,4,116,26,0,26,142
11/01/2004,TRI,TN,ASO,ES,Combined TRACON& Tower with Radar,35,38,38,4,115,0,1,52,0,53,35,39,90,4,168,106,0,106,274
11/02/2004,TRI,TN,ASO,ES,Combined TRACON& Tower with Radar,13,51,55,0,119,0,0,39,0,39,13,51,94,0,158,170,0,170,328
11/03/2004,TRI,TN,ASO,ES,Combined TRACON& Tower with Radar,28,45,59,0,132,0,0,22,0,22,28,45,81,0,154,90,0,90,244
11/04/2004,TRI,TN,ASO,ES,Combined TRACON& Tower with Radar,18,39,45,5,107,0,5,22,2,29,18,44,67,7,136,132,0,132,268
11/05/2004,TRI,TN,ASO,ES,Combined TRACON& Tower with Radar,21,42,58,1,122,0,1,61,2,64,21,43,119,3,186,111,0,111,297
11/06/2004,TRI,TN,ASO,ES,Combined TRACON& Tower with Radar,14,34,28,2,78,0,0,74,0,74,14,34,102,2,152,149,0,149,301
11/07/2004,TRI,TN,ASO,ES,Combined TRACON& Tower with Radar,17,27,45,0,89,0,0,95,0,95,17,27,140,0,184,106,0,106,290
11/08/2004,TRI,TN,ASO,ES,Combined TRACON& Tower with Radar,17,44,36,0,97,0,0,44,0,44,17,44,80,0,141,44,0,44,185
11/09/2004,TRI,TN,ASO,ES,Combined TRACON& Tower with Radar,22,41,52,2,117,0,0,73,1,74,22,41,125,3,191,196,0,196,387
11/10/2004,TRI,TN,ASO,ES,Combined TRACON& Tower with Radar,25,41,53,1,120,0,0,72,0,72,25,41,125,1,192,106,0,106,298
11/11/2004,TRI,TN,ASO,ES,Combined TRACON& Tower with Radar,10,54,59,3,126,0,3,51,0,54,10,57,110,3,180,63,0,63,243
11/12/2004,TRI,TN,ASO,ES,Combined TRACON& Tower with Radar,37,34,47,0,118,0,0,5,0,5,37,34,52,0,123,20,0,20,143
11/13/2004,TRI,TN,ASO,ES,Combined TRACON& Tower with Radar,20,28,33,0,81,0,0,58,0,58,20,28,91,0,139,61,0,61,200
11/14/2004,TRI,TN,ASO,ES,Combined TRACON& Tower with Radar,19,31,27,2,79,0,0,52,0,52,19,31,79,2,131,122,0,122,253
11/15/2004,TRI,TN,ASO,ES,Combined TRACON& Tower with Radar,12,52,37,0,101,0,5,59,0,64,12,57,96,0,165,102,0,102,267
11/16/2004,TRI,TN,ASO,ES,Combined TRACON& Tower with Radar,16,59,41,0,116,0,1,63,3,67,16,60,104,3,183,65,0,65,248
11/17/2004,TRI,TN,ASO,ES,Combined TRACON& Tower with Radar,43,28,62,0,133,0,0,73,0,73,43,28,135,0,206,128,0,128,334
11/18/2004,TRI,TN,ASO,ES,Combined TRACON& Tower with Radar,13,56,59,0,128,0,0,30,0,30,13,56,89,0,158,61,0,61,219
11/19/2004,TRI,TN,ASO,ES,Combined TRACON& Tower with Radar,21,50,47,0,118,0,0,52,2,54,21,50,99,2,172,120,0,120,292
11/20/2004,TRI,TN,ASO,ES,Combined TRACON& Tower with Radar,12,33,18,0,63,0,0,40,0,40,12,33,58,0,103,123,0,123,226
11/21/2004,TRI,TN,ASO,ES,Combined TRACON& Tower with Radar,15,32,30,0,77,0,0,48,0,48,15,32,78,0,125,58,0,58,183
11/22/2004,TRI,TN,ASO,ES,Combined TRACON& Tower with Radar,25,40,52,0,117,0,0,27,0,27,25,40,79,0,144,89,0,89,233
11/23/2004,TRI,TN,ASO,ES,Combined TRACON& Tower with Radar,25,43,66,0,134,0,0,13,0,13,25,43,79,0,147,58,0,58,205
11/24/2004,TRI,TN,ASO,ES,Combined TRACON& Tower with Radar,0,0,0,0,0,0,0,0,0,0,0,0,0,0,0,0,0,0,0
11/25/2004,TRI,TN,ASO,ES,Combined TRACON& Tower with Radar,8,37,7,0,52,0,0,3,0,3,8,37,10,0,55,18,0,18,73
11/26/2004,TRI,TN,ASO,ES,Combined TRACON& Tower with Radar,13,42,22,0,77,0,2,62,0,64,13,44,84,0,141,132,0,132,273
11/27/2004,TRI,TN,ASO,ES,Combined TRACON& Tower with Radar,12,40,20,0,72,0,0,32,0,32,12,40,52,0,104,66,0,66,170
11/28/2004,TRI,TN,ASO,ES,Combined TRACON& Tower with Radar,17,32,62,0,111,0,1,58,0,59,17,33,120,0,170,98,0,98,268
11/29/2004,TRI,TN,ASO,ES,Combined TRACON& Tower with Radar,19,41,47,4,111,0,0,25,2,27,19,41,72,6,138,32,0,32,170
11/30/2004,TRI,TN,ASO,ES,Combined TRACON& Tower with Radar,20,47,49,0,116,0,0,17,0,17,20,47,66,0,133,22,0,22,155
12/01/2004,TRI,TN,ASO,ES,Combined TRACON& Tower with Radar,24,49,38,0,111,0,1,10,0,11,24,50,48,0,122,32,0,32,154
12/02/2004,TRI,TN,ASO,ES,Combined TRACON& Tower with Radar,12,59,62,0,133,0,1,74,0,75,12,60,136,0,208,90,0,90,298
12/03/2004,TRI,TN,ASO,ES,Combined TRACON& Tower with Radar,18,55,47,1,121,0,1,53,1,55,18,56,100,2,176,131,0,131,307
12/04/2004,TRI,TN,ASO,ES,Combined TRACON& Tower with Radar,13,40,30,0,83,0,0,95,0,95,13,40,125,0,178,185,0,185,363
12/05/2004,TRI,TN,ASO,ES,Combined TRACON& Tower with Radar,19,32,25,0,76,0,0,77,0,77,19,32,102,0,153,40,0,40,193
12/06/2004,TRI,TN,ASO,ES,Combined TRACON& Tower with Radar,30,36,36,0,102,0,0,1,0,1,30,36,37,0,103,3,0,3,106
12/07/2004,TRI,TN,ASO,ES,Combined TRACON& Tower with Radar,23,46,44,0,113,0,2,18,0,20,23,48,62,0,133,34,0,34,167
12/08/2004,TRI,TN,ASO,ES,Combined TRACON& Tower with Radar,25,40,60,0,125,0,1,59,0,60,25,41,119,0,185,82,0,82,267
12/09/2004,TRI,TN,ASO,ES,Combined TRACON& Tower with Radar,11,58,58,0,127,0,0,5,0,5,11,58,63,0,132,14,0,14,146
12/10/2004,TRI,TN,ASO,ES,Combined TRACON& Tower with Radar,17,57,44,0,118,0,0,5,0,5,17,57,49,0,123,5,0,5,128
12/11/2004,TRI,TN,ASO,ES,Combined TRACON& Tower with Radar,12,43,20,0,75,0,0,22,0,22,12,43,42,0,97,100,0,100,197
12/12/2004,TRI,TN,ASO,ES,Combined TRACON& Tower with Radar,16,34,22,0,72,0,0,33,0,33,16,34,55,0,105,32,0,32,137
12/13/2004,TRI,TN,ASO,ES,Combined TRACON& Tower with Radar,21,41,37,0,99,0,0,14,3,17,21,41,51,3,116,30,0,30,146
12/14/2004,TRI,TN,ASO,ES,Combined TRACON& Tower with Radar,16,59,48,0,123,0,1,28,0,29,16,60,76,0,152,80,0,80,232
12/15/2004,TRI,TN,ASO,ES,Combined TRACON& Tower with Radar,16,53,61,0,130,0,2,61,0,63,16,55,122,0,193,74,0,74,267
12/16/2004,TRI,TN,ASO,ES,Combined TRACON& Tower with Radar,12,51,63,0,126,0,3,77,0,80,12,54,140,0,206,102,0,102,308
12/17/2004,TRI,TN,ASO,ES,Combined TRACON& Tower with Radar,13,52,64,0,129,0,3,62,0,65,13,55,126,0,194,54,0,54,248
12/18/2004,TRI,TN,ASO,ES,Combined TRACON& Tower with Radar,13,45,21,0,79,0,0,74,0,74,13,45,95,0,153,68,0,68,221
12/19/2004,TRI,TN,ASO,ES,Combined TRACON& Tower with Radar,8,40,13,0,61,0,0,5,0,5,8,40,18,0,66,0,0,0,66
12/20/2004,TRI,TN,ASO,ES,Combined TRACON& Tower with Radar,8,57,38,0,103,0,3,18,0,21,8,60,56,0,124,12,0,12,136
12/21/2004,TRI,TN,ASO,ES,Combined TRACON& Tower with Radar,21,45,48,2,116,0,2,24,1,27,21,47,72,3,143,42,0,42,185
12/22/2004,TRI,TN,ASO,ES,Combined TRACON& Tower with Radar,23,37,30,7,97,0,1,32,0,33,23,38,62,7,130,54,0,54,184
12/23/2004,TRI,TN,ASO,ES,Combined TRACON& Tower with Radar,11,45,19,0,75,0,1,0,0,1,11,46,19,0,76,0,0,0,76
12/24/2004,TRI,TN,ASO,ES,Combined TRACON& Tower with Radar,11,37,20,0,68,0,3,5,0,8,11,40,25,0,76,4,0,4,80
12/25/2004,TRI,TN,ASO,ES,Combined TRACON& Tower with Radar,7,29,6,0,42,0,1,10,0,11,7,30,16,0,53,4,0,4,57
12/26/2004,TRI,TN,ASO,ES,Combined TRACON& Tower with Radar,8,28,35,0,71,0,1,50,0,51,8,29,85,0,122,50,0,50,172
12/27/2004,TRI,TN,ASO,ES,Combined TRACON& Tower with Radar,14,53,35,0,102,0,3,36,0,39,14,56,71,0,141,26,0,26,167
12/28/2004,TRI,TN,ASO,ES,Combined TRACON& Tower with Radar,12,47,23,0,82,0,0,64,0,64,12,47,87,0,146,0,0,0,146
12/29/2004,TRI,TN,ASO,ES,Combined TRACON& Tower with Radar,18,54,42,0,114,0,0,27,0,27,18,54,69,0,141,37,0,37,178
12/30/2004,TRI,TN,ASO,ES,Combined TRACON& Tower with Radar,12,55,46,0,113,0,1,49,0,50,12,56,95,0,163,64,0,64,227
12/31/2004,TRI,TN,ASO,ES,Combined TRACON& Tower with Radar,25,36,20,0,81,0,0,42,0,42,25,36,62,0,123,71,0,71,194
01/01/2005,TRI,TN,ASO,ES,Combined TRACON& Tower with Radar,8,37,11,0,56,0,0,44,0,44,8,37,55,0,100,26,0,26,126
01/02/2005,TRI,TN,ASO,ES,Combined TRACON& Tower with Radar,9,46,42,0,97,0,0,41,0,41,9,46,83,0,138,30,0,30,168
01/03/2005,TRI,TN,ASO,ES,Combined TRACON& Tower with Radar,11,63,27,4,105,0,0,42,3,45,11,63,69,7,150,36,0,36,186
01/04/2005,TRI,TN,ASO,ES,Combined TRACON& Tower with Radar,15,51,46,0,112,0,0,30,0,30,15,51,76,0,142,68,0,68,210
01/05/2005,TRI,TN,ASO,ES,Combined TRACON& Tower with Radar,13,60,41,0,114,0,0,29,0,29,13,60,70,0,143,46,0,46,189
01/06/2005,TRI,TN,ASO,ES,Combined TRACON& Tower with Radar,10,57,49,0,116,0,0,5,0,5,10,57,54,0,121,0,0,0,121
01/07/2005,TRI,TN,ASO,ES,Combined TRACON& Tower with Radar,30,40,36,0,106,0,0,16,0,16,30,40,52,0,122,36,0,36,158
01/08/2005,TRI,TN,ASO,ES,Combined TRACON& Tower with Radar,13,32,19,0,64,0,2,33,0,35,13,34,52,0,99,45,0,45,144
01/09/2005,TRI,TN,ASO,ES,Combined TRACON& Tower with Radar,8,42,30,2,82,0,0,101,0,101,8,42,131,2,183,180,0,180,363
01/10/2005,TRI,TN,ASO,ES,Combined TRACON& Tower with Radar,8,62,35,2,107,0,2,43,0,45,8,64,78,2,152,46,0,46,198
01/11/2005,TRI,TN,ASO,ES,Combined TRACON& Tower with Radar,7,62,50,3,122,0,0,15,0,15,7,62,65,3,137,82,0,82,219
01/12/2005,TRI,TN,ASO,ES,Combined TRACON& Tower with Radar,12,51,29,2,94,0,1,30,0,31,12,52,59,2,125,94,0,94,219
01/13/2005,TRI,TN,ASO,ES,Combined TRACON& Tower with Radar,9,50,33,2,94,0,3,14,0,17,9,53,47,2,111,20,0,20,131
01/14/2005,TRI,TN,ASO,ES,Combined TRACON& Tower with Radar,17,51,42,2,112,0,0,37,0,37,17,51,79,2,149,52,0,52,201
01/15/2005,TRI,TN,ASO,ES,Combined TRACON& Tower with Radar,22,27,25,7,81,0,1,77,0,78,22,28,102,7,159,94,0,94,253
01/16/2005,TRI,TN,ASO,ES,Combined TRACON& Tower with Radar,11,39,19,0,69,0,0,46,0,46,11,39,65,0,115,40,0,40,155
01/17/2005,TRI,TN,ASO,ES,Combined TRACON& Tower with Radar,12,41,20,0,73,0,4,28,0,32,12,45,48,0,105,32,0,32,137
01/18/2005,TRI,TN,ASO,ES,Combined TRACON& Tower with Radar,8,60,48,24,140,0,2,69,3,74,8,62,117,27,214,78,0,78,292
01/19/2005,TRI,TN,ASO,ES,Combined TRACON& Tower with Radar,8,57,42,0,107,0,1,14,0,15,8,58,56,0,122,38,0,38,160
01/20/2005,TRI,TN,ASO,ES,Combined TRACON& Tower with Radar,13,44,52,0,109,0,0,32,1,33,13,44,84,1,142,72,0,72,214
01/21/2005,TRI,TN,ASO,ES,Combined TRACON& Tower with Radar,18,52,39,1,110,0,4,32,3,39,18,56,71,4,149,71,0,71,220
01/22/2005,TRI,TN,ASO,ES,Combined TRACON& Tower with Radar,15,31,11,0,57,0,0,4,0,4,15,31,15,0,61,14,0,14,75
01/23/2005,TRI,TN,ASO,ES,Combined TRACON& Tower with Radar,10,38,6,0,54,0,0,8,0,8,10,38,14,0,62,0,0,0,62
01/24/2005,TRI,TN,ASO,ES,Combined TRACON& Tower with Radar,12,55,36,17,120,0,1,54,5,60,12,56,90,22,180,110,0,110,290
01/25/2005,TRI,TN,ASO,ES,Combined TRACON& Tower with Radar,41,22,43,4,110,0,3,76,0,79,41,25,119,4,189,51,0,51,240
01/26/2005,TRI,TN,ASO,ES,Combined TRACON& Tower with Radar,0,0,0,0,0,0,0,0,0,0,0,0,0,0,0,108,0,108,108
01/27/2005,TRI,TN,ASO,ES,Combined TRACON& Tower with Radar,10,55,55,0,120,0,1,74,0,75,10,56,129,0,195,80,0,80,275
01/28/2005,TRI,TN,ASO,ES,Combined TRACON& Tower with Radar,14,36,39,0,89,0,1,53,1,55,14,37,92,1,144,41,0,41,185
01/29/2005,TRI,TN,ASO,ES,Combined TRACON& Tower with Radar,6,39,13,0,58,0,0,8,0,8,6,39,21,0,66,0,0,0,66
01/30/2005,TRI,TN,ASO,ES,Combined TRACON& Tower with Radar,2,33,10,0,45,0,0,3,0,3,2,33,13,0,48,0,0,0,48
01/31/2005,TRI,TN,ASO,ES,Combined TRACON& Tower with Radar,12,44,40,3,99,0,2,50,4,56,12,46,90,7,155,48,0,48,203
02/01/2005,TRI,TN,ASO,ES,Combined TRACON& Tower with Radar,16,60,42,0,118,0,1,43,0,44,16,61,85,0,162,28,0,28,190
02/02/2005,TRI,TN,ASO,ES,Combined TRACON& Tower with Radar,16,42,42,0,100,0,2,37,0,39,16,44,79,0,139,50,0,50,189
02/03/2005,TRI,TN,ASO,ES,Combined TRACON& Tower with Radar,12,51,38,0,101,0,2,0,0,2,12,53,38,0,103,0,0,0,103
02/04/2005,TRI,TN,ASO,ES,Combined TRACON& Tower with Radar,15,46,68,1,130,0,3,64,0,67,15,49,132,1,197,130,0,130,327
02/05/2005,TRI,TN,ASO,ES,Combined TRACON& Tower with Radar,10,35,30,0,75,0,0,78,0,78,10,35,108,0,153,122,0,122,275
02/06/2005,TRI,TN,ASO,ES,Combined TRACON& Tower with Radar,12,40,24,0,76,0,0,68,0,68,12,40,92,0,144,52,0,52,196
02/07/2005,TRI,TN,ASO,ES,Combined TRACON& Tower with Radar,14,53,40,0,107,0,1,55,0,56,14,54,95,0,163,85,0,85,248
02/08/2005,TRI,TN,ASO,ES,Combined TRACON& Tower with Radar,17,59,64,0,140,0,0,37,0,37,17,59,101,0,177,102,0,102,279
02/09/2005,TRI,TN,ASO,ES,Combined TRACON& Tower with Radar,12,58,63,0,133,0,0,4,0,4,12,58,67,0,137,14,0,14,151
02/10/2005,TRI,TN,ASO,ES,Combined TRACON& Tower with Radar,9,58,72,0,139,0,3,6,0,9,9,61,78,0,148,12,0,12,160
02/11/2005,TRI,TN,ASO,ES,Combined TRACON& Tower with Radar,18,48,63,0,129,0,3,66,0,69,18,51,129,0,198,130,0,130,328
02/12/2005,TRI,TN,ASO,ES,Combined TRACON& Tower with Radar,9,36,9,1,55,0,0,82,0,82,9,36,91,1,137,112,0,112,249
02/13/2005,TRI,TN,ASO,ES,Combined TRACON& Tower with Radar,8,43,17,0,68,0,0,19,0,19,8,43,36,0,87,20,0,20,107
02/14/2005,TRI,TN,ASO,ES,Combined TRACON& Tower with Radar,8,51,61,0,120,0,4,22,0,26,8,55,83,0,146,40,0,40,186
02/15/2005,TRI,TN,ASO,ES,Combined TRACON& Tower with Radar,22,50,74,0,146,0,1,78,0,79,22,51,152,0,225,88,0,88,313
02/16/2005,TRI,TN,ASO,ES,Combined TRACON& Tower with Radar,0,0,0,0,0,0,0,0,0,0,0,0,0,0,0,56,0,56,56
02/17/2005,TRI,TN,ASO,ES,Combined TRACON& Tower with Radar,11,51,48,0,110,0,0,31,0,31,11,51,79,0,141,28,0,28,169
02/18/2005,TRI,TN,ASO,ES,Combined TRACON& Tower with Radar,20,43,56,0,119,0,8,51,0,59,20,51,107,0,178,44,0,44,222
02/19/2005,TRI,TN,ASO,ES,Combined TRACON& Tower with Radar,9,37,31,0,77,0,2,77,0,79,9,39,108,0,156,88,0,88,244
02/20/2005,TRI,TN,ASO,ES,Combined TRACON& Tower with Radar,7,26,19,0,52,0,1,24,0,25,7,27,43,0,77,26,0,26,103
02/21/2005,TRI,TN,ASO,ES,Combined TRACON& Tower with Radar,7,51,46,0,104,0,1,16,0,17,7,52,62,0,121,38,0,38,159
02/22/2005,TRI,TN,ASO,ES,Combined TRACON& Tower with Radar,19,46,64,12,141,0,5,60,0,65,19,51,124,12,206,129,0,129,335
02/23/2005,TRI,TN,ASO,ES,Combined TRACON& Tower with Radar,21,48,60,0,129,0,2,86,0,88,21,50,146,0,217,114,0,114,331
02/24/2005,TRI,TN,ASO,ES,Combined TRACON& Tower with Radar,8,56,41,0,105,0,0,1,0,1,8,56,42,0,106,0,0,0,106
02/25/2005,TRI,TN,ASO,ES,Combined TRACON& Tower with Radar,11,49,41,2,103,0,3,56,2,61,11,52,97,4,164,246,0,246,410
02/26/2005,TRI,TN,ASO,ES,Combined TRACON& Tower with Radar,16,30,29,0,75,0,3,73,0,76,16,33,102,0,151,113,0,113,264
02/27/2005,TRI,TN,ASO,ES,Combined TRACON& Tower with Radar,6,40,33,0,79,0,0,60,0,60,6,40,93,0,139,120,0,120,259
02/28/2005,TRI,TN,ASO,ES,Combined TRACON& Tower with Radar,12,57,24,0,93,0,1,0,0,1,12,58,24,0,94,0,0,0,94
03/01/2005,TRI,TN,ASO,ES,Combined TRACON& Tower with Radar,10,56,32,0,98,0,0,9,0,9,10,56,41,0,107,10,0,10,117
03/02/2005,TRI,TN,ASO,ES,Combined TRACON& Tower with Radar,16,60,61,0,137,0,0,63,0,63,16,60,124,0,200,78,0,78,278
03/03/2005,TRI,TN,ASO,ES,Combined TRACON& Tower with Radar,14,52,82,0,148,0,11,78,0,89,14,63,160,0,237,127,0,127,364
03/04/2005,TRI,TN,ASO,ES,Combined TRACON& Tower with Radar,13,57,55,0,125,0,4,60,0,64,13,61,115,0,189,72,0,72,261
03/05/2005,TRI,TN,ASO,ES,Combined TRACON& Tower with Radar,10,37,21,4,72,0,0,13,0,13,10,37,34,4,85,20,0,20,105
03/06/2005,TRI,TN,ASO,ES,Combined TRACON& Tower with Radar,10,39,24,0,73,0,0,70,0,70,10,39,94,0,143,76,0,76,219
03/07/2005,TRI,TN,ASO,ES,Combined TRACON& Tower with Radar,9,54,31,10,104,0,0,15,2,17,9,54,46,12,121,30,0,30,151
03/08/2005,TRI,TN,ASO,ES,Combined TRACON& Tower with Radar,15,53,36,2,106,0,1,5,0,6,15,54,41,2,112,0,0,0,112
03/09/2005,TRI,TN,ASO,ES,Combined TRACON& Tower with Radar,28,37,44,6,115,0,2,36,2,40,28,39,80,8,155,106,0,106,261
03/10/2005,TRI,TN,ASO,ES,Combined TRACON& Tower with Radar,13,45,54,8,120,0,2,62,0,64,13,47,116,8,184,120,0,120,304
03/11/2005,TRI,TN,ASO,ES,Combined TRACON& Tower with Radar,23,41,22,1,87,0,2,14,0,16,23,43,36,1,103,4,1,5,108
03/12/2005,TRI,TN,ASO,ES,Combined TRACON& Tower with Radar,10,36,8,0,54,0,2,6,0,8,10,38,14,0,62,6,0,6,68
03/13/2005,TRI,TN,ASO,ES,Combined TRACON& Tower with Radar,8,38,33,4,83,0,1,46,0,47,8,39,79,4,130,37,0,37,167
03/14/2005,TRI,TN,ASO,ES,Combined TRACON& Tower with Radar,11,50,65,0,126,0,0,41,0,41,11,50,106,0,167,50,0,50,217
03/15/2005,TRI,TN,ASO,ES,Combined TRACON& Tower with Radar,13,62,77,0,152,0,2,103,0,105,13,64,180,0,257,135,0,135,392
03/16/2005,TRI,TN,ASO,ES,Combined TRACON& Tower with Radar,34,43,28,0,105,0,0,1,0,1,34,43,29,0,106,0,0,0,106
03/17/2005,TRI,TN,ASO,ES,Combined TRACON& Tower with Radar,9,45,55,0,109,0,0,15,0,15,9,45,70,0,124,40,0,40,164
03/18/2005,TRI,TN,ASO,ES,Combined TRACON& Tower with Radar,14,53,60,0,127,0,0,98,0,98,14,53,158,0,225,112,0,112,337
03/19/2005,TRI,TN,ASO,ES,Combined TRACON& Tower with Radar,15,33,22,0,70,0,0,42,0,42,15,33,64,0,112,57,0,57,169
03/20/2005,TRI,TN,ASO,ES,Combined TRACON& Tower with Radar,10,49,26,0,85,0,0,38,0,38,10,49,64,0,123,4,0,4,127
03/21/2005,TRI,TN,ASO,ES,Combined TRACON& Tower with Radar,12,51,63,5,131,0,2,61,3,66,12,53,124,8,197,94,0,94,291
03/22/2005,TRI,TN,ASO,ES,Combined TRACON& Tower with Radar,13,47,67,0,127,0,1,23,0,24,13,48,90,0,151,33,0,33,184
03/23/2005,TRI,TN,ASO,ES,Combined TRACON& Tower with Radar,10,55,59,0,124,0,3,27,1,31,10,58,86,1,155,10,0,10,165
03/24/2005,TRI,TN,ASO,ES,Combined TRACON& Tower with Radar,14,54,83,1,152,0,4,60,5,69,14,58,143,6,221,146,0,146,367
03/25/2005,TRI,TN,ASO,ES,Combined TRACON& Tower with Radar,13,47,25,0,85,0,1,47,1,49,13,48,72,1,134,61,0,61,195
03/26/2005,TRI,TN,ASO,ES,Combined TRACON& Tower with Radar,10,33,24,0,67,0,0,56,0,56,10,33,80,0,123,87,0,87,210
03/27/2005,TRI,TN,ASO,ES,Combined TRACON& Tower with Radar,6,44,16,0,66,0,1,11,0,12,6,45,27,0,78,0,0,0,78
03/28/2005,TRI,TN,ASO,ES,Combined TRACON& Tower with Radar,10,45,37,0,92,0,1,11,0,12,10,46,48,0,104,36,0,36,140
03/29/2005,TRI,TN,ASO,ES,Combined TRACON& Tower with Radar,12,56,66,1,135,0,1,67,0,68,12,57,133,1,203,34,0,34,237
03/30/2005,TRI,TN,ASO,ES,Combined TRACON& Tower with Radar,27,38,50,0,115,0,2,70,2,74,27,40,120,2,189,68,0,68,257
03/31/2005,TRI,TN,ASO,ES,Combined TRACON& Tower with Radar,14,58,109,0,181,0,2,22,0,24,14,60,131,0,205,37,0,37,242
04/01/2005,TRI,TN,ASO,ES,Combined TRACON& Tower with Radar,14,70,93,2,179,0,0,20,4,24,14,70,113,6,203,8,0,8,211
04/02/2005,TRI,TN,ASO,ES,Combined TRACON& Tower with Radar,10,44,49,0,103,0,0,6,0,6,10,44,55,0,109,0,0,0,109
04/03/2005,TRI,TN,ASO,ES,Combined TRACON& Tower with Radar,11,64,184,2,261,0,0,120,6,126,11,64,304,8,387,9,0,9,396
04/04/2005,TRI,TN,ASO,ES,Combined TRACON& Tower with Radar,11,57,69,6,143,0,3,100,5,108,11,60,169,11,251,111,0,111,362
04/05/2005,TRI,TN,ASO,ES,Combined TRACON& Tower with Radar,16,45,28,4,93,0,4,111,0,115,16,49,139,4,208,138,0,138,346
04/06/2005,TRI,TN,ASO,ES,Combined TRACON& Tower with Radar,12,53,41,0,106,0,2,97,0,99,12,55,138,0,205,220,0,220,425
04/07/2005,TRI,TN,ASO,ES,Combined TRACON& Tower with Radar,11,61,39,0,111,0,2,59,0,61,11,63,98,0,172,92,0,92,264
04/08/2005,TRI,TN,ASO,ES,Combined TRACON& Tower with Radar,17,52,45,2,116,0,0,42,0,42,17,52,87,2,158,48,0,48,206
04/09/2005,TRI,TN,ASO,ES,Combined TRACON& Tower with Radar,7,40,21,3,71,0,0,87,0,87,7,40,108,3,158,97,0,97,255
04/10/2005,TRI,TN,ASO,ES,Combined TRACON& Tower with Radar,8,42,46,2,98,0,0,63,0,63,8,42,109,2,161,48,0,48,209
04/11/2005,TRI,TN,ASO,ES,Combined TRACON& Tower with Radar,11,53,44,3,111,0,2,68,0,70,11,55,112,3,181,62,0,62,243
04/12/2005,TRI,TN,ASO,ES,Combined TRACON& Tower with Radar,13,56,46,0,115,0,0,37,0,37,13,56,83,0,152,34,0,34,186
04/13/2005,TRI,TN,ASO,ES,Combined TRACON& Tower with Radar,8,58,35,1,102,0,0,14,0,14,8,58,49,1,116,0,0,0,116
04/14/2005,TRI,TN,ASO,ES,Combined TRACON& Tower with Radar,16,49,51,0,116,0,2,117,0,119,16,51,168,0,235,229,0,229,464
04/15/2005,TRI,TN,ASO,ES,Combined TRACON& Tower with Radar,17,51,49,4,121,0,2,127,0,129,17,53,176,4,250,232,0,232,482
04/16/2005,TRI,TN,ASO,ES,Combined TRACON& Tower with Radar,7,41,24,0,72,0,0,77,0,77,7,41,101,0,149,118,0,118,267
04/17/2005,TRI,TN,ASO,ES,Combined TRACON& Tower with Radar,8,43,50,0,101,0,0,82,0,82,8,43,132,0,183,106,0,106,289
04/18/2005,TRI,TN,ASO,ES,Combined TRACON& Tower with Radar,10,53,36,0,99,0,2,79,2,83,10,55,115,2,182,114,0,114,296
04/19/2005,TRI,TN,ASO,ES,Combined TRACON& Tower with Radar,12,54,40,0,106,0,0,72,0,72,12,54,112,0,178,84,0,84,262
04/20/2005,TRI,TN,ASO,ES,Combined TRACON& Tower with Radar,17,58,51,2,128,0,0,57,0,57,17,58,108,2,185,86,0,86,271
04/21/2005,TRI,TN,ASO,ES,Combined TRACON& Tower with Radar,10,64,54,0,128,0,1,34,2,37,10,65,88,2,165,28,0,28,193
04/22/2005,TRI,TN,ASO,ES,Combined TRACON& Tower with Radar,10,54,35,2,101,0,2,19,0,21,10,56,54,2,122,85,0,85,207
04/23/2005,TRI,TN,ASO,ES,Combined TRACON& Tower with Radar,6,51,19,2,78,0,5,7,0,12,6,56,26,2,90,11,0,11,101
04/24/2005,TRI,TN,ASO,ES,Combined TRACON& Tower with Radar,6,43,8,1,58,0,1,5,0,6,6,44,13,1,64,2,0,2,66
04/25/2005,TRI,TN,ASO,ES,Combined TRACON& Tower with Radar,13,49,48,20,130,0,0,47,0,47,13,49,95,20,177,63,12,75,252
04/26/2005,TRI,TN,ASO,ES,Combined TRACON& Tower with Radar,18,52,36,1,107,0,2,28,0,30,18,54,64,1,137,20,0,20,157
04/27/2005,TRI,TN,ASO,ES,Combined TRACON& Tower with Radar,21,52,49,0,122,0,1,13,0,14,21,53,62,0,136,22,0,22,158
04/28/2005,TRI,TN,ASO,ES,Combined TRACON& Tower with Radar,12,55,63,0,130,0,0,43,0,43,12,55,106,0,173,70,0,70,243
04/29/2005,TRI,TN,ASO,ES,Combined TRACON& Tower with Radar,17,54,50,2,123,0,0,22,0,22,17,54,72,2,145,64,0,64,209
04/30/2005,TRI,TN,ASO,ES,Combined TRACON& Tower with Radar,6,44,20,0,70,0,0,22,0,22,6,44,42,0,92,34,0,34,126
05/01/2005,TRI,TN,ASO,ES,Combined TRACON& Tower with Radar,5,45,36,2,88,0,0,87,3,90,5,45,123,5,178,102,0,102,280
05/02/2005,TRI,TN,ASO,ES,Combined TRACON& Tower with Radar,26,41,32,0,99,0,0,60,0,60,26,41,92,0,159,36,0,36,195
05/03/2005,TRI,TN,ASO,ES,Combined TRACON& Tower with Radar,12,66,46,0,124,0,3,40,0,43,12,69,86,0,167,28,0,28,195
05/04/2005,TRI,TN,ASO,ES,Combined TRACON& Tower with Radar,27,46,58,0,131,0,2,74,1,77,27,48,132,1,208,124,0,124,332
05/05/2005,TRI,TN,ASO,ES,Combined TRACON& Tower with Radar,25,48,24,0,97,0,0,30,0,30,25,48,54,0,127,54,0,54,181
05/06/2005,TRI,TN,ASO,ES,Combined TRACON& Tower with Radar,16,60,50,0,126,0,1,56,0,57,16,61,106,0,183,67,0,67,250
05/07/2005,TRI,TN,ASO,ES,Combined TRACON& Tower with Radar,8,42,25,0,75,0,2,71,0,73,8,44,96,0,148,49,0,49,197
05/08/2005,TRI,TN,ASO,ES,Combined TRACON& Tower with Radar,11,38,20,0,69,0,0,44,0,44,11,38,64,0,113,65,0,65,178
05/09/2005,TRI,TN,ASO,ES,Combined TRACON& Tower with Radar,18,45,34,0,97,0,1,67,2,70,18,46,101,2,167,98,0,98,265
05/10/2005,TRI,TN,ASO,ES,Combined TRACON& Tower with Radar,35,33,47,2,117,0,0,21,0,21,35,33,68,2,138,58,0,58,196
05/11/2005,TRI,TN,ASO,ES,Combined TRACON& Tower with Radar,26,46,60,0,132,0,2,27,0,29,26,48,87,0,161,25,0,25,186
05/12/2005,TRI,TN,ASO,ES,Combined TRACON& Tower with Radar,15,53,54,7,129,0,1,36,2,39,15,54,90,9,168,89,0,89,257
05/13/2005,TRI,TN,ASO,ES,Combined TRACON& Tower with Radar,13,59,49,0,121,0,5,53,0,58,13,64,102,0,179,119,0,119,298
05/14/2005,TRI,TN,ASO,ES,Combined TRACON& Tower with Radar,10,46,30,0,86,0,6,24,0,30,10,52,54,0,116,35,0,35,151
05/15/2005,TRI,TN,ASO,ES,Combined TRACON& Tower with Radar,8,45,39,0,92,0,0,39,0,39,8,45,78,0,131,71,0,71,202
05/16/2005,TRI,TN,ASO,ES,Combined TRACON& Tower with Radar,23,38,39,10,110,0,1,63,4,68,23,39,102,14,178,110,46,156,334
05/17/2005,TRI,TN,ASO,ES,Combined TRACON& Tower with Radar,22,52,54,0,128,0,2,79,0,81,22,54,133,0,209,187,0,187,396
05/18/2005,TRI,TN,ASO,ES,Combined TRACON& Tower with Radar,9,57,61,0,127,0,3,51,0,54,9,60,112,0,181,92,0,92,273
05/19/2005,TRI,TN,ASO,ES,Combined TRACON& Tower with Radar,16,54,41,0,111,0,0,43,0,43,16,54,84,0,154,64,0,64,218
05/20/2005,TRI,TN,ASO,ES,Combined TRACON& Tower with Radar,9,63,33,0,105,0,3,36,0,39,9,66,69,0,144,80,0,80,224
05/21/2005,TRI,TN,ASO,ES,Combined TRACON& Tower with Radar,7,41,40,3,91,0,4,59,0,63,7,45,99,3,154,122,0,122,276
05/22/2005,TRI,TN,ASO,ES,Combined TRACON& Tower with Radar,11,45,40,1,97,0,0,59,1,60,11,45,99,2,157,126,0,126,283
05/23/2005,TRI,TN,ASO,ES,Combined TRACON& Tower with Radar,12,49,50,2,113,0,2,37,0,39,12,51,87,2,152,42,0,42,194
05/24/2005,TRI,TN,ASO,ES,Combined TRACON& Tower with Radar,14,85,70,0,169,0,0,37,0,37,14,85,107,0,206,78,0,78,284
05/25/2005,TRI,TN,ASO,ES,Combined TRACON& Tower with Radar,28,44,53,0,125,0,0,37,0,37,28,44,90,0,162,99,0,99,261
05/26/2005,TRI,TN,ASO,ES,Combined TRACON& Tower with Radar,14,60,62,0,136,0,1,91,2,94,14,61,153,2,230,73,0,73,303
05/27/2005,TRI,TN,ASO,ES,Combined TRACON& Tower with Radar,20,52,59,2,133,0,2,76,0,78,20,54,135,2,211,110,0,110,321
05/28/2005,TRI,TN,ASO,ES,Combined TRACON& Tower with Radar,9,38,28,0,75,0,1,33,0,34,9,39,61,0,109,30,0,30,139
05/29/2005,TRI,TN,ASO,ES,Combined TRACON& Tower with Radar,6,41,19,0,66,0,0,60,0,60,6,41,79,0,126,95,0,95,221
05/30/2005,TRI,TN,ASO,ES,Combined TRACON& Tower with Radar,6,44,34,0,84,0,0,38,0,38,6,44,72,0,122,46,0,46,168
05/31/2005,TRI,TN,ASO,ES,Combined TRACON& Tower with Radar,9,61,38,0,108,0,0,71,0,71,9,61,109,0,179,102,0,102,281
06/01/2005,TRI,TN,ASO,ES,Combined TRACON& Tower with Radar,16,71,61,0,148,0,2,13,0,15,16,73,74,0,163,59,0,59,222
06/02/2005,TRI,TN,ASO,ES,Combined TRACON& Tower with Radar,14,52,57,0,123,0,0,35,0,35,14,52,92,0,158,129,0,129,287
06/03/2005,TRI,TN,ASO,ES,Combined TRACON& Tower with Radar,9,57,48,0,114,0,0,29,0,29,9,57,77,0,143,33,0,33,176
06/04/2005,TRI,TN,ASO,ES,Combined TRACON& Tower with Radar,11,45,50,0,106,0,0,46,0,46,11,45,96,0,152,60,0,60,212
06/05/2005,TRI,TN,ASO,ES,Combined TRACON& Tower with Radar,6,45,44,0,95,0,0,39,0,39,6,45,83,0,134,71,0,71,205
06/06/2005,TRI,TN,ASO,ES,Combined TRACON& Tower with Radar,24,47,39,1,111,0,0,58,3,61,24,47,97,4,172,88,18,106,278
06/07/2005,TRI,TN,ASO,ES,Combined TRACON& Tower with Radar,22,35,44,1,102,0,0,36,0,36,22,35,80,1,138,47,0,47,185
06/08/2005,TRI,TN,ASO,ES,Combined TRACON& Tower with Radar,12,56,60,0,128,0,0,48,0,48,12,56,108,0,176,48,0,48,224
06/09/2005,TRI,TN,ASO,ES,Combined TRACON& Tower with Radar,12,50,49,0,111,0,1,47,0,48,12,51,96,0,159,70,0,70,229
06/10/2005,TRI,TN,ASO,ES,Combined TRACON& Tower with Radar,15,48,31,0,94,0,0,43,1,44,15,48,74,1,138,38,0,38,176
06/11/2005,TRI,TN,ASO,ES,Combined TRACON& Tower with Radar,11,34,32,0,77,0,1,54,0,55,11,35,86,0,132,71,0,71,203
06/12/2005,TRI,TN,ASO,ES,Combined TRACON& Tower with Radar,7,38,41,0,86,0,0,39,0,39,7,38,80,0,125,68,0,68,193
06/13/2005,TRI,TN,ASO,ES,Combined TRACON& Tower with Radar,7,53,40,0,100,0,0,20,0,20,7,53,60,0,120,36,0,36,156
06/14/2005,TRI,TN,ASO,ES,Combined TRACON& Tower with Radar,13,56,62,1,132,2,3,47,0,52,15,59,109,1,184,56,0,56,240
06/15/2005,TRI,TN,ASO,ES,Combined TRACON& Tower with Radar,0,0,0,0,0,0,0,0,0,0,0,0,0,0,0,660,0,660,660
06/16/2005,TRI,TN,ASO,ES,Combined TRACON& Tower with Radar,17,51,52,0,120,0,0,62,0,62,17,51,114,0,182,66,0,66,248
06/17/2005,TRI,TN,ASO,ES,Combined TRACON& Tower with Radar,21,47,71,1,140,0,0,86,0,86,21,47,157,1,226,166,0,166,392
06/18/2005,TRI,TN,ASO,ES,Combined TRACON& Tower with Radar,10,38,27,0,75,0,0,74,0,74,10,38,101,0,149,76,0,76,225
06/19/2005,TRI,TN,ASO,ES,Combined TRACON& Tower with Radar,8,42,37,0,87,0,0,48,0,48,8,42,85,0,135,48,0,48,183
06/20/2005,TRI,TN,ASO,ES,Combined TRACON& Tower with Radar,20,43,58,2,123,0,0,30,0,30,20,43,88,2,153,17,0,17,170
06/21/2005,TRI,TN,ASO,ES,Combined TRACON& Tower with Radar,14,46,55,2,117,0,0,46,0,46,14,46,101,2,163,76,0,76,239
06/22/2005,TRI,TN,ASO,ES,Combined TRACON& Tower with Radar,13,47,59,0,119,0,3,47,0,50,13,50,106,0,169,84,0,84,253
06/23/2005,TRI,TN,ASO,ES,Combined TRACON& Tower with Radar,14,44,62,0,120,0,0,98,0,98,14,44,160,0,218,91,0,91,309
06/24/2005,TRI,TN,ASO,ES,Combined TRACON& Tower with Radar,0,0,0,0,0,0,0,0,0,0,0,0,0,0,0,134,0,134,134
06/25/2005,TRI,TN,ASO,ES,Combined TRACON& Tower with Radar,12,39,87,0,138,0,0,0,0,0,12,39,87,0,138,92,0,92,230
06/26/2005,TRI,TN,ASO,ES,Combined TRACON& Tower with Radar,30,18,49,2,99,0,0,49,0,49,30,18,98,2,148,96,0,96,244
06/27/2005,TRI,TN,ASO,ES,Combined TRACON& Tower with Radar,31,34,39,0,104,0,0,36,0,36,31,34,75,0,140,36,0,36,176
06/28/2005,TRI,TN,ASO,ES,Combined TRACON& Tower with Radar,10,58,50,2,120,0,2,46,0,48,10,60,96,2,168,48,0,48,216
06/29/2005,TRI,TN,ASO,ES,Combined TRACON& Tower with Radar,0,0,0,0,0,0,0,0,0,0,0,0,0,0,0,64,0,64,64
06/30/2005,TRI,TN,ASO,ES,Combined TRACON& Tower with Radar,14,55,57,0,126,0,0,42,0,42,14,55,99,0,168,59,0,59,227
07/01/2005,TRI,TN,ASO,ES,Combined TRACON& Tower with Radar,9,52,43,0,104,0,0,37,0,37,9,52,80,0,141,46,0,46,187
07/02/2005,TRI,TN,ASO,ES,Combined TRACON& Tower with Radar,10,35,39,1,85,0,0,18,0,18,10,35,57,1,103,20,0,20,123
07/03/2005,TRI,TN,ASO,ES,Combined TRACON& Tower with Radar,14,34,20,3,71,0,0,36,0,36,14,34,56,3,107,80,0,80,187
07/04/2005,TRI,TN,ASO,ES,Combined TRACON& Tower with Radar,12,33,17,0,62,0,0,30,0,30,12,33,47,0,92,25,0,25,117
07/05/2005,TRI,TN,ASO,ES,Combined TRACON& Tower with Radar,12,54,47,0,113,0,4,32,0,36,12,58,79,0,149,23,0,23,172
07/06/2005,TRI,TN,ASO,ES,Combined TRACON& Tower with Radar,26,38,51,0,115,0,3,29,0,32,26,41,80,0,147,42,0,42,189
07/07/2005,TRI,TN,ASO,ES,Combined TRACON& Tower with Radar,13,50,39,0,102,0,0,0,0,0,13,50,39,0,102,0,0,0,102
07/08/2005,TRI,TN,ASO,ES,Combined TRACON& Tower with Radar,0,0,0,0,0,0,0,0,0,0,0,0,0,0,0,54,0,54,54
07/09/2005,TRI,TN,ASO,ES,Combined TRACON& Tower with Radar,12,34,35,0,81,0,0,52,0,52,12,34,87,0,133,58,0,58,191
07/10/2005,TRI,TN,ASO,ES,Combined TRACON& Tower with Radar,30,24,21,0,75,0,0,42,0,42,30,24,63,0,117,38,0,38,155
07/11/2005,TRI,TN,ASO,ES,Combined TRACON& Tower with Radar,10,52,43,0,105,0,0,11,0,11,10,52,54,0,116,18,0,18,134
07/12/2005,TRI,TN,ASO,ES,Combined TRACON& Tower with Radar,11,57,38,0,106,0,2,33,0,35,11,59,71,0,141,34,0,34,175
07/13/2005,TRI,TN,ASO,ES,Combined TRACON& Tower with Radar,19,42,46,0,107,0,1,15,0,16,19,43,61,0,123,2,0,2,125
07/14/2005,TRI,TN,ASO,ES,Combined TRACON& Tower with Radar,0,0,0,0,0,0,0,0,0,0,0,0,0,0,0,65,0,65,65
07/15/2005,TRI,TN,ASO,ES,Combined TRACON& Tower with Radar,13,45,53,0,111,0,1,29,0,30,13,46,82,0,141,51,0,51,192
07/16/2005,TRI,TN,ASO,ES,Combined TRACON& Tower with Radar,11,32,38,0,81,0,0,16,0,16,11,32,54,0,97,60,0,60,157
07/17/2005,TRI,TN,ASO,ES,Combined TRACON& Tower with Radar,7,41,38,0,86,0,0,34,0,34,7,41,72,0,120,800,0,800,920
07/18/2005,TRI,TN,ASO,ES,Combined TRACON& Tower with Radar,15,48,48,0,111,0,1,7,0,8,15,49,55,0,119,6,0,6,125
07/19/2005,TRI,TN,ASO,ES,Combined TRACON& Tower with Radar,12,51,58,0,121,0,1,21,0,22,12,52,79,0,143,44,0,44,187
07/20/2005,TRI,TN,ASO,ES,Combined TRACON& Tower with Radar,6,62,58,2,128,0,0,42,2,44,6,62,100,4,172,67,0,67,239
07/21/2005,TRI,TN,ASO,ES,Combined TRACON& Tower with Radar,9,63,106,1,179,0,0,0,0,0,9,63,106,1,179,71,0,71,250
07/22/2005,TRI,TN,ASO,ES,Combined TRACON& Tower with Radar,12,53,46,0,111,0,0,37,0,37,12,53,83,0,148,61,0,61,209
07/23/2005,TRI,TN,ASO,ES,Combined TRACON& Tower with Radar,9,30,27,0,66,0,0,63,0,63,9,30,90,0,129,90,0,90,219
07/24/2005,TRI,TN,ASO,ES,Combined TRACON& Tower with Radar,10,33,41,0,84,0,0,79,0,79,10,33,120,0,163,94,0,94,257
07/25/2005,TRI,TN,ASO,ES,Combined TRACON& Tower with Radar,15,52,51,0,118,0,0,49,0,49,15,52,100,0,167,42,0,42,209
07/26/2005,TRI,TN,ASO,ES,Combined TRACON& Tower with Radar,7,64,51,0,122,0,2,32,0,34,7,66,83,0,156,59,0,59,215
07/27/2005,TRI,TN,ASO,ES,Combined TRACON& Tower with Radar,15,53,46,5,119,0,0,24,0,24,15,53,70,5,143,74,0,74,217
07/28/2005,TRI,TN,ASO,ES,Combined TRACON& Tower with Radar,0,0,0,0,0,0,0,0,0,0,0,0,0,0,0,6,0,6,6
07/29/2005,TRI,TN,ASO,ES,Combined TRACON& Tower with Radar,7,47,71,1,126,0,3,30,1,34,7,50,101,2,160,86,4,90,250
07/30/2005,TRI,TN,ASO,ES,Combined TRACON& Tower with Radar,9,33,25,0,67,0,0,44,0,44,9,33,69,0,111,72,0,72,183
07/31/2005,TRI,TN,ASO,ES,Combined TRACON& Tower with Radar,2,41,46,3,92,0,0,31,1,32,2,41,77,4,124,54,0,54,178
08/01/2005,TRI,TN,ASO,ES,Combined TRACON& Tower with Radar,6,48,45,0,99,0,0,29,2,31,6,48,74,2,130,36,0,36,166
08/02/2005,TRI,TN,ASO,ES,Combined TRACON& Tower with Radar,11,41,55,0,107,0,4,67,0,71,11,45,122,0,178,40,0,40,218
08/03/2005,TRI,TN,ASO,ES,Combined TRACON& Tower with Radar,12,50,56,7,125,0,1,53,0,54,12,51,109,7,179,80,6,86,265
08/04/2005,TRI,TN,ASO,ES,Combined TRACON& Tower with Radar,12,57,52,2,123,0,0,51,1,52,12,57,103,3,175,88,0,88,263
08/05/2005,TRI,TN,ASO,ES,Combined TRACON& Tower with Radar,12,72,61,2,147,0,2,42,0,44,12,74,103,2,191,62,0,62,253
08/06/2005,TRI,TN,ASO,ES,Combined TRACON& Tower with Radar,8,34,20,0,62,0,0,25,0,25,8,34,45,0,87,90,0,90,177
08/07/2005,TRI,TN,ASO,ES,Combined TRACON& Tower with Radar,4,47,19,0,70,0,0,37,0,37,4,47,56,0,107,69,0,69,176
08/08/2005,TRI,TN,ASO,ES,Combined TRACON& Tower with Radar,9,53,54,0,116,0,0,15,0,15,9,53,69,0,131,34,0,34,165
08/09/2005,TRI,TN,ASO,ES,Combined TRACON& Tower with Radar,18,43,51,0,112,0,2,54,0,56,18,45,105,0,168,64,0,64,232
08/10/2005,TRI,TN,ASO,ES,Combined TRACON& Tower with Radar,31,35,35,1,102,0,1,81,0,82,31,36,116,1,184,104,0,104,288
08/11/2005,TRI,TN,ASO,ES,Combined TRACON& Tower with Radar,18,46,65,8,137,0,2,53,2,57,18,48,118,10,194,62,0,62,256
08/12/2005,TRI,TN,ASO,ES,Combined TRACON& Tower with Radar,12,48,49,11,120,0,0,33,1,34,12,48,82,12,154,108,0,108,262
08/13/2005,TRI,TN,ASO,ES,Combined TRACON& Tower with Radar,7,44,50,4,105,0,0,38,0,38,7,44,88,4,143,88,4,92,235
08/14/2005,TRI,TN,ASO,ES,Combined TRACON& Tower with Radar,11,39,33,0,83,0,0,34,0,34,11,39,67,0,117,124,0,124,241
08/15/2005,TRI,TN,ASO,ES,Combined TRACON& Tower with Radar,12,51,40,8,111,0,0,21,0,21,12,51,61,8,132,56,0,56,188
08/16/2005,TRI,TN,ASO,ES,Combined TRACON& Tower with Radar,16,45,58,0,119,0,0,38,0,38,16,45,96,0,157,54,0,54,211
08/17/2005,TRI,TN,ASO,ES,Combined TRACON& Tower with Radar,10,58,80,2,150,0,3,54,2,59,10,61,134,4,209,98,0,98,307
08/18/2005,TRI,TN,ASO,ES,Combined TRACON& Tower with Radar,6,50,48,0,104,0,2,14,2,18,6,52,62,2,122,54,0,54,176
08/19/2005,TRI,TN,ASO,ES,Combined TRACON& Tower with Radar,10,42,77,1,130,0,3,64,0,67,10,45,141,1,197,24,0,24,221
08/20/2005,TRI,TN,ASO,ES,Combined TRACON& Tower with Radar,11,31,29,0,71,0,0,73,0,73,11,31,102,0,144,120,0,120,264
08/21/2005,TRI,TN,ASO,ES,Combined TRACON& Tower with Radar,10,42,26,0,78,0,0,44,0,44,10,42,70,0,122,93,0,93,215
08/22/2005,TRI,TN,ASO,ES,Combined TRACON& Tower with Radar,9,48,52,0,109,0,0,42,2,44,9,48,94,2,153,43,0,43,196
08/23/2005,TRI,TN,ASO,ES,Combined TRACON& Tower with Radar,12,54,98,1,165,0,0,0,0,0,12,54,98,1,165,58,0,58,223
08/24/2005,TRI,TN,ASO,ES,Combined TRACON& Tower with Radar,18,51,74,0,143,0,1,91,0,92,18,52,165,0,235,159,0,159,394
08/25/2005,TRI,TN,ASO,ES,Combined TRACON& Tower with Radar,26,49,130,0,205,0,0,52,0,52,26,49,182,0,257,60,0,60,317
08/26/2005,TRI,TN,ASO,ES,Combined TRACON& Tower with Radar,9,77,151,1,238,0,9,78,4,91,9,86,229,5,329,143,0,143,472
08/27/2005,TRI,TN,ASO,ES,Combined TRACON& Tower with Radar,10,57,197,3,267,0,0,210,5,215,10,57,407,8,482,135,0,135,617
08/28/2005,TRI,TN,ASO,ES,Combined TRACON& Tower with Radar,18,74,286,1,379,0,0,248,0,248,18,74,534,1,627,42,10,52,679
08/29/2005,TRI,TN,ASO,ES,Combined TRACON& Tower with Radar,17,40,37,0,94,0,0,44,0,44,17,40,81,0,138,92,0,92,230
08/30/2005,TRI,TN,ASO,ES,Combined TRACON& Tower with Radar,17,50,25,4,96,0,2,3,0,5,17,52,28,4,101,9,0,9,110
08/31/2005,TRI,TN,ASO,ES,Combined TRACON& Tower with Radar,10,54,46,0,110,0,8,31,0,39,10,62,77,0,149,48,0,48,197
09/01/2005,TRI,TN,ASO,ES,Combined TRACON& Tower with Radar,25,47,42,4,118,0,2,60,2,64,25,49,102,6,182,82,0,82,264
09/02/2005,TRI,TN,ASO,ES,Combined TRACON& Tower with Radar,10,51,44,0,105,0,5,66,2,73,10,56,110,2,178,98,0,98,276
09/03/2005,TRI,TN,ASO,ES,Combined TRACON& Tower with Radar,5,36,17,0,58,0,0,72,0,72,5,36,89,0,130,106,0,106,236
09/04/2005,TRI,TN,ASO,ES,Combined TRACON& Tower with Radar,16,30,21,0,67,0,0,64,0,64,16,30,85,0,131,79,0,79,210
09/05/2005,TRI,TN,ASO,ES,Combined TRACON& Tower with Radar,10,42,28,2,82,0,0,33,4,37,10,42,61,6,119,23,2,25,144
09/06/2005,TRI,TN,ASO,ES,Combined TRACON& Tower with Radar,14,45,36,0,95,0,1,49,0,50,14,46,85,0,145,40,0,40,185
09/07/2005,TRI,TN,ASO,ES,Combined TRACON& Tower with Radar,19,51,39,0,109,0,2,46,0,48,19,53,85,0,157,108,0,108,265
09/08/2005,TRI,TN,ASO,ES,Combined TRACON& Tower with Radar,20,55,44,0,119,0,4,58,0,62,20,59,102,0,181,106,0,106,287
09/09/2005,TRI,TN,ASO,ES,Combined TRACON& Tower with Radar,20,42,42,16,120,0,0,53,0,53,20,42,95,16,173,103,0,103,276
09/10/2005,TRI,TN,ASO,ES,Combined TRACON& Tower with Radar,7,39,27,2,75,0,1,85,0,86,7,40,112,2,161,147,0,147,308
09/11/2005,TRI,TN,ASO,ES,Combined TRACON& Tower with Radar,12,38,43,0,93,0,0,57,1,58,12,38,100,1,151,118,0,118,269
09/12/2005,TRI,TN,ASO,ES,Combined TRACON& Tower with Radar,11,51,35,0,97,0,2,47,1,50,11,53,82,1,147,68,0,68,215
09/13/2005,TRI,TN,ASO,ES,Combined TRACON& Tower with Radar,12,56,43,0,111,0,2,51,3,56,12,58,94,3,167,53,0,53,220
09/14/2005,TRI,TN,ASO,ES,Combined TRACON& Tower with Radar,11,47,42,8,108,0,3,70,4,77,11,50,112,12,185,88,0,88,273
09/15/2005,TRI,TN,ASO,ES,Combined TRACON& Tower with Radar,8,50,40,0,98,0,2,38,0,40,8,52,78,0,138,78,0,78,216
09/16/2005,TRI,TN,ASO,ES,Combined TRACON& Tower with Radar,16,47,40,0,103,0,2,18,0,20,16,49,58,0,123,40,0,40,163
09/17/2005,TRI,TN,ASO,ES,Combined TRACON& Tower with Radar,10,42,32,0,84,0,2,31,2,35,10,44,63,2,119,21,0,21,140
09/18/2005,TRI,TN,ASO,ES,Combined TRACON& Tower with Radar,17,25,25,0,67,0,0,73,0,73,17,25,98,0,140,126,0,126,266
09/19/2005,TRI,TN,ASO,ES,Combined TRACON& Tower with Radar,37,28,30,0,95,0,1,64,0,65,37,29,94,0,160,88,0,88,248
09/20/2005,TRI,TN,ASO,ES,Combined TRACON& Tower with Radar,23,41,41,2,107,0,0,36,0,36,23,41,77,2,143,56,0,56,199
09/21/2005,TRI,TN,ASO,ES,Combined TRACON& Tower with Radar,36,27,70,0,133,0,2,61,0,63,36,29,131,0,196,900,0,900,1096
09/22/2005,TRI,TN,ASO,ES,Combined TRACON& Tower with Radar,13,47,55,4,119,0,2,35,0,37,13,49,90,4,156,64,0,64,220
09/23/2005,TRI,TN,ASO,ES,Combined TRACON& Tower with Radar,16,42,41,0,99,0,1,48,2,51,16,43,89,2,150,50,0,50,200
09/24/2005,TRI,TN,ASO,ES,Combined TRACON& Tower with Radar,6,38,20,0,64,0,2,66,0,68,6,40,86,0,132,133,0,133,265
09/25/2005,TRI,TN,ASO,ES,Combined TRACON& Tower with Radar,10,41,28,5,84,0,0,26,3,29,10,41,54,8,113,54,0,54,167
09/26/2005,TRI,TN,ASO,ES,Combined TRACON& Tower with Radar,6,56,35,3,100,0,0,18,0,18,6,56,53,3,118,86,0,86,204
09/27/2005,TRI,TN,ASO,ES,Combined TRACON& Tower with Radar,33,42,38,4,117,0,2,49,4,55,33,44,87,8,172,62,10,72,244
09/28/2005,TRI,TN,ASO,ES,Combined TRACON& Tower with Radar,18,54,38,1,111,0,4,40,0,44,18,58,78,1,155,800,0,800,955
09/29/2005,TRI,TN,ASO,ES,Combined TRACON& Tower with Radar,31,48,64,0,143,0,8,14,0,22,31,56,78,0,165,37,0,37,202
09/30/2005,TRI,TN,ASO,ES,Combined TRACON& Tower with Radar,14,53,38,0,105,0,1,81,1,83,14,54,119,1,188,127,0,127,315
10/01/2005,TRI,TN,ASO,ES,Combined TRACON& Tower with Radar,10,41,21,0,72,0,0,39,1,40,10,41,60,1,112,61,0,61,173
10/02/2005,TRI,TN,ASO,ES,Combined TRACON& Tower with Radar,19,33,29,0,81,0,0,63,0,63,19,33,92,0,144,92,0,92,236
10/03/2005,TRI,TN,ASO,ES,Combined TRACON& Tower with Radar,24,35,33,0,92,0,0,62,0,62,24,35,95,0,154,130,0,130,284
10/04/2005,TRI,TN,ASO,ES,Combined TRACON& Tower with Radar,13,47,73,2,135,0,2,79,2,83,13,49,152,4,218,134,0,134,352
10/05/2005,TRI,TN,ASO,ES,Combined TRACON& Tower with Radar,24,35,64,1,124,0,2,63,0,65,24,37,127,1,189,64,0,64,253
10/06/2005,TRI,TN,ASO,ES,Combined TRACON& Tower with Radar,8,51,57,1,117,0,0,10,0,10,8,51,67,1,127,42,0,42,169
10/07/2005,TRI,TN,ASO,ES,Combined TRACON& Tower with Radar,16,42,58,8,124,0,0,11,0,11,16,42,69,8,135,100,0,100,235
10/08/2005,TRI,TN,ASO,ES,Combined TRACON& Tower with Radar,14,43,19,0,76,0,0,19,0,19,14,43,38,0,95,72,0,72,167
10/09/2005,TRI,TN,ASO,ES,Combined TRACON& Tower with Radar,10,34,57,2,103,0,1,39,0,40,10,35,96,2,143,98,0,98,241
10/10/2005,TRI,TN,ASO,ES,Combined TRACON& Tower with Radar,15,45,31,0,91,0,0,44,0,44,15,45,75,0,135,216,0,216,351
10/11/2005,TRI,TN,ASO,ES,Combined TRACON& Tower with Radar,18,48,50,0,116,0,3,26,0,29,18,51,76,0,145,29,0,29,174
10/12/2005,TRI,TN,ASO,ES,Combined TRACON& Tower with Radar,0,0,0,0,0,0,0,0,0,0,0,0,0,0,0,172,0,172,172
10/13/2005,TRI,TN,ASO,ES,Combined TRACON& Tower with Radar,24,43,45,0,112,0,0,45,0,45,24,43,90,0,157,204,0,204,361
10/14/2005,TRI,TN,ASO,ES,Combined TRACON& Tower with Radar,18,43,78,0,139,0,2,43,0,45,18,45,121,0,184,102,0,102,286
10/15/2005,TRI,TN,ASO,ES,Combined TRACON& Tower with Radar,11,36,34,0,81,0,0,41,0,41,11,36,75,0,122,102,0,102,224
10/16/2005,TRI,TN,ASO,ES,Combined TRACON& Tower with Radar,12,45,38,1,96,0,0,54,0,54,12,45,92,1,150,43,0,43,193
10/17/2005,TRI,TN,ASO,ES,Combined TRACON& Tower with Radar,11,53,45,0,109,0,3,67,2,72,11,56,112,2,181,119,0,119,300
10/18/2005,TRI,TN,ASO,ES,Combined TRACON& Tower with Radar,18,53,62,0,133,0,2,70,0,72,18,55,132,0,205,52,0,52,257
10/19/2005,TRI,TN,ASO,ES,Combined TRACON& Tower with Radar,21,43,56,0,120,0,2,51,0,53,21,45,107,0,173,32,0,32,205
10/20/2005,TRI,TN,ASO,ES,Combined TRACON& Tower with Radar,12,55,63,0,130,0,2,62,3,67,12,57,125,3,197,79,0,79,276
10/21/2005,TRI,TN,ASO,ES,Combined TRACON& Tower with Radar,10,48,63,0,121,0,0,48,0,48,10,48,111,0,169,127,0,127,296
10/22/2005,TRI,TN,ASO,ES,Combined TRACON& Tower with Radar,6,41,34,0,81,0,0,11,0,11,6,41,45,0,92,31,0,31,123
10/23/2005,TRI,TN,ASO,ES,Combined TRACON& Tower with Radar,14,33,45,0,92,0,0,55,0,55,14,33,100,0,147,98,0,98,245
10/24/2005,TRI,TN,ASO,ES,Combined TRACON& Tower with Radar,21,42,28,5,96,0,0,14,0,14,21,42,42,5,110,36,0,36,146
10/25/2005,TRI,TN,ASO,ES,Combined TRACON& Tower with Radar,13,49,37,0,99,0,0,4,0,4,13,49,41,0,103,19,0,19,122
10/26/2005,TRI,TN,ASO,ES,Combined TRACON& Tower with Radar,0,0,0,0,0,0,0,0,0,0,0,0,0,0,0,82,8,90,90
10/27/2005,TRI,TN,ASO,ES,Combined TRACON& Tower with Radar,15,45,54,2,116,0,1,47,2,50,15,46,101,4,166,67,0,67,233
10/28/2005,TRI,TN,ASO,ES,Combined TRACON& Tower with Radar,20,42,40,0,102,0,0,66,0,66,20,42,106,0,168,125,0,125,293
10/29/2005,TRI,TN,ASO,ES,Combined TRACON& Tower with Radar,5,36,20,0,61,0,0,72,0,72,5,36,92,0,133,28,0,28,161
10/30/2005,TRI,TN,ASO,ES,Combined TRACON& Tower with Radar,15,29,19,2,65,0,1,59,0,60,15,30,78,2,125,34,0,34,159
10/31/2005,TRI,TN,ASO,ES,Combined TRACON& Tower with Radar,24,36,22,4,86,0,0,55,0,55,24,36,77,4,141,114,0,114,255
11/01/2005,TRI,TN,ASO,ES,Combined TRACON& Tower with Radar,27,34,46,0,107,0,0,48,0,48,27,34,94,0,155,87,0,87,242
11/02/2005,TRI,TN,ASO,ES,Combined TRACON& Tower with Radar,21,36,41,0,98,0,0,56,1,57,21,36,97,1,155,62,0,62,217
11/03/2005,TRI,TN,ASO,ES,Combined TRACON& Tower with Radar,12,50,54,2,118,0,2,58,1,61,12,52,112,3,179,66,0,66,245
11/04/2005,TRI,TN,ASO,ES,Combined TRACON& Tower with Radar,13,51,36,0,100,0,0,44,0,44,13,51,80,0,144,68,0,68,212
11/05/2005,TRI,TN,ASO,ES,Combined TRACON& Tower with Radar,11,32,26,0,69,0,0,80,0,80,11,32,106,0,149,144,0,144,293
11/06/2005,TRI,TN,ASO,ES,Combined TRACON& Tower with Radar,4,38,22,0,64,0,0,22,0,22,4,38,44,0,86,36,0,36,122
11/07/2005,TRI,TN,ASO,ES,Combined TRACON& Tower with Radar,20,44,25,2,91,0,0,52,0,52,20,44,77,2,143,88,0,88,231
11/08/2005,TRI,TN,ASO,ES,Combined TRACON& Tower with Radar,16,46,52,0,114,0,2,64,0,66,16,48,116,0,180,57,0,57,237
11/09/2005,TRI,TN,ASO,ES,Combined TRACON& Tower with Radar,10,49,39,0,98,0,0,23,0,23,10,49,62,0,121,8,0,8,129
11/10/2005,TRI,TN,ASO,ES,Combined TRACON& Tower with Radar,13,46,35,0,94,0,2,28,5,35,13,48,63,5,129,8,0,8,137
11/11/2005,TRI,TN,ASO,ES,Combined TRACON& Tower with Radar,8,49,43,2,102,0,1,73,1,75,8,50,116,3,177,188,0,188,365
11/12/2005,TRI,TN,ASO,ES,Combined TRACON& Tower with Radar,6,33,21,0,60,0,0,101,0,101,6,33,122,0,161,66,0,66,227
11/13/2005,TRI,TN,ASO,ES,Combined TRACON& Tower with Radar,5,40,19,0,64,0,0,61,0,61,5,40,80,0,125,68,0,68,193
11/14/2005,TRI,TN,ASO,ES,Combined TRACON& Tower with Radar,8,65,40,0,113,0,0,45,0,45,8,65,85,0,158,65,0,65,223
11/15/2005,TRI,TN,ASO,ES,Combined TRACON& Tower with Radar,12,60,39,2,113,0,1,43,0,44,12,61,82,2,157,68,0,68,225
11/16/2005,TRI,TN,ASO,ES,Combined TRACON& Tower with Radar,0,0,0,0,0,0,0,0,0,0,0,0,0,0,0,19,0,19,19
11/17/2005,TRI,TN,ASO,ES,Combined TRACON& Tower with Radar,16,49,54,7,126,0,0,37,2,39,16,49,91,9,165,83,0,83,248
11/18/2005,TRI,TN,ASO,ES,Combined TRACON& Tower with Radar,18,43,33,5,99,0,2,54,0,56,18,45,87,5,155,135,12,147,302
11/19/2005,TRI,TN,ASO,ES,Combined TRACON& Tower with Radar,6,38,33,0,77,0,0,69,0,69,6,38,102,0,146,82,0,82,228
11/20/2005,TRI,TN,ASO,ES,Combined TRACON& Tower with Radar,9,37,27,0,73,0,0,54,0,54,9,37,81,0,127,56,0,56,183
11/21/2005,TRI,TN,ASO,ES,Combined TRACON& Tower with Radar,20,35,37,0,92,0,0,11,0,11,20,35,48,0,103,0,0,0,103
11/22/2005,TRI,TN,ASO,ES,Combined TRACON& Tower with Radar,8,54,48,4,114,0,0,9,0,9,8,54,57,4,123,22,0,22,145
11/23/2005,TRI,TN,ASO,ES,Combined TRACON& Tower with Radar,14,49,31,0,94,0,3,31,0,34,14,52,62,0,128,45,0,45,173
11/24/2005,TRI,TN,ASO,ES,Combined TRACON& Tower with Radar,10,32,10,0,52,0,0,10,0,10,10,32,20,0,62,2,0,2,64
11/25/2005,TRI,TN,ASO,ES,Combined TRACON& Tower with Radar,8,40,19,0,67,0,2,37,0,39,8,42,56,0,106,32,0,32,138
11/26/2005,TRI,TN,ASO,ES,Combined TRACON& Tower with Radar,11,38,23,0,72,0,0,44,0,44,11,38,67,0,116,58,0,58,174
11/27/2005,TRI,TN,ASO,ES,Combined TRACON& Tower with Radar,10,39,34,0,83,0,0,21,0,21,10,39,55,0,104,14,0,14,118
11/28/2005,TRI,TN,ASO,ES,Combined TRACON& Tower with Radar,20,51,50,0,121,0,0,11,0,11,20,51,61,0,132,2,0,2,134
11/29/2005,TRI,TN,ASO,ES,Combined TRACON& Tower with Radar,12,51,31,4,98,0,1,23,0,24,12,52,54,4,122,56,0,56,178
11/30/2005,TRI,TN,ASO,ES,Combined TRACON& Tower with Radar,10,53,59,0,122,0,3,53,0,56,10,56,112,0,178,76,0,76,254
12/01/2005,TRI,TN,ASO,ES,Combined TRACON& Tower with Radar,15,47,42,0,104,0,0,29,0,29,15,47,71,0,133,32,0,32,165
12/02/2005,TRI,TN,ASO,ES,Combined TRACON& Tower with Radar,11,47,44,0,102,0,2,37,0,39,11,49,81,0,141,47,0,47,188
12/03/2005,TRI,TN,ASO,ES,Combined TRACON& Tower with Radar,14,28,19,5,66,0,4,49,10,63,14,32,68,15,129,21,0,21,150
12/04/2005,TRI,TN,ASO,ES,Combined TRACON& Tower with Radar,9,31,24,0,64,0,0,7,0,7,9,31,31,0,71,20,0,20,91
12/05/2005,TRI,TN,ASO,ES,Combined TRACON& Tower with Radar,20,37,35,2,94,0,0,4,0,4,20,37,39,2,98,12,0,12,110
12/06/2005,TRI,TN,ASO,ES,Combined TRACON& Tower with Radar,15,40,31,0,86,0,1,30,0,31,15,41,61,0,117,26,0,26,143
12/07/2005,TRI,TN,ASO,ES,Combined TRACON& Tower with Radar,10,50,42,0,102,0,1,45,0,46,10,51,87,0,148,54,0,54,202
12/08/2005,TRI,TN,ASO,ES,Combined TRACON& Tower with Radar,8,45,35,0,88,0,0,19,0,19,8,45,54,0,107,25,0,25,132
12/09/2005,TRI,TN,ASO,ES,Combined TRACON& Tower with Radar,10,39,34,0,83,0,1,31,0,32,10,40,65,0,115,30,0,30,145
12/10/2005,TRI,TN,ASO,ES,Combined TRACON& Tower with Radar,11,32,27,0,70,0,0,84,2,86,11,32,111,2,156,66,0,66,222
12/11/2005,TRI,TN,ASO,ES,Combined TRACON& Tower with Radar,5,32,23,0,60,0,0,6,0,6,5,32,29,0,66,0,0,0,66
12/12/2005,TRI,TN,ASO,ES,Combined TRACON& Tower with Radar,22,29,35,0,86,0,1,16,0,17,22,30,51,0,103,20,0,20,123
12/13/2005,TRI,TN,ASO,ES,Combined TRACON& Tower with Radar,12,51,51,0,114,0,1,44,0,45,12,52,95,0,159,68,0,68,227
12/14/2005,TRI,TN,ASO,ES,Combined TRACON& Tower with Radar,9,53,35,0,97,0,1,33,0,34,9,54,68,0,131,41,0,41,172
12/15/2005,TRI,TN,ASO,ES,Combined TRACON& Tower with Radar,7,51,37,0,95,2,0,5,0,7,9,51,42,0,102,0,0,0,102
12/16/2005,TRI,TN,ASO,ES,Combined TRACON& Tower with Radar,19,43,29,0,91,0,0,40,0,40,19,43,69,0,131,35,0,35,166
12/17/2005,TRI,TN,ASO,ES,Combined TRACON& Tower with Radar,12,24,18,0,54,0,0,64,0,64,12,24,82,0,118,44,0,44,162
12/18/2005,TRI,TN,ASO,ES,Combined TRACON& Tower with Radar,17,25,27,0,69,0,0,47,0,47,17,25,74,0,116,104,0,104,220
12/19/2005,TRI,TN,ASO,ES,Combined TRACON& Tower with Radar,9,41,34,0,84,0,0,42,0,42,9,41,76,0,126,74,0,74,200
12/20/2005,TRI,TN,ASO,ES,Combined TRACON& Tower with Radar,20,32,56,0,108,0,1,52,0,53,20,33,108,0,161,52,0,52,213
12/21/2005,TRI,TN,ASO,ES,Combined TRACON& Tower with Radar,20,37,26,0,83,0,1,44,0,45,20,38,70,0,128,46,0,46,174
12/22/2005,TRI,TN,ASO,ES,Combined TRACON& Tower with Radar,10,44,31,0,85,0,3,53,2,58,10,47,84,2,143,74,0,74,217
12/23/2005,TRI,TN,ASO,ES,Combined TRACON& Tower with Radar,22,33,33,0,88,0,5,67,0,72,22,38,100,0,160,88,0,88,248
12/24/2005,TRI,TN,ASO,ES,Combined TRACON& Tower with Radar,10,30,10,0,50,0,0,11,0,11,10,30,21,0,61,4,0,4,65
12/25/2005,TRI,TN,ASO,ES,Combined TRACON& Tower with Radar,14,20,4,0,38,0,0,0,0,0,14,20,4,0,38,0,0,0,38
12/26/2005,TRI,TN,ASO,ES,Combined TRACON& Tower with Radar,7,36,23,0,66,0,0,4,0,4,7,36,27,0,70,2,0,2,72
12/27/2005,TRI,TN,ASO,ES,Combined TRACON& Tower with Radar,13,42,38,0,93,0,1,50,0,51,13,43,88,0,144,69,0,69,213
12/28/2005,TRI,TN,ASO,ES,Combined TRACON& Tower with Radar,9,47,17,0,73,0,0,23,0,23,9,47,40,0,96,22,0,22,118
12/29/2005,TRI,TN,ASO,ES,Combined TRACON& Tower with Radar,12,42,32,0,86,0,0,11,0,11,12,42,43,0,97,35,0,35,132
12/30/2005,TRI,TN,ASO,ES,Combined TRACON& Tower with Radar,16,41,48,0,105,0,1,67,0,68,16,42,115,0,173,117,0,117,290
12/31/2005,TRI,TN,ASO,ES,Combined TRACON& Tower with Radar,15,20,23,0,58,0,0,54,0,54,15,20,77,0,112,28,0,28,140
01/01/2006,TRI,TN,ASO,ES,Combined TRACON& Tower with Radar,10,28,11,0,49,0,0,45,0,45,10,28,56,0,94,74,0,74,168
01/02/2006,TRI,TN,ASO,ES,Combined TRACON& Tower with Radar,8,34,18,0,60,0,0,6,0,6,8,34,24,0,66,8,0,8,74
01/03/2006,TRI,TN,ASO,ES,Combined TRACON& Tower with Radar,10,46,27,0,83,0,0,12,0,12,10,46,39,0,95,103,0,103,198
01/04/2006,TRI,TN,ASO,ES,Combined TRACON& Tower with Radar,23,30,31,10,94,0,0,53,2,55,23,30,84,12,149,62,0,62,211
01/05/2006,TRI,TN,ASO,ES,Combined TRACON& Tower with Radar,11,44,37,0,92,0,0,28,0,28,11,44,65,0,120,20,0,20,140
01/06/2006,TRI,TN,ASO,ES,Combined TRACON& Tower with Radar,10,46,37,0,93,0,0,11,0,11,10,46,48,0,104,80,0,80,184
01/07/2006,TRI,TN,ASO,ES,Combined TRACON& Tower with Radar,9,28,58,0,95,0,0,0,0,0,9,28,58,0,95,70,0,70,165
01/08/2006,TRI,TN,ASO,ES,Combined TRACON& Tower with Radar,27,14,25,0,66,0,0,49,0,49,27,14,74,0,115,112,0,112,227
01/09/2006,TRI,TN,ASO,ES,Combined TRACON& Tower with Radar,18,44,22,0,84,0,4,10,0,14,18,48,32,0,98,34,0,34,132
01/10/2006,TRI,TN,ASO,ES,Combined TRACON& Tower with Radar,13,40,41,0,94,0,1,38,0,39,13,41,79,0,133,51,0,51,184
01/11/2006,TRI,TN,ASO,ES,Combined TRACON& Tower with Radar,17,37,41,0,95,0,1,13,0,14,17,38,54,0,109,21,0,21,130
01/12/2006,TRI,TN,ASO,ES,Combined TRACON& Tower with Radar,15,44,50,0,109,0,3,70,0,73,15,47,120,0,182,103,0,103,285
01/13/2006,TRI,TN,ASO,ES,Combined TRACON& Tower with Radar,14,40,31,0,85,0,0,31,0,31,14,40,62,0,116,58,0,58,174
01/14/2006,TRI,TN,ASO,ES,Combined TRACON& Tower with Radar,8,35,12,0,55,0,0,3,0,3,8,35,15,0,58,0,0,0,58
01/15/2006,TRI,TN,ASO,ES,Combined TRACON& Tower with Radar,9,32,22,0,63,0,0,52,0,52,9,32,74,0,115,74,0,74,189
01/16/2006,TRI,TN,ASO,ES,Combined TRACON& Tower with Radar,9,40,31,0,80,0,2,30,1,33,9,42,61,1,113,51,0,51,164
01/17/2006,TRI,TN,ASO,ES,Combined TRACON& Tower with Radar,16,44,32,1,93,0,0,10,0,10,16,44,42,1,103,13,0,13,116
01/18/2006,TRI,TN,ASO,ES,Combined TRACON& Tower with Radar,15,45,33,0,93,0,3,11,0,14,15,48,44,0,107,8,0,8,115
01/19/2006,TRI,TN,ASO,ES,Combined TRACON& Tower with Radar,18,47,36,2,103,0,2,70,0,72,18,49,106,2,175,87,0,87,262
01/20/2006,TRI,TN,ASO,ES,Combined TRACON& Tower with Radar,25,31,43,3,102,0,3,84,4,91,25,34,127,7,193,88,0,88,281
01/21/2006,TRI,TN,ASO,ES,Combined TRACON& Tower with Radar,6,33,9,0,48,0,0,2,0,2,6,33,11,0,50,4,0,4,54
01/22/2006,TRI,TN,ASO,ES,Combined TRACON& Tower with Radar,16,28,18,1,63,0,0,29,0,29,16,28,47,1,92,48,0,48,140
01/23/2006,TRI,TN,ASO,ES,Combined TRACON& Tower with Radar,16,47,27,0,90,0,0,2,0,2,16,47,29,0,92,7,0,7,99
01/24/2006,TRI,TN,ASO,ES,Combined TRACON& Tower with Radar,10,47,57,0,114,0,2,34,0,36,10,49,91,0,150,18,0,18,168
01/25/2006,TRI,TN,ASO,ES,Combined TRACON& Tower with Radar,16,43,51,4,114,0,2,20,5,27,16,45,71,9,141,15,0,15,156
01/26/2006,TRI,TN,ASO,ES,Combined TRACON& Tower with Radar,16,39,39,4,98,0,1,49,13,63,16,40,88,17,161,40,7,47,208
01/27/2006,TRI,TN,ASO,ES,Combined TRACON& Tower with Radar,25,35,30,0,90,0,1,53,4,58,25,36,83,4,148,38,0,38,186
01/28/2006,TRI,TN,ASO,ES,Combined TRACON& Tower with Radar,9,30,18,0,57,0,1,81,0,82,9,31,99,0,139,134,0,134,273
01/29/2006,TRI,TN,ASO,ES,Combined TRACON& Tower with Radar,7,33,14,0,54,0,0,5,0,5,7,33,19,0,59,4,0,4,63
01/30/2006,TRI,TN,ASO,ES,Combined TRACON& Tower with Radar,8,50,22,8,88,0,2,31,0,33,8,52,53,8,121,80,0,80,201
01/31/2006,TRI,TN,ASO,ES,Combined TRACON& Tower with Radar,21,27,33,0,81,0,0,16,0,16,21,27,49,0,97,40,0,40,137
02/01/2006,TRI,TN,ASO,ES,Combined TRACON& Tower with Radar,17,38,42,0,97,0,1,71,5,77,17,39,113,5,174,66,2,68,242
02/02/2006,TRI,TN,ASO,ES,Combined TRACON& Tower with Radar,9,49,28,0,86,0,1,27,0,28,9,50,55,0,114,15,0,15,129
02/03/2006,TRI,TN,ASO,ES,Combined TRACON& Tower with Radar,8,35,25,2,70,0,1,36,0,37,8,36,61,2,107,63,0,63,170
02/04/2006,TRI,TN,ASO,ES,Combined TRACON& Tower with Radar,8,33,29,0,70,0,0,1,0,1,8,33,30,0,71,1,0,1,72
02/05/2006,TRI,TN,ASO,ES,Combined TRACON& Tower with Radar,7,41,14,0,62,0,6,0,0,6,7,47,14,0,68,1,0,1,69
02/06/2006,TRI,TN,ASO,ES,Combined TRACON& Tower with Radar,9,54,34,0,97,0,4,31,0,35,9,58,65,0,132,94,0,94,226
02/07/2006,TRI,TN,ASO,ES,Combined TRACON& Tower with Radar,11,46,33,1,91,0,2,43,8,53,11,48,76,9,144,28,16,44,188
02/08/2006,TRI,TN,ASO,ES,Combined TRACON& Tower with Radar,9,45,36,7,97,0,0,47,0,47,9,45,83,7,144,61,0,61,205
02/09/2006,TRI,TN,ASO,ES,Combined TRACON& Tower with Radar,11,51,38,0,100,0,1,32,0,33,11,52,70,0,133,60,0,60,193
02/10/2006,TRI,TN,ASO,ES,Combined TRACON& Tower with Radar,10,48,28,4,90,0,1,54,0,55,10,49,82,4,145,77,0,77,222
02/11/2006,TRI,TN,ASO,ES,Combined TRACON& Tower with Radar,8,31,16,0,55,0,0,0,0,0,8,31,16,0,55,0,0,0,55
02/12/2006,TRI,TN,ASO,ES,Combined TRACON& Tower with Radar,8,31,9,0,48,0,0,1,0,1,8,31,10,0,49,0,0,0,49
02/13/2006,TRI,TN,ASO,ES,Combined TRACON& Tower with Radar,7,50,34,0,91,0,0,6,0,6,7,50,40,0,97,9,0,9,106
02/14/2006,TRI,TN,ASO,ES,Combined TRACON& Tower with Radar,10,45,53,7,115,0,2,56,0,58,10,47,109,7,173,105,0,105,278
02/15/2006,TRI,TN,ASO,ES,Combined TRACON& Tower with Radar,9,46,41,0,96,0,3,45,4,52,9,49,86,4,148,48,0,48,196
02/16/2006,TRI,TN,ASO,ES,Combined TRACON& Tower with Radar,12,49,38,0,99,0,1,71,0,72,12,50,109,0,171,44,0,44,215
02/17/2006,TRI,TN,ASO,ES,Combined TRACON& Tower with Radar,20,42,41,0,103,0,1,17,2,20,20,43,58,2,123,53,0,53,176
02/18/2006,TRI,TN,ASO,ES,Combined TRACON& Tower with Radar,7,29,7,0,43,0,0,0,0,0,7,29,7,0,43,0,0,0,43
02/19/2006,TRI,TN,ASO,ES,Combined TRACON& Tower with Radar,3,38,19,0,60,0,0,44,0,44,3,38,63,0,104,66,0,66,170
02/20/2006,TRI,TN,ASO,ES,Combined TRACON& Tower with Radar,3,42,40,0,85,0,0,23,0,23,3,42,63,0,108,67,0,67,175
02/21/2006,TRI,TN,ASO,ES,Combined TRACON& Tower with Radar,11,35,40,5,91,0,0,44,0,44,11,35,84,5,135,95,0,95,230
02/22/2006,TRI,TN,ASO,ES,Combined TRACON& Tower with Radar,11,47,43,0,101,0,1,0,0,1,11,48,43,0,102,5,0,5,107
02/23/2006,TRI,TN,ASO,ES,Combined TRACON& Tower with Radar,13,43,52,0,108,0,0,36,2,38,13,43,88,2,146,49,0,49,195
02/24/2006,TRI,TN,ASO,ES,Combined TRACON& Tower with Radar,13,47,39,0,99,0,1,112,0,113,13,48,151,0,212,146,0,146,358
02/25/2006,TRI,TN,ASO,ES,Combined TRACON& Tower with Radar,8,37,21,3,69,0,3,50,3,56,8,40,71,6,125,106,0,106,231
02/26/2006,TRI,TN,ASO,ES,Combined TRACON& Tower with Radar,5,39,22,0,66,0,0,19,0,19,5,39,41,0,85,56,0,56,141
02/27/2006,TRI,TN,ASO,ES,Combined TRACON& Tower with Radar,22,33,23,3,81,0,0,27,0,27,22,33,50,3,108,26,0,26,134
02/28/2006,TRI,TN,ASO,ES,Combined TRACON& Tower with Radar,9,43,53,0,105,0,0,35,0,35,9,43,88,0,140,71,0,71,211
03/01/2006,TRI,TN,ASO,ES,Combined TRACON& Tower with Radar,10,45,41,0,96,0,1,38,0,39,10,46,79,0,135,49,0,49,184
03/02/2006,TRI,TN,ASO,ES,Combined TRACON& Tower with Radar,9,57,29,0,95,0,0,21,0,21,9,57,50,0,116,63,0,63,179
03/03/2006,TRI,TN,ASO,ES,Combined TRACON& Tower with Radar,16,44,32,0,92,0,1,19,0,20,16,45,51,0,112,14,0,14,126
03/04/2006,TRI,TN,ASO,ES,Combined TRACON& Tower with Radar,8,35,29,0,72,0,1,83,0,84,8,36,112,0,156,102,0,102,258
03/05/2006,TRI,TN,ASO,ES,Combined TRACON& Tower with Radar,4,36,28,0,68,0,0,49,0,49,4,36,77,0,117,64,0,64,181
03/06/2006,TRI,TN,ASO,ES,Combined TRACON& Tower with Radar,18,39,42,4,103,0,0,5,0,5,18,39,47,4,108,3,0,3,111
03/07/2006,TRI,TN,ASO,ES,Combined TRACON& Tower with Radar,13,35,53,11,112,0,1,41,1,43,13,36,94,12,155,80,0,80,235
03/08/2006,TRI,TN,ASO,ES,Combined TRACON& Tower with Radar,19,36,54,0,109,0,5,44,0,49,19,41,98,0,158,34,0,34,192
03/09/2006,TRI,TN,ASO,ES,Combined TRACON& Tower with Radar,10,45,37,0,92,0,2,33,0,35,10,47,70,0,127,38,0,38,165
03/10/2006,TRI,TN,ASO,ES,Combined TRACON& Tower with Radar,16,38,44,3,101,0,0,29,0,29,16,38,73,3,130,38,0,38,168
03/11/2006,TRI,TN,ASO,ES,Combined TRACON& Tower with Radar,10,36,19,8,73,0,2,75,0,77,10,38,94,8,150,150,0,150,300
03/12/2006,TRI,TN,ASO,ES,Combined TRACON& Tower with Radar,14,30,15,2,61,0,0,34,0,34,14,30,49,2,95,52,0,52,147
03/13/2006,TRI,TN,ASO,ES,Combined TRACON& Tower with Radar,10,50,20,2,82,0,0,15,0,15,10,50,35,2,97,14,0,14,111
03/14/2006,TRI,TN,ASO,ES,Combined TRACON& Tower with Radar,10,42,24,1,77,0,2,16,0,18,10,44,40,1,95,22,0,22,117
03/15/2006,TRI,TN,ASO,ES,Combined TRACON& Tower with Radar,11,44,35,1,91,0,1,21,4,26,11,45,56,5,117,23,0,23,140
03/16/2006,TRI,TN,ASO,ES,Combined TRACON& Tower with Radar,10,52,52,0,114,0,1,61,0,62,10,53,113,0,176,76,14,90,266
03/17/2006,TRI,TN,ASO,ES,Combined TRACON& Tower with Radar,8,48,51,0,107,0,0,23,0,23,8,48,74,0,130,22,0,22,152
03/18/2006,TRI,TN,ASO,ES,Combined TRACON& Tower with Radar,11,31,21,0,63,0,0,46,0,46,11,31,67,0,109,98,0,98,207
03/19/2006,TRI,TN,ASO,ES,Combined TRACON& Tower with Radar,5,35,26,0,66,0,5,73,0,78,5,40,99,0,144,112,0,112,256
03/20/2006,TRI,TN,ASO,ES,Combined TRACON& Tower with Radar,8,48,22,0,78,0,0,14,0,14,8,48,36,0,92,0,0,0,92
03/21/2006,TRI,TN,ASO,ES,Combined TRACON& Tower with Radar,11,44,36,0,91,0,0,0,0,0,11,44,36,0,91,0,0,0,91
03/22/2006,TRI,TN,ASO,ES,Combined TRACON& Tower with Radar,13,42,37,0,92,0,2,84,0,86,13,44,121,0,178,94,0,94,272
03/23/2006,TRI,TN,ASO,ES,Combined TRACON& Tower with Radar,13,60,71,1,145,0,0,80,0,80,13,60,151,1,225,54,0,54,279
03/24/2006,TRI,TN,ASO,ES,Combined TRACON& Tower with Radar,12,58,65,11,146,0,0,18,0,18,12,58,83,11,164,41,0,41,205
03/25/2006,TRI,TN,ASO,ES,Combined TRACON& Tower with Radar,8,39,51,4,102,0,0,28,10,38,8,39,79,14,140,30,0,30,170
03/26/2006,TRI,TN,ASO,ES,Combined TRACON& Tower with Radar,7,51,200,4,262,0,0,256,8,264,7,51,456,12,526,10,0,10,536
03/27/2006,TRI,TN,ASO,ES,Combined TRACON& Tower with Radar,14,51,50,2,117,0,4,57,0,61,14,55,107,2,178,130,0,130,308
03/28/2006,TRI,TN,ASO,ES,Combined TRACON& Tower with Radar,10,43,26,0,79,0,0,20,0,20,10,43,46,0,99,32,0,32,131
03/29/2006,TRI,TN,ASO,ES,Combined TRACON& Tower with Radar,10,43,48,1,102,0,1,53,0,54,10,44,101,1,156,113,0,113,269
03/30/2006,TRI,TN,ASO,ES,Combined TRACON& Tower with Radar,8,51,33,0,92,0,1,71,0,72,8,52,104,0,164,129,0,129,293
03/31/2006,TRI,TN,ASO,ES,Combined TRACON& Tower with Radar,20,50,34,5,109,0,1,25,0,26,20,51,59,5,135,94,0,94,229
04/01/2006,TRI,TN,ASO,ES,Combined TRACON& Tower with Radar,6,33,16,0,55,0,0,15,0,15,6,33,31,0,70,25,0,25,95
04/02/2006,TRI,TN,ASO,ES,Combined TRACON& Tower with Radar,6,36,20,0,62,0,0,65,0,65,6,36,85,0,127,84,0,84,211
04/03/2006,TRI,TN,ASO,ES,Combined TRACON& Tower with Radar,3,54,42,0,99,0,1,6,0,7,3,55,48,0,106,6,0,6,112
04/04/2006,TRI,TN,ASO,ES,Combined TRACON& Tower with Radar,20,34,36,0,90,0,2,28,2,32,20,36,64,2,122,37,0,37,159
04/05/2006,TRI,TN,ASO,ES,Combined TRACON& Tower with Radar,11,51,37,11,110,0,1,38,5,44,11,52,75,16,154,40,12,52,206
04/06/2006,TRI,TN,ASO,ES,Combined TRACON& Tower with Radar,16,45,40,0,101,0,0,74,0,74,16,45,114,0,175,168,0,168,343
04/07/2006,TRI,TN,ASO,ES,Combined TRACON& Tower with Radar,14,36,28,0,78,0,1,23,4,28,14,37,51,4,106,18,4,22,128
04/08/2006,TRI,TN,ASO,ES,Combined TRACON& Tower with Radar,13,33,32,0,78,0,0,18,0,18,13,33,50,0,96,34,0,34,130
04/09/2006,TRI,TN,ASO,ES,Combined TRACON& Tower with Radar,8,37,24,0,69,0,1,98,0,99,8,38,122,0,168,138,0,138,306
04/10/2006,TRI,TN,ASO,ES,Combined TRACON& Tower with Radar,7,49,38,0,94,0,2,45,0,47,7,51,83,0,141,113,0,113,254
04/11/2006,TRI,TN,ASO,ES,Combined TRACON& Tower with Radar,10,48,54,0,112,0,2,48,2,52,10,50,102,2,164,42,0,42,206
04/12/2006,TRI,TN,ASO,ES,Combined TRACON& Tower with Radar,8,49,68,0,125,0,0,57,0,57,8,49,125,0,182,86,0,86,268
04/13/2006,TRI,TN,ASO,ES,Combined TRACON& Tower with Radar,10,57,34,10,111,0,3,66,1,70,10,60,100,11,181,112,0,112,293
04/14/2006,TRI,TN,ASO,ES,Combined TRACON& Tower with Radar,13,46,23,0,82,0,1,32,0,33,13,47,55,0,115,79,0,79,194
04/15/2006,TRI,TN,ASO,ES,Combined TRACON& Tower with Radar,7,35,10,0,52,0,0,44,0,44,7,35,54,0,96,42,0,42,138
04/16/2006,TRI,TN,ASO,ES,Combined TRACON& Tower with Radar,8,34,13,0,55,0,0,14,0,14,8,34,27,0,69,2,0,2,71
04/17/2006,TRI,TN,ASO,ES,Combined TRACON& Tower with Radar,22,37,24,0,83,0,2,29,0,31,22,39,53,0,114,74,0,74,188
04/18/2006,TRI,TN,ASO,ES,Combined TRACON& Tower with Radar,16,38,44,0,98,0,2,71,0,73,16,40,115,0,171,114,0,114,285
04/19/2006,TRI,TN,ASO,ES,Combined TRACON& Tower with Radar,8,49,51,0,108,0,0,0,0,0,8,49,51,0,108,27,0,27,135
04/20/2006,TRI,TN,ASO,ES,Combined TRACON& Tower with Radar,23,34,46,0,103,0,1,48,0,49,23,35,94,0,152,46,0,46,198
04/21/2006,TRI,TN,ASO,ES,Combined TRACON& Tower with Radar,10,50,28,2,90,0,0,27,0,27,10,50,55,2,117,42,0,42,159
04/22/2006,TRI,TN,ASO,ES,Combined TRACON& Tower with Radar,9,32,11,0,52,0,4,27,0,31,9,36,38,0,83,50,0,50,133
04/23/2006,TRI,TN,ASO,ES,Combined TRACON& Tower with Radar,22,26,30,2,80,0,0,46,0,46,22,26,76,2,126,86,0,86,212
04/24/2006,TRI,TN,ASO,ES,Combined TRACON& Tower with Radar,13,43,47,0,103,0,1,46,0,47,13,44,93,0,150,75,0,75,225
04/25/2006,TRI,TN,ASO,ES,Combined TRACON& Tower with Radar,10,38,25,0,73,0,2,40,0,42,10,40,65,0,115,40,0,40,155
04/26/2006,TRI,TN,ASO,ES,Combined TRACON& Tower with Radar,11,48,38,0,97,0,1,9,1,11,11,49,47,1,108,30,0,30,138
04/27/2006,TRI,TN,ASO,ES,Combined TRACON& Tower with Radar,10,56,67,1,134,0,8,66,1,75,10,64,133,2,209,86,0,86,295
04/28/2006,TRI,TN,ASO,ES,Combined TRACON& Tower with Radar,11,54,59,1,125,0,1,72,0,73,11,55,131,1,198,132,0,132,330
04/29/2006,TRI,TN,ASO,ES,Combined TRACON& Tower with Radar,7,38,31,1,77,0,3,56,0,59,7,41,87,1,136,108,0,108,244
04/30/2006,TRI,TN,ASO,ES,Combined TRACON& Tower with Radar,6,37,38,0,81,0,0,27,0,27,6,37,65,0,108,38,0,38,146
05/01/2006,TRI,TN,ASO,ES,Combined TRACON& Tower with Radar,6,46,22,7,81,0,0,59,0,59,6,46,81,7,140,94,0,94,234
05/02/2006,TRI,TN,ASO,ES,Combined TRACON& Tower with Radar,13,46,37,0,96,0,0,25,0,25,13,46,62,0,121,76,0,76,197
05/03/2006,TRI,TN,ASO,ES,Combined TRACON& Tower with Radar,11,51,57,0,119,0,0,53,0,53,11,51,110,0,172,89,0,89,261
05/04/2006,TRI,TN,ASO,ES,Combined TRACON& Tower with Radar,17,47,101,0,165,0,0,0,0,0,17,47,101,0,165,84,0,84,249
05/05/2006,TRI,TN,ASO,ES,Combined TRACON& Tower with Radar,8,51,46,0,105,0,0,9,0,9,8,51,55,0,114,20,0,20,134
05/06/2006,TRI,TN,ASO,ES,Combined TRACON& Tower with Radar,15,35,35,0,85,0,0,51,7,58,15,35,86,7,143,138,0,138,281
05/07/2006,TRI,TN,ASO,ES,Combined TRACON& Tower with Radar,6,33,30,0,69,0,0,15,0,15,6,33,45,0,84,39,0,39,123
05/08/2006,TRI,TN,ASO,ES,Combined TRACON& Tower with Radar,32,20,51,4,107,0,1,40,0,41,32,21,91,4,148,116,0,116,264
05/09/2006,TRI,TN,ASO,ES,Combined TRACON& Tower with Radar,18,43,50,0,111,0,4,43,0,47,18,47,93,0,158,116,0,116,274
05/10/2006,TRI,TN,ASO,ES,Combined TRACON& Tower with Radar,17,41,40,0,98,0,0,12,0,12,17,41,52,0,110,18,0,18,128
05/11/2006,TRI,TN,ASO,ES,Combined TRACON& Tower with Radar,20,44,41,0,105,0,0,15,0,15,20,44,56,0,120,30,0,30,150
05/12/2006,TRI,TN,ASO,ES,Combined TRACON& Tower with Radar,11,51,27,3,92,0,0,27,0,27,11,51,54,3,119,24,0,24,143
05/13/2006,TRI,TN,ASO,ES,Combined TRACON& Tower with Radar,7,38,26,0,71,0,1,45,0,46,7,39,71,0,117,38,0,38,155
05/14/2006,TRI,TN,ASO,ES,Combined TRACON& Tower with Radar,7,42,25,0,74,0,0,7,0,7,7,42,32,0,81,7,0,7,88
05/15/2006,TRI,TN,ASO,ES,Combined TRACON& Tower with Radar,8,49,42,0,99,0,0,44,0,44,8,49,86,0,143,56,0,56,199
05/16/2006,TRI,TN,ASO,ES,Combined TRACON& Tower with Radar,12,45,56,2,115,0,1,63,0,64,12,46,119,2,179,100,0,100,279
05/17/2006,TRI,TN,ASO,ES,Combined TRACON& Tower with Radar,9,59,63,2,133,0,0,33,0,33,9,59,96,2,166,54,0,54,220
05/18/2006,TRI,TN,ASO,ES,Combined TRACON& Tower with Radar,13,44,57,4,118,0,1,30,2,33,13,45,87,6,151,33,0,33,184
05/19/2006,TRI,TN,ASO,ES,Combined TRACON& Tower with Radar,11,52,45,0,108,0,0,28,1,29,11,52,73,1,137,32,0,32,169
05/20/2006,TRI,TN,ASO,ES,Combined TRACON& Tower with Radar,7,37,48,0,92,0,0,0,0,0,7,37,48,0,92,65,0,65,157
05/21/2006,TRI,TN,ASO,ES,Combined TRACON& Tower with Radar,9,36,27,0,72,0,0,45,1,46,9,36,72,1,118,50,0,50,168
05/22/2006,TRI,TN,ASO,ES,Combined TRACON& Tower with Radar,0,0,0,0,0,15,43,101,0,159,15,43,101,0,159,78,0,78,237
05/23/2006,TRI,TN,ASO,ES,Combined TRACON& Tower with Radar,17,34,33,2,86,0,2,65,0,67,17,36,98,2,153,131,0,131,284
05/24/2006,TRI,TN,ASO,ES,Combined TRACON& Tower with Radar,10,49,40,0,99,0,2,68,2,72,10,51,108,2,171,126,0,126,297
05/25/2006,TRI,TN,ASO,ES,Combined TRACON& Tower with Radar,12,44,56,2,114,0,0,46,4,50,12,44,102,6,164,176,8,184,348
05/26/2006,TRI,TN,ASO,ES,Combined TRACON& Tower with Radar,10,51,38,2,101,0,1,20,0,21,10,52,58,2,122,82,0,82,204
05/27/2006,TRI,TN,ASO,ES,Combined TRACON& Tower with Radar,8,37,21,0,66,0,0,34,0,34,8,37,55,0,100,60,0,60,160
05/28/2006,TRI,TN,ASO,ES,Combined TRACON& Tower with Radar,5,39,30,0,74,0,0,61,0,61,5,39,91,0,135,120,0,120,255
05/29/2006,TRI,TN,ASO,ES,Combined TRACON& Tower with Radar,4,33,33,0,70,0,0,38,0,38,4,33,71,0,108,52,0,52,160
05/30/2006,TRI,TN,ASO,ES,Combined TRACON& Tower with Radar,12,50,32,4,98,0,14,45,8,67,12,64,77,12,165,72,0,72,237
05/31/2006,TRI,TN,ASO,ES,Combined TRACON& Tower with Radar,10,53,57,0,120,0,0,50,0,50,10,53,107,0,170,96,0,96,266
06/01/2006,TRI,TN,ASO,ES,Combined TRACON& Tower with Radar,8,46,50,2,106,0,0,37,1,38,8,46,87,3,144,64,0,64,208
06/02/2006,TRI,TN,ASO,ES,Combined TRACON& Tower with Radar,5,48,34,4,91,0,0,50,0,50,5,48,84,4,141,68,0,68,209
06/03/2006,TRI,TN,ASO,ES,Combined TRACON& Tower with Radar,10,35,17,0,62,0,0,41,1,42,10,35,58,1,104,39,0,39,143
06/04/2006,TRI,TN,ASO,ES,Combined TRACON& Tower with Radar,8,32,15,0,55,0,0,26,0,26,8,32,41,0,81,52,0,52,133
06/05/2006,TRI,TN,ASO,ES,Combined TRACON& Tower with Radar,30,30,55,0,115,0,1,44,0,45,30,31,99,0,160,118,0,118,278
06/06/2006,TRI,TN,ASO,ES,Combined TRACON& Tower with Radar,24,27,50,0,101,0,0,52,0,52,24,27,102,0,153,64,0,64,217
06/07/2006,TRI,TN,ASO,ES,Combined TRACON& Tower with Radar,0,0,10,0,10,0,0,0,0,0,0,0,10,0,10,82,0,82,92
06/08/2006,TRI,TN,ASO,ES,Combined TRACON& Tower with Radar,7,48,46,3,104,0,1,33,0,34,7,49,79,3,138,50,0,50,188
06/09/2006,TRI,TN,ASO,ES,Combined TRACON& Tower with Radar,15,42,45,0,102,0,1,64,0,65,15,43,109,0,167,152,0,152,319
06/10/2006,TRI,TN,ASO,ES,Combined TRACON& Tower with Radar,16,28,32,0,76,0,0,52,0,52,16,28,84,0,128,70,0,70,198
06/11/2006,TRI,TN,ASO,ES,Combined TRACON& Tower with Radar,8,41,26,0,75,0,1,26,0,27,8,42,52,0,102,12,0,12,114
06/12/2006,TRI,TN,ASO,ES,Combined TRACON& Tower with Radar,7,42,42,6,97,0,1,40,0,41,7,43,82,6,138,104,0,104,242
06/13/2006,TRI,TN,ASO,ES,Combined TRACON& Tower with Radar,14,47,50,0,111,0,1,56,0,57,14,48,106,0,168,70,0,70,238
06/14/2006,TRI,TN,ASO,ES,Combined TRACON& Tower with Radar,10,52,41,0,103,0,1,67,0,68,10,53,108,0,171,91,0,91,262
06/15/2006,TRI,TN,ASO,ES,Combined TRACON& Tower with Radar,12,46,45,0,103,0,5,51,0,56,12,51,96,0,159,104,0,104,263
06/16/2006,TRI,TN,ASO,ES,Combined TRACON& Tower with Radar,10,52,48,2,112,0,3,85,0,88,10,55,133,2,200,105,0,105,305
06/17/2006,TRI,TN,ASO,ES,Combined TRACON& Tower with Radar,10,33,28,0,71,0,0,74,0,74,10,33,102,0,145,54,0,54,199
06/18/2006,TRI,TN,ASO,ES,Combined TRACON& Tower with Radar,7,36,20,0,63,0,0,50,0,50,7,36,70,0,113,96,0,96,209
06/19/2006,TRI,TN,ASO,ES,Combined TRACON& Tower with Radar,7,45,35,0,87,0,1,55,0,56,7,46,90,0,143,78,0,78,221
06/20/2006,TRI,TN,ASO,ES,Combined TRACON& Tower with Radar,25,30,43,0,98,0,0,54,0,54,25,30,97,0,152,66,0,66,218
06/21/2006,TRI,TN,ASO,ES,Combined TRACON& Tower with Radar,24,45,38,0,107,1,0,43,8,52,25,45,81,8,159,66,0,66,225
06/22/2006,TRI,TN,ASO,ES,Combined TRACON& Tower with Radar,12,52,49,0,113,0,13,90,2,105,12,65,139,2,218,152,0,152,370
06/23/2006,TRI,TN,ASO,ES,Combined TRACON& Tower with Radar,15,45,31,0,91,0,0,35,0,35,15,45,66,0,126,46,0,46,172
06/24/2006,TRI,TN,ASO,ES,Combined TRACON& Tower with Radar,11,32,26,0,69,0,0,49,3,52,11,32,75,3,121,129,0,129,250
06/25/2006,TRI,TN,ASO,ES,Combined TRACON& Tower with Radar,4,34,16,0,54,0,1,18,0,19,4,35,34,0,73,31,0,31,104
06/26/2006,TRI,TN,ASO,ES,Combined TRACON& Tower with Radar,21,30,35,0,86,0,0,9,0,9,21,30,44,0,95,16,0,16,111
06/27/2006,TRI,TN,ASO,ES,Combined TRACON& Tower with Radar,9,49,49,4,111,0,3,39,0,42,9,52,88,4,153,79,0,79,232
06/28/2006,TRI,TN,ASO,ES,Combined TRACON& Tower with Radar,10,54,65,7,136,0,1,54,6,61,10,55,119,13,197,56,9,65,262
06/29/2006,TRI,TN,ASO,ES,Combined TRACON& Tower with Radar,13,44,58,0,115,0,1,41,1,43,13,45,99,1,158,38,0,38,196
06/30/2006,TRI,TN,ASO,ES,Combined TRACON& Tower with Radar,15,42,35,0,92,0,0,43,0,43,15,42,78,0,135,26,0,26,161
07/01/2006,TRI,TN,ASO,ES,Combined TRACON& Tower with Radar,17,28,27,1,73,0,0,56,0,56,17,28,83,1,129,38,0,38,167
07/02/2006,TRI,TN,ASO,ES,Combined TRACON& Tower with Radar,2,37,14,0,53,0,0,39,0,39,2,37,53,0,92,20,0,20,112
07/03/2006,TRI,TN,ASO,ES,Combined TRACON& Tower with Radar,12,38,18,0,68,0,1,49,0,50,12,39,67,0,118,75,0,75,193
07/04/2006,TRI,TN,ASO,ES,Combined TRACON& Tower with Radar,5,35,11,0,51,0,0,9,0,9,5,35,20,0,60,27,0,27,87
07/05/2006,TRI,TN,ASO,ES,Combined TRACON& Tower with Radar,14,43,57,0,114,0,2,12,0,14,14,45,69,0,128,8,0,8,136
07/06/2006,TRI,TN,ASO,ES,Combined TRACON& Tower with Radar,10,56,65,0,131,0,2,58,0,60,10,58,123,0,191,84,0,84,275
07/07/2006,TRI,TN,ASO,ES,Combined TRACON& Tower with Radar,11,45,33,0,89,0,0,74,0,74,11,45,107,0,163,80,0,80,243
07/08/2006,TRI,TN,ASO,ES,Combined TRACON& Tower with Radar,5,46,25,0,76,0,1,54,0,55,5,47,79,0,131,50,0,50,181
07/09/2006,TRI,TN,ASO,ES,Combined TRACON& Tower with Radar,2,45,27,2,76,0,0,40,0,40,2,45,67,2,116,44,2,46,162
07/10/2006,TRI,TN,ASO,ES,Combined TRACON& Tower with Radar,8,44,42,0,94,0,0,61,0,61,8,44,103,0,155,123,0,123,278
07/11/2006,TRI,TN,ASO,ES,Combined TRACON& Tower with Radar,35,25,36,0,96,0,1,54,0,55,35,26,90,0,151,32,0,32,183
07/12/2006,TRI,TN,ASO,ES,Combined TRACON& Tower with Radar,31,25,46,13,115,0,0,59,3,62,31,25,105,16,177,120,0,120,297
07/13/2006,TRI,TN,ASO,ES,Combined TRACON& Tower with Radar,15,51,45,0,111,0,0,58,0,58,15,51,103,0,169,53,0,53,222
07/14/2006,TRI,TN,ASO,ES,Combined TRACON& Tower with Radar,16,40,34,2,92,0,0,53,1,54,16,40,87,3,146,37,0,37,183
07/15/2006,TRI,TN,ASO,ES,Combined TRACON& Tower with Radar,9,34,29,0,72,0,0,42,0,42,9,34,71,0,114,70,0,70,184
07/16/2006,TRI,TN,ASO,ES,Combined TRACON& Tower with Radar,19,21,26,0,66,0,2,65,0,67,19,23,91,0,133,99,0,99,232
07/17/2006,TRI,TN,ASO,ES,Combined TRACON& Tower with Radar,9,41,45,0,95,0,2,58,0,60,9,43,103,0,155,80,0,80,235
07/18/2006,TRI,TN,ASO,ES,Combined TRACON& Tower with Radar,22,36,39,0,97,0,1,58,0,59,22,37,97,0,156,20,0,20,176
07/19/2006,TRI,TN,ASO,ES,Combined TRACON& Tower with Radar,26,30,45,3,104,0,2,41,0,43,26,32,86,3,147,88,0,88,235
07/20/2006,TRI,TN,ASO,ES,Combined TRACON& Tower with Radar,18,44,44,0,106,0,0,50,0,50,18,44,94,0,156,48,0,48,204
07/21/2006,TRI,TN,ASO,ES,Combined TRACON& Tower with Radar,19,39,46,0,104,0,0,67,0,67,19,39,113,0,171,146,0,146,317
07/22/2006,TRI,TN,ASO,ES,Combined TRACON& Tower with Radar,6,40,30,0,76,0,0,6,2,8,6,40,36,2,84,16,0,16,100
07/23/2006,TRI,TN,ASO,ES,Combined TRACON& Tower with Radar,8,53,70,0,131,0,5,55,0,60,8,58,125,0,191,125,0,125,316
07/24/2006,TRI,TN,ASO,ES,Combined TRACON& Tower with Radar,17,39,43,0,99,0,0,43,0,43,17,39,86,0,142,32,0,32,174
07/25/2006,TRI,TN,ASO,ES,Combined TRACON& Tower with Radar,22,48,49,0,119,0,2,26,0,28,22,50,75,0,147,60,0,60,207
07/26/2006,TRI,TN,ASO,ES,Combined TRACON& Tower with Radar,18,41,60,3,122,0,0,48,0,48,18,41,108,3,170,45,0,45,215
07/27/2006,TRI,TN,ASO,ES,Combined TRACON& Tower with Radar,11,48,57,3,119,0,0,45,8,53,11,48,102,11,172,60,0,60,232
07/28/2006,TRI,TN,ASO,ES,Combined TRACON& Tower with Radar,10,53,56,0,119,0,1,40,0,41,10,54,96,0,160,70,0,70,230
07/29/2006,TRI,TN,ASO,ES,Combined TRACON& Tower with Radar,5,36,32,0,73,0,1,7,4,12,5,37,39,4,85,29,0,29,114
07/30/2006,TRI,TN,ASO,ES,Combined TRACON& Tower with Radar,7,40,30,0,77,0,1,40,0,41,7,41,70,0,118,114,0,114,232
07/31/2006,TRI,TN,ASO,ES,Combined TRACON& Tower with Radar,13,41,45,0,99,0,2,54,0,56,13,43,99,0,155,82,0,82,237
08/01/2006,TRI,TN,ASO,ES,Combined TRACON& Tower with Radar,16,43,44,0,103,0,3,46,0,49,16,46,90,0,152,87,0,87,239
08/02/2006,TRI,TN,ASO,ES,Combined TRACON& Tower with Radar,12,56,41,0,109,0,1,43,2,46,12,57,84,2,155,66,0,66,221
08/03/2006,TRI,TN,ASO,ES,Combined TRACON& Tower with Radar,14,44,40,0,98,0,1,42,0,43,14,45,82,0,141,14,0,14,155
08/04/2006,TRI,TN,ASO,ES,Combined TRACON& Tower with Radar,18,38,63,0,119,0,3,40,0,43,18,41,103,0,162,104,0,104,266
08/05/2006,TRI,TN,ASO,ES,Combined TRACON& Tower with Radar,9,47,30,0,86,0,18,47,0,65,9,65,77,0,151,144,0,144,295
08/06/2006,TRI,TN,ASO,ES,Combined TRACON& Tower with Radar,5,40,29,0,74,0,1,40,0,41,5,41,69,0,115,48,0,48,163
08/07/2006,TRI,TN,ASO,ES,Combined TRACON& Tower with Radar,3,46,54,0,103,0,0,23,0,23,3,46,77,0,126,4,0,4,130
08/08/2006,TRI,TN,ASO,ES,Combined TRACON& Tower with Radar,12,43,32,0,87,0,2,14,2,18,12,45,46,2,105,10,0,10,115
08/09/2006,TRI,TN,ASO,ES,Combined TRACON& Tower with Radar,12,44,61,0,117,0,1,32,0,33,12,45,93,0,150,68,0,68,218
08/10/2006,TRI,TN,ASO,ES,Combined TRACON& Tower with Radar,18,43,52,2,115,0,0,27,0,27,18,43,79,2,142,26,0,26,168
08/11/2006,TRI,TN,ASO,ES,Combined TRACON& Tower with Radar,12,45,50,0,107,0,0,15,0,15,12,45,65,0,122,28,0,28,150
08/12/2006,TRI,TN,ASO,ES,Combined TRACON& Tower with Radar,4,45,34,0,83,0,0,45,0,45,4,45,79,0,128,54,0,54,182
08/13/2006,TRI,TN,ASO,ES,Combined TRACON& Tower with Radar,4,39,34,0,77,0,0,63,0,63,4,39,97,0,140,78,0,78,218
08/14/2006,TRI,TN,ASO,ES,Combined TRACON& Tower with Radar,0,0,0,0,0,0,0,0,0,0,0,0,0,0,0,37,2,39,39
08/15/2006,TRI,TN,ASO,ES,Combined TRACON& Tower with Radar,24,33,66,0,123,0,0,35,0,35,24,33,101,0,158,40,0,40,198
08/16/2006,TRI,TN,ASO,ES,Combined TRACON& Tower with Radar,12,47,47,0,106,0,2,59,0,61,12,49,106,0,167,70,0,70,237
08/17/2006,TRI,TN,ASO,ES,Combined TRACON& Tower with Radar,18,38,62,0,118,0,2,42,0,44,18,40,104,0,162,68,0,68,230
08/18/2006,TRI,TN,ASO,ES,Combined TRACON& Tower with Radar,11,44,45,2,102,0,2,44,0,46,11,46,89,2,148,82,0,82,230
08/19/2006,TRI,TN,ASO,ES,Combined TRACON& Tower with Radar,4,37,27,0,68,0,0,21,2,23,4,37,48,2,91,68,0,68,159
08/20/2006,TRI,TN,ASO,ES,Combined TRACON& Tower with Radar,2,38,47,0,87,0,0,6,0,6,2,38,53,0,93,6,0,6,99
08/21/2006,TRI,TN,ASO,ES,Combined TRACON& Tower with Radar,16,30,50,0,96,0,0,33,0,33,16,30,83,0,129,54,0,54,183
08/22/2006,TRI,TN,ASO,ES,Combined TRACON& Tower with Radar,24,35,61,6,126,0,2,27,0,29,24,37,88,6,155,40,0,40,195
08/23/2006,TRI,TN,ASO,ES,Combined TRACON& Tower with Radar,14,52,77,0,143,0,1,77,0,78,14,53,154,0,221,46,0,46,267
08/24/2006,TRI,TN,ASO,ES,Combined TRACON& Tower with Radar,26,42,134,2,204,0,1,46,0,47,26,43,180,2,251,50,0,50,301
08/25/2006,TRI,TN,ASO,ES,Combined TRACON& Tower with Radar,11,64,119,5,199,0,26,34,6,66,11,90,153,11,265,32,5,37,302
08/26/2006,TRI,TN,ASO,ES,Combined TRACON& Tower with Radar,6,50,304,0,360,0,0,485,10,495,6,50,789,10,855,15,0,15,870
08/27/2006,TRI,TN,ASO,ES,Combined TRACON& Tower with Radar,20,38,133,9,200,0,2,60,3,65,20,40,193,12,265,36,0,36,301
08/28/2006,TRI,TN,ASO,ES,Combined TRACON& Tower with Radar,24,35,36,0,95,0,0,45,0,45,24,35,81,0,140,42,0,42,182
08/29/2006,TRI,TN,ASO,ES,Combined TRACON& Tower with Radar,24,29,52,0,105,0,0,34,0,34,24,29,86,0,139,6,0,6,145
08/30/2006,TRI,TN,ASO,ES,Combined TRACON& Tower with Radar,7,44,50,2,103,0,5,16,0,21,7,49,66,2,124,20,0,20,144
08/31/2006,TRI,TN,ASO,ES,Combined TRACON& Tower with Radar,10,51,42,2,105,0,0,5,0,5,10,51,47,2,110,18,0,18,128
09/01/2006,TRI,TN,ASO,ES,Combined TRACON& Tower with Radar,12,45,45,0,102,0,0,22,0,22,12,45,67,0,124,16,0,16,140
09/02/2006,TRI,TN,ASO,ES,Combined TRACON& Tower with Radar,6,32,20,0,58,0,0,54,0,54,6,32,74,0,112,74,0,74,186
09/03/2006,TRI,TN,ASO,ES,Combined TRACON& Tower with Radar,7,0,0,0,7,2,0,0,0,2,9,0,0,0,9,137,0,137,146
09/04/2006,TRI,TN,ASO,ES,Combined TRACON& Tower with Radar,5,36,18,0,59,0,0,7,0,7,5,36,25,0,66,9,0,9,75
09/05/2006,TRI,TN,ASO,ES,Combined TRACON& Tower with Radar,20,33,24,0,77,0,3,9,0,12,20,36,33,0,89,6,0,6,95
09/06/2006,TRI,TN,ASO,ES,Combined TRACON& Tower with Radar,10,60,47,0,117,0,1,34,0,35,10,61,81,0,152,58,0,58,210
09/07/2006,TRI,TN,ASO,ES,Combined TRACON& Tower with Radar,10,52,52,0,114,0,6,58,4,68,10,58,110,4,182,96,0,96,278
09/08/2006,TRI,TN,ASO,ES,Combined TRACON& Tower with Radar,17,45,46,0,108,0,1,50,2,53,17,46,96,2,161,90,0,90,251
09/09/2006,TRI,TN,ASO,ES,Combined TRACON& Tower with Radar,5,41,29,0,75,0,2,48,0,50,5,43,77,0,125,116,0,116,241
09/10/2006,TRI,TN,ASO,ES,Combined TRACON& Tower with Radar,3,32,22,0,57,0,1,41,0,42,3,33,63,0,99,54,0,54,153
09/11/2006,TRI,TN,ASO,ES,Combined TRACON& Tower with Radar,8,51,52,0,111,0,0,40,4,44,8,51,92,4,155,44,0,44,199
09/12/2006,TRI,TN,ASO,ES,Combined TRACON& Tower with Radar,22,33,51,0,106,0,0,39,0,39,22,33,90,0,145,28,0,28,173
09/13/2006,TRI,TN,ASO,ES,Combined TRACON& Tower with Radar,10,49,58,0,117,0,0,19,0,19,10,49,77,0,136,46,0,46,182
09/14/2006,TRI,TN,ASO,ES,Combined TRACON& Tower with Radar,23,50,58,0,131,0,8,54,2,64,23,58,112,2,195,82,0,82,277
09/15/2006,TRI,TN,ASO,ES,Combined TRACON& Tower with Radar,20,43,44,4,111,0,7,37,0,44,20,50,81,4,155,54,0,54,209
09/16/2006,TRI,TN,ASO,ES,Combined TRACON& Tower with Radar,10,31,18,0,59,0,1,41,1,43,10,32,59,1,102,54,0,54,156
09/17/2006,TRI,TN,ASO,ES,Combined TRACON& Tower with Radar,4,0,13,0,17,0,0,0,0,0,4,0,13,0,17,54,0,54,71
09/18/2006,TRI,TN,ASO,ES,Combined TRACON& Tower with Radar,16,31,51,2,100,0,0,42,0,42,16,31,93,2,142,40,0,40,182
09/19/2006,TRI,TN,ASO,ES,Combined TRACON& Tower with Radar,15,49,29,0,93,0,0,30,0,30,15,49,59,0,123,24,0,24,147
09/20/2006,TRI,TN,ASO,ES,Combined TRACON& Tower with Radar,13,45,54,0,112,0,2,43,0,45,13,47,97,0,157,46,0,46,203
09/21/2006,TRI,TN,ASO,ES,Combined TRACON& Tower with Radar,7,61,30,2,100,0,1,75,4,80,7,62,105,6,180,64,1,65,245
09/22/2006,TRI,TN,ASO,ES,Combined TRACON& Tower with Radar,21,41,51,0,113,0,0,37,4,41,21,41,88,4,154,64,0,64,218
09/23/2006,TRI,TN,ASO,ES,Combined TRACON& Tower with Radar,6,31,13,0,50,0,1,13,0,14,6,32,26,0,64,12,0,12,76
09/24/2006,TRI,TN,ASO,ES,Combined TRACON& Tower with Radar,5,0,0,0,5,0,0,0,0,0,5,0,0,0,5,42,0,42,47
09/25/2006,TRI,TN,ASO,ES,Combined TRACON& Tower with Radar,22,32,42,0,96,0,0,31,3,34,22,32,73,3,130,28,0,28,158
09/26/2006,TRI,TN,ASO,ES,Combined TRACON& Tower with Radar,22,36,59,0,117,0,0,61,0,61,22,36,120,0,178,56,0,56,234
09/27/2006,TRI,TN,ASO,ES,Combined TRACON& Tower with Radar,20,51,40,0,111,0,2,49,0,51,20,53,89,0,162,34,0,34,196
09/28/2006,TRI,TN,ASO,ES,Combined TRACON& Tower with Radar,19,39,39,2,99,0,0,18,2,20,19,39,57,4,119,32,0,32,151
09/29/2006,TRI,TN,ASO,ES,Combined TRACON& Tower with Radar,7,49,51,0,107,0,1,71,0,72,7,50,122,0,179,66,0,66,245
09/30/2006,TRI,TN,ASO,ES,Combined TRACON& Tower with Radar,7,33,14,0,54,0,0,34,0,34,7,33,48,0,88,42,0,42,130
10/01/2006,TRI,TN,ASO,ES,Combined TRACON& Tower with Radar,5,38,34,0,77,0,0,52,0,52,5,38,86,0,129,52,0,52,181
10/02/2006,TRI,TN,ASO,ES,Combined TRACON& Tower with Radar,23,33,43,0,99,0,0,47,0,47,23,33,90,0,146,54,0,54,200
10/03/2006,TRI,TN,ASO,ES,Combined TRACON& Tower with Radar,10,52,47,0,109,0,1,59,2,62,10,53,106,2,171,68,0,68,239
10/04/2006,TRI,TN,ASO,ES,Combined TRACON& Tower with Radar,13,47,42,0,102,0,4,28,0,32,13,51,70,0,134,40,0,40,174
10/05/2006,TRI,TN,ASO,ES,Combined TRACON& Tower with Radar,20,49,23,0,92,0,0,23,0,23,20,49,46,0,115,32,0,32,147
10/06/2006,TRI,TN,ASO,ES,Combined TRACON& Tower with Radar,9,65,43,4,121,0,0,30,3,33,9,65,73,7,154,48,0,48,202
10/07/2006,TRI,TN,ASO,ES,Combined TRACON& Tower with Radar,7,35,14,0,56,0,0,19,0,19,7,35,33,0,75,8,0,8,83
10/08/2006,TRI,TN,ASO,ES,Combined TRACON& Tower with Radar,7,46,24,0,77,0,0,51,0,51,7,46,75,0,128,54,0,54,182
10/09/2006,TRI,TN,ASO,ES,Combined TRACON& Tower with Radar,9,39,34,0,82,0,1,48,0,49,9,40,82,0,131,64,0,64,195
10/10/2006,TRI,TN,ASO,ES,Combined TRACON& Tower with Radar,9,46,39,0,94,0,2,64,0,66,9,48,103,0,160,118,0,118,278
10/11/2006,TRI,TN,ASO,ES,Combined TRACON& Tower with Radar,8,55,39,0,102,0,3,23,0,26,8,58,62,0,128,68,0,68,196
10/12/2006,TRI,TN,ASO,ES,Combined TRACON& Tower with Radar,9,49,26,0,84,0,3,16,0,19,9,52,42,0,103,54,0,54,157
10/13/2006,TRI,TN,ASO,ES,Combined TRACON& Tower with Radar,24,37,39,0,100,0,2,36,0,38,24,39,75,0,138,94,0,94,232
10/14/2006,TRI,TN,ASO,ES,Combined TRACON& Tower with Radar,4,36,19,0,59,0,0,38,0,38,4,36,57,0,97,32,0,32,129
10/15/2006,TRI,TN,ASO,ES,Combined TRACON& Tower with Radar,6,42,42,0,90,0,0,57,3,60,6,42,99,3,150,56,0,56,206
10/16/2006,TRI,TN,ASO,ES,Combined TRACON& Tower with Radar,7,45,47,0,99,0,0,14,0,14,7,45,61,0,113,4,0,4,117
10/17/2006,TRI,TN,ASO,ES,Combined TRACON& Tower with Radar,11,44,39,0,94,0,0,9,0,9,11,44,48,0,103,38,0,38,141
10/18/2006,TRI,TN,ASO,ES,Combined TRACON& Tower with Radar,11,51,45,0,107,0,2,25,0,27,11,53,70,0,134,44,0,44,178
10/19/2006,TRI,TN,ASO,ES,Combined TRACON& Tower with Radar,10,48,53,7,118,0,1,18,0,19,10,49,71,7,137,54,0,54,191
10/20/2006,TRI,TN,ASO,ES,Combined TRACON& Tower with Radar,11,53,56,0,120,0,1,31,0,32,11,54,87,0,152,64,0,64,216
10/21/2006,TRI,TN,ASO,ES,Combined TRACON& Tower with Radar,4,35,30,2,71,0,2,48,0,50,4,37,78,2,121,46,0,46,167
10/22/2006,TRI,TN,ASO,ES,Combined TRACON& Tower with Radar,5,39,33,0,77,0,0,24,0,24,5,39,57,0,101,58,0,58,159
10/23/2006,TRI,TN,ASO,ES,Combined TRACON& Tower with Radar,17,38,39,0,94,0,0,22,0,22,17,38,61,0,116,22,0,22,138
10/24/2006,TRI,TN,ASO,ES,Combined TRACON& Tower with Radar,14,42,25,0,81,0,3,51,0,54,14,45,76,0,135,36,0,36,171
10/25/2006,TRI,TN,ASO,ES,Combined TRACON& Tower with Radar,10,48,41,0,99,0,1,60,0,61,10,49,101,0,160,100,0,100,260
10/26/2006,TRI,TN,ASO,ES,Combined TRACON& Tower with Radar,10,51,44,0,105,0,0,38,0,38,10,51,82,0,143,79,0,79,222
10/27/2006,TRI,TN,ASO,ES,Combined TRACON& Tower with Radar,8,46,29,0,83,0,0,8,0,8,8,46,37,0,91,2,0,2,93
10/28/2006,TRI,TN,ASO,ES,Combined TRACON& Tower with Radar,7,31,16,0,54,0,0,11,0,11,7,31,27,0,65,2,0,2,67
10/29/2006,TRI,TN,ASO,ES,Combined TRACON& Tower with Radar,5,38,18,0,61,0,0,56,0,56,5,38,74,0,117,68,0,68,185
10/30/2006,TRI,TN,ASO,ES,Combined TRACON& Tower with Radar,9,56,38,0,103,0,1,79,0,80,9,57,117,0,183,106,0,106,289
10/31/2006,TRI,TN,ASO,ES,Combined TRACON& Tower with Radar,14,40,46,2,102,0,2,50,0,52,14,42,96,2,154,82,0,82,236
11/01/2006,TRI,TN,ASO,ES,Combined TRACON& Tower with Radar,13,43,53,0,109,0,0,54,2,56,13,43,107,2,165,70,0,70,235
11/02/2006,TRI,TN,ASO,ES,Combined TRACON& Tower with Radar,9,48,53,0,110,0,2,40,0,42,9,50,93,0,152,84,0,84,236
11/03/2006,TRI,TN,ASO,ES,Combined TRACON& Tower with Radar,18,40,36,0,94,0,3,53,0,56,18,43,89,0,150,70,0,70,220
11/04/2006,TRI,TN,ASO,ES,Combined TRACON& Tower with Radar,9,36,13,0,58,0,0,37,0,37,9,36,50,0,95,104,0,104,199
11/05/2006,TRI,TN,ASO,ES,Combined TRACON& Tower with Radar,2,40,37,0,79,0,0,69,0,69,2,40,106,0,148,66,0,66,214
11/06/2006,TRI,TN,ASO,ES,Combined TRACON& Tower with Radar,11,45,35,0,91,0,0,36,0,36,11,45,71,0,127,91,0,91,218
11/07/2006,TRI,TN,ASO,ES,Combined TRACON& Tower with Radar,13,39,33,0,85,0,0,5,0,5,13,39,38,0,90,2,0,2,92
11/08/2006,TRI,TN,ASO,ES,Combined TRACON& Tower with Radar,10,48,42,0,100,0,0,2,0,2,10,48,44,0,102,0,0,0,102
11/09/2006,TRI,TN,ASO,ES,Combined TRACON& Tower with Radar,10,47,61,0,118,0,6,54,0,60,10,53,115,0,178,88,0,88,266
11/10/2006,TRI,TN,ASO,ES,Combined TRACON& Tower with Radar,9,47,36,0,92,0,9,69,0,78,9,56,105,0,170,138,0,138,308
11/11/2006,TRI,TN,ASO,ES,Combined TRACON& Tower with Radar,6,34,19,0,59,0,3,30,0,33,6,37,49,0,92,50,0,50,142
11/12/2006,TRI,TN,ASO,ES,Combined TRACON& Tower with Radar,7,38,22,0,67,0,0,14,0,14,7,38,36,0,81,40,0,40,121
11/13/2006,TRI,TN,ASO,ES,Combined TRACON& Tower with Radar,27,30,46,11,114,0,0,24,1,25,27,30,70,12,139,36,0,36,175
11/14/2006,TRI,TN,ASO,ES,Combined TRACON& Tower with Radar,11,48,41,0,100,0,2,30,0,32,11,50,71,0,132,50,0,50,182
11/15/2006,TRI,TN,ASO,ES,Combined TRACON& Tower with Radar,5,0,2,0,7,0,0,0,0,0,5,0,2,0,7,2,0,2,9
11/16/2006,TRI,TN,ASO,ES,Combined TRACON& Tower with Radar,7,40,54,0,101,0,2,6,4,12,7,42,60,4,113,14,0,14,127
11/17/2006,TRI,TN,ASO,ES,Combined TRACON& Tower with Radar,17,43,31,0,91,0,2,33,2,37,17,45,64,2,128,66,0,66,194
11/18/2006,TRI,TN,ASO,ES,Combined TRACON& Tower with Radar,4,47,23,0,74,0,0,34,0,34,4,47,57,0,108,38,0,38,146
11/19/2006,TRI,TN,ASO,ES,Combined TRACON& Tower with Radar,3,40,23,0,66,0,0,20,0,20,3,40,43,0,86,20,0,20,106
11/20/2006,TRI,TN,ASO,ES,Combined TRACON& Tower with Radar,12,41,37,0,90,0,0,18,0,18,12,41,55,0,108,30,0,30,138
11/21/2006,TRI,TN,ASO,ES,Combined TRACON& Tower with Radar,12,50,43,0,105,0,0,46,0,46,12,50,89,0,151,24,0,24,175
11/22/2006,TRI,TN,ASO,ES,Combined TRACON& Tower with Radar,5,57,44,2,108,0,2,54,0,56,5,59,98,2,164,64,0,64,228
11/23/2006,TRI,TN,ASO,ES,Combined TRACON& Tower with Radar,0,28,7,0,35,0,0,14,0,14,0,28,21,0,49,4,0,4,53
11/24/2006,TRI,TN,ASO,ES,Combined TRACON& Tower with Radar,3,37,21,0,61,0,1,92,0,93,3,38,113,0,154,74,0,74,228
11/25/2006,TRI,TN,ASO,ES,Combined TRACON& Tower with Radar,4,39,14,0,57,0,1,78,0,79,4,40,92,0,136,60,0,60,196
11/26/2006,TRI,TN,ASO,ES,Combined TRACON& Tower with Radar,5,52,37,0,94,0,0,94,0,94,5,52,131,0,188,94,0,94,282
11/27/2006,TRI,TN,ASO,ES,Combined TRACON& Tower with Radar,5,49,29,0,83,0,1,48,0,49,5,50,77,0,132,80,0,80,212
11/28/2006,TRI,TN,ASO,ES,Combined TRACON& Tower with Radar,11,45,43,4,103,0,0,51,1,52,11,45,94,5,155,68,0,68,223
11/29/2006,TRI,TN,ASO,ES,Combined TRACON& Tower with Radar,7,49,34,0,90,0,0,50,0,50,7,49,84,0,140,52,0,52,192
11/30/2006,TRI,TN,ASO,ES,Combined TRACON& Tower with Radar,9,50,53,0,112,0,0,20,0,20,9,50,73,0,132,30,0,30,162
12/01/2006,TRI,TN,ASO,ES,Combined TRACON& Tower with Radar,15,45,24,0,84,0,0,25,0,25,15,45,49,0,109,7,0,7,116
12/02/2006,TRI,TN,ASO,ES,Combined TRACON& Tower with Radar,6,32,25,0,63,0,0,59,0,59,6,32,84,0,122,86,0,86,208
12/03/2006,TRI,TN,ASO,ES,Combined TRACON& Tower with Radar,2,41,19,0,62,0,0,37,0,37,2,41,56,0,99,60,0,60,159
12/04/2006,TRI,TN,ASO,ES,Combined TRACON& Tower with Radar,11,42,30,0,83,0,1,42,0,43,11,43,72,0,126,38,0,38,164
12/05/2006,TRI,TN,ASO,ES,Combined TRACON& Tower with Radar,11,44,29,0,84,1,1,62,0,64,12,45,91,0,148,42,0,42,190
12/06/2006,TRI,TN,ASO,ES,Combined TRACON& Tower with Radar,8,59,32,0,99,0,2,36,0,38,8,61,68,0,137,24,0,24,161
12/07/2006,TRI,TN,ASO,ES,Combined TRACON& Tower with Radar,7,55,37,0,99,0,0,23,0,23,7,55,60,0,122,16,0,16,138
12/08/2006,TRI,TN,ASO,ES,Combined TRACON& Tower with Radar,16,48,39,1,104,0,2,60,1,63,16,50,99,2,167,52,0,52,219
12/09/2006,TRI,TN,ASO,ES,Combined TRACON& Tower with Radar,5,43,20,2,70,0,18,37,0,55,5,61,57,2,125,60,0,60,185
12/10/2006,TRI,TN,ASO,ES,Combined TRACON& Tower with Radar,9,35,16,0,60,0,0,51,0,51,9,35,67,0,111,32,0,32,143
12/11/2006,TRI,TN,ASO,ES,Combined TRACON& Tower with Radar,5,56,30,0,91,0,14,24,0,38,5,70,54,0,129,56,0,56,185
12/12/2006,TRI,TN,ASO,ES,Combined TRACON& Tower with Radar,12,49,49,0,110,0,2,32,0,34,12,51,81,0,144,33,0,33,177
12/13/2006,TRI,TN,ASO,ES,Combined TRACON& Tower with Radar,4,56,46,0,106,0,2,33,0,35,4,58,79,0,141,26,0,26,167
12/14/2006,TRI,TN,ASO,ES,Combined TRACON& Tower with Radar,4,57,44,0,105,0,5,45,0,50,4,62,89,0,155,28,0,28,183
12/15/2006,TRI,TN,ASO,ES,Combined TRACON& Tower with Radar,12,46,37,8,103,0,0,59,0,59,12,46,96,8,162,44,0,44,206
12/16/2006,TRI,TN,ASO,ES,Combined TRACON& Tower with Radar,4,38,24,0,66,0,0,75,0,75,4,38,99,0,141,124,0,124,265
12/17/2006,TRI,TN,ASO,ES,Combined TRACON& Tower with Radar,7,38,17,0,62,0,1,54,0,55,7,39,71,0,117,106,0,106,223
12/18/2006,TRI,TN,ASO,ES,Combined TRACON& Tower with Radar,7,46,33,0,86,0,0,46,0,46,7,46,79,0,132,62,0,62,194
12/19/2006,TRI,TN,ASO,ES,Combined TRACON& Tower with Radar,16,40,45,0,101,0,2,19,1,22,16,42,64,1,123,32,0,32,155
12/20/2006,TRI,TN,ASO,ES,Combined TRACON& Tower with Radar,6,50,46,0,102,0,1,47,0,48,6,51,93,0,150,38,0,38,188
12/21/2006,TRI,TN,ASO,ES,Combined TRACON& Tower with Radar,8,50,42,0,100,0,2,23,0,25,8,52,65,0,125,24,0,24,149
12/22/2006,TRI,TN,ASO,ES,Combined TRACON& Tower with Radar,18,28,20,0,66,0,0,5,0,5,18,28,25,0,71,6,0,6,77
12/23/2006,TRI,TN,ASO,ES,Combined TRACON& Tower with Radar,15,36,21,0,72,0,0,36,0,36,15,36,57,0,108,92,0,92,200
12/24/2006,TRI,TN,ASO,ES,Combined TRACON& Tower with Radar,5,35,14,0,54,0,0,13,0,13,5,35,27,0,67,6,0,6,73
12/25/2006,TRI,TN,ASO,ES,Combined TRACON& Tower with Radar,2,30,2,0,34,0,0,1,0,1,2,30,3,0,35,0,0,0,35
12/26/2006,TRI,TN,ASO,ES,Combined TRACON& Tower with Radar,9,51,20,0,80,0,0,4,0,4,9,51,24,0,84,3,0,3,87
12/27/2006,TRI,TN,ASO,ES,Combined TRACON& Tower with Radar,22,38,42,0,102,0,0,31,0,31,22,38,73,0,133,22,0,22,155
12/28/2006,TRI,TN,ASO,ES,Combined TRACON& Tower with Radar,9,45,25,0,79,0,0,74,2,76,9,45,99,2,155,104,0,104,259
12/29/2006,TRI,TN,ASO,ES,Combined TRACON& Tower with Radar,8,52,25,0,85,0,2,52,0,54,8,54,77,0,139,54,0,54,193
12/30/2006,TRI,TN,ASO,ES,Combined TRACON& Tower with Radar,6,35,20,0,61,0,0,50,0,50,6,35,70,0,111,64,0,64,175
12/31/2006,TRI,TN,ASO,ES,Combined TRACON& Tower with Radar,6,36,6,0,48,0,0,7,0,7,6,36,13,0,55,24,0,24,79
01/01/2007,TRI,TN,ASO,ES,Combined TRACON& Tower with Radar,2,34,10,0,46,0,0,14,0,14,2,34,24,0,60,20,0,20,80
01/02/2007,TRI,TN,ASO,ES,Combined TRACON& Tower with Radar,11,43,35,0,89,0,1,29,0,30,11,44,64,0,119,26,0,26,145
01/03/2007,TRI,TN,ASO,ES,Combined TRACON& Tower with Radar,8,54,28,0,90,0,1,55,0,56,8,55,83,0,146,18,0,18,164
01/04/2007,TRI,TN,ASO,ES,Combined TRACON& Tower with Radar,9,49,46,0,104,0,2,26,0,28,9,51,72,0,132,28,0,28,160
01/05/2007,TRI,TN,ASO,ES,Combined TRACON& Tower with Radar,13,43,30,0,86,0,1,12,0,13,13,44,42,0,99,46,0,46,145
01/06/2007,TRI,TN,ASO,ES,Combined TRACON& Tower with Radar,5,37,24,0,66,0,0,41,0,41,5,37,65,0,107,90,0,90,197
01/07/2007,TRI,TN,ASO,ES,Combined TRACON& Tower with Radar,9,33,16,0,58,0,0,4,0,4,9,33,20,0,62,4,0,4,66
01/08/2007,TRI,TN,ASO,ES,Combined TRACON& Tower with Radar,12,47,32,0,91,0,2,16,0,18,12,49,48,0,109,18,0,18,127
01/09/2007,TRI,TN,ASO,ES,Combined TRACON& Tower with Radar,8,50,32,6,96,0,0,1,0,1,8,50,33,6,97,2,0,2,99
01/10/2007,TRI,TN,ASO,ES,Combined TRACON& Tower with Radar,9,55,29,0,93,0,1,44,0,45,9,56,73,0,138,94,0,94,232
01/11/2007,TRI,TN,ASO,ES,Combined TRACON& Tower with Radar,18,42,47,2,109,0,1,41,0,42,18,43,88,2,151,24,0,24,175
01/12/2007,TRI,TN,ASO,ES,Combined TRACON& Tower with Radar,0,0,0,0,0,0,0,0,0,0,0,0,0,0,0,50,0,50,50
01/13/2007,TRI,TN,ASO,ES,Combined TRACON& Tower with Radar,7,33,15,0,55,0,0,53,0,53,7,33,68,0,108,88,0,88,196
01/14/2007,TRI,TN,ASO,ES,Combined TRACON& Tower with Radar,4,46,28,0,78,0,0,66,0,66,4,46,94,0,144,124,0,124,268
01/15/2007,TRI,TN,ASO,ES,Combined TRACON& Tower with Radar,9,41,15,4,69,0,0,16,0,16,9,41,31,4,85,18,0,18,103
01/16/2007,TRI,TN,ASO,ES,Combined TRACON& Tower with Radar,8,50,26,0,84,0,0,4,0,4,8,50,30,0,88,0,0,0,88
01/17/2007,TRI,TN,ASO,ES,Combined TRACON& Tower with Radar,8,50,37,0,95,0,2,33,0,35,8,52,70,0,130,28,0,28,158
01/18/2007,TRI,TN,ASO,ES,Combined TRACON& Tower with Radar,6,48,32,0,86,0,0,15,1,16,6,48,47,1,102,7,0,7,109
01/19/2007,TRI,TN,ASO,ES,Combined TRACON& Tower with Radar,8,47,24,0,79,0,2,22,0,24,8,49,46,0,103,18,0,18,121
01/20/2007,TRI,TN,ASO,ES,Combined TRACON& Tower with Radar,7,32,23,0,62,0,0,61,3,64,7,32,84,3,126,64,0,64,190
01/21/2007,TRI,TN,ASO,ES,Combined TRACON& Tower with Radar,4,38,4,0,46,0,0,5,0,5,4,38,9,0,51,24,0,24,75
01/22/2007,TRI,TN,ASO,ES,Combined TRACON& Tower with Radar,9,43,17,0,69,0,0,2,0,2,9,43,19,0,71,3,0,3,74
01/23/2007,TRI,TN,ASO,ES,Combined TRACON& Tower with Radar,22,39,40,0,101,0,3,17,0,20,22,42,57,0,121,20,0,20,141
01/24/2007,TRI,TN,ASO,ES,Combined TRACON& Tower with Radar,13,45,51,0,109,0,1,13,0,14,13,46,64,0,123,0,0,0,123
01/25/2007,TRI,TN,ASO,ES,Combined TRACON& Tower with Radar,5,50,30,0,85,0,4,9,0,13,5,54,39,0,98,4,0,4,102
01/26/2007,TRI,TN,ASO,ES,Combined TRACON& Tower with Radar,10,51,38,0,99,0,4,27,0,31,10,55,65,0,130,40,0,40,170
01/27/2007,TRI,TN,ASO,ES,Combined TRACON& Tower with Radar,6,29,12,6,53,0,1,39,0,40,6,30,51,6,93,30,0,30,123
01/28/2007,TRI,TN,ASO,ES,Combined TRACON& Tower with Radar,7,38,6,0,51,0,0,2,0,2,7,38,8,0,53,14,0,14,67
01/29/2007,TRI,TN,ASO,ES,Combined TRACON& Tower with Radar,6,50,29,0,85,0,1,19,0,20,6,51,48,0,105,58,0,58,163
01/30/2007,TRI,TN,ASO,ES,Combined TRACON& Tower with Radar,9,49,39,2,99,0,4,26,5,35,9,53,65,7,134,62,0,62,196
01/31/2007,TRI,TN,ASO,ES,Combined TRACON& Tower with Radar,11,46,50,0,107,0,1,50,0,51,11,47,100,0,158,111,0,111,269
02/01/2007,TRI,TN,ASO,ES,Combined TRACON& Tower with Radar,14,41,20,1,76,0,0,2,0,2,14,41,22,1,78,0,0,0,78
02/02/2007,TRI,TN,ASO,ES,Combined TRACON& Tower with Radar,8,51,21,0,80,0,1,0,0,1,8,52,21,0,81,0,0,0,81
02/03/2007,TRI,TN,ASO,ES,Combined TRACON& Tower with Radar,9,32,17,0,58,0,0,16,0,16,9,32,33,0,74,24,0,24,98
02/04/2007,TRI,TN,ASO,ES,Combined TRACON& Tower with Radar,3,36,7,0,46,0,0,1,0,1,3,36,8,0,47,20,0,20,67
02/05/2007,TRI,TN,ASO,ES,Combined TRACON& Tower with Radar,10,51,27,0,88,0,0,18,3,21,10,51,45,3,109,22,0,22,131
02/06/2007,TRI,TN,ASO,ES,Combined TRACON& Tower with Radar,8,47,33,0,88,0,2,12,0,14,8,49,45,0,102,34,0,34,136
02/07/2007,TRI,TN,ASO,ES,Combined TRACON& Tower with Radar,8,51,28,0,87,0,2,33,2,37,8,53,61,2,124,36,0,36,160
02/08/2007,TRI,TN,ASO,ES,Combined TRACON& Tower with Radar,13,40,47,0,100,0,2,31,0,33,13,42,78,0,133,30,0,30,163
02/09/2007,TRI,TN,ASO,ES,Combined TRACON& Tower with Radar,14,46,35,0,95,0,2,35,0,37,14,48,70,0,132,46,0,46,178
02/10/2007,TRI,TN,ASO,ES,Combined TRACON& Tower with Radar,8,57,16,0,81,0,0,54,0,54,8,57,70,0,135,58,0,58,193
02/11/2007,TRI,TN,ASO,ES,Combined TRACON& Tower with Radar,6,39,17,0,62,0,0,62,0,62,6,39,79,0,124,56,0,56,180
02/12/2007,TRI,TN,ASO,ES,Combined TRACON& Tower with Radar,12,43,31,0,86,0,2,26,0,28,12,45,57,0,114,29,0,29,143
02/13/2007,TRI,TN,ASO,ES,Combined TRACON& Tower with Radar,7,47,31,0,85,0,0,29,0,29,7,47,60,0,114,10,0,10,124
02/14/2007,TRI,TN,ASO,ES,Combined TRACON& Tower with Radar,5,46,20,0,71,0,1,7,0,8,5,47,27,0,79,12,0,12,91
02/15/2007,TRI,TN,ASO,ES,Combined TRACON& Tower with Radar,19,40,41,0,100,0,2,21,0,23,19,42,62,0,123,36,0,36,159
02/16/2007,TRI,TN,ASO,ES,Combined TRACON& Tower with Radar,13,42,33,0,88,0,2,44,0,46,13,44,77,0,134,69,0,69,203
02/17/2007,TRI,TN,ASO,ES,Combined TRACON& Tower with Radar,6,37,8,4,55,0,0,17,0,17,6,37,25,4,72,52,0,52,124
02/18/2007,TRI,TN,ASO,ES,Combined TRACON& Tower with Radar,7,37,12,0,56,0,0,5,0,5,7,37,17,0,61,0,0,0,61
02/19/2007,TRI,TN,ASO,ES,Combined TRACON& Tower with Radar,7,52,42,0,101,0,3,61,0,64,7,55,103,0,165,84,0,84,249
02/20/2007,TRI,TN,ASO,ES,Combined TRACON& Tower with Radar,13,46,42,0,101,0,0,21,0,21,13,46,63,0,122,24,0,24,146
02/21/2007,TRI,TN,ASO,ES,Combined TRACON& Tower with Radar,10,49,34,0,93,0,5,22,0,27,10,54,56,0,120,54,0,54,174
02/22/2007,TRI,TN,ASO,ES,Combined TRACON& Tower with Radar,21,60,50,0,131,0,1,19,0,20,21,61,69,0,151,15,0,15,166
02/23/2007,TRI,TN,ASO,ES,Combined TRACON& Tower with Radar,9,53,38,0,100,0,6,76,0,82,9,59,114,0,182,108,0,108,290
02/24/2007,TRI,TN,ASO,ES,Combined TRACON& Tower with Radar,10,36,17,0,63,0,14,61,0,75,10,50,78,0,138,166,0,166,304
02/25/2007,TRI,TN,ASO,ES,Combined TRACON& Tower with Radar,8,38,16,0,62,0,4,4,0,8,8,42,20,0,70,36,0,36,106
02/26/2007,TRI,TN,ASO,ES,Combined TRACON& Tower with Radar,8,55,50,0,113,0,7,47,2,56,8,62,97,2,169,92,0,92,261
02/27/2007,TRI,TN,ASO,ES,Combined TRACON& Tower with Radar,10,48,55,0,113,0,14,52,0,66,10,62,107,0,179,112,0,112,291
02/28/2007,TRI,TN,ASO,ES,Combined TRACON& Tower with Radar,14,49,71,0,134,0,8,77,0,85,14,57,148,0,219,56,0,56,275
03/01/2007,TRI,TN,ASO,ES,Combined TRACON& Tower with Radar,11,44,69,0,124,0,0,14,0,14,11,44,83,0,138,62,0,62,200
03/02/2007,TRI,TN,ASO,ES,Combined TRACON& Tower with Radar,16,40,38,0,94,0,1,37,0,38,16,41,75,0,132,124,0,124,256
03/03/2007,TRI,TN,ASO,ES,Combined TRACON& Tower with Radar,3,42,16,0,61,0,0,18,0,18,3,42,34,0,79,12,0,12,91
03/04/2007,TRI,TN,ASO,ES,Combined TRACON& Tower with Radar,7,38,30,0,75,0,1,11,0,12,7,39,41,0,87,66,0,66,153
03/05/2007,TRI,TN,ASO,ES,Combined TRACON& Tower with Radar,9,50,35,0,94,0,5,16,0,21,9,55,51,0,115,30,0,30,145
03/06/2007,TRI,TN,ASO,ES,Combined TRACON& Tower with Radar,12,56,46,0,114,0,1,47,0,48,12,57,93,0,162,10,0,10,172
03/07/2007,TRI,TN,ASO,ES,Combined TRACON& Tower with Radar,13,44,45,0,102,0,1,30,0,31,13,45,75,0,133,9,0,9,142
03/08/2007,TRI,TN,ASO,ES,Combined TRACON& Tower with Radar,10,53,34,0,97,0,4,54,0,58,10,57,88,0,155,83,0,83,238
03/09/2007,TRI,TN,ASO,ES,Combined TRACON& Tower with Radar,12,46,36,0,94,0,1,26,0,27,12,47,62,0,121,76,0,76,197
03/10/2007,TRI,TN,ASO,ES,Combined TRACON& Tower with Radar,5,38,14,2,59,0,0,30,0,30,5,38,44,2,89,102,0,102,191
03/11/2007,TRI,TN,ASO,ES,Combined TRACON& Tower with Radar,8,33,24,0,65,0,0,58,0,58,8,33,82,0,123,112,0,112,235
03/12/2007,TRI,TN,ASO,ES,Combined TRACON& Tower with Radar,10,53,34,0,97,0,2,47,0,49,10,55,81,0,146,62,0,62,208
03/13/2007,TRI,TN,ASO,ES,Combined TRACON& Tower with Radar,10,51,36,0,97,0,3,31,5,39,10,54,67,5,136,24,0,24,160
03/14/2007,TRI,TN,ASO,ES,Combined TRACON& Tower with Radar,14,46,33,0,93,0,1,24,0,25,14,47,57,0,118,22,0,22,140
03/15/2007,TRI,TN,ASO,ES,Combined TRACON& Tower with Radar,13,55,38,0,106,0,0,18,0,18,13,55,56,0,124,29,0,29,153
03/16/2007,TRI,TN,ASO,ES,Combined TRACON& Tower with Radar,19,45,41,0,105,0,0,2,0,2,19,45,43,0,107,17,0,17,124
03/17/2007,TRI,TN,ASO,ES,Combined TRACON& Tower with Radar,8,39,29,0,76,0,0,32,0,32,8,39,61,0,108,70,0,70,178
03/18/2007,TRI,TN,ASO,ES,Combined TRACON& Tower with Radar,8,36,25,0,69,0,1,74,0,75,8,37,99,0,144,88,0,88,232
03/19/2007,TRI,TN,ASO,ES,Combined TRACON& Tower with Radar,5,54,39,0,98,0,2,31,0,33,5,56,70,0,131,18,0,18,149
03/20/2007,TRI,TN,ASO,ES,Combined TRACON& Tower with Radar,11,52,53,0,116,0,3,20,0,23,11,55,73,0,139,28,0,28,167
03/21/2007,TRI,TN,ASO,ES,Combined TRACON& Tower with Radar,12,47,52,0,111,0,2,33,0,35,12,49,85,0,146,79,0,79,225
03/22/2007,TRI,TN,ASO,ES,Combined TRACON& Tower with Radar,15,44,90,0,149,0,2,27,0,29,15,46,117,0,178,10,0,10,188
03/23/2007,TRI,TN,ASO,ES,Combined TRACON& Tower with Radar,25,36,85,0,146,0,3,65,3,71,25,39,150,3,217,41,0,41,258
03/24/2007,TRI,TN,ASO,ES,Combined TRACON& Tower with Radar,9,40,69,4,122,0,65,29,7,101,9,105,98,11,223,78,0,78,301
03/25/2007,TRI,TN,ASO,ES,Combined TRACON& Tower with Radar,8,50,223,5,286,0,301,54,3,358,8,351,277,8,644,8,0,8,652
03/26/2007,TRI,TN,ASO,ES,Combined TRACON& Tower with Radar,17,50,50,0,117,0,3,46,1,50,17,53,96,1,167,14,0,14,181
03/27/2007,TRI,TN,ASO,ES,Combined TRACON& Tower with Radar,8,49,37,1,95,0,2,29,0,31,8,51,66,1,126,41,0,41,167
03/28/2007,TRI,TN,ASO,ES,Combined TRACON& Tower with Radar,17,45,35,0,97,0,1,13,0,14,17,46,48,0,111,51,0,51,162
03/29/2007,TRI,TN,ASO,ES,Combined TRACON& Tower with Radar,9,49,38,0,96,0,1,14,0,15,9,50,52,0,111,24,0,24,135
03/30/2007,TRI,TN,ASO,ES,Combined TRACON& Tower with Radar,10,45,44,0,99,0,4,42,0,46,10,49,86,0,145,70,0,70,215
03/31/2007,TRI,TN,ASO,ES,Combined TRACON& Tower with Radar,7,44,31,0,82,0,22,60,0,82,7,66,91,0,164,62,0,62,226
04/01/2007,TRI,TN,ASO,ES,Combined TRACON& Tower with Radar,6,39,14,1,60,0,0,8,1,9,6,39,22,2,69,4,0,4,73
04/02/2007,TRI,TN,ASO,ES,Combined TRACON& Tower with Radar,9,53,36,1,99,0,0,27,0,27,9,53,63,1,126,18,0,18,144
04/03/2007,TRI,TN,ASO,ES,Combined TRACON& Tower with Radar,7,56,47,0,110,0,0,24,0,24,7,56,71,0,134,34,0,34,168
04/04/2007,TRI,TN,ASO,ES,Combined TRACON& Tower with Radar,22,37,26,0,85,0,1,4,0,5,22,38,30,0,90,4,0,4,94
04/05/2007,TRI,TN,ASO,ES,Combined TRACON& Tower with Radar,17,46,43,0,106,0,1,20,0,21,17,47,63,0,127,14,0,14,141
04/06/2007,TRI,TN,ASO,ES,Combined TRACON& Tower with Radar,11,53,31,0,95,0,2,30,0,32,11,55,61,0,127,42,0,42,169
04/07/2007,TRI,TN,ASO,ES,Combined TRACON& Tower with Radar,3,35,14,0,52,0,0,23,0,23,3,35,37,0,75,28,0,28,103
04/08/2007,TRI,TN,ASO,ES,Combined TRACON& Tower with Radar,7,38,11,0,56,0,0,7,0,7,7,38,18,0,63,4,0,4,67
04/09/2007,TRI,TN,ASO,ES,Combined TRACON& Tower with Radar,9,51,33,0,93,0,0,35,0,35,9,51,68,0,128,16,0,16,144
04/10/2007,TRI,TN,ASO,ES,Combined TRACON& Tower with Radar,24,40,32,0,96,0,1,50,0,51,24,41,82,0,147,104,0,104,251
04/11/2007,TRI,TN,ASO,ES,Combined TRACON& Tower with Radar,10,46,29,0,85,0,1,14,0,15,10,47,43,0,100,4,0,4,104
04/12/2007,TRI,TN,ASO,ES,Combined TRACON& Tower with Radar,18,45,38,0,101,0,0,14,0,14,18,45,52,0,115,6,0,6,121
04/13/2007,TRI,TN,ASO,ES,Combined TRACON& Tower with Radar,12,61,33,1,107,0,0,52,0,52,12,61,85,1,159,98,9,107,266
04/14/2007,TRI,TN,ASO,ES,Combined TRACON& Tower with Radar,3,42,6,0,51,0,0,16,0,16,3,42,22,0,67,60,0,60,127
04/15/2007,TRI,TN,ASO,ES,Combined TRACON& Tower with Radar,6,39,12,0,57,0,0,0,0,0,6,39,12,0,57,2,0,2,59
04/16/2007,TRI,TN,ASO,ES,Combined TRACON& Tower with Radar,10,43,32,0,85,0,2,7,2,11,10,45,39,2,96,2,0,2,98
04/17/2007,TRI,TN,ASO,ES,Combined TRACON& Tower with Radar,15,39,36,0,90,0,1,33,0,34,15,40,69,0,124,20,0,20,144
04/18/2007,TRI,TN,ASO,ES,Combined TRACON& Tower with Radar,25,39,39,0,103,0,4,37,4,45,25,43,76,4,148,90,0,90,238
04/19/2007,TRI,TN,ASO,ES,Combined TRACON& Tower with Radar,23,42,51,2,118,0,0,14,0,14,23,42,65,2,132,18,0,18,150
04/20/2007,TRI,TN,ASO,ES,Combined TRACON& Tower with Radar,14,44,54,0,112,0,1,41,2,44,14,45,95,2,156,56,0,56,212
04/21/2007,TRI,TN,ASO,ES,Combined TRACON& Tower with Radar,4,41,32,0,77,0,0,73,0,73,4,41,105,0,150,154,0,154,304
04/22/2007,TRI,TN,ASO,ES,Combined TRACON& Tower with Radar,8,43,25,2,78,0,0,61,0,61,8,43,86,2,139,76,0,76,215
04/23/2007,TRI,TN,ASO,ES,Combined TRACON& Tower with Radar,11,50,29,6,96,0,0,42,0,42,11,50,71,6,138,72,0,72,210
04/24/2007,TRI,TN,ASO,ES,Combined TRACON& Tower with Radar,10,48,27,0,85,0,0,30,0,30,10,48,57,0,115,14,0,14,129
04/25/2007,TRI,TN,ASO,ES,Combined TRACON& Tower with Radar,16,49,42,0,107,0,1,40,0,41,16,50,82,0,148,58,0,58,206
04/26/2007,TRI,TN,ASO,ES,Combined TRACON& Tower with Radar,12,46,30,0,88,0,0,3,0,3,12,46,33,0,91,0,0,0,91
04/27/2007,TRI,TN,ASO,ES,Combined TRACON& Tower with Radar,16,47,37,1,101,0,10,38,1,49,16,57,75,2,150,73,0,73,223
04/28/2007,TRI,TN,ASO,ES,Combined TRACON& Tower with Radar,7,35,16,0,58,0,0,35,3,38,7,35,51,3,96,102,0,102,198
04/29/2007,TRI,TN,ASO,ES,Combined TRACON& Tower with Radar,5,41,20,2,68,0,3,39,2,44,5,44,59,4,112,22,0,22,134
04/30/2007,TRI,TN,ASO,ES,Combined TRACON& Tower with Radar,5,48,48,0,101,0,0,70,0,70,5,48,118,0,171,90,0,90,261
05/01/2007,TRI,TN,ASO,ES,Combined TRACON& Tower with Radar,11,50,39,0,100,0,3,61,0,64,11,53,100,0,164,116,0,116,280
05/02/2007,TRI,TN,ASO,ES,Combined TRACON& Tower with Radar,9,49,42,7,107,0,5,29,0,34,9,54,71,7,141,28,0,28,169
05/03/2007,TRI,TN,ASO,ES,Combined TRACON& Tower with Radar,29,35,85,0,149,0,0,17,0,17,29,35,102,0,166,58,0,58,224
05/04/2007,TRI,TN,ASO,ES,Combined TRACON& Tower with Radar,14,47,54,2,117,0,5,23,0,28,14,52,77,2,145,42,0,42,187
05/05/2007,TRI,TN,ASO,ES,Combined TRACON& Tower with Radar,4,34,15,2,55,0,2,9,0,11,4,36,24,2,66,79,0,79,145
05/06/2007,TRI,TN,ASO,ES,Combined TRACON& Tower with Radar,6,42,21,0,69,0,6,43,0,49,6,48,64,0,118,46,0,46,164
05/07/2007,TRI,TN,ASO,ES,Combined TRACON& Tower with Radar,10,50,28,2,90,0,2,43,0,45,10,52,71,2,135,24,0,24,159
05/08/2007,TRI,TN,ASO,ES,Combined TRACON& Tower with Radar,15,50,45,0,110,0,3,56,0,59,15,53,101,0,169,42,0,42,211
05/09/2007,TRI,TN,ASO,ES,Combined TRACON& Tower with Radar,14,47,45,12,118,0,4,39,2,45,14,51,84,14,163,59,0,59,222
05/10/2007,TRI,TN,ASO,ES,Combined TRACON& Tower with Radar,11,48,37,3,99,0,6,34,2,42,11,54,71,5,141,30,0,30,171
05/11/2007,TRI,TN,ASO,ES,Combined TRACON& Tower with Radar,14,40,35,2,91,0,2,26,0,28,14,42,61,2,119,10,0,10,129
05/12/2007,TRI,TN,ASO,ES,Combined TRACON& Tower with Radar,10,31,15,0,56,0,0,41,0,41,10,31,56,0,97,44,0,44,141
05/13/2007,TRI,TN,ASO,ES,Combined TRACON& Tower with Radar,6,32,19,0,57,0,1,42,0,43,6,33,61,0,100,64,0,64,164
05/14/2007,TRI,TN,ASO,ES,Combined TRACON& Tower with Radar,10,47,42,0,99,0,13,57,0,70,10,60,99,0,169,104,0,104,273
05/15/2007,TRI,TN,ASO,ES,Combined TRACON& Tower with Radar,15,37,47,0,99,0,0,41,1,42,15,37,88,1,141,38,0,38,179
05/16/2007,TRI,TN,ASO,ES,Combined TRACON& Tower with Radar,15,43,55,0,113,0,0,22,0,22,15,43,77,0,135,18,0,18,153
05/17/2007,TRI,TN,ASO,ES,Combined TRACON& Tower with Radar,20,49,59,0,128,0,1,59,4,64,20,50,118,4,192,56,0,56,248
05/18/2007,TRI,TN,ASO,ES,Combined TRACON& Tower with Radar,23,38,32,1,94,0,2,49,0,51,23,40,81,1,145,35,0,35,180
05/19/2007,TRI,TN,ASO,ES,Combined TRACON& Tower with Radar,5,37,28,0,70,0,1,29,0,30,5,38,57,0,100,46,0,46,146
05/20/2007,TRI,TN,ASO,ES,Combined TRACON& Tower with Radar,12,41,22,5,80,0,0,46,0,46,12,41,68,5,126,16,4,20,146
05/21/2007,TRI,TN,ASO,ES,Combined TRACON& Tower with Radar,13,54,37,0,104,0,1,57,2,60,13,55,94,2,164,80,0,80,244
05/22/2007,TRI,TN,ASO,ES,Combined TRACON& Tower with Radar,18,48,48,0,114,0,3,42,0,45,18,51,90,0,159,48,0,48,207
05/23/2007,TRI,TN,ASO,ES,Combined TRACON& Tower with Radar,12,48,32,0,92,0,1,21,4,26,12,49,53,4,118,19,0,19,137
05/24/2007,TRI,TN,ASO,ES,Combined TRACON& Tower with Radar,15,54,52,2,123,0,0,51,0,51,15,54,103,2,174,28,0,28,202
05/25/2007,TRI,TN,ASO,ES,Combined TRACON& Tower with Radar,10,52,36,0,98,0,6,36,0,42,10,58,72,0,140,28,0,28,168
05/26/2007,TRI,TN,ASO,ES,Combined TRACON& Tower with Radar,4,41,12,0,57,0,0,29,0,29,4,41,41,0,86,58,0,58,144
05/27/2007,TRI,TN,ASO,ES,Combined TRACON& Tower with Radar,5,38,18,0,61,0,0,20,0,20,5,38,38,0,81,2,0,2,83
05/28/2007,TRI,TN,ASO,ES,Combined TRACON& Tower with Radar,7,33,30,0,70,0,0,29,0,29,7,33,59,0,99,28,0,28,127
05/29/2007,TRI,TN,ASO,ES,Combined TRACON& Tower with Radar,9,54,44,0,107,0,2,42,0,44,9,56,86,0,151,84,0,84,235
05/30/2007,TRI,TN,ASO,ES,Combined TRACON& Tower with Radar,13,45,54,2,114,0,2,57,1,60,13,47,111,3,174,40,0,40,214
05/31/2007,TRI,TN,ASO,ES,Combined TRACON& Tower with Radar,21,61,44,6,132,0,9,54,5,68,21,70,98,11,200,112,0,112,312
06/01/2007,TRI,TN,ASO,ES,Combined TRACON& Tower with Radar,10,49,45,0,104,0,1,41,0,42,10,50,86,0,146,54,0,54,200
06/02/2007,TRI,TN,ASO,ES,Combined TRACON& Tower with Radar,6,36,28,0,70,0,0,31,0,31,6,36,59,0,101,45,0,45,146
06/03/2007,TRI,TN,ASO,ES,Combined TRACON& Tower with Radar,21,27,26,0,74,0,0,30,0,30,21,27,56,0,104,26,0,26,130
06/04/2007,TRI,TN,ASO,ES,Combined TRACON& Tower with Radar,4,51,46,0,101,0,5,26,0,31,4,56,72,0,132,22,0,22,154
06/05/2007,TRI,TN,ASO,ES,Combined TRACON& Tower with Radar,37,23,25,0,85,0,2,21,0,23,37,25,46,0,108,16,0,16,124
06/06/2007,TRI,TN,ASO,ES,Combined TRACON& Tower with Radar,15,47,48,0,110,0,6,33,0,39,15,53,81,0,149,41,0,41,190
06/07/2007,TRI,TN,ASO,ES,Combined TRACON& Tower with Radar,15,53,47,0,115,0,3,40,0,43,15,56,87,0,158,18,0,18,176
06/08/2007,TRI,TN,ASO,ES,Combined TRACON& Tower with Radar,10,42,25,0,77,0,10,40,0,50,10,52,65,0,127,43,0,43,170
06/09/2007,TRI,TN,ASO,ES,Combined TRACON& Tower with Radar,14,32,24,0,70,0,0,16,0,16,14,32,40,0,86,21,0,21,107
06/10/2007,TRI,TN,ASO,ES,Combined TRACON& Tower with Radar,15,27,28,0,70,0,2,59,0,61,15,29,87,0,131,69,0,69,200
06/11/2007,TRI,TN,ASO,ES,Combined TRACON& Tower with Radar,5,46,46,1,98,0,4,39,1,44,5,50,85,2,142,30,0,30,172
06/12/2007,TRI,TN,ASO,ES,Combined TRACON& Tower with Radar,14,43,45,0,102,0,1,42,1,44,14,44,87,1,146,54,0,54,200
06/13/2007,TRI,TN,ASO,ES,Combined TRACON& Tower with Radar,7,48,46,0,101,0,2,58,0,60,7,50,104,0,161,60,0,60,221
06/14/2007,TRI,TN,ASO,ES,Combined TRACON& Tower with Radar,15,44,62,0,121,0,1,54,0,55,15,45,116,0,176,20,0,20,196
06/15/2007,TRI,TN,ASO,ES,Combined TRACON& Tower with Radar,15,40,51,0,106,0,2,31,0,33,15,42,82,0,139,65,0,65,204
06/16/2007,TRI,TN,ASO,ES,Combined TRACON& Tower with Radar,3,48,26,0,77,0,0,35,0,35,3,48,61,0,112,41,0,41,153
06/17/2007,TRI,TN,ASO,ES,Combined TRACON& Tower with Radar,12,35,26,3,76,0,0,58,0,58,12,35,84,3,134,42,0,42,176
06/18/2007,TRI,TN,ASO,ES,Combined TRACON& Tower with Radar,12,46,48,0,106,0,4,53,0,57,12,50,101,0,163,62,0,62,225
06/19/2007,TRI,TN,ASO,ES,Combined TRACON& Tower with Radar,19,32,32,0,83,0,2,23,0,25,19,34,55,0,108,26,0,26,134
06/20/2007,TRI,TN,ASO,ES,Combined TRACON& Tower with Radar,9,61,44,0,114,0,3,67,0,70,9,64,111,0,184,109,0,109,293
06/21/2007,TRI,TN,ASO,ES,Combined TRACON& Tower with Radar,15,50,49,0,114,0,2,66,0,68,15,52,115,0,182,27,0,27,209
06/22/2007,TRI,TN,ASO,ES,Combined TRACON& Tower with Radar,16,45,46,0,107,0,4,43,0,47,16,49,89,0,154,36,0,36,190
06/23/2007,TRI,TN,ASO,ES,Combined TRACON& Tower with Radar,9,41,19,0,69,0,0,37,0,37,9,41,56,0,106,48,0,48,154
06/24/2007,TRI,TN,ASO,ES,Combined TRACON& Tower with Radar,12,32,25,0,69,0,3,25,0,28,12,35,50,0,97,26,0,26,123
06/25/2007,TRI,TN,ASO,ES,Combined TRACON& Tower with Radar,10,38,54,0,102,0,2,24,0,26,10,40,78,0,128,22,0,22,150
06/26/2007,TRI,TN,ASO,ES,Combined TRACON& Tower with Radar,8,46,36,0,90,0,4,44,0,48,8,50,80,0,138,26,0,26,164
06/27/2007,TRI,TN,ASO,ES,Combined TRACON& Tower with Radar,15,46,48,0,109,0,3,35,1,39,15,49,83,1,148,30,0,30,178
06/28/2007,TRI,TN,ASO,ES,Combined TRACON& Tower with Radar,17,49,50,3,119,0,1,65,3,69,17,50,115,6,188,90,0,90,278
06/29/2007,TRI,TN,ASO,ES,Combined TRACON& Tower with Radar,11,46,39,0,96,0,3,47,0,50,11,49,86,0,146,62,0,62,208
06/30/2007,TRI,TN,ASO,ES,Combined TRACON& Tower with Radar,3,39,30,2,74,0,0,32,2,34,3,39,62,4,108,26,10,36,144
07/01/2007,TRI,TN,ASO,ES,Combined TRACON& Tower with Radar,9,35,34,0,78,0,0,47,0,47,9,35,81,0,125,60,0,60,185
07/02/2007,TRI,TN,ASO,ES,Combined TRACON& Tower with Radar,4,47,27,0,78,0,2,55,0,57,4,49,82,0,135,34,0,34,169
07/03/2007,TRI,TN,ASO,ES,Combined TRACON& Tower with Radar,8,46,34,0,88,0,3,53,0,56,8,49,87,0,144,96,0,96,240
07/04/2007,TRI,TN,ASO,ES,Combined TRACON& Tower with Radar,6,23,7,0,36,0,0,27,0,27,6,23,34,0,63,30,0,30,93
07/05/2007,TRI,TN,ASO,ES,Combined TRACON& Tower with Radar,12,36,27,0,75,0,2,43,0,45,12,38,70,0,120,55,0,55,175
07/06/2007,TRI,TN,ASO,ES,Combined TRACON& Tower with Radar,10,55,54,0,119,0,3,38,0,41,10,58,92,0,160,74,0,74,234
07/07/2007,TRI,TN,ASO,ES,Combined TRACON& Tower with Radar,14,31,27,0,72,0,1,48,0,49,14,32,75,0,121,82,0,82,203
07/08/2007,TRI,TN,ASO,ES,Combined TRACON& Tower with Radar,9,39,43,0,91,0,0,53,0,53,9,39,96,0,144,56,0,56,200
07/09/2007,TRI,TN,ASO,ES,Combined TRACON& Tower with Radar,6,43,33,1,83,0,2,41,0,43,6,45,74,1,126,90,0,90,216
07/10/2007,TRI,TN,ASO,ES,Combined TRACON& Tower with Radar,6,57,28,0,91,0,3,13,0,16,6,60,41,0,107,12,0,12,119
07/11/2007,TRI,TN,ASO,ES,Combined TRACON& Tower with Radar,9,56,37,0,102,0,3,3,0,6,9,59,40,0,108,2,0,2,110
07/12/2007,TRI,TN,ASO,ES,Combined TRACON& Tower with Radar,15,51,57,0,123,0,1,81,0,82,15,52,138,0,205,111,0,111,316
07/13/2007,TRI,TN,ASO,ES,Combined TRACON& Tower with Radar,13,47,30,4,94,0,0,43,4,47,13,47,73,8,141,106,0,106,247
07/14/2007,TRI,TN,ASO,ES,Combined TRACON& Tower with Radar,7,40,22,0,69,0,0,67,4,71,7,40,89,4,140,60,0,60,200
07/15/2007,TRI,TN,ASO,ES,Combined TRACON& Tower with Radar,23,26,34,0,83,0,0,51,0,51,23,26,85,0,134,122,0,122,256
07/16/2007,TRI,TN,ASO,ES,Combined TRACON& Tower with Radar,9,47,32,0,88,0,2,36,2,40,9,49,68,2,128,128,0,128,256
07/17/2007,TRI,TN,ASO,ES,Combined TRACON& Tower with Radar,6,43,40,2,91,0,2,31,0,33,6,45,71,2,124,12,0,12,136
07/18/2007,TRI,TN,ASO,ES,Combined TRACON& Tower with Radar,11,53,71,0,135,0,1,22,0,23,11,54,93,0,158,30,0,30,188
07/19/2007,TRI,TN,ASO,ES,Combined TRACON& Tower with Radar,11,47,57,0,115,0,2,48,0,50,11,49,105,0,165,42,0,42,207
07/20/2007,TRI,TN,ASO,ES,Combined TRACON& Tower with Radar,7,49,34,2,92,0,1,18,0,19,7,50,52,2,111,30,0,30,141
07/21/2007,TRI,TN,ASO,ES,Combined TRACON& Tower with Radar,7,35,13,0,55,0,0,49,0,49,7,35,62,0,104,18,0,18,122
07/22/2007,TRI,TN,ASO,ES,Combined TRACON& Tower with Radar,7,46,30,0,83,0,0,55,0,55,7,46,85,0,138,72,0,72,210
07/23/2007,TRI,TN,ASO,ES,Combined TRACON& Tower with Radar,4,52,38,0,94,0,3,34,0,37,4,55,72,0,131,96,0,96,227
07/24/2007,TRI,TN,ASO,ES,Combined TRACON& Tower with Radar,7,51,82,0,140,0,2,15,1,18,7,53,97,1,158,46,0,46,204
07/25/2007,TRI,TN,ASO,ES,Combined TRACON& Tower with Radar,13,44,59,0,116,0,2,11,0,13,13,46,70,0,129,8,0,8,137
07/26/2007,TRI,TN,ASO,ES,Combined TRACON& Tower with Radar,18,51,69,0,138,0,0,60,0,60,18,51,129,0,198,144,0,144,342
07/27/2007,TRI,TN,ASO,ES,Combined TRACON& Tower with Radar,14,51,43,0,108,0,0,23,0,23,14,51,66,0,131,30,0,30,161
07/28/2007,TRI,TN,ASO,ES,Combined TRACON& Tower with Radar,8,38,14,0,60,0,0,10,0,10,8,38,24,0,70,24,0,24,94
07/29/2007,TRI,TN,ASO,ES,Combined TRACON& Tower with Radar,6,37,28,0,71,0,0,32,0,32,6,37,60,0,103,78,0,78,181
07/30/2007,TRI,TN,ASO,ES,Combined TRACON& Tower with Radar,3,54,42,0,99,0,3,31,0,34,3,57,73,0,133,56,0,56,189
07/31/2007,TRI,TN,ASO,ES,Combined TRACON& Tower with Radar,6,59,55,1,121,0,4,40,0,44,6,63,95,1,165,14,0,14,179
08/01/2007,TRI,TN,ASO,ES,Combined TRACON& Tower with Radar,11,51,50,0,112,0,1,38,1,40,11,52,88,1,152,36,0,36,188
08/02/2007,TRI,TN,ASO,ES,Combined TRACON& Tower with Radar,18,38,57,2,115,0,4,31,0,35,18,42,88,2,150,46,0,46,196
08/03/2007,TRI,TN,ASO,ES,Combined TRACON& Tower with Radar,14,41,53,1,109,0,1,47,2,50,14,42,100,3,159,93,0,93,252
08/04/2007,TRI,TN,ASO,ES,Combined TRACON& Tower with Radar,8,39,47,0,94,0,0,40,0,40,8,39,87,0,134,50,0,50,184
08/05/2007,TRI,TN,ASO,ES,Combined TRACON& Tower with Radar,6,33,31,0,70,0,0,3,0,3,6,33,34,0,73,16,0,16,89
08/06/2007,TRI,TN,ASO,ES,Combined TRACON& Tower with Radar,7,46,56,3,112,0,4,46,0,50,7,50,102,3,162,142,0,142,304
08/07/2007,TRI,TN,ASO,ES,Combined TRACON& Tower with Radar,16,45,55,0,116,0,2,37,1,40,16,47,92,1,156,23,0,23,179
08/08/2007,TRI,TN,ASO,ES,Combined TRACON& Tower with Radar,12,45,60,4,121,0,2,54,1,57,12,47,114,5,178,56,0,56,234
08/09/2007,TRI,TN,ASO,ES,Combined TRACON& Tower with Radar,17,42,41,0,100,0,4,49,4,57,17,46,90,4,157,68,0,68,225
08/10/2007,TRI,TN,ASO,ES,Combined TRACON& Tower with Radar,3,50,40,2,95,0,1,43,0,44,3,51,83,2,139,34,0,34,173
08/11/2007,TRI,TN,ASO,ES,Combined TRACON& Tower with Radar,5,46,33,2,86,0,0,65,0,65,5,46,98,2,151,90,0,90,241
08/12/2007,TRI,TN,ASO,ES,Combined TRACON& Tower with Radar,6,39,23,0,68,0,2,42,1,45,6,41,65,1,113,52,0,52,165
08/13/2007,TRI,TN,ASO,ES,Combined TRACON& Tower with Radar,15,37,32,3,87,0,3,34,0,37,15,40,66,3,124,50,0,50,174
08/14/2007,TRI,TN,ASO,ES,Combined TRACON& Tower with Radar,10,42,44,0,96,0,3,45,0,48,10,45,89,0,144,58,0,58,202
08/15/2007,TRI,TN,ASO,ES,Combined TRACON& Tower with Radar,8,54,64,0,126,0,2,62,0,64,8,56,126,0,190,86,0,86,276
08/16/2007,TRI,TN,ASO,ES,Combined TRACON& Tower with Radar,12,57,40,0,109,0,1,60,0,61,12,58,100,0,170,106,0,106,276
08/17/2007,TRI,TN,ASO,ES,Combined TRACON& Tower with Radar,8,48,58,0,114,0,4,46,0,50,8,52,104,0,164,66,0,66,230
08/18/2007,TRI,TN,ASO,ES,Combined TRACON& Tower with Radar,3,39,20,0,62,0,7,60,0,67,3,46,80,0,129,102,0,102,231
08/19/2007,TRI,TN,ASO,ES,Combined TRACON& Tower with Radar,6,39,44,0,89,0,1,39,1,41,6,40,83,1,130,40,0,40,170
08/20/2007,TRI,TN,ASO,ES,Combined TRACON& Tower with Radar,13,47,23,0,83,0,4,27,2,33,13,51,50,2,116,19,0,19,135
08/21/2007,TRI,TN,ASO,ES,Combined TRACON& Tower with Radar,8,42,58,0,108,0,4,27,0,31,8,46,85,0,139,14,0,14,153
08/22/2007,TRI,TN,ASO,ES,Combined TRACON& Tower with Radar,9,55,75,0,139,0,4,54,0,58,9,59,129,0,197,36,0,36,233
08/23/2007,TRI,TN,ASO,ES,Combined TRACON& Tower with Radar,20,64,133,0,217,0,5,49,1,55,20,69,182,1,272,18,0,18,290
08/24/2007,TRI,TN,ASO,ES,Combined TRACON& Tower with Radar,20,51,98,3,172,0,8,49,9,66,20,59,147,12,238,90,0,90,328
08/25/2007,TRI,TN,ASO,ES,Combined TRACON& Tower with Radar,3,55,271,2,331,0,1,509,8,518,3,56,780,10,849,0,0,0,849
08/26/2007,TRI,TN,ASO,ES,Combined TRACON& Tower with Radar,21,32,93,1,147,0,0,43,0,43,21,32,136,1,190,28,0,28,218
08/27/2007,TRI,TN,ASO,ES,Combined TRACON& Tower with Radar,16,43,32,0,91,0,3,25,1,29,16,46,57,1,120,24,0,24,144
08/28/2007,TRI,TN,ASO,ES,Combined TRACON& Tower with Radar,18,44,37,0,99,0,7,49,0,56,18,51,86,0,155,64,0,64,219
08/29/2007,TRI,TN,ASO,ES,Combined TRACON& Tower with Radar,20,25,48,0,93,0,3,49,1,53,20,28,97,1,146,18,0,18,164
08/30/2007,TRI,TN,ASO,ES,Combined TRACON& Tower with Radar,14,41,49,1,105,0,2,16,1,19,14,43,65,2,124,16,0,16,140
08/31/2007,TRI,TN,ASO,ES,Combined TRACON& Tower with Radar,12,36,53,0,101,0,2,14,0,16,12,38,67,0,117,22,0,22,139
09/01/2007,TRI,TN,ASO,ES,Combined TRACON& Tower with Radar,12,33,21,0,66,0,0,24,0,24,12,33,45,0,90,66,0,66,156
09/02/2007,TRI,TN,ASO,ES,Combined TRACON& Tower with Radar,15,21,13,0,49,0,0,33,0,33,15,21,46,0,82,28,0,28,110
09/03/2007,TRI,TN,ASO,ES,Combined TRACON& Tower with Radar,12,40,23,0,75,0,0,32,0,32,12,40,55,0,107,56,0,56,163
09/04/2007,TRI,TN,ASO,ES,Combined TRACON& Tower with Radar,5,53,33,0,91,0,4,32,0,36,5,57,65,0,127,39,0,39,166
09/05/2007,TRI,TN,ASO,ES,Combined TRACON& Tower with Radar,15,41,41,0,97,0,2,45,0,47,15,43,86,0,144,93,0,93,237
09/06/2007,TRI,TN,ASO,ES,Combined TRACON& Tower with Radar,12,51,36,5,104,0,2,48,0,50,12,53,84,5,154,38,0,38,192
09/07/2007,TRI,TN,ASO,ES,Combined TRACON& Tower with Radar,13,39,38,0,90,0,3,37,0,40,13,42,75,0,130,14,0,14,144
09/08/2007,TRI,TN,ASO,ES,Combined TRACON& Tower with Radar,11,35,23,2,71,0,0,38,0,38,11,35,61,2,109,44,0,44,153
09/09/2007,TRI,TN,ASO,ES,Combined TRACON& Tower with Radar,9,37,26,0,72,0,0,46,1,47,9,37,72,1,119,40,0,40,159
09/10/2007,TRI,TN,ASO,ES,Combined TRACON& Tower with Radar,10,46,34,3,93,0,3,24,2,29,10,49,58,5,122,32,0,32,154
09/11/2007,TRI,TN,ASO,ES,Combined TRACON& Tower with Radar,13,35,36,0,84,0,0,5,0,5,13,35,41,0,89,30,0,30,119
09/12/2007,TRI,TN,ASO,ES,Combined TRACON& Tower with Radar,25,27,49,0,101,2,4,60,0,66,27,31,109,0,167,54,0,54,221
09/13/2007,TRI,TN,ASO,ES,Combined TRACON& Tower with Radar,9,44,43,0,96,0,2,72,0,74,9,46,115,0,170,76,0,76,246
09/14/2007,TRI,TN,ASO,ES,Combined TRACON& Tower with Radar,24,32,56,1,113,0,0,10,0,10,24,32,66,1,123,14,0,14,137
09/15/2007,TRI,TN,ASO,ES,Combined TRACON& Tower with Radar,10,26,19,0,55,0,0,40,0,40,10,26,59,0,95,48,0,48,143
09/16/2007,TRI,TN,ASO,ES,Combined TRACON& Tower with Radar,6,41,16,0,63,0,0,55,1,56,6,41,71,1,119,38,0,38,157
09/17/2007,TRI,TN,ASO,ES,Combined TRACON& Tower with Radar,11,31,33,0,75,0,5,30,0,35,11,36,63,0,110,50,0,50,160
09/18/2007,TRI,TN,ASO,ES,Combined TRACON& Tower with Radar,18,30,37,0,85,0,3,47,2,52,18,33,84,2,137,52,0,52,189
09/19/2007,TRI,TN,ASO,ES,Combined TRACON& Tower with Radar,16,36,50,0,102,0,2,68,0,70,16,38,118,0,172,165,0,165,337
09/20/2007,TRI,TN,ASO,ES,Combined TRACON& Tower with Radar,20,30,33,0,83,0,1,50,1,52,20,31,83,1,135,98,0,98,233
09/21/2007,TRI,TN,ASO,ES,Combined TRACON& Tower with Radar,10,45,41,2,98,0,0,55,0,55,10,45,96,2,153,86,0,86,239
09/22/2007,TRI,TN,ASO,ES,Combined TRACON& Tower with Radar,10,33,26,0,69,0,0,49,0,49,10,33,75,0,118,60,0,60,178
09/23/2007,TRI,TN,ASO,ES,Combined TRACON& Tower with Radar,12,35,26,0,73,0,0,39,0,39,12,35,65,0,112,12,0,12,124
09/24/2007,TRI,TN,ASO,ES,Combined TRACON& Tower with Radar,13,45,44,0,102,0,2,30,2,34,13,47,74,2,136,16,0,16,152
09/25/2007,TRI,TN,ASO,ES,Combined TRACON& Tower with Radar,10,41,47,0,98,0,1,35,0,36,10,42,82,0,134,68,0,68,202
09/26/2007,TRI,TN,ASO,ES,Combined TRACON& Tower with Radar,15,47,52,7,121,0,1,47,0,48,15,48,99,7,169,125,0,125,294
09/27/2007,TRI,TN,ASO,ES,Combined TRACON& Tower with Radar,13,50,27,0,90,0,0,20,0,20,13,50,47,0,110,36,0,36,146
09/28/2007,TRI,TN,ASO,ES,Combined TRACON& Tower with Radar,13,38,30,0,81,0,2,34,0,36,13,40,64,0,117,60,0,60,177
09/29/2007,TRI,TN,ASO,ES,Combined TRACON& Tower with Radar,6,34,27,0,67,0,0,56,0,56,6,34,83,0,123,80,0,80,203
09/30/2007,TRI,TN,ASO,ES,Combined TRACON& Tower with Radar,4,50,18,2,74,0,0,44,0,44,4,50,62,2,118,44,0,44,162
10/01/2007,TRI,TN,ASO,ES,Combined TRACON& Tower with Radar,13,42,40,1,96,0,2,37,0,39,13,44,77,1,135,54,0,54,189
10/02/2007,TRI,TN,ASO,ES,Combined TRACON& Tower with Radar,5,50,53,0,108,0,2,38,0,40,5,52,91,0,148,28,0,28,176
10/03/2007,TRI,TN,ASO,ES,Combined TRACON& Tower with Radar,10,46,46,0,102,0,0,37,0,37,10,46,83,0,139,52,0,52,191
10/04/2007,TRI,TN,ASO,ES,Combined TRACON& Tower with Radar,11,49,70,3,133,0,1,10,0,11,11,50,80,3,144,20,0,20,164
10/05/2007,TRI,TN,ASO,ES,Combined TRACON& Tower with Radar,12,46,43,0,101,0,2,28,2,32,12,48,71,2,133,16,0,16,149
10/06/2007,TRI,TN,ASO,ES,Combined TRACON& Tower with Radar,3,39,26,0,68,0,0,47,0,47,3,39,73,0,115,48,0,48,163
10/07/2007,TRI,TN,ASO,ES,Combined TRACON& Tower with Radar,6,36,29,0,71,0,0,42,0,42,6,36,71,0,113,54,0,54,167
10/08/2007,TRI,TN,ASO,ES,Combined TRACON& Tower with Radar,10,36,27,0,73,0,0,44,0,44,10,36,71,0,117,56,0,56,173
10/09/2007,TRI,TN,ASO,ES,Combined TRACON& Tower with Radar,18,38,33,0,89,0,0,39,0,39,18,38,72,0,128,18,0,18,146
10/10/2007,TRI,TN,ASO,ES,Combined TRACON& Tower with Radar,5,53,44,4,106,0,2,17,0,19,5,55,61,4,125,51,0,51,176
10/11/2007,TRI,TN,ASO,ES,Combined TRACON& Tower with Radar,12,50,32,0,94,0,3,37,0,40,12,53,69,0,134,18,0,18,152
10/12/2007,TRI,TN,ASO,ES,Combined TRACON& Tower with Radar,18,34,47,0,99,0,0,28,0,28,18,34,75,0,127,10,0,10,137
10/13/2007,TRI,TN,ASO,ES,Combined TRACON& Tower with Radar,6,37,20,0,63,0,2,44,0,46,6,39,64,0,109,48,0,48,157
10/14/2007,TRI,TN,ASO,ES,Combined TRACON& Tower with Radar,8,37,17,0,62,0,0,57,0,57,8,37,74,0,119,84,0,84,203
10/15/2007,TRI,TN,ASO,ES,Combined TRACON& Tower with Radar,4,45,41,0,90,0,3,36,2,41,4,48,77,2,131,98,0,98,229
10/16/2007,TRI,TN,ASO,ES,Combined TRACON& Tower with Radar,12,43,60,0,115,0,3,38,0,41,12,46,98,0,156,27,0,27,183
10/17/2007,TRI,TN,ASO,ES,Combined TRACON& Tower with Radar,5,49,48,0,102,0,2,21,0,23,5,51,69,0,125,28,0,28,153
10/18/2007,TRI,TN,ASO,ES,Combined TRACON& Tower with Radar,9,49,39,0,97,0,0,18,0,18,9,49,57,0,115,31,0,31,146
10/19/2007,TRI,TN,ASO,ES,Combined TRACON& Tower with Radar,11,53,36,0,100,0,0,8,0,8,11,53,44,0,108,0,0,0,108
10/20/2007,TRI,TN,ASO,ES,Combined TRACON& Tower with Radar,9,30,13,0,52,0,0,29,0,29,9,30,42,0,81,32,0,32,113
10/21/2007,TRI,TN,ASO,ES,Combined TRACON& Tower with Radar,8,36,28,0,72,0,0,38,0,38,8,36,66,0,110,30,0,30,140
10/22/2007,TRI,TN,ASO,ES,Combined TRACON& Tower with Radar,4,57,43,0,104,0,0,28,0,28,4,57,71,0,132,26,0,26,158
10/23/2007,TRI,TN,ASO,ES,Combined TRACON& Tower with Radar,10,39,39,0,88,0,4,8,0,12,10,43,47,0,100,24,0,24,124
10/24/2007,TRI,TN,ASO,ES,Combined TRACON& Tower with Radar,10,54,39,0,103,0,0,0,0,0,10,54,39,0,103,0,0,0,103
10/25/2007,TRI,TN,ASO,ES,Combined TRACON& Tower with Radar,12,48,36,0,96,0,3,21,0,24,12,51,57,0,120,16,0,16,136
10/26/2007,TRI,TN,ASO,ES,Combined TRACON& Tower with Radar,10,51,43,0,104,0,1,38,0,39,10,52,81,0,143,18,0,18,161
10/27/2007,TRI,TN,ASO,ES,Combined TRACON& Tower with Radar,8,26,20,1,55,0,0,36,2,38,8,26,56,3,93,42,0,42,135
10/28/2007,TRI,TN,ASO,ES,Combined TRACON& Tower with Radar,8,33,12,0,53,0,2,30,2,34,8,35,42,2,87,70,0,70,157
10/29/2007,TRI,TN,ASO,ES,Combined TRACON& Tower with Radar,8,48,38,0,94,0,2,38,0,40,8,50,76,0,134,36,0,36,170
10/30/2007,TRI,TN,ASO,ES,Combined TRACON& Tower with Radar,21,34,39,0,94,0,3,67,0,70,21,37,106,0,164,70,0,70,234
10/31/2007,TRI,TN,ASO,ES,Combined TRACON& Tower with Radar,8,42,36,0,86,0,2,60,0,62,8,44,96,0,148,81,0,81,229
11/01/2007,TRI,TN,ASO,ES,Combined TRACON& Tower with Radar,12,42,47,0,101,0,0,48,0,48,12,42,95,0,149,70,0,70,219
11/02/2007,TRI,TN,ASO,ES,Combined TRACON& Tower with Radar,8,48,27,0,83,0,3,38,0,41,8,51,65,0,124,37,0,37,161
11/03/2007,TRI,TN,ASO,ES,Combined TRACON& Tower with Radar,6,34,15,0,55,0,2,72,0,74,6,36,87,0,129,56,0,56,185
11/04/2007,TRI,TN,ASO,ES,Combined TRACON& Tower with Radar,4,42,13,0,59,0,0,32,0,32,4,42,45,0,91,10,0,10,101
11/05/2007,TRI,TN,ASO,ES,Combined TRACON& Tower with Radar,7,48,27,0,82,0,1,20,0,21,7,49,47,0,103,19,0,19,122
11/06/2007,TRI,TN,ASO,ES,Combined TRACON& Tower with Radar,8,42,32,0,82,0,1,20,0,21,8,43,52,0,103,4,0,4,107
11/07/2007,TRI,TN,ASO,ES,Combined TRACON& Tower with Radar,9,48,38,5,100,0,1,47,0,48,9,49,85,5,148,112,0,112,260
11/08/2007,TRI,TN,ASO,ES,Combined TRACON& Tower with Radar,6,50,50,1,107,0,1,27,0,28,6,51,77,1,135,63,0,63,198
11/09/2007,TRI,TN,ASO,ES,Combined TRACON& Tower with Radar,8,47,41,0,96,0,0,52,0,52,8,47,93,0,148,39,0,39,187
11/10/2007,TRI,TN,ASO,ES,Combined TRACON& Tower with Radar,3,36,28,0,67,0,2,31,0,33,3,38,59,0,100,22,0,22,122
11/11/2007,TRI,TN,ASO,ES,Combined TRACON& Tower with Radar,11,27,20,1,59,0,0,51,0,51,11,27,71,1,110,76,0,76,186
11/12/2007,TRI,TN,ASO,ES,Combined TRACON& Tower with Radar,13,35,31,0,79,0,0,20,0,20,13,35,51,0,99,25,0,25,124
11/13/2007,TRI,TN,ASO,ES,Combined TRACON& Tower with Radar,7,46,42,0,95,0,0,25,0,25,7,46,67,0,120,72,0,72,192
11/14/2007,TRI,TN,ASO,ES,Combined TRACON& Tower with Radar,6,50,56,0,112,0,2,7,0,9,6,52,63,0,121,8,0,8,129
11/15/2007,TRI,TN,ASO,ES,Combined TRACON& Tower with Radar,10,45,34,0,89,0,0,20,0,20,10,45,54,0,109,18,0,18,127
11/16/2007,TRI,TN,ASO,ES,Combined TRACON& Tower with Radar,10,43,46,0,99,0,2,40,0,42,10,45,86,0,141,94,0,94,235
11/17/2007,TRI,TN,ASO,ES,Combined TRACON& Tower with Radar,4,29,7,0,40,0,2,56,2,60,4,31,63,2,100,50,0,50,150
11/18/2007,TRI,TN,ASO,ES,Combined TRACON& Tower with Radar,6,34,29,0,69,0,1,39,0,40,6,35,68,0,109,74,0,74,183
11/19/2007,TRI,TN,ASO,ES,Combined TRACON& Tower with Radar,11,46,28,0,85,0,0,9,0,9,11,46,37,0,94,26,0,26,120
11/20/2007,TRI,TN,ASO,ES,Combined TRACON& Tower with Radar,17,42,31,0,90,0,0,51,0,51,17,42,82,0,141,44,0,44,185
11/21/2007,TRI,TN,ASO,ES,Combined TRACON& Tower with Radar,6,43,38,0,87,0,0,36,0,36,6,43,74,0,123,98,0,98,221
11/22/2007,TRI,TN,ASO,ES,Combined TRACON& Tower with Radar,8,25,1,0,34,0,0,0,0,0,8,25,1,0,34,0,0,0,34
11/23/2007,TRI,TN,ASO,ES,Combined TRACON& Tower with Radar,4,34,22,0,60,0,4,11,0,15,4,38,33,0,75,36,0,36,111
11/24/2007,TRI,TN,ASO,ES,Combined TRACON& Tower with Radar,4,38,6,0,48,0,0,35,0,35,4,38,41,0,83,75,0,75,158
11/25/2007,TRI,TN,ASO,ES,Combined TRACON& Tower with Radar,7,42,21,0,70,0,0,24,0,24,7,42,45,0,94,98,0,98,192
11/26/2007,TRI,TN,ASO,ES,Combined TRACON& Tower with Radar,4,61,33,0,98,0,5,22,0,27,4,66,55,0,125,45,0,45,170
11/27/2007,TRI,TN,ASO,ES,Combined TRACON& Tower with Radar,13,45,51,1,110,0,3,60,0,63,13,48,111,1,173,87,0,87,260
11/28/2007,TRI,TN,ASO,ES,Combined TRACON& Tower with Radar,8,48,38,2,96,0,12,57,0,69,8,60,95,2,165,121,0,121,286
11/29/2007,TRI,TN,ASO,ES,Combined TRACON& Tower with Radar,12,54,38,0,104,0,1,34,0,35,12,55,72,0,139,34,0,34,173
11/30/2007,TRI,TN,ASO,ES,Combined TRACON& Tower with Radar,17,44,25,3,89,0,2,53,1,56,17,46,78,4,145,41,0,41,186
12/01/2007,TRI,TN,ASO,ES,Combined TRACON& Tower with Radar,8,37,20,2,67,0,0,35,0,35,8,37,55,2,102,49,0,49,151
12/02/2007,TRI,TN,ASO,ES,Combined TRACON& Tower with Radar,13,31,13,0,57,0,0,30,0,30,13,31,43,0,87,84,0,84,171
12/03/2007,TRI,TN,ASO,ES,Combined TRACON& Tower with Radar,6,44,33,4,87,0,2,7,0,9,6,46,40,4,96,10,0,10,106
12/04/2007,TRI,TN,ASO,ES,Combined TRACON& Tower with Radar,13,41,37,0,91,0,2,42,2,46,13,43,79,2,137,22,0,22,159
12/05/2007,TRI,TN,ASO,ES,Combined TRACON& Tower with Radar,6,49,43,0,98,0,5,28,1,34,6,54,71,1,132,48,0,48,180
12/06/2007,TRI,TN,ASO,ES,Combined TRACON& Tower with Radar,12,46,39,0,97,0,0,49,4,53,12,46,88,4,150,42,0,42,192
12/07/2007,TRI,TN,ASO,ES,Combined TRACON& Tower with Radar,11,38,41,2,92,0,0,19,0,19,11,38,60,2,111,56,0,56,167
12/08/2007,TRI,TN,ASO,ES,Combined TRACON& Tower with Radar,6,41,12,0,59,0,0,0,0,0,6,41,12,0,59,4,0,4,63
12/09/2007,TRI,TN,ASO,ES,Combined TRACON& Tower with Radar,5,29,12,0,46,0,0,0,0,0,5,29,12,0,46,0,0,0,46
12/10/2007,TRI,TN,ASO,ES,Combined TRACON& Tower with Radar,7,45,37,15,104,0,1,16,0,17,7,46,53,15,121,68,14,82,203
12/11/2007,TRI,TN,ASO,ES,Combined TRACON& Tower with Radar,9,47,45,0,101,0,1,26,0,27,9,48,71,0,128,18,0,18,146
12/12/2007,TRI,TN,ASO,ES,Combined TRACON& Tower with Radar,8,47,57,0,112,0,0,9,0,9,8,47,66,0,121,32,0,32,153
12/13/2007,TRI,TN,ASO,ES,Combined TRACON& Tower with Radar,11,42,41,0,94,0,0,18,0,18,11,42,59,0,112,30,0,30,142
12/14/2007,TRI,TN,ASO,ES,Combined TRACON& Tower with Radar,4,46,29,0,79,0,3,36,0,39,4,49,65,0,118,56,0,56,174
12/15/2007,TRI,TN,ASO,ES,Combined TRACON& Tower with Radar,6,40,13,0,59,0,0,20,0,20,6,40,33,0,79,56,0,56,135
12/16/2007,TRI,TN,ASO,ES,Combined TRACON& Tower with Radar,5,31,7,0,43,0,0,0,0,0,5,31,7,0,43,0,0,0,43
12/17/2007,TRI,TN,ASO,ES,Combined TRACON& Tower with Radar,7,38,37,2,84,0,2,38,1,41,7,40,75,3,125,66,0,66,191
12/18/2007,TRI,TN,ASO,ES,Combined TRACON& Tower with Radar,20,31,46,1,98,0,2,45,0,47,20,33,91,1,145,78,0,78,223
12/19/2007,TRI,TN,ASO,ES,Combined TRACON& Tower with Radar,8,37,38,0,83,0,0,22,0,22,8,37,60,0,105,78,0,78,183
12/20/2007,TRI,TN,ASO,ES,Combined TRACON& Tower with Radar,10,45,26,0,81,0,0,28,0,28,10,45,54,0,109,73,0,73,182
12/21/2007,TRI,TN,ASO,ES,Combined TRACON& Tower with Radar,9,40,19,0,68,0,0,35,0,35,9,40,54,0,103,110,0,110,213
12/22/2007,TRI,TN,ASO,ES,Combined TRACON& Tower with Radar,8,31,18,1,58,0,0,59,0,59,8,31,77,1,117,246,0,246,363
12/23/2007,TRI,TN,ASO,ES,Combined TRACON& Tower with Radar,16,22,15,0,53,0,0,16,0,16,16,22,31,0,69,104,0,104,173
12/24/2007,TRI,TN,ASO,ES,Combined TRACON& Tower with Radar,2,34,15,0,51,0,2,18,0,20,2,36,33,0,71,6,0,6,77
12/25/2007,TRI,TN,ASO,ES,Combined TRACON& Tower with Radar,4,28,0,0,32,0,0,4,0,4,4,28,4,0,36,0,0,0,36
12/26/2007,TRI,TN,ASO,ES,Combined TRACON& Tower with Radar,6,43,20,0,69,0,2,45,0,47,6,45,65,0,116,71,0,71,187
12/27/2007,TRI,TN,ASO,ES,Combined TRACON& Tower with Radar,9,41,19,0,69,0,0,31,0,31,9,41,50,0,100,38,0,38,138
12/28/2007,TRI,TN,ASO,ES,Combined TRACON& Tower with Radar,12,45,22,0,79,0,0,3,0,3,12,45,25,0,82,26,0,26,108
12/29/2007,TRI,TN,ASO,ES,Combined TRACON& Tower with Radar,4,39,32,0,75,0,0,52,0,52,4,39,84,0,127,106,0,106,233
12/30/2007,TRI,TN,ASO,ES,Combined TRACON& Tower with Radar,6,39,21,0,66,0,0,43,0,43,6,39,64,0,109,74,0,74,183
12/31/2007,TRI,TN,ASO,ES,Combined TRACON& Tower with Radar,2,44,21,0,67,0,0,77,0,77,2,44,98,0,144,94,0,94,238
01/01/2008,TRI,TN,ASO,ES,Combined TRACON& Tower with Radar,5,24,4,0,33,0,0,15,0,15,5,24,19,0,48,26,0,26,74
01/02/2008,TRI,TN,ASO,ES,Combined TRACON& Tower with Radar,8,42,26,0,76,0,0,0,0,0,8,42,26,0,76,8,0,8,84
01/03/2008,TRI,TN,ASO,ES,Combined TRACON& Tower with Radar,8,48,31,0,87,0,2,30,0,32,8,50,61,0,119,11,0,11,130
01/04/2008,TRI,TN,ASO,ES,Combined TRACON& Tower with Radar,10,41,27,0,78,0,4,49,0,53,10,45,76,0,131,50,0,50,181
01/05/2008,TRI,TN,ASO,ES,Combined TRACON& Tower with Radar,6,38,16,0,60,0,0,56,0,56,6,38,72,0,116,104,0,104,220
01/06/2008,TRI,TN,ASO,ES,Combined TRACON& Tower with Radar,12,30,5,0,47,0,2,28,0,30,12,32,33,0,77,76,0,76,153
01/07/2008,TRI,TN,ASO,ES,Combined TRACON& Tower with Radar,4,45,23,0,72,0,2,36,0,38,4,47,59,0,110,38,0,38,148
01/08/2008,TRI,TN,ASO,ES,Combined TRACON& Tower with Radar,9,49,29,0,87,0,0,31,0,31,9,49,60,0,118,7,0,7,125
01/09/2008,TRI,TN,ASO,ES,Combined TRACON& Tower with Radar,10,36,30,2,78,0,3,41,0,44,10,39,71,2,122,60,0,60,182
01/10/2008,TRI,TN,ASO,ES,Combined TRACON& Tower with Radar,28,27,26,0,81,0,0,2,0,2,28,27,28,0,83,2,0,2,85
01/11/2008,TRI,TN,ASO,ES,Combined TRACON& Tower with Radar,10,46,35,0,91,0,0,15,0,15,10,46,50,0,106,6,0,6,112
01/12/2008,TRI,TN,ASO,ES,Combined TRACON& Tower with Radar,8,33,28,0,69,0,0,59,0,59,8,33,87,0,128,102,0,102,230
01/13/2008,TRI,TN,ASO,ES,Combined TRACON& Tower with Radar,17,22,18,0,57,0,0,20,0,20,17,22,38,0,77,39,0,39,116
01/14/2008,TRI,TN,ASO,ES,Combined TRACON& Tower with Radar,4,45,39,0,88,0,0,29,0,29,4,45,68,0,117,12,0,12,129
01/15/2008,TRI,TN,ASO,ES,Combined TRACON& Tower with Radar,16,41,30,0,87,0,0,17,0,17,16,41,47,0,104,28,0,28,132
01/16/2008,TRI,TN,ASO,ES,Combined TRACON& Tower with Radar,16,37,37,2,92,0,0,32,0,32,16,37,69,2,124,19,0,19,143
01/17/2008,TRI,TN,ASO,ES,Combined TRACON& Tower with Radar,17,29,19,0,65,0,0,3,0,3,17,29,22,0,68,2,0,2,70
01/18/2008,TRI,TN,ASO,ES,Combined TRACON& Tower with Radar,10,50,37,0,97,0,4,26,1,31,10,54,63,1,128,14,0,14,142
01/19/2008,TRI,TN,ASO,ES,Combined TRACON& Tower with Radar,4,34,4,0,42,0,0,22,0,22,4,34,26,0,64,47,0,47,111
01/20/2008,TRI,TN,ASO,ES,Combined TRACON& Tower with Radar,8,36,6,0,50,0,0,27,0,27,8,36,33,0,77,21,0,21,98
01/21/2008,TRI,TN,ASO,ES,Combined TRACON& Tower with Radar,8,32,24,0,64,0,2,30,0,32,8,34,54,0,96,60,0,60,156
01/22/2008,TRI,TN,ASO,ES,Combined TRACON& Tower with Radar,9,41,33,0,83,0,0,3,0,3,9,41,36,0,86,0,0,0,86
01/23/2008,TRI,TN,ASO,ES,Combined TRACON& Tower with Radar,9,42,38,1,90,0,2,38,0,40,9,44,76,1,130,32,0,32,162
01/24/2008,TRI,TN,ASO,ES,Combined TRACON& Tower with Radar,13,44,26,0,83,0,0,12,0,12,13,44,38,0,95,4,0,4,99
01/25/2008,TRI,TN,ASO,ES,Combined TRACON& Tower with Radar,7,45,28,0,80,0,2,40,0,42,7,47,68,0,122,37,0,37,159
01/26/2008,TRI,TN,ASO,ES,Combined TRACON& Tower with Radar,6,33,17,0,56,0,0,33,0,33,6,33,50,0,89,36,0,36,125
01/27/2008,TRI,TN,ASO,ES,Combined TRACON& Tower with Radar,6,29,10,0,45,0,0,16,0,16,6,29,26,0,61,70,0,70,131
01/28/2008,TRI,TN,ASO,ES,Combined TRACON& Tower with Radar,2,45,26,0,73,0,1,42,1,44,2,46,68,1,117,29,0,29,146
01/29/2008,TRI,TN,ASO,ES,Combined TRACON& Tower with Radar,9,48,42,0,99,0,0,13,0,13,9,48,55,0,112,7,0,7,119
01/30/2008,TRI,TN,ASO,ES,Combined TRACON& Tower with Radar,13,46,31,0,90,0,2,52,4,58,13,48,83,4,148,88,0,88,236
01/31/2008,TRI,TN,ASO,ES,Combined TRACON& Tower with Radar,17,33,26,0,76,0,0,24,0,24,17,33,50,0,100,46,0,46,146
02/01/2008,TRI,TN,ASO,ES,Combined TRACON& Tower with Radar,12,42,20,2,76,0,0,24,0,24,12,42,44,2,100,30,0,30,130
02/02/2008,TRI,TN,ASO,ES,Combined TRACON& Tower with Radar,6,36,29,2,73,0,0,86,0,86,6,36,115,2,159,161,0,161,320
02/03/2008,TRI,TN,ASO,ES,Combined TRACON& Tower with Radar,5,37,10,2,54,0,0,44,0,44,5,37,54,2,98,110,0,110,208
02/04/2008,TRI,TN,ASO,ES,Combined TRACON& Tower with Radar,2,50,33,1,86,0,0,5,1,6,2,50,38,2,92,26,0,26,118
02/05/2008,TRI,TN,ASO,ES,Combined TRACON& Tower with Radar,9,39,31,0,79,0,0,36,0,36,9,39,67,0,115,28,0,28,143
02/06/2008,TRI,TN,ASO,ES,Combined TRACON& Tower with Radar,19,51,17,0,87,0,0,10,0,10,19,51,27,0,97,10,0,10,107
02/07/2008,TRI,TN,ASO,ES,Combined TRACON& Tower with Radar,8,49,35,0,92,0,1,34,0,35,8,50,69,0,127,20,0,20,147
02/08/2008,TRI,TN,ASO,ES,Combined TRACON& Tower with Radar,7,44,26,0,77,0,3,26,2,31,7,47,52,2,108,60,0,60,168
02/09/2008,TRI,TN,ASO,ES,Combined TRACON& Tower with Radar,6,33,10,0,49,0,0,34,0,34,6,33,44,0,83,52,0,52,135
02/10/2008,TRI,TN,ASO,ES,Combined TRACON& Tower with Radar,8,37,11,0,56,0,0,3,0,3,8,37,14,0,59,2,0,2,61
02/11/2008,TRI,TN,ASO,ES,Combined TRACON& Tower with Radar,4,51,35,0,90,0,1,26,2,29,4,52,61,2,119,32,0,32,151
02/12/2008,TRI,TN,ASO,ES,Combined TRACON& Tower with Radar,10,45,42,0,97,0,0,4,0,4,10,45,46,0,101,0,0,0,101
02/13/2008,TRI,TN,ASO,ES,Combined TRACON& Tower with Radar,11,50,26,0,87,0,0,1,0,1,11,50,27,0,88,0,0,0,88
02/14/2008,TRI,TN,ASO,ES,Combined TRACON& Tower with Radar,22,36,36,0,94,0,0,59,0,59,22,36,95,0,153,56,0,56,209
02/15/2008,TRI,TN,ASO,ES,Combined TRACON& Tower with Radar,8,43,39,0,90,0,0,32,0,32,8,43,71,0,122,73,0,73,195
02/16/2008,TRI,TN,ASO,ES,Combined TRACON& Tower with Radar,8,39,19,0,66,0,4,52,0,56,8,43,71,0,122,112,0,112,234
02/17/2008,TRI,TN,ASO,ES,Combined TRACON& Tower with Radar,6,25,13,0,44,0,0,4,0,4,6,25,17,0,48,4,0,4,52
02/18/2008,TRI,TN,ASO,ES,Combined TRACON& Tower with Radar,4,40,28,0,72,0,1,29,0,30,4,41,57,0,102,54,0,54,156
02/19/2008,TRI,TN,ASO,ES,Combined TRACON& Tower with Radar,16,45,28,0,89,0,1,5,0,6,16,46,33,0,95,3,0,3,98
02/20/2008,TRI,TN,ASO,ES,Combined TRACON& Tower with Radar,11,45,47,0,103,0,0,6,1,7,11,45,53,1,110,0,0,0,110
02/21/2008,TRI,TN,ASO,ES,Combined TRACON& Tower with Radar,8,50,54,0,112,0,1,45,1,47,8,51,99,1,159,39,0,39,198
02/22/2008,TRI,TN,ASO,ES,Combined TRACON& Tower with Radar,7,52,18,0,77,0,0,5,0,5,7,52,23,0,82,10,0,10,92
02/23/2008,TRI,TN,ASO,ES,Combined TRACON& Tower with Radar,10,31,29,0,70,0,0,11,0,11,10,31,40,0,81,20,0,20,101
02/24/2008,TRI,TN,ASO,ES,Combined TRACON& Tower with Radar,8,29,19,0,56,0,0,23,0,23,8,29,42,0,79,34,0,34,113
02/25/2008,TRI,TN,ASO,ES,Combined TRACON& Tower with Radar,4,45,48,2,99,0,2,34,4,40,4,47,82,6,139,86,0,86,225
02/26/2008,TRI,TN,ASO,ES,Combined TRACON& Tower with Radar,7,46,52,2,107,0,0,4,0,4,7,46,56,2,111,2,0,2,113
02/27/2008,TRI,TN,ASO,ES,Combined TRACON& Tower with Radar,9,39,30,0,78,0,1,1,0,2,9,40,31,0,80,0,0,0,80
02/28/2008,TRI,TN,ASO,ES,Combined TRACON& Tower with Radar,12,43,41,1,97,0,0,27,1,28,12,43,68,2,125,17,0,17,142
02/29/2008,TRI,TN,ASO,ES,Combined TRACON& Tower with Radar,8,38,44,0,90,0,0,15,0,15,8,38,59,0,105,29,0,29,134
03/01/2008,TRI,TN,ASO,ES,Combined TRACON& Tower with Radar,6,32,18,0,56,0,0,49,0,49,6,32,67,0,105,48,0,48,153
03/02/2008,TRI,TN,ASO,ES,Combined TRACON& Tower with Radar,6,37,24,0,67,0,0,83,0,83,6,37,107,0,150,104,0,104,254
03/03/2008,TRI,TN,ASO,ES,Combined TRACON& Tower with Radar,6,48,26,0,80,0,0,18,1,19,6,48,44,1,99,28,0,28,127
03/04/2008,TRI,TN,ASO,ES,Combined TRACON& Tower with Radar,11,47,21,0,79,0,0,5,0,5,11,47,26,0,84,4,0,4,88
03/05/2008,TRI,TN,ASO,ES,Combined TRACON& Tower with Radar,16,43,47,0,106,0,0,32,1,33,16,43,79,1,139,56,0,56,195
03/06/2008,TRI,TN,ASO,ES,Combined TRACON& Tower with Radar,12,36,43,2,93,0,1,65,1,67,12,37,108,3,160,58,0,58,218
03/07/2008,TRI,TN,ASO,ES,Combined TRACON& Tower with Radar,8,48,32,1,89,0,3,4,0,7,8,51,36,1,96,0,0,0,96
03/08/2008,TRI,TN,ASO,ES,Combined TRACON& Tower with Radar,11,25,6,0,42,0,0,0,1,1,11,25,6,1,43,0,0,0,43
03/09/2008,TRI,TN,ASO,ES,Combined TRACON& Tower with Radar,9,37,18,0,64,0,0,49,3,52,9,37,67,3,116,42,0,42,158
03/10/2008,TRI,TN,ASO,ES,Combined TRACON& Tower with Radar,3,54,28,0,85,0,1,26,3,30,3,55,54,3,115,21,0,21,136
03/11/2008,TRI,TN,ASO,ES,Combined TRACON& Tower with Radar,10,54,40,0,104,0,1,48,2,51,10,55,88,2,155,41,0,41,196
03/12/2008,TRI,TN,ASO,ES,Combined TRACON& Tower with Radar,10,43,32,0,85,0,2,36,2,40,10,45,68,2,125,23,0,23,148
03/13/2008,TRI,TN,ASO,ES,Combined TRACON& Tower with Radar,10,49,94,23,176,0,0,38,0,38,10,49,132,23,214,36,2,38,252
03/14/2008,TRI,TN,ASO,ES,Combined TRACON& Tower with Radar,9,59,50,1,119,0,3,18,2,23,9,62,68,3,142,11,0,11,153
03/15/2008,TRI,TN,ASO,ES,Combined TRACON& Tower with Radar,6,41,39,0,86,0,12,32,2,46,6,53,71,2,132,18,0,18,150
03/16/2008,TRI,TN,ASO,ES,Combined TRACON& Tower with Radar,14,51,193,2,260,0,209,35,5,249,14,260,228,7,509,2,0,2,511
03/17/2008,TRI,TN,ASO,ES,Combined TRACON& Tower with Radar,13,47,42,4,106,0,3,33,0,36,13,50,75,4,142,18,0,18,160
03/18/2008,TRI,TN,ASO,ES,Combined TRACON& Tower with Radar,22,39,33,1,95,0,11,84,0,95,22,50,117,1,190,30,0,30,220
03/19/2008,TRI,TN,ASO,ES,Combined TRACON& Tower with Radar,18,49,28,0,95,0,8,2,0,10,18,57,30,0,105,16,0,16,121
03/20/2008,TRI,TN,ASO,ES,Combined TRACON& Tower with Radar,11,44,48,0,103,0,2,52,2,56,11,46,100,2,159,56,0,56,215
03/21/2008,TRI,TN,ASO,ES,Combined TRACON& Tower with Radar,12,34,30,0,76,0,3,82,2,87,12,37,112,2,163,80,0,80,243
03/22/2008,TRI,TN,ASO,ES,Combined TRACON& Tower with Radar,9,31,26,0,66,0,0,30,0,30,9,31,56,0,96,40,0,40,136
03/23/2008,TRI,TN,ASO,ES,Combined TRACON& Tower with Radar,13,37,18,0,68,0,6,13,1,20,13,43,31,1,88,26,0,26,114
03/24/2008,TRI,TN,ASO,ES,Combined TRACON& Tower with Radar,8,47,27,0,82,0,0,21,0,21,8,47,48,0,103,14,0,14,117
03/25/2008,TRI,TN,ASO,ES,Combined TRACON& Tower with Radar,12,45,49,0,106,0,2,44,0,46,12,47,93,0,152,18,0,18,170
03/26/2008,TRI,TN,ASO,ES,Combined TRACON& Tower with Radar,19,45,36,2,102,0,1,43,0,44,19,46,79,2,146,14,0,14,160
03/27/2008,TRI,TN,ASO,ES,Combined TRACON& Tower with Radar,7,50,43,0,100,0,2,21,0,23,7,52,64,0,123,14,0,14,137
03/28/2008,TRI,TN,ASO,ES,Combined TRACON& Tower with Radar,8,49,23,2,82,0,0,16,0,16,8,49,39,2,98,20,0,20,118
03/29/2008,TRI,TN,ASO,ES,Combined TRACON& Tower with Radar,13,34,26,0,73,0,0,13,0,13,13,34,39,0,86,34,0,34,120
03/30/2008,TRI,TN,ASO,ES,Combined TRACON& Tower with Radar,6,40,14,0,60,0,0,32,0,32,6,40,46,0,92,76,0,76,168
03/31/2008,TRI,TN,ASO,ES,Combined TRACON& Tower with Radar,7,42,33,0,82,0,0,7,0,7,7,42,40,0,89,26,0,26,115
04/01/2008,TRI,TN,ASO,ES,Combined TRACON& Tower with Radar,15,43,18,0,76,0,0,16,0,16,15,43,34,0,92,20,0,20,112
04/02/2008,TRI,TN,ASO,ES,Combined TRACON& Tower with Radar,12,48,54,0,114,0,0,50,0,50,12,48,104,0,164,68,0,68,232
04/03/2008,TRI,TN,ASO,ES,Combined TRACON& Tower with Radar,12,41,27,2,82,0,1,28,0,29,12,42,55,2,111,36,0,36,147
04/04/2008,TRI,TN,ASO,ES,Combined TRACON& Tower with Radar,7,41,31,0,79,0,0,5,0,5,7,41,36,0,84,2,0,2,86
04/05/2008,TRI,TN,ASO,ES,Combined TRACON& Tower with Radar,9,33,26,0,68,0,0,8,0,8,9,33,34,0,76,20,0,20,96
04/06/2008,TRI,TN,ASO,ES,Combined TRACON& Tower with Radar,9,37,22,2,70,0,0,49,0,49,9,37,71,2,119,82,0,82,201
04/07/2008,TRI,TN,ASO,ES,Combined TRACON& Tower with Radar,12,46,51,4,113,0,3,78,4,85,12,49,129,8,198,81,0,81,279
04/08/2008,TRI,TN,ASO,ES,Combined TRACON& Tower with Radar,8,46,44,4,102,0,0,45,0,45,8,46,89,4,147,47,0,47,194
04/09/2008,TRI,TN,ASO,ES,Combined TRACON& Tower with Radar,15,45,40,0,100,0,3,29,0,32,15,48,69,0,132,40,0,40,172
04/10/2008,TRI,TN,ASO,ES,Combined TRACON& Tower with Radar,8,50,44,0,102,0,4,48,0,52,8,54,92,0,154,45,0,45,199
04/11/2008,TRI,TN,ASO,ES,Combined TRACON& Tower with Radar,3,50,20,0,73,0,0,22,0,22,3,50,42,0,95,48,0,48,143
04/12/2008,TRI,TN,ASO,ES,Combined TRACON& Tower with Radar,6,33,9,0,48,0,0,7,0,7,6,33,16,0,55,4,0,4,59
04/13/2008,TRI,TN,ASO,ES,Combined TRACON& Tower with Radar,5,32,15,0,52,0,0,18,0,18,5,32,33,0,70,6,0,6,76
04/14/2008,TRI,TN,ASO,ES,Combined TRACON& Tower with Radar,6,47,34,9,96,0,0,13,0,13,6,47,47,9,109,36,0,36,145
04/15/2008,TRI,TN,ASO,ES,Combined TRACON& Tower with Radar,13,48,42,0,103,0,6,58,1,65,13,54,100,1,168,54,0,54,222
04/16/2008,TRI,TN,ASO,ES,Combined TRACON& Tower with Radar,10,41,44,0,95,0,5,72,0,77,10,46,116,0,172,68,0,68,240
04/17/2008,TRI,TN,ASO,ES,Combined TRACON& Tower with Radar,11,43,46,0,100,0,2,51,0,53,11,45,97,0,153,23,0,23,176
04/18/2008,TRI,TN,ASO,ES,Combined TRACON& Tower with Radar,13,44,33,0,90,0,0,54,0,54,13,44,87,0,144,31,0,31,175
04/19/2008,TRI,TN,ASO,ES,Combined TRACON& Tower with Radar,16,27,13,6,62,0,0,21,0,21,16,27,34,6,83,54,0,54,137
04/20/2008,TRI,TN,ASO,ES,Combined TRACON& Tower with Radar,7,34,23,0,64,0,0,33,0,33,7,34,56,0,97,47,0,47,144
04/21/2008,TRI,TN,ASO,ES,Combined TRACON& Tower with Radar,10,49,35,2,96,0,2,29,0,31,10,51,64,2,127,14,0,14,141
04/22/2008,TRI,TN,ASO,ES,Combined TRACON& Tower with Radar,19,36,41,1,97,0,2,44,1,47,19,38,85,2,144,52,0,52,196
04/23/2008,TRI,TN,ASO,ES,Combined TRACON& Tower with Radar,10,40,42,0,92,0,2,56,0,58,10,42,98,0,150,82,0,82,232
04/24/2008,TRI,TN,ASO,ES,Combined TRACON& Tower with Radar,8,46,41,2,97,0,0,49,0,49,8,46,90,2,146,32,0,32,178
04/25/2008,TRI,TN,ASO,ES,Combined TRACON& Tower with Radar,8,43,25,0,76,0,0,49,0,49,8,43,74,0,125,30,0,30,155
04/26/2008,TRI,TN,ASO,ES,Combined TRACON& Tower with Radar,21,24,12,0,57,0,0,32,0,32,21,24,44,0,89,44,0,44,133
04/27/2008,TRI,TN,ASO,ES,Combined TRACON& Tower with Radar,12,27,12,0,51,0,0,16,0,16,12,27,28,0,67,18,0,18,85
04/28/2008,TRI,TN,ASO,ES,Combined TRACON& Tower with Radar,6,55,24,0,85,0,0,13,0,13,6,55,37,0,98,46,0,46,144
04/29/2008,TRI,TN,ASO,ES,Combined TRACON& Tower with Radar,10,46,40,0,96,0,0,28,3,31,10,46,68,3,127,14,0,14,141
04/30/2008,TRI,TN,ASO,ES,Combined TRACON& Tower with Radar,8,49,40,0,97,0,4,86,0,90,8,53,126,0,187,97,0,97,284
05/01/2008,TRI,TN,ASO,ES,Combined TRACON& Tower with Radar,8,50,50,0,108,0,0,66,0,66,8,50,116,0,174,76,0,76,250
05/02/2008,TRI,TN,ASO,ES,Combined TRACON& Tower with Radar,4,51,35,2,92,0,0,38,0,38,4,51,73,2,130,54,0,54,184
05/03/2008,TRI,TN,ASO,ES,Combined TRACON& Tower with Radar,7,32,16,0,55,0,0,13,0,13,7,32,29,0,68,32,0,32,100
05/04/2008,TRI,TN,ASO,ES,Combined TRACON& Tower with Radar,6,31,33,2,72,0,5,59,0,64,6,36,92,2,136,76,0,76,212
05/05/2008,TRI,TN,ASO,ES,Combined TRACON& Tower with Radar,10,40,34,2,86,0,4,59,3,66,10,44,93,5,152,86,0,86,238
05/06/2008,TRI,TN,ASO,ES,Combined TRACON& Tower with Radar,16,35,25,0,76,0,6,48,0,54,16,41,73,0,130,48,0,48,178
05/07/2008,TRI,TN,ASO,ES,Combined TRACON& Tower with Radar,15,42,37,0,94,0,1,43,0,44,15,43,80,0,138,52,0,52,190
05/08/2008,TRI,TN,ASO,ES,Combined TRACON& Tower with Radar,23,29,30,2,84,0,5,10,0,15,23,34,40,2,99,50,0,50,149
05/09/2008,TRI,TN,ASO,ES,Combined TRACON& Tower with Radar,15,46,44,0,105,170,0,24,0,194,185,46,68,0,299,53,0,53,352
05/10/2008,TRI,TN,ASO,ES,Combined TRACON& Tower with Radar,6,36,24,0,66,0,0,58,0,58,6,36,82,0,124,82,0,82,206
05/11/2008,TRI,TN,ASO,ES,Combined TRACON& Tower with Radar,9,29,20,1,59,0,0,1,0,1,9,29,21,1,60,0,0,0,60
05/12/2008,TRI,TN,ASO,ES,Combined TRACON& Tower with Radar,9,40,46,0,95,0,0,33,0,33,9,40,79,0,128,24,0,24,152
05/13/2008,TRI,TN,ASO,ES,Combined TRACON& Tower with Radar,10,47,39,0,96,0,2,56,0,58,10,49,95,0,154,107,0,107,261
05/14/2008,TRI,TN,ASO,ES,Combined TRACON& Tower with Radar,11,42,39,0,92,0,2,29,0,31,11,44,68,0,123,24,0,24,147
05/15/2008,TRI,TN,ASO,ES,Combined TRACON& Tower with Radar,5,51,40,0,96,0,0,24,0,24,5,51,64,0,120,50,0,50,170
05/16/2008,TRI,TN,ASO,ES,Combined TRACON& Tower with Radar,5,49,39,0,93,0,1,17,0,18,5,50,56,0,111,0,0,0,111
05/17/2008,TRI,TN,ASO,ES,Combined TRACON& Tower with Radar,4,49,30,0,83,0,6,49,0,55,4,55,79,0,138,22,0,22,160
05/18/2008,TRI,TN,ASO,ES,Combined TRACON& Tower with Radar,10,36,28,9,83,0,0,19,15,34,10,36,47,24,117,18,0,18,135
05/19/2008,TRI,TN,ASO,ES,Combined TRACON& Tower with Radar,9,45,34,3,91,0,3,27,1,31,9,48,61,4,122,12,0,12,134
05/20/2008,TRI,TN,ASO,ES,Combined TRACON& Tower with Radar,14,37,36,0,87,0,0,11,0,11,14,37,47,0,98,22,0,22,120
05/21/2008,TRI,TN,ASO,ES,Combined TRACON& Tower with Radar,9,53,39,0,101,0,0,42,7,49,9,53,81,7,150,18,0,18,168
05/22/2008,TRI,TN,ASO,ES,Combined TRACON& Tower with Radar,8,50,52,0,110,0,0,52,0,52,8,50,104,0,162,55,0,55,217
05/23/2008,TRI,TN,ASO,ES,Combined TRACON& Tower with Radar,10,44,51,0,105,0,0,54,0,54,10,44,105,0,159,63,0,63,222
05/24/2008,TRI,TN,ASO,ES,Combined TRACON& Tower with Radar,9,34,9,0,52,0,1,26,0,27,9,35,35,0,79,30,0,30,109
05/25/2008,TRI,TN,ASO,ES,Combined TRACON& Tower with Radar,2,27,12,0,41,0,0,48,0,48,2,27,60,0,89,56,0,56,145
05/26/2008,TRI,TN,ASO,ES,Combined TRACON& Tower with Radar,2,37,16,0,55,0,0,31,0,31,2,37,47,0,86,100,0,100,186
05/27/2008,TRI,TN,ASO,ES,Combined TRACON& Tower with Radar,6,45,37,0,88,0,0,29,0,29,6,45,66,0,117,48,0,48,165
05/28/2008,TRI,TN,ASO,ES,Combined TRACON& Tower with Radar,17,47,48,0,112,0,0,14,0,14,17,47,62,0,126,30,0,30,156
05/29/2008,TRI,TN,ASO,ES,Combined TRACON& Tower with Radar,13,40,38,0,91,0,0,47,0,47,13,40,85,0,138,146,0,146,284
05/30/2008,TRI,TN,ASO,ES,Combined TRACON& Tower with Radar,12,40,58,1,111,0,0,46,0,46,12,40,104,1,157,46,0,46,203
05/31/2008,TRI,TN,ASO,ES,Combined TRACON& Tower with Radar,9,36,16,0,61,0,0,11,0,11,9,36,27,0,72,26,0,26,98
06/01/2008,TRI,TN,ASO,ES,Combined TRACON& Tower with Radar,4,36,21,0,61,0,0,15,0,15,4,36,36,0,76,24,0,24,100
06/02/2008,TRI,TN,ASO,ES,Combined TRACON& Tower with Radar,8,40,22,1,71,0,2,52,0,54,8,42,74,1,125,62,0,62,187
06/03/2008,TRI,TN,ASO,ES,Combined TRACON& Tower with Radar,10,42,31,1,84,0,2,31,2,35,10,44,62,3,119,48,0,48,167
06/04/2008,TRI,TN,ASO,ES,Combined TRACON& Tower with Radar,12,48,34,3,97,0,0,41,5,46,12,48,75,8,143,26,0,26,169
06/05/2008,TRI,TN,ASO,ES,Combined TRACON& Tower with Radar,16,42,48,2,108,0,1,59,0,60,16,43,107,2,168,90,0,90,258
06/06/2008,TRI,TN,ASO,ES,Combined TRACON& Tower with Radar,16,44,31,0,91,0,2,52,3,57,16,46,83,3,148,44,0,44,192
06/07/2008,TRI,TN,ASO,ES,Combined TRACON& Tower with Radar,21,21,19,3,64,0,1,42,0,43,21,22,61,3,107,18,0,18,125
06/08/2008,TRI,TN,ASO,ES,Combined TRACON& Tower with Radar,13,25,18,2,58,0,0,40,2,42,13,25,58,4,100,24,0,24,124
06/09/2008,TRI,TN,ASO,ES,Combined TRACON& Tower with Radar,9,39,38,0,86,0,0,29,1,30,9,39,67,1,116,2,0,2,118
06/10/2008,TRI,TN,ASO,ES,Combined TRACON& Tower with Radar,19,44,39,0,102,0,2,45,0,47,19,46,84,0,149,19,0,19,168
06/11/2008,TRI,TN,ASO,ES,Combined TRACON& Tower with Radar,12,36,50,0,98,0,0,30,0,30,12,36,80,0,128,9,0,9,137
06/12/2008,TRI,TN,ASO,ES,Combined TRACON& Tower with Radar,17,38,33,3,91,0,5,55,1,61,17,43,88,4,152,52,0,52,204
06/13/2008,TRI,TN,ASO,ES,Combined TRACON& Tower with Radar,17,36,38,0,91,0,3,56,0,59,17,39,94,0,150,53,0,53,203
06/14/2008,TRI,TN,ASO,ES,Combined TRACON& Tower with Radar,12,31,16,0,59,0,0,28,0,28,12,31,44,0,87,50,0,50,137
06/15/2008,TRI,TN,ASO,ES,Combined TRACON& Tower with Radar,11,32,25,0,68,0,0,31,0,31,11,32,56,0,99,52,0,52,151
06/16/2008,TRI,TN,ASO,ES,Combined TRACON& Tower with Radar,10,38,21,0,69,0,3,41,0,44,10,41,62,0,113,29,0,29,142
06/17/2008,TRI,TN,ASO,ES,Combined TRACON& Tower with Radar,14,40,29,0,83,0,1,30,0,31,14,41,59,0,114,4,0,4,118
06/18/2008,TRI,TN,ASO,ES,Combined TRACON& Tower with Radar,10,52,32,0,94,0,0,62,0,62,10,52,94,0,156,54,0,54,210
06/19/2008,TRI,TN,ASO,ES,Combined TRACON& Tower with Radar,12,38,34,0,84,0,4,12,0,16,12,42,46,0,100,44,0,44,144
06/20/2008,TRI,TN,ASO,ES,Combined TRACON& Tower with Radar,13,33,34,0,80,0,3,63,0,66,13,36,97,0,146,52,0,52,198
06/21/2008,TRI,TN,ASO,ES,Combined TRACON& Tower with Radar,14,30,20,0,64,0,2,32,2,36,14,32,52,2,100,42,0,42,142
06/22/2008,TRI,TN,ASO,ES,Combined TRACON& Tower with Radar,9,30,19,0,58,0,1,41,0,42,9,31,60,0,100,108,0,108,208
06/23/2008,TRI,TN,ASO,ES,Combined TRACON& Tower with Radar,15,37,31,0,83,0,3,30,0,33,15,40,61,0,116,44,0,44,160
06/24/2008,TRI,TN,ASO,ES,Combined TRACON& Tower with Radar,14,35,33,0,82,0,1,50,1,52,14,36,83,1,134,47,0,47,181
06/25/2008,TRI,TN,ASO,ES,Combined TRACON& Tower with Radar,17,40,49,0,106,0,2,60,1,63,17,42,109,1,169,30,0,30,199
06/26/2008,TRI,TN,ASO,ES,Combined TRACON& Tower with Radar,15,47,44,2,108,0,1,44,2,47,15,48,88,4,155,20,0,20,175
06/27/2008,TRI,TN,ASO,ES,Combined TRACON& Tower with Radar,12,39,28,0,79,0,0,27,0,27,12,39,55,0,106,38,0,38,144
06/28/2008,TRI,TN,ASO,ES,Combined TRACON& Tower with Radar,13,28,23,0,64,0,0,30,0,30,13,28,53,0,94,42,0,42,136
06/29/2008,TRI,TN,ASO,ES,Combined TRACON& Tower with Radar,11,31,14,0,56,0,0,9,0,9,11,31,23,0,65,26,0,26,91
06/30/2008,TRI,TN,ASO,ES,Combined TRACON& Tower with Radar,9,38,31,0,78,0,6,22,1,29,9,44,53,1,107,36,0,36,143
07/01/2008,TRI,TN,ASO,ES,Combined TRACON& Tower with Radar,15,47,30,2,94,0,2,63,4,69,15,49,93,6,163,32,0,32,195
07/02/2008,TRI,TN,ASO,ES,Combined TRACON& Tower with Radar,12,36,32,0,80,0,3,83,1,87,12,39,115,1,167,80,0,80,247
07/03/2008,TRI,TN,ASO,ES,Combined TRACON& Tower with Radar,17,33,34,0,84,0,4,56,0,60,17,37,90,0,144,60,0,60,204
07/04/2008,TRI,TN,ASO,ES,Combined TRACON& Tower with Radar,9,25,9,0,43,0,2,18,2,22,9,27,27,2,65,34,0,34,99
07/05/2008,TRI,TN,ASO,ES,Combined TRACON& Tower with Radar,12,24,19,0,55,0,0,15,0,15,12,24,34,0,70,78,0,78,148
07/06/2008,TRI,TN,ASO,ES,Combined TRACON& Tower with Radar,13,27,46,0,86,0,0,27,0,27,13,27,73,0,113,101,0,101,214
07/07/2008,TRI,TN,ASO,ES,Combined TRACON& Tower with Radar,4,51,31,0,86,0,0,28,0,28,4,51,59,0,114,64,0,64,178
07/08/2008,TRI,TN,ASO,ES,Combined TRACON& Tower with Radar,8,44,34,0,86,0,2,32,3,37,8,46,66,3,123,56,0,56,179
07/09/2008,TRI,TN,ASO,ES,Combined TRACON& Tower with Radar,14,43,57,1,115,0,0,170,0,170,14,43,227,1,285,44,0,44,329
07/10/2008,TRI,TN,ASO,ES,Combined TRACON& Tower with Radar,13,39,54,0,106,0,1,10,0,11,13,40,64,0,117,24,0,24,141
07/11/2008,TRI,TN,ASO,ES,Combined TRACON& Tower with Radar,19,65,24,2,110,0,2,53,0,55,19,67,77,2,165,80,0,80,245
07/12/2008,TRI,TN,ASO,ES,Combined TRACON& Tower with Radar,13,27,15,2,57,0,1,51,0,52,13,28,66,2,109,133,0,133,242
07/13/2008,TRI,TN,ASO,ES,Combined TRACON& Tower with Radar,4,37,25,0,66,0,0,34,2,36,4,37,59,2,102,42,0,42,144
07/14/2008,TRI,TN,ASO,ES,Combined TRACON& Tower with Radar,4,46,72,2,124,0,1,38,2,41,4,47,110,4,165,36,0,36,201
07/15/2008,TRI,TN,ASO,ES,Combined TRACON& Tower with Radar,13,51,84,0,148,0,1,58,0,59,13,52,142,0,207,82,0,82,289
07/16/2008,TRI,TN,ASO,ES,Combined TRACON& Tower with Radar,14,48,32,0,94,0,2,42,0,44,14,50,74,0,138,45,0,45,183
07/17/2008,TRI,TN,ASO,ES,Combined TRACON& Tower with Radar,8,35,44,0,87,0,1,46,0,47,8,36,90,0,134,71,0,71,205
07/18/2008,TRI,TN,ASO,ES,Combined TRACON& Tower with Radar,14,38,18,0,70,0,5,35,0,40,14,43,53,0,110,122,0,122,232
07/19/2008,TRI,TN,ASO,ES,Combined TRACON& Tower with Radar,12,34,17,0,63,0,6,34,0,40,12,40,51,0,103,104,0,104,207
07/20/2008,TRI,TN,ASO,ES,Combined TRACON& Tower with Radar,10,29,30,2,71,0,2,69,0,71,10,31,99,2,142,96,0,96,238
07/21/2008,TRI,TN,ASO,ES,Combined TRACON& Tower with Radar,7,41,38,2,88,0,7,39,2,48,7,48,77,4,136,66,0,66,202
07/22/2008,TRI,TN,ASO,ES,Combined TRACON& Tower with Radar,6,47,33,0,86,0,2,27,2,31,6,49,60,2,117,24,0,24,141
07/23/2008,TRI,TN,ASO,ES,Combined TRACON& Tower with Radar,14,48,53,2,117,0,0,32,0,32,14,48,85,2,149,74,0,74,223
07/24/2008,TRI,TN,ASO,ES,Combined TRACON& Tower with Radar,14,38,88,4,144,0,2,47,2,51,14,40,135,6,195,54,0,54,249
07/25/2008,TRI,TN,ASO,ES,Combined TRACON& Tower with Radar,12,49,90,0,151,0,6,50,0,56,12,55,140,0,207,33,0,33,240
07/26/2008,TRI,TN,ASO,ES,Combined TRACON& Tower with Radar,22,27,28,0,77,0,1,21,0,22,22,28,49,0,99,69,0,69,168
07/27/2008,TRI,TN,ASO,ES,Combined TRACON& Tower with Radar,17,30,60,2,109,0,0,35,0,35,17,30,95,2,144,44,0,44,188
07/28/2008,TRI,TN,ASO,ES,Combined TRACON& Tower with Radar,12,40,36,4,92,0,1,51,0,52,12,41,87,4,144,32,0,32,176
07/29/2008,TRI,TN,ASO,ES,Combined TRACON& Tower with Radar,13,39,39,2,93,0,4,38,0,42,13,43,77,2,135,26,0,26,161
07/30/2008,TRI,TN,ASO,ES,Combined TRACON& Tower with Radar,11,49,40,1,101,0,0,26,0,26,11,49,66,1,127,18,0,18,145
07/31/2008,TRI,TN,ASO,ES,Combined TRACON& Tower with Radar,18,37,56,0,111,0,0,19,0,19,18,37,75,0,130,26,0,26,156
08/01/2008,TRI,TN,ASO,ES,Combined TRACON& Tower with Radar,9,50,86,2,147,0,2,37,0,39,9,52,123,2,186,52,0,52,238
08/02/2008,TRI,TN,ASO,ES,Combined TRACON& Tower with Radar,9,35,16,0,60,0,2,40,0,42,9,37,56,0,102,60,0,60,162
08/03/2008,TRI,TN,ASO,ES,Combined TRACON& Tower with Radar,5,36,14,1,56,0,0,47,1,48,5,36,61,2,104,60,0,60,164
08/04/2008,TRI,TN,ASO,ES,Combined TRACON& Tower with Radar,4,44,28,0,76,0,1,33,0,34,4,45,61,0,110,48,0,48,158
08/05/2008,TRI,TN,ASO,ES,Combined TRACON& Tower with Radar,9,43,36,0,88,0,3,47,0,50,9,46,83,0,138,52,0,52,190
08/06/2008,TRI,TN,ASO,ES,Combined TRACON& Tower with Radar,9,49,36,0,94,0,3,24,0,27,9,52,60,0,121,4,0,4,125
08/07/2008,TRI,TN,ASO,ES,Combined TRACON& Tower with Radar,17,47,42,0,106,0,0,23,0,23,17,47,65,0,129,34,0,34,163
08/08/2008,TRI,TN,ASO,ES,Combined TRACON& Tower with Radar,15,47,30,2,94,0,1,51,0,52,15,48,81,2,146,52,0,52,198
08/09/2008,TRI,TN,ASO,ES,Combined TRACON& Tower with Radar,10,32,84,0,126,0,0,55,0,55,10,32,139,0,181,42,0,42,223
08/10/2008,TRI,TN,ASO,ES,Combined TRACON& Tower with Radar,8,30,21,0,59,0,0,48,0,48,8,30,69,0,107,16,0,16,123
08/11/2008,TRI,TN,ASO,ES,Combined TRACON& Tower with Radar,4,43,31,0,78,0,4,56,0,60,4,47,87,0,138,44,0,44,182
08/12/2008,TRI,TN,ASO,ES,Combined TRACON& Tower with Radar,9,40,47,1,97,0,0,42,1,43,9,40,89,2,140,54,0,54,194
08/13/2008,TRI,TN,ASO,ES,Combined TRACON& Tower with Radar,10,44,32,0,86,0,0,22,0,22,10,44,54,0,108,16,0,16,124
08/14/2008,TRI,TN,ASO,ES,Combined TRACON& Tower with Radar,8,45,42,0,95,0,2,26,0,28,8,47,68,0,123,16,0,16,139
08/15/2008,TRI,TN,ASO,ES,Combined TRACON& Tower with Radar,6,45,34,0,85,0,3,35,0,38,6,48,69,0,123,19,0,19,142
08/16/2008,TRI,TN,ASO,ES,Combined TRACON& Tower with Radar,8,29,17,0,54,0,4,56,0,60,8,33,73,0,114,52,0,52,166
08/17/2008,TRI,TN,ASO,ES,Combined TRACON& Tower with Radar,6,35,37,3,81,0,1,39,1,41,6,36,76,4,122,8,0,8,130
08/18/2008,TRI,TN,ASO,ES,Combined TRACON& Tower with Radar,8,48,42,0,98,0,1,51,0,52,8,49,93,0,150,74,0,74,224
08/19/2008,TRI,TN,ASO,ES,Combined TRACON& Tower with Radar,7,47,46,1,101,0,3,40,0,43,7,50,86,1,144,20,0,20,164
08/20/2008,TRI,TN,ASO,ES,Combined TRACON& Tower with Radar,13,47,122,0,182,0,1,44,0,45,13,48,166,0,227,0,0,0,227
08/21/2008,TRI,TN,ASO,ES,Combined TRACON& Tower with Radar,16,41,112,2,171,0,1,35,0,36,16,42,147,2,207,28,0,28,235
08/22/2008,TRI,TN,ASO,ES,Combined TRACON& Tower with Radar,18,51,94,5,168,0,1,95,3,99,18,52,189,8,267,14,0,14,281
08/23/2008,TRI,TN,ASO,ES,Combined TRACON& Tower with Radar,15,72,129,4,220,0,1,404,3,408,15,73,533,7,628,28,0,28,656
08/24/2008,TRI,TN,ASO,ES,Combined TRACON& Tower with Radar,19,35,103,7,164,0,0,45,2,47,19,35,148,9,211,30,0,30,241
08/25/2008,TRI,TN,ASO,ES,Combined TRACON& Tower with Radar,15,35,30,0,80,0,0,22,0,22,15,35,52,0,102,24,0,24,126
08/26/2008,TRI,TN,ASO,ES,Combined TRACON& Tower with Radar,9,30,32,1,72,0,0,7,0,7,9,30,39,1,79,4,0,4,83
08/27/2008,TRI,TN,ASO,ES,Combined TRACON& Tower with Radar,13,47,36,0,96,0,1,15,0,16,13,48,51,0,112,32,0,32,144
08/28/2008,TRI,TN,ASO,ES,Combined TRACON& Tower with Radar,13,40,47,0,100,0,0,10,0,10,13,40,57,0,110,4,0,4,114
08/29/2008,TRI,TN,ASO,ES,Combined TRACON& Tower with Radar,15,40,70,0,125,0,1,32,0,33,15,41,102,0,158,34,0,34,192
08/30/2008,TRI,TN,ASO,ES,Combined TRACON& Tower with Radar,12,26,11,0,49,0,0,47,0,47,12,26,58,0,96,133,0,133,229
08/31/2008,TRI,TN,ASO,ES,Combined TRACON& Tower with Radar,6,17,16,0,39,0,0,39,0,39,6,17,55,0,78,64,0,64,142
09/01/2008,TRI,TN,ASO,ES,Combined TRACON& Tower with Radar,11,29,15,0,55,0,0,43,0,43,11,29,58,0,98,50,0,50,148
09/02/2008,TRI,TN,ASO,ES,Combined TRACON& Tower with Radar,3,40,36,0,79,0,1,35,2,38,3,41,71,2,117,36,0,36,153
09/03/2008,TRI,TN,ASO,ES,Combined TRACON& Tower with Radar,7,48,36,0,91,0,5,53,0,58,7,53,89,0,149,49,0,49,198
09/04/2008,TRI,TN,ASO,ES,Combined TRACON& Tower with Radar,9,37,25,0,71,0,1,49,0,50,9,38,74,0,121,45,0,45,166
09/05/2008,TRI,TN,ASO,ES,Combined TRACON& Tower with Radar,7,52,21,0,80,0,3,24,0,27,7,55,45,0,107,18,0,18,125
09/06/2008,TRI,TN,ASO,ES,Combined TRACON& Tower with Radar,5,33,21,0,59,0,0,32,0,32,5,33,53,0,91,62,0,62,153
09/07/2008,TRI,TN,ASO,ES,Combined TRACON& Tower with Radar,6,38,15,0,59,0,2,31,0,33,6,40,46,0,92,42,0,42,134
09/08/2008,TRI,TN,ASO,ES,Combined TRACON& Tower with Radar,2,52,33,1,88,0,3,40,0,43,2,55,73,1,131,24,0,24,155
09/09/2008,TRI,TN,ASO,ES,Combined TRACON& Tower with Radar,4,43,45,0,92,0,0,12,0,12,4,43,57,0,104,10,0,10,114
09/10/2008,TRI,TN,ASO,ES,Combined TRACON& Tower with Radar,6,50,33,2,91,0,0,26,0,26,6,50,59,2,117,34,0,34,151
09/11/2008,TRI,TN,ASO,ES,Combined TRACON& Tower with Radar,6,50,64,0,120,0,0,30,0,30,6,50,94,0,150,49,0,49,199
09/12/2008,TRI,TN,ASO,ES,Combined TRACON& Tower with Radar,7,43,47,0,97,0,1,36,1,38,7,44,83,1,135,30,0,30,165
09/13/2008,TRI,TN,ASO,ES,Combined TRACON& Tower with Radar,2,36,11,0,49,0,0,26,0,26,2,36,37,0,75,14,0,14,89
09/14/2008,TRI,TN,ASO,ES,Combined TRACON& Tower with Radar,4,35,19,0,58,0,0,23,0,23,4,35,42,0,81,14,0,14,95
09/15/2008,TRI,TN,ASO,ES,Combined TRACON& Tower with Radar,5,51,25,0,81,0,0,12,2,14,5,51,37,2,95,0,0,0,95
09/16/2008,TRI,TN,ASO,ES,Combined TRACON& Tower with Radar,7,49,26,0,82,0,0,37,0,37,7,49,63,0,119,48,0,48,167
09/17/2008,TRI,TN,ASO,ES,Combined TRACON& Tower with Radar,6,50,54,1,111,0,1,46,6,53,6,51,100,7,164,24,0,24,188
09/18/2008,TRI,TN,ASO,ES,Combined TRACON& Tower with Radar,8,45,54,1,108,0,1,40,4,45,8,46,94,5,153,21,0,21,174
09/19/2008,TRI,TN,ASO,ES,Combined TRACON& Tower with Radar,6,46,28,2,82,0,0,36,2,38,6,46,64,4,120,25,0,25,145
09/20/2008,TRI,TN,ASO,ES,Combined TRACON& Tower with Radar,3,34,15,0,52,0,0,28,0,28,3,34,43,0,80,28,0,28,108
09/21/2008,TRI,TN,ASO,ES,Combined TRACON& Tower with Radar,2,35,25,8,70,0,0,50,0,50,2,35,75,8,120,52,0,52,172
09/22/2008,TRI,TN,ASO,ES,Combined TRACON& Tower with Radar,10,44,23,0,77,0,2,38,0,40,10,46,61,0,117,48,0,48,165
09/23/2008,TRI,TN,ASO,ES,Combined TRACON& Tower with Radar,3,43,28,2,76,0,2,31,0,33,3,45,59,2,109,48,0,48,157
09/24/2008,TRI,TN,ASO,ES,Combined TRACON& Tower with Radar,5,43,41,0,89,0,3,54,2,59,5,46,95,2,148,40,0,40,188
09/25/2008,TRI,TN,ASO,ES,Combined TRACON& Tower with Radar,9,43,89,0,141,0,0,39,0,39,9,43,128,0,180,62,0,62,242
09/26/2008,TRI,TN,ASO,ES,Combined TRACON& Tower with Radar,9,44,60,0,113,0,1,10,0,11,9,45,70,0,124,37,0,37,161
09/27/2008,TRI,TN,ASO,ES,Combined TRACON& Tower with Radar,6,32,17,0,55,0,0,10,0,10,6,32,27,0,65,46,0,46,111
09/28/2008,TRI,TN,ASO,ES,Combined TRACON& Tower with Radar,7,31,22,0,60,0,0,20,0,20,7,31,42,0,80,32,0,32,112
09/29/2008,TRI,TN,ASO,ES,Combined TRACON& Tower with Radar,3,53,33,1,90,0,0,46,3,49,3,53,79,4,139,18,0,18,157
09/30/2008,TRI,TN,ASO,ES,Combined TRACON& Tower with Radar,4,54,46,0,104,0,0,45,0,45,4,54,91,0,149,21,0,21,170
10/01/2008,TRI,TN,ASO,ES,Combined TRACON& Tower with Radar,5,38,82,2,127,0,0,39,2,41,5,38,121,4,168,60,0,60,228
10/02/2008,TRI,TN,ASO,ES,Combined TRACON& Tower with Radar,10,45,114,0,169,0,0,70,0,70,10,45,184,0,239,75,0,75,314
10/03/2008,TRI,TN,ASO,ES,Combined TRACON& Tower with Radar,5,51,79,0,135,0,9,42,0,51,5,60,121,0,186,48,0,48,234
10/04/2008,TRI,TN,ASO,ES,Combined TRACON& Tower with Radar,9,30,64,0,103,0,6,72,0,78,9,36,136,0,181,27,0,27,208
10/05/2008,TRI,TN,ASO,ES,Combined TRACON& Tower with Radar,2,37,62,0,101,0,1,37,0,38,2,38,99,0,139,38,0,38,177
10/06/2008,TRI,TN,ASO,ES,Combined TRACON& Tower with Radar,2,45,31,0,78,0,1,45,2,48,2,46,76,2,126,10,0,10,136
10/07/2008,TRI,TN,ASO,ES,Combined TRACON& Tower with Radar,3,48,28,0,79,0,1,47,0,48,3,49,75,0,127,64,0,64,191
10/08/2008,TRI,TN,ASO,ES,Combined TRACON& Tower with Radar,6,49,41,2,98,0,0,32,0,32,6,49,73,2,130,7,0,7,137
10/09/2008,TRI,TN,ASO,ES,Combined TRACON& Tower with Radar,10,46,49,0,105,0,3,21,0,24,10,49,70,0,129,14,0,14,143
10/10/2008,TRI,TN,ASO,ES,Combined TRACON& Tower with Radar,8,58,72,2,140,0,5,45,2,52,8,63,117,4,192,54,0,54,246
10/11/2008,TRI,TN,ASO,ES,Combined TRACON& Tower with Radar,6,34,15,0,55,0,0,48,0,48,6,34,63,0,103,46,0,46,149
10/12/2008,TRI,TN,ASO,ES,Combined TRACON& Tower with Radar,3,37,18,0,58,0,7,43,0,50,3,44,61,0,108,84,0,84,192
10/13/2008,TRI,TN,ASO,ES,Combined TRACON& Tower with Radar,2,43,27,0,72,0,16,60,0,76,2,59,87,0,148,155,0,155,303
10/14/2008,TRI,TN,ASO,ES,Combined TRACON& Tower with Radar,3,50,18,2,73,0,6,59,0,65,3,56,77,2,138,89,0,89,227
10/15/2008,TRI,TN,ASO,ES,Combined TRACON& Tower with Radar,5,55,31,2,93,0,5,49,2,56,5,60,80,4,149,68,0,68,217
10/16/2008,TRI,TN,ASO,ES,Combined TRACON& Tower with Radar,12,40,43,0,95,0,0,38,0,38,12,40,81,0,133,187,0,187,320
10/17/2008,TRI,TN,ASO,ES,Combined TRACON& Tower with Radar,8,59,57,2,126,0,0,0,0,0,8,59,57,2,126,8,0,8,134
10/18/2008,TRI,TN,ASO,ES,Combined TRACON& Tower with Radar,4,37,19,7,67,0,0,45,0,45,4,37,64,7,112,64,0,64,176
10/19/2008,TRI,TN,ASO,ES,Combined TRACON& Tower with Radar,5,35,24,0,64,0,0,35,0,35,5,35,59,0,99,30,0,30,129
10/20/2008,TRI,TN,ASO,ES,Combined TRACON& Tower with Radar,6,39,25,4,74,0,1,56,6,63,6,40,81,10,137,36,0,36,173
10/21/2008,TRI,TN,ASO,ES,Combined TRACON& Tower with Radar,3,51,36,0,90,0,0,19,0,19,3,51,55,0,109,4,0,4,113
10/22/2008,TRI,TN,ASO,ES,Combined TRACON& Tower with Radar,3,44,67,0,114,0,0,30,0,30,3,44,97,0,144,10,0,10,154
10/23/2008,TRI,TN,ASO,ES,Combined TRACON& Tower with Radar,8,49,60,0,117,0,1,33,0,34,8,50,93,0,151,14,0,14,165
10/24/2008,TRI,TN,ASO,ES,Combined TRACON& Tower with Radar,4,42,40,0,86,0,0,9,0,9,4,42,49,0,95,8,0,8,103
10/25/2008,TRI,TN,ASO,ES,Combined TRACON& Tower with Radar,5,32,21,0,58,0,0,25,0,25,5,32,46,0,83,46,0,46,129
10/26/2008,TRI,TN,ASO,ES,Combined TRACON& Tower with Radar,5,33,20,0,58,0,0,29,0,29,5,33,49,0,87,46,0,46,133
10/27/2008,TRI,TN,ASO,ES,Combined TRACON& Tower with Radar,10,44,32,1,87,0,0,24,0,24,10,44,56,1,111,33,0,33,144
10/28/2008,TRI,TN,ASO,ES,Combined TRACON& Tower with Radar,4,46,27,0,77,0,0,6,0,6,4,46,33,0,83,38,0,38,121
10/29/2008,TRI,TN,ASO,ES,Combined TRACON& Tower with Radar,3,47,32,0,82,0,9,18,6,33,3,56,50,6,115,14,0,14,129
10/30/2008,TRI,TN,ASO,ES,Combined TRACON& Tower with Radar,8,45,11,0,64,0,0,29,0,29,8,45,40,0,93,16,0,16,109
10/31/2008,TRI,TN,ASO,ES,Combined TRACON& Tower with Radar,14,40,20,0,74,0,0,51,0,51,14,40,71,0,125,69,0,69,194
11/01/2008,TRI,TN,ASO,ES,Combined TRACON& Tower with Radar,2,33,13,0,48,0,4,48,0,52,2,37,61,0,100,62,0,62,162
11/02/2008,TRI,TN,ASO,ES,Combined TRACON& Tower with Radar,2,40,19,0,61,0,0,46,2,48,2,40,65,2,109,40,0,40,149
11/03/2008,TRI,TN,ASO,ES,Combined TRACON& Tower with Radar,3,56,39,8,106,0,0,36,0,36,3,56,75,8,142,32,2,34,176
11/04/2008,TRI,TN,ASO,ES,Combined TRACON& Tower with Radar,5,45,24,0,74,0,1,19,0,20,5,46,43,0,94,23,0,23,117
11/05/2008,TRI,TN,ASO,ES,Combined TRACON& Tower with Radar,4,50,29,0,83,0,2,27,0,29,4,52,56,0,112,45,0,45,157
11/06/2008,TRI,TN,ASO,ES,Combined TRACON& Tower with Radar,5,57,21,2,85,0,0,44,0,44,5,57,65,2,129,28,0,28,157
11/07/2008,TRI,TN,ASO,ES,Combined TRACON& Tower with Radar,5,55,26,0,86,0,2,14,0,16,5,57,40,0,102,24,0,24,126
11/08/2008,TRI,TN,ASO,ES,Combined TRACON& Tower with Radar,2,26,10,0,38,0,0,16,0,16,2,26,26,0,54,0,0,0,54
11/09/2008,TRI,TN,ASO,ES,Combined TRACON& Tower with Radar,4,38,18,0,60,0,0,33,0,33,4,38,51,0,93,38,0,38,131
11/10/2008,TRI,TN,ASO,ES,Combined TRACON& Tower with Radar,2,47,21,0,70,0,3,25,0,28,2,50,46,0,98,8,0,8,106
11/11/2008,TRI,TN,ASO,ES,Combined TRACON& Tower with Radar,2,43,23,0,68,0,0,25,0,25,2,43,48,0,93,89,0,89,182
11/12/2008,TRI,TN,ASO,ES,Combined TRACON& Tower with Radar,5,44,41,0,90,0,1,15,0,16,5,45,56,0,106,0,0,0,106
11/13/2008,TRI,TN,ASO,ES,Combined TRACON& Tower with Radar,4,49,28,2,83,0,0,0,0,0,4,49,28,2,83,0,0,0,83
11/14/2008,TRI,TN,ASO,ES,Combined TRACON& Tower with Radar,2,51,35,2,90,0,1,22,0,23,2,52,57,2,113,32,0,32,145
11/15/2008,TRI,TN,ASO,ES,Combined TRACON& Tower with Radar,2,29,6,4,41,0,0,3,0,3,2,29,9,4,44,2,0,2,46
11/16/2008,TRI,TN,ASO,ES,Combined TRACON& Tower with Radar,2,40,17,0,59,0,0,13,0,13,2,40,30,0,72,14,0,14,86
11/17/2008,TRI,TN,ASO,ES,Combined TRACON& Tower with Radar,2,50,24,2,78,0,0,19,0,19,2,50,43,2,97,79,0,79,176
11/18/2008,TRI,TN,ASO,ES,Combined TRACON& Tower with Radar,4,51,39,0,94,0,0,13,0,13,4,51,52,0,107,44,0,44,151
11/19/2008,TRI,TN,ASO,ES,Combined TRACON& Tower with Radar,3,54,27,2,86,0,3,50,2,55,3,57,77,4,141,52,0,52,193
11/20/2008,TRI,TN,ASO,ES,Combined TRACON& Tower with Radar,8,53,33,0,94,0,3,40,0,43,8,56,73,0,137,30,0,30,167
11/21/2008,TRI,TN,ASO,ES,Combined TRACON& Tower with Radar,6,50,31,3,90,0,0,7,0,7,6,50,38,3,97,8,0,8,105
11/22/2008,TRI,TN,ASO,ES,Combined TRACON& Tower with Radar,2,27,35,0,64,0,1,38,0,39,2,28,73,0,103,42,0,42,145
11/23/2008,TRI,TN,ASO,ES,Combined TRACON& Tower with Radar,4,41,21,3,69,0,0,34,0,34,4,41,55,3,103,32,0,32,135
11/24/2008,TRI,TN,ASO,ES,Combined TRACON& Tower with Radar,2,52,21,0,75,0,0,1,0,1,2,52,22,0,76,16,0,16,92
11/25/2008,TRI,TN,ASO,ES,Combined TRACON& Tower with Radar,6,59,32,0,97,0,0,26,0,26,6,59,58,0,123,23,0,23,146
11/26/2008,TRI,TN,ASO,ES,Combined TRACON& Tower with Radar,2,54,18,4,78,0,0,35,0,35,2,54,53,4,113,72,0,72,185
11/27/2008,TRI,TN,ASO,ES,Combined TRACON& Tower with Radar,4,19,7,0,30,0,0,13,0,13,4,19,20,0,43,3,0,3,46
11/28/2008,TRI,TN,ASO,ES,Combined TRACON& Tower with Radar,2,40,21,0,63,0,3,34,0,37,2,43,55,0,100,16,0,16,116
11/29/2008,TRI,TN,ASO,ES,Combined TRACON& Tower with Radar,2,37,13,0,52,0,0,33,0,33,2,37,46,0,85,46,0,46,131
11/30/2008,TRI,TN,ASO,ES,Combined TRACON& Tower with Radar,4,47,30,2,83,0,0,4,0,4,4,47,34,2,87,28,0,28,115
12/01/2008,TRI,TN,ASO,ES,Combined TRACON& Tower with Radar,2,43,20,0,65,0,1,2,0,3,2,44,22,0,68,0,0,0,68
12/02/2008,TRI,TN,ASO,ES,Combined TRACON& Tower with Radar,2,47,20,0,69,0,2,21,0,23,2,49,41,0,92,45,0,45,137
12/03/2008,TRI,TN,ASO,ES,Combined TRACON& Tower with Radar,0,49,61,0,110,0,2,64,0,66,0,51,125,0,176,80,0,80,256
12/04/2008,TRI,TN,ASO,ES,Combined TRACON& Tower with Radar,4,55,33,0,92,0,0,11,0,11,4,55,44,0,103,16,0,16,119
12/05/2008,TRI,TN,ASO,ES,Combined TRACON& Tower with Radar,2,45,25,0,72,0,2,32,2,36,2,47,57,2,108,28,0,28,136
12/06/2008,TRI,TN,ASO,ES,Combined TRACON& Tower with Radar,2,30,20,0,52,0,0,12,0,12,2,30,32,0,64,8,0,8,72
12/07/2008,TRI,TN,ASO,ES,Combined TRACON& Tower with Radar,4,41,24,0,69,0,0,27,0,27,4,41,51,0,96,30,0,30,126
12/08/2008,TRI,TN,ASO,ES,Combined TRACON& Tower with Radar,2,44,20,0,66,0,3,34,0,37,2,47,54,0,103,40,0,40,143
12/09/2008,TRI,TN,ASO,ES,Combined TRACON& Tower with Radar,2,46,19,0,67,0,0,22,0,22,2,46,41,0,89,37,0,37,126
12/10/2008,TRI,TN,ASO,ES,Combined TRACON& Tower with Radar,0,44,26,2,72,0,0,10,0,10,0,44,36,2,82,15,0,15,97
12/11/2008,TRI,TN,ASO,ES,Combined TRACON& Tower with Radar,4,49,33,2,88,0,0,2,0,2,4,49,35,2,90,0,0,0,90
12/12/2008,TRI,TN,ASO,ES,Combined TRACON& Tower with Radar,2,51,30,0,83,0,0,15,0,15,2,51,45,0,98,10,0,10,108
12/13/2008,TRI,TN,ASO,ES,Combined TRACON& Tower with Radar,0,29,21,2,52,0,0,41,0,41,0,29,62,2,93,36,0,36,129
12/14/2008,TRI,TN,ASO,ES,Combined TRACON& Tower with Radar,4,41,13,0,58,0,0,43,1,44,4,41,56,1,102,61,0,61,163
12/15/2008,TRI,TN,ASO,ES,Combined TRACON& Tower with Radar,0,49,21,0,70,0,0,17,0,17,0,49,38,0,87,2,0,2,89
12/16/2008,TRI,TN,ASO,ES,Combined TRACON& Tower with Radar,2,51,27,0,80,0,0,8,0,8,2,51,35,0,88,6,0,6,94
12/17/2008,TRI,TN,ASO,ES,Combined TRACON& Tower with Radar,0,51,36,0,87,0,0,0,0,0,0,51,36,0,87,6,0,6,93
12/18/2008,TRI,TN,ASO,ES,Combined TRACON& Tower with Radar,6,44,29,0,79,0,0,0,0,0,6,44,29,0,79,8,0,8,87
12/19/2008,TRI,TN,ASO,ES,Combined TRACON& Tower with Radar,4,45,34,0,83,0,0,10,0,10,4,45,44,0,93,24,0,24,117
12/20/2008,TRI,TN,ASO,ES,Combined TRACON& Tower with Radar,0,28,21,0,49,0,0,26,0,26,0,28,47,0,75,24,0,24,99
12/21/2008,TRI,TN,ASO,ES,Combined TRACON& Tower with Radar,6,37,8,0,51,0,0,2,1,3,6,37,10,1,54,0,0,0,54
12/22/2008,TRI,TN,ASO,ES,Combined TRACON& Tower with Radar,0,43,22,13,78,0,7,57,3,67,0,50,79,16,145,96,0,96,241
12/23/2008,TRI,TN,ASO,ES,Combined TRACON& Tower with Radar,4,45,17,0,66,0,2,31,0,33,4,47,48,0,99,42,0,42,141
12/24/2008,TRI,TN,ASO,ES,Combined TRACON& Tower with Radar,0,36,10,0,46,0,0,4,0,4,0,36,14,0,50,0,0,0,50
12/25/2008,TRI,TN,ASO,ES,Combined TRACON& Tower with Radar,2,30,12,0,44,0,0,13,0,13,2,30,25,0,57,6,0,6,63
12/26/2008,TRI,TN,ASO,ES,Combined TRACON& Tower with Radar,4,47,21,0,72,0,0,22,0,22,4,47,43,0,94,45,0,45,139
12/27/2008,TRI,TN,ASO,ES,Combined TRACON& Tower with Radar,4,33,32,0,69,0,0,28,1,29,4,33,60,1,98,16,0,16,114
12/28/2008,TRI,TN,ASO,ES,Combined TRACON& Tower with Radar,4,35,11,0,50,0,1,7,0,8,4,36,18,0,58,28,0,28,86
12/29/2008,TRI,TN,ASO,ES,Combined TRACON& Tower with Radar,2,47,17,0,66,0,1,43,0,44,2,48,60,0,110,24,0,24,134
12/30/2008,TRI,TN,ASO,ES,Combined TRACON& Tower with Radar,4,44,16,0,64,0,3,48,0,51,4,47,64,0,115,36,0,36,151
12/31/2008,TRI,TN,ASO,ES,Combined TRACON& Tower with Radar,0,40,16,0,56,0,1,5,0,6,0,41,21,0,62,0,0,0,62
01/01/2009,TRI,TN,ASO,ES,Combined TRACON& Tower with Radar,2,29,9,0,40,0,0,26,0,26,2,29,35,0,66,10,0,10,76
01/02/2009,TRI,TN,ASO,ES,Combined TRACON& Tower with Radar,4,41,17,0,62,0,0,0,0,0,4,41,17,0,62,2,0,2,64
01/03/2009,TRI,TN,ASO,ES,Combined TRACON& Tower with Radar,3,33,25,0,61,0,0,14,0,14,3,33,39,0,75,72,0,72,147
01/04/2009,TRI,TN,ASO,ES,Combined TRACON& Tower with Radar,6,46,21,0,73,0,0,12,0,12,6,46,33,0,85,19,0,19,104
01/05/2009,TRI,TN,ASO,ES,Combined TRACON& Tower with Radar,4,45,26,0,75,0,0,0,0,0,4,45,26,0,75,2,0,2,77
01/06/2009,TRI,TN,ASO,ES,Combined TRACON& Tower with Radar,2,42,16,2,62,0,0,5,0,5,2,42,21,2,67,3,0,3,70
01/07/2009,TRI,TN,ASO,ES,Combined TRACON& Tower with Radar,0,41,13,2,56,0,0,0,1,1,0,41,13,3,57,0,0,0,57
01/08/2009,TRI,TN,ASO,ES,Combined TRACON& Tower with Radar,4,45,18,0,67,0,10,16,2,28,4,55,34,2,95,52,0,52,147
01/09/2009,TRI,TN,ASO,ES,Combined TRACON& Tower with Radar,2,43,26,0,71,0,13,59,0,72,2,56,85,0,143,66,0,66,209
01/10/2009,TRI,TN,ASO,ES,Combined TRACON& Tower with Radar,0,38,19,0,57,0,8,15,0,23,0,46,34,0,80,64,0,64,144
01/11/2009,TRI,TN,ASO,ES,Combined TRACON& Tower with Radar,4,31,9,0,44,0,2,12,0,14,4,33,21,0,58,66,0,66,124
01/12/2009,TRI,TN,ASO,ES,Combined TRACON& Tower with Radar,0,54,37,0,91,0,2,36,1,39,0,56,73,1,130,49,0,49,179
01/13/2009,TRI,TN,ASO,ES,Combined TRACON& Tower with Radar,2,48,26,0,76,0,0,30,0,30,2,48,56,0,106,52,0,52,158
01/14/2009,TRI,TN,ASO,ES,Combined TRACON& Tower with Radar,0,46,37,0,83,0,13,24,0,37,0,59,61,0,120,70,0,70,190
01/15/2009,TRI,TN,ASO,ES,Combined TRACON& Tower with Radar,4,47,17,0,68,0,5,17,0,22,4,52,34,0,90,66,0,66,156
01/16/2009,TRI,TN,ASO,ES,Combined TRACON& Tower with Radar,2,40,24,0,66,0,5,27,0,32,2,45,51,0,98,66,0,66,164
01/17/2009,TRI,TN,ASO,ES,Combined TRACON& Tower with Radar,0,31,6,0,37,0,0,19,0,19,0,31,25,0,56,16,0,16,72
01/18/2009,TRI,TN,ASO,ES,Combined TRACON& Tower with Radar,5,33,17,0,55,0,0,3,0,3,5,33,20,0,58,18,0,18,76
01/19/2009,TRI,TN,ASO,ES,Combined TRACON& Tower with Radar,0,43,17,0,60,0,0,6,0,6,0,43,23,0,66,12,0,12,78
01/20/2009,TRI,TN,ASO,ES,Combined TRACON& Tower with Radar,2,44,26,0,72,0,0,9,2,11,2,44,35,2,83,14,0,14,97
01/21/2009,TRI,TN,ASO,ES,Combined TRACON& Tower with Radar,2,46,40,0,88,0,2,22,0,24,2,48,62,0,112,12,0,12,124
01/22/2009,TRI,TN,ASO,ES,Combined TRACON& Tower with Radar,4,46,20,0,70,0,2,33,0,35,4,48,53,0,105,40,0,40,145
01/23/2009,TRI,TN,ASO,ES,Combined TRACON& Tower with Radar,2,49,34,0,85,0,3,42,0,45,2,52,76,0,130,16,0,16,146
01/24/2009,TRI,TN,ASO,ES,Combined TRACON& Tower with Radar,0,30,9,0,39,0,0,26,1,27,0,30,35,1,66,20,0,20,86
01/25/2009,TRI,TN,ASO,ES,Combined TRACON& Tower with Radar,6,36,15,0,57,0,0,44,0,44,6,36,59,0,101,54,0,54,155
01/26/2009,TRI,TN,ASO,ES,Combined TRACON& Tower with Radar,0,46,25,10,81,0,0,22,1,23,0,46,47,11,104,73,0,73,177
01/27/2009,TRI,TN,ASO,ES,Combined TRACON& Tower with Radar,2,41,25,0,68,0,0,2,0,2,2,41,27,0,70,60,0,60,130
01/28/2009,TRI,TN,ASO,ES,Combined TRACON& Tower with Radar,8,50,19,0,77,0,1,7,0,8,8,51,26,0,85,93,0,93,178
01/29/2009,TRI,TN,ASO,ES,Combined TRACON& Tower with Radar,4,48,28,4,84,0,1,43,0,44,4,49,71,4,128,24,0,24,152
01/30/2009,TRI,TN,ASO,ES,Combined TRACON& Tower with Radar,2,51,18,0,71,0,2,7,0,9,2,53,25,0,80,12,0,12,92
01/31/2009,TRI,TN,ASO,ES,Combined TRACON& Tower with Radar,0,37,19,0,56,0,0,65,2,67,0,37,84,2,123,56,0,56,179
02/01/2009,TRI,TN,ASO,ES,Combined TRACON& Tower with Radar,4,39,10,0,53,0,0,44,0,44,4,39,54,0,97,42,0,42,139
02/02/2009,TRI,TN,ASO,ES,Combined TRACON& Tower with Radar,2,48,21,0,71,0,0,5,0,5,2,48,26,0,76,4,0,4,80
02/03/2009,TRI,TN,ASO,ES,Combined TRACON& Tower with Radar,3,41,18,0,62,0,2,8,0,10,3,43,26,0,72,4,0,4,76
02/04/2009,TRI,TN,ASO,ES,Combined TRACON& Tower with Radar,0,45,25,0,70,0,0,1,0,1,0,45,26,0,71,0,0,0,71
02/05/2009,TRI,TN,ASO,ES,Combined TRACON& Tower with Radar,4,42,35,0,81,0,1,24,0,25,4,43,59,0,106,12,0,12,118
02/06/2009,TRI,TN,ASO,ES,Combined TRACON& Tower with Radar,2,41,28,2,73,0,2,36,0,38,2,43,64,2,111,52,0,52,163
02/07/2009,TRI,TN,ASO,ES,Combined TRACON& Tower with Radar,4,31,14,0,49,0,0,29,0,29,4,31,43,0,78,24,0,24,102
02/08/2009,TRI,TN,ASO,ES,Combined TRACON& Tower with Radar,4,33,18,2,57,0,0,50,0,50,4,33,68,2,107,80,0,80,187
02/09/2009,TRI,TN,ASO,ES,Combined TRACON& Tower with Radar,2,43,22,0,67,0,1,28,0,29,2,44,50,0,96,40,0,40,136
02/10/2009,TRI,TN,ASO,ES,Combined TRACON& Tower with Radar,7,41,27,0,75,0,0,42,2,44,7,41,69,2,119,76,0,76,195
02/11/2009,TRI,TN,ASO,ES,Combined TRACON& Tower with Radar,1,43,15,0,59,0,4,4,0,8,1,47,19,0,67,6,0,6,73
02/12/2009,TRI,TN,ASO,ES,Combined TRACON& Tower with Radar,4,42,28,0,74,0,5,9,0,14,4,47,37,0,88,16,0,16,104
02/13/2009,TRI,TN,ASO,ES,Combined TRACON& Tower with Radar,6,43,31,0,80,0,1,34,0,35,6,44,65,0,115,72,0,72,187
02/14/2009,TRI,TN,ASO,ES,Combined TRACON& Tower with Radar,0,28,6,9,43,0,0,14,0,14,0,28,20,9,57,42,0,42,99
02/15/2009,TRI,TN,ASO,ES,Combined TRACON& Tower with Radar,4,35,10,0,49,0,0,30,1,31,4,35,40,1,80,102,0,102,182
02/16/2009,TRI,TN,ASO,ES,Combined TRACON& Tower with Radar,0,39,19,0,58,0,0,34,0,34,0,39,53,0,92,38,0,38,130
02/17/2009,TRI,TN,ASO,ES,Combined TRACON& Tower with Radar,4,40,33,0,77,0,1,32,1,34,4,41,65,1,111,48,0,48,159
02/18/2009,TRI,TN,ASO,ES,Combined TRACON& Tower with Radar,0,45,46,0,91,0,0,2,0,2,0,45,48,0,93,0,0,0,93
02/19/2009,TRI,TN,ASO,ES,Combined TRACON& Tower with Radar,6,41,46,0,93,0,0,9,4,13,6,41,55,4,106,4,0,4,110
02/20/2009,TRI,TN,ASO,ES,Combined TRACON& Tower with Radar,4,44,28,4,80,0,0,33,2,35,4,44,61,6,115,32,0,32,147
02/21/2009,TRI,TN,ASO,ES,Combined TRACON& Tower with Radar,0,31,5,0,36,0,0,29,0,29,0,31,34,0,65,16,0,16,81
02/22/2009,TRI,TN,ASO,ES,Combined TRACON& Tower with Radar,4,38,8,2,52,0,0,5,0,5,4,38,13,2,57,0,0,0,57
02/23/2009,TRI,TN,ASO,ES,Combined TRACON& Tower with Radar,0,37,19,0,56,0,4,32,0,36,0,41,51,0,92,24,0,24,116
02/24/2009,TRI,TN,ASO,ES,Combined TRACON& Tower with Radar,4,42,27,0,73,0,2,67,0,69,4,44,94,0,142,22,0,22,164
02/25/2009,TRI,TN,ASO,ES,Combined TRACON& Tower with Radar,0,39,31,0,70,0,2,63,2,67,0,41,94,2,137,21,0,21,158
02/26/2009,TRI,TN,ASO,ES,Combined TRACON& Tower with Radar,4,41,18,0,63,0,0,21,0,21,4,41,39,0,84,26,0,26,110
02/27/2009,TRI,TN,ASO,ES,Combined TRACON& Tower with Radar,2,39,14,0,55,0,2,9,0,11,2,41,23,0,66,11,0,11,77
02/28/2009,TRI,TN,ASO,ES,Combined TRACON& Tower with Radar,0,32,11,0,43,0,0,6,0,6,0,32,17,0,49,10,0,10,59
03/01/2009,TRI,TN,ASO,ES,Combined TRACON& Tower with Radar,4,25,3,0,32,0,0,1,0,1,4,25,4,0,33,0,0,0,33
03/02/2009,TRI,TN,ASO,ES,Combined TRACON& Tower with Radar,0,43,9,0,52,0,5,14,0,19,0,48,23,0,71,49,0,49,120
03/03/2009,TRI,TN,ASO,ES,Combined TRACON& Tower with Radar,6,40,16,0,62,0,15,25,3,43,6,55,41,3,105,60,0,60,165
03/04/2009,TRI,TN,ASO,ES,Combined TRACON& Tower with Radar,0,42,18,0,60,0,9,48,2,59,0,51,66,2,119,94,0,94,213
03/05/2009,TRI,TN,ASO,ES,Combined TRACON& Tower with Radar,4,43,20,1,68,0,7,32,1,40,4,50,52,2,108,53,0,53,161
03/06/2009,TRI,TN,ASO,ES,Combined TRACON& Tower with Radar,4,41,23,0,68,0,0,28,1,29,4,41,51,1,97,13,0,13,110
03/07/2009,TRI,TN,ASO,ES,Combined TRACON& Tower with Radar,2,30,15,0,47,0,4,48,0,52,2,34,63,0,99,68,0,68,167
03/08/2009,TRI,TN,ASO,ES,Combined TRACON& Tower with Radar,8,34,28,2,72,0,8,41,0,49,8,42,69,2,121,76,0,76,197
03/09/2009,TRI,TN,ASO,ES,Combined TRACON& Tower with Radar,0,44,23,0,67,0,2,39,3,44,0,46,62,3,111,78,0,78,189
03/10/2009,TRI,TN,ASO,ES,Combined TRACON& Tower with Radar,4,40,30,0,74,0,6,39,3,48,4,46,69,3,122,67,0,67,189
03/11/2009,TRI,TN,ASO,ES,Combined TRACON& Tower with Radar,2,48,32,0,82,0,1,27,2,30,2,49,59,2,112,34,0,34,146
03/12/2009,TRI,TN,ASO,ES,Combined TRACON& Tower with Radar,4,44,21,0,69,0,0,11,5,16,4,44,32,5,85,4,0,4,89
03/13/2009,TRI,TN,ASO,ES,Combined TRACON& Tower with Radar,4,41,31,0,76,0,7,9,2,18,4,48,40,2,94,76,0,76,170
03/14/2009,TRI,TN,ASO,ES,Combined TRACON& Tower with Radar,4,28,4,0,36,0,0,0,0,0,4,28,4,0,36,2,0,2,38
03/15/2009,TRI,TN,ASO,ES,Combined TRACON& Tower with Radar,4,34,31,2,71,0,0,13,0,13,4,34,44,2,84,66,0,66,150
03/16/2009,TRI,TN,ASO,ES,Combined TRACON& Tower with Radar,0,36,13,0,49,0,0,6,0,6,0,36,19,0,55,36,0,36,91
03/17/2009,TRI,TN,ASO,ES,Combined TRACON& Tower with Radar,4,43,21,1,69,0,4,36,4,44,4,47,57,5,113,78,0,78,191
03/18/2009,TRI,TN,ASO,ES,Combined TRACON& Tower with Radar,5,35,38,0,78,0,15,46,2,63,5,50,84,2,141,79,16,95,236
03/19/2009,TRI,TN,ASO,ES,Combined TRACON& Tower with Radar,11,40,56,3,110,0,9,25,1,35,11,49,81,4,145,59,0,59,204
03/20/2009,TRI,TN,ASO,ES,Combined TRACON& Tower with Radar,10,35,57,2,104,0,4,54,0,58,10,39,111,2,162,56,0,56,218
03/21/2009,TRI,TN,ASO,ES,Combined TRACON& Tower with Radar,3,29,52,1,85,0,2,78,0,80,3,31,130,1,165,68,0,68,233
03/22/2009,TRI,TN,ASO,ES,Combined TRACON& Tower with Radar,5,42,144,6,197,0,0,154,0,154,5,42,298,6,351,4,0,4,355
03/23/2009,TRI,TN,ASO,ES,Combined TRACON& Tower with Radar,9,45,42,0,96,0,1,42,0,43,9,46,84,0,139,53,0,53,192
03/24/2009,TRI,TN,ASO,ES,Combined TRACON& Tower with Radar,4,45,31,0,80,0,1,48,1,50,4,46,79,1,130,30,0,30,160
03/25/2009,TRI,TN,ASO,ES,Combined TRACON& Tower with Radar,0,41,16,3,60,0,1,3,0,4,0,42,19,3,64,2,0,2,66
03/26/2009,TRI,TN,ASO,ES,Combined TRACON& Tower with Radar,4,42,30,0,76,0,0,1,0,1,4,42,31,0,77,0,0,0,77
03/27/2009,TRI,TN,ASO,ES,Combined TRACON& Tower with Radar,5,37,18,0,60,0,0,9,0,9,5,37,27,0,69,6,0,6,75
03/28/2009,TRI,TN,ASO,ES,Combined TRACON& Tower with Radar,0,32,9,1,42,0,0,13,0,13,0,32,22,1,55,26,0,26,81
03/29/2009,TRI,TN,ASO,ES,Combined TRACON& Tower with Radar,4,34,11,0,49,0,0,3,0,3,4,34,14,0,52,2,0,2,54
03/30/2009,TRI,TN,ASO,ES,Combined TRACON& Tower with Radar,0,48,33,0,81,0,1,64,0,65,0,49,97,0,146,33,0,33,179
03/31/2009,TRI,TN,ASO,ES,Combined TRACON& Tower with Radar,6,60,37,8,111,0,1,42,2,45,6,61,79,10,156,50,0,50,206
04/01/2009,TRI,TN,ASO,ES,Combined TRACON& Tower with Radar,0,39,36,11,86,0,1,20,0,21,0,40,56,11,107,26,0,26,133
04/02/2009,TRI,TN,ASO,ES,Combined TRACON& Tower with Radar,4,41,25,4,74,0,1,30,0,31,4,42,55,4,105,44,0,44,149
04/03/2009,TRI,TN,ASO,ES,Combined TRACON& Tower with Radar,6,43,22,0,71,0,0,16,0,16,6,43,38,0,87,0,0,0,87
04/04/2009,TRI,TN,ASO,ES,Combined TRACON& Tower with Radar,1,32,22,0,55,0,0,57,0,57,1,32,79,0,112,66,0,66,178
04/05/2009,TRI,TN,ASO,ES,Combined TRACON& Tower with Radar,6,37,15,2,60,0,0,41,0,41,6,37,56,2,101,44,0,44,145
04/06/2009,TRI,TN,ASO,ES,Combined TRACON& Tower with Radar,0,39,10,0,49,0,2,8,0,10,0,41,18,0,59,8,0,8,67
04/07/2009,TRI,TN,ASO,ES,Combined TRACON& Tower with Radar,4,42,21,0,67,0,0,6,0,6,4,42,27,0,73,26,0,26,99
04/08/2009,TRI,TN,ASO,ES,Combined TRACON& Tower with Radar,0,42,39,2,83,0,3,26,1,30,0,45,65,3,113,20,0,20,133
04/09/2009,TRI,TN,ASO,ES,Combined TRACON& Tower with Radar,4,39,28,2,73,0,2,47,0,49,4,41,75,2,122,15,0,15,137
04/10/2009,TRI,TN,ASO,ES,Combined TRACON& Tower with Radar,6,36,12,4,58,0,3,6,0,9,6,39,18,4,67,12,0,12,79
04/11/2009,TRI,TN,ASO,ES,Combined TRACON& Tower with Radar,0,26,21,0,47,0,0,47,0,47,0,26,68,0,94,56,0,56,150
04/12/2009,TRI,TN,ASO,ES,Combined TRACON& Tower with Radar,4,38,15,0,57,0,0,25,0,25,4,38,40,0,82,6,0,6,88
04/13/2009,TRI,TN,ASO,ES,Combined TRACON& Tower with Radar,0,40,18,0,58,0,9,7,1,17,0,49,25,1,75,48,0,48,123
04/14/2009,TRI,TN,ASO,ES,Combined TRACON& Tower with Radar,4,40,22,1,67,0,0,8,0,8,4,40,30,1,75,15,0,15,90
04/15/2009,TRI,TN,ASO,ES,Combined TRACON& Tower with Radar,0,46,18,0,64,0,12,5,0,17,0,58,23,0,81,100,0,100,181
04/16/2009,TRI,TN,ASO,ES,Combined TRACON& Tower with Radar,4,45,41,0,90,0,8,66,0,74,4,53,107,0,164,112,0,112,276
04/17/2009,TRI,TN,ASO,ES,Combined TRACON& Tower with Radar,2,45,25,0,72,0,0,57,1,58,2,45,82,1,130,82,0,82,212
04/18/2009,TRI,TN,ASO,ES,Combined TRACON& Tower with Radar,0,28,16,0,44,0,6,54,3,63,0,34,70,3,107,113,0,113,220
04/19/2009,TRI,TN,ASO,ES,Combined TRACON& Tower with Radar,4,42,12,0,58,0,0,15,0,15,4,42,27,0,73,28,0,28,101
04/20/2009,TRI,TN,ASO,ES,Combined TRACON& Tower with Radar,0,41,22,0,63,0,2,16,0,18,0,43,38,0,81,38,0,38,119
04/21/2009,TRI,TN,ASO,ES,Combined TRACON& Tower with Radar,4,44,14,0,62,0,11,10,0,21,4,55,24,0,83,38,0,38,121
04/22/2009,TRI,TN,ASO,ES,Combined TRACON& Tower with Radar,2,45,33,0,80,0,7,24,0,31,2,52,57,0,111,52,0,52,163
04/23/2009,TRI,TN,ASO,ES,Combined TRACON& Tower with Radar,4,49,42,0,95,0,2,56,0,58,4,51,98,0,153,43,0,43,196
04/24/2009,TRI,TN,ASO,ES,Combined TRACON& Tower with Radar,4,44,27,0,75,0,0,48,0,48,4,44,75,0,123,42,0,42,165
04/25/2009,TRI,TN,ASO,ES,Combined TRACON& Tower with Radar,2,27,18,0,47,0,0,46,0,46,2,27,64,0,93,44,0,44,137
04/26/2009,TRI,TN,ASO,ES,Combined TRACON& Tower with Radar,4,36,20,2,62,0,0,36,0,36,4,36,56,2,98,18,0,18,116
04/27/2009,TRI,TN,ASO,ES,Combined TRACON& Tower with Radar,0,42,19,0,61,0,1,30,1,32,0,43,49,1,93,18,0,18,111
04/28/2009,TRI,TN,ASO,ES,Combined TRACON& Tower with Radar,4,48,29,0,81,0,3,52,0,55,4,51,81,0,136,42,0,42,178
04/29/2009,TRI,TN,ASO,ES,Combined TRACON& Tower with Radar,0,41,22,2,65,0,1,20,0,21,0,42,42,2,86,20,0,20,106
04/30/2009,TRI,TN,ASO,ES,Combined TRACON& Tower with Radar,4,52,28,2,86,0,0,41,3,44,4,52,69,5,130,52,0,52,182
05/01/2009,TRI,TN,ASO,ES,Combined TRACON& Tower with Radar,4,46,36,4,90,0,0,16,0,16,4,46,52,4,106,18,0,18,124
05/02/2009,TRI,TN,ASO,ES,Combined TRACON& Tower with Radar,0,30,19,0,49,0,0,14,0,14,0,30,33,0,63,18,0,18,81
05/03/2009,TRI,TN,ASO,ES,Combined TRACON& Tower with Radar,6,34,21,2,63,0,0,0,0,0,6,34,21,2,63,8,0,8,71
05/04/2009,TRI,TN,ASO,ES,Combined TRACON& Tower with Radar,2,41,18,2,63,0,0,6,0,6,2,41,24,2,69,0,0,0,69
05/05/2009,TRI,TN,ASO,ES,Combined TRACON& Tower with Radar,2,43,28,2,75,0,0,28,0,28,2,43,56,2,103,59,0,59,162
05/06/2009,TRI,TN,ASO,ES,Combined TRACON& Tower with Radar,0,43,26,2,71,0,0,0,0,0,0,43,26,2,71,4,0,4,75
05/07/2009,TRI,TN,ASO,ES,Combined TRACON& Tower with Radar,6,42,31,2,81,0,2,33,4,39,6,44,64,6,120,26,0,26,146
05/08/2009,TRI,TN,ASO,ES,Combined TRACON& Tower with Radar,2,42,22,3,69,0,0,32,1,33,2,42,54,4,102,34,0,34,136
05/09/2009,TRI,TN,ASO,ES,Combined TRACON& Tower with Radar,0,29,9,0,38,0,0,6,0,6,0,29,15,0,44,10,0,10,54
05/10/2009,TRI,TN,ASO,ES,Combined TRACON& Tower with Radar,4,37,18,0,59,0,0,51,0,51,4,37,69,0,110,64,0,64,174
05/11/2009,TRI,TN,ASO,ES,Combined TRACON& Tower with Radar,2,44,21,3,70,0,9,39,1,49,2,53,60,4,119,114,0,114,233
05/12/2009,TRI,TN,ASO,ES,Combined TRACON& Tower with Radar,2,39,51,0,92,0,7,67,1,75,2,46,118,1,167,90,0,90,257
05/13/2009,TRI,TN,ASO,ES,Combined TRACON& Tower with Radar,0,50,35,0,85,0,0,45,1,46,0,50,80,1,131,64,0,64,195
05/14/2009,TRI,TN,ASO,ES,Combined TRACON& Tower with Radar,4,44,27,0,75,0,1,47,1,49,4,45,74,1,124,92,0,92,216
05/15/2009,TRI,TN,ASO,ES,Combined TRACON& Tower with Radar,2,46,49,0,97,0,0,53,1,54,2,46,102,1,151,48,0,48,199
05/16/2009,TRI,TN,ASO,ES,Combined TRACON& Tower with Radar,0,33,9,0,42,0,0,30,0,30,0,33,39,0,72,28,0,28,100
05/17/2009,TRI,TN,ASO,ES,Combined TRACON& Tower with Radar,4,37,35,2,78,0,0,19,2,21,4,37,54,4,99,28,0,28,127
05/18/2009,TRI,TN,ASO,ES,Combined TRACON& Tower with Radar,2,42,19,5,68,0,4,35,0,39,2,46,54,5,107,44,0,44,151
05/19/2009,TRI,TN,ASO,ES,Combined TRACON& Tower with Radar,4,40,23,0,67,0,2,66,0,68,4,42,89,0,135,76,0,76,211
05/20/2009,TRI,TN,ASO,ES,Combined TRACON& Tower with Radar,0,43,35,0,78,0,2,62,2,66,0,45,97,2,144,88,0,88,232
05/21/2009,TRI,TN,ASO,ES,Combined TRACON& Tower with Radar,4,42,38,8,92,0,1,39,0,40,4,43,77,8,132,40,0,40,172
05/22/2009,TRI,TN,ASO,ES,Combined TRACON& Tower with Radar,4,41,57,0,102,0,0,65,0,65,4,41,122,0,167,59,0,59,226
05/23/2009,TRI,TN,ASO,ES,Combined TRACON& Tower with Radar,3,27,19,0,49,0,0,33,0,33,3,27,52,0,82,4,0,4,86
05/24/2009,TRI,TN,ASO,ES,Combined TRACON& Tower with Radar,6,24,23,0,53,0,0,25,1,26,6,24,48,1,79,42,0,42,121
05/25/2009,TRI,TN,ASO,ES,Combined TRACON& Tower with Radar,2,36,18,0,56,0,0,12,0,12,2,36,30,0,68,28,0,28,96
05/26/2009,TRI,TN,ASO,ES,Combined TRACON& Tower with Radar,2,43,27,1,73,0,0,21,0,21,2,43,48,1,94,49,0,49,143
05/27/2009,TRI,TN,ASO,ES,Combined TRACON& Tower with Radar,0,40,20,6,66,0,2,12,0,14,0,42,32,6,80,46,0,46,126
05/28/2009,TRI,TN,ASO,ES,Combined TRACON& Tower with Radar,6,40,28,0,74,0,1,28,0,29,6,41,56,0,103,76,0,76,179
05/29/2009,TRI,TN,ASO,ES,Combined TRACON& Tower with Radar,2,44,29,4,79,0,1,34,2,37,2,45,63,6,116,52,0,52,168
05/30/2009,TRI,TN,ASO,ES,Combined TRACON& Tower with Radar,2,29,24,0,55,0,0,33,0,33,2,29,57,0,88,18,0,18,106
05/31/2009,TRI,TN,ASO,ES,Combined TRACON& Tower with Radar,4,37,26,0,67,0,0,30,0,30,4,37,56,0,97,66,0,66,163
06/01/2009,TRI,TN,ASO,ES,Combined TRACON& Tower with Radar,2,42,34,0,78,0,2,36,0,38,2,44,70,0,116,50,0,50,166
06/02/2009,TRI,TN,ASO,ES,Combined TRACON& Tower with Radar,2,45,22,2,71,0,0,36,2,38,2,45,58,4,109,28,0,28,137
06/03/2009,TRI,TN,ASO,ES,Combined TRACON& Tower with Radar,0,41,48,0,89,0,0,40,0,40,0,41,88,0,129,52,0,52,181
06/04/2009,TRI,TN,ASO,ES,Combined TRACON& Tower with Radar,4,50,32,0,86,0,0,29,0,29,4,50,61,0,115,84,0,84,199
06/05/2009,TRI,TN,ASO,ES,Combined TRACON& Tower with Radar,4,49,37,0,90,0,2,9,0,11,4,51,46,0,101,12,0,12,113
06/06/2009,TRI,TN,ASO,ES,Combined TRACON& Tower with Radar,2,24,25,2,53,0,0,42,0,42,2,24,67,2,95,66,0,66,161
06/07/2009,TRI,TN,ASO,ES,Combined TRACON& Tower with Radar,4,37,22,0,63,0,1,37,1,39,4,38,59,1,102,20,0,20,122
06/08/2009,TRI,TN,ASO,ES,Combined TRACON& Tower with Radar,0,47,26,5,78,0,1,39,0,40,0,48,65,5,118,36,0,36,154
06/09/2009,TRI,TN,ASO,ES,Combined TRACON& Tower with Radar,4,41,27,0,72,0,0,38,0,38,4,41,65,0,110,56,0,56,166
06/10/2009,TRI,TN,ASO,ES,Combined TRACON& Tower with Radar,0,43,37,4,84,0,0,22,0,22,0,43,59,4,106,20,0,20,126
06/11/2009,TRI,TN,ASO,ES,Combined TRACON& Tower with Radar,4,43,33,1,81,0,2,48,0,50,4,45,81,1,131,68,0,68,199
06/12/2009,TRI,TN,ASO,ES,Combined TRACON& Tower with Radar,6,47,43,16,112,0,0,52,0,52,6,47,95,16,164,117,0,117,281
06/13/2009,TRI,TN,ASO,ES,Combined TRACON& Tower with Radar,2,23,15,1,41,0,0,45,1,46,2,23,60,2,87,54,0,54,141
06/14/2009,TRI,TN,ASO,ES,Combined TRACON& Tower with Radar,6,38,24,0,68,0,0,45,0,45,6,38,69,0,113,24,0,24,137
06/15/2009,TRI,TN,ASO,ES,Combined TRACON& Tower with Radar,0,45,25,0,70,0,0,26,1,27,0,45,51,1,97,78,0,78,175
06/16/2009,TRI,TN,ASO,ES,Combined TRACON& Tower with Radar,4,45,25,0,74,0,5,28,0,33,4,50,53,0,107,86,0,86,193
06/17/2009,TRI,TN,ASO,ES,Combined TRACON& Tower with Radar,0,43,19,0,62,0,0,9,1,10,0,43,28,1,72,0,0,0,72
06/18/2009,TRI,TN,ASO,ES,Combined TRACON& Tower with Radar,4,46,31,2,83,0,6,30,0,36,4,52,61,2,119,86,0,86,205
06/19/2009,TRI,TN,ASO,ES,Combined TRACON& Tower with Radar,4,43,39,0,86,0,0,45,0,45,4,43,84,0,131,62,0,62,193
06/20/2009,TRI,TN,ASO,ES,Combined TRACON& Tower with Radar,2,31,18,0,51,0,0,23,0,23,2,31,41,0,74,14,0,14,88
06/21/2009,TRI,TN,ASO,ES,Combined TRACON& Tower with Radar,4,42,21,0,67,0,0,34,0,34,4,42,55,0,101,62,0,62,163
06/22/2009,TRI,TN,ASO,ES,Combined TRACON& Tower with Radar,0,40,42,0,82,0,2,31,0,33,0,42,73,0,115,50,0,50,165
06/23/2009,TRI,TN,ASO,ES,Combined TRACON& Tower with Radar,2,49,35,0,86,0,2,49,0,51,2,51,84,0,137,42,0,42,179
06/24/2009,TRI,TN,ASO,ES,Combined TRACON& Tower with Radar,0,44,25,2,71,0,3,50,0,53,0,47,75,2,124,44,0,44,168
06/25/2009,TRI,TN,ASO,ES,Combined TRACON& Tower with Radar,4,42,49,0,95,0,4,67,0,71,4,46,116,0,166,134,0,134,300
06/26/2009,TRI,TN,ASO,ES,Combined TRACON& Tower with Radar,4,43,28,0,75,0,2,36,0,38,4,45,64,0,113,20,0,20,133
06/27/2009,TRI,TN,ASO,ES,Combined TRACON& Tower with Radar,4,24,14,0,42,0,0,28,0,28,4,24,42,0,70,24,0,24,94
06/28/2009,TRI,TN,ASO,ES,Combined TRACON& Tower with Radar,4,42,27,0,73,0,0,21,0,21,4,42,48,0,94,52,18,70,164
06/29/2009,TRI,TN,ASO,ES,Combined TRACON& Tower with Radar,0,41,21,0,62,0,2,40,0,42,0,43,61,0,104,36,0,36,140
06/30/2009,TRI,TN,ASO,ES,Combined TRACON& Tower with Radar,2,41,30,0,73,0,2,33,1,36,2,43,63,1,109,13,0,13,122
07/01/2009,TRI,TN,ASO,ES,Combined TRACON& Tower with Radar,0,34,34,2,70,0,2,26,0,28,0,36,60,2,98,16,0,16,114
07/02/2009,TRI,TN,ASO,ES,Combined TRACON& Tower with Radar,4,45,34,0,83,0,2,47,0,49,4,47,81,0,132,45,0,45,177
07/03/2009,TRI,TN,ASO,ES,Combined TRACON& Tower with Radar,6,42,29,0,77,0,0,68,0,68,6,42,97,0,145,42,0,42,187
07/04/2009,TRI,TN,ASO,ES,Combined TRACON& Tower with Radar,2,23,9,0,34,0,0,17,2,19,2,23,26,2,53,18,0,18,71
07/05/2009,TRI,TN,ASO,ES,Combined TRACON& Tower with Radar,6,38,16,0,60,0,0,2,0,2,6,38,18,0,62,6,0,6,68
07/06/2009,TRI,TN,ASO,ES,Combined TRACON& Tower with Radar,2,45,35,0,82,0,1,60,2,63,2,46,95,2,145,144,0,144,289
07/07/2009,TRI,TN,ASO,ES,Combined TRACON& Tower with Radar,2,50,34,8,94,0,1,66,0,67,2,51,100,8,161,68,0,68,229
07/08/2009,TRI,TN,ASO,ES,Combined TRACON& Tower with Radar,0,42,36,0,78,0,1,50,2,53,0,43,86,2,131,72,0,72,203
07/09/2009,TRI,TN,ASO,ES,Combined TRACON& Tower with Radar,4,49,35,0,88,0,0,28,2,30,4,49,63,2,118,56,0,56,174
07/10/2009,TRI,TN,ASO,ES,Combined TRACON& Tower with Radar,4,42,31,2,79,0,0,44,2,46,4,42,75,4,125,50,0,50,175
07/11/2009,TRI,TN,ASO,ES,Combined TRACON& Tower with Radar,0,26,18,4,48,0,0,18,0,18,0,26,36,4,66,4,0,4,70
07/12/2009,TRI,TN,ASO,ES,Combined TRACON& Tower with Radar,4,47,20,0,71,0,0,7,0,7,4,47,27,0,78,12,0,12,90
07/13/2009,TRI,TN,ASO,ES,Combined TRACON& Tower with Radar,2,39,25,9,75,0,0,41,1,42,2,39,66,10,117,87,0,87,204
07/14/2009,TRI,TN,ASO,ES,Combined TRACON& Tower with Radar,2,44,25,0,71,0,3,42,2,47,2,47,67,2,118,80,0,80,198
07/15/2009,TRI,TN,ASO,ES,Combined TRACON& Tower with Radar,0,45,40,4,89,0,1,39,0,40,0,46,79,4,129,70,0,70,199
07/16/2009,TRI,TN,ASO,ES,Combined TRACON& Tower with Radar,4,46,29,1,80,0,4,32,0,36,4,50,61,1,116,70,0,70,186
07/17/2009,TRI,TN,ASO,ES,Combined TRACON& Tower with Radar,4,50,25,1,80,0,0,20,0,20,4,50,45,1,100,52,0,52,152
07/18/2009,TRI,TN,ASO,ES,Combined TRACON& Tower with Radar,0,23,18,0,41,0,0,30,4,34,0,23,48,4,75,30,0,30,105
07/19/2009,TRI,TN,ASO,ES,Combined TRACON& Tower with Radar,4,34,24,0,62,0,0,30,5,35,4,34,54,5,97,32,0,32,129
07/20/2009,TRI,TN,ASO,ES,Combined TRACON& Tower with Radar,2,45,28,0,75,0,1,42,0,43,2,46,70,0,118,83,0,83,201
07/21/2009,TRI,TN,ASO,ES,Combined TRACON& Tower with Radar,2,47,35,0,84,0,1,59,0,60,2,48,94,0,144,96,0,96,240
07/22/2009,TRI,TN,ASO,ES,Combined TRACON& Tower with Radar,2,45,32,0,79,0,0,63,0,63,2,45,95,0,142,104,0,104,246
07/23/2009,TRI,TN,ASO,ES,Combined TRACON& Tower with Radar,4,41,54,0,99,0,0,40,2,42,4,41,94,2,141,95,0,95,236
07/24/2009,TRI,TN,ASO,ES,Combined TRACON& Tower with Radar,4,41,42,0,87,0,3,46,0,49,4,44,88,0,136,38,0,38,174
07/25/2009,TRI,TN,ASO,ES,Combined TRACON& Tower with Radar,0,27,21,0,48,0,0,37,0,37,0,27,58,0,85,28,0,28,113
07/26/2009,TRI,TN,ASO,ES,Combined TRACON& Tower with Radar,6,38,26,2,72,0,0,13,0,13,6,38,39,2,85,6,0,6,91
07/27/2009,TRI,TN,ASO,ES,Combined TRACON& Tower with Radar,2,45,30,1,78,0,7,25,3,35,2,52,55,4,113,144,0,144,257
07/28/2009,TRI,TN,ASO,ES,Combined TRACON& Tower with Radar,2,53,24,3,82,0,5,41,2,48,2,58,65,5,130,80,0,80,210
07/29/2009,TRI,TN,ASO,ES,Combined TRACON& Tower with Radar,2,42,32,5,81,0,2,11,0,13,2,44,43,5,94,0,0,0,94
07/30/2009,TRI,TN,ASO,ES,Combined TRACON& Tower with Radar,4,44,18,2,68,0,4,8,0,12,4,48,26,2,80,72,0,72,152
07/31/2009,TRI,TN,ASO,ES,Combined TRACON& Tower with Radar,0,45,28,0,73,0,0,14,0,14,0,45,42,0,87,12,0,12,99
08/01/2009,TRI,TN,ASO,ES,Combined TRACON& Tower with Radar,1,27,20,0,48,0,2,45,0,47,1,29,65,0,95,118,0,118,213
08/02/2009,TRI,TN,ASO,ES,Combined TRACON& Tower with Radar,4,35,19,0,58,0,2,22,0,24,4,37,41,0,82,66,0,66,148
08/03/2009,TRI,TN,ASO,ES,Combined TRACON& Tower with Radar,2,41,24,0,67,0,2,30,0,32,2,43,54,0,99,42,0,42,141
08/04/2009,TRI,TN,ASO,ES,Combined TRACON& Tower with Radar,6,43,33,2,84,0,6,9,1,16,6,49,42,3,100,25,0,25,125
08/05/2009,TRI,TN,ASO,ES,Combined TRACON& Tower with Radar,0,47,39,0,86,0,0,18,0,18,0,47,57,0,104,8,0,8,112
08/06/2009,TRI,TN,ASO,ES,Combined TRACON& Tower with Radar,4,45,53,10,112,0,0,50,0,50,4,45,103,10,162,37,0,37,199
08/07/2009,TRI,TN,ASO,ES,Combined TRACON& Tower with Radar,4,44,32,0,80,0,0,39,0,39,4,44,71,0,119,26,0,26,145
08/08/2009,TRI,TN,ASO,ES,Combined TRACON& Tower with Radar,1,24,20,0,45,0,0,44,0,44,1,24,64,0,89,56,0,56,145
08/09/2009,TRI,TN,ASO,ES,Combined TRACON& Tower with Radar,9,33,24,0,66,0,0,45,0,45,9,33,69,0,111,48,0,48,159
08/10/2009,TRI,TN,ASO,ES,Combined TRACON& Tower with Radar,0,42,27,0,69,0,3,36,0,39,0,45,63,0,108,90,0,90,198
08/11/2009,TRI,TN,ASO,ES,Combined TRACON& Tower with Radar,4,37,41,0,82,0,2,9,0,11,4,39,50,0,93,18,0,18,111
08/12/2009,TRI,TN,ASO,ES,Combined TRACON& Tower with Radar,0,36,42,2,80,0,4,40,2,46,0,40,82,4,126,129,0,129,255
08/13/2009,TRI,TN,ASO,ES,Combined TRACON& Tower with Radar,4,43,46,4,97,0,5,40,2,47,4,48,86,6,144,48,6,54,198
08/14/2009,TRI,TN,ASO,ES,Combined TRACON& Tower with Radar,2,42,27,2,73,0,0,45,2,47,2,42,72,4,120,71,0,71,191
08/15/2009,TRI,TN,ASO,ES,Combined TRACON& Tower with Radar,0,26,26,0,52,0,0,45,0,45,0,26,71,0,97,46,0,46,143
08/16/2009,TRI,TN,ASO,ES,Combined TRACON& Tower with Radar,4,37,31,1,73,0,0,27,0,27,4,37,58,1,100,12,0,12,112
08/17/2009,TRI,TN,ASO,ES,Combined TRACON& Tower with Radar,0,40,22,0,62,0,2,22,0,24,0,42,44,0,86,67,0,67,153
08/18/2009,TRI,TN,ASO,ES,Combined TRACON& Tower with Radar,0,39,37,3,79,0,3,27,0,30,0,42,64,3,109,74,0,74,183
08/19/2009,TRI,TN,ASO,ES,Combined TRACON& Tower with Radar,0,41,48,0,89,0,5,17,4,26,0,46,65,4,115,68,0,68,183
08/20/2009,TRI,TN,ASO,ES,Combined TRACON& Tower with Radar,8,39,69,0,116,0,2,35,0,37,8,41,104,0,153,36,0,36,189
08/21/2009,TRI,TN,ASO,ES,Combined TRACON& Tower with Radar,10,44,100,3,157,0,0,83,3,86,10,44,183,6,243,62,0,62,305
08/22/2009,TRI,TN,ASO,ES,Combined TRACON& Tower with Radar,1,31,177,4,213,0,1,213,6,220,1,32,390,10,433,6,0,6,439
08/23/2009,TRI,TN,ASO,ES,Combined TRACON& Tower with Radar,16,36,78,2,132,0,0,46,1,47,16,36,124,3,179,22,0,22,201
08/24/2009,TRI,TN,ASO,ES,Combined TRACON& Tower with Radar,3,41,27,0,71,0,1,27,0,28,3,42,54,0,99,35,0,35,134
08/25/2009,TRI,TN,ASO,ES,Combined TRACON& Tower with Radar,0,33,34,0,67,0,5,57,0,62,0,38,91,0,129,78,0,78,207
08/26/2009,TRI,TN,ASO,ES,Combined TRACON& Tower with Radar,0,39,35,5,79,0,3,60,5,68,0,42,95,10,147,58,0,58,205
08/27/2009,TRI,TN,ASO,ES,Combined TRACON& Tower with Radar,2,41,32,1,76,0,0,43,6,49,2,41,75,7,125,22,0,22,147
08/28/2009,TRI,TN,ASO,ES,Combined TRACON& Tower with Radar,0,39,34,0,73,0,1,20,1,22,0,40,54,1,95,41,0,41,136
08/29/2009,TRI,TN,ASO,ES,Combined TRACON& Tower with Radar,0,17,32,4,53,0,1,16,0,17,0,18,48,4,70,36,0,36,106
08/30/2009,TRI,TN,ASO,ES,Combined TRACON& Tower with Radar,2,32,13,0,47,0,0,21,0,21,2,32,34,0,68,6,0,6,74
08/31/2009,TRI,TN,ASO,ES,Combined TRACON& Tower with Radar,0,35,28,2,65,0,8,28,0,36,0,43,56,2,101,64,0,64,165
09/01/2009,TRI,TN,ASO,ES,Combined TRACON& Tower with Radar,0,34,20,9,63,0,8,42,0,50,0,42,62,9,113,105,0,105,218
09/02/2009,TRI,TN,ASO,ES,Combined TRACON& Tower with Radar,0,43,21,0,64,0,5,44,0,49,0,48,65,0,113,83,0,83,196
09/03/2009,TRI,TN,ASO,ES,Combined TRACON& Tower with Radar,2,47,33,1,83,0,4,30,0,34,2,51,63,1,117,60,0,60,177
09/04/2009,TRI,TN,ASO,ES,Combined TRACON& Tower with Radar,0,40,35,0,75,0,2,37,0,39,0,42,72,0,114,29,0,29,143
09/05/2009,TRI,TN,ASO,ES,Combined TRACON& Tower with Radar,0,20,19,0,39,0,7,34,2,43,0,27,53,2,82,100,0,100,182
09/06/2009,TRI,TN,ASO,ES,Combined TRACON& Tower with Radar,2,21,8,0,31,0,5,12,0,17,2,26,20,0,48,76,0,76,124
09/07/2009,TRI,TN,ASO,ES,Combined TRACON& Tower with Radar,0,39,20,0,59,0,4,18,0,22,0,43,38,0,81,75,0,75,156
09/08/2009,TRI,TN,ASO,ES,Combined TRACON& Tower with Radar,0,35,29,1,65,0,2,44,2,48,0,37,73,3,113,110,0,110,223
09/09/2009,TRI,TN,ASO,ES,Combined TRACON& Tower with Radar,0,40,18,0,58,0,2,28,0,30,0,42,46,0,88,109,0,109,197
09/10/2009,TRI,TN,ASO,ES,Combined TRACON& Tower with Radar,2,45,24,1,72,0,3,28,0,31,2,48,52,1,103,48,0,48,151
09/11/2009,TRI,TN,ASO,ES,Combined TRACON& Tower with Radar,1,41,31,0,73,0,0,28,0,28,1,41,59,0,101,69,0,69,170
09/12/2009,TRI,TN,ASO,ES,Combined TRACON& Tower with Radar,3,18,17,1,39,0,1,34,2,37,3,19,51,3,76,108,0,108,184
09/13/2009,TRI,TN,ASO,ES,Combined TRACON& Tower with Radar,2,34,24,0,60,0,0,42,2,44,2,34,66,2,104,169,0,169,273
09/14/2009,TRI,TN,ASO,ES,Combined TRACON& Tower with Radar,2,40,34,0,76,0,0,32,1,33,2,40,66,1,109,34,0,34,143
09/15/2009,TRI,TN,ASO,ES,Combined TRACON& Tower with Radar,0,35,32,1,68,0,0,34,7,41,0,35,66,8,109,54,0,54,163
09/16/2009,TRI,TN,ASO,ES,Combined TRACON& Tower with Radar,0,41,34,0,75,0,1,42,0,43,0,42,76,0,118,69,0,69,187
09/17/2009,TRI,TN,ASO,ES,Combined TRACON& Tower with Radar,2,43,26,0,71,0,0,25,0,25,2,43,51,0,96,28,0,28,124
09/18/2009,TRI,TN,ASO,ES,Combined TRACON& Tower with Radar,0,40,38,0,78,0,1,21,1,23,0,41,59,1,101,43,0,43,144
09/19/2009,TRI,TN,ASO,ES,Combined TRACON& Tower with Radar,0,21,24,0,45,0,0,21,0,21,0,21,45,0,66,18,0,18,84
09/20/2009,TRI,TN,ASO,ES,Combined TRACON& Tower with Radar,2,35,30,0,67,0,0,39,0,39,2,35,69,0,106,74,0,74,180
09/21/2009,TRI,TN,ASO,ES,Combined TRACON& Tower with Radar,0,34,41,0,75,0,0,11,0,11,0,34,52,0,86,28,0,28,114
09/22/2009,TRI,TN,ASO,ES,Combined TRACON& Tower with Radar,0,39,35,1,75,0,0,49,1,50,0,39,84,2,125,38,0,38,163
09/23/2009,TRI,TN,ASO,ES,Combined TRACON& Tower with Radar,0,40,43,0,83,0,0,25,0,25,0,40,68,0,108,17,0,17,125
09/24/2009,TRI,TN,ASO,ES,Combined TRACON& Tower with Radar,2,40,46,0,88,0,0,53,0,53,2,40,99,0,141,34,0,34,175
09/25/2009,TRI,TN,ASO,ES,Combined TRACON& Tower with Radar,0,41,39,2,82,0,0,6,0,6,0,41,45,2,88,8,0,8,96
09/26/2009,TRI,TN,ASO,ES,Combined TRACON& Tower with Radar,0,20,18,0,38,0,0,13,0,13,0,20,31,0,51,2,0,2,53
09/27/2009,TRI,TN,ASO,ES,Combined TRACON& Tower with Radar,2,33,40,0,75,0,0,58,0,58,2,33,98,0,133,66,0,66,199
09/28/2009,TRI,TN,ASO,ES,Combined TRACON& Tower with Radar,0,39,22,0,61,0,1,27,0,28,0,40,49,0,89,18,0,18,107
09/29/2009,TRI,TN,ASO,ES,Combined TRACON& Tower with Radar,0,38,26,0,64,0,4,56,0,60,0,42,82,0,124,57,0,57,181
09/30/2009,TRI,TN,ASO,ES,Combined TRACON& Tower with Radar,0,44,30,0,74,0,0,47,0,47,0,44,77,0,121,44,0,44,165
10/01/2009,TRI,TN,ASO,ES,Combined TRACON& Tower with Radar,2,39,44,0,85,0,0,48,5,53,2,39,92,5,138,32,0,32,170
10/02/2009,TRI,TN,ASO,ES,Combined TRACON& Tower with Radar,2,38,27,0,67,0,0,20,0,20,2,38,47,0,87,31,0,31,118
10/03/2009,TRI,TN,ASO,ES,Combined TRACON& Tower with Radar,0,17,8,0,25,0,1,28,0,29,0,18,36,0,54,20,6,26,80
10/04/2009,TRI,TN,ASO,ES,Combined TRACON& Tower with Radar,4,31,18,0,53,0,0,48,0,48,4,31,66,0,101,51,0,51,152
10/05/2009,TRI,TN,ASO,ES,Combined TRACON& Tower with Radar,0,39,23,0,62,0,0,21,0,21,0,39,44,0,83,48,0,48,131
10/06/2009,TRI,TN,ASO,ES,Combined TRACON& Tower with Radar,4,37,30,2,73,0,2,28,0,30,4,39,58,2,103,62,0,62,165
10/07/2009,TRI,TN,ASO,ES,Combined TRACON& Tower with Radar,0,47,30,0,77,0,0,42,0,42,0,47,72,0,119,36,0,36,155
10/08/2009,TRI,TN,ASO,ES,Combined TRACON& Tower with Radar,2,36,34,2,74,0,2,56,2,60,2,38,90,4,134,2,0,2,136
10/09/2009,TRI,TN,ASO,ES,Combined TRACON& Tower with Radar,0,43,30,2,75,0,0,28,0,28,0,43,58,2,103,33,0,33,136
10/10/2009,TRI,TN,ASO,ES,Combined TRACON& Tower with Radar,0,20,8,0,28,0,1,8,0,9,0,21,16,0,37,26,0,26,63
10/11/2009,TRI,TN,ASO,ES,Combined TRACON& Tower with Radar,2,35,33,0,70,0,1,75,0,76,2,36,108,0,146,121,0,121,267
10/12/2009,TRI,TN,ASO,ES,Combined TRACON& Tower with Radar,0,37,19,2,58,0,1,29,0,30,0,38,48,2,88,126,0,126,214
10/13/2009,TRI,TN,ASO,ES,Combined TRACON& Tower with Radar,4,45,21,0,70,0,0,40,0,40,4,45,61,0,110,178,0,178,288
10/14/2009,TRI,TN,ASO,ES,Combined TRACON& Tower with Radar,0,48,31,1,80,0,0,30,0,30,0,48,61,1,110,142,0,142,252
10/15/2009,TRI,TN,ASO,ES,Combined TRACON& Tower with Radar,2,46,44,0,92,0,0,0,0,0,2,46,44,0,92,2,0,2,94
10/16/2009,TRI,TN,ASO,ES,Combined TRACON& Tower with Radar,0,44,33,3,80,0,0,7,0,7,0,44,40,3,87,50,0,50,137
10/17/2009,TRI,TN,ASO,ES,Combined TRACON& Tower with Radar,0,18,17,0,35,0,1,31,0,32,0,19,48,0,67,36,0,36,103
10/18/2009,TRI,TN,ASO,ES,Combined TRACON& Tower with Radar,2,37,22,0,61,0,0,21,0,21,2,37,43,0,82,40,0,40,122
10/19/2009,TRI,TN,ASO,ES,Combined TRACON& Tower with Radar,0,40,32,2,74,0,2,49,0,51,0,42,81,2,125,64,0,64,189
10/20/2009,TRI,TN,ASO,ES,Combined TRACON& Tower with Radar,2,33,30,3,68,0,2,88,2,92,2,35,118,5,160,54,0,54,214
10/21/2009,TRI,TN,ASO,ES,Combined TRACON& Tower with Radar,0,43,37,0,80,0,2,64,0,66,0,45,101,0,146,62,0,62,208
10/22/2009,TRI,TN,ASO,ES,Combined TRACON& Tower with Radar,2,44,32,0,78,0,3,54,0,57,2,47,86,0,135,90,0,90,225
10/23/2009,TRI,TN,ASO,ES,Combined TRACON& Tower with Radar,0,42,28,4,74,0,0,8,0,8,0,42,36,4,82,6,0,6,88
10/24/2009,TRI,TN,ASO,ES,Combined TRACON& Tower with Radar,0,17,16,3,36,0,0,1,0,1,0,17,17,3,37,0,0,0,37
10/25/2009,TRI,TN,ASO,ES,Combined TRACON& Tower with Radar,2,38,21,0,61,0,0,52,0,52,2,38,73,0,113,52,0,52,165
10/26/2009,TRI,TN,ASO,ES,Combined TRACON& Tower with Radar,0,41,26,0,67,0,1,37,4,42,0,42,63,4,109,36,0,36,145
10/27/2009,TRI,TN,ASO,ES,Combined TRACON& Tower with Radar,0,36,13,0,49,0,0,4,0,4,0,36,17,0,53,2,0,2,55
10/28/2009,TRI,TN,ASO,ES,Combined TRACON& Tower with Radar,0,47,46,0,93,0,0,45,0,45,0,47,91,0,138,33,0,33,171
10/29/2009,TRI,TN,ASO,ES,Combined TRACON& Tower with Radar,2,42,37,1,82,0,0,56,3,59,2,42,93,4,141,48,0,48,189
10/30/2009,TRI,TN,ASO,ES,Combined TRACON& Tower with Radar,0,40,20,0,60,0,0,24,0,24,0,40,44,0,84,16,0,16,100
10/31/2009,TRI,TN,ASO,ES,Combined TRACON& Tower with Radar,2,19,9,0,30,0,0,1,0,1,2,19,10,0,31,0,0,0,31
11/01/2009,TRI,TN,ASO,ES,Combined TRACON& Tower with Radar,2,31,12,0,45,0,0,35,0,35,2,31,47,0,80,18,0,18,98
11/02/2009,TRI,TN,ASO,ES,Combined TRACON& Tower with Radar,0,34,27,0,61,0,3,59,1,63,0,37,86,1,124,42,0,42,166
11/03/2009,TRI,TN,ASO,ES,Combined TRACON& Tower with Radar,0,36,21,2,59,0,6,63,1,70,0,42,84,3,129,28,0,28,157
11/04/2009,TRI,TN,ASO,ES,Combined TRACON& Tower with Radar,0,38,29,0,67,0,1,41,0,42,0,39,70,0,109,13,10,23,132
11/05/2009,TRI,TN,ASO,ES,Combined TRACON& Tower with Radar,2,41,19,0,62,0,3,64,0,67,2,44,83,0,129,42,0,42,171
11/06/2009,TRI,TN,ASO,ES,Combined TRACON& Tower with Radar,0,35,43,0,78,0,1,57,0,58,0,36,100,0,136,50,0,50,186
11/07/2009,TRI,TN,ASO,ES,Combined TRACON& Tower with Radar,2,17,19,0,38,0,2,40,0,42,2,19,59,0,80,42,0,42,122
11/08/2009,TRI,TN,ASO,ES,Combined TRACON& Tower with Radar,2,33,14,0,49,0,5,59,3,67,2,38,73,3,116,102,0,102,218
11/09/2009,TRI,TN,ASO,ES,Combined TRACON& Tower with Radar,2,42,24,2,70,0,0,36,0,36,2,42,60,2,106,70,0,70,176
11/10/2009,TRI,TN,ASO,ES,Combined TRACON& Tower with Radar,0,35,16,0,51,0,0,2,0,2,0,35,18,0,53,0,0,0,53
11/11/2009,TRI,TN,ASO,ES,Combined TRACON& Tower with Radar,0,36,23,0,59,0,0,4,0,4,0,36,27,0,63,3,0,3,66
11/12/2009,TRI,TN,ASO,ES,Combined TRACON& Tower with Radar,2,39,20,6,67,0,0,38,5,43,2,39,58,11,110,33,8,41,151
11/13/2009,TRI,TN,ASO,ES,Combined TRACON& Tower with Radar,0,37,40,3,80,0,0,56,2,58,0,37,96,5,138,38,0,38,176
11/14/2009,TRI,TN,ASO,ES,Combined TRACON& Tower with Radar,0,21,28,1,50,0,0,54,0,54,0,21,82,1,104,51,0,51,155
11/15/2009,TRI,TN,ASO,ES,Combined TRACON& Tower with Radar,2,28,31,0,61,0,0,58,0,58,2,28,89,0,119,42,0,42,161
11/16/2009,TRI,TN,ASO,ES,Combined TRACON& Tower with Radar,0,37,51,0,88,0,1,58,0,59,0,38,109,0,147,32,0,32,179
11/17/2009,TRI,TN,ASO,ES,Combined TRACON& Tower with Radar,0,35,33,14,82,0,0,38,0,38,0,35,71,14,120,32,0,32,152
11/18/2009,TRI,TN,ASO,ES,Combined TRACON& Tower with Radar,0,38,31,6,75,0,0,12,0,12,0,38,43,6,87,26,0,26,113
11/19/2009,TRI,TN,ASO,ES,Combined TRACON& Tower with Radar,2,40,38,2,82,0,0,8,0,8,2,40,46,2,90,22,0,22,112
11/20/2009,TRI,TN,ASO,ES,Combined TRACON& Tower with Radar,2,40,42,0,84,0,2,35,0,37,2,42,77,0,121,44,0,44,165
11/21/2009,TRI,TN,ASO,ES,Combined TRACON& Tower with Radar,0,18,8,2,28,0,0,20,0,20,0,18,28,2,48,8,0,8,56
11/22/2009,TRI,TN,ASO,ES,Combined TRACON& Tower with Radar,2,30,8,0,40,0,1,23,0,24,2,31,31,0,64,30,0,30,94
11/23/2009,TRI,TN,ASO,ES,Combined TRACON& Tower with Radar,4,37,22,14,77,0,0,29,6,35,4,37,51,20,112,40,0,40,152
11/24/2009,TRI,TN,ASO,ES,Combined TRACON& Tower with Radar,2,43,26,22,93,0,0,37,0,37,2,43,63,22,130,61,0,61,191
11/25/2009,TRI,TN,ASO,ES,Combined TRACON& Tower with Radar,0,35,42,0,77,0,3,19,0,22,0,38,61,0,99,20,0,20,119
11/26/2009,TRI,TN,ASO,ES,Combined TRACON& Tower with Radar,0,21,9,0,30,0,0,12,0,12,0,21,21,0,42,23,0,23,65
11/27/2009,TRI,TN,ASO,ES,Combined TRACON& Tower with Radar,4,26,18,0,48,0,0,4,0,4,4,26,22,0,52,6,0,6,58
11/28/2009,TRI,TN,ASO,ES,Combined TRACON& Tower with Radar,2,25,22,0,49,0,0,40,0,40,2,25,62,0,89,36,0,36,125
11/29/2009,TRI,TN,ASO,ES,Combined TRACON& Tower with Radar,2,33,30,0,65,0,0,56,0,56,2,33,86,0,121,64,0,64,185
11/30/2009,TRI,TN,ASO,ES,Combined TRACON& Tower with Radar,2,38,24,0,64,0,0,2,2,4,2,38,26,2,68,2,0,2,70
12/01/2009,TRI,TN,ASO,ES,Combined TRACON& Tower with Radar,2,34,19,0,55,0,0,51,2,53,2,34,70,2,108,40,0,40,148
12/02/2009,TRI,TN,ASO,ES,Combined TRACON& Tower with Radar,0,39,36,0,75,0,0,2,0,2,0,39,38,0,77,0,0,0,77
12/03/2009,TRI,TN,ASO,ES,Combined TRACON& Tower with Radar,2,38,43,0,83,0,1,38,0,39,2,39,81,0,122,52,0,52,174
12/04/2009,TRI,TN,ASO,ES,Combined TRACON& Tower with Radar,4,37,28,0,69,0,0,39,3,42,4,37,67,3,111,40,0,40,151
12/05/2009,TRI,TN,ASO,ES,Combined TRACON& Tower with Radar,0,19,8,0,27,0,0,0,0,0,0,19,8,0,27,0,0,0,27
12/06/2009,TRI,TN,ASO,ES,Combined TRACON& Tower with Radar,4,30,16,0,50,0,0,27,0,27,4,30,43,0,77,42,0,42,119
12/07/2009,TRI,TN,ASO,ES,Combined TRACON& Tower with Radar,2,35,28,0,65,0,4,25,0,29,2,39,53,0,94,31,0,31,125
12/08/2009,TRI,TN,ASO,ES,Combined TRACON& Tower with Radar,0,38,19,0,57,0,0,16,0,16,0,38,35,0,73,0,0,0,73
12/09/2009,TRI,TN,ASO,ES,Combined TRACON& Tower with Radar,0,35,9,0,44,0,0,4,1,5,0,35,13,1,49,0,0,0,49
12/10/2009,TRI,TN,ASO,ES,Combined TRACON& Tower with Radar,4,39,25,2,70,0,0,29,2,31,4,39,54,4,101,40,0,40,141
12/11/2009,TRI,TN,ASO,ES,Combined TRACON& Tower with Radar,2,45,22,2,71,0,0,37,2,39,2,45,59,4,110,28,0,28,138
12/12/2009,TRI,TN,ASO,ES,Combined TRACON& Tower with Radar,0,17,15,0,32,0,0,33,0,33,0,17,48,0,65,30,0,30,95
12/13/2009,TRI,TN,ASO,ES,Combined TRACON& Tower with Radar,2,29,10,2,43,0,0,0,0,0,2,29,10,2,43,13,0,13,56
12/14/2009,TRI,TN,ASO,ES,Combined TRACON& Tower with Radar,2,35,33,0,70,0,1,45,0,46,2,36,78,0,116,71,0,71,187
12/15/2009,TRI,TN,ASO,ES,Combined TRACON& Tower with Radar,0,29,33,0,62,0,0,18,0,18,0,29,51,0,80,188,0,188,268
12/16/2009,TRI,TN,ASO,ES,Combined TRACON& Tower with Radar,0,40,32,0,72,0,2,80,0,82,0,42,112,0,154,74,0,74,228
12/17/2009,TRI,TN,ASO,ES,Combined TRACON& Tower with Radar,2,38,33,0,73,0,2,48,0,50,2,40,81,0,123,108,0,108,231
12/18/2009,TRI,TN,ASO,ES,Combined TRACON& Tower with Radar,1,19,26,0,46,0,0,14,0,14,1,19,40,0,60,32,0,32,92
12/19/2009,TRI,TN,ASO,ES,Combined TRACON& Tower with Radar,0,17,6,0,23,0,0,0,0,0,0,17,6,0,23,2,0,2,25
12/20/2009,TRI,TN,ASO,ES,Combined TRACON& Tower with Radar,2,30,10,0,42,0,0,17,0,17,2,30,27,0,59,51,0,51,110
12/21/2009,TRI,TN,ASO,ES,Combined TRACON& Tower with Radar,2,37,12,4,55,0,0,24,0,24,2,37,36,4,79,70,0,70,149
12/22/2009,TRI,TN,ASO,ES,Combined TRACON& Tower with Radar,2,34,35,1,72,0,1,43,0,44,2,35,78,1,116,0,0,0,116
12/23/2009,TRI,TN,ASO,ES,Combined TRACON& Tower with Radar,0,33,16,0,49,0,0,36,0,36,0,33,52,0,85,0,0,0,85
12/24/2009,TRI,TN,ASO,ES,Combined TRACON& Tower with Radar,2,23,8,0,33,0,0,14,0,14,2,23,22,0,47,0,0,0,47
12/25/2009,TRI,TN,ASO,ES,Combined TRACON& Tower with Radar,2,21,2,0,25,0,0,0,0,0,2,21,2,0,25,0,0,0,25
12/26/2009,TRI,TN,ASO,ES,Combined TRACON& Tower with Radar,2,22,12,0,36,0,0,17,0,17,2,22,29,0,53,24,0,24,77
12/27/2009,TRI,TN,ASO,ES,Combined TRACON& Tower with Radar,2,30,20,0,52,0,0,32,0,32,2,30,52,0,84,28,0,28,112
12/28/2009,TRI,TN,ASO,ES,Combined TRACON& Tower with Radar,2,32,16,0,50,0,0,7,0,7,2,32,23,0,57,42,0,42,99
12/29/2009,TRI,TN,ASO,ES,Combined TRACON& Tower with Radar,2,34,13,0,49,0,1,30,2,33,2,35,43,2,82,24,0,24,106
12/30/2009,TRI,TN,ASO,ES,Combined TRACON& Tower with Radar,0,34,18,0,52,0,0,25,0,25,0,34,43,0,77,0,0,0,77
12/31/2009,TRI,TN,ASO,ES,Combined TRACON& Tower with Radar,2,28,3,0,33,0,0,0,0,0,2,28,3,0,33,0,0,0,33
01/01/2010,TRI,TN,ASO,ES,Combined TRACON& Tower with Radar,2,23,13,0,38,0,0,9,0,9,2,23,22,0,47,8,0,8,55
01/02/2010,TRI,TN,ASO,ES,Combined TRACON& Tower with Radar,2,21,10,0,33,0,0,2,0,2,2,21,12,0,35,3,0,3,38
01/03/2010,TRI,TN,ASO,ES,Combined TRACON& Tower with Radar,0,29,19,0,48,0,0,20,1,21,0,29,39,1,69,62,0,62,131
01/04/2010,TRI,TN,ASO,ES,Combined TRACON& Tower with Radar,6,34,13,0,53,0,0,2,1,3,6,34,15,1,56,10,0,10,66
01/05/2010,TRI,TN,ASO,ES,Combined TRACON& Tower with Radar,0,39,8,0,47,0,0,1,0,1,0,39,9,0,48,0,0,0,48
01/06/2010,TRI,TN,ASO,ES,Combined TRACON& Tower with Radar,0,34,17,0,51,0,0,10,0,10,0,34,27,0,61,1,0,1,62
01/07/2010,TRI,TN,ASO,ES,Combined TRACON& Tower with Radar,2,33,19,0,54,0,0,1,0,1,2,33,20,0,55,0,0,0,55
01/08/2010,TRI,TN,ASO,ES,Combined TRACON& Tower with Radar,4,37,17,0,58,0,0,1,0,1,4,37,18,0,59,0,0,0,59
01/09/2010,TRI,TN,ASO,ES,Combined TRACON& Tower with Radar,0,19,11,0,30,0,0,7,0,7,0,19,18,0,37,0,0,0,37
01/10/2010,TRI,TN,ASO,ES,Combined TRACON& Tower with Radar,4,32,12,0,48,0,0,28,0,28,4,32,40,0,76,83,0,83,159
01/11/2010,TRI,TN,ASO,ES,Combined TRACON& Tower with Radar,2,35,22,0,59,0,1,24,0,25,2,36,46,0,84,42,0,42,126
01/12/2010,TRI,TN,ASO,ES,Combined TRACON& Tower with Radar,0,36,28,0,64,0,0,24,0,24,0,36,52,0,88,43,0,43,131
01/13/2010,TRI,TN,ASO,ES,Combined TRACON& Tower with Radar,0,36,29,0,65,0,1,42,2,45,0,37,71,2,110,4,0,4,114
01/14/2010,TRI,TN,ASO,ES,Combined TRACON& Tower with Radar,2,39,32,6,79,0,1,27,0,28,2,40,59,6,107,42,0,42,149
01/15/2010,TRI,TN,ASO,ES,Combined TRACON& Tower with Radar,2,34,33,4,73,0,0,53,0,53,2,34,86,4,126,75,0,75,201
01/16/2010,TRI,TN,ASO,ES,Combined TRACON& Tower with Radar,0,17,12,0,29,0,3,53,4,60,0,20,65,4,89,65,0,65,154
01/17/2010,TRI,TN,ASO,ES,Combined TRACON& Tower with Radar,2,31,17,0,50,0,0,4,0,4,2,31,21,0,54,24,0,24,78
01/18/2010,TRI,TN,ASO,ES,Combined TRACON& Tower with Radar,4,35,27,0,66,0,1,47,0,48,4,36,74,0,114,40,0,40,154
01/19/2010,TRI,TN,ASO,ES,Combined TRACON& Tower with Radar,0,38,22,0,60,0,0,22,3,25,0,38,44,3,85,48,0,48,133
01/20/2010,TRI,TN,ASO,ES,Combined TRACON& Tower with Radar,3,35,28,0,66,0,0,2,0,2,3,35,30,0,68,4,0,4,72
01/21/2010,TRI,TN,ASO,ES,Combined TRACON& Tower with Radar,7,35,20,0,62,0,0,0,0,0,7,35,20,0,62,0,0,0,62
01/22/2010,TRI,TN,ASO,ES,Combined TRACON& Tower with Radar,0,34,19,0,53,0,0,0,0,0,0,34,19,0,53,0,0,0,53
01/23/2010,TRI,TN,ASO,ES,Combined TRACON& Tower with Radar,4,18,9,9,40,0,0,45,0,45,4,18,54,9,85,78,0,78,163
01/24/2010,TRI,TN,ASO,ES,Combined TRACON& Tower with Radar,4,26,7,0,37,0,0,8,0,8,4,26,15,0,45,42,0,42,87
01/25/2010,TRI,TN,ASO,ES,Combined TRACON& Tower with Radar,2,34,11,0,47,0,0,0,0,0,2,34,11,0,47,0,0,0,47
01/26/2010,TRI,TN,ASO,ES,Combined TRACON& Tower with Radar,0,36,30,0,66,0,0,11,0,11,0,36,41,0,77,6,0,6,83
01/27/2010,TRI,TN,ASO,ES,Combined TRACON& Tower with Radar,2,37,27,0,66,0,0,31,0,31,2,37,58,0,97,78,0,78,175
01/28/2010,TRI,TN,ASO,ES,Combined TRACON& Tower with Radar,2,38,16,0,56,0,0,36,0,36,2,38,52,0,92,24,0,24,116
01/29/2010,TRI,TN,ASO,ES,Combined TRACON& Tower with Radar,2,27,14,0,43,0,0,26,0,26,2,27,40,0,69,18,0,18,87
01/30/2010,TRI,TN,ASO,ES,Combined TRACON& Tower with Radar,0,3,2,0,5,0,0,0,0,0,0,3,2,0,5,0,0,0,5
01/31/2010,TRI,TN,ASO,ES,Combined TRACON& Tower with Radar,4,30,16,2,52,0,0,26,1,27,4,30,42,3,79,32,0,32,111
02/01/2010,TRI,TN,ASO,ES,Combined TRACON& Tower with Radar,2,33,22,0,57,0,0,39,1,40,2,33,61,1,97,70,0,70,167
02/02/2010,TRI,TN,ASO,ES,Combined TRACON& Tower with Radar,0,38,23,0,61,0,0,0,0,0,0,38,23,0,61,0,0,0,61
02/03/2010,TRI,TN,ASO,ES,Combined TRACON& Tower with Radar,2,36,29,1,68,0,0,36,1,37,2,36,65,2,105,60,0,60,165
02/04/2010,TRI,TN,ASO,ES,Combined TRACON& Tower with Radar,2,40,24,0,66,0,0,25,0,25,2,40,49,0,91,8,0,8,99
02/05/2010,TRI,TN,ASO,ES,Combined TRACON& Tower with Radar,4,34,7,0,45,0,0,11,0,11,4,34,18,0,56,12,0,12,68
02/06/2010,TRI,TN,ASO,ES,Combined TRACON& Tower with Radar,0,17,11,0,28,0,0,0,0,0,0,17,11,0,28,13,0,13,41
02/07/2010,TRI,TN,ASO,ES,Combined TRACON& Tower with Radar,2,26,2,0,30,0,0,7,0,7,2,26,9,0,37,30,0,30,67
02/08/2010,TRI,TN,ASO,ES,Combined TRACON& Tower with Radar,2,36,26,0,64,0,0,30,0,30,2,36,56,0,94,32,0,32,126
02/09/2010,TRI,TN,ASO,ES,Combined TRACON& Tower with Radar,0,31,16,0,47,0,0,3,0,3,0,31,19,0,50,4,0,4,54
02/10/2010,TRI,TN,ASO,ES,Combined TRACON& Tower with Radar,0,35,12,0,47,0,0,0,0,0,0,35,12,0,47,0,0,0,47
02/11/2010,TRI,TN,ASO,ES,Combined TRACON& Tower with Radar,2,30,35,0,67,0,3,25,0,28,2,33,60,0,95,133,0,133,228
02/12/2010,TRI,TN,ASO,ES,Combined TRACON& Tower with Radar,4,24,24,2,54,0,2,27,0,29,4,26,51,2,83,70,0,70,153
02/13/2010,TRI,TN,ASO,ES,Combined TRACON& Tower with Radar,0,11,22,2,35,0,0,14,2,16,0,11,36,4,51,72,0,72,123
02/14/2010,TRI,TN,ASO,ES,Combined TRACON& Tower with Radar,4,27,7,0,38,0,0,18,0,18,4,27,25,0,56,18,0,18,74
02/15/2010,TRI,TN,ASO,ES,Combined TRACON& Tower with Radar,2,30,13,0,45,0,0,1,0,1,2,30,14,0,46,0,0,0,46
02/16/2010,TRI,TN,ASO,ES,Combined TRACON& Tower with Radar,0,33,32,0,65,0,0,3,0,3,0,33,35,0,68,0,0,0,68
02/17/2010,TRI,TN,ASO,ES,Combined TRACON& Tower with Radar,0,37,26,0,63,0,0,0,0,0,0,37,26,0,63,0,0,0,63
02/18/2010,TRI,TN,ASO,ES,Combined TRACON& Tower with Radar,2,29,37,0,68,0,0,47,0,47,2,29,84,0,115,44,0,44,159
02/19/2010,TRI,TN,ASO,ES,Combined TRACON& Tower with Radar,3,34,28,2,67,0,8,60,4,72,3,42,88,6,139,108,0,108,247
02/20/2010,TRI,TN,ASO,ES,Combined TRACON& Tower with Radar,0,17,19,0,36,0,0,63,0,63,0,17,82,0,99,68,0,68,167
02/21/2010,TRI,TN,ASO,ES,Combined TRACON& Tower with Radar,2,29,25,2,58,0,0,60,1,61,2,29,85,3,119,24,0,24,143
02/22/2010,TRI,TN,ASO,ES,Combined TRACON& Tower with Radar,2,30,27,1,60,0,0,28,0,28,2,30,55,1,88,60,0,60,148
02/23/2010,TRI,TN,ASO,ES,Combined TRACON& Tower with Radar,0,31,23,0,54,0,0,4,0,4,0,31,27,0,58,24,0,24,82
02/24/2010,TRI,TN,ASO,ES,Combined TRACON& Tower with Radar,0,34,16,0,50,0,0,18,0,18,0,34,34,0,68,50,0,50,118
02/25/2010,TRI,TN,ASO,ES,Combined TRACON& Tower with Radar,2,33,17,0,52,0,0,7,0,7,2,33,24,0,59,36,0,36,95
02/26/2010,TRI,TN,ASO,ES,Combined TRACON& Tower with Radar,2,28,23,0,53,0,0,16,0,16,2,28,39,0,69,18,0,18,87
02/27/2010,TRI,TN,ASO,ES,Combined TRACON& Tower with Radar,0,14,29,0,43,0,0,34,0,34,0,14,63,0,77,102,0,102,179
02/28/2010,TRI,TN,ASO,ES,Combined TRACON& Tower with Radar,2,27,10,0,39,0,0,7,4,11,2,27,17,4,50,30,0,30,80
03/01/2010,TRI,TN,ASO,ES,Combined TRACON& Tower with Radar,2,30,26,0,58,0,0,16,0,16,2,30,42,0,74,34,0,34,108
03/02/2010,TRI,TN,ASO,ES,Combined TRACON& Tower with Radar,0,24,18,0,42,0,0,4,0,4,0,24,22,0,46,4,0,4,50
03/03/2010,TRI,TN,ASO,ES,Combined TRACON& Tower with Radar,0,32,31,0,63,0,0,5,0,5,0,32,36,0,68,48,0,48,116
03/04/2010,TRI,TN,ASO,ES,Combined TRACON& Tower with Radar,3,34,23,0,60,0,0,42,2,44,3,34,65,2,104,38,0,38,142
03/05/2010,TRI,TN,ASO,ES,Combined TRACON& Tower with Radar,4,35,23,14,76,0,2,55,0,57,4,37,78,14,133,50,0,50,183
03/06/2010,TRI,TN,ASO,ES,Combined TRACON& Tower with Radar,0,21,13,0,34,0,1,39,0,40,0,22,52,0,74,22,0,22,96
03/07/2010,TRI,TN,ASO,ES,Combined TRACON& Tower with Radar,7,27,19,0,53,0,1,55,1,57,7,28,74,1,110,64,0,64,174
03/08/2010,TRI,TN,ASO,ES,Combined TRACON& Tower with Radar,2,31,35,1,69,0,3,48,3,54,2,34,83,4,123,44,0,44,167
03/09/2010,TRI,TN,ASO,ES,Combined TRACON& Tower with Radar,0,27,23,4,54,0,2,45,1,48,0,29,68,5,102,72,4,76,178
03/10/2010,TRI,TN,ASO,ES,Combined TRACON& Tower with Radar,2,28,33,0,63,0,2,21,0,23,2,30,54,0,86,78,0,78,164
03/11/2010,TRI,TN,ASO,ES,Combined TRACON& Tower with Radar,2,30,41,14,87,0,0,6,2,8,2,30,47,16,95,38,0,38,133
03/12/2010,TRI,TN,ASO,ES,Combined TRACON& Tower with Radar,4,33,22,0,59,0,0,30,0,30,4,33,52,0,89,54,0,54,143
03/13/2010,TRI,TN,ASO,ES,Combined TRACON& Tower with Radar,0,20,25,0,45,0,0,42,0,42,0,20,67,0,87,32,0,32,119
03/14/2010,TRI,TN,ASO,ES,Combined TRACON& Tower with Radar,2,28,9,2,41,0,0,15,0,15,2,28,24,2,56,14,0,14,70
03/15/2010,TRI,TN,ASO,ES,Combined TRACON& Tower with Radar,2,27,25,0,54,0,1,24,0,25,2,28,49,0,79,56,0,56,135
03/16/2010,TRI,TN,ASO,ES,Combined TRACON& Tower with Radar,4,33,25,0,62,0,1,30,0,31,4,34,55,0,93,54,0,54,147
03/17/2010,TRI,TN,ASO,ES,Combined TRACON& Tower with Radar,0,36,27,0,63,0,0,25,0,25,0,36,52,0,88,58,0,58,146
03/18/2010,TRI,TN,ASO,ES,Combined TRACON& Tower with Radar,9,30,42,0,81,0,0,28,0,28,9,30,70,0,109,38,0,38,147
03/19/2010,TRI,TN,ASO,ES,Combined TRACON& Tower with Radar,10,33,45,4,92,0,1,92,0,93,10,34,137,4,185,74,0,74,259
03/20/2010,TRI,TN,ASO,ES,Combined TRACON& Tower with Radar,7,20,46,0,73,0,2,68,3,73,7,22,114,3,146,27,0,27,173
03/21/2010,TRI,TN,ASO,ES,Combined TRACON& Tower with Radar,3,43,110,1,157,0,0,83,3,86,3,43,193,4,243,6,0,6,249
03/22/2010,TRI,TN,ASO,ES,Combined TRACON& Tower with Radar,10,28,26,0,64,0,0,31,0,31,10,28,57,0,95,36,0,36,131
03/23/2010,TRI,TN,ASO,ES,Combined TRACON& Tower with Radar,0,30,34,2,66,0,0,13,0,13,0,30,47,2,79,6,0,6,85
03/24/2010,TRI,TN,ASO,ES,Combined TRACON& Tower with Radar,2,41,38,0,81,0,2,75,0,77,2,43,113,0,158,73,0,73,231
03/25/2010,TRI,TN,ASO,ES,Combined TRACON& Tower with Radar,2,30,45,0,77,0,1,46,3,50,2,31,91,3,127,105,0,105,232
03/26/2010,TRI,TN,ASO,ES,Combined TRACON& Tower with Radar,4,28,24,2,58,0,0,1,0,1,4,28,25,2,59,2,0,2,61
03/27/2010,TRI,TN,ASO,ES,Combined TRACON& Tower with Radar,0,19,15,0,34,0,4,49,0,53,0,23,64,0,87,49,0,49,136
03/28/2010,TRI,TN,ASO,ES,Combined TRACON& Tower with Radar,2,31,17,0,50,0,0,8,0,8,2,31,25,0,58,6,0,6,64
03/29/2010,TRI,TN,ASO,ES,Combined TRACON& Tower with Radar,2,33,44,0,79,0,0,82,0,82,2,33,126,0,161,50,0,50,211
03/30/2010,TRI,TN,ASO,ES,Combined TRACON& Tower with Radar,0,34,37,2,73,0,0,38,0,38,0,34,75,2,111,49,0,49,160
03/31/2010,TRI,TN,ASO,ES,Combined TRACON& Tower with Radar,10,34,36,0,80,0,1,74,0,75,10,35,110,0,155,106,0,106,261
04/01/2010,TRI,TN,ASO,ES,Combined TRACON& Tower with Radar,6,31,27,0,64,0,5,44,0,49,6,36,71,0,113,34,0,34,147
04/02/2010,TRI,TN,ASO,ES,Combined TRACON& Tower with Radar,6,34,21,0,61,0,17,58,0,75,6,51,79,0,136,119,0,119,255
04/03/2010,TRI,TN,ASO,ES,Combined TRACON& Tower with Radar,0,14,11,0,25,0,8,25,0,33,0,22,36,0,58,62,0,62,120
04/04/2010,TRI,TN,ASO,ES,Combined TRACON& Tower with Radar,2,26,11,0,39,0,6,18,0,24,2,32,29,0,63,62,0,62,125
04/05/2010,TRI,TN,ASO,ES,Combined TRACON& Tower with Radar,6,34,21,4,65,0,0,23,1,24,6,34,44,5,89,40,0,40,129
04/06/2010,TRI,TN,ASO,ES,Combined TRACON& Tower with Radar,0,30,27,14,71,0,2,34,0,36,0,32,61,14,107,80,0,80,187
04/07/2010,TRI,TN,ASO,ES,Combined TRACON& Tower with Radar,2,39,42,0,83,0,4,40,1,45,2,43,82,1,128,17,0,17,145
04/08/2010,TRI,TN,ASO,ES,Combined TRACON& Tower with Radar,2,33,12,0,47,0,9,7,2,18,2,42,19,2,65,26,0,26,91
04/09/2010,TRI,TN,ASO,ES,Combined TRACON& Tower with Radar,4,31,28,10,73,0,2,31,0,33,4,33,59,10,106,28,0,28,134
04/10/2010,TRI,TN,ASO,ES,Combined TRACON& Tower with Radar,0,17,18,0,35,0,1,27,3,31,0,18,45,3,66,22,0,22,88
04/11/2010,TRI,TN,ASO,ES,Combined TRACON& Tower with Radar,2,27,21,0,50,0,0,46,0,46,2,27,67,0,96,58,0,58,154
04/12/2010,TRI,TN,ASO,ES,Combined TRACON& Tower with Radar,2,30,23,4,59,0,1,24,1,26,2,31,47,5,85,23,0,23,108
04/13/2010,TRI,TN,ASO,ES,Combined TRACON& Tower with Radar,0,31,18,2,51,0,1,44,0,45,0,32,62,2,96,22,0,22,118
04/14/2010,TRI,TN,ASO,ES,Combined TRACON& Tower with Radar,2,31,26,0,59,0,2,76,0,78,2,33,102,0,137,80,0,80,217
04/15/2010,TRI,TN,ASO,ES,Combined TRACON& Tower with Radar,2,39,16,0,57,0,0,40,0,40,2,39,56,0,97,49,0,49,146
04/16/2010,TRI,TN,ASO,ES,Combined TRACON& Tower with Radar,2,31,35,2,70,0,0,37,0,37,2,31,72,2,107,30,0,30,137
04/17/2010,TRI,TN,ASO,ES,Combined TRACON& Tower with Radar,0,21,20,0,41,0,6,52,3,61,0,27,72,3,102,16,0,16,118
04/18/2010,TRI,TN,ASO,ES,Combined TRACON& Tower with Radar,2,28,6,18,54,0,1,46,2,49,2,29,52,20,103,54,0,54,157
04/19/2010,TRI,TN,ASO,ES,Combined TRACON& Tower with Radar,2,31,19,2,54,0,1,21,0,22,2,32,40,2,76,22,0,22,98
04/20/2010,TRI,TN,ASO,ES,Combined TRACON& Tower with Radar,1,29,25,2,57,0,1,7,1,9,1,30,32,3,66,8,0,8,74
04/21/2010,TRI,TN,ASO,ES,Combined TRACON& Tower with Radar,0,34,33,8,75,0,4,46,2,52,0,38,79,10,127,98,0,98,225
04/22/2010,TRI,TN,ASO,ES,Combined TRACON& Tower with Radar,3,38,34,1,76,0,0,34,0,34,3,38,68,1,110,70,0,70,180
04/23/2010,TRI,TN,ASO,ES,Combined TRACON& Tower with Radar,2,30,24,0,56,0,0,37,0,37,2,30,61,0,93,31,0,31,124
04/24/2010,TRI,TN,ASO,ES,Combined TRACON& Tower with Radar,2,21,9,0,32,0,2,19,1,22,2,23,28,1,54,32,0,32,86
04/25/2010,TRI,TN,ASO,ES,Combined TRACON& Tower with Radar,2,29,22,1,54,0,0,11,0,11,2,29,33,1,65,16,0,16,81
04/26/2010,TRI,TN,ASO,ES,Combined TRACON& Tower with Radar,2,35,26,0,63,0,1,5,0,6,2,36,31,0,69,30,0,30,99
04/27/2010,TRI,TN,ASO,ES,Combined TRACON& Tower with Radar,0,36,20,1,57,0,0,2,0,2,0,36,22,1,59,3,0,3,62
04/28/2010,TRI,TN,ASO,ES,Combined TRACON& Tower with Radar,0,32,32,0,64,0,2,57,0,59,0,34,89,0,123,62,0,62,185
04/29/2010,TRI,TN,ASO,ES,Combined TRACON& Tower with Radar,2,33,27,2,64,0,6,40,2,48,2,39,67,4,112,28,0,28,140
04/30/2010,TRI,TN,ASO,ES,Combined TRACON& Tower with Radar,2,29,22,0,53,0,3,45,0,48,2,32,67,0,101,32,0,32,133
05/01/2010,TRI,TN,ASO,ES,Combined TRACON& Tower with Radar,0,23,9,0,32,0,1,21,2,24,0,24,30,2,56,10,0,10,66
05/02/2010,TRI,TN,ASO,ES,Combined TRACON& Tower with Radar,2,25,5,2,34,0,0,9,0,9,2,25,14,2,43,28,0,28,71
05/03/2010,TRI,TN,ASO,ES,Combined TRACON& Tower with Radar,2,29,14,0,45,0,4,21,4,29,2,33,35,4,74,116,0,116,190
05/04/2010,TRI,TN,ASO,ES,Combined TRACON& Tower with Radar,0,33,30,3,66,0,12,39,1,52,0,45,69,4,118,122,0,122,240
05/05/2010,TRI,TN,ASO,ES,Combined TRACON& Tower with Radar,0,35,43,1,79,0,5,32,4,41,0,40,75,5,120,62,0,62,182
05/06/2010,TRI,TN,ASO,ES,Combined TRACON& Tower with Radar,2,34,40,0,76,0,5,70,0,75,2,39,110,0,151,92,0,92,243
05/07/2010,TRI,TN,ASO,ES,Combined TRACON& Tower with Radar,4,32,34,2,72,0,0,49,0,49,4,32,83,2,121,50,0,50,171
05/08/2010,TRI,TN,ASO,ES,Combined TRACON& Tower with Radar,0,15,9,0,24,0,3,17,8,28,0,18,26,8,52,0,0,0,52
05/09/2010,TRI,TN,ASO,ES,Combined TRACON& Tower with Radar,4,28,20,2,54,0,5,44,2,51,4,33,64,4,105,48,0,48,153
05/10/2010,TRI,TN,ASO,ES,Combined TRACON& Tower with Radar,2,35,25,0,62,0,1,38,1,40,2,36,63,1,102,80,0,80,182
05/11/2010,TRI,TN,ASO,ES,Combined TRACON& Tower with Radar,0,32,27,1,60,0,5,12,2,19,0,37,39,3,79,34,0,34,113
05/12/2010,TRI,TN,ASO,ES,Combined TRACON& Tower with Radar,0,32,21,2,55,0,0,18,1,19,0,32,39,3,74,54,0,54,128
05/13/2010,TRI,TN,ASO,ES,Combined TRACON& Tower with Radar,2,32,34,2,70,0,3,63,1,67,2,35,97,3,137,71,0,71,208
05/14/2010,TRI,TN,ASO,ES,Combined TRACON& Tower with Radar,6,31,21,0,58,0,0,21,1,22,6,31,42,1,80,10,0,10,90
05/15/2010,TRI,TN,ASO,ES,Combined TRACON& Tower with Radar,0,18,22,0,40,0,2,35,2,39,0,20,57,2,79,50,0,50,129
05/16/2010,TRI,TN,ASO,ES,Combined TRACON& Tower with Radar,2,29,14,0,45,0,0,19,1,20,2,29,33,1,65,10,0,10,75
05/17/2010,TRI,TN,ASO,ES,Combined TRACON& Tower with Radar,4,36,17,0,57,0,0,3,0,3,4,36,20,0,60,2,0,2,62
05/18/2010,TRI,TN,ASO,ES,Combined TRACON& Tower with Radar,0,30,25,0,55,0,3,14,0,17,0,33,39,0,72,28,0,28,100
05/19/2010,TRI,TN,ASO,ES,Combined TRACON& Tower with Radar,4,33,27,0,64,0,2,35,0,37,4,35,62,0,101,42,0,42,143
05/20/2010,TRI,TN,ASO,ES,Combined TRACON& Tower with Radar,4,34,50,0,88,0,3,40,6,49,4,37,90,6,137,66,0,66,203
05/21/2010,TRI,TN,ASO,ES,Combined TRACON& Tower with Radar,2,34,33,0,69,0,0,23,1,24,2,34,56,1,93,40,0,40,133
05/22/2010,TRI,TN,ASO,ES,Combined TRACON& Tower with Radar,0,17,33,0,50,0,2,13,0,15,0,19,46,0,65,28,0,28,93
05/23/2010,TRI,TN,ASO,ES,Combined TRACON& Tower with Radar,2,30,18,0,50,0,0,37,0,37,2,30,55,0,87,35,0,35,122
05/24/2010,TRI,TN,ASO,ES,Combined TRACON& Tower with Radar,4,40,42,1,87,0,1,42,2,45,4,41,84,3,132,36,0,36,168
05/25/2010,TRI,TN,ASO,ES,Combined TRACON& Tower with Radar,0,40,36,0,76,0,0,44,0,44,0,40,80,0,120,22,0,22,142
05/26/2010,TRI,TN,ASO,ES,Combined TRACON& Tower with Radar,5,31,44,1,81,0,1,33,0,34,5,32,77,1,115,24,0,24,139
05/27/2010,TRI,TN,ASO,ES,Combined TRACON& Tower with Radar,2,33,38,0,73,0,4,36,0,40,2,37,74,0,113,62,0,62,175
05/28/2010,TRI,TN,ASO,ES,Combined TRACON& Tower with Radar,4,26,26,0,56,0,0,29,0,29,4,26,55,0,85,26,0,26,111
05/29/2010,TRI,TN,ASO,ES,Combined TRACON& Tower with Radar,0,17,11,0,28,0,1,42,1,44,0,18,53,1,72,52,0,52,124
05/30/2010,TRI,TN,ASO,ES,Combined TRACON& Tower with Radar,2,21,5,0,28,0,0,31,0,31,2,21,36,0,59,14,0,14,73
05/31/2010,TRI,TN,ASO,ES,Combined TRACON& Tower with Radar,2,27,23,0,52,0,0,19,0,19,2,27,42,0,71,27,0,27,98
06/01/2010,TRI,TN,ASO,ES,Combined TRACON& Tower with Radar,0,32,33,5,70,0,3,12,1,16,0,35,45,6,86,14,0,14,100
06/02/2010,TRI,TN,ASO,ES,Combined TRACON& Tower with Radar,2,29,29,0,60,0,0,28,4,32,2,29,57,4,92,58,0,58,150
06/03/2010,TRI,TN,ASO,ES,Combined TRACON& Tower with Radar,2,36,44,0,82,0,13,20,0,33,2,49,64,0,115,82,0,82,197
06/04/2010,TRI,TN,ASO,ES,Combined TRACON& Tower with Radar,8,43,18,0,69,0,10,55,4,69,8,53,73,4,138,122,0,122,260
06/05/2010,TRI,TN,ASO,ES,Combined TRACON& Tower with Radar,2,21,18,3,44,0,6,22,2,30,2,27,40,5,74,62,0,62,136
06/06/2010,TRI,TN,ASO,ES,Combined TRACON& Tower with Radar,4,28,16,0,48,0,3,13,0,16,4,31,29,0,64,60,0,60,124
06/07/2010,TRI,TN,ASO,ES,Combined TRACON& Tower with Radar,4,34,36,0,74,0,0,39,2,41,4,34,75,2,115,44,0,44,159
06/08/2010,TRI,TN,ASO,ES,Combined TRACON& Tower with Radar,2,36,52,0,90,0,1,50,2,53,2,37,102,2,143,28,0,28,171
06/09/2010,TRI,TN,ASO,ES,Combined TRACON& Tower with Radar,6,38,33,0,77,0,0,7,0,7,6,38,40,0,84,4,0,4,88
06/10/2010,TRI,TN,ASO,ES,Combined TRACON& Tower with Radar,6,38,39,2,85,0,0,32,0,32,6,38,71,2,117,76,0,76,193
06/11/2010,TRI,TN,ASO,ES,Combined TRACON& Tower with Radar,8,42,41,2,93,0,5,29,0,34,8,47,70,2,127,70,0,70,197
06/12/2010,TRI,TN,ASO,ES,Combined TRACON& Tower with Radar,2,25,28,0,55,0,4,17,2,23,2,29,45,2,78,84,0,84,162
06/13/2010,TRI,TN,ASO,ES,Combined TRACON& Tower with Radar,2,31,15,0,48,0,6,20,0,26,2,37,35,0,74,64,0,64,138
06/14/2010,TRI,TN,ASO,ES,Combined TRACON& Tower with Radar,2,37,33,0,72,0,0,31,2,33,2,37,64,2,105,10,0,10,115
06/15/2010,TRI,TN,ASO,ES,Combined TRACON& Tower with Radar,2,33,26,0,61,0,4,47,0,51,2,37,73,0,112,46,0,46,158
06/16/2010,TRI,TN,ASO,ES,Combined TRACON& Tower with Radar,4,34,17,3,58,0,9,30,3,42,4,43,47,6,100,48,0,48,148
06/17/2010,TRI,TN,ASO,ES,Combined TRACON& Tower with Radar,2,37,53,2,94,0,0,49,1,50,2,37,102,3,144,52,0,52,196
06/18/2010,TRI,TN,ASO,ES,Combined TRACON& Tower with Radar,4,44,49,1,98,0,3,59,1,63,4,47,108,2,161,57,0,57,218
06/19/2010,TRI,TN,ASO,ES,Combined TRACON& Tower with Radar,2,29,23,0,54,0,0,44,2,46,2,29,67,2,100,60,0,60,160
06/20/2010,TRI,TN,ASO,ES,Combined TRACON& Tower with Radar,2,34,34,0,70,0,0,41,0,41,2,34,75,0,111,49,0,49,160
06/21/2010,TRI,TN,ASO,ES,Combined TRACON& Tower with Radar,2,39,35,2,78,0,0,58,1,59,2,39,93,3,137,40,0,40,177
06/22/2010,TRI,TN,ASO,ES,Combined TRACON& Tower with Radar,0,36,34,14,84,0,1,43,3,47,0,37,77,17,131,118,0,118,249
06/23/2010,TRI,TN,ASO,ES,Combined TRACON& Tower with Radar,3,41,27,0,71,0,0,30,4,34,3,41,57,4,105,82,0,82,187
06/24/2010,TRI,TN,ASO,ES,Combined TRACON& Tower with Radar,3,40,39,1,83,0,0,27,0,27,3,40,66,1,110,34,0,34,144
06/25/2010,TRI,TN,ASO,ES,Combined TRACON& Tower with Radar,2,35,51,0,88,0,0,37,0,37,2,35,88,0,125,46,0,46,171
06/26/2010,TRI,TN,ASO,ES,Combined TRACON& Tower with Radar,4,26,27,1,58,0,2,71,0,73,4,28,98,1,131,120,0,120,251
06/27/2010,TRI,TN,ASO,ES,Combined TRACON& Tower with Radar,2,28,25,2,57,0,3,34,0,37,2,31,59,2,94,98,0,98,192
06/28/2010,TRI,TN,ASO,ES,Combined TRACON& Tower with Radar,2,38,33,0,73,0,1,23,2,26,2,39,56,2,99,12,0,12,111
06/29/2010,TRI,TN,ASO,ES,Combined TRACON& Tower with Radar,4,42,34,0,80,0,3,16,0,19,4,45,50,0,99,12,0,12,111
06/30/2010,TRI,TN,ASO,ES,Combined TRACON& Tower with Radar,2,35,35,2,74,0,0,25,0,25,2,35,60,2,99,32,0,32,131
07/01/2010,TRI,TN,ASO,ES,Combined TRACON& Tower with Radar,2,39,41,0,82,0,2,89,0,91,2,41,130,0,173,188,0,188,361
07/02/2010,TRI,TN,ASO,ES,Combined TRACON& Tower with Radar,2,40,30,0,72,0,1,42,0,43,2,41,72,0,115,48,0,48,163
07/03/2010,TRI,TN,ASO,ES,Combined TRACON& Tower with Radar,2,32,16,0,50,0,0,29,0,29,2,32,45,0,79,40,0,40,119
07/04/2010,TRI,TN,ASO,ES,Combined TRACON& Tower with Radar,2,26,13,0,41,0,0,32,0,32,2,26,45,0,73,16,0,16,89
07/05/2010,TRI,TN,ASO,ES,Combined TRACON& Tower with Radar,2,34,25,0,61,0,2,43,0,45,2,36,68,0,106,84,0,84,190
07/06/2010,TRI,TN,ASO,ES,Combined TRACON& Tower with Radar,4,39,32,0,75,0,0,28,0,28,4,39,60,0,103,18,0,18,121
07/07/2010,TRI,TN,ASO,ES,Combined TRACON& Tower with Radar,2,37,24,2,65,0,0,51,0,51,2,37,75,2,116,60,0,60,176
07/08/2010,TRI,TN,ASO,ES,Combined TRACON& Tower with Radar,4,43,22,2,71,0,2,37,0,39,4,45,59,2,110,24,0,24,134
07/09/2010,TRI,TN,ASO,ES,Combined TRACON& Tower with Radar,4,38,26,2,70,0,0,19,0,19,4,38,45,2,89,0,0,0,89
07/10/2010,TRI,TN,ASO,ES,Combined TRACON& Tower with Radar,2,29,14,4,49,0,0,41,0,41,2,29,55,4,90,32,0,32,122
07/11/2010,TRI,TN,ASO,ES,Combined TRACON& Tower with Radar,5,35,20,2,62,0,0,55,0,55,5,35,75,2,117,78,0,78,195
07/12/2010,TRI,TN,ASO,ES,Combined TRACON& Tower with Radar,2,39,44,0,85,0,3,7,0,10,2,42,51,0,95,8,0,8,103
07/13/2010,TRI,TN,ASO,ES,Combined TRACON& Tower with Radar,4,41,38,0,83,0,2,20,0,22,4,43,58,0,105,18,0,18,123
07/14/2010,TRI,TN,ASO,ES,Combined TRACON& Tower with Radar,2,42,35,4,83,0,0,28,2,30,2,42,63,6,113,11,0,11,124
07/15/2010,TRI,TN,ASO,ES,Combined TRACON& Tower with Radar,2,43,32,0,77,0,0,57,0,57,2,43,89,0,134,52,0,52,186
07/16/2010,TRI,TN,ASO,ES,Combined TRACON& Tower with Radar,2,38,35,0,75,0,6,30,0,36,2,44,65,0,111,22,0,22,133
07/17/2010,TRI,TN,ASO,ES,Combined TRACON& Tower with Radar,2,29,9,9,49,0,0,33,0,33,2,29,42,9,82,38,0,38,120
07/18/2010,TRI,TN,ASO,ES,Combined TRACON& Tower with Radar,2,35,14,1,52,0,0,26,2,28,2,35,40,3,80,30,0,30,110
07/19/2010,TRI,TN,ASO,ES,Combined TRACON& Tower with Radar,2,46,44,1,93,0,1,18,1,20,2,47,62,2,113,10,0,10,123
07/20/2010,TRI,TN,ASO,ES,Combined TRACON& Tower with Radar,4,40,45,0,89,0,1,41,5,47,4,41,86,5,136,30,0,30,166
07/21/2010,TRI,TN,ASO,ES,Combined TRACON& Tower with Radar,3,43,31,1,78,0,0,24,2,26,3,43,55,3,104,14,0,14,118
07/22/2010,TRI,TN,ASO,ES,Combined TRACON& Tower with Radar,3,43,43,1,90,0,1,38,0,39,3,44,81,1,129,38,0,38,167
07/23/2010,TRI,TN,ASO,ES,Combined TRACON& Tower with Radar,2,36,36,0,74,0,0,45,0,45,2,36,81,0,119,48,0,48,167
07/24/2010,TRI,TN,ASO,ES,Combined TRACON& Tower with Radar,4,28,23,0,55,0,0,54,1,55,4,28,77,1,110,46,0,46,156
07/25/2010,TRI,TN,ASO,ES,Combined TRACON& Tower with Radar,2,41,20,0,63,0,2,40,3,45,2,43,60,3,108,32,0,32,140
07/26/2010,TRI,TN,ASO,ES,Combined TRACON& Tower with Radar,2,45,28,0,75,0,0,37,0,37,2,45,65,0,112,26,0,26,138
07/27/2010,TRI,TN,ASO,ES,Combined TRACON& Tower with Radar,4,44,37,2,87,0,1,27,0,28,4,45,64,2,115,48,0,48,163
07/28/2010,TRI,TN,ASO,ES,Combined TRACON& Tower with Radar,2,42,33,0,77,0,2,42,0,44,2,44,75,0,121,43,0,43,164
07/29/2010,TRI,TN,ASO,ES,Combined TRACON& Tower with Radar,2,42,21,0,65,0,2,28,0,30,2,44,49,0,95,0,0,0,95
07/30/2010,TRI,TN,ASO,ES,Combined TRACON& Tower with Radar,2,46,27,0,75,0,6,52,2,60,2,52,79,2,135,36,0,36,171
07/31/2010,TRI,TN,ASO,ES,Combined TRACON& Tower with Radar,2,27,19,0,48,0,4,17,0,21,2,31,36,0,69,40,0,40,109
08/01/2010,TRI,TN,ASO,ES,Combined TRACON& Tower with Radar,2,39,27,0,68,0,0,17,0,17,2,39,44,0,85,14,0,14,99
08/02/2010,TRI,TN,ASO,ES,Combined TRACON& Tower with Radar,2,35,35,0,72,0,2,37,5,44,2,37,72,5,116,33,0,33,149
08/03/2010,TRI,TN,ASO,ES,Combined TRACON& Tower with Radar,4,37,23,8,72,0,0,30,0,30,4,37,53,8,102,7,0,7,109
08/04/2010,TRI,TN,ASO,ES,Combined TRACON& Tower with Radar,2,40,46,0,88,0,4,22,0,26,2,44,68,0,114,32,0,32,146
08/05/2010,TRI,TN,ASO,ES,Combined TRACON& Tower with Radar,2,47,24,0,73,0,0,9,0,9,2,47,33,0,82,20,0,20,102
08/06/2010,TRI,TN,ASO,ES,Combined TRACON& Tower with Radar,4,48,33,0,85,0,0,39,0,39,4,48,72,0,124,28,0,28,152
08/07/2010,TRI,TN,ASO,ES,Combined TRACON& Tower with Radar,2,25,20,0,47,0,0,50,0,50,2,25,70,0,97,46,0,46,143
08/08/2010,TRI,TN,ASO,ES,Combined TRACON& Tower with Radar,2,36,24,0,62,0,1,29,1,31,2,37,53,1,93,2,0,2,95
08/09/2010,TRI,TN,ASO,ES,Combined TRACON& Tower with Radar,2,44,34,0,80,0,0,17,0,17,2,44,51,0,97,46,0,46,143
08/10/2010,TRI,TN,ASO,ES,Combined TRACON& Tower with Radar,0,44,30,0,74,0,0,23,0,23,0,44,53,0,97,32,0,32,129
08/11/2010,TRI,TN,ASO,ES,Combined TRACON& Tower with Radar,2,41,29,0,72,0,2,8,0,10,2,43,37,0,82,10,0,10,92
08/12/2010,TRI,TN,ASO,ES,Combined TRACON& Tower with Radar,6,42,27,0,75,0,3,20,3,26,6,45,47,3,101,12,0,12,113
08/13/2010,TRI,TN,ASO,ES,Combined TRACON& Tower with Radar,4,44,29,0,77,0,2,29,1,32,4,46,58,1,109,14,0,14,123
08/14/2010,TRI,TN,ASO,ES,Combined TRACON& Tower with Radar,4,27,15,0,46,0,1,31,3,35,4,28,46,3,81,54,0,54,135
08/15/2010,TRI,TN,ASO,ES,Combined TRACON& Tower with Radar,2,34,23,0,59,0,0,19,0,19,2,34,42,0,78,36,0,36,114
08/16/2010,TRI,TN,ASO,ES,Combined TRACON& Tower with Radar,2,42,19,0,63,0,0,20,0,20,2,42,39,0,83,10,0,10,93
08/17/2010,TRI,TN,ASO,ES,Combined TRACON& Tower with Radar,0,41,36,0,77,0,0,27,0,27,0,41,63,0,104,20,0,20,124
08/18/2010,TRI,TN,ASO,ES,Combined TRACON& Tower with Radar,2,48,56,0,106,0,0,18,0,18,2,48,74,0,124,27,0,27,151
08/19/2010,TRI,TN,ASO,ES,Combined TRACON& Tower with Radar,4,57,74,1,136,0,0,7,0,7,4,57,81,1,143,0,0,0,143
08/20/2010,TRI,TN,ASO,ES,Combined TRACON& Tower with Radar,6,42,88,3,139,0,2,95,4,101,6,44,183,7,240,28,0,28,268
08/21/2010,TRI,TN,ASO,ES,Combined TRACON& Tower with Radar,0,38,126,0,164,0,4,117,4,125,0,42,243,4,289,65,0,65,354
08/22/2010,TRI,TN,ASO,ES,Combined TRACON& Tower with Radar,12,45,64,3,124,0,1,39,2,42,12,46,103,5,166,38,0,38,204
08/23/2010,TRI,TN,ASO,ES,Combined TRACON& Tower with Radar,4,38,29,2,73,0,4,23,1,28,4,42,52,3,101,56,0,56,157
08/24/2010,TRI,TN,ASO,ES,Combined TRACON& Tower with Radar,0,40,31,0,71,0,8,32,0,40,0,48,63,0,111,66,0,66,177
08/25/2010,TRI,TN,ASO,ES,Combined TRACON& Tower with Radar,0,40,33,1,74,0,4,34,0,38,0,44,67,1,112,100,0,100,212
08/26/2010,TRI,TN,ASO,ES,Combined TRACON& Tower with Radar,2,41,36,0,79,0,7,42,1,50,2,48,78,1,129,68,0,68,197
08/27/2010,TRI,TN,ASO,ES,Combined TRACON& Tower with Radar,2,41,32,0,75,0,2,46,0,48,2,43,78,0,123,8,0,8,131
08/28/2010,TRI,TN,ASO,ES,Combined TRACON& Tower with Radar,0,27,12,3,42,0,0,68,0,68,0,27,80,3,110,72,0,72,182
08/29/2010,TRI,TN,ASO,ES,Combined TRACON& Tower with Radar,2,33,19,1,55,0,4,45,0,49,2,37,64,1,104,94,0,94,198
08/30/2010,TRI,TN,ASO,ES,Combined TRACON& Tower with Radar,2,41,32,0,75,0,5,46,1,52,2,46,78,1,127,66,0,66,193
08/31/2010,TRI,TN,ASO,ES,Combined TRACON& Tower with Radar,0,39,24,0,63,0,3,34,0,37,0,42,58,0,100,44,0,44,144
09/01/2010,TRI,TN,ASO,ES,Combined TRACON& Tower with Radar,2,45,25,4,76,0,0,41,0,41,2,45,66,4,117,20,0,20,137
09/02/2010,TRI,TN,ASO,ES,Combined TRACON& Tower with Radar,4,43,20,0,67,0,7,47,0,54,4,50,67,0,121,73,0,73,194
09/03/2010,TRI,TN,ASO,ES,Combined TRACON& Tower with Radar,5,40,38,1,84,0,3,40,1,44,5,43,78,2,128,42,0,42,170
09/04/2010,TRI,TN,ASO,ES,Combined TRACON& Tower with Radar,0,30,11,0,41,0,0,57,0,57,0,30,68,0,98,26,0,26,124
09/05/2010,TRI,TN,ASO,ES,Combined TRACON& Tower with Radar,4,26,9,0,39,0,0,51,2,53,4,26,60,2,92,85,0,85,177
09/06/2010,TRI,TN,ASO,ES,Combined TRACON& Tower with Radar,4,33,31,0,68,0,0,38,1,39,4,33,69,1,107,16,0,16,123
09/07/2010,TRI,TN,ASO,ES,Combined TRACON& Tower with Radar,0,38,25,10,73,0,2,50,2,54,0,40,75,12,127,60,0,60,187
09/08/2010,TRI,TN,ASO,ES,Combined TRACON& Tower with Radar,0,37,35,0,72,0,3,4,0,7,0,40,39,0,79,22,0,22,101
09/09/2010,TRI,TN,ASO,ES,Combined TRACON& Tower with Radar,2,43,25,0,70,0,5,30,2,37,2,48,55,2,107,19,0,19,126
09/10/2010,TRI,TN,ASO,ES,Combined TRACON& Tower with Radar,2,40,25,2,69,0,3,52,0,55,2,43,77,2,124,60,0,60,184
09/11/2010,TRI,TN,ASO,ES,Combined TRACON& Tower with Radar,0,23,25,1,49,0,0,2,0,2,0,23,27,1,51,12,0,12,63
09/12/2010,TRI,TN,ASO,ES,Combined TRACON& Tower with Radar,5,40,20,0,65,0,2,27,1,30,5,42,47,1,95,31,0,31,126
09/13/2010,TRI,TN,ASO,ES,Combined TRACON& Tower with Radar,3,46,28,1,78,0,2,38,7,47,3,48,66,8,125,54,0,54,179
09/14/2010,TRI,TN,ASO,ES,Combined TRACON& Tower with Radar,0,41,27,0,68,0,1,44,4,49,0,42,71,4,117,26,0,26,143
09/15/2010,TRI,TN,ASO,ES,Combined TRACON& Tower with Radar,2,44,24,0,70,0,0,47,2,49,2,44,71,2,119,54,0,54,173
09/16/2010,TRI,TN,ASO,ES,Combined TRACON& Tower with Radar,2,43,29,0,74,0,1,24,4,29,2,44,53,4,103,12,0,12,115
09/17/2010,TRI,TN,ASO,ES,Combined TRACON& Tower with Radar,2,44,39,2,87,0,3,59,0,62,2,47,98,2,149,138,0,138,287
09/18/2010,TRI,TN,ASO,ES,Combined TRACON& Tower with Radar,0,23,24,0,47,0,1,44,0,45,0,24,68,0,92,81,0,81,173
09/19/2010,TRI,TN,ASO,ES,Combined TRACON& Tower with Radar,2,34,27,0,63,0,0,26,0,26,2,34,53,0,89,30,0,30,119
09/20/2010,TRI,TN,ASO,ES,Combined TRACON& Tower with Radar,2,39,16,0,57,0,4,6,0,10,2,43,22,0,67,14,0,14,81
09/21/2010,TRI,TN,ASO,ES,Combined TRACON& Tower with Radar,0,47,25,0,72,0,4,26,0,30,0,51,51,0,102,54,0,54,156
09/22/2010,TRI,TN,ASO,ES,Combined TRACON& Tower with Radar,3,44,21,0,68,0,2,12,0,14,3,46,33,0,82,2,0,2,84
09/23/2010,TRI,TN,ASO,ES,Combined TRACON& Tower with Radar,3,46,21,6,76,0,0,30,0,30,3,46,51,6,106,42,0,42,148
09/24/2010,TRI,TN,ASO,ES,Combined TRACON& Tower with Radar,2,41,38,2,83,0,0,57,0,57,2,41,95,2,140,80,0,80,220
09/25/2010,TRI,TN,ASO,ES,Combined TRACON& Tower with Radar,2,23,12,0,37,0,1,25,0,26,2,24,37,0,63,36,0,36,99
09/26/2010,TRI,TN,ASO,ES,Combined TRACON& Tower with Radar,4,33,20,0,57,0,0,1,0,1,4,33,21,0,58,2,0,2,60
09/27/2010,TRI,TN,ASO,ES,Combined TRACON& Tower with Radar,2,41,28,0,71,0,0,5,0,5,2,41,33,0,76,8,0,8,84
09/28/2010,TRI,TN,ASO,ES,Combined TRACON& Tower with Radar,0,40,23,0,63,0,0,52,4,56,0,40,75,4,119,91,0,91,210
09/29/2010,TRI,TN,ASO,ES,Combined TRACON& Tower with Radar,2,38,37,5,82,0,1,29,2,32,2,39,66,7,114,22,0,22,136
09/30/2010,TRI,TN,ASO,ES,Combined TRACON& Tower with Radar,2,40,34,4,80,0,1,15,2,18,2,41,49,6,98,62,0,62,160
10/01/2010,TRI,TN,ASO,ES,Combined TRACON& Tower with Radar,0,46,36,0,82,0,5,60,0,65,0,51,96,0,147,80,0,80,227
10/02/2010,TRI,TN,ASO,ES,Combined TRACON& Tower with Radar,0,23,24,0,47,0,0,25,0,25,0,23,49,0,72,40,0,40,112
10/03/2010,TRI,TN,ASO,ES,Combined TRACON& Tower with Radar,4,36,21,0,61,0,0,25,0,25,4,36,46,0,86,106,0,106,192
10/04/2010,TRI,TN,ASO,ES,Combined TRACON& Tower with Radar,0,37,16,0,53,0,0,11,0,11,0,37,27,0,64,6,0,6,70
10/05/2010,TRI,TN,ASO,ES,Combined TRACON& Tower with Radar,2,43,55,2,102,0,1,35,6,42,2,44,90,8,144,26,0,26,170
10/06/2010,TRI,TN,ASO,ES,Combined TRACON& Tower with Radar,2,41,33,0,76,0,1,23,1,25,2,42,56,1,101,4,0,4,105
10/07/2010,TRI,TN,ASO,ES,Combined TRACON& Tower with Radar,4,52,20,0,76,0,19,30,3,52,4,71,50,3,128,74,0,74,202
10/08/2010,TRI,TN,ASO,ES,Combined TRACON& Tower with Radar,2,43,44,0,89,0,3,58,4,65,2,46,102,4,154,58,0,58,212
10/09/2010,TRI,TN,ASO,ES,Combined TRACON& Tower with Radar,0,25,32,0,57,0,6,67,0,73,0,31,99,0,130,124,0,124,254
10/10/2010,TRI,TN,ASO,ES,Combined TRACON& Tower with Radar,4,38,14,0,56,0,5,62,0,67,4,43,76,0,123,178,0,178,301
10/11/2010,TRI,TN,ASO,ES,Combined TRACON& Tower with Radar,0,45,41,0,86,0,0,50,4,54,0,45,91,4,140,49,0,49,189
10/12/2010,TRI,TN,ASO,ES,Combined TRACON& Tower with Radar,2,40,29,0,71,0,0,74,0,74,2,40,103,0,145,70,0,70,215
10/13/2010,TRI,TN,ASO,ES,Combined TRACON& Tower with Radar,0,41,28,0,69,0,3,23,0,26,0,44,51,0,95,98,0,98,193
10/14/2010,TRI,TN,ASO,ES,Combined TRACON& Tower with Radar,4,50,32,6,92,0,0,56,0,56,4,50,88,6,148,77,0,77,225
10/15/2010,TRI,TN,ASO,ES,Combined TRACON& Tower with Radar,1,44,28,2,75,0,3,26,1,30,1,47,54,3,105,50,0,50,155
10/16/2010,TRI,TN,ASO,ES,Combined TRACON& Tower with Radar,2,25,9,0,36,0,6,28,1,35,2,31,37,1,71,70,0,70,141
10/17/2010,TRI,TN,ASO,ES,Combined TRACON& Tower with Radar,4,37,22,0,63,0,2,57,0,59,4,39,79,0,122,48,0,48,170
10/18/2010,TRI,TN,ASO,ES,Combined TRACON& Tower with Radar,0,39,29,2,70,0,0,61,0,61,0,39,90,2,131,50,0,50,181
10/19/2010,TRI,TN,ASO,ES,Combined TRACON& Tower with Radar,0,37,36,0,73,0,0,44,0,44,0,37,80,0,117,33,0,33,150
10/20/2010,TRI,TN,ASO,ES,Combined TRACON& Tower with Radar,1,51,56,0,108,0,4,26,1,31,1,55,82,1,139,23,0,23,162
10/21/2010,TRI,TN,ASO,ES,Combined TRACON& Tower with Radar,5,41,19,0,65,0,2,32,2,36,5,43,51,2,101,44,0,44,145
10/22/2010,TRI,TN,ASO,ES,Combined TRACON& Tower with Radar,0,35,42,0,77,0,2,49,0,51,0,37,91,0,128,74,0,74,202
10/23/2010,TRI,TN,ASO,ES,Combined TRACON& Tower with Radar,2,26,15,0,43,0,1,33,0,34,2,27,48,0,77,48,0,48,125
10/24/2010,TRI,TN,ASO,ES,Combined TRACON& Tower with Radar,4,31,23,0,58,0,4,49,2,55,4,35,72,2,113,26,0,26,139
10/25/2010,TRI,TN,ASO,ES,Combined TRACON& Tower with Radar,0,37,27,0,64,0,0,14,0,14,0,37,41,0,78,8,0,8,86
10/26/2010,TRI,TN,ASO,ES,Combined TRACON& Tower with Radar,0,35,28,0,63,0,0,9,1,10,0,35,37,1,73,0,0,0,73
10/27/2010,TRI,TN,ASO,ES,Combined TRACON& Tower with Radar,0,31,47,0,78,0,0,19,0,19,0,31,66,0,97,52,0,52,149
10/28/2010,TRI,TN,ASO,ES,Combined TRACON& Tower with Radar,2,43,28,0,73,0,5,35,1,41,2,48,63,1,114,83,0,83,197
10/29/2010,TRI,TN,ASO,ES,Combined TRACON& Tower with Radar,0,33,30,0,63,0,1,44,0,45,0,34,74,0,108,34,0,34,142
10/30/2010,TRI,TN,ASO,ES,Combined TRACON& Tower with Radar,0,23,17,0,40,0,1,49,1,51,0,24,66,1,91,116,0,116,207
10/31/2010,TRI,TN,ASO,ES,Combined TRACON& Tower with Radar,2,29,24,0,55,0,0,49,0,49,2,29,73,0,104,100,0,100,204
11/01/2010,TRI,TN,ASO,ES,Combined TRACON& Tower with Radar,0,35,20,0,55,0,0,27,0,27,0,35,47,0,82,36,0,36,118
11/02/2010,TRI,TN,ASO,ES,Combined TRACON& Tower with Radar,2,35,26,0,63,0,0,33,0,33,2,35,59,0,96,28,0,28,124
11/03/2010,TRI,TN,ASO,ES,Combined TRACON& Tower with Radar,0,39,25,4,68,0,0,10,0,10,0,39,35,4,78,16,0,16,94
11/04/2010,TRI,TN,ASO,ES,Combined TRACON& Tower with Radar,2,37,33,0,72,0,0,8,0,8,2,37,41,0,80,48,0,48,128
11/05/2010,TRI,TN,ASO,ES,Combined TRACON& Tower with Radar,2,41,21,0,64,0,1,4,0,5,2,42,25,0,69,51,0,51,120
11/06/2010,TRI,TN,ASO,ES,Combined TRACON& Tower with Radar,0,21,6,0,27,0,2,32,0,34,0,23,38,0,61,26,0,26,87
11/07/2010,TRI,TN,ASO,ES,Combined TRACON& Tower with Radar,4,35,24,0,63,0,1,35,0,36,4,36,59,0,99,42,0,42,141
11/08/2010,TRI,TN,ASO,ES,Combined TRACON& Tower with Radar,0,42,23,0,65,0,9,28,4,41,0,51,51,4,106,56,0,56,162
11/09/2010,TRI,TN,ASO,ES,Combined TRACON& Tower with Radar,0,37,31,0,68,0,10,48,3,61,0,47,79,3,129,156,0,156,285
11/10/2010,TRI,TN,ASO,ES,Combined TRACON& Tower with Radar,0,35,30,0,65,0,20,21,0,41,0,55,51,0,106,120,0,120,226
11/11/2010,TRI,TN,ASO,ES,Combined TRACON& Tower with Radar,2,39,30,0,71,0,8,41,0,49,2,47,71,0,120,183,0,183,303
11/12/2010,TRI,TN,ASO,ES,Combined TRACON& Tower with Radar,0,35,38,0,73,0,0,36,0,36,0,35,74,0,109,75,0,75,184
11/13/2010,TRI,TN,ASO,ES,Combined TRACON& Tower with Radar,0,23,12,0,35,0,12,45,0,57,0,35,57,0,92,112,0,112,204
11/14/2010,TRI,TN,ASO,ES,Combined TRACON& Tower with Radar,2,34,13,0,49,0,2,44,0,46,2,36,57,0,95,70,0,70,165
11/15/2010,TRI,TN,ASO,ES,Combined TRACON& Tower with Radar,0,38,23,0,61,0,0,3,0,3,0,38,26,0,64,0,0,0,64
11/16/2010,TRI,TN,ASO,ES,Combined TRACON& Tower with Radar,0,39,30,0,69,0,13,12,0,25,0,52,42,0,94,76,0,76,170
11/17/2010,TRI,TN,ASO,ES,Combined TRACON& Tower with Radar,0,38,28,16,82,0,4,33,2,39,0,42,61,18,121,72,0,72,193
11/18/2010,TRI,TN,ASO,ES,Combined TRACON& Tower with Radar,4,36,26,2,68,0,6,59,3,68,4,42,85,5,136,52,0,52,188
11/19/2010,TRI,TN,ASO,ES,Combined TRACON& Tower with Radar,0,35,17,0,52,0,4,45,0,49,0,39,62,0,101,104,0,104,205
11/20/2010,TRI,TN,ASO,ES,Combined TRACON& Tower with Radar,0,26,15,0,41,0,2,56,2,60,0,28,71,2,101,48,0,48,149
11/21/2010,TRI,TN,ASO,ES,Combined TRACON& Tower with Radar,4,33,18,0,55,0,0,43,0,43,4,33,61,0,98,42,0,42,140
11/22/2010,TRI,TN,ASO,ES,Combined TRACON& Tower with Radar,0,36,29,6,71,0,0,16,9,25,0,36,45,15,96,4,0,4,100
11/23/2010,TRI,TN,ASO,ES,Combined TRACON& Tower with Radar,2,34,26,4,66,0,2,23,0,25,2,36,49,4,91,52,0,52,143
11/24/2010,TRI,TN,ASO,ES,Combined TRACON& Tower with Radar,2,38,30,0,70,0,0,18,0,18,2,38,48,0,88,14,0,14,102
11/25/2010,TRI,TN,ASO,ES,Combined TRACON& Tower with Radar,2,22,7,0,31,0,0,6,0,6,2,22,13,0,37,24,0,24,61
11/26/2010,TRI,TN,ASO,ES,Combined TRACON& Tower with Radar,0,28,10,0,38,0,0,10,0,10,0,28,20,0,48,21,0,21,69
11/27/2010,TRI,TN,ASO,ES,Combined TRACON& Tower with Radar,0,30,20,4,54,0,0,34,0,34,0,30,54,4,88,22,0,22,110
11/28/2010,TRI,TN,ASO,ES,Combined TRACON& Tower with Radar,3,35,25,2,65,0,0,45,0,45,3,35,70,2,110,56,0,56,166
11/29/2010,TRI,TN,ASO,ES,Combined TRACON& Tower with Radar,0,39,29,0,68,0,0,19,0,19,0,39,48,0,87,8,0,8,95
11/30/2010,TRI,TN,ASO,ES,Combined TRACON& Tower with Radar,0,35,22,0,57,0,0,11,0,11,0,35,33,0,68,22,0,22,90
12/01/2010,TRI,TN,ASO,ES,Combined TRACON& Tower with Radar,0,35,40,0,75,0,3,7,0,10,0,38,47,0,85,4,0,4,89
12/02/2010,TRI,TN,ASO,ES,Combined TRACON& Tower with Radar,4,41,31,0,76,0,2,33,2,37,4,43,64,2,113,32,0,32,145
12/03/2010,TRI,TN,ASO,ES,Combined TRACON& Tower with Radar,4,36,26,4,70,0,1,23,0,24,4,37,49,4,94,86,0,86,180
12/04/2010,TRI,TN,ASO,ES,Combined TRACON& Tower with Radar,2,25,7,3,37,0,0,0,0,0,2,25,7,3,37,0,0,0,37
12/05/2010,TRI,TN,ASO,ES,Combined TRACON& Tower with Radar,6,30,10,1,47,0,0,6,0,6,6,30,16,1,53,28,0,28,81
12/06/2010,TRI,TN,ASO,ES,Combined TRACON& Tower with Radar,0,35,30,1,66,0,0,5,0,5,0,35,35,1,71,61,0,61,132
12/07/2010,TRI,TN,ASO,ES,Combined TRACON& Tower with Radar,0,41,32,2,75,0,0,15,1,16,0,41,47,3,91,68,0,68,159
12/08/2010,TRI,TN,ASO,ES,Combined TRACON& Tower with Radar,0,38,33,0,71,0,0,20,0,20,0,38,53,0,91,28,0,28,119
12/09/2010,TRI,TN,ASO,ES,Combined TRACON& Tower with Radar,4,36,25,7,72,0,6,33,2,41,4,42,58,9,113,224,0,224,337
12/10/2010,TRI,TN,ASO,ES,Combined TRACON& Tower with Radar,2,35,25,2,64,0,2,27,0,29,2,37,52,2,93,30,0,30,123
12/11/2010,TRI,TN,ASO,ES,Combined TRACON& Tower with Radar,2,19,3,4,28,0,0,20,1,21,2,19,23,5,49,12,0,12,61
12/12/2010,TRI,TN,ASO,ES,Combined TRACON& Tower with Radar,4,28,4,0,36,0,0,0,0,0,4,28,4,0,36,0,0,0,36
12/13/2010,TRI,TN,ASO,ES,Combined TRACON& Tower with Radar,0,32,29,0,61,0,0,0,0,0,0,32,29,0,61,0,0,0,61
12/14/2010,TRI,TN,ASO,ES,Combined TRACON& Tower with Radar,0,38,35,0,73,0,0,23,0,23,0,38,58,0,96,0,0,0,96
12/15/2010,TRI,TN,ASO,ES,Combined TRACON& Tower with Radar,0,39,25,0,64,0,1,20,0,21,0,40,45,0,85,42,0,42,127
12/16/2010,TRI,TN,ASO,ES,Combined TRACON& Tower with Radar,4,32,18,0,54,0,0,0,0,0,4,32,18,0,54,0,0,0,54
12/17/2010,TRI,TN,ASO,ES,Combined TRACON& Tower with Radar,0,35,34,0,69,0,0,17,2,19,0,35,51,2,88,28,0,28,116
12/18/2010,TRI,TN,ASO,ES,Combined TRACON& Tower with Radar,0,27,10,0,37,0,0,34,0,34,0,27,44,0,71,91,0,91,162
12/19/2010,TRI,TN,ASO,ES,Combined TRACON& Tower with Radar,4,32,15,0,51,0,0,37,0,37,4,32,52,0,88,76,0,76,164
12/20/2010,TRI,TN,ASO,ES,Combined TRACON& Tower with Radar,0,40,27,4,71,0,2,29,0,31,0,42,56,4,102,58,0,58,160
12/21/2010,TRI,TN,ASO,ES,Combined TRACON& Tower with Radar,2,33,13,0,48,0,0,0,0,0,2,33,13,0,48,8,0,8,56
12/22/2010,TRI,TN,ASO,ES,Combined TRACON& Tower with Radar,0,38,17,0,55,0,0,5,0,5,0,38,22,0,60,4,0,4,64
12/23/2010,TRI,TN,ASO,ES,Combined TRACON& Tower with Radar,4,35,14,0,53,0,0,20,0,20,4,35,34,0,73,42,0,42,115
12/24/2010,TRI,TN,ASO,ES,Combined TRACON& Tower with Radar,0,30,7,0,37,0,0,14,0,14,0,30,21,0,51,10,0,10,61
12/25/2010,TRI,TN,ASO,ES,Combined TRACON& Tower with Radar,0,10,2,0,12,0,0,1,0,1,0,10,3,0,13,0,0,0,13
12/26/2010,TRI,TN,ASO,ES,Combined TRACON& Tower with Radar,3,24,7,0,34,0,0,0,0,0,3,24,7,0,34,0,0,0,34
12/27/2010,TRI,TN,ASO,ES,Combined TRACON& Tower with Radar,0,34,17,0,51,0,0,8,0,8,0,34,25,0,59,4,0,4,63
12/28/2010,TRI,TN,ASO,ES,Combined TRACON& Tower with Radar,2,38,25,0,65,0,6,42,3,51,2,44,67,3,116,36,0,36,152
12/29/2010,TRI,TN,ASO,ES,Combined TRACON& Tower with Radar,0,34,14,0,48,0,5,15,0,20,0,39,29,0,68,74,0,74,142
12/30/2010,TRI,TN,ASO,ES,Combined TRACON& Tower with Radar,4,36,22,0,62,0,5,27,1,33,4,41,49,1,95,51,0,51,146
12/31/2010,TRI,TN,ASO,ES,Combined TRACON& Tower with Radar,0,26,22,0,48,0,0,57,0,57,0,26,79,0,105,75,0,75,180
01/01/2011,TRI,TN,ASO,ES,Combined TRACON& Tower with Radar,0,25,4,0,29,0,0,0,0,0,0,25,4,0,29,0,0,0,29
01/02/2011,TRI,TN,ASO,ES,Combined TRACON& Tower with Radar,4,32,29,0,65,0,0,13,0,13,4,32,42,0,78,12,0,12,90
01/03/2011,TRI,TN,ASO,ES,Combined TRACON& Tower with Radar,0,35,13,0,48,0,0,21,0,21,0,35,34,0,69,23,0,23,92
01/04/2011,TRI,TN,ASO,ES,Combined TRACON& Tower with Radar,3,37,13,0,53,0,0,14,3,17,3,37,27,3,70,59,0,59,129
01/05/2011,TRI,TN,ASO,ES,Combined TRACON& Tower with Radar,0,36,18,0,54,0,0,22,0,22,0,36,40,0,76,28,0,28,104
01/06/2011,TRI,TN,ASO,ES,Combined TRACON& Tower with Radar,4,33,13,0,50,0,0,16,2,18,4,33,29,2,68,85,0,85,153
01/07/2011,TRI,TN,ASO,ES,Combined TRACON& Tower with Radar,2,39,11,0,52,0,0,0,0,0,2,39,11,0,52,0,0,0,52
01/08/2011,TRI,TN,ASO,ES,Combined TRACON& Tower with Radar,0,31,2,0,33,0,0,3,0,3,0,31,5,0,36,2,0,2,38
01/09/2011,TRI,TN,ASO,ES,Combined TRACON& Tower with Radar,3,34,14,2,53,0,2,26,0,28,3,36,40,2,81,40,0,40,121
01/10/2011,TRI,TN,ASO,ES,Combined TRACON& Tower with Radar,2,6,11,0,19,0,0,0,0,0,2,6,11,0,19,0,0,0,19
01/11/2011,TRI,TN,ASO,ES,Combined TRACON& Tower with Radar,0,11,9,0,20,0,0,3,0,3,0,11,12,0,23,0,0,0,23
01/12/2011,TRI,TN,ASO,ES,Combined TRACON& Tower with Radar,0,36,22,0,58,0,0,9,0,9,0,36,31,0,67,8,0,8,75
01/13/2011,TRI,TN,ASO,ES,Combined TRACON& Tower with Radar,4,38,19,0,61,0,0,6,0,6,4,38,25,0,67,2,0,2,69
01/14/2011,TRI,TN,ASO,ES,Combined TRACON& Tower with Radar,0,41,25,0,66,0,4,42,3,49,0,45,67,3,115,50,0,50,165
01/15/2011,TRI,TN,ASO,ES,Combined TRACON& Tower with Radar,0,25,9,0,34,0,1,57,4,62,0,26,66,4,96,48,0,48,144
01/16/2011,TRI,TN,ASO,ES,Combined TRACON& Tower with Radar,4,31,9,0,44,0,0,32,2,34,4,31,41,2,78,16,0,16,94
01/17/2011,TRI,TN,ASO,ES,Combined TRACON& Tower with Radar,0,39,21,0,60,0,0,17,0,17,0,39,38,0,77,23,0,23,100
01/18/2011,TRI,TN,ASO,ES,Combined TRACON& Tower with Radar,1,36,33,0,70,0,0,17,0,17,1,36,50,0,87,33,0,33,120
01/19/2011,TRI,TN,ASO,ES,Combined TRACON& Tower with Radar,0,35,26,0,61,0,0,9,0,9,0,35,35,0,70,42,0,42,112
01/20/2011,TRI,TN,ASO,ES,Combined TRACON& Tower with Radar,5,42,28,0,75,0,0,36,0,36,5,42,64,0,111,43,0,43,154
01/21/2011,TRI,TN,ASO,ES,Combined TRACON& Tower with Radar,0,36,12,0,48,0,2,29,1,32,0,38,41,1,80,34,0,34,114
01/22/2011,TRI,TN,ASO,ES,Combined TRACON& Tower with Radar,2,26,17,0,45,0,0,42,0,42,2,26,59,0,87,52,0,52,139
01/23/2011,TRI,TN,ASO,ES,Combined TRACON& Tower with Radar,2,37,12,2,53,0,0,41,0,41,2,37,53,2,94,58,0,58,152
01/24/2011,TRI,TN,ASO,ES,Combined TRACON& Tower with Radar,0,37,19,8,64,0,1,17,0,18,0,38,36,8,82,42,0,42,124
01/25/2011,TRI,TN,ASO,ES,Combined TRACON& Tower with Radar,0,49,17,0,66,0,1,24,4,29,0,50,41,4,95,27,0,27,122
01/26/2011,TRI,TN,ASO,ES,Combined TRACON& Tower with Radar,2,35,14,0,51,0,0,1,0,1,2,35,15,0,52,0,0,0,52
01/27/2011,TRI,TN,ASO,ES,Combined TRACON& Tower with Radar,4,43,19,0,66,0,0,26,0,26,4,43,45,0,92,68,0,68,160
01/28/2011,TRI,TN,ASO,ES,Combined TRACON& Tower with Radar,0,40,15,0,55,0,0,20,0,20,0,40,35,0,75,32,0,32,107
01/29/2011,TRI,TN,ASO,ES,Combined TRACON& Tower with Radar,0,27,5,0,32,0,0,52,0,52,0,27,57,0,84,87,0,87,171
01/30/2011,TRI,TN,ASO,ES,Combined TRACON& Tower with Radar,6,34,11,0,51,0,0,44,1,45,6,34,55,1,96,41,0,41,137
01/31/2011,TRI,TN,ASO,ES,Combined TRACON& Tower with Radar,0,38,21,1,60,0,0,10,2,12,0,38,31,3,72,24,0,24,96
02/01/2011,TRI,TN,ASO,ES,Combined TRACON& Tower with Radar,0,31,19,2,52,0,1,20,3,24,0,32,39,5,76,22,0,22,98
02/02/2011,TRI,TN,ASO,ES,Combined TRACON& Tower with Radar,0,31,10,0,41,0,1,3,3,7,0,32,13,3,48,0,0,0,48
02/03/2011,TRI,TN,ASO,ES,Combined TRACON& Tower with Radar,2,34,20,0,56,0,2,21,0,23,2,36,41,0,79,79,0,79,158
02/04/2011,TRI,TN,ASO,ES,Combined TRACON& Tower with Radar,4,33,21,0,58,0,0,19,0,19,4,33,40,0,77,88,0,88,165
02/05/2011,TRI,TN,ASO,ES,Combined TRACON& Tower with Radar,0,25,7,0,32,0,2,11,1,14,0,27,18,1,46,18,0,18,64
02/06/2011,TRI,TN,ASO,ES,Combined TRACON& Tower with Radar,2,31,11,0,44,0,0,22,3,25,2,31,33,3,69,92,0,92,161
02/07/2011,TRI,TN,ASO,ES,Combined TRACON& Tower with Radar,4,41,22,0,67,0,0,8,0,8,4,41,30,0,75,40,0,40,115
02/08/2011,TRI,TN,ASO,ES,Combined TRACON& Tower with Radar,0,35,25,0,60,0,0,18,8,26,0,35,43,8,86,16,0,16,102
02/09/2011,TRI,TN,ASO,ES,Combined TRACON& Tower with Radar,0,37,27,0,64,0,2,16,2,20,0,39,43,2,84,72,0,72,156
02/10/2011,TRI,TN,ASO,ES,Combined TRACON& Tower with Radar,2,40,21,0,63,0,0,28,4,32,2,40,49,4,95,22,0,22,117
02/11/2011,TRI,TN,ASO,ES,Combined TRACON& Tower with Radar,2,30,19,0,51,0,0,21,4,25,2,30,40,4,76,40,0,40,116
02/12/2011,TRI,TN,ASO,ES,Combined TRACON& Tower with Radar,0,24,9,2,35,0,0,32,0,32,0,24,41,2,67,45,0,45,112
02/13/2011,TRI,TN,ASO,ES,Combined TRACON& Tower with Radar,2,35,13,0,50,0,2,31,0,33,2,37,44,0,83,57,0,57,140
02/14/2011,TRI,TN,ASO,ES,Combined TRACON& Tower with Radar,2,35,15,0,52,0,0,20,3,23,2,35,35,3,75,2,0,2,77
02/15/2011,TRI,TN,ASO,ES,Combined TRACON& Tower with Radar,0,34,23,0,57,0,1,53,3,57,0,35,76,3,114,51,0,51,165
02/16/2011,TRI,TN,ASO,ES,Combined TRACON& Tower with Radar,0,38,45,0,83,0,0,35,2,37,0,38,80,2,120,52,0,52,172
02/17/2011,TRI,TN,ASO,ES,Combined TRACON& Tower with Radar,3,45,39,0,87,0,0,65,0,65,3,45,104,0,152,52,0,52,204
02/18/2011,TRI,TN,ASO,ES,Combined TRACON& Tower with Radar,2,37,40,2,81,0,0,32,2,34,2,37,72,4,115,26,0,26,141
02/19/2011,TRI,TN,ASO,ES,Combined TRACON& Tower with Radar,2,25,14,0,41,0,0,60,0,60,2,25,74,0,101,112,0,112,213
02/20/2011,TRI,TN,ASO,ES,Combined TRACON& Tower with Radar,2,29,11,2,44,0,2,50,2,54,2,31,61,4,98,109,0,109,207
02/21/2011,TRI,TN,ASO,ES,Combined TRACON& Tower with Radar,2,36,30,0,68,0,3,20,0,23,2,39,50,0,91,46,0,46,137
02/22/2011,TRI,TN,ASO,ES,Combined TRACON& Tower with Radar,0,37,20,0,57,0,5,23,1,29,0,42,43,1,86,36,0,36,122
02/23/2011,TRI,TN,ASO,ES,Combined TRACON& Tower with Radar,0,36,47,0,83,0,1,37,0,38,0,37,84,0,121,74,0,74,195
02/24/2011,TRI,TN,ASO,ES,Combined TRACON& Tower with Radar,2,38,19,2,61,0,0,0,0,0,2,38,19,2,61,6,0,6,67
02/25/2011,TRI,TN,ASO,ES,Combined TRACON& Tower with Radar,1,38,19,0,58,0,2,9,0,11,1,40,28,0,69,0,0,0,69
02/26/2011,TRI,TN,ASO,ES,Combined TRACON& Tower with Radar,0,23,15,0,38,0,0,45,2,47,0,23,60,2,85,52,0,52,137
02/27/2011,TRI,TN,ASO,ES,Combined TRACON& Tower with Radar,2,31,10,0,43,0,0,22,0,22,2,31,32,0,65,46,0,46,111
02/28/2011,TRI,TN,ASO,ES,Combined TRACON& Tower with Radar,1,37,12,0,50,0,0,4,1,5,1,37,16,1,55,0,0,0,55
03/01/2011,TRI,TN,ASO,ES,Combined TRACON& Tower with Radar,2,38,37,11,88,0,1,74,2,77,2,39,111,13,165,157,0,157,322
03/02/2011,TRI,TN,ASO,ES,Combined TRACON& Tower with Radar,0,36,36,8,80,0,0,53,3,56,0,36,89,11,136,106,0,106,242
03/03/2011,TRI,TN,ASO,ES,Combined TRACON& Tower with Radar,3,35,25,2,65,0,0,31,4,35,3,35,56,6,100,64,0,64,164
03/04/2011,TRI,TN,ASO,ES,Combined TRACON& Tower with Radar,4,34,12,2,52,0,3,18,2,23,4,37,30,4,75,30,0,30,105
03/05/2011,TRI,TN,ASO,ES,Combined TRACON& Tower with Radar,0,24,6,0,30,0,1,21,0,22,0,25,27,0,52,90,0,90,142
03/06/2011,TRI,TN,ASO,ES,Combined TRACON& Tower with Radar,4,33,5,2,44,0,0,0,1,1,4,33,5,3,45,0,0,0,45
03/07/2011,TRI,TN,ASO,ES,Combined TRACON& Tower with Radar,2,34,20,0,56,0,0,20,12,32,2,34,40,12,88,24,0,24,112
03/08/2011,TRI,TN,ASO,ES,Combined TRACON& Tower with Radar,0,35,30,0,65,0,0,67,0,67,0,35,97,0,132,45,0,45,177
03/09/2011,TRI,TN,ASO,ES,Combined TRACON& Tower with Radar,0,35,8,0,43,0,0,0,0,0,0,35,8,0,43,0,0,0,43
03/10/2011,TRI,TN,ASO,ES,Combined TRACON& Tower with Radar,2,38,13,0,53,0,0,0,2,2,2,38,13,2,55,10,0,10,65
03/11/2011,TRI,TN,ASO,ES,Combined TRACON& Tower with Radar,2,33,22,0,57,0,1,31,0,32,2,34,53,0,89,70,0,70,159
03/12/2011,TRI,TN,ASO,ES,Combined TRACON& Tower with Radar,0,20,11,0,31,0,0,48,4,52,0,20,59,4,83,64,0,64,147
03/13/2011,TRI,TN,ASO,ES,Combined TRACON& Tower with Radar,2,28,7,0,37,0,0,38,8,46,2,28,45,8,83,112,0,112,195
03/14/2011,TRI,TN,ASO,ES,Combined TRACON& Tower with Radar,2,31,30,2,65,0,0,16,2,18,2,31,46,4,83,35,0,35,118
03/15/2011,TRI,TN,ASO,ES,Combined TRACON& Tower with Radar,0,36,30,0,66,0,0,18,0,18,0,36,48,0,84,22,0,22,106
03/16/2011,TRI,TN,ASO,ES,Combined TRACON& Tower with Radar,1,37,32,1,71,0,0,36,3,39,1,37,68,4,110,64,0,64,174
03/17/2011,TRI,TN,ASO,ES,Combined TRACON& Tower with Radar,5,33,51,0,89,0,3,56,0,59,5,36,107,0,148,66,0,66,214
03/18/2011,TRI,TN,ASO,ES,Combined TRACON& Tower with Radar,9,38,50,2,99,0,0,35,2,37,9,38,85,4,136,12,0,12,148
03/19/2011,TRI,TN,ASO,ES,Combined TRACON& Tower with Radar,2,28,44,0,74,0,1,70,6,77,2,29,114,6,151,50,0,50,201
03/20/2011,TRI,TN,ASO,ES,Combined TRACON& Tower with Radar,4,44,92,0,140,0,3,101,3,107,4,47,193,3,247,9,0,9,256
03/21/2011,TRI,TN,ASO,ES,Combined TRACON& Tower with Radar,6,36,33,0,75,0,1,25,0,26,6,37,58,0,101,22,0,22,123
03/22/2011,TRI,TN,ASO,ES,Combined TRACON& Tower with Radar,0,39,22,0,61,0,1,44,6,51,0,40,66,6,112,32,0,32,144
03/23/2011,TRI,TN,ASO,ES,Combined TRACON& Tower with Radar,2,37,33,0,72,0,0,14,0,14,2,37,47,0,86,8,0,8,94
03/24/2011,TRI,TN,ASO,ES,Combined TRACON& Tower with Radar,2,39,36,2,79,0,2,15,0,17,2,41,51,2,96,18,0,18,114
03/25/2011,TRI,TN,ASO,ES,Combined TRACON& Tower with Radar,2,36,20,0,58,0,0,25,2,27,2,36,45,2,85,42,0,42,127
03/26/2011,TRI,TN,ASO,ES,Combined TRACON& Tower with Radar,0,23,1,2,26,0,0,8,2,10,0,23,9,4,36,15,0,15,51
03/27/2011,TRI,TN,ASO,ES,Combined TRACON& Tower with Radar,2,35,12,0,49,0,3,2,0,5,2,38,14,0,54,1,0,1,55
03/28/2011,TRI,TN,ASO,ES,Combined TRACON& Tower with Radar,2,36,19,4,61,0,0,10,0,10,2,36,29,4,71,10,0,10,81
03/29/2011,TRI,TN,ASO,ES,Combined TRACON& Tower with Radar,0,37,13,1,51,0,3,56,2,61,0,40,69,3,112,81,0,81,193
03/30/2011,TRI,TN,ASO,ES,Combined TRACON& Tower with Radar,2,35,24,2,63,0,0,6,0,6,2,35,30,2,69,38,0,38,107
03/31/2011,TRI,TN,ASO,ES,Combined TRACON& Tower with Radar,0,33,23,0,56,0,0,12,0,12,0,33,35,0,68,32,0,32,100
04/01/2011,TRI,TN,ASO,ES,Combined TRACON& Tower with Radar,4,28,33,0,65,0,2,22,2,26,4,30,55,2,91,46,0,46,137
04/02/2011,TRI,TN,ASO,ES,Combined TRACON& Tower with Radar,2,19,9,0,30,0,4,29,0,33,2,23,38,0,63,30,0,30,93
04/03/2011,TRI,TN,ASO,ES,Combined TRACON& Tower with Radar,4,32,22,0,58,0,0,49,0,49,4,32,71,0,107,108,0,108,215
04/04/2011,TRI,TN,ASO,ES,Combined TRACON& Tower with Radar,2,32,12,2,48,0,0,19,6,25,2,32,31,8,73,6,0,6,79
04/05/2011,TRI,TN,ASO,ES,Combined TRACON& Tower with Radar,0,33,15,0,48,0,0,9,3,12,0,33,24,3,60,8,0,8,68
04/06/2011,TRI,TN,ASO,ES,Combined TRACON& Tower with Radar,2,37,32,2,73,0,1,39,6,46,2,38,71,8,119,58,0,58,177
04/07/2011,TRI,TN,ASO,ES,Combined TRACON& Tower with Radar,2,39,23,0,64,0,2,69,9,80,2,41,92,9,144,112,0,112,256
04/08/2011,TRI,TN,ASO,ES,Combined TRACON& Tower with Radar,2,35,26,2,65,0,0,44,2,46,2,35,70,4,111,62,0,62,173
04/09/2011,TRI,TN,ASO,ES,Combined TRACON& Tower with Radar,4,17,8,0,29,0,0,20,5,25,4,17,28,5,54,46,0,46,100
04/10/2011,TRI,TN,ASO,ES,Combined TRACON& Tower with Radar,2,33,24,0,59,0,1,48,5,54,2,34,72,5,113,119,0,119,232
04/11/2011,TRI,TN,ASO,ES,Combined TRACON& Tower with Radar,2,35,16,0,53,0,2,18,3,23,2,37,34,3,76,36,0,36,112
04/12/2011,TRI,TN,ASO,ES,Combined TRACON& Tower with Radar,1,33,14,2,50,0,0,6,1,7,1,33,20,3,57,0,0,0,57
04/13/2011,TRI,TN,ASO,ES,Combined TRACON& Tower with Radar,3,36,46,2,87,0,1,51,3,55,3,37,97,5,142,88,0,88,230
04/14/2011,TRI,TN,ASO,ES,Combined TRACON& Tower with Radar,2,33,49,0,84,0,0,64,2,66,2,33,113,2,150,68,0,68,218
04/15/2011,TRI,TN,ASO,ES,Combined TRACON& Tower with Radar,2,30,18,0,50,0,0,8,6,14,2,30,26,6,64,24,0,24,88
04/16/2011,TRI,TN,ASO,ES,Combined TRACON& Tower with Radar,0,18,11,0,29,0,0,9,0,9,0,18,20,0,38,33,0,33,71
04/17/2011,TRI,TN,ASO,ES,Combined TRACON& Tower with Radar,2,32,8,0,42,0,0,43,2,45,2,32,51,2,87,48,0,48,135
04/18/2011,TRI,TN,ASO,ES,Combined TRACON& Tower with Radar,2,33,23,8,66,0,0,27,2,29,2,33,50,10,95,54,0,54,149
04/19/2011,TRI,TN,ASO,ES,Combined TRACON& Tower with Radar,0,31,28,0,59,0,8,45,5,58,0,39,73,5,117,94,0,94,211
04/20/2011,TRI,TN,ASO,ES,Combined TRACON& Tower with Radar,2,32,22,4,60,0,8,10,1,19,2,40,32,5,79,60,0,60,139
04/21/2011,TRI,TN,ASO,ES,Combined TRACON& Tower with Radar,2,37,44,0,83,0,5,45,7,57,2,42,89,7,140,114,0,114,254
04/22/2011,TRI,TN,ASO,ES,Combined TRACON& Tower with Radar,0,35,8,0,43,0,0,33,6,39,0,35,41,6,82,58,0,58,140
04/23/2011,TRI,TN,ASO,ES,Combined TRACON& Tower with Radar,2,19,7,0,28,0,8,68,2,78,2,27,75,2,106,100,0,100,206
04/24/2011,TRI,TN,ASO,ES,Combined TRACON& Tower with Radar,4,29,10,0,43,0,2,13,2,17,4,31,23,2,60,26,0,26,86
04/25/2011,TRI,TN,ASO,ES,Combined TRACON& Tower with Radar,2,32,25,0,59,0,6,28,6,40,2,38,53,6,99,52,0,52,151
04/26/2011,TRI,TN,ASO,ES,Combined TRACON& Tower with Radar,0,35,16,0,51,0,2,42,6,50,0,37,58,6,101,59,0,59,160
04/27/2011,TRI,TN,ASO,ES,Combined TRACON& Tower with Radar,0,25,19,0,44,0,0,2,3,5,0,25,21,3,49,16,0,16,65
04/28/2011,TRI,TN,ASO,ES,Combined TRACON& Tower with Radar,2,30,34,0,66,0,3,31,1,35,2,33,65,1,101,38,0,38,139
04/29/2011,TRI,TN,ASO,ES,Combined TRACON& Tower with Radar,2,34,25,0,61,0,0,25,4,29,2,34,50,4,90,30,0,30,120
04/30/2011,TRI,TN,ASO,ES,Combined TRACON& Tower with Radar,0,20,3,2,25,0,0,35,2,37,0,20,38,4,62,52,0,52,114
05/01/2011,TRI,TN,ASO,ES,Combined TRACON& Tower with Radar,2,30,8,0,40,0,0,24,2,26,2,30,32,2,66,53,0,53,119
05/02/2011,TRI,TN,ASO,ES,Combined TRACON& Tower with Radar,2,31,23,0,56,0,4,22,2,28,2,35,45,2,84,40,0,40,124
05/03/2011,TRI,TN,ASO,ES,Combined TRACON& Tower with Radar,0,35,29,0,64,0,0,17,2,19,0,35,46,2,83,8,0,8,91
05/04/2011,TRI,TN,ASO,ES,Combined TRACON& Tower with Radar,0,39,29,0,68,0,0,17,1,18,0,39,46,1,86,26,0,26,112
05/05/2011,TRI,TN,ASO,ES,Combined TRACON& Tower with Radar,4,34,23,2,63,0,0,47,5,52,4,34,70,7,115,44,0,44,159
05/06/2011,TRI,TN,ASO,ES,Combined TRACON& Tower with Radar,2,34,14,2,52,0,0,42,0,42,2,34,56,2,94,61,0,61,155
05/07/2011,TRI,TN,ASO,ES,Combined TRACON& Tower with Radar,0,24,11,0,35,0,1,33,2,36,0,25,44,2,71,35,0,35,106
05/08/2011,TRI,TN,ASO,ES,Combined TRACON& Tower with Radar,4,33,5,4,46,0,0,27,2,29,4,33,32,6,75,42,0,42,117
05/09/2011,TRI,TN,ASO,ES,Combined TRACON& Tower with Radar,2,35,23,0,60,0,0,34,2,36,2,35,57,2,96,14,0,14,110
05/10/2011,TRI,TN,ASO,ES,Combined TRACON& Tower with Radar,0,32,22,14,68,0,0,35,0,35,0,32,57,14,103,48,0,48,151
05/11/2011,TRI,TN,ASO,ES,Combined TRACON& Tower with Radar,0,34,29,1,64,0,0,26,6,32,0,34,55,7,96,63,0,63,159
05/12/2011,TRI,TN,ASO,ES,Combined TRACON& Tower with Radar,2,38,34,5,79,0,3,41,21,65,2,41,75,26,144,96,0,96,240
05/13/2011,TRI,TN,ASO,ES,Combined TRACON& Tower with Radar,2,38,32,4,76,0,0,26,2,28,2,38,58,6,104,50,0,50,154
05/14/2011,TRI,TN,ASO,ES,Combined TRACON& Tower with Radar,0,17,10,0,27,0,0,9,2,11,0,17,19,2,38,43,0,43,81
05/15/2011,TRI,TN,ASO,ES,Combined TRACON& Tower with Radar,2,34,28,2,66,0,0,6,1,7,2,34,34,3,73,22,0,22,95
05/16/2011,TRI,TN,ASO,ES,Combined TRACON& Tower with Radar,2,35,25,0,62,0,0,9,1,10,2,35,34,1,72,36,0,36,108
05/17/2011,TRI,TN,ASO,ES,Combined TRACON& Tower with Radar,0,39,35,0,74,0,0,5,0,5,0,39,40,0,79,43,0,43,122
05/18/2011,TRI,TN,ASO,ES,Combined TRACON& Tower with Radar,1,35,47,0,83,0,2,11,0,13,1,37,58,0,96,28,0,28,124
05/19/2011,TRI,TN,ASO,ES,Combined TRACON& Tower with Radar,5,39,37,0,81,0,1,31,4,36,5,40,68,4,117,47,0,47,164
05/20/2011,TRI,TN,ASO,ES,Combined TRACON& Tower with Radar,0,40,28,0,68,0,2,38,5,45,0,42,66,5,113,24,0,24,137
05/21/2011,TRI,TN,ASO,ES,Combined TRACON& Tower with Radar,1,27,12,1,41,0,0,47,3,50,1,27,59,4,91,60,0,60,151
05/22/2011,TRI,TN,ASO,ES,Combined TRACON& Tower with Radar,5,30,19,0,54,0,0,36,4,40,5,30,55,4,94,40,0,40,134
05/23/2011,TRI,TN,ASO,ES,Combined TRACON& Tower with Radar,0,40,20,0,60,0,1,34,2,37,0,41,54,2,97,54,0,54,151
05/24/2011,TRI,TN,ASO,ES,Combined TRACON& Tower with Radar,0,40,48,0,88,0,0,34,4,38,0,40,82,4,126,59,0,59,185
05/25/2011,TRI,TN,ASO,ES,Combined TRACON& Tower with Radar,0,41,24,0,65,0,0,35,4,39,0,41,59,4,104,26,0,26,130
05/26/2011,TRI,TN,ASO,ES,Combined TRACON& Tower with Radar,4,32,30,0,66,0,0,27,3,30,4,32,57,3,96,40,0,40,136
05/27/2011,TRI,TN,ASO,ES,Combined TRACON& Tower with Radar,0,34,20,0,54,0,2,11,1,14,0,36,31,1,68,71,0,71,139
05/28/2011,TRI,TN,ASO,ES,Combined TRACON& Tower with Radar,0,20,13,0,33,0,0,21,6,27,0,20,34,6,60,20,0,20,80
05/29/2011,TRI,TN,ASO,ES,Combined TRACON& Tower with Radar,4,25,13,0,42,0,0,38,3,41,4,25,51,3,83,54,0,54,137
05/30/2011,TRI,TN,ASO,ES,Combined TRACON& Tower with Radar,0,29,14,0,43,0,0,34,3,37,0,29,48,3,80,19,0,19,99
05/31/2011,TRI,TN,ASO,ES,Combined TRACON& Tower with Radar,4,33,21,0,58,0,0,26,4,30,4,33,47,4,88,19,0,19,107
06/01/2011,TRI,TN,ASO,ES,Combined TRACON& Tower with Radar,0,44,26,0,70,0,3,23,2,28,0,47,49,2,98,61,0,61,159
06/02/2011,TRI,TN,ASO,ES,Combined TRACON& Tower with Radar,4,37,24,0,65,0,0,45,2,47,4,37,69,2,112,83,0,83,195
06/03/2011,TRI,TN,ASO,ES,Combined TRACON& Tower with Radar,0,34,20,0,54,0,0,69,6,75,0,34,89,6,129,106,0,106,235
06/04/2011,TRI,TN,ASO,ES,Combined TRACON& Tower with Radar,0,20,19,0,39,0,0,51,4,55,0,20,70,4,94,10,0,10,104
06/05/2011,TRI,TN,ASO,ES,Combined TRACON& Tower with Radar,4,41,17,2,64,0,0,35,2,37,4,41,52,4,101,29,0,29,130
06/06/2011,TRI,TN,ASO,ES,Combined TRACON& Tower with Radar,0,35,28,4,67,0,0,46,0,46,0,35,74,4,113,60,0,60,173
06/07/2011,TRI,TN,ASO,ES,Combined TRACON& Tower with Radar,2,41,29,0,72,0,0,33,4,37,2,41,62,4,109,40,0,40,149
06/08/2011,TRI,TN,ASO,ES,Combined TRACON& Tower with Radar,0,36,39,2,77,0,0,41,5,46,0,36,80,7,123,10,0,10,133
06/09/2011,TRI,TN,ASO,ES,Combined TRACON& Tower with Radar,4,35,29,4,72,0,0,16,6,22,4,35,45,10,94,2,0,2,96
06/10/2011,TRI,TN,ASO,ES,Combined TRACON& Tower with Radar,0,34,31,0,65,0,1,60,7,68,0,35,91,7,133,30,0,30,163
06/11/2011,TRI,TN,ASO,ES,Combined TRACON& Tower with Radar,0,19,13,0,32,0,0,46,4,50,0,19,59,4,82,24,0,24,106
06/12/2011,TRI,TN,ASO,ES,Combined TRACON& Tower with Radar,4,33,19,0,56,0,0,36,4,40,4,33,55,4,96,34,0,34,130
06/13/2011,TRI,TN,ASO,ES,Combined TRACON& Tower with Radar,0,34,23,0,57,0,0,33,1,34,0,34,56,1,91,32,0,32,123
06/14/2011,TRI,TN,ASO,ES,Combined TRACON& Tower with Radar,2,35,16,0,53,0,0,38,3,41,2,35,54,3,94,60,0,60,154
06/15/2011,TRI,TN,ASO,ES,Combined TRACON& Tower with Radar,0,31,32,0,63,0,1,16,4,21,0,32,48,4,84,6,0,6,90
06/16/2011,TRI,TN,ASO,ES,Combined TRACON& Tower with Radar,4,39,38,0,81,0,0,24,2,26,4,39,62,2,107,76,0,76,183
06/17/2011,TRI,TN,ASO,ES,Combined TRACON& Tower with Radar,2,38,20,0,60,0,0,49,4,53,2,38,69,4,113,27,0,27,140
06/18/2011,TRI,TN,ASO,ES,Combined TRACON& Tower with Radar,0,20,11,0,31,0,1,29,2,32,0,21,40,2,63,40,0,40,103
06/19/2011,TRI,TN,ASO,ES,Combined TRACON& Tower with Radar,4,38,21,0,63,0,0,12,2,14,4,38,33,2,77,37,0,37,114
06/20/2011,TRI,TN,ASO,ES,Combined TRACON& Tower with Radar,1,38,25,0,64,0,0,35,0,35,1,38,60,0,99,24,0,24,123
06/21/2011,TRI,TN,ASO,ES,Combined TRACON& Tower with Radar,4,34,27,0,65,0,0,39,6,45,4,34,66,6,110,68,0,68,178
06/22/2011,TRI,TN,ASO,ES,Combined TRACON& Tower with Radar,0,28,24,0,52,0,0,30,2,32,0,28,54,2,84,24,0,24,108
06/23/2011,TRI,TN,ASO,ES,Combined TRACON& Tower with Radar,4,33,26,0,63,0,0,13,2,15,4,33,39,2,78,6,0,6,84
06/24/2011,TRI,TN,ASO,ES,Combined TRACON& Tower with Radar,0,36,16,0,52,0,0,35,0,35,0,36,51,0,87,38,0,38,125
06/25/2011,TRI,TN,ASO,ES,Combined TRACON& Tower with Radar,2,25,8,0,35,0,0,21,4,25,2,25,29,4,60,8,0,8,68
06/26/2011,TRI,TN,ASO,ES,Combined TRACON& Tower with Radar,4,33,13,0,50,0,1,35,1,37,4,34,48,1,87,66,0,66,153
06/27/2011,TRI,TN,ASO,ES,Combined TRACON& Tower with Radar,0,33,26,0,59,0,0,29,4,33,0,33,55,4,92,38,0,38,130
06/28/2011,TRI,TN,ASO,ES,Combined TRACON& Tower with Radar,2,33,19,0,54,0,0,20,2,22,2,33,39,2,76,40,0,40,116
06/29/2011,TRI,TN,ASO,ES,Combined TRACON& Tower with Radar,0,35,27,0,62,0,0,37,4,41,0,35,64,4,103,52,0,52,155
06/30/2011,TRI,TN,ASO,ES,Combined TRACON& Tower with Radar,4,44,26,2,76,0,0,54,2,56,4,44,80,4,132,42,0,42,174
07/01/2011,TRI,TN,ASO,ES,Combined TRACON& Tower with Radar,0,31,23,0,54,0,0,61,4,65,0,31,84,4,119,74,0,74,193
07/02/2011,TRI,TN,ASO,ES,Combined TRACON& Tower with Radar,2,19,6,0,27,0,0,30,6,36,2,19,36,6,63,14,0,14,77
07/03/2011,TRI,TN,ASO,ES,Combined TRACON& Tower with Radar,4,27,12,0,43,0,0,25,2,27,4,27,37,2,70,40,0,40,110
07/04/2011,TRI,TN,ASO,ES,Combined TRACON& Tower with Radar,4,27,12,0,43,0,0,15,5,20,4,27,27,5,63,6,0,6,69
07/05/2011,TRI,TN,ASO,ES,Combined TRACON& Tower with Radar,4,32,20,2,58,0,0,24,0,24,4,32,44,2,82,40,0,40,122
07/06/2011,TRI,TN,ASO,ES,Combined TRACON& Tower with Radar,0,33,30,4,67,0,5,23,1,29,0,38,53,5,96,54,0,54,150
07/07/2011,TRI,TN,ASO,ES,Combined TRACON& Tower with Radar,6,33,25,0,64,0,15,43,3,61,6,48,68,3,125,146,0,146,271
07/08/2011,TRI,TN,ASO,ES,Combined TRACON& Tower with Radar,2,43,32,4,81,0,10,32,2,44,2,53,64,6,125,110,0,110,235
07/09/2011,TRI,TN,ASO,ES,Combined TRACON& Tower with Radar,2,29,29,0,60,0,4,67,2,73,2,33,96,2,133,160,0,160,293
07/10/2011,TRI,TN,ASO,ES,Combined TRACON& Tower with Radar,6,30,22,0,58,0,0,49,2,51,6,30,71,2,109,122,0,122,231
07/11/2011,TRI,TN,ASO,ES,Combined TRACON& Tower with Radar,0,33,25,2,60,0,1,17,0,18,0,34,42,2,78,97,0,97,175
07/12/2011,TRI,TN,ASO,ES,Combined TRACON& Tower with Radar,4,36,28,2,70,0,4,23,0,27,4,40,51,2,97,52,0,52,149
07/13/2011,TRI,TN,ASO,ES,Combined TRACON& Tower with Radar,0,31,19,0,50,0,4,44,0,48,0,35,63,0,98,52,0,52,150
07/14/2011,TRI,TN,ASO,ES,Combined TRACON& Tower with Radar,4,41,27,0,72,0,4,28,3,35,4,45,55,3,107,72,0,72,179
07/15/2011,TRI,TN,ASO,ES,Combined TRACON& Tower with Radar,0,40,19,0,59,0,2,23,0,25,0,42,42,0,84,20,0,20,104
07/16/2011,TRI,TN,ASO,ES,Combined TRACON& Tower with Radar,2,24,11,0,37,0,0,28,0,28,2,24,39,0,65,114,0,114,179
07/17/2011,TRI,TN,ASO,ES,Combined TRACON& Tower with Radar,4,37,18,0,59,0,0,32,2,34,4,37,50,2,93,138,0,138,231
07/18/2011,TRI,TN,ASO,ES,Combined TRACON& Tower with Radar,0,40,23,0,63,0,0,15,4,19,0,40,38,4,82,74,0,74,156
07/19/2011,TRI,TN,ASO,ES,Combined TRACON& Tower with Radar,4,44,41,0,89,0,0,18,2,20,4,44,59,2,109,34,0,34,143
07/20/2011,TRI,TN,ASO,ES,Combined TRACON& Tower with Radar,0,36,28,0,64,0,0,13,0,13,0,36,41,0,77,10,0,10,87
07/21/2011,TRI,TN,ASO,ES,Combined TRACON& Tower with Radar,6,39,27,0,72,0,0,24,0,24,6,39,51,0,96,24,0,24,120
07/22/2011,TRI,TN,ASO,ES,Combined TRACON& Tower with Radar,0,39,30,0,69,0,1,34,6,41,0,40,64,6,110,4,0,4,114
07/23/2011,TRI,TN,ASO,ES,Combined TRACON& Tower with Radar,2,26,8,0,36,0,0,34,0,34,2,26,42,0,70,49,0,49,119
07/24/2011,TRI,TN,ASO,ES,Combined TRACON& Tower with Radar,4,31,17,0,52,0,0,28,2,30,4,31,45,2,82,84,0,84,166
07/25/2011,TRI,TN,ASO,ES,Combined TRACON& Tower with Radar,0,37,32,0,69,0,0,2,0,2,0,37,34,0,71,14,0,14,85
07/26/2011,TRI,TN,ASO,ES,Combined TRACON& Tower with Radar,2,41,33,0,76,0,0,39,3,42,2,41,72,3,118,55,0,55,173
07/27/2011,TRI,TN,ASO,ES,Combined TRACON& Tower with Radar,0,35,21,0,56,0,2,24,3,29,0,37,45,3,85,40,0,40,125
07/28/2011,TRI,TN,ASO,ES,Combined TRACON& Tower with Radar,4,36,23,0,63,0,3,21,4,28,4,39,44,4,91,30,0,30,121
07/29/2011,TRI,TN,ASO,ES,Combined TRACON& Tower with Radar,0,40,19,0,59,0,1,33,5,39,0,41,52,5,98,39,0,39,137
07/30/2011,TRI,TN,ASO,ES,Combined TRACON& Tower with Radar,2,25,9,0,36,0,0,66,4,70,2,25,75,4,106,96,0,96,202
07/31/2011,TRI,TN,ASO,ES,Combined TRACON& Tower with Radar,2,31,14,0,47,0,0,41,2,43,2,31,55,2,90,68,0,68,158
08/01/2011,TRI,TN,ASO,ES,Combined TRACON& Tower with Radar,3,40,24,1,68,0,0,35,2,37,3,40,59,3,105,8,0,8,113
08/02/2011,TRI,TN,ASO,ES,Combined TRACON& Tower with Radar,4,35,22,5,66,0,0,44,2,46,4,35,66,7,112,42,0,42,154
08/03/2011,TRI,TN,ASO,ES,Combined TRACON& Tower with Radar,0,35,42,2,79,0,4,27,4,35,0,39,69,6,114,44,0,44,158
08/04/2011,TRI,TN,ASO,ES,Combined TRACON& Tower with Radar,4,44,38,1,87,0,4,26,2,32,4,48,64,3,119,62,0,62,181
08/05/2011,TRI,TN,ASO,ES,Combined TRACON& Tower with Radar,0,35,37,0,72,0,0,25,2,27,0,35,62,2,99,26,0,26,125
08/06/2011,TRI,TN,ASO,ES,Combined TRACON& Tower with Radar,0,27,20,0,47,0,0,34,2,36,0,27,54,2,83,66,0,66,149
08/07/2011,TRI,TN,ASO,ES,Combined TRACON& Tower with Radar,4,29,22,0,55,0,0,12,2,14,4,29,34,2,69,80,0,80,149
08/08/2011,TRI,TN,ASO,ES,Combined TRACON& Tower with Radar,0,37,34,0,71,0,0,19,1,20,0,37,53,1,91,40,0,40,131
08/09/2011,TRI,TN,ASO,ES,Combined TRACON& Tower with Radar,2,40,22,0,64,0,0,22,0,22,2,40,44,0,86,30,0,30,116
08/10/2011,TRI,TN,ASO,ES,Combined TRACON& Tower with Radar,0,35,39,0,74,0,0,32,5,37,0,35,71,5,111,40,0,40,151
08/11/2011,TRI,TN,ASO,ES,Combined TRACON& Tower with Radar,6,37,29,0,72,0,4,41,2,47,6,41,70,2,119,44,0,44,163
08/12/2011,TRI,TN,ASO,ES,Combined TRACON& Tower with Radar,0,35,30,0,65,0,0,61,1,62,0,35,91,1,127,78,0,78,205
08/13/2011,TRI,TN,ASO,ES,Combined TRACON& Tower with Radar,0,20,12,0,32,0,0,39,2,41,0,20,51,2,73,54,0,54,127
08/14/2011,TRI,TN,ASO,ES,Combined TRACON& Tower with Radar,4,30,17,4,55,0,0,26,5,31,4,30,43,9,86,78,0,78,164
08/15/2011,TRI,TN,ASO,ES,Combined TRACON& Tower with Radar,0,37,23,0,60,0,0,12,2,14,0,37,35,2,74,26,0,26,100
08/16/2011,TRI,TN,ASO,ES,Combined TRACON& Tower with Radar,0,39,33,0,72,0,0,39,3,42,0,39,72,3,114,32,0,32,146
08/17/2011,TRI,TN,ASO,ES,Combined TRACON& Tower with Radar,1,36,34,0,71,0,0,36,5,41,1,36,70,5,112,60,0,60,172
08/18/2011,TRI,TN,ASO,ES,Combined TRACON& Tower with Radar,5,41,24,0,70,0,0,37,6,43,5,41,61,6,113,38,0,38,151
08/19/2011,TRI,TN,ASO,ES,Combined TRACON& Tower with Radar,2,40,31,0,73,0,0,18,4,22,2,40,49,4,95,46,0,46,141
08/20/2011,TRI,TN,ASO,ES,Combined TRACON& Tower with Radar,4,20,7,1,32,0,0,34,2,36,4,20,41,3,68,36,0,36,104
08/21/2011,TRI,TN,ASO,ES,Combined TRACON& Tower with Radar,2,33,15,0,50,0,0,28,1,29,2,33,43,1,79,112,0,112,191
08/22/2011,TRI,TN,ASO,ES,Combined TRACON& Tower with Radar,2,36,26,0,64,0,2,16,2,20,2,38,42,2,84,2,0,2,86
08/23/2011,TRI,TN,ASO,ES,Combined TRACON& Tower with Radar,0,32,30,0,62,0,4,46,2,52,0,36,76,2,114,28,0,28,142
08/24/2011,TRI,TN,ASO,ES,Combined TRACON& Tower with Radar,0,38,55,0,93,0,6,37,0,43,0,44,92,0,136,8,0,8,144
08/25/2011,TRI,TN,ASO,ES,Combined TRACON& Tower with Radar,6,31,73,0,110,0,2,45,0,47,6,33,118,0,157,44,0,44,201
08/26/2011,TRI,TN,ASO,ES,Combined TRACON& Tower with Radar,6,41,82,1,130,0,2,78,0,80,6,43,160,1,210,118,0,118,328
08/27/2011,TRI,TN,ASO,ES,Combined TRACON& Tower with Radar,3,31,85,0,119,0,2,119,0,121,3,33,204,0,240,28,0,28,268
08/28/2011,TRI,TN,ASO,ES,Combined TRACON& Tower with Radar,18,31,52,0,101,0,4,43,1,48,18,35,95,1,149,37,0,37,186
08/29/2011,TRI,TN,ASO,ES,Combined TRACON& Tower with Radar,4,35,25,2,66,0,5,28,0,33,4,40,53,2,99,42,0,42,141
08/30/2011,TRI,TN,ASO,ES,Combined TRACON& Tower with Radar,0,37,35,0,72,0,4,53,0,57,0,41,88,0,129,47,0,47,176
08/31/2011,TRI,TN,ASO,ES,Combined TRACON& Tower with Radar,0,37,28,0,65,0,5,37,2,44,0,42,65,2,109,60,0,60,169
09/01/2011,TRI,TN,ASO,ES,Combined TRACON& Tower with Radar,4,40,27,0,71,0,2,38,0,40,4,42,65,0,111,40,0,40,151
09/02/2011,TRI,TN,ASO,ES,Combined TRACON& Tower with Radar,2,36,21,0,59,0,4,60,0,64,2,40,81,0,123,52,10,62,185
09/03/2011,TRI,TN,ASO,ES,Combined TRACON& Tower with Radar,0,27,11,0,38,0,2,39,0,41,0,29,50,0,79,48,0,48,127
09/04/2011,TRI,TN,ASO,ES,Combined TRACON& Tower with Radar,4,24,4,0,32,0,0,32,0,32,4,24,36,0,64,70,0,70,134
09/05/2011,TRI,TN,ASO,ES,Combined TRACON& Tower with Radar,2,32,10,0,44,0,0,0,0,0,2,32,10,0,44,0,0,0,44
09/06/2011,TRI,TN,ASO,ES,Combined TRACON& Tower with Radar,0,39,24,1,64,0,5,16,1,22,0,44,40,2,86,24,0,24,110
09/07/2011,TRI,TN,ASO,ES,Combined TRACON& Tower with Radar,0,38,40,0,78,0,0,13,0,13,0,38,53,0,91,36,0,36,127
09/08/2011,TRI,TN,ASO,ES,Combined TRACON& Tower with Radar,2,34,34,0,70,0,2,19,0,21,2,36,53,0,91,44,0,44,135
09/09/2011,TRI,TN,ASO,ES,Combined TRACON& Tower with Radar,2,36,31,0,69,0,2,28,0,30,2,38,59,0,99,34,0,34,133
09/10/2011,TRI,TN,ASO,ES,Combined TRACON& Tower with Radar,0,27,19,0,46,0,2,65,1,68,0,29,84,1,114,44,0,44,158
09/11/2011,TRI,TN,ASO,ES,Combined TRACON& Tower with Radar,2,29,18,0,49,0,0,42,0,42,2,29,60,0,91,90,0,90,181
09/12/2011,TRI,TN,ASO,ES,Combined TRACON& Tower with Radar,2,35,35,0,72,0,5,28,4,37,2,40,63,4,109,106,0,106,215
09/13/2011,TRI,TN,ASO,ES,Combined TRACON& Tower with Radar,0,32,38,0,70,0,7,48,0,55,0,39,86,0,125,56,0,56,181
09/14/2011,TRI,TN,ASO,ES,Combined TRACON& Tower with Radar,0,34,26,0,60,0,2,50,0,52,0,36,76,0,112,74,0,74,186
09/15/2011,TRI,TN,ASO,ES,Combined TRACON& Tower with Radar,2,37,51,0,90,0,0,36,0,36,2,37,87,0,126,33,0,33,159
09/16/2011,TRI,TN,ASO,ES,Combined TRACON& Tower with Radar,2,39,23,0,64,0,5,39,0,44,2,44,62,0,108,10,0,10,118
09/17/2011,TRI,TN,ASO,ES,Combined TRACON& Tower with Radar,0,26,27,0,53,0,4,34,0,38,0,30,61,0,91,44,0,44,135
09/18/2011,TRI,TN,ASO,ES,Combined TRACON& Tower with Radar,3,41,21,2,67,0,0,54,2,56,3,41,75,4,123,120,0,120,243
09/19/2011,TRI,TN,ASO,ES,Combined TRACON& Tower with Radar,3,32,21,3,59,0,4,21,1,26,3,36,42,4,85,22,10,32,117
09/20/2011,TRI,TN,ASO,ES,Combined TRACON& Tower with Radar,0,33,57,8,98,0,8,30,1,39,0,41,87,9,137,113,0,113,250
09/21/2011,TRI,TN,ASO,ES,Combined TRACON& Tower with Radar,0,31,31,0,62,0,8,24,0,32,0,39,55,0,94,88,0,88,182
09/22/2011,TRI,TN,ASO,ES,Combined TRACON& Tower with Radar,2,37,27,10,76,0,8,15,0,23,2,45,42,10,99,120,0,120,219
09/23/2011,TRI,TN,ASO,ES,Combined TRACON& Tower with Radar,2,41,25,0,68,0,4,25,0,29,2,45,50,0,97,64,0,64,161
09/24/2011,TRI,TN,ASO,ES,Combined TRACON& Tower with Radar,0,21,22,0,43,0,8,51,1,60,0,29,73,1,103,204,0,204,307
09/25/2011,TRI,TN,ASO,ES,Combined TRACON& Tower with Radar,2,31,33,0,66,0,2,43,0,45,2,33,76,0,111,106,0,106,217
09/26/2011,TRI,TN,ASO,ES,Combined TRACON& Tower with Radar,2,30,27,2,61,0,6,18,0,24,2,36,45,2,85,54,0,54,139
09/27/2011,TRI,TN,ASO,ES,Combined TRACON& Tower with Radar,0,35,39,6,80,0,7,44,0,51,0,42,83,6,131,159,0,159,290
09/28/2011,TRI,TN,ASO,ES,Combined TRACON& Tower with Radar,2,40,25,0,67,0,5,40,0,45,2,45,65,0,112,82,0,82,194
09/29/2011,TRI,TN,ASO,ES,Combined TRACON& Tower with Radar,2,36,28,2,68,0,4,47,4,55,2,40,75,6,123,86,0,86,209
09/30/2011,TRI,TN,ASO,ES,Combined TRACON& Tower with Radar,2,37,38,0,77,0,4,44,3,51,2,41,82,3,128,52,0,52,180
10/01/2011,TRI,TN,ASO,ES,Combined TRACON& Tower with Radar,0,25,19,0,44,0,4,17,0,21,0,29,36,0,65,12,0,12,77
10/02/2011,TRI,TN,ASO,ES,Combined TRACON& Tower with Radar,2,39,21,0,62,0,1,31,0,32,2,40,52,0,94,40,0,40,134
10/03/2011,TRI,TN,ASO,ES,Combined TRACON& Tower with Radar,2,33,29,2,66,0,4,18,1,23,2,37,47,3,89,14,0,14,103
10/04/2011,TRI,TN,ASO,ES,Combined TRACON& Tower with Radar,0,32,35,2,69,0,2,66,4,72,0,34,101,6,141,77,0,77,218
10/05/2011,TRI,TN,ASO,ES,Combined TRACON& Tower with Radar,2,34,23,6,65,0,4,29,4,37,2,38,52,10,102,36,0,36,138
10/06/2011,TRI,TN,ASO,ES,Combined TRACON& Tower with Radar,2,39,40,2,83,0,2,69,4,75,2,41,109,6,158,68,0,68,226
10/07/2011,TRI,TN,ASO,ES,Combined TRACON& Tower with Radar,2,31,20,0,53,0,1,38,0,39,2,32,58,0,92,40,0,40,132
10/08/2011,TRI,TN,ASO,ES,Combined TRACON& Tower with Radar,0,23,18,0,41,0,5,50,0,55,0,28,68,0,96,120,0,120,216
10/09/2011,TRI,TN,ASO,ES,Combined TRACON& Tower with Radar,2,33,16,0,51,0,0,43,0,43,2,33,59,0,94,60,0,60,154
10/10/2011,TRI,TN,ASO,ES,Combined TRACON& Tower with Radar,2,33,21,0,56,0,2,35,0,37,2,35,56,0,93,63,0,63,156
10/11/2011,TRI,TN,ASO,ES,Combined TRACON& Tower with Radar,0,34,25,0,59,0,0,34,0,34,0,34,59,0,93,147,0,147,240
10/12/2011,TRI,TN,ASO,ES,Combined TRACON& Tower with Radar,2,37,25,2,66,0,0,23,0,23,2,37,48,2,89,170,0,170,259
10/13/2011,TRI,TN,ASO,ES,Combined TRACON& Tower with Radar,8,43,45,0,96,0,0,2,0,2,8,43,47,0,98,4,0,4,102
10/14/2011,TRI,TN,ASO,ES,Combined TRACON& Tower with Radar,2,35,35,2,74,0,4,33,0,37,2,39,68,2,111,12,0,12,123
10/15/2011,TRI,TN,ASO,ES,Combined TRACON& Tower with Radar,0,27,15,0,42,0,0,40,2,42,0,27,55,2,84,53,0,53,137
10/16/2011,TRI,TN,ASO,ES,Combined TRACON& Tower with Radar,2,39,29,2,72,0,12,44,0,56,2,51,73,2,128,18,0,18,146
10/17/2011,TRI,TN,ASO,ES,Combined TRACON& Tower with Radar,2,39,45,0,86,0,4,40,1,45,2,43,85,1,131,19,0,19,150
10/18/2011,TRI,TN,ASO,ES,Combined TRACON& Tower with Radar,0,29,21,0,50,0,2,57,0,59,0,31,78,0,109,92,0,92,201
10/19/2011,TRI,TN,ASO,ES,Combined TRACON& Tower with Radar,0,40,27,0,67,0,0,0,0,0,0,40,27,0,67,4,0,4,71
10/20/2011,TRI,TN,ASO,ES,Combined TRACON& Tower with Radar,6,39,30,2,77,0,0,6,0,6,6,39,36,2,83,0,0,0,83
10/21/2011,TRI,TN,ASO,ES,Combined TRACON& Tower with Radar,2,37,28,0,67,0,2,47,0,49,2,39,75,0,116,19,0,19,135
10/22/2011,TRI,TN,ASO,ES,Combined TRACON& Tower with Radar,2,21,15,0,38,0,2,55,0,57,2,23,70,0,95,56,0,56,151
10/23/2011,TRI,TN,ASO,ES,Combined TRACON& Tower with Radar,4,39,16,2,61,0,3,56,0,59,4,42,72,2,120,38,0,38,158
10/24/2011,TRI,TN,ASO,ES,Combined TRACON& Tower with Radar,3,33,22,0,58,0,4,34,0,38,3,37,56,0,96,17,0,17,113
10/25/2011,TRI,TN,ASO,ES,Combined TRACON& Tower with Radar,1,30,28,5,64,0,2,39,1,42,1,32,67,6,106,60,6,66,172
10/26/2011,TRI,TN,ASO,ES,Combined TRACON& Tower with Radar,0,36,34,4,74,0,0,34,0,34,0,36,68,4,108,32,0,32,140
10/27/2011,TRI,TN,ASO,ES,Combined TRACON& Tower with Radar,2,36,24,6,68,0,0,33,0,33,2,36,57,6,101,50,0,50,151
10/28/2011,TRI,TN,ASO,ES,Combined TRACON& Tower with Radar,2,37,23,0,62,0,0,5,0,5,2,37,28,0,67,0,0,0,67
10/29/2011,TRI,TN,ASO,ES,Combined TRACON& Tower with Radar,0,22,10,0,32,0,2,21,0,23,0,24,31,0,55,53,0,53,108
10/30/2011,TRI,TN,ASO,ES,Combined TRACON& Tower with Radar,2,35,17,0,54,0,1,36,0,37,2,36,53,0,91,78,0,78,169
10/31/2011,TRI,TN,ASO,ES,Combined TRACON& Tower with Radar,2,30,30,0,62,0,6,20,0,26,2,36,50,0,88,82,0,82,170
11/01/2011,TRI,TN,ASO,ES,Combined TRACON& Tower with Radar,0,35,32,0,67,0,4,52,0,56,0,39,84,0,123,40,0,40,163
11/02/2011,TRI,TN,ASO,ES,Combined TRACON& Tower with Radar,0,39,21,0,60,0,2,43,1,46,0,41,64,1,106,80,0,80,186
11/03/2011,TRI,TN,ASO,ES,Combined TRACON& Tower with Radar,2,40,31,0,73,0,0,20,2,22,2,40,51,2,95,40,0,40,135
11/04/2011,TRI,TN,ASO,ES,Combined TRACON& Tower with Radar,2,35,32,2,71,0,2,21,0,23,2,37,53,2,94,20,0,20,114
11/05/2011,TRI,TN,ASO,ES,Combined TRACON& Tower with Radar,0,22,13,0,35,0,6,77,0,83,0,28,90,0,118,56,0,56,174
11/06/2011,TRI,TN,ASO,ES,Combined TRACON& Tower with Radar,2,32,22,2,58,0,2,68,2,72,2,34,90,4,130,150,0,150,280
11/07/2011,TRI,TN,ASO,ES,Combined TRACON& Tower with Radar,2,35,16,0,53,0,2,57,0,59,2,37,73,0,112,82,0,82,194
11/08/2011,TRI,TN,ASO,ES,Combined TRACON& Tower with Radar,0,38,31,0,69,0,2,56,2,60,0,40,87,2,129,42,0,42,171
11/09/2011,TRI,TN,ASO,ES,Combined TRACON& Tower with Radar,0,33,23,0,56,0,0,41,1,42,0,33,64,1,98,70,0,70,168
11/10/2011,TRI,TN,ASO,ES,Combined TRACON& Tower with Radar,2,32,24,1,59,0,0,16,1,17,2,32,40,2,76,12,0,12,88
11/11/2011,TRI,TN,ASO,ES,Combined TRACON& Tower with Radar,2,36,23,0,61,0,6,33,0,39,2,42,56,0,100,38,0,38,138
11/12/2011,TRI,TN,ASO,ES,Combined TRACON& Tower with Radar,0,23,26,0,49,0,2,64,0,66,0,25,90,0,115,86,0,86,201
11/13/2011,TRI,TN,ASO,ES,Combined TRACON& Tower with Radar,2,36,23,0,61,0,2,34,0,36,2,38,57,0,97,84,0,84,181
11/14/2011,TRI,TN,ASO,ES,Combined TRACON& Tower with Radar,2,35,29,0,66,0,0,14,2,16,2,35,43,2,82,12,0,12,94
11/15/2011,TRI,TN,ASO,ES,Combined TRACON& Tower with Radar,0,31,37,6,74,0,0,10,2,12,0,31,47,8,86,37,0,37,123
11/16/2011,TRI,TN,ASO,ES,Combined TRACON& Tower with Radar,0,32,25,0,57,0,0,3,0,3,0,32,28,0,60,4,0,4,64
11/17/2011,TRI,TN,ASO,ES,Combined TRACON& Tower with Radar,2,34,28,0,64,0,2,13,2,17,2,36,41,2,81,2,0,2,83
11/18/2011,TRI,TN,ASO,ES,Combined TRACON& Tower with Radar,2,36,19,2,59,0,0,40,0,40,2,36,59,2,99,30,0,30,129
11/19/2011,TRI,TN,ASO,ES,Combined TRACON& Tower with Radar,0,22,9,0,31,0,2,37,0,39,0,24,46,0,70,32,0,32,102
11/20/2011,TRI,TN,ASO,ES,Combined TRACON& Tower with Radar,2,29,17,0,48,0,2,33,0,35,2,31,50,0,83,20,0,20,103
11/21/2011,TRI,TN,ASO,ES,Combined TRACON& Tower with Radar,2,30,16,0,48,0,0,2,0,2,2,30,18,0,50,0,0,0,50
11/22/2011,TRI,TN,ASO,ES,Combined TRACON& Tower with Radar,0,37,29,0,66,0,0,14,0,14,0,37,43,0,80,18,0,18,98
11/23/2011,TRI,TN,ASO,ES,Combined TRACON& Tower with Radar,2,38,18,0,58,0,4,26,0,30,2,42,44,0,88,42,0,42,130
11/24/2011,TRI,TN,ASO,ES,Combined TRACON& Tower with Radar,0,20,12,0,32,0,2,11,0,13,0,22,23,0,45,6,0,6,51
11/25/2011,TRI,TN,ASO,ES,Combined TRACON& Tower with Radar,2,26,15,0,43,0,2,56,0,58,2,28,71,0,101,60,0,60,161
11/26/2011,TRI,TN,ASO,ES,Combined TRACON& Tower with Radar,0,29,19,0,48,0,2,44,0,46,0,31,63,0,94,92,0,92,186
11/27/2011,TRI,TN,ASO,ES,Combined TRACON& Tower with Radar,2,40,10,0,52,0,2,6,0,8,2,42,16,0,60,18,0,18,78
11/28/2011,TRI,TN,ASO,ES,Combined TRACON& Tower with Radar,4,34,22,0,60,0,0,10,0,10,4,34,32,0,70,0,0,0,70
11/29/2011,TRI,TN,ASO,ES,Combined TRACON& Tower with Radar,0,37,21,0,58,0,0,13,0,13,0,37,34,0,71,18,0,18,89
11/30/2011,TRI,TN,ASO,ES,Combined TRACON& Tower with Radar,2,33,34,1,70,0,0,17,4,21,2,33,51,5,91,34,0,34,125
12/01/2011,TRI,TN,ASO,ES,Combined TRACON& Tower with Radar,4,46,36,2,88,0,4,39,0,43,4,50,75,2,131,42,0,42,173
12/02/2011,TRI,TN,ASO,ES,Combined TRACON& Tower with Radar,4,45,17,0,66,0,4,43,0,47,4,49,60,0,113,43,0,43,156
12/03/2011,TRI,TN,ASO,ES,Combined TRACON& Tower with Radar,2,24,12,0,38,0,4,51,0,55,2,28,63,0,93,92,0,92,185
12/04/2011,TRI,TN,ASO,ES,Combined TRACON& Tower with Radar,6,30,12,0,48,0,0,46,0,46,6,30,58,0,94,80,0,80,174
12/05/2011,TRI,TN,ASO,ES,Combined TRACON& Tower with Radar,2,32,17,5,56,0,0,19,0,19,2,32,36,5,75,24,0,24,99
12/06/2011,TRI,TN,ASO,ES,Combined TRACON& Tower with Radar,0,30,18,0,48,0,0,5,0,5,0,30,23,0,53,2,0,2,55
12/07/2011,TRI,TN,ASO,ES,Combined TRACON& Tower with Radar,0,29,28,0,57,0,0,1,0,1,0,29,29,0,58,0,0,0,58
12/08/2011,TRI,TN,ASO,ES,Combined TRACON& Tower with Radar,2,37,30,0,69,0,0,28,2,30,2,37,58,2,99,32,0,32,131
12/09/2011,TRI,TN,ASO,ES,Combined TRACON& Tower with Radar,2,38,30,0,70,0,2,43,0,45,2,40,73,0,115,28,0,28,143
12/10/2011,TRI,TN,ASO,ES,Combined TRACON& Tower with Radar,0,20,15,0,35,0,2,28,0,30,0,22,43,0,65,60,0,60,125
12/11/2011,TRI,TN,ASO,ES,Combined TRACON& Tower with Radar,2,34,13,0,49,0,2,44,0,46,2,36,57,0,95,46,0,46,141
12/12/2011,TRI,TN,ASO,ES,Combined TRACON& Tower with Radar,2,36,24,0,62,0,0,29,0,29,2,36,53,0,91,26,0,26,117
12/13/2011,TRI,TN,ASO,ES,Combined TRACON& Tower with Radar,0,36,19,2,57,0,0,40,1,41,0,36,59,3,98,52,0,52,150
12/14/2011,TRI,TN,ASO,ES,Combined TRACON& Tower with Radar,0,31,31,0,62,0,3,42,0,45,0,34,73,0,107,52,0,52,159
12/15/2011,TRI,TN,ASO,ES,Combined TRACON& Tower with Radar,2,37,44,1,84,0,0,18,1,19,2,37,62,2,103,38,0,38,141
12/16/2011,TRI,TN,ASO,ES,Combined TRACON& Tower with Radar,2,31,31,0,64,0,0,2,0,2,2,31,33,0,66,10,0,10,76
12/17/2011,TRI,TN,ASO,ES,Combined TRACON& Tower with Radar,0,26,15,0,41,0,2,54,2,58,0,28,69,2,99,50,0,50,149
12/18/2011,TRI,TN,ASO,ES,Combined TRACON& Tower with Radar,2,31,19,0,52,0,4,44,0,48,2,35,63,0,100,76,0,76,176
12/19/2011,TRI,TN,ASO,ES,Combined TRACON& Tower with Radar,2,38,31,0,71,0,3,46,0,49,2,41,77,0,120,50,0,50,170
12/20/2011,TRI,TN,ASO,ES,Combined TRACON& Tower with Radar,0,37,38,1,76,0,13,50,1,64,0,50,88,2,140,76,0,76,216
12/21/2011,TRI,TN,ASO,ES,Combined TRACON& Tower with Radar,2,33,23,0,58,0,0,13,0,13,2,33,36,0,71,28,0,28,99
12/22/2011,TRI,TN,ASO,ES,Combined TRACON& Tower with Radar,4,30,12,0,46,0,1,28,0,29,4,31,40,0,75,36,0,36,111
12/23/2011,TRI,TN,ASO,ES,Combined TRACON& Tower with Radar,0,32,20,0,52,0,0,25,0,25,0,32,45,0,77,44,0,44,121
12/24/2011,TRI,TN,ASO,ES,Combined TRACON& Tower with Radar,4,20,3,0,27,0,0,39,0,39,4,20,42,0,66,36,0,36,102
12/25/2011,TRI,TN,ASO,ES,Combined TRACON& Tower with Radar,0,19,8,0,27,0,2,4,0,6,0,21,12,0,33,2,0,2,35
12/26/2011,TRI,TN,ASO,ES,Combined TRACON& Tower with Radar,2,29,13,0,44,0,2,46,0,48,2,31,59,0,92,56,0,56,148
12/27/2011,TRI,TN,ASO,ES,Combined TRACON& Tower with Radar,2,30,7,0,39,0,2,1,0,3,2,32,8,0,42,0,0,0,42
12/28/2011,TRI,TN,ASO,ES,Combined TRACON& Tower with Radar,2,30,11,0,43,0,2,28,0,30,2,32,39,0,73,28,0,28,101
12/29/2011,TRI,TN,ASO,ES,Combined TRACON& Tower with Radar,2,34,21,0,57,0,2,39,0,41,2,36,60,0,98,18,0,18,116
12/30/2011,TRI,TN,ASO,ES,Combined TRACON& Tower with Radar,2,34,15,0,51,0,7,49,0,56,2,41,64,0,107,96,0,96,203
12/31/2011,TRI,TN,ASO,ES,Combined TRACON& Tower with Radar,0,21,10,0,31,0,0,54,0,54,0,21,64,0,85,84,0,84,169
01/01/2012,TRI,TN,ASO,ES,Combined TRACON& Tower with Radar,2,23,6,0,31,0,0,2,0,2,2,23,8,0,33,0,0,0,33
01/02/2012,TRI,TN,ASO,ES,Combined TRACON& Tower with Radar,2,31,5,0,38,0,2,13,0,15,2,33,18,0,53,74,0,74,127
01/03/2012,TRI,TN,ASO,ES,Combined TRACON& Tower with Radar,0,34,10,0,44,0,2,13,0,15,0,36,23,0,59,70,0,70,129
01/04/2012,TRI,TN,ASO,ES,Combined TRACON& Tower with Radar,0,39,24,0,63,0,2,23,2,27,0,41,47,2,90,60,0,60,150
01/05/2012,TRI,TN,ASO,ES,Combined TRACON& Tower with Radar,0,38,25,0,63,0,2,48,0,50,0,40,73,0,113,97,0,97,210
01/06/2012,TRI,TN,ASO,ES,Combined TRACON& Tower with Radar,2,35,30,1,68,0,0,52,0,52,2,35,82,1,120,92,0,92,212
01/07/2012,TRI,TN,ASO,ES,Combined TRACON& Tower with Radar,0,21,23,3,47,0,0,63,0,63,0,21,86,3,110,112,0,112,222
01/08/2012,TRI,TN,ASO,ES,Combined TRACON& Tower with Radar,0,31,12,0,43,0,0,41,0,41,0,31,53,0,84,64,0,64,148
01/09/2012,TRI,TN,ASO,ES,Combined TRACON& Tower with Radar,2,39,24,0,65,0,0,0,0,0,2,39,24,0,65,0,0,0,65
01/10/2012,TRI,TN,ASO,ES,Combined TRACON& Tower with Radar,0,34,18,0,52,0,0,38,0,38,0,34,56,0,90,82,0,82,172
01/11/2012,TRI,TN,ASO,ES,Combined TRACON& Tower with Radar,0,33,17,0,50,0,0,9,0,9,0,33,26,0,59,16,0,16,75
01/12/2012,TRI,TN,ASO,ES,Combined TRACON& Tower with Radar,3,30,14,0,47,0,0,8,0,8,3,30,22,0,55,26,0,26,81
01/13/2012,TRI,TN,ASO,ES,Combined TRACON& Tower with Radar,4,39,17,0,60,0,0,10,0,10,4,39,27,0,70,0,0,0,70
01/14/2012,TRI,TN,ASO,ES,Combined TRACON& Tower with Radar,0,19,9,3,31,0,2,44,4,50,0,21,53,7,81,0,0,0,81
01/15/2012,TRI,TN,ASO,ES,Combined TRACON& Tower with Radar,2,27,10,0,39,0,0,34,0,34,2,27,44,0,73,52,0,52,125
01/16/2012,TRI,TN,ASO,ES,Combined TRACON& Tower with Radar,2,33,33,0,68,0,0,26,0,26,2,33,59,0,94,7,0,7,101
01/17/2012,TRI,TN,ASO,ES,Combined TRACON& Tower with Radar,0,34,18,0,52,0,2,6,0,8,0,36,24,0,60,14,0,14,74
01/18/2012,TRI,TN,ASO,ES,Combined TRACON& Tower with Radar,0,33,32,0,65,0,0,28,0,28,0,33,60,0,93,64,0,64,157
01/19/2012,TRI,TN,ASO,ES,Combined TRACON& Tower with Radar,0,35,18,0,53,0,5,33,1,39,0,40,51,1,92,94,0,94,186
01/20/2012,TRI,TN,ASO,ES,Combined TRACON& Tower with Radar,2,33,18,2,55,0,3,37,2,42,2,36,55,4,97,64,0,64,161
01/21/2012,TRI,TN,ASO,ES,Combined TRACON& Tower with Radar,0,21,3,0,24,0,0,9,0,9,0,21,12,0,33,33,0,33,66
01/22/2012,TRI,TN,ASO,ES,Combined TRACON& Tower with Radar,0,29,17,1,47,0,0,52,1,53,0,29,69,2,100,42,0,42,142
01/23/2012,TRI,TN,ASO,ES,Combined TRACON& Tower with Radar,5,42,11,0,58,0,4,26,0,30,5,46,37,0,88,23,0,23,111
01/24/2012,TRI,TN,ASO,ES,Combined TRACON& Tower with Radar,1,31,34,0,66,0,6,69,2,77,1,37,103,2,143,48,0,48,191
01/25/2012,TRI,TN,ASO,ES,Combined TRACON& Tower with Radar,0,31,27,0,58,0,4,40,0,44,0,35,67,0,102,68,0,68,170
01/26/2012,TRI,TN,ASO,ES,Combined TRACON& Tower with Radar,0,35,29,0,64,0,1,25,0,26,0,36,54,0,90,60,0,60,150
01/27/2012,TRI,TN,ASO,ES,Combined TRACON& Tower with Radar,2,32,22,0,56,0,1,33,1,35,2,33,55,1,91,14,0,14,105
01/28/2012,TRI,TN,ASO,ES,Combined TRACON& Tower with Radar,0,20,8,0,28,0,0,18,1,19,0,20,26,1,47,60,0,60,107
01/29/2012,TRI,TN,ASO,ES,Combined TRACON& Tower with Radar,0,31,9,0,40,0,0,18,0,18,0,31,27,0,58,14,0,14,72
01/30/2012,TRI,TN,ASO,ES,Combined TRACON& Tower with Radar,2,33,10,0,45,0,2,46,0,48,2,35,56,0,93,41,0,41,134
01/31/2012,TRI,TN,ASO,ES,Combined TRACON& Tower with Radar,0,24,27,0,51,0,1,45,0,46,0,25,72,0,97,118,0,118,215
02/01/2012,TRI,TN,ASO,ES,Combined TRACON& Tower with Radar,0,29,14,0,43,0,0,5,0,5,0,29,19,0,48,26,0,26,74
02/02/2012,TRI,TN,ASO,ES,Combined TRACON& Tower with Radar,2,32,12,0,46,0,2,31,0,33,2,34,43,0,79,26,0,26,105
02/03/2012,TRI,TN,ASO,ES,Combined TRACON& Tower with Radar,2,31,32,0,65,0,12,44,0,56,2,43,76,0,121,38,0,38,159
02/04/2012,TRI,TN,ASO,ES,Combined TRACON& Tower with Radar,0,17,5,0,22,0,0,3,0,3,0,17,8,0,25,26,0,26,51
02/05/2012,TRI,TN,ASO,ES,Combined TRACON& Tower with Radar,2,27,7,4,40,0,1,9,2,12,2,28,16,6,52,24,0,24,76
02/06/2012,TRI,TN,ASO,ES,Combined TRACON& Tower with Radar,2,30,15,0,47,0,2,14,0,16,2,32,29,0,63,20,0,20,83
02/07/2012,TRI,TN,ASO,ES,Combined TRACON& Tower with Radar,0,27,31,0,58,0,3,30,0,33,0,30,61,0,91,42,0,42,133
02/08/2012,TRI,TN,ASO,ES,Combined TRACON& Tower with Radar,1,32,19,0,52,0,0,23,0,23,1,32,42,0,75,84,0,84,159
02/09/2012,TRI,TN,ASO,ES,Combined TRACON& Tower with Radar,2,36,28,1,67,0,6,18,2,26,2,42,46,3,93,16,0,16,109
02/10/2012,TRI,TN,ASO,ES,Combined TRACON& Tower with Radar,2,34,25,2,63,0,5,27,0,32,2,39,52,2,95,56,0,56,151
02/11/2012,TRI,TN,ASO,ES,Combined TRACON& Tower with Radar,0,21,2,0,23,0,0,7,0,7,0,21,9,0,30,18,0,18,48
02/12/2012,TRI,TN,ASO,ES,Combined TRACON& Tower with Radar,4,27,19,1,51,0,0,31,0,31,4,27,50,1,82,28,0,28,110
02/13/2012,TRI,TN,ASO,ES,Combined TRACON& Tower with Radar,2,30,25,2,59,0,2,26,2,30,2,32,51,4,89,20,0,20,109
02/14/2012,TRI,TN,ASO,ES,Combined TRACON& Tower with Radar,0,33,21,0,54,0,0,18,2,20,0,33,39,2,74,24,0,24,98
02/15/2012,TRI,TN,ASO,ES,Combined TRACON& Tower with Radar,0,35,22,0,57,0,0,42,0,42,0,35,64,0,99,50,0,50,149
02/16/2012,TRI,TN,ASO,ES,Combined TRACON& Tower with Radar,2,30,23,0,55,0,0,11,0,11,2,30,34,0,66,20,0,20,86
02/17/2012,TRI,TN,ASO,ES,Combined TRACON& Tower with Radar,4,30,21,0,55,0,2,65,0,67,4,32,86,0,122,36,0,36,158
02/18/2012,TRI,TN,ASO,ES,Combined TRACON& Tower with Radar,0,18,19,0,37,0,4,39,0,43,0,22,58,0,80,40,0,40,120
02/19/2012,TRI,TN,ASO,ES,Combined TRACON& Tower with Radar,2,27,5,0,34,0,1,2,0,3,2,28,7,0,37,0,0,0,37
02/20/2012,TRI,TN,ASO,ES,Combined TRACON& Tower with Radar,4,30,16,0,50,0,9,36,0,45,4,39,52,0,95,62,0,62,157
02/21/2012,TRI,TN,ASO,ES,Combined TRACON& Tower with Radar,0,30,23,0,53,0,7,48,0,55,0,37,71,0,108,46,0,46,154
02/22/2012,TRI,TN,ASO,ES,Combined TRACON& Tower with Radar,0,35,23,0,58,0,0,14,0,14,0,35,37,0,72,6,0,6,78
02/23/2012,TRI,TN,ASO,ES,Combined TRACON& Tower with Radar,2,29,43,0,74,0,2,51,0,53,2,31,94,0,127,82,0,82,209
02/24/2012,TRI,TN,ASO,ES,Combined TRACON& Tower with Radar,2,32,14,0,48,0,8,7,0,15,2,40,21,0,63,8,0,8,71
02/25/2012,TRI,TN,ASO,ES,Combined TRACON& Tower with Radar,0,20,5,0,25,0,4,9,0,13,0,24,14,0,38,1,0,1,39
02/26/2012,TRI,TN,ASO,ES,Combined TRACON& Tower with Radar,2,25,12,2,41,0,6,63,2,71,2,31,75,4,112,70,0,70,182
02/27/2012,TRI,TN,ASO,ES,Combined TRACON& Tower with Radar,2,30,35,0,67,0,8,34,0,42,2,38,69,0,109,44,0,44,153
02/28/2012,TRI,TN,ASO,ES,Combined TRACON& Tower with Radar,0,32,37,0,69,0,6,86,0,92,0,38,123,0,161,74,0,74,235
02/29/2012,TRI,TN,ASO,ES,Combined TRACON& Tower with Radar,0,31,24,0,55,0,1,22,0,23,0,32,46,0,78,48,0,48,126
03/01/2012,TRI,TN,ASO,ES,Combined TRACON& Tower with Radar,2,31,30,0,63,0,2,68,0,70,2,33,98,0,133,40,0,40,173
03/02/2012,TRI,TN,ASO,ES,Combined TRACON& Tower with Radar,2,31,26,0,59,0,1,17,0,18,2,32,43,0,77,16,0,16,93
03/03/2012,TRI,TN,ASO,ES,Combined TRACON& Tower with Radar,0,21,15,0,36,0,1,40,0,41,0,22,55,0,77,56,0,56,133
03/04/2012,TRI,TN,ASO,ES,Combined TRACON& Tower with Radar,2,25,4,0,31,0,4,8,0,12,2,29,12,0,43,3,0,3,46
03/05/2012,TRI,TN,ASO,ES,Combined TRACON& Tower with Radar,3,31,27,2,63,0,2,16,0,18,3,33,43,2,81,90,0,90,171
03/06/2012,TRI,TN,ASO,ES,Combined TRACON& Tower with Radar,0,33,23,0,56,0,6,68,0,74,0,39,91,0,130,26,0,26,156
03/07/2012,TRI,TN,ASO,ES,Combined TRACON& Tower with Radar,0,33,30,11,74,0,4,43,2,49,0,37,73,13,123,68,0,68,191
03/08/2012,TRI,TN,ASO,ES,Combined TRACON& Tower with Radar,2,32,23,0,57,0,2,27,0,29,2,34,50,0,86,16,0,16,102
03/09/2012,TRI,TN,ASO,ES,Combined TRACON& Tower with Radar,2,31,13,0,46,0,1,21,0,22,2,32,34,0,68,10,0,10,78
03/10/2012,TRI,TN,ASO,ES,Combined TRACON& Tower with Radar,0,22,11,0,33,0,6,64,0,70,0,28,75,0,103,96,0,96,199
03/11/2012,TRI,TN,ASO,ES,Combined TRACON& Tower with Radar,2,28,8,0,38,0,11,39,0,50,2,39,47,0,88,102,0,102,190
03/12/2012,TRI,TN,ASO,ES,Combined TRACON& Tower with Radar,2,31,22,1,56,0,7,16,3,26,2,38,38,4,82,40,0,40,122
03/13/2012,TRI,TN,ASO,ES,Combined TRACON& Tower with Radar,0,29,29,0,58,0,8,25,0,33,0,37,54,0,91,95,0,95,186
03/14/2012,TRI,TN,ASO,ES,Combined TRACON& Tower with Radar,2,40,37,0,79,0,3,54,0,57,2,43,91,0,136,114,0,114,250
03/15/2012,TRI,TN,ASO,ES,Combined TRACON& Tower with Radar,4,30,60,3,97,0,6,26,0,32,4,36,86,3,129,60,0,60,189
03/16/2012,TRI,TN,ASO,ES,Combined TRACON& Tower with Radar,4,36,63,0,103,0,8,32,1,41,4,44,95,1,144,59,0,59,203
03/17/2012,TRI,TN,ASO,ES,Combined TRACON& Tower with Radar,0,25,40,0,65,0,4,50,2,56,0,29,90,2,121,74,0,74,195
03/18/2012,TRI,TN,ASO,ES,Combined TRACON& Tower with Radar,3,35,96,0,134,0,6,107,3,116,3,41,203,3,250,66,0,66,316
03/19/2012,TRI,TN,ASO,ES,Combined TRACON& Tower with Radar,10,42,31,0,83,0,4,35,0,39,10,46,66,0,122,6,0,6,128
03/20/2012,TRI,TN,ASO,ES,Combined TRACON& Tower with Radar,0,36,29,0,65,0,2,39,0,41,0,38,68,0,106,52,0,52,158
03/21/2012,TRI,TN,ASO,ES,Combined TRACON& Tower with Radar,0,31,34,0,65,0,2,30,0,32,0,33,64,0,97,60,0,60,157
03/22/2012,TRI,TN,ASO,ES,Combined TRACON& Tower with Radar,2,40,24,3,69,0,4,28,0,32,2,44,52,3,101,102,0,102,203
03/23/2012,TRI,TN,ASO,ES,Combined TRACON& Tower with Radar,2,33,23,3,61,0,3,29,2,34,2,36,52,5,95,42,0,42,137
03/24/2012,TRI,TN,ASO,ES,Combined TRACON& Tower with Radar,0,22,5,0,27,0,2,11,0,13,0,24,16,0,40,0,0,0,40
03/25/2012,TRI,TN,ASO,ES,Combined TRACON& Tower with Radar,2,29,15,0,46,0,2,4,0,6,2,31,19,0,52,155,0,155,207
03/26/2012,TRI,TN,ASO,ES,Combined TRACON& Tower with Radar,2,34,22,0,58,0,6,33,4,43,2,40,55,4,101,42,0,42,143
03/27/2012,TRI,TN,ASO,ES,Combined TRACON& Tower with Radar,0,33,37,0,70,0,2,42,0,44,0,35,79,0,114,80,0,80,194
03/28/2012,TRI,TN,ASO,ES,Combined TRACON& Tower with Radar,0,31,30,0,61,0,2,24,0,26,0,33,54,0,87,32,0,32,119
03/29/2012,TRI,TN,ASO,ES,Combined TRACON& Tower with Radar,2,36,30,0,68,0,2,61,0,63,2,38,91,0,131,68,0,68,199
03/30/2012,TRI,TN,ASO,ES,Combined TRACON& Tower with Radar,4,31,19,0,54,0,0,29,0,29,4,31,48,0,83,30,0,30,113
03/31/2012,TRI,TN,ASO,ES,Combined TRACON& Tower with Radar,0,25,19,0,44,0,4,15,0,19,0,29,34,0,63,60,0,60,123
04/01/2012,TRI,TN,ASO,ES,Combined TRACON& Tower with Radar,2,29,11,0,42,0,2,25,0,27,2,31,36,0,69,34,0,34,103
04/02/2012,TRI,TN,ASO,ES,Combined TRACON& Tower with Radar,4,32,22,0,58,0,0,32,0,32,4,32,54,0,90,93,0,93,183
04/03/2012,TRI,TN,ASO,ES,Combined TRACON& Tower with Radar,0,31,26,0,57,0,2,20,0,22,0,33,46,0,79,26,0,26,105
04/04/2012,TRI,TN,ASO,ES,Combined TRACON& Tower with Radar,0,33,26,0,59,0,0,19,0,19,0,33,45,0,78,20,0,20,98
04/05/2012,TRI,TN,ASO,ES,Combined TRACON& Tower with Radar,2,34,15,2,53,0,0,5,0,5,2,34,20,2,58,30,0,30,88
04/06/2012,TRI,TN,ASO,ES,Combined TRACON& Tower with Radar,2,29,42,6,79,0,6,45,0,51,2,35,87,6,130,54,0,54,184
04/07/2012,TRI,TN,ASO,ES,Combined TRACON& Tower with Radar,0,21,37,0,58,0,4,71,0,75,0,25,108,0,133,85,0,85,218
04/08/2012,TRI,TN,ASO,ES,Combined TRACON& Tower with Radar,2,25,6,0,33,0,2,8,0,10,2,27,14,0,43,16,0,16,59
04/09/2012,TRI,TN,ASO,ES,Combined TRACON& Tower with Radar,2,34,20,0,56,0,0,27,2,29,2,34,47,2,85,26,0,26,111
04/10/2012,TRI,TN,ASO,ES,Combined TRACON& Tower with Radar,0,31,19,0,50,0,4,15,0,19,0,35,34,0,69,22,0,22,91
04/11/2012,TRI,TN,ASO,ES,Combined TRACON& Tower with Radar,0,31,24,0,55,0,2,17,0,19,0,33,41,0,74,48,0,48,122
04/12/2012,TRI,TN,ASO,ES,Combined TRACON& Tower with Radar,2,31,43,0,76,0,2,66,0,68,2,33,109,0,144,18,0,18,162
04/13/2012,TRI,TN,ASO,ES,Combined TRACON& Tower with Radar,2,32,30,0,64,0,8,38,0,46,2,40,68,0,110,22,0,22,132
04/14/2012,TRI,TN,ASO,ES,Combined TRACON& Tower with Radar,0,24,18,0,42,0,3,49,0,52,0,27,67,0,94,62,0,62,156
04/15/2012,TRI,TN,ASO,ES,Combined TRACON& Tower with Radar,2,28,15,0,45,0,0,52,0,52,2,28,67,0,97,58,0,58,155
04/16/2012,TRI,TN,ASO,ES,Combined TRACON& Tower with Radar,2,36,14,0,52,0,0,16,1,17,2,36,30,1,69,8,0,8,77
04/17/2012,TRI,TN,ASO,ES,Combined TRACON& Tower with Radar,0,29,24,0,53,0,0,41,0,41,0,29,65,0,94,38,0,38,132
04/18/2012,TRI,TN,ASO,ES,Combined TRACON& Tower with Radar,0,30,26,0,56,0,0,11,0,11,0,30,37,0,67,18,0,18,85
04/19/2012,TRI,TN,ASO,ES,Combined TRACON& Tower with Radar,2,30,34,0,66,0,6,75,4,85,2,36,109,4,151,78,0,78,229
04/20/2012,TRI,TN,ASO,ES,Combined TRACON& Tower with Radar,2,29,26,0,57,0,0,39,0,39,2,29,65,0,96,42,0,42,138
04/21/2012,TRI,TN,ASO,ES,Combined TRACON& Tower with Radar,0,21,11,0,32,0,2,19,0,21,0,23,30,0,53,34,0,34,87
04/22/2012,TRI,TN,ASO,ES,Combined TRACON& Tower with Radar,2,29,32,0,63,0,0,18,0,18,2,29,50,0,81,44,0,44,125
04/23/2012,TRI,TN,ASO,ES,Combined TRACON& Tower with Radar,2,32,26,0,60,0,2,29,0,31,2,34,55,0,91,66,0,66,157
04/24/2012,TRI,TN,ASO,ES,Combined TRACON& Tower with Radar,0,33,34,0,67,0,4,17,0,21,0,37,51,0,88,22,0,22,110
04/25/2012,TRI,TN,ASO,ES,Combined TRACON& Tower with Radar,0,33,50,0,83,0,2,22,0,24,0,35,72,0,107,32,0,32,139
04/26/2012,TRI,TN,ASO,ES,Combined TRACON& Tower with Radar,2,34,17,2,55,0,2,11,0,13,2,36,28,2,68,8,0,8,76
04/27/2012,TRI,TN,ASO,ES,Combined TRACON& Tower with Radar,2,31,20,0,53,0,6,62,0,68,2,37,82,0,121,52,0,52,173
04/28/2012,TRI,TN,ASO,ES,Combined TRACON& Tower with Radar,0,21,11,0,32,0,4,50,0,54,0,25,61,0,86,88,0,88,174
04/29/2012,TRI,TN,ASO,ES,Combined TRACON& Tower with Radar,2,25,12,0,39,0,2,50,0,52,2,27,62,0,91,43,0,43,134
04/30/2012,TRI,TN,ASO,ES,Combined TRACON& Tower with Radar,2,39,19,0,60,0,0,21,2,23,2,39,40,2,83,16,0,16,99
05/01/2012,TRI,TN,ASO,ES,Combined TRACON& Tower with Radar,0,27,37,0,64,0,4,39,0,43,0,31,76,0,107,6,0,6,113
05/02/2012,TRI,TN,ASO,ES,Combined TRACON& Tower with Radar,2,38,23,2,65,0,0,37,0,37,2,38,60,2,102,46,0,46,148
05/03/2012,TRI,TN,ASO,ES,Combined TRACON& Tower with Radar,2,34,38,0,74,0,0,42,0,42,2,34,80,0,116,46,0,46,162
05/04/2012,TRI,TN,ASO,ES,Combined TRACON& Tower with Radar,4,33,31,0,68,0,2,24,0,26,4,35,55,0,94,4,0,4,98
05/05/2012,TRI,TN,ASO,ES,Combined TRACON& Tower with Radar,2,20,17,0,39,0,0,20,0,20,2,20,37,0,59,86,0,86,145
05/06/2012,TRI,TN,ASO,ES,Combined TRACON& Tower with Radar,2,27,21,0,50,0,0,30,0,30,2,27,51,0,80,23,0,23,103
05/07/2012,TRI,TN,ASO,ES,Combined TRACON& Tower with Radar,2,31,36,0,69,0,2,20,2,24,2,33,56,2,93,18,0,18,111
05/08/2012,TRI,TN,ASO,ES,Combined TRACON& Tower with Radar,4,33,20,3,60,0,0,8,1,9,4,33,28,4,69,55,0,55,124
05/09/2012,TRI,TN,ASO,ES,Combined TRACON& Tower with Radar,0,32,33,2,67,0,1,12,0,13,0,33,45,2,80,0,0,0,80
05/10/2012,TRI,TN,ASO,ES,Combined TRACON& Tower with Radar,2,34,35,0,71,0,5,40,0,45,2,39,75,0,116,42,0,42,158
05/11/2012,TRI,TN,ASO,ES,Combined TRACON& Tower with Radar,2,32,35,2,71,0,10,37,2,49,2,42,72,4,120,42,0,42,162
05/12/2012,TRI,TN,ASO,ES,Combined TRACON& Tower with Radar,0,19,19,0,38,0,12,42,0,54,0,31,61,0,92,144,0,144,236
05/13/2012,TRI,TN,ASO,ES,Combined TRACON& Tower with Radar,2,30,15,1,48,0,2,14,1,17,2,32,29,2,65,84,0,84,149
05/14/2012,TRI,TN,ASO,ES,Combined TRACON& Tower with Radar,2,34,29,0,65,0,4,11,0,15,2,38,40,0,80,4,0,4,84
05/15/2012,TRI,TN,ASO,ES,Combined TRACON& Tower with Radar,0,35,26,0,61,0,4,14,0,18,0,39,40,0,79,6,0,6,85
05/16/2012,TRI,TN,ASO,ES,Combined TRACON& Tower with Radar,0,35,33,0,68,0,4,29,1,34,0,39,62,1,102,50,0,50,152
05/17/2012,TRI,TN,ASO,ES,Combined TRACON& Tower with Radar,4,32,34,2,72,0,8,47,0,55,4,40,81,2,127,116,0,116,243
05/18/2012,TRI,TN,ASO,ES,Combined TRACON& Tower with Radar,4,29,11,0,44,0,8,38,0,46,4,37,49,0,90,65,0,65,155
05/19/2012,TRI,TN,ASO,ES,Combined TRACON& Tower with Radar,0,19,7,0,26,0,6,48,0,54,0,25,55,0,80,106,0,106,186
05/20/2012,TRI,TN,ASO,ES,Combined TRACON& Tower with Radar,4,32,18,0,54,0,4,78,0,82,4,36,96,0,136,90,0,90,226
05/21/2012,TRI,TN,ASO,ES,Combined TRACON& Tower with Radar,0,32,31,2,65,0,4,36,2,42,0,36,67,4,107,20,0,20,127
05/22/2012,TRI,TN,ASO,ES,Combined TRACON& Tower with Radar,0,33,37,4,74,0,1,20,1,22,0,34,57,5,96,38,0,38,134
05/23/2012,TRI,TN,ASO,ES,Combined TRACON& Tower with Radar,0,31,44,1,76,0,0,21,0,21,0,31,65,1,97,30,0,30,127
05/24/2012,TRI,TN,ASO,ES,Combined TRACON& Tower with Radar,4,35,47,0,86,0,2,41,2,45,4,37,88,2,131,50,0,50,181
05/25/2012,TRI,TN,ASO,ES,Combined TRACON& Tower with Radar,0,33,35,0,68,0,6,44,0,50,0,39,79,0,118,18,0,18,136
05/26/2012,TRI,TN,ASO,ES,Combined TRACON& Tower with Radar,0,20,12,0,32,0,4,46,0,50,0,24,58,0,82,30,0,30,112
05/27/2012,TRI,TN,ASO,ES,Combined TRACON& Tower with Radar,4,21,10,0,35,0,2,60,0,62,4,23,70,0,97,36,0,36,133
05/28/2012,TRI,TN,ASO,ES,Combined TRACON& Tower with Radar,0,32,15,0,47,0,0,18,0,18,0,32,33,0,65,22,0,22,87
05/29/2012,TRI,TN,ASO,ES,Combined TRACON& Tower with Radar,0,39,46,0,85,0,2,30,0,32,0,41,76,0,117,52,0,52,169
05/30/2012,TRI,TN,ASO,ES,Combined TRACON& Tower with Radar,0,45,32,1,78,0,2,63,1,66,0,47,95,2,144,110,0,110,254
05/31/2012,TRI,TN,ASO,ES,Combined TRACON& Tower with Radar,4,30,25,3,62,0,2,43,0,45,4,32,68,3,107,22,0,22,129
06/01/2012,TRI,TN,ASO,ES,Combined TRACON& Tower with Radar,0,32,23,0,55,0,0,9,0,9,0,32,32,0,64,2,0,2,66
06/02/2012,TRI,TN,ASO,ES,Combined TRACON& Tower with Radar,0,29,15,0,44,0,2,38,0,40,0,31,53,0,84,26,0,26,110
06/03/2012,TRI,TN,ASO,ES,Combined TRACON& Tower with Radar,4,27,12,0,43,0,3,27,0,30,4,30,39,0,73,66,0,66,139
06/04/2012,TRI,TN,ASO,ES,Combined TRACON& Tower with Radar,0,36,19,0,55,0,4,32,0,36,0,40,51,0,91,18,0,18,109
06/05/2012,TRI,TN,ASO,ES,Combined TRACON& Tower with Radar,0,39,33,0,72,0,4,39,1,44,0,43,72,1,116,30,0,30,146
06/06/2012,TRI,TN,ASO,ES,Combined TRACON& Tower with Radar,0,32,37,0,69,0,8,57,0,65,0,40,94,0,134,74,0,74,208
06/07/2012,TRI,TN,ASO,ES,Combined TRACON& Tower with Radar,5,27,39,0,71,0,6,45,0,51,5,33,84,0,122,56,0,56,178
06/08/2012,TRI,TN,ASO,ES,Combined TRACON& Tower with Radar,3,30,21,0,54,0,12,64,0,76,3,42,85,0,130,36,0,36,166
06/09/2012,TRI,TN,ASO,ES,Combined TRACON& Tower with Radar,2,19,14,0,35,0,6,44,1,51,2,25,58,1,86,78,0,78,164
06/10/2012,TRI,TN,ASO,ES,Combined TRACON& Tower with Radar,4,25,21,0,50,0,0,33,0,33,4,25,54,0,83,51,0,51,134
06/11/2012,TRI,TN,ASO,ES,Combined TRACON& Tower with Radar,0,31,24,0,55,0,0,10,0,10,0,31,34,0,65,57,0,57,122
06/12/2012,TRI,TN,ASO,ES,Combined TRACON& Tower with Radar,0,27,41,0,68,0,10,36,0,46,0,37,77,0,114,83,0,83,197
06/13/2012,TRI,TN,ASO,ES,Combined TRACON& Tower with Radar,0,34,34,2,70,0,4,46,0,50,0,38,80,2,120,64,0,64,184
06/14/2012,TRI,TN,ASO,ES,Combined TRACON& Tower with Radar,4,31,29,0,64,0,6,34,2,42,4,37,63,2,106,122,0,122,228
06/15/2012,TRI,TN,ASO,ES,Combined TRACON& Tower with Radar,0,31,32,0,63,0,12,61,0,73,0,43,93,0,136,20,0,20,156
06/16/2012,TRI,TN,ASO,ES,Combined TRACON& Tower with Radar,0,20,29,0,49,0,4,42,2,48,0,24,71,2,97,62,0,62,159
06/17/2012,TRI,TN,ASO,ES,Combined TRACON& Tower with Radar,4,25,28,0,57,0,2,30,0,32,4,27,58,0,89,70,0,70,159
06/18/2012,TRI,TN,ASO,ES,Combined TRACON& Tower with Radar,0,29,26,0,55,0,0,34,0,34,0,29,60,0,89,40,0,40,129
06/19/2012,TRI,TN,ASO,ES,Combined TRACON& Tower with Radar,2,34,22,0,58,0,4,35,0,39,2,38,57,0,97,8,0,8,105
06/20/2012,TRI,TN,ASO,ES,Combined TRACON& Tower with Radar,0,33,34,1,68,0,6,34,0,40,0,39,68,1,108,51,0,51,159
06/21/2012,TRI,TN,ASO,ES,Combined TRACON& Tower with Radar,4,33,20,0,57,0,1,38,0,39,4,34,58,0,96,30,0,30,126
06/22/2012,TRI,TN,ASO,ES,Combined TRACON& Tower with Radar,4,38,31,0,73,0,2,24,1,27,4,40,55,1,100,14,0,14,114
06/23/2012,TRI,TN,ASO,ES,Combined TRACON& Tower with Radar,2,24,17,0,43,0,2,48,0,50,2,26,65,0,93,56,0,56,149
06/24/2012,TRI,TN,ASO,ES,Combined TRACON& Tower with Radar,4,24,14,0,42,0,0,34,0,34,4,24,48,0,76,10,0,10,86
06/25/2012,TRI,TN,ASO,ES,Combined TRACON& Tower with Radar,0,33,22,0,55,0,4,55,0,59,0,37,77,0,114,82,0,82,196
06/26/2012,TRI,TN,ASO,ES,Combined TRACON& Tower with Radar,2,25,26,0,53,0,4,66,0,70,2,29,92,0,123,123,0,123,246
06/27/2012,TRI,TN,ASO,ES,Combined TRACON& Tower with Radar,0,45,22,0,67,0,3,52,0,55,0,48,74,0,122,52,0,52,174
06/28/2012,TRI,TN,ASO,ES,Combined TRACON& Tower with Radar,4,35,31,0,70,0,0,62,0,62,4,35,93,0,132,67,0,67,199
06/29/2012,TRI,TN,ASO,ES,Combined TRACON& Tower with Radar,0,29,24,0,53,0,2,42,0,44,0,31,66,0,97,44,0,44,141
06/30/2012,TRI,TN,ASO,ES,Combined TRACON& Tower with Radar,4,24,14,2,44,0,6,29,2,37,4,30,43,4,81,14,0,14,95
07/01/2012,TRI,TN,ASO,ES,Combined TRACON& Tower with Radar,5,28,24,0,57,0,0,27,0,27,5,28,51,0,84,83,0,83,167
07/02/2012,TRI,TN,ASO,ES,Combined TRACON& Tower with Radar,0,29,16,0,45,0,0,25,0,25,0,29,41,0,70,74,0,74,144
07/03/2012,TRI,TN,ASO,ES,Combined TRACON& Tower with Radar,2,24,10,0,36,0,0,29,0,29,2,24,39,0,65,21,0,21,86
07/04/2012,TRI,TN,ASO,ES,Combined TRACON& Tower with Radar,0,22,11,0,33,0,2,21,0,23,0,24,32,0,56,24,0,24,80
07/05/2012,TRI,TN,ASO,ES,Combined TRACON& Tower with Radar,4,25,25,2,56,0,1,15,0,16,4,26,40,2,72,14,0,14,86
07/06/2012,TRI,TN,ASO,ES,Combined TRACON& Tower with Radar,0,25,28,0,53,0,1,14,0,15,0,26,42,0,68,25,0,25,93
07/07/2012,TRI,TN,ASO,ES,Combined TRACON& Tower with Radar,0,26,15,0,41,0,2,26,0,28,0,28,41,0,69,34,0,34,103
07/08/2012,TRI,TN,ASO,ES,Combined TRACON& Tower with Radar,4,24,12,0,40,0,1,17,0,18,4,25,29,0,58,20,0,20,78
07/09/2012,TRI,TN,ASO,ES,Combined TRACON& Tower with Radar,0,37,32,0,69,0,2,30,2,34,0,39,62,2,103,26,0,26,129
07/10/2012,TRI,TN,ASO,ES,Combined TRACON& Tower with Radar,2,25,26,0,53,0,0,8,0,8,2,25,34,0,61,29,0,29,90
07/11/2012,TRI,TN,ASO,ES,Combined TRACON& Tower with Radar,0,27,32,0,59,0,0,27,0,27,0,27,59,0,86,20,0,20,106
07/12/2012,TRI,TN,ASO,ES,Combined TRACON& Tower with Radar,4,26,28,0,58,0,0,60,0,60,4,26,88,0,118,70,0,70,188
07/13/2012,TRI,TN,ASO,ES,Combined TRACON& Tower with Radar,2,29,27,0,58,0,2,19,0,21,2,31,46,0,79,12,0,12,91
07/14/2012,TRI,TN,ASO,ES,Combined TRACON& Tower with Radar,0,17,14,0,31,0,2,28,2,32,0,19,42,2,63,20,0,20,83
07/15/2012,TRI,TN,ASO,ES,Combined TRACON& Tower with Radar,4,28,20,0,52,0,2,22,0,24,4,30,42,0,76,22,0,22,98
07/16/2012,TRI,TN,ASO,ES,Combined TRACON& Tower with Radar,4,27,30,0,61,0,8,31,0,39,4,35,61,0,100,64,0,64,164
07/17/2012,TRI,TN,ASO,ES,Combined TRACON& Tower with Radar,2,30,45,0,77,0,10,22,0,32,2,40,67,0,109,106,0,106,215
07/18/2012,TRI,TN,ASO,ES,Combined TRACON& Tower with Radar,2,26,28,0,56,0,5,28,0,33,2,31,56,0,89,106,0,106,195
07/19/2012,TRI,TN,ASO,ES,Combined TRACON& Tower with Radar,4,31,31,0,66,0,1,37,2,40,4,32,68,2,106,56,0,56,162
07/20/2012,TRI,TN,ASO,ES,Combined TRACON& Tower with Radar,2,30,29,0,61,0,1,25,0,26,2,31,54,0,87,24,0,24,111
07/21/2012,TRI,TN,ASO,ES,Combined TRACON& Tower with Radar,2,16,21,0,39,0,0,23,0,23,2,16,44,0,62,0,0,0,62
07/22/2012,TRI,TN,ASO,ES,Combined TRACON& Tower with Radar,4,27,24,0,55,0,4,26,1,31,4,31,50,1,86,79,0,79,165
07/23/2012,TRI,TN,ASO,ES,Combined TRACON& Tower with Radar,0,28,25,2,55,0,1,31,0,32,0,29,56,2,87,60,0,60,147
07/24/2012,TRI,TN,ASO,ES,Combined TRACON& Tower with Radar,2,34,19,0,55,0,4,21,0,25,2,38,40,0,80,62,0,62,142
07/25/2012,TRI,TN,ASO,ES,Combined TRACON& Tower with Radar,0,36,32,0,68,0,2,36,0,38,0,38,68,0,106,36,0,36,142
07/26/2012,TRI,TN,ASO,ES,Combined TRACON& Tower with Radar,5,33,28,0,66,0,2,33,0,35,5,35,61,0,101,28,0,28,129
07/27/2012,TRI,TN,ASO,ES,Combined TRACON& Tower with Radar,0,36,37,2,75,0,7,35,3,45,0,43,72,5,120,42,0,42,162
07/28/2012,TRI,TN,ASO,ES,Combined TRACON& Tower with Radar,0,21,31,1,53,0,2,73,1,76,0,23,104,2,129,112,0,112,241
07/29/2012,TRI,TN,ASO,ES,Combined TRACON& Tower with Radar,4,27,21,0,52,0,0,56,0,56,4,27,77,0,108,26,0,26,134
07/30/2012,TRI,TN,ASO,ES,Combined TRACON& Tower with Radar,0,41,28,0,69,0,2,28,0,30,0,43,56,0,99,52,0,52,151
07/31/2012,TRI,TN,ASO,ES,Combined TRACON& Tower with Radar,2,37,27,0,66,0,2,13,2,17,2,39,40,2,83,20,0,20,103
08/01/2012,TRI,TN,ASO,ES,Combined TRACON& Tower with Radar,0,41,28,0,69,0,2,35,2,39,0,43,63,2,108,24,0,24,132
08/02/2012,TRI,TN,ASO,ES,Combined TRACON& Tower with Radar,4,34,30,2,70,0,2,49,0,51,4,36,79,2,121,60,0,60,181
08/03/2012,TRI,TN,ASO,ES,Combined TRACON& Tower with Radar,0,30,22,2,54,0,2,29,0,31,0,32,51,2,85,44,0,44,129
08/04/2012,TRI,TN,ASO,ES,Combined TRACON& Tower with Radar,0,20,21,0,41,0,4,29,0,33,0,24,50,0,74,60,0,60,134
08/05/2012,TRI,TN,ASO,ES,Combined TRACON& Tower with Radar,4,25,9,0,38,0,1,23,0,24,4,26,32,0,62,38,0,38,100
08/06/2012,TRI,TN,ASO,ES,Combined TRACON& Tower with Radar,0,33,30,0,63,0,1,12,0,13,0,34,42,0,76,24,0,24,100
08/07/2012,TRI,TN,ASO,ES,Combined TRACON& Tower with Radar,0,34,39,0,73,0,6,10,0,16,0,40,49,0,89,44,0,44,133
08/08/2012,TRI,TN,ASO,ES,Combined TRACON& Tower with Radar,0,30,33,0,63,0,4,16,0,20,0,34,49,0,83,39,0,39,122
08/09/2012,TRI,TN,ASO,ES,Combined TRACON& Tower with Radar,4,29,24,0,57,0,3,19,1,23,4,32,43,1,80,110,0,110,190
08/10/2012,TRI,TN,ASO,ES,Combined TRACON& Tower with Radar,0,28,25,0,53,0,2,10,0,12,0,30,35,0,65,54,0,54,119
08/11/2012,TRI,TN,ASO,ES,Combined TRACON& Tower with Radar,0,21,15,4,40,0,2,49,0,51,0,23,64,4,91,82,0,82,173
08/12/2012,TRI,TN,ASO,ES,Combined TRACON& Tower with Radar,4,26,19,0,49,0,5,48,0,53,4,31,67,0,102,76,0,76,178
08/13/2012,TRI,TN,ASO,ES,Combined TRACON& Tower with Radar,0,35,22,0,57,0,5,33,0,38,0,40,55,0,95,60,0,60,155
08/14/2012,TRI,TN,ASO,ES,Combined TRACON& Tower with Radar,0,42,34,0,76,0,0,42,0,42,0,42,76,0,118,58,0,58,176
08/15/2012,TRI,TN,ASO,ES,Combined TRACON& Tower with Radar,0,36,34,0,70,0,6,25,3,34,0,42,59,3,104,61,0,61,165
08/16/2012,TRI,TN,ASO,ES,Combined TRACON& Tower with Radar,4,32,39,0,75,0,0,50,2,52,4,32,89,2,127,75,0,75,202
08/17/2012,TRI,TN,ASO,ES,Combined TRACON& Tower with Radar,0,26,18,0,44,0,2,15,0,17,0,28,33,0,61,6,0,6,67
08/18/2012,TRI,TN,ASO,ES,Combined TRACON& Tower with Radar,0,20,10,0,30,0,4,29,0,33,0,24,39,0,63,22,0,22,85
08/19/2012,TRI,TN,ASO,ES,Combined TRACON& Tower with Radar,4,24,32,0,60,0,0,27,0,27,4,24,59,0,87,38,0,38,125
08/20/2012,TRI,TN,ASO,ES,Combined TRACON& Tower with Radar,0,33,26,0,59,0,8,18,0,26,0,41,44,0,85,14,0,14,99
08/21/2012,TRI,TN,ASO,ES,Combined TRACON& Tower with Radar,2,34,27,0,63,0,2,40,1,43,2,36,67,1,106,54,0,54,160
08/22/2012,TRI,TN,ASO,ES,Combined TRACON& Tower with Radar,0,37,68,0,105,0,4,42,0,46,0,41,110,0,151,42,0,42,193
08/23/2012,TRI,TN,ASO,ES,Combined TRACON& Tower with Radar,6,38,67,0,111,0,6,74,1,81,6,44,141,1,192,42,0,42,234
08/24/2012,TRI,TN,ASO,ES,Combined TRACON& Tower with Radar,3,40,66,1,110,0,5,60,1,66,3,45,126,2,176,40,0,40,216
08/25/2012,TRI,TN,ASO,ES,Combined TRACON& Tower with Radar,3,28,111,0,142,0,5,208,1,214,3,33,319,1,356,26,0,26,382
08/26/2012,TRI,TN,ASO,ES,Combined TRACON& Tower with Radar,13,32,61,2,108,0,2,48,1,51,13,34,109,3,159,28,0,28,187
08/27/2012,TRI,TN,ASO,ES,Combined TRACON& Tower with Radar,0,30,24,0,54,0,8,18,0,26,0,38,42,0,80,42,0,42,122
08/28/2012,TRI,TN,ASO,ES,Combined TRACON& Tower with Radar,0,36,22,0,58,0,6,37,0,43,0,42,59,0,101,17,0,17,118
08/29/2012,TRI,TN,ASO,ES,Combined TRACON& Tower with Radar,0,30,32,2,64,0,0,20,2,22,0,30,52,4,86,18,0,18,104
08/30/2012,TRI,TN,ASO,ES,Combined TRACON& Tower with Radar,4,41,17,0,62,0,2,51,0,53,4,43,68,0,115,24,0,24,139
08/31/2012,TRI,TN,ASO,ES,Combined TRACON& Tower with Radar,0,32,28,1,61,0,2,57,1,60,0,34,85,2,121,14,0,14,135
09/01/2012,TRI,TN,ASO,ES,Combined TRACON& Tower with Radar,0,16,14,1,31,0,5,30,1,36,0,21,44,2,67,36,0,36,103
09/02/2012,TRI,TN,ASO,ES,Combined TRACON& Tower with Radar,4,17,4,0,25,0,5,5,0,10,4,22,9,0,35,10,0,10,45
09/03/2012,TRI,TN,ASO,ES,Combined TRACON& Tower with Radar,0,35,9,0,44,0,1,3,0,4,0,36,12,0,48,0,0,0,48
09/04/2012,TRI,TN,ASO,ES,Combined TRACON& Tower with Radar,0,31,19,0,50,0,2,20,0,22,0,33,39,0,72,14,0,14,86
09/05/2012,TRI,TN,ASO,ES,Combined TRACON& Tower with Radar,1,29,33,2,65,0,3,18,1,22,1,32,51,3,87,88,0,88,175
09/06/2012,TRI,TN,ASO,ES,Combined TRACON& Tower with Radar,6,29,24,0,59,0,8,28,0,36,6,37,52,0,95,98,0,98,193
09/07/2012,TRI,TN,ASO,ES,Combined TRACON& Tower with Radar,3,30,29,2,64,0,6,26,3,35,3,36,55,5,99,52,0,52,151
09/08/2012,TRI,TN,ASO,ES,Combined TRACON& Tower with Radar,2,24,7,0,33,0,5,4,0,9,2,29,11,0,42,14,0,14,56
09/09/2012,TRI,TN,ASO,ES,Combined TRACON& Tower with Radar,6,24,35,0,65,0,5,38,0,43,6,29,73,0,108,52,0,52,160
09/10/2012,TRI,TN,ASO,ES,Combined TRACON& Tower with Radar,4,31,31,0,66,0,2,21,0,23,4,33,52,0,89,16,0,16,105
09/11/2012,TRI,TN,ASO,ES,Combined TRACON& Tower with Radar,2,32,20,0,54,0,12,15,2,29,2,44,35,2,83,0,0,0,83
09/12/2012,TRI,TN,ASO,ES,Combined TRACON& Tower with Radar,2,35,28,0,65,0,19,34,0,53,2,54,62,0,118,66,0,66,184
09/13/2012,TRI,TN,ASO,ES,Combined TRACON& Tower with Radar,6,35,33,0,74,0,4,40,0,44,6,39,73,0,118,68,0,68,186
09/14/2012,TRI,TN,ASO,ES,Combined TRACON& Tower with Radar,4,29,25,4,62,0,1,29,5,35,4,30,54,9,97,60,0,60,157
09/15/2012,TRI,TN,ASO,ES,Combined TRACON& Tower with Radar,4,16,32,0,52,0,3,19,0,22,4,19,51,0,74,38,0,38,112
09/16/2012,TRI,TN,ASO,ES,Combined TRACON& Tower with Radar,6,21,24,0,51,0,6,24,0,30,6,27,48,0,81,16,0,16,97
09/17/2012,TRI,TN,ASO,ES,Combined TRACON& Tower with Radar,1,33,25,2,61,0,0,9,0,9,1,33,34,2,70,6,0,6,76
09/18/2012,TRI,TN,ASO,ES,Combined TRACON& Tower with Radar,2,30,21,0,53,0,0,0,0,0,2,30,21,0,53,0,0,0,53
09/19/2012,TRI,TN,ASO,ES,Combined TRACON& Tower with Radar,2,44,35,0,81,0,0,41,0,41,2,44,76,0,122,22,0,22,144
09/20/2012,TRI,TN,ASO,ES,Combined TRACON& Tower with Radar,10,33,35,0,78,0,7,33,1,41,10,40,68,1,119,64,0,64,183
09/21/2012,TRI,TN,ASO,ES,Combined TRACON& Tower with Radar,2,28,32,0,62,0,12,38,0,50,2,40,70,0,112,14,0,14,126
09/22/2012,TRI,TN,ASO,ES,Combined TRACON& Tower with Radar,2,17,18,0,37,0,8,17,0,25,2,25,35,0,62,116,0,116,178
09/23/2012,TRI,TN,ASO,ES,Combined TRACON& Tower with Radar,6,26,14,4,50,0,7,36,2,45,6,33,50,6,95,44,0,44,139
09/24/2012,TRI,TN,ASO,ES,Combined TRACON& Tower with Radar,2,27,21,0,50,0,2,28,0,30,2,29,49,0,80,54,0,54,134
09/25/2012,TRI,TN,ASO,ES,Combined TRACON& Tower with Radar,2,36,27,0,65,0,5,28,0,33,2,41,55,0,98,25,0,25,123
09/26/2012,TRI,TN,ASO,ES,Combined TRACON& Tower with Radar,2,41,24,0,67,0,10,17,2,29,2,51,41,2,96,82,0,82,178
09/27/2012,TRI,TN,ASO,ES,Combined TRACON& Tower with Radar,10,25,32,0,67,0,6,34,0,40,10,31,66,0,107,56,0,56,163
09/28/2012,TRI,TN,ASO,ES,Combined TRACON& Tower with Radar,2,30,17,0,49,0,7,4,2,13,2,37,21,2,62,26,0,26,88
09/29/2012,TRI,TN,ASO,ES,Combined TRACON& Tower with Radar,2,23,16,0,41,0,2,4,3,9,2,25,20,3,50,20,0,20,70
09/30/2012,TRI,TN,ASO,ES,Combined TRACON& Tower with Radar,6,22,14,1,43,0,0,17,3,20,6,22,31,4,63,50,0,50,113
10/01/2012,TRI,TN,ASO,ES,Combined TRACON& Tower with Radar,2,29,21,0,52,0,0,6,0,6,2,29,27,0,58,16,0,16,74
10/02/2012,TRI,TN,ASO,ES,Combined TRACON& Tower with Radar,4,33,41,0,78,0,0,39,0,39,4,33,80,0,117,0,0,0,117
10/03/2012,TRI,TN,ASO,ES,Combined TRACON& Tower with Radar,2,35,24,8,69,0,8,13,0,21,2,43,37,8,90,18,0,18,108
10/04/2012,TRI,TN,ASO,ES,Combined TRACON& Tower with Radar,6,30,35,2,73,0,1,28,8,37,6,31,63,10,110,34,0,34,144
10/05/2012,TRI,TN,ASO,ES,Combined TRACON& Tower with Radar,2,28,15,0,45,0,4,37,0,41,2,32,52,0,86,20,0,20,106
10/06/2012,TRI,TN,ASO,ES,Combined TRACON& Tower with Radar,2,18,24,0,44,0,2,13,0,15,2,20,37,0,59,16,0,16,75
10/07/2012,TRI,TN,ASO,ES,Combined TRACON& Tower with Radar,6,29,20,0,55,0,0,3,0,3,6,29,23,0,58,36,0,36,94
10/08/2012,TRI,TN,ASO,ES,Combined TRACON& Tower with Radar,2,29,17,0,48,0,0,1,0,1,2,29,18,0,49,3,0,3,52
10/09/2012,TRI,TN,ASO,ES,Combined TRACON& Tower with Radar,4,29,18,0,51,0,9,19,0,28,4,38,37,0,79,68,0,68,147
10/10/2012,TRI,TN,ASO,ES,Combined TRACON& Tower with Radar,2,29,36,2,69,0,8,23,0,31,2,37,59,2,100,90,0,90,190
10/11/2012,TRI,TN,ASO,ES,Combined TRACON& Tower with Radar,8,30,34,0,72,0,11,48,3,62,8,41,82,3,134,58,0,58,192
10/12/2012,TRI,TN,ASO,ES,Combined TRACON& Tower with Radar,2,26,21,0,49,0,7,56,2,65,2,33,77,2,114,108,0,108,222
10/13/2012,TRI,TN,ASO,ES,Combined TRACON& Tower with Radar,4,22,20,0,46,0,4,44,2,50,4,26,64,2,96,60,0,60,156
10/14/2012,TRI,TN,ASO,ES,Combined TRACON& Tower with Radar,6,24,12,0,42,0,12,40,0,52,6,36,52,0,94,112,0,112,206
10/15/2012,TRI,TN,ASO,ES,Combined TRACON& Tower with Radar,2,31,24,0,57,0,6,25,0,31,2,37,49,0,88,194,0,194,282
10/16/2012,TRI,TN,ASO,ES,Combined TRACON& Tower with Radar,4,36,37,0,77,0,9,60,0,69,4,45,97,0,146,176,0,176,322
10/17/2012,TRI,TN,ASO,ES,Combined TRACON& Tower with Radar,2,30,21,2,55,0,7,53,2,62,2,37,74,4,117,67,0,67,184
10/18/2012,TRI,TN,ASO,ES,Combined TRACON& Tower with Radar,6,43,26,1,76,0,8,27,3,38,6,51,53,4,114,54,0,54,168
10/19/2012,TRI,TN,ASO,ES,Combined TRACON& Tower with Radar,3,39,22,0,64,0,2,29,2,33,3,41,51,2,97,10,0,10,107
10/20/2012,TRI,TN,ASO,ES,Combined TRACON& Tower with Radar,2,21,9,0,32,0,2,12,0,14,2,23,21,0,46,0,0,0,46
10/21/2012,TRI,TN,ASO,ES,Combined TRACON& Tower with Radar,6,26,19,0,51,0,6,55,1,62,6,32,74,1,113,106,0,106,219
10/22/2012,TRI,TN,ASO,ES,Combined TRACON& Tower with Radar,2,39,24,0,65,0,1,28,0,29,2,40,52,0,94,44,0,44,138
10/23/2012,TRI,TN,ASO,ES,Combined TRACON& Tower with Radar,2,26,22,0,50,0,0,40,0,40,2,26,62,0,90,12,0,12,102
10/24/2012,TRI,TN,ASO,ES,Combined TRACON& Tower with Radar,2,26,39,2,69,0,0,32,0,32,2,26,71,2,101,36,0,36,137
10/25/2012,TRI,TN,ASO,ES,Combined TRACON& Tower with Radar,6,31,30,2,69,0,2,34,0,36,6,33,64,2,105,16,0,16,121
10/26/2012,TRI,TN,ASO,ES,Combined TRACON& Tower with Radar,2,27,22,0,51,0,6,28,0,34,2,33,50,0,85,85,0,85,170
10/27/2012,TRI,TN,ASO,ES,Combined TRACON& Tower with Radar,2,23,27,0,52,0,0,12,0,12,2,23,39,0,64,88,0,88,152
10/28/2012,TRI,TN,ASO,ES,Combined TRACON& Tower with Radar,6,24,16,0,46,0,0,2,0,2,6,24,18,0,48,0,0,0,48
10/29/2012,TRI,TN,ASO,ES,Combined TRACON& Tower with Radar,4,30,16,0,50,0,2,0,0,2,4,32,16,0,52,0,0,0,52
10/30/2012,TRI,TN,ASO,ES,Combined TRACON& Tower with Radar,2,22,13,0,37,0,1,0,0,1,2,23,13,0,38,0,0,0,38
10/31/2012,TRI,TN,ASO,ES,Combined TRACON& Tower with Radar,2,28,15,0,45,0,3,7,0,10,2,31,22,0,55,0,0,0,55
11/01/2012,TRI,TN,ASO,ES,Combined TRACON& Tower with Radar,5,33,32,0,70,0,2,29,0,31,5,35,61,0,101,44,0,44,145
11/02/2012,TRI,TN,ASO,ES,Combined TRACON& Tower with Radar,4,29,27,2,62,0,0,36,0,36,4,29,63,2,98,0,0,0,98
11/03/2012,TRI,TN,ASO,ES,Combined TRACON& Tower with Radar,2,17,12,2,33,0,0,35,0,35,2,17,47,2,68,42,0,42,110
11/04/2012,TRI,TN,ASO,ES,Combined TRACON& Tower with Radar,6,26,14,18,64,0,0,49,0,49,6,26,63,18,113,90,0,90,203
11/05/2012,TRI,TN,ASO,ES,Combined TRACON& Tower with Radar,2,38,20,0,60,0,6,30,0,36,2,44,50,0,96,50,0,50,146
11/06/2012,TRI,TN,ASO,ES,Combined TRACON& Tower with Radar,2,34,42,0,78,0,2,14,1,17,2,36,56,1,95,12,0,12,107
11/07/2012,TRI,TN,ASO,ES,Combined TRACON& Tower with Radar,2,31,21,10,64,0,0,4,0,4,2,31,25,10,68,14,0,14,82
11/08/2012,TRI,TN,ASO,ES,Combined TRACON& Tower with Radar,6,31,33,6,76,0,0,16,0,16,6,31,49,6,92,18,0,18,110
11/09/2012,TRI,TN,ASO,ES,Combined TRACON& Tower with Radar,2,26,22,2,52,0,0,37,0,37,2,26,59,2,89,62,0,62,151
11/10/2012,TRI,TN,ASO,ES,Combined TRACON& Tower with Radar,2,22,14,0,38,0,8,25,0,33,2,30,39,0,71,122,0,122,193
11/11/2012,TRI,TN,ASO,ES,Combined TRACON& Tower with Radar,6,22,7,0,35,0,11,35,0,46,6,33,42,0,81,126,0,126,207
11/12/2012,TRI,TN,ASO,ES,Combined TRACON& Tower with Radar,2,31,22,0,55,0,4,25,0,29,2,35,47,0,84,74,0,74,158
11/13/2012,TRI,TN,ASO,ES,Combined TRACON& Tower with Radar,2,24,20,0,46,0,0,23,2,25,2,24,43,2,71,43,0,43,114
11/14/2012,TRI,TN,ASO,ES,Combined TRACON& Tower with Radar,2,24,14,0,40,0,21,18,3,42,2,45,32,3,82,88,0,88,170
11/15/2012,TRI,TN,ASO,ES,Combined TRACON& Tower with Radar,6,27,24,4,61,0,10,51,2,63,6,37,75,6,124,105,0,105,229
11/16/2012,TRI,TN,ASO,ES,Combined TRACON& Tower with Radar,2,39,51,0,92,0,13,41,0,54,2,52,92,0,146,70,0,70,216
11/17/2012,TRI,TN,ASO,ES,Combined TRACON& Tower with Radar,2,19,34,0,55,0,10,37,0,47,2,29,71,0,102,72,0,72,174
11/18/2012,TRI,TN,ASO,ES,Combined TRACON& Tower with Radar,6,21,10,0,37,0,8,51,0,59,6,29,61,0,96,90,0,90,186
11/19/2012,TRI,TN,ASO,ES,Combined TRACON& Tower with Radar,2,29,17,0,48,0,2,22,0,24,2,31,39,0,72,24,0,24,96
11/20/2012,TRI,TN,ASO,ES,Combined TRACON& Tower with Radar,4,30,26,0,60,0,10,34,0,44,4,40,60,0,104,163,0,163,267
11/21/2012,TRI,TN,ASO,ES,Combined TRACON& Tower with Radar,3,33,22,6,64,0,7,20,0,27,3,40,42,6,91,18,0,18,109
11/22/2012,TRI,TN,ASO,ES,Combined TRACON& Tower with Radar,3,13,2,0,18,0,0,16,0,16,3,13,18,0,34,12,0,12,46
11/23/2012,TRI,TN,ASO,ES,Combined TRACON& Tower with Radar,1,27,9,0,37,0,2,17,0,19,1,29,26,0,56,20,0,20,76
11/24/2012,TRI,TN,ASO,ES,Combined TRACON& Tower with Radar,4,30,10,0,44,0,0,28,0,28,4,30,38,0,72,58,0,58,130
11/25/2012,TRI,TN,ASO,ES,Combined TRACON& Tower with Radar,6,25,18,0,49,0,1,39,0,40,6,26,57,0,89,60,0,60,149
11/26/2012,TRI,TN,ASO,ES,Combined TRACON& Tower with Radar,2,30,27,0,59,0,0,43,2,45,2,30,70,2,104,68,0,68,172
11/27/2012,TRI,TN,ASO,ES,Combined TRACON& Tower with Radar,2,22,13,0,37,0,0,2,0,2,2,22,15,0,39,0,0,0,39
11/28/2012,TRI,TN,ASO,ES,Combined TRACON& Tower with Radar,2,45,29,0,76,0,3,26,0,29,2,48,55,0,105,70,0,70,175
11/29/2012,TRI,TN,ASO,ES,Combined TRACON& Tower with Radar,6,31,33,0,70,0,6,35,0,41,6,37,68,0,111,32,0,32,143
11/30/2012,TRI,TN,ASO,ES,Combined TRACON& Tower with Radar,3,37,35,0,75,0,3,36,0,39,3,40,71,0,114,40,0,40,154
12/01/2012,TRI,TN,ASO,ES,Combined TRACON& Tower with Radar,3,18,14,0,35,0,0,38,0,38,3,18,52,0,73,42,0,42,115
12/02/2012,TRI,TN,ASO,ES,Combined TRACON& Tower with Radar,6,22,13,2,43,0,4,26,0,30,6,26,39,2,73,60,0,60,133
12/03/2012,TRI,TN,ASO,ES,Combined TRACON& Tower with Radar,2,33,13,0,48,0,8,16,0,24,2,41,29,0,72,70,0,70,142
12/04/2012,TRI,TN,ASO,ES,Combined TRACON& Tower with Radar,2,29,17,0,48,0,2,39,2,43,2,31,56,2,91,20,0,20,111
12/05/2012,TRI,TN,ASO,ES,Combined TRACON& Tower with Radar,2,40,27,0,69,0,6,13,0,19,2,46,40,0,88,64,0,64,152
12/06/2012,TRI,TN,ASO,ES,Combined TRACON& Tower with Radar,6,35,30,0,71,0,2,10,0,12,6,37,40,0,83,10,0,10,93
12/07/2012,TRI,TN,ASO,ES,Combined TRACON& Tower with Radar,2,40,33,2,77,0,0,26,1,27,2,40,59,3,104,10,0,10,114
12/08/2012,TRI,TN,ASO,ES,Combined TRACON& Tower with Radar,2,20,30,0,52,0,0,21,0,21,2,20,51,0,73,44,0,44,117
12/09/2012,TRI,TN,ASO,ES,Combined TRACON& Tower with Radar,8,22,18,0,48,0,3,38,0,41,8,25,56,0,89,62,0,62,151
12/10/2012,TRI,TN,ASO,ES,Combined TRACON& Tower with Radar,2,26,24,0,52,0,0,0,0,0,2,26,24,0,52,8,0,8,60
12/11/2012,TRI,TN,ASO,ES,Combined TRACON& Tower with Radar,4,40,22,0,66,0,2,23,0,25,4,42,45,0,91,20,0,20,111
12/12/2012,TRI,TN,ASO,ES,Combined TRACON& Tower with Radar,2,39,25,0,66,0,5,18,2,25,2,44,43,2,91,30,0,30,121
12/13/2012,TRI,TN,ASO,ES,Combined TRACON& Tower with Radar,6,39,50,0,95,0,0,36,0,36,6,39,86,0,131,26,0,26,157
12/14/2012,TRI,TN,ASO,ES,Combined TRACON& Tower with Radar,2,29,17,0,48,0,6,25,0,31,2,35,42,0,79,4,0,4,83
12/15/2012,TRI,TN,ASO,ES,Combined TRACON& Tower with Radar,2,19,26,0,47,0,2,26,0,28,2,21,52,0,75,60,0,60,135
12/16/2012,TRI,TN,ASO,ES,Combined TRACON& Tower with Radar,6,20,5,0,31,0,0,0,0,0,6,20,5,0,31,0,0,0,31
12/17/2012,TRI,TN,ASO,ES,Combined TRACON& Tower with Radar,2,34,33,12,81,0,0,10,0,10,2,34,43,12,91,38,0,38,129
12/18/2012,TRI,TN,ASO,ES,Combined TRACON& Tower with Radar,2,23,26,2,53,0,2,18,0,20,2,25,44,2,73,12,0,12,85
12/19/2012,TRI,TN,ASO,ES,Combined TRACON& Tower with Radar,2,31,30,0,63,0,2,34,0,36,2,33,64,0,99,20,0,20,119
12/20/2012,TRI,TN,ASO,ES,Combined TRACON& Tower with Radar,6,24,6,0,36,0,0,2,0,2,6,24,8,0,38,0,0,0,38
12/21/2012,TRI,TN,ASO,ES,Combined TRACON& Tower with Radar,2,27,11,0,40,0,0,4,0,4,2,27,15,0,44,0,0,0,44
12/22/2012,TRI,TN,ASO,ES,Combined TRACON& Tower with Radar,2,15,14,0,31,0,2,21,0,23,2,17,35,0,54,24,0,24,78
12/23/2012,TRI,TN,ASO,ES,Combined TRACON& Tower with Radar,5,24,19,0,48,0,2,27,0,29,5,26,46,0,77,28,0,28,105
12/24/2012,TRI,TN,ASO,ES,Combined TRACON& Tower with Radar,0,20,1,0,21,0,0,0,0,0,0,20,1,0,21,0,0,0,21
12/25/2012,TRI,TN,ASO,ES,Combined TRACON& Tower with Radar,0,19,3,0,22,0,4,0,0,4,0,23,3,0,26,0,0,0,26
12/26/2012,TRI,TN,ASO,ES,Combined TRACON& Tower with Radar,1,26,6,0,33,0,1,0,0,1,1,27,6,0,34,18,0,18,52
12/27/2012,TRI,TN,ASO,ES,Combined TRACON& Tower with Radar,6,30,18,0,54,0,1,16,0,17,6,31,34,0,71,32,0,32,103
12/28/2012,TRI,TN,ASO,ES,Combined TRACON& Tower with Radar,2,28,12,0,42,0,0,27,0,27,2,28,39,0,69,54,0,54,123
12/29/2012,TRI,TN,ASO,ES,Combined TRACON& Tower with Radar,2,20,1,0,23,0,3,0,0,3,2,23,1,0,26,4,0,4,30
12/30/2012,TRI,TN,ASO,ES,Combined TRACON& Tower with Radar,5,21,14,0,40,0,1,18,0,19,5,22,32,0,59,28,0,28,87
12/31/2012,TRI,TN,ASO,ES,Combined TRACON& Tower with Radar,0,21,6,0,27,0,0,29,0,29,0,21,35,0,56,38,0,38,94
01/01/2013,TRI,TN,ASO,ES,Combined TRACON& Tower with Radar,0,20,6,0,26,0,0,0,0,0,0,20,6,0,26,0,0,0,26
01/02/2013,TRI,TN,ASO,ES,Combined TRACON& Tower with Radar,1,29,10,0,40,0,3,2,0,5,1,32,12,0,45,0,0,0,45
01/03/2013,TRI,TN,ASO,ES,Combined TRACON& Tower with Radar,6,27,22,6,61,0,0,30,0,30,6,27,52,6,91,84,0,84,175
01/04/2013,TRI,TN,ASO,ES,Combined TRACON& Tower with Radar,2,26,31,0,59,0,1,38,0,39,2,27,69,0,98,42,0,42,140
01/05/2013,TRI,TN,ASO,ES,Combined TRACON& Tower with Radar,2,17,12,0,31,0,1,43,0,44,2,18,55,0,75,70,0,70,145
01/06/2013,TRI,TN,ASO,ES,Combined TRACON& Tower with Radar,6,22,13,0,41,0,0,5,0,5,6,22,18,0,46,1,0,1,47
01/07/2013,TRI,TN,ASO,ES,Combined TRACON& Tower with Radar,2,30,19,3,54,0,4,21,4,29,2,34,40,7,83,18,0,18,101
01/08/2013,TRI,TN,ASO,ES,Combined TRACON& Tower with Radar,2,21,19,0,42,0,3,39,0,42,2,24,58,0,84,4,0,4,88
01/09/2013,TRI,TN,ASO,ES,Combined TRACON& Tower with Radar,2,25,29,0,56,0,2,21,0,23,2,27,50,0,79,52,0,52,131
01/10/2013,TRI,TN,ASO,ES,Combined TRACON& Tower with Radar,6,28,17,6,57,0,11,21,0,32,6,39,38,6,89,54,0,54,143
01/11/2013,TRI,TN,ASO,ES,Combined TRACON& Tower with Radar,2,31,12,0,45,0,5,12,0,17,2,36,24,0,62,72,0,72,134
01/12/2013,TRI,TN,ASO,ES,Combined TRACON& Tower with Radar,2,15,10,0,27,0,3,34,0,37,2,18,44,0,64,60,0,60,124
01/13/2013,TRI,TN,ASO,ES,Combined TRACON& Tower with Radar,8,28,25,0,61,0,7,44,0,51,8,35,69,0,112,74,0,74,186
01/14/2013,TRI,TN,ASO,ES,Combined TRACON& Tower with Radar,2,28,26,0,56,0,0,1,0,1,2,28,27,0,57,0,0,0,57
01/15/2013,TRI,TN,ASO,ES,Combined TRACON& Tower with Radar,2,28,13,0,43,0,0,2,0,2,2,28,15,0,45,0,0,0,45
01/16/2013,TRI,TN,ASO,ES,Combined TRACON& Tower with Radar,1,32,18,0,51,0,1,2,0,3,1,33,20,0,54,28,0,28,82
01/17/2013,TRI,TN,ASO,ES,Combined TRACON& Tower with Radar,5,13,4,0,22,0,1,0,0,1,5,14,4,0,23,0,0,0,23
01/18/2013,TRI,TN,ASO,ES,Combined TRACON& Tower with Radar,2,27,8,1,38,0,13,22,0,35,2,40,30,1,73,88,0,88,161
01/19/2013,TRI,TN,ASO,ES,Combined TRACON& Tower with Radar,1,17,13,0,31,0,4,33,0,37,1,21,46,0,68,84,0,84,152
01/20/2013,TRI,TN,ASO,ES,Combined TRACON& Tower with Radar,8,14,11,0,33,0,2,40,0,42,8,16,51,0,75,46,0,46,121
01/21/2013,TRI,TN,ASO,ES,Combined TRACON& Tower with Radar,1,29,12,0,42,0,2,24,0,26,1,31,36,0,68,0,0,0,68
01/22/2013,TRI,TN,ASO,ES,Combined TRACON& Tower with Radar,4,26,19,0,49,0,2,17,0,19,4,28,36,0,68,80,0,80,148
01/23/2013,TRI,TN,ASO,ES,Combined TRACON& Tower with Radar,2,25,14,0,41,0,9,50,0,59,2,34,64,0,100,120,0,120,220
01/24/2013,TRI,TN,ASO,ES,Combined TRACON& Tower with Radar,6,29,18,1,54,0,0,24,0,24,6,29,42,1,78,51,0,51,129
01/25/2013,TRI,TN,ASO,ES,Combined TRACON& Tower with Radar,2,19,2,0,23,0,1,0,0,1,2,20,2,0,24,0,0,0,24
01/26/2013,TRI,TN,ASO,ES,Combined TRACON& Tower with Radar,2,14,11,0,27,0,16,18,0,34,2,30,29,0,61,88,0,88,149
01/27/2013,TRI,TN,ASO,ES,Combined TRACON& Tower with Radar,6,17,7,0,30,0,12,52,0,64,6,29,59,0,94,122,0,122,216
01/28/2013,TRI,TN,ASO,ES,Combined TRACON& Tower with Radar,1,30,49,4,84,0,3,83,0,86,1,33,132,4,170,50,0,50,220
01/29/2013,TRI,TN,ASO,ES,Combined TRACON& Tower with Radar,2,29,32,1,64,0,16,35,1,52,2,45,67,2,116,122,0,122,238
01/30/2013,TRI,TN,ASO,ES,Combined TRACON& Tower with Radar,2,21,8,0,31,0,1,0,0,1,2,22,8,0,32,62,0,62,94
01/31/2013,TRI,TN,ASO,ES,Combined TRACON& Tower with Radar,6,28,21,0,55,0,10,23,0,33,6,38,44,0,88,18,0,18,106
02/01/2013,TRI,TN,ASO,ES,Combined TRACON& Tower with Radar,4,41,24,0,69,0,48,68,0,116,4,89,92,0,185,0,0,0,185
02/02/2013,TRI,TN,ASO,ES,Combined TRACON& Tower with Radar,1,14,3,0,18,0,0,9,0,9,1,14,12,0,27,20,0,20,47
02/03/2013,TRI,TN,ASO,ES,Combined TRACON& Tower with Radar,9,17,6,0,32,0,0,0,0,0,9,17,6,0,32,0,0,0,32
02/04/2013,TRI,TN,ASO,ES,Combined TRACON& Tower with Radar,2,33,16,2,53,0,14,32,0,46,2,47,48,2,99,110,0,110,209
02/05/2013,TRI,TN,ASO,ES,Combined TRACON& Tower with Radar,4,33,11,0,48,0,1,23,0,24,4,34,34,0,72,42,0,42,114
02/06/2013,TRI,TN,ASO,ES,Combined TRACON& Tower with Radar,2,31,24,0,57,0,6,40,0,46,2,37,64,0,103,36,0,36,139
02/07/2013,TRI,TN,ASO,ES,Combined TRACON& Tower with Radar,6,31,18,0,55,0,0,51,2,53,6,31,69,2,108,0,0,0,108
02/08/2013,TRI,TN,ASO,ES,Combined TRACON& Tower with Radar,2,34,14,0,50,0,0,14,0,14,2,34,28,0,64,12,0,12,76
02/09/2013,TRI,TN,ASO,ES,Combined TRACON& Tower with Radar,2,25,10,0,37,0,5,40,0,45,2,30,50,0,82,36,0,36,118
02/10/2013,TRI,TN,ASO,ES,Combined TRACON& Tower with Radar,6,24,5,0,35,0,0,37,1,38,6,24,42,1,73,38,0,38,111
02/11/2013,TRI,TN,ASO,ES,Combined TRACON& Tower with Radar,2,35,26,0,63,0,0,24,0,24,2,35,50,0,87,20,0,20,107
02/12/2013,TRI,TN,ASO,ES,Combined TRACON& Tower with Radar,2,22,38,0,62,0,2,45,0,47,2,24,83,0,109,50,0,50,159
02/13/2013,TRI,TN,ASO,ES,Combined TRACON& Tower with Radar,1,30,18,0,49,0,0,1,0,1,1,30,19,0,50,0,0,0,50
02/14/2013,TRI,TN,ASO,ES,Combined TRACON& Tower with Radar,5,37,22,0,64,0,2,45,0,47,5,39,67,0,111,95,0,95,206
02/15/2013,TRI,TN,ASO,ES,Combined TRACON& Tower with Radar,2,28,28,0,58,0,0,20,0,20,2,28,48,0,78,34,0,34,112
02/16/2013,TRI,TN,ASO,ES,Combined TRACON& Tower with Radar,2,13,8,0,23,0,5,6,0,11,2,18,14,0,34,81,0,81,115
02/17/2013,TRI,TN,ASO,ES,Combined TRACON& Tower with Radar,8,15,16,0,39,0,5,16,0,21,8,20,32,0,60,46,0,46,106
02/18/2013,TRI,TN,ASO,ES,Combined TRACON& Tower with Radar,2,30,13,0,45,0,4,34,0,38,2,34,47,0,83,52,0,52,135
02/19/2013,TRI,TN,ASO,ES,Combined TRACON& Tower with Radar,6,27,21,4,58,0,2,2,0,4,6,29,23,4,62,6,0,6,68
02/20/2013,TRI,TN,ASO,ES,Combined TRACON& Tower with Radar,2,33,23,0,58,0,2,22,0,24,2,35,45,0,82,56,0,56,138
02/21/2013,TRI,TN,ASO,ES,Combined TRACON& Tower with Radar,6,34,15,0,55,0,0,28,0,28,6,34,43,0,83,46,0,46,129
02/22/2013,TRI,TN,ASO,ES,Combined TRACON& Tower with Radar,2,27,14,1,44,0,0,12,1,13,2,27,26,2,57,24,0,24,81
02/23/2013,TRI,TN,ASO,ES,Combined TRACON& Tower with Radar,2,15,25,1,43,0,6,18,0,24,2,21,43,1,67,56,0,56,123
02/24/2013,TRI,TN,ASO,ES,Combined TRACON& Tower with Radar,6,18,9,0,33,0,2,36,0,38,6,20,45,0,71,88,0,88,159
02/25/2013,TRI,TN,ASO,ES,Combined TRACON& Tower with Radar,2,31,24,0,57,0,4,36,0,40,2,35,60,0,97,118,0,118,215
02/26/2013,TRI,TN,ASO,ES,Combined TRACON& Tower with Radar,4,25,9,0,38,0,2,1,0,3,4,27,10,0,41,10,0,10,51
02/27/2013,TRI,TN,ASO,ES,Combined TRACON& Tower with Radar,2,25,30,0,57,0,2,12,0,14,2,27,42,0,71,30,0,30,101
02/28/2013,TRI,TN,ASO,ES,Combined TRACON& Tower with Radar,6,29,10,0,45,0,3,33,0,36,6,32,43,0,81,0,0,0,81
03/01/2013,TRI,TN,ASO,ES,Combined TRACON& Tower with Radar,2,27,8,0,37,0,0,6,0,6,2,27,14,0,43,2,0,2,45
03/02/2013,TRI,TN,ASO,ES,Combined TRACON& Tower with Radar,1,20,14,0,35,0,0,20,0,20,1,20,34,0,55,0,0,0,55
03/03/2013,TRI,TN,ASO,ES,Combined TRACON& Tower with Radar,7,20,5,0,32,0,2,72,0,74,7,22,77,0,106,0,0,0,106
03/04/2013,TRI,TN,ASO,ES,Combined TRACON& Tower with Radar,2,28,27,0,57,0,0,195,1,196,2,28,222,1,253,143,0,143,396
03/05/2013,TRI,TN,ASO,ES,Combined TRACON& Tower with Radar,4,26,18,0,48,0,1,3,0,4,4,27,21,0,52,0,0,0,52
03/06/2013,TRI,TN,ASO,ES,Combined TRACON& Tower with Radar,2,30,6,0,38,0,0,10,0,10,2,30,16,0,48,30,0,30,78
03/07/2013,TRI,TN,ASO,ES,Combined TRACON& Tower with Radar,6,27,32,0,65,0,0,15,2,17,6,27,47,2,82,94,0,94,176
03/08/2013,TRI,TN,ASO,ES,Combined TRACON& Tower with Radar,2,23,19,4,48,0,3,40,0,43,2,26,59,4,91,106,0,106,197
03/09/2013,TRI,TN,ASO,ES,Combined TRACON& Tower with Radar,1,15,17,0,33,0,0,49,0,49,1,15,66,0,82,26,0,26,108
03/10/2013,TRI,TN,ASO,ES,Combined TRACON& Tower with Radar,5,20,7,0,32,0,2,32,0,34,5,22,39,0,66,38,0,38,104
03/11/2013,TRI,TN,ASO,ES,Combined TRACON& Tower with Radar,2,26,15,0,43,0,1,8,0,9,2,27,23,0,52,8,0,8,60
03/12/2013,TRI,TN,ASO,ES,Combined TRACON& Tower with Radar,2,30,35,0,67,0,0,26,0,26,2,30,61,0,93,64,0,64,157
03/13/2013,TRI,TN,ASO,ES,Combined TRACON& Tower with Radar,2,31,23,8,64,0,2,9,0,11,2,33,32,8,75,60,0,60,135
03/14/2013,TRI,TN,ASO,ES,Combined TRACON& Tower with Radar,6,35,54,0,95,0,4,35,0,39,6,39,89,0,134,6,0,6,140
03/15/2013,TRI,TN,ASO,ES,Combined TRACON& Tower with Radar,7,25,42,0,74,0,4,45,0,49,7,29,87,0,123,72,0,72,195
03/16/2013,TRI,TN,ASO,ES,Combined TRACON& Tower with Radar,2,18,52,0,72,0,2,33,0,35,2,20,85,0,107,10,0,10,117
03/17/2013,TRI,TN,ASO,ES,Combined TRACON& Tower with Radar,7,35,90,0,132,0,3,52,2,57,7,38,142,2,189,30,0,30,219
03/18/2013,TRI,TN,ASO,ES,Combined TRACON& Tower with Radar,9,25,25,0,59,0,1,9,0,10,9,26,34,0,69,22,0,22,91
03/19/2013,TRI,TN,ASO,ES,Combined TRACON& Tower with Radar,5,29,12,0,46,0,0,24,0,24,5,29,36,0,70,11,0,11,81
03/20/2013,TRI,TN,ASO,ES,Combined TRACON& Tower with Radar,2,37,27,0,66,0,2,31,0,33,2,39,58,0,99,52,0,52,151
03/21/2013,TRI,TN,ASO,ES,Combined TRACON& Tower with Radar,6,30,34,0,70,0,4,29,2,35,6,34,63,2,105,18,0,18,123
03/22/2013,TRI,TN,ASO,ES,Combined TRACON& Tower with Radar,2,29,18,0,49,0,0,45,0,45,2,29,63,0,94,74,0,74,168
03/23/2013,TRI,TN,ASO,ES,Combined TRACON& Tower with Radar,1,20,8,0,29,0,2,30,0,32,1,22,38,0,61,74,0,74,135
03/24/2013,TRI,TN,ASO,ES,Combined TRACON& Tower with Radar,5,21,10,0,36,0,1,1,0,2,5,22,11,0,38,8,0,8,46
03/25/2013,TRI,TN,ASO,ES,Combined TRACON& Tower with Radar,2,23,14,0,39,0,0,0,0,0,2,23,14,0,39,0,0,0,39
03/26/2013,TRI,TN,ASO,ES,Combined TRACON& Tower with Radar,2,25,11,0,38,0,1,1,2,4,2,26,12,2,42,2,0,2,44
03/27/2013,TRI,TN,ASO,ES,Combined TRACON& Tower with Radar,2,31,28,0,61,0,2,35,0,37,2,33,63,0,98,44,0,44,142
03/28/2013,TRI,TN,ASO,ES,Combined TRACON& Tower with Radar,6,34,22,0,62,0,1,33,5,39,6,35,55,5,101,26,0,26,127
03/29/2013,TRI,TN,ASO,ES,Combined TRACON& Tower with Radar,2,24,25,0,51,0,0,23,0,23,2,24,48,0,74,66,0,66,140
03/30/2013,TRI,TN,ASO,ES,Combined TRACON& Tower with Radar,1,19,8,0,28,0,0,38,0,38,1,19,46,0,66,36,0,36,102
03/31/2013,TRI,TN,ASO,ES,Combined TRACON& Tower with Radar,5,24,2,0,31,0,0,3,0,3,5,24,5,0,34,0,0,0,34
04/01/2013,TRI,TN,ASO,ES,Combined TRACON& Tower with Radar,2,26,29,0,57,0,2,14,0,16,2,28,43,0,73,46,0,46,119
04/02/2013,TRI,TN,ASO,ES,Combined TRACON& Tower with Radar,2,31,18,0,51,0,5,22,0,27,2,36,40,0,78,20,0,20,98
04/03/2013,TRI,TN,ASO,ES,Combined TRACON& Tower with Radar,2,28,16,0,46,0,7,27,2,36,2,35,43,2,82,85,0,85,167
04/04/2013,TRI,TN,ASO,ES,Combined TRACON& Tower with Radar,6,28,21,0,55,0,0,7,0,7,6,28,28,0,62,36,0,36,98
04/05/2013,TRI,TN,ASO,ES,Combined TRACON& Tower with Radar,2,29,33,2,66,0,0,46,0,46,2,29,79,2,112,46,0,46,158
04/06/2013,TRI,TN,ASO,ES,Combined TRACON& Tower with Radar,1,21,16,0,38,0,4,40,0,44,1,25,56,0,82,32,0,32,114
04/07/2013,TRI,TN,ASO,ES,Combined TRACON& Tower with Radar,5,21,23,0,49,0,9,27,0,36,5,30,50,0,85,72,0,72,157
04/08/2013,TRI,TN,ASO,ES,Combined TRACON& Tower with Radar,2,26,21,0,49,0,2,18,0,20,2,28,39,0,69,34,0,34,103
04/09/2013,TRI,TN,ASO,ES,Combined TRACON& Tower with Radar,2,26,20,0,48,0,0,34,0,34,2,26,54,0,82,39,0,39,121
04/10/2013,TRI,TN,ASO,ES,Combined TRACON& Tower with Radar,1,35,22,1,59,0,2,43,1,46,1,37,65,2,105,58,0,58,163
04/11/2013,TRI,TN,ASO,ES,Combined TRACON& Tower with Radar,4,27,23,0,54,0,1,27,0,28,4,28,50,0,82,52,0,52,134
04/12/2013,TRI,TN,ASO,ES,Combined TRACON& Tower with Radar,3,29,25,0,57,0,8,20,0,28,3,37,45,0,85,32,0,32,117
04/13/2013,TRI,TN,ASO,ES,Combined TRACON& Tower with Radar,1,24,17,0,42,0,4,32,2,38,1,28,49,2,80,66,0,66,146
04/14/2013,TRI,TN,ASO,ES,Combined TRACON& Tower with Radar,5,28,22,2,57,0,6,61,0,67,5,34,83,2,124,75,0,75,199
04/15/2013,TRI,TN,ASO,ES,Combined TRACON& Tower with Radar,1,32,35,0,68,0,6,29,0,35,1,38,64,0,103,48,0,48,151
04/16/2013,TRI,TN,ASO,ES,Combined TRACON& Tower with Radar,1,39,22,0,62,0,2,60,0,62,1,41,82,0,124,46,0,46,170
04/17/2013,TRI,TN,ASO,ES,Combined TRACON& Tower with Radar,2,34,21,0,57,0,2,11,0,13,2,36,32,0,70,29,0,29,99
04/18/2013,TRI,TN,ASO,ES,Combined TRACON& Tower with Radar,5,27,19,0,51,0,5,26,0,31,5,32,45,0,82,40,0,40,122
04/19/2013,TRI,TN,ASO,ES,Combined TRACON& Tower with Radar,1,23,16,0,40,0,2,1,0,3,1,25,17,0,43,0,0,0,43
04/20/2013,TRI,TN,ASO,ES,Combined TRACON& Tower with Radar,1,18,15,0,34,0,0,46,2,48,1,18,61,2,82,76,0,76,158
04/21/2013,TRI,TN,ASO,ES,Combined TRACON& Tower with Radar,6,26,18,0,50,0,2,46,0,48,6,28,64,0,98,80,0,80,178
04/22/2013,TRI,TN,ASO,ES,Combined TRACON& Tower with Radar,1,27,18,0,46,0,0,32,0,32,1,27,50,0,78,18,0,18,96
04/23/2013,TRI,TN,ASO,ES,Combined TRACON& Tower with Radar,4,36,32,3,75,0,4,51,0,55,4,40,83,3,130,40,0,40,170
04/24/2013,TRI,TN,ASO,ES,Combined TRACON& Tower with Radar,2,25,17,0,44,0,0,10,0,10,2,25,27,0,54,26,0,26,80
04/25/2013,TRI,TN,ASO,ES,Combined TRACON& Tower with Radar,6,35,31,0,72,0,18,51,0,69,6,53,82,0,141,98,0,98,239
04/26/2013,TRI,TN,ASO,ES,Combined TRACON& Tower with Radar,2,32,13,0,47,0,6,35,0,41,2,38,48,0,88,100,0,100,188
04/27/2013,TRI,TN,ASO,ES,Combined TRACON& Tower with Radar,1,17,21,0,39,0,0,9,0,9,1,17,30,0,48,34,0,34,82
04/28/2013,TRI,TN,ASO,ES,Combined TRACON& Tower with Radar,5,27,13,0,45,0,4,3,0,7,5,31,16,0,52,20,0,20,72
04/29/2013,TRI,TN,ASO,ES,Combined TRACON& Tower with Radar,1,29,16,0,46,0,6,17,0,23,1,35,33,0,69,36,0,36,105
04/30/2013,TRI,TN,ASO,ES,Combined TRACON& Tower with Radar,1,26,30,4,61,0,11,43,8,62,1,37,73,12,123,126,0,126,249
05/01/2013,TRI,TN,ASO,ES,Combined TRACON& Tower with Radar,2,37,32,1,72,0,0,16,0,16,2,37,48,1,88,34,0,34,122
05/02/2013,TRI,TN,ASO,ES,Combined TRACON& Tower with Radar,5,42,26,0,73,0,8,29,0,37,5,50,55,0,110,38,0,38,148
05/03/2013,TRI,TN,ASO,ES,Combined TRACON& Tower with Radar,1,24,30,8,63,0,3,26,10,39,1,27,56,18,102,48,0,48,150
05/04/2013,TRI,TN,ASO,ES,Combined TRACON& Tower with Radar,1,16,10,0,27,0,4,8,0,12,1,20,18,0,39,4,0,4,43
05/05/2013,TRI,TN,ASO,ES,Combined TRACON& Tower with Radar,6,28,12,0,46,0,0,0,0,0,6,28,12,0,46,18,0,18,64
05/06/2013,TRI,TN,ASO,ES,Combined TRACON& Tower with Radar,3,30,9,4,46,0,4,12,2,18,3,34,21,6,64,10,0,10,74
05/07/2013,TRI,TN,ASO,ES,Combined TRACON& Tower with Radar,4,42,26,0,72,0,4,3,0,7,4,46,29,0,79,24,0,24,103
05/08/2013,TRI,TN,ASO,ES,Combined TRACON& Tower with Radar,2,33,52,4,91,0,1,13,1,15,2,34,65,5,106,24,0,24,130
05/09/2013,TRI,TN,ASO,ES,Combined TRACON& Tower with Radar,8,25,31,0,64,0,0,26,0,26,8,25,57,0,90,32,0,32,122
05/10/2013,TRI,TN,ASO,ES,Combined TRACON& Tower with Radar,2,30,35,0,67,0,2,16,0,18,2,32,51,0,85,28,0,28,113
05/11/2013,TRI,TN,ASO,ES,Combined TRACON& Tower with Radar,1,21,27,0,49,0,1,16,0,17,1,22,43,0,66,84,0,84,150
05/12/2013,TRI,TN,ASO,ES,Combined TRACON& Tower with Radar,5,24,23,0,52,0,4,22,0,26,5,28,45,0,78,30,0,30,108
05/13/2013,TRI,TN,ASO,ES,Combined TRACON& Tower with Radar,2,33,26,0,61,0,0,29,6,35,2,33,55,6,96,15,0,15,111
05/14/2013,TRI,TN,ASO,ES,Combined TRACON& Tower with Radar,2,29,17,0,48,0,5,72,0,77,2,34,89,0,125,48,0,48,173
05/15/2013,TRI,TN,ASO,ES,Combined TRACON& Tower with Radar,2,30,18,4,54,0,2,28,2,32,2,32,46,6,86,38,0,38,124
05/16/2013,TRI,TN,ASO,ES,Combined TRACON& Tower with Radar,6,35,32,0,73,0,0,33,0,33,6,35,65,0,106,34,0,34,140
05/17/2013,TRI,TN,ASO,ES,Combined TRACON& Tower with Radar,2,37,24,0,63,0,0,25,2,27,2,37,49,2,90,32,0,32,122
05/18/2013,TRI,TN,ASO,ES,Combined TRACON& Tower with Radar,1,21,4,0,26,0,7,16,0,23,1,28,20,0,49,32,0,32,81
05/19/2013,TRI,TN,ASO,ES,Combined TRACON& Tower with Radar,11,23,19,0,53,0,2,35,0,37,11,25,54,0,90,56,0,56,146
05/20/2013,TRI,TN,ASO,ES,Combined TRACON& Tower with Radar,2,34,30,4,70,0,0,17,1,18,2,34,47,5,88,48,0,48,136
05/21/2013,TRI,TN,ASO,ES,Combined TRACON& Tower with Radar,2,34,38,0,74,0,3,48,0,51,2,37,86,0,125,22,0,22,147
05/22/2013,TRI,TN,ASO,ES,Combined TRACON& Tower with Radar,2,24,27,0,53,0,0,24,1,25,2,24,51,1,78,24,0,24,102
05/23/2013,TRI,TN,ASO,ES,Combined TRACON& Tower with Radar,6,28,30,0,64,0,0,16,1,17,6,28,46,1,81,26,0,26,107
05/24/2013,TRI,TN,ASO,ES,Combined TRACON& Tower with Radar,2,42,23,0,67,0,1,35,0,36,2,43,58,0,103,38,0,38,141
05/25/2013,TRI,TN,ASO,ES,Combined TRACON& Tower with Radar,1,22,14,0,37,0,4,60,0,64,1,26,74,0,101,84,0,84,185
05/26/2013,TRI,TN,ASO,ES,Combined TRACON& Tower with Radar,5,21,11,0,37,0,2,31,0,33,5,23,42,0,70,38,0,38,108
05/27/2013,TRI,TN,ASO,ES,Combined TRACON& Tower with Radar,2,26,30,0,58,0,2,28,0,30,2,28,58,0,88,56,0,56,144
05/28/2013,TRI,TN,ASO,ES,Combined TRACON& Tower with Radar,2,30,20,0,52,0,2,28,0,30,2,32,48,0,82,46,0,46,128
05/29/2013,TRI,TN,ASO,ES,Combined TRACON& Tower with Radar,2,32,20,0,54,0,2,56,0,58,2,34,76,0,112,42,0,42,154
05/30/2013,TRI,TN,ASO,ES,Combined TRACON& Tower with Radar,6,32,26,1,65,0,0,49,0,49,6,32,75,1,114,46,0,46,160
05/31/2013,TRI,TN,ASO,ES,Combined TRACON& Tower with Radar,2,32,23,0,57,0,2,118,0,120,2,34,141,0,177,110,0,110,287
06/01/2013,TRI,TN,ASO,ES,Combined TRACON& Tower with Radar,1,23,23,4,51,0,8,107,2,117,1,31,130,6,168,46,2,48,216
06/02/2013,TRI,TN,ASO,ES,Combined TRACON& Tower with Radar,5,28,17,0,50,0,0,3,0,3,5,28,20,0,53,8,0,8,61
06/03/2013,TRI,TN,ASO,ES,Combined TRACON& Tower with Radar,2,34,27,0,63,0,2,26,2,30,2,36,53,2,93,26,0,26,119
06/04/2013,TRI,TN,ASO,ES,Combined TRACON& Tower with Radar,2,35,38,0,75,0,2,39,0,41,2,37,77,0,116,28,0,28,144
06/05/2013,TRI,TN,ASO,ES,Combined TRACON& Tower with Radar,2,23,39,0,64,0,1,25,0,26,2,24,64,0,90,39,0,39,129
06/06/2013,TRI,TN,ASO,ES,Combined TRACON& Tower with Radar,6,41,23,0,70,0,4,25,0,29,6,45,48,0,99,23,0,23,122
06/07/2013,TRI,TN,ASO,ES,Combined TRACON& Tower with Radar,2,34,14,0,50,0,10,7,0,17,2,44,21,0,67,12,0,12,79
06/08/2013,TRI,TN,ASO,ES,Combined TRACON& Tower with Radar,1,19,22,0,42,0,2,38,0,40,1,21,60,0,82,48,0,48,130
06/09/2013,TRI,TN,ASO,ES,Combined TRACON& Tower with Radar,5,23,28,0,56,0,0,24,0,24,5,23,52,0,80,64,0,64,144
06/10/2013,TRI,TN,ASO,ES,Combined TRACON& Tower with Radar,2,23,27,0,52,0,2,21,0,23,2,25,48,0,75,68,0,68,143
06/11/2013,TRI,TN,ASO,ES,Combined TRACON& Tower with Radar,2,38,34,0,74,0,4,43,0,47,2,42,77,0,121,57,0,57,178
06/12/2013,TRI,TN,ASO,ES,Combined TRACON& Tower with Radar,2,44,38,0,84,0,5,33,0,38,2,49,71,0,122,78,0,78,200
06/13/2013,TRI,TN,ASO,ES,Combined TRACON& Tower with Radar,7,24,25,0,56,0,2,13,0,15,7,26,38,0,71,20,0,20,91
06/14/2013,TRI,TN,ASO,ES,Combined TRACON& Tower with Radar,7,33,29,0,69,0,8,34,0,42,7,41,63,0,111,20,0,20,131
06/15/2013,TRI,TN,ASO,ES,Combined TRACON& Tower with Radar,2,23,18,0,43,0,3,53,1,57,2,26,71,1,100,14,0,14,114
06/16/2013,TRI,TN,ASO,ES,Combined TRACON& Tower with Radar,6,30,25,0,61,0,8,49,0,57,6,38,74,0,118,74,0,74,192
06/17/2013,TRI,TN,ASO,ES,Combined TRACON& Tower with Radar,5,38,25,4,72,0,2,32,0,34,5,40,57,4,106,74,0,74,180
06/18/2013,TRI,TN,ASO,ES,Combined TRACON& Tower with Radar,4,31,28,15,78,0,0,0,0,0,4,31,28,15,78,6,0,6,84
06/19/2013,TRI,TN,ASO,ES,Combined TRACON& Tower with Radar,2,33,36,0,71,0,0,25,1,26,2,33,61,1,97,19,0,19,116
06/20/2013,TRI,TN,ASO,ES,Combined TRACON& Tower with Radar,6,38,40,0,84,0,2,48,4,54,6,40,88,4,138,54,0,54,192
06/21/2013,TRI,TN,ASO,ES,Combined TRACON& Tower with Radar,2,31,36,3,72,0,4,47,3,54,2,35,83,6,126,46,0,46,172
06/22/2013,TRI,TN,ASO,ES,Combined TRACON& Tower with Radar,2,21,26,0,49,0,2,54,0,56,2,23,80,0,105,86,0,86,191
06/23/2013,TRI,TN,ASO,ES,Combined TRACON& Tower with Radar,6,27,17,0,50,0,0,26,0,26,6,27,43,0,76,68,0,68,144
06/24/2013,TRI,TN,ASO,ES,Combined TRACON& Tower with Radar,4,35,54,0,93,0,2,39,0,41,4,37,93,0,134,80,0,80,214
06/25/2013,TRI,TN,ASO,ES,Combined TRACON& Tower with Radar,2,30,33,0,65,0,0,35,0,35,2,30,68,0,100,46,0,46,146
06/26/2013,TRI,TN,ASO,ES,Combined TRACON& Tower with Radar,2,27,49,0,78,0,2,17,0,19,2,29,66,0,97,56,0,56,153
06/27/2013,TRI,TN,ASO,ES,Combined TRACON& Tower with Radar,8,25,25,6,64,0,3,5,0,8,8,28,30,6,72,22,0,22,94
06/28/2013,TRI,TN,ASO,ES,Combined TRACON& Tower with Radar,2,33,34,0,69,0,0,32,0,32,2,33,66,0,101,62,0,62,163
06/29/2013,TRI,TN,ASO,ES,Combined TRACON& Tower with Radar,5,20,22,2,49,0,2,50,0,52,5,22,72,2,101,88,0,88,189
06/30/2013,TRI,TN,ASO,ES,Combined TRACON& Tower with Radar,7,23,14,0,44,0,1,51,0,52,7,24,65,0,96,100,0,100,196
07/01/2013,TRI,TN,ASO,ES,Combined TRACON& Tower with Radar,2,31,23,0,56,0,3,19,0,22,2,34,42,0,78,30,0,30,108
07/02/2013,TRI,TN,ASO,ES,Combined TRACON& Tower with Radar,3,27,25,1,56,0,0,28,1,29,3,27,53,2,85,52,0,52,137
07/03/2013,TRI,TN,ASO,ES,Combined TRACON& Tower with Radar,1,29,29,5,64,0,1,3,1,5,1,30,32,6,69,12,0,12,81
07/04/2013,TRI,TN,ASO,ES,Combined TRACON& Tower with Radar,5,20,10,0,35,0,1,6,0,7,5,21,16,0,42,5,0,5,47
07/05/2013,TRI,TN,ASO,ES,Combined TRACON& Tower with Radar,1,27,18,0,46,0,6,33,0,39,1,33,51,0,85,42,0,42,127
07/06/2013,TRI,TN,ASO,ES,Combined TRACON& Tower with Radar,1,23,19,0,43,0,2,15,0,17,1,25,34,0,60,44,0,44,104
07/07/2013,TRI,TN,ASO,ES,Combined TRACON& Tower with Radar,4,31,23,0,58,0,0,10,0,10,4,31,33,0,68,16,0,16,84
07/08/2013,TRI,TN,ASO,ES,Combined TRACON& Tower with Radar,1,29,23,0,53,0,0,31,0,31,1,29,54,0,84,70,0,70,154
07/09/2013,TRI,TN,ASO,ES,Combined TRACON& Tower with Radar,3,33,29,0,65,0,2,36,0,38,3,35,65,0,103,22,0,22,125
07/10/2013,TRI,TN,ASO,ES,Combined TRACON& Tower with Radar,1,28,17,0,46,0,1,36,0,37,1,29,53,0,83,74,0,74,157
07/11/2013,TRI,TN,ASO,ES,Combined TRACON& Tower with Radar,6,26,26,0,58,0,0,40,0,40,6,26,66,0,98,77,0,77,175
07/12/2013,TRI,TN,ASO,ES,Combined TRACON& Tower with Radar,4,31,22,0,57,0,2,46,0,48,4,33,68,0,105,58,0,58,163
07/13/2013,TRI,TN,ASO,ES,Combined TRACON& Tower with Radar,3,17,21,0,41,0,6,48,0,54,3,23,69,0,95,64,0,64,159
07/14/2013,TRI,TN,ASO,ES,Combined TRACON& Tower with Radar,4,24,24,0,52,0,0,31,0,31,4,24,55,0,83,88,0,88,171
07/15/2013,TRI,TN,ASO,ES,Combined TRACON& Tower with Radar,1,31,27,0,59,0,8,60,0,68,1,39,87,0,127,72,0,72,199
07/16/2013,TRI,TN,ASO,ES,Combined TRACON& Tower with Radar,1,40,29,0,70,0,4,59,3,66,1,44,88,3,136,92,0,92,228
07/17/2013,TRI,TN,ASO,ES,Combined TRACON& Tower with Radar,1,31,33,0,65,0,2,29,0,31,1,33,62,0,96,48,0,48,144
07/18/2013,TRI,TN,ASO,ES,Combined TRACON& Tower with Radar,6,35,33,0,74,0,0,26,0,26,6,35,59,0,100,71,0,71,171
07/19/2013,TRI,TN,ASO,ES,Combined TRACON& Tower with Radar,2,34,32,0,68,0,3,20,0,23,2,37,52,0,91,32,0,32,123
07/20/2013,TRI,TN,ASO,ES,Combined TRACON& Tower with Radar,1,19,15,0,35,0,2,22,0,24,1,21,37,0,59,48,0,48,107
07/21/2013,TRI,TN,ASO,ES,Combined TRACON& Tower with Radar,4,25,21,0,50,0,0,10,0,10,4,25,31,0,60,36,0,36,96
07/22/2013,TRI,TN,ASO,ES,Combined TRACON& Tower with Radar,1,37,46,0,84,0,0,20,0,20,1,37,66,0,104,75,0,75,179
07/23/2013,TRI,TN,ASO,ES,Combined TRACON& Tower with Radar,1,45,25,0,71,0,4,41,0,45,1,49,66,0,116,103,0,103,219
07/24/2013,TRI,TN,ASO,ES,Combined TRACON& Tower with Radar,1,36,17,0,54,0,0,20,0,20,1,36,37,0,74,40,0,40,114
07/25/2013,TRI,TN,ASO,ES,Combined TRACON& Tower with Radar,6,31,40,6,83,0,4,75,2,81,6,35,115,8,164,76,0,76,240
07/26/2013,TRI,TN,ASO,ES,Combined TRACON& Tower with Radar,2,34,31,0,67,0,2,54,2,58,2,36,85,2,125,108,0,108,233
07/27/2013,TRI,TN,ASO,ES,Combined TRACON& Tower with Radar,1,22,22,0,45,0,1,9,0,10,1,23,31,0,55,87,0,87,142
07/28/2013,TRI,TN,ASO,ES,Combined TRACON& Tower with Radar,4,30,21,0,55,0,2,21,0,23,4,32,42,0,78,41,0,41,119
07/29/2013,TRI,TN,ASO,ES,Combined TRACON& Tower with Radar,1,35,37,2,75,0,0,45,0,45,1,35,82,2,120,42,0,42,162
07/30/2013,TRI,TN,ASO,ES,Combined TRACON& Tower with Radar,1,45,27,0,73,0,6,45,0,51,1,51,72,0,124,46,0,46,170
07/31/2013,TRI,TN,ASO,ES,Combined TRACON& Tower with Radar,1,29,24,0,54,0,0,0,0,0,1,29,24,0,54,4,0,4,58
08/01/2013,TRI,TN,ASO,ES,Combined TRACON& Tower with Radar,6,33,43,0,82,0,6,31,1,38,6,39,74,1,120,32,0,32,152
08/02/2013,TRI,TN,ASO,ES,Combined TRACON& Tower with Radar,2,36,34,0,72,0,2,38,0,40,2,38,72,0,112,58,0,58,170
08/03/2013,TRI,TN,ASO,ES,Combined TRACON& Tower with Radar,1,20,16,0,37,0,0,32,0,32,1,20,48,0,69,40,0,40,109
08/04/2013,TRI,TN,ASO,ES,Combined TRACON& Tower with Radar,7,23,26,0,56,0,0,25,0,25,7,23,51,0,81,23,0,23,104
08/05/2013,TRI,TN,ASO,ES,Combined TRACON& Tower with Radar,2,29,26,0,57,0,3,60,0,63,2,32,86,0,120,57,0,57,177
08/06/2013,TRI,TN,ASO,ES,Combined TRACON& Tower with Radar,3,26,22,0,51,0,0,14,0,14,3,26,36,0,65,20,0,20,85
08/07/2013,TRI,TN,ASO,ES,Combined TRACON& Tower with Radar,1,35,29,0,65,0,3,23,0,26,1,38,52,0,91,28,0,28,119
08/08/2013,TRI,TN,ASO,ES,Combined TRACON& Tower with Radar,6,29,34,4,73,0,2,24,0,26,6,31,58,4,99,24,0,24,123
08/09/2013,TRI,TN,ASO,ES,Combined TRACON& Tower with Radar,2,31,13,2,48,0,2,19,0,21,2,33,32,2,69,20,0,20,89
08/10/2013,TRI,TN,ASO,ES,Combined TRACON& Tower with Radar,1,28,13,0,42,0,4,17,0,21,1,32,30,0,63,45,0,45,108
08/11/2013,TRI,TN,ASO,ES,Combined TRACON& Tower with Radar,5,25,19,0,49,0,2,24,0,26,5,27,43,0,75,38,0,38,113
08/12/2013,TRI,TN,ASO,ES,Combined TRACON& Tower with Radar,2,26,16,0,44,0,1,9,0,10,2,27,25,0,54,11,0,11,65
08/13/2013,TRI,TN,ASO,ES,Combined TRACON& Tower with Radar,1,28,39,0,68,0,1,19,0,20,1,29,58,0,88,102,0,102,190
08/14/2013,TRI,TN,ASO,ES,Combined TRACON& Tower with Radar,1,50,25,2,78,0,4,53,0,57,1,54,78,2,135,60,0,60,195
08/15/2013,TRI,TN,ASO,ES,Combined TRACON& Tower with Radar,6,40,25,2,73,0,0,55,2,57,6,40,80,4,130,110,0,110,240
08/16/2013,TRI,TN,ASO,ES,Combined TRACON& Tower with Radar,2,30,30,0,62,0,0,37,6,43,2,30,67,6,105,44,0,44,149
08/17/2013,TRI,TN,ASO,ES,Combined TRACON& Tower with Radar,1,26,19,0,46,0,4,43,0,47,1,30,62,0,93,66,0,66,159
08/18/2013,TRI,TN,ASO,ES,Combined TRACON& Tower with Radar,5,27,11,0,43,0,0,18,0,18,5,27,29,0,61,34,0,34,95
08/19/2013,TRI,TN,ASO,ES,Combined TRACON& Tower with Radar,2,29,37,0,68,0,4,9,0,13,2,33,46,0,81,40,0,40,121
08/20/2013,TRI,TN,ASO,ES,Combined TRACON& Tower with Radar,2,44,25,0,71,0,4,26,0,30,2,48,51,0,101,28,0,28,129
08/21/2013,TRI,TN,ASO,ES,Combined TRACON& Tower with Radar,4,35,51,0,90,0,7,20,0,27,4,42,71,0,117,28,0,28,145
08/22/2013,TRI,TN,ASO,ES,Combined TRACON& Tower with Radar,12,31,78,0,121,0,4,34,0,38,12,35,112,0,159,50,0,50,209
08/23/2013,TRI,TN,ASO,ES,Combined TRACON& Tower with Radar,12,24,62,0,98,0,4,54,0,58,12,28,116,0,156,17,0,17,173
08/24/2013,TRI,TN,ASO,ES,Combined TRACON& Tower with Radar,5,25,135,1,166,0,387,227,0,614,5,412,362,1,780,32,0,32,812
08/25/2013,TRI,TN,ASO,ES,Combined TRACON& Tower with Radar,19,22,76,0,117,0,89,53,0,142,19,111,129,0,259,62,0,62,321
08/26/2013,TRI,TN,ASO,ES,Combined TRACON& Tower with Radar,2,36,24,0,62,0,4,26,0,30,2,40,50,0,92,6,0,6,98
08/27/2013,TRI,TN,ASO,ES,Combined TRACON& Tower with Radar,4,37,17,0,58,0,3,25,2,30,4,40,42,2,88,64,0,64,152
08/28/2013,TRI,TN,ASO,ES,Combined TRACON& Tower with Radar,2,45,28,0,75,0,2,34,6,42,2,47,62,6,117,64,0,64,181
08/29/2013,TRI,TN,ASO,ES,Combined TRACON& Tower with Radar,6,39,30,0,75,0,0,18,0,18,6,39,48,0,93,26,0,26,119
08/30/2013,TRI,TN,ASO,ES,Combined TRACON& Tower with Radar,4,33,29,0,66,0,2,40,0,42,4,35,69,0,108,76,0,76,184
08/31/2013,TRI,TN,ASO,ES,Combined TRACON& Tower with Radar,1,18,15,0,34,0,2,33,0,35,1,20,48,0,69,78,0,78,147
09/01/2013,TRI,TN,ASO,ES,Combined TRACON& Tower with Radar,5,23,14,0,42,0,0,19,0,19,5,23,33,0,61,51,0,51,112
09/02/2013,TRI,TN,ASO,ES,Combined TRACON& Tower with Radar,2,28,23,0,53,0,2,5,0,7,2,30,28,0,60,26,0,26,86
09/03/2013,TRI,TN,ASO,ES,Combined TRACON& Tower with Radar,2,37,14,0,53,0,4,33,0,37,2,41,47,0,90,57,0,57,147
09/04/2013,TRI,TN,ASO,ES,Combined TRACON& Tower with Radar,2,33,26,0,61,0,6,53,0,59,2,39,79,0,120,44,0,44,164
09/05/2013,TRI,TN,ASO,ES,Combined TRACON& Tower with Radar,6,36,35,0,77,0,0,32,0,32,6,36,67,0,109,44,0,44,153
09/06/2013,TRI,TN,ASO,ES,Combined TRACON& Tower with Radar,2,30,21,0,53,0,0,54,0,54,2,30,75,0,107,82,0,82,189
09/07/2013,TRI,TN,ASO,ES,Combined TRACON& Tower with Radar,2,19,18,0,39,0,2,62,0,64,2,21,80,0,103,76,0,76,179
09/08/2013,TRI,TN,ASO,ES,Combined TRACON& Tower with Radar,8,21,15,7,51,0,4,36,1,41,8,25,51,8,92,52,0,52,144
09/09/2013,TRI,TN,ASO,ES,Combined TRACON& Tower with Radar,2,32,9,0,43,0,4,46,2,52,2,36,55,2,95,66,0,66,161
09/10/2013,TRI,TN,ASO,ES,Combined TRACON& Tower with Radar,4,30,31,0,65,0,0,53,0,53,4,30,84,0,118,62,0,62,180
09/11/2013,TRI,TN,ASO,ES,Combined TRACON& Tower with Radar,2,36,32,7,77,0,0,29,2,31,2,36,61,9,108,14,0,14,122
09/12/2013,TRI,TN,ASO,ES,Combined TRACON& Tower with Radar,2,34,46,4,86,0,1,16,0,17,2,35,62,4,103,66,0,66,169
09/13/2013,TRI,TN,ASO,ES,Combined TRACON& Tower with Radar,5,30,34,0,69,0,2,44,0,46,5,32,78,0,115,60,0,60,175
09/14/2013,TRI,TN,ASO,ES,Combined TRACON& Tower with Radar,0,0,0,0,0,0,4,0,0,4,0,4,0,0,4,0,0,0,4
09/15/2013,TRI,TN,ASO,ES,Combined TRACON& Tower with Radar,0,0,0,0,0,0,0,2,0,2,0,0,2,0,2,0,0,0,2
09/16/2013,TRI,TN,ASO,ES,Combined TRACON& Tower with Radar,5,24,26,0,55,0,0,25,2,27,5,24,51,2,82,42,0,42,124
09/17/2013,TRI,TN,ASO,ES,Combined TRACON& Tower with Radar,2,29,27,0,58,0,6,59,2,67,2,35,86,2,125,76,0,76,201
09/18/2013,TRI,TN,ASO,ES,Combined TRACON& Tower with Radar,1,30,46,0,77,0,0,9,0,9,1,30,55,0,86,13,0,13,99
09/19/2013,TRI,TN,ASO,ES,Combined TRACON& Tower with Radar,2,30,32,0,64,0,0,21,0,21,2,30,53,0,85,46,0,46,131
09/20/2013,TRI,TN,ASO,ES,Combined TRACON& Tower with Radar,3,30,19,0,52,0,4,33,0,37,3,34,52,0,89,66,0,66,155
09/21/2013,TRI,TN,ASO,ES,Combined TRACON& Tower with Radar,0,0,0,0,0,0,0,0,0,0,0,0,0,0,0,0,0,0,0
09/22/2013,TRI,TN,ASO,ES,Combined TRACON& Tower with Radar,0,0,0,0,0,0,0,4,0,4,0,0,4,0,4,0,0,0,4
09/23/2013,TRI,TN,ASO,ES,Combined TRACON& Tower with Radar,6,24,23,0,53,0,15,22,2,39,6,39,45,2,92,58,0,58,150
09/24/2013,TRI,TN,ASO,ES,Combined TRACON& Tower with Radar,5,27,21,0,53,0,6,38,0,44,5,33,59,0,97,60,0,60,157
09/25/2013,TRI,TN,ASO,ES,Combined TRACON& Tower with Radar,1,29,37,0,67,0,0,9,0,9,1,29,46,0,76,16,0,16,92
09/26/2013,TRI,TN,ASO,ES,Combined TRACON& Tower with Radar,6,29,45,7,87,0,10,37,0,47,6,39,82,7,134,76,0,76,210
09/27/2013,TRI,TN,ASO,ES,Combined TRACON& Tower with Radar,1,47,48,0,96,0,6,74,0,80,1,53,122,0,176,180,0,180,356
09/28/2013,TRI,TN,ASO,ES,Combined TRACON& Tower with Radar,2,20,24,0,46,0,6,35,0,41,2,26,59,0,87,120,0,120,207
09/29/2013,TRI,TN,ASO,ES,Combined TRACON& Tower with Radar,6,26,29,0,61,0,3,27,0,30,6,29,56,0,91,38,0,38,129
09/30/2013,TRI,TN,ASO,ES,Combined TRACON& Tower with Radar,2,28,26,10,66,0,4,13,0,17,2,32,39,10,83,47,0,47,130
10/01/2013,TRI,TN,ASO,ES,Combined TRACON& Tower with Radar,2,28,11,0,41,0,8,30,0,38,2,36,41,0,79,32,0,32,111
10/02/2013,TRI,TN,ASO,ES,Combined TRACON& Tower with Radar,1,33,37,13,84,0,3,46,0,49,1,36,83,13,133,60,0,60,193
10/03/2013,TRI,TN,ASO,ES,Combined TRACON& Tower with Radar,6,34,22,0,62,0,2,36,3,41,6,36,58,3,103,47,0,47,150
10/04/2013,TRI,TN,ASO,ES,Combined TRACON& Tower with Radar,2,23,26,0,51,0,1,36,0,37,2,24,62,0,88,84,0,84,172
10/05/2013,TRI,TN,ASO,ES,Combined TRACON& Tower with Radar,2,19,19,0,40,0,2,21,0,23,2,21,40,0,63,44,0,44,107
10/06/2013,TRI,TN,ASO,ES,Combined TRACON& Tower with Radar,6,29,22,0,57,0,1,30,0,31,6,30,52,0,88,76,0,76,164
10/07/2013,TRI,TN,ASO,ES,Combined TRACON& Tower with Radar,2,30,15,0,47,0,2,11,0,13,2,32,26,0,60,19,0,19,79
10/08/2013,TRI,TN,ASO,ES,Combined TRACON& Tower with Radar,2,30,27,0,59,0,0,39,0,39,2,30,66,0,98,44,0,44,142
10/09/2013,TRI,TN,ASO,ES,Combined TRACON& Tower with Radar,1,29,13,0,43,0,3,46,3,52,1,32,59,3,95,71,0,71,166
10/10/2013,TRI,TN,ASO,ES,Combined TRACON& Tower with Radar,6,39,18,0,63,0,2,55,0,57,6,41,73,0,120,62,0,62,182
10/11/2013,TRI,TN,ASO,ES,Combined TRACON& Tower with Radar,2,45,34,0,81,0,0,34,0,34,2,45,68,0,115,36,0,36,151
10/12/2013,TRI,TN,ASO,ES,Combined TRACON& Tower with Radar,2,25,16,0,43,0,2,30,0,32,2,27,46,0,75,68,0,68,143
10/13/2013,TRI,TN,ASO,ES,Combined TRACON& Tower with Radar,6,24,19,0,49,0,2,10,0,12,6,26,29,0,61,18,0,18,79
10/14/2013,TRI,TN,ASO,ES,Combined TRACON& Tower with Radar,1,42,28,0,71,0,1,34,0,35,1,43,62,0,106,39,0,39,145
10/15/2013,TRI,TN,ASO,ES,Combined TRACON& Tower with Radar,2,36,24,0,62,0,5,64,0,69,2,41,88,0,131,76,0,76,207
10/16/2013,TRI,TN,ASO,ES,Combined TRACON& Tower with Radar,1,32,23,0,56,0,2,19,0,21,1,34,42,0,77,30,0,30,107
10/17/2013,TRI,TN,ASO,ES,Combined TRACON& Tower with Radar,6,31,25,2,64,0,0,1,0,1,6,31,26,2,65,6,0,6,71
10/18/2013,TRI,TN,ASO,ES,Combined TRACON& Tower with Radar,2,30,27,0,59,0,2,28,0,30,2,32,55,0,89,4,0,4,93
10/19/2013,TRI,TN,ASO,ES,Combined TRACON& Tower with Radar,6,28,18,0,52,0,0,24,0,24,6,28,42,0,76,44,0,44,120
10/20/2013,TRI,TN,ASO,ES,Combined TRACON& Tower with Radar,6,30,46,0,82,0,2,58,0,60,6,32,104,0,142,68,0,68,210
10/21/2013,TRI,TN,ASO,ES,Combined TRACON& Tower with Radar,1,28,18,0,47,0,4,38,0,42,1,32,56,0,89,99,0,99,188
10/22/2013,TRI,TN,ASO,ES,Combined TRACON& Tower with Radar,2,33,35,0,70,0,0,20,0,20,2,33,55,0,90,36,0,36,126
10/23/2013,TRI,TN,ASO,ES,Combined TRACON& Tower with Radar,1,45,26,2,74,0,0,9,0,9,1,45,35,2,83,20,0,20,103
10/24/2013,TRI,TN,ASO,ES,Combined TRACON& Tower with Radar,6,35,30,0,71,0,2,17,0,19,6,37,47,0,90,24,0,24,114
10/25/2013,TRI,TN,ASO,ES,Combined TRACON& Tower with Radar,2,29,21,0,52,0,0,35,0,35,2,29,56,0,87,56,0,56,143
10/26/2013,TRI,TN,ASO,ES,Combined TRACON& Tower with Radar,2,17,7,0,26,0,2,35,2,39,2,19,42,2,65,64,0,64,129
10/27/2013,TRI,TN,ASO,ES,Combined TRACON& Tower with Radar,8,31,17,0,56,0,1,40,0,41,8,32,57,0,97,16,0,16,113
10/28/2013,TRI,TN,ASO,ES,Combined TRACON& Tower with Radar,1,37,26,0,64,0,3,7,0,10,1,40,33,0,74,124,0,124,198
10/29/2013,TRI,TN,ASO,ES,Combined TRACON& Tower with Radar,4,38,31,0,73,0,0,48,0,48,4,38,79,0,121,158,0,158,279
10/30/2013,TRI,TN,ASO,ES,Combined TRACON& Tower with Radar,1,35,35,0,71,0,0,37,0,37,1,35,72,0,108,39,0,39,147
10/31/2013,TRI,TN,ASO,ES,Combined TRACON& Tower with Radar,6,37,16,3,62,0,4,14,1,19,6,41,30,4,81,16,0,16,97
11/01/2013,TRI,TN,ASO,ES,Combined TRACON& Tower with Radar,2,37,14,0,53,0,2,32,1,35,2,39,46,1,88,48,0,48,136
11/02/2013,TRI,TN,ASO,ES,Combined TRACON& Tower with Radar,4,25,18,0,47,0,0,24,0,24,4,25,42,0,71,50,0,50,121
11/03/2013,TRI,TN,ASO,ES,Combined TRACON& Tower with Radar,7,26,26,0,59,0,2,33,0,35,7,28,59,0,94,28,0,28,122
11/04/2013,TRI,TN,ASO,ES,Combined TRACON& Tower with Radar,2,34,27,3,66,0,6,35,1,42,2,40,62,4,108,46,0,46,154
11/05/2013,TRI,TN,ASO,ES,Combined TRACON& Tower with Radar,3,34,23,0,60,0,3,24,0,27,3,37,47,0,87,42,0,42,129
11/06/2013,TRI,TN,ASO,ES,Combined TRACON& Tower with Radar,2,31,22,0,55,0,8,42,1,51,2,39,64,1,106,108,0,108,214
11/07/2013,TRI,TN,ASO,ES,Combined TRACON& Tower with Radar,6,37,30,0,73,0,0,14,0,14,6,37,44,0,87,10,0,10,97
11/08/2013,TRI,TN,ASO,ES,Combined TRACON& Tower with Radar,2,28,24,0,54,0,1,44,0,45,2,29,68,0,99,58,0,58,157
11/09/2013,TRI,TN,ASO,ES,Combined TRACON& Tower with Radar,2,18,7,0,27,0,7,34,0,41,2,25,41,0,68,20,0,20,88
11/10/2013,TRI,TN,ASO,ES,Combined TRACON& Tower with Radar,6,24,4,0,34,0,25,22,0,47,6,49,26,0,81,48,0,48,129
11/11/2013,TRI,TN,ASO,ES,Combined TRACON& Tower with Radar,2,38,20,0,60,0,4,25,0,29,2,42,45,0,89,80,0,80,169
11/12/2013,TRI,TN,ASO,ES,Combined TRACON& Tower with Radar,2,32,25,0,59,0,6,0,0,6,2,38,25,0,65,0,0,0,65
11/13/2013,TRI,TN,ASO,ES,Combined TRACON& Tower with Radar,2,37,21,0,60,0,1,20,0,21,2,38,41,0,81,6,0,6,87
11/14/2013,TRI,TN,ASO,ES,Combined TRACON& Tower with Radar,6,35,34,4,79,0,2,29,0,31,6,37,63,4,110,20,0,20,130
11/15/2013,TRI,TN,ASO,ES,Combined TRACON& Tower with Radar,2,26,21,2,51,0,0,12,0,12,2,26,33,2,63,2,0,2,65
11/16/2013,TRI,TN,ASO,ES,Combined TRACON& Tower with Radar,2,19,10,0,31,0,4,39,0,43,2,23,49,0,74,36,0,36,110
11/17/2013,TRI,TN,ASO,ES,Combined TRACON& Tower with Radar,6,23,9,0,38,0,1,7,0,8,6,24,16,0,46,50,0,50,96
11/18/2013,TRI,TN,ASO,ES,Combined TRACON& Tower with Radar,2,34,17,0,53,0,10,10,0,20,2,44,27,0,73,24,0,24,97
11/19/2013,TRI,TN,ASO,ES,Combined TRACON& Tower with Radar,2,32,27,4,65,0,4,53,0,57,2,36,80,4,122,60,0,60,182
11/20/2013,TRI,TN,ASO,ES,Combined TRACON& Tower with Radar,2,33,17,0,52,0,4,47,0,51,2,37,64,0,103,40,0,40,143
11/21/2013,TRI,TN,ASO,ES,Combined TRACON& Tower with Radar,6,40,50,0,96,0,11,45,0,56,6,51,95,0,152,82,0,82,234
11/22/2013,TRI,TN,ASO,ES,Combined TRACON& Tower with Radar,2,32,46,0,80,0,2,8,0,10,2,34,54,0,90,12,0,12,102
11/23/2013,TRI,TN,ASO,ES,Combined TRACON& Tower with Radar,2,30,22,0,54,0,9,21,0,30,2,39,43,0,84,76,0,76,160
11/24/2013,TRI,TN,ASO,ES,Combined TRACON& Tower with Radar,6,22,5,0,33,0,5,29,2,36,6,27,34,2,69,38,0,38,107
11/25/2013,TRI,TN,ASO,ES,Combined TRACON& Tower with Radar,2,33,25,0,60,0,3,22,0,25,2,36,47,0,85,48,0,48,133
11/26/2013,TRI,TN,ASO,ES,Combined TRACON& Tower with Radar,2,32,10,0,44,0,0,0,0,0,2,32,10,0,44,0,0,0,44
11/27/2013,TRI,TN,ASO,ES,Combined TRACON& Tower with Radar,6,24,10,0,40,0,1,0,0,1,6,25,10,0,41,0,0,0,41
11/28/2013,TRI,TN,ASO,ES,Combined TRACON& Tower with Radar,1,16,11,0,28,0,0,12,0,12,1,16,23,0,40,0,0,0,40
11/29/2013,TRI,TN,ASO,ES,Combined TRACON& Tower with Radar,3,27,13,0,43,0,0,31,0,31,3,27,44,0,74,50,0,50,124
11/30/2013,TRI,TN,ASO,ES,Combined TRACON& Tower with Radar,4,20,6,0,30,0,0,32,0,32,4,20,38,0,62,48,0,48,110
12/01/2013,TRI,TN,ASO,ES,Combined TRACON& Tower with Radar,4,26,31,0,61,0,1,46,0,47,4,27,77,0,108,54,0,54,162
12/02/2013,TRI,TN,ASO,ES,Combined TRACON& Tower with Radar,6,34,22,0,62,0,0,24,2,26,6,34,46,2,88,29,0,29,117
12/03/2013,TRI,TN,ASO,ES,Combined TRACON& Tower with Radar,2,29,30,0,61,0,0,34,0,34,2,29,64,0,95,36,0,36,131
12/04/2013,TRI,TN,ASO,ES,Combined TRACON& Tower with Radar,2,30,41,3,76,0,6,13,0,19,2,36,54,3,95,48,0,48,143
12/05/2013,TRI,TN,ASO,ES,Combined TRACON& Tower with Radar,6,44,20,0,70,0,0,14,0,14,6,44,34,0,84,18,0,18,102
12/06/2013,TRI,TN,ASO,ES,Combined TRACON& Tower with Radar,2,35,18,0,55,0,0,0,0,0,2,35,18,0,55,2,0,2,57
12/07/2013,TRI,TN,ASO,ES,Combined TRACON& Tower with Radar,2,21,14,0,37,0,0,18,0,18,2,21,32,0,55,38,0,38,93
12/08/2013,TRI,TN,ASO,ES,Combined TRACON& Tower with Radar,6,23,11,0,40,0,0,1,0,1,6,23,12,0,41,0,0,0,41
12/09/2013,TRI,TN,ASO,ES,Combined TRACON& Tower with Radar,2,27,18,0,47,0,0,0,0,0,2,27,18,0,47,7,0,7,54
12/10/2013,TRI,TN,ASO,ES,Combined TRACON& Tower with Radar,4,22,18,0,44,0,0,4,0,4,4,22,22,0,48,6,0,6,54
12/11/2013,TRI,TN,ASO,ES,Combined TRACON& Tower with Radar,2,46,23,4,75,0,1,60,0,61,2,47,83,4,136,108,0,108,244
12/12/2013,TRI,TN,ASO,ES,Combined TRACON& Tower with Radar,6,32,30,1,69,0,0,22,5,27,6,32,52,6,96,20,0,20,116
12/13/2013,TRI,TN,ASO,ES,Combined TRACON& Tower with Radar,4,38,26,4,72,0,2,35,0,37,4,40,61,4,109,60,0,60,169
12/14/2013,TRI,TN,ASO,ES,Combined TRACON& Tower with Radar,2,23,2,0,27,0,0,2,0,2,2,23,4,0,29,0,0,0,29
12/15/2013,TRI,TN,ASO,ES,Combined TRACON& Tower with Radar,6,24,8,0,38,0,2,6,0,8,6,26,14,0,46,0,0,0,46
12/16/2013,TRI,TN,ASO,ES,Combined TRACON& Tower with Radar,2,28,21,2,53,0,6,24,0,30,2,34,45,2,83,58,0,58,141
12/17/2013,TRI,TN,ASO,ES,Combined TRACON& Tower with Radar,4,33,26,12,75,0,3,36,0,39,4,36,62,12,114,29,0,29,143
12/18/2013,TRI,TN,ASO,ES,Combined TRACON& Tower with Radar,2,35,32,0,69,0,2,56,0,58,2,37,88,0,127,66,0,66,193
12/19/2013,TRI,TN,ASO,ES,Combined TRACON& Tower with Radar,5,34,16,0,55,0,2,21,0,23,5,36,37,0,78,14,0,14,92
12/20/2013,TRI,TN,ASO,ES,Combined TRACON& Tower with Radar,0,31,21,0,52,0,0,38,0,38,0,31,59,0,90,52,0,52,142
12/21/2013,TRI,TN,ASO,ES,Combined TRACON& Tower with Radar,0,21,8,0,29,0,0,25,0,25,0,21,33,0,54,56,0,56,110
12/22/2013,TRI,TN,ASO,ES,Combined TRACON& Tower with Radar,4,18,7,0,29,0,0,3,0,3,4,18,10,0,32,0,0,0,32
12/23/2013,TRI,TN,ASO,ES,Combined TRACON& Tower with Radar,0,22,10,0,32,0,0,2,0,2,0,22,12,0,34,11,0,11,45
12/24/2013,TRI,TN,ASO,ES,Combined TRACON& Tower with Radar,0,17,7,0,24,0,0,13,0,13,0,17,20,0,37,38,0,38,75
12/25/2013,TRI,TN,ASO,ES,Combined TRACON& Tower with Radar,0,21,1,0,22,0,2,9,0,11,0,23,10,0,33,0,0,0,33
12/26/2013,TRI,TN,ASO,ES,Combined TRACON& Tower with Radar,4,30,20,0,54,0,6,25,0,31,4,36,45,0,85,38,0,38,123
12/27/2013,TRI,TN,ASO,ES,Combined TRACON& Tower with Radar,0,26,15,0,41,0,4,32,0,36,0,30,47,0,77,56,0,56,133
12/28/2013,TRI,TN,ASO,ES,Combined TRACON& Tower with Radar,4,21,21,0,46,0,0,46,0,46,4,21,67,0,92,88,0,88,180
12/29/2013,TRI,TN,ASO,ES,Combined TRACON& Tower with Radar,4,29,11,0,44,0,0,0,0,0,4,29,11,0,44,0,0,0,44
12/30/2013,TRI,TN,ASO,ES,Combined TRACON& Tower with Radar,0,25,7,0,32,0,0,8,0,8,0,25,15,0,40,40,0,40,80
12/31/2013,TRI,TN,ASO,ES,Combined TRACON& Tower with Radar,0,23,7,0,30,0,0,36,0,36,0,23,43,0,66,40,0,40,106
01/01/2014,TRI,TN,ASO,ES,Combined TRACON& Tower with Radar,0,20,8,0,28,0,4,19,0,23,0,24,27,0,51,14,0,14,65
01/02/2014,TRI,TN,ASO,ES,Combined TRACON& Tower with Radar,4,26,10,0,40,0,0,0,0,0,4,26,10,0,40,0,0,0,40
01/03/2014,TRI,TN,ASO,ES,Combined TRACON& Tower with Radar,4,24,24,0,52,0,2,18,0,20,4,26,42,0,72,40,0,40,112
01/04/2014,TRI,TN,ASO,ES,Combined TRACON& Tower with Radar,0,21,16,0,37,0,2,38,0,40,0,23,54,0,77,34,0,34,111
01/05/2014,TRI,TN,ASO,ES,Combined TRACON& Tower with Radar,4,24,10,0,38,0,1,18,0,19,4,25,28,0,57,52,0,52,109
01/06/2014,TRI,TN,ASO,ES,Combined TRACON& Tower with Radar,1,24,13,0,38,0,0,2,0,2,1,24,15,0,40,0,0,0,40
01/07/2014,TRI,TN,ASO,ES,Combined TRACON& Tower with Radar,2,23,7,0,32,0,5,16,0,21,2,28,23,0,53,26,0,26,79
01/08/2014,TRI,TN,ASO,ES,Combined TRACON& Tower with Radar,2,28,15,0,45,0,2,19,0,21,2,30,34,0,66,42,0,42,108
01/09/2014,TRI,TN,ASO,ES,Combined TRACON& Tower with Radar,6,24,16,0,46,0,0,27,0,27,6,24,43,0,73,14,0,14,87
01/10/2014,TRI,TN,ASO,ES,Combined TRACON& Tower with Radar,2,26,18,0,46,0,0,9,0,9,2,26,27,0,55,38,0,38,93
01/11/2014,TRI,TN,ASO,ES,Combined TRACON& Tower with Radar,2,14,2,0,18,0,4,0,0,4,2,18,2,0,22,0,0,0,22
01/12/2014,TRI,TN,ASO,ES,Combined TRACON& Tower with Radar,6,20,11,0,37,0,6,22,0,28,6,26,33,0,65,74,0,74,139
01/13/2014,TRI,TN,ASO,ES,Combined TRACON& Tower with Radar,2,24,24,0,50,0,0,19,0,19,2,24,43,0,69,26,0,26,95
01/14/2014,TRI,TN,ASO,ES,Combined TRACON& Tower with Radar,2,27,26,0,55,0,2,21,0,23,2,29,47,0,78,24,0,24,102
01/15/2014,TRI,TN,ASO,ES,Combined TRACON& Tower with Radar,2,32,15,0,49,0,0,7,0,7,2,32,22,0,56,2,0,2,58
01/16/2014,TRI,TN,ASO,ES,Combined TRACON& Tower with Radar,4,25,13,0,42,0,2,16,0,18,4,27,29,0,60,2,0,2,62
01/17/2014,TRI,TN,ASO,ES,Combined TRACON& Tower with Radar,4,25,16,5,50,0,0,14,0,14,4,25,30,5,64,22,0,22,86
01/18/2014,TRI,TN,ASO,ES,Combined TRACON& Tower with Radar,2,13,13,0,28,0,0,9,0,9,2,13,22,0,37,40,0,40,77
01/19/2014,TRI,TN,ASO,ES,Combined TRACON& Tower with Radar,4,18,5,0,27,0,0,16,0,16,4,18,21,0,43,28,0,28,71
01/20/2014,TRI,TN,ASO,ES,Combined TRACON& Tower with Radar,4,28,18,0,50,0,1,18,0,19,4,29,36,0,69,10,0,10,79
01/21/2014,TRI,TN,ASO,ES,Combined TRACON& Tower with Radar,2,28,7,0,37,0,1,5,0,6,2,29,12,0,43,0,0,0,43
01/22/2014,TRI,TN,ASO,ES,Combined TRACON& Tower with Radar,2,26,18,0,46,0,1,26,0,27,2,27,44,0,73,32,0,32,105
01/23/2014,TRI,TN,ASO,ES,Combined TRACON& Tower with Radar,4,22,22,0,48,0,2,10,0,12,4,24,32,0,60,22,0,22,82
01/24/2014,TRI,TN,ASO,ES,Combined TRACON& Tower with Radar,2,29,17,0,48,0,2,24,2,28,2,31,41,2,76,36,0,36,112
01/25/2014,TRI,TN,ASO,ES,Combined TRACON& Tower with Radar,2,20,3,0,25,0,2,3,0,5,2,22,6,0,30,0,0,0,30
01/26/2014,TRI,TN,ASO,ES,Combined TRACON& Tower with Radar,4,20,7,0,31,0,4,18,0,22,4,24,25,0,53,38,0,38,91
01/27/2014,TRI,TN,ASO,ES,Combined TRACON& Tower with Radar,2,21,16,2,41,0,2,5,0,7,2,23,21,2,48,7,0,7,55
01/28/2014,TRI,TN,ASO,ES,Combined TRACON& Tower with Radar,1,19,12,0,32,0,1,0,0,1,1,20,12,0,33,0,0,0,33
01/29/2014,TRI,TN,ASO,ES,Combined TRACON& Tower with Radar,0,17,16,0,33,0,0,5,0,5,0,17,21,0,38,0,0,0,38
01/30/2014,TRI,TN,ASO,ES,Combined TRACON& Tower with Radar,3,24,23,0,50,0,0,11,0,11,3,24,34,0,61,6,0,6,67
01/31/2014,TRI,TN,ASO,ES,Combined TRACON& Tower with Radar,2,26,10,0,38,0,2,13,0,15,2,28,23,0,53,40,0,40,93
02/01/2014,TRI,TN,ASO,ES,Combined TRACON& Tower with Radar,1,16,15,0,32,0,2,40,0,42,1,18,55,0,74,44,0,44,118
02/02/2014,TRI,TN,ASO,ES,Combined TRACON& Tower with Radar,3,20,6,0,29,0,0,10,0,10,3,20,16,0,39,34,0,34,73
02/03/2014,TRI,TN,ASO,ES,Combined TRACON& Tower with Radar,2,28,12,0,42,0,0,4,0,4,2,28,16,0,46,4,0,4,50
02/04/2014,TRI,TN,ASO,ES,Combined TRACON& Tower with Radar,3,29,22,12,66,0,7,24,0,31,3,36,46,12,97,54,0,54,151
02/05/2014,TRI,TN,ASO,ES,Combined TRACON& Tower with Radar,3,22,27,2,54,0,0,0,2,2,3,22,27,4,56,24,0,24,80
02/06/2014,TRI,TN,ASO,ES,Combined TRACON& Tower with Radar,4,35,20,2,61,0,6,20,4,30,4,41,40,6,91,16,0,16,107
02/07/2014,TRI,TN,ASO,ES,Combined TRACON& Tower with Radar,2,27,23,0,52,0,0,45,0,45,2,27,68,0,97,84,0,84,181
02/08/2014,TRI,TN,ASO,ES,Combined TRACON& Tower with Radar,4,17,9,0,30,0,0,9,0,9,4,17,18,0,39,22,0,22,61
02/09/2014,TRI,TN,ASO,ES,Combined TRACON& Tower with Radar,4,26,9,1,40,0,1,5,1,7,4,27,14,2,47,18,0,18,65
02/10/2014,TRI,TN,ASO,ES,Combined TRACON& Tower with Radar,2,26,23,0,51,0,1,12,0,13,2,27,35,0,64,28,0,28,92
02/11/2014,TRI,TN,ASO,ES,Combined TRACON& Tower with Radar,1,20,19,0,40,0,0,27,0,27,1,20,46,0,67,48,0,48,115
02/12/2014,TRI,TN,ASO,ES,Combined TRACON& Tower with Radar,0,3,6,0,9,0,1,3,2,6,0,4,9,2,15,0,0,0,15
02/13/2014,TRI,TN,ASO,ES,Combined TRACON& Tower with Radar,7,12,12,0,31,0,0,0,0,0,7,12,12,0,31,0,0,0,31
02/14/2014,TRI,TN,ASO,ES,Combined TRACON& Tower with Radar,0,35,16,6,57,0,1,22,1,24,0,36,38,7,81,50,0,50,131
02/15/2014,TRI,TN,ASO,ES,Combined TRACON& Tower with Radar,1,17,4,0,22,0,5,10,1,16,1,22,14,1,38,30,0,30,68
02/16/2014,TRI,TN,ASO,ES,Combined TRACON& Tower with Radar,5,19,14,0,38,0,0,36,0,36,5,19,50,0,74,82,0,82,156
02/17/2014,TRI,TN,ASO,ES,Combined TRACON& Tower with Radar,2,28,27,0,57,0,0,26,0,26,2,28,53,0,83,54,0,54,137
02/18/2014,TRI,TN,ASO,ES,Combined TRACON& Tower with Radar,4,32,38,1,75,0,4,57,0,61,4,36,95,1,136,59,0,59,195
02/19/2014,TRI,TN,ASO,ES,Combined TRACON& Tower with Radar,2,27,41,0,70,0,3,13,0,16,2,30,54,0,86,0,0,0,86
02/20/2014,TRI,TN,ASO,ES,Combined TRACON& Tower with Radar,6,34,22,0,62,0,0,11,0,11,6,34,33,0,73,8,0,8,81
02/21/2014,TRI,TN,ASO,ES,Combined TRACON& Tower with Radar,2,28,10,0,40,0,8,15,0,23,2,36,25,0,63,28,0,28,91
02/22/2014,TRI,TN,ASO,ES,Combined TRACON& Tower with Radar,2,18,25,0,45,0,2,48,0,50,2,20,73,0,95,108,0,108,203
02/23/2014,TRI,TN,ASO,ES,Combined TRACON& Tower with Radar,6,21,13,0,40,0,1,28,0,29,6,22,41,0,69,18,0,18,87
02/24/2014,TRI,TN,ASO,ES,Combined TRACON& Tower with Radar,2,28,20,0,50,0,0,16,0,16,2,28,36,0,66,64,0,64,130
02/25/2014,TRI,TN,ASO,ES,Combined TRACON& Tower with Radar,4,28,23,0,55,0,4,28,0,32,4,32,51,0,87,24,0,24,111
02/26/2014,TRI,TN,ASO,ES,Combined TRACON& Tower with Radar,2,24,10,0,36,0,4,10,0,14,2,28,20,0,50,4,0,4,54
02/27/2014,TRI,TN,ASO,ES,Combined TRACON& Tower with Radar,6,30,35,0,71,0,8,18,0,26,6,38,53,0,97,6,0,6,103
02/28/2014,TRI,TN,ASO,ES,Combined TRACON& Tower with Radar,2,31,15,4,52,0,6,17,0,23,2,37,32,4,75,46,0,46,121
03/01/2014,TRI,TN,ASO,ES,Combined TRACON& Tower with Radar,2,16,18,22,58,0,2,48,0,50,2,18,66,22,108,104,0,104,212
03/02/2014,TRI,TN,ASO,ES,Combined TRACON& Tower with Radar,6,17,17,0,40,0,0,13,0,13,6,17,30,0,53,46,0,46,99
03/03/2014,TRI,TN,ASO,ES,Combined TRACON& Tower with Radar,2,31,13,0,46,0,2,2,0,4,2,33,15,0,50,20,0,20,70
03/04/2014,TRI,TN,ASO,ES,Combined TRACON& Tower with Radar,6,37,24,0,67,0,2,13,0,15,6,39,37,0,82,0,0,0,82
03/05/2014,TRI,TN,ASO,ES,Combined TRACON& Tower with Radar,2,26,28,2,58,0,1,18,0,19,2,27,46,2,77,12,0,12,89
03/06/2014,TRI,TN,ASO,ES,Combined TRACON& Tower with Radar,7,25,24,12,68,0,7,18,0,25,7,32,42,12,93,16,0,16,109
03/07/2014,TRI,TN,ASO,ES,Combined TRACON& Tower with Radar,2,24,15,0,41,0,6,28,0,34,2,30,43,0,75,74,0,74,149
03/08/2014,TRI,TN,ASO,ES,Combined TRACON& Tower with Radar,2,18,18,0,38,0,3,64,0,67,2,21,82,0,105,136,0,136,241
03/09/2014,TRI,TN,ASO,ES,Combined TRACON& Tower with Radar,6,19,15,0,40,0,6,27,0,33,6,25,42,0,73,28,0,28,101
03/10/2014,TRI,TN,ASO,ES,Combined TRACON& Tower with Radar,2,32,16,0,50,0,0,27,2,29,2,32,43,2,79,28,0,28,107
03/11/2014,TRI,TN,ASO,ES,Combined TRACON& Tower with Radar,2,25,21,0,48,0,6,55,2,63,2,31,76,2,111,80,0,80,191
03/12/2014,TRI,TN,ASO,ES,Combined TRACON& Tower with Radar,2,27,18,2,49,0,2,2,0,4,2,29,20,2,53,8,0,8,61
03/13/2014,TRI,TN,ASO,ES,Combined TRACON& Tower with Radar,8,32,56,0,96,0,5,20,2,27,8,37,76,2,123,32,0,32,155
03/14/2014,TRI,TN,ASO,ES,Combined TRACON& Tower with Radar,4,33,37,2,76,0,4,68,0,72,4,37,105,2,148,58,0,58,206
03/15/2014,TRI,TN,ASO,ES,Combined TRACON& Tower with Radar,1,17,14,9,41,0,1,32,0,33,1,18,46,9,74,98,0,98,172
03/16/2014,TRI,TN,ASO,ES,Combined TRACON& Tower with Radar,8,20,53,0,81,0,1,15,0,16,8,21,68,0,97,8,0,8,105
03/17/2014,TRI,TN,ASO,ES,Combined TRACON& Tower with Radar,2,26,25,0,53,0,1,11,0,12,2,27,36,0,65,28,0,28,93
03/18/2014,TRI,TN,ASO,ES,Combined TRACON& Tower with Radar,2,33,28,0,63,0,4,40,0,44,2,37,68,0,107,35,0,35,142
03/19/2014,TRI,TN,ASO,ES,Combined TRACON& Tower with Radar,2,35,22,0,59,0,2,15,0,17,2,37,37,0,76,36,0,36,112
03/20/2014,TRI,TN,ASO,ES,Combined TRACON& Tower with Radar,8,33,24,0,65,0,0,51,0,51,8,33,75,0,116,24,0,24,140
03/21/2014,TRI,TN,ASO,ES,Combined TRACON& Tower with Radar,2,23,32,0,57,0,2,59,0,61,2,25,91,0,118,70,0,70,188
03/22/2014,TRI,TN,ASO,ES,Combined TRACON& Tower with Radar,2,17,12,0,31,0,4,23,0,27,2,21,35,0,58,20,0,20,78
03/23/2014,TRI,TN,ASO,ES,Combined TRACON& Tower with Radar,6,17,5,0,28,0,2,11,0,13,6,19,16,0,41,58,0,58,99
03/24/2014,TRI,TN,ASO,ES,Combined TRACON& Tower with Radar,2,28,40,4,74,0,4,42,0,46,2,32,82,4,120,72,0,72,192
03/25/2014,TRI,TN,ASO,ES,Combined TRACON& Tower with Radar,2,33,13,0,48,0,0,0,0,0,2,33,13,0,48,0,0,0,48
03/26/2014,TRI,TN,ASO,ES,Combined TRACON& Tower with Radar,2,40,34,18,94,0,4,14,0,18,2,44,48,18,112,46,0,46,158
03/27/2014,TRI,TN,ASO,ES,Combined TRACON& Tower with Radar,6,31,10,0,47,0,4,29,0,33,6,35,39,0,80,24,0,24,104
03/28/2014,TRI,TN,ASO,ES,Combined TRACON& Tower with Radar,2,26,22,0,50,0,1,16,0,17,2,27,38,0,67,24,0,24,91
03/29/2014,TRI,TN,ASO,ES,Combined TRACON& Tower with Radar,4,18,7,0,29,0,2,2,0,4,4,20,9,0,33,20,0,20,53
03/30/2014,TRI,TN,ASO,ES,Combined TRACON& Tower with Radar,5,20,14,0,39,0,2,17,0,19,5,22,31,0,58,56,0,56,114
03/31/2014,TRI,TN,ASO,ES,Combined TRACON& Tower with Radar,3,23,13,6,45,0,0,34,1,35,3,23,47,7,80,44,0,44,124
04/01/2014,TRI,TN,ASO,ES,Combined TRACON& Tower with Radar,5,26,24,2,57,0,3,45,0,48,5,29,69,2,105,59,0,59,164
04/02/2014,TRI,TN,ASO,ES,Combined TRACON& Tower with Radar,2,25,23,0,50,0,1,27,0,28,2,26,50,0,78,22,0,22,100
04/03/2014,TRI,TN,ASO,ES,Combined TRACON& Tower with Radar,6,25,9,0,40,0,0,15,0,15,6,25,24,0,55,8,0,8,63
04/04/2014,TRI,TN,ASO,ES,Combined TRACON& Tower with Radar,2,30,10,0,42,0,0,4,0,4,2,30,14,0,46,42,0,42,88
04/05/2014,TRI,TN,ASO,ES,Combined TRACON& Tower with Radar,2,15,15,2,34,0,0,34,0,34,2,15,49,2,68,26,0,26,94
04/06/2014,TRI,TN,ASO,ES,Combined TRACON& Tower with Radar,6,21,18,0,45,0,0,26,6,32,6,21,44,6,77,58,0,58,135
04/07/2014,TRI,TN,ASO,ES,Combined TRACON& Tower with Radar,2,26,18,3,49,0,4,10,0,14,2,30,28,3,63,50,0,50,113
04/08/2014,TRI,TN,ASO,ES,Combined TRACON& Tower with Radar,2,25,24,2,53,0,9,18,0,27,2,34,42,2,80,64,0,64,144
04/09/2014,TRI,TN,ASO,ES,Combined TRACON& Tower with Radar,2,26,26,0,54,0,12,40,0,52,2,38,66,0,106,42,0,42,148
04/10/2014,TRI,TN,ASO,ES,Combined TRACON& Tower with Radar,6,33,24,0,63,0,2,36,2,40,6,35,60,2,103,20,0,20,123
04/11/2014,TRI,TN,ASO,ES,Combined TRACON& Tower with Radar,2,30,21,12,65,0,4,32,0,36,2,34,53,12,101,90,0,90,191
04/12/2014,TRI,TN,ASO,ES,Combined TRACON& Tower with Radar,2,19,24,12,57,0,0,41,0,41,2,19,65,12,98,72,0,72,170
04/13/2014,TRI,TN,ASO,ES,Combined TRACON& Tower with Radar,6,19,25,4,54,0,10,37,0,47,6,29,62,4,101,58,0,58,159
04/14/2014,TRI,TN,ASO,ES,Combined TRACON& Tower with Radar,2,28,4,0,34,0,5,9,0,14,2,33,13,0,48,38,0,38,86
04/15/2014,TRI,TN,ASO,ES,Combined TRACON& Tower with Radar,2,22,10,0,34,0,6,0,0,6,2,28,10,0,40,20,0,20,60
04/16/2014,TRI,TN,ASO,ES,Combined TRACON& Tower with Radar,2,40,27,0,69,0,6,41,2,49,2,46,68,2,118,94,0,94,212
04/17/2014,TRI,TN,ASO,ES,Combined TRACON& Tower with Radar,4,31,16,0,51,0,3,29,0,32,4,34,45,0,83,42,0,42,125
04/18/2014,TRI,TN,ASO,ES,Combined TRACON& Tower with Radar,2,30,6,5,43,0,1,18,0,19,2,31,24,5,62,66,0,66,128
04/19/2014,TRI,TN,ASO,ES,Combined TRACON& Tower with Radar,1,20,12,8,41,0,2,36,1,39,1,22,48,9,80,92,0,92,172
04/20/2014,TRI,TN,ASO,ES,Combined TRACON& Tower with Radar,5,19,7,0,31,0,0,28,0,28,5,19,35,0,59,27,0,27,86
04/21/2014,TRI,TN,ASO,ES,Combined TRACON& Tower with Radar,2,36,17,0,55,0,2,36,0,38,2,38,53,0,93,32,0,32,125
04/22/2014,TRI,TN,ASO,ES,Combined TRACON& Tower with Radar,2,39,26,0,67,0,6,25,1,32,2,45,51,1,99,31,0,31,130
04/23/2014,TRI,TN,ASO,ES,Combined TRACON& Tower with Radar,4,30,30,0,64,0,0,69,0,69,4,30,99,0,133,66,0,66,199
04/24/2014,TRI,TN,ASO,ES,Combined TRACON& Tower with Radar,2,25,24,2,53,0,9,18,0,27,2,34,42,2,80,42,0,42,122
04/25/2014,TRI,TN,ASO,ES,Combined TRACON& Tower with Radar,2,26,26,0,54,0,12,40,0,52,2,38,66,0,106,12,0,12,118
04/26/2014,TRI,TN,ASO,ES,Combined TRACON& Tower with Radar,6,33,24,0,63,0,2,36,2,40,6,35,60,2,103,32,0,32,135
04/27/2014,TRI,TN,ASO,ES,Combined TRACON& Tower with Radar,2,30,21,12,65,0,4,32,0,36,2,34,53,12,101,78,0,78,179
04/28/2014,TRI,TN,ASO,ES,Combined TRACON& Tower with Radar,2,19,24,12,57,0,0,41,0,41,2,19,65,12,98,16,0,16,114
04/29/2014,TRI,TN,ASO,ES,Combined TRACON& Tower with Radar,6,19,25,4,54,0,10,37,0,47,6,29,62,4,101,56,10,66,167
04/30/2014,TRI,TN,ASO,ES,Combined TRACON& Tower with Radar,2,25,9,0,36,0,2,10,0,12,2,27,19,0,48,4,0,4,52
05/01/2014,TRI,TN,ASO,ES,Combined TRACON& Tower with Radar,6,31,24,2,63,0,2,6,0,8,6,33,30,2,71,18,0,18,89
05/02/2014,TRI,TN,ASO,ES,Combined TRACON& Tower with Radar,2,35,25,0,62,0,5,12,0,17,2,40,37,0,79,26,0,26,105
05/03/2014,TRI,TN,ASO,ES,Combined TRACON& Tower with Radar,2,15,10,0,27,0,0,31,0,31,2,15,41,0,58,82,0,82,140
05/04/2014,TRI,TN,ASO,ES,Combined TRACON& Tower with Radar,6,19,10,0,35,0,0,33,0,33,6,19,43,0,68,60,0,60,128
05/05/2014,TRI,TN,ASO,ES,Combined TRACON& Tower with Radar,2,28,16,0,46,0,4,22,0,26,2,32,38,0,72,44,0,44,116
05/06/2014,TRI,TN,ASO,ES,Combined TRACON& Tower with Radar,2,32,23,6,63,0,4,32,0,36,2,36,55,6,99,86,0,86,185
05/07/2014,TRI,TN,ASO,ES,Combined TRACON& Tower with Radar,2,35,42,5,84,0,0,35,0,35,2,35,77,5,119,56,0,56,175
05/08/2014,TRI,TN,ASO,ES,Combined TRACON& Tower with Radar,6,33,35,8,82,0,0,59,0,59,6,33,94,8,141,62,0,62,203
05/09/2014,TRI,TN,ASO,ES,Combined TRACON& Tower with Radar,2,33,35,0,70,0,2,41,0,43,2,35,76,0,113,62,0,62,175
05/10/2014,TRI,TN,ASO,ES,Combined TRACON& Tower with Radar,2,21,16,0,39,0,0,3,0,3,2,21,19,0,42,4,0,4,46
05/11/2014,TRI,TN,ASO,ES,Combined TRACON& Tower with Radar,8,22,13,0,43,0,0,37,2,39,8,22,50,2,82,112,0,112,194
05/12/2014,TRI,TN,ASO,ES,Combined TRACON& Tower with Radar,2,32,22,8,64,0,2,32,0,34,2,34,54,8,98,82,0,82,180
05/13/2014,TRI,TN,ASO,ES,Combined TRACON& Tower with Radar,2,29,15,2,48,0,4,32,0,36,2,33,47,2,84,62,0,62,146
05/14/2014,TRI,TN,ASO,ES,Combined TRACON& Tower with Radar,4,25,29,10,68,0,4,20,0,24,4,29,49,10,92,30,0,30,122
05/15/2014,TRI,TN,ASO,ES,Combined TRACON& Tower with Radar,6,33,18,0,57,0,0,12,0,12,6,33,30,0,69,32,0,32,101
05/16/2014,TRI,TN,ASO,ES,Combined TRACON& Tower with Radar,2,30,31,2,65,0,0,28,1,29,2,30,59,3,94,52,0,52,146
05/17/2014,TRI,TN,ASO,ES,Combined TRACON& Tower with Radar,2,18,17,0,37,0,0,22,0,22,2,18,39,0,59,26,0,26,85
05/18/2014,TRI,TN,ASO,ES,Combined TRACON& Tower with Radar,6,22,10,0,38,0,3,53,1,57,6,25,63,1,95,46,0,46,141
05/19/2014,TRI,TN,ASO,ES,Combined TRACON& Tower with Radar,2,33,38,0,73,0,2,41,0,43,2,35,79,0,116,68,0,68,184
05/20/2014,TRI,TN,ASO,ES,Combined TRACON& Tower with Radar,2,25,21,0,48,0,6,23,0,29,2,31,44,0,77,70,0,70,147
05/21/2014,TRI,TN,ASO,ES,Combined TRACON& Tower with Radar,2,30,23,0,55,0,2,27,0,29,2,32,50,0,84,14,0,14,98
05/22/2014,TRI,TN,ASO,ES,Combined TRACON& Tower with Radar,6,25,42,0,73,0,3,44,0,47,6,28,86,0,120,58,0,58,178
05/23/2014,TRI,TN,ASO,ES,Combined TRACON& Tower with Radar,2,26,24,0,52,0,0,24,0,24,2,26,48,0,76,22,0,22,98
05/24/2014,TRI,TN,ASO,ES,Combined TRACON& Tower with Radar,1,20,13,0,34,0,4,44,0,48,1,24,57,0,82,36,0,36,118
05/25/2014,TRI,TN,ASO,ES,Combined TRACON& Tower with Radar,4,19,12,0,35,0,6,42,0,48,4,25,54,0,83,96,0,96,179
05/26/2014,TRI,TN,ASO,ES,Combined TRACON& Tower with Radar,1,22,14,0,37,0,6,41,0,47,1,28,55,0,84,102,0,102,186
05/27/2014,TRI,TN,ASO,ES,Combined TRACON& Tower with Radar,2,39,15,0,56,0,2,16,2,20,2,41,31,2,76,50,0,50,126
05/28/2014,TRI,TN,ASO,ES,Combined TRACON& Tower with Radar,2,32,19,2,55,0,2,23,0,25,2,34,42,2,80,56,0,56,136
05/29/2014,TRI,TN,ASO,ES,Combined TRACON& Tower with Radar,6,36,27,0,69,0,0,31,0,31,6,36,58,0,100,38,0,38,138
05/30/2014,TRI,TN,ASO,ES,Combined TRACON& Tower with Radar,2,28,13,2,45,0,8,14,0,22,2,36,27,2,67,72,0,72,139
05/31/2014,TRI,TN,ASO,ES,Combined TRACON& Tower with Radar,2,21,25,0,48,0,2,26,0,28,2,23,51,0,76,30,0,30,106
06/01/2014,TRI,TN,ASO,ES,Combined TRACON& Tower with Radar,6,25,26,0,57,0,6,33,0,39,6,31,59,0,96,76,0,76,172
06/02/2014,TRI,TN,ASO,ES,Combined TRACON& Tower with Radar,2,32,25,0,59,0,4,30,0,34,2,36,55,0,93,32,0,32,125
06/03/2014,TRI,TN,ASO,ES,Combined TRACON& Tower with Radar,2,35,28,0,65,0,6,19,0,25,2,41,47,0,90,46,0,46,136
06/04/2014,TRI,TN,ASO,ES,Combined TRACON& Tower with Radar,2,28,22,0,52,0,4,39,0,43,2,32,61,0,95,58,0,58,153
06/05/2014,TRI,TN,ASO,ES,Combined TRACON& Tower with Radar,8,29,17,2,56,0,0,5,6,11,8,29,22,8,67,2,0,2,69
06/06/2014,TRI,TN,ASO,ES,Combined TRACON& Tower with Radar,4,25,17,0,46,0,2,28,0,30,4,27,45,0,76,38,0,38,114
06/07/2014,TRI,TN,ASO,ES,Combined TRACON& Tower with Radar,1,24,14,0,39,0,2,36,0,38,1,26,50,0,77,136,0,136,213
06/08/2014,TRI,TN,ASO,ES,Combined TRACON& Tower with Radar,7,20,12,2,41,0,0,46,13,59,7,20,58,15,100,140,0,140,240
06/09/2014,TRI,TN,ASO,ES,Combined TRACON& Tower with Radar,4,27,19,0,50,0,4,28,0,32,4,31,47,0,82,74,0,74,156
06/10/2014,TRI,TN,ASO,ES,Combined TRACON& Tower with Radar,6,34,16,0,56,0,2,33,0,35,6,36,49,0,91,88,0,88,179
06/11/2014,TRI,TN,ASO,ES,Combined TRACON& Tower with Radar,4,27,29,0,60,0,4,21,0,25,4,31,50,0,85,70,0,70,155
06/12/2014,TRI,TN,ASO,ES,Combined TRACON& Tower with Radar,10,28,21,0,59,0,2,10,0,12,10,30,31,0,71,34,0,34,105
06/13/2014,TRI,TN,ASO,ES,Combined TRACON& Tower with Radar,6,29,24,10,69,0,3,29,0,32,6,32,53,10,101,100,0,100,201
06/14/2014,TRI,TN,ASO,ES,Combined TRACON& Tower with Radar,1,16,10,0,27,0,8,75,0,83,1,24,85,0,110,112,0,112,222
06/15/2014,TRI,TN,ASO,ES,Combined TRACON& Tower with Radar,7,22,32,0,61,0,2,43,0,45,7,24,75,0,106,52,0,52,158
06/16/2014,TRI,TN,ASO,ES,Combined TRACON& Tower with Radar,4,34,22,6,66,0,3,34,0,37,4,37,56,6,103,81,0,81,184
06/17/2014,TRI,TN,ASO,ES,Combined TRACON& Tower with Radar,4,34,29,4,71,0,0,68,0,68,4,34,97,4,139,80,0,80,219
06/18/2014,TRI,TN,ASO,ES,Combined TRACON& Tower with Radar,2,37,40,0,79,0,2,64,0,66,2,39,104,0,145,62,0,62,207
06/19/2014,TRI,TN,ASO,ES,Combined TRACON& Tower with Radar,10,38,30,0,78,0,2,48,2,52,10,40,78,2,130,28,0,28,158
06/20/2014,TRI,TN,ASO,ES,Combined TRACON& Tower with Radar,4,28,21,0,53,0,1,26,0,27,4,29,47,0,80,20,0,20,100
06/21/2014,TRI,TN,ASO,ES,Combined TRACON& Tower with Radar,1,23,18,1,43,0,2,9,0,11,1,25,27,1,54,10,0,10,64
06/22/2014,TRI,TN,ASO,ES,Combined TRACON& Tower with Radar,7,16,18,2,43,0,2,48,0,50,7,18,66,2,93,110,0,110,203
06/23/2014,TRI,TN,ASO,ES,Combined TRACON& Tower with Radar,4,27,26,0,57,0,4,31,0,35,4,31,57,0,92,39,0,39,131
06/24/2014,TRI,TN,ASO,ES,Combined TRACON& Tower with Radar,4,32,27,0,63,0,0,26,0,26,4,32,53,0,89,60,0,60,149
06/25/2014,TRI,TN,ASO,ES,Combined TRACON& Tower with Radar,6,37,24,2,69,0,1,12,0,13,6,38,36,2,82,10,0,10,92
06/26/2014,TRI,TN,ASO,ES,Combined TRACON& Tower with Radar,8,42,46,4,100,0,2,40,0,42,8,44,86,4,142,34,0,34,176
06/27/2014,TRI,TN,ASO,ES,Combined TRACON& Tower with Radar,4,32,28,0,64,0,4,59,0,63,4,36,87,0,127,14,0,14,141
06/28/2014,TRI,TN,ASO,ES,Combined TRACON& Tower with Radar,3,20,20,0,43,0,4,75,0,79,3,24,95,0,122,42,0,42,164
06/29/2014,TRI,TN,ASO,ES,Combined TRACON& Tower with Radar,6,23,12,0,41,0,4,34,0,38,6,27,46,0,79,88,0,88,167
06/30/2014,TRI,TN,ASO,ES,Combined TRACON& Tower with Radar,5,35,35,0,75,0,2,39,0,41,5,37,74,0,116,61,0,61,177
07/01/2014,TRI,TN,ASO,ES,Combined TRACON& Tower with Radar,5,29,34,0,68,0,6,32,0,38,5,35,66,0,106,58,0,58,164
07/02/2014,TRI,TN,ASO,ES,Combined TRACON& Tower with Radar,6,28,48,0,82,0,0,36,0,36,6,28,84,0,118,50,0,50,168
07/03/2014,TRI,TN,ASO,ES,Combined TRACON& Tower with Radar,10,22,14,0,46,0,2,45,0,47,10,24,59,0,93,41,0,41,134
07/04/2014,TRI,TN,ASO,ES,Combined TRACON& Tower with Radar,4,14,14,0,32,0,2,16,0,18,4,16,30,0,50,34,0,34,84
07/05/2014,TRI,TN,ASO,ES,Combined TRACON& Tower with Radar,4,13,11,0,28,0,9,43,0,52,4,22,54,0,80,68,0,68,148
07/06/2014,TRI,TN,ASO,ES,Combined TRACON& Tower with Radar,10,11,20,0,41,0,0,49,0,49,10,11,69,0,90,45,0,45,135
07/07/2014,TRI,TN,ASO,ES,Combined TRACON& Tower with Radar,6,25,33,0,64,0,4,22,0,26,6,29,55,0,90,57,0,57,147
07/08/2014,TRI,TN,ASO,ES,Combined TRACON& Tower with Radar,6,20,18,0,44,0,0,14,0,14,6,20,32,0,58,26,0,26,84
07/09/2014,TRI,TN,ASO,ES,Combined TRACON& Tower with Radar,6,31,35,0,72,0,2,9,0,11,6,33,44,0,83,40,0,40,123
07/10/2014,TRI,TN,ASO,ES,Combined TRACON& Tower with Radar,10,31,38,0,79,0,4,44,0,48,10,35,82,0,127,32,0,32,159
07/11/2014,TRI,TN,ASO,ES,Combined TRACON& Tower with Radar,6,23,21,0,50,0,5,58,0,63,6,28,79,0,113,96,0,96,209
07/12/2014,TRI,TN,ASO,ES,Combined TRACON& Tower with Radar,2,15,16,0,33,0,0,39,0,39,2,15,55,0,72,38,0,38,110
07/13/2014,TRI,TN,ASO,ES,Combined TRACON& Tower with Radar,10,14,13,0,37,0,2,41,0,43,10,16,54,0,80,52,0,52,132
07/14/2014,TRI,TN,ASO,ES,Combined TRACON& Tower with Radar,6,25,24,0,55,0,10,19,0,29,6,35,43,0,84,60,0,60,144
07/15/2014,TRI,TN,ASO,ES,Combined TRACON& Tower with Radar,8,31,31,0,70,0,2,19,0,21,8,33,50,0,91,20,0,20,111
07/16/2014,TRI,TN,ASO,ES,Combined TRACON& Tower with Radar,6,32,34,0,72,0,2,60,0,62,6,34,94,0,134,78,0,78,212
07/17/2014,TRI,TN,ASO,ES,Combined TRACON& Tower with Radar,8,30,26,6,70,0,1,57,0,58,8,31,83,6,128,60,0,60,188
07/18/2014,TRI,TN,ASO,ES,Combined TRACON& Tower with Radar,6,21,27,0,54,0,0,3,0,3,6,21,30,0,57,32,0,32,89
07/19/2014,TRI,TN,ASO,ES,Combined TRACON& Tower with Radar,2,24,14,0,40,0,0,6,0,6,2,24,20,0,46,12,0,12,58
07/20/2014,TRI,TN,ASO,ES,Combined TRACON& Tower with Radar,10,13,10,0,33,0,2,78,0,80,10,15,88,0,113,0,0,0,113
07/21/2014,TRI,TN,ASO,ES,Combined TRACON& Tower with Radar,6,40,25,0,71,0,4,27,0,31,6,44,52,0,102,58,0,58,160
07/22/2014,TRI,TN,ASO,ES,Combined TRACON& Tower with Radar,6,32,23,0,61,0,0,25,0,25,6,32,48,0,86,36,0,36,122
07/23/2014,TRI,TN,ASO,ES,Combined TRACON& Tower with Radar,6,24,27,9,66,0,4,35,3,42,6,28,62,12,108,134,0,134,242
07/24/2014,TRI,TN,ASO,ES,Combined TRACON& Tower with Radar,12,20,30,2,64,0,8,12,2,22,12,28,42,4,86,26,1,27,113
07/25/2014,TRI,TN,ASO,ES,Combined TRACON& Tower with Radar,6,23,27,0,56,0,4,48,0,52,6,27,75,0,108,44,0,44,152
07/26/2014,TRI,TN,ASO,ES,Combined TRACON& Tower with Radar,2,18,19,0,39,0,5,46,2,53,2,23,65,2,92,82,0,82,174
07/27/2014,TRI,TN,ASO,ES,Combined TRACON& Tower with Radar,8,13,18,0,39,0,2,17,0,19,8,15,35,0,58,58,0,58,116
07/28/2014,TRI,TN,ASO,ES,Combined TRACON& Tower with Radar,6,29,25,0,60,0,5,13,0,18,6,34,38,0,78,6,0,6,84
07/29/2014,TRI,TN,ASO,ES,Combined TRACON& Tower with Radar,3,23,24,0,50,0,2,44,0,46,3,25,68,0,96,78,0,78,174
07/30/2014,TRI,TN,ASO,ES,Combined TRACON& Tower with Radar,5,34,26,0,65,0,2,43,0,45,5,36,69,0,110,47,0,47,157
07/31/2014,TRI,TN,ASO,ES,Combined TRACON& Tower with Radar,12,30,24,0,66,0,0,42,0,42,12,30,66,0,108,24,0,24,132
08/01/2014,TRI,TN,ASO,ES,Combined TRACON& Tower with Radar,6,24,31,2,63,0,2,28,0,30,6,26,59,2,93,30,0,30,123
08/02/2014,TRI,TN,ASO,ES,Combined TRACON& Tower with Radar,4,15,9,0,28,0,2,41,0,43,4,17,50,0,71,66,0,66,137
08/03/2014,TRI,TN,ASO,ES,Combined TRACON& Tower with Radar,10,11,18,0,39,0,2,40,0,42,10,13,58,0,81,96,0,96,177
08/04/2014,TRI,TN,ASO,ES,Combined TRACON& Tower with Radar,6,24,20,0,50,0,3,37,0,40,6,27,57,0,90,62,0,62,152
08/05/2014,TRI,TN,ASO,ES,Combined TRACON& Tower with Radar,6,20,19,0,45,0,2,43,0,45,6,22,62,0,90,64,0,64,154
08/06/2014,TRI,TN,ASO,ES,Combined TRACON& Tower with Radar,8,20,25,1,54,0,4,36,6,46,8,24,61,7,100,79,0,79,179
08/07/2014,TRI,TN,ASO,ES,Combined TRACON& Tower with Radar,10,25,28,0,63,0,2,26,0,28,10,27,54,0,91,28,0,28,119
08/08/2014,TRI,TN,ASO,ES,Combined TRACON& Tower with Radar,5,17,17,0,39,0,2,3,0,5,5,19,20,0,44,2,0,2,46
08/09/2014,TRI,TN,ASO,ES,Combined TRACON& Tower with Radar,2,19,14,0,35,0,2,20,0,22,2,21,34,0,57,28,0,28,85
08/10/2014,TRI,TN,ASO,ES,Combined TRACON& Tower with Radar,13,16,14,0,43,0,0,44,0,44,13,16,58,0,87,122,0,122,209
08/11/2014,TRI,TN,ASO,ES,Combined TRACON& Tower with Radar,6,20,24,0,50,0,2,24,0,26,6,22,48,0,76,27,0,27,103
08/12/2014,TRI,TN,ASO,ES,Combined TRACON& Tower with Radar,6,22,21,0,49,0,2,10,0,12,6,24,31,0,61,6,0,6,67
08/13/2014,TRI,TN,ASO,ES,Combined TRACON& Tower with Radar,10,21,32,2,65,0,2,56,4,62,10,23,88,6,127,72,0,72,199
08/14/2014,TRI,TN,ASO,ES,Combined TRACON& Tower with Radar,10,26,30,1,67,0,0,28,0,28,10,26,58,1,95,24,0,24,119
08/15/2014,TRI,TN,ASO,ES,Combined TRACON& Tower with Radar,6,22,23,3,54,0,3,42,0,45,6,25,65,3,99,24,0,24,123
08/16/2014,TRI,TN,ASO,ES,Combined TRACON& Tower with Radar,2,17,14,0,33,0,0,22,0,22,2,17,36,0,55,20,0,20,75
08/17/2014,TRI,TN,ASO,ES,Combined TRACON& Tower with Radar,10,16,15,0,41,0,2,36,0,38,10,18,51,0,79,60,0,60,139
08/18/2014,TRI,TN,ASO,ES,Combined TRACON& Tower with Radar,6,26,25,0,57,0,3,11,0,14,6,29,36,0,71,11,0,11,82
08/19/2014,TRI,TN,ASO,ES,Combined TRACON& Tower with Radar,6,21,34,0,61,0,2,22,0,24,6,23,56,0,85,18,0,18,103
08/20/2014,TRI,TN,ASO,ES,Combined TRACON& Tower with Radar,6,40,67,7,120,0,2,20,1,23,6,42,87,8,143,24,0,24,167
08/21/2014,TRI,TN,ASO,ES,Combined TRACON& Tower with Radar,16,30,71,0,117,0,6,49,0,55,16,36,120,0,172,40,0,40,212
08/22/2014,TRI,TN,ASO,ES,Combined TRACON& Tower with Radar,12,26,58,4,100,0,2,41,0,43,12,28,99,4,143,58,0,58,201
08/23/2014,TRI,TN,ASO,ES,Combined TRACON& Tower with Radar,7,31,104,2,144,0,9,87,1,97,7,40,191,3,241,344,0,344,585
08/24/2014,TRI,TN,ASO,ES,Combined TRACON& Tower with Radar,20,23,55,0,98,0,1,53,0,54,20,24,108,0,152,87,0,87,239
08/25/2014,TRI,TN,ASO,ES,Combined TRACON& Tower with Radar,6,33,26,2,67,0,0,43,0,43,6,33,69,2,110,44,0,44,154
08/26/2014,TRI,TN,ASO,ES,Combined TRACON& Tower with Radar,6,23,28,8,65,0,2,76,2,80,6,25,104,10,145,192,0,192,337
08/27/2014,TRI,TN,ASO,ES,Combined TRACON& Tower with Radar,4,29,32,0,65,0,6,47,0,53,4,35,79,0,118,76,0,76,194
08/28/2014,TRI,TN,ASO,ES,Combined TRACON& Tower with Radar,10,35,29,0,74,0,4,75,0,79,10,39,104,0,153,114,0,114,267
08/29/2014,TRI,TN,ASO,ES,Combined TRACON& Tower with Radar,8,28,28,2,66,0,3,42,0,45,8,31,70,2,111,81,0,81,192
08/30/2014,TRI,TN,ASO,ES,Combined TRACON& Tower with Radar,2,14,11,4,31,0,2,42,0,44,2,16,53,4,75,84,0,84,159
08/31/2014,TRI,TN,ASO,ES,Combined TRACON& Tower with Radar,8,16,12,0,36,0,4,39,0,43,8,20,51,0,79,90,0,90,169
09/01/2014,TRI,TN,ASO,ES,Combined TRACON& Tower with Radar,6,20,17,0,43,0,2,21,0,23,6,22,38,0,66,14,0,14,80
09/02/2014,TRI,TN,ASO,ES,Combined TRACON& Tower with Radar,6,18,23,0,47,0,2,29,0,31,6,20,52,0,78,16,0,16,94
09/03/2014,TRI,TN,ASO,ES,Combined TRACON& Tower with Radar,6,22,24,8,60,0,2,15,0,17,6,24,39,8,77,6,0,6,83
09/04/2014,TRI,TN,ASO,ES,Combined TRACON& Tower with Radar,12,23,23,12,70,0,4,42,0,46,12,27,65,12,116,0,0,0,116
09/05/2014,TRI,TN,ASO,ES,Combined TRACON& Tower with Radar,6,24,21,0,51,0,2,26,2,30,6,26,47,2,81,50,0,50,131
09/06/2014,TRI,TN,ASO,ES,Combined TRACON& Tower with Radar,6,11,14,0,31,0,4,9,9,22,6,15,23,9,53,18,0,18,71
09/07/2014,TRI,TN,ASO,ES,Combined TRACON& Tower with Radar,10,29,20,0,59,0,2,15,0,17,10,31,35,0,76,62,0,62,138
09/08/2014,TRI,TN,ASO,ES,Combined TRACON& Tower with Radar,6,21,36,0,63,0,2,32,0,34,6,23,68,0,97,46,0,46,143
09/09/2014,TRI,TN,ASO,ES,Combined TRACON& Tower with Radar,6,21,32,4,63,0,3,49,0,52,6,24,81,4,115,26,0,26,141
09/10/2014,TRI,TN,ASO,ES,Combined TRACON& Tower with Radar,6,28,19,0,53,0,0,24,0,24,6,28,43,0,77,22,0,22,99
09/11/2014,TRI,TN,ASO,ES,Combined TRACON& Tower with Radar,10,26,26,0,62,0,0,20,0,20,10,26,46,0,82,20,0,20,102
09/12/2014,TRI,TN,ASO,ES,Combined TRACON& Tower with Radar,10,34,36,2,82,0,0,17,0,17,10,34,53,2,99,50,0,50,149
09/13/2014,TRI,TN,ASO,ES,Combined TRACON& Tower with Radar,6,21,14,7,48,0,0,8,1,9,6,21,22,8,57,38,0,38,95
09/14/2014,TRI,TN,ASO,ES,Combined TRACON& Tower with Radar,10,18,24,0,52,0,0,27,0,27,10,18,51,0,79,96,0,96,175
09/15/2014,TRI,TN,ASO,ES,Combined TRACON& Tower with Radar,6,17,30,0,53,0,0,12,0,12,6,17,42,0,65,22,0,22,87
09/16/2014,TRI,TN,ASO,ES,Combined TRACON& Tower with Radar,6,22,20,2,50,0,2,16,1,19,6,24,36,3,69,46,0,46,115
09/17/2014,TRI,TN,ASO,ES,Combined TRACON& Tower with Radar,6,25,22,0,53,0,5,30,0,35,6,30,52,0,88,16,0,16,104
09/18/2014,TRI,TN,ASO,ES,Combined TRACON& Tower with Radar,10,25,33,0,68,0,0,10,0,10,10,25,43,0,78,8,0,8,86
09/19/2014,TRI,TN,ASO,ES,Combined TRACON& Tower with Radar,4,30,19,0,53,0,3,39,0,42,4,33,58,0,95,49,0,49,144
09/20/2014,TRI,TN,ASO,ES,Combined TRACON& Tower with Radar,6,12,12,0,30,0,2,47,0,49,6,14,59,0,79,42,0,42,121
09/21/2014,TRI,TN,ASO,ES,Combined TRACON& Tower with Radar,10,17,25,0,52,0,2,32,0,34,10,19,57,0,86,12,0,12,98
09/22/2014,TRI,TN,ASO,ES,Combined TRACON& Tower with Radar,6,26,23,32,87,0,9,44,0,53,6,35,67,32,140,191,0,191,331
09/23/2014,TRI,TN,ASO,ES,Combined TRACON& Tower with Radar,6,37,17,0,60,0,4,27,0,31,6,41,44,0,91,195,0,195,286
09/24/2014,TRI,TN,ASO,ES,Combined TRACON& Tower with Radar,6,31,29,0,66,0,0,28,0,28,6,31,57,0,94,149,0,149,243
09/25/2014,TRI,TN,ASO,ES,Combined TRACON& Tower with Radar,10,23,42,0,75,0,2,38,0,40,10,25,80,0,115,26,0,26,141
09/26/2014,TRI,TN,ASO,ES,Combined TRACON& Tower with Radar,7,22,22,0,51,0,2,22,0,24,7,24,44,0,75,34,0,34,109
09/27/2014,TRI,TN,ASO,ES,Combined TRACON& Tower with Radar,6,15,8,0,29,0,3,39,0,42,6,18,47,0,71,64,0,64,135
09/28/2014,TRI,TN,ASO,ES,Combined TRACON& Tower with Radar,10,17,21,0,48,0,4,38,0,42,10,21,59,0,90,98,0,98,188
09/29/2014,TRI,TN,ASO,ES,Combined TRACON& Tower with Radar,7,23,18,0,48,0,0,16,0,16,7,23,34,0,64,42,0,42,106
09/30/2014,TRI,TN,ASO,ES,Combined TRACON& Tower with Radar,7,20,32,0,59,0,2,24,0,26,7,22,56,0,85,50,0,50,135
10/01/2014,TRI,TN,ASO,ES,Combined TRACON& Tower with Radar,6,24,25,0,55,0,0,20,0,20,6,24,45,0,75,12,0,12,87
10/02/2014,TRI,TN,ASO,ES,Combined TRACON& Tower with Radar,10,31,38,22,101,0,0,51,4,55,10,31,89,26,156,58,0,58,214
10/03/2014,TRI,TN,ASO,ES,Combined TRACON& Tower with Radar,8,25,27,0,60,0,0,15,0,15,8,25,42,0,75,92,0,92,167
10/04/2014,TRI,TN,ASO,ES,Combined TRACON& Tower with Radar,4,11,9,0,24,0,5,26,0,31,4,16,35,0,55,48,0,48,103
10/05/2014,TRI,TN,ASO,ES,Combined TRACON& Tower with Radar,10,16,15,0,41,0,5,57,0,62,10,21,72,0,103,116,0,116,219
10/06/2014,TRI,TN,ASO,ES,Combined TRACON& Tower with Radar,6,29,21,0,56,0,2,25,0,27,6,31,46,0,83,32,0,32,115
10/07/2014,TRI,TN,ASO,ES,Combined TRACON& Tower with Radar,6,23,22,2,53,0,0,3,0,3,6,23,25,2,56,72,0,72,128
10/08/2014,TRI,TN,ASO,ES,Combined TRACON& Tower with Radar,6,27,14,0,47,0,2,26,0,28,6,29,40,0,75,34,0,34,109
10/09/2014,TRI,TN,ASO,ES,Combined TRACON& Tower with Radar,10,23,24,0,57,0,3,39,0,42,10,26,63,0,99,28,0,28,127
10/10/2014,TRI,TN,ASO,ES,Combined TRACON& Tower with Radar,6,22,27,0,55,0,1,4,0,5,6,23,31,0,60,16,0,16,76
10/11/2014,TRI,TN,ASO,ES,Combined TRACON& Tower with Radar,4,18,14,0,36,0,1,4,0,5,4,19,18,0,41,4,0,4,45
10/12/2014,TRI,TN,ASO,ES,Combined TRACON& Tower with Radar,10,21,19,0,50,0,0,3,0,3,10,21,22,0,53,10,0,10,63
10/13/2014,TRI,TN,ASO,ES,Combined TRACON& Tower with Radar,6,38,18,0,62,0,2,21,0,23,6,40,39,0,85,66,0,66,151
10/14/2014,TRI,TN,ASO,ES,Combined TRACON& Tower with Radar,10,25,15,0,50,0,4,0,0,4,10,29,15,0,54,0,0,0,54
10/15/2014,TRI,TN,ASO,ES,Combined TRACON& Tower with Radar,6,31,22,0,59,0,5,17,0,22,6,36,39,0,81,30,0,30,111
10/16/2014,TRI,TN,ASO,ES,Combined TRACON& Tower with Radar,10,25,40,0,75,0,0,10,0,10,10,25,50,0,85,22,0,22,107
10/17/2014,TRI,TN,ASO,ES,Combined TRACON& Tower with Radar,4,36,22,0,62,0,3,34,0,37,4,39,56,0,99,67,0,67,166
10/18/2014,TRI,TN,ASO,ES,Combined TRACON& Tower with Radar,4,13,16,0,33,0,2,29,0,31,4,15,45,0,64,64,0,64,128
10/19/2014,TRI,TN,ASO,ES,Combined TRACON& Tower with Radar,10,21,27,0,58,0,9,50,0,59,10,30,77,0,117,114,0,114,231
10/20/2014,TRI,TN,ASO,ES,Combined TRACON& Tower with Radar,6,28,26,0,60,0,6,27,0,33,6,34,53,0,93,38,0,38,131
10/21/2014,TRI,TN,ASO,ES,Combined TRACON& Tower with Radar,8,32,29,0,69,0,0,49,0,49,8,32,78,0,118,60,0,60,178
10/22/2014,TRI,TN,ASO,ES,Combined TRACON& Tower with Radar,6,22,31,0,59,0,0,25,0,25,6,22,56,0,84,64,0,64,148
10/23/2014,TRI,TN,ASO,ES,Combined TRACON& Tower with Radar,10,30,13,2,55,0,1,64,1,66,10,31,77,3,121,80,0,80,201
10/24/2014,TRI,TN,ASO,ES,Combined TRACON& Tower with Radar,8,23,26,0,57,0,2,48,0,50,8,25,74,0,107,58,0,58,165
10/25/2014,TRI,TN,ASO,ES,Combined TRACON& Tower with Radar,4,14,3,0,21,0,5,18,0,23,4,19,21,0,44,18,0,18,62
10/26/2014,TRI,TN,ASO,ES,Combined TRACON& Tower with Radar,10,20,20,1,51,0,5,48,0,53,10,25,68,1,104,104,0,104,208
10/27/2014,TRI,TN,ASO,ES,Combined TRACON& Tower with Radar,8,29,29,6,72,0,4,60,0,64,8,33,89,6,136,168,0,168,304
10/28/2014,TRI,TN,ASO,ES,Combined TRACON& Tower with Radar,6,19,20,0,45,0,2,30,0,32,6,21,50,0,77,76,0,76,153
10/29/2014,TRI,TN,ASO,ES,Combined TRACON& Tower with Radar,6,25,20,2,53,0,2,2,0,4,6,27,22,2,57,4,0,4,61
10/30/2014,TRI,TN,ASO,ES,Combined TRACON& Tower with Radar,8,24,16,8,56,0,0,39,0,39,8,24,55,8,95,44,0,44,139
10/31/2014,TRI,TN,ASO,ES,Combined TRACON& Tower with Radar,6,25,15,0,46,0,1,19,0,20,6,26,34,0,66,24,0,24,90
11/01/2014,TRI,TN,ASO,ES,Combined TRACON& Tower with Radar,4,13,7,0,24,0,1,0,0,1,4,14,7,0,25,0,0,0,25
11/02/2014,TRI,TN,ASO,ES,Combined TRACON& Tower with Radar,8,14,3,0,25,0,0,28,0,28,8,14,31,0,53,22,0,22,75
11/03/2014,TRI,TN,ASO,ES,Combined TRACON& Tower with Radar,8,27,13,10,58,0,0,21,0,21,8,27,34,10,79,42,0,42,121
11/04/2014,TRI,TN,ASO,ES,Combined TRACON& Tower with Radar,6,25,29,8,68,0,1,54,2,57,6,26,83,10,125,92,0,92,217
11/05/2014,TRI,TN,ASO,ES,Combined TRACON& Tower with Radar,6,24,24,0,54,0,0,17,0,17,6,24,41,0,71,73,0,73,144
11/06/2014,TRI,TN,ASO,ES,Combined TRACON& Tower with Radar,8,20,18,0,46,0,4,9,0,13,8,24,27,0,59,4,0,4,63
11/07/2014,TRI,TN,ASO,ES,Combined TRACON& Tower with Radar,8,27,10,0,45,0,2,28,0,30,8,29,38,0,75,144,0,144,219
11/08/2014,TRI,TN,ASO,ES,Combined TRACON& Tower with Radar,4,13,7,0,24,0,0,42,0,42,4,13,49,0,66,56,0,56,122
11/09/2014,TRI,TN,ASO,ES,Combined TRACON& Tower with Radar,8,14,13,6,41,0,6,45,0,51,8,20,58,6,92,106,0,106,198
11/10/2014,TRI,TN,ASO,ES,Combined TRACON& Tower with Radar,8,21,16,0,45,0,0,30,0,30,8,21,46,0,75,51,0,51,126
11/11/2014,TRI,TN,ASO,ES,Combined TRACON& Tower with Radar,6,22,23,0,51,0,13,61,0,74,6,35,84,0,125,136,0,136,261
11/12/2014,TRI,TN,ASO,ES,Combined TRACON& Tower with Radar,6,21,31,12,70,0,2,14,0,16,6,23,45,12,86,78,0,78,164
11/13/2014,TRI,TN,ASO,ES,Combined TRACON& Tower with Radar,8,23,22,0,53,0,0,0,0,0,8,23,22,0,53,0,0,0,53
11/14/2014,TRI,TN,ASO,ES,Combined TRACON& Tower with Radar,6,33,17,0,56,0,3,23,0,26,6,36,40,0,82,26,0,26,108
11/15/2014,TRI,TN,ASO,ES,Combined TRACON& Tower with Radar,4,13,0,0,17,0,6,29,0,35,4,19,29,0,52,34,0,34,86
11/16/2014,TRI,TN,ASO,ES,Combined TRACON& Tower with Radar,8,20,4,0,32,0,3,6,0,9,8,23,10,0,41,4,0,4,45
11/17/2014,TRI,TN,ASO,ES,Combined TRACON& Tower with Radar,8,19,26,0,53,0,0,0,0,0,8,19,26,0,53,0,0,0,53
11/18/2014,TRI,TN,ASO,ES,Combined TRACON& Tower with Radar,5,32,12,0,49,0,0,12,0,12,5,32,24,0,61,10,0,10,71
11/19/2014,TRI,TN,ASO,ES,Combined TRACON& Tower with Radar,6,23,23,0,52,0,2,29,2,33,6,25,52,2,85,42,0,42,127
11/20/2014,TRI,TN,ASO,ES,Combined TRACON& Tower with Radar,8,34,17,0,59,0,6,20,2,28,8,40,37,2,87,26,0,26,113
11/21/2014,TRI,TN,ASO,ES,Combined TRACON& Tower with Radar,8,25,26,0,59,0,6,56,0,62,8,31,82,0,121,70,0,70,191
11/22/2014,TRI,TN,ASO,ES,Combined TRACON& Tower with Radar,4,14,8,0,26,0,4,41,0,45,4,18,49,0,71,54,0,54,125
11/23/2014,TRI,TN,ASO,ES,Combined TRACON& Tower with Radar,10,10,15,0,35,0,0,32,0,32,10,10,47,0,67,68,0,68,135
11/24/2014,TRI,TN,ASO,ES,Combined TRACON& Tower with Radar,10,23,16,2,51,0,0,14,0,14,10,23,30,2,65,20,0,20,85
11/25/2014,TRI,TN,ASO,ES,Combined TRACON& Tower with Radar,6,27,22,0,55,0,3,35,0,38,6,30,57,0,93,64,0,64,157
11/26/2014,TRI,TN,ASO,ES,Combined TRACON& Tower with Radar,9,24,11,0,44,0,2,5,0,7,9,26,16,0,51,20,0,20,71
11/27/2014,TRI,TN,ASO,ES,Combined TRACON& Tower with Radar,4,10,1,0,15,0,0,0,0,0,4,10,1,0,15,0,0,0,15
11/28/2014,TRI,TN,ASO,ES,Combined TRACON& Tower with Radar,5,19,12,0,36,0,4,25,0,29,5,23,37,0,65,14,0,14,79
11/29/2014,TRI,TN,ASO,ES,Combined TRACON& Tower with Radar,9,17,13,0,39,0,2,37,0,39,9,19,50,0,78,82,0,82,160
11/30/2014,TRI,TN,ASO,ES,Combined TRACON& Tower with Radar,11,16,25,0,52,0,4,18,0,22,11,20,43,0,74,40,0,40,114
12/01/2014,TRI,TN,ASO,ES,Combined TRACON& Tower with Radar,6,30,8,2,46,0,0,3,0,3,6,30,11,2,49,14,0,14,63
12/02/2014,TRI,TN,ASO,ES,Combined TRACON& Tower with Radar,5,24,16,0,45,0,0,0,0,0,5,24,16,0,45,2,0,2,47
12/03/2014,TRI,TN,ASO,ES,Combined TRACON& Tower with Radar,4,28,14,0,46,0,2,20,0,22,4,30,34,0,68,31,0,31,99
12/04/2014,TRI,TN,ASO,ES,Combined TRACON& Tower with Radar,6,37,21,0,64,0,0,0,0,0,6,37,21,0,64,6,0,6,70
12/05/2014,TRI,TN,ASO,ES,Combined TRACON& Tower with Radar,7,26,13,2,48,0,0,23,0,23,7,26,36,2,71,57,0,57,128
12/06/2014,TRI,TN,ASO,ES,Combined TRACON& Tower with Radar,3,18,8,2,31,0,1,0,0,1,3,19,8,2,32,16,0,16,48
12/07/2014,TRI,TN,ASO,ES,Combined TRACON& Tower with Radar,6,22,14,0,42,0,3,51,1,55,6,25,65,1,97,108,0,108,205
12/08/2014,TRI,TN,ASO,ES,Combined TRACON& Tower with Radar,6,45,14,2,67,0,0,30,0,30,6,45,44,2,97,58,0,58,155
12/09/2014,TRI,TN,ASO,ES,Combined TRACON& Tower with Radar,6,23,13,0,42,0,1,24,0,25,6,24,37,0,67,54,0,54,121
12/10/2014,TRI,TN,ASO,ES,Combined TRACON& Tower with Radar,6,37,19,0,62,0,3,6,0,9,6,40,25,0,71,14,0,14,85
12/11/2014,TRI,TN,ASO,ES,Combined TRACON& Tower with Radar,6,31,18,0,55,0,2,23,0,25,6,33,41,0,80,14,0,14,94
12/12/2014,TRI,TN,ASO,ES,Combined TRACON& Tower with Radar,6,32,20,2,60,0,2,29,0,31,6,34,49,2,91,72,0,72,163
12/13/2014,TRI,TN,ASO,ES,Combined TRACON& Tower with Radar,4,21,11,0,36,0,7,27,0,34,4,28,38,0,70,62,0,62,132
12/14/2014,TRI,TN,ASO,ES,Combined TRACON& Tower with Radar,6,21,9,2,38,0,3,5,0,8,6,24,14,2,46,76,0,76,122
12/15/2014,TRI,TN,ASO,ES,Combined TRACON& Tower with Radar,6,35,22,0,63,0,2,35,0,37,6,37,57,0,100,54,0,54,154
12/16/2014,TRI,TN,ASO,ES,Combined TRACON& Tower with Radar,4,21,8,3,36,0,2,13,0,15,4,23,21,3,51,26,0,26,77
12/17/2014,TRI,TN,ASO,ES,Combined TRACON& Tower with Radar,4,21,15,2,42,0,0,21,0,21,4,21,36,2,63,30,0,30,93
12/18/2014,TRI,TN,ASO,ES,Combined TRACON& Tower with Radar,6,23,22,20,71,0,18,20,0,38,6,41,42,20,109,32,0,32,141
12/19/2014,TRI,TN,ASO,ES,Combined TRACON& Tower with Radar,6,25,23,2,56,0,7,23,0,30,6,32,46,2,86,48,0,48,134
12/20/2014,TRI,TN,ASO,ES,Combined TRACON& Tower with Radar,4,21,7,0,32,0,0,15,0,15,4,21,22,0,47,14,0,14,61
12/21/2014,TRI,TN,ASO,ES,Combined TRACON& Tower with Radar,6,15,8,0,29,0,0,18,0,18,6,15,26,0,47,36,0,36,83
12/22/2014,TRI,TN,ASO,ES,Combined TRACON& Tower with Radar,4,26,17,0,47,0,2,31,0,33,4,28,48,0,80,60,0,60,140
12/23/2014,TRI,TN,ASO,ES,Combined TRACON& Tower with Radar,8,28,17,0,53,0,4,17,0,21,8,32,34,0,74,45,0,45,119
12/24/2014,TRI,TN,ASO,ES,Combined TRACON& Tower with Radar,10,21,8,0,39,0,0,5,0,5,10,21,13,0,44,2,0,2,46
12/25/2014,TRI,TN,ASO,ES,Combined TRACON& Tower with Radar,5,17,2,0,24,0,0,6,0,6,5,17,8,0,30,0,0,0,30
12/26/2014,TRI,TN,ASO,ES,Combined TRACON& Tower with Radar,8,26,22,0,56,0,2,29,0,31,8,28,51,0,87,24,0,24,111
12/27/2014,TRI,TN,ASO,ES,Combined TRACON& Tower with Radar,4,20,20,0,44,0,0,27,0,27,4,20,47,0,71,42,0,42,113
12/28/2014,TRI,TN,ASO,ES,Combined TRACON& Tower with Radar,8,17,11,0,36,0,1,5,0,6,8,18,16,0,42,36,0,36,78
12/29/2014,TRI,TN,ASO,ES,Combined TRACON& Tower with Radar,4,24,6,0,34,0,0,0,0,0,4,24,6,0,34,2,0,2,36
12/30/2014,TRI,TN,ASO,ES,Combined TRACON& Tower with Radar,4,17,13,2,36,0,1,5,0,6,4,18,18,2,42,8,0,8,50
12/31/2014,TRI,TN,ASO,ES,Combined TRACON& Tower with Radar,4,19,8,0,31,0,2,20,0,22,4,21,28,0,53,10,0,10,63
01/01/2015,TRI,TN,ASO,ES,Combined TRACON& Tower with Radar,4,18,10,0,32,0,0,27,0,27,4,18,37,0,59,0,0,0,59
01/02/2015,TRI,TN,ASO,ES,Combined TRACON& Tower with Radar,4,21,11,0,36,0,0,4,0,4,4,21,15,0,40,0,0,0,40
01/03/2015,TRI,TN,ASO,ES,Combined TRACON& Tower with Radar,4,18,5,0,27,0,0,19,0,19,4,18,24,0,46,6,0,6,52
01/04/2015,TRI,TN,ASO,ES,Combined TRACON& Tower with Radar,11,24,5,0,40,0,4,0,0,4,11,28,5,0,44,8,0,8,52
01/05/2015,TRI,TN,ASO,ES,Combined TRACON& Tower with Radar,5,17,17,0,39,0,4,35,0,39,5,21,52,0,78,61,0,61,139
01/06/2015,TRI,TN,ASO,ES,Combined TRACON& Tower with Radar,2,19,11,10,42,0,2,28,0,30,2,21,39,10,72,64,0,64,136
01/07/2015,TRI,TN,ASO,ES,Combined TRACON& Tower with Radar,5,30,6,0,41,0,2,9,2,13,5,32,15,2,54,32,0,32,86
01/08/2015,TRI,TN,ASO,ES,Combined TRACON& Tower with Radar,5,26,19,10,60,0,2,25,0,27,5,28,44,10,87,58,0,58,145
01/09/2015,TRI,TN,ASO,ES,Combined TRACON& Tower with Radar,4,25,23,8,60,0,4,16,0,20,4,29,39,8,80,23,0,23,103
01/10/2015,TRI,TN,ASO,ES,Combined TRACON& Tower with Radar,4,19,17,0,40,0,2,29,0,31,4,21,46,0,71,54,0,54,125
01/11/2015,TRI,TN,ASO,ES,Combined TRACON& Tower with Radar,4,22,3,0,29,0,2,32,2,36,4,24,35,2,65,56,0,56,121
01/12/2015,TRI,TN,ASO,ES,Combined TRACON& Tower with Radar,6,18,7,0,31,0,0,0,0,0,6,18,7,0,31,10,0,10,41
01/13/2015,TRI,TN,ASO,ES,Combined TRACON& Tower with Radar,2,18,16,12,48,0,0,6,0,6,2,18,22,12,54,26,0,26,80
01/14/2015,TRI,TN,ASO,ES,Combined TRACON& Tower with Radar,4,22,16,0,42,0,0,2,0,2,4,22,18,0,44,4,0,4,48
01/15/2015,TRI,TN,ASO,ES,Combined TRACON& Tower with Radar,5,26,9,2,42,0,2,14,2,18,5,28,23,4,60,22,0,22,82
01/16/2015,TRI,TN,ASO,ES,Combined TRACON& Tower with Radar,13,21,18,0,52,0,5,21,0,26,13,26,39,0,78,66,0,66,144
01/17/2015,TRI,TN,ASO,ES,Combined TRACON& Tower with Radar,2,17,11,0,30,0,2,45,0,47,2,19,56,0,77,36,0,36,113
01/18/2015,TRI,TN,ASO,ES,Combined TRACON& Tower with Radar,4,21,5,0,30,0,4,9,0,13,4,25,14,0,43,48,0,48,91
01/19/2015,TRI,TN,ASO,ES,Combined TRACON& Tower with Radar,8,24,18,0,50,0,0,67,0,67,8,24,85,0,117,130,0,130,247
01/20/2015,TRI,TN,ASO,ES,Combined TRACON& Tower with Radar,2,30,7,0,39,0,4,25,0,29,2,34,32,0,68,34,0,34,102
01/21/2015,TRI,TN,ASO,ES,Combined TRACON& Tower with Radar,4,24,17,0,45,0,0,29,2,31,4,24,46,2,76,30,0,30,106
01/22/2015,TRI,TN,ASO,ES,Combined TRACON& Tower with Radar,4,29,9,0,42,0,5,38,0,43,4,34,47,0,85,45,0,45,130
01/23/2015,TRI,TN,ASO,ES,Combined TRACON& Tower with Radar,6,28,4,0,38,0,0,6,0,6,6,28,10,0,44,26,0,26,70
01/24/2015,TRI,TN,ASO,ES,Combined TRACON& Tower with Radar,2,15,6,0,23,0,0,1,0,1,2,15,7,0,24,0,0,0,24
01/25/2015,TRI,TN,ASO,ES,Combined TRACON& Tower with Radar,4,19,14,0,37,0,0,48,0,48,4,19,62,0,85,108,0,108,193
01/26/2015,TRI,TN,ASO,ES,Combined TRACON& Tower with Radar,8,20,8,6,42,0,0,17,0,17,8,20,25,6,59,10,0,10,69
01/27/2015,TRI,TN,ASO,ES,Combined TRACON& Tower with Radar,2,18,17,0,37,0,2,13,1,16,2,20,30,1,53,50,0,50,103
01/28/2015,TRI,TN,ASO,ES,Combined TRACON& Tower with Radar,4,24,32,0,60,0,4,54,0,58,4,28,86,0,118,72,0,72,190
01/29/2015,TRI,TN,ASO,ES,Combined TRACON& Tower with Radar,6,27,12,0,45,0,0,36,0,36,6,27,48,0,81,36,0,36,117
01/30/2015,TRI,TN,ASO,ES,Combined TRACON& Tower with Radar,6,19,15,0,40,0,0,3,0,3,6,19,18,0,43,2,0,2,45
01/31/2015,TRI,TN,ASO,ES,Combined TRACON& Tower with Radar,2,18,16,0,36,0,2,33,0,35,2,20,49,0,71,30,0,30,101
02/01/2015,TRI,TN,ASO,ES,Combined TRACON& Tower with Radar,2,16,6,0,24,0,2,17,0,19,2,18,23,0,43,40,0,40,83
02/02/2015,TRI,TN,ASO,ES,Combined TRACON& Tower with Radar,6,22,8,0,36,0,2,3,0,5,6,24,11,0,41,0,0,0,41
02/03/2015,TRI,TN,ASO,ES,Combined TRACON& Tower with Radar,3,27,18,2,50,0,11,45,0,56,3,38,63,2,106,102,0,102,208
02/04/2015,TRI,TN,ASO,ES,Combined TRACON& Tower with Radar,5,22,22,2,51,0,12,26,0,38,5,34,48,2,89,50,0,50,139
02/05/2015,TRI,TN,ASO,ES,Combined TRACON& Tower with Radar,4,29,13,20,66,0,0,4,0,4,4,29,17,20,70,26,28,54,124
02/06/2015,TRI,TN,ASO,ES,Combined TRACON& Tower with Radar,6,22,20,0,48,0,4,25,2,31,6,26,45,2,79,88,0,88,167
02/07/2015,TRI,TN,ASO,ES,Combined TRACON& Tower with Radar,2,16,13,0,31,0,0,27,0,27,2,16,40,0,58,46,0,46,104
02/08/2015,TRI,TN,ASO,ES,Combined TRACON& Tower with Radar,4,14,10,0,28,0,4,13,0,17,4,18,23,0,45,64,0,64,109
02/09/2015,TRI,TN,ASO,ES,Combined TRACON& Tower with Radar,7,18,6,0,31,0,0,2,0,2,7,18,8,0,33,0,0,0,33
02/10/2015,TRI,TN,ASO,ES,Combined TRACON& Tower with Radar,3,18,16,12,49,0,0,13,0,13,3,18,29,12,62,41,0,41,103
02/11/2015,TRI,TN,ASO,ES,Combined TRACON& Tower with Radar,4,29,24,2,59,0,2,64,0,66,4,31,88,2,125,92,0,92,217
02/12/2015,TRI,TN,ASO,ES,Combined TRACON& Tower with Radar,6,27,13,0,46,0,1,1,0,2,6,28,14,0,48,0,0,0,48
02/13/2015,TRI,TN,ASO,ES,Combined TRACON& Tower with Radar,2,33,23,0,58,0,8,51,0,59,2,41,74,0,117,96,0,96,213
02/14/2015,TRI,TN,ASO,ES,Combined TRACON& Tower with Radar,1,15,4,0,20,0,1,8,0,9,1,16,12,0,29,6,0,6,35
02/15/2015,TRI,TN,ASO,ES,Combined TRACON& Tower with Radar,4,17,9,0,30,0,1,11,0,12,4,18,20,0,42,30,0,30,72
02/16/2015,TRI,TN,ASO,ES,Combined TRACON& Tower with Radar,1,15,1,0,17,0,1,1,0,2,1,16,2,0,19,0,0,0,19
02/17/2015,TRI,TN,ASO,ES,Combined TRACON& Tower with Radar,3,22,13,0,38,0,1,0,0,1,3,23,13,0,39,2,0,2,41
02/18/2015,TRI,TN,ASO,ES,Combined TRACON& Tower with Radar,2,31,15,0,48,0,0,2,0,2,2,31,17,0,50,0,0,0,50
02/19/2015,TRI,TN,ASO,ES,Combined TRACON& Tower with Radar,6,30,12,14,62,0,1,10,0,11,6,31,22,14,73,21,0,21,94
02/20/2015,TRI,TN,ASO,ES,Combined TRACON& Tower with Radar,2,22,10,9,43,0,3,20,0,23,2,25,30,9,66,34,0,34,100
02/21/2015,TRI,TN,ASO,ES,Combined TRACON& Tower with Radar,4,13,2,0,19,0,1,0,0,1,4,14,2,0,20,16,0,16,36
02/22/2015,TRI,TN,ASO,ES,Combined TRACON& Tower with Radar,4,15,4,0,23,0,0,0,0,0,4,15,4,0,23,0,0,0,23
02/23/2015,TRI,TN,ASO,ES,Combined TRACON& Tower with Radar,4,24,24,2,54,0,2,14,0,16,4,26,38,2,70,60,0,60,130
02/24/2015,TRI,TN,ASO,ES,Combined TRACON& Tower with Radar,2,31,14,0,47,0,0,3,0,3,2,31,17,0,50,0,0,0,50
02/25/2015,TRI,TN,ASO,ES,Combined TRACON& Tower with Radar,2,20,12,0,34,0,4,9,2,15,2,24,21,2,49,16,0,16,65
02/26/2015,TRI,TN,ASO,ES,Combined TRACON& Tower with Radar,4,29,13,0,46,0,1,2,0,3,4,30,15,0,49,4,0,4,53
02/27/2015,TRI,TN,ASO,ES,Combined TRACON& Tower with Radar,2,24,22,6,54,0,0,4,0,4,2,24,26,6,58,48,0,48,106
02/28/2015,TRI,TN,ASO,ES,Combined TRACON& Tower with Radar,2,19,11,0,32,0,0,34,0,34,2,19,45,0,66,54,0,54,120
03/01/2015,TRI,TN,ASO,ES,Combined TRACON& Tower with Radar,4,17,10,0,31,0,0,8,0,8,4,17,18,0,39,92,0,92,131
03/02/2015,TRI,TN,ASO,ES,Combined TRACON& Tower with Radar,4,25,17,0,46,0,3,18,0,21,4,28,35,0,67,20,0,20,87
03/03/2015,TRI,TN,ASO,ES,Combined TRACON& Tower with Radar,5,26,9,0,40,0,5,12,0,17,5,31,21,0,57,62,0,62,119
03/04/2015,TRI,TN,ASO,ES,Combined TRACON& Tower with Radar,4,25,21,2,52,0,2,1,0,3,4,27,22,2,55,0,0,0,55
03/05/2015,TRI,TN,ASO,ES,Combined TRACON& Tower with Radar,6,23,2,0,31,0,0,0,0,0,6,23,2,0,31,0,0,0,31
03/06/2015,TRI,TN,ASO,ES,Combined TRACON& Tower with Radar,4,23,7,0,34,0,1,44,0,45,4,24,51,0,79,40,0,40,119
03/07/2015,TRI,TN,ASO,ES,Combined TRACON& Tower with Radar,4,12,17,0,33,0,2,55,0,57,4,14,72,0,90,68,0,68,158
03/08/2015,TRI,TN,ASO,ES,Combined TRACON& Tower with Radar,6,17,11,0,34,0,2,31,0,33,6,19,42,0,67,54,0,54,121
03/09/2015,TRI,TN,ASO,ES,Combined TRACON& Tower with Radar,4,21,9,0,34,0,0,16,0,16,4,21,25,0,50,32,0,32,82
03/10/2015,TRI,TN,ASO,ES,Combined TRACON& Tower with Radar,4,26,29,0,59,0,5,12,0,17,4,31,41,0,76,14,0,14,90
03/11/2015,TRI,TN,ASO,ES,Combined TRACON& Tower with Radar,4,28,21,2,55,0,1,0,0,1,4,29,21,2,56,6,0,6,62
03/12/2015,TRI,TN,ASO,ES,Combined TRACON& Tower with Radar,6,27,16,12,61,0,4,44,2,50,6,31,60,14,111,48,10,58,169
03/13/2015,TRI,TN,ASO,ES,Combined TRACON& Tower with Radar,4,23,4,12,43,0,4,9,0,13,4,27,13,12,56,0,0,0,56
03/14/2015,TRI,TN,ASO,ES,Combined TRACON& Tower with Radar,4,13,7,0,24,0,0,0,0,0,4,13,7,0,24,20,0,20,44
03/15/2015,TRI,TN,ASO,ES,Combined TRACON& Tower with Radar,6,20,21,0,47,0,3,55,0,58,6,23,76,0,105,126,0,126,231
03/16/2015,TRI,TN,ASO,ES,Combined TRACON& Tower with Radar,4,26,27,26,83,0,4,54,0,58,4,30,81,26,141,146,0,146,287
03/17/2015,TRI,TN,ASO,ES,Combined TRACON& Tower with Radar,4,28,18,0,50,0,5,32,0,37,4,33,50,0,87,32,0,32,119
03/18/2015,TRI,TN,ASO,ES,Combined TRACON& Tower with Radar,4,23,20,1,48,0,2,40,0,42,4,25,60,1,90,52,0,52,142
03/19/2015,TRI,TN,ASO,ES,Combined TRACON& Tower with Radar,6,21,21,0,48,0,2,2,0,4,6,23,23,0,52,10,0,10,62
03/20/2015,TRI,TN,ASO,ES,Combined TRACON& Tower with Radar,4,25,26,0,55,0,0,0,0,0,4,25,26,0,55,0,0,0,55
03/21/2015,TRI,TN,ASO,ES,Combined TRACON& Tower with Radar,4,16,17,0,37,0,2,67,0,69,4,18,84,0,106,164,0,164,270
03/22/2015,TRI,TN,ASO,ES,Combined TRACON& Tower with Radar,6,15,31,0,52,0,2,39,0,41,6,17,70,0,93,65,0,65,158
03/23/2015,TRI,TN,ASO,ES,Combined TRACON& Tower with Radar,4,30,18,8,60,0,4,31,0,35,4,34,49,8,95,90,0,90,185
03/24/2015,TRI,TN,ASO,ES,Combined TRACON& Tower with Radar,4,29,30,0,63,0,0,28,0,28,4,29,58,0,91,16,0,16,107
03/25/2015,TRI,TN,ASO,ES,Combined TRACON& Tower with Radar,4,25,31,0,60,0,6,30,0,36,4,31,61,0,96,36,0,36,132
03/26/2015,TRI,TN,ASO,ES,Combined TRACON& Tower with Radar,6,29,24,0,59,0,2,16,0,18,6,31,40,0,77,38,0,38,115
03/27/2015,TRI,TN,ASO,ES,Combined TRACON& Tower with Radar,4,19,8,0,31,0,0,22,0,22,4,19,30,0,53,16,2,18,71
03/28/2015,TRI,TN,ASO,ES,Combined TRACON& Tower with Radar,4,14,3,0,21,0,0,29,0,29,4,14,32,0,50,58,0,58,108
03/29/2015,TRI,TN,ASO,ES,Combined TRACON& Tower with Radar,6,18,13,0,37,0,2,40,2,44,6,20,53,2,81,64,0,64,145
03/30/2015,TRI,TN,ASO,ES,Combined TRACON& Tower with Radar,5,37,24,14,80,0,0,12,0,12,5,37,36,14,92,70,0,70,162
03/31/2015,TRI,TN,ASO,ES,Combined TRACON& Tower with Radar,5,29,16,10,60,0,4,40,0,44,5,33,56,10,104,78,0,78,182
04/01/2015,TRI,TN,ASO,ES,Combined TRACON& Tower with Radar,4,30,15,0,49,0,0,48,0,48,4,30,63,0,97,100,0,100,197
04/02/2015,TRI,TN,ASO,ES,Combined TRACON& Tower with Radar,6,26,21,0,53,0,2,29,0,31,6,28,50,0,84,54,0,54,138
04/03/2015,TRI,TN,ASO,ES,Combined TRACON& Tower with Radar,5,17,4,0,26,0,2,11,0,13,5,19,15,0,39,32,0,32,71
04/04/2015,TRI,TN,ASO,ES,Combined TRACON& Tower with Radar,5,9,23,0,37,0,1,34,2,37,5,10,57,2,74,94,0,94,168
04/05/2015,TRI,TN,ASO,ES,Combined TRACON& Tower with Radar,4,18,12,0,34,0,4,38,0,42,4,22,50,0,76,136,0,136,212
04/06/2015,TRI,TN,ASO,ES,Combined TRACON& Tower with Radar,4,23,9,0,36,0,4,26,0,30,4,27,35,0,66,90,0,90,156
04/07/2015,TRI,TN,ASO,ES,Combined TRACON& Tower with Radar,4,24,11,1,40,0,1,1,0,2,4,25,12,1,42,6,0,6,48
04/08/2015,TRI,TN,ASO,ES,Combined TRACON& Tower with Radar,6,24,28,0,58,0,3,22,0,25,6,27,50,0,83,48,0,48,131
04/09/2015,TRI,TN,ASO,ES,Combined TRACON& Tower with Radar,10,27,30,0,67,0,9,34,0,43,10,36,64,0,110,60,0,60,170
04/10/2015,TRI,TN,ASO,ES,Combined TRACON& Tower with Radar,4,21,13,0,38,0,5,15,2,22,4,26,28,2,60,136,0,136,196
04/11/2015,TRI,TN,ASO,ES,Combined TRACON& Tower with Radar,6,8,14,0,28,0,4,46,0,50,6,12,60,0,78,118,0,118,196
04/12/2015,TRI,TN,ASO,ES,Combined TRACON& Tower with Radar,8,15,13,1,37,0,2,44,0,46,8,17,57,1,83,146,0,146,229
04/13/2015,TRI,TN,ASO,ES,Combined TRACON& Tower with Radar,4,28,15,16,63,0,7,12,0,19,4,35,27,16,82,70,0,70,152
04/14/2015,TRI,TN,ASO,ES,Combined TRACON& Tower with Radar,6,27,18,0,51,0,1,3,0,4,6,28,21,0,55,62,0,62,117
04/15/2015,TRI,TN,ASO,ES,Combined TRACON& Tower with Radar,4,24,24,0,52,0,0,1,0,1,4,24,25,0,53,2,0,2,55
04/16/2015,TRI,TN,ASO,ES,Combined TRACON& Tower with Radar,6,28,45,3,82,0,4,26,3,33,6,32,71,6,115,62,0,62,177
04/17/2015,TRI,TN,ASO,ES,Combined TRACON& Tower with Radar,4,25,36,0,65,0,8,26,4,38,4,33,62,4,103,65,9,74,177
04/18/2015,TRI,TN,ASO,ES,Combined TRACON& Tower with Radar,4,13,33,0,50,0,7,44,0,51,4,20,77,0,101,92,0,92,193
04/19/2015,TRI,TN,ASO,ES,Combined TRACON& Tower with Radar,7,22,51,0,80,0,2,20,2,24,7,24,71,2,104,114,0,114,218
04/20/2015,TRI,TN,ASO,ES,Combined TRACON& Tower with Radar,7,24,24,5,60,0,3,14,2,19,7,27,38,7,79,8,0,8,87
04/21/2015,TRI,TN,ASO,ES,Combined TRACON& Tower with Radar,4,29,26,11,70,0,2,26,5,33,4,31,52,16,103,30,0,30,133
04/22/2015,TRI,TN,ASO,ES,Combined TRACON& Tower with Radar,4,24,15,0,43,0,0,8,0,8,4,24,23,0,51,28,0,28,79
04/23/2015,TRI,TN,ASO,ES,Combined TRACON& Tower with Radar,6,20,25,8,59,0,6,46,0,52,6,26,71,8,111,72,0,72,183
04/24/2015,TRI,TN,ASO,ES,Combined TRACON& Tower with Radar,4,23,25,1,53,0,5,51,1,57,4,28,76,2,110,66,0,66,176
04/25/2015,TRI,TN,ASO,ES,Combined TRACON& Tower with Radar,4,11,2,0,17,0,7,27,2,36,4,18,29,2,53,36,0,36,89
04/26/2015,TRI,TN,ASO,ES,Combined TRACON& Tower with Radar,6,18,20,0,44,0,4,29,0,33,6,22,49,0,77,76,0,76,153
04/27/2015,TRI,TN,ASO,ES,Combined TRACON& Tower with Radar,4,23,18,26,71,0,3,38,0,41,4,26,56,26,112,88,0,88,200
04/28/2015,TRI,TN,ASO,ES,Combined TRACON& Tower with Radar,4,21,24,12,61,0,6,66,0,72,4,27,90,12,133,118,0,118,251
04/29/2015,TRI,TN,ASO,ES,Combined TRACON& Tower with Radar,4,24,19,0,47,0,3,18,0,21,4,27,37,0,68,50,0,50,118
04/30/2015,TRI,TN,ASO,ES,Combined TRACON& Tower with Radar,6,26,11,0,43,0,4,14,0,18,6,30,25,0,61,40,0,40,101
05/01/2015,TRI,TN,ASO,ES,Combined TRACON& Tower with Radar,4,22,21,0,47,0,0,15,0,15,4,22,36,0,62,20,6,26,88
05/02/2015,TRI,TN,ASO,ES,Combined TRACON& Tower with Radar,4,13,14,0,31,0,4,31,0,35,4,17,45,0,66,64,0,64,130
05/03/2015,TRI,TN,ASO,ES,Combined TRACON& Tower with Radar,7,18,13,0,38,0,0,33,0,33,7,18,46,0,71,50,0,50,121
05/04/2015,TRI,TN,ASO,ES,Combined TRACON& Tower with Radar,2,31,20,2,55,0,2,61,4,67,2,33,81,6,122,107,0,107,229
05/05/2015,TRI,TN,ASO,ES,Combined TRACON& Tower with Radar,4,34,16,0,54,0,0,29,0,29,4,34,45,0,83,45,0,45,128
05/06/2015,TRI,TN,ASO,ES,Combined TRACON& Tower with Radar,2,29,22,0,53,0,4,30,2,36,2,33,52,2,89,66,0,66,155
05/07/2015,TRI,TN,ASO,ES,Combined TRACON& Tower with Radar,4,30,23,12,69,0,2,33,0,35,4,32,56,12,104,46,0,46,150
05/08/2015,TRI,TN,ASO,ES,Combined TRACON& Tower with Radar,6,27,21,20,74,0,2,43,0,45,6,29,64,20,119,80,16,96,215
05/09/2015,TRI,TN,ASO,ES,Combined TRACON& Tower with Radar,2,15,9,2,28,0,6,27,0,33,2,21,36,2,61,28,0,28,89
05/10/2015,TRI,TN,ASO,ES,Combined TRACON& Tower with Radar,6,17,11,0,34,0,4,25,0,29,6,21,36,0,63,64,0,64,127
05/11/2015,TRI,TN,ASO,ES,Combined TRACON& Tower with Radar,4,31,20,2,57,0,2,24,0,26,4,33,44,2,83,72,0,72,155
05/12/2015,TRI,TN,ASO,ES,Combined TRACON& Tower with Radar,4,27,16,10,57,0,8,24,0,32,4,35,40,10,89,132,0,132,221
05/13/2015,TRI,TN,ASO,ES,Combined TRACON& Tower with Radar,2,33,22,0,57,0,2,15,0,17,2,35,37,0,74,42,0,42,116
05/14/2015,TRI,TN,ASO,ES,Combined TRACON& Tower with Radar,4,41,22,8,75,0,6,25,10,41,4,47,47,18,116,64,0,64,180
05/15/2015,TRI,TN,ASO,ES,Combined TRACON& Tower with Radar,6,23,29,1,59,0,6,17,4,27,6,29,46,5,86,44,0,44,130
05/16/2015,TRI,TN,ASO,ES,Combined TRACON& Tower with Radar,4,16,4,4,28,0,2,7,0,9,4,18,11,4,37,8,0,8,45
05/17/2015,TRI,TN,ASO,ES,Combined TRACON& Tower with Radar,6,22,10,3,41,0,2,29,0,31,6,24,39,3,72,30,0,30,102
05/18/2015,TRI,TN,ASO,ES,Combined TRACON& Tower with Radar,4,26,17,4,51,0,7,19,0,26,4,33,36,4,77,78,0,78,155
05/19/2015,TRI,TN,ASO,ES,Combined TRACON& Tower with Radar,6,29,22,0,57,0,4,46,0,50,6,33,68,0,107,56,0,56,163
05/20/2015,TRI,TN,ASO,ES,Combined TRACON& Tower with Radar,2,23,31,14,70,0,2,35,0,37,2,25,66,14,107,49,0,49,156
05/21/2015,TRI,TN,ASO,ES,Combined TRACON& Tower with Radar,4,35,40,12,91,0,0,5,0,5,4,35,45,12,96,12,0,12,108
05/22/2015,TRI,TN,ASO,ES,Combined TRACON& Tower with Radar,6,27,13,0,46,0,1,49,2,52,6,28,62,2,98,88,0,88,186
05/23/2015,TRI,TN,ASO,ES,Combined TRACON& Tower with Radar,6,10,7,0,23,0,4,28,0,32,6,14,35,0,55,76,0,76,131
05/24/2015,TRI,TN,ASO,ES,Combined TRACON& Tower with Radar,6,16,10,0,32,0,0,37,0,37,6,16,47,0,69,75,0,75,144
05/25/2015,TRI,TN,ASO,ES,Combined TRACON& Tower with Radar,5,17,21,0,43,0,4,25,0,29,5,21,46,0,72,20,0,20,92
05/26/2015,TRI,TN,ASO,ES,Combined TRACON& Tower with Radar,5,30,16,0,51,0,0,22,0,22,5,30,38,0,73,32,0,32,105
05/27/2015,TRI,TN,ASO,ES,Combined TRACON& Tower with Radar,2,23,21,10,56,0,4,22,0,26,2,27,43,10,82,86,0,86,168
05/28/2015,TRI,TN,ASO,ES,Combined TRACON& Tower with Radar,4,30,31,0,65,0,2,31,0,33,4,32,62,0,98,64,0,64,162
05/29/2015,TRI,TN,ASO,ES,Combined TRACON& Tower with Radar,6,22,10,0,38,0,8,9,0,17,6,30,19,0,55,9,0,9,64
05/30/2015,TRI,TN,ASO,ES,Combined TRACON& Tower with Radar,4,15,14,0,33,0,0,29,0,29,4,15,43,0,62,34,0,34,96
05/31/2015,TRI,TN,ASO,ES,Combined TRACON& Tower with Radar,6,22,23,0,51,0,2,20,0,22,6,24,43,0,73,52,0,52,125
06/01/2015,TRI,TN,ASO,ES,Combined TRACON& Tower with Radar,4,32,16,0,52,0,0,13,0,13,4,32,29,0,65,8,0,8,73
06/02/2015,TRI,TN,ASO,ES,Combined TRACON& Tower with Radar,4,28,25,0,57,0,0,18,0,18,4,28,43,0,75,15,0,15,90
06/03/2015,TRI,TN,ASO,ES,Combined TRACON& Tower with Radar,2,33,27,0,62,0,0,11,0,11,2,33,38,0,73,12,0,12,85
06/04/2015,TRI,TN,ASO,ES,Combined TRACON& Tower with Radar,4,37,34,0,75,0,0,48,0,48,4,37,82,0,123,56,0,56,179
06/05/2015,TRI,TN,ASO,ES,Combined TRACON& Tower with Radar,4,36,21,0,61,0,2,31,0,33,4,38,52,0,94,56,0,56,150
06/06/2015,TRI,TN,ASO,ES,Combined TRACON& Tower with Radar,2,19,15,6,42,0,11,66,0,77,2,30,81,6,119,100,0,100,219
06/07/2015,TRI,TN,ASO,ES,Combined TRACON& Tower with Radar,4,18,24,0,46,0,0,49,0,49,4,18,73,0,95,82,0,82,177
06/08/2015,TRI,TN,ASO,ES,Combined TRACON& Tower with Radar,4,29,15,0,48,0,4,23,0,27,4,33,38,0,75,54,0,54,129
06/09/2015,TRI,TN,ASO,ES,Combined TRACON& Tower with Radar,3,30,29,0,62,0,3,8,0,11,3,33,37,0,73,4,0,4,77
06/10/2015,TRI,TN,ASO,ES,Combined TRACON& Tower with Radar,3,32,16,10,61,0,5,21,2,28,3,37,37,12,89,61,0,61,150
06/11/2015,TRI,TN,ASO,ES,Combined TRACON& Tower with Radar,4,29,22,20,75,0,1,49,0,50,4,30,71,20,125,70,20,90,215
06/12/2015,TRI,TN,ASO,ES,Combined TRACON& Tower with Radar,6,39,28,0,73,0,0,28,2,30,6,39,56,2,103,122,0,122,225
06/13/2015,TRI,TN,ASO,ES,Combined TRACON& Tower with Radar,2,21,22,13,58,0,0,43,0,43,2,21,65,13,101,138,0,138,239
06/14/2015,TRI,TN,ASO,ES,Combined TRACON& Tower with Radar,4,20,17,2,43,0,6,41,0,47,4,26,58,2,90,54,0,54,144
06/15/2015,TRI,TN,ASO,ES,Combined TRACON& Tower with Radar,4,25,13,2,44,0,0,26,4,30,4,25,39,6,74,36,0,36,110
06/16/2015,TRI,TN,ASO,ES,Combined TRACON& Tower with Radar,2,31,24,0,57,0,3,30,0,33,2,34,54,0,90,48,0,48,138
06/17/2015,TRI,TN,ASO,ES,Combined TRACON& Tower with Radar,2,29,27,0,58,0,4,48,0,52,2,33,75,0,110,80,0,80,190
06/18/2015,TRI,TN,ASO,ES,Combined TRACON& Tower with Radar,4,35,32,0,71,0,3,47,0,50,4,38,79,0,121,134,0,134,255
06/19/2015,TRI,TN,ASO,ES,Combined TRACON& Tower with Radar,5,34,34,0,73,0,3,20,1,24,5,37,54,1,97,34,0,34,131
06/20/2015,TRI,TN,ASO,ES,Combined TRACON& Tower with Radar,5,16,21,0,42,0,4,13,0,17,5,20,34,0,59,12,0,12,71
06/21/2015,TRI,TN,ASO,ES,Combined TRACON& Tower with Radar,4,21,30,0,55,0,5,23,0,28,4,26,53,0,83,46,0,46,129
06/22/2015,TRI,TN,ASO,ES,Combined TRACON& Tower with Radar,4,31,26,2,63,0,2,39,0,41,4,33,65,2,104,88,0,88,192
06/23/2015,TRI,TN,ASO,ES,Combined TRACON& Tower with Radar,4,29,18,6,57,0,4,23,2,29,4,33,41,8,86,66,0,66,152
06/24/2015,TRI,TN,ASO,ES,Combined TRACON& Tower with Radar,9,32,30,12,83,0,2,34,0,36,9,34,64,12,119,98,0,98,217
06/25/2015,TRI,TN,ASO,ES,Combined TRACON& Tower with Radar,4,26,18,0,48,0,0,39,4,43,4,26,57,4,91,72,0,72,163
06/26/2015,TRI,TN,ASO,ES,Combined TRACON& Tower with Radar,4,27,10,0,41,0,0,49,0,49,4,27,59,0,90,88,0,88,178
06/27/2015,TRI,TN,ASO,ES,Combined TRACON& Tower with Radar,2,23,20,0,45,0,4,14,0,18,2,27,34,0,63,10,0,10,73
06/28/2015,TRI,TN,ASO,ES,Combined TRACON& Tower with Radar,3,20,7,0,30,0,2,27,2,31,3,22,34,2,61,72,0,72,133
06/29/2015,TRI,TN,ASO,ES,Combined TRACON& Tower with Radar,4,28,22,19,73,0,3,52,0,55,4,31,74,19,128,122,0,122,250
06/30/2015,TRI,TN,ASO,ES,Combined TRACON& Tower with Radar,4,28,30,2,64,0,1,53,0,54,4,29,83,2,118,24,0,24,142
07/01/2015,TRI,TN,ASO,ES,Combined TRACON& Tower with Radar,4,28,28,2,62,0,0,3,0,3,4,28,31,2,65,14,0,14,79
07/02/2015,TRI,TN,ASO,ES,Combined TRACON& Tower with Radar,4,33,29,0,66,0,4,6,0,10,4,37,35,0,76,28,0,28,104
07/03/2015,TRI,TN,ASO,ES,Combined TRACON& Tower with Radar,4,22,13,0,39,0,2,14,0,16,4,24,27,0,55,34,0,34,89
07/04/2015,TRI,TN,ASO,ES,Combined TRACON& Tower with Radar,4,12,8,0,24,0,0,4,0,4,4,12,12,0,28,0,0,0,28
07/05/2015,TRI,TN,ASO,ES,Combined TRACON& Tower with Radar,4,21,16,0,41,0,2,9,0,11,4,23,25,0,52,12,0,12,64
07/06/2015,TRI,TN,ASO,ES,Combined TRACON& Tower with Radar,4,25,19,0,48,0,2,42,0,44,4,27,61,0,92,88,0,88,180
07/07/2015,TRI,TN,ASO,ES,Combined TRACON& Tower with Radar,4,45,29,0,78,0,28,21,0,49,4,73,50,0,127,148,0,148,275
07/08/2015,TRI,TN,ASO,ES,Combined TRACON& Tower with Radar,2,40,30,0,72,0,10,23,0,33,2,50,53,0,105,66,0,66,171
07/09/2015,TRI,TN,ASO,ES,Combined TRACON& Tower with Radar,5,26,26,0,57,0,9,39,0,48,5,35,65,0,105,114,0,114,219
07/10/2015,TRI,TN,ASO,ES,Combined TRACON& Tower with Radar,5,31,13,0,49,0,5,22,0,27,5,36,35,0,76,64,0,64,140
07/11/2015,TRI,TN,ASO,ES,Combined TRACON& Tower with Radar,2,21,7,2,32,0,4,20,0,24,2,25,27,2,56,24,0,24,80
07/12/2015,TRI,TN,ASO,ES,Combined TRACON& Tower with Radar,4,20,14,0,38,0,7,24,0,31,4,27,38,0,69,68,0,68,137
07/13/2015,TRI,TN,ASO,ES,Combined TRACON& Tower with Radar,8,33,11,2,54,0,2,10,0,12,8,35,21,2,66,42,0,42,108
07/14/2015,TRI,TN,ASO,ES,Combined TRACON& Tower with Radar,2,28,23,0,53,0,3,10,0,13,2,31,33,0,66,36,0,36,102
07/15/2015,TRI,TN,ASO,ES,Combined TRACON& Tower with Radar,2,28,21,2,53,0,14,32,0,46,2,42,53,2,99,38,0,38,137
07/16/2015,TRI,TN,ASO,ES,Combined TRACON& Tower with Radar,4,29,26,0,59,0,5,64,0,69,4,34,90,0,128,100,0,100,228
07/17/2015,TRI,TN,ASO,ES,Combined TRACON& Tower with Radar,4,24,20,0,48,0,6,34,0,40,4,30,54,0,88,58,0,58,146
07/18/2015,TRI,TN,ASO,ES,Combined TRACON& Tower with Radar,4,21,23,0,48,0,0,38,0,38,4,21,61,0,86,113,0,113,199
07/19/2015,TRI,TN,ASO,ES,Combined TRACON& Tower with Radar,4,23,12,0,39,0,2,35,2,39,4,25,47,2,78,38,0,38,116
07/20/2015,TRI,TN,ASO,ES,Combined TRACON& Tower with Radar,6,37,27,0,70,0,8,16,0,24,6,45,43,0,94,29,0,29,123
07/21/2015,TRI,TN,ASO,ES,Combined TRACON& Tower with Radar,2,35,23,0,60,0,4,33,0,37,2,39,56,0,97,77,0,77,174
07/22/2015,TRI,TN,ASO,ES,Combined TRACON& Tower with Radar,2,26,26,8,62,0,4,57,3,64,2,30,83,11,126,66,0,66,192
07/23/2015,TRI,TN,ASO,ES,Combined TRACON& Tower with Radar,6,29,37,0,72,0,0,19,0,19,6,29,56,0,91,82,0,82,173
07/24/2015,TRI,TN,ASO,ES,Combined TRACON& Tower with Radar,4,27,34,0,65,0,2,62,0,64,4,29,96,0,129,96,0,96,225
07/25/2015,TRI,TN,ASO,ES,Combined TRACON& Tower with Radar,2,15,16,0,33,0,4,32,0,36,2,19,48,0,69,64,0,64,133
07/26/2015,TRI,TN,ASO,ES,Combined TRACON& Tower with Radar,4,24,21,0,49,0,2,44,2,48,4,26,65,2,97,94,0,94,191
07/27/2015,TRI,TN,ASO,ES,Combined TRACON& Tower with Radar,4,28,37,1,70,0,2,27,1,30,4,30,64,2,100,98,0,98,198
07/28/2015,TRI,TN,ASO,ES,Combined TRACON& Tower with Radar,2,40,37,0,79,0,2,28,2,32,2,42,65,2,111,76,0,76,187
07/29/2015,TRI,TN,ASO,ES,Combined TRACON& Tower with Radar,2,26,48,19,95,0,2,56,2,60,2,28,104,21,155,80,18,98,253
07/30/2015,TRI,TN,ASO,ES,Combined TRACON& Tower with Radar,4,26,35,24,89,0,2,26,0,28,4,28,61,24,117,157,0,157,274
07/31/2015,TRI,TN,ASO,ES,Combined TRACON& Tower with Radar,4,23,27,2,56,0,4,55,0,59,4,27,82,2,115,86,0,86,201
08/01/2015,TRI,TN,ASO,ES,Combined TRACON& Tower with Radar,2,19,16,0,37,0,4,38,0,42,2,23,54,0,79,82,0,82,161
08/02/2015,TRI,TN,ASO,ES,Combined TRACON& Tower with Radar,4,27,15,0,46,0,0,40,0,40,4,27,55,0,86,90,0,90,176
08/03/2015,TRI,TN,ASO,ES,Combined TRACON& Tower with Radar,4,28,26,2,60,0,2,38,0,40,4,30,64,2,100,90,0,90,190
08/04/2015,TRI,TN,ASO,ES,Combined TRACON& Tower with Radar,2,27,18,0,47,0,2,36,2,40,2,29,54,2,87,33,0,33,120
08/05/2015,TRI,TN,ASO,ES,Combined TRACON& Tower with Radar,2,29,25,6,62,0,2,19,0,21,2,31,44,6,83,32,0,32,115
08/06/2015,TRI,TN,ASO,ES,Combined TRACON& Tower with Radar,4,26,31,0,61,0,2,18,0,20,4,28,49,0,81,34,0,34,115
08/07/2015,TRI,TN,ASO,ES,Combined TRACON& Tower with Radar,4,29,16,0,49,0,2,9,0,11,4,31,25,0,60,66,0,66,126
08/08/2015,TRI,TN,ASO,ES,Combined TRACON& Tower with Radar,2,15,24,0,41,0,1,30,0,31,2,16,54,0,72,32,0,32,104
08/09/2015,TRI,TN,ASO,ES,Combined TRACON& Tower with Radar,4,26,12,0,42,0,0,40,0,40,4,26,52,0,82,50,0,50,132
08/10/2015,TRI,TN,ASO,ES,Combined TRACON& Tower with Radar,4,30,21,0,55,0,2,20,0,22,4,32,41,0,77,16,0,16,93
08/11/2015,TRI,TN,ASO,ES,Combined TRACON& Tower with Radar,8,31,29,0,68,0,0,9,0,9,8,31,38,0,77,28,0,28,105
08/12/2015,TRI,TN,ASO,ES,Combined TRACON& Tower with Radar,2,39,18,0,59,0,2,41,0,43,2,41,59,0,102,72,0,72,174
08/13/2015,TRI,TN,ASO,ES,Combined TRACON& Tower with Radar,6,29,29,0,64,0,2,27,0,29,6,31,56,0,93,38,0,38,131
08/14/2015,TRI,TN,ASO,ES,Combined TRACON& Tower with Radar,5,28,25,0,58,0,3,34,0,37,5,31,59,0,95,40,0,40,135
08/15/2015,TRI,TN,ASO,ES,Combined TRACON& Tower with Radar,4,17,18,0,39,0,0,28,0,28,4,17,46,0,67,54,0,54,121
08/16/2015,TRI,TN,ASO,ES,Combined TRACON& Tower with Radar,4,21,13,0,38,0,5,39,0,44,4,26,52,0,82,132,0,132,214
08/17/2015,TRI,TN,ASO,ES,Combined TRACON& Tower with Radar,4,36,41,0,81,0,3,20,0,23,4,39,61,0,104,54,0,54,158
08/18/2015,TRI,TN,ASO,ES,Combined TRACON& Tower with Radar,3,25,38,6,72,0,4,1,0,5,3,29,39,6,77,6,0,6,83
08/19/2015,TRI,TN,ASO,ES,Combined TRACON& Tower with Radar,3,38,27,0,68,0,3,13,0,16,3,41,40,0,84,42,0,42,126
08/20/2015,TRI,TN,ASO,ES,Combined TRACON& Tower with Radar,5,28,50,0,83,0,6,15,0,21,5,34,65,0,104,24,0,24,128
08/21/2015,TRI,TN,ASO,ES,Combined TRACON& Tower with Radar,8,46,82,13,149,0,3,63,1,67,8,49,145,14,216,78,0,78,294
08/22/2015,TRI,TN,ASO,ES,Combined TRACON& Tower with Radar,6,36,128,0,170,0,7,92,3,102,6,43,220,3,272,39,0,39,311
08/23/2015,TRI,TN,ASO,ES,Combined TRACON& Tower with Radar,16,22,59,1,98,0,1,27,1,29,16,23,86,2,127,54,0,54,181
08/24/2015,TRI,TN,ASO,ES,Combined TRACON& Tower with Radar,7,32,26,8,73,0,1,13,0,14,7,33,39,8,87,100,0,100,187
08/25/2015,TRI,TN,ASO,ES,Combined TRACON& Tower with Radar,4,35,43,8,90,0,5,36,0,41,4,40,79,8,131,82,0,82,213
08/26/2015,TRI,TN,ASO,ES,Combined TRACON& Tower with Radar,4,32,20,0,56,0,2,22,0,24,4,34,42,0,80,36,0,36,116
08/27/2015,TRI,TN,ASO,ES,Combined TRACON& Tower with Radar,9,33,27,0,69,0,1,41,0,42,9,34,68,0,111,41,0,41,152
08/28/2015,TRI,TN,ASO,ES,Combined TRACON& Tower with Radar,6,28,27,0,61,0,3,38,2,43,6,31,65,2,104,24,0,24,128
08/29/2015,TRI,TN,ASO,ES,Combined TRACON& Tower with Radar,2,27,8,0,37,0,4,27,0,31,2,31,35,0,68,34,0,34,102
08/30/2015,TRI,TN,ASO,ES,Combined TRACON& Tower with Radar,4,21,15,0,40,0,5,20,0,25,4,26,35,0,65,36,0,36,101
08/31/2015,TRI,TN,ASO,ES,Combined TRACON& Tower with Radar,6,36,25,0,67,0,0,36,0,36,6,36,61,0,103,80,0,80,183
09/01/2015,TRI,TN,ASO,ES,Combined TRACON& Tower with Radar,7,20,36,0,63,0,4,23,0,27,7,24,59,0,90,41,0,41,131
09/02/2015,TRI,TN,ASO,ES,Combined TRACON& Tower with Radar,6,23,24,2,55,0,0,29,0,29,6,23,53,2,84,28,0,28,112
09/03/2015,TRI,TN,ASO,ES,Combined TRACON& Tower with Radar,9,24,40,0,73,0,0,23,0,23,9,24,63,0,96,26,0,26,122
09/04/2015,TRI,TN,ASO,ES,Combined TRACON& Tower with Radar,9,29,24,0,62,0,3,38,0,41,9,32,62,0,103,76,0,76,179
09/05/2015,TRI,TN,ASO,ES,Combined TRACON& Tower with Radar,6,14,21,0,41,0,4,13,0,17,6,18,34,0,58,12,0,12,70
09/06/2015,TRI,TN,ASO,ES,Combined TRACON& Tower with Radar,8,8,7,0,23,0,0,9,0,9,8,8,16,0,32,24,0,24,56
09/07/2015,TRI,TN,ASO,ES,Combined TRACON& Tower with Radar,11,17,17,0,45,0,3,23,0,26,11,20,40,0,71,72,0,72,143
09/08/2015,TRI,TN,ASO,ES,Combined TRACON& Tower with Radar,5,22,23,10,60,0,2,26,0,28,5,24,49,10,88,54,0,54,142
09/09/2015,TRI,TN,ASO,ES,Combined TRACON& Tower with Radar,4,22,27,1,54,0,4,23,1,28,4,26,50,2,82,22,0,22,104
09/10/2015,TRI,TN,ASO,ES,Combined TRACON& Tower with Radar,13,23,18,0,54,0,4,7,1,12,13,27,25,1,66,2,0,2,68
09/11/2015,TRI,TN,ASO,ES,Combined TRACON& Tower with Radar,7,36,31,0,74,0,7,23,0,30,7,43,54,0,104,42,0,42,146
09/12/2015,TRI,TN,ASO,ES,Combined TRACON& Tower with Radar,4,14,15,0,33,0,0,33,0,33,4,14,48,0,66,70,0,70,136
09/13/2015,TRI,TN,ASO,ES,Combined TRACON& Tower with Radar,7,20,19,0,46,0,2,35,0,37,7,22,54,0,83,72,0,72,155
09/14/2015,TRI,TN,ASO,ES,Combined TRACON& Tower with Radar,8,21,28,37,94,0,2,35,0,37,8,23,63,37,131,72,10,82,213
09/15/2015,TRI,TN,ASO,ES,Combined TRACON& Tower with Radar,6,25,25,3,59,0,7,4,0,11,6,32,29,3,70,38,0,38,108
09/16/2015,TRI,TN,ASO,ES,Combined TRACON& Tower with Radar,4,29,30,0,63,0,8,30,0,38,4,37,60,0,101,34,0,34,135
09/17/2015,TRI,TN,ASO,ES,Combined TRACON& Tower with Radar,8,26,30,0,64,0,2,31,0,33,8,28,61,0,97,34,0,34,131
09/18/2015,TRI,TN,ASO,ES,Combined TRACON& Tower with Radar,7,22,27,0,56,0,0,35,0,35,7,22,62,0,91,60,0,60,151
09/19/2015,TRI,TN,ASO,ES,Combined TRACON& Tower with Radar,6,13,11,0,30,0,4,23,0,27,6,17,34,0,57,14,0,14,71
09/20/2015,TRI,TN,ASO,ES,Combined TRACON& Tower with Radar,8,12,26,3,49,0,5,54,4,63,8,17,80,7,112,44,0,44,156
09/21/2015,TRI,TN,ASO,ES,Combined TRACON& Tower with Radar,8,22,27,0,57,0,4,10,1,15,8,26,37,1,72,60,2,62,134
09/22/2015,TRI,TN,ASO,ES,Combined TRACON& Tower with Radar,6,36,28,31,101,0,11,13,3,27,6,47,41,34,128,56,0,56,184
09/23/2015,TRI,TN,ASO,ES,Combined TRACON& Tower with Radar,4,20,22,40,86,0,4,21,0,25,4,24,43,40,111,58,0,58,169
09/24/2015,TRI,TN,ASO,ES,Combined TRACON& Tower with Radar,8,23,42,0,73,0,8,59,0,67,8,31,101,0,140,46,0,46,186
09/25/2015,TRI,TN,ASO,ES,Combined TRACON& Tower with Radar,8,23,22,3,56,0,2,15,1,18,8,25,37,4,74,28,0,28,102
09/26/2015,TRI,TN,ASO,ES,Combined TRACON& Tower with Radar,6,16,5,0,27,0,0,8,0,8,6,16,13,0,35,10,0,10,45
09/27/2015,TRI,TN,ASO,ES,Combined TRACON& Tower with Radar,8,28,21,0,57,0,2,19,0,21,8,30,40,0,78,30,0,30,108
09/28/2015,TRI,TN,ASO,ES,Combined TRACON& Tower with Radar,8,34,36,0,78,0,2,31,0,33,8,36,67,0,111,105,0,105,216
09/29/2015,TRI,TN,ASO,ES,Combined TRACON& Tower with Radar,6,25,15,2,48,0,0,7,0,7,6,25,22,2,55,24,0,24,79
09/30/2015,TRI,TN,ASO,ES,Combined TRACON& Tower with Radar,4,34,22,0,60,0,0,14,0,14,4,34,36,0,74,46,0,46,120
10/01/2015,TRI,TN,ASO,ES,Combined TRACON& Tower with Radar,6,34,37,0,77,0,0,5,0,5,6,34,42,0,82,34,0,34,116
10/02/2015,TRI,TN,ASO,ES,Combined TRACON& Tower with Radar,8,26,14,0,48,0,0,14,0,14,8,26,28,0,62,18,0,18,80
10/03/2015,TRI,TN,ASO,ES,Combined TRACON& Tower with Radar,6,17,9,0,32,0,0,0,0,0,6,17,9,0,32,0,0,0,32
10/04/2015,TRI,TN,ASO,ES,Combined TRACON& Tower with Radar,8,22,13,2,45,0,0,16,0,16,8,22,29,2,61,8,0,8,69
10/05/2015,TRI,TN,ASO,ES,Combined TRACON& Tower with Radar,6,33,28,0,67,0,2,38,4,44,6,35,66,4,111,38,0,38,149
10/06/2015,TRI,TN,ASO,ES,Combined TRACON& Tower with Radar,6,23,27,0,56,0,5,41,0,46,6,28,68,0,102,66,0,66,168
10/07/2015,TRI,TN,ASO,ES,Combined TRACON& Tower with Radar,4,28,26,0,58,0,6,41,0,47,4,34,67,0,105,78,0,78,183
10/08/2015,TRI,TN,ASO,ES,Combined TRACON& Tower with Radar,6,25,23,0,54,0,0,40,6,46,6,25,63,6,100,90,0,90,190
10/09/2015,TRI,TN,ASO,ES,Combined TRACON& Tower with Radar,16,27,40,0,83,0,2,24,0,26,16,29,64,0,109,36,0,36,145
10/10/2015,TRI,TN,ASO,ES,Combined TRACON& Tower with Radar,4,15,14,0,33,0,2,9,0,11,4,17,23,0,44,2,0,2,46
10/11/2015,TRI,TN,ASO,ES,Combined TRACON& Tower with Radar,6,15,23,0,44,0,3,39,0,42,6,18,62,0,86,94,0,94,180
10/12/2015,TRI,TN,ASO,ES,Combined TRACON& Tower with Radar,6,26,18,0,50,0,4,29,0,33,6,30,47,0,83,66,0,66,149
10/13/2015,TRI,TN,ASO,ES,Combined TRACON& Tower with Radar,6,26,25,12,69,0,3,21,0,24,6,29,46,12,93,78,0,78,171
10/14/2015,TRI,TN,ASO,ES,Combined TRACON& Tower with Radar,4,26,34,0,64,0,4,37,0,41,4,30,71,0,105,56,0,56,161
10/15/2015,TRI,TN,ASO,ES,Combined TRACON& Tower with Radar,6,21,27,4,58,0,3,25,0,28,6,24,52,4,86,72,0,72,158
10/16/2015,TRI,TN,ASO,ES,Combined TRACON& Tower with Radar,5,28,24,2,59,0,4,24,0,28,5,32,48,2,87,14,0,14,101
10/17/2015,TRI,TN,ASO,ES,Combined TRACON& Tower with Radar,4,13,6,1,24,0,0,35,1,36,4,13,41,2,60,44,0,44,104
10/18/2015,TRI,TN,ASO,ES,Combined TRACON& Tower with Radar,6,14,19,0,39,0,2,30,0,32,6,16,49,0,71,38,0,38,109
10/19/2015,TRI,TN,ASO,ES,Combined TRACON& Tower with Radar,6,27,14,10,57,0,2,21,6,29,6,29,35,16,86,80,18,98,184
10/20/2015,TRI,TN,ASO,ES,Combined TRACON& Tower with Radar,6,38,29,6,79,0,3,57,0,60,6,41,86,6,139,98,0,98,237
10/21/2015,TRI,TN,ASO,ES,Combined TRACON& Tower with Radar,4,28,20,49,101,0,2,59,2,63,4,30,79,51,164,118,42,160,324
10/22/2015,TRI,TN,ASO,ES,Combined TRACON& Tower with Radar,7,23,34,24,88,0,0,53,0,53,7,23,87,24,141,84,0,84,225
10/23/2015,TRI,TN,ASO,ES,Combined TRACON& Tower with Radar,9,19,18,0,46,0,0,67,2,69,9,19,85,2,115,72,0,72,187
10/24/2015,TRI,TN,ASO,ES,Combined TRACON& Tower with Radar,4,15,8,0,27,0,4,28,0,32,4,19,36,0,59,30,0,30,89
10/25/2015,TRI,TN,ASO,ES,Combined TRACON& Tower with Radar,7,17,15,2,41,0,0,14,0,14,7,17,29,2,55,52,0,52,107
10/26/2015,TRI,TN,ASO,ES,Combined TRACON& Tower with Radar,5,19,21,0,45,0,0,8,0,8,5,19,29,0,53,20,0,20,73
10/27/2015,TRI,TN,ASO,ES,Combined TRACON& Tower with Radar,4,21,33,16,74,0,2,6,0,8,4,23,39,16,82,34,0,34,116
10/28/2015,TRI,TN,ASO,ES,Combined TRACON& Tower with Radar,4,21,22,52,99,0,0,4,0,4,4,21,26,52,103,0,42,42,145
10/29/2015,TRI,TN,ASO,ES,Combined TRACON& Tower with Radar,6,30,28,0,64,0,4,35,0,39,6,34,63,0,103,68,0,68,171
10/30/2015,TRI,TN,ASO,ES,Combined TRACON& Tower with Radar,5,20,29,2,56,0,3,51,0,54,5,23,80,2,110,48,0,48,158
10/31/2015,TRI,TN,ASO,ES,Combined TRACON& Tower with Radar,4,10,14,0,28,0,3,39,0,42,4,13,53,0,70,86,0,86,156
11/01/2015,TRI,TN,ASO,ES,Combined TRACON& Tower with Radar,6,16,6,0,28,0,2,13,0,15,6,18,19,0,43,56,0,56,99
11/02/2015,TRI,TN,ASO,ES,Combined TRACON& Tower with Radar,8,21,13,0,42,0,2,12,0,14,8,23,25,0,56,14,0,14,70
11/03/2015,TRI,TN,ASO,ES,Combined TRACON& Tower with Radar,4,26,24,16,70,0,3,48,0,51,4,29,72,16,121,74,0,74,195
11/04/2015,TRI,TN,ASO,ES,Combined TRACON& Tower with Radar,6,25,31,48,110,0,2,31,0,33,6,27,62,48,143,74,62,136,279
11/05/2015,TRI,TN,ASO,ES,Combined TRACON& Tower with Radar,8,19,30,2,59,0,0,24,0,24,8,19,54,2,83,126,32,158,241
11/06/2015,TRI,TN,ASO,ES,Combined TRACON& Tower with Radar,10,23,22,0,55,0,2,3,0,5,10,25,25,0,60,10,0,10,70
11/07/2015,TRI,TN,ASO,ES,Combined TRACON& Tower with Radar,4,15,24,0,43,0,0,2,0,2,4,15,26,0,45,12,0,12,57
11/08/2015,TRI,TN,ASO,ES,Combined TRACON& Tower with Radar,6,19,13,0,38,0,2,33,0,35,6,21,46,0,73,78,0,78,151
11/09/2015,TRI,TN,ASO,ES,Combined TRACON& Tower with Radar,8,21,20,0,49,0,0,0,0,0,8,21,20,0,49,8,0,8,57
11/10/2015,TRI,TN,ASO,ES,Combined TRACON& Tower with Radar,5,25,21,0,51,0,10,15,0,25,5,35,36,0,76,42,0,42,118
11/11/2015,TRI,TN,ASO,ES,Combined TRACON& Tower with Radar,6,26,26,0,58,0,6,38,0,44,6,32,64,0,102,106,0,106,208
11/12/2015,TRI,TN,ASO,ES,Combined TRACON& Tower with Radar,8,23,22,0,53,0,10,2,0,12,8,33,24,0,65,8,0,8,73
11/13/2015,TRI,TN,ASO,ES,Combined TRACON& Tower with Radar,6,23,21,2,52,0,5,17,0,22,6,28,38,2,74,6,0,6,80
11/14/2015,TRI,TN,ASO,ES,Combined TRACON& Tower with Radar,4,15,14,0,33,0,6,27,0,33,4,21,41,0,66,10,0,10,76
11/15/2015,TRI,TN,ASO,ES,Combined TRACON& Tower with Radar,6,16,30,0,52,0,3,28,0,31,6,19,58,0,83,27,0,27,110
11/16/2015,TRI,TN,ASO,ES,Combined TRACON& Tower with Radar,8,25,20,18,71,0,2,10,0,12,8,27,30,18,83,87,20,107,190
11/17/2015,TRI,TN,ASO,ES,Combined TRACON& Tower with Radar,6,29,31,16,82,0,0,28,1,29,6,29,59,17,111,92,16,108,219
11/18/2015,TRI,TN,ASO,ES,Combined TRACON& Tower with Radar,6,24,16,0,46,0,0,1,0,1,6,24,17,0,47,0,0,0,47
11/19/2015,TRI,TN,ASO,ES,Combined TRACON& Tower with Radar,6,26,26,2,60,0,10,42,2,54,6,36,68,4,114,96,0,96,210
11/20/2015,TRI,TN,ASO,ES,Combined TRACON& Tower with Radar,8,18,23,11,60,0,11,29,4,44,8,29,52,15,104,54,10,64,168
11/21/2015,TRI,TN,ASO,ES,Combined TRACON& Tower with Radar,3,19,17,0,39,0,6,33,4,43,3,25,50,4,82,44,0,44,126
11/22/2015,TRI,TN,ASO,ES,Combined TRACON& Tower with Radar,3,11,9,0,23,0,2,14,0,16,3,13,23,0,39,78,0,78,117
11/23/2015,TRI,TN,ASO,ES,Combined TRACON& Tower with Radar,8,25,18,16,67,0,8,18,0,26,8,33,36,16,93,30,12,42,135
11/24/2015,TRI,TN,ASO,ES,Combined TRACON& Tower with Radar,5,20,22,14,61,0,0,9,2,11,5,20,31,16,72,30,12,42,114
11/25/2015,TRI,TN,ASO,ES,Combined TRACON& Tower with Radar,10,30,11,0,51,0,1,24,0,25,10,31,35,0,76,34,0,34,110
11/26/2015,TRI,TN,ASO,ES,Combined TRACON& Tower with Radar,3,8,3,0,14,0,4,10,0,14,3,12,13,0,28,8,0,8,36
11/27/2015,TRI,TN,ASO,ES,Combined TRACON& Tower with Radar,6,19,7,0,32,0,8,20,0,28,6,27,27,0,60,4,0,4,64
11/28/2015,TRI,TN,ASO,ES,Combined TRACON& Tower with Radar,11,25,11,0,47,0,2,13,0,15,11,27,24,0,62,36,0,36,98
11/29/2015,TRI,TN,ASO,ES,Combined TRACON& Tower with Radar,8,17,11,0,36,0,0,2,0,2,8,17,13,0,38,18,0,18,56
11/30/2015,TRI,TN,ASO,ES,Combined TRACON& Tower with Radar,6,19,17,0,42,0,0,1,0,1,6,19,18,0,43,2,0,2,45
12/01/2015,TRI,TN,ASO,ES,Combined TRACON& Tower with Radar,5,30,14,0,49,0,0,2,0,2,5,30,16,0,51,6,0,6,57
12/02/2015,TRI,TN,ASO,ES,Combined TRACON& Tower with Radar,5,31,17,18,71,0,0,15,0,15,5,31,32,18,86,32,20,52,138
12/03/2015,TRI,TN,ASO,ES,Combined TRACON& Tower with Radar,8,32,33,9,82,0,2,26,5,33,8,34,59,14,115,44,1,45,160
12/04/2015,TRI,TN,ASO,ES,Combined TRACON& Tower with Radar,6,27,21,0,54,0,2,32,0,34,6,29,53,0,88,64,0,64,152
12/05/2015,TRI,TN,ASO,ES,Combined TRACON& Tower with Radar,4,12,10,0,26,0,0,21,2,23,4,12,31,2,49,72,0,72,121
12/06/2015,TRI,TN,ASO,ES,Combined TRACON& Tower with Radar,6,22,13,0,41,0,2,37,0,39,6,24,50,0,80,86,0,86,166
12/07/2015,TRI,TN,ASO,ES,Combined TRACON& Tower with Radar,6,42,13,0,61,0,2,16,0,18,6,44,29,0,79,56,0,56,135
12/08/2015,TRI,TN,ASO,ES,Combined TRACON& Tower with Radar,4,32,15,0,51,0,3,20,0,23,4,35,35,0,74,32,0,32,106
12/09/2015,TRI,TN,ASO,ES,Combined TRACON& Tower with Radar,6,33,26,6,71,0,3,24,0,27,6,36,50,6,98,26,0,26,124
12/10/2015,TRI,TN,ASO,ES,Combined TRACON& Tower with Radar,6,50,25,2,83,0,1,25,1,27,6,51,50,3,110,82,0,82,192
12/11/2015,TRI,TN,ASO,ES,Combined TRACON& Tower with Radar,6,38,22,0,66,0,1,23,0,24,6,39,45,0,90,12,0,12,102
12/12/2015,TRI,TN,ASO,ES,Combined TRACON& Tower with Radar,6,18,15,2,41,0,4,28,0,32,6,22,43,2,73,44,0,44,117
12/13/2015,TRI,TN,ASO,ES,Combined TRACON& Tower with Radar,6,18,3,0,27,0,4,17,0,21,6,22,20,0,48,48,0,48,96
12/14/2015,TRI,TN,ASO,ES,Combined TRACON& Tower with Radar,6,23,10,0,39,0,4,5,0,9,6,27,15,0,48,4,0,4,52
12/15/2015,TRI,TN,ASO,ES,Combined TRACON& Tower with Radar,4,34,18,4,60,0,10,26,0,36,4,44,44,4,96,28,0,28,124
12/16/2015,TRI,TN,ASO,ES,Combined TRACON& Tower with Radar,4,40,21,0,65,0,2,17,0,19,4,42,38,0,84,27,0,27,111
12/17/2015,TRI,TN,ASO,ES,Combined TRACON& Tower with Radar,6,26,29,0,61,0,0,0,0,0,6,26,29,0,61,0,0,0,61
12/18/2015,TRI,TN,ASO,ES,Combined TRACON& Tower with Radar,5,29,21,0,55,0,2,5,0,7,5,31,26,0,62,2,0,2,64
12/19/2015,TRI,TN,ASO,ES,Combined TRACON& Tower with Radar,2,22,13,0,37,0,4,16,0,20,2,26,29,0,57,4,0,4,61
12/20/2015,TRI,TN,ASO,ES,Combined TRACON& Tower with Radar,8,14,8,0,30,0,4,31,0,35,8,18,39,0,65,32,0,32,97
12/21/2015,TRI,TN,ASO,ES,Combined TRACON& Tower with Radar,4,18,13,0,35,0,2,9,0,11,4,20,22,0,46,8,0,8,54
12/22/2015,TRI,TN,ASO,ES,Combined TRACON& Tower with Radar,14,30,23,0,67,0,0,25,0,25,14,30,48,0,92,56,0,56,148
12/23/2015,TRI,TN,ASO,ES,Combined TRACON& Tower with Radar,6,19,7,0,32,0,2,2,0,4,6,21,9,0,36,8,0,8,44
12/24/2015,TRI,TN,ASO,ES,Combined TRACON& Tower with Radar,4,14,1,0,19,0,2,2,0,4,4,16,3,0,23,0,0,0,23
12/25/2015,TRI,TN,ASO,ES,Combined TRACON& Tower with Radar,4,15,1,0,20,0,2,0,0,2,4,17,1,0,22,0,0,0,22
12/26/2015,TRI,TN,ASO,ES,Combined TRACON& Tower with Radar,8,23,21,0,52,0,2,12,0,14,8,25,33,0,66,36,0,36,102
12/27/2015,TRI,TN,ASO,ES,Combined TRACON& Tower with Radar,10,18,9,0,37,0,1,25,0,26,10,19,34,0,63,40,0,40,103
12/28/2015,TRI,TN,ASO,ES,Combined TRACON& Tower with Radar,9,25,13,2,49,0,0,17,0,17,9,25,30,2,66,18,0,18,84
12/29/2015,TRI,TN,ASO,ES,Combined TRACON& Tower with Radar,8,21,21,0,50,0,3,33,0,36,8,24,54,0,86,50,2,52,138
12/30/2015,TRI,TN,ASO,ES,Combined TRACON& Tower with Radar,8,19,10,0,37,0,2,3,0,5,8,21,13,0,42,14,0,14,56
12/31/2015,TRI,TN,ASO,ES,Combined TRACON& Tower with Radar,4,17,17,0,38,0,0,4,0,4,4,17,21,0,42,0,0,0,42
01/01/2016,TRI,TN,ASO,ES,Combined TRACON& Tower with Radar,6,15,8,0,29,0,4,16,0,20,6,19,24,0,49,0,0,0,49
01/02/2016,TRI,TN,ASO,ES,Combined TRACON& Tower with Radar,3,23,10,0,36,0,3,37,0,40,3,26,47,0,76,16,0,16,92
01/03/2016,TRI,TN,ASO,ES,Combined TRACON& Tower with Radar,6,12,13,0,31,0,0,29,0,29,6,12,42,0,60,58,0,58,118
01/04/2016,TRI,TN,ASO,ES,Combined TRACON& Tower with Radar,6,21,9,0,36,0,2,6,0,8,6,23,15,0,44,28,0,28,72
01/05/2016,TRI,TN,ASO,ES,Combined TRACON& Tower with Radar,3,18,11,10,42,0,4,27,2,33,3,22,38,12,75,23,8,31,106
01/06/2016,TRI,TN,ASO,ES,Combined TRACON& Tower with Radar,4,24,28,20,76,0,0,29,0,29,4,24,57,20,105,16,22,38,143
01/07/2016,TRI,TN,ASO,ES,Combined TRACON& Tower with Radar,6,21,24,2,53,0,2,53,0,55,6,23,77,2,108,56,0,56,164
01/08/2016,TRI,TN,ASO,ES,Combined TRACON& Tower with Radar,4,25,16,0,45,0,2,10,0,12,4,27,26,0,57,10,0,10,67
01/09/2016,TRI,TN,ASO,ES,Combined TRACON& Tower with Radar,3,20,11,7,41,0,0,14,9,23,3,20,25,16,64,14,0,14,78
01/10/2016,TRI,TN,ASO,ES,Combined TRACON& Tower with Radar,5,14,4,1,24,0,0,0,0,0,5,14,4,1,24,0,0,0,24
01/11/2016,TRI,TN,ASO,ES,Combined TRACON& Tower with Radar,4,22,17,28,71,0,1,15,0,16,4,23,32,28,87,28,20,48,135
01/12/2016,TRI,TN,ASO,ES,Combined TRACON& Tower with Radar,4,25,11,4,44,0,2,3,0,5,4,27,14,4,49,16,14,30,79
01/13/2016,TRI,TN,ASO,ES,Combined TRACON& Tower with Radar,4,27,21,30,82,0,4,20,0,24,4,31,41,30,106,42,51,93,199
01/14/2016,TRI,TN,ASO,ES,Combined TRACON& Tower with Radar,6,23,10,1,40,0,0,31,3,34,6,23,41,4,74,30,0,30,104
01/15/2016,TRI,TN,ASO,ES,Combined TRACON& Tower with Radar,5,23,19,0,47,0,1,6,0,7,5,24,25,0,54,20,0,20,74
01/16/2016,TRI,TN,ASO,ES,Combined TRACON& Tower with Radar,3,15,8,0,26,0,1,9,0,10,3,16,17,0,36,16,0,16,52
01/17/2016,TRI,TN,ASO,ES,Combined TRACON& Tower with Radar,5,17,10,0,32,0,0,3,0,3,5,17,13,0,35,0,0,0,35
01/18/2016,TRI,TN,ASO,ES,Combined TRACON& Tower with Radar,4,26,9,0,39,0,0,8,0,8,4,26,17,0,47,3,0,3,50
01/19/2016,TRI,TN,ASO,ES,Combined TRACON& Tower with Radar,4,26,14,6,50,0,2,24,0,26,4,28,38,6,76,4,0,4,80
01/20/2016,TRI,TN,ASO,ES,Combined TRACON& Tower with Radar,4,22,8,0,34,0,1,0,0,1,4,23,8,0,35,0,0,0,35
01/21/2016,TRI,TN,ASO,ES,Combined TRACON& Tower with Radar,6,23,19,0,48,0,5,6,0,11,6,28,25,0,59,0,0,0,59
01/22/2016,TRI,TN,ASO,ES,Combined TRACON& Tower with Radar,2,8,2,0,12,0,0,0,0,0,2,8,2,0,12,0,0,0,12
01/23/2016,TRI,TN,ASO,ES,Combined TRACON& Tower with Radar,1,7,3,0,11,0,0,0,0,0,1,7,3,0,11,0,0,0,11
01/24/2016,TRI,TN,ASO,ES,Combined TRACON& Tower with Radar,5,14,10,0,29,0,3,14,0,17,5,17,24,0,46,50,0,50,96
01/25/2016,TRI,TN,ASO,ES,Combined TRACON& Tower with Radar,17,23,12,10,62,0,3,9,0,12,17,26,21,10,74,60,34,94,168
01/26/2016,TRI,TN,ASO,ES,Combined TRACON& Tower with Radar,6,19,15,0,40,0,1,0,0,1,6,20,15,0,41,0,0,0,41
01/27/2016,TRI,TN,ASO,ES,Combined TRACON& Tower with Radar,4,22,10,0,36,0,3,7,0,10,4,25,17,0,46,4,0,4,50
01/28/2016,TRI,TN,ASO,ES,Combined TRACON& Tower with Radar,6,23,10,0,39,0,2,17,0,19,6,25,27,0,58,22,0,22,80
01/29/2016,TRI,TN,ASO,ES,Combined TRACON& Tower with Radar,5,24,17,0,46,0,0,13,0,13,5,24,30,0,59,8,0,8,67
01/30/2016,TRI,TN,ASO,ES,Combined TRACON& Tower with Radar,3,22,23,0,48,0,1,52,2,55,3,23,75,2,103,62,0,62,165
01/31/2016,TRI,TN,ASO,ES,Combined TRACON& Tower with Radar,5,18,9,0,32,0,2,24,0,26,5,20,33,0,58,32,0,32,90
02/01/2016,TRI,TN,ASO,ES,Combined TRACON& Tower with Radar,4,21,27,0,52,0,0,10,0,10,4,21,37,0,62,16,0,16,78
02/02/2016,TRI,TN,ASO,ES,Combined TRACON& Tower with Radar,4,27,16,8,55,0,0,14,3,17,4,27,30,11,72,34,22,56,128
02/03/2016,TRI,TN,ASO,ES,Combined TRACON& Tower with Radar,4,25,17,0,46,0,0,2,0,2,4,25,19,0,48,10,0,10,58
02/04/2016,TRI,TN,ASO,ES,Combined TRACON& Tower with Radar,6,25,25,0,56,0,4,12,0,16,6,29,37,0,72,56,0,56,128
02/05/2016,TRI,TN,ASO,ES,Combined TRACON& Tower with Radar,4,32,30,10,76,0,8,17,0,25,4,40,47,10,101,24,0,24,125
02/06/2016,TRI,TN,ASO,ES,Combined TRACON& Tower with Radar,5,11,11,0,27,0,2,39,0,41,5,13,50,0,68,36,0,36,104
02/07/2016,TRI,TN,ASO,ES,Combined TRACON& Tower with Radar,5,14,8,0,27,0,8,52,0,60,5,22,60,0,87,68,0,68,155
02/08/2016,TRI,TN,ASO,ES,Combined TRACON& Tower with Radar,4,24,6,0,34,0,2,4,0,6,4,26,10,0,40,18,0,18,58
02/09/2016,TRI,TN,ASO,ES,Combined TRACON& Tower with Radar,4,25,8,2,39,0,1,1,0,2,4,26,9,2,41,0,0,0,41
02/10/2016,TRI,TN,ASO,ES,Combined TRACON& Tower with Radar,3,28,12,2,45,0,1,2,0,3,3,29,14,2,48,6,0,6,54
02/11/2016,TRI,TN,ASO,ES,Combined TRACON& Tower with Radar,6,26,24,0,56,0,4,15,1,20,6,30,39,1,76,30,0,30,106
02/12/2016,TRI,TN,ASO,ES,Combined TRACON& Tower with Radar,3,23,10,0,36,0,3,6,0,9,3,26,16,0,45,0,0,0,45
02/13/2016,TRI,TN,ASO,ES,Combined TRACON& Tower with Radar,2,19,4,0,25,0,3,15,0,18,2,22,19,0,43,14,0,14,57
02/14/2016,TRI,TN,ASO,ES,Combined TRACON& Tower with Radar,5,13,5,0,23,0,3,4,0,7,5,16,9,0,30,4,0,4,34
02/15/2016,TRI,TN,ASO,ES,Combined TRACON& Tower with Radar,4,13,9,0,26,0,0,2,0,2,4,13,11,0,28,2,0,2,30
02/16/2016,TRI,TN,ASO,ES,Combined TRACON& Tower with Radar,2,19,27,0,48,0,2,9,0,11,2,21,36,0,59,20,0,20,79
02/17/2016,TRI,TN,ASO,ES,Combined TRACON& Tower with Radar,3,30,22,0,55,0,1,17,0,18,3,31,39,0,73,12,0,12,85
02/18/2016,TRI,TN,ASO,ES,Combined TRACON& Tower with Radar,5,30,31,8,74,0,0,29,0,29,5,30,60,8,103,28,0,28,131
02/19/2016,TRI,TN,ASO,ES,Combined TRACON& Tower with Radar,3,27,13,0,43,0,2,26,0,28,3,29,39,0,71,42,6,48,119
02/20/2016,TRI,TN,ASO,ES,Combined TRACON& Tower with Radar,3,13,21,0,37,0,0,16,0,16,3,13,37,0,53,32,0,32,85
02/21/2016,TRI,TN,ASO,ES,Combined TRACON& Tower with Radar,4,14,10,0,28,0,0,2,0,2,4,14,12,0,30,10,0,10,40
02/22/2016,TRI,TN,ASO,ES,Combined TRACON& Tower with Radar,2,19,27,2,50,0,2,9,0,11,2,21,36,2,61,10,2,12,73
02/23/2016,TRI,TN,ASO,ES,Combined TRACON& Tower with Radar,2,20,18,20,60,0,3,4,0,7,2,23,22,20,67,6,20,26,93
02/24/2016,TRI,TN,ASO,ES,Combined TRACON& Tower with Radar,6,18,12,0,36,0,1,4,0,5,6,19,16,0,41,2,0,2,43
02/25/2016,TRI,TN,ASO,ES,Combined TRACON& Tower with Radar,5,38,26,0,69,0,1,4,0,5,5,39,30,0,74,6,0,6,80
02/26/2016,TRI,TN,ASO,ES,Combined TRACON& Tower with Radar,3,27,21,1,52,0,2,30,0,32,3,29,51,1,84,42,0,42,126
02/27/2016,TRI,TN,ASO,ES,Combined TRACON& Tower with Radar,2,23,15,0,40,0,19,38,0,57,2,42,53,0,97,78,0,78,175
02/28/2016,TRI,TN,ASO,ES,Combined TRACON& Tower with Radar,4,21,12,0,37,0,6,51,0,57,4,27,63,0,94,98,0,98,192
02/29/2016,TRI,TN,ASO,ES,Combined TRACON& Tower with Radar,2,23,21,12,58,0,2,22,0,24,2,25,43,12,82,30,18,48,130
03/01/2016,TRI,TN,ASO,ES,Combined TRACON& Tower with Radar,2,30,16,0,48,0,2,20,0,22,2,32,36,0,70,42,0,42,112
03/02/2016,TRI,TN,ASO,ES,Combined TRACON& Tower with Radar,6,21,10,9,46,0,2,4,2,8,6,23,14,11,54,24,5,29,83
03/03/2016,TRI,TN,ASO,ES,Combined TRACON& Tower with Radar,8,40,10,7,65,0,1,10,0,11,8,41,20,7,76,42,24,66,142
03/04/2016,TRI,TN,ASO,ES,Combined TRACON& Tower with Radar,6,22,13,0,41,0,3,3,0,6,6,25,16,0,47,22,0,22,69
03/05/2016,TRI,TN,ASO,ES,Combined TRACON& Tower with Radar,3,14,10,0,27,0,0,21,0,21,3,14,31,0,48,94,0,94,142
03/06/2016,TRI,TN,ASO,ES,Combined TRACON& Tower with Radar,8,15,12,0,35,0,2,27,0,29,8,17,39,0,64,28,0,28,92
03/07/2016,TRI,TN,ASO,ES,Combined TRACON& Tower with Radar,6,27,21,2,56,0,5,25,2,32,6,32,46,4,88,40,0,40,128
03/08/2016,TRI,TN,ASO,ES,Combined TRACON& Tower with Radar,4,23,12,0,39,0,2,15,6,23,4,25,27,6,62,12,0,12,74
03/09/2016,TRI,TN,ASO,ES,Combined TRACON& Tower with Radar,6,21,30,4,61,0,0,28,1,29,6,21,58,5,90,43,2,45,135
03/10/2016,TRI,TN,ASO,ES,Combined TRACON& Tower with Radar,6,40,22,15,83,0,2,36,0,38,6,42,58,15,121,52,18,70,191
03/11/2016,TRI,TN,ASO,ES,Combined TRACON& Tower with Radar,6,26,23,4,59,0,1,1,0,2,6,27,24,4,61,1,0,1,62
03/12/2016,TRI,TN,ASO,ES,Combined TRACON& Tower with Radar,2,19,18,0,39,0,0,22,0,22,2,19,40,0,61,30,0,30,91
03/13/2016,TRI,TN,ASO,ES,Combined TRACON& Tower with Radar,8,22,10,0,40,0,0,13,0,13,8,22,23,0,53,34,0,34,87
03/14/2016,TRI,TN,ASO,ES,Combined TRACON& Tower with Radar,6,19,14,0,39,0,0,4,0,4,6,19,18,0,43,16,0,16,59
03/15/2016,TRI,TN,ASO,ES,Combined TRACON& Tower with Radar,4,28,25,4,61,0,3,20,0,23,4,31,45,4,84,32,0,32,116
03/16/2016,TRI,TN,ASO,ES,Combined TRACON& Tower with Radar,6,27,46,0,79,0,0,20,0,20,6,27,66,0,99,18,0,18,117
03/17/2016,TRI,TN,ASO,ES,Combined TRACON& Tower with Radar,8,35,9,0,52,0,3,29,0,32,8,38,38,0,84,36,0,36,120
03/18/2016,TRI,TN,ASO,ES,Combined TRACON& Tower with Radar,6,37,14,0,57,0,2,38,0,40,6,39,52,0,97,36,0,36,133
03/19/2016,TRI,TN,ASO,ES,Combined TRACON& Tower with Radar,2,18,4,0,24,0,2,14,0,16,2,20,18,0,40,30,0,30,70
03/20/2016,TRI,TN,ASO,ES,Combined TRACON& Tower with Radar,8,13,7,0,28,0,0,8,2,10,8,13,15,2,38,42,0,42,80
03/21/2016,TRI,TN,ASO,ES,Combined TRACON& Tower with Radar,6,19,21,0,46,0,1,24,1,26,6,20,45,1,72,45,0,45,117
03/22/2016,TRI,TN,ASO,ES,Combined TRACON& Tower with Radar,4,27,21,0,52,0,5,18,0,23,4,32,39,0,75,18,0,18,93
03/23/2016,TRI,TN,ASO,ES,Combined TRACON& Tower with Radar,6,25,24,0,55,0,7,39,0,46,6,32,63,0,101,84,0,84,185
03/24/2016,TRI,TN,ASO,ES,Combined TRACON& Tower with Radar,8,22,11,0,41,0,2,20,0,22,8,24,31,0,63,37,0,37,100
03/25/2016,TRI,TN,ASO,ES,Combined TRACON& Tower with Radar,8,25,20,0,53,0,2,23,0,25,8,27,43,0,78,48,0,48,126
03/26/2016,TRI,TN,ASO,ES,Combined TRACON& Tower with Radar,2,14,13,0,29,0,0,48,0,48,2,14,61,0,77,66,0,66,143
03/27/2016,TRI,TN,ASO,ES,Combined TRACON& Tower with Radar,7,14,6,0,27,0,6,15,0,21,7,20,21,0,48,4,0,4,52
03/28/2016,TRI,TN,ASO,ES,Combined TRACON& Tower with Radar,5,20,19,0,44,0,4,21,0,25,5,24,40,0,69,54,0,54,123
03/29/2016,TRI,TN,ASO,ES,Combined TRACON& Tower with Radar,4,25,16,0,45,0,2,48,0,50,4,27,64,0,95,40,0,40,135
03/30/2016,TRI,TN,ASO,ES,Combined TRACON& Tower with Radar,18,20,24,0,62,0,0,31,2,33,18,20,55,2,95,36,4,40,135
03/31/2016,TRI,TN,ASO,ES,Combined TRACON& Tower with Radar,8,24,10,0,42,0,1,13,0,14,8,25,23,0,56,22,0,22,78
04/01/2016,TRI,TN,ASO,ES,Combined TRACON& Tower with Radar,6,18,23,1,48,0,4,7,1,12,6,22,30,2,60,34,0,34,94
04/02/2016,TRI,TN,ASO,ES,Combined TRACON& Tower with Radar,2,15,16,0,33,0,3,16,0,19,2,18,32,0,52,18,0,18,70
04/03/2016,TRI,TN,ASO,ES,Combined TRACON& Tower with Radar,6,15,19,0,40,0,4,33,0,37,6,19,52,0,77,82,0,82,159
04/04/2016,TRI,TN,ASO,ES,Combined TRACON& Tower with Radar,6,31,25,4,66,0,5,25,0,30,6,36,50,4,96,58,4,62,158
04/05/2016,TRI,TN,ASO,ES,Combined TRACON& Tower with Radar,6,24,25,0,55,0,2,18,0,20,6,26,43,0,75,16,0,16,91
04/06/2016,TRI,TN,ASO,ES,Combined TRACON& Tower with Radar,6,17,20,18,61,0,3,35,0,38,6,20,55,18,99,54,18,72,171
04/07/2016,TRI,TN,ASO,ES,Combined TRACON& Tower with Radar,10,16,21,0,47,0,4,3,0,7,10,20,24,0,54,0,0,0,54
04/08/2016,TRI,TN,ASO,ES,Combined TRACON& Tower with Radar,8,30,22,0,60,0,3,7,0,10,8,33,29,0,70,6,0,6,76
04/09/2016,TRI,TN,ASO,ES,Combined TRACON& Tower with Radar,6,16,9,0,31,0,4,7,0,11,6,20,16,0,42,16,0,16,58
04/10/2016,TRI,TN,ASO,ES,Combined TRACON& Tower with Radar,9,19,12,0,40,0,2,29,0,31,9,21,41,0,71,56,0,56,127
04/11/2016,TRI,TN,ASO,ES,Combined TRACON& Tower with Radar,9,25,20,18,72,0,3,25,0,28,9,28,45,18,100,66,26,92,192
04/12/2016,TRI,TN,ASO,ES,Combined TRACON& Tower with Radar,6,29,21,0,56,0,4,16,0,20,6,33,37,0,76,30,0,30,106
04/13/2016,TRI,TN,ASO,ES,Combined TRACON& Tower with Radar,6,21,36,0,63,0,3,40,0,43,6,24,76,0,106,30,0,30,136
04/14/2016,TRI,TN,ASO,ES,Combined TRACON& Tower with Radar,10,27,41,16,94,0,6,54,0,60,10,33,95,16,154,52,14,66,220
04/15/2016,TRI,TN,ASO,ES,Combined TRACON& Tower with Radar,8,20,47,4,79,0,4,45,3,52,8,24,92,7,131,38,0,38,169
04/16/2016,TRI,TN,ASO,ES,Combined TRACON& Tower with Radar,4,20,27,1,52,0,4,42,0,46,4,24,69,1,98,50,0,50,148
04/17/2016,TRI,TN,ASO,ES,Combined TRACON& Tower with Radar,10,22,76,1,109,0,6,134,2,142,10,28,210,3,251,0,0,0,251
04/18/2016,TRI,TN,ASO,ES,Combined TRACON& Tower with Radar,8,31,17,15,71,0,2,29,3,34,8,33,46,18,105,26,26,52,157
04/19/2016,TRI,TN,ASO,ES,Combined TRACON& Tower with Radar,6,23,24,14,67,0,6,25,0,31,6,29,49,14,98,52,26,78,176
04/20/2016,TRI,TN,ASO,ES,Combined TRACON& Tower with Radar,6,20,19,0,45,0,9,21,0,30,6,29,40,0,75,68,0,68,143
04/21/2016,TRI,TN,ASO,ES,Combined TRACON& Tower with Radar,15,28,23,0,66,0,10,15,2,27,15,38,38,2,93,56,6,62,155
04/22/2016,TRI,TN,ASO,ES,Combined TRACON& Tower with Radar,10,21,26,10,67,0,2,6,0,8,10,23,32,10,75,14,12,26,101
04/23/2016,TRI,TN,ASO,ES,Combined TRACON& Tower with Radar,4,14,17,0,35,0,2,27,0,29,4,16,44,0,64,32,0,32,96
04/24/2016,TRI,TN,ASO,ES,Combined TRACON& Tower with Radar,10,15,17,0,42,0,0,46,2,48,10,15,63,2,90,78,0,78,168
04/25/2016,TRI,TN,ASO,ES,Combined TRACON& Tower with Radar,8,25,21,6,60,0,1,10,1,12,8,26,31,7,72,61,4,65,137
04/26/2016,TRI,TN,ASO,ES,Combined TRACON& Tower with Radar,6,21,28,14,69,0,4,14,0,18,6,25,42,14,87,34,16,50,137
04/27/2016,TRI,TN,ASO,ES,Combined TRACON& Tower with Radar,6,20,8,0,34,0,4,5,0,9,6,24,13,0,43,0,0,0,43
04/28/2016,TRI,TN,ASO,ES,Combined TRACON& Tower with Radar,10,23,17,0,50,0,2,8,0,10,10,25,25,0,60,24,0,24,84
04/29/2016,TRI,TN,ASO,ES,Combined TRACON& Tower with Radar,8,16,19,0,43,0,4,12,0,16,8,20,31,0,59,30,0,30,89
04/30/2016,TRI,TN,ASO,ES,Combined TRACON& Tower with Radar,10,17,5,0,32,0,2,8,0,10,10,19,13,0,42,8,0,8,50
05/01/2016,TRI,TN,ASO,ES,Combined TRACON& Tower with Radar,11,14,13,0,38,0,4,4,0,8,11,18,17,0,46,42,0,42,88
05/02/2016,TRI,TN,ASO,ES,Combined TRACON& Tower with Radar,22,24,10,0,56,0,1,7,0,8,22,25,17,0,64,24,16,40,104
05/03/2016,TRI,TN,ASO,ES,Combined TRACON& Tower with Radar,6,28,21,0,55,0,2,7,2,11,6,30,28,2,66,50,0,50,116
05/04/2016,TRI,TN,ASO,ES,Combined TRACON& Tower with Radar,6,22,25,0,53,0,2,11,0,13,6,24,36,0,66,12,0,12,78
05/05/2016,TRI,TN,ASO,ES,Combined TRACON& Tower with Radar,8,26,23,0,57,0,0,6,0,6,8,26,29,0,63,4,0,4,67
05/06/2016,TRI,TN,ASO,ES,Combined TRACON& Tower with Radar,6,33,25,11,75,0,3,49,0,52,6,36,74,11,127,78,4,82,209
05/07/2016,TRI,TN,ASO,ES,Combined TRACON& Tower with Radar,3,15,25,0,43,0,2,25,0,27,3,17,50,0,70,38,0,38,108
05/08/2016,TRI,TN,ASO,ES,Combined TRACON& Tower with Radar,5,24,24,0,53,0,0,25,0,25,5,24,49,0,78,40,0,40,118
05/09/2016,TRI,TN,ASO,ES,Combined TRACON& Tower with Radar,6,25,12,24,67,0,1,26,0,27,6,26,38,24,94,21,28,49,143
05/10/2016,TRI,TN,ASO,ES,Combined TRACON& Tower with Radar,6,30,19,3,58,0,6,29,2,37,6,36,48,5,95,86,16,102,197
05/11/2016,TRI,TN,ASO,ES,Combined TRACON& Tower with Radar,6,22,13,0,41,0,2,2,0,4,6,24,15,0,45,8,0,8,53
05/12/2016,TRI,TN,ASO,ES,Combined TRACON& Tower with Radar,8,27,29,11,75,0,3,50,0,53,8,30,79,11,128,56,8,64,192
05/13/2016,TRI,TN,ASO,ES,Combined TRACON& Tower with Radar,6,43,8,29,86,0,4,20,0,24,6,47,28,29,110,38,48,86,196
05/14/2016,TRI,TN,ASO,ES,Combined TRACON& Tower with Radar,5,16,9,0,30,0,4,16,0,20,5,20,25,0,50,40,0,40,90
05/15/2016,TRI,TN,ASO,ES,Combined TRACON& Tower with Radar,5,23,11,0,39,0,4,28,0,32,5,27,39,0,71,84,0,84,155
05/16/2016,TRI,TN,ASO,ES,Combined TRACON& Tower with Radar,6,26,11,26,69,0,8,61,0,69,6,34,72,26,138,72,31,103,241
05/17/2016,TRI,TN,ASO,ES,Combined TRACON& Tower with Radar,6,28,28,0,62,0,0,4,0,4,6,28,32,0,66,0,0,0,66
05/18/2016,TRI,TN,ASO,ES,Combined TRACON& Tower with Radar,4,30,28,2,64,0,0,24,0,24,4,30,52,2,88,46,10,56,144
05/19/2016,TRI,TN,ASO,ES,Combined TRACON& Tower with Radar,8,31,22,4,65,0,4,56,0,60,8,35,78,4,125,100,0,100,225
05/20/2016,TRI,TN,ASO,ES,Combined TRACON& Tower with Radar,9,34,23,1,67,0,2,20,0,22,9,36,43,1,89,26,0,26,115
05/21/2016,TRI,TN,ASO,ES,Combined TRACON& Tower with Radar,8,21,8,0,37,0,0,1,0,1,8,21,9,0,38,0,0,0,38
05/22/2016,TRI,TN,ASO,ES,Combined TRACON& Tower with Radar,7,24,10,0,41,0,4,26,0,30,7,28,36,0,71,64,0,64,135
05/23/2016,TRI,TN,ASO,ES,Combined TRACON& Tower with Radar,8,36,20,11,75,0,0,29,0,29,8,36,49,11,104,16,30,46,150
05/24/2016,TRI,TN,ASO,ES,Combined TRACON& Tower with Radar,8,34,26,13,81,0,0,73,1,74,8,34,99,14,155,69,0,69,224
05/25/2016,TRI,TN,ASO,ES,Combined TRACON& Tower with Radar,8,22,30,0,60,0,2,40,0,42,8,24,70,0,102,31,4,35,137
05/26/2016,TRI,TN,ASO,ES,Combined TRACON& Tower with Radar,10,22,38,8,78,0,2,26,0,28,10,24,64,8,106,34,0,34,140
05/27/2016,TRI,TN,ASO,ES,Combined TRACON& Tower with Radar,10,24,15,0,49,0,0,29,0,29,10,24,44,0,78,72,10,82,160
05/28/2016,TRI,TN,ASO,ES,Combined TRACON& Tower with Radar,5,13,18,0,36,0,2,37,0,39,5,15,55,0,75,48,0,48,123
05/29/2016,TRI,TN,ASO,ES,Combined TRACON& Tower with Radar,7,13,12,1,33,0,0,32,1,33,7,13,44,2,66,66,0,66,132
05/30/2016,TRI,TN,ASO,ES,Combined TRACON& Tower with Radar,10,17,14,0,41,0,0,25,0,25,10,17,39,0,66,22,0,22,88
05/31/2016,TRI,TN,ASO,ES,Combined TRACON& Tower with Radar,12,21,22,0,55,0,12,50,0,62,12,33,72,0,117,106,0,106,223
06/01/2016,TRI,TN,ASO,ES,Combined TRACON& Tower with Radar,8,25,9,0,42,0,2,60,0,62,8,27,69,0,104,102,0,102,206
06/02/2016,TRI,TN,ASO,ES,Combined TRACON& Tower with Radar,10,29,23,0,62,0,2,33,0,35,10,31,56,0,97,48,0,48,145
06/03/2016,TRI,TN,ASO,ES,Combined TRACON& Tower with Radar,9,22,15,0,46,0,0,23,0,23,9,22,38,0,69,48,0,48,117
06/04/2016,TRI,TN,ASO,ES,Combined TRACON& Tower with Radar,8,13,9,0,30,0,0,16,0,16,8,13,25,0,46,9,0,9,55
06/05/2016,TRI,TN,ASO,ES,Combined TRACON& Tower with Radar,5,18,7,3,33,0,0,2,0,2,5,18,9,3,35,40,0,40,75
06/06/2016,TRI,TN,ASO,ES,Combined TRACON& Tower with Radar,12,21,15,1,49,0,8,32,2,42,12,29,47,3,91,65,0,65,156
06/07/2016,TRI,TN,ASO,ES,Combined TRACON& Tower with Radar,6,23,28,0,57,0,5,40,0,45,6,28,68,0,102,88,0,88,190
06/08/2016,TRI,TN,ASO,ES,Combined TRACON& Tower with Radar,7,38,17,5,67,0,2,24,2,28,7,40,41,7,95,66,26,92,187
06/09/2016,TRI,TN,ASO,ES,Combined TRACON& Tower with Radar,8,26,33,0,67,0,4,49,0,53,8,30,82,0,120,69,0,69,189
06/10/2016,TRI,TN,ASO,ES,Combined TRACON& Tower with Radar,8,22,20,2,52,0,2,47,0,49,8,24,67,2,101,102,0,102,203
06/11/2016,TRI,TN,ASO,ES,Combined TRACON& Tower with Radar,2,19,17,0,38,0,2,43,0,45,2,21,60,0,83,130,0,130,213
06/12/2016,TRI,TN,ASO,ES,Combined TRACON& Tower with Radar,8,27,26,0,61,0,4,40,0,44,8,31,66,0,105,104,0,104,209
06/13/2016,TRI,TN,ASO,ES,Combined TRACON& Tower with Radar,8,35,26,10,79,0,6,42,0,48,8,41,68,10,127,90,16,106,233
06/14/2016,TRI,TN,ASO,ES,Combined TRACON& Tower with Radar,10,26,30,0,66,0,2,57,2,61,10,28,87,2,127,122,0,122,249
06/15/2016,TRI,TN,ASO,ES,Combined TRACON& Tower with Radar,8,30,19,3,60,0,3,30,0,33,8,33,49,3,93,87,6,93,186
06/16/2016,TRI,TN,ASO,ES,Combined TRACON& Tower with Radar,8,39,25,8,80,0,4,23,0,27,8,43,48,8,107,44,2,46,153
06/17/2016,TRI,TN,ASO,ES,Combined TRACON& Tower with Radar,8,27,26,0,61,0,6,39,0,45,8,33,65,0,106,50,0,50,156
06/18/2016,TRI,TN,ASO,ES,Combined TRACON& Tower with Radar,2,23,20,0,45,0,6,41,0,47,2,29,61,0,92,52,0,52,144
06/19/2016,TRI,TN,ASO,ES,Combined TRACON& Tower with Radar,8,21,27,0,56,0,8,50,0,58,8,29,77,0,114,136,0,136,250
06/20/2016,TRI,TN,ASO,ES,Combined TRACON& Tower with Radar,22,24,17,5,68,0,2,33,0,35,22,26,50,5,103,64,16,80,183
06/21/2016,TRI,TN,ASO,ES,Combined TRACON& Tower with Radar,6,30,19,0,55,0,1,16,0,17,6,31,35,0,72,48,2,50,122
06/22/2016,TRI,TN,ASO,ES,Combined TRACON& Tower with Radar,6,23,16,0,45,0,3,12,0,15,6,26,28,0,60,25,0,25,85
06/23/2016,TRI,TN,ASO,ES,Combined TRACON& Tower with Radar,8,48,22,0,78,0,3,16,0,19,8,51,38,0,97,12,0,12,109
06/24/2016,TRI,TN,ASO,ES,Combined TRACON& Tower with Radar,8,30,28,2,68,0,3,13,0,16,8,33,41,2,84,34,0,34,118
06/25/2016,TRI,TN,ASO,ES,Combined TRACON& Tower with Radar,2,21,34,1,58,0,6,90,4,100,2,27,124,5,158,88,0,88,246
06/26/2016,TRI,TN,ASO,ES,Combined TRACON& Tower with Radar,6,25,22,0,53,0,4,49,0,53,6,29,71,0,106,50,0,50,156
06/27/2016,TRI,TN,ASO,ES,Combined TRACON& Tower with Radar,8,27,26,0,61,0,2,12,0,14,8,29,38,0,75,16,0,16,91
06/28/2016,TRI,TN,ASO,ES,Combined TRACON& Tower with Radar,8,27,23,10,68,0,11,15,0,26,8,38,38,10,94,86,18,104,198
06/29/2016,TRI,TN,ASO,ES,Combined TRACON& Tower with Radar,6,34,37,2,79,0,4,53,0,57,6,38,90,2,136,72,0,72,208
06/30/2016,TRI,TN,ASO,ES,Combined TRACON& Tower with Radar,6,30,38,0,74,0,5,47,0,52,6,35,85,0,126,64,0,64,190
07/01/2016,TRI,TN,ASO,ES,Combined TRACON& Tower with Radar,4,25,24,2,55,0,2,44,0,46,4,27,68,2,101,42,0,42,143
07/02/2016,TRI,TN,ASO,ES,Combined TRACON& Tower with Radar,4,15,11,0,30,0,4,28,0,32,4,19,39,0,62,36,0,36,98
07/03/2016,TRI,TN,ASO,ES,Combined TRACON& Tower with Radar,6,18,4,0,28,0,1,14,0,15,6,19,18,0,43,32,0,32,75
07/04/2016,TRI,TN,ASO,ES,Combined TRACON& Tower with Radar,6,22,1,0,29,0,1,17,0,18,6,23,18,0,47,14,0,14,61
07/05/2016,TRI,TN,ASO,ES,Combined TRACON& Tower with Radar,10,24,26,0,60,0,4,2,0,6,10,28,28,0,66,6,0,6,72
07/06/2016,TRI,TN,ASO,ES,Combined TRACON& Tower with Radar,2,28,28,8,66,0,2,16,0,18,2,30,44,8,84,18,7,25,109
07/07/2016,TRI,TN,ASO,ES,Combined TRACON& Tower with Radar,4,30,21,0,55,0,0,4,0,4,4,30,25,0,59,2,0,2,61
07/08/2016,TRI,TN,ASO,ES,Combined TRACON& Tower with Radar,8,28,6,0,42,0,4,24,0,28,8,32,30,0,70,46,0,46,116
07/09/2016,TRI,TN,ASO,ES,Combined TRACON& Tower with Radar,2,16,14,0,32,0,0,16,0,16,2,16,30,0,48,66,0,66,114
07/10/2016,TRI,TN,ASO,ES,Combined TRACON& Tower with Radar,4,29,22,0,55,0,0,26,0,26,4,29,48,0,81,88,0,88,169
07/11/2016,TRI,TN,ASO,ES,Combined TRACON& Tower with Radar,4,37,18,0,59,0,4,35,0,39,4,41,53,0,98,136,0,136,234
07/12/2016,TRI,TN,ASO,ES,Combined TRACON& Tower with Radar,2,37,15,11,65,0,7,23,0,30,2,44,38,11,95,120,0,120,215
07/13/2016,TRI,TN,ASO,ES,Combined TRACON& Tower with Radar,2,28,22,14,66,0,2,21,4,27,2,30,43,18,93,16,18,34,127
07/14/2016,TRI,TN,ASO,ES,Combined TRACON& Tower with Radar,4,28,17,12,61,0,5,26,0,31,4,33,43,12,92,62,16,78,170
07/15/2016,TRI,TN,ASO,ES,Combined TRACON& Tower with Radar,4,27,12,0,43,0,3,52,2,57,4,30,64,2,100,152,0,152,252
07/16/2016,TRI,TN,ASO,ES,Combined TRACON& Tower with Radar,2,17,10,0,29,0,2,26,0,28,2,19,36,0,57,32,0,32,89
07/17/2016,TRI,TN,ASO,ES,Combined TRACON& Tower with Radar,4,25,14,0,43,0,4,35,0,39,4,29,49,0,82,74,0,74,156
07/18/2016,TRI,TN,ASO,ES,Combined TRACON& Tower with Radar,4,25,16,0,45,0,4,42,0,46,4,29,58,0,91,112,0,112,203
07/19/2016,TRI,TN,ASO,ES,Combined TRACON& Tower with Radar,2,36,14,0,52,0,2,8,0,10,2,38,22,0,62,56,0,56,118
07/20/2016,TRI,TN,ASO,ES,Combined TRACON& Tower with Radar,2,43,16,27,88,0,6,59,0,65,2,49,75,27,153,82,28,110,263
07/21/2016,TRI,TN,ASO,ES,Combined TRACON& Tower with Radar,4,47,21,5,77,0,0,23,0,23,4,47,44,5,100,28,12,40,140
07/22/2016,TRI,TN,ASO,ES,Combined TRACON& Tower with Radar,4,29,12,2,47,0,2,39,0,41,4,31,51,2,88,24,0,24,112
07/23/2016,TRI,TN,ASO,ES,Combined TRACON& Tower with Radar,2,18,24,0,44,0,2,48,2,52,2,20,72,2,96,94,0,94,190
07/24/2016,TRI,TN,ASO,ES,Combined TRACON& Tower with Radar,4,25,12,0,41,0,4,55,0,59,4,29,67,0,100,74,0,74,174
07/25/2016,TRI,TN,ASO,ES,Combined TRACON& Tower with Radar,4,21,31,6,62,0,4,16,0,20,4,25,47,6,82,50,0,50,132
07/26/2016,TRI,TN,ASO,ES,Combined TRACON& Tower with Radar,2,28,28,0,58,0,4,40,0,44,2,32,68,0,102,146,0,146,248
07/27/2016,TRI,TN,ASO,ES,Combined TRACON& Tower with Radar,10,30,22,7,69,0,2,28,3,33,10,32,50,10,102,54,18,72,174
07/28/2016,TRI,TN,ASO,ES,Combined TRACON& Tower with Radar,4,30,27,0,61,0,4,20,0,24,4,34,47,0,85,22,0,22,107
07/29/2016,TRI,TN,ASO,ES,Combined TRACON& Tower with Radar,4,23,24,0,51,0,5,7,0,12,4,28,31,0,63,44,0,44,107
07/30/2016,TRI,TN,ASO,ES,Combined TRACON& Tower with Radar,2,17,13,0,32,0,6,12,0,18,2,23,25,0,50,68,0,68,118
07/31/2016,TRI,TN,ASO,ES,Combined TRACON& Tower with Radar,6,15,17,0,38,0,0,37,0,37,6,15,54,0,75,42,0,42,117
08/01/2016,TRI,TN,ASO,ES,Combined TRACON& Tower with Radar,4,29,24,0,57,0,0,30,0,30,4,29,54,0,87,92,2,94,181
08/02/2016,TRI,TN,ASO,ES,Combined TRACON& Tower with Radar,6,23,24,0,53,0,4,16,0,20,6,27,40,0,73,84,0,84,157
08/03/2016,TRI,TN,ASO,ES,Combined TRACON& Tower with Radar,5,31,33,12,81,0,0,41,0,41,5,31,74,12,122,52,8,60,182
08/04/2016,TRI,TN,ASO,ES,Combined TRACON& Tower with Radar,4,37,32,0,73,0,4,64,0,68,4,41,96,0,141,92,0,92,233
08/05/2016,TRI,TN,ASO,ES,Combined TRACON& Tower with Radar,4,26,20,0,50,0,2,46,0,48,4,28,66,0,98,78,0,78,176
08/06/2016,TRI,TN,ASO,ES,Combined TRACON& Tower with Radar,4,21,6,0,31,0,6,17,0,23,4,27,23,0,54,130,0,130,184
08/07/2016,TRI,TN,ASO,ES,Combined TRACON& Tower with Radar,2,28,15,8,53,0,4,20,0,24,2,32,35,8,77,26,0,26,103
08/08/2016,TRI,TN,ASO,ES,Combined TRACON& Tower with Radar,5,29,12,0,46,0,2,27,0,29,5,31,39,0,75,114,0,114,189
08/09/2016,TRI,TN,ASO,ES,Combined TRACON& Tower with Radar,3,26,29,9,67,0,4,27,1,32,3,30,56,10,99,26,20,46,145
08/10/2016,TRI,TN,ASO,ES,Combined TRACON& Tower with Radar,1,24,23,41,89,0,2,27,2,31,1,26,50,43,120,68,50,118,238
08/11/2016,TRI,TN,ASO,ES,Combined TRACON& Tower with Radar,4,29,17,0,50,0,2,35,0,37,4,31,52,0,87,58,0,58,145
08/12/2016,TRI,TN,ASO,ES,Combined TRACON& Tower with Radar,4,34,24,0,62,0,8,52,2,62,4,42,76,2,124,90,0,90,214
08/13/2016,TRI,TN,ASO,ES,Combined TRACON& Tower with Radar,2,18,9,0,29,0,4,37,0,41,2,22,46,0,70,14,0,14,84
08/14/2016,TRI,TN,ASO,ES,Combined TRACON& Tower with Radar,4,20,13,0,37,0,2,30,0,32,4,22,43,0,69,64,0,64,133
08/15/2016,TRI,TN,ASO,ES,Combined TRACON& Tower with Radar,4,32,25,11,72,0,0,34,0,34,4,32,59,11,106,56,0,56,162
08/16/2016,TRI,TN,ASO,ES,Combined TRACON& Tower with Radar,4,27,35,2,68,0,4,42,0,46,4,31,77,2,114,74,0,74,188
08/17/2016,TRI,TN,ASO,ES,Combined TRACON& Tower with Radar,4,35,51,12,102,0,4,9,0,13,4,39,60,12,115,20,8,28,143
08/18/2016,TRI,TN,ASO,ES,Combined TRACON& Tower with Radar,7,22,74,0,103,0,6,14,0,20,7,28,88,0,123,14,0,14,137
08/19/2016,TRI,TN,ASO,ES,Combined TRACON& Tower with Radar,11,37,48,2,98,0,8,22,0,30,11,45,70,2,128,0,4,4,132
08/20/2016,TRI,TN,ASO,ES,Combined TRACON& Tower with Radar,4,21,61,2,88,0,0,98,0,98,4,21,159,2,186,75,0,75,261
08/21/2016,TRI,TN,ASO,ES,Combined TRACON& Tower with Radar,9,45,78,3,135,0,2,19,0,21,9,47,97,3,156,19,24,43,199
08/22/2016,TRI,TN,ASO,ES,Combined TRACON& Tower with Radar,4,34,21,0,59,0,3,28,0,31,4,37,49,0,90,38,0,38,128
08/23/2016,TRI,TN,ASO,ES,Combined TRACON& Tower with Radar,2,24,28,0,54,0,8,38,0,46,2,32,66,0,100,76,0,76,176
08/24/2016,TRI,TN,ASO,ES,Combined TRACON& Tower with Radar,4,28,31,0,63,0,6,28,0,34,4,34,59,0,97,44,0,44,141
08/25/2016,TRI,TN,ASO,ES,Combined TRACON& Tower with Radar,6,31,26,24,87,0,10,35,0,45,6,41,61,24,132,76,22,98,230
08/26/2016,TRI,TN,ASO,ES,Combined TRACON& Tower with Radar,8,22,27,14,71,0,4,25,0,29,8,26,52,14,100,70,13,83,183
08/27/2016,TRI,TN,ASO,ES,Combined TRACON& Tower with Radar,8,23,10,0,41,0,0,24,0,24,8,23,34,0,65,14,0,14,79
08/28/2016,TRI,TN,ASO,ES,Combined TRACON& Tower with Radar,4,21,18,0,43,0,2,16,0,18,4,23,34,0,61,68,0,68,129
08/29/2016,TRI,TN,ASO,ES,Combined TRACON& Tower with Radar,4,25,17,0,46,0,3,23,0,26,4,28,40,0,72,24,0,24,96
08/30/2016,TRI,TN,ASO,ES,Combined TRACON& Tower with Radar,2,27,23,8,60,0,4,21,3,28,2,31,44,11,88,52,12,64,152
08/31/2016,TRI,TN,ASO,ES,Combined TRACON& Tower with Radar,2,24,12,2,40,0,4,14,0,18,2,28,26,2,58,30,2,32,90
09/01/2016,TRI,TN,ASO,ES,Combined TRACON& Tower with Radar,4,32,26,0,62,0,0,10,0,10,4,32,36,0,72,4,0,4,76
09/02/2016,TRI,TN,ASO,ES,Combined TRACON& Tower with Radar,4,28,25,0,57,0,3,19,0,22,4,31,44,0,79,6,0,6,85
09/03/2016,TRI,TN,ASO,ES,Combined TRACON& Tower with Radar,3,17,19,0,39,0,4,22,0,26,3,21,41,0,65,50,0,50,115
09/04/2016,TRI,TN,ASO,ES,Combined TRACON& Tower with Radar,4,12,3,0,19,0,2,18,0,20,4,14,21,0,39,14,0,14,53
09/05/2016,TRI,TN,ASO,ES,Combined TRACON& Tower with Radar,4,18,14,0,36,0,0,25,0,25,4,18,39,0,61,10,0,10,71
09/06/2016,TRI,TN,ASO,ES,Combined TRACON& Tower with Radar,2,29,26,0,57,0,0,38,0,38,2,29,64,0,95,44,0,44,139
09/07/2016,TRI,TN,ASO,ES,Combined TRACON& Tower with Radar,2,28,10,0,40,0,2,58,3,63,2,30,68,3,103,74,0,74,177
09/08/2016,TRI,TN,ASO,ES,Combined TRACON& Tower with Radar,4,32,43,18,97,0,6,47,1,54,4,38,90,19,151,58,13,71,222
09/09/2016,TRI,TN,ASO,ES,Combined TRACON& Tower with Radar,4,34,50,22,110,0,6,80,0,86,4,40,130,22,196,64,16,80,276
09/10/2016,TRI,TN,ASO,ES,Combined TRACON& Tower with Radar,3,42,95,2,142,0,10,94,0,104,3,52,189,2,246,130,8,138,384
09/11/2016,TRI,TN,ASO,ES,Combined TRACON& Tower with Radar,11,22,50,0,83,0,3,33,0,36,11,25,83,0,119,52,2,54,173
09/12/2016,TRI,TN,ASO,ES,Combined TRACON& Tower with Radar,4,27,24,10,65,0,2,30,0,32,4,29,54,10,97,28,8,36,133
09/13/2016,TRI,TN,ASO,ES,Combined TRACON& Tower with Radar,2,28,22,0,52,0,4,40,0,44,2,32,62,0,96,36,6,42,138
09/14/2016,TRI,TN,ASO,ES,Combined TRACON& Tower with Radar,2,31,23,0,56,0,7,56,0,63,2,38,79,0,119,62,1,63,182
09/15/2016,TRI,TN,ASO,ES,Combined TRACON& Tower with Radar,4,29,25,18,76,0,18,43,0,61,4,47,68,18,137,9,32,41,178
09/16/2016,TRI,TN,ASO,ES,Combined TRACON& Tower with Radar,4,23,11,15,53,0,2,17,0,19,4,25,28,15,72,12,16,28,100
09/17/2016,TRI,TN,ASO,ES,Combined TRACON& Tower with Radar,2,16,19,0,37,0,2,16,0,18,2,18,35,0,55,3,0,3,58
09/18/2016,TRI,TN,ASO,ES,Combined TRACON& Tower with Radar,4,24,22,0,50,0,1,7,0,8,4,25,29,0,58,2,0,2,60
09/19/2016,TRI,TN,ASO,ES,Combined TRACON& Tower with Radar,4,30,27,0,61,0,3,8,0,11,4,33,35,0,72,8,0,8,80
09/20/2016,TRI,TN,ASO,ES,Combined TRACON& Tower with Radar,2,28,25,0,55,0,3,23,0,26,2,31,48,0,81,16,0,16,97
09/21/2016,TRI,TN,ASO,ES,Combined TRACON& Tower with Radar,2,30,24,27,83,0,2,29,0,31,2,32,53,27,114,36,30,66,180
09/22/2016,TRI,TN,ASO,ES,Combined TRACON& Tower with Radar,4,36,25,38,103,0,6,66,0,72,4,42,91,38,175,76,42,118,293
09/23/2016,TRI,TN,ASO,ES,Combined TRACON& Tower with Radar,6,27,20,4,57,0,2,41,0,43,6,29,61,4,100,26,2,28,128
09/24/2016,TRI,TN,ASO,ES,Combined TRACON& Tower with Radar,2,25,18,0,45,0,4,27,0,31,2,29,45,0,76,46,0,46,122
09/25/2016,TRI,TN,ASO,ES,Combined TRACON& Tower with Radar,4,23,17,0,44,0,0,34,0,34,4,23,51,0,78,106,0,106,184
09/26/2016,TRI,TN,ASO,ES,Combined TRACON& Tower with Radar,4,29,10,0,43,0,5,16,0,21,4,34,26,0,64,18,0,18,82
09/27/2016,TRI,TN,ASO,ES,Combined TRACON& Tower with Radar,2,35,17,0,54,0,7,14,2,23,2,42,31,2,77,26,0,26,103
09/28/2016,TRI,TN,ASO,ES,Combined TRACON& Tower with Radar,2,28,32,0,62,0,5,31,0,36,2,33,63,0,98,32,0,32,130
09/29/2016,TRI,TN,ASO,ES,Combined TRACON& Tower with Radar,4,33,15,0,52,0,0,22,0,22,4,33,37,0,74,10,0,10,84
09/30/2016,TRI,TN,ASO,ES,Combined TRACON& Tower with Radar,4,32,18,0,54,0,4,12,0,16,4,36,30,0,70,8,0,8,78
10/01/2016,TRI,TN,ASO,ES,Combined TRACON& Tower with Radar,5,15,15,0,35,0,4,25,0,29,5,19,40,0,64,36,0,36,100
10/02/2016,TRI,TN,ASO,ES,Combined TRACON& Tower with Radar,7,14,14,0,35,0,4,25,0,29,7,18,39,0,64,58,0,58,122
10/03/2016,TRI,TN,ASO,ES,Combined TRACON& Tower with Radar,6,28,22,19,75,0,2,32,0,34,6,30,54,19,109,110,26,136,245
10/04/2016,TRI,TN,ASO,ES,Combined TRACON& Tower with Radar,6,22,24,1,53,0,4,28,0,32,6,26,52,1,85,87,0,87,172
10/05/2016,TRI,TN,ASO,ES,Combined TRACON& Tower with Radar,6,32,29,0,67,0,4,28,2,34,6,36,57,2,101,58,0,58,159
10/06/2016,TRI,TN,ASO,ES,Combined TRACON& Tower with Radar,4,27,28,4,63,0,0,73,3,76,4,27,101,7,139,104,0,104,243
10/07/2016,TRI,TN,ASO,ES,Combined TRACON& Tower with Radar,6,19,26,1,52,0,4,20,0,24,6,23,46,1,76,26,0,26,102
10/08/2016,TRI,TN,ASO,ES,Combined TRACON& Tower with Radar,5,15,6,0,26,0,2,0,0,2,5,17,6,0,28,0,0,0,28
10/09/2016,TRI,TN,ASO,ES,Combined TRACON& Tower with Radar,7,25,16,0,48,0,4,40,0,44,7,29,56,0,92,82,0,82,174
10/10/2016,TRI,TN,ASO,ES,Combined TRACON& Tower with Radar,6,23,6,0,35,0,2,33,0,35,6,25,39,0,70,32,0,32,102
10/11/2016,TRI,TN,ASO,ES,Combined TRACON& Tower with Radar,8,27,27,0,62,0,0,26,0,26,8,27,53,0,88,34,0,34,122
10/12/2016,TRI,TN,ASO,ES,Combined TRACON& Tower with Radar,4,27,23,15,69,0,3,32,0,35,4,30,55,15,104,42,14,56,160
10/13/2016,TRI,TN,ASO,ES,Combined TRACON& Tower with Radar,6,34,27,57,124,0,4,25,0,29,6,38,52,57,153,10,52,62,215
10/14/2016,TRI,TN,ASO,ES,Combined TRACON& Tower with Radar,6,35,17,22,80,0,3,27,0,30,6,38,44,22,110,10,56,66,176
10/15/2016,TRI,TN,ASO,ES,Combined TRACON& Tower with Radar,4,19,8,0,31,0,4,31,1,36,4,23,39,1,67,76,0,76,143
10/16/2016,TRI,TN,ASO,ES,Combined TRACON& Tower with Radar,6,19,17,0,42,0,0,42,2,44,6,19,59,2,86,96,0,96,182
10/17/2016,TRI,TN,ASO,ES,Combined TRACON& Tower with Radar,6,29,26,4,65,0,0,28,0,28,6,29,54,4,93,88,2,90,183
10/18/2016,TRI,TN,ASO,ES,Combined TRACON& Tower with Radar,6,23,21,32,82,0,2,28,1,31,6,25,49,33,113,72,40,112,225
10/19/2016,TRI,TN,ASO,ES,Combined TRACON& Tower with Radar,4,30,30,18,82,0,0,15,1,16,4,30,45,19,98,32,22,54,152
10/20/2016,TRI,TN,ASO,ES,Combined TRACON& Tower with Radar,6,23,26,16,71,0,0,17,0,17,6,23,43,16,88,48,18,66,154
10/21/2016,TRI,TN,ASO,ES,Combined TRACON& Tower with Radar,6,28,13,10,57,0,0,6,0,6,6,28,19,10,63,2,10,12,75
10/22/2016,TRI,TN,ASO,ES,Combined TRACON& Tower with Radar,5,23,9,0,37,0,5,22,0,27,5,28,31,0,64,48,0,48,112
10/23/2016,TRI,TN,ASO,ES,Combined TRACON& Tower with Radar,7,19,21,0,47,0,0,28,0,28,7,19,49,0,75,28,0,28,103
10/24/2016,TRI,TN,ASO,ES,Combined TRACON& Tower with Radar,6,19,27,0,52,0,6,30,0,36,6,25,57,0,88,76,0,76,164
10/25/2016,TRI,TN,ASO,ES,Combined TRACON& Tower with Radar,4,22,23,19,68,0,2,31,0,33,4,24,54,19,101,78,18,96,197
10/26/2016,TRI,TN,ASO,ES,Combined TRACON& Tower with Radar,4,24,17,1,46,0,4,30,12,46,4,28,47,13,92,32,6,38,130
10/27/2016,TRI,TN,ASO,ES,Combined TRACON& Tower with Radar,6,35,35,10,86,0,5,26,0,31,6,40,61,10,117,32,14,46,163
10/28/2016,TRI,TN,ASO,ES,Combined TRACON& Tower with Radar,6,29,22,0,57,0,6,16,0,22,6,35,38,0,79,26,0,26,105
10/29/2016,TRI,TN,ASO,ES,Combined TRACON& Tower with Radar,5,15,22,4,46,0,4,27,0,31,5,19,49,4,77,78,0,78,155
10/30/2016,TRI,TN,ASO,ES,Combined TRACON& Tower with Radar,5,22,7,0,34,0,2,37,0,39,5,24,44,0,73,49,0,49,122
10/31/2016,TRI,TN,ASO,ES,Combined TRACON& Tower with Radar,6,30,21,0,57,0,0,18,0,18,6,30,39,0,75,28,0,28,103
11/01/2016,TRI,TN,ASO,ES,Combined TRACON& Tower with Radar,6,25,22,17,70,0,1,30,0,31,6,26,52,17,101,18,18,36,137
11/02/2016,TRI,TN,ASO,ES,Combined TRACON& Tower with Radar,6,24,30,0,60,0,2,18,0,20,6,26,48,0,80,28,0,28,108
11/03/2016,TRI,TN,ASO,ES,Combined TRACON& Tower with Radar,6,31,24,4,65,0,6,18,2,26,6,37,42,6,91,36,10,46,137
11/04/2016,TRI,TN,ASO,ES,Combined TRACON& Tower with Radar,6,23,17,0,46,0,2,19,0,21,6,25,36,0,67,10,0,10,77
11/05/2016,TRI,TN,ASO,ES,Combined TRACON& Tower with Radar,8,19,4,0,31,0,5,12,0,17,8,24,16,0,48,4,0,4,52
11/06/2016,TRI,TN,ASO,ES,Combined TRACON& Tower with Radar,4,26,16,0,46,0,4,16,0,20,4,30,32,0,66,12,2,14,80
11/07/2016,TRI,TN,ASO,ES,Combined TRACON& Tower with Radar,4,24,17,6,51,0,2,23,0,25,4,26,40,6,76,33,6,39,115
11/08/2016,TRI,TN,ASO,ES,Combined TRACON& Tower with Radar,2,30,32,0,64,0,2,12,0,14,2,32,44,0,78,8,0,8,86
11/09/2016,TRI,TN,ASO,ES,Combined TRACON& Tower with Radar,2,27,33,14,76,0,0,15,0,15,2,27,48,14,91,30,14,44,135
11/10/2016,TRI,TN,ASO,ES,Combined TRACON& Tower with Radar,10,29,20,0,59,0,4,23,0,27,10,33,43,0,86,18,0,18,104
11/11/2016,TRI,TN,ASO,ES,Combined TRACON& Tower with Radar,4,27,18,0,49,0,2,31,0,33,4,29,49,0,82,14,0,14,96
11/12/2016,TRI,TN,ASO,ES,Combined TRACON& Tower with Radar,2,15,4,0,21,0,0,27,0,27,2,15,31,0,48,32,0,32,80
11/13/2016,TRI,TN,ASO,ES,Combined TRACON& Tower with Radar,4,26,13,0,43,0,6,23,0,29,4,32,36,0,72,34,0,34,106
11/14/2016,TRI,TN,ASO,ES,Combined TRACON& Tower with Radar,4,29,33,0,66,0,4,23,2,29,4,33,56,2,95,46,0,46,141
11/15/2016,TRI,TN,ASO,ES,Combined TRACON& Tower with Radar,2,33,18,0,53,0,4,19,0,23,2,37,37,0,76,54,0,54,130
11/16/2016,TRI,TN,ASO,ES,Combined TRACON& Tower with Radar,2,33,25,0,60,0,0,17,2,19,2,33,42,2,79,25,1,26,105
11/17/2016,TRI,TN,ASO,ES,Combined TRACON& Tower with Radar,4,30,18,10,62,0,0,20,10,30,4,30,38,20,92,12,4,16,108
11/18/2016,TRI,TN,ASO,ES,Combined TRACON& Tower with Radar,4,32,25,1,62,0,2,30,13,45,4,34,55,14,107,46,0,46,153
11/19/2016,TRI,TN,ASO,ES,Combined TRACON& Tower with Radar,2,15,11,4,32,0,6,1,4,11,2,21,12,8,43,2,0,2,45
11/20/2016,TRI,TN,ASO,ES,Combined TRACON& Tower with Radar,4,19,13,15,51,0,0,15,11,26,4,19,28,26,77,14,14,28,105
11/21/2016,TRI,TN,ASO,ES,Combined TRACON& Tower with Radar,4,35,19,21,79,0,0,14,0,14,4,35,33,21,93,20,36,56,149
11/22/2016,TRI,TN,ASO,ES,Combined TRACON& Tower with Radar,2,32,4,7,45,0,2,42,0,44,2,34,46,7,89,61,16,77,166
11/23/2016,TRI,TN,ASO,ES,Combined TRACON& Tower with Radar,6,35,30,2,73,0,4,29,2,35,6,39,59,4,108,66,0,66,174
11/24/2016,TRI,TN,ASO,ES,Combined TRACON& Tower with Radar,2,12,4,0,18,0,2,2,4,8,2,14,6,4,26,4,0,4,30
11/25/2016,TRI,TN,ASO,ES,Combined TRACON& Tower with Radar,2,20,18,1,41,0,2,10,0,12,2,22,28,1,53,22,0,22,75
11/26/2016,TRI,TN,ASO,ES,Combined TRACON& Tower with Radar,6,22,16,0,44,0,0,28,6,34,6,22,44,6,78,48,0,48,126
11/27/2016,TRI,TN,ASO,ES,Combined TRACON& Tower with Radar,4,24,26,0,54,0,2,16,0,18,4,26,42,0,72,24,0,24,96
11/28/2016,TRI,TN,ASO,ES,Combined TRACON& Tower with Radar,3,30,24,3,60,0,1,27,0,28,3,31,51,3,88,83,4,87,175
11/29/2016,TRI,TN,ASO,ES,Combined TRACON& Tower with Radar,5,33,26,0,64,0,4,17,0,21,5,37,43,0,85,98,0,98,183
11/30/2016,TRI,TN,ASO,ES,Combined TRACON& Tower with Radar,10,32,14,4,60,0,1,0,0,1,10,33,14,4,61,0,0,0,61
12/01/2016,TRI,TN,ASO,ES,Combined TRACON& Tower with Radar,6,47,40,15,108,0,3,23,4,30,6,50,63,19,138,136,0,136,274
12/02/2016,TRI,TN,ASO,ES,Combined TRACON& Tower with Radar,6,28,17,4,55,0,2,18,1,21,6,30,35,5,76,26,4,30,106
12/03/2016,TRI,TN,ASO,ES,Combined TRACON& Tower with Radar,2,18,7,0,27,0,10,11,0,21,2,28,18,0,48,138,0,138,186
12/04/2016,TRI,TN,ASO,ES,Combined TRACON& Tower with Radar,6,20,8,0,34,0,0,0,0,0,6,20,8,0,34,154,0,154,188
12/05/2016,TRI,TN,ASO,ES,Combined TRACON& Tower with Radar,6,29,15,1,51,0,2,9,6,17,6,31,24,7,68,26,0,26,94
12/06/2016,TRI,TN,ASO,ES,Combined TRACON& Tower with Radar,6,27,24,21,78,0,1,0,0,1,6,28,24,21,79,0,20,20,99
12/07/2016,TRI,TN,ASO,ES,Combined TRACON& Tower with Radar,4,51,29,5,89,0,14,62,2,78,4,65,91,7,167,138,24,162,329
12/08/2016,TRI,TN,ASO,ES,Combined TRACON& Tower with Radar,6,23,32,0,61,0,8,21,0,29,6,31,53,0,90,76,2,78,168
12/09/2016,TRI,TN,ASO,ES,Combined TRACON& Tower with Radar,6,23,20,42,91,0,3,21,0,24,6,26,41,42,115,36,56,92,207
12/10/2016,TRI,TN,ASO,ES,Combined TRACON& Tower with Radar,2,14,21,0,37,0,8,20,0,28,2,22,41,0,65,32,0,32,97
12/11/2016,TRI,TN,ASO,ES,Combined TRACON& Tower with Radar,6,22,17,0,45,0,4,20,0,24,6,26,37,0,69,12,0,12,81
12/12/2016,TRI,TN,ASO,ES,Combined TRACON& Tower with Radar,6,33,22,1,62,0,2,3,0,5,6,35,25,1,67,0,10,10,77
12/13/2016,TRI,TN,ASO,ES,Combined TRACON& Tower with Radar,4,33,28,14,79,0,0,14,0,14,4,33,42,14,93,22,20,42,135
12/14/2016,TRI,TN,ASO,ES,Combined TRACON& Tower with Radar,4,25,31,6,66,0,0,25,2,27,4,25,56,8,93,40,12,52,145
12/15/2016,TRI,TN,ASO,ES,Combined TRACON& Tower with Radar,6,27,16,0,49,0,4,4,0,8,6,31,20,0,57,16,0,16,73
12/16/2016,TRI,TN,ASO,ES,Combined TRACON& Tower with Radar,6,31,15,2,54,0,0,28,0,28,6,31,43,2,82,22,0,22,104
12/17/2016,TRI,TN,ASO,ES,Combined TRACON& Tower with Radar,4,22,11,0,37,0,0,0,0,0,4,22,11,0,37,0,0,0,37
12/18/2016,TRI,TN,ASO,ES,Combined TRACON& Tower with Radar,5,15,3,0,23,0,1,0,0,1,5,16,3,0,24,2,0,2,26
12/19/2016,TRI,TN,ASO,ES,Combined TRACON& Tower with Radar,4,23,24,14,65,0,6,18,0,24,4,29,42,14,89,22,10,32,121
12/20/2016,TRI,TN,ASO,ES,Combined TRACON& Tower with Radar,4,25,23,0,52,0,4,18,0,22,4,29,41,0,74,16,0,16,90
12/21/2016,TRI,TN,ASO,ES,Combined TRACON& Tower with Radar,5,22,27,0,54,0,2,23,0,25,5,24,50,0,79,77,0,77,156
12/22/2016,TRI,TN,ASO,ES,Combined TRACON& Tower with Radar,6,20,26,1,53,0,0,23,0,23,6,20,49,1,76,6,2,8,84
12/23/2016,TRI,TN,ASO,ES,Combined TRACON& Tower with Radar,6,19,11,0,36,0,0,34,0,34,6,19,45,0,70,48,0,48,118
12/24/2016,TRI,TN,ASO,ES,Combined TRACON& Tower with Radar,4,12,3,0,19,0,0,0,0,0,4,12,3,0,19,0,0,0,19
12/25/2016,TRI,TN,ASO,ES,Combined TRACON& Tower with Radar,4,12,2,0,18,0,0,0,0,0,4,12,2,0,18,0,0,0,18
12/26/2016,TRI,TN,ASO,ES,Combined TRACON& Tower with Radar,6,17,26,0,49,0,4,14,0,18,6,21,40,0,67,8,0,8,75
12/27/2016,TRI,TN,ASO,ES,Combined TRACON& Tower with Radar,6,18,12,0,36,0,0,7,0,7,6,18,19,0,43,8,0,8,51
12/28/2016,TRI,TN,ASO,ES,Combined TRACON& Tower with Radar,6,19,35,0,60,0,2,26,0,28,6,21,61,0,88,24,0,24,112
12/29/2016,TRI,TN,ASO,ES,Combined TRACON& Tower with Radar,6,18,8,0,32,0,0,4,0,4,6,18,12,0,36,10,0,10,46
12/30/2016,TRI,TN,ASO,ES,Combined TRACON& Tower with Radar,6,18,5,0,29,0,0,3,0,3,6,18,8,0,32,2,0,2,34
12/31/2016,TRI,TN,ASO,ES,Combined TRACON& Tower with Radar,4,15,11,0,30,0,0,11,0,11,4,15,22,0,41,16,0,16,57
01/01/2017,TRI,TN,ASO,ES,Combined TRACON& Tower with Radar,9,10,7,0,26,0,0,9,0,9,9,10,16,0,35,28,0,28,63
01/02/2017,TRI,TN,ASO,ES,Combined TRACON& Tower with Radar,9,17,12,0,38,0,2,12,0,14,9,19,24,0,52,31,0,31,83
01/03/2017,TRI,TN,ASO,ES,Combined TRACON& Tower with Radar,13,15,27,0,55,0,0,0,0,0,13,15,27,0,55,0,0,0,55
01/04/2017,TRI,TN,ASO,ES,Combined TRACON& Tower with Radar,10,13,19,0,42,0,0,1,0,1,10,13,20,0,43,0,0,0,43
01/05/2017,TRI,TN,ASO,ES,Combined TRACON& Tower with Radar,10,17,13,2,42,0,1,11,0,12,10,18,24,2,54,8,0,8,62
01/06/2017,TRI,TN,ASO,ES,Combined TRACON& Tower with Radar,7,15,12,0,34,0,2,1,0,3,7,17,13,0,37,0,0,0,37
01/07/2017,TRI,TN,ASO,ES,Combined TRACON& Tower with Radar,3,17,3,0,23,0,0,5,0,5,3,17,8,0,28,0,0,0,28
01/08/2017,TRI,TN,ASO,ES,Combined TRACON& Tower with Radar,5,15,5,0,25,0,0,8,0,8,5,15,13,0,33,6,0,6,39
01/09/2017,TRI,TN,ASO,ES,Combined TRACON& Tower with Radar,6,13,19,16,54,0,3,13,0,16,6,16,32,16,70,34,22,56,126
01/10/2017,TRI,TN,ASO,ES,Combined TRACON& Tower with Radar,6,17,10,0,33,0,1,8,0,9,6,18,18,0,42,4,0,4,46
01/11/2017,TRI,TN,ASO,ES,Combined TRACON& Tower with Radar,6,23,8,0,37,0,2,4,0,6,6,25,12,0,43,2,0,2,45
01/12/2017,TRI,TN,ASO,ES,Combined TRACON& Tower with Radar,6,27,22,20,75,0,0,33,4,37,6,27,55,24,112,44,12,56,168
01/13/2017,TRI,TN,ASO,ES,Combined TRACON& Tower with Radar,6,16,16,0,38,0,0,11,0,11,6,16,27,0,49,38,8,46,95
01/14/2017,TRI,TN,ASO,ES,Combined TRACON& Tower with Radar,7,10,14,0,31,0,0,6,0,6,7,10,20,0,37,24,2,26,63
01/15/2017,TRI,TN,ASO,ES,Combined TRACON& Tower with Radar,5,11,15,0,31,0,0,6,0,6,5,11,21,0,37,86,0,86,123
01/16/2017,TRI,TN,ASO,ES,Combined TRACON& Tower with Radar,6,15,18,0,39,0,4,25,0,29,6,19,43,0,68,74,0,74,142
01/17/2017,TRI,TN,ASO,ES,Combined TRACON& Tower with Radar,6,26,16,0,48,0,0,6,0,6,6,26,22,0,54,16,0,16,70
01/18/2017,TRI,TN,ASO,ES,Combined TRACON& Tower with Radar,6,27,16,47,96,0,2,17,0,19,6,29,33,47,115,10,40,50,165
01/19/2017,TRI,TN,ASO,ES,Combined TRACON& Tower with Radar,8,22,20,24,74,0,2,29,0,31,8,24,49,24,105,50,22,72,177
01/20/2017,TRI,TN,ASO,ES,Combined TRACON& Tower with Radar,6,24,16,0,46,0,1,7,0,8,6,25,23,0,54,8,0,8,62
01/21/2017,TRI,TN,ASO,ES,Combined TRACON& Tower with Radar,6,15,23,0,44,0,4,31,0,35,6,19,54,0,79,32,0,32,111
01/22/2017,TRI,TN,ASO,ES,Combined TRACON& Tower with Radar,9,16,6,0,31,0,1,5,0,6,9,17,11,0,37,28,0,28,65
01/23/2017,TRI,TN,ASO,ES,Combined TRACON& Tower with Radar,5,18,18,0,41,0,0,0,0,0,5,18,18,0,41,10,0,10,51
01/24/2017,TRI,TN,ASO,ES,Combined TRACON& Tower with Radar,6,22,11,3,42,0,3,6,0,9,6,25,17,3,51,20,8,28,79
01/25/2017,TRI,TN,ASO,ES,Combined TRACON& Tower with Radar,6,27,20,14,67,0,0,32,0,32,6,27,52,14,99,12,12,24,123
01/26/2017,TRI,TN,ASO,ES,Combined TRACON& Tower with Radar,8,24,13,14,59,0,0,12,2,14,8,24,25,16,73,14,14,28,101
01/27/2017,TRI,TN,ASO,ES,Combined TRACON& Tower with Radar,6,24,14,2,46,0,0,0,0,0,6,24,14,2,46,4,0,4,50
01/28/2017,TRI,TN,ASO,ES,Combined TRACON& Tower with Radar,6,11,7,0,24,0,2,21,0,23,6,13,28,0,47,22,4,26,73
01/29/2017,TRI,TN,ASO,ES,Combined TRACON& Tower with Radar,8,13,5,1,27,0,1,0,3,4,8,14,5,4,31,2,0,2,33
01/30/2017,TRI,TN,ASO,ES,Combined TRACON& Tower with Radar,6,18,22,0,46,0,7,11,0,18,6,25,33,0,64,6,0,6,70
01/31/2017,TRI,TN,ASO,ES,Combined TRACON& Tower with Radar,6,18,26,1,51,0,4,24,2,30,6,22,50,3,81,40,4,44,125
02/01/2017,TRI,TN,ASO,ES,Combined TRACON& Tower with Radar,6,23,24,0,53,0,4,23,0,27,6,27,47,0,80,24,0,24,104
02/02/2017,TRI,TN,ASO,ES,Combined TRACON& Tower with Radar,8,30,22,1,61,0,2,27,0,29,8,32,49,1,90,22,28,50,140
02/03/2017,TRI,TN,ASO,ES,Combined TRACON& Tower with Radar,6,32,21,7,66,0,4,17,0,21,6,36,38,7,87,10,18,28,115
02/04/2017,TRI,TN,ASO,ES,Combined TRACON& Tower with Radar,7,10,14,0,31,0,0,43,0,43,7,10,57,0,74,80,0,80,154
02/05/2017,TRI,TN,ASO,ES,Combined TRACON& Tower with Radar,5,11,4,0,20,0,4,7,0,11,5,15,11,0,31,14,0,14,45
02/06/2017,TRI,TN,ASO,ES,Combined TRACON& Tower with Radar,6,21,17,6,50,0,5,19,0,24,6,26,36,6,74,11,0,11,85
02/07/2017,TRI,TN,ASO,ES,Combined TRACON& Tower with Radar,8,17,12,4,41,0,8,3,0,11,8,25,15,4,52,6,2,8,60
02/08/2017,TRI,TN,ASO,ES,Combined TRACON& Tower with Radar,8,23,7,12,50,0,1,3,0,4,8,24,10,12,54,6,13,19,73
02/09/2017,TRI,TN,ASO,ES,Combined TRACON& Tower with Radar,8,19,29,6,62,0,3,15,0,18,8,22,44,6,80,12,0,12,92
02/10/2017,TRI,TN,ASO,ES,Combined TRACON& Tower with Radar,6,19,31,0,56,0,2,22,0,24,6,21,53,0,80,28,0,28,108
02/11/2017,TRI,TN,ASO,ES,Combined TRACON& Tower with Radar,3,14,9,0,26,0,0,9,0,9,3,14,18,0,35,11,6,17,52
02/12/2017,TRI,TN,ASO,ES,Combined TRACON& Tower with Radar,7,13,10,6,36,0,8,4,0,12,7,21,14,6,48,12,16,28,76
02/13/2017,TRI,TN,ASO,ES,Combined TRACON& Tower with Radar,6,15,26,0,47,0,14,33,0,47,6,29,59,0,94,70,0,70,164
02/14/2017,TRI,TN,ASO,ES,Combined TRACON& Tower with Radar,6,30,19,43,98,0,6,12,0,18,6,36,31,43,116,43,68,111,227
02/15/2017,TRI,TN,ASO,ES,Combined TRACON& Tower with Radar,4,30,13,7,54,0,1,6,1,8,4,31,19,8,62,10,8,18,80
02/16/2017,TRI,TN,ASO,ES,Combined TRACON& Tower with Radar,9,23,33,4,69,0,7,15,2,24,9,30,48,6,93,52,0,52,145
02/17/2017,TRI,TN,ASO,ES,Combined TRACON& Tower with Radar,5,21,14,0,40,0,2,19,0,21,5,23,33,0,61,34,0,34,95
02/18/2017,TRI,TN,ASO,ES,Combined TRACON& Tower with Radar,3,12,6,5,26,0,0,21,3,24,3,12,27,8,50,10,0,10,60
02/19/2017,TRI,TN,ASO,ES,Combined TRACON& Tower with Radar,7,12,11,0,30,0,0,6,0,6,7,12,17,0,36,8,0,8,44
02/20/2017,TRI,TN,ASO,ES,Combined TRACON& Tower with Radar,5,19,17,0,41,0,0,23,0,23,5,19,40,0,64,64,0,64,128
02/21/2017,TRI,TN,ASO,ES,Combined TRACON& Tower with Radar,6,20,25,24,75,0,2,23,0,25,6,22,48,24,100,47,34,81,181
02/22/2017,TRI,TN,ASO,ES,Combined TRACON& Tower with Radar,6,20,29,4,59,0,0,0,0,0,6,20,29,4,59,9,0,9,68
02/23/2017,TRI,TN,ASO,ES,Combined TRACON& Tower with Radar,8,17,30,11,66,0,6,26,0,32,8,23,56,11,98,24,12,36,134
02/24/2017,TRI,TN,ASO,ES,Combined TRACON& Tower with Radar,6,15,31,30,82,0,4,21,0,25,6,19,52,30,107,22,26,48,155
02/25/2017,TRI,TN,ASO,ES,Combined TRACON& Tower with Radar,6,10,12,0,28,0,3,5,0,8,6,13,17,0,36,14,0,14,50
02/26/2017,TRI,TN,ASO,ES,Combined TRACON& Tower with Radar,8,16,14,0,38,0,2,28,0,30,8,18,42,0,68,46,0,46,114
02/27/2017,TRI,TN,ASO,ES,Combined TRACON& Tower with Radar,6,17,17,0,40,0,2,24,0,26,6,19,41,0,66,34,0,34,100
02/28/2017,TRI,TN,ASO,ES,Combined TRACON& Tower with Radar,6,17,16,0,39,0,1,10,0,11,6,18,26,0,50,8,0,8,58
03/01/2017,TRI,TN,ASO,ES,Combined TRACON& Tower with Radar,6,18,10,0,34,0,3,1,0,4,6,21,11,0,38,0,0,0,38
03/02/2017,TRI,TN,ASO,ES,Combined TRACON& Tower with Radar,6,25,30,0,61,0,2,20,0,22,6,27,50,0,83,18,0,18,101
03/03/2017,TRI,TN,ASO,ES,Combined TRACON& Tower with Radar,6,19,12,12,49,0,2,9,0,11,6,21,21,12,60,6,18,24,84
03/04/2017,TRI,TN,ASO,ES,Combined TRACON& Tower with Radar,6,13,7,0,26,0,2,24,0,26,6,15,31,0,52,30,8,38,90
03/05/2017,TRI,TN,ASO,ES,Combined TRACON& Tower with Radar,5,16,20,0,41,0,2,43,0,45,5,18,63,0,86,86,0,86,172
03/06/2017,TRI,TN,ASO,ES,Combined TRACON& Tower with Radar,2,21,25,0,48,0,2,16,0,18,2,23,41,0,66,42,0,42,108
03/07/2017,TRI,TN,ASO,ES,Combined TRACON& Tower with Radar,4,22,26,0,52,0,4,5,0,9,4,26,31,0,61,6,0,6,67
03/08/2017,TRI,TN,ASO,ES,Combined TRACON& Tower with Radar,2,25,20,0,47,0,3,15,0,18,2,28,35,0,65,16,0,16,81
03/09/2017,TRI,TN,ASO,ES,Combined TRACON& Tower with Radar,4,30,18,2,54,0,2,42,0,44,4,32,60,2,98,36,0,36,134
03/10/2017,TRI,TN,ASO,ES,Combined TRACON& Tower with Radar,6,27,14,0,47,0,1,6,0,7,6,28,20,0,54,10,0,10,64
03/11/2017,TRI,TN,ASO,ES,Combined TRACON& Tower with Radar,1,15,8,0,24,0,0,38,0,38,1,15,46,0,62,72,0,72,134
03/12/2017,TRI,TN,ASO,ES,Combined TRACON& Tower with Radar,3,19,10,0,32,0,0,26,0,26,3,19,36,0,58,32,0,32,90
03/13/2017,TRI,TN,ASO,ES,Combined TRACON& Tower with Radar,5,26,21,26,78,0,0,21,0,21,5,26,42,26,99,50,28,78,177
03/14/2017,TRI,TN,ASO,ES,Combined TRACON& Tower with Radar,7,20,23,0,50,0,2,1,0,3,7,22,24,0,53,0,0,0,53
03/15/2017,TRI,TN,ASO,ES,Combined TRACON& Tower with Radar,2,31,21,0,54,0,3,7,0,10,2,34,28,0,64,14,0,14,78
03/16/2017,TRI,TN,ASO,ES,Combined TRACON& Tower with Radar,4,30,27,0,61,0,1,23,3,27,4,31,50,3,88,11,0,11,99
03/17/2017,TRI,TN,ASO,ES,Combined TRACON& Tower with Radar,4,31,1,0,36,0,1,17,0,18,4,32,18,0,54,36,0,36,90
03/18/2017,TRI,TN,ASO,ES,Combined TRACON& Tower with Radar,1,16,13,0,30,0,1,9,2,12,1,17,22,2,42,16,0,16,58
03/19/2017,TRI,TN,ASO,ES,Combined TRACON& Tower with Radar,3,20,28,0,51,0,2,34,3,39,3,22,62,3,90,56,0,56,146
03/20/2017,TRI,TN,ASO,ES,Combined TRACON& Tower with Radar,2,25,22,10,59,0,2,30,0,32,2,27,52,10,91,52,14,66,157
03/21/2017,TRI,TN,ASO,ES,Combined TRACON& Tower with Radar,2,26,18,4,50,0,4,12,1,17,2,30,30,5,67,26,0,26,93
03/22/2017,TRI,TN,ASO,ES,Combined TRACON& Tower with Radar,2,26,19,0,47,0,4,33,0,37,2,30,52,0,84,32,0,32,116
03/23/2017,TRI,TN,ASO,ES,Combined TRACON& Tower with Radar,4,30,17,0,51,0,2,58,0,60,4,32,75,0,111,58,0,58,169
03/24/2017,TRI,TN,ASO,ES,Combined TRACON& Tower with Radar,2,26,27,4,59,0,0,20,4,24,2,26,47,8,83,46,4,50,133
03/25/2017,TRI,TN,ASO,ES,Combined TRACON& Tower with Radar,1,15,14,0,30,0,3,42,0,45,1,18,56,0,75,46,0,46,121
03/26/2017,TRI,TN,ASO,ES,Combined TRACON& Tower with Radar,3,21,3,0,27,0,0,2,0,2,3,21,5,0,29,12,0,12,41
03/27/2017,TRI,TN,ASO,ES,Combined TRACON& Tower with Radar,2,25,22,8,57,0,2,45,0,47,2,27,67,8,104,96,0,96,200
03/28/2017,TRI,TN,ASO,ES,Combined TRACON& Tower with Radar,2,41,16,4,63,0,6,22,1,29,2,47,38,5,92,36,0,36,128
03/29/2017,TRI,TN,ASO,ES,Combined TRACON& Tower with Radar,2,25,20,1,48,0,5,39,0,44,2,30,59,1,92,48,0,48,140
03/30/2017,TRI,TN,ASO,ES,Combined TRACON& Tower with Radar,4,25,27,20,76,0,6,20,0,26,4,31,47,20,102,18,18,36,138
03/31/2017,TRI,TN,ASO,ES,Combined TRACON& Tower with Radar,3,22,16,0,41,0,0,2,0,2,3,22,18,0,43,0,0,0,43
04/01/2017,TRI,TN,ASO,ES,Combined TRACON& Tower with Radar,3,18,11,2,34,0,3,14,1,18,3,21,25,3,52,30,0,30,82
04/02/2017,TRI,TN,ASO,ES,Combined TRACON& Tower with Radar,4,25,16,0,45,0,0,35,0,35,4,25,51,0,80,40,0,40,120
04/03/2017,TRI,TN,ASO,ES,Combined TRACON& Tower with Radar,6,17,11,0,34,0,4,13,0,17,6,21,24,0,51,30,0,30,81
04/04/2017,TRI,TN,ASO,ES,Combined TRACON& Tower with Radar,2,31,23,0,56,0,2,31,0,33,2,33,54,0,89,38,0,38,127
04/05/2017,TRI,TN,ASO,ES,Combined TRACON& Tower with Radar,3,22,18,0,43,0,1,16,0,17,3,23,34,0,60,32,0,32,92
04/06/2017,TRI,TN,ASO,ES,Combined TRACON& Tower with Radar,5,24,12,0,41,0,1,0,0,1,5,25,12,0,42,0,0,0,42
04/07/2017,TRI,TN,ASO,ES,Combined TRACON& Tower with Radar,2,22,14,0,38,0,0,3,0,3,2,22,17,0,41,0,0,0,41
04/08/2017,TRI,TN,ASO,ES,Combined TRACON& Tower with Radar,2,18,22,0,42,0,2,42,0,44,2,20,64,0,86,54,0,54,140
04/09/2017,TRI,TN,ASO,ES,Combined TRACON& Tower with Radar,4,21,13,0,38,0,2,56,0,58,4,23,69,0,96,56,1,57,153
04/10/2017,TRI,TN,ASO,ES,Combined TRACON& Tower with Radar,2,37,10,7,56,0,1,41,0,42,2,38,51,7,98,80,10,90,188
04/11/2017,TRI,TN,ASO,ES,Combined TRACON& Tower with Radar,2,30,12,0,44,0,5,44,0,49,2,35,56,0,93,92,2,94,187
04/12/2017,TRI,TN,ASO,ES,Combined TRACON& Tower with Radar,1,29,26,16,72,0,3,28,2,33,1,32,54,18,105,36,20,56,161
04/13/2017,TRI,TN,ASO,ES,Combined TRACON& Tower with Radar,4,35,28,0,67,0,3,27,0,30,4,38,55,0,97,29,0,29,126
04/14/2017,TRI,TN,ASO,ES,Combined TRACON& Tower with Radar,2,25,21,0,48,0,3,36,0,39,2,28,57,0,87,54,0,54,141
04/15/2017,TRI,TN,ASO,ES,Combined TRACON& Tower with Radar,2,16,13,0,31,0,4,21,0,25,2,20,34,0,56,14,0,14,70
04/16/2017,TRI,TN,ASO,ES,Combined TRACON& Tower with Radar,4,19,7,0,30,0,0,17,0,17,4,19,24,0,47,20,0,20,67
04/17/2017,TRI,TN,ASO,ES,Combined TRACON& Tower with Radar,2,26,18,0,46,0,0,11,0,11,2,26,29,0,57,32,0,32,89
04/18/2017,TRI,TN,ASO,ES,Combined TRACON& Tower with Radar,2,39,13,0,54,0,9,1,0,10,2,48,14,0,64,0,4,4,68
04/19/2017,TRI,TN,ASO,ES,Combined TRACON& Tower with Radar,2,24,22,0,48,0,2,17,0,19,2,26,39,0,67,6,0,6,73
04/20/2017,TRI,TN,ASO,ES,Combined TRACON& Tower with Radar,6,33,51,0,90,0,2,27,0,29,6,35,78,0,119,28,0,28,147
04/21/2017,TRI,TN,ASO,ES,Combined TRACON& Tower with Radar,3,26,53,2,84,0,1,8,1,10,3,27,61,3,94,8,0,8,102
04/22/2017,TRI,TN,ASO,ES,Combined TRACON& Tower with Radar,2,21,36,0,59,0,2,22,0,24,2,23,58,0,83,16,0,16,99
04/23/2017,TRI,TN,ASO,ES,Combined TRACON& Tower with Radar,8,17,25,0,50,0,0,1,2,3,8,17,26,2,53,2,0,2,55
04/24/2017,TRI,TN,ASO,ES,Combined TRACON& Tower with Radar,8,35,60,1,104,0,4,9,5,18,8,39,69,6,122,36,12,48,170
04/25/2017,TRI,TN,ASO,ES,Combined TRACON& Tower with Radar,2,31,28,1,62,0,1,21,0,22,2,32,49,1,84,36,0,36,120
04/26/2017,TRI,TN,ASO,ES,Combined TRACON& Tower with Radar,2,35,33,16,86,0,4,28,0,32,2,39,61,16,118,34,16,50,168
04/27/2017,TRI,TN,ASO,ES,Combined TRACON& Tower with Radar,4,37,16,0,57,0,2,2,0,4,4,39,18,0,61,2,0,2,63
04/28/2017,TRI,TN,ASO,ES,Combined TRACON& Tower with Radar,4,32,24,1,61,0,4,25,1,30,4,36,49,2,91,16,2,18,109
04/29/2017,TRI,TN,ASO,ES,Combined TRACON& Tower with Radar,2,24,19,0,45,0,2,21,0,23,2,26,40,0,68,8,0,8,76
04/30/2017,TRI,TN,ASO,ES,Combined TRACON& Tower with Radar,4,18,7,0,29,0,2,12,0,14,4,20,19,0,43,4,0,4,47
05/01/2017,TRI,TN,ASO,ES,Combined TRACON& Tower with Radar,4,33,12,2,51,0,0,5,0,5,4,33,17,2,56,2,0,2,58
05/02/2017,TRI,TN,ASO,ES,Combined TRACON& Tower with Radar,2,37,24,0,63,0,0,17,10,27,2,37,41,10,90,22,0,22,112
05/03/2017,TRI,TN,ASO,ES,Combined TRACON& Tower with Radar,2,25,23,0,50,0,0,34,0,34,2,25,57,0,84,43,0,43,127
05/04/2017,TRI,TN,ASO,ES,Combined TRACON& Tower with Radar,6,28,21,0,55,0,0,8,0,8,6,28,29,0,63,2,0,2,65
05/05/2017,TRI,TN,ASO,ES,Combined TRACON& Tower with Radar,2,26,23,0,51,0,0,9,0,9,2,26,32,0,60,36,0,36,96
05/06/2017,TRI,TN,ASO,ES,Combined TRACON& Tower with Radar,1,18,10,0,29,0,0,5,0,5,1,18,15,0,34,0,0,0,34
05/07/2017,TRI,TN,ASO,ES,Combined TRACON& Tower with Radar,3,20,11,4,38,0,0,18,0,18,3,20,29,4,56,7,0,7,63
05/08/2017,TRI,TN,ASO,ES,Combined TRACON& Tower with Radar,2,27,30,0,59,0,6,31,0,37,2,33,61,0,96,10,0,10,106
05/09/2017,TRI,TN,ASO,ES,Combined TRACON& Tower with Radar,2,33,11,9,55,0,0,19,1,20,2,33,30,10,75,2,8,10,85
05/10/2017,TRI,TN,ASO,ES,Combined TRACON& Tower with Radar,2,47,16,13,78,0,4,34,0,38,2,51,50,13,116,16,18,34,150
05/11/2017,TRI,TN,ASO,ES,Combined TRACON& Tower with Radar,4,42,39,2,87,0,3,7,2,12,4,45,46,4,99,18,0,18,117
05/12/2017,TRI,TN,ASO,ES,Combined TRACON& Tower with Radar,2,35,16,2,55,0,2,1,0,3,2,37,17,2,58,2,0,2,60
05/13/2017,TRI,TN,ASO,ES,Combined TRACON& Tower with Radar,1,15,27,0,43,0,3,14,0,17,1,18,41,0,60,54,0,54,114
05/14/2017,TRI,TN,ASO,ES,Combined TRACON& Tower with Radar,3,18,17,0,38,0,0,10,0,10,3,18,27,0,48,20,0,20,68
05/15/2017,TRI,TN,ASO,ES,Combined TRACON& Tower with Radar,2,30,12,4,48,0,2,27,0,29,2,32,39,4,77,32,6,38,115
05/16/2017,TRI,TN,ASO,ES,Combined TRACON& Tower with Radar,2,36,27,0,65,0,0,37,0,37,2,36,64,0,102,10,0,10,112
05/17/2017,TRI,TN,ASO,ES,Combined TRACON& Tower with Radar,2,37,29,0,68,0,4,27,1,32,2,41,56,1,100,26,0,26,126
05/18/2017,TRI,TN,ASO,ES,Combined TRACON& Tower with Radar,4,30,27,0,61,0,0,24,0,24,4,30,51,0,85,46,0,46,131
05/19/2017,TRI,TN,ASO,ES,Combined TRACON& Tower with Radar,4,29,15,8,56,0,3,13,0,16,4,32,28,8,72,18,8,26,98
05/20/2017,TRI,TN,ASO,ES,Combined TRACON& Tower with Radar,1,20,9,18,48,0,0,18,0,18,1,20,27,18,66,40,20,60,126
05/21/2017,TRI,TN,ASO,ES,Combined TRACON& Tower with Radar,3,23,11,0,37,0,4,2,0,6,3,27,13,0,43,0,0,0,43
05/22/2017,TRI,TN,ASO,ES,Combined TRACON& Tower with Radar,4,35,15,0,54,0,2,13,4,19,4,37,28,4,73,6,0,6,79
05/23/2017,TRI,TN,ASO,ES,Combined TRACON& Tower with Radar,2,29,23,0,54,0,1,7,0,8,2,30,30,0,62,4,0,4,66
05/24/2017,TRI,TN,ASO,ES,Combined TRACON& Tower with Radar,6,26,29,0,61,0,6,4,0,10,6,32,33,0,71,6,0,6,77
05/25/2017,TRI,TN,ASO,ES,Combined TRACON& Tower with Radar,4,34,21,1,60,0,0,4,3,7,4,34,25,4,67,0,0,0,67
05/26/2017,TRI,TN,ASO,ES,Combined TRACON& Tower with Radar,4,28,23,0,55,0,0,24,1,25,4,28,47,1,80,28,0,28,108
05/27/2017,TRI,TN,ASO,ES,Combined TRACON& Tower with Radar,1,19,19,0,39,0,2,28,0,30,1,21,47,0,69,50,0,50,119
05/28/2017,TRI,TN,ASO,ES,Combined TRACON& Tower with Radar,3,18,5,0,26,0,4,4,0,8,3,22,9,0,34,0,0,0,34
05/29/2017,TRI,TN,ASO,ES,Combined TRACON& Tower with Radar,4,26,11,0,41,0,6,12,0,18,4,32,23,0,59,4,0,4,63
05/30/2017,TRI,TN,ASO,ES,Combined TRACON& Tower with Radar,2,38,22,8,70,0,4,10,0,14,2,42,32,8,84,8,12,20,104
05/31/2017,TRI,TN,ASO,ES,Combined TRACON& Tower with Radar,2,41,21,12,76,0,0,7,0,7,2,41,28,12,83,12,12,24,107
06/01/2017,TRI,TN,ASO,ES,Combined TRACON& Tower with Radar,4,31,18,0,53,0,0,30,0,30,4,31,48,0,83,34,0,34,117
06/02/2017,TRI,TN,ASO,ES,Combined TRACON& Tower with Radar,3,30,15,2,50,0,4,15,0,19,3,34,30,2,69,20,2,22,91
06/03/2017,TRI,TN,ASO,ES,Combined TRACON& Tower with Radar,1,19,12,0,32,0,6,17,0,23,1,25,29,0,55,30,0,30,85
06/04/2017,TRI,TN,ASO,ES,Combined TRACON& Tower with Radar,11,23,26,0,60,0,0,13,0,13,11,23,39,0,73,6,0,6,79
06/05/2017,TRI,TN,ASO,ES,Combined TRACON& Tower with Radar,4,30,17,2,53,0,2,3,0,5,4,32,20,2,58,6,0,6,64
06/06/2017,TRI,TN,ASO,ES,Combined TRACON& Tower with Radar,4,32,24,0,60,0,4,4,2,10,4,36,28,2,70,4,1,5,75
06/07/2017,TRI,TN,ASO,ES,Combined TRACON& Tower with Radar,2,32,32,2,68,0,2,21,4,27,2,34,53,6,95,22,0,22,117
06/08/2017,TRI,TN,ASO,ES,Combined TRACON& Tower with Radar,4,31,33,0,68,0,2,11,2,15,4,33,44,2,83,4,0,4,87
06/09/2017,TRI,TN,ASO,ES,Combined TRACON& Tower with Radar,19,27,19,1,66,0,2,17,0,19,19,29,36,1,85,18,14,32,117
06/10/2017,TRI,TN,ASO,ES,Combined TRACON& Tower with Radar,1,28,17,0,46,0,4,17,0,21,1,32,34,0,67,4,0,4,71
06/11/2017,TRI,TN,ASO,ES,Combined TRACON& Tower with Radar,3,26,21,0,50,0,2,26,0,28,3,28,47,0,78,42,0,42,120
06/12/2017,TRI,TN,ASO,ES,Combined TRACON& Tower with Radar,4,54,25,31,114,0,1,11,0,12,4,55,36,31,126,14,56,70,196
06/13/2017,TRI,TN,ASO,ES,Combined TRACON& Tower with Radar,2,34,13,0,49,0,2,8,0,10,2,36,21,0,59,25,0,25,84
06/14/2017,TRI,TN,ASO,ES,Combined TRACON& Tower with Radar,2,40,22,20,84,0,0,8,0,8,2,40,30,20,92,10,22,32,124
06/15/2017,TRI,TN,ASO,ES,Combined TRACON& Tower with Radar,4,37,33,0,74,0,2,9,0,11,4,39,42,0,85,12,0,12,97
06/16/2017,TRI,TN,ASO,ES,Combined TRACON& Tower with Radar,4,40,40,0,84,0,2,22,2,26,4,42,62,2,110,20,0,20,130
06/17/2017,TRI,TN,ASO,ES,Combined TRACON& Tower with Radar,2,22,21,0,45,0,2,20,2,24,2,24,41,2,69,50,0,50,119
06/18/2017,TRI,TN,ASO,ES,Combined TRACON& Tower with Radar,4,27,21,0,52,0,3,19,1,23,4,30,40,1,75,16,0,16,91
06/19/2017,TRI,TN,ASO,ES,Combined TRACON& Tower with Radar,4,28,16,0,48,0,4,2,0,6,4,32,18,0,54,6,0,6,60
06/20/2017,TRI,TN,ASO,ES,Combined TRACON& Tower with Radar,2,34,30,0,66,0,3,12,0,15,2,37,42,0,81,10,0,10,91
06/21/2017,TRI,TN,ASO,ES,Combined TRACON& Tower with Radar,2,37,20,16,75,0,2,21,0,23,2,39,41,16,98,10,14,24,122
06/22/2017,TRI,TN,ASO,ES,Combined TRACON& Tower with Radar,5,36,24,0,65,0,1,6,0,7,5,37,30,0,72,10,0,10,82
06/23/2017,TRI,TN,ASO,ES,Combined TRACON& Tower with Radar,5,28,13,0,46,0,2,8,0,10,5,30,21,0,56,6,0,6,62
06/24/2017,TRI,TN,ASO,ES,Combined TRACON& Tower with Radar,3,22,17,0,42,0,6,52,0,58,3,28,69,0,100,6,0,6,106
06/25/2017,TRI,TN,ASO,ES,Combined TRACON& Tower with Radar,5,30,15,0,50,0,3,14,0,17,5,33,29,0,67,45,0,45,112
06/26/2017,TRI,TN,ASO,ES,Combined TRACON& Tower with Radar,6,25,22,2,55,0,5,12,0,17,6,30,34,2,72,4,2,6,78
06/27/2017,TRI,TN,ASO,ES,Combined TRACON& Tower with Radar,2,37,21,0,60,0,2,21,0,23,2,39,42,0,83,55,0,55,138
06/28/2017,TRI,TN,ASO,ES,Combined TRACON& Tower with Radar,2,34,19,0,55,0,2,27,0,29,2,36,46,0,84,25,0,25,109
06/29/2017,TRI,TN,ASO,ES,Combined TRACON& Tower with Radar,5,36,32,16,89,0,8,33,0,41,5,44,65,16,130,32,16,48,178
06/30/2017,TRI,TN,ASO,ES,Combined TRACON& Tower with Radar,5,32,36,7,80,0,2,13,2,17,5,34,49,9,97,30,8,38,135
07/01/2017,TRI,TN,ASO,ES,Combined TRACON& Tower with Radar,2,21,14,0,37,0,2,14,0,16,2,23,28,0,53,22,0,22,75
07/02/2017,TRI,TN,ASO,ES,Combined TRACON& Tower with Radar,4,17,13,2,36,0,0,11,0,11,4,17,24,2,47,4,0,4,51
07/03/2017,TRI,TN,ASO,ES,Combined TRACON& Tower with Radar,4,15,17,2,38,0,2,13,0,15,4,17,30,2,53,38,0,38,91
07/04/2017,TRI,TN,ASO,ES,Combined TRACON& Tower with Radar,2,25,12,0,39,0,2,9,0,11,2,27,21,0,50,18,0,18,68
07/05/2017,TRI,TN,ASO,ES,Combined TRACON& Tower with Radar,2,24,22,1,49,0,4,11,1,16,2,28,33,2,65,14,0,14,79
07/06/2017,TRI,TN,ASO,ES,Combined TRACON& Tower with Radar,4,23,18,4,49,0,2,24,2,28,4,25,42,6,77,20,0,20,97
07/07/2017,TRI,TN,ASO,ES,Combined TRACON& Tower with Radar,4,20,37,0,61,0,0,31,0,31,4,20,68,0,92,42,0,42,134
07/08/2017,TRI,TN,ASO,ES,Combined TRACON& Tower with Radar,8,18,24,0,50,0,4,13,0,17,8,22,37,0,67,54,0,54,121
07/09/2017,TRI,TN,ASO,ES,Combined TRACON& Tower with Radar,4,22,12,0,38,0,0,27,2,29,4,22,39,2,67,72,0,72,139
07/10/2017,TRI,TN,ASO,ES,Combined TRACON& Tower with Radar,4,39,28,1,72,0,4,21,1,26,4,43,49,2,98,10,4,14,112
07/11/2017,TRI,TN,ASO,ES,Combined TRACON& Tower with Radar,4,26,26,0,56,0,3,12,3,18,4,29,38,3,74,0,0,0,74
07/12/2017,TRI,TN,ASO,ES,Combined TRACON& Tower with Radar,2,28,33,0,63,0,4,12,0,16,2,32,45,0,79,14,0,14,93
07/13/2017,TRI,TN,ASO,ES,Combined TRACON& Tower with Radar,4,30,24,0,58,0,0,12,6,18,4,30,36,6,76,10,0,10,86
07/14/2017,TRI,TN,ASO,ES,Combined TRACON& Tower with Radar,4,23,12,0,39,0,4,9,0,13,4,27,21,0,52,14,0,14,66
07/15/2017,TRI,TN,ASO,ES,Combined TRACON& Tower with Radar,4,16,15,0,35,0,0,8,0,8,4,16,23,0,43,8,0,8,51
07/16/2017,TRI,TN,ASO,ES,Combined TRACON& Tower with Radar,3,19,12,0,34,0,0,10,2,12,3,19,22,2,46,0,2,2,48
07/17/2017,TRI,TN,ASO,ES,Combined TRACON& Tower with Radar,6,30,20,16,72,0,3,26,0,29,6,33,46,16,101,30,18,48,149
07/18/2017,TRI,TN,ASO,ES,Combined TRACON& Tower with Radar,4,37,40,49,130,0,3,21,0,24,4,40,61,49,154,4,58,62,216
07/19/2017,TRI,TN,ASO,ES,Combined TRACON& Tower with Radar,2,32,24,10,68,0,2,22,0,24,2,34,46,10,92,32,22,54,146
07/20/2017,TRI,TN,ASO,ES,Combined TRACON& Tower with Radar,6,32,29,0,67,0,2,16,0,18,6,34,45,0,85,2,0,2,87
07/21/2017,TRI,TN,ASO,ES,Combined TRACON& Tower with Radar,4,49,21,2,76,0,4,25,0,29,4,53,46,2,105,38,0,38,143
07/22/2017,TRI,TN,ASO,ES,Combined TRACON& Tower with Radar,2,17,12,0,31,0,2,11,0,13,2,19,23,0,44,18,0,18,62
07/23/2017,TRI,TN,ASO,ES,Combined TRACON& Tower with Radar,10,26,15,0,51,0,2,16,0,18,10,28,31,0,69,12,0,12,81
07/24/2017,TRI,TN,ASO,ES,Combined TRACON& Tower with Radar,4,35,20,4,63,0,2,20,0,22,4,37,40,4,85,26,4,30,115
07/25/2017,TRI,TN,ASO,ES,Combined TRACON& Tower with Radar,2,39,18,0,59,0,6,33,0,39,2,45,51,0,98,25,0,25,123
07/26/2017,TRI,TN,ASO,ES,Combined TRACON& Tower with Radar,4,32,17,0,53,0,5,21,0,26,4,37,38,0,79,26,0,26,105
07/27/2017,TRI,TN,ASO,ES,Combined TRACON& Tower with Radar,4,27,33,0,64,0,2,20,0,22,4,29,53,0,86,28,0,28,114
07/28/2017,TRI,TN,ASO,ES,Combined TRACON& Tower with Radar,4,28,13,0,45,0,0,2,0,2,4,28,15,0,47,0,0,0,47
07/29/2017,TRI,TN,ASO,ES,Combined TRACON& Tower with Radar,3,25,16,0,44,0,0,19,0,19,3,25,35,0,63,16,0,16,79
07/30/2017,TRI,TN,ASO,ES,Combined TRACON& Tower with Radar,4,25,21,0,50,0,0,37,0,37,4,25,58,0,87,24,0,24,111
07/31/2017,TRI,TN,ASO,ES,Combined TRACON& Tower with Radar,4,29,17,10,60,0,3,41,0,44,4,32,58,10,104,36,12,48,152
08/01/2017,TRI,TN,ASO,ES,Combined TRACON& Tower with Radar,2,26,17,8,53,0,4,20,0,24,2,30,37,8,77,36,8,44,121
08/02/2017,TRI,TN,ASO,ES,Combined TRACON& Tower with Radar,2,27,27,10,66,0,2,23,0,25,2,29,50,10,91,40,12,52,143
08/03/2017,TRI,TN,ASO,ES,Combined TRACON& Tower with Radar,6,30,34,8,78,0,1,46,0,47,6,31,80,8,125,116,8,124,249
08/04/2017,TRI,TN,ASO,ES,Combined TRACON& Tower with Radar,4,26,22,0,52,0,4,30,0,34,4,30,52,0,86,42,0,42,128
08/05/2017,TRI,TN,ASO,ES,Combined TRACON& Tower with Radar,4,18,12,0,34,0,2,11,0,13,4,20,23,0,47,12,0,12,59
08/06/2017,TRI,TN,ASO,ES,Combined TRACON& Tower with Radar,4,21,7,0,32,0,4,21,0,25,4,25,28,0,57,30,0,30,87
08/07/2017,TRI,TN,ASO,ES,Combined TRACON& Tower with Radar,4,31,18,0,53,0,2,1,0,3,4,33,19,0,56,4,0,4,60
08/08/2017,TRI,TN,ASO,ES,Combined TRACON& Tower with Radar,2,45,21,2,70,0,2,12,0,14,2,47,33,2,84,12,2,14,98
08/09/2017,TRI,TN,ASO,ES,Combined TRACON& Tower with Radar,4,42,34,0,80,0,2,21,0,23,4,44,55,0,103,38,0,38,141
08/10/2017,TRI,TN,ASO,ES,Combined TRACON& Tower with Radar,4,33,25,0,62,0,0,12,0,12,4,33,37,0,74,13,0,13,87
08/11/2017,TRI,TN,ASO,ES,Combined TRACON& Tower with Radar,4,33,21,0,58,0,2,2,0,4,4,35,23,0,62,20,0,20,82
08/12/2017,TRI,TN,ASO,ES,Combined TRACON& Tower with Radar,2,16,18,0,36,0,0,8,0,8,2,16,26,0,44,26,0,26,70
08/13/2017,TRI,TN,ASO,ES,Combined TRACON& Tower with Radar,4,21,17,0,42,0,2,20,0,22,4,23,37,0,64,28,0,28,92
08/14/2017,TRI,TN,ASO,ES,Combined TRACON& Tower with Radar,4,40,16,0,60,0,5,23,0,28,4,45,39,0,88,14,0,14,102
08/15/2017,TRI,TN,ASO,ES,Combined TRACON& Tower with Radar,5,31,24,5,65,0,0,4,1,5,5,31,28,6,70,0,8,8,78
08/16/2017,TRI,TN,ASO,ES,Combined TRACON& Tower with Radar,3,31,42,0,76,0,3,12,2,17,3,34,54,2,93,8,0,8,101
08/17/2017,TRI,TN,ASO,ES,Combined TRACON& Tower with Radar,6,48,72,0,126,0,3,17,1,21,6,51,89,1,147,46,0,46,193
08/18/2017,TRI,TN,ASO,ES,Combined TRACON& Tower with Radar,6,27,84,0,117,0,7,40,0,47,6,34,124,0,164,6,0,6,170
08/19/2017,TRI,TN,ASO,ES,Combined TRACON& Tower with Radar,4,28,94,5,131,0,6,78,2,86,4,34,172,7,217,10,4,14,231
08/20/2017,TRI,TN,ASO,ES,Combined TRACON& Tower with Radar,12,14,42,0,68,0,3,31,1,35,12,17,73,1,103,32,0,32,135
08/21/2017,TRI,TN,ASO,ES,Combined TRACON& Tower with Radar,5,19,24,0,48,0,6,28,0,34,5,25,52,0,82,10,0,10,92
08/22/2017,TRI,TN,ASO,ES,Combined TRACON& Tower with Radar,2,26,44,8,80,0,3,23,0,26,2,29,67,8,106,10,8,18,124
08/23/2017,TRI,TN,ASO,ES,Combined TRACON& Tower with Radar,3,35,34,10,82,0,3,23,0,26,3,38,57,10,108,10,10,20,128
08/24/2017,TRI,TN,ASO,ES,Combined TRACON& Tower with Radar,6,31,37,0,74,0,0,53,0,53,6,31,90,0,127,47,0,47,174
08/25/2017,TRI,TN,ASO,ES,Combined TRACON& Tower with Radar,6,25,26,0,57,0,3,27,0,30,6,28,53,0,87,8,0,8,95
08/26/2017,TRI,TN,ASO,ES,Combined TRACON& Tower with Radar,5,12,7,0,24,0,0,13,0,13,5,12,20,0,37,26,0,26,63
08/27/2017,TRI,TN,ASO,ES,Combined TRACON& Tower with Radar,4,21,24,0,49,0,2,23,0,25,4,23,47,0,74,6,0,6,80
08/28/2017,TRI,TN,ASO,ES,Combined TRACON& Tower with Radar,6,26,17,0,49,0,2,40,0,42,6,28,57,0,91,34,0,34,125
08/29/2017,TRI,TN,ASO,ES,Combined TRACON& Tower with Radar,4,29,25,44,102,0,2,24,0,26,4,31,49,44,128,76,44,120,248
08/30/2017,TRI,TN,ASO,ES,Combined TRACON& Tower with Radar,4,19,23,2,48,0,5,5,0,10,4,24,28,2,58,34,2,36,94
08/31/2017,TRI,TN,ASO,ES,Combined TRACON& Tower with Radar,6,27,13,0,46,0,1,3,0,4,6,28,16,0,50,22,0,22,72
09/01/2017,TRI,TN,ASO,ES,Combined TRACON& Tower with Radar,9,28,19,0,56,0,2,25,0,27,9,30,44,0,83,44,0,44,127
09/02/2017,TRI,TN,ASO,ES,Combined TRACON& Tower with Radar,6,8,13,0,27,0,0,0,0,0,6,8,13,0,27,0,0,0,27
09/03/2017,TRI,TN,ASO,ES,Combined TRACON& Tower with Radar,5,19,2,0,26,0,7,43,0,50,5,26,45,0,76,32,0,32,108
09/04/2017,TRI,TN,ASO,ES,Combined TRACON& Tower with Radar,9,16,21,0,46,0,0,28,0,28,9,16,49,0,74,92,0,92,166
09/05/2017,TRI,TN,ASO,ES,Combined TRACON& Tower with Radar,5,18,20,0,43,0,2,16,0,18,5,20,36,0,61,74,0,74,135
09/06/2017,TRI,TN,ASO,ES,Combined TRACON& Tower with Radar,6,21,24,2,53,0,0,18,2,20,6,21,42,4,73,64,0,64,137
09/07/2017,TRI,TN,ASO,ES,Combined TRACON& Tower with Radar,8,40,31,3,82,0,4,48,1,53,8,44,79,4,135,70,0,70,205
09/08/2017,TRI,TN,ASO,ES,Combined TRACON& Tower with Radar,8,24,25,4,61,0,6,30,0,36,8,30,55,4,97,28,0,28,125
09/09/2017,TRI,TN,ASO,ES,Combined TRACON& Tower with Radar,6,12,20,0,38,0,0,37,2,39,6,12,57,2,77,30,0,30,107
09/10/2017,TRI,TN,ASO,ES,Combined TRACON& Tower with Radar,3,27,16,0,46,0,8,20,0,28,3,35,36,0,74,10,0,10,84
09/11/2017,TRI,TN,ASO,ES,Combined TRACON& Tower with Radar,2,10,23,4,39,0,7,6,0,13,2,17,29,4,52,0,4,4,56
09/12/2017,TRI,TN,ASO,ES,Combined TRACON& Tower with Radar,6,38,25,2,71,0,11,5,0,16,6,49,30,2,87,9,4,13,100
09/13/2017,TRI,TN,ASO,ES,Combined TRACON& Tower with Radar,4,29,22,0,55,0,2,9,1,12,4,31,31,1,67,6,0,6,73
09/14/2017,TRI,TN,ASO,ES,Combined TRACON& Tower with Radar,5,29,21,0,55,0,1,9,0,10,5,30,30,0,65,16,0,16,81
09/15/2017,TRI,TN,ASO,ES,Combined TRACON& Tower with Radar,8,21,21,0,50,0,7,16,0,23,8,28,37,0,73,30,0,30,103
09/16/2017,TRI,TN,ASO,ES,Combined TRACON& Tower with Radar,6,10,11,8,35,0,2,41,0,43,6,12,52,8,78,70,6,76,154
09/17/2017,TRI,TN,ASO,ES,Combined TRACON& Tower with Radar,6,21,16,0,43,0,1,54,0,55,6,22,70,0,98,42,0,42,140
09/18/2017,TRI,TN,ASO,ES,Combined TRACON& Tower with Radar,8,31,24,12,75,0,2,24,0,26,8,33,48,12,101,42,14,56,157
09/19/2017,TRI,TN,ASO,ES,Combined TRACON& Tower with Radar,8,21,25,12,66,0,2,32,2,36,8,23,57,14,102,30,12,42,144
09/20/2017,TRI,TN,ASO,ES,Combined TRACON& Tower with Radar,8,23,34,0,65,0,6,37,0,43,8,29,71,0,108,44,0,44,152
09/21/2017,TRI,TN,ASO,ES,Combined TRACON& Tower with Radar,8,17,51,34,110,0,2,25,0,27,8,19,76,34,137,6,28,34,171
09/22/2017,TRI,TN,ASO,ES,Combined TRACON& Tower with Radar,10,22,24,0,56,0,4,30,0,34,10,26,54,0,90,38,0,38,128
09/23/2017,TRI,TN,ASO,ES,Combined TRACON& Tower with Radar,6,12,13,0,31,0,8,17,0,25,6,20,30,0,56,0,0,0,56
09/24/2017,TRI,TN,ASO,ES,Combined TRACON& Tower with Radar,6,17,20,0,43,0,4,24,0,28,6,21,44,0,71,22,0,22,93
09/25/2017,TRI,TN,ASO,ES,Combined TRACON& Tower with Radar,10,20,18,8,56,0,2,36,0,38,10,22,54,8,94,12,8,20,114
09/26/2017,TRI,TN,ASO,ES,Combined TRACON& Tower with Radar,6,40,28,8,82,0,1,43,0,44,6,41,71,8,126,32,22,54,180
09/27/2017,TRI,TN,ASO,ES,Combined TRACON& Tower with Radar,8,27,18,2,55,0,0,43,2,45,8,27,61,4,100,36,0,36,136
09/28/2017,TRI,TN,ASO,ES,Combined TRACON& Tower with Radar,8,25,31,0,64,0,2,23,0,25,8,27,54,0,89,34,0,34,123
09/29/2017,TRI,TN,ASO,ES,Combined TRACON& Tower with Radar,8,21,27,0,56,0,6,55,0,61,8,27,82,0,117,48,0,48,165
09/30/2017,TRI,TN,ASO,ES,Combined TRACON& Tower with Radar,6,10,21,0,37,0,6,40,0,46,6,16,61,0,83,82,0,82,165
10/01/2017,TRI,TN,ASO,ES,Combined TRACON& Tower with Radar,9,16,22,0,47,0,0,37,0,37,9,16,59,0,84,30,0,30,114
10/02/2017,TRI,TN,ASO,ES,Combined TRACON& Tower with Radar,10,15,14,4,43,0,0,14,0,14,10,15,28,4,57,32,4,36,93
10/03/2017,TRI,TN,ASO,ES,Combined TRACON& Tower with Radar,8,18,24,5,55,0,2,19,0,21,8,20,43,5,76,42,6,48,124
10/04/2017,TRI,TN,ASO,ES,Combined TRACON& Tower with Radar,6,25,34,0,65,0,4,13,0,17,6,29,47,0,82,6,0,6,88
10/05/2017,TRI,TN,ASO,ES,Combined TRACON& Tower with Radar,10,21,27,1,59,0,4,48,3,55,10,25,75,4,114,32,0,32,146
10/06/2017,TRI,TN,ASO,ES,Combined TRACON& Tower with Radar,10,30,25,0,65,0,2,32,4,38,10,32,57,4,103,46,0,46,149
10/07/2017,TRI,TN,ASO,ES,Combined TRACON& Tower with Radar,5,17,26,0,48,0,2,40,0,42,5,19,66,0,90,64,0,64,154
10/08/2017,TRI,TN,ASO,ES,Combined TRACON& Tower with Radar,8,27,10,0,45,0,1,0,0,1,8,28,10,0,46,0,0,0,46
10/09/2017,TRI,TN,ASO,ES,Combined TRACON& Tower with Radar,11,28,22,1,62,0,1,5,1,7,11,29,27,2,69,6,0,6,75
10/10/2017,TRI,TN,ASO,ES,Combined TRACON& Tower with Radar,8,28,32,0,68,0,0,14,0,14,8,28,46,0,82,26,0,26,108
10/11/2017,TRI,TN,ASO,ES,Combined TRACON& Tower with Radar,8,21,31,0,60,0,0,24,0,24,8,21,55,0,84,52,0,52,136
10/12/2017,TRI,TN,ASO,ES,Combined TRACON& Tower with Radar,8,22,32,0,62,0,0,28,0,28,8,22,60,0,90,20,0,20,110
10/13/2017,TRI,TN,ASO,ES,Combined TRACON& Tower with Radar,8,31,43,23,105,0,6,26,8,40,8,37,69,31,145,30,34,64,209
10/14/2017,TRI,TN,ASO,ES,Combined TRACON& Tower with Radar,2,14,16,3,35,0,2,42,0,44,2,16,58,3,79,32,0,32,111
10/15/2017,TRI,TN,ASO,ES,Combined TRACON& Tower with Radar,6,23,22,0,51,0,4,4,0,8,6,27,26,0,59,29,0,29,88
10/16/2017,TRI,TN,ASO,ES,Combined TRACON& Tower with Radar,10,28,27,0,65,0,2,17,0,19,10,30,44,0,84,16,0,16,100
10/17/2017,TRI,TN,ASO,ES,Combined TRACON& Tower with Radar,8,19,26,30,83,0,4,27,0,31,8,23,53,30,114,36,0,36,150
10/18/2017,TRI,TN,ASO,ES,Combined TRACON& Tower with Radar,8,24,34,8,74,0,0,42,2,44,8,24,76,10,118,59,0,59,177
10/19/2017,TRI,TN,ASO,ES,Combined TRACON& Tower with Radar,12,28,33,14,87,0,0,26,1,27,12,28,59,15,114,16,12,28,142
10/20/2017,TRI,TN,ASO,ES,Combined TRACON& Tower with Radar,9,30,24,0,63,0,2,27,0,29,9,32,51,0,92,42,0,42,134
10/21/2017,TRI,TN,ASO,ES,Combined TRACON& Tower with Radar,4,10,9,0,23,0,2,28,0,30,4,12,37,0,53,20,0,20,73
10/22/2017,TRI,TN,ASO,ES,Combined TRACON& Tower with Radar,9,14,25,0,48,0,6,24,0,30,9,20,49,0,78,38,0,38,116
10/23/2017,TRI,TN,ASO,ES,Combined TRACON& Tower with Radar,12,18,18,2,50,0,2,0,0,2,12,20,18,2,52,0,0,0,52
10/24/2017,TRI,TN,ASO,ES,Combined TRACON& Tower with Radar,8,31,22,2,63,0,0,18,3,21,8,31,40,5,84,32,2,34,118
10/25/2017,TRI,TN,ASO,ES,Combined TRACON& Tower with Radar,8,24,33,12,77,0,4,23,0,27,8,28,56,12,104,50,12,62,166
10/26/2017,TRI,TN,ASO,ES,Combined TRACON& Tower with Radar,10,24,27,4,65,0,2,16,0,18,10,26,43,4,83,7,6,13,96
10/27/2017,TRI,TN,ASO,ES,Combined TRACON& Tower with Radar,10,23,16,0,49,0,2,18,0,20,10,25,34,0,69,18,0,18,87
10/28/2017,TRI,TN,ASO,ES,Combined TRACON& Tower with Radar,5,10,10,0,25,0,1,0,0,1,5,11,10,0,26,2,0,2,28
10/29/2017,TRI,TN,ASO,ES,Combined TRACON& Tower with Radar,9,17,16,0,42,0,1,3,0,4,9,18,19,0,46,6,0,6,52
10/30/2017,TRI,TN,ASO,ES,Combined TRACON& Tower with Radar,10,26,12,1,49,0,0,6,12,18,10,26,18,13,67,0,14,14,81
10/31/2017,TRI,TN,ASO,ES,Combined TRACON& Tower with Radar,11,25,18,0,54,0,0,14,0,14,11,25,32,0,68,6,0,6,74
11/01/2017,TRI,TN,ASO,ES,Combined TRACON& Tower with Radar,12,17,22,12,63,0,1,10,0,11,12,18,32,12,74,14,14,28,102
11/02/2017,TRI,TN,ASO,ES,Combined TRACON& Tower with Radar,18,17,21,0,56,0,6,24,0,30,18,23,45,0,86,24,0,24,110
11/03/2017,TRI,TN,ASO,ES,Combined TRACON& Tower with Radar,12,21,29,4,66,0,2,12,0,14,12,23,41,4,80,34,0,34,114
11/04/2017,TRI,TN,ASO,ES,Combined TRACON& Tower with Radar,5,10,12,2,29,0,2,10,0,12,5,12,22,2,41,22,2,24,65
11/05/2017,TRI,TN,ASO,ES,Combined TRACON& Tower with Radar,8,26,29,4,67,0,2,22,0,24,8,28,51,4,91,34,4,38,129
11/06/2017,TRI,TN,ASO,ES,Combined TRACON& Tower with Radar,8,24,26,0,58,0,5,1,0,6,8,29,27,0,64,1,0,1,65
11/07/2017,TRI,TN,ASO,ES,Combined TRACON& Tower with Radar,6,20,21,0,47,0,1,1,0,2,6,21,22,0,49,2,0,2,51
11/08/2017,TRI,TN,ASO,ES,Combined TRACON& Tower with Radar,6,22,23,0,51,0,0,2,0,2,6,22,25,0,53,1,0,1,54
11/09/2017,TRI,TN,ASO,ES,Combined TRACON& Tower with Radar,8,24,25,2,59,0,2,7,0,9,8,26,32,2,68,28,2,30,98
11/10/2017,TRI,TN,ASO,ES,Combined TRACON& Tower with Radar,8,18,34,4,64,0,5,41,0,46,8,23,75,4,110,48,0,48,158
11/11/2017,TRI,TN,ASO,ES,Combined TRACON& Tower with Radar,4,15,11,12,42,0,2,20,0,22,4,17,31,12,64,8,10,18,82
11/12/2017,TRI,TN,ASO,ES,Combined TRACON& Tower with Radar,6,18,19,0,43,0,0,8,0,8,6,18,27,0,51,24,2,26,77
11/13/2017,TRI,TN,ASO,ES,Combined TRACON& Tower with Radar,10,39,30,3,82,0,2,12,0,14,10,41,42,3,96,40,18,58,154
11/14/2017,TRI,TN,ASO,ES,Combined TRACON& Tower with Radar,6,26,23,0,55,0,4,21,0,25,6,30,44,0,80,11,0,11,91
11/15/2017,TRI,TN,ASO,ES,Combined TRACON& Tower with Radar,11,20,19,12,62,0,1,10,0,11,11,21,29,12,73,18,24,42,115
11/16/2017,TRI,TN,ASO,ES,Combined TRACON& Tower with Radar,10,30,28,4,72,0,0,21,0,21,10,30,49,4,93,6,4,10,103
11/17/2017,TRI,TN,ASO,ES,Combined TRACON& Tower with Radar,8,24,21,10,63,0,5,12,0,17,8,29,33,10,80,10,0,10,90
11/18/2017,TRI,TN,ASO,ES,Combined TRACON& Tower with Radar,4,13,13,6,36,0,3,16,0,19,4,16,29,6,55,12,8,20,75
11/19/2017,TRI,TN,ASO,ES,Combined TRACON& Tower with Radar,6,15,6,0,27,0,0,3,0,3,6,15,9,0,30,0,0,0,30
11/20/2017,TRI,TN,ASO,ES,Combined TRACON& Tower with Radar,10,23,13,0,46,0,2,37,0,39,10,25,50,0,85,26,0,26,111
11/21/2017,TRI,TN,ASO,ES,Combined TRACON& Tower with Radar,8,27,19,4,58,0,0,13,2,15,8,27,32,6,73,15,3,18,91
11/22/2017,TRI,TN,ASO,ES,Combined TRACON& Tower with Radar,6,27,11,0,44,0,4,22,0,26,6,31,33,0,70,30,0,30,100
11/23/2017,TRI,TN,ASO,ES,Combined TRACON& Tower with Radar,8,7,8,0,23,0,4,17,0,21,8,11,25,0,44,10,0,10,54
11/24/2017,TRI,TN,ASO,ES,Combined TRACON& Tower with Radar,6,21,14,0,41,0,2,24,0,26,6,23,38,0,67,8,0,8,75
11/25/2017,TRI,TN,ASO,ES,Combined TRACON& Tower with Radar,4,21,12,0,37,0,2,21,0,23,4,23,33,0,60,24,0,24,84
11/26/2017,TRI,TN,ASO,ES,Combined TRACON& Tower with Radar,8,21,16,0,45,0,2,14,0,16,8,23,30,0,61,6,0,6,67
11/27/2017,TRI,TN,ASO,ES,Combined TRACON& Tower with Radar,8,22,13,0,43,0,3,10,0,13,8,25,23,0,56,2,0,2,58
11/28/2017,TRI,TN,ASO,ES,Combined TRACON& Tower with Radar,4,29,33,28,94,0,2,33,0,35,4,31,66,28,129,62,38,100,229
11/29/2017,TRI,TN,ASO,ES,Combined TRACON& Tower with Radar,4,29,18,0,51,0,4,19,0,23,4,33,37,0,74,40,0,40,114
11/30/2017,TRI,TN,ASO,ES,Combined TRACON& Tower with Radar,8,23,19,2,52,0,2,16,6,24,8,25,35,8,76,38,0,38,114
12/01/2017,TRI,TN,ASO,ES,Combined TRACON& Tower with Radar,11,29,20,0,60,0,4,39,5,48,11,33,59,5,108,30,0,30,138
12/02/2017,TRI,TN,ASO,ES,Combined TRACON& Tower with Radar,3,14,8,0,25,0,2,35,0,37,3,16,43,0,62,45,0,45,107
12/03/2017,TRI,TN,ASO,ES,Combined TRACON& Tower with Radar,6,19,14,0,39,0,6,19,0,25,6,25,33,0,64,14,0,14,78
12/04/2017,TRI,TN,ASO,ES,Combined TRACON& Tower with Radar,10,20,9,12,51,0,1,20,2,23,10,21,29,14,74,34,8,42,116
12/05/2017,TRI,TN,ASO,ES,Combined TRACON& Tower with Radar,4,20,17,0,41,0,2,0,0,2,4,22,17,0,43,0,2,2,45
12/06/2017,TRI,TN,ASO,ES,Combined TRACON& Tower with Radar,4,35,18,7,64,0,4,12,4,20,4,39,30,11,84,24,2,26,110
12/07/2017,TRI,TN,ASO,ES,Combined TRACON& Tower with Radar,8,28,29,0,65,0,4,33,2,39,8,32,62,2,104,38,0,38,142
12/08/2017,TRI,TN,ASO,ES,Combined TRACON& Tower with Radar,5,22,18,4,49,0,1,1,0,2,5,23,19,4,51,0,0,0,51
12/09/2017,TRI,TN,ASO,ES,Combined TRACON& Tower with Radar,1,14,11,0,26,0,8,0,0,8,1,22,11,0,34,0,0,0,34
12/10/2017,TRI,TN,ASO,ES,Combined TRACON& Tower with Radar,6,18,15,0,39,0,5,17,0,22,6,23,32,0,61,8,0,8,69
12/11/2017,TRI,TN,ASO,ES,Combined TRACON& Tower with Radar,8,27,27,7,69,0,3,29,2,34,8,30,56,9,103,30,8,38,141
12/12/2017,TRI,TN,ASO,ES,Combined TRACON& Tower with Radar,4,28,16,0,48,0,2,4,0,6,4,30,20,0,54,0,0,0,54
12/13/2017,TRI,TN,ASO,ES,Combined TRACON& Tower with Radar,4,28,12,9,53,0,1,10,2,13,4,29,22,11,66,30,10,40,106
12/14/2017,TRI,TN,ASO,ES,Combined TRACON& Tower with Radar,8,26,29,1,64,0,4,17,1,22,8,30,46,2,86,0,1,1,87
12/15/2017,TRI,TN,ASO,ES,Combined TRACON& Tower with Radar,10,24,11,0,45,0,2,5,2,9,10,26,16,2,54,2,0,2,56
12/16/2017,TRI,TN,ASO,ES,Combined TRACON& Tower with Radar,2,15,11,14,42,0,0,35,2,37,2,15,46,16,79,44,0,44,123
12/17/2017,TRI,TN,ASO,ES,Combined TRACON& Tower with Radar,4,15,6,0,25,0,1,4,0,5,4,16,10,0,30,9,14,23,53
12/18/2017,TRI,TN,ASO,ES,Combined TRACON& Tower with Radar,7,23,20,0,50,0,0,0,0,0,7,23,20,0,50,0,0,0,50
12/19/2017,TRI,TN,ASO,ES,Combined TRACON& Tower with Radar,5,28,21,2,56,0,3,15,0,18,5,31,36,2,74,40,1,41,115
12/20/2017,TRI,TN,ASO,ES,Combined TRACON& Tower with Radar,6,21,13,2,42,0,0,8,0,8,6,21,21,2,50,6,0,6,56
12/21/2017,TRI,TN,ASO,ES,Combined TRACON& Tower with Radar,7,26,30,2,65,0,0,21,0,21,7,26,51,2,86,22,0,22,108
12/22/2017,TRI,TN,ASO,ES,Combined TRACON& Tower with Radar,7,25,16,2,50,0,0,23,0,23,7,25,39,2,73,48,0,48,121
12/23/2017,TRI,TN,ASO,ES,Combined TRACON& Tower with Radar,2,17,10,0,29,0,0,4,0,4,2,17,14,0,33,0,0,0,33
12/24/2017,TRI,TN,ASO,ES,Combined TRACON& Tower with Radar,4,12,8,0,24,0,2,2,0,4,4,14,10,0,28,14,0,14,42
12/25/2017,TRI,TN,ASO,ES,Combined TRACON& Tower with Radar,4,14,2,0,20,0,0,4,0,4,4,14,6,0,24,0,0,0,24
12/26/2017,TRI,TN,ASO,ES,Combined TRACON& Tower with Radar,6,27,27,0,60,0,3,18,0,21,6,30,45,0,81,20,0,20,101
12/27/2017,TRI,TN,ASO,ES,Combined TRACON& Tower with Radar,6,23,24,0,53,0,2,20,0,22,6,25,44,0,75,46,0,46,121
12/28/2017,TRI,TN,ASO,ES,Combined TRACON& Tower with Radar,6,31,21,0,58,0,3,5,0,8,6,34,26,0,66,12,0,12,78
12/29/2017,TRI,TN,ASO,ES,Combined TRACON& Tower with Radar,6,29,12,7,54,0,2,7,0,9,6,31,19,7,63,2,15,17,80
12/30/2017,TRI,TN,ASO,ES,Combined TRACON& Tower with Radar,2,18,22,0,42,0,2,6,0,8,2,20,28,0,50,0,0,0,50
12/31/2017,TRI,TN,ASO,ES,Combined TRACON& Tower with Radar,5,16,2,0,23,0,2,9,0,11,5,18,11,0,34,8,0,8,42
01/01/2018,TRI,TN,ASO,ES,Combined TRACON& Tower with Radar,5,20,7,0,32,0,0,15,0,15,5,20,22,0,47,10,0,10,57
01/02/2018,TRI,TN,ASO,ES,Combined TRACON& Tower with Radar,4,19,2,0,25,0,0,10,0,10,4,19,12,0,35,28,0,28,63
01/03/2018,TRI,TN,ASO,ES,Combined TRACON& Tower with Radar,1,26,14,6,47,0,2,6,0,8,1,28,20,6,55,0,4,4,59
01/04/2018,TRI,TN,ASO,ES,Combined TRACON& Tower with Radar,4,28,10,0,42,0,1,1,0,2,4,29,11,0,44,26,0,26,70
01/05/2018,TRI,TN,ASO,ES,Combined TRACON& Tower with Radar,2,23,15,2,42,0,2,12,0,14,2,25,27,2,56,62,0,62,118
01/06/2018,TRI,TN,ASO,ES,Combined TRACON& Tower with Radar,1,20,12,0,33,0,2,13,0,15,1,22,25,0,48,34,0,34,82
01/07/2018,TRI,TN,ASO,ES,Combined TRACON& Tower with Radar,3,22,3,0,28,0,4,9,0,13,3,26,12,0,41,0,0,0,41
01/08/2018,TRI,TN,ASO,ES,Combined TRACON& Tower with Radar,2,29,4,0,35,0,2,0,0,2,2,31,4,0,37,4,0,4,41
01/09/2018,TRI,TN,ASO,ES,Combined TRACON& Tower with Radar,1,21,17,0,39,0,0,5,0,5,1,21,22,0,44,11,0,11,55
01/10/2018,TRI,TN,ASO,ES,Combined TRACON& Tower with Radar,2,26,22,17,67,0,0,16,0,16,2,26,38,17,83,24,3,27,110
01/11/2018,TRI,TN,ASO,ES,Combined TRACON& Tower with Radar,4,51,19,6,80,0,0,13,0,13,4,51,32,6,93,82,0,82,175
01/12/2018,TRI,TN,ASO,ES,Combined TRACON& Tower with Radar,4,23,7,1,35,0,0,3,1,4,4,23,10,2,39,16,0,16,55
01/13/2018,TRI,TN,ASO,ES,Combined TRACON& Tower with Radar,1,16,2,0,19,0,0,4,0,4,1,16,6,0,23,0,0,0,23
01/14/2018,TRI,TN,ASO,ES,Combined TRACON& Tower with Radar,3,14,4,0,21,0,0,17,0,17,3,14,21,0,38,24,0,24,62
01/15/2018,TRI,TN,ASO,ES,Combined TRACON& Tower with Radar,2,33,10,0,45,0,7,11,0,18,2,40,21,0,63,152,2,154,217
01/16/2018,TRI,TN,ASO,ES,Combined TRACON& Tower with Radar,2,53,10,0,65,0,1,8,0,9,2,54,18,0,74,42,2,44,118
01/17/2018,TRI,TN,ASO,ES,Combined TRACON& Tower with Radar,1,18,11,0,30,0,2,4,0,6,1,20,15,0,36,0,0,0,36
01/18/2018,TRI,TN,ASO,ES,Combined TRACON& Tower with Radar,4,27,23,20,74,0,3,13,1,17,4,30,36,21,91,16,18,34,125
01/19/2018,TRI,TN,ASO,ES,Combined TRACON& Tower with Radar,2,35,11,20,68,0,0,23,3,26,2,35,34,23,94,34,24,58,152
01/20/2018,TRI,TN,ASO,ES,Combined TRACON& Tower with Radar,1,16,13,0,30,0,2,18,0,20,1,18,31,0,50,44,0,44,94
01/21/2018,TRI,TN,ASO,ES,Combined TRACON& Tower with Radar,3,19,7,0,29,0,4,18,0,22,3,23,25,0,51,30,0,30,81
01/22/2018,TRI,TN,ASO,ES,Combined TRACON& Tower with Radar,2,33,20,22,77,0,4,17,0,21,2,37,37,22,98,27,26,53,151
01/23/2018,TRI,TN,ASO,ES,Combined TRACON& Tower with Radar,2,28,17,2,49,0,2,8,0,10,2,30,25,2,59,10,0,10,69
01/24/2018,TRI,TN,ASO,ES,Combined TRACON& Tower with Radar,2,30,12,2,46,0,2,4,0,6,2,32,16,2,52,28,0,28,80
01/25/2018,TRI,TN,ASO,ES,Combined TRACON& Tower with Radar,4,30,22,1,57,0,2,28,1,31,4,32,50,2,88,52,0,52,140
01/26/2018,TRI,TN,ASO,ES,Combined TRACON& Tower with Radar,2,25,17,0,44,0,3,28,11,42,2,28,45,11,86,46,4,50,136
01/27/2018,TRI,TN,ASO,ES,Combined TRACON& Tower with Radar,1,16,12,0,29,0,2,17,0,19,1,18,29,0,48,60,0,60,108
01/28/2018,TRI,TN,ASO,ES,Combined TRACON& Tower with Radar,3,19,0,0,22,0,0,0,0,0,3,19,0,0,22,0,0,0,22
01/29/2018,TRI,TN,ASO,ES,Combined TRACON& Tower with Radar,2,32,17,0,51,0,2,19,0,21,2,34,36,0,72,28,0,28,100
01/30/2018,TRI,TN,ASO,ES,Combined TRACON& Tower with Radar,2,24,12,10,48,0,0,8,0,8,2,24,20,10,56,12,10,22,78
01/31/2018,TRI,TN,ASO,ES,Combined TRACON& Tower with Radar,2,25,26,2,55,0,2,14,0,16,2,27,40,2,71,28,2,30,101
02/01/2018,TRI,TN,ASO,ES,Combined TRACON& Tower with Radar,4,28,6,0,38,0,4,6,1,11,4,32,12,1,49,50,0,50,99
02/02/2018,TRI,TN,ASO,ES,Combined TRACON& Tower with Radar,2,29,27,0,58,0,5,10,0,15,2,34,37,0,73,18,0,18,91
02/03/2018,TRI,TN,ASO,ES,Combined TRACON& Tower with Radar,1,16,16,0,33,0,2,56,0,58,1,18,72,0,91,100,0,100,191
02/04/2018,TRI,TN,ASO,ES,Combined TRACON& Tower with Radar,5,17,6,0,28,0,1,0,0,1,5,18,6,0,29,0,0,0,29
02/05/2018,TRI,TN,ASO,ES,Combined TRACON& Tower with Radar,2,33,28,4,67,0,4,4,0,8,2,37,32,4,75,0,4,4,79
02/06/2018,TRI,TN,ASO,ES,Combined TRACON& Tower with Radar,2,38,15,15,70,0,0,7,0,7,2,38,22,15,77,58,16,74,151
02/07/2018,TRI,TN,ASO,ES,Combined TRACON& Tower with Radar,4,31,16,0,51,0,0,0,0,0,4,31,16,0,51,0,0,0,51
02/08/2018,TRI,TN,ASO,ES,Combined TRACON& Tower with Radar,6,33,19,2,60,0,8,26,0,34,6,41,45,2,94,62,0,62,156
02/09/2018,TRI,TN,ASO,ES,Combined TRACON& Tower with Radar,2,38,24,4,68,0,6,38,2,46,2,44,62,6,114,44,0,44,158
02/10/2018,TRI,TN,ASO,ES,Combined TRACON& Tower with Radar,1,18,4,0,23,0,1,1,0,2,1,19,5,0,25,2,0,2,27
02/11/2018,TRI,TN,ASO,ES,Combined TRACON& Tower with Radar,3,19,8,0,30,0,1,2,0,3,3,20,10,0,33,0,0,0,33
02/12/2018,TRI,TN,ASO,ES,Combined TRACON& Tower with Radar,1,24,8,0,33,0,0,2,0,2,1,24,10,0,35,42,0,42,77
02/13/2018,TRI,TN,ASO,ES,Combined TRACON& Tower with Radar,2,20,15,0,37,0,2,11,2,15,2,22,26,2,52,26,0,26,78
02/14/2018,TRI,TN,ASO,ES,Combined TRACON& Tower with Radar,2,21,24,8,55,0,0,1,0,1,2,21,25,8,56,4,0,4,60
02/15/2018,TRI,TN,ASO,ES,Combined TRACON& Tower with Radar,11,25,22,0,58,0,0,7,0,7,11,25,29,0,65,6,0,6,71
02/16/2018,TRI,TN,ASO,ES,Combined TRACON& Tower with Radar,8,21,10,0,39,0,0,5,3,8,8,21,15,3,47,8,0,8,55
02/17/2018,TRI,TN,ASO,ES,Combined TRACON& Tower with Radar,6,23,4,0,33,0,0,0,2,2,6,23,4,2,35,0,0,0,35
02/18/2018,TRI,TN,ASO,ES,Combined TRACON& Tower with Radar,8,16,10,0,34,0,1,48,5,54,8,17,58,5,88,58,0,58,146
02/19/2018,TRI,TN,ASO,ES,Combined TRACON& Tower with Radar,8,25,18,1,52,0,0,18,4,22,8,25,36,5,74,132,1,133,207
02/20/2018,TRI,TN,ASO,ES,Combined TRACON& Tower with Radar,10,32,18,20,80,0,0,30,6,36,10,32,48,26,116,72,32,104,220
02/21/2018,TRI,TN,ASO,ES,Combined TRACON& Tower with Radar,10,20,24,19,73,0,0,8,5,13,10,20,32,24,86,36,26,62,148
02/22/2018,TRI,TN,ASO,ES,Combined TRACON& Tower with Radar,12,33,30,11,86,0,0,19,0,19,12,33,49,11,105,30,16,46,151
02/23/2018,TRI,TN,ASO,ES,Combined TRACON& Tower with Radar,4,27,21,0,52,0,0,15,2,17,4,27,36,2,69,15,0,15,84
02/24/2018,TRI,TN,ASO,ES,Combined TRACON& Tower with Radar,8,12,6,0,26,0,0,12,2,14,8,12,18,2,40,20,0,20,60
02/25/2018,TRI,TN,ASO,ES,Combined TRACON& Tower with Radar,9,19,11,0,39,0,0,3,1,4,9,19,14,1,43,0,1,1,44
02/26/2018,TRI,TN,ASO,ES,Combined TRACON& Tower with Radar,14,24,36,0,74,0,0,9,2,11,14,24,45,2,85,10,0,10,95
02/27/2018,TRI,TN,ASO,ES,Combined TRACON& Tower with Radar,10,29,23,12,74,0,13,43,2,58,10,42,66,14,132,138,0,138,270
02/28/2018,TRI,TN,ASO,ES,Combined TRACON& Tower with Radar,8,20,27,2,57,0,0,3,0,3,8,20,30,2,60,49,0,49,109
03/01/2018,TRI,TN,ASO,ES,Combined TRACON& Tower with Radar,8,35,16,0,59,0,0,0,0,0,8,35,16,0,59,0,0,0,59
03/02/2018,TRI,TN,ASO,ES,Combined TRACON& Tower with Radar,8,18,25,0,51,0,0,9,4,13,8,18,34,4,64,2,0,2,66
03/03/2018,TRI,TN,ASO,ES,Combined TRACON& Tower with Radar,5,13,19,0,37,0,8,22,4,34,5,21,41,4,71,34,0,34,105
03/04/2018,TRI,TN,ASO,ES,Combined TRACON& Tower with Radar,7,17,16,0,40,0,0,38,3,41,7,17,54,3,81,140,0,140,221
03/05/2018,TRI,TN,ASO,ES,Combined TRACON& Tower with Radar,7,19,10,0,36,0,0,15,2,17,7,19,25,2,53,68,0,68,121
03/06/2018,TRI,TN,ASO,ES,Combined TRACON& Tower with Radar,7,26,29,0,62,0,0,1,2,3,7,26,30,2,65,30,0,30,95
03/07/2018,TRI,TN,ASO,ES,Combined TRACON& Tower with Radar,8,24,22,0,54,0,0,14,3,17,8,24,36,3,71,26,0,26,97
03/08/2018,TRI,TN,ASO,ES,Combined TRACON& Tower with Radar,10,19,8,2,39,0,1,6,0,7,10,20,14,2,46,28,0,28,74
03/09/2018,TRI,TN,ASO,ES,Combined TRACON& Tower with Radar,8,24,17,0,49,0,0,16,4,20,8,24,33,4,69,36,0,36,105
03/10/2018,TRI,TN,ASO,ES,Combined TRACON& Tower with Radar,5,19,10,0,34,0,0,8,2,10,5,19,18,2,44,36,0,36,80
03/11/2018,TRI,TN,ASO,ES,Combined TRACON& Tower with Radar,9,15,8,0,32,0,2,2,2,6,9,17,10,2,38,6,0,6,44
03/12/2018,TRI,TN,ASO,ES,Combined TRACON& Tower with Radar,10,21,16,0,47,0,0,0,2,2,10,21,16,2,49,2,0,2,51
03/13/2018,TRI,TN,ASO,ES,Combined TRACON& Tower with Radar,10,22,27,3,62,0,0,6,1,7,10,22,33,4,69,42,0,42,111
03/14/2018,TRI,TN,ASO,ES,Combined TRACON& Tower with Radar,8,25,13,11,57,0,0,6,5,11,8,25,19,16,68,2,14,16,84
03/15/2018,TRI,TN,ASO,ES,Combined TRACON& Tower with Radar,12,26,28,11,77,0,3,15,5,23,12,29,43,16,100,6,0,6,106
03/16/2018,TRI,TN,ASO,ES,Combined TRACON& Tower with Radar,6,40,18,7,71,0,0,54,4,58,6,40,72,11,129,100,34,134,263
03/17/2018,TRI,TN,ASO,ES,Combined TRACON& Tower with Radar,8,11,9,0,28,0,0,11,7,18,8,11,20,7,46,28,0,28,74
03/18/2018,TRI,TN,ASO,ES,Combined TRACON& Tower with Radar,10,21,25,0,56,0,0,30,0,30,10,21,55,0,86,28,0,28,114
03/19/2018,TRI,TN,ASO,ES,Combined TRACON& Tower with Radar,6,24,29,0,59,0,0,13,5,18,6,24,42,5,77,52,0,52,129
03/20/2018,TRI,TN,ASO,ES,Combined TRACON& Tower with Radar,10,19,22,0,51,0,1,11,1,13,10,20,33,1,64,24,0,24,88
03/21/2018,TRI,TN,ASO,ES,Combined TRACON& Tower with Radar,8,20,17,0,45,0,0,0,2,2,8,20,17,2,47,0,0,0,47
03/22/2018,TRI,TN,ASO,ES,Combined TRACON& Tower with Radar,10,27,23,0,60,0,1,21,2,24,10,28,44,2,84,46,0,46,130
03/23/2018,TRI,TN,ASO,ES,Combined TRACON& Tower with Radar,8,18,25,0,51,0,2,39,2,43,8,20,64,2,94,36,0,36,130
03/24/2018,TRI,TN,ASO,ES,Combined TRACON& Tower with Radar,8,9,3,0,20,0,0,0,0,0,8,9,3,0,20,6,0,6,26
03/25/2018,TRI,TN,ASO,ES,Combined TRACON& Tower with Radar,8,19,11,0,38,0,2,17,4,23,8,21,28,4,61,8,0,8,69
03/26/2018,TRI,TN,ASO,ES,Combined TRACON& Tower with Radar,8,26,16,0,50,0,0,11,4,15,8,26,27,4,65,8,0,8,73
03/27/2018,TRI,TN,ASO,ES,Combined TRACON& Tower with Radar,10,25,26,0,61,0,2,10,0,12,10,27,36,0,73,100,0,100,173
03/28/2018,TRI,TN,ASO,ES,Combined TRACON& Tower with Radar,8,21,14,9,52,0,0,7,4,11,8,21,21,13,63,12,12,24,87
03/29/2018,TRI,TN,ASO,ES,Combined TRACON& Tower with Radar,10,17,31,0,58,0,0,11,5,16,10,17,42,5,74,24,0,24,98
03/30/2018,TRI,TN,ASO,ES,Combined TRACON& Tower with Radar,7,23,8,0,38,0,0,21,5,26,7,23,29,5,64,40,0,40,104
03/31/2018,TRI,TN,ASO,ES,Combined TRACON& Tower with Radar,7,7,11,0,25,0,0,26,2,28,7,7,37,2,53,60,0,60,113
04/01/2018,TRI,TN,ASO,ES,Combined TRACON& Tower with Radar,8,16,3,0,27,0,0,10,2,12,8,16,13,2,39,12,0,12,51
04/02/2018,TRI,TN,ASO,ES,Combined TRACON& Tower with Radar,8,18,10,0,36,0,2,3,4,9,8,20,13,4,45,56,0,56,101
04/03/2018,TRI,TN,ASO,ES,Combined TRACON& Tower with Radar,5,30,16,6,57,0,0,24,2,26,5,30,40,8,83,14,6,20,103
04/04/2018,TRI,TN,ASO,ES,Combined TRACON& Tower with Radar,4,26,9,0,39,0,0,6,1,7,4,26,15,1,46,0,0,0,46
04/05/2018,TRI,TN,ASO,ES,Combined TRACON& Tower with Radar,13,28,15,9,65,0,2,33,7,42,13,30,48,16,107,40,14,54,161
04/06/2018,TRI,TN,ASO,ES,Combined TRACON& Tower with Radar,4,25,8,2,39,0,0,19,7,26,4,25,27,9,65,58,0,58,123
04/07/2018,TRI,TN,ASO,ES,Combined TRACON& Tower with Radar,4,17,11,0,32,0,0,0,0,0,4,17,11,0,32,4,0,4,36
04/08/2018,TRI,TN,ASO,ES,Combined TRACON& Tower with Radar,6,26,7,0,39,0,0,33,6,39,6,26,40,6,78,79,0,79,157
04/09/2018,TRI,TN,ASO,ES,Combined TRACON& Tower with Radar,4,27,10,6,47,0,0,5,0,5,4,27,15,6,52,6,6,12,64
04/10/2018,TRI,TN,ASO,ES,Combined TRACON& Tower with Radar,4,30,31,2,67,0,0,31,3,34,4,30,62,5,101,56,0,56,157
04/11/2018,TRI,TN,ASO,ES,Combined TRACON& Tower with Radar,4,27,26,4,61,0,0,35,0,35,4,27,61,4,96,74,8,82,178
04/12/2018,TRI,TN,ASO,ES,Combined TRACON& Tower with Radar,4,32,42,0,78,0,0,30,1,31,4,32,72,1,109,18,0,18,127
04/13/2018,TRI,TN,ASO,ES,Combined TRACON& Tower with Radar,4,25,42,2,73,0,2,21,2,25,4,27,63,4,98,32,0,32,130
04/14/2018,TRI,TN,ASO,ES,Combined TRACON& Tower with Radar,5,22,32,4,63,0,2,16,9,27,5,24,48,13,90,14,24,38,128
04/15/2018,TRI,TN,ASO,ES,Combined TRACON& Tower with Radar,7,23,28,0,58,0,0,2,0,2,7,23,30,0,60,0,0,0,60
04/16/2018,TRI,TN,ASO,ES,Combined TRACON& Tower with Radar,4,30,49,2,85,0,1,2,0,3,4,31,51,2,88,0,0,0,88
04/17/2018,TRI,TN,ASO,ES,Combined TRACON& Tower with Radar,4,32,25,9,70,0,1,7,5,13,4,33,32,14,83,8,8,16,99
04/18/2018,TRI,TN,ASO,ES,Combined TRACON& Tower with Radar,4,30,21,18,73,0,0,12,2,14,4,30,33,20,87,20,20,40,127
04/19/2018,TRI,TN,ASO,ES,Combined TRACON& Tower with Radar,10,24,29,1,64,0,0,23,2,25,10,24,52,3,89,12,0,12,101
04/20/2018,TRI,TN,ASO,ES,Combined TRACON& Tower with Radar,4,29,34,4,71,0,0,34,4,38,4,29,68,8,109,16,4,20,129
04/21/2018,TRI,TN,ASO,ES,Combined TRACON& Tower with Radar,4,15,15,3,37,0,0,33,8,41,4,15,48,11,78,24,2,26,104
04/22/2018,TRI,TN,ASO,ES,Combined TRACON& Tower with Radar,6,23,15,3,47,0,0,24,5,29,6,23,39,8,76,42,0,42,118
04/23/2018,TRI,TN,ASO,ES,Combined TRACON& Tower with Radar,4,29,15,2,50,0,0,0,0,0,4,29,15,2,50,0,0,0,50
04/24/2018,TRI,TN,ASO,ES,Combined TRACON& Tower with Radar,4,31,24,12,71,0,0,0,0,0,4,31,24,12,71,2,14,16,87
04/25/2018,TRI,TN,ASO,ES,Combined TRACON& Tower with Radar,4,30,25,0,59,0,0,8,2,10,4,30,33,2,69,2,0,2,71
04/26/2018,TRI,TN,ASO,ES,Combined TRACON& Tower with Radar,6,26,28,0,60,0,0,6,13,19,6,26,34,13,79,4,0,4,83
04/27/2018,TRI,TN,ASO,ES,Combined TRACON& Tower with Radar,8,26,32,3,69,0,0,10,3,13,8,26,42,6,82,22,0,22,104
04/28/2018,TRI,TN,ASO,ES,Combined TRACON& Tower with Radar,2,18,14,0,34,0,0,26,2,28,2,18,40,2,62,32,0,32,94
04/29/2018,TRI,TN,ASO,ES,Combined TRACON& Tower with Radar,4,24,11,0,39,0,0,30,2,32,4,24,41,2,71,36,0,36,107
04/30/2018,TRI,TN,ASO,ES,Combined TRACON& Tower with Radar,4,27,23,0,54,0,0,22,0,22,4,27,45,0,76,20,0,20,96
05/01/2018,TRI,TN,ASO,ES,Combined TRACON& Tower with Radar,4,36,20,17,77,0,0,29,8,37,4,36,49,25,114,20,12,32,146
05/02/2018,TRI,TN,ASO,ES,Combined TRACON& Tower with Radar,6,30,23,0,59,0,0,18,0,18,6,30,41,0,77,26,0,26,103
05/03/2018,TRI,TN,ASO,ES,Combined TRACON& Tower with Radar,6,54,34,3,97,0,0,37,0,37,6,54,71,3,134,46,36,82,216
05/04/2018,TRI,TN,ASO,ES,Combined TRACON& Tower with Radar,2,23,14,0,39,0,1,20,2,23,2,24,34,2,62,38,0,38,100
05/05/2018,TRI,TN,ASO,ES,Combined TRACON& Tower with Radar,2,15,9,2,28,0,0,15,1,16,2,15,24,3,44,36,0,36,80
05/06/2018,TRI,TN,ASO,ES,Combined TRACON& Tower with Radar,4,23,18,0,45,0,1,2,6,9,4,24,20,6,54,12,2,14,68
05/07/2018,TRI,TN,ASO,ES,Combined TRACON& Tower with Radar,2,26,21,8,57,0,1,7,10,18,2,27,28,18,75,16,8,24,99
05/08/2018,TRI,TN,ASO,ES,Combined TRACON& Tower with Radar,2,35,14,32,83,0,0,30,6,36,2,35,44,38,119,58,22,80,199
05/09/2018,TRI,TN,ASO,ES,Combined TRACON& Tower with Radar,2,26,32,2,62,0,0,48,8,56,2,26,80,10,118,54,18,72,190
05/10/2018,TRI,TN,ASO,ES,Combined TRACON& Tower with Radar,4,31,15,0,50,0,0,4,7,11,4,31,19,7,61,12,0,12,73
05/11/2018,TRI,TN,ASO,ES,Combined TRACON& Tower with Radar,2,36,18,0,56,0,0,19,10,29,2,36,37,10,85,36,0,36,121
05/12/2018,TRI,TN,ASO,ES,Combined TRACON& Tower with Radar,2,19,8,0,29,0,0,36,7,43,2,19,44,7,72,70,0,70,142
05/13/2018,TRI,TN,ASO,ES,Combined TRACON& Tower with Radar,6,24,10,0,40,0,0,15,0,15,6,24,25,0,55,6,0,6,61
05/14/2018,TRI,TN,ASO,ES,Combined TRACON& Tower with Radar,2,26,17,9,54,0,0,17,5,22,2,26,34,14,76,14,10,24,100
05/15/2018,TRI,TN,ASO,ES,Combined TRACON& Tower with Radar,2,31,24,2,59,0,0,7,5,12,2,31,31,7,71,4,2,6,77
05/16/2018,TRI,TN,ASO,ES,Combined TRACON& Tower with Radar,6,41,30,0,77,0,0,10,0,10,6,41,40,0,87,4,0,4,91
05/17/2018,TRI,TN,ASO,ES,Combined TRACON& Tower with Radar,6,38,41,0,85,0,0,10,6,16,6,38,51,6,101,76,0,76,177
05/18/2018,TRI,TN,ASO,ES,Combined TRACON& Tower with Radar,8,32,19,0,59,0,0,9,4,13,8,32,28,4,72,8,0,8,80
05/19/2018,TRI,TN,ASO,ES,Combined TRACON& Tower with Radar,2,20,9,0,31,0,0,25,3,28,2,20,34,3,59,42,0,42,101
05/20/2018,TRI,TN,ASO,ES,Combined TRACON& Tower with Radar,10,29,20,0,59,0,3,10,6,19,10,32,30,6,78,34,0,34,112
05/21/2018,TRI,TN,ASO,ES,Combined TRACON& Tower with Radar,4,30,14,0,48,0,1,9,9,19,4,31,23,9,67,16,0,16,83
05/22/2018,TRI,TN,ASO,ES,Combined TRACON& Tower with Radar,4,28,47,0,79,0,1,45,6,52,4,29,92,6,131,100,0,100,231
05/23/2018,TRI,TN,ASO,ES,Combined TRACON& Tower with Radar,2,30,32,1,65,0,0,14,5,19,2,30,46,6,84,16,0,16,100
05/24/2018,TRI,TN,ASO,ES,Combined TRACON& Tower with Radar,4,36,42,0,82,0,2,75,2,79,4,38,117,2,161,106,0,106,267
05/25/2018,TRI,TN,ASO,ES,Combined TRACON& Tower with Radar,4,34,30,0,68,0,1,9,2,12,4,35,39,2,80,18,0,18,98
05/26/2018,TRI,TN,ASO,ES,Combined TRACON& Tower with Radar,4,22,9,0,35,0,0,23,3,26,4,22,32,3,61,2,0,2,63
05/27/2018,TRI,TN,ASO,ES,Combined TRACON& Tower with Radar,10,29,20,0,59,0,3,10,6,19,10,32,30,6,78,18,0,18,96
05/28/2018,TRI,TN,ASO,ES,Combined TRACON& Tower with Radar,4,30,14,0,48,0,1,9,9,19,4,31,23,9,67,14,0,14,81
05/29/2018,TRI,TN,ASO,ES,Combined TRACON& Tower with Radar,4,26,18,0,48,0,0,7,0,7,4,26,25,0,55,2,0,2,57
05/30/2018,TRI,TN,ASO,ES,Combined TRACON& Tower with Radar,2,32,18,5,57,0,1,12,13,26,2,33,30,18,83,22,0,22,105
05/31/2018,TRI,TN,ASO,ES,Combined TRACON& Tower with Radar,4,25,22,0,51,0,0,6,1,7,4,25,28,1,58,10,0,10,68
06/01/2018,TRI,TN,ASO,ES,Combined TRACON& Tower with Radar,4,27,8,0,39,0,0,3,2,5,4,27,11,2,44,8,0,8,52
06/02/2018,TRI,TN,ASO,ES,Combined TRACON& Tower with Radar,2,20,11,0,33,0,0,0,3,3,2,20,11,3,36,2,0,2,38
06/03/2018,TRI,TN,ASO,ES,Combined TRACON& Tower with Radar,4,25,12,0,41,0,0,10,0,10,4,25,22,0,51,20,0,20,71
06/04/2018,TRI,TN,ASO,ES,Combined TRACON& Tower with Radar,4,30,26,11,71,0,1,39,5,45,4,31,65,16,116,46,10,56,172
06/05/2018,TRI,TN,ASO,ES,Combined TRACON& Tower with Radar,2,31,35,10,78,0,0,30,4,34,2,31,65,14,112,26,12,38,150
06/06/2018,TRI,TN,ASO,ES,Combined TRACON& Tower with Radar,2,24,26,50,102,0,2,26,4,32,2,26,52,54,134,20,50,70,204
06/07/2018,TRI,TN,ASO,ES,Combined TRACON& Tower with Radar,8,27,36,34,105,0,2,38,2,42,8,29,74,36,147,70,40,110,257
06/08/2018,TRI,TN,ASO,ES,Combined TRACON& Tower with Radar,6,29,11,0,46,0,0,27,2,29,6,29,38,2,75,14,0,14,89
06/09/2018,TRI,TN,ASO,ES,Combined TRACON& Tower with Radar,5,14,13,2,34,0,0,36,6,42,5,14,49,8,76,60,2,62,138
06/10/2018,TRI,TN,ASO,ES,Combined TRACON& Tower with Radar,4,20,18,2,44,0,0,9,6,15,4,20,27,8,59,2,0,2,61
06/11/2018,TRI,TN,ASO,ES,Combined TRACON& Tower with Radar,6,32,15,37,90,0,0,11,5,16,6,32,26,42,106,6,20,26,132
06/12/2018,TRI,TN,ASO,ES,Combined TRACON& Tower with Radar,1,27,22,4,54,0,0,11,4,15,1,27,33,8,69,34,4,38,107
06/13/2018,TRI,TN,ASO,ES,Combined TRACON& Tower with Radar,3,33,22,0,58,0,1,11,4,16,3,34,33,4,74,0,0,0,74
06/14/2018,TRI,TN,ASO,ES,Combined TRACON& Tower with Radar,4,28,38,1,71,0,0,18,1,19,4,28,56,2,90,4,0,4,94
06/15/2018,TRI,TN,ASO,ES,Combined TRACON& Tower with Radar,4,30,26,12,72,0,3,32,1,36,4,33,58,13,108,70,12,82,190
06/16/2018,TRI,TN,ASO,ES,Combined TRACON& Tower with Radar,2,18,21,1,42,0,4,18,3,25,2,22,39,4,67,50,0,50,117
06/17/2018,TRI,TN,ASO,ES,Combined TRACON& Tower with Radar,4,26,24,0,54,0,4,33,0,37,4,30,57,0,91,24,0,24,115
06/18/2018,TRI,TN,ASO,ES,Combined TRACON& Tower with Radar,4,27,36,37,104,0,2,18,5,25,4,29,54,42,129,38,32,70,199
06/19/2018,TRI,TN,ASO,ES,Combined TRACON& Tower with Radar,2,24,24,32,82,0,1,6,4,11,2,25,30,36,93,2,38,40,133
06/20/2018,TRI,TN,ASO,ES,Combined TRACON& Tower with Radar,4,31,21,50,106,0,0,23,4,27,4,31,44,54,133,16,54,70,203
06/21/2018,TRI,TN,ASO,ES,Combined TRACON& Tower with Radar,4,31,29,0,64,0,0,6,2,8,4,31,35,2,72,6,0,6,78
06/22/2018,TRI,TN,ASO,ES,Combined TRACON& Tower with Radar,4,23,10,0,37,0,0,14,4,18,4,23,24,4,55,6,0,6,61
06/23/2018,TRI,TN,ASO,ES,Combined TRACON& Tower with Radar,4,30,21,0,55,0,1,14,4,19,4,31,35,4,74,27,0,27,101
06/24/2018,TRI,TN,ASO,ES,Combined TRACON& Tower with Radar,4,28,31,0,63,0,0,3,2,5,4,28,34,2,68,0,0,0,68
06/25/2018,TRI,TN,ASO,ES,Combined TRACON& Tower with Radar,4,39,8,0,51,0,1,11,2,14,4,40,19,2,65,64,0,64,129
06/26/2018,TRI,TN,ASO,ES,Combined TRACON& Tower with Radar,3,39,13,1,56,0,1,5,1,7,3,40,18,2,63,76,0,76,139
06/27/2018,TRI,TN,ASO,ES,Combined TRACON& Tower with Radar,2,43,14,0,59,0,0,0,1,1,2,43,14,1,60,24,0,24,84
06/28/2018,TRI,TN,ASO,ES,Combined TRACON& Tower with Radar,3,30,44,4,81,0,2,15,2,19,3,32,59,6,100,22,0,22,122
06/29/2018,TRI,TN,ASO,ES,Combined TRACON& Tower with Radar,5,32,43,0,80,0,3,61,2,66,5,35,104,2,146,68,0,68,214
06/30/2018,TRI,TN,ASO,ES,Combined TRACON& Tower with Radar,2,19,17,0,38,0,0,20,2,22,2,19,37,2,60,18,0,18,78
07/01/2018,TRI,TN,ASO,ES,Combined TRACON& Tower with Radar,4,23,24,0,51,0,0,22,4,26,4,23,46,4,77,12,0,12,89
07/02/2018,TRI,TN,ASO,ES,Combined TRACON& Tower with Radar,4,25,29,20,78,0,0,16,0,16,4,25,45,20,94,24,20,44,138
07/03/2018,TRI,TN,ASO,ES,Combined TRACON& Tower with Radar,4,22,16,16,58,0,0,10,2,12,4,22,26,18,70,28,24,52,122
07/04/2018,TRI,TN,ASO,ES,Combined TRACON& Tower with Radar,2,22,3,0,27,0,0,14,2,16,2,22,17,2,43,10,0,10,53
07/05/2018,TRI,TN,ASO,ES,Combined TRACON& Tower with Radar,4,28,20,0,52,0,0,14,5,19,4,28,34,5,71,32,4,36,107
07/06/2018,TRI,TN,ASO,ES,Combined TRACON& Tower with Radar,4,26,12,0,42,0,0,12,2,14,4,26,24,2,56,10,0,10,66
07/07/2018,TRI,TN,ASO,ES,Combined TRACON& Tower with Radar,2,21,24,0,47,0,0,26,0,26,2,21,50,0,73,16,0,16,89
07/08/2018,TRI,TN,ASO,ES,Combined TRACON& Tower with Radar,5,22,15,0,42,0,0,30,2,32,5,22,45,2,74,38,0,38,112
07/09/2018,TRI,TN,ASO,ES,Combined TRACON& Tower with Radar,5,32,25,0,62,0,0,45,2,47,5,32,70,2,109,50,0,50,159
07/10/2018,TRI,TN,ASO,ES,Combined TRACON& Tower with Radar,4,28,31,20,83,0,0,40,0,40,4,28,71,20,123,54,36,90,213
07/11/2018,TRI,TN,ASO,ES,Combined TRACON& Tower with Radar,2,26,15,8,51,0,0,10,2,12,2,26,25,10,63,45,8,53,116
07/12/2018,TRI,TN,ASO,ES,Combined TRACON& Tower with Radar,4,30,24,0,58,0,0,19,2,21,4,30,43,2,79,22,6,28,107
07/13/2018,TRI,TN,ASO,ES,Combined TRACON& Tower with Radar,6,23,24,2,55,0,1,26,2,29,6,24,50,4,84,12,2,14,98
07/14/2018,TRI,TN,ASO,ES,Combined TRACON& Tower with Radar,2,15,15,0,32,0,0,17,1,18,2,15,32,1,50,6,0,6,56
07/15/2018,TRI,TN,ASO,ES,Combined TRACON& Tower with Radar,4,25,24,0,53,0,1,17,2,20,4,26,41,2,73,24,0,24,97
07/16/2018,TRI,TN,ASO,ES,Combined TRACON& Tower with Radar,4,35,22,0,61,0,0,14,4,18,4,35,36,4,79,28,0,28,107
07/17/2018,TRI,TN,ASO,ES,Combined TRACON& Tower with Radar,4,45,20,2,71,0,0,1,1,2,4,45,21,3,73,8,0,8,81
07/18/2018,TRI,TN,ASO,ES,Combined TRACON& Tower with Radar,2,33,38,2,75,0,0,36,5,41,2,33,74,7,116,22,0,22,138
07/19/2018,TRI,TN,ASO,ES,Combined TRACON& Tower with Radar,4,37,31,20,92,0,0,37,0,37,4,37,68,20,129,36,20,56,185
07/20/2018,TRI,TN,ASO,ES,Combined TRACON& Tower with Radar,4,24,17,0,45,0,0,21,3,24,4,24,38,3,69,16,0,16,85
07/21/2018,TRI,TN,ASO,ES,Combined TRACON& Tower with Radar,5,18,6,0,29,0,0,9,5,14,5,18,15,5,43,0,0,0,43
07/22/2018,TRI,TN,ASO,ES,Combined TRACON& Tower with Radar,7,26,12,0,45,0,0,6,2,8,7,26,18,2,53,2,0,2,55
07/23/2018,TRI,TN,ASO,ES,Combined TRACON& Tower with Radar,10,26,14,9,59,0,0,13,3,16,10,26,27,12,75,8,4,12,87
07/24/2018,TRI,TN,ASO,ES,Combined TRACON& Tower with Radar,4,33,19,2,58,0,0,8,5,13,4,33,27,7,71,2,0,2,73
07/25/2018,TRI,TN,ASO,ES,Combined TRACON& Tower with Radar,4,30,22,10,66,0,0,10,1,11,4,30,32,11,77,26,10,36,113
07/26/2018,TRI,TN,ASO,ES,Combined TRACON& Tower with Radar,6,45,28,1,80,0,1,36,1,38,6,46,64,2,118,32,0,32,150
07/27/2018,TRI,TN,ASO,ES,Combined TRACON& Tower with Radar,4,28,10,3,45,0,0,10,7,17,4,28,20,10,62,16,4,20,82
07/28/2018,TRI,TN,ASO,ES,Combined TRACON& Tower with Radar,2,18,14,0,34,0,0,24,0,24,2,18,38,0,58,12,0,12,70
07/29/2018,TRI,TN,ASO,ES,Combined TRACON& Tower with Radar,10,25,12,0,47,0,0,18,0,18,10,25,30,0,65,48,0,48,113
07/30/2018,TRI,TN,ASO,ES,Combined TRACON& Tower with Radar,4,43,12,3,62,0,0,24,2,26,4,43,36,5,88,50,0,50,138
07/31/2018,TRI,TN,ASO,ES,Combined TRACON& Tower with Radar,6,29,21,1,57,0,0,32,3,35,6,29,53,4,92,16,0,16,108
08/01/2018,TRI,TN,ASO,ES,Combined TRACON& Tower with Radar,3,32,34,0,69,0,0,3,5,8,3,32,37,5,77,10,0,10,87
08/02/2018,TRI,TN,ASO,ES,Combined TRACON& Tower with Radar,5,33,17,0,55,0,0,1,1,2,5,33,18,1,57,4,0,4,61
08/03/2018,TRI,TN,ASO,ES,Combined TRACON& Tower with Radar,4,33,19,1,57,0,0,31,3,34,4,33,50,4,91,26,0,26,117
08/04/2018,TRI,TN,ASO,ES,Combined TRACON& Tower with Radar,5,17,8,1,31,0,0,16,3,19,5,17,24,4,50,8,0,8,58
08/05/2018,TRI,TN,ASO,ES,Combined TRACON& Tower with Radar,5,24,11,0,40,0,0,24,4,28,5,24,35,4,68,28,0,28,96
08/06/2018,TRI,TN,ASO,ES,Combined TRACON& Tower with Radar,5,48,32,4,89,0,0,23,2,25,5,48,55,6,114,22,20,42,156
08/07/2018,TRI,TN,ASO,ES,Combined TRACON& Tower with Radar,3,25,24,2,54,0,0,9,5,14,3,25,33,7,68,12,0,12,80
08/08/2018,TRI,TN,ASO,ES,Combined TRACON& Tower with Radar,4,29,21,5,59,0,0,8,17,25,4,29,29,22,84,10,18,28,112
08/09/2018,TRI,TN,ASO,ES,Combined TRACON& Tower with Radar,3,33,18,0,54,0,0,7,0,7,3,33,25,0,61,32,1,33,94
08/10/2018,TRI,TN,ASO,ES,Combined TRACON& Tower with Radar,4,29,26,0,59,0,0,7,2,9,4,29,33,2,68,10,0,10,78
08/11/2018,TRI,TN,ASO,ES,Combined TRACON& Tower with Radar,2,17,14,4,37,0,0,5,0,5,2,17,19,4,42,2,4,6,48
08/12/2018,TRI,TN,ASO,ES,Combined TRACON& Tower with Radar,4,23,30,6,63,0,0,21,2,23,4,23,51,8,86,48,6,54,140
08/13/2018,TRI,TN,ASO,ES,Combined TRACON& Tower with Radar,4,23,28,28,83,0,0,21,0,21,4,23,49,28,104,21,34,55,159
08/14/2018,TRI,TN,ASO,ES,Combined TRACON& Tower with Radar,2,32,18,4,56,0,1,35,5,41,2,33,53,9,97,48,4,52,149
08/15/2018,TRI,TN,ASO,ES,Combined TRACON& Tower with Radar,2,34,48,9,93,0,2,22,5,29,2,36,70,14,122,2,14,16,138
08/16/2018,TRI,TN,ASO,ES,Combined TRACON& Tower with Radar,4,26,71,1,102,0,1,19,5,25,4,27,90,6,127,42,0,42,169
08/17/2018,TRI,TN,ASO,ES,Combined TRACON& Tower with Radar,2,37,63,0,102,0,2,29,0,31,2,39,92,0,133,10,0,10,143
08/18/2018,TRI,TN,ASO,ES,Combined TRACON& Tower with Radar,6,24,83,0,113,0,40,33,1,74,6,64,116,1,187,4,0,4,191
08/19/2018,TRI,TN,ASO,ES,Combined TRACON& Tower with Radar,9,32,41,1,83,0,0,16,2,18,9,32,57,3,101,2,0,2,103
08/20/2018,TRI,TN,ASO,ES,Combined TRACON& Tower with Radar,4,37,14,14,69,0,0,11,2,13,4,37,25,16,82,22,6,28,110
08/21/2018,TRI,TN,ASO,ES,Combined TRACON& Tower with Radar,2,30,18,0,50,0,0,14,0,14,2,30,32,0,64,30,0,30,94
08/22/2018,TRI,TN,ASO,ES,Combined TRACON& Tower with Radar,2,28,44,22,96,0,0,11,2,13,2,28,55,24,109,32,15,47,156
08/23/2018,TRI,TN,ASO,ES,Combined TRACON& Tower with Radar,6,26,39,0,71,0,0,49,3,52,6,26,88,3,123,12,10,22,145
08/24/2018,TRI,TN,ASO,ES,Combined TRACON& Tower with Radar,2,25,34,0,61,0,0,44,5,49,2,25,78,5,110,38,0,38,148
08/25/2018,TRI,TN,ASO,ES,Combined TRACON& Tower with Radar,4,14,24,0,42,0,0,37,2,39,4,14,61,2,81,38,0,38,119
08/26/2018,TRI,TN,ASO,ES,Combined TRACON& Tower with Radar,4,29,11,0,44,0,0,27,2,29,4,29,38,2,73,18,0,18,91
08/27/2018,TRI,TN,ASO,ES,Combined TRACON& Tower with Radar,2,37,31,2,72,0,4,23,4,31,2,41,54,6,103,50,15,65,168
08/28/2018,TRI,TN,ASO,ES,Combined TRACON& Tower with Radar,2,28,57,4,91,0,1,14,2,17,2,29,71,6,108,48,22,70,178
08/29/2018,TRI,TN,ASO,ES,Combined TRACON& Tower with Radar,2,26,43,0,71,0,0,17,2,19,2,26,60,2,90,34,42,76,166
08/30/2018,TRI,TN,ASO,ES,Combined TRACON& Tower with Radar,4,30,32,0,66,0,0,9,2,11,4,30,41,2,77,32,0,32,109
08/31/2018,TRI,TN,ASO,ES,Combined TRACON& Tower with Radar,2,37,22,0,61,0,0,16,8,24,2,37,38,8,85,14,0,14,99
09/01/2018,TRI,TN,ASO,ES,Combined TRACON& Tower with Radar,2,15,8,0,25,0,0,23,3,26,2,15,31,3,51,16,0,16,67
09/02/2018,TRI,TN,ASO,ES,Combined TRACON& Tower with Radar,12,17,8,0,37,0,0,16,4,20,12,17,24,4,57,24,0,24,81
09/03/2018,TRI,TN,ASO,ES,Combined TRACON& Tower with Radar,2,23,30,0,55,0,0,21,0,21,2,23,51,0,76,10,0,10,86
09/04/2018,TRI,TN,ASO,ES,Combined TRACON& Tower with Radar,4,31,25,0,60,0,0,34,2,36,4,31,59,2,96,18,0,18,114
09/05/2018,TRI,TN,ASO,ES,Combined TRACON& Tower with Radar,4,24,30,1,59,0,0,3,0,3,4,24,33,1,62,4,2,6,68
09/06/2018,TRI,TN,ASO,ES,Combined TRACON& Tower with Radar,5,29,36,0,70,0,0,22,4,26,5,29,58,4,96,20,0,20,116
09/07/2018,TRI,TN,ASO,ES,Combined TRACON& Tower with Radar,4,24,21,10,59,0,0,35,0,35,4,24,56,10,94,56,0,56,150
09/08/2018,TRI,TN,ASO,ES,Combined TRACON& Tower with Radar,2,17,6,0,25,0,1,30,6,37,2,18,36,6,62,66,0,66,128
09/09/2018,TRI,TN,ASO,ES,Combined TRACON& Tower with Radar,6,18,11,0,35,0,0,24,2,26,6,18,35,2,61,94,0,94,155
09/10/2018,TRI,TN,ASO,ES,Combined TRACON& Tower with Radar,4,18,15,0,37,0,0,2,3,5,4,18,17,3,42,10,0,10,52
09/11/2018,TRI,TN,ASO,ES,Combined TRACON& Tower with Radar,4,38,15,4,61,0,0,2,4,6,4,38,17,8,67,16,12,28,95
09/12/2018,TRI,TN,ASO,ES,Combined TRACON& Tower with Radar,4,30,26,3,63,0,0,19,1,20,4,30,45,4,83,26,2,28,111
09/13/2018,TRI,TN,ASO,ES,Combined TRACON& Tower with Radar,6,35,22,0,63,0,0,37,2,39,6,35,59,2,102,28,0,28,130
09/14/2018,TRI,TN,ASO,ES,Combined TRACON& Tower with Radar,4,29,16,0,49,0,0,17,2,19,4,29,33,2,68,28,0,28,96
09/15/2018,TRI,TN,ASO,ES,Combined TRACON& Tower with Radar,3,10,6,0,19,0,0,5,2,7,3,10,11,2,26,12,0,12,38
09/16/2018,TRI,TN,ASO,ES,Combined TRACON& Tower with Radar,8,13,13,4,38,0,0,1,1,2,8,13,14,5,40,0,0,0,40
09/17/2018,TRI,TN,ASO,ES,Combined TRACON& Tower with Radar,5,25,17,0,47,0,0,2,0,2,5,25,19,0,49,0,0,0,49
09/18/2018,TRI,TN,ASO,ES,Combined TRACON& Tower with Radar,4,34,14,2,54,0,2,9,8,19,4,36,23,10,73,2,14,16,89
09/19/2018,TRI,TN,ASO,ES,Combined TRACON& Tower with Radar,4,21,33,1,59,0,0,22,6,28,4,21,55,7,87,0,0,0,87
09/20/2018,TRI,TN,ASO,ES,Combined TRACON& Tower with Radar,6,37,19,17,79,0,1,16,2,19,6,38,35,19,98,0,26,26,124
09/21/2018,TRI,TN,ASO,ES,Combined TRACON& Tower with Radar,4,23,18,3,48,0,1,31,2,34,4,24,49,5,82,30,0,30,112
09/22/2018,TRI,TN,ASO,ES,Combined TRACON& Tower with Radar,5,17,5,10,37,0,2,7,4,13,5,19,12,14,50,0,10,10,60
09/23/2018,TRI,TN,ASO,ES,Combined TRACON& Tower with Radar,6,16,9,5,36,0,0,16,2,18,6,16,25,7,54,34,0,34,88
09/24/2018,TRI,TN,ASO,ES,Combined TRACON& Tower with Radar,6,24,33,9,72,0,0,26,3,29,6,24,59,12,101,18,9,27,128
09/25/2018,TRI,TN,ASO,ES,Combined TRACON& Tower with Radar,8,36,14,26,84,0,0,15,4,19,8,36,29,30,103,42,28,70,173
09/26/2018,TRI,TN,ASO,ES,Combined TRACON& Tower with Radar,4,29,26,0,59,0,0,4,1,5,4,29,30,1,64,4,0,4,68
09/27/2018,TRI,TN,ASO,ES,Combined TRACON& Tower with Radar,8,24,18,3,53,0,0,3,4,7,8,24,21,7,60,4,0,4,64
09/28/2018,TRI,TN,ASO,ES,Combined TRACON& Tower with Radar,4,34,12,3,53,0,0,10,7,17,4,34,22,10,70,12,4,16,86
09/29/2018,TRI,TN,ASO,ES,Combined TRACON& Tower with Radar,2,18,20,0,40,0,0,29,2,31,2,18,49,2,71,25,0,25,96
09/30/2018,TRI,TN,ASO,ES,Combined TRACON& Tower with Radar,6,19,12,2,39,0,0,22,0,22,6,19,34,2,61,64,0,64,125
10/01/2018,TRI,TN,ASO,ES,Combined TRACON& Tower with Radar,6,20,25,4,55,0,0,22,0,22,6,20,47,4,77,44,0,44,121
10/02/2018,TRI,TN,ASO,ES,Combined TRACON& Tower with Radar,8,24,27,14,73,0,1,11,2,14,8,25,38,16,87,15,26,41,128
10/03/2018,TRI,TN,ASO,ES,Combined TRACON& Tower with Radar,6,22,38,12,78,0,0,16,0,16,6,22,54,12,94,16,12,28,122
10/04/2018,TRI,TN,ASO,ES,Combined TRACON& Tower with Radar,8,20,41,0,69,0,2,45,2,49,8,22,86,2,118,20,4,24,142
10/05/2018,TRI,TN,ASO,ES,Combined TRACON& Tower with Radar,8,24,23,0,55,0,2,18,2,22,8,26,41,2,77,16,0,16,93
10/06/2018,TRI,TN,ASO,ES,Combined TRACON& Tower with Radar,6,20,12,0,38,0,3,25,0,28,6,23,37,0,66,8,0,8,74
10/07/2018,TRI,TN,ASO,ES,Combined TRACON& Tower with Radar,8,17,15,0,40,0,4,28,0,32,8,21,43,0,72,94,0,94,166
10/08/2018,TRI,TN,ASO,ES,Combined TRACON& Tower with Radar,4,23,16,0,43,0,2,16,0,18,4,25,32,0,61,20,0,20,81
10/09/2018,TRI,TN,ASO,ES,Combined TRACON& Tower with Radar,8,22,44,0,74,0,4,17,0,21,8,26,61,0,95,36,0,36,131
10/10/2018,TRI,TN,ASO,ES,Combined TRACON& Tower with Radar,6,19,28,8,61,0,5,26,0,31,6,24,54,8,92,6,8,14,106
10/11/2018,TRI,TN,ASO,ES,Combined TRACON& Tower with Radar,10,28,21,0,59,0,1,1,0,2,10,29,22,0,61,2,0,2,63
10/12/2018,TRI,TN,ASO,ES,Combined TRACON& Tower with Radar,6,26,29,2,63,0,0,26,0,26,6,26,55,2,89,86,2,88,177
10/13/2018,TRI,TN,ASO,ES,Combined TRACON& Tower with Radar,4,19,14,10,47,0,2,12,0,14,4,21,26,10,61,6,10,16,77
10/14/2018,TRI,TN,ASO,ES,Combined TRACON& Tower with Radar,6,22,23,0,51,0,0,15,0,15,6,22,38,0,66,40,0,40,106
10/15/2018,TRI,TN,ASO,ES,Combined TRACON& Tower with Radar,6,23,34,8,71,0,1,12,0,13,6,24,46,8,84,40,22,62,146
10/16/2018,TRI,TN,ASO,ES,Combined TRACON& Tower with Radar,8,18,20,2,48,0,3,1,0,4,8,21,21,2,52,2,0,2,54
10/17/2018,TRI,TN,ASO,ES,Combined TRACON& Tower with Radar,6,27,30,4,67,0,0,18,0,18,6,27,48,4,85,22,0,22,107
10/18/2018,TRI,TN,ASO,ES,Combined TRACON& Tower with Radar,8,26,39,2,75,0,2,29,2,33,8,28,68,4,108,40,14,54,162
10/19/2018,TRI,TN,ASO,ES,Combined TRACON& Tower with Radar,8,17,35,0,60,0,2,46,0,48,8,19,81,0,108,60,0,60,168
10/20/2018,TRI,TN,ASO,ES,Combined TRACON& Tower with Radar,4,19,19,0,42,0,1,0,0,1,4,20,19,0,43,4,0,4,47
10/21/2018,TRI,TN,ASO,ES,Combined TRACON& Tower with Radar,8,27,22,0,57,0,2,25,0,27,8,29,47,0,84,56,0,56,140
10/22/2018,TRI,TN,ASO,ES,Combined TRACON& Tower with Radar,6,22,36,12,76,0,6,41,2,49,6,28,77,14,125,44,12,56,181
10/23/2018,TRI,TN,ASO,ES,Combined TRACON& Tower with Radar,8,18,17,0,43,0,0,45,6,51,8,18,62,6,94,30,0,30,124
10/24/2018,TRI,TN,ASO,ES,Combined TRACON& Tower with Radar,6,21,22,0,49,0,2,30,0,32,6,23,52,0,81,20,0,20,101
10/25/2018,TRI,TN,ASO,ES,Combined TRACON& Tower with Radar,8,28,26,2,64,0,1,30,1,32,8,29,56,3,96,44,0,44,140
10/26/2018,TRI,TN,ASO,ES,Combined TRACON& Tower with Radar,6,21,21,0,48,0,1,4,0,5,6,22,25,0,53,2,0,2,55
10/27/2018,TRI,TN,ASO,ES,Combined TRACON& Tower with Radar,4,16,12,1,33,0,0,0,2,2,4,16,12,3,35,0,0,0,35
10/28/2018,TRI,TN,ASO,ES,Combined TRACON& Tower with Radar,6,17,14,1,38,0,2,3,0,5,6,19,17,1,43,34,0,34,77
10/29/2018,TRI,TN,ASO,ES,Combined TRACON& Tower with Radar,6,25,19,0,50,0,1,19,0,20,6,26,38,0,70,24,0,24,94
10/30/2018,TRI,TN,ASO,ES,Combined TRACON& Tower with Radar,9,22,25,11,67,0,2,36,1,39,9,24,61,12,106,26,0,26,132
10/31/2018,TRI,TN,ASO,ES,Combined TRACON& Tower with Radar,5,19,27,7,58,0,0,36,0,36,5,19,63,7,94,18,6,24,118
11/01/2018,TRI,TN,ASO,ES,Combined TRACON& Tower with Radar,8,21,18,0,47,0,3,13,0,16,8,24,31,0,63,36,0,36,99
11/02/2018,TRI,TN,ASO,ES,Combined TRACON& Tower with Radar,6,18,29,10,63,0,1,4,0,5,6,19,33,10,68,2,0,2,70
11/03/2018,TRI,TN,ASO,ES,Combined TRACON& Tower with Radar,2,20,6,0,28,0,3,36,0,39,2,23,42,0,67,30,0,30,97
11/04/2018,TRI,TN,ASO,ES,Combined TRACON& Tower with Radar,6,17,19,0,42,0,6,19,1,26,6,23,38,1,68,10,0,10,78
11/05/2018,TRI,TN,ASO,ES,Combined TRACON& Tower with Radar,4,19,21,0,44,0,5,13,0,18,4,24,34,0,62,70,0,70,132
11/06/2018,TRI,TN,ASO,ES,Combined TRACON& Tower with Radar,4,23,20,0,47,0,3,11,0,14,4,26,31,0,61,46,0,46,107
11/07/2018,TRI,TN,ASO,ES,Combined TRACON& Tower with Radar,4,32,43,0,79,0,2,20,0,22,4,34,63,0,101,30,0,30,131
11/08/2018,TRI,TN,ASO,ES,Combined TRACON& Tower with Radar,6,20,24,0,50,0,5,28,1,34,6,25,52,1,84,26,0,26,110
11/09/2018,TRI,TN,ASO,ES,Combined TRACON& Tower with Radar,2,25,22,0,49,0,0,2,0,2,2,25,24,0,51,0,0,0,51
11/10/2018,TRI,TN,ASO,ES,Combined TRACON& Tower with Radar,2,14,11,0,27,0,1,11,0,12,2,15,22,0,39,4,0,4,43
11/11/2018,TRI,TN,ASO,ES,Combined TRACON& Tower with Radar,4,21,20,0,45,0,2,33,0,35,4,23,53,0,80,62,0,62,142
11/12/2018,TRI,TN,ASO,ES,Combined TRACON& Tower with Radar,4,21,32,0,57,0,2,2,0,4,4,23,34,0,61,0,0,0,61
11/13/2018,TRI,TN,ASO,ES,Combined TRACON& Tower with Radar,4,25,19,0,48,0,0,4,0,4,4,25,23,0,52,0,0,0,52
11/14/2018,TRI,TN,ASO,ES,Combined TRACON& Tower with Radar,4,28,31,13,76,0,1,16,1,18,4,29,47,14,94,2,0,2,96
11/15/2018,TRI,TN,ASO,ES,Combined TRACON& Tower with Radar,6,22,14,0,42,0,0,0,0,0,6,22,14,0,42,0,0,0,42
11/16/2018,TRI,TN,ASO,ES,Combined TRACON& Tower with Radar,4,19,17,0,40,0,2,20,0,22,4,21,37,0,62,14,0,14,76
11/17/2018,TRI,TN,ASO,ES,Combined TRACON& Tower with Radar,2,17,18,4,41,0,2,27,0,29,2,19,45,4,70,22,4,26,96
11/18/2018,TRI,TN,ASO,ES,Combined TRACON& Tower with Radar,6,19,15,0,40,0,0,21,0,21,6,19,36,0,61,72,0,72,133
11/19/2018,TRI,TN,ASO,ES,Combined TRACON& Tower with Radar,4,21,10,18,53,0,0,29,0,29,4,21,39,18,82,16,22,38,120
11/20/2018,TRI,TN,ASO,ES,Combined TRACON& Tower with Radar,10,30,17,7,64,0,3,16,0,19,10,33,33,7,83,4,0,4,87
11/21/2018,TRI,TN,ASO,ES,Combined TRACON& Tower with Radar,4,35,23,0,62,0,2,19,0,21,4,37,42,0,83,22,0,22,105
11/22/2018,TRI,TN,ASO,ES,Combined TRACON& Tower with Radar,2,7,3,0,12,0,0,13,0,13,2,7,16,0,25,8,0,8,33
11/23/2018,TRI,TN,ASO,ES,Combined TRACON& Tower with Radar,2,21,5,0,28,0,2,17,0,19,2,23,22,0,47,40,0,40,87
11/24/2018,TRI,TN,ASO,ES,Combined TRACON& Tower with Radar,8,25,7,0,40,0,1,0,0,1,8,26,7,0,41,0,0,0,41
11/25/2018,TRI,TN,ASO,ES,Combined TRACON& Tower with Radar,9,23,13,0,45,0,2,20,0,22,9,25,33,0,67,30,0,30,97
11/26/2018,TRI,TN,ASO,ES,Combined TRACON& Tower with Radar,6,26,14,0,46,0,3,10,0,13,6,29,24,0,59,8,0,8,67
11/27/2018,TRI,TN,ASO,ES,Combined TRACON& Tower with Radar,2,30,14,0,46,0,1,7,0,8,2,31,21,0,54,0,0,0,54
11/28/2018,TRI,TN,ASO,ES,Combined TRACON& Tower with Radar,4,20,20,11,55,0,6,13,0,19,4,26,33,11,74,8,10,18,92
11/29/2018,TRI,TN,ASO,ES,Combined TRACON& Tower with Radar,8,23,19,0,50,0,0,12,0,12,8,23,31,0,62,14,0,14,76
11/30/2018,TRI,TN,ASO,ES,Combined TRACON& Tower with Radar,3,27,20,0,50,0,0,0,0,0,3,27,20,0,50,0,0,0,50
12/01/2018,TRI,TN,ASO,ES,Combined TRACON& Tower with Radar,5,17,17,0,39,0,2,6,0,8,5,19,23,0,47,6,0,6,53
12/02/2018,TRI,TN,ASO,ES,Combined TRACON& Tower with Radar,7,16,8,0,31,0,1,17,0,18,7,17,25,0,49,32,0,32,81
12/03/2018,TRI,TN,ASO,ES,Combined TRACON& Tower with Radar,5,19,21,0,45,0,3,26,0,29,5,22,47,0,74,0,0,0,74
12/04/2018,TRI,TN,ASO,ES,Combined TRACON& Tower with Radar,2,29,18,0,49,0,2,7,0,9,2,31,25,0,58,36,0,36,94
12/05/2018,TRI,TN,ASO,ES,Combined TRACON& Tower with Radar,4,24,21,0,49,0,0,8,0,8,4,24,29,0,57,10,0,10,67
12/06/2018,TRI,TN,ASO,ES,Combined TRACON& Tower with Radar,8,32,17,11,68,0,4,16,0,20,8,36,33,11,88,14,12,26,114
12/07/2018,TRI,TN,ASO,ES,Combined TRACON& Tower with Radar,4,19,31,0,54,0,2,15,0,17,4,21,46,0,71,40,0,40,111
12/08/2018,TRI,TN,ASO,ES,Combined TRACON& Tower with Radar,3,11,14,0,28,0,1,23,0,24,3,12,37,0,52,26,0,26,78
12/09/2018,TRI,TN,ASO,ES,Combined TRACON& Tower with Radar,6,6,3,0,15,0,0,0,0,0,6,6,3,0,15,0,0,0,15
12/10/2018,TRI,TN,ASO,ES,Combined TRACON& Tower with Radar,5,15,12,0,32,0,5,11,0,16,5,20,23,0,48,16,0,16,64
12/11/2018,TRI,TN,ASO,ES,Combined TRACON& Tower with Radar,2,18,29,3,52,0,0,31,1,32,2,18,60,4,84,34,2,36,120
12/12/2018,TRI,TN,ASO,ES,Combined TRACON& Tower with Radar,4,29,28,0,61,0,2,27,1,30,4,31,55,1,91,40,0,40,131
12/13/2018,TRI,TN,ASO,ES,Combined TRACON& Tower with Radar,6,21,27,4,58,0,2,28,0,30,6,23,55,4,88,20,0,20,108
12/14/2018,TRI,TN,ASO,ES,Combined TRACON& Tower with Radar,4,21,14,0,39,0,2,10,0,12,4,23,24,0,51,32,24,56,107
12/15/2018,TRI,TN,ASO,ES,Combined TRACON& Tower with Radar,4,15,12,0,31,0,2,13,0,15,4,17,25,0,46,10,0,10,56
12/16/2018,TRI,TN,ASO,ES,Combined TRACON& Tower with Radar,6,15,11,0,32,0,0,0,0,0,6,15,11,0,32,0,0,0,32
12/17/2018,TRI,TN,ASO,ES,Combined TRACON& Tower with Radar,4,24,22,0,50,0,0,18,0,18,4,24,40,0,68,42,0,42,110
12/18/2018,TRI,TN,ASO,ES,Combined TRACON& Tower with Radar,2,24,35,16,77,0,0,23,1,24,2,24,58,17,101,50,0,50,151
12/19/2018,TRI,TN,ASO,ES,Combined TRACON& Tower with Radar,4,22,29,9,64,0,0,22,1,23,4,22,51,10,87,30,22,52,139
12/20/2018,TRI,TN,ASO,ES,Combined TRACON& Tower with Radar,8,25,25,0,58,0,0,6,0,6,8,25,31,0,64,16,0,16,80
12/21/2018,TRI,TN,ASO,ES,Combined TRACON& Tower with Radar,2,20,19,0,41,0,1,0,0,1,2,21,19,0,42,0,0,0,42
12/22/2018,TRI,TN,ASO,ES,Combined TRACON& Tower with Radar,5,22,15,0,42,0,7,15,0,22,5,29,30,0,64,22,0,22,86
12/23/2018,TRI,TN,ASO,ES,Combined TRACON& Tower with Radar,6,14,11,0,31,0,0,13,0,13,6,14,24,0,44,2,0,2,46
12/24/2018,TRI,TN,ASO,ES,Combined TRACON& Tower with Radar,4,11,4,0,19,0,0,3,0,3,4,11,7,0,22,4,0,4,26
12/25/2018,TRI,TN,ASO,ES,Combined TRACON& Tower with Radar,4,9,0,0,13,0,1,2,0,3,4,10,2,0,16,0,0,0,16
12/26/2018,TRI,TN,ASO,ES,Combined TRACON& Tower with Radar,4,24,21,0,49,0,2,27,0,29,4,26,48,0,78,12,0,12,90
12/27/2018,TRI,TN,ASO,ES,Combined TRACON& Tower with Radar,6,19,19,0,44,0,3,6,2,11,6,22,25,2,55,0,0,0,55
12/28/2018,TRI,TN,ASO,ES,Combined TRACON& Tower with Radar,9,27,8,0,44,0,0,0,0,0,9,27,8,0,44,0,0,0,44
12/29/2018,TRI,TN,ASO,ES,Combined TRACON& Tower with Radar,8,20,19,0,47,0,0,16,0,16,8,20,35,0,63,0,0,0,63
12/30/2018,TRI,TN,ASO,ES,Combined TRACON& Tower with Radar,5,19,11,0,35,0,4,20,0,24,5,23,31,0,59,38,0,38,97
12/31/2018,TRI,TN,ASO,ES,Combined TRACON& Tower with Radar,4,16,8,0,28,0,0,7,0,7,4,16,15,0,35,0,0,0,35
01/01/2019,TRI,TN,ASO,ES,Combined TRACON& Tower with Radar,6,11,14,0,31,0,0,22,0,22,6,11,36,0,53,0,0,0,53
01/02/2019,TRI,TN,ASO,ES,Combined TRACON& Tower with Radar,4,15,11,0,30,0,3,1,0,4,4,18,12,0,34,0,0,0,34
01/03/2019,TRI,TN,ASO,ES,Combined TRACON& Tower with Radar,6,18,23,0,47,0,0,4,0,4,6,18,27,0,51,0,0,0,51
01/04/2019,TRI,TN,ASO,ES,Combined TRACON& Tower with Radar,3,25,12,4,44,0,2,11,0,13,3,27,23,4,57,26,2,28,85
01/05/2019,TRI,TN,ASO,ES,Combined TRACON& Tower with Radar,2,19,10,0,31,0,2,6,2,10,2,21,16,2,41,24,0,24,65
01/06/2019,TRI,TN,ASO,ES,Combined TRACON& Tower with Radar,4,17,13,0,34,0,4,29,0,33,4,21,42,0,67,50,0,50,117
01/07/2019,TRI,TN,ASO,ES,Combined TRACON& Tower with Radar,2,22,17,32,73,0,4,22,0,26,2,26,39,32,99,8,38,46,145
01/08/2019,TRI,TN,ASO,ES,Combined TRACON& Tower with Radar,2,21,24,15,62,0,5,14,0,19,2,26,38,15,81,0,28,28,109
01/09/2019,TRI,TN,ASO,ES,Combined TRACON& Tower with Radar,2,23,18,0,43,0,2,6,6,14,2,25,24,6,57,0,16,16,73
01/10/2019,TRI,TN,ASO,ES,Combined TRACON& Tower with Radar,4,26,23,14,67,0,0,14,2,16,4,26,37,16,83,14,20,34,117
01/11/2019,TRI,TN,ASO,ES,Combined TRACON& Tower with Radar,2,24,20,37,83,0,2,33,78,113,2,26,53,115,196,0,0,0,196
01/12/2019,TRI,TN,ASO,ES,Combined TRACON& Tower with Radar,2,17,9,0,28,0,0,11,0,11,2,17,20,0,39,8,0,8,47
01/13/2019,TRI,TN,ASO,ES,Combined TRACON& Tower with Radar,4,16,12,0,32,0,0,0,0,0,4,16,12,0,32,0,0,0,32
01/14/2019,TRI,TN,ASO,ES,Combined TRACON& Tower with Radar,2,21,10,0,33,0,0,5,0,5,2,21,15,0,38,2,0,2,40
01/15/2019,TRI,TN,ASO,ES,Combined TRACON& Tower with Radar,2,24,35,4,65,0,4,8,0,12,2,28,43,4,77,12,0,12,89
01/16/2019,TRI,TN,ASO,ES,Combined TRACON& Tower with Radar,2,25,23,4,54,0,2,4,0,6,2,27,27,4,60,8,2,10,70
01/17/2019,TRI,TN,ASO,ES,Combined TRACON& Tower with Radar,4,33,18,7,62,0,1,0,0,1,4,34,18,7,63,2,18,20,83
01/18/2019,TRI,TN,ASO,ES,Combined TRACON& Tower with Radar,2,19,17,0,38,0,1,12,0,13,2,20,29,0,51,0,0,0,51
01/19/2019,TRI,TN,ASO,ES,Combined TRACON& Tower with Radar,1,13,4,0,18,0,2,30,0,32,1,15,34,0,50,0,0,0,50
01/20/2019,TRI,TN,ASO,ES,Combined TRACON& Tower with Radar,3,14,9,0,26,0,2,0,0,2,3,16,9,0,28,0,0,0,28
01/21/2019,TRI,TN,ASO,ES,Combined TRACON& Tower with Radar,2,22,15,0,39,0,0,18,0,18,2,22,33,0,57,12,0,12,69
01/22/2019,TRI,TN,ASO,ES,Combined TRACON& Tower with Radar,2,33,25,4,64,0,6,29,0,35,2,39,54,4,99,88,6,94,193
01/23/2019,TRI,TN,ASO,ES,Combined TRACON& Tower with Radar,2,25,10,0,37,0,3,8,0,11,2,28,18,0,48,38,0,38,86
01/24/2019,TRI,TN,ASO,ES,Combined TRACON& Tower with Radar,4,25,7,0,36,0,7,2,0,9,4,32,9,0,45,0,0,0,45
01/25/2019,TRI,TN,ASO,ES,Combined TRACON& Tower with Radar,2,26,17,0,45,0,2,69,0,71,2,28,86,0,116,0,0,0,116
01/26/2019,TRI,TN,ASO,ES,Combined TRACON& Tower with Radar,1,15,7,0,23,0,0,13,0,13,1,15,20,0,36,48,0,48,84
01/27/2019,TRI,TN,ASO,ES,Combined TRACON& Tower with Radar,3,22,16,0,41,0,1,8,0,9,3,23,24,0,50,8,0,8,58
01/28/2019,TRI,TN,ASO,ES,Combined TRACON& Tower with Radar,2,23,22,0,47,0,2,17,0,19,2,25,39,0,66,33,0,33,99
01/29/2019,TRI,TN,ASO,ES,Combined TRACON& Tower with Radar,2,17,13,0,32,0,0,2,0,2,2,17,15,0,34,0,0,0,34
01/30/2019,TRI,TN,ASO,ES,Combined TRACON& Tower with Radar,2,29,15,0,46,0,0,1,0,1,2,29,16,0,47,2,0,2,49
01/31/2019,TRI,TN,ASO,ES,Combined TRACON& Tower with Radar,4,24,13,15,56,0,2,9,0,11,4,26,22,15,67,8,8,16,83
02/01/2019,TRI,TN,ASO,ES,Combined TRACON& Tower with Radar,2,24,32,0,58,0,0,12,0,12,2,24,44,0,70,6,0,6,76
02/02/2019,TRI,TN,ASO,ES,Combined TRACON& Tower with Radar,1,13,9,0,23,0,2,23,0,25,1,15,32,0,48,34,0,34,82
02/03/2019,TRI,TN,ASO,ES,Combined TRACON& Tower with Radar,5,16,8,0,29,0,3,22,2,27,5,19,30,2,56,20,0,20,76
02/04/2019,TRI,TN,ASO,ES,Combined TRACON& Tower with Radar,2,23,10,3,38,0,1,5,0,6,2,24,15,3,44,20,0,20,64
02/05/2019,TRI,TN,ASO,ES,Combined TRACON& Tower with Radar,4,19,18,0,41,0,0,7,0,7,4,19,25,0,48,0,0,0,48
02/06/2019,TRI,TN,ASO,ES,Combined TRACON& Tower with Radar,2,30,17,9,58,0,0,3,0,3,2,30,20,9,61,10,22,32,93
02/07/2019,TRI,TN,ASO,ES,Combined TRACON& Tower with Radar,4,35,26,0,65,0,2,9,0,11,4,37,35,0,76,12,0,12,88
02/08/2019,TRI,TN,ASO,ES,Combined TRACON& Tower with Radar,4,30,23,0,57,0,2,19,0,21,4,32,42,0,78,0,0,0,78
02/09/2019,TRI,TN,ASO,ES,Combined TRACON& Tower with Radar,2,16,14,0,32,0,4,33,0,37,2,20,47,0,69,32,0,32,101
02/10/2019,TRI,TN,ASO,ES,Combined TRACON& Tower with Radar,4,19,0,0,23,0,0,0,0,0,4,19,0,0,23,0,0,0,23
02/11/2019,TRI,TN,ASO,ES,Combined TRACON& Tower with Radar,3,27,18,0,48,0,0,0,0,0,3,27,18,0,48,0,0,0,48
02/12/2019,TRI,TN,ASO,ES,Combined TRACON& Tower with Radar,2,21,23,0,46,0,2,1,0,3,2,23,24,0,49,0,0,0,49
02/13/2019,TRI,TN,ASO,ES,Combined TRACON& Tower with Radar,2,24,9,14,49,0,5,5,0,10,2,29,14,14,59,6,12,18,77
02/14/2019,TRI,TN,ASO,ES,Combined TRACON& Tower with Radar,6,31,33,0,70,0,0,31,0,31,6,31,64,0,101,30,0,30,131
02/15/2019,TRI,TN,ASO,ES,Combined TRACON& Tower with Radar,2,26,18,3,49,0,6,51,1,58,2,32,69,4,107,0,0,0,107
02/16/2019,TRI,TN,ASO,ES,Combined TRACON& Tower with Radar,1,19,19,0,39,0,2,6,0,8,1,21,25,0,47,4,0,4,51
02/17/2019,TRI,TN,ASO,ES,Combined TRACON& Tower with Radar,3,17,2,0,22,0,1,0,0,1,3,18,2,0,23,0,0,0,23
02/18/2019,TRI,TN,ASO,ES,Combined TRACON& Tower with Radar,2,28,34,0,64,0,7,15,0,22,2,35,49,0,86,0,0,0,86
02/19/2019,TRI,TN,ASO,ES,Combined TRACON& Tower with Radar,4,30,25,14,73,0,3,12,0,15,4,33,37,14,88,34,30,64,152
02/20/2019,TRI,TN,ASO,ES,Combined TRACON& Tower with Radar,4,21,14,0,39,0,2,1,0,3,4,23,15,0,42,36,10,46,88
02/21/2019,TRI,TN,ASO,ES,Combined TRACON& Tower with Radar,4,22,20,10,56,0,0,0,0,0,4,22,20,10,56,2,10,12,68
02/22/2019,TRI,TN,ASO,ES,Combined TRACON& Tower with Radar,2,24,14,0,40,0,3,16,0,19,2,27,30,0,59,0,0,0,59
02/23/2019,TRI,TN,ASO,ES,Combined TRACON& Tower with Radar,2,16,9,0,27,0,0,0,0,0,2,16,9,0,27,0,0,0,27
02/24/2019,TRI,TN,ASO,ES,Combined TRACON& Tower with Radar,4,18,2,0,24,0,1,3,0,4,4,19,5,0,28,0,0,0,28
02/25/2019,TRI,TN,ASO,ES,Combined TRACON& Tower with Radar,2,26,18,18,64,0,0,94,28,122,2,26,112,46,186,0,0,0,186
02/26/2019,TRI,TN,ASO,ES,Combined TRACON& Tower with Radar,2,24,27,2,55,0,3,35,0,38,2,27,62,2,93,54,2,56,149
02/27/2019,TRI,TN,ASO,ES,Combined TRACON& Tower with Radar,4,29,15,5,53,0,2,11,0,13,4,31,26,5,66,4,0,4,70
02/28/2019,TRI,TN,ASO,ES,Combined TRACON& Tower with Radar,4,25,23,5,57,0,2,3,0,5,4,27,26,5,62,10,16,26,88
03/01/2019,TRI,TN,ASO,ES,Combined TRACON& Tower with Radar,3,22,8,0,33,0,0,0,0,0,3,22,8,0,33,0,0,0,33
03/02/2019,TRI,TN,ASO,ES,Combined TRACON& Tower with Radar,3,24,14,0,41,0,6,22,0,28,3,30,36,0,69,12,0,12,81
03/03/2019,TRI,TN,ASO,ES,Combined TRACON& Tower with Radar,4,18,6,0,28,0,0,0,0,0,4,18,6,0,28,6,0,6,34
03/04/2019,TRI,TN,ASO,ES,Combined TRACON& Tower with Radar,4,24,10,0,38,0,3,5,0,8,4,27,15,0,46,32,0,32,78
03/05/2019,TRI,TN,ASO,ES,Combined TRACON& Tower with Radar,4,26,26,6,62,0,2,9,4,15,4,28,35,10,77,10,0,10,87
03/06/2019,TRI,TN,ASO,ES,Combined TRACON& Tower with Radar,4,22,23,9,58,0,4,11,7,22,4,26,34,16,80,4,6,10,90
03/07/2019,TRI,TN,ASO,ES,Combined TRACON& Tower with Radar,5,28,19,27,79,0,0,13,0,13,5,28,32,27,92,2,58,60,152
03/08/2019,TRI,TN,ASO,ES,Combined TRACON& Tower with Radar,4,22,10,0,36,0,1,4,0,5,4,23,14,0,41,0,0,0,41
03/09/2019,TRI,TN,ASO,ES,Combined TRACON& Tower with Radar,3,20,7,0,30,0,2,7,0,9,3,22,14,0,39,16,0,16,55
03/10/2019,TRI,TN,ASO,ES,Combined TRACON& Tower with Radar,5,24,5,0,34,0,2,6,2,10,5,26,11,2,44,12,0,12,56
03/11/2019,TRI,TN,ASO,ES,Combined TRACON& Tower with Radar,4,29,27,5,65,0,2,29,0,31,4,31,56,5,96,26,4,30,126
03/12/2019,TRI,TN,ASO,ES,Combined TRACON& Tower with Radar,6,23,27,27,83,0,6,43,3,52,6,29,70,30,135,12,44,56,191
03/13/2019,TRI,TN,ASO,ES,Combined TRACON& Tower with Radar,4,24,22,0,50,0,2,10,4,16,4,26,32,4,66,8,2,10,76
03/14/2019,TRI,TN,ASO,ES,Combined TRACON& Tower with Radar,8,24,28,0,60,0,1,13,0,14,8,25,41,0,74,12,0,12,86
03/15/2019,TRI,TN,ASO,ES,Combined TRACON& Tower with Radar,4,24,17,0,45,0,5,2,1,8,4,29,19,1,53,4,0,4,57
03/16/2019,TRI,TN,ASO,ES,Combined TRACON& Tower with Radar,3,21,16,0,40,0,0,29,0,29,3,21,45,0,69,12,0,12,81
03/17/2019,TRI,TN,ASO,ES,Combined TRACON& Tower with Radar,5,22,5,0,32,0,0,13,0,13,5,22,18,0,45,8,0,8,53
03/18/2019,TRI,TN,ASO,ES,Combined TRACON& Tower with Radar,4,22,14,0,40,0,4,11,4,19,4,26,25,4,59,36,0,36,95
03/19/2019,TRI,TN,ASO,ES,Combined TRACON& Tower with Radar,6,24,16,47,93,0,2,40,2,44,6,26,56,49,137,34,54,88,225
03/20/2019,TRI,TN,ASO,ES,Combined TRACON& Tower with Radar,4,23,39,7,73,0,0,29,0,29,4,23,68,7,102,24,10,34,136
03/21/2019,TRI,TN,ASO,ES,Combined TRACON& Tower with Radar,6,20,15,0,41,0,0,5,0,5,6,20,20,0,46,30,0,30,76
03/22/2019,TRI,TN,ASO,ES,Combined TRACON& Tower with Radar,4,24,9,0,37,0,0,5,2,7,4,24,14,2,44,0,0,0,44
03/23/2019,TRI,TN,ASO,ES,Combined TRACON& Tower with Radar,3,15,27,0,45,0,2,44,0,46,3,17,71,0,91,50,0,50,141
03/24/2019,TRI,TN,ASO,ES,Combined TRACON& Tower with Radar,5,17,11,0,33,0,0,24,0,24,5,17,35,0,57,26,0,26,83
03/25/2019,TRI,TN,ASO,ES,Combined TRACON& Tower with Radar,4,24,14,0,42,0,3,0,0,3,4,27,14,0,45,8,0,8,53
03/26/2019,TRI,TN,ASO,ES,Combined TRACON& Tower with Radar,6,27,14,11,58,0,5,7,0,12,6,32,21,11,70,14,14,28,98
03/27/2019,TRI,TN,ASO,ES,Combined TRACON& Tower with Radar,4,25,15,12,56,0,2,17,0,19,4,27,32,12,75,44,34,78,153
03/28/2019,TRI,TN,ASO,ES,Combined TRACON& Tower with Radar,6,32,23,2,63,0,2,21,0,23,6,34,44,2,86,30,2,32,118
03/29/2019,TRI,TN,ASO,ES,Combined TRACON& Tower with Radar,4,24,19,0,47,0,1,31,0,32,4,25,50,0,79,32,0,32,111
03/30/2019,TRI,TN,ASO,ES,Combined TRACON& Tower with Radar,3,21,8,0,32,0,3,10,0,13,3,24,18,0,45,4,0,4,49
03/31/2019,TRI,TN,ASO,ES,Combined TRACON& Tower with Radar,5,31,11,0,47,0,2,4,0,6,5,33,15,0,53,2,0,2,55
04/01/2019,TRI,TN,ASO,ES,Combined TRACON& Tower with Radar,3,24,12,10,49,0,0,19,0,19,3,24,31,10,68,0,0,0,68
04/02/2019,TRI,TN,ASO,ES,Combined TRACON& Tower with Radar,5,24,25,17,71,0,2,25,0,27,5,26,50,17,98,40,26,66,164
04/03/2019,TRI,TN,ASO,ES,Combined TRACON& Tower with Radar,4,20,26,1,51,0,8,24,1,33,4,28,50,2,84,26,0,26,110
04/04/2019,TRI,TN,ASO,ES,Combined TRACON& Tower with Radar,6,28,32,17,83,0,2,21,3,26,6,30,53,20,109,18,14,32,141
04/05/2019,TRI,TN,ASO,ES,Combined TRACON& Tower with Radar,4,29,49,0,82,0,4,9,0,13,4,33,58,0,95,0,0,0,95
04/06/2019,TRI,TN,ASO,ES,Combined TRACON& Tower with Radar,4,21,36,0,61,0,5,22,0,27,4,26,58,0,88,8,0,8,96
04/07/2019,TRI,TN,ASO,ES,Combined TRACON& Tower with Radar,6,18,62,0,86,0,1,14,2,17,6,19,76,2,103,0,0,0,103
04/08/2019,TRI,TN,ASO,ES,Combined TRACON& Tower with Radar,17,15,9,0,41,0,1,0,0,1,17,16,9,0,42,0,0,0,42
04/09/2019,TRI,TN,ASO,ES,Combined TRACON& Tower with Radar,17,22,22,2,63,0,6,19,0,25,17,28,41,2,88,16,0,16,104
04/10/2019,TRI,TN,ASO,ES,Combined TRACON& Tower with Radar,4,25,22,2,53,0,4,38,0,42,4,29,60,2,95,25,0,25,120
04/11/2019,TRI,TN,ASO,ES,Combined TRACON& Tower with Radar,6,26,27,2,61,0,4,9,0,13,6,30,36,2,74,32,0,32,106
04/12/2019,TRI,TN,ASO,ES,Combined TRACON& Tower with Radar,6,33,20,0,59,0,2,1,0,3,6,35,21,0,62,2,0,2,64
04/13/2019,TRI,TN,ASO,ES,Combined TRACON& Tower with Radar,4,16,12,0,32,0,1,17,0,18,4,17,29,0,50,18,0,18,68
04/14/2019,TRI,TN,ASO,ES,Combined TRACON& Tower with Radar,5,18,7,0,30,0,3,0,0,3,5,21,7,0,33,0,0,0,33
04/15/2019,TRI,TN,ASO,ES,Combined TRACON& Tower with Radar,3,28,17,0,48,0,5,5,0,10,3,33,22,0,58,28,0,28,86
04/16/2019,TRI,TN,ASO,ES,Combined TRACON& Tower with Radar,4,24,28,0,56,0,0,18,0,18,4,24,46,0,74,40,0,40,114
04/17/2019,TRI,TN,ASO,ES,Combined TRACON& Tower with Radar,4,26,23,0,53,0,6,29,1,36,4,32,52,1,89,54,0,54,143
04/18/2019,TRI,TN,ASO,ES,Combined TRACON& Tower with Radar,6,27,16,0,49,0,1,11,0,12,6,28,27,0,61,38,0,38,99
04/19/2019,TRI,TN,ASO,ES,Combined TRACON& Tower with Radar,2,22,6,0,30,0,2,0,0,2,2,24,6,0,32,2,0,2,34
04/20/2019,TRI,TN,ASO,ES,Combined TRACON& Tower with Radar,3,14,4,6,27,0,0,0,0,0,3,14,4,6,27,0,0,0,27
04/21/2019,TRI,TN,ASO,ES,Combined TRACON& Tower with Radar,6,17,13,0,36,0,4,13,0,17,6,21,26,0,53,0,0,0,53
04/22/2019,TRI,TN,ASO,ES,Combined TRACON& Tower with Radar,4,29,28,10,71,0,6,23,1,30,4,35,51,11,101,32,14,46,147
04/23/2019,TRI,TN,ASO,ES,Combined TRACON& Tower with Radar,4,22,28,6,60,0,0,19,2,21,4,22,47,8,81,30,6,36,117
04/24/2019,TRI,TN,ASO,ES,Combined TRACON& Tower with Radar,4,20,44,0,68,0,5,29,3,37,4,25,73,3,105,68,0,68,173
04/25/2019,TRI,TN,ASO,ES,Combined TRACON& Tower with Radar,6,24,27,0,57,0,2,11,0,13,6,26,38,0,70,22,0,22,92
04/26/2019,TRI,TN,ASO,ES,Combined TRACON& Tower with Radar,10,20,18,1,49,0,4,7,0,11,10,24,25,1,60,0,0,0,60
04/27/2019,TRI,TN,ASO,ES,Combined TRACON& Tower with Radar,4,13,15,0,32,0,0,52,0,52,4,13,67,0,84,0,0,0,84
04/28/2019,TRI,TN,ASO,ES,Combined TRACON& Tower with Radar,5,22,5,0,32,0,2,9,2,13,5,24,14,2,45,0,0,0,45
04/29/2019,TRI,TN,ASO,ES,Combined TRACON& Tower with Radar,3,29,27,16,75,0,6,17,2,25,3,35,44,18,100,18,22,40,140
04/30/2019,TRI,TN,ASO,ES,Combined TRACON& Tower with Radar,4,24,19,34,81,0,2,8,2,12,4,26,27,36,93,8,46,54,147
05/01/2019,TRI,TN,ASO,ES,Combined TRACON& Tower with Radar,3,29,36,0,68,0,0,25,0,25,3,29,61,0,93,14,0,14,107
05/02/2019,TRI,TN,ASO,ES,Combined TRACON& Tower with Radar,6,28,20,0,54,0,2,17,6,25,6,30,37,6,79,74,0,74,153
05/03/2019,TRI,TN,ASO,ES,Combined TRACON& Tower with Radar,4,24,11,12,51,0,2,24,2,28,4,26,35,14,79,0,36,36,115
05/04/2019,TRI,TN,ASO,ES,Combined TRACON& Tower with Radar,8,11,7,3,29,0,1,6,0,7,8,12,13,3,36,8,4,12,48
05/05/2019,TRI,TN,ASO,ES,Combined TRACON& Tower with Radar,8,14,27,2,51,0,3,1,1,5,8,17,28,3,56,16,0,16,72
05/06/2019,TRI,TN,ASO,ES,Combined TRACON& Tower with Radar,6,22,19,2,49,0,5,28,1,34,6,27,47,3,83,19,0,19,102
05/07/2019,TRI,TN,ASO,ES,Combined TRACON& Tower with Radar,8,26,26,12,72,0,2,19,0,21,8,28,45,12,93,10,12,22,115
05/08/2019,TRI,TN,ASO,ES,Combined TRACON& Tower with Radar,4,25,41,18,88,0,6,20,3,29,4,31,61,21,117,16,16,32,149
05/09/2019,TRI,TN,ASO,ES,Combined TRACON& Tower with Radar,6,29,34,8,77,0,0,15,2,17,6,29,49,10,94,8,14,22,116
05/10/2019,TRI,TN,ASO,ES,Combined TRACON& Tower with Radar,6,23,28,0,57,0,2,21,12,35,6,25,49,12,92,0,12,12,104
05/11/2019,TRI,TN,ASO,ES,Combined TRACON& Tower with Radar,4,14,7,0,25,0,1,0,0,1,4,15,7,0,26,0,0,0,26
05/12/2019,TRI,TN,ASO,ES,Combined TRACON& Tower with Radar,6,23,8,0,37,0,0,1,0,1,6,23,9,0,38,2,0,2,40
05/13/2019,TRI,TN,ASO,ES,Combined TRACON& Tower with Radar,6,28,26,6,66,0,2,11,0,13,6,30,37,6,79,0,0,0,79
05/14/2019,TRI,TN,ASO,ES,Combined TRACON& Tower with Radar,4,28,41,8,81,0,4,20,2,26,4,32,61,10,107,34,0,34,141
05/15/2019,TRI,TN,ASO,ES,Combined TRACON& Tower with Radar,4,34,29,2,69,0,0,37,0,37,4,34,66,2,106,72,0,72,178
05/16/2019,TRI,TN,ASO,ES,Combined TRACON& Tower with Radar,6,38,24,0,68,0,0,29,4,33,6,38,53,4,101,14,0,14,115
05/17/2019,TRI,TN,ASO,ES,Combined TRACON& Tower with Radar,4,29,19,0,52,0,4,12,2,18,4,33,31,2,70,16,0,16,86
05/18/2019,TRI,TN,ASO,ES,Combined TRACON& Tower with Radar,4,16,9,14,43,0,4,16,0,20,4,20,25,14,63,4,14,18,81
05/19/2019,TRI,TN,ASO,ES,Combined TRACON& Tower with Radar,6,25,12,0,43,0,2,23,0,25,6,27,35,0,68,0,0,0,68
05/20/2019,TRI,TN,ASO,ES,Combined TRACON& Tower with Radar,4,25,14,2,45,0,0,19,0,19,4,25,33,2,64,16,2,18,82
05/21/2019,TRI,TN,ASO,ES,Combined TRACON& Tower with Radar,4,34,24,1,63,0,2,25,0,27,4,36,49,1,90,42,2,44,134
05/22/2019,TRI,TN,ASO,ES,Combined TRACON& Tower with Radar,4,35,19,0,58,0,2,15,4,21,4,37,34,4,79,16,0,16,95
05/23/2019,TRI,TN,ASO,ES,Combined TRACON& Tower with Radar,8,27,29,4,68,0,0,34,0,34,8,27,63,4,102,46,0,46,148
05/24/2019,TRI,TN,ASO,ES,Combined TRACON& Tower with Radar,6,31,19,2,58,0,3,62,0,65,6,34,81,2,123,0,0,0,123
05/25/2019,TRI,TN,ASO,ES,Combined TRACON& Tower with Radar,4,17,18,0,39,0,4,28,0,32,4,21,46,0,71,32,0,32,103
05/26/2019,TRI,TN,ASO,ES,Combined TRACON& Tower with Radar,6,19,9,0,34,0,4,12,0,16,6,23,21,0,50,0,0,0,50
05/27/2019,TRI,TN,ASO,ES,Combined TRACON& Tower with Radar,4,28,14,0,46,0,0,18,2,20,4,28,32,2,66,16,0,16,82
05/28/2019,TRI,TN,ASO,ES,Combined TRACON& Tower with Radar,6,31,16,0,53,0,6,26,0,32,6,37,42,0,85,46,0,46,131
05/29/2019,TRI,TN,ASO,ES,Combined TRACON& Tower with Radar,4,27,30,0,61,0,2,23,0,25,4,29,53,0,86,0,0,0,86
05/30/2019,TRI,TN,ASO,ES,Combined TRACON& Tower with Radar,5,32,25,0,62,0,0,63,2,65,5,32,88,2,127,0,0,0,127
05/31/2019,TRI,TN,ASO,ES,Combined TRACON& Tower with Radar,7,28,15,0,50,0,0,45,0,45,7,28,60,0,95,0,0,0,95
06/01/2019,TRI,TN,ASO,ES,Combined TRACON& Tower with Radar,5,15,19,0,39,0,0,45,0,45,5,15,64,0,84,46,0,46,130
06/02/2019,TRI,TN,ASO,ES,Combined TRACON& Tower with Radar,6,25,34,0,65,0,0,57,0,57,6,25,91,0,122,0,0,0,122
06/03/2019,TRI,TN,ASO,ES,Combined TRACON& Tower with Radar,8,30,24,95,157,0,0,22,4,26,8,30,46,99,183,30,118,148,331
06/04/2019,TRI,TN,ASO,ES,Combined TRACON& Tower with Radar,6,33,23,0,62,0,0,29,0,29,6,33,52,0,91,20,2,22,113
06/05/2019,TRI,TN,ASO,ES,Combined TRACON& Tower with Radar,4,28,18,0,50,0,4,3,0,7,4,32,21,0,57,14,0,14,71
06/06/2019,TRI,TN,ASO,ES,Combined TRACON& Tower with Radar,6,27,36,0,69,0,0,10,0,10,6,27,46,0,79,16,0,16,95
06/07/2019,TRI,TN,ASO,ES,Combined TRACON& Tower with Radar,5,24,19,0,48,0,2,1,0,3,5,26,20,0,51,6,0,6,57
06/08/2019,TRI,TN,ASO,ES,Combined TRACON& Tower with Radar,6,22,17,0,45,0,0,6,0,6,6,22,23,0,51,6,0,6,57
06/09/2019,TRI,TN,ASO,ES,Combined TRACON& Tower with Radar,4,29,8,0,41,0,0,3,0,3,4,29,11,0,44,0,0,0,44
06/10/2019,TRI,TN,ASO,ES,Combined TRACON& Tower with Radar,4,24,12,0,40,0,2,10,0,12,4,26,22,0,52,0,0,0,52
06/11/2019,TRI,TN,ASO,ES,Combined TRACON& Tower with Radar,4,27,23,4,58,0,2,35,4,41,4,29,58,8,99,24,0,24,123
06/12/2019,TRI,TN,ASO,ES,Combined TRACON& Tower with Radar,2,34,28,2,66,0,1,53,0,54,2,35,81,2,120,0,2,2,122
06/13/2019,TRI,TN,ASO,ES,Combined TRACON& Tower with Radar,4,26,31,2,63,0,2,29,0,31,4,28,60,2,94,0,2,2,96
06/14/2019,TRI,TN,ASO,ES,Combined TRACON& Tower with Radar,4,32,37,1,74,0,0,145,25,170,4,32,182,26,244,0,0,0,244
06/15/2019,TRI,TN,ASO,ES,Combined TRACON& Tower with Radar,2,27,16,0,45,0,0,14,0,14,2,27,30,0,59,20,0,20,79
06/16/2019,TRI,TN,ASO,ES,Combined TRACON& Tower with Radar,4,20,24,4,52,0,0,24,0,24,4,20,48,4,76,26,4,30,106
06/17/2019,TRI,TN,ASO,ES,Combined TRACON& Tower with Radar,6,22,20,0,48,0,1,9,0,10,6,23,29,0,58,44,0,44,102
06/18/2019,TRI,TN,ASO,ES,Combined TRACON& Tower with Radar,4,31,12,0,47,0,0,2,0,2,4,31,14,0,49,10,0,10,59
06/19/2019,TRI,TN,ASO,ES,Combined TRACON& Tower with Radar,4,34,31,4,73,0,2,22,1,25,4,36,53,5,98,50,0,50,148
06/20/2019,TRI,TN,ASO,ES,Combined TRACON& Tower with Radar,6,36,22,0,64,0,0,10,0,10,6,36,32,0,74,8,0,8,82
06/21/2019,TRI,TN,ASO,ES,Combined TRACON& Tower with Radar,4,35,39,0,78,0,6,45,0,51,4,41,84,0,129,72,0,72,201
06/22/2019,TRI,TN,ASO,ES,Combined TRACON& Tower with Radar,2,23,13,0,38,0,2,7,0,9,2,25,20,0,47,14,0,14,61
06/23/2019,TRI,TN,ASO,ES,Combined TRACON& Tower with Radar,4,30,8,1,43,0,0,3,1,4,4,30,11,2,47,0,0,0,47
06/24/2019,TRI,TN,ASO,ES,Combined TRACON& Tower with Radar,6,34,31,23,94,0,2,13,0,15,6,36,44,23,109,32,14,46,155
06/25/2019,TRI,TN,ASO,ES,Combined TRACON& Tower with Radar,4,34,20,0,58,0,2,16,4,22,4,36,36,4,80,14,0,14,94
06/26/2019,TRI,TN,ASO,ES,Combined TRACON& Tower with Radar,2,36,29,9,76,0,5,36,12,53,2,41,65,21,129,0,0,0,129
06/27/2019,TRI,TN,ASO,ES,Combined TRACON& Tower with Radar,10,30,34,0,74,0,2,35,0,37,10,32,69,0,111,26,0,26,137
06/28/2019,TRI,TN,ASO,ES,Combined TRACON& Tower with Radar,10,31,19,4,64,0,1,38,0,39,10,32,57,4,103,36,4,40,143
06/29/2019,TRI,TN,ASO,ES,Combined TRACON& Tower with Radar,2,25,12,0,39,0,0,33,0,33,2,25,45,0,72,38,4,42,114
06/30/2019,TRI,TN,ASO,ES,Combined TRACON& Tower with Radar,6,29,14,0,49,0,0,11,0,11,6,29,25,0,60,6,0,6,66
07/01/2019,TRI,TN,ASO,ES,Combined TRACON& Tower with Radar,4,28,16,21,69,0,0,19,2,21,4,28,35,23,90,8,22,30,120
07/02/2019,TRI,TN,ASO,ES,Combined TRACON& Tower with Radar,4,30,37,1,72,0,1,17,1,19,4,31,54,2,91,16,0,16,107
07/03/2019,TRI,TN,ASO,ES,Combined TRACON& Tower with Radar,4,20,22,0,46,0,0,11,0,11,4,20,33,0,57,0,0,0,57
07/04/2019,TRI,TN,ASO,ES,Combined TRACON& Tower with Radar,4,19,11,0,34,0,1,25,0,26,4,20,36,0,60,0,0,0,60
07/05/2019,TRI,TN,ASO,ES,Combined TRACON& Tower with Radar,4,25,15,0,44,0,2,17,0,19,4,27,32,0,63,18,0,18,81
07/06/2019,TRI,TN,ASO,ES,Combined TRACON& Tower with Radar,2,25,8,0,35,0,0,8,0,8,2,25,16,0,43,10,0,10,53
07/07/2019,TRI,TN,ASO,ES,Combined TRACON& Tower with Radar,4,28,27,0,59,0,0,24,0,24,4,28,51,0,83,20,0,20,103
07/08/2019,TRI,TN,ASO,ES,Combined TRACON& Tower with Radar,9,22,21,4,56,0,0,14,0,14,9,22,35,4,70,2,10,12,82
07/09/2019,TRI,TN,ASO,ES,Combined TRACON& Tower with Radar,6,28,27,0,61,0,2,13,0,15,6,30,40,0,76,14,0,14,90
07/10/2019,TRI,TN,ASO,ES,Combined TRACON& Tower with Radar,3,35,32,4,74,0,2,12,0,14,3,37,44,4,88,20,4,24,112
07/11/2019,TRI,TN,ASO,ES,Combined TRACON& Tower with Radar,4,35,9,0,48,0,4,10,0,14,4,39,19,0,62,22,0,22,84
07/12/2019,TRI,TN,ASO,ES,Combined TRACON& Tower with Radar,12,29,24,0,65,0,0,7,0,7,12,29,31,0,72,2,0,2,74
07/13/2019,TRI,TN,ASO,ES,Combined TRACON& Tower with Radar,4,23,19,10,56,0,0,11,1,12,4,23,30,11,68,44,12,56,124
07/14/2019,TRI,TN,ASO,ES,Combined TRACON& Tower with Radar,4,25,17,10,56,0,0,13,1,14,4,25,30,11,70,26,20,46,116
07/15/2019,TRI,TN,ASO,ES,Combined TRACON& Tower with Radar,7,32,17,0,56,0,3,18,4,25,7,35,35,4,81,4,0,4,85
07/16/2019,TRI,TN,ASO,ES,Combined TRACON& Tower with Radar,4,31,33,8,76,0,0,29,2,31,4,31,62,10,107,30,10,40,147
07/17/2019,TRI,TN,ASO,ES,Combined TRACON& Tower with Radar,2,26,21,0,49,0,0,9,0,9,2,26,30,0,58,0,0,0,58
07/18/2019,TRI,TN,ASO,ES,Combined TRACON& Tower with Radar,6,35,32,0,73,0,0,15,0,15,6,35,47,0,88,22,0,22,110
07/19/2019,TRI,TN,ASO,ES,Combined TRACON& Tower with Radar,4,30,54,0,88,0,0,38,0,38,4,30,92,0,126,54,0,54,180
07/20/2019,TRI,TN,ASO,ES,Combined TRACON& Tower with Radar,3,16,17,10,46,0,0,12,1,13,3,16,29,11,59,10,20,30,89
07/21/2019,TRI,TN,ASO,ES,Combined TRACON& Tower with Radar,4,23,9,0,36,0,0,2,0,2,4,23,11,0,38,10,0,10,48
07/22/2019,TRI,TN,ASO,ES,Combined TRACON& Tower with Radar,4,33,19,0,56,0,0,4,0,4,4,33,23,0,60,2,0,2,62
07/23/2019,TRI,TN,ASO,ES,Combined TRACON& Tower with Radar,13,27,33,2,75,0,0,9,0,9,13,27,42,2,84,2,0,2,86
07/24/2019,TRI,TN,ASO,ES,Combined TRACON& Tower with Radar,2,32,25,0,59,0,1,30,1,32,2,33,55,1,91,8,0,8,99
07/25/2019,TRI,TN,ASO,ES,Combined TRACON& Tower with Radar,4,38,29,0,71,0,0,27,2,29,4,38,56,2,100,28,0,28,128
07/26/2019,TRI,TN,ASO,ES,Combined TRACON& Tower with Radar,6,27,37,2,72,0,0,25,0,25,6,27,62,2,97,56,0,56,153
07/27/2019,TRI,TN,ASO,ES,Combined TRACON& Tower with Radar,5,20,14,0,39,0,0,27,2,29,5,20,41,2,68,36,0,36,104
07/28/2019,TRI,TN,ASO,ES,Combined TRACON& Tower with Radar,5,23,15,0,43,0,0,20,2,22,5,23,35,2,65,0,0,0,65
07/29/2019,TRI,TN,ASO,ES,Combined TRACON& Tower with Radar,6,31,29,0,66,0,0,27,1,28,6,31,56,1,94,22,0,22,116
07/30/2019,TRI,TN,ASO,ES,Combined TRACON& Tower with Radar,4,32,26,4,66,0,0,13,8,21,4,32,39,12,87,0,0,0,87
07/31/2019,TRI,TN,ASO,ES,Combined TRACON& Tower with Radar,2,36,24,0,62,0,0,38,10,48,2,36,62,10,110,0,0,0,110
08/01/2019,TRI,TN,ASO,ES,Combined TRACON& Tower with Radar,18,34,34,0,86,0,1,56,0,57,18,35,90,0,143,0,0,0,143
08/02/2019,TRI,TN,ASO,ES,Combined TRACON& Tower with Radar,4,26,23,0,53,0,0,16,0,16,4,26,39,0,69,26,0,26,95
08/03/2019,TRI,TN,ASO,ES,Combined TRACON& Tower with Radar,2,22,9,0,33,0,0,9,0,9,2,22,18,0,42,8,0,8,50
08/04/2019,TRI,TN,ASO,ES,Combined TRACON& Tower with Radar,4,32,10,0,46,0,0,18,0,18,4,32,28,0,64,22,0,22,86
08/05/2019,TRI,TN,ASO,ES,Combined TRACON& Tower with Radar,4,34,15,20,73,0,0,18,2,20,4,34,33,22,93,12,34,46,139
08/06/2019,TRI,TN,ASO,ES,Combined TRACON& Tower with Radar,6,28,22,0,56,0,2,22,0,24,6,30,44,0,80,10,0,10,90
08/07/2019,TRI,TN,ASO,ES,Combined TRACON& Tower with Radar,2,25,40,7,74,0,0,14,0,14,2,25,54,7,88,20,8,28,116
08/08/2019,TRI,TN,ASO,ES,Combined TRACON& Tower with Radar,4,28,31,12,75,0,0,18,39,57,4,28,49,51,132,0,0,0,132
08/09/2019,TRI,TN,ASO,ES,Combined TRACON& Tower with Radar,4,25,14,0,43,0,0,15,0,15,4,25,29,0,58,36,0,36,94
08/10/2019,TRI,TN,ASO,ES,Combined TRACON& Tower with Radar,4,19,10,12,45,0,0,28,0,28,4,19,38,12,73,20,16,36,109
08/11/2019,TRI,TN,ASO,ES,Combined TRACON& Tower with Radar,4,18,20,0,42,0,0,20,4,24,4,18,40,4,66,14,0,14,80
08/12/2019,TRI,TN,ASO,ES,Combined TRACON& Tower with Radar,6,23,25,12,66,0,2,20,0,22,6,25,45,12,88,38,14,52,140
08/13/2019,TRI,TN,ASO,ES,Combined TRACON& Tower with Radar,4,23,22,10,59,0,0,7,0,7,4,23,29,10,66,4,12,16,82
08/14/2019,TRI,TN,ASO,ES,Combined TRACON& Tower with Radar,2,33,43,0,78,0,2,19,0,21,2,35,62,0,99,10,0,10,109
08/15/2019,TRI,TN,ASO,ES,Combined TRACON& Tower with Radar,7,41,70,11,129,0,0,31,10,41,7,41,101,21,170,0,0,0,170
08/16/2019,TRI,TN,ASO,ES,Combined TRACON& Tower with Radar,4,33,65,9,111,0,7,49,17,73,4,40,114,26,184,4,0,4,188
08/17/2019,TRI,TN,ASO,ES,Combined TRACON& Tower with Radar,5,26,71,12,114,0,28,85,2,115,5,54,156,14,229,32,14,46,275
08/18/2019,TRI,TN,ASO,ES,Combined TRACON& Tower with Radar,12,25,43,3,83,0,0,30,1,31,12,25,73,4,114,20,0,20,134
08/19/2019,TRI,TN,ASO,ES,Combined TRACON& Tower with Radar,10,26,19,6,61,0,0,19,0,19,10,26,38,6,80,0,0,0,80
08/20/2019,TRI,TN,ASO,ES,Combined TRACON& Tower with Radar,4,33,36,11,84,0,0,16,0,16,4,33,52,11,100,8,18,26,126
08/21/2019,TRI,TN,ASO,ES,Combined TRACON& Tower with Radar,3,54,36,6,99,0,0,87,5,92,3,54,123,11,191,0,0,0,191
08/22/2019,TRI,TN,ASO,ES,Combined TRACON& Tower with Radar,4,37,22,0,63,0,0,10,2,12,4,37,32,2,75,52,0,52,127
08/23/2019,TRI,TN,ASO,ES,Combined TRACON& Tower with Radar,6,30,23,4,63,0,0,10,0,10,6,30,33,4,73,4,4,8,81
08/24/2019,TRI,TN,ASO,ES,Combined TRACON& Tower with Radar,2,24,23,0,49,0,0,8,0,8,2,24,31,0,57,4,0,4,61
08/25/2019,TRI,TN,ASO,ES,Combined TRACON& Tower with Radar,4,22,19,0,45,0,0,15,0,15,4,22,34,0,60,16,0,16,76
08/26/2019,TRI,TN,ASO,ES,Combined TRACON& Tower with Radar,2,24,27,0,53,0,1,16,0,17,2,25,43,0,70,0,0,0,70
08/27/2019,TRI,TN,ASO,ES,Combined TRACON& Tower with Radar,2,27,23,9,61,0,0,13,1,14,2,27,36,10,75,24,0,24,99
08/28/2019,TRI,TN,ASO,ES,Combined TRACON& Tower with Radar,2,25,20,7,54,0,0,7,9,16,2,25,27,16,70,0,0,0,70
08/29/2019,TRI,TN,ASO,ES,Combined TRACON& Tower with Radar,4,26,25,10,65,0,3,25,1,29,4,29,50,11,94,58,12,70,164
08/30/2019,TRI,TN,ASO,ES,Combined TRACON& Tower with Radar,2,28,23,0,53,0,0,32,0,32,2,28,55,0,85,40,0,40,125
08/31/2019,TRI,TN,ASO,ES,Combined TRACON& Tower with Radar,4,16,19,0,39,0,0,23,0,23,4,16,42,0,62,22,0,22,84
09/01/2019,TRI,TN,ASO,ES,Combined TRACON& Tower with Radar,2,20,7,0,29,0,0,13,0,13,2,20,20,0,42,6,0,6,48
09/02/2019,TRI,TN,ASO,ES,Combined TRACON& Tower with Radar,4,17,9,0,30,0,0,14,0,14,4,17,23,0,44,18,0,18,62
09/03/2019,TRI,TN,ASO,ES,Combined TRACON& Tower with Radar,10,16,21,0,47,0,1,9,0,10,10,17,30,0,57,4,0,4,61
09/04/2019,TRI,TN,ASO,ES,Combined TRACON& Tower with Radar,8,34,17,10,69,0,0,14,0,14,8,34,31,10,83,12,10,22,105
09/05/2019,TRI,TN,ASO,ES,Combined TRACON& Tower with Radar,10,31,25,9,75,0,0,26,0,26,10,31,51,9,101,46,6,52,153
09/06/2019,TRI,TN,ASO,ES,Combined TRACON& Tower with Radar,8,27,25,13,73,0,0,20,7,27,8,27,45,20,100,28,28,56,156
09/07/2019,TRI,TN,ASO,ES,Combined TRACON& Tower with Radar,4,21,17,0,42,0,0,22,0,22,4,21,39,0,64,39,0,39,103
09/08/2019,TRI,TN,ASO,ES,Combined TRACON& Tower with Radar,6,24,9,0,39,0,0,18,0,18,6,24,27,0,57,24,0,24,81
09/09/2019,TRI,TN,ASO,ES,Combined TRACON& Tower with Radar,8,25,22,24,79,0,0,10,0,10,8,25,32,24,89,24,34,58,147
09/10/2019,TRI,TN,ASO,ES,Combined TRACON& Tower with Radar,10,26,18,9,63,0,0,11,0,11,10,26,29,9,74,10,22,32,106
09/11/2019,TRI,TN,ASO,ES,Combined TRACON& Tower with Radar,8,32,35,12,87,0,0,7,0,7,8,32,42,12,94,22,12,34,128
09/12/2019,TRI,TN,ASO,ES,Combined TRACON& Tower with Radar,10,24,24,11,69,0,0,14,1,15,10,24,38,12,84,16,10,26,110
09/13/2019,TRI,TN,ASO,ES,Combined TRACON& Tower with Radar,10,27,22,0,59,0,0,23,0,23,10,27,45,0,82,48,0,48,130
09/14/2019,TRI,TN,ASO,ES,Combined TRACON& Tower with Radar,4,24,23,0,51,0,0,32,0,32,4,24,55,0,83,18,0,18,101
09/15/2019,TRI,TN,ASO,ES,Combined TRACON& Tower with Radar,6,32,18,0,56,0,0,16,0,16,6,32,34,0,72,0,0,0,72
09/16/2019,TRI,TN,ASO,ES,Combined TRACON& Tower with Radar,8,26,18,0,52,0,0,14,0,14,8,26,32,0,66,14,0,14,80
09/17/2019,TRI,TN,ASO,ES,Combined TRACON& Tower with Radar,8,27,28,0,63,0,2,22,0,24,8,29,50,0,87,86,0,86,173
09/18/2019,TRI,TN,ASO,ES,Combined TRACON& Tower with Radar,8,24,34,0,66,0,0,16,0,16,8,24,50,0,82,20,0,20,102
09/19/2019,TRI,TN,ASO,ES,Combined TRACON& Tower with Radar,10,32,23,20,85,0,0,8,0,8,10,32,31,20,93,2,18,20,113
09/20/2019,TRI,TN,ASO,ES,Combined TRACON& Tower with Radar,8,31,20,1,60,0,0,21,0,21,8,31,41,1,81,38,0,38,119
09/21/2019,TRI,TN,ASO,ES,Combined TRACON& Tower with Radar,4,22,12,0,38,0,0,19,0,19,4,22,31,0,57,30,0,30,87
09/22/2019,TRI,TN,ASO,ES,Combined TRACON& Tower with Radar,6,39,7,0,52,0,0,11,0,11,6,39,18,0,63,24,0,24,87
09/23/2019,TRI,TN,ASO,ES,Combined TRACON& Tower with Radar,10,24,18,6,58,0,0,11,0,11,10,24,29,6,69,0,0,0,69
09/24/2019,TRI,TN,ASO,ES,Combined TRACON& Tower with Radar,8,30,29,8,75,0,0,13,0,13,8,30,42,8,88,18,2,20,108
09/25/2019,TRI,TN,ASO,ES,Combined TRACON& Tower with Radar,8,27,44,0,79,0,0,24,0,24,8,27,68,0,103,10,0,10,113
09/26/2019,TRI,TN,ASO,ES,Combined TRACON& Tower with Radar,10,26,38,4,78,0,0,14,2,16,10,26,52,6,94,10,0,10,104
09/27/2019,TRI,TN,ASO,ES,Combined TRACON& Tower with Radar,8,25,29,2,64,0,0,85,6,91,8,25,114,8,155,0,0,0,155
09/28/2019,TRI,TN,ASO,ES,Combined TRACON& Tower with Radar,2,19,18,0,39,0,0,22,0,22,2,19,40,0,61,20,0,20,81
09/29/2019,TRI,TN,ASO,ES,Combined TRACON& Tower with Radar,5,26,16,4,51,0,0,17,4,21,5,26,33,8,72,8,0,8,80
09/30/2019,TRI,TN,ASO,ES,Combined TRACON& Tower with Radar,8,26,15,0,49,0,0,17,2,19,8,26,32,2,68,24,0,24,92
10/01/2019,TRI,TN,ASO,ES,Combined TRACON& Tower with Radar,6,33,24,0,63,0,0,31,0,31,6,33,55,0,94,10,0,10,104
10/02/2019,TRI,TN,ASO,ES,Combined TRACON& Tower with Radar,4,38,33,0,75,0,1,24,2,27,4,39,57,2,102,12,0,12,114
10/03/2019,TRI,TN,ASO,ES,Combined TRACON& Tower with Radar,6,40,34,15,95,0,0,18,47,65,6,40,52,62,160,0,0,0,160
10/04/2019,TRI,TN,ASO,ES,Combined TRACON& Tower with Radar,4,29,18,0,51,0,1,19,0,20,4,30,37,0,71,20,0,20,91
10/05/2019,TRI,TN,ASO,ES,Combined TRACON& Tower with Radar,6,21,26,7,60,0,1,15,3,19,6,22,41,10,79,38,20,58,137
10/06/2019,TRI,TN,ASO,ES,Combined TRACON& Tower with Radar,6,26,13,0,45,0,1,3,0,4,6,27,16,0,49,14,0,14,63
10/07/2019,TRI,TN,ASO,ES,Combined TRACON& Tower with Radar,4,27,22,0,53,0,0,3,0,3,4,27,25,0,56,6,0,6,62
10/08/2019,TRI,TN,ASO,ES,Combined TRACON& Tower with Radar,6,34,22,20,82,0,0,8,0,8,6,34,30,20,90,10,26,36,126
10/09/2019,TRI,TN,ASO,ES,Combined TRACON& Tower with Radar,4,32,35,8,79,0,0,21,4,25,4,32,56,12,104,8,8,16,120
10/10/2019,TRI,TN,ASO,ES,Combined TRACON& Tower with Radar,6,29,32,8,75,0,0,29,2,31,6,29,61,10,106,50,12,62,168
10/11/2019,TRI,TN,ASO,ES,Combined TRACON& Tower with Radar,4,41,22,4,71,0,0,37,0,37,4,41,59,4,108,44,8,52,160
10/12/2019,TRI,TN,ASO,ES,Combined TRACON& Tower with Radar,8,22,6,0,36,0,5,17,0,22,8,27,23,0,58,74,0,74,132
10/13/2019,TRI,TN,ASO,ES,Combined TRACON& Tower with Radar,14,31,15,0,60,0,3,24,0,27,14,34,39,0,87,16,0,16,103
10/14/2019,TRI,TN,ASO,ES,Combined TRACON& Tower with Radar,4,42,27,0,73,0,4,30,0,34,4,46,57,0,107,10,0,10,117
10/15/2019,TRI,TN,ASO,ES,Combined TRACON& Tower with Radar,6,27,26,20,79,0,4,30,0,34,6,31,56,20,113,54,18,72,185
10/16/2019,TRI,TN,ASO,ES,Combined TRACON& Tower with Radar,6,33,14,6,59,0,1,3,0,4,6,34,17,6,63,4,12,16,79
10/17/2019,TRI,TN,ASO,ES,Combined TRACON& Tower with Radar,6,32,38,0,76,0,1,32,4,37,6,33,70,4,113,0,0,0,113
10/18/2019,TRI,TN,ASO,ES,Combined TRACON& Tower with Radar,6,35,33,10,84,0,0,39,1,40,6,35,72,11,124,86,20,106,230
10/19/2019,TRI,TN,ASO,ES,Combined TRACON& Tower with Radar,9,23,11,0,43,0,1,12,0,13,9,24,23,0,56,8,0,8,64
10/20/2019,TRI,TN,ASO,ES,Combined TRACON& Tower with Radar,6,25,32,0,63,0,0,1,0,1,6,25,33,0,64,0,0,0,64
10/21/2019,TRI,TN,ASO,ES,Combined TRACON& Tower with Radar,2,29,26,0,57,0,1,23,0,24,2,30,49,0,81,12,0,12,93
10/22/2019,TRI,TN,ASO,ES,Combined TRACON& Tower with Radar,6,35,17,0,58,0,0,7,0,7,6,35,24,0,65,0,0,0,65
10/23/2019,TRI,TN,ASO,ES,Combined TRACON& Tower with Radar,4,27,19,3,53,0,0,32,22,54,4,27,51,25,107,0,0,0,107
10/24/2019,TRI,TN,ASO,ES,Combined TRACON& Tower with Radar,6,29,24,44,103,0,1,41,2,44,6,30,65,46,147,82,64,146,293
10/25/2019,TRI,TN,ASO,ES,Combined TRACON& Tower with Radar,4,28,17,0,49,0,0,13,0,13,4,28,30,0,62,74,0,74,136
10/26/2019,TRI,TN,ASO,ES,Combined TRACON& Tower with Radar,8,18,18,0,44,0,0,6,0,6,8,18,24,0,50,16,0,16,66
10/27/2019,TRI,TN,ASO,ES,Combined TRACON& Tower with Radar,6,26,16,0,48,0,0,15,0,15,6,26,31,0,63,10,0,10,73
10/28/2019,TRI,TN,ASO,ES,Combined TRACON& Tower with Radar,4,33,18,0,55,0,0,14,0,14,4,33,32,0,69,22,0,22,91
10/29/2019,TRI,TN,ASO,ES,Combined TRACON& Tower with Radar,8,35,23,10,76,0,0,27,0,27,8,35,50,10,103,16,16,32,135
10/30/2019,TRI,TN,ASO,ES,Combined TRACON& Tower with Radar,8,29,19,0,56,0,0,14,0,14,8,29,33,0,70,6,0,6,76
10/31/2019,TRI,TN,ASO,ES,Combined TRACON& Tower with Radar,4,19,14,0,37,0,1,1,0,2,4,20,15,0,39,0,0,0,39
11/01/2019,TRI,TN,ASO,ES,Combined TRACON& Tower with Radar,2,34,20,6,62,0,0,20,2,22,2,34,40,8,84,32,0,32,116
11/02/2019,TRI,TN,ASO,ES,Combined TRACON& Tower with Radar,6,20,9,0,35,0,2,16,0,18,6,22,25,0,53,26,0,26,79
11/03/2019,TRI,TN,ASO,ES,Combined TRACON& Tower with Radar,6,23,17,0,46,0,0,13,0,13,6,23,30,0,59,10,4,14,73
11/04/2019,TRI,TN,ASO,ES,Combined TRACON& Tower with Radar,4,28,23,1,56,0,0,26,0,26,4,28,49,1,82,54,2,56,138
11/05/2019,TRI,TN,ASO,ES,Combined TRACON& Tower with Radar,4,28,26,0,58,0,1,11,0,12,4,29,37,0,70,24,0,24,94
11/06/2019,TRI,TN,ASO,ES,Combined TRACON& Tower with Radar,4,41,17,0,62,0,0,25,0,25,4,41,42,0,87,10,0,10,97
11/07/2019,TRI,TN,ASO,ES,Combined TRACON& Tower with Radar,6,33,24,0,63,0,0,13,0,13,6,33,37,0,76,0,0,0,76
11/08/2019,TRI,TN,ASO,ES,Combined TRACON& Tower with Radar,4,30,24,0,58,0,3,28,4,35,4,33,52,4,93,74,0,74,167
11/09/2019,TRI,TN,ASO,ES,Combined TRACON& Tower with Radar,2,24,8,0,34,0,0,12,0,12,2,24,20,0,46,52,0,52,98
11/10/2019,TRI,TN,ASO,ES,Combined TRACON& Tower with Radar,7,35,22,0,64,0,0,18,0,18,7,35,40,0,82,6,0,6,88
11/11/2019,TRI,TN,ASO,ES,Combined TRACON& Tower with Radar,4,34,16,0,54,0,1,13,0,14,4,35,29,0,68,10,0,10,78
11/12/2019,TRI,TN,ASO,ES,Combined TRACON& Tower with Radar,4,31,9,0,44,0,0,0,0,0,4,31,9,0,44,0,0,0,44
11/13/2019,TRI,TN,ASO,ES,Combined TRACON& Tower with Radar,4,28,17,4,53,0,0,14,3,17,4,28,31,7,70,24,0,24,94
11/14/2019,TRI,TN,ASO,ES,Combined TRACON& Tower with Radar,8,29,20,18,75,0,0,51,22,73,8,29,71,40,148,0,0,0,148
11/15/2019,TRI,TN,ASO,ES,Combined TRACON& Tower with Radar,4,32,19,8,63,0,0,12,0,12,4,32,31,8,75,48,4,52,127
11/16/2019,TRI,TN,ASO,ES,Combined TRACON& Tower with Radar,2,23,14,0,39,0,0,31,0,31,2,23,45,0,70,26,0,26,96
11/17/2019,TRI,TN,ASO,ES,Combined TRACON& Tower with Radar,6,32,20,2,60,0,0,19,0,19,6,32,39,2,79,0,0,0,79
11/18/2019,TRI,TN,ASO,ES,Combined TRACON& Tower with Radar,2,40,34,8,84,0,0,16,0,16,2,40,50,8,100,108,12,120,220
11/19/2019,TRI,TN,ASO,ES,Combined TRACON& Tower with Radar,4,32,23,11,70,0,0,14,0,14,4,32,37,11,84,20,16,36,120
11/20/2019,TRI,TN,ASO,ES,Combined TRACON& Tower with Radar,4,30,19,15,68,0,1,32,13,46,4,31,51,28,114,0,0,0,114
11/21/2019,TRI,TN,ASO,ES,Combined TRACON& Tower with Radar,6,37,27,18,88,0,1,18,0,19,6,38,45,18,107,40,24,64,171
11/22/2019,TRI,TN,ASO,ES,Combined TRACON& Tower with Radar,6,36,23,0,65,0,0,1,0,1,6,36,24,0,66,2,0,2,68
11/23/2019,TRI,TN,ASO,ES,Combined TRACON& Tower with Radar,8,20,17,0,45,0,0,0,0,0,8,20,17,0,45,6,0,6,51
11/24/2019,TRI,TN,ASO,ES,Combined TRACON& Tower with Radar,6,23,20,0,49,0,0,5,2,7,6,23,25,2,56,2,0,2,58
11/25/2019,TRI,TN,ASO,ES,Combined TRACON& Tower with Radar,2,23,25,26,76,0,0,33,0,33,2,23,58,26,109,12,10,22,131
11/26/2019,TRI,TN,ASO,ES,Combined TRACON& Tower with Radar,8,36,25,14,83,0,0,21,0,21,8,36,46,14,104,40,24,64,168
11/27/2019,TRI,TN,ASO,ES,Combined TRACON& Tower with Radar,4,34,14,0,52,0,0,6,0,6,4,34,20,0,58,0,0,0,58
11/28/2019,TRI,TN,ASO,ES,Combined TRACON& Tower with Radar,2,13,7,0,22,0,0,8,0,8,2,13,15,0,30,2,0,2,32
11/29/2019,TRI,TN,ASO,ES,Combined TRACON& Tower with Radar,2,19,17,0,38,0,0,19,0,19,2,19,36,0,57,44,0,44,101
11/30/2019,TRI,TN,ASO,ES,Combined TRACON& Tower with Radar,5,22,4,0,31,0,0,0,0,0,5,22,4,0,31,0,0,0,31
12/01/2019,TRI,TN,ASO,ES,Combined TRACON& Tower with Radar,7,35,14,0,56,0,0,8,0,8,7,35,22,0,64,2,0,2,66
12/02/2019,TRI,TN,ASO,ES,Combined TRACON& Tower with Radar,6,25,16,0,47,0,0,0,0,0,6,25,16,0,47,10,0,10,57
12/03/2019,TRI,TN,ASO,ES,Combined TRACON& Tower with Radar,2,33,21,6,62,0,0,6,0,6,2,33,27,6,68,12,6,18,86
12/04/2019,TRI,TN,ASO,ES,Combined TRACON& Tower with Radar,4,32,28,10,74,0,1,20,0,21,4,33,48,10,95,0,8,8,103
12/05/2019,TRI,TN,ASO,ES,Combined TRACON& Tower with Radar,6,34,38,15,93,0,0,26,0,26,6,34,64,15,119,36,36,72,191
12/06/2019,TRI,TN,ASO,ES,Combined TRACON& Tower with Radar,2,36,22,0,60,0,0,9,0,9,2,36,31,0,69,38,0,38,107
12/07/2019,TRI,TN,ASO,ES,Combined TRACON& Tower with Radar,6,23,16,0,45,0,3,15,0,18,6,26,31,0,63,46,0,46,109
12/08/2019,TRI,TN,ASO,ES,Combined TRACON& Tower with Radar,4,29,11,0,44,0,0,6,0,6,4,29,17,0,50,4,0,4,54
12/09/2019,TRI,TN,ASO,ES,Combined TRACON& Tower with Radar,2,34,20,0,56,0,0,4,0,4,2,34,24,0,60,10,0,10,70
12/10/2019,TRI,TN,ASO,ES,Combined TRACON& Tower with Radar,2,32,28,0,62,0,0,0,0,0,2,32,28,0,62,0,0,0,62
12/11/2019,TRI,TN,ASO,ES,Combined TRACON& Tower with Radar,2,33,33,12,80,0,2,25,2,29,2,35,58,14,109,12,18,30,139
12/12/2019,TRI,TN,ASO,ES,Combined TRACON& Tower with Radar,4,31,33,6,74,0,1,23,0,24,4,32,56,6,98,42,22,64,162
12/13/2019,TRI,TN,ASO,ES,Combined TRACON& Tower with Radar,2,40,17,0,59,0,0,33,0,33,2,40,50,0,92,0,0,0,92
12/14/2019,TRI,TN,ASO,ES,Combined TRACON& Tower with Radar,4,22,9,0,35,0,0,5,0,5,4,22,14,0,40,2,0,2,42
12/15/2019,TRI,TN,ASO,ES,Combined TRACON& Tower with Radar,4,24,20,6,54,0,0,9,0,9,4,24,29,6,63,10,16,26,89
12/16/2019,TRI,TN,ASO,ES,Combined TRACON& Tower with Radar,4,31,10,0,45,0,0,27,0,27,4,31,37,0,72,0,0,0,72
12/17/2019,TRI,TN,ASO,ES,Combined TRACON& Tower with Radar,2,27,12,0,41,0,0,0,0,0,2,27,12,0,41,0,0,0,41
12/18/2019,TRI,TN,ASO,ES,Combined TRACON& Tower with Radar,2,29,37,8,76,0,0,18,1,19,2,29,55,9,95,25,8,33,128
12/19/2019,TRI,TN,ASO,ES,Combined TRACON& Tower with Radar,5,28,30,0,63,0,0,19,6,25,5,28,49,6,88,22,0,22,110
12/20/2019,TRI,TN,ASO,ES,Combined TRACON& Tower with Radar,2,32,24,5,63,0,1,22,0,23,2,33,46,5,86,34,6,40,126
12/21/2019,TRI,TN,ASO,ES,Combined TRACON& Tower with Radar,4,22,6,0,32,0,0,16,0,16,4,22,22,0,48,68,0,68,116
12/22/2019,TRI,TN,ASO,ES,Combined TRACON& Tower with Radar,6,25,13,0,44,0,0,5,0,5,6,25,18,0,49,0,0,0,49
12/23/2019,TRI,TN,ASO,ES,Combined TRACON& Tower with Radar,4,27,11,0,42,0,0,3,0,3,4,27,14,0,45,2,0,2,47
12/24/2019,TRI,TN,ASO,ES,Combined TRACON& Tower with Radar,5,16,4,0,25,0,0,7,0,7,5,16,11,0,32,6,0,6,38
12/25/2019,TRI,TN,ASO,ES,Combined TRACON& Tower with Radar,3,15,2,0,20,0,0,4,0,4,3,15,6,0,24,0,0,0,24
12/26/2019,TRI,TN,ASO,ES,Combined TRACON& Tower with Radar,6,26,21,0,53,0,0,20,0,20,6,26,41,0,73,44,0,44,117
12/27/2019,TRI,TN,ASO,ES,Combined TRACON& Tower with Radar,4,27,19,0,50,0,0,15,0,15,4,27,34,0,65,4,0,4,69
12/28/2019,TRI,TN,ASO,ES,Combined TRACON& Tower with Radar,4,25,19,0,48,0,2,27,0,29,4,27,46,0,77,46,0,46,123
12/29/2019,TRI,TN,ASO,ES,Combined TRACON& Tower with Radar,8,26,10,2,46,0,0,7,0,7,8,26,17,2,53,12,2,14,67
12/30/2019,TRI,TN,ASO,ES,Combined TRACON& Tower with Radar,4,25,3,0,32,0,0,12,0,12,4,25,15,0,44,0,0,0,44
12/31/2019,TRI,TN,ASO,ES,Combined TRACON& Tower with Radar,5,24,1,2,32,0,2,4,0,6,5,26,5,2,38,8,0,8,46
01/01/2020,TRI,TN,ASO,ES,Combined TRACON& Tower with Radar,3,15,11,0,29,0,0,5,0,5,3,15,16,0,34,0,0,0,34
01/02/2020,TRI,TN,ASO,ES,Combined TRACON& Tower with Radar,6,24,17,0,47,0,0,4,0,4,6,24,21,0,51,2,0,2,53
01/03/2020,TRI,TN,ASO,ES,Combined TRACON& Tower with Radar,4,25,19,0,48,0,0,0,0,0,4,25,19,0,48,0,0,0,48
01/04/2020,TRI,TN,ASO,ES,Combined TRACON& Tower with Radar,4,21,16,0,41,0,0,3,0,3,4,21,19,0,44,0,0,0,44
01/05/2020,TRI,TN,ASO,ES,Combined TRACON& Tower with Radar,6,24,19,0,49,0,0,16,0,16,6,24,35,0,65,24,0,24,89
01/06/2020,TRI,TN,ASO,ES,Combined TRACON& Tower with Radar,4,31,16,13,64,0,0,16,0,16,4,31,32,13,80,0,0,0,80
01/07/2020,TRI,TN,ASO,ES,Combined TRACON& Tower with Radar,4,28,11,0,43,0,0,0,2,2,4,28,11,2,45,0,0,0,45
01/08/2020,TRI,TN,ASO,ES,Combined TRACON& Tower with Radar,4,31,14,4,53,0,0,17,0,17,4,31,31,4,70,8,0,8,78
01/09/2020,TRI,TN,ASO,ES,Combined TRACON& Tower with Radar,6,26,27,37,96,0,0,22,0,22,6,26,49,37,118,0,42,42,160
01/10/2020,TRI,TN,ASO,ES,Combined TRACON& Tower with Radar,4,31,19,0,54,0,0,17,0,17,4,31,36,0,71,14,6,20,91
01/11/2020,TRI,TN,ASO,ES,Combined TRACON& Tower with Radar,6,12,4,2,24,0,0,1,0,1,6,12,5,2,25,0,2,2,27
01/12/2020,TRI,TN,ASO,ES,Combined TRACON& Tower with Radar,6,19,9,0,34,0,0,14,0,14,6,19,23,0,48,22,0,22,70
01/13/2020,TRI,TN,ASO,ES,Combined TRACON& Tower with Radar,4,30,18,0,52,0,1,39,0,40,4,31,57,0,92,52,0,52,144
01/14/2020,TRI,TN,ASO,ES,Combined TRACON& Tower with Radar,4,22,19,0,45,0,2,4,0,6,4,24,23,0,51,0,0,0,51
01/15/2020,TRI,TN,ASO,ES,Combined TRACON& Tower with Radar,4,27,10,18,59,0,0,1,0,1,4,27,11,18,60,0,20,20,80
01/16/2020,TRI,TN,ASO,ES,Combined TRACON& Tower with Radar,6,25,22,9,62,0,2,21,0,23,6,27,43,9,85,14,2,16,101
01/17/2020,TRI,TN,ASO,ES,Combined TRACON& Tower with Radar,4,26,20,10,60,0,0,65,14,79,4,26,85,24,139,0,0,0,139
01/18/2020,TRI,TN,ASO,ES,Combined TRACON& Tower with Radar,5,15,4,0,24,0,0,0,0,0,5,15,4,0,24,0,0,0,24
01/19/2020,TRI,TN,ASO,ES,Combined TRACON& Tower with Radar,5,26,17,0,48,0,1,10,0,11,5,27,27,0,59,0,0,0,59
01/20/2020,TRI,TN,ASO,ES,Combined TRACON& Tower with Radar,4,30,10,0,44,0,0,3,0,3,4,30,13,0,47,14,0,14,61
01/21/2020,TRI,TN,ASO,ES,Combined TRACON& Tower with Radar,4,28,21,19,72,0,1,7,0,8,4,29,28,19,80,0,22,22,102
01/22/2020,TRI,TN,ASO,ES,Combined TRACON& Tower with Radar,4,25,21,0,50,0,2,18,2,22,4,27,39,2,72,6,0,6,78
01/23/2020,TRI,TN,ASO,ES,Combined TRACON& Tower with Radar,6,29,14,4,53,0,1,18,0,19,6,30,32,4,72,28,2,30,102
01/24/2020,TRI,TN,ASO,ES,Combined TRACON& Tower with Radar,4,26,22,0,52,0,0,15,0,15,4,26,37,0,67,0,0,0,67
01/25/2020,TRI,TN,ASO,ES,Combined TRACON& Tower with Radar,8,14,0,10,32,0,0,2,0,2,8,14,2,10,34,2,18,20,54
01/26/2020,TRI,TN,ASO,ES,Combined TRACON& Tower with Radar,6,25,14,0,45,0,0,6,0,6,6,25,20,0,51,12,0,12,63
01/27/2020,TRI,TN,ASO,ES,Combined TRACON& Tower with Radar,4,22,11,8,45,0,0,0,0,0,4,22,11,8,45,0,0,0,45
01/28/2020,TRI,TN,ASO,ES,Combined TRACON& Tower with Radar,4,30,21,6,61,0,4,13,1,18,4,34,34,7,79,4,0,4,83
01/29/2020,TRI,TN,ASO,ES,Combined TRACON& Tower with Radar,4,31,13,0,48,0,1,18,0,19,4,32,31,0,67,28,0,28,95
01/30/2020,TRI,TN,ASO,ES,Combined TRACON& Tower with Radar,6,29,26,2,63,0,0,3,2,5,6,29,29,4,68,0,0,0,68
01/31/2020,TRI,TN,ASO,ES,Combined TRACON& Tower with Radar,6,27,28,0,61,0,0,65,0,65,6,27,93,0,126,0,0,0,126
02/01/2020,TRI,TN,ASO,ES,Combined TRACON& Tower with Radar,6,14,9,0,29,0,0,0,0,0,6,14,9,0,29,0,0,0,29
02/02/2020,TRI,TN,ASO,ES,Combined TRACON& Tower with Radar,10,21,8,0,39,0,0,11,3,14,10,21,19,3,53,2,0,2,55
02/03/2020,TRI,TN,ASO,ES,Combined TRACON& Tower with Radar,4,26,20,0,50,0,0,26,2,28,4,26,46,2,78,24,0,24,102
02/04/2020,TRI,TN,ASO,ES,Combined TRACON& Tower with Radar,6,24,22,0,52,0,0,3,0,3,6,24,25,0,55,2,0,2,57
02/05/2020,TRI,TN,ASO,ES,Combined TRACON& Tower with Radar,6,30,11,0,47,0,0,0,0,0,6,30,11,0,47,0,0,0,47
02/06/2020,TRI,TN,ASO,ES,Combined TRACON& Tower with Radar,11,23,9,0,43,0,0,2,0,2,11,23,11,0,45,0,0,0,45
02/07/2020,TRI,TN,ASO,ES,Combined TRACON& Tower with Radar,4,24,6,0,34,0,0,1,0,1,4,24,7,0,35,0,0,0,35
02/08/2020,TRI,TN,ASO,ES,Combined TRACON& Tower with Radar,6,17,7,0,30,0,0,8,0,8,6,17,15,0,38,32,0,32,70
02/09/2020,TRI,TN,ASO,ES,Combined TRACON& Tower with Radar,6,28,24,0,58,0,0,32,0,32,6,28,56,0,90,36,0,36,126
02/10/2020,TRI,TN,ASO,ES,Combined TRACON& Tower with Radar,4,28,17,0,49,0,0,4,0,4,4,28,21,0,53,0,0,0,53
02/11/2020,TRI,TN,ASO,ES,Combined TRACON& Tower with Radar,5,22,13,0,40,0,0,0,0,0,5,22,13,0,40,0,0,0,40
02/12/2020,TRI,TN,ASO,ES,Combined TRACON& Tower with Radar,4,30,19,10,63,0,2,12,2,16,4,32,31,12,79,8,34,42,121
02/13/2020,TRI,TN,ASO,ES,Combined TRACON& Tower with Radar,8,23,19,0,50,0,0,1,0,1,8,23,20,0,51,14,0,14,65
02/14/2020,TRI,TN,ASO,ES,Combined TRACON& Tower with Radar,4,25,19,0,48,0,0,13,2,15,4,25,32,2,63,10,0,10,73
02/15/2020,TRI,TN,ASO,ES,Combined TRACON& Tower with Radar,5,19,11,0,35,0,0,24,0,24,5,19,35,0,59,56,0,56,115
02/16/2020,TRI,TN,ASO,ES,Combined TRACON& Tower with Radar,5,19,16,0,40,0,0,25,0,25,5,19,41,0,65,0,0,0,65
02/17/2020,TRI,TN,ASO,ES,Combined TRACON& Tower with Radar,4,25,16,0,45,0,0,13,0,13,4,25,29,0,58,56,0,56,114
02/18/2020,TRI,TN,ASO,ES,Combined TRACON& Tower with Radar,4,31,13,0,48,0,0,9,0,9,4,31,22,0,57,0,0,0,57
02/19/2020,TRI,TN,ASO,ES,Combined TRACON& Tower with Radar,4,28,21,19,72,0,1,19,2,22,4,29,40,21,94,36,26,62,156
02/20/2020,TRI,TN,ASO,ES,Combined TRACON& Tower with Radar,6,25,20,0,51,0,0,5,0,5,6,25,25,0,56,0,28,28,84
02/21/2020,TRI,TN,ASO,ES,Combined TRACON& Tower with Radar,4,24,21,8,57,0,1,49,0,50,4,25,70,8,107,0,0,0,107
02/22/2020,TRI,TN,ASO,ES,Combined TRACON& Tower with Radar,6,15,17,0,38,0,0,37,2,39,6,15,54,2,77,66,0,66,143
02/23/2020,TRI,TN,ASO,ES,Combined TRACON& Tower with Radar,6,23,9,0,38,0,0,20,0,20,6,23,29,0,58,6,0,6,64
02/24/2020,TRI,TN,ASO,ES,Combined TRACON& Tower with Radar,4,25,22,0,51,0,0,0,0,0,4,25,22,0,51,0,0,0,51
02/25/2020,TRI,TN,ASO,ES,Combined TRACON& Tower with Radar,4,36,22,8,70,0,0,6,0,6,4,36,28,8,76,2,10,12,88
02/26/2020,TRI,TN,ASO,ES,Combined TRACON& Tower with Radar,10,34,17,3,64,0,0,9,0,9,10,34,26,3,73,0,0,0,73
02/27/2020,TRI,TN,ASO,ES,Combined TRACON& Tower with Radar,6,28,10,17,61,0,1,0,1,2,6,29,10,18,63,2,12,14,77
02/28/2020,TRI,TN,ASO,ES,Combined TRACON& Tower with Radar,4,28,22,0,54,0,0,7,0,7,4,28,29,0,61,26,2,28,89
02/29/2020,TRI,TN,ASO,ES,Combined TRACON& Tower with Radar,6,19,5,0,30,0,0,10,1,11,6,19,15,1,41,8,0,8,49
03/01/2020,TRI,TN,ASO,ES,Combined TRACON& Tower with Radar,6,24,25,2,57,0,0,26,0,26,6,24,51,2,83,24,6,30,113
03/02/2020,TRI,TN,ASO,ES,Combined TRACON& Tower with Radar,4,26,18,4,52,0,0,2,0,2,4,26,20,4,54,2,4,6,60
03/03/2020,TRI,TN,ASO,ES,Combined TRACON& Tower with Radar,6,30,8,0,44,0,0,0,0,0,6,30,8,0,44,0,0,0,44
03/04/2020,TRI,TN,ASO,ES,Combined TRACON& Tower with Radar,4,23,22,0,49,0,0,20,0,20,4,23,42,0,69,4,0,4,73
03/05/2020,TRI,TN,ASO,ES,Combined TRACON& Tower with Radar,6,27,27,18,78,0,0,18,0,18,6,27,45,18,96,30,24,54,150
03/06/2020,TRI,TN,ASO,ES,Combined TRACON& Tower with Radar,4,23,6,0,33,0,0,7,0,7,4,23,13,0,40,6,0,6,46
03/07/2020,TRI,TN,ASO,ES,Combined TRACON& Tower with Radar,6,13,20,0,39,0,2,33,0,35,6,15,53,0,74,34,0,34,108
03/08/2020,TRI,TN,ASO,ES,Combined TRACON& Tower with Radar,6,19,17,0,42,0,1,37,0,38,6,20,54,0,80,20,0,20,100
03/09/2020,TRI,TN,ASO,ES,Combined TRACON& Tower with Radar,4,28,22,35,89,0,0,31,5,36,4,28,53,40,125,14,122,136,261
03/10/2020,TRI,TN,ASO,ES,Combined TRACON& Tower with Radar,4,25,22,4,55,0,0,2,0,2,4,25,24,4,57,0,2,2,59
03/11/2020,TRI,TN,ASO,ES,Combined TRACON& Tower with Radar,4,25,16,12,57,0,0,3,0,3,4,25,19,12,60,4,22,26,86
03/12/2020,TRI,TN,ASO,ES,Combined TRACON& Tower with Radar,10,21,12,10,53,0,0,10,0,10,10,21,22,10,63,46,22,68,131
03/13/2020,TRI,TN,ASO,ES,Combined TRACON& Tower with Radar,9,19,30,10,68,0,0,8,0,8,9,19,38,10,76,6,10,16,92
03/14/2020,TRI,TN,ASO,ES,Combined TRACON& Tower with Radar,5,15,12,0,32,0,0,20,0,20,5,15,32,0,52,48,0,48,100
03/15/2020,TRI,TN,ASO,ES,Combined TRACON& Tower with Radar,6,21,13,0,40,0,0,3,0,3,6,21,16,0,43,10,0,10,53
03/16/2020,TRI,TN,ASO,ES,Combined TRACON& Tower with Radar,8,26,9,2,45,0,0,7,0,7,8,26,16,2,52,12,0,12,64
03/17/2020,TRI,TN,ASO,ES,Combined TRACON& Tower with Radar,6,19,6,0,31,0,0,0,0,0,6,19,6,0,31,0,0,0,31
03/18/2020,TRI,TN,ASO,ES,Combined TRACON& Tower with Radar,6,21,9,0,36,0,0,8,2,10,6,21,17,2,46,18,0,18,64
03/19/2020,TRI,TN,ASO,ES,Combined TRACON& Tower with Radar,5,21,21,8,55,0,0,21,4,25,5,21,42,12,80,24,26,50,130
03/20/2020,TRI,TN,ASO,ES,Combined TRACON& Tower with Radar,5,15,5,0,25,0,0,1,0,1,5,15,6,0,26,10,0,10,36
03/21/2020,TRI,TN,ASO,ES,Combined TRACON& Tower with Radar,4,15,6,0,25,0,0,4,0,4,4,15,10,0,29,4,0,4,33
03/22/2020,TRI,TN,ASO,ES,Combined TRACON& Tower with Radar,6,14,8,0,28,0,1,19,0,20,6,15,27,0,48,2,0,2,50
03/23/2020,TRI,TN,ASO,ES,Combined TRACON& Tower with Radar,5,17,8,0,30,0,0,1,0,1,5,17,9,0,31,2,0,2,33
03/24/2020,TRI,TN,ASO,ES,Combined TRACON& Tower with Radar,3,12,5,0,20,0,0,5,0,5,3,12,10,0,25,8,0,8,33
03/25/2020,TRI,TN,ASO,ES,Combined TRACON& Tower with Radar,1,19,5,5,30,0,0,1,0,1,1,19,6,5,31,14,10,24,55
03/26/2020,TRI,TN,ASO,ES,Combined TRACON& Tower with Radar,2,14,7,19,42,0,1,57,48,106,2,15,64,67,148,0,0,0,148
03/27/2020,TRI,TN,ASO,ES,Combined TRACON& Tower with Radar,2,12,12,0,26,0,0,45,0,45,2,12,57,0,71,0,0,0,71
03/28/2020,TRI,TN,ASO,ES,Combined TRACON& Tower with Radar,4,11,6,0,21,0,1,45,0,46,4,12,51,0,67,0,0,0,67
03/29/2020,TRI,TN,ASO,ES,Combined TRACON& Tower with Radar,6,17,0,0,23,0,0,0,0,0,6,17,0,0,23,0,0,0,23
03/30/2020,TRI,TN,ASO,ES,Combined TRACON& Tower with Radar,7,7,10,2,26,0,4,6,0,10,7,11,16,2,36,2,2,4,40
03/31/2020,TRI,TN,ASO,ES,Combined TRACON& Tower with Radar,5,7,6,0,18,0,0,0,0,0,5,7,6,0,18,0,0,0,18
04/01/2020,TRI,TN,ASO,ES,Combined TRACON& Tower with Radar,9,9,7,0,25,0,0,8,0,8,9,9,15,0,33,0,0,0,33
04/02/2020,TRI,TN,ASO,ES,Combined TRACON& Tower with Radar,5,11,11,15,42,0,0,6,0,6,5,11,17,15,48,0,16,16,64
04/03/2020,TRI,TN,ASO,ES,Combined TRACON& Tower with Radar,4,9,9,6,28,0,0,13,0,13,4,9,22,6,41,16,24,40,81
04/04/2020,TRI,TN,ASO,ES,Combined TRACON& Tower with Radar,1,7,10,8,26,0,0,19,0,19,1,7,29,8,45,26,12,38,83
04/05/2020,TRI,TN,ASO,ES,Combined TRACON& Tower with Radar,3,11,2,8,24,0,0,5,0,5,3,11,7,8,29,0,16,16,45
04/06/2020,TRI,TN,ASO,ES,Combined TRACON& Tower with Radar,5,10,7,6,28,0,0,16,0,16,5,10,23,6,44,20,4,24,68
04/07/2020,TRI,TN,ASO,ES,Combined TRACON& Tower with Radar,5,8,5,14,32,0,1,4,0,5,5,9,9,14,37,14,12,26,63
04/08/2020,TRI,TN,ASO,ES,Combined TRACON& Tower with Radar,3,14,7,7,31,0,0,2,0,2,3,14,9,7,33,20,0,20,53
04/09/2020,TRI,TN,ASO,ES,Combined TRACON& Tower with Radar,6,25,4,7,42,0,0,5,0,5,6,25,9,7,47,0,24,24,71
04/10/2020,TRI,TN,ASO,ES,Combined TRACON& Tower with Radar,6,8,8,9,31,0,0,3,0,3,6,8,11,9,34,0,10,10,44
04/11/2020,TRI,TN,ASO,ES,Combined TRACON& Tower with Radar,5,5,15,0,25,0,0,20,0,20,5,5,35,0,45,24,0,24,69
04/12/2020,TRI,TN,ASO,ES,Combined TRACON& Tower with Radar,5,7,2,0,14,0,0,0,0,0,5,7,2,0,14,16,0,16,30
04/13/2020,TRI,TN,ASO,ES,Combined TRACON& Tower with Radar,5,12,7,0,24,0,1,4,0,5,5,13,11,0,29,0,0,0,29
04/14/2020,TRI,TN,ASO,ES,Combined TRACON& Tower with Radar,5,11,10,4,30,0,1,11,2,14,5,12,21,6,44,10,6,16,60
04/15/2020,TRI,TN,ASO,ES,Combined TRACON& Tower with Radar,6,8,8,8,30,0,0,15,0,15,6,8,23,8,45,22,18,40,85
04/16/2020,TRI,TN,ASO,ES,Combined TRACON& Tower with Radar,6,6,7,11,30,0,0,14,0,14,6,6,21,11,44,30,22,52,96
04/17/2020,TRI,TN,ASO,ES,Combined TRACON& Tower with Radar,6,12,9,0,27,0,0,17,0,17,6,12,26,0,44,12,0,12,56
04/18/2020,TRI,TN,ASO,ES,Combined TRACON& Tower with Radar,6,8,5,33,52,0,0,24,0,24,6,8,29,33,76,26,38,64,140
04/19/2020,TRI,TN,ASO,ES,Combined TRACON& Tower with Radar,3,8,10,0,21,0,0,16,0,16,3,8,26,0,37,40,0,40,77
04/20/2020,TRI,TN,ASO,ES,Combined TRACON& Tower with Radar,5,10,2,0,17,0,0,18,0,18,5,10,20,0,35,18,0,18,53
04/21/2020,TRI,TN,ASO,ES,Combined TRACON& Tower with Radar,6,8,8,0,22,0,0,6,0,6,6,8,14,0,28,0,0,0,28
04/22/2020,TRI,TN,ASO,ES,Combined TRACON& Tower with Radar,6,10,22,3,41,0,0,32,2,34,6,10,54,5,75,100,22,122,197
04/23/2020,TRI,TN,ASO,ES,Combined TRACON& Tower with Radar,6,9,11,0,26,0,0,16,1,17,6,9,27,1,43,0,0,0,43
04/24/2020,TRI,TN,ASO,ES,Combined TRACON& Tower with Radar,6,11,6,0,23,0,0,34,0,34,6,11,40,0,57,0,0,0,57
04/25/2020,TRI,TN,ASO,ES,Combined TRACON& Tower with Radar,6,2,16,16,40,0,0,23,42,65,6,2,39,58,105,0,0,0,105
04/26/2020,TRI,TN,ASO,ES,Combined TRACON& Tower with Radar,6,5,2,0,13,0,0,6,0,6,6,5,8,0,19,0,0,0,19
04/27/2020,TRI,TN,ASO,ES,Combined TRACON& Tower with Radar,6,5,18,1,30,0,2,23,0,25,6,7,41,1,55,66,14,80,135
04/28/2020,TRI,TN,ASO,ES,Combined TRACON& Tower with Radar,2,9,13,6,30,0,0,36,0,36,2,9,49,6,66,68,0,68,134
04/29/2020,TRI,TN,ASO,ES,Combined TRACON& Tower with Radar,6,3,6,0,15,0,0,12,0,12,6,3,18,0,27,0,0,0,27
04/30/2020,TRI,TN,ASO,ES,Combined TRACON& Tower with Radar,6,8,15,0,29,0,0,10,0,10,6,8,25,0,39,0,0,0,39
05/01/2020,TRI,TN,ASO,ES,Combined TRACON& Tower with Radar,5,9,12,12,38,0,8,19,0,27,5,17,31,12,65,4,12,16,81
05/02/2020,TRI,TN,ASO,ES,Combined TRACON& Tower with Radar,3,6,17,0,26,0,0,37,0,37,3,6,54,0,63,132,0,132,195
05/03/2020,TRI,TN,ASO,ES,Combined TRACON& Tower with Radar,2,6,10,0,18,0,0,9,0,9,2,6,19,0,27,0,0,0,27
05/04/2020,TRI,TN,ASO,ES,Combined TRACON& Tower with Radar,2,10,10,0,22,0,1,21,0,22,2,11,31,0,44,52,0,52,96
05/05/2020,TRI,TN,ASO,ES,Combined TRACON& Tower with Radar,1,8,5,0,14,0,0,2,0,2,1,8,7,0,16,0,0,0,16
05/06/2020,TRI,TN,ASO,ES,Combined TRACON& Tower with Radar,4,19,10,0,33,0,0,6,0,6,4,19,16,0,39,2,0,2,41
05/07/2020,TRI,TN,ASO,ES,Combined TRACON& Tower with Radar,3,11,25,0,39,0,0,28,0,28,3,11,53,0,67,24,0,24,91
05/08/2020,TRI,TN,ASO,ES,Combined TRACON& Tower with Radar,0,13,7,0,20,0,0,4,0,4,0,13,11,0,24,0,0,0,24
05/09/2020,TRI,TN,ASO,ES,Combined TRACON& Tower with Radar,0,16,14,0,30,0,0,27,0,27,0,16,41,0,57,36,0,36,93
05/10/2020,TRI,TN,ASO,ES,Combined TRACON& Tower with Radar,2,12,7,0,21,0,0,11,0,11,2,12,18,0,32,14,0,14,46
05/11/2020,TRI,TN,ASO,ES,Combined TRACON& Tower with Radar,0,13,21,2,36,0,0,9,0,9,0,13,30,2,45,14,4,18,63
05/12/2020,TRI,TN,ASO,ES,Combined TRACON& Tower with Radar,0,11,18,0,29,0,0,14,0,14,0,11,32,0,43,18,0,18,61
05/13/2020,TRI,TN,ASO,ES,Combined TRACON& Tower with Radar,0,14,8,0,22,0,0,7,0,7,0,14,15,0,29,0,0,0,29
05/14/2020,TRI,TN,ASO,ES,Combined TRACON& Tower with Radar,2,14,21,0,37,0,0,23,0,23,2,14,44,0,60,12,0,12,72
05/15/2020,TRI,TN,ASO,ES,Combined TRACON& Tower with Radar,0,15,18,12,45,0,0,22,0,22,0,15,40,12,67,24,22,46,113
05/16/2020,TRI,TN,ASO,ES,Combined TRACON& Tower with Radar,0,11,12,0,23,0,0,27,1,28,0,11,39,1,51,50,0,50,101
05/17/2020,TRI,TN,ASO,ES,Combined TRACON& Tower with Radar,2,11,11,0,24,0,0,24,0,24,2,11,35,0,48,4,0,4,52
05/18/2020,TRI,TN,ASO,ES,Combined TRACON& Tower with Radar,0,21,26,0,47,0,0,15,0,15,0,21,41,0,62,8,0,8,70
05/19/2020,TRI,TN,ASO,ES,Combined TRACON& Tower with Radar,0,19,17,0,36,0,0,2,0,2,0,19,19,0,38,0,0,0,38
05/20/2020,TRI,TN,ASO,ES,Combined TRACON& Tower with Radar,0,17,22,0,39,0,2,2,0,4,0,19,24,0,43,0,0,0,43
05/21/2020,TRI,TN,ASO,ES,Combined TRACON& Tower with Radar,0,21,19,0,40,0,0,12,0,12,0,21,31,0,52,4,0,4,56
05/22/2020,TRI,TN,ASO,ES,Combined TRACON& Tower with Radar,2,14,12,0,28,0,0,13,0,13,2,14,25,0,41,10,0,10,51
05/23/2020,TRI,TN,ASO,ES,Combined TRACON& Tower with Radar,0,13,8,0,21,0,0,58,0,58,0,13,66,0,79,0,0,0,79
05/24/2020,TRI,TN,ASO,ES,Combined TRACON& Tower with Radar,0,20,9,0,29,0,0,10,0,10,0,20,19,0,39,10,0,10,49
05/25/2020,TRI,TN,ASO,ES,Combined TRACON& Tower with Radar,2,13,6,0,21,0,0,46,0,46,2,13,52,0,67,0,0,0,67
05/26/2020,TRI,TN,ASO,ES,Combined TRACON& Tower with Radar,0,14,23,2,39,0,0,27,0,27,0,14,50,2,66,40,0,40,106
05/27/2020,TRI,TN,ASO,ES,Combined TRACON& Tower with Radar,0,22,44,26,92,0,0,61,76,137,0,22,105,102,229,8,0,8,237
05/28/2020,TRI,TN,ASO,ES,Combined TRACON& Tower with Radar,2,14,15,0,31,0,0,9,0,9,2,14,24,0,40,6,0,6,46
05/29/2020,TRI,TN,ASO,ES,Combined TRACON& Tower with Radar,2,14,9,8,33,0,1,22,4,27,2,15,31,12,60,8,34,42,102
05/30/2020,TRI,TN,ASO,ES,Combined TRACON& Tower with Radar,0,13,14,0,27,0,0,15,0,15,0,13,29,0,42,38,0,38,80
05/31/2020,TRI,TN,ASO,ES,Combined TRACON& Tower with Radar,2,17,27,0,46,0,1,44,0,45,2,18,71,0,91,16,0,16,107
06/01/2020,TRI,TN,ASO,ES,Combined TRACON& Tower with Radar,2,14,16,1,33,0,0,24,0,24,2,14,40,1,57,16,0,16,73
06/02/2020,TRI,TN,ASO,ES,Combined TRACON& Tower with Radar,0,17,19,46,82,0,1,33,0,34,0,18,52,46,116,24,56,80,196
06/03/2020,TRI,TN,ASO,ES,Combined TRACON& Tower with Radar,0,13,16,0,29,0,0,23,0,23,0,13,39,0,52,36,0,36,88
06/04/2020,TRI,TN,ASO,ES,Combined TRACON& Tower with Radar,2,17,12,6,37,0,0,9,2,11,2,17,21,8,48,22,16,38,86
06/05/2020,TRI,TN,ASO,ES,Combined TRACON& Tower with Radar,2,16,18,0,36,0,0,9,0,9,2,16,27,0,45,28,0,28,73
06/06/2020,TRI,TN,ASO,ES,Combined TRACON& Tower with Radar,0,12,8,0,20,0,0,11,2,13,0,12,19,2,33,26,0,26,59
06/07/2020,TRI,TN,ASO,ES,Combined TRACON& Tower with Radar,2,10,15,0,27,0,0,24,0,24,2,10,39,0,51,32,0,32,83
06/08/2020,TRI,TN,ASO,ES,Combined TRACON& Tower with Radar,2,9,20,0,31,0,0,22,0,22,2,9,42,0,53,22,0,22,75
06/09/2020,TRI,TN,ASO,ES,Combined TRACON& Tower with Radar,0,18,18,0,36,0,0,19,0,19,0,18,37,0,55,28,0,28,83
06/10/2020,TRI,TN,ASO,ES,Combined TRACON& Tower with Radar,0,20,19,2,41,0,0,10,0,10,0,20,29,2,51,20,0,20,71
06/11/2020,TRI,TN,ASO,ES,Combined TRACON& Tower with Radar,2,12,27,24,65,0,0,26,0,26,2,12,53,24,91,54,34,88,179
06/12/2020,TRI,TN,ASO,ES,Combined TRACON& Tower with Radar,2,19,12,34,67,0,0,25,0,25,2,19,37,34,92,44,64,108,200
06/13/2020,TRI,TN,ASO,ES,Combined TRACON& Tower with Radar,0,9,15,0,24,0,0,37,0,37,0,9,52,0,61,62,0,62,123
06/14/2020,TRI,TN,ASO,ES,Combined TRACON& Tower with Radar,2,12,9,0,23,0,0,14,0,14,2,12,23,0,37,32,0,32,69
06/15/2020,TRI,TN,ASO,ES,Combined TRACON& Tower with Radar,2,12,26,13,53,0,1,4,0,5,2,13,30,13,58,6,14,20,78
06/16/2020,TRI,TN,ASO,ES,Combined TRACON& Tower with Radar,0,12,19,9,40,0,0,12,0,12,0,12,31,9,52,4,6,10,62
06/17/2020,TRI,TN,ASO,ES,Combined TRACON& Tower with Radar,0,15,40,20,75,0,0,23,26,49,0,15,63,46,124,0,0,0,124
06/18/2020,TRI,TN,ASO,ES,Combined TRACON& Tower with Radar,2,19,21,0,42,0,3,21,0,24,2,22,42,0,66,0,0,0,66
06/19/2020,TRI,TN,ASO,ES,Combined TRACON& Tower with Radar,2,21,15,0,38,0,2,69,0,71,2,23,84,0,109,0,0,0,109
06/20/2020,TRI,TN,ASO,ES,Combined TRACON& Tower with Radar,0,12,12,0,24,0,0,44,0,44,0,12,56,0,68,0,0,0,68
06/21/2020,TRI,TN,ASO,ES,Combined TRACON& Tower with Radar,2,10,9,0,21,0,0,68,0,68,2,10,77,0,89,0,0,0,89
06/22/2020,TRI,TN,ASO,ES,Combined TRACON& Tower with Radar,2,15,20,0,37,0,0,7,2,9,2,15,27,2,46,22,0,22,68
06/23/2020,TRI,TN,ASO,ES,Combined TRACON& Tower with Radar,0,22,17,0,39,0,0,6,0,6,0,22,23,0,45,2,0,2,47
06/24/2020,TRI,TN,ASO,ES,Combined TRACON& Tower with Radar,0,27,11,7,45,0,0,18,0,18,0,27,29,7,63,6,20,26,89
06/25/2020,TRI,TN,ASO,ES,Combined TRACON& Tower with Radar,2,23,34,13,72,0,0,31,1,32,2,23,65,14,104,20,12,32,136
06/26/2020,TRI,TN,ASO,ES,Combined TRACON& Tower with Radar,2,16,37,15,70,0,1,25,3,29,2,17,62,18,99,42,24,66,165
06/27/2020,TRI,TN,ASO,ES,Combined TRACON& Tower with Radar,0,19,25,0,44,0,0,1,0,1,0,19,26,0,45,6,0,6,51
06/28/2020,TRI,TN,ASO,ES,Combined TRACON& Tower with Radar,4,11,18,0,33,0,0,7,0,7,4,11,25,0,40,4,0,4,44
06/29/2020,TRI,TN,ASO,ES,Combined TRACON& Tower with Radar,2,18,24,0,44,0,0,12,0,12,2,18,36,0,56,16,0,16,72
06/30/2020,TRI,TN,ASO,ES,Combined TRACON& Tower with Radar,0,23,26,0,49,0,0,6,0,6,0,23,32,0,55,12,0,12,67
07/01/2020,TRI,TN,ASO,ES,Combined TRACON& Tower with Radar,2,15,23,6,46,0,0,8,0,8,2,15,31,6,54,24,6,30,84
07/02/2020,TRI,TN,ASO,ES,Combined TRACON& Tower with Radar,2,28,44,4,78,0,0,30,0,30,2,28,74,4,108,20,0,20,128
07/03/2020,TRI,TN,ASO,ES,Combined TRACON& Tower with Radar,2,17,19,0,38,0,0,34,0,34,2,17,53,0,72,46,0,46,118
07/04/2020,TRI,TN,ASO,ES,Combined TRACON& Tower with Radar,0,12,4,0,16,0,0,17,0,17,0,12,21,0,33,0,0,0,33
07/05/2020,TRI,TN,ASO,ES,Combined TRACON& Tower with Radar,2,14,20,0,36,0,0,19,0,19,2,14,39,0,55,36,0,36,91
07/06/2020,TRI,TN,ASO,ES,Combined TRACON& Tower with Radar,2,20,22,0,44,0,0,13,0,13,2,20,35,0,57,54,0,54,111
07/07/2020,TRI,TN,ASO,ES,Combined TRACON& Tower with Radar,1,18,32,0,51,0,0,29,0,29,1,18,61,0,80,0,0,0,80
07/08/2020,TRI,TN,ASO,ES,Combined TRACON& Tower with Radar,2,17,19,2,40,0,2,56,3,61,2,19,75,5,101,0,0,0,101
07/09/2020,TRI,TN,ASO,ES,Combined TRACON& Tower with Radar,3,18,32,0,53,0,0,64,6,70,3,18,96,6,123,0,0,0,123
07/10/2020,TRI,TN,ASO,ES,Combined TRACON& Tower with Radar,3,17,21,26,67,0,0,32,10,42,3,17,53,36,109,0,0,0,109
07/11/2020,TRI,TN,ASO,ES,Combined TRACON& Tower with Radar,1,16,12,0,29,0,1,56,2,59,1,17,68,2,88,0,0,0,88
07/12/2020,TRI,TN,ASO,ES,Combined TRACON& Tower with Radar,3,15,7,2,27,0,1,26,0,27,3,16,33,2,54,36,0,36,90
07/13/2020,TRI,TN,ASO,ES,Combined TRACON& Tower with Radar,3,20,13,16,52,0,0,21,0,21,3,20,34,16,73,36,28,64,137
07/14/2020,TRI,TN,ASO,ES,Combined TRACON& Tower with Radar,2,24,34,16,76,0,0,30,2,32,2,24,64,18,108,40,32,72,180
07/15/2020,TRI,TN,ASO,ES,Combined TRACON& Tower with Radar,2,22,74,26,124,0,1,28,3,32,2,23,102,29,156,68,26,94,250
07/16/2020,TRI,TN,ASO,ES,Combined TRACON& Tower with Radar,3,21,14,8,46,0,0,26,0,26,3,21,40,8,72,48,4,52,124
07/17/2020,TRI,TN,ASO,ES,Combined TRACON& Tower with Radar,3,18,17,0,38,0,0,16,0,16,3,18,33,0,54,56,0,56,110
07/18/2020,TRI,TN,ASO,ES,Combined TRACON& Tower with Radar,1,15,15,0,31,0,0,23,0,23,1,15,38,0,54,32,0,32,86
07/19/2020,TRI,TN,ASO,ES,Combined TRACON& Tower with Radar,5,18,18,0,41,0,0,19,0,19,5,18,37,0,60,16,0,16,76
07/20/2020,TRI,TN,ASO,ES,Combined TRACON& Tower with Radar,3,15,20,0,38,0,0,24,2,26,3,15,44,2,64,28,0,28,92
07/21/2020,TRI,TN,ASO,ES,Combined TRACON& Tower with Radar,2,21,22,0,45,0,0,15,0,15,2,21,37,0,60,28,0,28,88
07/22/2020,TRI,TN,ASO,ES,Combined TRACON& Tower with Radar,2,22,15,3,42,0,3,13,1,17,2,25,28,4,59,10,0,10,69
07/23/2020,TRI,TN,ASO,ES,Combined TRACON& Tower with Radar,4,18,28,0,50,0,1,7,0,8,4,19,35,0,58,0,0,0,58
07/24/2020,TRI,TN,ASO,ES,Combined TRACON& Tower with Radar,1,33,19,8,61,1,1,13,0,15,2,34,32,8,76,6,20,26,102
07/25/2020,TRI,TN,ASO,ES,Combined TRACON& Tower with Radar,1,20,19,0,40,0,0,14,0,14,1,20,33,0,54,32,0,32,86
07/26/2020,TRI,TN,ASO,ES,Combined TRACON& Tower with Radar,3,25,13,0,41,0,1,15,0,16,3,26,28,0,57,26,0,26,83
07/27/2020,TRI,TN,ASO,ES,Combined TRACON& Tower with Radar,3,16,20,6,45,0,0,100,14,114,3,16,120,20,159,0,0,0,159
07/28/2020,TRI,TN,ASO,ES,Combined TRACON& Tower with Radar,2,23,17,14,56,0,0,70,22,92,2,23,87,36,148,0,0,0,148
07/29/2020,TRI,TN,ASO,ES,Combined TRACON& Tower with Radar,2,21,32,0,55,0,0,35,22,57,2,21,67,22,112,0,0,0,112
07/30/2020,TRI,TN,ASO,ES,Combined TRACON& Tower with Radar,3,21,20,20,64,0,1,47,34,82,3,22,67,54,146,0,0,0,146
07/31/2020,TRI,TN,ASO,ES,Combined TRACON& Tower with Radar,3,28,16,8,55,0,0,12,14,26,3,28,28,22,81,0,0,0,81
08/01/2020,TRI,TN,ASO,ES,Combined TRACON& Tower with Radar,1,17,17,0,35,0,0,12,0,12,1,17,29,0,47,0,0,0,47
08/02/2020,TRI,TN,ASO,ES,Combined TRACON& Tower with Radar,3,16,17,0,36,0,0,4,0,4,3,16,21,0,40,26,0,26,66
08/03/2020,TRI,TN,ASO,ES,Combined TRACON& Tower with Radar,3,17,12,0,32,0,0,2,0,2,3,17,14,0,34,0,0,0,34
08/04/2020,TRI,TN,ASO,ES,Combined TRACON& Tower with Radar,3,23,36,1,63,0,0,16,0,16,3,23,52,1,79,26,0,26,105
08/05/2020,TRI,TN,ASO,ES,Combined TRACON& Tower with Radar,2,22,17,0,41,0,2,13,0,15,2,24,30,0,56,8,0,8,64
08/06/2020,TRI,TN,ASO,ES,Combined TRACON& Tower with Radar,3,19,20,0,42,0,4,52,0,56,3,23,72,0,98,0,0,0,98
08/07/2020,TRI,TN,ASO,ES,Combined TRACON& Tower with Radar,3,19,11,0,33,0,1,23,0,24,3,20,34,0,57,90,0,90,147
08/08/2020,TRI,TN,ASO,ES,Combined TRACON& Tower with Radar,3,16,6,0,25,0,0,206,1,207,3,16,212,1,232,0,0,0,232
08/09/2020,TRI,TN,ASO,ES,Combined TRACON& Tower with Radar,3,15,14,0,32,0,0,63,0,63,3,15,77,0,95,0,0,0,95
08/10/2020,TRI,TN,ASO,ES,Combined TRACON& Tower with Radar,2,24,10,0,36,0,0,106,0,106,2,24,116,0,142,0,0,0,142
08/11/2020,TRI,TN,ASO,ES,Combined TRACON& Tower with Radar,4,20,18,1,43,0,0,7,1,8,4,20,25,2,51,28,0,28,79
08/12/2020,TRI,TN,ASO,ES,Combined TRACON& Tower with Radar,2,19,9,0,30,0,0,14,0,14,2,19,23,0,44,20,0,20,64
08/13/2020,TRI,TN,ASO,ES,Combined TRACON& Tower with Radar,3,27,7,2,39,0,2,11,0,13,3,29,18,2,52,50,0,50,102
08/14/2020,TRI,TN,ASO,ES,Combined TRACON& Tower with Radar,2,27,8,6,43,0,0,3,4,7,2,27,11,10,50,4,4,8,58
08/15/2020,TRI,TN,ASO,ES,Combined TRACON& Tower with Radar,1,16,6,0,23,0,0,1,0,1,1,16,7,0,24,0,0,0,24
08/16/2020,TRI,TN,ASO,ES,Combined TRACON& Tower with Radar,3,23,11,0,37,0,0,11,0,11,3,23,22,0,48,32,0,32,80
08/17/2020,TRI,TN,ASO,ES,Combined TRACON& Tower with Radar,5,24,30,0,59,0,0,19,0,19,5,24,49,0,78,42,0,42,120
08/18/2020,TRI,TN,ASO,ES,Combined TRACON& Tower with Radar,2,28,37,32,99,0,1,47,0,48,2,29,84,32,147,96,42,138,285
08/19/2020,TRI,TN,ASO,ES,Combined TRACON& Tower with Radar,2,21,20,29,72,0,0,14,4,18,2,21,34,33,90,46,68,114,204
08/20/2020,TRI,TN,ASO,ES,Combined TRACON& Tower with Radar,2,17,18,33,70,0,0,40,0,40,2,17,58,33,110,38,88,126,236
08/21/2020,TRI,TN,ASO,ES,Combined TRACON& Tower with Radar,1,17,19,0,37,0,0,6,0,6,1,17,25,0,43,0,0,0,43
08/22/2020,TRI,TN,ASO,ES,Combined TRACON& Tower with Radar,1,19,8,0,28,0,1,16,0,17,1,20,24,0,45,60,0,60,105
08/23/2020,TRI,TN,ASO,ES,Combined TRACON& Tower with Radar,3,19,26,0,48,0,0,20,0,20,3,19,46,0,68,18,0,18,86
08/24/2020,TRI,TN,ASO,ES,Combined TRACON& Tower with Radar,1,19,15,0,35,0,0,21,2,23,1,19,36,2,58,8,0,8,66
08/25/2020,TRI,TN,ASO,ES,Combined TRACON& Tower with Radar,2,21,25,23,71,0,0,13,1,14,2,21,38,24,85,28,20,48,133
08/26/2020,TRI,TN,ASO,ES,Combined TRACON& Tower with Radar,2,17,34,13,66,0,0,27,4,31,2,17,61,17,97,20,20,40,137
08/27/2020,TRI,TN,ASO,ES,Combined TRACON& Tower with Radar,3,15,18,2,38,0,0,19,1,20,3,15,37,3,58,36,0,36,94
08/28/2020,TRI,TN,ASO,ES,Combined TRACON& Tower with Radar,1,18,20,0,39,0,0,13,0,13,1,18,33,0,52,52,0,52,104
08/29/2020,TRI,TN,ASO,ES,Combined TRACON& Tower with Radar,1,17,4,0,22,0,0,4,0,4,1,17,8,0,26,2,0,2,28
08/30/2020,TRI,TN,ASO,ES,Combined TRACON& Tower with Radar,3,18,17,0,38,0,0,7,0,7,3,18,24,0,45,34,0,34,79
08/31/2020,TRI,TN,ASO,ES,Combined TRACON& Tower with Radar,2,23,27,1,53,0,0,9,3,12,2,23,36,4,65,16,0,16,81
09/01/2020,TRI,TN,ASO,ES,Combined TRACON& Tower with Radar,2,26,14,0,42,0,0,11,0,11,2,26,25,0,53,18,0,18,71
09/02/2020,TRI,TN,ASO,ES,Combined TRACON& Tower with Radar,2,27,44,17,90,0,0,9,0,9,2,27,53,17,99,26,16,42,141
09/03/2020,TRI,TN,ASO,ES,Combined TRACON& Tower with Radar,5,21,23,12,61,0,0,18,4,22,5,21,41,16,83,16,18,34,117
09/04/2020,TRI,TN,ASO,ES,Combined TRACON& Tower with Radar,2,27,21,23,73,0,1,8,0,9,2,28,29,23,82,8,20,28,110
09/05/2020,TRI,TN,ASO,ES,Combined TRACON& Tower with Radar,2,15,8,0,25,0,0,42,0,42,2,15,50,0,67,82,0,82,149
09/06/2020,TRI,TN,ASO,ES,Combined TRACON& Tower with Radar,4,15,17,0,36,0,0,33,0,33,4,15,50,0,69,36,0,36,105
09/07/2020,TRI,TN,ASO,ES,Combined TRACON& Tower with Radar,1,29,15,0,45,0,2,43,0,45,1,31,58,0,90,14,0,14,104
09/08/2020,TRI,TN,ASO,ES,Combined TRACON& Tower with Radar,3,26,32,12,73,0,0,28,0,28,3,26,60,12,101,24,18,42,143
09/09/2020,TRI,TN,ASO,ES,Combined TRACON& Tower with Radar,2,17,18,0,37,0,0,30,0,30,2,17,48,0,67,76,0,76,143
09/10/2020,TRI,TN,ASO,ES,Combined TRACON& Tower with Radar,4,23,18,25,70,0,0,20,2,22,4,23,38,27,92,38,28,66,158
09/11/2020,TRI,TN,ASO,ES,Combined TRACON& Tower with Radar,2,20,11,0,33,0,0,40,0,40,2,20,51,0,73,26,0,26,99
09/12/2020,TRI,TN,ASO,ES,Combined TRACON& Tower with Radar,2,15,1,0,18,0,0,37,0,37,2,15,38,0,55,34,0,34,89
09/13/2020,TRI,TN,ASO,ES,Combined TRACON& Tower with Radar,4,18,7,0,29,0,0,45,0,45,4,18,52,0,74,92,0,92,166
09/14/2020,TRI,TN,ASO,ES,Combined TRACON& Tower with Radar,2,21,25,4,52,0,0,22,1,23,2,21,47,5,75,16,0,16,91
09/15/2020,TRI,TN,ASO,ES,Combined TRACON& Tower with Radar,2,20,29,31,82,0,0,27,8,35,2,20,56,39,117,76,54,130,247
09/16/2020,TRI,TN,ASO,ES,Combined TRACON& Tower with Radar,2,34,21,0,57,0,0,28,0,28,2,34,49,0,85,54,0,54,139
09/17/2020,TRI,TN,ASO,ES,Combined TRACON& Tower with Radar,3,22,34,0,59,0,0,1,0,1,3,22,35,0,60,0,0,0,60
09/18/2020,TRI,TN,ASO,ES,Combined TRACON& Tower with Radar,5,23,42,2,72,0,0,25,0,25,5,23,67,2,97,46,2,48,145
09/19/2020,TRI,TN,ASO,ES,Combined TRACON& Tower with Radar,2,14,51,0,67,0,0,35,3,38,2,14,86,3,105,66,0,66,171
09/20/2020,TRI,TN,ASO,ES,Combined TRACON& Tower with Radar,4,26,28,0,58,0,0,41,1,42,4,26,69,1,100,34,0,34,134
09/21/2020,TRI,TN,ASO,ES,Combined TRACON& Tower with Radar,2,22,27,0,51,0,2,25,0,27,2,24,52,0,78,34,0,34,112
09/22/2020,TRI,TN,ASO,ES,Combined TRACON& Tower with Radar,2,22,21,10,55,0,4,23,4,31,2,26,44,14,86,52,20,72,158
09/23/2020,TRI,TN,ASO,ES,Combined TRACON& Tower with Radar,2,20,25,0,47,0,0,12,0,12,2,20,37,0,59,36,0,36,95
09/24/2020,TRI,TN,ASO,ES,Combined TRACON& Tower with Radar,4,24,27,0,55,0,0,7,0,7,4,24,34,0,62,26,0,26,88
09/25/2020,TRI,TN,ASO,ES,Combined TRACON& Tower with Radar,1,22,27,0,50,0,0,0,0,0,1,22,27,0,50,6,0,6,56
09/26/2020,TRI,TN,ASO,ES,Combined TRACON& Tower with Radar,2,13,10,0,25,0,0,39,0,39,2,13,49,0,64,74,0,74,138
09/27/2020,TRI,TN,ASO,ES,Combined TRACON& Tower with Radar,4,17,21,4,46,0,1,24,0,25,4,18,45,4,71,108,6,114,185
09/28/2020,TRI,TN,ASO,ES,Combined TRACON& Tower with Radar,2,22,30,7,61,0,2,20,0,22,2,24,50,7,83,46,6,52,135
09/29/2020,TRI,TN,ASO,ES,Combined TRACON& Tower with Radar,3,27,19,0,49,0,0,0,0,0,3,27,19,0,49,0,0,0,49
09/30/2020,TRI,TN,ASO,ES,Combined TRACON& Tower with Radar,3,25,33,14,75,0,1,38,0,39,3,26,71,14,114,28,14,42,156
10/01/2020,TRI,TN,ASO,ES,Combined TRACON& Tower with Radar,4,24,27,0,55,0,0,33,0,33,4,24,60,0,88,58,0,58,146
10/02/2020,TRI,TN,ASO,ES,Combined TRACON& Tower with Radar,2,24,12,19,57,0,4,29,2,35,2,28,41,21,92,72,28,100,192
10/03/2020,TRI,TN,ASO,ES,Combined TRACON& Tower with Radar,2,15,15,0,32,0,0,59,0,59,2,15,74,0,91,56,0,56,147
10/04/2020,TRI,TN,ASO,ES,Combined TRACON& Tower with Radar,4,23,13,6,46,0,0,25,3,28,4,23,38,9,74,50,0,50,124
10/05/2020,TRI,TN,ASO,ES,Combined TRACON& Tower with Radar,2,25,10,28,65,0,0,15,2,17,2,25,25,30,82,14,38,52,134
10/06/2020,TRI,TN,ASO,ES,Combined TRACON& Tower with Radar,2,21,17,45,85,0,0,28,4,32,2,21,45,49,117,48,56,104,221
10/07/2020,TRI,TN,ASO,ES,Combined TRACON& Tower with Radar,5,24,26,26,81,0,0,21,6,27,5,24,47,32,108,36,44,80,188
10/08/2020,TRI,TN,ASO,ES,Combined TRACON& Tower with Radar,8,20,19,27,74,0,5,33,0,38,8,25,52,27,112,54,40,94,206
10/09/2020,TRI,TN,ASO,ES,Combined TRACON& Tower with Radar,6,22,23,0,51,0,2,23,2,27,6,24,46,2,78,96,0,96,174
10/10/2020,TRI,TN,ASO,ES,Combined TRACON& Tower with Radar,8,10,4,0,22,0,0,2,0,2,8,10,6,0,24,0,0,0,24
10/11/2020,TRI,TN,ASO,ES,Combined TRACON& Tower with Radar,12,12,15,0,39,0,0,4,0,4,12,12,19,0,43,30,0,30,73
10/12/2020,TRI,TN,ASO,ES,Combined TRACON& Tower with Radar,5,16,35,0,56,0,0,8,0,8,5,16,43,0,64,2,0,2,66
10/13/2020,TRI,TN,ASO,ES,Combined TRACON& Tower with Radar,6,26,31,12,75,0,0,23,0,23,6,26,54,12,98,62,10,72,170
10/14/2020,TRI,TN,ASO,ES,Combined TRACON& Tower with Radar,7,23,22,24,76,0,1,36,4,41,7,24,58,28,117,78,34,112,229
10/15/2020,TRI,TN,ASO,ES,Combined TRACON& Tower with Radar,9,23,18,38,88,0,0,36,0,36,9,23,54,38,124,108,26,134,258
10/16/2020,TRI,TN,ASO,ES,Combined TRACON& Tower with Radar,7,19,17,7,50,0,0,18,3,21,7,19,35,10,71,58,0,58,129
10/17/2020,TRI,TN,ASO,ES,Combined TRACON& Tower with Radar,9,14,24,0,47,0,0,22,0,22,9,14,46,0,69,12,0,12,81
10/18/2020,TRI,TN,ASO,ES,Combined TRACON& Tower with Radar,8,16,20,0,44,0,1,41,0,42,8,17,61,0,86,30,0,30,116
10/19/2020,TRI,TN,ASO,ES,Combined TRACON& Tower with Radar,10,23,25,18,76,0,0,44,0,44,10,23,69,18,120,30,30,60,180
10/20/2020,TRI,TN,ASO,ES,Combined TRACON& Tower with Radar,6,13,13,10,42,0,0,33,0,33,6,13,46,10,75,32,14,46,121
10/21/2020,TRI,TN,ASO,ES,Combined TRACON& Tower with Radar,8,18,32,11,69,0,0,43,0,43,8,18,75,11,112,54,20,74,186
10/22/2020,TRI,TN,ASO,ES,Combined TRACON& Tower with Radar,8,13,25,9,55,0,1,40,1,42,8,14,65,10,97,88,12,100,197
10/23/2020,TRI,TN,ASO,ES,Combined TRACON& Tower with Radar,6,20,18,0,44,0,0,33,0,33,6,20,51,0,77,56,0,56,133
10/24/2020,TRI,TN,ASO,ES,Combined TRACON& Tower with Radar,6,6,8,0,20,0,1,1,0,2,6,7,9,0,22,0,0,0,22
10/25/2020,TRI,TN,ASO,ES,Combined TRACON& Tower with Radar,10,20,39,0,69,0,1,31,2,34,10,21,70,2,103,62,0,62,165
10/26/2020,TRI,TN,ASO,ES,Combined TRACON& Tower with Radar,6,12,22,5,45,0,0,19,1,20,6,12,41,6,65,36,2,38,103
10/27/2020,TRI,TN,ASO,ES,Combined TRACON& Tower with Radar,6,16,17,31,70,0,0,37,0,37,6,16,54,31,107,10,44,54,161
10/28/2020,TRI,TN,ASO,ES,Combined TRACON& Tower with Radar,5,15,17,19,56,0,0,6,3,9,5,15,23,22,65,6,36,42,107
10/29/2020,TRI,TN,ASO,ES,Combined TRACON& Tower with Radar,7,19,14,0,40,0,0,0,0,0,7,19,14,0,40,4,0,4,44
10/30/2020,TRI,TN,ASO,ES,Combined TRACON& Tower with Radar,8,13,21,6,48,0,0,16,3,19,8,13,37,9,67,26,12,38,105
10/31/2020,TRI,TN,ASO,ES,Combined TRACON& Tower with Radar,6,8,13,0,27,0,2,37,0,39,6,10,50,0,66,92,0,92,158
11/01/2020,TRI,TN,ASO,ES,Combined TRACON& Tower with Radar,8,7,8,0,23,0,0,1,0,1,8,7,9,0,24,0,0,0,24
11/02/2020,TRI,TN,ASO,ES,Combined TRACON& Tower with Radar,6,19,17,19,61,0,0,22,6,28,6,19,39,25,89,24,44,68,157
11/03/2020,TRI,TN,ASO,ES,Combined TRACON& Tower with Radar,6,12,14,25,57,0,0,35,3,38,6,12,49,28,95,16,42,58,153
11/04/2020,TRI,TN,ASO,ES,Combined TRACON& Tower with Radar,3,15,12,5,35,0,0,32,1,33,3,15,44,6,68,46,18,64,132
11/05/2020,TRI,TN,ASO,ES,Combined TRACON& Tower with Radar,4,14,24,29,71,0,2,41,2,45,4,16,65,31,116,60,34,94,210
11/06/2020,TRI,TN,ASO,ES,Combined TRACON& Tower with Radar,2,16,23,6,47,0,1,34,1,36,2,17,57,7,83,36,6,42,125
11/07/2020,TRI,TN,ASO,ES,Combined TRACON& Tower with Radar,2,12,11,0,25,0,0,58,0,58,2,12,69,0,83,36,0,36,119
11/08/2020,TRI,TN,ASO,ES,Combined TRACON& Tower with Radar,4,19,20,0,43,0,0,23,2,25,4,19,43,2,68,30,0,30,98
11/09/2020,TRI,TN,ASO,ES,Combined TRACON& Tower with Radar,4,21,34,2,61,0,0,31,0,31,4,21,65,2,92,34,2,36,128
11/10/2020,TRI,TN,ASO,ES,Combined TRACON& Tower with Radar,2,13,15,40,70,0,3,18,0,21,2,16,33,40,91,26,48,74,165
11/11/2020,TRI,TN,ASO,ES,Combined TRACON& Tower with Radar,2,16,24,8,50,0,0,2,0,2,2,16,26,8,52,4,8,12,64
11/12/2020,TRI,TN,ASO,ES,Combined TRACON& Tower with Radar,7,20,16,0,43,0,0,2,0,2,7,20,18,0,45,20,0,20,65
11/13/2020,TRI,TN,ASO,ES,Combined TRACON& Tower with Radar,3,17,16,16,52,0,0,22,0,22,3,17,38,16,74,58,18,76,150
11/14/2020,TRI,TN,ASO,ES,Combined TRACON& Tower with Radar,2,24,19,16,61,0,0,27,0,27,2,24,46,16,88,92,14,106,194
11/15/2020,TRI,TN,ASO,ES,Combined TRACON& Tower with Radar,4,16,10,0,30,0,0,0,0,0,4,16,10,0,30,0,0,0,30
11/16/2020,TRI,TN,ASO,ES,Combined TRACON& Tower with Radar,2,18,15,12,47,0,0,30,0,30,2,18,45,12,77,54,10,64,141
11/17/2020,TRI,TN,ASO,ES,Combined TRACON& Tower with Radar,2,16,15,2,35,0,0,22,1,23,2,16,37,3,58,18,2,20,78
11/18/2020,TRI,TN,ASO,ES,Combined TRACON& Tower with Radar,2,19,19,28,68,0,0,20,4,24,2,19,39,32,92,44,44,88,180
11/19/2020,TRI,TN,ASO,ES,Combined TRACON& Tower with Radar,4,20,22,0,46,0,0,28,0,28,4,20,50,0,74,92,0,92,166
11/20/2020,TRI,TN,ASO,ES,Combined TRACON& Tower with Radar,2,28,22,0,52,0,0,26,0,26,2,28,48,0,78,54,0,54,132
11/21/2020,TRI,TN,ASO,ES,Combined TRACON& Tower with Radar,2,22,14,0,38,0,0,23,0,23,2,22,37,0,61,22,0,22,83
11/22/2020,TRI,TN,ASO,ES,Combined TRACON& Tower with Radar,4,19,17,0,40,0,0,27,0,27,4,19,44,0,67,42,0,42,109
11/23/2020,TRI,TN,ASO,ES,Combined TRACON& Tower with Radar,2,21,8,16,47,0,2,14,2,18,2,23,22,18,65,42,34,76,141
11/24/2020,TRI,TN,ASO,ES,Combined TRACON& Tower with Radar,4,26,20,2,52,0,0,27,2,29,4,26,47,4,81,44,0,44,125
11/25/2020,TRI,TN,ASO,ES,Combined TRACON& Tower with Radar,2,20,15,3,40,0,0,15,0,15,2,20,30,3,55,30,2,32,87
11/26/2020,TRI,TN,ASO,ES,Combined TRACON& Tower with Radar,0,10,7,0,17,0,0,5,0,5,0,10,12,0,22,16,0,16,38
11/27/2020,TRI,TN,ASO,ES,Combined TRACON& Tower with Radar,2,19,14,0,35,0,0,19,0,19,2,19,33,0,54,28,0,28,82
11/28/2020,TRI,TN,ASO,ES,Combined TRACON& Tower with Radar,4,22,14,0,40,0,0,33,0,33,4,22,47,0,73,60,0,60,133
11/29/2020,TRI,TN,ASO,ES,Combined TRACON& Tower with Radar,2,22,8,0,32,0,0,29,0,29,2,22,37,0,61,10,0,10,71
11/30/2020,TRI,TN,ASO,ES,Combined TRACON& Tower with Radar,4,27,7,0,38,0,0,4,0,4,4,27,11,0,42,6,0,6,48
12/01/2020,TRI,TN,ASO,ES,Combined TRACON& Tower with Radar,3,24,12,3,42,0,0,3,1,4,3,24,15,4,46,4,0,4,50
12/02/2020,TRI,TN,ASO,ES,Combined TRACON& Tower with Radar,4,17,24,2,47,0,0,27,0,27,4,17,51,2,74,74,8,82,156
12/03/2020,TRI,TN,ASO,ES,Combined TRACON& Tower with Radar,6,17,12,6,41,0,0,22,0,22,6,17,34,6,63,96,12,108,171
12/04/2020,TRI,TN,ASO,ES,Combined TRACON& Tower with Radar,6,22,12,18,58,0,0,13,0,13,6,22,25,18,71,32,22,54,125
12/05/2020,TRI,TN,ASO,ES,Combined TRACON& Tower with Radar,5,9,7,1,22,0,0,8,3,11,5,9,15,4,33,38,0,38,71
12/06/2020,TRI,TN,ASO,ES,Combined TRACON& Tower with Radar,6,17,16,0,39,0,0,20,0,20,6,17,36,0,59,36,0,36,95
12/07/2020,TRI,TN,ASO,ES,Combined TRACON& Tower with Radar,5,17,11,0,33,0,0,3,0,3,5,17,14,0,36,2,0,2,38
12/08/2020,TRI,TN,ASO,ES,Combined TRACON& Tower with Radar,7,16,18,29,70,0,0,25,3,28,7,16,43,32,98,20,42,62,160
12/09/2020,TRI,TN,ASO,ES,Combined TRACON& Tower with Radar,4,14,17,15,50,0,0,35,0,35,4,14,52,15,85,54,22,76,161
12/10/2020,TRI,TN,ASO,ES,Combined TRACON& Tower with Radar,6,15,25,5,51,0,0,40,0,40,6,15,65,5,91,148,4,152,243
12/11/2020,TRI,TN,ASO,ES,Combined TRACON& Tower with Radar,4,21,19,14,58,0,0,38,0,38,4,21,57,14,96,74,14,88,184
12/12/2020,TRI,TN,ASO,ES,Combined TRACON& Tower with Radar,4,13,10,0,27,0,0,23,0,23,4,13,33,0,50,40,0,40,90
12/13/2020,TRI,TN,ASO,ES,Combined TRACON& Tower with Radar,6,14,17,0,37,0,0,19,0,19,6,14,36,0,56,52,0,52,108
12/14/2020,TRI,TN,ASO,ES,Combined TRACON& Tower with Radar,3,18,15,0,36,0,0,7,0,7,3,18,22,0,43,0,0,0,43
12/15/2020,TRI,TN,ASO,ES,Combined TRACON& Tower with Radar,4,18,21,0,43,0,0,37,0,37,4,18,58,0,80,86,0,86,166
12/16/2020,TRI,TN,ASO,ES,Combined TRACON& Tower with Radar,4,19,14,0,37,0,0,1,0,1,4,19,15,0,38,0,0,0,38
12/17/2020,TRI,TN,ASO,ES,Combined TRACON& Tower with Radar,4,17,22,0,43,0,0,5,2,7,4,17,27,2,50,56,0,56,106
12/18/2020,TRI,TN,ASO,ES,Combined TRACON& Tower with Radar,5,14,19,0,38,0,0,21,1,22,5,14,40,1,60,88,0,88,148
12/19/2020,TRI,TN,ASO,ES,Combined TRACON& Tower with Radar,6,19,11,0,36,0,0,32,0,32,6,19,43,0,68,78,0,78,146
12/20/2020,TRI,TN,ASO,ES,Combined TRACON& Tower with Radar,4,13,13,0,30,0,0,17,0,17,4,13,30,0,47,32,0,32,79
12/21/2020,TRI,TN,ASO,ES,Combined TRACON& Tower with Radar,4,18,30,4,56,0,0,10,0,10,4,18,40,4,66,48,14,62,128
12/22/2020,TRI,TN,ASO,ES,Combined TRACON& Tower with Radar,6,15,18,0,39,0,0,33,0,33,6,15,51,0,72,74,0,74,146
12/23/2020,TRI,TN,ASO,ES,Combined TRACON& Tower with Radar,4,19,15,2,40,0,2,23,0,25,4,21,38,2,65,46,2,48,113
12/24/2020,TRI,TN,ASO,ES,Combined TRACON& Tower with Radar,4,15,1,0,20,0,0,0,0,0,4,15,1,0,20,6,0,6,26
12/25/2020,TRI,TN,ASO,ES,Combined TRACON& Tower with Radar,2,14,4,0,20,0,0,2,0,2,2,14,6,0,22,0,0,0,22
12/26/2020,TRI,TN,ASO,ES,Combined TRACON& Tower with Radar,6,22,13,0,41,0,0,13,0,13,6,22,26,0,54,26,0,26,80
12/27/2020,TRI,TN,ASO,ES,Combined TRACON& Tower with Radar,4,21,15,0,40,0,1,33,0,34,4,22,48,0,74,76,0,76,150
12/28/2020,TRI,TN,ASO,ES,Combined TRACON& Tower with Radar,6,18,5,10,39,0,0,8,0,8,6,18,13,10,47,14,26,40,87
12/29/2020,TRI,TN,ASO,ES,Combined TRACON& Tower with Radar,4,14,23,10,51,0,0,21,0,21,4,14,44,10,72,60,18,78,150
12/30/2020,TRI,TN,ASO,ES,Combined TRACON& Tower with Radar,6,16,16,0,38,0,0,17,0,17,6,16,33,0,55,24,0,24,79
12/31/2020,TRI,TN,ASO,ES,Combined TRACON& Tower with Radar,2,19,8,0,29,0,0,3,0,3,2,19,11,0,32,2,0,2,34
01/01/2021,TRI,TN,ASO,ES,Combined TRACON& Tower with Radar,2,17,7,0,26,0,0,0,0,0,2,17,7,0,26,6,0,6,32
01/02/2021,TRI,TN,ASO,ES,Combined TRACON& Tower with Radar,4,26,15,0,45,0,0,22,0,22,4,26,37,0,67,112,0,112,179
01/03/2021,TRI,TN,ASO,ES,Combined TRACON& Tower with Radar,2,19,10,0,31,0,0,5,0,5,2,19,15,0,36,26,0,26,62
01/04/2021,TRI,TN,ASO,ES,Combined TRACON& Tower with Radar,3,18,26,20,67,0,0,31,0,31,3,18,57,20,98,62,38,100,198
01/05/2021,TRI,TN,ASO,ES,Combined TRACON& Tower with Radar,7,13,5,0,25,0,0,0,0,0,7,13,5,0,25,0,0,0,25
01/06/2021,TRI,TN,ASO,ES,Combined TRACON& Tower with Radar,8,12,24,14,58,0,0,28,0,28,8,12,52,14,86,84,30,114,200
01/07/2021,TRI,TN,ASO,ES,Combined TRACON& Tower with Radar,9,19,27,0,55,0,0,30,0,30,9,19,57,0,85,106,0,106,191
01/08/2021,TRI,TN,ASO,ES,Combined TRACON& Tower with Radar,8,24,9,0,41,0,0,0,0,0,8,24,9,0,41,0,0,0,41
01/09/2021,TRI,TN,ASO,ES,Combined TRACON& Tower with Radar,6,10,10,0,26,0,0,12,0,12,6,10,22,0,38,26,0,26,64
01/10/2021,TRI,TN,ASO,ES,Combined TRACON& Tower with Radar,10,8,18,0,36,0,0,30,0,30,10,8,48,0,66,62,0,62,128
01/11/2021,TRI,TN,ASO,ES,Combined TRACON& Tower with Radar,9,16,9,0,34,0,0,0,0,0,9,16,9,0,34,0,2,2,36
01/12/2021,TRI,TN,ASO,ES,Combined TRACON& Tower with Radar,8,10,6,0,24,0,0,9,0,9,8,10,15,0,33,34,0,34,67
01/13/2021,TRI,TN,ASO,ES,Combined TRACON& Tower with Radar,8,12,18,0,38,0,0,29,0,29,8,12,47,0,67,80,0,80,147
01/14/2021,TRI,TN,ASO,ES,Combined TRACON& Tower with Radar,10,17,18,12,57,0,1,38,0,39,10,18,56,12,96,72,10,82,178
01/15/2021,TRI,TN,ASO,ES,Combined TRACON& Tower with Radar,7,13,16,2,38,0,0,7,0,7,7,13,23,2,45,26,14,40,85
01/16/2021,TRI,TN,ASO,ES,Combined TRACON& Tower with Radar,5,7,7,0,19,0,0,1,0,1,5,7,8,0,20,4,0,4,24
01/17/2021,TRI,TN,ASO,ES,Combined TRACON& Tower with Radar,7,11,10,0,28,0,0,4,0,4,7,11,14,0,32,44,0,44,76
01/18/2021,TRI,TN,ASO,ES,Combined TRACON& Tower with Radar,7,17,14,0,38,0,0,8,0,8,7,17,22,0,46,6,0,6,52
01/19/2021,TRI,TN,ASO,ES,Combined TRACON& Tower with Radar,7,11,9,22,49,0,0,23,0,23,7,11,32,22,72,48,46,94,166
01/20/2021,TRI,TN,ASO,ES,Combined TRACON& Tower with Radar,7,12,23,10,52,0,0,20,1,21,7,12,43,11,73,30,22,52,125
01/21/2021,TRI,TN,ASO,ES,Combined TRACON& Tower with Radar,10,22,16,0,48,0,0,0,0,0,10,22,16,0,48,0,0,0,48
01/22/2021,TRI,TN,ASO,ES,Combined TRACON& Tower with Radar,7,20,24,0,51,0,1,21,2,24,7,21,45,2,75,26,0,26,101
01/23/2021,TRI,TN,ASO,ES,Combined TRACON& Tower with Radar,6,8,29,0,43,0,0,38,2,40,6,8,67,2,83,122,8,130,213
01/24/2021,TRI,TN,ASO,ES,Combined TRACON& Tower with Radar,10,10,14,0,34,0,0,26,2,28,10,10,40,2,62,60,0,60,122
01/25/2021,TRI,TN,ASO,ES,Combined TRACON& Tower with Radar,8,11,8,2,29,0,0,0,0,0,8,11,8,2,29,0,0,0,29
01/26/2021,TRI,TN,ASO,ES,Combined TRACON& Tower with Radar,10,17,19,0,46,0,3,19,0,22,10,20,38,0,68,62,0,62,130
01/27/2021,TRI,TN,ASO,ES,Combined TRACON& Tower with Radar,7,12,14,15,48,0,1,16,4,21,7,13,30,19,69,64,32,96,165
01/28/2021,TRI,TN,ASO,ES,Combined TRACON& Tower with Radar,10,11,13,9,43,0,0,14,3,17,10,11,27,12,60,42,8,50,110
01/29/2021,TRI,TN,ASO,ES,Combined TRACON& Tower with Radar,10,14,15,2,41,0,0,43,1,44,10,14,58,3,85,64,0,64,149
01/30/2021,TRI,TN,ASO,ES,Combined TRACON& Tower with Radar,5,7,24,0,36,0,0,32,0,32,5,7,56,0,68,66,0,66,134
01/31/2021,TRI,TN,ASO,ES,Combined TRACON& Tower with Radar,10,15,1,0,26,0,0,0,0,0,10,15,1,0,26,0,0,0,26
02/01/2021,TRI,TN,ASO,ES,Combined TRACON& Tower with Radar,7,13,4,0,24,0,0,0,0,0,7,13,4,0,24,0,0,0,24
02/02/2021,TRI,TN,ASO,ES,Combined TRACON& Tower with Radar,6,9,16,20,51,0,0,1,1,2,6,9,17,21,53,2,36,38,91
02/03/2021,TRI,TN,ASO,ES,Combined TRACON& Tower with Radar,5,9,19,7,40,0,0,32,4,36,5,9,51,11,76,116,30,146,222
02/04/2021,TRI,TN,ASO,ES,Combined TRACON& Tower with Radar,10,17,25,9,61,0,0,82,20,102,10,17,107,29,163,0,0,0,163
02/05/2021,TRI,TN,ASO,ES,Combined TRACON& Tower with Radar,7,13,7,3,30,0,1,8,0,9,7,14,15,3,39,0,6,6,45
02/06/2021,TRI,TN,ASO,ES,Combined TRACON& Tower with Radar,6,10,13,0,29,0,0,37,0,37,6,10,50,0,66,92,0,92,158
02/07/2021,TRI,TN,ASO,ES,Combined TRACON& Tower with Radar,8,14,8,0,30,0,0,3,1,4,8,14,11,1,34,12,0,12,46
02/08/2021,TRI,TN,ASO,ES,Combined TRACON& Tower with Radar,8,20,13,21,62,0,0,36,3,39,8,20,49,24,101,50,26,76,177
02/09/2021,TRI,TN,ASO,ES,Combined TRACON& Tower with Radar,5,20,8,0,33,0,0,17,0,17,5,20,25,0,50,50,0,50,100
02/10/2021,TRI,TN,ASO,ES,Combined TRACON& Tower with Radar,5,12,7,0,24,0,0,25,0,25,5,12,32,0,49,50,0,50,99
02/11/2021,TRI,TN,ASO,ES,Combined TRACON& Tower with Radar,11,19,11,0,41,0,0,0,0,0,11,19,11,0,41,0,0,0,41
02/12/2021,TRI,TN,ASO,ES,Combined TRACON& Tower with Radar,8,14,14,0,36,0,0,0,0,0,8,14,14,0,36,0,0,0,36
02/13/2021,TRI,TN,ASO,ES,Combined TRACON& Tower with Radar,5,10,5,0,20,0,0,0,0,0,5,10,5,0,20,0,0,0,20
02/14/2021,TRI,TN,ASO,ES,Combined TRACON& Tower with Radar,7,10,5,0,22,0,0,2,0,2,7,10,7,0,24,0,0,0,24
02/15/2021,TRI,TN,ASO,ES,Combined TRACON& Tower with Radar,8,12,15,0,35,0,0,40,0,40,8,12,55,0,75,0,0,0,75
02/16/2021,TRI,TN,ASO,ES,Combined TRACON& Tower with Radar,4,20,15,30,69,0,0,12,66,78,4,20,27,96,147,0,0,0,147
02/17/2021,TRI,TN,ASO,ES,Combined TRACON& Tower with Radar,4,11,19,1,35,0,0,42,1,43,4,11,61,2,78,72,0,72,150
02/18/2021,TRI,TN,ASO,ES,Combined TRACON& Tower with Radar,10,17,10,0,37,0,0,2,0,2,10,17,12,0,39,4,0,4,43
02/19/2021,TRI,TN,ASO,ES,Combined TRACON& Tower with Radar,5,14,7,2,28,0,0,8,0,8,5,14,15,2,36,8,2,10,46
02/20/2021,TRI,TN,ASO,ES,Combined TRACON& Tower with Radar,5,9,9,0,23,0,0,25,2,27,5,9,34,2,50,38,0,38,88
02/21/2021,TRI,TN,ASO,ES,Combined TRACON& Tower with Radar,10,12,13,0,35,0,0,43,0,43,10,12,56,0,78,96,0,96,174
02/22/2021,TRI,TN,ASO,ES,Combined TRACON& Tower with Radar,7,16,6,0,29,0,0,8,0,8,7,16,14,0,37,0,0,0,37
02/23/2021,TRI,TN,ASO,ES,Combined TRACON& Tower with Radar,6,17,19,6,48,0,0,32,2,34,6,17,51,8,82,0,0,0,82
02/24/2021,TRI,TN,ASO,ES,Combined TRACON& Tower with Radar,5,16,22,17,60,0,0,95,14,109,5,16,117,31,169,0,0,0,169
02/25/2021,TRI,TN,ASO,ES,Combined TRACON& Tower with Radar,10,21,16,0,47,0,1,157,12,170,10,22,173,12,217,0,0,0,217
02/26/2021,TRI,TN,ASO,ES,Combined TRACON& Tower with Radar,7,18,10,0,35,0,0,19,0,19,7,18,29,0,54,0,0,0,54
02/27/2021,TRI,TN,ASO,ES,Combined TRACON& Tower with Radar,7,9,2,0,18,0,0,2,0,2,7,9,4,0,20,0,0,0,20
02/28/2021,TRI,TN,ASO,ES,Combined TRACON& Tower with Radar,11,13,22,0,46,0,0,13,4,17,11,13,35,4,63,34,0,34,97
03/01/2021,TRI,TN,ASO,ES,Combined TRACON& Tower with Radar,7,10,7,2,26,0,1,4,0,5,7,11,11,2,31,20,0,20,51
03/02/2021,TRI,TN,ASO,ES,Combined TRACON& Tower with Radar,7,11,16,9,43,0,0,57,1,58,7,11,73,10,101,112,14,126,227
03/03/2021,TRI,TN,ASO,ES,Combined TRACON& Tower with Radar,7,7,29,7,50,0,1,34,0,35,7,8,63,7,85,76,8,84,169
03/04/2021,TRI,TN,ASO,ES,Combined TRACON& Tower with Radar,7,24,27,10,68,0,2,28,0,30,7,26,55,10,98,16,12,28,126
03/05/2021,TRI,TN,ASO,ES,Combined TRACON& Tower with Radar,7,11,29,7,54,0,0,27,2,29,7,11,56,9,83,66,18,84,167
03/06/2021,TRI,TN,ASO,ES,Combined TRACON& Tower with Radar,6,14,13,7,40,0,4,113,25,142,6,18,126,32,182,0,0,0,182
03/07/2021,TRI,TN,ASO,ES,Combined TRACON& Tower with Radar,9,13,26,4,52,0,1,26,0,27,9,14,52,4,79,26,4,30,109
03/08/2021,TRI,TN,ASO,ES,Combined TRACON& Tower with Radar,7,10,22,0,39,0,0,28,0,28,7,10,50,0,67,56,0,56,123
03/09/2021,TRI,TN,ASO,ES,Combined TRACON& Tower with Radar,7,11,24,18,60,0,1,36,0,37,7,12,60,18,97,94,18,112,209
03/10/2021,TRI,TN,ASO,ES,Combined TRACON& Tower with Radar,7,10,25,4,46,0,0,33,0,33,7,10,58,4,79,122,0,122,201
03/11/2021,TRI,TN,ASO,ES,Combined TRACON& Tower with Radar,9,16,22,6,53,0,0,38,0,38,9,16,60,6,91,90,18,108,199
03/12/2021,TRI,TN,ASO,ES,Combined TRACON& Tower with Radar,7,12,12,0,31,0,0,10,0,10,7,12,22,0,41,30,0,30,71
03/13/2021,TRI,TN,ASO,ES,Combined TRACON& Tower with Radar,7,11,11,0,29,0,0,30,0,30,7,11,41,0,59,32,0,32,91
03/14/2021,TRI,TN,ASO,ES,Combined TRACON& Tower with Radar,9,11,25,0,45,0,0,27,0,27,9,11,52,0,72,60,0,60,132
03/15/2021,TRI,TN,ASO,ES,Combined TRACON& Tower with Radar,7,12,19,0,38,0,0,22,0,22,7,12,41,0,60,104,0,104,164
03/16/2021,TRI,TN,ASO,ES,Combined TRACON& Tower with Radar,7,9,28,2,46,0,0,28,2,30,7,9,56,4,76,124,10,134,210
03/17/2021,TRI,TN,ASO,ES,Combined TRACON& Tower with Radar,7,11,26,14,58,0,0,24,0,24,7,11,50,14,82,68,14,82,164
03/18/2021,TRI,TN,ASO,ES,Combined TRACON& Tower with Radar,11,13,19,0,43,0,0,4,0,4,11,13,23,0,47,2,0,2,49
03/19/2021,TRI,TN,ASO,ES,Combined TRACON& Tower with Radar,8,16,11,14,49,1,0,4,0,5,9,16,15,14,54,4,8,12,66
03/20/2021,TRI,TN,ASO,ES,Combined TRACON& Tower with Radar,5,7,34,0,46,0,0,68,0,68,5,7,102,0,114,62,0,62,176
03/21/2021,TRI,TN,ASO,ES,Combined TRACON& Tower with Radar,9,11,20,0,40,0,0,32,0,32,9,11,52,0,72,56,0,56,128
03/22/2021,TRI,TN,ASO,ES,Combined TRACON& Tower with Radar,7,12,34,35,88,0,0,42,7,49,7,12,76,42,137,142,60,202,339
03/23/2021,TRI,TN,ASO,ES,Combined TRACON& Tower with Radar,7,19,28,7,61,0,0,27,1,28,7,19,55,8,89,54,10,64,153
03/24/2021,TRI,TN,ASO,ES,Combined TRACON& Tower with Radar,17,11,33,12,73,0,0,47,1,48,17,11,80,13,121,48,26,74,195
03/25/2021,TRI,TN,ASO,ES,Combined TRACON& Tower with Radar,12,13,16,1,42,0,0,4,0,4,12,13,20,1,46,0,0,0,46
03/26/2021,TRI,TN,ASO,ES,Combined TRACON& Tower with Radar,7,17,61,5,90,0,0,35,1,36,7,17,96,6,126,70,4,74,200
03/27/2021,TRI,TN,ASO,ES,Combined TRACON& Tower with Radar,7,11,25,1,44,0,0,13,2,15,7,11,38,3,59,34,30,64,123
03/28/2021,TRI,TN,ASO,ES,Combined TRACON& Tower with Radar,14,13,33,0,60,0,0,0,0,0,14,13,33,0,60,0,0,0,60
03/29/2021,TRI,TN,ASO,ES,Combined TRACON& Tower with Radar,8,23,67,6,104,0,1,55,1,57,8,24,122,7,161,70,14,84,245
03/30/2021,TRI,TN,ASO,ES,Combined TRACON& Tower with Radar,7,12,19,0,38,0,0,38,2,40,7,12,57,2,78,108,0,108,186
03/31/2021,TRI,TN,ASO,ES,Combined TRACON& Tower with Radar,7,12,14,0,33,0,0,1,0,1,7,12,15,0,34,0,0,0,34
04/01/2021,TRI,TN,ASO,ES,Combined TRACON& Tower with Radar,10,20,13,0,43,0,0,16,8,24,10,20,29,8,67,14,0,14,81
04/02/2021,TRI,TN,ASO,ES,Combined TRACON& Tower with Radar,8,15,13,0,36,0,0,24,0,24,8,15,37,0,60,54,0,54,114
04/03/2021,TRI,TN,ASO,ES,Combined TRACON& Tower with Radar,6,13,18,1,38,0,0,60,3,63,6,13,78,4,101,134,0,134,235
04/04/2021,TRI,TN,ASO,ES,Combined TRACON& Tower with Radar,12,11,20,2,45,0,1,21,2,24,12,12,41,4,69,24,0,24,93
04/05/2021,TRI,TN,ASO,ES,Combined TRACON& Tower with Radar,8,15,25,10,58,0,0,35,0,35,8,15,60,10,93,72,18,90,183
04/06/2021,TRI,TN,ASO,ES,Combined TRACON& Tower with Radar,7,13,18,30,68,0,0,28,4,32,7,13,46,34,100,62,56,118,218
04/07/2021,TRI,TN,ASO,ES,Combined TRACON& Tower with Radar,9,12,15,4,40,0,0,47,0,47,9,12,62,4,87,80,16,96,183
04/08/2021,TRI,TN,ASO,ES,Combined TRACON& Tower with Radar,11,16,14,5,46,0,0,17,3,20,11,16,31,8,66,28,2,30,96
04/09/2021,TRI,TN,ASO,ES,Combined TRACON& Tower with Radar,8,14,26,1,49,0,0,32,1,33,8,14,58,2,82,74,0,74,156
04/10/2021,TRI,TN,ASO,ES,Combined TRACON& Tower with Radar,6,14,6,1,27,0,0,9,0,9,6,14,15,1,36,30,4,34,70
04/11/2021,TRI,TN,ASO,ES,Combined TRACON& Tower with Radar,8,12,17,0,37,0,0,18,2,20,8,12,35,2,57,28,0,28,85
04/12/2021,TRI,TN,ASO,ES,Combined TRACON& Tower with Radar,6,16,17,5,44,0,1,9,0,10,6,17,26,5,54,32,2,34,88
04/13/2021,TRI,TN,ASO,ES,Combined TRACON& Tower with Radar,6,19,25,37,87,0,0,37,0,37,6,19,62,37,124,58,38,96,220
04/14/2021,TRI,TN,ASO,ES,Combined TRACON& Tower with Radar,6,18,18,20,62,0,0,26,2,28,6,18,44,22,90,44,22,66,156
04/15/2021,TRI,TN,ASO,ES,Combined TRACON& Tower with Radar,8,18,26,2,54,0,0,13,0,13,8,18,39,2,67,18,2,20,87
04/16/2021,TRI,TN,ASO,ES,Combined TRACON& Tower with Radar,6,18,23,20,67,0,0,36,5,41,6,18,59,25,108,124,40,164,272
04/17/2021,TRI,TN,ASO,ES,Combined TRACON& Tower with Radar,6,14,19,0,39,0,0,35,0,35,6,14,54,0,74,134,0,134,208
04/18/2021,TRI,TN,ASO,ES,Combined TRACON& Tower with Radar,8,16,18,0,42,0,0,43,0,43,8,16,61,0,85,188,0,188,273
04/19/2021,TRI,TN,ASO,ES,Combined TRACON& Tower with Radar,6,19,36,7,68,0,0,29,2,31,6,19,65,9,99,62,20,82,181
04/20/2021,TRI,TN,ASO,ES,Combined TRACON& Tower with Radar,6,19,30,42,97,0,0,35,0,35,6,19,65,42,132,66,34,100,232
04/21/2021,TRI,TN,ASO,ES,Combined TRACON& Tower with Radar,6,22,23,0,51,0,0,7,0,7,6,22,30,0,58,0,10,10,68
04/22/2021,TRI,TN,ASO,ES,Combined TRACON& Tower with Radar,8,19,25,0,52,0,0,20,1,21,8,19,45,1,73,44,0,44,117
04/23/2021,TRI,TN,ASO,ES,Combined TRACON& Tower with Radar,6,21,23,0,50,0,0,32,0,32,6,21,55,0,82,60,0,60,142
04/24/2021,TRI,TN,ASO,ES,Combined TRACON& Tower with Radar,6,16,15,0,37,0,0,0,0,0,6,16,15,0,37,0,0,0,37
04/25/2021,TRI,TN,ASO,ES,Combined TRACON& Tower with Radar,8,20,24,0,52,0,0,9,1,10,8,20,33,1,62,102,0,102,164
04/26/2021,TRI,TN,ASO,ES,Combined TRACON& Tower with Radar,7,24,40,0,71,0,0,48,0,48,7,24,88,0,119,160,12,172,291
04/27/2021,TRI,TN,ASO,ES,Combined TRACON& Tower with Radar,6,18,27,1,52,0,0,46,4,50,6,18,73,5,102,124,0,124,226
04/28/2021,TRI,TN,ASO,ES,Combined TRACON& Tower with Radar,6,20,29,0,55,0,0,26,0,26,6,20,55,0,81,78,0,78,159
04/29/2021,TRI,TN,ASO,ES,Combined TRACON& Tower with Radar,8,20,14,0,42,0,0,4,0,4,8,20,18,0,46,18,0,18,64
04/30/2021,TRI,TN,ASO,ES,Combined TRACON& Tower with Radar,6,23,20,10,59,0,0,13,2,15,6,23,33,12,74,10,14,24,98
05/01/2021,TRI,TN,ASO,ES,Combined TRACON& Tower with Radar,6,15,13,0,34,0,0,50,0,50,6,15,63,0,84,164,0,164,248
05/02/2021,TRI,TN,ASO,ES,Combined TRACON& Tower with Radar,8,14,12,0,34,0,0,32,6,38,8,14,44,6,72,100,0,100,172
05/03/2021,TRI,TN,ASO,ES,Combined TRACON& Tower with Radar,6,29,20,0,55,0,0,8,0,8,6,29,28,0,63,8,0,8,71
05/04/2021,TRI,TN,ASO,ES,Combined TRACON& Tower with Radar,5,20,6,0,31,0,0,7,0,7,5,20,13,0,38,2,0,2,40
05/05/2021,TRI,TN,ASO,ES,Combined TRACON& Tower with Radar,4,25,21,10,60,0,0,11,0,11,4,25,32,10,71,24,16,40,111
05/06/2021,TRI,TN,ASO,ES,Combined TRACON& Tower with Radar,6,18,34,7,65,0,0,58,2,60,6,18,92,9,125,72,12,84,209
05/07/2021,TRI,TN,ASO,ES,Combined TRACON& Tower with Radar,6,16,19,4,45,0,0,13,2,15,6,16,32,6,60,10,2,12,72
05/08/2021,TRI,TN,ASO,ES,Combined TRACON& Tower with Radar,4,17,12,1,34,0,0,17,4,21,4,17,29,5,55,32,0,32,87
05/09/2021,TRI,TN,ASO,ES,Combined TRACON& Tower with Radar,8,19,13,2,42,0,0,7,0,7,8,19,20,2,49,12,8,20,69
05/10/2021,TRI,TN,ASO,ES,Combined TRACON& Tower with Radar,4,21,25,0,50,0,0,8,0,8,4,21,33,0,58,40,0,40,98
05/11/2021,TRI,TN,ASO,ES,Combined TRACON& Tower with Radar,4,24,37,18,83,0,0,37,0,37,4,24,74,18,120,112,56,168,288
05/12/2021,TRI,TN,ASO,ES,Combined TRACON& Tower with Radar,4,20,26,14,64,0,0,10,2,12,4,20,36,16,76,26,12,38,114
05/13/2021,TRI,TN,ASO,ES,Combined TRACON& Tower with Radar,8,15,26,0,49,0,0,44,2,46,8,15,70,2,95,96,0,96,191
05/14/2021,TRI,TN,ASO,ES,Combined TRACON& Tower with Radar,4,19,20,0,43,0,0,20,0,20,4,19,40,0,63,102,0,102,165
05/15/2021,TRI,TN,ASO,ES,Combined TRACON& Tower with Radar,6,12,17,0,35,0,0,41,0,41,6,12,58,0,76,170,0,170,246
05/16/2021,TRI,TN,ASO,ES,Combined TRACON& Tower with Radar,5,25,8,0,38,0,0,9,0,9,5,25,17,0,47,26,0,26,73
05/17/2021,TRI,TN,ASO,ES,Combined TRACON& Tower with Radar,4,18,21,2,45,0,0,13,0,13,4,18,34,2,58,16,2,18,76
05/18/2021,TRI,TN,ASO,ES,Combined TRACON& Tower with Radar,4,18,32,16,70,0,0,10,2,12,4,18,42,18,82,114,32,146,228
05/19/2021,TRI,TN,ASO,ES,Combined TRACON& Tower with Radar,6,20,20,0,46,0,0,48,2,50,6,20,68,2,96,46,0,46,142
05/20/2021,TRI,TN,ASO,ES,Combined TRACON& Tower with Radar,6,23,36,12,77,0,2,46,1,49,6,25,82,13,126,96,16,112,238
05/21/2021,TRI,TN,ASO,ES,Combined TRACON& Tower with Radar,4,21,25,7,57,0,0,46,2,48,4,21,71,9,105,164,12,176,281
05/22/2021,TRI,TN,ASO,ES,Combined TRACON& Tower with Radar,4,11,19,1,35,0,0,26,3,29,4,11,45,4,64,94,0,94,158
05/23/2021,TRI,TN,ASO,ES,Combined TRACON& Tower with Radar,6,16,17,0,39,0,0,41,0,41,6,16,58,0,80,120,0,120,200
05/24/2021,TRI,TN,ASO,ES,Combined TRACON& Tower with Radar,4,17,38,8,67,0,2,36,6,44,4,19,74,14,111,166,28,194,305
05/25/2021,TRI,TN,ASO,ES,Combined TRACON& Tower with Radar,4,21,34,20,79,0,0,20,0,20,4,21,54,20,99,96,38,134,233
05/26/2021,TRI,TN,ASO,ES,Combined TRACON& Tower with Radar,4,15,24,2,45,0,0,29,8,37,4,15,53,10,82,52,2,54,136
05/27/2021,TRI,TN,ASO,ES,Combined TRACON& Tower with Radar,5,24,36,2,67,0,0,41,5,46,5,24,77,7,113,100,0,100,213
05/28/2021,TRI,TN,ASO,ES,Combined TRACON& Tower with Radar,8,18,23,0,49,0,0,7,0,7,8,18,30,0,56,0,0,0,56
05/29/2021,TRI,TN,ASO,ES,Combined TRACON& Tower with Radar,4,15,10,0,29,0,0,9,3,12,4,15,19,3,41,18,0,18,59
05/30/2021,TRI,TN,ASO,ES,Combined TRACON& Tower with Radar,3,8,6,0,17,0,0,28,7,35,3,8,34,7,52,70,0,70,122
05/31/2021,TRI,TN,ASO,ES,Combined TRACON& Tower with Radar,8,19,21,0,48,0,0,41,0,41,8,19,62,0,89,68,0,68,157
06/01/2021,TRI,TN,ASO,ES,Combined TRACON& Tower with Radar,3,12,11,44,70,0,0,13,0,13,3,12,24,44,83,96,74,170,253
06/02/2021,TRI,TN,ASO,ES,Combined TRACON& Tower with Radar,6,19,32,1,58,0,0,16,1,17,6,19,48,2,75,128,0,128,203
06/03/2021,TRI,TN,ASO,ES,Combined TRACON& Tower with Radar,12,22,21,15,70,0,0,4,0,4,12,22,25,15,74,30,22,52,126
06/04/2021,TRI,TN,ASO,ES,Combined TRACON& Tower with Radar,12,23,26,0,61,0,0,31,0,31,12,23,57,0,92,118,0,118,210
06/05/2021,TRI,TN,ASO,ES,Combined TRACON& Tower with Radar,10,12,18,0,40,0,1,23,0,24,10,13,41,0,64,66,0,66,130
06/06/2021,TRI,TN,ASO,ES,Combined TRACON& Tower with Radar,12,17,20,0,49,0,0,21,0,21,12,17,41,0,70,70,0,70,140
06/07/2021,TRI,TN,ASO,ES,Combined TRACON& Tower with Radar,14,22,22,0,58,0,0,18,0,18,14,22,40,0,76,100,0,100,176
06/08/2021,TRI,TN,ASO,ES,Combined TRACON& Tower with Radar,11,17,27,0,55,0,0,18,0,18,11,17,45,0,73,67,0,67,140
06/09/2021,TRI,TN,ASO,ES,Combined TRACON& Tower with Radar,10,22,25,1,58,0,0,8,1,9,10,22,33,2,67,46,0,46,113
06/10/2021,TRI,TN,ASO,ES,Combined TRACON& Tower with Radar,12,18,35,0,65,0,0,8,0,8,12,18,43,0,73,62,0,62,135
06/11/2021,TRI,TN,ASO,ES,Combined TRACON& Tower with Radar,12,30,26,2,70,0,0,0,0,0,12,30,26,2,70,0,0,0,70
06/12/2021,TRI,TN,ASO,ES,Combined TRACON& Tower with Radar,10,15,9,0,34,0,0,3,0,3,10,15,12,0,37,12,0,12,49
06/13/2021,TRI,TN,ASO,ES,Combined TRACON& Tower with Radar,12,13,24,0,49,0,0,25,0,25,12,13,49,0,74,28,0,28,102
06/14/2021,TRI,TN,ASO,ES,Combined TRACON& Tower with Radar,13,19,22,0,54,0,0,48,4,52,13,19,70,4,106,44,0,44,150
06/15/2021,TRI,TN,ASO,ES,Combined TRACON& Tower with Radar,10,23,25,40,98,0,0,38,0,38,10,23,63,40,136,76,52,128,264
06/16/2021,TRI,TN,ASO,ES,Combined TRACON& Tower with Radar,31,29,24,8,92,0,0,28,0,28,31,29,52,8,120,38,46,84,204
06/17/2021,TRI,TN,ASO,ES,Combined TRACON& Tower with Radar,12,14,33,19,78,0,0,50,0,50,12,14,83,19,128,116,38,154,282
06/18/2021,TRI,TN,ASO,ES,Combined TRACON& Tower with Radar,12,26,24,7,69,0,0,33,8,41,12,26,57,15,110,72,8,80,190
06/19/2021,TRI,TN,ASO,ES,Combined TRACON& Tower with Radar,10,19,16,0,45,0,0,29,0,29,10,19,45,0,74,40,0,40,114
06/20/2021,TRI,TN,ASO,ES,Combined TRACON& Tower with Radar,14,23,13,0,50,0,0,19,0,19,14,23,32,0,69,30,0,30,99
06/21/2021,TRI,TN,ASO,ES,Combined TRACON& Tower with Radar,10,18,7,8,43,0,0,5,3,8,10,18,12,11,51,24,20,44,95
06/22/2021,TRI,TN,ASO,ES,Combined TRACON& Tower with Radar,12,19,27,12,70,0,0,13,0,13,12,19,40,12,83,56,34,90,173
06/23/2021,TRI,TN,ASO,ES,Combined TRACON& Tower with Radar,10,19,37,8,74,0,0,44,0,44,10,19,81,8,118,202,12,214,332
06/24/2021,TRI,TN,ASO,ES,Combined TRACON& Tower with Radar,12,25,27,8,72,0,0,46,4,50,12,25,73,12,122,100,8,108,230
06/25/2021,TRI,TN,ASO,ES,Combined TRACON& Tower with Radar,11,17,21,25,74,0,0,41,2,43,11,17,62,27,117,60,28,88,205
06/26/2021,TRI,TN,ASO,ES,Combined TRACON& Tower with Radar,10,15,18,4,47,0,0,48,0,48,10,15,66,4,95,72,4,76,171
06/27/2021,TRI,TN,ASO,ES,Combined TRACON& Tower with Radar,14,16,22,0,52,0,1,19,0,20,14,17,41,0,72,66,0,66,138
06/28/2021,TRI,TN,ASO,ES,Combined TRACON& Tower with Radar,12,16,16,45,89,0,4,29,5,38,12,20,45,50,127,120,86,206,333
06/29/2021,TRI,TN,ASO,ES,Combined TRACON& Tower with Radar,12,25,20,2,59,0,0,25,0,25,12,25,45,2,84,56,0,56,140
06/30/2021,TRI,TN,ASO,ES,Combined TRACON& Tower with Radar,12,23,13,2,50,0,0,37,0,37,12,23,50,2,87,136,2,138,225
07/01/2021,TRI,TN,ASO,ES,Combined TRACON& Tower with Radar,11,26,33,0,70,0,0,14,0,14,11,26,47,0,84,54,0,54,138
07/02/2021,TRI,TN,ASO,ES,Combined TRACON& Tower with Radar,12,20,24,0,56,0,0,23,0,23,12,20,47,0,79,16,0,16,95
07/03/2021,TRI,TN,ASO,ES,Combined TRACON& Tower with Radar,10,11,19,0,40,0,0,46,0,46,10,11,65,0,86,118,0,118,204
07/04/2021,TRI,TN,ASO,ES,Combined TRACON& Tower with Radar,14,11,4,0,29,0,0,28,0,28,14,11,32,0,57,89,0,89,146
07/05/2021,TRI,TN,ASO,ES,Combined TRACON& Tower with Radar,11,24,24,0,59,0,1,28,0,29,11,25,52,0,88,142,0,142,230
07/06/2021,TRI,TN,ASO,ES,Combined TRACON& Tower with Radar,10,13,32,0,55,0,0,24,0,24,10,13,56,0,79,172,0,172,251
07/07/2021,TRI,TN,ASO,ES,Combined TRACON& Tower with Radar,14,7,37,1,59,0,0,22,1,23,14,7,59,2,82,118,0,118,200
07/08/2021,TRI,TN,ASO,ES,Combined TRACON& Tower with Radar,18,18,20,17,73,0,0,17,4,21,18,18,37,21,94,62,18,80,174
07/09/2021,TRI,TN,ASO,ES,Combined TRACON& Tower with Radar,14,19,33,0,66,0,0,9,2,11,14,19,42,2,77,20,0,20,97
07/10/2021,TRI,TN,ASO,ES,Combined TRACON& Tower with Radar,11,6,17,2,36,0,0,5,0,5,11,6,22,2,41,46,2,48,89
07/11/2021,TRI,TN,ASO,ES,Combined TRACON& Tower with Radar,16,13,14,0,43,0,0,17,0,17,16,13,31,0,60,70,0,70,130
07/12/2021,TRI,TN,ASO,ES,Combined TRACON& Tower with Radar,17,13,31,18,79,0,0,25,4,29,17,13,56,22,108,64,28,92,200
07/13/2021,TRI,TN,ASO,ES,Combined TRACON& Tower with Radar,14,26,31,37,108,0,0,28,2,30,14,26,59,39,138,72,72,144,282
07/14/2021,TRI,TN,ASO,ES,Combined TRACON& Tower with Radar,15,16,32,21,84,0,0,30,1,31,15,16,62,22,115,124,22,146,261
07/15/2021,TRI,TN,ASO,ES,Combined TRACON& Tower with Radar,15,14,37,0,66,0,0,17,2,19,15,14,54,2,85,124,0,124,209
07/16/2021,TRI,TN,ASO,ES,Combined TRACON& Tower with Radar,16,18,20,10,64,0,0,31,2,33,16,18,51,12,97,116,20,136,233
07/17/2021,TRI,TN,ASO,ES,Combined TRACON& Tower with Radar,10,9,14,0,33,0,0,11,0,11,10,9,25,0,44,36,0,36,80
07/18/2021,TRI,TN,ASO,ES,Combined TRACON& Tower with Radar,16,13,14,0,43,0,0,3,0,3,16,13,17,0,46,0,0,0,46
07/19/2021,TRI,TN,ASO,ES,Combined TRACON& Tower with Radar,16,16,31,8,71,0,0,8,0,8,16,16,39,8,79,58,10,68,147
07/20/2021,TRI,TN,ASO,ES,Combined TRACON& Tower with Radar,14,13,33,11,71,0,0,36,1,37,14,13,69,12,108,166,18,184,292
07/21/2021,TRI,TN,ASO,ES,Combined TRACON& Tower with Radar,14,9,37,33,93,0,0,26,7,33,14,9,63,40,126,122,56,178,304
07/22/2021,TRI,TN,ASO,ES,Combined TRACON& Tower with Radar,16,19,35,2,72,0,2,30,0,32,16,21,65,2,104,80,2,82,186
07/23/2021,TRI,TN,ASO,ES,Combined TRACON& Tower with Radar,16,25,25,0,66,0,0,34,0,34,16,25,59,0,100,120,0,120,220
07/24/2021,TRI,TN,ASO,ES,Combined TRACON& Tower with Radar,10,9,14,8,41,0,0,29,2,31,10,9,43,10,72,60,8,68,140
07/25/2021,TRI,TN,ASO,ES,Combined TRACON& Tower with Radar,15,16,17,0,48,0,0,22,0,22,15,16,39,0,70,36,0,36,106
07/26/2021,TRI,TN,ASO,ES,Combined TRACON& Tower with Radar,16,14,21,14,65,0,0,2,1,3,16,14,23,15,68,28,10,38,106
07/27/2021,TRI,TN,ASO,ES,Combined TRACON& Tower with Radar,18,13,26,29,86,0,0,18,0,18,18,13,44,29,104,64,18,82,186
07/28/2021,TRI,TN,ASO,ES,Combined TRACON& Tower with Radar,14,18,11,0,43,0,0,30,0,30,14,18,41,0,73,104,0,104,177
07/29/2021,TRI,TN,ASO,ES,Combined TRACON& Tower with Radar,15,24,31,6,76,0,0,28,0,28,15,24,59,6,104,34,6,40,144
07/30/2021,TRI,TN,ASO,ES,Combined TRACON& Tower with Radar,16,15,16,0,47,0,0,9,0,9,16,15,25,0,56,68,0,68,124
07/31/2021,TRI,TN,ASO,ES,Combined TRACON& Tower with Radar,12,9,19,0,40,0,0,36,0,36,12,9,55,0,76,80,0,80,156
08/01/2021,TRI,TN,ASO,ES,Combined TRACON& Tower with Radar,14,27,15,0,56,0,0,14,0,14,14,27,29,0,70,28,0,28,98
08/02/2021,TRI,TN,ASO,ES,Combined TRACON& Tower with Radar,14,16,19,34,83,0,0,36,4,40,14,16,55,38,123,98,44,142,265
08/03/2021,TRI,TN,ASO,ES,Combined TRACON& Tower with Radar,13,14,37,0,64,0,0,16,0,16,13,14,53,0,80,30,0,30,110
08/04/2021,TRI,TN,ASO,ES,Combined TRACON& Tower with Radar,12,16,24,18,70,0,0,13,0,13,12,16,37,18,83,58,22,80,163
08/05/2021,TRI,TN,ASO,ES,Combined TRACON& Tower with Radar,8,32,25,9,74,0,0,49,2,51,8,32,74,11,125,116,12,128,253
08/06/2021,TRI,TN,ASO,ES,Combined TRACON& Tower with Radar,8,20,26,3,57,0,0,64,0,64,8,20,90,3,121,84,0,84,205
08/07/2021,TRI,TN,ASO,ES,Combined TRACON& Tower with Radar,8,11,12,0,31,0,0,18,0,18,8,11,30,0,49,78,0,78,127
08/08/2021,TRI,TN,ASO,ES,Combined TRACON& Tower with Radar,10,28,36,0,74,0,0,45,0,45,10,28,81,0,119,92,0,92,211
08/09/2021,TRI,TN,ASO,ES,Combined TRACON& Tower with Radar,8,27,23,0,58,0,2,38,1,41,8,29,61,1,99,82,0,82,181
08/10/2021,TRI,TN,ASO,ES,Combined TRACON& Tower with Radar,8,15,35,4,62,0,0,42,2,44,8,15,77,6,106,92,14,106,212
08/11/2021,TRI,TN,ASO,ES,Combined TRACON& Tower with Radar,8,19,27,0,54,0,0,16,0,16,8,19,43,0,70,88,0,88,158
08/12/2021,TRI,TN,ASO,ES,Combined TRACON& Tower with Radar,10,19,27,12,68,0,0,37,0,37,10,19,64,12,105,84,10,94,199
08/13/2021,TRI,TN,ASO,ES,Combined TRACON& Tower with Radar,8,23,15,2,48,0,0,27,1,28,8,23,42,3,76,64,0,64,140
08/14/2021,TRI,TN,ASO,ES,Combined TRACON& Tower with Radar,10,12,12,0,34,0,0,35,3,38,10,12,47,3,72,144,0,144,216
08/15/2021,TRI,TN,ASO,ES,Combined TRACON& Tower with Radar,8,24,15,0,47,0,0,15,0,15,8,24,30,0,62,64,0,64,126
08/16/2021,TRI,TN,ASO,ES,Combined TRACON& Tower with Radar,12,20,20,0,52,0,0,4,0,4,12,20,24,0,56,44,0,44,100
08/17/2021,TRI,TN,ASO,ES,Combined TRACON& Tower with Radar,7,16,26,0,49,0,0,0,0,0,7,16,26,0,49,14,0,14,63
08/18/2021,TRI,TN,ASO,ES,Combined TRACON& Tower with Radar,10,17,18,26,71,0,0,20,1,21,10,17,38,27,92,32,34,66,158
08/19/2021,TRI,TN,ASO,ES,Combined TRACON& Tower with Radar,11,22,26,0,59,0,0,9,2,11,11,22,35,2,70,52,0,52,122
08/20/2021,TRI,TN,ASO,ES,Combined TRACON& Tower with Radar,9,21,40,5,75,0,0,25,0,25,9,21,65,5,100,42,4,46,146
08/21/2021,TRI,TN,ASO,ES,Combined TRACON& Tower with Radar,9,15,11,10,45,0,0,49,0,49,9,15,60,10,94,74,10,84,178
08/22/2021,TRI,TN,ASO,ES,Combined TRACON& Tower with Radar,10,16,11,0,37,0,0,33,0,33,10,16,44,0,70,52,0,52,122
08/23/2021,TRI,TN,ASO,ES,Combined TRACON& Tower with Radar,7,21,23,19,70,0,4,40,2,46,7,25,63,21,116,92,24,116,232
08/24/2021,TRI,TN,ASO,ES,Combined TRACON& Tower with Radar,9,18,26,0,53,0,5,32,4,41,9,23,58,4,94,72,0,72,166
08/25/2021,TRI,TN,ASO,ES,Combined TRACON& Tower with Radar,10,16,33,0,59,0,2,29,0,31,10,18,62,0,90,70,0,70,160
08/26/2021,TRI,TN,ASO,ES,Combined TRACON& Tower with Radar,9,17,26,19,71,0,0,19,2,21,9,17,45,21,92,38,32,70,162
08/27/2021,TRI,TN,ASO,ES,Combined TRACON& Tower with Radar,7,29,24,0,60,0,2,35,0,37,7,31,59,0,97,78,0,78,175
08/28/2021,TRI,TN,ASO,ES,Combined TRACON& Tower with Radar,8,8,29,6,51,0,0,33,0,33,8,8,62,6,84,24,6,30,114
08/29/2021,TRI,TN,ASO,ES,Combined TRACON& Tower with Radar,9,18,14,0,41,0,0,40,0,40,9,18,54,0,81,60,0,60,141
08/30/2021,TRI,TN,ASO,ES,Combined TRACON& Tower with Radar,8,18,32,9,67,0,0,32,7,39,8,18,64,16,106,118,32,150,256
08/31/2021,TRI,TN,ASO,ES,Combined TRACON& Tower with Radar,10,19,11,0,40,0,0,2,0,2,10,19,13,0,42,14,0,14,56
09/01/2021,TRI,TN,ASO,ES,Combined TRACON& Tower with Radar,15,20,29,0,64,0,0,2,0,2,15,20,31,0,66,4,0,4,70
09/02/2021,TRI,TN,ASO,ES,Combined TRACON& Tower with Radar,10,29,19,0,58,0,0,55,0,55,10,29,74,0,113,124,0,124,237
09/03/2021,TRI,TN,ASO,ES,Combined TRACON& Tower with Radar,7,24,29,11,71,0,1,52,1,54,7,25,81,12,125,68,18,86,211
09/04/2021,TRI,TN,ASO,ES,Combined TRACON& Tower with Radar,7,11,10,0,28,0,0,30,0,30,7,11,40,0,58,72,0,72,130
09/05/2021,TRI,TN,ASO,ES,Combined TRACON& Tower with Radar,13,6,7,0,26,0,0,18,0,18,13,6,25,0,44,6,0,6,50
09/06/2021,TRI,TN,ASO,ES,Combined TRACON& Tower with Radar,10,13,25,0,48,0,0,35,0,35,10,13,60,0,83,68,0,68,151
09/07/2021,TRI,TN,ASO,ES,Combined TRACON& Tower with Radar,12,12,22,13,59,0,0,51,2,53,12,12,73,15,112,102,18,120,232
09/08/2021,TRI,TN,ASO,ES,Combined TRACON& Tower with Radar,12,12,44,7,75,0,0,22,0,22,12,12,66,7,97,56,12,68,165
09/09/2021,TRI,TN,ASO,ES,Combined TRACON& Tower with Radar,13,15,30,2,60,0,0,26,4,30,13,15,56,6,90,66,2,68,158
09/10/2021,TRI,TN,ASO,ES,Combined TRACON& Tower with Radar,13,16,36,0,65,0,0,39,0,39,13,16,75,0,104,110,0,110,214
09/11/2021,TRI,TN,ASO,ES,Combined TRACON& Tower with Radar,9,5,19,1,34,0,0,33,5,38,9,5,52,6,72,84,14,98,170
09/12/2021,TRI,TN,ASO,ES,Combined TRACON& Tower with Radar,11,15,26,0,52,0,0,27,0,27,11,15,53,0,79,84,0,84,163
09/13/2021,TRI,TN,ASO,ES,Combined TRACON& Tower with Radar,12,21,24,2,59,0,0,39,0,39,12,21,63,2,98,118,16,134,232
09/14/2021,TRI,TN,ASO,ES,Combined TRACON& Tower with Radar,8,13,20,0,41,0,0,28,3,31,8,13,48,3,72,80,0,80,152
09/15/2021,TRI,TN,ASO,ES,Combined TRACON& Tower with Radar,8,17,19,14,58,0,0,21,1,22,8,17,40,15,80,22,24,46,126
09/16/2021,TRI,TN,ASO,ES,Combined TRACON& Tower with Radar,11,35,54,1,101,0,0,28,1,29,11,35,82,2,130,24,0,24,154
09/17/2021,TRI,TN,ASO,ES,Combined TRACON& Tower with Radar,7,22,43,7,79,0,0,41,6,47,7,22,84,13,126,54,8,62,188
09/18/2021,TRI,TN,ASO,ES,Combined TRACON& Tower with Radar,5,21,60,0,86,0,0,22,2,24,5,21,82,2,110,12,10,22,132
09/19/2021,TRI,TN,ASO,ES,Combined TRACON& Tower with Radar,13,27,37,1,78,0,0,20,0,20,13,27,57,1,98,18,0,18,116
09/20/2021,TRI,TN,ASO,ES,Combined TRACON& Tower with Radar,7,21,33,7,68,0,0,25,0,25,7,21,58,7,93,60,8,68,161
09/21/2021,TRI,TN,ASO,ES,Combined TRACON& Tower with Radar,8,19,31,0,58,0,0,12,0,12,8,19,43,0,70,14,0,14,84
09/22/2021,TRI,TN,ASO,ES,Combined TRACON& Tower with Radar,8,18,14,0,40,0,0,11,1,12,8,18,25,1,52,30,0,30,82
09/23/2021,TRI,TN,ASO,ES,Combined TRACON& Tower with Radar,10,25,28,12,75,0,0,56,0,56,10,25,84,12,131,96,16,112,243
09/24/2021,TRI,TN,ASO,ES,Combined TRACON& Tower with Radar,8,36,45,0,89,0,1,46,0,47,8,37,91,0,136,108,0,108,244
09/25/2021,TRI,TN,ASO,ES,Combined TRACON& Tower with Radar,5,14,11,0,30,0,0,21,0,21,5,14,32,0,51,88,0,88,139
09/26/2021,TRI,TN,ASO,ES,Combined TRACON& Tower with Radar,9,18,27,0,54,0,0,30,0,30,9,18,57,0,84,98,0,98,182
09/27/2021,TRI,TN,ASO,ES,Combined TRACON& Tower with Radar,9,26,29,1,65,0,0,44,1,45,9,26,73,2,110,64,0,64,174
09/28/2021,TRI,TN,ASO,ES,Combined TRACON& Tower with Radar,8,18,28,34,88,0,0,45,0,45,8,18,73,34,133,90,38,128,261
09/29/2021,TRI,TN,ASO,ES,Combined TRACON& Tower with Radar,8,20,30,2,60,0,0,44,0,44,8,20,74,2,104,58,2,60,164
09/30/2021,TRI,TN,ASO,ES,Combined TRACON& Tower with Radar,9,18,42,14,83,0,0,39,0,39,9,18,81,14,122,104,14,118,240
10/01/2021,TRI,TN,ASO,ES,Combined TRACON& Tower with Radar,7,26,18,30,81,0,0,34,1,35,7,26,52,31,116,152,40,192,308
10/02/2021,TRI,TN,ASO,ES,Combined TRACON& Tower with Radar,5,15,26,0,46,0,0,27,6,33,5,15,53,6,79,34,0,34,113
10/03/2021,TRI,TN,ASO,ES,Combined TRACON& Tower with Radar,9,22,16,0,47,0,0,6,0,6,9,22,22,0,53,8,0,8,61
10/04/2021,TRI,TN,ASO,ES,Combined TRACON& Tower with Radar,7,27,50,8,92,0,0,11,2,13,7,27,61,10,105,104,18,122,227
10/05/2021,TRI,TN,ASO,ES,Combined TRACON& Tower with Radar,8,14,47,6,75,0,0,37,4,41,8,14,84,10,116,66,20,86,202
10/06/2021,TRI,TN,ASO,ES,Combined TRACON& Tower with Radar,8,22,34,1,65,0,0,20,1,21,8,22,54,2,86,44,0,44,130
10/07/2021,TRI,TN,ASO,ES,Combined TRACON& Tower with Radar,9,17,40,21,87,0,0,24,2,26,9,17,64,23,113,34,22,56,169
10/08/2021,TRI,TN,ASO,ES,Combined TRACON& Tower with Radar,7,27,31,0,65,0,0,10,0,10,7,27,41,0,75,46,0,46,121
10/09/2021,TRI,TN,ASO,ES,Combined TRACON& Tower with Radar,7,16,21,2,46,0,0,32,0,32,7,16,53,2,78,142,0,142,220
10/10/2021,TRI,TN,ASO,ES,Combined TRACON& Tower with Radar,11,18,18,4,51,0,0,33,0,33,11,18,51,4,84,48,0,48,132
10/11/2021,TRI,TN,ASO,ES,Combined TRACON& Tower with Radar,7,31,41,0,79,0,0,64,0,64,7,31,105,0,143,70,0,70,213
10/12/2021,TRI,TN,ASO,ES,Combined TRACON& Tower with Radar,9,17,21,12,59,0,0,31,0,31,9,17,52,12,90,102,12,114,204
10/13/2021,TRI,TN,ASO,ES,Combined TRACON& Tower with Radar,13,16,44,3,76,0,0,26,0,26,13,16,70,3,102,70,8,78,180
10/14/2021,TRI,TN,ASO,ES,Combined TRACON& Tower with Radar,10,23,41,55,129,0,0,51,2,53,10,23,92,57,182,126,72,198,380
10/15/2021,TRI,TN,ASO,ES,Combined TRACON& Tower with Radar,7,29,43,0,79,0,0,25,4,29,7,29,68,4,108,52,0,52,160
10/16/2021,TRI,TN,ASO,ES,Combined TRACON& Tower with Radar,9,15,5,0,29,0,0,8,0,8,9,15,13,0,37,0,0,0,37
10/17/2021,TRI,TN,ASO,ES,Combined TRACON& Tower with Radar,9,29,33,5,76,0,0,26,3,29,9,29,59,8,105,58,4,62,167
10/18/2021,TRI,TN,ASO,ES,Combined TRACON& Tower with Radar,7,24,31,1,63,0,0,33,1,34,7,24,64,2,97,28,0,28,125
10/19/2021,TRI,TN,ASO,ES,Combined TRACON& Tower with Radar,9,16,25,26,76,0,0,54,7,61,9,16,79,33,137,76,56,132,269
10/20/2021,TRI,TN,ASO,ES,Combined TRACON& Tower with Radar,6,23,32,5,66,0,1,31,6,38,6,24,63,11,104,86,16,102,206
10/21/2021,TRI,TN,ASO,ES,Combined TRACON& Tower with Radar,7,20,27,10,64,0,0,8,0,8,7,20,35,10,72,62,16,78,150
10/22/2021,TRI,TN,ASO,ES,Combined TRACON& Tower with Radar,8,23,25,0,56,0,0,28,0,28,8,23,53,0,84,86,12,98,182
10/23/2021,TRI,TN,ASO,ES,Combined TRACON& Tower with Radar,10,13,12,0,35,0,0,44,0,44,10,13,56,0,79,46,8,54,133
10/24/2021,TRI,TN,ASO,ES,Combined TRACON& Tower with Radar,9,19,18,0,46,0,0,34,0,34,9,19,52,0,80,22,0,22,102
10/25/2021,TRI,TN,ASO,ES,Combined TRACON& Tower with Radar,6,24,25,0,55,0,0,3,0,3,6,24,28,0,58,26,0,26,84
10/26/2021,TRI,TN,ASO,ES,Combined TRACON& Tower with Radar,7,30,32,2,71,0,0,9,2,11,7,30,41,4,82,61,0,61,143
10/27/2021,TRI,TN,ASO,ES,Combined TRACON& Tower with Radar,7,18,29,17,71,0,0,32,0,32,7,18,61,17,103,42,36,78,181
10/28/2021,TRI,TN,ASO,ES,Combined TRACON& Tower with Radar,9,21,26,0,56,0,0,3,0,3,9,21,29,0,59,6,0,6,65
10/29/2021,TRI,TN,ASO,ES,Combined TRACON& Tower with Radar,9,32,10,2,53,0,0,1,0,1,9,32,11,2,54,8,0,8,62
10/30/2021,TRI,TN,ASO,ES,Combined TRACON& Tower with Radar,9,20,18,0,47,0,0,0,0,0,9,20,18,0,47,2,0,2,49
10/31/2021,TRI,TN,ASO,ES,Combined TRACON& Tower with Radar,8,16,26,0,50,0,0,7,0,7,8,16,33,0,57,44,0,44,101
11/01/2021,TRI,TN,ASO,ES,Combined TRACON& Tower with Radar,7,28,15,11,61,0,0,48,1,49,7,28,63,12,110,114,20,134,244
11/02/2021,TRI,TN,ASO,ES,Combined TRACON& Tower with Radar,5,24,41,24,94,0,0,30,7,37,5,24,71,31,131,72,42,114,245
11/03/2021,TRI,TN,ASO,ES,Combined TRACON& Tower with Radar,4,20,45,17,86,0,0,30,3,33,4,20,75,20,119,90,30,120,239
11/04/2021,TRI,TN,ASO,ES,Combined TRACON& Tower with Radar,6,31,31,17,85,0,0,15,0,15,6,31,46,17,100,26,18,44,144
11/05/2021,TRI,TN,ASO,ES,Combined TRACON& Tower with Radar,6,36,24,0,66,0,0,36,0,36,6,36,60,0,102,62,0,62,164
11/06/2021,TRI,TN,ASO,ES,Combined TRACON& Tower with Radar,4,17,9,0,30,0,0,33,0,33,4,17,42,0,63,48,0,48,111
11/07/2021,TRI,TN,ASO,ES,Combined TRACON& Tower with Radar,8,23,14,0,45,0,0,23,3,26,8,23,37,3,71,106,0,106,177
11/08/2021,TRI,TN,ASO,ES,Combined TRACON& Tower with Radar,9,22,33,39,103,0,0,46,6,52,9,22,79,45,155,116,62,178,333
11/09/2021,TRI,TN,ASO,ES,Combined TRACON& Tower with Radar,6,19,28,0,53,0,0,53,0,53,6,19,81,0,106,118,0,118,224
11/10/2021,TRI,TN,ASO,ES,Combined TRACON& Tower with Radar,6,20,45,0,71,0,0,52,0,52,6,20,97,0,123,84,10,94,217
11/11/2021,TRI,TN,ASO,ES,Combined TRACON& Tower with Radar,7,23,19,2,51,0,1,13,2,16,7,24,32,4,67,26,0,26,93
11/12/2021,TRI,TN,ASO,ES,Combined TRACON& Tower with Radar,6,23,21,4,54,0,0,31,1,32,6,23,52,5,86,46,2,48,134
11/13/2021,TRI,TN,ASO,ES,Combined TRACON& Tower with Radar,6,16,9,0,31,0,0,25,0,25,6,16,34,0,56,50,0,50,106
11/14/2021,TRI,TN,ASO,ES,Combined TRACON& Tower with Radar,8,25,8,0,41,0,0,17,0,17,8,25,25,0,58,16,0,16,74
11/15/2021,TRI,TN,ASO,ES,Combined TRACON& Tower with Radar,6,22,23,3,54,0,0,20,0,20,6,22,43,3,74,12,0,12,86
11/16/2021,TRI,TN,ASO,ES,Combined TRACON& Tower with Radar,6,20,29,20,75,0,1,17,0,18,6,21,46,20,93,116,40,156,249
11/17/2021,TRI,TN,ASO,ES,Combined TRACON& Tower with Radar,6,26,30,22,84,0,2,53,0,55,6,28,83,22,139,98,22,120,259
11/18/2021,TRI,TN,ASO,ES,Combined TRACON& Tower with Radar,10,23,29,0,62,0,0,8,0,8,10,23,37,0,70,16,0,16,86
11/19/2021,TRI,TN,ASO,ES,Combined TRACON& Tower with Radar,6,23,25,0,54,0,0,40,0,40,6,23,65,0,94,86,0,86,180
11/20/2021,TRI,TN,ASO,ES,Combined TRACON& Tower with Radar,6,18,12,0,36,0,0,32,0,32,6,18,44,0,68,36,0,36,104
11/21/2021,TRI,TN,ASO,ES,Combined TRACON& Tower with Radar,10,16,28,0,54,0,0,33,0,33,10,16,61,0,87,74,0,74,161
11/22/2021,TRI,TN,ASO,ES,Combined TRACON& Tower with Radar,3,30,35,0,68,0,0,17,0,17,3,30,52,0,85,60,18,78,163
11/23/2021,TRI,TN,ASO,ES,Combined TRACON& Tower with Radar,8,23,20,0,51,0,0,33,0,33,8,23,53,0,84,70,0,70,154
11/24/2021,TRI,TN,ASO,ES,Combined TRACON& Tower with Radar,4,27,29,13,73,0,0,31,0,31,4,27,60,13,104,100,12,112,216
11/25/2021,TRI,TN,ASO,ES,Combined TRACON& Tower with Radar,2,11,5,0,18,0,0,14,0,14,2,11,19,0,32,6,0,6,38
11/26/2021,TRI,TN,ASO,ES,Combined TRACON& Tower with Radar,2,19,24,0,45,0,0,13,0,13,2,19,37,0,58,14,0,14,72
11/27/2021,TRI,TN,ASO,ES,Combined TRACON& Tower with Radar,10,21,17,0,48,0,0,30,0,30,10,21,47,0,78,40,0,40,118
11/28/2021,TRI,TN,ASO,ES,Combined TRACON& Tower with Radar,6,21,10,0,37,0,0,33,0,33,6,21,43,0,70,46,0,46,116
11/29/2021,TRI,TN,ASO,ES,Combined TRACON& Tower with Radar,6,23,15,0,44,0,0,30,0,30,6,23,45,0,74,110,0,110,184
11/30/2021,TRI,TN,ASO,ES,Combined TRACON& Tower with Radar,6,20,26,4,56,0,1,30,0,31,6,21,56,4,87,50,14,64,151
12/01/2021,TRI,TN,ASO,ES,Combined TRACON& Tower with Radar,9,24,21,24,78,0,0,35,0,35,9,24,56,24,113,98,22,120,233
12/02/2021,TRI,TN,ASO,ES,Combined TRACON& Tower with Radar,14,23,22,5,64,0,0,27,7,34,14,23,49,12,98,54,10,64,162
12/03/2021,TRI,TN,ASO,ES,Combined TRACON& Tower with Radar,10,16,21,4,51,0,0,43,0,43,10,16,64,4,94,96,2,98,192
12/04/2021,TRI,TN,ASO,ES,Combined TRACON& Tower with Radar,10,15,12,0,37,0,0,23,0,23,10,15,35,0,60,118,0,118,178
12/05/2021,TRI,TN,ASO,ES,Combined TRACON& Tower with Radar,14,17,19,2,52,0,0,28,0,28,14,17,47,2,80,66,0,66,146
12/06/2021,TRI,TN,ASO,ES,Combined TRACON& Tower with Radar,12,17,17,0,46,0,0,5,0,5,12,17,22,0,51,8,0,8,59
12/07/2021,TRI,TN,ASO,ES,Combined TRACON& Tower with Radar,10,14,28,0,52,0,2,36,1,39,10,16,64,1,91,54,0,54,145
12/08/2021,TRI,TN,ASO,ES,Combined TRACON& Tower with Radar,10,20,40,10,80,0,1,14,0,15,10,21,54,10,95,48,20,68,163
12/09/2021,TRI,TN,ASO,ES,Combined TRACON& Tower with Radar,14,19,30,24,87,0,1,31,1,33,14,20,61,25,120,66,22,88,208
12/10/2021,TRI,TN,ASO,ES,Combined TRACON& Tower with Radar,12,25,21,10,68,0,0,20,0,20,12,25,41,10,88,76,10,86,174
12/11/2021,TRI,TN,ASO,ES,Combined TRACON& Tower with Radar,12,16,2,0,30,0,0,3,0,3,12,16,5,0,33,0,0,0,33
12/12/2021,TRI,TN,ASO,ES,Combined TRACON& Tower with Radar,14,23,22,0,59,0,1,36,0,37,14,24,58,0,96,164,0,164,260
12/13/2021,TRI,TN,ASO,ES,Combined TRACON& Tower with Radar,10,19,17,48,94,0,1,34,0,35,10,20,51,48,129,32,66,98,227
12/14/2021,TRI,TN,ASO,ES,Combined TRACON& Tower with Radar,10,19,25,8,62,0,0,23,0,23,10,19,48,8,85,26,6,32,117
12/15/2021,TRI,TN,ASO,ES,Combined TRACON& Tower with Radar,8,17,28,0,53,0,0,30,0,30,8,17,58,0,83,72,0,72,155
12/16/2021,TRI,TN,ASO,ES,Combined TRACON& Tower with Radar,10,21,31,10,72,0,2,30,0,32,10,23,61,10,104,94,0,94,198
12/17/2021,TRI,TN,ASO,ES,Combined TRACON& Tower with Radar,6,19,39,0,64,0,0,6,0,6,6,19,45,0,70,2,0,2,72
12/18/2021,TRI,TN,ASO,ES,Combined TRACON& Tower with Radar,3,16,14,0,33,0,0,3,0,3,3,16,17,0,36,0,0,0,36
12/19/2021,TRI,TN,ASO,ES,Combined TRACON& Tower with Radar,8,16,23,0,47,0,0,3,0,3,8,16,26,0,50,34,0,34,84
12/20/2021,TRI,TN,ASO,ES,Combined TRACON& Tower with Radar,5,25,38,2,70,0,1,36,0,37,5,26,74,2,107,84,0,84,191
12/21/2021,TRI,TN,ASO,ES,Combined TRACON& Tower with Radar,6,23,30,4,63,0,0,44,5,49,6,23,74,9,112,64,14,78,190
12/22/2021,TRI,TN,ASO,ES,Combined TRACON& Tower with Radar,5,24,29,0,58,0,0,21,0,21,5,24,50,0,79,66,0,66,145
12/23/2021,TRI,TN,ASO,ES,Combined TRACON& Tower with Radar,9,24,23,0,56,0,0,56,0,56,9,24,79,0,112,118,0,118,230
12/24/2021,TRI,TN,ASO,ES,Combined TRACON& Tower with Radar,2,12,3,0,17,0,1,19,0,20,2,13,22,0,37,16,0,16,53
12/25/2021,TRI,TN,ASO,ES,Combined TRACON& Tower with Radar,6,11,1,0,18,0,0,3,0,3,6,11,4,0,21,0,0,0,21
12/26/2021,TRI,TN,ASO,ES,Combined TRACON& Tower with Radar,8,21,17,0,46,0,1,20,0,21,8,22,37,0,67,16,0,16,83
12/27/2021,TRI,TN,ASO,ES,Combined TRACON& Tower with Radar,5,23,12,16,56,0,0,11,0,11,5,23,23,16,67,38,6,44,111
12/28/2021,TRI,TN,ASO,ES,Combined TRACON& Tower with Radar,7,21,17,5,50,0,0,13,0,13,7,21,30,5,63,6,0,6,69
12/29/2021,TRI,TN,ASO,ES,Combined TRACON& Tower with Radar,6,19,18,0,43,0,0,2,0,2,6,19,20,0,45,0,0,0,45
12/30/2021,TRI,TN,ASO,ES,Combined TRACON& Tower with Radar,8,20,14,0,42,0,0,0,0,0,8,20,14,0,42,2,0,2,44
12/31/2021,TRI,TN,ASO,ES,Combined TRACON& Tower with Radar,3,15,17,0,35,0,0,6,0,6,3,15,23,0,41,18,0,18,59
01/01/2022,TRI,TN,ASO,ES,Combined TRACON& Tower with Radar,6,11,5,0,22,0,0,2,0,2,6,11,7,0,24,4,0,4,28
01/02/2022,TRI,TN,ASO,ES,Combined TRACON& Tower with Radar,9,15,12,0,36,0,0,0,0,0,9,15,12,0,36,4,0,4,40
01/03/2022,TRI,TN,ASO,ES,Combined TRACON& Tower with Radar,4,19,13,0,36,0,0,6,0,6,4,19,19,0,42,54,0,54,96
01/04/2022,TRI,TN,ASO,ES,Combined TRACON& Tower with Radar,7,16,23,10,56,0,0,29,0,29,7,16,52,10,85,46,11,57,142
01/05/2022,TRI,TN,ASO,ES,Combined TRACON& Tower with Radar,8,14,15,0,37,0,0,18,0,18,8,14,33,0,55,62,0,62,117
01/06/2022,TRI,TN,ASO,ES,Combined TRACON& Tower with Radar,9,14,8,20,51,0,0,4,0,4,9,14,12,20,55,12,6,18,73
01/07/2022,TRI,TN,ASO,ES,Combined TRACON& Tower with Radar,7,14,13,0,34,0,0,10,0,10,7,14,23,0,44,8,0,8,52
01/08/2022,TRI,TN,ASO,ES,Combined TRACON& Tower with Radar,7,15,18,0,40,0,0,30,0,30,7,15,48,0,70,32,0,32,102
01/09/2022,TRI,TN,ASO,ES,Combined TRACON& Tower with Radar,9,13,7,0,29,0,0,0,0,0,9,13,7,0,29,0,0,0,29
01/10/2022,TRI,TN,ASO,ES,Combined TRACON& Tower with Radar,7,23,13,8,51,0,2,25,0,27,7,25,38,8,78,38,10,48,126
01/11/2022,TRI,TN,ASO,ES,Combined TRACON& Tower with Radar,7,16,26,0,49,0,0,15,0,15,7,16,41,0,64,57,0,57,121
01/12/2022,TRI,TN,ASO,ES,Combined TRACON& Tower with Radar,7,21,34,0,62,0,3,35,2,40,7,24,69,2,102,54,0,54,156
01/13/2022,TRI,TN,ASO,ES,Combined TRACON& Tower with Radar,9,19,15,0,43,0,0,16,2,18,9,19,31,2,61,84,0,84,145
01/14/2022,TRI,TN,ASO,ES,Combined TRACON& Tower with Radar,6,22,12,0,40,0,1,28,0,29,6,23,40,0,69,36,0,36,105
01/15/2022,TRI,TN,ASO,ES,Combined TRACON& Tower with Radar,7,14,11,0,32,0,0,21,0,21,7,14,32,0,53,30,0,30,83
01/16/2022,TRI,TN,ASO,ES,Combined TRACON& Tower with Radar,6,6,2,0,14,0,0,0,0,0,6,6,2,0,14,0,0,0,14
01/17/2022,TRI,TN,ASO,ES,Combined TRACON& Tower with Radar,4,14,8,0,26,0,0,0,0,0,4,14,8,0,26,0,0,0,26
01/18/2022,TRI,TN,ASO,ES,Combined TRACON& Tower with Radar,9,18,22,2,51,0,2,23,0,25,9,20,45,2,76,20,0,20,96
01/19/2022,TRI,TN,ASO,ES,Combined TRACON& Tower with Radar,7,14,27,0,48,0,0,19,0,19,7,14,46,0,67,36,0,36,103
01/20/2022,TRI,TN,ASO,ES,Combined TRACON& Tower with Radar,9,22,7,2,40,0,0,0,0,0,9,22,7,2,40,2,0,2,42
01/21/2022,TRI,TN,ASO,ES,Combined TRACON& Tower with Radar,8,21,20,0,49,0,0,16,0,16,8,21,36,0,65,62,0,62,127
01/22/2022,TRI,TN,ASO,ES,Combined TRACON& Tower with Radar,8,17,28,0,53,0,1,42,2,45,8,18,70,2,98,90,0,90,188
01/23/2022,TRI,TN,ASO,ES,Combined TRACON& Tower with Radar,9,22,18,0,49,0,0,31,0,31,9,22,49,0,80,0,0,0,80
01/24/2022,TRI,TN,ASO,ES,Combined TRACON& Tower with Radar,7,19,24,24,74,0,0,37,1,38,7,19,61,25,112,64,4,68,180
01/25/2022,TRI,TN,ASO,ES,Combined TRACON& Tower with Radar,7,17,16,13,53,0,0,17,2,19,7,17,33,15,72,38,8,46,118
01/26/2022,TRI,TN,ASO,ES,Combined TRACON& Tower with Radar,7,23,15,0,45,0,0,35,0,35,7,23,50,0,80,6,0,6,86
01/27/2022,TRI,TN,ASO,ES,Combined TRACON& Tower with Radar,9,28,17,19,73,0,2,39,1,42,9,30,56,20,115,38,6,44,159
01/28/2022,TRI,TN,ASO,ES,Combined TRACON& Tower with Radar,7,20,12,0,39,0,0,5,0,5,7,20,17,0,44,8,0,8,52
01/29/2022,TRI,TN,ASO,ES,Combined TRACON& Tower with Radar,8,12,6,0,26,0,1,8,0,9,8,13,14,0,35,0,0,0,35
01/30/2022,TRI,TN,ASO,ES,Combined TRACON& Tower with Radar,11,19,10,0,40,0,0,22,0,22,11,19,32,0,62,52,0,52,114
01/31/2022,TRI,TN,ASO,ES,Combined TRACON& Tower with Radar,7,23,31,2,63,0,0,39,0,39,7,23,70,2,102,22,0,22,124
02/01/2022,TRI,TN,ASO,ES,Combined TRACON& Tower with Radar,5,19,22,27,73,0,3,38,0,41,5,22,60,27,114,26,10,36,150
02/02/2022,TRI,TN,ASO,ES,Combined TRACON& Tower with Radar,7,17,22,9,55,0,0,14,0,14,7,17,36,9,69,14,0,14,83
02/03/2022,TRI,TN,ASO,ES,Combined TRACON& Tower with Radar,3,21,8,10,42,0,0,0,0,0,3,21,8,10,42,0,0,0,42
02/04/2022,TRI,TN,ASO,ES,Combined TRACON& Tower with Radar,2,24,3,0,29,0,0,0,0,0,2,24,3,0,29,0,0,0,29
02/05/2022,TRI,TN,ASO,ES,Combined TRACON& Tower with Radar,4,18,14,2,38,0,0,30,2,32,4,18,44,4,70,64,30,94,164
02/06/2022,TRI,TN,ASO,ES,Combined TRACON& Tower with Radar,4,19,12,0,35,0,0,43,0,43,4,19,55,0,78,80,0,80,158
02/07/2022,TRI,TN,ASO,ES,Combined TRACON& Tower with Radar,10,37,26,17,90,0,0,25,0,25,10,37,51,17,115,58,0,58,173
02/08/2022,TRI,TN,ASO,ES,Combined TRACON& Tower with Radar,1,26,19,12,58,0,2,57,0,59,1,28,76,12,117,16,0,16,133
02/09/2022,TRI,TN,ASO,ES,Combined TRACON& Tower with Radar,1,24,23,12,60,0,0,40,0,40,1,24,63,12,100,2,0,2,102
02/10/2022,TRI,TN,ASO,ES,Combined TRACON& Tower with Radar,3,26,21,9,59,0,2,25,3,30,3,28,46,12,89,34,4,38,127
02/11/2022,TRI,TN,ASO,ES,Combined TRACON& Tower with Radar,2,24,28,0,54,0,0,20,0,20,2,24,48,0,74,18,0,18,92
02/12/2022,TRI,TN,ASO,ES,Combined TRACON& Tower with Radar,5,13,13,0,31,0,0,35,0,35,5,13,48,0,66,54,0,54,120
02/13/2022,TRI,TN,ASO,ES,Combined TRACON& Tower with Radar,4,22,15,0,41,0,0,11,0,11,4,22,26,0,52,30,0,30,82
02/14/2022,TRI,TN,ASO,ES,Combined TRACON& Tower with Radar,2,27,27,0,56,0,0,19,2,21,2,27,46,2,77,62,0,62,139
02/15/2022,TRI,TN,ASO,ES,Combined TRACON& Tower with Radar,2,25,22,10,59,0,0,45,2,47,2,25,67,12,106,34,0,34,140
02/16/2022,TRI,TN,ASO,ES,Combined TRACON& Tower with Radar,1,23,43,15,82,0,0,17,0,17,1,23,60,15,99,6,2,8,107
02/17/2022,TRI,TN,ASO,ES,Combined TRACON& Tower with Radar,4,25,22,0,51,0,0,8,0,8,4,25,30,0,59,0,0,0,59
02/18/2022,TRI,TN,ASO,ES,Combined TRACON& Tower with Radar,2,25,21,0,48,0,0,14,0,14,2,25,35,0,62,110,0,110,172
02/19/2022,TRI,TN,ASO,ES,Combined TRACON& Tower with Radar,4,12,13,2,31,0,0,30,0,30,4,12,43,2,61,27,0,27,88
02/20/2022,TRI,TN,ASO,ES,Combined TRACON& Tower with Radar,5,14,27,0,46,0,0,30,0,30,5,14,57,0,76,72,0,72,148
02/21/2022,TRI,TN,ASO,ES,Combined TRACON& Tower with Radar,2,28,30,0,60,0,0,30,0,30,2,28,60,0,90,58,0,58,148
02/22/2022,TRI,TN,ASO,ES,Combined TRACON& Tower with Radar,1,21,30,17,69,0,0,12,0,12,1,21,42,17,81,0,0,0,81
02/23/2022,TRI,TN,ASO,ES,Combined TRACON& Tower with Radar,1,27,31,0,59,0,1,19,0,20,1,28,50,0,79,18,8,26,105
02/24/2022,TRI,TN,ASO,ES,Combined TRACON& Tower with Radar,8,21,20,0,49,0,0,0,0,0,8,21,20,0,49,0,0,0,49
02/25/2022,TRI,TN,ASO,ES,Combined TRACON& Tower with Radar,2,26,17,8,53,0,0,21,0,21,2,26,38,8,74,30,0,30,104
02/26/2022,TRI,TN,ASO,ES,Combined TRACON& Tower with Radar,4,16,17,0,37,0,0,12,0,12,4,16,29,0,49,46,0,46,95
02/27/2022,TRI,TN,ASO,ES,Combined TRACON& Tower with Radar,4,28,9,0,41,0,0,22,0,22,4,28,31,0,63,54,0,54,117
02/28/2022,TRI,TN,ASO,ES,Combined TRACON& Tower with Radar,2,34,32,0,68,0,0,49,2,51,2,34,81,2,119,38,0,38,157
03/01/2022,TRI,TN,ASO,ES,Combined TRACON& Tower with Radar,2,22,25,0,49,0,0,50,0,50,2,22,75,0,99,100,0,100,199
03/02/2022,TRI,TN,ASO,ES,Combined TRACON& Tower with Radar,2,28,33,0,63,0,0,37,0,37,2,28,70,0,100,50,0,50,150
03/03/2022,TRI,TN,ASO,ES,Combined TRACON& Tower with Radar,6,22,36,9,73,0,2,45,1,48,6,24,81,10,121,28,0,28,149
03/04/2022,TRI,TN,ASO,ES,Combined TRACON& Tower with Radar,2,18,25,0,45,0,2,52,0,54,2,20,77,0,99,102,0,102,201
03/05/2022,TRI,TN,ASO,ES,Combined TRACON& Tower with Radar,2,16,12,0,30,0,0,46,0,46,2,16,58,0,76,106,0,106,182
03/06/2022,TRI,TN,ASO,ES,Combined TRACON& Tower with Radar,5,12,9,0,26,0,1,14,0,15,5,13,23,0,41,12,0,12,53
03/07/2022,TRI,TN,ASO,ES,Combined TRACON& Tower with Radar,8,18,12,0,38,0,1,4,0,5,8,19,16,0,43,0,0,0,43
03/08/2022,TRI,TN,ASO,ES,Combined TRACON& Tower with Radar,4,21,36,0,61,0,0,28,0,28,4,21,64,0,89,156,0,156,245
03/09/2022,TRI,TN,ASO,ES,Combined TRACON& Tower with Radar,4,20,17,2,43,0,0,0,0,0,4,20,17,2,43,0,0,0,43
03/10/2022,TRI,TN,ASO,ES,Combined TRACON& Tower with Radar,7,22,27,5,61,0,0,29,5,34,7,22,56,10,95,86,10,96,191
03/11/2022,TRI,TN,ASO,ES,Combined TRACON& Tower with Radar,4,16,17,1,38,0,0,40,2,42,4,16,57,3,80,60,0,60,140
03/12/2022,TRI,TN,ASO,ES,Combined TRACON& Tower with Radar,4,10,8,0,22,0,0,1,0,1,4,10,9,0,23,0,0,0,23
03/13/2022,TRI,TN,ASO,ES,Combined TRACON& Tower with Radar,7,11,18,3,39,0,0,29,1,30,7,11,47,4,69,84,2,86,155
03/14/2022,TRI,TN,ASO,ES,Combined TRACON& Tower with Radar,6,15,23,2,46,0,0,39,0,39,6,15,62,2,85,116,0,116,201
03/15/2022,TRI,TN,ASO,ES,Combined TRACON& Tower with Radar,3,14,25,0,42,0,0,43,0,43,3,14,68,0,85,48,0,48,133
03/16/2022,TRI,TN,ASO,ES,Combined TRACON& Tower with Radar,4,14,33,2,53,0,0,7,0,7,4,14,40,2,60,20,0,20,80
03/17/2022,TRI,TN,ASO,ES,Combined TRACON& Tower with Radar,4,17,33,0,54,0,0,28,0,28,4,17,61,0,82,66,0,66,148
03/18/2022,TRI,TN,ASO,ES,Combined TRACON& Tower with Radar,6,23,25,23,77,0,0,18,2,20,6,23,43,25,97,22,0,22,119
03/19/2022,TRI,TN,ASO,ES,Combined TRACON& Tower with Radar,2,19,9,1,31,0,0,1,0,1,2,19,10,1,32,0,0,0,32
03/20/2022,TRI,TN,ASO,ES,Combined TRACON& Tower with Radar,2,13,14,0,29,0,0,15,0,15,2,13,29,0,44,0,0,0,44
03/21/2022,TRI,TN,ASO,ES,Combined TRACON& Tower with Radar,6,26,31,0,63,0,0,39,0,39,6,26,70,0,102,34,0,34,136
03/22/2022,TRI,TN,ASO,ES,Combined TRACON& Tower with Radar,5,20,18,12,55,0,0,36,1,37,5,20,54,13,92,58,0,58,150
03/23/2022,TRI,TN,ASO,ES,Combined TRACON& Tower with Radar,3,16,20,0,39,0,0,5,0,5,3,16,25,0,44,0,0,0,44
03/24/2022,TRI,TN,ASO,ES,Combined TRACON& Tower with Radar,4,23,28,0,55,0,0,45,0,45,4,23,73,0,100,86,0,86,186
03/25/2022,TRI,TN,ASO,ES,Combined TRACON& Tower with Radar,1,14,23,0,38,0,0,31,0,31,1,14,54,0,69,32,0,32,101
03/26/2022,TRI,TN,ASO,ES,Combined TRACON& Tower with Radar,4,12,9,0,25,0,0,2,0,2,4,12,11,0,27,0,0,0,27
03/27/2022,TRI,TN,ASO,ES,Combined TRACON& Tower with Radar,6,14,22,0,42,0,0,16,0,16,6,14,38,0,58,0,4,4,62
03/28/2022,TRI,TN,ASO,ES,Combined TRACON& Tower with Radar,6,17,21,22,66,0,0,27,0,27,6,17,48,22,93,50,4,54,147
03/29/2022,TRI,TN,ASO,ES,Combined TRACON& Tower with Radar,6,19,26,10,61,0,0,56,0,56,6,19,82,10,117,90,0,90,207
03/30/2022,TRI,TN,ASO,ES,Combined TRACON& Tower with Radar,6,18,24,0,48,0,0,4,0,4,6,18,28,0,52,48,0,48,100
03/31/2022,TRI,TN,ASO,ES,Combined TRACON& Tower with Radar,8,21,14,0,43,0,0,0,0,0,8,21,14,0,43,12,0,12,55
04/01/2022,TRI,TN,ASO,ES,Combined TRACON& Tower with Radar,5,18,16,4,43,0,0,18,2,20,5,18,34,6,63,14,0,14,77
04/02/2022,TRI,TN,ASO,ES,Combined TRACON& Tower with Radar,2,11,15,0,28,0,0,28,0,28,2,11,43,0,56,62,0,62,118
04/03/2022,TRI,TN,ASO,ES,Combined TRACON& Tower with Radar,7,15,15,0,37,0,0,30,0,30,7,15,45,0,67,20,0,20,87
04/04/2022,TRI,TN,ASO,ES,Combined TRACON& Tower with Radar,3,20,23,1,47,0,0,35,2,37,3,20,58,3,84,66,0,66,150
04/05/2022,TRI,TN,ASO,ES,Combined TRACON& Tower with Radar,3,27,22,6,58,0,0,8,0,8,3,27,30,6,66,76,0,76,142
04/06/2022,TRI,TN,ASO,ES,Combined TRACON& Tower with Radar,4,34,22,2,62,0,0,19,0,19,4,34,41,2,81,80,0,80,161
04/07/2022,TRI,TN,ASO,ES,Combined TRACON& Tower with Radar,6,24,14,2,46,0,0,5,0,5,6,24,19,2,51,16,6,22,73
04/08/2022,TRI,TN,ASO,ES,Combined TRACON& Tower with Radar,4,25,15,3,47,0,0,7,0,7,4,25,22,3,54,10,0,10,64
04/09/2022,TRI,TN,ASO,ES,Combined TRACON& Tower with Radar,4,16,4,0,24,0,0,0,0,0,4,16,4,0,24,0,0,0,24
04/10/2022,TRI,TN,ASO,ES,Combined TRACON& Tower with Radar,6,22,22,0,50,0,2,41,2,45,6,24,63,2,95,88,0,88,183
04/11/2022,TRI,TN,ASO,ES,Combined TRACON& Tower with Radar,4,26,25,16,71,0,0,25,9,34,4,26,50,25,105,18,0,18,123
04/12/2022,TRI,TN,ASO,ES,Combined TRACON& Tower with Radar,4,28,21,0,53,0,0,5,0,5,4,28,26,0,58,14,0,14,72
04/13/2022,TRI,TN,ASO,ES,Combined TRACON& Tower with Radar,4,27,21,0,52,0,0,33,0,33,4,27,54,0,85,62,0,62,147
04/14/2022,TRI,TN,ASO,ES,Combined TRACON& Tower with Radar,8,29,29,6,72,0,0,19,0,19,8,29,48,6,91,14,0,14,105
04/15/2022,TRI,TN,ASO,ES,Combined TRACON& Tower with Radar,12,29,44,0,85,0,2,43,0,45,12,31,87,0,130,18,0,18,148
04/16/2022,TRI,TN,ASO,ES,Combined TRACON& Tower with Radar,6,23,29,0,58,0,0,13,0,13,6,23,42,0,71,36,0,36,107
04/17/2022,TRI,TN,ASO,ES,Combined TRACON& Tower with Radar,8,31,47,0,86,0,0,30,0,30,8,31,77,0,116,34,0,34,150
04/18/2022,TRI,TN,ASO,ES,Combined TRACON& Tower with Radar,16,26,33,0,75,0,0,0,0,0,16,26,33,0,75,0,0,0,75
04/19/2022,TRI,TN,ASO,ES,Combined TRACON& Tower with Radar,4,26,20,7,57,0,0,43,0,43,4,26,63,7,100,28,0,28,128
04/20/2022,TRI,TN,ASO,ES,Combined TRACON& Tower with Radar,4,31,33,0,68,0,0,57,0,57,4,31,90,0,125,106,0,106,231
04/21/2022,TRI,TN,ASO,ES,Combined TRACON& Tower with Radar,8,30,25,0,63,0,3,35,0,38,8,33,60,0,101,144,0,144,245
04/22/2022,TRI,TN,ASO,ES,Combined TRACON& Tower with Radar,4,30,20,0,54,0,0,51,0,51,4,30,71,0,105,116,0,116,221
04/23/2022,TRI,TN,ASO,ES,Combined TRACON& Tower with Radar,4,21,15,2,42,0,0,53,0,53,4,21,68,2,95,14,0,14,109
04/24/2022,TRI,TN,ASO,ES,Combined TRACON& Tower with Radar,5,23,18,3,49,0,0,30,1,31,5,23,48,4,80,70,16,86,166
04/25/2022,TRI,TN,ASO,ES,Combined TRACON& Tower with Radar,4,31,29,0,64,0,0,46,0,46,4,31,75,0,110,88,0,88,198
04/26/2022,TRI,TN,ASO,ES,Combined TRACON& Tower with Radar,6,35,22,6,69,0,0,5,0,5,6,35,27,6,74,12,10,22,96
04/27/2022,TRI,TN,ASO,ES,Combined TRACON& Tower with Radar,4,25,26,6,61,0,0,39,0,39,4,25,65,6,100,16,0,16,116
04/28/2022,TRI,TN,ASO,ES,Combined TRACON& Tower with Radar,6,30,28,10,74,0,0,48,0,48,6,30,76,10,122,112,6,118,240
04/29/2022,TRI,TN,ASO,ES,Combined TRACON& Tower with Radar,4,28,36,0,68,0,0,44,0,44,4,28,80,0,112,64,0,64,176
04/30/2022,TRI,TN,ASO,ES,Combined TRACON& Tower with Radar,4,22,16,0,42,0,1,24,0,25,4,23,40,0,67,50,0,50,117
05/01/2022,TRI,TN,ASO,ES,Combined TRACON& Tower with Radar,6,35,12,0,53,0,0,10,2,12,6,35,22,2,65,22,0,22,87
05/02/2022,TRI,TN,ASO,ES,Combined TRACON& Tower with Radar,4,30,18,25,77,0,1,37,0,38,4,31,55,25,115,60,10,70,185
05/03/2022,TRI,TN,ASO,ES,Combined TRACON& Tower with Radar,4,30,25,0,59,0,0,30,0,30,4,30,55,0,89,72,0,72,161
05/04/2022,TRI,TN,ASO,ES,Combined TRACON& Tower with Radar,7,27,24,6,64,0,0,14,0,14,7,27,38,6,78,32,0,32,110
05/05/2022,TRI,TN,ASO,ES,Combined TRACON& Tower with Radar,11,21,30,9,71,0,1,38,2,41,11,22,68,11,112,134,16,150,262
05/06/2022,TRI,TN,ASO,ES,Combined TRACON& Tower with Radar,6,24,20,0,50,0,0,0,0,0,6,24,20,0,50,0,0,0,50
05/07/2022,TRI,TN,ASO,ES,Combined TRACON& Tower with Radar,10,15,16,3,44,0,0,0,1,1,10,15,16,4,45,0,0,0,45
05/08/2022,TRI,TN,ASO,ES,Combined TRACON& Tower with Radar,7,18,18,0,43,0,0,28,0,28,7,18,46,0,71,80,0,80,151
05/09/2022,TRI,TN,ASO,ES,Combined TRACON& Tower with Radar,7,30,26,6,69,0,0,41,0,41,7,30,67,6,110,81,6,87,197
05/10/2022,TRI,TN,ASO,ES,Combined TRACON& Tower with Radar,8,32,27,5,72,0,0,51,7,58,8,32,78,12,130,98,12,110,240
05/11/2022,TRI,TN,ASO,ES,Combined TRACON& Tower with Radar,9,26,23,0,58,0,0,51,2,53,9,26,74,2,111,166,0,166,277
05/12/2022,TRI,TN,ASO,ES,Combined TRACON& Tower with Radar,12,24,35,13,84,0,0,62,4,66,12,24,97,17,150,112,2,114,264
05/13/2022,TRI,TN,ASO,ES,Combined TRACON& Tower with Radar,8,37,23,15,83,0,0,23,4,27,8,37,46,19,110,48,0,48,158
05/14/2022,TRI,TN,ASO,ES,Combined TRACON& Tower with Radar,7,19,13,2,41,0,0,25,0,25,7,19,38,2,66,32,0,32,98
05/15/2022,TRI,TN,ASO,ES,Combined TRACON& Tower with Radar,10,22,23,0,55,0,0,29,0,29,10,22,52,0,84,44,0,44,128
05/16/2022,TRI,TN,ASO,ES,Combined TRACON& Tower with Radar,7,21,16,0,44,0,0,18,0,18,7,21,34,0,62,8,0,8,70
05/17/2022,TRI,TN,ASO,ES,Combined TRACON& Tower with Radar,12,19,30,5,66,0,0,59,4,63,12,19,89,9,129,88,6,94,223
05/18/2022,TRI,TN,ASO,ES,Combined TRACON& Tower with Radar,8,17,31,31,87,0,0,46,0,46,8,17,77,31,133,90,0,90,223
05/19/2022,TRI,TN,ASO,ES,Combined TRACON& Tower with Radar,8,25,22,0,55,0,0,10,0,10,8,25,32,0,65,72,0,72,137
05/20/2022,TRI,TN,ASO,ES,Combined TRACON& Tower with Radar,10,30,25,0,65,0,0,34,0,34,10,30,59,0,99,54,0,54,153
05/21/2022,TRI,TN,ASO,ES,Combined TRACON& Tower with Radar,9,15,23,0,47,0,0,29,0,29,9,15,52,0,76,10,0,10,86
05/22/2022,TRI,TN,ASO,ES,Combined TRACON& Tower with Radar,9,22,22,0,53,0,0,13,0,13,9,22,35,0,66,10,0,10,76
05/23/2022,TRI,TN,ASO,ES,Combined TRACON& Tower with Radar,10,25,19,0,54,0,0,0,0,0,10,25,19,0,54,0,0,0,54
05/24/2022,TRI,TN,ASO,ES,Combined TRACON& Tower with Radar,8,21,21,18,68,0,0,15,0,15,8,21,36,18,83,72,4,76,159
05/25/2022,TRI,TN,ASO,ES,Combined TRACON& Tower with Radar,8,20,43,0,71,0,0,52,0,52,8,20,95,0,123,56,0,56,179
05/26/2022,TRI,TN,ASO,ES,Combined TRACON& Tower with Radar,8,29,21,0,58,0,0,5,0,5,8,29,26,0,63,4,0,4,67
05/27/2022,TRI,TN,ASO,ES,Combined TRACON& Tower with Radar,11,26,14,0,51,0,0,5,0,5,11,26,19,0,56,14,0,14,70
05/28/2022,TRI,TN,ASO,ES,Combined TRACON& Tower with Radar,8,14,20,0,42,0,0,24,0,24,8,14,44,0,66,48,0,48,114
05/29/2022,TRI,TN,ASO,ES,Combined TRACON& Tower with Radar,12,14,11,0,37,0,2,42,0,44,12,16,53,0,81,108,0,108,189
05/30/2022,TRI,TN,ASO,ES,Combined TRACON& Tower with Radar,9,20,19,0,48,0,0,17,0,17,9,20,36,0,65,63,0,63,128
05/31/2022,TRI,TN,ASO,ES,Combined TRACON& Tower with Radar,8,16,22,4,50,0,0,46,0,46,8,16,68,4,96,120,0,120,216
06/01/2022,TRI,TN,ASO,ES,Combined TRACON& Tower with Radar,7,17,25,3,52,0,0,43,1,44,7,17,68,4,96,96,12,108,204
06/02/2022,TRI,TN,ASO,ES,Combined TRACON& Tower with Radar,10,21,15,0,46,0,0,23,0,23,10,21,38,0,69,20,0,20,89
06/03/2022,TRI,TN,ASO,ES,Combined TRACON& Tower with Radar,9,27,27,0,63,0,0,20,0,20,9,27,47,0,83,78,0,78,161
06/04/2022,TRI,TN,ASO,ES,Combined TRACON& Tower with Radar,10,15,23,0,48,0,0,28,0,28,10,15,51,0,76,62,0,62,138
06/05/2022,TRI,TN,ASO,ES,Combined TRACON& Tower with Radar,10,27,37,0,74,0,0,27,0,27,10,27,64,0,101,48,0,48,149
06/06/2022,TRI,TN,ASO,ES,Combined TRACON& Tower with Radar,11,22,35,0,68,0,0,27,0,27,11,22,62,0,95,78,0,78,173
06/07/2022,TRI,TN,ASO,ES,Combined TRACON& Tower with Radar,12,21,31,0,64,0,0,6,0,6,12,21,37,0,70,6,0,6,76
06/08/2022,TRI,TN,ASO,ES,Combined TRACON& Tower with Radar,10,16,21,0,47,0,0,15,0,15,10,16,36,0,62,44,0,44,106
06/09/2022,TRI,TN,ASO,ES,Combined TRACON& Tower with Radar,12,22,29,8,71,0,1,22,0,23,12,23,51,8,94,30,10,40,134
06/10/2022,TRI,TN,ASO,ES,Combined TRACON& Tower with Radar,10,24,18,30,82,0,0,47,0,47,10,24,65,30,129,140,2,142,271
06/11/2022,TRI,TN,ASO,ES,Combined TRACON& Tower with Radar,9,24,13,0,46,0,0,14,0,14,9,24,27,0,60,26,0,26,86
06/12/2022,TRI,TN,ASO,ES,Combined TRACON& Tower with Radar,11,23,16,0,50,0,0,22,0,22,11,23,38,0,72,12,0,12,84
06/13/2022,TRI,TN,ASO,ES,Combined TRACON& Tower with Radar,11,20,32,0,63,0,0,26,2,28,11,20,58,2,91,146,0,146,237
06/14/2022,TRI,TN,ASO,ES,Combined TRACON& Tower with Radar,9,17,35,0,61,0,0,33,0,33,9,17,68,0,94,38,0,38,132
06/15/2022,TRI,TN,ASO,ES,Combined TRACON& Tower with Radar,11,29,35,2,77,0,0,25,0,25,11,29,60,2,102,66,0,66,168
06/16/2022,TRI,TN,ASO,ES,Combined TRACON& Tower with Radar,14,15,45,4,78,0,0,35,0,35,14,15,80,4,113,30,0,30,143
06/17/2022,TRI,TN,ASO,ES,Combined TRACON& Tower with Radar,7,25,39,19,90,0,0,12,0,12,7,25,51,19,102,28,0,28,130
06/18/2022,TRI,TN,ASO,ES,Combined TRACON& Tower with Radar,9,18,21,0,48,0,0,14,0,14,9,18,35,0,62,38,0,38,100
06/19/2022,TRI,TN,ASO,ES,Combined TRACON& Tower with Radar,12,24,35,0,71,0,0,26,0,26,12,24,61,0,97,10,0,10,107
06/20/2022,TRI,TN,ASO,ES,Combined TRACON& Tower with Radar,9,27,21,1,58,0,0,40,1,41,9,27,61,2,99,98,0,98,197
06/21/2022,TRI,TN,ASO,ES,Combined TRACON& Tower with Radar,10,21,21,0,52,0,0,42,0,42,10,21,63,0,94,52,0,52,146
06/22/2022,TRI,TN,ASO,ES,Combined TRACON& Tower with Radar,11,28,37,8,84,0,0,40,0,40,11,28,77,8,124,16,6,22,146
06/23/2022,TRI,TN,ASO,ES,Combined TRACON& Tower with Radar,9,21,28,1,59,0,0,29,3,32,9,21,57,4,91,56,0,56,147
06/24/2022,TRI,TN,ASO,ES,Combined TRACON& Tower with Radar,10,24,17,10,61,0,0,29,0,29,10,24,46,10,90,40,6,46,136
06/25/2022,TRI,TN,ASO,ES,Combined TRACON& Tower with Radar,9,21,27,0,57,0,0,43,0,43,9,21,70,0,100,36,0,36,136
06/26/2022,TRI,TN,ASO,ES,Combined TRACON& Tower with Radar,13,18,22,0,53,0,0,2,0,2,13,18,24,0,55,0,0,0,55
06/27/2022,TRI,TN,ASO,ES,Combined TRACON& Tower with Radar,14,26,34,0,74,0,0,26,0,26,14,26,60,0,100,42,0,42,142
06/28/2022,TRI,TN,ASO,ES,Combined TRACON& Tower with Radar,10,17,26,26,79,0,0,51,0,51,10,17,77,26,130,80,0,80,210
06/29/2022,TRI,TN,ASO,ES,Combined TRACON& Tower with Radar,7,22,23,0,52,0,1,33,1,35,7,23,56,1,87,50,0,50,137
06/30/2022,TRI,TN,ASO,ES,Combined TRACON& Tower with Radar,13,29,24,12,78,0,1,45,4,50,13,30,69,16,128,62,14,76,204
07/01/2022,TRI,TN,ASO,ES,Combined TRACON& Tower with Radar,8,23,16,0,47,0,0,46,0,46,8,23,62,0,93,38,0,38,131
07/02/2022,TRI,TN,ASO,ES,Combined TRACON& Tower with Radar,8,21,9,1,39,0,0,11,1,12,8,21,20,2,51,12,0,12,63
07/03/2022,TRI,TN,ASO,ES,Combined TRACON& Tower with Radar,10,21,6,3,40,0,0,4,2,6,10,21,10,5,46,0,0,0,46
07/04/2022,TRI,TN,ASO,ES,Combined TRACON& Tower with Radar,10,15,9,0,34,0,0,12,0,12,10,15,21,0,46,18,0,18,64
07/05/2022,TRI,TN,ASO,ES,Combined TRACON& Tower with Radar,9,19,18,2,48,0,0,31,0,31,9,19,49,2,79,74,0,74,153
07/06/2022,TRI,TN,ASO,ES,Combined TRACON& Tower with Radar,8,17,15,0,40,0,0,19,0,19,8,17,34,0,59,22,0,22,81
07/07/2022,TRI,TN,ASO,ES,Combined TRACON& Tower with Radar,9,22,34,0,65,0,0,18,0,18,9,22,52,0,83,18,0,18,101
07/08/2022,TRI,TN,ASO,ES,Combined TRACON& Tower with Radar,10,22,34,0,66,0,0,26,0,26,10,22,60,0,92,14,0,14,106
07/09/2022,TRI,TN,ASO,ES,Combined TRACON& Tower with Radar,8,20,14,0,42,0,0,0,0,0,8,20,14,0,42,0,0,0,42
07/10/2022,TRI,TN,ASO,ES,Combined TRACON& Tower with Radar,10,19,15,0,44,0,0,2,0,2,10,19,17,0,46,0,0,0,46
07/11/2022,TRI,TN,ASO,ES,Combined TRACON& Tower with Radar,11,22,31,21,85,0,0,36,7,43,11,22,67,28,128,66,16,82,210
07/12/2022,TRI,TN,ASO,ES,Combined TRACON& Tower with Radar,10,15,33,21,79,0,0,20,1,21,10,15,53,22,100,94,4,98,198
07/13/2022,TRI,TN,ASO,ES,Combined TRACON& Tower with Radar,10,16,32,0,58,0,0,32,2,34,10,16,64,2,92,50,0,50,142
07/14/2022,TRI,TN,ASO,ES,Combined TRACON& Tower with Radar,10,22,37,0,69,0,0,52,1,53,10,22,89,1,122,72,0,72,194
07/15/2022,TRI,TN,ASO,ES,Combined TRACON& Tower with Radar,14,20,25,0,59,0,0,43,0,43,14,20,68,0,102,64,0,64,166
07/16/2022,TRI,TN,ASO,ES,Combined TRACON& Tower with Radar,7,18,23,0,48,0,0,28,0,28,7,18,51,0,76,12,0,12,88
07/17/2022,TRI,TN,ASO,ES,Combined TRACON& Tower with Radar,10,15,17,0,42,0,0,14,0,14,10,15,31,0,56,94,0,94,150
07/18/2022,TRI,TN,ASO,ES,Combined TRACON& Tower with Radar,12,20,20,3,55,0,0,13,3,16,12,20,33,6,71,36,0,36,107
07/19/2022,TRI,TN,ASO,ES,Combined TRACON& Tower with Radar,8,23,27,8,66,0,0,23,0,23,8,23,50,8,89,112,8,120,209
07/20/2022,TRI,TN,ASO,ES,Combined TRACON& Tower with Radar,14,24,26,0,64,0,0,42,0,42,14,24,68,0,106,122,0,122,228
07/21/2022,TRI,TN,ASO,ES,Combined TRACON& Tower with Radar,10,20,35,3,68,0,0,33,2,35,10,20,68,5,103,22,10,32,135
07/22/2022,TRI,TN,ASO,ES,Combined TRACON& Tower with Radar,12,22,38,4,76,0,0,44,0,44,12,22,82,4,120,62,0,62,182
07/23/2022,TRI,TN,ASO,ES,Combined TRACON& Tower with Radar,10,17,16,0,43,0,0,14,0,14,10,17,30,0,57,14,0,14,71
07/24/2022,TRI,TN,ASO,ES,Combined TRACON& Tower with Radar,9,16,18,0,43,0,0,45,0,45,9,16,63,0,88,68,0,68,156
07/25/2022,TRI,TN,ASO,ES,Combined TRACON& Tower with Radar,11,21,13,0,45,0,0,4,2,6,11,21,17,2,51,18,0,18,69
07/26/2022,TRI,TN,ASO,ES,Combined TRACON& Tower with Radar,10,26,25,0,61,0,0,11,0,11,10,26,36,0,72,18,0,18,90
07/27/2022,TRI,TN,ASO,ES,Combined TRACON& Tower with Radar,9,24,27,4,64,0,0,20,0,20,9,24,47,4,84,76,0,76,160
07/28/2022,TRI,TN,ASO,ES,Combined TRACON& Tower with Radar,9,25,22,0,56,0,0,10,0,10,9,25,32,0,66,0,0,0,66
07/29/2022,TRI,TN,ASO,ES,Combined TRACON& Tower with Radar,12,21,35,0,68,0,0,3,0,3,12,21,38,0,71,0,0,0,71
07/30/2022,TRI,TN,ASO,ES,Combined TRACON& Tower with Radar,8,15,18,0,41,0,0,20,0,20,8,15,38,0,61,94,0,94,155
07/31/2022,TRI,TN,ASO,ES,Combined TRACON& Tower with Radar,9,27,22,0,58,0,0,1,0,1,9,27,23,0,59,14,0,14,73
08/01/2022,TRI,TN,ASO,ES,Combined TRACON& Tower with Radar,10,18,25,0,53,0,0,5,2,7,10,18,30,2,60,0,0,0,60
08/02/2022,TRI,TN,ASO,ES,Combined TRACON& Tower with Radar,8,21,31,8,68,0,0,41,0,41,8,21,72,8,109,51,6,57,166
08/03/2022,TRI,TN,ASO,ES,Combined TRACON& Tower with Radar,8,25,37,2,72,0,2,45,0,47,8,27,82,2,119,84,0,84,203
08/04/2022,TRI,TN,ASO,ES,Combined TRACON& Tower with Radar,10,20,44,2,76,0,0,34,2,36,10,20,78,4,112,78,0,78,190
08/05/2022,TRI,TN,ASO,ES,Combined TRACON& Tower with Radar,10,22,24,2,58,0,0,39,0,39,10,22,63,2,97,82,0,82,179
08/06/2022,TRI,TN,ASO,ES,Combined TRACON& Tower with Radar,7,19,9,1,36,0,0,19,0,19,7,19,28,1,55,40,2,42,97
08/07/2022,TRI,TN,ASO,ES,Combined TRACON& Tower with Radar,9,24,14,0,47,0,0,31,0,31,9,24,45,0,78,46,0,46,124
08/08/2022,TRI,TN,ASO,ES,Combined TRACON& Tower with Radar,10,21,29,8,68,0,0,35,0,35,10,21,64,8,103,38,8,46,149
08/09/2022,TRI,TN,ASO,ES,Combined TRACON& Tower with Radar,9,27,48,0,84,0,0,27,1,28,9,27,75,1,112,27,0,27,139
08/10/2022,TRI,TN,ASO,ES,Combined TRACON& Tower with Radar,7,27,24,0,58,0,0,21,2,23,7,27,45,2,81,90,0,90,171
08/11/2022,TRI,TN,ASO,ES,Combined TRACON& Tower with Radar,10,33,36,0,79,0,0,21,0,21,10,33,57,0,100,20,0,20,120
08/12/2022,TRI,TN,ASO,ES,Combined TRACON& Tower with Radar,11,24,35,3,73,0,0,55,3,58,11,24,90,6,131,96,0,96,227
08/13/2022,TRI,TN,ASO,ES,Combined TRACON& Tower with Radar,8,19,15,0,42,0,0,71,0,71,8,19,86,0,113,52,0,52,165
08/14/2022,TRI,TN,ASO,ES,Combined TRACON& Tower with Radar,10,24,24,5,63,0,0,44,2,46,10,24,68,7,109,62,0,62,171
08/15/2022,TRI,TN,ASO,ES,Combined TRACON& Tower with Radar,10,25,19,0,54,0,0,8,0,8,10,25,27,0,62,42,0,42,104
08/16/2022,TRI,TN,ASO,ES,Combined TRACON& Tower with Radar,10,18,23,22,73,0,0,30,0,30,10,18,53,22,103,144,0,144,247
08/17/2022,TRI,TN,ASO,ES,Combined TRACON& Tower with Radar,10,28,22,10,70,0,2,48,2,52,10,30,70,12,122,52,4,56,178
08/18/2022,TRI,TN,ASO,ES,Combined TRACON& Tower with Radar,10,25,23,0,58,0,0,49,0,49,10,25,72,0,107,84,0,84,191
08/19/2022,TRI,TN,ASO,ES,Combined TRACON& Tower with Radar,9,24,17,1,51,0,0,35,2,37,9,24,52,3,88,68,0,68,156
08/20/2022,TRI,TN,ASO,ES,Combined TRACON& Tower with Radar,6,16,22,0,44,0,0,34,0,34,6,16,56,0,78,74,0,74,152
08/21/2022,TRI,TN,ASO,ES,Combined TRACON& Tower with Radar,12,24,13,0,49,0,0,2,0,2,12,24,15,0,51,56,0,56,107
08/22/2022,TRI,TN,ASO,ES,Combined TRACON& Tower with Radar,8,26,22,6,62,0,0,16,0,16,8,26,38,6,78,30,0,30,108
08/23/2022,TRI,TN,ASO,ES,Combined TRACON& Tower with Radar,8,20,33,14,75,0,0,53,0,53,8,20,86,14,128,58,0,58,186
08/24/2022,TRI,TN,ASO,ES,Combined TRACON& Tower with Radar,8,21,36,9,74,0,0,47,3,50,8,21,83,12,124,68,0,68,192
08/25/2022,TRI,TN,ASO,ES,Combined TRACON& Tower with Radar,10,25,30,0,65,0,0,27,2,29,10,25,57,2,94,40,0,40,134
08/26/2022,TRI,TN,ASO,ES,Combined TRACON& Tower with Radar,8,28,25,0,61,0,0,10,1,11,8,28,35,1,72,10,0,10,82
08/27/2022,TRI,TN,ASO,ES,Combined TRACON& Tower with Radar,8,19,15,0,42,0,0,33,2,35,8,19,48,2,77,48,0,48,125
08/28/2022,TRI,TN,ASO,ES,Combined TRACON& Tower with Radar,12,20,26,0,58,0,0,34,0,34,12,20,60,0,92,36,0,36,128
08/29/2022,TRI,TN,ASO,ES,Combined TRACON& Tower with Radar,8,22,31,2,63,0,0,36,2,38,8,22,67,4,101,64,6,70,171
08/30/2022,TRI,TN,ASO,ES,Combined TRACON& Tower with Radar,7,22,28,0,57,0,0,13,0,13,7,22,41,0,70,82,0,82,152
08/31/2022,TRI,TN,ASO,ES,Combined TRACON& Tower with Radar,8,17,31,4,60,0,0,37,0,37,8,17,68,4,97,34,10,44,141
09/01/2022,TRI,TN,ASO,ES,Combined TRACON& Tower with Radar,9,19,25,14,67,0,0,34,0,34,9,19,59,14,101,44,0,44,145
09/02/2022,TRI,TN,ASO,ES,Combined TRACON& Tower with Radar,7,23,17,0,47,0,0,31,0,31,7,23,48,0,78,88,0,88,166
09/03/2022,TRI,TN,ASO,ES,Combined TRACON& Tower with Radar,4,11,12,0,27,0,0,25,0,25,4,11,37,0,52,68,0,68,120
09/04/2022,TRI,TN,ASO,ES,Combined TRACON& Tower with Radar,10,17,19,0,46,0,0,16,0,16,10,17,35,0,62,18,0,18,80
09/05/2022,TRI,TN,ASO,ES,Combined TRACON& Tower with Radar,12,13,13,0,38,0,0,0,0,0,12,13,13,0,38,10,0,10,48
09/06/2022,TRI,TN,ASO,ES,Combined TRACON& Tower with Radar,10,12,33,24,79,0,0,16,0,16,10,12,49,24,95,38,0,38,133
09/07/2022,TRI,TN,ASO,ES,Combined TRACON& Tower with Radar,7,20,38,0,65,0,0,24,0,24,7,20,62,0,89,82,0,82,171
09/08/2022,TRI,TN,ASO,ES,Combined TRACON& Tower with Radar,9,21,38,10,78,0,0,42,8,50,9,21,80,18,128,102,14,116,244
09/09/2022,TRI,TN,ASO,ES,Combined TRACON& Tower with Radar,6,28,27,24,85,0,0,47,4,51,6,28,74,28,136,56,10,66,202
09/10/2022,TRI,TN,ASO,ES,Combined TRACON& Tower with Radar,4,16,21,6,47,0,0,1,0,1,4,16,22,6,48,4,0,4,52
09/11/2022,TRI,TN,ASO,ES,Combined TRACON& Tower with Radar,9,27,22,0,58,0,0,16,0,16,9,27,38,0,74,116,0,116,190
09/12/2022,TRI,TN,ASO,ES,Combined TRACON& Tower with Radar,11,13,22,2,48,0,0,8,4,12,11,13,30,6,60,46,0,46,106
09/13/2022,TRI,TN,ASO,ES,Combined TRACON& Tower with Radar,9,22,24,4,59,0,0,48,0,48,9,22,72,4,107,72,0,72,179
09/14/2022,TRI,TN,ASO,ES,Combined TRACON& Tower with Radar,12,19,40,7,78,0,0,41,2,43,12,19,81,9,121,98,8,106,227
09/15/2022,TRI,TN,ASO,ES,Combined TRACON& Tower with Radar,21,21,54,35,131,0,0,45,2,47,21,21,99,37,178,42,0,42,220
09/16/2022,TRI,TN,ASO,ES,Combined TRACON& Tower with Radar,17,25,55,1,98,0,0,53,2,55,17,25,108,3,153,52,0,52,205
09/17/2022,TRI,TN,ASO,ES,Combined TRACON& Tower with Radar,15,22,55,12,104,0,0,39,2,41,15,22,94,14,145,62,4,66,211
09/18/2022,TRI,TN,ASO,ES,Combined TRACON& Tower with Radar,20,12,46,1,79,0,4,38,0,42,20,16,84,1,121,92,0,92,213
09/19/2022,TRI,TN,ASO,ES,Combined TRACON& Tower with Radar,12,15,28,2,57,0,0,38,0,38,12,15,66,2,95,58,0,58,153
09/20/2022,TRI,TN,ASO,ES,Combined TRACON& Tower with Radar,10,25,18,11,64,0,0,34,0,34,10,25,52,11,98,34,0,34,132
09/21/2022,TRI,TN,ASO,ES,Combined TRACON& Tower with Radar,10,19,27,8,64,0,0,40,4,44,10,19,67,12,108,30,0,30,138
09/22/2022,TRI,TN,ASO,ES,Combined TRACON& Tower with Radar,13,20,29,2,64,0,0,26,0,26,13,20,55,2,90,38,0,38,128
09/23/2022,TRI,TN,ASO,ES,Combined TRACON& Tower with Radar,12,16,29,3,60,0,0,49,2,51,12,16,78,5,111,36,16,52,163
09/24/2022,TRI,TN,ASO,ES,Combined TRACON& Tower with Radar,10,15,23,0,48,0,0,51,0,51,10,15,74,0,99,74,0,74,173
09/25/2022,TRI,TN,ASO,ES,Combined TRACON& Tower with Radar,14,32,28,1,75,0,0,6,0,6,14,32,34,1,81,36,0,36,117
09/26/2022,TRI,TN,ASO,ES,Combined TRACON& Tower with Radar,12,22,25,9,68,0,0,15,0,15,12,22,40,9,83,8,0,8,91
09/27/2022,TRI,TN,ASO,ES,Combined TRACON& Tower with Radar,10,22,35,0,67,0,0,37,0,37,10,22,72,0,104,36,0,36,140
09/28/2022,TRI,TN,ASO,ES,Combined TRACON& Tower with Radar,10,17,39,2,68,0,0,33,2,35,10,17,72,4,103,38,0,38,141
09/29/2022,TRI,TN,ASO,ES,Combined TRACON& Tower with Radar,12,21,40,8,81,0,0,39,0,39,12,21,79,8,120,38,0,38,158
09/30/2022,TRI,TN,ASO,ES,Combined TRACON& Tower with Radar,10,23,29,0,62,0,0,15,0,15,10,23,44,0,77,44,0,44,121
10/01/2022,TRI,TN,ASO,ES,Combined TRACON& Tower with Radar,7,18,11,0,36,0,0,0,0,0,7,18,11,0,36,0,0,0,36
10/02/2022,TRI,TN,ASO,ES,Combined TRACON& Tower with Radar,14,18,33,2,67,0,0,2,0,2,14,18,35,2,69,8,0,8,77
10/03/2022,TRI,TN,ASO,ES,Combined TRACON& Tower with Radar,9,18,19,4,50,0,0,17,0,17,9,18,36,4,67,106,8,114,181
10/04/2022,TRI,TN,ASO,ES,Combined TRACON& Tower with Radar,9,20,37,0,66,0,0,41,0,41,9,20,78,0,107,40,0,40,147
10/05/2022,TRI,TN,ASO,ES,Combined TRACON& Tower with Radar,9,28,32,5,74,0,1,59,7,67,9,29,91,12,141,34,4,38,179
10/06/2022,TRI,TN,ASO,ES,Combined TRACON& Tower with Radar,13,24,23,0,60,0,0,45,0,45,13,24,68,0,105,34,0,34,139
10/07/2022,TRI,TN,ASO,ES,Combined TRACON& Tower with Radar,12,22,31,7,72,0,0,43,0,43,12,22,74,7,115,56,0,56,171
10/08/2022,TRI,TN,ASO,ES,Combined TRACON& Tower with Radar,11,14,17,0,42,0,0,69,0,69,11,14,86,0,111,14,0,14,125
10/09/2022,TRI,TN,ASO,ES,Combined TRACON& Tower with Radar,16,15,25,0,56,0,0,39,0,39,16,15,64,0,95,10,0,10,105
10/10/2022,TRI,TN,ASO,ES,Combined TRACON& Tower with Radar,12,16,27,0,55,0,0,38,0,38,12,16,65,0,93,42,0,42,135
10/11/2022,TRI,TN,ASO,ES,Combined TRACON& Tower with Radar,12,18,30,13,73,0,1,45,0,46,12,19,75,13,119,6,12,18,137
10/12/2022,TRI,TN,ASO,ES,Combined TRACON& Tower with Radar,12,18,31,29,90,0,0,23,1,24,12,18,54,30,114,30,8,38,152
10/13/2022,TRI,TN,ASO,ES,Combined TRACON& Tower with Radar,14,18,31,14,77,0,0,14,0,14,14,18,45,14,91,2,0,2,93
10/14/2022,TRI,TN,ASO,ES,Combined TRACON& Tower with Radar,11,15,24,11,61,0,0,26,11,37,11,15,50,22,98,42,16,58,156
10/15/2022,TRI,TN,ASO,ES,Combined TRACON& Tower with Radar,11,14,11,4,40,0,0,25,0,25,11,14,36,4,65,4,4,8,73
10/16/2022,TRI,TN,ASO,ES,Combined TRACON& Tower with Radar,16,8,16,2,42,0,0,29,0,29,16,8,45,2,71,52,0,52,123
10/17/2022,TRI,TN,ASO,ES,Combined TRACON& Tower with Radar,12,22,28,0,62,0,0,14,0,14,12,22,42,0,76,36,0,36,112
10/18/2022,TRI,TN,ASO,ES,Combined TRACON& Tower with Radar,12,12,29,0,53,0,0,23,5,28,12,12,52,5,81,82,0,82,163
10/19/2022,TRI,TN,ASO,ES,Combined TRACON& Tower with Radar,12,18,36,1,67,0,0,34,9,43,12,18,70,10,110,40,0,40,150
10/20/2022,TRI,TN,ASO,ES,Combined TRACON& Tower with Radar,13,18,24,2,57,0,0,29,2,31,13,18,53,4,88,40,8,48,136
10/21/2022,TRI,TN,ASO,ES,Combined TRACON& Tower with Radar,12,17,36,0,65,0,2,52,0,54,12,19,88,0,119,18,0,18,137
10/22/2022,TRI,TN,ASO,ES,Combined TRACON& Tower with Radar,10,22,10,0,42,0,0,37,0,37,10,22,47,0,79,34,0,34,113
10/23/2022,TRI,TN,ASO,ES,Combined TRACON& Tower with Radar,14,14,19,0,47,0,0,26,0,26,14,14,45,0,73,6,0,6,79
10/24/2022,TRI,TN,ASO,ES,Combined TRACON& Tower with Radar,14,15,15,18,62,0,0,22,4,26,14,15,37,22,88,94,0,94,182
10/25/2022,TRI,TN,ASO,ES,Combined TRACON& Tower with Radar,12,19,23,0,54,0,0,34,2,36,12,19,57,2,90,96,0,96,186
10/26/2022,TRI,TN,ASO,ES,Combined TRACON& Tower with Radar,12,16,45,0,73,0,0,10,0,10,12,16,55,0,83,0,0,0,83
10/27/2022,TRI,TN,ASO,ES,Combined TRACON& Tower with Radar,14,18,45,7,84,0,0,36,0,36,14,18,81,7,120,72,0,72,192
10/28/2022,TRI,TN,ASO,ES,Combined TRACON& Tower with Radar,14,19,26,0,59,0,0,35,0,35,14,19,61,0,94,66,0,66,160
10/29/2022,TRI,TN,ASO,ES,Combined TRACON& Tower with Radar,10,10,12,0,32,0,0,35,0,35,10,10,47,0,67,78,0,78,145
10/30/2022,TRI,TN,ASO,ES,Combined TRACON& Tower with Radar,10,12,9,0,31,0,0,17,0,17,10,12,26,0,48,54,0,54,102
10/31/2022,TRI,TN,ASO,ES,Combined TRACON& Tower with Radar,6,13,11,12,42,0,0,6,0,6,6,13,17,12,48,24,0,24,72
11/01/2022,TRI,TN,ASO,ES,Combined TRACON& Tower with Radar,12,12,21,11,56,0,1,35,0,36,12,13,56,11,92,146,16,162,254
11/02/2022,TRI,TN,ASO,ES,Combined TRACON& Tower with Radar,12,13,22,2,49,0,0,43,0,43,12,13,65,2,92,84,0,84,176
11/03/2022,TRI,TN,ASO,ES,Combined TRACON& Tower with Radar,14,17,13,6,50,0,2,38,2,42,14,19,51,8,92,80,4,84,176
11/04/2022,TRI,TN,ASO,ES,Combined TRACON& Tower with Radar,12,12,23,0,47,0,0,38,2,40,12,12,61,2,87,58,0,58,145
11/05/2022,TRI,TN,ASO,ES,Combined TRACON& Tower with Radar,9,9,6,0,24,0,0,11,0,11,9,9,17,0,35,4,0,4,39
11/06/2022,TRI,TN,ASO,ES,Combined TRACON& Tower with Radar,12,10,18,0,40,0,0,36,0,36,12,10,54,0,76,46,0,46,122
11/07/2022,TRI,TN,ASO,ES,Combined TRACON& Tower with Radar,8,17,27,2,54,0,0,11,7,18,8,17,38,9,72,46,0,46,118
11/08/2022,TRI,TN,ASO,ES,Combined TRACON& Tower with Radar,8,17,34,2,61,0,1,40,0,41,8,18,74,2,102,78,0,78,180
11/09/2022,TRI,TN,ASO,ES,Combined TRACON& Tower with Radar,12,13,28,0,53,0,0,34,0,34,12,13,62,0,87,66,0,66,153
11/10/2022,TRI,TN,ASO,ES,Combined TRACON& Tower with Radar,12,19,29,2,62,0,0,23,0,23,12,19,52,2,85,46,0,46,131
11/11/2022,TRI,TN,ASO,ES,Combined TRACON& Tower with Radar,12,19,13,0,44,0,0,3,0,3,12,19,16,0,47,0,0,0,47
11/12/2022,TRI,TN,ASO,ES,Combined TRACON& Tower with Radar,12,8,18,0,38,0,0,5,0,5,12,8,23,0,43,0,0,0,43
11/13/2022,TRI,TN,ASO,ES,Combined TRACON& Tower with Radar,14,9,13,0,36,0,0,15,2,17,14,9,28,2,53,46,0,46,99
11/14/2022,TRI,TN,ASO,ES,Combined TRACON& Tower with Radar,12,14,30,30,86,0,2,51,0,53,12,16,81,30,139,106,10,116,255
11/15/2022,TRI,TN,ASO,ES,Combined TRACON& Tower with Radar,12,15,19,0,46,0,0,1,0,1,12,15,20,0,47,0,0,0,47
11/16/2022,TRI,TN,ASO,ES,Combined TRACON& Tower with Radar,12,17,34,21,84,0,0,16,0,16,12,17,50,21,100,132,14,146,246
11/17/2022,TRI,TN,ASO,ES,Combined TRACON& Tower with Radar,14,11,35,2,62,0,0,19,0,19,14,11,54,2,81,76,0,76,157
11/18/2022,TRI,TN,ASO,ES,Combined TRACON& Tower with Radar,14,18,39,16,87,0,0,25,4,29,14,18,64,20,116,28,14,42,158
11/19/2022,TRI,TN,ASO,ES,Combined TRACON& Tower with Radar,14,6,18,0,38,0,0,9,0,9,14,6,27,0,47,2,0,2,49
11/20/2022,TRI,TN,ASO,ES,Combined TRACON& Tower with Radar,14,17,20,0,51,0,1,7,0,8,14,18,27,0,59,12,0,12,71
11/21/2022,TRI,TN,ASO,ES,Combined TRACON& Tower with Radar,12,13,28,20,73,0,0,20,2,22,12,13,48,22,95,14,8,22,117
11/22/2022,TRI,TN,ASO,ES,Combined TRACON& Tower with Radar,15,15,20,22,72,0,0,16,2,18,15,15,36,24,90,26,30,56,146
11/23/2022,TRI,TN,ASO,ES,Combined TRACON& Tower with Radar,12,23,27,0,62,0,0,20,0,20,12,23,47,0,82,52,0,52,134
11/24/2022,TRI,TN,ASO,ES,Combined TRACON& Tower with Radar,6,6,12,0,24,0,0,7,0,7,6,6,19,0,31,0,0,0,31
11/25/2022,TRI,TN,ASO,ES,Combined TRACON& Tower with Radar,10,10,10,0,30,0,0,6,0,6,10,10,16,0,36,76,0,76,112
11/26/2022,TRI,TN,ASO,ES,Combined TRACON& Tower with Radar,15,12,28,0,55,0,0,14,0,14,15,12,42,0,69,32,0,32,101
11/27/2022,TRI,TN,ASO,ES,Combined TRACON& Tower with Radar,11,20,12,0,43,0,0,0,0,0,11,20,12,0,43,0,0,0,43
11/28/2022,TRI,TN,ASO,ES,Combined TRACON& Tower with Radar,16,13,25,11,65,0,0,10,0,10,16,13,35,11,75,62,14,76,151
11/29/2022,TRI,TN,ASO,ES,Combined TRACON& Tower with Radar,12,15,20,17,64,0,0,16,0,16,12,15,36,17,80,42,16,58,138
11/30/2022,TRI,TN,ASO,ES,Combined TRACON& Tower with Radar,14,14,29,9,66,0,0,8,1,9,14,14,37,10,75,2,10,12,87
12/01/2022,TRI,TN,ASO,ES,Combined TRACON& Tower with Radar,18,9,29,6,62,0,0,12,0,12,18,9,41,6,74,40,6,46,120
12/02/2022,TRI,TN,ASO,ES,Combined TRACON& Tower with Radar,14,6,38,0,58,0,0,29,2,31,14,6,67,2,89,138,0,138,227
12/03/2022,TRI,TN,ASO,ES,Combined TRACON& Tower with Radar,14,3,21,0,38,0,0,0,0,0,14,3,21,0,38,0,0,0,38
12/04/2022,TRI,TN,ASO,ES,Combined TRACON& Tower with Radar,18,8,27,0,53,0,0,22,0,22,18,8,49,0,75,46,0,46,121
12/05/2022,TRI,TN,ASO,ES,Combined TRACON& Tower with Radar,14,15,26,0,55,0,0,19,2,21,14,15,45,2,76,58,0,58,134
12/06/2022,TRI,TN,ASO,ES,Combined TRACON& Tower with Radar,16,15,14,0,45,0,0,0,0,0,16,15,14,0,45,0,0,0,45
12/07/2022,TRI,TN,ASO,ES,Combined TRACON& Tower with Radar,13,14,24,0,51,0,0,0,0,0,13,14,24,0,51,0,0,0,51
12/08/2022,TRI,TN,ASO,ES,Combined TRACON& Tower with Radar,19,9,15,0,43,0,0,0,0,0,19,9,15,0,43,0,0,0,43
12/09/2022,TRI,TN,ASO,ES,Combined TRACON& Tower with Radar,16,9,17,0,42,0,0,4,0,4,16,9,21,0,46,18,0,18,64
12/10/2022,TRI,TN,ASO,ES,Combined TRACON& Tower with Radar,14,5,13,0,32,0,0,5,0,5,14,5,18,0,37,34,0,34,71
12/11/2022,TRI,TN,ASO,ES,Combined TRACON& Tower with Radar,18,9,15,0,42,0,0,0,0,0,18,9,15,0,42,0,0,0,42
12/12/2022,TRI,TN,ASO,ES,Combined TRACON& Tower with Radar,14,13,51,12,90,0,0,26,2,28,14,13,77,14,118,34,12,46,164
12/13/2022,TRI,TN,ASO,ES,Combined TRACON& Tower with Radar,14,12,48,1,75,0,0,27,1,28,14,12,75,2,103,118,0,118,221
12/14/2022,TRI,TN,ASO,ES,Combined TRACON& Tower with Radar,14,10,26,2,52,0,0,3,0,3,14,10,29,2,55,50,0,50,105
12/15/2022,TRI,TN,ASO,ES,Combined TRACON& Tower with Radar,12,18,31,12,73,0,0,12,3,15,12,18,43,15,88,0,10,10,98
12/16/2022,TRI,TN,ASO,ES,Combined TRACON& Tower with Radar,15,11,49,0,75,0,0,35,0,35,15,11,84,0,110,72,0,72,182
12/17/2022,TRI,TN,ASO,ES,Combined TRACON& Tower with Radar,10,8,11,1,30,0,0,6,1,7,10,8,17,2,37,2,0,2,39
12/18/2022,TRI,TN,ASO,ES,Combined TRACON& Tower with Radar,10,10,16,0,36,0,0,8,0,8,10,10,24,0,44,36,0,36,80
12/19/2022,TRI,TN,ASO,ES,Combined TRACON& Tower with Radar,16,8,42,2,68,0,1,28,2,31,16,9,70,4,99,26,0,26,125
12/20/2022,TRI,TN,ASO,ES,Combined TRACON& Tower with Radar,12,9,34,2,57,0,0,23,2,25,12,9,57,4,82,68,0,68,150
12/21/2022,TRI,TN,ASO,ES,Combined TRACON& Tower with Radar,14,9,37,10,70,0,0,23,0,23,14,9,60,10,93,44,0,44,137
12/22/2022,TRI,TN,ASO,ES,Combined TRACON& Tower with Radar,14,14,8,0,36,0,0,3,0,3,14,14,11,0,39,40,0,40,79
12/23/2022,TRI,TN,ASO,ES,Combined TRACON& Tower with Radar,14,10,4,0,28,0,0,0,0,0,14,10,4,0,28,0,0,0,28
12/24/2022,TRI,TN,ASO,ES,Combined TRACON& Tower with Radar,5,8,6,0,19,0,0,0,0,0,5,8,6,0,19,0,0,0,19
12/25/2022,TRI,TN,ASO,ES,Combined TRACON& Tower with Radar,9,7,4,0,20,0,0,1,0,1,9,7,5,0,21,0,0,0,21
12/26/2022,TRI,TN,ASO,ES,Combined TRACON& Tower with Radar,15,9,16,0,40,0,1,4,0,5,15,10,20,0,45,34,0,34,79
12/27/2022,TRI,TN,ASO,ES,Combined TRACON& Tower with Radar,12,12,29,0,53,0,0,8,0,8,12,12,37,0,61,30,0,30,91
12/28/2022,TRI,TN,ASO,ES,Combined TRACON& Tower with Radar,14,13,42,0,69,0,0,25,0,25,14,13,67,0,94,18,0,18,112
12/29/2022,TRI,TN,ASO,ES,Combined TRACON& Tower with Radar,14,13,34,2,63,0,0,23,0,23,14,13,57,2,86,16,0,16,102
12/30/2022,TRI,TN,ASO,ES,Combined TRACON& Tower with Radar,14,13,26,0,53,0,0,18,0,18,14,13,44,0,71,80,0,80,151
12/31/2022,TRI,TN,ASO,ES,Combined TRACON& Tower with Radar,7,13,7,1,28,0,0,0,1,1,7,13,7,2,29,0,0,0,29
01/01/2023,TRI,TN,ASO,ES,Combined TRACON& Tower with Radar,8,7,6,0,21,0,0,2,0,2,8,7,8,0,23,16,0,16,39
01/02/2023,TRI,TN,ASO,ES,Combined TRACON& Tower with Radar,13,11,35,0,59,0,0,25,0,25,13,11,60,0,84,94,0,94,178
01/03/2023,TRI,TN,ASO,ES,Combined TRACON& Tower with Radar,11,9,28,6,54,0,0,12,2,14,11,9,40,8,68,38,10,48,116
01/04/2023,TRI,TN,ASO,ES,Combined TRACON& Tower with Radar,12,13,14,0,39,0,0,7,0,7,12,13,21,0,46,4,0,4,50
01/05/2023,TRI,TN,ASO,ES,Combined TRACON& Tower with Radar,15,9,33,6,63,0,0,28,0,28,15,9,61,6,91,60,12,72,163
01/06/2023,TRI,TN,ASO,ES,Combined TRACON& Tower with Radar,12,6,37,24,79,0,0,32,0,32,12,6,69,24,111,74,0,74,185
01/07/2023,TRI,TN,ASO,ES,Combined TRACON& Tower with Radar,8,16,18,0,42,0,0,16,0,16,8,16,34,0,58,58,0,58,116
01/08/2023,TRI,TN,ASO,ES,Combined TRACON& Tower with Radar,14,10,4,0,28,0,0,0,0,0,14,10,4,0,28,0,0,0,28
01/09/2023,TRI,TN,ASO,ES,Combined TRACON& Tower with Radar,12,9,19,0,40,0,0,15,0,15,12,9,34,0,55,34,0,34,89
01/10/2023,TRI,TN,ASO,ES,Combined TRACON& Tower with Radar,11,10,30,22,73,0,0,16,0,16,11,10,46,22,89,16,18,34,123
01/11/2023,TRI,TN,ASO,ES,Combined TRACON& Tower with Radar,12,12,45,9,78,0,1,20,2,23,12,13,65,11,101,62,0,62,163
01/12/2023,TRI,TN,ASO,ES,Combined TRACON& Tower with Radar,21,10,21,24,76,0,0,11,0,11,21,10,32,24,87,42,0,42,129
01/13/2023,TRI,TN,ASO,ES,Combined TRACON& Tower with Radar,16,9,8,0,33,0,0,1,0,1,16,9,9,0,34,0,0,0,34
01/14/2023,TRI,TN,ASO,ES,Combined TRACON& Tower with Radar,10,8,18,0,36,0,0,10,0,10,10,8,28,0,46,58,0,58,104
01/15/2023,TRI,TN,ASO,ES,Combined TRACON& Tower with Radar,18,4,32,0,54,0,0,23,0,23,18,4,55,0,77,104,0,104,181
01/16/2023,TRI,TN,ASO,ES,Combined TRACON& Tower with Radar,14,8,39,0,61,0,0,38,0,38,14,8,77,0,99,40,0,40,139
01/17/2023,TRI,TN,ASO,ES,Combined TRACON& Tower with Radar,12,8,15,2,37,0,0,0,0,0,12,8,15,2,37,0,0,0,37
01/18/2023,TRI,TN,ASO,ES,Combined TRACON& Tower with Radar,12,10,34,2,58,0,0,20,0,20,12,10,54,2,78,42,0,42,120
01/19/2023,TRI,TN,ASO,ES,Combined TRACON& Tower with Radar,20,10,25,7,62,0,0,9,2,11,20,10,34,9,73,6,0,6,79
01/20/2023,TRI,TN,ASO,ES,Combined TRACON& Tower with Radar,16,9,33,0,58,0,0,22,0,22,16,9,55,0,80,46,0,46,126
01/21/2023,TRI,TN,ASO,ES,Combined TRACON& Tower with Radar,14,4,34,0,52,0,0,22,0,22,14,4,56,0,74,90,0,90,164
01/22/2023,TRI,TN,ASO,ES,Combined TRACON& Tower with Radar,22,6,9,0,37,0,0,1,0,1,22,6,10,0,38,46,0,46,84
01/23/2023,TRI,TN,ASO,ES,Combined TRACON& Tower with Radar,14,7,17,0,38,0,0,0,0,0,14,7,17,0,38,0,0,0,38
01/24/2023,TRI,TN,ASO,ES,Combined TRACON& Tower with Radar,14,13,50,0,77,0,0,40,0,40,14,13,90,0,117,16,0,16,133
01/25/2023,TRI,TN,ASO,ES,Combined TRACON& Tower with Radar,15,11,6,2,34,0,0,4,0,4,15,11,10,2,38,0,0,0,38
01/26/2023,TRI,TN,ASO,ES,Combined TRACON& Tower with Radar,20,11,23,0,54,0,0,1,0,1,20,11,24,0,55,0,0,0,55
01/27/2023,TRI,TN,ASO,ES,Combined TRACON& Tower with Radar,18,11,33,0,62,0,0,31,0,31,18,11,64,0,93,36,0,36,129
01/28/2023,TRI,TN,ASO,ES,Combined TRACON& Tower with Radar,14,3,30,0,47,0,1,22,0,23,14,4,52,0,70,70,0,70,140
01/29/2023,TRI,TN,ASO,ES,Combined TRACON& Tower with Radar,20,10,10,0,40,0,0,1,0,1,20,10,11,0,41,0,0,0,41
01/30/2023,TRI,TN,ASO,ES,Combined TRACON& Tower with Radar,12,7,14,16,49,0,0,0,0,0,12,7,14,16,49,0,0,0,49
01/31/2023,TRI,TN,ASO,ES,Combined TRACON& Tower with Radar,10,10,16,0,36,0,0,0,0,0,10,10,16,0,36,0,0,0,36
02/01/2023,TRI,TN,ASO,ES,Combined TRACON& Tower with Radar,10,8,14,0,32,0,0,1,0,1,10,8,15,0,33,0,0,0,33
02/02/2023,TRI,TN,ASO,ES,Combined TRACON& Tower with Radar,19,10,17,6,52,0,0,1,1,2,19,10,18,7,54,2,8,10,64
02/03/2023,TRI,TN,ASO,ES,Combined TRACON& Tower with Radar,16,5,17,0,38,0,1,8,0,9,16,6,25,0,47,2,0,2,49
02/04/2023,TRI,TN,ASO,ES,Combined TRACON& Tower with Radar,17,0,46,0,63,0,0,40,0,40,17,0,86,0,103,114,0,114,217
02/05/2023,TRI,TN,ASO,ES,Combined TRACON& Tower with Radar,22,5,22,0,49,0,0,17,0,17,22,5,39,0,66,36,0,36,102
02/06/2023,TRI,TN,ASO,ES,Combined TRACON& Tower with Radar,17,9,31,14,71,0,0,19,8,27,17,9,50,22,98,22,13,35,133
02/07/2023,TRI,TN,ASO,ES,Combined TRACON& Tower with Radar,12,6,43,12,73,0,0,28,2,30,12,6,71,14,103,68,10,78,181
02/08/2023,TRI,TN,ASO,ES,Combined TRACON& Tower with Radar,14,9,35,30,88,0,0,26,4,30,14,9,61,34,118,26,22,48,166
02/09/2023,TRI,TN,ASO,ES,Combined TRACON& Tower with Radar,20,13,18,0,51,0,0,5,0,5,20,13,23,0,56,0,0,0,56
02/10/2023,TRI,TN,ASO,ES,Combined TRACON& Tower with Radar,16,8,42,0,66,0,0,38,0,38,16,8,80,0,104,42,0,42,146
02/11/2023,TRI,TN,ASO,ES,Combined TRACON& Tower with Radar,16,5,35,0,56,0,1,24,0,25,16,6,59,0,81,66,0,66,147
02/12/2023,TRI,TN,ASO,ES,Combined TRACON& Tower with Radar,18,6,18,0,42,0,0,0,0,0,18,6,18,0,42,0,0,0,42
02/13/2023,TRI,TN,ASO,ES,Combined TRACON& Tower with Radar,14,15,44,0,73,0,0,16,0,16,14,15,60,0,89,6,0,6,95
02/14/2023,TRI,TN,ASO,ES,Combined TRACON& Tower with Radar,12,11,35,14,72,0,0,20,1,21,12,11,55,15,93,22,6,28,121
02/15/2023,TRI,TN,ASO,ES,Combined TRACON& Tower with Radar,17,8,35,9,69,0,0,16,0,16,17,8,51,9,85,22,10,32,117
02/16/2023,TRI,TN,ASO,ES,Combined TRACON& Tower with Radar,20,10,34,0,64,0,0,10,0,10,20,10,44,0,74,22,0,22,96
02/17/2023,TRI,TN,ASO,ES,Combined TRACON& Tower with Radar,18,6,18,0,42,0,0,0,0,0,18,6,18,0,42,0,0,0,42
02/18/2023,TRI,TN,ASO,ES,Combined TRACON& Tower with Radar,16,2,31,0,49,0,0,24,0,24,16,2,55,0,73,34,0,34,107
02/19/2023,TRI,TN,ASO,ES,Combined TRACON& Tower with Radar,22,5,29,1,57,0,0,21,0,21,22,5,50,1,78,16,0,16,94
02/20/2023,TRI,TN,ASO,ES,Combined TRACON& Tower with Radar,18,7,22,1,48,0,0,8,0,8,18,7,30,1,56,0,0,0,56
02/21/2023,TRI,TN,ASO,ES,Combined TRACON& Tower with Radar,19,6,34,13,72,0,1,12,5,18,19,7,46,18,90,22,0,22,112
02/22/2023,TRI,TN,ASO,ES,Combined TRACON& Tower with Radar,21,4,39,29,93,0,1,26,3,30,21,5,65,32,123,38,8,46,169
02/23/2023,TRI,TN,ASO,ES,Combined TRACON& Tower with Radar,21,8,28,0,57,0,3,11,2,16,21,11,39,2,73,38,0,38,111
02/24/2023,TRI,TN,ASO,ES,Combined TRACON& Tower with Radar,18,7,33,7,65,0,1,29,3,33,18,8,62,10,98,110,0,110,208
02/25/2023,TRI,TN,ASO,ES,Combined TRACON& Tower with Radar,16,1,3,0,20,0,0,0,0,0,16,1,3,0,20,0,0,0,20
02/26/2023,TRI,TN,ASO,ES,Combined TRACON& Tower with Radar,22,4,16,4,46,0,0,0,0,0,22,4,16,4,46,0,0,0,46
02/27/2023,TRI,TN,ASO,ES,Combined TRACON& Tower with Radar,20,6,15,8,49,0,0,12,0,12,20,6,27,8,61,0,0,0,61
02/28/2023,TRI,TN,ASO,ES,Combined TRACON& Tower with Radar,17,2,34,0,53,0,0,38,0,38,17,2,72,0,91,26,0,26,117
03/01/2023,TRI,TN,ASO,ES,Combined TRACON& Tower with Radar,18,6,42,1,67,0,0,35,2,37,18,6,77,3,104,38,0,38,142
03/02/2023,TRI,TN,ASO,ES,Combined TRACON& Tower with Radar,22,10,37,0,69,0,0,12,0,12,22,10,49,0,81,92,0,92,173
03/03/2023,TRI,TN,ASO,ES,Combined TRACON& Tower with Radar,16,5,11,0,32,0,0,1,0,1,16,5,12,0,33,0,0,0,33
03/04/2023,TRI,TN,ASO,ES,Combined TRACON& Tower with Radar,14,6,16,6,42,0,0,19,4,23,14,6,35,10,65,90,0,90,155
03/05/2023,TRI,TN,ASO,ES,Combined TRACON& Tower with Radar,20,7,34,0,61,0,1,27,0,28,20,8,61,0,89,88,0,88,177
03/06/2023,TRI,TN,ASO,ES,Combined TRACON& Tower with Radar,15,10,33,4,62,0,0,22,1,23,15,10,55,5,85,4,0,4,89
03/07/2023,TRI,TN,ASO,ES,Combined TRACON& Tower with Radar,14,8,38,10,70,0,0,25,0,25,14,8,63,10,95,14,0,14,109
03/08/2023,TRI,TN,ASO,ES,Combined TRACON& Tower with Radar,16,10,28,5,59,0,0,13,3,16,16,10,41,8,75,44,10,54,129
03/09/2023,TRI,TN,ASO,ES,Combined TRACON& Tower with Radar,22,8,37,8,75,0,1,17,5,23,22,9,54,13,98,52,24,76,174
03/10/2023,TRI,TN,ASO,ES,Combined TRACON& Tower with Radar,18,11,14,0,43,0,0,2,0,2,18,11,16,0,45,0,0,0,45
03/11/2023,TRI,TN,ASO,ES,Combined TRACON& Tower with Radar,14,7,29,0,50,0,0,25,0,25,14,7,54,0,75,34,0,34,109
03/12/2023,TRI,TN,ASO,ES,Combined TRACON& Tower with Radar,20,3,10,0,33,0,0,0,0,0,20,3,10,0,33,0,0,0,33
03/13/2023,TRI,TN,ASO,ES,Combined TRACON& Tower with Radar,18,10,26,4,58,0,0,8,0,8,18,10,34,4,66,12,0,12,78
03/14/2023,TRI,TN,ASO,ES,Combined TRACON& Tower with Radar,16,5,23,0,44,0,0,10,0,10,16,5,33,0,54,26,0,26,80
03/15/2023,TRI,TN,ASO,ES,Combined TRACON& Tower with Radar,18,8,45,6,77,0,0,23,0,23,18,8,68,6,100,38,0,38,138
03/16/2023,TRI,TN,ASO,ES,Combined TRACON& Tower with Radar,22,9,36,12,79,0,0,19,0,19,22,9,55,12,98,12,0,12,110
03/17/2023,TRI,TN,ASO,ES,Combined TRACON& Tower with Radar,19,6,12,2,39,0,0,1,0,1,19,6,13,2,40,4,0,4,44
03/18/2023,TRI,TN,ASO,ES,Combined TRACON& Tower with Radar,14,5,20,0,39,0,0,11,0,11,14,5,31,0,50,4,0,4,54
03/19/2023,TRI,TN,ASO,ES,Combined TRACON& Tower with Radar,22,12,21,0,55,0,0,6,2,8,22,12,27,2,63,6,0,6,69
03/20/2023,TRI,TN,ASO,ES,Combined TRACON& Tower with Radar,18,10,23,8,59,0,0,21,0,21,18,10,44,8,80,22,12,34,114
03/21/2023,TRI,TN,ASO,ES,Combined TRACON& Tower with Radar,18,8,40,8,74,22,0,33,0,55,40,8,73,8,129,22,0,22,151
03/22/2023,TRI,TN,ASO,ES,Combined TRACON& Tower with Radar,18,8,28,3,57,0,0,1,0,1,18,8,29,3,58,26,0,26,84
03/23/2023,TRI,TN,ASO,ES,Combined TRACON& Tower with Radar,22,8,49,36,115,0,0,16,10,26,22,8,65,46,141,22,24,46,187
03/24/2023,TRI,TN,ASO,ES,Combined TRACON& Tower with Radar,19,6,37,14,76,0,0,13,0,13,19,6,50,14,89,12,16,28,117
03/25/2023,TRI,TN,ASO,ES,Combined TRACON& Tower with Radar,16,2,8,0,26,0,0,1,0,1,16,2,9,0,27,0,0,0,27
03/26/2023,TRI,TN,ASO,ES,Combined TRACON& Tower with Radar,22,2,27,1,52,0,0,17,3,20,22,2,44,4,72,22,0,22,94
03/27/2023,TRI,TN,ASO,ES,Combined TRACON& Tower with Radar,18,4,40,1,63,0,0,20,1,21,18,4,60,2,84,0,6,6,90
03/28/2023,TRI,TN,ASO,ES,Combined TRACON& Tower with Radar,16,10,40,2,68,0,0,29,0,29,16,10,69,2,97,44,0,44,141
03/29/2023,TRI,TN,ASO,ES,Combined TRACON& Tower with Radar,18,4,45,8,75,0,0,28,0,28,18,4,73,8,103,48,8,56,159
03/30/2023,TRI,TN,ASO,ES,Combined TRACON& Tower with Radar,22,6,47,4,79,0,0,39,0,39,22,6,86,4,118,38,0,38,156
03/31/2023,TRI,TN,ASO,ES,Combined TRACON& Tower with Radar,18,12,14,1,45,0,0,3,1,4,18,12,17,2,49,0,0,0,49
04/01/2023,TRI,TN,ASO,ES,Combined TRACON& Tower with Radar,13,2,5,0,20,0,0,2,0,2,13,2,7,0,22,0,0,0,22
04/02/2023,TRI,TN,ASO,ES,Combined TRACON& Tower with Radar,21,7,39,0,67,0,1,19,0,20,21,8,58,0,87,28,0,28,115
04/03/2023,TRI,TN,ASO,ES,Combined TRACON& Tower with Radar,18,5,27,2,52,0,1,16,0,17,18,6,43,2,69,20,0,20,89
04/04/2023,TRI,TN,ASO,ES,Combined TRACON& Tower with Radar,11,12,42,1,66,0,0,71,1,72,11,12,113,2,138,24,0,24,162
04/05/2023,TRI,TN,ASO,ES,Combined TRACON& Tower with Radar,11,14,33,0,58,0,0,22,0,22,11,14,55,0,80,18,0,18,98
04/06/2023,TRI,TN,ASO,ES,Combined TRACON& Tower with Radar,23,7,29,0,59,0,0,16,0,16,23,7,45,0,75,34,0,34,109
04/07/2023,TRI,TN,ASO,ES,Combined TRACON& Tower with Radar,12,17,21,4,54,0,0,0,0,0,12,17,21,4,54,0,0,0,54
04/08/2023,TRI,TN,ASO,ES,Combined TRACON& Tower with Radar,9,22,43,0,74,0,0,8,0,8,9,22,51,0,82,62,0,62,144
04/09/2023,TRI,TN,ASO,ES,Combined TRACON& Tower with Radar,18,26,51,0,95,0,0,15,3,18,18,26,66,3,113,4,0,4,117
04/10/2023,TRI,TN,ASO,ES,Combined TRACON& Tower with Radar,20,13,37,0,70,0,0,27,1,28,20,13,64,1,98,50,0,50,148
04/11/2023,TRI,TN,ASO,ES,Combined TRACON& Tower with Radar,11,13,61,10,95,0,0,24,0,24,11,13,85,10,119,66,10,76,195
04/12/2023,TRI,TN,ASO,ES,Combined TRACON& Tower with Radar,11,13,23,39,86,0,0,21,4,25,11,13,44,43,111,62,44,106,217
04/13/2023,TRI,TN,ASO,ES,Combined TRACON& Tower with Radar,15,15,40,4,74,0,0,32,2,34,15,15,72,6,108,48,0,48,156
04/14/2023,TRI,TN,ASO,ES,Combined TRACON& Tower with Radar,11,17,23,0,51,0,0,12,0,12,11,17,35,0,63,42,0,42,105
04/15/2023,TRI,TN,ASO,ES,Combined TRACON& Tower with Radar,9,9,25,0,43,0,0,13,0,13,9,9,38,0,56,96,0,96,152
04/16/2023,TRI,TN,ASO,ES,Combined TRACON& Tower with Radar,17,11,16,0,44,0,0,4,0,4,17,11,20,0,48,0,0,0,48
04/17/2023,TRI,TN,ASO,ES,Combined TRACON& Tower with Radar,12,13,13,0,38,0,1,7,0,8,12,14,20,0,46,2,0,2,48
04/18/2023,TRI,TN,ASO,ES,Combined TRACON& Tower with Radar,11,17,29,8,65,0,0,14,0,14,11,17,43,8,79,0,0,0,79
04/19/2023,TRI,TN,ASO,ES,Combined TRACON& Tower with Radar,13,13,74,0,100,0,0,33,0,33,13,13,107,0,133,84,0,84,217
04/20/2023,TRI,TN,ASO,ES,Combined TRACON& Tower with Radar,14,19,42,31,106,0,0,26,0,26,14,19,68,31,132,56,6,62,194
04/21/2023,TRI,TN,ASO,ES,Combined TRACON& Tower with Radar,12,18,38,19,87,0,0,21,6,27,12,18,59,25,114,36,20,56,170
04/22/2023,TRI,TN,ASO,ES,Combined TRACON& Tower with Radar,9,9,13,0,31,0,0,7,0,7,9,9,20,0,38,52,0,52,90
04/23/2023,TRI,TN,ASO,ES,Combined TRACON& Tower with Radar,15,17,30,0,62,0,0,24,0,24,15,17,54,0,86,24,0,24,110
04/24/2023,TRI,TN,ASO,ES,Combined TRACON& Tower with Radar,11,16,35,0,62,0,0,24,0,24,11,16,59,0,86,108,0,108,194
04/25/2023,TRI,TN,ASO,ES,Combined TRACON& Tower with Radar,12,13,34,0,59,0,0,23,0,23,12,13,57,0,82,76,0,76,158
04/26/2023,TRI,TN,ASO,ES,Combined TRACON& Tower with Radar,8,11,49,12,80,0,0,19,1,20,8,11,68,13,100,86,6,92,192
04/27/2023,TRI,TN,ASO,ES,Combined TRACON& Tower with Radar,15,11,24,0,50,0,0,5,1,6,15,11,29,1,56,4,0,4,60
04/28/2023,TRI,TN,ASO,ES,Combined TRACON& Tower with Radar,9,15,31,2,57,0,0,20,0,20,9,15,51,2,77,44,0,44,121
04/29/2023,TRI,TN,ASO,ES,Combined TRACON& Tower with Radar,11,13,28,4,56,0,0,22,0,22,11,13,50,4,78,146,0,146,224
04/30/2023,TRI,TN,ASO,ES,Combined TRACON& Tower with Radar,15,14,12,2,43,0,0,2,0,2,15,14,14,2,45,0,0,0,45
05/01/2023,TRI,TN,ASO,ES,Combined TRACON& Tower with Radar,11,13,21,11,56,0,0,7,0,7,11,13,28,11,63,6,0,6,69
05/02/2023,TRI,TN,ASO,ES,Combined TRACON& Tower with Radar,11,11,20,0,42,0,1,2,12,15,11,12,22,12,57,0,0,0,57
05/03/2023,TRI,TN,ASO,ES,Combined TRACON& Tower with Radar,13,21,30,2,66,0,0,10,2,12,13,21,40,4,78,0,0,0,78
05/04/2023,TRI,TN,ASO,ES,Combined TRACON& Tower with Radar,14,15,50,9,88,0,1,29,0,30,14,16,79,9,118,76,0,76,194
05/05/2023,TRI,TN,ASO,ES,Combined TRACON& Tower with Radar,11,17,35,12,75,0,2,18,2,22,11,19,53,14,97,54,4,58,155
05/06/2023,TRI,TN,ASO,ES,Combined TRACON& Tower with Radar,12,8,31,0,51,0,0,22,0,22,12,8,53,0,73,80,0,80,153
05/07/2023,TRI,TN,ASO,ES,Combined TRACON& Tower with Radar,18,12,26,0,56,0,0,6,0,6,18,12,32,0,62,22,0,22,84
05/08/2023,TRI,TN,ASO,ES,Combined TRACON& Tower with Radar,14,20,38,0,72,0,0,7,0,7,14,20,45,0,79,24,0,24,103
05/09/2023,TRI,TN,ASO,ES,Combined TRACON& Tower with Radar,14,15,26,2,57,0,0,14,0,14,14,15,40,2,71,0,0,0,71
05/10/2023,TRI,TN,ASO,ES,Combined TRACON& Tower with Radar,12,14,54,4,84,0,0,36,2,38,12,14,90,6,122,62,0,62,184
05/11/2023,TRI,TN,ASO,ES,Combined TRACON& Tower with Radar,18,27,34,27,106,0,0,18,1,19,18,27,52,28,125,64,6,70,195
05/12/2023,TRI,TN,ASO,ES,Combined TRACON& Tower with Radar,14,17,22,0,53,0,0,23,0,23,14,17,45,0,76,84,0,84,160
05/13/2023,TRI,TN,ASO,ES,Combined TRACON& Tower with Radar,14,9,32,0,55,0,0,12,0,12,14,9,44,0,67,100,0,100,167
05/14/2023,TRI,TN,ASO,ES,Combined TRACON& Tower with Radar,19,11,11,0,41,0,0,5,0,5,19,11,16,0,46,0,0,0,46
05/15/2023,TRI,TN,ASO,ES,Combined TRACON& Tower with Radar,14,18,31,0,63,0,0,5,0,5,14,18,36,0,68,64,0,64,132
05/16/2023,TRI,TN,ASO,ES,Combined TRACON& Tower with Radar,14,11,29,0,54,0,0,3,0,3,14,11,32,0,57,8,0,8,65
05/17/2023,TRI,TN,ASO,ES,Combined TRACON& Tower with Radar,14,18,30,0,62,0,0,26,0,26,14,18,56,0,88,84,0,84,172
05/18/2023,TRI,TN,ASO,ES,Combined TRACON& Tower with Radar,16,13,47,16,92,0,0,23,1,24,16,13,70,17,116,44,4,48,164
05/19/2023,TRI,TN,ASO,ES,Combined TRACON& Tower with Radar,16,17,47,9,89,0,0,41,10,51,16,17,88,19,140,110,26,136,276
05/20/2023,TRI,TN,ASO,ES,Combined TRACON& Tower with Radar,12,17,23,0,52,0,0,4,0,4,12,17,27,0,56,42,0,42,98
05/21/2023,TRI,TN,ASO,ES,Combined TRACON& Tower with Radar,16,16,32,2,66,0,0,24,0,24,16,16,56,2,90,82,0,82,172
05/22/2023,TRI,TN,ASO,ES,Combined TRACON& Tower with Radar,16,13,37,7,73,0,0,29,0,29,16,13,66,7,102,42,8,50,152
05/23/2023,TRI,TN,ASO,ES,Combined TRACON& Tower with Radar,14,18,31,7,70,0,1,24,0,25,14,19,55,7,95,26,0,26,121
05/24/2023,TRI,TN,ASO,ES,Combined TRACON& Tower with Radar,12,16,37,0,65,0,0,12,0,12,12,16,49,0,77,20,0,20,97
05/25/2023,TRI,TN,ASO,ES,Combined TRACON& Tower with Radar,16,15,42,4,77,0,0,32,0,32,16,15,74,4,109,48,0,48,157
05/26/2023,TRI,TN,ASO,ES,Combined TRACON& Tower with Radar,16,15,60,9,100,0,0,49,6,55,16,15,109,15,155,40,0,40,195
05/27/2023,TRI,TN,ASO,ES,Combined TRACON& Tower with Radar,12,10,51,9,82,0,0,63,6,69,12,10,114,15,151,64,0,64,215
05/28/2023,TRI,TN,ASO,ES,Combined TRACON& Tower with Radar,14,13,7,0,34,0,0,0,0,0,14,13,7,0,34,0,0,0,34
05/29/2023,TRI,TN,ASO,ES,Combined TRACON& Tower with Radar,15,20,20,0,55,0,0,10,1,11,15,20,30,1,66,34,0,34,100
05/30/2023,TRI,TN,ASO,ES,Combined TRACON& Tower with Radar,15,6,45,5,71,0,0,28,10,38,15,6,73,15,109,34,12,46,155
05/31/2023,TRI,TN,ASO,ES,Combined TRACON& Tower with Radar,11,12,44,2,69,0,0,27,1,28,11,12,71,3,97,64,0,64,161
06/01/2023,TRI,TN,ASO,ES,Combined TRACON& Tower with Radar,15,14,39,17,85,0,0,27,1,28,15,14,66,18,113,48,8,56,169
06/02/2023,TRI,TN,ASO,ES,Combined TRACON& Tower with Radar,19,16,41,5,81,0,0,24,2,26,19,16,65,7,107,56,0,56,163
06/03/2023,TRI,TN,ASO,ES,Combined TRACON& Tower with Radar,10,18,25,0,53,0,0,19,0,19,10,18,44,0,72,40,0,40,112
06/04/2023,TRI,TN,ASO,ES,Combined TRACON& Tower with Radar,21,28,38,0,87,0,0,14,0,14,21,28,52,0,101,38,0,38,139
06/05/2023,TRI,TN,ASO,ES,Combined TRACON& Tower with Radar,17,21,33,18,89,0,0,13,0,13,17,21,46,18,102,52,10,62,164
06/06/2023,TRI,TN,ASO,ES,Combined TRACON& Tower with Radar,11,16,42,17,86,0,0,19,7,26,11,16,61,24,112,74,14,88,200
06/07/2023,TRI,TN,ASO,ES,Combined TRACON& Tower with Radar,11,27,33,0,71,0,0,2,0,2,11,27,35,0,73,0,0,0,73
06/08/2023,TRI,TN,ASO,ES,Combined TRACON& Tower with Radar,17,19,52,3,91,0,0,26,0,26,17,19,78,3,117,70,0,70,187
06/09/2023,TRI,TN,ASO,ES,Combined TRACON& Tower with Radar,17,29,44,2,92,0,0,28,4,32,17,29,72,6,124,38,0,38,162
06/10/2023,TRI,TN,ASO,ES,Combined TRACON& Tower with Radar,11,17,41,10,79,0,0,50,0,50,11,17,91,10,129,16,0,16,145
06/11/2023,TRI,TN,ASO,ES,Combined TRACON& Tower with Radar,15,17,42,0,74,0,1,10,0,11,15,18,52,0,85,84,0,84,169
06/12/2023,TRI,TN,ASO,ES,Combined TRACON& Tower with Radar,17,19,27,8,71,0,3,10,2,15,17,22,37,10,86,32,10,42,128
06/13/2023,TRI,TN,ASO,ES,Combined TRACON& Tower with Radar,12,17,49,0,78,0,0,21,2,23,12,17,70,2,101,78,0,78,179
06/14/2023,TRI,TN,ASO,ES,Combined TRACON& Tower with Radar,12,18,42,10,82,0,0,19,0,19,12,18,61,10,101,64,0,64,165
06/15/2023,TRI,TN,ASO,ES,Combined TRACON& Tower with Radar,14,13,42,13,82,0,0,24,0,24,14,13,66,13,106,68,22,90,196
06/16/2023,TRI,TN,ASO,ES,Combined TRACON& Tower with Radar,15,19,24,10,68,0,0,10,4,14,15,19,34,14,82,30,6,36,118
06/17/2023,TRI,TN,ASO,ES,Combined TRACON& Tower with Radar,14,15,46,0,75,0,0,20,0,20,14,15,66,0,95,126,0,126,221
06/18/2023,TRI,TN,ASO,ES,Combined TRACON& Tower with Radar,16,15,31,0,62,0,0,20,0,20,16,15,51,0,82,34,0,34,116
06/19/2023,TRI,TN,ASO,ES,Combined TRACON& Tower with Radar,19,12,16,0,47,0,0,5,0,5,19,12,21,0,52,68,0,68,120
06/20/2023,TRI,TN,ASO,ES,Combined TRACON& Tower with Radar,13,18,31,2,64,0,0,7,0,7,13,18,38,2,71,0,0,0,71
06/21/2023,TRI,TN,ASO,ES,Combined TRACON& Tower with Radar,11,22,46,1,80,0,0,5,0,5,11,22,51,1,85,28,0,28,113
06/22/2023,TRI,TN,ASO,ES,Combined TRACON& Tower with Radar,15,18,42,2,77,0,0,7,0,7,15,18,49,2,84,0,0,0,84
06/23/2023,TRI,TN,ASO,ES,Combined TRACON& Tower with Radar,17,22,28,2,69,0,0,5,0,5,17,22,33,2,74,0,0,0,74
06/24/2023,TRI,TN,ASO,ES,Combined TRACON& Tower with Radar,13,12,19,0,44,0,0,9,0,9,13,12,28,0,53,104,0,104,157
06/25/2023,TRI,TN,ASO,ES,Combined TRACON& Tower with Radar,15,12,29,0,56,0,0,11,0,11,15,12,40,0,67,104,0,104,171
06/26/2023,TRI,TN,ASO,ES,Combined TRACON& Tower with Radar,15,17,22,12,66,0,0,13,5,18,15,17,35,17,84,62,0,62,146
06/27/2023,TRI,TN,ASO,ES,Combined TRACON& Tower with Radar,10,19,33,0,62,0,0,17,0,17,10,19,50,0,79,116,0,116,195
06/28/2023,TRI,TN,ASO,ES,Combined TRACON& Tower with Radar,11,20,56,6,93,0,1,29,6,36,11,21,85,12,129,76,6,82,211
06/29/2023,TRI,TN,ASO,ES,Combined TRACON& Tower with Radar,17,27,42,19,105,0,1,21,0,22,17,28,63,19,127,76,0,76,203
06/30/2023,TRI,TN,ASO,ES,Combined TRACON& Tower with Radar,17,26,22,0,65,0,0,10,0,10,17,26,32,0,75,86,0,86,161
07/01/2023,TRI,TN,ASO,ES,Combined TRACON& Tower with Radar,12,17,15,0,44,0,0,11,1,12,12,17,26,1,56,30,0,30,86
07/02/2023,TRI,TN,ASO,ES,Combined TRACON& Tower with Radar,13,16,8,0,37,0,0,5,0,5,13,16,13,0,42,14,0,14,56
07/03/2023,TRI,TN,ASO,ES,Combined TRACON& Tower with Radar,14,11,17,0,42,0,0,8,0,8,14,11,25,0,50,20,0,20,70
07/04/2023,TRI,TN,ASO,ES,Combined TRACON& Tower with Radar,10,12,19,0,41,0,0,14,0,14,10,12,33,0,55,94,0,94,149
07/05/2023,TRI,TN,ASO,ES,Combined TRACON& Tower with Radar,12,17,31,12,72,0,0,13,0,13,12,17,44,12,85,4,0,4,89
07/06/2023,TRI,TN,ASO,ES,Combined TRACON& Tower with Radar,12,14,36,16,78,0,0,12,0,12,12,14,48,16,90,92,0,92,182
07/07/2023,TRI,TN,ASO,ES,Combined TRACON& Tower with Radar,12,14,27,9,62,0,0,16,0,16,12,14,43,9,78,36,0,36,114
07/08/2023,TRI,TN,ASO,ES,Combined TRACON& Tower with Radar,10,11,32,0,53,0,0,23,2,25,10,11,55,2,78,94,0,94,172
07/09/2023,TRI,TN,ASO,ES,Combined TRACON& Tower with Radar,16,11,14,0,41,0,0,4,0,4,16,11,18,0,45,12,0,12,57
07/10/2023,TRI,TN,ASO,ES,Combined TRACON& Tower with Radar,14,18,38,5,75,0,0,20,1,21,14,18,58,6,96,70,0,70,166
07/11/2023,TRI,TN,ASO,ES,Combined TRACON& Tower with Radar,12,18,66,0,96,0,0,31,2,33,12,18,97,2,129,80,0,80,209
07/12/2023,TRI,TN,ASO,ES,Combined TRACON& Tower with Radar,12,16,58,10,96,0,3,29,0,32,12,19,87,10,128,52,0,52,180
07/13/2023,TRI,TN,ASO,ES,Combined TRACON& Tower with Radar,14,24,39,0,77,0,0,15,2,17,14,24,54,2,94,32,0,32,126
07/14/2023,TRI,TN,ASO,ES,Combined TRACON& Tower with Radar,14,14,32,13,73,0,0,4,0,4,14,14,36,13,77,12,0,12,89
07/15/2023,TRI,TN,ASO,ES,Combined TRACON& Tower with Radar,12,14,24,1,51,0,0,9,0,9,12,14,33,1,60,52,0,52,112
07/16/2023,TRI,TN,ASO,ES,Combined TRACON& Tower with Radar,14,14,31,0,59,0,0,12,0,12,14,14,43,0,71,42,0,42,113
07/17/2023,TRI,TN,ASO,ES,Combined TRACON& Tower with Radar,14,16,20,0,50,0,0,12,2,14,14,16,32,2,64,68,0,68,132
07/18/2023,TRI,TN,ASO,ES,Combined TRACON& Tower with Radar,11,16,24,14,65,0,0,8,0,8,11,16,32,14,73,8,14,22,95
07/19/2023,TRI,TN,ASO,ES,Combined TRACON& Tower with Radar,12,15,17,0,44,0,0,2,0,2,12,15,19,0,46,0,0,0,46
07/20/2023,TRI,TN,ASO,ES,Combined TRACON& Tower with Radar,13,19,19,0,51,0,0,2,0,2,13,19,21,0,53,12,0,12,65
07/21/2023,TRI,TN,ASO,ES,Combined TRACON& Tower with Radar,13,14,29,0,56,0,0,10,0,10,13,14,39,0,66,16,0,16,82
07/22/2023,TRI,TN,ASO,ES,Combined TRACON& Tower with Radar,12,20,13,0,45,0,0,14,0,14,12,20,27,0,59,18,0,18,77
07/23/2023,TRI,TN,ASO,ES,Combined TRACON& Tower with Radar,14,8,19,0,41,0,0,15,2,17,14,8,34,2,58,52,0,52,110
07/24/2023,TRI,TN,ASO,ES,Combined TRACON& Tower with Radar,14,15,13,0,42,0,0,12,0,12,14,15,25,0,54,44,0,44,98
07/25/2023,TRI,TN,ASO,ES,Combined TRACON& Tower with Radar,14,18,15,4,51,0,0,15,2,17,14,18,30,6,68,6,0,6,74
07/26/2023,TRI,TN,ASO,ES,Combined TRACON& Tower with Radar,12,17,21,0,50,0,0,38,0,38,12,17,59,0,88,16,0,16,104
07/27/2023,TRI,TN,ASO,ES,Combined TRACON& Tower with Radar,14,19,26,2,61,0,0,31,0,31,14,19,57,2,92,60,0,60,152
07/28/2023,TRI,TN,ASO,ES,Combined TRACON& Tower with Radar,16,23,19,10,68,0,0,20,0,20,16,23,39,10,88,8,10,18,106
07/29/2023,TRI,TN,ASO,ES,Combined TRACON& Tower with Radar,12,8,13,0,33,0,0,14,0,14,12,8,27,0,47,2,0,2,49
07/30/2023,TRI,TN,ASO,ES,Combined TRACON& Tower with Radar,14,23,15,0,52,0,0,4,0,4,14,23,19,0,56,0,0,0,56
07/31/2023,TRI,TN,ASO,ES,Combined TRACON& Tower with Radar,14,25,25,0,64,0,0,7,0,7,14,25,32,0,71,0,0,0,71
08/01/2023,TRI,TN,ASO,ES,Combined TRACON& Tower with Radar,10,19,20,6,55,0,0,46,0,46,10,19,66,6,101,62,0,62,163
08/02/2023,TRI,TN,ASO,ES,Combined TRACON& Tower with Radar,10,15,40,0,65,0,0,44,0,44,10,15,84,0,109,52,0,52,161
08/03/2023,TRI,TN,ASO,ES,Combined TRACON& Tower with Radar,15,24,18,0,57,0,0,0,0,0,15,24,18,0,57,0,0,0,57
08/04/2023,TRI,TN,ASO,ES,Combined TRACON& Tower with Radar,17,12,17,5,51,0,0,20,1,21,17,12,37,6,72,64,0,64,136
08/05/2023,TRI,TN,ASO,ES,Combined TRACON& Tower with Radar,12,17,16,2,47,0,0,38,0,38,12,17,54,2,85,34,0,34,119
08/06/2023,TRI,TN,ASO,ES,Combined TRACON& Tower with Radar,16,13,19,0,48,0,0,6,0,6,16,13,25,0,54,14,0,14,68
08/07/2023,TRI,TN,ASO,ES,Combined TRACON& Tower with Radar,16,15,18,5,54,0,1,12,0,13,16,16,30,5,67,18,0,18,85
08/08/2023,TRI,TN,ASO,ES,Combined TRACON& Tower with Radar,10,23,18,0,51,0,2,21,2,25,10,25,39,2,76,50,0,50,126
08/09/2023,TRI,TN,ASO,ES,Combined TRACON& Tower with Radar,12,21,20,13,66,0,0,38,0,38,12,21,58,13,104,46,0,46,150
08/10/2023,TRI,TN,ASO,ES,Combined TRACON& Tower with Radar,14,20,25,8,67,0,0,0,0,0,14,20,25,8,67,0,0,0,67
08/11/2023,TRI,TN,ASO,ES,Combined TRACON& Tower with Radar,18,28,42,0,88,0,0,19,0,19,18,28,61,0,107,54,0,54,161
08/12/2023,TRI,TN,ASO,ES,Combined TRACON& Tower with Radar,11,15,27,0,53,0,0,12,0,12,11,15,39,0,65,36,0,36,101
08/13/2023,TRI,TN,ASO,ES,Combined TRACON& Tower with Radar,16,17,20,0,53,0,1,21,0,22,16,18,41,0,75,22,0,22,97
08/14/2023,TRI,TN,ASO,ES,Combined TRACON& Tower with Radar,18,22,24,0,64,0,0,12,0,12,18,22,36,0,76,20,0,20,96
08/15/2023,TRI,TN,ASO,ES,Combined TRACON& Tower with Radar,14,22,35,12,83,0,0,12,0,12,14,22,47,12,95,0,0,0,95
08/16/2023,TRI,TN,ASO,ES,Combined TRACON& Tower with Radar,12,25,42,14,93,0,0,33,0,33,12,25,75,14,126,8,16,24,150
08/17/2023,TRI,TN,ASO,ES,Combined TRACON& Tower with Radar,16,13,44,0,73,0,0,34,0,34,16,13,78,0,107,2,0,2,109
08/18/2023,TRI,TN,ASO,ES,Combined TRACON& Tower with Radar,12,31,40,4,87,0,4,45,0,49,12,35,85,4,136,72,0,72,208
08/19/2023,TRI,TN,ASO,ES,Combined TRACON& Tower with Radar,12,13,13,0,38,0,0,40,0,40,12,13,53,0,78,10,0,10,88
08/20/2023,TRI,TN,ASO,ES,Combined TRACON& Tower with Radar,14,17,8,0,39,0,0,18,0,18,14,17,26,0,57,40,0,40,97
08/21/2023,TRI,TN,ASO,ES,Combined TRACON& Tower with Radar,14,13,25,9,61,0,0,25,2,27,14,13,50,11,88,6,12,18,106
08/22/2023,TRI,TN,ASO,ES,Combined TRACON& Tower with Radar,12,21,14,2,49,0,0,16,0,16,12,21,30,2,65,6,0,6,71
08/23/2023,TRI,TN,ASO,ES,Combined TRACON& Tower with Radar,12,16,26,0,54,0,0,35,0,35,12,16,61,0,89,38,0,38,127
08/24/2023,TRI,TN,ASO,ES,Combined TRACON& Tower with Radar,16,21,19,16,72,0,1,21,0,22,16,22,40,16,94,14,0,14,108
08/25/2023,TRI,TN,ASO,ES,Combined TRACON& Tower with Radar,12,24,12,0,48,0,0,11,5,16,12,24,23,5,64,40,0,40,104
08/26/2023,TRI,TN,ASO,ES,Combined TRACON& Tower with Radar,10,12,13,0,35,0,2,20,0,22,10,14,33,0,57,54,0,54,111
08/27/2023,TRI,TN,ASO,ES,Combined TRACON& Tower with Radar,13,10,15,0,38,0,0,9,2,11,13,10,24,2,49,12,0,12,61
08/28/2023,TRI,TN,ASO,ES,Combined TRACON& Tower with Radar,14,20,17,3,54,0,0,18,2,20,14,20,35,5,74,46,0,46,120
08/29/2023,TRI,TN,ASO,ES,Combined TRACON& Tower with Radar,10,18,14,2,44,0,0,3,0,3,10,18,17,2,47,6,0,6,53
08/30/2023,TRI,TN,ASO,ES,Combined TRACON& Tower with Radar,12,16,23,0,51,0,3,33,1,37,12,19,56,1,88,68,0,68,156
08/31/2023,TRI,TN,ASO,ES,Combined TRACON& Tower with Radar,16,16,36,5,73,0,0,33,3,36,16,16,69,8,109,54,2,56,165
