01/01/2000,TTN,NJ,AEA,EN,Federal Contract Tower,0,0,22,0,22,0,0,0,0,0,0,0,22,0,22,40,0,40,62
01/02/2000,TTN,NJ,AEA,EN,Federal Contract Tower,8,0,25,0,33,0,0,69,0,69,8,0,94,0,102,224,0,224,326
01/03/2000,TTN,NJ,AEA,EN,Federal Contract Tower,16,2,42,0,60,0,0,118,0,118,16,2,160,0,178,310,0,310,488
01/04/2000,TTN,NJ,AEA,EN,Federal Contract Tower,14,0,33,0,47,2,0,76,0,78,16,0,109,0,125,113,0,113,238
01/05/2000,TTN,NJ,AEA,EN,Federal Contract Tower,12,0,30,0,42,7,0,180,7,194,19,0,210,7,236,139,4,143,379
01/06/2000,TTN,NJ,AEA,EN,Federal Contract Tower,18,1,58,0,77,0,0,270,7,277,18,1,328,7,354,386,4,390,744
01/07/2000,TTN,NJ,AEA,EN,Federal Contract Tower,15,0,46,0,61,0,0,74,7,81,15,0,120,7,142,146,7,153,295
01/08/2000,TTN,NJ,AEA,EN,Federal Contract Tower,8,0,31,0,39,0,0,199,3,202,8,0,230,3,241,442,0,442,683
01/09/2000,TTN,NJ,AEA,EN,Federal Contract Tower,10,0,33,0,43,0,0,162,1,163,10,0,195,1,206,464,0,464,670
01/10/2000,TTN,NJ,AEA,EN,Federal Contract Tower,19,0,41,0,60,4,0,39,6,49,23,0,80,6,109,14,0,14,123
01/11/2000,TTN,NJ,AEA,EN,Federal Contract Tower,17,0,39,0,56,5,0,42,14,61,22,0,81,14,117,90,4,94,211
01/12/2000,TTN,NJ,AEA,EN,Federal Contract Tower,22,0,47,0,69,3,0,211,1,215,25,0,258,1,284,206,2,208,492
01/13/2000,TTN,NJ,AEA,EN,Federal Contract Tower,17,0,38,0,55,4,0,14,2,20,21,0,52,2,75,16,0,16,91
01/14/2000,TTN,NJ,AEA,EN,Federal Contract Tower,19,0,41,1,61,2,0,56,4,62,21,0,97,5,123,70,2,72,195
01/15/2000,TTN,NJ,AEA,EN,Federal Contract Tower,13,0,29,1,43,0,0,158,3,161,13,0,187,4,204,441,3,444,648
01/16/2000,TTN,NJ,AEA,EN,Federal Contract Tower,15,0,35,1,51,1,0,91,0,92,16,0,126,1,143,290,2,292,435
01/17/2000,TTN,NJ,AEA,EN,Federal Contract Tower,21,0,53,0,74,0,0,1,0,1,21,0,54,0,75,26,0,26,101
01/18/2000,TTN,NJ,AEA,EN,Federal Contract Tower,21,0,46,1,68,4,0,99,4,107,25,0,145,5,175,365,0,365,540
01/19/2000,TTN,NJ,AEA,EN,Federal Contract Tower,21,1,46,1,69,2,0,89,3,94,23,1,135,4,163,545,5,550,713
01/20/2000,TTN,NJ,AEA,EN,Federal Contract Tower,16,0,31,0,47,6,0,0,0,6,22,0,31,0,53,6,0,6,59
01/21/2000,TTN,NJ,AEA,EN,Federal Contract Tower,17,0,39,1,57,5,0,18,7,30,22,0,57,8,87,6,0,6,93
01/22/2000,TTN,NJ,AEA,EN,Federal Contract Tower,12,0,36,1,49,0,0,44,3,47,12,0,80,4,96,290,44,334,430
01/23/2000,TTN,NJ,AEA,EN,Federal Contract Tower,11,0,25,1,37,9,0,22,2,33,20,0,47,3,70,204,2,206,276
01/24/2000,TTN,NJ,AEA,EN,Federal Contract Tower,8,0,16,0,24,13,0,91,0,104,21,0,107,0,128,487,0,487,615
01/25/2000,TTN,NJ,AEA,EN,Federal Contract Tower,1,0,3,0,4,0,0,1,0,1,1,0,4,0,5,0,0,0,5
01/26/2000,TTN,NJ,AEA,EN,Federal Contract Tower,10,0,20,0,30,11,0,44,0,55,21,0,64,0,85,130,1,131,216
01/27/2000,TTN,NJ,AEA,EN,Federal Contract Tower,18,0,41,1,60,4,0,59,5,68,22,0,100,6,128,240,2,242,370
01/28/2000,TTN,NJ,AEA,EN,Federal Contract Tower,21,0,47,0,68,2,0,93,3,98,23,0,140,3,166,200,4,204,370
01/29/2000,TTN,NJ,AEA,EN,Federal Contract Tower,12,0,30,0,42,0,0,113,0,113,12,0,143,0,155,492,0,492,647
01/30/2000,TTN,NJ,AEA,EN,Federal Contract Tower,0,0,2,0,2,14,0,90,3,107,14,0,92,3,109,339,0,339,448
01/31/2000,TTN,NJ,AEA,EN,Federal Contract Tower,18,0,41,0,59,1,0,40,2,43,19,0,81,2,102,89,2,91,193
02/01/2000,TTN,NJ,AEA,EN,Federal Contract Tower,8,0,27,0,35,10,0,134,24,168,18,0,161,24,203,321,10,331,534
02/02/2000,TTN,NJ,AEA,EN,Federal Contract Tower,13,0,38,0,51,12,0,79,12,103,25,0,117,12,154,128,4,132,286
02/03/2000,TTN,NJ,AEA,EN,Federal Contract Tower,4,0,12,0,16,17,0,46,8,71,21,0,58,8,87,296,6,302,389
02/04/2000,TTN,NJ,AEA,EN,Federal Contract Tower,13,0,37,0,50,4,0,82,7,93,17,0,119,7,143,199,0,199,342
02/05/2000,TTN,NJ,AEA,EN,Federal Contract Tower,11,0,32,0,43,1,0,99,38,138,12,0,131,38,181,420,14,434,615
02/06/2000,TTN,NJ,AEA,EN,Federal Contract Tower,11,0,33,0,44,3,0,66,3,72,14,0,99,3,116,424,2,426,542
02/07/2000,TTN,NJ,AEA,EN,Federal Contract Tower,8,1,23,0,32,16,1,67,3,87,24,2,90,3,119,279,3,282,401
02/08/2000,TTN,NJ,AEA,EN,Federal Contract Tower,12,0,33,0,45,10,0,151,26,187,22,0,184,26,232,346,6,352,584
02/09/2000,TTN,NJ,AEA,EN,Federal Contract Tower,20,0,56,0,76,3,0,126,3,132,23,0,182,3,208,318,3,321,529
02/10/2000,TTN,NJ,AEA,EN,Federal Contract Tower,23,0,63,0,86,0,0,156,14,170,23,0,219,14,256,330,2,332,588
02/11/2000,TTN,NJ,AEA,EN,Federal Contract Tower,8,1,22,0,31,10,1,25,1,37,18,2,47,1,68,98,17,115,183
02/12/2000,TTN,NJ,AEA,EN,Federal Contract Tower,11,1,46,0,58,0,1,136,26,163,11,2,182,26,221,475,0,475,696
02/13/2000,TTN,NJ,AEA,EN,Federal Contract Tower,15,0,43,0,58,2,0,212,0,214,17,0,255,0,272,653,0,653,925
02/14/2000,TTN,NJ,AEA,EN,Federal Contract Tower,18,0,50,0,68,9,0,25,0,34,27,0,75,0,102,146,0,146,248
02/15/2000,TTN,NJ,AEA,EN,Federal Contract Tower,14,0,40,0,54,16,0,119,3,138,30,0,159,3,192,308,2,310,502
02/16/2000,TTN,NJ,AEA,EN,Federal Contract Tower,10,0,30,0,40,20,0,68,10,98,30,0,98,10,138,310,10,320,458
02/17/2000,TTN,NJ,AEA,EN,Federal Contract Tower,12,0,35,0,47,17,0,114,5,136,29,0,149,5,183,305,0,305,488
02/18/2000,TTN,NJ,AEA,EN,Federal Contract Tower,16,0,37,0,53,8,0,0,0,8,24,0,37,0,61,6,0,6,67
02/19/2000,TTN,NJ,AEA,EN,Federal Contract Tower,12,0,34,0,46,3,0,1,0,4,15,0,35,0,50,119,0,119,169
02/20/2000,TTN,NJ,AEA,EN,Federal Contract Tower,13,0,41,0,54,0,0,79,2,81,13,0,120,2,135,398,0,398,533
02/21/2000,TTN,NJ,AEA,EN,Federal Contract Tower,18,0,50,0,68,4,0,146,0,150,22,0,196,0,218,535,2,537,755
02/22/2000,TTN,NJ,AEA,EN,Federal Contract Tower,16,0,47,0,63,15,0,182,3,200,31,0,229,3,263,409,18,427,690
02/23/2000,TTN,NJ,AEA,EN,Federal Contract Tower,14,0,42,0,56,16,2,37,13,68,30,2,79,13,124,469,14,483,607
02/24/2000,TTN,NJ,AEA,EN,Federal Contract Tower,13,0,39,0,52,17,0,105,23,145,30,0,144,23,197,279,10,289,486
02/25/2000,TTN,NJ,AEA,EN,Federal Contract Tower,17,0,47,0,64,5,0,138,7,150,22,0,185,7,214,215,10,225,439
02/26/2000,TTN,NJ,AEA,EN,Federal Contract Tower,11,0,33,0,44,2,0,65,16,83,13,0,98,16,127,174,10,184,311
02/27/2000,TTN,NJ,AEA,EN,Federal Contract Tower,13,0,39,0,52,4,0,25,2,31,17,0,64,2,83,105,10,115,198
02/28/2000,TTN,NJ,AEA,EN,Federal Contract Tower,19,0,54,0,73,9,0,57,3,69,28,0,111,3,142,359,4,363,505
02/29/2000,TTN,NJ,AEA,EN,Federal Contract Tower,23,0,67,0,90,8,0,307,11,326,31,0,374,11,416,436,10,446,862
03/01/2000,TTN,NJ,AEA,EN,Federal Contract Tower,15,0,25,0,40,8,0,201,3,212,23,0,226,3,252,341,8,349,601
03/02/2000,TTN,NJ,AEA,EN,Federal Contract Tower,24,0,44,0,68,5,0,83,10,98,29,0,127,10,166,103,2,105,271
03/03/2000,TTN,NJ,AEA,EN,Federal Contract Tower,24,0,45,0,69,0,1,120,1,122,24,1,165,1,191,95,0,95,286
03/04/2000,TTN,NJ,AEA,EN,Federal Contract Tower,14,0,30,0,44,0,0,212,0,212,14,0,242,0,256,193,0,193,449
03/05/2000,TTN,NJ,AEA,EN,Federal Contract Tower,16,0,33,0,49,0,0,107,0,107,16,0,140,0,156,260,2,262,418
03/06/2000,TTN,NJ,AEA,EN,Federal Contract Tower,28,0,52,0,80,0,2,124,0,126,28,2,176,0,206,239,0,239,445
03/07/2000,TTN,NJ,AEA,EN,Federal Contract Tower,29,0,60,0,89,0,1,177,7,185,29,1,237,7,274,254,0,254,528
03/08/2000,TTN,NJ,AEA,EN,Federal Contract Tower,28,0,50,0,78,0,0,206,6,212,28,0,256,6,290,190,0,190,480
03/09/2000,TTN,NJ,AEA,EN,Federal Contract Tower,23,0,58,0,81,0,0,81,8,89,23,0,139,8,170,244,3,247,417
03/10/2000,TTN,NJ,AEA,EN,Federal Contract Tower,29,0,53,0,82,0,0,126,1,127,29,0,179,1,209,228,6,234,443
03/11/2000,TTN,NJ,AEA,EN,Federal Contract Tower,12,0,24,0,36,0,0,4,0,4,12,0,28,0,40,0,4,4,44
03/12/2000,TTN,NJ,AEA,EN,Federal Contract Tower,4,0,9,0,13,11,0,143,2,156,15,0,152,2,169,217,2,219,388
03/13/2000,TTN,NJ,AEA,EN,Federal Contract Tower,19,0,35,0,54,7,0,97,5,109,26,0,132,5,163,276,4,280,443
03/14/2000,TTN,NJ,AEA,EN,Federal Contract Tower,22,0,41,0,63,2,0,139,6,147,24,0,180,6,210,220,2,222,432
03/15/2000,TTN,NJ,AEA,EN,Federal Contract Tower,22,0,40,0,62,5,0,143,10,158,27,0,183,10,220,187,2,189,409
03/16/2000,TTN,NJ,AEA,EN,Federal Contract Tower,28,0,67,0,95,0,0,124,13,137,28,0,191,13,232,174,6,180,412
03/17/2000,TTN,NJ,AEA,EN,Federal Contract Tower,19,0,34,0,53,6,0,66,0,72,25,0,100,0,125,22,0,22,147
03/18/2000,TTN,NJ,AEA,EN,Federal Contract Tower,14,0,39,0,53,0,0,134,0,134,14,0,173,0,187,257,2,259,446
03/19/2000,TTN,NJ,AEA,EN,Federal Contract Tower,16,0,59,0,75,0,0,65,0,65,16,0,124,0,140,402,0,402,542
03/20/2000,TTN,NJ,AEA,EN,Federal Contract Tower,27,0,59,0,86,0,0,41,2,43,27,0,100,2,129,212,0,212,341
03/21/2000,TTN,NJ,AEA,EN,Federal Contract Tower,17,0,34,0,51,13,0,34,3,50,30,0,68,3,101,5,0,5,106
03/22/2000,TTN,NJ,AEA,EN,Federal Contract Tower,8,0,16,0,24,15,0,135,10,160,23,0,151,10,184,289,23,312,496
03/23/2000,TTN,NJ,AEA,EN,Federal Contract Tower,28,0,52,0,80,0,1,194,20,215,28,1,246,20,295,335,20,355,650
03/24/2000,TTN,NJ,AEA,EN,Federal Contract Tower,16,0,32,0,48,12,0,153,10,175,28,0,185,10,223,290,11,301,524
03/25/2000,TTN,NJ,AEA,EN,Federal Contract Tower,13,0,35,0,48,0,0,153,1,154,13,0,188,1,202,284,2,286,488
03/26/2000,TTN,NJ,AEA,EN,Federal Contract Tower,15,0,52,0,67,0,0,126,2,128,15,0,178,2,195,226,2,228,423
03/27/2000,TTN,NJ,AEA,EN,Federal Contract Tower,27,0,52,0,79,0,0,62,10,72,27,0,114,10,151,230,2,232,383
03/28/2000,TTN,NJ,AEA,EN,Federal Contract Tower,21,0,40,0,61,8,0,81,17,106,29,0,121,17,167,64,12,76,243
03/29/2000,TTN,NJ,AEA,EN,Federal Contract Tower,15,0,28,0,43,13,0,91,11,115,28,0,119,11,158,72,4,76,234
03/30/2000,TTN,NJ,AEA,EN,Federal Contract Tower,19,0,37,0,56,9,5,136,12,162,28,5,173,12,218,283,29,312,530
03/31/2000,TTN,NJ,AEA,EN,Federal Contract Tower,24,0,46,0,70,4,0,155,8,167,28,0,201,8,237,195,2,197,434
04/01/2000,TTN,NJ,AEA,EN,Federal Contract Tower,12,3,37,0,52,0,0,164,3,167,12,3,201,3,219,430,2,432,651
04/02/2000,TTN,NJ,AEA,EN,Federal Contract Tower,16,3,36,0,55,1,1,49,3,54,17,4,85,3,109,279,0,279,388
04/03/2000,TTN,NJ,AEA,EN,Federal Contract Tower,28,2,75,0,105,0,0,155,0,155,28,2,230,0,260,142,0,142,402
04/04/2000,TTN,NJ,AEA,EN,Federal Contract Tower,23,4,49,0,76,5,0,42,7,54,28,4,91,7,130,31,2,33,163
04/05/2000,TTN,NJ,AEA,EN,Federal Contract Tower,21,2,47,0,70,5,0,229,3,237,26,2,276,3,307,148,2,150,457
04/06/2000,TTN,NJ,AEA,EN,Federal Contract Tower,24,2,53,0,79,0,0,197,4,201,24,2,250,4,280,260,9,269,549
04/07/2000,TTN,NJ,AEA,EN,Federal Contract Tower,30,3,69,1,103,0,0,195,4,199,30,3,264,5,302,254,2,256,558
04/08/2000,TTN,NJ,AEA,EN,Federal Contract Tower,12,3,40,0,55,0,1,121,0,122,12,4,161,0,177,192,0,192,369
04/09/2000,TTN,NJ,AEA,EN,Federal Contract Tower,19,3,30,0,52,0,0,0,0,0,19,3,30,0,52,4,0,4,56
04/10/2000,TTN,NJ,AEA,EN,Federal Contract Tower,26,3,66,1,96,0,0,102,1,103,26,3,168,2,199,202,21,223,422
04/11/2000,TTN,NJ,AEA,EN,Federal Contract Tower,23,4,51,0,78,4,0,167,6,177,27,4,218,6,255,253,16,269,524
04/12/2000,TTN,NJ,AEA,EN,Federal Contract Tower,25,3,55,1,84,2,0,148,5,155,27,3,203,6,239,90,3,93,332
04/13/2000,TTN,NJ,AEA,EN,Federal Contract Tower,26,1,65,2,94,0,0,152,19,171,26,1,217,21,265,338,9,347,612
04/14/2000,TTN,NJ,AEA,EN,Federal Contract Tower,22,2,45,1,70,8,1,139,5,153,30,3,184,6,223,269,16,285,508
04/15/2000,TTN,NJ,AEA,EN,Federal Contract Tower,13,3,48,0,64,0,1,15,0,16,13,4,63,0,80,6,0,6,86
04/16/2000,TTN,NJ,AEA,EN,Federal Contract Tower,14,2,43,0,59,0,1,120,0,121,14,3,163,0,180,294,0,294,474
04/17/2000,TTN,NJ,AEA,EN,Federal Contract Tower,22,2,44,0,68,4,2,38,0,44,26,4,82,0,112,30,0,30,142
04/18/2000,TTN,NJ,AEA,EN,Federal Contract Tower,20,2,41,1,64,5,1,193,1,200,25,3,234,2,264,148,2,150,414
04/19/2000,TTN,NJ,AEA,EN,Federal Contract Tower,20,2,40,1,63,5,2,247,5,259,25,4,287,6,322,245,7,252,574
04/20/2000,TTN,NJ,AEA,EN,Federal Contract Tower,16,3,46,1,66,0,0,231,12,243,16,3,277,13,309,425,4,429,738
04/21/2000,TTN,NJ,AEA,EN,Federal Contract Tower,16,1,21,0,38,11,1,0,0,12,27,2,21,0,50,0,0,0,50
04/22/2000,TTN,NJ,AEA,EN,Federal Contract Tower,15,1,34,1,51,0,0,150,5,155,15,1,184,6,206,246,0,246,452
04/23/2000,TTN,NJ,AEA,EN,Federal Contract Tower,16,1,38,1,56,0,0,39,8,47,16,1,77,9,103,73,0,73,176
04/24/2000,TTN,NJ,AEA,EN,Federal Contract Tower,28,3,57,2,90,2,1,192,2,197,30,4,249,4,287,222,4,226,513
04/25/2000,TTN,NJ,AEA,EN,Federal Contract Tower,24,3,57,2,86,0,0,140,7,147,24,3,197,9,233,126,4,130,363
04/26/2000,TTN,NJ,AEA,EN,Federal Contract Tower,27,3,56,2,88,2,1,132,5,140,29,4,188,7,228,193,4,197,425
04/27/2000,TTN,NJ,AEA,EN,Federal Contract Tower,23,2,48,1,74,4,0,135,13,152,27,2,183,14,226,175,14,189,415
04/28/2000,TTN,NJ,AEA,EN,Federal Contract Tower,29,3,61,2,95,0,0,132,5,137,29,3,193,7,232,226,5,231,463
04/29/2000,TTN,NJ,AEA,EN,Federal Contract Tower,12,2,35,1,50,0,2,131,0,133,12,4,166,1,183,348,0,348,531
04/30/2000,TTN,NJ,AEA,EN,Federal Contract Tower,19,2,42,0,63,0,1,107,1,109,19,3,149,1,172,164,0,164,336
05/01/2000,TTN,NJ,AEA,EN,Federal Contract Tower,0,26,56,0,82,0,1,185,0,186,0,27,241,0,268,278,0,278,546
05/02/2000,TTN,NJ,AEA,EN,Federal Contract Tower,0,20,44,1,65,0,0,158,16,174,0,20,202,17,239,323,8,331,570
05/03/2000,TTN,NJ,AEA,EN,Federal Contract Tower,0,28,73,2,103,0,0,295,9,304,0,28,368,11,407,230,7,237,644
05/04/2000,TTN,NJ,AEA,EN,Federal Contract Tower,0,28,60,1,89,0,3,231,13,247,0,31,291,14,336,182,6,188,524
05/05/2000,TTN,NJ,AEA,EN,Federal Contract Tower,0,23,52,1,76,0,5,217,2,224,0,28,269,3,300,230,13,243,543
05/06/2000,TTN,NJ,AEA,EN,Federal Contract Tower,1,13,33,0,47,1,0,176,30,207,2,13,209,30,254,304,4,308,562
05/07/2000,TTN,NJ,AEA,EN,Federal Contract Tower,0,20,43,2,65,0,0,190,1,191,0,20,233,3,256,192,0,192,448
05/08/2000,TTN,NJ,AEA,EN,Federal Contract Tower,0,24,51,1,76,0,0,193,0,193,0,24,244,1,269,312,0,312,581
05/09/2000,TTN,NJ,AEA,EN,Federal Contract Tower,0,26,53,2,81,0,2,160,8,170,0,28,213,10,251,177,0,177,428
05/10/2000,TTN,NJ,AEA,EN,Federal Contract Tower,0,24,57,2,83,2,0,42,0,44,2,24,99,2,127,23,0,23,150
05/11/2000,TTN,NJ,AEA,EN,Federal Contract Tower,0,26,67,2,95,1,0,251,12,264,1,26,318,14,359,93,4,97,456
05/12/2000,TTN,NJ,AEA,EN,Federal Contract Tower,0,24,54,2,80,0,0,108,6,114,0,24,162,8,194,226,16,242,436
05/13/2000,TTN,NJ,AEA,EN,Federal Contract Tower,0,14,33,1,48,0,0,163,6,169,0,14,196,7,217,174,0,174,391
05/14/2000,TTN,NJ,AEA,EN,Federal Contract Tower,0,19,38,1,58,0,0,192,1,193,0,19,230,2,251,276,0,276,527
05/15/2000,TTN,NJ,AEA,EN,Federal Contract Tower,0,24,51,2,77,1,3,183,0,187,1,27,234,2,264,236,0,236,500
05/16/2000,TTN,NJ,AEA,EN,Federal Contract Tower,0,25,52,2,79,0,4,190,6,200,0,29,242,8,279,220,2,222,501
05/17/2000,TTN,NJ,AEA,EN,Federal Contract Tower,0,27,61,2,90,0,0,211,7,218,0,27,272,9,308,342,3,345,653
05/18/2000,TTN,NJ,AEA,EN,Federal Contract Tower,0,26,58,2,86,0,0,127,7,134,0,26,185,9,220,52,8,60,280
05/19/2000,TTN,NJ,AEA,EN,Federal Contract Tower,0,28,60,0,88,0,0,3,0,3,0,28,63,0,91,0,0,0,91
05/20/2000,TTN,NJ,AEA,EN,Federal Contract Tower,0,18,32,0,50,0,8,0,0,8,0,26,32,0,58,0,0,0,58
05/21/2000,TTN,NJ,AEA,EN,Federal Contract Tower,0,14,50,0,64,0,0,11,0,11,0,14,61,0,75,0,0,0,75
05/22/2000,TTN,NJ,AEA,EN,Federal Contract Tower,0,18,51,1,70,0,0,10,0,10,0,18,61,1,80,2,0,2,82
05/23/2000,TTN,NJ,AEA,EN,Federal Contract Tower,0,27,57,1,85,0,2,64,1,67,0,29,121,2,152,28,0,28,180
05/24/2000,TTN,NJ,AEA,EN,Federal Contract Tower,0,32,68,1,101,0,4,198,4,206,0,36,266,5,307,204,6,210,517
05/25/2000,TTN,NJ,AEA,EN,Federal Contract Tower,0,23,54,1,78,0,0,190,8,198,0,23,244,9,276,190,0,190,466
05/26/2000,TTN,NJ,AEA,EN,Federal Contract Tower,0,24,54,1,79,0,0,172,9,181,0,24,226,10,260,160,0,160,420
05/27/2000,TTN,NJ,AEA,EN,Federal Contract Tower,0,18,38,0,56,0,16,187,4,207,0,34,225,4,263,261,2,263,526
05/28/2000,TTN,NJ,AEA,EN,Federal Contract Tower,0,14,28,0,42,0,4,74,2,80,0,18,102,2,122,206,0,206,328
05/29/2000,TTN,NJ,AEA,EN,Federal Contract Tower,0,18,40,0,58,0,0,105,0,105,0,18,145,0,163,122,0,122,285
05/30/2000,TTN,NJ,AEA,EN,Federal Contract Tower,0,24,50,1,75,0,1,254,3,258,0,25,304,4,333,188,0,188,521
05/31/2000,TTN,NJ,AEA,EN,Federal Contract Tower,0,32,68,1,101,0,0,179,4,183,0,32,247,5,284,142,4,146,430
06/01/2000,TTN,NJ,AEA,EN,Federal Contract Tower,0,26,61,3,90,0,8,311,22,341,0,34,372,25,431,214,6,220,651
06/02/2000,TTN,NJ,AEA,EN,Federal Contract Tower,0,16,38,2,56,0,8,230,0,238,0,24,268,2,294,152,2,154,448
06/03/2000,TTN,NJ,AEA,EN,Federal Contract Tower,0,15,35,2,52,0,2,121,43,166,0,17,156,45,218,220,6,226,444
06/04/2000,TTN,NJ,AEA,EN,Federal Contract Tower,0,19,45,2,66,0,8,299,42,349,0,27,344,44,415,439,32,471,886
06/05/2000,TTN,NJ,AEA,EN,Federal Contract Tower,0,28,60,3,91,0,6,139,0,145,0,34,199,3,236,136,0,136,372
06/06/2000,TTN,NJ,AEA,EN,Federal Contract Tower,0,23,69,2,94,0,0,22,0,22,0,23,91,2,116,2,0,2,118
06/07/2000,TTN,NJ,AEA,EN,Federal Contract Tower,0,31,68,3,102,0,1,230,7,238,0,32,298,10,340,218,12,230,570
06/08/2000,TTN,NJ,AEA,EN,Federal Contract Tower,0,23,50,2,75,0,4,221,13,238,0,27,271,15,313,208,2,210,523
06/09/2000,TTN,NJ,AEA,EN,Federal Contract Tower,0,28,60,3,91,0,0,151,6,157,0,28,211,9,248,149,4,153,401
06/10/2000,TTN,NJ,AEA,EN,Federal Contract Tower,0,15,54,2,71,0,0,111,0,111,0,15,165,2,182,278,0,278,460
06/11/2000,TTN,NJ,AEA,EN,Federal Contract Tower,0,15,32,1,48,0,7,160,0,167,0,22,192,1,215,268,0,268,483
06/12/2000,TTN,NJ,AEA,EN,Federal Contract Tower,0,30,67,2,99,0,0,89,0,89,0,30,156,2,188,164,0,164,352
06/13/2000,TTN,NJ,AEA,EN,Federal Contract Tower,0,34,75,3,112,0,0,16,1,17,0,34,91,4,129,10,2,12,141
06/14/2000,TTN,NJ,AEA,EN,Federal Contract Tower,0,29,81,2,112,0,0,9,0,9,0,29,90,2,121,0,0,0,121
06/15/2000,TTN,NJ,AEA,EN,Federal Contract Tower,0,29,70,3,102,0,0,28,3,31,0,29,98,6,133,44,12,56,189
06/16/2000,TTN,NJ,AEA,EN,Federal Contract Tower,0,25,53,2,80,0,2,189,4,195,0,27,242,6,275,146,2,148,423
06/17/2000,TTN,NJ,AEA,EN,Federal Contract Tower,0,14,48,2,64,0,0,134,6,140,0,14,182,8,204,214,0,214,418
06/18/2000,TTN,NJ,AEA,EN,Federal Contract Tower,0,14,51,2,67,0,0,49,0,49,0,14,100,2,116,208,2,210,326
06/19/2000,TTN,NJ,AEA,EN,Federal Contract Tower,0,17,57,1,75,0,0,138,4,142,0,17,195,5,217,116,0,116,333
06/20/2000,TTN,NJ,AEA,EN,Federal Contract Tower,0,24,52,1,77,0,10,178,7,195,0,34,230,8,272,146,2,148,420
06/21/2000,TTN,NJ,AEA,EN,Federal Contract Tower,0,24,52,1,77,0,1,156,7,164,0,25,208,8,241,222,0,222,463
06/22/2000,TTN,NJ,AEA,EN,Federal Contract Tower,0,22,48,1,71,0,0,142,10,152,0,22,190,11,223,86,2,88,311
06/23/2000,TTN,NJ,AEA,EN,Federal Contract Tower,0,22,47,1,70,0,5,148,14,167,0,27,195,15,237,156,0,156,393
06/24/2000,TTN,NJ,AEA,EN,Federal Contract Tower,0,15,53,1,69,0,0,157,10,167,0,15,210,11,236,203,8,211,447
06/25/2000,TTN,NJ,AEA,EN,Federal Contract Tower,0,11,49,1,61,0,0,131,1,132,0,11,180,2,193,314,0,314,507
06/26/2000,TTN,NJ,AEA,EN,Federal Contract Tower,0,21,47,1,69,0,1,150,2,153,0,22,197,3,222,210,0,210,432
06/27/2000,TTN,NJ,AEA,EN,Federal Contract Tower,0,24,51,1,76,0,10,132,14,156,0,34,183,15,232,242,0,242,474
06/28/2000,TTN,NJ,AEA,EN,Federal Contract Tower,0,23,56,1,80,0,0,271,2,273,0,23,327,3,353,126,0,126,479
06/29/2000,TTN,NJ,AEA,EN,Federal Contract Tower,0,27,61,2,90,0,4,177,6,187,0,31,238,8,277,154,0,154,431
06/30/2000,TTN,NJ,AEA,EN,Federal Contract Tower,0,26,56,1,83,0,7,196,12,215,0,33,252,13,298,130,0,130,428
07/01/2000,TTN,NJ,AEA,EN,Federal Contract Tower,0,15,49,1,65,0,0,176,1,177,0,15,225,2,242,156,0,156,398
07/02/2000,TTN,NJ,AEA,EN,Federal Contract Tower,0,13,40,0,53,0,0,149,0,149,0,13,189,0,202,252,0,252,454
07/03/2000,TTN,NJ,AEA,EN,Federal Contract Tower,0,36,80,2,118,0,0,65,2,67,0,36,145,4,185,36,1,37,222
07/04/2000,TTN,NJ,AEA,EN,Federal Contract Tower,0,24,56,0,80,0,0,31,0,31,0,24,87,0,111,46,0,46,157
07/05/2000,TTN,NJ,AEA,EN,Federal Contract Tower,0,28,62,2,92,0,2,180,15,197,0,30,242,17,289,112,2,114,403
07/06/2000,TTN,NJ,AEA,EN,Federal Contract Tower,0,22,50,2,74,0,9,226,20,255,0,31,276,22,329,192,2,194,523
07/07/2000,TTN,NJ,AEA,EN,Federal Contract Tower,0,22,50,2,74,0,6,187,8,201,0,28,237,10,275,246,0,246,521
07/08/2000,TTN,NJ,AEA,EN,Federal Contract Tower,0,18,51,2,71,0,0,157,34,191,0,18,208,36,262,210,0,210,472
07/09/2000,TTN,NJ,AEA,EN,Federal Contract Tower,0,20,49,2,71,0,0,141,1,142,0,20,190,3,213,178,0,178,391
07/10/2000,TTN,NJ,AEA,EN,Federal Contract Tower,0,28,64,2,94,0,1,133,5,139,0,29,197,7,233,154,0,154,387
07/11/2000,TTN,NJ,AEA,EN,Federal Contract Tower,0,31,71,2,104,0,0,256,34,290,0,31,327,36,394,231,0,231,625
07/12/2000,TTN,NJ,AEA,EN,Federal Contract Tower,0,22,55,2,79,0,0,211,20,231,0,22,266,22,310,166,0,166,476
07/13/2000,TTN,NJ,AEA,EN,Federal Contract Tower,0,27,62,2,91,0,1,245,18,264,0,28,307,20,355,162,0,162,517
07/14/2000,TTN,NJ,AEA,EN,Federal Contract Tower,0,23,53,2,78,0,5,85,9,99,0,28,138,11,177,104,0,104,281
07/15/2000,TTN,NJ,AEA,EN,Federal Contract Tower,0,19,47,2,68,0,0,9,7,16,0,19,56,9,84,104,0,104,188
07/16/2000,TTN,NJ,AEA,EN,Federal Contract Tower,0,20,72,2,94,0,0,4,0,4,0,20,76,2,98,90,0,90,188
07/17/2000,TTN,NJ,AEA,EN,Federal Contract Tower,0,30,68,2,100,0,6,119,2,127,0,36,187,4,227,196,24,220,447
07/18/2000,TTN,NJ,AEA,EN,Federal Contract Tower,0,30,67,2,99,0,5,167,35,207,0,35,234,37,306,253,10,263,569
07/19/2000,TTN,NJ,AEA,EN,Federal Contract Tower,0,34,79,1,114,0,0,149,14,163,0,34,228,15,277,196,7,203,480
07/20/2000,TTN,NJ,AEA,EN,Federal Contract Tower,0,30,69,1,100,0,0,246,5,251,0,30,315,6,351,174,2,176,527
07/21/2000,TTN,NJ,AEA,EN,Federal Contract Tower,0,26,60,1,87,0,0,148,4,152,0,26,208,5,239,208,8,216,455
07/22/2000,TTN,NJ,AEA,EN,Federal Contract Tower,0,19,53,1,73,0,0,127,1,128,0,19,180,2,201,218,0,218,419
07/23/2000,TTN,NJ,AEA,EN,Federal Contract Tower,0,23,54,1,78,0,1,251,1,253,0,24,305,2,331,373,0,373,704
07/24/2000,TTN,NJ,AEA,EN,Federal Contract Tower,0,31,70,1,102,0,7,176,3,186,0,38,246,4,288,249,0,249,537
07/25/2000,TTN,NJ,AEA,EN,Federal Contract Tower,0,28,64,1,93,0,8,192,14,214,0,36,256,15,307,260,0,260,567
07/26/2000,TTN,NJ,AEA,EN,Federal Contract Tower,0,30,0,0,30,0,2,0,0,2,0,32,0,0,32,65,2,67,99
07/27/2000,TTN,NJ,AEA,EN,Federal Contract Tower,0,33,88,0,121,0,0,30,0,30,0,33,118,0,151,0,0,0,151
07/28/2000,TTN,NJ,AEA,EN,Federal Contract Tower,0,35,80,1,116,0,0,74,3,77,0,35,154,4,193,186,0,186,379
07/29/2000,TTN,NJ,AEA,EN,Federal Contract Tower,0,17,37,0,54,0,1,154,1,156,0,18,191,1,210,118,0,118,328
07/30/2000,TTN,NJ,AEA,EN,Federal Contract Tower,0,21,48,1,70,0,3,32,0,35,0,24,80,1,105,40,0,40,145
07/31/2000,TTN,NJ,AEA,EN,Federal Contract Tower,0,21,48,1,70,0,19,34,3,56,0,40,82,4,126,26,10,36,162
08/01/2000,TTN,NJ,AEA,EN,Federal Contract Tower,0,37,79,2,118,0,0,32,0,32,0,37,111,2,150,76,22,98,248
08/02/2000,TTN,NJ,AEA,EN,Federal Contract Tower,0,45,79,3,127,0,1,108,10,119,0,46,187,13,246,68,16,84,330
08/03/2000,TTN,NJ,AEA,EN,Federal Contract Tower,0,39,75,3,117,0,0,114,3,117,0,39,189,6,234,58,4,62,296
08/04/2000,TTN,NJ,AEA,EN,Federal Contract Tower,0,45,77,3,125,0,0,168,3,171,0,45,245,6,296,168,6,174,470
08/05/2000,TTN,NJ,AEA,EN,Federal Contract Tower,0,18,31,2,51,0,0,186,18,204,0,18,217,20,255,206,0,206,461
08/06/2000,TTN,NJ,AEA,EN,Federal Contract Tower,0,25,42,2,69,0,0,134,2,136,0,25,176,4,205,172,4,176,381
08/07/2000,TTN,NJ,AEA,EN,Federal Contract Tower,0,24,41,0,65,0,6,93,0,99,0,30,134,0,164,114,1,115,279
08/08/2000,TTN,NJ,AEA,EN,Federal Contract Tower,0,30,50,2,82,0,8,145,1,154,0,38,195,3,236,82,3,85,321
08/09/2000,TTN,NJ,AEA,EN,Federal Contract Tower,0,32,55,3,90,0,1,210,8,219,0,33,265,11,309,208,4,212,521
08/10/2000,TTN,NJ,AEA,EN,Federal Contract Tower,0,28,46,2,76,0,9,280,27,316,0,37,326,29,392,130,6,136,528
08/11/2000,TTN,NJ,AEA,EN,Federal Contract Tower,0,14,23,1,38,0,22,116,7,145,0,36,139,8,183,236,2,238,421
08/12/2000,TTN,NJ,AEA,EN,Federal Contract Tower,0,15,38,2,55,0,0,2,4,6,0,15,40,6,61,56,0,56,117
08/13/2000,TTN,NJ,AEA,EN,Federal Contract Tower,0,22,57,3,82,0,0,67,15,82,0,22,124,18,164,96,4,100,264
08/14/2000,TTN,NJ,AEA,EN,Federal Contract Tower,0,26,43,2,71,0,9,53,2,64,0,35,96,4,135,36,0,36,171
08/15/2000,TTN,NJ,AEA,EN,Federal Contract Tower,0,29,49,2,80,0,1,172,20,193,0,30,221,22,273,242,2,244,517
08/16/2000,TTN,NJ,AEA,EN,Federal Contract Tower,0,29,53,2,84,0,0,130,13,143,0,29,183,15,227,174,8,182,409
08/17/2000,TTN,NJ,AEA,EN,Federal Contract Tower,0,31,54,3,88,0,5,282,12,299,0,36,336,15,387,260,2,262,649
08/18/2000,TTN,NJ,AEA,EN,Federal Contract Tower,0,31,52,1,84,0,5,29,4,38,0,36,81,5,122,16,0,16,138
08/19/2000,TTN,NJ,AEA,EN,Federal Contract Tower,0,16,28,1,45,0,8,133,1,142,0,24,161,2,187,248,0,248,435
08/20/2000,TTN,NJ,AEA,EN,Federal Contract Tower,0,19,33,1,53,0,4,244,2,250,0,23,277,3,303,366,0,366,669
08/21/2000,TTN,NJ,AEA,EN,Federal Contract Tower,0,28,56,2,86,0,0,224,37,261,0,28,280,39,347,206,42,248,595
08/22/2000,TTN,NJ,AEA,EN,Federal Contract Tower,0,40,73,2,115,0,0,229,33,262,0,40,302,35,377,370,0,370,747
08/23/2000,TTN,NJ,AEA,EN,Federal Contract Tower,0,27,62,2,91,0,0,166,45,211,0,27,228,47,302,169,0,169,471
08/24/2000,TTN,NJ,AEA,EN,Federal Contract Tower,0,22,39,1,62,0,5,136,14,155,0,27,175,15,217,132,0,132,349
08/25/2000,TTN,NJ,AEA,EN,Federal Contract Tower,0,28,47,1,76,0,0,113,10,123,0,28,160,11,199,234,6,240,439
08/26/2000,TTN,NJ,AEA,EN,Federal Contract Tower,0,15,25,0,40,0,1,186,2,189,0,16,211,2,229,268,0,268,497
08/27/2000,TTN,NJ,AEA,EN,Federal Contract Tower,0,18,38,1,57,0,0,149,2,151,0,18,187,3,208,174,2,176,384
08/28/2000,TTN,NJ,AEA,EN,Federal Contract Tower,0,32,65,2,99,0,0,92,4,96,0,32,157,6,195,134,0,134,329
08/29/2000,TTN,NJ,AEA,EN,Federal Contract Tower,0,25,52,1,78,0,0,82,41,123,0,25,134,42,201,94,0,94,295
08/30/2000,TTN,NJ,AEA,EN,Federal Contract Tower,0,26,46,1,73,0,0,83,10,93,0,26,129,11,166,52,26,78,244
08/31/2000,TTN,NJ,AEA,EN,Federal Contract Tower,0,34,60,2,96,0,0,75,21,96,0,34,135,23,192,66,0,66,258
09/01/2000,TTN,NJ,AEA,EN,Federal Contract Tower,0,26,48,2,76,0,0,54,4,58,0,26,102,6,134,72,0,72,206
09/02/2000,TTN,NJ,AEA,EN,Federal Contract Tower,0,17,31,1,49,0,0,41,0,41,0,17,72,1,90,134,0,134,224
09/03/2000,TTN,NJ,AEA,EN,Federal Contract Tower,0,12,25,0,37,0,0,31,0,31,0,12,56,0,68,64,0,64,132
09/04/2000,TTN,NJ,AEA,EN,Federal Contract Tower,0,20,37,0,57,0,1,22,0,23,0,21,59,0,80,48,0,48,128
09/05/2000,TTN,NJ,AEA,EN,Federal Contract Tower,0,27,53,3,83,0,3,142,1,146,0,30,195,4,229,114,0,114,343
09/06/2000,TTN,NJ,AEA,EN,Federal Contract Tower,0,27,53,3,83,0,0,283,15,298,0,27,336,18,381,244,0,244,625
09/07/2000,TTN,NJ,AEA,EN,Federal Contract Tower,0,22,43,3,68,0,7,273,16,296,0,29,316,19,364,200,12,212,576
09/08/2000,TTN,NJ,AEA,EN,Federal Contract Tower,0,21,39,2,62,0,14,193,10,217,0,35,232,12,279,132,2,134,413
09/09/2000,TTN,NJ,AEA,EN,Federal Contract Tower,0,22,46,3,71,0,0,128,22,150,0,22,174,25,221,238,16,254,475
09/10/2000,TTN,NJ,AEA,EN,Federal Contract Tower,0,24,55,3,82,0,0,89,11,100,0,24,144,14,182,144,0,144,326
09/11/2000,TTN,NJ,AEA,EN,Federal Contract Tower,0,24,47,3,74,0,5,108,10,123,0,29,155,13,197,268,0,268,465
09/12/2000,TTN,NJ,AEA,EN,Federal Contract Tower,0,26,60,3,89,0,0,125,9,134,0,26,185,12,223,116,16,132,355
09/13/2000,TTN,NJ,AEA,EN,Federal Contract Tower,0,31,66,3,100,0,0,223,0,223,0,31,289,3,323,116,0,116,439
09/14/2000,TTN,NJ,AEA,EN,Federal Contract Tower,0,20,39,2,61,0,6,279,12,297,0,26,318,14,358,154,2,156,514
09/15/2000,TTN,NJ,AEA,EN,Federal Contract Tower,0,18,36,2,56,0,7,114,11,132,0,25,150,13,188,90,0,90,278
09/16/2000,TTN,NJ,AEA,EN,Federal Contract Tower,0,15,30,2,47,0,1,165,7,173,0,16,195,9,220,184,2,186,406
09/17/2000,TTN,NJ,AEA,EN,Federal Contract Tower,0,13,47,2,62,0,0,213,13,226,0,13,260,15,288,156,0,156,444
09/18/2000,TTN,NJ,AEA,EN,Federal Contract Tower,0,24,47,2,73,0,3,235,1,239,0,27,282,3,312,276,0,276,588
09/19/2000,TTN,NJ,AEA,EN,Federal Contract Tower,0,22,45,0,67,0,1,35,0,36,0,23,80,0,103,12,0,12,115
09/20/2000,TTN,NJ,AEA,EN,Federal Contract Tower,0,26,52,2,80,0,1,235,6,242,0,27,287,8,322,112,0,112,434
09/21/2000,TTN,NJ,AEA,EN,Federal Contract Tower,0,25,55,2,82,0,0,169,15,184,0,25,224,17,266,158,2,160,426
09/22/2000,TTN,NJ,AEA,EN,Federal Contract Tower,0,29,56,2,87,0,2,268,14,284,0,31,324,16,371,274,0,274,645
09/23/2000,TTN,NJ,AEA,EN,Federal Contract Tower,0,16,51,2,69,0,0,96,4,100,0,16,147,6,169,163,6,169,338
09/24/2000,TTN,NJ,AEA,EN,Federal Contract Tower,0,12,70,1,83,0,0,55,0,55,0,12,125,1,138,46,0,46,184
09/25/2000,TTN,NJ,AEA,EN,Federal Contract Tower,0,25,49,2,76,0,1,227,8,236,0,26,276,10,312,114,6,120,432
09/26/2000,TTN,NJ,AEA,EN,Federal Contract Tower,0,21,44,2,67,0,4,32,9,45,0,25,76,11,112,38,0,38,150
09/27/2000,TTN,NJ,AEA,EN,Federal Contract Tower,0,25,49,2,76,0,8,300,19,327,0,33,349,21,403,192,0,192,595
09/28/2000,TTN,NJ,AEA,EN,Federal Contract Tower,0,32,62,2,96,0,6,264,19,289,0,38,326,21,385,238,0,238,623
09/29/2000,TTN,NJ,AEA,EN,Federal Contract Tower,0,26,65,2,93,0,0,219,12,231,0,26,284,14,324,242,0,242,566
09/30/2000,TTN,NJ,AEA,EN,Federal Contract Tower,0,18,40,1,59,0,0,206,2,208,0,18,246,3,267,402,0,402,669
10/01/2000,TTN,NJ,AEA,EN,Federal Contract Tower,0,21,35,0,56,0,1,250,0,251,0,22,285,0,307,326,0,326,633
10/02/2000,TTN,NJ,AEA,EN,Federal Contract Tower,0,20,42,2,64,0,0,165,0,165,0,20,207,2,229,320,0,320,549
10/03/2000,TTN,NJ,AEA,EN,Federal Contract Tower,0,26,48,2,76,0,0,200,14,214,0,26,248,16,290,260,14,274,564
10/04/2000,TTN,NJ,AEA,EN,Federal Contract Tower,0,26,47,2,75,0,1,231,25,257,0,27,278,27,332,142,4,146,478
10/05/2000,TTN,NJ,AEA,EN,Federal Contract Tower,0,31,54,2,87,0,3,178,20,201,0,34,232,22,288,176,0,176,464
10/06/2000,TTN,NJ,AEA,EN,Federal Contract Tower,0,35,64,1,100,0,3,53,0,56,0,38,117,1,156,56,0,56,212
10/07/2000,TTN,NJ,AEA,EN,Federal Contract Tower,0,10,18,1,29,0,4,126,2,132,0,14,144,3,161,216,0,216,377
10/08/2000,TTN,NJ,AEA,EN,Federal Contract Tower,0,19,35,0,54,0,1,172,0,173,0,20,207,0,227,184,0,184,411
10/09/2000,TTN,NJ,AEA,EN,Federal Contract Tower,0,22,40,0,62,0,6,162,0,168,0,28,202,0,230,198,0,198,428
10/10/2000,TTN,NJ,AEA,EN,Federal Contract Tower,0,32,58,3,93,0,1,209,10,220,0,33,267,13,313,216,2,218,531
10/11/2000,TTN,NJ,AEA,EN,Federal Contract Tower,0,29,51,2,82,0,4,222,6,232,0,33,273,8,314,182,2,184,498
10/12/2000,TTN,NJ,AEA,EN,Federal Contract Tower,0,34,67,3,104,0,0,311,19,330,0,34,378,22,434,308,0,308,742
10/13/2000,TTN,NJ,AEA,EN,Federal Contract Tower,0,25,44,2,71,0,3,288,9,300,0,28,332,11,371,234,10,244,615
10/14/2000,TTN,NJ,AEA,EN,Federal Contract Tower,0,17,35,2,54,0,0,240,2,242,0,17,275,4,296,266,0,266,562
10/15/2000,TTN,NJ,AEA,EN,Federal Contract Tower,0,14,37,1,52,0,0,206,0,206,0,14,243,1,258,240,4,244,502
10/16/2000,TTN,NJ,AEA,EN,Federal Contract Tower,0,27,66,2,95,0,0,31,4,35,0,27,97,6,130,6,6,12,142
10/17/2000,TTN,NJ,AEA,EN,Federal Contract Tower,0,35,63,2,100,0,2,23,5,30,0,37,86,7,130,22,2,24,154
10/18/2000,TTN,NJ,AEA,EN,Federal Contract Tower,0,28,61,2,91,0,0,27,0,27,0,28,88,2,118,0,0,0,118
10/19/2000,TTN,NJ,AEA,EN,Federal Contract Tower,0,32,58,2,92,0,7,237,24,268,0,39,295,26,360,140,0,140,500
10/20/2000,TTN,NJ,AEA,EN,Federal Contract Tower,0,33,61,2,96,0,3,325,12,340,0,36,386,14,436,264,0,264,700
10/21/2000,TTN,NJ,AEA,EN,Federal Contract Tower,0,18,36,1,55,0,0,161,14,175,0,18,197,15,230,154,0,154,384
10/22/2000,TTN,NJ,AEA,EN,Federal Contract Tower,0,17,37,1,55,0,0,259,18,277,0,17,296,19,332,248,0,248,580
10/23/2000,TTN,NJ,AEA,EN,Federal Contract Tower,0,28,49,1,78,0,3,180,1,184,0,31,229,2,262,226,12,238,500
10/24/2000,TTN,NJ,AEA,EN,Federal Contract Tower,0,29,52,1,82,0,3,202,22,227,0,32,254,23,309,230,0,230,539
10/25/2000,TTN,NJ,AEA,EN,Federal Contract Tower,0,27,48,1,76,0,0,215,13,228,0,27,263,14,304,146,0,146,450
10/26/2000,TTN,NJ,AEA,EN,Federal Contract Tower,0,17,43,1,61,0,0,146,11,157,0,17,189,12,218,96,0,96,314
10/27/2000,TTN,NJ,AEA,EN,Federal Contract Tower,0,30,59,2,91,0,0,97,3,100,0,30,156,5,191,96,0,96,287
10/28/2000,TTN,NJ,AEA,EN,Federal Contract Tower,0,16,28,0,44,0,5,97,3,105,0,21,125,3,149,168,0,168,317
10/29/2000,TTN,NJ,AEA,EN,Federal Contract Tower,0,14,26,0,40,0,2,99,2,103,0,16,125,2,143,134,0,134,277
10/30/2000,TTN,NJ,AEA,EN,Federal Contract Tower,0,28,49,1,78,0,1,157,3,161,0,29,206,4,239,138,0,138,377
10/31/2000,TTN,NJ,AEA,EN,Federal Contract Tower,0,27,54,1,82,0,0,291,8,299,0,27,345,9,381,228,0,228,609
11/01/2000,TTN,NJ,AEA,EN,Federal Contract Tower,0,30,51,1,82,0,1,178,4,183,0,31,229,5,265,146,0,146,411
11/02/2000,TTN,NJ,AEA,EN,Federal Contract Tower,0,27,51,1,79,0,0,249,13,262,0,27,300,14,341,180,6,186,527
11/03/2000,TTN,NJ,AEA,EN,Federal Contract Tower,0,30,53,1,84,0,10,202,0,212,0,40,255,1,296,170,0,170,466
11/04/2000,TTN,NJ,AEA,EN,Federal Contract Tower,0,17,30,1,48,0,1,251,16,268,0,18,281,17,316,234,0,234,550
11/05/2000,TTN,NJ,AEA,EN,Federal Contract Tower,0,20,35,1,56,0,3,150,4,157,0,23,185,5,213,178,0,178,391
11/06/2000,TTN,NJ,AEA,EN,Federal Contract Tower,0,27,46,1,74,0,3,157,9,169,0,30,203,10,243,110,0,110,353
11/07/2000,TTN,NJ,AEA,EN,Federal Contract Tower,0,28,47,1,76,0,5,165,37,207,0,33,212,38,283,222,0,222,505
11/08/2000,TTN,NJ,AEA,EN,Federal Contract Tower,0,33,69,2,104,0,0,258,19,277,0,33,327,21,381,210,0,210,591
11/09/2000,TTN,NJ,AEA,EN,Federal Contract Tower,0,24,58,2,84,0,0,155,13,168,0,24,213,15,252,108,4,112,364
11/10/2000,TTN,NJ,AEA,EN,Federal Contract Tower,0,32,56,0,88,0,3,108,0,111,0,35,164,0,199,176,0,176,375
11/11/2000,TTN,NJ,AEA,EN,Federal Contract Tower,0,16,30,1,47,0,0,92,2,94,0,16,122,3,141,202,0,202,343
11/12/2000,TTN,NJ,AEA,EN,Federal Contract Tower,0,19,39,1,59,0,0,215,2,217,0,19,254,3,276,326,0,326,602
11/13/2000,TTN,NJ,AEA,EN,Federal Contract Tower,0,28,50,2,80,0,6,143,0,149,0,34,193,2,229,268,0,268,497
11/14/2000,TTN,NJ,AEA,EN,Federal Contract Tower,0,32,57,2,91,0,0,45,1,46,0,32,102,3,137,38,0,38,175
11/15/2000,TTN,NJ,AEA,EN,Federal Contract Tower,0,30,55,2,87,0,0,151,17,168,0,30,206,19,255,60,4,64,319
11/16/2000,TTN,NJ,AEA,EN,Federal Contract Tower,0,32,64,2,98,0,0,217,42,259,0,32,281,44,357,212,6,218,575
11/17/2000,TTN,NJ,AEA,EN,Federal Contract Tower,0,28,48,0,76,0,2,173,5,180,0,30,221,5,256,130,0,130,386
11/18/2000,TTN,NJ,AEA,EN,Federal Contract Tower,0,12,30,0,42,0,0,192,3,195,0,12,222,3,237,260,0,260,497
11/19/2000,TTN,NJ,AEA,EN,Federal Contract Tower,0,10,27,0,37,0,0,130,3,133,0,10,157,3,170,232,0,232,402
11/20/2000,TTN,NJ,AEA,EN,Federal Contract Tower,0,25,43,0,68,0,5,104,13,122,0,30,147,13,190,180,0,180,370
11/21/2000,TTN,NJ,AEA,EN,Federal Contract Tower,0,21,38,0,59,0,5,126,23,154,0,26,164,23,213,72,0,72,285
11/22/2000,TTN,NJ,AEA,EN,Federal Contract Tower,0,28,48,0,76,0,6,138,8,152,0,34,186,8,228,156,0,156,384
11/23/2000,TTN,NJ,AEA,EN,Federal Contract Tower,0,12,21,0,33,0,9,44,0,53,0,21,65,0,86,12,0,12,98
11/24/2000,TTN,NJ,AEA,EN,Federal Contract Tower,0,17,31,0,48,0,0,157,0,157,0,17,188,0,205,226,0,226,431
11/25/2000,TTN,NJ,AEA,EN,Federal Contract Tower,0,18,33,0,51,0,0,158,4,162,0,18,191,4,213,264,0,264,477
11/26/2000,TTN,NJ,AEA,EN,Federal Contract Tower,0,17,45,0,62,0,0,9,0,9,0,17,54,0,71,0,0,0,71
11/27/2000,TTN,NJ,AEA,EN,Federal Contract Tower,0,35,65,1,101,0,0,115,1,116,0,35,180,2,217,156,0,156,373
11/28/2000,TTN,NJ,AEA,EN,Federal Contract Tower,0,29,53,1,83,0,1,189,18,208,0,30,242,19,291,206,0,206,497
11/29/2000,TTN,NJ,AEA,EN,Federal Contract Tower,0,33,59,1,93,0,0,252,11,263,0,33,311,12,356,142,6,148,504
11/30/2000,TTN,NJ,AEA,EN,Federal Contract Tower,0,31,54,1,86,0,8,105,15,128,0,39,159,16,214,48,16,64,278
12/01/2000,TTN,NJ,AEA,EN,Federal Contract Tower,0,32,50,2,84,0,0,201,8,209,0,32,251,10,293,184,2,186,479
12/02/2000,TTN,NJ,AEA,EN,Federal Contract Tower,0,17,29,1,47,0,0,172,8,180,0,17,201,9,227,184,0,184,411
12/03/2000,TTN,NJ,AEA,EN,Federal Contract Tower,0,17,35,1,53,0,0,175,2,177,0,17,210,3,230,134,0,134,364
12/04/2000,TTN,NJ,AEA,EN,Federal Contract Tower,0,32,51,1,84,0,0,165,0,165,0,32,216,1,249,188,0,188,437
12/05/2000,TTN,NJ,AEA,EN,Federal Contract Tower,0,29,46,2,77,0,0,254,18,272,0,29,300,20,349,108,4,112,461
12/06/2000,TTN,NJ,AEA,EN,Federal Contract Tower,0,30,46,2,78,0,2,220,15,237,0,32,266,17,315,138,18,156,471
12/07/2000,TTN,NJ,AEA,EN,Federal Contract Tower,0,23,35,1,59,0,6,177,22,205,0,29,212,23,264,120,2,122,386
12/08/2000,TTN,NJ,AEA,EN,Federal Contract Tower,0,26,62,2,90,0,0,151,8,159,0,26,213,10,249,176,0,176,425
12/09/2000,TTN,NJ,AEA,EN,Federal Contract Tower,0,12,25,1,38,0,0,145,6,151,0,12,170,7,189,266,0,266,455
12/10/2000,TTN,NJ,AEA,EN,Federal Contract Tower,0,19,32,0,51,0,0,135,0,135,0,19,167,0,186,198,0,198,384
12/11/2000,TTN,NJ,AEA,EN,Federal Contract Tower,0,24,52,0,76,0,0,8,0,8,0,24,60,0,84,0,0,0,84
12/12/2000,TTN,NJ,AEA,EN,Federal Contract Tower,0,23,34,1,58,0,0,63,13,76,0,23,97,14,134,24,24,48,182
12/13/2000,TTN,NJ,AEA,EN,Federal Contract Tower,0,27,42,2,71,0,3,208,14,225,0,30,250,16,296,90,0,90,386
12/14/2000,TTN,NJ,AEA,EN,Federal Contract Tower,0,25,37,1,63,0,5,73,10,88,0,30,110,11,151,124,0,124,275
12/15/2000,TTN,NJ,AEA,EN,Federal Contract Tower,0,33,49,2,84,0,3,185,3,191,0,36,234,5,275,200,0,200,475
12/16/2000,TTN,NJ,AEA,EN,Federal Contract Tower,0,14,34,0,48,0,0,18,0,18,0,14,52,0,66,16,0,16,82
12/17/2000,TTN,NJ,AEA,EN,Federal Contract Tower,0,11,19,0,30,0,0,6,0,6,0,11,25,0,36,12,0,12,48
12/18/2000,TTN,NJ,AEA,EN,Federal Contract Tower,0,19,30,1,50,0,0,257,8,265,0,19,287,9,315,214,4,218,533
12/19/2000,TTN,NJ,AEA,EN,Federal Contract Tower,0,26,43,1,70,0,0,159,26,185,0,26,202,27,255,52,2,54,309
12/20/2000,TTN,NJ,AEA,EN,Federal Contract Tower,0,23,35,0,58,0,8,93,14,115,0,31,128,14,173,30,0,30,203
12/21/2000,TTN,NJ,AEA,EN,Federal Contract Tower,0,26,40,0,66,0,7,220,2,229,0,33,260,2,295,78,0,78,373
12/22/2000,TTN,NJ,AEA,EN,Federal Contract Tower,0,21,33,0,54,0,5,19,2,26,0,26,52,2,80,22,0,22,102
12/23/2000,TTN,NJ,AEA,EN,Federal Contract Tower,0,11,31,0,42,0,0,49,2,51,0,11,80,2,93,90,0,90,183
12/24/2000,TTN,NJ,AEA,EN,Federal Contract Tower,0,11,18,0,29,0,2,47,0,49,0,13,65,0,78,52,0,52,130
12/25/2000,TTN,NJ,AEA,EN,Federal Contract Tower,0,5,9,0,14,0,11,6,0,17,0,16,15,0,31,2,0,2,33
12/26/2000,TTN,NJ,AEA,EN,Federal Contract Tower,0,23,34,0,57,0,0,150,0,150,0,23,184,0,207,140,0,140,347
12/27/2000,TTN,NJ,AEA,EN,Federal Contract Tower,0,16,24,0,40,0,13,137,3,153,0,29,161,3,193,108,0,108,301
12/28/2000,TTN,NJ,AEA,EN,Federal Contract Tower,0,12,19,0,31,0,10,133,10,153,0,22,152,10,184,122,6,128,312
12/29/2000,TTN,NJ,AEA,EN,Federal Contract Tower,0,20,31,0,51,0,13,144,12,169,0,33,175,12,220,148,0,148,368
12/30/2000,TTN,NJ,AEA,EN,Federal Contract Tower,0,11,18,0,29,0,0,0,0,0,0,11,18,0,29,4,0,4,33
12/31/2000,TTN,NJ,AEA,EN,Federal Contract Tower,0,24,37,0,61,0,2,133,0,135,0,26,170,0,196,32,0,32,228
01/01/2001,TTN,NJ,AEA,EN,Federal Contract Tower,0,12,22,0,34,0,5,27,0,32,0,17,49,0,66,16,0,16,82
01/02/2001,TTN,NJ,AEA,EN,Federal Contract Tower,0,19,34,2,55,0,12,86,9,107,0,31,120,11,162,96,0,96,258
01/03/2001,TTN,NJ,AEA,EN,Federal Contract Tower,0,25,42,2,69,0,3,175,9,187,0,28,217,11,256,128,0,128,384
01/04/2001,TTN,NJ,AEA,EN,Federal Contract Tower,0,27,51,2,80,0,0,186,17,203,0,27,237,19,283,210,2,212,495
01/05/2001,TTN,NJ,AEA,EN,Federal Contract Tower,0,28,46,2,76,0,4,48,12,64,0,32,94,14,140,26,0,26,166
01/06/2001,TTN,NJ,AEA,EN,Federal Contract Tower,0,13,26,1,40,0,0,75,26,101,0,13,101,27,141,162,0,162,303
01/07/2001,TTN,NJ,AEA,EN,Federal Contract Tower,0,18,28,1,47,0,6,111,28,145,0,24,139,29,192,198,6,204,396
01/08/2001,TTN,NJ,AEA,EN,Federal Contract Tower,0,31,51,2,84,0,3,90,2,95,0,34,141,4,179,198,0,198,377
01/09/2001,TTN,NJ,AEA,EN,Federal Contract Tower,0,21,36,2,59,0,4,104,10,118,0,25,140,12,177,150,0,150,327
01/10/2001,TTN,NJ,AEA,EN,Federal Contract Tower,0,27,45,2,74,0,2,142,0,144,0,29,187,2,218,162,0,162,380
01/11/2001,TTN,NJ,AEA,EN,Federal Contract Tower,0,30,60,3,93,0,0,234,9,243,0,30,294,12,336,180,0,180,516
01/12/2001,TTN,NJ,AEA,EN,Federal Contract Tower,0,30,59,2,91,0,0,177,6,183,0,30,236,8,274,146,4,150,424
01/13/2001,TTN,NJ,AEA,EN,Federal Contract Tower,0,15,26,0,41,0,0,148,0,148,0,15,174,0,189,270,0,270,459
01/14/2001,TTN,NJ,AEA,EN,Federal Contract Tower,0,18,33,1,52,0,0,131,0,131,0,18,164,1,183,248,0,248,431
01/15/2001,TTN,NJ,AEA,EN,Federal Contract Tower,0,14,28,0,42,0,0,8,0,8,0,14,36,0,50,0,0,0,50
01/16/2001,TTN,NJ,AEA,EN,Federal Contract Tower,0,31,61,3,95,0,0,117,2,119,0,31,178,5,214,91,0,91,305
01/17/2001,TTN,NJ,AEA,EN,Federal Contract Tower,0,28,51,2,81,0,0,243,20,263,0,28,294,22,344,104,0,104,448
01/18/2001,TTN,NJ,AEA,EN,Federal Contract Tower,0,28,49,2,79,0,0,100,8,108,0,28,149,10,187,26,0,26,213
01/19/2001,TTN,NJ,AEA,EN,Federal Contract Tower,0,22,38,0,60,0,6,16,0,22,0,28,54,0,82,0,0,0,82
01/20/2001,TTN,NJ,AEA,EN,Federal Contract Tower,0,8,7,0,15,0,6,0,0,6,0,14,7,0,21,0,0,0,21
01/21/2001,TTN,NJ,AEA,EN,Federal Contract Tower,0,14,22,0,36,0,3,27,8,38,0,17,49,8,74,8,0,8,82
01/22/2001,TTN,NJ,AEA,EN,Federal Contract Tower,0,30,58,1,89,0,0,192,4,196,0,30,250,5,285,206,0,206,491
01/23/2001,TTN,NJ,AEA,EN,Federal Contract Tower,0,27,46,1,74,0,0,159,34,193,0,27,205,35,267,207,0,207,474
01/24/2001,TTN,NJ,AEA,EN,Federal Contract Tower,0,34,57,1,92,0,1,197,24,222,0,35,254,25,314,186,4,190,504
01/25/2001,TTN,NJ,AEA,EN,Federal Contract Tower,0,27,55,1,83,0,0,186,15,201,0,27,241,16,284,128,2,130,414
01/26/2001,TTN,NJ,AEA,EN,Federal Contract Tower,0,29,58,1,88,0,0,210,15,225,0,29,268,16,313,227,0,227,540
01/27/2001,TTN,NJ,AEA,EN,Federal Contract Tower,0,18,29,0,47,0,1,32,2,35,0,19,61,2,82,76,0,76,158
01/28/2001,TTN,NJ,AEA,EN,Federal Contract Tower,0,18,32,0,50,0,6,181,0,187,0,24,213,0,237,140,0,140,377
01/29/2001,TTN,NJ,AEA,EN,Federal Contract Tower,0,18,47,1,66,0,0,200,15,215,0,18,247,16,281,242,2,244,525
01/30/2001,TTN,NJ,AEA,EN,Federal Contract Tower,0,18,30,1,49,0,7,20,4,31,0,25,50,5,80,50,0,50,130
01/31/2001,TTN,NJ,AEA,EN,Federal Contract Tower,0,25,42,1,68,0,3,120,12,135,0,28,162,13,203,44,0,44,247
02/01/2001,TTN,NJ,AEA,EN,Federal Contract Tower,0,32,63,3,98,0,1,284,26,311,0,33,347,29,409,178,4,182,591
02/02/2001,TTN,NJ,AEA,EN,Federal Contract Tower,0,25,55,2,82,0,0,113,7,120,0,25,168,9,202,74,0,74,276
02/03/2001,TTN,NJ,AEA,EN,Federal Contract Tower,0,16,32,2,50,0,4,124,22,150,0,20,156,24,200,198,0,198,398
02/04/2001,TTN,NJ,AEA,EN,Federal Contract Tower,0,13,31,2,46,0,0,144,16,160,0,13,175,18,206,192,0,192,398
02/05/2001,TTN,NJ,AEA,EN,Federal Contract Tower,0,20,40,2,62,0,1,19,1,21,0,21,59,3,83,0,0,0,83
02/06/2001,TTN,NJ,AEA,EN,Federal Contract Tower,0,25,51,2,78,0,0,116,7,123,0,25,167,9,201,82,0,82,283
02/07/2001,TTN,NJ,AEA,EN,Federal Contract Tower,0,31,58,2,91,0,1,255,16,272,0,32,313,18,363,198,1,199,562
02/08/2001,TTN,NJ,AEA,EN,Federal Contract Tower,0,30,78,3,111,0,0,234,24,258,0,30,312,27,369,238,0,238,607
02/09/2001,TTN,NJ,AEA,EN,Federal Contract Tower,0,31,60,3,94,0,2,104,2,108,0,33,164,5,202,124,0,124,326
02/10/2001,TTN,NJ,AEA,EN,Federal Contract Tower,0,7,14,1,22,0,8,14,16,38,0,15,28,17,60,22,0,22,82
02/11/2001,TTN,NJ,AEA,EN,Federal Contract Tower,0,12,35,2,49,0,0,151,69,220,0,12,186,71,269,120,0,120,389
02/12/2001,TTN,NJ,AEA,EN,Federal Contract Tower,0,19,52,2,73,0,0,191,2,193,0,19,243,4,266,188,0,188,454
02/13/2001,TTN,NJ,AEA,EN,Federal Contract Tower,0,22,44,2,68,0,2,199,14,215,0,24,243,16,283,186,0,186,469
02/14/2001,TTN,NJ,AEA,EN,Federal Contract Tower,0,27,53,1,81,0,2,57,6,65,0,29,110,7,146,42,4,46,192
02/15/2001,TTN,NJ,AEA,EN,Federal Contract Tower,0,33,66,2,101,0,2,195,11,208,0,35,261,13,309,62,0,62,371
02/16/2001,TTN,NJ,AEA,EN,Federal Contract Tower,0,24,55,1,80,0,0,40,13,53,0,24,95,14,133,110,3,113,246
02/17/2001,TTN,NJ,AEA,EN,Federal Contract Tower,0,15,28,0,43,0,5,37,5,47,0,20,65,5,90,31,0,31,121
02/18/2001,TTN,NJ,AEA,EN,Federal Contract Tower,0,14,32,1,47,0,0,140,0,140,0,14,172,1,187,146,0,146,333
02/19/2001,TTN,NJ,AEA,EN,Federal Contract Tower,0,32,65,2,99,0,4,176,1,181,0,36,241,3,280,152,0,152,432
02/20/2001,TTN,NJ,AEA,EN,Federal Contract Tower,0,24,46,1,71,0,2,138,2,142,0,26,184,3,213,142,0,142,355
02/21/2001,TTN,NJ,AEA,EN,Federal Contract Tower,0,19,39,1,59,0,11,126,7,144,0,30,165,8,203,76,10,86,289
02/22/2001,TTN,NJ,AEA,EN,Federal Contract Tower,0,22,67,2,91,0,0,158,4,162,0,22,225,6,253,104,17,121,374
02/23/2001,TTN,NJ,AEA,EN,Federal Contract Tower,0,22,44,1,67,0,5,97,4,106,0,27,141,5,173,94,0,94,267
02/24/2001,TTN,NJ,AEA,EN,Federal Contract Tower,0,18,37,1,56,0,3,157,0,160,0,21,194,1,216,300,0,300,516
02/25/2001,TTN,NJ,AEA,EN,Federal Contract Tower,0,6,23,0,29,0,0,12,2,14,0,6,35,2,43,42,0,42,85
02/26/2001,TTN,NJ,AEA,EN,Federal Contract Tower,0,21,43,1,65,0,0,176,18,194,0,21,219,19,259,134,0,134,393
02/27/2001,TTN,NJ,AEA,EN,Federal Contract Tower,0,25,48,1,74,0,1,204,24,229,0,26,252,25,303,240,0,240,543
02/28/2001,TTN,NJ,AEA,EN,Federal Contract Tower,0,21,42,1,64,0,7,193,7,207,0,28,235,8,271,190,0,190,461
03/01/2001,TTN,NJ,AEA,EN,Federal Contract Tower,0,26,64,3,93,0,0,186,20,206,0,26,250,23,299,156,2,158,457
03/02/2001,TTN,NJ,AEA,EN,Federal Contract Tower,0,26,65,3,94,0,0,141,7,148,0,26,206,10,242,152,0,152,394
03/03/2001,TTN,NJ,AEA,EN,Federal Contract Tower,0,12,29,1,42,0,1,156,4,161,0,13,185,5,203,198,0,198,401
03/04/2001,TTN,NJ,AEA,EN,Federal Contract Tower,0,11,34,2,47,0,0,0,0,0,0,11,34,2,47,74,0,74,121
03/05/2001,TTN,NJ,AEA,EN,Federal Contract Tower,0,3,11,0,14,0,0,2,0,2,0,3,13,0,16,0,0,0,16
03/06/2001,TTN,NJ,AEA,EN,Federal Contract Tower,0,1,7,1,9,0,0,0,6,6,0,1,7,7,15,16,0,16,31
03/07/2001,TTN,NJ,AEA,EN,Federal Contract Tower,0,18,49,3,70,0,0,166,18,184,0,18,215,21,254,230,6,236,490
03/08/2001,TTN,NJ,AEA,EN,Federal Contract Tower,0,25,62,4,91,0,0,182,13,195,0,25,244,17,286,174,0,174,460
03/09/2001,TTN,NJ,AEA,EN,Federal Contract Tower,0,21,53,3,77,0,0,92,7,99,0,21,145,10,176,136,0,136,312
03/10/2001,TTN,NJ,AEA,EN,Federal Contract Tower,0,12,29,0,41,0,2,131,0,133,0,14,160,0,174,292,0,292,466
03/11/2001,TTN,NJ,AEA,EN,Federal Contract Tower,0,17,40,2,59,0,1,175,0,176,0,18,215,2,235,248,0,248,483
03/12/2001,TTN,NJ,AEA,EN,Federal Contract Tower,0,22,57,3,82,0,0,211,2,213,0,22,268,5,295,312,0,312,607
03/13/2001,TTN,NJ,AEA,EN,Federal Contract Tower,0,18,52,3,73,0,0,0,7,7,0,18,52,10,80,20,0,20,100
03/14/2001,TTN,NJ,AEA,EN,Federal Contract Tower,0,20,50,3,73,0,6,86,12,104,0,26,136,15,177,8,0,8,185
03/15/2001,TTN,NJ,AEA,EN,Federal Contract Tower,0,20,66,4,90,0,0,159,23,182,0,20,225,27,272,214,0,214,486
03/16/2001,TTN,NJ,AEA,EN,Federal Contract Tower,0,20,58,2,80,0,0,101,8,109,0,20,159,10,189,216,0,216,405
03/17/2001,TTN,NJ,AEA,EN,Federal Contract Tower,0,15,52,0,67,0,0,25,0,25,0,15,77,0,92,12,0,12,104
03/18/2001,TTN,NJ,AEA,EN,Federal Contract Tower,0,10,25,1,36,0,2,78,0,80,0,12,103,1,116,64,0,64,180
03/19/2001,TTN,NJ,AEA,EN,Federal Contract Tower,0,25,66,2,93,0,0,146,0,146,0,25,212,2,239,136,0,136,375
03/20/2001,TTN,NJ,AEA,EN,Federal Contract Tower,0,25,66,3,94,0,0,250,14,264,0,25,316,17,358,142,0,142,500
03/21/2001,TTN,NJ,AEA,EN,Federal Contract Tower,0,17,41,1,59,0,4,41,0,45,0,21,82,1,104,12,0,12,116
03/22/2001,TTN,NJ,AEA,EN,Federal Contract Tower,0,18,47,2,67,0,1,44,7,52,0,19,91,9,119,24,0,24,143
03/23/2001,TTN,NJ,AEA,EN,Federal Contract Tower,0,18,47,2,67,0,5,137,12,154,0,23,184,14,221,56,0,56,277
03/24/2001,TTN,NJ,AEA,EN,Federal Contract Tower,0,9,24,0,33,0,5,105,0,110,0,14,129,0,143,144,0,144,287
03/25/2001,TTN,NJ,AEA,EN,Federal Contract Tower,0,12,43,2,57,0,0,156,1,157,0,12,199,3,214,184,0,184,398
03/26/2001,TTN,NJ,AEA,EN,Federal Contract Tower,0,20,52,2,74,0,8,59,8,75,0,28,111,10,149,58,0,58,207
03/27/2001,TTN,NJ,AEA,EN,Federal Contract Tower,0,25,65,3,93,0,0,159,43,202,0,25,224,46,295,196,2,198,493
03/28/2001,TTN,NJ,AEA,EN,Federal Contract Tower,0,20,51,2,73,0,10,241,14,265,0,30,292,16,338,214,0,214,552
03/29/2001,TTN,NJ,AEA,EN,Federal Contract Tower,0,22,67,3,92,0,0,172,12,184,0,22,239,15,276,152,4,156,432
03/30/2001,TTN,NJ,AEA,EN,Federal Contract Tower,0,23,57,1,81,0,1,14,0,15,0,24,71,1,96,4,0,4,100
03/31/2001,TTN,NJ,AEA,EN,Federal Contract Tower,0,17,44,2,63,0,0,122,2,124,0,17,166,4,187,312,0,312,499
04/01/2001,TTN,NJ,AEA,EN,Federal Contract Tower,0,13,53,0,66,0,0,115,2,117,0,13,168,2,183,162,0,162,345
04/02/2001,TTN,NJ,AEA,EN,Federal Contract Tower,0,23,63,2,88,0,0,98,1,99,0,23,161,3,187,78,0,78,265
04/03/2001,TTN,NJ,AEA,EN,Federal Contract Tower,0,26,47,2,75,0,0,209,11,220,0,26,256,13,295,178,2,180,475
04/04/2001,TTN,NJ,AEA,EN,Federal Contract Tower,0,29,70,3,102,0,0,243,19,262,0,29,313,22,364,252,3,255,619
04/05/2001,TTN,NJ,AEA,EN,Federal Contract Tower,0,35,60,2,97,0,0,303,22,325,0,35,363,24,422,164,0,164,586
04/06/2001,TTN,NJ,AEA,EN,Federal Contract Tower,0,27,77,2,106,0,0,81,7,88,0,27,158,9,194,120,0,120,314
04/07/2001,TTN,NJ,AEA,EN,Federal Contract Tower,0,15,55,3,73,0,1,103,29,133,0,16,158,32,206,108,0,108,314
04/08/2001,TTN,NJ,AEA,EN,Federal Contract Tower,0,10,39,4,53,0,0,8,2,10,0,10,47,6,63,0,0,0,63
04/09/2001,TTN,NJ,AEA,EN,Federal Contract Tower,0,28,62,2,92,0,0,184,20,204,0,28,246,22,296,194,0,194,490
04/10/2001,TTN,NJ,AEA,EN,Federal Contract Tower,0,29,61,1,91,0,6,152,73,231,0,35,213,74,322,134,0,134,456
04/11/2001,TTN,NJ,AEA,EN,Federal Contract Tower,0,32,68,4,104,0,0,39,3,42,0,32,107,7,146,2,0,2,148
04/12/2001,TTN,NJ,AEA,EN,Federal Contract Tower,0,25,75,0,100,0,0,11,1,12,0,25,86,1,112,0,0,0,112
04/13/2001,TTN,NJ,AEA,EN,Federal Contract Tower,0,24,37,0,61,0,0,161,4,165,0,24,198,4,226,158,10,168,394
04/14/2001,TTN,NJ,AEA,EN,Federal Contract Tower,0,15,38,0,53,0,1,190,0,191,0,16,228,0,244,320,0,320,564
04/15/2001,TTN,NJ,AEA,EN,Federal Contract Tower,0,20,20,0,40,0,0,147,1,148,0,20,167,1,188,56,0,56,244
04/16/2001,TTN,NJ,AEA,EN,Federal Contract Tower,0,23,76,0,99,0,0,136,17,153,0,23,212,17,252,241,0,241,493
04/17/2001,TTN,NJ,AEA,EN,Federal Contract Tower,0,26,62,4,92,0,0,153,14,167,0,26,215,18,259,136,0,136,395
04/18/2001,TTN,NJ,AEA,EN,Federal Contract Tower,0,22,46,2,70,0,0,146,5,151,0,22,192,7,221,112,0,112,333
04/19/2001,TTN,NJ,AEA,EN,Federal Contract Tower,0,24,57,2,83,0,0,261,19,280,0,24,318,21,363,196,0,196,559
04/20/2001,TTN,NJ,AEA,EN,Federal Contract Tower,0,22,72,5,99,0,0,202,13,215,0,22,274,18,314,180,0,180,494
04/21/2001,TTN,NJ,AEA,EN,Federal Contract Tower,0,10,55,5,70,0,0,120,11,131,0,10,175,16,201,324,0,324,525
04/22/2001,TTN,NJ,AEA,EN,Federal Contract Tower,0,13,37,0,50,0,0,150,8,158,0,13,187,8,208,154,0,154,362
04/23/2001,TTN,NJ,AEA,EN,Federal Contract Tower,0,22,47,0,69,0,0,247,5,252,0,22,294,5,321,244,0,244,565
04/24/2001,TTN,NJ,AEA,EN,Federal Contract Tower,0,23,47,3,73,0,0,138,14,152,0,23,185,17,225,88,0,88,313
04/25/2001,TTN,NJ,AEA,EN,Federal Contract Tower,0,32,54,2,88,0,0,222,16,238,0,32,276,18,326,124,0,124,450
04/26/2001,TTN,NJ,AEA,EN,Federal Contract Tower,0,30,72,1,103,0,0,231,10,241,0,30,303,11,344,114,0,114,458
04/27/2001,TTN,NJ,AEA,EN,Federal Contract Tower,0,26,52,0,78,0,0,205,11,216,0,26,257,11,294,118,0,118,412
04/28/2001,TTN,NJ,AEA,EN,Federal Contract Tower,0,16,38,0,54,0,0,152,10,162,0,16,190,10,216,134,0,134,350
04/29/2001,TTN,NJ,AEA,EN,Federal Contract Tower,0,14,34,1,49,0,0,191,0,191,0,14,225,1,240,226,0,226,466
04/30/2001,TTN,NJ,AEA,EN,Federal Contract Tower,0,23,68,0,91,0,0,170,17,187,0,23,238,17,278,162,0,162,440
05/01/2001,TTN,NJ,AEA,EN,Federal Contract Tower,0,26,50,0,76,0,1,177,15,193,0,27,227,15,269,172,2,174,443
05/02/2001,TTN,NJ,AEA,EN,Federal Contract Tower,0,25,47,0,72,0,1,257,18,276,0,26,304,18,348,148,0,148,496
05/03/2001,TTN,NJ,AEA,EN,Federal Contract Tower,0,23,58,2,83,0,1,240,21,262,0,24,298,23,345,196,0,196,541
05/04/2001,TTN,NJ,AEA,EN,Federal Contract Tower,0,30,50,2,82,0,1,191,5,197,0,31,241,7,279,154,0,154,433
05/05/2001,TTN,NJ,AEA,EN,Federal Contract Tower,0,12,22,2,36,0,1,187,24,212,0,13,209,26,248,170,0,170,418
05/06/2001,TTN,NJ,AEA,EN,Federal Contract Tower,0,16,45,3,64,0,0,220,21,241,0,16,265,24,305,254,2,256,561
05/07/2001,TTN,NJ,AEA,EN,Federal Contract Tower,0,33,55,0,88,0,0,219,6,225,0,33,274,6,313,130,0,130,443
05/08/2001,TTN,NJ,AEA,EN,Federal Contract Tower,0,23,65,2,90,0,0,181,11,192,0,23,246,13,282,138,0,138,420
05/09/2001,TTN,NJ,AEA,EN,Federal Contract Tower,0,26,64,0,90,0,0,231,17,248,0,26,295,17,338,228,0,228,566
05/10/2001,TTN,NJ,AEA,EN,Federal Contract Tower,1,26,72,4,103,0,0,280,10,290,1,26,352,14,393,172,2,174,567
05/11/2001,TTN,NJ,AEA,EN,Federal Contract Tower,0,26,71,1,98,0,0,306,18,324,0,26,377,19,422,130,0,130,552
05/12/2001,TTN,NJ,AEA,EN,Federal Contract Tower,0,16,36,0,52,0,0,93,7,100,0,16,129,7,152,178,0,178,330
05/13/2001,TTN,NJ,AEA,EN,Federal Contract Tower,0,19,43,0,62,0,0,133,0,133,0,19,176,0,195,156,0,156,351
05/14/2001,TTN,NJ,AEA,EN,Federal Contract Tower,0,22,50,0,72,0,0,209,0,209,0,22,259,0,281,138,0,138,419
05/15/2001,TTN,NJ,AEA,EN,Federal Contract Tower,0,24,45,2,71,0,0,209,19,228,0,24,254,21,299,122,0,122,421
05/16/2001,TTN,NJ,AEA,EN,Federal Contract Tower,0,26,46,2,74,0,0,278,21,299,0,26,324,23,373,244,0,244,617
05/17/2001,TTN,NJ,AEA,EN,Federal Contract Tower,0,28,60,3,91,0,0,211,24,235,0,28,271,27,326,160,0,160,486
05/18/2001,TTN,NJ,AEA,EN,Federal Contract Tower,0,26,72,2,100,0,0,91,7,98,0,26,163,9,198,160,0,160,358
05/19/2001,TTN,NJ,AEA,EN,Federal Contract Tower,0,13,46,2,61,0,0,129,11,140,0,13,175,13,201,180,0,180,381
05/20/2001,TTN,NJ,AEA,EN,Federal Contract Tower,0,15,48,2,65,0,0,189,4,193,0,15,237,6,258,128,0,128,386
05/21/2001,TTN,NJ,AEA,EN,Federal Contract Tower,0,24,81,2,107,0,0,38,0,38,0,24,119,2,145,0,0,0,145
05/22/2001,TTN,NJ,AEA,EN,Federal Contract Tower,0,16,53,2,71,0,0,0,0,0,0,16,53,2,71,0,0,0,71
05/23/2001,TTN,NJ,AEA,EN,Federal Contract Tower,0,24,65,2,91,0,0,19,0,19,0,24,84,2,110,6,0,6,116
05/24/2001,TTN,NJ,AEA,EN,Federal Contract Tower,0,25,74,6,105,0,0,205,16,221,0,25,279,22,326,178,0,178,504
05/25/2001,TTN,NJ,AEA,EN,Federal Contract Tower,0,26,79,3,108,0,0,22,5,27,0,26,101,8,135,6,0,6,141
05/26/2001,TTN,NJ,AEA,EN,Federal Contract Tower,0,13,25,0,38,0,0,8,0,8,0,13,33,0,46,0,0,0,46
05/27/2001,TTN,NJ,AEA,EN,Federal Contract Tower,0,12,29,0,41,0,0,25,1,26,0,12,54,1,67,34,0,34,101
05/28/2001,TTN,NJ,AEA,EN,Federal Contract Tower,0,22,31,1,54,0,0,87,1,88,0,22,118,2,142,44,0,44,186
05/29/2001,TTN,NJ,AEA,EN,Federal Contract Tower,0,35,55,1,91,0,0,254,6,260,0,35,309,7,351,104,0,104,455
05/30/2001,TTN,NJ,AEA,EN,Federal Contract Tower,0,21,42,0,63,0,0,241,13,254,0,21,283,13,317,170,0,170,487
05/31/2001,TTN,NJ,AEA,EN,Federal Contract Tower,0,30,49,0,79,0,0,299,24,323,0,30,348,24,402,268,0,268,670
06/01/2001,TTN,NJ,AEA,EN,Federal Contract Tower,0,26,65,0,91,0,1,172,3,176,0,27,237,3,267,68,0,68,335
06/02/2001,TTN,NJ,AEA,EN,Federal Contract Tower,0,13,32,0,45,0,0,69,2,71,0,13,101,2,116,136,1,137,253
06/03/2001,TTN,NJ,AEA,EN,Federal Contract Tower,0,13,43,0,56,0,0,123,2,125,0,13,166,2,181,54,6,60,241
06/04/2001,TTN,NJ,AEA,EN,Federal Contract Tower,0,24,63,2,89,0,0,265,14,279,0,24,328,16,368,254,0,254,622
06/05/2001,TTN,NJ,AEA,EN,Federal Contract Tower,0,24,58,0,82,0,0,358,14,372,0,24,416,14,454,252,0,252,706
06/06/2001,TTN,NJ,AEA,EN,Federal Contract Tower,0,19,43,2,64,0,0,289,7,296,0,19,332,9,360,226,0,226,586
06/07/2001,TTN,NJ,AEA,EN,Federal Contract Tower,0,26,97,1,124,0,0,293,11,304,0,26,390,12,428,200,0,200,628
06/08/2001,TTN,NJ,AEA,EN,Federal Contract Tower,0,24,68,0,92,0,0,297,4,301,0,24,365,4,393,150,0,150,543
06/09/2001,TTN,NJ,AEA,EN,Federal Contract Tower,0,16,32,0,48,0,0,259,0,259,0,16,291,0,307,220,0,220,527
06/10/2001,TTN,NJ,AEA,EN,Federal Contract Tower,0,14,34,0,48,0,0,236,4,240,0,14,270,4,288,250,0,250,538
06/11/2001,TTN,NJ,AEA,EN,Federal Contract Tower,0,20,52,0,72,0,0,214,9,223,0,20,266,9,295,154,0,154,449
06/12/2001,TTN,NJ,AEA,EN,Federal Contract Tower,0,26,55,2,83,0,0,198,10,208,0,26,253,12,291,154,0,154,445
06/13/2001,TTN,NJ,AEA,EN,Federal Contract Tower,0,22,68,0,90,0,0,135,8,143,0,22,203,8,233,70,0,70,303
06/14/2001,TTN,NJ,AEA,EN,Federal Contract Tower,0,31,81,7,119,0,0,96,6,102,0,31,177,13,221,70,0,70,291
06/15/2001,TTN,NJ,AEA,EN,Federal Contract Tower,0,27,67,3,97,0,0,67,0,67,0,27,134,3,164,142,4,146,310
06/16/2001,TTN,NJ,AEA,EN,Federal Contract Tower,0,17,17,0,34,0,0,15,0,15,0,17,32,0,49,22,0,22,71
06/17/2001,TTN,NJ,AEA,EN,Federal Contract Tower,0,23,46,1,70,0,0,89,0,89,0,23,135,1,159,130,0,130,289
06/18/2001,TTN,NJ,AEA,EN,Federal Contract Tower,0,28,52,1,81,0,0,260,19,279,0,28,312,20,360,256,0,256,616
06/19/2001,TTN,NJ,AEA,EN,Federal Contract Tower,0,11,24,1,36,0,17,298,24,339,0,28,322,25,375,232,6,238,613
06/20/2001,TTN,NJ,AEA,EN,Federal Contract Tower,0,19,40,0,59,0,0,210,14,224,0,19,250,14,283,156,3,159,442
06/21/2001,TTN,NJ,AEA,EN,Federal Contract Tower,0,24,48,1,73,0,0,117,18,135,0,24,165,19,208,62,0,62,270
06/22/2001,TTN,NJ,AEA,EN,Federal Contract Tower,0,23,65,0,88,0,0,93,10,103,0,23,158,10,191,148,2,150,341
06/23/2001,TTN,NJ,AEA,EN,Federal Contract Tower,0,14,23,0,37,0,0,6,1,7,0,14,29,1,44,30,0,30,74
06/24/2001,TTN,NJ,AEA,EN,Federal Contract Tower,0,15,27,0,42,0,0,179,4,183,0,15,206,4,225,176,0,176,401
06/25/2001,TTN,NJ,AEA,EN,Federal Contract Tower,0,28,58,1,87,0,0,282,10,292,0,28,340,11,379,210,0,210,589
06/26/2001,TTN,NJ,AEA,EN,Federal Contract Tower,0,32,58,0,90,0,0,258,15,273,0,32,316,15,363,244,0,244,607
06/27/2001,TTN,NJ,AEA,EN,Federal Contract Tower,0,27,59,0,86,0,0,236,9,245,0,27,295,9,331,260,0,260,591
06/28/2001,TTN,NJ,AEA,EN,Federal Contract Tower,0,18,52,1,71,0,0,235,21,256,0,18,287,22,327,160,0,160,487
06/29/2001,TTN,NJ,AEA,EN,Federal Contract Tower,0,26,59,0,85,0,0,212,2,214,0,26,271,2,299,88,0,88,387
06/30/2001,TTN,NJ,AEA,EN,Federal Contract Tower,0,16,48,1,65,0,0,96,0,96,0,16,144,1,161,122,0,122,283
07/01/2001,TTN,NJ,AEA,EN,Federal Contract Tower,0,10,33,0,43,0,0,83,0,83,0,10,116,0,126,206,0,206,332
07/02/2001,TTN,NJ,AEA,EN,Federal Contract Tower,0,27,51,1,79,0,0,179,9,188,0,27,230,10,267,204,0,204,471
07/03/2001,TTN,NJ,AEA,EN,Federal Contract Tower,0,20,26,0,46,0,0,177,3,180,0,20,203,3,226,180,0,180,406
07/04/2001,TTN,NJ,AEA,EN,Federal Contract Tower,0,9,13,0,22,0,0,37,0,37,0,9,50,0,59,44,0,44,103
07/05/2001,TTN,NJ,AEA,EN,Federal Contract Tower,0,21,39,0,60,0,0,135,8,143,0,21,174,8,203,182,0,182,385
07/06/2001,TTN,NJ,AEA,EN,Federal Contract Tower,0,26,39,0,65,0,0,222,5,227,0,26,261,5,292,164,0,164,456
07/07/2001,TTN,NJ,AEA,EN,Federal Contract Tower,0,13,31,0,44,0,0,152,23,175,0,13,183,23,219,266,0,266,485
07/08/2001,TTN,NJ,AEA,EN,Federal Contract Tower,0,26,39,2,67,0,0,76,11,87,0,26,115,13,154,114,0,114,268
07/09/2001,TTN,NJ,AEA,EN,Federal Contract Tower,0,19,55,0,74,0,0,127,8,135,0,19,182,8,209,212,0,212,421
07/10/2001,TTN,NJ,AEA,EN,Federal Contract Tower,0,21,59,1,81,0,0,154,21,175,0,21,213,22,256,170,0,170,426
07/11/2001,TTN,NJ,AEA,EN,Federal Contract Tower,0,32,43,1,76,0,0,184,5,189,0,32,227,6,265,190,22,212,477
07/12/2001,TTN,NJ,AEA,EN,Federal Contract Tower,0,23,49,0,72,0,0,310,16,326,0,23,359,16,398,132,0,132,530
07/13/2001,TTN,NJ,AEA,EN,Federal Contract Tower,0,22,39,0,61,0,0,252,6,258,0,22,291,6,319,178,0,178,497
07/14/2001,TTN,NJ,AEA,EN,Federal Contract Tower,0,16,28,0,44,0,0,233,0,233,0,16,261,0,277,228,0,228,505
07/15/2001,TTN,NJ,AEA,EN,Federal Contract Tower,0,14,36,1,51,0,0,256,3,259,0,14,292,4,310,204,0,204,514
07/16/2001,TTN,NJ,AEA,EN,Federal Contract Tower,0,20,61,0,81,0,0,219,17,236,0,20,280,17,317,250,0,250,567
07/17/2001,TTN,NJ,AEA,EN,Federal Contract Tower,0,26,54,0,80,0,0,210,30,240,0,26,264,30,320,196,0,196,516
07/18/2001,TTN,NJ,AEA,EN,Federal Contract Tower,0,21,60,0,81,0,0,94,10,104,0,21,154,10,185,42,0,42,227
07/19/2001,TTN,NJ,AEA,EN,Federal Contract Tower,0,26,62,1,89,0,0,166,14,180,0,26,228,15,269,134,0,134,403
07/20/2001,TTN,NJ,AEA,EN,Federal Contract Tower,0,18,44,0,62,0,0,245,18,263,0,18,289,18,325,246,0,246,571
07/21/2001,TTN,NJ,AEA,EN,Federal Contract Tower,0,10,24,0,34,0,2,177,3,182,0,12,201,3,216,138,0,138,354
07/22/2001,TTN,NJ,AEA,EN,Federal Contract Tower,0,12,31,0,43,0,0,267,0,267,0,12,298,0,310,166,0,166,476
07/23/2001,TTN,NJ,AEA,EN,Federal Contract Tower,0,17,57,0,74,0,0,193,22,215,0,17,250,22,289,102,0,102,391
07/24/2001,TTN,NJ,AEA,EN,Federal Contract Tower,0,34,62,2,98,0,0,140,23,163,0,34,202,25,261,138,0,138,399
07/25/2001,TTN,NJ,AEA,EN,Federal Contract Tower,0,17,31,1,49,0,0,149,20,169,0,17,180,21,218,172,4,176,394
07/26/2001,TTN,NJ,AEA,EN,Federal Contract Tower,0,27,76,0,103,0,0,106,12,118,0,27,182,12,221,116,0,116,337
07/27/2001,TTN,NJ,AEA,EN,Federal Contract Tower,0,26,67,1,94,0,0,288,8,296,0,26,355,9,390,140,0,140,530
07/28/2001,TTN,NJ,AEA,EN,Federal Contract Tower,0,17,25,0,42,0,0,158,0,158,0,17,183,0,200,228,0,228,428
07/29/2001,TTN,NJ,AEA,EN,Federal Contract Tower,0,12,43,0,55,0,0,89,1,90,0,12,132,1,145,176,0,176,321
07/30/2001,TTN,NJ,AEA,EN,Federal Contract Tower,0,20,74,2,96,0,0,164,9,173,0,20,238,11,269,222,0,222,491
07/31/2001,TTN,NJ,AEA,EN,Federal Contract Tower,0,16,47,1,64,0,0,246,26,272,0,16,293,27,336,220,0,220,556
08/01/2001,TTN,NJ,AEA,EN,Federal Contract Tower,0,15,47,0,62,0,0,210,18,228,0,15,257,18,290,224,0,224,514
08/02/2001,TTN,NJ,AEA,EN,Federal Contract Tower,0,17,58,1,76,0,0,280,11,291,0,17,338,12,367,146,0,146,513
08/03/2001,TTN,NJ,AEA,EN,Federal Contract Tower,0,12,47,0,59,0,0,117,18,135,0,12,164,18,194,112,0,112,306
08/04/2001,TTN,NJ,AEA,EN,Federal Contract Tower,0,7,43,0,50,0,0,58,15,73,0,7,101,15,123,146,4,150,273
08/05/2001,TTN,NJ,AEA,EN,Federal Contract Tower,0,8,43,0,51,0,0,63,6,69,0,8,106,6,120,36,4,40,160
08/06/2001,TTN,NJ,AEA,EN,Federal Contract Tower,0,16,58,2,76,0,0,67,0,67,0,16,125,2,143,22,0,22,165
08/07/2001,TTN,NJ,AEA,EN,Federal Contract Tower,0,12,73,0,85,0,0,175,15,190,0,12,248,15,275,148,2,150,425
08/08/2001,TTN,NJ,AEA,EN,Federal Contract Tower,0,15,43,2,60,0,0,136,15,151,0,15,179,17,211,176,8,184,395
08/09/2001,TTN,NJ,AEA,EN,Federal Contract Tower,0,14,36,1,51,0,0,158,15,173,0,14,194,16,224,122,0,122,346
08/10/2001,TTN,NJ,AEA,EN,Federal Contract Tower,0,12,42,2,56,0,0,43,0,43,0,12,85,2,99,26,0,26,125
08/11/2001,TTN,NJ,AEA,EN,Federal Contract Tower,0,9,26,0,35,0,0,4,0,4,0,9,30,0,39,14,0,14,53
08/12/2001,TTN,NJ,AEA,EN,Federal Contract Tower,0,9,27,1,37,0,0,0,0,0,0,9,27,1,37,0,0,0,37
08/13/2001,TTN,NJ,AEA,EN,Federal Contract Tower,0,16,74,2,92,0,0,17,0,17,0,16,91,2,109,26,0,26,135
08/14/2001,TTN,NJ,AEA,EN,Federal Contract Tower,0,19,53,2,74,0,0,169,15,184,0,19,222,17,258,116,0,116,374
08/15/2001,TTN,NJ,AEA,EN,Federal Contract Tower,0,21,53,4,78,0,0,205,5,210,0,21,258,9,288,156,0,156,444
08/16/2001,TTN,NJ,AEA,EN,Federal Contract Tower,0,22,70,0,92,0,0,133,23,156,0,22,203,23,248,106,0,106,354
08/17/2001,TTN,NJ,AEA,EN,Federal Contract Tower,0,24,47,2,73,0,0,150,4,154,0,24,197,6,227,92,0,92,319
08/18/2001,TTN,NJ,AEA,EN,Federal Contract Tower,0,8,17,0,25,0,0,208,0,208,0,8,225,0,233,108,0,108,341
08/19/2001,TTN,NJ,AEA,EN,Federal Contract Tower,0,4,31,0,35,0,0,59,2,61,0,4,90,2,96,132,0,132,228
08/20/2001,TTN,NJ,AEA,EN,Federal Contract Tower,0,11,59,0,70,0,0,69,1,70,0,11,128,1,140,86,0,86,226
08/21/2001,TTN,NJ,AEA,EN,Federal Contract Tower,0,13,55,0,68,0,0,168,7,175,0,13,223,7,243,80,0,80,323
08/22/2001,TTN,NJ,AEA,EN,Federal Contract Tower,0,22,63,0,85,0,0,254,13,267,0,22,317,13,352,126,0,126,478
08/23/2001,TTN,NJ,AEA,EN,Federal Contract Tower,0,13,55,0,68,0,0,111,14,125,0,13,166,14,193,128,0,128,321
08/24/2001,TTN,NJ,AEA,EN,Federal Contract Tower,0,13,57,2,72,0,0,151,6,157,0,13,208,8,229,138,2,140,369
08/25/2001,TTN,NJ,AEA,EN,Federal Contract Tower,0,10,30,0,40,0,0,126,2,128,0,10,156,2,168,192,0,192,360
08/26/2001,TTN,NJ,AEA,EN,Federal Contract Tower,0,11,24,0,35,0,0,116,0,116,0,11,140,0,151,180,0,180,331
08/27/2001,TTN,NJ,AEA,EN,Federal Contract Tower,0,17,38,0,55,0,0,70,8,78,0,17,108,8,133,26,0,26,159
08/28/2001,TTN,NJ,AEA,EN,Federal Contract Tower,0,14,54,4,72,0,0,146,25,171,0,14,200,29,243,90,0,90,333
08/29/2001,TTN,NJ,AEA,EN,Federal Contract Tower,0,16,56,1,73,0,4,241,15,260,0,20,297,16,333,152,0,152,485
08/30/2001,TTN,NJ,AEA,EN,Federal Contract Tower,0,16,64,4,84,0,0,142,20,162,0,16,206,24,246,96,0,96,342
08/31/2001,TTN,NJ,AEA,EN,Federal Contract Tower,0,15,53,0,68,0,0,89,1,90,0,15,142,1,158,74,0,74,232
09/01/2001,TTN,NJ,AEA,EN,Federal Contract Tower,0,11,32,0,43,0,0,166,0,166,0,11,198,0,209,108,0,108,317
09/02/2001,TTN,NJ,AEA,EN,Federal Contract Tower,0,7,37,0,44,0,0,150,0,150,0,7,187,0,194,150,0,150,344
09/03/2001,TTN,NJ,AEA,EN,Federal Contract Tower,0,8,25,0,33,0,0,147,0,147,0,8,172,0,180,128,0,128,308
09/04/2001,TTN,NJ,AEA,EN,Federal Contract Tower,0,11,37,0,48,0,9,150,5,164,0,20,187,5,212,148,0,148,360
09/05/2001,TTN,NJ,AEA,EN,Federal Contract Tower,0,19,54,0,73,0,0,217,31,248,0,19,271,31,321,252,0,252,573
09/06/2001,TTN,NJ,AEA,EN,Federal Contract Tower,0,15,51,2,68,0,2,222,27,251,0,17,273,29,319,194,0,194,513
09/07/2001,TTN,NJ,AEA,EN,Federal Contract Tower,0,10,42,0,52,0,0,198,5,203,0,10,240,5,255,36,0,36,291
09/08/2001,TTN,NJ,AEA,EN,Federal Contract Tower,0,12,37,0,49,0,0,121,32,153,0,12,158,32,202,60,0,60,262
09/09/2001,TTN,NJ,AEA,EN,Federal Contract Tower,0,8,27,0,35,0,0,122,22,144,0,8,149,22,179,116,0,116,295
09/10/2001,TTN,NJ,AEA,EN,Federal Contract Tower,0,15,59,0,74,0,0,35,23,58,0,15,94,23,132,150,0,150,282
09/11/2001,TTN,NJ,AEA,EN,Federal Contract Tower,0,5,16,3,24,0,0,51,36,87,0,5,67,39,111,8,4,12,123
09/12/2001,TTN,NJ,AEA,EN,Federal Contract Tower,0,0,2,7,9,0,0,21,21,42,0,0,23,28,51,0,0,0,51
09/13/2001,TTN,NJ,AEA,EN,Federal Contract Tower,0,3,3,3,9,0,0,20,13,33,0,3,23,16,42,0,0,0,42
09/14/2001,TTN,NJ,AEA,EN,Federal Contract Tower,0,13,11,8,32,0,0,0,2,2,0,13,11,10,34,0,0,0,34
09/15/2001,TTN,NJ,AEA,EN,Federal Contract Tower,0,13,30,6,49,0,0,16,8,24,0,13,46,14,73,0,0,0,73
09/16/2001,TTN,NJ,AEA,EN,Federal Contract Tower,0,16,29,2,47,0,0,0,15,15,0,16,29,17,62,0,0,0,62
09/17/2001,TTN,NJ,AEA,EN,Federal Contract Tower,0,13,53,1,67,0,0,90,37,127,0,13,143,38,194,0,0,0,194
09/18/2001,TTN,NJ,AEA,EN,Federal Contract Tower,0,7,21,2,30,0,4,51,10,65,0,11,72,12,95,0,0,0,95
09/19/2001,TTN,NJ,AEA,EN,Federal Contract Tower,0,31,75,11,117,0,0,16,16,32,0,31,91,27,149,0,0,0,149
09/20/2001,TTN,NJ,AEA,EN,Federal Contract Tower,0,34,73,2,109,0,0,6,2,8,0,34,79,4,117,0,0,0,117
09/21/2001,TTN,NJ,AEA,EN,Federal Contract Tower,0,19,75,4,98,0,0,59,6,65,0,19,134,10,163,13,0,13,176
09/22/2001,TTN,NJ,AEA,EN,Federal Contract Tower,0,10,38,6,54,0,0,56,3,59,0,10,94,9,113,126,1,127,240
09/23/2001,TTN,NJ,AEA,EN,Federal Contract Tower,0,3,65,4,72,0,0,65,3,68,0,3,130,7,140,203,0,203,343
09/24/2001,TTN,NJ,AEA,EN,Federal Contract Tower,0,16,77,8,101,0,0,27,0,27,0,16,104,8,128,28,0,28,156
09/25/2001,TTN,NJ,AEA,EN,Federal Contract Tower,0,8,55,2,65,0,0,30,6,36,0,8,85,8,101,20,0,20,121
09/26/2001,TTN,NJ,AEA,EN,Federal Contract Tower,0,23,61,10,94,0,0,168,14,182,0,23,229,24,276,192,0,192,468
09/27/2001,TTN,NJ,AEA,EN,Federal Contract Tower,0,10,85,1,96,0,0,152,12,164,0,10,237,13,260,182,4,186,446
09/28/2001,TTN,NJ,AEA,EN,Federal Contract Tower,0,18,62,4,84,0,0,194,10,204,0,18,256,14,288,126,0,126,414
09/29/2001,TTN,NJ,AEA,EN,Federal Contract Tower,0,14,36,6,56,0,0,81,3,84,0,14,117,9,140,66,0,66,206
09/30/2001,TTN,NJ,AEA,EN,Federal Contract Tower,0,4,54,3,61,0,0,50,1,51,0,4,104,4,112,128,0,128,240
10/01/2001,TTN,NJ,AEA,EN,Federal Contract Tower,0,16,65,6,87,0,0,90,10,100,0,16,155,16,187,62,0,62,249
10/02/2001,TTN,NJ,AEA,EN,Federal Contract Tower,0,22,77,2,101,0,0,151,12,163,0,22,228,14,264,216,0,216,480
10/03/2001,TTN,NJ,AEA,EN,Federal Contract Tower,0,23,69,4,96,0,0,131,6,137,0,23,200,10,233,194,0,194,427
10/04/2001,TTN,NJ,AEA,EN,Federal Contract Tower,0,21,73,2,96,0,0,152,5,157,0,21,225,7,253,100,0,100,353
10/05/2001,TTN,NJ,AEA,EN,Federal Contract Tower,0,23,55,2,80,0,0,148,4,152,0,23,203,6,232,142,0,142,374
10/06/2001,TTN,NJ,AEA,EN,Federal Contract Tower,0,9,19,0,28,0,0,17,0,17,0,9,36,0,45,56,0,56,101
10/07/2001,TTN,NJ,AEA,EN,Federal Contract Tower,0,12,32,1,45,0,0,112,1,113,0,12,144,2,158,145,2,147,305
10/08/2001,TTN,NJ,AEA,EN,Federal Contract Tower,0,33,59,0,92,0,0,110,0,110,0,33,169,0,202,86,0,86,288
10/09/2001,TTN,NJ,AEA,EN,Federal Contract Tower,0,29,66,2,97,0,0,148,3,151,0,29,214,5,248,244,0,244,492
10/10/2001,TTN,NJ,AEA,EN,Federal Contract Tower,0,24,79,0,103,0,0,198,16,214,0,24,277,16,317,256,0,256,573
10/11/2001,TTN,NJ,AEA,EN,Federal Contract Tower,0,34,76,6,116,0,0,156,19,175,0,34,232,25,291,114,0,114,405
10/12/2001,TTN,NJ,AEA,EN,Federal Contract Tower,0,24,83,2,109,0,0,152,2,154,0,24,235,4,263,152,0,152,415
10/13/2001,TTN,NJ,AEA,EN,Federal Contract Tower,0,17,39,2,58,0,0,158,7,165,0,17,197,9,223,126,2,128,351
10/14/2001,TTN,NJ,AEA,EN,Federal Contract Tower,0,17,62,0,79,0,0,40,1,41,0,17,102,1,120,174,0,174,294
10/15/2001,TTN,NJ,AEA,EN,Federal Contract Tower,0,30,70,0,100,0,0,151,0,151,0,30,221,0,251,96,0,96,347
10/16/2001,TTN,NJ,AEA,EN,Federal Contract Tower,0,20,75,4,99,0,0,119,8,127,0,20,194,12,226,180,0,180,406
10/17/2001,TTN,NJ,AEA,EN,Federal Contract Tower,0,25,70,4,99,0,0,61,2,63,0,25,131,6,162,46,0,46,208
10/18/2001,TTN,NJ,AEA,EN,Federal Contract Tower,0,32,60,8,100,0,0,159,10,169,0,32,219,18,269,156,0,156,425
10/19/2001,TTN,NJ,AEA,EN,Federal Contract Tower,0,28,78,5,111,0,0,162,3,165,0,28,240,8,276,102,0,102,378
10/20/2001,TTN,NJ,AEA,EN,Federal Contract Tower,0,7,19,1,27,0,8,155,6,169,0,15,174,7,196,132,0,132,328
10/21/2001,TTN,NJ,AEA,EN,Federal Contract Tower,0,7,26,1,34,0,7,96,2,105,0,14,122,3,139,60,0,60,199
10/22/2001,TTN,NJ,AEA,EN,Federal Contract Tower,0,23,75,4,102,0,0,65,3,68,0,23,140,7,170,36,0,36,206
10/23/2001,TTN,NJ,AEA,EN,Federal Contract Tower,0,39,70,2,111,0,0,113,2,115,0,39,183,4,226,54,2,56,282
10/24/2001,TTN,NJ,AEA,EN,Federal Contract Tower,0,21,46,7,74,0,0,86,12,98,0,21,132,19,172,160,0,160,332
10/25/2001,TTN,NJ,AEA,EN,Federal Contract Tower,0,27,66,0,93,0,2,97,2,101,0,29,163,2,194,22,0,22,216
10/26/2001,TTN,NJ,AEA,EN,Federal Contract Tower,0,22,56,1,79,0,5,89,2,96,0,27,145,3,175,38,0,38,213
10/27/2001,TTN,NJ,AEA,EN,Federal Contract Tower,0,16,28,1,45,0,0,71,1,72,0,16,99,2,117,82,0,82,199
10/28/2001,TTN,NJ,AEA,EN,Federal Contract Tower,0,12,19,1,32,0,12,121,2,135,0,24,140,3,167,122,0,122,289
10/29/2001,TTN,NJ,AEA,EN,Federal Contract Tower,0,25,73,0,98,0,0,134,0,134,0,25,207,0,232,122,0,122,354
10/30/2001,TTN,NJ,AEA,EN,Federal Contract Tower,0,21,60,3,84,0,0,155,4,159,0,21,215,7,243,122,0,122,365
10/31/2001,TTN,NJ,AEA,EN,Federal Contract Tower,0,23,46,1,70,0,1,100,4,105,0,24,146,5,175,100,4,104,279
11/01/2001,TTN,NJ,AEA,EN,Federal Contract Tower,0,19,54,5,78,0,1,91,12,104,0,20,145,17,182,102,6,108,290
11/02/2001,TTN,NJ,AEA,EN,Federal Contract Tower,0,21,57,2,80,0,0,118,7,125,0,21,175,9,205,72,0,72,277
11/03/2001,TTN,NJ,AEA,EN,Federal Contract Tower,0,5,20,1,26,0,5,147,2,154,0,10,167,3,180,123,0,123,303
11/04/2001,TTN,NJ,AEA,EN,Federal Contract Tower,0,8,27,2,37,0,9,201,11,221,0,17,228,13,258,127,0,127,385
11/05/2001,TTN,NJ,AEA,EN,Federal Contract Tower,0,19,45,3,67,0,3,83,3,89,0,22,128,6,156,46,0,46,202
11/06/2001,TTN,NJ,AEA,EN,Federal Contract Tower,0,31,65,0,96,0,4,112,13,129,0,35,177,13,225,178,0,178,403
11/07/2001,TTN,NJ,AEA,EN,Federal Contract Tower,0,30,46,6,82,0,0,156,14,170,0,30,202,20,252,174,0,174,426
11/08/2001,TTN,NJ,AEA,EN,Federal Contract Tower,0,18,59,7,84,0,0,171,23,194,0,18,230,30,278,196,6,202,480
11/09/2001,TTN,NJ,AEA,EN,Federal Contract Tower,0,23,52,5,80,0,0,94,6,100,0,23,146,11,180,50,4,54,234
11/10/2001,TTN,NJ,AEA,EN,Federal Contract Tower,0,8,21,0,29,0,7,166,3,176,0,15,187,3,205,164,0,164,369
11/11/2001,TTN,NJ,AEA,EN,Federal Contract Tower,0,6,17,0,23,0,8,71,0,79,0,14,88,0,102,74,0,74,176
11/12/2001,TTN,NJ,AEA,EN,Federal Contract Tower,0,35,61,0,96,0,4,146,0,150,0,39,207,0,246,208,2,210,456
11/13/2001,TTN,NJ,AEA,EN,Federal Contract Tower,0,25,86,0,111,0,5,187,3,195,0,30,273,3,306,138,0,138,444
11/14/2001,TTN,NJ,AEA,EN,Federal Contract Tower,0,18,64,3,85,0,0,124,9,133,0,18,188,12,218,228,0,228,446
11/15/2001,TTN,NJ,AEA,EN,Federal Contract Tower,0,17,69,5,91,0,1,184,15,200,0,18,253,20,291,236,2,238,529
11/16/2001,TTN,NJ,AEA,EN,Federal Contract Tower,0,23,71,2,96,0,0,172,8,180,0,23,243,10,276,132,0,132,408
11/17/2001,TTN,NJ,AEA,EN,Federal Contract Tower,0,5,28,0,33,0,4,147,2,153,0,9,175,2,186,156,0,156,342
11/18/2001,TTN,NJ,AEA,EN,Federal Contract Tower,0,8,27,0,35,0,4,135,7,146,0,12,162,7,181,208,0,208,389
11/19/2001,TTN,NJ,AEA,EN,Federal Contract Tower,0,26,59,0,85,0,4,106,5,115,0,30,165,5,200,136,0,136,336
11/20/2001,TTN,NJ,AEA,EN,Federal Contract Tower,0,30,51,4,85,0,0,92,6,98,0,30,143,10,183,52,0,52,235
11/21/2001,TTN,NJ,AEA,EN,Federal Contract Tower,0,21,48,0,69,0,1,114,9,124,0,22,162,9,193,156,0,156,349
11/22/2001,TTN,NJ,AEA,EN,Federal Contract Tower,0,13,7,0,20,0,0,43,0,43,0,13,50,0,63,36,0,36,99
11/23/2001,TTN,NJ,AEA,EN,Federal Contract Tower,0,7,37,0,44,0,0,135,0,135,0,7,172,0,179,158,0,158,337
11/24/2001,TTN,NJ,AEA,EN,Federal Contract Tower,0,10,18,0,28,0,11,58,0,69,0,21,76,0,97,147,0,147,244
11/25/2001,TTN,NJ,AEA,EN,Federal Contract Tower,0,10,17,0,27,0,10,71,0,81,0,20,88,0,108,33,0,33,141
11/26/2001,TTN,NJ,AEA,EN,Federal Contract Tower,0,20,55,4,79,0,0,116,0,116,0,20,171,4,195,90,0,90,285
11/27/2001,TTN,NJ,AEA,EN,Federal Contract Tower,0,19,50,0,69,0,0,130,5,135,0,19,180,5,204,226,0,226,430
11/28/2001,TTN,NJ,AEA,EN,Federal Contract Tower,0,22,60,6,88,0,1,74,2,77,0,23,134,8,165,166,0,166,331
11/29/2001,TTN,NJ,AEA,EN,Federal Contract Tower,0,27,50,3,80,0,0,1,0,1,0,27,51,3,81,0,0,0,81
11/30/2001,TTN,NJ,AEA,EN,Federal Contract Tower,0,17,62,6,85,0,0,51,4,55,0,17,113,10,140,28,0,28,168
12/01/2001,TTN,NJ,AEA,EN,Federal Contract Tower,0,8,30,7,45,0,0,125,1,126,0,8,155,8,171,98,0,98,269
12/02/2001,TTN,NJ,AEA,EN,Federal Contract Tower,0,9,25,0,34,0,6,91,0,97,0,15,116,0,131,174,0,174,305
12/03/2001,TTN,NJ,AEA,EN,Federal Contract Tower,0,25,49,0,74,0,0,111,2,113,0,25,160,2,187,116,2,118,305
12/04/2001,TTN,NJ,AEA,EN,Federal Contract Tower,0,30,62,3,95,0,0,157,9,166,0,30,219,12,261,160,0,160,421
12/05/2001,TTN,NJ,AEA,EN,Federal Contract Tower,0,22,55,6,83,0,0,124,12,136,0,22,179,18,219,202,0,202,421
12/06/2001,TTN,NJ,AEA,EN,Federal Contract Tower,0,30,29,2,61,0,0,201,8,209,0,30,230,10,270,104,0,104,374
12/07/2001,TTN,NJ,AEA,EN,Federal Contract Tower,0,38,46,0,84,0,0,156,3,159,0,38,202,3,243,152,0,152,395
12/08/2001,TTN,NJ,AEA,EN,Federal Contract Tower,0,13,37,0,50,0,0,73,0,73,0,13,110,0,123,102,0,102,225
12/09/2001,TTN,NJ,AEA,EN,Federal Contract Tower,0,8,23,0,31,0,7,66,0,73,0,15,89,0,104,82,0,82,186
12/10/2001,TTN,NJ,AEA,EN,Federal Contract Tower,0,13,53,0,66,0,4,129,0,133,0,17,182,0,199,92,0,92,291
12/11/2001,TTN,NJ,AEA,EN,Federal Contract Tower,0,17,59,4,80,0,0,147,8,155,0,17,206,12,235,132,0,132,367
12/12/2001,TTN,NJ,AEA,EN,Federal Contract Tower,0,16,50,5,71,0,0,127,16,143,0,16,177,21,214,108,0,108,322
12/13/2001,TTN,NJ,AEA,EN,Federal Contract Tower,0,22,48,0,70,0,0,3,0,3,0,22,51,0,73,0,0,0,73
12/14/2001,TTN,NJ,AEA,EN,Federal Contract Tower,0,36,57,0,93,0,0,14,0,14,0,36,71,0,107,0,0,0,107
12/15/2001,TTN,NJ,AEA,EN,Federal Contract Tower,0,7,22,0,29,0,7,106,0,113,0,14,128,0,142,56,0,56,198
12/16/2001,TTN,NJ,AEA,EN,Federal Contract Tower,0,5,28,0,33,0,5,164,0,169,0,10,192,0,202,190,0,190,392
12/17/2001,TTN,NJ,AEA,EN,Federal Contract Tower,0,16,46,0,62,0,0,82,2,84,0,16,128,2,146,68,0,68,214
12/18/2001,TTN,NJ,AEA,EN,Federal Contract Tower,0,13,42,4,59,0,4,58,9,71,0,17,100,13,130,24,0,24,154
12/19/2001,TTN,NJ,AEA,EN,Federal Contract Tower,0,20,53,3,76,0,0,164,10,174,0,20,217,13,250,110,0,110,360
12/20/2001,TTN,NJ,AEA,EN,Federal Contract Tower,0,18,42,0,60,0,0,87,19,106,0,18,129,19,166,48,0,48,214
12/21/2001,TTN,NJ,AEA,EN,Federal Contract Tower,0,12,39,4,55,0,0,111,10,121,0,12,150,14,176,66,0,66,242
12/22/2001,TTN,NJ,AEA,EN,Federal Contract Tower,0,14,28,0,42,0,0,136,0,136,0,14,164,0,178,154,0,154,332
12/23/2001,TTN,NJ,AEA,EN,Federal Contract Tower,0,14,35,0,49,0,0,90,0,90,0,14,125,0,139,125,0,125,264
12/24/2001,TTN,NJ,AEA,EN,Federal Contract Tower,0,9,12,0,21,0,3,58,0,61,0,12,70,0,82,62,0,62,144
12/25/2001,TTN,NJ,AEA,EN,Federal Contract Tower,0,3,7,0,10,0,3,33,0,36,0,6,40,0,46,31,0,31,77
12/26/2001,TTN,NJ,AEA,EN,Federal Contract Tower,0,16,37,0,53,0,0,86,0,86,0,16,123,0,139,128,0,128,267
12/27/2001,TTN,NJ,AEA,EN,Federal Contract Tower,0,25,29,0,54,0,0,124,8,132,0,25,153,8,186,138,0,138,324
12/28/2001,TTN,NJ,AEA,EN,Federal Contract Tower,0,11,38,0,49,0,0,106,0,106,0,11,144,0,155,167,0,167,322
12/29/2001,TTN,NJ,AEA,EN,Federal Contract Tower,0,11,22,0,33,0,0,91,0,91,0,11,113,0,124,102,0,102,226
12/30/2001,TTN,NJ,AEA,EN,Federal Contract Tower,0,8,17,0,25,0,0,52,0,52,0,8,69,0,77,112,0,112,189
12/31/2001,TTN,NJ,AEA,EN,Federal Contract Tower,0,4,13,0,17,0,0,66,3,69,0,4,79,3,86,54,0,54,140
01/01/2002,TTN,NJ,AEA,EN,Federal Contract Tower,0,12,12,0,24,0,1,63,1,65,0,13,75,1,89,54,0,54,143
01/02/2002,TTN,NJ,AEA,EN,Federal Contract Tower,0,15,31,0,46,0,0,104,1,105,0,15,135,1,151,128,0,128,279
01/03/2002,TTN,NJ,AEA,EN,Federal Contract Tower,0,19,40,4,63,0,0,171,28,199,0,19,211,32,262,152,0,152,414
01/04/2002,TTN,NJ,AEA,EN,Federal Contract Tower,0,29,28,0,57,0,0,164,11,175,0,29,192,11,232,112,0,112,344
01/05/2002,TTN,NJ,AEA,EN,Federal Contract Tower,0,15,25,1,41,0,0,141,18,159,0,15,166,19,200,131,19,150,350
01/06/2002,TTN,NJ,AEA,EN,Federal Contract Tower,0,9,33,1,43,0,0,59,15,74,0,9,92,16,117,147,0,147,264
01/07/2002,TTN,NJ,AEA,EN,Federal Contract Tower,0,17,32,0,49,0,0,4,0,4,0,17,36,0,53,0,0,0,53
01/08/2002,TTN,NJ,AEA,EN,Federal Contract Tower,0,15,48,0,63,0,13,180,23,216,0,28,228,23,279,82,0,82,361
01/09/2002,TTN,NJ,AEA,EN,Federal Contract Tower,0,20,37,3,60,0,0,82,4,86,0,20,119,7,146,22,0,22,168
01/10/2002,TTN,NJ,AEA,EN,Federal Contract Tower,0,20,48,1,69,0,0,145,37,182,0,20,193,38,251,256,0,256,507
01/11/2002,TTN,NJ,AEA,EN,Federal Contract Tower,0,23,39,1,63,0,0,54,2,56,0,23,93,3,119,62,0,62,181
01/12/2002,TTN,NJ,AEA,EN,Federal Contract Tower,0,14,33,0,47,0,0,148,0,148,0,14,181,0,195,120,0,120,315
01/13/2002,TTN,NJ,AEA,EN,Federal Contract Tower,0,17,24,0,41,0,0,20,0,20,0,17,44,0,61,2,0,2,63
01/14/2002,TTN,NJ,AEA,EN,Federal Contract Tower,0,22,44,0,66,0,0,173,11,184,0,22,217,11,250,210,0,210,460
01/15/2002,TTN,NJ,AEA,EN,Federal Contract Tower,0,20,47,1,68,0,0,107,11,118,0,20,154,12,186,174,0,174,360
01/16/2002,TTN,NJ,AEA,EN,Federal Contract Tower,0,18,45,2,65,0,0,115,15,130,0,18,160,17,195,250,0,250,445
01/17/2002,TTN,NJ,AEA,EN,Federal Contract Tower,0,32,48,0,80,0,0,127,33,160,0,32,175,33,240,154,0,154,394
01/18/2002,TTN,NJ,AEA,EN,Federal Contract Tower,0,19,41,1,61,0,1,170,13,184,0,20,211,14,245,110,0,110,355
01/19/2002,TTN,NJ,AEA,EN,Federal Contract Tower,0,8,17,0,25,0,0,39,2,41,0,8,56,2,66,70,0,70,136
01/20/2002,TTN,NJ,AEA,EN,Federal Contract Tower,0,9,28,2,39,0,0,82,0,82,0,9,110,2,121,90,0,90,211
01/21/2002,TTN,NJ,AEA,EN,Federal Contract Tower,0,34,42,0,76,0,0,173,4,177,0,34,215,4,253,156,0,156,409
01/22/2002,TTN,NJ,AEA,EN,Federal Contract Tower,0,18,51,1,70,0,0,177,4,181,0,18,228,5,251,170,0,170,421
01/23/2002,TTN,NJ,AEA,EN,Federal Contract Tower,0,20,39,3,62,0,0,75,0,75,0,20,114,3,137,36,0,36,173
01/24/2002,TTN,NJ,AEA,EN,Federal Contract Tower,0,10,60,4,74,0,5,1,6,12,0,15,61,10,86,4,0,4,90
01/25/2002,TTN,NJ,AEA,EN,Federal Contract Tower,0,25,42,2,69,0,0,197,16,213,0,25,239,18,282,150,0,150,432
01/26/2002,TTN,NJ,AEA,EN,Federal Contract Tower,0,9,25,1,35,0,0,166,0,166,0,9,191,1,201,260,0,260,461
01/27/2002,TTN,NJ,AEA,EN,Federal Contract Tower,0,12,33,1,46,0,0,187,0,187,0,12,220,1,233,148,0,148,381
01/28/2002,TTN,NJ,AEA,EN,Federal Contract Tower,0,10,46,0,56,0,8,171,18,197,0,18,217,18,253,190,0,190,443
01/29/2002,TTN,NJ,AEA,EN,Federal Contract Tower,0,26,34,0,60,0,0,154,6,160,0,26,188,6,220,96,0,96,316
01/30/2002,TTN,NJ,AEA,EN,Federal Contract Tower,0,18,48,4,70,0,0,109,6,115,0,18,157,10,185,62,8,70,255
01/31/2002,TTN,NJ,AEA,EN,Federal Contract Tower,0,11,39,4,54,0,2,2,0,4,0,13,41,4,58,0,0,0,58
02/01/2002,TTN,NJ,AEA,EN,Federal Contract Tower,0,9,40,0,49,0,0,17,1,18,0,9,57,1,67,0,0,0,67
02/02/2002,TTN,NJ,AEA,EN,Federal Contract Tower,0,11,34,0,45,0,0,75,19,94,0,11,109,19,139,116,0,116,255
02/03/2002,TTN,NJ,AEA,EN,Federal Contract Tower,0,14,21,0,35,0,0,120,20,140,0,14,141,20,175,172,0,172,347
02/04/2002,TTN,NJ,AEA,EN,Federal Contract Tower,0,20,38,0,58,0,0,79,0,79,0,20,117,0,137,22,0,22,159
02/05/2002,TTN,NJ,AEA,EN,Federal Contract Tower,0,19,29,2,50,0,0,118,8,126,0,19,147,10,176,104,0,104,280
02/06/2002,TTN,NJ,AEA,EN,Federal Contract Tower,0,23,44,2,69,0,0,165,23,188,0,23,209,25,257,264,0,264,521
02/07/2002,TTN,NJ,AEA,EN,Federal Contract Tower,0,26,53,1,80,0,0,34,22,56,0,26,87,23,136,0,0,0,136
02/08/2002,TTN,NJ,AEA,EN,Federal Contract Tower,0,24,27,2,53,0,0,212,6,218,0,24,239,8,271,138,0,138,409
02/09/2002,TTN,NJ,AEA,EN,Federal Contract Tower,0,14,30,0,44,0,0,143,10,153,0,14,173,10,197,230,0,230,427
02/10/2002,TTN,NJ,AEA,EN,Federal Contract Tower,0,11,46,0,57,0,0,60,12,72,0,11,106,12,129,130,0,130,259
02/11/2002,TTN,NJ,AEA,EN,Federal Contract Tower,0,17,29,0,46,0,0,72,0,72,0,17,101,0,118,24,0,24,142
02/12/2002,TTN,NJ,AEA,EN,Federal Contract Tower,0,31,34,7,72,0,0,122,19,141,0,31,156,26,213,80,0,80,293
02/13/2002,TTN,NJ,AEA,EN,Federal Contract Tower,0,22,45,4,71,0,0,115,11,126,0,22,160,15,197,50,0,50,247
02/14/2002,TTN,NJ,AEA,EN,Federal Contract Tower,0,32,46,5,83,0,1,186,16,203,0,33,232,21,286,224,8,232,518
02/15/2002,TTN,NJ,AEA,EN,Federal Contract Tower,0,26,52,1,79,0,0,179,13,192,0,26,231,14,271,138,0,138,409
02/16/2002,TTN,NJ,AEA,EN,Federal Contract Tower,0,9,21,0,30,0,0,136,1,137,0,9,157,1,167,130,0,130,297
02/17/2002,TTN,NJ,AEA,EN,Federal Contract Tower,0,14,14,0,28,0,0,86,0,86,0,14,100,0,114,66,0,66,180
02/18/2002,TTN,NJ,AEA,EN,Federal Contract Tower,0,30,34,0,64,0,0,133,0,133,0,30,167,0,197,112,0,112,309
02/19/2002,TTN,NJ,AEA,EN,Federal Contract Tower,0,19,44,0,63,0,0,213,3,216,0,19,257,3,279,120,0,120,399
02/20/2002,TTN,NJ,AEA,EN,Federal Contract Tower,0,23,68,0,91,0,0,147,19,166,0,23,215,19,257,154,0,154,411
02/21/2002,TTN,NJ,AEA,EN,Federal Contract Tower,0,22,51,0,73,0,0,94,26,120,0,22,145,26,193,136,0,136,329
02/22/2002,TTN,NJ,AEA,EN,Federal Contract Tower,0,24,56,0,80,0,0,175,10,185,0,24,231,10,265,90,0,90,355
02/23/2002,TTN,NJ,AEA,EN,Federal Contract Tower,0,14,32,0,46,0,0,127,0,127,0,14,159,0,173,200,0,200,373
02/24/2002,TTN,NJ,AEA,EN,Federal Contract Tower,0,17,33,1,51,0,0,221,0,221,0,17,254,1,272,202,0,202,474
02/25/2002,TTN,NJ,AEA,EN,Federal Contract Tower,0,14,53,0,67,0,0,173,12,185,0,14,226,12,252,136,0,136,388
02/26/2002,TTN,NJ,AEA,EN,Federal Contract Tower,0,20,40,0,60,0,0,107,16,123,0,20,147,16,183,64,0,64,247
02/27/2002,TTN,NJ,AEA,EN,Federal Contract Tower,0,18,42,1,61,0,0,54,3,57,0,18,96,4,118,30,0,30,148
02/28/2002,TTN,NJ,AEA,EN,Federal Contract Tower,0,17,42,2,61,0,0,141,31,172,0,17,183,33,233,160,0,160,393
03/01/2002,TTN,NJ,AEA,EN,Federal Contract Tower,0,25,56,1,82,0,0,204,19,223,0,25,260,20,305,196,0,196,501
03/02/2002,TTN,NJ,AEA,EN,Federal Contract Tower,0,6,17,2,25,0,0,65,0,65,0,6,82,2,90,152,0,152,242
03/03/2002,TTN,NJ,AEA,EN,Federal Contract Tower,0,7,36,2,45,0,0,24,0,24,0,7,60,2,69,73,0,73,142
03/04/2002,TTN,NJ,AEA,EN,Federal Contract Tower,0,19,40,2,61,0,0,113,0,113,0,19,153,2,174,76,0,76,250
03/05/2002,TTN,NJ,AEA,EN,Federal Contract Tower,0,18,28,7,53,0,0,134,12,146,0,18,162,19,199,32,0,32,231
03/06/2002,TTN,NJ,AEA,EN,Federal Contract Tower,0,21,51,2,74,0,0,190,8,198,0,21,241,10,272,116,0,116,388
03/07/2002,TTN,NJ,AEA,EN,Federal Contract Tower,0,24,50,6,80,0,0,190,18,208,0,24,240,24,288,166,0,166,454
03/08/2002,TTN,NJ,AEA,EN,Federal Contract Tower,0,23,66,5,94,0,0,178,13,191,0,23,244,18,285,144,0,144,429
03/09/2002,TTN,NJ,AEA,EN,Federal Contract Tower,0,13,42,7,62,0,0,96,14,110,0,13,138,21,172,72,0,72,244
03/10/2002,TTN,NJ,AEA,EN,Federal Contract Tower,0,17,20,0,37,0,0,23,0,23,0,17,43,0,60,16,0,16,76
03/11/2002,TTN,NJ,AEA,EN,Federal Contract Tower,0,26,47,0,73,0,0,232,6,238,0,26,279,6,311,162,0,162,473
03/12/2002,TTN,NJ,AEA,EN,Federal Contract Tower,0,21,45,2,68,0,0,148,16,164,0,21,193,18,232,124,0,124,356
03/13/2002,TTN,NJ,AEA,EN,Federal Contract Tower,0,13,53,4,70,0,0,0,0,0,0,13,53,4,70,0,0,0,70
03/14/2002,TTN,NJ,AEA,EN,Federal Contract Tower,0,19,62,6,87,0,0,217,14,231,0,19,279,20,318,208,0,208,526
03/15/2002,TTN,NJ,AEA,EN,Federal Contract Tower,0,29,65,3,97,0,4,179,5,188,0,33,244,8,285,146,0,146,431
03/16/2002,TTN,NJ,AEA,EN,Federal Contract Tower,0,10,36,0,46,0,0,122,0,122,0,10,158,0,168,138,0,138,306
03/17/2002,TTN,NJ,AEA,EN,Federal Contract Tower,0,16,41,0,57,0,0,147,0,147,0,16,188,0,204,144,0,144,348
03/18/2002,TTN,NJ,AEA,EN,Federal Contract Tower,0,24,54,0,78,0,0,0,0,0,0,24,54,0,78,0,0,0,78
03/19/2002,TTN,NJ,AEA,EN,Federal Contract Tower,0,23,48,5,76,0,1,146,24,171,0,24,194,29,247,154,0,154,401
03/20/2002,TTN,NJ,AEA,EN,Federal Contract Tower,0,12,54,0,66,0,0,0,0,0,0,12,54,0,66,0,0,0,66
03/21/2002,TTN,NJ,AEA,EN,Federal Contract Tower,0,29,47,2,78,0,0,197,15,212,0,29,244,17,290,180,0,180,470
03/22/2002,TTN,NJ,AEA,EN,Federal Contract Tower,0,29,21,3,53,0,0,88,8,96,0,29,109,11,149,34,0,34,183
03/23/2002,TTN,NJ,AEA,EN,Federal Contract Tower,0,16,21,0,37,0,0,69,0,69,0,16,90,0,106,66,0,66,172
03/24/2002,TTN,NJ,AEA,EN,Federal Contract Tower,0,13,45,4,62,0,0,131,5,136,0,13,176,9,198,211,0,211,409
03/25/2002,TTN,NJ,AEA,EN,Federal Contract Tower,0,18,46,3,67,0,0,140,2,142,0,18,186,5,209,80,0,80,289
03/26/2002,TTN,NJ,AEA,EN,Federal Contract Tower,0,18,44,0,62,0,0,7,4,11,0,18,51,4,73,0,0,0,73
03/27/2002,TTN,NJ,AEA,EN,Federal Contract Tower,0,25,77,2,104,0,2,187,8,197,0,27,264,10,301,128,0,128,429
03/28/2002,TTN,NJ,AEA,EN,Federal Contract Tower,0,30,53,3,86,0,0,227,20,247,0,30,280,23,333,148,0,148,481
03/29/2002,TTN,NJ,AEA,EN,Federal Contract Tower,0,27,39,0,66,0,0,148,6,154,0,27,187,6,220,180,0,180,400
03/30/2002,TTN,NJ,AEA,EN,Federal Contract Tower,0,7,32,0,39,0,0,171,2,173,0,7,203,2,212,184,0,184,396
03/31/2002,TTN,NJ,AEA,EN,Federal Contract Tower,0,15,26,0,41,0,0,32,0,32,0,15,58,0,73,72,0,72,145
04/01/2002,TTN,NJ,AEA,EN,Federal Contract Tower,0,22,60,2,84,0,0,108,2,110,0,22,168,4,194,42,0,42,236
04/02/2002,TTN,NJ,AEA,EN,Federal Contract Tower,0,18,48,0,66,0,0,154,8,162,0,18,202,8,228,114,0,114,342
04/03/2002,TTN,NJ,AEA,EN,Federal Contract Tower,0,16,54,0,70,0,0,86,6,92,0,16,140,6,162,70,0,70,232
04/04/2002,TTN,NJ,AEA,EN,Federal Contract Tower,0,19,33,3,55,0,1,199,13,213,0,20,232,16,268,118,0,118,386
04/05/2002,TTN,NJ,AEA,EN,Federal Contract Tower,0,25,44,0,69,0,0,213,11,224,0,25,257,11,293,114,0,114,407
04/06/2002,TTN,NJ,AEA,EN,Federal Contract Tower,0,9,26,0,35,0,0,125,16,141,0,9,151,16,176,236,0,236,412
04/07/2002,TTN,NJ,AEA,EN,Federal Contract Tower,0,16,30,6,52,0,0,160,20,180,0,16,190,26,232,352,0,352,584
04/08/2002,TTN,NJ,AEA,EN,Federal Contract Tower,0,13,45,1,59,0,0,180,12,192,0,13,225,13,251,278,0,278,529
04/09/2002,TTN,NJ,AEA,EN,Federal Contract Tower,0,20,31,1,52,0,0,97,11,108,0,20,128,12,160,32,0,32,192
04/10/2002,TTN,NJ,AEA,EN,Federal Contract Tower,0,23,47,1,71,0,0,188,2,190,0,23,235,3,261,212,2,214,475
04/11/2002,TTN,NJ,AEA,EN,Federal Contract Tower,0,24,43,1,68,0,1,220,23,244,0,25,263,24,312,132,0,132,444
04/12/2002,TTN,NJ,AEA,EN,Federal Contract Tower,0,24,108,2,134,0,0,11,13,24,0,24,119,15,158,0,0,0,158
04/13/2002,TTN,NJ,AEA,EN,Federal Contract Tower,0,9,37,0,46,0,0,45,13,58,0,9,82,13,104,66,0,66,170
04/14/2002,TTN,NJ,AEA,EN,Federal Contract Tower,0,17,42,0,59,0,0,127,8,135,0,17,169,8,194,114,0,114,308
04/15/2002,TTN,NJ,AEA,EN,Federal Contract Tower,0,7,57,0,64,0,0,174,0,174,0,7,231,0,238,160,0,160,398
04/16/2002,TTN,NJ,AEA,EN,Federal Contract Tower,0,19,46,0,65,0,0,183,24,207,0,19,229,24,272,110,0,110,382
04/17/2002,TTN,NJ,AEA,EN,Federal Contract Tower,0,14,40,3,57,0,0,227,3,230,0,14,267,6,287,88,0,88,375
04/18/2002,TTN,NJ,AEA,EN,Federal Contract Tower,0,16,66,2,84,0,0,243,14,257,0,16,309,16,341,98,4,102,443
04/19/2002,TTN,NJ,AEA,EN,Federal Contract Tower,0,18,52,0,70,0,0,181,3,184,0,18,233,3,254,78,0,78,332
04/20/2002,TTN,NJ,AEA,EN,Federal Contract Tower,0,11,30,0,41,0,0,142,6,148,0,11,172,6,189,168,0,168,357
04/21/2002,TTN,NJ,AEA,EN,Federal Contract Tower,0,12,43,0,55,0,0,130,2,132,0,12,173,2,187,184,0,184,371
04/22/2002,TTN,NJ,AEA,EN,Federal Contract Tower,1,19,66,0,86,0,0,26,0,26,1,19,92,0,112,30,0,30,142
04/23/2002,TTN,NJ,AEA,EN,Federal Contract Tower,1,24,62,1,88,0,0,164,13,177,1,24,226,14,265,174,0,174,439
04/24/2002,TTN,NJ,AEA,EN,Federal Contract Tower,1,18,49,1,69,0,1,220,9,230,1,19,269,10,299,128,0,128,427
04/25/2002,TTN,NJ,AEA,EN,Federal Contract Tower,0,17,67,2,86,0,0,51,16,67,0,17,118,18,153,24,0,24,177
04/26/2002,TTN,NJ,AEA,EN,Federal Contract Tower,0,20,66,0,86,0,0,238,6,244,0,20,304,6,330,98,0,98,428
04/27/2002,TTN,NJ,AEA,EN,Federal Contract Tower,0,11,31,0,42,0,0,180,0,180,0,11,211,0,222,116,0,116,338
04/28/2002,TTN,NJ,AEA,EN,Federal Contract Tower,0,21,41,0,62,0,0,6,0,6,0,21,47,0,68,14,0,14,82
04/29/2002,TTN,NJ,AEA,EN,Federal Contract Tower,0,23,45,0,68,0,0,95,2,97,0,23,140,2,165,36,0,36,201
04/30/2002,TTN,NJ,AEA,EN,Federal Contract Tower,0,24,59,0,83,0,0,197,9,206,0,24,256,9,289,78,10,88,377
05/01/2002,TTN,NJ,AEA,EN,Federal Contract Tower,0,17,47,0,64,0,0,196,33,229,0,17,243,33,293,116,0,116,409
05/02/2002,TTN,NJ,AEA,EN,Federal Contract Tower,0,21,42,4,67,0,0,22,2,24,0,21,64,6,91,16,8,24,115
05/03/2002,TTN,NJ,AEA,EN,Federal Contract Tower,0,21,51,0,72,0,0,126,9,135,0,21,177,9,207,6,2,8,215
05/04/2002,TTN,NJ,AEA,EN,Federal Contract Tower,0,16,33,2,51,0,0,212,20,232,0,16,245,22,283,168,22,190,473
05/05/2002,TTN,NJ,AEA,EN,Federal Contract Tower,0,12,33,1,46,0,5,206,7,218,0,17,239,8,264,167,0,167,431
05/06/2002,TTN,NJ,AEA,EN,Federal Contract Tower,0,23,49,4,76,0,2,176,8,186,0,25,225,12,262,126,2,128,390
05/07/2002,TTN,NJ,AEA,EN,Federal Contract Tower,0,24,50,4,78,0,0,209,11,220,0,24,259,15,298,122,0,122,420
05/08/2002,TTN,NJ,AEA,EN,Federal Contract Tower,0,19,42,0,61,0,0,179,14,193,0,19,221,14,254,96,0,96,350
05/09/2002,TTN,NJ,AEA,EN,Federal Contract Tower,0,7,80,0,87,0,0,30,0,30,0,7,110,0,117,2,0,2,119
05/10/2002,TTN,NJ,AEA,EN,Federal Contract Tower,0,17,43,2,62,0,0,216,8,224,0,17,259,10,286,112,0,112,398
05/11/2002,TTN,NJ,AEA,EN,Federal Contract Tower,0,6,33,0,39,0,0,171,2,173,0,6,204,2,212,258,0,258,470
05/12/2002,TTN,NJ,AEA,EN,Federal Contract Tower,0,12,40,0,52,0,0,22,0,22,0,12,62,0,74,10,0,10,84
05/13/2002,TTN,NJ,AEA,EN,Federal Contract Tower,0,31,37,2,70,0,0,1,0,1,0,31,38,2,71,0,0,0,71
05/14/2002,TTN,NJ,AEA,EN,Federal Contract Tower,0,17,52,1,70,0,0,138,9,147,0,17,190,10,217,90,0,90,307
05/15/2002,TTN,NJ,AEA,EN,Federal Contract Tower,0,25,36,2,63,0,0,183,9,192,0,25,219,11,255,60,0,60,315
05/16/2002,TTN,NJ,AEA,EN,Federal Contract Tower,0,29,51,3,83,0,0,161,16,177,0,29,212,19,260,106,0,106,366
05/17/2002,TTN,NJ,AEA,EN,Federal Contract Tower,0,23,50,5,78,0,0,184,13,197,0,23,234,18,275,126,0,126,401
05/18/2002,TTN,NJ,AEA,EN,Federal Contract Tower,0,16,32,2,50,0,0,29,0,29,0,16,61,2,79,58,0,58,137
05/19/2002,TTN,NJ,AEA,EN,Federal Contract Tower,0,23,51,2,76,0,3,164,2,169,0,26,215,4,245,216,0,216,461
05/20/2002,TTN,NJ,AEA,EN,Federal Contract Tower,0,18,55,2,75,0,0,173,10,183,0,18,228,12,258,150,0,150,408
05/21/2002,TTN,NJ,AEA,EN,Federal Contract Tower,0,24,36,2,62,0,0,221,18,239,0,24,257,20,301,180,0,180,481
05/22/2002,TTN,NJ,AEA,EN,Federal Contract Tower,0,17,41,1,59,0,6,257,2,265,0,23,298,3,324,194,0,194,518
05/23/2002,TTN,NJ,AEA,EN,Federal Contract Tower,0,19,45,1,65,0,0,311,15,326,0,19,356,16,391,112,0,112,503
05/24/2002,TTN,NJ,AEA,EN,Federal Contract Tower,0,22,52,1,75,0,3,189,15,207,0,25,241,16,282,148,0,148,430
05/25/2002,TTN,NJ,AEA,EN,Federal Contract Tower,0,10,35,0,45,0,0,149,4,153,0,10,184,4,198,276,0,276,474
05/26/2002,TTN,NJ,AEA,EN,Federal Contract Tower,0,13,21,0,34,0,0,18,0,18,0,13,39,0,52,56,0,56,108
05/27/2002,TTN,NJ,AEA,EN,Federal Contract Tower,0,18,30,0,48,0,0,37,0,37,0,18,67,0,85,6,0,6,91
05/28/2002,TTN,NJ,AEA,EN,Federal Contract Tower,0,27,77,0,104,0,0,138,6,144,0,27,215,6,248,132,0,132,380
05/29/2002,TTN,NJ,AEA,EN,Federal Contract Tower,0,19,53,0,72,0,0,97,10,107,0,19,150,10,179,158,0,158,337
05/30/2002,TTN,NJ,AEA,EN,Federal Contract Tower,0,29,51,1,81,0,0,161,23,184,0,29,212,24,265,194,0,194,459
05/31/2002,TTN,NJ,AEA,EN,Federal Contract Tower,0,23,63,0,86,0,0,149,4,153,0,23,212,4,239,150,0,150,389
06/01/2002,TTN,NJ,AEA,EN,Federal Contract Tower,0,26,28,0,54,0,0,196,7,203,0,26,224,7,257,162,0,162,419
06/02/2002,TTN,NJ,AEA,EN,Federal Contract Tower,0,28,39,0,67,0,0,123,9,132,0,28,162,9,199,168,0,168,367
06/03/2002,TTN,NJ,AEA,EN,Federal Contract Tower,0,22,57,0,79,0,0,206,14,220,0,22,263,14,299,254,0,254,553
06/04/2002,TTN,NJ,AEA,EN,Federal Contract Tower,0,28,59,1,88,0,0,213,11,224,0,28,272,12,312,212,2,214,526
06/05/2002,TTN,NJ,AEA,EN,Federal Contract Tower,0,20,53,4,77,0,2,113,7,122,0,22,166,11,199,246,0,246,445
06/06/2002,TTN,NJ,AEA,EN,Federal Contract Tower,0,10,44,3,57,0,0,52,13,65,0,10,96,16,122,132,0,132,254
06/07/2002,TTN,NJ,AEA,EN,Federal Contract Tower,0,22,68,0,90,0,0,141,16,157,0,22,209,16,247,148,0,148,395
06/08/2002,TTN,NJ,AEA,EN,Federal Contract Tower,0,19,33,0,52,0,0,300,12,312,0,19,333,12,364,186,0,186,550
06/09/2002,TTN,NJ,AEA,EN,Federal Contract Tower,0,14,41,0,55,0,0,161,0,161,0,14,202,0,216,150,0,150,366
06/10/2002,TTN,NJ,AEA,EN,Federal Contract Tower,0,24,58,1,83,0,0,205,1,206,0,24,263,2,289,176,0,176,465
06/11/2002,TTN,NJ,AEA,EN,Federal Contract Tower,0,23,58,2,83,0,0,142,16,158,0,23,200,18,241,158,0,158,399
06/12/2002,TTN,NJ,AEA,EN,Federal Contract Tower,0,17,55,3,75,0,0,119,16,135,0,17,174,19,210,90,10,100,310
06/13/2002,TTN,NJ,AEA,EN,Federal Contract Tower,0,23,78,6,107,0,0,62,5,67,0,23,140,11,174,54,8,62,236
06/14/2002,TTN,NJ,AEA,EN,Federal Contract Tower,0,40,68,0,108,0,0,6,3,9,0,40,74,3,117,4,12,16,133
06/15/2002,TTN,NJ,AEA,EN,Federal Contract Tower,0,8,41,0,49,0,0,11,0,11,0,8,52,0,60,8,0,8,68
06/16/2002,TTN,NJ,AEA,EN,Federal Contract Tower,0,14,41,0,55,0,0,140,0,140,0,14,181,0,195,166,0,166,361
06/17/2002,TTN,NJ,AEA,EN,Federal Contract Tower,0,26,40,0,66,0,0,179,22,201,0,26,219,22,267,110,0,110,377
06/18/2002,TTN,NJ,AEA,EN,Federal Contract Tower,0,18,39,3,60,0,0,209,20,229,0,18,248,23,289,120,0,120,409
06/19/2002,TTN,NJ,AEA,EN,Federal Contract Tower,0,19,39,3,61,0,2,122,12,136,0,21,161,15,197,34,8,42,239
06/20/2002,TTN,NJ,AEA,EN,Federal Contract Tower,0,18,59,2,79,0,0,211,8,219,0,18,270,10,298,122,0,122,420
06/21/2002,TTN,NJ,AEA,EN,Federal Contract Tower,0,21,42,2,65,0,0,256,22,278,0,21,298,24,343,262,0,262,605
06/22/2002,TTN,NJ,AEA,EN,Federal Contract Tower,0,11,36,1,48,0,0,195,41,236,0,11,231,42,284,150,0,150,434
06/23/2002,TTN,NJ,AEA,EN,Federal Contract Tower,0,14,31,1,46,0,0,201,8,209,0,14,232,9,255,92,6,98,353
06/24/2002,TTN,NJ,AEA,EN,Federal Contract Tower,0,19,40,0,59,0,0,114,4,118,0,19,154,4,177,90,0,90,267
06/25/2002,TTN,NJ,AEA,EN,Federal Contract Tower,0,19,60,2,81,0,0,172,15,187,0,19,232,17,268,66,0,66,334
06/26/2002,TTN,NJ,AEA,EN,Federal Contract Tower,0,15,41,5,61,0,1,96,6,103,0,16,137,11,164,60,0,60,224
06/27/2002,TTN,NJ,AEA,EN,Federal Contract Tower,0,17,42,1,60,0,0,179,9,188,0,17,221,10,248,90,0,90,338
06/28/2002,TTN,NJ,AEA,EN,Federal Contract Tower,0,27,51,1,79,0,0,163,9,172,0,27,214,10,251,182,0,182,433
06/29/2002,TTN,NJ,AEA,EN,Federal Contract Tower,0,18,24,0,42,0,0,286,1,287,0,18,310,1,329,194,0,194,523
06/30/2002,TTN,NJ,AEA,EN,Federal Contract Tower,0,9,19,0,28,0,0,210,0,210,0,9,229,0,238,84,0,84,322
07/01/2002,TTN,NJ,AEA,EN,Federal Contract Tower,0,14,34,1,49,0,1,155,3,159,0,15,189,4,208,80,0,80,288
07/02/2002,TTN,NJ,AEA,EN,Federal Contract Tower,0,15,32,0,47,0,0,159,16,175,0,15,191,16,222,98,0,98,320
07/03/2002,TTN,NJ,AEA,EN,Federal Contract Tower,0,20,34,0,54,0,0,152,8,160,0,20,186,8,214,104,0,104,318
07/04/2002,TTN,NJ,AEA,EN,Federal Contract Tower,0,8,16,0,24,0,0,76,0,76,0,8,92,0,100,58,0,58,158
07/05/2002,TTN,NJ,AEA,EN,Federal Contract Tower,0,15,23,0,38,0,0,176,6,182,0,15,199,6,220,128,0,128,348
07/06/2002,TTN,NJ,AEA,EN,Federal Contract Tower,0,10,22,0,32,0,0,154,2,156,0,10,176,2,188,122,0,122,310
07/07/2002,TTN,NJ,AEA,EN,Federal Contract Tower,0,27,50,0,77,0,0,34,0,34,0,27,84,0,111,16,0,16,127
07/08/2002,TTN,NJ,AEA,EN,Federal Contract Tower,0,23,71,2,96,0,0,117,1,118,0,23,188,3,214,92,0,92,306
07/09/2002,TTN,NJ,AEA,EN,Federal Contract Tower,0,19,32,2,53,0,0,113,16,129,0,19,145,18,182,66,0,66,248
07/10/2002,TTN,NJ,AEA,EN,Federal Contract Tower,0,19,36,5,60,0,2,169,30,201,0,21,205,35,261,116,0,116,377
07/11/2002,TTN,NJ,AEA,EN,Federal Contract Tower,0,23,43,0,66,0,1,213,12,226,0,24,256,12,292,122,0,122,414
07/12/2002,TTN,NJ,AEA,EN,Federal Contract Tower,0,15,31,2,48,0,0,256,14,270,0,15,287,16,318,80,0,80,398
07/13/2002,TTN,NJ,AEA,EN,Federal Contract Tower,0,11,19,1,31,0,0,184,33,217,0,11,203,34,248,136,0,136,384
07/14/2002,TTN,NJ,AEA,EN,Federal Contract Tower,0,14,45,14,73,0,0,145,0,145,0,14,190,14,218,173,0,173,391
07/15/2002,TTN,NJ,AEA,EN,Federal Contract Tower,0,10,45,0,55,0,0,199,9,208,0,10,244,9,263,138,0,138,401
07/16/2002,TTN,NJ,AEA,EN,Federal Contract Tower,0,13,28,0,41,0,0,208,19,227,0,13,236,19,268,36,0,36,304
07/17/2002,TTN,NJ,AEA,EN,Federal Contract Tower,0,24,51,2,77,0,0,262,19,281,0,24,313,21,358,76,0,76,434
07/18/2002,TTN,NJ,AEA,EN,Federal Contract Tower,0,20,58,1,79,0,0,134,16,150,0,20,192,17,229,72,0,72,301
07/19/2002,TTN,NJ,AEA,EN,Federal Contract Tower,0,17,58,3,78,0,0,67,8,75,0,17,125,11,153,60,0,60,213
07/20/2002,TTN,NJ,AEA,EN,Federal Contract Tower,0,18,32,0,50,0,0,201,4,205,0,18,233,4,255,108,0,108,363
07/21/2002,TTN,NJ,AEA,EN,Federal Contract Tower,0,13,32,1,46,0,1,172,0,173,0,14,204,1,219,132,0,132,351
07/22/2002,TTN,NJ,AEA,EN,Federal Contract Tower,0,17,39,7,63,0,0,153,9,162,0,17,192,16,225,114,0,114,339
07/23/2002,TTN,NJ,AEA,EN,Federal Contract Tower,0,20,32,1,53,0,0,158,9,167,0,20,190,10,220,96,0,96,316
07/24/2002,TTN,NJ,AEA,EN,Federal Contract Tower,0,29,69,0,98,0,0,184,9,193,0,29,253,9,291,90,0,90,381
07/25/2002,TTN,NJ,AEA,EN,Federal Contract Tower,0,25,65,0,90,0,0,216,20,236,0,25,281,20,326,68,0,68,394
07/26/2002,TTN,NJ,AEA,EN,Federal Contract Tower,0,19,73,2,94,0,0,162,13,175,0,19,235,15,269,100,0,100,369
07/27/2002,TTN,NJ,AEA,EN,Federal Contract Tower,0,12,55,0,67,0,0,105,30,135,0,12,160,30,202,88,0,88,290
07/28/2002,TTN,NJ,AEA,EN,Federal Contract Tower,0,13,32,0,45,0,0,78,16,94,0,13,110,16,139,56,0,56,195
07/29/2002,TTN,NJ,AEA,EN,Federal Contract Tower,0,26,47,0,73,0,0,174,19,193,0,26,221,19,266,106,0,106,372
07/30/2002,TTN,NJ,AEA,EN,Federal Contract Tower,0,21,45,0,66,0,0,160,13,173,0,21,205,13,239,82,0,82,321
07/31/2002,TTN,NJ,AEA,EN,Federal Contract Tower,0,21,37,0,58,0,1,166,25,192,0,22,203,25,250,56,0,56,306
08/01/2002,TTN,NJ,AEA,EN,Federal Contract Tower,0,27,44,0,71,0,0,209,26,235,0,27,253,26,306,134,0,134,440
08/02/2002,TTN,NJ,AEA,EN,Federal Contract Tower,0,18,33,1,52,0,1,173,13,187,0,19,206,14,239,116,0,116,355
08/03/2002,TTN,NJ,AEA,EN,Federal Contract Tower,0,19,24,2,45,0,0,196,33,229,0,19,220,35,274,136,0,136,410
08/04/2002,TTN,NJ,AEA,EN,Federal Contract Tower,0,15,32,1,48,0,0,113,0,113,0,15,145,1,161,96,0,96,257
08/05/2002,TTN,NJ,AEA,EN,Federal Contract Tower,0,13,30,0,43,0,0,123,1,124,0,13,153,1,167,96,0,96,263
08/06/2002,TTN,NJ,AEA,EN,Federal Contract Tower,0,24,42,0,66,0,0,173,16,189,0,24,215,16,255,54,0,54,309
08/07/2002,TTN,NJ,AEA,EN,Federal Contract Tower,0,16,55,4,75,0,0,230,14,244,0,16,285,18,319,118,0,118,437
08/08/2002,TTN,NJ,AEA,EN,Federal Contract Tower,0,18,61,2,81,0,0,224,8,232,0,18,285,10,313,134,2,136,449
08/09/2002,TTN,NJ,AEA,EN,Federal Contract Tower,0,12,50,0,62,0,0,200,12,212,0,12,250,12,274,108,0,108,382
08/10/2002,TTN,NJ,AEA,EN,Federal Contract Tower,0,8,19,0,27,0,0,216,0,216,0,8,235,0,243,108,0,108,351
08/11/2002,TTN,NJ,AEA,EN,Federal Contract Tower,0,7,40,0,47,0,0,206,2,208,0,7,246,2,255,66,0,66,321
08/12/2002,TTN,NJ,AEA,EN,Federal Contract Tower,0,23,19,0,42,0,0,150,6,156,0,23,169,6,198,162,0,162,360
08/13/2002,TTN,NJ,AEA,EN,Federal Contract Tower,0,20,30,0,50,0,0,130,6,136,0,20,160,6,186,48,0,48,234
08/14/2002,TTN,NJ,AEA,EN,Federal Contract Tower,0,24,48,1,73,0,0,149,7,156,0,24,197,8,229,92,0,92,321
08/15/2002,TTN,NJ,AEA,EN,Federal Contract Tower,0,27,38,1,66,0,0,144,10,154,0,27,182,11,220,58,0,58,278
08/16/2002,TTN,NJ,AEA,EN,Federal Contract Tower,0,13,46,0,59,0,0,154,8,162,0,13,200,8,221,112,0,112,333
08/17/2002,TTN,NJ,AEA,EN,Federal Contract Tower,0,4,19,0,23,0,0,197,15,212,0,4,216,15,235,110,0,110,345
08/18/2002,TTN,NJ,AEA,EN,Federal Contract Tower,0,10,36,0,46,0,0,144,9,153,0,10,180,9,199,152,0,152,351
08/19/2002,TTN,NJ,AEA,EN,Federal Contract Tower,0,17,43,0,60,0,0,149,4,153,0,17,192,4,213,132,0,132,345
08/20/2002,TTN,NJ,AEA,EN,Federal Contract Tower,0,21,64,2,87,0,0,160,4,164,0,21,224,6,251,88,0,88,339
08/21/2002,TTN,NJ,AEA,EN,Federal Contract Tower,0,24,52,0,76,0,0,221,5,226,0,24,273,5,302,92,0,92,394
08/22/2002,TTN,NJ,AEA,EN,Federal Contract Tower,0,13,29,2,44,0,0,205,8,213,0,13,234,10,257,108,0,108,365
08/23/2002,TTN,NJ,AEA,EN,Federal Contract Tower,0,18,52,0,70,0,1,166,7,174,0,19,218,7,244,152,0,152,396
08/24/2002,TTN,NJ,AEA,EN,Federal Contract Tower,0,4,50,3,57,0,0,31,22,53,0,4,81,25,110,14,0,14,124
08/25/2002,TTN,NJ,AEA,EN,Federal Contract Tower,0,17,30,0,47,0,0,215,2,217,0,17,245,2,264,169,0,169,433
08/26/2002,TTN,NJ,AEA,EN,Federal Contract Tower,0,12,43,0,55,0,0,237,3,240,0,12,280,3,295,116,0,116,411
08/27/2002,TTN,NJ,AEA,EN,Federal Contract Tower,0,15,39,0,54,0,0,170,12,182,0,15,209,12,236,126,0,126,362
08/28/2002,TTN,NJ,AEA,EN,Federal Contract Tower,0,18,57,2,77,0,0,101,14,115,0,18,158,16,192,68,18,86,278
08/29/2002,TTN,NJ,AEA,EN,Federal Contract Tower,0,22,57,1,80,0,0,15,0,15,0,22,72,1,95,8,2,10,105
08/30/2002,TTN,NJ,AEA,EN,Federal Contract Tower,0,27,54,0,81,0,0,107,4,111,0,27,161,4,192,86,0,86,278
08/31/2002,TTN,NJ,AEA,EN,Federal Contract Tower,0,5,26,1,32,0,0,138,0,138,0,5,164,1,170,66,0,66,236
09/01/2002,TTN,NJ,AEA,EN,Federal Contract Tower,0,9,31,2,42,0,0,1,0,1,0,9,32,2,43,0,0,0,43
09/02/2002,TTN,NJ,AEA,EN,Federal Contract Tower,0,6,29,0,35,0,0,32,0,32,0,6,61,0,67,54,0,54,121
09/03/2002,TTN,NJ,AEA,EN,Federal Contract Tower,0,20,53,1,74,0,0,235,1,236,0,20,288,2,310,112,0,112,422
09/04/2002,TTN,NJ,AEA,EN,Federal Contract Tower,0,23,41,2,66,0,0,161,6,167,0,23,202,8,233,126,0,126,359
09/05/2002,TTN,NJ,AEA,EN,Federal Contract Tower,0,21,34,3,58,0,0,235,22,257,0,21,269,25,315,180,0,180,495
09/06/2002,TTN,NJ,AEA,EN,Federal Contract Tower,0,14,38,2,54,0,0,208,17,225,0,14,246,19,279,130,0,130,409
09/07/2002,TTN,NJ,AEA,EN,Federal Contract Tower,0,6,20,1,27,0,0,286,18,304,0,6,306,19,331,143,0,143,474
09/08/2002,TTN,NJ,AEA,EN,Federal Contract Tower,0,9,29,2,40,0,0,318,20,338,0,9,347,22,378,142,0,142,520
09/09/2002,TTN,NJ,AEA,EN,Federal Contract Tower,0,24,40,4,68,0,0,204,1,205,0,24,244,5,273,104,0,104,377
09/10/2002,TTN,NJ,AEA,EN,Federal Contract Tower,0,22,50,5,77,0,0,233,4,237,0,22,283,9,314,122,0,122,436
09/11/2002,TTN,NJ,AEA,EN,Federal Contract Tower,0,25,55,3,83,0,0,104,8,112,0,25,159,11,195,46,2,48,243
09/12/2002,TTN,NJ,AEA,EN,Federal Contract Tower,0,23,80,4,107,0,0,178,6,184,0,23,258,10,291,90,0,90,381
09/13/2002,TTN,NJ,AEA,EN,Federal Contract Tower,0,20,63,0,83,0,0,181,14,195,0,20,244,14,278,78,0,78,356
09/14/2002,TTN,NJ,AEA,EN,Federal Contract Tower,0,5,25,4,34,0,0,227,3,230,0,5,252,7,264,102,0,102,366
09/15/2002,TTN,NJ,AEA,EN,Federal Contract Tower,0,6,42,0,48,0,0,22,0,22,0,6,64,0,70,0,0,0,70
09/16/2002,TTN,NJ,AEA,EN,Federal Contract Tower,0,21,30,0,51,0,0,101,7,108,0,21,131,7,159,92,0,92,251
09/17/2002,TTN,NJ,AEA,EN,Federal Contract Tower,0,17,66,3,86,0,0,238,11,249,0,17,304,14,335,164,0,164,499
09/18/2002,TTN,NJ,AEA,EN,Federal Contract Tower,0,23,49,3,75,0,7,207,5,219,0,30,256,8,294,122,0,122,416
09/19/2002,TTN,NJ,AEA,EN,Federal Contract Tower,0,21,68,1,90,0,1,194,10,205,0,22,262,11,295,74,0,74,369
09/20/2002,TTN,NJ,AEA,EN,Federal Contract Tower,0,30,49,0,79,0,0,243,0,243,0,30,292,0,322,152,0,152,474
09/21/2002,TTN,NJ,AEA,EN,Federal Contract Tower,0,4,26,0,30,0,0,223,13,236,0,4,249,13,266,250,0,250,516
09/22/2002,TTN,NJ,AEA,EN,Federal Contract Tower,0,14,44,2,60,0,0,129,5,134,0,14,173,7,194,182,0,182,376
09/23/2002,TTN,NJ,AEA,EN,Federal Contract Tower,2,19,38,4,63,0,0,161,4,165,2,19,199,8,228,112,0,112,340
09/24/2002,TTN,NJ,AEA,EN,Federal Contract Tower,0,16,51,1,68,0,0,232,12,244,0,16,283,13,312,80,0,80,392
09/25/2002,TTN,NJ,AEA,EN,Federal Contract Tower,0,24,39,1,64,0,0,240,8,248,0,24,279,9,312,88,0,88,400
09/26/2002,TTN,NJ,AEA,EN,Federal Contract Tower,0,20,72,1,93,0,0,46,5,51,0,20,118,6,144,38,2,40,184
09/27/2002,TTN,NJ,AEA,EN,Federal Contract Tower,0,19,70,0,89,0,0,12,0,12,0,19,82,0,101,2,0,2,103
09/28/2002,TTN,NJ,AEA,EN,Federal Contract Tower,0,11,19,0,30,0,0,148,0,148,0,11,167,0,178,134,0,134,312
09/29/2002,TTN,NJ,AEA,EN,Federal Contract Tower,0,12,39,0,51,0,0,232,15,247,0,12,271,15,298,216,0,216,514
09/30/2002,TTN,NJ,AEA,EN,Federal Contract Tower,0,22,32,0,54,0,0,237,8,245,0,22,269,8,299,172,0,172,471
10/01/2002,TTN,NJ,AEA,EN,Federal Contract Tower,0,15,36,1,52,0,0,236,9,245,0,15,272,10,297,170,0,170,467
10/02/2002,TTN,NJ,AEA,EN,Federal Contract Tower,0,19,69,2,90,0,0,163,13,176,0,19,232,15,266,126,0,126,392
10/03/2002,TTN,NJ,AEA,EN,Federal Contract Tower,0,23,42,1,66,0,0,163,0,163,0,23,205,1,229,152,0,152,381
10/04/2002,TTN,NJ,AEA,EN,Federal Contract Tower,0,17,86,3,106,0,0,1,0,1,0,17,87,3,107,2,0,2,109
10/05/2002,TTN,NJ,AEA,EN,Federal Contract Tower,0,9,26,0,35,0,0,204,11,215,0,9,230,11,250,212,0,212,462
10/06/2002,TTN,NJ,AEA,EN,Federal Contract Tower,0,10,43,0,53,0,0,232,8,240,0,10,275,8,293,182,0,182,475
10/07/2002,TTN,NJ,AEA,EN,Federal Contract Tower,0,24,69,2,95,0,0,133,12,145,0,24,202,14,240,72,0,72,312
10/08/2002,TTN,NJ,AEA,EN,Federal Contract Tower,0,23,48,0,71,0,0,328,23,351,0,23,376,23,422,160,0,160,582
10/09/2002,TTN,NJ,AEA,EN,Federal Contract Tower,0,18,50,7,75,0,0,280,17,297,0,18,330,24,372,114,0,114,486
10/10/2002,TTN,NJ,AEA,EN,Federal Contract Tower,0,28,79,1,108,0,0,38,7,45,0,28,117,8,153,42,0,42,195
10/11/2002,TTN,NJ,AEA,EN,Federal Contract Tower,0,36,66,1,103,0,0,0,0,0,0,36,66,1,103,0,0,0,103
10/12/2002,TTN,NJ,AEA,EN,Federal Contract Tower,0,21,60,0,81,0,0,17,0,17,0,21,77,0,98,0,0,0,98
10/13/2002,TTN,NJ,AEA,EN,Federal Contract Tower,0,22,41,0,63,0,0,34,0,34,0,22,75,0,97,4,0,4,101
10/14/2002,TTN,NJ,AEA,EN,Federal Contract Tower,0,16,54,0,70,0,0,278,1,279,0,16,332,1,349,158,0,158,507
10/15/2002,TTN,NJ,AEA,EN,Federal Contract Tower,0,19,58,0,77,0,0,259,5,264,0,19,317,5,341,132,0,132,473
10/16/2002,TTN,NJ,AEA,EN,Federal Contract Tower,0,21,49,2,72,0,0,1,1,2,0,21,50,3,74,0,10,10,84
10/17/2002,TTN,NJ,AEA,EN,Federal Contract Tower,0,25,56,7,88,0,0,222,13,235,0,25,278,20,323,148,10,158,481
10/18/2002,TTN,NJ,AEA,EN,Federal Contract Tower,0,29,52,0,81,0,1,240,8,249,0,30,292,8,330,88,0,88,418
10/19/2002,TTN,NJ,AEA,EN,Federal Contract Tower,0,20,29,1,50,0,0,131,4,135,0,20,160,5,185,214,0,214,399
10/20/2002,TTN,NJ,AEA,EN,Federal Contract Tower,0,11,39,0,50,0,0,178,1,179,0,11,217,1,229,190,0,190,419
10/21/2002,TTN,NJ,AEA,EN,Federal Contract Tower,0,23,46,0,69,0,0,242,9,251,0,23,288,9,320,234,0,234,554
10/22/2002,TTN,NJ,AEA,EN,Federal Contract Tower,0,37,37,0,74,0,0,244,27,271,0,37,281,27,345,106,0,106,451
10/23/2002,TTN,NJ,AEA,EN,Federal Contract Tower,0,24,58,0,82,0,0,245,28,273,0,24,303,28,355,126,2,128,483
10/24/2002,TTN,NJ,AEA,EN,Federal Contract Tower,0,29,51,1,81,0,0,204,7,211,0,29,255,8,292,102,0,102,394
10/25/2002,TTN,NJ,AEA,EN,Federal Contract Tower,0,26,57,0,83,0,0,150,6,156,0,26,207,6,239,186,0,186,425
10/26/2002,TTN,NJ,AEA,EN,Federal Contract Tower,0,22,26,1,49,0,0,32,2,34,0,22,58,3,83,38,0,38,121
10/27/2002,TTN,NJ,AEA,EN,Federal Contract Tower,0,15,51,2,68,0,0,245,4,249,0,15,296,6,317,218,0,218,535
10/28/2002,TTN,NJ,AEA,EN,Federal Contract Tower,0,22,44,0,66,0,0,221,1,222,0,22,265,1,288,132,0,132,420
10/29/2002,TTN,NJ,AEA,EN,Federal Contract Tower,0,30,53,2,85,0,0,155,17,172,0,30,208,19,257,122,0,122,379
10/30/2002,TTN,NJ,AEA,EN,Federal Contract Tower,0,18,39,4,61,0,1,64,8,73,0,19,103,12,134,8,0,8,142
10/31/2002,TTN,NJ,AEA,EN,Federal Contract Tower,0,19,54,2,75,0,0,226,8,234,0,19,280,10,309,90,0,90,399
11/01/2002,TTN,NJ,AEA,EN,Federal Contract Tower,0,24,51,0,75,0,0,155,10,165,0,24,206,10,240,30,0,30,270
11/02/2002,TTN,NJ,AEA,EN,Federal Contract Tower,0,13,37,1,51,0,0,174,2,176,0,13,211,3,227,226,0,226,453
11/03/2002,TTN,NJ,AEA,EN,Federal Contract Tower,0,18,30,2,50,0,0,249,0,249,0,18,279,2,299,212,0,212,511
11/04/2002,TTN,NJ,AEA,EN,Federal Contract Tower,0,20,27,0,47,0,0,148,8,156,0,20,175,8,203,136,0,136,339
11/05/2002,TTN,NJ,AEA,EN,Federal Contract Tower,0,25,46,5,76,0,0,177,25,202,0,25,223,30,278,70,0,70,348
11/06/2002,TTN,NJ,AEA,EN,Federal Contract Tower,0,31,40,4,75,0,0,41,9,50,0,31,81,13,125,6,0,6,131
11/07/2002,TTN,NJ,AEA,EN,Federal Contract Tower,0,27,40,3,70,0,1,131,5,137,0,28,171,8,207,150,0,150,357
11/08/2002,TTN,NJ,AEA,EN,Federal Contract Tower,0,21,40,0,61,0,0,228,10,238,0,21,268,10,299,118,0,118,417
11/09/2002,TTN,NJ,AEA,EN,Federal Contract Tower,0,18,41,2,61,0,0,270,0,270,0,18,311,2,331,230,0,230,561
11/10/2002,TTN,NJ,AEA,EN,Federal Contract Tower,0,15,41,0,56,0,0,120,0,120,0,15,161,0,176,94,0,94,270
11/11/2002,TTN,NJ,AEA,EN,Federal Contract Tower,0,22,54,0,76,0,0,40,0,40,0,22,94,0,116,8,0,8,124
11/12/2002,TTN,NJ,AEA,EN,Federal Contract Tower,0,25,77,0,102,0,0,36,3,39,0,25,113,3,141,2,0,2,143
11/13/2002,TTN,NJ,AEA,EN,Federal Contract Tower,0,26,63,2,91,0,0,203,13,216,0,26,266,15,307,96,0,96,403
11/14/2002,TTN,NJ,AEA,EN,Federal Contract Tower,0,24,46,2,72,0,0,183,26,209,0,24,229,28,281,132,0,132,413
11/15/2002,TTN,NJ,AEA,EN,Federal Contract Tower,0,27,56,2,85,0,0,234,11,245,0,27,290,13,330,126,0,126,456
11/16/2002,TTN,NJ,AEA,EN,Federal Contract Tower,0,15,32,1,48,0,0,16,0,16,0,15,48,1,64,10,0,10,74
11/17/2002,TTN,NJ,AEA,EN,Federal Contract Tower,0,13,24,0,37,0,0,4,0,4,0,13,28,0,41,0,0,0,41
11/18/2002,TTN,NJ,AEA,EN,Federal Contract Tower,0,19,25,2,46,0,0,119,2,121,0,19,144,4,167,50,0,50,217
11/19/2002,TTN,NJ,AEA,EN,Federal Contract Tower,0,15,65,0,80,0,0,212,22,234,0,15,277,22,314,120,0,120,434
11/20/2002,TTN,NJ,AEA,EN,Federal Contract Tower,0,18,48,0,66,0,0,223,40,263,0,18,271,40,329,182,0,182,511
11/21/2002,TTN,NJ,AEA,EN,Federal Contract Tower,0,30,50,1,81,0,0,151,10,161,0,30,201,11,242,126,0,126,368
11/22/2002,TTN,NJ,AEA,EN,Federal Contract Tower,0,19,29,3,51,0,0,23,0,23,0,19,52,3,74,0,0,0,74
11/23/2002,TTN,NJ,AEA,EN,Federal Contract Tower,0,18,11,2,31,0,0,45,6,51,0,18,56,8,82,22,0,22,104
11/24/2002,TTN,NJ,AEA,EN,Federal Contract Tower,0,15,31,0,46,0,0,213,4,217,0,15,244,4,263,188,0,188,451
11/25/2002,TTN,NJ,AEA,EN,Federal Contract Tower,0,16,33,2,51,0,0,178,2,180,0,16,211,4,231,206,0,206,437
11/26/2002,TTN,NJ,AEA,EN,Federal Contract Tower,0,24,43,2,69,0,0,207,26,233,0,24,250,28,302,98,0,98,400
11/27/2002,TTN,NJ,AEA,EN,Federal Contract Tower,0,20,29,2,51,0,0,76,4,80,0,20,105,6,131,40,0,40,171
11/28/2002,TTN,NJ,AEA,EN,Federal Contract Tower,0,13,10,0,23,0,0,67,1,68,0,13,77,1,91,12,0,12,103
11/29/2002,TTN,NJ,AEA,EN,Federal Contract Tower,0,13,24,2,39,0,0,77,4,81,0,13,101,6,120,108,0,108,228
11/30/2002,TTN,NJ,AEA,EN,Federal Contract Tower,0,21,26,0,47,0,0,130,8,138,0,21,156,8,185,172,0,172,357
12/01/2002,TTN,NJ,AEA,EN,Federal Contract Tower,0,22,34,0,56,0,0,54,0,54,0,22,88,0,110,28,0,28,138
12/02/2002,TTN,NJ,AEA,EN,Federal Contract Tower,0,20,58,4,82,0,0,192,14,206,0,20,250,18,288,122,0,122,410
12/03/2002,TTN,NJ,AEA,EN,Federal Contract Tower,0,28,34,0,62,0,0,204,24,228,0,28,238,24,290,110,0,110,400
12/04/2002,TTN,NJ,AEA,EN,Federal Contract Tower,0,23,44,2,69,0,2,274,24,300,0,25,318,26,369,222,0,222,591
12/05/2002,TTN,NJ,AEA,EN,Federal Contract Tower,0,12,26,0,38,0,0,7,2,9,0,12,33,2,47,0,0,0,47
12/06/2002,TTN,NJ,AEA,EN,Federal Contract Tower,0,25,50,4,79,0,0,147,9,156,0,25,197,13,235,116,0,116,351
12/07/2002,TTN,NJ,AEA,EN,Federal Contract Tower,0,15,33,2,50,0,0,178,18,196,0,15,211,20,246,258,0,258,504
12/08/2002,TTN,NJ,AEA,EN,Federal Contract Tower,0,20,34,0,54,0,0,139,7,146,0,20,173,7,200,116,0,116,316
12/09/2002,TTN,NJ,AEA,EN,Federal Contract Tower,0,18,48,0,66,0,0,223,2,225,0,18,271,2,291,162,0,162,453
12/10/2002,TTN,NJ,AEA,EN,Federal Contract Tower,0,22,44,1,67,0,0,134,17,151,0,22,178,18,218,114,0,114,332
12/11/2002,TTN,NJ,AEA,EN,Federal Contract Tower,0,18,17,0,35,0,0,7,2,9,0,18,24,2,44,0,0,0,44
12/12/2002,TTN,NJ,AEA,EN,Federal Contract Tower,0,27,55,0,82,0,0,111,12,123,0,27,166,12,205,114,0,114,319
12/13/2002,TTN,NJ,AEA,EN,Federal Contract Tower,0,24,46,0,70,0,0,105,13,118,0,24,151,13,188,168,0,168,356
12/14/2002,TTN,NJ,AEA,EN,Federal Contract Tower,0,17,38,1,56,0,0,10,0,10,0,17,48,1,66,24,0,24,90
12/15/2002,TTN,NJ,AEA,EN,Federal Contract Tower,0,9,22,0,31,0,0,174,1,175,0,9,196,1,206,148,0,148,354
12/16/2002,TTN,NJ,AEA,EN,Federal Contract Tower,0,16,41,0,57,0,0,92,2,94,0,16,133,2,151,28,0,28,179
12/17/2002,TTN,NJ,AEA,EN,Federal Contract Tower,0,30,38,2,70,0,0,199,14,213,0,30,237,16,283,110,0,110,393
12/18/2002,TTN,NJ,AEA,EN,Federal Contract Tower,0,27,42,6,75,0,0,229,14,243,0,27,271,20,318,128,0,128,446
12/19/2002,TTN,NJ,AEA,EN,Federal Contract Tower,0,32,67,1,100,0,2,155,24,181,0,34,222,25,281,64,0,64,345
12/20/2002,TTN,NJ,AEA,EN,Federal Contract Tower,0,29,32,2,63,0,0,34,0,34,0,29,66,2,97,12,0,12,109
12/21/2002,TTN,NJ,AEA,EN,Federal Contract Tower,0,18,28,1,47,0,0,144,1,145,0,18,172,2,192,192,0,192,384
12/22/2002,TTN,NJ,AEA,EN,Federal Contract Tower,0,12,20,0,32,0,0,171,0,171,0,12,191,0,203,116,0,116,319
12/23/2002,TTN,NJ,AEA,EN,Federal Contract Tower,0,20,24,0,44,0,0,156,0,156,0,20,180,0,200,122,0,122,322
12/24/2002,TTN,NJ,AEA,EN,Federal Contract Tower,0,11,13,4,28,0,0,159,8,167,0,11,172,12,195,70,0,70,265
12/25/2002,TTN,NJ,AEA,EN,Federal Contract Tower,0,3,4,0,7,0,0,0,0,0,0,3,4,0,7,0,0,0,7
12/26/2002,TTN,NJ,AEA,EN,Federal Contract Tower,0,22,18,0,40,0,0,26,0,26,0,22,44,0,66,40,0,40,106
12/27/2002,TTN,NJ,AEA,EN,Federal Contract Tower,0,28,39,2,69,0,0,167,4,171,0,28,206,6,240,106,8,114,354
12/28/2002,TTN,NJ,AEA,EN,Federal Contract Tower,0,22,18,0,40,0,0,152,8,160,0,22,170,8,200,100,0,100,300
12/29/2002,TTN,NJ,AEA,EN,Federal Contract Tower,0,10,22,0,32,0,0,135,0,135,0,10,157,0,167,110,0,110,277
12/30/2002,TTN,NJ,AEA,EN,Federal Contract Tower,0,17,16,2,35,0,0,214,8,222,0,17,230,10,257,166,0,166,423
12/31/2002,TTN,NJ,AEA,EN,Federal Contract Tower,0,11,18,2,31,0,0,69,3,72,0,11,87,5,103,16,0,16,119
01/01/2003,TTN,NJ,AEA,EN,Federal Contract Tower,0,9,11,0,20,0,0,1,0,1,0,9,12,0,21,0,0,0,21
01/02/2003,TTN,NJ,AEA,EN,Federal Contract Tower,0,18,28,1,47,0,0,65,6,71,0,18,93,7,118,78,0,78,196
01/03/2003,TTN,NJ,AEA,EN,Federal Contract Tower,0,13,14,0,27,0,0,3,0,3,0,13,17,0,30,0,0,0,30
01/04/2003,TTN,NJ,AEA,EN,Federal Contract Tower,0,19,17,2,38,0,0,64,3,67,0,19,81,5,105,128,0,128,233
01/05/2003,TTN,NJ,AEA,EN,Federal Contract Tower,0,20,28,2,50,0,0,102,1,103,0,20,130,3,153,94,0,94,247
01/06/2003,TTN,NJ,AEA,EN,Federal Contract Tower,0,25,52,0,77,0,0,44,0,44,0,25,96,0,121,32,0,32,153
01/07/2003,TTN,NJ,AEA,EN,Federal Contract Tower,0,25,37,2,64,0,0,120,7,127,0,25,157,9,191,64,0,64,255
01/08/2003,TTN,NJ,AEA,EN,Federal Contract Tower,0,31,17,2,50,0,0,154,18,172,0,31,171,20,222,56,0,56,278
01/09/2003,TTN,NJ,AEA,EN,Federal Contract Tower,0,21,32,4,57,0,0,129,9,138,0,21,161,13,195,84,0,84,279
01/10/2003,TTN,NJ,AEA,EN,Federal Contract Tower,0,23,36,5,64,0,0,138,13,151,0,23,174,18,215,74,0,74,289
01/11/2003,TTN,NJ,AEA,EN,Federal Contract Tower,0,9,15,0,24,0,0,113,3,116,0,9,128,3,140,98,0,98,238
01/12/2003,TTN,NJ,AEA,EN,Federal Contract Tower,0,14,14,2,30,0,0,131,2,133,0,14,145,4,163,186,0,186,349
01/13/2003,TTN,NJ,AEA,EN,Federal Contract Tower,0,20,39,0,59,0,0,201,0,201,0,20,240,0,260,126,0,126,386
01/14/2003,TTN,NJ,AEA,EN,Federal Contract Tower,0,26,32,2,60,0,0,209,12,221,0,26,241,14,281,54,0,54,335
01/15/2003,TTN,NJ,AEA,EN,Federal Contract Tower,0,26,43,0,69,0,0,231,4,235,0,26,274,4,304,98,0,98,402
01/16/2003,TTN,NJ,AEA,EN,Federal Contract Tower,0,24,39,4,67,0,0,164,4,168,0,24,203,8,235,52,0,52,287
01/17/2003,TTN,NJ,AEA,EN,Federal Contract Tower,0,21,21,0,42,0,0,111,1,112,0,21,132,1,154,52,0,52,206
01/18/2003,TTN,NJ,AEA,EN,Federal Contract Tower,0,12,16,0,28,0,0,136,0,136,0,12,152,0,164,112,0,112,276
01/19/2003,TTN,NJ,AEA,EN,Federal Contract Tower,0,18,21,1,40,0,0,90,2,92,0,18,111,3,132,108,0,108,240
01/20/2003,TTN,NJ,AEA,EN,Federal Contract Tower,0,16,32,0,48,0,0,79,0,79,0,16,111,0,127,2,0,2,129
01/21/2003,TTN,NJ,AEA,EN,Federal Contract Tower,0,22,34,0,56,0,0,159,2,161,0,22,193,2,217,24,0,24,241
01/22/2003,TTN,NJ,AEA,EN,Federal Contract Tower,0,22,29,2,53,0,0,207,11,218,0,22,236,13,271,50,0,50,321
01/23/2003,TTN,NJ,AEA,EN,Federal Contract Tower,0,20,32,0,52,0,0,104,7,111,0,20,136,7,163,38,0,38,201
01/24/2003,TTN,NJ,AEA,EN,Federal Contract Tower,0,15,33,2,50,0,0,137,8,145,0,15,170,10,195,26,2,28,223
01/25/2003,TTN,NJ,AEA,EN,Federal Contract Tower,0,15,25,0,40,0,0,159,6,165,0,15,184,6,205,150,0,150,355
01/26/2003,TTN,NJ,AEA,EN,Federal Contract Tower,0,14,21,3,38,0,0,106,0,106,0,14,127,3,144,56,0,56,200
01/27/2003,TTN,NJ,AEA,EN,Federal Contract Tower,0,21,40,0,61,0,0,150,7,157,0,21,190,7,218,18,0,18,236
01/28/2003,TTN,NJ,AEA,EN,Federal Contract Tower,0,16,32,2,50,0,0,222,2,224,0,16,254,4,274,80,0,80,354
01/29/2003,TTN,NJ,AEA,EN,Federal Contract Tower,0,25,34,0,59,0,0,5,1,6,0,25,39,1,65,0,0,0,65
01/30/2003,TTN,NJ,AEA,EN,Federal Contract Tower,0,22,37,2,61,0,0,178,8,186,0,22,215,10,247,74,0,74,321
01/31/2003,TTN,NJ,AEA,EN,Federal Contract Tower,0,27,44,2,73,0,0,5,13,18,0,27,49,15,91,2,0,2,93
02/01/2003,TTN,NJ,AEA,EN,Federal Contract Tower,0,10,20,2,32,0,0,0,0,0,0,10,20,2,32,0,0,0,32
02/02/2003,TTN,NJ,AEA,EN,Federal Contract Tower,0,9,27,2,38,0,0,115,4,119,0,9,142,6,157,110,0,110,267
02/03/2003,TTN,NJ,AEA,EN,Federal Contract Tower,0,16,24,4,44,0,0,290,6,296,0,16,314,10,340,154,4,158,498
02/04/2003,TTN,NJ,AEA,EN,Federal Contract Tower,0,21,35,6,62,0,0,25,2,27,0,21,60,8,89,2,0,2,91
02/05/2003,TTN,NJ,AEA,EN,Federal Contract Tower,0,29,36,1,66,0,0,145,16,161,0,29,181,17,227,74,2,76,303
02/06/2003,TTN,NJ,AEA,EN,Federal Contract Tower,0,17,38,1,56,0,0,199,14,213,0,17,237,15,269,120,0,120,389
02/07/2003,TTN,NJ,AEA,EN,Federal Contract Tower,0,5,25,0,30,0,0,27,1,28,0,5,52,1,58,4,0,4,62
02/08/2003,TTN,NJ,AEA,EN,Federal Contract Tower,0,13,24,1,38,0,0,120,2,122,0,13,144,3,160,124,0,124,284
02/09/2003,TTN,NJ,AEA,EN,Federal Contract Tower,0,14,38,2,54,0,0,200,4,204,0,14,238,6,258,102,0,102,360
02/10/2003,TTN,NJ,AEA,EN,Federal Contract Tower,0,20,27,0,47,0,8,19,0,27,0,28,46,0,74,10,0,10,84
02/11/2003,TTN,NJ,AEA,EN,Federal Contract Tower,0,15,49,2,66,0,0,163,11,174,0,15,212,13,240,60,0,60,300
02/12/2003,TTN,NJ,AEA,EN,Federal Contract Tower,0,24,29,1,54,0,0,121,1,122,0,24,150,2,176,6,0,6,182
02/13/2003,TTN,NJ,AEA,EN,Federal Contract Tower,0,21,44,2,67,0,0,83,9,92,0,21,127,11,159,50,0,50,209
02/14/2003,TTN,NJ,AEA,EN,Federal Contract Tower,0,24,40,4,68,0,0,170,6,176,0,24,210,10,244,74,0,74,318
02/15/2003,TTN,NJ,AEA,EN,Federal Contract Tower,0,10,20,0,30,0,0,58,0,58,0,10,78,0,88,76,0,76,164
02/16/2003,TTN,NJ,AEA,EN,Federal Contract Tower,0,2,16,0,18,0,0,14,0,14,0,2,30,0,32,64,0,64,96
02/17/2003,TTN,NJ,AEA,EN,Federal Contract Tower,0,0,0,0,0,0,0,0,0,0,0,0,0,0,0,0,0,0,0
02/18/2003,TTN,NJ,AEA,EN,Federal Contract Tower,0,17,71,0,88,0,0,0,0,0,0,17,71,0,88,0,0,0,88
02/19/2003,TTN,NJ,AEA,EN,Federal Contract Tower,0,26,51,0,77,0,12,141,6,159,0,38,192,6,236,96,0,96,332
02/20/2003,TTN,NJ,AEA,EN,Federal Contract Tower,0,21,49,0,70,0,0,103,9,112,0,21,152,9,182,106,0,106,288
02/21/2003,TTN,NJ,AEA,EN,Federal Contract Tower,0,28,67,2,97,0,0,136,3,139,0,28,203,5,236,86,0,86,322
02/22/2003,TTN,NJ,AEA,EN,Federal Contract Tower,0,10,6,0,16,0,0,8,0,8,0,10,14,0,24,0,0,0,24
02/23/2003,TTN,NJ,AEA,EN,Federal Contract Tower,0,10,23,1,34,0,0,5,0,5,0,10,28,1,39,0,0,0,39
02/24/2003,TTN,NJ,AEA,EN,Federal Contract Tower,0,24,46,2,72,0,0,170,14,184,0,24,216,16,256,148,0,148,404
02/25/2003,TTN,NJ,AEA,EN,Federal Contract Tower,0,28,37,1,66,0,0,175,22,197,0,28,212,23,263,123,0,123,386
02/26/2003,TTN,NJ,AEA,EN,Federal Contract Tower,0,26,49,0,75,0,0,111,10,121,0,26,160,10,196,66,0,66,262
02/27/2003,TTN,NJ,AEA,EN,Federal Contract Tower,0,26,50,0,76,0,0,127,3,130,0,26,177,3,206,60,0,60,266
02/28/2003,TTN,NJ,AEA,EN,Federal Contract Tower,0,22,45,0,67,0,0,111,3,114,0,22,156,3,181,88,0,88,269
03/01/2003,TTN,NJ,AEA,EN,Federal Contract Tower,0,14,39,0,53,0,0,53,0,53,0,14,92,0,106,74,0,74,180
03/02/2003,TTN,NJ,AEA,EN,Federal Contract Tower,0,14,34,0,48,0,0,54,0,54,0,14,88,0,102,20,0,20,122
03/03/2003,TTN,NJ,AEA,EN,Federal Contract Tower,0,25,42,0,67,0,0,150,7,157,0,25,192,7,224,42,0,42,266
03/04/2003,TTN,NJ,AEA,EN,Federal Contract Tower,0,21,38,0,59,0,0,216,12,228,0,21,254,12,287,66,0,66,353
03/05/2003,TTN,NJ,AEA,EN,Federal Contract Tower,0,35,40,0,75,0,0,19,10,29,0,35,59,10,104,22,0,22,126
03/06/2003,TTN,NJ,AEA,EN,Federal Contract Tower,0,22,34,0,56,0,0,6,7,13,0,22,40,7,69,0,0,0,69
03/07/2003,TTN,NJ,AEA,EN,Federal Contract Tower,1,28,60,0,89,0,0,187,6,193,1,28,247,6,282,58,4,62,344
03/08/2003,TTN,NJ,AEA,EN,Federal Contract Tower,0,12,40,1,53,0,0,182,2,184,0,12,222,3,237,292,0,292,529
03/09/2003,TTN,NJ,AEA,EN,Federal Contract Tower,0,20,30,0,50,0,0,95,8,103,0,20,125,8,153,74,0,74,227
03/10/2003,TTN,NJ,AEA,EN,Federal Contract Tower,0,24,40,2,66,0,0,145,6,151,0,24,185,8,217,32,0,32,249
03/11/2003,TTN,NJ,AEA,EN,Federal Contract Tower,0,24,35,2,61,0,0,217,20,237,0,24,252,22,298,162,10,172,470
03/12/2003,TTN,NJ,AEA,EN,Federal Contract Tower,0,29,53,6,88,0,0,154,21,175,0,29,207,27,263,118,2,120,383
03/13/2003,TTN,NJ,AEA,EN,Federal Contract Tower,0,26,39,1,66,0,0,86,9,95,0,26,125,10,161,36,0,36,197
03/14/2003,TTN,NJ,AEA,EN,Federal Contract Tower,0,24,65,1,90,0,0,201,12,213,0,24,266,13,303,144,0,144,447
03/15/2003,TTN,NJ,AEA,EN,Federal Contract Tower,0,11,26,2,39,0,0,190,3,193,0,11,216,5,232,204,0,204,436
03/16/2003,TTN,NJ,AEA,EN,Federal Contract Tower,0,19,42,2,63,0,0,193,0,193,0,19,235,2,256,136,0,136,392
03/17/2003,TTN,NJ,AEA,EN,Federal Contract Tower,0,30,51,0,81,0,0,218,2,220,0,30,269,2,301,158,0,158,459
03/18/2003,TTN,NJ,AEA,EN,Federal Contract Tower,0,23,48,0,71,0,0,169,14,183,0,23,217,14,254,134,0,134,388
03/19/2003,TTN,NJ,AEA,EN,Federal Contract Tower,0,28,53,1,82,0,0,124,18,142,0,28,177,19,224,80,0,80,304
03/20/2003,TTN,NJ,AEA,EN,Federal Contract Tower,0,25,46,0,71,0,0,9,3,12,0,25,55,3,83,0,0,0,83
03/21/2003,TTN,NJ,AEA,EN,Federal Contract Tower,0,28,63,0,91,0,0,45,2,47,0,28,108,2,138,20,2,22,160
03/22/2003,TTN,NJ,AEA,EN,Federal Contract Tower,0,14,46,1,61,0,0,168,0,168,0,14,214,1,229,162,0,162,391
03/23/2003,TTN,NJ,AEA,EN,Federal Contract Tower,0,20,43,0,63,0,0,191,0,191,0,20,234,0,254,174,0,174,428
03/24/2003,TTN,NJ,AEA,EN,Federal Contract Tower,0,22,70,5,97,0,0,176,5,181,0,22,246,10,278,142,0,142,420
03/25/2003,TTN,NJ,AEA,EN,Federal Contract Tower,0,27,57,3,87,0,0,172,18,190,0,27,229,21,277,40,0,40,317
03/26/2003,TTN,NJ,AEA,EN,Federal Contract Tower,0,20,61,1,82,0,0,94,7,101,0,20,155,8,183,20,0,20,203
03/27/2003,TTN,NJ,AEA,EN,Federal Contract Tower,0,18,77,3,98,0,0,173,10,183,0,18,250,13,281,116,0,116,397
03/28/2003,TTN,NJ,AEA,EN,Federal Contract Tower,0,20,57,1,78,0,0,137,10,147,0,20,194,11,225,92,0,92,317
03/29/2003,TTN,NJ,AEA,EN,Federal Contract Tower,0,3,36,0,39,0,0,31,0,31,0,3,67,0,70,92,0,92,162
03/30/2003,TTN,NJ,AEA,EN,Federal Contract Tower,0,13,28,0,41,0,0,30,3,33,0,13,58,3,74,70,0,70,144
03/31/2003,TTN,NJ,AEA,EN,Federal Contract Tower,0,19,44,0,63,0,0,88,5,93,0,19,132,5,156,54,0,54,210
04/01/2003,TTN,NJ,AEA,EN,Federal Contract Tower,0,24,54,2,80,0,0,115,10,125,0,24,169,12,205,86,0,86,291
04/02/2003,TTN,NJ,AEA,EN,Federal Contract Tower,0,23,63,9,95,0,0,200,15,215,0,23,263,24,310,94,6,100,410
04/03/2003,TTN,NJ,AEA,EN,Federal Contract Tower,0,18,60,2,80,0,0,62,3,65,0,18,122,5,145,88,0,88,233
04/04/2003,TTN,NJ,AEA,EN,Federal Contract Tower,0,31,69,0,100,0,0,13,0,13,0,31,82,0,113,0,0,0,113
04/05/2003,TTN,NJ,AEA,EN,Federal Contract Tower,0,9,29,1,39,0,0,0,0,0,0,9,29,1,39,2,0,2,41
04/06/2003,TTN,NJ,AEA,EN,Federal Contract Tower,0,14,38,2,54,0,0,204,16,220,0,14,242,18,274,170,0,170,444
04/07/2003,TTN,NJ,AEA,EN,Federal Contract Tower,0,9,21,2,32,0,0,13,0,13,0,9,34,2,45,0,0,0,45
04/08/2003,TTN,NJ,AEA,EN,Federal Contract Tower,0,30,23,2,55,0,0,27,0,27,0,30,50,2,82,0,0,0,82
04/09/2003,TTN,NJ,AEA,EN,Federal Contract Tower,0,22,44,0,66,0,0,0,0,0,0,22,44,0,66,0,0,0,66
04/10/2003,TTN,NJ,AEA,EN,Federal Contract Tower,0,32,64,1,97,0,0,133,8,141,0,32,197,9,238,78,0,78,316
04/11/2003,TTN,NJ,AEA,EN,Federal Contract Tower,0,23,69,1,93,0,0,10,0,10,0,23,79,1,103,0,0,0,103
04/12/2003,TTN,NJ,AEA,EN,Federal Contract Tower,0,10,48,1,59,0,0,103,10,113,0,10,151,11,172,182,0,182,354
04/13/2003,TTN,NJ,AEA,EN,Federal Contract Tower,0,20,60,1,81,0,0,225,7,232,0,20,285,8,313,210,0,210,523
04/14/2003,TTN,NJ,AEA,EN,Federal Contract Tower,0,22,56,0,78,0,0,215,11,226,0,22,271,11,304,224,0,224,528
04/15/2003,TTN,NJ,AEA,EN,Federal Contract Tower,0,18,63,2,83,0,0,223,38,261,0,18,286,40,344,166,0,166,510
04/16/2003,TTN,NJ,AEA,EN,Federal Contract Tower,0,20,57,5,82,0,0,176,16,192,0,20,233,21,274,136,0,136,410
04/17/2003,TTN,NJ,AEA,EN,Federal Contract Tower,0,33,53,3,89,0,0,96,11,107,0,33,149,14,196,70,0,70,266
04/18/2003,TTN,NJ,AEA,EN,Federal Contract Tower,0,25,39,0,64,0,0,75,2,77,0,25,114,2,141,116,0,116,257
04/19/2003,TTN,NJ,AEA,EN,Federal Contract Tower,0,8,42,0,50,0,0,184,4,188,0,8,226,4,238,198,0,198,436
04/20/2003,TTN,NJ,AEA,EN,Federal Contract Tower,0,21,34,2,57,0,0,157,0,157,0,21,191,2,214,108,0,108,322
04/21/2003,TTN,NJ,AEA,EN,Federal Contract Tower,0,19,71,0,90,0,0,201,6,207,0,19,272,6,297,190,6,196,493
04/22/2003,TTN,NJ,AEA,EN,Federal Contract Tower,0,22,61,1,84,0,0,85,11,96,0,22,146,12,180,74,0,74,254
04/23/2003,TTN,NJ,AEA,EN,Federal Contract Tower,2,27,49,3,81,0,0,124,14,138,2,27,173,17,219,50,0,50,269
04/24/2003,TTN,NJ,AEA,EN,Federal Contract Tower,0,24,38,4,66,0,3,179,15,197,0,27,217,19,263,160,0,160,423
04/25/2003,TTN,NJ,AEA,EN,Federal Contract Tower,0,21,43,0,64,0,4,160,14,178,0,25,203,14,242,74,0,74,316
04/26/2003,TTN,NJ,AEA,EN,Federal Contract Tower,0,12,40,0,52,0,0,0,0,0,0,12,40,0,52,0,0,0,52
04/27/2003,TTN,NJ,AEA,EN,Federal Contract Tower,0,27,60,0,87,0,0,390,3,393,0,27,450,3,480,262,0,262,742
04/28/2003,TTN,NJ,AEA,EN,Federal Contract Tower,0,21,50,0,71,0,1,280,2,283,0,22,330,2,354,100,0,100,454
04/29/2003,TTN,NJ,AEA,EN,Federal Contract Tower,0,26,39,4,69,0,0,145,10,155,0,26,184,14,224,90,0,90,314
04/30/2003,TTN,NJ,AEA,EN,Federal Contract Tower,0,24,52,0,76,0,0,199,14,213,0,24,251,14,289,158,0,158,447
05/01/2003,TTN,NJ,AEA,EN,Federal Contract Tower,0,29,56,0,85,0,0,145,7,152,0,29,201,7,237,136,0,136,373
05/02/2003,TTN,NJ,AEA,EN,Federal Contract Tower,0,26,60,0,86,0,0,158,5,163,0,26,218,5,249,106,0,106,355
05/03/2003,TTN,NJ,AEA,EN,Federal Contract Tower,0,11,47,0,58,0,0,213,20,233,0,11,260,20,291,210,0,210,501
05/04/2003,TTN,NJ,AEA,EN,Federal Contract Tower,0,14,48,0,62,0,0,280,29,309,0,14,328,29,371,248,0,248,619
05/05/2003,TTN,NJ,AEA,EN,Federal Contract Tower,0,19,45,1,65,0,0,180,4,184,0,19,225,5,249,66,0,66,315
05/06/2003,TTN,NJ,AEA,EN,Federal Contract Tower,0,31,67,5,103,0,0,15,2,17,0,31,82,7,120,16,0,16,136
05/07/2003,TTN,NJ,AEA,EN,Federal Contract Tower,0,24,55,6,85,0,0,193,21,214,0,24,248,27,299,120,0,120,419
05/08/2003,TTN,NJ,AEA,EN,Federal Contract Tower,0,26,87,1,114,0,0,11,4,15,0,26,98,5,129,2,0,2,131
05/09/2003,TTN,NJ,AEA,EN,Federal Contract Tower,0,22,81,0,103,0,0,11,0,11,0,22,92,0,114,2,0,2,116
05/10/2003,TTN,NJ,AEA,EN,Federal Contract Tower,0,5,45,1,51,0,0,39,0,39,0,5,84,1,90,20,0,20,110
05/11/2003,TTN,NJ,AEA,EN,Federal Contract Tower,0,12,47,0,59,0,0,30,0,30,0,12,77,0,89,42,0,42,131
05/12/2003,TTN,NJ,AEA,EN,Federal Contract Tower,0,30,54,0,84,0,1,115,0,116,0,31,169,0,200,56,0,56,256
05/13/2003,TTN,NJ,AEA,EN,Federal Contract Tower,0,28,41,0,69,0,0,166,20,186,0,28,207,20,255,86,0,86,341
05/14/2003,TTN,NJ,AEA,EN,Federal Contract Tower,0,28,57,0,85,0,2,214,25,241,0,30,271,25,326,92,0,92,418
05/15/2003,TTN,NJ,AEA,EN,Federal Contract Tower,0,33,81,2,116,0,1,213,7,221,0,34,294,9,337,140,4,144,481
05/16/2003,TTN,NJ,AEA,EN,Federal Contract Tower,0,36,43,0,79,0,0,94,2,96,0,36,137,2,175,70,0,70,245
05/17/2003,TTN,NJ,AEA,EN,Federal Contract Tower,0,10,50,2,62,0,0,146,5,151,0,10,196,7,213,202,0,202,415
05/18/2003,TTN,NJ,AEA,EN,Federal Contract Tower,0,21,35,0,56,0,0,212,6,218,0,21,247,6,274,194,0,194,468
05/19/2003,TTN,NJ,AEA,EN,Federal Contract Tower,0,20,50,1,71,0,0,290,5,295,0,20,340,6,366,230,0,230,596
05/20/2003,TTN,NJ,AEA,EN,Federal Contract Tower,0,26,57,5,88,0,0,259,24,283,0,26,316,29,371,176,0,176,547
05/21/2003,TTN,NJ,AEA,EN,Federal Contract Tower,0,24,81,2,107,0,0,48,8,56,0,24,129,10,163,24,0,24,187
05/22/2003,TTN,NJ,AEA,EN,Federal Contract Tower,0,31,82,4,117,0,0,19,6,25,0,31,101,10,142,2,0,2,144
05/23/2003,TTN,NJ,AEA,EN,Federal Contract Tower,0,24,67,1,92,0,0,5,0,5,0,24,72,1,97,0,0,0,97
05/24/2003,TTN,NJ,AEA,EN,Federal Contract Tower,0,10,29,0,39,0,0,0,0,0,0,10,29,0,39,0,0,0,39
05/25/2003,TTN,NJ,AEA,EN,Federal Contract Tower,0,6,62,1,69,0,0,0,0,0,0,6,62,1,69,0,0,0,69
05/26/2003,TTN,NJ,AEA,EN,Federal Contract Tower,0,11,33,0,44,0,0,14,0,14,0,11,47,0,58,2,0,2,60
05/27/2003,TTN,NJ,AEA,EN,Federal Contract Tower,0,23,63,1,87,0,0,210,4,214,0,23,273,5,301,208,0,208,509
05/28/2003,TTN,NJ,AEA,EN,Federal Contract Tower,0,29,59,0,88,0,0,115,5,120,0,29,174,5,208,56,2,58,266
05/29/2003,TTN,NJ,AEA,EN,Federal Contract Tower,0,37,39,2,78,0,0,206,12,218,0,37,245,14,296,174,0,174,470
05/30/2003,TTN,NJ,AEA,EN,Federal Contract Tower,0,27,59,3,89,0,0,203,6,209,0,27,262,9,298,158,0,158,456
05/31/2003,TTN,NJ,AEA,EN,Federal Contract Tower,0,16,26,0,42,0,0,74,2,76,0,16,100,2,118,158,0,158,276
06/01/2003,TTN,NJ,AEA,EN,Federal Contract Tower,0,21,50,0,71,0,0,33,0,33,0,21,83,0,104,20,0,20,124
06/02/2003,TTN,NJ,AEA,EN,Federal Contract Tower,0,26,67,2,95,0,0,310,7,317,0,26,377,9,412,146,0,146,558
06/03/2003,TTN,NJ,AEA,EN,Federal Contract Tower,0,36,68,2,106,0,2,252,20,274,0,38,320,22,380,136,2,138,518
06/04/2003,TTN,NJ,AEA,EN,Federal Contract Tower,0,32,58,4,94,0,0,2,0,2,0,32,60,4,96,0,0,0,96
06/05/2003,TTN,NJ,AEA,EN,Federal Contract Tower,0,41,56,0,97,0,1,148,8,157,0,42,204,8,254,134,6,140,394
06/06/2003,TTN,NJ,AEA,EN,Federal Contract Tower,0,27,63,2,92,0,0,240,11,251,0,27,303,13,343,166,0,166,509
06/07/2003,TTN,NJ,AEA,EN,Federal Contract Tower,0,8,30,1,39,0,0,21,12,33,0,8,51,13,72,48,0,48,120
06/08/2003,TTN,NJ,AEA,EN,Federal Contract Tower,0,16,70,0,86,0,0,59,8,67,0,16,129,8,153,94,0,94,247
06/09/2003,TTN,NJ,AEA,EN,Federal Contract Tower,1,25,64,0,90,0,0,195,2,197,1,25,259,2,287,94,0,94,381
06/10/2003,TTN,NJ,AEA,EN,Federal Contract Tower,1,21,57,4,83,0,0,285,14,299,1,21,342,18,382,130,0,130,512
06/11/2003,TTN,NJ,AEA,EN,Federal Contract Tower,0,30,48,3,81,0,0,152,5,157,0,30,200,8,238,72,0,72,310
06/12/2003,TTN,NJ,AEA,EN,Federal Contract Tower,0,30,67,0,97,0,0,136,2,138,0,30,203,2,235,164,0,164,399
06/13/2003,TTN,NJ,AEA,EN,Federal Contract Tower,0,28,59,2,89,0,0,0,0,0,0,28,59,2,89,0,0,0,89
06/14/2003,TTN,NJ,AEA,EN,Federal Contract Tower,0,10,35,0,45,0,0,49,1,50,0,10,84,1,95,74,0,74,169
06/15/2003,TTN,NJ,AEA,EN,Federal Contract Tower,0,17,60,1,78,0,0,227,1,228,0,17,287,2,306,204,0,204,510
06/16/2003,TTN,NJ,AEA,EN,Federal Contract Tower,0,21,51,0,72,0,0,215,13,228,0,21,266,13,300,178,0,178,478
06/17/2003,TTN,NJ,AEA,EN,Federal Contract Tower,0,18,41,1,60,0,0,215,19,234,0,18,256,20,294,116,0,116,410
06/18/2003,TTN,NJ,AEA,EN,Federal Contract Tower,0,33,75,2,110,0,0,61,7,68,0,33,136,9,178,74,0,74,252
06/19/2003,TTN,NJ,AEA,EN,Federal Contract Tower,0,25,60,0,85,0,0,34,0,34,0,25,94,0,119,24,0,24,143
06/20/2003,TTN,NJ,AEA,EN,Federal Contract Tower,0,32,68,5,105,0,0,30,0,30,0,32,98,5,135,0,0,0,135
06/21/2003,TTN,NJ,AEA,EN,Federal Contract Tower,0,5,32,0,37,0,0,0,0,0,0,5,32,0,37,0,0,0,37
06/22/2003,TTN,NJ,AEA,EN,Federal Contract Tower,0,21,72,0,93,0,0,98,3,101,0,21,170,3,194,202,0,202,396
06/23/2003,TTN,NJ,AEA,EN,Federal Contract Tower,0,26,50,0,76,0,0,275,11,286,0,26,325,11,362,158,0,158,520
06/24/2003,TTN,NJ,AEA,EN,Federal Contract Tower,0,26,40,0,66,0,0,230,30,260,0,26,270,30,326,146,0,146,472
06/25/2003,TTN,NJ,AEA,EN,Federal Contract Tower,0,21,59,2,82,0,0,246,20,266,0,21,305,22,348,116,0,116,464
06/26/2003,TTN,NJ,AEA,EN,Federal Contract Tower,0,22,41,2,65,0,0,175,17,192,0,22,216,19,257,140,10,150,407
06/27/2003,TTN,NJ,AEA,EN,Federal Contract Tower,0,28,44,0,72,0,0,104,6,110,0,28,148,6,182,80,0,80,262
06/28/2003,TTN,NJ,AEA,EN,Federal Contract Tower,0,6,20,0,26,0,0,213,15,228,0,6,233,15,254,222,0,222,476
06/29/2003,TTN,NJ,AEA,EN,Federal Contract Tower,0,12,44,0,56,0,0,228,5,233,0,12,272,5,289,256,0,256,545
06/30/2003,TTN,NJ,AEA,EN,Federal Contract Tower,0,19,30,2,51,0,0,217,0,217,0,19,247,2,268,130,0,130,398
07/01/2003,TTN,NJ,AEA,EN,Federal Contract Tower,0,22,70,0,92,0,0,252,5,257,0,22,322,5,349,182,0,182,531
07/02/2003,TTN,NJ,AEA,EN,Federal Contract Tower,0,26,49,1,76,0,0,235,19,254,0,26,284,20,330,136,0,136,466
07/03/2003,TTN,NJ,AEA,EN,Federal Contract Tower,0,20,50,2,72,0,0,44,3,47,0,20,94,5,119,66,0,66,185
07/04/2003,TTN,NJ,AEA,EN,Federal Contract Tower,0,13,14,0,27,0,0,121,2,123,0,13,135,2,150,34,0,34,184
07/05/2003,TTN,NJ,AEA,EN,Federal Contract Tower,0,7,20,0,27,0,0,93,0,93,0,7,113,0,120,84,0,84,204
07/06/2003,TTN,NJ,AEA,EN,Federal Contract Tower,0,14,35,0,49,0,0,206,0,206,0,14,241,0,255,98,0,98,353
07/07/2003,TTN,NJ,AEA,EN,Federal Contract Tower,0,25,47,0,72,0,0,149,1,150,0,25,196,1,222,60,0,60,282
07/08/2003,TTN,NJ,AEA,EN,Federal Contract Tower,0,24,37,1,62,0,0,188,9,197,0,24,225,10,259,68,0,68,327
07/09/2003,TTN,NJ,AEA,EN,Federal Contract Tower,0,26,60,0,86,0,0,188,15,203,0,26,248,15,289,94,0,94,383
07/10/2003,TTN,NJ,AEA,EN,Federal Contract Tower,0,20,73,1,94,0,0,23,0,23,0,20,96,1,117,4,0,4,121
07/11/2003,TTN,NJ,AEA,EN,Federal Contract Tower,0,24,48,2,74,0,0,78,3,81,0,24,126,5,155,44,0,44,199
07/12/2003,TTN,NJ,AEA,EN,Federal Contract Tower,0,7,40,0,47,0,0,228,6,234,0,7,268,6,281,146,0,146,427
07/13/2003,TTN,NJ,AEA,EN,Federal Contract Tower,0,11,43,2,56,0,0,319,2,321,0,11,362,4,377,226,0,226,603
07/14/2003,TTN,NJ,AEA,EN,Federal Contract Tower,0,26,41,0,67,0,0,158,7,165,0,26,199,7,232,130,0,130,362
07/15/2003,TTN,NJ,AEA,EN,Federal Contract Tower,0,25,55,1,81,0,0,146,12,158,0,25,201,13,239,98,12,110,349
07/16/2003,TTN,NJ,AEA,EN,Federal Contract Tower,0,27,53,1,81,0,0,158,12,170,0,27,211,13,251,82,14,96,347
07/17/2003,TTN,NJ,AEA,EN,Federal Contract Tower,0,24,48,0,72,0,2,245,8,255,0,26,293,8,327,194,0,194,521
07/18/2003,TTN,NJ,AEA,EN,Federal Contract Tower,0,26,34,1,61,0,1,158,8,167,0,27,192,9,228,128,0,128,356
07/19/2003,TTN,NJ,AEA,EN,Federal Contract Tower,0,6,20,0,26,0,0,199,2,201,0,6,219,2,227,222,0,222,449
07/20/2003,TTN,NJ,AEA,EN,Federal Contract Tower,0,15,36,0,51,0,0,221,0,221,0,15,257,0,272,104,0,104,376
07/21/2003,TTN,NJ,AEA,EN,Federal Contract Tower,0,17,53,0,70,0,0,103,0,103,0,17,156,0,173,76,0,76,249
07/22/2003,TTN,NJ,AEA,EN,Federal Contract Tower,0,26,60,0,86,0,0,34,5,39,0,26,94,5,125,14,4,18,143
07/23/2003,TTN,NJ,AEA,EN,Federal Contract Tower,0,21,49,2,72,0,0,44,6,50,0,21,93,8,122,22,6,28,150
07/24/2003,TTN,NJ,AEA,EN,Federal Contract Tower,0,28,51,5,84,0,0,132,8,140,0,28,183,13,224,88,0,88,312
07/25/2003,TTN,NJ,AEA,EN,Federal Contract Tower,0,32,42,1,75,0,1,312,17,330,0,33,354,18,405,84,0,84,489
07/26/2003,TTN,NJ,AEA,EN,Federal Contract Tower,0,10,33,0,43,0,0,251,3,254,0,10,284,3,297,184,0,184,481
07/27/2003,TTN,NJ,AEA,EN,Federal Contract Tower,0,22,30,0,52,0,0,159,2,161,0,22,189,2,213,134,0,134,347
07/28/2003,TTN,NJ,AEA,EN,Federal Contract Tower,0,25,52,1,78,0,0,212,3,215,0,25,264,4,293,162,0,162,455
07/29/2003,TTN,NJ,AEA,EN,Federal Contract Tower,0,25,31,0,56,0,1,263,12,276,0,26,294,12,332,162,0,162,494
07/30/2003,TTN,NJ,AEA,EN,Federal Contract Tower,0,26,35,0,61,0,0,269,16,285,0,26,304,16,346,202,0,202,548
07/31/2003,TTN,NJ,AEA,EN,Federal Contract Tower,0,29,41,1,71,0,0,114,4,118,0,29,155,5,189,84,0,84,273
08/01/2003,TTN,NJ,AEA,EN,Federal Contract Tower,0,33,34,0,67,0,0,4,0,4,0,33,38,0,71,0,0,0,71
08/02/2003,TTN,NJ,AEA,EN,Federal Contract Tower,0,11,20,0,31,0,0,45,0,45,0,11,65,0,76,52,0,52,128
08/03/2003,TTN,NJ,AEA,EN,Federal Contract Tower,0,16,40,0,56,0,0,39,4,43,0,16,79,4,99,22,0,22,121
08/04/2003,TTN,NJ,AEA,EN,Federal Contract Tower,0,22,38,2,62,0,0,49,2,51,0,22,87,4,113,80,0,80,193
08/05/2003,TTN,NJ,AEA,EN,Federal Contract Tower,0,21,57,2,80,0,0,15,0,15,0,21,72,2,95,0,0,0,95
08/06/2003,TTN,NJ,AEA,EN,Federal Contract Tower,0,25,42,0,67,0,0,167,3,170,0,25,209,3,237,128,0,128,365
08/07/2003,TTN,NJ,AEA,EN,Federal Contract Tower,0,22,70,4,96,0,0,8,2,10,0,22,78,6,106,0,0,0,106
08/08/2003,TTN,NJ,AEA,EN,Federal Contract Tower,0,18,61,2,81,0,0,95,1,96,0,18,156,3,177,104,2,106,283
08/09/2003,TTN,NJ,AEA,EN,Federal Contract Tower,0,10,36,0,46,0,0,25,0,25,0,10,61,0,71,4,0,4,75
08/10/2003,TTN,NJ,AEA,EN,Federal Contract Tower,0,16,40,0,56,0,0,34,3,37,0,16,74,3,93,58,0,58,151
08/11/2003,TTN,NJ,AEA,EN,Federal Contract Tower,0,21,49,0,70,0,0,80,0,80,0,21,129,0,150,62,0,62,212
08/12/2003,TTN,NJ,AEA,EN,Federal Contract Tower,0,24,40,1,65,0,0,84,3,87,0,24,124,4,152,70,0,70,222
08/13/2003,TTN,NJ,AEA,EN,Federal Contract Tower,0,30,66,1,97,0,0,110,16,126,0,30,176,17,223,32,0,32,255
08/14/2003,TTN,NJ,AEA,EN,Federal Contract Tower,0,28,60,0,88,0,0,261,20,281,0,28,321,20,369,202,0,202,571
08/15/2003,TTN,NJ,AEA,EN,Federal Contract Tower,0,31,50,0,81,0,0,217,9,226,0,31,267,9,307,250,2,252,559
08/16/2003,TTN,NJ,AEA,EN,Federal Contract Tower,0,5,28,2,35,0,0,114,0,114,0,5,142,2,149,112,0,112,261
08/17/2003,TTN,NJ,AEA,EN,Federal Contract Tower,0,15,66,0,81,0,0,122,0,122,0,15,188,0,203,126,0,126,329
08/18/2003,TTN,NJ,AEA,EN,Federal Contract Tower,0,24,45,1,70,0,0,223,3,226,0,24,268,4,296,100,0,100,396
08/19/2003,TTN,NJ,AEA,EN,Federal Contract Tower,2,23,48,2,75,0,0,244,19,263,2,23,292,21,338,136,0,136,474
08/20/2003,TTN,NJ,AEA,EN,Federal Contract Tower,0,35,30,1,66,0,0,239,25,264,0,35,269,26,330,222,0,222,552
08/21/2003,TTN,NJ,AEA,EN,Federal Contract Tower,0,24,43,0,67,0,0,164,10,174,0,24,207,10,241,158,0,158,399
08/22/2003,TTN,NJ,AEA,EN,Federal Contract Tower,0,19,39,0,58,0,0,75,19,94,0,19,114,19,152,30,0,30,182
08/23/2003,TTN,NJ,AEA,EN,Federal Contract Tower,0,16,23,1,40,0,0,150,5,155,0,16,173,6,195,146,2,148,343
08/24/2003,TTN,NJ,AEA,EN,Federal Contract Tower,0,11,34,1,46,0,0,202,8,210,0,11,236,9,256,104,0,104,360
08/25/2003,TTN,NJ,AEA,EN,Federal Contract Tower,0,27,44,0,71,0,0,269,10,279,0,27,313,10,350,130,0,130,480
08/26/2003,TTN,NJ,AEA,EN,Federal Contract Tower,0,21,34,2,57,0,0,136,11,147,0,21,170,13,204,110,12,122,326
08/27/2003,TTN,NJ,AEA,EN,Federal Contract Tower,0,18,44,3,65,0,1,175,14,190,0,19,219,17,255,90,0,90,345
08/28/2003,TTN,NJ,AEA,EN,Federal Contract Tower,0,15,43,0,58,0,1,205,18,224,0,16,248,18,282,156,0,156,438
08/29/2003,TTN,NJ,AEA,EN,Federal Contract Tower,0,19,56,0,75,0,0,64,5,69,0,19,120,5,144,50,0,50,194
08/30/2003,TTN,NJ,AEA,EN,Federal Contract Tower,0,5,24,0,29,0,0,68,0,68,0,5,92,0,97,118,0,118,215
08/31/2003,TTN,NJ,AEA,EN,Federal Contract Tower,0,10,20,0,30,0,0,183,0,183,0,10,203,0,213,102,0,102,315
09/01/2003,TTN,NJ,AEA,EN,Federal Contract Tower,0,14,41,0,55,0,0,6,0,6,0,14,47,0,61,0,0,0,61
09/02/2003,TTN,NJ,AEA,EN,Federal Contract Tower,0,22,53,2,77,0,0,0,0,0,0,22,53,2,77,2,0,2,79
09/03/2003,TTN,NJ,AEA,EN,Federal Contract Tower,0,14,52,2,68,0,0,2,0,2,0,14,54,2,70,0,0,0,70
09/04/2003,TTN,NJ,AEA,EN,Federal Contract Tower,0,22,88,2,112,0,0,23,1,24,0,22,111,3,136,8,0,8,144
09/05/2003,TTN,NJ,AEA,EN,Federal Contract Tower,0,20,46,4,70,0,0,219,25,244,0,20,265,29,314,152,0,152,466
09/06/2003,TTN,NJ,AEA,EN,Federal Contract Tower,0,9,42,0,51,0,0,269,29,298,0,9,311,29,349,242,0,242,591
09/07/2003,TTN,NJ,AEA,EN,Federal Contract Tower,0,21,56,4,81,0,0,261,13,274,0,21,317,17,355,154,0,154,509
09/08/2003,TTN,NJ,AEA,EN,Federal Contract Tower,0,22,59,6,87,0,0,251,4,255,0,22,310,10,342,178,0,178,520
09/09/2003,TTN,NJ,AEA,EN,Federal Contract Tower,0,16,54,3,73,0,0,212,14,226,0,16,266,17,299,178,0,178,477
09/10/2003,TTN,NJ,AEA,EN,Federal Contract Tower,0,21,42,1,64,0,0,237,13,250,0,21,279,14,314,206,0,206,520
09/11/2003,TTN,NJ,AEA,EN,Federal Contract Tower,0,29,36,1,66,0,0,227,7,234,0,29,263,8,300,240,2,242,542
09/12/2003,TTN,NJ,AEA,EN,Federal Contract Tower,0,27,53,3,83,0,0,146,4,150,0,27,199,7,233,48,0,48,281
09/13/2003,TTN,NJ,AEA,EN,Federal Contract Tower,0,3,37,0,40,0,0,0,0,0,0,3,37,0,40,0,0,0,40
09/14/2003,TTN,NJ,AEA,EN,Federal Contract Tower,0,17,50,0,67,0,0,71,1,72,0,17,121,1,139,88,0,88,227
09/15/2003,TTN,NJ,AEA,EN,Federal Contract Tower,0,29,50,2,81,0,0,42,4,46,0,29,92,6,127,62,0,62,189
09/16/2003,TTN,NJ,AEA,EN,Federal Contract Tower,0,27,64,2,93,0,1,217,12,230,0,28,281,14,323,192,0,192,515
09/17/2003,TTN,NJ,AEA,EN,Federal Contract Tower,0,38,51,2,91,0,0,277,16,293,0,38,328,18,384,176,0,176,560
09/18/2003,TTN,NJ,AEA,EN,Federal Contract Tower,0,21,33,1,55,0,0,43,14,57,0,21,76,15,112,54,38,92,204
09/19/2003,TTN,NJ,AEA,EN,Federal Contract Tower,0,16,18,3,37,0,0,56,9,65,0,16,74,12,102,12,0,12,114
09/20/2003,TTN,NJ,AEA,EN,Federal Contract Tower,0,14,30,4,48,0,0,238,10,248,0,14,268,14,296,176,0,176,472
09/21/2003,TTN,NJ,AEA,EN,Federal Contract Tower,0,27,38,0,65,0,0,271,3,274,0,27,309,3,339,192,0,192,531
09/22/2003,TTN,NJ,AEA,EN,Federal Contract Tower,0,21,58,1,80,0,0,192,11,203,0,21,250,12,283,266,0,266,549
09/23/2003,TTN,NJ,AEA,EN,Federal Contract Tower,0,20,40,2,62,0,0,78,11,89,0,20,118,13,151,52,0,52,203
09/24/2003,TTN,NJ,AEA,EN,Federal Contract Tower,0,33,61,3,97,0,0,225,19,244,0,33,286,22,341,136,0,136,477
09/25/2003,TTN,NJ,AEA,EN,Federal Contract Tower,0,25,58,2,85,0,0,199,15,214,0,25,257,17,299,186,6,192,491
09/26/2003,TTN,NJ,AEA,EN,Federal Contract Tower,0,27,61,6,94,0,0,131,10,141,0,27,192,16,235,126,0,126,361
09/27/2003,TTN,NJ,AEA,EN,Federal Contract Tower,0,3,44,0,47,0,0,111,13,124,0,3,155,13,171,156,0,156,327
09/28/2003,TTN,NJ,AEA,EN,Federal Contract Tower,0,22,50,0,72,0,0,122,2,124,0,22,172,2,196,50,0,50,246
09/29/2003,TTN,NJ,AEA,EN,Federal Contract Tower,0,22,43,1,66,0,0,242,3,245,0,22,285,4,311,200,0,200,511
09/30/2003,TTN,NJ,AEA,EN,Federal Contract Tower,0,27,54,0,81,0,0,266,4,270,0,27,320,4,351,148,0,148,499
10/01/2003,TTN,NJ,AEA,EN,Federal Contract Tower,0,25,64,1,90,0,0,216,16,232,0,25,280,17,322,186,0,186,508
10/02/2003,TTN,NJ,AEA,EN,Federal Contract Tower,0,22,57,0,79,0,0,192,10,202,0,22,249,10,281,118,0,118,399
10/03/2003,TTN,NJ,AEA,EN,Federal Contract Tower,0,28,35,0,63,0,0,248,10,258,0,28,283,10,321,150,0,150,471
10/04/2003,TTN,NJ,AEA,EN,Federal Contract Tower,0,12,46,1,59,0,0,71,1,72,0,12,117,2,131,56,0,56,187
10/05/2003,TTN,NJ,AEA,EN,Federal Contract Tower,0,22,52,0,74,0,0,196,0,196,0,22,248,0,270,124,0,124,394
10/06/2003,TTN,NJ,AEA,EN,Federal Contract Tower,0,25,60,0,85,0,2,208,0,210,0,27,268,0,295,178,0,178,473
10/07/2003,TTN,NJ,AEA,EN,Federal Contract Tower,0,26,48,1,75,0,0,174,19,193,0,26,222,20,268,156,0,156,424
10/08/2003,TTN,NJ,AEA,EN,Federal Contract Tower,2,31,75,3,111,0,0,120,12,132,2,31,195,15,243,98,0,98,341
10/09/2003,TTN,NJ,AEA,EN,Federal Contract Tower,0,33,56,0,89,0,0,141,13,154,0,33,197,13,243,188,0,188,431
10/10/2003,TTN,NJ,AEA,EN,Federal Contract Tower,0,41,81,2,124,0,1,86,3,90,0,42,167,5,214,84,0,84,298
10/11/2003,TTN,NJ,AEA,EN,Federal Contract Tower,0,12,44,0,56,0,0,145,4,149,0,12,189,4,205,126,0,126,331
10/12/2003,TTN,NJ,AEA,EN,Federal Contract Tower,0,18,42,0,60,0,0,107,0,107,0,18,149,0,167,108,0,108,275
10/13/2003,TTN,NJ,AEA,EN,Federal Contract Tower,0,25,39,0,64,0,0,278,2,280,0,25,317,2,344,224,0,224,568
10/14/2003,TTN,NJ,AEA,EN,Federal Contract Tower,0,27,48,0,75,0,0,184,3,187,0,27,232,3,262,94,0,94,356
10/15/2003,TTN,NJ,AEA,EN,Federal Contract Tower,0,22,26,1,49,0,0,48,13,61,0,22,74,14,110,20,0,20,130
10/16/2003,TTN,NJ,AEA,EN,Federal Contract Tower,0,24,44,2,70,0,0,196,25,221,0,24,240,27,291,86,2,88,379
10/17/2003,TTN,NJ,AEA,EN,Federal Contract Tower,0,25,37,0,62,0,0,188,9,197,0,25,225,9,259,104,0,104,363
10/18/2003,TTN,NJ,AEA,EN,Federal Contract Tower,0,9,32,3,44,0,0,214,2,216,0,9,246,5,260,178,0,178,438
10/19/2003,TTN,NJ,AEA,EN,Federal Contract Tower,0,14,38,2,54,0,0,167,3,170,0,14,205,5,224,118,0,118,342
10/20/2003,TTN,NJ,AEA,EN,Federal Contract Tower,2,24,40,0,66,0,0,309,16,325,2,24,349,16,391,152,6,158,549
10/21/2003,TTN,NJ,AEA,EN,Federal Contract Tower,0,25,28,4,57,0,0,125,21,146,0,25,153,25,203,56,4,60,263
10/22/2003,TTN,NJ,AEA,EN,Federal Contract Tower,0,34,43,2,79,0,0,150,17,167,0,34,193,19,246,94,2,96,342
10/23/2003,TTN,NJ,AEA,EN,Federal Contract Tower,1,28,59,2,90,0,0,169,7,176,1,28,228,9,266,76,0,76,342
10/24/2003,TTN,NJ,AEA,EN,Federal Contract Tower,0,21,57,0,78,0,0,203,8,211,0,21,260,8,289,110,0,110,399
10/25/2003,TTN,NJ,AEA,EN,Federal Contract Tower,0,14,38,0,52,0,0,269,15,284,0,14,307,15,336,218,0,218,554
10/26/2003,TTN,NJ,AEA,EN,Federal Contract Tower,0,17,52,0,69,0,0,31,2,33,0,17,83,2,102,102,0,102,204
10/27/2003,TTN,NJ,AEA,EN,Federal Contract Tower,0,38,64,1,103,0,0,26,0,26,0,38,90,1,129,4,0,4,133
10/28/2003,TTN,NJ,AEA,EN,Federal Contract Tower,0,32,49,4,85,0,0,220,15,235,0,32,269,19,320,82,6,88,408
10/29/2003,TTN,NJ,AEA,EN,Federal Contract Tower,0,28,45,1,74,0,0,63,7,70,0,28,108,8,144,26,0,26,170
10/30/2003,TTN,NJ,AEA,EN,Federal Contract Tower,0,24,53,0,77,0,0,228,16,244,0,24,281,16,321,156,0,156,477
10/31/2003,TTN,NJ,AEA,EN,Federal Contract Tower,0,22,43,2,67,0,0,214,8,222,0,22,257,10,289,164,0,164,453
11/01/2003,TTN,NJ,AEA,EN,Federal Contract Tower,0,8,34,1,43,0,0,296,16,312,0,8,330,17,355,260,0,260,615
11/02/2003,TTN,NJ,AEA,EN,Federal Contract Tower,0,13,47,0,60,0,0,223,10,233,0,13,270,10,293,178,0,178,471
11/03/2003,TTN,NJ,AEA,EN,Federal Contract Tower,0,26,48,0,74,0,0,249,6,255,0,26,297,6,329,240,0,240,569
11/04/2003,TTN,NJ,AEA,EN,Federal Contract Tower,0,15,77,1,93,0,0,2,1,3,0,15,79,2,96,14,0,14,110
11/05/2003,TTN,NJ,AEA,EN,Federal Contract Tower,0,21,46,0,67,0,0,0,0,0,0,21,46,0,67,0,0,0,67
11/06/2003,TTN,NJ,AEA,EN,Federal Contract Tower,0,24,75,2,101,0,0,9,1,10,0,24,84,3,111,0,0,0,111
11/07/2003,TTN,NJ,AEA,EN,Federal Contract Tower,0,21,47,5,73,0,0,188,0,188,0,21,235,5,261,84,0,84,345
11/08/2003,TTN,NJ,AEA,EN,Federal Contract Tower,0,11,26,2,39,0,0,191,2,193,0,11,217,4,232,230,0,230,462
11/09/2003,TTN,NJ,AEA,EN,Federal Contract Tower,0,11,35,0,46,0,0,247,1,248,0,11,282,1,294,186,0,186,480
11/10/2003,TTN,NJ,AEA,EN,Federal Contract Tower,0,13,35,0,48,0,0,174,1,175,0,13,209,1,223,128,0,128,351
11/11/2003,TTN,NJ,AEA,EN,Federal Contract Tower,0,15,56,1,72,0,0,176,3,179,0,15,232,4,251,80,0,80,331
11/12/2003,TTN,NJ,AEA,EN,Federal Contract Tower,0,26,67,1,94,0,0,14,2,16,0,26,81,3,110,6,0,6,116
11/13/2003,TTN,NJ,AEA,EN,Federal Contract Tower,0,16,33,0,49,0,0,32,1,33,0,16,65,1,82,0,0,0,82
11/14/2003,TTN,NJ,AEA,EN,Federal Contract Tower,0,32,37,1,70,0,0,54,1,55,0,32,91,2,125,6,0,6,131
11/15/2003,TTN,NJ,AEA,EN,Federal Contract Tower,0,11,40,0,51,0,0,174,2,176,0,11,214,2,227,134,0,134,361
11/16/2003,TTN,NJ,AEA,EN,Federal Contract Tower,0,13,45,2,60,0,0,218,5,223,0,13,263,7,283,252,0,252,535
11/17/2003,TTN,NJ,AEA,EN,Federal Contract Tower,0,17,54,0,71,0,0,252,7,259,0,17,306,7,330,198,0,198,528
11/18/2003,TTN,NJ,AEA,EN,Federal Contract Tower,0,21,63,0,84,0,0,45,4,49,0,21,108,4,133,28,10,38,171
11/19/2003,TTN,NJ,AEA,EN,Federal Contract Tower,0,17,37,0,54,0,0,0,0,0,0,17,37,0,54,0,0,0,54
11/20/2003,TTN,NJ,AEA,EN,Federal Contract Tower,0,21,41,0,62,0,2,107,11,120,0,23,148,11,182,70,0,70,252
11/21/2003,TTN,NJ,AEA,EN,Federal Contract Tower,0,26,59,0,85,0,0,277,12,289,0,26,336,12,374,146,0,146,520
11/22/2003,TTN,NJ,AEA,EN,Federal Contract Tower,0,6,30,1,37,0,0,253,5,258,0,6,283,6,295,230,0,230,525
11/23/2003,TTN,NJ,AEA,EN,Federal Contract Tower,0,14,42,0,56,0,0,216,0,216,0,14,258,0,272,146,0,146,418
11/24/2003,TTN,NJ,AEA,EN,Federal Contract Tower,0,14,67,0,81,0,0,149,3,152,0,14,216,3,233,42,0,42,275
11/25/2003,TTN,NJ,AEA,EN,Federal Contract Tower,0,26,87,0,113,0,0,203,11,214,0,26,290,11,327,108,0,108,435
11/26/2003,TTN,NJ,AEA,EN,Federal Contract Tower,0,19,59,1,79,0,1,262,7,270,0,20,321,8,349,128,0,128,477
11/27/2003,TTN,NJ,AEA,EN,Federal Contract Tower,0,10,12,0,22,0,0,55,0,55,0,10,67,0,77,20,0,20,97
11/28/2003,TTN,NJ,AEA,EN,Federal Contract Tower,0,11,15,0,26,0,0,5,0,5,0,11,20,0,31,40,0,40,71
11/29/2003,TTN,NJ,AEA,EN,Federal Contract Tower,0,20,20,0,40,0,0,18,0,18,0,20,38,0,58,0,0,0,58
11/30/2003,TTN,NJ,AEA,EN,Federal Contract Tower,0,26,56,0,82,0,0,202,1,203,0,26,258,1,285,120,0,120,405
12/01/2003,TTN,NJ,AEA,EN,Federal Contract Tower,0,23,48,0,71,0,0,81,2,83,0,23,129,2,154,20,0,20,174
12/02/2003,TTN,NJ,AEA,EN,Federal Contract Tower,0,19,32,0,51,0,2,89,20,111,0,21,121,20,162,24,2,26,188
12/03/2003,TTN,NJ,AEA,EN,Federal Contract Tower,0,25,57,1,83,0,0,234,30,264,0,25,291,31,347,152,0,152,499
12/04/2003,TTN,NJ,AEA,EN,Federal Contract Tower,0,24,56,2,82,0,0,234,20,254,0,24,290,22,336,114,0,114,450
12/05/2003,TTN,NJ,AEA,EN,Federal Contract Tower,0,16,24,2,42,0,0,7,0,7,0,16,31,2,49,6,0,6,55
12/06/2003,TTN,NJ,AEA,EN,Federal Contract Tower,0,3,4,0,7,0,0,0,0,0,0,3,4,0,7,0,0,0,7
12/07/2003,TTN,NJ,AEA,EN,Federal Contract Tower,0,13,38,2,53,0,0,38,2,40,0,13,76,4,93,26,0,26,119
12/08/2003,TTN,NJ,AEA,EN,Federal Contract Tower,0,22,37,1,60,0,0,149,3,152,0,22,186,4,212,32,0,32,244
12/09/2003,TTN,NJ,AEA,EN,Federal Contract Tower,0,16,49,0,65,0,0,160,19,179,0,16,209,19,244,54,0,54,298
12/10/2003,TTN,NJ,AEA,EN,Federal Contract Tower,0,22,53,0,75,0,0,131,11,142,0,22,184,11,217,100,0,100,317
12/11/2003,TTN,NJ,AEA,EN,Federal Contract Tower,0,31,47,0,78,0,0,47,8,55,0,31,94,8,133,0,0,0,133
12/12/2003,TTN,NJ,AEA,EN,Federal Contract Tower,0,19,57,0,76,0,0,200,4,204,0,19,257,4,280,56,0,56,336
12/13/2003,TTN,NJ,AEA,EN,Federal Contract Tower,0,11,34,0,45,0,0,298,12,310,0,11,332,12,355,192,0,192,547
12/14/2003,TTN,NJ,AEA,EN,Federal Contract Tower,0,5,20,0,25,0,0,0,0,0,0,5,20,0,25,0,0,0,25
12/15/2003,TTN,NJ,AEA,EN,Federal Contract Tower,0,21,46,0,67,0,0,55,0,55,0,21,101,0,122,14,0,14,136
12/16/2003,TTN,NJ,AEA,EN,Federal Contract Tower,0,18,62,2,82,0,2,247,17,266,0,20,309,19,348,156,0,156,504
12/17/2003,TTN,NJ,AEA,EN,Federal Contract Tower,0,24,31,1,56,0,0,10,0,10,0,24,41,1,66,0,0,0,66
12/18/2003,TTN,NJ,AEA,EN,Federal Contract Tower,0,27,42,6,75,0,0,137,11,148,0,27,179,17,223,136,0,136,359
12/19/2003,TTN,NJ,AEA,EN,Federal Contract Tower,0,21,48,0,69,0,0,152,2,154,0,21,200,2,223,178,0,178,401
12/20/2003,TTN,NJ,AEA,EN,Federal Contract Tower,0,5,25,0,30,0,0,173,1,174,0,5,198,1,204,264,0,264,468
12/21/2003,TTN,NJ,AEA,EN,Federal Contract Tower,0,6,38,0,44,0,0,183,3,186,0,6,221,3,230,274,0,274,504
12/22/2003,TTN,NJ,AEA,EN,Federal Contract Tower,0,14,35,0,49,0,0,135,1,136,0,14,170,1,185,108,0,108,293
12/23/2003,TTN,NJ,AEA,EN,Federal Contract Tower,0,19,24,4,47,0,0,161,10,171,0,19,185,14,218,102,0,102,320
12/24/2003,TTN,NJ,AEA,EN,Federal Contract Tower,0,7,16,0,23,0,1,3,0,4,0,8,19,0,27,2,0,2,29
12/25/2003,TTN,NJ,AEA,EN,Federal Contract Tower,0,3,4,0,7,0,0,19,0,19,0,3,23,0,26,2,0,2,28
12/26/2003,TTN,NJ,AEA,EN,Federal Contract Tower,0,19,33,0,52,0,0,84,0,84,0,19,117,0,136,130,0,130,266
12/27/2003,TTN,NJ,AEA,EN,Federal Contract Tower,0,12,50,0,62,0,0,208,5,213,0,12,258,5,275,214,0,214,489
12/28/2003,TTN,NJ,AEA,EN,Federal Contract Tower,0,7,23,0,30,0,0,216,0,216,0,7,239,0,246,176,0,176,422
12/29/2003,TTN,NJ,AEA,EN,Federal Contract Tower,0,9,30,3,42,0,0,164,6,170,0,9,194,9,212,148,0,148,360
12/30/2003,TTN,NJ,AEA,EN,Federal Contract Tower,0,15,16,2,33,0,0,57,5,62,0,15,73,7,95,22,4,26,121
12/31/2003,TTN,NJ,AEA,EN,Federal Contract Tower,0,7,16,0,23,0,0,151,15,166,0,7,167,15,189,66,0,66,255
01/01/2004,TTN,NJ,AEA,EN,Federal Contract Tower,0,2,9,0,11,0,0,48,13,61,0,2,57,13,72,30,0,30,102
01/02/2004,TTN,NJ,AEA,EN,Federal Contract Tower,0,11,22,2,35,0,0,79,0,79,0,11,101,2,114,72,0,72,186
01/03/2004,TTN,NJ,AEA,EN,Federal Contract Tower,0,8,50,0,58,0,0,119,0,119,0,8,169,0,177,170,0,170,347
01/04/2004,TTN,NJ,AEA,EN,Federal Contract Tower,0,5,45,0,50,0,0,58,0,58,0,5,103,0,108,88,0,88,196
01/05/2004,TTN,NJ,AEA,EN,Federal Contract Tower,0,17,47,0,64,0,0,3,0,3,0,17,50,0,67,0,0,0,67
01/06/2004,TTN,NJ,AEA,EN,Federal Contract Tower,0,22,40,0,62,0,0,131,9,140,0,22,171,9,202,130,0,130,332
01/07/2004,TTN,NJ,AEA,EN,Federal Contract Tower,0,17,35,2,54,0,0,114,14,128,0,17,149,16,182,30,0,30,212
01/08/2004,TTN,NJ,AEA,EN,Federal Contract Tower,0,22,48,2,72,0,0,172,6,178,0,22,220,8,250,130,0,130,380
01/09/2004,TTN,NJ,AEA,EN,Federal Contract Tower,0,19,38,4,61,0,0,117,0,117,0,19,155,4,178,60,0,60,238
01/10/2004,TTN,NJ,AEA,EN,Federal Contract Tower,0,9,28,4,41,0,0,143,17,160,0,9,171,21,201,136,0,136,337
01/11/2004,TTN,NJ,AEA,EN,Federal Contract Tower,0,11,30,2,43,0,0,179,12,191,0,11,209,14,234,120,0,120,354
01/12/2004,TTN,NJ,AEA,EN,Federal Contract Tower,0,17,54,3,74,0,0,171,7,178,0,17,225,10,252,66,0,66,318
01/13/2004,TTN,NJ,AEA,EN,Federal Contract Tower,0,21,51,0,72,0,0,140,16,156,0,21,191,16,228,70,0,70,298
01/14/2004,TTN,NJ,AEA,EN,Federal Contract Tower,0,18,48,0,66,0,0,166,16,182,0,18,214,16,248,84,0,84,332
01/15/2004,TTN,NJ,AEA,EN,Federal Contract Tower,0,15,40,0,55,0,0,37,5,42,0,15,77,5,97,4,0,4,101
01/16/2004,TTN,NJ,AEA,EN,Federal Contract Tower,0,24,21,0,45,0,0,61,7,68,0,24,82,7,113,0,0,0,113
01/17/2004,TTN,NJ,AEA,EN,Federal Contract Tower,0,8,21,1,30,0,0,170,1,171,0,8,191,2,201,136,0,136,337
01/18/2004,TTN,NJ,AEA,EN,Federal Contract Tower,0,5,6,0,11,0,0,0,0,0,0,5,6,0,11,0,0,0,11
01/19/2004,TTN,NJ,AEA,EN,Federal Contract Tower,0,28,29,0,57,0,0,78,0,78,0,28,107,0,135,36,0,36,171
01/20/2004,TTN,NJ,AEA,EN,Federal Contract Tower,0,21,47,0,68,0,0,113,3,116,0,21,160,3,184,96,0,96,280
01/21/2004,TTN,NJ,AEA,EN,Federal Contract Tower,0,18,43,0,61,0,2,181,15,198,0,20,224,15,259,66,0,66,325
01/22/2004,TTN,NJ,AEA,EN,Federal Contract Tower,0,25,55,2,82,0,0,87,9,96,0,25,142,11,178,40,0,40,218
01/23/2004,TTN,NJ,AEA,EN,Federal Contract Tower,0,20,47,0,67,0,0,117,10,127,0,20,164,10,194,34,0,34,228
01/24/2004,TTN,NJ,AEA,EN,Federal Contract Tower,0,6,23,0,29,0,0,124,7,131,0,6,147,7,160,192,0,192,352
01/25/2004,TTN,NJ,AEA,EN,Federal Contract Tower,0,10,36,0,46,0,0,93,1,94,0,10,129,1,140,88,0,88,228
01/26/2004,TTN,NJ,AEA,EN,Federal Contract Tower,0,13,34,0,47,0,0,48,2,50,0,13,82,2,97,8,0,8,105
01/27/2004,TTN,NJ,AEA,EN,Federal Contract Tower,0,11,17,0,28,0,0,0,0,0,0,11,17,0,28,0,0,0,28
01/28/2004,TTN,NJ,AEA,EN,Federal Contract Tower,0,24,28,1,53,0,0,70,8,78,0,24,98,9,131,8,0,8,139
01/29/2004,TTN,NJ,AEA,EN,Federal Contract Tower,0,18,35,0,53,0,2,62,11,75,0,20,97,11,128,36,0,36,164
01/30/2004,TTN,NJ,AEA,EN,Federal Contract Tower,0,18,28,0,46,0,0,118,4,122,0,18,146,4,168,74,0,74,242
01/31/2004,TTN,NJ,AEA,EN,Federal Contract Tower,0,10,34,1,45,0,0,45,0,45,0,10,79,1,90,74,0,74,164
02/01/2004,TTN,NJ,AEA,EN,Federal Contract Tower,0,4,46,0,50,0,0,176,1,177,0,4,222,1,227,200,0,200,427
02/02/2004,TTN,NJ,AEA,EN,Federal Contract Tower,0,20,53,2,75,0,0,165,4,169,0,20,218,6,244,110,0,110,354
02/03/2004,TTN,NJ,AEA,EN,Federal Contract Tower,0,14,25,0,39,0,0,21,0,21,0,14,46,0,60,2,0,2,62
02/04/2004,TTN,NJ,AEA,EN,Federal Contract Tower,0,18,39,2,59,0,0,232,22,254,0,18,271,24,313,86,0,86,399
02/05/2004,TTN,NJ,AEA,EN,Federal Contract Tower,0,21,51,0,72,0,0,186,27,213,0,21,237,27,285,122,0,122,407
02/06/2004,TTN,NJ,AEA,EN,Federal Contract Tower,0,17,37,0,54,0,0,6,2,8,0,17,43,2,62,0,0,0,62
02/07/2004,TTN,NJ,AEA,EN,Federal Contract Tower,0,3,21,0,24,0,0,78,16,94,0,3,99,16,118,110,0,110,228
02/08/2004,TTN,NJ,AEA,EN,Federal Contract Tower,0,13,51,2,66,0,0,124,12,136,0,13,175,14,202,128,0,128,330
02/09/2004,TTN,NJ,AEA,EN,Federal Contract Tower,0,18,48,0,66,0,0,203,3,206,0,18,251,3,272,90,0,90,362
02/10/2004,TTN,NJ,AEA,EN,Federal Contract Tower,0,22,49,1,72,0,0,227,19,246,0,22,276,20,318,118,0,118,436
02/11/2004,TTN,NJ,AEA,EN,Federal Contract Tower,0,22,63,1,86,0,0,268,33,301,0,22,331,34,387,110,6,116,503
02/12/2004,TTN,NJ,AEA,EN,Federal Contract Tower,0,21,66,0,87,0,2,172,6,180,0,23,238,6,267,90,2,92,359
02/13/2004,TTN,NJ,AEA,EN,Federal Contract Tower,0,23,34,0,57,0,0,184,10,194,0,23,218,10,251,118,0,118,369
02/14/2004,TTN,NJ,AEA,EN,Federal Contract Tower,0,7,22,0,29,0,0,167,0,167,0,7,189,0,196,126,0,126,322
02/15/2004,TTN,NJ,AEA,EN,Federal Contract Tower,0,17,25,0,42,0,0,117,0,117,0,17,142,0,159,148,0,148,307
02/16/2004,TTN,NJ,AEA,EN,Federal Contract Tower,0,25,49,0,74,0,0,197,0,197,0,25,246,0,271,120,0,120,391
02/17/2004,TTN,NJ,AEA,EN,Federal Contract Tower,0,31,46,0,77,0,4,178,13,195,0,35,224,13,272,96,0,96,368
02/18/2004,TTN,NJ,AEA,EN,Federal Contract Tower,0,19,39,0,58,0,0,147,7,154,0,19,186,7,212,32,2,34,246
02/19/2004,TTN,NJ,AEA,EN,Federal Contract Tower,0,25,56,4,85,0,0,139,10,149,0,25,195,14,234,70,2,72,306
02/20/2004,TTN,NJ,AEA,EN,Federal Contract Tower,0,30,62,0,92,0,0,156,9,165,0,30,218,9,257,108,4,112,369
02/21/2004,TTN,NJ,AEA,EN,Federal Contract Tower,0,6,23,0,29,0,0,89,0,89,0,6,112,0,118,84,0,84,202
02/22/2004,TTN,NJ,AEA,EN,Federal Contract Tower,0,11,46,0,57,0,0,171,5,176,0,11,217,5,233,162,0,162,395
02/23/2004,TTN,NJ,AEA,EN,Federal Contract Tower,0,19,47,1,67,0,0,225,5,230,0,19,272,6,297,152,0,152,449
02/24/2004,TTN,NJ,AEA,EN,Federal Contract Tower,0,21,41,3,65,0,0,20,0,20,0,21,61,3,85,2,0,2,87
02/25/2004,TTN,NJ,AEA,EN,Federal Contract Tower,0,17,38,1,56,0,0,173,19,192,0,17,211,20,248,56,0,56,304
02/26/2004,TTN,NJ,AEA,EN,Federal Contract Tower,0,21,38,0,59,0,0,192,11,203,0,21,230,11,262,134,2,136,398
02/27/2004,TTN,NJ,AEA,EN,Federal Contract Tower,0,22,49,0,71,0,0,206,8,214,0,22,255,8,285,74,2,76,361
02/28/2004,TTN,NJ,AEA,EN,Federal Contract Tower,0,3,23,3,29,0,0,223,0,223,0,3,246,3,252,204,0,204,456
02/29/2004,TTN,NJ,AEA,EN,Federal Contract Tower,0,9,38,0,47,0,0,262,1,263,0,9,300,1,310,174,0,174,484
03/01/2004,TTN,NJ,AEA,EN,Federal Contract Tower,0,24,34,3,61,0,0,246,5,251,0,24,280,8,312,118,0,118,430
03/02/2004,TTN,NJ,AEA,EN,Federal Contract Tower,0,20,29,0,49,0,0,138,14,152,0,20,167,14,201,80,0,80,281
03/03/2004,TTN,NJ,AEA,EN,Federal Contract Tower,0,28,39,3,70,0,0,239,16,255,0,28,278,19,325,120,2,122,447
03/04/2004,TTN,NJ,AEA,EN,Federal Contract Tower,0,25,65,0,90,0,0,23,2,25,0,25,88,2,115,18,0,18,133
03/05/2004,TTN,NJ,AEA,EN,Federal Contract Tower,0,19,50,1,70,0,0,36,0,36,0,19,86,1,106,0,0,0,106
03/06/2004,TTN,NJ,AEA,EN,Federal Contract Tower,0,10,27,0,37,0,0,24,2,26,0,10,51,2,63,22,0,22,85
03/07/2004,TTN,NJ,AEA,EN,Federal Contract Tower,0,11,38,1,50,0,0,167,9,176,0,11,205,10,226,204,0,204,430
03/08/2004,TTN,NJ,AEA,EN,Federal Contract Tower,0,21,31,2,54,0,0,10,5,15,0,21,41,7,69,0,0,0,69
03/09/2004,TTN,NJ,AEA,EN,Federal Contract Tower,0,23,22,5,50,0,0,60,2,62,0,23,82,7,112,32,0,32,144
03/10/2004,TTN,NJ,AEA,EN,Federal Contract Tower,0,16,41,2,59,0,0,126,10,136,0,16,167,12,195,80,0,80,275
03/11/2004,TTN,NJ,AEA,EN,Federal Contract Tower,0,22,41,0,63,0,0,199,13,212,0,22,240,13,275,156,4,160,435
03/12/2004,TTN,NJ,AEA,EN,Federal Contract Tower,0,18,31,2,51,0,0,65,4,69,0,18,96,6,120,6,0,6,126
03/13/2004,TTN,NJ,AEA,EN,Federal Contract Tower,0,11,29,0,40,0,0,130,4,134,0,11,159,4,174,116,0,116,290
03/14/2004,TTN,NJ,AEA,EN,Federal Contract Tower,0,11,26,1,38,0,0,198,1,199,0,11,224,2,237,188,0,188,425
03/15/2004,TTN,NJ,AEA,EN,Federal Contract Tower,0,18,48,1,67,0,0,114,6,120,0,18,162,7,187,72,0,72,259
03/16/2004,TTN,NJ,AEA,EN,Federal Contract Tower,0,12,29,3,44,0,0,5,0,5,0,12,34,3,49,2,0,2,51
03/17/2004,TTN,NJ,AEA,EN,Federal Contract Tower,0,15,46,2,63,0,0,59,1,60,0,15,105,3,123,8,0,8,131
03/18/2004,TTN,NJ,AEA,EN,Federal Contract Tower,0,24,47,0,71,0,0,141,9,150,0,24,188,9,221,70,0,70,291
03/19/2004,TTN,NJ,AEA,EN,Federal Contract Tower,0,15,29,0,44,0,0,58,1,59,0,15,87,1,103,26,0,26,129
03/20/2004,TTN,NJ,AEA,EN,Federal Contract Tower,0,8,30,0,38,0,0,162,2,164,0,8,192,2,202,296,0,296,498
03/21/2004,TTN,NJ,AEA,EN,Federal Contract Tower,0,25,43,0,68,0,0,52,0,52,0,25,95,0,120,132,0,132,252
03/22/2004,TTN,NJ,AEA,EN,Federal Contract Tower,0,22,47,0,69,0,0,129,7,136,0,22,176,7,205,124,0,124,329
03/23/2004,TTN,NJ,AEA,EN,Federal Contract Tower,0,21,47,2,70,0,0,215,11,226,0,21,262,13,296,106,0,106,402
03/24/2004,TTN,NJ,AEA,EN,Federal Contract Tower,0,23,50,0,73,0,0,230,10,240,0,23,280,10,313,140,0,140,453
03/25/2004,TTN,NJ,AEA,EN,Federal Contract Tower,0,18,48,4,70,0,0,99,6,105,0,18,147,10,175,92,4,96,271
03/26/2004,TTN,NJ,AEA,EN,Federal Contract Tower,0,15,42,3,60,0,0,178,5,183,0,15,220,8,243,126,0,126,369
03/27/2004,TTN,NJ,AEA,EN,Federal Contract Tower,0,9,35,0,44,0,0,125,6,131,0,9,160,6,175,202,0,202,377
03/28/2004,TTN,NJ,AEA,EN,Federal Contract Tower,0,14,68,1,83,0,0,165,6,171,0,14,233,7,254,264,0,264,518
03/29/2004,TTN,NJ,AEA,EN,Federal Contract Tower,0,23,55,0,78,0,0,199,3,202,0,23,254,3,280,166,0,166,446
03/30/2004,TTN,NJ,AEA,EN,Federal Contract Tower,0,31,53,2,86,0,0,65,2,67,0,31,118,4,153,10,0,10,163
03/31/2004,TTN,NJ,AEA,EN,Federal Contract Tower,0,25,63,4,92,0,0,7,0,7,0,25,70,4,99,2,0,2,101
04/01/2004,TTN,NJ,AEA,EN,Federal Contract Tower,0,33,59,2,94,0,0,19,0,19,0,33,78,2,113,0,0,0,113
04/02/2004,TTN,NJ,AEA,EN,Federal Contract Tower,0,32,57,4,93,0,0,12,0,12,0,32,69,4,105,0,0,0,105
04/03/2004,TTN,NJ,AEA,EN,Federal Contract Tower,0,16,43,0,59,0,0,86,14,100,0,16,129,14,159,170,0,170,329
04/04/2004,TTN,NJ,AEA,EN,Federal Contract Tower,0,14,31,2,47,0,0,20,2,22,0,14,51,4,69,24,0,24,93
04/05/2004,TTN,NJ,AEA,EN,Federal Contract Tower,0,31,39,0,70,0,0,92,2,94,0,31,131,2,164,30,0,30,194
04/06/2004,TTN,NJ,AEA,EN,Federal Contract Tower,0,29,28,0,57,0,1,125,12,138,0,30,153,12,195,62,0,62,257
04/07/2004,TTN,NJ,AEA,EN,Federal Contract Tower,0,33,45,3,81,0,0,265,17,282,0,33,310,20,363,228,6,234,597
04/08/2004,TTN,NJ,AEA,EN,Federal Contract Tower,2,33,50,0,85,0,0,175,14,189,2,33,225,14,274,156,2,158,432
04/09/2004,TTN,NJ,AEA,EN,Federal Contract Tower,0,27,35,2,64,0,0,204,1,205,0,27,239,3,269,202,0,202,471
04/10/2004,TTN,NJ,AEA,EN,Federal Contract Tower,0,9,20,0,29,0,0,232,1,233,0,9,252,1,262,192,0,192,454
04/11/2004,TTN,NJ,AEA,EN,Federal Contract Tower,0,17,28,0,45,0,0,23,0,23,0,17,51,0,68,10,0,10,78
04/12/2004,TTN,NJ,AEA,EN,Federal Contract Tower,0,34,31,0,65,0,0,98,3,101,0,34,129,3,166,44,0,44,210
04/13/2004,TTN,NJ,AEA,EN,Federal Contract Tower,0,26,45,0,71,0,0,0,0,0,0,26,45,0,71,0,0,0,71
04/14/2004,TTN,NJ,AEA,EN,Federal Contract Tower,0,24,64,12,100,0,0,2,3,5,0,24,66,15,105,4,4,8,113
04/15/2004,TTN,NJ,AEA,EN,Federal Contract Tower,0,33,47,13,93,0,0,140,17,157,0,33,187,30,250,66,0,66,316
04/16/2004,TTN,NJ,AEA,EN,Federal Contract Tower,0,38,59,0,97,0,0,301,9,310,0,38,360,9,407,130,8,138,545
04/17/2004,TTN,NJ,AEA,EN,Federal Contract Tower,0,14,29,0,43,0,0,271,4,275,0,14,300,4,318,230,0,230,548
04/18/2004,TTN,NJ,AEA,EN,Federal Contract Tower,0,11,33,0,44,0,0,221,2,223,0,11,254,2,267,344,0,344,611
04/19/2004,TTN,NJ,AEA,EN,Federal Contract Tower,0,29,42,2,73,0,0,181,3,184,0,29,223,5,257,130,0,130,387
04/20/2004,TTN,NJ,AEA,EN,Federal Contract Tower,0,29,46,1,76,0,0,219,16,235,0,29,265,17,311,160,0,160,471
04/21/2004,TTN,NJ,AEA,EN,Federal Contract Tower,0,28,60,0,88,0,0,143,14,157,0,28,203,14,245,108,0,108,353
04/22/2004,TTN,NJ,AEA,EN,Federal Contract Tower,0,36,63,0,99,0,2,154,15,171,0,38,217,15,270,104,0,104,374
04/23/2004,TTN,NJ,AEA,EN,Federal Contract Tower,0,28,59,0,87,0,0,119,11,130,0,28,178,11,217,120,0,120,337
04/24/2004,TTN,NJ,AEA,EN,Federal Contract Tower,0,7,34,0,41,0,0,230,12,242,0,7,264,12,283,164,0,164,447
04/25/2004,TTN,NJ,AEA,EN,Federal Contract Tower,0,15,48,0,63,0,0,133,2,135,0,15,181,2,198,156,0,156,354
04/26/2004,TTN,NJ,AEA,EN,Federal Contract Tower,0,29,69,0,98,0,0,9,0,9,0,29,78,0,107,8,0,8,115
04/27/2004,TTN,NJ,AEA,EN,Federal Contract Tower,0,40,33,0,73,0,0,193,6,199,0,40,226,6,272,96,0,96,368
04/28/2004,TTN,NJ,AEA,EN,Federal Contract Tower,0,50,70,2,122,0,1,222,19,242,0,51,292,21,364,142,0,142,506
04/29/2004,TTN,NJ,AEA,EN,Federal Contract Tower,0,39,49,1,89,0,0,221,14,235,0,39,270,15,324,122,2,124,448
04/30/2004,TTN,NJ,AEA,EN,Federal Contract Tower,0,39,48,1,88,0,0,245,10,255,0,39,293,11,343,130,2,132,475
05/01/2004,TTN,NJ,AEA,EN,Federal Contract Tower,0,8,32,0,40,0,0,212,24,236,0,8,244,24,276,142,0,142,418
05/02/2004,TTN,NJ,AEA,EN,Federal Contract Tower,0,9,56,0,65,0,0,30,3,33,0,9,86,3,98,4,0,4,102
05/03/2004,TTN,NJ,AEA,EN,Federal Contract Tower,0,25,60,2,87,0,0,23,0,23,0,25,83,2,110,22,0,22,132
05/04/2004,TTN,NJ,AEA,EN,Federal Contract Tower,1,27,46,0,74,0,1,217,6,224,1,28,263,6,298,160,0,160,458
05/05/2004,TTN,NJ,AEA,EN,Federal Contract Tower,1,37,57,2,97,0,0,217,5,222,1,37,274,7,319,122,0,122,441
05/06/2004,TTN,NJ,AEA,EN,Federal Contract Tower,0,32,64,4,100,0,0,248,22,270,0,32,312,26,370,106,0,106,476
05/07/2004,TTN,NJ,AEA,EN,Federal Contract Tower,0,32,53,4,89,0,0,156,4,160,0,32,209,8,249,86,0,86,335
05/08/2004,TTN,NJ,AEA,EN,Federal Contract Tower,0,13,32,0,45,0,0,270,1,271,0,13,302,1,316,122,0,122,438
05/09/2004,TTN,NJ,AEA,EN,Federal Contract Tower,0,10,44,0,54,0,0,136,1,137,0,10,180,1,191,206,0,206,397
05/10/2004,TTN,NJ,AEA,EN,Federal Contract Tower,0,29,74,0,103,0,0,222,0,222,0,29,296,0,325,166,0,166,491
05/11/2004,TTN,NJ,AEA,EN,Federal Contract Tower,0,26,75,1,102,0,0,182,13,195,0,26,257,14,297,158,6,164,461
05/12/2004,TTN,NJ,AEA,EN,Federal Contract Tower,0,24,60,5,89,0,1,131,7,139,0,25,191,12,228,92,0,92,320
05/13/2004,TTN,NJ,AEA,EN,Federal Contract Tower,0,40,55,2,97,0,0,201,8,209,0,40,256,10,306,110,0,110,416
05/14/2004,TTN,NJ,AEA,EN,Federal Contract Tower,0,36,67,2,105,0,0,94,5,99,0,36,161,7,204,36,0,36,240
05/15/2004,TTN,NJ,AEA,EN,Federal Contract Tower,0,10,48,0,58,0,0,235,0,235,0,10,283,0,293,198,0,198,491
05/16/2004,TTN,NJ,AEA,EN,Federal Contract Tower,0,8,49,0,57,0,0,195,0,195,0,8,244,0,252,188,0,188,440
05/17/2004,TTN,NJ,AEA,EN,Federal Contract Tower,0,23,62,2,87,0,0,139,1,140,0,23,201,3,227,100,0,100,327
05/18/2004,TTN,NJ,AEA,EN,Federal Contract Tower,0,26,51,0,77,0,1,65,29,95,0,27,116,29,172,32,0,32,204
05/19/2004,TTN,NJ,AEA,EN,Federal Contract Tower,0,35,65,2,102,0,0,75,7,82,0,35,140,9,184,22,0,22,206
05/20/2004,TTN,NJ,AEA,EN,Federal Contract Tower,0,31,56,0,87,0,0,191,12,203,0,31,247,12,290,156,0,156,446
05/21/2004,TTN,NJ,AEA,EN,Federal Contract Tower,0,40,73,0,113,0,0,34,0,34,0,40,107,0,147,30,0,30,177
05/22/2004,TTN,NJ,AEA,EN,Federal Contract Tower,0,12,35,0,47,0,0,193,4,197,0,12,228,4,244,224,0,224,468
05/23/2004,TTN,NJ,AEA,EN,Federal Contract Tower,0,10,38,1,49,0,0,198,0,198,0,10,236,1,247,174,0,174,421
05/24/2004,TTN,NJ,AEA,EN,Federal Contract Tower,0,37,54,0,91,0,0,216,22,238,0,37,270,22,329,106,0,106,435
05/25/2004,TTN,NJ,AEA,EN,Federal Contract Tower,0,29,47,0,76,0,0,267,10,277,0,29,314,10,353,124,0,124,477
05/26/2004,TTN,NJ,AEA,EN,Federal Contract Tower,0,43,75,0,118,0,0,4,0,4,0,43,79,0,122,2,0,2,124
05/27/2004,TTN,NJ,AEA,EN,Federal Contract Tower,0,48,80,0,128,0,0,129,11,140,0,48,209,11,268,40,0,40,308
05/28/2004,TTN,NJ,AEA,EN,Federal Contract Tower,0,46,55,3,104,0,0,90,14,104,0,46,145,17,208,6,0,6,214
05/29/2004,TTN,NJ,AEA,EN,Federal Contract Tower,0,9,32,0,41,0,0,183,0,183,0,9,215,0,224,88,0,88,312
05/30/2004,TTN,NJ,AEA,EN,Federal Contract Tower,0,13,29,0,42,0,0,234,6,240,0,13,263,6,282,102,0,102,384
05/31/2004,TTN,NJ,AEA,EN,Federal Contract Tower,0,31,38,0,69,0,0,14,0,14,0,31,52,0,83,24,0,24,107
06/01/2004,TTN,NJ,AEA,EN,Federal Contract Tower,0,31,58,0,89,0,0,67,2,69,0,31,125,2,158,68,0,68,226
06/02/2004,TTN,NJ,AEA,EN,Federal Contract Tower,0,33,67,0,100,0,0,204,6,210,0,33,271,6,310,152,0,152,462
06/03/2004,TTN,NJ,AEA,EN,Federal Contract Tower,0,36,42,0,78,0,0,228,1,229,0,36,270,1,307,132,0,132,439
06/04/2004,TTN,NJ,AEA,EN,Federal Contract Tower,0,35,53,0,88,0,1,317,15,333,0,36,370,15,421,172,0,172,593
06/05/2004,TTN,NJ,AEA,EN,Federal Contract Tower,0,5,50,0,55,0,0,24,24,48,0,5,74,24,103,30,0,30,133
06/06/2004,TTN,NJ,AEA,EN,Federal Contract Tower,0,18,67,1,86,0,0,19,0,19,0,18,86,1,105,0,0,0,105
06/07/2004,TTN,NJ,AEA,EN,Federal Contract Tower,0,33,41,0,74,0,0,208,1,209,0,33,249,1,283,164,0,164,447
06/08/2004,TTN,NJ,AEA,EN,Federal Contract Tower,0,29,56,2,87,0,1,216,12,229,0,30,272,14,316,224,0,224,540
06/09/2004,TTN,NJ,AEA,EN,Federal Contract Tower,2,30,53,0,85,0,1,142,5,148,2,31,195,5,233,104,2,106,339
06/10/2004,TTN,NJ,AEA,EN,Federal Contract Tower,0,22,69,0,91,0,0,127,1,128,0,22,196,1,219,68,0,68,287
06/11/2004,TTN,NJ,AEA,EN,Federal Contract Tower,0,26,74,0,100,0,0,142,2,144,0,26,216,2,244,56,0,56,300
06/12/2004,TTN,NJ,AEA,EN,Federal Contract Tower,0,7,37,1,45,0,0,279,18,297,0,7,316,19,342,174,0,174,516
06/13/2004,TTN,NJ,AEA,EN,Federal Contract Tower,0,11,40,2,53,0,0,206,6,212,0,11,246,8,265,182,0,182,447
06/14/2004,TTN,NJ,AEA,EN,Federal Contract Tower,0,19,56,0,75,0,0,158,23,181,0,19,214,23,256,80,0,80,336
06/15/2004,TTN,NJ,AEA,EN,Federal Contract Tower,0,31,65,0,96,0,0,133,15,148,0,31,198,15,244,78,4,82,326
06/16/2004,TTN,NJ,AEA,EN,Federal Contract Tower,0,22,70,2,94,0,0,162,9,171,0,22,232,11,265,166,0,166,431
06/17/2004,TTN,NJ,AEA,EN,Federal Contract Tower,0,32,75,2,109,0,0,95,13,108,0,32,170,15,217,20,0,20,237
06/18/2004,TTN,NJ,AEA,EN,Federal Contract Tower,0,24,78,1,103,0,0,194,12,206,0,24,272,13,309,78,0,78,387
06/19/2004,TTN,NJ,AEA,EN,Federal Contract Tower,0,7,38,0,45,0,0,240,3,243,0,7,278,3,288,196,0,196,484
06/20/2004,TTN,NJ,AEA,EN,Federal Contract Tower,0,18,65,0,83,0,0,266,2,268,0,18,331,2,351,166,0,166,517
06/21/2004,TTN,NJ,AEA,EN,Federal Contract Tower,0,26,59,2,87,0,0,264,9,273,0,26,323,11,360,104,0,104,464
06/22/2004,TTN,NJ,AEA,EN,Federal Contract Tower,0,22,34,0,56,0,0,103,4,107,0,22,137,4,163,64,0,64,227
06/23/2004,TTN,NJ,AEA,EN,Federal Contract Tower,0,22,66,4,92,0,0,124,9,133,0,22,190,13,225,56,0,56,281
06/24/2004,TTN,NJ,AEA,EN,Federal Contract Tower,0,22,57,2,81,0,2,241,9,252,0,24,298,11,333,190,4,194,527
06/25/2004,TTN,NJ,AEA,EN,Federal Contract Tower,0,24,62,2,88,0,0,105,2,107,0,24,167,4,195,52,0,52,247
06/26/2004,TTN,NJ,AEA,EN,Federal Contract Tower,0,6,28,0,34,0,0,72,0,72,0,6,100,0,106,168,0,168,274
06/27/2004,TTN,NJ,AEA,EN,Federal Contract Tower,0,20,48,2,70,0,0,267,2,269,0,20,315,4,339,144,0,144,483
06/28/2004,TTN,NJ,AEA,EN,Federal Contract Tower,0,19,46,0,65,0,0,246,3,249,0,19,292,3,314,102,0,102,416
06/29/2004,TTN,NJ,AEA,EN,Federal Contract Tower,0,26,50,2,78,0,3,221,18,242,0,29,271,20,320,98,0,98,418
06/30/2004,TTN,NJ,AEA,EN,Federal Contract Tower,0,22,57,0,79,0,1,229,12,242,0,23,286,12,321,130,0,130,451
07/01/2004,TTN,NJ,AEA,EN,Federal Contract Tower,0,27,62,1,90,0,0,217,9,226,0,27,279,10,316,142,0,142,458
07/02/2004,TTN,NJ,AEA,EN,Federal Contract Tower,0,18,46,0,64,0,0,143,5,148,0,18,189,5,212,84,0,84,296
07/03/2004,TTN,NJ,AEA,EN,Federal Contract Tower,0,3,30,0,33,0,0,161,0,161,0,3,191,0,194,77,0,77,271
07/04/2004,TTN,NJ,AEA,EN,Federal Contract Tower,0,4,20,0,24,0,0,115,0,115,0,4,135,0,139,114,0,114,253
07/05/2004,TTN,NJ,AEA,EN,Federal Contract Tower,0,16,44,0,60,0,0,71,2,73,0,16,115,2,133,50,0,50,183
07/06/2004,TTN,NJ,AEA,EN,Federal Contract Tower,0,17,45,0,62,0,0,211,4,215,0,17,256,4,277,126,0,126,403
07/07/2004,TTN,NJ,AEA,EN,Federal Contract Tower,0,34,51,1,86,0,11,168,8,187,0,45,219,9,273,124,0,124,397
07/08/2004,TTN,NJ,AEA,EN,Federal Contract Tower,0,36,41,0,77,0,1,148,9,158,0,37,189,9,235,112,4,116,351
07/09/2004,TTN,NJ,AEA,EN,Federal Contract Tower,0,32,36,0,68,0,0,212,5,217,0,32,248,5,285,108,0,108,393
07/10/2004,TTN,NJ,AEA,EN,Federal Contract Tower,0,5,35,1,41,0,0,240,5,245,0,5,275,6,286,180,0,180,466
07/11/2004,TTN,NJ,AEA,EN,Federal Contract Tower,0,12,30,0,42,0,0,196,17,213,0,12,226,17,255,94,0,94,349
07/12/2004,TTN,NJ,AEA,EN,Federal Contract Tower,0,25,39,0,64,0,0,9,0,9,0,25,48,0,73,12,0,12,85
07/13/2004,TTN,NJ,AEA,EN,Federal Contract Tower,0,28,63,0,91,0,1,77,18,96,0,29,140,18,187,14,0,14,201
07/14/2004,TTN,NJ,AEA,EN,Federal Contract Tower,0,16,59,0,75,0,0,22,4,26,0,16,81,4,101,16,0,16,117
07/15/2004,TTN,NJ,AEA,EN,Federal Contract Tower,0,18,78,0,96,0,2,201,8,211,0,20,279,8,307,40,0,40,347
07/16/2004,TTN,NJ,AEA,EN,Federal Contract Tower,0,38,53,0,91,0,0,211,17,228,0,38,264,17,319,126,0,126,445
07/17/2004,TTN,NJ,AEA,EN,Federal Contract Tower,0,10,30,1,41,0,0,195,6,201,0,10,225,7,242,166,0,166,408
07/18/2004,TTN,NJ,AEA,EN,Federal Contract Tower,0,14,38,0,52,0,0,21,0,21,0,14,59,0,73,16,0,16,89
07/19/2004,TTN,NJ,AEA,EN,Federal Contract Tower,0,25,66,0,91,0,1,98,0,99,0,26,164,0,190,174,0,174,364
07/20/2004,TTN,NJ,AEA,EN,Federal Contract Tower,0,26,34,2,62,0,0,240,13,253,0,26,274,15,315,158,0,158,473
07/21/2004,TTN,NJ,AEA,EN,Federal Contract Tower,0,26,47,0,73,0,1,217,22,240,0,27,264,22,313,142,0,142,455
07/22/2004,TTN,NJ,AEA,EN,Federal Contract Tower,0,33,54,0,87,0,0,141,10,151,0,33,195,10,238,100,0,100,338
07/23/2004,TTN,NJ,AEA,EN,Federal Contract Tower,0,23,42,0,65,0,0,19,8,27,0,23,61,8,92,22,0,22,114
07/24/2004,TTN,NJ,AEA,EN,Federal Contract Tower,0,9,36,0,45,0,0,94,2,96,0,9,130,2,141,82,0,82,223
07/25/2004,TTN,NJ,AEA,EN,Federal Contract Tower,0,9,42,1,52,0,0,115,7,122,0,9,157,8,174,80,0,80,254
07/26/2004,TTN,NJ,AEA,EN,Federal Contract Tower,0,24,55,0,79,0,0,167,3,170,0,24,222,3,249,146,0,146,395
07/27/2004,TTN,NJ,AEA,EN,Federal Contract Tower,0,20,57,0,77,0,0,11,0,11,0,20,68,0,88,0,0,0,88
07/28/2004,TTN,NJ,AEA,EN,Federal Contract Tower,0,26,63,0,89,0,0,53,0,53,0,26,116,0,142,34,0,34,176
07/29/2004,TTN,NJ,AEA,EN,Federal Contract Tower,0,31,35,0,66,0,0,252,9,261,0,31,287,9,327,152,0,152,479
07/30/2004,TTN,NJ,AEA,EN,Federal Contract Tower,0,24,47,0,71,0,0,114,3,117,0,24,161,3,188,54,0,54,242
07/31/2004,TTN,NJ,AEA,EN,Federal Contract Tower,0,5,27,1,33,0,0,107,1,108,0,5,134,2,141,78,0,78,219
08/01/2004,TTN,NJ,AEA,EN,Federal Contract Tower,0,7,15,0,22,0,0,48,0,48,0,7,63,0,70,2,0,2,72
08/02/2004,TTN,NJ,AEA,EN,Federal Contract Tower,0,16,54,0,70,0,0,120,0,120,0,16,174,0,190,108,0,108,298
08/03/2004,TTN,NJ,AEA,EN,Federal Contract Tower,0,15,60,0,75,0,0,53,19,72,0,15,113,19,147,32,0,32,179
08/04/2004,TTN,NJ,AEA,EN,Federal Contract Tower,0,26,54,0,80,0,0,176,6,182,0,26,230,6,262,90,0,90,352
08/05/2004,TTN,NJ,AEA,EN,Federal Contract Tower,0,21,67,0,88,0,1,151,17,169,0,22,218,17,257,76,0,76,333
08/06/2004,TTN,NJ,AEA,EN,Federal Contract Tower,0,30,45,3,78,0,0,222,15,237,0,30,267,18,315,144,0,144,459
08/07/2004,TTN,NJ,AEA,EN,Federal Contract Tower,0,13,37,0,50,0,0,219,5,224,0,13,256,5,274,190,0,190,464
08/08/2004,TTN,NJ,AEA,EN,Federal Contract Tower,0,9,32,0,41,0,0,246,0,246,0,9,278,0,287,182,0,182,469
08/09/2004,TTN,NJ,AEA,EN,Federal Contract Tower,0,26,38,2,66,0,0,270,10,280,0,26,308,12,346,220,0,220,566
08/10/2004,TTN,NJ,AEA,EN,Federal Contract Tower,0,28,40,2,70,0,0,175,20,195,0,28,215,22,265,196,0,196,461
08/11/2004,TTN,NJ,AEA,EN,Federal Contract Tower,0,26,52,2,80,0,3,102,16,121,0,29,154,18,201,68,0,68,269
08/12/2004,TTN,NJ,AEA,EN,Federal Contract Tower,0,33,57,2,92,0,4,74,9,87,0,37,131,11,179,82,0,82,261
08/13/2004,TTN,NJ,AEA,EN,Federal Contract Tower,0,18,42,2,62,0,0,76,5,81,0,18,118,7,143,44,0,44,187
08/14/2004,TTN,NJ,AEA,EN,Federal Contract Tower,0,9,28,0,37,0,0,109,0,109,0,9,137,0,146,106,0,106,252
08/15/2004,TTN,NJ,AEA,EN,Federal Contract Tower,0,12,30,0,42,0,0,71,1,72,0,12,101,1,114,38,0,38,152
08/16/2004,TTN,NJ,AEA,EN,Federal Contract Tower,0,23,61,0,84,0,0,102,1,103,0,23,163,1,187,46,0,46,233
08/17/2004,TTN,NJ,AEA,EN,Federal Contract Tower,0,18,59,5,82,0,0,175,17,192,0,18,234,22,274,98,0,98,372
08/18/2004,TTN,NJ,AEA,EN,Federal Contract Tower,0,22,37,2,61,0,3,83,12,98,0,25,120,14,159,62,0,62,221
08/19/2004,TTN,NJ,AEA,EN,Federal Contract Tower,0,19,64,0,83,0,0,107,8,115,0,19,171,8,198,84,0,84,282
08/20/2004,TTN,NJ,AEA,EN,Federal Contract Tower,0,17,71,2,90,0,0,149,13,162,0,17,220,15,252,48,0,48,300
08/21/2004,TTN,NJ,AEA,EN,Federal Contract Tower,0,4,30,0,34,0,0,21,2,23,0,4,51,2,57,34,0,34,91
08/22/2004,TTN,NJ,AEA,EN,Federal Contract Tower,0,11,30,0,41,0,0,333,8,341,0,11,363,8,382,226,0,226,608
08/23/2004,TTN,NJ,AEA,EN,Federal Contract Tower,0,18,36,1,55,0,0,206,13,219,0,18,242,14,274,136,0,136,410
08/24/2004,TTN,NJ,AEA,EN,Federal Contract Tower,0,31,40,4,75,0,0,227,11,238,0,31,267,15,313,164,0,164,477
08/25/2004,TTN,NJ,AEA,EN,Federal Contract Tower,0,25,40,1,66,0,0,158,18,176,0,25,198,19,242,128,0,128,370
08/26/2004,TTN,NJ,AEA,EN,Federal Contract Tower,0,27,54,1,82,0,0,182,11,193,0,27,236,12,275,112,0,112,387
08/27/2004,TTN,NJ,AEA,EN,Federal Contract Tower,0,28,74,2,104,0,0,141,13,154,0,28,215,15,258,108,0,108,366
08/28/2004,TTN,NJ,AEA,EN,Federal Contract Tower,0,5,32,0,37,0,0,147,0,147,0,5,179,0,184,92,0,92,276
08/29/2004,TTN,NJ,AEA,EN,Federal Contract Tower,0,10,41,1,52,0,0,170,1,171,0,10,211,2,223,150,0,150,373
08/30/2004,TTN,NJ,AEA,EN,Federal Contract Tower,0,21,40,3,64,0,1,77,5,83,0,22,117,8,147,48,0,48,195
08/31/2004,TTN,NJ,AEA,EN,Federal Contract Tower,0,21,48,0,69,0,1,100,19,120,0,22,148,19,189,170,4,174,363
09/01/2004,TTN,NJ,AEA,EN,Federal Contract Tower,0,22,53,0,75,0,0,192,17,209,0,22,245,17,284,128,8,136,420
09/02/2004,TTN,NJ,AEA,EN,Federal Contract Tower,0,37,53,0,90,0,0,183,8,191,0,37,236,8,281,96,0,96,377
09/03/2004,TTN,NJ,AEA,EN,Federal Contract Tower,0,31,46,0,77,0,3,190,14,207,0,34,236,14,284,118,0,118,402
09/04/2004,TTN,NJ,AEA,EN,Federal Contract Tower,0,11,22,0,33,0,0,197,0,197,0,11,219,0,230,122,0,122,352
09/05/2004,TTN,NJ,AEA,EN,Federal Contract Tower,0,9,29,0,38,0,0,55,0,55,0,9,84,0,93,46,0,46,139
09/06/2004,TTN,NJ,AEA,EN,Federal Contract Tower,0,10,45,1,56,0,0,155,1,156,0,10,200,2,212,108,0,108,320
09/07/2004,TTN,NJ,AEA,EN,Federal Contract Tower,0,23,40,0,63,0,3,114,12,129,0,26,154,12,192,62,0,62,254
09/08/2004,TTN,NJ,AEA,EN,Federal Contract Tower,0,27,40,0,67,0,0,29,6,35,0,27,69,6,102,4,0,4,106
09/09/2004,TTN,NJ,AEA,EN,Federal Contract Tower,0,22,60,3,85,0,0,34,4,38,0,22,94,7,123,22,0,22,145
09/10/2004,TTN,NJ,AEA,EN,Federal Contract Tower,0,29,55,6,90,0,0,202,20,222,0,29,257,26,312,148,0,148,460
09/11/2004,TTN,NJ,AEA,EN,Federal Contract Tower,0,14,40,0,54,0,0,247,3,250,0,14,287,3,304,118,0,118,422
09/12/2004,TTN,NJ,AEA,EN,Federal Contract Tower,0,5,53,2,60,0,0,213,2,215,0,5,266,4,275,130,0,130,405
09/13/2004,TTN,NJ,AEA,EN,Federal Contract Tower,0,24,49,0,73,0,0,179,4,183,0,24,228,4,256,68,0,68,324
09/14/2004,TTN,NJ,AEA,EN,Federal Contract Tower,0,21,55,1,77,0,4,176,28,208,0,25,231,29,285,58,0,58,343
09/15/2004,TTN,NJ,AEA,EN,Federal Contract Tower,0,20,60,3,83,0,2,121,12,135,0,22,181,15,218,42,4,46,264
09/16/2004,TTN,NJ,AEA,EN,Federal Contract Tower,2,22,53,0,77,0,0,87,10,97,2,22,140,10,174,64,4,68,242
09/17/2004,TTN,NJ,AEA,EN,Federal Contract Tower,0,23,49,0,72,0,0,63,4,67,0,23,112,4,139,24,0,24,163
09/18/2004,TTN,NJ,AEA,EN,Federal Contract Tower,0,9,14,0,23,0,0,32,1,33,0,9,46,1,56,22,0,22,78
09/19/2004,TTN,NJ,AEA,EN,Federal Contract Tower,0,22,37,2,61,0,0,375,24,399,0,22,412,26,460,186,0,186,646
09/20/2004,TTN,NJ,AEA,EN,Federal Contract Tower,0,29,31,0,60,0,1,273,4,278,0,30,304,4,338,106,0,106,444
09/21/2004,TTN,NJ,AEA,EN,Federal Contract Tower,0,42,49,1,92,0,5,224,28,257,0,47,273,29,349,94,0,94,443
09/22/2004,TTN,NJ,AEA,EN,Federal Contract Tower,0,26,66,5,97,0,0,121,8,129,0,26,187,13,226,76,0,76,302
09/23/2004,TTN,NJ,AEA,EN,Federal Contract Tower,0,25,60,0,85,0,0,262,11,273,0,25,322,11,358,120,0,120,478
09/24/2004,TTN,NJ,AEA,EN,Federal Contract Tower,0,20,52,1,73,0,0,233,7,240,0,20,285,8,313,52,0,52,365
09/25/2004,TTN,NJ,AEA,EN,Federal Contract Tower,0,7,31,0,38,0,0,193,5,198,0,7,224,5,236,106,0,106,342
09/26/2004,TTN,NJ,AEA,EN,Federal Contract Tower,0,15,38,0,53,0,0,202,3,205,0,15,240,3,258,162,0,162,420
09/27/2004,TTN,NJ,AEA,EN,Federal Contract Tower,0,36,40,1,77,0,1,224,7,232,0,37,264,8,309,82,0,82,391
09/28/2004,TTN,NJ,AEA,EN,Federal Contract Tower,0,20,42,0,62,0,0,0,0,0,0,20,42,0,62,0,0,0,62
09/29/2004,TTN,NJ,AEA,EN,Federal Contract Tower,0,11,39,0,50,0,3,144,17,164,0,14,183,17,214,70,4,74,288
09/30/2004,TTN,NJ,AEA,EN,Federal Contract Tower,0,22,76,2,100,0,0,73,4,77,0,22,149,6,177,66,0,66,243
10/01/2004,TTN,NJ,AEA,EN,Federal Contract Tower,0,29,47,0,76,0,1,264,2,267,0,30,311,2,343,104,0,104,447
10/02/2004,TTN,NJ,AEA,EN,Federal Contract Tower,0,11,23,0,34,0,0,74,10,84,0,11,97,10,118,116,0,116,234
10/03/2004,TTN,NJ,AEA,EN,Federal Contract Tower,0,14,45,2,61,0,0,242,5,247,0,14,287,7,308,196,0,196,504
10/04/2004,TTN,NJ,AEA,EN,Federal Contract Tower,0,23,63,2,88,0,1,163,2,166,0,24,226,4,254,118,0,118,372
10/05/2004,TTN,NJ,AEA,EN,Federal Contract Tower,0,29,35,2,66,0,0,198,13,211,0,29,233,15,277,46,0,46,323
10/06/2004,TTN,NJ,AEA,EN,Federal Contract Tower,0,22,38,0,60,0,0,245,5,250,0,22,283,5,310,134,0,134,444
10/07/2004,TTN,NJ,AEA,EN,Federal Contract Tower,0,35,44,0,79,0,3,201,6,210,0,38,245,6,289,142,0,142,431
10/08/2004,TTN,NJ,AEA,EN,Federal Contract Tower,0,45,53,2,100,0,2,255,2,259,0,47,308,4,359,94,0,94,453
10/09/2004,TTN,NJ,AEA,EN,Federal Contract Tower,0,14,43,7,64,0,0,154,6,160,0,14,197,13,224,102,0,102,326
10/10/2004,TTN,NJ,AEA,EN,Federal Contract Tower,0,12,47,0,59,0,0,177,0,177,0,12,224,0,236,132,0,132,368
10/11/2004,TTN,NJ,AEA,EN,Federal Contract Tower,0,12,52,1,65,0,0,159,0,159,0,12,211,1,224,78,0,78,302
10/12/2004,TTN,NJ,AEA,EN,Federal Contract Tower,0,18,43,0,61,0,0,191,6,197,0,18,234,6,258,108,0,108,366
10/13/2004,TTN,NJ,AEA,EN,Federal Contract Tower,0,21,44,0,65,0,0,310,9,319,0,21,354,9,384,122,0,122,506
10/14/2004,TTN,NJ,AEA,EN,Federal Contract Tower,0,22,79,3,104,0,0,43,0,43,0,22,122,3,147,50,0,50,197
10/15/2004,TTN,NJ,AEA,EN,Federal Contract Tower,0,32,75,3,110,0,0,71,0,71,0,32,146,3,181,6,0,6,187
10/16/2004,TTN,NJ,AEA,EN,Federal Contract Tower,0,6,17,0,23,0,0,142,1,143,0,6,159,1,166,172,2,174,340
10/17/2004,TTN,NJ,AEA,EN,Federal Contract Tower,0,11,42,0,53,0,0,141,0,141,0,11,183,0,194,130,0,130,324
10/18/2004,TTN,NJ,AEA,EN,Federal Contract Tower,0,28,51,5,84,0,0,114,7,121,0,28,165,12,205,86,0,86,291
10/19/2004,TTN,NJ,AEA,EN,Federal Contract Tower,0,20,62,3,85,0,0,0,0,0,0,20,62,3,85,0,0,0,85
10/20/2004,TTN,NJ,AEA,EN,Federal Contract Tower,0,22,55,0,77,0,0,56,17,73,0,22,111,17,150,30,0,30,180
10/21/2004,TTN,NJ,AEA,EN,Federal Contract Tower,0,28,68,0,96,0,2,95,14,111,0,30,163,14,207,34,0,34,241
10/22/2004,TTN,NJ,AEA,EN,Federal Contract Tower,0,35,53,4,92,0,0,222,5,227,0,35,275,9,319,66,0,66,385
10/23/2004,TTN,NJ,AEA,EN,Federal Contract Tower,0,15,34,0,49,0,0,212,6,218,0,15,246,6,267,162,0,162,429
10/24/2004,TTN,NJ,AEA,EN,Federal Contract Tower,0,12,45,0,57,0,0,180,0,180,0,12,225,0,237,178,0,178,415
10/25/2004,TTN,NJ,AEA,EN,Federal Contract Tower,0,27,74,0,101,0,0,206,0,206,0,27,280,0,307,150,0,150,457
10/26/2004,TTN,NJ,AEA,EN,Federal Contract Tower,0,25,61,1,87,0,3,217,23,243,0,28,278,24,330,62,0,62,392
10/27/2004,TTN,NJ,AEA,EN,Federal Contract Tower,0,22,50,0,72,0,0,186,17,203,0,22,236,17,275,88,0,88,363
10/28/2004,TTN,NJ,AEA,EN,Federal Contract Tower,0,18,56,0,74,0,1,220,6,227,0,19,276,6,301,70,0,70,371
10/29/2004,TTN,NJ,AEA,EN,Federal Contract Tower,0,19,67,2,88,0,0,112,6,118,0,19,179,8,206,86,0,86,292
10/30/2004,TTN,NJ,AEA,EN,Federal Contract Tower,0,5,23,0,28,0,0,13,0,13,0,5,36,0,41,0,0,0,41
10/31/2004,TTN,NJ,AEA,EN,Federal Contract Tower,0,15,34,0,49,0,0,129,2,131,0,15,163,2,180,116,0,116,296
11/01/2004,TTN,NJ,AEA,EN,Federal Contract Tower,0,23,30,0,53,0,1,169,4,174,0,24,199,4,227,94,0,94,321
11/02/2004,TTN,NJ,AEA,EN,Federal Contract Tower,0,22,29,2,53,0,3,158,7,168,0,25,187,9,221,108,0,108,329
11/03/2004,TTN,NJ,AEA,EN,Federal Contract Tower,0,22,48,0,70,0,6,115,11,132,0,28,163,11,202,76,0,76,278
11/04/2004,TTN,NJ,AEA,EN,Federal Contract Tower,0,30,51,4,85,0,0,69,4,73,0,30,120,8,158,28,0,28,186
11/05/2004,TTN,NJ,AEA,EN,Federal Contract Tower,0,29,47,0,76,0,0,55,0,55,0,29,102,0,131,10,0,10,141
11/06/2004,TTN,NJ,AEA,EN,Federal Contract Tower,0,16,30,0,46,0,0,190,2,192,0,16,220,2,238,170,0,170,408
11/07/2004,TTN,NJ,AEA,EN,Federal Contract Tower,0,8,48,1,57,0,0,221,4,225,0,8,269,5,282,190,0,190,472
11/08/2004,TTN,NJ,AEA,EN,Federal Contract Tower,0,22,48,0,70,0,0,128,7,135,0,22,176,7,205,46,0,46,251
11/09/2004,TTN,NJ,AEA,EN,Federal Contract Tower,0,25,46,7,78,0,0,153,12,165,0,25,199,19,243,76,0,76,319
11/10/2004,TTN,NJ,AEA,EN,Federal Contract Tower,0,19,63,1,83,0,0,251,26,277,0,19,314,27,360,216,0,216,576
11/11/2004,TTN,NJ,AEA,EN,Federal Contract Tower,0,27,43,1,71,0,1,166,0,167,0,28,209,1,238,132,0,132,370
11/12/2004,TTN,NJ,AEA,EN,Federal Contract Tower,0,19,43,2,64,0,0,19,0,19,0,19,62,2,83,0,0,0,83
11/13/2004,TTN,NJ,AEA,EN,Federal Contract Tower,0,14,26,0,40,0,0,99,0,99,0,14,125,0,139,88,0,88,227
11/14/2004,TTN,NJ,AEA,EN,Federal Contract Tower,0,7,44,0,51,0,17,234,0,251,0,24,278,0,302,92,0,92,394
11/15/2004,TTN,NJ,AEA,EN,Federal Contract Tower,0,28,51,1,80,0,4,216,14,234,0,32,267,15,314,128,0,128,442
11/16/2004,TTN,NJ,AEA,EN,Federal Contract Tower,0,25,49,3,77,0,0,165,16,181,0,25,214,19,258,92,0,92,350
11/17/2004,TTN,NJ,AEA,EN,Federal Contract Tower,0,25,50,5,80,0,0,249,15,264,0,25,299,20,344,82,0,82,426
11/18/2004,TTN,NJ,AEA,EN,Federal Contract Tower,0,30,52,2,84,0,0,190,11,201,0,30,242,13,285,124,0,124,409
11/19/2004,TTN,NJ,AEA,EN,Federal Contract Tower,0,29,61,1,91,0,0,134,8,142,0,29,195,9,233,114,0,114,347
11/20/2004,TTN,NJ,AEA,EN,Federal Contract Tower,0,14,35,0,49,0,0,25,0,25,0,14,60,0,74,24,0,24,98
11/21/2004,TTN,NJ,AEA,EN,Federal Contract Tower,0,1,34,0,35,0,0,0,0,0,0,1,34,0,35,4,0,4,39
11/22/2004,TTN,NJ,AEA,EN,Federal Contract Tower,0,20,62,1,83,0,0,191,9,200,0,20,253,10,283,82,0,82,365
11/23/2004,TTN,NJ,AEA,EN,Federal Contract Tower,0,26,62,0,88,0,0,128,5,133,0,26,190,5,221,88,0,88,309
11/24/2004,TTN,NJ,AEA,EN,Federal Contract Tower,0,25,45,7,77,0,0,0,0,0,0,25,45,7,77,0,0,0,77
11/25/2004,TTN,NJ,AEA,EN,Federal Contract Tower,0,6,16,0,22,0,0,1,0,1,0,6,17,0,23,0,0,0,23
11/26/2004,TTN,NJ,AEA,EN,Federal Contract Tower,0,10,14,0,24,0,0,139,0,139,0,10,153,0,163,116,0,116,279
11/27/2004,TTN,NJ,AEA,EN,Federal Contract Tower,0,10,30,0,40,0,0,197,1,198,0,10,227,1,238,158,0,158,396
11/28/2004,TTN,NJ,AEA,EN,Federal Contract Tower,0,20,28,1,49,0,0,43,1,44,0,20,71,2,93,0,0,0,93
11/29/2004,TTN,NJ,AEA,EN,Federal Contract Tower,0,21,43,4,68,0,3,195,6,204,0,24,238,10,272,130,0,130,402
11/30/2004,TTN,NJ,AEA,EN,Federal Contract Tower,0,31,47,0,78,0,0,193,14,207,0,31,240,14,285,142,0,142,427
12/01/2004,TTN,NJ,AEA,EN,Federal Contract Tower,0,21,19,2,42,0,0,31,4,35,0,21,50,6,77,0,0,0,77
12/02/2004,TTN,NJ,AEA,EN,Federal Contract Tower,0,23,63,1,87,0,0,181,10,191,0,23,244,11,278,88,0,88,366
12/03/2004,TTN,NJ,AEA,EN,Federal Contract Tower,0,23,48,0,71,0,0,154,10,164,0,23,202,10,235,72,0,72,307
12/04/2004,TTN,NJ,AEA,EN,Federal Contract Tower,0,6,30,0,36,0,0,86,1,87,0,6,116,1,123,0,0,0,123
12/05/2004,TTN,NJ,AEA,EN,Federal Contract Tower,0,5,38,2,45,0,0,202,0,202,0,5,240,2,247,190,0,190,437
12/06/2004,TTN,NJ,AEA,EN,Federal Contract Tower,0,19,40,1,60,0,0,54,1,55,0,19,94,2,115,50,0,50,165
12/07/2004,TTN,NJ,AEA,EN,Federal Contract Tower,0,14,44,0,58,0,0,0,0,0,0,14,44,0,58,0,0,0,58
12/08/2004,TTN,NJ,AEA,EN,Federal Contract Tower,0,18,36,0,54,0,1,108,32,141,0,19,144,32,195,80,0,80,275
12/09/2004,TTN,NJ,AEA,EN,Federal Contract Tower,0,14,50,0,64,0,0,123,10,133,0,14,173,10,197,96,0,96,293
12/10/2004,TTN,NJ,AEA,EN,Federal Contract Tower,0,26,48,2,76,0,0,2,0,2,0,26,50,2,78,0,0,0,78
12/11/2004,TTN,NJ,AEA,EN,Federal Contract Tower,0,10,36,0,46,0,0,46,0,46,0,10,82,0,92,76,0,76,168
12/12/2004,TTN,NJ,AEA,EN,Federal Contract Tower,0,8,17,0,25,0,0,128,0,128,0,8,145,0,153,102,0,102,255
12/13/2004,TTN,NJ,AEA,EN,Federal Contract Tower,0,23,49,1,73,0,0,108,0,108,0,23,157,1,181,16,0,16,197
12/14/2004,TTN,NJ,AEA,EN,Federal Contract Tower,0,21,38,2,61,0,1,132,23,156,0,22,170,25,217,54,0,54,271
12/15/2004,TTN,NJ,AEA,EN,Federal Contract Tower,0,20,33,0,53,0,0,188,16,204,0,20,221,16,257,98,2,100,357
12/16/2004,TTN,NJ,AEA,EN,Federal Contract Tower,0,32,34,2,68,0,1,216,1,218,0,33,250,3,286,78,0,78,364
12/17/2004,TTN,NJ,AEA,EN,Federal Contract Tower,0,17,43,0,60,0,1,163,13,177,0,18,206,13,237,66,2,68,305
12/18/2004,TTN,NJ,AEA,EN,Federal Contract Tower,0,10,19,1,30,0,0,223,2,225,0,10,242,3,255,200,0,200,455
12/19/2004,TTN,NJ,AEA,EN,Federal Contract Tower,0,9,21,0,30,0,3,12,0,15,0,12,33,0,45,0,0,0,45
12/20/2004,TTN,NJ,AEA,EN,Federal Contract Tower,0,20,23,0,43,0,0,48,0,48,0,20,71,0,91,10,0,10,101
12/21/2004,TTN,NJ,AEA,EN,Federal Contract Tower,0,15,40,0,55,0,0,119,15,134,0,15,159,15,189,152,0,152,341
12/22/2004,TTN,NJ,AEA,EN,Federal Contract Tower,0,21,28,0,49,0,0,138,15,153,0,21,166,15,202,88,2,90,292
12/23/2004,TTN,NJ,AEA,EN,Federal Contract Tower,0,18,34,0,52,0,0,18,0,18,0,18,52,0,70,0,0,0,70
12/24/2004,TTN,NJ,AEA,EN,Federal Contract Tower,0,14,15,0,29,0,0,75,0,75,0,14,90,0,104,46,0,46,150
12/25/2004,TTN,NJ,AEA,EN,Federal Contract Tower,0,0,1,0,1,0,0,20,0,20,0,0,21,0,21,12,0,12,33
12/26/2004,TTN,NJ,AEA,EN,Federal Contract Tower,0,12,42,0,54,0,0,80,0,80,0,12,122,0,134,100,0,100,234
12/27/2004,TTN,NJ,AEA,EN,Federal Contract Tower,0,18,21,0,39,0,0,43,2,45,0,18,64,2,84,20,0,20,104
12/28/2004,TTN,NJ,AEA,EN,Federal Contract Tower,0,19,16,2,37,0,0,128,7,135,0,19,144,9,172,118,0,118,290
12/29/2004,TTN,NJ,AEA,EN,Federal Contract Tower,0,15,28,0,43,0,2,130,6,138,0,17,158,6,181,80,0,80,261
12/30/2004,TTN,NJ,AEA,EN,Federal Contract Tower,0,9,42,4,55,0,2,141,0,143,0,11,183,4,198,52,0,52,250
12/31/2004,TTN,NJ,AEA,EN,Federal Contract Tower,0,5,22,0,27,0,0,109,0,109,0,5,131,0,136,72,0,72,208
01/01/2005,TTN,NJ,AEA,EN,Federal Contract Tower,0,12,11,0,23,0,0,81,0,81,0,12,92,0,104,50,0,50,154
01/02/2005,TTN,NJ,AEA,EN,Federal Contract Tower,0,7,51,0,58,0,0,87,3,90,0,7,138,3,148,46,0,46,194
01/03/2005,TTN,NJ,AEA,EN,Federal Contract Tower,0,22,32,0,54,0,0,62,0,62,0,22,94,0,116,34,0,34,150
01/04/2005,TTN,NJ,AEA,EN,Federal Contract Tower,0,20,44,2,66,0,1,35,15,51,0,21,79,17,117,16,2,18,135
01/05/2005,TTN,NJ,AEA,EN,Federal Contract Tower,0,16,35,0,51,0,0,0,0,0,0,16,35,0,51,0,0,0,51
01/06/2005,TTN,NJ,AEA,EN,Federal Contract Tower,0,7,27,0,34,0,0,0,0,0,0,7,27,0,34,0,0,0,34
01/07/2005,TTN,NJ,AEA,EN,Federal Contract Tower,0,19,43,0,62,0,2,176,5,183,0,21,219,5,245,104,0,104,349
01/08/2005,TTN,NJ,AEA,EN,Federal Contract Tower,0,6,16,0,22,0,0,7,0,7,0,6,23,0,29,0,0,0,29
01/09/2005,TTN,NJ,AEA,EN,Federal Contract Tower,0,7,34,0,41,0,0,132,30,162,0,7,166,30,203,230,0,230,433
01/10/2005,TTN,NJ,AEA,EN,Federal Contract Tower,0,18,38,0,56,0,0,84,3,87,0,18,122,3,143,4,0,4,147
01/11/2005,TTN,NJ,AEA,EN,Federal Contract Tower,0,17,49,2,68,0,0,65,8,73,0,17,114,10,141,50,10,60,201
01/12/2005,TTN,NJ,AEA,EN,Federal Contract Tower,0,10,51,0,61,0,0,3,0,3,0,10,54,0,64,0,0,0,64
01/13/2005,TTN,NJ,AEA,EN,Federal Contract Tower,0,15,53,0,68,0,0,26,5,31,0,15,79,5,99,6,0,6,105
01/14/2005,TTN,NJ,AEA,EN,Federal Contract Tower,0,9,25,1,35,0,0,33,4,37,0,9,58,5,72,14,0,14,86
01/15/2005,TTN,NJ,AEA,EN,Federal Contract Tower,0,6,27,0,33,0,0,171,0,171,0,6,198,0,204,158,0,158,362
01/16/2005,TTN,NJ,AEA,EN,Federal Contract Tower,0,7,38,0,45,0,0,145,2,147,0,7,183,2,192,174,0,174,366
01/17/2005,TTN,NJ,AEA,EN,Federal Contract Tower,0,20,36,1,57,0,0,95,1,96,0,20,131,2,153,36,0,36,189
01/18/2005,TTN,NJ,AEA,EN,Federal Contract Tower,0,24,30,0,54,0,0,96,4,100,0,24,126,4,154,24,0,24,178
01/19/2005,TTN,NJ,AEA,EN,Federal Contract Tower,0,25,26,4,55,0,0,62,6,68,0,25,88,10,123,16,0,16,139
01/20/2005,TTN,NJ,AEA,EN,Federal Contract Tower,0,28,41,4,73,0,0,159,10,169,0,28,200,14,242,62,0,62,304
01/21/2005,TTN,NJ,AEA,EN,Federal Contract Tower,0,23,49,2,74,0,0,155,4,159,0,23,204,6,233,58,6,64,297
01/22/2005,TTN,NJ,AEA,EN,Federal Contract Tower,0,6,7,1,14,0,0,2,0,2,0,6,9,1,16,26,0,26,42
01/23/2005,TTN,NJ,AEA,EN,Federal Contract Tower,0,0,0,0,0,0,0,12,0,12,0,0,12,0,12,0,0,0,12
01/24/2005,TTN,NJ,AEA,EN,Federal Contract Tower,0,22,45,0,67,0,0,58,4,62,0,22,103,4,129,18,0,18,147
01/25/2005,TTN,NJ,AEA,EN,Federal Contract Tower,0,19,36,1,56,0,3,122,14,139,0,22,158,15,195,62,0,62,257
01/26/2005,TTN,NJ,AEA,EN,Federal Contract Tower,0,19,51,0,70,0,0,115,5,120,0,19,166,5,190,64,0,64,254
01/27/2005,TTN,NJ,AEA,EN,Federal Contract Tower,0,16,49,0,65,0,2,82,4,88,0,18,131,4,153,102,0,102,255
01/28/2005,TTN,NJ,AEA,EN,Federal Contract Tower,0,22,43,0,65,0,2,166,5,173,0,24,209,5,238,68,0,68,306
01/29/2005,TTN,NJ,AEA,EN,Federal Contract Tower,0,8,33,0,41,0,0,132,0,132,0,8,165,0,173,132,0,132,305
01/30/2005,TTN,NJ,AEA,EN,Federal Contract Tower,0,17,55,0,72,0,0,64,0,64,0,17,119,0,136,52,0,52,188
01/31/2005,TTN,NJ,AEA,EN,Federal Contract Tower,0,23,43,0,66,0,0,200,9,209,0,23,243,9,275,106,0,106,381
02/01/2005,TTN,NJ,AEA,EN,Federal Contract Tower,0,17,39,2,58,0,0,171,13,184,0,17,210,15,242,74,0,74,316
02/02/2005,TTN,NJ,AEA,EN,Federal Contract Tower,0,17,41,2,60,0,0,179,21,200,0,17,220,23,260,172,0,172,432
02/03/2005,TTN,NJ,AEA,EN,Federal Contract Tower,0,22,44,0,66,0,1,120,18,139,0,23,164,18,205,158,4,162,367
02/04/2005,TTN,NJ,AEA,EN,Federal Contract Tower,0,23,39,4,66,0,0,107,8,115,0,23,146,12,181,40,0,40,221
02/05/2005,TTN,NJ,AEA,EN,Federal Contract Tower,0,9,24,0,33,0,0,201,0,201,0,9,225,0,234,170,0,170,404
02/06/2005,TTN,NJ,AEA,EN,Federal Contract Tower,0,14,38,0,52,0,0,164,0,164,0,14,202,0,216,110,0,110,326
02/07/2005,TTN,NJ,AEA,EN,Federal Contract Tower,0,16,54,3,73,0,0,162,6,168,0,16,216,9,241,70,0,70,311
02/08/2005,TTN,NJ,AEA,EN,Federal Contract Tower,0,23,39,2,64,0,0,119,17,136,0,23,158,19,200,98,0,98,298
02/09/2005,TTN,NJ,AEA,EN,Federal Contract Tower,0,17,58,7,82,0,0,150,19,169,0,17,208,26,251,90,0,90,341
02/10/2005,TTN,NJ,AEA,EN,Federal Contract Tower,0,19,75,6,100,0,0,30,3,33,0,19,105,9,133,54,0,54,187
02/11/2005,TTN,NJ,AEA,EN,Federal Contract Tower,0,15,33,0,48,0,0,78,3,81,0,15,111,3,129,38,0,38,167
02/12/2005,TTN,NJ,AEA,EN,Federal Contract Tower,0,8,24,0,32,0,0,140,21,161,0,8,164,21,193,88,0,88,281
02/13/2005,TTN,NJ,AEA,EN,Federal Contract Tower,0,7,67,1,75,0,0,176,12,188,0,7,243,13,263,104,0,104,367
02/14/2005,TTN,NJ,AEA,EN,Federal Contract Tower,0,17,29,4,50,0,0,18,0,18,0,17,47,4,68,4,0,4,72
02/15/2005,TTN,NJ,AEA,EN,Federal Contract Tower,0,23,37,3,63,0,2,140,17,159,0,25,177,20,222,54,0,54,276
02/16/2005,TTN,NJ,AEA,EN,Federal Contract Tower,0,28,36,3,67,0,0,84,9,93,0,28,120,12,160,44,0,44,204
02/17/2005,TTN,NJ,AEA,EN,Federal Contract Tower,0,33,57,5,95,0,4,101,4,109,0,37,158,9,204,40,2,42,246
02/18/2005,TTN,NJ,AEA,EN,Federal Contract Tower,0,26,34,5,65,0,0,96,2,98,0,26,130,7,163,30,0,30,193
02/19/2005,TTN,NJ,AEA,EN,Federal Contract Tower,0,2,24,0,26,0,0,128,0,128,0,2,152,0,154,160,0,160,314
02/20/2005,TTN,NJ,AEA,EN,Federal Contract Tower,0,2,50,0,52,0,0,146,0,146,0,2,196,0,198,60,0,60,258
02/21/2005,TTN,NJ,AEA,EN,Federal Contract Tower,0,18,20,0,38,0,0,0,0,0,0,18,20,0,38,0,0,0,38
02/22/2005,TTN,NJ,AEA,EN,Federal Contract Tower,0,27,47,0,74,0,3,143,14,160,0,30,190,14,234,60,0,60,294
02/23/2005,TTN,NJ,AEA,EN,Federal Contract Tower,0,22,52,2,76,0,0,137,25,162,0,22,189,27,238,82,0,82,320
02/24/2005,TTN,NJ,AEA,EN,Federal Contract Tower,0,14,24,6,44,0,0,29,3,32,0,14,53,9,76,52,0,52,128
02/25/2005,TTN,NJ,AEA,EN,Federal Contract Tower,0,23,51,1,75,0,2,113,6,121,0,25,164,7,196,64,0,64,260
02/26/2005,TTN,NJ,AEA,EN,Federal Contract Tower,0,4,25,0,29,0,0,85,1,86,0,4,110,1,115,100,0,100,215
02/27/2005,TTN,NJ,AEA,EN,Federal Contract Tower,0,6,45,2,53,0,0,175,5,180,0,6,220,7,233,86,0,86,319
02/28/2005,TTN,NJ,AEA,EN,Federal Contract Tower,0,13,15,0,28,0,0,20,0,20,0,13,35,0,48,32,0,32,80
03/01/2005,TTN,NJ,AEA,EN,Federal Contract Tower,0,7,29,2,38,0,0,48,13,61,0,7,77,15,99,8,14,22,121
03/02/2005,TTN,NJ,AEA,EN,Federal Contract Tower,0,18,46,0,64,0,0,64,16,80,0,18,110,16,144,24,0,24,168
03/03/2005,TTN,NJ,AEA,EN,Federal Contract Tower,0,25,32,2,59,0,3,127,18,148,0,28,159,20,207,28,0,28,235
03/04/2005,TTN,NJ,AEA,EN,Federal Contract Tower,0,17,41,2,60,0,0,109,5,114,0,17,150,7,174,18,0,18,192
03/05/2005,TTN,NJ,AEA,EN,Federal Contract Tower,0,5,16,2,23,0,0,212,11,223,0,5,228,13,246,56,0,56,302
03/06/2005,TTN,NJ,AEA,EN,Federal Contract Tower,0,9,34,1,44,0,0,82,10,92,0,9,116,11,136,54,0,54,190
03/07/2005,TTN,NJ,AEA,EN,Federal Contract Tower,0,18,45,0,63,0,0,98,7,105,0,18,143,7,168,24,0,24,192
03/08/2005,TTN,NJ,AEA,EN,Federal Contract Tower,0,10,19,0,29,0,0,12,0,12,0,10,31,0,41,0,0,0,41
03/09/2005,TTN,NJ,AEA,EN,Federal Contract Tower,0,17,35,0,52,0,0,75,12,87,0,17,110,12,139,0,0,0,139
03/10/2005,TTN,NJ,AEA,EN,Federal Contract Tower,0,27,43,0,70,0,2,148,12,162,0,29,191,12,232,112,0,112,344
03/11/2005,TTN,NJ,AEA,EN,Federal Contract Tower,0,18,31,0,49,0,2,71,4,77,0,20,102,4,126,76,0,76,202
03/12/2005,TTN,NJ,AEA,EN,Federal Contract Tower,0,12,16,1,29,0,0,139,1,140,0,12,155,2,169,196,0,196,365
03/13/2005,TTN,NJ,AEA,EN,Federal Contract Tower,0,13,25,0,38,0,0,159,0,159,0,13,184,0,197,76,0,76,273
03/14/2005,TTN,NJ,AEA,EN,Federal Contract Tower,0,24,33,0,57,0,0,142,11,153,0,24,175,11,210,122,0,122,332
03/15/2005,TTN,NJ,AEA,EN,Federal Contract Tower,0,20,33,0,53,0,2,108,28,138,0,22,141,28,191,26,2,28,219
03/16/2005,TTN,NJ,AEA,EN,Federal Contract Tower,0,20,46,0,66,0,0,176,7,183,0,20,222,7,249,86,0,86,335
03/17/2005,TTN,NJ,AEA,EN,Federal Contract Tower,0,27,35,4,66,0,6,148,10,164,0,33,183,14,230,118,0,118,348
03/18/2005,TTN,NJ,AEA,EN,Federal Contract Tower,2,25,32,0,59,0,0,190,3,193,2,25,222,3,252,126,0,126,378
03/19/2005,TTN,NJ,AEA,EN,Federal Contract Tower,0,18,22,1,41,0,0,170,4,174,0,18,192,5,215,152,0,152,367
03/20/2005,TTN,NJ,AEA,EN,Federal Contract Tower,0,18,28,0,46,0,0,5,0,5,0,18,33,0,51,0,0,0,51
03/21/2005,TTN,NJ,AEA,EN,Federal Contract Tower,0,31,40,0,71,0,0,81,8,89,0,31,121,8,160,106,0,106,266
03/22/2005,TTN,NJ,AEA,EN,Federal Contract Tower,0,22,32,2,56,0,2,210,19,231,0,24,242,21,287,72,0,72,359
03/23/2005,TTN,NJ,AEA,EN,Federal Contract Tower,0,22,45,0,67,0,0,3,2,5,0,22,48,2,72,0,0,0,72
03/24/2005,TTN,NJ,AEA,EN,Federal Contract Tower,0,36,51,1,88,0,0,107,13,120,0,36,158,14,208,60,2,62,270
03/25/2005,TTN,NJ,AEA,EN,Federal Contract Tower,0,22,31,0,53,0,0,87,1,88,0,22,118,1,141,110,0,110,251
03/26/2005,TTN,NJ,AEA,EN,Federal Contract Tower,0,16,36,0,52,0,0,173,4,177,0,16,209,4,229,124,0,124,353
03/27/2005,TTN,NJ,AEA,EN,Federal Contract Tower,0,5,27,0,32,0,0,32,0,32,0,5,59,0,64,22,0,22,86
03/28/2005,TTN,NJ,AEA,EN,Federal Contract Tower,0,21,41,0,62,0,0,0,0,0,0,21,41,0,62,0,0,0,62
03/29/2005,TTN,NJ,AEA,EN,Federal Contract Tower,0,21,45,1,67,0,1,78,8,87,0,22,123,9,154,28,0,28,182
03/30/2005,TTN,NJ,AEA,EN,Federal Contract Tower,0,32,45,1,78,0,0,184,4,188,0,32,229,5,266,90,0,90,356
03/31/2005,TTN,NJ,AEA,EN,Federal Contract Tower,0,25,43,4,72,0,0,134,6,140,0,25,177,10,212,94,0,94,306
04/01/2005,TTN,NJ,AEA,EN,Federal Contract Tower,0,24,45,2,71,0,0,94,3,97,0,24,139,5,168,88,0,88,256
04/02/2005,TTN,NJ,AEA,EN,Federal Contract Tower,0,3,22,0,25,0,0,0,0,0,0,3,22,0,25,0,0,0,25
04/03/2005,TTN,NJ,AEA,EN,Federal Contract Tower,0,18,25,0,43,0,0,51,0,51,0,18,76,0,94,26,0,26,120
04/04/2005,TTN,NJ,AEA,EN,Federal Contract Tower,0,23,37,0,60,0,0,252,12,264,0,23,289,12,324,44,0,44,368
04/05/2005,TTN,NJ,AEA,EN,Federal Contract Tower,0,21,45,0,66,0,0,231,20,251,0,21,276,20,317,102,0,102,419
04/06/2005,TTN,NJ,AEA,EN,Federal Contract Tower,0,30,58,0,88,0,0,264,32,296,0,30,322,32,384,176,0,176,560
04/07/2005,TTN,NJ,AEA,EN,Federal Contract Tower,0,23,39,3,65,0,2,131,11,144,0,25,170,14,209,46,0,46,255
04/08/2005,TTN,NJ,AEA,EN,Federal Contract Tower,0,22,25,0,47,0,0,134,0,134,0,22,159,0,181,38,0,38,219
04/09/2005,TTN,NJ,AEA,EN,Federal Contract Tower,0,8,22,0,30,0,0,250,5,255,0,8,272,5,285,188,0,188,473
04/10/2005,TTN,NJ,AEA,EN,Federal Contract Tower,0,8,35,0,43,0,0,178,1,179,0,8,213,1,222,228,0,228,450
04/11/2005,TTN,NJ,AEA,EN,Federal Contract Tower,0,13,47,0,60,0,0,172,1,173,0,13,219,1,233,106,0,106,339
04/12/2005,TTN,NJ,AEA,EN,Federal Contract Tower,0,28,49,2,79,0,0,264,21,285,0,28,313,23,364,134,0,134,498
04/13/2005,TTN,NJ,AEA,EN,Federal Contract Tower,0,29,31,4,64,0,0,233,29,262,0,29,264,33,326,76,0,76,402
04/14/2005,TTN,NJ,AEA,EN,Federal Contract Tower,0,38,76,0,114,0,2,187,15,204,0,40,263,15,318,144,0,144,462
04/15/2005,TTN,NJ,AEA,EN,Federal Contract Tower,0,39,53,0,92,0,8,157,3,168,0,47,210,3,260,40,0,40,300
04/16/2005,TTN,NJ,AEA,EN,Federal Contract Tower,0,11,38,0,49,0,0,179,6,185,0,11,217,6,234,174,0,174,408
04/17/2005,TTN,NJ,AEA,EN,Federal Contract Tower,0,12,29,0,41,0,0,238,4,242,0,12,267,4,283,152,0,152,435
04/18/2005,TTN,NJ,AEA,EN,Federal Contract Tower,0,37,33,0,70,0,0,122,8,130,0,37,155,8,200,126,0,126,326
04/19/2005,TTN,NJ,AEA,EN,Federal Contract Tower,0,28,30,0,58,0,1,178,23,202,0,29,208,23,260,0,82,82,342
04/20/2005,TTN,NJ,AEA,EN,Federal Contract Tower,0,30,28,5,63,0,0,129,17,146,0,30,157,22,209,60,0,60,269
04/21/2005,TTN,NJ,AEA,EN,Federal Contract Tower,0,31,43,1,75,0,0,136,14,150,0,31,179,15,225,52,0,52,277
04/22/2005,TTN,NJ,AEA,EN,Federal Contract Tower,0,26,50,1,77,0,0,94,4,98,0,26,144,5,175,28,0,28,203
04/23/2005,TTN,NJ,AEA,EN,Federal Contract Tower,0,5,20,0,25,0,0,0,0,0,0,5,20,0,25,0,0,0,25
04/24/2005,TTN,NJ,AEA,EN,Federal Contract Tower,0,11,43,0,54,0,0,93,0,93,0,11,136,0,147,104,0,104,251
04/25/2005,TTN,NJ,AEA,EN,Federal Contract Tower,0,21,28,1,50,0,0,119,11,130,0,21,147,12,180,104,0,104,284
04/26/2005,TTN,NJ,AEA,EN,Federal Contract Tower,0,22,50,0,72,0,0,140,82,222,0,22,190,82,294,24,0,24,318
04/27/2005,TTN,NJ,AEA,EN,Federal Contract Tower,0,23,59,0,82,0,0,67,12,79,0,23,126,12,161,42,0,42,203
04/28/2005,TTN,NJ,AEA,EN,Federal Contract Tower,0,21,50,0,71,0,1,129,8,138,0,22,179,8,209,40,0,40,249
04/29/2005,TTN,NJ,AEA,EN,Federal Contract Tower,0,29,49,1,79,0,0,116,7,123,0,29,165,8,202,62,0,62,264
04/30/2005,TTN,NJ,AEA,EN,Federal Contract Tower,0,11,32,2,45,0,0,0,0,0,0,11,32,2,45,0,0,0,45
05/01/2005,TTN,NJ,AEA,EN,Federal Contract Tower,0,13,56,3,72,0,0,126,7,133,0,13,182,10,205,102,0,102,307
05/02/2005,TTN,NJ,AEA,EN,Federal Contract Tower,0,10,37,1,48,0,0,33,4,37,0,10,70,5,85,30,0,30,115
05/03/2005,TTN,NJ,AEA,EN,Federal Contract Tower,3,30,52,0,85,0,0,217,13,230,3,30,269,13,315,154,0,154,469
05/04/2005,TTN,NJ,AEA,EN,Federal Contract Tower,1,26,47,0,74,0,0,156,8,164,1,26,203,8,238,90,0,90,328
05/05/2005,TTN,NJ,AEA,EN,Federal Contract Tower,0,18,52,0,70,0,0,188,18,206,0,18,240,18,276,140,16,156,432
05/06/2005,TTN,NJ,AEA,EN,Federal Contract Tower,0,32,67,0,99,0,0,161,10,171,0,32,228,10,270,80,6,86,356
05/07/2005,TTN,NJ,AEA,EN,Federal Contract Tower,0,14,38,0,52,0,0,71,2,73,0,14,109,2,125,40,0,40,165
05/08/2005,TTN,NJ,AEA,EN,Federal Contract Tower,0,22,49,0,71,0,0,103,0,103,0,22,152,0,174,76,6,82,256
05/09/2005,TTN,NJ,AEA,EN,Federal Contract Tower,0,23,59,3,85,0,1,210,3,214,0,24,269,6,299,138,0,138,437
05/10/2005,TTN,NJ,AEA,EN,Federal Contract Tower,0,26,43,0,69,0,2,220,21,243,0,28,263,21,312,112,0,112,424
05/11/2005,TTN,NJ,AEA,EN,Federal Contract Tower,0,28,44,0,72,0,3,144,33,180,0,31,188,33,252,38,0,38,290
05/12/2005,TTN,NJ,AEA,EN,Federal Contract Tower,0,17,54,1,72,0,2,130,14,146,0,19,184,15,218,64,0,64,282
05/13/2005,TTN,NJ,AEA,EN,Federal Contract Tower,0,22,37,0,59,0,0,195,6,201,0,22,232,6,260,82,0,82,342
05/14/2005,TTN,NJ,AEA,EN,Federal Contract Tower,0,22,37,0,59,0,0,195,6,201,0,22,232,6,260,82,0,82,342
05/15/2005,TTN,NJ,AEA,EN,Federal Contract Tower,0,17,41,1,59,0,4,110,0,114,0,21,151,1,173,104,0,104,277
05/16/2005,TTN,NJ,AEA,EN,Federal Contract Tower,0,30,59,1,90,0,0,156,12,168,0,30,215,13,258,64,0,64,322
05/17/2005,TTN,NJ,AEA,EN,Federal Contract Tower,0,36,72,0,108,0,3,194,27,224,0,39,266,27,332,166,0,166,498
05/18/2005,TTN,NJ,AEA,EN,Federal Contract Tower,0,31,54,0,85,0,5,192,15,212,0,36,246,15,297,122,0,122,419
05/19/2005,TTN,NJ,AEA,EN,Federal Contract Tower,0,20,42,1,63,0,5,159,8,172,0,25,201,9,235,118,0,118,353
05/20/2005,TTN,NJ,AEA,EN,Federal Contract Tower,1,25,59,1,86,0,0,22,1,23,1,25,81,2,109,0,0,0,109
05/21/2005,TTN,NJ,AEA,EN,Federal Contract Tower,0,12,55,1,68,0,0,158,8,166,0,12,213,9,234,184,0,184,418
05/22/2005,TTN,NJ,AEA,EN,Federal Contract Tower,0,18,56,0,74,0,0,143,2,145,0,18,199,2,219,130,0,130,349
05/23/2005,TTN,NJ,AEA,EN,Federal Contract Tower,0,22,68,3,93,0,0,185,3,188,0,22,253,6,281,94,0,94,375
05/24/2005,TTN,NJ,AEA,EN,Federal Contract Tower,0,21,52,1,74,0,3,53,8,64,0,24,105,9,138,14,0,14,152
05/25/2005,TTN,NJ,AEA,EN,Federal Contract Tower,0,18,64,0,82,0,1,28,1,30,0,19,92,1,112,0,0,0,112
05/26/2005,TTN,NJ,AEA,EN,Federal Contract Tower,0,24,68,1,93,0,0,151,2,153,0,24,219,3,246,130,0,130,376
05/27/2005,TTN,NJ,AEA,EN,Federal Contract Tower,0,21,65,0,86,0,2,179,4,185,0,23,244,4,271,74,0,74,345
05/28/2005,TTN,NJ,AEA,EN,Federal Contract Tower,0,10,22,0,32,0,2,107,2,111,0,12,129,2,143,42,0,42,185
05/29/2005,TTN,NJ,AEA,EN,Federal Contract Tower,0,17,35,0,52,0,0,122,0,122,0,17,157,0,174,92,0,92,266
05/30/2005,TTN,NJ,AEA,EN,Federal Contract Tower,0,19,39,0,58,0,0,105,0,105,0,19,144,0,163,52,0,52,215
05/31/2005,TTN,NJ,AEA,EN,Federal Contract Tower,0,28,49,4,81,0,0,211,30,241,0,28,260,34,322,86,2,88,410
06/01/2005,TTN,NJ,AEA,EN,Federal Contract Tower,0,27,38,2,67,0,1,132,17,150,0,28,170,19,217,34,0,34,251
06/02/2005,TTN,NJ,AEA,EN,Federal Contract Tower,0,25,65,7,97,0,0,110,16,126,0,25,175,23,223,50,0,50,273
06/03/2005,TTN,NJ,AEA,EN,Federal Contract Tower,0,19,76,0,95,0,0,7,0,7,0,19,83,0,102,0,0,0,102
06/04/2005,TTN,NJ,AEA,EN,Federal Contract Tower,0,10,0,0,10,0,0,112,23,135,0,10,112,23,145,42,0,42,187
06/05/2005,TTN,NJ,AEA,EN,Federal Contract Tower,0,8,38,2,48,0,1,157,4,162,0,9,195,6,210,100,0,100,310
06/06/2005,TTN,NJ,AEA,EN,Federal Contract Tower,0,20,38,1,59,0,0,116,2,118,0,20,154,3,177,106,0,106,283
06/07/2005,TTN,NJ,AEA,EN,Federal Contract Tower,0,21,35,4,60,0,0,166,19,185,0,21,201,23,245,184,6,190,435
06/08/2005,TTN,NJ,AEA,EN,Federal Contract Tower,0,25,52,3,80,0,1,221,9,231,0,26,273,12,311,80,0,80,391
06/09/2005,TTN,NJ,AEA,EN,Federal Contract Tower,0,26,59,0,85,0,0,145,4,149,0,26,204,4,234,104,0,104,338
06/10/2005,TTN,NJ,AEA,EN,Federal Contract Tower,0,26,52,0,78,0,0,80,2,82,0,26,132,2,160,48,0,48,208
06/11/2005,TTN,NJ,AEA,EN,Federal Contract Tower,0,12,26,0,38,0,0,90,1,91,0,12,116,1,129,0,96,96,225
06/12/2005,TTN,NJ,AEA,EN,Federal Contract Tower,0,15,51,0,66,0,1,165,1,167,0,16,216,1,233,94,0,94,327
06/13/2005,TTN,NJ,AEA,EN,Federal Contract Tower,0,27,56,3,86,0,0,208,9,217,0,27,264,12,303,78,0,78,381
06/14/2005,TTN,NJ,AEA,EN,Federal Contract Tower,0,31,53,8,92,0,0,143,13,156,0,31,196,21,248,48,0,48,296
06/15/2005,TTN,NJ,AEA,EN,Federal Contract Tower,0,35,50,3,88,0,0,165,15,180,0,35,215,18,268,92,0,92,360
06/16/2005,TTN,NJ,AEA,EN,Federal Contract Tower,0,27,64,4,95,0,0,98,9,107,0,27,162,13,202,82,0,82,284
06/17/2005,TTN,NJ,AEA,EN,Federal Contract Tower,0,15,54,0,69,0,0,222,8,230,0,15,276,8,299,122,0,122,421
06/18/2005,TTN,NJ,AEA,EN,Federal Contract Tower,0,7,20,0,27,0,2,181,0,183,0,9,201,0,210,114,0,114,324
06/19/2005,TTN,NJ,AEA,EN,Federal Contract Tower,0,22,59,0,81,0,0,111,0,111,0,22,170,0,192,78,0,78,270
06/20/2005,TTN,NJ,AEA,EN,Federal Contract Tower,0,20,64,1,85,0,0,218,23,241,0,20,282,24,326,185,0,185,511
06/21/2005,TTN,NJ,AEA,EN,Federal Contract Tower,0,18,47,0,65,0,0,165,21,186,0,18,212,21,251,72,0,72,323
06/22/2005,TTN,NJ,AEA,EN,Federal Contract Tower,0,20,34,0,54,0,0,113,4,117,0,20,147,4,171,26,0,26,197
06/23/2005,TTN,NJ,AEA,EN,Federal Contract Tower,0,16,57,4,77,0,0,225,12,237,0,16,282,16,314,120,0,120,434
06/24/2005,TTN,NJ,AEA,EN,Federal Contract Tower,0,25,44,0,69,0,0,226,24,250,0,25,270,24,319,110,0,110,429
06/25/2005,TTN,NJ,AEA,EN,Federal Contract Tower,0,4,29,1,34,0,0,149,4,153,0,4,178,5,187,60,0,60,247
06/26/2005,TTN,NJ,AEA,EN,Federal Contract Tower,0,8,41,0,49,0,0,136,1,137,0,8,177,1,186,114,0,114,300
06/27/2005,TTN,NJ,AEA,EN,Federal Contract Tower,0,17,71,0,88,0,0,1,0,1,0,17,72,0,89,0,0,0,89
06/28/2005,TTN,NJ,AEA,EN,Federal Contract Tower,0,18,60,0,78,0,0,108,30,138,0,18,168,30,216,70,0,70,286
06/29/2005,TTN,NJ,AEA,EN,Federal Contract Tower,0,28,42,6,76,0,0,81,4,85,0,28,123,10,161,60,0,60,221
06/30/2005,TTN,NJ,AEA,EN,Federal Contract Tower,0,22,53,6,81,0,5,93,7,105,0,27,146,13,186,66,0,66,252
07/01/2005,TTN,NJ,AEA,EN,Federal Contract Tower,0,13,34,1,48,0,0,44,2,46,0,13,78,3,94,12,0,12,106
07/02/2005,TTN,NJ,AEA,EN,Federal Contract Tower,0,5,22,0,27,0,0,136,25,161,0,5,158,25,188,186,0,186,374
07/03/2005,TTN,NJ,AEA,EN,Federal Contract Tower,0,1,21,0,22,0,0,191,0,191,0,1,212,0,213,120,0,120,333
07/04/2005,TTN,NJ,AEA,EN,Federal Contract Tower,0,6,20,0,26,0,0,131,0,131,0,6,151,0,157,50,0,50,207
07/05/2005,TTN,NJ,AEA,EN,Federal Contract Tower,0,12,38,0,50,0,0,53,2,55,0,12,91,2,105,38,0,38,143
07/06/2005,TTN,NJ,AEA,EN,Federal Contract Tower,0,21,40,1,62,0,0,105,7,112,0,21,145,8,174,54,0,54,228
07/07/2005,TTN,NJ,AEA,EN,Federal Contract Tower,0,17,66,0,83,0,2,49,9,60,0,19,115,9,143,76,0,76,219
07/08/2005,TTN,NJ,AEA,EN,Federal Contract Tower,3,13,27,0,43,0,0,14,3,17,3,13,41,3,60,0,0,0,60
07/09/2005,TTN,NJ,AEA,EN,Federal Contract Tower,0,3,11,0,14,0,0,143,30,173,0,3,154,30,187,100,0,100,287
07/10/2005,TTN,NJ,AEA,EN,Federal Contract Tower,0,13,19,0,32,0,0,180,18,198,0,13,199,18,230,86,0,86,316
07/11/2005,TTN,NJ,AEA,EN,Federal Contract Tower,0,21,48,0,69,0,0,174,11,185,0,21,222,11,254,124,2,126,380
07/12/2005,TTN,NJ,AEA,EN,Federal Contract Tower,0,19,37,1,57,0,0,137,18,155,0,19,174,19,212,96,0,96,308
07/13/2005,TTN,NJ,AEA,EN,Federal Contract Tower,0,34,54,1,89,0,0,41,6,47,0,34,95,7,136,64,0,64,200
07/14/2005,TTN,NJ,AEA,EN,Federal Contract Tower,0,29,72,0,101,0,0,88,6,94,0,29,160,6,195,74,0,74,269
07/15/2005,TTN,NJ,AEA,EN,Federal Contract Tower,0,20,43,0,63,0,0,96,1,97,0,20,139,1,160,110,14,124,284
07/16/2005,TTN,NJ,AEA,EN,Federal Contract Tower,0,8,18,0,26,0,2,41,0,43,0,10,59,0,69,32,0,32,101
07/17/2005,TTN,NJ,AEA,EN,Federal Contract Tower,0,12,38,0,50,0,0,5,0,5,0,12,43,0,55,36,0,36,91
07/18/2005,TTN,NJ,AEA,EN,Federal Contract Tower,0,19,41,0,60,0,0,68,0,68,0,19,109,0,128,70,0,70,198
07/19/2005,TTN,NJ,AEA,EN,Federal Contract Tower,0,27,46,2,75,0,4,145,10,159,0,31,191,12,234,50,0,50,284
07/20/2005,TTN,NJ,AEA,EN,Federal Contract Tower,0,23,54,0,77,0,0,263,11,274,0,23,317,11,351,98,0,98,449
07/21/2005,TTN,NJ,AEA,EN,Federal Contract Tower,0,30,46,1,77,0,0,208,4,212,0,30,254,5,289,106,0,106,395
07/22/2005,TTN,NJ,AEA,EN,Federal Contract Tower,0,28,32,3,63,0,7,166,1,174,0,35,198,4,237,64,0,64,301
07/23/2005,TTN,NJ,AEA,EN,Federal Contract Tower,0,4,34,1,39,0,0,238,0,238,0,4,272,1,277,184,0,184,461
07/24/2005,TTN,NJ,AEA,EN,Federal Contract Tower,0,11,26,0,37,0,1,210,0,211,0,12,236,0,248,166,0,166,414
07/25/2005,TTN,NJ,AEA,EN,Federal Contract Tower,0,21,58,2,81,0,0,157,26,183,0,21,215,28,264,112,12,124,388
07/26/2005,TTN,NJ,AEA,EN,Federal Contract Tower,0,14,43,5,62,0,0,95,30,125,0,14,138,35,187,80,0,80,267
07/27/2005,TTN,NJ,AEA,EN,Federal Contract Tower,0,15,52,4,71,0,4,84,5,93,0,19,136,9,164,24,0,24,188
07/28/2005,TTN,NJ,AEA,EN,Federal Contract Tower,0,30,43,3,76,0,2,210,9,221,0,32,253,12,297,114,0,114,411
07/29/2005,TTN,NJ,AEA,EN,Federal Contract Tower,0,26,34,0,60,0,1,177,6,184,0,27,211,6,244,178,0,178,422
07/30/2005,TTN,NJ,AEA,EN,Federal Contract Tower,0,16,34,0,50,0,0,112,0,112,0,16,146,0,162,94,0,94,256
07/31/2005,TTN,NJ,AEA,EN,Federal Contract Tower,0,10,47,0,57,0,0,160,0,160,0,10,207,0,217,212,0,212,429
08/01/2005,TTN,NJ,AEA,EN,Federal Contract Tower,0,25,55,0,80,0,0,164,2,166,0,25,219,2,246,62,0,62,308
08/02/2005,TTN,NJ,AEA,EN,Federal Contract Tower,0,22,59,2,83,0,0,159,22,181,0,22,218,24,264,108,0,108,372
08/03/2005,TTN,NJ,AEA,EN,Federal Contract Tower,0,24,61,2,87,0,0,170,6,176,0,24,231,8,263,108,0,108,371
08/04/2005,TTN,NJ,AEA,EN,Federal Contract Tower,0,28,49,0,77,0,0,109,4,113,0,28,158,4,190,18,0,18,208
08/05/2005,TTN,NJ,AEA,EN,Federal Contract Tower,0,15,27,4,46,0,3,144,2,149,0,18,171,6,195,104,0,104,299
08/06/2005,TTN,NJ,AEA,EN,Federal Contract Tower,0,9,29,0,38,0,4,178,20,202,0,13,207,20,240,162,0,162,402
08/07/2005,TTN,NJ,AEA,EN,Federal Contract Tower,0,13,30,0,43,0,0,81,2,83,0,13,111,2,126,82,0,82,208
08/08/2005,TTN,NJ,AEA,EN,Federal Contract Tower,0,17,34,0,51,0,0,21,12,33,0,17,55,12,84,40,0,40,124
08/09/2005,TTN,NJ,AEA,EN,Federal Contract Tower,0,22,37,0,59,0,0,86,13,99,0,22,123,13,158,32,0,32,190
08/10/2005,TTN,NJ,AEA,EN,Federal Contract Tower,0,29,46,0,75,0,0,174,10,184,0,29,220,10,259,84,0,84,343
08/11/2005,TTN,NJ,AEA,EN,Federal Contract Tower,0,18,57,0,75,0,1,165,20,186,0,19,222,20,261,80,0,80,341
08/12/2005,TTN,NJ,AEA,EN,Federal Contract Tower,0,18,34,0,52,0,0,110,7,117,0,18,144,7,169,36,0,36,205
08/13/2005,TTN,NJ,AEA,EN,Federal Contract Tower,0,11,25,1,37,0,0,45,2,47,0,11,70,3,84,48,0,48,132
08/14/2005,TTN,NJ,AEA,EN,Federal Contract Tower,0,1,26,0,27,0,0,51,0,51,0,1,77,0,78,54,0,54,132
08/15/2005,TTN,NJ,AEA,EN,Federal Contract Tower,0,22,52,0,74,0,0,151,1,152,0,22,203,1,226,118,0,118,344
08/16/2005,TTN,NJ,AEA,EN,Federal Contract Tower,0,16,36,0,52,0,0,74,11,85,0,16,110,11,137,36,0,36,173
08/17/2005,TTN,NJ,AEA,EN,Federal Contract Tower,0,25,59,1,85,0,0,208,8,216,0,25,267,9,301,60,0,60,361
08/18/2005,TTN,NJ,AEA,EN,Federal Contract Tower,0,22,36,0,58,0,1,219,12,232,0,23,255,12,290,64,0,64,354
08/19/2005,TTN,NJ,AEA,EN,Federal Contract Tower,0,22,66,0,88,0,0,74,6,80,0,22,140,6,168,10,0,10,178
08/20/2005,TTN,NJ,AEA,EN,Federal Contract Tower,0,7,30,0,37,0,0,126,10,136,0,7,156,10,173,140,0,140,313
08/21/2005,TTN,NJ,AEA,EN,Federal Contract Tower,0,19,34,1,54,0,0,100,1,101,0,19,134,2,155,96,0,96,251
08/22/2005,TTN,NJ,AEA,EN,Federal Contract Tower,0,20,30,0,50,0,1,139,15,155,0,21,169,15,205,192,0,192,397
08/23/2005,TTN,NJ,AEA,EN,Federal Contract Tower,0,23,58,0,81,0,0,192,19,211,0,23,250,19,292,142,0,142,434
08/24/2005,TTN,NJ,AEA,EN,Federal Contract Tower,0,24,55,0,79,0,0,168,12,180,0,24,223,12,259,108,0,108,367
08/25/2005,TTN,NJ,AEA,EN,Federal Contract Tower,0,21,43,0,64,0,0,185,10,195,0,21,228,10,259,138,0,138,397
08/26/2005,TTN,NJ,AEA,EN,Federal Contract Tower,0,19,43,0,62,0,0,217,8,225,0,19,260,8,287,170,0,170,457
08/27/2005,TTN,NJ,AEA,EN,Federal Contract Tower,0,11,29,0,40,0,5,174,10,189,0,16,203,10,229,118,0,118,347
08/28/2005,TTN,NJ,AEA,EN,Federal Contract Tower,0,8,36,1,45,0,0,74,0,74,0,8,110,1,119,72,0,72,191
08/29/2005,TTN,NJ,AEA,EN,Federal Contract Tower,0,15,40,0,55,0,0,69,5,74,0,15,109,5,129,64,0,64,193
08/30/2005,TTN,NJ,AEA,EN,Federal Contract Tower,0,15,48,0,63,0,0,83,8,91,0,15,131,8,154,42,0,42,196
08/31/2005,TTN,NJ,AEA,EN,Federal Contract Tower,0,24,31,0,55,0,0,62,5,67,0,24,93,5,122,4,0,4,126
09/01/2005,TTN,NJ,AEA,EN,Federal Contract Tower,0,22,44,0,66,0,1,163,8,172,0,23,207,8,238,0,94,94,332
09/02/2005,TTN,NJ,AEA,EN,Federal Contract Tower,0,15,35,7,57,0,0,193,1,194,0,15,228,8,251,130,0,130,381
09/03/2005,TTN,NJ,AEA,EN,Federal Contract Tower,0,8,25,0,33,0,0,152,0,152,0,8,177,0,185,76,0,76,261
09/04/2005,TTN,NJ,AEA,EN,Federal Contract Tower,0,6,30,0,36,0,0,124,2,126,0,6,154,2,162,116,0,116,278
09/05/2005,TTN,NJ,AEA,EN,Federal Contract Tower,0,13,40,0,53,0,0,124,0,124,0,13,164,0,177,54,0,54,231
09/06/2005,TTN,NJ,AEA,EN,Federal Contract Tower,0,21,43,0,64,0,0,185,6,191,0,21,228,6,255,150,0,150,405
09/07/2005,TTN,NJ,AEA,EN,Federal Contract Tower,0,22,57,0,79,0,2,166,6,174,0,24,223,6,253,108,0,108,361
09/08/2005,TTN,NJ,AEA,EN,Federal Contract Tower,0,13,27,1,41,0,0,185,9,194,0,13,212,10,235,142,6,148,383
09/09/2005,TTN,NJ,AEA,EN,Federal Contract Tower,0,22,57,3,82,0,0,179,16,195,0,22,236,19,277,208,0,208,485
09/10/2005,TTN,NJ,AEA,EN,Federal Contract Tower,0,11,35,0,46,0,0,166,3,169,0,11,201,3,215,76,0,76,291
09/11/2005,TTN,NJ,AEA,EN,Federal Contract Tower,0,14,45,1,60,0,0,143,2,145,0,14,188,3,205,116,0,116,321
09/12/2005,TTN,NJ,AEA,EN,Federal Contract Tower,0,19,55,0,74,0,0,205,3,208,0,19,260,3,282,124,0,124,406
09/13/2005,TTN,NJ,AEA,EN,Federal Contract Tower,0,23,40,0,63,0,0,159,18,177,0,23,199,18,240,72,0,72,312
09/14/2005,TTN,NJ,AEA,EN,Federal Contract Tower,0,20,54,0,74,0,1,17,0,18,0,21,71,0,92,18,0,18,110
09/15/2005,TTN,NJ,AEA,EN,Federal Contract Tower,0,20,47,0,67,0,0,39,10,49,0,20,86,10,116,64,2,66,182
09/16/2005,TTN,NJ,AEA,EN,Federal Contract Tower,0,18,43,4,65,0,0,71,8,79,0,18,114,12,144,44,0,44,188
09/17/2005,TTN,NJ,AEA,EN,Federal Contract Tower,0,9,34,4,47,0,0,40,13,53,0,9,74,17,100,26,0,26,126
09/18/2005,TTN,NJ,AEA,EN,Federal Contract Tower,0,18,40,0,58,0,2,200,16,218,0,20,240,16,276,110,0,110,386
09/19/2005,TTN,NJ,AEA,EN,Federal Contract Tower,0,20,39,0,59,0,0,159,2,161,0,20,198,2,220,98,0,98,318
09/20/2005,TTN,NJ,AEA,EN,Federal Contract Tower,0,22,49,0,71,0,4,110,10,124,0,26,159,10,195,70,0,70,265
09/21/2005,TTN,NJ,AEA,EN,Federal Contract Tower,0,17,58,0,75,0,0,207,17,224,0,17,265,17,299,116,0,116,415
09/22/2005,TTN,NJ,AEA,EN,Federal Contract Tower,0,42,46,1,89,0,0,194,8,202,0,42,240,9,291,106,2,108,399
09/23/2005,TTN,NJ,AEA,EN,Federal Contract Tower,0,25,39,0,64,0,0,154,7,161,0,25,193,7,225,68,0,68,293
09/24/2005,TTN,NJ,AEA,EN,Federal Contract Tower,0,8,26,1,35,0,0,149,5,154,0,8,175,6,189,132,0,132,321
09/25/2005,TTN,NJ,AEA,EN,Federal Contract Tower,0,9,49,0,58,0,1,154,5,160,0,10,203,5,218,168,0,168,386
09/26/2005,TTN,NJ,AEA,EN,Federal Contract Tower,0,23,37,0,60,0,3,68,0,71,0,26,105,0,131,58,0,58,189
09/27/2005,TTN,NJ,AEA,EN,Federal Contract Tower,0,16,60,0,76,0,0,158,8,166,0,16,218,8,242,144,0,144,386
09/28/2005,TTN,NJ,AEA,EN,Federal Contract Tower,0,19,42,2,63,0,1,198,7,206,0,20,240,9,269,152,0,152,421
09/29/2005,TTN,NJ,AEA,EN,Federal Contract Tower,0,16,47,0,63,0,0,83,6,89,0,16,130,6,152,12,0,12,164
09/30/2005,TTN,NJ,AEA,EN,Federal Contract Tower,0,25,43,2,70,0,0,212,10,222,0,25,255,12,292,124,0,124,416
10/01/2005,TTN,NJ,AEA,EN,Federal Contract Tower,0,2,15,0,17,0,0,135,17,152,0,2,150,17,169,128,0,128,297
10/02/2005,TTN,NJ,AEA,EN,Federal Contract Tower,0,13,36,0,49,0,0,197,2,199,0,13,233,2,248,126,0,126,374
10/03/2005,TTN,NJ,AEA,EN,Federal Contract Tower,0,22,57,2,81,0,0,143,0,143,0,22,200,2,224,100,0,100,324
10/04/2005,TTN,NJ,AEA,EN,Federal Contract Tower,0,28,63,0,91,0,0,40,8,48,0,28,103,8,139,12,0,12,151
10/05/2005,TTN,NJ,AEA,EN,Federal Contract Tower,0,33,61,0,94,0,0,90,12,102,0,33,151,12,196,70,0,70,266
10/06/2005,TTN,NJ,AEA,EN,Federal Contract Tower,0,29,89,1,119,0,0,49,7,56,0,29,138,8,175,28,0,28,203
10/07/2005,TTN,NJ,AEA,EN,Federal Contract Tower,0,24,72,1,97,0,0,11,0,11,0,24,83,1,108,18,0,18,126
10/08/2005,TTN,NJ,AEA,EN,Federal Contract Tower,0,12,18,0,30,0,0,0,0,0,0,12,18,0,30,0,0,0,30
10/09/2005,TTN,NJ,AEA,EN,Federal Contract Tower,0,12,82,0,94,0,0,10,0,10,0,12,92,0,104,0,0,0,104
10/10/2005,TTN,NJ,AEA,EN,Federal Contract Tower,0,21,43,0,64,0,0,29,0,29,0,21,72,0,93,10,0,10,103
10/11/2005,TTN,NJ,AEA,EN,Federal Contract Tower,0,15,43,0,58,0,0,36,0,36,0,15,79,0,94,12,0,12,106
10/12/2005,TTN,NJ,AEA,EN,Federal Contract Tower,0,24,44,2,70,0,0,10,0,10,0,24,54,2,80,6,0,6,86
10/13/2005,TTN,NJ,AEA,EN,Federal Contract Tower,0,35,49,0,84,0,0,0,0,0,0,35,49,0,84,0,0,0,84
10/14/2005,TTN,NJ,AEA,EN,Federal Contract Tower,0,29,56,0,85,0,0,3,0,3,0,29,59,0,88,4,0,4,92
10/15/2005,TTN,NJ,AEA,EN,Federal Contract Tower,0,12,9,0,21,0,0,130,0,130,0,12,139,0,151,162,0,162,313
10/16/2005,TTN,NJ,AEA,EN,Federal Contract Tower,0,23,31,0,54,0,0,44,0,44,0,23,75,0,98,48,0,48,146
10/17/2005,TTN,NJ,AEA,EN,Federal Contract Tower,0,18,43,1,62,0,0,154,6,160,0,18,197,7,222,104,0,104,326
10/18/2005,TTN,NJ,AEA,EN,Federal Contract Tower,0,15,35,0,50,0,3,157,29,189,0,18,192,29,239,148,0,148,387
10/19/2005,TTN,NJ,AEA,EN,Federal Contract Tower,0,27,44,0,71,0,1,174,22,197,0,28,218,22,268,92,0,92,360
10/20/2005,TTN,NJ,AEA,EN,Federal Contract Tower,0,26,54,0,80,0,5,247,11,263,0,31,301,11,343,130,0,130,473
10/21/2005,TTN,NJ,AEA,EN,Federal Contract Tower,0,22,54,2,78,0,0,59,5,64,0,22,113,7,142,20,0,20,162
10/22/2005,TTN,NJ,AEA,EN,Federal Contract Tower,0,4,40,0,44,0,0,0,0,0,0,4,40,0,44,0,0,0,44
10/23/2005,TTN,NJ,AEA,EN,Federal Contract Tower,0,7,30,0,37,0,0,152,5,157,0,7,182,5,194,116,0,116,310
10/24/2005,TTN,NJ,AEA,EN,Federal Contract Tower,0,27,32,2,61,0,14,155,1,170,0,41,187,3,231,100,0,100,331
10/25/2005,TTN,NJ,AEA,EN,Federal Contract Tower,0,17,23,0,40,0,0,0,0,0,0,17,23,0,40,0,0,0,40
10/26/2005,TTN,NJ,AEA,EN,Federal Contract Tower,0,26,61,0,87,0,1,147,14,162,0,27,208,14,249,34,0,34,283
10/27/2005,TTN,NJ,AEA,EN,Federal Contract Tower,0,26,49,4,79,0,0,235,17,252,0,26,284,21,331,136,0,136,467
10/28/2005,TTN,NJ,AEA,EN,Federal Contract Tower,0,25,24,1,50,0,0,175,7,182,0,25,199,8,232,106,0,106,338
10/29/2005,TTN,NJ,AEA,EN,Federal Contract Tower,0,14,37,0,51,0,0,178,0,178,0,14,215,0,229,172,0,172,401
10/30/2005,TTN,NJ,AEA,EN,Federal Contract Tower,0,9,36,0,45,0,0,187,0,187,0,9,223,0,232,200,0,200,432
10/31/2005,TTN,NJ,AEA,EN,Federal Contract Tower,0,22,36,1,59,0,2,148,6,156,0,24,184,7,215,86,0,86,301
11/01/2005,TTN,NJ,AEA,EN,Federal Contract Tower,0,21,41,0,62,0,1,152,16,169,0,22,193,16,231,130,0,130,361
11/02/2005,TTN,NJ,AEA,EN,Federal Contract Tower,0,28,30,2,60,0,3,149,22,174,0,31,179,24,234,58,0,58,292
11/03/2005,TTN,NJ,AEA,EN,Federal Contract Tower,0,23,40,0,63,0,2,158,10,170,0,25,198,10,233,28,0,28,261
11/04/2005,TTN,NJ,AEA,EN,Federal Contract Tower,0,18,42,1,61,0,0,216,6,222,0,18,258,7,283,64,0,64,347
11/05/2005,TTN,NJ,AEA,EN,Federal Contract Tower,0,18,37,0,55,0,0,229,0,229,0,18,266,0,284,124,0,124,408
11/06/2005,TTN,NJ,AEA,EN,Federal Contract Tower,0,15,39,0,54,0,0,69,0,69,0,15,108,0,123,64,0,64,187
11/07/2005,TTN,NJ,AEA,EN,Federal Contract Tower,0,28,34,0,62,0,0,169,1,170,0,28,203,1,232,84,0,84,316
11/08/2005,TTN,NJ,AEA,EN,Federal Contract Tower,0,19,56,0,75,0,0,181,16,197,0,19,237,16,272,146,0,146,418
11/09/2005,TTN,NJ,AEA,EN,Federal Contract Tower,0,14,41,2,57,0,1,118,24,143,0,15,159,26,200,70,0,70,270
11/10/2005,TTN,NJ,AEA,EN,Federal Contract Tower,2,19,57,0,78,0,0,86,2,88,2,19,143,2,166,12,0,12,178
11/11/2005,TTN,NJ,AEA,EN,Federal Contract Tower,0,21,39,0,60,0,0,156,0,156,0,21,195,0,216,52,0,52,268
11/12/2005,TTN,NJ,AEA,EN,Federal Contract Tower,0,13,34,0,47,0,3,173,0,176,0,16,207,0,223,92,0,92,315
11/13/2005,TTN,NJ,AEA,EN,Federal Contract Tower,2,9,52,0,63,0,0,174,0,174,2,9,226,0,237,106,0,106,343
11/14/2005,TTN,NJ,AEA,EN,Federal Contract Tower,0,23,47,1,71,0,0,190,4,194,0,23,237,5,265,128,0,128,393
11/15/2005,TTN,NJ,AEA,EN,Federal Contract Tower,0,16,44,0,60,0,1,105,13,119,0,17,149,13,179,68,0,68,247
11/16/2005,TTN,NJ,AEA,EN,Federal Contract Tower,0,27,34,0,61,0,0,43,3,46,0,27,77,3,107,14,0,14,121
11/17/2005,TTN,NJ,AEA,EN,Federal Contract Tower,0,15,68,0,83,0,0,181,10,191,0,15,249,10,274,112,0,112,386
11/18/2005,TTN,NJ,AEA,EN,Federal Contract Tower,0,25,62,1,88,0,0,175,4,179,0,25,237,5,267,80,0,80,347
11/19/2005,TTN,NJ,AEA,EN,Federal Contract Tower,0,2,30,0,32,0,2,205,0,207,0,4,235,0,239,122,0,122,361
11/20/2005,TTN,NJ,AEA,EN,Federal Contract Tower,0,9,57,0,66,0,2,166,7,175,0,11,223,7,241,134,0,134,375
11/21/2005,TTN,NJ,AEA,EN,Federal Contract Tower,0,26,54,0,80,0,0,119,8,127,0,26,173,8,207,66,0,66,273
11/22/2005,TTN,NJ,AEA,EN,Federal Contract Tower,0,19,44,0,63,0,0,30,5,35,0,19,74,5,98,6,0,6,104
11/23/2005,TTN,NJ,AEA,EN,Federal Contract Tower,0,22,40,1,63,0,1,98,12,111,0,23,138,13,174,32,8,40,214
11/24/2005,TTN,NJ,AEA,EN,Federal Contract Tower,0,7,2,0,9,0,0,5,0,5,0,7,7,0,14,0,0,0,14
11/25/2005,TTN,NJ,AEA,EN,Federal Contract Tower,0,9,30,0,39,0,1,79,8,88,0,10,109,8,127,60,0,60,187
11/26/2005,TTN,NJ,AEA,EN,Federal Contract Tower,0,9,30,0,39,0,1,79,8,88,0,10,109,8,127,60,0,60,187
11/27/2005,TTN,NJ,AEA,EN,Federal Contract Tower,0,18,56,0,74,0,1,174,1,176,0,19,230,1,250,132,0,132,382
11/28/2005,TTN,NJ,AEA,EN,Federal Contract Tower,0,20,58,0,78,0,0,112,0,112,0,20,170,0,190,50,0,50,240
11/29/2005,TTN,NJ,AEA,EN,Federal Contract Tower,0,29,47,2,78,0,0,86,3,89,0,29,133,5,167,44,0,44,211
11/30/2005,TTN,NJ,AEA,EN,Federal Contract Tower,0,27,39,0,66,0,1,168,11,180,0,28,207,11,246,104,12,116,362
12/01/2005,TTN,NJ,AEA,EN,Federal Contract Tower,0,26,54,2,82,0,0,171,12,183,0,26,225,14,265,120,0,120,385
12/02/2005,TTN,NJ,AEA,EN,Federal Contract Tower,0,17,43,0,60,0,0,89,4,93,0,17,132,4,153,52,0,52,205
12/03/2005,TTN,NJ,AEA,EN,Federal Contract Tower,0,6,24,0,30,0,0,150,4,154,0,6,174,4,184,64,0,64,248
12/04/2005,TTN,NJ,AEA,EN,Federal Contract Tower,0,6,27,0,33,0,0,10,1,11,0,6,37,1,44,0,0,0,44
12/05/2005,TTN,NJ,AEA,EN,Federal Contract Tower,0,12,46,2,60,0,0,79,0,79,0,12,125,2,139,58,0,58,197
12/06/2005,TTN,NJ,AEA,EN,Federal Contract Tower,0,14,27,0,41,0,0,94,4,98,0,14,121,4,139,66,2,68,207
12/07/2005,TTN,NJ,AEA,EN,Federal Contract Tower,0,18,34,0,52,0,1,95,19,115,0,19,129,19,167,34,0,34,201
12/08/2005,TTN,NJ,AEA,EN,Federal Contract Tower,0,22,54,2,78,0,0,128,15,143,0,22,182,17,221,186,6,192,413
12/09/2005,TTN,NJ,AEA,EN,Federal Contract Tower,0,10,28,1,39,0,0,27,0,27,0,10,55,1,66,14,0,14,80
12/10/2005,TTN,NJ,AEA,EN,Federal Contract Tower,0,6,8,1,15,0,0,145,1,146,0,6,153,2,161,124,0,124,285
12/11/2005,TTN,NJ,AEA,EN,Federal Contract Tower,0,13,43,0,56,0,0,117,2,119,0,13,160,2,175,150,0,150,325
12/12/2005,TTN,NJ,AEA,EN,Federal Contract Tower,0,23,44,2,69,0,0,114,7,121,0,23,158,9,190,56,0,56,246
12/13/2005,TTN,NJ,AEA,EN,Federal Contract Tower,0,28,69,0,97,0,0,157,5,162,0,28,226,5,259,102,0,102,361
12/14/2005,TTN,NJ,AEA,EN,Federal Contract Tower,0,11,48,5,64,0,0,133,12,145,0,11,181,17,209,66,6,72,281
12/15/2005,TTN,NJ,AEA,EN,Federal Contract Tower,1,25,47,0,73,0,0,64,6,70,1,25,111,6,143,78,0,78,221
12/16/2005,TTN,NJ,AEA,EN,Federal Contract Tower,0,13,36,0,49,0,0,89,5,94,0,13,125,5,143,50,0,50,193
12/17/2005,TTN,NJ,AEA,EN,Federal Contract Tower,0,3,21,0,24,0,0,124,0,124,0,3,145,0,148,52,0,52,200
12/18/2005,TTN,NJ,AEA,EN,Federal Contract Tower,0,17,41,0,58,0,1,145,0,146,0,18,186,0,204,162,0,162,366
12/19/2005,TTN,NJ,AEA,EN,Federal Contract Tower,0,21,40,0,61,0,0,124,1,125,0,21,164,1,186,86,0,86,272
12/20/2005,TTN,NJ,AEA,EN,Federal Contract Tower,0,21,23,0,44,0,0,81,7,88,0,21,104,7,132,66,8,74,206
12/21/2005,TTN,NJ,AEA,EN,Federal Contract Tower,0,23,45,0,68,0,0,151,24,175,0,23,196,24,243,102,0,102,345
12/22/2005,TTN,NJ,AEA,EN,Federal Contract Tower,0,18,23,2,43,0,0,123,22,145,0,18,146,24,188,96,0,96,284
12/23/2005,TTN,NJ,AEA,EN,Federal Contract Tower,0,18,22,0,40,0,0,132,0,132,0,18,154,0,172,32,0,32,204
12/24/2005,TTN,NJ,AEA,EN,Federal Contract Tower,0,3,3,0,6,0,0,71,0,71,0,3,74,0,77,26,0,26,103
12/25/2005,TTN,NJ,AEA,EN,Federal Contract Tower,0,6,4,0,10,0,0,4,0,4,0,6,8,0,14,0,0,0,14
12/26/2005,TTN,NJ,AEA,EN,Federal Contract Tower,0,11,22,0,33,0,0,29,0,29,0,11,51,0,62,16,0,16,78
12/27/2005,TTN,NJ,AEA,EN,Federal Contract Tower,0,11,20,0,31,0,2,117,4,123,0,13,137,4,154,132,0,132,286
12/28/2005,TTN,NJ,AEA,EN,Federal Contract Tower,0,13,31,2,46,0,0,135,5,140,0,13,166,7,186,134,0,134,320
12/29/2005,TTN,NJ,AEA,EN,Federal Contract Tower,1,4,6,0,11,0,4,1,0,5,1,8,7,0,16,0,0,0,16
12/30/2005,TTN,NJ,AEA,EN,Federal Contract Tower,1,10,17,2,30,0,2,77,2,81,1,12,94,4,111,70,0,70,181
12/31/2005,TTN,NJ,AEA,EN,Federal Contract Tower,0,2,11,0,13,0,2,51,0,53,0,4,62,0,66,30,0,30,96
01/01/2006,TTN,NJ,AEA,EN,Federal Contract Tower,0,3,23,0,26,0,0,32,0,32,0,3,55,0,58,2,0,2,60
01/02/2006,TTN,NJ,AEA,EN,Federal Contract Tower,0,8,35,0,43,0,0,80,0,80,0,8,115,0,123,60,0,60,183
01/03/2006,TTN,NJ,AEA,EN,Federal Contract Tower,0,22,22,0,44,0,0,4,0,4,0,22,26,0,48,0,0,0,48
01/04/2006,TTN,NJ,AEA,EN,Federal Contract Tower,0,12,53,2,67,0,1,117,14,132,0,13,170,16,199,130,0,130,329
01/05/2006,TTN,NJ,AEA,EN,Federal Contract Tower,0,16,29,0,45,0,0,77,13,90,0,16,106,13,135,56,0,56,191
01/06/2006,TTN,NJ,AEA,EN,Federal Contract Tower,0,15,34,0,49,0,0,142,5,147,0,15,176,5,196,104,0,104,300
01/07/2006,TTN,NJ,AEA,EN,Federal Contract Tower,0,7,15,1,23,0,0,102,0,102,0,7,117,1,125,72,0,72,197
01/08/2006,TTN,NJ,AEA,EN,Federal Contract Tower,0,6,30,1,37,0,0,128,0,128,0,6,158,1,165,144,0,144,309
01/09/2006,TTN,NJ,AEA,EN,Federal Contract Tower,0,24,29,6,59,0,0,147,4,151,0,24,176,10,210,150,0,150,360
01/10/2006,TTN,NJ,AEA,EN,Federal Contract Tower,0,20,34,0,54,0,6,190,13,209,0,26,224,13,263,170,2,172,435
01/11/2006,TTN,NJ,AEA,EN,Federal Contract Tower,0,10,52,2,64,0,0,16,0,16,0,10,68,2,80,10,0,10,90
01/12/2006,TTN,NJ,AEA,EN,Federal Contract Tower,0,21,55,4,80,0,0,187,21,208,0,21,242,25,288,106,2,108,396
01/13/2006,TTN,NJ,AEA,EN,Federal Contract Tower,0,2,15,0,17,0,0,0,0,0,0,2,15,0,17,0,0,0,17
01/14/2006,TTN,NJ,AEA,EN,Federal Contract Tower,0,7,24,0,31,0,0,0,0,0,0,7,24,0,31,0,0,0,31
01/15/2006,TTN,NJ,AEA,EN,Federal Contract Tower,0,5,11,0,16,0,1,3,0,4,0,6,14,0,20,0,0,0,20
01/16/2006,TTN,NJ,AEA,EN,Federal Contract Tower,0,18,37,0,55,0,0,121,0,121,0,18,158,0,176,170,0,170,346
01/17/2006,TTN,NJ,AEA,EN,Federal Contract Tower,0,18,28,0,46,0,0,93,6,99,0,18,121,6,145,32,0,32,177
01/18/2006,TTN,NJ,AEA,EN,Federal Contract Tower,0,19,30,2,51,0,0,23,0,23,0,19,53,2,74,4,0,4,78
01/19/2006,TTN,NJ,AEA,EN,Federal Contract Tower,0,26,61,0,87,0,0,187,9,196,0,26,248,9,283,70,0,70,353
01/20/2006,TTN,NJ,AEA,EN,Federal Contract Tower,0,18,49,0,67,0,0,191,2,193,0,18,240,2,260,102,0,102,362
01/21/2006,TTN,NJ,AEA,EN,Federal Contract Tower,0,12,15,0,27,0,0,93,0,93,0,12,108,0,120,142,0,142,262
01/22/2006,TTN,NJ,AEA,EN,Federal Contract Tower,0,3,48,0,51,0,1,188,0,189,0,4,236,0,240,170,0,170,410
01/23/2006,TTN,NJ,AEA,EN,Federal Contract Tower,0,10,34,0,44,0,0,0,0,0,0,10,34,0,44,0,0,0,44
01/24/2006,TTN,NJ,AEA,EN,Federal Contract Tower,0,16,60,8,84,0,0,199,12,211,0,16,259,20,295,128,0,128,423
01/25/2006,TTN,NJ,AEA,EN,Federal Contract Tower,0,16,37,3,56,0,0,86,10,96,0,16,123,13,152,24,0,24,176
01/26/2006,TTN,NJ,AEA,EN,Federal Contract Tower,0,13,50,0,63,0,0,70,20,90,0,13,120,20,153,30,0,30,183
01/27/2006,TTN,NJ,AEA,EN,Federal Contract Tower,0,15,40,0,55,0,0,235,2,237,0,15,275,2,292,118,0,118,410
01/28/2006,TTN,NJ,AEA,EN,Federal Contract Tower,0,7,25,0,32,0,0,217,15,232,0,7,242,15,264,152,0,152,416
01/29/2006,TTN,NJ,AEA,EN,Federal Contract Tower,0,9,12,0,21,0,0,82,0,82,0,9,94,0,103,59,0,59,162
01/30/2006,TTN,NJ,AEA,EN,Federal Contract Tower,0,9,48,0,57,0,0,84,0,84,0,9,132,0,141,114,0,114,255
01/31/2006,TTN,NJ,AEA,EN,Federal Contract Tower,0,20,22,2,44,0,0,23,9,32,0,20,45,11,76,26,0,26,102
02/01/2006,TTN,NJ,AEA,EN,Federal Contract Tower,0,11,42,1,54,0,1,151,23,175,0,12,193,24,229,84,0,84,313
02/02/2006,TTN,NJ,AEA,EN,Federal Contract Tower,0,27,43,0,70,0,0,177,22,199,0,27,220,22,269,80,2,82,351
02/03/2006,TTN,NJ,AEA,EN,Federal Contract Tower,0,14,36,0,50,0,2,82,1,85,0,16,118,1,135,46,0,46,181
02/04/2006,TTN,NJ,AEA,EN,Federal Contract Tower,0,5,34,0,39,0,0,53,0,53,0,5,87,0,92,60,0,60,152
02/05/2006,TTN,NJ,AEA,EN,Federal Contract Tower,0,11,13,0,24,0,0,70,2,72,0,11,83,2,96,72,0,72,168
02/06/2006,TTN,NJ,AEA,EN,Federal Contract Tower,0,26,41,2,69,0,0,98,3,101,0,26,139,5,170,28,0,28,198
02/07/2006,TTN,NJ,AEA,EN,Federal Contract Tower,0,22,39,1,62,0,1,145,29,175,0,23,184,30,237,144,0,144,381
02/08/2006,TTN,NJ,AEA,EN,Federal Contract Tower,0,19,34,0,53,0,0,162,17,179,0,19,196,17,232,118,0,118,350
02/09/2006,TTN,NJ,AEA,EN,Federal Contract Tower,0,17,34,3,54,0,0,159,16,175,0,17,193,19,229,94,2,96,325
02/10/2006,TTN,NJ,AEA,EN,Federal Contract Tower,0,15,35,0,50,0,0,178,8,186,0,15,213,8,236,120,0,120,356
02/11/2006,TTN,NJ,AEA,EN,Federal Contract Tower,0,3,8,0,11,0,2,34,9,45,0,5,42,9,56,0,76,76,132
02/12/2006,TTN,NJ,AEA,EN,Federal Contract Tower,0,0,0,0,0,0,0,0,0,0,0,0,0,0,0,0,0,0,0
02/13/2006,TTN,NJ,AEA,EN,Federal Contract Tower,0,20,36,0,56,0,0,82,1,83,0,20,118,1,139,28,0,28,167
02/14/2006,TTN,NJ,AEA,EN,Federal Contract Tower,0,13,43,1,57,0,0,113,2,115,0,13,156,3,172,52,0,52,224
02/15/2006,TTN,NJ,AEA,EN,Federal Contract Tower,0,21,45,3,69,0,0,121,16,137,0,21,166,19,206,74,4,78,284
02/16/2006,TTN,NJ,AEA,EN,Federal Contract Tower,0,23,54,0,77,0,0,182,20,202,0,23,236,20,279,92,0,92,371
02/17/2006,TTN,NJ,AEA,EN,Federal Contract Tower,0,17,34,0,51,0,2,40,0,42,0,19,74,0,93,0,0,0,93
02/18/2006,TTN,NJ,AEA,EN,Federal Contract Tower,0,2,28,0,30,0,0,46,0,46,0,2,74,0,76,42,0,42,118
02/19/2006,TTN,NJ,AEA,EN,Federal Contract Tower,0,8,25,0,33,0,1,103,0,104,0,9,128,0,137,156,0,156,293
02/20/2006,TTN,NJ,AEA,EN,Federal Contract Tower,0,16,33,0,49,0,0,96,0,96,0,16,129,0,145,44,0,44,189
02/21/2006,TTN,NJ,AEA,EN,Federal Contract Tower,0,18,35,1,54,0,0,98,32,130,0,18,133,33,184,64,0,64,248
02/22/2006,TTN,NJ,AEA,EN,Federal Contract Tower,0,31,40,2,73,0,0,110,23,133,0,31,150,25,206,24,4,28,234
02/23/2006,TTN,NJ,AEA,EN,Federal Contract Tower,0,14,28,0,42,0,0,72,17,89,0,14,100,17,131,96,12,108,239
02/24/2006,TTN,NJ,AEA,EN,Federal Contract Tower,0,17,36,0,53,0,0,58,0,58,0,17,94,0,111,14,0,14,125
02/25/2006,TTN,NJ,AEA,EN,Federal Contract Tower,0,14,27,0,41,0,2,97,0,99,0,16,124,0,140,50,0,50,190
02/26/2006,TTN,NJ,AEA,EN,Federal Contract Tower,0,7,33,0,40,0,0,57,1,58,0,7,90,1,98,106,0,106,204
02/27/2006,TTN,NJ,AEA,EN,Federal Contract Tower,0,25,33,0,58,0,1,119,2,122,0,26,152,2,180,22,0,22,202
02/28/2006,TTN,NJ,AEA,EN,Federal Contract Tower,0,24,33,0,57,0,0,160,10,170,0,24,193,10,227,100,0,100,327
03/01/2006,TTN,NJ,AEA,EN,Federal Contract Tower,0,18,42,2,62,0,1,197,29,227,0,19,239,31,289,36,0,36,325
03/02/2006,TTN,NJ,AEA,EN,Federal Contract Tower,0,10,22,0,32,0,0,2,0,2,0,10,24,0,34,0,0,0,34
03/03/2006,TTN,NJ,AEA,EN,Federal Contract Tower,0,28,45,0,73,0,2,84,6,92,0,30,129,6,165,14,2,16,181
03/04/2006,TTN,NJ,AEA,EN,Federal Contract Tower,0,15,14,0,29,0,0,61,0,61,0,15,75,0,90,70,0,70,160
03/05/2006,TTN,NJ,AEA,EN,Federal Contract Tower,0,7,36,0,43,0,0,114,0,114,0,7,150,0,157,124,0,124,281
03/06/2006,TTN,NJ,AEA,EN,Federal Contract Tower,0,18,55,0,73,0,0,99,6,105,0,18,154,6,178,92,0,92,270
03/07/2006,TTN,NJ,AEA,EN,Federal Contract Tower,0,17,55,1,73,0,3,141,38,182,0,20,196,39,255,98,0,98,353
03/08/2006,TTN,NJ,AEA,EN,Federal Contract Tower,0,33,57,1,91,0,3,183,22,208,0,36,240,23,299,78,0,78,377
03/09/2006,TTN,NJ,AEA,EN,Federal Contract Tower,0,20,41,0,61,0,0,121,12,133,0,20,162,12,194,58,0,58,252
03/10/2006,TTN,NJ,AEA,EN,Federal Contract Tower,0,20,38,0,58,0,0,65,0,65,0,20,103,0,123,0,0,0,123
03/11/2006,TTN,NJ,AEA,EN,Federal Contract Tower,0,10,31,0,41,0,0,174,22,196,0,10,205,22,237,192,0,192,429
03/12/2006,TTN,NJ,AEA,EN,Federal Contract Tower,0,7,39,0,46,0,0,0,0,0,0,7,39,0,46,0,0,0,46
03/13/2006,TTN,NJ,AEA,EN,Federal Contract Tower,0,18,24,0,42,0,0,111,2,113,0,18,135,2,155,98,0,98,253
03/14/2006,TTN,NJ,AEA,EN,Federal Contract Tower,0,18,30,0,48,0,0,60,8,68,0,18,90,8,116,4,0,4,120
03/15/2006,TTN,NJ,AEA,EN,Federal Contract Tower,0,19,44,4,67,0,0,59,8,67,0,19,103,12,134,0,0,0,134
03/16/2006,TTN,NJ,AEA,EN,Federal Contract Tower,0,26,42,2,70,0,0,162,18,180,0,26,204,20,250,72,0,72,322
03/17/2006,TTN,NJ,AEA,EN,Federal Contract Tower,0,15,44,0,59,0,0,149,0,149,0,15,193,0,208,76,0,76,284
03/18/2006,TTN,NJ,AEA,EN,Federal Contract Tower,0,4,22,0,26,0,0,99,0,99,0,4,121,0,125,114,0,114,239
03/19/2006,TTN,NJ,AEA,EN,Federal Contract Tower,0,8,39,0,47,0,0,166,0,166,0,8,205,0,213,90,0,90,303
03/20/2006,TTN,NJ,AEA,EN,Federal Contract Tower,0,16,43,0,59,0,0,141,12,153,0,16,184,12,212,98,0,98,310
03/21/2006,TTN,NJ,AEA,EN,Federal Contract Tower,0,18,34,0,52,0,0,205,14,219,0,18,239,14,271,64,0,64,335
03/22/2006,TTN,NJ,AEA,EN,Federal Contract Tower,0,16,45,0,61,0,0,106,17,123,0,16,151,17,184,50,0,50,234
03/23/2006,TTN,NJ,AEA,EN,Federal Contract Tower,0,20,1,0,21,0,0,213,17,230,0,20,214,17,251,128,0,128,379
03/24/2006,TTN,NJ,AEA,EN,Federal Contract Tower,0,14,39,0,53,0,0,186,11,197,0,14,225,11,250,66,0,66,316
03/25/2006,TTN,NJ,AEA,EN,Federal Contract Tower,0,5,25,0,30,0,1,74,0,75,0,6,99,0,105,66,0,66,171
03/26/2006,TTN,NJ,AEA,EN,Federal Contract Tower,0,12,36,0,48,0,0,115,0,115,0,12,151,0,163,142,0,142,305
03/27/2006,TTN,NJ,AEA,EN,Federal Contract Tower,1,24,58,0,83,0,3,160,0,163,1,27,218,0,246,136,0,136,382
03/28/2006,TTN,NJ,AEA,EN,Federal Contract Tower,0,15,50,1,66,0,2,188,27,217,0,17,238,28,283,132,2,134,417
03/29/2006,TTN,NJ,AEA,EN,Federal Contract Tower,0,20,47,0,67,0,1,177,18,196,0,21,224,18,263,126,0,126,389
03/30/2006,TTN,NJ,AEA,EN,Federal Contract Tower,0,24,44,0,68,0,0,202,5,207,0,24,246,5,275,146,0,146,421
03/31/2006,TTN,NJ,AEA,EN,Federal Contract Tower,0,17,48,0,65,0,0,197,3,200,0,17,245,3,265,106,0,106,371
04/01/2006,TTN,NJ,AEA,EN,Federal Contract Tower,0,5,15,0,20,0,0,73,16,89,0,5,88,16,109,22,0,22,131
04/02/2006,TTN,NJ,AEA,EN,Federal Contract Tower,0,5,34,0,39,0,0,157,2,159,0,5,191,2,198,0,74,74,272
04/03/2006,TTN,NJ,AEA,EN,Federal Contract Tower,0,18,37,0,55,0,0,90,4,94,0,18,127,4,149,60,0,60,209
04/04/2006,TTN,NJ,AEA,EN,Federal Contract Tower,0,15,34,0,49,0,0,86,0,86,0,15,120,0,135,18,0,18,153
04/05/2006,TTN,NJ,AEA,EN,Federal Contract Tower,0,16,41,1,58,0,1,67,18,86,0,17,108,19,144,6,0,6,150
04/06/2006,TTN,NJ,AEA,EN,Federal Contract Tower,0,23,48,2,73,0,2,150,12,164,0,25,198,14,237,0,92,92,329
04/07/2006,TTN,NJ,AEA,EN,Federal Contract Tower,0,16,51,1,68,0,0,67,2,69,0,16,118,3,137,30,0,30,167
04/08/2006,TTN,NJ,AEA,EN,Federal Contract Tower,0,12,42,0,54,0,0,15,0,15,0,12,57,0,69,0,0,0,69
04/09/2006,TTN,NJ,AEA,EN,Federal Contract Tower,0,17,36,0,53,0,0,167,7,174,0,17,203,7,227,176,0,176,403
04/10/2006,TTN,NJ,AEA,EN,Federal Contract Tower,0,15,43,0,58,0,0,220,11,231,0,15,263,11,289,140,0,140,429
04/11/2006,TTN,NJ,AEA,EN,Federal Contract Tower,0,13,37,0,50,0,0,241,20,261,0,13,278,20,311,116,0,116,427
04/12/2006,TTN,NJ,AEA,EN,Federal Contract Tower,0,27,39,2,68,0,0,137,13,150,0,27,176,15,218,42,2,44,262
04/13/2006,TTN,NJ,AEA,EN,Federal Contract Tower,0,20,52,2,74,0,2,122,20,144,0,22,174,22,218,96,0,96,314
04/14/2006,TTN,NJ,AEA,EN,Federal Contract Tower,0,15,38,1,54,0,0,101,3,104,0,15,139,4,158,64,0,64,222
04/15/2006,TTN,NJ,AEA,EN,Federal Contract Tower,0,12,31,0,43,0,0,148,0,148,0,12,179,0,191,188,0,188,379
04/16/2006,TTN,NJ,AEA,EN,Federal Contract Tower,0,14,22,0,36,0,1,94,0,95,0,15,116,0,131,70,0,70,201
04/17/2006,TTN,NJ,AEA,EN,Federal Contract Tower,0,19,60,1,80,0,1,206,7,214,0,20,266,8,294,160,0,160,454
04/18/2006,TTN,NJ,AEA,EN,Federal Contract Tower,0,23,51,5,79,0,0,195,20,215,0,23,246,25,294,76,0,76,370
04/19/2006,TTN,NJ,AEA,EN,Federal Contract Tower,0,25,44,1,70,0,0,151,25,176,0,25,195,26,246,90,0,90,336
04/20/2006,TTN,NJ,AEA,EN,Federal Contract Tower,0,21,55,2,78,0,0,183,21,204,0,21,238,23,282,128,4,132,414
04/21/2006,TTN,NJ,AEA,EN,Federal Contract Tower,0,21,62,0,83,0,0,146,17,163,0,21,208,17,246,106,0,106,352
04/22/2006,TTN,NJ,AEA,EN,Federal Contract Tower,0,5,24,0,29,0,0,1,0,1,0,5,25,0,30,0,0,0,30
04/23/2006,TTN,NJ,AEA,EN,Federal Contract Tower,0,10,27,0,37,0,0,63,0,63,0,10,90,0,100,66,0,66,166
04/24/2006,TTN,NJ,AEA,EN,Federal Contract Tower,0,15,41,0,56,0,0,68,0,68,0,15,109,0,124,22,0,22,146
04/25/2006,TTN,NJ,AEA,EN,Federal Contract Tower,0,21,33,3,57,0,0,176,27,203,0,21,209,30,260,96,0,96,356
04/26/2006,TTN,NJ,AEA,EN,Federal Contract Tower,0,11,46,2,59,0,0,189,28,217,0,11,235,30,276,92,2,94,370
04/27/2006,TTN,NJ,AEA,EN,Federal Contract Tower,0,18,33,2,53,0,2,178,20,200,0,20,211,22,253,74,0,74,327
04/28/2006,TTN,NJ,AEA,EN,Federal Contract Tower,0,21,59,1,81,0,5,195,4,204,0,26,254,5,285,72,2,74,359
04/29/2006,TTN,NJ,AEA,EN,Federal Contract Tower,0,8,27,0,35,0,0,119,4,123,0,8,146,4,158,124,0,124,282
04/30/2006,TTN,NJ,AEA,EN,Federal Contract Tower,0,7,29,1,37,0,0,145,4,149,0,7,174,5,186,178,0,178,364
05/01/2006,TTN,NJ,AEA,EN,Federal Contract Tower,0,13,44,2,59,0,0,176,8,184,0,13,220,10,243,88,0,88,331
05/02/2006,TTN,NJ,AEA,EN,Federal Contract Tower,3,20,34,0,57,0,0,150,17,167,3,20,184,17,224,120,0,120,344
05/03/2006,TTN,NJ,AEA,EN,Federal Contract Tower,0,20,41,3,64,0,1,202,15,218,0,21,243,18,282,88,0,88,370
05/04/2006,TTN,NJ,AEA,EN,Federal Contract Tower,0,17,41,1,59,0,0,157,13,170,0,17,198,14,229,80,2,82,311
05/05/2006,TTN,NJ,AEA,EN,Federal Contract Tower,0,10,25,0,35,0,0,128,7,135,0,10,153,7,170,54,0,54,224
05/06/2006,TTN,NJ,AEA,EN,Federal Contract Tower,0,14,18,0,32,0,0,216,21,237,0,14,234,21,269,156,0,156,425
05/07/2006,TTN,NJ,AEA,EN,Federal Contract Tower,0,13,50,0,63,0,2,154,5,161,0,15,204,5,224,220,0,220,444
05/08/2006,TTN,NJ,AEA,EN,Federal Contract Tower,0,14,32,0,46,0,1,98,0,99,0,15,130,0,145,84,0,84,229
05/09/2006,TTN,NJ,AEA,EN,Federal Contract Tower,0,16,33,0,49,0,0,93,8,101,0,16,126,8,150,68,0,68,218
05/10/2006,TTN,NJ,AEA,EN,Federal Contract Tower,0,16,60,0,76,0,0,134,18,152,0,16,194,18,228,48,0,48,276
05/11/2006,TTN,NJ,AEA,EN,Federal Contract Tower,2,20,83,0,105,0,0,65,7,72,2,20,148,7,177,8,0,8,185
05/12/2006,TTN,NJ,AEA,EN,Federal Contract Tower,0,25,56,0,81,0,0,100,8,108,0,25,156,8,189,56,8,64,253
05/13/2006,TTN,NJ,AEA,EN,Federal Contract Tower,0,10,29,0,39,0,0,82,4,86,0,10,111,4,125,66,0,66,191
05/14/2006,TTN,NJ,AEA,EN,Federal Contract Tower,0,13,33,0,46,0,0,50,0,50,0,13,83,0,96,66,0,66,162
05/15/2006,TTN,NJ,AEA,EN,Federal Contract Tower,0,16,53,0,69,0,1,36,0,37,0,17,89,0,106,12,0,12,118
05/16/2006,TTN,NJ,AEA,EN,Federal Contract Tower,0,22,50,2,74,0,2,69,18,89,0,24,119,20,163,30,6,36,199
05/17/2006,TTN,NJ,AEA,EN,Federal Contract Tower,0,22,45,3,70,0,1,158,13,172,0,23,203,16,242,128,0,128,370
05/18/2006,TTN,NJ,AEA,EN,Federal Contract Tower,0,17,43,1,61,0,0,145,11,156,0,17,188,12,217,36,0,36,253
05/19/2006,TTN,NJ,AEA,EN,Federal Contract Tower,0,19,60,0,79,0,2,105,2,109,0,21,165,2,188,32,0,32,220
05/20/2006,TTN,NJ,AEA,EN,Federal Contract Tower,0,5,19,0,24,0,0,144,17,161,0,5,163,17,185,74,0,74,259
05/21/2006,TTN,NJ,AEA,EN,Federal Contract Tower,0,7,19,1,27,0,4,132,6,142,0,11,151,7,169,62,0,62,231
05/22/2006,TTN,NJ,AEA,EN,Federal Contract Tower,0,25,42,0,67,0,2,137,4,143,0,27,179,4,210,30,0,30,240
05/23/2006,TTN,NJ,AEA,EN,Federal Contract Tower,0,30,51,2,83,0,0,163,31,194,0,30,214,33,277,100,0,100,377
05/24/2006,TTN,NJ,AEA,EN,Federal Contract Tower,0,22,75,3,100,0,0,103,19,122,0,22,178,22,222,58,0,58,280
05/25/2006,TTN,NJ,AEA,EN,Federal Contract Tower,0,17,50,0,67,0,0,191,11,202,0,17,241,11,269,82,0,82,351
05/26/2006,TTN,NJ,AEA,EN,Federal Contract Tower,0,17,50,1,68,0,0,60,0,60,0,17,110,1,128,32,0,32,160
05/27/2006,TTN,NJ,AEA,EN,Federal Contract Tower,0,13,29,0,42,0,0,99,0,99,0,13,128,0,141,80,0,80,221
05/28/2006,TTN,NJ,AEA,EN,Federal Contract Tower,0,7,30,0,37,0,0,154,0,154,0,7,184,0,191,88,0,88,279
05/29/2006,TTN,NJ,AEA,EN,Federal Contract Tower,0,11,20,0,31,0,0,109,6,115,0,11,129,6,146,46,0,46,192
05/30/2006,TTN,NJ,AEA,EN,Federal Contract Tower,0,15,46,2,63,0,0,163,13,176,0,15,209,15,239,60,0,60,299
05/31/2006,TTN,NJ,AEA,EN,Federal Contract Tower,0,20,53,1,74,0,0,148,21,169,0,20,201,22,243,90,8,98,341
06/01/2006,TTN,NJ,AEA,EN,Federal Contract Tower,0,18,47,3,68,0,0,96,21,117,0,18,143,24,185,0,76,76,261
06/02/2006,TTN,NJ,AEA,EN,Federal Contract Tower,0,31,82,0,113,0,0,45,2,47,0,31,127,2,160,18,0,18,178
06/03/2006,TTN,NJ,AEA,EN,Federal Contract Tower,0,5,44,2,51,0,0,14,2,16,0,5,58,4,67,20,0,20,87
06/04/2006,TTN,NJ,AEA,EN,Federal Contract Tower,0,13,48,0,61,0,4,77,7,88,0,17,125,7,149,112,0,112,261
06/05/2006,TTN,NJ,AEA,EN,Federal Contract Tower,0,16,48,0,64,0,1,103,0,104,0,17,151,0,168,58,0,58,226
06/06/2006,TTN,NJ,AEA,EN,Federal Contract Tower,0,28,43,0,71,0,0,109,18,127,0,28,152,18,198,56,6,62,260
06/07/2006,TTN,NJ,AEA,EN,Federal Contract Tower,0,15,49,3,67,0,0,17,1,18,0,15,66,4,85,0,4,4,89
06/08/2006,TTN,NJ,AEA,EN,Federal Contract Tower,0,26,31,0,57,0,0,91,22,113,0,26,122,22,170,58,0,58,228
06/09/2006,TTN,NJ,AEA,EN,Federal Contract Tower,0,23,40,4,67,0,3,145,1,149,0,26,185,5,216,66,0,66,282
06/10/2006,TTN,NJ,AEA,EN,Federal Contract Tower,0,7,20,0,27,0,0,54,15,69,0,7,74,15,96,42,0,42,138
06/11/2006,TTN,NJ,AEA,EN,Federal Contract Tower,0,5,2,0,7,5,178,0,0,183,5,183,2,0,190,154,0,154,344
06/12/2006,TTN,NJ,AEA,EN,Federal Contract Tower,0,22,49,0,71,0,0,210,5,215,0,22,259,5,286,194,0,194,480
06/13/2006,TTN,NJ,AEA,EN,Federal Contract Tower,0,11,68,2,81,0,0,213,26,239,0,11,281,28,320,64,0,64,384
06/14/2006,TTN,NJ,AEA,EN,Federal Contract Tower,0,20,59,2,81,0,1,103,17,121,0,21,162,19,202,30,0,30,232
06/15/2006,TTN,NJ,AEA,EN,Federal Contract Tower,0,24,62,1,87,0,0,187,11,198,0,24,249,12,285,74,0,74,359
06/16/2006,TTN,NJ,AEA,EN,Federal Contract Tower,0,24,51,0,75,0,0,183,8,191,0,24,234,8,266,62,0,62,328
06/17/2006,TTN,NJ,AEA,EN,Federal Contract Tower,0,6,14,0,20,0,0,153,0,153,0,6,167,0,173,92,0,92,265
06/18/2006,TTN,NJ,AEA,EN,Federal Contract Tower,0,14,35,0,49,0,0,85,0,85,0,14,120,0,134,46,0,46,180
06/19/2006,TTN,NJ,AEA,EN,Federal Contract Tower,0,15,43,2,60,0,0,134,8,142,0,15,177,10,202,62,0,62,264
06/20/2006,TTN,NJ,AEA,EN,Federal Contract Tower,0,19,47,2,68,0,0,121,24,145,0,19,168,26,213,62,0,62,275
06/21/2006,TTN,NJ,AEA,EN,Federal Contract Tower,0,19,44,1,64,0,0,162,25,187,0,19,206,26,251,74,0,74,325
06/22/2006,TTN,NJ,AEA,EN,Federal Contract Tower,0,25,53,0,78,0,0,125,17,142,0,25,178,17,220,98,0,98,318
06/23/2006,TTN,NJ,AEA,EN,Federal Contract Tower,0,25,37,0,62,0,0,138,7,145,0,25,175,7,207,36,0,36,243
06/24/2006,TTN,NJ,AEA,EN,Federal Contract Tower,0,10,21,0,31,0,2,2,0,4,0,12,23,0,35,0,0,0,35
06/25/2006,TTN,NJ,AEA,EN,Federal Contract Tower,0,14,38,0,52,0,0,13,2,15,0,14,51,2,67,4,0,4,71
06/26/2006,TTN,NJ,AEA,EN,Federal Contract Tower,0,22,54,0,76,0,0,52,4,56,0,22,106,4,132,8,0,8,140
06/27/2006,TTN,NJ,AEA,EN,Federal Contract Tower,0,15,50,0,65,0,0,57,17,74,0,15,107,17,139,28,0,28,167
06/28/2006,TTN,NJ,AEA,EN,Federal Contract Tower,0,12,45,1,58,0,1,166,32,199,0,13,211,33,257,32,0,32,289
06/29/2006,TTN,NJ,AEA,EN,Federal Contract Tower,0,18,50,1,69,0,2,308,35,345,0,20,358,36,414,60,0,60,474
06/30/2006,TTN,NJ,AEA,EN,Federal Contract Tower,0,13,23,0,36,0,0,225,18,243,0,13,248,18,279,82,0,82,361
07/01/2006,TTN,NJ,AEA,EN,Federal Contract Tower,0,7,11,0,18,0,2,173,7,182,0,9,184,7,200,54,0,54,254
07/02/2006,TTN,NJ,AEA,EN,Federal Contract Tower,0,2,12,0,14,0,0,78,0,78,0,2,90,0,92,66,0,66,158
07/03/2006,TTN,NJ,AEA,EN,Federal Contract Tower,0,4,29,0,33,0,0,107,0,107,0,4,136,0,140,58,0,58,198
07/04/2006,TTN,NJ,AEA,EN,Federal Contract Tower,0,9,21,0,30,0,0,49,2,51,0,9,70,2,81,20,0,20,101
07/05/2006,TTN,NJ,AEA,EN,Federal Contract Tower,0,20,40,2,62,0,0,18,6,24,0,20,58,8,86,0,0,0,86
07/06/2006,TTN,NJ,AEA,EN,Federal Contract Tower,0,19,41,0,60,0,0,131,13,144,0,19,172,13,204,16,0,16,220
07/07/2006,TTN,NJ,AEA,EN,Federal Contract Tower,0,12,37,1,50,0,0,206,19,225,0,12,243,20,275,116,12,128,403
07/08/2006,TTN,NJ,AEA,EN,Federal Contract Tower,0,6,32,0,38,0,0,165,6,171,0,6,197,6,209,160,0,160,369
07/09/2006,TTN,NJ,AEA,EN,Federal Contract Tower,0,10,25,0,35,0,0,123,11,134,0,10,148,11,169,38,2,40,209
07/10/2006,TTN,NJ,AEA,EN,Federal Contract Tower,0,13,43,0,56,0,0,116,3,119,0,13,159,3,175,42,0,42,217
07/11/2006,TTN,NJ,AEA,EN,Federal Contract Tower,0,15,41,1,57,0,0,117,24,141,0,15,158,25,198,110,0,110,308
07/12/2006,TTN,NJ,AEA,EN,Federal Contract Tower,0,16,59,0,75,0,0,84,27,111,0,16,143,27,186,32,62,94,280
07/13/2006,TTN,NJ,AEA,EN,Federal Contract Tower,0,23,47,0,70,0,0,101,13,114,0,23,148,13,184,86,0,86,270
07/14/2006,TTN,NJ,AEA,EN,Federal Contract Tower,0,25,55,5,85,0,2,182,7,191,0,27,237,12,276,116,0,116,392
07/15/2006,TTN,NJ,AEA,EN,Federal Contract Tower,0,4,26,0,30,0,0,84,5,89,0,4,110,5,119,32,0,32,151
07/16/2006,TTN,NJ,AEA,EN,Federal Contract Tower,0,11,35,0,46,0,0,162,5,167,0,11,197,5,213,136,0,136,349
07/17/2006,TTN,NJ,AEA,EN,Federal Contract Tower,0,20,66,0,86,0,2,217,0,219,0,22,283,0,305,116,0,116,421
07/18/2006,TTN,NJ,AEA,EN,Federal Contract Tower,0,23,54,0,77,0,2,115,22,139,0,25,169,22,216,22,0,22,238
07/19/2006,TTN,NJ,AEA,EN,Federal Contract Tower,0,20,58,4,82,0,1,160,14,175,0,21,218,18,257,66,2,68,325
07/20/2006,TTN,NJ,AEA,EN,Federal Contract Tower,0,29,65,0,94,0,3,179,20,202,0,32,244,20,296,111,0,111,407
07/21/2006,TTN,NJ,AEA,EN,Federal Contract Tower,0,13,32,0,45,0,0,84,10,94,0,13,116,10,139,18,0,18,157
07/22/2006,TTN,NJ,AEA,EN,Federal Contract Tower,0,6,23,0,29,0,0,6,0,6,0,6,29,0,35,2,0,2,37
07/23/2006,TTN,NJ,AEA,EN,Federal Contract Tower,0,11,46,0,57,0,0,107,12,119,0,11,153,12,176,84,0,84,260
07/24/2006,TTN,NJ,AEA,EN,Federal Contract Tower,0,30,42,4,76,0,1,189,10,200,0,31,231,14,276,118,0,118,394
07/25/2006,TTN,NJ,AEA,EN,Federal Contract Tower,0,26,30,0,56,0,2,157,30,189,0,28,187,30,245,70,0,70,315
07/26/2006,TTN,NJ,AEA,EN,Federal Contract Tower,0,23,49,0,72,0,0,156,15,171,0,23,205,15,243,66,0,66,309
07/27/2006,TTN,NJ,AEA,EN,Federal Contract Tower,0,15,48,0,63,0,0,118,9,127,0,15,166,9,190,122,0,122,312
07/28/2006,TTN,NJ,AEA,EN,Federal Contract Tower,0,26,35,3,64,0,0,79,4,83,0,26,114,7,147,14,0,14,161
07/29/2006,TTN,NJ,AEA,EN,Federal Contract Tower,0,8,20,0,28,0,2,102,0,104,0,10,122,0,132,90,0,90,222
07/30/2006,TTN,NJ,AEA,EN,Federal Contract Tower,0,9,17,0,26,0,0,83,1,84,0,9,100,1,110,102,0,102,212
07/31/2006,TTN,NJ,AEA,EN,Federal Contract Tower,0,18,50,0,68,0,0,148,0,148,0,18,198,0,216,144,0,144,360
08/01/2006,TTN,NJ,AEA,EN,Federal Contract Tower,0,18,32,1,51,0,1,150,22,173,0,19,182,23,224,66,0,66,290
08/02/2006,TTN,NJ,AEA,EN,Federal Contract Tower,0,15,31,0,46,0,0,101,23,124,0,15,132,23,170,52,0,52,222
08/03/2006,TTN,NJ,AEA,EN,Federal Contract Tower,0,15,33,1,49,0,0,112,25,137,0,15,145,26,186,126,0,126,312
08/04/2006,TTN,NJ,AEA,EN,Federal Contract Tower,0,24,46,1,71,0,0,207,14,221,0,24,253,15,292,82,0,82,374
08/05/2006,TTN,NJ,AEA,EN,Federal Contract Tower,0,1,14,0,15,0,0,176,0,176,0,1,190,0,191,116,0,116,307
08/06/2006,TTN,NJ,AEA,EN,Federal Contract Tower,0,12,23,0,35,0,1,124,3,128,0,13,147,3,163,118,0,118,281
08/07/2006,TTN,NJ,AEA,EN,Federal Contract Tower,0,20,34,3,57,0,0,108,6,114,0,20,142,9,171,26,0,26,197
08/08/2006,TTN,NJ,AEA,EN,Federal Contract Tower,0,18,45,1,64,0,0,157,16,173,0,18,202,17,237,110,0,110,347
08/09/2006,TTN,NJ,AEA,EN,Federal Contract Tower,0,14,55,4,73,0,3,187,15,205,0,17,242,19,278,60,0,60,338
08/10/2006,TTN,NJ,AEA,EN,Federal Contract Tower,0,11,40,2,53,0,0,124,16,140,0,11,164,18,193,114,0,114,307
08/11/2006,TTN,NJ,AEA,EN,Federal Contract Tower,0,21,54,0,75,0,0,183,7,190,0,21,237,7,265,110,0,110,375
08/12/2006,TTN,NJ,AEA,EN,Federal Contract Tower,0,11,23,0,34,0,0,180,0,180,0,11,203,0,214,64,0,64,278
08/13/2006,TTN,NJ,AEA,EN,Federal Contract Tower,0,16,43,0,59,0,0,186,1,187,0,16,229,1,246,140,0,140,386
08/14/2006,TTN,NJ,AEA,EN,Federal Contract Tower,0,16,38,0,54,0,2,133,13,148,0,18,171,13,202,88,0,88,290
08/15/2006,TTN,NJ,AEA,EN,Federal Contract Tower,0,24,24,2,50,0,1,117,20,138,0,25,141,22,188,112,0,112,300
08/16/2006,TTN,NJ,AEA,EN,Federal Contract Tower,0,27,39,1,67,0,2,210,13,225,0,29,249,14,292,126,0,126,418
08/17/2006,TTN,NJ,AEA,EN,Federal Contract Tower,0,24,41,4,69,0,0,166,23,189,0,24,207,27,258,90,2,92,350
08/18/2006,TTN,NJ,AEA,EN,Federal Contract Tower,0,13,38,1,52,0,0,130,8,138,0,13,168,9,190,96,0,96,286
08/19/2006,TTN,NJ,AEA,EN,Federal Contract Tower,0,0,26,2,28,0,0,91,2,93,0,0,117,4,121,76,0,76,197
08/20/2006,TTN,NJ,AEA,EN,Federal Contract Tower,0,9,13,0,22,0,0,74,4,78,0,9,87,4,100,64,0,64,164
08/21/2006,TTN,NJ,AEA,EN,Federal Contract Tower,0,17,33,2,52,0,0,198,10,208,0,17,231,12,260,170,0,170,430
08/22/2006,TTN,NJ,AEA,EN,Federal Contract Tower,0,16,46,1,63,0,0,153,38,191,0,16,199,39,254,70,2,72,326
08/23/2006,TTN,NJ,AEA,EN,Federal Contract Tower,0,29,47,0,76,0,3,181,20,204,0,32,228,20,280,138,0,138,418
08/24/2006,TTN,NJ,AEA,EN,Federal Contract Tower,0,12,47,1,60,0,5,115,21,141,0,17,162,22,201,56,0,56,257
08/25/2006,TTN,NJ,AEA,EN,Federal Contract Tower,0,10,34,0,44,0,1,76,3,80,0,11,110,3,124,34,0,34,158
08/26/2006,TTN,NJ,AEA,EN,Federal Contract Tower,0,7,28,0,35,0,3,16,0,19,0,10,44,0,54,54,0,54,108
08/27/2006,TTN,NJ,AEA,EN,Federal Contract Tower,0,10,28,0,38,0,0,1,0,1,0,10,29,0,39,0,0,0,39
08/28/2006,TTN,NJ,AEA,EN,Federal Contract Tower,0,23,50,5,78,0,2,83,5,90,0,25,133,10,168,50,4,54,222
08/29/2006,TTN,NJ,AEA,EN,Federal Contract Tower,0,12,51,0,63,0,0,0,0,0,0,12,51,0,63,0,0,0,63
08/30/2006,TTN,NJ,AEA,EN,Federal Contract Tower,0,19,53,2,74,0,0,34,3,37,0,19,87,5,111,10,0,10,121
08/31/2006,TTN,NJ,AEA,EN,Federal Contract Tower,0,21,54,2,77,0,0,166,11,177,0,21,220,13,254,88,0,88,342
09/01/2006,TTN,NJ,AEA,EN,Federal Contract Tower,0,12,21,0,33,0,0,63,0,63,0,12,84,0,96,48,0,48,144
09/02/2006,TTN,NJ,AEA,EN,Federal Contract Tower,0,2,11,0,13,0,0,0,0,0,0,2,11,0,13,0,0,0,13
09/03/2006,TTN,NJ,AEA,EN,Federal Contract Tower,0,10,19,0,29,0,1,93,0,94,0,11,112,0,123,20,0,20,143
09/04/2006,TTN,NJ,AEA,EN,Federal Contract Tower,0,14,18,0,32,0,0,144,0,144,0,14,162,0,176,66,0,66,242
09/05/2006,TTN,NJ,AEA,EN,Federal Contract Tower,0,21,32,0,53,0,0,33,11,44,0,21,65,11,97,12,0,12,109
09/06/2006,TTN,NJ,AEA,EN,Federal Contract Tower,0,28,41,0,69,0,0,149,8,157,0,28,190,8,226,172,0,172,398
09/07/2006,TTN,NJ,AEA,EN,Federal Contract Tower,0,22,51,1,74,0,2,264,26,292,0,24,315,27,366,152,6,158,524
09/08/2006,TTN,NJ,AEA,EN,Federal Contract Tower,0,31,40,4,75,0,1,208,18,227,0,32,248,22,302,78,6,84,386
09/09/2006,TTN,NJ,AEA,EN,Federal Contract Tower,0,15,27,0,42,0,2,182,16,200,0,17,209,16,242,104,0,104,346
09/10/2006,TTN,NJ,AEA,EN,Federal Contract Tower,0,16,39,0,55,0,0,161,5,166,0,16,200,5,221,172,2,174,395
09/11/2006,TTN,NJ,AEA,EN,Federal Contract Tower,0,16,51,0,67,0,0,139,4,143,0,16,190,4,210,62,0,62,272
09/12/2006,TTN,NJ,AEA,EN,Federal Contract Tower,0,24,33,0,57,0,0,180,15,195,0,24,213,15,252,104,0,104,356
09/13/2006,TTN,NJ,AEA,EN,Federal Contract Tower,0,26,50,5,81,0,0,135,11,146,0,26,185,16,227,38,0,38,265
09/14/2006,TTN,NJ,AEA,EN,Federal Contract Tower,0,26,73,0,99,0,0,4,1,5,0,26,77,1,104,0,0,0,104
09/15/2006,TTN,NJ,AEA,EN,Federal Contract Tower,0,20,72,0,92,0,0,18,12,30,0,20,90,12,122,0,0,0,122
09/16/2006,TTN,NJ,AEA,EN,Federal Contract Tower,0,8,61,0,69,0,0,90,15,105,0,8,151,15,174,78,0,78,252
09/17/2006,TTN,NJ,AEA,EN,Federal Contract Tower,0,10,60,0,70,0,0,243,10,253,0,10,303,10,323,106,0,106,429
09/18/2006,TTN,NJ,AEA,EN,Federal Contract Tower,0,15,43,3,61,0,1,183,8,192,0,16,226,11,253,80,0,80,333
09/19/2006,TTN,NJ,AEA,EN,Federal Contract Tower,0,18,41,1,60,0,0,45,12,57,0,18,86,13,117,12,0,12,129
09/20/2006,TTN,NJ,AEA,EN,Federal Contract Tower,0,26,56,1,83,0,0,170,12,182,0,26,226,13,265,78,0,78,343
09/21/2006,TTN,NJ,AEA,EN,Federal Contract Tower,0,24,51,2,77,0,0,223,23,246,0,24,274,25,323,68,0,68,391
09/22/2006,TTN,NJ,AEA,EN,Federal Contract Tower,0,20,55,0,75,0,0,172,7,179,0,20,227,7,254,96,0,96,350
09/23/2006,TTN,NJ,AEA,EN,Federal Contract Tower,0,7,42,0,49,0,0,20,8,28,0,7,62,8,77,34,0,34,111
09/24/2006,TTN,NJ,AEA,EN,Federal Contract Tower,0,6,25,0,31,0,0,61,0,61,0,6,86,0,92,80,0,80,172
09/25/2006,TTN,NJ,AEA,EN,Federal Contract Tower,0,27,42,0,69,0,0,188,7,195,0,27,230,7,264,54,0,54,318
09/26/2006,TTN,NJ,AEA,EN,Federal Contract Tower,0,21,49,1,71,0,0,170,13,183,0,21,219,14,254,122,0,122,376
09/27/2006,TTN,NJ,AEA,EN,Federal Contract Tower,0,27,48,1,76,0,6,215,12,233,0,33,263,13,309,122,0,122,431
09/28/2006,TTN,NJ,AEA,EN,Federal Contract Tower,2,21,49,2,74,0,0,184,14,198,2,21,233,16,272,56,0,56,328
09/29/2006,TTN,NJ,AEA,EN,Federal Contract Tower,0,21,54,0,75,0,0,106,5,111,0,21,160,5,186,28,0,28,214
09/30/2006,TTN,NJ,AEA,EN,Federal Contract Tower,0,6,31,0,37,0,0,168,6,174,0,6,199,6,211,178,0,178,389
10/01/2006,TTN,NJ,AEA,EN,Federal Contract Tower,2,7,30,0,39,0,0,45,0,45,2,7,75,0,84,68,0,68,152
10/02/2006,TTN,NJ,AEA,EN,Federal Contract Tower,0,17,41,2,60,0,0,142,5,147,0,17,183,7,207,86,0,86,293
10/03/2006,TTN,NJ,AEA,EN,Federal Contract Tower,0,22,29,1,52,0,0,196,20,216,0,22,225,21,268,62,0,62,330
10/04/2006,TTN,NJ,AEA,EN,Federal Contract Tower,0,19,37,3,59,0,0,163,9,172,0,19,200,12,231,34,6,40,271
10/05/2006,TTN,NJ,AEA,EN,Federal Contract Tower,0,23,37,0,60,0,0,183,19,202,0,23,220,19,262,82,0,82,344
10/06/2006,TTN,NJ,AEA,EN,Federal Contract Tower,0,25,46,0,71,0,0,78,3,81,0,25,124,3,152,10,0,10,162
10/07/2006,TTN,NJ,AEA,EN,Federal Contract Tower,0,2,32,1,35,0,0,50,2,52,0,2,82,3,87,148,0,148,235
10/08/2006,TTN,NJ,AEA,EN,Federal Contract Tower,0,8,47,0,55,0,1,270,0,271,0,9,317,0,326,112,0,112,438
10/09/2006,TTN,NJ,AEA,EN,Federal Contract Tower,0,31,37,0,68,0,0,186,0,186,0,31,223,0,254,134,0,134,388
10/10/2006,TTN,NJ,AEA,EN,Federal Contract Tower,0,26,45,0,71,0,0,195,2,197,0,26,240,2,268,128,0,128,396
10/11/2006,TTN,NJ,AEA,EN,Federal Contract Tower,0,17,64,2,83,0,0,47,5,52,0,17,111,7,135,28,0,28,163
10/12/2006,TTN,NJ,AEA,EN,Federal Contract Tower,0,25,61,0,86,0,0,152,15,167,0,25,213,15,253,84,0,84,337
10/13/2006,TTN,NJ,AEA,EN,Federal Contract Tower,0,15,43,2,60,0,1,195,9,205,0,16,238,11,265,66,0,66,331
10/14/2006,TTN,NJ,AEA,EN,Federal Contract Tower,0,13,18,0,31,0,0,164,8,172,0,13,182,8,203,116,0,116,319
10/15/2006,TTN,NJ,AEA,EN,Federal Contract Tower,0,8,32,0,40,0,2,120,8,130,0,10,152,8,170,74,0,74,244
10/16/2006,TTN,NJ,AEA,EN,Federal Contract Tower,0,24,35,2,61,0,0,208,2,210,0,24,243,4,271,150,0,150,421
10/17/2006,TTN,NJ,AEA,EN,Federal Contract Tower,0,24,47,1,72,0,3,25,11,39,0,27,72,12,111,10,0,10,121
10/18/2006,TTN,NJ,AEA,EN,Federal Contract Tower,0,28,45,2,75,0,0,84,17,101,0,28,129,19,176,52,0,52,228
10/19/2006,TTN,NJ,AEA,EN,Federal Contract Tower,0,27,44,2,73,0,0,148,16,164,0,27,192,18,237,90,0,90,327
10/20/2006,TTN,NJ,AEA,EN,Federal Contract Tower,0,23,51,0,74,0,0,26,0,26,0,23,77,0,100,0,0,0,100
10/21/2006,TTN,NJ,AEA,EN,Federal Contract Tower,0,7,33,0,40,0,0,159,4,163,0,7,192,4,203,26,0,26,229
10/22/2006,TTN,NJ,AEA,EN,Federal Contract Tower,0,17,38,0,55,0,1,149,1,151,0,18,187,1,206,132,0,132,338
10/23/2006,TTN,NJ,AEA,EN,Federal Contract Tower,0,27,43,5,75,0,0,111,2,113,0,27,154,7,188,64,0,64,252
10/24/2006,TTN,NJ,AEA,EN,Federal Contract Tower,0,21,34,1,56,0,2,92,28,122,0,23,126,29,178,18,2,20,198
10/25/2006,TTN,NJ,AEA,EN,Federal Contract Tower,0,20,39,1,60,0,4,169,13,186,0,24,208,14,246,74,0,74,320
10/26/2006,TTN,NJ,AEA,EN,Federal Contract Tower,0,23,56,1,80,0,2,174,13,189,0,25,230,14,269,96,0,96,365
10/27/2006,TTN,NJ,AEA,EN,Federal Contract Tower,0,27,53,0,80,0,0,170,6,176,0,27,223,6,256,62,0,62,318
10/28/2006,TTN,NJ,AEA,EN,Federal Contract Tower,0,7,10,0,17,0,0,21,1,22,0,7,31,1,39,0,0,0,39
10/29/2006,TTN,NJ,AEA,EN,Federal Contract Tower,0,7,22,0,29,0,0,16,1,17,0,7,38,1,46,10,0,10,56
10/30/2006,TTN,NJ,AEA,EN,Federal Contract Tower,0,17,40,1,58,0,5,181,2,188,0,22,221,3,246,126,0,126,372
10/31/2006,TTN,NJ,AEA,EN,Federal Contract Tower,0,22,49,3,74,0,0,167,7,174,0,22,216,10,248,216,0,216,464
11/01/2006,TTN,NJ,AEA,EN,Federal Contract Tower,0,16,43,4,63,0,0,205,17,222,0,16,248,21,285,142,2,144,429
11/02/2006,TTN,NJ,AEA,EN,Federal Contract Tower,0,21,45,3,69,0,1,140,18,159,0,22,185,21,228,60,0,60,288
11/03/2006,TTN,NJ,AEA,EN,Federal Contract Tower,0,25,44,2,71,0,0,174,1,175,0,25,218,3,246,68,0,68,314
11/04/2006,TTN,NJ,AEA,EN,Federal Contract Tower,0,2,15,0,17,0,0,288,0,288,0,2,303,0,305,108,0,108,413
11/05/2006,TTN,NJ,AEA,EN,Federal Contract Tower,0,8,39,0,47,0,0,164,0,164,0,8,203,0,211,188,0,188,399
11/06/2006,TTN,NJ,AEA,EN,Federal Contract Tower,0,23,42,2,67,0,0,170,1,171,0,23,212,3,238,78,0,78,316
11/07/2006,TTN,NJ,AEA,EN,Federal Contract Tower,0,33,36,5,74,0,0,170,12,182,0,33,206,17,256,74,0,74,330
11/08/2006,TTN,NJ,AEA,EN,Federal Contract Tower,0,26,50,0,76,0,0,0,0,0,0,26,50,0,76,0,0,0,76
11/09/2006,TTN,NJ,AEA,EN,Federal Contract Tower,0,14,41,2,57,0,0,162,28,190,0,14,203,30,247,98,4,102,349
11/10/2006,TTN,NJ,AEA,EN,Federal Contract Tower,0,17,33,0,50,0,0,187,3,190,0,17,220,3,240,65,0,65,305
11/11/2006,TTN,NJ,AEA,EN,Federal Contract Tower,0,5,34,0,39,0,0,0,0,0,0,5,34,0,39,0,0,0,39
11/12/2006,TTN,NJ,AEA,EN,Federal Contract Tower,0,2,22,0,24,0,0,135,2,137,0,2,157,2,161,146,0,146,307
11/13/2006,TTN,NJ,AEA,EN,Federal Contract Tower,0,21,52,0,73,0,0,0,0,0,0,21,52,0,73,0,0,0,73
11/14/2006,TTN,NJ,AEA,EN,Federal Contract Tower,0,13,64,3,80,0,3,76,11,90,0,16,140,14,170,50,0,50,220
11/15/2006,TTN,NJ,AEA,EN,Federal Contract Tower,0,26,50,4,80,0,4,77,8,89,0,30,127,12,169,18,0,18,187
11/16/2006,TTN,NJ,AEA,EN,Federal Contract Tower,0,25,24,4,53,0,0,30,0,30,0,25,54,4,83,98,22,120,203
11/17/2006,TTN,NJ,AEA,EN,Federal Contract Tower,0,31,43,2,76,0,0,168,11,179,0,31,211,13,255,84,0,84,339
11/18/2006,TTN,NJ,AEA,EN,Federal Contract Tower,0,11,37,0,48,0,0,190,1,191,0,11,227,1,239,144,0,144,383
11/19/2006,TTN,NJ,AEA,EN,Federal Contract Tower,0,12,35,0,47,0,0,137,2,139,0,12,172,2,186,132,0,132,318
11/20/2006,TTN,NJ,AEA,EN,Federal Contract Tower,0,14,37,0,51,0,1,131,3,135,0,15,168,3,186,88,0,88,274
11/21/2006,TTN,NJ,AEA,EN,Federal Contract Tower,0,20,51,3,74,0,1,207,22,230,0,21,258,25,304,106,2,108,412
11/22/2006,TTN,NJ,AEA,EN,Federal Contract Tower,0,30,50,0,80,0,0,59,5,64,0,30,109,5,144,50,0,50,194
11/23/2006,TTN,NJ,AEA,EN,Federal Contract Tower,0,8,6,0,14,0,1,2,0,3,0,9,8,0,17,0,0,0,17
11/24/2006,TTN,NJ,AEA,EN,Federal Contract Tower,0,12,19,0,31,0,2,91,0,93,0,14,110,0,124,70,0,70,194
11/25/2006,TTN,NJ,AEA,EN,Federal Contract Tower,0,6,26,0,32,0,0,144,5,149,0,6,170,5,181,192,0,192,373
11/26/2006,TTN,NJ,AEA,EN,Federal Contract Tower,0,14,52,0,66,0,0,138,0,138,0,14,190,0,204,114,0,114,318
11/27/2006,TTN,NJ,AEA,EN,Federal Contract Tower,0,26,55,1,82,0,0,138,3,141,0,26,193,4,223,54,0,54,277
11/28/2006,TTN,NJ,AEA,EN,Federal Contract Tower,0,27,51,3,81,0,0,124,16,140,0,27,175,19,221,64,0,64,285
11/29/2006,TTN,NJ,AEA,EN,Federal Contract Tower,0,22,57,0,79,0,0,48,3,51,0,22,105,3,130,30,2,32,162
11/30/2006,TTN,NJ,AEA,EN,Federal Contract Tower,0,27,55,4,86,0,0,118,20,138,0,27,173,24,224,44,0,44,268
12/01/2006,TTN,NJ,AEA,EN,Federal Contract Tower,0,19,19,0,38,0,0,19,2,21,0,19,38,2,59,59,0,59,118
12/02/2006,TTN,NJ,AEA,EN,Federal Contract Tower,0,4,17,0,21,0,0,123,3,126,0,4,140,3,147,98,0,98,245
12/03/2006,TTN,NJ,AEA,EN,Federal Contract Tower,0,6,29,1,36,0,0,168,6,174,0,6,197,7,210,146,2,148,358
12/04/2006,TTN,NJ,AEA,EN,Federal Contract Tower,0,17,32,0,49,0,0,100,0,100,0,17,132,0,149,60,0,60,209
12/05/2006,TTN,NJ,AEA,EN,Federal Contract Tower,0,35,35,3,73,0,0,144,16,160,0,35,179,19,233,110,0,110,343
12/06/2006,TTN,NJ,AEA,EN,Federal Contract Tower,0,43,33,7,83,0,0,190,22,212,0,43,223,29,295,72,2,74,369
12/07/2006,TTN,NJ,AEA,EN,Federal Contract Tower,0,25,42,3,70,0,0,169,15,184,0,25,211,18,254,74,4,78,332
12/08/2006,TTN,NJ,AEA,EN,Federal Contract Tower,0,18,36,0,54,0,0,65,2,67,0,18,101,2,121,8,0,8,129
12/09/2006,TTN,NJ,AEA,EN,Federal Contract Tower,0,6,29,0,35,0,0,102,1,103,0,6,131,1,138,80,0,80,218
12/10/2006,TTN,NJ,AEA,EN,Federal Contract Tower,0,7,40,3,50,0,0,146,0,146,0,7,186,3,196,182,0,182,378
12/11/2006,TTN,NJ,AEA,EN,Federal Contract Tower,0,31,42,9,82,0,0,207,13,220,0,31,249,22,302,110,0,110,412
12/12/2006,TTN,NJ,AEA,EN,Federal Contract Tower,0,21,42,7,70,0,0,171,26,197,0,21,213,33,267,140,2,142,409
12/13/2006,TTN,NJ,AEA,EN,Federal Contract Tower,0,16,80,2,98,0,0,0,0,0,0,16,80,2,98,0,0,0,98
12/14/2006,TTN,NJ,AEA,EN,Federal Contract Tower,0,23,51,5,79,0,4,102,20,126,0,27,153,25,205,30,4,34,239
12/15/2006,TTN,NJ,AEA,EN,Federal Contract Tower,0,34,53,3,90,0,0,83,0,83,0,34,136,3,173,38,0,38,211
12/16/2006,TTN,NJ,AEA,EN,Federal Contract Tower,0,11,35,0,46,0,0,121,0,121,0,11,156,0,167,128,0,128,295
12/17/2006,TTN,NJ,AEA,EN,Federal Contract Tower,0,8,23,0,31,0,0,152,0,152,0,8,175,0,183,114,0,114,297
12/18/2006,TTN,NJ,AEA,EN,Federal Contract Tower,0,26,46,0,72,0,0,159,7,166,0,26,205,7,238,82,0,82,320
12/19/2006,TTN,NJ,AEA,EN,Federal Contract Tower,0,27,58,4,89,0,0,141,16,157,0,27,199,20,246,84,0,84,330
12/20/2006,TTN,NJ,AEA,EN,Federal Contract Tower,0,24,42,2,68,0,3,135,17,155,0,27,177,19,223,86,2,88,311
12/21/2006,TTN,NJ,AEA,EN,Federal Contract Tower,0,27,40,8,75,0,1,173,4,178,0,28,213,12,253,68,0,68,321
12/22/2006,TTN,NJ,AEA,EN,Federal Contract Tower,0,27,38,2,67,0,0,49,3,52,0,27,87,5,119,16,0,16,135
12/23/2006,TTN,NJ,AEA,EN,Federal Contract Tower,0,18,30,0,48,0,0,63,0,63,0,18,93,0,111,32,0,32,143
12/24/2006,TTN,NJ,AEA,EN,Federal Contract Tower,0,12,8,0,20,0,0,26,0,26,0,12,34,0,46,22,0,22,68
12/25/2006,TTN,NJ,AEA,EN,Federal Contract Tower,0,15,5,0,20,0,1,18,0,19,0,16,23,0,39,4,0,4,43
12/26/2006,TTN,NJ,AEA,EN,Federal Contract Tower,0,28,41,0,69,0,3,33,0,36,0,31,74,0,105,24,0,24,129
12/27/2006,TTN,NJ,AEA,EN,Federal Contract Tower,0,16,24,2,42,0,0,75,14,89,0,16,99,16,131,50,0,50,181
12/28/2006,TTN,NJ,AEA,EN,Federal Contract Tower,0,19,13,0,32,0,0,135,4,139,0,19,148,4,171,42,0,42,213
12/29/2006,TTN,NJ,AEA,EN,Federal Contract Tower,0,15,14,0,29,0,0,140,0,140,0,15,154,0,169,106,0,106,275
12/30/2006,TTN,NJ,AEA,EN,Federal Contract Tower,0,13,21,0,34,0,0,97,0,97,0,13,118,0,131,106,0,106,237
12/31/2006,TTN,NJ,AEA,EN,Federal Contract Tower,0,8,16,0,24,0,0,105,0,105,0,8,121,0,129,66,0,66,195
01/01/2007,TTN,NJ,AEA,EN,Federal Contract Tower,0,16,16,0,32,0,2,1,0,3,0,18,17,0,35,0,0,0,35
01/02/2007,TTN,NJ,AEA,EN,Federal Contract Tower,0,23,22,0,45,0,2,91,10,103,0,25,113,10,148,26,0,26,174
01/03/2007,TTN,NJ,AEA,EN,Federal Contract Tower,0,21,24,0,45,0,1,127,0,128,0,22,151,0,173,48,8,56,229
01/04/2007,TTN,NJ,AEA,EN,Federal Contract Tower,0,23,25,0,48,0,1,155,23,179,0,24,180,23,227,28,0,28,255
01/05/2007,TTN,NJ,AEA,EN,Federal Contract Tower,0,20,22,0,42,0,0,24,0,24,0,20,46,0,66,6,0,6,72
01/06/2007,TTN,NJ,AEA,EN,Federal Contract Tower,0,14,13,0,27,0,0,65,10,75,0,14,78,10,102,22,0,22,124
01/07/2007,TTN,NJ,AEA,EN,Federal Contract Tower,0,14,31,0,45,0,0,109,4,113,0,14,140,4,158,100,0,100,258
01/08/2007,TTN,NJ,AEA,EN,Federal Contract Tower,0,24,34,1,59,0,0,31,8,39,0,24,65,9,98,0,4,4,102
01/09/2007,TTN,NJ,AEA,EN,Federal Contract Tower,0,24,41,5,70,0,3,159,29,191,0,27,200,34,261,60,6,66,327
01/10/2007,TTN,NJ,AEA,EN,Federal Contract Tower,0,28,33,2,63,0,0,121,12,133,0,28,154,14,196,42,6,48,244
01/11/2007,TTN,NJ,AEA,EN,Federal Contract Tower,0,25,30,3,58,0,0,189,18,207,0,25,219,21,265,96,0,96,361
01/12/2007,TTN,NJ,AEA,EN,Federal Contract Tower,0,21,35,3,59,0,0,102,13,115,0,21,137,16,174,30,8,38,212
01/13/2007,TTN,NJ,AEA,EN,Federal Contract Tower,0,16,4,0,20,0,0,50,3,53,0,16,54,3,73,90,0,90,163
01/14/2007,TTN,NJ,AEA,EN,Federal Contract Tower,0,11,15,0,26,0,0,0,0,0,0,11,15,0,26,0,0,0,26
01/15/2007,TTN,NJ,AEA,EN,Federal Contract Tower,0,16,45,0,61,0,0,8,0,8,0,16,53,0,69,0,0,0,69
01/16/2007,TTN,NJ,AEA,EN,Federal Contract Tower,0,26,37,1,64,0,0,78,8,86,0,26,115,9,150,38,0,38,188
01/17/2007,TTN,NJ,AEA,EN,Federal Contract Tower,0,27,31,4,62,0,0,162,14,176,0,27,193,18,238,30,4,34,272
01/18/2007,TTN,NJ,AEA,EN,Federal Contract Tower,0,27,41,3,71,0,0,87,3,90,0,27,128,6,161,50,0,50,211
01/19/2007,TTN,NJ,AEA,EN,Federal Contract Tower,0,25,26,0,51,0,0,67,10,77,0,25,93,10,128,14,2,16,144
01/20/2007,TTN,NJ,AEA,EN,Federal Contract Tower,0,15,11,0,26,0,0,35,13,48,0,15,46,13,74,22,0,22,96
01/21/2007,TTN,NJ,AEA,EN,Federal Contract Tower,0,18,30,0,48,0,1,119,9,129,0,19,149,9,177,106,6,112,289
01/22/2007,TTN,NJ,AEA,EN,Federal Contract Tower,0,31,30,0,61,0,0,39,19,58,0,31,69,19,119,0,2,2,121
01/23/2007,TTN,NJ,AEA,EN,Federal Contract Tower,0,23,38,0,61,0,0,160,33,193,0,23,198,33,254,114,2,116,370
01/24/2007,TTN,NJ,AEA,EN,Federal Contract Tower,0,27,33,2,62,0,0,141,15,156,0,27,174,17,218,70,0,70,288
01/25/2007,TTN,NJ,AEA,EN,Federal Contract Tower,0,24,44,5,73,0,0,114,12,126,0,24,158,17,199,20,0,20,219
01/26/2007,TTN,NJ,AEA,EN,Federal Contract Tower,0,26,21,2,49,0,0,67,1,68,0,26,88,3,117,14,0,14,131
01/27/2007,TTN,NJ,AEA,EN,Federal Contract Tower,0,15,26,0,41,0,0,166,4,170,0,15,192,4,211,78,0,78,289
01/28/2007,TTN,NJ,AEA,EN,Federal Contract Tower,0,11,19,2,32,0,1,106,0,107,0,12,125,2,139,74,0,74,213
01/29/2007,TTN,NJ,AEA,EN,Federal Contract Tower,0,31,34,0,65,0,0,97,2,99,0,31,131,2,164,4,0,4,168
01/30/2007,TTN,NJ,AEA,EN,Federal Contract Tower,0,22,44,3,69,0,0,148,33,181,0,22,192,36,250,102,8,110,360
01/31/2007,TTN,NJ,AEA,EN,Federal Contract Tower,0,35,39,2,76,0,0,127,8,135,0,35,166,10,211,30,0,30,241
02/01/2007,TTN,NJ,AEA,EN,Federal Contract Tower,0,27,25,1,53,0,6,91,10,107,0,33,116,11,160,35,0,35,195
02/02/2007,TTN,NJ,AEA,EN,Federal Contract Tower,0,35,19,0,54,0,0,69,0,69,0,35,88,0,123,78,0,78,201
02/03/2007,TTN,NJ,AEA,EN,Federal Contract Tower,0,14,20,0,34,0,0,101,2,103,0,14,121,2,137,50,0,50,187
02/04/2007,TTN,NJ,AEA,EN,Federal Contract Tower,0,13,16,0,29,0,0,56,0,56,0,13,72,0,85,10,0,10,95
02/05/2007,TTN,NJ,AEA,EN,Federal Contract Tower,0,24,44,0,68,0,0,88,5,93,0,24,132,5,161,24,0,24,185
02/06/2007,TTN,NJ,AEA,EN,Federal Contract Tower,0,30,33,0,63,0,0,109,21,130,0,30,142,21,193,40,0,40,233
02/07/2007,TTN,NJ,AEA,EN,Federal Contract Tower,0,37,38,0,75,0,1,118,11,130,0,38,156,11,205,40,0,40,245
02/08/2007,TTN,NJ,AEA,EN,Federal Contract Tower,0,28,29,10,67,0,0,115,17,132,0,28,144,27,199,36,0,36,235
02/09/2007,TTN,NJ,AEA,EN,Federal Contract Tower,0,26,26,0,52,0,0,126,6,132,0,26,152,6,184,28,0,28,212
02/10/2007,TTN,NJ,AEA,EN,Federal Contract Tower,0,9,13,0,22,0,0,106,18,124,0,9,119,18,146,68,0,68,214
02/11/2007,TTN,NJ,AEA,EN,Federal Contract Tower,0,16,30,1,47,0,0,129,11,140,0,16,159,12,187,112,0,112,299
02/12/2007,TTN,NJ,AEA,EN,Federal Contract Tower,0,22,30,0,52,0,0,149,2,151,0,22,179,2,203,76,0,76,279
02/13/2007,TTN,NJ,AEA,EN,Federal Contract Tower,0,32,34,0,66,0,0,46,10,56,0,32,80,10,122,10,0,10,132
02/14/2007,TTN,NJ,AEA,EN,Federal Contract Tower,0,14,10,0,24,0,0,0,0,0,0,14,10,0,24,0,0,0,24
02/15/2007,TTN,NJ,AEA,EN,Federal Contract Tower,0,24,39,0,63,0,0,65,7,72,0,24,104,7,135,12,0,12,147
02/16/2007,TTN,NJ,AEA,EN,Federal Contract Tower,0,33,28,0,61,0,1,63,0,64,0,34,91,0,125,10,0,10,135
02/17/2007,TTN,NJ,AEA,EN,Federal Contract Tower,0,11,19,0,30,0,0,109,1,110,0,11,128,1,140,102,0,102,242
02/18/2007,TTN,NJ,AEA,EN,Federal Contract Tower,0,9,17,0,26,0,0,58,0,58,0,9,75,0,84,42,0,42,126
02/19/2007,TTN,NJ,AEA,EN,Federal Contract Tower,0,34,29,0,63,0,1,92,0,93,0,35,121,0,156,52,0,52,208
02/20/2007,TTN,NJ,AEA,EN,Federal Contract Tower,0,33,1,4,38,0,0,0,22,22,0,33,1,26,60,56,6,62,122
02/21/2007,TTN,NJ,AEA,EN,Federal Contract Tower,0,29,33,2,64,0,0,154,18,172,0,29,187,20,236,72,0,72,308
02/22/2007,TTN,NJ,AEA,EN,Federal Contract Tower,0,26,28,1,55,0,0,74,15,89,0,26,102,16,144,40,0,40,184
02/23/2007,TTN,NJ,AEA,EN,Federal Contract Tower,0,33,30,0,63,0,0,67,6,73,0,33,97,6,136,12,0,12,148
02/24/2007,TTN,NJ,AEA,EN,Federal Contract Tower,0,12,24,0,36,0,4,106,4,114,0,16,130,4,150,52,0,52,202
02/25/2007,TTN,NJ,AEA,EN,Federal Contract Tower,0,16,28,0,44,0,0,99,2,101,0,16,127,2,145,108,0,108,253
02/26/2007,TTN,NJ,AEA,EN,Federal Contract Tower,0,24,42,0,66,0,0,0,0,0,0,24,42,0,66,0,0,0,66
02/27/2007,TTN,NJ,AEA,EN,Federal Contract Tower,0,29,31,3,63,0,2,98,23,123,0,31,129,26,186,56,0,56,242
02/28/2007,TTN,NJ,AEA,EN,Federal Contract Tower,0,36,45,1,82,0,0,152,16,168,0,36,197,17,250,52,2,54,304
03/01/2007,TTN,NJ,AEA,EN,Federal Contract Tower,0,34,35,2,71,0,0,183,28,211,0,34,218,30,282,60,0,60,342
03/02/2007,TTN,NJ,AEA,EN,Federal Contract Tower,0,18,38,0,56,0,0,49,3,52,0,18,87,3,108,22,0,22,130
03/03/2007,TTN,NJ,AEA,EN,Federal Contract Tower,0,14,13,0,27,0,1,133,11,145,0,15,146,11,172,96,0,96,268
03/04/2007,TTN,NJ,AEA,EN,Federal Contract Tower,0,15,32,0,47,0,0,50,8,58,0,15,82,8,105,26,0,26,131
03/05/2007,TTN,NJ,AEA,EN,Federal Contract Tower,0,29,29,0,58,0,5,88,9,102,0,34,117,9,160,0,1,1,161
03/06/2007,TTN,NJ,AEA,EN,Federal Contract Tower,0,32,29,0,61,0,0,59,18,77,0,32,88,18,138,4,0,4,142
03/07/2007,TTN,NJ,AEA,EN,Federal Contract Tower,0,29,23,0,52,0,0,21,2,23,0,29,44,2,75,0,0,0,75
03/08/2007,TTN,NJ,AEA,EN,Federal Contract Tower,0,20,41,6,67,0,2,120,21,143,0,22,161,27,210,36,0,36,246
03/09/2007,TTN,NJ,AEA,EN,Federal Contract Tower,0,23,34,0,57,0,0,162,10,172,0,23,196,10,229,90,0,90,319
03/10/2007,TTN,NJ,AEA,EN,Federal Contract Tower,0,10,17,0,27,0,0,65,0,65,0,10,82,0,92,68,0,68,160
03/11/2007,TTN,NJ,AEA,EN,Federal Contract Tower,0,14,24,0,38,0,0,105,0,105,0,14,129,0,143,90,0,90,233
03/12/2007,TTN,NJ,AEA,EN,Federal Contract Tower,2,24,49,0,75,0,14,138,7,159,2,38,187,7,234,130,0,130,364
03/13/2007,TTN,NJ,AEA,EN,Federal Contract Tower,0,22,28,5,55,0,0,142,6,148,0,22,170,11,203,156,0,156,359
03/14/2007,TTN,NJ,AEA,EN,Federal Contract Tower,0,31,26,0,57,0,0,159,14,173,0,31,185,14,230,56,0,56,286
03/15/2007,TTN,NJ,AEA,EN,Federal Contract Tower,0,23,41,0,64,0,0,57,12,69,0,23,98,12,133,44,4,48,181
03/16/2007,TTN,NJ,AEA,EN,Federal Contract Tower,0,7,17,0,24,0,0,0,0,0,0,7,17,0,24,0,0,0,24
03/17/2007,TTN,NJ,AEA,EN,Federal Contract Tower,0,22,25,0,47,0,2,11,0,13,0,24,36,0,60,0,0,0,60
03/18/2007,TTN,NJ,AEA,EN,Federal Contract Tower,0,11,40,0,51,0,0,60,2,62,0,11,100,2,113,4,0,4,117
03/19/2007,TTN,NJ,AEA,EN,Federal Contract Tower,0,24,28,0,52,0,0,80,0,80,0,24,108,0,132,30,0,30,162
03/20/2007,TTN,NJ,AEA,EN,Federal Contract Tower,0,23,31,3,57,0,1,120,12,133,0,24,151,15,190,98,0,98,288
03/21/2007,TTN,NJ,AEA,EN,Federal Contract Tower,0,27,43,0,70,0,1,148,11,160,0,28,191,11,230,84,2,86,316
03/22/2007,TTN,NJ,AEA,EN,Federal Contract Tower,0,30,50,2,82,0,1,96,11,108,0,31,146,13,190,98,10,108,298
03/23/2007,TTN,NJ,AEA,EN,Federal Contract Tower,0,26,58,0,84,0,0,81,9,90,0,26,139,9,174,36,2,38,212
03/24/2007,TTN,NJ,AEA,EN,Federal Contract Tower,0,9,20,0,29,0,0,199,1,200,0,9,219,1,229,136,0,136,365
03/25/2007,TTN,NJ,AEA,EN,Federal Contract Tower,0,23,40,0,63,0,0,167,0,167,0,23,207,0,230,106,0,106,336
03/26/2007,TTN,NJ,AEA,EN,Federal Contract Tower,0,20,25,0,45,0,0,146,5,151,0,20,171,5,196,164,0,164,360
03/27/2007,TTN,NJ,AEA,EN,Federal Contract Tower,0,23,51,4,78,0,0,172,11,183,0,23,223,15,261,72,4,76,337
03/28/2007,TTN,NJ,AEA,EN,Federal Contract Tower,0,28,33,4,65,0,0,142,5,147,0,28,175,9,212,114,0,114,326
03/29/2007,TTN,NJ,AEA,EN,Federal Contract Tower,0,37,27,2,66,0,0,154,22,176,0,37,181,24,242,80,0,80,322
03/30/2007,TTN,NJ,AEA,EN,Federal Contract Tower,0,19,28,0,47,0,0,169,12,181,0,19,197,12,228,78,0,78,306
03/31/2007,TTN,NJ,AEA,EN,Federal Contract Tower,0,22,24,0,46,0,1,134,2,137,0,23,158,2,183,118,0,118,301
04/01/2007,TTN,NJ,AEA,EN,Federal Contract Tower,0,16,29,0,45,0,0,55,0,55,0,16,84,0,100,126,0,126,226
04/02/2007,TTN,NJ,AEA,EN,Federal Contract Tower,0,28,44,0,72,0,0,60,2,62,0,28,104,2,134,52,0,52,186
04/03/2007,TTN,NJ,AEA,EN,Federal Contract Tower,0,24,42,1,67,0,0,151,16,167,0,24,193,17,234,108,12,120,354
04/04/2007,TTN,NJ,AEA,EN,Federal Contract Tower,0,23,40,0,63,0,0,0,0,0,0,23,40,0,63,0,0,0,63
04/05/2007,TTN,NJ,AEA,EN,Federal Contract Tower,0,25,35,0,60,0,0,134,5,139,0,25,169,5,199,14,0,14,213
04/06/2007,TTN,NJ,AEA,EN,Federal Contract Tower,0,27,30,2,59,0,0,81,2,83,0,27,111,4,142,44,0,44,186
04/07/2007,TTN,NJ,AEA,EN,Federal Contract Tower,0,4,38,0,42,0,0,79,0,79,0,4,117,0,121,134,0,134,255
04/08/2007,TTN,NJ,AEA,EN,Federal Contract Tower,0,14,17,0,31,0,0,32,0,32,0,14,49,0,63,40,0,40,103
04/09/2007,TTN,NJ,AEA,EN,Federal Contract Tower,0,34,47,1,82,0,1,151,12,164,0,35,198,13,246,70,0,70,316
04/10/2007,TTN,NJ,AEA,EN,Federal Contract Tower,0,26,30,2,58,0,0,154,10,164,0,26,184,12,222,86,4,90,312
04/11/2007,TTN,NJ,AEA,EN,Federal Contract Tower,0,27,37,0,64,0,1,144,9,154,0,28,181,9,218,110,0,110,328
04/12/2007,TTN,NJ,AEA,EN,Federal Contract Tower,0,31,51,3,85,0,0,23,0,23,0,31,74,3,108,12,0,12,120
04/13/2007,TTN,NJ,AEA,EN,Federal Contract Tower,0,26,43,0,69,0,2,91,1,94,0,28,134,1,163,14,0,14,177
04/14/2007,TTN,NJ,AEA,EN,Federal Contract Tower,0,14,22,0,36,0,2,119,7,128,0,16,141,7,164,158,0,158,322
04/15/2007,TTN,NJ,AEA,EN,Federal Contract Tower,0,6,12,0,18,0,0,0,0,0,0,6,12,0,18,0,0,0,18
04/16/2007,TTN,NJ,AEA,EN,Federal Contract Tower,0,13,23,1,37,0,0,4,3,7,0,13,27,4,44,0,0,0,44
04/17/2007,TTN,NJ,AEA,EN,Federal Contract Tower,0,22,30,1,53,0,0,83,3,86,0,22,113,4,139,16,14,30,169
04/18/2007,TTN,NJ,AEA,EN,Federal Contract Tower,0,32,43,0,75,0,0,139,8,147,0,32,182,8,222,88,0,88,310
04/19/2007,TTN,NJ,AEA,EN,Federal Contract Tower,0,29,27,1,57,0,4,138,9,151,0,33,165,10,208,62,0,62,270
04/20/2007,TTN,NJ,AEA,EN,Federal Contract Tower,0,38,34,0,72,0,0,174,9,183,0,38,208,9,255,98,0,98,353
04/21/2007,TTN,NJ,AEA,EN,Federal Contract Tower,0,12,24,0,36,0,0,138,7,145,0,12,162,7,181,154,0,154,335
04/22/2007,TTN,NJ,AEA,EN,Federal Contract Tower,0,19,29,0,48,0,0,179,0,179,0,19,208,0,227,114,0,114,341
04/23/2007,TTN,NJ,AEA,EN,Federal Contract Tower,0,29,35,0,64,0,0,160,8,168,0,29,195,8,232,48,0,48,280
04/24/2007,TTN,NJ,AEA,EN,Federal Contract Tower,0,27,39,2,68,0,1,138,19,158,0,28,177,21,226,38,0,38,264
04/25/2007,TTN,NJ,AEA,EN,Federal Contract Tower,0,30,41,1,72,0,0,159,21,180,0,30,200,22,252,44,0,44,296
04/26/2007,TTN,NJ,AEA,EN,Federal Contract Tower,0,32,55,3,90,0,2,127,30,159,0,34,182,33,249,116,12,128,377
04/27/2007,TTN,NJ,AEA,EN,Federal Contract Tower,0,25,53,0,78,0,0,0,0,0,0,25,53,0,78,0,0,0,78
04/28/2007,TTN,NJ,AEA,EN,Federal Contract Tower,0,21,18,0,39,0,1,199,0,200,0,22,217,0,239,110,0,110,349
04/29/2007,TTN,NJ,AEA,EN,Federal Contract Tower,0,14,34,0,48,0,0,168,0,168,0,14,202,0,216,60,0,60,276
04/30/2007,TTN,NJ,AEA,EN,Federal Contract Tower,0,27,42,0,69,0,0,126,13,139,0,27,168,13,208,14,0,14,222
05/01/2007,TTN,NJ,AEA,EN,Federal Contract Tower,0,34,35,1,70,0,1,159,5,165,0,35,194,6,235,124,0,124,359
05/02/2007,TTN,NJ,AEA,EN,Federal Contract Tower,0,43,42,0,85,0,4,95,14,113,0,47,137,14,198,58,14,72,270
05/03/2007,TTN,NJ,AEA,EN,Federal Contract Tower,0,35,52,3,90,0,2,227,22,251,0,37,279,25,341,116,14,130,471
05/04/2007,TTN,NJ,AEA,EN,Federal Contract Tower,0,28,4,0,32,28,219,0,0,247,28,247,4,0,279,124,0,124,403
05/05/2007,TTN,NJ,AEA,EN,Federal Contract Tower,0,12,36,0,48,0,0,243,0,243,0,12,279,0,291,84,0,84,375
05/06/2007,TTN,NJ,AEA,EN,Federal Contract Tower,0,28,33,1,62,0,1,109,15,125,0,29,142,16,187,72,2,74,261
05/07/2007,TTN,NJ,AEA,EN,Federal Contract Tower,0,29,21,0,50,0,0,148,1,149,0,29,169,1,199,70,0,70,269
05/08/2007,TTN,NJ,AEA,EN,Federal Contract Tower,1,26,41,1,69,0,0,141,9,150,1,26,182,10,219,60,0,60,279
05/09/2007,TTN,NJ,AEA,EN,Federal Contract Tower,1,33,41,1,76,0,2,115,8,125,1,35,156,9,201,90,0,90,291
05/10/2007,TTN,NJ,AEA,EN,Federal Contract Tower,0,38,43,3,84,0,4,80,10,94,0,42,123,13,178,16,0,16,194
05/11/2007,TTN,NJ,AEA,EN,Federal Contract Tower,0,23,54,0,77,0,0,73,6,79,0,23,127,6,156,12,0,12,168
05/12/2007,TTN,NJ,AEA,EN,Federal Contract Tower,0,17,32,1,50,0,0,100,1,101,0,17,132,2,151,130,0,130,281
05/13/2007,TTN,NJ,AEA,EN,Federal Contract Tower,0,19,23,0,42,0,0,57,0,57,0,19,80,0,99,92,0,92,191
05/14/2007,TTN,NJ,AEA,EN,Federal Contract Tower,0,25,32,0,57,0,1,159,3,163,0,26,191,3,220,68,0,68,288
05/15/2007,TTN,NJ,AEA,EN,Federal Contract Tower,0,43,42,2,87,0,0,127,32,159,0,43,169,34,246,58,0,58,304
05/16/2007,TTN,NJ,AEA,EN,Federal Contract Tower,0,21,42,0,63,0,0,59,19,78,0,21,101,19,141,20,0,20,161
05/17/2007,TTN,NJ,AEA,EN,Federal Contract Tower,0,26,41,0,67,0,0,205,13,218,0,26,246,13,285,100,0,100,385
05/18/2007,TTN,NJ,AEA,EN,Federal Contract Tower,0,35,43,0,78,0,0,101,2,103,0,35,144,2,181,36,0,36,217
05/19/2007,TTN,NJ,AEA,EN,Federal Contract Tower,0,7,28,0,35,0,0,93,6,99,0,7,121,6,134,88,0,88,222
05/20/2007,TTN,NJ,AEA,EN,Federal Contract Tower,0,18,37,0,55,0,0,103,7,110,0,18,140,7,165,64,10,74,239
05/21/2007,TTN,NJ,AEA,EN,Federal Contract Tower,0,27,56,0,83,0,1,185,7,193,0,28,241,7,276,176,0,176,452
05/22/2007,TTN,NJ,AEA,EN,Federal Contract Tower,0,31,50,2,83,0,1,152,13,166,0,32,202,15,249,110,2,112,361
05/23/2007,TTN,NJ,AEA,EN,Federal Contract Tower,0,33,45,2,80,0,0,163,8,171,0,33,208,10,251,52,2,54,305
05/24/2007,TTN,NJ,AEA,EN,Federal Contract Tower,0,29,52,0,81,0,0,178,16,194,0,29,230,16,275,132,0,132,407
05/25/2007,TTN,NJ,AEA,EN,Federal Contract Tower,0,33,46,0,79,0,1,149,5,155,0,34,195,5,234,78,0,78,312
05/26/2007,TTN,NJ,AEA,EN,Federal Contract Tower,0,14,35,0,49,0,0,121,0,121,0,14,156,0,170,72,0,72,242
05/27/2007,TTN,NJ,AEA,EN,Federal Contract Tower,0,18,23,0,41,0,0,71,0,71,0,18,94,0,112,82,0,82,194
05/28/2007,TTN,NJ,AEA,EN,Federal Contract Tower,0,20,40,0,60,0,0,75,0,75,0,20,115,0,135,28,0,28,163
05/29/2007,TTN,NJ,AEA,EN,Federal Contract Tower,0,25,39,0,64,0,0,121,19,140,0,25,160,19,204,42,0,42,246
05/30/2007,TTN,NJ,AEA,EN,Federal Contract Tower,0,29,54,2,85,0,0,96,12,108,0,29,150,14,193,46,0,46,239
05/31/2007,TTN,NJ,AEA,EN,Federal Contract Tower,0,32,44,0,76,0,0,157,19,176,0,32,201,19,252,82,2,84,336
06/01/2007,TTN,NJ,AEA,EN,Federal Contract Tower,0,35,50,0,85,0,0,115,12,127,0,35,165,12,212,116,0,116,328
06/02/2007,TTN,NJ,AEA,EN,Federal Contract Tower,0,22,30,0,52,0,0,66,8,74,0,22,96,8,126,88,0,88,214
06/03/2007,TTN,NJ,AEA,EN,Federal Contract Tower,0,26,46,0,72,0,2,73,2,77,0,28,119,2,149,128,0,128,277
06/04/2007,TTN,NJ,AEA,EN,Federal Contract Tower,0,30,46,0,76,0,0,38,1,39,0,30,84,1,115,12,0,12,127
06/05/2007,TTN,NJ,AEA,EN,Federal Contract Tower,0,33,39,3,75,0,0,128,12,140,0,33,167,15,215,68,0,68,283
06/06/2007,TTN,NJ,AEA,EN,Federal Contract Tower,0,28,47,0,75,0,0,181,13,194,0,28,228,13,269,78,0,78,347
06/07/2007,TTN,NJ,AEA,EN,Federal Contract Tower,0,22,48,0,70,0,0,150,17,167,0,22,198,17,237,68,0,68,305
06/08/2007,TTN,NJ,AEA,EN,Federal Contract Tower,0,27,34,0,61,0,2,157,10,169,0,29,191,10,230,54,0,54,284
06/09/2007,TTN,NJ,AEA,EN,Federal Contract Tower,0,5,21,0,26,0,0,182,0,182,0,5,203,0,208,112,0,112,320
06/10/2007,TTN,NJ,AEA,EN,Federal Contract Tower,0,15,72,2,89,0,0,93,0,93,0,15,165,2,182,106,0,106,288
06/11/2007,TTN,NJ,AEA,EN,Federal Contract Tower,0,37,49,1,87,0,0,171,19,190,0,37,220,20,277,108,0,108,385
06/12/2007,TTN,NJ,AEA,EN,Federal Contract Tower,0,24,65,0,89,0,0,107,5,112,0,24,172,5,201,12,4,16,217
06/13/2007,TTN,NJ,AEA,EN,Federal Contract Tower,0,19,61,0,80,0,0,75,7,82,0,19,136,7,162,18,0,18,180
06/14/2007,TTN,NJ,AEA,EN,Federal Contract Tower,0,28,51,1,80,0,0,165,5,170,0,28,216,6,250,84,0,84,334
06/15/2007,TTN,NJ,AEA,EN,Federal Contract Tower,0,32,35,0,67,0,0,174,6,180,0,32,209,6,247,76,0,76,323
06/16/2007,TTN,NJ,AEA,EN,Federal Contract Tower,0,8,33,0,41,0,0,134,0,134,0,8,167,0,175,76,0,76,251
06/17/2007,TTN,NJ,AEA,EN,Federal Contract Tower,0,7,30,0,37,0,0,145,0,145,0,7,175,0,182,58,0,58,240
06/18/2007,TTN,NJ,AEA,EN,Federal Contract Tower,0,27,48,1,76,0,1,159,3,163,0,28,207,4,239,120,0,120,359
06/19/2007,TTN,NJ,AEA,EN,Federal Contract Tower,0,21,52,0,73,0,0,154,6,160,0,21,206,6,233,112,0,112,345
06/20/2007,TTN,NJ,AEA,EN,Federal Contract Tower,0,27,37,0,64,0,1,125,10,136,0,28,162,10,200,80,2,82,282
06/21/2007,TTN,NJ,AEA,EN,Federal Contract Tower,0,27,39,2,68,0,2,125,8,135,0,29,164,10,203,64,2,66,269
06/22/2007,TTN,NJ,AEA,EN,Federal Contract Tower,0,23,31,0,54,0,0,164,9,173,0,23,195,9,227,96,0,96,323
06/23/2007,TTN,NJ,AEA,EN,Federal Contract Tower,0,4,26,0,30,0,1,138,0,139,0,5,164,0,169,110,0,110,279
06/24/2007,TTN,NJ,AEA,EN,Federal Contract Tower,0,12,43,0,55,0,0,186,2,188,0,12,229,2,243,108,0,108,351
06/25/2007,TTN,NJ,AEA,EN,Federal Contract Tower,0,21,48,4,73,0,0,100,0,100,0,21,148,4,173,20,0,20,193
06/26/2007,TTN,NJ,AEA,EN,Federal Contract Tower,0,26,48,1,75,0,0,111,15,126,0,26,159,16,201,76,2,78,279
06/27/2007,TTN,NJ,AEA,EN,Federal Contract Tower,0,23,45,1,69,0,0,110,9,119,0,23,155,10,188,18,0,18,206
06/28/2007,TTN,NJ,AEA,EN,Federal Contract Tower,0,27,54,0,81,0,0,85,6,91,0,27,139,6,172,70,18,88,260
06/29/2007,TTN,NJ,AEA,EN,Federal Contract Tower,0,26,43,0,69,0,0,160,10,170,0,26,203,10,239,82,0,82,321
06/30/2007,TTN,NJ,AEA,EN,Federal Contract Tower,0,2,31,0,33,0,0,215,3,218,0,2,246,3,251,74,0,74,325
07/01/2007,TTN,NJ,AEA,EN,Federal Contract Tower,0,12,23,0,35,0,0,157,0,157,0,12,180,0,192,118,0,118,310
07/02/2007,TTN,NJ,AEA,EN,Federal Contract Tower,0,21,32,0,53,0,0,166,4,170,0,21,198,4,223,98,0,98,321
07/03/2007,TTN,NJ,AEA,EN,Federal Contract Tower,0,17,42,0,59,0,36,157,2,195,0,53,199,2,254,126,0,126,380
07/04/2007,TTN,NJ,AEA,EN,Federal Contract Tower,0,3,12,0,15,0,0,33,0,33,0,3,45,0,48,32,0,32,80
07/05/2007,TTN,NJ,AEA,EN,Federal Contract Tower,0,19,25,0,44,0,0,35,0,35,0,19,60,0,79,24,0,24,103
07/06/2007,TTN,NJ,AEA,EN,Federal Contract Tower,0,21,25,0,46,0,2,125,3,130,0,23,150,3,176,62,0,62,238
07/07/2007,TTN,NJ,AEA,EN,Federal Contract Tower,0,6,12,0,18,0,0,164,2,166,0,6,176,2,184,104,0,104,288
07/08/2007,TTN,NJ,AEA,EN,Federal Contract Tower,0,10,41,2,53,0,1,150,4,155,0,11,191,6,208,50,0,50,258
07/09/2007,TTN,NJ,AEA,EN,Federal Contract Tower,0,21,24,0,45,0,0,143,6,149,0,21,167,6,194,40,0,40,234
07/10/2007,TTN,NJ,AEA,EN,Federal Contract Tower,0,23,56,0,79,0,0,85,9,94,0,23,141,9,173,16,2,18,191
07/11/2007,TTN,NJ,AEA,EN,Federal Contract Tower,0,21,57,0,78,0,0,49,8,57,0,21,106,8,135,12,0,12,147
07/12/2007,TTN,NJ,AEA,EN,Federal Contract Tower,0,22,53,0,75,0,0,162,16,178,0,22,215,16,253,100,0,100,353
07/13/2007,TTN,NJ,AEA,EN,Federal Contract Tower,0,24,33,0,57,0,0,167,9,176,0,24,200,9,233,86,0,86,319
07/14/2007,TTN,NJ,AEA,EN,Federal Contract Tower,0,4,19,0,23,0,0,196,20,216,0,4,215,20,239,116,0,116,355
07/15/2007,TTN,NJ,AEA,EN,Federal Contract Tower,0,8,36,0,44,0,0,111,13,124,0,8,147,13,168,94,0,94,262
07/16/2007,TTN,NJ,AEA,EN,Federal Contract Tower,0,21,41,0,62,0,0,163,3,166,0,21,204,3,228,56,0,56,284
07/17/2007,TTN,NJ,AEA,EN,Federal Contract Tower,0,21,31,0,52,0,0,150,10,160,0,21,181,10,212,60,0,60,272
07/18/2007,TTN,NJ,AEA,EN,Federal Contract Tower,0,23,49,0,72,0,0,41,1,42,0,23,90,1,114,4,0,4,118
07/19/2007,TTN,NJ,AEA,EN,Federal Contract Tower,0,29,54,0,83,0,0,103,11,114,0,29,157,11,197,52,0,52,249
07/20/2007,TTN,NJ,AEA,EN,Federal Contract Tower,0,26,48,0,74,0,0,159,4,163,0,26,207,4,237,68,0,68,305
07/21/2007,TTN,NJ,AEA,EN,Federal Contract Tower,0,5,26,0,31,0,0,130,2,132,0,5,156,2,163,110,0,110,273
07/22/2007,TTN,NJ,AEA,EN,Federal Contract Tower,0,10,40,1,51,0,0,143,14,157,0,10,183,15,208,122,2,124,332
07/23/2007,TTN,NJ,AEA,EN,Federal Contract Tower,0,26,52,0,78,0,0,40,0,40,0,26,92,0,118,0,0,0,118
07/24/2007,TTN,NJ,AEA,EN,Federal Contract Tower,0,20,40,0,60,0,0,193,20,213,0,20,233,20,273,62,0,62,335
07/25/2007,TTN,NJ,AEA,EN,Federal Contract Tower,0,25,56,0,81,0,0,154,26,180,0,25,210,26,261,88,2,90,351
07/26/2007,TTN,NJ,AEA,EN,Federal Contract Tower,0,29,42,2,73,0,0,0,21,21,0,29,42,23,94,56,0,56,150
07/27/2007,TTN,NJ,AEA,EN,Federal Contract Tower,0,21,39,4,64,0,0,104,11,115,0,21,143,15,179,70,0,70,249
07/28/2007,TTN,NJ,AEA,EN,Federal Contract Tower,0,8,41,0,49,0,0,66,2,68,0,8,107,2,117,116,0,116,233
07/29/2007,TTN,NJ,AEA,EN,Federal Contract Tower,0,8,27,1,36,0,0,12,0,12,0,8,39,1,48,38,0,38,86
07/30/2007,TTN,NJ,AEA,EN,Federal Contract Tower,0,27,52,0,79,0,0,117,14,131,0,27,169,14,210,66,0,66,276
07/31/2007,TTN,NJ,AEA,EN,Federal Contract Tower,0,26,37,2,65,0,0,162,19,181,0,26,199,21,246,96,0,96,342
08/01/2007,TTN,NJ,AEA,EN,Federal Contract Tower,0,29,31,2,62,0,0,148,10,158,0,29,179,12,220,80,0,80,300
08/02/2007,TTN,NJ,AEA,EN,Federal Contract Tower,0,28,42,2,72,0,3,199,22,224,0,31,241,24,296,64,0,64,360
08/03/2007,TTN,NJ,AEA,EN,Federal Contract Tower,0,23,38,0,61,0,0,135,9,144,0,23,173,9,205,44,0,44,249
08/04/2007,TTN,NJ,AEA,EN,Federal Contract Tower,0,7,25,0,32,0,0,114,7,121,0,7,139,7,153,114,0,114,267
08/05/2007,TTN,NJ,AEA,EN,Federal Contract Tower,0,13,22,0,35,0,0,136,10,146,0,13,158,10,181,122,0,122,303
08/06/2007,TTN,NJ,AEA,EN,Federal Contract Tower,0,18,46,0,64,0,0,54,13,67,0,18,100,13,131,22,0,22,153
08/07/2007,TTN,NJ,AEA,EN,Federal Contract Tower,0,18,31,0,49,0,1,101,22,124,0,19,132,22,173,34,6,40,213
08/08/2007,TTN,NJ,AEA,EN,Federal Contract Tower,0,32,33,2,67,0,0,102,14,116,0,32,135,16,183,38,0,38,221
08/09/2007,TTN,NJ,AEA,EN,Federal Contract Tower,0,26,30,0,56,0,0,121,21,142,0,26,151,21,198,72,2,74,272
08/10/2007,TTN,NJ,AEA,EN,Federal Contract Tower,0,31,44,1,76,0,0,7,1,8,0,31,51,2,84,2,0,2,86
08/11/2007,TTN,NJ,AEA,EN,Federal Contract Tower,0,6,36,0,42,0,0,131,30,161,0,6,167,30,203,92,108,200,403
08/12/2007,TTN,NJ,AEA,EN,Federal Contract Tower,0,15,26,0,41,0,0,126,21,147,0,15,152,21,188,92,20,112,300
08/13/2007,TTN,NJ,AEA,EN,Federal Contract Tower,0,17,50,0,67,0,0,146,7,153,0,17,196,7,220,66,0,66,286
08/14/2007,TTN,NJ,AEA,EN,Federal Contract Tower,0,26,31,0,57,0,0,159,26,185,0,26,190,26,242,90,0,90,332
08/15/2007,TTN,NJ,AEA,EN,Federal Contract Tower,0,27,36,0,63,0,0,96,13,109,0,27,132,13,172,70,0,70,242
08/16/2007,TTN,NJ,AEA,EN,Federal Contract Tower,0,25,31,2,58,0,0,111,14,125,0,25,142,16,183,38,0,38,221
08/17/2007,TTN,NJ,AEA,EN,Federal Contract Tower,0,23,26,2,51,0,0,112,9,121,0,23,138,11,172,98,4,102,274
08/18/2007,TTN,NJ,AEA,EN,Federal Contract Tower,0,8,29,0,37,0,0,115,1,116,0,8,144,1,153,76,0,76,229
08/19/2007,TTN,NJ,AEA,EN,Federal Contract Tower,0,7,35,0,42,0,0,84,1,85,0,7,119,1,127,36,0,36,163
08/20/2007,TTN,NJ,AEA,EN,Federal Contract Tower,0,19,29,2,50,0,0,33,6,39,0,19,62,8,89,16,0,16,105
08/21/2007,TTN,NJ,AEA,EN,Federal Contract Tower,0,19,30,0,49,0,0,7,0,7,0,19,37,0,56,0,0,0,56
08/22/2007,TTN,NJ,AEA,EN,Federal Contract Tower,0,22,58,0,80,0,0,0,0,0,0,22,58,0,80,0,0,0,80
08/23/2007,TTN,NJ,AEA,EN,Federal Contract Tower,0,24,47,2,73,0,0,48,6,54,0,24,95,8,127,8,6,14,141
08/24/2007,TTN,NJ,AEA,EN,Federal Contract Tower,0,25,48,0,73,0,0,41,12,53,0,25,89,12,126,0,0,0,126
08/25/2007,TTN,NJ,AEA,EN,Federal Contract Tower,0,6,19,0,25,0,0,48,0,48,0,6,67,0,73,38,0,38,111
08/26/2007,TTN,NJ,AEA,EN,Federal Contract Tower,0,10,33,0,43,0,0,115,0,115,0,10,148,0,158,88,0,88,246
08/27/2007,TTN,NJ,AEA,EN,Federal Contract Tower,0,25,43,0,68,0,6,162,12,180,0,31,205,12,248,50,0,50,298
08/28/2007,TTN,NJ,AEA,EN,Federal Contract Tower,0,22,41,3,66,0,0,200,19,219,0,22,241,22,285,60,0,60,345
08/29/2007,TTN,NJ,AEA,EN,Federal Contract Tower,0,25,41,1,67,0,1,132,22,155,0,26,173,23,222,84,0,84,306
08/30/2007,TTN,NJ,AEA,EN,Federal Contract Tower,0,19,35,1,55,0,0,123,17,140,0,19,158,18,195,140,0,140,335
08/31/2007,TTN,NJ,AEA,EN,Federal Contract Tower,2,25,61,0,88,0,0,98,7,105,2,25,159,7,193,68,0,68,261
09/01/2007,TTN,NJ,AEA,EN,Federal Contract Tower,0,7,31,0,38,0,2,141,0,143,0,9,172,0,181,88,0,88,269
09/02/2007,TTN,NJ,AEA,EN,Federal Contract Tower,0,2,24,1,27,0,0,120,0,120,0,2,144,1,147,84,0,84,231
09/03/2007,TTN,NJ,AEA,EN,Federal Contract Tower,0,13,40,0,53,0,0,148,0,148,0,13,188,0,201,46,0,46,247
09/04/2007,TTN,NJ,AEA,EN,Federal Contract Tower,0,21,39,0,60,0,0,161,13,174,0,21,200,13,234,66,0,66,300
09/05/2007,TTN,NJ,AEA,EN,Federal Contract Tower,0,28,53,1,82,0,1,172,9,182,0,29,225,10,264,104,0,104,368
09/06/2007,TTN,NJ,AEA,EN,Federal Contract Tower,0,39,34,2,75,0,0,124,24,148,0,39,158,26,223,70,2,72,295
09/07/2007,TTN,NJ,AEA,EN,Federal Contract Tower,0,25,41,0,66,0,0,117,5,122,0,25,158,5,188,88,3,91,279
09/08/2007,TTN,NJ,AEA,EN,Federal Contract Tower,0,10,27,0,37,0,0,143,15,158,0,10,170,15,195,126,0,126,321
09/09/2007,TTN,NJ,AEA,EN,Federal Contract Tower,0,20,38,0,58,0,1,126,0,127,0,21,164,0,185,152,0,152,337
09/10/2007,TTN,NJ,AEA,EN,Federal Contract Tower,0,24,42,0,66,0,2,63,3,68,0,26,105,3,134,74,0,74,208
09/11/2007,TTN,NJ,AEA,EN,Federal Contract Tower,0,28,50,1,79,0,0,36,3,39,0,28,86,4,118,28,6,34,152
09/12/2007,TTN,NJ,AEA,EN,Federal Contract Tower,0,27,40,2,69,0,0,172,5,177,0,27,212,7,246,62,4,66,312
09/13/2007,TTN,NJ,AEA,EN,Federal Contract Tower,0,24,40,2,66,0,2,153,11,166,0,26,193,13,232,112,5,117,349
09/14/2007,TTN,NJ,AEA,EN,Federal Contract Tower,0,27,43,2,72,0,0,173,6,179,0,27,216,8,251,103,0,103,354
09/15/2007,TTN,NJ,AEA,EN,Federal Contract Tower,0,8,12,0,20,0,1,69,3,73,0,9,81,3,93,48,0,48,141
09/16/2007,TTN,NJ,AEA,EN,Federal Contract Tower,0,12,20,0,32,0,4,144,3,151,0,16,164,3,183,121,2,123,306
09/17/2007,TTN,NJ,AEA,EN,Federal Contract Tower,0,30,55,0,85,0,0,132,9,141,0,30,187,9,226,114,2,116,342
09/18/2007,TTN,NJ,AEA,EN,Federal Contract Tower,0,28,39,3,70,0,0,161,12,173,0,28,200,15,243,81,0,81,324
09/19/2007,TTN,NJ,AEA,EN,Federal Contract Tower,0,26,38,3,67,0,0,148,3,151,0,26,186,6,218,112,16,128,346
09/20/2007,TTN,NJ,AEA,EN,Federal Contract Tower,0,32,37,2,71,0,0,135,15,150,0,32,172,17,221,159,10,169,390
09/21/2007,TTN,NJ,AEA,EN,Federal Contract Tower,0,30,35,2,67,0,0,152,14,166,0,30,187,16,233,160,0,160,393
09/22/2007,TTN,NJ,AEA,EN,Federal Contract Tower,0,8,29,0,37,0,0,33,0,33,0,8,62,0,70,30,0,30,100
09/23/2007,TTN,NJ,AEA,EN,Federal Contract Tower,0,12,38,0,50,0,0,87,0,87,0,12,125,0,137,120,0,120,257
09/24/2007,TTN,NJ,AEA,EN,Federal Contract Tower,0,32,51,0,83,0,0,121,2,123,0,32,172,2,206,102,0,102,308
09/25/2007,TTN,NJ,AEA,EN,Federal Contract Tower,0,32,37,6,75,0,0,133,11,144,0,32,170,17,219,115,7,122,341
09/26/2007,TTN,NJ,AEA,EN,Federal Contract Tower,0,27,56,0,83,0,1,131,7,139,0,28,187,7,222,143,2,145,367
09/27/2007,TTN,NJ,AEA,EN,Federal Contract Tower,0,37,42,0,79,0,0,98,1,99,0,37,140,1,178,41,2,43,221
09/28/2007,TTN,NJ,AEA,EN,Federal Contract Tower,0,17,39,0,56,0,1,97,2,100,0,18,136,2,156,94,0,94,250
09/29/2007,TTN,NJ,AEA,EN,Federal Contract Tower,0,11,36,0,47,0,0,120,8,128,0,11,156,8,175,77,0,77,252
09/30/2007,TTN,NJ,AEA,EN,Federal Contract Tower,0,14,28,2,44,0,1,110,0,111,0,15,138,2,155,97,0,97,252
10/01/2007,TTN,NJ,AEA,EN,Federal Contract Tower,0,23,41,0,64,0,0,117,2,119,0,23,158,2,183,128,0,128,311
10/02/2007,TTN,NJ,AEA,EN,Federal Contract Tower,0,11,53,0,64,0,0,119,8,127,0,11,172,8,191,126,1,127,318
10/03/2007,TTN,NJ,AEA,EN,Federal Contract Tower,0,17,55,1,73,0,1,74,4,79,0,18,129,5,152,80,0,80,232
10/04/2007,TTN,NJ,AEA,EN,Federal Contract Tower,0,15,53,2,70,0,0,98,12,110,0,15,151,14,180,64,1,65,245
10/05/2007,TTN,NJ,AEA,EN,Federal Contract Tower,2,26,61,2,91,0,2,47,7,56,2,28,108,9,147,6,2,8,155
10/06/2007,TTN,NJ,AEA,EN,Federal Contract Tower,2,4,30,2,38,0,1,155,2,158,2,5,185,4,196,98,0,98,294
10/07/2007,TTN,NJ,AEA,EN,Federal Contract Tower,0,11,26,0,37,0,3,120,0,123,0,14,146,0,160,114,0,114,274
10/08/2007,TTN,NJ,AEA,EN,Federal Contract Tower,0,25,50,0,75,0,0,56,1,57,0,25,106,1,132,51,0,51,183
10/09/2007,TTN,NJ,AEA,EN,Federal Contract Tower,0,24,35,2,61,0,0,57,5,62,0,24,92,7,123,87,1,88,211
10/10/2007,TTN,NJ,AEA,EN,Federal Contract Tower,0,24,49,0,73,0,0,98,9,107,0,24,147,9,180,99,2,101,281
10/11/2007,TTN,NJ,AEA,EN,Federal Contract Tower,0,29,54,3,86,0,1,28,7,36,0,30,82,10,122,46,2,48,170
10/12/2007,TTN,NJ,AEA,EN,Federal Contract Tower,0,20,41,0,61,0,0,64,3,67,0,20,105,3,128,17,9,26,154
10/13/2007,TTN,NJ,AEA,EN,Federal Contract Tower,0,10,25,0,35,0,0,132,4,136,0,10,157,4,171,129,0,129,300
10/14/2007,TTN,NJ,AEA,EN,Federal Contract Tower,0,15,38,0,53,0,0,102,1,103,0,15,140,1,156,117,2,119,275
10/15/2007,TTN,NJ,AEA,EN,Federal Contract Tower,0,19,30,2,51,0,0,127,8,135,0,19,157,10,186,133,17,150,336
10/16/2007,TTN,NJ,AEA,EN,Federal Contract Tower,0,25,50,0,75,0,0,159,9,168,0,25,209,9,243,106,6,112,355
10/17/2007,TTN,NJ,AEA,EN,Federal Contract Tower,0,22,39,4,65,0,0,101,7,108,0,22,140,11,173,41,12,53,226
10/18/2007,TTN,NJ,AEA,EN,Federal Contract Tower,0,24,42,5,71,0,0,57,11,68,0,24,99,16,139,18,8,26,165
10/19/2007,TTN,NJ,AEA,EN,Federal Contract Tower,0,18,62,0,80,0,0,22,0,22,0,18,84,0,102,4,0,4,106
10/20/2007,TTN,NJ,AEA,EN,Federal Contract Tower,0,5,24,0,29,0,0,110,1,111,0,5,134,1,140,126,2,128,268
10/21/2007,TTN,NJ,AEA,EN,Federal Contract Tower,0,14,26,0,40,0,0,115,0,115,0,14,141,0,155,127,0,127,282
10/22/2007,TTN,NJ,AEA,EN,Federal Contract Tower,0,24,61,0,85,0,0,132,2,134,0,24,193,2,219,127,0,127,346
10/23/2007,TTN,NJ,AEA,EN,Federal Contract Tower,0,31,38,1,70,0,1,127,7,135,0,32,165,8,205,44,3,47,252
10/24/2007,TTN,NJ,AEA,EN,Federal Contract Tower,0,27,46,2,75,0,0,42,0,42,0,27,88,2,117,16,3,19,136
10/25/2007,TTN,NJ,AEA,EN,Federal Contract Tower,0,32,54,0,86,0,3,99,5,107,0,35,153,5,193,43,3,46,239
10/26/2007,TTN,NJ,AEA,EN,Federal Contract Tower,0,35,58,1,94,0,2,31,0,33,0,37,89,1,127,37,0,37,164
10/27/2007,TTN,NJ,AEA,EN,Federal Contract Tower,0,10,28,0,38,0,0,42,0,42,0,10,70,0,80,38,0,38,118
10/28/2007,TTN,NJ,AEA,EN,Federal Contract Tower,0,17,46,0,63,0,1,117,0,118,0,18,163,0,181,139,0,139,320
10/29/2007,TTN,NJ,AEA,EN,Federal Contract Tower,0,27,50,2,79,0,0,84,3,87,0,27,134,5,166,67,5,72,238
10/30/2007,TTN,NJ,AEA,EN,Federal Contract Tower,0,23,38,3,64,0,0,157,12,169,0,23,195,15,233,110,0,110,343
10/31/2007,TTN,NJ,AEA,EN,Federal Contract Tower,0,23,35,0,58,0,2,137,6,145,0,25,172,6,203,90,12,102,305
11/01/2007,TTN,NJ,AEA,EN,Federal Contract Tower,0,26,39,3,68,0,0,52,3,55,0,26,91,6,123,42,9,51,174
11/02/2007,TTN,NJ,AEA,EN,Federal Contract Tower,0,22,43,0,65,0,0,122,6,128,0,22,165,6,193,105,0,105,298
11/03/2007,TTN,NJ,AEA,EN,Federal Contract Tower,0,6,26,0,32,0,0,47,2,49,0,6,73,2,81,42,0,42,123
11/04/2007,TTN,NJ,AEA,EN,Federal Contract Tower,0,18,27,1,46,0,0,95,0,95,0,18,122,1,141,141,0,141,282
11/05/2007,TTN,NJ,AEA,EN,Federal Contract Tower,0,32,45,5,82,0,0,131,1,132,0,32,176,6,214,52,0,52,266
11/06/2007,TTN,NJ,AEA,EN,Federal Contract Tower,0,23,32,0,55,0,4,78,10,92,0,27,110,10,147,10,6,16,163
11/07/2007,TTN,NJ,AEA,EN,Federal Contract Tower,0,20,44,2,66,0,0,101,3,104,0,20,145,5,170,42,0,42,212
11/08/2007,TTN,NJ,AEA,EN,Federal Contract Tower,0,20,44,2,66,0,0,101,3,104,0,20,145,5,170,42,0,42,212
11/09/2007,TTN,NJ,AEA,EN,Federal Contract Tower,0,33,43,2,78,0,0,118,8,126,0,33,161,10,204,65,10,75,279
11/10/2007,TTN,NJ,AEA,EN,Federal Contract Tower,0,29,49,0,78,0,3,96,0,99,0,32,145,0,177,53,0,53,230
11/11/2007,TTN,NJ,AEA,EN,Federal Contract Tower,0,21,39,0,60,0,0,114,0,114,0,21,153,0,174,201,0,201,375
11/12/2007,TTN,NJ,AEA,EN,Federal Contract Tower,0,26,45,1,72,0,6,95,2,103,0,32,140,3,175,14,2,16,191
11/13/2007,TTN,NJ,AEA,EN,Federal Contract Tower,0,19,38,3,60,0,0,97,14,111,0,19,135,17,171,6,0,6,177
11/14/2007,TTN,NJ,AEA,EN,Federal Contract Tower,0,26,50,2,78,0,0,11,0,11,0,26,61,2,89,0,0,0,89
11/15/2007,TTN,NJ,AEA,EN,Federal Contract Tower,0,23,36,2,61,0,0,26,5,31,0,23,62,7,92,9,8,17,109
11/16/2007,TTN,NJ,AEA,EN,Federal Contract Tower,2,29,40,3,74,0,1,79,9,89,2,30,119,12,163,39,4,43,206
11/17/2007,TTN,NJ,AEA,EN,Federal Contract Tower,0,18,19,0,37,0,2,97,5,104,0,20,116,5,141,97,0,97,238
11/18/2007,TTN,NJ,AEA,EN,Federal Contract Tower,0,14,24,0,38,0,0,4,0,4,0,14,28,0,42,6,0,6,48
11/19/2007,TTN,NJ,AEA,EN,Federal Contract Tower,0,21,43,0,64,0,0,5,0,5,0,21,48,0,69,6,6,12,81
11/20/2007,TTN,NJ,AEA,EN,Federal Contract Tower,0,22,66,2,90,0,0,20,0,20,0,22,86,2,110,8,0,8,118
11/21/2007,TTN,NJ,AEA,EN,Federal Contract Tower,0,34,52,0,86,0,0,66,7,73,0,34,118,7,159,32,2,34,193
11/22/2007,TTN,NJ,AEA,EN,Federal Contract Tower,0,10,3,0,13,0,2,7,0,9,0,12,10,0,22,15,0,15,37
11/23/2007,TTN,NJ,AEA,EN,Federal Contract Tower,0,14,13,0,27,0,0,51,0,51,0,14,64,0,78,22,0,22,100
11/24/2007,TTN,NJ,AEA,EN,Federal Contract Tower,0,12,16,0,28,0,0,136,0,136,0,12,152,0,164,120,0,120,284
11/25/2007,TTN,NJ,AEA,EN,Federal Contract Tower,0,13,40,0,53,0,0,108,30,138,0,13,148,30,191,123,0,123,314
11/26/2007,TTN,NJ,AEA,EN,Federal Contract Tower,0,19,34,0,53,0,0,0,0,0,0,19,34,0,53,0,0,0,53
11/27/2007,TTN,NJ,AEA,EN,Federal Contract Tower,0,19,51,1,71,0,0,103,21,124,0,19,154,22,195,22,0,22,217
11/28/2007,TTN,NJ,AEA,EN,Federal Contract Tower,0,29,44,6,79,0,0,144,2,146,0,29,188,8,225,118,3,121,346
11/29/2007,TTN,NJ,AEA,EN,Federal Contract Tower,0,13,37,2,52,0,0,88,11,99,0,13,125,13,151,103,8,111,262
11/30/2007,TTN,NJ,AEA,EN,Federal Contract Tower,0,16,45,0,61,0,0,120,3,123,0,16,165,3,184,77,2,79,263
12/01/2007,TTN,NJ,AEA,EN,Federal Contract Tower,0,6,17,0,23,0,0,121,2,123,0,6,138,2,146,102,0,102,248
12/02/2007,TTN,NJ,AEA,EN,Federal Contract Tower,0,10,20,0,30,0,0,0,0,0,0,10,20,0,30,0,0,0,30
12/03/2007,TTN,NJ,AEA,EN,Federal Contract Tower,0,8,30,0,38,0,0,45,0,45,0,8,75,0,83,5,2,7,90
12/04/2007,TTN,NJ,AEA,EN,Federal Contract Tower,0,17,36,0,53,0,0,92,18,110,0,17,128,18,163,5,2,7,170
12/05/2007,TTN,NJ,AEA,EN,Federal Contract Tower,0,20,38,5,63,0,0,27,0,27,0,20,65,5,90,23,2,25,115
12/06/2007,TTN,NJ,AEA,EN,Federal Contract Tower,0,17,37,2,56,0,0,131,11,142,0,17,168,13,198,66,7,73,271
12/07/2007,TTN,NJ,AEA,EN,Federal Contract Tower,0,18,39,0,57,0,0,93,1,94,0,18,132,1,151,49,1,50,201
12/08/2007,TTN,NJ,AEA,EN,Federal Contract Tower,0,9,16,0,25,0,0,109,11,120,0,9,125,11,145,142,0,142,287
12/09/2007,TTN,NJ,AEA,EN,Federal Contract Tower,0,11,17,0,28,0,0,54,0,54,0,11,71,0,82,57,0,57,139
12/10/2007,TTN,NJ,AEA,EN,Federal Contract Tower,0,12,34,0,46,0,2,44,0,46,0,14,78,0,92,6,0,6,98
12/11/2007,TTN,NJ,AEA,EN,Federal Contract Tower,0,22,61,2,85,0,0,33,0,33,0,22,94,2,118,2,0,2,120
12/12/2007,TTN,NJ,AEA,EN,Federal Contract Tower,0,17,34,0,51,0,0,64,6,70,0,17,98,6,121,33,2,35,156
12/13/2007,TTN,NJ,AEA,EN,Federal Contract Tower,0,16,31,0,47,0,0,6,0,6,0,16,37,0,53,0,0,0,53
12/14/2007,TTN,NJ,AEA,EN,Federal Contract Tower,0,14,32,0,46,0,1,100,0,101,0,15,132,0,147,36,0,36,183
12/15/2007,TTN,NJ,AEA,EN,Federal Contract Tower,0,6,34,1,41,0,0,153,0,153,0,6,187,1,194,118,0,118,312
12/16/2007,TTN,NJ,AEA,EN,Federal Contract Tower,0,4,15,0,19,0,0,0,0,0,0,4,15,0,19,2,0,2,21
12/17/2007,TTN,NJ,AEA,EN,Federal Contract Tower,0,18,25,0,43,0,0,42,0,42,0,18,67,0,85,25,0,25,110
12/18/2007,TTN,NJ,AEA,EN,Federal Contract Tower,0,21,34,1,56,0,4,200,10,214,0,25,234,11,270,175,8,183,453
12/19/2007,TTN,NJ,AEA,EN,Federal Contract Tower,0,24,29,6,59,0,0,102,8,110,0,24,131,14,169,125,7,132,301
12/20/2007,TTN,NJ,AEA,EN,Federal Contract Tower,0,14,23,0,37,0,0,113,62,175,0,14,136,62,212,152,1,153,365
12/21/2007,TTN,NJ,AEA,EN,Federal Contract Tower,0,14,21,0,35,0,0,24,0,24,0,14,45,0,59,0,0,0,59
12/22/2007,TTN,NJ,AEA,EN,Federal Contract Tower,0,16,20,1,37,0,0,9,0,9,0,16,29,1,46,18,0,18,64
12/23/2007,TTN,NJ,AEA,EN,Federal Contract Tower,0,9,9,0,18,0,0,0,0,0,0,9,9,0,18,0,0,0,18
12/24/2007,TTN,NJ,AEA,EN,Federal Contract Tower,0,7,7,0,14,0,0,25,5,30,0,7,32,5,44,36,0,36,80
12/25/2007,TTN,NJ,AEA,EN,Federal Contract Tower,0,11,6,0,17,0,0,25,0,25,0,11,31,0,42,7,0,7,49
12/26/2007,TTN,NJ,AEA,EN,Federal Contract Tower,0,26,42,0,68,0,0,42,0,42,0,26,84,0,110,56,0,56,166
12/27/2007,TTN,NJ,AEA,EN,Federal Contract Tower,0,15,14,0,29,0,4,10,0,14,0,19,24,0,43,4,0,4,47
12/28/2007,TTN,NJ,AEA,EN,Federal Contract Tower,0,6,9,3,18,0,5,102,0,107,0,11,111,3,125,148,3,151,276
12/29/2007,TTN,NJ,AEA,EN,Federal Contract Tower,0,6,11,0,17,0,0,80,0,80,0,6,91,0,97,112,0,112,209
12/30/2007,TTN,NJ,AEA,EN,Federal Contract Tower,0,1,14,0,15,0,0,49,0,49,0,1,63,0,64,85,0,85,149
12/31/2007,TTN,NJ,AEA,EN,Federal Contract Tower,0,5,7,0,12,0,3,37,0,40,0,8,44,0,52,85,0,85,137
01/01/2008,TTN,NJ,AEA,EN,Federal Contract Tower,2,5,23,0,30,0,1,28,0,29,2,6,51,0,59,28,0,28,87
01/02/2008,TTN,NJ,AEA,EN,Federal Contract Tower,0,10,10,0,20,0,2,37,4,43,0,12,47,4,63,32,4,36,99
01/03/2008,TTN,NJ,AEA,EN,Federal Contract Tower,0,8,18,0,26,0,0,68,9,77,0,8,86,9,103,104,11,115,218
01/04/2008,TTN,NJ,AEA,EN,Federal Contract Tower,0,9,16,0,25,0,1,88,3,92,0,10,104,3,117,108,9,117,234
01/05/2008,TTN,NJ,AEA,EN,Federal Contract Tower,0,12,27,0,39,0,0,122,11,133,0,12,149,11,172,141,6,147,319
01/06/2008,TTN,NJ,AEA,EN,Federal Contract Tower,0,6,31,0,37,0,1,68,0,69,0,7,99,0,106,250,0,250,356
01/07/2008,TTN,NJ,AEA,EN,Federal Contract Tower,0,10,31,0,41,0,1,85,4,90,0,11,116,4,131,137,4,141,272
01/08/2008,TTN,NJ,AEA,EN,Federal Contract Tower,0,10,25,2,37,0,0,145,31,176,0,10,170,33,213,130,2,132,345
01/09/2008,TTN,NJ,AEA,EN,Federal Contract Tower,0,9,30,0,39,0,0,57,10,67,0,9,87,10,106,23,2,25,131
01/10/2008,TTN,NJ,AEA,EN,Federal Contract Tower,0,6,41,0,47,0,1,99,6,106,0,7,140,6,153,123,11,134,287
01/11/2008,TTN,NJ,AEA,EN,Federal Contract Tower,0,13,18,0,31,0,0,30,0,30,0,13,48,0,61,0,0,0,61
01/12/2008,TTN,NJ,AEA,EN,Federal Contract Tower,0,8,22,0,30,0,0,83,2,85,0,8,105,2,115,216,0,216,331
01/13/2008,TTN,NJ,AEA,EN,Federal Contract Tower,0,2,28,1,31,0,1,64,6,71,0,3,92,7,102,130,0,130,232
01/14/2008,TTN,NJ,AEA,EN,Federal Contract Tower,0,7,33,2,42,0,0,11,5,16,0,7,44,7,58,36,6,42,100
01/15/2008,TTN,NJ,AEA,EN,Federal Contract Tower,0,8,29,0,37,0,0,56,22,78,0,8,85,22,115,32,1,33,148
01/16/2008,TTN,NJ,AEA,EN,Federal Contract Tower,0,17,32,3,52,0,1,125,16,142,0,18,157,19,194,126,13,139,333
01/17/2008,TTN,NJ,AEA,EN,Federal Contract Tower,0,15,57,0,72,0,0,2,1,3,0,15,59,1,75,112,2,114,189
01/18/2008,TTN,NJ,AEA,EN,Federal Contract Tower,0,13,41,0,54,0,0,75,0,75,0,13,116,0,129,138,0,138,267
01/19/2008,TTN,NJ,AEA,EN,Federal Contract Tower,0,7,11,0,18,0,0,102,0,102,0,7,113,0,120,164,0,164,284
01/20/2008,TTN,NJ,AEA,EN,Federal Contract Tower,0,4,12,0,16,0,0,35,1,36,0,4,47,1,52,99,1,100,152
01/21/2008,TTN,NJ,AEA,EN,Federal Contract Tower,0,8,22,0,30,0,2,42,0,44,0,10,64,0,74,112,0,112,186
01/22/2008,TTN,NJ,AEA,EN,Federal Contract Tower,0,7,30,1,38,0,0,56,14,70,0,7,86,15,108,34,12,46,154
01/23/2008,TTN,NJ,AEA,EN,Federal Contract Tower,0,5,31,2,38,0,2,95,8,105,0,7,126,10,143,57,3,60,203
01/24/2008,TTN,NJ,AEA,EN,Federal Contract Tower,0,20,27,0,47,0,0,69,3,72,0,20,96,3,119,89,6,95,214
01/25/2008,TTN,NJ,AEA,EN,Federal Contract Tower,0,4,16,0,20,0,1,83,8,92,0,5,99,8,112,100,5,105,217
01/26/2008,TTN,NJ,AEA,EN,Federal Contract Tower,0,5,23,0,28,0,6,80,0,86,0,11,103,0,114,175,0,175,289
01/27/2008,TTN,NJ,AEA,EN,Federal Contract Tower,0,5,23,0,28,0,1,48,2,51,0,6,71,2,79,168,0,168,247
01/28/2008,TTN,NJ,AEA,EN,Federal Contract Tower,0,11,35,1,47,0,5,70,6,81,0,16,105,7,128,72,7,79,207
01/29/2008,TTN,NJ,AEA,EN,Federal Contract Tower,0,15,28,0,43,0,0,53,4,57,0,15,81,4,100,26,1,27,127
01/30/2008,TTN,NJ,AEA,EN,Federal Contract Tower,0,12,32,2,46,0,0,27,4,31,0,12,59,6,77,23,9,32,109
01/31/2008,TTN,NJ,AEA,EN,Federal Contract Tower,0,5,25,2,32,0,6,93,4,103,0,11,118,6,135,155,18,173,308
02/01/2008,TTN,NJ,AEA,EN,Federal Contract Tower,2,6,19,0,27,0,2,9,0,11,2,8,28,0,38,0,0,0,38
02/02/2008,TTN,NJ,AEA,EN,Federal Contract Tower,0,15,19,0,34,0,0,131,0,131,0,15,150,0,165,164,0,164,329
02/03/2008,TTN,NJ,AEA,EN,Federal Contract Tower,0,12,34,0,46,0,0,108,0,108,0,12,142,0,154,268,0,268,422
02/04/2008,TTN,NJ,AEA,EN,Federal Contract Tower,2,10,31,0,43,0,0,41,4,45,2,10,72,4,88,43,0,43,131
02/05/2008,TTN,NJ,AEA,EN,Federal Contract Tower,0,12,24,0,36,0,0,56,13,69,0,12,80,13,105,50,3,53,158
02/06/2008,TTN,NJ,AEA,EN,Federal Contract Tower,0,9,29,0,38,0,0,32,2,34,0,9,61,2,72,21,1,22,94
02/07/2008,TTN,NJ,AEA,EN,Federal Contract Tower,0,8,22,2,32,0,0,79,6,85,0,8,101,8,117,93,11,104,221
02/08/2008,TTN,NJ,AEA,EN,Federal Contract Tower,0,13,50,2,65,0,0,133,1,134,0,13,183,3,199,109,0,109,308
02/09/2008,TTN,NJ,AEA,EN,Federal Contract Tower,0,6,16,0,22,0,0,38,1,39,0,6,54,1,61,71,1,72,133
02/10/2008,TTN,NJ,AEA,EN,Federal Contract Tower,0,2,24,0,26,0,1,28,0,29,0,3,52,0,55,9,0,9,64
02/11/2008,TTN,NJ,AEA,EN,Federal Contract Tower,0,4,37,0,41,0,0,41,4,45,0,4,78,4,86,44,4,48,134
02/12/2008,TTN,NJ,AEA,EN,Federal Contract Tower,0,4,42,0,46,0,0,15,0,15,0,4,57,0,61,27,0,27,88
02/13/2008,TTN,NJ,AEA,EN,Federal Contract Tower,0,8,31,0,39,0,0,2,0,2,0,8,33,0,41,13,0,13,54
02/14/2008,TTN,NJ,AEA,EN,Federal Contract Tower,0,5,19,2,26,0,0,73,8,81,0,5,92,10,107,119,3,122,229
02/15/2008,TTN,NJ,AEA,EN,Federal Contract Tower,0,18,29,0,47,0,0,94,3,97,0,18,123,3,144,102,0,102,246
02/16/2008,TTN,NJ,AEA,EN,Federal Contract Tower,0,4,30,0,34,0,0,132,0,132,0,4,162,0,166,251,0,251,417
02/17/2008,TTN,NJ,AEA,EN,Federal Contract Tower,0,4,29,0,33,0,0,96,18,114,0,4,125,18,147,146,0,146,293
02/18/2008,TTN,NJ,AEA,EN,Federal Contract Tower,0,9,35,0,44,0,0,20,0,20,0,9,55,0,64,9,0,9,73
02/19/2008,TTN,NJ,AEA,EN,Federal Contract Tower,0,3,18,2,23,0,0,99,15,114,0,3,117,17,137,76,0,76,213
02/20/2008,TTN,NJ,AEA,EN,Federal Contract Tower,0,17,55,0,72,0,0,70,0,70,0,17,125,0,142,71,1,72,214
02/21/2008,TTN,NJ,AEA,EN,Federal Contract Tower,4,6,24,1,35,0,0,80,7,87,4,6,104,8,122,101,3,104,226
02/22/2008,TTN,NJ,AEA,EN,Federal Contract Tower,0,7,21,0,28,0,0,0,0,0,0,7,21,0,28,0,0,0,28
02/23/2008,TTN,NJ,AEA,EN,Federal Contract Tower,0,8,36,0,44,0,0,9,2,11,0,8,45,2,55,0,0,0,55
02/24/2008,TTN,NJ,AEA,EN,Federal Contract Tower,0,6,30,0,36,0,1,100,0,101,0,7,130,0,137,205,0,205,342
02/25/2008,TTN,NJ,AEA,EN,Federal Contract Tower,0,5,39,3,47,0,0,67,4,71,0,5,106,7,118,151,2,153,271
02/26/2008,TTN,NJ,AEA,EN,Federal Contract Tower,0,8,40,0,48,0,1,25,0,26,0,9,65,0,74,12,0,12,86
02/27/2008,TTN,NJ,AEA,EN,Federal Contract Tower,0,13,32,0,45,0,0,73,8,81,0,13,105,8,126,37,0,37,163
02/28/2008,TTN,NJ,AEA,EN,Federal Contract Tower,0,16,33,0,49,0,0,74,7,81,0,16,107,7,130,124,5,129,259
02/29/2008,TTN,NJ,AEA,EN,Federal Contract Tower,0,17,27,1,45,0,0,90,0,90,0,17,117,1,135,182,0,182,317
03/01/2008,TTN,NJ,AEA,EN,Federal Contract Tower,0,7,6,0,13,0,0,32,0,32,0,7,38,0,45,63,0,63,108
03/02/2008,TTN,NJ,AEA,EN,Federal Contract Tower,0,8,29,0,37,0,0,75,0,75,0,8,104,0,112,203,0,203,315
03/03/2008,TTN,NJ,AEA,EN,Federal Contract Tower,0,3,28,2,33,0,0,77,4,81,0,3,105,6,114,125,8,133,247
03/04/2008,TTN,NJ,AEA,EN,Federal Contract Tower,0,8,30,0,38,0,0,36,9,45,0,8,66,9,83,63,15,78,161
03/05/2008,TTN,NJ,AEA,EN,Federal Contract Tower,0,21,27,2,50,0,1,42,2,45,0,22,69,4,95,59,7,66,161
03/06/2008,TTN,NJ,AEA,EN,Federal Contract Tower,0,13,21,3,37,0,0,155,6,161,0,13,176,9,198,231,3,234,432
03/07/2008,TTN,NJ,AEA,EN,Federal Contract Tower,0,15,41,0,56,0,0,38,0,38,0,15,79,0,94,132,0,132,226
03/08/2008,TTN,NJ,AEA,EN,Federal Contract Tower,0,13,7,0,20,0,0,2,0,2,0,13,9,0,22,0,0,0,22
03/09/2008,TTN,NJ,AEA,EN,Federal Contract Tower,0,13,27,0,40,0,0,34,7,41,0,13,61,7,81,48,1,49,130
03/10/2008,TTN,NJ,AEA,EN,Federal Contract Tower,0,1,37,0,38,0,0,100,1,101,0,1,137,1,139,147,3,150,289
03/11/2008,TTN,NJ,AEA,EN,Federal Contract Tower,2,7,40,1,50,0,0,157,14,171,2,7,197,15,221,151,30,181,402
03/12/2008,TTN,NJ,AEA,EN,Federal Contract Tower,0,8,38,2,48,0,2,64,6,72,0,10,102,8,120,68,7,75,195
03/13/2008,TTN,NJ,AEA,EN,Federal Contract Tower,0,15,37,2,54,0,0,93,3,96,0,15,130,5,150,171,4,175,325
03/14/2008,TTN,NJ,AEA,EN,Federal Contract Tower,0,10,37,0,47,0,0,84,5,89,0,10,121,5,136,124,2,126,262
03/15/2008,TTN,NJ,AEA,EN,Federal Contract Tower,0,6,46,0,52,0,0,84,0,84,0,6,130,0,136,207,0,207,343
03/16/2008,TTN,NJ,AEA,EN,Federal Contract Tower,0,10,37,0,47,0,0,16,0,16,0,10,53,0,63,99,0,99,162
03/17/2008,TTN,NJ,AEA,EN,Federal Contract Tower,0,7,64,9,80,0,2,141,1,144,0,9,205,10,224,216,2,218,442
03/18/2008,TTN,NJ,AEA,EN,Federal Contract Tower,0,12,35,0,47,0,0,90,16,106,0,12,125,16,153,159,20,179,332
03/19/2008,TTN,NJ,AEA,EN,Federal Contract Tower,0,17,44,0,61,0,1,2,0,3,0,18,46,0,64,2,0,2,66
03/20/2008,TTN,NJ,AEA,EN,Federal Contract Tower,0,7,46,1,54,0,0,31,2,33,0,7,77,3,87,27,4,31,118
03/21/2008,TTN,NJ,AEA,EN,Federal Contract Tower,0,10,19,3,32,0,0,39,2,41,0,10,58,5,73,45,5,50,123
03/22/2008,TTN,NJ,AEA,EN,Federal Contract Tower,0,2,29,0,31,0,0,62,0,62,0,2,91,0,93,148,0,148,241
03/23/2008,TTN,NJ,AEA,EN,Federal Contract Tower,0,7,35,1,43,0,1,78,7,86,0,8,113,8,129,94,0,94,223
03/24/2008,TTN,NJ,AEA,EN,Federal Contract Tower,0,10,44,2,56,0,3,98,0,101,0,13,142,2,157,177,0,177,334
03/25/2008,TTN,NJ,AEA,EN,Federal Contract Tower,0,10,47,3,60,0,2,150,15,167,0,12,197,18,227,140,0,140,367
03/26/2008,TTN,NJ,AEA,EN,Federal Contract Tower,1,7,28,2,38,0,0,73,11,84,1,7,101,13,122,61,0,61,183
03/27/2008,TTN,NJ,AEA,EN,Federal Contract Tower,1,10,38,0,49,0,0,75,2,77,1,10,113,2,126,108,0,108,234
03/28/2008,TTN,NJ,AEA,EN,Federal Contract Tower,0,1,26,1,28,0,0,32,0,32,0,1,58,1,60,90,0,90,150
03/29/2008,TTN,NJ,AEA,EN,Federal Contract Tower,0,11,23,0,34,0,1,206,0,207,0,12,229,0,241,62,0,62,303
03/30/2008,TTN,NJ,AEA,EN,Federal Contract Tower,0,5,47,0,52,0,1,89,0,90,0,6,136,0,142,210,0,210,352
03/31/2008,TTN,NJ,AEA,EN,Federal Contract Tower,0,10,34,1,45,0,0,32,1,33,0,10,66,2,78,6,4,10,88
04/01/2008,TTN,NJ,AEA,EN,Federal Contract Tower,0,16,40,2,58,0,0,32,9,41,0,16,72,11,99,14,10,24,123
04/02/2008,TTN,NJ,AEA,EN,Federal Contract Tower,0,11,38,2,51,0,0,101,17,118,0,11,139,19,169,112,1,113,282
04/03/2008,TTN,NJ,AEA,EN,Federal Contract Tower,0,16,24,0,40,0,0,116,10,126,0,16,140,10,166,211,21,232,398
04/04/2008,TTN,NJ,AEA,EN,Federal Contract Tower,0,4,26,0,30,0,0,8,0,8,0,4,34,0,38,0,0,0,38
04/05/2008,TTN,NJ,AEA,EN,Federal Contract Tower,0,16,55,0,71,0,2,95,6,103,0,18,150,6,174,104,4,108,282
04/06/2008,TTN,NJ,AEA,EN,Federal Contract Tower,0,7,34,0,41,0,0,28,9,37,0,7,62,9,78,81,2,83,161
04/07/2008,TTN,NJ,AEA,EN,Federal Contract Tower,0,9,45,5,59,0,0,44,3,47,0,9,89,8,106,124,0,124,230
04/08/2008,TTN,NJ,AEA,EN,Federal Contract Tower,0,3,55,4,62,0,0,75,9,84,0,3,130,13,146,136,3,139,285
04/09/2008,TTN,NJ,AEA,EN,Federal Contract Tower,2,2,64,2,70,0,1,67,4,72,2,3,131,6,142,90,11,101,243
04/10/2008,TTN,NJ,AEA,EN,Federal Contract Tower,0,12,55,0,67,0,3,125,3,131,0,15,180,3,198,66,7,73,271
04/11/2008,TTN,NJ,AEA,EN,Federal Contract Tower,0,13,14,0,27,0,0,105,0,105,0,13,119,0,132,110,0,110,242
04/12/2008,TTN,NJ,AEA,EN,Federal Contract Tower,0,11,20,0,31,0,0,59,4,63,0,11,79,4,94,58,6,64,158
04/13/2008,TTN,NJ,AEA,EN,Federal Contract Tower,0,7,36,0,43,0,0,58,0,58,0,7,94,0,101,114,0,114,215
04/14/2008,TTN,NJ,AEA,EN,Federal Contract Tower,0,9,37,0,46,0,0,90,21,111,0,9,127,21,157,159,2,161,318
04/15/2008,TTN,NJ,AEA,EN,Federal Contract Tower,0,6,28,1,35,0,0,143,22,165,0,6,171,23,200,180,10,190,390
04/16/2008,TTN,NJ,AEA,EN,Federal Contract Tower,0,13,37,0,50,0,0,153,16,169,0,13,190,16,219,94,3,97,316
04/17/2008,TTN,NJ,AEA,EN,Federal Contract Tower,0,10,37,0,47,0,0,104,6,110,0,10,141,6,157,137,4,141,298
04/18/2008,TTN,NJ,AEA,EN,Federal Contract Tower,0,4,34,0,38,0,0,117,3,120,0,4,151,3,158,184,0,184,342
04/19/2008,TTN,NJ,AEA,EN,Federal Contract Tower,0,1,37,0,38,0,0,160,8,168,0,1,197,8,206,171,1,172,378
04/20/2008,TTN,NJ,AEA,EN,Federal Contract Tower,0,17,46,0,63,0,0,6,0,6,0,17,52,0,69,22,0,22,91
04/21/2008,TTN,NJ,AEA,EN,Federal Contract Tower,0,14,40,2,56,0,2,31,0,33,0,16,71,2,89,72,0,72,161
04/22/2008,TTN,NJ,AEA,EN,Federal Contract Tower,0,13,48,1,62,0,0,128,6,134,0,13,176,7,196,135,4,139,335
04/23/2008,TTN,NJ,AEA,EN,Federal Contract Tower,0,12,42,2,56,0,2,128,17,147,0,14,170,19,203,179,8,187,390
04/24/2008,TTN,NJ,AEA,EN,Federal Contract Tower,0,6,34,0,40,0,2,128,6,136,0,8,162,6,176,154,0,154,330
04/25/2008,TTN,NJ,AEA,EN,Federal Contract Tower,0,9,38,0,47,0,0,117,0,117,0,9,155,0,164,98,0,98,262
04/26/2008,TTN,NJ,AEA,EN,Federal Contract Tower,0,3,37,0,40,0,0,84,0,84,0,3,121,0,124,136,0,136,260
04/27/2008,TTN,NJ,AEA,EN,Federal Contract Tower,0,12,38,0,50,0,0,36,0,36,0,12,74,0,86,66,0,66,152
04/28/2008,TTN,NJ,AEA,EN,Federal Contract Tower,0,27,46,0,73,0,0,2,0,2,0,27,48,0,75,4,0,4,79
04/29/2008,TTN,NJ,AEA,EN,Federal Contract Tower,0,11,29,2,42,0,0,105,10,115,0,11,134,12,157,46,0,46,203
04/30/2008,TTN,NJ,AEA,EN,Federal Contract Tower,0,12,36,0,48,0,1,156,4,161,0,13,192,4,209,148,0,148,357
05/01/2008,TTN,NJ,AEA,EN,Federal Contract Tower,0,15,51,4,70,0,0,103,3,106,0,15,154,7,176,96,11,107,283
05/02/2008,TTN,NJ,AEA,EN,Federal Contract Tower,0,15,41,0,56,0,3,73,5,81,0,18,114,5,137,45,0,45,182
05/03/2008,TTN,NJ,AEA,EN,Federal Contract Tower,0,16,29,0,45,0,0,17,0,17,0,16,46,0,62,36,0,36,98
05/04/2008,TTN,NJ,AEA,EN,Federal Contract Tower,0,5,33,0,38,0,0,26,0,26,0,5,59,0,64,90,0,90,154
05/05/2008,TTN,NJ,AEA,EN,Federal Contract Tower,0,1,43,0,44,0,0,91,1,92,0,1,134,1,136,151,7,158,294
05/06/2008,TTN,NJ,AEA,EN,Federal Contract Tower,3,14,40,2,59,0,0,109,1,110,3,14,149,3,169,102,0,102,271
05/07/2008,TTN,NJ,AEA,EN,Federal Contract Tower,0,17,55,1,73,0,0,127,3,130,0,17,182,4,203,143,0,143,346
05/08/2008,TTN,NJ,AEA,EN,Federal Contract Tower,0,13,48,0,61,0,4,65,0,69,0,17,113,0,130,64,0,64,194
05/09/2008,TTN,NJ,AEA,EN,Federal Contract Tower,0,18,52,0,70,0,0,2,0,2,0,18,54,0,72,0,0,0,72
05/10/2008,TTN,NJ,AEA,EN,Federal Contract Tower,0,7,43,0,50,0,0,74,0,74,0,7,117,0,124,114,0,114,238
05/11/2008,TTN,NJ,AEA,EN,Federal Contract Tower,0,14,26,0,40,0,2,71,0,73,0,16,97,0,113,112,0,112,225
05/12/2008,TTN,NJ,AEA,EN,Federal Contract Tower,0,5,37,0,42,0,0,21,0,21,0,5,58,0,63,0,0,0,63
05/13/2008,TTN,NJ,AEA,EN,Federal Contract Tower,0,10,32,0,42,0,0,106,3,109,0,10,138,3,151,102,0,102,253
05/14/2008,TTN,NJ,AEA,EN,Federal Contract Tower,0,11,50,0,61,0,0,178,3,181,0,11,228,3,242,160,8,168,410
05/15/2008,TTN,NJ,AEA,EN,Federal Contract Tower,0,11,44,0,55,0,3,93,2,98,0,14,137,2,153,107,1,108,261
05/16/2008,TTN,NJ,AEA,EN,Federal Contract Tower,0,22,46,2,70,0,0,10,0,10,0,22,56,2,80,0,0,0,80
05/17/2008,TTN,NJ,AEA,EN,Federal Contract Tower,0,6,28,0,34,0,0,105,5,110,0,6,133,5,144,81,0,81,225
05/18/2008,TTN,NJ,AEA,EN,Federal Contract Tower,0,19,26,0,45,0,1,43,0,44,0,20,69,0,89,71,0,71,160
05/19/2008,TTN,NJ,AEA,EN,Federal Contract Tower,0,11,51,2,64,0,0,74,4,78,0,11,125,6,142,70,4,74,216
05/20/2008,TTN,NJ,AEA,EN,Federal Contract Tower,0,9,46,0,55,0,0,43,0,43,0,9,89,0,98,18,0,18,116
05/21/2008,TTN,NJ,AEA,EN,Federal Contract Tower,0,14,41,5,60,0,1,119,11,131,0,15,160,16,191,135,3,138,329
05/22/2008,TTN,NJ,AEA,EN,Federal Contract Tower,0,14,31,0,45,0,0,80,6,86,0,14,111,6,131,72,1,73,204
05/23/2008,TTN,NJ,AEA,EN,Federal Contract Tower,0,10,28,0,38,0,0,133,4,137,0,10,161,4,175,71,0,71,246
05/24/2008,TTN,NJ,AEA,EN,Federal Contract Tower,0,11,35,0,46,0,0,118,8,126,0,11,153,8,172,109,0,109,281
05/25/2008,TTN,NJ,AEA,EN,Federal Contract Tower,0,6,25,0,31,0,0,65,0,65,0,6,90,0,96,114,0,114,210
05/26/2008,TTN,NJ,AEA,EN,Federal Contract Tower,0,14,27,0,41,0,0,73,0,73,0,14,100,0,114,52,0,52,166
05/27/2008,TTN,NJ,AEA,EN,Federal Contract Tower,0,12,36,0,48,0,0,86,5,91,0,12,122,5,139,34,0,34,173
05/28/2008,TTN,NJ,AEA,EN,Federal Contract Tower,0,7,22,0,29,0,2,152,18,172,0,9,174,18,201,147,6,153,354
05/29/2008,TTN,NJ,AEA,EN,Federal Contract Tower,0,15,42,0,57,0,5,112,5,122,0,20,154,5,179,106,3,109,288
05/30/2008,TTN,NJ,AEA,EN,Federal Contract Tower,0,15,47,6,68,0,0,116,3,119,0,15,163,9,187,160,2,162,349
05/31/2008,TTN,NJ,AEA,EN,Federal Contract Tower,0,10,22,2,34,0,0,32,0,32,0,10,54,2,66,66,0,66,132
06/01/2008,TTN,NJ,AEA,EN,Federal Contract Tower,0,32,48,0,80,0,0,90,0,90,0,32,138,0,170,118,0,118,288
06/02/2008,TTN,NJ,AEA,EN,Federal Contract Tower,0,5,25,6,36,0,1,124,7,132,0,6,149,13,168,130,4,134,302
06/03/2008,TTN,NJ,AEA,EN,Federal Contract Tower,0,9,42,5,56,0,0,104,15,119,0,9,146,20,175,106,2,108,283
06/04/2008,TTN,NJ,AEA,EN,Federal Contract Tower,0,6,55,0,61,0,0,23,0,23,0,6,78,0,84,0,0,0,84
06/05/2008,TTN,NJ,AEA,EN,Federal Contract Tower,0,12,58,2,72,0,4,69,0,73,0,16,127,2,145,42,0,42,187
06/06/2008,TTN,NJ,AEA,EN,Federal Contract Tower,0,12,58,0,70,0,0,81,1,82,0,12,139,1,152,135,0,135,287
06/07/2008,TTN,NJ,AEA,EN,Federal Contract Tower,0,4,21,0,25,0,0,63,0,63,0,4,84,0,88,28,4,32,120
06/08/2008,TTN,NJ,AEA,EN,Federal Contract Tower,0,6,33,0,39,0,0,63,0,63,0,6,96,0,102,66,0,66,168
06/09/2008,TTN,NJ,AEA,EN,Federal Contract Tower,0,14,29,0,43,0,0,112,6,118,0,14,141,6,161,123,2,125,286
06/10/2008,TTN,NJ,AEA,EN,Federal Contract Tower,0,11,47,3,61,0,0,111,6,117,0,11,158,9,178,86,3,89,267
06/11/2008,TTN,NJ,AEA,EN,Federal Contract Tower,0,6,41,3,50,0,1,172,1,174,0,7,213,4,224,119,3,122,346
06/12/2008,TTN,NJ,AEA,EN,Federal Contract Tower,0,12,38,1,51,0,1,144,4,149,0,13,182,5,200,134,3,137,337
06/13/2008,TTN,NJ,AEA,EN,Federal Contract Tower,0,7,34,0,41,0,0,141,1,142,0,7,175,1,183,105,2,107,290
06/14/2008,TTN,NJ,AEA,EN,Federal Contract Tower,0,10,16,0,26,0,0,88,4,92,0,10,104,4,118,92,0,92,210
06/15/2008,TTN,NJ,AEA,EN,Federal Contract Tower,0,14,32,0,46,0,0,74,0,74,0,14,106,0,120,84,0,84,204
06/16/2008,TTN,NJ,AEA,EN,Federal Contract Tower,0,4,40,0,44,0,1,45,2,48,0,5,85,2,92,101,4,105,197
06/17/2008,TTN,NJ,AEA,EN,Federal Contract Tower,0,6,34,2,42,0,0,99,4,103,0,6,133,6,145,92,4,96,241
06/18/2008,TTN,NJ,AEA,EN,Federal Contract Tower,0,12,38,2,52,0,4,142,15,161,0,16,180,17,213,81,0,81,294
06/19/2008,TTN,NJ,AEA,EN,Federal Contract Tower,0,20,39,2,61,0,0,115,5,120,0,20,154,7,181,105,7,112,293
06/20/2008,TTN,NJ,AEA,EN,Federal Contract Tower,0,10,30,0,40,0,0,127,0,127,0,10,157,0,167,147,0,147,314
06/21/2008,TTN,NJ,AEA,EN,Federal Contract Tower,0,8,22,0,30,0,0,117,0,117,0,8,139,0,147,141,0,141,288
06/22/2008,TTN,NJ,AEA,EN,Federal Contract Tower,0,6,25,0,31,0,0,47,4,51,0,6,72,4,82,68,0,68,150
06/23/2008,TTN,NJ,AEA,EN,Federal Contract Tower,0,8,47,0,55,0,0,35,1,36,0,8,82,1,91,69,1,70,161
06/24/2008,TTN,NJ,AEA,EN,Federal Contract Tower,0,1,3,0,4,0,7,172,24,203,0,8,175,24,207,4,0,4,211
06/25/2008,TTN,NJ,AEA,EN,Federal Contract Tower,0,11,48,2,61,0,0,172,11,183,0,11,220,13,244,91,2,93,337
06/26/2008,TTN,NJ,AEA,EN,Federal Contract Tower,0,12,33,3,48,0,1,60,11,72,0,13,93,14,120,79,2,81,201
06/27/2008,TTN,NJ,AEA,EN,Federal Contract Tower,0,9,43,2,54,0,0,86,2,88,0,9,129,4,142,79,2,81,223
06/28/2008,TTN,NJ,AEA,EN,Federal Contract Tower,0,0,23,0,23,0,0,51,0,51,0,0,74,0,74,36,0,36,110
06/29/2008,TTN,NJ,AEA,EN,Federal Contract Tower,0,8,20,0,28,0,0,82,6,88,0,8,102,6,116,63,0,63,179
06/30/2008,TTN,NJ,AEA,EN,Federal Contract Tower,0,9,28,0,37,0,0,82,8,90,0,9,110,8,127,83,2,85,212
07/01/2008,TTN,NJ,AEA,EN,Federal Contract Tower,0,7,31,6,44,0,0,142,16,158,0,7,173,22,202,96,8,104,306
07/02/2008,TTN,NJ,AEA,EN,Federal Contract Tower,0,5,35,0,40,0,1,121,2,124,0,6,156,2,164,115,2,117,281
07/03/2008,TTN,NJ,AEA,EN,Federal Contract Tower,0,9,26,0,35,0,0,82,0,82,0,9,108,0,117,87,0,87,204
07/04/2008,TTN,NJ,AEA,EN,Federal Contract Tower,0,2,25,0,27,0,1,26,0,27,0,3,51,0,54,49,0,49,103
07/05/2008,TTN,NJ,AEA,EN,Federal Contract Tower,0,2,16,0,18,0,0,9,0,9,0,2,25,0,27,0,0,0,27
07/06/2008,TTN,NJ,AEA,EN,Federal Contract Tower,0,5,37,0,42,0,0,5,0,5,0,5,42,0,47,10,0,10,57
07/07/2008,TTN,NJ,AEA,EN,Federal Contract Tower,0,4,45,0,49,0,0,23,0,23,0,4,68,0,72,2,0,2,74
07/08/2008,TTN,NJ,AEA,EN,Federal Contract Tower,0,3,44,3,50,0,0,80,13,93,0,3,124,16,143,105,7,112,255
07/09/2008,TTN,NJ,AEA,EN,Federal Contract Tower,0,12,34,1,47,0,0,103,8,111,0,12,137,9,158,84,2,86,244
07/10/2008,TTN,NJ,AEA,EN,Federal Contract Tower,0,10,37,1,48,0,0,100,7,107,0,10,137,8,155,100,7,107,262
07/11/2008,TTN,NJ,AEA,EN,Federal Contract Tower,0,7,30,0,37,0,0,138,2,140,0,7,168,2,177,118,0,118,295
07/12/2008,TTN,NJ,AEA,EN,Federal Contract Tower,0,2,20,0,22,0,0,116,23,139,0,2,136,23,161,98,0,98,259
07/13/2008,TTN,NJ,AEA,EN,Federal Contract Tower,0,5,30,0,35,0,98,1,0,99,0,103,31,0,134,110,0,110,244
07/14/2008,TTN,NJ,AEA,EN,Federal Contract Tower,0,2,44,0,46,0,0,85,2,87,0,2,129,2,133,100,4,104,237
07/15/2008,TTN,NJ,AEA,EN,Federal Contract Tower,0,6,63,4,73,0,0,172,13,185,0,6,235,17,258,171,0,171,429
07/16/2008,TTN,NJ,AEA,EN,Federal Contract Tower,0,5,30,3,38,0,0,150,25,175,0,5,180,28,213,135,0,135,348
07/17/2008,TTN,NJ,AEA,EN,Federal Contract Tower,0,8,50,0,58,0,0,82,5,87,0,8,132,5,145,108,7,115,260
07/18/2008,TTN,NJ,AEA,EN,Federal Contract Tower,0,4,38,0,42,0,0,133,0,133,0,4,171,0,175,129,0,129,304
07/19/2008,TTN,NJ,AEA,EN,Federal Contract Tower,0,9,9,0,18,0,0,112,0,112,0,9,121,0,130,133,0,133,263
07/20/2008,TTN,NJ,AEA,EN,Federal Contract Tower,0,3,32,6,41,0,0,84,1,85,0,3,116,7,126,88,1,89,215
07/21/2008,TTN,NJ,AEA,EN,Federal Contract Tower,0,15,23,4,42,0,0,105,3,108,0,15,128,7,150,95,35,130,280
07/22/2008,TTN,NJ,AEA,EN,Federal Contract Tower,0,15,50,0,65,0,0,144,18,162,0,15,194,18,227,171,22,193,420
07/23/2008,TTN,NJ,AEA,EN,Federal Contract Tower,0,9,42,0,51,0,0,51,6,57,0,9,93,6,108,2,16,18,126
07/24/2008,TTN,NJ,AEA,EN,Federal Contract Tower,0,7,50,0,57,0,0,68,5,73,0,7,118,5,130,54,1,55,185
07/25/2008,TTN,NJ,AEA,EN,Federal Contract Tower,0,9,38,1,48,0,131,2,0,133,0,140,40,1,181,100,1,101,282
07/26/2008,TTN,NJ,AEA,EN,Federal Contract Tower,0,5,13,0,18,0,0,118,0,118,0,5,131,0,136,21,0,21,157
07/27/2008,TTN,NJ,AEA,EN,Federal Contract Tower,0,5,28,0,33,0,0,34,0,34,0,5,62,0,67,80,0,80,147
07/28/2008,TTN,NJ,AEA,EN,Federal Contract Tower,0,4,33,6,43,0,0,89,7,96,0,4,122,13,139,72,13,85,224
07/29/2008,TTN,NJ,AEA,EN,Federal Contract Tower,0,5,24,0,29,0,0,222,16,238,0,5,246,16,267,127,0,127,394
07/30/2008,TTN,NJ,AEA,EN,Federal Contract Tower,0,7,16,3,26,0,0,128,10,138,0,7,144,13,164,103,6,109,273
07/31/2008,TTN,NJ,AEA,EN,Federal Contract Tower,0,9,58,0,67,0,0,119,1,120,0,9,177,1,187,112,9,121,308
08/01/2008,TTN,NJ,AEA,EN,Federal Contract Tower,0,9,25,0,34,0,0,115,0,115,0,9,140,0,149,85,0,85,234
08/02/2008,TTN,NJ,AEA,EN,Federal Contract Tower,0,4,25,0,29,0,0,67,0,67,0,4,92,0,96,76,0,76,172
08/03/2008,TTN,NJ,AEA,EN,Federal Contract Tower,0,5,27,0,32,0,0,61,0,61,0,5,88,0,93,113,0,113,206
08/04/2008,TTN,NJ,AEA,EN,Federal Contract Tower,0,13,30,4,47,0,0,101,10,111,0,13,131,14,158,106,3,109,267
08/05/2008,TTN,NJ,AEA,EN,Federal Contract Tower,0,9,38,2,49,0,0,118,21,139,0,9,156,23,188,61,7,68,256
08/06/2008,TTN,NJ,AEA,EN,Federal Contract Tower,0,12,23,0,35,0,0,111,18,129,0,12,134,18,164,110,1,111,275
08/07/2008,TTN,NJ,AEA,EN,Federal Contract Tower,0,15,25,2,42,0,0,64,1,65,0,15,89,3,107,57,4,61,168
08/08/2008,TTN,NJ,AEA,EN,Federal Contract Tower,0,6,38,0,44,0,0,56,0,56,0,6,94,0,100,129,7,136,236
08/09/2008,TTN,NJ,AEA,EN,Federal Contract Tower,0,4,19,0,23,0,0,142,0,142,0,4,161,0,165,151,0,151,316
08/10/2008,TTN,NJ,AEA,EN,Federal Contract Tower,0,1,17,0,18,0,0,37,3,40,0,1,54,3,58,36,0,36,94
08/11/2008,TTN,NJ,AEA,EN,Federal Contract Tower,0,4,42,0,46,0,0,51,7,58,0,4,93,7,104,58,9,67,171
08/12/2008,TTN,NJ,AEA,EN,Federal Contract Tower,0,6,43,2,51,0,0,193,17,210,0,6,236,19,261,119,9,128,389
08/13/2008,TTN,NJ,AEA,EN,Federal Contract Tower,0,12,38,0,50,0,0,141,25,166,0,12,179,25,216,84,2,86,302
08/14/2008,TTN,NJ,AEA,EN,Federal Contract Tower,0,11,32,3,46,0,0,71,1,72,0,11,103,4,118,85,3,88,206
08/15/2008,TTN,NJ,AEA,EN,Federal Contract Tower,0,13,38,0,51,0,0,81,0,81,0,13,119,0,132,67,0,67,199
08/16/2008,TTN,NJ,AEA,EN,Federal Contract Tower,0,12,18,0,30,0,0,98,0,98,0,12,116,0,128,137,0,137,265
08/17/2008,TTN,NJ,AEA,EN,Federal Contract Tower,0,12,22,0,34,0,0,116,0,116,0,12,138,0,150,104,0,104,254
08/18/2008,TTN,NJ,AEA,EN,Federal Contract Tower,0,5,33,0,38,0,0,125,12,137,0,5,158,12,175,94,1,95,270
08/19/2008,TTN,NJ,AEA,EN,Federal Contract Tower,0,3,35,0,38,0,0,116,9,125,0,3,151,9,163,111,1,112,275
08/20/2008,TTN,NJ,AEA,EN,Federal Contract Tower,0,12,37,0,49,0,0,149,14,163,0,12,186,14,212,89,0,89,301
08/21/2008,TTN,NJ,AEA,EN,Federal Contract Tower,0,7,40,1,48,0,0,127,12,139,0,7,167,13,187,86,5,91,278
08/22/2008,TTN,NJ,AEA,EN,Federal Contract Tower,0,2,26,0,28,0,0,123,12,135,0,2,149,12,163,99,0,99,262
08/23/2008,TTN,NJ,AEA,EN,Federal Contract Tower,0,4,22,2,28,0,0,135,4,139,0,4,157,6,167,79,1,80,247
08/24/2008,TTN,NJ,AEA,EN,Federal Contract Tower,0,6,25,0,31,0,0,111,2,113,0,6,136,2,144,76,0,76,220
08/25/2008,TTN,NJ,AEA,EN,Federal Contract Tower,0,4,20,3,27,0,0,95,12,107,0,4,115,15,134,78,1,79,213
08/26/2008,TTN,NJ,AEA,EN,Federal Contract Tower,0,6,29,0,35,0,0,171,15,186,0,6,200,15,221,177,2,179,400
08/27/2008,TTN,NJ,AEA,EN,Federal Contract Tower,0,8,28,0,36,0,0,132,14,146,0,8,160,14,182,120,0,120,302
08/28/2008,TTN,NJ,AEA,EN,Federal Contract Tower,0,8,25,2,35,0,0,108,6,114,0,8,133,8,149,138,3,141,290
08/29/2008,TTN,NJ,AEA,EN,Federal Contract Tower,0,8,25,0,33,0,0,95,0,95,0,8,120,0,128,101,0,101,229
08/30/2008,TTN,NJ,AEA,EN,Federal Contract Tower,0,10,29,0,39,0,0,56,0,56,0,10,85,0,95,60,0,60,155
08/31/2008,TTN,NJ,AEA,EN,Federal Contract Tower,0,5,14,0,19,0,0,90,0,90,0,5,104,0,109,118,0,118,227
09/01/2008,TTN,NJ,AEA,EN,Federal Contract Tower,0,9,28,0,37,0,0,84,1,85,0,9,112,1,122,57,1,58,180
09/02/2008,TTN,NJ,AEA,EN,Federal Contract Tower,0,12,19,2,33,0,0,166,1,167,0,12,185,3,200,184,0,184,384
09/03/2008,TTN,NJ,AEA,EN,Federal Contract Tower,0,11,32,0,43,0,0,164,12,176,0,11,196,12,219,129,2,131,350
09/04/2008,TTN,NJ,AEA,EN,Federal Contract Tower,0,11,30,0,41,0,0,79,3,82,0,11,109,3,123,106,0,106,229
09/05/2008,TTN,NJ,AEA,EN,Federal Contract Tower,0,13,37,0,50,0,0,102,3,105,0,13,139,3,155,100,0,100,255
09/06/2008,TTN,NJ,AEA,EN,Federal Contract Tower,0,1,4,0,5,0,0,0,0,0,0,1,4,0,5,0,0,0,5
09/07/2008,TTN,NJ,AEA,EN,Federal Contract Tower,0,7,37,0,44,0,0,98,2,100,0,7,135,2,144,99,0,99,243
09/08/2008,TTN,NJ,AEA,EN,Federal Contract Tower,0,8,36,2,46,0,0,119,0,119,0,8,155,2,165,137,0,137,302
09/09/2008,TTN,NJ,AEA,EN,Federal Contract Tower,0,5,28,0,33,0,0,63,1,64,0,5,91,1,97,40,0,40,137
09/10/2008,TTN,NJ,AEA,EN,Federal Contract Tower,0,11,29,0,40,0,0,144,8,152,0,11,173,8,192,222,4,226,418
09/11/2008,TTN,NJ,AEA,EN,Federal Contract Tower,0,4,34,1,39,0,0,102,2,104,0,4,136,3,143,225,6,231,374
09/12/2008,TTN,NJ,AEA,EN,Federal Contract Tower,0,4,19,0,23,0,0,47,3,50,0,4,66,3,73,73,0,73,146
09/13/2008,TTN,NJ,AEA,EN,Federal Contract Tower,0,4,19,0,23,0,0,81,0,81,0,4,100,0,104,137,0,137,241
09/14/2008,TTN,NJ,AEA,EN,Federal Contract Tower,0,7,28,0,35,0,0,99,0,99,0,7,127,0,134,135,0,135,269
09/15/2008,TTN,NJ,AEA,EN,Federal Contract Tower,0,8,30,0,38,0,0,77,0,77,0,8,107,0,115,58,0,58,173
09/16/2008,TTN,NJ,AEA,EN,Federal Contract Tower,0,8,35,2,45,0,0,178,27,205,0,8,213,29,250,120,12,132,382
09/17/2008,TTN,NJ,AEA,EN,Federal Contract Tower,0,18,43,0,61,0,0,159,9,168,0,18,202,9,229,95,0,95,324
09/18/2008,TTN,NJ,AEA,EN,Federal Contract Tower,0,11,45,0,56,0,0,99,2,101,0,11,144,2,157,116,4,120,277
09/19/2008,TTN,NJ,AEA,EN,Federal Contract Tower,0,6,33,0,39,0,0,210,3,213,0,6,243,3,252,144,2,146,398
09/20/2008,TTN,NJ,AEA,EN,Federal Contract Tower,0,2,18,0,20,0,0,136,1,137,0,2,154,1,157,131,0,131,288
09/21/2008,TTN,NJ,AEA,EN,Federal Contract Tower,0,9,47,0,56,0,0,142,4,146,0,9,189,4,202,167,0,167,369
09/22/2008,TTN,NJ,AEA,EN,Federal Contract Tower,0,14,48,0,62,0,0,138,1,139,0,14,186,1,201,154,11,165,366
09/23/2008,TTN,NJ,AEA,EN,Federal Contract Tower,0,8,46,1,55,0,0,135,16,151,0,8,181,17,206,137,3,140,346
09/24/2008,TTN,NJ,AEA,EN,Federal Contract Tower,0,5,25,0,30,0,0,133,8,141,0,5,158,8,171,143,4,147,318
09/25/2008,TTN,NJ,AEA,EN,Federal Contract Tower,0,7,32,16,55,0,0,53,4,57,0,7,85,20,112,34,0,34,146
09/26/2008,TTN,NJ,AEA,EN,Federal Contract Tower,0,8,46,0,54,0,0,0,0,0,0,8,46,0,54,0,0,0,54
09/27/2008,TTN,NJ,AEA,EN,Federal Contract Tower,0,7,26,0,33,0,0,0,0,0,0,7,26,0,33,0,0,0,33
09/28/2008,TTN,NJ,AEA,EN,Federal Contract Tower,0,10,25,0,35,0,0,0,0,0,0,10,25,0,35,0,0,0,35
09/29/2008,TTN,NJ,AEA,EN,Federal Contract Tower,0,11,37,0,48,0,2,84,4,90,0,13,121,4,138,124,3,127,265
09/30/2008,TTN,NJ,AEA,EN,Federal Contract Tower,0,7,29,2,38,0,0,75,11,86,0,7,104,13,124,52,0,52,176
10/01/2008,TTN,NJ,AEA,EN,Federal Contract Tower,0,5,49,1,55,0,0,70,3,73,0,5,119,4,128,61,8,69,197
10/02/2008,TTN,NJ,AEA,EN,Federal Contract Tower,0,6,34,0,40,0,0,128,10,138,0,6,162,10,178,87,0,87,265
10/03/2008,TTN,NJ,AEA,EN,Federal Contract Tower,0,16,31,0,47,0,0,117,3,120,0,16,148,3,167,91,2,93,260
10/04/2008,TTN,NJ,AEA,EN,Federal Contract Tower,0,10,19,0,29,0,0,213,0,213,0,10,232,0,242,229,0,229,471
10/05/2008,TTN,NJ,AEA,EN,Federal Contract Tower,0,4,42,0,46,0,0,105,26,131,0,4,147,26,177,58,0,58,235
10/06/2008,TTN,NJ,AEA,EN,Federal Contract Tower,0,5,31,0,36,0,0,115,10,125,0,5,146,10,161,157,2,159,320
10/07/2008,TTN,NJ,AEA,EN,Federal Contract Tower,0,1,37,0,38,0,0,223,19,242,0,1,260,19,280,162,4,166,446
10/08/2008,TTN,NJ,AEA,EN,Federal Contract Tower,0,10,23,1,34,0,0,149,19,168,0,10,172,20,202,99,0,99,301
10/09/2008,TTN,NJ,AEA,EN,Federal Contract Tower,0,3,31,0,34,0,0,91,2,93,0,3,122,2,127,7,0,7,134
10/10/2008,TTN,NJ,AEA,EN,Federal Contract Tower,0,9,29,0,38,0,0,172,0,172,0,9,201,0,210,90,0,90,300
10/11/2008,TTN,NJ,AEA,EN,Federal Contract Tower,0,7,32,0,39,0,0,192,2,194,0,7,224,2,233,187,0,187,420
10/12/2008,TTN,NJ,AEA,EN,Federal Contract Tower,0,10,20,0,30,0,0,141,0,141,0,10,161,0,171,125,0,125,296
10/13/2008,TTN,NJ,AEA,EN,Federal Contract Tower,0,15,30,2,47,0,0,121,0,121,0,15,151,2,168,133,0,133,301
10/14/2008,TTN,NJ,AEA,EN,Federal Contract Tower,0,9,47,3,59,0,0,177,22,199,0,9,224,25,258,158,1,159,417
10/15/2008,TTN,NJ,AEA,EN,Federal Contract Tower,0,10,35,2,47,0,0,136,12,148,0,10,171,14,195,132,0,132,327
10/16/2008,TTN,NJ,AEA,EN,Federal Contract Tower,0,9,28,2,39,0,0,68,11,79,0,9,96,13,118,124,1,125,243
10/17/2008,TTN,NJ,AEA,EN,Federal Contract Tower,0,7,30,1,38,0,1,113,2,116,0,8,143,3,154,101,3,104,258
10/18/2008,TTN,NJ,AEA,EN,Federal Contract Tower,0,7,23,0,30,0,0,111,6,117,0,7,134,6,147,92,0,92,239
10/19/2008,TTN,NJ,AEA,EN,Federal Contract Tower,0,7,35,0,42,0,0,111,1,112,0,7,146,1,154,71,0,71,225
10/20/2008,TTN,NJ,AEA,EN,Federal Contract Tower,0,13,31,3,47,0,0,105,7,112,0,13,136,10,159,121,3,124,283
10/21/2008,TTN,NJ,AEA,EN,Federal Contract Tower,0,2,27,1,30,0,0,108,12,120,0,2,135,13,150,57,0,57,207
10/22/2008,TTN,NJ,AEA,EN,Federal Contract Tower,0,8,28,0,36,0,0,85,11,96,0,8,113,11,132,46,0,46,178
10/23/2008,TTN,NJ,AEA,EN,Federal Contract Tower,0,14,35,2,51,0,0,99,3,102,0,14,134,5,153,110,0,110,263
10/24/2008,TTN,NJ,AEA,EN,Federal Contract Tower,0,9,36,0,45,0,0,163,0,163,0,9,199,0,208,33,0,33,241
10/25/2008,TTN,NJ,AEA,EN,Federal Contract Tower,0,10,6,0,16,0,0,19,0,19,0,10,25,0,35,12,0,12,47
10/26/2008,TTN,NJ,AEA,EN,Federal Contract Tower,0,11,25,0,36,0,99,0,0,99,0,110,25,0,135,135,0,135,270
10/27/2008,TTN,NJ,AEA,EN,Federal Contract Tower,0,2,37,0,39,0,0,72,9,81,0,2,109,9,120,115,0,115,235
10/28/2008,TTN,NJ,AEA,EN,Federal Contract Tower,0,2,29,0,31,0,7,0,0,7,0,9,29,0,38,0,0,0,38
10/29/2008,TTN,NJ,AEA,EN,Federal Contract Tower,0,3,21,0,24,0,0,72,21,93,0,3,93,21,117,31,0,31,148
10/30/2008,TTN,NJ,AEA,EN,Federal Contract Tower,0,5,34,2,41,0,0,86,11,97,0,5,120,13,138,110,4,114,252
10/31/2008,TTN,NJ,AEA,EN,Federal Contract Tower,0,4,32,0,36,0,2,60,1,63,0,6,92,1,99,74,0,74,173
11/01/2008,TTN,NJ,AEA,EN,Federal Contract Tower,0,4,16,0,20,0,0,95,2,97,0,4,111,2,117,71,2,73,190
11/02/2008,TTN,NJ,AEA,EN,Federal Contract Tower,0,8,45,0,53,0,0,127,0,127,0,8,172,0,180,204,0,204,384
11/03/2008,TTN,NJ,AEA,EN,Federal Contract Tower,0,9,25,1,35,0,0,91,8,99,0,9,116,9,134,125,3,128,262
11/04/2008,TTN,NJ,AEA,EN,Federal Contract Tower,0,4,57,3,64,0,0,131,13,144,0,4,188,16,208,105,2,107,315
11/05/2008,TTN,NJ,AEA,EN,Federal Contract Tower,0,16,33,0,49,0,0,59,9,68,0,16,92,9,117,41,8,49,166
11/06/2008,TTN,NJ,AEA,EN,Federal Contract Tower,0,3,50,0,53,0,0,10,0,10,0,3,60,0,63,2,0,2,65
11/07/2008,TTN,NJ,AEA,EN,Federal Contract Tower,0,15,49,1,65,0,0,0,0,0,0,15,49,1,65,10,0,10,75
11/08/2008,TTN,NJ,AEA,EN,Federal Contract Tower,0,2,33,0,35,0,0,0,0,0,0,2,33,0,35,0,0,0,35
11/09/2008,TTN,NJ,AEA,EN,Federal Contract Tower,0,10,18,0,28,0,0,124,14,138,0,10,142,14,166,142,0,142,308
11/10/2008,TTN,NJ,AEA,EN,Federal Contract Tower,0,8,22,0,30,0,0,90,1,91,0,8,112,1,121,108,15,123,244
11/11/2008,TTN,NJ,AEA,EN,Federal Contract Tower,0,8,35,0,43,0,0,144,1,145,0,8,179,1,188,120,0,120,308
11/12/2008,TTN,NJ,AEA,EN,Federal Contract Tower,0,7,31,0,38,0,1,151,19,171,0,8,182,19,209,153,0,153,362
11/13/2008,TTN,NJ,AEA,EN,Federal Contract Tower,0,4,44,4,52,0,0,9,0,9,0,4,53,4,61,72,0,72,133
11/14/2008,TTN,NJ,AEA,EN,Federal Contract Tower,0,10,42,0,52,0,0,0,0,0,0,10,42,0,52,0,0,0,52
11/15/2008,TTN,NJ,AEA,EN,Federal Contract Tower,0,6,14,0,20,0,0,1,0,1,0,6,15,0,21,30,0,30,51
11/16/2008,TTN,NJ,AEA,EN,Federal Contract Tower,0,6,18,0,24,0,0,33,1,34,0,6,51,1,58,33,0,33,91
11/17/2008,TTN,NJ,AEA,EN,Federal Contract Tower,0,10,40,0,50,0,0,133,1,134,0,10,173,1,184,120,2,122,306
11/18/2008,TTN,NJ,AEA,EN,Federal Contract Tower,0,8,39,2,49,0,0,152,15,167,0,8,191,17,216,117,0,117,333
11/19/2008,TTN,NJ,AEA,EN,Federal Contract Tower,0,10,28,0,38,0,0,138,3,141,0,10,166,3,179,125,0,125,304
11/20/2008,TTN,NJ,AEA,EN,Federal Contract Tower,0,7,42,0,49,0,0,74,0,74,0,7,116,0,123,120,7,127,250
11/21/2008,TTN,NJ,AEA,EN,Federal Contract Tower,0,7,50,0,57,0,0,108,0,108,0,7,158,0,165,136,7,143,308
11/22/2008,TTN,NJ,AEA,EN,Federal Contract Tower,0,4,28,1,33,0,0,78,4,82,0,4,106,5,115,101,2,103,218
11/23/2008,TTN,NJ,AEA,EN,Federal Contract Tower,0,2,30,0,32,0,0,105,0,105,0,2,135,0,137,139,0,139,276
11/24/2008,TTN,NJ,AEA,EN,Federal Contract Tower,0,11,26,0,37,0,0,113,8,121,0,11,139,8,158,131,5,136,294
11/25/2008,TTN,NJ,AEA,EN,Federal Contract Tower,0,9,41,2,52,0,3,125,24,152,0,12,166,26,204,72,0,72,276
11/26/2008,TTN,NJ,AEA,EN,Federal Contract Tower,0,4,42,0,46,0,0,108,1,109,0,4,150,1,155,72,0,72,227
11/27/2008,TTN,NJ,AEA,EN,Federal Contract Tower,0,6,7,0,13,0,0,17,0,17,0,6,24,0,30,46,0,46,76
11/28/2008,TTN,NJ,AEA,EN,Federal Contract Tower,0,2,10,0,12,0,0,52,0,52,0,2,62,0,64,43,0,43,107
11/29/2008,TTN,NJ,AEA,EN,Federal Contract Tower,0,5,23,0,28,0,0,127,0,127,0,5,150,0,155,160,0,160,315
11/30/2008,TTN,NJ,AEA,EN,Federal Contract Tower,0,9,40,0,49,0,0,0,0,0,0,9,40,0,49,0,0,0,49
12/01/2008,TTN,NJ,AEA,EN,Federal Contract Tower,0,11,27,2,40,0,0,75,9,84,0,11,102,11,124,84,2,86,210
12/02/2008,TTN,NJ,AEA,EN,Federal Contract Tower,0,9,27,0,36,0,0,109,19,128,0,9,136,19,164,105,2,107,271
12/03/2008,TTN,NJ,AEA,EN,Federal Contract Tower,0,5,44,0,49,0,0,204,23,227,0,5,248,23,276,129,0,129,405
12/04/2008,TTN,NJ,AEA,EN,Federal Contract Tower,0,7,32,4,43,0,0,75,4,79,0,7,107,8,122,124,5,129,251
12/05/2008,TTN,NJ,AEA,EN,Federal Contract Tower,0,9,26,0,35,0,1,106,3,110,0,10,132,3,145,110,5,115,260
12/06/2008,TTN,NJ,AEA,EN,Federal Contract Tower,0,2,22,0,24,0,0,38,0,38,0,2,60,0,62,21,0,21,83
12/07/2008,TTN,NJ,AEA,EN,Federal Contract Tower,0,0,20,0,20,0,0,38,0,38,0,0,58,0,58,39,4,43,101
12/08/2008,TTN,NJ,AEA,EN,Federal Contract Tower,0,3,31,1,35,0,0,112,7,119,0,3,143,8,154,146,2,148,302
12/09/2008,TTN,NJ,AEA,EN,Federal Contract Tower,0,8,37,0,45,0,0,189,7,196,0,8,226,7,241,144,0,144,385
12/10/2008,TTN,NJ,AEA,EN,Federal Contract Tower,0,13,24,0,37,0,0,14,0,14,0,13,38,0,51,0,0,0,51
12/11/2008,TTN,NJ,AEA,EN,Federal Contract Tower,0,4,30,0,34,0,0,0,0,0,0,4,30,0,34,0,0,0,34
12/12/2008,TTN,NJ,AEA,EN,Federal Contract Tower,0,12,36,1,49,0,0,72,1,73,0,12,108,2,122,39,0,39,161
12/13/2008,TTN,NJ,AEA,EN,Federal Contract Tower,0,3,16,0,19,0,0,111,0,111,0,3,127,0,130,171,0,171,301
12/14/2008,TTN,NJ,AEA,EN,Federal Contract Tower,0,5,29,0,34,0,0,140,0,140,0,5,169,0,174,179,0,179,353
12/15/2008,TTN,NJ,AEA,EN,Federal Contract Tower,0,8,32,1,41,0,0,105,6,111,0,8,137,7,152,49,3,52,204
12/16/2008,TTN,NJ,AEA,EN,Federal Contract Tower,0,9,25,0,34,0,0,18,6,24,0,9,43,6,58,11,4,15,73
12/17/2008,TTN,NJ,AEA,EN,Federal Contract Tower,0,8,25,2,35,0,0,15,4,19,0,8,40,6,54,0,0,0,54
12/18/2008,TTN,NJ,AEA,EN,Federal Contract Tower,0,8,32,1,41,0,77,8,0,85,0,85,40,1,126,91,7,98,224
12/19/2008,TTN,NJ,AEA,EN,Federal Contract Tower,0,2,12,0,14,0,0,0,0,0,0,2,12,0,14,14,0,14,28
12/20/2008,TTN,NJ,AEA,EN,Federal Contract Tower,0,10,18,0,28,0,4,0,0,4,0,14,18,0,32,2,0,2,34
12/21/2008,TTN,NJ,AEA,EN,Federal Contract Tower,0,3,5,0,8,0,0,6,0,6,0,3,11,0,14,8,0,8,22
12/22/2008,TTN,NJ,AEA,EN,Federal Contract Tower,0,8,19,3,30,0,0,58,5,63,0,8,77,8,93,9,5,14,107
12/23/2008,TTN,NJ,AEA,EN,Federal Contract Tower,0,3,11,0,14,0,0,88,19,107,0,3,99,19,121,106,6,112,233
12/24/2008,TTN,NJ,AEA,EN,Federal Contract Tower,0,5,9,0,14,0,0,7,0,7,0,5,16,0,21,0,0,0,21
12/25/2008,TTN,NJ,AEA,EN,Federal Contract Tower,0,9,4,0,13,0,0,7,0,7,0,9,11,0,20,18,0,18,38
12/26/2008,TTN,NJ,AEA,EN,Federal Contract Tower,0,9,31,0,40,0,0,67,0,67,0,9,98,0,107,118,0,118,225
12/27/2008,TTN,NJ,AEA,EN,Federal Contract Tower,0,13,22,0,35,0,0,0,0,0,0,13,22,0,35,0,0,0,35
12/28/2008,TTN,NJ,AEA,EN,Federal Contract Tower,0,11,23,0,34,0,0,22,0,22,0,11,45,0,56,60,0,60,116
12/29/2008,TTN,NJ,AEA,EN,Federal Contract Tower,0,0,19,0,19,0,0,68,4,72,0,0,87,4,91,115,15,130,221
12/30/2008,TTN,NJ,AEA,EN,Federal Contract Tower,0,1,20,2,23,0,0,46,14,60,0,1,66,16,83,26,0,26,109
12/31/2008,TTN,NJ,AEA,EN,Federal Contract Tower,0,1,16,0,17,0,0,24,0,24,0,1,40,0,41,17,0,17,58
01/01/2009,TTN,NJ,AEA,EN,Federal Contract Tower,0,3,4,0,7,0,0,26,0,26,0,3,30,0,33,15,0,15,48
01/02/2009,TTN,NJ,AEA,EN,Federal Contract Tower,0,4,9,0,13,0,0,35,0,35,0,4,44,0,48,23,0,23,71
01/03/2009,TTN,NJ,AEA,EN,Federal Contract Tower,0,3,29,0,32,0,0,118,0,118,0,3,147,0,150,108,0,108,258
01/04/2009,TTN,NJ,AEA,EN,Federal Contract Tower,0,6,27,0,33,0,0,98,0,98,0,6,125,0,131,122,0,122,253
01/05/2009,TTN,NJ,AEA,EN,Federal Contract Tower,0,4,21,0,25,0,0,83,8,91,0,4,104,8,116,141,2,143,259
01/06/2009,TTN,NJ,AEA,EN,Federal Contract Tower,0,7,23,7,37,0,0,52,3,55,0,7,75,10,92,46,4,50,142
01/07/2009,TTN,NJ,AEA,EN,Federal Contract Tower,0,5,19,0,24,0,0,0,0,0,0,5,19,0,24,0,0,0,24
01/08/2009,TTN,NJ,AEA,EN,Federal Contract Tower,0,3,27,2,32,0,0,34,8,42,0,3,61,10,74,15,2,17,91
01/09/2009,TTN,NJ,AEA,EN,Federal Contract Tower,0,15,24,0,39,0,0,96,9,105,0,15,120,9,144,123,1,124,268
01/10/2009,TTN,NJ,AEA,EN,Federal Contract Tower,0,4,8,0,12,0,1,4,0,5,0,5,12,0,17,0,0,0,17
01/11/2009,TTN,NJ,AEA,EN,Federal Contract Tower,0,5,4,0,9,0,0,38,0,38,0,5,42,0,47,36,0,36,83
01/12/2009,TTN,NJ,AEA,EN,Federal Contract Tower,0,9,26,1,36,0,0,78,18,96,0,9,104,19,132,41,11,52,184
01/13/2009,TTN,NJ,AEA,EN,Federal Contract Tower,0,13,23,1,37,0,0,142,18,160,0,13,165,19,197,154,0,154,351
01/14/2009,TTN,NJ,AEA,EN,Federal Contract Tower,0,10,17,1,28,0,0,84,12,96,0,10,101,13,124,74,0,74,198
01/15/2009,TTN,NJ,AEA,EN,Federal Contract Tower,2,16,24,0,42,0,0,27,6,33,2,16,51,6,75,0,0,0,75
01/16/2009,TTN,NJ,AEA,EN,Federal Contract Tower,0,13,28,0,41,0,0,103,7,110,0,13,131,7,151,54,0,54,205
01/17/2009,TTN,NJ,AEA,EN,Federal Contract Tower,0,11,22,0,33,0,0,37,8,45,0,11,59,8,78,69,5,74,152
01/18/2009,TTN,NJ,AEA,EN,Federal Contract Tower,0,1,8,0,9,0,0,15,0,15,0,1,23,0,24,49,0,49,73
01/19/2009,TTN,NJ,AEA,EN,Federal Contract Tower,0,9,26,0,35,0,0,23,0,23,0,9,49,0,58,18,0,18,76
01/20/2009,TTN,NJ,AEA,EN,Federal Contract Tower,0,8,23,0,31,0,0,124,0,124,0,8,147,0,155,72,0,72,227
01/21/2009,TTN,NJ,AEA,EN,Federal Contract Tower,0,13,25,0,38,0,0,78,0,78,0,13,103,0,116,62,0,62,178
01/22/2009,TTN,NJ,AEA,EN,Federal Contract Tower,0,12,28,2,42,0,2,75,5,82,0,14,103,7,124,81,0,81,205
01/23/2009,TTN,NJ,AEA,EN,Federal Contract Tower,0,6,25,1,32,0,2,104,7,113,0,8,129,8,145,102,1,103,248
01/24/2009,TTN,NJ,AEA,EN,Federal Contract Tower,0,6,20,2,28,0,0,90,0,90,0,6,110,2,118,57,0,57,175
01/25/2009,TTN,NJ,AEA,EN,Federal Contract Tower,0,3,22,0,25,0,0,113,0,113,0,3,135,0,138,150,0,150,288
01/26/2009,TTN,NJ,AEA,EN,Federal Contract Tower,0,2,24,0,26,0,0,86,0,86,0,2,110,0,112,95,0,95,207
01/27/2009,TTN,NJ,AEA,EN,Federal Contract Tower,0,11,26,1,38,0,0,91,6,97,0,11,117,7,135,115,0,115,250
01/28/2009,TTN,NJ,AEA,EN,Federal Contract Tower,0,4,7,0,11,0,0,1,0,1,0,4,8,0,12,0,0,0,12
01/29/2009,TTN,NJ,AEA,EN,Federal Contract Tower,0,3,16,0,19,0,0,0,0,0,0,3,16,0,19,129,0,129,148
01/30/2009,TTN,NJ,AEA,EN,Federal Contract Tower,0,7,26,0,33,0,0,75,2,77,0,7,101,2,110,134,0,134,244
01/31/2009,TTN,NJ,AEA,EN,Federal Contract Tower,0,9,19,0,28,0,0,74,4,78,0,9,93,4,106,67,0,67,173
02/01/2009,TTN,NJ,AEA,EN,Federal Contract Tower,0,1,17,0,18,0,0,128,0,128,0,1,145,0,146,213,0,213,359
02/02/2009,TTN,NJ,AEA,EN,Federal Contract Tower,0,8,39,0,47,0,0,120,1,121,0,8,159,1,168,107,0,107,275
02/03/2009,TTN,NJ,AEA,EN,Federal Contract Tower,0,9,25,0,34,0,0,0,0,0,0,9,25,0,34,0,0,0,34
02/04/2009,TTN,NJ,AEA,EN,Federal Contract Tower,0,4,23,0,27,0,0,86,0,86,0,4,109,0,113,58,0,58,171
02/05/2009,TTN,NJ,AEA,EN,Federal Contract Tower,0,4,18,2,24,0,0,55,1,56,0,4,73,3,80,79,0,79,159
02/06/2009,TTN,NJ,AEA,EN,Federal Contract Tower,0,1,25,1,27,0,0,98,0,98,0,1,123,1,125,98,0,98,223
02/07/2009,TTN,NJ,AEA,EN,Federal Contract Tower,0,6,15,0,21,0,0,108,0,108,0,6,123,0,129,178,0,178,307
02/08/2009,TTN,NJ,AEA,EN,Federal Contract Tower,0,0,24,0,24,0,0,65,8,73,0,0,89,8,97,87,0,87,184
02/09/2009,TTN,NJ,AEA,EN,Federal Contract Tower,0,6,26,0,32,0,0,109,1,110,0,6,135,1,142,192,0,192,334
02/10/2009,TTN,NJ,AEA,EN,Federal Contract Tower,0,5,36,0,41,0,0,175,0,175,0,5,211,0,216,152,0,152,368
02/11/2009,TTN,NJ,AEA,EN,Federal Contract Tower,0,7,25,0,32,0,0,104,1,105,0,7,129,1,137,102,0,102,239
02/12/2009,TTN,NJ,AEA,EN,Federal Contract Tower,0,9,32,0,41,0,0,32,0,32,0,9,64,0,73,2,0,2,75
02/13/2009,TTN,NJ,AEA,EN,Federal Contract Tower,0,6,29,0,35,0,0,71,0,71,0,6,100,0,106,61,0,61,167
02/14/2009,TTN,NJ,AEA,EN,Federal Contract Tower,0,4,12,0,16,0,0,88,0,88,0,4,100,0,104,122,0,122,226
02/15/2009,TTN,NJ,AEA,EN,Federal Contract Tower,0,2,11,0,13,0,0,59,0,59,0,2,70,0,72,117,0,117,189
02/16/2009,TTN,NJ,AEA,EN,Federal Contract Tower,0,7,30,0,37,0,0,84,2,86,0,7,114,2,123,184,0,184,307
02/17/2009,TTN,NJ,AEA,EN,Federal Contract Tower,0,5,27,3,35,0,0,150,4,154,0,5,177,7,189,153,0,153,342
02/18/2009,TTN,NJ,AEA,EN,Federal Contract Tower,0,9,32,0,41,0,0,28,0,28,0,9,60,0,69,38,0,38,107
02/19/2009,TTN,NJ,AEA,EN,Federal Contract Tower,0,4,23,4,31,0,0,30,0,30,0,4,53,4,61,15,2,17,78
02/20/2009,TTN,NJ,AEA,EN,Federal Contract Tower,0,2,22,0,24,0,1,36,2,39,0,3,58,2,63,2,0,2,65
02/21/2009,TTN,NJ,AEA,EN,Federal Contract Tower,0,5,21,0,26,0,2,121,2,125,0,7,142,2,151,199,4,203,354
02/22/2009,TTN,NJ,AEA,EN,Federal Contract Tower,0,3,16,1,20,0,0,26,0,26,0,3,42,1,46,28,0,28,74
02/23/2009,TTN,NJ,AEA,EN,Federal Contract Tower,0,3,26,0,29,0,0,78,0,78,0,3,104,0,107,42,2,44,151
02/24/2009,TTN,NJ,AEA,EN,Federal Contract Tower,0,9,42,3,54,0,8,178,7,193,0,17,220,10,247,119,0,119,366
02/25/2009,TTN,NJ,AEA,EN,Federal Contract Tower,0,8,31,0,39,0,0,150,3,153,0,8,181,3,192,120,0,120,312
02/26/2009,TTN,NJ,AEA,EN,Federal Contract Tower,0,5,34,0,39,0,0,97,0,97,0,5,131,0,136,136,0,136,272
02/27/2009,TTN,NJ,AEA,EN,Federal Contract Tower,0,2,13,0,15,0,0,32,0,32,0,2,45,0,47,14,0,14,61
02/28/2009,TTN,NJ,AEA,EN,Federal Contract Tower,0,3,12,0,15,0,0,111,0,111,0,3,123,0,126,159,0,159,285
03/01/2009,TTN,NJ,AEA,EN,Federal Contract Tower,0,4,14,0,18,0,0,14,0,14,0,4,28,0,32,87,0,87,119
03/02/2009,TTN,NJ,AEA,EN,Federal Contract Tower,0,0,0,0,0,0,0,2,0,2,0,0,2,0,2,0,0,0,2
03/03/2009,TTN,NJ,AEA,EN,Federal Contract Tower,0,14,17,0,31,0,0,83,10,93,0,14,100,10,124,34,0,34,158
03/04/2009,TTN,NJ,AEA,EN,Federal Contract Tower,0,9,31,6,46,0,0,88,4,92,0,9,119,10,138,51,4,55,193
03/05/2009,TTN,NJ,AEA,EN,Federal Contract Tower,0,3,24,2,29,0,0,80,0,80,0,3,104,2,109,89,0,89,198
03/06/2009,TTN,NJ,AEA,EN,Federal Contract Tower,0,6,21,0,27,0,0,101,0,101,0,6,122,0,128,112,0,112,240
03/07/2009,TTN,NJ,AEA,EN,Federal Contract Tower,0,4,22,0,26,0,0,112,4,116,0,4,134,4,142,218,1,219,361
03/08/2009,TTN,NJ,AEA,EN,Federal Contract Tower,0,2,20,0,22,0,0,68,0,68,0,2,88,0,90,104,0,104,194
03/09/2009,TTN,NJ,AEA,EN,Federal Contract Tower,0,4,27,0,31,0,0,26,0,26,0,4,53,0,57,17,0,17,74
03/10/2009,TTN,NJ,AEA,EN,Federal Contract Tower,0,7,17,0,24,0,0,77,0,77,0,7,94,0,101,109,0,109,210
03/11/2009,TTN,NJ,AEA,EN,Federal Contract Tower,0,5,42,0,47,0,0,19,0,19,0,5,61,0,66,0,0,0,66
03/12/2009,TTN,NJ,AEA,EN,Federal Contract Tower,0,8,34,0,42,0,0,87,4,91,0,8,121,4,133,119,0,119,252
03/13/2009,TTN,NJ,AEA,EN,Federal Contract Tower,0,8,24,0,32,0,4,124,0,128,0,12,148,0,160,105,0,105,265
03/14/2009,TTN,NJ,AEA,EN,Federal Contract Tower,0,1,18,0,19,0,0,141,0,141,0,1,159,0,160,180,0,180,340
03/15/2009,TTN,NJ,AEA,EN,Federal Contract Tower,0,9,23,0,32,0,0,46,0,46,0,9,69,0,78,33,0,33,111
03/16/2009,TTN,NJ,AEA,EN,Federal Contract Tower,0,11,28,0,39,0,0,118,0,118,0,11,146,0,157,89,0,89,246
03/17/2009,TTN,NJ,AEA,EN,Federal Contract Tower,0,16,35,0,51,0,0,182,0,182,0,16,217,0,233,133,0,133,366
03/18/2009,TTN,NJ,AEA,EN,Federal Contract Tower,0,7,27,0,34,0,0,111,4,115,0,7,138,4,149,133,0,133,282
03/19/2009,TTN,NJ,AEA,EN,Federal Contract Tower,0,7,31,0,38,0,0,47,2,49,0,7,78,2,87,72,0,72,159
03/20/2009,TTN,NJ,AEA,EN,Federal Contract Tower,0,1,26,1,28,0,0,80,0,80,0,1,106,1,108,38,13,51,159
03/21/2009,TTN,NJ,AEA,EN,Federal Contract Tower,0,4,23,1,28,0,0,133,0,133,0,4,156,1,161,192,0,192,353
03/22/2009,TTN,NJ,AEA,EN,Federal Contract Tower,0,9,30,0,39,0,0,137,0,137,0,9,167,0,176,108,0,108,284
03/23/2009,TTN,NJ,AEA,EN,Federal Contract Tower,0,7,31,0,38,0,0,93,0,93,0,7,124,0,131,53,0,53,184
03/24/2009,TTN,NJ,AEA,EN,Federal Contract Tower,0,2,24,0,26,0,0,96,11,107,0,2,120,11,133,100,0,100,233
03/25/2009,TTN,NJ,AEA,EN,Federal Contract Tower,0,8,24,1,33,0,0,146,3,149,0,8,170,4,182,139,0,139,321
03/26/2009,TTN,NJ,AEA,EN,Federal Contract Tower,2,9,35,0,46,0,0,8,0,8,2,9,43,0,54,0,0,0,54
03/27/2009,TTN,NJ,AEA,EN,Federal Contract Tower,0,11,20,1,32,0,0,147,0,147,0,11,167,1,179,120,0,120,299
03/28/2009,TTN,NJ,AEA,EN,Federal Contract Tower,0,8,29,0,37,0,0,22,0,22,0,8,51,0,59,25,0,25,84
03/29/2009,TTN,NJ,AEA,EN,Federal Contract Tower,0,16,28,0,44,0,0,15,0,15,0,16,43,0,59,0,0,0,59
03/30/2009,TTN,NJ,AEA,EN,Federal Contract Tower,0,9,22,0,31,0,0,60,0,60,0,9,82,0,91,21,0,21,112
03/31/2009,TTN,NJ,AEA,EN,Federal Contract Tower,1,3,27,2,33,0,0,221,9,230,1,3,248,11,263,165,0,165,428
04/01/2009,TTN,NJ,AEA,EN,Federal Contract Tower,0,6,32,0,38,0,0,68,0,68,0,6,100,0,106,48,0,48,154
04/02/2009,TTN,NJ,AEA,EN,Federal Contract Tower,0,9,35,4,48,0,0,43,2,45,0,9,78,6,93,202,0,202,295
04/03/2009,TTN,NJ,AEA,EN,Federal Contract Tower,0,11,36,0,47,0,0,16,0,16,0,11,52,0,63,0,0,0,63
04/04/2009,TTN,NJ,AEA,EN,Federal Contract Tower,0,6,13,0,19,0,0,20,0,20,0,6,33,0,39,13,0,13,52
04/05/2009,TTN,NJ,AEA,EN,Federal Contract Tower,0,9,25,0,34,0,0,155,0,155,0,9,180,0,189,213,0,213,402
04/06/2009,TTN,NJ,AEA,EN,Federal Contract Tower,0,7,16,0,23,0,0,15,0,15,0,7,31,0,38,5,0,5,43
04/07/2009,TTN,NJ,AEA,EN,Federal Contract Tower,0,8,38,0,46,0,0,117,7,124,0,8,155,7,170,71,0,71,241
04/08/2009,TTN,NJ,AEA,EN,Federal Contract Tower,1,4,28,0,33,0,0,105,3,108,1,4,133,3,141,94,0,94,235
04/09/2009,TTN,NJ,AEA,EN,Federal Contract Tower,0,15,31,1,47,0,0,92,0,92,0,15,123,1,139,115,0,115,254
04/10/2009,TTN,NJ,AEA,EN,Federal Contract Tower,0,11,31,0,42,0,0,108,0,108,0,11,139,0,150,84,0,84,234
04/11/2009,TTN,NJ,AEA,EN,Federal Contract Tower,0,4,24,0,28,0,0,22,0,22,0,4,46,0,50,0,0,0,50
04/12/2009,TTN,NJ,AEA,EN,Federal Contract Tower,0,8,16,0,24,0,0,66,0,66,0,8,82,0,90,75,0,75,165
04/13/2009,TTN,NJ,AEA,EN,Federal Contract Tower,0,18,24,0,42,0,1,81,0,82,0,19,105,0,124,158,0,158,282
04/14/2009,TTN,NJ,AEA,EN,Federal Contract Tower,0,9,54,0,63,0,0,0,0,0,0,9,54,0,63,0,0,0,63
04/15/2009,TTN,NJ,AEA,EN,Federal Contract Tower,0,4,34,0,38,0,0,31,0,31,0,4,65,0,69,55,0,55,124
04/16/2009,TTN,NJ,AEA,EN,Federal Contract Tower,0,13,42,0,55,0,0,121,2,123,0,13,163,2,178,131,0,131,309
04/17/2009,TTN,NJ,AEA,EN,Federal Contract Tower,0,7,24,0,31,0,0,162,7,169,0,7,186,7,200,160,0,160,360
04/18/2009,TTN,NJ,AEA,EN,Federal Contract Tower,0,4,35,0,39,0,0,175,0,175,0,4,210,0,214,137,0,137,351
04/19/2009,TTN,NJ,AEA,EN,Federal Contract Tower,0,1,31,0,32,0,0,123,25,148,0,1,154,25,180,137,0,137,317
04/20/2009,TTN,NJ,AEA,EN,Federal Contract Tower,0,5,20,1,26,0,0,22,0,22,0,5,42,1,48,0,0,0,48
04/21/2009,TTN,NJ,AEA,EN,Federal Contract Tower,0,3,44,1,48,0,0,124,2,126,0,3,168,3,174,150,0,150,324
04/22/2009,TTN,NJ,AEA,EN,Federal Contract Tower,0,11,38,0,49,0,0,46,0,46,0,11,84,0,95,63,0,63,158
04/23/2009,TTN,NJ,AEA,EN,Federal Contract Tower,0,7,25,3,35,0,0,74,3,77,0,7,99,6,112,104,0,104,216
04/24/2009,TTN,NJ,AEA,EN,Federal Contract Tower,0,2,36,0,38,0,0,140,0,140,0,2,176,0,178,169,0,169,347
04/25/2009,TTN,NJ,AEA,EN,Federal Contract Tower,0,3,9,0,12,0,0,180,4,184,0,3,189,4,196,259,1,260,456
04/26/2009,TTN,NJ,AEA,EN,Federal Contract Tower,0,5,15,0,20,0,0,113,0,113,0,5,128,0,133,206,2,208,341
04/27/2009,TTN,NJ,AEA,EN,Federal Contract Tower,0,13,34,1,48,0,0,99,0,99,0,13,133,1,147,113,0,113,260
04/28/2009,TTN,NJ,AEA,EN,Federal Contract Tower,0,11,33,0,44,0,0,160,0,160,0,11,193,0,204,77,0,77,281
04/29/2009,TTN,NJ,AEA,EN,Federal Contract Tower,0,6,29,2,37,0,0,102,1,103,0,6,131,3,140,99,0,99,239
04/30/2009,TTN,NJ,AEA,EN,Federal Contract Tower,0,7,24,0,31,0,0,99,0,99,0,7,123,0,130,135,9,144,274
05/01/2009,TTN,NJ,AEA,EN,Federal Contract Tower,0,13,58,2,73,0,0,14,0,14,0,13,72,2,87,1,0,1,88
05/02/2009,TTN,NJ,AEA,EN,Federal Contract Tower,0,14,17,0,31,0,0,64,0,64,0,14,81,0,95,99,0,99,194
05/03/2009,TTN,NJ,AEA,EN,Federal Contract Tower,0,6,37,0,43,0,0,5,0,5,0,6,42,0,48,0,0,0,48
05/04/2009,TTN,NJ,AEA,EN,Federal Contract Tower,0,7,38,2,47,0,0,0,0,0,0,7,38,2,47,0,0,0,47
05/05/2009,TTN,NJ,AEA,EN,Federal Contract Tower,2,4,56,0,62,0,0,1,0,1,2,4,57,0,63,0,0,0,63
05/06/2009,TTN,NJ,AEA,EN,Federal Contract Tower,0,4,65,2,71,0,0,28,0,28,0,4,93,2,99,41,0,41,140
05/07/2009,TTN,NJ,AEA,EN,Federal Contract Tower,0,15,36,0,51,0,0,23,0,23,0,15,59,0,74,88,0,88,162
05/08/2009,TTN,NJ,AEA,EN,Federal Contract Tower,0,7,29,0,36,0,0,101,0,101,0,7,130,0,137,90,0,90,227
05/09/2009,TTN,NJ,AEA,EN,Federal Contract Tower,0,10,18,0,28,0,0,102,0,102,0,10,120,0,130,97,0,97,227
05/10/2009,TTN,NJ,AEA,EN,Federal Contract Tower,0,8,16,0,24,0,0,54,0,54,0,8,70,0,78,34,0,34,112
05/11/2009,TTN,NJ,AEA,EN,Federal Contract Tower,0,5,34,2,41,0,0,133,1,134,0,5,167,3,175,179,5,184,359
05/12/2009,TTN,NJ,AEA,EN,Federal Contract Tower,0,6,29,0,35,0,0,198,0,198,0,6,227,0,233,186,0,186,419
05/13/2009,TTN,NJ,AEA,EN,Federal Contract Tower,0,10,27,0,37,0,0,127,5,132,0,10,154,5,169,160,0,160,329
05/14/2009,TTN,NJ,AEA,EN,Federal Contract Tower,0,6,29,0,35,0,0,63,0,63,0,6,92,0,98,62,0,62,160
05/15/2009,TTN,NJ,AEA,EN,Federal Contract Tower,0,1,42,0,43,0,0,95,1,96,0,1,137,1,139,57,0,57,196
05/16/2009,TTN,NJ,AEA,EN,Federal Contract Tower,0,2,27,0,29,0,0,57,0,57,0,2,84,0,86,40,0,40,126
05/17/2009,TTN,NJ,AEA,EN,Federal Contract Tower,0,6,20,0,26,0,0,40,0,40,0,6,60,0,66,37,0,37,103
05/18/2009,TTN,NJ,AEA,EN,Federal Contract Tower,0,9,33,0,42,0,0,114,0,114,0,9,147,0,156,105,0,105,261
05/19/2009,TTN,NJ,AEA,EN,Federal Contract Tower,0,10,46,0,56,0,0,167,4,171,0,10,213,4,227,175,0,175,402
05/20/2009,TTN,NJ,AEA,EN,Federal Contract Tower,0,4,41,2,47,0,0,95,11,106,0,4,136,13,153,101,2,103,256
05/21/2009,TTN,NJ,AEA,EN,Federal Contract Tower,0,9,31,0,40,0,0,88,3,91,0,9,119,3,131,100,0,100,231
05/22/2009,TTN,NJ,AEA,EN,Federal Contract Tower,0,12,34,0,46,0,0,156,1,157,0,12,190,1,203,102,0,102,305
05/23/2009,TTN,NJ,AEA,EN,Federal Contract Tower,0,4,13,0,17,0,0,107,2,109,0,4,120,2,126,168,0,168,294
05/24/2009,TTN,NJ,AEA,EN,Federal Contract Tower,0,2,19,0,21,0,0,103,0,103,0,2,122,0,124,86,0,86,210
05/25/2009,TTN,NJ,AEA,EN,Federal Contract Tower,0,6,31,0,37,0,0,72,2,74,0,6,103,2,111,96,0,96,207
05/26/2009,TTN,NJ,AEA,EN,Federal Contract Tower,0,16,33,0,49,0,0,59,0,59,0,16,92,0,108,13,0,13,121
05/27/2009,TTN,NJ,AEA,EN,Federal Contract Tower,2,1,29,0,32,0,0,36,0,36,2,1,65,0,68,18,0,18,86
05/28/2009,TTN,NJ,AEA,EN,Federal Contract Tower,0,7,68,2,77,0,0,16,0,16,0,7,84,2,93,2,0,2,95
05/29/2009,TTN,NJ,AEA,EN,Federal Contract Tower,0,14,49,0,63,0,0,7,0,7,0,14,56,0,70,0,0,0,70
05/30/2009,TTN,NJ,AEA,EN,Federal Contract Tower,0,18,32,0,50,0,0,160,1,161,0,18,192,1,211,173,10,183,394
05/31/2009,TTN,NJ,AEA,EN,Federal Contract Tower,0,22,20,0,42,0,0,136,1,137,0,22,156,1,179,221,4,225,404
06/01/2009,TTN,NJ,AEA,EN,Federal Contract Tower,0,9,21,0,30,0,0,124,1,125,0,9,145,1,155,168,2,170,325
06/02/2009,TTN,NJ,AEA,EN,Federal Contract Tower,0,15,45,3,63,0,0,151,2,153,0,15,196,5,216,121,0,121,337
06/03/2009,TTN,NJ,AEA,EN,Federal Contract Tower,0,18,20,0,38,0,0,74,2,76,0,18,94,2,114,92,0,92,206
06/04/2009,TTN,NJ,AEA,EN,Federal Contract Tower,0,9,36,3,48,0,0,34,0,34,0,9,70,3,82,78,0,78,160
06/05/2009,TTN,NJ,AEA,EN,Federal Contract Tower,0,12,35,0,47,0,0,0,0,0,0,12,35,0,47,0,0,0,47
06/06/2009,TTN,NJ,AEA,EN,Federal Contract Tower,0,8,35,0,43,0,0,101,4,105,0,8,136,4,148,120,0,120,268
06/07/2009,TTN,NJ,AEA,EN,Federal Contract Tower,0,4,30,0,34,0,0,101,0,101,0,4,131,0,135,114,0,114,249
06/08/2009,TTN,NJ,AEA,EN,Federal Contract Tower,0,7,26,2,35,0,0,114,12,126,0,7,140,14,161,88,0,88,249
06/09/2009,TTN,NJ,AEA,EN,Federal Contract Tower,0,5,33,0,38,0,0,16,0,16,0,5,49,0,54,0,0,0,54
06/10/2009,TTN,NJ,AEA,EN,Federal Contract Tower,0,9,60,0,69,0,0,109,8,117,0,9,169,8,186,46,0,46,232
06/11/2009,TTN,NJ,AEA,EN,Federal Contract Tower,0,10,68,0,78,0,0,0,0,0,0,10,68,0,78,0,0,0,78
06/12/2009,TTN,NJ,AEA,EN,Federal Contract Tower,0,4,36,3,43,0,0,74,8,82,0,4,110,11,125,39,1,40,165
06/13/2009,TTN,NJ,AEA,EN,Federal Contract Tower,0,4,19,0,23,0,0,69,1,70,0,4,88,1,93,78,1,79,172
06/14/2009,TTN,NJ,AEA,EN,Federal Contract Tower,0,6,35,1,42,0,0,98,3,101,0,6,133,4,143,97,0,97,240
06/15/2009,TTN,NJ,AEA,EN,Federal Contract Tower,0,9,39,0,48,0,0,131,11,142,0,9,170,11,190,138,0,138,328
06/16/2009,TTN,NJ,AEA,EN,Federal Contract Tower,0,5,31,1,37,0,1,99,7,107,0,6,130,8,144,131,10,141,285
06/17/2009,TTN,NJ,AEA,EN,Federal Contract Tower,0,14,38,3,55,0,5,165,10,180,0,19,203,13,235,129,0,129,364
06/18/2009,TTN,NJ,AEA,EN,Federal Contract Tower,0,5,53,0,58,0,0,2,0,2,0,5,55,0,60,6,0,6,66
06/19/2009,TTN,NJ,AEA,EN,Federal Contract Tower,0,3,32,0,35,0,0,145,6,151,0,3,177,6,186,128,0,128,314
06/20/2009,TTN,NJ,AEA,EN,Federal Contract Tower,0,5,11,0,16,0,0,16,0,16,0,5,27,0,32,18,0,18,50
06/21/2009,TTN,NJ,AEA,EN,Federal Contract Tower,0,5,28,0,33,0,6,65,0,71,0,11,93,0,104,71,0,71,175
06/22/2009,TTN,NJ,AEA,EN,Federal Contract Tower,0,13,37,0,50,0,0,109,6,115,0,13,146,6,165,116,0,116,281
06/23/2009,TTN,NJ,AEA,EN,Federal Contract Tower,0,14,48,2,64,0,0,161,21,182,0,14,209,23,246,218,23,241,487
06/24/2009,TTN,NJ,AEA,EN,Federal Contract Tower,0,7,45,2,54,0,0,95,14,109,0,7,140,16,163,62,6,68,231
06/25/2009,TTN,NJ,AEA,EN,Federal Contract Tower,0,8,48,0,56,0,0,62,6,68,0,8,110,6,124,94,6,100,224
06/26/2009,TTN,NJ,AEA,EN,Federal Contract Tower,0,7,38,1,46,0,0,87,1,88,0,7,125,2,134,81,19,100,234
06/27/2009,TTN,NJ,AEA,EN,Federal Contract Tower,0,7,24,0,31,0,0,125,0,125,0,7,149,0,156,161,0,161,317
06/28/2009,TTN,NJ,AEA,EN,Federal Contract Tower,0,6,31,0,37,0,0,73,0,73,0,6,104,0,110,97,0,97,207
06/29/2009,TTN,NJ,AEA,EN,Federal Contract Tower,0,12,40,0,52,0,0,120,0,120,0,12,160,0,172,79,0,79,251
06/30/2009,TTN,NJ,AEA,EN,Federal Contract Tower,0,10,33,0,43,0,0,106,2,108,0,10,139,2,151,49,0,49,200
07/01/2009,TTN,NJ,AEA,EN,Federal Contract Tower,0,8,26,2,36,0,0,82,0,82,0,8,108,2,118,67,0,67,185
07/02/2009,TTN,NJ,AEA,EN,Federal Contract Tower,0,4,29,0,33,0,1,70,0,71,0,5,99,0,104,62,2,64,168
07/03/2009,TTN,NJ,AEA,EN,Federal Contract Tower,0,2,11,0,13,0,0,114,0,114,0,2,125,0,127,114,0,114,241
07/04/2009,TTN,NJ,AEA,EN,Federal Contract Tower,0,3,9,0,12,0,0,91,0,91,0,3,100,0,103,22,0,22,125
07/05/2009,TTN,NJ,AEA,EN,Federal Contract Tower,0,5,24,0,29,0,0,171,0,171,0,5,195,0,200,82,0,82,282
07/06/2009,TTN,NJ,AEA,EN,Federal Contract Tower,0,0,31,2,33,0,0,114,0,114,0,0,145,2,147,125,0,125,272
07/07/2009,TTN,NJ,AEA,EN,Federal Contract Tower,0,7,34,0,41,0,1,108,5,114,0,8,142,5,155,137,1,138,293
07/08/2009,TTN,NJ,AEA,EN,Federal Contract Tower,0,7,36,0,43,0,0,217,2,219,0,7,253,2,262,134,0,134,396
07/09/2009,TTN,NJ,AEA,EN,Federal Contract Tower,0,9,20,0,29,0,0,97,1,98,0,9,117,1,127,183,1,184,311
07/10/2009,TTN,NJ,AEA,EN,Federal Contract Tower,0,11,14,0,25,0,0,174,2,176,0,11,188,2,201,99,0,99,300
07/11/2009,TTN,NJ,AEA,EN,Federal Contract Tower,0,2,20,0,22,0,97,10,0,107,0,99,30,0,129,105,2,107,236
07/12/2009,TTN,NJ,AEA,EN,Federal Contract Tower,0,6,15,0,21,0,0,96,7,103,0,6,111,7,124,83,2,85,209
07/13/2009,TTN,NJ,AEA,EN,Federal Contract Tower,0,7,23,2,32,0,0,119,2,121,0,7,142,4,153,145,0,145,298
07/14/2009,TTN,NJ,AEA,EN,Federal Contract Tower,0,10,28,0,38,0,0,134,11,145,0,10,162,11,183,86,1,87,270
07/15/2009,TTN,NJ,AEA,EN,Federal Contract Tower,0,5,24,0,29,0,0,125,2,127,0,5,149,2,156,172,0,172,328
07/16/2009,TTN,NJ,AEA,EN,Federal Contract Tower,0,6,31,4,41,0,0,70,0,70,0,6,101,4,111,77,0,77,188
07/17/2009,TTN,NJ,AEA,EN,Federal Contract Tower,0,7,38,0,45,0,0,79,0,79,0,7,117,0,124,78,2,80,204
07/18/2009,TTN,NJ,AEA,EN,Federal Contract Tower,0,3,12,0,15,0,0,105,0,105,0,3,117,0,120,67,0,67,187
07/19/2009,TTN,NJ,AEA,EN,Federal Contract Tower,0,2,27,2,31,0,0,144,0,144,0,2,171,2,175,95,1,96,271
07/20/2009,TTN,NJ,AEA,EN,Federal Contract Tower,0,4,27,0,31,0,0,148,1,149,0,4,175,1,180,135,0,135,315
07/21/2009,TTN,NJ,AEA,EN,Federal Contract Tower,0,3,40,0,43,0,0,4,0,4,0,3,44,0,47,0,0,0,47
07/22/2009,TTN,NJ,AEA,EN,Federal Contract Tower,0,12,42,2,56,0,0,128,4,132,0,12,170,6,188,130,0,130,318
07/23/2009,TTN,NJ,AEA,EN,Federal Contract Tower,0,9,44,3,56,0,0,7,0,7,0,9,51,3,63,4,0,4,67
07/24/2009,TTN,NJ,AEA,EN,Federal Contract Tower,0,6,29,0,35,0,0,74,1,75,0,6,103,1,110,94,6,100,210
07/25/2009,TTN,NJ,AEA,EN,Federal Contract Tower,0,3,18,0,21,0,0,138,0,138,0,3,156,0,159,174,0,174,333
07/26/2009,TTN,NJ,AEA,EN,Federal Contract Tower,0,6,16,0,22,0,0,69,0,69,0,6,85,0,91,66,0,66,157
07/27/2009,TTN,NJ,AEA,EN,Federal Contract Tower,0,5,33,2,40,0,0,92,11,103,0,5,125,13,143,117,0,117,260
07/28/2009,TTN,NJ,AEA,EN,Federal Contract Tower,0,15,27,0,42,0,0,150,4,154,0,15,177,4,196,143,0,143,339
07/29/2009,TTN,NJ,AEA,EN,Federal Contract Tower,0,9,31,0,40,0,0,39,5,44,0,9,70,5,84,62,0,62,146
07/30/2009,TTN,NJ,AEA,EN,Federal Contract Tower,0,1,28,6,35,0,2,111,1,114,0,3,139,7,149,169,2,171,320
07/31/2009,TTN,NJ,AEA,EN,Federal Contract Tower,0,9,37,0,46,0,0,0,0,0,0,9,37,0,46,64,0,64,110
08/01/2009,TTN,NJ,AEA,EN,Federal Contract Tower,0,8,17,0,25,0,0,154,0,154,0,8,171,0,179,170,0,170,349
08/02/2009,TTN,NJ,AEA,EN,Federal Contract Tower,0,3,13,0,16,0,0,5,0,5,0,3,18,0,21,0,0,0,21
08/03/2009,TTN,NJ,AEA,EN,Federal Contract Tower,0,14,36,0,50,0,0,122,2,124,0,14,158,2,174,185,1,186,360
08/04/2009,TTN,NJ,AEA,EN,Federal Contract Tower,0,10,22,2,34,0,0,85,4,89,0,10,107,6,123,170,0,170,293
08/05/2009,TTN,NJ,AEA,EN,Federal Contract Tower,0,15,21,2,38,0,0,145,8,153,0,15,166,10,191,115,2,117,308
08/06/2009,TTN,NJ,AEA,EN,Federal Contract Tower,0,6,22,0,28,0,0,79,4,83,0,6,101,4,111,80,0,80,191
08/07/2009,TTN,NJ,AEA,EN,Federal Contract Tower,0,6,24,0,30,0,0,144,8,152,0,6,168,8,182,127,0,127,309
08/08/2009,TTN,NJ,AEA,EN,Federal Contract Tower,0,6,17,0,23,0,0,91,3,94,0,6,108,3,117,163,0,163,280
08/09/2009,TTN,NJ,AEA,EN,Federal Contract Tower,0,1,21,0,22,0,0,18,0,18,0,1,39,0,40,34,0,34,74
08/10/2009,TTN,NJ,AEA,EN,Federal Contract Tower,0,3,23,0,26,0,0,103,3,106,0,3,126,3,132,114,0,114,246
08/11/2009,TTN,NJ,AEA,EN,Federal Contract Tower,0,8,26,1,35,0,0,111,8,119,0,8,137,9,154,96,0,96,250
08/12/2009,TTN,NJ,AEA,EN,Federal Contract Tower,0,2,27,0,29,0,0,80,8,88,0,2,107,8,117,64,4,68,185
08/13/2009,TTN,NJ,AEA,EN,Federal Contract Tower,0,5,45,3,53,0,0,20,0,20,0,5,65,3,73,24,0,24,97
08/14/2009,TTN,NJ,AEA,EN,Federal Contract Tower,0,3,30,0,33,0,7,88,8,103,0,10,118,8,136,138,0,138,274
08/15/2009,TTN,NJ,AEA,EN,Federal Contract Tower,0,4,21,0,25,0,5,132,0,137,0,9,153,0,162,146,0,146,308
08/16/2009,TTN,NJ,AEA,EN,Federal Contract Tower,0,8,20,0,28,0,0,150,0,150,0,8,170,0,178,189,0,189,367
08/17/2009,TTN,NJ,AEA,EN,Federal Contract Tower,0,7,23,2,32,0,0,119,6,125,0,7,142,8,157,136,4,140,297
08/18/2009,TTN,NJ,AEA,EN,Federal Contract Tower,0,4,24,10,38,0,0,100,0,100,0,4,124,10,138,87,1,88,226
08/19/2009,TTN,NJ,AEA,EN,Federal Contract Tower,0,9,28,2,39,0,2,126,0,128,0,11,154,2,167,152,1,153,320
08/20/2009,TTN,NJ,AEA,EN,Federal Contract Tower,0,6,36,0,42,0,2,126,1,129,0,8,162,1,171,119,0,119,290
08/21/2009,TTN,NJ,AEA,EN,Federal Contract Tower,0,4,23,0,27,0,0,37,0,37,0,4,60,0,64,91,1,92,156
08/22/2009,TTN,NJ,AEA,EN,Federal Contract Tower,0,8,14,0,22,0,0,5,0,5,0,8,19,0,27,2,0,2,29
08/23/2009,TTN,NJ,AEA,EN,Federal Contract Tower,0,6,22,0,28,0,0,80,0,80,0,6,102,0,108,92,0,92,200
08/24/2009,TTN,NJ,AEA,EN,Federal Contract Tower,0,7,31,0,38,0,0,119,3,122,0,7,150,3,160,152,0,152,312
08/25/2009,TTN,NJ,AEA,EN,Federal Contract Tower,0,10,41,2,53,0,0,220,3,223,0,10,261,5,276,187,0,187,463
08/26/2009,TTN,NJ,AEA,EN,Federal Contract Tower,0,13,32,0,45,0,0,111,0,111,0,13,143,0,156,197,0,197,353
08/27/2009,TTN,NJ,AEA,EN,Federal Contract Tower,0,7,29,0,36,0,0,116,0,116,0,7,145,0,152,150,2,152,304
08/28/2009,TTN,NJ,AEA,EN,Federal Contract Tower,0,5,19,0,24,0,0,17,0,17,0,5,36,0,41,4,0,4,45
08/29/2009,TTN,NJ,AEA,EN,Federal Contract Tower,0,1,11,2,14,0,0,28,0,28,0,1,39,2,42,33,0,33,75
08/30/2009,TTN,NJ,AEA,EN,Federal Contract Tower,0,5,31,0,36,0,0,121,0,121,0,5,152,0,157,186,0,186,343
08/31/2009,TTN,NJ,AEA,EN,Federal Contract Tower,0,2,19,0,21,0,0,123,1,124,0,2,142,1,145,150,0,150,295
09/01/2009,TTN,NJ,AEA,EN,Federal Contract Tower,0,7,23,6,36,0,0,207,14,221,0,7,230,20,257,265,0,265,522
09/02/2009,TTN,NJ,AEA,EN,Federal Contract Tower,0,6,20,0,26,0,0,130,0,130,0,6,150,0,156,169,6,175,331
09/03/2009,TTN,NJ,AEA,EN,Federal Contract Tower,0,7,26,0,33,0,0,74,3,77,0,7,100,3,110,106,2,108,218
09/04/2009,TTN,NJ,AEA,EN,Federal Contract Tower,0,3,15,0,18,0,0,160,2,162,0,3,175,2,180,124,0,124,304
09/05/2009,TTN,NJ,AEA,EN,Federal Contract Tower,0,7,9,0,16,0,0,120,0,120,0,7,129,0,136,102,0,102,238
09/06/2009,TTN,NJ,AEA,EN,Federal Contract Tower,0,4,17,0,21,0,0,100,0,100,0,4,117,0,121,96,0,96,217
09/07/2009,TTN,NJ,AEA,EN,Federal Contract Tower,0,5,24,0,29,0,0,98,0,98,0,5,122,0,127,80,0,80,207
09/08/2009,TTN,NJ,AEA,EN,Federal Contract Tower,0,13,38,4,55,0,0,165,4,169,0,13,203,8,224,158,0,158,382
09/09/2009,TTN,NJ,AEA,EN,Federal Contract Tower,0,12,26,0,38,0,0,73,5,78,0,12,99,5,116,139,0,139,255
09/10/2009,TTN,NJ,AEA,EN,Federal Contract Tower,0,4,34,0,38,0,0,61,2,63,0,4,95,2,101,82,2,84,185
09/11/2009,TTN,NJ,AEA,EN,Federal Contract Tower,0,6,42,0,48,0,0,0,0,0,0,6,42,0,48,0,0,0,48
09/12/2009,TTN,NJ,AEA,EN,Federal Contract Tower,0,7,32,0,39,0,0,15,0,15,0,7,47,0,54,2,0,2,56
09/13/2009,TTN,NJ,AEA,EN,Federal Contract Tower,0,5,26,0,31,0,0,129,0,129,0,5,155,0,160,90,0,90,250
09/14/2009,TTN,NJ,AEA,EN,Federal Contract Tower,0,9,33,3,45,0,0,189,2,191,0,9,222,5,236,154,0,154,390
09/15/2009,TTN,NJ,AEA,EN,Federal Contract Tower,0,16,39,2,57,0,0,101,0,101,0,16,140,2,158,111,0,111,269
09/16/2009,TTN,NJ,AEA,EN,Federal Contract Tower,0,12,55,2,69,0,0,67,0,67,0,12,122,2,136,21,0,21,157
09/17/2009,TTN,NJ,AEA,EN,Federal Contract Tower,0,8,37,0,45,0,0,75,2,77,0,8,112,2,122,125,0,125,247
09/18/2009,TTN,NJ,AEA,EN,Federal Contract Tower,0,13,50,0,63,0,0,120,1,121,0,13,170,1,184,98,0,98,282
09/19/2009,TTN,NJ,AEA,EN,Federal Contract Tower,0,5,9,0,14,0,0,119,1,120,0,5,128,1,134,96,0,96,230
09/20/2009,TTN,NJ,AEA,EN,Federal Contract Tower,0,7,17,0,24,0,0,125,3,128,0,7,142,3,152,98,0,98,250
09/21/2009,TTN,NJ,AEA,EN,Federal Contract Tower,0,4,16,0,20,0,0,124,3,127,0,4,140,3,147,145,2,147,294
09/22/2009,TTN,NJ,AEA,EN,Federal Contract Tower,0,9,30,0,39,0,0,113,2,115,0,9,143,2,154,125,0,125,279
09/23/2009,TTN,NJ,AEA,EN,Federal Contract Tower,0,7,33,0,40,0,0,81,0,81,0,7,114,0,121,54,0,54,175
09/24/2009,TTN,NJ,AEA,EN,Federal Contract Tower,0,8,44,3,55,0,0,104,1,105,0,8,148,4,160,155,0,155,315
09/25/2009,TTN,NJ,AEA,EN,Federal Contract Tower,0,2,35,2,39,0,1,120,3,124,0,3,155,5,163,216,0,216,379
09/26/2009,TTN,NJ,AEA,EN,Federal Contract Tower,0,9,11,0,20,0,0,126,7,133,0,9,137,7,153,96,8,104,257
09/27/2009,TTN,NJ,AEA,EN,Federal Contract Tower,0,2,31,0,33,0,0,14,0,14,0,2,45,0,47,13,0,13,60
09/28/2009,TTN,NJ,AEA,EN,Federal Contract Tower,0,1,27,0,28,0,0,90,0,90,0,1,117,0,118,57,0,57,175
09/29/2009,TTN,NJ,AEA,EN,Federal Contract Tower,0,11,35,4,50,0,0,118,6,124,0,11,153,10,174,69,0,69,243
09/30/2009,TTN,NJ,AEA,EN,Federal Contract Tower,0,0,24,0,24,0,0,110,1,111,0,0,134,1,135,161,1,162,297
10/01/2009,TTN,NJ,AEA,EN,Federal Contract Tower,0,9,25,0,34,0,0,95,7,102,0,9,120,7,136,148,5,153,289
10/02/2009,TTN,NJ,AEA,EN,Federal Contract Tower,0,12,28,2,42,0,0,125,0,125,0,12,153,2,167,106,2,108,275
10/03/2009,TTN,NJ,AEA,EN,Federal Contract Tower,0,0,8,25,33,0,0,31,4,35,0,0,39,29,68,22,0,22,90
10/04/2009,TTN,NJ,AEA,EN,Federal Contract Tower,0,5,19,0,24,0,0,139,3,142,0,5,158,3,166,235,0,235,401
10/05/2009,TTN,NJ,AEA,EN,Federal Contract Tower,0,12,24,3,39,0,0,120,0,120,0,12,144,3,159,133,2,135,294
10/06/2009,TTN,NJ,AEA,EN,Federal Contract Tower,0,9,36,0,45,0,0,182,5,187,0,9,218,5,232,305,0,305,537
10/07/2009,TTN,NJ,AEA,EN,Federal Contract Tower,0,10,27,2,39,0,0,23,0,23,0,10,50,2,62,0,0,0,62
10/08/2009,TTN,NJ,AEA,EN,Federal Contract Tower,0,6,34,0,40,0,0,129,5,134,0,6,163,5,174,144,0,144,318
10/09/2009,TTN,NJ,AEA,EN,Federal Contract Tower,0,10,31,0,41,0,0,124,0,124,0,10,155,0,165,66,0,66,231
10/10/2009,TTN,NJ,AEA,EN,Federal Contract Tower,0,6,20,0,26,0,0,82,4,86,0,6,102,4,112,124,1,125,237
10/11/2009,TTN,NJ,AEA,EN,Federal Contract Tower,0,3,25,0,28,0,0,130,0,130,0,3,155,0,158,150,0,150,308
10/12/2009,TTN,NJ,AEA,EN,Federal Contract Tower,0,8,22,0,30,0,1,130,0,131,0,9,152,0,161,163,0,163,324
10/13/2009,TTN,NJ,AEA,EN,Federal Contract Tower,0,9,20,0,29,0,89,13,0,102,0,98,33,0,131,111,0,111,242
10/14/2009,TTN,NJ,AEA,EN,Federal Contract Tower,0,12,19,0,31,0,0,169,3,172,0,12,188,3,203,177,0,177,380
10/15/2009,TTN,NJ,AEA,EN,Federal Contract Tower,0,9,31,0,40,0,0,11,0,11,0,9,42,0,51,47,0,47,98
10/16/2009,TTN,NJ,AEA,EN,Federal Contract Tower,0,4,35,2,41,0,2,15,3,20,0,6,50,5,61,0,0,0,61
10/17/2009,TTN,NJ,AEA,EN,Federal Contract Tower,0,2,27,0,29,0,0,24,0,24,0,2,51,0,53,24,0,24,77
10/18/2009,TTN,NJ,AEA,EN,Federal Contract Tower,0,3,22,0,25,0,0,18,0,18,0,3,40,0,43,29,0,29,72
10/19/2009,TTN,NJ,AEA,EN,Federal Contract Tower,0,6,33,1,40,0,0,114,2,116,0,6,147,3,156,194,5,199,355
10/20/2009,TTN,NJ,AEA,EN,Federal Contract Tower,0,7,44,0,51,0,0,152,19,171,0,7,196,19,222,210,8,218,440
10/21/2009,TTN,NJ,AEA,EN,Federal Contract Tower,0,11,30,5,46,0,0,147,1,148,0,11,177,6,194,227,0,227,421
10/22/2009,TTN,NJ,AEA,EN,Federal Contract Tower,0,15,40,2,57,0,0,106,1,107,0,15,146,3,164,186,0,186,350
10/23/2009,TTN,NJ,AEA,EN,Federal Contract Tower,0,11,45,2,58,0,0,55,2,57,0,11,100,4,115,91,0,91,206
10/24/2009,TTN,NJ,AEA,EN,Federal Contract Tower,0,7,12,0,19,0,0,22,1,23,0,7,34,1,42,36,0,36,78
10/25/2009,TTN,NJ,AEA,EN,Federal Contract Tower,0,1,23,0,24,0,0,97,0,97,0,1,120,0,121,129,0,129,250
10/26/2009,TTN,NJ,AEA,EN,Federal Contract Tower,0,6,27,0,33,0,0,114,11,125,0,6,141,11,158,178,0,178,336
10/27/2009,TTN,NJ,AEA,EN,Federal Contract Tower,0,10,51,8,69,0,0,0,0,0,0,10,51,8,69,0,0,0,69
10/28/2009,TTN,NJ,AEA,EN,Federal Contract Tower,0,8,39,2,49,0,0,8,0,8,0,8,47,2,57,0,0,0,57
10/29/2009,TTN,NJ,AEA,EN,Federal Contract Tower,0,0,35,4,39,0,0,76,2,78,0,0,111,6,117,196,4,200,317
10/30/2009,TTN,NJ,AEA,EN,Federal Contract Tower,0,2,19,0,21,0,0,111,1,112,0,2,130,1,133,105,0,105,238
10/31/2009,TTN,NJ,AEA,EN,Federal Contract Tower,0,6,14,0,20,0,0,12,0,12,0,6,26,0,32,10,0,10,42
11/01/2009,TTN,NJ,AEA,EN,Federal Contract Tower,0,4,24,0,28,0,0,61,0,61,0,4,85,0,89,55,0,55,144
11/02/2009,TTN,NJ,AEA,EN,Federal Contract Tower,0,9,25,12,46,0,0,111,0,111,0,9,136,12,157,140,0,140,297
11/03/2009,TTN,NJ,AEA,EN,Federal Contract Tower,0,12,23,0,35,0,0,159,5,164,0,12,182,5,199,99,0,99,298
11/04/2009,TTN,NJ,AEA,EN,Federal Contract Tower,0,12,25,0,37,0,0,117,27,144,0,12,142,27,181,137,18,155,336
11/05/2009,TTN,NJ,AEA,EN,Federal Contract Tower,0,10,27,2,39,0,0,83,0,83,0,10,110,2,122,114,0,114,236
11/06/2009,TTN,NJ,AEA,EN,Federal Contract Tower,0,4,20,0,24,0,0,88,0,88,0,4,108,0,112,104,0,104,216
11/07/2009,TTN,NJ,AEA,EN,Federal Contract Tower,0,6,22,0,28,0,1,147,4,152,0,7,169,4,180,155,0,155,335
11/08/2009,TTN,NJ,AEA,EN,Federal Contract Tower,0,7,20,0,27,0,3,149,0,152,0,10,169,0,179,152,2,154,333
11/09/2009,TTN,NJ,AEA,EN,Federal Contract Tower,0,5,31,4,40,0,0,127,3,130,0,5,158,7,170,151,1,152,322
11/10/2009,TTN,NJ,AEA,EN,Federal Contract Tower,0,13,31,2,46,0,0,130,4,134,0,13,161,6,180,150,0,150,330
11/11/2009,TTN,NJ,AEA,EN,Federal Contract Tower,0,13,48,0,61,0,0,71,0,71,0,13,119,0,132,55,0,55,187
11/12/2009,TTN,NJ,AEA,EN,Federal Contract Tower,0,13,33,6,52,0,1,54,4,59,0,14,87,10,111,11,0,11,122
11/13/2009,TTN,NJ,AEA,EN,Federal Contract Tower,0,9,29,0,38,0,0,23,0,23,0,9,52,0,61,1,0,1,62
11/14/2009,TTN,NJ,AEA,EN,Federal Contract Tower,0,6,22,0,28,0,0,0,0,0,0,6,22,0,28,0,0,0,28
11/15/2009,TTN,NJ,AEA,EN,Federal Contract Tower,0,6,36,0,42,0,0,114,10,124,0,6,150,10,166,202,0,202,368
11/16/2009,TTN,NJ,AEA,EN,Federal Contract Tower,0,1,24,0,25,0,0,133,3,136,0,1,157,3,161,130,0,130,291
11/17/2009,TTN,NJ,AEA,EN,Federal Contract Tower,0,10,28,2,40,0,0,150,3,153,0,10,178,5,193,174,6,180,373
11/18/2009,TTN,NJ,AEA,EN,Federal Contract Tower,0,7,35,0,42,0,0,103,6,109,0,7,138,6,151,154,0,154,305
11/19/2009,TTN,NJ,AEA,EN,Federal Contract Tower,0,10,55,3,68,0,0,0,0,0,0,10,55,3,68,0,0,0,68
11/20/2009,TTN,NJ,AEA,EN,Federal Contract Tower,0,7,26,0,33,0,1,105,0,106,0,8,131,0,139,78,0,78,217
11/21/2009,TTN,NJ,AEA,EN,Federal Contract Tower,0,2,14,2,18,0,0,125,0,125,0,2,139,2,143,169,0,169,312
11/22/2009,TTN,NJ,AEA,EN,Federal Contract Tower,0,3,15,0,18,0,0,107,0,107,0,3,122,0,125,130,0,130,255
11/23/2009,TTN,NJ,AEA,EN,Federal Contract Tower,0,7,47,0,54,0,0,56,4,60,0,7,103,4,114,87,0,87,201
11/24/2009,TTN,NJ,AEA,EN,Federal Contract Tower,0,10,54,0,64,0,0,90,3,93,0,10,144,3,157,36,0,36,193
11/25/2009,TTN,NJ,AEA,EN,Federal Contract Tower,0,4,30,0,34,0,0,0,0,0,0,4,30,0,34,0,0,0,34
11/26/2009,TTN,NJ,AEA,EN,Federal Contract Tower,0,1,14,0,15,0,0,11,0,11,0,1,25,0,26,0,0,0,26
11/27/2009,TTN,NJ,AEA,EN,Federal Contract Tower,0,4,13,0,17,0,0,25,0,25,0,4,38,0,42,22,0,22,64
11/28/2009,TTN,NJ,AEA,EN,Federal Contract Tower,0,8,14,0,22,0,0,60,0,60,0,8,74,0,82,35,0,35,117
11/29/2009,TTN,NJ,AEA,EN,Federal Contract Tower,0,4,41,0,45,0,0,166,0,166,0,4,207,0,211,176,0,176,387
11/30/2009,TTN,NJ,AEA,EN,Federal Contract Tower,0,3,27,0,30,0,0,102,4,106,0,3,129,4,136,66,0,66,202
12/01/2009,TTN,NJ,AEA,EN,Federal Contract Tower,0,12,24,3,39,0,0,123,4,127,0,12,147,7,166,103,0,103,269
12/02/2009,TTN,NJ,AEA,EN,Federal Contract Tower,0,7,23,0,30,0,0,80,3,83,0,7,103,3,113,186,0,186,299
12/03/2009,TTN,NJ,AEA,EN,Federal Contract Tower,0,14,20,0,34,0,0,90,2,92,0,14,110,2,126,88,0,88,214
12/04/2009,TTN,NJ,AEA,EN,Federal Contract Tower,0,4,20,0,24,0,1,116,0,117,0,5,136,0,141,87,0,87,228
12/05/2009,TTN,NJ,AEA,EN,Federal Contract Tower,0,3,6,0,9,0,0,4,2,6,0,3,10,2,15,34,0,34,49
12/06/2009,TTN,NJ,AEA,EN,Federal Contract Tower,0,2,20,0,22,0,0,166,0,166,0,2,186,0,188,116,0,116,304
12/07/2009,TTN,NJ,AEA,EN,Federal Contract Tower,0,10,23,4,37,0,0,140,7,147,0,10,163,11,184,160,2,162,346
12/08/2009,TTN,NJ,AEA,EN,Federal Contract Tower,0,10,43,0,53,0,0,142,8,150,0,10,185,8,203,181,0,181,384
12/09/2009,TTN,NJ,AEA,EN,Federal Contract Tower,0,8,25,0,33,0,0,30,0,30,0,8,55,0,63,12,0,12,75
12/10/2009,TTN,NJ,AEA,EN,Federal Contract Tower,0,12,19,2,33,0,0,59,3,62,0,12,78,5,95,12,0,12,107
12/11/2009,TTN,NJ,AEA,EN,Federal Contract Tower,0,6,20,0,26,0,0,62,0,62,0,6,82,0,88,28,0,28,116
12/12/2009,TTN,NJ,AEA,EN,Federal Contract Tower,0,4,27,0,31,0,0,136,0,136,0,4,163,0,167,165,0,165,332
12/13/2009,TTN,NJ,AEA,EN,Federal Contract Tower,0,4,15,0,19,0,0,10,0,10,0,4,25,0,29,44,0,44,73
12/14/2009,TTN,NJ,AEA,EN,Federal Contract Tower,0,5,35,2,42,0,0,166,1,167,0,5,201,3,209,176,0,176,385
12/15/2009,TTN,NJ,AEA,EN,Federal Contract Tower,0,7,56,0,63,0,0,140,14,154,0,7,196,14,217,66,0,66,283
12/16/2009,TTN,NJ,AEA,EN,Federal Contract Tower,0,11,25,0,36,0,0,67,1,68,0,11,92,1,104,159,3,162,266
12/17/2009,TTN,NJ,AEA,EN,Federal Contract Tower,0,9,27,0,36,0,0,105,3,108,0,9,132,3,144,199,0,199,343
12/18/2009,TTN,NJ,AEA,EN,Federal Contract Tower,0,6,39,0,45,0,0,146,0,146,0,6,185,0,191,240,0,240,431
12/19/2009,TTN,NJ,AEA,EN,Federal Contract Tower,0,5,5,0,10,0,0,0,0,0,0,5,5,0,10,0,0,0,10
12/20/2009,TTN,NJ,AEA,EN,Federal Contract Tower,0,0,0,0,0,0,0,0,0,0,0,0,0,0,0,0,0,0,0
12/21/2009,TTN,NJ,AEA,EN,Federal Contract Tower,0,3,36,0,39,0,0,63,5,68,0,3,99,5,107,43,0,43,150
12/22/2009,TTN,NJ,AEA,EN,Federal Contract Tower,0,11,27,0,38,0,0,79,7,86,0,11,106,7,124,131,0,131,255
12/23/2009,TTN,NJ,AEA,EN,Federal Contract Tower,0,4,22,0,26,0,1,84,0,85,0,5,106,0,111,102,0,102,213
12/24/2009,TTN,NJ,AEA,EN,Federal Contract Tower,0,6,11,0,17,0,0,36,0,36,0,6,47,0,53,43,0,43,96
12/25/2009,TTN,NJ,AEA,EN,Federal Contract Tower,0,4,8,0,12,0,0,0,0,0,0,4,8,0,12,0,0,0,12
12/26/2009,TTN,NJ,AEA,EN,Federal Contract Tower,0,14,24,0,38,0,0,0,0,0,0,14,24,0,38,0,0,0,38
12/27/2009,TTN,NJ,AEA,EN,Federal Contract Tower,0,8,21,0,29,0,0,88,0,88,0,8,109,0,117,77,0,77,194
12/28/2009,TTN,NJ,AEA,EN,Federal Contract Tower,0,1,4,0,5,0,0,42,2,44,0,1,46,2,49,49,0,49,98
12/29/2009,TTN,NJ,AEA,EN,Federal Contract Tower,0,4,10,0,14,0,0,8,0,8,0,4,18,0,22,0,0,0,22
12/30/2009,TTN,NJ,AEA,EN,Federal Contract Tower,0,9,19,0,28,0,0,90,0,90,0,9,109,0,118,112,0,112,230
12/31/2009,TTN,NJ,AEA,EN,Federal Contract Tower,0,5,9,0,14,0,0,0,0,0,0,5,9,0,14,0,0,0,14
01/01/2010,TTN,NJ,AEA,EN,Federal Contract Tower,0,5,7,0,12,0,0,35,0,35,0,5,42,0,47,10,0,10,57
01/02/2010,TTN,NJ,AEA,EN,Federal Contract Tower,0,6,17,0,23,0,0,26,0,26,0,6,43,0,49,17,0,17,66
01/03/2010,TTN,NJ,AEA,EN,Federal Contract Tower,0,10,24,0,34,0,0,16,0,16,0,10,40,0,50,3,0,3,53
01/04/2010,TTN,NJ,AEA,EN,Federal Contract Tower,0,4,21,0,25,0,0,90,1,91,0,4,111,1,116,81,0,81,197
01/05/2010,TTN,NJ,AEA,EN,Federal Contract Tower,0,2,24,4,30,0,0,138,9,147,0,2,162,13,177,132,3,135,312
01/06/2010,TTN,NJ,AEA,EN,Federal Contract Tower,0,6,14,0,20,0,0,82,0,82,0,6,96,0,102,110,0,110,212
01/07/2010,TTN,NJ,AEA,EN,Federal Contract Tower,1,5,23,2,31,0,0,72,0,72,1,5,95,2,103,153,0,153,256
01/08/2010,TTN,NJ,AEA,EN,Federal Contract Tower,0,7,16,0,23,0,0,35,0,35,0,7,51,0,58,0,0,0,58
01/09/2010,TTN,NJ,AEA,EN,Federal Contract Tower,0,3,15,0,18,0,0,90,7,97,0,3,105,7,115,177,0,177,292
01/10/2010,TTN,NJ,AEA,EN,Federal Contract Tower,0,3,11,0,14,0,0,120,4,124,0,3,131,4,138,193,0,193,331
01/11/2010,TTN,NJ,AEA,EN,Federal Contract Tower,0,8,26,0,34,0,0,95,3,98,0,8,121,3,132,68,0,68,200
01/12/2010,TTN,NJ,AEA,EN,Federal Contract Tower,0,6,26,0,32,0,0,105,19,124,0,6,131,19,156,92,0,92,248
01/13/2010,TTN,NJ,AEA,EN,Federal Contract Tower,0,9,26,0,35,0,0,102,10,112,0,9,128,10,147,129,4,133,280
01/14/2010,TTN,NJ,AEA,EN,Federal Contract Tower,0,5,32,0,37,0,0,120,1,121,0,5,152,1,158,193,0,193,351
01/15/2010,TTN,NJ,AEA,EN,Federal Contract Tower,0,2,37,0,39,0,0,125,1,126,0,2,162,1,165,83,0,83,248
01/16/2010,TTN,NJ,AEA,EN,Federal Contract Tower,0,1,19,0,20,0,0,165,1,166,0,1,184,1,186,183,0,183,369
01/17/2010,TTN,NJ,AEA,EN,Federal Contract Tower,0,3,27,0,30,0,0,23,0,23,0,3,50,0,53,32,0,32,85
01/18/2010,TTN,NJ,AEA,EN,Federal Contract Tower,0,7,26,0,33,0,0,69,0,69,0,7,95,0,102,108,0,108,210
01/19/2010,TTN,NJ,AEA,EN,Federal Contract Tower,0,9,33,0,42,0,0,142,18,160,0,9,175,18,202,82,0,82,284
01/20/2010,TTN,NJ,AEA,EN,Federal Contract Tower,0,8,20,0,28,0,0,107,5,112,0,8,127,5,140,68,0,68,208
01/21/2010,TTN,NJ,AEA,EN,Federal Contract Tower,0,5,22,0,27,0,0,93,2,95,0,5,115,2,122,184,2,186,308
01/22/2010,TTN,NJ,AEA,EN,Federal Contract Tower,0,7,32,0,39,0,0,100,0,100,0,7,132,0,139,141,0,141,280
01/23/2010,TTN,NJ,AEA,EN,Federal Contract Tower,0,9,18,2,29,0,0,131,0,131,0,9,149,2,160,204,0,204,364
01/24/2010,TTN,NJ,AEA,EN,Federal Contract Tower,0,5,19,0,24,0,0,17,2,19,0,5,36,2,43,12,0,12,55
01/25/2010,TTN,NJ,AEA,EN,Federal Contract Tower,0,4,20,2,26,0,0,20,0,20,0,4,40,2,46,8,0,8,54
01/26/2010,TTN,NJ,AEA,EN,Federal Contract Tower,0,5,27,0,32,0,0,88,6,94,0,5,115,6,126,85,5,90,216
01/27/2010,TTN,NJ,AEA,EN,Federal Contract Tower,0,7,25,0,32,0,0,105,2,107,0,7,130,2,139,101,0,101,240
01/28/2010,TTN,NJ,AEA,EN,Federal Contract Tower,0,7,21,2,30,0,0,47,4,51,0,7,68,6,81,91,0,91,172
01/29/2010,TTN,NJ,AEA,EN,Federal Contract Tower,0,6,18,1,25,0,0,82,0,82,0,6,100,1,107,95,0,95,202
01/30/2010,TTN,NJ,AEA,EN,Federal Contract Tower,0,4,12,0,16,0,0,64,0,64,0,4,76,0,80,93,0,93,173
01/31/2010,TTN,NJ,AEA,EN,Federal Contract Tower,0,3,29,0,32,0,0,134,0,134,0,3,163,0,166,168,0,168,334
02/01/2010,TTN,NJ,AEA,EN,Federal Contract Tower,0,6,26,1,33,0,0,127,0,127,0,6,153,1,160,138,0,138,298
02/02/2010,TTN,NJ,AEA,EN,Federal Contract Tower,0,9,15,1,25,0,0,112,6,118,0,9,127,7,143,98,0,98,241
02/03/2010,TTN,NJ,AEA,EN,Federal Contract Tower,0,3,15,0,18,0,0,37,3,40,0,3,52,3,58,25,2,27,85
02/04/2010,TTN,NJ,AEA,EN,Federal Contract Tower,0,4,26,2,32,0,0,105,5,110,0,4,131,7,142,136,0,136,278
02/05/2010,TTN,NJ,AEA,EN,Federal Contract Tower,2,7,21,0,30,0,0,74,1,75,2,7,95,1,105,118,0,118,223
02/06/2010,TTN,NJ,AEA,EN,Federal Contract Tower,0,0,0,0,0,0,0,0,0,0,0,0,0,0,0,0,0,0,0
02/07/2010,TTN,NJ,AEA,EN,Federal Contract Tower,0,8,20,1,29,0,0,43,0,43,0,8,63,1,72,88,0,88,160
02/08/2010,TTN,NJ,AEA,EN,Federal Contract Tower,0,7,22,2,31,0,0,72,4,76,0,7,94,6,107,99,10,109,216
02/09/2010,TTN,NJ,AEA,EN,Federal Contract Tower,0,11,22,3,36,0,0,77,4,81,0,11,99,7,117,125,2,127,244
02/10/2010,TTN,NJ,AEA,EN,Federal Contract Tower,0,1,1,0,2,0,0,0,0,0,0,1,1,0,2,0,0,0,2
02/11/2010,TTN,NJ,AEA,EN,Federal Contract Tower,0,2,9,0,11,0,0,32,0,32,0,2,41,0,43,2,0,2,45
02/12/2010,TTN,NJ,AEA,EN,Federal Contract Tower,0,12,32,0,44,0,0,102,0,102,0,12,134,0,146,68,0,68,214
02/13/2010,TTN,NJ,AEA,EN,Federal Contract Tower,0,4,13,0,17,0,0,90,0,90,0,4,103,0,107,102,0,102,209
02/14/2010,TTN,NJ,AEA,EN,Federal Contract Tower,0,8,16,0,24,0,0,41,0,41,0,8,57,0,65,131,0,131,196
02/15/2010,TTN,NJ,AEA,EN,Federal Contract Tower,1,14,32,0,47,0,0,103,0,103,1,14,135,0,150,96,0,96,246
02/16/2010,TTN,NJ,AEA,EN,Federal Contract Tower,0,7,27,0,34,0,12,0,0,12,0,19,27,0,46,0,0,0,46
02/17/2010,TTN,NJ,AEA,EN,Federal Contract Tower,0,7,29,0,36,0,0,93,6,99,0,7,122,6,135,70,0,70,205
02/18/2010,TTN,NJ,AEA,EN,Federal Contract Tower,0,9,20,0,29,0,0,78,7,85,0,9,98,7,114,103,2,105,219
02/19/2010,TTN,NJ,AEA,EN,Federal Contract Tower,0,7,18,1,26,0,0,66,3,69,0,7,84,4,95,68,0,68,163
02/20/2010,TTN,NJ,AEA,EN,Federal Contract Tower,0,4,12,1,17,0,0,136,6,142,0,4,148,7,159,131,0,131,290
02/21/2010,TTN,NJ,AEA,EN,Federal Contract Tower,0,0,7,24,31,0,0,104,0,104,0,0,111,24,135,113,0,113,248
02/22/2010,TTN,NJ,AEA,EN,Federal Contract Tower,0,13,36,0,49,0,1,122,5,128,0,14,158,5,177,162,0,162,339
02/23/2010,TTN,NJ,AEA,EN,Federal Contract Tower,0,6,21,0,27,0,0,0,0,0,0,6,21,0,27,0,0,0,27
02/24/2010,TTN,NJ,AEA,EN,Federal Contract Tower,0,4,32,0,36,0,0,44,6,50,0,4,76,6,86,40,0,40,126
02/25/2010,TTN,NJ,AEA,EN,Federal Contract Tower,0,3,5,0,8,0,0,0,0,0,0,3,5,0,8,0,0,0,8
02/26/2010,TTN,NJ,AEA,EN,Federal Contract Tower,0,3,7,0,10,0,0,12,0,12,0,3,19,0,22,0,0,0,22
02/27/2010,TTN,NJ,AEA,EN,Federal Contract Tower,0,4,13,0,17,0,0,41,0,41,0,4,54,0,58,95,0,95,153
02/28/2010,TTN,NJ,AEA,EN,Federal Contract Tower,0,3,19,0,22,0,0,28,0,28,0,3,47,0,50,4,0,4,54
03/01/2010,TTN,NJ,AEA,EN,Federal Contract Tower,0,4,19,2,25,0,0,67,7,74,0,4,86,9,99,67,2,69,168
03/02/2010,TTN,NJ,AEA,EN,Federal Contract Tower,0,3,28,0,31,0,0,115,12,127,0,3,143,12,158,181,4,185,343
03/03/2010,TTN,NJ,AEA,EN,Federal Contract Tower,0,5,12,0,17,0,0,21,0,21,0,5,33,0,38,4,0,4,42
03/04/2010,TTN,NJ,AEA,EN,Federal Contract Tower,0,6,30,0,36,0,0,80,2,82,0,6,110,2,118,102,0,102,220
03/05/2010,TTN,NJ,AEA,EN,Federal Contract Tower,2,3,20,2,27,0,1,127,6,134,2,4,147,8,161,97,0,97,258
03/06/2010,TTN,NJ,AEA,EN,Federal Contract Tower,0,6,13,0,19,0,0,202,3,205,0,6,215,3,224,236,0,236,460
03/07/2010,TTN,NJ,AEA,EN,Federal Contract Tower,0,10,30,2,42,0,0,145,2,147,0,10,175,4,189,137,0,137,326
03/08/2010,TTN,NJ,AEA,EN,Federal Contract Tower,0,10,20,0,30,0,0,81,0,81,0,10,101,0,111,35,0,35,146
03/09/2010,TTN,NJ,AEA,EN,Federal Contract Tower,0,9,39,0,48,0,0,154,10,164,0,9,193,10,212,113,0,113,325
03/10/2010,TTN,NJ,AEA,EN,Federal Contract Tower,0,4,18,0,22,0,0,76,6,82,0,4,94,6,104,47,0,47,151
03/11/2010,TTN,NJ,AEA,EN,Federal Contract Tower,0,8,36,0,44,0,0,70,3,73,0,8,106,3,117,69,0,69,186
03/12/2010,TTN,NJ,AEA,EN,Federal Contract Tower,0,13,27,0,40,0,0,0,0,0,0,13,27,0,40,0,0,0,40
03/13/2010,TTN,NJ,AEA,EN,Federal Contract Tower,0,3,5,0,8,0,0,0,0,0,0,3,5,0,8,0,0,0,8
03/14/2010,TTN,NJ,AEA,EN,Federal Contract Tower,0,9,20,0,29,0,0,0,0,0,0,9,20,0,29,0,0,0,29
03/15/2010,TTN,NJ,AEA,EN,Federal Contract Tower,0,13,19,0,32,0,0,28,0,28,0,13,47,0,60,0,0,0,60
03/16/2010,TTN,NJ,AEA,EN,Federal Contract Tower,0,10,41,0,51,0,0,136,2,138,0,10,177,2,189,144,0,144,333
03/17/2010,TTN,NJ,AEA,EN,Federal Contract Tower,0,4,31,0,35,0,0,104,1,105,0,4,135,1,140,168,3,171,311
03/18/2010,TTN,NJ,AEA,EN,Federal Contract Tower,0,3,41,1,45,0,0,146,3,149,0,3,187,4,194,178,0,178,372
03/19/2010,TTN,NJ,AEA,EN,Federal Contract Tower,0,1,27,0,28,0,0,145,2,147,0,1,172,2,175,118,0,118,293
03/20/2010,TTN,NJ,AEA,EN,Federal Contract Tower,0,4,15,0,19,0,0,150,0,150,0,4,165,0,169,34,0,34,203
03/21/2010,TTN,NJ,AEA,EN,Federal Contract Tower,0,8,15,0,23,0,0,107,5,112,0,8,122,5,135,115,0,115,250
03/22/2010,TTN,NJ,AEA,EN,Federal Contract Tower,0,7,35,0,42,0,0,20,0,20,0,7,55,0,62,0,0,0,62
03/23/2010,TTN,NJ,AEA,EN,Federal Contract Tower,0,7,60,2,69,0,0,17,2,19,0,7,77,4,88,13,2,15,103
03/24/2010,TTN,NJ,AEA,EN,Federal Contract Tower,0,2,27,1,30,0,0,99,5,104,0,2,126,6,134,88,2,90,224
03/25/2010,TTN,NJ,AEA,EN,Federal Contract Tower,0,12,38,0,50,0,0,94,4,98,0,12,132,4,148,116,0,116,264
03/26/2010,TTN,NJ,AEA,EN,Federal Contract Tower,0,0,11,25,36,0,0,61,0,61,0,0,72,25,97,16,0,16,113
03/27/2010,TTN,NJ,AEA,EN,Federal Contract Tower,0,6,18,0,24,0,0,156,0,156,0,6,174,0,180,203,0,203,383
03/28/2010,TTN,NJ,AEA,EN,Federal Contract Tower,0,6,27,0,33,0,0,65,0,65,0,6,92,0,98,81,0,81,179
03/29/2010,TTN,NJ,AEA,EN,Federal Contract Tower,0,3,22,0,25,0,0,0,0,0,0,3,22,0,25,0,0,0,25
03/30/2010,TTN,NJ,AEA,EN,Federal Contract Tower,0,4,23,0,27,0,0,8,0,8,0,4,31,0,35,0,0,0,35
03/31/2010,TTN,NJ,AEA,EN,Federal Contract Tower,0,12,41,1,54,0,1,124,0,125,0,13,165,1,179,169,4,173,352
04/01/2010,TTN,NJ,AEA,EN,Federal Contract Tower,0,7,36,0,43,0,0,154,5,159,0,7,190,5,202,170,0,170,372
04/02/2010,TTN,NJ,AEA,EN,Federal Contract Tower,0,9,27,0,36,0,0,154,2,156,0,9,181,2,192,129,0,129,321
04/03/2010,TTN,NJ,AEA,EN,Federal Contract Tower,0,1,24,0,25,0,0,119,2,121,0,1,143,2,146,216,0,216,362
04/04/2010,TTN,NJ,AEA,EN,Federal Contract Tower,0,7,16,0,23,0,1,75,0,76,0,8,91,0,99,87,0,87,186
04/05/2010,TTN,NJ,AEA,EN,Federal Contract Tower,0,5,30,0,35,0,0,83,4,87,0,5,113,4,122,30,2,32,154
04/06/2010,TTN,NJ,AEA,EN,Federal Contract Tower,0,10,32,0,42,0,0,121,13,134,0,10,153,13,176,164,0,164,340
04/07/2010,TTN,NJ,AEA,EN,Federal Contract Tower,0,2,35,0,37,0,0,111,2,113,0,2,146,2,150,116,2,118,268
04/08/2010,TTN,NJ,AEA,EN,Federal Contract Tower,0,12,31,0,43,0,0,111,17,128,0,12,142,17,171,112,0,112,283
04/09/2010,TTN,NJ,AEA,EN,Federal Contract Tower,0,20,57,0,77,0,0,80,0,80,0,20,137,0,157,66,0,66,223
04/10/2010,TTN,NJ,AEA,EN,Federal Contract Tower,0,0,29,0,29,0,0,102,0,102,0,0,131,0,131,54,0,54,185
04/11/2010,TTN,NJ,AEA,EN,Federal Contract Tower,0,9,32,0,41,0,0,209,0,209,0,9,241,0,250,172,0,172,422
04/12/2010,TTN,NJ,AEA,EN,Federal Contract Tower,0,5,31,0,36,0,0,139,6,145,0,5,170,6,181,69,0,69,250
04/13/2010,TTN,NJ,AEA,EN,Federal Contract Tower,0,8,34,4,46,0,0,107,7,114,0,8,141,11,160,120,0,120,280
04/14/2010,TTN,NJ,AEA,EN,Federal Contract Tower,0,7,24,0,31,0,0,104,14,118,0,7,128,14,149,163,1,164,313
04/15/2010,TTN,NJ,AEA,EN,Federal Contract Tower,0,12,26,2,40,0,0,109,3,112,0,12,135,5,152,177,0,177,329
04/16/2010,TTN,NJ,AEA,EN,Federal Contract Tower,0,8,32,0,40,0,0,53,0,53,0,8,85,0,93,77,0,77,170
04/17/2010,TTN,NJ,AEA,EN,Federal Contract Tower,0,5,17,0,22,0,1,54,0,55,0,6,71,0,77,48,0,48,125
04/18/2010,TTN,NJ,AEA,EN,Federal Contract Tower,0,7,24,0,31,0,0,136,2,138,0,7,160,2,169,113,0,113,282
04/19/2010,TTN,NJ,AEA,EN,Federal Contract Tower,0,6,24,0,30,0,0,95,4,99,0,6,119,4,129,121,0,121,250
04/20/2010,TTN,NJ,AEA,EN,Federal Contract Tower,0,8,28,0,36,0,0,89,11,100,0,8,117,11,136,210,1,211,347
04/21/2010,TTN,NJ,AEA,EN,Federal Contract Tower,0,4,37,0,41,0,0,102,3,105,0,4,139,3,146,52,0,52,198
04/22/2010,TTN,NJ,AEA,EN,Federal Contract Tower,0,7,37,2,46,0,0,115,3,118,0,7,152,5,164,143,2,145,309
04/23/2010,TTN,NJ,AEA,EN,Federal Contract Tower,0,15,41,0,56,0,0,119,0,119,0,15,160,0,175,142,1,143,318
04/24/2010,TTN,NJ,AEA,EN,Federal Contract Tower,0,1,20,0,21,0,0,164,0,164,0,1,184,0,185,34,0,34,219
04/25/2010,TTN,NJ,AEA,EN,Federal Contract Tower,0,2,26,0,28,0,0,0,0,0,0,2,26,0,28,0,0,0,28
04/26/2010,TTN,NJ,AEA,EN,Federal Contract Tower,0,6,35,0,41,0,0,2,0,2,0,6,37,0,43,0,0,0,43
04/27/2010,TTN,NJ,AEA,EN,Federal Contract Tower,0,3,45,0,48,0,0,93,8,101,0,3,138,8,149,87,0,87,236
04/28/2010,TTN,NJ,AEA,EN,Federal Contract Tower,0,10,27,0,37,0,1,69,5,75,0,11,96,5,112,36,0,36,148
04/29/2010,TTN,NJ,AEA,EN,Federal Contract Tower,0,13,24,0,37,0,0,117,10,127,0,13,141,10,164,54,0,54,218
04/30/2010,TTN,NJ,AEA,EN,Federal Contract Tower,0,5,25,0,30,0,0,114,5,119,0,5,139,5,149,175,0,175,324
05/01/2010,TTN,NJ,AEA,EN,Federal Contract Tower,0,3,14,0,17,0,0,200,7,207,0,3,214,7,224,212,0,212,436
05/02/2010,TTN,NJ,AEA,EN,Federal Contract Tower,0,8,21,0,29,0,0,112,1,113,0,8,133,1,142,87,0,87,229
05/03/2010,TTN,NJ,AEA,EN,Federal Contract Tower,1,7,26,1,35,0,0,72,0,72,1,7,98,1,107,41,0,41,148
05/04/2010,TTN,NJ,AEA,EN,Federal Contract Tower,2,11,23,0,36,0,0,74,1,75,2,11,97,1,111,136,0,136,247
05/05/2010,TTN,NJ,AEA,EN,Federal Contract Tower,0,11,31,2,44,0,0,139,4,143,0,11,170,6,187,185,0,185,372
05/06/2010,TTN,NJ,AEA,EN,Federal Contract Tower,0,5,29,0,34,0,0,102,14,116,0,5,131,14,150,156,0,156,306
05/07/2010,TTN,NJ,AEA,EN,Federal Contract Tower,0,4,40,0,44,0,0,146,6,152,0,4,186,6,196,91,0,91,287
05/08/2010,TTN,NJ,AEA,EN,Federal Contract Tower,1,8,11,0,20,0,0,39,2,41,1,8,50,2,61,18,0,18,79
05/09/2010,TTN,NJ,AEA,EN,Federal Contract Tower,0,1,18,0,19,0,0,31,0,31,0,1,49,0,50,10,0,10,60
05/10/2010,TTN,NJ,AEA,EN,Federal Contract Tower,0,10,31,1,42,0,0,111,1,112,0,10,142,2,154,77,0,77,231
05/11/2010,TTN,NJ,AEA,EN,Federal Contract Tower,0,8,25,6,39,0,0,117,7,124,0,8,142,13,163,129,5,134,297
05/12/2010,TTN,NJ,AEA,EN,Federal Contract Tower,0,8,25,0,33,0,0,0,0,0,0,8,25,0,33,0,0,0,33
05/13/2010,TTN,NJ,AEA,EN,Federal Contract Tower,0,8,28,0,36,0,0,137,4,141,0,8,165,4,177,186,0,186,363
05/14/2010,TTN,NJ,AEA,EN,Federal Contract Tower,0,0,39,3,42,0,0,58,1,59,0,0,97,4,101,39,0,39,140
05/15/2010,TTN,NJ,AEA,EN,Federal Contract Tower,0,1,10,0,11,0,0,94,0,94,0,1,104,0,105,284,0,284,389
05/16/2010,TTN,NJ,AEA,EN,Federal Contract Tower,0,6,23,0,29,0,0,104,0,104,0,6,127,0,133,144,0,144,277
05/17/2010,TTN,NJ,AEA,EN,Federal Contract Tower,0,7,31,0,38,0,90,7,0,97,0,97,38,0,135,48,12,60,195
05/18/2010,TTN,NJ,AEA,EN,Federal Contract Tower,0,11,48,0,59,0,0,3,0,3,0,11,51,0,62,0,0,0,62
05/19/2010,TTN,NJ,AEA,EN,Federal Contract Tower,0,5,31,0,36,0,0,92,15,107,0,5,123,15,143,49,2,51,194
05/20/2010,TTN,NJ,AEA,EN,Federal Contract Tower,1,10,26,0,37,0,0,108,5,113,1,10,134,5,150,84,0,84,234
05/21/2010,TTN,NJ,AEA,EN,Federal Contract Tower,0,9,26,0,35,0,0,172,6,178,0,9,198,6,213,112,0,112,325
05/22/2010,TTN,NJ,AEA,EN,Federal Contract Tower,0,7,18,0,25,0,0,115,0,115,0,7,133,0,140,177,0,177,317
05/23/2010,TTN,NJ,AEA,EN,Federal Contract Tower,0,9,32,0,41,0,0,0,0,0,0,9,32,0,41,6,0,6,47
05/24/2010,TTN,NJ,AEA,EN,Federal Contract Tower,0,3,41,0,44,0,0,28,1,29,0,3,69,1,73,0,0,0,73
05/25/2010,TTN,NJ,AEA,EN,Federal Contract Tower,0,8,41,0,49,0,0,165,9,174,0,8,206,9,223,206,0,206,429
05/26/2010,TTN,NJ,AEA,EN,Federal Contract Tower,0,10,40,1,51,0,0,133,13,146,0,10,173,14,197,134,0,134,331
05/27/2010,TTN,NJ,AEA,EN,Federal Contract Tower,0,13,27,0,40,0,0,101,5,106,0,13,128,5,146,84,0,84,230
05/28/2010,TTN,NJ,AEA,EN,Federal Contract Tower,0,15,41,0,56,0,0,90,11,101,0,15,131,11,157,89,0,89,246
05/29/2010,TTN,NJ,AEA,EN,Federal Contract Tower,0,12,29,0,41,0,0,92,0,92,0,12,121,0,133,141,15,156,289
05/30/2010,TTN,NJ,AEA,EN,Federal Contract Tower,0,21,29,0,50,0,0,135,0,135,0,21,164,0,185,139,0,139,324
05/31/2010,TTN,NJ,AEA,EN,Federal Contract Tower,0,15,29,0,44,0,0,102,0,102,0,15,131,0,146,98,0,98,244
06/01/2010,TTN,NJ,AEA,EN,Federal Contract Tower,0,18,30,2,50,0,0,113,9,122,0,18,143,11,172,49,0,49,221
06/02/2010,TTN,NJ,AEA,EN,Federal Contract Tower,0,13,31,0,44,0,0,144,2,146,0,13,175,2,190,134,0,134,324
06/03/2010,TTN,NJ,AEA,EN,Federal Contract Tower,0,5,20,0,25,0,0,67,11,78,0,5,87,11,103,109,0,109,212
06/04/2010,TTN,NJ,AEA,EN,Federal Contract Tower,0,9,23,0,32,0,0,174,0,174,0,9,197,0,206,110,0,110,316
06/05/2010,TTN,NJ,AEA,EN,Federal Contract Tower,0,2,17,0,19,0,0,100,1,101,0,2,117,1,120,100,0,100,220
06/06/2010,TTN,NJ,AEA,EN,Federal Contract Tower,0,9,18,0,27,0,1,58,0,59,0,10,76,0,86,36,0,36,122
06/07/2010,TTN,NJ,AEA,EN,Federal Contract Tower,0,3,30,0,33,0,0,149,4,153,0,3,179,4,186,139,0,139,325
06/08/2010,TTN,NJ,AEA,EN,Federal Contract Tower,0,1,45,0,46,0,0,166,3,169,0,1,211,3,215,217,0,217,432
06/09/2010,TTN,NJ,AEA,EN,Federal Contract Tower,0,2,35,0,37,0,0,67,2,69,0,2,102,2,106,52,0,52,158
06/10/2010,TTN,NJ,AEA,EN,Federal Contract Tower,0,3,33,1,37,0,0,86,5,91,0,3,119,6,128,111,0,111,239
06/11/2010,TTN,NJ,AEA,EN,Federal Contract Tower,0,7,34,0,41,0,0,161,2,163,0,7,195,2,204,121,0,121,325
06/12/2010,TTN,NJ,AEA,EN,Federal Contract Tower,0,3,13,0,16,0,0,94,2,96,0,3,107,2,112,105,0,105,217
06/13/2010,TTN,NJ,AEA,EN,Federal Contract Tower,0,8,25,1,34,0,0,73,5,78,0,8,98,6,112,75,0,75,187
06/14/2010,TTN,NJ,AEA,EN,Federal Contract Tower,0,11,33,0,44,0,0,70,2,72,0,11,103,2,116,172,0,172,288
06/15/2010,TTN,NJ,AEA,EN,Federal Contract Tower,0,9,44,0,53,0,0,157,16,173,0,9,201,16,226,290,0,290,516
06/16/2010,TTN,NJ,AEA,EN,Federal Contract Tower,0,12,33,1,46,0,0,95,1,96,0,12,128,2,142,11,3,14,156
06/17/2010,TTN,NJ,AEA,EN,Federal Contract Tower,0,8,34,0,42,0,0,112,2,114,0,8,146,2,156,99,2,101,257
06/18/2010,TTN,NJ,AEA,EN,Federal Contract Tower,0,6,33,0,39,0,0,145,0,145,0,6,178,0,184,150,0,150,334
06/19/2010,TTN,NJ,AEA,EN,Federal Contract Tower,0,6,14,0,20,0,0,133,0,133,0,6,147,0,153,199,0,199,352
06/20/2010,TTN,NJ,AEA,EN,Federal Contract Tower,0,11,24,0,35,0,0,107,0,107,0,11,131,0,142,86,0,86,228
06/21/2010,TTN,NJ,AEA,EN,Federal Contract Tower,0,10,26,0,36,0,0,127,11,138,0,10,153,11,174,141,0,141,315
06/22/2010,TTN,NJ,AEA,EN,Federal Contract Tower,0,6,25,0,31,0,0,120,17,137,0,6,145,17,168,116,4,120,288
06/23/2010,TTN,NJ,AEA,EN,Federal Contract Tower,0,2,30,2,34,0,0,146,6,152,0,2,176,8,186,106,4,110,296
06/24/2010,TTN,NJ,AEA,EN,Federal Contract Tower,0,5,25,1,31,0,0,69,5,74,0,5,94,6,105,73,3,76,181
06/25/2010,TTN,NJ,AEA,EN,Federal Contract Tower,0,6,29,2,37,0,0,129,3,132,0,6,158,5,169,178,8,186,355
06/26/2010,TTN,NJ,AEA,EN,Federal Contract Tower,0,7,17,0,24,0,0,92,0,92,0,7,109,0,116,131,0,131,247
06/27/2010,TTN,NJ,AEA,EN,Federal Contract Tower,0,5,25,0,30,0,0,94,0,94,0,5,119,0,124,122,1,123,247
06/28/2010,TTN,NJ,AEA,EN,Federal Contract Tower,0,10,28,0,38,0,0,99,0,99,0,10,127,0,137,57,0,57,194
06/29/2010,TTN,NJ,AEA,EN,Federal Contract Tower,0,9,36,0,45,0,0,143,14,157,0,9,179,14,202,135,0,135,337
06/30/2010,TTN,NJ,AEA,EN,Federal Contract Tower,0,13,25,2,40,0,0,132,6,138,0,13,157,8,178,91,2,93,271
07/01/2010,TTN,NJ,AEA,EN,Federal Contract Tower,0,4,40,0,44,0,0,107,6,113,0,4,147,6,157,145,0,145,302
07/02/2010,TTN,NJ,AEA,EN,Federal Contract Tower,0,1,17,0,18,0,0,107,3,110,0,1,124,3,128,144,0,144,272
07/03/2010,TTN,NJ,AEA,EN,Federal Contract Tower,0,3,15,0,18,0,0,112,0,112,0,3,127,0,130,131,0,131,261
07/04/2010,TTN,NJ,AEA,EN,Federal Contract Tower,0,4,12,0,16,0,0,77,0,77,0,4,89,0,93,67,0,67,160
07/05/2010,TTN,NJ,AEA,EN,Federal Contract Tower,0,7,22,0,29,0,0,75,0,75,0,7,97,0,104,61,0,61,165
07/06/2010,TTN,NJ,AEA,EN,Federal Contract Tower,0,11,40,0,51,0,0,130,1,131,0,11,170,1,182,132,0,132,314
07/07/2010,TTN,NJ,AEA,EN,Federal Contract Tower,0,7,29,0,36,0,0,101,2,103,0,7,130,2,139,54,0,54,193
07/08/2010,TTN,NJ,AEA,EN,Federal Contract Tower,0,5,42,1,48,0,0,57,3,60,0,5,99,4,108,128,1,129,237
07/09/2010,TTN,NJ,AEA,EN,Federal Contract Tower,0,6,35,0,41,0,0,74,1,75,0,6,109,1,116,75,0,75,191
07/10/2010,TTN,NJ,AEA,EN,Federal Contract Tower,0,9,13,0,22,0,0,11,0,11,0,9,24,0,33,7,1,8,41
07/11/2010,TTN,NJ,AEA,EN,Federal Contract Tower,0,10,25,0,35,0,0,106,9,115,0,10,131,9,150,94,5,99,249
07/12/2010,TTN,NJ,AEA,EN,Federal Contract Tower,0,10,28,0,38,0,0,113,1,114,0,10,141,1,152,95,0,95,247
07/13/2010,TTN,NJ,AEA,EN,Federal Contract Tower,0,7,23,0,30,0,0,53,0,53,0,7,76,0,83,0,0,0,83
07/14/2010,TTN,NJ,AEA,EN,Federal Contract Tower,0,2,38,0,40,0,2,27,2,31,0,4,65,2,71,6,0,6,77
07/15/2010,TTN,NJ,AEA,EN,Federal Contract Tower,0,2,25,0,27,0,0,77,5,82,0,2,102,5,109,145,7,152,261
07/16/2010,TTN,NJ,AEA,EN,Federal Contract Tower,0,3,44,0,47,0,0,124,5,129,0,3,168,5,176,133,0,133,309
07/17/2010,TTN,NJ,AEA,EN,Federal Contract Tower,0,4,20,0,24,0,0,102,2,104,0,4,122,2,128,142,1,143,271
07/18/2010,TTN,NJ,AEA,EN,Federal Contract Tower,0,3,31,0,34,0,0,108,1,109,0,3,139,1,143,159,2,161,304
07/19/2010,TTN,NJ,AEA,EN,Federal Contract Tower,0,7,26,0,33,0,0,63,3,66,0,7,89,3,99,48,0,48,147
07/20/2010,TTN,NJ,AEA,EN,Federal Contract Tower,0,6,36,0,42,0,0,131,6,137,0,6,167,6,179,110,10,120,299
07/21/2010,TTN,NJ,AEA,EN,Federal Contract Tower,0,5,18,1,24,0,0,94,9,103,0,5,112,10,127,47,0,47,174
07/22/2010,TTN,NJ,AEA,EN,Federal Contract Tower,0,4,26,0,30,0,0,106,2,108,0,4,132,2,138,127,2,129,267
07/23/2010,TTN,NJ,AEA,EN,Federal Contract Tower,0,4,42,0,46,0,0,102,6,108,0,4,144,6,154,98,6,104,258
07/24/2010,TTN,NJ,AEA,EN,Federal Contract Tower,0,15,20,0,35,0,0,72,0,72,0,15,92,0,107,115,0,115,222
07/25/2010,TTN,NJ,AEA,EN,Federal Contract Tower,0,8,22,0,30,0,0,67,0,67,0,8,89,0,97,43,0,43,140
07/26/2010,TTN,NJ,AEA,EN,Federal Contract Tower,0,6,23,0,29,0,0,117,5,122,0,6,140,5,151,123,0,123,274
07/27/2010,TTN,NJ,AEA,EN,Federal Contract Tower,0,0,15,37,52,0,0,152,8,160,0,0,167,45,212,123,0,123,335
07/28/2010,TTN,NJ,AEA,EN,Federal Contract Tower,0,8,54,0,62,0,0,106,8,114,0,8,160,8,176,109,0,109,285
07/29/2010,TTN,NJ,AEA,EN,Federal Contract Tower,0,10,46,0,56,0,0,73,3,76,0,10,119,3,132,66,0,66,198
07/30/2010,TTN,NJ,AEA,EN,Federal Contract Tower,0,7,40,0,47,0,0,142,0,142,0,7,182,0,189,125,0,125,314
07/31/2010,TTN,NJ,AEA,EN,Federal Contract Tower,0,3,15,0,18,0,0,132,0,132,0,3,147,0,150,149,0,149,299
08/01/2010,TTN,NJ,AEA,EN,Federal Contract Tower,0,5,31,2,38,0,0,64,0,64,0,5,95,2,102,72,0,72,174
08/02/2010,TTN,NJ,AEA,EN,Federal Contract Tower,0,10,40,0,50,0,0,109,7,116,0,10,149,7,166,112,0,112,278
08/03/2010,TTN,NJ,AEA,EN,Federal Contract Tower,0,10,37,1,48,0,0,117,18,135,0,10,154,19,183,109,8,117,300
08/04/2010,TTN,NJ,AEA,EN,Federal Contract Tower,0,13,32,0,45,0,0,135,8,143,0,13,167,8,188,117,8,125,313
08/05/2010,TTN,NJ,AEA,EN,Federal Contract Tower,0,8,24,0,32,0,0,86,4,90,0,8,110,4,122,60,11,71,193
08/06/2010,TTN,NJ,AEA,EN,Federal Contract Tower,0,8,36,1,45,0,0,101,9,110,0,8,137,10,155,178,16,194,349
08/07/2010,TTN,NJ,AEA,EN,Federal Contract Tower,0,0,14,0,14,0,0,111,1,112,0,0,125,1,126,86,1,87,213
08/08/2010,TTN,NJ,AEA,EN,Federal Contract Tower,0,7,17,1,25,0,0,80,0,80,0,7,97,1,105,159,0,159,264
08/09/2010,TTN,NJ,AEA,EN,Federal Contract Tower,0,4,20,0,24,0,0,92,5,97,0,4,112,5,121,80,1,81,202
08/10/2010,TTN,NJ,AEA,EN,Federal Contract Tower,0,5,29,2,36,0,0,117,9,126,0,5,146,11,162,119,8,127,289
08/11/2010,TTN,NJ,AEA,EN,Federal Contract Tower,0,9,26,0,35,0,0,104,14,118,0,9,130,14,153,92,0,92,245
08/12/2010,TTN,NJ,AEA,EN,Federal Contract Tower,0,6,24,0,30,0,0,25,2,27,0,6,49,2,57,56,0,56,113
08/13/2010,TTN,NJ,AEA,EN,Federal Contract Tower,0,6,21,0,27,0,0,125,6,131,0,6,146,6,158,176,0,176,334
08/14/2010,TTN,NJ,AEA,EN,Federal Contract Tower,0,2,20,0,22,0,0,98,0,98,0,2,118,0,120,96,0,96,216
08/15/2010,TTN,NJ,AEA,EN,Federal Contract Tower,0,4,28,0,32,0,0,66,0,66,0,4,94,0,98,165,0,165,263
08/16/2010,TTN,NJ,AEA,EN,Federal Contract Tower,0,2,25,0,27,0,0,75,7,82,0,2,100,7,109,32,0,32,141
08/17/2010,TTN,NJ,AEA,EN,Federal Contract Tower,0,6,60,0,66,0,0,151,19,170,0,6,211,19,236,180,6,186,422
08/18/2010,TTN,NJ,AEA,EN,Federal Contract Tower,0,2,38,0,40,0,0,119,7,126,0,2,157,7,166,147,0,147,313
08/19/2010,TTN,NJ,AEA,EN,Federal Contract Tower,0,3,21,0,24,0,0,112,10,122,0,3,133,10,146,199,0,199,345
08/20/2010,TTN,NJ,AEA,EN,Federal Contract Tower,0,6,26,0,32,0,0,135,7,142,0,6,161,7,174,169,8,177,351
08/21/2010,TTN,NJ,AEA,EN,Federal Contract Tower,0,1,9,0,10,0,0,105,3,108,0,1,114,3,118,180,0,180,298
08/22/2010,TTN,NJ,AEA,EN,Federal Contract Tower,0,11,30,0,41,0,0,7,0,7,0,11,37,0,48,3,0,3,51
08/23/2010,TTN,NJ,AEA,EN,Federal Contract Tower,0,5,48,3,56,0,0,85,8,93,0,5,133,11,149,30,0,30,179
08/24/2010,TTN,NJ,AEA,EN,Federal Contract Tower,0,5,43,0,48,0,0,68,2,70,0,5,111,2,118,49,0,49,167
08/25/2010,TTN,NJ,AEA,EN,Federal Contract Tower,0,3,37,0,40,0,0,89,5,94,0,3,126,5,134,146,0,146,280
08/26/2010,TTN,NJ,AEA,EN,Federal Contract Tower,0,4,30,0,34,0,0,137,6,143,0,4,167,6,177,201,2,203,380
08/27/2010,TTN,NJ,AEA,EN,Federal Contract Tower,0,3,24,2,29,0,0,116,3,119,0,3,140,5,148,206,0,206,354
08/28/2010,TTN,NJ,AEA,EN,Federal Contract Tower,0,0,1,24,25,0,0,133,0,133,0,0,134,24,158,201,0,201,359
08/29/2010,TTN,NJ,AEA,EN,Federal Contract Tower,0,4,21,0,25,0,0,84,0,84,0,4,105,0,109,166,0,166,275
08/30/2010,TTN,NJ,AEA,EN,Federal Contract Tower,0,5,27,0,32,0,0,111,12,123,0,5,138,12,155,127,2,129,284
08/31/2010,TTN,NJ,AEA,EN,Federal Contract Tower,0,6,36,3,45,0,0,173,20,193,0,6,209,23,238,236,2,238,476
09/01/2010,TTN,NJ,AEA,EN,Federal Contract Tower,0,5,39,0,44,0,0,176,5,181,0,5,215,5,225,163,0,163,388
09/02/2010,TTN,NJ,AEA,EN,Federal Contract Tower,0,10,22,0,32,0,0,122,8,130,0,10,144,8,162,153,2,155,317
09/03/2010,TTN,NJ,AEA,EN,Federal Contract Tower,0,7,14,0,21,0,0,52,0,52,0,7,66,0,73,110,0,110,183
09/04/2010,TTN,NJ,AEA,EN,Federal Contract Tower,0,2,2,0,4,0,0,51,0,51,0,2,53,0,55,47,0,47,102
09/05/2010,TTN,NJ,AEA,EN,Federal Contract Tower,0,7,11,0,18,0,0,80,1,81,0,7,91,1,99,98,1,99,198
09/06/2010,TTN,NJ,AEA,EN,Federal Contract Tower,0,4,21,0,25,0,0,116,0,116,0,4,137,0,141,170,0,170,311
09/07/2010,TTN,NJ,AEA,EN,Federal Contract Tower,0,6,21,1,28,0,0,156,13,169,0,6,177,14,197,153,0,153,350
09/08/2010,TTN,NJ,AEA,EN,Federal Contract Tower,0,8,27,0,35,0,1,76,5,82,0,9,103,5,117,105,5,110,227
09/09/2010,TTN,NJ,AEA,EN,Federal Contract Tower,0,4,31,0,35,0,0,87,7,94,0,4,118,7,129,106,0,106,235
09/10/2010,TTN,NJ,AEA,EN,Federal Contract Tower,0,3,38,2,43,0,0,88,3,91,0,3,126,5,134,192,4,196,330
09/11/2010,TTN,NJ,AEA,EN,Federal Contract Tower,0,7,16,2,25,0,0,122,0,122,0,7,138,2,147,203,0,203,350
09/12/2010,TTN,NJ,AEA,EN,Federal Contract Tower,0,10,45,0,55,0,0,33,4,37,0,10,78,4,92,12,0,12,104
09/13/2010,TTN,NJ,AEA,EN,Federal Contract Tower,0,3,37,0,40,0,0,96,2,98,0,3,133,2,138,120,0,120,258
09/14/2010,TTN,NJ,AEA,EN,Federal Contract Tower,0,8,16,3,27,0,0,123,5,128,0,8,139,8,155,146,0,146,301
09/15/2010,TTN,NJ,AEA,EN,Federal Contract Tower,0,10,42,0,52,0,0,130,12,142,0,10,172,12,194,111,0,111,305
09/16/2010,TTN,NJ,AEA,EN,Federal Contract Tower,0,11,20,0,31,0,0,114,0,114,0,11,134,0,145,155,0,155,300
09/17/2010,TTN,NJ,AEA,EN,Federal Contract Tower,0,6,27,0,33,0,0,61,9,70,0,6,88,9,103,204,0,204,307
09/18/2010,TTN,NJ,AEA,EN,Federal Contract Tower,0,1,17,0,18,0,0,110,0,110,0,1,127,0,128,243,0,243,371
09/19/2010,TTN,NJ,AEA,EN,Federal Contract Tower,0,2,14,0,16,0,0,94,2,96,0,2,108,2,112,178,4,182,294
09/20/2010,TTN,NJ,AEA,EN,Federal Contract Tower,0,2,26,0,28,0,0,85,6,91,0,2,111,6,119,65,1,66,185
09/21/2010,TTN,NJ,AEA,EN,Federal Contract Tower,0,9,28,0,37,0,0,149,14,163,0,9,177,14,200,140,0,140,340
09/22/2010,TTN,NJ,AEA,EN,Federal Contract Tower,0,5,45,0,50,0,0,172,3,175,0,5,217,3,225,112,1,113,338
09/23/2010,TTN,NJ,AEA,EN,Federal Contract Tower,0,10,38,0,48,0,0,127,4,131,0,10,165,4,179,103,1,104,283
09/24/2010,TTN,NJ,AEA,EN,Federal Contract Tower,0,9,35,0,44,0,0,45,0,45,0,9,80,0,89,48,0,48,137
09/25/2010,TTN,NJ,AEA,EN,Federal Contract Tower,0,7,16,0,23,0,0,125,2,127,0,7,141,2,150,160,0,160,310
09/26/2010,TTN,NJ,AEA,EN,Federal Contract Tower,0,9,36,0,45,0,0,117,0,117,0,9,153,0,162,209,0,209,371
09/27/2010,TTN,NJ,AEA,EN,Federal Contract Tower,0,13,31,0,44,0,0,0,0,0,0,13,31,0,44,0,0,0,44
09/28/2010,TTN,NJ,AEA,EN,Federal Contract Tower,0,11,22,0,33,0,0,38,16,54,0,11,60,16,87,2,22,24,111
09/29/2010,TTN,NJ,AEA,EN,Federal Contract Tower,0,13,50,0,63,0,0,219,16,235,0,13,269,16,298,224,0,224,522
09/30/2010,TTN,NJ,AEA,EN,Federal Contract Tower,0,7,24,0,31,0,0,2,0,2,0,7,26,0,33,0,0,0,33
10/01/2010,TTN,NJ,AEA,EN,Federal Contract Tower,0,4,31,0,35,0,0,30,1,31,0,4,61,1,66,33,0,33,99
10/02/2010,TTN,NJ,AEA,EN,Federal Contract Tower,0,6,22,0,28,0,0,178,6,184,0,6,200,6,212,389,0,389,601
10/03/2010,TTN,NJ,AEA,EN,Federal Contract Tower,0,6,24,0,30,0,0,97,0,97,0,6,121,0,127,102,0,102,229
10/04/2010,TTN,NJ,AEA,EN,Federal Contract Tower,0,4,32,4,40,0,0,31,0,31,0,4,63,4,71,2,4,6,77
10/05/2010,TTN,NJ,AEA,EN,Federal Contract Tower,1,8,47,0,56,0,0,7,4,11,1,8,54,4,67,12,0,12,79
10/06/2010,TTN,NJ,AEA,EN,Federal Contract Tower,0,10,42,0,52,0,0,77,13,90,0,10,119,13,142,114,2,116,258
10/07/2010,TTN,NJ,AEA,EN,Federal Contract Tower,0,14,31,0,45,0,1,74,7,82,0,15,105,7,127,125,2,127,254
10/08/2010,TTN,NJ,AEA,EN,Federal Contract Tower,0,13,35,0,48,0,0,128,0,128,0,13,163,0,176,198,0,198,374
10/09/2010,TTN,NJ,AEA,EN,Federal Contract Tower,0,5,13,0,18,0,0,191,0,191,0,5,204,0,209,272,0,272,481
10/10/2010,TTN,NJ,AEA,EN,Federal Contract Tower,0,8,30,0,38,0,0,85,0,85,0,8,115,0,123,201,0,201,324
10/11/2010,TTN,NJ,AEA,EN,Federal Contract Tower,0,21,35,0,56,0,0,97,0,97,0,21,132,0,153,159,0,159,312
10/12/2010,TTN,NJ,AEA,EN,Federal Contract Tower,0,13,33,1,47,0,0,100,9,109,0,13,133,10,156,164,0,164,320
10/13/2010,TTN,NJ,AEA,EN,Federal Contract Tower,0,17,43,0,60,0,0,152,11,163,0,17,195,11,223,223,1,224,447
10/14/2010,TTN,NJ,AEA,EN,Federal Contract Tower,0,12,27,0,39,0,0,44,2,46,0,12,71,2,85,76,8,84,169
10/15/2010,TTN,NJ,AEA,EN,Federal Contract Tower,0,11,30,0,41,0,0,63,1,64,0,11,93,1,105,6,0,6,111
10/16/2010,TTN,NJ,AEA,EN,Federal Contract Tower,0,12,11,0,23,0,0,44,1,45,0,12,55,1,68,19,0,19,87
10/17/2010,TTN,NJ,AEA,EN,Federal Contract Tower,0,12,19,0,31,0,0,99,0,99,0,12,118,0,130,177,0,177,307
10/18/2010,TTN,NJ,AEA,EN,Federal Contract Tower,0,9,34,0,43,0,0,125,7,132,0,9,159,7,175,200,0,200,375
10/19/2010,TTN,NJ,AEA,EN,Federal Contract Tower,0,13,45,3,61,0,2,108,8,118,0,15,153,11,179,175,0,175,354
10/20/2010,TTN,NJ,AEA,EN,Federal Contract Tower,0,8,39,0,47,0,0,99,11,110,0,8,138,11,157,184,1,185,342
10/21/2010,TTN,NJ,AEA,EN,Federal Contract Tower,0,8,39,0,47,0,0,38,5,43,0,8,77,5,90,59,5,64,154
10/22/2010,TTN,NJ,AEA,EN,Federal Contract Tower,0,11,29,0,40,0,0,146,1,147,0,11,175,1,187,131,1,132,319
10/23/2010,TTN,NJ,AEA,EN,Federal Contract Tower,0,13,22,0,35,0,0,130,3,133,0,13,152,3,168,154,0,154,322
10/24/2010,TTN,NJ,AEA,EN,Federal Contract Tower,1,16,32,0,49,0,0,107,0,107,1,16,139,0,156,123,0,123,279
10/25/2010,TTN,NJ,AEA,EN,Federal Contract Tower,0,5,27,0,32,0,0,61,5,66,0,5,88,5,98,68,0,68,166
10/26/2010,TTN,NJ,AEA,EN,Federal Contract Tower,0,17,36,3,56,0,0,63,4,67,0,17,99,7,123,17,2,19,142
10/27/2010,TTN,NJ,AEA,EN,Federal Contract Tower,0,3,34,2,39,0,0,39,0,39,0,3,73,2,78,0,0,0,78
10/28/2010,TTN,NJ,AEA,EN,Federal Contract Tower,0,2,26,0,28,0,0,72,11,83,0,2,98,11,111,110,0,110,221
10/29/2010,TTN,NJ,AEA,EN,Federal Contract Tower,0,13,25,0,38,0,0,95,4,99,0,13,120,4,137,78,0,78,215
10/30/2010,TTN,NJ,AEA,EN,Federal Contract Tower,0,1,28,0,29,0,0,74,1,75,0,1,102,1,104,76,0,76,180
10/31/2010,TTN,NJ,AEA,EN,Federal Contract Tower,0,6,25,0,31,0,0,80,0,80,0,6,105,0,111,188,0,188,299
11/01/2010,TTN,NJ,AEA,EN,Federal Contract Tower,0,4,30,0,34,0,0,107,8,115,0,4,137,8,149,74,4,78,227
11/02/2010,TTN,NJ,AEA,EN,Federal Contract Tower,0,11,31,2,44,0,0,143,11,154,0,11,174,13,198,170,1,171,369
11/03/2010,TTN,NJ,AEA,EN,Federal Contract Tower,0,7,27,0,34,0,0,114,12,126,0,7,141,12,160,189,0,189,349
11/04/2010,TTN,NJ,AEA,EN,Federal Contract Tower,0,12,21,0,33,0,0,0,0,0,0,12,21,0,33,0,0,0,33
11/05/2010,TTN,NJ,AEA,EN,Federal Contract Tower,0,9,35,0,44,0,0,123,1,124,0,9,158,1,168,164,1,165,333
11/06/2010,TTN,NJ,AEA,EN,Federal Contract Tower,0,5,14,0,19,0,0,103,0,103,0,5,117,0,122,217,0,217,339
11/07/2010,TTN,NJ,AEA,EN,Federal Contract Tower,0,14,27,0,41,0,0,104,3,107,0,14,131,3,148,206,1,207,355
11/08/2010,TTN,NJ,AEA,EN,Federal Contract Tower,0,12,26,0,38,0,0,69,6,75,0,12,95,6,113,16,4,20,133
11/09/2010,TTN,NJ,AEA,EN,Federal Contract Tower,0,12,22,2,36,0,0,125,18,143,0,12,147,20,179,191,8,199,378
11/10/2010,TTN,NJ,AEA,EN,Federal Contract Tower,0,5,36,2,43,0,2,116,2,120,0,7,152,4,163,154,2,156,319
11/11/2010,TTN,NJ,AEA,EN,Federal Contract Tower,0,7,45,0,52,0,0,91,0,91,0,7,136,0,143,157,0,157,300
11/12/2010,TTN,NJ,AEA,EN,Federal Contract Tower,0,6,16,1,23,0,0,144,0,144,0,6,160,1,167,158,0,158,325
11/13/2010,TTN,NJ,AEA,EN,Federal Contract Tower,0,2,18,0,20,0,0,93,3,96,0,2,111,3,116,165,0,165,281
11/14/2010,TTN,NJ,AEA,EN,Federal Contract Tower,0,9,20,1,30,0,0,149,0,149,0,9,169,1,179,193,0,193,372
11/15/2010,TTN,NJ,AEA,EN,Federal Contract Tower,0,5,31,0,36,0,0,38,2,40,0,5,69,2,76,99,0,99,175
11/16/2010,TTN,NJ,AEA,EN,Federal Contract Tower,0,2,39,0,41,0,0,16,3,19,0,2,55,3,60,0,0,0,60
11/17/2010,TTN,NJ,AEA,EN,Federal Contract Tower,0,12,40,2,54,0,0,56,6,62,0,12,96,8,116,7,2,9,125
11/18/2010,TTN,NJ,AEA,EN,Federal Contract Tower,1,3,41,0,45,0,0,71,1,72,1,3,112,1,117,156,5,161,278
11/19/2010,TTN,NJ,AEA,EN,Federal Contract Tower,0,11,36,0,47,0,0,142,4,146,0,11,178,4,193,123,1,124,317
11/20/2010,TTN,NJ,AEA,EN,Federal Contract Tower,0,9,24,0,33,0,0,83,0,83,0,9,107,0,116,59,0,59,175
11/21/2010,TTN,NJ,AEA,EN,Federal Contract Tower,0,7,17,1,25,0,2,118,2,122,0,9,135,3,147,281,0,281,428
11/22/2010,TTN,NJ,AEA,EN,Federal Contract Tower,0,7,34,2,43,0,0,60,0,60,0,7,94,2,103,113,1,114,217
11/23/2010,TTN,NJ,AEA,EN,Federal Contract Tower,0,17,45,0,62,0,0,134,26,160,0,17,179,26,222,94,0,94,316
11/24/2010,TTN,NJ,AEA,EN,Federal Contract Tower,0,11,30,0,41,0,1,77,6,84,0,12,107,6,125,96,0,96,221
11/25/2010,TTN,NJ,AEA,EN,Federal Contract Tower,0,4,4,0,8,0,0,4,0,4,0,4,8,0,12,0,0,0,12
11/26/2010,TTN,NJ,AEA,EN,Federal Contract Tower,0,2,8,0,10,0,0,11,0,11,0,2,19,0,21,32,0,32,53
11/27/2010,TTN,NJ,AEA,EN,Federal Contract Tower,0,13,9,0,22,0,0,42,0,42,0,13,51,0,64,32,0,32,96
11/28/2010,TTN,NJ,AEA,EN,Federal Contract Tower,0,9,47,0,56,0,0,169,0,169,0,9,216,0,225,243,0,243,468
11/29/2010,TTN,NJ,AEA,EN,Federal Contract Tower,0,2,34,0,36,0,3,110,0,113,0,5,144,0,149,109,3,112,261
11/30/2010,TTN,NJ,AEA,EN,Federal Contract Tower,0,3,52,0,55,0,0,67,2,69,0,3,119,2,124,61,4,65,189
12/01/2010,TTN,NJ,AEA,EN,Federal Contract Tower,0,7,27,0,34,0,0,7,3,10,0,7,34,3,44,10,1,11,55
12/02/2010,TTN,NJ,AEA,EN,Federal Contract Tower,0,8,41,1,50,0,0,68,4,72,0,8,109,5,122,147,6,153,275
12/03/2010,TTN,NJ,AEA,EN,Federal Contract Tower,0,8,33,0,41,0,0,123,6,129,0,8,156,6,170,122,0,122,292
12/04/2010,TTN,NJ,AEA,EN,Federal Contract Tower,0,0,15,0,15,0,0,90,2,92,0,0,105,2,107,189,0,189,296
12/05/2010,TTN,NJ,AEA,EN,Federal Contract Tower,0,4,16,0,20,0,0,56,0,56,0,4,72,0,76,102,0,102,178
12/06/2010,TTN,NJ,AEA,EN,Federal Contract Tower,0,6,22,0,28,0,5,62,0,67,0,11,84,0,95,4,0,4,99
12/07/2010,TTN,NJ,AEA,EN,Federal Contract Tower,0,4,27,0,31,0,0,82,8,90,0,4,109,8,121,38,7,45,166
12/08/2010,TTN,NJ,AEA,EN,Federal Contract Tower,0,3,24,0,27,0,0,86,14,100,0,3,110,14,127,50,0,50,177
12/09/2010,TTN,NJ,AEA,EN,Federal Contract Tower,0,4,37,1,42,0,0,86,2,88,0,4,123,3,130,81,2,83,213
12/10/2010,TTN,NJ,AEA,EN,Federal Contract Tower,0,8,35,0,43,0,0,97,4,101,0,8,132,4,144,190,1,191,335
12/11/2010,TTN,NJ,AEA,EN,Federal Contract Tower,0,1,20,0,21,0,0,97,0,97,0,1,117,0,118,185,0,185,303
12/12/2010,TTN,NJ,AEA,EN,Federal Contract Tower,0,3,16,0,19,0,0,8,0,8,0,3,24,0,27,0,0,0,27
12/13/2010,TTN,NJ,AEA,EN,Federal Contract Tower,0,11,34,0,45,0,0,78,8,86,0,11,112,8,131,79,2,81,212
12/14/2010,TTN,NJ,AEA,EN,Federal Contract Tower,0,6,23,3,32,0,0,63,16,79,0,6,86,19,111,14,0,14,125
12/15/2010,TTN,NJ,AEA,EN,Federal Contract Tower,0,12,31,1,44,0,0,77,1,78,0,12,108,2,122,49,4,53,175
12/16/2010,TTN,NJ,AEA,EN,Federal Contract Tower,0,22,29,0,51,0,0,86,1,87,0,22,115,1,138,136,1,137,275
12/17/2010,TTN,NJ,AEA,EN,Federal Contract Tower,0,17,33,0,50,0,0,145,0,145,0,17,178,0,195,190,0,190,385
12/18/2010,TTN,NJ,AEA,EN,Federal Contract Tower,0,3,15,0,18,0,0,83,3,86,0,3,98,3,104,178,0,178,282
12/19/2010,TTN,NJ,AEA,EN,Federal Contract Tower,0,4,7,0,11,0,0,71,0,71,0,4,78,0,82,100,0,100,182
12/20/2010,TTN,NJ,AEA,EN,Federal Contract Tower,0,2,15,4,21,0,1,48,5,54,0,3,63,9,75,28,3,31,106
12/21/2010,TTN,NJ,AEA,EN,Federal Contract Tower,0,5,28,7,40,0,0,85,18,103,0,5,113,25,143,72,8,80,223
12/22/2010,TTN,NJ,AEA,EN,Federal Contract Tower,0,8,20,1,29,0,0,95,19,114,0,8,115,20,143,73,0,73,216
12/23/2010,TTN,NJ,AEA,EN,Federal Contract Tower,0,7,12,2,21,0,0,13,0,13,0,7,25,2,34,2,0,2,36
12/24/2010,TTN,NJ,AEA,EN,Federal Contract Tower,0,8,4,0,12,0,0,19,0,19,0,8,23,0,31,36,0,36,67
12/25/2010,TTN,NJ,AEA,EN,Federal Contract Tower,0,11,6,0,17,0,0,6,0,6,0,11,12,0,23,2,0,2,25
12/26/2010,TTN,NJ,AEA,EN,Federal Contract Tower,0,8,25,0,33,0,0,0,0,0,0,8,25,0,33,6,0,6,39
12/27/2010,TTN,NJ,AEA,EN,Federal Contract Tower,0,0,0,0,0,0,0,7,0,7,0,0,7,0,7,2,0,2,9
12/28/2010,TTN,NJ,AEA,EN,Federal Contract Tower,0,6,19,0,25,0,0,53,0,53,0,6,72,0,78,2,0,2,80
12/29/2010,TTN,NJ,AEA,EN,Federal Contract Tower,0,8,8,0,16,0,0,63,1,64,0,8,71,1,80,74,0,74,154
12/30/2010,TTN,NJ,AEA,EN,Federal Contract Tower,0,12,16,0,28,0,0,46,0,46,0,12,62,0,74,100,0,100,174
12/31/2010,TTN,NJ,AEA,EN,Federal Contract Tower,0,6,5,0,11,0,0,56,1,57,0,6,61,1,68,56,0,56,124
01/01/2011,TTN,NJ,AEA,EN,Federal Contract Tower,0,1,8,0,9,0,0,44,0,44,0,1,52,0,53,4,0,4,57
01/02/2011,TTN,NJ,AEA,EN,Federal Contract Tower,0,4,20,0,24,0,0,25,0,25,0,4,45,0,49,81,0,81,130
01/03/2011,TTN,NJ,AEA,EN,Federal Contract Tower,0,6,23,1,30,0,0,80,0,80,0,6,103,1,110,120,0,120,230
01/04/2011,TTN,NJ,AEA,EN,Federal Contract Tower,0,5,12,1,18,0,0,84,8,92,0,5,96,9,110,103,0,103,213
01/05/2011,TTN,NJ,AEA,EN,Federal Contract Tower,0,4,8,0,12,0,0,96,8,104,0,4,104,8,116,61,0,61,177
01/06/2011,TTN,NJ,AEA,EN,Federal Contract Tower,0,3,25,3,31,0,0,113,9,122,0,3,138,12,153,79,0,79,232
01/07/2011,TTN,NJ,AEA,EN,Federal Contract Tower,0,7,15,0,22,0,0,15,2,17,0,7,30,2,39,0,0,0,39
01/08/2011,TTN,NJ,AEA,EN,Federal Contract Tower,0,9,4,0,13,0,0,0,1,1,0,9,4,1,14,0,0,0,14
01/09/2011,TTN,NJ,AEA,EN,Federal Contract Tower,0,3,20,0,23,0,0,47,0,47,0,3,67,0,70,40,0,40,110
01/10/2011,TTN,NJ,AEA,EN,Federal Contract Tower,0,11,23,2,36,0,0,90,2,92,0,11,113,4,128,44,5,49,177
01/11/2011,TTN,NJ,AEA,EN,Federal Contract Tower,0,2,24,1,27,0,0,87,5,92,0,2,111,6,119,66,0,66,185
01/12/2011,TTN,NJ,AEA,EN,Federal Contract Tower,0,1,6,1,8,0,0,9,16,25,0,1,15,17,33,2,0,2,35
01/13/2011,TTN,NJ,AEA,EN,Federal Contract Tower,0,3,13,2,18,0,0,68,12,80,0,3,81,14,98,6,0,6,104
01/14/2011,TTN,NJ,AEA,EN,Federal Contract Tower,0,6,30,0,36,0,0,114,0,114,0,6,144,0,150,77,0,77,227
01/15/2011,TTN,NJ,AEA,EN,Federal Contract Tower,0,3,7,0,10,0,0,74,0,74,0,3,81,0,84,186,0,186,270
01/16/2011,TTN,NJ,AEA,EN,Federal Contract Tower,0,6,15,0,21,0,0,70,0,70,0,6,85,0,91,220,0,220,311
01/17/2011,TTN,NJ,AEA,EN,Federal Contract Tower,0,1,28,0,29,0,0,73,0,73,0,1,101,0,102,81,0,81,183
01/18/2011,TTN,NJ,AEA,EN,Federal Contract Tower,0,2,18,0,20,0,0,0,0,0,0,2,18,0,20,0,0,0,20
01/19/2011,TTN,NJ,AEA,EN,Federal Contract Tower,0,6,25,2,33,0,0,79,11,90,0,6,104,13,123,27,2,29,152
01/20/2011,TTN,NJ,AEA,EN,Federal Contract Tower,0,11,27,2,40,0,1,81,4,86,0,12,108,6,126,143,4,147,273
01/21/2011,TTN,NJ,AEA,EN,Federal Contract Tower,0,4,11,2,17,0,0,27,0,27,0,4,38,2,44,2,0,2,46
01/22/2011,TTN,NJ,AEA,EN,Federal Contract Tower,0,5,28,0,33,0,0,117,0,117,0,5,145,0,150,129,0,129,279
01/23/2011,TTN,NJ,AEA,EN,Federal Contract Tower,0,5,17,0,22,0,0,45,0,45,0,5,62,0,67,58,0,58,125
01/24/2011,TTN,NJ,AEA,EN,Federal Contract Tower,0,3,19,0,22,0,0,47,9,56,0,3,66,9,78,96,0,96,174
01/25/2011,TTN,NJ,AEA,EN,Federal Contract Tower,0,8,28,4,40,0,0,130,23,153,0,8,158,27,193,82,2,84,277
01/26/2011,TTN,NJ,AEA,EN,Federal Contract Tower,0,0,0,0,0,0,0,0,0,0,0,0,0,0,0,0,0,0,0
01/27/2011,TTN,NJ,AEA,EN,Federal Contract Tower,0,2,20,0,22,0,0,44,5,49,0,2,64,5,71,15,3,18,89
01/28/2011,TTN,NJ,AEA,EN,Federal Contract Tower,0,4,27,0,31,0,0,25,0,25,0,4,52,0,56,57,0,57,113
01/29/2011,TTN,NJ,AEA,EN,Federal Contract Tower,0,11,19,0,30,0,0,22,0,22,0,11,41,0,52,114,0,114,166
01/30/2011,TTN,NJ,AEA,EN,Federal Contract Tower,0,4,32,0,36,0,0,52,0,52,0,4,84,0,88,127,0,127,215
01/31/2011,TTN,NJ,AEA,EN,Federal Contract Tower,0,12,20,0,32,0,0,69,14,83,0,12,89,14,115,109,0,109,224
02/01/2011,TTN,NJ,AEA,EN,Federal Contract Tower,0,10,8,0,18,0,0,0,0,0,0,10,8,0,18,0,0,0,18
02/02/2011,TTN,NJ,AEA,EN,Federal Contract Tower,0,6,10,0,16,0,0,6,2,8,0,6,16,2,24,0,0,0,24
02/03/2011,TTN,NJ,AEA,EN,Federal Contract Tower,0,4,28,1,33,0,0,91,4,95,0,4,119,5,128,117,1,118,246
02/04/2011,TTN,NJ,AEA,EN,Federal Contract Tower,0,6,24,0,30,0,0,60,1,61,0,6,84,1,91,110,3,113,204
02/05/2011,TTN,NJ,AEA,EN,Federal Contract Tower,0,5,3,0,8,0,0,0,0,0,0,5,3,0,8,0,0,0,8
02/06/2011,TTN,NJ,AEA,EN,Federal Contract Tower,0,6,11,0,17,0,0,88,0,88,0,6,99,0,105,95,0,95,200
02/07/2011,TTN,NJ,AEA,EN,Federal Contract Tower,0,13,29,0,42,0,0,76,3,79,0,13,105,3,121,142,3,145,266
02/08/2011,TTN,NJ,AEA,EN,Federal Contract Tower,0,4,25,1,30,0,0,41,6,47,0,4,66,7,77,8,8,16,93
02/09/2011,TTN,NJ,AEA,EN,Federal Contract Tower,0,9,32,0,41,0,0,68,12,80,0,9,100,12,121,86,1,87,208
02/10/2011,TTN,NJ,AEA,EN,Federal Contract Tower,0,13,33,0,46,0,0,65,5,70,0,13,98,5,116,55,0,55,171
02/11/2011,TTN,NJ,AEA,EN,Federal Contract Tower,0,6,21,0,27,0,0,110,2,112,0,6,131,2,139,92,0,92,231
02/12/2011,TTN,NJ,AEA,EN,Federal Contract Tower,0,7,16,0,23,0,0,67,6,73,0,7,83,6,96,109,0,109,205
02/13/2011,TTN,NJ,AEA,EN,Federal Contract Tower,0,6,27,0,33,0,0,78,0,78,0,6,105,0,111,119,0,119,230
02/14/2011,TTN,NJ,AEA,EN,Federal Contract Tower,0,4,18,4,26,0,0,51,7,58,0,4,69,11,84,24,7,31,115
02/15/2011,TTN,NJ,AEA,EN,Federal Contract Tower,0,6,29,1,36,0,0,95,16,111,0,6,124,17,147,43,6,49,196
02/16/2011,TTN,NJ,AEA,EN,Federal Contract Tower,0,9,25,0,34,0,1,130,23,154,0,10,155,23,188,85,3,88,276
02/17/2011,TTN,NJ,AEA,EN,Federal Contract Tower,0,11,34,0,45,0,0,77,5,82,0,11,111,5,127,123,1,124,251
02/18/2011,TTN,NJ,AEA,EN,Federal Contract Tower,0,10,32,0,42,0,2,52,0,54,0,12,84,0,96,67,0,67,163
02/19/2011,TTN,NJ,AEA,EN,Federal Contract Tower,0,5,5,0,10,0,0,6,0,6,0,5,11,0,16,0,0,0,16
02/20/2011,TTN,NJ,AEA,EN,Federal Contract Tower,0,5,32,0,37,0,0,110,0,110,0,5,142,0,147,141,0,141,288
02/21/2011,TTN,NJ,AEA,EN,Federal Contract Tower,0,11,28,0,39,0,0,16,0,16,0,11,44,0,55,4,0,4,59
02/22/2011,TTN,NJ,AEA,EN,Federal Contract Tower,0,5,39,0,44,0,0,123,5,128,0,5,162,5,172,85,0,85,257
02/23/2011,TTN,NJ,AEA,EN,Federal Contract Tower,0,7,30,3,40,0,0,128,19,147,0,7,158,22,187,153,2,155,342
02/24/2011,TTN,NJ,AEA,EN,Federal Contract Tower,0,8,36,0,44,0,0,83,3,86,0,8,119,3,130,111,5,116,246
02/25/2011,TTN,NJ,AEA,EN,Federal Contract Tower,0,7,13,0,20,0,0,5,0,5,0,7,18,0,25,0,0,0,25
02/26/2011,TTN,NJ,AEA,EN,Federal Contract Tower,0,4,23,0,27,0,0,130,0,130,0,4,153,0,157,199,0,199,356
02/27/2011,TTN,NJ,AEA,EN,Federal Contract Tower,0,7,29,0,36,0,0,116,0,116,0,7,145,0,152,108,1,109,261
02/28/2011,TTN,NJ,AEA,EN,Federal Contract Tower,0,5,12,0,17,0,0,6,2,8,0,5,18,2,25,0,28,28,53
03/01/2011,TTN,NJ,AEA,EN,Federal Contract Tower,0,6,54,6,66,0,0,180,31,211,0,6,234,37,277,152,8,160,437
03/02/2011,TTN,NJ,AEA,EN,Federal Contract Tower,1,5,25,4,35,0,0,90,12,102,1,5,115,16,137,101,2,103,240
03/03/2011,TTN,NJ,AEA,EN,Federal Contract Tower,0,0,17,2,19,0,0,102,2,104,0,0,119,4,123,169,2,171,294
03/04/2011,TTN,NJ,AEA,EN,Federal Contract Tower,1,8,24,2,35,0,0,123,5,128,1,8,147,7,163,129,0,129,292
03/05/2011,TTN,NJ,AEA,EN,Federal Contract Tower,0,1,17,0,18,0,0,44,4,48,0,1,61,4,66,87,2,89,155
03/06/2011,TTN,NJ,AEA,EN,Federal Contract Tower,0,8,21,0,29,0,0,0,0,0,0,8,21,0,29,0,0,0,29
03/07/2011,TTN,NJ,AEA,EN,Federal Contract Tower,0,2,22,2,26,0,12,51,0,63,0,14,73,2,89,63,0,63,152
03/08/2011,TTN,NJ,AEA,EN,Federal Contract Tower,0,1,40,5,46,0,0,173,17,190,0,1,213,22,236,111,6,117,353
03/09/2011,TTN,NJ,AEA,EN,Federal Contract Tower,0,9,15,2,26,0,0,90,14,104,0,9,105,16,130,117,18,135,265
03/10/2011,TTN,NJ,AEA,EN,Federal Contract Tower,0,13,23,2,38,0,0,2,0,2,0,13,25,2,40,0,0,0,40
03/11/2011,TTN,NJ,AEA,EN,Federal Contract Tower,0,4,20,0,24,0,0,116,16,132,0,4,136,16,156,98,2,100,256
03/12/2011,TTN,NJ,AEA,EN,Federal Contract Tower,0,7,15,0,22,0,0,95,4,99,0,7,110,4,121,167,0,167,288
03/13/2011,TTN,NJ,AEA,EN,Federal Contract Tower,0,6,17,0,23,0,0,58,0,58,0,6,75,0,81,81,0,81,162
03/14/2011,TTN,NJ,AEA,EN,Federal Contract Tower,0,3,10,0,13,0,0,82,13,95,0,3,92,13,108,131,2,133,241
03/15/2011,TTN,NJ,AEA,EN,Federal Contract Tower,2,7,19,6,34,0,0,125,20,145,2,7,144,26,179,89,5,94,273
03/16/2011,TTN,NJ,AEA,EN,Federal Contract Tower,0,8,18,8,34,0,0,66,5,71,0,8,84,13,105,30,0,30,135
03/17/2011,TTN,NJ,AEA,EN,Federal Contract Tower,0,12,40,4,56,0,0,135,2,137,0,12,175,6,193,195,5,200,393
03/18/2011,TTN,NJ,AEA,EN,Federal Contract Tower,0,6,17,0,23,0,0,85,2,87,0,6,102,2,110,133,7,140,250
03/19/2011,TTN,NJ,AEA,EN,Federal Contract Tower,0,8,17,0,25,0,0,59,2,61,0,8,76,2,86,70,0,70,156
03/20/2011,TTN,NJ,AEA,EN,Federal Contract Tower,0,7,33,0,40,0,0,131,0,131,0,7,164,0,171,158,0,158,329
03/21/2011,TTN,NJ,AEA,EN,Federal Contract Tower,0,3,27,2,32,0,0,7,0,7,0,3,34,2,39,20,0,20,59
03/22/2011,TTN,NJ,AEA,EN,Federal Contract Tower,0,9,17,3,29,0,0,53,10,63,0,9,70,13,92,207,10,217,309
03/23/2011,TTN,NJ,AEA,EN,Federal Contract Tower,0,13,20,0,33,0,0,0,0,0,0,13,20,0,33,0,0,0,33
03/24/2011,TTN,NJ,AEA,EN,Federal Contract Tower,0,8,18,1,27,0,0,30,9,39,0,8,48,10,66,122,0,122,188
03/25/2011,TTN,NJ,AEA,EN,Federal Contract Tower,0,7,24,3,34,0,0,132,3,135,0,7,156,6,169,214,0,214,383
03/26/2011,TTN,NJ,AEA,EN,Federal Contract Tower,0,6,26,0,32,0,0,74,0,74,0,6,100,0,106,96,0,96,202
03/27/2011,TTN,NJ,AEA,EN,Federal Contract Tower,0,8,9,0,17,0,0,84,0,84,0,8,93,0,101,158,0,158,259
03/28/2011,TTN,NJ,AEA,EN,Federal Contract Tower,0,5,22,2,29,0,0,74,9,83,0,5,96,11,112,82,4,86,198
03/29/2011,TTN,NJ,AEA,EN,Federal Contract Tower,0,12,17,8,37,0,0,115,14,129,0,12,132,22,166,68,2,70,236
03/30/2011,TTN,NJ,AEA,EN,Federal Contract Tower,0,14,27,0,41,0,0,120,14,134,0,14,147,14,175,130,0,130,305
03/31/2011,TTN,NJ,AEA,EN,Federal Contract Tower,0,7,32,0,39,0,0,5,0,5,0,7,37,0,44,2,0,2,46
04/01/2011,TTN,NJ,AEA,EN,Federal Contract Tower,0,4,30,0,34,0,0,25,0,25,0,4,55,0,59,0,0,0,59
04/02/2011,TTN,NJ,AEA,EN,Federal Contract Tower,0,4,10,0,14,0,0,62,0,62,0,4,72,0,76,137,0,137,213
04/03/2011,TTN,NJ,AEA,EN,Federal Contract Tower,0,8,27,0,35,0,0,98,2,100,0,8,125,2,135,120,0,120,255
04/04/2011,TTN,NJ,AEA,EN,Federal Contract Tower,0,14,18,0,32,0,0,83,9,92,0,14,101,9,124,40,0,40,164
04/05/2011,TTN,NJ,AEA,EN,Federal Contract Tower,0,12,23,4,39,0,0,39,11,50,0,12,62,15,89,0,0,0,89
04/06/2011,TTN,NJ,AEA,EN,Federal Contract Tower,0,14,34,0,48,0,0,69,8,77,0,14,103,8,125,74,0,74,199
04/07/2011,TTN,NJ,AEA,EN,Federal Contract Tower,0,21,49,2,72,0,0,68,0,68,0,21,117,2,140,195,5,200,340
04/08/2011,TTN,NJ,AEA,EN,Federal Contract Tower,0,29,44,0,73,0,0,51,2,53,0,29,95,2,126,66,0,66,192
04/09/2011,TTN,NJ,AEA,EN,Federal Contract Tower,0,6,18,1,25,0,0,90,1,91,0,6,108,2,116,164,0,164,280
04/10/2011,TTN,NJ,AEA,EN,Federal Contract Tower,0,5,25,0,30,0,0,79,0,79,0,5,104,0,109,157,0,157,266
04/11/2011,TTN,NJ,AEA,EN,Federal Contract Tower,0,10,32,0,42,0,0,48,1,49,0,10,80,1,91,58,1,59,150
04/12/2011,TTN,NJ,AEA,EN,Federal Contract Tower,0,20,37,3,60,0,0,60,0,60,0,20,97,3,120,64,0,64,184
04/13/2011,TTN,NJ,AEA,EN,Federal Contract Tower,0,15,35,1,51,0,0,0,0,0,0,15,35,1,51,0,0,0,51
04/14/2011,TTN,NJ,AEA,EN,Federal Contract Tower,0,8,23,1,32,0,0,99,1,100,0,8,122,2,132,229,0,229,361
04/15/2011,TTN,NJ,AEA,EN,Federal Contract Tower,0,11,34,1,46,0,0,158,6,164,0,11,192,7,210,154,1,155,365
04/16/2011,TTN,NJ,AEA,EN,Federal Contract Tower,0,4,14,0,18,0,0,5,0,5,0,4,19,0,23,2,0,2,25
04/17/2011,TTN,NJ,AEA,EN,Federal Contract Tower,0,14,17,0,31,0,0,42,0,42,0,14,59,0,73,33,0,33,106
04/18/2011,TTN,NJ,AEA,EN,Federal Contract Tower,0,6,27,0,33,0,0,77,6,83,0,6,104,6,116,89,0,89,205
04/19/2011,TTN,NJ,AEA,EN,Federal Contract Tower,0,19,31,7,57,0,0,66,12,78,0,19,97,19,135,78,12,90,225
04/20/2011,TTN,NJ,AEA,EN,Federal Contract Tower,0,13,37,2,52,0,0,38,9,47,0,13,75,11,99,44,4,48,147
04/21/2011,TTN,NJ,AEA,EN,Federal Contract Tower,0,16,26,2,44,0,0,77,1,78,0,16,103,3,122,15,0,15,137
04/22/2011,TTN,NJ,AEA,EN,Federal Contract Tower,0,12,19,0,31,0,0,87,0,87,0,12,106,0,118,148,0,148,266
04/23/2011,TTN,NJ,AEA,EN,Federal Contract Tower,0,4,10,0,14,0,0,0,0,0,0,4,10,0,14,0,0,0,14
04/24/2011,TTN,NJ,AEA,EN,Federal Contract Tower,0,6,23,0,29,0,0,44,0,44,0,6,67,0,73,65,0,65,138
04/25/2011,TTN,NJ,AEA,EN,Federal Contract Tower,0,13,47,3,63,0,0,51,5,56,0,13,98,8,119,106,0,106,225
04/26/2011,TTN,NJ,AEA,EN,Federal Contract Tower,0,14,36,6,56,0,0,130,17,147,0,14,166,23,203,133,10,143,346
04/27/2011,TTN,NJ,AEA,EN,Federal Contract Tower,0,15,57,2,74,0,0,73,9,82,0,15,130,11,156,53,0,53,209
04/28/2011,TTN,NJ,AEA,EN,Federal Contract Tower,0,4,34,0,38,0,0,28,0,28,0,4,62,0,66,24,0,24,90
04/29/2011,TTN,NJ,AEA,EN,Federal Contract Tower,0,17,37,5,59,0,0,162,10,172,0,17,199,15,231,163,0,163,394
04/30/2011,TTN,NJ,AEA,EN,Federal Contract Tower,0,3,17,0,20,0,1,112,2,115,0,4,129,2,135,120,0,120,255
05/01/2011,TTN,NJ,AEA,EN,Federal Contract Tower,0,5,47,0,52,0,0,153,0,153,0,5,200,0,205,244,0,244,449
05/02/2011,TTN,NJ,AEA,EN,Federal Contract Tower,0,13,33,0,46,0,0,79,2,81,0,13,112,2,127,105,0,105,232
05/03/2011,TTN,NJ,AEA,EN,Federal Contract Tower,2,17,26,3,48,0,0,93,5,98,2,17,119,8,146,151,0,151,297
05/04/2011,TTN,NJ,AEA,EN,Federal Contract Tower,0,10,44,2,56,0,0,29,7,36,0,10,73,9,92,20,0,20,112
05/05/2011,TTN,NJ,AEA,EN,Federal Contract Tower,0,12,25,0,37,0,0,104,5,109,0,12,129,5,146,156,0,156,302
05/06/2011,TTN,NJ,AEA,EN,Federal Contract Tower,0,12,17,0,29,0,0,108,4,112,0,12,125,4,141,314,0,314,455
05/07/2011,TTN,NJ,AEA,EN,Federal Contract Tower,0,8,22,0,30,0,1,117,0,118,0,9,139,0,148,285,0,285,433
05/08/2011,TTN,NJ,AEA,EN,Federal Contract Tower,0,5,21,0,26,0,0,67,0,67,0,5,88,0,93,136,0,136,229
05/09/2011,TTN,NJ,AEA,EN,Federal Contract Tower,0,20,28,0,48,0,0,83,14,97,0,20,111,14,145,107,0,107,252
05/10/2011,TTN,NJ,AEA,EN,Federal Contract Tower,0,7,34,0,41,0,0,145,7,152,0,7,179,7,193,223,0,223,416
05/11/2011,TTN,NJ,AEA,EN,Federal Contract Tower,0,10,29,2,41,0,0,107,13,120,0,10,136,15,161,154,1,155,316
05/12/2011,TTN,NJ,AEA,EN,Federal Contract Tower,0,14,36,1,51,0,0,112,5,117,0,14,148,6,168,152,5,157,325
05/13/2011,TTN,NJ,AEA,EN,Federal Contract Tower,0,11,27,0,38,0,0,58,1,59,0,11,85,1,97,121,1,122,219
05/14/2011,TTN,NJ,AEA,EN,Federal Contract Tower,0,6,36,2,44,0,0,70,1,71,0,6,106,3,115,221,0,221,336
05/15/2011,TTN,NJ,AEA,EN,Federal Contract Tower,0,4,19,2,25,0,0,4,0,4,0,4,23,2,29,0,0,0,29
05/16/2011,TTN,NJ,AEA,EN,Federal Contract Tower,0,8,27,2,37,0,0,0,0,0,0,8,27,2,37,0,0,0,37
05/17/2011,TTN,NJ,AEA,EN,Federal Contract Tower,0,20,43,3,66,0,0,7,0,7,0,20,50,3,73,0,0,0,73
05/18/2011,TTN,NJ,AEA,EN,Federal Contract Tower,0,17,35,0,52,0,0,3,1,4,0,17,38,1,56,0,0,0,56
05/19/2011,TTN,NJ,AEA,EN,Federal Contract Tower,0,18,43,4,65,0,1,32,2,35,0,19,75,6,100,58,2,60,160
05/20/2011,TTN,NJ,AEA,EN,Federal Contract Tower,0,5,32,0,37,0,0,67,0,67,0,5,99,0,104,184,0,184,288
05/21/2011,TTN,NJ,AEA,EN,Federal Contract Tower,0,8,17,0,25,0,98,0,0,98,0,106,17,0,123,256,0,256,379
05/22/2011,TTN,NJ,AEA,EN,Federal Contract Tower,0,9,34,7,50,0,0,18,7,25,0,9,52,14,75,23,0,23,98
05/23/2011,TTN,NJ,AEA,EN,Federal Contract Tower,0,13,28,2,43,0,0,12,0,12,0,13,40,2,55,9,0,9,64
05/24/2011,TTN,NJ,AEA,EN,Federal Contract Tower,0,15,20,0,35,0,0,88,10,98,0,15,108,10,133,205,4,209,342
05/25/2011,TTN,NJ,AEA,EN,Federal Contract Tower,0,7,36,0,43,0,0,177,14,191,0,7,213,14,234,276,0,276,510
05/26/2011,TTN,NJ,AEA,EN,Federal Contract Tower,0,18,28,9,55,0,0,91,7,98,0,18,119,16,153,209,6,215,368
05/27/2011,TTN,NJ,AEA,EN,Federal Contract Tower,0,10,42,0,52,0,0,158,1,159,0,10,200,1,211,279,0,279,490
05/28/2011,TTN,NJ,AEA,EN,Federal Contract Tower,0,10,36,1,47,0,0,90,3,93,0,10,126,4,140,170,0,170,310
05/29/2011,TTN,NJ,AEA,EN,Federal Contract Tower,0,13,23,0,36,0,0,103,0,103,0,13,126,0,139,178,0,178,317
05/30/2011,TTN,NJ,AEA,EN,Federal Contract Tower,0,3,26,0,29,0,0,74,8,82,0,3,100,8,111,89,0,89,200
05/31/2011,TTN,NJ,AEA,EN,Federal Contract Tower,0,10,29,2,41,0,0,158,11,169,0,10,187,13,210,118,0,118,328
06/01/2011,TTN,NJ,AEA,EN,Federal Contract Tower,0,19,29,2,50,0,0,96,3,99,0,19,125,5,149,133,0,133,282
06/02/2011,TTN,NJ,AEA,EN,Federal Contract Tower,0,13,24,2,39,0,0,76,9,85,0,13,100,11,124,164,1,165,289
06/03/2011,TTN,NJ,AEA,EN,Federal Contract Tower,0,10,33,0,43,0,0,152,8,160,0,10,185,8,203,118,11,129,332
06/04/2011,TTN,NJ,AEA,EN,Federal Contract Tower,0,0,18,2,20,0,0,91,3,94,0,0,109,5,114,214,0,214,328
06/05/2011,TTN,NJ,AEA,EN,Federal Contract Tower,0,10,16,2,28,0,0,84,0,84,0,10,100,2,112,103,0,103,215
06/06/2011,TTN,NJ,AEA,EN,Federal Contract Tower,0,7,42,2,51,0,7,81,0,88,0,14,123,2,139,116,2,118,257
06/07/2011,TTN,NJ,AEA,EN,Federal Contract Tower,0,9,20,2,31,0,0,145,15,160,0,9,165,17,191,178,2,180,371
06/08/2011,TTN,NJ,AEA,EN,Federal Contract Tower,0,9,21,0,30,0,0,119,16,135,0,9,140,16,165,184,0,184,349
06/09/2011,TTN,NJ,AEA,EN,Federal Contract Tower,0,16,20,4,40,0,0,67,6,73,0,16,87,10,113,57,3,60,173
06/10/2011,TTN,NJ,AEA,EN,Federal Contract Tower,0,14,27,0,41,0,0,123,2,125,0,14,150,2,166,92,2,94,260
06/11/2011,TTN,NJ,AEA,EN,Federal Contract Tower,0,7,19,0,26,0,0,0,0,0,0,7,19,0,26,0,0,0,26
06/12/2011,TTN,NJ,AEA,EN,Federal Contract Tower,0,9,42,0,51,0,0,13,0,13,0,9,55,0,64,38,0,38,102
06/13/2011,TTN,NJ,AEA,EN,Federal Contract Tower,0,13,28,0,41,0,0,96,5,101,0,13,124,5,142,142,0,142,284
06/14/2011,TTN,NJ,AEA,EN,Federal Contract Tower,0,15,32,0,47,0,0,93,3,96,0,15,125,3,143,96,12,108,251
06/15/2011,TTN,NJ,AEA,EN,Federal Contract Tower,0,11,18,0,29,0,0,120,3,123,0,11,138,3,152,154,0,154,306
06/16/2011,TTN,NJ,AEA,EN,Federal Contract Tower,0,7,26,0,33,0,0,124,3,127,0,7,150,3,160,149,2,151,311
06/17/2011,TTN,NJ,AEA,EN,Federal Contract Tower,0,14,35,0,49,0,0,87,0,87,0,14,122,0,136,44,0,44,180
06/18/2011,TTN,NJ,AEA,EN,Federal Contract Tower,0,4,12,0,16,0,1,126,0,127,0,5,138,0,143,194,0,194,337
06/19/2011,TTN,NJ,AEA,EN,Federal Contract Tower,0,6,15,0,21,0,0,98,3,101,0,6,113,3,122,137,0,137,259
06/20/2011,TTN,NJ,AEA,EN,Federal Contract Tower,0,8,24,0,32,0,1,115,0,116,0,9,139,0,148,159,0,159,307
06/21/2011,TTN,NJ,AEA,EN,Federal Contract Tower,0,17,33,1,51,0,0,86,7,93,0,17,119,8,144,93,3,96,240
06/22/2011,TTN,NJ,AEA,EN,Federal Contract Tower,0,20,24,2,46,0,0,79,2,81,0,20,103,4,127,86,5,91,218
06/23/2011,TTN,NJ,AEA,EN,Federal Contract Tower,0,9,36,2,47,0,0,21,0,21,0,9,57,2,68,22,0,22,90
06/24/2011,TTN,NJ,AEA,EN,Federal Contract Tower,0,7,22,2,31,0,0,32,3,35,0,7,54,5,66,30,0,30,96
06/25/2011,TTN,NJ,AEA,EN,Federal Contract Tower,0,6,11,0,17,0,0,83,0,83,0,6,94,0,100,102,0,102,202
06/26/2011,TTN,NJ,AEA,EN,Federal Contract Tower,0,7,23,0,30,0,0,119,3,122,0,7,142,3,152,115,0,115,267
06/27/2011,TTN,NJ,AEA,EN,Federal Contract Tower,0,9,25,3,37,0,0,133,10,143,0,9,158,13,180,137,0,137,317
06/28/2011,TTN,NJ,AEA,EN,Federal Contract Tower,0,17,26,5,48,0,0,101,9,110,0,17,127,14,158,113,0,113,271
06/29/2011,TTN,NJ,AEA,EN,Federal Contract Tower,0,17,38,2,57,0,0,127,11,138,0,17,165,13,195,83,0,83,278
06/30/2011,TTN,NJ,AEA,EN,Federal Contract Tower,0,11,28,4,43,0,0,57,3,60,0,11,85,7,103,82,0,82,185
07/01/2011,TTN,NJ,AEA,EN,Federal Contract Tower,0,12,23,0,35,0,1,140,1,142,0,13,163,1,177,164,1,165,342
07/02/2011,TTN,NJ,AEA,EN,Federal Contract Tower,0,1,18,0,19,0,0,86,0,86,0,1,104,0,105,124,0,124,229
07/03/2011,TTN,NJ,AEA,EN,Federal Contract Tower,0,3,5,0,8,0,0,12,0,12,0,3,17,0,20,0,0,0,20
07/04/2011,TTN,NJ,AEA,EN,Federal Contract Tower,0,2,16,0,18,0,0,54,0,54,0,2,70,0,72,73,0,73,145
07/05/2011,TTN,NJ,AEA,EN,Federal Contract Tower,0,9,24,2,35,0,0,82,5,87,0,9,106,7,122,75,3,78,200
07/06/2011,TTN,NJ,AEA,EN,Federal Contract Tower,0,8,16,2,26,0,0,55,3,58,0,8,71,5,84,75,6,81,165
07/07/2011,TTN,NJ,AEA,EN,Federal Contract Tower,0,11,19,2,32,0,0,60,1,61,0,11,79,3,93,95,9,104,197
07/08/2011,TTN,NJ,AEA,EN,Federal Contract Tower,0,8,19,0,27,0,0,32,1,33,0,8,51,1,60,104,1,105,165
07/09/2011,TTN,NJ,AEA,EN,Federal Contract Tower,0,3,24,0,27,0,0,111,1,112,0,3,135,1,139,108,1,109,248
07/10/2011,TTN,NJ,AEA,EN,Federal Contract Tower,0,13,20,2,35,0,0,97,9,106,0,13,117,11,141,72,2,74,215
07/11/2011,TTN,NJ,AEA,EN,Federal Contract Tower,0,11,24,0,35,0,0,102,9,111,0,11,126,9,146,149,0,149,295
07/12/2011,TTN,NJ,AEA,EN,Federal Contract Tower,0,10,26,2,38,0,0,119,16,135,0,10,145,18,173,62,7,69,242
07/13/2011,TTN,NJ,AEA,EN,Federal Contract Tower,0,13,29,0,42,0,0,142,13,155,0,13,171,13,197,70,1,71,268
07/14/2011,TTN,NJ,AEA,EN,Federal Contract Tower,0,21,40,0,61,0,0,101,14,115,0,21,141,14,176,64,1,65,241
07/15/2011,TTN,NJ,AEA,EN,Federal Contract Tower,0,8,25,0,33,0,0,111,0,111,0,8,136,0,144,193,2,195,339
07/16/2011,TTN,NJ,AEA,EN,Federal Contract Tower,0,18,1,0,19,0,0,82,1,83,0,18,83,1,102,80,0,80,182
07/17/2011,TTN,NJ,AEA,EN,Federal Contract Tower,0,8,35,0,43,0,0,70,4,74,0,8,105,4,117,101,1,102,219
07/18/2011,TTN,NJ,AEA,EN,Federal Contract Tower,0,9,24,0,33,0,0,94,0,94,0,9,118,0,127,121,4,125,252
07/19/2011,TTN,NJ,AEA,EN,Federal Contract Tower,0,17,13,3,33,0,0,82,13,95,0,17,95,16,128,74,0,74,202
07/20/2011,TTN,NJ,AEA,EN,Federal Contract Tower,0,15,33,2,50,0,0,108,10,118,0,15,141,12,168,107,0,107,275
07/21/2011,TTN,NJ,AEA,EN,Federal Contract Tower,0,12,20,0,32,0,1,55,7,63,0,13,75,7,95,78,5,83,178
07/22/2011,TTN,NJ,AEA,EN,Federal Contract Tower,0,6,30,4,40,0,0,91,1,92,0,6,121,5,132,63,3,66,198
07/23/2011,TTN,NJ,AEA,EN,Federal Contract Tower,0,4,17,0,21,0,0,69,0,69,0,4,86,0,90,44,0,44,134
07/24/2011,TTN,NJ,AEA,EN,Federal Contract Tower,0,4,26,0,30,0,0,51,0,51,0,4,77,0,81,93,0,93,174
07/25/2011,TTN,NJ,AEA,EN,Federal Contract Tower,0,7,33,3,43,0,0,51,6,57,0,7,84,9,100,39,8,47,147
07/26/2011,TTN,NJ,AEA,EN,Federal Contract Tower,0,15,31,3,49,0,0,98,11,109,0,15,129,14,158,85,0,85,243
07/27/2011,TTN,NJ,AEA,EN,Federal Contract Tower,0,9,32,2,43,0,0,123,22,145,0,9,155,24,188,83,0,83,271
07/28/2011,TTN,NJ,AEA,EN,Federal Contract Tower,0,21,35,0,56,0,0,76,7,83,0,21,111,7,139,132,3,135,274
07/29/2011,TTN,NJ,AEA,EN,Federal Contract Tower,0,12,28,0,40,0,0,62,0,62,0,12,90,0,102,63,0,63,165
07/30/2011,TTN,NJ,AEA,EN,Federal Contract Tower,0,0,21,0,21,0,0,76,0,76,0,0,97,0,97,86,0,86,183
07/31/2011,TTN,NJ,AEA,EN,Federal Contract Tower,0,11,14,0,25,0,0,124,0,124,0,11,138,0,149,102,0,102,251
08/01/2011,TTN,NJ,AEA,EN,Federal Contract Tower,0,10,21,2,33,0,0,83,8,91,0,10,104,10,124,70,3,73,197
08/02/2011,TTN,NJ,AEA,EN,Federal Contract Tower,0,8,26,0,34,0,0,147,25,172,0,8,173,25,206,117,6,123,329
08/03/2011,TTN,NJ,AEA,EN,Federal Contract Tower,0,7,13,0,20,0,0,94,15,109,0,7,107,15,129,54,2,56,185
08/04/2011,TTN,NJ,AEA,EN,Federal Contract Tower,0,14,41,2,57,0,0,83,6,89,0,14,124,8,146,161,0,161,307
08/05/2011,TTN,NJ,AEA,EN,Federal Contract Tower,0,8,28,1,37,0,0,145,7,152,0,8,173,8,189,106,0,106,295
08/06/2011,TTN,NJ,AEA,EN,Federal Contract Tower,0,4,12,2,18,0,0,65,0,65,0,4,77,2,83,121,0,121,204
08/07/2011,TTN,NJ,AEA,EN,Federal Contract Tower,0,5,13,2,20,0,0,35,0,35,0,5,48,2,55,79,0,79,134
08/08/2011,TTN,NJ,AEA,EN,Federal Contract Tower,0,8,20,0,28,0,0,66,3,69,0,8,86,3,97,59,5,64,161
08/09/2011,TTN,NJ,AEA,EN,Federal Contract Tower,0,4,40,0,44,0,0,55,10,65,0,4,95,10,109,27,7,34,143
08/10/2011,TTN,NJ,AEA,EN,Federal Contract Tower,0,12,25,4,41,0,0,97,7,104,0,12,122,11,145,78,4,82,227
08/11/2011,TTN,NJ,AEA,EN,Federal Contract Tower,0,9,30,1,40,0,0,114,5,119,0,9,144,6,159,218,1,219,378
08/12/2011,TTN,NJ,AEA,EN,Federal Contract Tower,0,9,23,0,32,0,0,130,0,130,0,9,153,0,162,150,0,150,312
08/13/2011,TTN,NJ,AEA,EN,Federal Contract Tower,0,6,12,0,18,0,0,91,0,91,0,6,103,0,109,106,0,106,215
08/14/2011,TTN,NJ,AEA,EN,Federal Contract Tower,0,6,4,0,10,0,0,2,0,2,0,6,6,0,12,0,0,0,12
08/15/2011,TTN,NJ,AEA,EN,Federal Contract Tower,0,14,24,0,38,0,0,27,0,27,0,14,51,0,65,19,0,19,84
08/16/2011,TTN,NJ,AEA,EN,Federal Contract Tower,0,19,31,3,53,0,0,54,10,64,0,19,85,13,117,49,4,53,170
08/17/2011,TTN,NJ,AEA,EN,Federal Contract Tower,0,19,26,2,47,0,0,139,8,147,0,19,165,10,194,87,0,87,281
08/18/2011,TTN,NJ,AEA,EN,Federal Contract Tower,0,12,17,0,29,0,0,80,7,87,0,12,97,7,116,79,0,79,195
08/19/2011,TTN,NJ,AEA,EN,Federal Contract Tower,0,8,17,0,25,0,0,39,4,43,0,8,56,4,68,29,2,31,99
08/20/2011,TTN,NJ,AEA,EN,Federal Contract Tower,0,6,25,0,31,0,0,80,2,82,0,6,105,2,113,131,0,131,244
08/21/2011,TTN,NJ,AEA,EN,Federal Contract Tower,0,4,15,0,19,0,0,16,0,16,0,4,31,0,35,20,0,20,55
08/22/2011,TTN,NJ,AEA,EN,Federal Contract Tower,0,19,26,3,48,0,0,88,16,104,0,19,114,19,152,97,0,97,249
08/23/2011,TTN,NJ,AEA,EN,Federal Contract Tower,0,7,24,0,31,0,0,158,8,166,0,7,182,8,197,130,0,130,327
08/24/2011,TTN,NJ,AEA,EN,Federal Contract Tower,0,12,23,4,39,0,0,115,10,125,0,12,138,14,164,97,0,97,261
08/25/2011,TTN,NJ,AEA,EN,Federal Contract Tower,0,14,24,0,38,0,0,28,2,30,0,14,52,2,68,11,0,11,79
08/26/2011,TTN,NJ,AEA,EN,Federal Contract Tower,0,13,25,0,38,0,0,124,15,139,0,13,149,15,177,38,2,40,217
08/27/2011,TTN,NJ,AEA,EN,Federal Contract Tower,0,4,15,0,19,0,0,0,0,0,0,4,15,0,19,0,0,0,19
08/28/2011,TTN,NJ,AEA,EN,Federal Contract Tower,0,4,2,0,6,0,0,17,11,28,0,4,19,11,34,19,7,26,60
08/29/2011,TTN,NJ,AEA,EN,Federal Contract Tower,0,24,21,0,45,0,0,140,43,183,0,24,161,43,228,66,28,94,322
08/30/2011,TTN,NJ,AEA,EN,Federal Contract Tower,0,13,8,2,23,0,0,135,39,174,0,13,143,41,197,126,2,128,325
08/31/2011,TTN,NJ,AEA,EN,Federal Contract Tower,0,14,28,0,42,0,0,81,9,90,0,14,109,9,132,113,0,113,245
09/01/2011,TTN,NJ,AEA,EN,Federal Contract Tower,0,8,27,0,35,0,0,81,1,82,0,8,108,1,117,171,4,175,292
09/02/2011,TTN,NJ,AEA,EN,Federal Contract Tower,0,9,20,0,29,0,0,179,0,179,0,9,199,0,208,134,0,134,342
09/03/2011,TTN,NJ,AEA,EN,Federal Contract Tower,0,7,14,0,21,0,0,81,0,81,0,7,95,0,102,109,0,109,211
09/04/2011,TTN,NJ,AEA,EN,Federal Contract Tower,0,7,17,0,24,0,0,79,0,79,0,7,96,0,103,154,0,154,257
09/05/2011,TTN,NJ,AEA,EN,Federal Contract Tower,0,3,24,0,27,0,0,28,0,28,0,3,52,0,55,12,6,18,73
09/06/2011,TTN,NJ,AEA,EN,Federal Contract Tower,0,17,38,0,55,0,0,7,0,7,0,17,45,0,62,0,0,0,62
09/07/2011,TTN,NJ,AEA,EN,Federal Contract Tower,0,18,33,0,51,0,0,0,0,0,0,18,33,0,51,0,0,0,51
09/08/2011,TTN,NJ,AEA,EN,Federal Contract Tower,0,17,55,0,72,0,0,2,0,2,0,17,57,0,74,0,0,0,74
09/09/2011,TTN,NJ,AEA,EN,Federal Contract Tower,0,21,45,0,66,0,0,103,1,104,0,21,148,1,170,68,0,68,238
09/10/2011,TTN,NJ,AEA,EN,Federal Contract Tower,0,9,12,0,21,0,0,76,0,76,0,9,88,0,97,105,0,105,202
09/11/2011,TTN,NJ,AEA,EN,Federal Contract Tower,0,14,29,2,45,0,0,21,0,21,0,14,50,2,66,2,1,3,69
09/12/2011,TTN,NJ,AEA,EN,Federal Contract Tower,0,6,29,0,35,0,0,61,12,73,0,6,90,12,108,56,1,57,165
09/13/2011,TTN,NJ,AEA,EN,Federal Contract Tower,0,15,42,4,61,0,0,118,20,138,0,15,160,24,199,69,0,69,268
09/14/2011,TTN,NJ,AEA,EN,Federal Contract Tower,0,18,33,0,51,0,0,118,6,124,0,18,151,6,175,86,0,86,261
09/15/2011,TTN,NJ,AEA,EN,Federal Contract Tower,0,14,32,0,46,0,0,41,6,47,0,14,73,6,93,42,2,44,137
09/16/2011,TTN,NJ,AEA,EN,Federal Contract Tower,0,10,29,0,39,0,0,73,2,75,0,10,102,2,114,148,0,148,262
09/17/2011,TTN,NJ,AEA,EN,Federal Contract Tower,0,15,13,0,28,0,1,83,0,84,0,16,96,0,112,186,0,186,298
09/18/2011,TTN,NJ,AEA,EN,Federal Contract Tower,0,17,33,3,53,0,0,148,0,148,0,17,181,3,201,187,0,187,388
09/19/2011,TTN,NJ,AEA,EN,Federal Contract Tower,0,17,28,1,46,0,0,76,3,79,0,17,104,4,125,140,0,140,265
09/20/2011,TTN,NJ,AEA,EN,Federal Contract Tower,0,11,29,0,40,0,0,36,4,40,0,11,65,4,80,34,0,34,114
09/21/2011,TTN,NJ,AEA,EN,Federal Contract Tower,0,10,35,0,45,0,0,42,2,44,0,10,77,2,89,30,0,30,119
09/22/2011,TTN,NJ,AEA,EN,Federal Contract Tower,0,18,40,0,58,0,0,50,0,50,0,18,90,0,108,94,0,94,202
09/23/2011,TTN,NJ,AEA,EN,Federal Contract Tower,0,19,34,1,54,0,0,0,0,0,0,19,34,1,54,0,0,0,54
09/24/2011,TTN,NJ,AEA,EN,Federal Contract Tower,0,10,28,1,39,0,0,30,11,41,0,10,58,12,80,42,2,44,124
09/25/2011,TTN,NJ,AEA,EN,Federal Contract Tower,0,11,32,0,43,0,0,45,2,47,0,11,77,2,90,38,0,38,128
09/26/2011,TTN,NJ,AEA,EN,Federal Contract Tower,0,9,25,0,34,0,0,36,2,38,0,9,61,2,72,52,2,54,126
09/27/2011,TTN,NJ,AEA,EN,Federal Contract Tower,0,13,48,0,61,0,0,70,9,79,0,13,118,9,140,50,0,50,190
09/28/2011,TTN,NJ,AEA,EN,Federal Contract Tower,0,12,28,2,42,0,0,21,0,21,0,12,49,2,63,15,2,17,80
09/29/2011,TTN,NJ,AEA,EN,Federal Contract Tower,0,11,25,2,38,0,0,81,1,82,0,11,106,3,120,78,2,80,200
09/30/2011,TTN,NJ,AEA,EN,Federal Contract Tower,0,11,20,2,33,0,0,127,2,129,0,11,147,4,162,170,1,171,333
10/01/2011,TTN,NJ,AEA,EN,Federal Contract Tower,0,7,31,0,38,0,0,57,0,57,0,7,88,0,95,121,0,121,216
10/02/2011,TTN,NJ,AEA,EN,Federal Contract Tower,0,14,44,2,60,0,0,67,1,68,0,14,111,3,128,130,0,130,258
10/03/2011,TTN,NJ,AEA,EN,Federal Contract Tower,0,12,32,0,44,0,0,84,5,89,0,12,116,5,133,115,0,115,248
10/04/2011,TTN,NJ,AEA,EN,Federal Contract Tower,0,12,29,0,41,0,0,94,7,101,0,12,123,7,142,55,0,55,197
10/05/2011,TTN,NJ,AEA,EN,Federal Contract Tower,0,17,41,4,62,0,1,156,11,168,0,18,197,15,230,130,0,130,360
10/06/2011,TTN,NJ,AEA,EN,Federal Contract Tower,0,11,27,2,40,0,0,108,6,114,0,11,135,8,154,122,5,127,281
10/07/2011,TTN,NJ,AEA,EN,Federal Contract Tower,0,20,19,0,39,0,0,146,1,147,0,20,165,1,186,139,0,139,325
10/08/2011,TTN,NJ,AEA,EN,Federal Contract Tower,0,7,26,0,33,0,0,161,0,161,0,7,187,0,194,324,0,324,518
10/09/2011,TTN,NJ,AEA,EN,Federal Contract Tower,0,6,14,0,20,0,0,115,0,115,0,6,129,0,135,187,0,187,322
10/10/2011,TTN,NJ,AEA,EN,Federal Contract Tower,0,15,23,0,38,0,0,100,2,102,0,15,123,2,140,122,0,122,262
10/11/2011,TTN,NJ,AEA,EN,Federal Contract Tower,0,11,41,0,52,0,0,119,2,121,0,11,160,2,173,89,0,89,262
10/12/2011,TTN,NJ,AEA,EN,Federal Contract Tower,0,15,28,0,43,0,0,61,0,61,0,15,89,0,104,23,0,23,127
10/13/2011,TTN,NJ,AEA,EN,Federal Contract Tower,0,14,34,0,48,0,0,0,0,0,0,14,34,0,48,0,0,0,48
10/14/2011,TTN,NJ,AEA,EN,Federal Contract Tower,0,15,50,0,65,0,0,28,3,31,0,15,78,3,96,39,2,41,137
10/15/2011,TTN,NJ,AEA,EN,Federal Contract Tower,0,8,15,0,23,0,0,61,1,62,0,8,76,1,85,65,1,66,151
10/16/2011,TTN,NJ,AEA,EN,Federal Contract Tower,0,16,13,0,29,0,0,85,0,85,0,16,98,0,114,122,0,122,236
10/17/2011,TTN,NJ,AEA,EN,Federal Contract Tower,0,21,19,0,40,0,0,100,4,104,0,21,119,4,144,52,0,52,196
10/18/2011,TTN,NJ,AEA,EN,Federal Contract Tower,0,9,32,0,41,0,0,112,2,114,0,9,144,2,155,90,2,92,247
10/19/2011,TTN,NJ,AEA,EN,Federal Contract Tower,0,8,26,1,35,0,0,0,0,0,0,8,26,1,35,0,0,0,35
10/20/2011,TTN,NJ,AEA,EN,Federal Contract Tower,0,11,24,1,36,0,0,42,6,48,0,11,66,7,84,20,0,20,104
10/21/2011,TTN,NJ,AEA,EN,Federal Contract Tower,0,7,29,0,36,0,0,107,2,109,0,7,136,2,145,131,0,131,276
10/22/2011,TTN,NJ,AEA,EN,Federal Contract Tower,0,7,21,0,28,0,0,140,2,142,0,7,161,2,170,232,0,232,402
10/23/2011,TTN,NJ,AEA,EN,Federal Contract Tower,0,9,20,1,30,0,0,118,8,126,0,9,138,9,156,186,0,186,342
10/24/2011,TTN,NJ,AEA,EN,Federal Contract Tower,0,7,31,0,38,0,0,62,8,70,0,7,93,8,108,78,2,80,188
10/25/2011,TTN,NJ,AEA,EN,Federal Contract Tower,0,10,29,1,40,0,0,123,2,125,0,10,152,3,165,138,0,138,303
10/26/2011,TTN,NJ,AEA,EN,Federal Contract Tower,0,18,35,2,55,0,0,106,5,111,0,18,141,7,166,127,0,127,293
10/27/2011,TTN,NJ,AEA,EN,Federal Contract Tower,0,16,41,0,57,0,0,5,0,5,0,16,46,0,62,6,0,6,68
10/28/2011,TTN,NJ,AEA,EN,Federal Contract Tower,0,17,28,1,46,0,0,135,3,138,0,17,163,4,184,140,1,141,325
10/29/2011,TTN,NJ,AEA,EN,Federal Contract Tower,0,2,9,0,11,0,0,0,0,0,0,2,9,0,11,0,0,0,11
10/30/2011,TTN,NJ,AEA,EN,Federal Contract Tower,0,8,18,2,28,0,0,62,1,63,0,8,80,3,91,51,0,51,142
10/31/2011,TTN,NJ,AEA,EN,Federal Contract Tower,0,12,24,0,36,0,0,90,0,90,0,12,114,0,126,105,0,105,231
11/01/2011,TTN,NJ,AEA,EN,Federal Contract Tower,0,10,46,0,56,0,0,116,7,123,0,10,162,7,179,178,4,182,361
11/02/2011,TTN,NJ,AEA,EN,Federal Contract Tower,0,13,37,2,52,0,0,125,3,128,0,13,162,5,180,173,0,173,353
11/03/2011,TTN,NJ,AEA,EN,Federal Contract Tower,0,12,27,2,41,0,0,91,4,95,0,12,118,6,136,106,1,107,243
11/04/2011,TTN,NJ,AEA,EN,Federal Contract Tower,0,9,24,0,33,0,0,92,0,92,0,9,116,0,125,139,0,139,264
11/05/2011,TTN,NJ,AEA,EN,Federal Contract Tower,0,12,2,0,14,0,0,96,8,104,0,12,98,8,118,148,2,150,268
11/06/2011,TTN,NJ,AEA,EN,Federal Contract Tower,0,11,21,1,33,0,1,93,0,94,0,12,114,1,127,154,0,154,281
11/07/2011,TTN,NJ,AEA,EN,Federal Contract Tower,0,14,29,2,45,0,0,57,0,57,0,14,86,2,102,78,2,80,182
11/08/2011,TTN,NJ,AEA,EN,Federal Contract Tower,0,6,41,2,49,0,0,102,0,102,0,6,143,2,151,44,0,44,195
11/09/2011,TTN,NJ,AEA,EN,Federal Contract Tower,0,15,32,2,49,0,0,103,10,113,0,15,135,12,162,115,10,125,287
11/10/2011,TTN,NJ,AEA,EN,Federal Contract Tower,0,14,23,0,37,0,0,11,4,15,0,14,34,4,52,18,0,18,70
11/11/2011,TTN,NJ,AEA,EN,Federal Contract Tower,0,9,30,0,39,0,0,77,0,77,0,9,107,0,116,58,0,58,174
11/12/2011,TTN,NJ,AEA,EN,Federal Contract Tower,0,9,22,0,31,0,0,64,0,64,0,9,86,0,95,52,0,52,147
11/13/2011,TTN,NJ,AEA,EN,Federal Contract Tower,0,7,31,0,38,0,0,89,0,89,0,7,120,0,127,143,0,143,270
11/14/2011,TTN,NJ,AEA,EN,Federal Contract Tower,0,13,26,2,41,0,0,60,3,63,0,13,86,5,104,153,0,153,257
11/15/2011,TTN,NJ,AEA,EN,Federal Contract Tower,0,7,33,0,40,0,0,100,13,113,0,7,133,13,153,91,14,105,258
11/16/2011,TTN,NJ,AEA,EN,Federal Contract Tower,0,12,35,0,47,0,0,3,0,3,0,12,38,0,50,0,0,0,50
11/17/2011,TTN,NJ,AEA,EN,Federal Contract Tower,0,18,49,2,69,0,0,62,3,65,0,18,111,5,134,58,0,58,192
11/18/2011,TTN,NJ,AEA,EN,Federal Contract Tower,0,10,39,0,49,0,0,137,0,137,0,10,176,0,186,108,0,108,294
11/19/2011,TTN,NJ,AEA,EN,Federal Contract Tower,0,13,14,0,27,0,0,90,0,90,0,13,104,0,117,251,0,251,368
11/20/2011,TTN,NJ,AEA,EN,Federal Contract Tower,0,4,29,0,33,0,0,78,0,78,0,4,107,0,111,148,0,148,259
11/21/2011,TTN,NJ,AEA,EN,Federal Contract Tower,0,13,23,0,36,0,0,69,8,77,0,13,92,8,113,47,0,47,160
11/22/2011,TTN,NJ,AEA,EN,Federal Contract Tower,0,21,34,0,55,0,0,0,0,0,0,21,34,0,55,0,0,0,55
11/23/2011,TTN,NJ,AEA,EN,Federal Contract Tower,0,15,37,0,52,0,0,14,0,14,0,15,51,0,66,0,0,0,66
11/24/2011,TTN,NJ,AEA,EN,Federal Contract Tower,0,7,8,0,15,0,0,28,0,28,0,7,36,0,43,8,0,8,51
11/25/2011,TTN,NJ,AEA,EN,Federal Contract Tower,0,11,13,0,24,0,0,85,0,85,0,11,98,0,109,110,0,110,219
11/26/2011,TTN,NJ,AEA,EN,Federal Contract Tower,0,9,23,0,32,0,0,111,0,111,0,9,134,0,143,103,0,103,246
11/27/2011,TTN,NJ,AEA,EN,Federal Contract Tower,0,16,38,0,54,0,0,134,0,134,0,16,172,0,188,157,0,157,345
11/28/2011,TTN,NJ,AEA,EN,Federal Contract Tower,0,13,20,2,35,0,0,80,0,80,0,13,100,2,115,74,0,74,189
11/29/2011,TTN,NJ,AEA,EN,Federal Contract Tower,0,15,59,1,75,0,0,16,0,16,0,15,75,1,91,0,0,0,91
11/30/2011,TTN,NJ,AEA,EN,Federal Contract Tower,0,18,35,4,57,0,0,70,5,75,0,18,105,9,132,46,2,48,180
12/01/2011,TTN,NJ,AEA,EN,Federal Contract Tower,0,21,36,2,59,0,0,75,4,79,0,21,111,6,138,109,0,109,247
12/02/2011,TTN,NJ,AEA,EN,Federal Contract Tower,0,13,18,0,31,0,0,124,5,129,0,13,142,5,160,145,2,147,307
12/03/2011,TTN,NJ,AEA,EN,Federal Contract Tower,0,4,10,0,14,0,0,89,6,95,0,4,99,6,109,104,0,104,213
12/04/2011,TTN,NJ,AEA,EN,Federal Contract Tower,0,4,24,0,28,0,0,94,0,94,0,4,118,0,122,96,0,96,218
12/05/2011,TTN,NJ,AEA,EN,Federal Contract Tower,0,9,30,0,39,0,0,30,0,30,0,9,60,0,69,30,0,30,99
12/06/2011,TTN,NJ,AEA,EN,Federal Contract Tower,0,14,28,2,44,0,0,5,0,5,0,14,33,2,49,0,0,0,49
12/07/2011,TTN,NJ,AEA,EN,Federal Contract Tower,0,14,34,2,50,0,0,0,0,0,0,14,34,2,50,0,0,0,50
12/08/2011,TTN,NJ,AEA,EN,Federal Contract Tower,0,14,41,0,55,0,0,68,15,83,0,14,109,15,138,42,0,42,180
12/09/2011,TTN,NJ,AEA,EN,Federal Contract Tower,0,9,30,0,39,0,0,155,0,155,0,9,185,0,194,109,0,109,303
12/10/2011,TTN,NJ,AEA,EN,Federal Contract Tower,0,7,17,0,24,0,0,89,0,89,0,7,106,0,113,160,2,162,275
12/11/2011,TTN,NJ,AEA,EN,Federal Contract Tower,0,5,23,0,28,0,0,109,0,109,0,5,132,0,137,286,0,286,423
12/12/2011,TTN,NJ,AEA,EN,Federal Contract Tower,0,10,33,2,45,0,0,92,0,92,0,10,125,2,137,99,0,99,236
12/13/2011,TTN,NJ,AEA,EN,Federal Contract Tower,0,10,39,2,51,0,0,143,2,145,0,10,182,4,196,112,0,112,308
12/14/2011,TTN,NJ,AEA,EN,Federal Contract Tower,0,13,21,1,35,0,0,92,3,95,0,13,113,4,130,131,2,133,263
12/15/2011,TTN,NJ,AEA,EN,Federal Contract Tower,0,22,33,0,55,0,0,35,4,39,0,22,68,4,94,52,0,52,146
12/16/2011,TTN,NJ,AEA,EN,Federal Contract Tower,0,16,24,0,40,0,0,104,0,104,0,16,128,0,144,48,0,48,192
12/17/2011,TTN,NJ,AEA,EN,Federal Contract Tower,0,4,14,0,18,0,0,104,0,104,0,4,118,0,122,145,0,145,267
12/18/2011,TTN,NJ,AEA,EN,Federal Contract Tower,0,1,19,0,20,0,0,80,0,80,0,1,99,0,100,89,0,89,189
12/19/2011,TTN,NJ,AEA,EN,Federal Contract Tower,0,8,27,0,35,0,0,61,1,62,0,8,88,1,97,35,11,46,143
12/20/2011,TTN,NJ,AEA,EN,Federal Contract Tower,0,9,22,4,35,0,0,53,4,57,0,9,75,8,92,71,0,71,163
12/21/2011,TTN,NJ,AEA,EN,Federal Contract Tower,0,9,13,0,22,0,0,3,0,3,0,9,16,0,25,0,0,0,25
12/22/2011,TTN,NJ,AEA,EN,Federal Contract Tower,0,14,21,2,37,0,0,92,1,93,0,14,113,3,130,95,2,97,227
12/23/2011,TTN,NJ,AEA,EN,Federal Contract Tower,0,6,19,0,25,0,0,36,0,36,0,6,55,0,61,52,0,52,113
12/24/2011,TTN,NJ,AEA,EN,Federal Contract Tower,0,7,8,0,15,0,0,43,0,43,0,7,51,0,58,53,0,53,111
12/25/2011,TTN,NJ,AEA,EN,Federal Contract Tower,0,5,12,0,17,0,0,3,0,3,0,5,15,0,20,0,0,0,20
12/26/2011,TTN,NJ,AEA,EN,Federal Contract Tower,0,11,33,0,44,0,0,50,0,50,0,11,83,0,94,67,0,67,161
12/27/2011,TTN,NJ,AEA,EN,Federal Contract Tower,0,8,15,0,23,0,0,20,0,20,0,8,35,0,43,16,0,16,59
12/28/2011,TTN,NJ,AEA,EN,Federal Contract Tower,0,13,13,0,26,0,0,13,1,14,0,13,26,1,40,4,1,5,45
12/29/2011,TTN,NJ,AEA,EN,Federal Contract Tower,0,15,22,0,37,0,0,47,0,47,0,15,69,0,84,74,0,74,158
12/30/2011,TTN,NJ,AEA,EN,Federal Contract Tower,0,5,16,0,21,0,0,73,4,77,0,5,89,4,98,185,1,186,284
12/31/2011,TTN,NJ,AEA,EN,Federal Contract Tower,0,4,12,0,16,0,0,57,0,57,0,4,69,0,73,107,0,107,180
01/01/2012,TTN,NJ,AEA,EN,Federal Contract Tower,0,7,9,0,16,0,0,32,0,32,0,7,41,0,48,35,0,35,83
01/02/2012,TTN,NJ,AEA,EN,Federal Contract Tower,0,8,26,0,34,0,0,27,0,27,0,8,53,0,61,8,8,16,77
01/03/2012,TTN,NJ,AEA,EN,Federal Contract Tower,0,14,16,0,30,0,0,48,0,48,0,14,64,0,78,27,0,27,105
01/04/2012,TTN,NJ,AEA,EN,Federal Contract Tower,0,13,13,0,26,0,0,53,0,53,0,13,66,0,79,85,4,89,168
01/05/2012,TTN,NJ,AEA,EN,Federal Contract Tower,0,20,16,0,36,0,0,68,0,68,0,20,84,0,104,56,0,56,160
01/06/2012,TTN,NJ,AEA,EN,Federal Contract Tower,0,12,20,0,32,0,0,83,4,87,0,12,103,4,119,110,0,110,229
01/07/2012,TTN,NJ,AEA,EN,Federal Contract Tower,0,7,15,0,22,0,0,118,2,120,0,7,133,2,142,190,0,190,332
01/08/2012,TTN,NJ,AEA,EN,Federal Contract Tower,0,10,26,0,36,0,0,81,0,81,0,10,107,0,117,140,0,140,257
01/09/2012,TTN,NJ,AEA,EN,Federal Contract Tower,0,8,15,1,24,0,0,78,2,80,0,8,93,3,104,118,0,118,222
01/10/2012,TTN,NJ,AEA,EN,Federal Contract Tower,0,10,21,0,31,0,0,94,5,99,0,10,115,5,130,96,0,96,226
01/11/2012,TTN,NJ,AEA,EN,Federal Contract Tower,0,23,21,0,44,0,0,78,8,86,0,23,99,8,130,85,0,85,215
01/12/2012,TTN,NJ,AEA,EN,Federal Contract Tower,0,10,28,0,38,0,0,0,0,0,0,10,28,0,38,0,0,0,38
01/13/2012,TTN,NJ,AEA,EN,Federal Contract Tower,0,13,13,0,26,0,1,42,0,43,0,14,55,0,69,0,0,0,69
01/14/2012,TTN,NJ,AEA,EN,Federal Contract Tower,0,8,15,0,23,0,0,61,0,61,0,8,76,0,84,92,0,92,176
01/15/2012,TTN,NJ,AEA,EN,Federal Contract Tower,0,11,5,0,16,0,0,66,0,66,0,11,71,0,82,69,0,69,151
01/16/2012,TTN,NJ,AEA,EN,Federal Contract Tower,0,15,41,0,56,0,0,87,0,87,0,15,128,0,143,94,0,94,237
01/17/2012,TTN,NJ,AEA,EN,Federal Contract Tower,0,11,22,0,33,0,0,23,0,23,0,11,45,0,56,8,0,8,64
01/18/2012,TTN,NJ,AEA,EN,Federal Contract Tower,0,15,25,1,41,0,0,88,3,91,0,15,113,4,132,27,0,27,159
01/19/2012,TTN,NJ,AEA,EN,Federal Contract Tower,0,21,28,0,49,0,0,50,2,52,0,21,78,2,101,119,5,124,225
01/20/2012,TTN,NJ,AEA,EN,Federal Contract Tower,0,28,23,0,51,0,0,78,20,98,0,28,101,20,149,165,2,167,316
01/21/2012,TTN,NJ,AEA,EN,Federal Contract Tower,0,2,7,0,9,0,0,0,0,0,0,2,7,0,9,0,0,0,9
01/22/2012,TTN,NJ,AEA,EN,Federal Contract Tower,0,12,14,0,26,0,0,32,0,32,0,12,46,0,58,84,0,84,142
01/23/2012,TTN,NJ,AEA,EN,Federal Contract Tower,0,15,22,0,37,0,0,0,0,0,0,15,22,0,37,0,0,0,37
01/24/2012,TTN,NJ,AEA,EN,Federal Contract Tower,1,5,37,0,43,0,0,105,5,110,1,5,142,5,153,98,2,100,253
01/25/2012,TTN,NJ,AEA,EN,Federal Contract Tower,0,16,25,0,41,0,0,124,2,126,0,16,149,2,167,140,0,140,307
01/26/2012,TTN,NJ,AEA,EN,Federal Contract Tower,0,19,33,0,52,0,0,37,0,37,0,19,70,0,89,49,0,49,138
01/27/2012,TTN,NJ,AEA,EN,Federal Contract Tower,0,11,27,0,38,0,0,0,0,0,0,11,27,0,38,35,0,35,73
01/28/2012,TTN,NJ,AEA,EN,Federal Contract Tower,0,6,17,0,23,0,0,94,0,94,0,6,111,0,117,122,0,122,239
01/29/2012,TTN,NJ,AEA,EN,Federal Contract Tower,0,1,13,0,14,0,0,76,0,76,0,1,89,0,90,106,0,106,196
01/30/2012,TTN,NJ,AEA,EN,Federal Contract Tower,0,9,15,0,24,0,0,69,12,81,0,9,84,12,105,61,0,61,166
01/31/2012,TTN,NJ,AEA,EN,Federal Contract Tower,0,15,28,0,43,0,0,130,12,142,0,15,158,12,185,156,0,156,341
02/01/2012,TTN,NJ,AEA,EN,Federal Contract Tower,0,9,35,4,48,0,0,87,3,90,0,9,122,7,138,131,0,131,269
02/02/2012,TTN,NJ,AEA,EN,Federal Contract Tower,0,8,33,0,41,0,0,74,1,75,0,8,107,1,116,138,0,138,254
02/03/2012,TTN,NJ,AEA,EN,Federal Contract Tower,0,9,20,0,29,0,0,147,0,147,0,9,167,0,176,110,0,110,286
02/04/2012,TTN,NJ,AEA,EN,Federal Contract Tower,0,16,9,0,25,0,0,85,0,85,0,16,94,0,110,120,0,120,230
02/05/2012,TTN,NJ,AEA,EN,Federal Contract Tower,0,7,20,1,28,0,0,120,0,120,0,7,140,1,148,171,0,171,319
02/06/2012,TTN,NJ,AEA,EN,Federal Contract Tower,0,22,27,0,49,0,1,61,0,62,0,23,88,0,111,53,3,56,167
02/07/2012,TTN,NJ,AEA,EN,Federal Contract Tower,0,11,30,0,41,0,0,119,2,121,0,11,149,2,162,148,1,149,311
02/08/2012,TTN,NJ,AEA,EN,Federal Contract Tower,0,17,23,2,42,0,0,95,0,95,0,17,118,2,137,85,0,85,222
02/09/2012,TTN,NJ,AEA,EN,Federal Contract Tower,0,18,25,2,45,0,1,78,6,85,0,19,103,8,130,148,7,155,285
02/10/2012,TTN,NJ,AEA,EN,Federal Contract Tower,0,13,25,4,42,0,0,127,2,129,0,13,152,6,171,199,0,199,370
02/11/2012,TTN,NJ,AEA,EN,Federal Contract Tower,0,7,8,2,17,0,0,11,0,11,0,7,19,2,28,2,0,2,30
02/12/2012,TTN,NJ,AEA,EN,Federal Contract Tower,0,5,12,0,17,0,0,20,0,20,0,5,32,0,37,13,0,13,50
02/13/2012,TTN,NJ,AEA,EN,Federal Contract Tower,0,16,21,1,38,0,1,78,2,81,0,17,99,3,119,74,0,74,193
02/14/2012,TTN,NJ,AEA,EN,Federal Contract Tower,0,18,27,0,45,0,0,80,1,81,0,18,107,1,126,110,0,110,236
02/15/2012,TTN,NJ,AEA,EN,Federal Contract Tower,0,20,30,2,52,0,0,97,5,102,0,20,127,7,154,129,1,130,284
02/16/2012,TTN,NJ,AEA,EN,Federal Contract Tower,0,27,28,0,55,0,0,64,1,65,0,27,92,1,120,67,1,68,188
02/17/2012,TTN,NJ,AEA,EN,Federal Contract Tower,0,18,24,0,42,0,0,94,0,94,0,18,118,0,136,123,0,123,259
02/18/2012,TTN,NJ,AEA,EN,Federal Contract Tower,0,8,14,0,22,0,0,98,0,98,0,8,112,0,120,85,0,85,205
02/19/2012,TTN,NJ,AEA,EN,Federal Contract Tower,0,6,17,0,23,0,1,90,0,91,0,7,107,0,114,159,0,159,273
02/20/2012,TTN,NJ,AEA,EN,Federal Contract Tower,0,19,30,0,49,0,1,91,0,92,0,20,121,0,141,108,0,108,249
02/21/2012,TTN,NJ,AEA,EN,Federal Contract Tower,0,11,28,2,41,0,0,105,8,113,0,11,133,10,154,119,2,121,275
02/22/2012,TTN,NJ,AEA,EN,Federal Contract Tower,0,15,21,1,37,0,0,101,2,103,0,15,122,3,140,137,0,137,277
02/23/2012,TTN,NJ,AEA,EN,Federal Contract Tower,0,24,30,0,54,0,1,51,0,52,0,25,81,0,106,61,6,67,173
02/24/2012,TTN,NJ,AEA,EN,Federal Contract Tower,0,17,32,1,50,0,0,2,0,2,0,17,34,1,52,0,0,0,52
02/25/2012,TTN,NJ,AEA,EN,Federal Contract Tower,0,6,10,2,18,0,0,10,0,10,0,6,20,2,28,1,0,1,29
02/26/2012,TTN,NJ,AEA,EN,Federal Contract Tower,0,9,16,0,25,0,0,102,0,102,0,9,118,0,127,184,0,184,311
02/27/2012,TTN,NJ,AEA,EN,Federal Contract Tower,0,12,19,1,32,0,0,78,13,91,0,12,97,14,123,78,13,91,214
02/28/2012,TTN,NJ,AEA,EN,Federal Contract Tower,0,12,35,1,48,0,0,154,9,163,0,12,189,10,211,176,0,176,387
02/29/2012,TTN,NJ,AEA,EN,Federal Contract Tower,0,17,19,0,36,0,0,17,0,17,0,17,36,0,53,23,0,23,76
03/01/2012,TTN,NJ,AEA,EN,Federal Contract Tower,0,26,36,2,64,0,0,31,2,33,0,26,67,4,97,22,0,22,119
03/02/2012,TTN,NJ,AEA,EN,Federal Contract Tower,0,27,30,0,57,0,0,72,0,72,0,27,102,0,129,66,0,66,195
03/03/2012,TTN,NJ,AEA,EN,Federal Contract Tower,0,8,17,0,25,0,0,33,0,33,0,8,50,0,58,60,0,60,118
03/04/2012,TTN,NJ,AEA,EN,Federal Contract Tower,0,8,20,0,28,0,0,83,0,83,0,8,103,0,111,225,0,225,336
03/05/2012,TTN,NJ,AEA,EN,Federal Contract Tower,0,11,20,0,31,0,0,66,0,66,0,11,86,0,97,176,0,176,273
03/06/2012,TTN,NJ,AEA,EN,Federal Contract Tower,0,14,31,0,45,0,0,119,1,120,0,14,150,1,165,204,0,204,369
03/07/2012,TTN,NJ,AEA,EN,Federal Contract Tower,0,19,27,1,47,0,0,98,1,99,0,19,125,2,146,135,0,135,281
03/08/2012,TTN,NJ,AEA,EN,Federal Contract Tower,0,22,29,1,52,0,0,49,0,49,0,22,78,1,101,2,0,2,103
03/09/2012,TTN,NJ,AEA,EN,Federal Contract Tower,0,24,22,0,46,0,1,77,3,81,0,25,99,3,127,95,1,96,223
03/10/2012,TTN,NJ,AEA,EN,Federal Contract Tower,0,5,11,0,16,0,0,81,1,82,0,5,92,1,98,158,0,158,256
03/11/2012,TTN,NJ,AEA,EN,Federal Contract Tower,0,8,19,0,27,0,0,95,0,95,0,8,114,0,122,138,0,138,260
03/12/2012,TTN,NJ,AEA,EN,Federal Contract Tower,0,12,22,0,34,0,0,110,0,110,0,12,132,0,144,87,0,87,231
03/13/2012,TTN,NJ,AEA,EN,Federal Contract Tower,0,20,41,0,61,0,0,78,1,79,0,20,119,1,140,77,0,77,217
03/14/2012,TTN,NJ,AEA,EN,Federal Contract Tower,0,18,27,0,45,0,0,141,13,154,0,18,168,13,199,140,4,144,343
03/15/2012,TTN,NJ,AEA,EN,Federal Contract Tower,0,18,50,0,68,0,0,37,2,39,0,18,87,2,107,37,0,37,144
03/16/2012,TTN,NJ,AEA,EN,Federal Contract Tower,0,14,41,0,55,0,0,22,0,22,0,14,63,0,77,0,0,0,77
03/17/2012,TTN,NJ,AEA,EN,Federal Contract Tower,0,7,23,0,30,0,0,48,0,48,0,7,71,0,78,156,0,156,234
03/18/2012,TTN,NJ,AEA,EN,Federal Contract Tower,0,12,23,0,35,0,0,30,0,30,0,12,53,0,65,109,0,109,174
03/19/2012,TTN,NJ,AEA,EN,Federal Contract Tower,0,12,25,0,37,0,1,48,2,51,0,13,73,2,88,112,0,112,200
03/20/2012,TTN,NJ,AEA,EN,Federal Contract Tower,0,15,25,0,40,0,0,48,1,49,0,15,73,1,89,78,2,80,169
03/21/2012,TTN,NJ,AEA,EN,Federal Contract Tower,0,19,36,2,57,0,0,26,4,30,0,19,62,6,87,31,0,31,118
03/22/2012,TTN,NJ,AEA,EN,Federal Contract Tower,0,17,43,1,61,0,0,52,4,56,0,17,95,5,117,92,0,92,209
03/23/2012,TTN,NJ,AEA,EN,Federal Contract Tower,0,20,21,0,41,0,0,117,2,119,0,20,138,2,160,99,0,99,259
03/24/2012,TTN,NJ,AEA,EN,Federal Contract Tower,0,4,13,0,17,0,0,48,0,48,0,4,61,0,65,106,0,106,171
03/25/2012,TTN,NJ,AEA,EN,Federal Contract Tower,0,4,39,0,43,0,0,11,0,11,0,4,50,0,54,39,0,39,93
03/26/2012,TTN,NJ,AEA,EN,Federal Contract Tower,0,10,25,0,35,0,0,51,4,55,0,10,76,4,90,34,2,36,126
03/27/2012,TTN,NJ,AEA,EN,Federal Contract Tower,0,16,33,0,49,0,0,100,1,101,0,16,133,1,150,93,0,93,243
03/28/2012,TTN,NJ,AEA,EN,Federal Contract Tower,0,12,21,0,33,0,0,69,0,69,0,12,90,0,102,72,0,72,174
03/29/2012,TTN,NJ,AEA,EN,Federal Contract Tower,0,15,33,0,48,0,0,53,2,55,0,15,86,2,103,73,0,73,176
03/30/2012,TTN,NJ,AEA,EN,Federal Contract Tower,0,20,24,2,46,0,0,127,1,128,0,20,151,3,174,185,3,188,362
03/31/2012,TTN,NJ,AEA,EN,Federal Contract Tower,0,4,16,0,20,0,0,2,0,2,0,4,18,0,22,0,0,0,22
04/01/2012,TTN,NJ,AEA,EN,Federal Contract Tower,0,13,31,0,44,0,0,45,0,45,0,13,76,0,89,106,0,106,195
04/02/2012,TTN,NJ,AEA,EN,Federal Contract Tower,0,6,31,0,37,0,0,34,6,40,0,6,65,6,77,69,0,69,146
04/03/2012,TTN,NJ,AEA,EN,Federal Contract Tower,0,8,25,0,33,0,0,71,0,71,0,8,96,0,104,113,3,116,220
04/04/2012,TTN,NJ,AEA,EN,Federal Contract Tower,0,12,34,0,46,0,0,87,4,91,0,12,121,4,137,99,0,99,236
04/05/2012,TTN,NJ,AEA,EN,Federal Contract Tower,0,16,29,0,45,0,0,94,3,97,0,16,123,3,142,178,1,179,321
04/06/2012,TTN,NJ,AEA,EN,Federal Contract Tower,0,10,25,0,35,0,0,95,0,95,0,10,120,0,130,160,0,160,290
04/07/2012,TTN,NJ,AEA,EN,Federal Contract Tower,0,9,23,0,32,0,0,46,0,46,0,9,69,0,78,104,0,104,182
04/08/2012,TTN,NJ,AEA,EN,Federal Contract Tower,0,18,19,0,37,0,0,43,0,43,0,18,62,0,80,46,0,46,126
04/09/2012,TTN,NJ,AEA,EN,Federal Contract Tower,0,13,28,2,43,0,0,49,0,49,0,13,77,2,92,4,0,4,96
04/10/2012,TTN,NJ,AEA,EN,Federal Contract Tower,0,10,22,2,34,0,0,67,0,67,0,10,89,2,101,56,2,58,159
04/11/2012,TTN,NJ,AEA,EN,Federal Contract Tower,0,16,29,0,45,0,0,66,2,68,0,16,95,2,113,200,0,200,313
04/12/2012,TTN,NJ,AEA,EN,Federal Contract Tower,0,17,24,0,41,0,0,67,3,70,0,17,91,3,111,140,1,141,252
04/13/2012,TTN,NJ,AEA,EN,Federal Contract Tower,0,10,32,0,42,0,0,123,0,123,0,10,155,0,165,149,0,149,314
04/14/2012,TTN,NJ,AEA,EN,Federal Contract Tower,0,9,27,0,36,0,0,89,0,89,0,9,116,0,125,139,0,139,264
04/15/2012,TTN,NJ,AEA,EN,Federal Contract Tower,0,8,20,0,28,0,0,52,0,52,0,8,72,0,80,111,0,111,191
04/16/2012,TTN,NJ,AEA,EN,Federal Contract Tower,0,10,28,0,38,0,2,96,7,105,0,12,124,7,143,157,0,157,300
04/17/2012,TTN,NJ,AEA,EN,Federal Contract Tower,0,14,23,6,43,0,0,107,9,116,0,14,130,15,159,164,0,164,323
04/18/2012,TTN,NJ,AEA,EN,Federal Contract Tower,0,14,22,0,36,0,0,92,8,100,0,14,114,8,136,146,0,146,282
04/19/2012,TTN,NJ,AEA,EN,Federal Contract Tower,0,11,42,0,53,0,0,83,3,86,0,11,125,3,139,143,3,146,285
04/20/2012,TTN,NJ,AEA,EN,Federal Contract Tower,0,7,28,0,35,0,0,98,4,102,0,7,126,4,137,145,0,145,282
04/21/2012,TTN,NJ,AEA,EN,Federal Contract Tower,0,4,10,0,14,0,0,48,0,48,0,4,58,0,62,96,0,96,158
04/22/2012,TTN,NJ,AEA,EN,Federal Contract Tower,0,11,30,0,41,0,0,5,0,5,0,11,35,0,46,0,0,0,46
04/23/2012,TTN,NJ,AEA,EN,Federal Contract Tower,0,16,23,0,39,0,0,17,0,17,0,16,40,0,56,19,0,19,75
04/24/2012,TTN,NJ,AEA,EN,Federal Contract Tower,0,7,22,0,29,0,0,52,0,52,0,7,74,0,81,24,0,24,105
04/25/2012,TTN,NJ,AEA,EN,Federal Contract Tower,0,13,34,0,47,0,0,126,3,129,0,13,160,3,176,139,0,139,315
04/26/2012,TTN,NJ,AEA,EN,Federal Contract Tower,0,16,49,0,65,0,0,50,0,50,0,16,99,0,115,48,1,49,164
04/27/2012,TTN,NJ,AEA,EN,Federal Contract Tower,0,24,32,0,56,0,0,76,0,76,0,24,108,0,132,61,0,61,193
04/28/2012,TTN,NJ,AEA,EN,Federal Contract Tower,0,2,17,0,19,0,0,106,1,107,0,2,123,1,126,180,0,180,306
04/29/2012,TTN,NJ,AEA,EN,Federal Contract Tower,0,21,29,0,50,0,0,100,0,100,0,21,129,0,150,113,0,113,263
04/30/2012,TTN,NJ,AEA,EN,Federal Contract Tower,0,14,36,0,50,0,0,96,9,105,0,14,132,9,155,160,0,160,315
05/01/2012,TTN,NJ,AEA,EN,Federal Contract Tower,0,8,38,0,46,0,0,63,0,63,0,8,101,0,109,72,0,72,181
05/02/2012,TTN,NJ,AEA,EN,Federal Contract Tower,0,8,41,0,49,0,0,1,0,1,0,8,42,0,50,0,0,0,50
05/03/2012,TTN,NJ,AEA,EN,Federal Contract Tower,0,22,48,0,70,0,0,7,0,7,0,22,55,0,77,8,0,8,85
05/04/2012,TTN,NJ,AEA,EN,Federal Contract Tower,0,11,28,0,39,0,0,50,2,52,0,11,78,2,91,98,0,98,189
05/05/2012,TTN,NJ,AEA,EN,Federal Contract Tower,0,8,30,0,38,0,0,22,0,22,0,8,52,0,60,30,0,30,90
05/06/2012,TTN,NJ,AEA,EN,Federal Contract Tower,0,7,32,0,39,0,0,72,0,72,0,7,104,0,111,159,0,159,270
05/07/2012,TTN,NJ,AEA,EN,Federal Contract Tower,1,4,34,0,39,0,0,92,0,92,1,4,126,0,131,130,0,130,261
05/08/2012,TTN,NJ,AEA,EN,Federal Contract Tower,3,9,27,0,39,0,0,79,0,79,3,9,106,0,118,36,0,36,154
05/09/2012,TTN,NJ,AEA,EN,Federal Contract Tower,0,18,42,0,60,0,0,10,2,12,0,18,52,2,72,24,0,24,96
05/10/2012,TTN,NJ,AEA,EN,Federal Contract Tower,0,10,24,0,34,0,0,79,9,88,0,10,103,9,122,108,0,108,230
05/11/2012,TTN,NJ,AEA,EN,Federal Contract Tower,0,7,24,0,31,0,0,109,0,109,0,7,133,0,140,100,0,100,240
05/12/2012,TTN,NJ,AEA,EN,Federal Contract Tower,0,6,12,0,18,0,0,135,0,135,0,6,147,0,153,235,0,235,388
05/13/2012,TTN,NJ,AEA,EN,Federal Contract Tower,0,10,9,0,19,0,1,57,0,58,0,11,66,0,77,80,0,80,157
05/14/2012,TTN,NJ,AEA,EN,Federal Contract Tower,0,8,26,0,34,0,0,37,1,38,0,8,63,1,72,46,0,46,118
05/15/2012,TTN,NJ,AEA,EN,Federal Contract Tower,0,12,38,0,50,0,0,13,0,13,0,12,51,0,63,26,2,28,91
05/16/2012,TTN,NJ,AEA,EN,Federal Contract Tower,0,15,23,6,44,0,0,83,3,86,0,15,106,9,130,114,0,114,244
05/17/2012,TTN,NJ,AEA,EN,Federal Contract Tower,0,17,40,5,62,0,0,107,5,112,0,17,147,10,174,224,2,226,400
05/18/2012,TTN,NJ,AEA,EN,Federal Contract Tower,0,11,22,0,33,0,0,96,3,99,0,11,118,3,132,121,0,121,253
05/19/2012,TTN,NJ,AEA,EN,Federal Contract Tower,0,6,21,0,27,0,0,88,0,88,0,6,109,0,115,88,0,88,203
05/20/2012,TTN,NJ,AEA,EN,Federal Contract Tower,0,18,13,0,31,0,0,74,0,74,0,18,87,0,105,86,0,86,191
05/21/2012,TTN,NJ,AEA,EN,Federal Contract Tower,0,13,51,1,65,0,0,0,0,0,0,13,51,1,65,0,0,0,65
05/22/2012,TTN,NJ,AEA,EN,Federal Contract Tower,0,8,41,3,52,0,0,55,0,55,0,8,96,3,107,74,0,74,181
05/23/2012,TTN,NJ,AEA,EN,Federal Contract Tower,0,13,36,0,49,0,0,59,3,62,0,13,95,3,111,77,0,77,188
05/24/2012,TTN,NJ,AEA,EN,Federal Contract Tower,0,12,41,3,56,0,0,34,0,34,0,12,75,3,90,26,0,26,116
05/25/2012,TTN,NJ,AEA,EN,Federal Contract Tower,0,13,47,0,60,0,0,37,0,37,0,13,84,0,97,36,0,36,133
05/26/2012,TTN,NJ,AEA,EN,Federal Contract Tower,0,4,21,0,25,0,0,56,0,56,0,4,77,0,81,110,0,110,191
05/27/2012,TTN,NJ,AEA,EN,Federal Contract Tower,0,19,18,0,37,0,0,9,0,9,0,19,27,0,46,57,0,57,103
05/28/2012,TTN,NJ,AEA,EN,Federal Contract Tower,0,10,22,0,32,0,0,100,2,102,0,10,122,2,134,108,0,108,242
05/29/2012,TTN,NJ,AEA,EN,Federal Contract Tower,0,15,22,0,37,0,0,61,5,66,0,15,83,5,103,49,0,49,152
05/30/2012,TTN,NJ,AEA,EN,Federal Contract Tower,0,12,26,3,41,0,0,119,3,122,0,12,145,6,163,190,2,192,355
05/31/2012,TTN,NJ,AEA,EN,Federal Contract Tower,0,23,41,2,66,0,0,110,0,110,0,23,151,2,176,183,3,186,362
06/01/2012,TTN,NJ,AEA,EN,Federal Contract Tower,0,15,18,0,33,0,0,82,0,82,0,15,100,0,115,67,0,67,182
06/02/2012,TTN,NJ,AEA,EN,Federal Contract Tower,0,21,26,0,47,0,0,60,0,60,0,21,86,0,107,92,0,92,199
06/03/2012,TTN,NJ,AEA,EN,Federal Contract Tower,0,17,20,0,37,0,1,62,0,63,0,18,82,0,100,104,0,104,204
06/04/2012,TTN,NJ,AEA,EN,Federal Contract Tower,0,12,28,0,40,0,0,36,0,36,0,12,64,0,76,16,0,16,92
06/05/2012,TTN,NJ,AEA,EN,Federal Contract Tower,0,16,39,0,55,0,0,83,3,86,0,16,122,3,141,132,0,132,273
06/06/2012,TTN,NJ,AEA,EN,Federal Contract Tower,0,16,31,1,48,0,0,98,7,105,0,16,129,8,153,136,0,136,289
06/07/2012,TTN,NJ,AEA,EN,Federal Contract Tower,0,14,32,0,46,0,0,65,8,73,0,14,97,8,119,109,2,111,230
06/08/2012,TTN,NJ,AEA,EN,Federal Contract Tower,0,17,35,0,52,0,0,122,1,123,0,17,157,1,175,207,1,208,383
06/09/2012,TTN,NJ,AEA,EN,Federal Contract Tower,0,1,15,0,16,0,0,89,5,94,0,1,104,5,110,77,2,79,189
06/10/2012,TTN,NJ,AEA,EN,Federal Contract Tower,0,5,33,1,39,0,0,89,1,90,0,5,122,2,129,74,0,74,203
06/11/2012,TTN,NJ,AEA,EN,Federal Contract Tower,0,12,34,0,46,0,0,90,2,92,0,12,124,2,138,216,0,216,354
06/12/2012,TTN,NJ,AEA,EN,Federal Contract Tower,0,16,42,2,60,0,0,12,5,17,0,16,54,7,77,0,0,0,77
06/13/2012,TTN,NJ,AEA,EN,Federal Contract Tower,0,19,37,0,56,0,0,89,2,91,0,19,126,2,147,111,0,111,258
06/14/2012,TTN,NJ,AEA,EN,Federal Contract Tower,0,22,33,0,55,0,0,84,10,94,0,22,117,10,149,140,0,140,289
06/15/2012,TTN,NJ,AEA,EN,Federal Contract Tower,0,15,27,0,42,0,0,138,8,146,0,15,165,8,188,155,2,157,345
06/16/2012,TTN,NJ,AEA,EN,Federal Contract Tower,0,6,18,0,24,0,0,111,0,111,0,6,129,0,135,110,0,110,245
06/17/2012,TTN,NJ,AEA,EN,Federal Contract Tower,0,14,32,0,46,0,0,69,0,69,0,14,101,0,115,98,0,98,213
06/18/2012,TTN,NJ,AEA,EN,Federal Contract Tower,0,5,36,1,42,0,0,86,4,90,0,5,122,5,132,85,1,86,218
06/19/2012,TTN,NJ,AEA,EN,Federal Contract Tower,0,24,27,0,51,0,0,99,6,105,0,24,126,6,156,164,4,168,324
06/20/2012,TTN,NJ,AEA,EN,Federal Contract Tower,0,10,26,0,36,0,0,82,5,87,0,10,108,5,123,131,0,131,254
06/21/2012,TTN,NJ,AEA,EN,Federal Contract Tower,0,11,31,0,42,0,0,102,0,102,0,11,133,0,144,63,0,63,207
06/22/2012,TTN,NJ,AEA,EN,Federal Contract Tower,0,13,20,1,34,0,0,72,6,78,0,13,92,7,112,94,5,99,211
06/23/2012,TTN,NJ,AEA,EN,Federal Contract Tower,0,6,19,1,26,0,0,107,0,107,0,6,126,1,133,216,0,216,349
06/24/2012,TTN,NJ,AEA,EN,Federal Contract Tower,0,3,32,0,35,0,0,106,1,107,0,3,138,1,142,151,0,151,293
06/25/2012,TTN,NJ,AEA,EN,Federal Contract Tower,0,7,14,0,21,0,0,40,10,50,0,7,54,10,71,76,0,76,147
06/26/2012,TTN,NJ,AEA,EN,Federal Contract Tower,0,14,28,3,45,0,0,92,2,94,0,14,120,5,139,65,0,65,204
06/27/2012,TTN,NJ,AEA,EN,Federal Contract Tower,0,13,36,2,51,0,0,123,6,129,0,13,159,8,180,201,0,201,381
06/28/2012,TTN,NJ,AEA,EN,Federal Contract Tower,0,16,35,2,53,0,0,77,2,79,0,16,112,4,132,93,0,93,225
06/29/2012,TTN,NJ,AEA,EN,Federal Contract Tower,0,9,17,0,26,0,0,108,4,112,0,9,125,4,138,174,1,175,313
06/30/2012,TTN,NJ,AEA,EN,Federal Contract Tower,0,6,11,0,17,0,0,92,0,92,0,6,103,0,109,123,0,123,232
07/01/2012,TTN,NJ,AEA,EN,Federal Contract Tower,0,3,19,0,22,0,0,43,2,45,0,3,62,2,67,81,0,81,148
07/02/2012,TTN,NJ,AEA,EN,Federal Contract Tower,0,10,20,0,30,0,0,61,2,63,0,10,81,2,93,95,2,97,190
07/03/2012,TTN,NJ,AEA,EN,Federal Contract Tower,0,7,11,0,18,0,1,104,0,105,0,8,115,0,123,179,0,179,302
07/04/2012,TTN,NJ,AEA,EN,Federal Contract Tower,0,2,13,0,15,0,0,39,0,39,0,2,52,0,54,55,0,55,109
07/05/2012,TTN,NJ,AEA,EN,Federal Contract Tower,0,3,23,2,28,0,0,61,1,62,0,3,84,3,90,46,1,47,137
07/06/2012,TTN,NJ,AEA,EN,Federal Contract Tower,0,13,20,0,33,0,0,75,0,75,0,13,95,0,108,160,0,160,268
07/07/2012,TTN,NJ,AEA,EN,Federal Contract Tower,0,5,22,0,27,0,0,80,0,80,0,5,102,0,107,108,0,108,215
07/08/2012,TTN,NJ,AEA,EN,Federal Contract Tower,0,10,25,0,35,0,0,100,0,100,0,10,125,0,135,126,0,126,261
07/09/2012,TTN,NJ,AEA,EN,Federal Contract Tower,0,13,16,0,29,0,5,80,0,85,0,18,96,0,114,73,0,73,187
07/10/2012,TTN,NJ,AEA,EN,Federal Contract Tower,0,8,27,3,38,0,0,115,7,122,0,8,142,10,160,121,0,121,281
07/11/2012,TTN,NJ,AEA,EN,Federal Contract Tower,0,9,22,0,31,0,0,100,6,106,0,9,122,6,137,118,0,118,255
07/12/2012,TTN,NJ,AEA,EN,Federal Contract Tower,0,17,27,0,44,0,0,113,6,119,0,17,140,6,163,134,0,134,297
07/13/2012,TTN,NJ,AEA,EN,Federal Contract Tower,0,6,19,0,25,0,0,102,3,105,0,6,121,3,130,97,0,97,227
07/14/2012,TTN,NJ,AEA,EN,Federal Contract Tower,0,2,11,1,14,0,0,92,2,94,0,2,103,3,108,133,0,133,241
07/15/2012,TTN,NJ,AEA,EN,Federal Contract Tower,0,7,23,0,30,0,0,40,0,40,0,7,63,0,70,98,0,98,168
07/16/2012,TTN,NJ,AEA,EN,Federal Contract Tower,0,12,20,1,33,0,0,104,1,105,0,12,124,2,138,97,0,97,235
07/17/2012,TTN,NJ,AEA,EN,Federal Contract Tower,0,14,18,0,32,0,0,109,7,116,0,14,127,7,148,0,56,56,204
07/18/2012,TTN,NJ,AEA,EN,Federal Contract Tower,0,11,19,0,30,0,0,66,2,68,0,11,85,2,98,30,0,30,128
07/19/2012,TTN,NJ,AEA,EN,Federal Contract Tower,0,17,37,0,54,0,0,51,2,53,0,17,88,2,107,86,0,86,193
07/20/2012,TTN,NJ,AEA,EN,Federal Contract Tower,0,22,47,4,73,0,0,16,0,16,0,22,63,4,89,12,0,12,101
07/21/2012,TTN,NJ,AEA,EN,Federal Contract Tower,0,5,27,0,32,0,0,104,0,104,0,5,131,0,136,114,0,114,250
07/22/2012,TTN,NJ,AEA,EN,Federal Contract Tower,0,10,32,0,42,0,0,110,0,110,0,10,142,0,152,154,0,154,306
07/23/2012,TTN,NJ,AEA,EN,Federal Contract Tower,0,9,40,2,51,0,0,68,5,73,0,9,108,7,124,83,0,83,207
07/24/2012,TTN,NJ,AEA,EN,Federal Contract Tower,0,10,40,0,50,0,0,112,13,125,0,10,152,13,175,37,0,37,212
07/25/2012,TTN,NJ,AEA,EN,Federal Contract Tower,0,12,22,0,34,0,0,110,7,117,0,12,132,7,151,166,12,178,329
07/26/2012,TTN,NJ,AEA,EN,Federal Contract Tower,0,15,21,0,36,0,0,58,1,59,0,15,79,1,95,111,0,111,206
07/27/2012,TTN,NJ,AEA,EN,Federal Contract Tower,0,15,34,0,49,0,0,97,6,103,0,15,131,6,152,106,0,106,258
07/28/2012,TTN,NJ,AEA,EN,Federal Contract Tower,0,2,25,0,27,0,0,38,2,40,0,2,63,2,67,44,0,44,111
07/29/2012,TTN,NJ,AEA,EN,Federal Contract Tower,0,1,26,0,27,0,0,36,0,36,0,1,62,0,63,51,0,51,114
07/30/2012,TTN,NJ,AEA,EN,Federal Contract Tower,0,9,27,2,38,0,0,66,4,70,0,9,93,6,108,71,2,73,181
07/31/2012,TTN,NJ,AEA,EN,Federal Contract Tower,0,17,44,2,63,0,0,88,4,92,0,17,132,6,155,83,0,83,238
08/01/2012,TTN,NJ,AEA,EN,Federal Contract Tower,0,6,31,1,38,0,0,17,2,19,0,6,48,3,57,5,0,5,62
08/02/2012,TTN,NJ,AEA,EN,Federal Contract Tower,0,15,27,1,43,0,0,71,2,73,0,15,98,3,116,101,0,101,217
08/03/2012,TTN,NJ,AEA,EN,Federal Contract Tower,0,16,24,0,40,0,0,88,2,90,0,16,112,2,130,135,0,135,265
08/04/2012,TTN,NJ,AEA,EN,Federal Contract Tower,0,3,23,0,26,0,0,43,0,43,0,3,66,0,69,86,0,86,155
08/05/2012,TTN,NJ,AEA,EN,Federal Contract Tower,0,2,22,0,24,0,0,97,0,97,0,2,119,0,121,96,0,96,217
08/06/2012,TTN,NJ,AEA,EN,Federal Contract Tower,0,13,30,0,43,0,0,74,6,80,0,13,104,6,123,104,2,106,229
08/07/2012,TTN,NJ,AEA,EN,Federal Contract Tower,0,14,20,0,34,0,0,111,13,124,0,14,131,13,158,124,0,124,282
08/08/2012,TTN,NJ,AEA,EN,Federal Contract Tower,0,11,46,0,57,0,0,80,7,87,0,11,126,7,144,64,0,64,208
08/09/2012,TTN,NJ,AEA,EN,Federal Contract Tower,0,5,22,0,27,0,0,55,4,59,0,5,77,4,86,129,1,130,216
08/10/2012,TTN,NJ,AEA,EN,Federal Contract Tower,0,19,19,0,38,0,0,20,0,20,0,19,39,0,58,36,0,36,94
08/11/2012,TTN,NJ,AEA,EN,Federal Contract Tower,0,4,11,0,15,0,0,60,0,60,0,4,71,0,75,134,0,134,209
08/12/2012,TTN,NJ,AEA,EN,Federal Contract Tower,0,6,25,1,32,0,0,94,1,95,0,6,119,2,127,181,0,181,308
08/13/2012,TTN,NJ,AEA,EN,Federal Contract Tower,0,11,19,0,30,0,0,112,10,122,0,11,131,10,152,189,1,190,342
08/14/2012,TTN,NJ,AEA,EN,Federal Contract Tower,0,14,28,2,44,0,0,80,2,82,0,14,108,4,126,58,0,58,184
08/15/2012,TTN,NJ,AEA,EN,Federal Contract Tower,0,11,28,0,39,0,0,92,0,92,0,11,120,0,131,101,0,101,232
08/16/2012,TTN,NJ,AEA,EN,Federal Contract Tower,0,12,28,0,40,0,0,97,3,100,0,12,125,3,140,149,7,156,296
08/17/2012,TTN,NJ,AEA,EN,Federal Contract Tower,0,8,29,2,39,0,0,68,1,69,0,8,97,3,108,121,0,121,229
08/18/2012,TTN,NJ,AEA,EN,Federal Contract Tower,0,1,22,2,25,0,0,80,2,82,0,1,102,4,107,91,24,115,222
08/19/2012,TTN,NJ,AEA,EN,Federal Contract Tower,0,2,19,0,21,0,0,86,0,86,0,2,105,0,107,116,0,116,223
08/20/2012,TTN,NJ,AEA,EN,Federal Contract Tower,0,9,24,2,35,0,10,74,0,84,0,19,98,2,119,62,0,62,181
08/21/2012,TTN,NJ,AEA,EN,Federal Contract Tower,0,7,35,3,45,0,0,103,7,110,0,7,138,10,155,136,10,146,301
08/22/2012,TTN,NJ,AEA,EN,Federal Contract Tower,0,18,22,3,43,0,0,91,9,100,0,18,113,12,143,127,0,127,270
08/23/2012,TTN,NJ,AEA,EN,Federal Contract Tower,0,17,18,0,35,0,0,109,8,117,0,17,127,8,152,141,4,145,297
08/24/2012,TTN,NJ,AEA,EN,Federal Contract Tower,0,15,25,2,42,0,0,106,6,112,0,15,131,8,154,140,1,141,295
08/25/2012,TTN,NJ,AEA,EN,Federal Contract Tower,0,13,26,0,39,0,0,61,0,61,0,13,87,0,100,164,0,164,264
08/26/2012,TTN,NJ,AEA,EN,Federal Contract Tower,0,8,24,1,33,0,0,58,0,58,0,8,82,1,91,111,0,111,202
08/27/2012,TTN,NJ,AEA,EN,Federal Contract Tower,0,10,24,2,36,0,0,21,7,28,0,10,45,9,64,5,0,5,69
08/28/2012,TTN,NJ,AEA,EN,Federal Contract Tower,0,12,23,2,37,0,0,68,15,83,0,12,91,17,120,78,0,78,198
08/29/2012,TTN,NJ,AEA,EN,Federal Contract Tower,0,10,23,2,35,0,0,123,5,128,0,10,146,7,163,117,0,117,280
08/30/2012,TTN,NJ,AEA,EN,Federal Contract Tower,0,10,20,2,32,0,0,69,4,73,0,10,89,6,105,173,8,181,286
08/31/2012,TTN,NJ,AEA,EN,Federal Contract Tower,0,11,26,0,37,0,0,83,0,83,0,11,109,0,120,159,0,159,279
09/01/2012,TTN,NJ,AEA,EN,Federal Contract Tower,0,6,14,0,20,0,0,61,0,61,0,6,75,0,81,219,0,219,300
09/02/2012,TTN,NJ,AEA,EN,Federal Contract Tower,0,6,25,2,33,0,0,57,0,57,0,6,82,2,90,126,0,126,216
09/03/2012,TTN,NJ,AEA,EN,Federal Contract Tower,0,17,35,0,52,0,0,23,0,23,0,17,58,0,75,6,0,6,81
09/04/2012,TTN,NJ,AEA,EN,Federal Contract Tower,0,9,37,0,46,0,0,12,0,12,0,9,49,0,58,8,4,12,70
09/05/2012,TTN,NJ,AEA,EN,Federal Contract Tower,0,6,20,0,26,0,0,51,0,51,0,6,71,0,77,75,0,75,152
09/06/2012,TTN,NJ,AEA,EN,Federal Contract Tower,0,11,25,2,38,0,0,90,2,92,0,11,115,4,130,119,0,119,249
09/07/2012,TTN,NJ,AEA,EN,Federal Contract Tower,0,14,36,4,54,0,0,117,3,120,0,14,153,7,174,158,5,163,337
09/08/2012,TTN,NJ,AEA,EN,Federal Contract Tower,0,5,17,0,22,0,0,16,0,16,0,5,33,0,38,70,0,70,108
09/09/2012,TTN,NJ,AEA,EN,Federal Contract Tower,0,5,25,0,30,0,0,112,0,112,0,5,137,0,142,158,0,158,300
09/10/2012,TTN,NJ,AEA,EN,Federal Contract Tower,0,17,23,0,40,0,0,94,7,101,0,17,117,7,141,126,2,128,269
09/11/2012,TTN,NJ,AEA,EN,Federal Contract Tower,0,10,33,0,43,0,0,139,9,148,0,10,172,9,191,205,0,205,396
09/12/2012,TTN,NJ,AEA,EN,Federal Contract Tower,0,13,17,0,30,0,0,125,4,129,0,13,142,4,159,192,0,192,351
09/13/2012,TTN,NJ,AEA,EN,Federal Contract Tower,0,18,25,0,43,0,0,88,3,91,0,18,113,3,134,205,4,209,343
09/14/2012,TTN,NJ,AEA,EN,Federal Contract Tower,0,12,27,0,39,0,0,116,8,124,0,12,143,8,163,206,0,206,369
09/15/2012,TTN,NJ,AEA,EN,Federal Contract Tower,0,4,8,0,12,0,2,78,0,80,0,6,86,0,92,102,0,102,194
09/16/2012,TTN,NJ,AEA,EN,Federal Contract Tower,0,7,17,0,24,0,0,87,0,87,0,7,104,0,111,151,0,151,262
09/17/2012,TTN,NJ,AEA,EN,Federal Contract Tower,0,8,20,0,28,0,0,110,0,110,0,8,130,0,138,169,0,169,307
09/18/2012,TTN,NJ,AEA,EN,Federal Contract Tower,0,8,18,0,26,0,0,17,0,17,0,8,35,0,43,0,0,0,43
09/19/2012,TTN,NJ,AEA,EN,Federal Contract Tower,0,11,35,0,46,0,0,124,5,129,0,11,159,5,175,190,0,190,365
09/20/2012,TTN,NJ,AEA,EN,Federal Contract Tower,0,6,27,2,35,0,0,98,9,107,0,6,125,11,142,188,4,192,334
09/21/2012,TTN,NJ,AEA,EN,Federal Contract Tower,0,14,33,0,47,0,0,95,4,99,0,14,128,4,146,144,0,144,290
09/22/2012,TTN,NJ,AEA,EN,Federal Contract Tower,0,14,22,0,36,0,0,46,0,46,0,14,68,0,82,151,0,151,233
09/23/2012,TTN,NJ,AEA,EN,Federal Contract Tower,0,9,16,1,26,0,0,78,0,78,0,9,94,1,104,97,0,97,201
09/24/2012,TTN,NJ,AEA,EN,Federal Contract Tower,0,5,31,3,39,0,0,81,0,81,0,5,112,3,120,171,0,171,291
09/25/2012,TTN,NJ,AEA,EN,Federal Contract Tower,0,6,30,2,38,0,0,94,2,96,0,6,124,4,134,156,0,156,290
09/26/2012,TTN,NJ,AEA,EN,Federal Contract Tower,0,4,17,0,21,0,0,63,2,65,0,4,80,2,86,171,0,171,257
09/27/2012,TTN,NJ,AEA,EN,Federal Contract Tower,0,10,28,0,38,0,0,56,0,56,0,10,84,0,94,88,0,88,182
09/28/2012,TTN,NJ,AEA,EN,Federal Contract Tower,0,4,32,0,36,0,0,48,2,50,0,4,80,2,86,127,0,127,213
09/29/2012,TTN,NJ,AEA,EN,Federal Contract Tower,0,1,20,0,21,0,0,77,4,81,0,1,97,4,102,167,2,169,271
09/30/2012,TTN,NJ,AEA,EN,Federal Contract Tower,0,13,17,0,30,0,0,81,1,82,0,13,98,1,112,169,0,169,281
10/01/2012,TTN,NJ,AEA,EN,Federal Contract Tower,0,8,29,2,39,0,0,86,2,88,0,8,115,4,127,93,10,103,230
10/02/2012,TTN,NJ,AEA,EN,Federal Contract Tower,0,15,40,0,55,0,0,23,2,25,0,15,63,2,80,37,0,37,117
10/03/2012,TTN,NJ,AEA,EN,Federal Contract Tower,0,6,32,2,40,0,0,6,2,8,0,6,38,4,48,0,0,0,48
10/04/2012,TTN,NJ,AEA,EN,Federal Contract Tower,0,11,41,2,54,0,0,18,4,22,0,11,59,6,76,73,14,87,163
10/05/2012,TTN,NJ,AEA,EN,Federal Contract Tower,0,21,22,0,43,0,0,141,0,141,0,21,163,0,184,182,0,182,366
10/06/2012,TTN,NJ,AEA,EN,Federal Contract Tower,0,9,14,0,23,0,0,94,6,100,0,9,108,6,123,159,0,159,282
10/07/2012,TTN,NJ,AEA,EN,Federal Contract Tower,0,11,27,0,38,0,0,33,0,33,0,11,60,0,71,89,0,89,160
10/08/2012,TTN,NJ,AEA,EN,Federal Contract Tower,0,15,29,0,44,0,0,88,0,88,0,15,117,0,132,181,0,181,313
10/09/2012,TTN,NJ,AEA,EN,Federal Contract Tower,0,16,40,4,60,0,0,26,4,30,0,16,66,8,90,24,0,24,114
10/10/2012,TTN,NJ,AEA,EN,Federal Contract Tower,0,6,45,2,53,0,0,62,2,64,0,6,107,4,117,48,0,48,165
10/11/2012,TTN,NJ,AEA,EN,Federal Contract Tower,0,5,29,3,37,0,0,123,6,129,0,5,152,9,166,235,2,237,403
10/12/2012,TTN,NJ,AEA,EN,Federal Contract Tower,0,21,28,2,51,0,0,86,17,103,0,21,114,19,154,54,0,54,208
10/13/2012,TTN,NJ,AEA,EN,Federal Contract Tower,0,11,10,0,21,0,0,133,10,143,0,11,143,10,164,294,0,294,458
10/14/2012,TTN,NJ,AEA,EN,Federal Contract Tower,0,19,21,0,40,0,0,74,0,74,0,19,95,0,114,149,0,149,263
10/15/2012,TTN,NJ,AEA,EN,Federal Contract Tower,0,4,15,0,19,0,0,43,1,44,0,4,58,1,63,12,0,12,75
10/16/2012,TTN,NJ,AEA,EN,Federal Contract Tower,0,2,38,0,40,0,0,103,14,117,0,2,141,14,157,80,0,80,237
10/17/2012,TTN,NJ,AEA,EN,Federal Contract Tower,0,8,37,0,45,0,0,118,3,121,0,8,155,3,166,157,0,157,323
10/18/2012,TTN,NJ,AEA,EN,Federal Contract Tower,0,6,55,3,64,0,0,105,2,107,0,6,160,5,171,132,2,134,305
10/19/2012,TTN,NJ,AEA,EN,Federal Contract Tower,0,19,33,0,52,0,0,15,0,15,0,19,48,0,67,0,0,0,67
10/20/2012,TTN,NJ,AEA,EN,Federal Contract Tower,0,24,16,0,40,0,0,104,0,104,0,24,120,0,144,232,0,232,376
10/21/2012,TTN,NJ,AEA,EN,Federal Contract Tower,0,12,16,0,28,0,0,91,0,91,0,12,107,0,119,194,0,194,313
10/22/2012,TTN,NJ,AEA,EN,Federal Contract Tower,0,12,20,0,32,0,0,110,5,115,0,12,130,5,147,100,0,100,247
10/23/2012,TTN,NJ,AEA,EN,Federal Contract Tower,0,4,31,4,39,0,0,102,2,104,0,4,133,6,143,128,2,130,273
10/24/2012,TTN,NJ,AEA,EN,Federal Contract Tower,0,8,44,2,54,0,0,37,2,39,0,8,81,4,93,30,0,30,123
10/25/2012,TTN,NJ,AEA,EN,Federal Contract Tower,0,15,61,2,78,0,0,7,0,7,0,15,68,2,85,18,0,18,103
10/26/2012,TTN,NJ,AEA,EN,Federal Contract Tower,0,6,41,3,50,0,0,88,8,96,0,6,129,11,146,131,4,135,281
10/27/2012,TTN,NJ,AEA,EN,Federal Contract Tower,0,8,23,0,31,0,0,66,2,68,0,8,89,2,99,137,0,137,236
10/28/2012,TTN,NJ,AEA,EN,Federal Contract Tower,0,17,24,0,41,0,0,19,0,19,0,17,43,0,60,6,0,6,66
10/29/2012,TTN,NJ,AEA,EN,Federal Contract Tower,0,0,0,0,0,0,0,0,0,0,0,0,0,0,0,0,0,0,0
10/30/2012,TTN,NJ,AEA,EN,Federal Contract Tower,0,0,0,0,0,0,0,24,22,46,0,0,24,22,46,9,0,9,55
10/31/2012,TTN,NJ,AEA,EN,Federal Contract Tower,0,6,11,0,17,0,0,39,15,54,0,6,50,15,71,18,2,20,91
11/01/2012,TTN,NJ,AEA,EN,Federal Contract Tower,0,8,18,1,27,0,0,76,19,95,0,8,94,20,122,35,2,37,159
11/02/2012,TTN,NJ,AEA,EN,Federal Contract Tower,0,6,23,1,30,0,0,71,24,95,0,6,94,25,125,62,4,66,191
11/03/2012,TTN,NJ,AEA,EN,Federal Contract Tower,0,4,12,0,16,0,0,83,21,104,0,4,95,21,120,62,1,63,183
11/04/2012,TTN,NJ,AEA,EN,Federal Contract Tower,0,6,28,0,34,0,0,121,44,165,0,6,149,44,199,124,0,124,323
11/05/2012,TTN,NJ,AEA,EN,Federal Contract Tower,0,6,14,0,20,0,0,87,2,89,0,6,101,2,109,84,3,87,196
11/06/2012,TTN,NJ,AEA,EN,Federal Contract Tower,0,12,27,0,39,0,0,126,9,135,0,12,153,9,174,170,0,170,344
11/07/2012,TTN,NJ,AEA,EN,Federal Contract Tower,0,12,23,0,35,0,0,9,0,9,0,12,32,0,44,10,0,10,54
11/08/2012,TTN,NJ,AEA,EN,Federal Contract Tower,0,0,27,0,27,0,0,56,10,66,0,0,83,10,93,60,0,60,153
11/09/2012,TTN,NJ,AEA,EN,Federal Contract Tower,0,9,30,0,39,0,0,101,10,111,0,9,131,10,150,198,4,202,352
11/10/2012,TTN,NJ,AEA,EN,Federal Contract Tower,0,2,17,0,19,0,0,109,0,109,0,2,126,0,128,202,0,202,330
11/11/2012,TTN,NJ,AEA,EN,Federal Contract Tower,0,8,38,0,46,0,0,121,0,121,0,8,159,0,167,113,0,113,280
11/12/2012,TTN,NJ,AEA,EN,Federal Contract Tower,0,7,27,1,35,0,0,106,0,106,0,7,133,1,141,70,0,70,211
11/13/2012,TTN,NJ,AEA,EN,Federal Contract Tower,0,4,23,1,28,0,0,85,0,85,0,4,108,1,113,70,0,70,183
11/14/2012,TTN,NJ,AEA,EN,Federal Contract Tower,0,7,30,1,38,0,0,135,6,141,0,7,165,7,179,178,2,180,359
11/15/2012,TTN,NJ,AEA,EN,Federal Contract Tower,2,12,44,0,58,0,0,87,1,88,2,12,131,1,146,144,0,144,290
11/16/2012,TTN,NJ,AEA,EN,Federal Contract Tower,2,17,30,1,50,0,0,101,1,102,2,17,131,2,152,142,0,142,294
11/17/2012,TTN,NJ,AEA,EN,Federal Contract Tower,0,11,20,0,31,0,0,107,2,109,0,11,127,2,140,209,0,209,349
11/18/2012,TTN,NJ,AEA,EN,Federal Contract Tower,0,10,18,1,29,0,0,81,0,81,0,10,99,1,110,183,0,183,293
11/19/2012,TTN,NJ,AEA,EN,Federal Contract Tower,2,6,18,0,26,0,0,78,8,86,2,6,96,8,112,100,10,110,222
11/20/2012,TTN,NJ,AEA,EN,Federal Contract Tower,0,6,43,0,49,0,0,134,8,142,0,6,177,8,191,72,4,76,267
11/21/2012,TTN,NJ,AEA,EN,Federal Contract Tower,0,12,22,2,36,0,0,67,1,68,0,12,89,3,104,84,0,84,188
11/22/2012,TTN,NJ,AEA,EN,Federal Contract Tower,0,8,1,0,9,0,0,31,0,31,0,8,32,0,40,44,0,44,84
11/23/2012,TTN,NJ,AEA,EN,Federal Contract Tower,2,4,4,1,11,0,0,60,0,60,2,4,64,1,71,54,0,54,125
11/24/2012,TTN,NJ,AEA,EN,Federal Contract Tower,0,11,16,0,27,0,0,55,0,55,0,11,71,0,82,93,0,93,175
11/25/2012,TTN,NJ,AEA,EN,Federal Contract Tower,0,11,27,0,38,0,0,75,0,75,0,11,102,0,113,136,0,136,249
11/26/2012,TTN,NJ,AEA,EN,Federal Contract Tower,2,8,32,0,42,0,0,112,6,118,2,8,144,6,160,107,0,107,267
11/27/2012,TTN,NJ,AEA,EN,Federal Contract Tower,0,13,28,2,43,0,0,0,0,0,0,13,28,2,43,0,0,0,43
11/28/2012,TTN,NJ,AEA,EN,Federal Contract Tower,0,8,45,3,56,0,0,0,0,0,0,8,45,3,56,106,0,106,162
11/29/2012,TTN,NJ,AEA,EN,Federal Contract Tower,0,5,44,1,50,0,0,84,12,96,0,5,128,13,146,107,2,109,255
11/30/2012,TTN,NJ,AEA,EN,Federal Contract Tower,2,4,24,2,32,0,0,63,0,63,2,4,87,2,95,76,0,76,171
12/01/2012,TTN,NJ,AEA,EN,Federal Contract Tower,0,1,9,2,12,0,0,29,4,33,0,1,38,6,45,28,0,28,73
12/02/2012,TTN,NJ,AEA,EN,Federal Contract Tower,0,9,22,3,34,0,0,20,0,20,0,9,42,3,54,18,0,18,72
12/03/2012,TTN,NJ,AEA,EN,Federal Contract Tower,2,3,21,0,26,0,0,77,2,79,2,3,98,2,105,118,0,118,223
12/04/2012,TTN,NJ,AEA,EN,Federal Contract Tower,0,7,38,3,48,0,0,88,7,95,0,7,126,10,143,146,0,146,289
12/05/2012,TTN,NJ,AEA,EN,Federal Contract Tower,0,10,25,1,36,0,0,56,2,58,0,10,81,3,94,86,0,86,180
12/06/2012,TTN,NJ,AEA,EN,Federal Contract Tower,0,5,28,2,35,0,0,102,2,104,0,5,130,4,139,134,0,134,273
12/07/2012,TTN,NJ,AEA,EN,Federal Contract Tower,2,5,46,0,53,0,0,29,0,29,2,5,75,0,82,27,0,27,109
12/08/2012,TTN,NJ,AEA,EN,Federal Contract Tower,0,3,11,0,14,0,0,0,0,0,0,3,11,0,14,0,0,0,14
12/09/2012,TTN,NJ,AEA,EN,Federal Contract Tower,0,6,19,0,25,0,0,19,0,19,0,6,38,0,44,16,0,16,60
12/10/2012,TTN,NJ,AEA,EN,Federal Contract Tower,2,2,21,4,29,0,0,0,0,0,2,2,21,4,29,0,0,0,29
12/11/2012,TTN,NJ,AEA,EN,Federal Contract Tower,0,10,34,2,46,0,0,107,9,116,0,10,141,11,162,57,4,61,223
12/12/2012,TTN,NJ,AEA,EN,Federal Contract Tower,0,11,17,1,29,0,0,83,4,87,0,11,100,5,116,97,0,97,213
12/13/2012,TTN,NJ,AEA,EN,Federal Contract Tower,0,6,39,2,47,0,0,85,10,95,0,6,124,12,142,51,0,51,193
12/14/2012,TTN,NJ,AEA,EN,Federal Contract Tower,2,9,25,2,38,0,0,92,1,93,2,9,117,3,131,82,0,82,213
12/15/2012,TTN,NJ,AEA,EN,Federal Contract Tower,0,0,18,0,18,0,0,90,0,90,0,0,108,0,108,179,0,179,287
12/16/2012,TTN,NJ,AEA,EN,Federal Contract Tower,0,8,19,0,27,0,0,13,0,13,0,8,32,0,40,86,0,86,126
12/17/2012,TTN,NJ,AEA,EN,Federal Contract Tower,2,8,23,2,35,0,0,0,0,0,2,8,23,2,35,0,0,0,35
12/18/2012,TTN,NJ,AEA,EN,Federal Contract Tower,0,3,25,3,31,0,0,45,2,47,0,3,70,5,78,24,4,28,106
12/19/2012,TTN,NJ,AEA,EN,Federal Contract Tower,0,8,21,2,31,0,0,80,4,84,0,8,101,6,115,79,1,80,195
12/20/2012,TTN,NJ,AEA,EN,Federal Contract Tower,0,7,19,4,30,0,0,104,8,112,0,7,123,12,142,72,1,73,215
12/21/2012,TTN,NJ,AEA,EN,Federal Contract Tower,2,8,12,0,22,0,0,19,0,19,2,8,31,0,41,2,0,2,43
12/22/2012,TTN,NJ,AEA,EN,Federal Contract Tower,0,4,14,0,18,0,0,3,0,3,0,4,17,0,21,20,0,20,41
12/23/2012,TTN,NJ,AEA,EN,Federal Contract Tower,0,3,14,0,17,0,2,85,0,87,0,5,99,0,104,65,0,65,169
12/24/2012,TTN,NJ,AEA,EN,Federal Contract Tower,2,0,7,0,9,0,0,37,0,37,2,0,44,0,46,50,0,50,96
12/25/2012,TTN,NJ,AEA,EN,Federal Contract Tower,0,4,6,0,10,0,0,12,0,12,0,4,18,0,22,4,0,4,26
12/26/2012,TTN,NJ,AEA,EN,Federal Contract Tower,0,17,20,0,37,0,0,8,0,8,0,17,28,0,45,16,0,16,61
12/27/2012,TTN,NJ,AEA,EN,Federal Contract Tower,0,8,8,0,16,0,0,10,1,11,0,8,18,1,27,10,0,10,37
12/28/2012,TTN,NJ,AEA,EN,Federal Contract Tower,2,10,9,0,21,0,0,69,8,77,2,10,78,8,98,108,0,108,206
12/29/2012,TTN,NJ,AEA,EN,Federal Contract Tower,0,2,9,0,11,0,0,7,0,7,0,2,16,0,18,16,0,16,34
12/30/2012,TTN,NJ,AEA,EN,Federal Contract Tower,0,6,3,0,9,0,0,16,2,18,0,6,19,2,27,18,0,18,45
12/31/2012,TTN,NJ,AEA,EN,Federal Contract Tower,2,0,9,0,11,0,0,55,0,55,2,0,64,0,66,88,0,88,154
01/01/2013,TTN,NJ,AEA,EN,Federal Contract Tower,0,3,17,0,20,0,0,17,0,17,0,3,34,0,37,8,0,8,45
01/02/2013,TTN,NJ,AEA,EN,Federal Contract Tower,0,9,26,0,35,0,3,65,2,70,0,12,91,2,105,114,0,114,219
01/03/2013,TTN,NJ,AEA,EN,Federal Contract Tower,0,9,18,4,31,0,0,64,4,68,0,9,82,8,99,89,0,89,188
01/04/2013,TTN,NJ,AEA,EN,Federal Contract Tower,2,5,13,2,22,0,0,51,0,51,2,5,64,2,73,38,0,38,111
01/05/2013,TTN,NJ,AEA,EN,Federal Contract Tower,0,3,15,2,20,0,0,101,0,101,0,3,116,2,121,213,0,213,334
01/06/2013,TTN,NJ,AEA,EN,Federal Contract Tower,0,9,19,0,28,0,0,78,0,78,0,9,97,0,106,104,0,104,210
01/07/2013,TTN,NJ,AEA,EN,Federal Contract Tower,2,5,12,1,20,0,0,70,4,74,2,5,82,5,94,80,0,80,174
01/08/2013,TTN,NJ,AEA,EN,Federal Contract Tower,0,6,21,1,28,0,0,121,9,130,0,6,142,10,158,121,4,125,283
01/09/2013,TTN,NJ,AEA,EN,Federal Contract Tower,0,7,18,0,25,0,1,112,6,119,0,8,130,6,144,89,4,93,237
01/10/2013,TTN,NJ,AEA,EN,Federal Contract Tower,0,6,30,0,36,0,2,93,9,104,0,8,123,9,140,94,3,97,237
01/11/2013,TTN,NJ,AEA,EN,Federal Contract Tower,2,2,31,0,35,0,0,56,10,66,2,2,87,10,101,45,0,45,146
01/12/2013,TTN,NJ,AEA,EN,Federal Contract Tower,0,6,14,0,20,0,0,0,0,0,0,6,14,0,20,0,0,0,20
01/13/2013,TTN,NJ,AEA,EN,Federal Contract Tower,0,0,4,0,4,0,0,0,0,0,0,0,4,0,4,0,0,0,4
01/14/2013,TTN,NJ,AEA,EN,Federal Contract Tower,2,6,20,4,32,0,0,27,14,41,2,6,47,18,73,33,32,65,138
01/15/2013,TTN,NJ,AEA,EN,Federal Contract Tower,0,2,25,2,29,0,0,65,24,89,0,2,90,26,118,44,0,44,162
01/16/2013,TTN,NJ,AEA,EN,Federal Contract Tower,0,5,20,0,25,0,0,0,0,0,0,5,20,0,25,0,0,0,25
01/17/2013,TTN,NJ,AEA,EN,Federal Contract Tower,0,11,30,1,42,0,0,105,5,110,0,11,135,6,152,96,0,96,248
01/18/2013,TTN,NJ,AEA,EN,Federal Contract Tower,2,6,22,0,30,0,0,80,0,80,2,6,102,0,110,51,0,51,161
01/19/2013,TTN,NJ,AEA,EN,Federal Contract Tower,0,5,20,0,25,0,0,99,0,99,0,5,119,0,124,127,0,127,251
01/20/2013,TTN,NJ,AEA,EN,Federal Contract Tower,0,7,10,0,17,0,0,38,0,38,0,7,48,0,55,67,0,67,122
01/21/2013,TTN,NJ,AEA,EN,Federal Contract Tower,2,4,24,0,30,0,0,68,0,68,2,4,92,0,98,142,0,142,240
01/22/2013,TTN,NJ,AEA,EN,Federal Contract Tower,0,11,22,2,35,0,0,53,18,71,0,11,75,20,106,14,2,16,122
01/23/2013,TTN,NJ,AEA,EN,Federal Contract Tower,0,2,30,4,36,0,1,45,15,61,0,3,75,19,97,61,1,62,159
01/24/2013,TTN,NJ,AEA,EN,Federal Contract Tower,0,7,26,2,35,0,0,59,8,67,0,7,85,10,102,85,0,85,187
01/25/2013,TTN,NJ,AEA,EN,Federal Contract Tower,2,7,22,0,31,0,0,50,6,56,2,7,72,6,87,103,4,107,194
01/26/2013,TTN,NJ,AEA,EN,Federal Contract Tower,0,13,17,0,30,0,0,51,0,51,0,13,68,0,81,72,0,72,153
01/27/2013,TTN,NJ,AEA,EN,Federal Contract Tower,0,2,20,4,26,0,0,77,0,77,0,2,97,4,103,219,0,219,322
01/28/2013,TTN,NJ,AEA,EN,Federal Contract Tower,0,6,12,0,18,0,0,4,0,4,0,6,16,0,22,0,0,0,22
01/29/2013,TTN,NJ,AEA,EN,Federal Contract Tower,1,17,30,0,48,0,0,56,26,82,1,17,86,26,130,36,30,66,196
01/30/2013,TTN,NJ,AEA,EN,Federal Contract Tower,1,7,17,1,26,0,0,8,6,14,1,7,25,7,40,0,0,0,40
01/31/2013,TTN,NJ,AEA,EN,Federal Contract Tower,4,4,24,0,32,0,0,28,4,32,4,4,52,4,64,2,0,2,66
02/01/2013,TTN,NJ,AEA,EN,Federal Contract Tower,4,5,16,0,25,0,0,55,0,55,4,5,71,0,80,34,0,34,114
02/02/2013,TTN,NJ,AEA,EN,Federal Contract Tower,4,1,19,0,24,0,0,99,0,99,4,1,118,0,123,200,0,200,323
02/03/2013,TTN,NJ,AEA,EN,Federal Contract Tower,4,4,17,0,25,0,0,18,0,18,4,4,35,0,43,49,0,49,92
02/04/2013,TTN,NJ,AEA,EN,Federal Contract Tower,3,10,20,0,33,0,0,69,5,74,3,10,89,5,107,63,4,67,174
02/05/2013,TTN,NJ,AEA,EN,Federal Contract Tower,4,9,24,0,37,0,0,43,8,51,4,9,67,8,88,80,2,82,170
02/06/2013,TTN,NJ,AEA,EN,Federal Contract Tower,4,3,40,0,47,0,0,95,8,103,4,3,135,8,150,116,6,122,272
02/07/2013,TTN,NJ,AEA,EN,Federal Contract Tower,4,2,16,4,26,0,0,72,8,80,4,2,88,12,106,143,2,145,251
02/08/2013,TTN,NJ,AEA,EN,Federal Contract Tower,3,5,6,0,14,0,0,0,0,0,3,5,6,0,14,0,0,0,14
02/09/2013,TTN,NJ,AEA,EN,Federal Contract Tower,4,3,7,0,14,0,0,18,0,18,4,3,25,0,32,2,0,2,34
02/10/2013,TTN,NJ,AEA,EN,Federal Contract Tower,3,4,18,2,27,0,0,115,0,115,3,4,133,2,142,202,0,202,344
02/11/2013,TTN,NJ,AEA,EN,Federal Contract Tower,2,1,19,0,22,0,0,2,0,2,2,1,21,0,24,0,0,0,24
02/12/2013,TTN,NJ,AEA,EN,Federal Contract Tower,4,5,51,2,62,0,0,86,16,102,4,5,137,18,164,80,10,90,254
02/13/2013,TTN,NJ,AEA,EN,Federal Contract Tower,4,5,30,2,41,0,0,73,5,78,4,5,103,7,119,133,0,133,252
02/14/2013,TTN,NJ,AEA,EN,Federal Contract Tower,4,10,24,3,41,0,0,74,5,79,4,10,98,8,120,79,0,79,199
02/15/2013,TTN,NJ,AEA,EN,Federal Contract Tower,4,3,36,1,44,0,0,78,0,78,4,3,114,1,122,104,0,104,226
02/16/2013,TTN,NJ,AEA,EN,Federal Contract Tower,4,2,17,0,23,0,0,54,0,54,4,2,71,0,77,145,0,145,222
02/17/2013,TTN,NJ,AEA,EN,Federal Contract Tower,4,10,6,0,20,0,0,27,0,27,4,10,33,0,47,15,0,15,62
02/18/2013,TTN,NJ,AEA,EN,Federal Contract Tower,3,10,27,2,42,0,0,74,0,74,3,10,101,2,116,84,0,84,200
02/19/2013,TTN,NJ,AEA,EN,Federal Contract Tower,3,5,24,2,34,0,0,43,0,43,3,5,67,2,77,32,0,32,109
02/20/2013,TTN,NJ,AEA,EN,Federal Contract Tower,4,13,30,1,48,0,0,52,6,58,4,13,82,7,106,35,0,35,141
02/21/2013,TTN,NJ,AEA,EN,Federal Contract Tower,4,12,26,4,46,0,0,60,6,66,4,12,86,10,112,19,5,24,136
02/22/2013,TTN,NJ,AEA,EN,Federal Contract Tower,4,14,31,2,51,0,0,92,11,103,4,14,123,13,154,65,4,69,223
02/23/2013,TTN,NJ,AEA,EN,Federal Contract Tower,4,5,17,0,26,0,4,0,0,4,4,9,17,0,30,0,0,0,30
02/24/2013,TTN,NJ,AEA,EN,Federal Contract Tower,4,10,14,2,30,0,0,81,6,87,4,10,95,8,117,128,0,128,245
02/25/2013,TTN,NJ,AEA,EN,Federal Contract Tower,4,11,32,2,49,0,0,123,6,129,4,11,155,8,178,102,0,102,280
02/26/2013,TTN,NJ,AEA,EN,Federal Contract Tower,4,13,29,2,48,0,0,103,4,107,4,13,132,6,155,68,4,72,227
02/27/2013,TTN,NJ,AEA,EN,Federal Contract Tower,3,6,34,6,49,0,0,18,16,34,3,6,52,22,83,12,0,12,95
02/28/2013,TTN,NJ,AEA,EN,Federal Contract Tower,4,9,34,3,50,0,0,73,8,81,4,9,107,11,131,66,9,75,206
03/01/2013,TTN,NJ,AEA,EN,Federal Contract Tower,4,13,25,1,43,0,0,94,2,96,4,13,119,3,139,156,0,156,295
03/02/2013,TTN,NJ,AEA,EN,Federal Contract Tower,3,3,16,0,22,0,0,196,0,196,3,3,212,0,218,115,0,115,333
03/03/2013,TTN,NJ,AEA,EN,Federal Contract Tower,5,8,22,0,35,0,1,83,0,84,5,9,105,0,119,121,0,121,240
03/04/2013,TTN,NJ,AEA,EN,Federal Contract Tower,4,7,19,2,32,0,0,94,16,110,4,7,113,18,142,37,2,39,181
03/05/2013,TTN,NJ,AEA,EN,Federal Contract Tower,4,6,33,3,46,0,0,149,18,167,4,6,182,21,213,152,12,164,377
03/06/2013,TTN,NJ,AEA,EN,Federal Contract Tower,4,6,12,0,22,0,0,6,0,6,4,6,18,0,28,0,0,0,28
03/07/2013,TTN,NJ,AEA,EN,Federal Contract Tower,4,15,20,1,40,0,0,41,15,56,4,15,61,16,96,13,5,18,114
03/08/2013,TTN,NJ,AEA,EN,Federal Contract Tower,3,4,11,2,20,0,0,5,4,9,3,4,16,6,29,12,0,12,41
03/09/2013,TTN,NJ,AEA,EN,Federal Contract Tower,4,2,22,0,28,0,0,140,12,152,4,2,162,12,180,191,0,191,371
03/10/2013,TTN,NJ,AEA,EN,Federal Contract Tower,4,4,21,2,31,0,0,113,20,133,4,4,134,22,164,112,0,112,276
03/11/2013,TTN,NJ,AEA,EN,Federal Contract Tower,4,8,27,0,39,0,0,51,4,55,4,8,78,4,94,73,15,88,182
03/12/2013,TTN,NJ,AEA,EN,Federal Contract Tower,4,9,37,1,51,0,0,10,2,12,4,9,47,3,63,0,0,0,63
03/13/2013,TTN,NJ,AEA,EN,Federal Contract Tower,4,9,42,2,57,0,0,88,18,106,4,9,130,20,163,109,0,109,272
03/14/2013,TTN,NJ,AEA,EN,Federal Contract Tower,4,7,18,0,29,0,0,60,12,72,4,7,78,12,101,36,0,36,137
03/15/2013,TTN,NJ,AEA,EN,Federal Contract Tower,4,7,24,4,39,0,0,118,1,119,4,7,142,5,158,121,0,121,279
03/16/2013,TTN,NJ,AEA,EN,Federal Contract Tower,4,1,12,0,17,0,0,10,0,10,4,1,22,0,27,10,0,10,37
03/17/2013,TTN,NJ,AEA,EN,Federal Contract Tower,4,5,24,2,35,0,0,108,0,108,4,5,132,2,143,176,0,176,319
03/18/2013,TTN,NJ,AEA,EN,Federal Contract Tower,2,17,19,0,38,0,0,61,0,61,2,17,80,0,99,103,0,103,202
03/19/2013,TTN,NJ,AEA,EN,Federal Contract Tower,4,12,23,0,39,0,0,51,16,67,4,12,74,16,106,42,0,42,148
03/20/2013,TTN,NJ,AEA,EN,Federal Contract Tower,4,4,22,5,35,0,0,103,20,123,4,4,125,25,158,114,8,122,280
03/21/2013,TTN,NJ,AEA,EN,Federal Contract Tower,4,5,29,4,42,0,1,109,12,122,4,6,138,16,164,63,0,63,227
03/22/2013,TTN,NJ,AEA,EN,Federal Contract Tower,3,4,23,2,32,0,0,86,5,91,3,4,109,7,123,103,0,103,226
03/23/2013,TTN,NJ,AEA,EN,Federal Contract Tower,3,3,16,0,22,0,0,100,0,100,3,3,116,0,122,104,0,104,226
03/24/2013,TTN,NJ,AEA,EN,Federal Contract Tower,2,13,17,0,32,0,0,102,0,102,2,13,119,0,134,213,0,213,347
03/25/2013,TTN,NJ,AEA,EN,Federal Contract Tower,3,12,13,0,28,0,0,0,0,0,3,12,13,0,28,0,0,0,28
03/26/2013,TTN,NJ,AEA,EN,Federal Contract Tower,4,13,25,2,44,0,0,123,28,151,4,13,148,30,195,194,2,196,391
03/27/2013,TTN,NJ,AEA,EN,Federal Contract Tower,4,8,33,2,47,0,0,126,17,143,4,8,159,19,190,143,0,143,333
03/28/2013,TTN,NJ,AEA,EN,Federal Contract Tower,4,11,21,3,39,0,0,85,7,92,4,11,106,10,131,172,0,172,303
03/29/2013,TTN,NJ,AEA,EN,Federal Contract Tower,3,5,18,2,28,0,0,147,2,149,3,5,165,4,177,202,0,202,379
03/30/2013,TTN,NJ,AEA,EN,Federal Contract Tower,4,6,16,0,26,0,0,112,0,112,4,6,128,0,138,213,0,213,351
03/31/2013,TTN,NJ,AEA,EN,Federal Contract Tower,4,17,15,0,36,0,0,47,0,47,4,17,62,0,83,80,0,80,163
04/01/2013,TTN,NJ,AEA,EN,Federal Contract Tower,4,13,32,1,50,0,13,73,0,86,4,26,105,1,136,16,2,18,154
04/02/2013,TTN,NJ,AEA,EN,Federal Contract Tower,4,12,23,0,39,0,0,115,14,129,4,12,138,14,168,86,2,88,256
04/03/2013,TTN,NJ,AEA,EN,Federal Contract Tower,4,13,25,0,42,0,0,103,9,112,4,13,128,9,154,44,2,46,200
04/04/2013,TTN,NJ,AEA,EN,Federal Contract Tower,4,17,39,0,60,0,0,109,9,118,4,17,148,9,178,128,2,130,308
04/05/2013,TTN,NJ,AEA,EN,Federal Contract Tower,4,9,31,0,44,0,0,128,2,130,4,9,159,2,174,86,2,88,262
04/06/2013,TTN,NJ,AEA,EN,Federal Contract Tower,4,5,22,0,31,0,3,139,0,142,4,8,161,0,173,238,0,238,411
04/07/2013,TTN,NJ,AEA,EN,Federal Contract Tower,4,4,20,0,28,0,0,99,2,101,4,4,119,2,129,162,0,162,291
04/08/2013,TTN,NJ,AEA,EN,Federal Contract Tower,11,5,20,0,36,0,1,108,8,117,11,6,128,8,153,106,15,121,274
04/09/2013,TTN,NJ,AEA,EN,Federal Contract Tower,10,14,19,0,43,0,1,90,8,99,10,15,109,8,142,201,13,214,356
04/10/2013,TTN,NJ,AEA,EN,Federal Contract Tower,10,14,30,0,54,0,1,152,12,165,10,15,182,12,219,150,4,154,373
04/11/2013,TTN,NJ,AEA,EN,Federal Contract Tower,9,6,44,0,59,0,0,32,5,37,9,6,76,5,96,35,13,48,144
04/12/2013,TTN,NJ,AEA,EN,Federal Contract Tower,11,7,20,0,38,0,0,0,0,0,11,7,20,0,38,0,0,0,38
04/13/2013,TTN,NJ,AEA,EN,Federal Contract Tower,7,3,17,0,27,0,0,98,2,100,7,3,115,2,127,223,4,227,354
04/14/2013,TTN,NJ,AEA,EN,Federal Contract Tower,9,11,1,1,22,0,0,124,0,124,9,11,125,1,146,159,0,159,305
04/15/2013,TTN,NJ,AEA,EN,Federal Contract Tower,11,7,13,1,32,0,0,90,8,98,11,7,103,9,130,130,7,137,267
04/16/2013,TTN,NJ,AEA,EN,Federal Contract Tower,10,5,36,1,52,0,0,134,16,150,10,5,170,17,202,148,2,150,352
04/17/2013,TTN,NJ,AEA,EN,Federal Contract Tower,10,10,32,1,53,0,0,106,8,114,10,10,138,9,167,127,0,127,294
04/18/2013,TTN,NJ,AEA,EN,Federal Contract Tower,11,7,41,0,59,0,0,57,2,59,11,7,98,2,118,81,10,91,209
04/19/2013,TTN,NJ,AEA,EN,Federal Contract Tower,10,15,22,0,47,0,0,61,2,63,10,15,83,2,110,10,4,14,124
04/20/2013,TTN,NJ,AEA,EN,Federal Contract Tower,5,6,11,0,22,0,0,69,13,82,5,6,80,13,104,29,10,39,143
04/21/2013,TTN,NJ,AEA,EN,Federal Contract Tower,10,10,21,0,41,0,0,126,3,129,10,10,147,3,170,186,0,186,356
04/22/2013,TTN,NJ,AEA,EN,Federal Contract Tower,11,6,34,0,51,0,0,108,8,116,11,6,142,8,167,58,5,63,230
04/23/2013,TTN,NJ,AEA,EN,Federal Contract Tower,10,12,47,0,69,0,0,67,2,69,10,12,114,2,138,136,0,136,274
04/24/2013,TTN,NJ,AEA,EN,Federal Contract Tower,10,12,32,0,54,0,1,186,12,199,10,13,218,12,253,209,8,217,470
04/25/2013,TTN,NJ,AEA,EN,Federal Contract Tower,11,12,36,0,59,0,0,118,6,124,11,12,154,6,183,207,0,207,390
04/26/2013,TTN,NJ,AEA,EN,Federal Contract Tower,11,10,22,0,43,0,1,172,0,173,11,11,194,0,216,164,0,164,380
04/27/2013,TTN,NJ,AEA,EN,Federal Contract Tower,8,8,26,0,42,0,0,186,0,186,8,8,212,0,228,193,0,193,421
04/28/2013,TTN,NJ,AEA,EN,Federal Contract Tower,9,6,31,0,46,0,1,174,0,175,9,7,205,0,221,203,0,203,424
04/29/2013,TTN,NJ,AEA,EN,Federal Contract Tower,11,3,27,0,41,0,0,8,1,9,11,3,35,1,50,2,0,2,52
04/30/2013,TTN,NJ,AEA,EN,Federal Contract Tower,10,7,28,1,46,0,0,137,17,154,10,7,165,18,200,155,0,155,355
05/01/2013,TTN,NJ,AEA,EN,Federal Contract Tower,10,5,38,1,54,0,2,161,5,168,10,7,199,6,222,132,0,132,354
05/02/2013,TTN,NJ,AEA,EN,Federal Contract Tower,11,20,33,1,65,0,0,110,4,114,11,20,143,5,179,122,0,122,301
05/03/2013,TTN,NJ,AEA,EN,Federal Contract Tower,11,9,35,1,56,0,3,170,11,184,11,12,205,12,240,175,0,175,415
05/04/2013,TTN,NJ,AEA,EN,Federal Contract Tower,3,11,11,0,25,0,0,109,0,109,3,11,120,0,134,153,0,153,287
05/05/2013,TTN,NJ,AEA,EN,Federal Contract Tower,10,6,22,0,38,0,0,88,4,92,10,6,110,4,130,124,0,124,254
05/06/2013,TTN,NJ,AEA,EN,Federal Contract Tower,11,9,29,0,49,0,0,82,0,82,11,9,111,0,131,113,0,113,244
05/07/2013,TTN,NJ,AEA,EN,Federal Contract Tower,11,12,46,2,71,0,0,37,0,37,11,12,83,2,108,23,0,23,131
05/08/2013,TTN,NJ,AEA,EN,Federal Contract Tower,11,8,42,3,64,0,0,12,1,13,11,8,54,4,77,0,0,0,77
05/09/2013,TTN,NJ,AEA,EN,Federal Contract Tower,11,19,34,6,70,0,0,40,6,46,11,19,74,12,116,45,0,45,161
05/10/2013,TTN,NJ,AEA,EN,Federal Contract Tower,11,10,21,0,42,0,0,163,2,165,11,10,184,2,207,96,0,96,303
05/11/2013,TTN,NJ,AEA,EN,Federal Contract Tower,8,4,16,0,28,0,0,21,0,21,8,4,37,0,49,0,0,0,49
05/12/2013,TTN,NJ,AEA,EN,Federal Contract Tower,10,7,17,0,34,0,0,56,0,56,10,7,73,0,90,23,14,37,127
05/13/2013,TTN,NJ,AEA,EN,Federal Contract Tower,10,8,20,2,40,0,1,86,0,87,10,9,106,2,127,85,0,85,212
05/14/2013,TTN,NJ,AEA,EN,Federal Contract Tower,11,12,29,2,54,0,0,122,2,124,11,12,151,4,178,79,0,79,257
05/15/2013,TTN,NJ,AEA,EN,Federal Contract Tower,10,8,28,0,46,0,1,105,4,110,10,9,133,4,156,71,0,71,227
05/16/2013,TTN,NJ,AEA,EN,Federal Contract Tower,11,12,48,4,75,0,0,143,6,149,11,12,191,10,224,132,0,132,356
05/17/2013,TTN,NJ,AEA,EN,Federal Contract Tower,12,7,35,0,54,0,0,129,0,129,12,7,164,0,183,202,2,204,387
05/18/2013,TTN,NJ,AEA,EN,Federal Contract Tower,8,8,24,0,40,0,0,104,24,128,8,8,128,24,168,186,0,186,354
05/19/2013,TTN,NJ,AEA,EN,Federal Contract Tower,10,8,32,0,50,0,0,0,0,0,10,8,32,0,50,0,0,0,50
05/20/2013,TTN,NJ,AEA,EN,Federal Contract Tower,11,18,44,2,75,0,0,54,4,58,11,18,98,6,133,108,0,108,241
05/21/2013,TTN,NJ,AEA,EN,Federal Contract Tower,10,11,30,2,53,0,0,99,7,106,10,11,129,9,159,163,8,171,330
05/22/2013,TTN,NJ,AEA,EN,Federal Contract Tower,12,4,40,2,58,0,0,45,0,45,12,4,85,2,103,35,0,35,138
05/23/2013,TTN,NJ,AEA,EN,Federal Contract Tower,9,8,33,2,52,0,0,38,0,38,9,8,71,2,90,41,0,41,131
05/24/2013,TTN,NJ,AEA,EN,Federal Contract Tower,12,11,44,0,67,0,0,18,0,18,12,11,62,0,85,0,0,0,85
05/25/2013,TTN,NJ,AEA,EN,Federal Contract Tower,8,8,7,0,23,0,0,32,0,32,8,8,39,0,55,6,0,6,61
05/26/2013,TTN,NJ,AEA,EN,Federal Contract Tower,8,7,13,0,28,0,0,59,0,59,8,7,72,0,87,37,0,37,124
05/27/2013,TTN,NJ,AEA,EN,Federal Contract Tower,11,13,28,0,52,0,0,118,0,118,11,13,146,0,170,192,0,192,362
05/28/2013,TTN,NJ,AEA,EN,Federal Contract Tower,9,7,55,2,73,0,0,31,0,31,9,7,86,2,104,32,0,32,136
05/29/2013,TTN,NJ,AEA,EN,Federal Contract Tower,10,5,44,1,60,0,0,90,3,93,10,5,134,4,153,75,0,75,228
05/30/2013,TTN,NJ,AEA,EN,Federal Contract Tower,10,12,26,0,48,0,0,132,14,146,10,12,158,14,194,122,0,122,316
05/31/2013,TTN,NJ,AEA,EN,Federal Contract Tower,11,15,32,1,59,0,0,186,0,186,11,15,218,1,245,104,0,104,349
06/01/2013,TTN,NJ,AEA,EN,Federal Contract Tower,8,10,13,0,31,0,0,120,0,120,8,10,133,0,151,141,0,141,292
06/02/2013,TTN,NJ,AEA,EN,Federal Contract Tower,10,18,31,0,59,0,0,95,0,95,10,18,126,0,154,95,0,95,249
06/03/2013,TTN,NJ,AEA,EN,Federal Contract Tower,11,12,30,0,53,0,0,46,7,53,11,12,76,7,106,41,2,43,149
06/04/2013,TTN,NJ,AEA,EN,Federal Contract Tower,10,12,30,2,54,0,0,172,5,177,10,12,202,7,231,185,0,185,416
06/05/2013,TTN,NJ,AEA,EN,Federal Contract Tower,10,5,42,2,59,0,0,190,15,205,10,5,232,17,264,206,0,206,470
06/06/2013,TTN,NJ,AEA,EN,Federal Contract Tower,9,12,36,0,57,0,0,48,4,52,9,12,84,4,109,117,0,117,226
06/07/2013,TTN,NJ,AEA,EN,Federal Contract Tower,8,12,24,0,44,0,0,0,0,0,8,12,24,0,44,0,0,0,44
06/08/2013,TTN,NJ,AEA,EN,Federal Contract Tower,9,1,13,2,25,0,0,76,4,80,9,1,89,6,105,130,0,130,235
06/09/2013,TTN,NJ,AEA,EN,Federal Contract Tower,9,12,26,2,49,0,0,280,2,282,9,12,306,4,331,128,0,128,459
06/10/2013,TTN,NJ,AEA,EN,Federal Contract Tower,11,11,26,0,48,0,0,4,0,4,11,11,30,0,52,0,0,0,52
06/11/2013,TTN,NJ,AEA,EN,Federal Contract Tower,8,6,46,2,62,0,0,122,20,142,8,6,168,22,204,131,0,131,335
06/12/2013,TTN,NJ,AEA,EN,Federal Contract Tower,10,8,37,2,57,0,0,173,6,179,10,8,210,8,236,191,0,191,427
06/13/2013,TTN,NJ,AEA,EN,Federal Contract Tower,11,4,42,0,57,0,0,9,0,9,11,4,51,0,66,0,0,0,66
06/14/2013,TTN,NJ,AEA,EN,Federal Contract Tower,12,13,30,2,57,0,0,95,5,100,12,13,125,7,157,127,0,127,284
06/15/2013,TTN,NJ,AEA,EN,Federal Contract Tower,5,7,30,0,42,0,0,160,0,160,5,7,190,0,202,249,0,249,451
06/16/2013,TTN,NJ,AEA,EN,Federal Contract Tower,9,3,20,0,32,0,0,66,3,69,9,3,86,3,101,102,0,102,203
06/17/2013,TTN,NJ,AEA,EN,Federal Contract Tower,9,6,30,1,46,0,0,141,18,159,9,6,171,19,205,82,0,82,287
06/18/2013,TTN,NJ,AEA,EN,Federal Contract Tower,6,6,28,3,43,0,0,41,3,44,6,6,69,6,87,69,0,69,156
06/19/2013,TTN,NJ,AEA,EN,Federal Contract Tower,10,5,32,2,49,0,1,144,22,167,10,6,176,24,216,195,12,207,423
06/20/2013,TTN,NJ,AEA,EN,Federal Contract Tower,11,6,20,3,40,0,0,165,4,169,11,6,185,7,209,167,2,169,378
06/21/2013,TTN,NJ,AEA,EN,Federal Contract Tower,11,18,18,0,47,0,0,142,3,145,11,18,160,3,192,115,7,122,314
06/22/2013,TTN,NJ,AEA,EN,Federal Contract Tower,8,5,19,3,35,0,1,117,15,133,8,6,136,18,168,206,0,206,374
06/23/2013,TTN,NJ,AEA,EN,Federal Contract Tower,9,3,24,3,39,0,0,121,5,126,9,3,145,8,165,146,0,146,311
06/24/2013,TTN,NJ,AEA,EN,Federal Contract Tower,10,12,24,4,50,0,0,102,3,105,10,12,126,7,155,109,0,109,264
06/25/2013,TTN,NJ,AEA,EN,Federal Contract Tower,9,3,31,4,47,0,0,112,8,120,9,3,143,12,167,121,6,127,294
06/26/2013,TTN,NJ,AEA,EN,Federal Contract Tower,9,2,21,2,34,0,1,141,10,152,9,3,162,12,186,113,2,115,301
06/27/2013,TTN,NJ,AEA,EN,Federal Contract Tower,11,8,36,3,58,0,0,78,8,86,11,8,114,11,144,103,3,106,250
06/28/2013,TTN,NJ,AEA,EN,Federal Contract Tower,10,7,25,2,44,0,0,74,1,75,10,7,99,3,119,103,0,103,222
06/29/2013,TTN,NJ,AEA,EN,Federal Contract Tower,7,2,16,0,25,0,0,98,0,98,7,2,114,0,123,180,0,180,303
06/30/2013,TTN,NJ,AEA,EN,Federal Contract Tower,10,8,33,0,51,0,0,7,0,7,10,8,40,0,58,35,0,35,93
07/01/2013,TTN,NJ,AEA,EN,Federal Contract Tower,10,6,28,0,44,0,0,7,0,7,10,6,35,0,51,0,0,0,51
07/02/2013,TTN,NJ,AEA,EN,Federal Contract Tower,11,5,32,0,48,0,0,34,8,42,11,5,66,8,90,30,0,30,120
07/03/2013,TTN,NJ,AEA,EN,Federal Contract Tower,10,8,29,0,47,0,0,43,3,46,10,8,72,3,93,46,0,46,139
07/04/2013,TTN,NJ,AEA,EN,Federal Contract Tower,9,2,12,0,23,0,0,34,0,34,9,2,46,0,57,25,0,25,82
07/05/2013,TTN,NJ,AEA,EN,Federal Contract Tower,9,6,8,0,23,0,0,114,0,114,9,6,122,0,137,144,0,144,281
07/06/2013,TTN,NJ,AEA,EN,Federal Contract Tower,8,3,8,0,19,0,0,112,0,112,8,3,120,0,131,152,0,152,283
07/07/2013,TTN,NJ,AEA,EN,Federal Contract Tower,8,8,21,0,37,0,0,113,0,113,8,8,134,0,150,156,0,156,306
07/08/2013,TTN,NJ,AEA,EN,Federal Contract Tower,9,7,30,2,48,0,0,43,15,58,9,7,73,17,106,38,1,39,145
07/09/2013,TTN,NJ,AEA,EN,Federal Contract Tower,12,13,29,2,56,0,0,101,9,110,12,13,130,11,166,153,0,153,319
07/10/2013,TTN,NJ,AEA,EN,Federal Contract Tower,8,11,34,0,53,0,0,44,2,46,8,11,78,2,99,36,0,36,135
07/11/2013,TTN,NJ,AEA,EN,Federal Contract Tower,11,11,32,2,56,0,0,76,3,79,11,11,108,5,135,61,0,61,196
07/12/2013,TTN,NJ,AEA,EN,Federal Contract Tower,12,9,31,2,54,0,0,61,7,68,12,9,92,9,122,65,4,69,191
07/13/2013,TTN,NJ,AEA,EN,Federal Contract Tower,8,8,36,2,54,0,0,33,21,54,8,8,69,23,108,109,0,109,217
07/14/2013,TTN,NJ,AEA,EN,Federal Contract Tower,11,6,27,0,44,0,0,102,6,108,11,6,129,6,152,78,0,78,230
07/15/2013,TTN,NJ,AEA,EN,Federal Contract Tower,10,1,30,2,43,0,0,155,14,169,10,1,185,16,212,126,4,130,342
07/16/2013,TTN,NJ,AEA,EN,Federal Contract Tower,9,12,41,0,62,0,0,128,6,134,9,12,169,6,196,154,0,154,350
07/17/2013,TTN,NJ,AEA,EN,Federal Contract Tower,10,8,33,0,51,0,0,142,9,151,10,8,175,9,202,114,2,116,318
07/18/2013,TTN,NJ,AEA,EN,Federal Contract Tower,11,10,25,0,46,0,0,70,3,73,11,10,95,3,119,164,0,164,283
07/19/2013,TTN,NJ,AEA,EN,Federal Contract Tower,11,14,20,1,46,0,0,129,0,129,11,14,149,1,175,121,0,121,296
07/20/2013,TTN,NJ,AEA,EN,Federal Contract Tower,7,12,15,0,34,0,0,106,0,106,7,12,121,0,140,183,0,183,323
07/21/2013,TTN,NJ,AEA,EN,Federal Contract Tower,10,8,30,0,48,0,0,114,0,114,10,8,144,0,162,135,0,135,297
07/22/2013,TTN,NJ,AEA,EN,Federal Contract Tower,11,6,35,0,52,0,0,27,5,32,11,6,62,5,84,30,0,30,114
07/23/2013,TTN,NJ,AEA,EN,Federal Contract Tower,10,9,32,0,51,0,0,33,10,43,10,9,65,10,94,113,2,115,209
07/24/2013,TTN,NJ,AEA,EN,Federal Contract Tower,11,8,26,4,49,0,0,123,9,132,11,8,149,13,181,72,2,74,255
07/25/2013,TTN,NJ,AEA,EN,Federal Contract Tower,9,7,52,0,68,0,1,69,5,75,9,8,121,5,143,87,0,87,230
07/26/2013,TTN,NJ,AEA,EN,Federal Contract Tower,11,12,29,2,54,0,0,138,4,142,11,12,167,6,196,119,0,119,315
07/27/2013,TTN,NJ,AEA,EN,Federal Contract Tower,8,5,14,0,27,0,0,120,0,120,8,5,134,0,147,89,0,89,236
07/28/2013,TTN,NJ,AEA,EN,Federal Contract Tower,10,12,19,2,43,0,0,43,0,43,10,12,62,2,86,85,0,85,171
07/29/2013,TTN,NJ,AEA,EN,Federal Contract Tower,10,11,32,1,54,0,0,107,7,114,10,11,139,8,168,114,0,114,282
07/30/2013,TTN,NJ,AEA,EN,Federal Contract Tower,10,11,36,6,63,0,0,143,17,160,10,11,179,23,223,219,0,219,442
07/31/2013,TTN,NJ,AEA,EN,Federal Contract Tower,10,17,22,3,52,0,0,99,8,107,10,17,121,11,159,70,0,70,229
08/01/2013,TTN,NJ,AEA,EN,Federal Contract Tower,11,8,33,0,52,0,0,8,0,8,11,8,41,0,60,2,2,4,64
08/02/2013,TTN,NJ,AEA,EN,Federal Contract Tower,11,18,35,0,64,0,0,120,0,120,11,18,155,0,184,132,0,132,316
08/03/2013,TTN,NJ,AEA,EN,Federal Contract Tower,8,6,15,0,29,0,0,66,0,66,8,6,81,0,95,118,0,118,213
08/04/2013,TTN,NJ,AEA,EN,Federal Contract Tower,10,17,29,0,56,0,0,99,0,99,10,17,128,0,155,50,0,50,205
08/05/2013,TTN,NJ,AEA,EN,Federal Contract Tower,9,14,14,5,42,0,0,116,6,122,9,14,130,11,164,97,2,99,263
08/06/2013,TTN,NJ,AEA,EN,Federal Contract Tower,10,14,23,2,49,0,0,72,9,81,10,14,95,11,130,88,9,97,227
08/07/2013,TTN,NJ,AEA,EN,Federal Contract Tower,10,8,38,2,58,0,0,57,14,71,10,8,95,16,129,29,24,53,182
08/08/2013,TTN,NJ,AEA,EN,Federal Contract Tower,10,16,31,2,59,0,0,27,6,33,10,16,58,8,92,9,0,9,101
08/09/2013,TTN,NJ,AEA,EN,Federal Contract Tower,11,12,20,2,45,0,0,31,6,37,11,12,51,8,82,57,0,57,139
08/10/2013,TTN,NJ,AEA,EN,Federal Contract Tower,8,8,14,3,33,0,0,94,7,101,8,8,108,10,134,186,0,186,320
08/11/2013,TTN,NJ,AEA,EN,Federal Contract Tower,11,8,13,0,32,0,0,120,0,120,11,8,133,0,152,126,0,126,278
08/12/2013,TTN,NJ,AEA,EN,Federal Contract Tower,9,10,28,1,48,0,0,69,17,86,9,10,97,18,134,97,0,97,231
08/13/2013,TTN,NJ,AEA,EN,Federal Contract Tower,10,15,20,3,48,0,0,62,10,72,10,15,82,13,120,68,4,72,192
08/14/2013,TTN,NJ,AEA,EN,Federal Contract Tower,10,6,17,3,36,0,2,92,5,99,10,8,109,8,135,124,0,124,259
08/15/2013,TTN,NJ,AEA,EN,Federal Contract Tower,11,6,23,4,44,0,0,134,4,138,11,6,157,8,182,73,0,73,255
08/16/2013,TTN,NJ,AEA,EN,Federal Contract Tower,11,7,18,3,39,0,0,106,0,106,11,7,124,3,145,103,0,103,248
08/17/2013,TTN,NJ,AEA,EN,Federal Contract Tower,8,1,14,2,25,0,0,100,0,100,8,1,114,2,125,107,0,107,232
08/18/2013,TTN,NJ,AEA,EN,Federal Contract Tower,9,9,21,0,39,0,0,91,0,91,9,9,112,0,130,56,6,62,192
08/19/2013,TTN,NJ,AEA,EN,Federal Contract Tower,8,10,32,0,50,0,0,78,5,83,8,10,110,5,133,62,0,62,195
08/20/2013,TTN,NJ,AEA,EN,Federal Contract Tower,8,9,33,1,51,0,0,135,3,138,8,9,168,4,189,114,0,114,303
08/21/2013,TTN,NJ,AEA,EN,Federal Contract Tower,10,8,29,1,48,0,0,108,8,116,10,8,137,9,164,143,0,143,307
08/22/2013,TTN,NJ,AEA,EN,Federal Contract Tower,9,5,32,0,46,0,0,26,2,28,9,5,58,2,74,31,0,31,105
08/23/2013,TTN,NJ,AEA,EN,Federal Contract Tower,10,9,27,2,48,0,0,148,22,170,10,9,175,24,218,119,2,121,339
08/24/2013,TTN,NJ,AEA,EN,Federal Contract Tower,8,2,24,0,34,0,0,126,0,126,8,2,150,0,160,111,0,111,271
08/25/2013,TTN,NJ,AEA,EN,Federal Contract Tower,10,11,24,0,45,0,0,124,0,124,10,11,148,0,169,100,0,100,269
08/26/2013,TTN,NJ,AEA,EN,Federal Contract Tower,8,7,21,2,38,0,0,102,9,111,8,7,123,11,149,102,9,111,260
08/27/2013,TTN,NJ,AEA,EN,Federal Contract Tower,8,3,29,2,42,0,0,100,24,124,8,3,129,26,166,57,14,71,237
08/28/2013,TTN,NJ,AEA,EN,Federal Contract Tower,9,6,34,2,51,0,0,22,0,22,9,6,56,2,73,3,0,3,76
08/29/2013,TTN,NJ,AEA,EN,Federal Contract Tower,10,8,36,2,56,0,0,50,7,57,10,8,86,9,113,45,2,47,160
08/30/2013,TTN,NJ,AEA,EN,Federal Contract Tower,10,3,27,2,42,0,0,108,0,108,10,3,135,2,150,186,0,186,336
08/31/2013,TTN,NJ,AEA,EN,Federal Contract Tower,8,7,27,0,42,0,0,98,0,98,8,7,125,0,140,88,0,88,228
09/01/2013,TTN,NJ,AEA,EN,Federal Contract Tower,6,0,21,0,27,0,0,40,0,40,6,0,61,0,67,34,0,34,101
09/02/2013,TTN,NJ,AEA,EN,Federal Contract Tower,8,10,13,0,31,0,0,14,0,14,8,10,27,0,45,35,0,35,80
09/03/2013,TTN,NJ,AEA,EN,Federal Contract Tower,8,7,41,2,58,0,0,114,15,129,8,7,155,17,187,123,0,123,310
09/04/2013,TTN,NJ,AEA,EN,Federal Contract Tower,10,13,26,0,49,0,0,165,5,170,10,13,191,5,219,143,0,143,362
09/05/2013,TTN,NJ,AEA,EN,Federal Contract Tower,10,1,21,0,32,0,0,111,5,116,10,1,132,5,148,164,1,165,313
09/06/2013,TTN,NJ,AEA,EN,Federal Contract Tower,8,6,25,0,39,0,0,168,10,178,8,6,193,10,217,121,0,121,338
09/07/2013,TTN,NJ,AEA,EN,Federal Contract Tower,8,12,15,0,35,0,0,108,7,115,8,12,123,7,150,97,0,97,247
09/08/2013,TTN,NJ,AEA,EN,Federal Contract Tower,8,7,27,0,42,0,0,122,4,126,8,7,149,4,168,77,0,77,245
09/09/2013,TTN,NJ,AEA,EN,Federal Contract Tower,0,2,43,2,47,0,0,137,11,148,0,2,180,13,195,117,14,131,326
09/10/2013,TTN,NJ,AEA,EN,Federal Contract Tower,0,17,38,2,57,0,0,79,11,90,0,17,117,13,147,104,0,104,251
09/11/2013,TTN,NJ,AEA,EN,Federal Contract Tower,0,14,28,0,42,0,2,101,2,105,0,16,129,2,147,112,2,114,261
09/12/2013,TTN,NJ,AEA,EN,Federal Contract Tower,0,9,34,4,47,0,1,46,0,47,0,10,80,4,94,4,0,4,98
09/13/2013,TTN,NJ,AEA,EN,Federal Contract Tower,0,8,21,2,31,0,0,102,2,104,0,8,123,4,135,113,0,113,248
09/14/2013,TTN,NJ,AEA,EN,Federal Contract Tower,0,1,17,0,18,0,0,103,0,103,0,1,120,0,121,143,0,143,264
09/15/2013,TTN,NJ,AEA,EN,Federal Contract Tower,0,4,26,0,30,0,0,115,1,116,0,4,141,1,146,106,0,106,252
09/16/2013,TTN,NJ,AEA,EN,Federal Contract Tower,0,3,16,2,21,0,0,88,1,89,0,3,104,3,110,102,0,102,212
09/17/2013,TTN,NJ,AEA,EN,Federal Contract Tower,0,4,19,2,25,0,0,114,3,117,0,4,133,5,142,75,0,75,217
09/18/2013,TTN,NJ,AEA,EN,Federal Contract Tower,0,0,0,0,0,0,1,138,5,144,0,1,138,5,144,64,0,64,208
09/19/2013,TTN,NJ,AEA,EN,Federal Contract Tower,0,10,33,0,43,0,0,151,4,155,0,10,184,4,198,96,0,96,294
09/20/2013,TTN,NJ,AEA,EN,Federal Contract Tower,1,9,17,11,38,0,0,131,3,134,1,9,148,14,172,87,0,87,259
09/21/2013,TTN,NJ,AEA,EN,Federal Contract Tower,0,9,22,2,33,0,0,35,2,37,0,9,57,4,70,16,8,24,94
09/22/2013,TTN,NJ,AEA,EN,Federal Contract Tower,0,20,24,2,46,0,0,80,0,80,0,20,104,2,126,56,0,56,182
09/23/2013,TTN,NJ,AEA,EN,Federal Contract Tower,1,8,27,1,37,0,0,93,4,97,1,8,120,5,134,76,4,80,214
09/24/2013,TTN,NJ,AEA,EN,Federal Contract Tower,0,9,24,2,35,0,0,129,8,137,0,9,153,10,172,83,4,87,259
09/25/2013,TTN,NJ,AEA,EN,Federal Contract Tower,0,0,0,0,0,0,0,89,7,96,0,0,89,7,96,152,4,156,252
09/26/2013,TTN,NJ,AEA,EN,Federal Contract Tower,0,0,0,0,0,0,0,113,0,113,0,0,113,0,113,95,0,95,208
09/27/2013,TTN,NJ,AEA,EN,Federal Contract Tower,0,10,36,0,46,0,0,122,0,122,0,10,158,0,168,108,0,108,276
09/28/2013,TTN,NJ,AEA,EN,Federal Contract Tower,0,7,14,0,21,0,0,107,0,107,0,7,121,0,128,165,0,165,293
09/29/2013,TTN,NJ,AEA,EN,Federal Contract Tower,0,17,26,2,45,0,0,68,0,68,0,17,94,2,113,138,0,138,251
09/30/2013,TTN,NJ,AEA,EN,Federal Contract Tower,0,5,17,0,22,0,0,106,6,112,0,5,123,6,134,66,0,66,200
10/01/2013,TTN,NJ,AEA,EN,Federal Contract Tower,0,11,34,2,47,0,0,134,2,136,0,11,168,4,183,82,0,82,265
10/02/2013,TTN,NJ,AEA,EN,Federal Contract Tower,0,10,30,0,40,0,1,140,0,141,0,11,170,0,181,110,0,110,291
10/03/2013,TTN,NJ,AEA,EN,Federal Contract Tower,0,14,22,0,36,0,1,107,0,108,0,15,129,0,144,137,0,137,281
10/04/2013,TTN,NJ,AEA,EN,Federal Contract Tower,0,12,34,0,46,0,2,84,0,86,0,14,118,0,132,130,0,130,262
10/05/2013,TTN,NJ,AEA,EN,Federal Contract Tower,0,8,9,0,17,0,0,129,1,130,0,8,138,1,147,161,0,161,308
10/06/2013,TTN,NJ,AEA,EN,Federal Contract Tower,0,11,21,0,32,0,0,13,0,13,0,11,34,0,45,7,0,7,52
10/07/2013,TTN,NJ,AEA,EN,Federal Contract Tower,0,7,16,0,23,0,0,10,0,10,0,7,26,0,33,2,0,2,35
10/08/2013,TTN,NJ,AEA,EN,Federal Contract Tower,0,6,42,0,48,0,0,92,0,92,0,6,134,0,140,110,0,110,250
10/09/2013,TTN,NJ,AEA,EN,Federal Contract Tower,0,10,22,0,32,0,1,96,2,99,0,11,118,2,131,86,0,86,217
10/10/2013,TTN,NJ,AEA,EN,Federal Contract Tower,0,9,40,0,49,0,0,10,0,10,0,9,50,0,59,1,0,1,60
10/11/2013,TTN,NJ,AEA,EN,Federal Contract Tower,0,19,42,2,63,0,0,19,0,19,0,19,61,2,82,2,0,2,84
10/12/2013,TTN,NJ,AEA,EN,Federal Contract Tower,0,7,11,0,18,0,0,90,0,90,0,7,101,0,108,196,0,196,304
10/13/2013,TTN,NJ,AEA,EN,Federal Contract Tower,0,18,21,0,39,0,0,83,0,83,0,18,104,0,122,69,0,69,191
10/14/2013,TTN,NJ,AEA,EN,Federal Contract Tower,0,13,20,0,33,0,0,124,0,124,0,13,144,0,157,238,0,238,395
10/15/2013,TTN,NJ,AEA,EN,Federal Contract Tower,0,13,18,0,31,0,0,118,2,120,0,13,136,2,151,175,0,175,326
10/16/2013,TTN,NJ,AEA,EN,Federal Contract Tower,0,6,24,0,30,0,0,63,2,65,0,6,87,2,95,202,0,202,297
10/17/2013,TTN,NJ,AEA,EN,Federal Contract Tower,0,11,33,0,44,0,0,51,0,51,0,11,84,0,95,104,0,104,199
10/18/2013,TTN,NJ,AEA,EN,Federal Contract Tower,0,6,38,2,46,0,0,127,0,127,0,6,165,2,173,99,0,99,272
10/19/2013,TTN,NJ,AEA,EN,Federal Contract Tower,0,3,19,2,24,0,0,120,0,120,0,3,139,2,144,88,0,88,232
10/20/2013,TTN,NJ,AEA,EN,Federal Contract Tower,0,8,20,2,30,0,0,91,0,91,0,8,111,2,121,76,0,76,197
10/21/2013,TTN,NJ,AEA,EN,Federal Contract Tower,0,9,25,2,36,0,0,110,0,110,0,9,135,2,146,173,0,173,319
10/22/2013,TTN,NJ,AEA,EN,Federal Contract Tower,0,2,33,2,37,0,0,122,2,124,0,2,155,4,161,183,0,183,344
10/23/2013,TTN,NJ,AEA,EN,Federal Contract Tower,0,3,20,2,25,0,0,109,14,123,0,3,129,16,148,139,2,141,289
10/24/2013,TTN,NJ,AEA,EN,Federal Contract Tower,0,7,37,2,46,0,0,117,5,122,0,7,154,7,168,82,4,86,254
10/25/2013,TTN,NJ,AEA,EN,Federal Contract Tower,0,7,25,0,32,0,0,104,0,104,0,7,129,0,136,83,0,83,219
10/26/2013,TTN,NJ,AEA,EN,Federal Contract Tower,0,4,13,0,17,0,0,98,5,103,0,4,111,5,120,66,0,66,186
10/27/2013,TTN,NJ,AEA,EN,Federal Contract Tower,0,7,12,1,20,0,0,106,8,114,0,7,118,9,134,105,0,105,239
10/28/2013,TTN,NJ,AEA,EN,Federal Contract Tower,0,10,20,1,31,0,0,97,8,105,0,10,117,9,136,156,0,156,292
10/29/2013,TTN,NJ,AEA,EN,Federal Contract Tower,0,9,21,4,34,0,0,149,5,154,0,9,170,9,188,191,0,191,379
10/30/2013,TTN,NJ,AEA,EN,Federal Contract Tower,0,15,35,1,51,0,0,68,6,74,0,15,103,7,125,69,0,69,194
10/31/2013,TTN,NJ,AEA,EN,Federal Contract Tower,0,5,38,6,49,0,0,37,0,37,0,5,75,6,86,0,0,0,86
11/01/2013,TTN,NJ,AEA,EN,Federal Contract Tower,0,12,14,0,26,0,0,49,1,50,0,12,63,1,76,18,0,18,94
11/02/2013,TTN,NJ,AEA,EN,Federal Contract Tower,0,7,12,0,19,0,0,103,0,103,0,7,115,0,122,163,0,163,285
11/03/2013,TTN,NJ,AEA,EN,Federal Contract Tower,0,5,12,0,17,0,0,77,0,77,0,5,89,0,94,125,0,125,219
11/04/2013,TTN,NJ,AEA,EN,Federal Contract Tower,0,7,24,0,31,0,0,98,6,104,0,7,122,6,135,73,0,73,208
11/05/2013,TTN,NJ,AEA,EN,Federal Contract Tower,0,6,23,2,31,0,0,76,6,82,0,6,99,8,113,135,0,135,248
11/06/2013,TTN,NJ,AEA,EN,Federal Contract Tower,0,12,15,5,32,0,0,102,6,108,0,12,117,11,140,90,2,92,232
11/07/2013,TTN,NJ,AEA,EN,Federal Contract Tower,2,8,31,4,45,0,0,20,2,22,2,8,51,6,67,0,0,0,67
11/08/2013,TTN,NJ,AEA,EN,Federal Contract Tower,10,8,21,1,40,0,0,102,1,103,10,8,123,2,143,48,0,48,191
11/09/2013,TTN,NJ,AEA,EN,Federal Contract Tower,8,2,15,0,25,0,0,98,0,98,8,2,113,0,123,171,0,171,294
11/10/2013,TTN,NJ,AEA,EN,Federal Contract Tower,10,14,9,0,33,0,0,48,0,48,10,14,57,0,81,53,0,53,134
11/11/2013,TTN,NJ,AEA,EN,Federal Contract Tower,10,2,20,0,32,0,0,80,1,81,10,2,100,1,113,143,0,143,256
11/12/2013,TTN,NJ,AEA,EN,Federal Contract Tower,6,12,21,2,41,0,0,58,10,68,6,12,79,12,109,84,2,86,195
11/13/2013,TTN,NJ,AEA,EN,Federal Contract Tower,9,6,26,3,44,0,0,134,11,145,9,6,160,14,189,97,1,98,287
11/14/2013,TTN,NJ,AEA,EN,Federal Contract Tower,10,13,20,2,45,0,0,87,2,89,10,13,107,4,134,132,0,132,266
11/15/2013,TTN,NJ,AEA,EN,Federal Contract Tower,10,14,26,2,52,0,0,135,9,144,10,14,161,11,196,156,0,156,352
11/16/2013,TTN,NJ,AEA,EN,Federal Contract Tower,8,10,20,2,40,0,0,127,11,138,8,10,147,13,178,147,0,147,325
11/17/2013,TTN,NJ,AEA,EN,Federal Contract Tower,10,13,49,2,74,0,0,19,0,19,10,13,68,2,93,24,0,24,117
11/18/2013,TTN,NJ,AEA,EN,Federal Contract Tower,10,0,16,4,30,0,0,92,7,99,10,0,108,11,129,55,4,59,188
11/19/2013,TTN,NJ,AEA,EN,Federal Contract Tower,6,6,22,0,34,0,0,71,7,78,6,6,93,7,112,153,0,153,265
11/20/2013,TTN,NJ,AEA,EN,Federal Contract Tower,9,8,24,3,44,0,2,121,13,136,9,10,145,16,180,195,4,199,379
11/21/2013,TTN,NJ,AEA,EN,Federal Contract Tower,9,4,34,2,49,0,0,97,3,100,9,4,131,5,149,176,4,180,329
11/22/2013,TTN,NJ,AEA,EN,Federal Contract Tower,10,4,25,2,41,0,0,45,2,47,10,4,70,4,88,10,0,10,98
11/23/2013,TTN,NJ,AEA,EN,Federal Contract Tower,8,7,19,0,34,0,0,68,2,70,8,7,87,2,104,55,0,55,159
11/24/2013,TTN,NJ,AEA,EN,Federal Contract Tower,9,5,14,0,28,0,0,20,2,22,9,5,34,2,50,6,0,6,56
11/25/2013,TTN,NJ,AEA,EN,Federal Contract Tower,11,8,24,2,45,0,0,99,8,107,11,8,123,10,152,163,1,164,316
11/26/2013,TTN,NJ,AEA,EN,Federal Contract Tower,10,10,28,2,50,0,0,50,6,56,10,10,78,8,106,14,6,20,126
11/27/2013,TTN,NJ,AEA,EN,Federal Contract Tower,12,8,14,2,36,0,0,7,0,7,12,8,21,2,43,0,0,0,43
11/28/2013,TTN,NJ,AEA,EN,Federal Contract Tower,5,8,4,0,17,0,0,9,0,9,5,8,13,0,26,0,0,0,26
11/29/2013,TTN,NJ,AEA,EN,Federal Contract Tower,8,4,8,0,20,0,0,97,0,97,8,4,105,0,117,91,0,91,208
11/30/2013,TTN,NJ,AEA,EN,Federal Contract Tower,10,6,18,0,34,0,0,126,0,126,10,6,144,0,160,0,0,0,160
12/01/2013,TTN,NJ,AEA,EN,Federal Contract Tower,11,10,31,0,52,0,0,111,0,111,11,10,142,0,163,132,0,132,295
12/02/2013,TTN,NJ,AEA,EN,Federal Contract Tower,10,14,36,3,63,0,0,94,4,98,10,14,130,7,161,57,4,61,222
12/03/2013,TTN,NJ,AEA,EN,Federal Contract Tower,6,5,32,1,44,0,0,114,4,118,6,5,146,5,162,128,0,128,290
12/04/2013,TTN,NJ,AEA,EN,Federal Contract Tower,10,5,39,0,54,0,0,59,8,67,10,5,98,8,121,177,1,178,299
12/05/2013,TTN,NJ,AEA,EN,Federal Contract Tower,11,10,46,1,68,0,0,0,0,0,11,10,46,1,68,2,0,2,70
12/06/2013,TTN,NJ,AEA,EN,Federal Contract Tower,10,6,29,2,47,0,0,4,0,4,10,6,33,2,51,0,0,0,51
12/07/2013,TTN,NJ,AEA,EN,Federal Contract Tower,7,5,18,0,30,0,0,78,0,78,7,5,96,0,108,192,0,192,300
12/08/2013,TTN,NJ,AEA,EN,Federal Contract Tower,8,7,10,0,25,0,0,25,0,25,8,7,35,0,50,84,0,84,134
12/09/2013,TTN,NJ,AEA,EN,Federal Contract Tower,6,15,19,0,40,0,0,0,0,0,6,15,19,0,40,0,0,0,40
12/10/2013,TTN,NJ,AEA,EN,Federal Contract Tower,4,8,16,0,28,0,0,4,0,4,4,8,20,0,32,0,0,0,32
12/11/2013,TTN,NJ,AEA,EN,Federal Contract Tower,9,8,17,1,35,0,0,77,15,92,9,8,94,16,127,50,2,52,179
12/12/2013,TTN,NJ,AEA,EN,Federal Contract Tower,6,16,33,0,55,0,0,99,3,102,6,16,132,3,157,67,0,67,224
12/13/2013,TTN,NJ,AEA,EN,Federal Contract Tower,8,15,21,0,44,0,0,106,0,106,8,15,127,0,150,73,0,73,223
12/14/2013,TTN,NJ,AEA,EN,Federal Contract Tower,8,5,4,0,17,0,0,0,0,0,8,5,4,0,17,6,0,6,23
12/15/2013,TTN,NJ,AEA,EN,Federal Contract Tower,9,5,9,0,23,0,0,32,0,32,9,5,41,0,55,4,0,4,59
12/16/2013,TTN,NJ,AEA,EN,Federal Contract Tower,9,6,15,0,30,0,0,81,6,87,9,6,96,6,117,72,0,72,189
12/17/2013,TTN,NJ,AEA,EN,Federal Contract Tower,6,7,15,0,28,0,0,7,0,7,6,7,22,0,35,1,0,1,36
12/18/2013,TTN,NJ,AEA,EN,Federal Contract Tower,10,1,20,3,34,0,0,99,14,113,10,1,119,17,147,39,3,42,189
12/19/2013,TTN,NJ,AEA,EN,Federal Contract Tower,10,11,23,1,45,0,0,74,3,77,10,11,97,4,122,58,0,58,180
12/20/2013,TTN,NJ,AEA,EN,Federal Contract Tower,10,9,21,5,45,0,0,76,4,80,10,9,97,9,125,80,0,80,205
12/21/2013,TTN,NJ,AEA,EN,Federal Contract Tower,8,9,18,0,35,0,0,90,0,90,8,9,108,0,125,95,0,95,220
12/22/2013,TTN,NJ,AEA,EN,Federal Contract Tower,9,5,7,0,21,0,0,11,0,11,9,5,18,0,32,0,0,0,32
12/23/2013,TTN,NJ,AEA,EN,Federal Contract Tower,10,5,8,1,24,0,0,12,0,12,10,5,20,1,36,0,0,0,36
12/24/2013,TTN,NJ,AEA,EN,Federal Contract Tower,4,6,2,0,12,0,0,43,3,46,4,6,45,3,58,41,0,41,99
12/25/2013,TTN,NJ,AEA,EN,Federal Contract Tower,4,8,3,0,15,0,0,12,0,12,4,8,15,0,27,12,0,12,39
12/26/2013,TTN,NJ,AEA,EN,Federal Contract Tower,10,20,26,0,56,0,2,34,0,36,10,22,60,0,92,62,0,62,154
12/27/2013,TTN,NJ,AEA,EN,Federal Contract Tower,9,7,12,0,28,0,0,82,0,82,9,7,94,0,110,95,0,95,205
12/28/2013,TTN,NJ,AEA,EN,Federal Contract Tower,7,6,6,0,19,0,0,97,0,97,7,6,103,0,116,72,0,72,188
12/29/2013,TTN,NJ,AEA,EN,Federal Contract Tower,10,5,11,0,26,0,0,2,0,2,10,5,13,0,28,2,0,2,30
12/30/2013,TTN,NJ,AEA,EN,Federal Contract Tower,9,4,15,2,30,0,0,74,7,81,9,4,89,9,111,96,0,96,207
12/31/2013,TTN,NJ,AEA,EN,Federal Contract Tower,6,5,11,0,22,0,0,38,1,39,6,5,49,1,61,23,0,23,84
01/01/2014,TTN,NJ,AEA,EN,Federal Contract Tower,3,6,12,0,21,0,0,67,0,67,3,6,79,0,88,80,0,80,168
01/02/2014,TTN,NJ,AEA,EN,Federal Contract Tower,9,3,8,0,20,0,0,0,0,0,9,3,8,0,20,55,0,55,75
01/03/2014,TTN,NJ,AEA,EN,Federal Contract Tower,6,6,5,0,17,0,0,11,0,11,6,6,16,0,28,0,0,0,28
01/04/2014,TTN,NJ,AEA,EN,Federal Contract Tower,7,17,16,0,40,0,0,57,0,57,7,17,73,0,97,71,0,71,168
01/05/2014,TTN,NJ,AEA,EN,Federal Contract Tower,7,8,13,0,28,0,0,0,0,0,7,8,13,0,28,0,0,0,28
01/06/2014,TTN,NJ,AEA,EN,Federal Contract Tower,3,21,17,1,42,0,0,23,7,30,3,21,40,8,72,0,0,0,72
01/07/2014,TTN,NJ,AEA,EN,Federal Contract Tower,6,17,14,4,41,0,0,44,0,44,6,17,58,4,85,16,0,16,101
01/08/2014,TTN,NJ,AEA,EN,Federal Contract Tower,9,10,16,4,39,0,4,89,6,99,9,14,105,10,138,55,0,55,193
01/09/2014,TTN,NJ,AEA,EN,Federal Contract Tower,7,13,23,1,44,0,0,93,13,106,7,13,116,14,150,71,2,73,223
01/10/2014,TTN,NJ,AEA,EN,Federal Contract Tower,10,6,15,0,31,0,0,0,0,0,10,6,15,0,31,0,0,0,31
01/11/2014,TTN,NJ,AEA,EN,Federal Contract Tower,8,4,7,2,21,0,0,0,0,0,8,4,7,2,21,0,0,0,21
01/12/2014,TTN,NJ,AEA,EN,Federal Contract Tower,8,8,12,0,28,0,0,88,7,95,8,8,100,7,123,87,0,87,210
01/13/2014,TTN,NJ,AEA,EN,Federal Contract Tower,11,6,16,2,35,0,0,100,4,104,11,6,116,6,139,109,4,113,252
01/14/2014,TTN,NJ,AEA,EN,Federal Contract Tower,6,6,21,0,33,0,3,8,5,16,6,9,29,5,49,2,0,2,51
01/15/2014,TTN,NJ,AEA,EN,Federal Contract Tower,9,10,31,2,52,0,0,40,0,40,9,10,71,2,92,85,0,85,177
01/16/2014,TTN,NJ,AEA,EN,Federal Contract Tower,7,11,29,0,47,0,0,87,4,91,7,11,116,4,138,123,1,124,262
01/17/2014,TTN,NJ,AEA,EN,Federal Contract Tower,10,10,21,2,43,0,0,117,0,117,10,10,138,2,160,111,0,111,271
01/18/2014,TTN,NJ,AEA,EN,Federal Contract Tower,8,4,8,0,20,0,0,22,0,22,8,4,30,0,42,54,0,54,96
01/19/2014,TTN,NJ,AEA,EN,Federal Contract Tower,7,7,19,0,33,0,0,80,0,80,7,7,99,0,113,157,0,157,270
01/20/2014,TTN,NJ,AEA,EN,Federal Contract Tower,9,2,13,0,24,0,0,86,0,86,9,2,99,0,110,137,0,137,247
01/21/2014,TTN,NJ,AEA,EN,Federal Contract Tower,2,3,13,0,18,0,0,12,0,12,2,3,25,0,30,0,0,0,30
01/22/2014,TTN,NJ,AEA,EN,Federal Contract Tower,8,4,16,0,28,0,0,42,0,42,8,4,58,0,70,4,0,4,74
01/23/2014,TTN,NJ,AEA,EN,Federal Contract Tower,7,11,19,0,37,0,0,68,2,70,7,11,87,2,107,70,0,70,177
01/24/2014,TTN,NJ,AEA,EN,Federal Contract Tower,10,4,20,2,36,0,0,109,14,123,10,4,129,16,159,36,0,36,195
01/25/2014,TTN,NJ,AEA,EN,Federal Contract Tower,7,11,8,0,26,0,0,0,0,0,7,11,8,0,26,16,0,16,42
01/26/2014,TTN,NJ,AEA,EN,Federal Contract Tower,7,9,15,0,31,0,0,78,0,78,7,9,93,0,109,68,0,68,177
01/27/2014,TTN,NJ,AEA,EN,Federal Contract Tower,9,3,17,0,29,0,0,51,7,58,9,3,68,7,87,32,8,40,127
01/28/2014,TTN,NJ,AEA,EN,Federal Contract Tower,7,5,24,1,37,0,0,71,6,77,7,5,95,7,114,68,5,73,187
01/29/2014,TTN,NJ,AEA,EN,Federal Contract Tower,10,3,17,3,33,0,0,79,17,96,10,3,96,20,129,89,2,91,220
01/30/2014,TTN,NJ,AEA,EN,Federal Contract Tower,7,19,26,4,56,0,0,101,5,106,7,19,127,9,162,164,0,164,326
01/31/2014,TTN,NJ,AEA,EN,Federal Contract Tower,10,9,25,0,44,0,0,100,11,111,10,9,125,11,155,128,4,132,287
02/01/2014,TTN,NJ,AEA,EN,Federal Contract Tower,8,1,21,2,32,0,0,100,9,109,8,1,121,11,141,107,1,108,249
02/02/2014,TTN,NJ,AEA,EN,Federal Contract Tower,8,11,20,0,39,0,0,89,12,101,8,11,109,12,140,94,0,94,234
02/03/2014,TTN,NJ,AEA,EN,Federal Contract Tower,9,6,10,0,25,0,0,0,0,0,9,6,10,0,25,0,0,0,25
02/04/2014,TTN,NJ,AEA,EN,Federal Contract Tower,6,9,20,0,35,0,0,66,4,70,6,9,86,4,105,48,0,48,153
02/05/2014,TTN,NJ,AEA,EN,Federal Contract Tower,6,2,10,0,18,0,0,0,0,0,6,2,10,0,18,0,0,0,18
02/06/2014,TTN,NJ,AEA,EN,Federal Contract Tower,8,11,25,1,45,0,0,72,5,77,8,11,97,6,122,59,1,60,182
02/07/2014,TTN,NJ,AEA,EN,Federal Contract Tower,10,7,26,0,43,0,0,85,8,93,10,7,111,8,136,52,0,52,188
02/08/2014,TTN,NJ,AEA,EN,Federal Contract Tower,8,10,18,0,36,0,0,88,0,88,8,10,106,0,124,75,0,75,199
02/09/2014,TTN,NJ,AEA,EN,Federal Contract Tower,7,11,16,0,34,0,0,47,0,47,7,11,63,0,81,66,0,66,147
02/10/2014,TTN,NJ,AEA,EN,Federal Contract Tower,7,6,30,1,44,0,0,83,20,103,7,6,113,21,147,77,2,79,226
02/11/2014,TTN,NJ,AEA,EN,Federal Contract Tower,6,7,25,1,39,0,0,98,13,111,6,7,123,14,150,121,1,122,272
02/12/2014,TTN,NJ,AEA,EN,Federal Contract Tower,14,6,35,3,58,0,0,108,13,121,14,6,143,16,179,97,0,97,276
02/13/2014,TTN,NJ,AEA,EN,Federal Contract Tower,7,2,4,0,13,0,0,0,0,0,7,2,4,0,13,0,0,0,13
02/14/2014,TTN,NJ,AEA,EN,Federal Contract Tower,14,7,25,0,46,0,0,31,0,31,14,7,56,0,77,0,0,0,77
02/15/2014,TTN,NJ,AEA,EN,Federal Contract Tower,9,0,8,0,17,0,0,1,0,1,9,0,9,0,18,0,0,0,18
02/16/2014,TTN,NJ,AEA,EN,Federal Contract Tower,15,3,6,0,24,0,0,55,0,55,15,3,61,0,79,152,0,152,231
02/17/2014,TTN,NJ,AEA,EN,Federal Contract Tower,14,9,25,1,49,0,0,90,3,93,14,9,115,4,142,107,0,107,249
02/18/2014,TTN,NJ,AEA,EN,Federal Contract Tower,8,9,14,1,32,0,0,42,11,53,8,9,56,12,85,70,0,70,155
02/19/2014,TTN,NJ,AEA,EN,Federal Contract Tower,16,13,16,2,47,0,0,29,6,35,16,13,45,8,82,22,0,22,104
02/20/2014,TTN,NJ,AEA,EN,Federal Contract Tower,13,8,15,2,38,0,0,70,20,90,13,8,85,22,128,162,0,162,290
02/21/2014,TTN,NJ,AEA,EN,Federal Contract Tower,11,13,23,2,49,0,0,14,0,14,11,13,37,2,63,10,0,10,73
02/22/2014,TTN,NJ,AEA,EN,Federal Contract Tower,10,15,18,2,45,0,0,105,0,105,10,15,123,2,150,188,0,188,338
02/23/2014,TTN,NJ,AEA,EN,Federal Contract Tower,15,9,27,2,53,0,0,129,0,129,15,9,156,2,182,75,0,75,257
02/24/2014,TTN,NJ,AEA,EN,Federal Contract Tower,15,4,21,1,41,0,0,94,17,111,15,4,115,18,152,65,0,65,217
02/25/2014,TTN,NJ,AEA,EN,Federal Contract Tower,7,5,27,0,39,0,0,51,5,56,7,5,78,5,95,109,0,109,204
02/26/2014,TTN,NJ,AEA,EN,Federal Contract Tower,14,6,21,0,41,0,0,22,10,32,14,6,43,10,73,0,0,0,73
02/27/2014,TTN,NJ,AEA,EN,Federal Contract Tower,12,15,23,4,54,0,0,78,5,83,12,15,101,9,137,58,9,67,204
02/28/2014,TTN,NJ,AEA,EN,Federal Contract Tower,15,11,19,3,48,0,0,117,6,123,15,11,136,9,171,94,1,95,266
03/01/2014,TTN,NJ,AEA,EN,Federal Contract Tower,8,7,17,3,35,0,0,117,2,119,8,7,134,5,154,176,0,176,330
03/02/2014,TTN,NJ,AEA,EN,Federal Contract Tower,15,4,18,2,39,0,0,38,0,38,15,4,56,2,77,75,0,75,152
03/03/2014,TTN,NJ,AEA,EN,Federal Contract Tower,15,4,7,0,26,0,0,12,0,12,15,4,19,0,38,9,0,9,47
03/04/2014,TTN,NJ,AEA,EN,Federal Contract Tower,8,13,34,2,57,0,0,95,14,109,8,13,129,16,166,95,6,101,267
03/05/2014,TTN,NJ,AEA,EN,Federal Contract Tower,14,15,29,3,61,0,0,116,3,119,14,15,145,6,180,86,4,90,270
03/06/2014,TTN,NJ,AEA,EN,Federal Contract Tower,13,16,20,3,52,0,1,86,9,96,13,17,106,12,148,138,1,139,287
03/07/2014,TTN,NJ,AEA,EN,Federal Contract Tower,15,11,22,2,50,0,0,83,0,83,15,11,105,2,133,93,0,93,226
03/08/2014,TTN,NJ,AEA,EN,Federal Contract Tower,10,11,7,0,28,0,0,109,2,111,10,11,116,2,139,187,0,187,326
03/09/2014,TTN,NJ,AEA,EN,Federal Contract Tower,14,10,9,2,35,0,0,85,0,85,14,10,94,2,120,119,0,119,239
03/10/2014,TTN,NJ,AEA,EN,Federal Contract Tower,15,8,22,2,47,0,0,20,0,20,15,8,42,2,67,80,0,80,147
03/11/2014,TTN,NJ,AEA,EN,Federal Contract Tower,8,13,28,4,53,0,0,126,8,134,8,13,154,12,187,182,2,184,371
03/12/2014,TTN,NJ,AEA,EN,Federal Contract Tower,15,13,20,0,48,0,0,65,3,68,15,13,85,3,116,46,0,46,162
03/13/2014,TTN,NJ,AEA,EN,Federal Contract Tower,13,11,18,0,42,0,0,24,3,27,13,11,42,3,69,0,0,0,69
03/14/2014,TTN,NJ,AEA,EN,Federal Contract Tower,15,14,28,2,59,0,0,99,2,101,15,14,127,4,160,154,0,154,314
03/15/2014,TTN,NJ,AEA,EN,Federal Contract Tower,9,3,17,0,29,0,0,69,0,69,9,3,86,0,98,71,0,71,169
03/16/2014,TTN,NJ,AEA,EN,Federal Contract Tower,15,4,18,0,37,0,1,125,0,126,15,5,143,0,163,213,0,213,376
03/17/2014,TTN,NJ,AEA,EN,Federal Contract Tower,15,2,10,4,31,0,0,25,2,27,15,2,35,6,58,45,0,45,103
03/18/2014,TTN,NJ,AEA,EN,Federal Contract Tower,9,6,19,8,42,0,0,68,4,72,9,6,87,12,114,109,6,115,229
03/19/2014,TTN,NJ,AEA,EN,Federal Contract Tower,15,6,27,2,50,0,0,42,2,44,15,6,69,4,94,20,0,20,114
03/20/2014,TTN,NJ,AEA,EN,Federal Contract Tower,13,8,35,4,60,0,0,59,2,61,13,8,94,6,121,89,0,89,210
03/21/2014,TTN,NJ,AEA,EN,Federal Contract Tower,15,7,31,4,57,0,0,141,4,145,15,7,172,8,202,100,0,100,302
03/22/2014,TTN,NJ,AEA,EN,Federal Contract Tower,10,7,14,0,31,0,0,88,0,88,10,7,102,0,119,111,0,111,230
03/23/2014,TTN,NJ,AEA,EN,Federal Contract Tower,15,11,12,0,38,0,0,112,1,113,15,11,124,1,151,234,0,234,385
03/24/2014,TTN,NJ,AEA,EN,Federal Contract Tower,15,6,33,3,57,0,0,104,9,113,15,6,137,12,170,85,0,85,255
03/25/2014,TTN,NJ,AEA,EN,Federal Contract Tower,10,6,33,2,51,0,0,63,1,64,10,6,96,3,115,107,0,107,222
03/26/2014,TTN,NJ,AEA,EN,Federal Contract Tower,16,3,22,0,41,0,0,46,6,52,16,3,68,6,93,1,0,1,94
03/27/2014,TTN,NJ,AEA,EN,Federal Contract Tower,13,5,17,2,37,0,0,114,4,118,13,5,131,6,155,113,0,113,268
03/28/2014,TTN,NJ,AEA,EN,Federal Contract Tower,15,9,16,0,40,0,0,40,4,44,15,9,56,4,84,2,0,2,86
03/29/2014,TTN,NJ,AEA,EN,Federal Contract Tower,8,3,23,1,35,0,0,10,0,10,8,3,33,1,45,31,0,31,76
03/30/2014,TTN,NJ,AEA,EN,Federal Contract Tower,13,13,31,0,57,0,0,0,0,0,13,13,31,0,57,0,0,0,57
03/31/2014,TTN,NJ,AEA,EN,Federal Contract Tower,15,7,18,0,40,0,0,42,6,48,15,7,60,6,88,21,0,21,109
04/01/2014,TTN,NJ,AEA,EN,Federal Contract Tower,11,11,25,0,47,0,0,123,7,130,11,11,148,7,177,164,0,164,341
04/02/2014,TTN,NJ,AEA,EN,Federal Contract Tower,16,4,23,2,45,0,0,75,7,82,16,4,98,9,127,108,0,108,235
04/03/2014,TTN,NJ,AEA,EN,Federal Contract Tower,13,10,22,3,48,0,0,87,0,87,13,10,109,3,135,84,7,91,226
04/04/2014,TTN,NJ,AEA,EN,Federal Contract Tower,14,8,52,0,74,0,0,27,0,27,14,8,79,0,101,0,0,0,101
04/05/2014,TTN,NJ,AEA,EN,Federal Contract Tower,9,9,24,0,42,0,0,55,0,55,9,9,79,0,97,31,0,31,128
04/06/2014,TTN,NJ,AEA,EN,Federal Contract Tower,15,2,18,0,35,0,0,126,0,126,15,2,144,0,161,142,0,142,303
04/07/2014,TTN,NJ,AEA,EN,Federal Contract Tower,15,5,21,0,41,0,0,48,1,49,15,5,69,1,90,42,0,42,132
04/08/2014,TTN,NJ,AEA,EN,Federal Contract Tower,10,3,27,0,40,0,0,53,8,61,10,3,80,8,101,15,0,15,116
04/09/2014,TTN,NJ,AEA,EN,Federal Contract Tower,17,11,27,0,55,0,0,94,9,103,17,11,121,9,158,119,2,121,279
04/10/2014,TTN,NJ,AEA,EN,Federal Contract Tower,13,8,36,0,57,0,0,118,2,120,13,8,154,2,177,100,0,100,277
04/11/2014,TTN,NJ,AEA,EN,Federal Contract Tower,17,9,27,4,57,0,0,132,6,138,17,9,159,10,195,103,0,103,298
04/12/2014,TTN,NJ,AEA,EN,Federal Contract Tower,9,10,21,0,40,0,1,120,2,123,9,11,141,2,163,226,0,226,389
04/13/2014,TTN,NJ,AEA,EN,Federal Contract Tower,17,6,19,0,42,0,0,93,0,93,17,6,112,0,135,99,0,99,234
04/14/2014,TTN,NJ,AEA,EN,Federal Contract Tower,15,7,24,2,48,0,0,65,6,71,15,7,89,8,119,44,0,44,163
04/15/2014,TTN,NJ,AEA,EN,Federal Contract Tower,10,8,18,2,38,0,0,2,0,2,10,8,20,2,40,0,0,0,40
04/16/2014,TTN,NJ,AEA,EN,Federal Contract Tower,16,8,23,6,53,0,1,41,6,48,16,9,64,12,101,81,2,83,184
04/17/2014,TTN,NJ,AEA,EN,Federal Contract Tower,13,11,26,3,53,0,0,87,6,93,13,11,113,9,146,144,0,144,290
04/18/2014,TTN,NJ,AEA,EN,Federal Contract Tower,14,17,23,1,55,0,0,90,0,90,14,17,113,1,145,132,0,132,277
04/19/2014,TTN,NJ,AEA,EN,Federal Contract Tower,8,8,23,2,41,0,0,92,0,92,8,8,115,2,133,180,0,180,313
04/20/2014,TTN,NJ,AEA,EN,Federal Contract Tower,17,9,8,0,34,0,0,47,0,47,17,9,55,0,81,41,0,41,122
04/21/2014,TTN,NJ,AEA,EN,Federal Contract Tower,14,16,36,6,72,0,0,125,8,133,14,16,161,14,205,82,0,82,287
04/22/2014,TTN,NJ,AEA,EN,Federal Contract Tower,10,10,11,2,33,0,0,80,7,87,10,10,91,9,120,82,0,82,202
04/23/2014,TTN,NJ,AEA,EN,Federal Contract Tower,15,12,32,2,61,0,0,54,17,71,15,12,86,19,132,0,2,2,134
04/24/2014,TTN,NJ,AEA,EN,Federal Contract Tower,12,10,39,3,64,0,0,78,1,79,12,10,117,4,143,94,0,94,237
04/25/2014,TTN,NJ,AEA,EN,Federal Contract Tower,15,19,27,1,62,0,0,128,6,134,15,19,155,7,196,98,0,98,294
04/26/2014,TTN,NJ,AEA,EN,Federal Contract Tower,9,5,22,2,38,0,0,87,9,96,9,5,109,11,134,93,4,97,231
04/27/2014,TTN,NJ,AEA,EN,Federal Contract Tower,16,10,21,3,50,0,0,95,2,97,16,10,116,5,147,99,0,99,246
04/28/2014,TTN,NJ,AEA,EN,Federal Contract Tower,13,4,32,0,49,0,0,109,5,114,13,4,141,5,163,95,2,97,260
04/29/2014,TTN,NJ,AEA,EN,Federal Contract Tower,16,12,30,4,62,0,0,39,3,42,16,12,69,7,104,0,0,0,104
04/30/2014,TTN,NJ,AEA,EN,Federal Contract Tower,12,9,31,0,52,0,0,0,0,0,12,9,31,0,52,0,0,0,52
05/01/2014,TTN,NJ,AEA,EN,Federal Contract Tower,17,14,49,2,82,0,0,26,11,37,17,14,75,13,119,52,0,52,171
05/02/2014,TTN,NJ,AEA,EN,Federal Contract Tower,18,22,21,0,61,0,0,165,0,165,18,22,186,0,226,79,0,79,305
05/03/2014,TTN,NJ,AEA,EN,Federal Contract Tower,14,4,18,0,36,0,0,90,0,90,14,4,108,0,126,138,0,138,264
05/04/2014,TTN,NJ,AEA,EN,Federal Contract Tower,17,14,25,0,56,0,0,52,5,57,17,14,77,5,113,104,0,104,217
05/05/2014,TTN,NJ,AEA,EN,Federal Contract Tower,18,3,38,0,59,0,0,100,0,100,18,3,138,0,159,169,0,169,328
05/06/2014,TTN,NJ,AEA,EN,Federal Contract Tower,19,8,20,0,47,0,0,92,3,95,19,8,112,3,142,79,0,79,221
05/07/2014,TTN,NJ,AEA,EN,Federal Contract Tower,16,8,37,0,61,0,0,136,5,141,16,8,173,5,202,162,0,162,364
05/08/2014,TTN,NJ,AEA,EN,Federal Contract Tower,16,20,54,3,93,0,0,3,0,3,16,20,57,3,96,12,0,12,108
05/09/2014,TTN,NJ,AEA,EN,Federal Contract Tower,17,21,22,0,60,0,0,15,0,15,17,21,37,0,75,14,0,14,89
05/10/2014,TTN,NJ,AEA,EN,Federal Contract Tower,14,3,12,1,30,0,0,25,0,25,14,3,37,1,55,27,0,27,82
05/11/2014,TTN,NJ,AEA,EN,Federal Contract Tower,16,6,23,0,45,0,0,111,4,115,16,6,134,4,160,67,0,67,227
05/12/2014,TTN,NJ,AEA,EN,Federal Contract Tower,16,9,23,0,48,0,0,148,2,150,16,9,171,2,198,142,0,142,340
05/13/2014,TTN,NJ,AEA,EN,Federal Contract Tower,15,14,25,0,54,0,0,120,0,120,15,14,145,0,174,153,0,153,327
05/14/2014,TTN,NJ,AEA,EN,Federal Contract Tower,16,6,50,6,78,0,0,31,2,33,16,6,81,8,111,50,16,66,177
05/15/2014,TTN,NJ,AEA,EN,Federal Contract Tower,16,14,38,0,68,0,0,19,2,21,16,14,57,2,89,9,0,9,98
05/16/2014,TTN,NJ,AEA,EN,Federal Contract Tower,18,15,19,4,56,0,0,0,0,0,18,15,19,4,56,0,0,0,56
05/17/2014,TTN,NJ,AEA,EN,Federal Contract Tower,15,8,11,0,34,0,0,112,0,112,15,8,123,0,146,164,0,164,310
05/18/2014,TTN,NJ,AEA,EN,Federal Contract Tower,17,7,26,0,50,0,0,113,0,113,17,7,139,0,163,140,0,140,303
05/19/2014,TTN,NJ,AEA,EN,Federal Contract Tower,16,6,20,0,42,0,0,115,0,115,16,6,135,0,157,58,0,58,215
05/20/2014,TTN,NJ,AEA,EN,Federal Contract Tower,16,7,21,0,44,0,1,94,1,96,16,8,115,1,140,75,0,75,215
05/21/2014,TTN,NJ,AEA,EN,Federal Contract Tower,15,10,25,0,50,0,0,79,1,80,15,10,104,1,130,156,1,157,287
05/22/2014,TTN,NJ,AEA,EN,Federal Contract Tower,13,16,52,0,81,0,0,4,0,4,13,16,56,0,85,4,0,4,89
05/23/2014,TTN,NJ,AEA,EN,Federal Contract Tower,15,12,26,0,53,0,0,59,0,59,15,12,85,0,112,92,0,92,204
05/24/2014,TTN,NJ,AEA,EN,Federal Contract Tower,15,8,22,0,45,0,0,70,2,72,15,8,92,2,117,101,0,101,218
05/25/2014,TTN,NJ,AEA,EN,Federal Contract Tower,16,8,7,0,31,0,0,91,0,91,16,8,98,0,122,132,0,132,254
05/26/2014,TTN,NJ,AEA,EN,Federal Contract Tower,14,9,18,0,41,0,0,107,4,111,14,9,125,4,152,68,0,68,220
05/27/2014,TTN,NJ,AEA,EN,Federal Contract Tower,15,6,15,0,36,0,0,98,4,102,15,6,113,4,138,60,14,74,212
05/28/2014,TTN,NJ,AEA,EN,Federal Contract Tower,15,9,47,0,71,0,0,2,0,2,15,9,49,0,73,2,0,2,75
05/29/2014,TTN,NJ,AEA,EN,Federal Contract Tower,16,9,40,0,65,0,0,66,4,70,16,9,106,4,135,130,0,130,265
05/30/2014,TTN,NJ,AEA,EN,Federal Contract Tower,15,22,40,1,78,0,0,113,3,116,15,22,153,4,194,88,1,89,283
05/31/2014,TTN,NJ,AEA,EN,Federal Contract Tower,14,17,15,0,46,0,0,109,0,109,14,17,124,0,155,175,0,175,330
06/01/2014,TTN,NJ,AEA,EN,Federal Contract Tower,16,27,36,0,79,0,0,143,0,143,16,27,179,0,222,108,0,108,330
06/02/2014,TTN,NJ,AEA,EN,Federal Contract Tower,16,11,21,4,52,0,0,102,7,109,16,11,123,11,161,74,4,78,239
06/03/2014,TTN,NJ,AEA,EN,Federal Contract Tower,16,22,22,2,62,0,0,69,3,72,16,22,91,5,134,20,0,20,154
06/04/2014,TTN,NJ,AEA,EN,Federal Contract Tower,16,10,17,3,46,0,0,102,10,112,16,10,119,13,158,88,1,89,247
06/05/2014,TTN,NJ,AEA,EN,Federal Contract Tower,17,14,29,3,63,0,0,25,0,25,17,14,54,3,88,54,0,54,142
06/06/2014,TTN,NJ,AEA,EN,Federal Contract Tower,18,15,19,0,52,0,0,127,6,133,18,15,146,6,185,118,0,118,303
06/07/2014,TTN,NJ,AEA,EN,Federal Contract Tower,12,8,16,0,36,0,0,105,9,114,12,8,121,9,150,177,7,184,334
06/08/2014,TTN,NJ,AEA,EN,Federal Contract Tower,15,9,25,0,49,0,0,98,2,100,15,9,123,2,149,140,0,140,289
06/09/2014,TTN,NJ,AEA,EN,Federal Contract Tower,15,11,57,0,83,0,0,11,2,13,15,11,68,2,96,26,0,26,122
06/10/2014,TTN,NJ,AEA,EN,Federal Contract Tower,16,7,46,0,69,0,0,38,8,46,16,7,84,8,115,52,0,52,167
06/11/2014,TTN,NJ,AEA,EN,Federal Contract Tower,14,6,52,0,72,0,0,11,0,11,14,6,63,0,83,10,0,10,93
06/12/2014,TTN,NJ,AEA,EN,Federal Contract Tower,15,6,29,0,50,0,0,2,0,2,15,6,31,0,52,1,0,1,53
06/13/2014,TTN,NJ,AEA,EN,Federal Contract Tower,15,8,41,3,67,0,0,14,0,14,15,8,55,3,81,14,0,14,95
06/14/2014,TTN,NJ,AEA,EN,Federal Contract Tower,17,183,31,2,233,0,1,45,0,46,17,184,76,2,279,4,0,4,283
06/15/2014,TTN,NJ,AEA,EN,Federal Contract Tower,20,8,21,3,52,0,0,83,2,85,20,8,104,5,137,137,0,137,274
06/16/2014,TTN,NJ,AEA,EN,Federal Contract Tower,18,7,22,4,51,0,0,141,6,147,18,7,163,10,198,125,0,125,323
06/17/2014,TTN,NJ,AEA,EN,Federal Contract Tower,18,6,19,4,47,0,0,82,10,92,18,6,101,14,139,158,3,161,300
06/18/2014,TTN,NJ,AEA,EN,Federal Contract Tower,19,9,21,2,51,0,0,100,13,113,19,9,121,15,164,109,6,115,279
06/19/2014,TTN,NJ,AEA,EN,Federal Contract Tower,18,11,29,3,61,0,0,56,7,63,18,11,85,10,124,40,0,40,164
06/20/2014,TTN,NJ,AEA,EN,Federal Contract Tower,22,31,43,3,99,0,0,144,4,148,22,31,187,7,247,42,0,42,289
06/21/2014,TTN,NJ,AEA,EN,Federal Contract Tower,18,167,25,0,210,0,1,52,0,53,18,168,77,0,263,61,0,61,324
06/22/2014,TTN,NJ,AEA,EN,Federal Contract Tower,19,7,30,0,56,0,0,73,0,73,19,7,103,0,129,103,0,103,232
06/23/2014,TTN,NJ,AEA,EN,Federal Contract Tower,19,8,26,4,57,0,0,121,11,132,19,8,147,15,189,113,0,113,302
06/24/2014,TTN,NJ,AEA,EN,Federal Contract Tower,17,12,39,2,70,0,0,110,4,114,17,12,149,6,184,142,0,142,326
06/25/2014,TTN,NJ,AEA,EN,Federal Contract Tower,15,10,29,3,57,0,0,67,5,72,15,10,96,8,129,34,0,34,163
06/26/2014,TTN,NJ,AEA,EN,Federal Contract Tower,18,13,46,5,82,0,0,99,4,103,18,13,145,9,185,57,0,57,242
06/27/2014,TTN,NJ,AEA,EN,Federal Contract Tower,20,19,39,3,81,0,0,121,4,125,20,19,160,7,206,115,0,115,321
06/28/2014,TTN,NJ,AEA,EN,Federal Contract Tower,17,10,20,2,49,0,0,125,0,125,17,10,145,2,174,155,0,155,329
06/29/2014,TTN,NJ,AEA,EN,Federal Contract Tower,19,11,17,2,49,0,0,100,2,102,19,11,117,4,151,92,0,92,243
06/30/2014,TTN,NJ,AEA,EN,Federal Contract Tower,18,9,14,5,46,0,0,86,2,88,18,9,100,7,134,150,3,153,287
07/01/2014,TTN,NJ,AEA,EN,Federal Contract Tower,17,10,23,1,51,0,0,98,4,102,17,10,121,5,153,143,4,147,300
07/02/2014,TTN,NJ,AEA,EN,Federal Contract Tower,20,15,15,1,51,0,0,71,10,81,20,15,86,11,132,66,0,66,198
07/03/2014,TTN,NJ,AEA,EN,Federal Contract Tower,13,11,23,0,47,0,0,22,0,22,13,11,45,0,69,22,0,22,91
07/04/2014,TTN,NJ,AEA,EN,Federal Contract Tower,20,5,3,0,28,0,0,8,0,8,20,5,11,0,36,0,0,0,36
07/05/2014,TTN,NJ,AEA,EN,Federal Contract Tower,16,3,14,0,33,0,0,80,0,80,16,3,94,0,113,87,8,95,208
07/06/2014,TTN,NJ,AEA,EN,Federal Contract Tower,19,12,23,0,54,0,0,94,0,94,19,12,117,0,148,72,0,72,220
07/07/2014,TTN,NJ,AEA,EN,Federal Contract Tower,18,7,14,0,39,0,0,84,6,90,18,7,98,6,129,126,0,126,255
07/08/2014,TTN,NJ,AEA,EN,Federal Contract Tower,16,8,20,0,44,0,0,103,2,105,16,8,123,2,149,84,0,84,233
07/09/2014,TTN,NJ,AEA,EN,Federal Contract Tower,19,10,24,1,54,0,0,121,5,126,19,10,145,6,180,69,9,78,258
07/10/2014,TTN,NJ,AEA,EN,Federal Contract Tower,19,12,31,0,62,0,0,108,8,116,19,12,139,8,178,106,0,106,284
07/11/2014,TTN,NJ,AEA,EN,Federal Contract Tower,20,5,27,0,52,0,0,106,2,108,20,5,133,2,160,89,6,95,255
07/12/2014,TTN,NJ,AEA,EN,Federal Contract Tower,17,7,7,0,31,0,0,101,0,101,17,7,108,0,132,150,0,150,282
07/13/2014,TTN,NJ,AEA,EN,Federal Contract Tower,13,9,31,0,53,0,0,80,0,80,13,9,111,0,133,104,0,104,237
07/14/2014,TTN,NJ,AEA,EN,Federal Contract Tower,18,5,21,0,44,0,0,65,3,68,18,5,86,3,112,70,0,70,182
07/15/2014,TTN,NJ,AEA,EN,Federal Contract Tower,17,8,19,0,44,0,0,11,0,11,17,8,30,0,55,0,0,0,55
07/16/2014,TTN,NJ,AEA,EN,Federal Contract Tower,17,7,20,4,48,0,0,118,4,122,17,7,138,8,170,111,0,111,281
07/17/2014,TTN,NJ,AEA,EN,Federal Contract Tower,17,15,15,1,48,0,0,101,8,109,17,15,116,9,157,124,2,126,283
07/18/2014,TTN,NJ,AEA,EN,Federal Contract Tower,20,16,32,0,68,0,0,158,5,163,20,16,190,5,231,147,4,151,382
07/19/2014,TTN,NJ,AEA,EN,Federal Contract Tower,17,5,21,0,43,0,0,105,2,107,17,5,126,2,150,69,0,69,219
07/20/2014,TTN,NJ,AEA,EN,Federal Contract Tower,19,14,17,0,50,0,0,87,1,88,19,14,104,1,138,132,0,132,270
07/21/2014,TTN,NJ,AEA,EN,Federal Contract Tower,17,12,28,1,58,0,0,97,3,100,17,12,125,4,158,98,2,100,258
07/22/2014,TTN,NJ,AEA,EN,Federal Contract Tower,19,2,39,2,62,0,0,162,3,165,19,2,201,5,227,140,0,140,367
07/23/2014,TTN,NJ,AEA,EN,Federal Contract Tower,19,13,27,0,59,0,0,85,0,85,19,13,112,0,144,66,2,68,212
07/24/2014,TTN,NJ,AEA,EN,Federal Contract Tower,18,16,42,3,79,0,0,121,5,126,18,16,163,8,205,98,1,99,304
07/25/2014,TTN,NJ,AEA,EN,Federal Contract Tower,20,17,27,0,64,0,0,167,1,168,20,17,194,1,232,137,0,137,369
07/26/2014,TTN,NJ,AEA,EN,Federal Contract Tower,18,4,18,0,40,0,0,121,0,121,18,4,139,0,161,152,0,152,313
07/27/2014,TTN,NJ,AEA,EN,Federal Contract Tower,17,16,26,0,59,0,0,60,0,60,17,16,86,0,119,83,0,83,202
07/28/2014,TTN,NJ,AEA,EN,Federal Contract Tower,18,13,30,2,63,0,0,48,4,52,18,13,78,6,115,37,2,39,154
07/29/2014,TTN,NJ,AEA,EN,Federal Contract Tower,18,7,26,0,51,0,0,131,16,147,18,7,157,16,198,33,4,37,235
07/30/2014,TTN,NJ,AEA,EN,Federal Contract Tower,20,8,26,1,55,0,0,110,10,120,20,8,136,11,175,117,0,117,292
07/31/2014,TTN,NJ,AEA,EN,Federal Contract Tower,18,5,25,0,48,0,0,99,2,101,18,5,124,2,149,118,2,120,269
08/01/2014,TTN,NJ,AEA,EN,Federal Contract Tower,20,3,22,0,45,0,0,58,0,58,20,3,80,0,103,40,0,40,143
08/02/2014,TTN,NJ,AEA,EN,Federal Contract Tower,16,2,20,2,40,0,0,30,0,30,16,2,50,2,70,67,0,67,137
08/03/2014,TTN,NJ,AEA,EN,Federal Contract Tower,18,7,43,0,68,0,0,41,0,41,18,7,84,0,109,34,0,34,143
08/04/2014,TTN,NJ,AEA,EN,Federal Contract Tower,19,8,24,0,51,0,1,71,6,78,19,9,95,6,129,90,0,90,219
08/05/2014,TTN,NJ,AEA,EN,Federal Contract Tower,17,6,27,4,54,0,0,128,0,128,17,6,155,4,182,134,0,134,316
08/06/2014,TTN,NJ,AEA,EN,Federal Contract Tower,20,15,20,0,55,0,0,109,5,114,20,15,129,5,169,73,0,73,242
08/07/2014,TTN,NJ,AEA,EN,Federal Contract Tower,18,14,36,2,70,0,0,112,5,117,18,14,148,7,187,134,19,153,340
08/08/2014,TTN,NJ,AEA,EN,Federal Contract Tower,19,11,26,1,57,0,0,145,0,145,19,11,171,1,202,187,0,187,389
08/09/2014,TTN,NJ,AEA,EN,Federal Contract Tower,14,1,25,0,40,0,0,121,0,121,14,1,146,0,161,100,0,100,261
08/10/2014,TTN,NJ,AEA,EN,Federal Contract Tower,18,9,16,0,43,0,0,88,0,88,18,9,104,0,131,108,0,108,239
08/11/2014,TTN,NJ,AEA,EN,Federal Contract Tower,17,6,23,0,46,0,0,110,2,112,17,6,133,2,158,132,0,132,290
08/12/2014,TTN,NJ,AEA,EN,Federal Contract Tower,18,10,33,0,61,0,0,27,0,27,18,10,60,0,88,50,0,50,138
08/13/2014,TTN,NJ,AEA,EN,Federal Contract Tower,21,8,24,2,55,0,0,42,0,42,21,8,66,2,97,34,0,34,131
08/14/2014,TTN,NJ,AEA,EN,Federal Contract Tower,20,5,22,0,47,0,1,131,1,133,20,6,153,1,180,71,2,73,253
08/15/2014,TTN,NJ,AEA,EN,Federal Contract Tower,17,4,28,0,49,0,0,147,0,147,17,4,175,0,196,160,0,160,356
08/16/2014,TTN,NJ,AEA,EN,Federal Contract Tower,17,7,11,0,35,0,0,104,15,119,17,7,115,15,154,96,0,96,250
08/17/2014,TTN,NJ,AEA,EN,Federal Contract Tower,20,9,18,2,49,0,4,72,1,77,20,13,90,3,126,148,0,148,274
08/18/2014,TTN,NJ,AEA,EN,Federal Contract Tower,16,18,32,0,66,0,0,91,0,91,16,18,123,0,157,130,0,130,287
08/19/2014,TTN,NJ,AEA,EN,Federal Contract Tower,20,6,29,0,55,0,0,82,6,88,20,6,111,6,143,84,2,86,229
08/20/2014,TTN,NJ,AEA,EN,Federal Contract Tower,16,5,27,0,48,0,0,93,3,96,16,5,120,3,144,74,2,76,220
08/21/2014,TTN,NJ,AEA,EN,Federal Contract Tower,19,11,44,0,74,0,0,100,3,103,19,11,144,3,177,54,0,54,231
08/22/2014,TTN,NJ,AEA,EN,Federal Contract Tower,16,16,46,0,78,0,0,66,0,66,16,16,112,0,144,0,0,0,144
08/23/2014,TTN,NJ,AEA,EN,Federal Contract Tower,17,5,18,0,40,0,0,39,0,39,17,5,57,0,79,28,0,28,107
08/24/2014,TTN,NJ,AEA,EN,Federal Contract Tower,20,13,19,0,52,0,0,115,0,115,20,13,134,0,167,143,0,143,310
08/25/2014,TTN,NJ,AEA,EN,Federal Contract Tower,14,5,30,0,49,0,0,83,0,83,14,5,113,0,132,80,0,80,212
08/26/2014,TTN,NJ,AEA,EN,Federal Contract Tower,20,14,33,0,67,0,0,120,2,122,20,14,153,2,189,128,4,132,321
08/27/2014,TTN,NJ,AEA,EN,Federal Contract Tower,16,6,19,0,41,0,0,103,6,109,16,6,122,6,150,70,0,70,220
08/28/2014,TTN,NJ,AEA,EN,Federal Contract Tower,20,8,27,0,55,0,0,76,0,76,20,8,103,0,131,10,0,10,141
08/29/2014,TTN,NJ,AEA,EN,Federal Contract Tower,17,10,21,1,49,0,0,133,0,133,17,10,154,1,182,106,0,106,288
08/30/2014,TTN,NJ,AEA,EN,Federal Contract Tower,17,3,10,0,30,0,0,92,0,92,17,3,102,0,122,76,0,76,198
08/31/2014,TTN,NJ,AEA,EN,Federal Contract Tower,17,3,13,0,33,0,0,25,0,25,17,3,38,0,58,14,0,14,72
09/01/2014,TTN,NJ,AEA,EN,Federal Contract Tower,16,7,25,0,48,0,0,50,0,50,16,7,75,0,98,62,0,62,160
09/02/2014,TTN,NJ,AEA,EN,Federal Contract Tower,19,9,22,0,50,0,0,68,5,73,19,9,90,5,123,67,0,67,190
09/03/2014,TTN,NJ,AEA,EN,Federal Contract Tower,13,10,23,1,47,0,0,117,12,129,13,10,140,13,176,94,2,96,272
09/04/2014,TTN,NJ,AEA,EN,Federal Contract Tower,19,12,19,0,50,0,0,122,2,124,19,12,141,2,174,51,2,53,227
09/05/2014,TTN,NJ,AEA,EN,Federal Contract Tower,15,14,38,2,69,0,0,87,5,92,15,14,125,7,161,96,0,96,257
09/06/2014,TTN,NJ,AEA,EN,Federal Contract Tower,15,9,14,0,38,0,0,44,0,44,15,9,58,0,82,36,0,36,118
09/07/2014,TTN,NJ,AEA,EN,Federal Contract Tower,20,10,17,0,47,0,0,167,0,167,20,10,184,0,214,152,0,152,366
09/08/2014,TTN,NJ,AEA,EN,Federal Contract Tower,16,7,30,0,53,0,0,117,0,117,16,7,147,0,170,104,0,104,274
09/09/2014,TTN,NJ,AEA,EN,Federal Contract Tower,20,9,39,1,69,0,0,88,4,92,20,9,127,5,161,131,10,141,302
09/10/2014,TTN,NJ,AEA,EN,Federal Contract Tower,15,12,28,0,55,0,0,129,3,132,15,12,157,3,187,139,1,140,327
09/11/2014,TTN,NJ,AEA,EN,Federal Contract Tower,21,2,26,6,55,0,0,85,0,85,21,2,111,6,140,21,0,21,161
09/12/2014,TTN,NJ,AEA,EN,Federal Contract Tower,17,2,34,4,57,0,0,163,0,163,17,2,197,4,220,174,0,174,394
09/13/2014,TTN,NJ,AEA,EN,Federal Contract Tower,17,4,11,2,34,0,0,27,0,27,17,4,38,2,61,38,0,38,99
09/14/2014,TTN,NJ,AEA,EN,Federal Contract Tower,20,0,37,0,57,0,0,113,0,113,20,0,150,0,170,136,0,136,306
09/15/2014,TTN,NJ,AEA,EN,Federal Contract Tower,12,7,24,1,44,0,0,119,1,120,12,7,143,2,164,119,0,119,283
09/16/2014,TTN,NJ,AEA,EN,Federal Contract Tower,20,7,43,0,70,0,0,73,0,73,20,7,116,0,143,108,0,108,251
09/17/2014,TTN,NJ,AEA,EN,Federal Contract Tower,14,10,22,0,46,0,1,153,18,172,14,11,175,18,218,147,2,149,367
09/18/2014,TTN,NJ,AEA,EN,Federal Contract Tower,21,18,32,0,71,0,0,115,4,119,21,18,147,4,190,151,0,151,341
09/19/2014,TTN,NJ,AEA,EN,Federal Contract Tower,17,9,33,0,59,0,0,139,0,139,17,9,172,0,198,121,0,121,319
09/20/2014,TTN,NJ,AEA,EN,Federal Contract Tower,17,12,8,0,37,0,0,95,2,97,17,12,103,2,134,145,0,145,279
09/21/2014,TTN,NJ,AEA,EN,Federal Contract Tower,21,8,19,0,48,0,0,26,0,26,21,8,45,0,74,18,0,18,92
09/22/2014,TTN,NJ,AEA,EN,Federal Contract Tower,16,9,15,0,40,0,0,118,0,118,16,9,133,0,158,93,2,95,253
09/23/2014,TTN,NJ,AEA,EN,Federal Contract Tower,20,14,18,0,52,0,0,122,6,128,20,14,140,6,180,126,6,132,312
09/24/2014,TTN,NJ,AEA,EN,Federal Contract Tower,14,5,23,0,42,0,0,103,2,105,14,5,126,2,147,97,0,97,244
09/25/2014,TTN,NJ,AEA,EN,Federal Contract Tower,20,10,31,0,61,0,0,12,0,12,20,10,43,0,73,21,0,21,94
09/26/2014,TTN,NJ,AEA,EN,Federal Contract Tower,16,7,38,0,61,0,0,141,3,144,16,7,179,3,205,126,0,126,331
09/27/2014,TTN,NJ,AEA,EN,Federal Contract Tower,15,4,28,0,47,0,0,150,0,150,15,4,178,0,197,179,0,179,376
09/28/2014,TTN,NJ,AEA,EN,Federal Contract Tower,19,7,27,0,53,0,0,130,0,130,19,7,157,0,183,172,0,172,355
09/29/2014,TTN,NJ,AEA,EN,Federal Contract Tower,16,11,23,0,50,0,0,135,1,136,16,11,158,1,186,92,0,92,278
09/30/2014,TTN,NJ,AEA,EN,Federal Contract Tower,21,9,33,2,65,0,0,119,0,119,21,9,152,2,184,62,0,62,246
10/01/2014,TTN,NJ,AEA,EN,Federal Contract Tower,16,11,40,0,67,0,0,70,7,77,16,11,110,7,144,137,8,145,289
10/02/2014,TTN,NJ,AEA,EN,Federal Contract Tower,19,14,39,0,72,0,0,81,4,85,19,14,120,4,157,99,0,99,256
10/03/2014,TTN,NJ,AEA,EN,Federal Contract Tower,17,12,31,0,60,0,0,85,2,87,17,12,116,2,147,101,0,101,248
10/04/2014,TTN,NJ,AEA,EN,Federal Contract Tower,17,6,15,0,38,0,0,29,0,29,17,6,44,0,67,38,0,38,105
10/05/2014,TTN,NJ,AEA,EN,Federal Contract Tower,18,3,20,0,41,0,0,121,0,121,18,3,141,0,162,224,0,224,386
10/06/2014,TTN,NJ,AEA,EN,Federal Contract Tower,17,4,20,1,42,0,0,99,3,102,17,4,119,4,144,66,0,66,210
10/07/2014,TTN,NJ,AEA,EN,Federal Contract Tower,19,5,45,1,70,0,0,117,10,127,19,5,162,11,197,200,0,200,397
10/08/2014,TTN,NJ,AEA,EN,Federal Contract Tower,16,14,39,0,69,0,0,120,6,126,16,14,159,6,195,119,0,119,314
10/09/2014,TTN,NJ,AEA,EN,Federal Contract Tower,19,6,28,0,53,0,0,116,3,119,19,6,144,3,172,100,0,100,272
10/10/2014,TTN,NJ,AEA,EN,Federal Contract Tower,17,17,28,2,64,0,0,112,0,112,17,17,140,2,176,64,0,64,240
10/11/2014,TTN,NJ,AEA,EN,Federal Contract Tower,17,10,24,2,53,0,0,12,0,12,17,10,36,2,65,0,0,0,65
10/12/2014,TTN,NJ,AEA,EN,Federal Contract Tower,19,10,24,0,53,0,0,122,0,122,19,10,146,0,175,116,0,116,291
10/13/2014,TTN,NJ,AEA,EN,Federal Contract Tower,16,12,61,0,89,0,0,55,0,55,16,12,116,0,144,48,0,48,192
10/14/2014,TTN,NJ,AEA,EN,Federal Contract Tower,19,10,20,2,51,0,0,105,4,109,19,10,125,6,160,96,0,96,256
10/15/2014,TTN,NJ,AEA,EN,Federal Contract Tower,14,13,24,0,51,0,0,33,2,35,14,13,57,2,86,4,0,4,90
10/16/2014,TTN,NJ,AEA,EN,Federal Contract Tower,17,9,33,0,59,0,0,55,4,59,17,9,88,4,118,32,0,32,150
10/17/2014,TTN,NJ,AEA,EN,Federal Contract Tower,17,18,29,0,64,0,0,118,2,120,17,18,147,2,184,126,0,126,310
10/18/2014,TTN,NJ,AEA,EN,Federal Contract Tower,17,2,22,1,42,0,0,123,0,123,17,2,145,1,165,144,0,144,309
10/19/2014,TTN,NJ,AEA,EN,Federal Contract Tower,23,1,19,2,45,0,0,66,2,68,23,1,85,4,113,56,0,56,169
10/20/2014,TTN,NJ,AEA,EN,Federal Contract Tower,16,10,26,0,52,0,2,114,5,121,16,12,140,5,173,120,0,120,293
10/21/2014,TTN,NJ,AEA,EN,Federal Contract Tower,19,11,35,2,67,0,1,141,2,144,19,12,176,4,211,149,0,149,360
10/22/2014,TTN,NJ,AEA,EN,Federal Contract Tower,16,18,19,0,53,0,0,12,0,12,16,18,31,0,65,12,0,12,77
10/23/2014,TTN,NJ,AEA,EN,Federal Contract Tower,20,14,43,2,79,0,0,33,0,33,20,14,76,2,112,47,0,47,159
10/24/2014,TTN,NJ,AEA,EN,Federal Contract Tower,17,8,22,2,49,0,0,138,0,138,17,8,160,2,187,91,0,91,278
10/25/2014,TTN,NJ,AEA,EN,Federal Contract Tower,18,21,25,0,64,0,2,154,0,156,18,23,179,0,220,129,0,129,349
10/26/2014,TTN,NJ,AEA,EN,Federal Contract Tower,19,8,14,0,41,0,0,78,0,78,19,8,92,0,119,28,0,28,147
10/27/2014,TTN,NJ,AEA,EN,Federal Contract Tower,16,7,14,1,38,0,0,150,1,151,16,7,164,2,189,138,0,138,327
10/28/2014,TTN,NJ,AEA,EN,Federal Contract Tower,19,3,22,3,47,0,0,160,0,160,19,3,182,3,207,164,0,164,371
10/29/2014,TTN,NJ,AEA,EN,Federal Contract Tower,16,11,29,1,57,0,0,67,1,68,16,11,96,2,125,110,0,110,235
10/30/2014,TTN,NJ,AEA,EN,Federal Contract Tower,19,5,28,2,54,0,0,99,4,103,19,5,127,6,157,89,0,89,246
10/31/2014,TTN,NJ,AEA,EN,Federal Contract Tower,17,15,36,2,70,0,0,107,0,107,17,15,143,2,177,127,0,127,304
11/01/2014,TTN,NJ,AEA,EN,Federal Contract Tower,14,7,11,0,32,0,0,0,0,0,14,7,11,0,32,0,0,0,32
11/02/2014,TTN,NJ,AEA,EN,Federal Contract Tower,19,9,17,0,45,0,0,35,0,35,19,9,52,0,80,16,0,16,96
11/03/2014,TTN,NJ,AEA,EN,Federal Contract Tower,16,1,27,1,45,0,0,97,2,99,16,1,124,3,144,41,0,41,185
11/04/2014,TTN,NJ,AEA,EN,Federal Contract Tower,19,4,29,0,52,0,0,135,2,137,19,4,164,2,189,71,0,71,260
11/05/2014,TTN,NJ,AEA,EN,Federal Contract Tower,15,10,21,2,48,0,0,115,0,115,15,10,136,2,163,106,0,106,269
11/06/2014,TTN,NJ,AEA,EN,Federal Contract Tower,19,7,47,2,75,0,0,5,0,5,19,7,52,2,80,0,0,0,80
11/07/2014,TTN,NJ,AEA,EN,Federal Contract Tower,17,11,21,2,51,0,0,117,0,117,17,11,138,2,168,67,0,67,235
11/08/2014,TTN,NJ,AEA,EN,Federal Contract Tower,17,6,16,0,39,0,0,137,2,139,17,6,153,2,178,134,2,136,314
11/09/2014,TTN,NJ,AEA,EN,Federal Contract Tower,18,6,25,0,49,0,0,153,0,153,18,6,178,0,202,136,0,136,338
11/10/2014,TTN,NJ,AEA,EN,Federal Contract Tower,15,7,28,2,52,0,0,123,0,123,15,7,151,2,175,113,0,113,288
11/11/2014,TTN,NJ,AEA,EN,Federal Contract Tower,19,9,37,0,65,0,0,122,0,122,19,9,159,0,187,100,0,100,287
11/12/2014,TTN,NJ,AEA,EN,Federal Contract Tower,16,5,32,2,55,0,0,59,0,59,16,5,91,2,114,34,0,34,148
11/13/2014,TTN,NJ,AEA,EN,Federal Contract Tower,19,14,20,2,55,0,0,97,2,99,19,14,117,4,154,98,0,98,252
11/14/2014,TTN,NJ,AEA,EN,Federal Contract Tower,18,15,23,0,56,0,0,145,2,147,18,15,168,2,203,88,0,88,291
11/15/2014,TTN,NJ,AEA,EN,Federal Contract Tower,17,13,7,0,37,0,0,105,0,105,17,13,112,0,142,124,0,124,266
11/16/2014,TTN,NJ,AEA,EN,Federal Contract Tower,18,13,31,0,62,0,0,116,0,116,18,13,147,0,178,106,0,106,284
11/17/2014,TTN,NJ,AEA,EN,Federal Contract Tower,16,6,6,0,28,0,2,0,0,2,16,8,6,0,30,0,0,0,30
11/18/2014,TTN,NJ,AEA,EN,Federal Contract Tower,19,7,21,1,48,0,0,72,2,74,19,7,93,3,122,33,0,33,155
11/19/2014,TTN,NJ,AEA,EN,Federal Contract Tower,16,12,20,2,50,0,0,99,1,100,16,12,119,3,150,107,2,109,259
11/20/2014,TTN,NJ,AEA,EN,Federal Contract Tower,19,7,22,0,48,0,0,92,4,96,19,7,114,4,144,61,0,61,205
11/21/2014,TTN,NJ,AEA,EN,Federal Contract Tower,15,6,29,0,50,0,0,114,4,118,15,6,143,4,168,34,0,34,202
11/22/2014,TTN,NJ,AEA,EN,Federal Contract Tower,17,9,9,2,37,0,0,134,0,134,17,9,143,2,171,200,0,200,371
11/23/2014,TTN,NJ,AEA,EN,Federal Contract Tower,19,3,14,0,36,0,0,128,0,128,19,3,142,0,164,158,0,158,322
11/24/2014,TTN,NJ,AEA,EN,Federal Contract Tower,16,13,7,0,36,0,0,52,4,56,16,13,59,4,92,0,0,0,92
11/25/2014,TTN,NJ,AEA,EN,Federal Contract Tower,17,19,59,0,95,0,0,118,0,118,17,19,177,0,213,38,0,38,251
11/26/2014,TTN,NJ,AEA,EN,Federal Contract Tower,16,10,8,0,34,0,0,0,0,0,16,10,8,0,34,0,0,0,34
11/27/2014,TTN,NJ,AEA,EN,Federal Contract Tower,17,15,6,0,38,0,0,11,0,11,17,15,17,0,49,12,0,12,61
11/28/2014,TTN,NJ,AEA,EN,Federal Contract Tower,17,11,21,0,49,0,0,104,0,104,17,11,125,0,153,131,0,131,284
11/29/2014,TTN,NJ,AEA,EN,Federal Contract Tower,16,9,17,0,42,0,0,86,0,86,16,9,103,0,128,77,0,77,205
11/30/2014,TTN,NJ,AEA,EN,Federal Contract Tower,18,14,34,0,66,0,0,104,0,104,18,14,138,0,170,128,0,128,298
12/01/2014,TTN,NJ,AEA,EN,Federal Contract Tower,16,14,34,0,64,0,0,118,0,118,16,14,152,0,182,88,0,88,270
12/02/2014,TTN,NJ,AEA,EN,Federal Contract Tower,18,12,20,4,54,0,0,26,0,26,18,12,46,4,80,16,0,16,96
12/03/2014,TTN,NJ,AEA,EN,Federal Contract Tower,15,12,40,0,67,0,0,5,0,5,15,12,45,0,72,0,0,0,72
12/04/2014,TTN,NJ,AEA,EN,Federal Contract Tower,18,6,24,0,48,0,0,111,2,113,18,6,135,2,161,106,0,106,267
12/05/2014,TTN,NJ,AEA,EN,Federal Contract Tower,18,6,42,1,67,0,0,61,0,61,18,6,103,1,128,47,0,47,175
12/06/2014,TTN,NJ,AEA,EN,Federal Contract Tower,14,2,14,0,30,0,0,0,0,0,14,2,14,0,30,0,0,0,30
12/07/2014,TTN,NJ,AEA,EN,Federal Contract Tower,18,4,18,0,40,0,0,68,0,68,18,4,86,0,108,97,0,97,205
12/08/2014,TTN,NJ,AEA,EN,Federal Contract Tower,16,20,19,0,55,0,0,55,0,55,16,20,74,0,110,117,0,117,227
12/09/2014,TTN,NJ,AEA,EN,Federal Contract Tower,17,13,24,2,56,0,0,5,0,5,17,13,29,2,61,0,0,0,61
12/10/2014,TTN,NJ,AEA,EN,Federal Contract Tower,16,8,18,0,42,0,0,19,2,21,16,8,37,2,63,4,0,4,67
12/11/2014,TTN,NJ,AEA,EN,Federal Contract Tower,17,10,19,2,48,0,0,31,0,31,17,10,50,2,79,4,0,4,83
12/12/2014,TTN,NJ,AEA,EN,Federal Contract Tower,17,17,22,0,56,0,0,79,0,79,17,17,101,0,135,93,0,93,228
12/13/2014,TTN,NJ,AEA,EN,Federal Contract Tower,15,16,12,0,43,0,0,108,0,108,15,16,120,0,151,70,0,70,221
12/14/2014,TTN,NJ,AEA,EN,Federal Contract Tower,18,5,11,0,34,0,0,89,0,89,18,5,100,0,123,155,0,155,278
12/15/2014,TTN,NJ,AEA,EN,Federal Contract Tower,18,7,31,0,56,0,0,75,8,83,18,7,106,8,139,41,0,41,180
12/16/2014,TTN,NJ,AEA,EN,Federal Contract Tower,16,2,29,2,49,0,0,30,0,30,16,2,59,2,79,8,0,8,87
12/17/2014,TTN,NJ,AEA,EN,Federal Contract Tower,16,8,22,3,49,0,0,113,7,120,16,8,135,10,169,52,6,58,227
12/18/2014,TTN,NJ,AEA,EN,Federal Contract Tower,18,15,36,2,71,0,0,115,3,118,18,15,151,5,189,80,0,80,269
12/19/2014,TTN,NJ,AEA,EN,Federal Contract Tower,16,12,21,0,49,0,0,131,6,137,16,12,152,6,186,97,0,97,283
12/20/2014,TTN,NJ,AEA,EN,Federal Contract Tower,12,4,12,0,28,0,0,154,0,154,12,4,166,0,182,108,0,108,290
12/21/2014,TTN,NJ,AEA,EN,Federal Contract Tower,16,5,8,0,29,0,0,90,0,90,16,5,98,0,119,137,0,137,256
12/22/2014,TTN,NJ,AEA,EN,Federal Contract Tower,15,9,23,0,47,0,0,36,2,38,15,9,59,2,85,26,0,26,111
12/23/2014,TTN,NJ,AEA,EN,Federal Contract Tower,17,14,25,0,56,0,0,0,0,0,17,14,25,0,56,0,0,0,56
12/24/2014,TTN,NJ,AEA,EN,Federal Contract Tower,16,7,7,0,30,0,0,0,0,0,16,7,7,0,30,0,0,0,30
12/25/2014,TTN,NJ,AEA,EN,Federal Contract Tower,17,8,3,0,28,0,0,2,1,3,17,8,5,1,31,10,0,10,41
12/26/2014,TTN,NJ,AEA,EN,Federal Contract Tower,15,18,22,0,55,0,3,102,0,105,15,21,124,0,160,66,0,66,226
12/27/2014,TTN,NJ,AEA,EN,Federal Contract Tower,12,9,17,0,38,0,0,104,0,104,12,9,121,0,142,123,0,123,265
12/28/2014,TTN,NJ,AEA,EN,Federal Contract Tower,16,8,15,0,39,0,0,51,0,51,16,8,66,0,90,96,0,96,186
12/29/2014,TTN,NJ,AEA,EN,Federal Contract Tower,18,6,9,0,33,0,0,87,2,89,18,6,96,2,122,80,0,80,202
12/30/2014,TTN,NJ,AEA,EN,Federal Contract Tower,16,3,19,2,40,0,0,60,0,60,16,3,79,2,100,137,0,137,237
12/31/2014,TTN,NJ,AEA,EN,Federal Contract Tower,17,1,9,0,27,0,0,52,0,52,17,1,61,0,79,98,0,98,177
01/01/2015,TTN,NJ,AEA,EN,Federal Contract Tower,15,1,6,0,22,0,0,45,0,45,15,1,51,0,67,38,0,38,105
01/02/2015,TTN,NJ,AEA,EN,Federal Contract Tower,16,1,5,0,22,0,0,85,0,85,16,1,90,0,107,122,0,122,229
01/03/2015,TTN,NJ,AEA,EN,Federal Contract Tower,7,6,17,0,30,0,0,20,0,20,7,6,37,0,50,56,0,56,106
01/04/2015,TTN,NJ,AEA,EN,Federal Contract Tower,17,8,25,0,50,0,0,5,0,5,17,8,30,0,55,0,0,0,55
01/05/2015,TTN,NJ,AEA,EN,Federal Contract Tower,14,10,21,0,45,0,0,46,1,47,14,10,67,1,92,28,2,30,122
01/06/2015,TTN,NJ,AEA,EN,Federal Contract Tower,17,13,20,2,52,0,0,1,0,1,17,13,21,2,53,0,0,0,53
01/07/2015,TTN,NJ,AEA,EN,Federal Contract Tower,15,10,25,0,50,0,0,52,0,52,15,10,77,0,102,94,0,94,196
01/08/2015,TTN,NJ,AEA,EN,Federal Contract Tower,13,11,24,2,50,0,1,59,2,62,13,12,83,4,112,52,0,52,164
01/09/2015,TTN,NJ,AEA,EN,Federal Contract Tower,16,6,11,2,35,0,0,59,15,74,16,6,70,17,109,46,0,46,155
01/10/2015,TTN,NJ,AEA,EN,Federal Contract Tower,8,6,11,4,29,0,0,79,4,83,8,6,90,8,112,75,0,75,187
01/11/2015,TTN,NJ,AEA,EN,Federal Contract Tower,14,7,17,0,38,0,0,111,7,118,14,7,128,7,156,100,0,100,256
01/12/2015,TTN,NJ,AEA,EN,Federal Contract Tower,15,5,8,0,28,0,0,1,0,1,15,5,9,0,29,0,0,0,29
01/13/2015,TTN,NJ,AEA,EN,Federal Contract Tower,15,4,20,2,41,0,0,119,8,127,15,4,139,10,168,87,0,87,255
01/14/2015,TTN,NJ,AEA,EN,Federal Contract Tower,13,12,19,0,44,0,0,61,6,67,13,12,80,6,111,16,0,16,127
01/15/2015,TTN,NJ,AEA,EN,Federal Contract Tower,15,12,20,2,49,0,0,72,2,74,15,12,92,4,123,60,1,61,184
01/16/2015,TTN,NJ,AEA,EN,Federal Contract Tower,16,11,23,0,50,0,1,82,0,83,16,12,105,0,133,14,0,14,147
01/17/2015,TTN,NJ,AEA,EN,Federal Contract Tower,9,0,9,0,18,0,0,113,0,113,9,0,122,0,131,147,0,147,278
01/18/2015,TTN,NJ,AEA,EN,Federal Contract Tower,11,5,5,0,21,0,0,1,0,1,11,5,6,0,22,0,0,0,22
01/19/2015,TTN,NJ,AEA,EN,Federal Contract Tower,15,7,20,0,42,0,0,93,0,93,15,7,113,0,135,74,0,74,209
01/20/2015,TTN,NJ,AEA,EN,Federal Contract Tower,13,11,23,0,47,0,0,108,6,114,13,11,131,6,161,74,6,80,241
01/21/2015,TTN,NJ,AEA,EN,Federal Contract Tower,14,3,9,2,28,0,0,46,0,46,14,3,55,2,74,31,0,31,105
01/22/2015,TTN,NJ,AEA,EN,Federal Contract Tower,14,10,14,0,38,0,1,27,0,28,14,11,41,0,66,56,0,56,122
01/23/2015,TTN,NJ,AEA,EN,Federal Contract Tower,16,13,10,2,41,0,0,118,1,119,16,13,128,3,160,124,0,124,284
01/24/2015,TTN,NJ,AEA,EN,Federal Contract Tower,10,5,8,0,23,0,0,3,0,3,10,5,11,0,26,0,0,0,26
01/25/2015,TTN,NJ,AEA,EN,Federal Contract Tower,15,7,14,0,36,0,0,127,0,127,15,7,141,0,163,135,0,135,298
01/26/2015,TTN,NJ,AEA,EN,Federal Contract Tower,13,10,4,0,27,0,0,0,0,0,13,10,4,0,27,0,0,0,27
01/27/2015,TTN,NJ,AEA,EN,Federal Contract Tower,3,0,7,0,10,0,0,7,0,7,3,0,14,0,17,0,0,0,17
01/28/2015,TTN,NJ,AEA,EN,Federal Contract Tower,13,5,19,0,37,0,0,87,5,92,13,5,106,5,129,78,0,78,207
01/29/2015,TTN,NJ,AEA,EN,Federal Contract Tower,15,12,19,0,46,0,0,80,3,83,15,12,99,3,129,81,0,81,210
01/30/2015,TTN,NJ,AEA,EN,Federal Contract Tower,16,6,20,0,42,0,1,71,8,80,16,7,91,8,122,26,0,26,148
01/31/2015,TTN,NJ,AEA,EN,Federal Contract Tower,9,7,11,0,27,0,0,80,0,80,9,7,91,0,107,52,0,52,159
02/01/2015,TTN,NJ,AEA,EN,Federal Contract Tower,15,5,20,0,40,0,0,84,0,84,15,5,104,0,124,117,0,117,241
02/02/2015,TTN,NJ,AEA,EN,Federal Contract Tower,14,2,9,1,26,0,0,2,0,2,14,2,11,1,28,0,0,0,28
02/03/2015,TTN,NJ,AEA,EN,Federal Contract Tower,14,6,19,0,39,0,0,109,10,119,14,6,128,10,158,112,0,112,270
02/04/2015,TTN,NJ,AEA,EN,Federal Contract Tower,10,7,21,2,40,0,0,111,3,114,10,7,132,5,154,93,0,93,247
02/05/2015,TTN,NJ,AEA,EN,Federal Contract Tower,15,4,26,1,46,0,0,46,0,46,15,4,72,1,92,54,0,54,146
02/06/2015,TTN,NJ,AEA,EN,Federal Contract Tower,16,13,14,1,44,0,0,121,6,127,16,13,135,7,171,98,0,98,269
02/07/2015,TTN,NJ,AEA,EN,Federal Contract Tower,11,12,15,0,38,0,0,110,0,110,11,12,125,0,148,144,0,144,292
02/08/2015,TTN,NJ,AEA,EN,Federal Contract Tower,16,10,23,0,49,0,0,42,0,42,16,10,65,0,91,66,0,66,157
02/09/2015,TTN,NJ,AEA,EN,Federal Contract Tower,13,2,13,0,28,0,0,0,0,0,13,2,13,0,28,0,0,0,28
02/10/2015,TTN,NJ,AEA,EN,Federal Contract Tower,15,11,28,1,55,0,0,91,10,101,15,11,119,11,156,121,0,121,277
02/11/2015,TTN,NJ,AEA,EN,Federal Contract Tower,8,12,26,0,46,0,0,112,5,117,8,12,138,5,163,126,2,128,291
02/12/2015,TTN,NJ,AEA,EN,Federal Contract Tower,14,15,23,0,52,0,0,53,3,56,14,15,76,3,108,45,0,45,153
02/13/2015,TTN,NJ,AEA,EN,Federal Contract Tower,17,14,33,0,64,0,0,70,0,70,17,14,103,0,134,63,0,63,197
02/14/2015,TTN,NJ,AEA,EN,Federal Contract Tower,7,1,8,0,16,0,0,18,0,18,7,1,26,0,34,14,0,14,48
02/15/2015,TTN,NJ,AEA,EN,Federal Contract Tower,6,2,9,0,17,0,0,7,0,7,6,2,16,0,24,0,0,0,24
02/16/2015,TTN,NJ,AEA,EN,Federal Contract Tower,12,13,20,0,45,0,0,67,0,67,12,13,87,0,112,54,0,54,166
02/17/2015,TTN,NJ,AEA,EN,Federal Contract Tower,13,15,17,0,45,0,0,52,4,56,13,15,69,4,101,43,12,55,156
02/18/2015,TTN,NJ,AEA,EN,Federal Contract Tower,10,8,25,2,45,0,0,110,6,116,10,8,135,8,161,130,0,130,291
02/19/2015,TTN,NJ,AEA,EN,Federal Contract Tower,14,22,20,0,56,0,0,48,4,52,14,22,68,4,108,21,2,23,131
02/20/2015,TTN,NJ,AEA,EN,Federal Contract Tower,12,17,16,0,45,0,0,50,9,59,12,17,66,9,104,18,0,18,122
02/21/2015,TTN,NJ,AEA,EN,Federal Contract Tower,8,0,22,1,31,0,0,35,3,38,8,0,57,4,69,93,1,94,163
02/22/2015,TTN,NJ,AEA,EN,Federal Contract Tower,11,10,12,1,34,0,1,58,0,59,11,11,70,1,93,65,0,65,158
02/23/2015,TTN,NJ,AEA,EN,Federal Contract Tower,12,4,17,0,33,0,0,79,2,81,12,4,96,2,114,29,0,29,143
02/24/2015,TTN,NJ,AEA,EN,Federal Contract Tower,14,3,29,0,46,0,0,99,2,101,14,3,128,2,147,119,16,135,282
02/25/2015,TTN,NJ,AEA,EN,Federal Contract Tower,12,9,27,1,49,0,0,80,5,85,12,9,107,6,134,62,2,64,198
02/26/2015,TTN,NJ,AEA,EN,Federal Contract Tower,16,12,36,2,66,0,0,69,4,73,16,12,105,6,139,105,2,107,246
02/27/2015,TTN,NJ,AEA,EN,Federal Contract Tower,15,8,20,0,43,0,0,113,7,120,15,8,133,7,163,42,0,42,205
02/28/2015,TTN,NJ,AEA,EN,Federal Contract Tower,10,4,12,0,26,0,0,139,0,139,10,4,151,0,165,128,0,128,293
03/01/2015,TTN,NJ,AEA,EN,Federal Contract Tower,11,5,5,0,21,0,0,19,0,19,11,5,24,0,40,39,0,39,79
03/02/2015,TTN,NJ,AEA,EN,Federal Contract Tower,13,14,13,1,41,0,0,65,1,66,13,14,78,2,107,42,0,42,149
03/03/2015,TTN,NJ,AEA,EN,Federal Contract Tower,15,2,22,2,41,0,0,29,4,33,15,2,51,6,74,38,0,38,112
03/04/2015,TTN,NJ,AEA,EN,Federal Contract Tower,12,4,26,0,42,0,0,1,0,1,12,4,27,0,43,0,0,0,43
03/05/2015,TTN,NJ,AEA,EN,Federal Contract Tower,12,1,8,0,21,0,0,3,0,3,12,1,11,0,24,0,0,0,24
03/06/2015,TTN,NJ,AEA,EN,Federal Contract Tower,15,7,33,0,55,0,0,62,4,66,15,7,95,4,121,76,0,76,197
03/07/2015,TTN,NJ,AEA,EN,Federal Contract Tower,11,4,7,0,22,0,0,106,0,106,11,4,113,0,128,60,0,60,188
03/08/2015,TTN,NJ,AEA,EN,Federal Contract Tower,14,4,23,0,41,0,0,100,1,101,14,4,123,1,142,2,0,2,144
03/09/2015,TTN,NJ,AEA,EN,Federal Contract Tower,16,4,26,1,47,0,0,101,7,108,16,4,127,8,155,126,0,126,281
03/10/2015,TTN,NJ,AEA,EN,Federal Contract Tower,14,19,37,4,74,0,0,74,8,82,14,19,111,12,156,75,0,75,231
03/11/2015,TTN,NJ,AEA,EN,Federal Contract Tower,12,7,38,1,58,0,0,97,2,99,12,7,135,3,157,58,2,60,217
03/12/2015,TTN,NJ,AEA,EN,Federal Contract Tower,14,12,28,1,55,0,0,96,0,96,14,12,124,1,151,64,0,64,215
03/13/2015,TTN,NJ,AEA,EN,Federal Contract Tower,13,8,21,0,42,0,0,120,0,120,13,8,141,0,162,78,0,78,240
03/14/2015,TTN,NJ,AEA,EN,Federal Contract Tower,12,5,17,0,34,0,0,0,0,0,12,5,17,0,34,0,0,0,34
03/15/2015,TTN,NJ,AEA,EN,Federal Contract Tower,15,9,14,0,38,0,0,61,0,61,15,9,75,0,99,22,0,22,121
03/16/2015,TTN,NJ,AEA,EN,Federal Contract Tower,15,14,20,0,49,0,0,148,0,148,15,14,168,0,197,144,0,144,341
03/17/2015,TTN,NJ,AEA,EN,Federal Contract Tower,17,5,25,1,48,0,0,45,0,45,17,5,70,1,93,53,0,53,146
03/18/2015,TTN,NJ,AEA,EN,Federal Contract Tower,12,4,24,0,40,0,0,74,8,82,12,4,98,8,122,65,0,65,187
03/19/2015,TTN,NJ,AEA,EN,Federal Contract Tower,13,5,25,0,43,0,0,115,1,116,13,5,140,1,159,140,0,140,299
03/20/2015,TTN,NJ,AEA,EN,Federal Contract Tower,14,1,15,0,30,0,0,4,0,4,14,1,19,0,34,0,0,0,34
03/21/2015,TTN,NJ,AEA,EN,Federal Contract Tower,11,7,15,2,35,0,0,61,8,69,11,7,76,10,104,93,0,93,197
03/22/2015,TTN,NJ,AEA,EN,Federal Contract Tower,14,10,25,0,49,0,0,121,12,133,14,10,146,12,182,117,0,117,299
03/23/2015,TTN,NJ,AEA,EN,Federal Contract Tower,15,10,36,0,61,0,0,91,5,96,15,10,127,5,157,94,0,94,251
03/24/2015,TTN,NJ,AEA,EN,Federal Contract Tower,16,2,18,2,38,0,0,87,1,88,16,2,105,3,126,192,2,194,320
03/25/2015,TTN,NJ,AEA,EN,Federal Contract Tower,12,9,15,0,36,0,0,76,5,81,12,9,91,5,117,24,0,24,141
03/26/2015,TTN,NJ,AEA,EN,Federal Contract Tower,15,11,22,2,50,0,0,2,0,2,15,11,24,2,52,0,0,0,52
03/27/2015,TTN,NJ,AEA,EN,Federal Contract Tower,15,6,20,0,41,0,0,106,4,110,15,6,126,4,151,48,0,48,199
03/28/2015,TTN,NJ,AEA,EN,Federal Contract Tower,12,12,9,0,33,0,0,1,79,80,12,12,10,79,113,107,0,107,220
03/29/2015,TTN,NJ,AEA,EN,Federal Contract Tower,15,8,22,0,45,0,0,156,0,156,15,8,178,0,201,151,0,151,352
03/30/2015,TTN,NJ,AEA,EN,Federal Contract Tower,15,11,13,2,41,0,2,79,2,83,15,13,92,4,124,96,0,96,220
03/31/2015,TTN,NJ,AEA,EN,Federal Contract Tower,16,12,26,0,54,0,0,64,4,68,16,12,90,4,122,71,0,71,193
04/01/2015,TTN,NJ,AEA,EN,Federal Contract Tower,12,20,34,0,66,0,0,133,5,138,12,20,167,5,204,79,0,79,283
04/02/2015,TTN,NJ,AEA,EN,Federal Contract Tower,14,7,30,3,54,0,4,97,13,114,14,11,127,16,168,52,2,54,222
04/03/2015,TTN,NJ,AEA,EN,Federal Contract Tower,16,4,30,4,54,0,0,18,3,21,16,4,48,7,75,21,0,21,96
04/04/2015,TTN,NJ,AEA,EN,Federal Contract Tower,12,8,15,0,35,0,0,13,0,13,12,8,28,0,48,0,0,0,48
04/05/2015,TTN,NJ,AEA,EN,Federal Contract Tower,16,12,12,0,40,0,1,52,0,53,16,13,64,0,93,36,0,36,129
04/06/2015,TTN,NJ,AEA,EN,Federal Contract Tower,16,7,20,2,45,0,0,107,2,109,16,7,127,4,154,104,0,104,258
04/07/2015,TTN,NJ,AEA,EN,Federal Contract Tower,16,16,28,0,60,0,0,39,0,39,16,16,67,0,99,27,0,27,126
04/08/2015,TTN,NJ,AEA,EN,Federal Contract Tower,14,15,47,2,78,0,0,18,0,18,14,15,65,2,96,8,0,8,104
04/09/2015,TTN,NJ,AEA,EN,Federal Contract Tower,15,19,40,3,77,0,0,2,0,2,15,19,42,3,79,0,0,0,79
04/10/2015,TTN,NJ,AEA,EN,Federal Contract Tower,15,7,31,0,53,0,0,3,0,3,15,7,34,0,56,0,0,0,56
04/11/2015,TTN,NJ,AEA,EN,Federal Contract Tower,10,5,13,0,28,0,0,76,0,76,10,5,89,0,104,52,0,52,156
04/12/2015,TTN,NJ,AEA,EN,Federal Contract Tower,16,8,22,0,46,0,0,154,6,160,16,8,176,6,206,194,0,194,400
04/13/2015,TTN,NJ,AEA,EN,Federal Contract Tower,15,13,29,7,64,0,0,101,5,106,15,13,130,12,170,88,4,92,262
04/14/2015,TTN,NJ,AEA,EN,Federal Contract Tower,17,13,29,5,64,0,0,37,0,37,17,13,66,5,101,142,3,145,246
04/15/2015,TTN,NJ,AEA,EN,Federal Contract Tower,16,9,32,1,58,0,2,109,8,119,16,11,141,9,177,55,0,55,232
04/16/2015,TTN,NJ,AEA,EN,Federal Contract Tower,15,9,35,2,61,0,1,103,0,104,15,10,138,2,165,88,0,88,253
04/17/2015,TTN,NJ,AEA,EN,Federal Contract Tower,16,11,30,0,57,0,0,55,0,55,16,11,85,0,112,39,0,39,151
04/18/2015,TTN,NJ,AEA,EN,Federal Contract Tower,15,10,9,0,34,0,0,110,5,115,15,10,119,5,149,88,0,88,237
04/19/2015,TTN,NJ,AEA,EN,Federal Contract Tower,14,12,16,0,42,0,1,114,2,117,14,13,130,2,159,104,0,104,263
04/20/2015,TTN,NJ,AEA,EN,Federal Contract Tower,15,10,20,3,48,0,0,5,0,5,15,10,25,3,53,0,0,0,53
04/21/2015,TTN,NJ,AEA,EN,Federal Contract Tower,17,19,30,1,67,0,0,81,6,87,17,19,111,7,154,52,2,54,208
04/22/2015,TTN,NJ,AEA,EN,Federal Contract Tower,14,13,39,0,66,0,1,80,7,88,14,14,119,7,154,82,2,84,238
04/23/2015,TTN,NJ,AEA,EN,Federal Contract Tower,12,10,30,0,52,0,2,67,4,73,12,12,97,4,125,63,1,64,189
04/24/2015,TTN,NJ,AEA,EN,Federal Contract Tower,13,8,22,1,44,0,0,75,4,79,13,8,97,5,123,66,0,66,189
04/25/2015,TTN,NJ,AEA,EN,Federal Contract Tower,15,1,19,0,35,0,0,105,1,106,15,1,124,1,141,199,0,199,340
04/26/2015,TTN,NJ,AEA,EN,Federal Contract Tower,15,10,20,0,45,0,0,140,0,140,15,10,160,0,185,206,0,206,391
04/27/2015,TTN,NJ,AEA,EN,Federal Contract Tower,14,11,19,0,44,0,0,76,6,82,14,11,95,6,126,110,0,110,236
04/28/2015,TTN,NJ,AEA,EN,Federal Contract Tower,15,9,26,0,50,0,1,99,7,107,15,10,125,7,157,129,0,129,286
04/29/2015,TTN,NJ,AEA,EN,Federal Contract Tower,16,14,31,0,61,0,2,129,6,137,16,16,160,6,198,111,0,111,309
04/30/2015,TTN,NJ,AEA,EN,Federal Contract Tower,15,15,29,2,61,0,2,127,3,132,15,17,156,5,193,113,4,117,310
05/01/2015,TTN,NJ,AEA,EN,Federal Contract Tower,15,16,38,2,71,0,0,116,7,123,15,16,154,9,194,89,3,92,286
05/02/2015,TTN,NJ,AEA,EN,Federal Contract Tower,15,7,23,0,45,0,0,123,0,123,15,7,146,0,168,76,0,76,244
05/03/2015,TTN,NJ,AEA,EN,Federal Contract Tower,15,16,22,0,53,0,0,133,0,133,15,16,155,0,186,130,0,130,316
05/04/2015,TTN,NJ,AEA,EN,Federal Contract Tower,16,7,23,1,47,0,0,109,3,112,16,7,132,4,159,70,0,70,229
05/05/2015,TTN,NJ,AEA,EN,Federal Contract Tower,20,4,21,2,47,0,0,71,2,73,20,4,92,4,120,89,0,89,209
05/06/2015,TTN,NJ,AEA,EN,Federal Contract Tower,14,9,29,3,55,0,0,83,2,85,14,9,112,5,140,104,0,104,244
05/07/2015,TTN,NJ,AEA,EN,Federal Contract Tower,15,13,23,0,51,0,1,104,2,107,15,14,127,2,158,81,0,81,239
05/08/2015,TTN,NJ,AEA,EN,Federal Contract Tower,15,8,27,0,50,0,0,108,1,109,15,8,135,1,159,47,0,47,206
05/09/2015,TTN,NJ,AEA,EN,Federal Contract Tower,13,9,26,0,48,0,0,30,0,30,13,9,56,0,78,16,0,16,94
05/10/2015,TTN,NJ,AEA,EN,Federal Contract Tower,15,7,28,0,50,0,0,52,0,52,15,7,80,0,102,26,0,26,128
05/11/2015,TTN,NJ,AEA,EN,Federal Contract Tower,15,8,56,3,82,0,0,60,3,63,15,8,116,6,145,78,0,78,223
05/12/2015,TTN,NJ,AEA,EN,Federal Contract Tower,16,7,19,0,42,0,0,93,2,95,16,7,112,2,137,124,0,124,261
05/13/2015,TTN,NJ,AEA,EN,Federal Contract Tower,15,7,13,0,35,0,0,78,4,82,15,7,91,4,117,54,4,58,175
05/14/2015,TTN,NJ,AEA,EN,Federal Contract Tower,16,10,30,0,56,0,0,155,3,158,16,10,185,3,214,152,0,152,366
05/15/2015,TTN,NJ,AEA,EN,Federal Contract Tower,15,6,31,4,56,0,0,114,4,118,15,6,145,8,174,94,1,95,269
05/16/2015,TTN,NJ,AEA,EN,Federal Contract Tower,15,6,12,0,33,0,0,58,3,61,15,6,70,3,94,82,0,82,176
05/17/2015,TTN,NJ,AEA,EN,Federal Contract Tower,15,8,27,0,50,0,0,75,4,79,15,8,102,4,129,84,0,84,213
05/18/2015,TTN,NJ,AEA,EN,Federal Contract Tower,15,9,34,0,58,0,0,26,0,26,15,9,60,0,84,12,0,12,96
05/19/2015,TTN,NJ,AEA,EN,Federal Contract Tower,15,12,24,3,54,0,0,61,10,71,15,12,85,13,125,18,2,20,145
05/20/2015,TTN,NJ,AEA,EN,Federal Contract Tower,15,11,38,5,69,0,0,126,6,132,15,11,164,11,201,64,0,64,265
05/21/2015,TTN,NJ,AEA,EN,Federal Contract Tower,14,21,42,2,79,0,0,71,0,71,14,21,113,2,150,51,0,51,201
05/22/2015,TTN,NJ,AEA,EN,Federal Contract Tower,15,19,31,0,65,0,0,82,1,83,15,19,113,1,148,63,0,63,211
05/23/2015,TTN,NJ,AEA,EN,Federal Contract Tower,15,6,11,0,32,0,0,155,0,155,15,6,166,0,187,206,0,206,393
05/24/2015,TTN,NJ,AEA,EN,Federal Contract Tower,15,8,13,0,36,0,1,107,0,108,15,9,120,0,144,105,0,105,249
05/25/2015,TTN,NJ,AEA,EN,Federal Contract Tower,15,5,19,0,39,0,0,99,0,99,15,5,118,0,138,82,0,82,220
05/26/2015,TTN,NJ,AEA,EN,Federal Contract Tower,15,5,44,0,64,0,1,122,7,130,15,6,166,7,194,113,0,113,307
05/27/2015,TTN,NJ,AEA,EN,Federal Contract Tower,14,11,24,2,51,0,0,41,10,51,14,11,65,12,102,21,0,21,123
05/28/2015,TTN,NJ,AEA,EN,Federal Contract Tower,15,18,41,18,92,0,0,65,12,77,15,18,106,30,169,31,6,37,206
05/29/2015,TTN,NJ,AEA,EN,Federal Contract Tower,15,14,30,1,60,0,0,127,4,131,15,14,157,5,191,132,0,132,323
05/30/2015,TTN,NJ,AEA,EN,Federal Contract Tower,15,12,27,0,54,0,0,83,0,83,15,12,110,0,137,83,0,83,220
05/31/2015,TTN,NJ,AEA,EN,Federal Contract Tower,15,21,18,0,54,0,2,56,0,58,15,23,74,0,112,46,0,46,158
06/01/2015,TTN,NJ,AEA,EN,Federal Contract Tower,15,4,39,2,60,0,0,0,0,0,15,4,39,2,60,0,0,0,60
06/02/2015,TTN,NJ,AEA,EN,Federal Contract Tower,14,24,28,6,72,0,0,0,0,0,14,24,28,6,72,0,0,0,72
06/03/2015,TTN,NJ,AEA,EN,Federal Contract Tower,15,20,36,6,77,0,0,79,1,80,15,20,115,7,157,57,0,57,214
06/04/2015,TTN,NJ,AEA,EN,Federal Contract Tower,16,13,25,6,60,0,0,115,2,117,16,13,140,8,177,155,0,155,332
06/05/2015,TTN,NJ,AEA,EN,Federal Contract Tower,15,10,46,0,71,0,0,49,0,49,15,10,95,0,120,49,0,49,169
06/06/2015,TTN,NJ,AEA,EN,Federal Contract Tower,15,9,14,0,38,0,0,77,0,77,15,9,91,0,115,65,0,65,180
06/07/2015,TTN,NJ,AEA,EN,Federal Contract Tower,15,10,29,0,54,0,0,149,0,149,15,10,178,0,203,168,0,168,371
06/08/2015,TTN,NJ,AEA,EN,Federal Contract Tower,15,6,26,0,47,0,0,94,2,96,15,6,120,2,143,72,0,72,215
06/09/2015,TTN,NJ,AEA,EN,Federal Contract Tower,15,12,36,3,66,0,0,86,6,92,15,12,122,9,158,105,0,105,263
06/10/2015,TTN,NJ,AEA,EN,Federal Contract Tower,15,4,38,2,59,0,0,152,7,159,15,4,190,9,218,196,0,196,414
06/11/2015,TTN,NJ,AEA,EN,Federal Contract Tower,15,8,31,0,54,0,0,106,2,108,15,8,137,2,162,134,0,134,296
06/12/2015,TTN,NJ,AEA,EN,Federal Contract Tower,15,13,21,3,52,0,0,106,3,109,15,13,127,6,161,105,0,105,266
06/13/2015,TTN,NJ,AEA,EN,Federal Contract Tower,16,5,15,0,36,0,0,229,0,229,16,5,244,0,265,192,0,192,457
06/14/2015,TTN,NJ,AEA,EN,Federal Contract Tower,15,10,14,0,39,0,0,122,0,122,15,10,136,0,161,102,0,102,263
06/15/2015,TTN,NJ,AEA,EN,Federal Contract Tower,15,0,25,0,40,0,0,40,7,47,15,0,65,7,87,34,2,36,123
06/16/2015,TTN,NJ,AEA,EN,Federal Contract Tower,16,2,34,1,53,0,0,49,0,49,16,2,83,1,102,6,0,6,108
06/17/2015,TTN,NJ,AEA,EN,Federal Contract Tower,15,11,22,2,50,0,0,126,1,127,15,11,148,3,177,160,0,160,337
06/18/2015,TTN,NJ,AEA,EN,Federal Contract Tower,16,8,43,2,69,0,0,0,0,0,16,8,43,2,69,0,0,0,69
06/19/2015,TTN,NJ,AEA,EN,Federal Contract Tower,15,12,42,1,70,0,0,98,0,98,15,12,140,1,168,94,0,94,262
06/20/2015,TTN,NJ,AEA,EN,Federal Contract Tower,15,5,32,0,52,0,0,46,0,46,15,5,78,0,98,72,0,72,170
06/21/2015,TTN,NJ,AEA,EN,Federal Contract Tower,16,15,19,1,51,0,0,45,0,45,16,15,64,1,96,5,0,5,101
06/22/2015,TTN,NJ,AEA,EN,Federal Contract Tower,15,17,33,2,67,0,0,142,3,145,15,17,175,5,212,171,0,171,383
06/23/2015,TTN,NJ,AEA,EN,Federal Contract Tower,11,13,21,0,45,0,0,79,5,84,11,13,100,5,129,85,0,85,214
06/24/2015,TTN,NJ,AEA,EN,Federal Contract Tower,15,12,29,0,56,0,0,157,4,161,15,12,186,4,217,158,0,158,375
06/25/2015,TTN,NJ,AEA,EN,Federal Contract Tower,15,9,30,2,56,0,0,123,2,125,15,9,153,4,181,185,0,185,366
06/26/2015,TTN,NJ,AEA,EN,Federal Contract Tower,14,19,34,4,71,0,1,131,1,133,14,20,165,5,204,120,2,122,326
06/27/2015,TTN,NJ,AEA,EN,Federal Contract Tower,15,8,19,0,42,0,0,25,3,28,15,8,44,3,70,62,2,64,134
06/28/2015,TTN,NJ,AEA,EN,Federal Contract Tower,15,12,31,2,60,0,0,38,1,39,15,12,69,3,99,18,0,18,117
06/29/2015,TTN,NJ,AEA,EN,Federal Contract Tower,15,11,18,1,45,0,0,143,10,153,15,11,161,11,198,96,2,98,296
06/30/2015,TTN,NJ,AEA,EN,Federal Contract Tower,12,14,21,0,47,0,1,63,12,76,12,15,84,12,123,129,0,129,252
07/01/2015,TTN,NJ,AEA,EN,Federal Contract Tower,15,16,31,1,63,0,0,91,5,96,15,16,122,6,159,78,0,78,237
07/02/2015,TTN,NJ,AEA,EN,Federal Contract Tower,15,14,21,0,50,0,0,76,0,76,15,14,97,0,126,177,0,177,303
07/03/2015,TTN,NJ,AEA,EN,Federal Contract Tower,14,1,20,0,35,0,0,134,0,134,14,1,154,0,169,214,0,214,383
07/04/2015,TTN,NJ,AEA,EN,Federal Contract Tower,17,9,9,0,35,0,6,48,0,54,17,15,57,0,89,44,0,44,133
07/05/2015,TTN,NJ,AEA,EN,Federal Contract Tower,15,9,20,0,44,0,0,112,0,112,15,9,132,0,156,89,0,89,245
07/06/2015,TTN,NJ,AEA,EN,Federal Contract Tower,12,4,21,1,38,0,0,67,1,68,12,4,88,2,106,92,0,92,198
07/07/2015,TTN,NJ,AEA,EN,Federal Contract Tower,16,12,22,0,50,0,0,77,2,79,16,12,99,2,129,110,0,110,239
07/08/2015,TTN,NJ,AEA,EN,Federal Contract Tower,15,7,20,0,42,0,1,84,2,87,15,8,104,2,129,49,0,49,178
07/09/2015,TTN,NJ,AEA,EN,Federal Contract Tower,11,18,22,0,51,0,0,44,0,44,11,18,66,0,95,49,0,49,144
07/10/2015,TTN,NJ,AEA,EN,Federal Contract Tower,15,12,18,4,49,0,0,153,4,157,15,12,171,8,206,78,0,78,284
07/11/2015,TTN,NJ,AEA,EN,Federal Contract Tower,14,4,21,0,39,0,0,125,0,125,14,4,146,0,164,120,0,120,284
07/12/2015,TTN,NJ,AEA,EN,Federal Contract Tower,16,8,15,0,39,0,0,109,0,109,16,8,124,0,148,107,0,107,255
07/13/2015,TTN,NJ,AEA,EN,Federal Contract Tower,15,6,30,1,52,0,0,107,2,109,15,6,137,3,161,147,0,147,308
07/14/2015,TTN,NJ,AEA,EN,Federal Contract Tower,15,8,41,0,64,0,0,33,0,33,15,8,74,0,97,32,0,32,129
07/15/2015,TTN,NJ,AEA,EN,Federal Contract Tower,15,17,42,0,74,0,0,32,0,32,15,17,74,0,106,10,0,10,116
07/16/2015,TTN,NJ,AEA,EN,Federal Contract Tower,16,13,38,1,68,0,0,173,5,178,16,13,211,6,246,131,4,135,381
07/17/2015,TTN,NJ,AEA,EN,Federal Contract Tower,15,8,31,1,55,0,1,136,0,137,15,9,167,1,192,129,0,129,321
07/18/2015,TTN,NJ,AEA,EN,Federal Contract Tower,16,5,12,0,33,0,0,41,0,41,16,5,53,0,74,12,0,12,86
07/19/2015,TTN,NJ,AEA,EN,Federal Contract Tower,15,7,21,0,43,0,0,117,0,117,15,7,138,0,160,85,0,85,245
07/20/2015,TTN,NJ,AEA,EN,Federal Contract Tower,14,2,11,2,29,0,0,96,6,102,14,2,107,8,131,121,0,121,252
07/21/2015,TTN,NJ,AEA,EN,Federal Contract Tower,15,6,18,0,39,0,1,76,3,80,15,7,94,3,119,97,0,97,216
07/22/2015,TTN,NJ,AEA,EN,Federal Contract Tower,15,15,29,0,59,0,2,110,2,114,15,17,139,2,173,175,0,175,348
07/23/2015,TTN,NJ,AEA,EN,Federal Contract Tower,15,14,31,0,60,0,0,123,1,124,15,14,154,1,184,148,0,148,332
07/24/2015,TTN,NJ,AEA,EN,Federal Contract Tower,15,9,31,0,55,0,0,137,0,137,15,9,168,0,192,131,0,131,323
07/25/2015,TTN,NJ,AEA,EN,Federal Contract Tower,15,9,11,0,35,0,0,105,0,105,15,9,116,0,140,128,0,128,268
07/26/2015,TTN,NJ,AEA,EN,Federal Contract Tower,16,14,18,0,48,0,0,70,0,70,16,14,88,0,118,96,0,96,214
07/27/2015,TTN,NJ,AEA,EN,Federal Contract Tower,15,13,21,2,51,0,0,61,0,61,15,13,82,2,112,50,0,50,162
07/28/2015,TTN,NJ,AEA,EN,Federal Contract Tower,14,8,23,0,45,0,0,158,2,160,14,8,181,2,205,177,0,177,382
07/29/2015,TTN,NJ,AEA,EN,Federal Contract Tower,15,20,35,0,70,0,2,108,0,110,15,22,143,0,180,122,0,122,302
07/30/2015,TTN,NJ,AEA,EN,Federal Contract Tower,14,12,19,0,45,0,0,70,0,70,14,12,89,0,115,34,0,34,149
07/31/2015,TTN,NJ,AEA,EN,Federal Contract Tower,15,12,26,0,53,0,0,143,0,143,15,12,169,0,196,186,0,186,382
08/01/2015,TTN,NJ,AEA,EN,Federal Contract Tower,17,6,12,0,35,0,0,102,2,104,17,6,114,2,139,134,0,134,273
08/02/2015,TTN,NJ,AEA,EN,Federal Contract Tower,17,9,12,0,38,0,0,123,0,123,17,9,135,0,161,138,0,138,299
08/03/2015,TTN,NJ,AEA,EN,Federal Contract Tower,15,4,25,5,49,0,0,100,6,106,15,4,125,11,155,92,4,96,251
08/04/2015,TTN,NJ,AEA,EN,Federal Contract Tower,16,8,21,0,45,0,2,107,0,109,16,10,128,0,154,94,0,94,248
08/05/2015,TTN,NJ,AEA,EN,Federal Contract Tower,14,7,30,0,51,0,2,109,0,111,14,9,139,0,162,127,0,127,289
08/06/2015,TTN,NJ,AEA,EN,Federal Contract Tower,15,11,33,1,60,0,0,94,0,94,15,11,127,1,154,127,0,127,281
08/07/2015,TTN,NJ,AEA,EN,Federal Contract Tower,16,11,23,0,50,0,0,117,0,117,16,11,140,0,167,176,0,176,343
08/08/2015,TTN,NJ,AEA,EN,Federal Contract Tower,15,1,18,0,34,0,0,114,0,114,15,1,132,0,148,80,0,80,228
08/09/2015,TTN,NJ,AEA,EN,Federal Contract Tower,15,9,20,0,44,0,0,93,2,95,15,9,113,2,139,82,0,82,221
08/10/2015,TTN,NJ,AEA,EN,Federal Contract Tower,15,11,31,0,57,0,0,94,0,94,15,11,125,0,151,151,0,151,302
08/11/2015,TTN,NJ,AEA,EN,Federal Contract Tower,15,10,32,1,58,0,0,9,0,9,15,10,41,1,67,10,0,10,77
08/12/2015,TTN,NJ,AEA,EN,Federal Contract Tower,15,9,21,0,45,0,2,134,4,140,15,11,155,4,185,195,0,195,380
08/13/2015,TTN,NJ,AEA,EN,Federal Contract Tower,15,9,30,2,56,1,3,146,4,154,16,12,176,6,210,183,0,183,393
08/14/2015,TTN,NJ,AEA,EN,Federal Contract Tower,14,5,18,0,37,0,0,90,0,90,14,5,108,0,127,154,0,154,281
08/15/2015,TTN,NJ,AEA,EN,Federal Contract Tower,13,4,20,0,37,0,0,120,0,120,13,4,140,0,157,136,0,136,293
08/16/2015,TTN,NJ,AEA,EN,Federal Contract Tower,16,8,27,0,51,0,0,99,0,99,16,8,126,0,150,119,0,119,269
08/17/2015,TTN,NJ,AEA,EN,Federal Contract Tower,15,5,18,1,39,0,4,84,1,89,15,9,102,2,128,145,4,149,277
08/18/2015,TTN,NJ,AEA,EN,Federal Contract Tower,16,11,18,0,45,0,2,119,4,125,16,13,137,4,170,168,0,168,338
08/19/2015,TTN,NJ,AEA,EN,Federal Contract Tower,15,14,9,4,42,0,0,53,4,57,15,14,62,8,99,108,0,108,207
08/20/2015,TTN,NJ,AEA,EN,Federal Contract Tower,14,11,36,0,61,0,0,47,0,47,14,11,83,0,108,46,0,46,154
08/21/2015,TTN,NJ,AEA,EN,Federal Contract Tower,15,13,27,0,55,0,2,86,2,90,15,15,113,2,145,112,0,112,257
08/22/2015,TTN,NJ,AEA,EN,Federal Contract Tower,14,8,19,0,41,0,0,128,0,128,14,8,147,0,169,178,0,178,347
08/23/2015,TTN,NJ,AEA,EN,Federal Contract Tower,15,11,27,0,53,0,0,92,0,92,15,11,119,0,145,80,0,80,225
08/24/2015,TTN,NJ,AEA,EN,Federal Contract Tower,15,10,30,2,57,0,0,111,2,113,15,10,141,4,170,118,2,120,290
08/25/2015,TTN,NJ,AEA,EN,Federal Contract Tower,15,10,21,0,46,0,0,114,5,119,15,10,135,5,165,194,0,194,359
08/26/2015,TTN,NJ,AEA,EN,Federal Contract Tower,17,4,24,1,46,0,0,110,0,110,17,4,134,1,156,118,0,118,274
08/27/2015,TTN,NJ,AEA,EN,Federal Contract Tower,15,10,27,0,52,0,0,124,0,124,15,10,151,0,176,136,0,136,312
08/28/2015,TTN,NJ,AEA,EN,Federal Contract Tower,14,6,18,3,41,0,0,125,4,129,14,6,143,7,170,134,0,134,304
08/29/2015,TTN,NJ,AEA,EN,Federal Contract Tower,15,6,13,0,34,0,0,109,0,109,15,6,122,0,143,100,0,100,243
08/30/2015,TTN,NJ,AEA,EN,Federal Contract Tower,15,5,17,0,37,0,0,80,0,80,15,5,97,0,117,77,0,77,194
08/31/2015,TTN,NJ,AEA,EN,Federal Contract Tower,14,10,16,2,42,0,0,81,0,81,14,10,97,2,123,25,0,25,148
09/01/2015,TTN,NJ,AEA,EN,Federal Contract Tower,15,10,29,0,54,0,2,123,0,125,15,12,152,0,179,166,0,166,345
09/02/2015,TTN,NJ,AEA,EN,Federal Contract Tower,14,7,33,2,56,0,2,120,0,122,14,9,153,2,178,145,0,145,323
09/03/2015,TTN,NJ,AEA,EN,Federal Contract Tower,15,11,24,0,50,0,2,116,0,118,15,13,140,0,168,93,0,93,261
09/04/2015,TTN,NJ,AEA,EN,Federal Contract Tower,15,8,27,0,50,0,0,124,0,124,15,8,151,0,174,113,0,113,287
09/05/2015,TTN,NJ,AEA,EN,Federal Contract Tower,15,7,7,0,29,0,0,126,0,126,15,7,133,0,155,134,0,134,289
09/06/2015,TTN,NJ,AEA,EN,Federal Contract Tower,16,4,11,0,31,0,1,127,0,128,16,5,138,0,159,92,0,92,251
09/07/2015,TTN,NJ,AEA,EN,Federal Contract Tower,15,11,15,0,41,0,0,186,0,186,15,11,201,0,227,92,0,92,319
09/08/2015,TTN,NJ,AEA,EN,Federal Contract Tower,15,7,29,0,51,0,2,151,5,158,15,9,180,5,209,176,8,184,393
09/09/2015,TTN,NJ,AEA,EN,Federal Contract Tower,14,13,30,2,59,0,0,91,0,91,14,13,121,2,150,51,0,51,201
09/10/2015,TTN,NJ,AEA,EN,Federal Contract Tower,15,5,36,0,56,0,0,0,0,0,15,5,36,0,56,0,0,0,56
09/11/2015,TTN,NJ,AEA,EN,Federal Contract Tower,15,20,27,1,63,0,0,140,0,140,15,20,167,1,203,129,0,129,332
09/12/2015,TTN,NJ,AEA,EN,Federal Contract Tower,13,8,12,0,33,0,0,90,0,90,13,8,102,0,123,93,0,93,216
09/13/2015,TTN,NJ,AEA,EN,Federal Contract Tower,16,7,32,0,55,0,0,159,0,159,16,7,191,0,214,179,0,179,393
09/14/2015,TTN,NJ,AEA,EN,Federal Contract Tower,15,10,22,3,50,0,0,146,0,146,15,10,168,3,196,146,0,146,342
09/15/2015,TTN,NJ,AEA,EN,Federal Contract Tower,15,6,19,3,43,0,2,166,3,171,15,8,185,6,214,266,4,270,484
09/16/2015,TTN,NJ,AEA,EN,Federal Contract Tower,15,5,35,1,56,0,1,143,4,148,15,6,178,5,204,145,0,145,349
09/17/2015,TTN,NJ,AEA,EN,Federal Contract Tower,15,10,32,0,57,0,0,175,4,179,15,10,207,4,236,136,0,136,372
09/18/2015,TTN,NJ,AEA,EN,Federal Contract Tower,15,5,19,1,40,0,0,151,2,153,15,5,170,3,193,172,16,188,381
09/19/2015,TTN,NJ,AEA,EN,Federal Contract Tower,15,6,20,0,41,0,1,129,0,130,15,7,149,0,171,98,0,98,269
09/20/2015,TTN,NJ,AEA,EN,Federal Contract Tower,13,11,26,0,50,0,0,117,0,117,13,11,143,0,167,100,0,100,267
09/21/2015,TTN,NJ,AEA,EN,Federal Contract Tower,15,2,16,2,35,0,1,103,0,104,15,3,119,2,139,128,0,128,267
09/22/2015,TTN,NJ,AEA,EN,Federal Contract Tower,15,5,23,0,43,0,0,122,2,124,15,5,145,2,167,161,10,171,338
09/23/2015,TTN,NJ,AEA,EN,Federal Contract Tower,14,5,29,0,48,0,4,120,3,127,14,9,149,3,175,179,6,185,360
09/24/2015,TTN,NJ,AEA,EN,Federal Contract Tower,15,19,30,2,66,0,5,151,0,156,15,24,181,2,222,180,0,180,402
09/25/2015,TTN,NJ,AEA,EN,Federal Contract Tower,15,12,33,2,62,0,0,103,0,103,15,12,136,2,165,142,0,142,307
09/26/2015,TTN,NJ,AEA,EN,Federal Contract Tower,16,16,26,0,58,0,0,33,0,33,16,16,59,0,91,0,0,0,91
09/27/2015,TTN,NJ,AEA,EN,Federal Contract Tower,15,10,38,0,63,0,0,37,0,37,15,10,75,0,100,0,0,0,100
09/28/2015,TTN,NJ,AEA,EN,Federal Contract Tower,13,22,39,4,78,0,0,40,0,40,13,22,79,4,118,50,0,50,168
09/29/2015,TTN,NJ,AEA,EN,Federal Contract Tower,15,14,40,0,69,0,0,27,0,27,15,14,67,0,96,55,0,55,151
09/30/2015,TTN,NJ,AEA,EN,Federal Contract Tower,15,16,42,0,73,0,0,59,0,59,15,16,101,0,132,80,0,80,212
10/01/2015,TTN,NJ,AEA,EN,Federal Contract Tower,15,14,30,2,61,0,0,45,0,45,15,14,75,2,106,48,0,48,154
10/02/2015,TTN,NJ,AEA,EN,Federal Contract Tower,15,8,27,0,50,0,0,13,0,13,15,8,40,0,63,6,0,6,69
10/03/2015,TTN,NJ,AEA,EN,Federal Contract Tower,15,6,14,0,35,0,0,0,0,0,15,6,14,0,35,0,0,0,35
10/04/2015,TTN,NJ,AEA,EN,Federal Contract Tower,15,13,24,0,52,0,0,33,0,33,15,13,57,0,85,50,0,50,135
10/05/2015,TTN,NJ,AEA,EN,Federal Contract Tower,15,10,16,0,41,0,1,100,3,104,15,11,116,3,145,103,0,103,248
10/06/2015,TTN,NJ,AEA,EN,Federal Contract Tower,15,10,38,2,65,0,2,103,2,107,15,12,141,4,172,186,2,188,360
10/07/2015,TTN,NJ,AEA,EN,Federal Contract Tower,15,13,28,2,58,0,3,127,4,134,15,16,155,6,192,169,0,169,361
10/08/2015,TTN,NJ,AEA,EN,Federal Contract Tower,15,23,40,2,80,0,7,111,0,118,15,30,151,2,198,218,0,218,416
10/09/2015,TTN,NJ,AEA,EN,Federal Contract Tower,15,21,37,0,73,0,0,59,0,59,15,21,96,0,132,131,0,131,263
10/10/2015,TTN,NJ,AEA,EN,Federal Contract Tower,15,9,20,0,44,0,0,119,0,119,15,9,139,0,163,83,0,83,246
10/11/2015,TTN,NJ,AEA,EN,Federal Contract Tower,16,16,29,0,61,0,0,141,0,141,16,16,170,0,202,161,0,161,363
10/12/2015,TTN,NJ,AEA,EN,Federal Contract Tower,15,13,32,0,60,0,0,156,0,156,15,13,188,0,216,179,2,181,397
10/13/2015,TTN,NJ,AEA,EN,Federal Contract Tower,16,22,31,0,69,0,0,58,0,58,16,22,89,0,127,63,0,63,190
10/14/2015,TTN,NJ,AEA,EN,Federal Contract Tower,15,22,25,2,64,0,2,108,0,110,15,24,133,2,174,176,0,176,350
10/15/2015,TTN,NJ,AEA,EN,Federal Contract Tower,16,14,27,4,61,0,4,111,0,115,16,18,138,4,176,128,0,128,304
10/16/2015,TTN,NJ,AEA,EN,Federal Contract Tower,15,10,30,2,57,0,0,112,0,112,15,10,142,2,169,94,0,94,263
10/17/2015,TTN,NJ,AEA,EN,Federal Contract Tower,15,7,15,0,37,0,0,83,0,83,15,7,98,0,120,88,0,88,208
10/18/2015,TTN,NJ,AEA,EN,Federal Contract Tower,14,17,25,0,56,0,0,95,6,101,14,17,120,6,157,84,0,84,241
10/19/2015,TTN,NJ,AEA,EN,Federal Contract Tower,15,6,36,1,58,0,0,87,6,93,15,6,123,7,151,124,2,126,277
10/20/2015,TTN,NJ,AEA,EN,Federal Contract Tower,15,18,26,2,61,0,3,129,0,132,15,21,155,2,193,151,0,151,344
10/21/2015,TTN,NJ,AEA,EN,Federal Contract Tower,15,12,20,2,49,0,4,155,0,159,15,16,175,2,208,150,0,150,358
10/22/2015,TTN,NJ,AEA,EN,Federal Contract Tower,16,20,28,0,64,0,3,134,6,143,16,23,162,6,207,151,0,151,358
10/23/2015,TTN,NJ,AEA,EN,Federal Contract Tower,15,9,28,0,52,0,5,151,0,156,15,14,179,0,208,99,0,99,307
10/24/2015,TTN,NJ,AEA,EN,Federal Contract Tower,15,8,17,1,41,0,0,185,0,185,15,8,202,1,226,128,0,128,354
10/25/2015,TTN,NJ,AEA,EN,Federal Contract Tower,17,10,21,0,48,0,0,27,0,27,17,10,48,0,75,16,0,16,91
10/26/2015,TTN,NJ,AEA,EN,Federal Contract Tower,16,7,21,2,46,0,1,97,0,98,16,8,118,2,144,128,0,128,272
10/27/2015,TTN,NJ,AEA,EN,Federal Contract Tower,16,11,21,2,50,0,2,139,0,141,16,13,160,2,191,194,0,194,385
10/28/2015,TTN,NJ,AEA,EN,Federal Contract Tower,16,14,32,0,62,0,0,2,0,2,16,14,34,0,64,4,0,4,68
10/29/2015,TTN,NJ,AEA,EN,Federal Contract Tower,16,13,24,0,53,0,1,71,0,72,16,14,95,0,125,45,0,45,170
10/30/2015,TTN,NJ,AEA,EN,Federal Contract Tower,15,7,23,0,45,0,0,175,0,175,15,7,198,0,220,140,0,140,360
10/31/2015,TTN,NJ,AEA,EN,Federal Contract Tower,14,9,14,0,37,0,2,126,0,128,14,11,140,0,165,108,0,108,273
11/01/2015,TTN,NJ,AEA,EN,Federal Contract Tower,14,10,20,0,44,0,0,101,0,101,14,10,121,0,145,103,0,103,248
11/02/2015,TTN,NJ,AEA,EN,Federal Contract Tower,16,10,19,2,47,0,0,126,2,128,16,10,145,4,175,162,0,162,337
11/03/2015,TTN,NJ,AEA,EN,Federal Contract Tower,16,14,14,2,46,0,0,0,159,159,16,14,14,161,205,255,0,255,460
11/04/2015,TTN,NJ,AEA,EN,Federal Contract Tower,16,8,20,2,46,0,4,127,0,131,16,12,147,2,177,161,0,161,338
11/05/2015,TTN,NJ,AEA,EN,Federal Contract Tower,17,26,27,2,72,0,2,12,0,14,17,28,39,2,86,18,0,18,104
11/06/2015,TTN,NJ,AEA,EN,Federal Contract Tower,17,3,30,0,50,0,0,62,0,62,17,3,92,0,112,28,0,28,140
11/07/2015,TTN,NJ,AEA,EN,Federal Contract Tower,16,6,13,0,35,0,0,111,2,113,16,6,124,2,148,178,2,180,328
11/08/2015,TTN,NJ,AEA,EN,Federal Contract Tower,16,12,28,0,56,0,0,157,2,159,16,12,185,2,215,199,0,199,414
11/09/2015,TTN,NJ,AEA,EN,Federal Contract Tower,16,3,19,0,38,0,0,141,0,141,16,3,160,0,179,197,0,197,376
11/10/2015,TTN,NJ,AEA,EN,Federal Contract Tower,16,13,34,0,63,0,0,0,0,0,16,13,34,0,63,0,0,0,63
11/11/2015,TTN,NJ,AEA,EN,Federal Contract Tower,16,10,25,1,52,0,0,65,0,65,16,10,90,1,117,128,0,128,245
11/12/2015,TTN,NJ,AEA,EN,Federal Contract Tower,16,11,23,1,51,0,0,20,0,20,16,11,43,1,71,45,0,45,116
11/13/2015,TTN,NJ,AEA,EN,Federal Contract Tower,16,7,23,2,48,0,0,109,0,109,16,7,132,2,157,59,0,59,216
11/14/2015,TTN,NJ,AEA,EN,Federal Contract Tower,17,0,19,0,36,0,0,76,0,76,17,0,95,0,112,11,0,11,123
11/15/2015,TTN,NJ,AEA,EN,Federal Contract Tower,15,5,17,0,37,0,0,113,0,113,15,5,130,0,150,73,0,73,223
11/16/2015,TTN,NJ,AEA,EN,Federal Contract Tower,15,3,22,0,40,0,0,140,0,140,15,3,162,0,180,172,0,172,352
11/17/2015,TTN,NJ,AEA,EN,Federal Contract Tower,16,10,26,1,53,0,5,126,4,135,16,15,152,5,188,212,0,212,400
11/18/2015,TTN,NJ,AEA,EN,Federal Contract Tower,17,10,34,1,62,0,0,108,0,108,17,10,142,1,170,140,0,140,310
11/19/2015,TTN,NJ,AEA,EN,Federal Contract Tower,16,11,28,0,55,0,0,4,0,4,16,11,32,0,59,25,0,25,84
11/20/2015,TTN,NJ,AEA,EN,Federal Contract Tower,16,25,39,1,81,0,0,109,2,111,16,25,148,3,192,99,0,99,291
11/21/2015,TTN,NJ,AEA,EN,Federal Contract Tower,14,11,20,0,45,0,0,141,0,141,14,11,161,0,186,176,0,176,362
11/22/2015,TTN,NJ,AEA,EN,Federal Contract Tower,12,6,19,0,37,0,0,119,0,119,12,6,138,0,156,126,0,126,282
11/23/2015,TTN,NJ,AEA,EN,Federal Contract Tower,18,6,21,6,51,0,0,100,0,100,18,6,121,6,151,136,0,136,287
11/24/2015,TTN,NJ,AEA,EN,Federal Contract Tower,16,13,32,3,64,0,0,142,2,144,16,13,174,5,208,218,0,218,426
11/25/2015,TTN,NJ,AEA,EN,Federal Contract Tower,15,6,18,0,39,0,0,132,0,132,15,6,150,0,171,156,0,156,327
11/26/2015,TTN,NJ,AEA,EN,Federal Contract Tower,13,5,7,0,25,0,0,30,0,30,13,5,37,0,55,8,0,8,63
11/27/2015,TTN,NJ,AEA,EN,Federal Contract Tower,16,3,7,0,26,0,0,71,0,71,16,3,78,0,97,0,0,0,97
11/28/2015,TTN,NJ,AEA,EN,Federal Contract Tower,16,12,24,0,52,0,0,83,0,83,16,12,107,0,135,129,0,129,264
11/29/2015,TTN,NJ,AEA,EN,Federal Contract Tower,16,19,33,0,68,0,0,102,2,104,16,19,135,2,172,76,0,76,248
11/30/2015,TTN,NJ,AEA,EN,Federal Contract Tower,13,13,39,4,69,0,0,80,0,80,13,13,119,4,149,136,0,136,285
12/01/2015,TTN,NJ,AEA,EN,Federal Contract Tower,14,10,32,1,57,0,0,0,0,0,14,10,32,1,57,0,0,0,57
12/02/2015,TTN,NJ,AEA,EN,Federal Contract Tower,16,9,19,0,44,0,0,0,0,0,16,9,19,0,44,0,0,0,44
12/03/2015,TTN,NJ,AEA,EN,Federal Contract Tower,16,12,27,1,56,0,1,77,3,81,16,13,104,4,137,65,0,65,202
12/04/2015,TTN,NJ,AEA,EN,Federal Contract Tower,16,20,21,2,59,0,0,149,2,151,16,20,170,4,210,112,0,112,322
12/05/2015,TTN,NJ,AEA,EN,Federal Contract Tower,17,6,22,0,45,0,0,128,0,128,17,6,150,0,173,165,0,165,338
12/06/2015,TTN,NJ,AEA,EN,Federal Contract Tower,17,4,25,0,46,0,0,134,0,134,17,4,159,0,180,106,0,106,286
12/07/2015,TTN,NJ,AEA,EN,Federal Contract Tower,15,9,37,6,67,0,0,108,2,110,15,9,145,8,177,61,10,71,248
12/08/2015,TTN,NJ,AEA,EN,Federal Contract Tower,15,18,22,3,58,0,0,130,7,137,15,18,152,10,195,192,4,196,391
12/09/2015,TTN,NJ,AEA,EN,Federal Contract Tower,16,12,23,2,53,0,1,130,0,131,16,13,153,2,184,101,0,101,285
12/10/2015,TTN,NJ,AEA,EN,Federal Contract Tower,17,16,29,2,64,0,5,75,0,80,17,21,104,2,144,141,0,141,285
12/11/2015,TTN,NJ,AEA,EN,Federal Contract Tower,16,12,25,0,53,0,0,85,0,85,16,12,110,0,138,65,0,65,203
12/12/2015,TTN,NJ,AEA,EN,Federal Contract Tower,16,9,8,0,33,0,0,125,0,125,16,9,133,0,158,139,0,139,297
12/13/2015,TTN,NJ,AEA,EN,Federal Contract Tower,16,3,16,0,35,0,0,123,0,123,16,3,139,0,158,165,0,165,323
12/14/2015,TTN,NJ,AEA,EN,Federal Contract Tower,16,10,13,2,41,0,0,13,0,13,16,10,26,2,54,29,7,36,90
12/15/2015,TTN,NJ,AEA,EN,Federal Contract Tower,16,15,23,0,54,0,2,53,6,61,16,17,76,6,115,49,39,88,203
12/16/2015,TTN,NJ,AEA,EN,Federal Contract Tower,16,15,26,2,59,0,2,135,0,137,16,17,161,2,196,149,2,151,347
12/17/2015,TTN,NJ,AEA,EN,Federal Contract Tower,18,10,23,0,51,0,0,8,0,8,18,10,31,0,59,12,0,12,71
12/18/2015,TTN,NJ,AEA,EN,Federal Contract Tower,16,11,23,2,52,0,0,82,0,82,16,11,105,2,134,88,6,94,228
12/19/2015,TTN,NJ,AEA,EN,Federal Contract Tower,15,3,22,0,40,0,0,98,0,98,15,3,120,0,138,33,0,33,171
12/20/2015,TTN,NJ,AEA,EN,Federal Contract Tower,15,4,15,0,34,0,0,105,0,105,15,4,120,0,139,88,0,88,227
12/21/2015,TTN,NJ,AEA,EN,Federal Contract Tower,14,9,13,0,36,0,0,97,0,97,14,9,110,0,133,118,0,118,251
12/22/2015,TTN,NJ,AEA,EN,Federal Contract Tower,20,8,24,3,55,0,0,1,0,1,20,8,25,3,56,0,0,0,56
12/23/2015,TTN,NJ,AEA,EN,Federal Contract Tower,15,4,2,0,21,0,0,0,0,0,15,4,2,0,21,0,0,0,21
12/24/2015,TTN,NJ,AEA,EN,Federal Contract Tower,14,9,16,0,39,0,0,20,0,20,14,9,36,0,59,2,0,2,61
12/25/2015,TTN,NJ,AEA,EN,Federal Contract Tower,15,12,6,0,33,0,0,0,0,0,15,12,6,0,33,0,0,0,33
12/26/2015,TTN,NJ,AEA,EN,Federal Contract Tower,13,15,31,0,59,0,0,41,0,41,13,15,72,0,100,26,0,26,126
12/27/2015,TTN,NJ,AEA,EN,Federal Contract Tower,18,12,14,0,44,0,0,0,0,0,18,12,14,0,44,0,0,0,44
12/28/2015,TTN,NJ,AEA,EN,Federal Contract Tower,11,6,14,2,33,0,0,52,4,56,11,6,66,6,89,44,0,44,133
12/29/2015,TTN,NJ,AEA,EN,Federal Contract Tower,15,10,6,0,31,0,0,0,0,0,15,10,6,0,31,0,0,0,31
12/30/2015,TTN,NJ,AEA,EN,Federal Contract Tower,15,16,18,0,49,0,0,0,0,0,15,16,18,0,49,0,0,0,49
12/31/2015,TTN,NJ,AEA,EN,Federal Contract Tower,14,14,19,0,47,0,0,88,0,88,14,14,107,0,135,76,0,76,211
01/01/2016,TTN,NJ,AEA,EN,Federal Contract Tower,12,9,13,0,34,0,0,33,0,33,12,9,46,0,67,0,0,0,67
01/02/2016,TTN,NJ,AEA,EN,Federal Contract Tower,15,7,40,0,62,0,0,129,0,129,15,7,169,0,191,175,0,175,366
01/03/2016,TTN,NJ,AEA,EN,Federal Contract Tower,15,16,21,0,52,0,0,99,0,99,15,16,120,0,151,140,0,140,291
01/04/2016,TTN,NJ,AEA,EN,Federal Contract Tower,15,10,14,0,39,0,0,53,2,55,15,10,67,2,94,77,0,77,171
01/05/2016,TTN,NJ,AEA,EN,Federal Contract Tower,9,6,19,2,36,0,0,99,4,103,9,6,118,6,139,121,2,123,262
01/06/2016,TTN,NJ,AEA,EN,Federal Contract Tower,9,13,12,0,34,0,0,126,2,128,9,13,138,2,162,179,0,179,341
01/07/2016,TTN,NJ,AEA,EN,Federal Contract Tower,9,12,21,0,42,0,1,78,0,79,9,13,99,0,121,66,0,66,187
01/08/2016,TTN,NJ,AEA,EN,Federal Contract Tower,9,14,15,0,38,0,0,59,2,61,9,14,74,2,99,91,0,91,190
01/09/2016,TTN,NJ,AEA,EN,Federal Contract Tower,7,5,13,0,25,0,0,3,0,3,7,5,16,0,28,0,0,0,28
01/10/2016,TTN,NJ,AEA,EN,Federal Contract Tower,9,14,10,0,33,0,0,0,0,0,9,14,10,0,33,2,0,2,35
01/11/2016,TTN,NJ,AEA,EN,Federal Contract Tower,9,7,26,0,42,0,0,71,0,71,9,7,97,0,113,149,0,149,262
01/12/2016,TTN,NJ,AEA,EN,Federal Contract Tower,9,8,11,0,28,0,0,43,1,44,9,8,54,1,72,54,2,56,128
01/13/2016,TTN,NJ,AEA,EN,Federal Contract Tower,9,9,25,0,43,0,2,65,0,67,9,11,90,0,110,78,0,78,188
01/14/2016,TTN,NJ,AEA,EN,Federal Contract Tower,9,16,28,0,53,0,0,111,0,111,9,16,139,0,164,123,0,123,287
01/15/2016,TTN,NJ,AEA,EN,Federal Contract Tower,9,8,18,0,35,0,0,99,0,99,9,8,117,0,134,93,0,93,227
01/16/2016,TTN,NJ,AEA,EN,Federal Contract Tower,9,9,7,0,25,0,0,53,0,53,9,9,60,0,78,8,0,8,86
01/17/2016,TTN,NJ,AEA,EN,Federal Contract Tower,10,3,13,0,26,0,0,67,0,67,10,3,80,0,93,111,0,111,204
01/18/2016,TTN,NJ,AEA,EN,Federal Contract Tower,11,11,16,0,38,0,1,31,0,32,11,12,47,0,70,14,0,14,84
01/19/2016,TTN,NJ,AEA,EN,Federal Contract Tower,9,17,20,1,47,0,0,45,8,53,9,17,65,9,100,4,0,4,104
01/20/2016,TTN,NJ,AEA,EN,Federal Contract Tower,10,6,24,0,40,0,1,97,1,99,10,7,121,1,139,148,0,148,287
01/21/2016,TTN,NJ,AEA,EN,Federal Contract Tower,11,7,23,0,41,0,2,89,2,93,11,9,112,2,134,70,0,70,204
01/22/2016,TTN,NJ,AEA,EN,Federal Contract Tower,8,12,21,0,41,0,1,58,8,67,8,13,79,8,108,58,0,58,166
01/23/2016,TTN,NJ,AEA,EN,Federal Contract Tower,0,0,0,0,0,0,0,0,0,0,0,0,0,0,0,0,0,0,0
01/24/2016,TTN,NJ,AEA,EN,Federal Contract Tower,7,10,10,0,27,0,0,12,0,12,7,10,22,0,39,0,0,0,39
01/25/2016,TTN,NJ,AEA,EN,Federal Contract Tower,9,3,22,1,35,0,0,62,0,62,9,3,84,1,97,18,0,18,115
01/26/2016,TTN,NJ,AEA,EN,Federal Contract Tower,9,10,25,0,44,0,0,78,0,78,9,10,103,0,122,0,0,0,122
01/27/2016,TTN,NJ,AEA,EN,Federal Contract Tower,10,8,23,0,41,0,1,87,0,88,10,9,110,0,129,54,0,54,183
01/28/2016,TTN,NJ,AEA,EN,Federal Contract Tower,10,7,25,0,42,0,4,118,0,122,10,11,143,0,164,100,0,100,264
01/29/2016,TTN,NJ,AEA,EN,Federal Contract Tower,9,20,29,0,58,0,0,46,0,46,9,20,75,0,104,0,0,0,104
01/30/2016,TTN,NJ,AEA,EN,Federal Contract Tower,9,11,17,0,37,0,0,113,0,113,9,11,130,0,150,135,0,135,285
01/31/2016,TTN,NJ,AEA,EN,Federal Contract Tower,8,5,22,0,35,0,0,157,0,157,8,5,179,0,192,115,0,115,307
02/01/2016,TTN,NJ,AEA,EN,Federal Contract Tower,10,11,15,2,38,0,0,72,1,73,10,11,87,3,111,42,0,42,153
02/02/2016,TTN,NJ,AEA,EN,Federal Contract Tower,10,4,29,0,43,0,0,111,0,111,10,4,140,0,154,135,0,135,289
02/03/2016,TTN,NJ,AEA,EN,Federal Contract Tower,11,13,24,0,48,0,0,8,0,8,11,13,32,0,56,18,0,18,74
02/04/2016,TTN,NJ,AEA,EN,Federal Contract Tower,10,7,37,0,54,0,0,89,4,93,10,7,126,4,147,186,0,186,333
02/05/2016,TTN,NJ,AEA,EN,Federal Contract Tower,10,8,18,2,38,0,0,59,0,59,10,8,77,2,97,56,0,56,153
02/06/2016,TTN,NJ,AEA,EN,Federal Contract Tower,10,0,13,0,23,0,0,143,2,145,10,0,156,2,168,138,0,138,306
02/07/2016,TTN,NJ,AEA,EN,Federal Contract Tower,10,5,22,0,37,0,1,131,0,132,10,6,153,0,169,168,0,168,337
02/08/2016,TTN,NJ,AEA,EN,Federal Contract Tower,10,9,17,0,36,0,0,56,0,56,10,9,73,0,92,102,0,102,194
02/09/2016,TTN,NJ,AEA,EN,Federal Contract Tower,9,17,17,0,43,0,0,3,0,3,9,17,20,0,46,0,0,0,46
02/10/2016,TTN,NJ,AEA,EN,Federal Contract Tower,9,13,22,0,44,0,0,49,2,51,9,13,71,2,95,20,0,20,115
02/11/2016,TTN,NJ,AEA,EN,Federal Contract Tower,10,11,25,2,48,0,1,74,0,75,10,12,99,2,123,24,0,24,147
02/12/2016,TTN,NJ,AEA,EN,Federal Contract Tower,10,13,25,0,48,0,1,109,0,110,10,14,134,0,158,109,0,109,267
02/13/2016,TTN,NJ,AEA,EN,Federal Contract Tower,10,5,10,0,25,0,0,16,0,16,10,5,26,0,41,20,0,20,61
02/14/2016,TTN,NJ,AEA,EN,Federal Contract Tower,10,10,16,0,36,0,0,65,0,65,10,10,81,0,101,39,0,39,140
02/15/2016,TTN,NJ,AEA,EN,Federal Contract Tower,6,6,26,0,38,0,0,4,0,4,6,6,30,0,42,0,0,0,42
02/16/2016,TTN,NJ,AEA,EN,Federal Contract Tower,11,10,24,0,45,0,0,19,0,19,11,10,43,0,64,0,0,0,64
02/17/2016,TTN,NJ,AEA,EN,Federal Contract Tower,10,19,21,0,50,0,5,111,0,116,10,24,132,0,166,124,0,124,290
02/18/2016,TTN,NJ,AEA,EN,Federal Contract Tower,10,17,17,0,44,0,0,160,10,170,10,17,177,10,214,122,0,122,336
02/19/2016,TTN,NJ,AEA,EN,Federal Contract Tower,10,10,18,2,40,0,0,107,0,107,10,10,125,2,147,153,0,153,300
02/20/2016,TTN,NJ,AEA,EN,Federal Contract Tower,10,2,15,1,28,0,0,140,0,140,10,2,155,1,168,161,0,161,329
02/21/2016,TTN,NJ,AEA,EN,Federal Contract Tower,10,5,11,0,26,0,0,104,0,104,10,5,115,0,130,98,0,98,228
02/22/2016,TTN,NJ,AEA,EN,Federal Contract Tower,11,6,16,0,33,0,0,117,0,117,11,6,133,0,150,100,0,100,250
02/23/2016,TTN,NJ,AEA,EN,Federal Contract Tower,10,10,27,0,47,0,0,20,0,20,10,10,47,0,67,0,0,0,67
02/24/2016,TTN,NJ,AEA,EN,Federal Contract Tower,11,6,19,0,36,0,0,0,0,0,11,6,19,0,36,0,0,0,36
02/25/2016,TTN,NJ,AEA,EN,Federal Contract Tower,8,22,23,2,55,0,0,44,0,44,8,22,67,2,99,30,0,30,129
02/26/2016,TTN,NJ,AEA,EN,Federal Contract Tower,11,14,18,2,45,0,0,69,0,69,11,14,87,2,114,2,0,2,116
02/27/2016,TTN,NJ,AEA,EN,Federal Contract Tower,12,8,20,0,40,0,2,128,0,130,12,10,148,0,170,148,0,148,318
02/28/2016,TTN,NJ,AEA,EN,Federal Contract Tower,10,11,28,0,49,0,1,123,0,124,10,12,151,0,173,105,0,105,278
02/29/2016,TTN,NJ,AEA,EN,Federal Contract Tower,10,19,18,2,49,0,0,58,2,60,10,19,76,4,109,57,0,57,166
03/01/2016,TTN,NJ,AEA,EN,Federal Contract Tower,9,14,31,1,55,0,2,179,0,181,9,16,210,1,236,209,0,209,445
03/02/2016,TTN,NJ,AEA,EN,Federal Contract Tower,8,10,18,2,38,0,4,38,2,44,8,14,56,4,82,32,0,32,114
03/03/2016,TTN,NJ,AEA,EN,Federal Contract Tower,10,16,36,2,64,0,4,109,0,113,10,20,145,2,177,122,0,122,299
03/04/2016,TTN,NJ,AEA,EN,Federal Contract Tower,8,15,19,2,44,0,0,54,0,54,8,15,73,2,98,14,0,14,112
03/05/2016,TTN,NJ,AEA,EN,Federal Contract Tower,10,15,15,0,40,0,0,119,0,119,10,15,134,0,159,212,0,212,371
03/06/2016,TTN,NJ,AEA,EN,Federal Contract Tower,9,12,12,0,33,0,0,103,0,103,9,12,115,0,136,187,0,187,323
03/07/2016,TTN,NJ,AEA,EN,Federal Contract Tower,9,13,26,0,48,0,0,114,0,114,9,13,140,0,162,82,0,82,244
03/08/2016,TTN,NJ,AEA,EN,Federal Contract Tower,10,17,23,0,50,0,0,131,0,131,10,17,154,0,181,201,0,201,382
03/09/2016,TTN,NJ,AEA,EN,Federal Contract Tower,9,10,12,0,31,0,4,156,0,160,9,14,168,0,191,162,0,162,353
03/10/2016,TTN,NJ,AEA,EN,Federal Contract Tower,10,7,25,2,44,0,2,113,0,115,10,9,138,2,159,68,0,68,227
03/11/2016,TTN,NJ,AEA,EN,Federal Contract Tower,9,5,9,0,23,0,0,113,0,113,9,5,122,0,136,161,0,161,297
03/12/2016,TTN,NJ,AEA,EN,Federal Contract Tower,9,12,13,0,34,0,0,125,2,127,9,12,138,2,161,147,0,147,308
03/13/2016,TTN,NJ,AEA,EN,Federal Contract Tower,9,10,21,0,40,0,0,87,0,87,9,10,108,0,127,173,0,173,300
03/14/2016,TTN,NJ,AEA,EN,Federal Contract Tower,9,6,28,1,44,0,0,1,0,1,9,6,29,1,45,0,0,0,45
03/15/2016,TTN,NJ,AEA,EN,Federal Contract Tower,8,14,28,2,52,0,3,31,0,34,8,17,59,2,86,10,0,10,96
03/16/2016,TTN,NJ,AEA,EN,Federal Contract Tower,10,7,21,2,40,0,0,138,5,143,10,7,159,7,183,244,0,244,427
03/17/2016,TTN,NJ,AEA,EN,Federal Contract Tower,9,10,26,1,46,0,0,64,0,64,9,10,90,1,110,45,0,45,155
03/18/2016,TTN,NJ,AEA,EN,Federal Contract Tower,10,11,21,3,45,0,0,83,0,83,10,11,104,3,128,58,0,58,186
03/19/2016,TTN,NJ,AEA,EN,Federal Contract Tower,11,11,8,1,31,0,0,141,0,141,11,11,149,1,172,207,0,207,379
03/20/2016,TTN,NJ,AEA,EN,Federal Contract Tower,9,6,17,0,32,0,0,48,0,48,9,6,65,0,80,89,0,89,169
03/21/2016,TTN,NJ,AEA,EN,Federal Contract Tower,8,10,26,1,45,0,1,56,2,59,8,11,82,3,104,55,0,55,159
03/22/2016,TTN,NJ,AEA,EN,Federal Contract Tower,10,6,24,0,40,0,2,113,2,117,10,8,137,2,157,143,4,147,304
03/23/2016,TTN,NJ,AEA,EN,Federal Contract Tower,8,8,22,2,40,0,3,171,4,178,8,11,193,6,218,179,8,187,405
03/24/2016,TTN,NJ,AEA,EN,Federal Contract Tower,4,20,36,0,60,0,4,149,0,153,4,24,185,0,213,168,0,168,381
03/25/2016,TTN,NJ,AEA,EN,Federal Contract Tower,9,11,28,2,50,0,0,52,0,52,9,11,80,2,102,37,0,37,139
03/26/2016,TTN,NJ,AEA,EN,Federal Contract Tower,8,2,18,0,28,0,0,185,0,185,8,2,203,0,213,198,0,198,411
03/27/2016,TTN,NJ,AEA,EN,Federal Contract Tower,7,10,16,0,33,0,1,30,0,31,7,11,46,0,64,19,0,19,83
03/28/2016,TTN,NJ,AEA,EN,Federal Contract Tower,9,20,26,0,55,0,0,15,0,15,9,20,41,0,70,0,0,0,70
03/29/2016,TTN,NJ,AEA,EN,Federal Contract Tower,8,13,25,0,46,0,6,54,3,63,8,19,79,3,109,30,2,32,141
03/30/2016,TTN,NJ,AEA,EN,Federal Contract Tower,9,10,27,0,46,0,2,156,0,158,9,12,183,0,204,127,0,127,331
03/31/2016,TTN,NJ,AEA,EN,Federal Contract Tower,9,13,15,0,37,0,2,80,5,87,9,15,95,5,124,44,2,46,170
04/01/2016,TTN,NJ,AEA,EN,Federal Contract Tower,7,14,16,0,37,0,0,33,0,33,7,14,49,0,70,4,0,4,74
04/02/2016,TTN,NJ,AEA,EN,Federal Contract Tower,9,9,16,0,34,0,0,138,0,138,9,9,154,0,172,209,0,209,381
04/03/2016,TTN,NJ,AEA,EN,Federal Contract Tower,9,10,12,0,31,0,0,11,0,11,9,10,23,0,42,0,0,0,42
04/04/2016,TTN,NJ,AEA,EN,Federal Contract Tower,9,16,12,0,37,0,0,58,0,58,9,16,70,0,95,67,0,67,162
04/05/2016,TTN,NJ,AEA,EN,Federal Contract Tower,11,10,25,0,46,0,2,127,3,132,11,12,152,3,178,108,0,108,286
04/06/2016,TTN,NJ,AEA,EN,Federal Contract Tower,9,9,34,4,56,0,2,142,6,150,9,11,176,10,206,124,0,124,330
04/07/2016,TTN,NJ,AEA,EN,Federal Contract Tower,9,7,27,4,47,0,0,23,0,23,9,7,50,4,70,32,0,32,102
04/08/2016,TTN,NJ,AEA,EN,Federal Contract Tower,10,16,21,0,47,0,0,75,0,75,10,16,96,0,122,43,0,43,165
04/09/2016,TTN,NJ,AEA,EN,Federal Contract Tower,9,8,5,0,22,0,0,0,0,0,9,8,5,0,22,0,0,0,22
04/10/2016,TTN,NJ,AEA,EN,Federal Contract Tower,9,13,24,0,46,0,2,182,0,184,9,15,206,0,230,279,0,279,509
04/11/2016,TTN,NJ,AEA,EN,Federal Contract Tower,10,19,21,2,52,0,0,80,0,80,10,19,101,2,132,93,0,93,225
04/12/2016,TTN,NJ,AEA,EN,Federal Contract Tower,9,27,41,0,77,0,2,84,10,96,9,29,125,10,173,94,2,96,269
04/13/2016,TTN,NJ,AEA,EN,Federal Contract Tower,8,13,30,2,53,0,2,167,2,171,8,15,197,4,224,215,0,215,439
04/14/2016,TTN,NJ,AEA,EN,Federal Contract Tower,10,5,38,2,55,0,2,131,4,137,10,7,169,6,192,220,1,221,413
04/15/2016,TTN,NJ,AEA,EN,Federal Contract Tower,11,9,27,2,49,0,1,118,2,121,11,10,145,4,170,172,0,172,342
04/16/2016,TTN,NJ,AEA,EN,Federal Contract Tower,11,12,17,0,40,0,0,190,6,196,11,12,207,6,236,120,0,120,356
04/17/2016,TTN,NJ,AEA,EN,Federal Contract Tower,10,15,12,0,37,0,1,120,0,121,10,16,132,0,158,137,0,137,295
04/18/2016,TTN,NJ,AEA,EN,Federal Contract Tower,11,2,19,2,34,0,3,111,0,114,11,5,130,2,148,164,0,164,312
04/19/2016,TTN,NJ,AEA,EN,Federal Contract Tower,10,17,24,2,53,0,2,113,0,115,10,19,137,2,168,79,0,79,247
04/20/2016,TTN,NJ,AEA,EN,Federal Contract Tower,10,6,37,2,55,0,0,177,2,179,10,6,214,4,234,230,0,230,464
04/21/2016,TTN,NJ,AEA,EN,Federal Contract Tower,10,9,31,2,52,0,5,140,4,149,10,14,171,6,201,89,0,89,290
04/22/2016,TTN,NJ,AEA,EN,Federal Contract Tower,9,6,16,0,31,0,0,105,0,105,9,6,121,0,136,104,0,104,240
04/23/2016,TTN,NJ,AEA,EN,Federal Contract Tower,10,7,20,0,37,0,0,85,0,85,10,7,105,0,122,98,0,98,220
04/24/2016,TTN,NJ,AEA,EN,Federal Contract Tower,10,10,14,0,34,0,0,155,0,155,10,10,169,0,189,206,0,206,395
04/25/2016,TTN,NJ,AEA,EN,Federal Contract Tower,10,8,27,2,47,0,1,101,0,102,10,9,128,2,149,160,0,160,309
04/26/2016,TTN,NJ,AEA,EN,Federal Contract Tower,9,13,33,0,55,0,0,45,0,45,9,13,78,0,100,69,0,69,169
04/27/2016,TTN,NJ,AEA,EN,Federal Contract Tower,10,12,40,2,64,0,0,130,0,130,10,12,170,2,194,62,0,62,256
04/28/2016,TTN,NJ,AEA,EN,Federal Contract Tower,9,13,30,1,53,0,1,79,1,81,9,14,109,2,134,71,0,71,205
04/29/2016,TTN,NJ,AEA,EN,Federal Contract Tower,11,14,30,3,58,0,0,76,2,78,11,14,106,5,136,63,0,63,199
04/30/2016,TTN,NJ,AEA,EN,Federal Contract Tower,11,5,17,0,33,0,0,151,0,151,11,5,168,0,184,112,0,112,296
05/01/2016,TTN,NJ,AEA,EN,Federal Contract Tower,8,7,18,0,33,0,0,0,0,0,8,7,18,0,33,0,0,0,33
05/02/2016,TTN,NJ,AEA,EN,Federal Contract Tower,11,8,26,0,45,0,2,8,0,10,11,10,34,0,55,4,0,4,59
05/03/2016,TTN,NJ,AEA,EN,Federal Contract Tower,14,25,43,2,84,0,0,0,0,0,14,25,43,2,84,0,0,0,84
05/04/2016,TTN,NJ,AEA,EN,Federal Contract Tower,9,18,32,2,61,0,0,0,0,0,9,18,32,2,61,0,0,0,61
05/05/2016,TTN,NJ,AEA,EN,Federal Contract Tower,12,19,50,0,81,0,0,61,0,61,12,19,111,0,142,44,0,44,186
05/06/2016,TTN,NJ,AEA,EN,Federal Contract Tower,10,25,23,2,60,0,0,0,0,0,10,25,23,2,60,0,0,0,60
05/07/2016,TTN,NJ,AEA,EN,Federal Contract Tower,11,19,26,0,56,0,0,52,5,57,11,19,78,5,113,58,0,58,171
05/08/2016,TTN,NJ,AEA,EN,Federal Contract Tower,11,15,20,0,46,0,1,46,0,47,11,16,66,0,93,64,0,64,157
05/09/2016,TTN,NJ,AEA,EN,Federal Contract Tower,11,6,21,0,38,0,0,98,3,101,11,6,119,3,139,107,0,107,246
05/10/2016,TTN,NJ,AEA,EN,Federal Contract Tower,10,12,25,0,47,0,2,93,4,99,10,14,118,4,146,68,0,68,214
05/11/2016,TTN,NJ,AEA,EN,Federal Contract Tower,11,7,28,4,50,0,1,173,1,175,11,8,201,5,225,99,0,99,324
05/12/2016,TTN,NJ,AEA,EN,Federal Contract Tower,10,11,28,0,49,0,2,142,0,144,10,13,170,0,193,146,0,146,339
05/13/2016,TTN,NJ,AEA,EN,Federal Contract Tower,12,7,41,3,63,0,0,8,0,8,12,7,49,3,71,0,0,0,71
05/14/2016,TTN,NJ,AEA,EN,Federal Contract Tower,11,4,19,0,34,0,0,113,0,113,11,4,132,0,147,63,0,63,210
05/15/2016,TTN,NJ,AEA,EN,Federal Contract Tower,9,11,28,4,52,0,0,68,0,68,9,11,96,4,120,60,0,60,180
05/16/2016,TTN,NJ,AEA,EN,Federal Contract Tower,11,3,18,6,38,0,2,62,4,68,11,5,80,10,106,30,0,30,136
05/17/2016,TTN,NJ,AEA,EN,Federal Contract Tower,10,14,37,3,64,0,9,97,0,106,10,23,134,3,170,86,0,86,256
05/18/2016,TTN,NJ,AEA,EN,Federal Contract Tower,11,11,31,0,53,0,3,129,1,133,11,14,160,1,186,106,2,108,294
05/19/2016,TTN,NJ,AEA,EN,Federal Contract Tower,10,18,30,0,58,0,2,151,0,153,10,20,181,0,211,116,0,116,327
05/20/2016,TTN,NJ,AEA,EN,Federal Contract Tower,9,18,35,1,63,0,2,153,0,155,9,20,188,1,218,109,0,109,327
05/21/2016,TTN,NJ,AEA,EN,Federal Contract Tower,11,7,18,0,36,0,0,49,0,49,11,7,67,0,85,32,0,32,117
05/22/2016,TTN,NJ,AEA,EN,Federal Contract Tower,10,8,17,4,39,0,0,82,2,84,10,8,99,6,123,56,0,56,179
05/23/2016,TTN,NJ,AEA,EN,Federal Contract Tower,11,9,29,2,51,0,0,89,0,89,11,9,118,2,140,80,0,80,220
05/24/2016,TTN,NJ,AEA,EN,Federal Contract Tower,11,9,33,0,53,0,0,122,0,122,11,9,155,0,175,52,0,52,227
05/25/2016,TTN,NJ,AEA,EN,Federal Contract Tower,11,12,24,1,48,0,3,181,0,184,11,15,205,1,232,124,0,124,356
05/26/2016,TTN,NJ,AEA,EN,Federal Contract Tower,10,13,46,2,71,0,4,155,0,159,10,17,201,2,230,149,0,149,379
05/27/2016,TTN,NJ,AEA,EN,Federal Contract Tower,10,12,34,0,56,0,0,144,0,144,10,12,178,0,200,119,0,119,319
05/28/2016,TTN,NJ,AEA,EN,Federal Contract Tower,11,12,6,0,29,0,5,108,0,113,11,17,114,0,142,96,0,96,238
05/29/2016,TTN,NJ,AEA,EN,Federal Contract Tower,10,13,21,0,44,0,0,96,0,96,10,13,117,0,140,74,0,74,214
05/30/2016,TTN,NJ,AEA,EN,Federal Contract Tower,9,13,18,0,40,0,0,25,0,25,9,13,43,0,65,0,0,0,65
05/31/2016,TTN,NJ,AEA,EN,Federal Contract Tower,10,14,17,4,45,0,0,65,0,65,10,14,82,4,110,95,0,95,205
06/01/2016,TTN,NJ,AEA,EN,Federal Contract Tower,11,11,28,2,52,0,2,156,5,163,11,13,184,7,215,58,0,58,273
06/02/2016,TTN,NJ,AEA,EN,Federal Contract Tower,10,13,29,0,52,0,0,116,0,116,10,13,145,0,168,100,0,100,268
06/03/2016,TTN,NJ,AEA,EN,Federal Contract Tower,11,9,42,0,62,0,0,25,0,25,11,9,67,0,87,2,0,2,89
06/04/2016,TTN,NJ,AEA,EN,Federal Contract Tower,11,5,17,0,33,0,1,102,0,103,11,6,119,0,136,105,0,105,241
06/05/2016,TTN,NJ,AEA,EN,Federal Contract Tower,10,7,38,0,55,0,0,11,0,11,10,7,49,0,66,0,0,0,66
06/06/2016,TTN,NJ,AEA,EN,Federal Contract Tower,8,14,37,0,59,0,1,105,0,106,8,15,142,0,165,120,0,120,285
06/07/2016,TTN,NJ,AEA,EN,Federal Contract Tower,14,6,29,2,51,0,2,63,0,65,14,8,92,2,116,105,2,107,223
06/08/2016,TTN,NJ,AEA,EN,Federal Contract Tower,10,17,16,0,43,0,5,66,1,72,10,22,82,1,115,45,0,45,160
06/09/2016,TTN,NJ,AEA,EN,Federal Contract Tower,9,16,31,1,57,0,3,115,10,128,9,19,146,11,185,62,2,64,249
06/10/2016,TTN,NJ,AEA,EN,Federal Contract Tower,12,13,31,1,57,0,0,184,6,190,12,13,215,7,247,135,0,135,382
06/11/2016,TTN,NJ,AEA,EN,Federal Contract Tower,11,13,12,0,36,0,0,124,0,124,11,13,136,0,160,76,0,76,236
06/12/2016,TTN,NJ,AEA,EN,Federal Contract Tower,10,15,20,0,45,0,0,67,0,67,10,15,87,0,112,16,0,16,128
06/13/2016,TTN,NJ,AEA,EN,Federal Contract Tower,11,10,24,2,47,0,2,109,6,117,11,12,133,8,164,102,0,102,266
06/14/2016,TTN,NJ,AEA,EN,Federal Contract Tower,11,14,27,6,58,0,5,171,6,182,11,19,198,12,240,202,0,202,442
06/15/2016,TTN,NJ,AEA,EN,Federal Contract Tower,10,18,31,4,63,123,5,0,0,128,133,23,31,4,191,170,0,170,361
06/16/2016,TTN,NJ,AEA,EN,Federal Contract Tower,10,9,29,1,49,0,0,62,0,62,10,9,91,1,111,91,0,91,202
06/17/2016,TTN,NJ,AEA,EN,Federal Contract Tower,8,13,13,0,34,0,2,112,4,118,8,15,125,4,152,113,1,114,266
06/18/2016,TTN,NJ,AEA,EN,Federal Contract Tower,13,9,14,0,36,0,0,158,0,158,13,9,172,0,194,171,0,171,365
06/19/2016,TTN,NJ,AEA,EN,Federal Contract Tower,12,8,15,0,35,0,1,125,0,126,12,9,140,0,161,154,0,154,315
06/20/2016,TTN,NJ,AEA,EN,Federal Contract Tower,10,6,23,2,41,0,3,113,5,121,10,9,136,7,162,118,2,120,282
06/21/2016,TTN,NJ,AEA,EN,Federal Contract Tower,11,14,17,2,44,0,3,116,5,124,11,17,133,7,168,191,8,199,367
06/22/2016,TTN,NJ,AEA,EN,Federal Contract Tower,10,18,27,2,57,0,0,95,0,95,10,18,122,2,152,28,6,34,186
06/23/2016,TTN,NJ,AEA,EN,Federal Contract Tower,10,9,43,1,63,0,1,100,0,101,10,10,143,1,164,84,0,84,248
06/24/2016,TTN,NJ,AEA,EN,Federal Contract Tower,11,22,30,0,63,0,0,159,0,159,11,22,189,0,222,236,0,236,458
06/25/2016,TTN,NJ,AEA,EN,Federal Contract Tower,10,14,29,0,53,0,0,112,0,112,10,14,141,0,165,116,0,116,281
06/26/2016,TTN,NJ,AEA,EN,Federal Contract Tower,10,20,16,0,46,0,1,106,0,107,10,21,122,0,153,84,0,84,237
06/27/2016,TTN,NJ,AEA,EN,Federal Contract Tower,10,11,21,0,42,0,2,87,2,91,10,13,108,2,133,156,0,156,289
06/28/2016,TTN,NJ,AEA,EN,Federal Contract Tower,10,11,30,1,52,0,0,19,0,19,10,11,49,1,71,0,0,0,71
06/29/2016,TTN,NJ,AEA,EN,Federal Contract Tower,10,16,34,0,60,0,1,101,2,104,10,17,135,2,164,78,0,78,242
06/30/2016,TTN,NJ,AEA,EN,Federal Contract Tower,10,13,29,1,53,0,2,142,0,144,10,15,171,1,197,134,0,134,331
07/01/2016,TTN,NJ,AEA,EN,Federal Contract Tower,10,11,37,1,59,0,0,60,0,60,10,11,97,1,119,45,0,45,164
07/02/2016,TTN,NJ,AEA,EN,Federal Contract Tower,10,8,14,0,32,0,0,132,0,132,10,8,146,0,164,112,0,112,276
07/03/2016,TTN,NJ,AEA,EN,Federal Contract Tower,12,2,11,0,25,0,0,90,0,90,12,2,101,0,115,112,0,112,227
07/04/2016,TTN,NJ,AEA,EN,Federal Contract Tower,11,2,26,0,39,0,4,70,0,74,11,6,96,0,113,68,0,68,181
07/05/2016,TTN,NJ,AEA,EN,Federal Contract Tower,10,9,28,2,49,0,0,93,4,97,10,9,121,6,146,185,6,191,337
07/06/2016,TTN,NJ,AEA,EN,Federal Contract Tower,10,8,21,4,43,0,4,88,1,93,10,12,109,5,136,154,0,154,290
07/07/2016,TTN,NJ,AEA,EN,Federal Contract Tower,9,6,18,1,34,0,3,58,0,61,9,9,76,1,95,92,0,92,187
07/08/2016,TTN,NJ,AEA,EN,Federal Contract Tower,12,12,26,0,50,0,0,76,0,76,12,12,102,0,126,126,0,126,252
07/09/2016,TTN,NJ,AEA,EN,Federal Contract Tower,10,19,15,0,44,0,0,1,0,1,10,19,16,0,45,0,0,0,45
07/10/2016,TTN,NJ,AEA,EN,Federal Contract Tower,10,13,27,0,50,0,1,105,0,106,10,14,132,0,156,123,0,123,279
07/11/2016,TTN,NJ,AEA,EN,Federal Contract Tower,11,21,16,1,49,0,1,116,0,117,11,22,132,1,166,158,0,158,324
07/12/2016,TTN,NJ,AEA,EN,Federal Contract Tower,11,12,37,2,62,0,2,124,6,132,11,14,161,8,194,178,0,178,372
07/13/2016,TTN,NJ,AEA,EN,Federal Contract Tower,10,17,25,2,54,0,2,56,0,58,10,19,81,2,112,92,0,92,204
07/14/2016,TTN,NJ,AEA,EN,Federal Contract Tower,10,17,34,2,63,0,2,50,0,52,10,19,84,2,115,30,0,30,145
07/15/2016,TTN,NJ,AEA,EN,Federal Contract Tower,10,9,18,0,37,0,0,105,0,105,10,9,123,0,142,111,0,111,253
07/16/2016,TTN,NJ,AEA,EN,Federal Contract Tower,10,6,12,0,28,0,0,109,0,109,10,6,121,0,137,102,0,102,239
07/17/2016,TTN,NJ,AEA,EN,Federal Contract Tower,10,7,14,0,31,0,0,130,0,130,10,7,144,0,161,151,0,151,312
07/18/2016,TTN,NJ,AEA,EN,Federal Contract Tower,10,9,15,2,36,0,1,66,1,68,10,10,81,3,104,89,0,89,193
07/19/2016,TTN,NJ,AEA,EN,Federal Contract Tower,10,8,32,4,54,0,5,147,4,156,10,13,179,8,210,224,0,224,434
07/20/2016,TTN,NJ,AEA,EN,Federal Contract Tower,11,11,35,1,58,0,5,115,4,124,11,16,150,5,182,208,2,210,392
07/21/2016,TTN,NJ,AEA,EN,Federal Contract Tower,8,3,23,2,36,0,10,91,0,101,8,13,114,2,137,102,0,102,239
07/22/2016,TTN,NJ,AEA,EN,Federal Contract Tower,9,11,37,2,59,0,1,135,0,136,9,12,172,2,195,129,0,129,324
07/23/2016,TTN,NJ,AEA,EN,Federal Contract Tower,10,4,16,0,30,0,0,95,6,101,10,4,111,6,131,181,2,183,314
07/24/2016,TTN,NJ,AEA,EN,Federal Contract Tower,10,4,19,0,33,0,1,98,0,99,10,5,117,0,132,101,0,101,233
07/25/2016,TTN,NJ,AEA,EN,Federal Contract Tower,8,5,33,2,48,0,0,22,0,22,8,5,55,2,70,3,0,3,73
07/26/2016,TTN,NJ,AEA,EN,Federal Contract Tower,10,13,47,5,75,0,0,42,0,42,10,13,89,5,117,0,0,0,117
07/27/2016,TTN,NJ,AEA,EN,Federal Contract Tower,10,4,32,0,46,0,10,48,0,58,10,14,80,0,104,2,0,2,106
07/28/2016,TTN,NJ,AEA,EN,Federal Contract Tower,10,13,29,2,54,0,3,38,2,43,10,16,67,4,97,0,0,0,97
07/29/2016,TTN,NJ,AEA,EN,Federal Contract Tower,11,11,39,2,63,0,0,79,0,79,11,11,118,2,142,78,0,78,220
07/30/2016,TTN,NJ,AEA,EN,Federal Contract Tower,11,6,20,0,37,0,0,35,0,35,11,6,55,0,72,2,0,2,74
07/31/2016,TTN,NJ,AEA,EN,Federal Contract Tower,10,15,21,0,46,0,0,29,0,29,10,15,50,0,75,0,0,0,75
08/01/2016,TTN,NJ,AEA,EN,Federal Contract Tower,10,10,25,1,46,0,0,15,0,15,10,10,40,1,61,0,0,0,61
08/02/2016,TTN,NJ,AEA,EN,Federal Contract Tower,10,9,48,1,68,0,0,131,4,135,10,9,179,5,203,267,2,269,472
08/03/2016,TTN,NJ,AEA,EN,Federal Contract Tower,11,3,45,2,61,0,4,112,0,116,11,7,157,2,177,171,0,171,348
08/04/2016,TTN,NJ,AEA,EN,Federal Contract Tower,10,12,22,2,46,0,3,159,0,162,10,15,181,2,208,108,0,108,316
08/05/2016,TTN,NJ,AEA,EN,Federal Contract Tower,11,14,35,0,60,0,0,139,0,139,11,14,174,0,199,146,0,146,345
08/06/2016,TTN,NJ,AEA,EN,Federal Contract Tower,8,13,22,0,43,0,1,42,2,45,8,14,64,2,88,53,0,53,141
08/07/2016,TTN,NJ,AEA,EN,Federal Contract Tower,10,5,16,0,31,0,1,127,2,130,10,6,143,2,161,77,0,77,238
08/08/2016,TTN,NJ,AEA,EN,Federal Contract Tower,9,1,18,0,28,0,0,115,0,115,9,1,133,0,143,144,0,144,287
08/09/2016,TTN,NJ,AEA,EN,Federal Contract Tower,10,8,33,0,51,0,3,152,0,155,10,11,185,0,206,147,0,147,353
08/10/2016,TTN,NJ,AEA,EN,Federal Contract Tower,10,13,28,0,51,0,0,90,0,90,10,13,118,0,141,83,0,83,224
08/11/2016,TTN,NJ,AEA,EN,Federal Contract Tower,10,13,23,0,46,0,3,89,0,92,10,16,112,0,138,80,0,80,218
08/12/2016,TTN,NJ,AEA,EN,Federal Contract Tower,10,10,19,0,39,0,1,86,0,87,10,11,105,0,126,107,0,107,233
08/13/2016,TTN,NJ,AEA,EN,Federal Contract Tower,11,9,15,0,35,0,0,101,0,101,11,9,116,0,136,70,0,70,206
08/14/2016,TTN,NJ,AEA,EN,Federal Contract Tower,10,16,14,0,40,0,0,87,0,87,10,16,101,0,127,98,0,98,225
08/15/2016,TTN,NJ,AEA,EN,Federal Contract Tower,10,5,28,0,43,0,0,91,0,91,10,5,119,0,134,116,0,116,250
08/16/2016,TTN,NJ,AEA,EN,Federal Contract Tower,10,6,23,2,41,0,0,86,0,86,10,6,109,2,127,136,0,136,263
08/17/2016,TTN,NJ,AEA,EN,Federal Contract Tower,10,9,28,0,47,0,4,133,0,137,10,13,161,0,184,191,0,191,375
08/18/2016,TTN,NJ,AEA,EN,Federal Contract Tower,10,15,45,1,71,0,0,107,0,107,10,15,152,1,178,121,0,121,299
08/19/2016,TTN,NJ,AEA,EN,Federal Contract Tower,10,11,31,1,53,0,1,170,0,171,10,12,201,1,224,171,0,171,395
08/20/2016,TTN,NJ,AEA,EN,Federal Contract Tower,10,4,17,0,31,0,1,119,0,120,10,5,136,0,151,111,0,111,262
08/21/2016,TTN,NJ,AEA,EN,Federal Contract Tower,11,17,20,0,48,0,0,73,0,73,11,17,93,0,121,52,0,52,173
08/22/2016,TTN,NJ,AEA,EN,Federal Contract Tower,10,14,37,1,62,0,1,116,0,117,10,15,153,1,179,107,0,107,286
08/23/2016,TTN,NJ,AEA,EN,Federal Contract Tower,10,20,21,2,53,0,0,150,0,150,10,20,171,2,203,248,0,248,451
08/24/2016,TTN,NJ,AEA,EN,Federal Contract Tower,10,7,32,2,51,0,0,127,2,129,10,7,159,4,180,130,0,130,310
08/25/2016,TTN,NJ,AEA,EN,Federal Contract Tower,12,12,23,2,49,0,4,125,0,129,12,16,148,2,178,90,0,90,268
08/26/2016,TTN,NJ,AEA,EN,Federal Contract Tower,10,10,30,1,51,0,1,107,0,108,10,11,137,1,159,35,0,35,194
08/27/2016,TTN,NJ,AEA,EN,Federal Contract Tower,10,4,8,0,22,0,0,138,0,138,10,4,146,0,160,103,1,104,264
08/28/2016,TTN,NJ,AEA,EN,Federal Contract Tower,10,8,18,2,38,0,2,141,0,143,10,10,159,2,181,130,0,130,311
08/29/2016,TTN,NJ,AEA,EN,Federal Contract Tower,11,15,22,0,48,0,1,127,0,128,11,16,149,0,176,118,0,118,294
08/30/2016,TTN,NJ,AEA,EN,Federal Contract Tower,11,11,22,0,44,0,2,138,0,140,11,13,160,0,184,155,0,155,339
08/31/2016,TTN,NJ,AEA,EN,Federal Contract Tower,11,16,28,1,56,0,1,101,2,104,11,17,129,3,160,113,1,114,274
09/01/2016,TTN,NJ,AEA,EN,Federal Contract Tower,8,19,42,2,71,0,3,52,0,55,8,22,94,2,126,51,0,51,177
09/02/2016,TTN,NJ,AEA,EN,Federal Contract Tower,11,19,35,0,65,0,0,132,0,132,11,19,167,0,197,95,0,95,292
09/03/2016,TTN,NJ,AEA,EN,Federal Contract Tower,11,3,15,0,29,0,1,87,0,88,11,4,102,0,117,96,6,102,219
09/04/2016,TTN,NJ,AEA,EN,Federal Contract Tower,10,9,10,0,29,0,1,44,0,45,10,10,54,0,74,44,0,44,118
09/05/2016,TTN,NJ,AEA,EN,Federal Contract Tower,7,9,16,0,32,0,2,72,0,74,7,11,88,0,106,75,0,75,181
09/06/2016,TTN,NJ,AEA,EN,Federal Contract Tower,10,14,16,0,40,0,0,88,0,88,10,14,104,0,128,102,0,102,230
09/07/2016,TTN,NJ,AEA,EN,Federal Contract Tower,10,13,23,0,46,0,0,131,2,133,10,13,154,2,179,51,0,51,230
09/08/2016,TTN,NJ,AEA,EN,Federal Contract Tower,10,17,30,3,60,0,1,90,2,93,10,18,120,5,153,86,2,88,241
09/09/2016,TTN,NJ,AEA,EN,Federal Contract Tower,10,14,34,1,59,0,1,139,0,140,10,15,173,1,199,109,0,109,308
09/10/2016,TTN,NJ,AEA,EN,Federal Contract Tower,11,12,23,0,46,0,2,103,4,109,11,14,126,4,155,119,2,121,276
09/11/2016,TTN,NJ,AEA,EN,Federal Contract Tower,10,8,24,0,42,0,0,115,0,115,10,8,139,0,157,100,0,100,257
09/12/2016,TTN,NJ,AEA,EN,Federal Contract Tower,10,12,36,1,59,0,0,135,4,139,10,12,171,5,198,97,0,97,295
09/13/2016,TTN,NJ,AEA,EN,Federal Contract Tower,10,13,38,1,62,0,4,138,0,142,10,17,176,1,204,107,0,107,311
09/14/2016,TTN,NJ,AEA,EN,Federal Contract Tower,11,11,32,2,56,0,2,118,0,120,11,13,150,2,176,137,0,137,313
09/15/2016,TTN,NJ,AEA,EN,Federal Contract Tower,10,3,44,0,57,0,4,104,0,108,10,7,148,0,165,232,0,232,397
09/16/2016,TTN,NJ,AEA,EN,Federal Contract Tower,11,9,34,0,54,0,0,152,1,153,11,9,186,1,207,130,6,136,343
09/17/2016,TTN,NJ,AEA,EN,Federal Contract Tower,11,16,15,0,42,0,0,146,0,146,11,16,161,0,188,150,0,150,338
09/18/2016,TTN,NJ,AEA,EN,Federal Contract Tower,10,9,41,0,60,0,0,47,0,47,10,9,88,0,107,18,0,18,125
09/19/2016,TTN,NJ,AEA,EN,Federal Contract Tower,11,14,22,0,47,0,0,4,0,4,11,14,26,0,51,0,0,0,51
09/20/2016,TTN,NJ,AEA,EN,Federal Contract Tower,10,25,42,2,79,0,0,97,0,97,10,25,139,2,176,180,0,180,356
09/21/2016,TTN,NJ,AEA,EN,Federal Contract Tower,8,7,23,2,40,0,4,139,0,143,8,11,162,2,183,127,0,127,310
09/22/2016,TTN,NJ,AEA,EN,Federal Contract Tower,8,13,27,0,48,0,2,167,0,169,8,15,194,0,217,168,0,168,385
09/23/2016,TTN,NJ,AEA,EN,Federal Contract Tower,10,17,23,3,53,0,0,152,0,152,10,17,175,3,205,149,0,149,354
09/24/2016,TTN,NJ,AEA,EN,Federal Contract Tower,10,11,38,0,59,0,0,90,2,92,10,11,128,2,151,72,0,72,223
09/25/2016,TTN,NJ,AEA,EN,Federal Contract Tower,9,9,31,0,49,0,0,180,0,180,9,9,211,0,229,191,0,191,420
09/26/2016,TTN,NJ,AEA,EN,Federal Contract Tower,11,13,35,0,59,0,0,0,0,0,11,13,35,0,59,147,2,149,208
09/27/2016,TTN,NJ,AEA,EN,Federal Contract Tower,10,12,28,0,50,0,2,127,1,130,10,14,155,1,180,176,2,178,358
09/28/2016,TTN,NJ,AEA,EN,Federal Contract Tower,11,17,19,0,47,0,0,72,0,72,11,17,91,0,119,58,0,58,177
09/29/2016,TTN,NJ,AEA,EN,Federal Contract Tower,11,23,30,3,67,0,0,0,0,0,11,23,30,3,67,0,0,0,67
09/30/2016,TTN,NJ,AEA,EN,Federal Contract Tower,10,16,49,0,75,0,0,0,0,0,10,16,49,0,75,0,0,0,75
10/01/2016,TTN,NJ,AEA,EN,Federal Contract Tower,9,6,15,0,30,0,0,0,0,0,9,6,15,0,30,0,0,0,30
10/02/2016,TTN,NJ,AEA,EN,Federal Contract Tower,10,12,23,0,45,0,0,0,0,0,10,12,23,0,45,0,0,0,45
10/03/2016,TTN,NJ,AEA,EN,Federal Contract Tower,11,14,40,2,67,0,0,83,0,83,11,14,123,2,150,106,2,108,258
10/04/2016,TTN,NJ,AEA,EN,Federal Contract Tower,10,17,35,4,66,0,0,113,0,113,10,17,148,4,179,176,0,176,355
10/05/2016,TTN,NJ,AEA,EN,Federal Contract Tower,11,16,37,2,66,0,1,172,0,173,11,17,209,2,239,142,2,144,383
10/06/2016,TTN,NJ,AEA,EN,Federal Contract Tower,8,22,32,1,63,0,1,117,2,120,8,23,149,3,183,122,2,124,307
10/07/2016,TTN,NJ,AEA,EN,Federal Contract Tower,8,21,31,0,60,0,2,148,2,152,8,23,179,2,212,185,0,185,397
10/08/2016,TTN,NJ,AEA,EN,Federal Contract Tower,10,9,19,0,38,0,0,14,0,14,10,9,33,0,52,15,0,15,67
10/09/2016,TTN,NJ,AEA,EN,Federal Contract Tower,10,12,21,0,43,0,0,16,0,16,10,12,37,0,59,16,0,16,75
10/10/2016,TTN,NJ,AEA,EN,Federal Contract Tower,11,11,26,0,48,0,0,77,0,77,11,11,103,0,125,79,0,79,204
10/11/2016,TTN,NJ,AEA,EN,Federal Contract Tower,10,22,19,2,53,0,3,139,2,144,10,25,158,4,197,177,0,177,374
10/12/2016,TTN,NJ,AEA,EN,Federal Contract Tower,11,14,38,2,65,0,2,150,0,152,11,16,188,2,217,177,0,177,394
10/13/2016,TTN,NJ,AEA,EN,Federal Contract Tower,9,21,39,1,70,0,0,97,0,97,9,21,136,1,167,147,0,147,314
10/14/2016,TTN,NJ,AEA,EN,Federal Contract Tower,10,11,20,3,44,0,0,130,2,132,10,11,150,5,176,124,0,124,300
10/15/2016,TTN,NJ,AEA,EN,Federal Contract Tower,11,11,21,0,43,0,0,113,0,113,11,11,134,0,156,151,0,151,307
10/16/2016,TTN,NJ,AEA,EN,Federal Contract Tower,10,13,21,0,44,0,3,120,0,123,10,16,141,0,167,74,0,74,241
10/17/2016,TTN,NJ,AEA,EN,Federal Contract Tower,11,10,33,3,57,0,2,123,2,127,11,12,156,5,184,161,0,161,345
10/18/2016,TTN,NJ,AEA,EN,Federal Contract Tower,8,15,30,1,54,0,0,126,2,128,8,15,156,3,182,130,2,132,314
10/19/2016,TTN,NJ,AEA,EN,Federal Contract Tower,11,14,28,0,53,0,2,154,4,160,11,16,182,4,213,180,0,180,393
10/20/2016,TTN,NJ,AEA,EN,Federal Contract Tower,10,21,43,1,75,0,2,68,0,70,10,23,111,1,145,116,0,116,261
10/21/2016,TTN,NJ,AEA,EN,Federal Contract Tower,10,19,43,2,74,0,0,52,0,52,10,19,95,2,126,45,0,45,171
10/22/2016,TTN,NJ,AEA,EN,Federal Contract Tower,10,3,12,2,27,0,0,48,2,50,10,3,60,4,77,2,0,2,79
10/23/2016,TTN,NJ,AEA,EN,Federal Contract Tower,10,11,23,0,44,0,2,74,0,76,10,13,97,0,120,64,0,64,184
10/24/2016,TTN,NJ,AEA,EN,Federal Contract Tower,9,8,32,2,51,0,0,106,2,108,9,8,138,4,159,75,0,75,234
10/25/2016,TTN,NJ,AEA,EN,Federal Contract Tower,10,11,22,2,45,0,2,131,0,133,10,13,153,2,178,124,0,124,302
10/26/2016,TTN,NJ,AEA,EN,Federal Contract Tower,11,13,31,6,61,0,5,141,0,146,11,18,172,6,207,137,0,137,344
10/27/2016,TTN,NJ,AEA,EN,Federal Contract Tower,10,14,20,1,45,0,0,15,2,17,10,14,35,3,62,21,0,21,83
10/28/2016,TTN,NJ,AEA,EN,Federal Contract Tower,16,8,16,0,40,0,2,93,0,95,16,10,109,0,135,94,0,94,229
10/29/2016,TTN,NJ,AEA,EN,Federal Contract Tower,11,10,12,0,33,0,1,158,2,161,11,11,170,2,194,184,0,184,378
10/30/2016,TTN,NJ,AEA,EN,Federal Contract Tower,10,7,24,0,41,0,0,120,0,120,10,7,144,0,161,148,0,148,309
10/31/2016,TTN,NJ,AEA,EN,Federal Contract Tower,10,13,31,2,56,0,2,86,0,88,10,15,117,2,144,198,0,198,342
11/01/2016,TTN,NJ,AEA,EN,Federal Contract Tower,13,10,19,3,45,0,6,138,0,144,13,16,157,3,189,203,0,203,392
11/02/2016,TTN,NJ,AEA,EN,Federal Contract Tower,10,9,23,2,44,0,4,174,0,178,10,13,197,2,222,174,0,174,396
11/03/2016,TTN,NJ,AEA,EN,Federal Contract Tower,14,15,22,0,51,0,1,65,0,66,14,16,87,0,117,69,0,69,186
11/04/2016,TTN,NJ,AEA,EN,Federal Contract Tower,12,9,14,0,35,0,0,137,0,137,12,9,151,0,172,77,0,77,249
11/05/2016,TTN,NJ,AEA,EN,Federal Contract Tower,11,6,16,0,33,0,0,156,0,156,11,6,172,0,189,166,0,166,355
11/06/2016,TTN,NJ,AEA,EN,Federal Contract Tower,13,8,17,0,38,0,0,113,0,113,13,8,130,0,151,88,0,88,239
11/07/2016,TTN,NJ,AEA,EN,Federal Contract Tower,13,3,12,0,28,0,0,126,0,126,13,3,138,0,154,206,0,206,360
11/08/2016,TTN,NJ,AEA,EN,Federal Contract Tower,13,6,22,2,43,0,1,161,4,166,13,7,183,6,209,232,0,232,441
11/09/2016,TTN,NJ,AEA,EN,Federal Contract Tower,12,17,41,0,70,0,1,16,0,17,12,18,57,0,87,27,0,27,114
11/10/2016,TTN,NJ,AEA,EN,Federal Contract Tower,13,24,23,0,60,0,5,137,0,142,13,29,160,0,202,229,0,229,431
11/11/2016,TTN,NJ,AEA,EN,Federal Contract Tower,13,10,16,0,39,0,3,71,0,74,13,13,87,0,113,0,0,0,113
11/12/2016,TTN,NJ,AEA,EN,Federal Contract Tower,11,7,19,3,40,0,2,203,3,208,11,9,222,6,248,213,2,215,463
11/13/2016,TTN,NJ,AEA,EN,Federal Contract Tower,14,14,15,0,43,0,1,124,0,125,14,15,139,0,168,235,0,235,403
11/14/2016,TTN,NJ,AEA,EN,Federal Contract Tower,13,15,31,3,62,0,1,171,2,174,13,16,202,5,236,284,0,284,520
11/15/2016,TTN,NJ,AEA,EN,Federal Contract Tower,12,19,44,1,76,0,0,47,0,47,12,19,91,1,123,0,0,0,123
11/16/2016,TTN,NJ,AEA,EN,Federal Contract Tower,11,8,34,0,53,0,3,133,2,138,11,11,167,2,191,232,0,232,423
11/17/2016,TTN,NJ,AEA,EN,Federal Contract Tower,14,20,41,1,76,0,4,163,3,170,14,24,204,4,246,223,1,224,470
11/18/2016,TTN,NJ,AEA,EN,Federal Contract Tower,15,21,28,2,66,0,0,161,0,161,15,21,189,2,227,261,0,261,488
11/19/2016,TTN,NJ,AEA,EN,Federal Contract Tower,11,12,17,0,40,0,1,162,0,163,11,13,179,0,203,148,0,148,351
11/20/2016,TTN,NJ,AEA,EN,Federal Contract Tower,13,7,10,0,30,0,1,15,0,16,13,8,25,0,46,16,0,16,62
11/21/2016,TTN,NJ,AEA,EN,Federal Contract Tower,13,14,16,4,47,0,3,51,6,60,13,17,67,10,107,8,0,8,115
11/22/2016,TTN,NJ,AEA,EN,Federal Contract Tower,12,16,24,0,52,0,0,61,0,61,12,16,85,0,113,48,0,48,161
11/23/2016,TTN,NJ,AEA,EN,Federal Contract Tower,14,11,23,0,48,0,0,104,2,106,14,11,127,2,154,141,0,141,295
11/24/2016,TTN,NJ,AEA,EN,Federal Contract Tower,12,9,3,0,24,0,0,40,0,40,12,9,43,0,64,14,0,14,78
11/25/2016,TTN,NJ,AEA,EN,Federal Contract Tower,12,7,11,0,30,0,0,69,2,71,12,7,80,2,101,69,0,69,170
11/26/2016,TTN,NJ,AEA,EN,Federal Contract Tower,9,15,19,0,43,0,2,101,0,103,9,17,120,0,146,89,0,89,235
11/27/2016,TTN,NJ,AEA,EN,Federal Contract Tower,13,29,25,0,67,0,0,86,0,86,13,29,111,0,153,74,0,74,227
11/28/2016,TTN,NJ,AEA,EN,Federal Contract Tower,14,8,17,2,41,0,0,97,0,97,14,8,114,2,138,122,0,122,260
11/29/2016,TTN,NJ,AEA,EN,Federal Contract Tower,12,26,23,2,63,0,0,12,0,12,12,26,35,2,75,0,0,0,75
11/30/2016,TTN,NJ,AEA,EN,Federal Contract Tower,11,21,28,4,64,0,0,0,0,0,11,21,28,4,64,0,0,0,64
12/01/2016,TTN,NJ,AEA,EN,Federal Contract Tower,13,13,25,1,52,0,0,134,2,136,13,13,159,3,188,75,2,77,265
12/02/2016,TTN,NJ,AEA,EN,Federal Contract Tower,14,11,27,0,52,0,1,97,4,102,14,12,124,4,154,120,2,122,276
12/03/2016,TTN,NJ,AEA,EN,Federal Contract Tower,11,9,14,0,34,0,0,97,0,97,11,9,111,0,131,82,0,82,213
12/04/2016,TTN,NJ,AEA,EN,Federal Contract Tower,14,10,19,0,43,0,1,136,4,141,14,11,155,4,184,213,4,217,401
12/05/2016,TTN,NJ,AEA,EN,Federal Contract Tower,13,4,30,2,49,0,0,58,0,58,13,4,88,2,107,58,0,58,165
12/06/2016,TTN,NJ,AEA,EN,Federal Contract Tower,12,6,27,2,47,0,2,90,9,101,12,8,117,11,148,87,0,87,235
12/07/2016,TTN,NJ,AEA,EN,Federal Contract Tower,10,6,30,2,48,0,1,44,0,45,10,7,74,2,93,55,0,55,148
12/08/2016,TTN,NJ,AEA,EN,Federal Contract Tower,14,12,29,1,56,0,3,158,0,161,14,15,187,1,217,123,0,123,340
12/09/2016,TTN,NJ,AEA,EN,Federal Contract Tower,14,5,29,2,50,0,0,96,0,96,14,5,125,2,146,40,0,40,186
12/10/2016,TTN,NJ,AEA,EN,Federal Contract Tower,10,12,10,0,32,0,1,152,0,153,10,13,162,0,185,188,0,188,373
12/11/2016,TTN,NJ,AEA,EN,Federal Contract Tower,14,9,11,0,34,0,0,102,0,102,14,9,113,0,136,119,0,119,255
12/12/2016,TTN,NJ,AEA,EN,Federal Contract Tower,15,9,29,1,54,0,0,50,0,50,15,9,79,1,104,48,0,48,152
12/13/2016,TTN,NJ,AEA,EN,Federal Contract Tower,12,13,23,1,49,0,4,93,2,99,12,17,116,3,148,142,0,142,290
12/14/2016,TTN,NJ,AEA,EN,Federal Contract Tower,13,9,36,0,58,0,4,128,2,134,13,13,164,2,192,129,0,129,321
12/15/2016,TTN,NJ,AEA,EN,Federal Contract Tower,14,9,24,1,48,0,5,32,2,39,14,14,56,3,87,2,0,2,89
12/16/2016,TTN,NJ,AEA,EN,Federal Contract Tower,15,14,19,2,50,0,0,130,0,130,15,14,149,2,180,113,0,113,293
12/17/2016,TTN,NJ,AEA,EN,Federal Contract Tower,9,2,9,0,20,0,0,0,0,0,9,2,9,0,20,0,0,0,20
12/18/2016,TTN,NJ,AEA,EN,Federal Contract Tower,5,16,15,0,36,0,0,2,0,2,5,16,17,0,38,2,0,2,40
12/19/2016,TTN,NJ,AEA,EN,Federal Contract Tower,11,10,23,1,45,0,1,120,4,125,11,11,143,5,170,117,0,117,287
12/20/2016,TTN,NJ,AEA,EN,Federal Contract Tower,11,2,20,2,35,0,0,123,2,125,11,2,143,4,160,180,0,180,340
12/21/2016,TTN,NJ,AEA,EN,Federal Contract Tower,13,4,17,0,34,0,0,109,0,109,13,4,126,0,143,135,1,136,279
12/22/2016,TTN,NJ,AEA,EN,Federal Contract Tower,12,4,10,0,26,0,0,92,0,92,12,4,102,0,118,76,0,76,194
12/23/2016,TTN,NJ,AEA,EN,Federal Contract Tower,17,2,17,0,36,0,0,128,0,128,17,2,145,0,164,56,0,56,220
12/24/2016,TTN,NJ,AEA,EN,Federal Contract Tower,16,7,5,0,28,0,0,1,0,1,16,7,6,0,29,0,0,0,29
12/25/2016,TTN,NJ,AEA,EN,Federal Contract Tower,10,16,6,0,32,0,0,20,0,20,10,16,26,0,52,2,0,2,54
12/26/2016,TTN,NJ,AEA,EN,Federal Contract Tower,17,23,19,0,59,0,1,25,0,26,17,24,44,0,85,12,0,12,97
12/27/2016,TTN,NJ,AEA,EN,Federal Contract Tower,12,4,17,2,35,0,0,35,0,35,12,4,52,2,70,18,0,18,88
12/28/2016,TTN,NJ,AEA,EN,Federal Contract Tower,14,3,14,0,31,0,0,104,0,104,14,3,118,0,135,81,0,81,216
12/29/2016,TTN,NJ,AEA,EN,Federal Contract Tower,12,8,4,1,25,0,0,7,0,7,12,8,11,1,32,0,0,0,32
12/30/2016,TTN,NJ,AEA,EN,Federal Contract Tower,17,8,6,0,31,0,1,65,2,68,17,9,71,2,99,21,0,21,120
12/31/2016,TTN,NJ,AEA,EN,Federal Contract Tower,15,2,14,0,31,0,0,102,0,102,15,2,116,0,133,93,0,93,226
01/01/2017,TTN,NJ,AEA,EN,Federal Contract Tower,11,5,20,0,36,0,0,45,2,47,11,5,65,2,83,6,0,6,89
01/02/2017,TTN,NJ,AEA,EN,Federal Contract Tower,16,6,28,0,50,0,0,1,0,1,16,6,29,0,51,0,0,0,51
01/03/2017,TTN,NJ,AEA,EN,Federal Contract Tower,10,16,28,0,54,0,0,0,0,0,10,16,28,0,54,0,0,0,54
01/04/2017,TTN,NJ,AEA,EN,Federal Contract Tower,9,13,21,1,44,0,0,77,0,77,9,13,98,1,121,97,0,97,218
01/05/2017,TTN,NJ,AEA,EN,Federal Contract Tower,12,2,25,0,39,0,0,123,0,123,12,2,148,0,162,94,0,94,256
01/06/2017,TTN,NJ,AEA,EN,Federal Contract Tower,10,2,16,0,28,0,0,70,2,72,10,2,86,2,100,65,0,65,165
01/07/2017,TTN,NJ,AEA,EN,Federal Contract Tower,7,10,4,0,21,0,0,4,0,4,7,10,8,0,25,0,0,0,25
01/08/2017,TTN,NJ,AEA,EN,Federal Contract Tower,14,15,9,0,38,0,0,51,0,51,14,15,60,0,89,32,0,32,121
01/09/2017,TTN,NJ,AEA,EN,Federal Contract Tower,12,9,26,0,47,0,0,79,4,83,12,9,105,4,130,155,0,155,285
01/10/2017,TTN,NJ,AEA,EN,Federal Contract Tower,12,9,12,2,35,0,0,79,0,79,12,9,91,2,114,192,0,192,306
01/11/2017,TTN,NJ,AEA,EN,Federal Contract Tower,10,9,15,2,36,0,0,105,2,107,10,9,120,4,143,137,0,137,280
01/12/2017,TTN,NJ,AEA,EN,Federal Contract Tower,15,23,27,0,65,0,0,62,0,62,15,23,89,0,127,56,0,56,183
01/13/2017,TTN,NJ,AEA,EN,Federal Contract Tower,14,10,37,0,61,0,0,113,0,113,14,10,150,0,174,116,0,116,290
01/14/2017,TTN,NJ,AEA,EN,Federal Contract Tower,10,10,7,0,27,0,0,35,0,35,10,10,42,0,62,111,0,111,173
01/15/2017,TTN,NJ,AEA,EN,Federal Contract Tower,15,9,10,0,34,0,0,129,0,129,15,9,139,0,163,170,0,170,333
01/16/2017,TTN,NJ,AEA,EN,Federal Contract Tower,13,10,18,0,41,0,1,125,0,126,13,11,143,0,167,200,0,200,367
01/17/2017,TTN,NJ,AEA,EN,Federal Contract Tower,10,9,21,0,40,0,0,11,0,11,10,9,32,0,51,12,0,12,63
01/18/2017,TTN,NJ,AEA,EN,Federal Contract Tower,9,4,29,2,44,0,0,30,0,30,9,4,59,2,74,6,0,6,80
01/19/2017,TTN,NJ,AEA,EN,Federal Contract Tower,11,13,16,3,43,0,1,140,0,141,11,14,156,3,184,172,0,172,356
01/20/2017,TTN,NJ,AEA,EN,Federal Contract Tower,12,12,36,1,61,0,0,57,0,57,12,12,93,1,118,84,0,84,202
01/21/2017,TTN,NJ,AEA,EN,Federal Contract Tower,10,12,22,0,44,0,0,0,0,0,10,12,22,0,44,0,0,0,44
01/22/2017,TTN,NJ,AEA,EN,Federal Contract Tower,13,9,24,0,46,0,0,0,0,0,13,9,24,0,46,0,0,0,46
01/23/2017,TTN,NJ,AEA,EN,Federal Contract Tower,12,9,7,0,28,0,0,2,0,2,12,9,9,0,30,0,0,0,30
01/24/2017,TTN,NJ,AEA,EN,Federal Contract Tower,13,11,22,0,46,0,0,19,0,19,13,11,41,0,65,4,0,4,69
01/25/2017,TTN,NJ,AEA,EN,Federal Contract Tower,10,10,34,0,54,0,1,163,6,170,10,11,197,6,224,183,0,183,407
01/26/2017,TTN,NJ,AEA,EN,Federal Contract Tower,14,12,30,0,56,0,1,41,0,42,14,13,71,0,98,14,0,14,112
01/27/2017,TTN,NJ,AEA,EN,Federal Contract Tower,12,10,18,0,40,0,0,60,0,60,12,10,78,0,100,20,0,20,120
01/28/2017,TTN,NJ,AEA,EN,Federal Contract Tower,10,13,8,0,31,0,1,123,0,124,10,14,131,0,155,181,0,181,336
01/29/2017,TTN,NJ,AEA,EN,Federal Contract Tower,13,12,16,0,41,0,1,128,0,129,13,13,144,0,170,154,0,154,324
01/30/2017,TTN,NJ,AEA,EN,Federal Contract Tower,10,11,24,0,45,0,0,114,0,114,10,11,138,0,159,103,0,103,262
01/31/2017,TTN,NJ,AEA,EN,Federal Contract Tower,12,9,14,1,36,0,2,52,0,54,12,11,66,1,90,44,0,44,134
02/01/2017,TTN,NJ,AEA,EN,Federal Contract Tower,11,16,23,2,52,0,1,132,2,135,11,17,155,4,187,126,0,126,313
02/02/2017,TTN,NJ,AEA,EN,Federal Contract Tower,13,15,22,0,50,0,1,131,0,132,13,16,153,0,182,131,0,131,313
02/03/2017,TTN,NJ,AEA,EN,Federal Contract Tower,12,23,27,0,62,0,1,98,0,99,12,24,125,0,161,116,0,116,277
02/04/2017,TTN,NJ,AEA,EN,Federal Contract Tower,10,13,17,1,41,0,3,133,0,136,10,16,150,1,177,181,0,181,358
02/05/2017,TTN,NJ,AEA,EN,Federal Contract Tower,14,6,17,0,37,0,0,96,2,98,14,6,113,2,135,130,0,130,265
02/06/2017,TTN,NJ,AEA,EN,Federal Contract Tower,12,14,23,3,52,0,1,112,0,113,12,15,135,3,165,162,0,162,327
02/07/2017,TTN,NJ,AEA,EN,Federal Contract Tower,12,12,32,2,58,0,1,12,0,13,12,13,44,2,71,4,0,4,75
02/08/2017,TTN,NJ,AEA,EN,Federal Contract Tower,13,20,18,1,52,0,3,135,2,140,13,23,153,3,192,0,172,172,364
02/09/2017,TTN,NJ,AEA,EN,Federal Contract Tower,0,6,11,0,17,0,0,10,0,10,0,6,21,0,27,0,0,0,27
02/10/2017,TTN,NJ,AEA,EN,Federal Contract Tower,12,8,28,0,48,0,0,100,0,100,12,8,128,0,148,131,0,131,279
02/11/2017,TTN,NJ,AEA,EN,Federal Contract Tower,9,8,10,0,27,0,0,128,8,136,9,8,138,8,163,196,0,196,359
02/12/2017,TTN,NJ,AEA,EN,Federal Contract Tower,14,12,13,0,39,0,0,0,0,0,14,12,13,0,39,0,0,0,39
02/13/2017,TTN,NJ,AEA,EN,Federal Contract Tower,12,4,10,0,26,0,0,16,0,16,12,4,26,0,42,4,0,4,46
02/14/2017,TTN,NJ,AEA,EN,Federal Contract Tower,12,6,30,1,49,0,0,168,0,168,12,6,198,1,217,179,0,179,396
02/15/2017,TTN,NJ,AEA,EN,Federal Contract Tower,10,17,25,0,52,0,1,107,3,111,10,18,132,3,163,101,0,101,264
02/16/2017,TTN,NJ,AEA,EN,Federal Contract Tower,14,11,33,0,58,0,3,59,0,62,14,14,92,0,120,21,0,21,141
02/17/2017,TTN,NJ,AEA,EN,Federal Contract Tower,12,14,32,1,59,0,1,121,0,122,12,15,153,1,181,138,0,138,319
02/18/2017,TTN,NJ,AEA,EN,Federal Contract Tower,10,7,14,0,31,0,0,176,0,176,10,7,190,0,207,214,0,214,421
02/19/2017,TTN,NJ,AEA,EN,Federal Contract Tower,13,6,7,0,26,0,1,105,0,106,13,7,112,0,132,156,0,156,288
02/20/2017,TTN,NJ,AEA,EN,Federal Contract Tower,11,10,32,0,53,0,0,160,0,160,11,10,192,0,213,190,0,190,403
02/21/2017,TTN,NJ,AEA,EN,Federal Contract Tower,11,6,37,2,56,0,1,140,0,141,11,7,177,2,197,134,0,134,331
02/22/2017,TTN,NJ,AEA,EN,Federal Contract Tower,10,10,39,5,64,0,1,149,0,150,10,11,188,5,214,149,0,149,363
02/23/2017,TTN,NJ,AEA,EN,Federal Contract Tower,16,15,24,0,55,0,1,61,0,62,16,16,85,0,117,116,0,116,233
02/24/2017,TTN,NJ,AEA,EN,Federal Contract Tower,12,12,31,3,58,0,0,139,0,139,12,12,170,3,197,202,0,202,399
02/25/2017,TTN,NJ,AEA,EN,Federal Contract Tower,9,5,19,0,33,0,0,59,0,59,9,5,78,0,92,91,0,91,183
02/26/2017,TTN,NJ,AEA,EN,Federal Contract Tower,16,14,13,0,43,0,0,128,0,128,16,14,141,0,171,16,0,16,187
02/27/2017,TTN,NJ,AEA,EN,Federal Contract Tower,12,12,19,0,43,0,0,131,0,131,12,12,150,0,174,4,0,4,178
02/28/2017,TTN,NJ,AEA,EN,Federal Contract Tower,11,5,33,2,51,0,4,111,0,115,11,9,144,2,166,174,4,178,344
03/01/2017,TTN,NJ,AEA,EN,Federal Contract Tower,11,14,12,0,37,0,0,15,0,15,11,14,27,0,52,0,0,0,52
03/02/2017,TTN,NJ,AEA,EN,Federal Contract Tower,14,19,17,0,50,0,5,59,0,64,14,24,76,0,114,22,0,22,136
03/03/2017,TTN,NJ,AEA,EN,Federal Contract Tower,13,12,18,1,44,0,0,76,0,76,13,12,94,1,120,40,0,40,160
03/04/2017,TTN,NJ,AEA,EN,Federal Contract Tower,10,7,16,0,33,0,1,73,0,74,10,8,89,0,107,61,0,61,168
03/05/2017,TTN,NJ,AEA,EN,Federal Contract Tower,14,13,20,0,47,0,0,118,0,118,14,13,138,0,165,75,0,75,240
03/06/2017,TTN,NJ,AEA,EN,Federal Contract Tower,12,12,23,2,49,0,0,85,0,85,12,12,108,2,134,198,0,198,332
03/07/2017,TTN,NJ,AEA,EN,Federal Contract Tower,12,7,34,2,55,0,0,82,0,82,12,7,116,2,137,118,0,118,255
03/08/2017,TTN,NJ,AEA,EN,Federal Contract Tower,10,15,13,2,40,0,2,76,2,80,10,17,89,4,120,30,2,32,152
03/09/2017,TTN,NJ,AEA,EN,Federal Contract Tower,14,6,29,0,49,0,4,53,2,59,14,10,82,2,108,22,0,22,130
03/10/2017,TTN,NJ,AEA,EN,Federal Contract Tower,11,17,16,0,44,0,0,23,2,25,11,17,39,2,69,0,0,0,69
03/11/2017,TTN,NJ,AEA,EN,Federal Contract Tower,10,6,8,2,26,0,0,84,10,94,10,6,92,12,120,26,0,26,146
03/12/2017,TTN,NJ,AEA,EN,Federal Contract Tower,13,11,16,2,42,0,2,92,0,94,13,13,108,2,136,104,0,104,240
03/13/2017,TTN,NJ,AEA,EN,Federal Contract Tower,11,10,33,3,57,0,0,139,0,139,11,10,172,3,196,214,0,214,410
03/14/2017,TTN,NJ,AEA,EN,Federal Contract Tower,0,0,0,0,0,0,0,0,0,0,0,0,0,0,0,0,0,0,0
03/15/2017,TTN,NJ,AEA,EN,Federal Contract Tower,9,6,18,0,33,0,0,18,0,18,9,6,36,0,51,32,0,32,83
03/16/2017,TTN,NJ,AEA,EN,Federal Contract Tower,12,13,16,1,42,0,0,84,4,88,12,13,100,5,130,72,0,72,202
03/17/2017,TTN,NJ,AEA,EN,Federal Contract Tower,14,11,23,0,48,0,0,122,0,122,14,11,145,0,170,118,0,118,288
03/18/2017,TTN,NJ,AEA,EN,Federal Contract Tower,10,9,13,0,32,0,0,7,0,7,10,9,20,0,39,30,0,30,69
03/19/2017,TTN,NJ,AEA,EN,Federal Contract Tower,14,11,26,0,51,0,0,117,0,117,14,11,143,0,168,158,0,158,326
03/20/2017,TTN,NJ,AEA,EN,Federal Contract Tower,12,15,39,0,66,0,0,103,0,103,12,15,142,0,169,237,0,237,406
03/21/2017,TTN,NJ,AEA,EN,Federal Contract Tower,12,12,21,4,49,0,1,132,2,135,12,13,153,6,184,178,0,178,362
03/22/2017,TTN,NJ,AEA,EN,Federal Contract Tower,10,7,19,0,36,0,3,50,0,53,10,10,69,0,89,0,0,0,89
03/23/2017,TTN,NJ,AEA,EN,Federal Contract Tower,14,23,34,2,73,0,2,151,0,153,14,25,185,2,226,296,0,296,522
03/24/2017,TTN,NJ,AEA,EN,Federal Contract Tower,12,11,40,0,63,0,0,124,0,124,12,11,164,0,187,107,0,107,294
03/25/2017,TTN,NJ,AEA,EN,Federal Contract Tower,10,3,20,0,33,0,0,117,0,117,10,3,137,0,150,122,0,122,272
03/26/2017,TTN,NJ,AEA,EN,Federal Contract Tower,14,7,29,0,50,0,0,0,0,0,14,7,29,0,50,0,0,0,50
03/27/2017,TTN,NJ,AEA,EN,Federal Contract Tower,12,6,29,2,49,0,0,16,0,16,12,6,45,2,65,0,0,0,65
03/28/2017,TTN,NJ,AEA,EN,Federal Contract Tower,11,10,19,2,42,0,0,0,0,0,11,10,19,2,42,0,0,0,42
03/29/2017,TTN,NJ,AEA,EN,Federal Contract Tower,10,20,33,2,65,0,2,182,0,184,10,22,215,2,249,236,0,236,485
03/30/2017,TTN,NJ,AEA,EN,Federal Contract Tower,14,10,39,3,66,0,4,171,0,175,14,14,210,3,241,298,0,298,539
03/31/2017,TTN,NJ,AEA,EN,Federal Contract Tower,10,11,20,0,41,0,0,0,0,0,10,11,20,0,41,0,0,0,41
04/01/2017,TTN,NJ,AEA,EN,Federal Contract Tower,11,5,25,0,41,0,0,51,0,51,11,5,76,0,92,120,0,120,212
04/02/2017,TTN,NJ,AEA,EN,Federal Contract Tower,14,14,27,0,55,0,1,129,0,130,14,15,156,0,185,129,0,129,314
04/03/2017,TTN,NJ,AEA,EN,Federal Contract Tower,14,10,25,2,51,0,0,118,4,122,14,10,143,6,173,151,0,151,324
04/04/2017,TTN,NJ,AEA,EN,Federal Contract Tower,12,15,30,2,59,0,0,12,0,12,12,15,42,2,71,8,0,8,79
04/05/2017,TTN,NJ,AEA,EN,Federal Contract Tower,10,16,40,2,68,0,0,181,2,183,10,16,221,4,251,239,0,239,490
04/06/2017,TTN,NJ,AEA,EN,Federal Contract Tower,14,10,27,0,51,0,0,1,0,1,14,10,28,0,52,13,0,13,65
04/07/2017,TTN,NJ,AEA,EN,Federal Contract Tower,14,22,26,2,64,0,0,61,0,61,14,22,87,2,125,103,0,103,228
04/08/2017,TTN,NJ,AEA,EN,Federal Contract Tower,10,17,20,0,47,0,0,100,0,100,10,17,120,0,147,178,0,178,325
04/09/2017,TTN,NJ,AEA,EN,Federal Contract Tower,14,12,28,0,54,0,0,168,0,168,14,12,196,0,222,264,0,264,486
04/10/2017,TTN,NJ,AEA,EN,Federal Contract Tower,12,17,32,0,61,0,1,111,0,112,12,18,143,0,173,222,0,222,395
04/11/2017,TTN,NJ,AEA,EN,Federal Contract Tower,12,14,31,1,58,0,4,169,4,177,12,18,200,5,235,244,8,252,487
04/12/2017,TTN,NJ,AEA,EN,Federal Contract Tower,11,11,31,1,54,0,4,89,2,95,11,15,120,3,149,252,1,253,402
04/13/2017,TTN,NJ,AEA,EN,Federal Contract Tower,14,15,36,3,68,0,2,154,4,160,14,17,190,7,228,243,0,243,471
04/14/2017,TTN,NJ,AEA,EN,Federal Contract Tower,12,10,33,0,55,0,0,114,0,114,12,10,147,0,169,289,0,289,458
04/15/2017,TTN,NJ,AEA,EN,Federal Contract Tower,10,4,19,0,33,0,1,102,0,103,10,5,121,0,136,193,0,193,329
04/16/2017,TTN,NJ,AEA,EN,Federal Contract Tower,14,11,20,0,45,0,1,37,0,38,14,12,57,0,83,24,0,24,107
04/17/2017,TTN,NJ,AEA,EN,Federal Contract Tower,12,24,33,2,71,0,1,119,0,120,12,25,152,2,191,293,0,293,484
04/18/2017,TTN,NJ,AEA,EN,Federal Contract Tower,12,5,38,1,56,0,2,183,0,185,12,7,221,1,241,307,0,307,548
04/19/2017,TTN,NJ,AEA,EN,Federal Contract Tower,10,20,37,2,69,0,0,94,4,98,10,20,131,6,167,112,2,114,281
04/20/2017,TTN,NJ,AEA,EN,Federal Contract Tower,13,17,30,2,62,0,0,72,0,72,13,17,102,2,134,58,0,58,192
04/21/2017,TTN,NJ,AEA,EN,Federal Contract Tower,17,5,50,0,72,0,0,6,0,6,17,5,56,0,78,0,0,0,78
04/22/2017,TTN,NJ,AEA,EN,Federal Contract Tower,12,3,25,0,40,0,0,32,0,32,12,3,57,0,72,56,0,56,128
04/23/2017,TTN,NJ,AEA,EN,Federal Contract Tower,14,5,35,2,56,0,0,138,0,138,14,5,173,2,194,220,0,220,414
04/24/2017,TTN,NJ,AEA,EN,Federal Contract Tower,13,11,30,0,54,0,2,110,0,112,13,13,140,0,166,239,0,239,405
04/25/2017,TTN,NJ,AEA,EN,Federal Contract Tower,13,18,31,2,64,0,0,0,0,0,13,18,31,2,64,0,0,0,64
04/26/2017,TTN,NJ,AEA,EN,Federal Contract Tower,11,17,54,0,82,0,0,14,0,14,11,17,68,0,96,0,0,0,96
04/27/2017,TTN,NJ,AEA,EN,Federal Contract Tower,15,17,73,0,105,0,0,119,6,125,15,17,192,6,230,231,0,231,461
04/28/2017,TTN,NJ,AEA,EN,Federal Contract Tower,13,12,44,2,71,0,1,192,0,193,13,13,236,2,264,253,0,253,517
04/29/2017,TTN,NJ,AEA,EN,Federal Contract Tower,11,5,10,2,28,0,0,81,0,81,11,5,91,2,109,157,0,157,266
04/30/2017,TTN,NJ,AEA,EN,Federal Contract Tower,13,11,13,0,37,0,1,96,2,99,13,12,109,2,136,129,0,129,265
05/01/2017,TTN,NJ,AEA,EN,Federal Contract Tower,15,12,20,2,49,0,0,52,6,58,15,12,72,8,107,62,0,62,169
05/02/2017,TTN,NJ,AEA,EN,Federal Contract Tower,18,15,18,2,53,0,2,116,6,124,18,17,134,8,177,116,0,116,293
05/03/2017,TTN,NJ,AEA,EN,Federal Contract Tower,11,13,29,0,53,0,2,98,5,105,11,15,127,5,158,119,0,119,277
05/04/2017,TTN,NJ,AEA,EN,Federal Contract Tower,12,10,26,0,48,0,3,117,0,120,12,13,143,0,168,318,0,318,486
05/05/2017,TTN,NJ,AEA,EN,Federal Contract Tower,14,16,28,1,59,0,0,0,0,0,14,16,28,1,59,0,0,0,59
05/06/2017,TTN,NJ,AEA,EN,Federal Contract Tower,11,12,29,2,54,0,0,15,0,15,11,12,44,2,69,0,0,0,69
05/07/2017,TTN,NJ,AEA,EN,Federal Contract Tower,15,16,42,0,73,0,1,38,0,39,15,17,80,0,112,0,0,0,112
05/08/2017,TTN,NJ,AEA,EN,Federal Contract Tower,15,15,34,1,65,0,1,148,2,151,15,16,182,3,216,282,0,282,498
05/09/2017,TTN,NJ,AEA,EN,Federal Contract Tower,11,12,43,2,68,0,2,158,2,162,11,14,201,4,230,249,0,249,479
05/10/2017,TTN,NJ,AEA,EN,Federal Contract Tower,11,9,31,0,51,0,1,151,0,152,11,10,182,0,203,189,0,189,392
05/11/2017,TTN,NJ,AEA,EN,Federal Contract Tower,16,13,31,1,61,0,4,114,0,118,16,17,145,1,179,286,0,286,465
05/12/2017,TTN,NJ,AEA,EN,Federal Contract Tower,16,18,42,2,78,0,3,115,0,118,16,21,157,2,196,223,0,223,419
05/13/2017,TTN,NJ,AEA,EN,Federal Contract Tower,11,6,14,0,31,0,0,0,0,0,11,6,14,0,31,0,0,0,31
05/14/2017,TTN,NJ,AEA,EN,Federal Contract Tower,14,8,28,0,50,0,0,40,0,40,14,8,68,0,90,30,0,30,120
05/15/2017,TTN,NJ,AEA,EN,Federal Contract Tower,13,6,32,3,54,0,0,60,2,62,13,6,92,5,116,35,0,35,151
05/16/2017,TTN,NJ,AEA,EN,Federal Contract Tower,11,6,32,1,50,0,1,177,2,180,11,7,209,3,230,254,1,255,485
05/17/2017,TTN,NJ,AEA,EN,Federal Contract Tower,11,13,39,0,63,0,3,134,2,139,11,16,173,2,202,128,0,128,330
05/18/2017,TTN,NJ,AEA,EN,Federal Contract Tower,15,7,40,1,63,0,6,154,4,164,15,13,194,5,227,207,0,207,434
05/19/2017,TTN,NJ,AEA,EN,Federal Contract Tower,13,5,23,1,42,0,0,113,0,113,13,5,136,1,155,148,0,148,303
05/20/2017,TTN,NJ,AEA,EN,Federal Contract Tower,11,10,27,0,48,0,0,110,0,110,11,10,137,0,158,185,0,185,343
05/21/2017,TTN,NJ,AEA,EN,Federal Contract Tower,14,9,25,4,52,0,1,146,7,154,14,10,171,11,206,230,0,230,436
05/22/2017,TTN,NJ,AEA,EN,Federal Contract Tower,13,14,28,0,55,0,0,0,0,0,13,14,28,0,55,0,0,0,55
05/23/2017,TTN,NJ,AEA,EN,Federal Contract Tower,10,14,34,1,59,0,0,153,1,154,10,14,187,2,213,177,0,177,390
05/24/2017,TTN,NJ,AEA,EN,Federal Contract Tower,10,16,30,0,56,0,2,135,0,137,10,18,165,0,193,132,0,132,325
05/25/2017,TTN,NJ,AEA,EN,Federal Contract Tower,13,18,46,0,77,0,0,0,0,0,13,18,46,0,77,0,0,0,77
05/26/2017,TTN,NJ,AEA,EN,Federal Contract Tower,15,21,49,0,85,0,0,98,2,100,15,21,147,2,185,157,0,157,342
05/27/2017,TTN,NJ,AEA,EN,Federal Contract Tower,11,6,11,0,28,0,0,105,0,105,11,6,116,0,133,180,0,180,313
05/28/2017,TTN,NJ,AEA,EN,Federal Contract Tower,14,12,10,0,36,0,2,63,0,65,14,14,73,0,101,57,0,57,158
05/29/2017,TTN,NJ,AEA,EN,Federal Contract Tower,13,15,36,0,64,0,0,6,0,6,13,15,42,0,70,0,0,0,70
05/30/2017,TTN,NJ,AEA,EN,Federal Contract Tower,11,13,46,3,73,0,0,0,0,0,11,13,46,3,73,0,0,0,73
05/31/2017,TTN,NJ,AEA,EN,Federal Contract Tower,11,12,30,0,53,0,0,90,0,90,11,12,120,0,143,166,0,166,309
06/01/2017,TTN,NJ,AEA,EN,Federal Contract Tower,15,23,39,2,79,0,5,137,3,145,15,28,176,5,224,186,0,186,410
06/02/2017,TTN,NJ,AEA,EN,Federal Contract Tower,12,12,26,3,53,0,0,136,0,136,12,12,162,3,189,212,0,212,401
06/03/2017,TTN,NJ,AEA,EN,Federal Contract Tower,11,16,16,0,43,0,0,125,0,125,11,16,141,0,168,71,0,71,239
06/04/2017,TTN,NJ,AEA,EN,Federal Contract Tower,14,26,25,0,65,0,0,104,0,104,14,26,129,0,169,116,0,116,285
06/05/2017,TTN,NJ,AEA,EN,Federal Contract Tower,13,15,43,0,71,0,1,44,0,45,13,16,87,0,116,40,0,40,156
06/06/2017,TTN,NJ,AEA,EN,Federal Contract Tower,10,29,45,0,84,0,0,4,0,4,10,29,49,0,88,6,0,6,94
06/07/2017,TTN,NJ,AEA,EN,Federal Contract Tower,11,13,30,0,54,0,0,119,4,123,11,13,149,4,177,211,0,211,388
06/08/2017,TTN,NJ,AEA,EN,Federal Contract Tower,15,11,46,0,72,0,4,130,0,134,15,15,176,0,206,257,0,257,463
06/09/2017,TTN,NJ,AEA,EN,Federal Contract Tower,14,16,42,0,72,0,0,113,0,113,14,16,155,0,185,178,0,178,363
06/10/2017,TTN,NJ,AEA,EN,Federal Contract Tower,9,8,24,0,41,0,0,78,0,78,9,8,102,0,119,1,0,1,120
06/11/2017,TTN,NJ,AEA,EN,Federal Contract Tower,15,10,29,2,56,0,1,49,0,50,15,11,78,2,106,0,0,0,106
06/12/2017,TTN,NJ,AEA,EN,Federal Contract Tower,10,8,41,3,62,0,0,126,2,128,10,8,167,5,190,267,0,267,457
06/13/2017,TTN,NJ,AEA,EN,Federal Contract Tower,11,5,31,2,49,0,4,183,0,187,11,9,214,2,236,235,0,235,471
06/14/2017,TTN,NJ,AEA,EN,Federal Contract Tower,9,11,48,0,68,0,1,152,2,155,9,12,200,2,223,262,0,262,485
06/15/2017,TTN,NJ,AEA,EN,Federal Contract Tower,13,11,33,0,57,0,3,148,4,155,13,14,181,4,212,236,0,236,448
06/16/2017,TTN,NJ,AEA,EN,Federal Contract Tower,12,14,58,1,85,0,0,27,0,27,12,14,85,1,112,17,0,17,129
06/17/2017,TTN,NJ,AEA,EN,Federal Contract Tower,10,12,19,0,41,0,0,12,0,12,10,12,31,0,53,0,0,0,53
06/18/2017,TTN,NJ,AEA,EN,Federal Contract Tower,14,13,24,0,51,0,1,45,0,46,14,14,69,0,97,27,0,27,124
06/19/2017,TTN,NJ,AEA,EN,Federal Contract Tower,10,18,30,1,59,0,0,53,0,53,10,18,83,1,112,107,0,107,219
06/20/2017,TTN,NJ,AEA,EN,Federal Contract Tower,13,15,35,0,63,0,5,160,2,167,13,20,195,2,230,302,0,302,532
06/21/2017,TTN,NJ,AEA,EN,Federal Contract Tower,10,12,21,0,43,0,0,168,0,168,10,12,189,0,211,217,0,217,428
06/22/2017,TTN,NJ,AEA,EN,Federal Contract Tower,14,30,38,2,84,0,1,178,0,179,14,31,216,2,263,313,0,313,576
06/23/2017,TTN,NJ,AEA,EN,Federal Contract Tower,13,9,26,1,49,0,0,68,0,68,13,9,94,1,117,46,0,46,163
06/24/2017,TTN,NJ,AEA,EN,Federal Contract Tower,11,12,16,0,39,0,0,86,2,88,11,12,102,2,127,66,0,66,193
06/25/2017,TTN,NJ,AEA,EN,Federal Contract Tower,14,11,19,0,44,0,1,120,0,121,14,12,139,0,165,170,0,170,335
06/26/2017,TTN,NJ,AEA,EN,Federal Contract Tower,13,19,35,0,67,0,0,129,2,131,13,19,164,2,198,272,0,272,470
06/27/2017,TTN,NJ,AEA,EN,Federal Contract Tower,10,11,23,0,44,0,1,94,0,95,10,12,117,0,139,217,0,217,356
06/28/2017,TTN,NJ,AEA,EN,Federal Contract Tower,10,8,30,1,49,0,7,166,0,173,10,15,196,1,222,338,0,338,560
06/29/2017,TTN,NJ,AEA,EN,Federal Contract Tower,15,5,22,0,42,0,7,165,0,172,15,12,187,0,214,215,0,215,429
06/30/2017,TTN,NJ,AEA,EN,Federal Contract Tower,12,13,35,0,60,0,3,131,0,134,12,16,166,0,194,89,0,89,283
07/01/2017,TTN,NJ,AEA,EN,Federal Contract Tower,10,14,22,1,47,0,0,29,0,29,10,14,51,1,76,0,0,0,76
07/02/2017,TTN,NJ,AEA,EN,Federal Contract Tower,15,11,12,0,38,0,1,51,0,52,15,12,63,0,90,0,0,0,90
07/03/2017,TTN,NJ,AEA,EN,Federal Contract Tower,11,8,13,0,32,0,0,57,0,57,11,8,70,0,89,2,0,2,91
07/04/2017,TTN,NJ,AEA,EN,Federal Contract Tower,10,9,10,0,29,0,1,73,4,78,10,10,83,4,107,38,0,38,145
07/05/2017,TTN,NJ,AEA,EN,Federal Contract Tower,11,22,24,0,57,0,1,115,0,116,11,23,139,0,173,211,0,211,384
07/06/2017,TTN,NJ,AEA,EN,Federal Contract Tower,11,13,43,2,69,0,2,28,0,30,11,15,71,2,99,72,0,72,171
07/07/2017,TTN,NJ,AEA,EN,Federal Contract Tower,12,20,31,4,67,0,2,86,0,88,12,22,117,4,155,118,0,118,273
07/08/2017,TTN,NJ,AEA,EN,Federal Contract Tower,11,7,17,0,35,0,2,117,0,119,11,9,134,0,154,145,0,145,299
07/09/2017,TTN,NJ,AEA,EN,Federal Contract Tower,16,10,31,0,57,0,1,155,0,156,16,11,186,0,213,196,0,196,409
07/10/2017,TTN,NJ,AEA,EN,Federal Contract Tower,11,15,23,2,51,0,4,134,0,138,11,19,157,2,189,335,0,335,524
07/11/2017,TTN,NJ,AEA,EN,Federal Contract Tower,10,17,27,4,58,0,0,137,0,137,10,17,164,4,195,325,0,325,520
07/12/2017,TTN,NJ,AEA,EN,Federal Contract Tower,11,16,35,0,62,0,1,164,0,165,11,17,199,0,227,184,0,184,411
07/13/2017,TTN,NJ,AEA,EN,Federal Contract Tower,16,18,27,0,61,0,2,102,3,107,16,20,129,3,168,184,6,190,358
07/14/2017,TTN,NJ,AEA,EN,Federal Contract Tower,10,18,30,0,58,0,0,0,0,0,10,18,30,0,58,0,0,0,58
07/15/2017,TTN,NJ,AEA,EN,Federal Contract Tower,10,13,44,0,67,0,0,35,0,35,10,13,79,0,102,0,0,0,102
07/16/2017,TTN,NJ,AEA,EN,Federal Contract Tower,15,9,37,0,61,0,2,67,6,75,15,11,104,6,136,14,0,14,150
07/17/2017,TTN,NJ,AEA,EN,Federal Contract Tower,12,11,28,0,51,0,2,139,0,141,12,13,167,0,192,265,0,265,457
07/18/2017,TTN,NJ,AEA,EN,Federal Contract Tower,10,13,46,0,69,0,2,192,6,200,10,15,238,6,269,260,0,260,529
07/19/2017,TTN,NJ,AEA,EN,Federal Contract Tower,11,11,32,4,58,0,3,147,10,160,11,14,179,14,218,175,6,181,399
07/20/2017,TTN,NJ,AEA,EN,Federal Contract Tower,15,23,24,0,62,0,4,179,0,183,15,27,203,0,245,176,0,176,421
07/21/2017,TTN,NJ,AEA,EN,Federal Contract Tower,13,7,20,0,40,0,5,139,0,144,13,12,159,0,184,183,0,183,367
07/22/2017,TTN,NJ,AEA,EN,Federal Contract Tower,10,3,28,0,41,0,0,118,0,118,10,3,146,0,159,69,0,69,228
07/23/2017,TTN,NJ,AEA,EN,Federal Contract Tower,13,6,30,0,49,0,1,61,0,62,13,7,91,0,111,120,0,120,231
07/24/2017,TTN,NJ,AEA,EN,Federal Contract Tower,12,10,29,3,54,0,0,26,4,30,12,10,55,7,84,53,0,53,137
07/25/2017,TTN,NJ,AEA,EN,Federal Contract Tower,11,20,64,2,97,0,0,84,0,84,11,20,148,2,181,117,0,117,298
07/26/2017,TTN,NJ,AEA,EN,Federal Contract Tower,11,21,33,1,66,0,1,149,0,150,11,22,182,1,216,233,0,233,449
07/27/2017,TTN,NJ,AEA,EN,Federal Contract Tower,16,14,40,2,72,0,1,105,0,106,16,15,145,2,178,246,0,246,424
07/28/2017,TTN,NJ,AEA,EN,Federal Contract Tower,13,9,41,0,63,0,0,99,0,99,13,9,140,0,162,110,0,110,272
07/29/2017,TTN,NJ,AEA,EN,Federal Contract Tower,10,10,14,0,34,0,0,55,0,55,10,10,69,0,89,135,0,135,224
07/30/2017,TTN,NJ,AEA,EN,Federal Contract Tower,15,6,15,0,36,0,1,164,0,165,15,7,179,0,201,143,0,143,344
07/31/2017,TTN,NJ,AEA,EN,Federal Contract Tower,13,7,10,2,32,0,4,150,0,154,13,11,160,2,186,159,0,159,345
08/01/2017,TTN,NJ,AEA,EN,Federal Contract Tower,11,16,19,0,46,0,4,135,2,141,11,20,154,2,187,231,0,231,418
08/02/2017,TTN,NJ,AEA,EN,Federal Contract Tower,9,11,14,0,34,0,1,58,0,59,9,12,72,0,93,60,0,60,153
08/03/2017,TTN,NJ,AEA,EN,Federal Contract Tower,14,15,37,0,66,0,3,86,0,89,14,18,123,0,155,98,0,98,253
08/04/2017,TTN,NJ,AEA,EN,Federal Contract Tower,12,13,51,0,76,0,0,93,0,93,12,13,144,0,169,151,0,151,320
08/05/2017,TTN,NJ,AEA,EN,Federal Contract Tower,8,11,33,0,52,0,1,35,0,36,8,12,68,0,88,5,0,5,93
08/06/2017,TTN,NJ,AEA,EN,Federal Contract Tower,12,18,35,2,67,0,2,62,0,64,12,20,97,2,131,0,0,0,131
08/07/2017,TTN,NJ,AEA,EN,Federal Contract Tower,15,7,34,0,56,0,0,8,0,8,15,7,42,0,64,0,0,0,64
08/08/2017,TTN,NJ,AEA,EN,Federal Contract Tower,11,21,51,2,85,0,0,80,0,80,11,21,131,2,165,0,0,0,165
08/09/2017,TTN,NJ,AEA,EN,Federal Contract Tower,13,19,64,0,96,0,1,124,0,125,13,20,188,0,221,0,0,0,221
08/10/2017,TTN,NJ,AEA,EN,Federal Contract Tower,16,16,53,0,85,0,6,112,2,120,16,22,165,2,205,0,0,0,205
08/11/2017,TTN,NJ,AEA,EN,Federal Contract Tower,10,10,40,0,60,0,2,88,0,90,10,12,128,0,150,0,0,0,150
08/12/2017,TTN,NJ,AEA,EN,Federal Contract Tower,11,13,34,0,58,0,0,22,0,22,11,13,56,0,80,0,0,0,80
08/13/2017,TTN,NJ,AEA,EN,Federal Contract Tower,16,10,26,0,52,0,0,49,0,49,16,10,75,0,101,0,0,0,101
08/14/2017,TTN,NJ,AEA,EN,Federal Contract Tower,13,8,31,1,53,0,2,112,0,114,13,10,143,1,167,155,0,155,322
08/15/2017,TTN,NJ,AEA,EN,Federal Contract Tower,10,22,45,0,77,0,0,12,0,12,10,22,57,0,89,0,0,0,89
08/16/2017,TTN,NJ,AEA,EN,Federal Contract Tower,14,21,39,1,75,0,2,95,0,97,14,23,134,1,172,37,0,37,209
08/17/2017,TTN,NJ,AEA,EN,Federal Contract Tower,15,15,39,2,71,0,5,89,0,94,15,20,128,2,165,0,0,0,165
08/18/2017,TTN,NJ,AEA,EN,Federal Contract Tower,12,14,39,2,67,0,1,13,0,14,12,15,52,2,81,0,0,0,81
08/19/2017,TTN,NJ,AEA,EN,Federal Contract Tower,11,9,20,0,40,0,1,51,0,52,11,10,71,0,92,6,0,6,98
08/20/2017,TTN,NJ,AEA,EN,Federal Contract Tower,13,10,31,2,56,0,0,69,0,69,13,10,100,2,125,22,0,22,147
08/21/2017,TTN,NJ,AEA,EN,Federal Contract Tower,13,7,37,2,59,0,0,123,2,125,13,7,160,4,184,188,0,188,372
08/22/2017,TTN,NJ,AEA,EN,Federal Contract Tower,12,14,51,0,77,0,0,54,2,56,12,14,105,2,133,70,0,70,203
08/23/2017,TTN,NJ,AEA,EN,Federal Contract Tower,10,21,39,1,71,0,2,131,2,135,10,23,170,3,206,128,0,128,334
08/24/2017,TTN,NJ,AEA,EN,Federal Contract Tower,15,23,31,1,70,0,4,188,0,192,15,27,219,1,262,188,0,188,450
08/25/2017,TTN,NJ,AEA,EN,Federal Contract Tower,14,11,20,0,45,0,3,101,0,104,14,14,121,0,149,137,0,137,286
08/26/2017,TTN,NJ,AEA,EN,Federal Contract Tower,11,11,13,0,35,0,2,120,1,123,11,13,133,1,158,135,0,135,293
08/27/2017,TTN,NJ,AEA,EN,Federal Contract Tower,15,17,23,0,55,0,0,135,0,135,15,17,158,0,190,138,0,138,328
08/28/2017,TTN,NJ,AEA,EN,Federal Contract Tower,13,16,23,2,54,0,1,126,6,133,13,17,149,8,187,149,0,149,336
08/29/2017,TTN,NJ,AEA,EN,Federal Contract Tower,11,24,29,2,66,0,2,19,0,21,11,26,48,2,87,2,0,2,89
08/30/2017,TTN,NJ,AEA,EN,Federal Contract Tower,12,16,34,3,65,0,0,138,0,138,12,16,172,3,203,272,0,272,475
08/31/2017,TTN,NJ,AEA,EN,Federal Contract Tower,15,18,40,2,75,0,2,121,0,123,15,20,161,2,198,186,0,186,384
09/01/2017,TTN,NJ,AEA,EN,Federal Contract Tower,13,12,36,0,61,0,2,117,0,119,13,14,153,0,180,272,0,272,452
09/02/2017,TTN,NJ,AEA,EN,Federal Contract Tower,11,6,14,0,31,0,4,53,0,57,11,10,67,0,88,50,0,50,138
09/03/2017,TTN,NJ,AEA,EN,Federal Contract Tower,15,8,24,0,47,0,3,48,0,51,15,11,72,0,98,25,0,25,123
09/04/2017,TTN,NJ,AEA,EN,Federal Contract Tower,11,21,33,0,65,0,2,126,0,128,11,23,159,0,193,143,0,143,336
09/05/2017,TTN,NJ,AEA,EN,Federal Contract Tower,11,17,49,0,77,0,1,110,0,111,11,18,159,0,188,106,0,106,294
09/06/2017,TTN,NJ,AEA,EN,Federal Contract Tower,10,14,56,0,80,0,0,23,0,23,10,14,79,0,103,19,0,19,122
09/07/2017,TTN,NJ,AEA,EN,Federal Contract Tower,13,18,52,2,85,0,0,128,4,132,13,18,180,6,217,132,0,132,349
09/08/2017,TTN,NJ,AEA,EN,Federal Contract Tower,10,21,36,0,67,0,3,164,0,167,10,24,200,0,234,120,0,120,354
09/09/2017,TTN,NJ,AEA,EN,Federal Contract Tower,8,17,21,2,48,0,1,136,0,137,8,18,157,2,185,142,0,142,327
09/10/2017,TTN,NJ,AEA,EN,Federal Contract Tower,7,11,28,0,46,0,3,159,0,162,7,14,187,0,208,208,0,208,416
09/11/2017,TTN,NJ,AEA,EN,Federal Contract Tower,7,4,29,2,42,0,2,122,2,126,7,6,151,4,168,223,2,225,393
09/12/2017,TTN,NJ,AEA,EN,Federal Contract Tower,9,12,28,2,51,0,2,150,2,154,9,14,178,4,205,205,0,205,410
09/13/2017,TTN,NJ,AEA,EN,Federal Contract Tower,11,16,47,0,74,0,2,53,0,55,11,18,100,0,129,83,0,83,212
09/14/2017,TTN,NJ,AEA,EN,Federal Contract Tower,13,16,47,2,78,0,4,122,0,126,13,20,169,2,204,194,0,194,398
09/15/2017,TTN,NJ,AEA,EN,Federal Contract Tower,14,15,44,0,73,0,3,117,0,120,14,18,161,0,193,118,0,118,311
09/16/2017,TTN,NJ,AEA,EN,Federal Contract Tower,11,12,36,0,59,0,3,75,0,78,11,15,111,0,137,0,0,0,137
09/17/2017,TTN,NJ,AEA,EN,Federal Contract Tower,13,13,47,1,74,0,1,27,0,28,13,14,74,1,102,24,0,24,126
09/18/2017,TTN,NJ,AEA,EN,Federal Contract Tower,13,10,54,1,78,0,0,44,0,44,13,10,98,1,122,28,0,28,150
09/19/2017,TTN,NJ,AEA,EN,Federal Contract Tower,10,15,33,0,58,0,0,39,0,39,10,15,72,0,97,37,0,37,134
09/20/2017,TTN,NJ,AEA,EN,Federal Contract Tower,12,12,33,0,57,0,2,127,0,129,12,14,160,0,186,117,0,117,303
09/21/2017,TTN,NJ,AEA,EN,Federal Contract Tower,13,19,40,1,73,0,3,137,2,142,13,22,177,3,215,143,0,143,358
09/22/2017,TTN,NJ,AEA,EN,Federal Contract Tower,14,5,38,0,57,0,0,129,0,129,14,5,167,0,186,4,0,4,190
09/23/2017,TTN,NJ,AEA,EN,Federal Contract Tower,13,6,10,0,29,0,2,72,0,74,13,8,82,0,103,0,0,0,103
09/24/2017,TTN,NJ,AEA,EN,Federal Contract Tower,13,12,29,0,54,0,1,63,2,66,13,13,92,2,120,0,0,0,120
09/25/2017,TTN,NJ,AEA,EN,Federal Contract Tower,13,12,24,0,49,0,0,119,0,119,13,12,143,0,168,95,0,95,263
09/26/2017,TTN,NJ,AEA,EN,Federal Contract Tower,11,18,32,0,61,0,0,97,0,97,11,18,129,0,158,109,0,109,267
09/27/2017,TTN,NJ,AEA,EN,Federal Contract Tower,12,13,27,1,53,0,1,112,0,113,12,14,139,1,166,106,0,106,272
09/28/2017,TTN,NJ,AEA,EN,Federal Contract Tower,13,21,27,0,61,0,4,134,12,150,13,25,161,12,211,58,2,60,271
09/29/2017,TTN,NJ,AEA,EN,Federal Contract Tower,13,15,26,0,54,0,4,129,0,133,13,19,155,0,187,109,0,109,296
09/30/2017,TTN,NJ,AEA,EN,Federal Contract Tower,11,14,13,0,38,0,1,32,0,33,11,15,45,0,71,0,0,0,71
10/01/2017,TTN,NJ,AEA,EN,Federal Contract Tower,13,21,29,0,63,0,2,81,8,91,13,23,110,8,154,55,0,55,209
10/02/2017,TTN,NJ,AEA,EN,Federal Contract Tower,12,10,35,0,57,0,0,138,0,138,12,10,173,0,195,151,0,151,346
10/03/2017,TTN,NJ,AEA,EN,Federal Contract Tower,11,7,30,2,50,0,0,126,0,126,11,7,156,2,176,151,0,151,327
10/04/2017,TTN,NJ,AEA,EN,Federal Contract Tower,10,8,36,2,56,0,2,187,2,191,10,10,223,4,247,170,0,170,417
10/05/2017,TTN,NJ,AEA,EN,Federal Contract Tower,15,20,46,2,83,0,1,135,0,136,15,21,181,2,219,234,0,234,453
10/06/2017,TTN,NJ,AEA,EN,Federal Contract Tower,12,17,28,0,57,0,5,149,0,154,12,22,177,0,211,168,0,168,379
10/07/2017,TTN,NJ,AEA,EN,Federal Contract Tower,10,7,16,0,33,0,1,118,0,119,10,8,134,0,152,157,0,157,309
10/08/2017,TTN,NJ,AEA,EN,Federal Contract Tower,12,15,30,0,57,0,0,14,0,14,12,15,44,0,71,0,0,0,71
10/09/2017,TTN,NJ,AEA,EN,Federal Contract Tower,12,19,32,0,63,0,1,13,0,14,12,20,45,0,77,33,0,33,110
10/10/2017,TTN,NJ,AEA,EN,Federal Contract Tower,11,12,31,2,56,0,2,176,0,178,11,14,207,2,234,162,0,162,396
10/11/2017,TTN,NJ,AEA,EN,Federal Contract Tower,9,24,54,0,87,0,1,137,0,138,9,25,191,0,225,176,0,176,401
10/12/2017,TTN,NJ,AEA,EN,Federal Contract Tower,16,24,39,0,79,0,84,2,0,86,16,108,41,0,165,78,0,78,243
10/13/2017,TTN,NJ,AEA,EN,Federal Contract Tower,12,22,54,1,89,0,0,47,0,47,12,22,101,1,136,77,0,77,213
10/14/2017,TTN,NJ,AEA,EN,Federal Contract Tower,9,8,27,2,46,0,0,1,1,2,9,8,28,3,48,0,0,0,48
10/16/2017,TTN,NJ,AEA,EN,Federal Contract Tower,12,11,38,5,66,0,1,118,0,119,12,12,156,5,185,132,0,132,317
10/17/2017,TTN,NJ,AEA,EN,Federal Contract Tower,10,2,35,0,47,0,1,171,0,172,10,3,206,0,219,139,0,139,358
10/18/2017,TTN,NJ,AEA,EN,Federal Contract Tower,10,8,34,2,54,0,3,191,6,200,10,11,225,8,254,160,0,160,414
10/19/2017,TTN,NJ,AEA,EN,Federal Contract Tower,15,14,31,0,60,0,3,165,2,170,15,17,196,2,230,189,0,189,419
10/20/2017,TTN,NJ,AEA,EN,Federal Contract Tower,12,7,38,0,57,0,4,124,4,132,12,11,162,4,189,136,0,136,325
10/21/2017,TTN,NJ,AEA,EN,Federal Contract Tower,9,9,23,0,41,0,0,134,0,134,9,9,157,0,175,144,0,144,319
10/22/2017,TTN,NJ,AEA,EN,Federal Contract Tower,14,12,22,0,48,0,2,116,2,120,14,14,138,2,168,124,0,124,292
10/23/2017,TTN,NJ,AEA,EN,Federal Contract Tower,11,17,59,0,87,0,1,75,0,76,11,18,134,0,163,75,0,75,238
10/24/2017,TTN,NJ,AEA,EN,Federal Contract Tower,11,14,29,0,54,0,0,47,0,47,11,14,76,0,101,4,0,4,105
10/25/2017,TTN,NJ,AEA,EN,Federal Contract Tower,9,10,40,3,62,0,0,178,6,184,9,10,218,9,246,213,0,213,459
10/26/2017,TTN,NJ,AEA,EN,Federal Contract Tower,18,16,34,2,70,0,3,98,4,105,18,19,132,6,175,175,0,175,350
10/27/2017,TTN,NJ,AEA,EN,Federal Contract Tower,11,16,31,1,59,0,0,124,9,133,11,16,155,10,192,190,0,190,382
10/28/2017,TTN,NJ,AEA,EN,Federal Contract Tower,10,7,26,1,44,0,0,119,0,119,10,7,145,1,163,116,0,116,279
10/29/2017,TTN,NJ,AEA,EN,Federal Contract Tower,17,17,10,0,44,0,0,0,0,0,17,17,10,0,44,0,0,0,44
10/30/2017,TTN,NJ,AEA,EN,Federal Contract Tower,11,11,15,1,38,0,3,38,0,41,11,14,53,1,79,25,0,25,104
10/31/2017,TTN,NJ,AEA,EN,Federal Contract Tower,12,10,26,2,50,0,6,121,7,134,12,16,147,9,184,106,0,106,290
11/01/2017,TTN,NJ,AEA,EN,Federal Contract Tower,9,22,33,0,64,0,1,173,1,175,9,23,206,1,239,238,5,243,482
11/02/2017,TTN,NJ,AEA,EN,Federal Contract Tower,15,16,33,2,66,0,2,115,2,119,15,18,148,4,185,102,0,102,287
11/03/2017,TTN,NJ,AEA,EN,Federal Contract Tower,13,11,33,0,57,0,2,127,4,133,13,13,160,4,190,162,0,162,352
11/04/2017,TTN,NJ,AEA,EN,Federal Contract Tower,10,7,19,0,36,0,1,124,4,129,10,8,143,4,165,236,1,237,402
11/05/2017,TTN,NJ,AEA,EN,Federal Contract Tower,15,21,33,0,69,0,0,10,0,10,15,21,43,0,79,6,0,6,85
11/06/2017,TTN,NJ,AEA,EN,Federal Contract Tower,11,10,43,2,66,0,0,41,2,43,11,10,84,4,109,149,0,149,258
11/07/2017,TTN,NJ,AEA,EN,Federal Contract Tower,11,12,28,2,53,0,1,71,3,75,11,13,99,5,128,138,0,138,266
11/08/2017,TTN,NJ,AEA,EN,Federal Contract Tower,10,15,42,2,69,0,210,2,0,212,10,225,44,2,281,228,1,229,510
11/09/2017,TTN,NJ,AEA,EN,Federal Contract Tower,17,11,38,0,66,0,0,138,0,138,17,11,176,0,204,175,0,175,379
11/10/2017,TTN,NJ,AEA,EN,Federal Contract Tower,12,5,25,0,42,0,1,93,0,94,12,6,118,0,136,101,0,101,237
11/11/2017,TTN,NJ,AEA,EN,Federal Contract Tower,9,7,16,0,32,0,1,138,0,139,9,8,154,0,171,177,0,177,348
11/12/2017,TTN,NJ,AEA,EN,Federal Contract Tower,15,12,22,0,49,0,1,125,0,126,15,13,147,0,175,143,0,143,318
11/13/2017,TTN,NJ,AEA,EN,Federal Contract Tower,11,13,34,1,59,0,0,37,0,37,11,13,71,1,96,44,0,44,140
11/14/2017,TTN,NJ,AEA,EN,Federal Contract Tower,13,16,32,0,61,0,0,185,0,185,13,16,217,0,246,258,0,258,504
11/15/2017,TTN,NJ,AEA,EN,Federal Contract Tower,10,13,35,3,61,0,0,178,2,180,10,13,213,5,241,167,0,167,408
11/16/2017,TTN,NJ,AEA,EN,Federal Contract Tower,15,16,37,3,71,0,1,68,0,69,15,17,105,3,140,80,0,80,220
11/17/2017,TTN,NJ,AEA,EN,Federal Contract Tower,15,17,29,2,63,0,5,76,1,82,15,22,105,3,145,131,0,131,276
11/18/2017,TTN,NJ,AEA,EN,Federal Contract Tower,11,14,28,0,53,0,1,61,0,62,11,15,89,0,115,55,0,55,170
11/19/2017,TTN,NJ,AEA,EN,Federal Contract Tower,13,18,16,0,47,0,0,17,0,17,13,18,33,0,64,12,0,12,76
11/20/2017,TTN,NJ,AEA,EN,Federal Contract Tower,12,8,21,2,43,0,0,105,0,105,12,8,126,2,148,99,0,99,247
11/21/2017,TTN,NJ,AEA,EN,Federal Contract Tower,16,20,43,1,80,0,2,129,2,133,16,22,172,3,213,249,0,249,462
11/22/2017,TTN,NJ,AEA,EN,Federal Contract Tower,10,13,33,2,58,0,0,86,0,86,10,13,119,2,144,105,0,105,249
11/23/2017,TTN,NJ,AEA,EN,Federal Contract Tower,15,8,11,0,34,0,2,19,0,21,15,10,30,0,55,43,0,43,98
11/24/2017,TTN,NJ,AEA,EN,Federal Contract Tower,10,11,18,0,39,0,1,103,0,104,10,12,121,0,143,127,0,127,270
11/25/2017,TTN,NJ,AEA,EN,Federal Contract Tower,11,6,20,0,37,0,0,126,0,126,11,6,146,0,163,98,0,98,261
11/26/2017,TTN,NJ,AEA,EN,Federal Contract Tower,11,26,42,0,79,0,1,65,0,66,11,27,107,0,145,53,0,53,198
11/27/2017,TTN,NJ,AEA,EN,Federal Contract Tower,13,11,44,2,70,0,4,104,6,114,13,15,148,8,184,135,0,135,319
11/28/2017,TTN,NJ,AEA,EN,Federal Contract Tower,13,16,32,2,63,0,2,175,0,177,13,18,207,2,240,245,0,245,485
11/29/2017,TTN,NJ,AEA,EN,Federal Contract Tower,11,11,33,2,57,0,1,150,2,153,11,12,183,4,210,158,0,158,368
11/30/2017,TTN,NJ,AEA,EN,Federal Contract Tower,15,7,36,2,60,0,4,144,4,152,15,11,180,6,212,130,0,130,342
12/01/2017,TTN,NJ,AEA,EN,Federal Contract Tower,14,9,31,1,55,0,3,151,0,154,14,12,182,1,209,188,0,188,397
12/02/2017,TTN,NJ,AEA,EN,Federal Contract Tower,9,4,22,0,35,0,1,140,0,141,9,5,162,0,176,177,0,177,353
12/03/2017,TTN,NJ,AEA,EN,Federal Contract Tower,14,8,20,0,42,0,1,85,0,86,14,9,105,0,128,98,0,98,226
12/04/2017,TTN,NJ,AEA,EN,Federal Contract Tower,13,11,26,1,51,0,1,95,0,96,13,12,121,1,147,171,0,171,318
12/05/2017,TTN,NJ,AEA,EN,Federal Contract Tower,14,9,37,1,61,0,0,49,0,49,14,9,86,1,110,6,0,6,116
12/06/2017,TTN,NJ,AEA,EN,Federal Contract Tower,10,7,31,0,48,0,2,130,2,134,10,9,161,2,182,124,0,124,306
12/07/2017,TTN,NJ,AEA,EN,Federal Contract Tower,17,8,32,1,58,0,4,154,0,158,17,12,186,1,216,152,0,152,368
12/08/2017,TTN,NJ,AEA,EN,Federal Contract Tower,11,14,23,1,49,0,3,131,4,138,11,17,154,5,187,195,0,195,382
12/09/2017,TTN,NJ,AEA,EN,Federal Contract Tower,7,1,9,0,17,0,0,2,0,2,7,1,11,0,19,0,0,0,19
12/10/2017,TTN,NJ,AEA,EN,Federal Contract Tower,15,14,15,0,44,0,0,74,0,74,15,14,89,0,118,16,0,16,134
12/11/2017,TTN,NJ,AEA,EN,Federal Contract Tower,11,9,23,2,45,0,0,119,0,119,11,9,142,2,164,158,0,158,322
12/12/2017,TTN,NJ,AEA,EN,Federal Contract Tower,11,20,24,2,57,0,0,69,2,71,11,20,93,4,128,87,0,87,215
12/13/2017,TTN,NJ,AEA,EN,Federal Contract Tower,9,10,16,2,37,0,2,79,2,83,9,12,95,4,120,4,0,4,124
12/14/2017,TTN,NJ,AEA,EN,Federal Contract Tower,15,16,25,4,60,0,0,86,5,91,15,16,111,9,151,99,0,99,250
12/15/2017,TTN,NJ,AEA,EN,Federal Contract Tower,10,5,18,0,33,0,0,45,0,45,10,5,63,0,78,118,0,118,196
12/16/2017,TTN,NJ,AEA,EN,Federal Contract Tower,8,4,14,0,26,0,0,58,0,58,8,4,72,0,84,71,0,71,155
12/17/2017,TTN,NJ,AEA,EN,Federal Contract Tower,13,11,12,0,36,0,1,104,0,105,13,12,116,0,141,157,0,157,298
12/18/2017,TTN,NJ,AEA,EN,Federal Contract Tower,12,8,27,0,47,0,0,71,2,73,12,8,98,2,120,161,0,161,281
12/19/2017,TTN,NJ,AEA,EN,Federal Contract Tower,12,9,14,5,40,0,4,96,4,104,12,13,110,9,144,82,0,82,226
12/20/2017,TTN,NJ,AEA,EN,Federal Contract Tower,9,14,18,2,43,0,0,115,0,115,9,14,133,2,158,138,2,140,298
12/21/2017,TTN,NJ,AEA,EN,Federal Contract Tower,16,10,22,2,50,0,0,92,4,96,16,10,114,6,146,173,0,173,319
12/22/2017,TTN,NJ,AEA,EN,Federal Contract Tower,11,9,10,0,30,0,0,82,0,82,11,9,92,0,112,139,0,139,251
12/23/2017,TTN,NJ,AEA,EN,Federal Contract Tower,10,4,7,0,21,0,0,0,0,0,10,4,7,0,21,0,0,0,21
12/24/2017,TTN,NJ,AEA,EN,Federal Contract Tower,15,3,10,0,28,0,0,70,0,70,15,3,80,0,98,99,0,99,197
12/25/2017,TTN,NJ,AEA,EN,Federal Contract Tower,9,11,5,0,25,0,2,4,0,6,9,13,9,0,31,0,0,0,31
12/26/2017,TTN,NJ,AEA,EN,Federal Contract Tower,13,13,34,0,60,0,0,70,0,70,13,13,104,0,130,42,0,42,172
12/27/2017,TTN,NJ,AEA,EN,Federal Contract Tower,9,12,23,0,44,0,0,138,2,140,9,12,161,2,184,159,0,159,343
12/28/2017,TTN,NJ,AEA,EN,Federal Contract Tower,16,9,12,0,37,0,2,76,0,78,16,11,88,0,115,126,0,126,241
12/29/2017,TTN,NJ,AEA,EN,Federal Contract Tower,11,8,13,0,32,0,0,91,1,92,11,8,104,1,124,168,2,170,294
12/30/2017,TTN,NJ,AEA,EN,Federal Contract Tower,9,8,16,0,33,0,0,4,0,4,9,8,20,0,37,0,0,0,37
12/31/2017,TTN,NJ,AEA,EN,Federal Contract Tower,14,2,7,0,23,0,0,48,0,48,14,2,55,0,71,29,0,29,100
01/01/2018,TTN,NJ,AEA,EN,Federal Contract Tower,6,13,16,0,35,0,1,31,2,34,6,14,47,2,69,73,0,73,142
01/02/2018,TTN,NJ,AEA,EN,Federal Contract Tower,14,12,33,0,59,0,1,114,2,117,14,13,147,2,176,111,0,111,287
01/03/2018,TTN,NJ,AEA,EN,Federal Contract Tower,10,11,24,3,48,0,2,124,0,126,10,13,148,3,174,176,4,180,354
01/04/2018,TTN,NJ,AEA,EN,Federal Contract Tower,2,0,2,0,4,0,0,0,0,0,2,0,2,0,4,0,0,0,4
01/05/2018,TTN,NJ,AEA,EN,Federal Contract Tower,8,1,15,2,26,0,0,24,0,24,8,1,39,2,50,0,0,0,50
01/06/2018,TTN,NJ,AEA,EN,Federal Contract Tower,11,11,12,0,34,0,0,58,0,58,11,11,70,0,92,51,0,51,143
01/07/2018,TTN,NJ,AEA,EN,Federal Contract Tower,13,16,21,0,50,0,2,90,4,96,13,18,111,4,146,157,0,157,303
01/08/2018,TTN,NJ,AEA,EN,Federal Contract Tower,8,11,22,0,41,0,0,75,0,75,8,11,97,0,116,94,0,94,210
01/09/2018,TTN,NJ,AEA,EN,Federal Contract Tower,9,8,26,2,45,0,3,135,4,142,9,11,161,6,187,251,0,251,438
01/10/2018,TTN,NJ,AEA,EN,Federal Contract Tower,8,7,28,1,44,0,1,156,4,161,8,8,184,5,205,147,4,151,356
01/11/2018,TTN,NJ,AEA,EN,Federal Contract Tower,14,10,24,0,48,0,0,82,0,82,14,10,106,0,130,252,0,252,382
01/12/2018,TTN,NJ,AEA,EN,Federal Contract Tower,9,22,17,2,50,0,0,0,0,0,9,22,17,2,50,0,0,0,50
01/13/2018,TTN,NJ,AEA,EN,Federal Contract Tower,12,6,10,0,28,0,0,40,0,40,12,6,50,0,68,40,0,40,108
01/14/2018,TTN,NJ,AEA,EN,Federal Contract Tower,14,11,16,0,41,0,0,119,4,123,14,11,135,4,164,175,0,175,339
01/15/2018,TTN,NJ,AEA,EN,Federal Contract Tower,9,10,30,0,49,0,0,101,0,101,9,10,131,0,150,257,0,257,407
01/16/2018,TTN,NJ,AEA,EN,Federal Contract Tower,10,8,18,1,37,0,1,89,0,90,10,9,107,1,127,128,0,128,255
01/17/2018,TTN,NJ,AEA,EN,Federal Contract Tower,7,6,16,0,29,0,0,44,2,46,7,6,60,2,75,10,0,10,85
01/18/2018,TTN,NJ,AEA,EN,Federal Contract Tower,13,17,23,0,53,0,3,121,4,128,13,20,144,4,181,149,0,149,330
01/19/2018,TTN,NJ,AEA,EN,Federal Contract Tower,9,9,30,0,48,0,1,115,0,116,9,10,145,0,164,227,0,227,391
01/20/2018,TTN,NJ,AEA,EN,Federal Contract Tower,10,14,22,0,46,0,1,134,0,135,10,15,156,0,181,126,0,126,307
01/21/2018,TTN,NJ,AEA,EN,Federal Contract Tower,13,10,22,0,45,0,0,148,0,148,13,10,170,0,193,136,0,136,329
01/22/2018,TTN,NJ,AEA,EN,Federal Contract Tower,9,7,14,0,30,0,0,79,0,79,9,7,93,0,109,148,0,148,257
01/23/2018,TTN,NJ,AEA,EN,Federal Contract Tower,8,6,26,0,40,0,0,42,0,42,8,6,68,0,82,29,0,29,111
01/24/2018,TTN,NJ,AEA,EN,Federal Contract Tower,7,12,19,1,39,0,0,115,0,115,7,12,134,1,154,77,18,95,249
01/25/2018,TTN,NJ,AEA,EN,Federal Contract Tower,13,15,20,0,48,0,5,115,1,121,13,20,135,1,169,202,0,202,371
01/26/2018,TTN,NJ,AEA,EN,Federal Contract Tower,10,8,23,0,41,0,0,137,0,137,10,8,160,0,178,197,0,197,375
01/27/2018,TTN,NJ,AEA,EN,Federal Contract Tower,6,14,23,2,45,0,0,125,4,129,6,14,148,6,174,98,0,98,272
01/28/2018,TTN,NJ,AEA,EN,Federal Contract Tower,13,15,28,0,56,0,0,15,0,15,13,15,43,0,71,17,0,17,88
01/29/2018,TTN,NJ,AEA,EN,Federal Contract Tower,9,9,18,0,36,0,2,96,0,98,9,11,114,0,134,132,0,132,266
01/30/2018,TTN,NJ,AEA,EN,Federal Contract Tower,9,14,19,0,42,0,0,35,0,35,9,14,54,0,77,10,0,10,87
01/31/2018,TTN,NJ,AEA,EN,Federal Contract Tower,7,10,31,0,48,0,1,154,4,159,7,11,185,4,207,182,0,182,389
02/01/2018,TTN,NJ,AEA,EN,Federal Contract Tower,15,21,35,0,71,0,2,91,1,94,15,23,126,1,165,95,1,96,261
02/02/2018,TTN,NJ,AEA,EN,Federal Contract Tower,8,18,33,0,59,0,0,44,0,44,8,18,77,0,103,36,0,36,139
02/03/2018,TTN,NJ,AEA,EN,Federal Contract Tower,10,14,37,0,61,0,0,138,0,138,10,14,175,0,199,127,0,127,326
02/04/2018,TTN,NJ,AEA,EN,Federal Contract Tower,10,7,19,0,36,0,0,44,0,44,10,7,63,0,80,114,0,114,194
02/05/2018,TTN,NJ,AEA,EN,Federal Contract Tower,9,20,28,0,57,0,0,88,0,88,9,20,116,0,145,23,0,23,168
02/06/2018,TTN,NJ,AEA,EN,Federal Contract Tower,6,12,36,0,54,0,4,145,0,149,6,16,181,0,203,260,0,260,463
02/07/2018,TTN,NJ,AEA,EN,Federal Contract Tower,8,6,21,0,35,0,0,0,0,0,8,6,21,0,35,0,0,0,35
02/08/2018,TTN,NJ,AEA,EN,Federal Contract Tower,13,6,19,0,38,0,3,90,4,97,13,9,109,4,135,199,0,199,334
02/09/2018,TTN,NJ,AEA,EN,Federal Contract Tower,9,11,15,0,35,0,1,168,4,173,9,12,183,4,208,88,0,88,296
02/10/2018,TTN,NJ,AEA,EN,Federal Contract Tower,9,5,21,0,35,0,0,4,0,4,9,5,25,0,39,12,0,12,51
02/11/2018,TTN,NJ,AEA,EN,Federal Contract Tower,13,13,31,0,57,0,0,0,0,0,13,13,31,0,57,0,0,0,57
02/12/2018,TTN,NJ,AEA,EN,Federal Contract Tower,9,13,29,0,51,0,1,104,2,107,9,14,133,2,158,234,4,238,396
02/13/2018,TTN,NJ,AEA,EN,Federal Contract Tower,9,5,29,0,43,0,8,147,0,155,9,13,176,0,198,220,0,220,418
02/14/2018,TTN,NJ,AEA,EN,Federal Contract Tower,8,8,29,0,45,0,3,195,6,204,8,11,224,6,249,170,0,170,419
02/15/2018,TTN,NJ,AEA,EN,Federal Contract Tower,13,14,43,2,72,0,3,95,2,100,13,17,138,4,172,133,0,133,305
02/16/2018,TTN,NJ,AEA,EN,Federal Contract Tower,7,11,43,0,61,0,0,57,0,57,7,11,100,0,118,162,0,162,280
02/17/2018,TTN,NJ,AEA,EN,Federal Contract Tower,8,8,19,4,39,0,0,93,0,93,8,8,112,4,132,140,0,140,272
02/18/2018,TTN,NJ,AEA,EN,Federal Contract Tower,12,7,17,0,36,0,0,100,0,100,12,7,117,0,136,223,0,223,359
02/19/2018,TTN,NJ,AEA,EN,Federal Contract Tower,9,10,32,0,51,0,2,89,0,91,9,12,121,0,142,168,0,168,310
02/20/2018,TTN,NJ,AEA,EN,Federal Contract Tower,8,16,39,3,66,0,0,62,0,62,8,16,101,3,128,126,0,126,254
02/21/2018,TTN,NJ,AEA,EN,Federal Contract Tower,11,13,36,3,63,0,1,102,1,104,11,14,138,4,167,180,0,180,347
02/22/2018,TTN,NJ,AEA,EN,Federal Contract Tower,13,17,36,2,68,0,0,24,0,24,13,17,60,2,92,47,0,47,139
02/23/2018,TTN,NJ,AEA,EN,Federal Contract Tower,10,15,12,2,39,0,0,0,0,0,10,15,12,2,39,0,0,0,39
02/24/2018,TTN,NJ,AEA,EN,Federal Contract Tower,10,4,37,0,51,0,0,42,0,42,10,4,79,0,93,24,0,24,117
02/25/2018,TTN,NJ,AEA,EN,Federal Contract Tower,11,17,26,0,54,0,0,0,0,0,11,17,26,0,54,0,0,0,54
02/26/2018,TTN,NJ,AEA,EN,Federal Contract Tower,9,12,37,2,60,0,0,187,1,188,9,12,224,3,248,174,0,174,422
02/27/2018,TTN,NJ,AEA,EN,Federal Contract Tower,9,9,30,2,50,0,2,221,4,227,9,11,251,6,277,220,0,220,497
02/28/2018,TTN,NJ,AEA,EN,Federal Contract Tower,8,15,32,2,57,0,2,238,0,240,8,17,270,2,297,266,0,266,563
03/01/2018,TTN,NJ,AEA,EN,Federal Contract Tower,13,24,34,2,73,0,2,121,2,125,13,26,155,4,198,144,0,144,342
03/02/2018,TTN,NJ,AEA,EN,Federal Contract Tower,4,3,6,0,13,0,0,0,0,0,4,3,6,0,13,0,0,0,13
03/03/2018,TTN,NJ,AEA,EN,Federal Contract Tower,8,3,18,0,29,0,0,0,0,0,8,3,18,0,29,98,0,98,127
03/04/2018,TTN,NJ,AEA,EN,Federal Contract Tower,13,12,19,0,44,0,0,128,0,128,13,12,147,0,172,147,0,147,319
03/05/2018,TTN,NJ,AEA,EN,Federal Contract Tower,9,5,18,2,34,0,1,150,1,152,9,6,168,3,186,267,4,271,457
03/06/2018,TTN,NJ,AEA,EN,Federal Contract Tower,9,4,31,2,46,0,6,175,2,183,9,10,206,4,229,270,0,270,499
03/07/2018,TTN,NJ,AEA,EN,Federal Contract Tower,3,2,0,0,5,0,0,0,0,0,3,2,0,0,5,0,0,0,5
03/08/2018,TTN,NJ,AEA,EN,Federal Contract Tower,10,12,30,0,52,0,1,89,0,90,10,13,119,0,142,93,0,93,235
03/09/2018,TTN,NJ,AEA,EN,Federal Contract Tower,9,19,28,2,58,0,6,78,2,86,9,25,106,4,144,100,0,100,244
03/10/2018,TTN,NJ,AEA,EN,Federal Contract Tower,8,18,16,0,42,0,0,114,0,114,8,18,130,0,156,127,0,127,283
03/11/2018,TTN,NJ,AEA,EN,Federal Contract Tower,13,16,24,0,53,0,2,157,0,159,13,18,181,0,212,209,0,209,421
03/12/2018,TTN,NJ,AEA,EN,Federal Contract Tower,9,11,23,0,43,0,2,98,2,102,9,13,121,2,145,211,2,213,358
03/13/2018,TTN,NJ,AEA,EN,Federal Contract Tower,10,16,19,0,45,0,0,81,0,81,10,16,100,0,126,179,0,179,305
03/14/2018,TTN,NJ,AEA,EN,Federal Contract Tower,8,16,24,2,50,0,1,106,0,107,8,17,130,2,157,81,0,81,238
03/15/2018,TTN,NJ,AEA,EN,Federal Contract Tower,13,9,34,2,58,0,3,133,2,138,13,12,167,4,196,118,0,118,314
03/16/2018,TTN,NJ,AEA,EN,Federal Contract Tower,10,3,29,0,42,0,0,95,0,95,10,3,124,0,137,55,0,55,192
03/17/2018,TTN,NJ,AEA,EN,Federal Contract Tower,9,3,33,0,45,0,1,141,0,142,9,4,174,0,187,109,0,109,296
03/18/2018,TTN,NJ,AEA,EN,Federal Contract Tower,13,9,34,0,56,0,0,139,0,139,13,9,173,0,195,208,0,208,403
03/19/2018,TTN,NJ,AEA,EN,Federal Contract Tower,9,6,44,2,61,0,0,140,2,142,9,6,184,4,203,242,0,242,445
03/20/2018,TTN,NJ,AEA,EN,Federal Contract Tower,8,11,23,2,44,0,1,34,0,35,8,12,57,2,79,30,0,30,109
03/21/2018,TTN,NJ,AEA,EN,Federal Contract Tower,4,2,0,0,6,0,0,0,0,0,4,2,0,0,6,0,0,0,6
03/22/2018,TTN,NJ,AEA,EN,Federal Contract Tower,12,11,37,2,62,0,0,111,0,111,12,11,148,2,173,125,0,125,298
03/24/2018,TTN,NJ,AEA,EN,Federal Contract Tower,9,6,41,0,56,0,0,168,0,168,9,6,209,0,224,190,0,190,414
03/25/2018,TTN,NJ,AEA,EN,Federal Contract Tower,13,10,12,0,35,0,0,115,0,115,13,10,127,0,150,135,0,135,285
03/26/2018,TTN,NJ,AEA,EN,Federal Contract Tower,9,14,52,4,79,0,2,131,4,137,9,16,183,8,216,185,2,187,403
03/27/2018,TTN,NJ,AEA,EN,Federal Contract Tower,5,17,27,0,49,0,2,153,2,157,5,19,180,2,206,315,0,315,521
03/29/2018,TTN,NJ,AEA,EN,Federal Contract Tower,12,19,45,2,78,0,0,20,0,20,12,19,65,2,98,36,0,36,134
03/30/2018,TTN,NJ,AEA,EN,Federal Contract Tower,9,19,35,0,63,0,1,64,0,65,9,20,99,0,128,102,0,102,230
03/31/2018,TTN,NJ,AEA,EN,Federal Contract Tower,9,8,27,0,44,0,1,168,2,171,9,9,195,2,215,194,0,194,409
04/01/2018,TTN,NJ,AEA,EN,Federal Contract Tower,13,12,17,0,42,0,1,72,0,73,13,13,89,0,115,72,0,72,187
04/02/2018,TTN,NJ,AEA,EN,Federal Contract Tower,9,20,30,2,61,0,0,41,2,43,9,20,71,4,104,80,0,80,184
04/03/2018,TTN,NJ,AEA,EN,Federal Contract Tower,9,20,18,2,49,0,0,8,0,8,9,20,26,2,57,40,0,40,97
04/04/2018,TTN,NJ,AEA,EN,Federal Contract Tower,7,22,25,2,56,0,0,24,2,26,7,22,49,4,82,10,0,10,92
04/05/2018,TTN,NJ,AEA,EN,Federal Contract Tower,16,19,49,2,86,0,1,152,4,157,16,20,201,6,243,161,0,161,404
04/06/2018,TTN,NJ,AEA,EN,Federal Contract Tower,9,15,23,0,47,0,2,93,4,99,9,17,116,4,146,112,0,112,258
04/07/2018,TTN,NJ,AEA,EN,Federal Contract Tower,9,11,23,0,43,0,1,167,0,168,9,12,190,0,211,197,0,197,408
04/08/2018,TTN,NJ,AEA,EN,Federal Contract Tower,14,9,24,0,47,0,2,165,0,167,14,11,189,0,214,214,0,214,428
04/09/2018,TTN,NJ,AEA,EN,Federal Contract Tower,14,13,24,2,53,0,2,125,2,129,14,15,149,4,182,349,0,349,531
04/10/2018,TTN,NJ,AEA,EN,Federal Contract Tower,13,16,25,2,56,0,3,116,0,119,13,19,141,2,175,249,0,249,424
04/11/2018,TTN,NJ,AEA,EN,Federal Contract Tower,15,10,24,2,51,0,1,189,2,192,15,11,213,4,243,349,1,350,593
04/12/2018,TTN,NJ,AEA,EN,Federal Contract Tower,17,15,16,2,50,0,4,179,4,187,17,19,195,6,237,209,0,209,446
04/13/2018,TTN,NJ,AEA,EN,Federal Contract Tower,15,8,28,1,52,0,1,184,0,185,15,9,212,1,237,195,0,195,432
04/14/2018,TTN,NJ,AEA,EN,Federal Contract Tower,14,16,24,0,54,0,1,186,0,187,14,17,210,0,241,153,0,153,394
04/15/2018,TTN,NJ,AEA,EN,Federal Contract Tower,16,12,29,0,57,0,0,6,0,6,16,12,35,0,63,0,0,0,63
04/16/2018,TTN,NJ,AEA,EN,Federal Contract Tower,18,13,16,0,47,0,0,17,0,17,18,13,33,0,64,6,0,6,70
04/17/2018,TTN,NJ,AEA,EN,Federal Contract Tower,13,15,29,1,58,0,0,111,2,113,13,15,140,3,171,211,0,211,382
04/18/2018,TTN,NJ,AEA,EN,Federal Contract Tower,16,10,40,0,66,0,1,163,2,166,16,11,203,2,232,237,0,237,469
04/19/2018,TTN,NJ,AEA,EN,Federal Contract Tower,18,10,34,2,64,0,0,65,4,69,18,10,99,6,133,34,0,34,167
04/20/2018,TTN,NJ,AEA,EN,Federal Contract Tower,17,14,29,0,60,0,1,156,0,157,17,15,185,0,217,141,0,141,358
04/21/2018,TTN,NJ,AEA,EN,Federal Contract Tower,16,4,25,0,45,0,0,178,0,178,16,4,203,0,223,190,0,190,413
04/22/2018,TTN,NJ,AEA,EN,Federal Contract Tower,15,15,18,0,48,0,0,209,0,209,15,15,227,0,257,210,0,210,467
04/23/2018,TTN,NJ,AEA,EN,Federal Contract Tower,16,8,28,0,52,0,0,156,0,156,16,8,184,0,208,346,0,346,554
04/24/2018,TTN,NJ,AEA,EN,Federal Contract Tower,13,24,26,4,67,0,2,150,2,154,13,26,176,6,221,240,0,240,461
04/25/2018,TTN,NJ,AEA,EN,Federal Contract Tower,14,14,69,2,99,0,0,0,0,0,14,14,69,2,99,0,0,0,99
04/26/2018,TTN,NJ,AEA,EN,Federal Contract Tower,16,22,45,3,86,0,2,184,7,193,16,24,229,10,279,159,0,159,438
04/27/2018,TTN,NJ,AEA,EN,Federal Contract Tower,15,13,51,0,79,0,0,27,0,27,15,13,78,0,106,31,0,31,137
04/28/2018,TTN,NJ,AEA,EN,Federal Contract Tower,13,13,26,0,52,0,0,114,0,114,13,13,140,0,166,133,0,133,299
04/29/2018,TTN,NJ,AEA,EN,Federal Contract Tower,17,12,30,0,59,0,2,78,0,80,17,14,108,0,139,96,0,96,235
04/30/2018,TTN,NJ,AEA,EN,Federal Contract Tower,16,13,41,1,71,0,1,116,0,117,16,14,157,1,188,65,0,65,253
05/01/2018,TTN,NJ,AEA,EN,Federal Contract Tower,16,7,45,0,68,0,2,168,0,170,16,9,213,0,238,225,0,225,463
05/02/2018,TTN,NJ,AEA,EN,Federal Contract Tower,16,12,55,0,83,0,1,177,4,182,16,13,232,4,265,250,0,250,515
05/03/2018,TTN,NJ,AEA,EN,Federal Contract Tower,13,25,28,0,66,0,0,186,2,188,13,25,214,2,254,168,0,168,422
05/04/2018,TTN,NJ,AEA,EN,Federal Contract Tower,15,10,28,2,55,0,2,147,2,151,15,12,175,4,206,200,0,200,406
05/05/2018,TTN,NJ,AEA,EN,Federal Contract Tower,14,13,17,0,44,0,0,106,1,107,14,13,123,1,151,160,0,160,311
05/06/2018,TTN,NJ,AEA,EN,Federal Contract Tower,14,10,26,0,50,0,2,39,0,41,14,12,65,0,91,119,0,119,210
05/07/2018,TTN,NJ,AEA,EN,Federal Contract Tower,15,14,52,0,81,0,5,119,1,125,15,19,171,1,206,295,0,295,501
05/08/2018,TTN,NJ,AEA,EN,Federal Contract Tower,12,12,43,0,67,0,2,152,0,154,12,14,195,0,221,274,0,274,495
05/09/2018,TTN,NJ,AEA,EN,Federal Contract Tower,15,10,46,0,71,0,5,187,0,192,15,15,233,0,263,279,0,279,542
05/10/2018,TTN,NJ,AEA,EN,Federal Contract Tower,14,14,43,0,71,0,2,69,0,71,14,16,112,0,142,117,0,117,259
05/11/2018,TTN,NJ,AEA,EN,Federal Contract Tower,15,8,47,1,71,0,5,167,0,172,15,13,214,1,243,245,0,245,488
05/12/2018,TTN,NJ,AEA,EN,Federal Contract Tower,16,5,32,0,53,0,0,4,0,4,16,5,36,0,57,0,0,0,57
05/13/2018,TTN,NJ,AEA,EN,Federal Contract Tower,17,17,34,0,68,0,0,2,0,2,17,17,36,0,70,0,0,0,70
05/14/2018,TTN,NJ,AEA,EN,Federal Contract Tower,13,12,64,2,91,0,0,63,0,63,13,12,127,2,154,98,0,98,252
05/15/2018,TTN,NJ,AEA,EN,Federal Contract Tower,6,17,41,3,67,0,1,116,0,117,6,18,157,3,184,134,0,134,318
05/16/2018,TTN,NJ,AEA,EN,Federal Contract Tower,16,17,63,0,96,0,0,3,0,3,16,17,66,0,99,4,0,4,103
05/17/2018,TTN,NJ,AEA,EN,Federal Contract Tower,16,36,69,0,121,0,1,5,0,6,16,37,74,0,127,0,0,0,127
05/18/2018,TTN,NJ,AEA,EN,Federal Contract Tower,13,16,60,0,89,0,1,63,0,64,13,17,123,0,153,49,0,49,202
05/19/2018,TTN,NJ,AEA,EN,Federal Contract Tower,17,14,15,0,46,0,0,0,0,0,17,14,15,0,46,0,0,0,46
05/20/2018,TTN,NJ,AEA,EN,Federal Contract Tower,14,16,29,0,59,0,2,87,0,89,14,18,116,0,148,98,0,98,246
05/21/2018,TTN,NJ,AEA,EN,Federal Contract Tower,15,11,35,2,63,0,4,182,0,186,15,15,217,2,249,177,0,177,426
05/22/2018,TTN,NJ,AEA,EN,Federal Contract Tower,13,7,44,2,66,0,24,70,0,94,13,31,114,2,160,120,0,120,280
05/23/2018,TTN,NJ,AEA,EN,Federal Contract Tower,15,14,46,3,78,0,3,183,8,194,15,17,229,11,272,234,0,234,506
05/24/2018,TTN,NJ,AEA,EN,Federal Contract Tower,15,23,37,2,77,0,3,207,0,210,15,26,244,2,287,252,0,252,539
05/25/2018,TTN,NJ,AEA,EN,Federal Contract Tower,14,14,25,0,53,0,2,158,0,160,14,16,183,0,213,226,0,226,439
05/26/2018,TTN,NJ,AEA,EN,Federal Contract Tower,14,3,11,0,28,0,0,112,0,112,14,3,123,0,140,114,0,114,254
05/27/2018,TTN,NJ,AEA,EN,Federal Contract Tower,9,13,13,9,44,0,0,0,0,0,9,13,13,9,44,0,0,0,44
05/28/2018,TTN,NJ,AEA,EN,Federal Contract Tower,14,11,36,0,61,0,0,32,0,32,14,11,68,0,93,88,0,88,181
05/29/2018,TTN,NJ,AEA,EN,Federal Contract Tower,15,9,52,2,78,0,0,151,0,151,15,9,203,2,229,329,0,329,558
05/30/2018,TTN,NJ,AEA,EN,Federal Contract Tower,15,12,53,0,80,0,0,28,0,28,15,12,81,0,108,77,0,77,185
05/31/2018,TTN,NJ,AEA,EN,Federal Contract Tower,15,43,73,2,133,0,0,7,0,7,15,43,80,2,140,3,0,3,143
06/01/2018,TTN,NJ,AEA,EN,Federal Contract Tower,14,15,45,0,74,0,1,92,0,93,14,16,137,0,167,104,0,104,271
06/02/2018,TTN,NJ,AEA,EN,Federal Contract Tower,17,25,15,0,57,0,1,83,0,84,17,26,98,0,141,122,0,122,263
06/03/2018,TTN,NJ,AEA,EN,Federal Contract Tower,14,17,37,0,68,0,1,52,2,55,14,18,89,2,123,21,0,21,144
06/04/2018,TTN,NJ,AEA,EN,Federal Contract Tower,15,17,58,2,92,0,0,148,2,150,15,17,206,4,242,176,0,176,418
06/05/2018,TTN,NJ,AEA,EN,Federal Contract Tower,13,19,37,4,73,0,0,135,0,135,13,19,172,4,208,170,0,170,378
06/06/2018,TTN,NJ,AEA,EN,Federal Contract Tower,15,16,41,2,74,0,2,176,12,190,15,18,217,14,264,189,0,189,453
06/07/2018,TTN,NJ,AEA,EN,Federal Contract Tower,14,8,45,2,69,0,0,145,0,145,14,8,190,2,214,287,0,287,501
06/08/2018,TTN,NJ,AEA,EN,Federal Contract Tower,13,9,23,0,45,0,2,193,0,195,13,11,216,0,240,174,0,174,414
06/09/2018,TTN,NJ,AEA,EN,Federal Contract Tower,14,11,23,0,48,0,0,121,0,121,14,11,144,0,169,154,0,154,323
06/10/2018,TTN,NJ,AEA,EN,Federal Contract Tower,13,14,27,0,54,0,1,42,0,43,13,15,69,0,97,75,0,75,172
06/11/2018,TTN,NJ,AEA,EN,Federal Contract Tower,14,9,50,3,76,0,0,102,0,102,14,9,152,3,178,164,0,164,342
06/12/2018,TTN,NJ,AEA,EN,Federal Contract Tower,17,7,42,2,68,0,2,206,0,208,17,9,248,2,276,119,0,119,395
06/13/2018,TTN,NJ,AEA,EN,Federal Contract Tower,13,21,80,2,116,0,0,88,0,88,13,21,168,2,204,85,0,85,289
06/14/2018,TTN,NJ,AEA,EN,Federal Contract Tower,15,21,54,1,91,0,7,159,6,172,15,28,213,7,263,154,0,154,417
06/15/2018,TTN,NJ,AEA,EN,Federal Contract Tower,14,12,41,0,67,0,2,202,0,204,14,14,243,0,271,94,0,94,365
06/16/2018,TTN,NJ,AEA,EN,Federal Contract Tower,15,5,19,0,39,0,0,129,2,131,15,5,148,2,170,135,0,135,305
06/17/2018,TTN,NJ,AEA,EN,Federal Contract Tower,14,14,29,0,57,0,1,144,0,145,14,15,173,0,202,162,0,162,364
06/18/2018,TTN,NJ,AEA,EN,Federal Contract Tower,14,6,47,2,69,0,0,127,0,127,14,6,174,2,196,172,0,172,368
06/19/2018,TTN,NJ,AEA,EN,Federal Contract Tower,10,8,47,0,65,0,0,153,2,155,10,8,200,2,220,241,0,241,461
06/20/2018,TTN,NJ,AEA,EN,Federal Contract Tower,15,15,43,0,73,0,4,180,4,188,15,19,223,4,261,137,0,137,398
06/21/2018,TTN,NJ,AEA,EN,Federal Contract Tower,15,17,50,1,83,0,4,140,0,144,15,21,190,1,227,104,0,104,331
06/22/2018,TTN,NJ,AEA,EN,Federal Contract Tower,14,13,53,3,83,0,3,99,5,107,14,16,152,8,190,97,1,98,288
06/23/2018,TTN,NJ,AEA,EN,Federal Contract Tower,13,18,19,0,50,0,0,6,0,6,13,18,25,0,56,4,0,4,60
06/24/2018,TTN,NJ,AEA,EN,Federal Contract Tower,11,13,41,0,65,0,2,86,0,88,11,15,127,0,153,76,0,76,229
06/25/2018,TTN,NJ,AEA,EN,Federal Contract Tower,15,14,38,2,69,0,2,178,0,180,15,16,216,2,249,217,0,217,466
06/26/2018,TTN,NJ,AEA,EN,Federal Contract Tower,13,16,47,2,78,0,5,179,0,184,13,21,226,2,262,231,0,231,493
06/27/2018,TTN,NJ,AEA,EN,Federal Contract Tower,14,12,49,2,77,0,0,147,0,147,14,12,196,2,224,158,0,158,382
06/29/2018,TTN,NJ,AEA,EN,Federal Contract Tower,15,9,35,0,59,0,2,141,0,143,15,11,176,0,202,114,0,114,316
06/30/2018,TTN,NJ,AEA,EN,Federal Contract Tower,15,13,52,0,80,0,0,84,0,84,15,13,136,0,164,0,0,0,164
07/01/2018,TTN,NJ,AEA,EN,Federal Contract Tower,14,12,38,0,64,0,0,56,0,56,14,12,94,0,120,0,0,0,120
07/02/2018,TTN,NJ,AEA,EN,Federal Contract Tower,14,7,24,2,47,0,1,125,0,126,14,8,149,2,173,193,0,193,366
07/03/2018,TTN,NJ,AEA,EN,Federal Contract Tower,14,14,29,2,59,0,0,107,0,107,14,14,136,2,166,137,1,138,304
07/04/2018,TTN,NJ,AEA,EN,Federal Contract Tower,15,4,19,0,38,0,2,82,0,84,15,6,101,0,122,56,0,56,178
07/05/2018,TTN,NJ,AEA,EN,Federal Contract Tower,14,4,32,0,50,0,0,83,0,83,14,4,115,0,133,197,0,197,330
07/06/2018,TTN,NJ,AEA,EN,Federal Contract Tower,13,10,42,0,65,0,0,13,0,13,13,10,55,0,78,0,0,0,78
07/07/2018,TTN,NJ,AEA,EN,Federal Contract Tower,15,12,46,0,73,0,0,123,0,123,15,12,169,0,196,0,0,0,196
07/08/2018,TTN,NJ,AEA,EN,Federal Contract Tower,15,11,42,0,68,0,1,111,0,112,15,12,153,0,180,14,0,14,194
07/09/2018,TTN,NJ,AEA,EN,Federal Contract Tower,14,7,34,0,55,0,1,128,0,129,14,8,162,0,184,276,2,278,462
07/10/2018,TTN,NJ,AEA,EN,Federal Contract Tower,16,1,39,1,57,0,3,152,4,159,16,4,191,5,216,210,0,210,426
07/11/2018,TTN,NJ,AEA,EN,Federal Contract Tower,15,9,34,2,60,0,4,190,0,194,15,13,224,2,254,194,0,194,448
07/12/2018,TTN,NJ,AEA,EN,Federal Contract Tower,14,4,46,3,67,0,2,182,1,185,14,6,228,4,252,219,2,221,473
07/13/2018,TTN,NJ,AEA,EN,Federal Contract Tower,14,10,33,2,59,0,0,162,0,162,14,10,195,2,221,164,0,164,385
07/14/2018,TTN,NJ,AEA,EN,Federal Contract Tower,14,5,26,0,45,0,0,139,0,139,14,5,165,0,184,113,0,113,297
07/15/2018,TTN,NJ,AEA,EN,Federal Contract Tower,16,14,24,0,54,0,0,66,0,66,16,14,90,0,120,46,0,46,166
07/16/2018,TTN,NJ,AEA,EN,Federal Contract Tower,13,8,34,2,57,0,0,121,0,121,13,8,155,2,178,152,0,152,330
07/17/2018,TTN,NJ,AEA,EN,Federal Contract Tower,14,12,40,1,67,0,7,44,3,54,14,19,84,4,121,44,0,44,165
07/18/2018,TTN,NJ,AEA,EN,Federal Contract Tower,15,17,52,0,84,0,1,197,0,198,15,18,249,0,282,207,0,207,489
07/19/2018,TTN,NJ,AEA,EN,Federal Contract Tower,13,20,40,2,75,0,3,175,0,178,13,23,215,2,253,249,0,249,502
07/20/2018,TTN,NJ,AEA,EN,Federal Contract Tower,0,14,15,60,89,0,0,154,0,154,0,14,169,60,243,120,0,120,363
07/21/2018,TTN,NJ,AEA,EN,Federal Contract Tower,15,4,22,0,41,0,0,39,0,39,15,4,61,0,80,0,0,0,80
07/22/2018,TTN,NJ,AEA,EN,Federal Contract Tower,14,12,34,0,60,0,1,18,0,19,14,13,52,0,79,0,0,0,79
07/23/2018,TTN,NJ,AEA,EN,Federal Contract Tower,13,8,27,2,50,0,0,46,0,46,13,8,73,2,96,3,0,3,99
07/24/2018,TTN,NJ,AEA,EN,Federal Contract Tower,15,13,18,2,48,0,0,72,0,72,15,13,90,2,120,8,0,8,128
07/25/2018,TTN,NJ,AEA,EN,Federal Contract Tower,14,17,34,2,67,0,0,12,0,12,14,17,46,2,79,0,0,0,79
07/26/2018,TTN,NJ,AEA,EN,Federal Contract Tower,15,16,61,3,95,0,1,146,0,147,15,17,207,3,242,159,0,159,401
07/27/2018,TTN,NJ,AEA,EN,Federal Contract Tower,15,12,58,0,85,0,1,93,0,94,15,13,151,0,179,110,0,110,289
07/28/2018,TTN,NJ,AEA,EN,Federal Contract Tower,13,17,49,0,79,0,0,63,0,63,13,17,112,0,142,0,0,0,142
07/29/2018,TTN,NJ,AEA,EN,Federal Contract Tower,11,17,38,0,66,0,0,86,0,86,11,17,124,0,152,16,0,16,168
07/30/2018,TTN,NJ,AEA,EN,Federal Contract Tower,15,7,26,1,49,0,1,144,2,147,15,8,170,3,196,222,0,222,418
07/31/2018,TTN,NJ,AEA,EN,Federal Contract Tower,15,15,49,1,80,0,1,118,2,121,15,16,167,3,201,329,0,329,530
08/01/2018,TTN,NJ,AEA,EN,Federal Contract Tower,13,9,54,0,76,0,0,92,0,92,13,9,146,0,168,144,0,144,312
08/02/2018,TTN,NJ,AEA,EN,Federal Contract Tower,14,12,48,1,75,0,1,155,0,156,14,13,203,1,231,212,0,212,443
08/03/2018,TTN,NJ,AEA,EN,Federal Contract Tower,14,16,48,0,78,0,0,34,0,34,14,16,82,0,112,0,0,0,112
08/04/2018,TTN,NJ,AEA,EN,Federal Contract Tower,16,5,39,0,60,0,0,39,0,39,16,5,78,0,99,30,0,30,129
08/05/2018,TTN,NJ,AEA,EN,Federal Contract Tower,17,10,37,0,64,0,1,109,0,110,17,11,146,0,174,0,0,0,174
08/06/2018,TTN,NJ,AEA,EN,Federal Contract Tower,13,11,40,0,64,0,3,104,0,107,13,14,144,0,171,0,0,0,171
08/07/2018,TTN,NJ,AEA,EN,Federal Contract Tower,14,9,61,0,84,0,0,75,0,75,14,9,136,0,159,0,0,0,159
08/08/2018,TTN,NJ,AEA,EN,Federal Contract Tower,11,6,59,0,76,0,0,99,0,99,11,6,158,0,175,0,0,0,175
08/09/2018,TTN,NJ,AEA,EN,Federal Contract Tower,15,11,48,2,76,0,1,93,2,96,15,12,141,4,172,0,0,0,172
08/10/2018,TTN,NJ,AEA,EN,Federal Contract Tower,16,8,49,2,75,0,1,108,0,109,16,9,157,2,184,0,0,0,184
08/11/2018,TTN,NJ,AEA,EN,Federal Contract Tower,14,10,14,0,38,0,0,16,0,16,14,10,30,0,54,0,0,0,54
08/12/2018,TTN,NJ,AEA,EN,Federal Contract Tower,14,9,29,0,52,0,0,46,0,46,14,9,75,0,98,0,0,0,98
08/13/2018,TTN,NJ,AEA,EN,Federal Contract Tower,11,11,50,2,74,0,0,32,0,32,11,11,82,2,106,8,0,8,114
08/14/2018,TTN,NJ,AEA,EN,Federal Contract Tower,16,17,18,1,52,0,0,71,0,71,16,17,89,1,123,121,0,121,244
08/15/2018,TTN,NJ,AEA,EN,Federal Contract Tower,14,14,16,3,47,0,1,189,2,192,14,15,205,5,239,294,0,294,533
08/16/2018,TTN,NJ,AEA,EN,Federal Contract Tower,13,11,31,2,57,0,0,1,204,205,13,11,32,206,262,297,0,297,559
08/17/2018,TTN,NJ,AEA,EN,Federal Contract Tower,13,10,40,0,63,0,0,116,0,116,13,10,156,0,179,89,0,89,268
08/18/2018,TTN,NJ,AEA,EN,Federal Contract Tower,13,4,21,0,38,0,0,62,0,62,13,4,83,0,100,0,0,0,100
08/19/2018,TTN,NJ,AEA,EN,Federal Contract Tower,14,10,33,0,57,0,0,6,0,6,14,10,39,0,63,0,0,0,63
08/20/2018,TTN,NJ,AEA,EN,Federal Contract Tower,15,14,40,0,69,0,0,160,4,164,15,14,200,4,233,282,0,282,515
08/21/2018,TTN,NJ,AEA,EN,Federal Contract Tower,16,17,25,2,60,0,0,60,0,60,16,17,85,2,120,107,0,107,227
08/22/2018,TTN,NJ,AEA,EN,Federal Contract Tower,14,12,33,1,60,0,2,145,0,147,14,14,178,1,207,172,0,172,379
08/23/2018,TTN,NJ,AEA,EN,Federal Contract Tower,15,12,22,0,49,0,0,151,2,153,15,12,173,2,202,200,0,200,402
08/24/2018,TTN,NJ,AEA,EN,Federal Contract Tower,15,19,28,2,64,0,0,182,4,186,15,19,210,6,250,251,2,253,503
08/25/2018,TTN,NJ,AEA,EN,Federal Contract Tower,14,11,17,0,42,0,0,138,0,138,14,11,155,0,180,116,0,116,296
08/26/2018,TTN,NJ,AEA,EN,Federal Contract Tower,15,14,24,0,53,0,0,133,0,133,15,14,157,0,186,53,0,53,239
08/27/2018,TTN,NJ,AEA,EN,Federal Contract Tower,16,13,29,0,58,0,0,137,4,141,16,13,166,4,199,152,0,152,351
08/28/2018,TTN,NJ,AEA,EN,Federal Contract Tower,14,15,39,2,70,0,2,174,0,176,14,17,213,2,246,210,0,210,456
08/29/2018,TTN,NJ,AEA,EN,Federal Contract Tower,15,11,32,2,60,0,0,172,0,172,15,11,204,2,232,272,4,276,508
08/30/2018,TTN,NJ,AEA,EN,Federal Contract Tower,15,15,34,4,68,0,0,165,2,167,15,15,199,6,235,211,0,211,446
08/31/2018,TTN,NJ,AEA,EN,Federal Contract Tower,15,16,41,2,74,0,0,31,0,31,15,16,72,2,105,0,0,0,105
09/01/2018,TTN,NJ,AEA,EN,Federal Contract Tower,13,11,34,0,58,0,1,79,0,80,13,12,113,0,138,78,0,78,216
09/02/2018,TTN,NJ,AEA,EN,Federal Contract Tower,14,12,11,0,37,0,1,43,0,44,14,13,54,0,81,17,0,17,98
09/03/2018,TTN,NJ,AEA,EN,Federal Contract Tower,15,10,25,0,50,0,0,70,0,70,15,10,95,0,120,110,0,110,230
09/04/2018,TTN,NJ,AEA,EN,Federal Contract Tower,18,15,35,1,69,0,0,121,0,121,18,15,156,1,190,231,4,235,425
09/05/2018,TTN,NJ,AEA,EN,Federal Contract Tower,14,12,36,0,62,0,0,117,0,117,14,12,153,0,179,207,0,207,386
09/06/2018,TTN,NJ,AEA,EN,Federal Contract Tower,15,10,60,0,85,0,0,160,0,160,15,10,220,0,245,174,0,174,419
09/07/2018,TTN,NJ,AEA,EN,Federal Contract Tower,12,8,56,0,76,0,0,59,0,59,12,8,115,0,135,66,0,66,201
09/08/2018,TTN,NJ,AEA,EN,Federal Contract Tower,16,9,33,1,59,0,0,60,0,60,16,9,93,1,119,85,0,85,204
09/09/2018,TTN,NJ,AEA,EN,Federal Contract Tower,15,7,41,0,63,0,0,19,0,19,15,7,60,0,82,14,0,14,96
09/10/2018,TTN,NJ,AEA,EN,Federal Contract Tower,14,4,15,1,34,0,0,1,0,1,14,4,16,1,35,0,0,0,35
09/11/2018,TTN,NJ,AEA,EN,Federal Contract Tower,17,16,61,3,97,0,0,0,0,0,17,16,61,3,97,0,0,0,97
09/12/2018,TTN,NJ,AEA,EN,Federal Contract Tower,11,16,40,0,67,0,0,34,0,34,11,16,74,0,101,12,0,12,113
09/13/2018,TTN,NJ,AEA,EN,Federal Contract Tower,14,16,47,0,77,0,0,18,0,18,14,16,65,0,95,8,0,8,103
09/14/2018,TTN,NJ,AEA,EN,Federal Contract Tower,11,17,55,0,83,0,0,53,0,53,11,17,108,0,136,40,0,40,176
09/15/2018,TTN,NJ,AEA,EN,Federal Contract Tower,10,7,29,0,46,0,0,123,0,123,10,7,152,0,169,118,0,118,287
09/16/2018,TTN,NJ,AEA,EN,Federal Contract Tower,17,17,24,0,58,0,5,135,0,140,17,22,159,0,198,133,0,133,331
09/17/2018,TTN,NJ,AEA,EN,Federal Contract Tower,15,8,28,0,51,0,0,25,0,25,15,8,53,0,76,18,0,18,94
09/18/2018,TTN,NJ,AEA,EN,Federal Contract Tower,11,5,27,0,43,0,0,40,0,40,11,5,67,0,83,36,0,36,119
09/19/2018,TTN,NJ,AEA,EN,Federal Contract Tower,15,13,26,0,54,0,0,165,4,169,15,13,191,4,223,218,0,218,441
09/20/2018,TTN,NJ,AEA,EN,Federal Contract Tower,14,15,62,2,93,0,0,110,0,110,14,15,172,2,203,172,0,172,375
09/21/2018,TTN,NJ,AEA,EN,Federal Contract Tower,13,7,29,0,49,0,2,178,0,180,13,9,207,0,229,185,0,185,414
09/22/2018,TTN,NJ,AEA,EN,Federal Contract Tower,15,9,33,0,57,0,0,92,0,92,15,9,125,0,149,0,0,0,149
09/23/2018,TTN,NJ,AEA,EN,Federal Contract Tower,16,5,30,0,51,0,0,32,0,32,16,5,62,0,83,8,0,8,91
09/24/2018,TTN,NJ,AEA,EN,Federal Contract Tower,13,16,31,0,60,0,0,66,0,66,13,16,97,0,126,124,0,124,250
09/25/2018,TTN,NJ,AEA,EN,Federal Contract Tower,15,14,19,9,57,0,0,0,0,0,15,14,19,9,57,0,0,0,57
09/26/2018,TTN,NJ,AEA,EN,Federal Contract Tower,18,9,32,1,60,0,0,80,0,80,18,9,112,1,140,140,0,140,280
09/27/2018,TTN,NJ,AEA,EN,Federal Contract Tower,14,14,40,1,69,0,2,226,0,228,14,16,266,1,297,310,0,310,607
09/28/2018,TTN,NJ,AEA,EN,Federal Contract Tower,14,14,32,2,62,0,0,32,0,32,14,14,64,2,94,23,0,23,117
09/29/2018,TTN,NJ,AEA,EN,Federal Contract Tower,15,10,31,0,56,0,0,181,0,181,15,10,212,0,237,212,0,212,449
09/30/2018,TTN,NJ,AEA,EN,Federal Contract Tower,20,16,28,2,66,0,0,116,0,116,20,16,144,2,182,166,0,166,348
10/01/2018,TTN,NJ,AEA,EN,Federal Contract Tower,14,14,35,0,63,0,0,160,0,160,14,14,195,0,223,232,2,234,457
10/02/2018,TTN,NJ,AEA,EN,Federal Contract Tower,15,16,43,2,76,0,0,102,2,104,15,16,145,4,180,167,0,167,347
10/03/2018,TTN,NJ,AEA,EN,Federal Contract Tower,14,13,32,4,63,0,0,252,0,252,14,13,284,4,315,264,0,264,579
10/04/2018,TTN,NJ,AEA,EN,Federal Contract Tower,13,12,52,1,78,0,0,128,0,128,13,12,180,1,206,187,0,187,393
10/05/2018,TTN,NJ,AEA,EN,Federal Contract Tower,16,19,34,0,69,0,2,235,0,237,16,21,269,0,306,166,0,166,472
10/06/2018,TTN,NJ,AEA,EN,Federal Contract Tower,15,14,46,0,75,0,0,3,0,3,15,14,49,0,78,0,0,0,78
10/07/2018,TTN,NJ,AEA,EN,Federal Contract Tower,13,15,32,0,60,0,0,64,0,64,13,15,96,0,124,60,0,60,184
10/08/2018,TTN,NJ,AEA,EN,Federal Contract Tower,12,16,30,0,58,0,0,0,0,0,12,16,30,0,58,0,0,0,58
10/09/2018,TTN,NJ,AEA,EN,Federal Contract Tower,11,19,47,1,78,0,0,149,0,149,11,19,196,1,227,212,0,212,439
10/10/2018,TTN,NJ,AEA,EN,Federal Contract Tower,19,18,46,1,84,0,0,182,0,182,19,18,228,1,266,142,0,142,408
10/11/2018,TTN,NJ,AEA,EN,Federal Contract Tower,19,19,43,1,82,0,0,7,0,7,19,19,50,1,89,8,0,8,97
10/12/2018,TTN,NJ,AEA,EN,Federal Contract Tower,16,13,40,3,72,0,0,168,10,178,16,13,208,13,250,32,0,32,282
10/13/2018,TTN,NJ,AEA,EN,Federal Contract Tower,15,22,25,0,62,0,0,102,0,102,15,22,127,0,164,91,0,91,255
10/14/2018,TTN,NJ,AEA,EN,Federal Contract Tower,14,20,40,0,74,0,0,176,0,176,14,20,216,0,250,190,0,190,440
10/15/2018,TTN,NJ,AEA,EN,Federal Contract Tower,14,7,53,4,78,0,0,24,0,24,14,7,77,4,102,25,0,25,127
10/16/2018,TTN,NJ,AEA,EN,Federal Contract Tower,16,12,32,1,61,0,4,174,0,178,16,16,206,1,239,170,0,170,409
10/17/2018,TTN,NJ,AEA,EN,Federal Contract Tower,16,5,25,2,48,0,0,148,4,152,16,5,173,6,200,112,12,124,324
10/18/2018,TTN,NJ,AEA,EN,Federal Contract Tower,16,17,48,2,83,0,2,212,0,214,16,19,260,2,297,172,0,172,469
10/19/2018,TTN,NJ,AEA,EN,Federal Contract Tower,16,5,52,1,74,0,2,171,0,173,16,7,223,1,247,155,0,155,402
10/20/2018,TTN,NJ,AEA,EN,Federal Contract Tower,13,9,33,0,55,0,0,73,0,73,13,9,106,0,128,68,0,68,196
10/21/2018,TTN,NJ,AEA,EN,Federal Contract Tower,16,15,13,0,44,0,0,50,0,50,16,15,63,0,94,44,0,44,138
10/23/2018,TTN,NJ,AEA,EN,Federal Contract Tower,16,9,29,1,55,0,4,198,0,202,16,13,227,1,257,211,0,211,468
10/24/2018,TTN,NJ,AEA,EN,Federal Contract Tower,14,23,28,0,65,0,4,142,2,148,14,27,170,2,213,125,0,125,338
10/25/2018,TTN,NJ,AEA,EN,Federal Contract Tower,16,19,31,4,70,0,3,193,3,199,16,22,224,7,269,258,0,258,527
10/26/2018,TTN,NJ,AEA,EN,Federal Contract Tower,16,21,34,1,72,0,0,182,0,182,16,21,216,1,254,192,0,192,446
10/27/2018,TTN,NJ,AEA,EN,Federal Contract Tower,11,5,16,0,32,0,0,0,0,0,11,5,16,0,32,0,0,0,32
10/28/2018,TTN,NJ,AEA,EN,Federal Contract Tower,16,10,34,0,60,0,0,70,0,70,16,10,104,0,130,73,0,73,203
10/30/2018,TTN,NJ,AEA,EN,Federal Contract Tower,13,13,14,0,40,0,0,151,2,153,13,13,165,2,193,166,0,166,359
10/31/2018,TTN,NJ,AEA,EN,Federal Contract Tower,15,12,28,0,55,0,0,188,0,188,15,12,216,0,243,216,0,216,459
11/01/2018,TTN,NJ,AEA,EN,Federal Contract Tower,14,10,32,2,58,0,0,240,2,242,14,10,272,4,300,316,0,316,616
11/02/2018,TTN,NJ,AEA,EN,Federal Contract Tower,15,10,24,0,49,0,0,50,8,58,15,10,74,8,107,68,0,68,175
11/03/2018,TTN,NJ,AEA,EN,Federal Contract Tower,17,8,19,1,45,0,0,34,0,34,17,8,53,1,79,19,0,19,98
11/04/2018,TTN,NJ,AEA,EN,Federal Contract Tower,16,6,29,0,51,0,0,192,4,196,16,6,221,4,247,208,0,208,455
11/05/2018,TTN,NJ,AEA,EN,Federal Contract Tower,14,10,27,0,51,0,0,5,0,5,14,10,32,0,56,8,0,8,64
11/06/2018,TTN,NJ,AEA,EN,Federal Contract Tower,16,12,17,0,45,0,0,5,0,5,16,12,22,0,50,0,0,0,50
11/07/2018,TTN,NJ,AEA,EN,Federal Contract Tower,16,15,44,0,75,0,0,278,6,284,16,15,322,6,359,274,0,274,633
11/08/2018,TTN,NJ,AEA,EN,Federal Contract Tower,15,19,43,2,79,0,0,232,0,232,15,19,275,2,311,260,0,260,571
11/10/2018,TTN,NJ,AEA,EN,Federal Contract Tower,15,9,31,0,55,0,0,45,0,45,15,9,76,0,100,86,0,86,186
11/11/2018,TTN,NJ,AEA,EN,Federal Contract Tower,16,31,23,0,70,0,0,147,0,147,16,31,170,0,217,210,0,210,427
11/12/2018,TTN,NJ,AEA,EN,Federal Contract Tower,14,13,30,0,57,0,0,175,0,175,14,13,205,0,232,195,0,195,427
11/13/2018,TTN,NJ,AEA,EN,Federal Contract Tower,16,17,29,0,62,0,0,77,0,77,16,17,106,0,139,68,0,68,207
11/14/2018,TTN,NJ,AEA,EN,Federal Contract Tower,16,14,39,3,72,0,0,262,4,266,16,14,301,7,338,298,0,298,636
11/15/2018,TTN,NJ,AEA,EN,Federal Contract Tower,8,11,19,1,39,0,2,19,0,21,8,13,38,1,60,56,0,56,116
11/16/2018,TTN,NJ,AEA,EN,Federal Contract Tower,7,19,38,0,64,0,0,115,4,119,7,19,153,4,183,128,0,128,311
11/17/2018,TTN,NJ,AEA,EN,Federal Contract Tower,11,18,27,0,56,0,0,223,0,223,11,18,250,0,279,229,0,229,508
11/18/2018,TTN,NJ,AEA,EN,Federal Contract Tower,15,10,19,1,45,0,0,139,0,139,15,10,158,1,184,222,0,222,406
11/19/2018,TTN,NJ,AEA,EN,Federal Contract Tower,15,9,31,0,55,0,0,69,0,69,15,9,100,0,124,177,2,179,303
11/20/2018,TTN,NJ,AEA,EN,Federal Contract Tower,12,21,49,2,84,0,0,201,0,201,12,21,250,2,285,216,0,216,501
11/21/2018,TTN,NJ,AEA,EN,Federal Contract Tower,9,13,36,0,58,0,0,147,0,147,9,13,183,0,205,161,0,161,366
11/22/2018,TTN,NJ,AEA,EN,Federal Contract Tower,12,6,4,0,22,0,1,21,0,22,12,7,25,0,44,26,0,26,70
11/23/2018,TTN,NJ,AEA,EN,Federal Contract Tower,11,7,12,0,30,0,0,193,0,193,11,7,205,0,223,199,0,199,422
11/24/2018,TTN,NJ,AEA,EN,Federal Contract Tower,10,13,16,0,39,0,0,26,0,26,10,13,42,0,65,34,0,34,99
11/25/2018,TTN,NJ,AEA,EN,Federal Contract Tower,9,32,39,0,80,0,0,186,0,186,9,32,225,0,266,275,0,275,541
11/26/2018,TTN,NJ,AEA,EN,Federal Contract Tower,10,9,31,2,52,0,0,26,0,26,10,9,57,2,78,22,4,26,104
11/27/2018,TTN,NJ,AEA,EN,Federal Contract Tower,13,22,57,0,92,0,0,109,2,111,13,22,166,2,203,74,6,80,283
11/28/2018,TTN,NJ,AEA,EN,Federal Contract Tower,12,9,18,1,40,0,0,53,2,55,12,9,71,3,95,6,0,6,101
11/29/2018,TTN,NJ,AEA,EN,Federal Contract Tower,15,12,49,0,76,0,0,184,0,184,15,12,233,0,260,16,0,16,276
11/30/2018,TTN,NJ,AEA,EN,Federal Contract Tower,11,7,34,0,52,0,0,197,0,197,11,7,231,0,249,78,0,78,327
12/01/2018,TTN,NJ,AEA,EN,Federal Contract Tower,11,6,36,0,53,0,0,85,0,85,11,6,121,0,138,66,0,66,204
12/02/2018,TTN,NJ,AEA,EN,Federal Contract Tower,12,5,26,0,43,0,0,0,0,0,12,5,26,0,43,0,0,0,43
12/03/2018,TTN,NJ,AEA,EN,Federal Contract Tower,11,4,38,2,55,0,0,120,2,122,11,4,158,4,177,26,0,26,203
12/04/2018,TTN,NJ,AEA,EN,Federal Contract Tower,12,9,40,2,63,0,0,170,0,170,12,9,210,2,233,26,0,26,259
12/05/2018,TTN,NJ,AEA,EN,Federal Contract Tower,11,12,48,0,71,0,0,201,0,201,11,12,249,0,272,230,0,230,502
12/06/2018,TTN,NJ,AEA,EN,Federal Contract Tower,13,9,34,0,56,0,0,222,2,224,13,9,256,2,280,211,2,213,493
12/07/2018,TTN,NJ,AEA,EN,Federal Contract Tower,13,8,27,0,48,0,0,162,0,162,13,8,189,0,210,179,0,179,389
12/08/2018,TTN,NJ,AEA,EN,Federal Contract Tower,13,7,27,0,47,0,0,102,0,102,13,7,129,0,149,90,0,90,239
12/09/2018,TTN,NJ,AEA,EN,Federal Contract Tower,13,13,18,0,44,0,0,100,0,100,13,13,118,0,144,159,0,159,303
12/10/2018,TTN,NJ,AEA,EN,Federal Contract Tower,13,9,39,1,62,0,0,121,1,122,13,9,160,2,184,207,0,207,391
12/11/2018,TTN,NJ,AEA,EN,Federal Contract Tower,13,7,39,1,60,0,0,149,4,153,13,7,188,5,213,210,2,212,425
12/12/2018,TTN,NJ,AEA,EN,Federal Contract Tower,11,16,40,0,67,0,1,182,0,183,11,17,222,0,250,237,0,237,487
12/13/2018,TTN,NJ,AEA,EN,Federal Contract Tower,13,13,19,0,45,0,0,86,0,86,13,13,105,0,131,196,0,196,327
12/14/2018,TTN,NJ,AEA,EN,Federal Contract Tower,11,15,40,3,69,0,0,40,0,40,11,15,80,3,109,24,0,24,133
12/15/2018,TTN,NJ,AEA,EN,Federal Contract Tower,13,5,13,0,31,0,0,1,0,1,13,5,14,0,32,0,0,0,32
12/16/2018,TTN,NJ,AEA,EN,Federal Contract Tower,11,11,14,0,36,0,0,1,0,1,11,11,15,0,37,0,0,0,37
12/17/2018,TTN,NJ,AEA,EN,Federal Contract Tower,13,5,27,2,47,0,0,95,0,95,13,5,122,2,142,84,0,84,226
12/18/2018,TTN,NJ,AEA,EN,Federal Contract Tower,13,13,38,0,64,0,0,81,0,81,13,13,119,0,145,62,0,62,207
12/19/2018,TTN,NJ,AEA,EN,Federal Contract Tower,11,8,31,0,50,0,0,161,2,163,11,8,192,2,213,278,0,278,491
12/20/2018,TTN,NJ,AEA,EN,Federal Contract Tower,11,13,41,0,65,0,0,61,1,62,11,13,102,1,127,98,0,98,225
12/21/2018,TTN,NJ,AEA,EN,Federal Contract Tower,11,20,29,0,60,0,0,0,0,0,11,20,29,0,60,0,0,0,60
12/22/2018,TTN,NJ,AEA,EN,Federal Contract Tower,13,5,21,0,39,0,0,25,0,25,13,5,46,0,64,34,0,34,98
12/23/2018,TTN,NJ,AEA,EN,Federal Contract Tower,13,6,17,0,36,0,0,129,2,131,13,6,146,2,167,83,0,83,250
12/24/2018,TTN,NJ,AEA,EN,Federal Contract Tower,12,6,4,0,22,0,0,17,0,17,12,6,21,0,39,17,0,17,56
12/25/2018,TTN,NJ,AEA,EN,Federal Contract Tower,16,11,11,0,38,0,0,37,0,37,16,11,48,0,75,44,0,44,119
12/26/2018,TTN,NJ,AEA,EN,Federal Contract Tower,11,20,28,0,59,0,1,149,2,152,11,21,177,2,211,203,0,203,414
12/27/2018,TTN,NJ,AEA,EN,Federal Contract Tower,13,11,22,3,49,0,0,163,0,163,13,11,185,3,212,96,0,96,308
12/28/2018,TTN,NJ,AEA,EN,Federal Contract Tower,11,15,12,0,38,0,0,0,0,0,11,15,12,0,38,0,0,0,38
12/29/2018,TTN,NJ,AEA,EN,Federal Contract Tower,13,10,16,0,39,0,0,65,0,65,13,10,81,0,104,48,0,48,152
12/30/2018,TTN,NJ,AEA,EN,Federal Contract Tower,12,6,11,0,29,0,0,96,0,96,12,6,107,0,125,101,0,101,226
12/31/2018,TTN,NJ,AEA,EN,Federal Contract Tower,11,7,13,0,31,0,0,20,0,20,11,7,33,0,51,70,0,70,121
01/01/2019,TTN,NJ,AEA,EN,Federal Contract Tower,12,7,21,0,40,0,0,6,0,6,12,7,27,0,46,20,0,20,66
01/02/2019,TTN,NJ,AEA,EN,Federal Contract Tower,11,12,32,2,57,0,0,188,0,188,11,12,220,2,245,190,0,190,435
01/03/2019,TTN,NJ,AEA,EN,Federal Contract Tower,11,7,15,0,33,0,0,79,2,81,11,7,94,2,114,91,0,91,205
01/04/2019,TTN,NJ,AEA,EN,Federal Contract Tower,11,12,31,0,54,0,0,113,0,113,11,12,144,0,167,132,0,132,299
01/05/2019,TTN,NJ,AEA,EN,Federal Contract Tower,13,14,9,0,36,0,0,5,0,5,13,14,14,0,41,0,0,0,41
01/06/2019,TTN,NJ,AEA,EN,Federal Contract Tower,13,8,18,0,39,0,0,65,0,65,13,8,83,0,104,76,0,76,180
01/07/2019,TTN,NJ,AEA,EN,Federal Contract Tower,11,7,24,0,42,0,0,95,0,95,11,7,119,0,137,90,0,90,227
01/08/2019,TTN,NJ,AEA,EN,Federal Contract Tower,13,6,23,1,43,0,0,0,0,0,13,6,23,1,43,0,0,0,43
01/09/2019,TTN,NJ,AEA,EN,Federal Contract Tower,11,7,16,0,34,0,0,78,0,78,11,7,94,0,112,39,0,39,151
01/10/2019,TTN,NJ,AEA,EN,Federal Contract Tower,13,10,27,0,50,0,0,67,0,67,13,10,94,0,117,0,0,0,117
01/11/2019,TTN,NJ,AEA,EN,Federal Contract Tower,14,14,21,0,49,0,0,160,0,160,14,14,181,0,209,132,0,132,341
01/12/2019,TTN,NJ,AEA,EN,Federal Contract Tower,13,7,16,0,36,0,0,176,0,176,13,7,192,0,212,177,0,177,389
01/13/2019,TTN,NJ,AEA,EN,Federal Contract Tower,13,8,16,0,37,0,0,46,0,46,13,8,62,0,83,37,0,37,120
01/14/2019,TTN,NJ,AEA,EN,Federal Contract Tower,13,8,35,0,56,0,0,131,2,133,13,8,166,2,189,194,0,194,383
01/15/2019,TTN,NJ,AEA,EN,Federal Contract Tower,13,9,45,0,67,0,0,173,0,173,13,9,218,0,240,207,0,207,447
01/16/2019,TTN,NJ,AEA,EN,Federal Contract Tower,11,8,42,2,63,0,0,236,0,236,11,8,278,2,299,196,0,196,495
01/17/2019,TTN,NJ,AEA,EN,Federal Contract Tower,13,12,41,0,66,0,0,217,2,219,13,12,258,2,285,236,0,236,521
01/18/2019,TTN,NJ,AEA,EN,Federal Contract Tower,12,14,35,0,61,0,0,0,0,0,12,14,35,0,61,0,0,0,61
01/19/2019,TTN,NJ,AEA,EN,Federal Contract Tower,13,13,19,0,45,0,0,65,0,65,13,13,84,0,110,70,0,70,180
01/20/2019,TTN,NJ,AEA,EN,Federal Contract Tower,13,6,13,0,32,0,0,4,0,4,13,6,17,0,36,0,0,0,36
01/21/2019,TTN,NJ,AEA,EN,Federal Contract Tower,13,9,13,0,35,0,0,14,0,14,13,9,27,0,49,0,0,0,49
01/22/2019,TTN,NJ,AEA,EN,Federal Contract Tower,13,10,40,0,63,0,0,174,4,178,13,10,214,4,241,194,0,194,435
01/23/2019,TTN,NJ,AEA,EN,Federal Contract Tower,10,10,29,0,49,0,0,91,1,92,10,10,120,1,141,127,0,127,268
01/24/2019,TTN,NJ,AEA,EN,Federal Contract Tower,11,5,27,2,45,0,0,6,0,6,11,5,33,2,51,0,0,0,51
01/25/2019,TTN,NJ,AEA,EN,Federal Contract Tower,10,12,32,3,57,0,0,180,4,184,10,12,212,7,241,142,2,144,385
01/26/2019,TTN,NJ,AEA,EN,Federal Contract Tower,14,6,22,0,42,0,0,224,0,224,14,6,246,0,266,218,0,218,484
01/27/2019,TTN,NJ,AEA,EN,Federal Contract Tower,11,11,16,0,38,0,0,126,0,126,11,11,142,0,164,95,0,95,259
01/28/2019,TTN,NJ,AEA,EN,Federal Contract Tower,10,10,39,0,59,0,0,156,0,156,10,10,195,0,215,98,0,98,313
01/29/2019,TTN,NJ,AEA,EN,Federal Contract Tower,13,8,10,2,33,0,0,18,0,18,13,8,28,2,51,29,0,29,80
01/30/2019,TTN,NJ,AEA,EN,Federal Contract Tower,10,9,10,0,29,0,0,49,3,52,10,9,59,3,81,31,0,31,112
01/31/2019,TTN,NJ,AEA,EN,Federal Contract Tower,9,13,36,2,60,0,0,170,0,170,9,13,206,2,230,162,0,162,392
02/01/2019,TTN,NJ,AEA,EN,Federal Contract Tower,10,13,16,0,39,0,0,47,0,47,10,13,63,0,86,74,0,74,160
02/02/2019,TTN,NJ,AEA,EN,Federal Contract Tower,13,8,26,0,47,0,0,142,6,148,13,8,168,6,195,220,0,220,415
02/03/2019,TTN,NJ,AEA,EN,Federal Contract Tower,12,12,19,0,43,0,0,141,0,141,12,12,160,0,184,166,0,166,350
02/04/2019,TTN,NJ,AEA,EN,Federal Contract Tower,12,8,37,0,57,0,0,149,0,149,12,8,186,0,206,148,0,148,354
02/05/2019,TTN,NJ,AEA,EN,Federal Contract Tower,13,7,40,1,61,0,0,177,0,177,13,7,217,1,238,172,0,172,410
02/06/2019,TTN,NJ,AEA,EN,Federal Contract Tower,11,17,35,0,63,0,0,166,2,168,11,17,201,2,231,179,0,179,410
02/07/2019,TTN,NJ,AEA,EN,Federal Contract Tower,13,7,50,0,70,0,0,1,0,1,13,7,51,0,71,0,0,0,71
02/08/2019,TTN,NJ,AEA,EN,Federal Contract Tower,12,5,39,1,57,0,0,56,0,56,12,5,95,1,113,3,0,3,116
02/09/2019,TTN,NJ,AEA,EN,Federal Contract Tower,15,4,27,0,46,0,0,91,0,91,15,4,118,0,137,62,0,62,199
02/10/2019,TTN,NJ,AEA,EN,Federal Contract Tower,10,13,40,0,63,0,0,153,0,153,10,13,193,0,216,200,0,200,416
02/12/2019,TTN,NJ,AEA,EN,Federal Contract Tower,10,7,14,0,31,0,0,0,0,0,10,7,14,0,31,0,0,0,31
02/13/2019,TTN,NJ,AEA,EN,Federal Contract Tower,14,8,46,1,69,0,0,118,2,120,14,8,164,3,189,88,0,88,277
02/14/2019,TTN,NJ,AEA,EN,Federal Contract Tower,13,11,57,2,83,0,0,231,0,231,13,11,288,2,314,279,0,279,593
02/15/2019,TTN,NJ,AEA,EN,Federal Contract Tower,14,8,36,0,58,0,0,136,0,136,14,8,172,0,194,191,0,191,385
02/16/2019,TTN,NJ,AEA,EN,Federal Contract Tower,13,8,29,0,50,0,0,164,0,164,13,8,193,0,214,158,0,158,372
02/17/2019,TTN,NJ,AEA,EN,Federal Contract Tower,11,8,22,0,41,0,0,106,0,106,11,8,128,0,147,137,0,137,284
02/18/2019,TTN,NJ,AEA,EN,Federal Contract Tower,11,7,32,0,50,0,0,46,4,50,11,7,78,4,100,41,0,41,141
02/19/2019,TTN,NJ,AEA,EN,Federal Contract Tower,13,16,41,0,70,0,0,179,1,180,13,16,220,1,250,202,0,202,452
02/20/2019,TTN,NJ,AEA,EN,Federal Contract Tower,10,4,10,2,26,0,0,0,0,0,10,4,10,2,26,0,0,0,26
02/21/2019,TTN,NJ,AEA,EN,Federal Contract Tower,11,10,43,1,65,0,0,110,0,110,11,10,153,1,175,111,0,111,286
02/22/2019,TTN,NJ,AEA,EN,Federal Contract Tower,10,11,32,1,54,0,0,147,2,149,10,11,179,3,203,202,0,202,405
02/24/2019,TTN,NJ,AEA,EN,Federal Contract Tower,14,11,25,0,50,0,0,2,0,2,14,11,27,0,52,0,0,0,52
02/25/2019,TTN,NJ,AEA,EN,Federal Contract Tower,11,2,15,0,28,0,0,11,0,11,11,2,26,0,39,0,0,0,39
02/26/2019,TTN,NJ,AEA,EN,Federal Contract Tower,11,8,33,2,54,0,0,127,4,131,11,8,160,6,185,136,0,136,321
02/27/2019,TTN,NJ,AEA,EN,Federal Contract Tower,10,9,21,0,40,0,0,163,2,165,10,9,184,2,205,113,0,113,318
02/28/2019,TTN,NJ,AEA,EN,Federal Contract Tower,14,15,75,0,104,0,0,217,0,217,14,15,292,0,321,274,0,274,595
03/01/2019,TTN,NJ,AEA,EN,Federal Contract Tower,11,5,20,0,36,0,0,22,0,22,11,5,42,0,58,0,0,0,58
03/02/2019,TTN,NJ,AEA,EN,Federal Contract Tower,13,6,9,0,28,0,0,36,0,36,13,6,45,0,64,40,0,40,104
03/03/2019,TTN,NJ,AEA,EN,Federal Contract Tower,13,10,23,0,46,0,0,100,0,100,13,10,123,0,146,156,0,156,302
03/04/2019,TTN,NJ,AEA,EN,Federal Contract Tower,10,9,37,0,56,0,4,96,0,100,10,13,133,0,156,165,0,165,321
03/05/2019,TTN,NJ,AEA,EN,Federal Contract Tower,13,12,43,0,68,0,0,192,0,192,13,12,235,0,260,240,0,240,500
03/06/2019,TTN,NJ,AEA,EN,Federal Contract Tower,11,5,37,0,53,0,2,132,6,140,11,7,169,6,193,168,0,168,361
03/08/2019,TTN,NJ,AEA,EN,Federal Contract Tower,10,24,37,0,71,0,0,144,2,146,10,24,181,2,217,155,0,155,372
03/09/2019,TTN,NJ,AEA,EN,Federal Contract Tower,12,10,24,0,46,0,0,210,0,210,12,10,234,0,256,253,0,253,509
03/10/2019,TTN,NJ,AEA,EN,Federal Contract Tower,16,5,29,0,50,0,0,0,0,0,16,5,29,0,50,0,0,0,50
03/11/2019,TTN,NJ,AEA,EN,Federal Contract Tower,11,14,30,0,55,0,0,137,0,137,11,14,167,0,192,223,0,223,415
03/12/2019,TTN,NJ,AEA,EN,Federal Contract Tower,13,12,20,0,45,0,0,161,0,161,13,12,181,0,206,253,0,253,459
03/13/2019,TTN,NJ,AEA,EN,Federal Contract Tower,12,12,32,0,56,0,0,200,0,200,12,12,232,0,256,292,0,292,548
03/14/2019,TTN,NJ,AEA,EN,Federal Contract Tower,14,8,34,0,56,0,0,227,0,227,14,8,261,0,283,201,0,201,484
03/15/2019,TTN,NJ,AEA,EN,Federal Contract Tower,11,24,28,0,63,0,0,33,0,33,11,24,61,0,96,12,0,12,108
03/16/2019,TTN,NJ,AEA,EN,Federal Contract Tower,15,10,16,0,41,0,0,55,0,55,15,10,71,0,96,61,0,61,157
03/17/2019,TTN,NJ,AEA,EN,Federal Contract Tower,13,12,20,0,45,0,0,135,0,135,13,12,155,0,180,112,0,112,292
03/18/2019,TTN,NJ,AEA,EN,Federal Contract Tower,11,11,21,0,43,0,0,182,2,184,11,11,203,2,227,184,0,184,411
03/19/2019,TTN,NJ,AEA,EN,Federal Contract Tower,13,5,23,0,41,0,1,189,0,190,13,6,212,0,231,198,0,198,429
03/20/2019,TTN,NJ,AEA,EN,Federal Contract Tower,11,9,48,0,68,0,0,229,2,231,11,9,277,2,299,258,0,258,557
03/21/2019,TTN,NJ,AEA,EN,Federal Contract Tower,13,8,31,0,52,0,0,0,0,0,13,8,31,0,52,0,0,0,52
03/22/2019,TTN,NJ,AEA,EN,Federal Contract Tower,12,15,16,0,43,0,0,50,0,50,12,15,66,0,93,26,0,26,119
03/24/2019,TTN,NJ,AEA,EN,Federal Contract Tower,12,16,37,0,65,0,1,146,0,147,12,17,183,0,212,155,0,155,367
03/25/2019,TTN,NJ,AEA,EN,Federal Contract Tower,11,6,26,3,46,0,0,121,0,121,11,6,147,3,167,150,0,150,317
03/26/2019,TTN,NJ,AEA,EN,Federal Contract Tower,12,9,36,0,57,0,0,192,0,192,12,9,228,0,249,264,0,264,513
03/27/2019,TTN,NJ,AEA,EN,Federal Contract Tower,9,11,36,0,56,0,0,240,0,240,9,11,276,0,296,336,0,336,632
03/28/2019,TTN,NJ,AEA,EN,Federal Contract Tower,14,13,27,0,54,0,0,164,0,164,14,13,191,0,218,300,0,300,518
03/29/2019,TTN,NJ,AEA,EN,Federal Contract Tower,11,6,30,0,47,0,0,181,0,181,11,6,211,0,228,320,0,320,548
03/30/2019,TTN,NJ,AEA,EN,Federal Contract Tower,13,8,26,0,47,0,0,175,0,175,13,8,201,0,222,58,0,58,280
03/31/2019,TTN,NJ,AEA,EN,Federal Contract Tower,12,9,13,0,34,0,0,26,0,26,12,9,39,0,60,14,0,14,74
04/01/2019,TTN,NJ,AEA,EN,Federal Contract Tower,9,8,24,0,41,0,0,113,0,113,9,8,137,0,154,210,0,210,364
04/02/2019,TTN,NJ,AEA,EN,Federal Contract Tower,15,5,34,0,54,0,0,200,0,200,15,5,234,0,254,326,0,326,580
04/03/2019,TTN,NJ,AEA,EN,Federal Contract Tower,10,9,26,1,46,0,0,80,0,80,10,9,106,1,126,51,0,51,177
04/04/2019,TTN,NJ,AEA,EN,Federal Contract Tower,16,7,33,0,56,0,0,174,4,178,16,7,207,4,234,291,0,291,525
04/05/2019,TTN,NJ,AEA,EN,Federal Contract Tower,11,8,12,0,31,0,0,27,0,27,11,8,39,0,58,50,0,50,108
04/06/2019,TTN,NJ,AEA,EN,Federal Contract Tower,15,8,23,0,46,0,0,135,0,135,15,8,158,0,181,229,0,229,410
04/07/2019,TTN,NJ,AEA,EN,Federal Contract Tower,15,12,20,0,47,0,0,160,4,164,15,12,180,4,211,200,0,200,411
04/08/2019,TTN,NJ,AEA,EN,Federal Contract Tower,13,6,38,0,57,0,0,97,0,97,13,6,135,0,154,76,0,76,230
04/09/2019,TTN,NJ,AEA,EN,Federal Contract Tower,13,7,44,2,66,0,0,110,0,110,13,7,154,2,176,105,0,105,281
04/10/2019,TTN,NJ,AEA,EN,Federal Contract Tower,11,11,32,2,56,0,0,210,2,212,11,11,242,4,268,189,0,189,457
04/12/2019,TTN,NJ,AEA,EN,Federal Contract Tower,9,11,40,0,60,0,0,76,0,76,9,11,116,0,136,81,0,81,217
04/13/2019,TTN,NJ,AEA,EN,Federal Contract Tower,13,10,23,2,48,0,0,112,0,112,13,10,135,2,160,129,0,129,289
04/14/2019,TTN,NJ,AEA,EN,Federal Contract Tower,15,10,29,0,54,0,0,13,0,13,15,10,42,0,67,19,0,19,86
04/15/2019,TTN,NJ,AEA,EN,Federal Contract Tower,12,9,23,1,45,0,0,24,0,24,12,9,47,1,69,0,0,0,69
04/16/2019,TTN,NJ,AEA,EN,Federal Contract Tower,13,15,28,3,59,0,0,147,0,147,13,15,175,3,206,92,12,104,310
04/17/2019,TTN,NJ,AEA,EN,Federal Contract Tower,13,12,50,2,77,0,0,181,4,185,13,12,231,6,262,229,0,229,491
04/18/2019,TTN,NJ,AEA,EN,Federal Contract Tower,14,19,53,2,88,0,0,112,0,112,14,19,165,2,200,121,0,121,321
04/19/2019,TTN,NJ,AEA,EN,Federal Contract Tower,7,5,35,0,47,0,0,21,4,25,7,5,56,4,72,44,0,44,116
04/20/2019,TTN,NJ,AEA,EN,Federal Contract Tower,12,2,33,0,47,0,0,26,4,30,12,2,59,4,77,8,0,8,85
04/21/2019,TTN,NJ,AEA,EN,Federal Contract Tower,13,9,38,0,60,0,0,44,0,44,13,9,82,0,104,102,0,102,206
04/22/2019,TTN,NJ,AEA,EN,Federal Contract Tower,6,17,37,2,62,0,0,113,0,113,6,17,150,2,175,185,0,185,360
04/23/2019,TTN,NJ,AEA,EN,Federal Contract Tower,17,5,31,4,57,0,0,200,3,203,17,5,231,7,260,327,12,339,599
04/24/2019,TTN,NJ,AEA,EN,Federal Contract Tower,13,8,39,2,62,0,3,198,6,207,13,11,237,8,269,177,2,179,448
04/25/2019,TTN,NJ,AEA,EN,Federal Contract Tower,13,13,38,1,65,0,0,207,0,207,13,13,245,1,272,257,0,257,529
04/26/2019,TTN,NJ,AEA,EN,Federal Contract Tower,11,15,10,2,38,0,0,6,0,6,11,15,16,2,44,4,0,4,48
04/27/2019,TTN,NJ,AEA,EN,Federal Contract Tower,13,13,17,1,44,0,0,30,3,33,13,13,47,4,77,2,0,2,79
04/28/2019,TTN,NJ,AEA,EN,Federal Contract Tower,12,12,31,0,55,0,0,99,0,99,12,12,130,0,154,134,0,134,288
04/29/2019,TTN,NJ,AEA,EN,Federal Contract Tower,12,10,29,3,54,0,0,148,3,151,12,10,177,6,205,318,0,318,523
04/30/2019,TTN,NJ,AEA,EN,Federal Contract Tower,16,17,48,4,85,0,0,125,0,125,16,17,173,4,210,219,0,219,429
05/01/2019,TTN,NJ,AEA,EN,Federal Contract Tower,17,24,48,0,89,0,0,90,0,90,17,24,138,0,179,189,0,189,368
05/02/2019,TTN,NJ,AEA,EN,Federal Contract Tower,9,21,37,6,73,0,4,116,0,120,9,25,153,6,193,140,0,140,333
05/03/2019,TTN,NJ,AEA,EN,Federal Contract Tower,17,17,35,0,69,0,0,18,0,18,17,17,53,0,87,0,0,0,87
05/04/2019,TTN,NJ,AEA,EN,Federal Contract Tower,15,11,33,0,59,0,0,71,0,71,15,11,104,0,130,74,0,74,204
05/05/2019,TTN,NJ,AEA,EN,Federal Contract Tower,12,14,29,1,56,0,0,0,0,0,12,14,29,1,56,0,0,0,56
05/06/2019,TTN,NJ,AEA,EN,Federal Contract Tower,15,10,41,1,67,0,0,138,0,138,15,10,179,1,205,260,0,260,465
05/07/2019,TTN,NJ,AEA,EN,Federal Contract Tower,16,7,39,1,63,0,0,140,0,140,16,7,179,1,203,273,0,273,476
05/08/2019,TTN,NJ,AEA,EN,Federal Contract Tower,16,10,40,1,67,0,0,154,0,154,16,10,194,1,221,203,0,203,424
05/09/2019,TTN,NJ,AEA,EN,Federal Contract Tower,15,8,61,1,85,0,0,104,0,104,15,8,165,1,189,113,0,113,302
05/10/2019,TTN,NJ,AEA,EN,Federal Contract Tower,16,6,26,1,49,0,4,74,0,78,16,10,100,1,127,68,0,68,195
05/11/2019,TTN,NJ,AEA,EN,Federal Contract Tower,11,10,13,0,34,0,0,207,0,207,11,10,220,0,241,164,0,164,405
05/12/2019,TTN,NJ,AEA,EN,Federal Contract Tower,16,12,15,0,43,0,0,0,0,0,16,12,15,0,43,0,0,0,43
05/13/2019,TTN,NJ,AEA,EN,Federal Contract Tower,12,9,23,2,46,0,0,2,0,2,12,9,25,2,48,0,0,0,48
05/14/2019,TTN,NJ,AEA,EN,Federal Contract Tower,18,18,22,0,58,0,0,58,0,58,18,18,80,0,116,140,0,140,256
05/15/2019,TTN,NJ,AEA,EN,Federal Contract Tower,14,10,31,2,57,0,0,191,2,193,14,10,222,4,250,183,0,183,433
05/16/2019,TTN,NJ,AEA,EN,Federal Contract Tower,15,8,43,2,68,0,0,169,2,171,15,8,212,4,239,228,2,230,469
05/17/2019,TTN,NJ,AEA,EN,Federal Contract Tower,15,14,36,2,67,0,0,137,4,141,15,14,173,6,208,189,0,189,397
05/18/2019,TTN,NJ,AEA,EN,Federal Contract Tower,16,7,24,0,47,0,2,168,0,170,16,9,192,0,217,176,0,176,393
05/19/2019,TTN,NJ,AEA,EN,Federal Contract Tower,15,17,40,0,72,0,0,96,0,96,15,17,136,0,168,88,0,88,256
05/20/2019,TTN,NJ,AEA,EN,Federal Contract Tower,16,11,19,0,46,0,0,97,4,101,16,11,116,4,147,114,0,114,261
05/21/2019,TTN,NJ,AEA,EN,Federal Contract Tower,16,7,46,1,70,0,0,142,2,144,16,7,188,3,214,153,0,153,367
05/22/2019,TTN,NJ,AEA,EN,Federal Contract Tower,16,28,41,0,85,0,0,194,0,194,16,28,235,0,279,211,0,211,490
05/23/2019,TTN,NJ,AEA,EN,Federal Contract Tower,16,9,37,1,63,0,3,76,0,79,16,12,113,1,142,33,0,33,175
05/24/2019,TTN,NJ,AEA,EN,Federal Contract Tower,16,13,38,0,67,0,0,119,0,119,16,13,157,0,186,55,0,55,241
05/25/2019,TTN,NJ,AEA,EN,Federal Contract Tower,16,6,24,0,46,0,0,149,0,149,16,6,173,0,195,154,0,154,349
05/26/2019,TTN,NJ,AEA,EN,Federal Contract Tower,14,9,17,0,40,0,0,66,0,66,14,9,83,0,106,89,0,89,195
05/27/2019,TTN,NJ,AEA,EN,Federal Contract Tower,17,11,22,0,50,0,0,153,0,153,17,11,175,0,203,150,0,150,353
05/28/2019,TTN,NJ,AEA,EN,Federal Contract Tower,16,14,37,2,69,0,0,41,0,41,16,14,78,2,110,28,0,28,138
05/29/2019,TTN,NJ,AEA,EN,Federal Contract Tower,12,13,35,2,62,0,0,116,0,116,12,13,151,2,178,113,0,113,291
05/30/2019,TTN,NJ,AEA,EN,Federal Contract Tower,13,19,32,2,66,0,0,54,0,54,13,19,86,2,120,62,0,62,182
05/31/2019,TTN,NJ,AEA,EN,Federal Contract Tower,16,15,35,0,66,0,1,206,0,207,16,16,241,0,273,247,0,247,520
06/01/2019,TTN,NJ,AEA,EN,Federal Contract Tower,18,12,18,0,48,0,0,134,0,134,18,12,152,0,182,230,0,230,412
06/02/2019,TTN,NJ,AEA,EN,Federal Contract Tower,15,21,28,0,64,0,0,85,0,85,15,21,113,0,149,186,0,186,335
06/03/2019,TTN,NJ,AEA,EN,Federal Contract Tower,17,9,26,0,52,0,0,142,1,143,17,9,168,1,195,145,8,153,348
06/04/2019,TTN,NJ,AEA,EN,Federal Contract Tower,17,22,42,4,85,0,0,192,4,196,17,22,234,8,281,146,0,146,427
06/05/2019,TTN,NJ,AEA,EN,Federal Contract Tower,12,17,40,0,69,0,0,108,0,108,12,17,148,0,177,138,0,138,315
06/06/2019,TTN,NJ,AEA,EN,Federal Contract Tower,15,10,44,2,71,0,1,180,0,181,15,11,224,2,252,208,0,208,460
06/07/2019,TTN,NJ,AEA,EN,Federal Contract Tower,17,15,40,2,74,0,0,186,2,188,17,15,226,4,262,122,0,122,384
06/08/2019,TTN,NJ,AEA,EN,Federal Contract Tower,15,12,21,0,48,0,0,149,0,149,15,12,170,0,197,84,0,84,281
06/09/2019,TTN,NJ,AEA,EN,Federal Contract Tower,17,13,21,0,51,0,0,77,0,77,17,13,98,0,128,30,0,30,158
06/10/2019,TTN,NJ,AEA,EN,Federal Contract Tower,14,9,59,2,84,0,0,0,0,0,14,9,59,2,84,0,0,0,84
06/11/2019,TTN,NJ,AEA,EN,Federal Contract Tower,14,6,35,2,57,0,0,149,2,151,14,6,184,4,208,101,0,101,309
06/12/2019,TTN,NJ,AEA,EN,Federal Contract Tower,16,12,42,1,71,0,0,199,2,201,16,12,241,3,272,127,0,127,399
06/13/2019,TTN,NJ,AEA,EN,Federal Contract Tower,15,8,35,4,62,0,0,31,0,31,15,8,66,4,93,49,0,49,142
06/14/2019,TTN,NJ,AEA,EN,Federal Contract Tower,16,13,39,0,68,0,0,137,2,139,16,13,176,2,207,97,0,97,304
06/15/2019,TTN,NJ,AEA,EN,Federal Contract Tower,17,11,22,0,50,0,0,138,2,140,17,11,160,2,190,176,0,176,366
06/16/2019,TTN,NJ,AEA,EN,Federal Contract Tower,15,14,23,0,52,0,0,75,0,75,15,14,98,0,127,165,0,165,292
06/17/2019,TTN,NJ,AEA,EN,Federal Contract Tower,16,13,29,0,58,0,0,88,2,90,16,13,117,2,148,149,0,149,297
06/18/2019,TTN,NJ,AEA,EN,Federal Contract Tower,15,9,30,0,54,0,0,14,0,14,15,9,44,0,68,2,0,2,70
06/19/2019,TTN,NJ,AEA,EN,Federal Contract Tower,18,16,35,0,69,0,0,2,0,2,18,16,37,0,71,0,0,0,71
06/20/2019,TTN,NJ,AEA,EN,Federal Contract Tower,17,16,41,8,82,0,0,26,0,26,17,16,67,8,108,10,0,10,118
06/21/2019,TTN,NJ,AEA,EN,Federal Contract Tower,14,15,44,0,73,0,0,106,1,107,14,15,150,1,180,112,0,112,292
06/22/2019,TTN,NJ,AEA,EN,Federal Contract Tower,19,7,24,0,50,0,0,193,0,193,19,7,217,0,243,141,0,141,384
06/23/2019,TTN,NJ,AEA,EN,Federal Contract Tower,13,14,19,0,46,0,0,199,0,199,13,14,218,0,245,174,0,174,419
06/24/2019,TTN,NJ,AEA,EN,Federal Contract Tower,14,7,21,0,42,0,0,210,0,210,14,7,231,0,252,161,0,161,413
06/25/2019,TTN,NJ,AEA,EN,Federal Contract Tower,15,8,45,0,68,0,0,96,0,96,15,8,141,0,164,98,0,98,262
06/26/2019,TTN,NJ,AEA,EN,Federal Contract Tower,16,15,20,0,51,0,0,215,2,217,16,15,235,2,268,141,0,141,409
06/27/2019,TTN,NJ,AEA,EN,Federal Contract Tower,15,23,26,0,64,0,0,227,2,229,15,23,253,2,293,170,0,170,463
06/28/2019,TTN,NJ,AEA,EN,Federal Contract Tower,16,19,32,0,67,0,0,153,2,155,16,19,185,2,222,106,0,106,328
06/29/2019,TTN,NJ,AEA,EN,Federal Contract Tower,16,13,23,1,53,0,0,99,0,99,16,13,122,1,152,175,0,175,327
06/30/2019,TTN,NJ,AEA,EN,Federal Contract Tower,13,11,25,0,49,0,0,117,0,117,13,11,142,0,166,80,0,80,246
07/01/2019,TTN,NJ,AEA,EN,Federal Contract Tower,15,9,29,0,53,0,0,184,0,184,15,9,213,0,237,188,0,188,425
07/02/2019,TTN,NJ,AEA,EN,Federal Contract Tower,14,9,22,0,45,0,0,137,0,137,14,9,159,0,182,34,0,34,216
07/03/2019,TTN,NJ,AEA,EN,Federal Contract Tower,17,5,32,2,56,0,0,107,0,107,17,5,139,2,163,108,0,108,271
07/04/2019,TTN,NJ,AEA,EN,Federal Contract Tower,16,2,20,0,38,0,0,59,0,59,16,2,79,0,97,50,0,50,147
07/05/2019,TTN,NJ,AEA,EN,Federal Contract Tower,17,4,30,0,51,0,0,28,0,28,17,4,58,0,79,0,0,0,79
07/06/2019,TTN,NJ,AEA,EN,Federal Contract Tower,16,7,19,0,42,0,0,12,2,14,16,7,31,2,56,0,0,0,56
07/07/2019,TTN,NJ,AEA,EN,Federal Contract Tower,11,22,42,0,75,0,0,75,2,77,11,22,117,2,152,8,0,8,160
07/08/2019,TTN,NJ,AEA,EN,Federal Contract Tower,16,6,53,0,75,0,0,45,0,45,16,6,98,0,120,31,0,31,151
07/09/2019,TTN,NJ,AEA,EN,Federal Contract Tower,12,16,31,0,59,0,2,154,6,162,12,18,185,6,221,172,0,172,393
07/10/2019,TTN,NJ,AEA,EN,Federal Contract Tower,15,18,34,0,67,0,0,165,2,167,15,18,199,2,234,121,4,125,359
07/11/2019,TTN,NJ,AEA,EN,Federal Contract Tower,15,6,18,0,39,0,0,63,0,63,15,6,81,0,102,88,2,90,192
07/12/2019,TTN,NJ,AEA,EN,Federal Contract Tower,15,18,36,4,73,0,0,122,1,123,15,18,158,5,196,62,12,74,270
07/13/2019,TTN,NJ,AEA,EN,Federal Contract Tower,17,10,11,0,38,0,0,90,6,96,17,10,101,6,134,87,0,87,221
07/14/2019,TTN,NJ,AEA,EN,Federal Contract Tower,14,8,22,0,44,0,0,120,1,121,14,8,142,1,165,92,4,96,261
07/15/2019,TTN,NJ,AEA,EN,Federal Contract Tower,16,10,22,0,48,0,3,132,0,135,16,13,154,0,183,187,0,187,370
07/16/2019,TTN,NJ,AEA,EN,Federal Contract Tower,15,8,26,0,49,0,0,164,2,166,15,8,190,2,215,170,0,170,385
07/17/2019,TTN,NJ,AEA,EN,Federal Contract Tower,14,12,28,2,56,0,2,145,2,149,14,14,173,4,205,119,0,119,324
07/18/2019,TTN,NJ,AEA,EN,Federal Contract Tower,15,16,37,0,68,0,0,44,2,46,15,16,81,2,114,25,8,33,147
07/19/2019,TTN,NJ,AEA,EN,Federal Contract Tower,16,9,51,0,76,0,0,63,0,63,16,9,114,0,139,77,0,77,216
07/20/2019,TTN,NJ,AEA,EN,Federal Contract Tower,14,6,30,0,50,0,0,65,0,65,14,6,95,0,115,0,0,0,115
07/21/2019,TTN,NJ,AEA,EN,Federal Contract Tower,12,8,38,0,58,0,0,84,0,84,12,8,122,0,142,2,0,2,144
07/22/2019,TTN,NJ,AEA,EN,Federal Contract Tower,13,13,30,0,56,0,0,109,2,111,13,13,139,2,167,88,0,88,255
07/23/2019,TTN,NJ,AEA,EN,Federal Contract Tower,15,15,58,0,88,0,0,57,2,59,15,15,115,2,147,75,0,75,222
07/24/2019,TTN,NJ,AEA,EN,Federal Contract Tower,14,8,37,0,59,0,0,170,3,173,14,8,207,3,232,147,6,153,385
07/25/2019,TTN,NJ,AEA,EN,Federal Contract Tower,15,12,33,2,62,0,0,178,0,178,15,12,211,2,240,188,8,196,436
07/26/2019,TTN,NJ,AEA,EN,Federal Contract Tower,15,12,37,0,64,0,2,140,5,147,15,14,177,5,211,172,6,178,389
07/27/2019,TTN,NJ,AEA,EN,Federal Contract Tower,16,12,18,0,46,0,0,97,0,97,16,12,115,0,143,196,0,196,339
07/28/2019,TTN,NJ,AEA,EN,Federal Contract Tower,13,20,30,0,63,0,0,141,0,141,13,20,171,0,204,85,0,85,289
07/29/2019,TTN,NJ,AEA,EN,Federal Contract Tower,17,7,10,0,34,0,1,150,3,154,17,8,160,3,188,209,6,215,403
07/30/2019,TTN,NJ,AEA,EN,Federal Contract Tower,15,13,24,0,52,0,0,145,7,152,15,13,169,7,204,154,8,162,366
07/31/2019,TTN,NJ,AEA,EN,Federal Contract Tower,17,5,23,0,45,0,0,108,0,108,17,5,131,0,153,86,0,86,239
08/01/2019,TTN,NJ,AEA,EN,Federal Contract Tower,13,15,32,0,60,0,0,168,13,181,13,15,200,13,241,192,2,194,435
08/02/2019,TTN,NJ,AEA,EN,Federal Contract Tower,14,7,30,0,51,0,0,129,0,129,14,7,159,0,180,193,0,193,373
08/03/2019,TTN,NJ,AEA,EN,Federal Contract Tower,16,6,32,0,54,0,0,31,0,31,16,6,63,0,85,0,0,0,85
08/04/2019,TTN,NJ,AEA,EN,Federal Contract Tower,11,15,38,0,64,0,0,84,0,84,11,15,122,0,148,2,0,2,150
08/05/2019,TTN,NJ,AEA,EN,Federal Contract Tower,16,1,33,0,50,0,0,191,0,191,16,1,224,0,241,180,8,188,429
08/06/2019,TTN,NJ,AEA,EN,Federal Contract Tower,13,3,46,0,62,0,0,70,0,70,13,3,116,0,132,68,0,68,200
08/07/2019,TTN,NJ,AEA,EN,Federal Contract Tower,10,13,31,2,56,0,0,67,0,67,10,13,98,2,123,28,0,28,151
08/08/2019,TTN,NJ,AEA,EN,Federal Contract Tower,12,8,39,0,59,0,1,144,0,145,12,9,183,0,204,130,0,130,334
08/09/2019,TTN,NJ,AEA,EN,Federal Contract Tower,16,14,51,0,81,0,0,126,0,126,16,14,177,0,207,172,0,172,379
08/10/2019,TTN,NJ,AEA,EN,Federal Contract Tower,17,5,40,0,62,0,0,75,0,75,17,5,115,0,137,0,0,0,137
08/11/2019,TTN,NJ,AEA,EN,Federal Contract Tower,14,11,30,0,55,0,0,93,0,93,14,11,123,0,148,0,0,0,148
08/12/2019,TTN,NJ,AEA,EN,Federal Contract Tower,14,17,42,1,74,0,0,126,0,126,14,17,168,1,200,0,0,0,200
08/13/2019,TTN,NJ,AEA,EN,Federal Contract Tower,16,4,31,0,51,0,0,33,0,33,16,4,64,0,84,10,0,10,94
08/14/2019,TTN,NJ,AEA,EN,Federal Contract Tower,14,12,57,0,83,0,0,47,0,47,14,12,104,0,130,0,0,0,130
08/15/2019,TTN,NJ,AEA,EN,Federal Contract Tower,15,10,47,1,73,0,3,103,0,106,15,13,150,1,179,0,0,0,179
08/16/2019,TTN,NJ,AEA,EN,Federal Contract Tower,16,12,49,0,77,0,0,63,0,63,16,12,112,0,140,0,0,0,140
08/17/2019,TTN,NJ,AEA,EN,Federal Contract Tower,16,10,33,0,59,0,0,42,0,42,16,10,75,0,101,0,0,0,101
08/18/2019,TTN,NJ,AEA,EN,Federal Contract Tower,13,11,41,0,65,0,0,51,0,51,13,11,92,0,116,2,0,2,118
08/19/2019,TTN,NJ,AEA,EN,Federal Contract Tower,15,15,24,4,58,0,6,70,0,76,15,21,94,4,134,152,0,152,286
08/20/2019,TTN,NJ,AEA,EN,Federal Contract Tower,16,3,32,3,54,0,0,124,0,124,16,3,156,3,178,170,0,170,348
08/21/2019,TTN,NJ,AEA,EN,Federal Contract Tower,17,8,23,0,48,0,0,75,0,75,17,8,98,0,123,77,0,77,200
08/22/2019,TTN,NJ,AEA,EN,Federal Contract Tower,15,6,54,0,75,0,0,160,0,160,15,6,214,0,235,108,0,108,343
08/23/2019,TTN,NJ,AEA,EN,Federal Contract Tower,16,11,37,0,64,0,0,70,0,70,16,11,107,0,134,42,0,42,176
08/24/2019,TTN,NJ,AEA,EN,Federal Contract Tower,17,12,24,0,53,0,0,127,0,127,17,12,151,0,180,196,0,196,376
08/25/2019,TTN,NJ,AEA,EN,Federal Contract Tower,15,12,32,0,59,0,0,92,0,92,15,12,124,0,151,104,0,104,255
08/26/2019,TTN,NJ,AEA,EN,Federal Contract Tower,18,10,42,4,74,0,0,120,0,120,18,10,162,4,194,154,0,154,348
08/27/2019,TTN,NJ,AEA,EN,Federal Contract Tower,15,12,41,2,70,0,2,112,0,114,15,14,153,2,184,192,0,192,376
08/28/2019,TTN,NJ,AEA,EN,Federal Contract Tower,16,8,41,2,67,0,0,56,3,59,16,8,97,5,126,2,0,2,128
08/29/2019,TTN,NJ,AEA,EN,Federal Contract Tower,13,16,28,2,59,0,0,142,0,142,13,16,170,2,201,134,0,134,335
08/30/2019,TTN,NJ,AEA,EN,Federal Contract Tower,16,6,31,0,53,0,6,113,0,119,16,12,144,0,172,210,0,210,382
08/31/2019,TTN,NJ,AEA,EN,Federal Contract Tower,12,15,18,0,45,0,2,158,0,160,12,17,176,0,205,177,0,177,382
09/01/2019,TTN,NJ,AEA,EN,Federal Contract Tower,16,4,10,0,30,0,1,110,0,111,16,5,120,0,141,105,0,105,246
09/02/2019,TTN,NJ,AEA,EN,Federal Contract Tower,14,11,29,0,54,0,0,31,0,31,14,11,60,0,85,29,0,29,114
09/03/2019,TTN,NJ,AEA,EN,Federal Contract Tower,12,6,45,0,63,0,0,141,0,141,12,6,186,0,204,111,0,111,315
09/04/2019,TTN,NJ,AEA,EN,Federal Contract Tower,12,14,40,2,68,0,0,67,0,67,12,14,107,2,135,118,0,118,253
09/05/2019,TTN,NJ,AEA,EN,Federal Contract Tower,14,3,29,2,48,0,2,170,2,174,14,5,199,4,222,121,0,121,343
09/06/2019,TTN,NJ,AEA,EN,Federal Contract Tower,16,8,28,0,52,0,0,52,0,52,16,8,80,0,104,32,0,32,136
09/07/2019,TTN,NJ,AEA,EN,Federal Contract Tower,16,11,19,0,46,0,3,133,1,137,16,14,152,1,183,167,0,167,350
09/08/2019,TTN,NJ,AEA,EN,Federal Contract Tower,15,11,32,2,60,0,1,151,13,165,15,12,183,15,225,111,0,111,336
09/09/2019,TTN,NJ,AEA,EN,Federal Contract Tower,16,9,47,1,73,0,0,170,2,172,16,9,217,3,245,169,0,169,414
09/10/2019,TTN,NJ,AEA,EN,Federal Contract Tower,16,8,36,0,60,0,0,122,0,122,16,8,158,0,182,134,0,134,316
09/11/2019,TTN,NJ,AEA,EN,Federal Contract Tower,17,7,35,0,59,0,0,163,0,163,17,7,198,0,222,140,0,140,362
09/12/2019,TTN,NJ,AEA,EN,Federal Contract Tower,15,11,30,2,58,0,0,112,0,112,15,11,142,2,170,98,0,98,268
09/13/2019,TTN,NJ,AEA,EN,Federal Contract Tower,16,8,25,0,49,0,0,143,0,143,16,8,168,0,192,166,0,166,358
09/14/2019,TTN,NJ,AEA,EN,Federal Contract Tower,16,5,33,0,54,0,0,120,2,122,16,5,153,2,176,169,2,171,347
09/15/2019,TTN,NJ,AEA,EN,Federal Contract Tower,15,21,34,2,72,0,2,157,0,159,15,23,191,2,231,96,0,96,327
09/16/2019,TTN,NJ,AEA,EN,Federal Contract Tower,11,5,25,0,41,0,0,199,2,201,11,5,224,2,242,220,0,220,462
09/17/2019,TTN,NJ,AEA,EN,Federal Contract Tower,20,4,40,4,68,0,0,214,2,216,20,4,254,6,284,110,0,110,394
09/18/2019,TTN,NJ,AEA,EN,Federal Contract Tower,17,8,37,2,64,0,0,235,0,235,17,8,272,2,299,236,0,236,535
09/19/2019,TTN,NJ,AEA,EN,Federal Contract Tower,15,14,26,2,57,0,0,200,2,202,15,14,226,4,259,207,0,207,466
09/20/2019,TTN,NJ,AEA,EN,Federal Contract Tower,18,13,23,1,55,0,0,234,4,238,18,13,257,5,293,226,0,226,519
09/21/2019,TTN,NJ,AEA,EN,Federal Contract Tower,16,8,15,0,39,0,0,224,0,224,16,8,239,0,263,181,0,181,444
09/22/2019,TTN,NJ,AEA,EN,Federal Contract Tower,15,12,37,0,64,0,0,191,0,191,15,12,228,0,255,99,0,99,354
09/23/2019,TTN,NJ,AEA,EN,Federal Contract Tower,16,8,26,0,50,0,0,233,0,233,16,8,259,0,283,184,0,184,467
09/24/2019,TTN,NJ,AEA,EN,Federal Contract Tower,16,19,14,1,50,0,0,186,0,186,16,19,200,1,236,206,0,206,442
09/26/2019,TTN,NJ,AEA,EN,Federal Contract Tower,15,14,38,2,69,0,0,226,0,226,15,14,264,2,295,180,0,180,475
09/27/2019,TTN,NJ,AEA,EN,Federal Contract Tower,16,19,40,1,76,0,0,208,0,208,16,19,248,1,284,140,0,140,424
09/28/2019,TTN,NJ,AEA,EN,Federal Contract Tower,16,19,35,0,70,0,0,167,0,167,16,19,202,0,237,183,0,183,420
09/29/2019,TTN,NJ,AEA,EN,Federal Contract Tower,13,18,30,0,61,0,0,180,0,180,13,18,210,0,241,97,0,97,338
09/30/2019,TTN,NJ,AEA,EN,Federal Contract Tower,16,15,46,0,77,0,0,152,0,152,16,15,198,0,229,159,0,159,388
10/01/2019,TTN,NJ,AEA,EN,Federal Contract Tower,15,15,36,1,67,0,0,136,4,140,15,15,172,5,207,236,0,236,443
10/02/2019,TTN,NJ,AEA,EN,Federal Contract Tower,16,11,41,2,70,0,0,182,0,182,16,11,223,2,252,146,0,146,398
10/03/2019,TTN,NJ,AEA,EN,Federal Contract Tower,15,16,41,2,74,0,0,0,0,0,15,16,41,2,74,0,0,0,74
10/04/2019,TTN,NJ,AEA,EN,Federal Contract Tower,16,12,21,0,49,0,0,183,0,183,16,12,204,0,232,162,0,162,394
10/05/2019,TTN,NJ,AEA,EN,Federal Contract Tower,15,6,20,0,41,0,0,212,0,212,15,6,232,0,253,150,0,150,403
10/06/2019,TTN,NJ,AEA,EN,Federal Contract Tower,16,15,30,0,61,0,0,68,0,68,16,15,98,0,129,46,0,46,175
10/07/2019,TTN,NJ,AEA,EN,Federal Contract Tower,15,18,40,2,75,0,0,124,0,124,15,18,164,2,199,168,0,168,367
10/08/2019,TTN,NJ,AEA,EN,Federal Contract Tower,13,13,47,0,73,0,0,185,0,185,13,13,232,0,258,194,0,194,452
10/09/2019,TTN,NJ,AEA,EN,Federal Contract Tower,16,13,49,0,78,0,0,42,0,42,16,13,91,0,120,73,0,73,193
10/10/2019,TTN,NJ,AEA,EN,Federal Contract Tower,16,21,43,3,83,0,2,166,0,168,16,23,209,3,251,188,0,188,439
10/11/2019,TTN,NJ,AEA,EN,Federal Contract Tower,14,28,39,0,81,0,0,172,0,172,14,28,211,0,253,158,0,158,411
10/12/2019,TTN,NJ,AEA,EN,Federal Contract Tower,16,12,22,0,50,0,0,132,0,132,16,12,154,0,182,180,0,180,362
10/13/2019,TTN,NJ,AEA,EN,Federal Contract Tower,15,16,31,0,62,0,0,150,0,150,15,16,181,0,212,90,0,90,302
10/14/2019,TTN,NJ,AEA,EN,Federal Contract Tower,16,16,50,0,82,0,0,163,0,163,16,16,213,0,245,144,0,144,389
10/15/2019,TTN,NJ,AEA,EN,Federal Contract Tower,17,7,38,2,64,0,0,164,0,164,17,7,202,2,228,214,0,214,442
10/16/2019,TTN,NJ,AEA,EN,Federal Contract Tower,18,14,45,1,78,0,0,33,0,33,18,14,78,1,111,22,0,22,133
10/17/2019,TTN,NJ,AEA,EN,Federal Contract Tower,15,22,33,0,70,0,0,49,2,51,15,22,82,2,121,2,0,2,123
10/18/2019,TTN,NJ,AEA,EN,Federal Contract Tower,17,19,50,0,86,0,0,133,2,135,17,19,183,2,221,170,0,170,391
10/19/2019,TTN,NJ,AEA,EN,Federal Contract Tower,17,10,17,0,44,0,1,156,0,157,17,11,173,0,201,198,0,198,399
10/20/2019,TTN,NJ,AEA,EN,Federal Contract Tower,15,20,29,0,64,0,0,31,0,31,15,20,60,0,95,46,0,46,141
10/21/2019,TTN,NJ,AEA,EN,Federal Contract Tower,16,8,15,2,41,0,0,163,0,163,16,8,178,2,204,192,0,192,396
10/22/2019,TTN,NJ,AEA,EN,Federal Contract Tower,16,13,27,0,56,0,0,2,0,2,16,13,29,0,58,1,0,1,59
10/23/2019,TTN,NJ,AEA,EN,Federal Contract Tower,18,15,33,0,66,0,0,176,1,177,18,15,209,1,243,216,0,216,459
10/24/2019,TTN,NJ,AEA,EN,Federal Contract Tower,17,18,27,2,64,0,1,206,0,207,17,19,233,2,271,231,0,231,502
10/25/2019,TTN,NJ,AEA,EN,Federal Contract Tower,17,13,30,1,61,0,0,168,0,168,17,13,198,1,229,271,0,271,500
10/26/2019,TTN,NJ,AEA,EN,Federal Contract Tower,16,20,16,0,52,0,0,121,0,121,16,20,137,0,173,281,0,281,454
10/27/2019,TTN,NJ,AEA,EN,Federal Contract Tower,15,16,33,0,64,0,0,17,0,17,15,16,50,0,81,18,0,18,99
10/28/2019,TTN,NJ,AEA,EN,Federal Contract Tower,16,17,19,0,52,0,0,183,2,185,16,17,202,2,237,170,0,170,407
10/29/2019,TTN,NJ,AEA,EN,Federal Contract Tower,17,11,41,2,71,0,0,1,0,1,17,11,42,2,72,2,0,2,74
10/30/2019,TTN,NJ,AEA,EN,Federal Contract Tower,16,12,20,2,50,0,0,0,0,0,16,12,20,2,50,0,0,0,50
10/31/2019,TTN,NJ,AEA,EN,Federal Contract Tower,12,10,24,4,50,0,0,6,0,6,12,10,30,4,56,0,0,0,56
11/01/2019,TTN,NJ,AEA,EN,Federal Contract Tower,15,8,8,2,33,0,0,115,0,115,15,8,123,2,148,90,2,92,240
11/02/2019,TTN,NJ,AEA,EN,Federal Contract Tower,16,7,20,2,45,0,0,167,0,167,16,7,187,2,212,334,0,334,546
11/03/2019,TTN,NJ,AEA,EN,Federal Contract Tower,15,11,20,0,46,0,0,215,0,215,15,11,235,0,261,194,0,194,455
11/04/2019,TTN,NJ,AEA,EN,Federal Contract Tower,16,9,26,0,51,0,0,187,0,187,16,9,213,0,238,237,0,237,475
11/05/2019,TTN,NJ,AEA,EN,Federal Contract Tower,15,12,23,2,52,0,0,146,0,146,15,12,169,2,198,103,0,103,301
11/06/2019,TTN,NJ,AEA,EN,Federal Contract Tower,16,4,30,1,51,0,0,165,2,167,16,4,195,3,218,177,0,177,395
11/07/2019,TTN,NJ,AEA,EN,Federal Contract Tower,15,13,22,2,52,0,0,208,2,210,15,13,230,4,262,199,0,199,461
11/08/2019,TTN,NJ,AEA,EN,Federal Contract Tower,16,14,19,1,50,0,0,153,0,153,16,14,172,1,203,252,0,252,455
11/09/2019,TTN,NJ,AEA,EN,Federal Contract Tower,16,11,14,1,42,0,0,205,0,205,16,11,219,1,247,268,0,268,515
11/10/2019,TTN,NJ,AEA,EN,Federal Contract Tower,15,16,18,0,49,0,0,264,0,264,15,16,282,0,313,164,0,164,477
11/11/2019,TTN,NJ,AEA,EN,Federal Contract Tower,13,7,38,0,58,0,0,270,0,270,13,7,308,0,328,261,0,261,589
11/12/2019,TTN,NJ,AEA,EN,Federal Contract Tower,16,7,13,2,38,0,0,16,0,16,16,7,29,2,54,8,0,8,62
11/13/2019,TTN,NJ,AEA,EN,Federal Contract Tower,16,10,26,2,54,0,1,217,0,218,16,11,243,2,272,136,0,136,408
11/14/2019,TTN,NJ,AEA,EN,Federal Contract Tower,13,7,25,0,45,0,0,247,7,254,13,7,272,7,299,268,25,293,592
11/15/2019,TTN,NJ,AEA,EN,Federal Contract Tower,17,18,28,0,63,0,0,181,0,181,17,18,209,0,244,190,0,190,434
11/16/2019,TTN,NJ,AEA,EN,Federal Contract Tower,19,6,18,0,43,0,0,112,0,112,19,6,130,0,155,80,0,80,235
11/17/2019,TTN,NJ,AEA,EN,Federal Contract Tower,14,14,20,0,48,0,0,60,4,64,14,14,80,4,112,63,0,63,175
11/18/2019,TTN,NJ,AEA,EN,Federal Contract Tower,19,9,30,1,59,0,0,3,0,3,19,9,33,1,62,0,0,0,62
11/19/2019,TTN,NJ,AEA,EN,Federal Contract Tower,14,8,28,0,50,0,0,160,0,160,14,8,188,0,210,196,0,196,406
11/20/2019,TTN,NJ,AEA,EN,Federal Contract Tower,17,20,24,1,62,0,0,231,0,231,17,20,255,1,293,142,0,142,435
11/21/2019,TTN,NJ,AEA,EN,Federal Contract Tower,14,11,29,0,54,0,0,303,0,303,14,11,332,0,357,194,0,194,551
11/22/2019,TTN,NJ,AEA,EN,Federal Contract Tower,19,23,35,0,77,0,0,169,0,169,19,23,204,0,246,223,0,223,469
11/23/2019,TTN,NJ,AEA,EN,Federal Contract Tower,17,12,24,0,53,0,0,174,2,176,17,12,198,2,229,151,0,151,380
11/24/2019,TTN,NJ,AEA,EN,Federal Contract Tower,14,11,16,0,41,0,0,17,0,17,14,11,33,0,58,4,0,4,62
11/25/2019,TTN,NJ,AEA,EN,Federal Contract Tower,19,10,29,0,58,0,0,209,0,209,19,10,238,0,267,18,0,18,285
11/26/2019,TTN,NJ,AEA,EN,Federal Contract Tower,16,15,29,2,62,0,0,197,0,197,16,15,226,2,259,132,0,132,391
11/27/2019,TTN,NJ,AEA,EN,Federal Contract Tower,18,5,33,0,56,0,0,92,0,92,18,5,125,0,148,108,0,108,256
11/28/2019,TTN,NJ,AEA,EN,Federal Contract Tower,14,6,4,0,24,0,1,3,0,4,14,7,7,0,28,0,0,0,28
11/29/2019,TTN,NJ,AEA,EN,Federal Contract Tower,19,12,14,0,45,0,0,162,0,162,19,12,176,0,207,238,0,238,445
11/30/2019,TTN,NJ,AEA,EN,Federal Contract Tower,16,10,28,0,54,0,0,155,0,155,16,10,183,0,209,112,0,112,321
12/01/2019,TTN,NJ,AEA,EN,Federal Contract Tower,14,14,33,0,61,0,0,6,0,6,14,14,39,0,67,0,0,0,67
12/02/2019,TTN,NJ,AEA,EN,Federal Contract Tower,16,17,19,0,52,0,0,0,0,0,16,17,19,0,52,0,0,0,52
12/03/2019,TTN,NJ,AEA,EN,Federal Contract Tower,11,12,18,0,41,0,0,140,2,142,11,12,158,2,183,86,0,86,269
12/04/2019,TTN,NJ,AEA,EN,Federal Contract Tower,16,15,38,2,71,0,0,106,0,106,16,15,144,2,177,54,0,54,231
12/05/2019,TTN,NJ,AEA,EN,Federal Contract Tower,12,16,32,0,60,0,0,195,0,195,12,16,227,0,255,103,0,103,358
12/06/2019,TTN,NJ,AEA,EN,Federal Contract Tower,20,22,28,0,70,0,0,185,2,187,20,22,213,2,257,167,0,167,424
12/07/2019,TTN,NJ,AEA,EN,Federal Contract Tower,18,7,14,0,39,0,0,156,0,156,18,7,170,0,195,170,0,170,365
12/08/2019,TTN,NJ,AEA,EN,Federal Contract Tower,14,22,26,0,62,0,0,170,0,170,14,22,196,0,232,137,0,137,369
12/09/2019,TTN,NJ,AEA,EN,Federal Contract Tower,20,9,17,3,49,0,0,0,0,0,20,9,17,3,49,0,0,0,49
12/10/2019,TTN,NJ,AEA,EN,Federal Contract Tower,13,11,51,0,75,0,0,29,0,29,13,11,80,0,104,18,0,18,122
12/11/2019,TTN,NJ,AEA,EN,Federal Contract Tower,15,11,14,0,40,0,0,125,0,125,15,11,139,0,165,156,0,156,321
12/12/2019,TTN,NJ,AEA,EN,Federal Contract Tower,14,13,32,0,59,0,0,265,0,265,14,13,297,0,324,243,0,243,567
12/13/2019,TTN,NJ,AEA,EN,Federal Contract Tower,16,11,24,1,52,0,0,16,0,16,16,11,40,1,68,52,0,52,120
12/14/2019,TTN,NJ,AEA,EN,Federal Contract Tower,15,11,9,0,35,0,0,0,0,0,15,11,9,0,35,0,0,0,35
12/15/2019,TTN,NJ,AEA,EN,Federal Contract Tower,16,14,14,0,44,0,0,110,0,110,16,14,124,0,154,48,0,48,202
12/16/2019,TTN,NJ,AEA,EN,Federal Contract Tower,16,15,20,1,52,0,0,42,0,42,16,15,62,1,94,88,0,88,182
12/17/2019,TTN,NJ,AEA,EN,Federal Contract Tower,12,10,13,2,37,0,0,0,0,0,12,10,13,2,37,0,0,0,37
12/18/2019,TTN,NJ,AEA,EN,Federal Contract Tower,17,13,21,3,54,0,0,140,0,140,17,13,161,3,194,78,0,78,272
12/19/2019,TTN,NJ,AEA,EN,Federal Contract Tower,15,12,28,2,57,0,0,171,0,171,15,12,199,2,228,85,0,85,313
12/20/2019,TTN,NJ,AEA,EN,Federal Contract Tower,16,13,21,2,52,0,0,165,0,165,16,13,186,2,217,149,0,149,366
12/21/2019,TTN,NJ,AEA,EN,Federal Contract Tower,16,12,24,0,52,0,0,134,0,134,16,12,158,0,186,183,0,183,369
12/22/2019,TTN,NJ,AEA,EN,Federal Contract Tower,13,3,27,0,43,0,0,131,0,131,13,3,158,0,174,100,0,100,274
12/23/2019,TTN,NJ,AEA,EN,Federal Contract Tower,14,10,28,0,52,0,0,192,0,192,14,10,220,0,244,95,0,95,339
12/24/2019,TTN,NJ,AEA,EN,Federal Contract Tower,16,4,14,0,34,0,0,85,0,85,16,4,99,0,119,120,0,120,239
12/25/2019,TTN,NJ,AEA,EN,Federal Contract Tower,17,9,2,0,28,0,0,11,0,11,17,9,13,0,39,6,0,6,45
12/26/2019,TTN,NJ,AEA,EN,Federal Contract Tower,14,23,35,0,72,0,0,46,0,46,14,23,81,0,118,46,0,46,164
12/27/2019,TTN,NJ,AEA,EN,Federal Contract Tower,17,7,33,0,57,0,0,86,2,88,17,7,119,2,145,132,0,132,277
12/28/2019,TTN,NJ,AEA,EN,Federal Contract Tower,15,9,10,0,34,0,0,122,0,122,15,9,132,0,156,210,0,210,366
12/29/2019,TTN,NJ,AEA,EN,Federal Contract Tower,14,9,10,0,33,0,0,42,0,42,14,9,52,0,75,28,0,28,103
12/30/2019,TTN,NJ,AEA,EN,Federal Contract Tower,16,9,9,0,34,0,0,0,0,0,16,9,9,0,34,0,0,0,34
12/31/2019,TTN,NJ,AEA,EN,Federal Contract Tower,13,6,13,0,32,0,0,56,0,56,13,6,69,0,88,28,0,28,116
01/01/2020,TTN,NJ,AEA,EN,Federal Contract Tower,16,10,8,0,34,0,0,41,0,41,16,10,49,0,75,0,4,4,79
01/02/2020,TTN,NJ,AEA,EN,Federal Contract Tower,14,16,21,2,53,0,0,207,0,207,14,16,228,2,260,182,0,182,442
01/03/2020,TTN,NJ,AEA,EN,Federal Contract Tower,15,6,21,2,44,0,0,0,0,0,15,6,21,2,44,0,0,0,44
01/04/2020,TTN,NJ,AEA,EN,Federal Contract Tower,11,9,25,0,45,0,0,15,0,15,11,9,40,0,60,6,0,6,66
01/05/2020,TTN,NJ,AEA,EN,Federal Contract Tower,14,7,35,0,56,0,0,78,0,78,14,7,113,0,134,38,0,38,172
01/06/2020,TTN,NJ,AEA,EN,Federal Contract Tower,17,6,23,1,47,0,0,186,0,186,17,6,209,1,233,162,0,162,395
01/07/2020,TTN,NJ,AEA,EN,Federal Contract Tower,15,10,11,2,38,0,0,113,0,113,15,10,124,2,151,124,0,124,275
01/08/2020,TTN,NJ,AEA,EN,Federal Contract Tower,16,9,11,2,38,0,0,72,0,72,16,9,83,2,110,14,0,14,124
01/09/2020,TTN,NJ,AEA,EN,Federal Contract Tower,14,9,27,0,50,0,0,252,6,258,14,9,279,6,308,218,0,218,526
01/10/2020,TTN,NJ,AEA,EN,Federal Contract Tower,17,5,17,2,41,0,0,192,0,192,17,5,209,2,233,161,0,161,394
01/11/2020,TTN,NJ,AEA,EN,Federal Contract Tower,18,7,3,2,30,0,0,92,1,93,18,7,95,3,123,74,6,80,203
01/12/2020,TTN,NJ,AEA,EN,Federal Contract Tower,14,13,12,0,39,0,0,60,0,60,14,13,72,0,99,40,0,40,139
01/13/2020,TTN,NJ,AEA,EN,Federal Contract Tower,15,7,36,11,69,0,0,78,0,78,15,7,114,11,147,93,0,93,240
01/14/2020,TTN,NJ,AEA,EN,Federal Contract Tower,14,13,26,0,53,0,0,0,0,0,14,13,26,0,53,0,0,0,53
01/15/2020,TTN,NJ,AEA,EN,Federal Contract Tower,19,5,30,0,54,0,0,232,0,232,19,5,262,0,286,228,0,228,514
01/16/2020,TTN,NJ,AEA,EN,Federal Contract Tower,14,13,17,2,46,0,0,31,0,31,14,13,48,2,77,6,0,6,83
01/18/2020,TTN,NJ,AEA,EN,Federal Contract Tower,11,9,5,0,25,0,0,29,0,29,11,9,34,0,54,94,0,94,148
01/19/2020,TTN,NJ,AEA,EN,Federal Contract Tower,13,6,23,0,42,0,0,91,0,91,13,6,114,0,133,59,0,59,192
01/20/2020,TTN,NJ,AEA,EN,Federal Contract Tower,18,9,15,0,42,0,0,144,0,144,18,9,159,0,186,163,0,163,349
01/21/2020,TTN,NJ,AEA,EN,Federal Contract Tower,14,6,17,2,39,0,0,220,0,220,14,6,237,2,259,176,0,176,435
01/22/2020,TTN,NJ,AEA,EN,Federal Contract Tower,17,13,18,1,49,0,0,222,0,222,17,13,240,1,271,131,0,131,402
01/23/2020,TTN,NJ,AEA,EN,Federal Contract Tower,13,14,19,0,46,0,0,250,0,250,13,14,269,0,296,205,0,205,501
01/24/2020,TTN,NJ,AEA,EN,Federal Contract Tower,18,8,27,2,55,0,0,217,0,217,18,8,244,2,272,165,0,165,437
01/25/2020,TTN,NJ,AEA,EN,Federal Contract Tower,18,7,13,0,38,0,0,1,0,1,18,7,14,0,39,0,0,0,39
01/26/2020,TTN,NJ,AEA,EN,Federal Contract Tower,12,7,18,0,37,0,0,202,0,202,12,7,220,0,239,104,0,104,343
01/27/2020,TTN,NJ,AEA,EN,Federal Contract Tower,18,13,12,0,43,0,0,179,0,179,18,13,191,0,222,107,0,107,329
01/28/2020,TTN,NJ,AEA,EN,Federal Contract Tower,14,10,11,0,35,0,0,173,0,173,14,10,184,0,208,141,0,141,349
01/29/2020,TTN,NJ,AEA,EN,Federal Contract Tower,18,14,26,0,58,0,0,205,4,209,18,14,231,4,267,72,8,80,347
01/30/2020,TTN,NJ,AEA,EN,Federal Contract Tower,14,10,38,2,64,0,0,170,1,171,14,10,208,3,235,130,0,130,365
01/31/2020,TTN,NJ,AEA,EN,Federal Contract Tower,18,6,20,2,46,0,0,209,0,209,18,6,229,2,255,165,0,165,420
02/01/2020,TTN,NJ,AEA,EN,Federal Contract Tower,19,8,14,2,43,0,0,2,0,2,19,8,16,2,45,0,0,0,45
02/02/2020,TTN,NJ,AEA,EN,Federal Contract Tower,14,8,23,0,45,0,0,82,0,82,14,8,105,0,127,41,0,41,168
02/03/2020,TTN,NJ,AEA,EN,Federal Contract Tower,20,13,34,5,72,0,0,256,0,256,20,13,290,5,328,92,0,92,420
02/04/2020,TTN,NJ,AEA,EN,Federal Contract Tower,12,11,26,2,51,0,0,123,0,123,12,11,149,2,174,132,0,132,306
02/05/2020,TTN,NJ,AEA,EN,Federal Contract Tower,19,17,24,1,61,0,0,194,4,198,19,17,218,5,259,175,0,175,434
02/06/2020,TTN,NJ,AEA,EN,Federal Contract Tower,12,8,21,0,41,0,0,0,0,0,12,8,21,0,41,0,0,0,41
02/07/2020,TTN,NJ,AEA,EN,Federal Contract Tower,17,12,16,2,47,0,2,11,0,13,17,14,27,2,60,0,0,0,60
02/08/2020,TTN,NJ,AEA,EN,Federal Contract Tower,17,10,19,1,47,0,0,162,0,162,17,10,181,1,209,123,0,123,332
02/09/2020,TTN,NJ,AEA,EN,Federal Contract Tower,11,10,31,0,52,0,0,211,2,213,11,10,242,2,265,110,0,110,375
02/10/2020,TTN,NJ,AEA,EN,Federal Contract Tower,17,12,16,3,48,0,0,59,0,59,17,12,75,3,107,22,0,22,129
02/11/2020,TTN,NJ,AEA,EN,Federal Contract Tower,15,23,32,2,72,0,0,13,0,13,15,23,45,2,85,0,6,6,91
02/12/2020,TTN,NJ,AEA,EN,Federal Contract Tower,18,11,23,0,52,0,0,272,2,274,18,11,295,2,326,150,5,155,481
02/13/2020,TTN,NJ,AEA,EN,Federal Contract Tower,11,19,27,2,59,0,0,7,0,7,11,19,34,2,66,12,0,12,78
02/14/2020,TTN,NJ,AEA,EN,Federal Contract Tower,16,16,42,0,74,0,1,166,0,167,16,17,208,0,241,81,0,81,322
02/15/2020,TTN,NJ,AEA,EN,Federal Contract Tower,17,6,19,0,42,0,0,213,2,215,17,6,232,2,257,134,0,134,391
02/16/2020,TTN,NJ,AEA,EN,Federal Contract Tower,11,8,23,0,42,0,0,186,0,186,11,8,209,0,228,170,0,170,398
02/17/2020,TTN,NJ,AEA,EN,Federal Contract Tower,18,18,31,0,67,0,0,229,0,229,18,18,260,0,296,104,0,104,400
02/18/2020,TTN,NJ,AEA,EN,Federal Contract Tower,10,7,46,1,64,0,0,61,4,65,10,7,107,5,129,152,0,152,281
02/19/2020,TTN,NJ,AEA,EN,Federal Contract Tower,17,13,38,1,69,0,0,173,0,173,17,13,211,1,242,70,0,70,312
02/20/2020,TTN,NJ,AEA,EN,Federal Contract Tower,11,12,27,4,54,0,0,266,2,268,11,12,293,6,322,190,0,190,512
02/21/2020,TTN,NJ,AEA,EN,Federal Contract Tower,19,22,30,2,73,0,0,199,4,203,19,22,229,6,276,132,2,134,410
02/22/2020,TTN,NJ,AEA,EN,Federal Contract Tower,18,13,22,0,53,0,0,170,0,170,18,13,192,0,223,124,0,124,347
02/23/2020,TTN,NJ,AEA,EN,Federal Contract Tower,9,11,22,0,42,0,0,174,0,174,9,11,196,0,216,154,0,154,370
02/24/2020,TTN,NJ,AEA,EN,Federal Contract Tower,18,2,25,2,47,0,0,222,2,224,18,2,247,4,271,172,0,172,443
02/25/2020,TTN,NJ,AEA,EN,Federal Contract Tower,14,12,29,1,56,0,1,9,0,10,14,13,38,1,66,32,0,32,98
02/26/2020,TTN,NJ,AEA,EN,Federal Contract Tower,16,8,22,3,49,0,0,2,0,2,16,8,24,3,51,0,0,0,51
02/27/2020,TTN,NJ,AEA,EN,Federal Contract Tower,12,14,20,2,48,0,0,30,0,30,12,14,50,2,78,0,0,0,78
02/28/2020,TTN,NJ,AEA,EN,Federal Contract Tower,16,10,34,0,60,0,0,145,0,145,16,10,179,0,205,69,0,69,274
02/29/2020,TTN,NJ,AEA,EN,Federal Contract Tower,16,6,8,2,32,0,0,100,0,100,16,6,108,2,132,110,0,110,242
03/01/2020,TTN,NJ,AEA,EN,Federal Contract Tower,14,6,17,0,37,0,0,199,0,199,14,6,216,0,236,122,0,122,358
03/02/2020,TTN,NJ,AEA,EN,Federal Contract Tower,18,7,21,0,46,0,0,227,0,227,18,7,248,0,273,145,0,145,418
03/03/2020,TTN,NJ,AEA,EN,Federal Contract Tower,14,11,40,2,67,0,0,106,0,106,14,11,146,2,173,122,0,122,295
03/04/2020,TTN,NJ,AEA,EN,Federal Contract Tower,18,8,21,1,48,0,0,180,0,180,18,8,201,1,228,142,0,142,370
03/05/2020,TTN,NJ,AEA,EN,Federal Contract Tower,10,15,28,3,56,0,0,307,0,307,10,15,335,3,363,196,0,196,559
03/06/2020,TTN,NJ,AEA,EN,Federal Contract Tower,18,20,31,2,71,0,0,48,0,48,18,20,79,2,119,128,0,128,247
03/07/2020,TTN,NJ,AEA,EN,Federal Contract Tower,20,6,20,2,48,0,0,133,0,133,20,6,153,2,181,121,0,121,302
03/08/2020,TTN,NJ,AEA,EN,Federal Contract Tower,9,8,17,0,34,0,0,219,0,219,9,8,236,0,253,117,0,117,370
03/09/2020,TTN,NJ,AEA,EN,Federal Contract Tower,18,2,29,0,49,0,0,268,0,268,18,2,297,0,317,236,0,236,553
03/10/2020,TTN,NJ,AEA,EN,Federal Contract Tower,15,11,13,2,41,0,0,132,7,139,15,11,145,9,180,64,4,68,248
03/11/2020,TTN,NJ,AEA,EN,Federal Contract Tower,17,17,21,1,56,0,0,277,0,277,17,17,298,1,333,171,0,171,504
03/12/2020,TTN,NJ,AEA,EN,Federal Contract Tower,10,19,46,2,77,0,0,217,0,217,10,19,263,2,294,192,0,192,486
03/13/2020,TTN,NJ,AEA,EN,Federal Contract Tower,17,13,33,0,63,0,1,65,0,66,17,14,98,0,129,0,8,8,137
03/14/2020,TTN,NJ,AEA,EN,Federal Contract Tower,19,19,18,0,56,0,0,184,0,184,19,19,202,0,240,182,0,182,422
03/15/2020,TTN,NJ,AEA,EN,Federal Contract Tower,11,14,22,0,47,0,0,168,0,168,11,14,190,0,215,75,0,75,290
03/16/2020,TTN,NJ,AEA,EN,Federal Contract Tower,18,14,14,0,46,0,0,102,0,102,18,14,116,0,148,86,0,86,234
03/17/2020,TTN,NJ,AEA,EN,Federal Contract Tower,14,9,19,0,42,0,0,37,4,41,14,9,56,4,83,15,0,15,98
03/18/2020,TTN,NJ,AEA,EN,Federal Contract Tower,17,6,16,4,43,0,0,91,0,91,17,6,107,4,134,99,0,99,233
03/19/2020,TTN,NJ,AEA,EN,Federal Contract Tower,12,10,9,3,34,0,0,0,0,0,12,10,9,3,34,0,0,0,34
03/20/2020,TTN,NJ,AEA,EN,Federal Contract Tower,20,2,18,1,41,0,0,9,0,9,20,2,27,1,50,4,0,4,54
03/21/2020,TTN,NJ,AEA,EN,Federal Contract Tower,17,9,17,1,44,0,0,80,0,80,17,9,97,1,124,99,0,99,223
03/22/2020,TTN,NJ,AEA,EN,Federal Contract Tower,10,8,10,0,28,0,0,74,0,74,10,8,84,0,102,48,0,48,150
03/23/2020,TTN,NJ,AEA,EN,Federal Contract Tower,17,8,2,0,27,0,0,0,0,0,17,8,2,0,27,0,0,0,27
03/24/2020,TTN,NJ,AEA,EN,Federal Contract Tower,9,4,2,5,20,0,0,38,2,40,9,4,40,7,60,58,0,58,118
03/25/2020,TTN,NJ,AEA,EN,Federal Contract Tower,17,2,0,1,20,0,0,0,0,0,17,2,0,1,20,0,0,0,20
03/26/2020,TTN,NJ,AEA,EN,Federal Contract Tower,7,6,8,0,21,0,0,99,0,99,7,6,107,0,120,163,0,163,283
03/27/2020,TTN,NJ,AEA,EN,Federal Contract Tower,9,1,5,0,15,0,0,30,0,30,9,1,35,0,45,49,0,49,94
03/28/2020,TTN,NJ,AEA,EN,Federal Contract Tower,4,2,0,0,6,0,0,1,0,1,4,2,1,0,7,0,0,0,7
03/29/2020,TTN,NJ,AEA,EN,Federal Contract Tower,0,6,0,0,6,0,0,0,0,0,0,6,0,0,6,0,0,0,6
03/30/2020,TTN,NJ,AEA,EN,Federal Contract Tower,0,6,10,0,16,0,0,2,0,2,0,6,12,0,18,8,0,8,26
03/31/2020,TTN,NJ,AEA,EN,Federal Contract Tower,0,3,2,0,5,0,0,60,0,60,0,3,62,0,65,6,0,6,71
04/01/2020,TTN,NJ,AEA,EN,Federal Contract Tower,5,3,3,0,11,0,0,59,0,59,5,3,62,0,70,100,0,100,170
04/02/2020,TTN,NJ,AEA,EN,Federal Contract Tower,1,0,1,0,2,0,0,32,0,32,1,0,33,0,34,0,2,2,36
04/03/2020,TTN,NJ,AEA,EN,Federal Contract Tower,0,1,4,0,5,0,0,15,0,15,0,1,19,0,20,34,0,34,54
04/04/2020,TTN,NJ,AEA,EN,Federal Contract Tower,4,1,11,0,16,0,0,42,0,42,4,1,53,0,58,40,0,40,98
04/05/2020,TTN,NJ,AEA,EN,Federal Contract Tower,2,3,0,0,5,0,0,43,0,43,2,3,43,0,48,56,0,56,104
04/06/2020,TTN,NJ,AEA,EN,Federal Contract Tower,0,1,16,0,17,0,0,57,0,57,0,1,73,0,74,50,0,50,124
04/07/2020,TTN,NJ,AEA,EN,Federal Contract Tower,0,4,2,0,6,0,0,29,0,29,0,4,31,0,35,64,0,64,99
04/08/2020,TTN,NJ,AEA,EN,Federal Contract Tower,0,3,7,0,10,0,0,27,3,30,0,3,34,3,40,45,2,47,87
04/09/2020,TTN,NJ,AEA,EN,Federal Contract Tower,0,0,1,0,1,0,0,2,0,2,0,0,3,0,3,0,0,0,3
04/10/2020,TTN,NJ,AEA,EN,Federal Contract Tower,2,0,4,0,6,0,0,5,0,5,2,0,9,0,11,0,0,0,11
04/11/2020,TTN,NJ,AEA,EN,Federal Contract Tower,2,0,8,0,10,0,0,28,0,28,2,0,36,0,38,6,0,6,44
04/12/2020,TTN,NJ,AEA,EN,Federal Contract Tower,0,0,3,0,3,0,0,22,0,22,0,0,25,0,25,36,0,36,61
04/13/2020,TTN,NJ,AEA,EN,Federal Contract Tower,2,2,2,0,6,0,0,0,0,0,2,2,2,0,6,12,0,12,18
04/14/2020,TTN,NJ,AEA,EN,Federal Contract Tower,0,3,9,0,12,0,0,54,0,54,0,3,63,0,66,36,0,36,102
04/15/2020,TTN,NJ,AEA,EN,Federal Contract Tower,0,2,1,0,3,0,1,27,2,30,0,3,28,2,33,22,0,22,55
04/16/2020,TTN,NJ,AEA,EN,Federal Contract Tower,0,2,5,0,7,0,1,50,0,51,0,3,55,0,58,16,0,16,74
04/17/2020,TTN,NJ,AEA,EN,Federal Contract Tower,2,3,2,0,7,0,0,38,0,38,2,3,40,0,45,31,0,31,76
04/18/2020,TTN,NJ,AEA,EN,Federal Contract Tower,2,1,5,0,8,0,0,9,0,9,2,1,14,0,17,4,0,4,21
04/19/2020,TTN,NJ,AEA,EN,Federal Contract Tower,0,2,3,1,6,0,0,39,0,39,0,2,42,1,45,20,0,20,65
04/20/2020,TTN,NJ,AEA,EN,Federal Contract Tower,2,2,8,0,12,0,0,46,0,46,2,2,54,0,58,104,0,104,162
04/21/2020,TTN,NJ,AEA,EN,Federal Contract Tower,0,4,3,2,9,0,0,15,0,15,0,4,18,2,24,8,0,8,32
04/22/2020,TTN,NJ,AEA,EN,Federal Contract Tower,0,4,10,0,14,0,0,67,0,67,0,4,77,0,81,72,0,72,153
04/23/2020,TTN,NJ,AEA,EN,Federal Contract Tower,0,3,7,0,10,0,0,71,0,71,0,3,78,0,81,131,0,131,212
04/24/2020,TTN,NJ,AEA,EN,Federal Contract Tower,2,3,5,1,11,0,0,1,0,1,2,3,6,1,12,0,0,0,12
04/25/2020,TTN,NJ,AEA,EN,Federal Contract Tower,2,6,6,0,14,0,0,101,0,101,2,6,107,0,115,187,0,187,302
04/26/2020,TTN,NJ,AEA,EN,Federal Contract Tower,0,7,2,0,9,0,0,0,0,0,0,7,2,0,9,0,0,0,9
04/27/2020,TTN,NJ,AEA,EN,Federal Contract Tower,2,4,8,0,14,0,0,24,0,24,2,4,32,0,38,4,0,4,42
04/28/2020,TTN,NJ,AEA,EN,Federal Contract Tower,0,6,11,2,19,0,0,111,0,111,0,6,122,2,130,173,0,173,303
04/29/2020,TTN,NJ,AEA,EN,Federal Contract Tower,0,1,3,2,6,0,0,34,0,34,0,1,37,2,40,75,0,75,115
04/30/2020,TTN,NJ,AEA,EN,Federal Contract Tower,0,7,0,0,7,0,0,0,0,0,0,7,0,0,7,8,0,8,15
05/01/2020,TTN,NJ,AEA,EN,Federal Contract Tower,2,7,12,0,21,0,0,23,0,23,2,7,35,0,44,34,0,34,78
05/02/2020,TTN,NJ,AEA,EN,Federal Contract Tower,2,2,8,0,12,0,0,87,0,87,2,2,95,0,99,124,0,124,223
05/03/2020,TTN,NJ,AEA,EN,Federal Contract Tower,0,1,6,0,7,0,0,63,0,63,0,1,69,0,70,57,0,57,127
05/04/2020,TTN,NJ,AEA,EN,Federal Contract Tower,4,4,10,0,18,0,0,42,0,42,4,4,52,0,60,42,0,42,102
05/05/2020,TTN,NJ,AEA,EN,Federal Contract Tower,0,3,17,0,20,0,0,63,0,63,0,3,80,0,83,137,0,137,220
05/06/2020,TTN,NJ,AEA,EN,Federal Contract Tower,0,7,4,0,11,0,0,19,0,19,0,7,23,0,30,67,0,67,97
05/07/2020,TTN,NJ,AEA,EN,Federal Contract Tower,5,3,5,3,16,0,0,86,6,92,5,3,91,9,108,132,0,132,240
05/08/2020,TTN,NJ,AEA,EN,Federal Contract Tower,5,4,17,0,26,0,0,46,0,46,5,4,63,0,72,83,0,83,155
05/09/2020,TTN,NJ,AEA,EN,Federal Contract Tower,1,1,1,0,3,0,0,20,0,20,1,1,21,0,23,0,0,0,23
05/10/2020,TTN,NJ,AEA,EN,Federal Contract Tower,2,3,4,0,9,0,0,42,0,42,2,3,46,0,51,76,0,76,127
05/11/2020,TTN,NJ,AEA,EN,Federal Contract Tower,2,9,8,0,19,0,0,40,0,40,2,9,48,0,59,36,0,36,95
05/12/2020,TTN,NJ,AEA,EN,Federal Contract Tower,0,3,17,2,22,0,0,58,0,58,0,3,75,2,80,84,0,84,164
05/13/2020,TTN,NJ,AEA,EN,Federal Contract Tower,0,5,10,2,17,0,0,103,0,103,0,5,113,2,120,144,0,144,264
05/14/2020,TTN,NJ,AEA,EN,Federal Contract Tower,2,8,10,2,22,0,0,94,4,98,2,8,104,6,120,156,2,158,278
05/15/2020,TTN,NJ,AEA,EN,Federal Contract Tower,1,5,15,0,21,0,0,72,0,72,1,5,87,0,93,114,0,114,207
05/16/2020,TTN,NJ,AEA,EN,Federal Contract Tower,0,2,6,0,8,0,0,89,0,89,0,2,95,0,97,146,0,146,243
05/17/2020,TTN,NJ,AEA,EN,Federal Contract Tower,2,5,10,0,17,0,0,50,0,50,2,5,60,0,67,41,0,41,108
05/18/2020,TTN,NJ,AEA,EN,Federal Contract Tower,2,3,7,0,12,0,0,63,0,63,2,3,70,0,75,70,0,70,145
05/19/2020,TTN,NJ,AEA,EN,Federal Contract Tower,0,11,6,0,17,0,0,16,0,16,0,11,22,0,33,28,0,28,61
05/20/2020,TTN,NJ,AEA,EN,Federal Contract Tower,0,1,7,0,8,0,2,50,0,52,0,3,57,0,60,114,0,114,174
05/21/2020,TTN,NJ,AEA,EN,Federal Contract Tower,3,3,13,2,21,0,0,119,4,123,3,3,132,6,144,143,0,143,287
05/22/2020,TTN,NJ,AEA,EN,Federal Contract Tower,3,5,9,0,17,0,1,21,2,24,3,6,30,2,41,56,0,56,97
05/23/2020,TTN,NJ,AEA,EN,Federal Contract Tower,1,7,13,0,21,0,0,8,1,9,1,7,21,1,30,17,0,17,47
05/24/2020,TTN,NJ,AEA,EN,Federal Contract Tower,3,10,13,0,26,0,0,43,0,43,3,10,56,0,69,84,0,84,153
05/25/2020,TTN,NJ,AEA,EN,Federal Contract Tower,4,5,14,0,23,0,0,66,0,66,4,5,80,0,89,68,0,68,157
05/26/2020,TTN,NJ,AEA,EN,Federal Contract Tower,1,8,16,5,30,0,0,49,0,49,1,8,65,5,79,101,0,101,180
05/27/2020,TTN,NJ,AEA,EN,Federal Contract Tower,0,8,17,2,27,0,0,31,0,31,0,8,48,2,58,137,0,137,195
05/28/2020,TTN,NJ,AEA,EN,Federal Contract Tower,3,6,4,4,17,0,0,1,0,1,3,6,5,4,18,0,0,0,18
05/29/2020,TTN,NJ,AEA,EN,Federal Contract Tower,4,6,12,0,22,0,0,10,0,10,4,6,22,0,32,2,0,2,34
05/30/2020,TTN,NJ,AEA,EN,Federal Contract Tower,1,0,16,1,18,0,0,90,4,94,1,0,106,5,112,66,0,66,178
05/31/2020,TTN,NJ,AEA,EN,Federal Contract Tower,3,13,9,0,25,0,0,92,0,92,3,13,101,0,117,49,0,49,166
06/01/2020,TTN,NJ,AEA,EN,Federal Contract Tower,2,10,13,0,25,0,1,89,0,90,2,11,102,0,115,99,0,99,214
06/02/2020,TTN,NJ,AEA,EN,Federal Contract Tower,1,13,13,0,27,0,0,80,0,80,1,13,93,0,107,137,0,137,244
06/03/2020,TTN,NJ,AEA,EN,Federal Contract Tower,0,8,7,0,15,0,0,42,0,42,0,8,49,0,57,33,0,33,90
06/04/2020,TTN,NJ,AEA,EN,Federal Contract Tower,3,7,11,0,21,0,0,98,4,102,3,7,109,4,123,139,0,139,262
06/05/2020,TTN,NJ,AEA,EN,Federal Contract Tower,4,9,29,2,44,0,0,16,0,16,4,9,45,2,60,46,0,46,106
06/06/2020,TTN,NJ,AEA,EN,Federal Contract Tower,1,3,21,0,25,0,0,72,0,72,1,3,93,0,97,66,0,66,163
06/07/2020,TTN,NJ,AEA,EN,Federal Contract Tower,3,5,29,0,37,0,0,56,0,56,3,5,85,0,93,40,0,40,133
06/08/2020,TTN,NJ,AEA,EN,Federal Contract Tower,4,4,21,1,30,0,0,97,0,97,4,4,118,1,127,135,2,137,264
06/09/2020,TTN,NJ,AEA,EN,Federal Contract Tower,1,13,15,2,31,0,0,103,0,103,1,13,118,2,134,158,0,158,292
06/10/2020,TTN,NJ,AEA,EN,Federal Contract Tower,0,4,14,1,19,0,0,92,6,98,0,4,106,7,117,143,2,145,262
06/11/2020,TTN,NJ,AEA,EN,Federal Contract Tower,3,6,30,2,41,0,0,25,2,27,3,6,55,4,68,24,0,24,92
06/12/2020,TTN,NJ,AEA,EN,Federal Contract Tower,4,8,29,2,43,0,0,42,2,44,4,8,71,4,87,0,0,0,87
06/13/2020,TTN,NJ,AEA,EN,Federal Contract Tower,1,9,18,0,28,0,0,23,0,23,1,9,41,0,51,0,0,0,51
06/14/2020,TTN,NJ,AEA,EN,Federal Contract Tower,4,10,18,0,32,0,0,42,0,42,4,10,60,0,74,2,0,2,76
06/15/2020,TTN,NJ,AEA,EN,Federal Contract Tower,4,3,17,2,26,0,0,98,0,98,4,3,115,2,124,136,0,136,260
06/16/2020,TTN,NJ,AEA,EN,Federal Contract Tower,1,6,27,2,36,0,0,67,2,69,1,6,94,4,105,140,0,140,245
06/17/2020,TTN,NJ,AEA,EN,Federal Contract Tower,0,3,21,1,25,0,0,101,0,101,0,3,122,1,126,184,0,184,310
06/18/2020,TTN,NJ,AEA,EN,Federal Contract Tower,3,12,9,2,26,0,0,23,0,23,3,12,32,2,49,46,0,46,95
06/19/2020,TTN,NJ,AEA,EN,Federal Contract Tower,2,13,23,0,38,0,0,79,0,79,2,13,102,0,117,171,0,171,288
06/20/2020,TTN,NJ,AEA,EN,Federal Contract Tower,2,8,7,0,17,0,1,48,0,49,2,9,55,0,66,82,0,82,148
06/21/2020,TTN,NJ,AEA,EN,Federal Contract Tower,3,10,25,0,38,0,0,28,0,28,3,10,53,0,66,27,0,27,93
06/22/2020,TTN,NJ,AEA,EN,Federal Contract Tower,2,9,5,0,16,0,1,86,0,87,2,10,91,0,103,121,0,121,224
06/23/2020,TTN,NJ,AEA,EN,Federal Contract Tower,2,4,28,0,34,0,0,93,4,97,2,4,121,4,131,175,0,175,306
06/24/2020,TTN,NJ,AEA,EN,Federal Contract Tower,0,14,22,0,36,0,1,142,0,143,0,15,164,0,179,161,0,161,340
06/25/2020,TTN,NJ,AEA,EN,Federal Contract Tower,4,6,16,0,26,0,0,143,0,143,4,6,159,0,169,203,0,203,372
06/26/2020,TTN,NJ,AEA,EN,Federal Contract Tower,5,6,7,0,18,0,0,123,0,123,5,6,130,0,141,88,0,88,229
06/27/2020,TTN,NJ,AEA,EN,Federal Contract Tower,2,9,9,0,20,0,0,41,0,41,2,9,50,0,61,20,0,20,81
06/28/2020,TTN,NJ,AEA,EN,Federal Contract Tower,3,13,16,0,32,0,2,60,0,62,3,15,76,0,94,84,0,84,178
06/29/2020,TTN,NJ,AEA,EN,Federal Contract Tower,4,5,20,1,30,0,0,119,0,119,4,5,139,1,149,90,0,90,239
06/30/2020,TTN,NJ,AEA,EN,Federal Contract Tower,3,11,23,0,37,0,0,94,2,96,3,11,117,2,133,170,2,172,305
07/01/2020,TTN,NJ,AEA,EN,Federal Contract Tower,2,5,16,0,23,0,0,70,2,72,2,5,86,2,95,134,0,134,229
07/02/2020,TTN,NJ,AEA,EN,Federal Contract Tower,13,8,21,0,42,0,0,166,0,166,13,8,187,0,208,103,0,103,311
07/03/2020,TTN,NJ,AEA,EN,Federal Contract Tower,4,6,10,0,20,0,0,102,0,102,4,6,112,0,122,221,0,221,343
07/04/2020,TTN,NJ,AEA,EN,Federal Contract Tower,3,0,7,0,10,0,0,47,0,47,3,0,54,0,57,90,0,90,147
07/05/2020,TTN,NJ,AEA,EN,Federal Contract Tower,13,15,16,0,44,0,0,66,0,66,13,15,82,0,110,87,0,87,197
07/06/2020,TTN,NJ,AEA,EN,Federal Contract Tower,9,11,13,0,33,0,1,65,0,66,9,12,78,0,99,121,0,121,220
07/07/2020,TTN,NJ,AEA,EN,Federal Contract Tower,4,11,30,0,45,0,0,89,0,89,4,11,119,0,134,158,0,158,292
07/08/2020,TTN,NJ,AEA,EN,Federal Contract Tower,4,5,31,2,42,0,1,55,0,56,4,6,86,2,98,96,0,96,194
07/09/2020,TTN,NJ,AEA,EN,Federal Contract Tower,7,6,41,1,55,0,0,154,0,154,7,6,195,1,209,184,0,184,393
07/10/2020,TTN,NJ,AEA,EN,Federal Contract Tower,1,11,17,0,29,0,0,0,0,0,1,11,17,0,29,0,0,0,29
07/11/2020,TTN,NJ,AEA,EN,Federal Contract Tower,4,11,40,0,55,0,0,61,0,61,4,11,101,0,116,108,0,108,224
07/12/2020,TTN,NJ,AEA,EN,Federal Contract Tower,7,9,12,0,28,0,0,127,0,127,7,9,139,0,155,124,0,124,279
07/13/2020,TTN,NJ,AEA,EN,Federal Contract Tower,4,7,13,0,24,0,0,147,0,147,4,7,160,0,171,184,0,184,355
07/14/2020,TTN,NJ,AEA,EN,Federal Contract Tower,5,10,19,0,34,0,0,145,0,145,5,10,164,0,179,212,0,212,391
07/15/2020,TTN,NJ,AEA,EN,Federal Contract Tower,4,15,26,0,45,0,0,191,0,191,4,15,217,0,236,241,0,241,477
07/16/2020,TTN,NJ,AEA,EN,Federal Contract Tower,6,10,24,0,40,0,1,171,0,172,6,11,195,0,212,250,0,250,462
07/17/2020,TTN,NJ,AEA,EN,Federal Contract Tower,3,8,29,0,40,0,0,71,0,71,3,8,100,0,111,95,0,95,206
07/18/2020,TTN,NJ,AEA,EN,Federal Contract Tower,5,5,13,0,23,0,0,138,0,138,5,5,151,0,161,127,0,127,288
07/19/2020,TTN,NJ,AEA,EN,Federal Contract Tower,5,4,28,0,37,0,0,107,2,109,5,4,135,2,146,90,0,90,236
07/20/2020,TTN,NJ,AEA,EN,Federal Contract Tower,3,12,24,0,39,0,0,142,0,142,3,12,166,0,181,195,0,195,376
07/21/2020,TTN,NJ,AEA,EN,Federal Contract Tower,3,7,18,0,28,0,0,167,0,167,3,7,185,0,195,295,0,295,490
07/22/2020,TTN,NJ,AEA,EN,Federal Contract Tower,3,7,11,0,21,0,0,135,0,135,3,7,146,0,156,181,0,181,337
07/23/2020,TTN,NJ,AEA,EN,Federal Contract Tower,3,7,38,0,48,0,0,48,0,48,3,7,86,0,96,54,0,54,150
07/24/2020,TTN,NJ,AEA,EN,Federal Contract Tower,3,12,37,0,52,0,0,23,0,23,3,12,60,0,75,19,0,19,94
07/25/2020,TTN,NJ,AEA,EN,Federal Contract Tower,3,3,40,0,46,0,0,27,0,27,3,3,67,0,73,0,0,0,73
07/26/2020,TTN,NJ,AEA,EN,Federal Contract Tower,3,4,28,0,35,0,0,88,0,88,3,4,116,0,123,28,0,28,151
07/27/2020,TTN,NJ,AEA,EN,Federal Contract Tower,1,6,18,0,25,0,0,156,0,156,1,6,174,0,181,144,0,144,325
07/28/2020,TTN,NJ,AEA,EN,Federal Contract Tower,3,7,23,0,33,0,0,129,2,131,3,7,152,2,164,182,0,182,346
07/29/2020,TTN,NJ,AEA,EN,Federal Contract Tower,1,6,24,1,32,0,0,190,0,190,1,6,214,1,222,226,0,226,448
07/30/2020,TTN,NJ,AEA,EN,Federal Contract Tower,3,5,21,0,29,0,0,216,0,216,3,5,237,0,245,244,0,244,489
07/31/2020,TTN,NJ,AEA,EN,Federal Contract Tower,1,5,23,0,29,0,0,68,0,68,1,5,91,0,97,118,0,118,215
08/01/2020,TTN,NJ,AEA,EN,Federal Contract Tower,6,11,18,0,35,0,0,166,0,166,6,11,184,0,201,171,0,171,372
08/02/2020,TTN,NJ,AEA,EN,Federal Contract Tower,4,2,17,0,23,0,0,33,0,33,4,2,50,0,56,44,0,44,100
08/03/2020,TTN,NJ,AEA,EN,Federal Contract Tower,5,11,32,0,48,0,1,131,0,132,5,12,163,0,180,160,0,160,340
08/04/2020,TTN,NJ,AEA,EN,Federal Contract Tower,1,2,5,0,8,0,0,0,0,0,1,2,5,0,8,18,0,18,26
08/05/2020,TTN,NJ,AEA,EN,Federal Contract Tower,2,13,26,0,41,0,0,113,2,115,2,13,139,2,156,343,0,343,499
08/06/2020,TTN,NJ,AEA,EN,Federal Contract Tower,3,5,26,0,34,0,0,158,0,158,3,5,184,0,192,215,0,215,407
08/07/2020,TTN,NJ,AEA,EN,Federal Contract Tower,3,5,25,0,33,0,0,7,2,9,3,5,32,2,42,0,0,0,42
08/08/2020,TTN,NJ,AEA,EN,Federal Contract Tower,3,7,34,0,44,0,0,42,0,42,3,7,76,0,86,14,0,14,100
08/09/2020,TTN,NJ,AEA,EN,Federal Contract Tower,6,9,46,0,61,0,0,109,0,109,6,9,155,0,170,30,0,30,200
08/10/2020,TTN,NJ,AEA,EN,Federal Contract Tower,1,7,35,0,43,0,1,195,0,196,1,8,230,0,239,206,0,206,445
08/11/2020,TTN,NJ,AEA,EN,Federal Contract Tower,0,13,34,0,47,0,0,80,0,80,0,13,114,0,127,150,0,150,277
08/12/2020,TTN,NJ,AEA,EN,Federal Contract Tower,0,12,31,0,43,0,0,70,0,70,0,12,101,0,113,109,0,109,222
08/13/2020,TTN,NJ,AEA,EN,Federal Contract Tower,3,14,23,0,40,0,0,51,0,51,3,14,74,0,91,23,0,23,114
08/14/2020,TTN,NJ,AEA,EN,Federal Contract Tower,3,8,33,5,49,0,0,88,0,88,3,8,121,5,137,125,0,125,262
08/15/2020,TTN,NJ,AEA,EN,Federal Contract Tower,3,14,29,0,46,0,0,74,0,74,3,14,103,0,120,0,0,0,120
08/16/2020,TTN,NJ,AEA,EN,Federal Contract Tower,6,10,12,1,29,0,0,16,2,18,6,10,28,3,47,0,0,0,47
08/17/2020,TTN,NJ,AEA,EN,Federal Contract Tower,1,8,29,0,38,0,0,137,0,137,1,8,166,0,175,136,0,136,311
08/18/2020,TTN,NJ,AEA,EN,Federal Contract Tower,0,9,32,0,41,0,0,140,0,140,0,9,172,0,181,228,0,228,409
08/19/2020,TTN,NJ,AEA,EN,Federal Contract Tower,0,2,27,0,29,0,0,112,0,112,0,2,139,0,141,161,0,161,302
08/20/2020,TTN,NJ,AEA,EN,Federal Contract Tower,3,5,41,0,49,0,0,257,0,257,3,5,298,0,306,261,0,261,567
08/21/2020,TTN,NJ,AEA,EN,Federal Contract Tower,3,5,32,0,40,0,0,199,0,199,3,5,231,0,239,220,0,220,459
08/22/2020,TTN,NJ,AEA,EN,Federal Contract Tower,3,8,20,0,31,0,0,125,0,125,3,8,145,0,156,179,0,179,335
08/23/2020,TTN,NJ,AEA,EN,Federal Contract Tower,6,10,28,0,44,0,0,62,0,62,6,10,90,0,106,28,0,28,134
08/24/2020,TTN,NJ,AEA,EN,Federal Contract Tower,1,7,14,0,22,0,0,155,0,155,1,7,169,0,177,147,0,147,324
08/25/2020,TTN,NJ,AEA,EN,Federal Contract Tower,0,7,20,0,27,0,0,125,0,125,0,7,145,0,152,145,0,145,297
08/26/2020,TTN,NJ,AEA,EN,Federal Contract Tower,0,9,20,0,29,0,0,170,0,170,0,9,190,0,199,241,0,241,440
08/27/2020,TTN,NJ,AEA,EN,Federal Contract Tower,3,14,23,0,40,0,0,111,2,113,3,14,134,2,153,111,0,111,264
08/28/2020,TTN,NJ,AEA,EN,Federal Contract Tower,3,9,24,0,36,0,2,91,0,93,3,11,115,0,129,128,0,128,257
08/29/2020,TTN,NJ,AEA,EN,Federal Contract Tower,3,7,12,0,22,0,0,4,0,4,3,7,16,0,26,0,0,0,26
08/30/2020,TTN,NJ,AEA,EN,Federal Contract Tower,4,6,15,0,25,0,0,176,0,176,4,6,191,0,201,163,0,163,364
08/31/2020,TTN,NJ,AEA,EN,Federal Contract Tower,1,6,21,0,28,0,0,131,0,131,1,6,152,0,159,221,0,221,380
09/01/2020,TTN,NJ,AEA,EN,Federal Contract Tower,0,9,42,0,51,0,0,62,0,62,0,9,104,0,113,307,0,307,420
09/02/2020,TTN,NJ,AEA,EN,Federal Contract Tower,0,5,29,0,34,0,0,37,2,39,0,5,66,2,73,114,0,114,187
09/03/2020,TTN,NJ,AEA,EN,Federal Contract Tower,3,6,20,2,31,0,0,178,0,178,3,6,198,2,209,215,0,215,424
09/04/2020,TTN,NJ,AEA,EN,Federal Contract Tower,4,10,8,0,22,0,0,153,0,153,4,10,161,0,175,185,0,185,360
09/05/2020,TTN,NJ,AEA,EN,Federal Contract Tower,4,10,15,0,29,0,0,134,0,134,4,10,149,0,163,107,0,107,270
09/06/2020,TTN,NJ,AEA,EN,Federal Contract Tower,4,9,14,0,27,0,0,133,0,133,4,9,147,0,160,118,0,118,278
09/07/2020,TTN,NJ,AEA,EN,Federal Contract Tower,4,9,5,0,18,0,0,143,0,143,4,9,148,0,161,183,0,183,344
09/08/2020,TTN,NJ,AEA,EN,Federal Contract Tower,1,8,24,4,37,0,0,140,0,140,1,8,164,4,177,182,0,182,359
09/09/2020,TTN,NJ,AEA,EN,Federal Contract Tower,2,10,46,0,58,0,0,33,0,33,2,10,79,0,91,82,0,82,173
09/10/2020,TTN,NJ,AEA,EN,Federal Contract Tower,6,9,26,1,42,0,0,16,0,16,6,9,42,1,58,34,0,34,92
09/11/2020,TTN,NJ,AEA,EN,Federal Contract Tower,2,2,30,0,34,0,0,166,0,166,2,2,196,0,200,201,0,201,401
09/12/2020,TTN,NJ,AEA,EN,Federal Contract Tower,1,3,19,5,28,0,0,161,0,161,1,3,180,5,189,116,0,116,305
09/13/2020,TTN,NJ,AEA,EN,Federal Contract Tower,3,3,33,0,39,0,0,121,0,121,3,3,154,0,160,205,0,205,365
09/14/2020,TTN,NJ,AEA,EN,Federal Contract Tower,4,12,16,0,32,0,0,180,0,180,4,12,196,0,212,200,0,200,412
09/15/2020,TTN,NJ,AEA,EN,Federal Contract Tower,4,11,27,0,42,0,0,159,0,159,4,11,186,0,201,178,0,178,379
09/16/2020,TTN,NJ,AEA,EN,Federal Contract Tower,2,12,23,0,37,0,0,190,0,190,2,12,213,0,227,226,0,226,453
09/17/2020,TTN,NJ,AEA,EN,Federal Contract Tower,6,16,39,0,61,0,0,154,0,154,6,16,193,0,215,210,0,210,425
09/18/2020,TTN,NJ,AEA,EN,Federal Contract Tower,4,10,36,0,50,0,0,134,0,134,4,10,170,0,184,200,0,200,384
09/19/2020,TTN,NJ,AEA,EN,Federal Contract Tower,1,5,26,0,32,0,0,141,0,141,1,5,167,0,173,133,0,133,306
09/20/2020,TTN,NJ,AEA,EN,Federal Contract Tower,4,9,14,0,27,0,0,196,0,196,4,9,210,0,223,187,0,187,410
09/21/2020,TTN,NJ,AEA,EN,Federal Contract Tower,4,7,18,1,30,0,0,174,0,174,4,7,192,1,204,129,0,129,333
09/22/2020,TTN,NJ,AEA,EN,Federal Contract Tower,6,4,23,0,33,0,0,212,0,212,6,4,235,0,245,173,0,173,418
09/23/2020,TTN,NJ,AEA,EN,Federal Contract Tower,2,23,20,0,45,0,0,172,2,174,2,23,192,2,219,180,0,180,399
09/24/2020,TTN,NJ,AEA,EN,Federal Contract Tower,5,13,16,0,34,0,0,184,0,184,5,13,200,0,218,165,0,165,383
09/25/2020,TTN,NJ,AEA,EN,Federal Contract Tower,3,13,29,0,45,0,0,149,0,149,3,13,178,0,194,258,0,258,452
09/26/2020,TTN,NJ,AEA,EN,Federal Contract Tower,2,11,24,0,37,0,0,52,0,52,2,11,76,0,89,124,0,124,213
09/27/2020,TTN,NJ,AEA,EN,Federal Contract Tower,4,10,39,0,53,0,0,89,0,89,4,10,128,0,142,111,0,111,253
09/28/2020,TTN,NJ,AEA,EN,Federal Contract Tower,4,8,29,1,42,0,0,60,0,60,4,8,89,1,102,112,0,112,214
09/29/2020,TTN,NJ,AEA,EN,Federal Contract Tower,5,9,30,3,47,0,0,2,0,2,5,9,32,3,49,0,0,0,49
09/30/2020,TTN,NJ,AEA,EN,Federal Contract Tower,3,12,17,2,34,0,0,140,0,140,3,12,157,2,174,126,0,126,300
10/01/2020,TTN,NJ,AEA,EN,Federal Contract Tower,3,8,34,4,49,0,0,203,0,203,3,8,237,4,252,133,0,133,385
10/02/2020,TTN,NJ,AEA,EN,Federal Contract Tower,4,9,27,0,40,0,0,185,0,185,4,9,212,0,225,259,0,259,484
10/03/2020,TTN,NJ,AEA,EN,Federal Contract Tower,2,15,19,0,36,0,0,211,0,211,2,15,230,0,247,172,0,172,419
10/04/2020,TTN,NJ,AEA,EN,Federal Contract Tower,4,8,27,1,40,0,0,196,0,196,4,8,223,1,236,184,0,184,420
10/05/2020,TTN,NJ,AEA,EN,Federal Contract Tower,4,4,28,0,36,0,0,135,0,135,4,4,163,0,171,267,0,267,438
10/06/2020,TTN,NJ,AEA,EN,Federal Contract Tower,4,1,15,1,21,0,0,158,0,158,4,1,173,1,179,181,0,181,360
10/07/2020,TTN,NJ,AEA,EN,Federal Contract Tower,3,0,16,0,19,0,0,106,0,106,3,0,122,0,125,98,0,98,223
10/08/2020,TTN,NJ,AEA,EN,Federal Contract Tower,2,10,30,0,42,0,0,190,3,193,2,10,220,3,235,196,2,198,433
10/09/2020,TTN,NJ,AEA,EN,Federal Contract Tower,4,8,23,0,35,0,0,214,0,214,4,8,237,0,249,186,0,186,435
10/10/2020,TTN,NJ,AEA,EN,Federal Contract Tower,4,5,14,0,23,0,0,147,0,147,4,5,161,0,170,140,0,140,310
10/11/2020,TTN,NJ,AEA,EN,Federal Contract Tower,2,11,25,0,38,0,0,60,0,60,2,11,85,0,98,79,0,79,177
10/12/2020,TTN,NJ,AEA,EN,Federal Contract Tower,9,18,11,0,38,0,0,0,0,0,9,18,11,0,38,0,0,0,38
10/13/2020,TTN,NJ,AEA,EN,Federal Contract Tower,4,5,46,2,57,0,0,7,0,7,4,5,53,2,64,37,0,37,101
10/14/2020,TTN,NJ,AEA,EN,Federal Contract Tower,4,3,29,2,38,0,0,199,2,201,4,3,228,4,239,186,0,186,425
10/15/2020,TTN,NJ,AEA,EN,Federal Contract Tower,4,19,29,2,54,0,0,238,0,238,4,19,267,2,292,211,0,211,503
10/16/2020,TTN,NJ,AEA,EN,Federal Contract Tower,5,11,26,4,46,0,0,6,0,6,5,11,32,4,52,8,0,8,60
10/17/2020,TTN,NJ,AEA,EN,Federal Contract Tower,4,10,23,0,37,0,0,189,0,189,4,10,212,0,226,222,0,222,448
10/18/2020,TTN,NJ,AEA,EN,Federal Contract Tower,4,18,20,0,42,0,0,186,0,186,4,18,206,0,228,221,0,221,449
10/19/2020,TTN,NJ,AEA,EN,Federal Contract Tower,4,12,31,0,47,0,0,138,0,138,4,12,169,0,185,198,0,198,383
10/20/2020,TTN,NJ,AEA,EN,Federal Contract Tower,4,11,39,0,54,0,0,44,0,44,4,11,83,0,98,131,0,131,229
10/21/2020,TTN,NJ,AEA,EN,Federal Contract Tower,4,14,44,2,64,0,0,24,0,24,4,14,68,2,88,98,0,98,186
10/22/2020,TTN,NJ,AEA,EN,Federal Contract Tower,4,15,55,2,76,0,0,3,0,3,4,15,58,2,79,65,0,65,144
10/23/2020,TTN,NJ,AEA,EN,Federal Contract Tower,4,15,37,0,56,0,0,35,0,35,4,15,72,0,91,84,0,84,175
10/24/2020,TTN,NJ,AEA,EN,Federal Contract Tower,4,6,22,0,32,0,0,66,0,66,4,6,88,0,98,106,0,106,204
10/25/2020,TTN,NJ,AEA,EN,Federal Contract Tower,4,16,16,0,36,0,0,110,0,110,4,16,126,0,146,128,0,128,274
10/26/2020,TTN,NJ,AEA,EN,Federal Contract Tower,4,9,10,0,23,0,0,0,0,0,4,9,10,0,23,0,0,0,23
10/27/2020,TTN,NJ,AEA,EN,Federal Contract Tower,4,4,29,1,38,0,0,197,1,198,4,4,226,2,236,197,0,197,433
10/28/2020,TTN,NJ,AEA,EN,Federal Contract Tower,5,12,34,0,51,0,0,18,0,18,5,12,52,0,69,51,0,51,120
10/29/2020,TTN,NJ,AEA,EN,Federal Contract Tower,4,11,17,0,32,0,0,2,0,2,4,11,19,0,34,0,0,0,34
10/30/2020,TTN,NJ,AEA,EN,Federal Contract Tower,4,7,20,3,34,0,0,30,1,31,4,7,50,4,65,78,0,78,143
10/31/2020,TTN,NJ,AEA,EN,Federal Contract Tower,4,11,10,4,29,0,0,70,0,70,4,11,80,4,99,62,0,62,161
11/01/2020,TTN,NJ,AEA,EN,Federal Contract Tower,4,11,28,0,43,0,0,68,0,68,4,11,96,0,111,100,0,100,211
11/02/2020,TTN,NJ,AEA,EN,Federal Contract Tower,4,8,11,0,23,0,0,18,4,22,4,8,29,4,45,0,0,0,45
11/03/2020,TTN,NJ,AEA,EN,Federal Contract Tower,4,6,18,0,28,0,0,119,0,119,4,6,137,0,147,172,0,172,319
11/04/2020,TTN,NJ,AEA,EN,Federal Contract Tower,1,14,18,0,33,0,0,229,0,229,1,14,247,0,262,213,0,213,475
11/05/2020,TTN,NJ,AEA,EN,Federal Contract Tower,3,14,19,0,36,0,0,275,2,277,3,14,294,2,313,247,0,247,560
11/06/2020,TTN,NJ,AEA,EN,Federal Contract Tower,4,9,30,0,43,0,0,244,0,244,4,9,274,0,287,214,0,214,501
11/07/2020,TTN,NJ,AEA,EN,Federal Contract Tower,2,10,14,0,26,0,0,178,2,180,2,10,192,2,206,186,2,188,394
11/08/2020,TTN,NJ,AEA,EN,Federal Contract Tower,5,9,15,0,29,0,0,174,0,174,5,9,189,0,203,139,0,139,342
11/09/2020,TTN,NJ,AEA,EN,Federal Contract Tower,4,5,22,0,31,0,0,212,0,212,4,5,234,0,243,170,0,170,413
11/10/2020,TTN,NJ,AEA,EN,Federal Contract Tower,2,6,28,1,37,0,0,144,0,144,2,6,172,1,181,146,0,146,327
11/11/2020,TTN,NJ,AEA,EN,Federal Contract Tower,0,9,23,2,34,0,0,0,0,0,0,9,23,2,34,2,0,2,36
11/12/2020,TTN,NJ,AEA,EN,Federal Contract Tower,1,5,34,0,40,0,0,27,0,27,1,5,61,0,67,38,0,38,105
11/13/2020,TTN,NJ,AEA,EN,Federal Contract Tower,4,5,37,2,48,0,0,65,2,67,4,5,102,4,115,46,0,46,161
11/14/2020,TTN,NJ,AEA,EN,Federal Contract Tower,2,14,19,0,35,0,0,159,0,159,2,14,178,0,194,177,0,177,371
11/15/2020,TTN,NJ,AEA,EN,Federal Contract Tower,8,10,11,0,29,0,0,62,0,62,8,10,73,0,91,63,0,63,154
11/16/2020,TTN,NJ,AEA,EN,Federal Contract Tower,3,16,20,1,40,0,1,132,2,135,3,17,152,3,175,152,0,152,327
11/17/2020,TTN,NJ,AEA,EN,Federal Contract Tower,2,11,13,0,26,0,0,152,0,152,2,11,165,0,178,196,0,196,374
11/18/2020,TTN,NJ,AEA,EN,Federal Contract Tower,0,16,25,2,43,0,0,142,0,142,0,16,167,2,185,97,0,97,282
11/19/2020,TTN,NJ,AEA,EN,Federal Contract Tower,3,15,15,3,36,0,2,198,0,200,3,17,213,3,236,226,0,226,462
11/20/2020,TTN,NJ,AEA,EN,Federal Contract Tower,4,19,24,0,47,0,0,239,0,239,4,19,263,0,286,236,0,236,522
11/21/2020,TTN,NJ,AEA,EN,Federal Contract Tower,4,17,19,0,40,0,0,143,0,143,4,17,162,0,183,279,0,279,462
11/22/2020,TTN,NJ,AEA,EN,Federal Contract Tower,4,6,28,0,38,0,0,54,0,54,4,6,82,0,92,162,0,162,254
11/23/2020,TTN,NJ,AEA,EN,Federal Contract Tower,4,11,26,0,41,0,0,65,0,65,4,11,91,0,106,41,0,41,147
11/24/2020,TTN,NJ,AEA,EN,Federal Contract Tower,4,14,25,0,43,0,0,126,0,126,4,14,151,0,169,232,0,232,401
11/25/2020,TTN,NJ,AEA,EN,Federal Contract Tower,4,7,21,0,32,0,0,118,0,118,4,7,139,0,150,188,0,188,338
11/26/2020,TTN,NJ,AEA,EN,Federal Contract Tower,4,1,7,0,12,0,0,6,0,6,4,1,13,0,18,8,0,8,26
11/27/2020,TTN,NJ,AEA,EN,Federal Contract Tower,4,11,26,0,41,0,0,137,0,137,4,11,163,0,178,224,0,224,402
11/28/2020,TTN,NJ,AEA,EN,Federal Contract Tower,4,11,18,0,33,0,0,144,0,144,4,11,162,0,177,159,0,159,336
11/29/2020,TTN,NJ,AEA,EN,Federal Contract Tower,4,17,31,0,52,0,0,132,0,132,4,17,163,0,184,118,0,118,302
11/30/2020,TTN,NJ,AEA,EN,Federal Contract Tower,4,8,11,0,23,0,0,1,0,1,4,8,12,0,24,0,0,0,24
12/01/2020,TTN,NJ,AEA,EN,Federal Contract Tower,4,15,18,0,37,0,0,88,1,89,4,15,106,1,126,135,0,135,261
12/02/2020,TTN,NJ,AEA,EN,Federal Contract Tower,1,6,17,0,24,0,0,120,0,120,1,6,137,0,144,81,0,81,225
12/03/2020,TTN,NJ,AEA,EN,Federal Contract Tower,3,15,29,0,47,0,0,235,0,235,3,15,264,0,282,194,0,194,476
12/04/2020,TTN,NJ,AEA,EN,Federal Contract Tower,5,10,15,0,30,0,0,102,0,102,5,10,117,0,132,166,0,166,298
12/05/2020,TTN,NJ,AEA,EN,Federal Contract Tower,2,11,9,0,22,0,1,6,0,7,2,12,15,0,29,2,0,2,31
12/06/2020,TTN,NJ,AEA,EN,Federal Contract Tower,4,10,16,0,30,0,0,106,0,106,4,10,122,0,136,65,0,65,201
12/07/2020,TTN,NJ,AEA,EN,Federal Contract Tower,4,4,9,0,17,0,0,168,1,169,4,4,177,1,186,141,0,141,327
12/08/2020,TTN,NJ,AEA,EN,Federal Contract Tower,1,17,14,0,32,0,0,148,0,148,1,17,162,0,180,178,0,178,358
12/09/2020,TTN,NJ,AEA,EN,Federal Contract Tower,0,12,21,0,33,0,0,104,2,106,0,12,125,2,139,147,0,147,286
12/10/2020,TTN,NJ,AEA,EN,Federal Contract Tower,4,11,19,0,34,0,0,209,4,213,4,11,228,4,247,147,0,147,394
12/11/2020,TTN,NJ,AEA,EN,Federal Contract Tower,6,9,24,0,39,0,0,200,0,200,6,9,224,0,239,180,0,180,419
12/12/2020,TTN,NJ,AEA,EN,Federal Contract Tower,2,12,17,0,31,0,0,24,0,24,2,12,41,0,55,31,0,31,86
12/13/2020,TTN,NJ,AEA,EN,Federal Contract Tower,4,14,25,0,43,0,0,163,2,165,4,14,188,2,208,131,0,131,339
12/14/2020,TTN,NJ,AEA,EN,Federal Contract Tower,3,4,4,0,11,0,0,8,0,8,3,4,12,0,19,6,0,6,25
12/15/2020,TTN,NJ,AEA,EN,Federal Contract Tower,1,9,18,0,28,0,0,108,0,108,1,9,126,0,136,276,0,276,412
12/16/2020,TTN,NJ,AEA,EN,Federal Contract Tower,0,4,8,0,12,0,0,34,0,34,0,4,42,0,46,36,0,36,82
12/17/2020,TTN,NJ,AEA,EN,Federal Contract Tower,10,14,8,0,32,0,0,29,0,29,10,14,37,0,61,20,0,20,81
12/18/2020,TTN,NJ,AEA,EN,Federal Contract Tower,7,17,31,0,55,0,0,179,2,181,7,17,210,2,236,185,0,185,421
12/19/2020,TTN,NJ,AEA,EN,Federal Contract Tower,8,7,17,0,32,0,0,135,0,135,8,7,152,0,167,132,0,132,299
12/20/2020,TTN,NJ,AEA,EN,Federal Contract Tower,8,10,14,0,32,0,0,20,0,20,8,10,34,0,52,64,0,64,116
12/21/2020,TTN,NJ,AEA,EN,Federal Contract Tower,9,10,14,0,33,0,0,19,0,19,9,10,33,0,52,20,0,20,72
12/22/2020,TTN,NJ,AEA,EN,Federal Contract Tower,8,9,26,0,43,0,0,60,0,60,8,9,86,0,103,94,0,94,197
12/23/2020,TTN,NJ,AEA,EN,Federal Contract Tower,8,3,28,2,41,0,0,161,0,161,8,3,189,2,202,176,0,176,378
12/24/2020,TTN,NJ,AEA,EN,Federal Contract Tower,8,10,10,0,28,0,0,5,2,7,8,10,15,2,35,4,0,4,39
12/25/2020,TTN,NJ,AEA,EN,Federal Contract Tower,9,9,2,0,20,0,0,0,0,0,9,9,2,0,20,0,0,0,20
12/26/2020,TTN,NJ,AEA,EN,Federal Contract Tower,7,13,26,0,46,0,0,145,0,145,7,13,171,0,191,115,0,115,306
12/27/2020,TTN,NJ,AEA,EN,Federal Contract Tower,9,7,24,0,40,0,0,155,0,155,9,7,179,0,195,164,0,164,359
12/28/2020,TTN,NJ,AEA,EN,Federal Contract Tower,7,15,18,0,40,0,0,122,1,123,7,15,140,1,163,77,0,77,240
12/29/2020,TTN,NJ,AEA,EN,Federal Contract Tower,9,14,13,0,36,0,0,56,2,58,9,14,69,2,94,120,0,120,214
12/30/2020,TTN,NJ,AEA,EN,Federal Contract Tower,8,7,9,0,24,0,0,126,0,126,8,7,135,0,150,131,0,131,281
12/31/2020,TTN,NJ,AEA,EN,Federal Contract Tower,10,10,10,0,30,0,0,49,0,49,10,10,59,0,79,62,0,62,141
01/01/2021,TTN,NJ,AEA,EN,Federal Contract Tower,10,8,6,0,24,0,0,7,0,7,10,8,13,0,31,0,0,0,31
01/02/2021,TTN,NJ,AEA,EN,Federal Contract Tower,7,14,29,0,50,0,1,54,0,55,7,15,83,0,105,6,2,8,113
01/03/2021,TTN,NJ,AEA,EN,Federal Contract Tower,9,27,13,0,49,0,0,2,0,2,9,27,15,0,51,0,0,0,51
01/04/2021,TTN,NJ,AEA,EN,Federal Contract Tower,9,15,15,0,39,0,0,66,4,70,9,15,81,4,109,82,0,82,191
01/05/2021,TTN,NJ,AEA,EN,Federal Contract Tower,7,6,21,0,34,0,0,42,6,48,7,6,63,6,82,225,0,225,307
01/06/2021,TTN,NJ,AEA,EN,Federal Contract Tower,3,9,15,0,27,0,0,166,2,168,3,9,181,2,195,99,0,99,294
01/07/2021,TTN,NJ,AEA,EN,Federal Contract Tower,2,8,22,2,34,0,0,190,2,192,2,8,212,4,226,137,0,137,363
01/08/2021,TTN,NJ,AEA,EN,Federal Contract Tower,6,9,13,2,30,0,0,215,0,215,6,9,228,2,245,176,0,176,421
01/09/2021,TTN,NJ,AEA,EN,Federal Contract Tower,8,5,22,0,35,0,0,150,4,154,8,5,172,4,189,101,0,101,290
01/10/2021,TTN,NJ,AEA,EN,Federal Contract Tower,4,14,22,0,40,0,0,179,0,179,4,14,201,0,219,155,0,155,374
01/11/2021,TTN,NJ,AEA,EN,Federal Contract Tower,8,11,19,2,40,0,0,147,0,147,8,11,166,2,187,168,0,168,355
01/12/2021,TTN,NJ,AEA,EN,Federal Contract Tower,1,14,5,2,22,0,0,136,1,137,1,14,141,3,159,187,0,187,346
01/13/2021,TTN,NJ,AEA,EN,Federal Contract Tower,1,9,16,4,30,0,0,171,3,174,1,9,187,7,204,150,0,150,354
01/14/2021,TTN,NJ,AEA,EN,Federal Contract Tower,5,11,23,2,41,0,0,194,4,198,5,11,217,6,239,151,0,151,390
01/15/2021,TTN,NJ,AEA,EN,Federal Contract Tower,8,20,31,2,61,0,0,8,0,8,8,20,39,2,69,0,0,0,69
01/16/2021,TTN,NJ,AEA,EN,Federal Contract Tower,8,10,18,0,36,0,0,36,0,36,8,10,54,0,72,31,0,31,103
01/17/2021,TTN,NJ,AEA,EN,Federal Contract Tower,8,9,18,0,35,0,0,84,0,84,8,9,102,0,119,20,0,20,139
01/18/2021,TTN,NJ,AEA,EN,Federal Contract Tower,7,19,24,0,50,0,0,126,0,126,7,19,150,0,176,120,0,120,296
01/19/2021,TTN,NJ,AEA,EN,Federal Contract Tower,1,17,13,0,31,0,0,110,2,112,1,17,123,2,143,125,0,125,268
01/20/2021,TTN,NJ,AEA,EN,Federal Contract Tower,0,11,22,0,33,0,0,63,0,63,0,11,85,0,96,63,0,63,159
01/21/2021,TTN,NJ,AEA,EN,Federal Contract Tower,4,9,25,0,38,0,0,158,4,162,4,9,183,4,200,109,0,109,309
01/22/2021,TTN,NJ,AEA,EN,Federal Contract Tower,8,15,19,2,44,0,0,171,3,174,8,15,190,5,218,74,0,74,292
01/23/2021,TTN,NJ,AEA,EN,Federal Contract Tower,4,2,10,0,16,0,0,40,0,40,4,2,50,0,56,16,0,16,72
01/24/2021,TTN,NJ,AEA,EN,Federal Contract Tower,8,8,27,0,43,0,1,113,0,114,8,9,140,0,157,76,0,76,233
01/25/2021,TTN,NJ,AEA,EN,Federal Contract Tower,7,7,20,0,34,0,0,142,0,142,7,7,162,0,176,117,0,117,293
01/26/2021,TTN,NJ,AEA,EN,Federal Contract Tower,1,11,13,0,25,0,0,4,0,4,1,11,17,0,29,8,0,8,37
01/27/2021,TTN,NJ,AEA,EN,Federal Contract Tower,0,12,12,0,24,0,0,128,10,138,0,12,140,10,162,175,0,175,337
01/28/2021,TTN,NJ,AEA,EN,Federal Contract Tower,4,8,18,0,30,0,0,47,0,47,4,8,65,0,77,20,0,20,97
01/29/2021,TTN,NJ,AEA,EN,Federal Contract Tower,8,17,12,0,37,0,0,21,0,21,8,17,33,0,58,0,0,0,58
01/30/2021,TTN,NJ,AEA,EN,Federal Contract Tower,8,11,29,0,48,0,0,136,0,136,8,11,165,0,184,86,0,86,270
01/31/2021,TTN,NJ,AEA,EN,Federal Contract Tower,8,6,12,0,26,0,0,27,0,27,8,6,39,0,53,42,0,42,95
02/02/2021,TTN,NJ,AEA,EN,Federal Contract Tower,6,5,8,0,19,0,0,0,0,0,6,5,8,0,19,0,0,0,19
02/03/2021,TTN,NJ,AEA,EN,Federal Contract Tower,0,19,15,0,34,0,0,40,0,40,0,19,55,0,74,14,0,14,88
02/04/2021,TTN,NJ,AEA,EN,Federal Contract Tower,4,11,25,0,40,0,0,154,2,156,4,11,179,2,196,94,0,94,290
02/05/2021,TTN,NJ,AEA,EN,Federal Contract Tower,8,7,20,0,35,0,0,106,0,106,8,7,126,0,141,28,0,28,169
02/06/2021,TTN,NJ,AEA,EN,Federal Contract Tower,7,13,25,0,45,0,0,107,0,107,7,13,132,0,152,72,0,72,224
02/07/2021,TTN,NJ,AEA,EN,Federal Contract Tower,8,3,2,0,13,0,0,0,0,0,8,3,2,0,13,0,0,0,13
02/08/2021,TTN,NJ,AEA,EN,Federal Contract Tower,6,15,19,0,40,0,0,155,0,155,6,15,174,0,195,171,0,171,366
02/09/2021,TTN,NJ,AEA,EN,Federal Contract Tower,1,14,18,0,33,0,0,0,0,0,1,14,18,0,33,0,0,0,33
02/10/2021,TTN,NJ,AEA,EN,Federal Contract Tower,1,21,20,2,44,0,0,175,2,177,1,21,195,4,221,146,0,146,367
02/11/2021,TTN,NJ,AEA,EN,Federal Contract Tower,8,12,16,0,36,0,0,74,0,74,8,12,90,0,110,98,0,98,208
02/12/2021,TTN,NJ,AEA,EN,Federal Contract Tower,4,9,33,0,46,0,0,177,0,177,4,9,210,0,223,162,0,162,385
02/13/2021,TTN,NJ,AEA,EN,Federal Contract Tower,4,5,14,0,23,0,0,46,0,46,4,5,60,0,69,40,0,40,109
02/14/2021,TTN,NJ,AEA,EN,Federal Contract Tower,4,12,7,0,23,0,0,19,0,19,4,12,26,0,42,14,0,14,56
02/15/2021,TTN,NJ,AEA,EN,Federal Contract Tower,4,5,14,0,23,0,0,2,0,2,4,5,16,0,25,6,0,6,31
02/16/2021,TTN,NJ,AEA,EN,Federal Contract Tower,4,9,12,0,25,0,0,37,0,37,4,9,49,0,62,38,0,38,100
02/17/2021,TTN,NJ,AEA,EN,Federal Contract Tower,4,14,37,0,55,0,0,173,1,174,4,14,210,1,229,150,0,150,379
02/18/2021,TTN,NJ,AEA,EN,Federal Contract Tower,5,7,0,0,12,0,0,0,0,0,5,7,0,0,12,0,0,0,12
02/19/2021,TTN,NJ,AEA,EN,Federal Contract Tower,3,6,12,0,21,0,0,0,0,0,3,6,12,0,21,0,0,0,21
02/20/2021,TTN,NJ,AEA,EN,Federal Contract Tower,4,14,24,0,42,0,0,72,0,72,4,14,96,0,114,44,0,44,158
02/21/2021,TTN,NJ,AEA,EN,Federal Contract Tower,6,8,32,0,46,0,3,205,0,208,6,11,237,0,254,114,0,114,368
02/22/2021,TTN,NJ,AEA,EN,Federal Contract Tower,4,12,3,0,19,0,0,0,0,0,4,12,3,0,19,0,0,0,19
02/23/2021,TTN,NJ,AEA,EN,Federal Contract Tower,4,5,13,0,22,0,0,36,0,36,4,5,49,0,58,17,0,17,75
02/24/2021,TTN,NJ,AEA,EN,Federal Contract Tower,4,10,24,0,38,0,0,177,0,177,4,10,201,0,215,99,0,99,314
02/25/2021,TTN,NJ,AEA,EN,Federal Contract Tower,6,14,26,2,48,0,2,192,0,194,6,16,218,2,242,173,0,173,415
02/26/2021,TTN,NJ,AEA,EN,Federal Contract Tower,5,8,34,0,47,0,0,223,0,223,5,8,257,0,270,115,0,115,385
02/27/2021,TTN,NJ,AEA,EN,Federal Contract Tower,4,7,13,0,24,0,0,2,0,2,4,7,15,0,26,5,0,5,31
02/28/2021,TTN,NJ,AEA,EN,Federal Contract Tower,6,8,22,0,36,0,0,8,0,8,6,8,30,0,44,36,0,36,80
03/01/2021,TTN,NJ,AEA,EN,Federal Contract Tower,5,8,23,1,37,0,0,19,6,25,5,8,42,7,62,18,0,18,80
03/02/2021,TTN,NJ,AEA,EN,Federal Contract Tower,3,4,27,2,36,0,0,79,4,83,3,4,106,6,119,140,0,140,259
03/03/2021,TTN,NJ,AEA,EN,Federal Contract Tower,7,13,27,2,49,0,2,175,0,177,7,15,202,2,226,174,0,174,400
03/04/2021,TTN,NJ,AEA,EN,Federal Contract Tower,5,16,20,1,42,0,0,116,2,118,5,16,136,3,160,78,0,78,238
03/05/2021,TTN,NJ,AEA,EN,Federal Contract Tower,4,11,22,2,39,0,0,113,0,113,4,11,135,2,152,70,0,70,222
03/06/2021,TTN,NJ,AEA,EN,Federal Contract Tower,3,8,18,0,29,0,0,105,0,105,3,8,123,0,134,144,0,144,278
03/07/2021,TTN,NJ,AEA,EN,Federal Contract Tower,7,11,30,4,52,0,0,132,2,134,7,11,162,6,186,170,0,170,356
03/08/2021,TTN,NJ,AEA,EN,Federal Contract Tower,7,8,22,2,39,0,0,156,0,156,7,8,178,2,195,102,0,102,297
03/09/2021,TTN,NJ,AEA,EN,Federal Contract Tower,4,13,18,1,36,0,0,119,0,119,4,13,137,1,155,180,0,180,335
03/10/2021,TTN,NJ,AEA,EN,Federal Contract Tower,4,15,29,1,49,0,0,146,2,148,4,15,175,3,197,137,0,137,334
03/11/2021,TTN,NJ,AEA,EN,Federal Contract Tower,9,6,35,2,52,0,0,166,3,169,9,6,201,5,221,196,1,197,418
03/12/2021,TTN,NJ,AEA,EN,Federal Contract Tower,10,28,23,0,61,0,0,153,0,153,10,28,176,0,214,143,0,143,357
03/13/2021,TTN,NJ,AEA,EN,Federal Contract Tower,8,14,27,0,49,0,0,151,0,151,8,14,178,0,200,102,0,102,302
03/14/2021,TTN,NJ,AEA,EN,Federal Contract Tower,9,9,26,0,44,0,0,45,0,45,9,9,71,0,89,28,0,28,117
03/15/2021,TTN,NJ,AEA,EN,Federal Contract Tower,6,15,14,1,36,0,0,83,0,83,6,15,97,1,119,115,0,115,234
03/16/2021,TTN,NJ,AEA,EN,Federal Contract Tower,5,9,9,0,23,0,0,75,0,75,5,9,84,0,98,106,0,106,204
03/17/2021,TTN,NJ,AEA,EN,Federal Contract Tower,4,21,21,2,48,0,0,0,0,0,4,21,21,2,48,0,0,0,48
03/18/2021,TTN,NJ,AEA,EN,Federal Contract Tower,9,11,13,0,33,0,0,0,0,0,9,11,13,0,33,0,0,0,33
03/19/2021,TTN,NJ,AEA,EN,Federal Contract Tower,11,9,17,0,37,0,0,52,0,52,11,9,69,0,89,28,0,28,117
03/20/2021,TTN,NJ,AEA,EN,Federal Contract Tower,7,15,39,0,61,0,0,245,0,245,7,15,284,0,306,125,0,125,431
03/21/2021,TTN,NJ,AEA,EN,Federal Contract Tower,8,16,33,0,57,0,0,157,0,157,8,16,190,0,214,100,0,100,314
03/22/2021,TTN,NJ,AEA,EN,Federal Contract Tower,7,11,10,2,30,0,0,183,0,183,7,11,193,2,213,140,0,140,353
03/23/2021,TTN,NJ,AEA,EN,Federal Contract Tower,3,14,22,2,41,0,0,134,0,134,3,14,156,2,175,189,0,189,364
03/24/2021,TTN,NJ,AEA,EN,Federal Contract Tower,4,15,33,0,52,0,0,0,0,0,4,15,33,0,52,0,0,0,52
03/25/2021,TTN,NJ,AEA,EN,Federal Contract Tower,9,17,35,4,65,0,0,14,0,14,9,17,49,4,79,6,0,6,85
03/26/2021,TTN,NJ,AEA,EN,Federal Contract Tower,9,14,20,0,43,0,1,13,0,14,9,15,33,0,57,0,0,0,57
03/27/2021,TTN,NJ,AEA,EN,Federal Contract Tower,8,20,34,0,62,0,0,199,0,199,8,20,233,0,261,151,0,151,412
03/28/2021,TTN,NJ,AEA,EN,Federal Contract Tower,9,15,19,0,43,0,0,2,0,2,9,15,21,0,45,0,0,0,45
03/29/2021,TTN,NJ,AEA,EN,Federal Contract Tower,7,7,20,0,34,0,0,68,0,68,7,7,88,0,102,0,4,4,106
03/30/2021,TTN,NJ,AEA,EN,Federal Contract Tower,3,9,19,0,31,0,0,170,0,170,3,9,189,0,201,4,0,4,205
03/31/2021,TTN,NJ,AEA,EN,Federal Contract Tower,3,13,42,1,59,0,0,23,0,23,3,13,65,1,82,0,0,0,82
04/01/2021,TTN,NJ,AEA,EN,Federal Contract Tower,8,11,26,1,46,0,0,48,2,50,8,11,74,3,96,2,0,2,98
04/02/2021,TTN,NJ,AEA,EN,Federal Contract Tower,10,10,19,0,39,0,0,97,0,97,10,10,116,0,136,6,0,6,142
04/03/2021,TTN,NJ,AEA,EN,Federal Contract Tower,7,8,16,0,31,0,0,155,0,155,7,8,171,0,186,135,0,135,321
04/04/2021,TTN,NJ,AEA,EN,Federal Contract Tower,10,15,12,0,37,0,0,102,0,102,10,15,114,0,139,105,0,105,244
04/05/2021,TTN,NJ,AEA,EN,Federal Contract Tower,7,20,21,0,48,0,0,146,0,146,7,20,167,0,194,48,0,48,242
04/06/2021,TTN,NJ,AEA,EN,Federal Contract Tower,4,17,12,0,33,0,0,167,6,173,4,17,179,6,206,38,0,38,244
04/07/2021,TTN,NJ,AEA,EN,Federal Contract Tower,5,10,16,0,31,0,0,203,2,205,5,10,219,2,236,84,0,84,320
04/08/2021,TTN,NJ,AEA,EN,Federal Contract Tower,8,8,16,0,32,0,0,209,0,209,8,8,225,0,241,62,0,62,303
04/09/2021,TTN,NJ,AEA,EN,Federal Contract Tower,10,16,27,0,53,0,0,159,0,159,10,16,186,0,212,22,0,22,234
04/10/2021,TTN,NJ,AEA,EN,Federal Contract Tower,8,18,44,0,70,0,0,19,0,19,8,18,63,0,89,56,4,60,149
04/11/2021,TTN,NJ,AEA,EN,Federal Contract Tower,5,21,27,0,53,0,0,0,0,0,5,21,27,0,53,0,0,0,53
04/12/2021,TTN,NJ,AEA,EN,Federal Contract Tower,6,16,41,0,63,0,0,0,0,0,6,16,41,0,63,8,0,8,71
04/13/2021,TTN,NJ,AEA,EN,Federal Contract Tower,4,11,18,2,35,0,0,177,0,177,4,11,195,2,212,219,0,219,431
04/14/2021,TTN,NJ,AEA,EN,Federal Contract Tower,4,14,22,2,42,0,0,114,0,114,4,14,136,2,156,143,0,143,299
04/15/2021,TTN,NJ,AEA,EN,Federal Contract Tower,9,8,22,2,41,0,0,21,2,23,9,8,43,4,64,26,0,26,90
04/16/2021,TTN,NJ,AEA,EN,Federal Contract Tower,7,9,14,2,32,0,0,96,0,96,7,9,110,2,128,50,0,50,178
04/17/2021,TTN,NJ,AEA,EN,Federal Contract Tower,8,12,13,0,33,0,0,211,0,211,8,12,224,0,244,162,0,162,406
04/18/2021,TTN,NJ,AEA,EN,Federal Contract Tower,9,19,28,0,56,0,0,176,0,176,9,19,204,0,232,128,0,128,360
04/19/2021,TTN,NJ,AEA,EN,Federal Contract Tower,4,11,25,0,40,0,0,165,0,165,4,11,190,0,205,217,0,217,422
04/20/2021,TTN,NJ,AEA,EN,Federal Contract Tower,4,12,20,0,36,0,0,163,0,163,4,12,183,0,199,180,0,180,379
04/21/2021,TTN,NJ,AEA,EN,Federal Contract Tower,4,10,24,0,38,0,0,56,0,56,4,10,80,0,94,0,0,0,94
04/22/2021,TTN,NJ,AEA,EN,Federal Contract Tower,8,9,25,0,42,0,0,73,0,73,8,9,98,0,115,26,0,26,141
04/23/2021,TTN,NJ,AEA,EN,Federal Contract Tower,6,7,33,0,46,0,1,162,0,163,6,8,195,0,209,14,0,14,223
04/24/2021,TTN,NJ,AEA,EN,Federal Contract Tower,10,17,20,0,47,0,0,170,2,172,10,17,190,2,219,227,0,227,446
04/25/2021,TTN,NJ,AEA,EN,Federal Contract Tower,7,21,40,0,68,0,0,62,0,62,7,21,102,0,130,54,0,54,184
04/26/2021,TTN,NJ,AEA,EN,Federal Contract Tower,4,7,25,0,36,0,0,145,0,145,4,7,170,0,181,17,0,17,198
04/27/2021,TTN,NJ,AEA,EN,Federal Contract Tower,4,11,21,0,36,0,0,207,0,207,4,11,228,0,243,59,0,59,302
04/28/2021,TTN,NJ,AEA,EN,Federal Contract Tower,4,12,15,0,31,0,0,168,2,170,4,12,183,2,201,86,2,88,289
04/29/2021,TTN,NJ,AEA,EN,Federal Contract Tower,7,14,22,0,43,0,0,120,0,120,7,14,142,0,163,10,0,10,173
04/30/2021,TTN,NJ,AEA,EN,Federal Contract Tower,6,10,21,0,37,0,0,4,0,4,6,10,25,0,41,0,0,0,41
05/01/2021,TTN,NJ,AEA,EN,Federal Contract Tower,9,9,13,0,31,0,0,64,0,64,9,9,77,0,95,97,0,97,192
05/02/2021,TTN,NJ,AEA,EN,Federal Contract Tower,9,12,28,0,49,0,0,126,0,126,9,12,154,0,175,94,0,94,269
05/03/2021,TTN,NJ,AEA,EN,Federal Contract Tower,4,10,25,0,39,0,0,115,0,115,4,10,140,0,154,4,0,4,158
05/04/2021,TTN,NJ,AEA,EN,Federal Contract Tower,3,11,26,0,40,0,0,58,0,58,3,11,84,0,98,12,0,12,110
05/05/2021,TTN,NJ,AEA,EN,Federal Contract Tower,4,9,22,0,35,0,0,8,0,8,4,9,30,0,43,14,0,14,57
05/06/2021,TTN,NJ,AEA,EN,Federal Contract Tower,12,8,19,2,41,0,0,222,2,224,12,8,241,4,265,68,0,68,333
05/07/2021,TTN,NJ,AEA,EN,Federal Contract Tower,8,18,23,2,51,0,0,213,0,213,8,18,236,2,264,137,0,137,401
05/08/2021,TTN,NJ,AEA,EN,Federal Contract Tower,6,4,23,2,35,0,0,51,5,56,6,4,74,7,91,28,0,28,119
05/09/2021,TTN,NJ,AEA,EN,Federal Contract Tower,11,12,14,0,37,0,1,65,0,66,11,13,79,0,103,59,0,59,162
05/10/2021,TTN,NJ,AEA,EN,Federal Contract Tower,3,7,26,0,36,0,0,99,0,99,3,7,125,0,135,50,24,74,209
05/11/2021,TTN,NJ,AEA,EN,Federal Contract Tower,3,12,29,0,44,0,1,159,0,160,3,13,188,0,204,8,0,8,212
05/12/2021,TTN,NJ,AEA,EN,Federal Contract Tower,1,13,17,0,31,0,0,160,0,160,1,13,177,0,191,28,0,28,219
05/13/2021,TTN,NJ,AEA,EN,Federal Contract Tower,10,13,17,0,40,0,0,223,0,223,10,13,240,0,263,60,0,60,323
05/14/2021,TTN,NJ,AEA,EN,Federal Contract Tower,10,17,25,2,54,0,2,220,0,222,10,19,245,2,276,131,0,131,407
05/15/2021,TTN,NJ,AEA,EN,Federal Contract Tower,13,11,16,0,40,0,0,138,0,138,13,11,154,0,178,115,0,115,293
05/16/2021,TTN,NJ,AEA,EN,Federal Contract Tower,11,16,18,0,45,0,0,111,2,113,11,16,129,2,158,140,0,140,298
05/17/2021,TTN,NJ,AEA,EN,Federal Contract Tower,6,4,26,2,38,0,0,155,0,155,6,4,181,2,193,43,0,43,236
05/18/2021,TTN,NJ,AEA,EN,Federal Contract Tower,5,16,23,0,44,0,0,182,0,182,5,16,205,0,226,37,0,37,263
05/19/2021,TTN,NJ,AEA,EN,Federal Contract Tower,6,14,22,2,44,0,0,183,2,185,6,14,205,4,229,54,0,54,283
05/20/2021,TTN,NJ,AEA,EN,Federal Contract Tower,9,16,27,0,52,0,0,178,0,178,9,16,205,0,230,68,0,68,298
05/21/2021,TTN,NJ,AEA,EN,Federal Contract Tower,8,12,17,2,39,0,0,194,0,194,8,12,211,2,233,19,0,19,252
05/22/2021,TTN,NJ,AEA,EN,Federal Contract Tower,9,11,20,0,40,0,0,112,0,112,9,11,132,0,152,84,0,84,236
05/23/2021,TTN,NJ,AEA,EN,Federal Contract Tower,11,19,23,0,53,0,0,102,0,102,11,19,125,0,155,58,0,58,213
05/24/2021,TTN,NJ,AEA,EN,Federal Contract Tower,5,19,22,0,46,0,0,141,0,141,5,19,163,0,187,16,0,16,203
05/25/2021,TTN,NJ,AEA,EN,Federal Contract Tower,6,9,31,3,49,0,0,112,0,112,6,9,143,3,161,24,0,24,185
05/26/2021,TTN,NJ,AEA,EN,Federal Contract Tower,6,18,37,0,61,0,0,56,0,56,6,18,93,0,117,6,0,6,123
05/27/2021,TTN,NJ,AEA,EN,Federal Contract Tower,13,17,30,0,60,0,0,235,0,235,13,17,265,0,295,106,0,106,401
05/28/2021,TTN,NJ,AEA,EN,Federal Contract Tower,13,17,25,0,55,0,0,90,0,90,13,17,115,0,145,0,0,0,145
05/29/2021,TTN,NJ,AEA,EN,Federal Contract Tower,10,14,9,0,33,0,0,0,0,0,10,14,9,0,33,0,0,0,33
05/30/2021,TTN,NJ,AEA,EN,Federal Contract Tower,15,8,16,0,39,0,0,0,0,0,15,8,16,0,39,0,0,0,39
05/31/2021,TTN,NJ,AEA,EN,Federal Contract Tower,8,14,30,0,52,0,0,97,2,99,8,14,127,2,151,99,0,99,250
06/01/2021,TTN,NJ,AEA,EN,Federal Contract Tower,7,5,30,2,44,0,0,167,0,167,7,5,197,2,211,69,0,69,280
06/02/2021,TTN,NJ,AEA,EN,Federal Contract Tower,10,16,32,0,58,0,0,177,0,177,10,16,209,0,235,22,0,22,257
06/03/2021,TTN,NJ,AEA,EN,Federal Contract Tower,13,12,20,2,47,0,0,14,0,14,13,12,34,2,61,0,0,0,61
06/04/2021,TTN,NJ,AEA,EN,Federal Contract Tower,13,12,26,0,51,0,0,30,0,30,13,12,56,0,81,12,0,12,93
06/05/2021,TTN,NJ,AEA,EN,Federal Contract Tower,11,8,23,0,42,0,0,166,0,166,11,8,189,0,208,90,0,90,298
06/06/2021,TTN,NJ,AEA,EN,Federal Contract Tower,14,14,37,0,65,0,0,128,0,128,14,14,165,0,193,78,0,78,271
06/07/2021,TTN,NJ,AEA,EN,Federal Contract Tower,8,6,25,0,39,0,0,126,0,126,8,6,151,0,165,18,0,18,183
06/08/2021,TTN,NJ,AEA,EN,Federal Contract Tower,8,18,34,0,60,0,0,89,0,89,8,18,123,0,149,30,0,30,179
06/09/2021,TTN,NJ,AEA,EN,Federal Contract Tower,6,8,23,2,39,0,0,109,0,109,6,8,132,2,148,32,0,32,180
06/10/2021,TTN,NJ,AEA,EN,Federal Contract Tower,9,15,26,0,50,0,0,218,2,220,9,15,244,2,270,16,0,16,286
06/11/2021,TTN,NJ,AEA,EN,Federal Contract Tower,12,16,49,2,79,0,0,60,0,60,12,16,109,2,139,2,0,2,141
06/12/2021,TTN,NJ,AEA,EN,Federal Contract Tower,12,12,40,0,64,0,0,0,164,164,12,12,40,164,228,75,0,75,303
06/13/2021,TTN,NJ,AEA,EN,Federal Contract Tower,14,10,30,0,54,0,0,172,0,172,14,10,202,0,226,71,0,71,297
06/14/2021,TTN,NJ,AEA,EN,Federal Contract Tower,11,12,18,0,41,0,0,74,0,74,11,12,92,0,115,44,0,44,159
06/15/2021,TTN,NJ,AEA,EN,Federal Contract Tower,10,13,27,0,50,0,0,145,0,145,10,13,172,0,195,56,0,56,251
06/16/2021,TTN,NJ,AEA,EN,Federal Contract Tower,10,12,29,0,51,0,0,188,0,188,10,12,217,0,239,68,0,68,307
06/17/2021,TTN,NJ,AEA,EN,Federal Contract Tower,12,16,18,0,46,0,0,231,0,231,12,16,249,0,277,24,0,24,301
06/18/2021,TTN,NJ,AEA,EN,Federal Contract Tower,11,16,34,0,61,0,0,190,0,190,11,16,224,0,251,14,0,14,265
06/19/2021,TTN,NJ,AEA,EN,Federal Contract Tower,12,8,20,0,40,0,0,92,0,92,12,8,112,0,132,74,0,74,206
06/20/2021,TTN,NJ,AEA,EN,Federal Contract Tower,12,12,20,0,44,0,0,103,0,103,12,12,123,0,147,46,0,46,193
06/21/2021,TTN,NJ,AEA,EN,Federal Contract Tower,12,13,31,0,56,0,0,71,0,71,12,13,102,0,127,26,0,26,153
06/22/2021,TTN,NJ,AEA,EN,Federal Contract Tower,8,16,26,0,50,0,0,16,0,16,8,16,42,0,66,4,0,4,70
06/23/2021,TTN,NJ,AEA,EN,Federal Contract Tower,9,14,37,2,62,0,0,188,0,188,9,14,225,2,250,62,0,62,312
06/24/2021,TTN,NJ,AEA,EN,Federal Contract Tower,11,8,26,2,47,0,0,201,2,203,11,8,227,4,250,26,0,26,276
06/25/2021,TTN,NJ,AEA,EN,Federal Contract Tower,9,15,31,2,57,0,0,197,0,197,9,15,228,2,254,4,0,4,258
06/26/2021,TTN,NJ,AEA,EN,Federal Contract Tower,11,12,23,0,46,0,0,18,0,18,11,12,41,0,64,8,0,8,72
06/27/2021,TTN,NJ,AEA,EN,Federal Contract Tower,12,16,34,0,62,0,0,83,0,83,12,16,117,0,145,51,0,51,196
06/28/2021,TTN,NJ,AEA,EN,Federal Contract Tower,12,15,29,2,58,0,6,158,2,166,12,21,187,4,224,17,0,17,241
06/29/2021,TTN,NJ,AEA,EN,Federal Contract Tower,10,7,14,2,33,0,0,159,3,162,10,7,173,5,195,16,0,16,211
06/30/2021,TTN,NJ,AEA,EN,Federal Contract Tower,9,24,17,2,52,0,2,149,0,151,9,26,166,2,203,2,0,2,205
07/01/2021,TTN,NJ,AEA,EN,Federal Contract Tower,10,20,26,0,56,0,0,56,0,56,10,20,82,0,112,0,0,0,112
07/02/2021,TTN,NJ,AEA,EN,Federal Contract Tower,10,4,39,0,53,0,0,23,0,23,10,4,62,0,76,16,0,16,92
07/03/2021,TTN,NJ,AEA,EN,Federal Contract Tower,12,7,10,0,29,0,0,11,0,11,12,7,21,0,40,6,0,6,46
07/04/2021,TTN,NJ,AEA,EN,Federal Contract Tower,14,6,15,0,35,0,0,50,0,50,14,6,65,0,85,28,0,28,113
07/05/2021,TTN,NJ,AEA,EN,Federal Contract Tower,12,11,32,0,55,0,0,152,0,152,12,11,184,0,207,72,0,72,279
07/06/2021,TTN,NJ,AEA,EN,Federal Contract Tower,8,22,25,0,55,0,0,140,0,140,8,22,165,0,195,0,0,0,195
07/07/2021,TTN,NJ,AEA,EN,Federal Contract Tower,10,11,16,0,37,0,0,163,0,163,10,11,179,0,200,58,0,58,258
07/08/2021,TTN,NJ,AEA,EN,Federal Contract Tower,8,18,32,2,60,0,0,116,2,118,8,18,148,4,178,0,0,0,178
07/09/2021,TTN,NJ,AEA,EN,Federal Contract Tower,11,7,25,2,45,0,0,74,0,74,11,7,99,2,119,8,0,8,127
07/10/2021,TTN,NJ,AEA,EN,Federal Contract Tower,12,11,41,0,64,0,0,124,0,124,12,11,165,0,188,112,0,112,300
07/11/2021,TTN,NJ,AEA,EN,Federal Contract Tower,14,16,36,0,66,0,0,64,0,64,14,16,100,0,130,54,0,54,184
07/12/2021,TTN,NJ,AEA,EN,Federal Contract Tower,6,14,51,4,75,0,0,22,0,22,6,14,73,4,97,0,0,0,97
07/13/2021,TTN,NJ,AEA,EN,Federal Contract Tower,6,22,38,0,66,0,0,3,0,3,6,22,41,0,69,0,0,0,69
07/14/2021,TTN,NJ,AEA,EN,Federal Contract Tower,9,18,39,2,68,0,0,114,0,114,9,18,153,2,182,44,0,44,226
07/15/2021,TTN,NJ,AEA,EN,Federal Contract Tower,11,23,27,0,61,0,0,230,4,234,11,23,257,4,295,40,0,40,335
07/16/2021,TTN,NJ,AEA,EN,Federal Contract Tower,12,19,14,1,46,0,0,204,0,204,12,19,218,1,250,10,0,10,260
07/17/2021,TTN,NJ,AEA,EN,Federal Contract Tower,8,5,18,0,31,0,0,73,0,73,8,5,91,0,104,41,0,41,145
07/18/2021,TTN,NJ,AEA,EN,Federal Contract Tower,12,15,20,0,47,0,0,67,2,69,12,15,87,2,116,42,0,42,158
07/19/2021,TTN,NJ,AEA,EN,Federal Contract Tower,11,24,36,0,71,0,0,169,0,169,11,24,205,0,240,20,0,20,260
07/20/2021,TTN,NJ,AEA,EN,Federal Contract Tower,9,12,28,0,49,0,0,115,0,115,9,12,143,0,164,0,0,0,164
07/21/2021,TTN,NJ,AEA,EN,Federal Contract Tower,10,9,31,0,50,0,1,69,0,70,10,10,100,0,120,10,0,10,130
07/22/2021,TTN,NJ,AEA,EN,Federal Contract Tower,10,21,37,0,68,0,0,183,0,183,10,21,220,0,251,46,0,46,297
07/23/2021,TTN,NJ,AEA,EN,Federal Contract Tower,10,17,28,0,55,0,0,177,2,179,10,17,205,2,234,22,0,22,256
07/24/2021,TTN,NJ,AEA,EN,Federal Contract Tower,10,4,19,0,33,0,0,121,0,121,10,4,140,0,154,74,0,74,228
07/25/2021,TTN,NJ,AEA,EN,Federal Contract Tower,14,15,24,1,54,0,0,34,0,34,14,15,58,1,88,6,0,6,94
07/26/2021,TTN,NJ,AEA,EN,Federal Contract Tower,8,15,32,0,55,0,1,161,0,162,8,16,193,0,217,31,0,31,248
07/27/2021,TTN,NJ,AEA,EN,Federal Contract Tower,8,10,29,0,47,0,0,166,0,166,8,10,195,0,213,19,0,19,232
07/28/2021,TTN,NJ,AEA,EN,Federal Contract Tower,11,13,36,2,62,0,0,142,0,142,11,13,178,2,204,38,0,38,242
07/29/2021,TTN,NJ,AEA,EN,Federal Contract Tower,11,6,32,0,49,0,0,37,0,37,11,6,69,0,86,0,0,0,86
07/30/2021,TTN,NJ,AEA,EN,Federal Contract Tower,11,21,24,0,56,0,0,191,1,192,11,21,215,1,248,0,0,0,248
07/31/2021,TTN,NJ,AEA,EN,Federal Contract Tower,10,21,23,0,54,0,0,148,0,148,10,21,171,0,202,69,0,69,271
08/01/2021,TTN,NJ,AEA,EN,Federal Contract Tower,16,18,17,0,51,0,0,51,0,51,16,18,68,0,102,72,0,72,174
08/02/2021,TTN,NJ,AEA,EN,Federal Contract Tower,12,25,27,0,64,0,0,154,0,154,12,25,181,0,218,36,0,36,254
08/03/2021,TTN,NJ,AEA,EN,Federal Contract Tower,10,4,22,0,36,0,0,172,0,172,10,4,194,0,208,46,0,46,254
08/04/2021,TTN,NJ,AEA,EN,Federal Contract Tower,10,9,19,0,38,0,0,142,0,142,10,9,161,0,180,26,0,26,206
08/05/2021,TTN,NJ,AEA,EN,Federal Contract Tower,12,9,24,2,47,0,0,161,0,161,12,9,185,2,208,42,0,42,250
08/06/2021,TTN,NJ,AEA,EN,Federal Contract Tower,10,12,22,0,44,0,0,186,0,186,10,12,208,0,230,28,0,28,258
08/07/2021,TTN,NJ,AEA,EN,Federal Contract Tower,12,8,20,0,40,0,0,109,4,113,12,8,129,4,153,52,0,52,205
08/08/2021,TTN,NJ,AEA,EN,Federal Contract Tower,13,8,38,0,59,0,0,74,0,74,13,8,112,0,133,26,0,26,159
08/09/2021,TTN,NJ,AEA,EN,Federal Contract Tower,9,11,26,0,46,0,0,171,0,171,9,11,197,0,217,56,0,56,273
08/10/2021,TTN,NJ,AEA,EN,Federal Contract Tower,10,11,27,0,48,0,0,56,1,57,10,11,83,1,105,6,0,6,111
08/11/2021,TTN,NJ,AEA,EN,Federal Contract Tower,9,25,35,0,69,0,0,101,0,101,9,25,136,0,170,8,0,8,178
08/12/2021,TTN,NJ,AEA,EN,Federal Contract Tower,11,19,27,1,58,0,0,181,0,181,11,19,208,1,239,60,0,60,299
08/13/2021,TTN,NJ,AEA,EN,Federal Contract Tower,9,9,24,0,42,0,0,158,0,158,9,9,182,0,200,0,0,0,200
08/14/2021,TTN,NJ,AEA,EN,Federal Contract Tower,12,14,18,0,44,0,0,78,0,78,12,14,96,0,122,32,0,32,154
08/15/2021,TTN,NJ,AEA,EN,Federal Contract Tower,14,13,27,0,54,0,0,130,0,130,14,13,157,0,184,78,0,78,262
08/16/2021,TTN,NJ,AEA,EN,Federal Contract Tower,11,11,40,0,62,0,0,102,0,102,11,11,142,0,164,39,0,39,203
08/17/2021,TTN,NJ,AEA,EN,Federal Contract Tower,10,11,33,0,54,0,0,60,0,60,10,11,93,0,114,24,0,24,138
08/18/2021,TTN,NJ,AEA,EN,Federal Contract Tower,9,12,44,0,65,0,0,54,2,56,9,12,98,2,121,44,0,44,165
08/19/2021,TTN,NJ,AEA,EN,Federal Contract Tower,11,5,21,0,37,0,0,103,0,103,11,5,124,0,140,20,0,20,160
08/21/2021,TTN,NJ,AEA,EN,Federal Contract Tower,12,10,28,0,50,0,0,70,0,70,12,10,98,0,120,80,0,80,200
08/22/2021,TTN,NJ,AEA,EN,Federal Contract Tower,14,21,23,0,58,0,1,4,0,5,14,22,27,0,63,0,0,0,63
08/23/2021,TTN,NJ,AEA,EN,Federal Contract Tower,13,12,29,1,55,0,0,35,0,35,13,12,64,1,90,24,0,24,114
08/24/2021,TTN,NJ,AEA,EN,Federal Contract Tower,10,15,26,0,51,0,0,183,2,185,10,15,209,2,236,38,0,38,274
08/25/2021,TTN,NJ,AEA,EN,Federal Contract Tower,10,11,26,0,47,0,0,174,0,174,10,11,200,0,221,26,0,26,247
08/26/2021,TTN,NJ,AEA,EN,Federal Contract Tower,11,9,34,0,54,0,0,127,0,127,11,9,161,0,181,16,0,16,197
08/27/2021,TTN,NJ,AEA,EN,Federal Contract Tower,10,10,25,0,45,0,0,111,0,111,10,10,136,0,156,0,0,0,156
08/28/2021,TTN,NJ,AEA,EN,Federal Contract Tower,12,18,33,0,63,0,0,3,0,3,12,18,36,0,66,0,0,0,66
08/29/2021,TTN,NJ,AEA,EN,Federal Contract Tower,12,16,23,0,51,0,0,35,0,35,12,16,58,0,86,33,0,33,119
08/30/2021,TTN,NJ,AEA,EN,Federal Contract Tower,12,9,28,5,54,0,0,57,2,59,12,9,85,7,113,22,0,22,135
08/31/2021,TTN,NJ,AEA,EN,Federal Contract Tower,10,13,31,0,54,0,0,166,0,166,10,13,197,0,220,61,0,61,281
09/01/2021,TTN,NJ,AEA,EN,Federal Contract Tower,7,7,16,0,30,0,0,4,0,4,7,7,20,0,34,0,0,0,34
09/02/2021,TTN,NJ,AEA,EN,Federal Contract Tower,11,26,18,0,55,0,0,116,0,116,11,26,134,0,171,42,0,42,213
09/03/2021,TTN,NJ,AEA,EN,Federal Contract Tower,12,7,27,0,46,0,0,168,0,168,12,7,195,0,214,54,0,54,268
09/04/2021,TTN,NJ,AEA,EN,Federal Contract Tower,10,8,10,0,28,0,0,111,2,113,10,8,121,2,141,133,0,133,274
09/05/2021,TTN,NJ,AEA,EN,Federal Contract Tower,14,7,23,0,44,0,0,39,0,39,14,7,62,0,83,40,0,40,123
09/06/2021,TTN,NJ,AEA,EN,Federal Contract Tower,10,8,14,0,32,0,0,119,0,119,10,8,133,0,151,81,0,81,232
09/07/2021,TTN,NJ,AEA,EN,Federal Contract Tower,10,16,42,0,68,0,0,108,0,108,10,16,150,0,176,80,0,80,256
09/08/2021,TTN,NJ,AEA,EN,Federal Contract Tower,10,7,19,0,36,0,0,121,0,121,10,7,140,0,157,0,0,0,157
09/09/2021,TTN,NJ,AEA,EN,Federal Contract Tower,14,14,38,0,66,0,0,45,0,45,14,14,83,0,111,104,0,104,215
09/10/2021,TTN,NJ,AEA,EN,Federal Contract Tower,15,17,28,0,60,0,1,174,2,177,15,18,202,2,237,44,0,44,281
09/11/2021,TTN,NJ,AEA,EN,Federal Contract Tower,7,10,9,0,26,0,0,148,6,154,7,10,157,6,180,110,0,110,290
09/12/2021,TTN,NJ,AEA,EN,Federal Contract Tower,14,15,27,0,56,0,0,138,0,138,14,15,165,0,194,85,0,85,279
09/13/2021,TTN,NJ,AEA,EN,Federal Contract Tower,16,20,35,3,74,0,0,240,0,240,16,20,275,3,314,24,0,24,338
09/14/2021,TTN,NJ,AEA,EN,Federal Contract Tower,4,14,37,0,55,0,0,157,0,157,4,14,194,0,212,72,0,72,284
09/15/2021,TTN,NJ,AEA,EN,Federal Contract Tower,8,16,19,0,43,0,0,137,2,139,8,16,156,2,182,50,0,50,232
09/16/2021,TTN,NJ,AEA,EN,Federal Contract Tower,14,21,48,0,83,0,0,75,0,75,14,21,123,0,158,28,0,28,186
09/17/2021,TTN,NJ,AEA,EN,Federal Contract Tower,15,13,50,3,81,0,0,16,0,16,15,13,66,3,97,0,0,0,97
09/18/2021,TTN,NJ,AEA,EN,Federal Contract Tower,8,15,20,0,43,0,0,118,1,119,8,15,138,1,162,150,0,150,312
09/19/2021,TTN,NJ,AEA,EN,Federal Contract Tower,14,21,25,0,60,0,0,171,0,171,14,21,196,0,231,142,0,142,373
09/20/2021,TTN,NJ,AEA,EN,Federal Contract Tower,13,13,33,2,61,0,0,144,0,144,13,13,177,2,205,49,0,49,254
09/21/2021,TTN,NJ,AEA,EN,Federal Contract Tower,6,14,34,3,57,0,0,142,4,146,6,14,176,7,203,72,0,72,275
09/22/2021,TTN,NJ,AEA,EN,Federal Contract Tower,8,11,31,7,57,0,0,48,0,48,8,11,79,7,105,84,0,84,189
09/23/2021,TTN,NJ,AEA,EN,Federal Contract Tower,10,26,29,0,65,0,0,19,0,19,10,26,48,0,84,2,0,2,86
09/24/2021,TTN,NJ,AEA,EN,Federal Contract Tower,14,11,20,0,45,0,0,210,2,212,14,11,230,2,257,131,0,131,388
09/25/2021,TTN,NJ,AEA,EN,Federal Contract Tower,6,21,22,0,49,0,0,177,0,177,6,21,199,0,226,141,0,141,367
09/26/2021,TTN,NJ,AEA,EN,Federal Contract Tower,14,28,28,0,70,0,0,160,0,160,14,28,188,0,230,70,0,70,300
09/27/2021,TTN,NJ,AEA,EN,Federal Contract Tower,12,20,20,2,54,0,0,130,0,130,12,20,150,2,184,80,0,80,264
09/28/2021,TTN,NJ,AEA,EN,Federal Contract Tower,10,17,25,0,52,0,0,86,0,86,10,17,111,0,138,56,0,56,194
09/29/2021,TTN,NJ,AEA,EN,Federal Contract Tower,11,14,43,1,69,0,0,205,0,205,11,14,248,1,274,142,0,142,416
09/30/2021,TTN,NJ,AEA,EN,Federal Contract Tower,14,24,33,0,71,0,0,213,0,213,14,24,246,0,284,182,0,182,466
10/01/2021,TTN,NJ,AEA,EN,Federal Contract Tower,16,23,22,0,61,0,0,221,0,221,16,23,243,0,282,134,0,134,416
10/02/2021,TTN,NJ,AEA,EN,Federal Contract Tower,3,11,27,0,41,0,0,156,0,156,3,11,183,0,197,116,0,116,313
10/03/2021,TTN,NJ,AEA,EN,Federal Contract Tower,14,26,32,0,72,0,0,105,0,105,14,26,137,0,177,96,0,96,273
10/04/2021,TTN,NJ,AEA,EN,Federal Contract Tower,12,12,40,0,64,0,0,37,0,37,12,12,77,0,101,32,0,32,133
10/05/2021,TTN,NJ,AEA,EN,Federal Contract Tower,6,17,22,0,45,0,0,0,0,0,6,17,22,0,45,0,0,0,45
10/06/2021,TTN,NJ,AEA,EN,Federal Contract Tower,9,5,64,0,78,0,0,34,0,34,9,5,98,0,112,66,0,66,178
10/07/2021,TTN,NJ,AEA,EN,Federal Contract Tower,18,16,44,1,79,0,0,122,2,124,18,16,166,3,203,148,0,148,351
10/08/2021,TTN,NJ,AEA,EN,Federal Contract Tower,11,13,29,0,53,0,0,229,0,229,11,13,258,0,282,194,0,194,476
10/09/2021,TTN,NJ,AEA,EN,Federal Contract Tower,13,13,32,0,58,0,0,49,1,50,13,13,81,1,108,90,0,90,198
10/10/2021,TTN,NJ,AEA,EN,Federal Contract Tower,18,25,42,0,85,0,0,0,0,0,18,25,42,0,85,0,0,0,85
10/11/2021,TTN,NJ,AEA,EN,Federal Contract Tower,19,8,50,0,77,0,0,87,0,87,19,8,137,0,164,60,0,60,224
10/12/2021,TTN,NJ,AEA,EN,Federal Contract Tower,10,11,67,1,89,0,0,28,0,28,10,11,95,1,117,8,2,10,127
10/13/2021,TTN,NJ,AEA,EN,Federal Contract Tower,12,18,39,0,69,0,0,45,0,45,12,18,84,0,114,130,0,130,244
10/14/2021,TTN,NJ,AEA,EN,Federal Contract Tower,18,18,27,0,63,0,0,192,1,193,18,18,219,1,256,140,0,140,396
10/15/2021,TTN,NJ,AEA,EN,Federal Contract Tower,18,10,34,0,62,0,0,207,0,207,18,10,241,0,269,140,0,140,409
10/16/2021,TTN,NJ,AEA,EN,Federal Contract Tower,12,8,17,0,37,0,0,66,0,66,12,8,83,0,103,37,0,37,140
10/17/2021,TTN,NJ,AEA,EN,Federal Contract Tower,17,21,20,0,58,0,0,152,0,152,17,21,172,0,210,102,0,102,312
10/18/2021,TTN,NJ,AEA,EN,Federal Contract Tower,17,13,33,0,63,0,0,104,0,104,17,13,137,0,167,84,0,84,251
10/19/2021,TTN,NJ,AEA,EN,Federal Contract Tower,10,7,28,0,45,0,0,131,0,131,10,7,159,0,176,135,0,135,311
10/20/2021,TTN,NJ,AEA,EN,Federal Contract Tower,14,21,24,2,61,0,0,189,2,191,14,21,213,4,252,143,0,143,395
10/21/2021,TTN,NJ,AEA,EN,Federal Contract Tower,18,23,30,2,73,0,1,211,2,214,18,24,241,4,287,216,0,216,503
10/22/2021,TTN,NJ,AEA,EN,Federal Contract Tower,17,15,38,0,70,0,0,200,0,200,17,15,238,0,270,121,0,121,391
10/23/2021,TTN,NJ,AEA,EN,Federal Contract Tower,13,18,29,0,60,0,0,117,0,117,13,18,146,0,177,115,0,115,292
10/24/2021,TTN,NJ,AEA,EN,Federal Contract Tower,16,18,45,0,79,0,0,141,0,141,16,18,186,0,220,124,0,124,344
10/25/2021,TTN,NJ,AEA,EN,Federal Contract Tower,17,30,47,2,96,0,0,75,0,75,17,30,122,2,171,14,0,14,185
10/26/2021,TTN,NJ,AEA,EN,Federal Contract Tower,17,8,26,0,51,0,0,3,0,3,17,8,29,0,54,0,0,0,54
10/27/2021,TTN,NJ,AEA,EN,Federal Contract Tower,14,11,37,0,62,0,0,120,2,122,14,11,157,2,184,123,0,123,307
10/28/2021,TTN,NJ,AEA,EN,Federal Contract Tower,17,13,34,1,65,0,0,221,0,221,17,13,255,1,286,212,0,212,498
10/29/2021,TTN,NJ,AEA,EN,Federal Contract Tower,15,29,19,0,63,0,0,57,0,57,15,29,76,0,120,42,0,42,162
10/30/2021,TTN,NJ,AEA,EN,Federal Contract Tower,12,8,18,0,38,0,0,76,0,76,12,8,94,0,114,114,0,114,228
10/31/2021,TTN,NJ,AEA,EN,Federal Contract Tower,18,9,25,0,52,0,0,86,0,86,18,9,111,0,138,91,0,91,229
11/01/2021,TTN,NJ,AEA,EN,Federal Contract Tower,16,11,34,0,61,0,0,162,0,162,16,11,196,0,223,138,0,138,361
11/02/2021,TTN,NJ,AEA,EN,Federal Contract Tower,14,10,21,2,47,0,0,70,0,70,14,10,91,2,117,162,0,162,279
11/03/2021,TTN,NJ,AEA,EN,Federal Contract Tower,12,15,22,0,49,0,0,201,0,201,12,15,223,0,250,204,0,204,454
11/04/2021,TTN,NJ,AEA,EN,Federal Contract Tower,19,16,23,0,58,0,0,303,2,305,19,16,326,2,363,202,0,202,565
11/05/2021,TTN,NJ,AEA,EN,Federal Contract Tower,10,23,25,1,59,0,0,235,0,235,10,23,260,1,294,217,0,217,511
11/06/2021,TTN,NJ,AEA,EN,Federal Contract Tower,11,17,19,0,47,0,0,151,0,151,11,17,170,0,198,206,0,206,404
11/07/2021,TTN,NJ,AEA,EN,Federal Contract Tower,12,18,32,0,62,0,1,169,0,170,12,19,201,0,232,157,0,157,389
11/08/2021,TTN,NJ,AEA,EN,Federal Contract Tower,13,12,19,0,44,0,0,147,4,151,13,12,166,4,195,154,0,154,349
11/09/2021,TTN,NJ,AEA,EN,Federal Contract Tower,10,19,36,0,65,0,0,176,2,178,10,19,212,2,243,163,0,163,406
11/10/2021,TTN,NJ,AEA,EN,Federal Contract Tower,8,12,26,0,46,0,0,185,0,185,8,12,211,0,231,89,0,89,320
11/11/2021,TTN,NJ,AEA,EN,Federal Contract Tower,12,20,26,0,58,0,0,265,0,265,12,20,291,0,323,180,0,180,503
11/12/2021,TTN,NJ,AEA,EN,Federal Contract Tower,12,15,24,0,51,0,2,67,0,69,12,17,91,0,120,111,0,111,231
11/13/2021,TTN,NJ,AEA,EN,Federal Contract Tower,10,17,15,0,42,0,0,82,0,82,10,17,97,0,124,134,0,134,258
11/14/2021,TTN,NJ,AEA,EN,Federal Contract Tower,14,24,33,0,71,0,0,183,0,183,14,24,216,0,254,110,0,110,364
11/15/2021,TTN,NJ,AEA,EN,Federal Contract Tower,13,20,19,0,52,0,0,55,0,55,13,20,74,0,107,74,0,74,181
11/16/2021,TTN,NJ,AEA,EN,Federal Contract Tower,11,13,35,0,59,0,0,161,0,161,11,13,196,0,220,144,0,144,364
11/17/2021,TTN,NJ,AEA,EN,Federal Contract Tower,11,13,12,2,38,0,0,204,0,204,11,13,216,2,242,207,0,207,449
11/18/2021,TTN,NJ,AEA,EN,Federal Contract Tower,17,19,26,2,64,0,0,228,0,228,17,19,254,2,292,191,0,191,483
11/19/2021,TTN,NJ,AEA,EN,Federal Contract Tower,13,26,32,0,71,0,3,106,4,113,13,29,138,4,184,50,0,50,234
11/20/2021,TTN,NJ,AEA,EN,Federal Contract Tower,14,15,23,0,52,0,0,184,0,184,14,15,207,0,236,240,0,240,476
11/21/2021,TTN,NJ,AEA,EN,Federal Contract Tower,14,12,28,0,54,0,0,154,8,162,14,12,182,8,216,214,0,214,430
11/22/2021,TTN,NJ,AEA,EN,Federal Contract Tower,15,12,28,2,57,0,0,105,0,105,15,12,133,2,162,184,0,184,346
11/23/2021,TTN,NJ,AEA,EN,Federal Contract Tower,15,18,47,2,82,0,0,91,0,91,15,18,138,2,173,82,0,82,255
11/24/2021,TTN,NJ,AEA,EN,Federal Contract Tower,13,18,25,0,56,0,0,179,0,179,13,18,204,0,235,180,0,180,415
11/25/2021,TTN,NJ,AEA,EN,Federal Contract Tower,16,7,3,0,26,0,1,32,0,33,16,8,35,0,59,38,0,38,97
11/26/2021,TTN,NJ,AEA,EN,Federal Contract Tower,12,13,15,0,40,0,0,15,0,15,12,13,30,0,55,0,0,0,55
11/27/2021,TTN,NJ,AEA,EN,Federal Contract Tower,14,8,32,0,54,0,0,43,0,43,14,8,75,0,97,44,0,44,141
11/28/2021,TTN,NJ,AEA,EN,Federal Contract Tower,15,40,52,0,107,0,0,170,0,170,15,40,222,0,277,152,0,152,429
11/29/2021,TTN,NJ,AEA,EN,Federal Contract Tower,15,18,32,1,66,0,0,123,0,123,15,18,155,1,189,54,0,54,243
11/30/2021,TTN,NJ,AEA,EN,Federal Contract Tower,17,10,23,0,50,0,0,92,0,92,17,10,115,0,142,101,0,101,243
12/01/2021,TTN,NJ,AEA,EN,Federal Contract Tower,13,16,34,1,64,0,0,182,0,182,13,16,216,1,246,144,0,144,390
12/02/2021,TTN,NJ,AEA,EN,Federal Contract Tower,16,19,35,1,71,0,0,137,0,137,16,19,172,1,208,96,0,96,304
12/03/2021,TTN,NJ,AEA,EN,Federal Contract Tower,12,10,22,1,45,0,0,123,4,127,12,10,145,5,172,32,0,32,204
12/04/2021,TTN,NJ,AEA,EN,Federal Contract Tower,13,5,19,0,37,0,0,175,0,175,13,5,194,0,212,212,0,212,424
12/05/2021,TTN,NJ,AEA,EN,Federal Contract Tower,13,13,26,0,52,0,0,174,0,174,13,13,200,0,226,132,0,132,358
12/06/2021,TTN,NJ,AEA,EN,Federal Contract Tower,10,15,20,0,45,0,0,24,1,25,10,15,44,1,70,14,0,14,84
12/07/2021,TTN,NJ,AEA,EN,Federal Contract Tower,11,10,34,2,57,0,0,168,2,170,11,10,202,4,227,162,0,162,389
12/08/2021,TTN,NJ,AEA,EN,Federal Contract Tower,9,15,36,1,61,0,0,138,0,138,9,15,174,1,199,134,0,134,333
12/09/2021,TTN,NJ,AEA,EN,Federal Contract Tower,13,13,35,2,63,0,0,165,2,167,13,13,200,4,230,194,0,194,424
12/10/2021,TTN,NJ,AEA,EN,Federal Contract Tower,10,9,30,2,51,0,0,156,2,158,10,9,186,4,209,122,0,122,331
12/11/2021,TTN,NJ,AEA,EN,Federal Contract Tower,11,1,7,0,19,0,0,7,0,7,11,1,14,0,26,0,0,0,26
12/12/2021,TTN,NJ,AEA,EN,Federal Contract Tower,12,10,22,0,44,0,0,123,0,123,12,10,145,0,167,72,0,72,239
12/13/2021,TTN,NJ,AEA,EN,Federal Contract Tower,10,6,38,0,54,0,0,168,2,170,10,6,206,2,224,108,0,108,332
12/14/2021,TTN,NJ,AEA,EN,Federal Contract Tower,9,8,36,2,55,0,0,158,0,158,9,8,194,2,213,148,0,148,361
12/15/2021,TTN,NJ,AEA,EN,Federal Contract Tower,9,19,35,1,64,0,0,145,2,147,9,19,180,3,211,142,0,142,353
12/16/2021,TTN,NJ,AEA,EN,Federal Contract Tower,15,18,27,0,60,0,0,163,0,163,15,18,190,0,223,170,0,170,393
12/17/2021,TTN,NJ,AEA,EN,Federal Contract Tower,12,16,29,0,57,0,2,160,0,162,12,18,189,0,219,112,0,112,331
12/18/2021,TTN,NJ,AEA,EN,Federal Contract Tower,10,12,23,0,45,0,0,2,0,2,10,12,25,0,47,0,0,0,47
12/19/2021,TTN,NJ,AEA,EN,Federal Contract Tower,12,11,20,0,43,0,2,73,0,75,12,13,93,0,118,36,0,36,154
12/20/2021,TTN,NJ,AEA,EN,Federal Contract Tower,10,19,28,0,57,0,0,141,2,143,10,19,169,2,200,156,0,156,356
12/21/2021,TTN,NJ,AEA,EN,Federal Contract Tower,10,15,26,0,51,0,0,124,0,124,10,15,150,0,175,142,0,142,317
12/22/2021,TTN,NJ,AEA,EN,Federal Contract Tower,12,12,22,0,46,0,0,71,1,72,12,12,93,1,118,54,0,54,172
12/23/2021,TTN,NJ,AEA,EN,Federal Contract Tower,14,1,29,0,44,0,0,163,2,165,14,1,192,2,209,133,0,133,342
12/24/2021,TTN,NJ,AEA,EN,Federal Contract Tower,13,5,10,0,28,0,0,88,0,88,13,5,98,0,116,84,0,84,200
12/25/2021,TTN,NJ,AEA,EN,Federal Contract Tower,13,8,11,0,32,0,0,2,0,2,13,8,13,0,34,0,0,0,34
12/26/2021,TTN,NJ,AEA,EN,Federal Contract Tower,10,18,36,0,64,0,0,98,0,98,10,18,134,0,162,37,0,37,199
12/27/2021,TTN,NJ,AEA,EN,Federal Contract Tower,10,16,32,0,58,0,0,28,0,28,10,16,60,0,86,76,0,76,162
12/28/2021,TTN,NJ,AEA,EN,Federal Contract Tower,13,17,33,1,64,0,0,109,0,109,13,17,142,1,173,174,0,174,347
12/29/2021,TTN,NJ,AEA,EN,Federal Contract Tower,12,17,34,0,63,0,0,0,0,0,12,17,34,0,63,0,0,0,63
12/30/2021,TTN,NJ,AEA,EN,Federal Contract Tower,14,14,18,0,46,0,0,4,0,4,14,14,22,0,50,2,0,2,52
12/31/2021,TTN,NJ,AEA,EN,Federal Contract Tower,12,4,26,0,42,0,0,3,0,3,12,4,29,0,45,0,0,0,45
01/01/2022,TTN,NJ,AEA,EN,Federal Contract Tower,10,9,13,0,32,0,0,0,0,0,10,9,13,0,32,0,0,0,32
01/02/2022,TTN,NJ,AEA,EN,Federal Contract Tower,12,25,37,1,75,0,0,17,0,17,12,25,54,1,92,24,0,24,116
01/03/2022,TTN,NJ,AEA,EN,Federal Contract Tower,12,24,20,0,56,0,0,39,0,39,12,24,59,0,95,78,0,78,173
01/04/2022,TTN,NJ,AEA,EN,Federal Contract Tower,12,21,23,0,56,0,0,148,0,148,12,21,171,0,204,151,0,151,355
01/05/2022,TTN,NJ,AEA,EN,Federal Contract Tower,8,24,10,1,43,0,0,22,1,23,8,24,32,2,66,70,0,70,136
01/06/2022,TTN,NJ,AEA,EN,Federal Contract Tower,15,9,16,2,42,0,1,160,0,161,15,10,176,2,203,144,0,144,347
01/07/2022,TTN,NJ,AEA,EN,Federal Contract Tower,13,10,7,0,30,0,2,19,0,21,13,12,26,0,51,0,0,0,51
01/08/2022,TTN,NJ,AEA,EN,Federal Contract Tower,10,15,34,0,59,0,0,137,1,138,10,15,171,1,197,64,0,64,261
01/09/2022,TTN,NJ,AEA,EN,Federal Contract Tower,13,14,19,0,46,0,0,5,0,5,13,14,24,0,51,0,0,0,51
01/10/2022,TTN,NJ,AEA,EN,Federal Contract Tower,13,4,23,1,41,0,0,115,0,115,13,4,138,1,156,184,0,184,340
01/11/2022,TTN,NJ,AEA,EN,Federal Contract Tower,10,4,16,1,31,0,0,98,0,98,10,4,114,1,129,151,0,151,280
01/12/2022,TTN,NJ,AEA,EN,Federal Contract Tower,10,15,37,0,62,0,0,176,0,176,10,15,213,0,238,202,0,202,440
01/13/2022,TTN,NJ,AEA,EN,Federal Contract Tower,13,11,24,0,48,0,0,148,4,152,13,11,172,4,200,211,0,211,411
01/14/2022,TTN,NJ,AEA,EN,Federal Contract Tower,12,7,14,0,33,0,0,110,0,110,12,7,124,0,143,113,0,113,256
01/15/2022,TTN,NJ,AEA,EN,Federal Contract Tower,11,5,13,0,29,0,0,110,0,110,11,5,123,0,139,95,0,95,234
01/16/2022,TTN,NJ,AEA,EN,Federal Contract Tower,8,9,23,0,40,0,0,17,0,17,8,9,40,0,57,34,0,34,91
01/17/2022,TTN,NJ,AEA,EN,Federal Contract Tower,10,18,20,0,48,0,0,0,0,0,10,18,20,0,48,0,0,0,48
01/18/2022,TTN,NJ,AEA,EN,Federal Contract Tower,10,9,18,1,38,0,0,87,3,90,10,9,105,4,128,52,0,52,180
01/19/2022,TTN,NJ,AEA,EN,Federal Contract Tower,8,12,17,0,37,0,0,130,0,130,8,12,147,0,167,154,0,154,321
01/20/2022,TTN,NJ,AEA,EN,Federal Contract Tower,14,8,16,0,38,0,0,54,0,54,14,8,70,0,92,34,0,34,126
01/21/2022,TTN,NJ,AEA,EN,Federal Contract Tower,13,11,19,0,43,0,0,153,1,154,13,11,172,1,197,138,0,138,335
01/22/2022,TTN,NJ,AEA,EN,Federal Contract Tower,11,23,31,0,65,0,1,94,0,95,11,24,125,0,160,160,0,160,320
01/23/2022,TTN,NJ,AEA,EN,Federal Contract Tower,15,11,18,0,44,0,0,91,0,91,15,11,109,0,135,64,0,64,199
01/24/2022,TTN,NJ,AEA,EN,Federal Contract Tower,10,5,22,3,40,0,0,144,0,144,10,5,166,3,184,175,0,175,359
01/25/2022,TTN,NJ,AEA,EN,Federal Contract Tower,13,4,20,0,37,0,0,140,4,144,13,4,160,4,181,148,0,148,329
01/26/2022,TTN,NJ,AEA,EN,Federal Contract Tower,10,6,24,0,40,0,0,165,7,172,10,6,189,7,212,168,0,168,380
01/27/2022,TTN,NJ,AEA,EN,Federal Contract Tower,14,13,38,0,65,0,0,192,0,192,14,13,230,0,257,156,0,156,413
01/28/2022,TTN,NJ,AEA,EN,Federal Contract Tower,12,15,19,0,46,0,0,0,0,0,12,15,19,0,46,0,0,0,46
01/29/2022,TTN,NJ,AEA,EN,Federal Contract Tower,0,0,2,0,2,0,0,1,0,1,0,0,3,0,3,0,0,0,3
01/30/2022,TTN,NJ,AEA,EN,Federal Contract Tower,13,25,22,0,60,0,0,104,0,104,13,25,126,0,164,72,0,72,236
01/31/2022,TTN,NJ,AEA,EN,Federal Contract Tower,12,14,36,1,63,0,0,169,0,169,12,14,205,1,232,110,0,110,342
02/01/2022,TTN,NJ,AEA,EN,Federal Contract Tower,9,12,17,0,38,0,0,151,0,151,9,12,168,0,189,144,0,144,333
02/02/2022,TTN,NJ,AEA,EN,Federal Contract Tower,6,4,25,0,35,0,0,9,0,9,6,4,34,0,44,4,0,4,48
02/03/2022,TTN,NJ,AEA,EN,Federal Contract Tower,10,10,8,0,28,0,0,0,0,0,10,10,8,0,28,0,0,0,28
02/04/2022,TTN,NJ,AEA,EN,Federal Contract Tower,10,9,20,0,39,0,0,0,0,0,10,9,20,0,39,0,0,0,39
02/05/2022,TTN,NJ,AEA,EN,Federal Contract Tower,12,14,23,0,49,0,2,95,0,97,12,16,118,0,146,92,0,92,238
02/06/2022,TTN,NJ,AEA,EN,Federal Contract Tower,15,9,24,0,48,0,0,160,0,160,15,9,184,0,208,95,0,95,303
02/07/2022,TTN,NJ,AEA,EN,Federal Contract Tower,9,14,23,0,46,0,0,0,0,0,9,14,23,0,46,0,0,0,46
02/08/2022,TTN,NJ,AEA,EN,Federal Contract Tower,10,10,25,0,45,0,0,183,0,183,10,10,208,0,228,114,0,114,342
02/09/2022,TTN,NJ,AEA,EN,Federal Contract Tower,9,7,21,2,39,0,0,213,0,213,9,7,234,2,252,202,0,202,454
02/10/2022,TTN,NJ,AEA,EN,Federal Contract Tower,14,19,21,0,54,0,0,138,4,142,14,19,159,4,196,62,0,62,258
02/11/2022,TTN,NJ,AEA,EN,Federal Contract Tower,12,11,24,1,48,0,0,140,0,140,12,11,164,1,188,88,0,88,276
02/12/2022,TTN,NJ,AEA,EN,Federal Contract Tower,11,8,23,0,42,0,1,126,0,127,11,9,149,0,169,150,0,150,319
02/13/2022,TTN,NJ,AEA,EN,Federal Contract Tower,14,9,5,0,28,0,0,0,0,0,14,9,5,0,28,0,0,0,28
02/14/2022,TTN,NJ,AEA,EN,Federal Contract Tower,12,21,25,0,58,0,0,103,0,103,12,21,128,0,161,180,0,180,341
02/15/2022,TTN,NJ,AEA,EN,Federal Contract Tower,10,13,30,0,53,0,0,201,1,202,10,13,231,1,255,254,0,254,509
02/16/2022,TTN,NJ,AEA,EN,Federal Contract Tower,10,3,42,1,56,0,0,248,0,248,10,3,290,1,304,227,0,227,531
02/17/2022,TTN,NJ,AEA,EN,Federal Contract Tower,16,11,20,2,49,0,1,42,4,47,16,12,62,6,96,58,0,58,154
02/18/2022,TTN,NJ,AEA,EN,Federal Contract Tower,13,24,28,0,65,0,0,52,0,52,13,24,80,0,117,30,0,30,147
02/19/2022,TTN,NJ,AEA,EN,Federal Contract Tower,14,3,11,0,28,0,0,29,0,29,14,3,40,0,57,54,0,54,111
02/20/2022,TTN,NJ,AEA,EN,Federal Contract Tower,16,6,28,0,50,0,0,244,0,244,16,6,272,0,294,132,0,132,426
02/21/2022,TTN,NJ,AEA,EN,Federal Contract Tower,14,13,34,0,61,0,0,211,1,212,14,13,245,1,273,210,0,210,483
02/22/2022,TTN,NJ,AEA,EN,Federal Contract Tower,17,11,21,0,49,0,0,11,0,11,17,11,32,0,60,2,0,2,62
02/23/2022,TTN,NJ,AEA,EN,Federal Contract Tower,12,12,33,0,57,0,0,154,0,154,12,12,187,0,211,200,0,200,411
02/24/2022,TTN,NJ,AEA,EN,Federal Contract Tower,18,9,15,0,42,0,0,145,0,145,18,9,160,0,187,160,0,160,347
02/25/2022,TTN,NJ,AEA,EN,Federal Contract Tower,14,5,14,0,33,0,1,10,0,11,14,6,24,0,44,2,0,2,46
02/26/2022,TTN,NJ,AEA,EN,Federal Contract Tower,15,12,30,0,57,0,0,200,0,200,15,12,230,0,257,275,0,275,532
02/27/2022,TTN,NJ,AEA,EN,Federal Contract Tower,13,17,19,0,49,0,0,51,0,51,13,17,70,0,100,63,0,63,163
02/28/2022,TTN,NJ,AEA,EN,Federal Contract Tower,16,12,31,2,61,0,1,179,6,186,16,13,210,8,247,78,0,78,325
03/01/2022,TTN,NJ,AEA,EN,Federal Contract Tower,15,15,21,1,52,0,0,211,2,213,15,15,232,3,265,186,0,186,451
03/02/2022,TTN,NJ,AEA,EN,Federal Contract Tower,13,8,30,0,51,0,0,241,0,241,13,8,271,0,292,211,0,211,503
03/03/2022,TTN,NJ,AEA,EN,Federal Contract Tower,16,15,27,4,62,0,0,154,8,162,16,15,181,12,224,144,0,144,368
03/04/2022,TTN,NJ,AEA,EN,Federal Contract Tower,13,18,31,2,64,0,0,225,0,225,13,18,256,2,289,256,0,256,545
03/05/2022,TTN,NJ,AEA,EN,Federal Contract Tower,12,12,28,0,52,0,0,181,0,181,12,12,209,0,233,130,0,130,363
03/06/2022,TTN,NJ,AEA,EN,Federal Contract Tower,20,28,22,0,70,0,0,19,0,19,20,28,41,0,89,0,0,0,89
03/07/2022,TTN,NJ,AEA,EN,Federal Contract Tower,12,7,9,0,28,0,0,44,0,44,12,7,53,0,72,54,0,54,126
03/08/2022,TTN,NJ,AEA,EN,Federal Contract Tower,15,13,31,1,60,0,0,152,4,156,15,13,183,5,216,148,0,148,364
03/09/2022,TTN,NJ,AEA,EN,Federal Contract Tower,11,19,22,2,54,0,0,0,0,0,11,19,22,2,54,0,0,0,54
03/10/2022,TTN,NJ,AEA,EN,Federal Contract Tower,19,8,36,2,65,0,0,262,0,262,19,8,298,2,327,208,0,208,535
03/11/2022,TTN,NJ,AEA,EN,Federal Contract Tower,9,16,69,2,96,0,0,176,0,176,9,16,245,2,272,116,0,116,388
03/12/2022,TTN,NJ,AEA,EN,Federal Contract Tower,9,4,11,0,24,0,0,0,0,0,9,4,11,0,24,0,0,0,24
03/13/2022,TTN,NJ,AEA,EN,Federal Contract Tower,14,8,31,0,53,0,0,90,0,90,14,8,121,0,143,96,0,96,239
03/14/2022,TTN,NJ,AEA,EN,Federal Contract Tower,12,20,21,0,53,0,0,207,0,207,12,20,228,0,260,154,0,154,414
03/15/2022,TTN,NJ,AEA,EN,Federal Contract Tower,16,5,21,0,42,0,1,211,4,216,16,6,232,4,258,180,0,180,438
03/16/2022,TTN,NJ,AEA,EN,Federal Contract Tower,11,9,33,0,53,0,0,250,1,251,11,9,283,1,304,170,0,170,474
03/17/2022,TTN,NJ,AEA,EN,Federal Contract Tower,21,26,30,0,77,0,0,0,0,0,21,26,30,0,77,0,0,0,77
03/18/2022,TTN,NJ,AEA,EN,Federal Contract Tower,8,13,41,2,64,0,0,140,0,140,8,13,181,2,204,133,0,133,337
03/19/2022,TTN,NJ,AEA,EN,Federal Contract Tower,10,6,31,0,47,0,1,55,0,56,10,7,86,0,103,54,0,54,157
03/20/2022,TTN,NJ,AEA,EN,Federal Contract Tower,19,14,38,0,71,0,0,88,0,88,19,14,126,0,159,61,0,61,220
03/21/2022,TTN,NJ,AEA,EN,Federal Contract Tower,11,8,34,1,54,0,0,132,0,132,11,8,166,1,186,88,0,88,274
03/22/2022,TTN,NJ,AEA,EN,Federal Contract Tower,19,4,31,0,54,0,0,195,2,197,19,4,226,2,251,185,2,187,438
03/23/2022,TTN,NJ,AEA,EN,Federal Contract Tower,12,15,41,1,69,0,0,139,4,143,12,15,180,5,212,101,0,101,313
03/24/2022,TTN,NJ,AEA,EN,Federal Contract Tower,17,19,15,0,51,0,0,0,0,0,17,19,15,0,51,0,0,0,51
03/25/2022,TTN,NJ,AEA,EN,Federal Contract Tower,13,18,42,0,73,0,0,138,0,138,13,18,180,0,211,225,2,227,438
03/26/2022,TTN,NJ,AEA,EN,Federal Contract Tower,11,8,18,0,37,0,0,64,0,64,11,8,82,0,101,138,0,138,239
03/27/2022,TTN,NJ,AEA,EN,Federal Contract Tower,19,22,24,0,65,0,0,29,2,31,19,22,53,2,96,16,0,16,112
03/28/2022,TTN,NJ,AEA,EN,Federal Contract Tower,12,15,19,0,46,0,0,37,4,41,12,15,56,4,87,6,0,6,93
03/29/2022,TTN,NJ,AEA,EN,Federal Contract Tower,18,9,21,2,50,0,0,140,0,140,18,9,161,2,190,83,0,83,273
03/30/2022,TTN,NJ,AEA,EN,Federal Contract Tower,12,11,17,1,41,0,0,170,0,170,12,11,187,1,211,132,0,132,343
03/31/2022,TTN,NJ,AEA,EN,Federal Contract Tower,17,13,25,0,55,0,0,17,0,17,17,13,42,0,72,0,0,0,72
04/01/2022,TTN,NJ,AEA,EN,Federal Contract Tower,7,10,26,0,43,0,0,65,0,65,7,10,91,0,108,78,0,78,186
04/02/2022,TTN,NJ,AEA,EN,Federal Contract Tower,6,7,35,0,48,0,0,260,0,260,6,7,295,0,308,256,0,256,564
04/03/2022,TTN,NJ,AEA,EN,Federal Contract Tower,12,10,28,0,50,0,0,11,0,11,12,10,39,0,61,24,0,24,85
04/04/2022,TTN,NJ,AEA,EN,Federal Contract Tower,13,17,30,0,60,0,0,244,0,244,13,17,274,0,304,226,0,226,530
04/05/2022,TTN,NJ,AEA,EN,Federal Contract Tower,14,14,35,0,63,0,1,167,2,170,14,15,202,2,233,206,0,206,439
04/06/2022,TTN,NJ,AEA,EN,Federal Contract Tower,14,17,16,0,47,0,0,0,0,0,14,17,16,0,47,0,0,0,47
04/07/2022,TTN,NJ,AEA,EN,Federal Contract Tower,17,20,23,0,60,0,0,0,0,0,17,20,23,0,60,0,0,0,60
04/08/2022,TTN,NJ,AEA,EN,Federal Contract Tower,14,17,31,0,62,0,0,257,3,260,14,17,288,3,322,206,2,208,530
04/09/2022,TTN,NJ,AEA,EN,Federal Contract Tower,12,29,41,0,82,0,0,78,0,78,12,29,119,0,160,88,0,88,248
04/10/2022,TTN,NJ,AEA,EN,Federal Contract Tower,19,12,24,0,55,0,0,107,0,107,19,12,131,0,162,62,0,62,224
04/11/2022,TTN,NJ,AEA,EN,Federal Contract Tower,13,17,24,0,54,0,0,273,2,275,13,17,297,2,329,309,0,309,638
04/12/2022,TTN,NJ,AEA,EN,Federal Contract Tower,19,24,45,4,92,0,3,216,2,221,19,27,261,6,313,288,0,288,601
04/13/2022,TTN,NJ,AEA,EN,Federal Contract Tower,14,23,37,0,74,0,0,237,0,237,14,23,274,0,311,208,2,210,521
04/14/2022,TTN,NJ,AEA,EN,Federal Contract Tower,18,26,39,3,86,0,0,148,0,148,18,26,187,3,234,90,0,90,324
04/15/2022,TTN,NJ,AEA,EN,Federal Contract Tower,14,20,34,0,68,0,0,281,0,281,14,20,315,0,349,199,0,199,548
04/16/2022,TTN,NJ,AEA,EN,Federal Contract Tower,11,16,17,0,44,0,0,125,0,125,11,16,142,0,169,152,0,152,321
04/17/2022,TTN,NJ,AEA,EN,Federal Contract Tower,20,20,23,0,63,0,0,56,0,56,20,20,79,0,119,32,0,32,151
04/18/2022,TTN,NJ,AEA,EN,Federal Contract Tower,8,16,41,0,65,0,0,97,0,97,8,16,138,0,162,124,0,124,286
04/19/2022,TTN,NJ,AEA,EN,Federal Contract Tower,17,14,22,0,53,0,0,31,0,31,17,14,53,0,84,0,0,0,84
04/20/2022,TTN,NJ,AEA,EN,Federal Contract Tower,13,24,25,1,63,0,0,243,0,243,13,24,268,1,306,118,0,118,424
04/21/2022,TTN,NJ,AEA,EN,Federal Contract Tower,19,19,29,1,68,0,0,232,0,232,19,19,261,1,300,276,0,276,576
04/22/2022,TTN,NJ,AEA,EN,Federal Contract Tower,16,7,31,0,54,0,0,242,0,242,16,7,273,0,296,133,0,133,429
04/23/2022,TTN,NJ,AEA,EN,Federal Contract Tower,14,15,21,0,50,0,0,206,0,206,14,15,227,0,256,140,0,140,396
04/24/2022,TTN,NJ,AEA,EN,Federal Contract Tower,20,21,37,0,78,0,0,195,0,195,20,21,232,0,273,114,0,114,387
04/25/2022,TTN,NJ,AEA,EN,Federal Contract Tower,14,16,34,0,64,0,0,151,0,151,14,16,185,0,215,250,0,250,465
04/26/2022,TTN,NJ,AEA,EN,Federal Contract Tower,18,22,59,0,99,0,0,53,0,53,18,22,112,0,152,40,0,40,192
04/27/2022,TTN,NJ,AEA,EN,Federal Contract Tower,8,14,24,1,47,0,0,74,1,75,8,14,98,2,122,76,2,78,200
04/28/2022,TTN,NJ,AEA,EN,Federal Contract Tower,15,28,36,0,79,0,0,109,4,113,15,28,145,4,192,18,0,18,210
04/29/2022,TTN,NJ,AEA,EN,Federal Contract Tower,11,15,30,0,56,0,0,155,0,155,11,15,185,0,211,160,0,160,371
04/30/2022,TTN,NJ,AEA,EN,Federal Contract Tower,11,11,18,2,42,0,0,206,2,208,11,11,224,4,250,178,0,178,428
05/01/2022,TTN,NJ,AEA,EN,Federal Contract Tower,15,25,27,0,67,0,0,70,0,70,15,25,97,0,137,86,0,86,223
05/02/2022,TTN,NJ,AEA,EN,Federal Contract Tower,11,27,66,0,104,0,0,28,0,28,11,27,94,0,132,52,0,52,184
05/03/2022,TTN,NJ,AEA,EN,Federal Contract Tower,11,8,44,0,63,0,0,227,0,227,11,8,271,0,290,262,0,262,552
05/04/2022,TTN,NJ,AEA,EN,Federal Contract Tower,12,11,50,0,73,0,0,22,0,22,12,11,72,0,95,30,0,30,125
05/05/2022,TTN,NJ,AEA,EN,Federal Contract Tower,15,8,48,1,72,0,0,290,0,290,15,8,338,1,362,186,0,186,548
05/06/2022,TTN,NJ,AEA,EN,Federal Contract Tower,15,18,67,0,100,0,0,30,0,30,15,18,97,0,130,24,0,24,154
05/07/2022,TTN,NJ,AEA,EN,Federal Contract Tower,13,18,6,0,37,0,0,0,0,0,13,18,6,0,37,0,0,0,37
05/08/2022,TTN,NJ,AEA,EN,Federal Contract Tower,14,13,29,0,56,0,1,45,0,46,14,14,74,0,102,48,0,48,150
05/09/2022,TTN,NJ,AEA,EN,Federal Contract Tower,13,17,29,1,60,0,0,227,2,229,13,17,256,3,289,122,0,122,411
05/10/2022,TTN,NJ,AEA,EN,Federal Contract Tower,11,17,28,2,58,0,1,193,8,202,11,18,221,10,260,113,0,113,373
05/11/2022,TTN,NJ,AEA,EN,Federal Contract Tower,10,17,19,3,49,0,0,209,0,209,10,17,228,3,258,162,0,162,420
05/12/2022,TTN,NJ,AEA,EN,Federal Contract Tower,13,25,62,9,109,0,0,103,4,107,13,25,165,13,216,84,0,84,300
05/13/2022,TTN,NJ,AEA,EN,Federal Contract Tower,14,13,48,0,75,0,0,2,0,2,14,13,50,0,77,0,0,0,77
05/14/2022,TTN,NJ,AEA,EN,Federal Contract Tower,13,12,31,0,56,0,0,0,0,0,13,12,31,0,56,0,0,0,56
05/15/2022,TTN,NJ,AEA,EN,Federal Contract Tower,16,14,45,0,75,0,0,95,0,95,16,14,140,0,170,80,0,80,250
05/16/2022,TTN,NJ,AEA,EN,Federal Contract Tower,12,12,20,0,44,0,0,7,0,7,12,12,27,0,51,16,0,16,67
05/17/2022,TTN,NJ,AEA,EN,Federal Contract Tower,13,14,23,2,52,0,0,147,8,155,13,14,170,10,207,108,0,108,315
05/18/2022,TTN,NJ,AEA,EN,Federal Contract Tower,11,20,35,0,66,0,0,218,2,220,11,20,253,2,286,138,0,138,424
05/19/2022,TTN,NJ,AEA,EN,Federal Contract Tower,13,38,55,1,107,0,0,123,0,123,13,38,178,1,230,116,0,116,346
05/20/2022,TTN,NJ,AEA,EN,Federal Contract Tower,15,18,30,0,63,0,0,64,0,64,15,18,94,0,127,32,0,32,159
05/21/2022,TTN,NJ,AEA,EN,Federal Contract Tower,15,32,25,0,72,0,0,89,0,89,15,32,114,0,161,52,0,52,213
05/22/2022,TTN,NJ,AEA,EN,Federal Contract Tower,13,36,27,0,76,0,0,71,4,75,13,36,98,4,151,63,0,63,214
05/23/2022,TTN,NJ,AEA,EN,Federal Contract Tower,13,33,25,0,71,0,0,168,0,168,13,33,193,0,239,138,0,138,377
05/24/2022,TTN,NJ,AEA,EN,Federal Contract Tower,13,13,35,4,65,0,0,197,0,197,13,13,232,4,262,158,0,158,420
05/25/2022,TTN,NJ,AEA,EN,Federal Contract Tower,10,20,38,0,68,0,0,216,0,216,10,20,254,0,284,156,0,156,440
05/26/2022,TTN,NJ,AEA,EN,Federal Contract Tower,13,9,62,0,84,0,0,155,4,159,13,9,217,4,243,186,0,186,429
05/27/2022,TTN,NJ,AEA,EN,Federal Contract Tower,10,14,32,0,56,0,0,6,0,6,10,14,38,0,62,0,0,0,62
05/28/2022,TTN,NJ,AEA,EN,Federal Contract Tower,15,5,25,0,45,0,0,62,2,64,15,5,87,2,109,60,0,60,169
05/29/2022,TTN,NJ,AEA,EN,Federal Contract Tower,15,2,21,0,38,0,0,125,0,125,15,2,146,0,163,190,0,190,353
05/30/2022,TTN,NJ,AEA,EN,Federal Contract Tower,12,10,24,0,46,0,0,148,0,148,12,10,172,0,194,148,0,148,342
05/31/2022,TTN,NJ,AEA,EN,Federal Contract Tower,15,13,32,0,60,0,0,222,0,222,15,13,254,0,282,218,0,218,500
06/01/2022,TTN,NJ,AEA,EN,Federal Contract Tower,13,13,47,0,73,0,0,112,0,112,13,13,159,0,185,164,0,164,349
06/02/2022,TTN,NJ,AEA,EN,Federal Contract Tower,13,21,31,0,65,0,0,28,0,28,13,21,59,0,93,42,0,42,135
06/03/2022,TTN,NJ,AEA,EN,Federal Contract Tower,15,18,55,0,88,0,0,234,0,234,15,18,289,0,322,256,0,256,578
06/04/2022,TTN,NJ,AEA,EN,Federal Contract Tower,12,14,25,0,51,0,0,177,0,177,12,14,202,0,228,22,0,22,250
06/05/2022,TTN,NJ,AEA,EN,Federal Contract Tower,15,15,25,0,55,0,0,173,0,173,15,15,198,0,228,165,0,165,393
06/06/2022,TTN,NJ,AEA,EN,Federal Contract Tower,11,14,29,0,54,0,0,253,4,257,11,14,282,4,311,4,0,4,315
06/07/2022,TTN,NJ,AEA,EN,Federal Contract Tower,15,9,43,0,67,0,0,195,2,197,15,9,238,2,264,64,0,64,328
06/08/2022,TTN,NJ,AEA,EN,Federal Contract Tower,13,7,44,0,64,0,0,211,0,211,13,7,255,0,275,0,0,0,275
06/09/2022,TTN,NJ,AEA,EN,Federal Contract Tower,12,12,29,2,55,0,1,135,2,138,12,13,164,4,193,2,0,2,195
06/10/2022,TTN,NJ,AEA,EN,Federal Contract Tower,12,12,36,2,62,0,0,261,0,261,12,12,297,2,323,146,0,146,469
06/11/2022,TTN,NJ,AEA,EN,Federal Contract Tower,10,18,13,0,41,0,0,138,0,138,10,18,151,0,179,164,0,164,343
06/12/2022,TTN,NJ,AEA,EN,Federal Contract Tower,10,17,38,2,67,0,0,17,0,17,10,17,55,2,84,0,0,0,84
06/13/2022,TTN,NJ,AEA,EN,Federal Contract Tower,6,8,33,0,47,0,0,158,0,158,6,8,191,0,205,228,0,228,433
06/14/2022,TTN,NJ,AEA,EN,Federal Contract Tower,11,17,56,0,84,0,0,151,2,153,11,17,207,2,237,104,0,104,341
06/15/2022,TTN,NJ,AEA,EN,Federal Contract Tower,10,9,36,0,55,0,0,211,4,215,10,9,247,4,270,164,0,164,434
06/16/2022,TTN,NJ,AEA,EN,Federal Contract Tower,13,10,52,0,75,0,0,93,1,94,13,10,145,1,169,134,0,134,303
06/17/2022,TTN,NJ,AEA,EN,Federal Contract Tower,11,5,22,2,40,0,0,154,0,154,11,5,176,2,194,84,0,84,278
06/18/2022,TTN,NJ,AEA,EN,Federal Contract Tower,11,5,26,0,42,0,0,112,0,112,11,5,138,0,154,82,0,82,236
06/19/2022,TTN,NJ,AEA,EN,Federal Contract Tower,11,9,30,0,50,0,1,56,0,57,11,10,86,0,107,60,0,60,167
06/20/2022,TTN,NJ,AEA,EN,Federal Contract Tower,7,16,42,0,65,0,0,231,0,231,7,16,273,0,296,252,0,252,548
06/21/2022,TTN,NJ,AEA,EN,Federal Contract Tower,9,8,26,0,43,0,0,234,0,234,9,8,260,0,277,240,0,240,517
06/22/2022,TTN,NJ,AEA,EN,Federal Contract Tower,6,29,58,0,93,0,0,45,0,45,6,29,103,0,138,66,0,66,204
06/23/2022,TTN,NJ,AEA,EN,Federal Contract Tower,14,20,62,0,96,0,0,43,0,43,14,20,105,0,139,70,0,70,209
06/24/2022,TTN,NJ,AEA,EN,Federal Contract Tower,11,14,52,0,77,0,0,157,0,157,11,14,209,0,234,160,0,160,394
06/25/2022,TTN,NJ,AEA,EN,Federal Contract Tower,11,13,22,0,46,0,0,203,0,203,11,13,225,0,249,110,0,110,359
06/26/2022,TTN,NJ,AEA,EN,Federal Contract Tower,11,15,39,1,66,0,0,181,0,181,11,15,220,1,247,100,0,100,347
06/27/2022,TTN,NJ,AEA,EN,Federal Contract Tower,7,11,48,0,66,0,0,72,0,72,7,11,120,0,138,70,0,70,208
06/28/2022,TTN,NJ,AEA,EN,Federal Contract Tower,9,15,33,1,58,0,0,264,2,266,9,15,297,3,324,144,0,144,468
06/29/2022,TTN,NJ,AEA,EN,Federal Contract Tower,9,16,41,0,66,0,0,272,0,272,9,16,313,0,338,144,1,145,483
06/30/2022,TTN,NJ,AEA,EN,Federal Contract Tower,13,18,35,1,67,0,0,214,0,214,13,18,249,1,281,52,0,52,333
07/01/2022,TTN,NJ,AEA,EN,Federal Contract Tower,11,13,35,0,59,0,0,129,0,129,11,13,164,0,188,0,0,0,188
07/02/2022,TTN,NJ,AEA,EN,Federal Contract Tower,11,16,12,0,39,0,0,73,0,73,11,16,85,0,112,0,0,0,112
07/03/2022,TTN,NJ,AEA,EN,Federal Contract Tower,13,9,20,0,42,0,0,83,0,83,13,9,103,0,125,0,0,0,125
07/04/2022,TTN,NJ,AEA,EN,Federal Contract Tower,9,8,8,0,25,0,0,66,0,66,9,8,74,0,91,0,0,0,91
07/05/2022,TTN,NJ,AEA,EN,Federal Contract Tower,8,9,10,0,27,0,0,95,0,95,8,9,105,0,122,0,0,0,122
07/06/2022,TTN,NJ,AEA,EN,Federal Contract Tower,9,13,16,1,39,0,0,183,0,183,9,13,199,1,222,38,0,38,260
07/07/2022,TTN,NJ,AEA,EN,Federal Contract Tower,12,8,55,0,75,0,0,86,0,86,12,8,141,0,161,8,0,8,169
07/08/2022,TTN,NJ,AEA,EN,Federal Contract Tower,10,19,33,0,62,0,0,177,0,177,10,19,210,0,239,0,0,0,239
07/09/2022,TTN,NJ,AEA,EN,Federal Contract Tower,14,9,19,0,42,0,0,116,0,116,14,9,135,0,158,14,0,14,172
07/10/2022,TTN,NJ,AEA,EN,Federal Contract Tower,13,13,25,0,51,0,0,152,0,152,13,13,177,0,203,0,0,0,203
07/11/2022,TTN,NJ,AEA,EN,Federal Contract Tower,7,10,23,0,40,0,0,205,0,205,7,10,228,0,245,8,0,8,253
07/12/2022,TTN,NJ,AEA,EN,Federal Contract Tower,9,5,36,0,50,0,0,130,0,130,9,5,166,0,180,0,0,0,180
07/13/2022,TTN,NJ,AEA,EN,Federal Contract Tower,9,11,21,2,43,0,0,230,0,230,9,11,251,2,273,2,0,2,275
07/14/2022,TTN,NJ,AEA,EN,Federal Contract Tower,13,16,25,0,54,0,0,212,0,212,13,16,237,0,266,10,0,10,276
07/15/2022,TTN,NJ,AEA,EN,Federal Contract Tower,11,13,25,2,51,0,0,205,0,205,11,13,230,2,256,0,0,0,256
07/16/2022,TTN,NJ,AEA,EN,Federal Contract Tower,11,17,22,1,51,0,0,72,0,72,11,17,94,1,123,56,0,56,179
07/17/2022,TTN,NJ,AEA,EN,Federal Contract Tower,9,12,31,0,52,0,0,101,0,101,9,12,132,0,153,72,0,72,225
07/18/2022,TTN,NJ,AEA,EN,Federal Contract Tower,7,13,24,0,44,0,0,34,0,34,7,13,58,0,78,14,0,14,92
07/19/2022,TTN,NJ,AEA,EN,Federal Contract Tower,9,20,36,2,67,0,0,236,0,236,9,20,272,2,303,212,0,212,515
07/20/2022,TTN,NJ,AEA,EN,Federal Contract Tower,9,18,28,1,56,0,0,228,0,228,9,18,256,1,284,218,0,218,502
07/21/2022,TTN,NJ,AEA,EN,Federal Contract Tower,14,11,19,0,44,0,0,177,0,177,14,11,196,0,221,172,0,172,393
07/22/2022,TTN,NJ,AEA,EN,Federal Contract Tower,11,9,26,0,46,0,0,225,0,225,11,9,251,0,271,200,0,200,471
07/23/2022,TTN,NJ,AEA,EN,Federal Contract Tower,11,7,19,0,37,0,0,154,0,154,11,7,173,0,191,101,0,101,292
07/24/2022,TTN,NJ,AEA,EN,Federal Contract Tower,14,20,26,0,60,0,0,134,0,134,14,20,160,0,194,110,0,110,304
07/25/2022,TTN,NJ,AEA,EN,Federal Contract Tower,7,19,23,0,49,0,0,142,0,142,7,19,165,0,191,134,0,134,325
07/26/2022,TTN,NJ,AEA,EN,Federal Contract Tower,9,4,22,0,35,0,0,186,0,186,9,4,208,0,221,238,0,238,459
07/27/2022,TTN,NJ,AEA,EN,Federal Contract Tower,9,18,34,2,63,0,0,207,0,207,9,18,241,2,270,180,0,180,450
07/28/2022,TTN,NJ,AEA,EN,Federal Contract Tower,13,12,45,1,71,0,0,120,0,120,13,12,165,1,191,120,0,120,311
07/29/2022,TTN,NJ,AEA,EN,Federal Contract Tower,10,12,22,0,44,0,0,184,0,184,10,12,206,0,228,148,0,148,376
07/30/2022,TTN,NJ,AEA,EN,Federal Contract Tower,11,7,19,0,37,0,0,136,0,136,11,7,155,0,173,0,0,0,173
07/31/2022,TTN,NJ,AEA,EN,Federal Contract Tower,11,12,14,0,37,0,0,115,0,115,11,12,129,0,152,82,0,82,234
08/01/2022,TTN,NJ,AEA,EN,Federal Contract Tower,7,17,59,0,83,0,0,44,0,44,7,17,103,0,127,46,0,46,173
08/02/2022,TTN,NJ,AEA,EN,Federal Contract Tower,9,16,35,2,62,0,0,201,2,203,9,16,236,4,265,138,0,138,403
08/03/2022,TTN,NJ,AEA,EN,Federal Contract Tower,7,12,19,0,38,0,0,139,0,139,7,12,158,0,177,42,0,42,219
08/04/2022,TTN,NJ,AEA,EN,Federal Contract Tower,13,9,28,0,50,0,0,173,0,173,13,9,201,0,223,156,0,156,379
08/05/2022,TTN,NJ,AEA,EN,Federal Contract Tower,11,10,19,0,40,0,1,131,0,132,11,11,150,0,172,162,0,162,334
08/06/2022,TTN,NJ,AEA,EN,Federal Contract Tower,10,10,26,0,46,0,0,64,0,64,10,10,90,0,110,18,0,18,128
08/07/2022,TTN,NJ,AEA,EN,Federal Contract Tower,14,17,22,0,53,0,0,83,0,83,14,17,105,0,136,44,0,44,180
08/08/2022,TTN,NJ,AEA,EN,Federal Contract Tower,7,18,34,0,59,0,0,136,0,136,7,18,170,0,195,116,0,116,311
08/09/2022,TTN,NJ,AEA,EN,Federal Contract Tower,10,17,16,0,43,0,0,139,0,139,10,17,155,0,182,20,0,20,202
08/10/2022,TTN,NJ,AEA,EN,Federal Contract Tower,8,8,22,0,38,0,0,193,0,193,8,8,215,0,231,2,0,2,233
08/11/2022,TTN,NJ,AEA,EN,Federal Contract Tower,14,11,41,0,66,0,0,125,0,125,14,11,166,0,191,0,0,0,191
08/12/2022,TTN,NJ,AEA,EN,Federal Contract Tower,9,15,28,0,52,0,0,193,0,193,9,15,221,0,245,2,0,2,247
08/13/2022,TTN,NJ,AEA,EN,Federal Contract Tower,9,7,19,0,35,0,0,124,0,124,9,7,143,0,159,0,0,0,159
08/14/2022,TTN,NJ,AEA,EN,Federal Contract Tower,13,20,24,0,57,0,0,123,0,123,13,20,147,0,180,6,0,6,186
08/15/2022,TTN,NJ,AEA,EN,Federal Contract Tower,5,24,26,0,55,0,0,135,0,135,5,24,161,0,190,0,0,0,190
08/16/2022,TTN,NJ,AEA,EN,Federal Contract Tower,9,12,34,0,55,0,0,150,0,150,9,12,184,0,205,0,0,0,205
08/17/2022,TTN,NJ,AEA,EN,Federal Contract Tower,8,17,30,0,55,0,0,164,0,164,8,17,194,0,219,0,0,0,219
08/18/2022,TTN,NJ,AEA,EN,Federal Contract Tower,13,16,33,1,63,0,0,164,0,164,13,16,197,1,227,42,0,42,269
08/19/2022,TTN,NJ,AEA,EN,Federal Contract Tower,11,16,30,0,57,0,0,160,2,162,11,16,190,2,219,132,0,132,351
08/20/2022,TTN,NJ,AEA,EN,Federal Contract Tower,9,10,13,0,32,0,0,98,0,98,9,10,111,0,130,4,0,4,134
08/21/2022,TTN,NJ,AEA,EN,Federal Contract Tower,12,11,29,0,52,0,0,70,0,70,12,11,99,0,122,66,0,66,188
08/22/2022,TTN,NJ,AEA,EN,Federal Contract Tower,3,9,23,0,35,0,0,27,0,27,3,9,50,0,62,16,0,16,78
08/23/2022,TTN,NJ,AEA,EN,Federal Contract Tower,9,10,32,2,53,0,0,84,0,84,9,10,116,2,137,122,0,122,259
08/24/2022,TTN,NJ,AEA,EN,Federal Contract Tower,6,9,31,0,46,0,0,169,6,175,6,9,200,6,221,74,0,74,295
08/25/2022,TTN,NJ,AEA,EN,Federal Contract Tower,13,20,29,1,63,0,0,143,4,147,13,20,172,5,210,184,0,184,394
08/26/2022,TTN,NJ,AEA,EN,Federal Contract Tower,9,17,18,1,45,0,0,118,2,120,9,17,136,3,165,136,0,136,301
08/27/2022,TTN,NJ,AEA,EN,Federal Contract Tower,8,15,28,0,51,0,0,92,0,92,8,15,120,0,143,112,0,112,255
08/28/2022,TTN,NJ,AEA,EN,Federal Contract Tower,13,16,23,0,52,0,0,37,0,37,13,16,60,0,89,6,0,6,95
08/29/2022,TTN,NJ,AEA,EN,Federal Contract Tower,5,8,36,0,49,0,0,84,0,84,5,8,120,0,133,0,0,0,133
08/30/2022,TTN,NJ,AEA,EN,Federal Contract Tower,9,0,26,0,35,0,0,53,0,53,9,0,79,0,88,30,0,30,118
08/31/2022,TTN,NJ,AEA,EN,Federal Contract Tower,6,14,24,0,44,0,0,142,0,142,6,14,166,0,186,108,0,108,294
09/01/2022,TTN,NJ,AEA,EN,Federal Contract Tower,12,16,35,0,63,0,0,134,0,134,12,16,169,0,197,72,0,72,269
09/02/2022,TTN,NJ,AEA,EN,Federal Contract Tower,11,11,17,2,41,0,0,154,0,154,11,11,171,2,195,158,0,158,353
09/03/2022,TTN,NJ,AEA,EN,Federal Contract Tower,9,8,15,0,32,0,0,91,0,91,9,8,106,0,123,24,0,24,147
09/04/2022,TTN,NJ,AEA,EN,Federal Contract Tower,13,10,18,0,41,0,0,56,0,56,13,10,74,0,97,16,0,16,113
09/05/2022,TTN,NJ,AEA,EN,Federal Contract Tower,5,12,20,0,37,0,0,80,0,80,5,12,100,0,117,50,0,50,167
09/06/2022,TTN,NJ,AEA,EN,Federal Contract Tower,9,16,29,0,54,0,0,0,1,1,9,16,29,1,55,0,0,0,55
09/07/2022,TTN,NJ,AEA,EN,Federal Contract Tower,6,12,61,2,81,0,0,39,0,39,6,12,100,2,120,60,0,60,180
09/08/2022,TTN,NJ,AEA,EN,Federal Contract Tower,14,11,13,0,38,0,0,210,0,210,14,11,223,0,248,164,0,164,412
09/09/2022,TTN,NJ,AEA,EN,Federal Contract Tower,9,15,13,0,37,0,0,219,0,219,9,15,232,0,256,172,0,172,428
09/10/2022,TTN,NJ,AEA,EN,Federal Contract Tower,5,9,21,0,35,0,0,205,2,207,5,9,226,2,242,196,0,196,438
09/11/2022,TTN,NJ,AEA,EN,Federal Contract Tower,9,10,39,0,58,0,0,5,0,5,9,10,44,0,63,74,0,74,137
09/12/2022,TTN,NJ,AEA,EN,Federal Contract Tower,5,12,39,0,56,0,0,31,0,31,5,12,70,0,87,36,0,36,123
09/13/2022,TTN,NJ,AEA,EN,Federal Contract Tower,10,10,35,2,57,0,0,148,0,148,10,10,183,2,205,144,0,144,349
09/14/2022,TTN,NJ,AEA,EN,Federal Contract Tower,7,10,31,0,48,0,0,230,0,230,7,10,261,0,278,226,0,226,504
09/15/2022,TTN,NJ,AEA,EN,Federal Contract Tower,13,16,39,0,68,0,0,265,3,268,13,16,304,3,336,202,0,202,538
09/16/2022,TTN,NJ,AEA,EN,Federal Contract Tower,9,9,30,0,48,0,0,266,0,266,9,9,296,0,314,216,0,216,530
09/17/2022,TTN,NJ,AEA,EN,Federal Contract Tower,9,9,28,0,46,0,0,216,0,216,9,9,244,0,262,184,0,184,446
09/18/2022,TTN,NJ,AEA,EN,Federal Contract Tower,14,16,42,0,72,0,0,208,0,208,14,16,250,0,280,155,0,155,435
09/19/2022,TTN,NJ,AEA,EN,Federal Contract Tower,5,13,34,0,52,0,0,199,4,203,5,13,233,4,255,166,0,166,421
09/20/2022,TTN,NJ,AEA,EN,Federal Contract Tower,9,19,30,0,58,0,0,179,2,181,9,19,209,2,239,182,0,182,421
09/21/2022,TTN,NJ,AEA,EN,Federal Contract Tower,7,20,35,0,62,0,0,261,0,261,7,20,296,0,323,210,0,210,533
09/22/2022,TTN,NJ,AEA,EN,Federal Contract Tower,11,16,40,0,67,0,0,94,0,94,11,16,134,0,161,114,0,114,275
09/23/2022,TTN,NJ,AEA,EN,Federal Contract Tower,9,19,28,0,56,0,1,129,0,130,9,20,157,0,186,84,0,84,270
09/24/2022,TTN,NJ,AEA,EN,Federal Contract Tower,10,7,23,12,52,0,0,178,0,178,10,7,201,12,230,240,0,240,470
09/25/2022,TTN,NJ,AEA,EN,Federal Contract Tower,11,11,33,0,55,0,0,86,0,86,11,11,119,0,141,62,0,62,203
09/26/2022,TTN,NJ,AEA,EN,Federal Contract Tower,5,13,27,0,45,0,0,216,0,216,5,13,243,0,261,204,0,204,465
09/27/2022,TTN,NJ,AEA,EN,Federal Contract Tower,9,18,23,0,50,0,0,230,0,230,9,18,253,0,280,118,0,118,398
09/28/2022,TTN,NJ,AEA,EN,Federal Contract Tower,2,15,28,0,45,0,0,244,2,246,2,15,272,2,291,208,0,208,499
09/29/2022,TTN,NJ,AEA,EN,Federal Contract Tower,7,11,25,0,43,0,1,234,0,235,7,12,259,0,278,304,0,304,582
09/30/2022,TTN,NJ,AEA,EN,Federal Contract Tower,5,22,32,0,59,0,1,234,0,235,5,23,266,0,294,186,0,186,480
10/01/2022,TTN,NJ,AEA,EN,Federal Contract Tower,7,13,16,0,36,0,0,0,0,0,7,13,16,0,36,0,0,0,36
10/02/2022,TTN,NJ,AEA,EN,Federal Contract Tower,13,21,18,0,52,0,0,0,0,0,13,21,18,0,52,0,0,0,52
10/03/2022,TTN,NJ,AEA,EN,Federal Contract Tower,5,17,32,0,54,0,0,33,0,33,5,17,65,0,87,66,0,66,153
10/04/2022,TTN,NJ,AEA,EN,Federal Contract Tower,9,12,26,0,47,0,0,0,0,0,9,12,26,0,47,0,0,0,47
10/05/2022,TTN,NJ,AEA,EN,Federal Contract Tower,7,14,32,0,53,0,0,10,0,10,7,14,42,0,63,0,0,0,63
10/06/2022,TTN,NJ,AEA,EN,Federal Contract Tower,13,13,43,0,69,0,0,297,0,297,13,13,340,0,366,210,0,210,576
10/07/2022,TTN,NJ,AEA,EN,Federal Contract Tower,9,23,51,0,83,0,0,202,0,202,9,23,253,0,285,160,0,160,445
10/08/2022,TTN,NJ,AEA,EN,Federal Contract Tower,8,9,23,0,40,0,0,187,0,187,8,9,210,0,227,156,0,156,383
10/09/2022,TTN,NJ,AEA,EN,Federal Contract Tower,14,14,37,1,66,0,0,129,0,129,14,14,166,1,195,24,0,24,219
10/10/2022,TTN,NJ,AEA,EN,Federal Contract Tower,5,19,50,6,80,0,0,126,0,126,5,19,176,6,206,2,0,2,208
10/11/2022,TTN,NJ,AEA,EN,Federal Contract Tower,9,19,35,0,63,0,0,207,4,211,9,19,242,4,274,172,0,172,446
10/12/2022,TTN,NJ,AEA,EN,Federal Contract Tower,7,11,31,0,49,0,0,216,0,216,7,11,247,0,265,144,0,144,409
10/13/2022,TTN,NJ,AEA,EN,Federal Contract Tower,13,18,27,1,59,0,1,39,0,40,13,19,66,1,99,36,0,36,135
10/14/2022,TTN,NJ,AEA,EN,Federal Contract Tower,9,26,26,0,61,0,0,266,2,268,9,26,292,2,329,164,0,164,493
10/15/2022,TTN,NJ,AEA,EN,Federal Contract Tower,9,16,20,0,45,0,0,189,6,195,9,16,209,6,240,202,0,202,442
10/16/2022,TTN,NJ,AEA,EN,Federal Contract Tower,13,20,21,0,54,0,0,188,0,188,13,20,209,0,242,120,0,120,362
10/17/2022,TTN,NJ,AEA,EN,Federal Contract Tower,5,13,36,0,54,0,0,45,0,45,5,13,81,0,99,18,0,18,117
10/18/2022,TTN,NJ,AEA,EN,Federal Contract Tower,9,14,22,0,45,0,0,240,0,240,9,14,262,0,285,254,0,254,539
10/19/2022,TTN,NJ,AEA,EN,Federal Contract Tower,7,15,38,0,60,0,0,202,4,206,7,15,240,4,266,178,0,178,444
10/20/2022,TTN,NJ,AEA,EN,Federal Contract Tower,13,33,40,0,86,0,0,202,0,202,13,33,242,0,288,106,0,106,394
10/21/2022,TTN,NJ,AEA,EN,Federal Contract Tower,9,24,36,0,69,0,0,223,0,223,9,24,259,0,292,324,0,324,616
10/22/2022,TTN,NJ,AEA,EN,Federal Contract Tower,9,15,12,0,36,0,0,175,0,175,9,15,187,0,211,208,0,208,419
10/23/2022,TTN,NJ,AEA,EN,Federal Contract Tower,13,11,32,0,56,0,0,53,0,53,13,11,85,0,109,132,0,132,241
10/24/2022,TTN,NJ,AEA,EN,Federal Contract Tower,5,18,26,0,49,0,0,0,0,0,5,18,26,0,49,0,0,0,49
10/25/2022,TTN,NJ,AEA,EN,Federal Contract Tower,9,16,32,0,57,0,0,0,0,0,9,16,32,0,57,0,0,0,57
10/26/2022,TTN,NJ,AEA,EN,Federal Contract Tower,8,9,17,0,34,0,23,0,0,23,8,32,17,0,57,8,0,8,65
10/27/2022,TTN,NJ,AEA,EN,Federal Contract Tower,13,19,32,0,64,0,1,224,0,225,13,20,256,0,289,228,0,228,517
10/28/2022,TTN,NJ,AEA,EN,Federal Contract Tower,9,10,33,0,52,0,1,216,0,217,9,11,249,0,269,136,0,136,405
10/29/2022,TTN,NJ,AEA,EN,Federal Contract Tower,7,14,19,0,40,0,0,258,0,258,7,14,277,0,298,264,0,264,562
10/30/2022,TTN,NJ,AEA,EN,Federal Contract Tower,13,13,18,0,44,0,0,168,0,168,13,13,186,0,212,222,0,222,434
10/31/2022,TTN,NJ,AEA,EN,Federal Contract Tower,5,16,55,0,76,0,0,122,0,122,5,16,177,0,198,178,0,178,376
11/01/2022,TTN,NJ,AEA,EN,Federal Contract Tower,9,12,38,0,59,0,0,62,0,62,9,12,100,0,121,92,0,92,213
11/02/2022,TTN,NJ,AEA,EN,Federal Contract Tower,5,12,23,0,40,0,0,276,0,276,5,12,299,0,316,216,0,216,532
11/03/2022,TTN,NJ,AEA,EN,Federal Contract Tower,15,20,29,0,64,0,0,275,0,275,15,20,304,0,339,296,4,300,639
11/04/2022,TTN,NJ,AEA,EN,Federal Contract Tower,10,15,26,0,51,0,1,113,0,114,10,16,139,0,165,94,0,94,259
11/05/2022,TTN,NJ,AEA,EN,Federal Contract Tower,13,19,37,0,69,0,0,124,0,124,13,19,161,0,193,108,0,108,301
11/06/2022,TTN,NJ,AEA,EN,Federal Contract Tower,7,26,23,0,56,0,0,86,0,86,7,26,109,0,142,168,0,168,310
11/07/2022,TTN,NJ,AEA,EN,Federal Contract Tower,13,11,32,0,56,0,0,184,0,184,13,11,216,0,240,224,0,224,464
11/08/2022,TTN,NJ,AEA,EN,Federal Contract Tower,10,3,26,0,39,0,0,150,0,150,10,3,176,0,189,116,0,116,305
11/09/2022,TTN,NJ,AEA,EN,Federal Contract Tower,12,4,31,0,47,0,2,235,0,237,12,6,266,0,284,218,0,218,502
11/10/2022,TTN,NJ,AEA,EN,Federal Contract Tower,4,17,26,0,47,0,0,252,0,252,4,17,278,0,299,202,0,202,501
11/11/2022,TTN,NJ,AEA,EN,Federal Contract Tower,9,23,24,0,56,0,0,5,0,5,9,23,29,0,61,26,0,26,87
11/12/2022,TTN,NJ,AEA,EN,Federal Contract Tower,12,11,29,0,52,0,0,117,0,117,12,11,146,0,169,218,0,218,387
11/13/2022,TTN,NJ,AEA,EN,Federal Contract Tower,3,17,23,0,43,0,0,92,0,92,3,17,115,0,135,186,0,186,321
11/14/2022,TTN,NJ,AEA,EN,Federal Contract Tower,12,21,33,0,66,0,0,244,0,244,12,21,277,0,310,220,0,220,530
11/15/2022,TTN,NJ,AEA,EN,Federal Contract Tower,5,14,21,0,40,0,0,133,0,133,5,14,154,0,173,96,0,96,269
11/16/2022,TTN,NJ,AEA,EN,Federal Contract Tower,12,26,45,0,83,0,0,89,0,89,12,26,134,0,172,68,0,68,240
11/17/2022,TTN,NJ,AEA,EN,Federal Contract Tower,6,29,26,0,61,0,0,199,4,203,6,29,225,4,264,54,2,56,320
11/18/2022,TTN,NJ,AEA,EN,Federal Contract Tower,9,17,30,0,56,0,0,191,0,191,9,17,221,0,247,26,0,26,273
11/19/2022,TTN,NJ,AEA,EN,Federal Contract Tower,9,21,17,0,47,0,0,163,0,163,9,21,180,0,210,156,0,156,366
11/20/2022,TTN,NJ,AEA,EN,Federal Contract Tower,5,16,18,0,39,0,0,79,0,79,5,16,97,0,118,8,0,8,126
11/21/2022,TTN,NJ,AEA,EN,Federal Contract Tower,7,20,21,0,48,0,0,196,0,196,7,20,217,0,244,36,0,36,280
11/22/2022,TTN,NJ,AEA,EN,Federal Contract Tower,5,11,36,0,52,0,0,248,0,248,5,11,284,0,300,216,0,216,516
11/23/2022,TTN,NJ,AEA,EN,Federal Contract Tower,9,11,24,0,44,0,2,205,0,207,9,13,229,0,251,186,0,186,437
11/24/2022,TTN,NJ,AEA,EN,Federal Contract Tower,3,4,0,0,7,0,0,37,0,37,3,4,37,0,44,92,0,92,136
11/25/2022,TTN,NJ,AEA,EN,Federal Contract Tower,10,17,12,0,39,0,0,16,0,16,10,17,28,0,55,22,0,22,77
11/26/2022,TTN,NJ,AEA,EN,Federal Contract Tower,10,14,25,0,49,0,1,164,0,165,10,15,189,0,214,238,0,238,452
11/27/2022,TTN,NJ,AEA,EN,Federal Contract Tower,4,31,30,0,65,0,0,25,0,25,4,31,55,0,90,72,0,72,162
11/28/2022,TTN,NJ,AEA,EN,Federal Contract Tower,9,20,24,0,53,0,0,98,0,98,9,20,122,0,151,52,0,52,203
11/29/2022,TTN,NJ,AEA,EN,Federal Contract Tower,6,13,28,0,47,0,0,200,0,200,6,13,228,0,247,176,0,176,423
11/30/2022,TTN,NJ,AEA,EN,Federal Contract Tower,9,13,35,0,57,0,0,10,0,10,9,13,45,0,67,0,0,0,67
12/01/2022,TTN,NJ,AEA,EN,Federal Contract Tower,3,15,27,0,45,0,0,141,4,145,3,15,168,4,190,54,0,54,244
12/02/2022,TTN,NJ,AEA,EN,Federal Contract Tower,9,16,24,0,49,0,0,204,0,204,9,16,228,0,253,150,0,150,403
12/03/2022,TTN,NJ,AEA,EN,Federal Contract Tower,8,12,8,0,28,0,0,0,0,0,8,12,8,0,28,0,0,0,28
12/04/2022,TTN,NJ,AEA,EN,Federal Contract Tower,2,27,24,0,53,0,0,153,0,153,2,27,177,0,206,152,0,152,358
12/05/2022,TTN,NJ,AEA,EN,Federal Contract Tower,10,15,14,0,39,0,0,201,0,201,10,15,215,0,240,34,0,34,274
12/06/2022,TTN,NJ,AEA,EN,Federal Contract Tower,3,18,27,0,48,0,1,4,0,5,3,19,31,0,53,0,0,0,53
12/07/2022,TTN,NJ,AEA,EN,Federal Contract Tower,9,14,21,0,44,0,0,0,0,0,9,14,21,0,44,0,0,0,44
12/08/2022,TTN,NJ,AEA,EN,Federal Contract Tower,5,15,30,0,50,0,0,243,0,243,5,15,273,0,293,150,0,150,443
12/09/2022,TTN,NJ,AEA,EN,Federal Contract Tower,10,23,35,0,68,0,0,182,0,182,10,23,217,0,250,136,0,136,386
12/10/2022,TTN,NJ,AEA,EN,Federal Contract Tower,10,7,27,0,44,0,0,182,0,182,10,7,209,0,226,196,0,196,422
12/11/2022,TTN,NJ,AEA,EN,Federal Contract Tower,3,23,10,0,36,0,0,6,0,6,3,23,16,0,42,0,0,0,42
12/12/2022,TTN,NJ,AEA,EN,Federal Contract Tower,8,7,29,0,44,0,0,91,0,91,8,7,120,0,135,84,0,84,219
12/13/2022,TTN,NJ,AEA,EN,Federal Contract Tower,3,14,15,0,32,0,0,237,0,237,3,14,252,0,269,194,0,194,463
12/14/2022,TTN,NJ,AEA,EN,Federal Contract Tower,8,16,28,0,52,0,0,219,0,219,8,16,247,0,271,152,0,152,423
12/15/2022,TTN,NJ,AEA,EN,Federal Contract Tower,3,10,23,0,36,0,0,0,0,0,3,10,23,0,36,0,0,0,36
12/16/2022,TTN,NJ,AEA,EN,Federal Contract Tower,10,16,22,0,48,0,0,0,2,2,10,16,22,2,50,0,0,0,50
12/17/2022,TTN,NJ,AEA,EN,Federal Contract Tower,7,5,19,0,31,0,0,147,0,147,7,5,166,0,178,156,0,156,334
12/18/2022,TTN,NJ,AEA,EN,Federal Contract Tower,5,14,9,0,28,0,0,82,0,82,5,14,91,0,110,70,0,70,180
12/19/2022,TTN,NJ,AEA,EN,Federal Contract Tower,10,9,26,0,45,0,0,94,0,94,10,9,120,0,139,62,0,62,201
12/20/2022,TTN,NJ,AEA,EN,Federal Contract Tower,3,12,21,0,36,0,2,125,0,127,3,14,146,0,163,122,0,122,285
12/21/2022,TTN,NJ,AEA,EN,Federal Contract Tower,11,16,28,0,55,0,0,188,0,188,11,16,216,0,243,174,0,174,417
12/22/2022,TTN,NJ,AEA,EN,Federal Contract Tower,2,21,27,0,50,0,0,16,0,16,2,21,43,0,66,16,0,16,82
12/23/2022,TTN,NJ,AEA,EN,Federal Contract Tower,11,9,9,0,29,0,0,0,0,0,11,9,9,0,29,0,0,0,29
12/24/2022,TTN,NJ,AEA,EN,Federal Contract Tower,9,6,13,1,29,0,0,59,0,59,9,6,72,1,88,0,0,0,88
12/25/2022,TTN,NJ,AEA,EN,Federal Contract Tower,1,13,7,0,21,0,2,13,0,15,1,15,20,0,36,10,0,10,46
12/26/2022,TTN,NJ,AEA,EN,Federal Contract Tower,9,21,46,0,76,0,0,110,2,112,9,21,156,2,188,100,0,100,288
12/27/2022,TTN,NJ,AEA,EN,Federal Contract Tower,5,12,28,0,45,0,1,125,0,126,5,13,153,0,171,146,0,146,317
12/28/2022,TTN,NJ,AEA,EN,Federal Contract Tower,10,18,21,0,49,0,0,172,2,174,10,18,193,2,223,192,0,192,415
12/29/2022,TTN,NJ,AEA,EN,Federal Contract Tower,5,20,20,0,45,0,0,212,0,212,5,20,232,0,257,146,0,146,403
12/30/2022,TTN,NJ,AEA,EN,Federal Contract Tower,7,10,22,0,39,0,0,200,2,202,7,10,222,2,241,158,0,158,399
12/31/2022,TTN,NJ,AEA,EN,Federal Contract Tower,1,0,2,0,3,0,0,0,0,0,1,0,2,0,3,0,0,0,3
01/01/2023,TTN,NJ,AEA,EN,Federal Contract Tower,4,14,11,0,29,0,0,56,0,56,4,14,67,0,85,73,0,73,158
01/02/2023,TTN,NJ,AEA,EN,Federal Contract Tower,9,16,43,0,68,0,0,191,0,191,9,16,234,0,259,130,0,130,389
01/03/2023,TTN,NJ,AEA,EN,Federal Contract Tower,5,14,29,0,48,0,0,15,0,15,5,14,44,0,63,2,0,2,65
01/04/2023,TTN,NJ,AEA,EN,Federal Contract Tower,9,21,31,0,61,0,0,97,0,97,9,21,128,0,158,118,0,118,276
01/05/2023,TTN,NJ,AEA,EN,Federal Contract Tower,1,21,27,0,49,0,2,154,2,158,1,23,181,2,207,110,0,110,317
01/06/2023,TTN,NJ,AEA,EN,Federal Contract Tower,9,8,43,0,60,0,0,100,0,100,9,8,143,0,160,66,0,66,226
01/07/2023,TTN,NJ,AEA,EN,Federal Contract Tower,7,10,25,0,42,0,0,169,0,169,7,10,194,0,211,128,0,128,339
01/08/2023,TTN,NJ,AEA,EN,Federal Contract Tower,9,20,26,0,55,0,0,174,0,174,9,20,200,0,229,106,0,106,335
01/09/2023,TTN,NJ,AEA,EN,Federal Contract Tower,10,7,21,0,38,0,0,194,0,194,10,7,215,0,232,206,0,206,438
01/10/2023,TTN,NJ,AEA,EN,Federal Contract Tower,5,9,19,0,33,0,0,159,8,167,5,9,178,8,200,0,0,0,200
01/11/2023,TTN,NJ,AEA,EN,Federal Contract Tower,11,7,22,0,40,0,0,154,2,156,11,7,176,2,196,58,0,58,254
01/12/2023,TTN,NJ,AEA,EN,Federal Contract Tower,3,28,27,0,58,0,0,74,0,74,3,28,101,0,132,40,0,40,172
01/13/2023,TTN,NJ,AEA,EN,Federal Contract Tower,9,23,35,0,67,0,0,64,0,64,9,23,99,0,131,125,0,125,256
01/14/2023,TTN,NJ,AEA,EN,Federal Contract Tower,10,10,7,0,27,0,0,99,0,99,10,10,106,0,126,46,0,46,172
01/15/2023,TTN,NJ,AEA,EN,Federal Contract Tower,7,11,16,0,34,0,0,110,0,110,7,11,126,0,144,38,0,38,182
01/16/2023,TTN,NJ,AEA,EN,Federal Contract Tower,11,20,19,0,50,0,0,189,0,189,11,20,208,0,239,132,0,132,371
01/17/2023,TTN,NJ,AEA,EN,Federal Contract Tower,5,7,29,0,41,0,0,132,0,132,5,7,161,0,173,124,0,124,297
01/18/2023,TTN,NJ,AEA,EN,Federal Contract Tower,8,20,17,0,45,0,0,144,0,144,8,20,161,0,189,128,0,128,317
01/19/2023,TTN,NJ,AEA,EN,Federal Contract Tower,3,13,14,0,30,0,0,8,0,8,3,13,22,0,38,42,0,42,80
01/20/2023,TTN,NJ,AEA,EN,Federal Contract Tower,10,9,36,0,55,0,0,94,0,94,10,9,130,0,149,64,0,64,213
01/21/2023,TTN,NJ,AEA,EN,Federal Contract Tower,11,9,21,0,41,0,0,183,0,183,11,9,204,0,224,256,0,256,480
01/22/2023,TTN,NJ,AEA,EN,Federal Contract Tower,7,5,8,0,20,0,0,107,0,107,7,5,115,0,127,102,0,102,229
01/23/2023,TTN,NJ,AEA,EN,Federal Contract Tower,8,5,21,0,34,0,0,27,0,27,8,5,48,0,61,24,0,24,85
01/24/2023,TTN,NJ,AEA,EN,Federal Contract Tower,6,9,20,0,35,0,0,190,0,190,6,9,210,0,225,144,0,144,369
01/25/2023,TTN,NJ,AEA,EN,Federal Contract Tower,10,14,15,0,39,0,0,62,0,62,10,14,77,0,101,98,0,98,199
01/26/2023,TTN,NJ,AEA,EN,Federal Contract Tower,3,18,20,0,41,0,0,114,0,114,3,18,134,0,155,72,0,72,227
01/27/2023,TTN,NJ,AEA,EN,Federal Contract Tower,10,11,42,0,63,0,0,296,0,296,10,11,338,0,359,198,0,198,557
01/28/2023,TTN,NJ,AEA,EN,Federal Contract Tower,9,14,29,0,52,0,0,234,0,234,9,14,263,0,286,166,0,166,452
01/29/2023,TTN,NJ,AEA,EN,Federal Contract Tower,7,13,26,0,46,0,0,144,0,144,7,13,170,0,190,136,0,136,326
01/30/2023,TTN,NJ,AEA,EN,Federal Contract Tower,11,17,22,0,50,0,0,236,0,236,11,17,258,0,286,168,0,168,454
01/31/2023,TTN,NJ,AEA,EN,Federal Contract Tower,5,16,19,0,40,0,0,36,2,38,5,16,55,2,78,24,0,24,102
02/01/2023,TTN,NJ,AEA,EN,Federal Contract Tower,11,12,27,0,50,0,0,217,0,217,11,12,244,0,267,4,0,4,271
02/02/2023,TTN,NJ,AEA,EN,Federal Contract Tower,3,12,32,0,47,0,1,245,0,246,3,13,277,0,293,68,0,68,361
02/03/2023,TTN,NJ,AEA,EN,Federal Contract Tower,11,28,26,0,65,0,1,39,0,40,11,29,65,0,105,0,0,0,105
02/04/2023,TTN,NJ,AEA,EN,Federal Contract Tower,12,6,25,0,43,0,1,186,0,187,12,7,211,0,230,170,0,170,400
02/05/2023,TTN,NJ,AEA,EN,Federal Contract Tower,5,10,14,0,29,0,1,136,0,137,5,11,150,0,166,172,0,172,338
02/06/2023,TTN,NJ,AEA,EN,Federal Contract Tower,10,17,21,0,48,0,0,107,0,107,10,17,128,0,155,90,0,90,245
02/07/2023,TTN,NJ,AEA,EN,Federal Contract Tower,5,13,21,0,39,0,1,199,0,200,5,14,220,0,239,2,0,2,241
02/08/2023,TTN,NJ,AEA,EN,Federal Contract Tower,11,10,24,0,45,0,0,205,0,205,11,10,229,0,250,162,0,162,412
02/09/2023,TTN,NJ,AEA,EN,Federal Contract Tower,3,24,29,1,57,0,0,188,0,188,3,24,217,1,245,114,0,114,359
02/10/2023,TTN,NJ,AEA,EN,Federal Contract Tower,8,15,31,0,54,0,2,108,2,112,8,17,139,2,166,2,0,2,168
02/11/2023,TTN,NJ,AEA,EN,Federal Contract Tower,12,9,26,0,47,0,0,235,0,235,12,9,261,0,282,12,0,12,294
02/12/2023,TTN,NJ,AEA,EN,Federal Contract Tower,7,10,18,0,35,0,0,176,0,176,7,10,194,0,211,6,0,6,217
02/13/2023,TTN,NJ,AEA,EN,Federal Contract Tower,10,15,30,0,55,0,0,209,0,209,10,15,239,0,264,2,0,2,266
02/14/2023,TTN,NJ,AEA,EN,Federal Contract Tower,6,15,24,0,45,0,0,242,0,242,6,15,266,0,287,6,0,6,293
02/15/2023,TTN,NJ,AEA,EN,Federal Contract Tower,10,21,21,0,52,0,0,164,0,164,10,21,185,0,216,84,0,84,300
02/16/2023,TTN,NJ,AEA,EN,Federal Contract Tower,5,15,51,0,71,0,0,161,2,163,5,15,212,2,234,174,0,174,408
02/17/2023,TTN,NJ,AEA,EN,Federal Contract Tower,11,16,24,0,51,0,0,6,0,6,11,16,30,0,57,0,0,0,57
02/18/2023,TTN,NJ,AEA,EN,Federal Contract Tower,13,9,13,0,35,0,0,262,0,262,13,9,275,0,297,158,0,158,455
02/19/2023,TTN,NJ,AEA,EN,Federal Contract Tower,7,9,22,0,38,0,0,157,0,157,7,9,179,0,195,106,0,106,301
02/20/2023,TTN,NJ,AEA,EN,Federal Contract Tower,13,10,29,0,52,0,0,231,0,231,13,10,260,0,283,148,0,148,431
02/21/2023,TTN,NJ,AEA,EN,Federal Contract Tower,7,15,32,0,54,0,0,80,0,80,7,15,112,0,134,50,0,50,184
02/22/2023,TTN,NJ,AEA,EN,Federal Contract Tower,13,14,25,0,52,0,0,66,0,66,13,14,91,0,118,42,0,42,160
02/23/2023,TTN,NJ,AEA,EN,Federal Contract Tower,5,17,51,0,73,0,0,51,0,51,5,17,102,0,124,24,0,24,148
02/24/2023,TTN,NJ,AEA,EN,Federal Contract Tower,10,22,32,0,64,0,0,131,0,131,10,22,163,0,195,28,0,28,223
02/25/2023,TTN,NJ,AEA,EN,Federal Contract Tower,12,15,32,0,59,0,0,152,0,152,12,15,184,0,211,138,0,138,349
02/26/2023,TTN,NJ,AEA,EN,Federal Contract Tower,7,10,18,0,35,0,0,106,0,106,7,10,124,0,141,62,0,62,203
02/27/2023,TTN,NJ,AEA,EN,Federal Contract Tower,11,23,24,0,58,0,1,200,0,201,11,24,224,0,259,58,0,58,317
02/28/2023,TTN,NJ,AEA,EN,Federal Contract Tower,7,15,15,0,37,0,0,33,0,33,7,15,48,0,70,24,0,24,94
03/01/2023,TTN,NJ,AEA,EN,Federal Contract Tower,11,19,41,0,71,0,0,226,0,226,11,19,267,0,297,110,0,110,407
03/02/2023,TTN,NJ,AEA,EN,Federal Contract Tower,5,19,44,0,68,0,0,93,0,93,5,19,137,0,161,90,0,90,251
03/03/2023,TTN,NJ,AEA,EN,Federal Contract Tower,12,11,25,0,48,0,0,175,0,175,12,11,200,0,223,114,0,114,337
03/04/2023,TTN,NJ,AEA,EN,Federal Contract Tower,11,14,15,0,40,0,0,6,0,6,11,14,21,0,46,0,0,0,46
03/05/2023,TTN,NJ,AEA,EN,Federal Contract Tower,7,13,29,0,49,0,0,173,0,173,7,13,202,0,222,70,0,70,292
03/06/2023,TTN,NJ,AEA,EN,Federal Contract Tower,12,10,20,0,42,0,2,330,0,332,12,12,350,0,374,150,0,150,524
03/07/2023,TTN,NJ,AEA,EN,Federal Contract Tower,8,7,18,0,33,0,0,102,0,102,8,7,120,0,135,28,0,28,163
03/08/2023,TTN,NJ,AEA,EN,Federal Contract Tower,14,10,24,0,48,0,0,106,0,106,14,10,130,0,154,32,0,32,186
03/09/2023,TTN,NJ,AEA,EN,Federal Contract Tower,7,14,27,0,48,0,0,164,0,164,7,14,191,0,212,2,0,2,214
03/10/2023,TTN,NJ,AEA,EN,Federal Contract Tower,14,23,20,0,57,0,2,141,0,143,14,25,161,0,200,0,0,0,200
03/11/2023,TTN,NJ,AEA,EN,Federal Contract Tower,13,24,20,0,57,0,0,21,0,21,13,24,41,0,78,0,0,0,78
03/12/2023,TTN,NJ,AEA,EN,Federal Contract Tower,9,23,33,0,65,0,3,300,0,303,9,26,333,0,368,0,0,0,368
03/13/2023,TTN,NJ,AEA,EN,Federal Contract Tower,10,15,12,0,37,0,0,0,0,0,10,15,12,0,37,0,0,0,37
03/14/2023,TTN,NJ,AEA,EN,Federal Contract Tower,6,11,10,0,27,0,0,1,0,1,6,11,11,0,28,0,0,0,28
03/15/2023,TTN,NJ,AEA,EN,Federal Contract Tower,13,3,18,0,34,0,0,57,4,61,13,3,75,4,95,0,0,0,95
03/16/2023,TTN,NJ,AEA,EN,Federal Contract Tower,13,15,25,0,53,0,0,337,0,337,13,15,362,0,390,2,0,2,392
03/17/2023,TTN,NJ,AEA,EN,Federal Contract Tower,11,13,24,0,48,0,0,238,2,240,11,13,262,2,288,10,0,10,298
03/18/2023,TTN,NJ,AEA,EN,Federal Contract Tower,13,19,20,0,52,0,0,207,6,213,13,19,227,6,265,6,0,6,271
03/19/2023,TTN,NJ,AEA,EN,Federal Contract Tower,7,16,22,0,45,0,0,58,0,58,7,16,80,0,103,0,0,0,103
03/20/2023,TTN,NJ,AEA,EN,Federal Contract Tower,12,15,20,0,47,0,0,241,0,241,12,15,261,0,288,2,0,2,290
03/21/2023,TTN,NJ,AEA,EN,Federal Contract Tower,9,13,32,0,54,0,0,236,4,240,9,13,268,4,294,6,0,6,300
03/22/2023,TTN,NJ,AEA,EN,Federal Contract Tower,15,16,35,0,66,0,2,213,0,215,15,18,248,0,281,0,0,0,281
03/23/2023,TTN,NJ,AEA,EN,Federal Contract Tower,9,24,33,0,66,0,0,42,0,42,9,24,75,0,108,0,0,0,108
03/24/2023,TTN,NJ,AEA,EN,Federal Contract Tower,12,14,24,0,50,0,0,156,0,156,12,14,180,0,206,0,0,0,206
03/25/2023,TTN,NJ,AEA,EN,Federal Contract Tower,14,4,27,0,45,0,0,0,0,0,14,4,27,0,45,0,0,0,45
03/26/2023,TTN,NJ,AEA,EN,Federal Contract Tower,10,15,22,0,47,0,0,151,0,151,10,15,173,0,198,0,0,0,198
03/27/2023,TTN,NJ,AEA,EN,Federal Contract Tower,13,14,24,0,51,0,0,150,0,150,13,14,174,0,201,0,4,4,205
03/28/2023,TTN,NJ,AEA,EN,Federal Contract Tower,9,13,27,0,49,0,0,130,0,130,9,13,157,0,179,0,0,0,179
03/29/2023,TTN,NJ,AEA,EN,Federal Contract Tower,13,8,37,0,58,0,0,279,0,279,13,8,316,0,337,4,0,4,341
03/30/2023,TTN,NJ,AEA,EN,Federal Contract Tower,11,16,28,0,55,0,0,186,2,188,11,16,214,2,243,96,0,96,339
03/31/2023,TTN,NJ,AEA,EN,Federal Contract Tower,13,17,32,6,68,0,0,169,0,169,13,17,201,6,237,102,0,102,339
04/01/2023,TTN,NJ,AEA,EN,Federal Contract Tower,14,16,12,0,42,0,0,7,0,7,14,16,19,0,49,8,0,8,57
04/02/2023,TTN,NJ,AEA,EN,Federal Contract Tower,12,23,26,0,61,0,0,102,0,102,12,23,128,0,163,43,0,43,206
04/03/2023,TTN,NJ,AEA,EN,Federal Contract Tower,11,18,17,2,48,0,0,263,0,263,11,18,280,2,311,166,0,166,477
04/04/2023,TTN,NJ,AEA,EN,Federal Contract Tower,9,14,16,0,39,0,1,265,0,266,9,15,281,0,305,144,0,144,449
04/05/2023,TTN,NJ,AEA,EN,Federal Contract Tower,11,17,44,0,72,0,0,0,0,0,11,17,44,0,72,0,0,0,72
04/06/2023,TTN,NJ,AEA,EN,Federal Contract Tower,12,23,21,0,56,0,0,192,0,192,12,23,213,0,248,160,0,160,408
04/07/2023,TTN,NJ,AEA,EN,Federal Contract Tower,13,24,15,0,52,0,0,266,0,266,13,24,281,0,318,92,0,92,410
04/08/2023,TTN,NJ,AEA,EN,Federal Contract Tower,13,21,33,0,67,0,2,267,0,269,13,23,300,0,336,118,0,118,454
04/09/2023,TTN,NJ,AEA,EN,Federal Contract Tower,11,21,21,0,53,0,0,143,2,145,11,21,164,2,198,88,0,88,286
04/10/2023,TTN,NJ,AEA,EN,Federal Contract Tower,11,27,40,0,78,0,0,283,0,283,11,27,323,0,361,132,0,132,493
04/11/2023,TTN,NJ,AEA,EN,Federal Contract Tower,10,9,17,0,36,0,0,222,0,222,10,9,239,0,258,22,0,22,280
04/12/2023,TTN,NJ,AEA,EN,Federal Contract Tower,9,10,20,0,39,0,0,208,4,212,9,10,228,4,251,84,0,84,335
04/13/2023,TTN,NJ,AEA,EN,Federal Contract Tower,14,19,28,0,61,0,0,252,2,254,14,19,280,2,315,136,0,136,451
04/14/2023,TTN,NJ,AEA,EN,Federal Contract Tower,12,14,14,0,40,0,0,293,0,293,12,14,307,0,333,186,0,186,519
04/15/2023,TTN,NJ,AEA,EN,Federal Contract Tower,11,7,19,0,37,0,0,6,0,6,11,7,25,0,43,0,0,0,43
04/16/2023,TTN,NJ,AEA,EN,Federal Contract Tower,10,16,63,0,89,0,0,41,0,41,10,16,104,0,130,4,0,4,134
04/17/2023,TTN,NJ,AEA,EN,Federal Contract Tower,10,14,40,0,64,0,0,134,2,136,10,14,174,2,200,69,0,69,269
04/18/2023,TTN,NJ,AEA,EN,Federal Contract Tower,9,18,13,0,40,0,0,145,4,149,9,18,158,4,189,34,0,34,223
04/19/2023,TTN,NJ,AEA,EN,Federal Contract Tower,13,8,18,0,39,0,1,205,0,206,13,9,223,0,245,144,0,144,389
04/20/2023,TTN,NJ,AEA,EN,Federal Contract Tower,11,17,14,0,42,0,0,325,0,325,11,17,339,0,367,196,0,196,563
04/21/2023,TTN,NJ,AEA,EN,Federal Contract Tower,15,16,27,0,58,0,0,213,0,213,15,16,240,0,271,172,0,172,443
04/22/2023,TTN,NJ,AEA,EN,Federal Contract Tower,12,19,17,0,48,0,0,57,6,63,12,19,74,6,111,22,0,22,133
04/23/2023,TTN,NJ,AEA,EN,Federal Contract Tower,11,14,40,0,65,0,0,120,0,120,11,14,160,0,185,74,0,74,259
04/24/2023,TTN,NJ,AEA,EN,Federal Contract Tower,15,11,21,0,47,0,0,232,0,232,15,11,253,0,279,98,0,98,377
04/25/2023,TTN,NJ,AEA,EN,Federal Contract Tower,9,11,33,0,53,0,0,214,0,214,9,11,247,0,267,128,0,128,395
04/26/2023,TTN,NJ,AEA,EN,Federal Contract Tower,13,4,33,0,50,0,0,217,4,221,13,4,250,4,271,142,0,142,413
04/27/2023,TTN,NJ,AEA,EN,Federal Contract Tower,11,18,74,0,103,0,0,119,0,119,11,18,193,0,222,94,0,94,316
04/28/2023,TTN,NJ,AEA,EN,Federal Contract Tower,13,7,48,0,68,0,0,27,0,27,13,7,75,0,95,84,0,84,179
04/29/2023,TTN,NJ,AEA,EN,Federal Contract Tower,10,10,10,0,30,0,0,0,0,0,10,10,10,0,30,0,0,0,30
04/30/2023,TTN,NJ,AEA,EN,Federal Contract Tower,13,25,17,0,55,0,0,0,0,0,13,25,17,0,55,0,0,0,55
05/01/2023,TTN,NJ,AEA,EN,Federal Contract Tower,14,24,26,0,64,0,0,181,0,181,14,24,207,0,245,111,0,111,356
05/02/2023,TTN,NJ,AEA,EN,Federal Contract Tower,10,22,16,0,48,0,0,204,0,204,10,22,220,0,252,122,0,122,374
05/03/2023,TTN,NJ,AEA,EN,Federal Contract Tower,14,20,40,0,74,0,2,174,0,176,14,22,214,0,250,192,0,192,442
05/04/2023,TTN,NJ,AEA,EN,Federal Contract Tower,10,21,48,0,79,0,0,237,0,237,10,21,285,0,316,156,0,156,472
05/05/2023,TTN,NJ,AEA,EN,Federal Contract Tower,15,21,42,0,78,0,0,223,0,223,15,21,265,0,301,200,0,200,501
05/06/2023,TTN,NJ,AEA,EN,Federal Contract Tower,13,10,28,0,51,0,0,200,0,200,13,10,228,0,251,142,0,142,393
05/07/2023,TTN,NJ,AEA,EN,Federal Contract Tower,12,23,21,0,56,0,0,163,0,163,12,23,184,0,219,152,0,152,371
05/08/2023,TTN,NJ,AEA,EN,Federal Contract Tower,12,23,24,0,59,0,0,171,0,171,12,23,195,0,230,130,0,130,360
05/09/2023,TTN,NJ,AEA,EN,Federal Contract Tower,7,12,44,0,63,0,0,172,0,172,7,12,216,0,235,156,0,156,391
05/10/2023,TTN,NJ,AEA,EN,Federal Contract Tower,13,16,26,0,55,0,0,222,2,224,13,16,248,2,279,132,0,132,411
05/11/2023,TTN,NJ,AEA,EN,Federal Contract Tower,8,8,49,0,65,0,0,260,4,264,8,8,309,4,329,146,0,146,475
05/12/2023,TTN,NJ,AEA,EN,Federal Contract Tower,10,13,30,0,53,0,0,220,0,220,10,13,250,0,273,120,0,120,393
05/13/2023,TTN,NJ,AEA,EN,Federal Contract Tower,10,11,21,0,42,0,0,118,2,120,10,11,139,2,162,120,0,120,282
05/14/2023,TTN,NJ,AEA,EN,Federal Contract Tower,8,21,23,0,52,0,1,104,0,105,8,22,127,0,157,36,0,36,193
05/15/2023,TTN,NJ,AEA,EN,Federal Contract Tower,10,7,45,1,63,0,0,113,4,117,10,7,158,5,180,72,0,72,252
05/16/2023,TTN,NJ,AEA,EN,Federal Contract Tower,6,15,22,1,44,0,0,135,0,135,6,15,157,1,179,48,0,48,227
05/17/2023,TTN,NJ,AEA,EN,Federal Contract Tower,6,10,16,0,32,0,0,87,0,87,6,10,103,0,119,14,0,14,133
05/18/2023,TTN,NJ,AEA,EN,Federal Contract Tower,8,12,33,0,53,0,0,207,0,207,8,12,240,0,260,122,0,122,382
05/19/2023,TTN,NJ,AEA,EN,Federal Contract Tower,7,27,26,1,61,0,0,139,0,139,7,27,165,1,200,78,0,78,278
05/20/2023,TTN,NJ,AEA,EN,Federal Contract Tower,8,6,34,1,49,0,0,0,0,0,8,6,34,1,49,0,0,0,49
05/21/2023,TTN,NJ,AEA,EN,Federal Contract Tower,8,12,25,0,45,0,0,104,2,106,8,12,129,2,151,36,0,36,187
05/22/2023,TTN,NJ,AEA,EN,Federal Contract Tower,8,11,24,0,43,0,0,236,0,236,8,11,260,0,279,122,0,122,401
05/23/2023,TTN,NJ,AEA,EN,Federal Contract Tower,7,15,42,0,64,0,0,210,0,210,7,15,252,0,274,28,0,28,302
05/24/2023,TTN,NJ,AEA,EN,Federal Contract Tower,9,21,18,0,48,0,0,307,4,311,9,21,325,4,359,66,0,66,425
05/25/2023,TTN,NJ,AEA,EN,Federal Contract Tower,8,28,37,1,74,0,0,241,0,241,8,28,278,1,315,20,0,20,335
05/26/2023,TTN,NJ,AEA,EN,Federal Contract Tower,8,15,28,0,51,0,0,263,0,263,8,15,291,0,314,62,0,62,376
05/27/2023,TTN,NJ,AEA,EN,Federal Contract Tower,7,17,23,0,47,0,0,165,2,167,7,17,188,2,214,50,0,50,264
05/28/2023,TTN,NJ,AEA,EN,Federal Contract Tower,9,19,27,0,55,0,0,175,2,177,9,19,202,2,232,100,0,100,332
05/29/2023,TTN,NJ,AEA,EN,Federal Contract Tower,11,18,26,0,55,0,0,167,0,167,11,18,193,0,222,52,0,52,274
05/30/2023,TTN,NJ,AEA,EN,Federal Contract Tower,8,18,34,1,61,0,0,231,0,231,8,18,265,1,292,62,0,62,354
05/31/2023,TTN,NJ,AEA,EN,Federal Contract Tower,9,13,33,0,55,0,0,247,0,247,9,13,280,0,302,22,0,22,324
06/01/2023,TTN,NJ,AEA,EN,Federal Contract Tower,7,13,25,0,45,0,0,279,2,281,7,13,304,2,326,84,0,84,410
06/02/2023,TTN,NJ,AEA,EN,Federal Contract Tower,11,22,31,0,64,0,0,166,4,170,11,22,197,4,234,36,0,36,270
06/03/2023,TTN,NJ,AEA,EN,Federal Contract Tower,10,12,68,0,90,0,0,43,0,43,10,12,111,0,133,56,0,56,189
06/04/2023,TTN,NJ,AEA,EN,Federal Contract Tower,7,17,39,0,63,0,1,175,0,176,7,18,214,0,239,56,0,56,295
06/05/2023,TTN,NJ,AEA,EN,Federal Contract Tower,11,12,23,0,46,0,0,235,0,235,11,12,258,0,281,44,0,44,325
06/06/2023,TTN,NJ,AEA,EN,Federal Contract Tower,8,14,25,1,48,0,0,120,2,122,8,14,145,3,170,46,4,50,220
06/07/2023,TTN,NJ,AEA,EN,Federal Contract Tower,10,16,43,0,69,0,0,14,0,14,10,16,57,0,83,14,0,14,97
06/08/2023,TTN,NJ,AEA,EN,Federal Contract Tower,8,19,35,0,62,0,0,40,0,40,8,19,75,0,102,26,0,26,128
06/09/2023,TTN,NJ,AEA,EN,Federal Contract Tower,10,14,23,0,47,0,0,206,2,208,10,14,229,2,255,50,0,50,305
06/10/2023,TTN,NJ,AEA,EN,Federal Contract Tower,10,11,15,0,36,0,0,242,0,242,10,11,257,0,278,122,0,122,400
06/11/2023,TTN,NJ,AEA,EN,Federal Contract Tower,8,26,35,0,69,0,0,229,2,231,8,26,264,2,300,110,0,110,410
06/12/2023,TTN,NJ,AEA,EN,Federal Contract Tower,8,13,38,0,59,0,0,57,0,57,8,13,95,0,116,8,0,8,124
06/13/2023,TTN,NJ,AEA,EN,Federal Contract Tower,7,11,18,0,36,0,0,252,0,252,7,11,270,0,288,62,0,62,350
06/14/2023,TTN,NJ,AEA,EN,Federal Contract Tower,9,10,20,2,41,0,0,103,0,103,9,10,123,2,144,62,4,66,210
06/15/2023,TTN,NJ,AEA,EN,Federal Contract Tower,8,16,26,0,50,0,0,274,0,274,8,16,300,0,324,108,0,108,432
06/16/2023,TTN,NJ,AEA,EN,Federal Contract Tower,8,19,30,0,57,0,0,72,0,72,8,19,102,0,129,16,0,16,145
06/17/2023,TTN,NJ,AEA,EN,Federal Contract Tower,9,16,44,0,69,0,1,89,0,90,9,17,133,0,159,32,0,32,191
06/18/2023,TTN,NJ,AEA,EN,Federal Contract Tower,8,9,23,0,40,0,0,178,0,178,8,9,201,0,218,83,0,83,301
06/19/2023,TTN,NJ,AEA,EN,Federal Contract Tower,8,13,35,0,56,0,0,247,0,247,8,13,282,0,303,50,0,50,353
06/20/2023,TTN,NJ,AEA,EN,Federal Contract Tower,7,22,73,0,102,0,0,143,0,143,7,22,216,0,245,66,0,66,311
06/21/2023,TTN,NJ,AEA,EN,Federal Contract Tower,8,27,59,0,94,0,0,117,0,117,8,27,176,0,211,0,0,0,211
06/22/2023,TTN,NJ,AEA,EN,Federal Contract Tower,6,22,64,0,92,0,0,31,0,31,6,22,95,0,123,2,0,2,125
06/23/2023,TTN,NJ,AEA,EN,Federal Contract Tower,8,34,34,0,76,0,0,0,0,0,8,34,34,0,76,0,0,0,76
06/24/2023,TTN,NJ,AEA,EN,Federal Contract Tower,9,23,8,0,40,0,0,11,0,11,9,23,19,0,51,16,0,16,67
06/25/2023,TTN,NJ,AEA,EN,Federal Contract Tower,8,17,30,0,55,0,0,57,0,57,8,17,87,0,112,32,0,32,144
06/26/2023,TTN,NJ,AEA,EN,Federal Contract Tower,6,25,28,0,59,0,0,43,0,43,6,25,71,0,102,16,0,16,118
06/27/2023,TTN,NJ,AEA,EN,Federal Contract Tower,8,17,31,0,56,0,0,28,0,28,8,17,59,0,84,6,0,6,90
06/28/2023,TTN,NJ,AEA,EN,Federal Contract Tower,10,23,78,0,111,0,0,132,2,134,10,23,210,2,245,56,0,56,301
06/29/2023,TTN,NJ,AEA,EN,Federal Contract Tower,8,13,90,0,111,0,0,28,0,28,8,13,118,0,139,12,0,12,151
06/30/2023,TTN,NJ,AEA,EN,Federal Contract Tower,10,20,69,0,99,0,0,19,0,19,10,20,88,0,118,0,0,0,118
07/01/2023,TTN,NJ,AEA,EN,Federal Contract Tower,9,8,25,0,42,0,0,165,0,165,9,8,190,0,207,158,0,158,365
07/02/2023,TTN,NJ,AEA,EN,Federal Contract Tower,9,8,20,0,37,0,0,26,0,26,9,8,46,0,63,64,0,64,127
07/03/2023,TTN,NJ,AEA,EN,Federal Contract Tower,9,9,18,0,36,0,0,165,0,165,9,9,183,0,201,136,0,136,337
07/04/2023,TTN,NJ,AEA,EN,Federal Contract Tower,9,3,11,0,23,0,0,20,0,20,9,3,31,0,43,2,0,2,45
07/05/2023,TTN,NJ,AEA,EN,Federal Contract Tower,8,9,33,0,50,0,0,221,0,221,8,9,254,0,271,172,0,172,443
07/06/2023,TTN,NJ,AEA,EN,Federal Contract Tower,9,25,33,0,67,0,0,314,0,314,9,25,347,0,381,80,0,80,461
07/07/2023,TTN,NJ,AEA,EN,Federal Contract Tower,10,17,51,0,78,0,0,116,0,116,10,17,167,0,194,106,0,106,300
07/08/2023,TTN,NJ,AEA,EN,Federal Contract Tower,8,15,38,6,67,0,0,100,0,100,8,15,138,6,167,74,0,74,241
07/09/2023,TTN,NJ,AEA,EN,Federal Contract Tower,7,18,29,0,54,0,0,9,0,9,7,18,38,0,63,0,0,0,63
07/10/2023,TTN,NJ,AEA,EN,Federal Contract Tower,6,24,34,0,64,0,0,259,0,259,6,24,293,0,323,116,0,116,439
07/11/2023,TTN,NJ,AEA,EN,Federal Contract Tower,8,16,18,0,42,0,0,349,0,349,8,16,367,0,391,184,0,184,575
07/12/2023,TTN,NJ,AEA,EN,Federal Contract Tower,10,19,26,0,55,0,0,268,2,270,10,19,294,2,325,98,0,98,423
07/13/2023,TTN,NJ,AEA,EN,Federal Contract Tower,9,17,34,0,60,0,0,238,0,238,9,17,272,0,298,92,0,92,390
07/14/2023,TTN,NJ,AEA,EN,Federal Contract Tower,7,17,27,0,51,0,0,105,0,105,7,17,132,0,156,40,0,40,196
07/15/2023,TTN,NJ,AEA,EN,Federal Contract Tower,9,9,24,0,42,0,0,82,0,82,9,9,106,0,124,82,0,82,206
07/16/2023,TTN,NJ,AEA,EN,Federal Contract Tower,12,10,21,0,43,0,0,0,0,0,12,10,21,0,43,0,0,0,43
07/17/2023,TTN,NJ,AEA,EN,Federal Contract Tower,11,14,48,0,73,0,0,187,1,188,11,14,235,1,261,32,0,32,293
07/18/2023,TTN,NJ,AEA,EN,Federal Contract Tower,6,13,35,0,54,0,0,82,0,82,6,13,117,0,136,84,0,84,220
07/19/2023,TTN,NJ,AEA,EN,Federal Contract Tower,10,18,40,0,68,0,0,67,0,67,10,18,107,0,135,44,0,44,179
07/20/2023,TTN,NJ,AEA,EN,Federal Contract Tower,10,14,61,1,86,0,0,199,0,199,10,14,260,1,285,42,0,42,327
07/21/2023,TTN,NJ,AEA,EN,Federal Contract Tower,10,10,40,0,60,0,0,172,0,172,10,10,212,0,232,88,0,88,320
07/22/2023,TTN,NJ,AEA,EN,Federal Contract Tower,6,17,23,0,46,0,0,251,0,251,6,17,274,0,297,134,0,134,431
07/23/2023,TTN,NJ,AEA,EN,Federal Contract Tower,10,20,28,0,58,0,1,214,0,215,10,21,242,0,273,112,0,112,385
07/24/2023,TTN,NJ,AEA,EN,Federal Contract Tower,10,9,32,0,51,0,0,192,0,192,10,9,224,0,243,154,0,154,397
07/25/2023,TTN,NJ,AEA,EN,Federal Contract Tower,8,11,44,0,63,0,0,144,0,144,8,11,188,0,207,68,0,68,275
07/26/2023,TTN,NJ,AEA,EN,Federal Contract Tower,8,14,40,0,62,0,0,315,0,315,8,14,355,0,377,30,0,30,407
07/27/2023,TTN,NJ,AEA,EN,Federal Contract Tower,10,23,43,1,77,0,0,106,0,106,10,23,149,1,183,56,0,56,239
07/28/2023,TTN,NJ,AEA,EN,Federal Contract Tower,10,18,21,0,49,0,0,254,2,256,10,18,275,2,305,58,2,60,365
07/29/2023,TTN,NJ,AEA,EN,Federal Contract Tower,8,10,48,0,66,0,0,116,0,116,8,10,164,0,182,66,0,66,248
07/30/2023,TTN,NJ,AEA,EN,Federal Contract Tower,14,20,23,0,57,0,0,196,0,196,14,20,219,0,253,96,0,96,349
07/31/2023,TTN,NJ,AEA,EN,Federal Contract Tower,10,15,27,0,52,0,0,244,2,246,10,15,271,2,298,136,0,136,434
08/01/2023,TTN,NJ,AEA,EN,Federal Contract Tower,7,16,26,0,49,0,0,259,0,259,7,16,285,0,308,80,0,80,388
08/02/2023,TTN,NJ,AEA,EN,Federal Contract Tower,10,17,41,0,68,0,0,226,0,226,10,17,267,0,294,160,0,160,454
08/03/2023,TTN,NJ,AEA,EN,Federal Contract Tower,11,13,36,0,60,0,1,216,0,217,11,14,252,0,277,98,0,98,375
08/04/2023,TTN,NJ,AEA,EN,Federal Contract Tower,9,15,78,0,102,0,0,44,0,44,9,15,122,0,146,88,0,88,234
08/05/2023,TTN,NJ,AEA,EN,Federal Contract Tower,9,9,43,0,61,0,0,150,0,150,9,9,193,0,211,150,0,150,361
08/06/2023,TTN,NJ,AEA,EN,Federal Contract Tower,12,18,29,0,59,0,0,217,0,217,12,18,246,0,276,154,0,154,430
08/07/2023,TTN,NJ,AEA,EN,Federal Contract Tower,8,13,51,0,72,0,0,23,0,23,8,13,74,0,95,0,0,0,95
08/08/2023,TTN,NJ,AEA,EN,Federal Contract Tower,8,7,48,0,63,0,0,102,0,102,8,7,150,0,165,64,0,64,229
08/09/2023,TTN,NJ,AEA,EN,Federal Contract Tower,8,18,33,0,59,0,0,202,0,202,8,18,235,0,261,108,0,108,369
08/10/2023,TTN,NJ,AEA,EN,Federal Contract Tower,10,13,30,0,53,0,0,108,0,108,10,13,138,0,161,186,4,190,351
08/11/2023,TTN,NJ,AEA,EN,Federal Contract Tower,11,16,30,0,57,0,0,260,3,263,11,16,290,3,320,164,0,164,484
08/12/2023,TTN,NJ,AEA,EN,Federal Contract Tower,10,11,16,0,37,0,0,120,0,120,10,11,136,0,157,92,0,92,249
08/13/2023,TTN,NJ,AEA,EN,Federal Contract Tower,9,19,28,0,56,0,0,172,0,172,9,19,200,0,228,168,0,168,396
08/14/2023,TTN,NJ,AEA,EN,Federal Contract Tower,8,9,16,0,33,0,0,204,0,204,8,9,220,0,237,158,0,158,395
08/15/2023,TTN,NJ,AEA,EN,Federal Contract Tower,7,16,37,0,60,0,0,87,0,87,7,16,124,0,147,88,0,88,235
08/16/2023,TTN,NJ,AEA,EN,Federal Contract Tower,8,19,42,0,69,0,1,134,0,135,8,20,176,0,204,184,0,184,388
08/17/2023,TTN,NJ,AEA,EN,Federal Contract Tower,5,15,58,0,78,0,0,187,0,187,5,15,245,0,265,122,0,122,387
08/18/2023,TTN,NJ,AEA,EN,Federal Contract Tower,8,9,23,0,40,0,0,170,4,174,8,9,193,4,214,30,0,30,244
08/19/2023,TTN,NJ,AEA,EN,Federal Contract Tower,14,19,13,0,46,0,0,190,2,192,14,19,203,2,238,140,0,140,378
08/20/2023,TTN,NJ,AEA,EN,Federal Contract Tower,8,18,16,0,42,0,0,166,0,166,8,18,182,0,208,104,0,104,312
08/21/2023,TTN,NJ,AEA,EN,Federal Contract Tower,14,14,23,0,51,0,2,182,0,184,14,16,205,0,235,166,0,166,401
08/22/2023,TTN,NJ,AEA,EN,Federal Contract Tower,8,19,30,0,57,0,1,6,0,7,8,20,36,0,64,88,0,88,152
08/23/2023,TTN,NJ,AEA,EN,Federal Contract Tower,13,13,24,0,50,0,0,195,4,199,13,13,219,4,249,56,0,56,305
08/24/2023,TTN,NJ,AEA,EN,Federal Contract Tower,12,24,26,0,62,0,0,101,0,101,12,24,127,0,163,32,0,32,195
08/25/2023,TTN,NJ,AEA,EN,Federal Contract Tower,12,16,25,0,53,0,0,31,0,31,12,16,56,0,84,106,0,106,190
08/26/2023,TTN,NJ,AEA,EN,Federal Contract Tower,12,15,25,1,53,0,0,146,0,146,12,15,171,1,199,180,0,180,379
08/27/2023,TTN,NJ,AEA,EN,Federal Contract Tower,10,13,26,0,49,0,0,161,0,161,10,13,187,0,210,86,0,86,296
08/28/2023,TTN,NJ,AEA,EN,Federal Contract Tower,14,22,46,0,82,0,0,92,0,92,14,22,138,0,174,126,0,126,300
08/29/2023,TTN,NJ,AEA,EN,Federal Contract Tower,9,12,30,0,51,0,0,15,0,15,9,12,45,0,66,32,0,32,98
08/30/2023,TTN,NJ,AEA,EN,Federal Contract Tower,10,18,28,0,56,0,0,98,0,98,10,18,126,0,154,72,0,72,226
08/31/2023,TTN,NJ,AEA,EN,Federal Contract Tower,10,5,27,2,44,0,0,132,0,132,10,5,159,2,176,20,0,20,196
