01/01/2000,TUL,OK,ASW,CE,Towers with Radar,49,26,45,25,145,15,8,41,0,64,64,34,86,25,209,8,20,28,237
01/02/2000,TUL,OK,ASW,CE,Towers with Radar,83,43,77,30,233,15,5,54,0,74,98,48,131,30,307,2,0,2,309
01/03/2000,TUL,OK,ASW,CE,Towers with Radar,97,50,79,52,278,26,12,0,9,47,123,62,79,61,325,10,6,16,341
01/04/2000,TUL,OK,ASW,CE,Towers with Radar,124,65,116,67,372,0,14,65,6,85,124,79,181,73,457,78,10,88,545
01/05/2000,TUL,OK,ASW,CE,Towers with Radar,126,66,135,78,405,0,0,90,35,125,126,66,225,113,530,82,54,136,666
01/06/2000,TUL,OK,ASW,CE,Towers with Radar,125,72,128,75,400,0,6,51,50,107,125,78,179,125,507,82,54,136,643
01/07/2000,TUL,OK,ASW,CE,Towers with Radar,131,61,131,76,399,0,0,103,0,103,131,61,234,76,502,116,40,156,658
01/08/2000,TUL,OK,ASW,CE,Towers with Radar,83,43,60,45,231,18,5,0,0,23,101,48,60,45,254,6,2,8,262
01/09/2000,TUL,OK,ASW,CE,Towers with Radar,91,48,85,36,260,0,2,64,0,66,91,50,149,36,326,18,4,22,348
01/10/2000,TUL,OK,ASW,CE,Towers with Radar,115,60,110,64,349,0,0,40,49,89,115,60,150,113,438,54,36,90,528
01/11/2000,TUL,OK,ASW,CE,Towers with Radar,127,64,140,81,412,0,0,90,93,183,127,64,230,174,595,46,56,102,697
01/12/2000,TUL,OK,ASW,CE,Towers with Radar,125,73,129,75,402,0,1,110,27,138,125,74,239,102,540,168,62,230,770
01/13/2000,TUL,OK,ASW,CE,Towers with Radar,129,73,147,86,435,0,0,97,42,139,129,73,244,128,574,88,76,164,738
01/14/2000,TUL,OK,ASW,CE,Towers with Radar,129,64,134,74,401,0,0,136,0,136,129,64,270,74,537,114,8,122,659
01/15/2000,TUL,OK,ASW,CE,Towers with Radar,88,46,82,31,247,21,2,44,0,67,109,48,126,31,314,14,0,14,328
01/16/2000,TUL,OK,ASW,CE,Towers with Radar,94,49,88,31,262,4,11,23,0,38,98,60,111,31,300,8,4,12,312
01/17/2000,TUL,OK,ASW,CE,Towers with Radar,122,63,115,51,351,0,0,0,0,0,122,63,115,51,351,26,0,26,377
01/18/2000,TUL,OK,ASW,CE,Towers with Radar,130,71,148,84,433,0,0,38,11,49,130,71,186,95,482,48,20,68,550
01/19/2000,TUL,OK,ASW,CE,Towers with Radar,131,70,144,82,427,0,0,56,16,72,131,70,200,98,499,42,32,74,573
01/20/2000,TUL,OK,ASW,CE,Towers with Radar,126,65,141,80,412,0,0,98,63,161,126,65,239,143,573,54,96,150,723
01/21/2000,TUL,OK,ASW,CE,Towers with Radar,133,70,139,79,421,0,0,74,20,94,133,70,213,99,515,50,48,98,613
01/22/2000,TUL,OK,ASW,CE,Towers with Radar,90,44,84,47,265,12,0,41,9,62,102,44,125,56,327,26,2,28,355
01/23/2000,TUL,OK,ASW,CE,Towers with Radar,99,50,92,34,275,1,4,55,0,60,100,54,147,34,335,50,0,50,385
01/24/2000,TUL,OK,ASW,CE,Towers with Radar,121,62,124,70,377,0,0,45,60,105,121,62,169,130,482,74,64,138,620
01/25/2000,TUL,OK,ASW,CE,Towers with Radar,141,70,135,77,423,0,0,68,28,96,141,70,203,105,519,96,56,152,671
01/26/2000,TUL,OK,ASW,CE,Towers with Radar,102,52,94,49,297,25,17,5,0,47,127,69,99,49,344,0,0,0,344
01/27/2000,TUL,OK,ASW,CE,Towers with Radar,63,31,58,16,168,54,1,0,0,55,117,32,58,16,223,0,0,0,223
01/28/2000,TUL,OK,ASW,CE,Towers with Radar,85,43,79,45,252,34,16,15,3,68,119,59,94,48,320,2,28,30,350
01/29/2000,TUL,OK,ASW,CE,Towers with Radar,69,35,62,32,198,36,14,0,0,50,105,49,62,32,248,8,0,8,256
01/30/2000,TUL,OK,ASW,CE,Towers with Radar,78,40,71,36,225,15,8,42,0,65,93,48,113,36,290,64,0,64,354
01/31/2000,TUL,OK,ASW,CE,Towers with Radar,114,60,124,72,370,0,0,36,31,67,114,60,160,103,437,74,60,134,571
02/01/2000,TUL,OK,ASW,CE,Towers with Radar,95,50,92,50,287,36,18,0,1,55,131,68,92,51,342,4,6,10,352
02/02/2000,TUL,OK,ASW,CE,Towers with Radar,123,68,130,72,393,0,0,34,43,77,123,68,164,115,470,98,26,124,594
02/03/2000,TUL,OK,ASW,CE,Towers with Radar,128,63,134,74,399,0,0,73,21,94,128,63,207,95,493,72,88,160,653
02/04/2000,TUL,OK,ASW,CE,Towers with Radar,124,78,140,79,421,0,3,65,45,113,124,81,205,124,534,42,196,238,772
02/05/2000,TUL,OK,ASW,CE,Towers with Radar,100,55,98,55,308,0,3,64,9,76,100,58,162,64,384,76,124,200,584
02/06/2000,TUL,OK,ASW,CE,Towers with Radar,88,47,84,48,267,11,1,59,8,79,99,48,143,56,346,46,36,82,428
02/07/2000,TUL,OK,ASW,CE,Towers with Radar,121,71,127,71,390,0,11,87,2,100,121,82,214,73,490,60,46,106,596
02/08/2000,TUL,OK,ASW,CE,Towers with Radar,129,73,140,79,421,0,0,95,23,118,129,73,235,102,539,74,72,146,685
02/09/2000,TUL,OK,ASW,CE,Towers with Radar,127,68,122,69,386,6,3,67,36,112,133,71,189,105,498,34,70,104,602
02/10/2000,TUL,OK,ASW,CE,Towers with Radar,136,82,147,83,448,0,1,58,19,78,136,83,205,102,526,56,84,140,666
02/11/2000,TUL,OK,ASW,CE,Towers with Radar,126,72,130,73,401,0,2,28,3,33,126,74,158,76,434,56,22,78,512
02/12/2000,TUL,OK,ASW,CE,Towers with Radar,75,40,71,23,209,33,7,26,0,66,108,47,97,23,275,42,0,42,317
02/13/2000,TUL,OK,ASW,CE,Towers with Radar,85,45,81,35,246,6,4,4,0,14,91,49,85,35,260,22,6,28,288
02/14/2000,TUL,OK,ASW,CE,Towers with Radar,123,63,117,66,369,0,0,62,27,89,123,63,179,93,458,50,52,102,560
02/15/2000,TUL,OK,ASW,CE,Towers with Radar,129,73,138,78,418,0,0,117,31,148,129,73,255,109,566,110,40,150,716
02/16/2000,TUL,OK,ASW,CE,Towers with Radar,133,83,158,89,463,0,0,64,67,131,133,83,222,156,594,86,52,138,732
02/17/2000,TUL,OK,ASW,CE,Towers with Radar,92,49,87,42,270,29,22,5,0,56,121,71,92,42,326,0,0,0,326
02/18/2000,TUL,OK,ASW,CE,Towers with Radar,112,56,106,60,334,5,0,33,20,58,117,56,139,80,392,58,54,112,504
02/19/2000,TUL,OK,ASW,CE,Towers with Radar,96,50,92,39,277,20,0,44,0,64,116,50,136,39,341,20,0,20,361
02/20/2000,TUL,OK,ASW,CE,Towers with Radar,90,42,86,25,243,11,0,111,0,122,101,42,197,25,365,58,0,58,423
02/21/2000,TUL,OK,ASW,CE,Towers with Radar,119,60,113,57,349,4,0,75,0,79,123,60,188,57,428,82,0,82,510
02/22/2000,TUL,OK,ASW,CE,Towers with Radar,117,58,112,62,349,20,0,43,2,65,137,58,155,64,414,8,20,28,442
02/23/2000,TUL,OK,ASW,CE,Towers with Radar,131,68,125,69,393,3,7,46,20,76,134,75,171,89,469,68,14,82,551
02/24/2000,TUL,OK,ASW,CE,Towers with Radar,129,64,146,81,420,0,0,48,37,85,129,64,194,118,505,68,82,150,655
02/25/2000,TUL,OK,ASW,CE,Towers with Radar,109,57,104,57,327,2,7,31,37,77,111,64,135,94,404,56,28,84,488
02/26/2000,TUL,OK,ASW,CE,Towers with Radar,107,54,102,44,307,3,0,87,0,90,110,54,189,44,397,72,0,72,469
02/27/2000,TUL,OK,ASW,CE,Towers with Radar,101,46,104,43,294,0,0,107,0,107,101,46,211,43,401,76,14,90,491
02/28/2000,TUL,OK,ASW,CE,Towers with Radar,122,59,132,73,386,0,0,101,26,127,122,59,233,99,513,50,22,72,585
02/29/2000,TUL,OK,ASW,CE,Towers with Radar,117,61,112,61,351,15,3,52,12,82,132,64,164,73,433,24,16,40,473
03/01/2000,TUL,OK,ASW,CE,Towers with Radar,125,80,169,95,469,0,1,105,84,190,125,81,274,179,659,52,54,106,765
03/02/2000,TUL,OK,ASW,CE,Towers with Radar,91,44,92,26,253,42,12,40,0,94,133,56,132,26,347,46,0,46,393
03/03/2000,TUL,OK,ASW,CE,Towers with Radar,133,64,137,68,402,0,4,13,0,17,133,68,150,68,419,20,16,36,455
03/04/2000,TUL,OK,ASW,CE,Towers with Radar,104,48,106,36,294,11,0,131,0,142,115,48,237,36,436,100,0,100,536
03/05/2000,TUL,OK,ASW,CE,Towers with Radar,89,43,91,50,273,10,1,124,0,135,99,44,215,50,408,54,12,66,474
03/06/2000,TUL,OK,ASW,CE,Towers with Radar,119,58,138,76,391,0,0,99,43,142,119,58,237,119,533,56,72,128,661
03/07/2000,TUL,OK,ASW,CE,Towers with Radar,116,63,133,74,386,0,2,11,46,59,116,65,144,120,445,10,58,68,513
03/08/2000,TUL,OK,ASW,CE,Towers with Radar,122,59,125,69,375,11,5,47,29,92,133,64,172,98,467,22,38,60,527
03/09/2000,TUL,OK,ASW,CE,Towers with Radar,132,69,152,85,438,0,0,101,28,129,132,69,253,113,567,92,82,174,741
03/10/2000,TUL,OK,ASW,CE,Towers with Radar,106,51,109,60,326,11,7,33,11,62,117,58,142,71,388,66,30,96,484
03/11/2000,TUL,OK,ASW,CE,Towers with Radar,98,47,101,34,280,16,2,72,0,90,114,49,173,34,370,20,56,76,446
03/12/2000,TUL,OK,ASW,CE,Towers with Radar,101,46,110,57,314,0,0,94,0,94,101,46,204,57,408,50,26,76,484
03/13/2000,TUL,OK,ASW,CE,Towers with Radar,113,57,146,81,397,0,0,123,51,174,113,57,269,132,571,94,86,180,751
03/14/2000,TUL,OK,ASW,CE,Towers with Radar,124,60,127,71,382,3,2,52,25,82,127,62,179,96,464,68,48,116,580
03/15/2000,TUL,OK,ASW,CE,Towers with Radar,136,63,158,88,445,0,0,98,44,142,136,63,256,132,587,42,84,126,713
03/16/2000,TUL,OK,ASW,CE,Towers with Radar,100,48,102,57,307,28,23,0,4,55,128,71,102,61,362,34,32,66,428
03/17/2000,TUL,OK,ASW,CE,Towers with Radar,110,54,112,41,317,21,12,0,0,33,131,66,112,41,350,6,0,6,356
03/18/2000,TUL,OK,ASW,CE,Towers with Radar,77,37,74,23,211,26,12,0,0,38,103,49,74,23,249,4,0,4,253
03/19/2000,TUL,OK,ASW,CE,Towers with Radar,92,45,94,49,280,26,7,42,0,75,118,52,136,49,355,38,24,62,417
03/20/2000,TUL,OK,ASW,CE,Towers with Radar,119,48,133,74,374,0,0,95,35,130,119,48,228,109,504,74,38,112,616
03/21/2000,TUL,OK,ASW,CE,Towers with Radar,131,62,133,74,400,2,2,28,39,71,133,64,161,113,471,40,104,144,615
03/22/2000,TUL,OK,ASW,CE,Towers with Radar,130,62,130,74,396,3,6,0,10,19,133,68,130,84,415,36,10,46,461
03/23/2000,TUL,OK,ASW,CE,Towers with Radar,119,57,122,68,366,17,5,30,5,57,136,62,152,73,423,56,22,78,501
03/24/2000,TUL,OK,ASW,CE,Towers with Radar,129,51,149,84,413,0,0,148,18,166,129,51,297,102,579,88,30,118,697
03/25/2000,TUL,OK,ASW,CE,Towers with Radar,110,53,111,53,327,2,1,123,0,126,112,54,234,53,453,36,22,58,511
03/26/2000,TUL,OK,ASW,CE,Towers with Radar,98,46,99,56,299,15,6,28,6,55,113,52,127,62,354,46,2,48,402
03/27/2000,TUL,OK,ASW,CE,Towers with Radar,126,62,133,75,396,0,0,93,19,112,126,62,226,94,508,86,34,120,628
03/28/2000,TUL,OK,ASW,CE,Towers with Radar,130,66,139,79,414,0,0,81,10,91,130,66,220,89,505,70,52,122,627
03/29/2000,TUL,OK,ASW,CE,Towers with Radar,136,61,138,78,413,0,0,5,5,10,136,61,143,83,423,26,4,30,453
03/30/2000,TUL,OK,ASW,CE,Towers with Radar,130,62,151,74,417,0,0,62,0,62,130,62,213,74,479,86,48,134,613
03/31/2000,TUL,OK,ASW,CE,Towers with Radar,131,69,169,96,465,0,0,133,35,168,131,69,302,131,633,100,98,198,831
04/01/2000,TUL,OK,ASW,CE,Towers with Radar,83,36,86,31,236,23,17,15,0,55,106,53,101,31,291,14,0,14,305
04/02/2000,TUL,OK,ASW,CE,Towers with Radar,103,43,107,53,306,11,1,39,0,51,114,44,146,53,357,66,2,68,425
04/03/2000,TUL,OK,ASW,CE,Towers with Radar,122,52,126,64,364,9,2,64,25,100,131,54,190,89,464,90,30,120,584
04/04/2000,TUL,OK,ASW,CE,Towers with Radar,139,64,156,80,439,0,4,105,12,121,139,68,261,92,560,136,70,206,766
04/05/2000,TUL,OK,ASW,CE,Towers with Radar,130,56,155,79,420,0,0,78,83,161,130,56,233,162,581,50,84,134,715
04/06/2000,TUL,OK,ASW,CE,Towers with Radar,128,62,150,76,416,0,0,150,3,153,128,62,300,79,569,84,28,112,681
04/07/2000,TUL,OK,ASW,CE,Towers with Radar,119,49,123,63,354,9,0,74,19,102,128,49,197,82,456,44,20,64,520
04/08/2000,TUL,OK,ASW,CE,Towers with Radar,100,36,104,43,283,9,0,112,0,121,109,36,216,43,404,44,64,108,512
04/09/2000,TUL,OK,ASW,CE,Towers with Radar,101,43,104,37,285,12,7,55,0,74,113,50,159,37,359,72,6,78,437
04/10/2000,TUL,OK,ASW,CE,Towers with Radar,120,50,124,63,357,4,3,48,11,66,124,53,172,74,423,56,24,80,503
04/11/2000,TUL,OK,ASW,CE,Towers with Radar,130,55,134,68,387,14,1,24,9,48,144,56,158,77,435,30,38,68,503
04/12/2000,TUL,OK,ASW,CE,Towers with Radar,127,59,143,73,402,0,3,59,6,68,127,62,202,79,470,64,0,64,534
04/13/2000,TUL,OK,ASW,CE,Towers with Radar,128,62,153,78,421,0,0,94,16,110,128,62,247,94,531,84,48,132,663
04/14/2000,TUL,OK,ASW,CE,Towers with Radar,128,51,139,71,389,0,0,27,34,61,128,51,166,105,450,34,62,96,546
04/15/2000,TUL,OK,ASW,CE,Towers with Radar,85,32,88,33,238,16,0,26,0,42,101,32,114,33,280,38,0,38,318
04/16/2000,TUL,OK,ASW,CE,Towers with Radar,89,38,93,43,263,19,2,39,0,60,108,40,132,43,323,40,2,42,365
04/17/2000,TUL,OK,ASW,CE,Towers with Radar,125,52,148,74,399,0,0,122,47,169,125,52,270,121,568,40,42,82,650
04/18/2000,TUL,OK,ASW,CE,Towers with Radar,134,56,139,69,398,0,3,68,16,87,134,59,207,85,485,38,36,74,559
04/19/2000,TUL,OK,ASW,CE,Towers with Radar,142,54,156,78,430,0,0,40,33,73,142,54,196,111,503,38,10,48,551
04/20/2000,TUL,OK,ASW,CE,Towers with Radar,127,55,138,69,389,0,7,63,22,92,127,62,201,91,481,76,62,138,619
04/21/2000,TUL,OK,ASW,CE,Towers with Radar,132,52,142,71,397,0,0,110,9,119,132,52,252,80,516,72,48,120,636
04/22/2000,TUL,OK,ASW,CE,Towers with Radar,87,36,90,26,239,10,6,102,0,118,97,42,192,26,357,56,0,56,413
04/23/2000,TUL,OK,ASW,CE,Towers with Radar,66,26,69,22,183,42,6,5,0,53,108,32,74,22,236,22,0,22,258
04/24/2000,TUL,OK,ASW,CE,Towers with Radar,126,54,159,79,418,0,0,68,54,122,126,54,227,133,540,30,102,132,672
04/25/2000,TUL,OK,ASW,CE,Towers with Radar,141,61,158,79,439,0,0,63,20,83,141,61,221,99,522,82,60,142,664
04/26/2000,TUL,OK,ASW,CE,Towers with Radar,136,64,165,83,448,0,0,151,17,168,136,64,316,100,616,114,48,162,778
04/27/2000,TUL,OK,ASW,CE,Towers with Radar,128,60,149,74,411,0,5,80,38,123,128,65,229,112,534,94,72,166,700
04/28/2000,TUL,OK,ASW,CE,Towers with Radar,127,60,154,74,415,0,0,100,0,100,127,60,254,74,515,90,42,132,647
04/29/2000,TUL,OK,ASW,CE,Towers with Radar,87,36,90,31,244,10,1,76,0,87,97,37,166,31,331,112,0,112,443
04/30/2000,TUL,OK,ASW,CE,Towers with Radar,80,33,82,39,234,36,1,20,0,57,116,34,102,39,291,32,4,36,327
05/01/2000,TUL,OK,ASW,CE,Towers with Radar,129,52,119,75,375,0,0,0,54,54,129,52,119,129,429,34,62,96,525
05/02/2000,TUL,OK,ASW,CE,Towers with Radar,132,52,139,79,402,0,0,55,12,67,132,52,194,91,469,34,32,66,535
05/03/2000,TUL,OK,ASW,CE,Towers with Radar,137,55,140,80,412,9,0,43,17,69,146,55,183,97,481,56,34,90,571
05/04/2000,TUL,OK,ASW,CE,Towers with Radar,135,61,147,73,416,0,2,55,0,57,135,63,202,73,473,36,28,64,537
05/05/2000,TUL,OK,ASW,CE,Towers with Radar,142,61,144,82,429,7,5,19,20,51,149,66,163,102,480,50,82,132,612
05/06/2000,TUL,OK,ASW,CE,Towers with Radar,70,29,71,41,211,29,3,5,4,41,99,32,76,45,252,4,0,4,256
05/07/2000,TUL,OK,ASW,CE,Towers with Radar,93,39,95,40,267,19,0,34,0,53,112,39,129,40,320,68,18,86,406
05/08/2000,TUL,OK,ASW,CE,Towers with Radar,120,51,123,69,363,7,0,41,51,99,127,51,164,120,462,56,50,106,568
05/09/2000,TUL,OK,ASW,CE,Towers with Radar,133,57,137,76,403,5,3,50,25,83,138,60,187,101,486,38,36,74,560
05/10/2000,TUL,OK,ASW,CE,Towers with Radar,141,69,172,96,478,0,0,102,44,146,141,69,274,140,624,30,44,74,698
05/11/2000,TUL,OK,ASW,CE,Towers with Radar,144,63,149,82,438,0,7,55,0,62,144,70,204,82,500,26,42,68,568
05/12/2000,TUL,OK,ASW,CE,Towers with Radar,131,54,142,79,406,0,0,23,19,42,131,54,165,98,448,80,90,170,618
05/13/2000,TUL,OK,ASW,CE,Towers with Radar,106,41,109,42,298,14,0,145,0,159,120,41,254,42,457,124,26,150,607
05/14/2000,TUL,OK,ASW,CE,Towers with Radar,91,39,93,51,274,15,1,92,0,108,106,40,185,51,382,64,46,110,492
05/15/2000,TUL,OK,ASW,CE,Towers with Radar,120,56,135,76,387,0,1,35,49,85,120,57,170,125,472,32,44,76,548
05/16/2000,TUL,OK,ASW,CE,Towers with Radar,134,60,149,83,426,0,0,30,72,102,134,60,179,155,528,32,64,96,624
05/17/2000,TUL,OK,ASW,CE,Towers with Radar,122,51,124,69,366,6,14,25,27,72,128,65,149,96,438,40,6,46,484
05/18/2000,TUL,OK,ASW,CE,Towers with Radar,126,53,152,85,416,0,0,72,50,122,126,53,224,135,538,88,104,192,730
05/19/2000,TUL,OK,ASW,CE,Towers with Radar,151,63,169,62,445,0,0,119,0,119,151,63,288,62,564,82,12,94,658
05/20/2000,TUL,OK,ASW,CE,Towers with Radar,103,43,105,53,304,13,2,87,0,102,116,45,192,53,406,146,0,146,552
05/21/2000,TUL,OK,ASW,CE,Towers with Radar,98,40,100,51,289,14,3,80,0,97,112,43,180,51,386,58,12,70,456
05/22/2000,TUL,OK,ASW,CE,Towers with Radar,125,51,128,69,373,0,0,89,0,89,125,51,217,69,462,96,40,136,598
05/23/2000,TUL,OK,ASW,CE,Towers with Radar,133,56,136,70,395,0,4,97,0,101,133,60,233,70,496,80,22,102,598
05/24/2000,TUL,OK,ASW,CE,Towers with Radar,128,56,132,64,380,0,0,76,0,76,128,56,208,64,456,86,46,132,588
05/25/2000,TUL,OK,ASW,CE,Towers with Radar,65,33,85,49,232,0,0,28,1,29,65,33,113,50,261,42,38,80,341
05/26/2000,TUL,OK,ASW,CE,Towers with Radar,111,46,112,48,317,11,15,57,0,83,122,61,169,48,400,54,14,68,468
05/27/2000,TUL,OK,ASW,CE,Towers with Radar,79,33,80,29,221,17,4,41,0,62,96,37,121,29,283,58,0,58,341
05/28/2000,TUL,OK,ASW,CE,Towers with Radar,79,33,79,33,224,3,12,54,0,69,82,45,133,33,293,32,16,48,341
05/29/2000,TUL,OK,ASW,CE,Towers with Radar,98,41,99,40,278,12,5,110,0,127,110,46,209,40,405,92,14,106,511
05/30/2000,TUL,OK,ASW,CE,Towers with Radar,129,53,139,79,400,0,0,101,20,121,129,53,240,99,521,120,52,172,693
05/31/2000,TUL,OK,ASW,CE,Towers with Radar,128,55,163,93,439,0,0,108,39,147,128,55,271,132,586,90,74,164,750
06/01/2000,TUL,OK,ASW,CE,Towers with Radar,135,69,156,88,448,0,0,107,14,121,135,69,263,102,569,80,74,154,723
06/02/2000,TUL,OK,ASW,CE,Towers with Radar,126,64,100,45,335,0,0,24,7,31,126,64,124,52,366,26,10,36,402
06/03/2000,TUL,OK,ASW,CE,Towers with Radar,101,51,54,28,234,0,0,41,35,76,101,51,95,63,310,8,50,58,368
06/04/2000,TUL,OK,ASW,CE,Towers with Radar,104,44,84,34,266,0,0,28,4,32,104,44,112,38,298,48,32,80,378
06/05/2000,TUL,OK,ASW,CE,Towers with Radar,118,63,131,134,446,0,0,86,11,97,118,63,217,145,543,48,114,162,705
06/06/2000,TUL,OK,ASW,CE,Towers with Radar,130,70,160,94,454,0,0,107,12,119,130,70,267,106,573,50,82,132,705
06/07/2000,TUL,OK,ASW,CE,Towers with Radar,122,67,170,109,468,0,0,93,20,113,122,67,263,129,581,96,86,182,763
06/08/2000,TUL,OK,ASW,CE,Towers with Radar,128,60,152,108,448,0,0,108,32,140,128,60,260,140,588,96,140,236,824
06/09/2000,TUL,OK,ASW,CE,Towers with Radar,143,64,203,118,528,0,0,83,14,97,143,64,286,132,625,34,106,140,765
06/10/2000,TUL,OK,ASW,CE,Towers with Radar,97,39,75,43,254,0,0,22,3,25,97,39,97,46,279,50,10,60,339
06/11/2000,TUL,OK,ASW,CE,Towers with Radar,106,41,83,50,280,0,0,24,3,27,106,41,107,53,307,36,0,36,343
06/12/2000,TUL,OK,ASW,CE,Towers with Radar,114,51,149,92,406,0,0,143,5,148,114,51,292,97,554,40,28,68,622
06/13/2000,TUL,OK,ASW,CE,Towers with Radar,131,71,169,117,488,0,1,74,18,93,131,72,243,135,581,90,84,174,755
06/14/2000,TUL,OK,ASW,CE,Towers with Radar,131,62,132,94,419,0,0,57,26,83,131,62,189,120,502,78,32,110,612
06/15/2000,TUL,OK,ASW,CE,Towers with Radar,135,66,170,110,481,0,0,130,25,155,135,66,300,135,636,128,116,244,880
06/16/2000,TUL,OK,ASW,CE,Towers with Radar,97,40,73,63,273,0,0,27,0,27,97,40,100,63,300,0,0,0,300
06/17/2000,TUL,OK,ASW,CE,Towers with Radar,101,51,42,18,212,0,0,6,0,6,101,51,48,18,218,0,0,0,218
06/18/2000,TUL,OK,ASW,CE,Towers with Radar,115,52,76,49,292,0,0,30,9,39,115,52,106,58,331,14,4,18,349
06/19/2000,TUL,OK,ASW,CE,Towers with Radar,119,52,120,63,354,0,0,13,10,23,119,52,133,73,377,72,0,72,449
06/20/2000,TUL,OK,ASW,CE,Towers with Radar,129,78,203,100,510,0,0,60,16,76,129,78,263,116,586,90,94,184,770
06/21/2000,TUL,OK,ASW,CE,Towers with Radar,131,57,126,49,363,0,0,10,12,22,131,57,136,61,385,38,54,92,477
06/22/2000,TUL,OK,ASW,CE,Towers with Radar,134,61,221,101,517,0,0,67,22,89,134,61,288,123,606,72,74,146,752
06/23/2000,TUL,OK,ASW,CE,Towers with Radar,129,58,184,71,442,0,0,65,15,80,129,58,249,86,522,122,48,170,692
06/24/2000,TUL,OK,ASW,CE,Towers with Radar,104,50,95,26,275,0,0,66,2,68,104,50,161,28,343,40,0,40,383
06/25/2000,TUL,OK,ASW,CE,Towers with Radar,119,42,99,26,286,0,0,55,6,61,119,42,154,32,347,104,0,104,451
06/26/2000,TUL,OK,ASW,CE,Towers with Radar,128,62,124,106,420,0,0,32,8,40,128,62,156,114,460,74,58,132,592
06/27/2000,TUL,OK,ASW,CE,Towers with Radar,133,67,148,126,474,0,0,78,14,92,133,67,226,140,566,62,112,174,740
06/28/2000,TUL,OK,ASW,CE,Towers with Radar,129,72,128,73,402,0,0,30,15,45,129,72,158,88,447,28,12,40,487
06/29/2000,TUL,OK,ASW,CE,Towers with Radar,134,67,180,134,515,0,0,77,24,101,134,67,257,158,616,74,118,192,808
06/30/2000,TUL,OK,ASW,CE,Towers with Radar,132,64,135,93,424,0,1,83,22,106,132,65,218,115,530,44,78,122,652
07/01/2000,TUL,OK,ASW,CE,Towers with Radar,85,40,89,33,247,18,10,52,0,80,103,50,141,33,327,38,0,38,365
07/02/2000,TUL,OK,ASW,CE,Towers with Radar,64,30,66,29,189,24,20,21,0,65,88,50,87,29,254,52,0,52,306
07/03/2000,TUL,OK,ASW,CE,Towers with Radar,83,39,88,48,258,6,10,30,2,48,89,49,118,50,306,0,0,0,306
07/04/2000,TUL,OK,ASW,CE,Towers with Radar,72,35,76,30,213,28,5,95,0,128,100,40,171,30,341,16,0,16,357
07/05/2000,TUL,OK,ASW,CE,Towers with Radar,124,51,130,72,377,4,0,72,31,107,128,51,202,103,484,84,76,160,644
07/06/2000,TUL,OK,ASW,CE,Towers with Radar,131,57,137,76,401,7,0,72,10,89,138,57,209,86,490,46,76,122,612
07/07/2000,TUL,OK,ASW,CE,Towers with Radar,131,64,153,85,433,0,0,105,55,160,131,64,258,140,593,110,80,190,783
07/08/2000,TUL,OK,ASW,CE,Towers with Radar,97,43,102,56,298,5,0,83,14,102,102,43,185,70,400,62,0,62,462
07/09/2000,TUL,OK,ASW,CE,Towers with Radar,96,44,101,55,296,16,0,46,16,78,112,44,147,71,374,50,4,54,428
07/10/2000,TUL,OK,ASW,CE,Towers with Radar,123,53,129,71,376,1,0,50,36,87,124,53,179,107,463,68,28,96,559
07/11/2000,TUL,OK,ASW,CE,Towers with Radar,125,64,142,78,409,0,3,90,43,136,125,67,232,121,545,112,62,174,719
07/12/2000,TUL,OK,ASW,CE,Towers with Radar,142,65,149,82,438,0,0,79,20,99,142,65,228,102,537,64,52,116,653
07/13/2000,TUL,OK,ASW,CE,Towers with Radar,135,65,156,86,442,0,0,87,30,117,135,65,243,116,559,74,74,148,707
07/14/2000,TUL,OK,ASW,CE,Towers with Radar,137,56,143,79,415,1,0,94,18,113,138,56,237,97,528,68,30,98,626
07/15/2000,TUL,OK,ASW,CE,Towers with Radar,96,41,100,45,282,11,0,82,0,93,107,41,182,45,375,62,14,76,451
07/16/2000,TUL,OK,ASW,CE,Towers with Radar,90,41,94,30,255,26,0,68,0,94,116,41,162,30,349,18,0,18,367
07/17/2000,TUL,OK,ASW,CE,Towers with Radar,118,54,127,70,369,0,0,39,29,68,118,54,166,99,437,74,72,146,583
07/18/2000,TUL,OK,ASW,CE,Towers with Radar,126,57,142,80,405,0,0,86,30,116,126,57,228,110,521,64,66,130,651
07/19/2000,TUL,OK,ASW,CE,Towers with Radar,130,60,149,84,423,0,0,97,37,134,130,60,246,121,557,132,46,178,735
07/20/2000,TUL,OK,ASW,CE,Towers with Radar,117,55,120,68,360,5,10,44,29,88,122,65,164,97,448,42,52,94,542
07/21/2000,TUL,OK,ASW,CE,Towers with Radar,126,61,144,81,412,0,0,57,41,98,126,61,201,122,510,50,124,174,684
07/22/2000,TUL,OK,ASW,CE,Towers with Radar,96,45,98,37,276,10,9,33,0,52,106,54,131,37,328,30,0,30,358
07/23/2000,TUL,OK,ASW,CE,Towers with Radar,111,53,114,59,337,0,3,67,0,70,111,56,181,59,407,48,4,52,459
07/24/2000,TUL,OK,ASW,CE,Towers with Radar,118,64,147,83,412,0,0,104,27,131,118,64,251,110,543,78,88,166,709
07/25/2000,TUL,OK,ASW,CE,Towers with Radar,128,61,132,74,395,1,8,74,21,104,129,69,206,95,499,56,36,92,591
07/26/2000,TUL,OK,ASW,CE,Towers with Radar,132,71,155,87,445,0,1,98,52,151,132,72,253,139,596,74,86,160,756
07/27/2000,TUL,OK,ASW,CE,Towers with Radar,124,59,128,72,383,10,4,66,17,97,134,63,194,89,480,60,30,90,570
07/28/2000,TUL,OK,ASW,CE,Towers with Radar,127,63,142,80,412,0,0,72,20,92,127,63,214,100,504,52,32,84,588
07/29/2000,TUL,OK,ASW,CE,Towers with Radar,99,50,108,47,304,0,4,85,0,89,99,54,193,47,393,54,8,62,455
07/30/2000,TUL,OK,ASW,CE,Towers with Radar,112,54,128,61,355,0,0,83,0,83,112,54,211,61,438,74,22,96,534
07/31/2000,TUL,OK,ASW,CE,Towers with Radar,128,67,147,83,425,0,4,76,25,105,128,71,223,108,530,38,48,86,616
08/01/2000,TUL,OK,ASW,CE,Towers with Radar,136,68,162,108,474,0,8,78,10,96,136,76,240,118,570,56,56,112,682
08/02/2000,TUL,OK,ASW,CE,Towers with Radar,123,65,151,101,440,0,4,110,24,138,123,69,261,125,578,86,24,110,688
08/03/2000,TUL,OK,ASW,CE,Towers with Radar,129,65,159,100,453,0,0,121,0,121,129,65,280,100,574,142,38,180,754
08/04/2000,TUL,OK,ASW,CE,Towers with Radar,130,66,166,111,473,0,0,102,43,145,130,66,268,154,618,78,104,182,800
08/05/2000,TUL,OK,ASW,CE,Towers with Radar,87,43,102,43,275,19,12,75,0,106,106,55,177,43,381,106,22,128,509
08/06/2000,TUL,OK,ASW,CE,Towers with Radar,89,44,106,62,301,21,7,67,0,95,110,51,173,62,396,56,22,78,474
08/07/2000,TUL,OK,ASW,CE,Towers with Radar,116,59,140,93,408,0,3,47,27,77,116,62,187,120,485,28,44,72,557
08/08/2000,TUL,OK,ASW,CE,Towers with Radar,127,67,161,106,461,0,4,107,27,138,127,71,268,133,599,70,58,128,727
08/09/2000,TUL,OK,ASW,CE,Towers with Radar,129,59,153,101,442,1,0,82,17,100,130,59,235,118,542,78,86,164,706
08/10/2000,TUL,OK,ASW,CE,Towers with Radar,134,67,160,105,466,1,0,82,24,107,135,67,242,129,573,84,54,138,711
08/11/2000,TUL,OK,ASW,CE,Towers with Radar,128,59,152,95,434,8,0,86,0,94,136,59,238,95,528,150,52,202,730
08/12/2000,TUL,OK,ASW,CE,Towers with Radar,91,45,108,68,312,5,4,123,0,132,96,49,231,68,444,124,54,178,622
08/13/2000,TUL,OK,ASW,CE,Towers with Radar,87,42,104,69,302,18,0,32,3,53,105,42,136,72,355,58,24,82,437
08/14/2000,TUL,OK,ASW,CE,Towers with Radar,122,57,145,96,420,0,0,49,40,89,122,57,194,136,509,46,66,112,621
08/15/2000,TUL,OK,ASW,CE,Towers with Radar,126,65,155,102,448,0,0,109,4,113,126,65,264,106,561,74,26,100,661
08/16/2000,TUL,OK,ASW,CE,Towers with Radar,127,73,173,114,487,0,3,77,78,158,127,76,250,192,645,48,82,130,775
08/17/2000,TUL,OK,ASW,CE,Towers with Radar,118,68,159,105,450,0,0,85,50,135,118,68,244,155,585,90,74,164,749
08/18/2000,TUL,OK,ASW,CE,Towers with Radar,135,66,159,105,465,0,1,102,21,124,135,67,261,126,589,16,36,52,641
08/19/2000,TUL,OK,ASW,CE,Towers with Radar,90,44,107,47,288,17,4,100,0,121,107,48,207,47,409,76,0,76,485
08/20/2000,TUL,OK,ASW,CE,Towers with Radar,85,41,100,52,278,18,7,64,0,89,103,48,164,52,367,50,8,58,425
08/21/2000,TUL,OK,ASW,CE,Towers with Radar,117,54,146,98,415,0,0,84,26,110,117,54,230,124,525,66,26,92,617
08/22/2000,TUL,OK,ASW,CE,Towers with Radar,138,64,163,110,475,0,0,71,45,116,138,64,234,155,591,68,82,150,741
08/23/2000,TUL,OK,ASW,CE,Towers with Radar,114,67,159,106,446,0,0,36,14,50,114,67,195,120,496,62,30,92,588
08/24/2000,TUL,OK,ASW,CE,Towers with Radar,125,63,174,117,479,0,0,142,3,145,125,63,316,120,624,96,54,150,774
08/25/2000,TUL,OK,ASW,CE,Towers with Radar,132,55,158,106,451,0,0,122,12,134,132,55,280,118,585,80,46,126,711
08/26/2000,TUL,OK,ASW,CE,Towers with Radar,89,44,104,62,299,22,6,86,0,114,111,50,190,62,413,52,4,56,469
08/27/2000,TUL,OK,ASW,CE,Towers with Radar,90,44,105,57,296,11,4,60,0,75,101,48,165,57,371,32,2,34,405
08/28/2000,TUL,OK,ASW,CE,Towers with Radar,128,63,150,101,442,0,8,73,7,88,128,71,223,108,530,84,60,144,674
08/29/2000,TUL,OK,ASW,CE,Towers with Radar,136,70,165,110,481,0,3,76,42,121,136,73,241,152,602,94,54,148,750
08/30/2000,TUL,OK,ASW,CE,Towers with Radar,132,66,155,97,450,1,9,95,0,105,133,75,250,97,555,94,58,152,707
08/31/2000,TUL,OK,ASW,CE,Towers with Radar,133,68,168,113,482,0,0,117,11,128,133,68,285,124,610,118,98,216,826
09/01/2000,TUL,OK,ASW,CE,Towers with Radar,132,60,158,87,437,0,0,110,0,110,132,60,268,87,547,102,38,140,687
09/02/2000,TUL,OK,ASW,CE,Towers with Radar,88,44,102,50,284,1,8,57,0,66,89,52,159,50,350,50,0,50,400
09/03/2000,TUL,OK,ASW,CE,Towers with Radar,67,33,75,24,199,13,5,61,0,79,80,38,136,24,278,6,0,6,284
09/04/2000,TUL,OK,ASW,CE,Towers with Radar,90,45,102,47,284,12,3,48,0,63,102,48,150,47,347,44,0,44,391
09/05/2000,TUL,OK,ASW,CE,Towers with Radar,117,59,134,78,388,6,2,41,15,64,123,61,175,93,452,6,26,32,484
09/06/2000,TUL,OK,ASW,CE,Towers with Radar,125,62,142,75,404,4,9,98,0,111,129,71,240,75,515,96,18,114,629
09/07/2000,TUL,OK,ASW,CE,Towers with Radar,138,77,174,101,490,0,1,98,30,129,138,78,272,131,619,78,90,168,787
09/08/2000,TUL,OK,ASW,CE,Towers with Radar,125,64,163,85,437,0,0,79,0,79,125,64,242,85,516,110,88,198,714
09/09/2000,TUL,OK,ASW,CE,Towers with Radar,103,48,118,67,336,4,0,113,4,121,107,48,231,71,457,216,84,300,757
09/10/2000,TUL,OK,ASW,CE,Towers with Radar,94,46,108,61,309,14,0,89,7,110,108,46,197,68,419,62,42,104,523
09/11/2000,TUL,OK,ASW,CE,Towers with Radar,110,53,142,81,386,0,0,67,66,133,110,53,209,147,519,20,66,86,605
09/12/2000,TUL,OK,ASW,CE,Towers with Radar,132,67,154,88,441,0,4,91,25,120,132,71,245,113,561,112,42,154,715
09/13/2000,TUL,OK,ASW,CE,Towers with Radar,129,73,172,99,473,0,0,78,44,122,129,73,250,143,595,76,88,164,759
09/14/2000,TUL,OK,ASW,CE,Towers with Radar,129,62,172,99,462,0,0,63,61,124,129,62,235,160,586,92,130,222,808
09/15/2000,TUL,OK,ASW,CE,Towers with Radar,128,72,167,95,462,0,5,83,36,124,128,77,250,131,586,162,114,276,862
09/16/2000,TUL,OK,ASW,CE,Towers with Radar,94,47,108,53,302,11,2,119,0,132,105,49,227,53,434,98,2,100,534
09/17/2000,TUL,OK,ASW,CE,Towers with Radar,91,44,104,48,287,10,4,91,0,105,101,48,195,48,392,84,2,86,478
09/18/2000,TUL,OK,ASW,CE,Towers with Radar,117,57,137,78,389,0,0,67,38,105,117,57,204,116,494,62,30,92,586
09/19/2000,TUL,OK,ASW,CE,Towers with Radar,119,58,137,78,392,2,2,64,34,102,121,60,201,112,494,46,30,76,570
09/20/2000,TUL,OK,ASW,CE,Towers with Radar,135,66,155,90,446,5,2,55,45,107,140,68,210,135,553,116,108,224,777
09/21/2000,TUL,OK,ASW,CE,Towers with Radar,123,64,182,119,488,0,0,101,12,113,123,64,283,131,601,104,80,184,785
09/22/2000,TUL,OK,ASW,CE,Towers with Radar,127,69,159,92,447,0,5,67,49,121,127,74,226,141,568,56,116,172,740
09/23/2000,TUL,OK,ASW,CE,Towers with Radar,78,38,89,41,246,27,7,23,0,57,105,45,112,41,303,32,2,34,337
09/24/2000,TUL,OK,ASW,CE,Towers with Radar,89,44,98,38,269,20,20,0,0,40,109,64,98,38,309,0,0,0,309
09/25/2000,TUL,OK,ASW,CE,Towers with Radar,137,65,167,96,465,0,0,103,15,118,137,65,270,111,583,84,54,138,721
09/26/2000,TUL,OK,ASW,CE,Towers with Radar,127,59,163,94,443,0,0,115,46,161,127,59,278,140,604,34,36,70,674
09/27/2000,TUL,OK,ASW,CE,Towers with Radar,118,54,147,85,404,0,0,99,9,108,118,54,246,94,512,98,66,164,676
09/28/2000,TUL,OK,ASW,CE,Towers with Radar,122,60,141,64,387,1,0,116,0,117,123,60,257,64,504,116,40,156,660
09/29/2000,TUL,OK,ASW,CE,Towers with Radar,92,41,106,38,277,10,0,112,0,122,102,41,218,38,399,58,72,130,529
09/30/2000,TUL,OK,ASW,CE,Towers with Radar,86,39,98,36,259,16,0,56,0,72,102,39,154,36,331,82,4,86,417
10/01/2000,TUL,OK,ASW,CE,Towers with Radar,117,49,126,83,375,0,0,75,36,111,117,49,201,119,486,24,0,24,510
10/02/2000,TUL,OK,ASW,CE,Towers with Radar,93,41,93,39,266,11,0,62,0,73,104,41,155,39,339,50,34,84,423
10/03/2000,TUL,OK,ASW,CE,Towers with Radar,135,61,149,84,429,1,0,85,13,99,136,61,234,97,528,76,68,144,672
10/04/2000,TUL,OK,ASW,CE,Towers with Radar,137,61,164,107,469,0,0,121,6,127,137,61,285,113,596,62,82,144,740
10/05/2000,TUL,OK,ASW,CE,Towers with Radar,133,65,135,86,419,1,8,34,18,61,134,73,169,104,480,60,58,118,598
10/06/2000,TUL,OK,ASW,CE,Towers with Radar,131,71,145,64,411,0,10,60,0,70,131,81,205,64,481,58,4,62,543
10/07/2000,TUL,OK,ASW,CE,Towers with Radar,99,48,100,55,302,10,5,56,0,71,109,53,156,55,373,38,0,38,411
10/08/2000,TUL,OK,ASW,CE,Towers with Radar,99,48,100,36,283,10,3,66,0,79,109,51,166,36,362,12,0,12,374
10/09/2000,TUL,OK,ASW,CE,Towers with Radar,112,53,114,45,324,6,0,79,0,85,118,53,193,45,409,44,0,44,453
10/10/2000,TUL,OK,ASW,CE,Towers with Radar,127,61,130,84,402,0,0,67,29,96,127,61,197,113,498,74,44,118,616
10/11/2000,TUL,OK,ASW,CE,Towers with Radar,132,61,145,93,431,0,0,78,28,106,132,61,223,121,537,78,90,168,705
10/12/2000,TUL,OK,ASW,CE,Towers with Radar,123,65,154,99,441,0,0,114,50,164,123,65,268,149,605,82,48,130,735
10/13/2000,TUL,OK,ASW,CE,Towers with Radar,123,61,133,86,403,0,0,56,11,67,123,61,189,97,470,48,52,100,570
10/14/2000,TUL,OK,ASW,CE,Towers with Radar,90,44,91,59,284,10,4,34,6,54,100,48,125,65,338,22,0,22,360
10/15/2000,TUL,OK,ASW,CE,Towers with Radar,84,42,85,55,266,17,3,62,346,428,101,45,147,401,694,40,0,40,734
10/16/2000,TUL,OK,ASW,CE,Towers with Radar,105,49,126,53,333,0,0,101,0,101,105,49,227,53,434,34,66,100,534
10/17/2000,TUL,OK,ASW,CE,Towers with Radar,101,48,138,48,335,0,0,57,0,57,101,48,195,48,392,30,70,100,492
10/18/2000,TUL,OK,ASW,CE,Towers with Radar,117,57,163,105,442,0,0,41,11,52,117,57,204,116,494,96,88,184,678
10/19/2000,TUL,OK,ASW,CE,Towers with Radar,121,60,148,95,424,0,0,53,17,70,121,60,201,112,494,66,58,124,618
10/20/2000,TUL,OK,ASW,CE,Towers with Radar,140,68,150,96,454,0,0,60,39,99,140,68,210,135,553,114,68,182,735
10/21/2000,TUL,OK,ASW,CE,Towers with Radar,91,45,92,59,287,32,19,191,72,314,123,64,283,131,601,18,0,18,619
10/22/2000,TUL,OK,ASW,CE,Towers with Radar,76,38,77,49,240,51,36,149,92,328,127,74,226,141,568,0,0,0,568
10/23/2000,TUL,OK,ASW,CE,Towers with Radar,105,45,112,41,303,0,0,0,0,0,105,45,112,41,303,62,44,106,409
10/24/2000,TUL,OK,ASW,CE,Towers with Radar,109,64,98,38,309,0,0,0,0,0,109,64,98,38,309,32,112,144,453
10/25/2000,TUL,OK,ASW,CE,Towers with Radar,118,58,120,78,374,19,7,150,33,209,137,65,270,111,583,36,10,46,629
10/26/2000,TUL,OK,ASW,CE,Towers with Radar,116,58,118,77,369,11,1,160,63,235,127,59,278,140,604,36,48,84,688
10/27/2000,TUL,OK,ASW,CE,Towers with Radar,102,48,103,67,320,16,6,143,27,192,118,54,246,94,512,18,20,38,550
10/28/2000,TUL,OK,ASW,CE,Towers with Radar,91,44,90,59,284,32,16,167,5,220,123,60,257,64,504,28,4,32,536
10/29/2000,TUL,OK,ASW,CE,Towers with Radar,87,41,86,38,252,15,0,132,0,147,102,41,218,38,399,22,10,32,431
10/30/2000,TUL,OK,ASW,CE,Towers with Radar,102,39,135,36,312,0,0,19,0,19,102,39,154,36,331,52,80,132,463
10/31/2000,TUL,OK,ASW,CE,Towers with Radar,0,0,0,0,0,0,0,0,0,0,0,0,0,0,0,0,0,0,0
11/01/2000,TUL,OK,ASW,CE,Towers with Radar,118,57,113,75,363,18,10,33,1,62,136,67,146,76,425,38,22,60,485
11/02/2000,TUL,OK,ASW,CE,Towers with Radar,123,65,152,101,441,0,0,116,48,164,123,65,268,149,605,36,54,90,695
11/03/2000,TUL,OK,ASW,CE,Towers with Radar,100,47,86,63,296,10,0,0,9,19,110,47,86,72,315,46,38,84,399
11/04/2000,TUL,OK,ASW,CE,Towers with Radar,91,43,87,56,277,20,0,5,0,25,111,43,92,56,302,16,4,20,322
11/05/2000,TUL,OK,ASW,CE,Towers with Radar,113,57,115,77,362,0,3,16,21,40,113,60,131,98,402,0,0,0,402
11/06/2000,TUL,OK,ASW,CE,Towers with Radar,115,56,110,69,350,28,13,39,0,80,143,69,149,69,430,2,8,10,440
11/07/2000,TUL,OK,ASW,CE,Towers with Radar,94,45,89,42,270,36,35,0,0,71,130,80,89,42,341,64,30,94,435
11/08/2000,TUL,OK,ASW,CE,Towers with Radar,121,59,116,77,373,4,5,32,10,51,125,64,148,87,424,0,0,0,424
11/09/2000,TUL,OK,ASW,CE,Towers with Radar,140,66,142,74,422,0,0,87,0,87,140,66,229,74,509,24,24,48,557
11/10/2000,TUL,OK,ASW,CE,Towers with Radar,104,48,106,42,300,0,0,37,0,37,104,48,143,42,337,22,0,22,359
11/11/2000,TUL,OK,ASW,CE,Towers with Radar,72,34,65,37,208,33,15,0,0,48,105,49,65,37,256,72,20,92,348
11/12/2000,TUL,OK,ASW,CE,Towers with Radar,121,50,116,77,364,1,0,68,18,87,122,50,184,95,451,8,0,8,459
11/13/2000,TUL,OK,ASW,CE,Towers with Radar,146,67,150,100,463,0,0,119,34,153,146,67,269,134,616,64,26,90,706
11/14/2000,TUL,OK,ASW,CE,Towers with Radar,132,65,146,97,440,0,0,88,31,119,132,65,234,128,559,116,54,170,729
11/15/2000,TUL,OK,ASW,CE,Towers with Radar,131,64,140,94,429,0,0,69,55,124,131,64,209,149,553,114,62,176,729
11/16/2000,TUL,OK,ASW,CE,Towers with Radar,147,70,140,95,452,1,5,61,16,83,148,75,201,111,535,102,100,202,737
11/17/2000,TUL,OK,ASW,CE,Towers with Radar,102,48,96,65,311,8,6,83,1,98,110,54,179,66,409,64,32,96,505
11/18/2000,TUL,OK,ASW,CE,Towers with Radar,97,42,91,48,278,6,0,78,0,84,103,42,169,48,362,50,8,58,420
11/19/2000,TUL,OK,ASW,CE,Towers with Radar,119,48,129,88,384,0,0,44,42,86,119,48,173,130,470,44,0,44,514
11/20/2000,TUL,OK,ASW,CE,Towers with Radar,128,58,150,102,438,0,0,89,47,136,128,58,239,149,574,82,84,166,740
11/21/2000,TUL,OK,ASW,CE,Towers with Radar,139,70,163,110,482,0,0,92,32,124,139,70,255,142,606,80,88,168,774
11/22/2000,TUL,OK,ASW,CE,Towers with Radar,53,25,23,26,127,37,16,0,0,53,90,41,23,26,180,22,92,114,294
11/23/2000,TUL,OK,ASW,CE,Towers with Radar,54,26,29,31,140,26,23,0,0,49,80,49,29,31,189,0,0,0,189
11/24/2000,TUL,OK,ASW,CE,Towers with Radar,88,42,83,52,265,12,8,62,0,82,100,50,145,52,347,4,0,4,351
11/25/2000,TUL,OK,ASW,CE,Towers with Radar,111,51,106,43,311,0,0,55,0,55,111,51,161,43,366,42,0,42,408
11/26/2000,TUL,OK,ASW,CE,Towers with Radar,121,57,122,83,383,0,0,94,8,102,121,57,216,91,485,8,0,8,493
11/27/2000,TUL,OK,ASW,CE,Towers with Radar,144,63,136,92,435,4,0,77,39,120,148,63,213,131,555,82,58,140,695
11/28/2000,TUL,OK,ASW,CE,Towers with Radar,139,70,151,103,463,0,0,83,48,131,139,70,234,151,594,94,104,198,792
11/29/2000,TUL,OK,ASW,CE,Towers with Radar,135,67,138,94,434,0,0,84,18,102,135,67,222,112,536,100,14,114,650
11/30/2000,TUL,OK,ASW,CE,Towers with Radar,129,65,133,89,416,0,0,41,47,88,129,65,174,136,504,50,26,76,580
12/01/2000,TUL,OK,ASW,CE,Towers with Radar,136,65,132,91,424,0,0,44,47,91,136,65,176,138,515,70,104,174,689
12/02/2000,TUL,OK,ASW,CE,Towers with Radar,125,56,103,71,355,12,5,10,2,29,137,61,113,73,384,74,24,98,482
12/03/2000,TUL,OK,ASW,CE,Towers with Radar,104,42,115,48,309,5,4,76,7,92,109,46,191,55,401,58,2,60,461
12/04/2000,TUL,OK,ASW,CE,Towers with Radar,126,52,141,97,416,0,0,67,65,132,126,52,208,162,548,68,120,188,736
12/05/2000,TUL,OK,ASW,CE,Towers with Radar,130,65,134,94,423,0,0,47,39,86,130,65,181,133,509,92,54,146,655
12/06/2000,TUL,OK,ASW,CE,Towers with Radar,132,61,106,86,385,4,4,57,5,70,136,65,163,91,455,14,44,58,513
12/07/2000,TUL,OK,ASW,CE,Towers with Radar,123,59,170,125,477,4,4,73,8,89,127,63,243,133,566,120,70,190,756
12/08/2000,TUL,OK,ASW,CE,Towers with Radar,137,69,134,95,435,0,0,108,22,130,137,69,242,117,565,54,60,114,679
12/09/2000,TUL,OK,ASW,CE,Towers with Radar,96,45,85,60,286,0,1,55,28,84,96,46,140,88,370,56,4,60,430
12/10/2000,TUL,OK,ASW,CE,Towers with Radar,100,46,91,44,281,4,3,5,0,12,104,49,96,44,293,4,0,4,297
12/11/2000,TUL,OK,ASW,CE,Towers with Radar,105,50,51,51,257,4,3,5,0,12,109,53,56,51,269,0,0,0,269
12/12/2000,TUL,OK,ASW,CE,Towers with Radar,133,58,95,64,350,4,3,18,9,34,137,61,113,73,384,2,12,14,398
12/13/2000,TUL,OK,ASW,CE,Towers with Radar,45,15,36,17,113,47,0,0,0,47,92,15,36,17,160,0,0,0,160
12/14/2000,TUL,OK,ASW,CE,Towers with Radar,132,58,79,48,317,4,3,12,4,23,136,61,91,52,340,0,0,0,340
12/15/2000,TUL,OK,ASW,CE,Towers with Radar,128,62,100,44,334,4,3,0,0,7,132,65,100,44,341,18,0,18,359
12/16/2000,TUL,OK,ASW,CE,Towers with Radar,100,49,49,34,232,4,3,51,16,74,104,52,100,50,306,2,0,2,308
12/17/2000,TUL,OK,ASW,CE,Towers with Radar,98,44,80,32,254,8,1,84,0,93,106,45,164,32,347,36,0,36,383
12/18/2000,TUL,OK,ASW,CE,Towers with Radar,133,51,107,76,367,1,0,42,36,79,134,51,149,112,446,48,56,104,550
12/19/2000,TUL,OK,ASW,CE,Towers with Radar,149,64,142,100,455,0,0,102,20,122,149,64,244,120,577,54,50,104,681
12/20/2000,TUL,OK,ASW,CE,Towers with Radar,142,61,135,95,433,0,0,72,30,102,142,61,207,125,535,20,50,70,605
12/21/2000,TUL,OK,ASW,CE,Towers with Radar,147,63,139,98,447,0,0,51,64,115,147,63,190,162,562,42,58,100,662
12/22/2000,TUL,OK,ASW,CE,Towers with Radar,136,65,130,87,418,0,0,157,0,157,136,65,287,87,575,12,0,12,587
12/23/2000,TUL,OK,ASW,CE,Towers with Radar,104,46,85,41,276,8,3,72,0,83,112,49,157,41,359,48,0,48,407
12/24/2000,TUL,OK,ASW,CE,Towers with Radar,67,30,56,32,185,16,10,27,0,53,83,40,83,32,238,28,0,28,266
12/25/2000,TUL,OK,ASW,CE,Towers with Radar,77,23,9,26,135,4,3,2,0,9,81,26,11,26,144,0,0,0,144
12/26/2000,TUL,OK,ASW,CE,Towers with Radar,47,21,28,22,118,40,4,0,0,44,87,25,28,22,162,0,0,0,162
12/27/2000,TUL,OK,ASW,CE,Towers with Radar,79,34,57,38,208,29,20,0,0,49,108,54,57,38,257,0,0,0,257
12/28/2000,TUL,OK,ASW,CE,Towers with Radar,129,74,36,39,278,4,3,0,0,7,133,77,36,39,285,0,0,0,285
12/29/2000,TUL,OK,ASW,CE,Towers with Radar,116,69,83,52,320,4,3,32,13,52,120,72,115,65,372,6,10,16,388
12/30/2000,TUL,OK,ASW,CE,Towers with Radar,87,39,72,41,239,10,11,49,0,70,97,50,121,41,309,0,0,0,309
12/31/2000,TUL,OK,ASW,CE,Towers with Radar,53,21,18,24,116,37,26,0,0,63,90,47,18,24,179,0,0,0,179
01/01/2001,TUL,OK,ASW,CE,Towers with Radar,60,29,51,31,171,31,4,2,0,37,91,33,53,31,208,6,0,6,214
01/02/2001,TUL,OK,ASW,CE,Towers with Radar,104,50,90,42,286,14,21,45,0,80,118,71,135,42,366,28,0,28,394
01/03/2001,TUL,OK,ASW,CE,Towers with Radar,121,59,105,86,371,11,1,38,0,50,132,60,143,86,421,30,44,74,495
01/04/2001,TUL,OK,ASW,CE,Towers with Radar,138,65,132,86,421,0,0,58,31,89,138,65,190,117,510,58,84,142,652
01/05/2001,TUL,OK,ASW,CE,Towers with Radar,128,68,120,102,418,0,4,96,14,114,128,72,216,116,532,36,66,102,634
01/06/2001,TUL,OK,ASW,CE,Towers with Radar,101,45,102,87,335,0,0,39,70,109,101,45,141,157,444,108,84,192,636
01/07/2001,TUL,OK,ASW,CE,Towers with Radar,103,51,89,75,318,0,2,5,10,17,103,53,94,85,335,12,14,26,361
01/08/2001,TUL,OK,ASW,CE,Towers with Radar,112,59,100,149,420,0,0,52,17,69,112,59,152,166,489,40,108,148,637
01/09/2001,TUL,OK,ASW,CE,Towers with Radar,130,67,120,119,436,0,0,67,21,88,130,67,187,140,524,62,72,134,658
01/10/2001,TUL,OK,ASW,CE,Towers with Radar,134,59,137,117,447,0,0,72,21,93,134,59,209,138,540,86,78,164,704
01/11/2001,TUL,OK,ASW,CE,Towers with Radar,135,66,103,98,402,0,0,9,17,26,135,66,112,115,428,24,86,110,538
01/12/2001,TUL,OK,ASW,CE,Towers with Radar,137,70,120,58,385,0,0,2,4,6,137,70,122,62,391,6,0,6,397
01/13/2001,TUL,OK,ASW,CE,Towers with Radar,103,50,48,32,233,0,0,6,2,8,103,50,54,34,241,0,0,0,241
01/14/2001,TUL,OK,ASW,CE,Towers with Radar,115,55,79,31,280,0,0,58,4,62,115,55,137,35,342,52,22,74,416
01/15/2001,TUL,OK,ASW,CE,Towers with Radar,117,53,108,62,340,0,0,139,0,139,117,53,247,62,479,80,16,96,575
01/16/2001,TUL,OK,ASW,CE,Towers with Radar,110,55,95,82,342,21,7,19,7,54,131,62,114,89,396,20,52,72,468
01/17/2001,TUL,OK,ASW,CE,Towers with Radar,105,52,90,77,324,26,14,5,5,50,131,66,95,82,374,0,0,0,374
01/18/2001,TUL,OK,ASW,CE,Towers with Radar,140,65,91,126,422,0,0,43,32,75,140,65,134,158,497,102,148,250,747
01/19/2001,TUL,OK,ASW,CE,Towers with Radar,129,58,97,97,381,0,0,54,20,74,129,58,151,117,455,26,50,76,531
01/20/2001,TUL,OK,ASW,CE,Towers with Radar,102,47,109,38,296,0,0,91,24,115,102,47,200,62,411,20,0,20,431
01/21/2001,TUL,OK,ASW,CE,Towers with Radar,100,41,108,41,290,0,0,81,4,85,100,41,189,45,375,36,14,50,425
01/22/2001,TUL,OK,ASW,CE,Towers with Radar,114,54,135,200,503,0,0,74,19,93,114,54,209,219,596,126,154,280,876
01/23/2001,TUL,OK,ASW,CE,Towers with Radar,126,60,143,122,451,0,0,77,51,128,126,60,220,173,579,74,138,212,791
01/24/2001,TUL,OK,ASW,CE,Towers with Radar,134,64,142,122,462,0,0,62,54,116,134,64,204,176,578,64,34,98,676
01/25/2001,TUL,OK,ASW,CE,Towers with Radar,126,62,175,142,505,0,0,85,11,96,126,62,260,153,601,64,60,124,725
01/26/2001,TUL,OK,ASW,CE,Towers with Radar,132,65,113,102,412,0,0,58,34,92,132,65,171,136,504,80,80,160,664
01/27/2001,TUL,OK,ASW,CE,Towers with Radar,88,53,67,72,280,0,0,59,19,78,88,53,126,91,358,148,34,182,540
01/28/2001,TUL,OK,ASW,CE,Towers with Radar,62,31,26,38,157,40,23,0,0,63,102,54,26,38,220,10,0,10,230
01/29/2001,TUL,OK,ASW,CE,Towers with Radar,98,48,86,70,302,8,11,13,0,32,106,59,99,70,334,12,0,12,346
01/30/2001,TUL,OK,ASW,CE,Towers with Radar,131,70,128,109,438,0,0,98,2,100,131,70,226,111,538,78,46,124,662
01/31/2001,TUL,OK,ASW,CE,Towers with Radar,131,64,132,169,496,0,0,76,24,100,131,64,208,193,596,126,154,280,876
02/01/2001,TUL,OK,ASW,CE,Towers with Radar,137,63,146,102,448,0,0,63,68,131,137,63,209,170,579,82,100,182,761
02/02/2001,TUL,OK,ASW,CE,Towers with Radar,127,63,145,101,436,0,0,96,30,126,127,63,241,131,562,74,122,196,758
02/03/2001,TUL,OK,ASW,CE,Towers with Radar,88,36,110,63,297,5,3,83,2,93,93,39,193,65,390,90,14,104,494
02/04/2001,TUL,OK,ASW,CE,Towers with Radar,90,43,82,32,247,8,4,55,0,67,98,47,137,32,314,10,0,10,324
02/05/2001,TUL,OK,ASW,CE,Towers with Radar,110,49,120,90,369,5,4,67,23,99,115,53,187,113,468,56,38,94,562
02/06/2001,TUL,OK,ASW,CE,Towers with Radar,133,61,139,99,432,5,2,108,21,136,138,63,247,120,568,92,34,126,694
02/07/2001,TUL,OK,ASW,CE,Towers with Radar,128,63,126,88,405,0,0,6,24,30,128,63,132,112,435,24,44,68,503
02/08/2001,TUL,OK,ASW,CE,Towers with Radar,128,63,97,61,349,5,2,11,9,27,133,65,108,70,376,0,10,10,386
02/09/2001,TUL,OK,ASW,CE,Towers with Radar,94,45,85,58,282,32,19,4,0,55,126,64,89,58,337,8,18,26,363
02/10/2001,TUL,OK,ASW,CE,Towers with Radar,101,51,79,38,269,5,2,53,4,64,106,53,132,42,333,64,4,68,401
02/11/2001,TUL,OK,ASW,CE,Towers with Radar,94,42,86,60,282,0,0,52,0,52,94,42,138,60,334,48,12,60,394
02/12/2001,TUL,OK,ASW,CE,Towers with Radar,106,48,96,66,316,3,0,9,12,24,109,48,105,78,340,0,0,0,340
02/13/2001,TUL,OK,ASW,CE,Towers with Radar,128,49,73,40,290,5,1,0,1,7,133,50,73,41,297,2,0,2,299
02/14/2001,TUL,OK,ASW,CE,Towers with Radar,113,56,88,55,312,5,1,2,5,13,118,57,90,60,325,0,10,10,335
02/15/2001,TUL,OK,ASW,CE,Towers with Radar,124,60,83,54,321,5,1,0,1,7,129,61,83,55,328,0,0,0,328
02/16/2001,TUL,OK,ASW,CE,Towers with Radar,136,65,99,60,360,5,1,28,14,48,141,66,127,74,408,24,38,62,470
02/17/2001,TUL,OK,ASW,CE,Towers with Radar,94,46,84,44,268,7,6,71,0,84,101,52,155,44,352,6,42,48,400
02/18/2001,TUL,OK,ASW,CE,Towers with Radar,91,47,79,38,255,5,1,61,11,78,96,48,140,49,333,104,10,114,447
02/19/2001,TUL,OK,ASW,CE,Towers with Radar,111,55,106,65,337,0,0,75,0,75,111,55,181,65,412,38,0,38,450
02/20/2001,TUL,OK,ASW,CE,Towers with Radar,133,55,123,59,370,0,0,22,0,22,133,55,145,59,392,0,0,0,392
02/21/2001,TUL,OK,ASW,CE,Towers with Radar,127,62,79,95,363,4,2,7,7,20,131,64,86,102,383,16,22,38,421
02/22/2001,TUL,OK,ASW,CE,Towers with Radar,136,64,146,96,442,4,2,52,23,81,140,66,198,119,523,106,24,130,653
02/23/2001,TUL,OK,ASW,CE,Towers with Radar,120,54,87,42,303,4,2,6,3,15,124,56,93,45,318,0,0,0,318
02/24/2001,TUL,OK,ASW,CE,Towers with Radar,92,34,29,43,198,4,2,14,15,35,96,36,43,58,233,0,8,8,241
02/25/2001,TUL,OK,ASW,CE,Towers with Radar,95,51,106,73,325,0,0,72,38,110,95,51,178,111,435,68,64,132,567
02/26/2001,TUL,OK,ASW,CE,Towers with Radar,109,53,136,151,449,4,2,58,12,76,113,55,194,163,525,38,164,202,727
02/27/2001,TUL,OK,ASW,CE,Towers with Radar,133,60,102,80,375,4,2,17,9,32,137,62,119,89,407,50,50,100,507
02/28/2001,TUL,OK,ASW,CE,Towers with Radar,125,56,60,43,284,4,2,0,0,6,129,58,60,43,290,0,0,0,290
03/01/2001,TUL,OK,ASW,CE,Towers with Radar,103,50,103,62,318,37,11,11,0,59,140,61,114,62,377,16,12,28,405
03/02/2001,TUL,OK,ASW,CE,Towers with Radar,129,67,140,99,435,0,0,19,0,19,129,67,159,99,454,18,66,84,538
03/03/2001,TUL,OK,ASW,CE,Towers with Radar,94,46,95,68,303,0,3,39,9,51,94,49,134,77,354,68,56,124,478
03/04/2001,TUL,OK,ASW,CE,Towers with Radar,95,53,104,60,312,1,0,87,9,97,96,53,191,69,409,80,36,116,525
03/05/2001,TUL,OK,ASW,CE,Towers with Radar,113,53,126,91,383,0,0,58,47,105,113,53,184,138,488,34,14,48,536
03/06/2001,TUL,OK,ASW,CE,Towers with Radar,136,72,151,110,469,0,6,47,53,106,136,78,198,163,575,70,74,144,719
03/07/2001,TUL,OK,ASW,CE,Towers with Radar,131,68,144,159,502,0,0,86,15,101,131,68,230,174,603,66,174,240,843
03/08/2001,TUL,OK,ASW,CE,Towers with Radar,126,67,139,102,434,0,0,39,18,57,126,67,178,120,491,94,134,228,719
03/09/2001,TUL,OK,ASW,CE,Towers with Radar,131,61,130,95,417,1,4,135,0,140,132,65,265,95,557,102,28,130,687
03/10/2001,TUL,OK,ASW,CE,Towers with Radar,94,45,109,107,355,0,0,74,11,85,94,45,183,118,440,50,60,110,550
03/11/2001,TUL,OK,ASW,CE,Towers with Radar,98,45,57,65,265,0,0,15,10,25,98,45,72,75,290,2,0,2,292
03/12/2001,TUL,OK,ASW,CE,Towers with Radar,124,53,129,94,400,0,0,47,16,63,124,53,176,110,463,22,56,78,541
03/13/2001,TUL,OK,ASW,CE,Towers with Radar,130,56,146,116,448,0,0,82,40,122,130,56,228,156,570,72,66,138,708
03/14/2001,TUL,OK,ASW,CE,Towers with Radar,129,65,137,100,431,0,0,68,26,94,129,65,205,126,525,28,96,124,649
03/15/2001,TUL,OK,ASW,CE,Towers with Radar,135,57,102,72,366,0,0,13,9,22,135,57,115,81,388,0,40,40,428
03/16/2001,TUL,OK,ASW,CE,Towers with Radar,133,59,151,111,454,0,0,75,16,91,133,59,226,127,545,148,114,262,807
03/17/2001,TUL,OK,ASW,CE,Towers with Radar,102,49,92,40,283,0,0,73,10,83,102,49,165,50,366,76,0,76,442
03/18/2001,TUL,OK,ASW,CE,Towers with Radar,89,42,87,59,277,4,7,33,0,44,93,49,120,59,321,56,38,94,415
03/19/2001,TUL,OK,ASW,CE,Towers with Radar,111,52,111,80,354,5,6,34,24,69,116,58,145,104,423,82,40,122,545
03/20/2001,TUL,OK,ASW,CE,Towers with Radar,134,61,136,98,429,0,0,103,19,122,134,61,239,117,551,92,48,140,691
03/21/2001,TUL,OK,ASW,CE,Towers with Radar,130,62,131,87,410,0,2,77,0,79,130,64,208,87,489,42,26,68,557
03/22/2001,TUL,OK,ASW,CE,Towers with Radar,128,61,160,96,445,0,0,88,33,121,128,61,248,129,566,116,132,248,814
03/23/2001,TUL,OK,ASW,CE,Towers with Radar,149,65,168,87,469,0,2,72,22,96,149,67,240,109,565,78,78,156,721
03/24/2001,TUL,OK,ASW,CE,Towers with Radar,83,40,83,51,257,12,13,30,0,55,95,53,113,51,312,56,6,62,374
03/25/2001,TUL,OK,ASW,CE,Towers with Radar,97,46,97,56,296,8,1,67,0,76,105,47,164,56,372,50,8,58,430
03/26/2001,TUL,OK,ASW,CE,Towers with Radar,114,41,113,82,350,4,0,72,12,88,118,41,185,94,438,44,22,66,504
03/27/2001,TUL,OK,ASW,CE,Towers with Radar,107,50,106,77,340,22,8,51,20,101,129,58,157,97,441,44,84,128,569
03/28/2001,TUL,OK,ASW,CE,Towers with Radar,116,54,116,84,370,24,5,7,3,39,140,59,123,87,409,0,12,12,421
03/29/2001,TUL,OK,ASW,CE,Towers with Radar,131,55,112,111,409,0,0,21,17,38,131,55,133,128,447,26,34,60,507
03/30/2001,TUL,OK,ASW,CE,Towers with Radar,84,43,123,89,339,0,0,109,23,132,84,43,232,112,471,100,132,232,703
03/31/2001,TUL,OK,ASW,CE,Towers with Radar,87,38,87,42,254,17,0,60,0,77,104,38,147,42,331,36,0,36,367
04/01/2001,TUL,OK,ASW,CE,Towers with Radar,104,37,102,73,316,3,0,72,5,80,107,37,174,78,396,24,0,24,420
04/02/2001,TUL,OK,ASW,CE,Towers with Radar,112,42,120,86,360,0,0,17,17,34,112,42,137,103,394,38,84,122,516
04/03/2001,TUL,OK,ASW,CE,Towers with Radar,134,52,149,107,442,0,0,43,34,77,134,52,192,141,519,66,98,164,683
04/04/2001,TUL,OK,ASW,CE,Towers with Radar,143,55,142,102,442,0,0,69,18,87,143,55,211,120,529,72,100,172,701
04/05/2001,TUL,OK,ASW,CE,Towers with Radar,125,56,158,76,415,0,0,23,16,39,125,56,181,92,454,48,38,86,540
04/06/2001,TUL,OK,ASW,CE,Towers with Radar,124,47,115,94,380,0,0,19,12,31,124,47,134,106,411,26,16,42,453
04/07/2001,TUL,OK,ASW,CE,Towers with Radar,91,37,92,66,286,0,6,74,7,87,91,43,166,73,373,14,0,14,387
04/08/2001,TUL,OK,ASW,CE,Towers with Radar,89,34,86,62,271,1,5,57,3,66,90,39,143,65,337,46,30,76,413
04/09/2001,TUL,OK,ASW,CE,Towers with Radar,107,39,128,92,366,0,0,68,55,123,107,39,196,147,489,68,112,180,669
04/10/2001,TUL,OK,ASW,CE,Towers with Radar,118,47,116,83,364,12,6,29,25,72,130,53,145,108,436,28,36,64,500
04/11/2001,TUL,OK,ASW,CE,Towers with Radar,121,56,109,53,339,0,0,22,10,32,121,56,131,63,371,8,2,10,381
04/12/2001,TUL,OK,ASW,CE,Towers with Radar,129,54,169,123,475,0,0,90,27,117,129,54,259,150,592,114,40,154,746
04/13/2001,TUL,OK,ASW,CE,Towers with Radar,127,53,134,97,411,0,4,101,0,105,127,57,235,97,516,52,82,134,650
04/14/2001,TUL,OK,ASW,CE,Towers with Radar,72,28,70,46,216,25,9,6,0,40,97,37,76,46,256,36,0,36,292
04/15/2001,TUL,OK,ASW,CE,Towers with Radar,78,30,76,44,228,18,2,49,0,69,96,32,125,44,297,30,0,30,327
04/16/2001,TUL,OK,ASW,CE,Towers with Radar,116,41,117,124,398,0,0,91,16,107,116,41,208,140,505,32,170,202,707
04/17/2001,TUL,OK,ASW,CE,Towers with Radar,131,53,146,158,488,0,0,77,17,94,131,53,223,175,582,50,80,130,712
04/18/2001,TUL,OK,ASW,CE,Towers with Radar,127,55,152,102,436,0,0,91,16,107,127,55,243,118,543,50,68,118,661
04/19/2001,TUL,OK,ASW,CE,Towers with Radar,132,52,134,144,462,0,0,39,10,49,132,52,173,154,511,8,48,56,567
04/20/2001,TUL,OK,ASW,CE,Towers with Radar,110,42,108,63,323,22,10,27,0,59,132,52,135,63,382,32,10,42,424
04/21/2001,TUL,OK,ASW,CE,Towers with Radar,82,31,71,56,240,22,5,0,10,37,104,36,71,66,277,18,28,46,323
04/22/2001,TUL,OK,ASW,CE,Towers with Radar,100,40,80,45,265,0,0,17,5,22,100,40,97,50,287,0,0,0,287
04/23/2001,TUL,OK,ASW,CE,Towers with Radar,114,40,101,74,329,0,0,58,17,75,114,40,159,91,404,46,58,104,508
04/24/2001,TUL,OK,ASW,CE,Towers with Radar,136,50,148,139,473,0,0,93,17,110,136,50,241,156,583,44,84,128,711
04/25/2001,TUL,OK,ASW,CE,Towers with Radar,136,61,154,110,461,0,1,95,47,143,136,62,249,157,604,92,80,172,776
04/26/2001,TUL,OK,ASW,CE,Towers with Radar,145,61,157,98,461,0,0,96,16,112,145,61,253,114,573,138,80,218,791
04/27/2001,TUL,OK,ASW,CE,Towers with Radar,131,51,146,64,392,0,0,96,15,111,131,51,242,79,503,100,46,146,649
04/28/2001,TUL,OK,ASW,CE,Towers with Radar,99,38,99,47,283,6,0,80,0,86,105,38,179,47,369,90,0,90,459
04/29/2001,TUL,OK,ASW,CE,Towers with Radar,102,36,115,55,308,0,0,73,12,85,102,36,188,67,393,48,4,52,445
04/30/2001,TUL,OK,ASW,CE,Towers with Radar,111,38,119,85,353,0,0,57,23,80,111,38,176,108,433,16,48,64,497
05/01/2001,TUL,OK,ASW,CE,Towers with Radar,130,51,128,86,395,4,5,74,0,83,134,56,202,86,478,32,22,54,532
05/02/2001,TUL,OK,ASW,CE,Towers with Radar,135,56,156,80,427,0,0,43,18,61,135,56,199,98,488,22,0,22,510
05/03/2001,TUL,OK,ASW,CE,Towers with Radar,123,64,141,88,416,0,0,60,18,78,123,64,201,106,494,88,48,136,630
05/04/2001,TUL,OK,ASW,CE,Towers with Radar,131,55,139,102,427,0,3,26,63,92,131,58,165,165,519,26,114,140,659
05/05/2001,TUL,OK,ASW,CE,Towers with Radar,93,35,89,65,282,15,3,0,28,46,108,38,89,93,328,10,28,38,366
05/06/2001,TUL,OK,ASW,CE,Towers with Radar,96,34,67,61,258,0,0,21,6,27,96,34,88,67,285,6,44,50,335
05/07/2001,TUL,OK,ASW,CE,Towers with Radar,117,45,129,110,401,0,1,76,18,95,117,46,205,128,496,70,40,110,606
05/08/2001,TUL,OK,ASW,CE,Towers with Radar,128,56,162,113,459,0,1,126,22,149,128,57,288,135,608,84,70,154,762
05/09/2001,TUL,OK,ASW,CE,Towers with Radar,129,50,137,93,409,0,0,117,0,117,129,50,254,93,526,60,46,106,632
05/10/2001,TUL,OK,ASW,CE,Towers with Radar,124,52,168,163,507,0,0,67,17,84,124,52,235,180,591,50,84,134,725
05/11/2001,TUL,OK,ASW,CE,Towers with Radar,116,45,114,69,344,13,7,39,0,59,129,52,153,69,403,0,0,0,403
05/12/2001,TUL,OK,ASW,CE,Towers with Radar,103,38,103,58,302,7,0,84,0,91,110,38,187,58,393,72,20,92,485
05/13/2001,TUL,OK,ASW,CE,Towers with Radar,100,35,99,60,294,4,0,71,0,75,104,35,170,60,369,78,8,86,455
05/14/2001,TUL,OK,ASW,CE,Towers with Radar,118,37,124,110,389,0,0,76,15,91,118,37,200,125,480,66,72,138,618
05/15/2001,TUL,OK,ASW,CE,Towers with Radar,127,57,168,128,480,0,0,83,28,111,127,57,251,156,591,106,138,244,835
05/16/2001,TUL,OK,ASW,CE,Towers with Radar,132,52,146,105,435,0,0,134,12,146,132,52,280,117,581,84,46,130,711
05/17/2001,TUL,OK,ASW,CE,Towers with Radar,132,59,154,108,453,0,0,63,26,89,132,59,217,134,542,64,106,170,712
05/18/2001,TUL,OK,ASW,CE,Towers with Radar,125,56,135,76,392,0,0,34,9,43,125,56,169,85,435,42,6,48,483
05/19/2001,TUL,OK,ASW,CE,Towers with Radar,108,38,75,51,272,0,0,75,5,80,108,38,150,56,352,10,0,10,362
05/20/2001,TUL,OK,ASW,CE,Towers with Radar,102,41,54,63,260,0,0,19,5,24,102,41,73,68,284,0,0,0,284
05/21/2001,TUL,OK,ASW,CE,Towers with Radar,119,46,101,88,354,0,0,45,7,52,119,46,146,95,406,78,38,116,522
05/22/2001,TUL,OK,ASW,CE,Towers with Radar,138,52,182,102,474,0,0,85,15,100,138,52,267,117,574,68,38,106,680
05/23/2001,TUL,OK,ASW,CE,Towers with Radar,137,56,147,107,447,0,0,72,52,124,137,56,219,159,571,38,76,114,685
05/24/2001,TUL,OK,ASW,CE,Towers with Radar,132,57,126,119,434,0,0,96,26,122,132,57,222,145,556,70,58,128,684
05/25/2001,TUL,OK,ASW,CE,Towers with Radar,137,49,169,90,445,0,0,91,16,107,137,49,260,106,552,48,24,72,624
05/26/2001,TUL,OK,ASW,CE,Towers with Radar,95,37,94,38,264,8,1,78,0,87,103,38,172,38,351,86,0,86,437
05/27/2001,TUL,OK,ASW,CE,Towers with Radar,79,32,59,40,210,0,0,53,7,60,79,32,112,47,270,16,0,16,286
05/28/2001,TUL,OK,ASW,CE,Towers with Radar,102,35,73,55,265,0,0,82,13,95,102,35,155,68,360,30,32,62,422
05/29/2001,TUL,OK,ASW,CE,Towers with Radar,82,33,81,43,239,38,21,13,0,72,120,54,94,43,311,12,0,12,323
05/30/2001,TUL,OK,ASW,CE,Towers with Radar,139,53,93,102,387,0,0,24,7,31,139,53,117,109,418,2,32,34,452
05/31/2001,TUL,OK,ASW,CE,Towers with Radar,135,55,191,145,526,0,0,34,6,40,135,55,225,151,566,166,80,246,812
06/01/2001,TUL,OK,ASW,CE,Towers with Radar,125,49,145,100,419,0,0,90,6,96,125,49,235,106,515,76,54,130,645
06/02/2001,TUL,OK,ASW,CE,Towers with Radar,89,34,99,54,276,19,5,132,0,156,108,39,231,54,432,72,20,92,524
06/03/2001,TUL,OK,ASW,CE,Towers with Radar,86,34,95,65,280,16,6,34,13,69,102,40,129,78,349,26,36,62,411
06/04/2001,TUL,OK,ASW,CE,Towers with Radar,118,42,118,116,394,0,1,49,9,59,118,43,167,125,453,28,148,176,629
06/05/2001,TUL,OK,ASW,CE,Towers with Radar,132,52,118,117,419,0,1,52,13,66,132,53,170,130,485,28,52,80,565
06/06/2001,TUL,OK,ASW,CE,Towers with Radar,139,57,152,137,485,0,0,77,16,93,139,57,229,153,578,76,176,252,830
06/07/2001,TUL,OK,ASW,CE,Towers with Radar,138,51,125,149,463,0,0,114,19,133,138,51,239,168,596,92,74,166,762
06/08/2001,TUL,OK,ASW,CE,Towers with Radar,140,54,156,109,459,0,0,54,56,110,140,54,210,165,569,144,42,186,755
06/09/2001,TUL,OK,ASW,CE,Towers with Radar,97,41,116,80,334,0,0,61,12,73,97,41,177,92,407,58,34,92,499
06/10/2001,TUL,OK,ASW,CE,Towers with Radar,100,36,106,78,320,0,0,68,17,85,100,36,174,95,405,20,24,44,449
06/11/2001,TUL,OK,ASW,CE,Towers with Radar,119,55,176,130,480,0,0,84,16,100,119,55,260,146,580,50,116,166,746
06/12/2001,TUL,OK,ASW,CE,Towers with Radar,128,56,130,106,420,0,0,64,14,78,128,56,194,120,498,34,70,104,602
06/13/2001,TUL,OK,ASW,CE,Towers with Radar,142,64,192,134,532,0,0,86,18,104,142,64,278,152,636,76,128,204,840
06/14/2001,TUL,OK,ASW,CE,Towers with Radar,129,58,167,96,450,0,0,17,13,30,129,58,184,109,480,32,28,60,540
06/15/2001,TUL,OK,ASW,CE,Towers with Radar,118,54,278,122,572,0,0,115,29,144,118,54,393,151,716,106,44,150,866
06/16/2001,TUL,OK,ASW,CE,Towers with Radar,115,47,203,47,412,0,0,138,8,146,115,47,341,55,558,84,0,84,642
06/17/2001,TUL,OK,ASW,CE,Towers with Radar,113,46,146,89,394,0,0,84,0,84,113,46,230,89,478,54,0,54,532
06/18/2001,TUL,OK,ASW,CE,Towers with Radar,122,48,135,99,404,0,0,256,27,283,122,48,391,126,687,30,48,78,765
06/19/2001,TUL,OK,ASW,CE,Towers with Radar,125,57,160,111,453,0,1,83,16,100,125,58,243,127,553,70,10,80,633
06/20/2001,TUL,OK,ASW,CE,Towers with Radar,152,55,151,93,451,0,0,62,12,74,152,55,213,105,525,26,26,52,577
06/21/2001,TUL,OK,ASW,CE,Towers with Radar,134,55,126,99,414,0,0,72,25,97,134,55,198,124,511,68,32,100,611
06/22/2001,TUL,OK,ASW,CE,Towers with Radar,128,54,148,101,431,0,0,89,15,104,128,54,237,116,535,54,70,124,659
06/23/2001,TUL,OK,ASW,CE,Towers with Radar,92,37,103,71,303,21,4,79,1,105,113,41,182,72,408,58,4,62,470
06/24/2001,TUL,OK,ASW,CE,Towers with Radar,103,40,115,52,310,0,0,74,12,86,103,40,189,64,396,64,10,74,470
06/25/2001,TUL,OK,ASW,CE,Towers with Radar,114,47,109,113,383,0,0,82,12,94,114,47,191,125,477,60,54,114,591
06/26/2001,TUL,OK,ASW,CE,Towers with Radar,130,54,128,144,456,0,0,88,19,107,130,54,216,163,563,92,58,150,713
06/27/2001,TUL,OK,ASW,CE,Towers with Radar,137,60,148,100,445,0,0,54,21,75,137,60,202,121,520,56,36,92,612
06/28/2001,TUL,OK,ASW,CE,Towers with Radar,128,58,118,76,380,0,0,33,7,40,128,58,151,83,420,16,40,56,476
06/29/2001,TUL,OK,ASW,CE,Towers with Radar,126,58,142,77,403,0,0,53,24,77,126,58,195,101,480,76,28,104,584
06/30/2001,TUL,OK,ASW,CE,Towers with Radar,85,35,95,40,255,33,4,8,0,45,118,39,103,40,300,50,0,50,350
07/01/2001,TUL,OK,ASW,CE,Towers with Radar,81,33,83,61,258,15,12,57,0,84,96,45,140,61,342,64,0,64,406
07/02/2001,TUL,OK,ASW,CE,Towers with Radar,115,52,95,143,405,0,0,57,11,68,115,52,152,154,473,22,110,132,605
07/03/2001,TUL,OK,ASW,CE,Towers with Radar,118,56,113,161,448,0,0,88,15,103,118,56,201,176,551,40,78,118,669
07/04/2001,TUL,OK,ASW,CE,Towers with Radar,108,40,66,47,261,0,0,76,9,85,108,40,142,56,346,38,0,38,384
07/05/2001,TUL,OK,ASW,CE,Towers with Radar,122,45,89,62,318,0,0,64,13,77,122,45,153,75,395,48,26,74,469
07/06/2001,TUL,OK,ASW,CE,Towers with Radar,117,50,133,94,394,0,0,62,12,74,117,50,195,106,468,86,26,112,580
07/07/2001,TUL,OK,ASW,CE,Towers with Radar,107,38,93,43,281,0,0,65,8,73,107,38,158,51,354,40,6,46,400
07/08/2001,TUL,OK,ASW,CE,Towers with Radar,109,45,122,95,371,0,0,49,4,53,109,45,171,99,424,38,24,62,486
07/09/2001,TUL,OK,ASW,CE,Towers with Radar,116,47,120,120,403,0,0,79,8,87,116,47,199,128,490,38,64,102,592
07/10/2001,TUL,OK,ASW,CE,Towers with Radar,135,57,143,111,446,0,8,86,7,101,135,65,229,118,547,84,116,200,747
07/11/2001,TUL,OK,ASW,CE,Towers with Radar,133,63,174,112,482,0,0,84,16,100,133,63,258,128,582,26,40,66,648
07/12/2001,TUL,OK,ASW,CE,Towers with Radar,129,65,163,93,450,0,1,97,24,122,129,66,260,117,572,60,44,104,676
07/13/2001,TUL,OK,ASW,CE,Towers with Radar,150,57,168,86,461,0,0,45,12,57,150,57,213,98,518,62,22,84,602
07/14/2001,TUL,OK,ASW,CE,Towers with Radar,102,43,105,82,332,6,3,49,3,61,108,46,154,85,393,82,12,94,487
07/15/2001,TUL,OK,ASW,CE,Towers with Radar,111,39,117,56,323,0,0,66,25,91,111,39,183,81,414,50,0,50,464
07/16/2001,TUL,OK,ASW,CE,Towers with Radar,114,46,127,99,386,0,0,61,34,95,114,46,188,133,481,38,64,102,583
07/17/2001,TUL,OK,ASW,CE,Towers with Radar,131,68,180,135,514,0,0,84,19,103,131,68,264,154,617,92,54,146,763
07/18/2001,TUL,OK,ASW,CE,Towers with Radar,128,58,204,119,509,0,0,85,24,109,128,58,289,143,618,52,36,88,706
07/19/2001,TUL,OK,ASW,CE,Towers with Radar,139,54,162,125,480,0,0,61,54,115,139,54,223,179,595,60,98,158,753
07/20/2001,TUL,OK,ASW,CE,Towers with Radar,143,51,146,138,478,0,1,66,24,91,143,52,212,162,569,72,110,182,751
07/21/2001,TUL,OK,ASW,CE,Towers with Radar,97,40,102,52,291,12,6,80,0,98,109,46,182,52,389,96,16,112,501
07/22/2001,TUL,OK,ASW,CE,Towers with Radar,107,34,111,69,321,0,0,70,13,83,107,34,181,82,404,52,10,62,466
07/23/2001,TUL,OK,ASW,CE,Towers with Radar,120,46,146,142,454,0,0,94,18,112,120,46,240,160,566,66,92,158,724
07/24/2001,TUL,OK,ASW,CE,Towers with Radar,133,59,142,97,431,0,0,78,18,96,133,59,220,115,527,56,54,110,637
07/25/2001,TUL,OK,ASW,CE,Towers with Radar,126,53,147,113,439,0,0,72,24,96,126,53,219,137,535,80,64,144,679
07/26/2001,TUL,OK,ASW,CE,Towers with Radar,133,65,152,146,496,0,0,95,25,120,133,65,247,171,616,96,66,162,778
07/27/2001,TUL,OK,ASW,CE,Towers with Radar,132,52,146,109,439,0,0,64,20,84,132,52,210,129,523,88,64,152,675
07/28/2001,TUL,OK,ASW,CE,Towers with Radar,88,37,92,62,279,21,9,32,0,62,109,46,124,62,341,48,0,48,389
07/29/2001,TUL,OK,ASW,CE,Towers with Radar,101,39,105,56,301,14,0,31,0,45,115,39,136,56,346,50,12,62,408
07/30/2001,TUL,OK,ASW,CE,Towers with Radar,118,53,122,124,417,0,0,63,18,81,118,53,185,142,498,74,56,130,628
07/31/2001,TUL,OK,ASW,CE,Towers with Radar,128,58,140,97,423,0,0,83,13,96,128,58,223,110,519,82,18,100,619
08/01/2001,TUL,OK,ASW,CE,Towers with Radar,136,63,157,145,501,0,0,103,69,172,136,63,260,214,673,122,44,166,839
08/02/2001,TUL,OK,ASW,CE,Towers with Radar,133,64,148,119,464,0,0,76,15,91,133,64,224,134,555,118,62,180,735
08/03/2001,TUL,OK,ASW,CE,Towers with Radar,131,64,108,121,424,0,0,72,18,90,131,64,180,139,514,8,70,78,592
08/04/2001,TUL,OK,ASW,CE,Towers with Radar,101,47,103,90,341,6,5,80,0,91,107,52,183,90,432,54,4,58,490
08/05/2001,TUL,OK,ASW,CE,Towers with Radar,100,55,100,60,315,0,5,59,20,84,100,60,159,80,399,10,0,10,409
08/06/2001,TUL,OK,ASW,CE,Towers with Radar,125,54,119,125,423,0,0,50,13,63,125,54,169,138,486,28,72,100,586
08/07/2001,TUL,OK,ASW,CE,Towers with Radar,151,67,145,139,502,0,0,63,16,79,151,67,208,155,581,64,50,114,695
08/08/2001,TUL,OK,ASW,CE,Towers with Radar,137,67,147,134,485,0,4,61,7,72,137,71,208,141,557,54,66,120,677
08/09/2001,TUL,OK,ASW,CE,Towers with Radar,130,64,155,132,481,0,0,71,12,83,130,64,226,144,564,38,40,78,642
08/10/2001,TUL,OK,ASW,CE,Towers with Radar,126,73,139,116,454,0,0,53,21,74,126,73,192,137,528,84,76,160,688
08/11/2001,TUL,OK,ASW,CE,Towers with Radar,95,45,99,63,302,10,7,43,0,60,105,52,142,63,362,32,8,40,402
08/12/2001,TUL,OK,ASW,CE,Towers with Radar,113,51,109,57,330,0,0,47,10,57,113,51,156,67,387,18,6,24,411
08/13/2001,TUL,OK,ASW,CE,Towers with Radar,118,55,108,109,390,0,0,68,4,72,118,55,176,113,462,34,40,74,536
08/14/2001,TUL,OK,ASW,CE,Towers with Radar,144,69,152,139,504,0,1,74,0,75,144,70,226,139,579,84,102,186,765
08/15/2001,TUL,OK,ASW,CE,Towers with Radar,121,57,126,116,420,5,0,64,13,82,126,57,190,129,502,18,46,64,566
08/16/2001,TUL,OK,ASW,CE,Towers with Radar,131,62,152,139,484,0,0,56,50,106,131,62,208,189,590,92,74,166,756
08/17/2001,TUL,OK,ASW,CE,Towers with Radar,130,56,144,185,515,0,0,46,15,61,130,56,190,200,576,62,36,98,674
08/18/2001,TUL,OK,ASW,CE,Towers with Radar,111,60,93,62,326,0,0,62,6,68,111,60,155,68,394,78,2,80,474
08/19/2001,TUL,OK,ASW,CE,Towers with Radar,114,52,95,83,344,0,1,58,6,65,114,53,153,89,409,62,32,94,503
08/20/2001,TUL,OK,ASW,CE,Towers with Radar,121,50,144,121,436,0,0,56,8,64,121,50,200,129,500,78,68,146,646
08/21/2001,TUL,OK,ASW,CE,Towers with Radar,133,62,171,146,512,0,0,82,15,97,133,62,253,161,609,156,66,222,831
08/22/2001,TUL,OK,ASW,CE,Towers with Radar,132,62,143,131,468,0,0,71,9,80,132,62,214,140,548,58,74,132,680
08/23/2001,TUL,OK,ASW,CE,Towers with Radar,146,72,119,138,475,0,0,51,12,63,146,72,170,150,538,42,20,62,600
08/24/2001,TUL,OK,ASW,CE,Towers with Radar,128,63,101,95,387,0,0,59,13,72,128,63,160,108,459,40,30,70,529
08/25/2001,TUL,OK,ASW,CE,Towers with Radar,83,38,86,53,260,20,11,52,0,83,103,49,138,53,343,20,0,20,363
08/26/2001,TUL,OK,ASW,CE,Towers with Radar,105,47,109,95,356,12,0,46,0,58,117,47,155,95,414,38,24,62,476
08/27/2001,TUL,OK,ASW,CE,Towers with Radar,122,51,137,120,430,0,0,57,11,68,122,51,194,131,498,42,50,92,590
08/28/2001,TUL,OK,ASW,CE,Towers with Radar,130,62,142,131,465,0,0,110,22,132,130,62,252,153,597,62,24,86,683
08/29/2001,TUL,OK,ASW,CE,Towers with Radar,130,58,141,129,458,0,0,91,23,114,130,58,232,152,572,50,42,92,664
08/30/2001,TUL,OK,ASW,CE,Towers with Radar,130,64,162,170,526,0,0,100,16,116,130,64,262,186,642,94,56,150,792
08/31/2001,TUL,OK,ASW,CE,Towers with Radar,133,68,139,189,529,0,0,53,23,76,133,68,192,212,605,64,84,148,753
09/01/2001,TUL,OK,ASW,CE,Towers with Radar,101,43,102,66,312,5,0,88,0,93,106,43,190,66,405,54,0,54,459
09/02/2001,TUL,OK,ASW,CE,Towers with Radar,72,35,74,51,232,0,5,47,0,52,72,40,121,51,284,20,8,28,312
09/03/2001,TUL,OK,ASW,CE,Towers with Radar,106,44,94,42,286,0,2,57,12,71,106,46,151,54,357,28,2,30,387
09/04/2001,TUL,OK,ASW,CE,Towers with Radar,121,51,119,133,424,0,2,68,31,101,121,53,187,164,525,90,72,162,687
09/05/2001,TUL,OK,ASW,CE,Towers with Radar,119,53,123,132,427,0,2,58,17,77,119,55,181,149,504,78,84,162,666
09/06/2001,TUL,OK,ASW,CE,Towers with Radar,125,62,137,110,434,0,0,65,0,65,125,62,202,110,499,94,36,130,629
09/07/2001,TUL,OK,ASW,CE,Towers with Radar,113,60,102,93,368,0,2,27,14,43,113,62,129,107,411,10,12,22,433
09/08/2001,TUL,OK,ASW,CE,Towers with Radar,94,47,98,71,310,13,16,64,0,93,107,63,162,71,403,202,22,224,627
09/09/2001,TUL,OK,ASW,CE,Towers with Radar,91,46,95,78,310,19,11,77,0,107,110,57,172,78,417,30,26,56,473
09/10/2001,TUL,OK,ASW,CE,Towers with Radar,114,53,142,120,429,0,0,70,89,159,114,53,212,209,588,60,132,192,780
09/11/2001,TUL,OK,ASW,CE,Towers with Radar,47,16,59,36,158,0,2,16,4,22,47,18,75,40,180,0,0,0,180
09/12/2001,TUL,OK,ASW,CE,Towers with Radar,0,1,10,4,15,0,0,7,2,9,0,1,17,6,24,0,0,0,24
09/13/2001,TUL,OK,ASW,CE,Towers with Radar,17,47,32,45,141,0,2,2,10,14,17,49,34,55,155,8,10,18,173
09/14/2001,TUL,OK,ASW,CE,Towers with Radar,64,86,65,107,322,0,2,5,13,20,64,88,70,120,342,34,28,62,404
09/15/2001,TUL,OK,ASW,CE,Towers with Radar,77,64,64,48,253,0,1,2,9,12,77,65,66,57,265,0,0,0,265
09/16/2001,TUL,OK,ASW,CE,Towers with Radar,68,35,55,56,214,17,15,0,0,32,85,50,55,56,246,0,0,0,246
09/17/2001,TUL,OK,ASW,CE,Towers with Radar,102,60,91,116,369,0,1,4,5,10,102,61,95,121,379,4,44,48,427
09/18/2001,TUL,OK,ASW,CE,Towers with Radar,107,63,95,92,357,0,1,5,4,10,107,64,100,96,367,26,0,26,393
09/19/2001,TUL,OK,ASW,CE,Towers with Radar,112,59,144,121,436,0,0,16,0,16,112,59,160,121,452,42,16,58,510
09/20/2001,TUL,OK,ASW,CE,Towers with Radar,111,53,130,109,403,0,2,33,12,47,111,55,163,121,450,12,22,34,484
09/21/2001,TUL,OK,ASW,CE,Towers with Radar,117,46,115,125,403,0,2,17,16,35,117,48,132,141,438,42,28,70,508
09/22/2001,TUL,OK,ASW,CE,Towers with Radar,100,44,88,78,310,0,1,38,17,56,100,45,126,95,366,12,60,72,438
09/23/2001,TUL,OK,ASW,CE,Towers with Radar,78,35,81,66,260,18,0,12,17,47,96,35,93,83,307,0,0,0,307
09/24/2001,TUL,OK,ASW,CE,Towers with Radar,114,40,109,87,350,0,1,23,10,34,114,41,132,97,384,48,34,82,466
09/25/2001,TUL,OK,ASW,CE,Towers with Radar,120,51,130,110,411,0,0,77,39,116,120,51,207,149,527,58,32,90,617
09/26/2001,TUL,OK,ASW,CE,Towers with Radar,121,54,153,101,429,0,1,65,18,84,121,55,218,119,513,72,46,118,631
09/27/2001,TUL,OK,ASW,CE,Towers with Radar,122,66,139,155,482,0,3,84,28,115,122,69,223,183,597,92,110,202,799
09/28/2001,TUL,OK,ASW,CE,Towers with Radar,123,55,135,73,386,0,1,71,20,92,123,56,206,93,478,30,0,30,508
09/29/2001,TUL,OK,ASW,CE,Towers with Radar,94,46,99,50,289,0,0,99,0,99,94,46,198,50,388,46,0,46,434
09/30/2001,TUL,OK,ASW,CE,Towers with Radar,88,38,91,50,267,12,0,95,0,107,100,38,186,50,374,32,0,32,406
10/01/2001,TUL,OK,ASW,CE,Towers with Radar,116,48,110,77,351,0,0,74,12,86,116,48,184,89,437,40,44,84,521
10/02/2001,TUL,OK,ASW,CE,Towers with Radar,125,57,111,124,417,0,0,79,34,113,125,57,190,158,530,108,34,142,672
10/03/2001,TUL,OK,ASW,CE,Towers with Radar,124,67,131,135,457,0,0,71,19,90,124,67,202,154,547,64,70,134,681
10/04/2001,TUL,OK,ASW,CE,Towers with Radar,122,51,130,140,443,0,0,63,35,98,122,51,193,175,541,84,46,130,671
10/05/2001,TUL,OK,ASW,CE,Towers with Radar,128,55,99,74,356,0,0,14,6,20,128,55,113,80,376,18,6,24,400
10/06/2001,TUL,OK,ASW,CE,Towers with Radar,93,38,101,55,287,10,9,116,0,135,103,47,217,55,422,48,0,48,470
10/07/2001,TUL,OK,ASW,CE,Towers with Radar,87,37,95,59,278,14,6,65,0,85,101,43,160,59,363,36,0,36,399
10/08/2001,TUL,OK,ASW,CE,Towers with Radar,107,39,126,58,330,0,0,56,19,75,107,39,182,77,405,48,2,50,455
10/09/2001,TUL,OK,ASW,CE,Towers with Radar,123,47,115,99,384,0,0,17,5,22,123,47,132,104,406,16,14,30,436
10/10/2001,TUL,OK,ASW,CE,Towers with Radar,86,37,85,79,287,36,12,0,34,82,122,49,85,113,369,0,26,26,395
10/11/2001,TUL,OK,ASW,CE,Towers with Radar,127,53,155,122,457,0,0,7,13,20,127,53,162,135,477,4,50,54,531
10/12/2001,TUL,OK,ASW,CE,Towers with Radar,124,46,141,136,447,0,0,33,15,48,124,46,174,151,495,6,40,46,541
10/13/2001,TUL,OK,ASW,CE,Towers with Radar,102,45,98,95,340,17,11,0,0,28,119,56,98,95,368,4,18,22,390
10/14/2001,TUL,OK,ASW,CE,Towers with Radar,95,31,105,75,306,2,0,60,0,62,97,31,165,75,368,52,4,56,424
10/15/2001,TUL,OK,ASW,CE,Towers with Radar,112,48,135,120,415,0,0,32,11,43,112,48,167,131,458,32,44,76,534
10/16/2001,TUL,OK,ASW,CE,Towers with Radar,121,59,178,149,507,0,0,96,20,116,121,59,274,169,623,84,80,164,787
10/17/2001,TUL,OK,ASW,CE,Towers with Radar,116,55,173,153,497,0,0,90,42,132,116,55,263,195,629,92,154,246,875
10/18/2001,TUL,OK,ASW,CE,Towers with Radar,122,59,139,166,486,0,0,63,27,90,122,59,202,193,576,80,82,162,738
10/19/2001,TUL,OK,ASW,CE,Towers with Radar,121,52,171,125,469,0,0,97,21,118,121,52,268,146,587,64,46,110,697
10/20/2001,TUL,OK,ASW,CE,Towers with Radar,87,38,96,61,282,5,18,64,0,87,92,56,160,61,369,10,10,20,389
10/21/2001,TUL,OK,ASW,CE,Towers with Radar,90,34,99,82,305,6,0,74,1,81,96,34,173,83,386,74,2,76,462
10/22/2001,TUL,OK,ASW,CE,Towers with Radar,103,45,104,140,392,0,0,34,12,46,103,45,138,152,438,46,58,104,542
10/23/2001,TUL,OK,ASW,CE,Towers with Radar,117,50,134,159,460,0,0,74,24,98,117,50,208,183,558,44,78,122,680
10/24/2001,TUL,OK,ASW,CE,Towers with Radar,108,52,143,120,423,0,0,50,48,98,108,52,193,168,521,74,128,202,723
10/25/2001,TUL,OK,ASW,CE,Towers with Radar,117,48,161,148,474,0,0,97,25,122,117,48,258,173,596,36,164,200,796
10/26/2001,TUL,OK,ASW,CE,Towers with Radar,117,50,170,125,462,0,0,102,16,118,117,50,272,141,580,78,108,186,766
10/27/2001,TUL,OK,ASW,CE,Towers with Radar,92,54,128,48,322,0,0,84,15,99,92,54,212,63,421,52,2,54,475
10/28/2001,TUL,OK,ASW,CE,Towers with Radar,75,33,83,56,247,5,4,67,0,76,80,37,150,56,323,32,0,32,355
10/29/2001,TUL,OK,ASW,CE,Towers with Radar,97,43,127,107,374,0,0,61,30,91,97,43,188,137,465,26,62,88,553
10/30/2001,TUL,OK,ASW,CE,Towers with Radar,118,44,147,125,434,0,0,74,40,114,118,44,221,165,548,134,98,232,780
10/31/2001,TUL,OK,ASW,CE,Towers with Radar,125,54,151,134,464,0,0,59,30,89,125,54,210,164,553,70,64,134,687
11/01/2001,TUL,OK,ASW,CE,Towers with Radar,115,54,122,102,393,0,0,54,36,90,115,54,176,138,483,12,58,70,553
11/02/2001,TUL,OK,ASW,CE,Towers with Radar,122,51,142,109,424,0,0,38,0,38,122,51,180,109,462,42,10,52,514
11/03/2001,TUL,OK,ASW,CE,Towers with Radar,72,33,75,61,241,11,23,9,5,48,83,56,84,66,289,4,4,8,297
11/04/2001,TUL,OK,ASW,CE,Towers with Radar,87,40,92,75,294,8,9,14,10,41,95,49,106,85,335,16,8,24,359
11/05/2001,TUL,OK,ASW,CE,Towers with Radar,110,42,145,128,425,0,0,61,14,75,110,42,206,142,500,84,120,204,704
11/06/2001,TUL,OK,ASW,CE,Towers with Radar,116,53,132,147,448,0,0,90,29,119,116,53,222,176,567,130,34,164,731
11/07/2001,TUL,OK,ASW,CE,Towers with Radar,126,45,161,134,466,0,0,91,30,121,126,45,252,164,587,96,116,212,799
11/08/2001,TUL,OK,ASW,CE,Towers with Radar,123,52,121,144,440,0,0,56,25,81,123,52,177,169,521,70,140,210,731
11/09/2001,TUL,OK,ASW,CE,Towers with Radar,124,56,162,142,484,0,0,72,25,97,124,56,234,167,581,68,92,160,741
11/10/2001,TUL,OK,ASW,CE,Towers with Radar,88,47,117,44,296,0,0,93,21,114,88,47,210,65,410,74,4,78,488
11/11/2001,TUL,OK,ASW,CE,Towers with Radar,93,43,99,61,296,6,0,82,0,88,99,43,181,61,384,28,0,28,412
11/12/2001,TUL,OK,ASW,CE,Towers with Radar,103,46,115,54,318,0,0,65,10,75,103,46,180,64,393,84,4,88,481
11/13/2001,TUL,OK,ASW,CE,Towers with Radar,117,57,165,178,517,0,0,51,9,60,117,57,216,187,577,72,82,154,731
11/14/2001,TUL,OK,ASW,CE,Towers with Radar,119,54,171,165,509,0,0,67,43,110,119,54,238,208,619,116,168,284,903
11/15/2001,TUL,OK,ASW,CE,Towers with Radar,121,57,159,108,445,0,0,63,22,85,121,57,222,130,530,36,30,66,596
11/16/2001,TUL,OK,ASW,CE,Towers with Radar,122,43,151,141,457,0,0,87,23,110,122,43,238,164,567,38,62,100,667
11/17/2001,TUL,OK,ASW,CE,Towers with Radar,81,44,97,43,265,0,0,57,21,78,81,44,154,64,343,52,48,100,443
11/18/2001,TUL,OK,ASW,CE,Towers with Radar,86,39,91,60,276,6,2,35,0,43,92,41,126,60,319,36,8,44,363
11/19/2001,TUL,OK,ASW,CE,Towers with Radar,107,56,104,128,395,0,0,59,11,70,107,56,163,139,465,46,64,110,575
11/20/2001,TUL,OK,ASW,CE,Towers with Radar,121,68,192,132,513,0,0,90,25,115,121,68,282,157,628,74,84,158,786
11/21/2001,TUL,OK,ASW,CE,Towers with Radar,118,47,141,116,422,0,0,83,6,89,118,47,224,122,511,66,42,108,619
11/22/2001,TUL,OK,ASW,CE,Towers with Radar,76,33,55,30,194,0,0,40,8,48,76,33,95,38,242,10,0,10,252
11/23/2001,TUL,OK,ASW,CE,Towers with Radar,78,31,35,32,176,0,0,31,9,40,78,31,66,41,216,4,0,4,220
11/24/2001,TUL,OK,ASW,CE,Towers with Radar,60,27,63,44,194,20,11,5,0,36,80,38,68,44,230,0,0,0,230
11/25/2001,TUL,OK,ASW,CE,Towers with Radar,96,39,111,72,318,0,0,83,0,83,96,39,194,72,401,30,0,30,431
11/26/2001,TUL,OK,ASW,CE,Towers with Radar,110,47,81,147,385,0,0,52,10,62,110,47,133,157,447,8,78,86,533
11/27/2001,TUL,OK,ASW,CE,Towers with Radar,116,54,125,102,397,1,9,39,51,100,117,63,164,153,497,52,62,114,611
11/28/2001,TUL,OK,ASW,CE,Towers with Radar,115,54,63,58,290,0,0,2,6,8,115,54,65,64,298,2,0,2,300
11/29/2001,TUL,OK,ASW,CE,Towers with Radar,97,42,55,54,248,0,0,8,16,24,97,42,63,70,272,0,12,12,284
11/30/2001,TUL,OK,ASW,CE,Towers with Radar,128,52,151,93,424,0,0,63,27,90,128,52,214,120,514,44,26,70,584
12/01/2001,TUL,OK,ASW,CE,Towers with Radar,85,43,96,47,271,0,3,73,0,76,85,46,169,47,347,44,0,44,391
12/02/2001,TUL,OK,ASW,CE,Towers with Radar,89,37,111,82,319,0,0,96,0,96,89,37,207,82,415,70,30,100,515
12/03/2001,TUL,OK,ASW,CE,Towers with Radar,108,48,154,106,416,1,1,13,4,19,109,49,167,110,435,44,28,72,507
12/04/2001,TUL,OK,ASW,CE,Towers with Radar,113,60,129,159,461,1,1,20,9,31,114,61,149,168,492,38,30,68,560
12/05/2001,TUL,OK,ASW,CE,Towers with Radar,122,53,138,104,417,0,0,56,29,85,122,53,194,133,502,82,52,134,636
12/06/2001,TUL,OK,ASW,CE,Towers with Radar,125,63,142,107,437,0,0,66,57,123,125,63,208,164,560,42,56,98,658
12/07/2001,TUL,OK,ASW,CE,Towers with Radar,125,56,145,109,435,0,0,67,35,102,125,56,212,144,537,36,60,96,633
12/08/2001,TUL,OK,ASW,CE,Towers with Radar,87,45,101,63,296,0,6,117,0,123,87,51,218,63,419,56,44,100,519
12/09/2001,TUL,OK,ASW,CE,Towers with Radar,89,43,97,58,287,0,4,74,0,78,89,47,171,58,365,80,8,88,453
12/10/2001,TUL,OK,ASW,CE,Towers with Radar,108,43,132,98,381,0,0,49,44,93,108,43,181,142,474,64,70,134,608
12/11/2001,TUL,OK,ASW,CE,Towers with Radar,123,59,148,111,441,0,0,20,47,67,123,59,168,158,508,60,54,114,622
12/12/2001,TUL,OK,ASW,CE,Towers with Radar,112,66,120,70,368,1,0,0,1,2,113,66,120,71,370,0,0,0,370
12/13/2001,TUL,OK,ASW,CE,Towers with Radar,119,70,121,101,411,1,0,4,4,9,120,70,125,105,420,6,18,24,444
12/14/2001,TUL,OK,ASW,CE,Towers with Radar,119,57,151,124,451,1,0,44,13,58,120,57,195,137,509,36,74,110,619
12/15/2001,TUL,OK,ASW,CE,Towers with Radar,82,42,91,67,282,3,0,55,5,63,85,42,146,72,345,52,8,60,405
12/16/2001,TUL,OK,ASW,CE,Towers with Radar,86,47,49,40,222,1,0,0,1,2,87,47,49,41,224,0,0,0,224
12/17/2001,TUL,OK,ASW,CE,Towers with Radar,103,51,132,98,384,0,0,77,32,109,103,51,209,130,493,58,72,130,623
12/18/2001,TUL,OK,ASW,CE,Towers with Radar,126,52,159,118,455,0,0,140,26,166,126,52,299,144,621,54,20,74,695
12/19/2001,TUL,OK,ASW,CE,Towers with Radar,123,57,146,109,435,0,0,242,37,279,123,57,388,146,714,88,122,210,924
12/20/2001,TUL,OK,ASW,CE,Towers with Radar,133,64,154,115,466,0,0,158,14,172,133,64,312,129,638,144,70,214,852
12/21/2001,TUL,OK,ASW,CE,Towers with Radar,126,61,137,92,416,7,0,202,0,209,133,61,339,92,625,60,32,92,717
12/22/2001,TUL,OK,ASW,CE,Towers with Radar,71,34,77,57,239,12,15,98,6,131,83,49,175,63,370,24,0,24,394
12/23/2001,TUL,OK,ASW,CE,Towers with Radar,72,34,78,48,232,14,14,160,0,188,86,48,238,48,420,12,0,12,432
12/24/2001,TUL,OK,ASW,CE,Towers with Radar,77,38,53,35,203,0,1,43,2,46,77,39,96,37,249,46,0,46,295
12/25/2001,TUL,OK,ASW,CE,Towers with Radar,47,21,44,35,147,24,14,0,0,38,71,35,44,35,185,4,0,4,189
12/26/2001,TUL,OK,ASW,CE,Towers with Radar,107,52,115,87,361,18,0,100,20,138,125,52,215,107,499,66,14,80,579
12/27/2001,TUL,OK,ASW,CE,Towers with Radar,111,56,108,80,355,0,2,71,16,89,111,58,179,96,444,70,84,154,598
12/28/2001,TUL,OK,ASW,CE,Towers with Radar,115,52,121,70,358,0,1,90,29,120,115,53,211,99,478,44,2,46,524
12/29/2001,TUL,OK,ASW,CE,Towers with Radar,82,42,94,53,271,0,15,69,0,84,82,57,163,53,355,80,0,80,435
12/30/2001,TUL,OK,ASW,CE,Towers with Radar,66,32,71,52,221,20,16,0,0,36,86,48,71,52,257,4,0,4,261
12/31/2001,TUL,OK,ASW,CE,Towers with Radar,64,30,69,47,210,24,14,28,0,66,88,44,97,47,276,18,0,18,294
01/01/2002,TUL,OK,ASW,CE,Towers with Radar,80,45,54,28,207,2,0,37,8,47,82,45,91,36,254,20,0,20,274
01/02/2002,TUL,OK,ASW,CE,Towers with Radar,106,59,85,88,338,2,0,47,31,80,108,59,132,119,418,96,134,230,648
01/03/2002,TUL,OK,ASW,CE,Towers with Radar,115,50,93,138,396,2,0,40,24,66,117,50,133,162,462,54,104,158,620
01/04/2002,TUL,OK,ASW,CE,Towers with Radar,108,57,137,94,396,1,1,52,21,75,109,58,189,115,471,34,42,76,547
01/05/2002,TUL,OK,ASW,CE,Towers with Radar,83,40,24,58,205,1,1,12,7,21,84,41,36,65,226,12,0,12,238
01/06/2002,TUL,OK,ASW,CE,Towers with Radar,86,38,87,72,283,7,10,60,1,78,93,48,147,73,361,30,28,58,419
01/07/2002,TUL,OK,ASW,CE,Towers with Radar,104,42,112,133,391,1,1,60,20,82,105,43,172,153,473,32,64,96,569
01/08/2002,TUL,OK,ASW,CE,Towers with Radar,117,52,111,162,442,1,1,60,27,89,118,53,171,189,531,162,72,234,765
01/09/2002,TUL,OK,ASW,CE,Towers with Radar,113,48,133,113,407,0,0,94,23,117,113,48,227,136,524,92,124,216,740
01/10/2002,TUL,OK,ASW,CE,Towers with Radar,120,49,125,106,400,0,0,46,20,66,120,49,171,126,466,112,40,152,618
01/11/2002,TUL,OK,ASW,CE,Towers with Radar,112,48,130,71,361,1,1,69,43,114,113,49,199,114,475,52,50,102,577
01/12/2002,TUL,OK,ASW,CE,Towers with Radar,87,40,88,57,272,1,5,61,0,67,88,45,149,57,339,96,0,96,435
01/13/2002,TUL,OK,ASW,CE,Towers with Radar,84,37,95,48,264,0,0,78,0,78,84,37,173,48,342,28,0,28,370
01/14/2002,TUL,OK,ASW,CE,Towers with Radar,104,45,117,106,372,1,1,43,13,58,105,46,160,119,430,66,72,138,568
01/15/2002,TUL,OK,ASW,CE,Towers with Radar,116,52,131,134,433,1,3,45,23,72,117,55,176,157,505,32,70,102,607
01/16/2002,TUL,OK,ASW,CE,Towers with Radar,114,46,126,107,393,0,0,62,38,100,114,46,188,145,493,70,46,116,609
01/17/2002,TUL,OK,ASW,CE,Towers with Radar,118,63,159,143,483,1,1,48,24,74,119,64,207,167,557,120,120,240,797
01/18/2002,TUL,OK,ASW,CE,Towers with Radar,117,42,99,74,332,1,1,20,15,37,118,43,119,89,369,8,40,48,417
01/19/2002,TUL,OK,ASW,CE,Towers with Radar,85,38,86,72,281,5,2,28,1,36,90,40,114,73,317,36,0,36,353
01/20/2002,TUL,OK,ASW,CE,Towers with Radar,78,35,78,44,235,13,8,54,0,75,91,43,132,44,310,50,0,50,360
01/21/2002,TUL,OK,ASW,CE,Towers with Radar,113,39,123,63,338,1,0,84,13,98,114,39,207,76,436,16,0,16,452
01/22/2002,TUL,OK,ASW,CE,Towers with Radar,109,53,122,135,419,1,0,49,20,70,110,53,171,155,489,32,92,124,613
01/23/2002,TUL,OK,ASW,CE,Towers with Radar,123,55,136,116,430,0,0,27,25,52,123,55,163,141,482,28,66,94,576
01/24/2002,TUL,OK,ASW,CE,Towers with Radar,121,60,133,134,448,1,0,49,25,75,122,60,182,159,523,86,108,194,717
01/25/2002,TUL,OK,ASW,CE,Towers with Radar,117,46,162,111,436,1,0,86,44,131,118,46,248,155,567,50,28,78,645
01/26/2002,TUL,OK,ASW,CE,Towers with Radar,90,39,90,63,282,0,0,81,0,81,90,39,171,63,363,62,4,66,429
01/27/2002,TUL,OK,ASW,CE,Towers with Radar,83,38,84,55,260,0,2,56,0,58,83,40,140,55,318,26,0,26,344
01/28/2002,TUL,OK,ASW,CE,Towers with Radar,105,50,111,94,360,0,0,56,31,87,105,50,167,125,447,46,34,80,527
01/29/2002,TUL,OK,ASW,CE,Towers with Radar,106,49,101,89,345,18,11,0,0,29,124,60,101,89,374,2,0,2,376
01/30/2002,TUL,OK,ASW,CE,Towers with Radar,121,58,55,55,289,1,0,0,5,6,122,58,55,60,295,0,0,0,295
01/31/2002,TUL,OK,ASW,CE,Towers with Radar,108,53,79,58,298,1,0,4,11,16,109,53,83,69,314,10,2,12,326
02/01/2002,TUL,OK,ASW,CE,Towers with Radar,105,49,139,60,353,0,0,79,18,97,105,49,218,78,450,92,10,102,552
02/02/2002,TUL,OK,ASW,CE,Towers with Radar,88,38,97,55,278,1,0,117,0,118,89,38,214,55,396,46,0,46,442
02/03/2002,TUL,OK,ASW,CE,Towers with Radar,75,33,81,55,244,12,4,53,0,69,87,37,134,55,313,20,4,24,337
02/04/2002,TUL,OK,ASW,CE,Towers with Radar,100,43,103,90,336,0,0,62,13,75,100,43,165,103,411,30,58,88,499
02/05/2002,TUL,OK,ASW,CE,Towers with Radar,106,49,77,50,282,0,0,7,3,10,106,49,84,53,292,8,0,8,300
02/06/2002,TUL,OK,ASW,CE,Towers with Radar,109,49,90,60,308,0,0,2,1,3,109,49,92,61,311,2,34,36,347
02/07/2002,TUL,OK,ASW,CE,Towers with Radar,119,51,160,106,436,0,0,44,20,64,119,51,204,126,500,82,24,106,606
02/08/2002,TUL,OK,ASW,CE,Towers with Radar,113,46,144,97,400,0,0,55,21,76,113,46,199,118,476,24,16,40,516
02/09/2002,TUL,OK,ASW,CE,Towers with Radar,70,30,76,56,232,15,5,8,17,45,85,35,84,73,277,26,24,50,327
02/10/2002,TUL,OK,ASW,CE,Towers with Radar,75,33,82,54,244,14,6,23,0,43,89,39,105,54,287,14,10,24,311
02/11/2002,TUL,OK,ASW,CE,Towers with Radar,115,37,121,132,405,0,0,69,15,84,115,37,190,147,489,24,88,112,601
02/12/2002,TUL,OK,ASW,CE,Towers with Radar,115,47,140,104,406,0,0,54,41,95,115,47,194,145,501,68,90,158,659
02/13/2002,TUL,OK,ASW,CE,Towers with Radar,116,52,146,145,459,0,0,81,16,97,116,52,227,161,556,32,124,156,712
02/14/2002,TUL,OK,ASW,CE,Towers with Radar,116,54,140,133,443,0,0,63,20,83,116,54,203,153,526,92,76,168,694
02/15/2002,TUL,OK,ASW,CE,Towers with Radar,116,58,127,92,393,0,0,73,20,93,116,58,200,112,486,90,68,158,644
02/16/2002,TUL,OK,ASW,CE,Towers with Radar,90,37,122,57,306,0,1,93,8,102,90,38,215,65,408,64,0,64,472
02/17/2002,TUL,OK,ASW,CE,Towers with Radar,87,39,104,56,286,0,0,92,0,92,87,39,196,56,378,44,0,44,422
02/18/2002,TUL,OK,ASW,CE,Towers with Radar,87,39,97,59,282,17,4,51,0,72,104,43,148,59,354,48,0,48,402
02/19/2002,TUL,OK,ASW,CE,Towers with Radar,102,45,113,85,345,18,1,12,14,45,120,46,125,99,390,28,14,42,432
02/20/2002,TUL,OK,ASW,CE,Towers with Radar,115,48,152,112,427,0,0,123,1,124,115,48,275,113,551,60,30,90,641
02/21/2002,TUL,OK,ASW,CE,Towers with Radar,116,59,157,116,448,0,0,96,40,136,116,59,253,156,584,98,72,170,754
02/22/2002,TUL,OK,ASW,CE,Towers with Radar,105,51,137,101,394,0,0,64,27,91,105,51,201,128,485,70,44,114,599
02/23/2002,TUL,OK,ASW,CE,Towers with Radar,92,38,106,64,300,0,0,94,19,113,92,38,200,83,413,86,14,100,513
02/24/2002,TUL,OK,ASW,CE,Towers with Radar,91,38,75,70,274,0,0,36,6,42,91,38,111,76,316,20,8,28,344
02/25/2002,TUL,OK,ASW,CE,Towers with Radar,84,38,95,69,286,13,19,16,11,59,97,57,111,80,345,82,14,96,441
02/26/2002,TUL,OK,ASW,CE,Towers with Radar,111,50,125,92,378,14,4,22,29,69,125,54,147,121,447,36,10,46,493
02/27/2002,TUL,OK,ASW,CE,Towers with Radar,115,61,160,109,445,0,0,54,20,74,115,61,214,129,519,72,26,98,617
02/28/2002,TUL,OK,ASW,CE,Towers with Radar,107,45,172,139,463,0,0,69,20,89,107,45,241,159,552,60,40,100,652
03/01/2002,TUL,OK,ASW,CE,Towers with Radar,114,51,108,92,365,0,1,21,10,32,114,52,129,102,397,40,54,94,491
03/02/2002,TUL,OK,ASW,CE,Towers with Radar,60,22,12,30,124,0,1,4,2,7,60,23,16,32,131,0,0,0,131
03/03/2002,TUL,OK,ASW,CE,Towers with Radar,87,42,53,47,229,0,1,15,4,20,87,43,68,51,249,0,0,0,249
03/04/2002,TUL,OK,ASW,CE,Towers with Radar,100,43,100,84,327,15,2,44,11,72,115,45,144,95,399,62,16,78,477
03/05/2002,TUL,OK,ASW,CE,Towers with Radar,115,48,136,114,413,0,0,96,35,131,115,48,232,149,544,84,80,164,708
03/06/2002,TUL,OK,ASW,CE,Towers with Radar,127,56,147,117,447,0,2,31,21,54,127,58,178,138,501,70,100,170,671
03/07/2002,TUL,OK,ASW,CE,Towers with Radar,114,53,124,103,394,0,1,31,19,51,114,54,155,122,445,72,32,104,549
03/08/2002,TUL,OK,ASW,CE,Towers with Radar,110,49,119,71,349,0,1,20,10,31,110,50,139,81,380,26,50,76,456
03/09/2002,TUL,OK,ASW,CE,Towers with Radar,94,33,68,85,280,0,1,35,21,57,94,34,103,106,337,14,146,160,497
03/10/2002,TUL,OK,ASW,CE,Towers with Radar,88,42,98,66,294,0,1,83,6,90,88,43,181,72,384,40,18,58,442
03/11/2002,TUL,OK,ASW,CE,Towers with Radar,99,50,113,95,357,0,0,21,39,60,99,50,134,134,417,22,126,148,565
03/12/2002,TUL,OK,ASW,CE,Towers with Radar,123,46,138,116,423,0,0,58,16,74,123,46,196,132,497,30,22,52,549
03/13/2002,TUL,OK,ASW,CE,Towers with Radar,118,57,159,121,455,0,0,61,12,73,118,57,220,133,528,16,66,82,610
03/14/2002,TUL,OK,ASW,CE,Towers with Radar,120,54,124,138,436,0,0,44,16,60,120,54,168,154,496,136,102,238,734
03/15/2002,TUL,OK,ASW,CE,Towers with Radar,122,62,135,108,427,0,0,48,18,66,122,62,183,126,493,36,84,120,613
03/16/2002,TUL,OK,ASW,CE,Towers with Radar,89,38,111,57,295,0,0,78,6,84,89,38,189,63,379,32,0,32,411
03/17/2002,TUL,OK,ASW,CE,Towers with Radar,86,37,75,65,263,0,0,46,5,51,86,37,121,70,314,32,0,32,346
03/18/2002,TUL,OK,ASW,CE,Towers with Radar,92,41,92,67,292,15,3,0,0,18,107,44,92,67,310,14,18,32,342
03/19/2002,TUL,OK,ASW,CE,Towers with Radar,83,36,68,62,249,33,15,0,0,48,116,51,68,62,297,2,0,2,299
03/20/2002,TUL,OK,ASW,CE,Towers with Radar,124,53,133,112,422,0,0,68,22,90,124,53,201,134,512,112,72,184,696
03/21/2002,TUL,OK,ASW,CE,Towers with Radar,123,54,135,118,430,0,0,44,18,62,123,54,179,136,492,68,70,138,630
03/22/2002,TUL,OK,ASW,CE,Towers with Radar,113,64,126,91,394,0,0,64,12,76,113,64,190,103,470,56,24,80,550
03/23/2002,TUL,OK,ASW,CE,Towers with Radar,92,40,94,72,298,0,0,72,0,72,92,40,166,72,370,50,6,56,426
03/24/2002,TUL,OK,ASW,CE,Towers with Radar,91,40,92,62,285,0,3,3,0,6,91,43,95,62,291,18,8,26,317
03/25/2002,TUL,OK,ASW,CE,Towers with Radar,84,38,76,71,269,22,15,0,5,42,106,53,76,76,311,34,0,34,345
03/26/2002,TUL,OK,ASW,CE,Towers with Radar,118,54,132,111,415,0,0,60,19,79,118,54,192,130,494,88,52,140,634
03/27/2002,TUL,OK,ASW,CE,Towers with Radar,95,45,119,109,368,0,0,74,13,87,95,45,193,122,455,126,74,200,655
03/28/2002,TUL,OK,ASW,CE,Towers with Radar,120,51,180,140,491,0,0,103,21,124,120,51,283,161,615,132,104,236,851
03/29/2002,TUL,OK,ASW,CE,Towers with Radar,119,47,122,98,386,0,0,83,0,83,119,47,205,98,469,32,4,36,505
03/30/2002,TUL,OK,ASW,CE,Towers with Radar,90,41,80,74,285,0,0,50,4,54,90,41,130,78,339,34,0,34,373
03/31/2002,TUL,OK,ASW,CE,Towers with Radar,83,49,67,57,256,0,0,60,2,62,83,49,127,59,318,22,8,30,348
04/01/2002,TUL,OK,ASW,CE,Towers with Radar,102,40,116,96,354,2,0,64,0,66,104,40,180,96,420,46,60,106,526
04/02/2002,TUL,OK,ASW,CE,Towers with Radar,100,49,113,96,358,19,1,26,33,79,119,50,139,129,437,60,36,96,533
04/03/2002,TUL,OK,ASW,CE,Towers with Radar,109,50,129,109,397,0,0,106,28,134,109,50,235,137,531,146,50,196,727
04/04/2002,TUL,OK,ASW,CE,Towers with Radar,110,49,158,115,432,2,0,91,16,109,112,49,249,131,541,112,54,166,707
04/05/2002,TUL,OK,ASW,CE,Towers with Radar,114,49,135,94,392,2,0,82,24,108,116,49,217,118,500,36,14,50,550
04/06/2002,TUL,OK,ASW,CE,Towers with Radar,87,42,102,67,298,1,1,57,5,64,88,43,159,72,362,68,22,90,452
04/07/2002,TUL,OK,ASW,CE,Towers with Radar,55,26,55,48,184,33,6,0,0,39,88,32,55,48,223,0,0,0,223
04/08/2002,TUL,OK,ASW,CE,Towers with Radar,87,40,98,65,290,10,0,17,0,27,97,40,115,65,317,10,0,10,327
04/09/2002,TUL,OK,ASW,CE,Towers with Radar,115,60,142,120,437,0,2,72,17,91,115,62,214,137,528,90,58,148,676
04/10/2002,TUL,OK,ASW,CE,Towers with Radar,109,59,149,126,443,0,0,73,57,130,109,59,222,183,573,140,192,332,905
04/11/2002,TUL,OK,ASW,CE,Towers with Radar,113,52,126,107,398,7,6,55,1,69,120,58,181,108,467,162,84,246,713
04/12/2002,TUL,OK,ASW,CE,Towers with Radar,96,43,121,66,326,1,1,50,11,63,97,44,171,77,389,100,22,122,511
04/13/2002,TUL,OK,ASW,CE,Towers with Radar,85,37,32,64,218,1,1,35,9,46,86,38,67,73,264,0,0,0,264
04/14/2002,TUL,OK,ASW,CE,Towers with Radar,89,34,99,67,289,1,1,71,8,81,90,35,170,75,370,50,10,60,430
04/15/2002,TUL,OK,ASW,CE,Towers with Radar,95,51,122,102,370,0,0,53,18,71,95,51,175,120,441,78,36,114,555
04/16/2002,TUL,OK,ASW,CE,Towers with Radar,113,53,121,96,383,15,7,0,0,22,128,60,121,96,405,0,22,22,427
04/17/2002,TUL,OK,ASW,CE,Towers with Radar,125,69,165,140,499,0,0,58,49,107,125,69,223,189,606,106,136,242,848
04/18/2002,TUL,OK,ASW,CE,Towers with Radar,110,57,143,120,430,1,1,36,29,67,111,58,179,149,497,84,148,232,729
04/19/2002,TUL,OK,ASW,CE,Towers with Radar,118,63,95,79,355,1,1,36,9,47,119,64,131,88,402,18,4,22,424
04/20/2002,TUL,OK,ASW,CE,Towers with Radar,89,44,53,55,241,1,1,8,0,10,90,45,61,55,251,4,0,4,255
04/21/2002,TUL,OK,ASW,CE,Towers with Radar,88,40,101,79,308,1,1,55,10,67,89,41,156,89,375,16,78,94,469
04/22/2002,TUL,OK,ASW,CE,Towers with Radar,103,48,128,110,389,0,0,87,8,95,103,48,215,118,484,56,88,144,628
04/23/2002,TUL,OK,ASW,CE,Towers with Radar,110,55,130,111,406,0,3,20,10,33,110,58,150,121,439,52,36,88,527
04/24/2002,TUL,OK,ASW,CE,Towers with Radar,112,53,124,106,395,3,2,52,27,84,115,55,176,133,479,42,42,84,563
04/25/2002,TUL,OK,ASW,CE,Towers with Radar,127,63,153,144,487,1,1,65,12,79,128,64,218,156,566,80,108,188,754
04/26/2002,TUL,OK,ASW,CE,Towers with Radar,118,59,111,75,363,1,1,9,0,11,119,60,120,75,374,4,0,4,378
04/27/2002,TUL,OK,ASW,CE,Towers with Radar,82,43,48,55,228,1,0,7,2,10,83,43,55,57,238,2,24,26,264
04/28/2002,TUL,OK,ASW,CE,Towers with Radar,88,35,112,66,301,1,0,72,9,82,89,35,184,75,383,108,0,108,491
04/29/2002,TUL,OK,ASW,CE,Towers with Radar,102,54,130,163,449,1,1,59,7,68,103,55,189,170,517,42,94,136,653
04/30/2002,TUL,OK,ASW,CE,Towers with Radar,117,51,134,114,416,0,0,1,13,14,117,51,135,127,430,46,22,68,498
05/01/2002,TUL,OK,ASW,CE,Towers with Radar,113,59,151,185,508,1,0,42,16,59,114,59,193,201,567,82,68,150,717
05/02/2002,TUL,OK,ASW,CE,Towers with Radar,102,62,138,128,430,1,0,42,5,48,103,62,180,133,478,56,58,114,592
05/03/2002,TUL,OK,ASW,CE,Towers with Radar,115,58,109,94,376,1,0,35,4,40,116,58,144,98,416,58,46,104,520
05/04/2002,TUL,OK,ASW,CE,Towers with Radar,46,24,71,53,194,1,0,56,8,65,47,24,127,61,259,80,20,100,359
05/05/2002,TUL,OK,ASW,CE,Towers with Radar,85,45,92,66,288,1,0,63,4,68,86,45,155,70,356,14,20,34,390
05/06/2002,TUL,OK,ASW,CE,Towers with Radar,93,48,102,91,334,10,3,20,27,60,103,51,122,118,394,32,54,86,480
05/07/2002,TUL,OK,ASW,CE,Towers with Radar,111,51,133,118,413,0,0,85,28,113,111,51,218,146,526,48,24,72,598
05/08/2002,TUL,OK,ASW,CE,Towers with Radar,115,58,126,111,410,1,2,6,16,25,116,60,132,127,435,4,34,38,473
05/09/2002,TUL,OK,ASW,CE,Towers with Radar,116,57,142,122,437,1,2,57,14,74,117,59,199,136,511,104,56,160,671
05/10/2002,TUL,OK,ASW,CE,Towers with Radar,112,56,93,72,333,0,1,37,23,61,112,57,130,95,394,56,10,66,460
05/11/2002,TUL,OK,ASW,CE,Towers with Radar,86,41,69,56,252,0,0,18,5,23,86,41,87,61,275,10,0,10,285
05/12/2002,TUL,OK,ASW,CE,Towers with Radar,52,26,41,50,169,33,13,0,0,46,85,39,41,50,215,0,4,4,219
05/13/2002,TUL,OK,ASW,CE,Towers with Radar,109,48,132,105,394,0,0,77,4,81,109,48,209,109,475,140,34,174,649
05/14/2002,TUL,OK,ASW,CE,Towers with Radar,114,59,142,125,440,0,0,113,11,124,114,59,255,136,564,62,46,108,672
05/15/2002,TUL,OK,ASW,CE,Towers with Radar,114,55,131,110,410,0,0,38,7,45,114,55,169,117,455,44,44,88,543
05/16/2002,TUL,OK,ASW,CE,Towers with Radar,114,61,138,116,429,0,1,29,10,40,114,62,167,126,469,70,66,136,605
05/17/2002,TUL,OK,ASW,CE,Towers with Radar,115,51,77,97,340,0,0,26,8,34,115,51,103,105,374,32,8,40,414
05/18/2002,TUL,OK,ASW,CE,Towers with Radar,99,37,103,62,301,0,0,112,4,116,99,37,215,66,417,46,0,46,463
05/19/2002,TUL,OK,ASW,CE,Towers with Radar,92,40,78,62,272,0,0,88,4,92,92,40,166,66,364,38,4,42,406
05/20/2002,TUL,OK,ASW,CE,Towers with Radar,103,44,113,101,361,0,0,54,0,54,103,44,167,101,415,62,46,108,523
05/21/2002,TUL,OK,ASW,CE,Towers with Radar,124,57,134,120,435,1,0,91,8,100,125,57,225,128,535,86,42,128,663
05/22/2002,TUL,OK,ASW,CE,Towers with Radar,110,51,137,121,419,0,0,37,69,106,110,51,174,190,525,54,108,162,687
05/23/2002,TUL,OK,ASW,CE,Towers with Radar,115,52,123,104,394,0,0,32,12,44,115,52,155,116,438,52,42,94,532
05/24/2002,TUL,OK,ASW,CE,Towers with Radar,117,53,126,112,408,0,0,13,0,13,117,53,139,112,421,10,36,46,467
05/25/2002,TUL,OK,ASW,CE,Towers with Radar,0,0,0,0,0,0,0,0,0,0,0,0,0,0,0,54,0,54,54
05/26/2002,TUL,OK,ASW,CE,Towers with Radar,66,32,71,50,219,6,2,87,0,95,72,34,158,50,314,34,0,34,348
05/27/2002,TUL,OK,ASW,CE,Towers with Radar,67,32,73,49,221,9,9,28,0,46,76,41,101,49,267,26,0,26,293
05/28/2002,TUL,OK,ASW,CE,Towers with Radar,80,40,86,74,280,18,15,18,0,51,98,55,104,74,331,32,0,32,363
05/29/2002,TUL,OK,ASW,CE,Towers with Radar,109,59,128,114,410,0,8,49,24,81,109,67,177,138,491,38,60,98,589
05/30/2002,TUL,OK,ASW,CE,Towers with Radar,108,63,138,122,431,0,4,68,36,108,108,67,206,158,539,78,126,204,743
05/31/2002,TUL,OK,ASW,CE,Towers with Radar,105,58,140,124,427,0,0,69,19,88,105,58,209,143,515,66,70,136,651
06/01/2002,TUL,OK,ASW,CE,Towers with Radar,0,0,0,0,0,0,0,0,0,0,0,0,0,0,0,0,0,0,0
06/02/2002,TUL,OK,ASW,CE,Towers with Radar,88,35,112,88,323,0,0,105,0,105,88,35,217,88,428,68,46,114,542
06/03/2002,TUL,OK,ASW,CE,Towers with Radar,80,36,100,81,297,3,0,62,0,65,83,36,162,81,362,36,30,66,428
06/04/2002,TUL,OK,ASW,CE,Towers with Radar,94,42,123,103,362,0,0,25,41,66,94,42,148,144,428,70,98,168,596
06/05/2002,TUL,OK,ASW,CE,Towers with Radar,101,53,126,106,386,0,0,13,72,85,101,53,139,178,471,10,26,36,507
06/06/2002,TUL,OK,ASW,CE,Towers with Radar,95,50,119,100,364,16,16,5,5,42,111,66,124,105,406,12,14,26,432
06/07/2002,TUL,OK,ASW,CE,Towers with Radar,113,60,149,126,448,0,0,50,24,74,113,60,199,150,522,136,74,210,732
06/08/2002,TUL,OK,ASW,CE,Towers with Radar,116,54,145,122,437,3,0,61,26,90,119,54,206,148,527,29,46,75,602
06/09/2002,TUL,OK,ASW,CE,Towers with Radar,81,37,102,70,290,11,0,81,0,92,92,37,183,70,382,66,0,66,448
06/10/2002,TUL,OK,ASW,CE,Towers with Radar,66,35,83,55,239,23,5,20,0,48,89,40,103,55,287,35,8,43,330
06/11/2002,TUL,OK,ASW,CE,Towers with Radar,104,50,137,116,407,0,0,51,34,85,104,50,188,150,492,48,130,178,670
06/12/2002,TUL,OK,ASW,CE,Towers with Radar,115,51,154,130,450,0,0,36,93,129,115,51,190,223,579,46,166,212,791
06/13/2002,TUL,OK,ASW,CE,Towers with Radar,103,52,127,106,388,15,10,66,0,91,118,62,193,106,479,70,4,74,553
06/14/2002,TUL,OK,ASW,CE,Towers with Radar,90,45,111,94,340,26,15,15,0,56,116,60,126,94,396,22,38,60,456
06/15/2002,TUL,OK,ASW,CE,Towers with Radar,113,60,154,131,458,0,0,98,20,118,113,60,252,151,576,64,62,126,702
06/16/2002,TUL,OK,ASW,CE,Towers with Radar,78,40,96,46,260,12,8,101,0,121,90,48,197,46,381,32,0,32,413
06/17/2002,TUL,OK,ASW,CE,Towers with Radar,79,40,97,50,266,11,14,41,0,66,90,54,138,50,332,26,4,30,362
06/18/2002,TUL,OK,ASW,CE,Towers with Radar,104,49,140,120,413,0,0,50,32,82,104,49,190,152,495,62,58,120,615
06/19/2002,TUL,OK,ASW,CE,Towers with Radar,107,58,140,120,425,0,0,38,51,89,107,58,178,171,514,50,80,130,644
06/20/2002,TUL,OK,ASW,CE,Towers with Radar,105,60,144,123,432,0,0,65,8,73,105,60,209,131,505,124,104,228,733
06/21/2002,TUL,OK,ASW,CE,Towers with Radar,110,67,166,142,485,0,0,90,15,105,110,67,256,157,590,90,60,150,740
06/22/2002,TUL,OK,ASW,CE,Towers with Radar,113,60,140,117,430,0,3,67,0,70,113,63,207,117,500,118,80,198,698
06/23/2002,TUL,OK,ASW,CE,Towers with Radar,83,43,102,55,283,11,2,91,0,104,94,45,193,55,387,110,14,124,511
06/24/2002,TUL,OK,ASW,CE,Towers with Radar,86,45,105,82,318,2,3,43,0,48,88,48,148,82,366,32,16,48,414
06/25/2002,TUL,OK,ASW,CE,Towers with Radar,93,47,113,97,350,7,4,60,10,81,100,51,173,107,431,50,52,102,533
06/26/2002,TUL,OK,ASW,CE,Towers with Radar,93,57,134,115,399,0,0,96,9,105,93,57,230,124,504,58,80,138,642
06/27/2002,TUL,OK,ASW,CE,Towers with Radar,108,63,150,129,450,0,2,95,13,110,108,65,245,142,560,68,100,168,728
06/28/2002,TUL,OK,ASW,CE,Towers with Radar,112,61,158,135,466,0,0,66,15,81,112,61,224,150,547,88,82,170,717
06/29/2002,TUL,OK,ASW,CE,Towers with Radar,106,60,150,128,444,0,0,82,32,114,106,60,232,160,558,104,86,190,748
06/30/2002,TUL,OK,ASW,CE,Towers with Radar,82,42,100,74,298,15,9,38,0,62,97,51,138,74,360,30,10,40,400
07/01/2002,TUL,OK,ASW,CE,Towers with Radar,103,47,92,96,338,3,2,15,8,28,106,49,107,104,366,10,72,82,448
07/02/2002,TUL,OK,ASW,CE,Towers with Radar,100,49,121,108,378,12,9,24,5,50,112,58,145,113,428,46,50,96,524
07/03/2002,TUL,OK,ASW,CE,Towers with Radar,111,54,133,119,417,9,1,44,8,62,120,55,177,127,479,60,20,80,559
07/04/2002,TUL,OK,ASW,CE,Towers with Radar,67,34,83,63,247,23,6,56,0,85,90,40,139,63,332,56,0,56,388
07/05/2002,TUL,OK,ASW,CE,Towers with Radar,85,38,72,58,253,3,3,50,26,82,88,41,122,84,335,48,0,48,383
07/06/2002,TUL,OK,ASW,CE,Towers with Radar,88,38,69,59,254,3,1,49,13,66,91,39,118,72,320,14,0,14,334
07/07/2002,TUL,OK,ASW,CE,Towers with Radar,85,39,96,59,279,3,0,27,2,32,88,39,123,61,311,22,0,22,333
07/08/2002,TUL,OK,ASW,CE,Towers with Radar,99,44,120,116,379,3,0,54,5,62,102,44,174,121,441,32,38,70,511
07/09/2002,TUL,OK,ASW,CE,Towers with Radar,109,54,136,123,422,0,0,48,11,59,109,54,184,134,481,70,40,110,591
07/10/2002,TUL,OK,ASW,CE,Towers with Radar,106,54,131,119,410,0,3,43,15,61,106,57,174,134,471,86,94,180,651
07/11/2002,TUL,OK,ASW,CE,Towers with Radar,115,65,105,130,415,3,0,41,18,62,118,65,146,148,477,94,96,190,667
07/12/2002,TUL,OK,ASW,CE,Towers with Radar,121,60,101,129,411,3,0,65,19,87,124,60,166,148,498,60,32,92,590
07/13/2002,TUL,OK,ASW,CE,Towers with Radar,95,40,88,94,317,3,1,34,6,44,98,41,122,100,361,34,20,54,415
07/14/2002,TUL,OK,ASW,CE,Towers with Radar,84,44,74,77,279,3,0,32,6,41,87,44,106,83,320,18,20,38,358
07/15/2002,TUL,OK,ASW,CE,Towers with Radar,98,49,135,121,403,0,0,56,0,56,98,49,191,121,459,34,60,94,553
07/16/2002,TUL,OK,ASW,CE,Towers with Radar,104,52,141,128,425,0,0,51,46,97,104,52,192,174,522,80,96,176,698
07/17/2002,TUL,OK,ASW,CE,Towers with Radar,102,54,111,111,378,2,1,22,13,38,104,55,133,124,416,42,18,60,476
07/18/2002,TUL,OK,ASW,CE,Towers with Radar,110,56,181,124,471,2,1,53,18,74,112,57,234,142,545,46,54,100,645
07/19/2002,TUL,OK,ASW,CE,Towers with Radar,113,58,152,138,461,0,0,58,40,98,113,58,210,178,559,58,58,116,675
07/20/2002,TUL,OK,ASW,CE,Towers with Radar,91,40,109,89,329,2,0,61,0,63,93,40,170,89,392,106,10,116,508
07/21/2002,TUL,OK,ASW,CE,Towers with Radar,88,43,100,63,294,2,1,52,4,59,90,44,152,67,353,4,6,10,363
07/22/2002,TUL,OK,ASW,CE,Towers with Radar,102,54,132,120,408,0,1,64,17,82,102,55,196,137,490,46,106,152,642
07/23/2002,TUL,OK,ASW,CE,Towers with Radar,116,60,144,129,449,0,2,45,29,76,116,62,189,158,525,56,62,118,643
07/24/2002,TUL,OK,ASW,CE,Towers with Radar,109,55,155,139,458,0,0,80,24,104,109,55,235,163,562,68,118,186,748
07/25/2002,TUL,OK,ASW,CE,Towers with Radar,112,61,176,136,485,2,1,78,16,97,114,62,254,152,582,88,78,166,748
07/26/2002,TUL,OK,ASW,CE,Towers with Radar,112,60,139,146,457,2,1,64,20,87,114,61,203,166,544,46,94,140,684
07/27/2002,TUL,OK,ASW,CE,Towers with Radar,81,40,97,66,284,17,2,57,0,76,98,42,154,66,360,30,0,30,390
07/28/2002,TUL,OK,ASW,CE,Towers with Radar,92,38,111,110,351,2,1,40,7,50,94,39,151,117,401,14,82,96,497
07/29/2002,TUL,OK,ASW,CE,Towers with Radar,97,47,116,95,355,4,9,44,0,57,101,56,160,95,412,56,14,70,482
07/30/2002,TUL,OK,ASW,CE,Towers with Radar,107,55,143,129,434,0,0,72,51,123,107,55,215,180,557,44,76,120,677
07/31/2002,TUL,OK,ASW,CE,Towers with Radar,113,51,134,120,418,0,0,72,38,110,113,51,206,158,528,98,24,122,650
08/01/2002,TUL,OK,ASW,CE,Towers with Radar,106,63,176,185,530,0,0,54,13,67,106,63,230,198,597,75,60,135,732
08/02/2002,TUL,OK,ASW,CE,Towers with Radar,122,56,122,134,434,0,0,67,16,83,122,56,189,150,517,110,58,168,685
08/03/2002,TUL,OK,ASW,CE,Towers with Radar,88,40,90,69,287,0,0,64,3,67,88,40,154,72,354,72,6,78,432
08/04/2002,TUL,OK,ASW,CE,Towers with Radar,91,32,91,95,309,0,0,47,4,51,91,32,138,99,360,22,50,72,432
08/05/2002,TUL,OK,ASW,CE,Towers with Radar,94,50,115,104,363,0,0,40,22,62,94,50,155,126,425,46,54,100,525
08/06/2002,TUL,OK,ASW,CE,Towers with Radar,112,51,128,115,406,2,0,36,50,88,114,51,164,165,494,64,52,116,610
08/07/2002,TUL,OK,ASW,CE,Towers with Radar,107,60,136,122,425,0,2,77,6,85,107,62,213,128,510,80,52,132,642
08/08/2002,TUL,OK,ASW,CE,Towers with Radar,111,63,135,132,441,0,0,66,24,90,111,63,201,156,531,100,126,226,757
08/09/2002,TUL,OK,ASW,CE,Towers with Radar,110,58,139,150,457,0,1,63,12,76,110,59,202,162,533,66,60,126,659
08/10/2002,TUL,OK,ASW,CE,Towers with Radar,91,33,62,46,232,0,0,49,12,61,91,33,111,58,293,18,0,18,311
08/11/2002,TUL,OK,ASW,CE,Towers with Radar,92,41,85,56,274,0,0,58,10,68,92,41,143,66,342,38,0,38,380
08/12/2002,TUL,OK,ASW,CE,Towers with Radar,90,46,105,75,316,9,6,55,0,70,99,52,160,75,386,78,16,94,480
08/13/2002,TUL,OK,ASW,CE,Towers with Radar,75,38,88,78,279,28,20,0,0,48,103,58,88,78,327,0,0,0,327
08/14/2002,TUL,OK,ASW,CE,Towers with Radar,111,65,156,107,439,0,0,43,10,53,111,65,199,117,492,72,4,76,568
08/15/2002,TUL,OK,ASW,CE,Towers with Radar,100,68,139,149,456,0,0,50,14,64,100,68,189,163,520,58,56,114,634
08/16/2002,TUL,OK,ASW,CE,Towers with Radar,121,60,126,88,395,0,0,47,17,64,121,60,173,105,459,62,10,72,531
08/17/2002,TUL,OK,ASW,CE,Towers with Radar,97,35,67,60,259,0,0,31,15,46,97,35,98,75,305,26,0,26,331
08/18/2002,TUL,OK,ASW,CE,Towers with Radar,80,40,92,78,290,15,0,76,0,91,95,40,168,78,381,72,8,80,461
08/19/2002,TUL,OK,ASW,CE,Towers with Radar,96,45,114,103,358,0,0,66,9,75,96,45,180,112,433,84,32,116,549
08/20/2002,TUL,OK,ASW,CE,Towers with Radar,109,57,130,117,413,0,3,89,7,99,109,60,219,124,512,80,34,114,626
08/21/2002,TUL,OK,ASW,CE,Towers with Radar,108,68,138,92,406,0,0,42,12,54,108,68,180,104,460,58,34,92,552
08/22/2002,TUL,OK,ASW,CE,Towers with Radar,106,56,156,95,413,0,0,47,18,65,106,56,203,113,478,70,32,102,580
08/23/2002,TUL,OK,ASW,CE,Towers with Radar,102,56,141,108,407,0,0,48,19,67,102,56,189,127,474,38,40,78,552
08/24/2002,TUL,OK,ASW,CE,Towers with Radar,93,39,47,62,241,0,0,28,2,30,93,39,75,64,271,36,0,36,307
08/25/2002,TUL,OK,ASW,CE,Towers with Radar,76,39,88,72,275,16,3,38,0,57,92,42,126,72,332,4,0,4,336
08/26/2002,TUL,OK,ASW,CE,Towers with Radar,95,47,138,98,378,0,0,64,2,66,95,47,202,100,444,100,56,156,600
08/27/2002,TUL,OK,ASW,CE,Towers with Radar,107,54,128,169,458,0,0,55,12,67,107,54,183,181,525,162,118,280,805
08/28/2002,TUL,OK,ASW,CE,Towers with Radar,111,63,148,133,455,0,0,66,55,121,111,63,214,188,576,114,172,286,862
08/29/2002,TUL,OK,ASW,CE,Towers with Radar,108,56,169,191,524,0,0,71,21,92,108,56,240,212,616,86,250,336,952
08/30/2002,TUL,OK,ASW,CE,Towers with Radar,114,55,147,150,466,0,0,58,18,76,114,55,205,168,542,44,114,158,700
08/31/2002,TUL,OK,ASW,CE,Towers with Radar,86,37,113,54,290,0,0,71,9,80,86,37,184,63,370,14,6,20,390
09/01/2002,TUL,OK,ASW,CE,Towers with Radar,51,29,66,43,189,1,6,64,0,71,52,35,130,43,260,42,10,52,312
09/02/2002,TUL,OK,ASW,CE,Towers with Radar,72,44,94,43,253,0,1,65,6,72,72,45,159,49,325,48,2,50,375
09/03/2002,TUL,OK,ASW,CE,Towers with Radar,99,57,130,135,421,0,1,56,11,68,99,58,186,146,489,38,88,126,615
09/04/2002,TUL,OK,ASW,CE,Towers with Radar,106,62,141,120,429,0,11,49,21,81,106,73,190,141,510,58,122,180,690
09/05/2002,TUL,OK,ASW,CE,Towers with Radar,117,68,143,149,477,0,2,59,16,77,117,70,202,165,554,60,94,154,708
09/06/2002,TUL,OK,ASW,CE,Towers with Radar,105,63,146,139,453,0,1,78,22,101,105,64,224,161,554,44,80,124,678
09/07/2002,TUL,OK,ASW,CE,Towers with Radar,81,40,103,75,299,2,0,47,0,49,83,40,150,75,348,34,12,46,394
09/08/2002,TUL,OK,ASW,CE,Towers with Radar,74,42,94,72,282,11,7,17,0,35,85,49,111,72,317,10,10,20,337
09/09/2002,TUL,OK,ASW,CE,Towers with Radar,93,50,119,102,364,4,0,40,29,73,97,50,159,131,437,36,72,108,545
09/10/2002,TUL,OK,ASW,CE,Towers with Radar,108,65,136,156,465,0,1,50,17,68,108,66,186,173,533,36,96,132,665
09/11/2002,TUL,OK,ASW,CE,Towers with Radar,93,51,118,101,363,9,0,40,31,80,102,51,158,132,443,92,88,180,623
09/12/2002,TUL,OK,ASW,CE,Towers with Radar,111,64,134,144,453,0,1,64,22,87,111,65,198,166,540,84,68,152,692
09/13/2002,TUL,OK,ASW,CE,Towers with Radar,102,54,115,130,401,0,1,32,10,43,102,55,147,140,444,40,64,104,548
09/14/2002,TUL,OK,ASW,CE,Towers with Radar,82,36,62,90,270,0,1,13,2,16,82,37,75,92,286,10,6,16,302
09/15/2002,TUL,OK,ASW,CE,Towers with Radar,83,43,105,90,321,5,0,9,7,21,88,43,114,97,342,14,12,26,368
09/16/2002,TUL,OK,ASW,CE,Towers with Radar,95,52,121,104,372,1,0,21,20,42,96,52,142,124,414,52,66,118,532
09/17/2002,TUL,OK,ASW,CE,Towers with Radar,102,62,139,119,422,0,6,60,24,90,102,68,199,143,512,62,46,108,620
09/18/2002,TUL,OK,ASW,CE,Towers with Radar,77,50,125,107,359,0,0,41,63,104,77,50,166,170,463,72,124,196,659
09/19/2002,TUL,OK,ASW,CE,Towers with Radar,100,69,115,117,401,0,1,22,6,29,100,70,137,123,430,22,38,60,490
09/20/2002,TUL,OK,ASW,CE,Towers with Radar,109,64,158,109,440,0,1,93,20,114,109,65,251,129,554,100,62,162,716
09/21/2002,TUL,OK,ASW,CE,Towers with Radar,77,37,125,63,302,0,0,112,9,121,77,37,237,72,423,62,2,64,487
09/22/2002,TUL,OK,ASW,CE,Towers with Radar,80,46,101,74,301,1,2,68,0,71,81,48,169,74,372,42,8,50,422
09/23/2002,TUL,OK,ASW,CE,Towers with Radar,94,53,118,102,367,3,0,80,15,98,97,53,198,117,465,78,62,140,605
09/24/2002,TUL,OK,ASW,CE,Towers with Radar,113,68,124,90,395,0,0,70,19,89,113,68,194,109,484,54,26,80,564
09/25/2002,TUL,OK,ASW,CE,Towers with Radar,115,68,149,123,455,0,0,94,0,94,115,68,243,123,549,66,38,104,653
09/26/2002,TUL,OK,ASW,CE,Towers with Radar,104,68,151,124,447,0,0,81,16,97,104,68,232,140,544,104,76,180,724
09/27/2002,TUL,OK,ASW,CE,Towers with Radar,106,60,158,89,413,0,0,70,13,83,106,60,228,102,496,66,18,84,580
09/28/2002,TUL,OK,ASW,CE,Towers with Radar,81,37,103,68,289,0,0,100,0,100,81,37,203,68,389,118,0,118,507
09/29/2002,TUL,OK,ASW,CE,Towers with Radar,85,41,108,76,310,0,0,90,0,90,85,41,198,76,400,52,4,56,456
09/30/2002,TUL,OK,ASW,CE,Towers with Radar,91,47,113,58,309,0,0,66,11,77,91,47,179,69,386,136,0,136,522
10/01/2002,TUL,OK,ASW,CE,Towers with Radar,104,64,138,130,436,0,1,51,7,59,104,65,189,137,495,66,90,156,651
10/02/2002,TUL,OK,ASW,CE,Towers with Radar,116,60,117,159,452,0,1,39,17,57,116,61,156,176,509,146,66,212,721
10/03/2002,TUL,OK,ASW,CE,Towers with Radar,108,65,115,157,445,0,1,57,13,71,108,66,172,170,516,124,112,236,752
10/04/2002,TUL,OK,ASW,CE,Towers with Radar,103,77,136,108,424,0,0,62,22,84,103,77,198,130,508,46,36,82,590
10/05/2002,TUL,OK,ASW,CE,Towers with Radar,86,39,100,92,317,0,0,101,11,112,86,39,201,103,429,94,6,100,529
10/06/2002,TUL,OK,ASW,CE,Towers with Radar,75,42,85,66,268,7,7,41,0,55,82,49,126,66,323,44,0,44,367
10/07/2002,TUL,OK,ASW,CE,Towers with Radar,92,54,124,129,399,0,0,60,13,73,92,54,184,142,472,92,74,166,638
10/08/2002,TUL,OK,ASW,CE,Towers with Radar,106,59,126,149,440,0,0,19,5,24,106,59,145,154,464,48,96,144,608
10/09/2002,TUL,OK,ASW,CE,Towers with Radar,104,65,104,84,357,0,0,12,3,15,104,65,116,87,372,34,14,48,420
10/10/2002,TUL,OK,ASW,CE,Towers with Radar,109,69,148,145,471,0,0,55,6,61,109,69,203,151,532,72,50,122,654
10/11/2002,TUL,OK,ASW,CE,Towers with Radar,99,59,132,100,390,0,1,45,5,51,99,60,177,105,441,78,18,96,537
10/12/2002,TUL,OK,ASW,CE,Towers with Radar,73,39,83,59,254,6,0,24,0,30,79,39,107,59,284,46,0,46,330
10/13/2002,TUL,OK,ASW,CE,Towers with Radar,84,44,102,55,285,0,0,29,10,39,84,44,131,65,324,28,0,28,352
10/14/2002,TUL,OK,ASW,CE,Towers with Radar,95,53,121,77,346,0,0,66,10,76,95,53,187,87,422,32,16,48,470
10/15/2002,TUL,OK,ASW,CE,Towers with Radar,104,64,129,111,408,0,0,46,15,61,104,64,175,126,469,50,60,110,579
10/16/2002,TUL,OK,ASW,CE,Towers with Radar,104,63,141,132,440,0,0,64,30,94,104,63,205,162,534,96,68,164,698
10/17/2002,TUL,OK,ASW,CE,Towers with Radar,105,68,135,126,434,0,0,67,18,85,105,68,202,144,519,104,92,196,715
10/18/2002,TUL,OK,ASW,CE,Towers with Radar,102,55,123,87,367,0,0,30,9,39,102,55,153,96,406,36,14,50,456
10/19/2002,TUL,OK,ASW,CE,Towers with Radar,80,43,47,56,226,0,0,8,2,10,80,43,55,58,236,30,0,30,266
10/20/2002,TUL,OK,ASW,CE,Towers with Radar,83,49,97,74,303,0,0,66,11,77,83,49,163,85,380,72,10,82,462
10/21/2002,TUL,OK,ASW,CE,Towers with Radar,95,52,112,109,368,0,0,27,2,29,95,52,139,111,397,50,40,90,487
10/22/2002,TUL,OK,ASW,CE,Towers with Radar,102,66,109,155,432,0,0,18,10,28,102,66,127,165,460,56,86,142,602
10/23/2002,TUL,OK,ASW,CE,Towers with Radar,99,57,115,87,358,16,2,10,0,28,115,59,125,87,386,20,0,20,406
10/24/2002,TUL,OK,ASW,CE,Towers with Radar,111,61,125,106,403,0,0,3,3,6,111,61,128,109,409,20,16,36,445
10/25/2002,TUL,OK,ASW,CE,Towers with Radar,51,30,101,59,241,0,0,6,5,11,51,30,107,64,252,12,14,26,278
10/26/2002,TUL,OK,ASW,CE,Towers with Radar,79,36,66,58,239,0,0,43,6,49,79,36,109,64,288,32,0,32,320
10/27/2002,TUL,OK,ASW,CE,Towers with Radar,55,32,48,52,187,22,13,0,0,35,77,45,48,52,222,0,0,0,222
10/28/2002,TUL,OK,ASW,CE,Towers with Radar,70,40,82,61,253,17,11,3,0,31,87,51,85,61,284,6,0,6,290
10/29/2002,TUL,OK,ASW,CE,Towers with Radar,100,57,101,96,354,2,8,0,0,10,102,65,101,96,364,0,6,6,370
10/30/2002,TUL,OK,ASW,CE,Towers with Radar,110,59,151,139,459,0,0,17,76,93,110,59,168,215,552,74,64,138,690
10/31/2002,TUL,OK,ASW,CE,Towers with Radar,103,58,128,118,407,0,0,14,13,27,103,58,142,131,434,56,32,88,522
11/01/2002,TUL,OK,ASW,CE,Towers with Radar,92,53,104,102,351,13,4,0,10,27,105,57,104,112,378,50,36,86,464
11/02/2002,TUL,OK,ASW,CE,Towers with Radar,52,29,39,57,177,29,8,0,6,43,81,37,39,63,220,0,10,10,230
11/03/2002,TUL,OK,ASW,CE,Towers with Radar,68,39,79,63,249,12,10,2,0,24,80,49,81,63,273,34,0,34,307
11/04/2002,TUL,OK,ASW,CE,Towers with Radar,99,50,117,112,378,0,0,35,33,68,99,50,152,145,446,84,82,166,612
11/05/2002,TUL,OK,ASW,CE,Towers with Radar,109,59,123,120,411,3,0,0,21,24,112,59,123,141,435,38,36,74,509
11/06/2002,TUL,OK,ASW,CE,Towers with Radar,107,60,154,147,468,0,0,71,56,127,107,60,225,203,595,136,142,278,873
11/07/2002,TUL,OK,ASW,CE,Towers with Radar,103,58,119,114,394,2,0,56,10,68,105,58,175,124,462,38,14,52,514
11/08/2002,TUL,OK,ASW,CE,Towers with Radar,106,59,126,121,412,0,0,82,30,112,106,59,208,151,524,66,68,134,658
11/09/2002,TUL,OK,ASW,CE,Towers with Radar,66,38,77,65,246,14,2,67,0,83,80,40,144,65,329,10,0,10,339
11/10/2002,TUL,OK,ASW,CE,Towers with Radar,75,42,87,59,263,3,8,44,0,55,78,50,131,59,318,32,2,34,352
11/11/2002,TUL,OK,ASW,CE,Towers with Radar,84,48,97,73,302,7,4,56,0,67,91,52,153,73,369,102,0,102,471
11/12/2002,TUL,OK,ASW,CE,Towers with Radar,104,65,137,131,437,0,0,74,21,95,104,65,211,152,532,108,64,172,704
11/13/2002,TUL,OK,ASW,CE,Towers with Radar,109,55,134,128,426,0,0,53,33,86,109,55,187,161,512,136,62,198,710
11/14/2002,TUL,OK,ASW,CE,Towers with Radar,103,60,123,118,404,0,12,44,17,73,103,72,167,135,477,66,66,132,609
11/15/2002,TUL,OK,ASW,CE,Towers with Radar,90,53,118,113,374,0,0,26,29,55,90,53,144,142,429,46,64,110,539
11/16/2002,TUL,OK,ASW,CE,Towers with Radar,76,35,86,83,280,6,0,83,6,95,82,35,169,89,375,62,8,70,445
11/17/2002,TUL,OK,ASW,CE,Towers with Radar,77,42,87,72,278,0,0,68,0,68,77,42,155,72,346,44,16,60,406
11/18/2002,TUL,OK,ASW,CE,Towers with Radar,88,53,108,105,354,0,1,29,33,63,88,54,137,138,417,108,90,198,615
11/19/2002,TUL,OK,ASW,CE,Towers with Radar,97,60,129,125,411,0,0,53,22,75,97,60,182,147,486,144,90,234,720
11/20/2002,TUL,OK,ASW,CE,Towers with Radar,98,62,124,117,401,0,2,93,0,95,98,64,217,117,496,80,26,106,602
11/21/2002,TUL,OK,ASW,CE,Towers with Radar,105,69,138,134,446,0,4,76,28,108,105,73,214,162,554,124,80,204,758
11/22/2002,TUL,OK,ASW,CE,Towers with Radar,102,59,129,125,415,0,0,119,7,126,102,59,248,132,541,126,36,162,703
11/23/2002,TUL,OK,ASW,CE,Towers with Radar,69,36,78,56,239,12,0,53,0,65,81,36,131,56,304,62,24,86,390
11/24/2002,TUL,OK,ASW,CE,Towers with Radar,65,37,74,56,232,13,4,46,0,63,78,41,120,56,295,30,0,30,325
11/25/2002,TUL,OK,ASW,CE,Towers with Radar,91,51,104,101,347,0,7,26,22,55,91,58,130,123,402,84,38,122,524
11/26/2002,TUL,OK,ASW,CE,Towers with Radar,100,56,114,111,381,7,4,38,30,79,107,60,152,141,460,74,54,128,588
11/27/2002,TUL,OK,ASW,CE,Towers with Radar,110,65,144,140,459,0,0,99,15,114,110,65,243,155,573,104,144,248,821
11/28/2002,TUL,OK,ASW,CE,Towers with Radar,50,28,57,42,177,16,5,37,0,58,66,33,94,42,235,0,0,0,235
11/29/2002,TUL,OK,ASW,CE,Towers with Radar,57,32,64,48,201,9,3,53,0,65,66,35,117,48,266,22,0,22,288
11/30/2002,TUL,OK,ASW,CE,Towers with Radar,68,36,77,55,236,6,0,38,0,44,74,36,115,55,280,42,0,42,322
12/01/2002,TUL,OK,ASW,CE,Towers with Radar,82,50,102,64,298,0,0,98,0,98,82,50,200,64,396,28,0,28,424
12/02/2002,TUL,OK,ASW,CE,Towers with Radar,99,52,108,123,382,1,0,43,9,53,100,52,151,132,435,64,62,126,561
12/03/2002,TUL,OK,ASW,CE,Towers with Radar,104,48,93,72,317,1,0,11,5,17,105,48,104,77,334,10,24,34,368
12/04/2002,TUL,OK,ASW,CE,Towers with Radar,73,40,66,55,234,46,14,0,0,60,119,54,66,55,294,6,0,6,300
12/05/2002,TUL,OK,ASW,CE,Towers with Radar,113,52,102,95,362,1,0,28,18,47,114,52,130,113,409,66,8,74,483
12/06/2002,TUL,OK,ASW,CE,Towers with Radar,113,59,126,91,389,1,0,56,13,70,114,59,182,104,459,98,30,128,587
12/07/2002,TUL,OK,ASW,CE,Towers with Radar,85,54,83,80,302,1,1,63,6,71,86,55,146,86,373,72,10,82,455
12/08/2002,TUL,OK,ASW,CE,Towers with Radar,82,45,82,72,281,5,5,18,1,29,87,50,100,73,310,6,0,6,316
12/09/2002,TUL,OK,ASW,CE,Towers with Radar,91,54,65,119,329,1,1,27,8,37,92,55,92,127,366,12,84,96,462
12/10/2002,TUL,OK,ASW,CE,Towers with Radar,107,50,158,124,439,1,0,22,4,27,108,50,180,128,466,46,28,74,540
12/11/2002,TUL,OK,ASW,CE,Towers with Radar,111,60,149,131,451,0,0,41,27,68,111,60,190,158,519,96,104,200,719
12/12/2002,TUL,OK,ASW,CE,Towers with Radar,105,58,126,100,389,1,0,4,10,15,106,58,130,110,404,16,24,40,444
12/13/2002,TUL,OK,ASW,CE,Towers with Radar,119,63,125,117,424,1,0,30,10,41,120,63,155,127,465,22,18,40,505
12/14/2002,TUL,OK,ASW,CE,Towers with Radar,81,38,104,60,283,1,0,83,6,90,82,38,187,66,373,98,48,146,519
12/15/2002,TUL,OK,ASW,CE,Towers with Radar,81,46,95,83,305,0,0,51,45,96,81,46,146,128,401,74,96,170,571
12/16/2002,TUL,OK,ASW,CE,Towers with Radar,89,50,108,129,376,1,0,54,6,61,90,50,162,135,437,58,76,134,571
12/17/2002,TUL,OK,ASW,CE,Towers with Radar,113,56,147,123,439,1,0,40,14,55,114,56,187,137,494,48,62,110,604
12/18/2002,TUL,OK,ASW,CE,Towers with Radar,109,64,116,103,392,0,0,79,22,101,109,64,195,125,493,72,56,128,621
12/19/2002,TUL,OK,ASW,CE,Towers with Radar,133,64,124,135,456,1,0,66,15,82,134,64,190,150,538,84,54,138,676
12/20/2002,TUL,OK,ASW,CE,Towers with Radar,113,58,116,130,417,1,0,65,18,84,114,58,181,148,501,34,106,140,641
12/21/2002,TUL,OK,ASW,CE,Towers with Radar,80,42,77,61,260,2,1,62,0,65,82,43,139,61,325,30,0,30,355
12/22/2002,TUL,OK,ASW,CE,Towers with Radar,77,45,90,52,264,0,0,83,5,88,77,45,173,57,352,48,0,48,400
12/23/2002,TUL,OK,ASW,CE,Towers with Radar,83,47,35,52,217,0,0,9,1,10,83,47,44,53,227,0,6,6,233
12/24/2002,TUL,OK,ASW,CE,Towers with Radar,97,48,18,39,202,0,0,6,4,10,97,48,24,43,212,0,0,0,212
12/25/2002,TUL,OK,ASW,CE,Towers with Radar,46,25,38,39,148,21,14,0,4,39,67,39,38,43,187,0,0,0,187
12/26/2002,TUL,OK,ASW,CE,Towers with Radar,101,57,75,64,297,0,0,24,1,25,101,57,99,65,322,8,12,20,342
12/27/2002,TUL,OK,ASW,CE,Towers with Radar,99,64,126,46,335,0,0,50,14,64,99,64,176,60,399,22,12,34,433
12/28/2002,TUL,OK,ASW,CE,Towers with Radar,81,44,63,53,241,0,0,81,8,89,81,44,144,61,330,20,0,20,350
12/29/2002,TUL,OK,ASW,CE,Towers with Radar,77,43,52,46,218,0,0,33,1,34,77,43,85,47,252,4,0,4,256
12/30/2002,TUL,OK,ASW,CE,Towers with Radar,89,58,73,50,270,0,0,22,4,26,89,58,95,54,296,16,6,22,318
12/31/2002,TUL,OK,ASW,CE,Towers with Radar,102,55,62,45,264,0,1,54,5,60,102,56,116,50,324,10,8,18,342
01/01/2003,TUL,OK,ASW,CE,Towers with Radar,50,28,53,37,168,9,19,14,3,45,59,47,67,40,213,2,0,2,215
01/02/2003,TUL,OK,ASW,CE,Towers with Radar,94,70,60,78,302,0,0,22,14,36,94,70,82,92,338,22,4,26,364
01/03/2003,TUL,OK,ASW,CE,Towers with Radar,111,60,121,79,371,0,0,52,15,67,111,60,173,94,438,126,22,148,586
01/04/2003,TUL,OK,ASW,CE,Towers with Radar,82,41,103,47,273,0,0,82,12,94,82,41,185,59,367,34,0,34,401
01/05/2003,TUL,OK,ASW,CE,Towers with Radar,81,43,90,55,269,0,0,50,0,50,81,43,140,55,319,28,4,32,351
01/06/2003,TUL,OK,ASW,CE,Towers with Radar,97,63,70,124,354,0,0,26,10,36,97,63,96,134,390,14,86,100,490
01/07/2003,TUL,OK,ASW,CE,Towers with Radar,115,61,129,130,435,0,0,51,20,71,115,61,180,150,506,114,72,186,692
01/08/2003,TUL,OK,ASW,CE,Towers with Radar,105,63,122,93,383,0,0,93,18,111,105,63,215,111,494,36,42,78,572
01/09/2003,TUL,OK,ASW,CE,Towers with Radar,106,61,99,86,352,0,0,55,13,68,106,61,154,99,420,8,26,34,454
01/10/2003,TUL,OK,ASW,CE,Towers with Radar,112,64,133,72,381,0,0,63,23,86,112,64,196,95,467,96,26,122,589
01/11/2003,TUL,OK,ASW,CE,Towers with Radar,76,38,83,57,254,4,0,50,0,54,80,38,133,57,308,18,4,22,330
01/12/2003,TUL,OK,ASW,CE,Towers with Radar,73,41,79,57,250,1,0,51,13,65,74,41,130,70,315,24,8,32,347
01/13/2003,TUL,OK,ASW,CE,Towers with Radar,88,51,82,96,317,0,0,18,11,29,88,51,100,107,346,6,50,56,402
01/14/2003,TUL,OK,ASW,CE,Towers with Radar,107,66,117,98,388,0,0,54,9,63,107,66,171,107,451,96,20,116,567
01/15/2003,TUL,OK,ASW,CE,Towers with Radar,96,57,103,80,336,1,8,0,27,36,97,65,103,107,372,28,22,50,422
01/16/2003,TUL,OK,ASW,CE,Towers with Radar,111,65,68,86,330,0,0,8,9,17,111,65,76,95,347,20,16,36,383
01/17/2003,TUL,OK,ASW,CE,Towers with Radar,106,63,124,120,413,0,0,52,16,68,106,63,176,136,481,64,78,142,623
01/18/2003,TUL,OK,ASW,CE,Towers with Radar,79,39,85,44,247,0,0,51,0,51,79,39,136,44,298,116,0,116,414
01/19/2003,TUL,OK,ASW,CE,Towers with Radar,77,45,83,52,257,0,0,57,0,57,77,45,140,52,314,32,0,32,346
01/20/2003,TUL,OK,ASW,CE,Towers with Radar,101,51,154,46,352,0,0,62,9,71,101,51,216,55,423,64,0,64,487
01/21/2003,TUL,OK,ASW,CE,Towers with Radar,107,59,134,83,383,0,0,36,5,41,107,59,170,88,424,44,68,112,536
01/22/2003,TUL,OK,ASW,CE,Towers with Radar,107,61,116,87,371,1,11,32,0,44,108,72,148,87,415,46,34,80,495
01/23/2003,TUL,OK,ASW,CE,Towers with Radar,112,68,119,96,395,0,0,54,15,69,112,68,173,111,464,54,66,120,584
01/24/2003,TUL,OK,ASW,CE,Towers with Radar,109,58,126,121,414,0,0,41,11,52,109,58,167,132,466,40,86,126,592
01/25/2003,TUL,OK,ASW,CE,Towers with Radar,78,41,88,67,274,0,0,61,1,62,78,41,149,68,336,80,8,88,424
01/26/2003,TUL,OK,ASW,CE,Towers with Radar,64,35,69,52,220,14,0,8,27,49,78,35,77,79,269,38,10,48,317
01/27/2003,TUL,OK,ASW,CE,Towers with Radar,94,52,126,108,380,0,0,45,14,59,94,52,171,122,439,50,86,136,575
01/28/2003,TUL,OK,ASW,CE,Towers with Radar,98,57,148,133,436,0,1,35,19,55,98,58,183,152,491,64,58,122,613
01/29/2003,TUL,OK,ASW,CE,Towers with Radar,100,58,109,83,350,5,2,46,1,54,105,60,155,84,404,28,38,66,470
01/30/2003,TUL,OK,ASW,CE,Towers with Radar,107,67,106,91,371,0,0,29,14,43,107,67,135,105,414,36,36,72,486
01/31/2003,TUL,OK,ASW,CE,Towers with Radar,102,60,134,78,374,0,0,66,15,81,102,60,200,93,455,72,20,92,547
02/01/2003,TUL,OK,ASW,CE,Towers with Radar,71,51,78,69,269,0,0,73,0,73,71,51,151,69,342,58,8,66,408
02/02/2003,TUL,OK,ASW,CE,Towers with Radar,70,48,73,69,260,0,0,45,18,63,70,48,118,87,323,30,56,86,409
02/03/2003,TUL,OK,ASW,CE,Towers with Radar,90,54,79,76,299,4,8,0,18,30,94,62,79,94,329,2,18,20,349
02/04/2003,TUL,OK,ASW,CE,Towers with Radar,97,63,98,107,365,0,0,56,16,72,97,63,154,123,437,30,44,74,511
02/05/2003,TUL,OK,ASW,CE,Towers with Radar,93,64,105,98,360,0,0,39,19,58,93,64,144,117,418,58,76,134,552
02/06/2003,TUL,OK,ASW,CE,Towers with Radar,102,65,55,52,274,0,0,5,0,5,102,65,60,52,279,0,0,0,279
02/07/2003,TUL,OK,ASW,CE,Towers with Radar,105,59,125,105,394,0,0,49,14,63,105,59,174,119,457,70,64,134,591
02/08/2003,TUL,OK,ASW,CE,Towers with Radar,78,40,92,86,296,0,0,91,11,102,78,40,183,97,398,54,26,80,478
02/09/2003,TUL,OK,ASW,CE,Towers with Radar,63,36,36,53,188,15,9,0,27,51,78,45,36,80,239,0,0,0,239
02/10/2003,TUL,OK,ASW,CE,Towers with Radar,94,57,122,95,368,0,0,44,7,51,94,57,166,102,419,32,22,54,473
02/11/2003,TUL,OK,ASW,CE,Towers with Radar,97,66,116,100,379,0,0,61,10,71,97,66,177,110,450,92,20,112,562
02/12/2003,TUL,OK,ASW,CE,Towers with Radar,100,60,123,115,398,0,0,94,40,134,100,60,217,155,532,78,102,180,712
02/13/2003,TUL,OK,ASW,CE,Towers with Radar,104,72,104,95,375,0,0,22,11,33,104,72,126,106,408,32,42,74,482
02/14/2003,TUL,OK,ASW,CE,Towers with Radar,111,57,87,79,334,0,0,17,8,25,111,57,104,87,359,58,12,70,429
02/15/2003,TUL,OK,ASW,CE,Towers with Radar,53,32,39,44,168,17,8,0,0,25,70,40,39,44,193,2,0,2,195
02/16/2003,TUL,OK,ASW,CE,Towers with Radar,64,38,56,54,212,4,10,39,7,60,68,48,95,61,272,28,0,28,300
02/17/2003,TUL,OK,ASW,CE,Towers with Radar,87,54,140,56,337,0,0,111,5,116,87,54,251,61,453,54,0,54,507
02/18/2003,TUL,OK,ASW,CE,Towers with Radar,95,57,105,121,378,0,0,31,7,38,95,57,136,128,416,2,48,50,466
02/19/2003,TUL,OK,ASW,CE,Towers with Radar,98,62,108,101,369,0,0,24,16,40,98,62,132,117,409,36,106,142,551
02/20/2003,TUL,OK,ASW,CE,Towers with Radar,91,65,125,125,406,0,0,50,10,60,91,65,175,135,466,68,66,134,600
02/21/2003,TUL,OK,ASW,CE,Towers with Radar,106,56,100,89,351,0,0,6,0,6,106,56,106,89,357,36,20,56,413
02/22/2003,TUL,OK,ASW,CE,Towers with Radar,73,42,57,56,228,0,0,32,7,39,73,42,89,63,267,24,0,24,291
02/23/2003,TUL,OK,ASW,CE,Towers with Radar,46,28,30,39,143,26,6,0,4,36,72,34,30,43,179,0,0,0,179
02/24/2003,TUL,OK,ASW,CE,Towers with Radar,65,39,59,44,207,19,7,19,0,45,84,46,78,44,252,4,0,4,256
02/25/2003,TUL,OK,ASW,CE,Towers with Radar,72,44,66,43,225,26,5,21,0,52,98,49,87,43,277,6,4,10,287
02/26/2003,TUL,OK,ASW,CE,Towers with Radar,75,46,69,61,251,27,11,8,0,46,102,57,77,61,297,0,0,0,297
02/27/2003,TUL,OK,ASW,CE,Towers with Radar,91,55,83,78,307,11,8,16,11,46,102,63,99,89,353,4,0,4,357
02/28/2003,TUL,OK,ASW,CE,Towers with Radar,76,46,61,65,248,19,15,0,9,43,95,61,61,74,291,0,8,8,299
03/01/2003,TUL,OK,ASW,CE,Towers with Radar,71,45,33,38,187,0,0,9,0,9,71,45,42,38,196,2,0,2,198
03/02/2003,TUL,OK,ASW,CE,Towers with Radar,65,40,73,47,225,13,5,24,0,42,78,45,97,47,267,62,0,62,329
03/03/2003,TUL,OK,ASW,CE,Towers with Radar,88,56,110,87,341,0,0,39,30,69,88,56,149,117,410,68,36,104,514
03/04/2003,TUL,OK,ASW,CE,Towers with Radar,97,72,134,104,407,0,0,31,7,38,97,72,165,111,445,8,44,52,497
03/05/2003,TUL,OK,ASW,CE,Towers with Radar,85,53,98,77,313,17,15,24,5,61,102,68,122,82,374,12,32,44,418
03/06/2003,TUL,OK,ASW,CE,Towers with Radar,102,69,155,130,456,0,0,66,13,79,102,69,221,143,535,104,86,190,725
03/07/2003,TUL,OK,ASW,CE,Towers with Radar,101,58,137,100,396,0,0,96,0,96,101,58,233,100,492,76,34,110,602
03/08/2003,TUL,OK,ASW,CE,Towers with Radar,75,41,102,80,298,0,0,72,38,110,75,41,174,118,408,70,94,164,572
03/09/2003,TUL,OK,ASW,CE,Towers with Radar,77,46,92,76,291,0,0,56,7,63,77,46,148,83,354,30,82,112,466
03/10/2003,TUL,OK,ASW,CE,Towers with Radar,93,51,102,117,363,0,0,56,13,69,93,51,158,130,432,116,54,170,602
03/11/2003,TUL,OK,ASW,CE,Towers with Radar,100,58,118,95,371,0,0,50,3,53,100,58,168,98,424,84,54,138,562
03/12/2003,TUL,OK,ASW,CE,Towers with Radar,99,65,131,101,396,0,0,62,43,105,99,65,193,144,501,74,60,134,635
03/13/2003,TUL,OK,ASW,CE,Towers with Radar,99,63,145,96,403,0,0,41,12,53,99,63,186,108,456,46,92,138,594
03/14/2003,TUL,OK,ASW,CE,Towers with Radar,104,57,142,109,412,0,0,54,23,77,104,57,196,132,489,30,58,88,577
03/15/2003,TUL,OK,ASW,CE,Towers with Radar,74,52,108,55,289,0,0,68,9,77,74,52,176,64,366,90,8,98,464
03/16/2003,TUL,OK,ASW,CE,Towers with Radar,75,41,90,61,267,0,0,48,4,52,75,41,138,65,319,48,8,56,375
03/17/2003,TUL,OK,ASW,CE,Towers with Radar,70,45,81,63,259,18,5,25,12,60,88,50,106,75,319,12,32,44,363
03/18/2003,TUL,OK,ASW,CE,Towers with Radar,60,38,68,55,221,30,18,0,0,48,90,56,68,55,269,0,0,0,269
03/19/2003,TUL,OK,ASW,CE,Towers with Radar,97,61,114,89,361,7,12,2,2,23,104,73,116,91,384,10,34,44,428
03/20/2003,TUL,OK,ASW,CE,Towers with Radar,103,71,111,102,387,0,0,4,7,11,103,71,115,109,398,20,42,62,460
03/21/2003,TUL,OK,ASW,CE,Towers with Radar,105,66,153,97,421,0,0,73,14,87,105,66,226,111,508,90,32,122,630
03/22/2003,TUL,OK,ASW,CE,Towers with Radar,76,51,95,74,296,0,0,75,2,77,76,51,170,76,373,82,12,94,467
03/23/2003,TUL,OK,ASW,CE,Towers with Radar,80,45,85,62,272,0,0,64,7,71,80,45,149,69,343,66,18,84,427
03/24/2003,TUL,OK,ASW,CE,Towers with Radar,87,55,102,80,324,1,1,47,50,99,88,56,149,130,423,40,38,78,501
03/25/2003,TUL,OK,ASW,CE,Towers with Radar,94,60,110,86,350,11,11,9,4,35,105,71,119,90,385,48,22,70,455
03/26/2003,TUL,OK,ASW,CE,Towers with Radar,106,64,163,73,406,0,0,91,16,107,106,64,254,89,513,136,12,148,661
03/27/2003,TUL,OK,ASW,CE,Towers with Radar,99,63,100,99,361,0,0,21,14,35,99,63,121,113,396,40,44,84,480
03/28/2003,TUL,OK,ASW,CE,Towers with Radar,82,52,96,75,305,24,19,10,1,54,106,71,106,76,359,74,6,80,439
03/29/2003,TUL,OK,ASW,CE,Towers with Radar,74,43,86,54,257,5,0,68,0,73,79,43,154,54,330,42,0,42,372
03/30/2003,TUL,OK,ASW,CE,Towers with Radar,70,45,90,66,271,0,0,73,5,78,70,45,163,71,349,50,0,50,399
03/31/2003,TUL,OK,ASW,CE,Towers with Radar,86,60,119,92,357,0,0,63,3,66,86,60,182,95,423,60,34,94,517
04/01/2003,TUL,OK,ASW,CE,Towers with Radar,96,63,127,127,413,0,0,36,14,50,96,63,163,141,463,8,56,64,527
04/02/2003,TUL,OK,ASW,CE,Towers with Radar,102,65,120,106,393,0,0,46,15,61,102,65,166,121,454,42,68,110,564
04/03/2003,TUL,OK,ASW,CE,Towers with Radar,101,57,137,101,396,0,0,29,20,49,101,57,166,121,445,42,48,90,535
04/04/2003,TUL,OK,ASW,CE,Towers with Radar,102,53,106,100,361,0,0,30,17,47,102,53,136,117,408,20,66,86,494
04/05/2003,TUL,OK,ASW,CE,Towers with Radar,165,44,88,64,361,0,0,50,14,64,165,44,138,78,425,18,6,24,449
04/06/2003,TUL,OK,ASW,CE,Towers with Radar,73,35,58,76,242,0,0,5,1,6,73,35,63,77,248,14,0,14,262
04/07/2003,TUL,OK,ASW,CE,Towers with Radar,91,51,94,121,357,0,1,37,10,48,91,52,131,131,405,28,52,80,485
04/08/2003,TUL,OK,ASW,CE,Towers with Radar,99,60,105,128,392,0,0,31,11,42,99,60,136,139,434,36,114,150,584
04/09/2003,TUL,OK,ASW,CE,Towers with Radar,93,59,133,106,391,0,0,55,10,65,93,59,188,116,456,96,84,180,636
04/10/2003,TUL,OK,ASW,CE,Towers with Radar,102,62,135,100,399,0,0,53,11,64,102,62,188,111,463,46,34,80,543
04/11/2003,TUL,OK,ASW,CE,Towers with Radar,103,56,128,107,394,0,0,60,21,81,103,56,188,128,475,56,40,96,571
04/12/2003,TUL,OK,ASW,CE,Towers with Radar,70,46,86,48,250,0,0,75,8,83,70,46,161,56,333,44,0,44,377
04/13/2003,TUL,OK,ASW,CE,Towers with Radar,70,40,84,78,272,0,0,46,17,63,70,40,130,95,335,34,26,60,395
04/14/2003,TUL,OK,ASW,CE,Towers with Radar,91,58,112,125,386,0,0,26,16,42,91,58,138,141,428,2,36,38,466
04/15/2003,TUL,OK,ASW,CE,Towers with Radar,99,60,79,116,354,0,0,14,6,20,99,60,93,122,374,2,56,58,432
04/16/2003,TUL,OK,ASW,CE,Towers with Radar,98,60,108,81,347,0,0,17,4,21,98,60,125,85,368,16,24,40,408
04/17/2003,TUL,OK,ASW,CE,Towers with Radar,97,57,114,116,384,0,0,59,22,81,97,57,173,138,465,38,34,72,537
04/18/2003,TUL,OK,ASW,CE,Towers with Radar,94,59,89,110,352,0,0,37,14,51,94,59,126,124,403,24,24,48,451
04/19/2003,TUL,OK,ASW,CE,Towers with Radar,71,37,18,42,168,0,0,9,3,12,71,37,27,45,180,0,0,0,180
04/20/2003,TUL,OK,ASW,CE,Towers with Radar,64,37,57,40,198,0,0,37,5,42,64,37,94,45,240,64,0,64,304
04/21/2003,TUL,OK,ASW,CE,Towers with Radar,97,55,119,121,392,0,0,53,16,69,97,55,172,137,461,54,70,124,585
04/22/2003,TUL,OK,ASW,CE,Towers with Radar,97,59,106,192,454,0,0,47,17,64,97,59,153,209,518,74,120,194,712
04/23/2003,TUL,OK,ASW,CE,Towers with Radar,91,60,62,70,283,0,0,11,13,24,91,60,73,83,307,0,0,0,307
04/24/2003,TUL,OK,ASW,CE,Towers with Radar,100,62,108,100,370,0,0,29,20,49,100,62,137,120,419,42,38,80,499
04/25/2003,TUL,OK,ASW,CE,Towers with Radar,98,58,120,87,363,0,0,43,15,58,98,58,163,102,421,130,16,146,567
04/26/2003,TUL,OK,ASW,CE,Towers with Radar,72,37,91,58,258,0,0,72,13,85,72,37,163,71,343,46,14,60,403
04/27/2003,TUL,OK,ASW,CE,Towers with Radar,66,41,75,76,258,0,0,28,2,30,66,41,103,78,288,14,16,30,318
04/28/2003,TUL,OK,ASW,CE,Towers with Radar,91,50,87,90,318,0,0,17,8,25,91,50,104,98,343,22,36,58,401
04/29/2003,TUL,OK,ASW,CE,Towers with Radar,101,61,145,105,412,0,3,48,18,69,101,64,193,123,481,104,34,138,619
04/30/2003,TUL,OK,ASW,CE,Towers with Radar,93,62,140,105,400,0,0,32,10,42,93,62,172,115,442,22,54,76,518
05/01/2003,TUL,OK,ASW,CE,Towers with Radar,99,57,119,123,398,0,0,18,14,32,99,57,137,137,430,34,118,152,582
05/02/2003,TUL,OK,ASW,CE,Towers with Radar,100,56,139,76,371,0,1,35,9,45,100,57,174,85,416,48,2,50,466
05/03/2003,TUL,OK,ASW,CE,Towers with Radar,67,34,49,86,236,0,0,32,14,46,67,34,81,100,282,4,8,12,294
05/04/2003,TUL,OK,ASW,CE,Towers with Radar,70,38,79,48,235,0,0,14,5,19,70,38,93,53,254,0,0,0,254
05/05/2003,TUL,OK,ASW,CE,Towers with Radar,83,45,125,133,386,0,0,52,16,68,83,45,177,149,454,40,18,58,512
05/06/2003,TUL,OK,ASW,CE,Towers with Radar,94,52,122,94,362,0,0,20,8,28,94,52,142,102,390,50,30,80,470
05/07/2003,TUL,OK,ASW,CE,Towers with Radar,99,68,145,101,413,0,0,51,18,69,99,68,196,119,482,64,52,116,598
05/08/2003,TUL,OK,ASW,CE,Towers with Radar,101,65,104,100,370,0,0,8,6,14,101,65,112,106,384,20,32,52,436
05/09/2003,TUL,OK,ASW,CE,Towers with Radar,96,54,142,86,378,0,0,19,14,33,96,54,161,100,411,28,4,32,443
05/10/2003,TUL,OK,ASW,CE,Towers with Radar,72,32,44,66,214,0,0,20,6,26,72,32,64,72,240,14,6,20,260
05/11/2003,TUL,OK,ASW,CE,Towers with Radar,66,37,98,66,267,0,0,55,16,71,66,37,153,82,338,34,10,44,382
05/12/2003,TUL,OK,ASW,CE,Towers with Radar,81,52,144,114,391,0,0,59,10,69,81,52,203,124,460,34,58,92,552
05/13/2003,TUL,OK,ASW,CE,Towers with Radar,128,60,103,98,389,0,0,16,4,20,128,60,119,102,409,18,16,34,443
05/14/2003,TUL,OK,ASW,CE,Towers with Radar,105,58,108,85,356,0,0,40,11,51,105,58,148,96,407,66,32,98,505
05/15/2003,TUL,OK,ASW,CE,Towers with Radar,100,55,144,180,479,0,0,47,21,68,100,55,191,201,547,124,132,256,803
05/16/2003,TUL,OK,ASW,CE,Towers with Radar,102,52,80,54,288,0,0,7,3,10,102,52,87,57,298,10,0,10,308
05/17/2003,TUL,OK,ASW,CE,Towers with Radar,71,44,71,75,261,0,0,12,5,17,71,44,83,80,278,20,22,42,320
05/18/2003,TUL,OK,ASW,CE,Towers with Radar,64,46,75,69,254,0,0,53,11,64,64,46,128,80,318,22,0,22,340
05/19/2003,TUL,OK,ASW,CE,Towers with Radar,78,46,92,83,299,0,0,36,9,45,78,46,128,92,344,38,24,62,406
05/20/2003,TUL,OK,ASW,CE,Towers with Radar,107,60,112,156,435,0,0,39,25,64,107,60,151,181,499,36,80,116,615
05/21/2003,TUL,OK,ASW,CE,Towers with Radar,101,65,127,182,475,0,0,44,21,65,101,65,171,203,540,128,154,282,822
05/22/2003,TUL,OK,ASW,CE,Towers with Radar,98,54,167,146,465,0,0,79,20,99,98,54,246,166,564,118,128,246,810
05/23/2003,TUL,OK,ASW,CE,Towers with Radar,102,52,105,57,316,0,0,60,17,77,102,52,165,74,393,20,16,36,429
05/24/2003,TUL,OK,ASW,CE,Towers with Radar,71,33,43,44,191,0,0,23,8,31,71,33,66,52,222,8,0,8,230
05/25/2003,TUL,OK,ASW,CE,Towers with Radar,65,33,58,54,210,0,0,19,8,27,65,33,77,62,237,36,8,44,281
05/26/2003,TUL,OK,ASW,CE,Towers with Radar,68,47,59,74,248,0,0,50,6,56,68,47,109,80,304,22,36,58,362
05/27/2003,TUL,OK,ASW,CE,Towers with Radar,88,47,116,139,390,0,0,62,23,85,88,47,178,162,475,54,74,128,603
05/28/2003,TUL,OK,ASW,CE,Towers with Radar,92,60,111,114,377,0,0,44,22,66,92,60,155,136,443,82,14,96,539
05/29/2003,TUL,OK,ASW,CE,Towers with Radar,109,61,166,151,487,0,1,53,16,70,109,62,219,167,557,94,86,180,737
05/30/2003,TUL,OK,ASW,CE,Towers with Radar,99,54,112,80,345,0,0,49,21,70,99,54,161,101,415,30,14,44,459
05/31/2003,TUL,OK,ASW,CE,Towers with Radar,71,34,65,50,220,0,0,30,11,41,71,34,95,61,261,22,6,28,289
06/01/2003,TUL,OK,ASW,CE,Towers with Radar,68,38,86,92,284,0,1,42,14,57,68,39,128,106,341,70,52,122,463
06/02/2003,TUL,OK,ASW,CE,Towers with Radar,81,53,71,110,315,0,0,25,9,34,81,53,96,119,349,26,22,48,397
06/03/2003,TUL,OK,ASW,CE,Towers with Radar,99,58,131,148,436,0,0,29,7,36,99,58,160,155,472,54,34,88,560
06/04/2003,TUL,OK,ASW,CE,Towers with Radar,86,55,101,136,378,0,0,34,14,48,86,55,135,150,426,30,62,92,518
06/05/2003,TUL,OK,ASW,CE,Towers with Radar,100,57,123,107,387,0,0,11,3,14,100,57,134,110,401,12,16,28,429
06/06/2003,TUL,OK,ASW,CE,Towers with Radar,99,63,121,109,392,0,0,48,13,61,99,63,169,122,453,84,46,130,583
06/07/2003,TUL,OK,ASW,CE,Towers with Radar,73,38,89,89,289,0,0,66,9,75,73,38,155,98,364,28,44,72,436
06/08/2003,TUL,OK,ASW,CE,Towers with Radar,76,39,81,110,306,0,0,58,5,63,76,39,139,115,369,72,76,148,517
06/09/2003,TUL,OK,ASW,CE,Towers with Radar,93,56,124,104,377,0,0,55,8,63,93,56,179,112,440,72,76,148,588
06/10/2003,TUL,OK,ASW,CE,Towers with Radar,101,56,126,128,411,0,2,26,8,36,101,58,152,136,447,36,18,54,501
06/11/2003,TUL,OK,ASW,CE,Towers with Radar,101,55,104,126,386,0,0,47,17,64,101,55,151,143,450,82,40,122,572
06/12/2003,TUL,OK,ASW,CE,Towers with Radar,98,49,123,116,386,0,0,59,31,90,98,49,182,147,476,64,86,150,626
06/13/2003,TUL,OK,ASW,CE,Towers with Radar,90,55,111,93,349,0,1,61,20,82,90,56,172,113,431,70,36,106,537
06/14/2003,TUL,OK,ASW,CE,Towers with Radar,79,39,70,43,231,0,0,63,9,72,79,39,133,52,303,30,28,58,361
06/15/2003,TUL,OK,ASW,CE,Towers with Radar,78,41,69,63,251,0,0,59,13,72,78,41,128,76,323,70,14,84,407
06/16/2003,TUL,OK,ASW,CE,Towers with Radar,91,55,111,120,377,0,0,61,16,77,91,55,172,136,454,64,42,106,560
06/17/2003,TUL,OK,ASW,CE,Towers with Radar,96,67,124,115,402,0,0,59,12,71,96,67,183,127,473,34,16,50,523
06/18/2003,TUL,OK,ASW,CE,Towers with Radar,103,62,149,117,431,0,0,48,11,59,103,62,197,128,490,98,68,166,656
06/19/2003,TUL,OK,ASW,CE,Towers with Radar,100,60,147,122,429,0,0,49,16,65,100,60,196,138,494,90,46,136,630
06/20/2003,TUL,OK,ASW,CE,Towers with Radar,97,57,125,161,440,0,1,40,22,63,97,58,165,183,503,72,48,120,623
06/21/2003,TUL,OK,ASW,CE,Towers with Radar,77,37,68,56,238,0,0,46,6,52,77,37,114,62,290,54,0,54,344
06/22/2003,TUL,OK,ASW,CE,Towers with Radar,82,42,120,61,305,0,0,39,3,42,82,42,159,64,347,48,8,56,403
06/23/2003,TUL,OK,ASW,CE,Towers with Radar,85,55,109,102,351,0,0,47,11,58,85,55,156,113,409,32,30,62,471
06/24/2003,TUL,OK,ASW,CE,Towers with Radar,107,56,125,146,434,0,0,44,6,50,107,56,169,152,484,48,32,80,564
06/25/2003,TUL,OK,ASW,CE,Towers with Radar,101,60,137,106,404,0,0,52,16,68,101,60,189,122,472,26,44,70,542
06/26/2003,TUL,OK,ASW,CE,Towers with Radar,109,70,121,129,429,0,0,58,21,79,109,70,179,150,508,102,40,142,650
06/27/2003,TUL,OK,ASW,CE,Towers with Radar,107,53,153,128,441,0,0,71,16,87,107,53,224,144,528,76,70,146,674
06/28/2003,TUL,OK,ASW,CE,Towers with Radar,81,38,88,66,273,0,0,54,10,64,81,38,142,76,337,30,2,32,369
06/29/2003,TUL,OK,ASW,CE,Towers with Radar,75,47,75,61,258,0,0,49,9,58,75,47,124,70,316,24,2,26,342
06/30/2003,TUL,OK,ASW,CE,Towers with Radar,85,54,96,91,326,0,0,36,6,42,85,54,132,97,368,52,70,122,490
07/01/2003,TUL,OK,ASW,CE,Towers with Radar,99,57,109,166,431,0,0,54,20,74,99,57,163,186,505,46,116,162,667
07/02/2003,TUL,OK,ASW,CE,Towers with Radar,104,62,136,120,422,0,1,60,21,82,104,63,196,141,504,34,54,88,592
07/03/2003,TUL,OK,ASW,CE,Towers with Radar,101,52,148,59,360,0,1,55,12,68,101,53,203,71,428,34,6,40,468
07/04/2003,TUL,OK,ASW,CE,Towers with Radar,57,30,53,44,184,0,0,28,9,37,57,30,81,53,221,0,0,0,221
07/05/2003,TUL,OK,ASW,CE,Towers with Radar,66,38,50,42,196,0,0,35,15,50,66,38,85,57,246,20,0,20,266
07/06/2003,TUL,OK,ASW,CE,Towers with Radar,74,40,109,45,268,0,0,39,2,41,74,40,148,47,309,14,6,20,329
07/07/2003,TUL,OK,ASW,CE,Towers with Radar,91,53,106,119,369,0,1,35,21,57,91,54,141,140,426,76,102,178,604
07/08/2003,TUL,OK,ASW,CE,Towers with Radar,108,60,112,124,404,0,0,44,10,54,108,60,156,134,458,34,60,94,552
07/09/2003,TUL,OK,ASW,CE,Towers with Radar,98,57,110,112,377,0,0,66,14,80,98,57,176,126,457,70,88,158,615
07/10/2003,TUL,OK,ASW,CE,Towers with Radar,97,61,96,153,407,0,1,45,11,57,97,62,141,164,464,78,148,226,690
07/11/2003,TUL,OK,ASW,CE,Towers with Radar,101,61,152,150,464,0,1,69,12,82,101,62,221,162,546,82,64,146,692
07/12/2003,TUL,OK,ASW,CE,Towers with Radar,79,38,75,77,269,0,0,43,16,59,79,38,118,93,328,40,70,110,438
07/13/2003,TUL,OK,ASW,CE,Towers with Radar,73,45,65,57,240,0,0,38,8,46,73,45,103,65,286,42,2,44,330
07/14/2003,TUL,OK,ASW,CE,Towers with Radar,91,49,147,124,411,0,0,48,13,61,91,49,195,137,472,36,56,92,564
07/15/2003,TUL,OK,ASW,CE,Towers with Radar,104,63,131,134,432,0,0,70,20,90,104,63,201,154,522,48,52,100,622
07/16/2003,TUL,OK,ASW,CE,Towers with Radar,95,57,134,140,426,0,1,59,21,81,95,58,193,161,507,62,122,184,691
07/17/2003,TUL,OK,ASW,CE,Towers with Radar,93,52,136,107,388,0,1,38,7,46,93,53,174,114,434,86,58,144,578
07/18/2003,TUL,OK,ASW,CE,Towers with Radar,97,56,122,104,379,0,1,55,17,73,97,57,177,121,452,52,40,92,544
07/19/2003,TUL,OK,ASW,CE,Towers with Radar,76,44,61,50,231,0,0,59,11,70,76,44,120,61,301,40,0,40,341
07/20/2003,TUL,OK,ASW,CE,Towers with Radar,72,38,84,77,271,0,0,50,12,62,72,38,134,89,333,46,36,82,415
07/21/2003,TUL,OK,ASW,CE,Towers with Radar,102,55,90,159,406,0,0,30,17,47,102,55,120,176,453,38,128,166,619
07/22/2003,TUL,OK,ASW,CE,Towers with Radar,136,54,123,114,427,0,0,26,18,44,136,54,149,132,471,44,32,76,547
07/23/2003,TUL,OK,ASW,CE,Towers with Radar,102,61,145,143,451,0,0,71,16,87,102,61,216,159,538,124,148,272,810
07/24/2003,TUL,OK,ASW,CE,Towers with Radar,96,59,141,145,441,0,0,80,19,99,96,59,221,164,540,96,132,228,768
07/25/2003,TUL,OK,ASW,CE,Towers with Radar,105,59,153,126,443,0,0,65,11,76,105,59,218,137,519,108,36,144,663
07/26/2003,TUL,OK,ASW,CE,Towers with Radar,74,40,84,53,251,0,0,46,9,55,74,40,130,62,306,24,2,26,332
07/27/2003,TUL,OK,ASW,CE,Towers with Radar,75,49,108,94,326,0,0,59,14,73,75,49,167,108,399,62,62,124,523
07/28/2003,TUL,OK,ASW,CE,Towers with Radar,88,59,122,110,379,0,1,36,18,55,88,60,158,128,434,92,78,170,604
07/29/2003,TUL,OK,ASW,CE,Towers with Radar,95,58,122,120,395,0,0,53,15,68,95,58,175,135,463,72,58,130,593
07/30/2003,TUL,OK,ASW,CE,Towers with Radar,105,62,95,181,443,0,0,45,16,61,105,62,140,197,504,90,166,256,760
07/31/2003,TUL,OK,ASW,CE,Towers with Radar,101,59,136,159,455,0,0,49,11,60,101,59,185,170,515,76,124,200,715
08/01/2003,TUL,OK,ASW,CE,Towers with Radar,100,59,144,101,404,0,1,43,24,68,100,60,187,125,472,20,52,72,544
08/02/2003,TUL,OK,ASW,CE,Towers with Radar,84,42,84,55,265,0,0,36,4,40,84,42,120,59,305,42,16,58,363
08/03/2003,TUL,OK,ASW,CE,Towers with Radar,69,47,83,44,243,0,1,24,10,35,69,48,107,54,278,24,0,24,302
08/04/2003,TUL,OK,ASW,CE,Towers with Radar,92,52,90,90,324,0,0,47,14,61,92,52,137,104,385,46,36,82,467
08/05/2003,TUL,OK,ASW,CE,Towers with Radar,100,60,101,123,384,0,1,31,11,43,100,61,132,134,427,50,76,126,553
08/06/2003,TUL,OK,ASW,CE,Towers with Radar,106,65,151,98,420,0,0,51,11,62,106,65,202,109,482,120,48,168,650
08/07/2003,TUL,OK,ASW,CE,Towers with Radar,106,65,113,93,377,0,0,50,11,61,106,65,163,104,438,46,30,76,514
08/08/2003,TUL,OK,ASW,CE,Towers with Radar,92,57,114,96,359,0,0,57,12,69,92,57,171,108,428,36,28,64,492
08/09/2003,TUL,OK,ASW,CE,Towers with Radar,79,37,66,80,262,0,0,61,11,72,79,37,127,91,334,36,46,82,416
08/10/2003,TUL,OK,ASW,CE,Towers with Radar,74,48,73,66,261,0,0,46,8,54,74,48,119,74,315,16,4,20,335
08/11/2003,TUL,OK,ASW,CE,Towers with Radar,89,50,99,119,357,0,0,26,3,29,89,50,125,122,386,14,52,66,452
08/12/2003,TUL,OK,ASW,CE,Towers with Radar,105,64,119,107,395,0,0,56,13,69,105,64,175,120,464,84,30,114,578
08/13/2003,TUL,OK,ASW,CE,Towers with Radar,106,68,94,122,390,0,1,27,10,38,106,69,121,132,428,56,58,114,542
08/14/2003,TUL,OK,ASW,CE,Towers with Radar,99,64,137,150,450,0,0,55,17,72,99,64,192,167,522,128,72,200,722
08/15/2003,TUL,OK,ASW,CE,Towers with Radar,102,59,120,87,368,0,0,70,18,88,102,59,190,105,456,116,36,152,608
08/16/2003,TUL,OK,ASW,CE,Towers with Radar,80,41,91,68,280,0,0,43,11,54,80,41,134,79,334,28,22,50,384
08/17/2003,TUL,OK,ASW,CE,Towers with Radar,74,40,86,53,253,0,0,51,14,65,74,40,137,67,318,22,6,28,346
08/18/2003,TUL,OK,ASW,CE,Towers with Radar,86,51,124,114,375,0,1,51,12,64,86,52,175,126,439,38,74,112,551
08/19/2003,TUL,OK,ASW,CE,Towers with Radar,93,59,131,142,425,0,0,57,15,72,93,59,188,157,497,52,60,112,609
08/20/2003,TUL,OK,ASW,CE,Towers with Radar,98,56,132,137,423,0,1,44,9,54,98,57,176,146,477,84,142,226,703
08/21/2003,TUL,OK,ASW,CE,Towers with Radar,98,61,120,109,388,0,1,50,12,63,98,62,170,121,451,62,34,96,547
08/22/2003,TUL,OK,ASW,CE,Towers with Radar,93,52,138,139,422,0,0,55,11,66,93,52,193,150,488,82,68,150,638
08/23/2003,TUL,OK,ASW,CE,Towers with Radar,81,40,75,48,244,0,0,55,5,60,81,40,130,53,304,42,0,42,346
08/24/2003,TUL,OK,ASW,CE,Towers with Radar,72,44,85,95,296,0,0,65,8,73,72,44,150,103,369,22,38,60,429
08/25/2003,TUL,OK,ASW,CE,Towers with Radar,85,55,122,145,407,0,0,35,12,47,85,55,157,157,454,44,38,82,536
08/26/2003,TUL,OK,ASW,CE,Towers with Radar,127,57,116,122,422,0,0,64,26,90,127,57,180,148,512,58,34,92,604
08/27/2003,TUL,OK,ASW,CE,Towers with Radar,96,65,132,106,399,0,2,42,14,58,96,67,174,120,457,86,142,228,685
08/28/2003,TUL,OK,ASW,CE,Towers with Radar,99,65,116,136,416,0,1,59,8,68,99,66,175,144,484,104,64,168,652
08/29/2003,TUL,OK,ASW,CE,Towers with Radar,102,59,89,64,314,0,0,16,12,28,102,59,105,76,342,0,0,0,342
08/30/2003,TUL,OK,ASW,CE,Towers with Radar,77,32,26,46,181,0,0,7,4,11,77,32,33,50,192,6,0,6,198
08/31/2003,TUL,OK,ASW,CE,Towers with Radar,48,41,31,43,163,0,0,5,8,13,48,41,36,51,176,12,0,12,188
09/01/2003,TUL,OK,ASW,CE,Towers with Radar,68,47,55,46,216,0,0,1,1,2,68,47,56,47,218,2,0,2,220
09/02/2003,TUL,OK,ASW,CE,Towers with Radar,84,72,102,95,353,0,0,5,2,7,84,72,107,97,360,8,18,26,386
09/03/2003,TUL,OK,ASW,CE,Towers with Radar,111,67,115,111,404,0,0,28,10,38,111,67,143,121,442,0,4,4,446
09/04/2003,TUL,OK,ASW,CE,Towers with Radar,98,59,108,123,388,0,0,55,32,87,98,59,163,155,475,36,70,106,581
09/05/2003,TUL,OK,ASW,CE,Towers with Radar,97,63,140,121,421,0,1,61,22,84,97,64,201,143,505,32,62,94,599
09/06/2003,TUL,OK,ASW,CE,Towers with Radar,76,41,99,51,267,0,0,67,10,77,76,41,166,61,344,24,6,30,374
09/07/2003,TUL,OK,ASW,CE,Towers with Radar,73,46,101,62,282,0,0,63,13,76,73,46,164,75,358,40,28,68,426
09/08/2003,TUL,OK,ASW,CE,Towers with Radar,83,55,105,123,366,0,0,50,13,63,83,55,155,136,429,42,90,132,561
09/09/2003,TUL,OK,ASW,CE,Towers with Radar,94,58,154,90,396,0,1,68,21,90,94,59,222,111,486,100,78,178,664
09/10/2003,TUL,OK,ASW,CE,Towers with Radar,90,67,106,143,406,0,0,33,13,46,90,67,139,156,452,16,84,100,552
09/11/2003,TUL,OK,ASW,CE,Towers with Radar,98,55,83,56,292,0,0,9,3,12,98,55,92,59,304,4,2,6,310
09/12/2003,TUL,OK,ASW,CE,Towers with Radar,101,66,122,79,368,0,0,3,3,6,101,66,125,82,374,12,2,14,388
09/13/2003,TUL,OK,ASW,CE,Towers with Radar,83,44,67,68,262,0,1,18,3,22,83,45,85,71,284,0,32,32,316
09/14/2003,TUL,OK,ASW,CE,Towers with Radar,73,50,112,79,314,0,0,83,39,122,73,50,195,118,436,52,48,100,536
09/15/2003,TUL,OK,ASW,CE,Towers with Radar,82,49,143,132,406,0,0,79,13,92,82,49,222,145,498,92,124,216,714
09/16/2003,TUL,OK,ASW,CE,Towers with Radar,93,55,136,107,391,0,1,36,11,48,93,56,172,118,439,52,66,118,557
09/17/2003,TUL,OK,ASW,CE,Towers with Radar,97,59,150,108,414,0,1,39,11,51,97,60,189,119,465,98,184,282,747
09/18/2003,TUL,OK,ASW,CE,Towers with Radar,103,58,91,90,342,0,0,23,25,48,103,58,114,115,390,34,28,62,452
09/19/2003,TUL,OK,ASW,CE,Towers with Radar,96,68,153,107,424,0,0,65,15,80,96,68,218,122,504,80,62,142,646
09/20/2003,TUL,OK,ASW,CE,Towers with Radar,74,42,115,59,290,0,0,110,12,122,74,42,225,71,412,52,2,54,466
09/21/2003,TUL,OK,ASW,CE,Towers with Radar,75,38,73,53,239,0,0,25,4,29,75,38,98,57,268,10,2,12,280
09/22/2003,TUL,OK,ASW,CE,Towers with Radar,82,52,115,105,354,0,0,61,9,70,82,52,176,114,424,50,18,68,492
09/23/2003,TUL,OK,ASW,CE,Towers with Radar,92,61,146,104,403,0,1,71,21,93,92,62,217,125,496,52,84,136,632
09/24/2003,TUL,OK,ASW,CE,Towers with Radar,92,64,140,100,396,0,1,41,12,54,92,65,181,112,450,28,16,44,494
09/25/2003,TUL,OK,ASW,CE,Towers with Radar,98,57,145,142,442,0,0,51,10,61,98,57,196,152,503,100,84,184,687
09/26/2003,TUL,OK,ASW,CE,Towers with Radar,96,57,143,85,381,0,0,57,11,68,96,57,200,96,449,48,42,90,539
09/27/2003,TUL,OK,ASW,CE,Towers with Radar,70,45,70,50,235,0,1,66,9,76,70,46,136,59,311,32,0,32,343
09/28/2003,TUL,OK,ASW,CE,Towers with Radar,76,45,111,60,292,0,0,70,16,86,76,45,181,76,378,48,0,48,426
09/29/2003,TUL,OK,ASW,CE,Towers with Radar,81,52,93,50,276,0,0,35,6,41,81,52,128,56,317,12,0,12,329
09/30/2003,TUL,OK,ASW,CE,Towers with Radar,90,58,103,52,303,0,0,15,5,20,90,58,118,57,323,36,0,36,359
10/01/2003,TUL,OK,ASW,CE,Towers with Radar,98,67,140,92,397,0,0,52,12,64,98,67,192,104,461,46,30,76,537
10/02/2003,TUL,OK,ASW,CE,Towers with Radar,96,60,110,80,346,0,3,65,25,93,96,63,175,105,439,98,36,134,573
10/03/2003,TUL,OK,ASW,CE,Towers with Radar,98,64,128,72,362,0,0,40,12,52,98,64,168,84,414,72,26,98,512
10/04/2003,TUL,OK,ASW,CE,Towers with Radar,75,39,61,60,235,0,0,47,22,69,75,39,108,82,304,12,54,66,370
10/05/2003,TUL,OK,ASW,CE,Towers with Radar,75,54,85,70,284,0,0,18,8,26,75,54,103,78,310,23,14,37,347
10/06/2003,TUL,OK,ASW,CE,Towers with Radar,89,64,105,110,368,0,0,26,8,34,89,64,131,118,402,12,56,68,470
10/07/2003,TUL,OK,ASW,CE,Towers with Radar,119,65,122,148,454,0,0,35,7,42,119,65,157,155,496,42,84,126,622
10/08/2003,TUL,OK,ASW,CE,Towers with Radar,109,59,127,153,448,0,0,46,6,52,109,59,173,159,500,56,154,210,710
10/09/2003,TUL,OK,ASW,CE,Towers with Radar,103,60,116,113,392,0,0,33,8,41,103,60,149,121,433,48,78,126,559
10/10/2003,TUL,OK,ASW,CE,Towers with Radar,99,63,108,107,377,0,0,38,7,45,99,63,146,114,422,14,38,52,474
10/11/2003,TUL,OK,ASW,CE,Towers with Radar,74,42,65,53,234,0,0,12,0,12,74,42,77,53,246,0,8,8,254
10/12/2003,TUL,OK,ASW,CE,Towers with Radar,80,44,109,49,282,0,1,72,7,80,80,45,181,56,362,46,0,46,408
10/13/2003,TUL,OK,ASW,CE,Towers with Radar,84,53,95,52,284,0,0,31,6,37,84,53,126,58,321,22,2,24,345
10/14/2003,TUL,OK,ASW,CE,Towers with Radar,89,58,105,144,396,0,0,56,21,77,89,58,161,165,473,108,36,144,617
10/15/2003,TUL,OK,ASW,CE,Towers with Radar,101,61,163,161,486,0,0,60,25,85,101,61,223,186,571,138,78,216,787
10/16/2003,TUL,OK,ASW,CE,Towers with Radar,107,56,134,121,418,0,0,66,31,97,107,56,200,152,515,112,80,192,707
10/17/2003,TUL,OK,ASW,CE,Towers with Radar,96,63,130,84,373,0,1,85,11,97,96,64,215,95,470,64,48,112,582
10/18/2003,TUL,OK,ASW,CE,Towers with Radar,69,38,108,54,269,0,0,70,5,75,69,38,178,59,344,24,2,26,370
10/19/2003,TUL,OK,ASW,CE,Towers with Radar,80,49,121,56,306,0,0,57,5,62,80,49,178,61,368,44,14,58,426
10/20/2003,TUL,OK,ASW,CE,Towers with Radar,89,58,151,122,420,0,1,47,8,56,89,59,198,130,476,54,70,124,600
10/21/2003,TUL,OK,ASW,CE,Towers with Radar,97,66,153,138,454,0,1,43,21,65,97,67,196,159,519,30,68,98,617
10/22/2003,TUL,OK,ASW,CE,Towers with Radar,94,66,166,163,489,0,0,73,13,86,94,66,239,176,575,88,110,198,773
10/23/2003,TUL,OK,ASW,CE,Towers with Radar,101,62,125,77,365,0,0,68,16,84,101,62,193,93,449,50,48,98,547
10/24/2003,TUL,OK,ASW,CE,Towers with Radar,97,55,140,103,395,0,0,52,8,60,97,55,192,111,455,50,48,98,553
10/25/2003,TUL,OK,ASW,CE,Towers with Radar,70,43,33,54,200,0,0,8,3,11,70,43,41,57,211,0,6,6,217
10/26/2003,TUL,OK,ASW,CE,Towers with Radar,75,41,96,54,266,0,0,57,4,61,75,41,153,58,327,50,8,58,385
10/27/2003,TUL,OK,ASW,CE,Towers with Radar,85,56,102,108,351,0,0,54,5,59,85,56,156,113,410,56,80,136,546
10/28/2003,TUL,OK,ASW,CE,Towers with Radar,94,59,110,94,357,0,0,32,15,47,94,59,142,109,404,30,64,94,498
10/29/2003,TUL,OK,ASW,CE,Towers with Radar,94,61,130,137,422,0,1,42,13,56,94,62,172,150,478,42,108,150,628
10/30/2003,TUL,OK,ASW,CE,Towers with Radar,100,56,136,103,395,0,0,40,18,58,100,56,176,121,453,26,58,84,537
10/31/2003,TUL,OK,ASW,CE,Towers with Radar,97,62,98,81,338,0,0,18,8,26,97,62,116,89,364,6,18,24,388
11/01/2003,TUL,OK,ASW,CE,Towers with Radar,80,48,95,70,293,0,0,16,1,17,80,48,111,71,310,10,4,14,324
11/02/2003,TUL,OK,ASW,CE,Towers with Radar,81,44,85,65,275,0,0,41,18,59,81,44,126,83,334,18,4,22,356
11/03/2003,TUL,OK,ASW,CE,Towers with Radar,80,46,107,132,365,0,1,42,7,50,80,47,149,139,415,36,48,84,499
11/04/2003,TUL,OK,ASW,CE,Towers with Radar,98,53,152,97,400,0,0,13,12,25,98,53,165,109,425,16,12,28,453
11/05/2003,TUL,OK,ASW,CE,Towers with Radar,99,53,112,110,374,0,0,4,2,6,99,53,116,112,380,16,32,48,428
11/06/2003,TUL,OK,ASW,CE,Towers with Radar,99,64,106,126,395,0,0,16,14,30,99,64,122,140,425,6,30,36,461
11/07/2003,TUL,OK,ASW,CE,Towers with Radar,92,52,98,81,323,0,0,12,3,15,92,52,110,84,338,14,0,14,352
11/08/2003,TUL,OK,ASW,CE,Towers with Radar,81,34,82,83,280,0,0,11,4,15,81,34,93,87,295,40,6,46,341
11/09/2003,TUL,OK,ASW,CE,Towers with Radar,76,38,82,80,276,0,0,13,2,15,76,38,95,82,291,40,0,40,331
11/10/2003,TUL,OK,ASW,CE,Towers with Radar,83,46,97,132,358,0,0,8,1,9,83,46,105,133,367,4,18,22,389
11/11/2003,TUL,OK,ASW,CE,Towers with Radar,89,54,117,73,333,0,1,34,9,44,89,55,151,82,377,20,32,52,429
11/12/2003,TUL,OK,ASW,CE,Towers with Radar,88,61,119,113,381,0,0,39,17,56,88,61,158,130,437,10,48,58,495
11/13/2003,TUL,OK,ASW,CE,Towers with Radar,96,58,114,113,381,0,0,26,9,35,96,58,140,122,416,24,60,84,500
11/14/2003,TUL,OK,ASW,CE,Towers with Radar,90,50,86,83,309,0,0,2,12,14,90,50,88,95,323,0,26,26,349
11/15/2003,TUL,OK,ASW,CE,Towers with Radar,74,35,75,65,249,0,0,21,4,25,74,35,96,69,274,64,0,64,338
11/16/2003,TUL,OK,ASW,CE,Towers with Radar,72,47,99,56,274,0,0,7,2,9,72,47,106,58,283,8,0,8,291
11/17/2003,TUL,OK,ASW,CE,Towers with Radar,78,46,48,69,241,0,0,0,0,0,78,46,48,69,241,0,0,0,241
11/18/2003,TUL,OK,ASW,CE,Towers with Radar,93,64,117,97,371,0,1,22,8,31,93,65,139,105,402,52,10,62,464
11/19/2003,TUL,OK,ASW,CE,Towers with Radar,90,49,165,110,414,0,0,67,22,89,90,49,232,132,503,36,44,80,583
11/20/2003,TUL,OK,ASW,CE,Towers with Radar,98,53,141,135,427,0,0,68,10,78,98,53,209,145,505,44,48,92,597
11/21/2003,TUL,OK,ASW,CE,Towers with Radar,88,52,149,97,386,0,0,79,19,98,88,52,228,116,484,76,12,88,572
11/22/2003,TUL,OK,ASW,CE,Towers with Radar,75,38,67,52,232,0,0,37,2,39,75,38,104,54,271,64,0,64,335
11/23/2003,TUL,OK,ASW,CE,Towers with Radar,76,36,62,73,247,0,0,13,6,19,76,36,75,79,266,8,26,34,300
11/24/2003,TUL,OK,ASW,CE,Towers with Radar,84,48,118,116,366,0,0,46,7,53,84,48,164,123,419,56,68,124,543
11/25/2003,TUL,OK,ASW,CE,Towers with Radar,82,56,122,122,382,0,0,33,13,46,82,56,155,135,428,48,44,92,520
11/26/2003,TUL,OK,ASW,CE,Towers with Radar,93,58,112,136,399,0,0,39,11,50,93,58,151,147,449,40,52,92,541
11/27/2003,TUL,OK,ASW,CE,Towers with Radar,63,35,44,50,192,0,0,19,4,23,63,35,63,54,215,0,0,0,215
11/28/2003,TUL,OK,ASW,CE,Towers with Radar,69,35,79,70,253,1,0,61,6,68,70,35,140,76,321,80,0,80,401
11/29/2003,TUL,OK,ASW,CE,Towers with Radar,65,37,72,64,238,0,0,49,7,56,65,37,121,71,294,60,0,60,354
11/30/2003,TUL,OK,ASW,CE,Towers with Radar,75,47,126,74,322,0,0,79,3,82,75,47,205,77,404,38,0,38,442
12/01/2003,TUL,OK,ASW,CE,Towers with Radar,90,47,96,108,341,0,0,49,3,52,90,47,145,111,393,32,22,54,447
12/02/2003,TUL,OK,ASW,CE,Towers with Radar,104,48,95,174,421,0,0,26,12,38,104,48,121,186,459,24,192,216,675
12/03/2003,TUL,OK,ASW,CE,Towers with Radar,106,47,123,119,395,0,0,17,14,31,106,47,140,133,426,40,28,68,494
12/04/2003,TUL,OK,ASW,CE,Towers with Radar,92,54,139,102,387,0,0,41,14,55,92,54,180,116,442,54,18,72,514
12/05/2003,TUL,OK,ASW,CE,Towers with Radar,97,47,111,171,426,0,1,28,11,40,97,48,139,182,466,66,78,144,610
12/06/2003,TUL,OK,ASW,CE,Towers with Radar,74,35,116,79,304,0,0,48,14,62,74,35,164,93,366,58,28,86,452
12/07/2003,TUL,OK,ASW,CE,Towers with Radar,74,36,97,86,293,0,0,50,6,56,74,36,147,92,349,20,32,52,401
12/08/2003,TUL,OK,ASW,CE,Towers with Radar,82,45,93,135,355,0,0,57,8,65,82,45,150,143,420,44,40,84,504
12/09/2003,TUL,OK,ASW,CE,Towers with Radar,99,44,52,67,262,0,0,3,1,4,99,44,55,68,266,4,0,4,270
12/10/2003,TUL,OK,ASW,CE,Towers with Radar,103,58,96,174,431,0,0,34,5,39,103,58,130,179,470,84,222,306,776
12/11/2003,TUL,OK,ASW,CE,Towers with Radar,110,54,115,161,440,0,0,67,11,78,110,54,182,172,518,52,76,128,646
12/12/2003,TUL,OK,ASW,CE,Towers with Radar,100,55,106,82,343,0,0,33,14,47,100,55,139,96,390,48,24,72,462
12/13/2003,TUL,OK,ASW,CE,Towers with Radar,82,49,29,61,221,0,0,9,1,10,82,49,38,62,231,8,0,8,239
12/14/2003,TUL,OK,ASW,CE,Towers with Radar,81,45,84,69,279,0,0,27,19,46,81,45,111,88,325,40,0,40,365
12/15/2003,TUL,OK,ASW,CE,Towers with Radar,85,52,119,180,436,0,0,28,8,36,85,52,147,188,472,22,130,152,624
12/16/2003,TUL,OK,ASW,CE,Towers with Radar,101,56,110,171,438,0,0,35,10,45,101,56,145,181,483,90,104,194,677
12/17/2003,TUL,OK,ASW,CE,Towers with Radar,98,49,173,154,474,0,0,70,8,78,98,49,243,162,552,110,106,216,768
12/18/2003,TUL,OK,ASW,CE,Towers with Radar,109,60,136,160,465,0,0,53,14,67,109,60,189,174,532,46,70,116,648
12/19/2003,TUL,OK,ASW,CE,Towers with Radar,105,52,144,106,407,0,0,67,13,80,105,52,211,119,487,134,90,224,711
12/20/2003,TUL,OK,ASW,CE,Towers with Radar,77,37,93,70,277,0,0,70,1,71,77,37,163,71,348,68,6,74,422
12/21/2003,TUL,OK,ASW,CE,Towers with Radar,75,39,51,93,258,0,0,38,3,41,75,39,89,96,299,30,26,56,355
12/22/2003,TUL,OK,ASW,CE,Towers with Radar,86,43,88,98,315,0,0,14,2,16,86,43,102,100,331,0,48,48,379
12/23/2003,TUL,OK,ASW,CE,Towers with Radar,103,50,79,97,329,0,2,84,18,104,103,52,163,115,433,18,28,46,479
12/24/2003,TUL,OK,ASW,CE,Towers with Radar,80,46,101,78,305,0,0,38,9,47,80,46,139,87,352,28,0,28,380
12/25/2003,TUL,OK,ASW,CE,Towers with Radar,52,35,49,63,199,0,0,16,1,17,52,35,65,64,216,2,0,2,218
12/26/2003,TUL,OK,ASW,CE,Towers with Radar,78,52,80,71,281,0,0,21,15,36,78,52,101,86,317,26,0,26,343
12/27/2003,TUL,OK,ASW,CE,Towers with Radar,73,32,69,66,240,0,0,7,4,11,73,32,76,70,251,2,0,2,253
12/28/2003,TUL,OK,ASW,CE,Towers with Radar,79,42,72,56,249,0,0,49,7,56,79,42,121,63,305,26,0,26,331
12/29/2003,TUL,OK,ASW,CE,Towers with Radar,79,49,89,92,309,0,0,64,10,74,79,49,153,102,383,28,16,44,427
12/30/2003,TUL,OK,ASW,CE,Towers with Radar,91,49,92,85,317,0,0,36,6,42,91,49,128,91,359,56,24,80,439
12/31/2003,TUL,OK,ASW,CE,Towers with Radar,76,45,70,81,272,0,0,56,9,65,76,45,126,90,337,18,24,42,379
01/01/2004,TUL,OK,ASW,CE,Towers with Radar,90,47,53,80,270,0,0,0,0,0,90,47,53,80,270,20,8,28,298
01/02/2004,TUL,OK,ASW,CE,Towers with Radar,90,47,53,80,270,2,3,48,20,73,92,50,101,100,343,2,0,2,345
01/03/2004,TUL,OK,ASW,CE,Towers with Radar,91,48,101,99,339,0,0,34,0,34,91,48,135,99,373,12,4,16,389
01/04/2004,TUL,OK,ASW,CE,Towers with Radar,91,48,135,99,373,6,3,53,7,69,97,51,188,106,442,42,26,68,510
01/05/2004,TUL,OK,ASW,CE,Towers with Radar,90,46,101,99,336,0,0,0,0,0,90,46,101,99,336,46,30,76,412
01/06/2004,TUL,OK,ASW,CE,Towers with Radar,90,48,99,94,331,0,0,0,0,0,90,48,99,94,331,30,18,48,379
01/07/2004,TUL,OK,ASW,CE,Towers with Radar,90,49,95,92,326,0,0,36,9,45,90,49,131,101,371,16,40,56,427
01/08/2004,TUL,OK,ASW,CE,Towers with Radar,97,50,104,107,358,0,0,25,4,29,97,50,129,111,387,24,36,60,447
01/09/2004,TUL,OK,ASW,CE,Towers with Radar,94,48,128,112,382,0,0,37,11,48,94,48,165,123,430,72,54,126,556
01/10/2004,TUL,OK,ASW,CE,Towers with Radar,99,52,146,142,439,0,0,47,7,54,99,52,193,149,493,70,40,110,603
01/11/2004,TUL,OK,ASW,CE,Towers with Radar,78,32,77,83,270,0,0,66,10,76,78,32,143,93,346,66,74,140,486
01/12/2004,TUL,OK,ASW,CE,Towers with Radar,76,37,105,117,335,0,0,53,14,67,76,37,158,131,402,32,68,100,502
01/13/2004,TUL,OK,ASW,CE,Towers with Radar,83,43,110,124,360,0,0,29,10,39,83,43,139,134,399,50,68,118,517
01/14/2004,TUL,OK,ASW,CE,Towers with Radar,99,45,110,159,413,0,0,30,13,43,99,45,140,172,456,70,70,140,596
01/15/2004,TUL,OK,ASW,CE,Towers with Radar,92,44,116,145,397,0,0,38,12,50,92,44,154,157,447,36,76,112,559
01/16/2004,TUL,OK,ASW,CE,Towers with Radar,97,65,80,82,324,0,0,0,2,2,97,65,80,84,326,0,0,0,326
01/17/2004,TUL,OK,ASW,CE,Towers with Radar,73,40,46,54,213,0,0,0,0,0,73,40,46,54,213,0,0,0,213
01/18/2004,TUL,OK,ASW,CE,Towers with Radar,77,41,65,53,236,0,0,26,4,30,77,41,91,57,266,12,0,12,278
01/19/2004,TUL,OK,ASW,CE,Towers with Radar,82,47,125,64,318,0,0,40,6,46,82,47,165,70,364,14,0,14,378
01/20/2004,TUL,OK,ASW,CE,Towers with Radar,103,46,112,127,388,0,0,37,10,47,103,46,149,137,435,28,62,90,525
01/21/2004,TUL,OK,ASW,CE,Towers with Radar,91,50,120,140,401,0,0,46,13,59,91,50,166,153,460,104,118,222,682
01/22/2004,TUL,OK,ASW,CE,Towers with Radar,91,49,133,148,421,0,0,43,23,66,91,49,176,171,487,46,88,134,621
01/23/2004,TUL,OK,ASW,CE,Towers with Radar,96,51,135,93,375,0,2,50,18,70,96,53,185,111,445,48,34,82,527
01/24/2004,TUL,OK,ASW,CE,Towers with Radar,82,36,53,71,242,0,1,8,3,12,82,37,61,74,254,40,0,40,294
01/25/2004,TUL,OK,ASW,CE,Towers with Radar,77,33,56,53,219,0,0,0,0,0,77,33,56,53,219,2,0,2,221
01/26/2004,TUL,OK,ASW,CE,Towers with Radar,83,48,69,67,267,0,0,4,0,4,83,48,73,67,271,0,8,8,279
01/27/2004,TUL,OK,ASW,CE,Towers with Radar,87,42,82,106,317,0,0,25,19,44,87,42,107,125,361,8,42,50,411
01/28/2004,TUL,OK,ASW,CE,Towers with Radar,102,51,144,117,414,0,0,42,15,57,102,51,186,132,471,98,50,148,619
01/29/2004,TUL,OK,ASW,CE,Towers with Radar,94,51,114,106,365,0,0,24,11,35,94,51,138,117,400,54,64,118,518
01/30/2004,TUL,OK,ASW,CE,Towers with Radar,98,48,114,130,390,0,0,37,21,58,98,48,151,151,448,26,64,90,538
01/31/2004,TUL,OK,ASW,CE,Towers with Radar,79,41,73,57,250,0,0,16,3,19,79,41,89,60,269,20,12,32,301
02/01/2004,TUL,OK,ASW,CE,Towers with Radar,75,38,43,63,219,0,0,5,4,9,75,38,48,67,228,4,2,6,234
02/02/2004,TUL,OK,ASW,CE,Towers with Radar,82,51,87,107,327,0,1,13,4,18,82,52,100,111,345,8,24,32,377
02/03/2004,TUL,OK,ASW,CE,Towers with Radar,105,61,132,122,420,0,0,54,10,64,105,61,186,132,484,88,74,162,646
02/04/2004,TUL,OK,ASW,CE,Towers with Radar,101,48,56,65,270,0,0,5,7,12,101,48,61,72,282,0,12,12,294
02/05/2004,TUL,OK,ASW,CE,Towers with Radar,98,51,72,55,276,0,0,4,3,7,98,51,76,58,283,0,8,8,291
02/06/2004,TUL,OK,ASW,CE,Towers with Radar,99,64,116,92,371,0,0,16,8,24,99,64,132,100,395,32,24,56,451
02/07/2004,TUL,OK,ASW,CE,Towers with Radar,72,38,77,51,238,0,0,53,18,71,72,38,130,69,309,48,0,48,357
02/08/2004,TUL,OK,ASW,CE,Towers with Radar,70,40,76,52,238,0,0,37,5,42,70,40,113,57,280,34,6,40,320
02/09/2004,TUL,OK,ASW,CE,Towers with Radar,82,42,86,111,321,0,0,13,5,18,82,42,99,116,339,12,50,62,401
02/10/2004,TUL,OK,ASW,CE,Towers with Radar,101,51,137,153,442,0,0,53,23,76,101,51,190,176,518,58,58,116,634
02/11/2004,TUL,OK,ASW,CE,Towers with Radar,101,52,107,108,368,0,0,34,21,55,101,52,141,129,423,44,40,84,507
02/12/2004,TUL,OK,ASW,CE,Towers with Radar,97,55,112,177,441,0,0,43,23,66,97,55,155,200,507,70,116,186,693
02/13/2004,TUL,OK,ASW,CE,Towers with Radar,91,46,118,164,419,0,0,54,13,67,91,46,172,177,486,84,108,192,678
02/14/2004,TUL,OK,ASW,CE,Towers with Radar,70,34,56,48,208,0,0,58,1,59,70,34,114,49,267,52,4,56,323
02/15/2004,TUL,OK,ASW,CE,Towers with Radar,75,37,61,56,229,0,0,31,1,32,75,37,92,57,261,58,0,58,319
02/16/2004,TUL,OK,ASW,CE,Towers with Radar,88,48,93,72,301,0,1,35,6,42,88,49,128,78,343,50,0,50,393
02/17/2004,TUL,OK,ASW,CE,Towers with Radar,104,48,106,121,379,0,0,58,9,67,104,48,164,130,446,82,56,138,584
02/18/2004,TUL,OK,ASW,CE,Towers with Radar,96,47,156,107,406,0,0,38,9,47,96,47,194,116,453,34,44,78,531
02/19/2004,TUL,OK,ASW,CE,Towers with Radar,94,49,96,129,368,0,0,21,11,32,94,49,117,140,400,14,60,74,474
02/20/2004,TUL,OK,ASW,CE,Towers with Radar,93,48,107,79,327,0,1,38,18,57,93,49,145,97,384,122,8,130,514
02/21/2004,TUL,OK,ASW,CE,Towers with Radar,71,34,100,69,274,0,1,53,15,69,71,35,153,84,343,34,8,42,385
02/22/2004,TUL,OK,ASW,CE,Towers with Radar,70,33,99,81,283,0,0,42,4,46,70,33,141,85,329,50,12,62,391
02/23/2004,TUL,OK,ASW,CE,Towers with Radar,80,40,110,67,297,0,0,11,4,15,80,40,121,71,312,20,38,58,370
02/24/2004,TUL,OK,ASW,CE,Towers with Radar,98,52,89,101,340,0,0,17,9,26,98,52,106,110,366,2,68,70,436
02/25/2004,TUL,OK,ASW,CE,Towers with Radar,92,50,102,137,381,0,0,32,17,49,92,50,134,154,430,30,74,104,534
02/26/2004,TUL,OK,ASW,CE,Towers with Radar,87,44,148,132,411,0,0,59,14,73,87,44,207,146,484,72,84,156,640
02/27/2004,TUL,OK,ASW,CE,Towers with Radar,94,40,119,118,371,0,0,48,25,73,94,40,167,143,444,52,70,122,566
02/28/2004,TUL,OK,ASW,CE,Towers with Radar,68,37,66,43,214,0,0,27,8,35,68,37,93,51,249,38,0,38,287
02/29/2004,TUL,OK,ASW,CE,Towers with Radar,70,36,37,58,201,0,0,5,5,10,70,36,42,63,211,20,10,30,241
03/01/2004,TUL,OK,ASW,CE,Towers with Radar,83,41,75,100,299,0,0,27,15,42,83,41,102,115,341,12,38,50,391
03/02/2004,TUL,OK,ASW,CE,Towers with Radar,93,59,143,131,426,0,0,50,22,72,93,59,193,153,498,32,64,96,594
03/03/2004,TUL,OK,ASW,CE,Towers with Radar,90,55,52,68,265,0,0,45,6,51,90,55,97,74,316,2,0,2,318
03/04/2004,TUL,OK,ASW,CE,Towers with Radar,101,56,51,55,263,0,0,4,2,6,101,56,55,57,269,2,0,2,271
03/05/2004,TUL,OK,ASW,CE,Towers with Radar,90,53,135,89,367,0,0,27,11,38,90,53,162,100,405,20,32,52,457
03/06/2004,TUL,OK,ASW,CE,Towers with Radar,72,40,101,55,268,0,1,71,18,90,72,41,172,73,358,70,48,118,476
03/07/2004,TUL,OK,ASW,CE,Towers with Radar,68,54,104,58,284,0,0,46,6,52,68,54,150,64,336,52,20,72,408
03/08/2004,TUL,OK,ASW,CE,Towers with Radar,77,48,99,84,308,0,0,43,9,52,77,48,142,93,360,12,12,24,384
03/09/2004,TUL,OK,ASW,CE,Towers with Radar,97,59,129,112,397,0,0,63,16,79,97,59,192,128,476,42,42,84,560
03/10/2004,TUL,OK,ASW,CE,Towers with Radar,89,62,129,149,429,0,0,47,33,80,89,62,176,182,509,50,84,134,643
03/11/2004,TUL,OK,ASW,CE,Towers with Radar,90,57,153,122,422,0,0,79,18,97,90,57,232,140,519,94,98,192,711
03/12/2004,TUL,OK,ASW,CE,Towers with Radar,97,53,135,143,428,0,0,60,18,78,97,53,195,161,506,26,76,102,608
03/13/2004,TUL,OK,ASW,CE,Towers with Radar,72,45,69,56,242,0,1,3,5,9,72,46,72,61,251,4,0,4,255
03/14/2004,TUL,OK,ASW,CE,Towers with Radar,65,46,68,60,239,0,0,35,20,55,65,46,103,80,294,22,10,32,326
03/15/2004,TUL,OK,ASW,CE,Towers with Radar,87,42,82,62,273,0,0,13,3,16,87,42,95,65,289,28,6,34,323
03/16/2004,TUL,OK,ASW,CE,Towers with Radar,93,46,135,110,384,0,0,49,31,80,93,46,184,141,464,34,54,88,552
03/17/2004,TUL,OK,ASW,CE,Towers with Radar,92,58,128,104,382,0,1,51,13,65,92,59,179,117,447,78,178,256,703
03/18/2004,TUL,OK,ASW,CE,Towers with Radar,105,54,148,150,457,0,0,45,18,63,105,54,193,168,520,72,188,260,780
03/19/2004,TUL,OK,ASW,CE,Towers with Radar,106,52,132,83,373,0,0,23,19,42,106,52,155,102,415,38,56,94,509
03/20/2004,TUL,OK,ASW,CE,Towers with Radar,69,42,64,59,234,0,1,25,6,32,69,43,89,65,266,16,16,32,298
03/21/2004,TUL,OK,ASW,CE,Towers with Radar,67,47,91,73,278,0,0,51,17,68,67,47,142,90,346,30,26,56,402
03/22/2004,TUL,OK,ASW,CE,Towers with Radar,82,46,108,88,324,0,0,34,13,47,82,46,142,101,371,36,36,72,443
03/23/2004,TUL,OK,ASW,CE,Towers with Radar,94,48,102,158,402,0,1,35,20,56,94,49,137,178,458,28,98,126,584
03/24/2004,TUL,OK,ASW,CE,Towers with Radar,93,46,92,94,325,0,0,7,2,9,93,46,99,96,334,14,34,48,382
03/25/2004,TUL,OK,ASW,CE,Towers with Radar,90,49,131,134,404,0,0,17,4,21,90,49,148,138,425,78,86,164,589
03/26/2004,TUL,OK,ASW,CE,Towers with Radar,97,47,101,102,347,0,0,36,10,46,97,47,137,112,393,28,40,68,461
03/27/2004,TUL,OK,ASW,CE,Towers with Radar,74,34,29,74,211,0,0,8,6,14,74,34,37,80,225,10,0,10,235
03/28/2004,TUL,OK,ASW,CE,Towers with Radar,64,49,68,70,251,0,0,31,1,32,64,49,99,71,283,24,4,28,311
03/29/2004,TUL,OK,ASW,CE,Towers with Radar,79,52,101,101,333,0,0,42,8,50,79,52,143,109,383,22,34,56,439
03/30/2004,TUL,OK,ASW,CE,Towers with Radar,91,55,140,110,396,0,0,58,10,68,91,55,198,120,464,58,80,138,602
03/31/2004,TUL,OK,ASW,CE,Towers with Radar,95,53,151,109,408,0,0,59,25,84,95,53,210,134,492,78,70,148,640
04/01/2004,TUL,OK,ASW,CE,Towers with Radar,101,53,98,133,385,0,0,23,9,32,101,53,121,142,417,2,62,64,481
04/02/2004,TUL,OK,ASW,CE,Towers with Radar,98,55,136,115,404,0,0,52,21,73,98,55,188,136,477,68,52,120,597
04/03/2004,TUL,OK,ASW,CE,Towers with Radar,96,53,162,137,448,0,0,87,15,102,96,53,249,152,550,104,52,156,706
04/04/2004,TUL,OK,ASW,CE,Towers with Radar,68,45,74,66,253,0,1,53,6,60,68,46,127,72,313,72,0,72,385
04/05/2004,TUL,OK,ASW,CE,Towers with Radar,79,50,105,78,312,0,1,61,11,73,79,51,166,89,385,78,50,128,513
04/06/2004,TUL,OK,ASW,CE,Towers with Radar,89,47,109,125,370,0,0,40,13,53,89,47,149,138,423,72,38,110,533
04/07/2004,TUL,OK,ASW,CE,Towers with Radar,89,53,97,122,361,0,0,32,15,47,89,53,129,137,408,40,66,106,514
04/08/2004,TUL,OK,ASW,CE,Towers with Radar,94,56,93,93,336,0,0,17,14,31,94,56,110,107,367,2,92,94,461
04/09/2004,TUL,OK,ASW,CE,Towers with Radar,93,59,166,74,392,0,0,66,29,95,93,59,232,103,487,64,58,122,609
04/10/2004,TUL,OK,ASW,CE,Towers with Radar,104,63,87,85,339,0,0,20,8,28,104,63,107,93,367,24,8,32,399
04/11/2004,TUL,OK,ASW,CE,Towers with Radar,59,51,36,35,181,0,0,0,0,0,59,51,36,35,181,0,0,0,181
04/12/2004,TUL,OK,ASW,CE,Towers with Radar,70,40,54,47,211,0,0,28,6,34,70,40,82,53,245,10,0,10,255
04/13/2004,TUL,OK,ASW,CE,Towers with Radar,83,48,108,104,343,0,0,34,7,41,83,48,142,111,384,56,86,142,526
04/14/2004,TUL,OK,ASW,CE,Towers with Radar,99,54,105,146,404,0,0,49,10,59,99,54,154,156,463,44,60,104,567
04/15/2004,TUL,OK,ASW,CE,Towers with Radar,100,49,155,92,396,0,1,52,13,66,100,50,207,105,462,84,98,182,644
04/16/2004,TUL,OK,ASW,CE,Towers with Radar,102,50,118,122,392,0,0,35,14,49,102,50,153,136,441,36,60,96,537
04/17/2004,TUL,OK,ASW,CE,Towers with Radar,98,54,106,105,363,0,0,39,5,44,98,54,145,110,407,72,46,118,525
04/18/2004,TUL,OK,ASW,CE,Towers with Radar,68,36,42,51,197,0,0,20,11,31,68,36,62,62,228,26,0,26,254
04/19/2004,TUL,OK,ASW,CE,Towers with Radar,67,39,60,75,241,0,0,9,7,16,67,39,69,82,257,4,28,32,289
04/20/2004,TUL,OK,ASW,CE,Towers with Radar,81,45,88,116,330,0,0,22,2,24,81,45,110,118,354,16,50,66,420
04/21/2004,TUL,OK,ASW,CE,Towers with Radar,90,51,86,74,301,0,0,11,6,17,90,51,97,80,318,2,12,14,332
04/22/2004,TUL,OK,ASW,CE,Towers with Radar,97,49,103,67,316,0,0,38,15,53,97,49,141,82,369,38,18,56,425
04/23/2004,TUL,OK,ASW,CE,Towers with Radar,87,35,96,86,304,0,0,15,14,29,87,35,111,100,333,36,80,116,449
04/24/2004,TUL,OK,ASW,CE,Towers with Radar,94,49,77,58,278,0,0,1,0,1,94,49,78,58,279,0,0,0,279
04/25/2004,TUL,OK,ASW,CE,Towers with Radar,67,39,65,42,213,0,0,6,0,6,67,39,71,42,219,44,10,54,273
04/26/2004,TUL,OK,ASW,CE,Towers with Radar,70,36,86,84,276,0,0,62,8,70,70,36,148,92,346,18,48,66,412
04/27/2004,TUL,OK,ASW,CE,Towers with Radar,90,45,120,97,352,0,0,53,10,63,90,45,173,107,415,68,50,118,533
04/28/2004,TUL,OK,ASW,CE,Towers with Radar,101,58,153,124,436,0,0,70,31,101,101,58,223,155,537,118,26,144,681
04/29/2004,TUL,OK,ASW,CE,Towers with Radar,99,53,128,150,430,0,1,37,16,54,99,54,165,166,484,60,38,98,582
04/30/2004,TUL,OK,ASW,CE,Towers with Radar,101,53,98,133,385,0,0,23,9,32,101,53,121,142,417,36,98,134,551
05/01/2004,TUL,OK,ASW,CE,Towers with Radar,72,38,77,51,238,0,0,53,18,71,72,38,130,69,309,6,4,10,319
05/02/2004,TUL,OK,ASW,CE,Towers with Radar,82,42,86,111,321,0,0,13,5,18,82,42,99,116,339,26,10,36,375
05/03/2004,TUL,OK,ASW,CE,Towers with Radar,104,48,106,121,379,0,0,58,9,67,104,48,164,130,446,18,38,56,502
05/04/2004,TUL,OK,ASW,CE,Towers with Radar,96,47,156,107,406,0,0,38,9,47,96,47,194,116,453,50,66,116,569
05/05/2004,TUL,OK,ASW,CE,Towers with Radar,98,47,153,125,423,0,0,67,22,89,98,47,220,147,512,102,52,154,666
05/06/2004,TUL,OK,ASW,CE,Towers with Radar,96,44,142,124,406,0,1,77,12,90,96,45,219,136,496,76,46,122,618
05/07/2004,TUL,OK,ASW,CE,Towers with Radar,105,51,124,80,360,0,0,52,19,71,105,51,176,99,431,36,50,86,517
05/08/2004,TUL,OK,ASW,CE,Towers with Radar,75,33,80,53,241,0,0,48,12,60,75,33,128,65,301,66,12,78,379
05/09/2004,TUL,OK,ASW,CE,Towers with Radar,68,38,75,61,242,0,0,42,19,61,68,38,117,80,303,32,10,42,345
05/10/2004,TUL,OK,ASW,CE,Towers with Radar,82,40,112,117,351,0,0,44,7,51,82,40,156,124,402,14,92,106,508
05/11/2004,TUL,OK,ASW,CE,Towers with Radar,94,50,140,148,432,0,0,38,10,48,94,50,178,158,480,18,86,104,584
05/12/2004,TUL,OK,ASW,CE,Towers with Radar,100,51,110,121,382,0,0,17,18,35,100,51,127,139,417,28,64,92,509
05/13/2004,TUL,OK,ASW,CE,Towers with Radar,86,51,79,66,282,0,0,8,5,13,86,51,87,71,295,0,0,0,295
05/14/2004,TUL,OK,ASW,CE,Towers with Radar,117,55,138,70,380,0,0,25,6,31,117,55,163,76,411,48,8,56,467
05/15/2004,TUL,OK,ASW,CE,Towers with Radar,67,39,93,59,258,0,0,31,7,38,67,39,124,66,296,54,0,54,350
05/16/2004,TUL,OK,ASW,CE,Towers with Radar,66,42,77,64,249,0,0,33,5,38,66,42,110,69,287,26,6,32,319
05/17/2004,TUL,OK,ASW,CE,Towers with Radar,82,47,104,83,316,0,0,49,10,59,82,47,153,93,375,22,22,44,419
05/18/2004,TUL,OK,ASW,CE,Towers with Radar,98,50,124,145,417,0,0,28,8,36,98,50,152,153,453,32,94,126,579
05/19/2004,TUL,OK,ASW,CE,Towers with Radar,99,48,134,111,392,0,0,38,20,58,99,48,172,131,450,76,112,188,638
05/20/2004,TUL,OK,ASW,CE,Towers with Radar,94,46,144,102,386,0,1,57,13,71,94,47,201,115,457,72,60,132,589
05/21/2004,TUL,OK,ASW,CE,Towers with Radar,97,47,93,91,328,0,0,39,10,49,97,47,132,101,377,32,28,60,437
05/22/2004,TUL,OK,ASW,CE,Towers with Radar,67,36,64,66,233,0,0,24,4,28,67,36,88,70,261,10,10,20,281
05/23/2004,TUL,OK,ASW,CE,Towers with Radar,67,39,82,77,265,0,0,30,6,36,67,39,112,83,301,40,24,64,365
05/24/2004,TUL,OK,ASW,CE,Towers with Radar,89,41,84,72,286,0,0,28,11,39,89,41,112,83,325,24,16,40,365
05/25/2004,TUL,OK,ASW,CE,Towers with Radar,100,46,113,94,353,0,0,10,5,15,100,46,123,99,368,2,10,12,380
05/26/2004,TUL,OK,ASW,CE,Towers with Radar,105,49,101,88,343,0,0,12,5,17,105,49,113,93,360,26,26,52,412
05/27/2004,TUL,OK,ASW,CE,Towers with Radar,115,44,116,92,367,0,0,40,11,51,115,44,156,103,418,68,44,112,530
05/28/2004,TUL,OK,ASW,CE,Towers with Radar,114,46,144,82,386,0,0,48,25,73,114,46,192,107,459,48,26,74,533
05/29/2004,TUL,OK,ASW,CE,Towers with Radar,69,35,68,60,232,0,0,26,5,31,69,35,94,65,263,30,0,30,293
05/30/2004,TUL,OK,ASW,CE,Towers with Radar,55,35,39,36,165,0,0,25,8,33,55,35,64,44,198,14,0,14,212
05/31/2004,TUL,OK,ASW,CE,Towers with Radar,71,38,76,65,250,0,0,48,6,54,71,38,124,71,304,44,20,64,368
06/01/2004,TUL,OK,ASW,CE,Towers with Radar,87,45,121,123,376,0,0,66,6,72,87,45,187,129,448,40,52,92,540
06/02/2004,TUL,OK,ASW,CE,Towers with Radar,74,41,88,86,289,36,11,33,0,80,110,52,121,86,369,2,14,16,385
06/03/2004,TUL,OK,ASW,CE,Towers with Radar,103,58,122,125,408,2,3,64,7,76,105,61,186,132,484,26,12,38,522
06/04/2004,TUL,OK,ASW,CE,Towers with Radar,87,49,105,70,311,7,6,81,0,94,94,55,186,70,405,56,0,56,461
06/05/2004,TUL,OK,ASW,CE,Towers with Radar,54,30,58,65,207,24,2,0,18,44,78,32,58,83,251,40,28,68,319
06/06/2004,TUL,OK,ASW,CE,Towers with Radar,71,37,85,84,277,3,0,18,15,36,74,37,103,99,313,26,56,82,395
06/07/2004,TUL,OK,ASW,CE,Towers with Radar,72,40,87,86,285,11,8,28,0,47,83,48,115,86,332,30,26,56,388
06/08/2004,TUL,OK,ASW,CE,Towers with Radar,89,40,106,86,321,19,0,46,0,65,108,40,152,86,386,42,6,48,434
06/09/2004,TUL,OK,ASW,CE,Towers with Radar,74,41,78,79,272,23,11,0,0,34,97,52,78,79,306,6,0,6,312
06/10/2004,TUL,OK,ASW,CE,Towers with Radar,44,27,68,58,197,0,0,36,0,36,44,27,104,58,233,20,6,26,259
06/11/2004,TUL,OK,ASW,CE,Towers with Radar,95,49,113,109,366,6,0,30,0,36,101,49,143,109,402,54,32,86,488
06/12/2004,TUL,OK,ASW,CE,Towers with Radar,64,36,82,81,263,0,0,35,0,35,64,36,117,81,298,24,14,38,336
06/13/2004,TUL,OK,ASW,CE,Towers with Radar,64,36,77,60,237,4,14,37,0,55,68,50,114,60,292,22,0,22,314
06/14/2004,TUL,OK,ASW,CE,Towers with Radar,76,49,116,117,358,0,0,31,21,52,76,49,147,138,410,2,64,66,476
06/15/2004,TUL,OK,ASW,CE,Towers with Radar,100,59,136,134,429,0,0,73,0,73,100,59,209,134,502,132,64,196,698
06/16/2004,TUL,OK,ASW,CE,Towers with Radar,103,53,130,130,416,0,0,23,25,48,103,53,153,155,464,132,64,196,660
06/17/2004,TUL,OK,ASW,CE,Towers with Radar,93,60,129,130,412,0,0,36,29,65,93,60,165,159,477,52,114,166,643
06/18/2004,TUL,OK,ASW,CE,Towers with Radar,95,52,113,104,364,1,1,19,0,21,96,53,132,104,385,10,42,52,437
06/19/2004,TUL,OK,ASW,CE,Towers with Radar,52,28,61,57,198,23,8,9,0,40,75,36,70,57,238,74,6,80,318
06/20/2004,TUL,OK,ASW,CE,Towers with Radar,61,34,71,58,224,9,12,26,0,47,70,46,97,58,271,12,22,34,305
06/21/2004,TUL,OK,ASW,CE,Towers with Radar,65,36,76,72,249,12,11,19,0,42,77,47,95,72,291,22,20,42,333
06/22/2004,TUL,OK,ASW,CE,Towers with Radar,96,53,115,117,381,0,3,23,28,54,96,56,138,145,435,40,58,98,533
06/23/2004,TUL,OK,ASW,CE,Towers with Radar,92,51,116,118,377,0,0,92,16,108,92,51,208,134,485,58,62,120,605
06/24/2004,TUL,OK,ASW,CE,Towers with Radar,94,54,128,131,407,0,0,62,37,99,94,54,190,168,506,22,66,88,594
06/25/2004,TUL,OK,ASW,CE,Towers with Radar,78,45,112,114,349,0,0,23,8,31,78,45,135,122,380,30,48,78,458
06/26/2004,TUL,OK,ASW,CE,Towers with Radar,71,42,89,91,293,0,1,42,25,68,71,43,131,116,361,4,46,50,411
06/27/2004,TUL,OK,ASW,CE,Towers with Radar,68,41,74,101,284,0,0,0,78,78,68,41,74,179,362,18,118,136,498
06/28/2004,TUL,OK,ASW,CE,Towers with Radar,81,48,107,109,345,0,0,39,10,49,81,48,146,119,394,56,58,114,508
06/29/2004,TUL,OK,ASW,CE,Towers with Radar,98,53,148,150,449,0,0,33,62,95,98,53,181,212,544,44,116,160,704
06/30/2004,TUL,OK,ASW,CE,Towers with Radar,76,41,89,83,289,12,6,24,0,42,88,47,113,83,331,14,6,20,351
07/01/2004,TUL,OK,ASW,CE,Towers with Radar,90,49,115,109,363,0,9,0,4,13,90,58,115,113,376,74,66,140,516
07/02/2004,TUL,OK,ASW,CE,Towers with Radar,81,44,107,73,305,20,6,24,0,50,101,50,131,73,355,16,0,16,371
07/03/2004,TUL,OK,ASW,CE,Towers with Radar,58,31,77,51,217,10,9,26,0,45,68,40,103,51,262,42,0,42,304
07/04/2004,TUL,OK,ASW,CE,Towers with Radar,37,21,50,38,146,15,10,4,0,29,52,31,54,38,175,8,0,8,183
07/05/2004,TUL,OK,ASW,CE,Towers with Radar,67,37,90,59,253,1,9,28,0,38,68,46,118,59,291,54,2,56,347
07/06/2004,TUL,OK,ASW,CE,Towers with Radar,84,49,120,106,359,0,19,35,35,89,84,68,155,141,448,34,58,92,540
07/07/2004,TUL,OK,ASW,CE,Towers with Radar,98,47,132,116,393,0,0,43,55,98,98,47,175,171,491,38,128,166,657
07/08/2004,TUL,OK,ASW,CE,Towers with Radar,89,51,136,120,396,0,0,73,17,90,89,51,209,137,486,56,44,100,586
07/09/2004,TUL,OK,ASW,CE,Towers with Radar,73,39,98,73,283,30,13,38,0,81,103,52,136,73,364,24,0,24,388
07/10/2004,TUL,OK,ASW,CE,Towers with Radar,71,39,95,83,288,6,0,21,10,37,77,39,116,93,325,36,62,98,423
07/11/2004,TUL,OK,ASW,CE,Towers with Radar,67,37,93,82,279,0,0,3,17,20,67,37,96,99,299,18,30,48,347
07/12/2004,TUL,OK,ASW,CE,Towers with Radar,77,43,107,94,321,0,0,45,11,56,77,43,152,105,377,44,8,52,429
07/13/2004,TUL,OK,ASW,CE,Towers with Radar,88,50,122,108,368,0,3,29,31,63,88,53,151,139,431,34,70,104,535
07/14/2004,TUL,OK,ASW,CE,Towers with Radar,100,35,137,120,392,0,0,23,15,38,100,35,160,135,430,62,58,120,550
07/15/2004,TUL,OK,ASW,CE,Towers with Radar,91,46,133,117,387,0,0,64,30,94,91,46,197,147,481,112,34,146,627
07/16/2004,TUL,OK,ASW,CE,Towers with Radar,86,45,114,100,345,10,0,52,8,70,96,45,166,108,415,40,42,82,497
07/17/2004,TUL,OK,ASW,CE,Towers with Radar,99,45,160,130,434,0,0,20,0,20,99,45,180,130,454,70,76,146,600
07/18/2004,TUL,OK,ASW,CE,Towers with Radar,66,34,87,57,244,3,8,51,0,62,69,42,138,57,306,80,50,130,436
07/19/2004,TUL,OK,ASW,CE,Towers with Radar,122,66,160,143,491,26,16,154,130,326,148,82,314,273,817,72,106,178,995
07/20/2004,TUL,OK,ASW,CE,Towers with Radar,85,45,112,100,342,5,0,76,31,112,90,45,188,131,454,56,90,146,600
07/21/2004,TUL,OK,ASW,CE,Towers with Radar,91,49,123,110,373,0,0,59,23,82,91,49,182,133,455,100,58,158,613
07/22/2004,TUL,OK,ASW,CE,Towers with Radar,92,51,140,125,408,0,0,59,26,85,92,51,199,151,493,68,28,96,589
07/23/2004,TUL,OK,ASW,CE,Towers with Radar,89,48,117,104,358,12,1,41,17,71,101,49,158,121,429,64,44,108,537
07/24/2004,TUL,OK,ASW,CE,Towers with Radar,60,31,73,58,222,13,8,0,0,21,73,39,73,58,243,32,0,32,275
07/25/2004,TUL,OK,ASW,CE,Towers with Radar,64,34,83,59,240,3,7,20,0,30,67,41,103,59,270,30,12,42,312
07/26/2004,TUL,OK,ASW,CE,Towers with Radar,82,45,126,112,365,0,0,39,54,93,82,45,165,166,458,52,94,146,604
07/27/2004,TUL,OK,ASW,CE,Towers with Radar,88,49,134,119,390,0,0,63,29,92,88,49,197,148,482,52,42,94,576
07/28/2004,TUL,OK,ASW,CE,Towers with Radar,92,49,120,107,368,3,3,30,22,58,95,52,150,129,426,18,76,94,520
07/29/2004,TUL,OK,ASW,CE,Towers with Radar,81,44,106,65,296,7,9,28,0,44,88,53,134,65,340,12,0,12,352
07/30/2004,TUL,OK,ASW,CE,Towers with Radar,94,54,144,129,421,0,0,17,4,21,94,54,161,133,442,32,40,72,514
07/31/2004,TUL,OK,ASW,CE,Towers with Radar,71,35,92,58,256,3,0,71,0,74,74,35,163,58,330,30,0,30,360
08/01/2004,TUL,OK,ASW,CE,Towers with Radar,63,37,90,84,274,0,0,40,37,77,63,37,130,121,351,44,60,104,455
08/02/2004,TUL,OK,ASW,CE,Towers with Radar,85,49,113,102,349,0,0,72,0,72,85,49,185,102,421,22,48,70,491
08/03/2004,TUL,OK,ASW,CE,Towers with Radar,90,48,117,108,363,0,0,63,36,99,90,48,180,144,462,54,66,120,582
08/04/2004,TUL,OK,ASW,CE,Towers with Radar,91,50,113,104,358,1,0,61,39,101,92,50,174,143,459,66,54,120,579
08/05/2004,TUL,OK,ASW,CE,Towers with Radar,89,57,148,136,430,0,0,46,17,63,89,57,194,153,493,20,60,80,573
08/06/2004,TUL,OK,ASW,CE,Towers with Radar,92,53,114,105,364,1,5,46,33,85,93,58,160,138,449,16,74,90,539
08/07/2004,TUL,OK,ASW,CE,Towers with Radar,68,36,86,79,269,7,0,43,10,60,75,36,129,89,329,18,62,80,409
08/08/2004,TUL,OK,ASW,CE,Towers with Radar,59,34,74,61,228,10,10,7,0,27,69,44,81,61,255,12,2,14,269
08/09/2004,TUL,OK,ASW,CE,Towers with Radar,76,43,94,87,300,3,4,37,9,53,79,47,131,96,353,22,26,48,401
08/10/2004,TUL,OK,ASW,CE,Towers with Radar,87,47,107,97,338,6,0,59,0,65,93,47,166,97,403,16,18,34,437
08/11/2004,TUL,OK,ASW,CE,Towers with Radar,83,48,103,95,329,9,9,33,29,80,92,57,136,124,409,44,52,96,505
08/12/2004,TUL,OK,ASW,CE,Towers with Radar,89,48,111,102,350,6,0,52,25,83,95,48,163,127,433,56,48,104,537
08/13/2004,TUL,OK,ASW,CE,Towers with Radar,96,49,117,108,370,2,0,46,14,62,98,49,163,122,432,74,44,118,550
08/14/2004,TUL,OK,ASW,CE,Towers with Radar,63,34,77,69,243,5,4,58,0,67,68,38,135,69,310,64,20,84,394
08/15/2004,TUL,OK,ASW,CE,Towers with Radar,63,40,88,82,273,0,7,44,4,55,63,47,132,86,328,65,52,117,445
08/16/2004,TUL,OK,ASW,CE,Towers with Radar,79,45,100,93,317,0,0,28,20,48,79,45,128,113,365,16,64,80,445
08/17/2004,TUL,OK,ASW,CE,Towers with Radar,88,50,114,107,359,0,0,40,8,48,88,50,154,115,407,28,48,76,483
08/18/2004,TUL,OK,ASW,CE,Towers with Radar,98,52,123,115,388,0,0,65,5,70,98,52,188,120,458,58,24,82,540
08/19/2004,TUL,OK,ASW,CE,Towers with Radar,83,42,100,94,319,7,0,31,23,61,90,42,131,117,380,40,56,96,476
08/20/2004,TUL,OK,ASW,CE,Towers with Radar,88,50,107,57,302,13,5,7,0,25,101,55,114,57,327,8,30,38,365
08/21/2004,TUL,OK,ASW,CE,Towers with Radar,63,36,76,59,234,18,4,15,0,37,81,40,91,59,271,34,0,34,305
08/22/2004,TUL,OK,ASW,CE,Towers with Radar,72,42,93,87,294,0,4,16,24,44,72,46,109,111,338,38,50,88,426
08/23/2004,TUL,OK,ASW,CE,Towers with Radar,80,44,97,91,312,2,5,35,7,49,82,49,132,98,361,34,60,94,455
08/24/2004,TUL,OK,ASW,CE,Towers with Radar,88,47,111,104,350,0,0,32,34,66,88,47,143,138,416,10,30,40,456
08/25/2004,TUL,OK,ASW,CE,Towers with Radar,91,51,110,103,355,4,4,48,0,56,95,55,158,103,411,62,22,84,495
08/26/2004,TUL,OK,ASW,CE,Towers with Radar,86,54,117,110,367,0,0,51,27,78,86,54,168,137,445,52,64,116,561
08/27/2004,TUL,OK,ASW,CE,Towers with Radar,101,51,123,112,387,4,0,61,0,65,105,51,184,112,452,62,16,78,530
08/28/2004,TUL,OK,ASW,CE,Towers with Radar,57,33,69,42,201,21,0,11,0,32,78,33,80,42,233,26,0,26,259
08/29/2004,TUL,OK,ASW,CE,Towers with Radar,71,42,91,73,277,0,10,13,0,23,71,52,104,73,300,38,30,68,368
08/30/2004,TUL,OK,ASW,CE,Towers with Radar,78,48,113,106,345,0,0,56,47,103,78,48,169,153,448,38,124,162,610
08/31/2004,TUL,OK,ASW,CE,Towers with Radar,94,49,123,115,381,0,0,100,10,110,94,49,223,125,491,48,50,98,589
09/01/2004,TUL,OK,ASW,CE,Towers with Radar,93,48,134,104,379,0,0,105,13,118,93,48,239,117,497,82,26,108,605
09/02/2004,TUL,OK,ASW,CE,Towers with Radar,93,47,135,105,380,2,0,94,29,125,95,47,229,134,505,98,52,150,655
09/03/2004,TUL,OK,ASW,CE,Towers with Radar,95,45,146,114,400,0,0,58,20,78,95,45,204,134,478,54,58,112,590
09/04/2004,TUL,OK,ASW,CE,Towers with Radar,64,35,92,57,248,3,0,41,0,44,67,35,133,57,292,34,4,38,330
09/05/2004,TUL,OK,ASW,CE,Towers with Radar,40,23,59,37,159,2,4,32,0,38,42,27,91,37,197,14,6,20,217
09/06/2004,TUL,OK,ASW,CE,Towers with Radar,62,36,90,56,244,7,3,39,0,49,69,39,129,56,293,14,18,32,325
09/07/2004,TUL,OK,ASW,CE,Towers with Radar,81,53,135,105,374,0,9,28,32,69,81,62,163,137,443,52,78,130,573
09/08/2004,TUL,OK,ASW,CE,Towers with Radar,94,58,146,114,412,0,10,72,24,106,94,68,218,138,518,122,106,228,746
09/09/2004,TUL,OK,ASW,CE,Towers with Radar,92,53,138,107,390,0,0,56,20,76,92,53,194,127,466,98,184,282,748
09/10/2004,TUL,OK,ASW,CE,Towers with Radar,93,51,135,106,385,0,0,116,9,125,93,51,251,115,510,80,72,152,662
09/11/2004,TUL,OK,ASW,CE,Towers with Radar,68,38,98,68,272,4,0,91,0,95,72,38,189,68,367,78,16,94,461
09/12/2004,TUL,OK,ASW,CE,Towers with Radar,64,38,95,75,272,0,5,27,28,60,64,43,122,103,332,34,16,50,382
09/13/2004,TUL,OK,ASW,CE,Towers with Radar,78,39,111,88,316,0,0,47,14,61,78,39,158,102,377,34,44,78,455
09/14/2004,TUL,OK,ASW,CE,Towers with Radar,84,48,118,94,344,15,3,45,15,78,99,51,163,109,422,38,30,68,490
09/15/2004,TUL,OK,ASW,CE,Towers with Radar,86,49,122,97,354,9,4,16,33,62,95,53,138,130,416,16,58,74,490
09/16/2004,TUL,OK,ASW,CE,Towers with Radar,88,51,127,101,367,0,2,23,26,51,88,53,150,127,418,52,50,102,520
09/17/2004,TUL,OK,ASW,CE,Towers with Radar,96,50,136,108,390,3,0,61,12,76,99,50,197,120,466,76,66,142,608
09/18/2004,TUL,OK,ASW,CE,Towers with Radar,64,38,96,66,264,0,0,87,0,87,64,38,183,66,351,24,0,24,375
09/19/2004,TUL,OK,ASW,CE,Towers with Radar,67,38,95,76,276,1,0,61,14,76,68,38,156,90,352,18,2,20,372
09/20/2004,TUL,OK,ASW,CE,Towers with Radar,76,42,107,85,310,5,2,26,24,57,81,44,133,109,367,28,40,68,435
09/21/2004,TUL,OK,ASW,CE,Towers with Radar,89,55,148,117,409,0,0,35,58,93,89,55,183,175,502,16,86,102,604
09/22/2004,TUL,OK,ASW,CE,Towers with Radar,93,55,137,109,394,0,6,12,61,79,93,61,149,170,473,42,82,124,597
09/23/2004,TUL,OK,ASW,CE,Towers with Radar,92,54,137,108,391,0,2,20,24,46,92,56,157,132,437,58,38,96,533
09/24/2004,TUL,OK,ASW,CE,Towers with Radar,87,50,123,98,358,8,0,14,14,36,95,50,137,112,394,62,26,88,482
09/25/2004,TUL,OK,ASW,CE,Towers with Radar,64,38,95,66,263,0,0,60,0,60,64,38,155,66,323,26,32,58,381
09/26/2004,TUL,OK,ASW,CE,Towers with Radar,66,40,98,76,280,0,0,43,8,51,66,40,141,84,331,60,24,84,415
09/27/2004,TUL,OK,ASW,CE,Towers with Radar,79,45,113,87,324,0,4,60,0,64,79,49,173,87,388,32,30,62,450
09/28/2004,TUL,OK,ASW,CE,Towers with Radar,90,52,129,100,371,5,1,73,0,79,95,53,202,100,450,76,40,116,566
09/29/2004,TUL,OK,ASW,CE,Towers with Radar,84,48,119,93,344,5,3,77,5,90,89,51,196,98,434,56,0,56,490
09/30/2004,TUL,OK,ASW,CE,Towers with Radar,96,48,137,97,378,0,0,80,0,80,96,48,217,97,458,100,52,152,610
10/01/2004,TUL,OK,ASW,CE,Combined TRACON& Tower with Radar,90,52,99,90,331,0,0,27,7,34,90,52,126,97,365,16,40,56,421
10/02/2004,TUL,OK,ASW,CE,Combined TRACON& Tower with Radar,0,0,0,0,0,0,0,0,0,0,0,0,0,0,0,42,32,74,74
10/03/2004,TUL,OK,ASW,CE,Combined TRACON& Tower with Radar,71,49,108,76,304,0,0,54,5,59,71,49,162,81,363,28,24,52,415
10/04/2004,TUL,OK,ASW,CE,Combined TRACON& Tower with Radar,73,44,85,149,351,0,0,33,10,43,73,44,118,159,394,68,88,156,550
10/05/2004,TUL,OK,ASW,CE,Combined TRACON& Tower with Radar,97,59,121,138,415,0,0,57,17,74,97,59,178,155,489,52,68,120,609
10/06/2004,TUL,OK,ASW,CE,Combined TRACON& Tower with Radar,100,50,106,146,402,0,0,41,18,59,100,50,147,164,461,34,104,138,599
10/07/2004,TUL,OK,ASW,CE,Combined TRACON& Tower with Radar,97,55,98,75,325,0,0,13,11,24,97,55,111,86,349,0,0,0,349
10/08/2004,TUL,OK,ASW,CE,Combined TRACON& Tower with Radar,88,49,135,95,367,0,0,30,13,43,88,49,165,108,410,36,0,36,446
10/09/2004,TUL,OK,ASW,CE,Combined TRACON& Tower with Radar,71,44,66,62,243,0,0,15,0,15,71,44,81,62,258,0,0,0,258
10/10/2004,TUL,OK,ASW,CE,Combined TRACON& Tower with Radar,74,43,78,55,250,0,0,1,3,4,74,43,79,58,254,2,0,2,256
10/11/2004,TUL,OK,ASW,CE,Combined TRACON& Tower with Radar,78,45,62,43,228,0,0,2,0,2,78,45,64,43,230,14,0,14,244
10/12/2004,TUL,OK,ASW,CE,Combined TRACON& Tower with Radar,96,54,110,97,357,0,0,15,3,18,96,54,125,100,375,26,32,58,433
10/13/2004,TUL,OK,ASW,CE,Combined TRACON& Tower with Radar,90,57,134,137,418,0,0,53,19,72,90,57,187,156,490,54,88,142,632
10/14/2004,TUL,OK,ASW,CE,Combined TRACON& Tower with Radar,95,52,139,131,417,0,0,48,12,60,95,52,187,143,477,98,148,246,723
10/15/2004,TUL,OK,ASW,CE,Combined TRACON& Tower with Radar,104,48,128,121,401,0,0,62,9,71,104,48,190,130,472,62,64,126,598
10/16/2004,TUL,OK,ASW,CE,Combined TRACON& Tower with Radar,69,40,83,59,251,0,0,46,12,58,69,40,129,71,309,12,6,18,327
10/17/2004,TUL,OK,ASW,CE,Combined TRACON& Tower with Radar,72,49,88,60,269,0,0,49,13,62,72,49,137,73,331,12,10,22,353
10/18/2004,TUL,OK,ASW,CE,Combined TRACON& Tower with Radar,85,36,113,130,364,0,0,40,11,51,85,36,153,141,415,26,50,76,491
10/19/2004,TUL,OK,ASW,CE,Combined TRACON& Tower with Radar,101,65,122,86,374,0,0,14,9,23,101,65,136,95,397,14,10,24,421
10/20/2004,TUL,OK,ASW,CE,Combined TRACON& Tower with Radar,98,60,133,86,377,0,0,35,9,44,98,60,168,95,421,66,34,100,521
10/21/2004,TUL,OK,ASW,CE,Combined TRACON& Tower with Radar,90,46,118,108,362,0,0,25,6,31,90,46,143,114,393,22,30,52,445
10/22/2004,TUL,OK,ASW,CE,Combined TRACON& Tower with Radar,90,49,89,91,319,0,0,7,7,14,90,49,96,98,333,10,32,42,375
10/23/2004,TUL,OK,ASW,CE,Combined TRACON& Tower with Radar,78,42,91,61,272,0,0,77,6,83,78,42,168,67,355,50,0,50,405
10/24/2004,TUL,OK,ASW,CE,Combined TRACON& Tower with Radar,69,38,105,65,277,0,0,40,10,50,69,38,145,75,327,48,20,68,395
10/25/2004,TUL,OK,ASW,CE,Combined TRACON& Tower with Radar,80,35,113,170,398,0,0,16,7,23,80,35,129,177,421,20,88,108,529
10/26/2004,TUL,OK,ASW,CE,Combined TRACON& Tower with Radar,91,50,99,83,323,0,0,7,2,9,91,50,106,85,332,27,14,41,373
10/27/2004,TUL,OK,ASW,CE,Combined TRACON& Tower with Radar,87,51,114,132,384,0,0,17,8,25,87,51,131,140,409,46,76,122,531
10/28/2004,TUL,OK,ASW,CE,Combined TRACON& Tower with Radar,92,43,112,93,340,0,0,19,16,35,92,43,131,109,375,68,88,156,531
10/29/2004,TUL,OK,ASW,CE,Combined TRACON& Tower with Radar,95,48,28,23,194,0,0,80,68,148,95,48,108,91,342,48,50,98,440
10/30/2004,TUL,OK,ASW,CE,Combined TRACON& Tower with Radar,70,0,0,48,118,0,38,137,2,177,70,38,137,50,295,56,0,56,351
10/31/2004,TUL,OK,ASW,CE,Combined TRACON& Tower with Radar,64,32,37,63,196,0,0,3,3,6,64,32,40,66,202,0,0,0,202
11/01/2004,TUL,OK,ASW,CE,Combined TRACON& Tower with Radar,83,36,75,86,280,0,0,104,3,107,83,36,179,89,387,88,66,154,541
11/02/2004,TUL,OK,ASW,CE,Combined TRACON& Tower with Radar,87,51,109,130,377,0,0,16,6,22,87,51,125,136,399,18,44,62,461
11/03/2004,TUL,OK,ASW,CE,Combined TRACON& Tower with Radar,94,53,109,65,321,0,0,5,2,7,94,53,114,67,328,58,28,86,414
11/04/2004,TUL,OK,ASW,CE,Combined TRACON& Tower with Radar,93,44,118,94,349,0,0,63,8,71,93,44,181,102,420,88,78,166,586
11/05/2004,TUL,OK,ASW,CE,Combined TRACON& Tower with Radar,91,50,140,96,377,0,0,69,13,82,91,50,209,109,459,54,48,102,561
11/06/2004,TUL,OK,ASW,CE,Combined TRACON& Tower with Radar,67,34,90,77,268,0,0,80,25,105,67,34,170,102,373,48,52,100,473
11/07/2004,TUL,OK,ASW,CE,Combined TRACON& Tower with Radar,66,36,85,78,265,0,0,97,20,117,66,36,182,98,382,66,66,132,514
11/08/2004,TUL,OK,ASW,CE,Combined TRACON& Tower with Radar,73,36,84,103,296,0,0,31,6,37,73,36,115,109,333,8,60,68,401
11/09/2004,TUL,OK,ASW,CE,Combined TRACON& Tower with Radar,90,41,121,144,396,0,1,43,17,61,90,42,164,161,457,48,48,96,553
11/10/2004,TUL,OK,ASW,CE,Combined TRACON& Tower with Radar,95,50,100,95,340,0,0,40,5,45,95,50,140,100,385,52,48,100,485
11/11/2004,TUL,OK,ASW,CE,Combined TRACON& Tower with Radar,94,47,140,70,351,0,0,25,5,30,94,47,165,75,381,48,32,80,461
11/12/2004,TUL,OK,ASW,CE,Combined TRACON& Tower with Radar,91,57,165,122,435,0,0,33,0,33,91,57,198,122,468,68,48,116,584
11/13/2004,TUL,OK,ASW,CE,Combined TRACON& Tower with Radar,74,42,76,73,265,0,0,49,11,60,74,42,125,84,325,38,0,38,363
11/14/2004,TUL,OK,ASW,CE,Combined TRACON& Tower with Radar,78,37,56,80,251,0,0,14,6,20,78,37,70,86,271,30,6,36,307
11/15/2004,TUL,OK,ASW,CE,Combined TRACON& Tower with Radar,72,37,94,71,274,0,0,16,4,20,72,37,110,75,294,42,8,50,344
11/16/2004,TUL,OK,ASW,CE,Combined TRACON& Tower with Radar,104,47,113,102,366,0,0,16,10,26,104,47,129,112,392,40,24,64,456
11/17/2004,TUL,OK,ASW,CE,Combined TRACON& Tower with Radar,101,45,137,177,460,0,0,34,15,49,101,45,171,192,509,90,184,274,783
11/18/2004,TUL,OK,ASW,CE,Combined TRACON& Tower with Radar,97,46,126,112,381,0,0,33,5,38,97,46,159,117,419,10,22,32,451
11/19/2004,TUL,OK,ASW,CE,Combined TRACON& Tower with Radar,93,48,130,101,372,0,0,3,4,7,93,48,133,105,379,10,10,20,399
11/20/2004,TUL,OK,ASW,CE,Combined TRACON& Tower with Radar,77,36,62,64,239,0,0,43,2,45,77,36,105,66,284,48,8,56,340
11/21/2004,TUL,OK,ASW,CE,Combined TRACON& Tower with Radar,71,39,46,60,216,0,0,0,1,1,71,39,46,61,217,0,0,0,217
11/22/2004,TUL,OK,ASW,CE,Combined TRACON& Tower with Radar,77,46,81,91,295,0,0,0,0,0,77,46,81,91,295,2,2,4,299
11/23/2004,TUL,OK,ASW,CE,Combined TRACON& Tower with Radar,101,37,78,56,272,0,0,0,0,0,101,37,78,56,272,0,0,0,272
11/24/2004,TUL,OK,ASW,CE,Combined TRACON& Tower with Radar,105,50,94,128,377,0,0,12,4,16,105,50,106,132,393,14,28,42,435
11/25/2004,TUL,OK,ASW,CE,Combined TRACON& Tower with Radar,59,27,46,37,169,0,0,29,2,31,59,27,75,39,200,42,0,42,242
11/26/2004,TUL,OK,ASW,CE,Combined TRACON& Tower with Radar,63,39,47,52,201,0,0,17,7,24,63,39,64,59,225,16,0,16,241
11/27/2004,TUL,OK,ASW,CE,Combined TRACON& Tower with Radar,0,0,0,0,0,0,0,0,0,0,0,0,0,0,0,22,0,22,22
11/28/2004,TUL,OK,ASW,CE,Combined TRACON& Tower with Radar,74,40,87,66,267,0,0,57,6,63,74,40,144,72,330,66,44,110,440
11/29/2004,TUL,OK,ASW,CE,Combined TRACON& Tower with Radar,79,33,56,69,237,0,0,3,0,3,79,33,59,69,240,2,0,2,242
11/30/2004,TUL,OK,ASW,CE,Combined TRACON& Tower with Radar,85,45,88,108,326,0,0,9,6,15,85,45,97,114,341,20,18,38,379
12/01/2004,TUL,OK,ASW,CE,Combined TRACON& Tower with Radar,88,47,180,127,442,0,0,52,23,75,88,47,232,150,517,62,146,208,725
12/02/2004,TUL,OK,ASW,CE,Combined TRACON& Tower with Radar,85,41,118,92,336,0,0,67,14,81,85,41,185,106,417,78,66,144,561
12/03/2004,TUL,OK,ASW,CE,Combined TRACON& Tower with Radar,90,42,153,101,386,0,0,65,16,81,90,42,218,117,467,48,56,104,571
12/04/2004,TUL,OK,ASW,CE,Combined TRACON& Tower with Radar,61,34,100,72,267,0,0,70,6,76,61,34,170,78,343,34,4,38,381
12/05/2004,TUL,OK,ASW,CE,Combined TRACON& Tower with Radar,63,37,58,77,235,0,0,9,5,14,63,37,67,82,249,0,0,0,249
12/06/2004,TUL,OK,ASW,CE,Combined TRACON& Tower with Radar,77,47,91,109,324,0,0,11,3,14,77,47,102,112,338,88,66,154,492
12/07/2004,TUL,OK,ASW,CE,Combined TRACON& Tower with Radar,92,45,119,156,412,0,0,61,6,67,92,45,180,162,479,68,84,152,631
12/08/2004,TUL,OK,ASW,CE,Combined TRACON& Tower with Radar,89,41,130,126,386,0,0,56,10,66,89,41,186,136,452,48,48,96,548
12/09/2004,TUL,OK,ASW,CE,Combined TRACON& Tower with Radar,89,45,153,106,393,0,1,64,18,83,89,46,217,124,476,60,56,116,592
12/10/2004,TUL,OK,ASW,CE,Combined TRACON& Tower with Radar,93,48,126,154,421,0,0,0,0,0,93,48,126,154,421,62,58,120,541
12/11/2004,TUL,OK,ASW,CE,Combined TRACON& Tower with Radar,69,35,87,56,247,0,0,63,7,70,69,35,150,63,317,58,0,58,375
12/12/2004,TUL,OK,ASW,CE,Combined TRACON& Tower with Radar,64,46,54,108,272,0,0,39,15,54,64,46,93,123,326,48,74,122,448
12/13/2004,TUL,OK,ASW,CE,Combined TRACON& Tower with Radar,74,41,101,180,396,0,0,35,9,44,74,41,136,189,440,88,100,188,628
12/14/2004,TUL,OK,ASW,CE,Combined TRACON& Tower with Radar,93,42,125,146,406,0,0,54,21,75,93,42,179,167,481,62,50,112,593
12/15/2004,TUL,OK,ASW,CE,Combined TRACON& Tower with Radar,88,50,131,176,445,0,0,49,17,66,88,50,180,193,511,68,120,188,699
12/16/2004,TUL,OK,ASW,CE,Combined TRACON& Tower with Radar,96,49,111,126,382,0,0,48,25,73,96,49,159,151,455,54,80,134,589
12/17/2004,TUL,OK,ASW,CE,Combined TRACON& Tower with Radar,88,48,168,90,394,0,0,55,96,151,88,48,223,186,545,64,64,128,673
12/18/2004,TUL,OK,ASW,CE,Combined TRACON& Tower with Radar,65,42,95,68,270,0,0,48,8,56,65,42,143,76,326,74,6,80,406
12/19/2004,TUL,OK,ASW,CE,Combined TRACON& Tower with Radar,66,43,70,54,233,0,0,31,3,34,66,43,101,57,267,38,12,50,317
12/20/2004,TUL,OK,ASW,CE,Combined TRACON& Tower with Radar,72,42,110,107,331,0,0,48,7,55,72,42,158,114,386,48,44,92,478
12/21/2004,TUL,OK,ASW,CE,Combined TRACON& Tower with Radar,88,52,129,146,415,0,0,68,12,80,88,52,197,158,495,36,72,108,603
12/22/2004,TUL,OK,ASW,CE,Combined TRACON& Tower with Radar,84,52,87,110,333,0,0,9,6,15,84,52,96,116,348,14,44,58,406
12/23/2004,TUL,OK,ASW,CE,Combined TRACON& Tower with Radar,82,36,97,65,280,0,1,41,6,48,82,37,138,71,328,32,12,44,372
12/24/2004,TUL,OK,ASW,CE,Combined TRACON& Tower with Radar,85,40,59,44,228,0,0,22,3,25,85,40,81,47,253,28,0,28,281
12/25/2004,TUL,OK,ASW,CE,Combined TRACON& Tower with Radar,47,26,21,41,135,0,0,13,8,21,47,26,34,49,156,0,0,0,156
12/26/2004,TUL,OK,ASW,CE,Combined TRACON& Tower with Radar,71,29,68,57,225,0,0,87,4,91,71,29,155,61,316,66,66,132,448
12/27/2004,TUL,OK,ASW,CE,Combined TRACON& Tower with Radar,73,42,116,69,300,0,0,29,2,31,73,42,145,71,331,16,2,18,349
12/28/2004,TUL,OK,ASW,CE,Combined TRACON& Tower with Radar,87,43,66,69,265,0,0,35,14,49,87,43,101,83,314,10,8,18,332
12/29/2004,TUL,OK,ASW,CE,Combined TRACON& Tower with Radar,90,51,84,84,309,0,0,41,18,59,90,51,125,102,368,16,16,32,400
12/30/2004,TUL,OK,ASW,CE,Combined TRACON& Tower with Radar,86,44,76,70,276,0,0,28,9,37,86,44,104,79,313,4,2,6,319
12/31/2004,TUL,OK,ASW,CE,Combined TRACON& Tower with Radar,91,48,80,55,274,0,0,28,3,31,91,48,108,58,305,0,0,0,305
01/01/2005,TUL,OK,ASW,CE,Combined TRACON& Tower with Radar,51,27,39,44,161,0,0,9,3,12,51,27,48,47,173,4,0,4,177
01/02/2005,TUL,OK,ASW,CE,Combined TRACON& Tower with Radar,69,35,66,54,224,0,0,11,4,15,69,35,77,58,239,66,66,132,371
01/03/2005,TUL,OK,ASW,CE,Combined TRACON& Tower with Radar,65,41,61,80,247,0,0,0,0,0,65,41,61,80,247,2,20,22,269
01/04/2005,TUL,OK,ASW,CE,Combined TRACON& Tower with Radar,88,53,70,53,264,0,0,0,0,0,88,53,70,53,264,2,0,2,266
01/05/2005,TUL,OK,ASW,CE,Combined TRACON& Tower with Radar,92,50,54,43,239,0,0,0,0,0,92,50,54,43,239,0,0,0,239
01/06/2005,TUL,OK,ASW,CE,Combined TRACON& Tower with Radar,92,39,105,84,320,0,0,35,5,40,92,39,140,89,360,12,14,26,386
01/07/2005,TUL,OK,ASW,CE,Combined TRACON& Tower with Radar,97,47,72,63,279,0,0,13,9,22,97,47,85,72,301,0,10,10,311
01/08/2005,TUL,OK,ASW,CE,Combined TRACON& Tower with Radar,65,34,63,84,246,0,1,18,9,28,65,35,81,93,274,82,40,122,396
01/09/2005,TUL,OK,ASW,CE,Combined TRACON& Tower with Radar,65,38,72,45,220,0,0,83,7,90,65,38,155,52,310,66,66,132,442
01/10/2005,TUL,OK,ASW,CE,Combined TRACON& Tower with Radar,93,48,126,154,421,0,0,0,0,0,93,48,126,154,421,42,64,106,527
01/11/2005,TUL,OK,ASW,CE,Combined TRACON& Tower with Radar,98,45,85,55,283,0,0,0,1,1,98,45,85,56,284,0,0,0,284
01/12/2005,TUL,OK,ASW,CE,Combined TRACON& Tower with Radar,83,46,87,71,287,0,0,3,13,16,83,46,90,84,303,14,26,40,343
01/13/2005,TUL,OK,ASW,CE,Combined TRACON& Tower with Radar,95,54,108,129,386,0,0,59,20,79,95,54,167,149,465,42,82,124,589
01/14/2005,TUL,OK,ASW,CE,Combined TRACON& Tower with Radar,91,44,134,121,390,0,0,36,14,50,91,44,170,135,440,22,72,94,534
01/15/2005,TUL,OK,ASW,CE,Combined TRACON& Tower with Radar,61,40,74,50,225,0,3,46,4,53,61,43,120,54,278,48,14,62,340
01/16/2005,TUL,OK,ASW,CE,Combined TRACON& Tower with Radar,73,49,88,52,262,0,1,5,3,9,73,50,93,55,271,66,66,132,403
01/17/2005,TUL,OK,ASW,CE,Combined TRACON& Tower with Radar,76,44,118,61,299,0,0,46,10,56,76,44,164,71,355,72,40,112,467
01/18/2005,TUL,OK,ASW,CE,Combined TRACON& Tower with Radar,84,47,105,73,309,0,0,42,7,49,84,47,147,80,358,64,100,164,522
01/19/2005,TUL,OK,ASW,CE,Combined TRACON& Tower with Radar,96,45,120,106,367,0,0,64,17,81,96,45,184,123,448,78,122,200,648
01/20/2005,TUL,OK,ASW,CE,Combined TRACON& Tower with Radar,87,46,123,125,381,0,1,67,12,80,87,47,190,137,461,48,88,136,597
01/21/2005,TUL,OK,ASW,CE,Combined TRACON& Tower with Radar,100,42,151,150,443,0,0,72,19,91,100,42,223,169,534,124,71,195,729
01/22/2005,TUL,OK,ASW,CE,Combined TRACON& Tower with Radar,61,34,68,43,206,0,0,21,2,23,61,34,89,45,229,20,0,20,249
01/23/2005,TUL,OK,ASW,CE,Combined TRACON& Tower with Radar,68,37,80,57,242,0,0,56,3,59,68,37,136,60,301,66,66,132,433
01/24/2005,TUL,OK,ASW,CE,Combined TRACON& Tower with Radar,72,36,108,147,363,0,1,49,3,53,72,37,157,150,416,98,80,178,594
01/25/2005,TUL,OK,ASW,CE,Combined TRACON& Tower with Radar,90,53,141,135,419,0,0,61,17,78,90,53,202,152,497,62,102,164,661
01/26/2005,TUL,OK,ASW,CE,Combined TRACON& Tower with Radar,100,50,173,155,478,0,0,52,11,63,100,50,225,166,541,88,132,220,761
01/27/2005,TUL,OK,ASW,CE,Combined TRACON& Tower with Radar,96,46,130,150,422,0,0,31,10,41,96,46,161,160,463,70,96,166,629
01/28/2005,TUL,OK,ASW,CE,Combined TRACON& Tower with Radar,92,43,65,46,246,0,0,7,2,9,92,43,72,48,255,0,0,0,255
01/29/2005,TUL,OK,ASW,CE,Combined TRACON& Tower with Radar,68,40,39,50,197,0,0,4,0,4,68,40,43,50,201,2,0,2,203
01/30/2005,TUL,OK,ASW,CE,Combined TRACON& Tower with Radar,67,40,49,48,204,0,0,3,0,3,67,40,52,48,207,44,22,66,273
01/31/2005,TUL,OK,ASW,CE,Combined TRACON& Tower with Radar,89,44,69,81,283,0,4,4,0,8,89,48,73,81,291,66,44,110,401
02/01/2005,TUL,OK,ASW,CE,Combined TRACON& Tower with Radar,86,47,112,107,352,0,13,6,9,28,86,60,118,116,380,46,50,96,476
02/02/2005,TUL,OK,ASW,CE,Combined TRACON& Tower with Radar,92,55,86,93,326,0,0,8,8,16,92,55,94,101,342,60,80,140,482
02/03/2005,TUL,OK,ASW,CE,Combined TRACON& Tower with Radar,93,57,139,100,389,0,0,59,11,70,93,57,198,111,459,98,64,162,621
02/04/2005,TUL,OK,ASW,CE,Combined TRACON& Tower with Radar,86,50,153,121,410,0,1,44,15,60,86,51,197,136,470,18,64,82,552
02/05/2005,TUL,OK,ASW,CE,Combined TRACON& Tower with Radar,63,43,92,58,256,0,0,56,1,57,63,43,148,59,313,58,22,80,393
02/06/2005,TUL,OK,ASW,CE,Combined TRACON& Tower with Radar,69,38,49,66,222,0,0,7,2,9,69,38,56,68,231,44,22,66,297
02/07/2005,TUL,OK,ASW,CE,Combined TRACON& Tower with Radar,77,51,72,91,291,0,0,6,1,7,77,51,78,92,298,10,20,30,328
02/08/2005,TUL,OK,ASW,CE,Combined TRACON& Tower with Radar,86,57,77,80,300,0,0,0,1,1,86,57,77,81,301,0,18,18,319
02/09/2005,TUL,OK,ASW,CE,Combined TRACON& Tower with Radar,98,56,144,155,453,0,0,48,3,51,98,56,192,158,504,74,94,168,672
02/10/2005,TUL,OK,ASW,CE,Combined TRACON& Tower with Radar,94,49,126,123,392,0,0,51,16,67,94,49,177,139,459,88,56,144,603
02/11/2005,TUL,OK,ASW,CE,Combined TRACON& Tower with Radar,88,53,140,126,407,0,0,75,20,95,88,53,215,146,502,50,100,150,652
02/12/2005,TUL,OK,ASW,CE,Combined TRACON& Tower with Radar,63,37,42,68,210,0,0,24,0,24,63,37,66,68,234,38,16,54,288
02/13/2005,TUL,OK,ASW,CE,Combined TRACON& Tower with Radar,65,39,57,79,240,0,1,19,9,29,65,40,76,88,269,36,66,102,371
02/14/2005,TUL,OK,ASW,CE,Combined TRACON& Tower with Radar,75,44,88,132,339,0,0,53,10,63,75,44,141,142,402,60,102,162,564
02/15/2005,TUL,OK,ASW,CE,Combined TRACON& Tower with Radar,94,47,104,113,358,0,0,48,16,64,94,47,152,129,422,112,128,240,662
02/16/2005,TUL,OK,ASW,CE,Combined TRACON& Tower with Radar,94,54,137,150,435,0,0,43,13,56,94,54,180,163,491,142,152,294,785
02/17/2005,TUL,OK,ASW,CE,Combined TRACON& Tower with Radar,84,50,133,152,419,0,1,49,10,60,84,51,182,162,479,88,84,172,651
02/18/2005,TUL,OK,ASW,CE,Combined TRACON& Tower with Radar,90,54,125,133,402,0,0,65,15,80,90,54,190,148,482,134,64,198,680
02/19/2005,TUL,OK,ASW,CE,Combined TRACON& Tower with Radar,20,9,16,11,56,0,0,0,0,0,20,9,16,11,56,42,0,42,98
02/20/2005,TUL,OK,ASW,CE,Combined TRACON& Tower with Radar,59,39,51,46,195,0,0,0,0,0,59,39,51,46,195,12,8,20,215
02/21/2005,TUL,OK,ASW,CE,Combined TRACON& Tower with Radar,88,49,104,57,298,0,0,25,3,28,88,49,129,60,326,52,0,52,378
02/22/2005,TUL,OK,ASW,CE,Combined TRACON& Tower with Radar,96,48,152,119,415,0,0,27,5,32,96,48,179,124,447,54,38,92,539
02/23/2005,TUL,OK,ASW,CE,Combined TRACON& Tower with Radar,85,58,128,136,407,0,0,3,4,7,85,58,131,140,414,88,88,176,590
02/24/2005,TUL,OK,ASW,CE,Combined TRACON& Tower with Radar,91,57,157,113,418,0,0,63,14,77,91,57,220,127,495,72,68,140,635
02/25/2005,TUL,OK,ASW,CE,Combined TRACON& Tower with Radar,89,54,118,85,346,0,0,58,25,83,89,54,176,110,429,34,20,54,483
02/26/2005,TUL,OK,ASW,CE,Combined TRACON& Tower with Radar,65,43,97,73,278,0,0,53,3,56,65,43,150,76,334,88,4,92,426
02/27/2005,TUL,OK,ASW,CE,Combined TRACON& Tower with Radar,63,42,60,51,216,0,0,7,0,7,63,42,67,51,223,0,0,0,223
02/28/2005,TUL,OK,ASW,CE,Combined TRACON& Tower with Radar,81,49,100,117,347,0,0,30,9,39,81,49,130,126,386,42,70,112,498
03/01/2005,TUL,OK,ASW,CE,Combined TRACON& Tower with Radar,89,59,103,138,389,0,2,36,7,45,89,61,139,145,434,88,66,154,588
03/02/2005,TUL,OK,ASW,CE,Combined TRACON& Tower with Radar,86,64,135,89,374,0,0,53,7,60,86,64,188,96,434,84,32,116,550
03/03/2005,TUL,OK,ASW,CE,Combined TRACON& Tower with Radar,81,51,121,99,352,0,0,28,7,35,81,51,149,106,387,88,88,176,563
03/04/2005,TUL,OK,ASW,CE,Combined TRACON& Tower with Radar,89,60,138,104,391,0,0,50,15,65,89,60,188,119,456,66,90,156,612
03/05/2005,TUL,OK,ASW,CE,Combined TRACON& Tower with Radar,62,50,87,69,268,0,2,65,28,95,62,52,152,97,363,52,36,88,451
03/06/2005,TUL,OK,ASW,CE,Combined TRACON& Tower with Radar,79,42,95,57,273,0,0,40,10,50,79,42,135,67,323,48,14,62,385
03/07/2005,TUL,OK,ASW,CE,Combined TRACON& Tower with Radar,71,78,79,40,268,0,0,0,0,0,71,78,79,40,268,28,40,68,336
03/08/2005,TUL,OK,ASW,CE,Combined TRACON& Tower with Radar,90,96,82,37,305,0,1,51,1,53,90,97,133,38,358,0,0,0,358
03/09/2005,TUL,OK,ASW,CE,Combined TRACON& Tower with Radar,93,93,78,59,323,0,3,59,10,72,93,96,137,69,395,88,88,176,571
03/10/2005,TUL,OK,ASW,CE,Combined TRACON& Tower with Radar,92,92,85,57,326,0,4,105,9,118,92,96,190,66,444,88,88,176,620
03/11/2005,TUL,OK,ASW,CE,Combined TRACON& Tower with Radar,92,95,80,22,289,0,1,71,4,76,92,96,151,26,365,42,50,92,457
03/12/2005,TUL,OK,ASW,CE,Combined TRACON& Tower with Radar,73,74,28,10,185,0,12,63,5,80,73,86,91,15,265,31,10,41,306
03/13/2005,TUL,OK,ASW,CE,Combined TRACON& Tower with Radar,73,83,43,5,204,0,0,27,0,27,73,83,70,5,231,4,6,10,241
03/14/2005,TUL,OK,ASW,CE,Combined TRACON& Tower with Radar,80,100,64,2,246,0,2,47,80,129,80,102,111,82,375,34,98,132,507
03/15/2005,TUL,OK,ASW,CE,Combined TRACON& Tower with Radar,94,99,63,24,280,0,5,14,1,20,94,104,77,25,300,4,12,16,316
03/16/2005,TUL,OK,ASW,CE,Combined TRACON& Tower with Radar,104,111,104,34,353,0,0,60,9,69,104,111,164,43,422,78,78,156,578
03/17/2005,TUL,OK,ASW,CE,Combined TRACON& Tower with Radar,112,94,96,26,328,0,5,66,5,76,112,99,162,31,404,82,60,142,546
03/18/2005,TUL,OK,ASW,CE,Combined TRACON& Tower with Radar,99,106,85,36,326,0,5,69,8,82,99,111,154,44,408,38,30,68,476
03/19/2005,TUL,OK,ASW,CE,Combined TRACON& Tower with Radar,72,81,68,18,239,0,3,100,5,108,72,84,168,23,347,52,12,64,411
03/20/2005,TUL,OK,ASW,CE,Combined TRACON& Tower with Radar,76,91,50,6,223,0,0,48,4,52,76,91,98,10,275,40,0,40,315
03/21/2005,TUL,OK,ASW,CE,Combined TRACON& Tower with Radar,78,81,29,9,197,0,0,1,1,2,78,81,30,10,199,0,0,0,199
03/22/2005,TUL,OK,ASW,CE,Combined TRACON& Tower with Radar,93,91,176,15,375,0,0,105,2,107,93,91,281,17,482,44,42,86,568
03/23/2005,TUL,OK,ASW,CE,Combined TRACON& Tower with Radar,93,97,106,30,326,0,2,17,4,23,93,99,123,34,349,68,78,146,495
03/24/2005,TUL,OK,ASW,CE,Combined TRACON& Tower with Radar,96,104,77,53,330,0,1,42,4,47,96,105,119,57,377,90,40,130,507
03/25/2005,TUL,OK,ASW,CE,Combined TRACON& Tower with Radar,96,104,77,53,330,0,1,42,4,47,96,105,119,57,377,52,26,78,455
03/26/2005,TUL,OK,ASW,CE,Combined TRACON& Tower with Radar,65,76,32,4,177,0,0,5,0,5,65,76,37,4,182,2,4,6,188
03/27/2005,TUL,OK,ASW,CE,Combined TRACON& Tower with Radar,69,78,35,4,186,0,1,6,0,7,69,79,41,4,193,46,42,88,281
03/28/2005,TUL,OK,ASW,CE,Combined TRACON& Tower with Radar,68,76,52,40,236,0,0,14,0,14,68,76,66,40,250,94,44,138,388
03/29/2005,TUL,OK,ASW,CE,Combined TRACON& Tower with Radar,91,93,86,37,307,0,2,33,4,39,91,95,119,41,346,84,62,146,492
03/30/2005,TUL,OK,ASW,CE,Combined TRACON& Tower with Radar,94,95,77,32,298,0,2,40,7,49,94,97,117,39,347,66,76,142,489
03/31/2005,TUL,OK,ASW,CE,Combined TRACON& Tower with Radar,94,95,77,32,298,0,2,50,7,59,94,97,127,39,357,68,106,174,531
04/01/2005,TUL,OK,ASW,CE,Combined TRACON& Tower with Radar,96,94,82,30,302,0,2,66,11,79,96,96,148,41,381,46,68,114,495
04/02/2005,TUL,OK,ASW,CE,Combined TRACON& Tower with Radar,67,72,41,16,196,0,5,67,2,74,67,77,108,18,270,6,8,14,284
04/03/2005,TUL,OK,ASW,CE,Combined TRACON& Tower with Radar,91,79,39,10,219,0,2,37,0,39,91,81,76,10,258,12,10,22,280
04/04/2005,TUL,OK,ASW,CE,Combined TRACON& Tower with Radar,85,83,71,31,270,0,4,39,4,47,85,87,110,35,317,62,66,128,445
04/05/2005,TUL,OK,ASW,CE,Combined TRACON& Tower with Radar,89,100,62,29,280,0,4,13,0,17,89,104,75,29,297,8,22,30,327
04/06/2005,TUL,OK,ASW,CE,Combined TRACON& Tower with Radar,90,113,86,16,305,0,3,5,0,8,90,116,91,16,313,0,20,20,333
04/07/2005,TUL,OK,ASW,CE,Combined TRACON& Tower with Radar,102,100,89,50,341,0,3,36,2,41,102,103,125,52,382,144,60,204,586
04/08/2005,TUL,OK,ASW,CE,Combined TRACON& Tower with Radar,90,99,115,26,330,0,2,68,1,71,90,101,183,27,401,78,24,102,503
04/09/2005,TUL,OK,ASW,CE,Combined TRACON& Tower with Radar,67,85,39,0,191,0,0,75,0,75,67,85,114,0,266,36,0,36,302
04/10/2005,TUL,OK,ASW,CE,Combined TRACON& Tower with Radar,78,83,53,2,216,0,3,7,0,10,78,86,60,2,226,4,0,4,230
04/11/2005,TUL,OK,ASW,CE,Combined TRACON& Tower with Radar,81,88,64,44,277,0,0,27,0,27,81,88,91,44,304,54,58,112,416
04/12/2005,TUL,OK,ASW,CE,Combined TRACON& Tower with Radar,93,91,72,63,319,0,2,27,3,32,93,93,99,66,351,48,92,140,491
04/13/2005,TUL,OK,ASW,CE,Combined TRACON& Tower with Radar,95,93,72,63,323,0,2,27,1,30,95,95,99,64,353,38,92,130,483
04/14/2005,TUL,OK,ASW,CE,Combined TRACON& Tower with Radar,100,98,88,35,321,0,1,53,7,61,100,99,141,42,382,62,64,126,508
04/15/2005,TUL,OK,ASW,CE,Combined TRACON& Tower with Radar,95,91,85,19,290,0,6,50,5,61,95,97,135,24,351,44,110,154,505
04/16/2005,TUL,OK,ASW,CE,Combined TRACON& Tower with Radar,63,81,34,0,178,0,2,46,0,48,63,83,80,0,226,60,2,62,288
04/17/2005,TUL,OK,ASW,CE,Combined TRACON& Tower with Radar,78,78,37,0,193,0,2,20,0,22,78,80,57,0,215,8,0,8,223
04/18/2005,TUL,OK,ASW,CE,Combined TRACON& Tower with Radar,84,93,83,61,321,0,4,29,1,34,84,97,112,62,355,32,138,170,525
04/19/2005,TUL,OK,ASW,CE,Combined TRACON& Tower with Radar,88,96,102,53,339,0,1,16,1,18,88,97,118,54,357,130,98,228,585
04/20/2005,TUL,OK,ASW,CE,Combined TRACON& Tower with Radar,93,104,92,48,337,0,2,24,4,30,93,106,116,52,367,142,168,310,677
04/21/2005,TUL,OK,ASW,CE,Combined TRACON& Tower with Radar,102,95,100,20,317,0,4,21,2,27,102,99,121,22,344,22,4,26,370
04/22/2005,TUL,OK,ASW,CE,Combined TRACON& Tower with Radar,86,97,67,60,310,0,7,37,4,48,86,104,104,64,358,64,110,174,532
04/23/2005,TUL,OK,ASW,CE,Combined TRACON& Tower with Radar,66,78,47,17,208,0,6,41,3,50,66,84,88,20,258,6,4,10,268
04/24/2005,TUL,OK,ASW,CE,Combined TRACON& Tower with Radar,78,80,28,17,203,0,5,34,0,39,78,85,62,17,242,110,16,126,368
04/25/2005,TUL,OK,ASW,CE,Combined TRACON& Tower with Radar,78,97,74,18,267,0,4,25,0,29,78,101,99,18,296,52,32,84,380
04/26/2005,TUL,OK,ASW,CE,Combined TRACON& Tower with Radar,93,104,107,62,366,0,3,38,1,42,93,107,145,63,408,148,94,242,650
04/27/2005,TUL,OK,ASW,CE,Combined TRACON& Tower with Radar,96,103,103,21,323,12,5,49,1,67,108,108,152,22,390,70,44,114,504
04/28/2005,TUL,OK,ASW,CE,Combined TRACON& Tower with Radar,95,104,59,54,312,0,2,39,2,43,95,106,98,56,355,44,66,110,465
04/29/2005,TUL,OK,ASW,CE,Combined TRACON& Tower with Radar,99,114,88,37,338,0,3,4,5,12,99,117,92,42,350,50,54,104,454
04/30/2005,TUL,OK,ASW,CE,Combined TRACON& Tower with Radar,69,86,42,7,204,0,2,39,2,43,69,88,81,9,247,28,12,40,287
05/01/2005,TUL,OK,ASW,CE,Combined TRACON& Tower with Radar,80,87,29,4,200,0,3,32,0,35,80,90,61,4,235,32,4,36,271
05/02/2005,TUL,OK,ASW,CE,Combined TRACON& Tower with Radar,83,96,69,25,273,0,1,21,1,23,83,97,90,26,296,14,32,46,342
05/03/2005,TUL,OK,ASW,CE,Combined TRACON& Tower with Radar,91,103,93,52,339,0,4,61,2,67,91,107,154,54,406,132,60,192,598
05/04/2005,TUL,OK,ASW,CE,Combined TRACON& Tower with Radar,101,101,101,55,358,0,2,49,7,58,101,103,150,62,416,108,70,178,594
05/05/2005,TUL,OK,ASW,CE,Combined TRACON& Tower with Radar,93,116,90,40,339,0,2,28,4,34,93,118,118,44,373,12,28,40,413
05/06/2005,TUL,OK,ASW,CE,Combined TRACON& Tower with Radar,103,94,72,43,312,0,3,44,6,53,103,97,116,49,365,99,107,206,571
05/07/2005,TUL,OK,ASW,CE,Combined TRACON& Tower with Radar,75,72,40,0,187,3,2,33,0,38,78,74,73,0,225,63,0,63,288
05/08/2005,TUL,OK,ASW,CE,Combined TRACON& Tower with Radar,75,90,32,0,197,0,3,13,2,18,75,93,45,2,215,8,0,8,223
05/09/2005,TUL,OK,ASW,CE,Combined TRACON& Tower with Radar,86,88,64,57,295,0,3,27,1,31,86,91,91,58,326,24,32,56,382
05/10/2005,TUL,OK,ASW,CE,Combined TRACON& Tower with Radar,90,104,80,42,316,0,2,54,2,58,90,106,134,44,374,104,56,160,534
05/11/2005,TUL,OK,ASW,CE,Combined TRACON& Tower with Radar,98,100,105,44,347,0,7,55,5,67,98,107,160,49,414,160,88,248,662
05/12/2005,TUL,OK,ASW,CE,Combined TRACON& Tower with Radar,93,109,94,35,331,0,4,27,0,31,93,113,121,35,362,10,34,44,406
05/13/2005,TUL,OK,ASW,CE,Combined TRACON& Tower with Radar,102,100,66,0,268,0,1,25,6,32,102,101,91,6,300,56,0,56,356
05/14/2005,TUL,OK,ASW,CE,Combined TRACON& Tower with Radar,68,76,31,0,175,0,6,34,5,45,68,82,65,5,220,33,0,33,253
05/15/2005,TUL,OK,ASW,CE,Combined TRACON& Tower with Radar,82,84,43,2,211,0,2,39,5,46,82,86,82,7,257,24,0,24,281
05/16/2005,TUL,OK,ASW,CE,Combined TRACON& Tower with Radar,86,91,61,43,281,0,3,46,1,50,86,94,107,44,331,24,28,52,383
05/17/2005,TUL,OK,ASW,CE,Combined TRACON& Tower with Radar,97,107,95,28,327,0,5,56,1,62,97,112,151,29,389,106,62,168,557
05/18/2005,TUL,OK,ASW,CE,Combined TRACON& Tower with Radar,90,110,91,27,318,0,2,26,1,29,90,112,117,28,347,92,62,154,501
05/19/2005,TUL,OK,ASW,CE,Combined TRACON& Tower with Radar,101,106,80,19,306,24,13,52,11,100,125,119,132,30,406,58,16,74,480
05/20/2005,TUL,OK,ASW,CE,Combined TRACON& Tower with Radar,100,103,78,11,292,0,1,31,5,37,100,104,109,16,329,42,0,42,371
05/21/2005,TUL,OK,ASW,CE,Combined TRACON& Tower with Radar,66,78,24,0,168,0,7,54,2,63,66,85,78,2,231,81,0,81,312
05/22/2005,TUL,OK,ASW,CE,Combined TRACON& Tower with Radar,82,89,41,0,212,0,7,33,3,43,82,96,74,3,255,32,0,32,287
05/23/2005,TUL,OK,ASW,CE,Combined TRACON& Tower with Radar,95,93,56,7,251,0,7,50,0,57,95,100,106,7,308,47,4,51,359
05/24/2005,TUL,OK,ASW,CE,Combined TRACON& Tower with Radar,101,97,91,14,303,0,4,29,3,36,101,101,120,17,339,16,0,16,355
05/25/2005,TUL,OK,ASW,CE,Combined TRACON& Tower with Radar,103,102,81,35,321,0,5,49,10,64,103,107,130,45,385,92,90,182,567
05/26/2005,TUL,OK,ASW,CE,Combined TRACON& Tower with Radar,103,104,88,20,315,0,4,65,6,75,103,108,153,26,390,49,84,133,523
05/27/2005,TUL,OK,ASW,CE,Combined TRACON& Tower with Radar,102,106,46,3,257,0,1,43,2,46,102,107,89,5,303,6,4,10,313
05/28/2005,TUL,OK,ASW,CE,Combined TRACON& Tower with Radar,75,80,29,0,184,0,7,35,2,44,75,87,64,2,228,44,6,50,278
05/29/2005,TUL,OK,ASW,CE,Combined TRACON& Tower with Radar,72,75,26,1,174,0,7,28,0,35,72,82,54,1,209,0,0,0,209
05/30/2005,TUL,OK,ASW,CE,Combined TRACON& Tower with Radar,76,79,47,0,202,0,5,25,5,35,76,84,72,5,237,4,10,14,251
05/31/2005,TUL,OK,ASW,CE,Combined TRACON& Tower with Radar,89,107,71,63,330,0,9,29,2,40,89,116,100,65,370,29,122,151,521
06/01/2005,TUL,OK,ASW,CE,Combined TRACON& Tower with Radar,105,102,116,39,362,0,5,25,3,33,105,107,141,42,395,114,122,236,631
06/02/2005,TUL,OK,ASW,CE,Combined TRACON& Tower with Radar,98,103,84,29,314,0,3,67,7,77,98,106,151,36,391,157,84,241,632
06/03/2005,TUL,OK,ASW,CE,Combined TRACON& Tower with Radar,103,103,82,11,299,0,15,44,6,65,103,118,126,17,364,94,24,118,482
06/04/2005,TUL,OK,ASW,CE,Combined TRACON& Tower with Radar,76,86,41,0,203,0,4,21,0,25,76,90,62,0,228,10,0,10,238
06/05/2005,TUL,OK,ASW,CE,Combined TRACON& Tower with Radar,83,81,38,12,214,0,4,13,0,17,83,85,51,12,231,0,0,0,231
06/06/2005,TUL,OK,ASW,CE,Combined TRACON& Tower with Radar,94,91,53,23,261,0,5,32,0,37,94,96,85,23,298,36,0,36,334
06/07/2005,TUL,OK,ASW,CE,Combined TRACON& Tower with Radar,119,110,84,47,360,0,3,49,4,56,119,113,133,51,416,94,122,216,632
06/08/2005,TUL,OK,ASW,CE,Combined TRACON& Tower with Radar,103,98,99,88,388,0,2,51,10,63,103,100,150,98,451,126,194,320,771
06/09/2005,TUL,OK,ASW,CE,Combined TRACON& Tower with Radar,99,110,79,12,300,0,6,33,5,44,99,116,112,17,344,85,6,91,435
06/10/2005,TUL,OK,ASW,CE,Combined TRACON& Tower with Radar,103,114,56,19,292,0,5,41,9,55,103,119,97,28,347,50,16,66,413
06/11/2005,TUL,OK,ASW,CE,Combined TRACON& Tower with Radar,87,78,49,6,220,0,5,21,2,28,87,83,70,8,248,28,22,50,298
06/12/2005,TUL,OK,ASW,CE,Combined TRACON& Tower with Radar,71,88,47,1,207,0,3,15,1,19,71,91,62,2,226,66,2,68,294
06/13/2005,TUL,OK,ASW,CE,Combined TRACON& Tower with Radar,94,98,59,33,284,0,3,16,0,19,94,101,75,33,303,4,38,42,345
06/14/2005,TUL,OK,ASW,CE,Combined TRACON& Tower with Radar,99,110,80,26,315,0,3,53,1,57,99,113,133,27,372,74,36,110,482
06/15/2005,TUL,OK,ASW,CE,Combined TRACON& Tower with Radar,99,110,72,28,309,0,5,53,5,63,99,115,125,33,372,96,41,137,509
06/16/2005,TUL,OK,ASW,CE,Combined TRACON& Tower with Radar,98,98,84,2,282,0,5,31,4,40,98,103,115,6,322,8,0,8,330
06/17/2005,TUL,OK,ASW,CE,Combined TRACON& Tower with Radar,105,104,74,24,307,0,3,46,2,51,105,107,120,26,358,44,34,78,436
06/18/2005,TUL,OK,ASW,CE,Combined TRACON& Tower with Radar,84,80,32,3,199,0,2,59,0,61,84,82,91,3,260,40,1,41,301
06/19/2005,TUL,OK,ASW,CE,Combined TRACON& Tower with Radar,80,85,33,9,207,0,6,40,1,47,80,91,73,10,254,26,0,26,280
06/20/2005,TUL,OK,ASW,CE,Combined TRACON& Tower with Radar,87,89,59,35,270,0,4,43,4,51,87,93,102,39,321,26,54,80,401
06/21/2005,TUL,OK,ASW,CE,Combined TRACON& Tower with Radar,95,109,64,22,290,0,2,54,2,58,95,111,118,24,348,102,12,114,462
06/22/2005,TUL,OK,ASW,CE,Combined TRACON& Tower with Radar,107,110,75,30,322,0,5,61,6,72,107,115,136,36,394,74,46,120,514
06/23/2005,TUL,OK,ASW,CE,Combined TRACON& Tower with Radar,101,106,56,41,304,1,0,67,3,71,102,106,123,44,375,6,16,22,397
06/24/2005,TUL,OK,ASW,CE,Combined TRACON& Tower with Radar,108,101,60,43,312,0,1,65,2,68,108,102,125,45,380,60,80,140,520
06/25/2005,TUL,OK,ASW,CE,Combined TRACON& Tower with Radar,88,78,35,3,204,0,6,37,4,47,88,84,72,7,251,50,34,84,335
06/26/2005,TUL,OK,ASW,CE,Combined TRACON& Tower with Radar,79,90,36,10,215,0,2,32,1,35,79,92,68,11,250,76,10,86,336
06/27/2005,TUL,OK,ASW,CE,Combined TRACON& Tower with Radar,81,94,67,9,251,0,10,50,0,60,81,104,117,9,311,60,4,64,375
06/28/2005,TUL,OK,ASW,CE,Combined TRACON& Tower with Radar,98,18,70,28,214,0,102,56,11,169,98,120,126,39,383,222,94,316,699
06/29/2005,TUL,OK,ASW,CE,Combined TRACON& Tower with Radar,100,106,86,40,332,0,3,31,3,37,100,109,117,43,369,116,148,264,633
06/30/2005,TUL,OK,ASW,CE,Combined TRACON& Tower with Radar,97,112,77,34,320,0,4,49,9,62,97,116,126,43,382,22,62,84,466
07/01/2005,TUL,OK,ASW,CE,Combined TRACON& Tower with Radar,112,107,72,0,291,0,5,40,5,50,112,112,112,5,341,146,22,168,509
07/02/2005,TUL,OK,ASW,CE,Combined TRACON& Tower with Radar,82,84,29,1,196,0,6,23,4,33,82,90,52,5,229,18,0,18,247
07/03/2005,TUL,OK,ASW,CE,Combined TRACON& Tower with Radar,71,59,17,0,147,2,2,15,0,19,73,61,32,0,166,26,0,26,192
07/04/2005,TUL,OK,ASW,CE,Combined TRACON& Tower with Radar,76,76,30,0,182,0,5,17,0,22,76,81,47,0,204,34,0,34,238
07/05/2005,TUL,OK,ASW,CE,Combined TRACON& Tower with Radar,98,106,33,36,273,0,3,37,1,41,98,109,70,37,314,148,168,316,630
07/06/2005,TUL,OK,ASW,CE,Combined TRACON& Tower with Radar,99,101,71,40,311,0,2,37,6,45,99,103,108,46,356,106,120,226,582
07/07/2005,TUL,OK,ASW,CE,Combined TRACON& Tower with Radar,104,99,75,30,308,0,3,56,10,69,104,102,131,40,377,96,68,164,541
07/08/2005,TUL,OK,ASW,CE,Combined TRACON& Tower with Radar,105,103,76,30,314,0,1,60,11,72,105,104,136,41,386,132,132,264,650
07/09/2005,TUL,OK,ASW,CE,Combined TRACON& Tower with Radar,86,71,33,7,197,0,3,51,10,64,86,74,84,17,261,100,44,144,405
07/10/2005,TUL,OK,ASW,CE,Combined TRACON& Tower with Radar,74,81,36,34,225,0,3,26,4,33,74,84,62,38,258,70,96,166,424
07/11/2005,TUL,OK,ASW,CE,Combined TRACON& Tower with Radar,90,95,59,43,287,0,5,28,0,33,90,100,87,43,320,56,36,92,412
07/12/2005,TUL,OK,ASW,CE,Combined TRACON& Tower with Radar,97,95,92,15,299,0,6,41,1,48,97,101,133,16,347,89,34,123,470
07/13/2005,TUL,OK,ASW,CE,Combined TRACON& Tower with Radar,93,99,83,46,321,0,5,49,5,59,93,104,132,51,380,118,110,228,608
07/14/2005,TUL,OK,ASW,CE,Combined TRACON& Tower with Radar,93,99,84,46,322,0,5,49,5,59,93,104,133,51,381,118,110,228,609
07/15/2005,TUL,OK,ASW,CE,Combined TRACON& Tower with Radar,107,98,89,81,375,0,8,63,1,72,107,106,152,82,447,123,234,357,804
07/16/2005,TUL,OK,ASW,CE,Combined TRACON& Tower with Radar,89,79,50,12,230,0,9,48,7,64,89,88,98,19,294,36,30,66,360
07/17/2005,TUL,OK,ASW,CE,Combined TRACON& Tower with Radar,73,81,58,11,223,0,3,30,1,34,73,84,88,12,257,18,6,24,281
07/18/2005,TUL,OK,ASW,CE,Combined TRACON& Tower with Radar,101,95,83,36,315,0,4,38,0,42,101,99,121,36,357,92,98,190,547
07/19/2005,TUL,OK,ASW,CE,Combined TRACON& Tower with Radar,104,120,79,35,338,0,2,50,3,55,104,122,129,38,393,214,100,314,707
07/20/2005,TUL,OK,ASW,CE,Combined TRACON& Tower with Radar,94,98,79,33,304,0,10,66,3,79,94,108,145,36,383,182,106,288,671
07/21/2005,TUL,OK,ASW,CE,Combined TRACON& Tower with Radar,104,112,64,31,311,0,4,85,3,92,104,116,149,34,403,186,62,248,651
07/22/2005,TUL,OK,ASW,CE,Combined TRACON& Tower with Radar,102,109,69,25,305,0,3,70,8,81,102,112,139,33,386,210,52,262,648
07/23/2005,TUL,OK,ASW,CE,Combined TRACON& Tower with Radar,83,72,28,4,187,0,3,28,1,32,83,75,56,5,219,26,10,36,255
07/24/2005,TUL,OK,ASW,CE,Combined TRACON& Tower with Radar,75,87,32,6,200,0,4,36,0,40,75,91,68,6,240,44,0,44,284
07/25/2005,TUL,OK,ASW,CE,Combined TRACON& Tower with Radar,85,106,69,23,283,0,1,62,1,64,85,107,131,24,347,88,36,124,471
07/26/2005,TUL,OK,ASW,CE,Combined TRACON& Tower with Radar,99,110,62,37,308,0,4,44,6,54,99,114,106,43,362,182,14,196,558
07/27/2005,TUL,OK,ASW,CE,Combined TRACON& Tower with Radar,101,107,67,32,307,0,3,30,3,36,101,110,97,35,343,114,94,208,551
07/28/2005,TUL,OK,ASW,CE,Combined TRACON& Tower with Radar,104,101,65,24,294,0,2,43,1,46,104,103,108,25,340,44,22,66,406
07/29/2005,TUL,OK,ASW,CE,Combined TRACON& Tower with Radar,100,115,70,20,305,0,2,71,1,74,100,117,141,21,379,66,58,124,503
07/30/2005,TUL,OK,ASW,CE,Combined TRACON& Tower with Radar,89,79,46,4,218,0,6,30,0,36,89,85,76,4,254,88,66,154,408
07/31/2005,TUL,OK,ASW,CE,Combined TRACON& Tower with Radar,83,85,47,3,218,0,4,41,0,45,83,89,88,3,263,12,6,18,281
08/01/2005,TUL,OK,ASW,CE,Combined TRACON& Tower with Radar,81,92,50,32,255,0,8,40,0,48,81,100,90,32,303,32,92,124,427
08/02/2005,TUL,OK,ASW,CE,Combined TRACON& Tower with Radar,95,116,70,39,320,0,5,52,0,57,95,121,122,39,377,142,108,250,627
08/03/2005,TUL,OK,ASW,CE,Combined TRACON& Tower with Radar,99,98,75,30,302,0,9,54,2,65,99,107,129,32,367,94,108,202,569
08/04/2005,TUL,OK,ASW,CE,Combined TRACON& Tower with Radar,100,103,65,16,284,0,3,45,1,49,100,106,110,17,333,56,2,58,391
08/05/2005,TUL,OK,ASW,CE,Combined TRACON& Tower with Radar,102,109,64,6,281,0,5,50,3,58,102,114,114,9,339,32,8,40,379
08/06/2005,TUL,OK,ASW,CE,Combined TRACON& Tower with Radar,83,82,32,2,199,0,5,29,0,34,83,87,61,2,233,2,0,2,235
08/07/2005,TUL,OK,ASW,CE,Combined TRACON& Tower with Radar,83,88,31,8,210,0,4,20,2,26,83,92,51,10,236,18,22,40,276
08/08/2005,TUL,OK,ASW,CE,Combined TRACON& Tower with Radar,86,91,62,26,265,0,5,43,1,49,86,96,105,27,314,52,24,76,390
08/09/2005,TUL,OK,ASW,CE,Combined TRACON& Tower with Radar,106,116,84,38,344,0,0,45,6,51,106,116,129,44,395,56,86,142,537
08/10/2005,TUL,OK,ASW,CE,Combined TRACON& Tower with Radar,100,96,71,25,292,0,1,27,0,28,100,97,98,25,320,86,86,172,492
08/11/2005,TUL,OK,ASW,CE,Combined TRACON& Tower with Radar,102,103,80,33,318,0,4,43,4,51,102,107,123,37,369,38,53,91,460
08/12/2005,TUL,OK,ASW,CE,Combined TRACON& Tower with Radar,106,110,74,15,305,0,4,44,1,49,106,114,118,16,354,96,30,126,480
08/13/2005,TUL,OK,ASW,CE,Combined TRACON& Tower with Radar,94,70,27,12,203,0,5,16,1,22,94,75,43,13,225,16,18,34,259
08/14/2005,TUL,OK,ASW,CE,Combined TRACON& Tower with Radar,96,93,38,9,236,1,4,2,0,7,97,97,40,9,243,0,0,0,243
08/15/2005,TUL,OK,ASW,CE,Combined TRACON& Tower with Radar,96,95,70,5,266,0,2,7,0,9,96,97,77,5,275,28,4,32,307
08/16/2005,TUL,OK,ASW,CE,Combined TRACON& Tower with Radar,111,99,90,21,321,0,3,18,0,21,111,102,108,21,342,53,18,71,413
08/17/2005,TUL,OK,ASW,CE,Combined TRACON& Tower with Radar,99,103,119,15,336,0,6,30,1,37,99,109,149,16,373,83,46,129,502
08/18/2005,TUL,OK,ASW,CE,Combined TRACON& Tower with Radar,90,110,89,26,315,0,3,51,1,55,90,113,140,27,370,40,8,48,418
08/19/2005,TUL,OK,ASW,CE,Combined TRACON& Tower with Radar,102,108,62,20,292,0,5,58,2,65,102,113,120,22,357,116,76,192,549
08/20/2005,TUL,OK,ASW,CE,Combined TRACON& Tower with Radar,90,79,39,0,208,0,2,32,0,34,90,81,71,0,242,8,0,8,250
08/21/2005,TUL,OK,ASW,CE,Combined TRACON& Tower with Radar,75,93,36,20,224,0,1,29,4,34,75,94,65,24,258,0,0,0,258
08/22/2005,TUL,OK,ASW,CE,Combined TRACON& Tower with Radar,90,96,50,46,282,0,3,22,1,26,90,99,72,47,308,24,92,116,424
08/23/2005,TUL,OK,ASW,CE,Combined TRACON& Tower with Radar,113,89,61,32,295,1,2,30,3,36,114,91,91,35,331,58,98,156,487
08/24/2005,TUL,OK,ASW,CE,Combined TRACON& Tower with Radar,108,100,82,40,330,0,3,52,0,55,108,103,134,40,385,182,138,320,705
08/25/2005,TUL,OK,ASW,CE,Combined TRACON& Tower with Radar,100,115,62,67,344,0,6,44,9,59,100,121,106,76,403,72,118,190,593
08/26/2005,TUL,OK,ASW,CE,Combined TRACON& Tower with Radar,103,91,65,13,272,0,2,48,2,52,103,93,113,15,324,114,24,138,462
08/27/2005,TUL,OK,ASW,CE,Combined TRACON& Tower with Radar,83,76,35,0,194,0,5,29,0,34,83,81,64,0,228,54,0,54,282
08/28/2005,TUL,OK,ASW,CE,Combined TRACON& Tower with Radar,77,85,26,4,192,0,8,38,0,46,77,93,64,4,238,32,4,36,274
08/29/2005,TUL,OK,ASW,CE,Combined TRACON& Tower with Radar,99,87,64,40,290,0,5,26,0,31,99,92,90,40,321,58,42,100,421
08/30/2005,TUL,OK,ASW,CE,Combined TRACON& Tower with Radar,106,90,57,22,275,0,4,61,0,65,106,94,118,22,340,26,12,38,378
08/31/2005,TUL,OK,ASW,CE,Combined TRACON& Tower with Radar,106,100,85,14,305,0,4,73,5,82,106,104,158,19,387,82,62,144,531
09/01/2005,TUL,OK,ASW,CE,Combined TRACON& Tower with Radar,103,104,68,53,328,0,3,46,3,52,103,107,114,56,380,56,46,102,482
09/02/2005,TUL,OK,ASW,CE,Combined TRACON& Tower with Radar,103,108,71,19,301,1,3,45,10,59,104,111,116,29,360,126,46,172,532
09/03/2005,TUL,OK,ASW,CE,Combined TRACON& Tower with Radar,78,82,39,0,199,0,4,38,0,42,78,86,77,0,241,2,0,2,243
09/04/2005,TUL,OK,ASW,CE,Combined TRACON& Tower with Radar,68,62,17,4,151,0,4,8,0,12,68,66,25,4,163,0,0,0,163
09/05/2005,TUL,OK,ASW,CE,Combined TRACON& Tower with Radar,83,75,43,10,211,0,2,48,3,53,83,77,91,13,264,12,0,12,276
09/06/2005,TUL,OK,ASW,CE,Combined TRACON& Tower with Radar,94,103,67,50,314,0,7,41,8,56,94,110,108,58,370,24,50,74,444
09/07/2005,TUL,OK,ASW,CE,Combined TRACON& Tower with Radar,116,86,83,35,320,0,3,48,0,51,116,89,131,35,371,50,50,100,471
09/08/2005,TUL,OK,ASW,CE,Combined TRACON& Tower with Radar,105,101,68,41,315,0,3,58,11,72,105,104,126,52,387,60,32,92,479
09/09/2005,TUL,OK,ASW,CE,Combined TRACON& Tower with Radar,111,101,76,13,301,0,6,43,2,51,111,107,119,15,352,110,78,188,540
09/10/2005,TUL,OK,ASW,CE,Combined TRACON& Tower with Radar,83,70,84,14,251,0,8,0,2,10,83,78,84,16,261,16,24,40,301
09/11/2005,TUL,OK,ASW,CE,Combined TRACON& Tower with Radar,83,77,31,23,214,0,1,20,5,26,83,78,51,28,240,2,22,24,264
09/12/2005,TUL,OK,ASW,CE,Combined TRACON& Tower with Radar,99,89,75,52,315,0,2,36,1,39,99,91,111,53,354,2,22,24,378
09/13/2005,TUL,OK,ASW,CE,Combined TRACON& Tower with Radar,106,103,74,19,302,0,7,37,3,47,106,110,111,22,349,10,38,48,397
09/14/2005,TUL,OK,ASW,CE,Combined TRACON& Tower with Radar,115,95,61,22,293,0,5,16,3,24,115,100,77,25,317,24,31,55,372
09/15/2005,TUL,OK,ASW,CE,Combined TRACON& Tower with Radar,112,94,72,26,304,0,3,14,3,20,112,97,86,29,324,16,12,28,352
09/16/2005,TUL,OK,ASW,CE,Combined TRACON& Tower with Radar,111,104,86,32,333,0,1,45,1,47,111,105,131,33,380,54,56,110,490
09/17/2005,TUL,OK,ASW,CE,Combined TRACON& Tower with Radar,83,77,38,15,213,0,4,55,0,59,83,81,93,15,272,28,4,32,304
09/18/2005,TUL,OK,ASW,CE,Combined TRACON& Tower with Radar,91,73,57,10,231,0,3,35,0,38,91,76,92,10,269,40,0,40,309
09/19/2005,TUL,OK,ASW,CE,Combined TRACON& Tower with Radar,98,83,44,33,258,0,3,38,4,45,98,86,82,37,303,90,52,142,445
09/20/2005,TUL,OK,ASW,CE,Combined TRACON& Tower with Radar,112,89,67,29,297,0,2,35,3,40,112,91,102,32,337,58,70,128,465
09/21/2005,TUL,OK,ASW,CE,Combined TRACON& Tower with Radar,111,100,89,44,344,0,7,54,3,64,111,107,143,47,408,78,82,160,568
09/22/2005,TUL,OK,ASW,CE,Combined TRACON& Tower with Radar,107,114,117,32,370,0,8,43,9,60,107,122,160,41,430,50,28,78,508
09/23/2005,TUL,OK,ASW,CE,Combined TRACON& Tower with Radar,111,97,85,50,343,0,5,55,2,62,111,102,140,52,405,34,62,96,501
09/24/2005,TUL,OK,ASW,CE,Combined TRACON& Tower with Radar,80,60,27,1,168,0,9,46,0,55,80,69,73,1,223,18,0,18,241
09/25/2005,TUL,OK,ASW,CE,Combined TRACON& Tower with Radar,97,73,44,3,217,2,3,17,1,23,99,76,61,4,240,0,0,0,240
09/26/2005,TUL,OK,ASW,CE,Combined TRACON& Tower with Radar,107,93,54,37,291,0,3,20,8,31,107,96,74,45,322,0,38,38,360
09/27/2005,TUL,OK,ASW,CE,Combined TRACON& Tower with Radar,116,92,79,17,304,0,8,57,2,67,116,100,136,19,371,16,16,32,403
09/28/2005,TUL,OK,ASW,CE,Combined TRACON& Tower with Radar,118,96,68,2,284,0,5,14,7,26,118,101,82,9,310,6,30,36,346
09/29/2005,TUL,OK,ASW,CE,Combined TRACON& Tower with Radar,114,89,74,10,287,0,5,50,7,62,114,94,124,17,349,42,22,64,413
09/30/2005,TUL,OK,ASW,CE,Combined TRACON& Tower with Radar,107,91,64,0,262,0,2,50,8,60,107,93,114,8,322,72,0,72,394
10/01/2005,TUL,OK,ASW,CE,Combined TRACON& Tower with Radar,86,65,16,0,167,0,2,9,0,11,86,67,25,0,178,0,0,0,178
10/02/2005,TUL,OK,ASW,CE,Combined TRACON& Tower with Radar,90,75,49,0,214,0,6,18,0,24,90,81,67,0,238,44,0,44,282
10/03/2005,TUL,OK,ASW,CE,Combined TRACON& Tower with Radar,96,84,65,29,274,0,3,37,1,41,96,87,102,30,315,16,20,36,351
10/04/2005,TUL,OK,ASW,CE,Combined TRACON& Tower with Radar,115,82,72,46,315,0,4,31,1,36,115,86,103,47,351,56,54,110,461
10/05/2005,TUL,OK,ASW,CE,Combined TRACON& Tower with Radar,110,92,66,32,300,0,5,16,2,23,110,97,82,34,323,32,108,140,463
10/06/2005,TUL,OK,ASW,CE,Combined TRACON& Tower with Radar,107,92,72,38,309,0,5,36,5,46,107,97,108,43,355,28,38,66,421
10/07/2005,TUL,OK,ASW,CE,Combined TRACON& Tower with Radar,106,89,82,3,280,0,4,34,4,42,106,93,116,7,322,66,4,70,392
10/08/2005,TUL,OK,ASW,CE,Combined TRACON& Tower with Radar,90,68,40,0,198,0,7,31,1,39,90,75,71,1,237,0,0,0,237
10/09/2005,TUL,OK,ASW,CE,Combined TRACON& Tower with Radar,96,85,51,2,234,0,2,35,2,39,96,87,86,4,273,0,0,0,273
10/10/2005,TUL,OK,ASW,CE,Combined TRACON& Tower with Radar,92,86,79,4,261,0,3,41,2,46,92,89,120,6,307,39,2,41,348
10/11/2005,TUL,OK,ASW,CE,Combined TRACON& Tower with Radar,108,92,93,46,339,0,5,28,6,39,108,97,121,52,378,60,68,128,506
10/12/2005,TUL,OK,ASW,CE,Combined TRACON& Tower with Radar,105,97,63,36,301,0,3,66,0,69,105,100,129,36,370,68,66,134,504
10/13/2005,TUL,OK,ASW,CE,Combined TRACON& Tower with Radar,99,82,91,34,306,0,3,46,4,53,99,85,137,38,359,84,44,128,487
10/14/2005,TUL,OK,ASW,CE,Combined TRACON& Tower with Radar,105,94,81,10,290,0,1,71,1,73,105,95,152,11,363,94,14,108,471
10/15/2005,TUL,OK,ASW,CE,Combined TRACON& Tower with Radar,92,74,49,10,225,0,0,75,9,84,92,74,124,19,309,158,126,284,593
10/16/2005,TUL,OK,ASW,CE,Combined TRACON& Tower with Radar,88,86,53,15,242,0,4,29,0,33,88,90,82,15,275,14,22,36,311
10/17/2005,TUL,OK,ASW,CE,Combined TRACON& Tower with Radar,103,76,60,40,279,0,5,52,6,63,103,81,112,46,342,32,44,76,418
10/18/2005,TUL,OK,ASW,CE,Combined TRACON& Tower with Radar,108,80,88,38,314,0,0,62,5,67,108,80,150,43,381,108,64,172,553
10/19/2005,TUL,OK,ASW,CE,Combined TRACON& Tower with Radar,109,90,90,22,311,0,1,54,4,59,109,91,144,26,370,118,66,184,554
10/20/2005,TUL,OK,ASW,CE,Combined TRACON& Tower with Radar,108,99,88,49,344,0,5,26,11,42,108,104,114,60,386,46,38,84,470
10/21/2005,TUL,OK,ASW,CE,Combined TRACON& Tower with Radar,103,90,63,8,264,0,4,27,1,32,103,94,90,9,296,34,68,102,398
10/22/2005,TUL,OK,ASW,CE,Combined TRACON& Tower with Radar,92,73,45,3,213,0,3,39,1,43,92,76,84,4,256,56,0,56,312
10/23/2005,TUL,OK,ASW,CE,Combined TRACON& Tower with Radar,94,75,55,8,232,0,7,34,0,41,94,82,89,8,273,56,8,64,337
10/24/2005,TUL,OK,ASW,CE,Combined TRACON& Tower with Radar,109,72,41,66,288,0,7,28,1,36,109,79,69,67,324,70,76,146,470
10/25/2005,TUL,OK,ASW,CE,Combined TRACON& Tower with Radar,108,75,59,38,280,0,3,53,2,58,108,78,112,40,338,40,42,82,420
10/26/2005,TUL,OK,ASW,CE,Combined TRACON& Tower with Radar,110,80,81,35,306,0,2,64,16,82,110,82,145,51,388,114,92,206,594
10/27/2005,TUL,OK,ASW,CE,Combined TRACON& Tower with Radar,113,99,100,32,344,0,8,67,7,82,113,107,167,39,426,60,12,72,498
10/28/2005,TUL,OK,ASW,CE,Combined TRACON& Tower with Radar,114,81,71,32,298,0,3,51,4,58,114,84,122,36,356,114,34,148,504
10/29/2005,TUL,OK,ASW,CE,Combined TRACON& Tower with Radar,85,66,28,1,180,0,6,33,0,39,85,72,61,1,219,6,0,6,225
10/30/2005,TUL,OK,ASW,CE,Combined TRACON& Tower with Radar,98,72,60,10,240,0,5,12,1,18,98,77,72,11,258,18,10,28,286
10/31/2005,TUL,OK,ASW,CE,Combined TRACON& Tower with Radar,91,73,43,14,221,0,3,5,0,8,91,76,48,14,229,8,10,18,247
11/01/2005,TUL,OK,ASW,CE,Combined TRACON& Tower with Radar,107,85,94,41,327,0,6,67,1,74,107,91,161,42,401,26,14,40,441
11/02/2005,TUL,OK,ASW,CE,Combined TRACON& Tower with Radar,102,101,78,32,313,0,14,53,7,74,102,115,131,39,387,58,80,138,525
11/03/2005,TUL,OK,ASW,CE,Combined TRACON& Tower with Radar,106,95,61,36,298,0,2,26,10,38,106,97,87,46,336,20,46,66,402
11/04/2005,TUL,OK,ASW,CE,Combined TRACON& Tower with Radar,100,102,79,31,312,0,3,40,7,50,100,105,119,38,362,80,62,142,504
11/05/2005,TUL,OK,ASW,CE,Combined TRACON& Tower with Radar,86,69,28,14,197,0,2,28,0,30,86,71,56,14,227,66,6,72,299
11/06/2005,TUL,OK,ASW,CE,Combined TRACON& Tower with Radar,94,81,38,24,237,0,9,33,0,42,94,90,71,24,279,50,48,98,377
11/07/2005,TUL,OK,ASW,CE,Combined TRACON& Tower with Radar,94,77,62,60,293,0,3,34,1,38,94,80,96,61,331,24,66,90,421
11/08/2005,TUL,OK,ASW,CE,Combined TRACON& Tower with Radar,105,83,84,36,308,0,6,42,2,50,105,89,126,38,358,44,26,70,428
11/09/2005,TUL,OK,ASW,CE,Combined TRACON& Tower with Radar,107,81,74,40,302,0,4,48,5,57,107,85,122,45,359,128,78,206,565
11/10/2005,TUL,OK,ASW,CE,Combined TRACON& Tower with Radar,108,92,70,20,290,0,3,65,7,75,108,95,135,27,365,102,42,144,509
11/11/2005,TUL,OK,ASW,CE,Combined TRACON& Tower with Radar,105,98,72,6,281,0,5,59,2,66,105,103,131,8,347,102,0,102,449
11/12/2005,TUL,OK,ASW,CE,Combined TRACON& Tower with Radar,78,76,21,8,183,0,1,15,0,16,78,77,36,8,199,22,20,42,241
11/13/2005,TUL,OK,ASW,CE,Combined TRACON& Tower with Radar,90,77,41,10,218,0,6,34,0,40,90,83,75,10,258,26,38,64,322
11/14/2005,TUL,OK,ASW,CE,Combined TRACON& Tower with Radar,96,77,61,9,243,0,3,44,0,47,96,80,105,9,290,98,18,116,406
11/15/2005,TUL,OK,ASW,CE,Combined TRACON& Tower with Radar,104,87,76,44,311,0,4,11,0,15,104,91,87,44,326,54,42,96,422
11/16/2005,TUL,OK,ASW,CE,Combined TRACON& Tower with Radar,103,96,96,23,318,0,2,45,5,52,103,98,141,28,370,84,24,108,478
11/17/2005,TUL,OK,ASW,CE,Combined TRACON& Tower with Radar,111,85,78,20,294,0,4,49,7,60,111,89,127,27,354,66,38,104,458
11/18/2005,TUL,OK,ASW,CE,Combined TRACON& Tower with Radar,111,85,78,20,294,0,4,49,7,60,111,89,127,27,354,68,38,106,460
11/19/2005,TUL,OK,ASW,CE,Combined TRACON& Tower with Radar,82,75,33,0,190,0,1,44,8,53,82,76,77,8,243,12,10,22,265
11/20/2005,TUL,OK,ASW,CE,Combined TRACON& Tower with Radar,101,69,32,8,210,0,5,16,2,23,101,74,48,10,233,0,50,50,283
11/21/2005,TUL,OK,ASW,CE,Combined TRACON& Tower with Radar,95,87,71,16,269,0,7,53,1,61,95,94,124,17,330,90,38,128,458
11/22/2005,TUL,OK,ASW,CE,Combined TRACON& Tower with Radar,110,87,76,20,293,0,2,48,1,51,110,89,124,21,344,12,6,18,362
11/23/2005,TUL,OK,ASW,CE,Combined TRACON& Tower with Radar,108,86,67,23,284,0,3,51,6,60,108,89,118,29,344,52,86,138,482
11/24/2005,TUL,OK,ASW,CE,Combined TRACON& Tower with Radar,68,63,13,0,144,0,3,14,0,17,68,66,27,0,161,26,0,26,187
11/25/2005,TUL,OK,ASW,CE,Combined TRACON& Tower with Radar,80,64,28,1,173,0,5,26,0,31,80,69,54,1,204,48,0,48,252
11/26/2005,TUL,OK,ASW,CE,Combined TRACON& Tower with Radar,77,88,66,0,231,0,2,10,0,12,77,90,76,0,243,0,0,0,243
11/27/2005,TUL,OK,ASW,CE,Combined TRACON& Tower with Radar,101,91,45,0,237,0,4,6,0,10,101,95,51,0,247,26,0,26,273
11/28/2005,TUL,OK,ASW,CE,Combined TRACON& Tower with Radar,99,90,54,13,256,0,4,9,0,13,99,94,63,13,269,33,8,41,310
11/29/2005,TUL,OK,ASW,CE,Combined TRACON& Tower with Radar,99,90,55,13,257,0,4,9,0,13,99,94,64,13,270,41,8,49,319
11/30/2005,TUL,OK,ASW,CE,Combined TRACON& Tower with Radar,111,85,58,26,280,0,2,52,15,69,111,87,110,41,349,116,94,210,559
12/01/2005,TUL,OK,ASW,CE,Combined TRACON& Tower with Radar,114,88,71,25,298,0,2,45,11,58,114,90,116,36,356,14,12,26,382
12/02/2005,TUL,OK,ASW,CE,Combined TRACON& Tower with Radar,112,88,55,31,286,0,7,56,12,75,112,95,111,43,361,48,88,136,497
12/03/2005,TUL,OK,ASW,CE,Combined TRACON& Tower with Radar,81,74,32,6,193,0,2,27,1,30,81,76,59,7,223,0,0,0,223
12/04/2005,TUL,OK,ASW,CE,Combined TRACON& Tower with Radar,90,82,33,5,210,0,9,20,0,29,90,91,53,5,239,0,12,12,251
12/05/2005,TUL,OK,ASW,CE,Combined TRACON& Tower with Radar,99,80,54,44,277,0,4,46,0,50,99,84,100,44,327,26,70,96,423
12/06/2005,TUL,OK,ASW,CE,Combined TRACON& Tower with Radar,104,75,73,52,304,0,4,39,1,44,104,79,112,53,348,94,54,148,496
12/07/2005,TUL,OK,ASW,CE,Combined TRACON& Tower with Radar,97,82,65,8,252,0,3,9,3,15,97,85,74,11,267,20,30,50,317
12/08/2005,TUL,OK,ASW,CE,Combined TRACON& Tower with Radar,99,93,57,19,268,0,3,12,5,20,99,96,69,24,288,0,30,30,318
12/09/2005,TUL,OK,ASW,CE,Combined TRACON& Tower with Radar,106,82,59,10,257,0,15,34,3,52,106,97,93,13,309,52,6,58,367
12/10/2005,TUL,OK,ASW,CE,Combined TRACON& Tower with Radar,83,76,34,12,205,0,3,42,14,59,83,79,76,26,264,36,52,88,352
12/11/2005,TUL,OK,ASW,CE,Combined TRACON& Tower with Radar,90,67,30,6,193,0,2,34,3,39,90,69,64,9,232,44,62,106,338
12/12/2005,TUL,OK,ASW,CE,Combined TRACON& Tower with Radar,95,78,56,32,261,0,4,49,3,56,95,82,105,35,317,60,62,122,439
12/13/2005,TUL,OK,ASW,CE,Combined TRACON& Tower with Radar,126,88,102,44,360,0,9,37,0,46,126,97,139,44,406,29,61,90,496
12/14/2005,TUL,OK,ASW,CE,Combined TRACON& Tower with Radar,108,90,68,76,342,1,9,34,12,56,109,99,102,88,398,110,208,318,716
12/15/2005,TUL,OK,ASW,CE,Combined TRACON& Tower with Radar,104,90,85,44,323,0,4,47,5,56,104,94,132,49,379,38,52,90,469
12/16/2005,TUL,OK,ASW,CE,Combined TRACON& Tower with Radar,108,91,67,53,319,0,6,76,8,90,108,97,143,61,409,98,114,212,621
12/17/2005,TUL,OK,ASW,CE,Combined TRACON& Tower with Radar,79,85,39,3,206,0,3,21,0,24,79,88,60,3,230,49,6,55,285
12/18/2005,TUL,OK,ASW,CE,Combined TRACON& Tower with Radar,97,73,25,3,198,0,5,4,0,9,97,78,29,3,207,44,22,66,273
12/19/2005,TUL,OK,ASW,CE,Combined TRACON& Tower with Radar,89,84,51,34,258,1,1,23,0,25,90,85,74,34,283,24,62,86,369
12/20/2005,TUL,OK,ASW,CE,Combined TRACON& Tower with Radar,102,92,69,1,264,0,4,1,0,5,102,96,70,1,269,56,0,56,325
12/21/2005,TUL,OK,ASW,CE,Combined TRACON& Tower with Radar,110,103,82,31,326,0,2,61,9,72,110,105,143,40,398,22,160,182,580
12/22/2005,TUL,OK,ASW,CE,Combined TRACON& Tower with Radar,113,89,84,48,334,0,6,62,12,80,113,95,146,60,414,70,82,152,566
12/23/2005,TUL,OK,ASW,CE,Combined TRACON& Tower with Radar,105,90,68,0,263,0,7,48,2,57,105,97,116,2,320,124,0,124,444
12/24/2005,TUL,OK,ASW,CE,Combined TRACON& Tower with Radar,92,67,25,0,184,0,3,2,0,5,92,70,27,0,189,0,0,0,189
12/25/2005,TUL,OK,ASW,CE,Combined TRACON& Tower with Radar,74,64,3,0,141,0,3,10,0,13,74,67,13,0,154,11,0,11,165
12/26/2005,TUL,OK,ASW,CE,Combined TRACON& Tower with Radar,74,64,3,0,141,0,3,10,0,13,74,67,13,0,154,11,0,11,165
12/27/2005,TUL,OK,ASW,CE,Combined TRACON& Tower with Radar,93,88,45,4,230,0,7,33,0,40,93,95,78,4,270,34,2,36,306
12/28/2005,TUL,OK,ASW,CE,Combined TRACON& Tower with Radar,96,83,38,10,227,0,2,36,4,42,96,85,74,14,269,18,22,40,309
12/29/2005,TUL,OK,ASW,CE,Combined TRACON& Tower with Radar,110,82,42,10,244,0,6,63,5,74,110,88,105,15,318,8,10,18,336
12/30/2005,TUL,OK,ASW,CE,Combined TRACON& Tower with Radar,90,83,37,2,212,0,5,51,2,58,90,88,88,4,270,38,8,46,316
12/31/2005,TUL,OK,ASW,CE,Combined TRACON& Tower with Radar,82,72,29,0,183,0,6,35,2,43,82,78,64,2,226,14,0,14,240
01/01/2006,TUL,OK,ASW,CE,Combined TRACON& Tower with Radar,77,67,21,0,165,0,3,11,2,16,77,70,32,2,181,44,0,44,225
01/02/2006,TUL,OK,ASW,CE,Combined TRACON& Tower with Radar,84,76,36,0,196,0,2,26,2,30,84,78,62,2,226,10,0,10,236
01/03/2006,TUL,OK,ASW,CE,Combined TRACON& Tower with Radar,84,76,36,0,196,0,2,26,2,30,84,78,62,2,226,10,0,10,236
01/04/2006,TUL,OK,ASW,CE,Combined TRACON& Tower with Radar,105,75,54,39,273,0,6,40,2,48,105,81,94,41,321,36,76,112,433
01/05/2006,TUL,OK,ASW,CE,Combined TRACON& Tower with Radar,102,93,83,59,337,0,8,40,11,59,102,101,123,70,396,46,162,208,604
01/06/2006,TUL,OK,ASW,CE,Combined TRACON& Tower with Radar,104,84,56,60,304,0,3,31,4,38,104,87,87,64,342,42,208,250,592
01/07/2006,TUL,OK,ASW,CE,Combined TRACON& Tower with Radar,76,63,36,19,194,0,5,39,9,53,76,68,75,28,247,8,13,21,268
01/08/2006,TUL,OK,ASW,CE,Combined TRACON& Tower with Radar,87,70,21,9,187,0,3,22,6,31,87,73,43,15,218,40,20,60,278
01/09/2006,TUL,OK,ASW,CE,Combined TRACON& Tower with Radar,88,81,50,40,259,0,7,20,4,31,88,88,70,44,290,16,42,58,348
01/10/2006,TUL,OK,ASW,CE,Combined TRACON& Tower with Radar,95,86,83,36,300,0,3,14,0,17,95,89,97,36,317,20,40,60,377
01/11/2006,TUL,OK,ASW,CE,Combined TRACON& Tower with Radar,98,86,93,23,300,0,8,42,7,57,98,94,135,30,357,16,62,78,435
01/12/2006,TUL,OK,ASW,CE,Combined TRACON& Tower with Radar,100,94,84,38,316,0,4,36,4,44,100,98,120,42,360,22,46,68,428
01/13/2006,TUL,OK,ASW,CE,Combined TRACON& Tower with Radar,96,95,64,36,291,0,6,47,4,57,96,101,111,40,348,18,94,112,460
01/14/2006,TUL,OK,ASW,CE,Combined TRACON& Tower with Radar,80,65,29,0,174,0,3,64,0,67,80,68,93,0,241,23,0,23,264
01/15/2006,TUL,OK,ASW,CE,Combined TRACON& Tower with Radar,88,72,42,1,203,0,12,35,4,51,88,84,77,5,254,44,12,56,310
01/16/2006,TUL,OK,ASW,CE,Combined TRACON& Tower with Radar,94,78,53,5,230,0,2,24,0,26,94,80,77,5,256,38,0,38,294
01/17/2006,TUL,OK,ASW,CE,Combined TRACON& Tower with Radar,95,75,79,46,295,0,3,45,0,48,95,78,124,46,343,20,58,78,421
01/18/2006,TUL,OK,ASW,CE,Combined TRACON& Tower with Radar,99,99,89,54,341,0,3,45,8,56,99,102,134,62,397,34,68,102,499
01/19/2006,TUL,OK,ASW,CE,Combined TRACON& Tower with Radar,102,86,76,28,292,0,4,35,10,49,102,90,111,38,341,8,26,34,375
01/20/2006,TUL,OK,ASW,CE,Combined TRACON& Tower with Radar,94,90,81,12,277,0,4,16,8,28,94,94,97,20,305,0,24,24,329
01/21/2006,TUL,OK,ASW,CE,Combined TRACON& Tower with Radar,75,66,43,2,186,0,7,61,0,68,75,73,104,2,254,58,2,60,314
01/22/2006,TUL,OK,ASW,CE,Combined TRACON& Tower with Radar,84,59,40,6,189,0,4,24,0,28,84,63,64,6,217,40,20,60,277
01/23/2006,TUL,OK,ASW,CE,Combined TRACON& Tower with Radar,89,87,57,34,267,0,3,29,0,32,89,90,86,34,299,42,88,130,429
01/24/2006,TUL,OK,ASW,CE,Combined TRACON& Tower with Radar,108,80,74,42,304,0,3,41,0,44,108,83,115,42,348,18,40,58,406
01/25/2006,TUL,OK,ASW,CE,Combined TRACON& Tower with Radar,99,77,42,42,260,0,103,0,16,119,99,180,42,58,379,40,56,96,475
01/26/2006,TUL,OK,ASW,CE,Combined TRACON& Tower with Radar,103,80,85,85,353,0,1,67,14,82,103,81,152,99,435,44,136,180,615
01/27/2006,TUL,OK,ASW,CE,Combined TRACON& Tower with Radar,101,86,89,23,299,0,2,25,6,33,101,88,114,29,332,6,66,72,404
01/28/2006,TUL,OK,ASW,CE,Combined TRACON& Tower with Radar,72,69,51,0,192,0,2,3,3,8,72,71,54,3,200,0,8,8,208
01/29/2006,TUL,OK,ASW,CE,Combined TRACON& Tower with Radar,85,67,53,0,205,0,2,49,0,51,85,69,102,0,256,40,0,40,296
01/30/2006,TUL,OK,ASW,CE,Combined TRACON& Tower with Radar,89,77,44,38,248,0,7,56,1,64,89,84,100,39,312,40,42,82,394
01/31/2006,TUL,OK,ASW,CE,Combined TRACON& Tower with Radar,89,77,44,38,248,0,7,56,1,64,89,84,100,39,312,16,24,40,352
02/01/2006,TUL,OK,ASW,CE,Combined TRACON& Tower with Radar,99,76,74,50,299,0,5,46,7,58,99,81,120,57,357,28,54,82,439
02/02/2006,TUL,OK,ASW,CE,Combined TRACON& Tower with Radar,97,96,62,50,305,0,6,46,6,58,97,102,108,56,363,104,76,180,543
02/03/2006,TUL,OK,ASW,CE,Combined TRACON& Tower with Radar,102,92,64,39,297,0,4,48,6,58,102,96,112,45,355,20,96,116,471
02/04/2006,TUL,OK,ASW,CE,Combined TRACON& Tower with Radar,81,72,35,0,188,0,4,35,0,39,81,76,70,0,227,28,0,28,255
02/05/2006,TUL,OK,ASW,CE,Combined TRACON& Tower with Radar,90,65,31,0,186,0,4,29,0,33,90,69,60,0,219,44,22,66,285
02/06/2006,TUL,OK,ASW,CE,Combined TRACON& Tower with Radar,90,76,69,32,267,0,10,35,0,45,90,86,104,32,312,36,44,80,392
02/07/2006,TUL,OK,ASW,CE,Combined TRACON& Tower with Radar,104,79,72,32,287,0,5,45,1,51,104,84,117,33,338,58,44,102,440
02/08/2006,TUL,OK,ASW,CE,Combined TRACON& Tower with Radar,100,74,56,37,267,0,1,43,8,52,100,75,99,45,319,42,28,70,389
02/09/2006,TUL,OK,ASW,CE,Combined TRACON& Tower with Radar,102,98,79,44,323,0,3,51,9,63,102,101,130,53,386,72,40,112,498
02/10/2006,TUL,OK,ASW,CE,Combined TRACON& Tower with Radar,103,81,63,26,273,0,7,33,1,41,103,88,96,27,314,48,48,96,410
02/11/2006,TUL,OK,ASW,CE,Combined TRACON& Tower with Radar,89,59,35,16,199,0,4,29,1,34,89,63,64,17,233,20,16,36,269
02/12/2006,TUL,OK,ASW,CE,Combined TRACON& Tower with Radar,86,68,40,16,210,0,3,21,0,24,86,71,61,16,234,22,28,50,284
02/13/2006,TUL,OK,ASW,CE,Combined TRACON& Tower with Radar,91,78,53,63,285,0,2,41,1,44,91,80,94,64,329,36,38,74,403
02/14/2006,TUL,OK,ASW,CE,Combined TRACON& Tower with Radar,102,77,60,29,268,0,1,36,4,41,102,78,96,33,309,63,14,77,386
02/15/2006,TUL,OK,ASW,CE,Combined TRACON& Tower with Radar,101,79,92,55,327,0,3,25,9,37,101,82,117,64,364,50,68,118,482
02/16/2006,TUL,OK,ASW,CE,Combined TRACON& Tower with Radar,91,78,87,43,299,0,5,18,9,32,91,83,105,52,331,11,49,60,391
02/17/2006,TUL,OK,ASW,CE,Combined TRACON& Tower with Radar,106,85,51,14,256,0,8,39,6,53,106,93,90,20,309,18,92,110,419
02/18/2006,TUL,OK,ASW,CE,Combined TRACON& Tower with Radar,83,65,19,0,167,0,4,4,0,8,83,69,23,0,175,0,0,0,175
02/19/2006,TUL,OK,ASW,CE,Combined TRACON& Tower with Radar,83,65,19,0,167,0,4,4,0,8,83,69,23,0,175,0,0,0,175
02/20/2006,TUL,OK,ASW,CE,Combined TRACON& Tower with Radar,99,74,58,1,232,0,2,5,0,7,99,76,63,1,239,76,0,76,315
02/21/2006,TUL,OK,ASW,CE,Combined TRACON& Tower with Radar,99,74,58,1,232,0,2,5,0,7,99,76,63,1,239,56,0,56,295
02/22/2006,TUL,OK,ASW,CE,Combined TRACON& Tower with Radar,101,81,98,41,321,0,1,29,8,38,101,82,127,49,359,6,46,52,411
02/23/2006,TUL,OK,ASW,CE,Combined TRACON& Tower with Radar,108,84,106,35,333,0,1,56,8,65,108,85,162,43,398,90,40,130,528
02/24/2006,TUL,OK,ASW,CE,Combined TRACON& Tower with Radar,98,86,81,38,303,0,2,48,15,65,98,88,129,53,368,104,78,182,550
02/25/2006,TUL,OK,ASW,CE,Combined TRACON& Tower with Radar,95,56,39,0,190,0,0,27,0,27,95,56,66,0,217,54,0,54,271
02/26/2006,TUL,OK,ASW,CE,Combined TRACON& Tower with Radar,84,74,43,4,205,0,0,39,0,39,84,74,82,4,244,44,0,44,288
02/27/2006,TUL,OK,ASW,CE,Combined TRACON& Tower with Radar,92,77,53,8,230,0,0,27,2,29,92,77,80,10,259,16,16,32,291
02/28/2006,TUL,OK,ASW,CE,Combined TRACON& Tower with Radar,104,73,68,55,300,0,0,53,0,53,104,73,121,55,353,72,35,107,460
03/01/2006,TUL,OK,ASW,CE,Combined TRACON& Tower with Radar,105,75,80,30,290,0,3,45,8,56,105,78,125,38,346,44,124,168,514
03/02/2006,TUL,OK,ASW,CE,Combined TRACON& Tower with Radar,113,86,73,42,314,0,1,33,7,41,113,87,106,49,355,58,92,150,505
03/03/2006,TUL,OK,ASW,CE,Combined TRACON& Tower with Radar,106,88,58,1,253,0,5,54,7,66,106,93,112,8,319,71,50,121,440
03/04/2006,TUL,OK,ASW,CE,Combined TRACON& Tower with Radar,85,63,51,3,202,0,0,24,2,26,85,63,75,5,228,58,26,84,312
03/05/2006,TUL,OK,ASW,CE,Combined TRACON& Tower with Radar,83,67,42,1,193,0,2,24,0,26,83,69,66,1,219,44,10,54,273
03/06/2006,TUL,OK,ASW,CE,Combined TRACON& Tower with Radar,92,78,61,31,262,0,2,56,0,58,92,80,117,31,320,33,17,50,370
03/07/2006,TUL,OK,ASW,CE,Combined TRACON& Tower with Radar,113,79,74,30,296,0,2,40,1,43,113,81,114,31,339,56,30,86,425
03/08/2006,TUL,OK,ASW,CE,Combined TRACON& Tower with Radar,102,86,78,21,287,0,0,15,4,19,102,86,93,25,306,8,44,52,358
03/09/2006,TUL,OK,ASW,CE,Combined TRACON& Tower with Radar,109,89,84,17,299,0,1,12,8,21,109,90,96,25,320,6,16,22,342
03/10/2006,TUL,OK,ASW,CE,Combined TRACON& Tower with Radar,116,88,70,26,300,0,3,39,14,56,116,91,109,40,356,46,58,104,460
03/11/2006,TUL,OK,ASW,CE,Combined TRACON& Tower with Radar,80,66,41,19,206,0,0,41,3,44,80,66,82,22,250,14,32,46,296
03/12/2006,TUL,OK,ASW,CE,Combined TRACON& Tower with Radar,84,75,40,16,215,0,3,7,10,20,84,78,47,26,235,10,24,34,269
03/13/2006,TUL,OK,ASW,CE,Combined TRACON& Tower with Radar,97,81,57,50,285,0,3,39,2,44,97,84,96,52,329,32,50,82,411
03/14/2006,TUL,OK,ASW,CE,Combined TRACON& Tower with Radar,105,91,84,24,304,0,1,73,4,78,105,92,157,28,382,38,14,52,434
03/15/2006,TUL,OK,ASW,CE,Combined TRACON& Tower with Radar,105,91,50,49,295,0,2,55,11,68,105,93,105,60,363,70,108,178,541
03/16/2006,TUL,OK,ASW,CE,Combined TRACON& Tower with Radar,121,91,63,33,308,0,1,43,10,54,121,92,106,43,362,44,36,80,442
03/17/2006,TUL,OK,ASW,CE,Combined TRACON& Tower with Radar,106,94,74,19,293,0,0,56,2,58,106,94,130,21,351,68,64,132,483
03/18/2006,TUL,OK,ASW,CE,Combined TRACON& Tower with Radar,87,74,41,3,205,0,0,0,0,0,87,74,41,3,205,0,0,0,205
03/19/2006,TUL,OK,ASW,CE,Combined TRACON& Tower with Radar,85,72,35,2,194,0,0,0,0,0,85,72,35,2,194,0,0,0,194
03/20/2006,TUL,OK,ASW,CE,Combined TRACON& Tower with Radar,102,79,48,2,231,0,1,0,0,1,102,80,48,2,232,6,0,6,238
03/21/2006,TUL,OK,ASW,CE,Combined TRACON& Tower with Radar,108,78,45,13,244,0,3,14,0,17,108,81,59,13,261,24,0,24,285
03/22/2006,TUL,OK,ASW,CE,Combined TRACON& Tower with Radar,107,95,77,35,314,0,2,21,6,29,107,97,98,41,343,22,70,92,435
03/23/2006,TUL,OK,ASW,CE,Combined TRACON& Tower with Radar,103,86,65,13,267,1,3,22,4,30,104,89,87,17,297,2,12,14,311
03/24/2006,TUL,OK,ASW,CE,Combined TRACON& Tower with Radar,108,99,70,25,302,0,3,48,11,62,108,102,118,36,364,60,34,94,458
03/25/2006,TUL,OK,ASW,CE,Combined TRACON& Tower with Radar,85,70,59,6,220,0,10,62,1,73,85,80,121,7,293,28,8,36,329
03/26/2006,TUL,OK,ASW,CE,Combined TRACON& Tower with Radar,86,72,27,13,198,0,2,30,0,32,86,74,57,13,230,30,72,102,332
03/27/2006,TUL,OK,ASW,CE,Combined TRACON& Tower with Radar,86,72,27,13,198,0,2,30,0,32,86,74,57,13,230,30,72,102,332
03/28/2006,TUL,OK,ASW,CE,Combined TRACON& Tower with Radar,103,85,59,47,294,0,2,63,15,80,103,87,122,62,374,68,50,118,492
03/29/2006,TUL,OK,ASW,CE,Combined TRACON& Tower with Radar,107,90,71,38,306,0,0,45,13,58,107,90,116,51,364,32,110,142,506
03/30/2006,TUL,OK,ASW,CE,Combined TRACON& Tower with Radar,107,93,53,6,259,0,0,3,0,3,107,93,56,6,262,0,0,0,262
03/31/2006,TUL,OK,ASW,CE,Combined TRACON& Tower with Radar,104,88,67,27,286,0,2,81,3,86,104,90,148,30,372,38,58,96,468
04/01/2006,TUL,OK,ASW,CE,Combined TRACON& Tower with Radar,82,76,44,1,203,0,4,46,0,50,82,80,90,1,253,92,0,92,345
04/02/2006,TUL,OK,ASW,CE,Combined TRACON& Tower with Radar,79,87,37,4,207,0,3,17,0,20,79,90,54,4,227,4,6,10,237
04/03/2006,TUL,OK,ASW,CE,Combined TRACON& Tower with Radar,101,92,66,42,301,0,1,41,1,43,101,93,107,43,344,76,44,120,464
04/04/2006,TUL,OK,ASW,CE,Combined TRACON& Tower with Radar,111,98,64,29,302,0,4,64,2,70,111,102,128,31,372,82,82,164,536
04/05/2006,TUL,OK,ASW,CE,Combined TRACON& Tower with Radar,96,103,88,11,298,0,2,20,7,29,96,105,108,18,327,14,12,26,353
04/06/2006,TUL,OK,ASW,CE,Combined TRACON& Tower with Radar,96,103,88,11,298,0,2,20,7,29,96,105,108,18,327,14,12,26,353
04/07/2006,TUL,OK,ASW,CE,Combined TRACON& Tower with Radar,100,94,74,40,308,0,0,26,3,29,100,94,100,43,337,48,70,118,455
04/08/2006,TUL,OK,ASW,CE,Combined TRACON& Tower with Radar,90,67,38,11,206,0,9,40,6,55,90,76,78,17,261,28,60,88,349
04/09/2006,TUL,OK,ASW,CE,Combined TRACON& Tower with Radar,87,83,53,8,231,0,2,43,0,45,87,85,96,8,276,32,12,44,320
04/10/2006,TUL,OK,ASW,CE,Combined TRACON& Tower with Radar,95,84,49,35,263,0,4,33,1,38,95,88,82,36,301,22,12,34,335
04/11/2006,TUL,OK,ASW,CE,Combined TRACON& Tower with Radar,109,95,76,29,309,0,5,28,1,34,109,100,104,30,343,46,50,96,439
04/12/2006,TUL,OK,ASW,CE,Combined TRACON& Tower with Radar,97,97,79,27,300,0,4,57,3,64,97,101,136,30,364,32,36,68,432
04/13/2006,TUL,OK,ASW,CE,Combined TRACON& Tower with Radar,101,99,81,15,296,0,4,52,3,59,101,103,133,18,355,28,50,78,433
04/14/2006,TUL,OK,ASW,CE,Combined TRACON& Tower with Radar,104,91,41,19,255,0,0,47,4,51,104,91,88,23,306,88,64,152,458
04/15/2006,TUL,OK,ASW,CE,Combined TRACON& Tower with Radar,83,61,13,0,157,0,1,29,4,34,83,62,42,4,191,66,22,88,279
04/16/2006,TUL,OK,ASW,CE,Combined TRACON& Tower with Radar,76,86,19,0,181,0,3,31,2,36,76,89,50,2,217,24,0,24,241
04/17/2006,TUL,OK,ASW,CE,Combined TRACON& Tower with Radar,92,84,74,29,279,0,1,50,3,54,92,85,124,32,333,22,22,44,377
04/18/2006,TUL,OK,ASW,CE,Combined TRACON& Tower with Radar,98,101,53,37,289,0,2,41,9,52,98,103,94,46,341,14,64,78,419
04/19/2006,TUL,OK,ASW,CE,Combined TRACON& Tower with Radar,98,83,67,36,284,0,3,37,7,47,98,86,104,43,331,14,57,71,402
04/20/2006,TUL,OK,ASW,CE,Combined TRACON& Tower with Radar,109,98,64,26,297,0,1,37,7,45,109,99,101,33,342,14,28,42,384
04/21/2006,TUL,OK,ASW,CE,Combined TRACON& Tower with Radar,103,96,62,15,276,0,0,66,3,69,103,96,128,18,345,46,32,78,423
04/22/2006,TUL,OK,ASW,CE,Combined TRACON& Tower with Radar,82,71,18,11,182,0,1,21,1,23,82,72,39,12,205,20,48,68,273
04/23/2006,TUL,OK,ASW,CE,Combined TRACON& Tower with Radar,81,78,49,16,224,0,2,17,2,21,81,80,66,18,245,0,16,16,261
04/24/2006,TUL,OK,ASW,CE,Combined TRACON& Tower with Radar,100,79,65,8,252,0,5,12,0,17,100,84,77,8,269,16,10,26,295
04/25/2006,TUL,OK,ASW,CE,Combined TRACON& Tower with Radar,113,106,102,33,354,0,4,4,1,9,113,110,106,34,363,36,52,88,451
04/26/2006,TUL,OK,ASW,CE,Combined TRACON& Tower with Radar,98,99,87,51,335,0,2,28,4,34,98,101,115,55,369,36,54,90,459
04/27/2006,TUL,OK,ASW,CE,Combined TRACON& Tower with Radar,101,101,62,36,300,0,2,64,1,67,101,103,126,37,367,20,56,76,443
04/28/2006,TUL,OK,ASW,CE,Combined TRACON& Tower with Radar,96,93,62,0,251,0,0,26,4,30,96,93,88,4,281,32,30,62,343
04/29/2006,TUL,OK,ASW,CE,Combined TRACON& Tower with Radar,86,67,25,4,182,0,0,3,0,3,86,67,28,4,185,6,0,6,191
04/30/2006,TUL,OK,ASW,CE,Combined TRACON& Tower with Radar,86,67,25,4,182,0,0,3,0,3,86,67,28,4,185,14,0,14,199
05/01/2006,TUL,OK,ASW,CE,Combined TRACON& Tower with Radar,90,94,29,33,246,0,2,33,1,36,90,96,62,34,282,18,16,34,316
05/02/2006,TUL,OK,ASW,CE,Combined TRACON& Tower with Radar,104,86,68,51,309,0,0,36,5,41,104,86,104,56,350,40,84,124,474
05/03/2006,TUL,OK,ASW,CE,Combined TRACON& Tower with Radar,99,96,80,10,285,0,1,35,8,44,99,97,115,18,329,26,16,42,371
05/04/2006,TUL,OK,ASW,CE,Combined TRACON& Tower with Radar,101,93,68,11,273,0,0,4,3,7,101,93,72,14,280,2,0,2,282
05/05/2006,TUL,OK,ASW,CE,Combined TRACON& Tower with Radar,104,100,68,35,307,0,0,49,6,55,104,100,117,41,362,16,38,54,416
05/06/2006,TUL,OK,ASW,CE,Combined TRACON& Tower with Radar,83,66,32,16,197,0,0,0,0,0,83,66,32,16,197,0,8,8,205
05/07/2006,TUL,OK,ASW,CE,Combined TRACON& Tower with Radar,83,66,32,16,197,0,0,0,0,0,83,66,32,16,197,0,8,8,205
05/08/2006,TUL,OK,ASW,CE,Combined TRACON& Tower with Radar,93,87,71,20,271,0,0,31,2,33,93,87,102,22,304,28,42,70,374
05/09/2006,TUL,OK,ASW,CE,Combined TRACON& Tower with Radar,94,98,81,28,301,0,2,31,2,35,94,100,112,30,336,70,20,90,426
05/10/2006,TUL,OK,ASW,CE,Combined TRACON& Tower with Radar,104,106,88,23,321,0,0,17,6,23,104,106,105,29,344,12,10,22,366
05/11/2006,TUL,OK,ASW,CE,Combined TRACON& Tower with Radar,95,102,68,27,292,0,0,45,5,50,95,102,113,32,342,40,42,82,424
05/12/2006,TUL,OK,ASW,CE,Combined TRACON& Tower with Radar,106,94,74,11,285,0,2,48,19,69,106,96,122,30,354,18,96,114,468
05/13/2006,TUL,OK,ASW,CE,Combined TRACON& Tower with Radar,85,70,26,1,182,0,3,48,6,57,85,73,74,7,239,34,0,34,273
05/14/2006,TUL,OK,ASW,CE,Combined TRACON& Tower with Radar,82,78,36,18,214,0,0,45,0,45,82,78,81,18,259,14,46,60,319
05/15/2006,TUL,OK,ASW,CE,Combined TRACON& Tower with Radar,92,87,54,46,279,0,3,38,1,42,92,90,92,47,321,6,48,54,375
05/16/2006,TUL,OK,ASW,CE,Combined TRACON& Tower with Radar,102,97,71,42,312,0,1,46,4,51,102,98,117,46,363,36,64,100,463
05/17/2006,TUL,OK,ASW,CE,Combined TRACON& Tower with Radar,95,106,105,37,343,0,0,67,12,79,95,106,172,49,422,68,132,200,622
05/18/2006,TUL,OK,ASW,CE,Combined TRACON& Tower with Radar,102,95,66,28,291,0,1,41,8,50,102,96,107,36,341,20,64,84,425
05/19/2006,TUL,OK,ASW,CE,Combined TRACON& Tower with Radar,96,100,62,21,279,0,0,45,4,49,96,100,107,25,328,52,64,116,444
05/20/2006,TUL,OK,ASW,CE,Combined TRACON& Tower with Radar,86,68,47,5,206,0,4,34,1,39,86,72,81,6,245,28,0,28,273
05/21/2006,TUL,OK,ASW,CE,Combined TRACON& Tower with Radar,82,79,43,5,209,0,3,24,0,27,82,82,67,5,236,44,4,48,284
05/22/2006,TUL,OK,ASW,CE,Combined TRACON& Tower with Radar,93,93,53,67,306,0,2,31,0,33,93,95,84,67,339,54,86,140,479
05/23/2006,TUL,OK,ASW,CE,Combined TRACON& Tower with Radar,96,91,70,41,298,0,3,51,3,57,96,94,121,44,355,58,49,107,462
05/24/2006,TUL,OK,ASW,CE,Combined TRACON& Tower with Radar,92,93,86,34,305,0,0,69,6,75,92,93,155,40,380,38,64,102,482
05/25/2006,TUL,OK,ASW,CE,Combined TRACON& Tower with Radar,100,101,69,37,307,1,0,56,5,62,101,101,125,42,369,48,54,102,471
05/26/2006,TUL,OK,ASW,CE,Combined TRACON& Tower with Radar,109,104,55,18,286,0,0,57,8,65,109,104,112,26,351,81,32,113,464
05/27/2006,TUL,OK,ASW,CE,Combined TRACON& Tower with Radar,80,74,22,5,181,0,0,41,0,41,80,74,63,5,222,28,0,28,250
05/28/2006,TUL,OK,ASW,CE,Combined TRACON& Tower with Radar,80,74,22,5,181,0,0,41,0,41,80,74,63,5,222,8,0,8,230
05/29/2006,TUL,OK,ASW,CE,Combined TRACON& Tower with Radar,72,82,26,0,180,0,1,44,1,46,72,83,70,1,226,14,0,14,240
05/30/2006,TUL,OK,ASW,CE,Combined TRACON& Tower with Radar,101,103,50,48,302,0,1,54,0,55,101,104,104,48,357,98,60,158,515
05/31/2006,TUL,OK,ASW,CE,Combined TRACON& Tower with Radar,105,98,64,31,298,0,6,43,5,54,105,104,107,36,352,30,32,62,414
06/01/2006,TUL,OK,ASW,CE,Combined TRACON& Tower with Radar,99,94,84,20,297,0,2,42,8,52,99,96,126,28,349,16,42,58,407
06/02/2006,TUL,OK,ASW,CE,Combined TRACON& Tower with Radar,107,98,79,23,307,0,0,78,8,86,107,98,157,31,393,22,52,74,467
06/03/2006,TUL,OK,ASW,CE,Combined TRACON& Tower with Radar,84,70,27,17,198,0,2,59,2,63,84,72,86,19,261,30,18,48,309
06/04/2006,TUL,OK,ASW,CE,Combined TRACON& Tower with Radar,84,70,27,17,198,0,2,59,2,63,84,72,86,19,261,30,18,48,309
06/05/2006,TUL,OK,ASW,CE,Combined TRACON& Tower with Radar,84,70,27,17,198,0,2,59,2,63,84,72,86,19,261,30,18,48,309
06/06/2006,TUL,OK,ASW,CE,Combined TRACON& Tower with Radar,101,89,68,35,293,0,1,28,6,35,101,90,96,41,328,12,38,50,378
06/07/2006,TUL,OK,ASW,CE,Combined TRACON& Tower with Radar,100,94,67,45,306,0,1,43,8,52,100,95,110,53,358,59,50,109,467
06/08/2006,TUL,OK,ASW,CE,Combined TRACON& Tower with Radar,102,85,76,41,304,0,1,89,12,102,102,86,165,53,406,42,42,84,490
06/09/2006,TUL,OK,ASW,CE,Combined TRACON& Tower with Radar,98,94,47,28,267,0,2,65,19,86,98,96,112,47,353,40,14,54,407
06/10/2006,TUL,OK,ASW,CE,Combined TRACON& Tower with Radar,84,70,30,14,198,0,2,63,3,68,84,72,93,17,266,44,8,52,318
06/11/2006,TUL,OK,ASW,CE,Combined TRACON& Tower with Radar,84,70,30,14,198,0,2,63,3,68,84,72,93,17,266,30,17,47,313
06/12/2006,TUL,OK,ASW,CE,Combined TRACON& Tower with Radar,98,95,45,9,247,0,0,27,2,29,98,95,72,11,276,0,0,0,276
06/13/2006,TUL,OK,ASW,CE,Combined TRACON& Tower with Radar,102,99,64,35,300,0,2,76,0,78,102,101,140,35,378,80,88,168,546
06/14/2006,TUL,OK,ASW,CE,Combined TRACON& Tower with Radar,106,105,83,28,322,0,1,73,7,81,106,106,156,35,403,126,98,224,627
06/15/2006,TUL,OK,ASW,CE,Combined TRACON& Tower with Radar,97,111,61,30,299,0,2,77,6,85,97,113,138,36,384,20,28,48,432
06/16/2006,TUL,OK,ASW,CE,Combined TRACON& Tower with Radar,109,91,70,34,304,0,2,69,7,78,109,93,139,41,382,22,26,48,430
06/17/2006,TUL,OK,ASW,CE,Combined TRACON& Tower with Radar,88,74,24,10,196,0,3,33,1,37,88,77,57,11,233,44,22,66,299
06/18/2006,TUL,OK,ASW,CE,Combined TRACON& Tower with Radar,86,90,32,8,216,0,1,39,1,41,86,91,71,9,257,30,10,40,297
06/19/2006,TUL,OK,ASW,CE,Combined TRACON& Tower with Radar,88,80,62,22,252,0,3,59,2,64,88,83,121,24,316,54,8,62,378
06/20/2006,TUL,OK,ASW,CE,Combined TRACON& Tower with Radar,89,78,52,44,263,21,2,81,0,104,110,80,133,44,367,96,64,160,527
06/21/2006,TUL,OK,ASW,CE,Combined TRACON& Tower with Radar,100,102,82,57,341,0,2,69,14,85,100,104,151,71,426,114,72,186,612
06/22/2006,TUL,OK,ASW,CE,Combined TRACON& Tower with Radar,100,101,68,9,278,0,1,52,7,60,100,102,120,16,338,56,10,66,404
06/23/2006,TUL,OK,ASW,CE,Combined TRACON& Tower with Radar,106,94,60,5,265,0,0,53,6,59,106,94,113,11,324,66,34,100,424
06/24/2006,TUL,OK,ASW,CE,Combined TRACON& Tower with Radar,107,94,60,5,266,0,0,53,6,59,107,94,113,11,325,0,0,0,325
06/25/2006,TUL,OK,ASW,CE,Combined TRACON& Tower with Radar,107,94,60,5,266,0,0,53,6,59,107,94,113,11,325,0,0,0,325
06/26/2006,TUL,OK,ASW,CE,Combined TRACON& Tower with Radar,107,94,60,5,266,0,0,53,6,59,107,94,113,11,325,0,0,0,325
06/27/2006,TUL,OK,ASW,CE,Combined TRACON& Tower with Radar,100,96,74,52,322,0,3,60,3,66,100,99,134,55,388,34,114,148,536
06/28/2006,TUL,OK,ASW,CE,Combined TRACON& Tower with Radar,98,107,66,32,303,0,3,79,20,102,98,110,145,52,405,48,62,110,515
06/29/2006,TUL,OK,ASW,CE,Combined TRACON& Tower with Radar,111,90,71,44,316,0,1,66,6,73,111,91,137,50,389,72,66,138,527
06/30/2006,TUL,OK,ASW,CE,Combined TRACON& Tower with Radar,110,97,88,8,303,0,1,84,6,91,110,98,172,14,394,50,12,62,456
07/01/2006,TUL,OK,ASW,CE,Combined TRACON& Tower with Radar,87,82,35,18,222,0,0,49,2,51,87,82,84,20,273,44,28,72,345
07/02/2006,TUL,OK,ASW,CE,Combined TRACON& Tower with Radar,87,75,13,1,176,0,2,35,0,37,87,77,48,1,213,0,0,0,213
07/03/2006,TUL,OK,ASW,CE,Combined TRACON& Tower with Radar,72,72,42,3,189,0,2,64,2,68,72,74,106,5,257,46,0,46,303
07/04/2006,TUL,OK,ASW,CE,Combined TRACON& Tower with Radar,76,67,17,0,160,0,0,28,0,28,76,67,45,0,188,0,0,0,188
07/05/2006,TUL,OK,ASW,CE,Combined TRACON& Tower with Radar,110,86,54,52,302,0,3,55,6,64,110,89,109,58,366,82,78,160,526
07/06/2006,TUL,OK,ASW,CE,Combined TRACON& Tower with Radar,110,86,54,52,302,0,3,55,6,64,110,89,109,58,366,86,74,160,526
07/07/2006,TUL,OK,ASW,CE,Combined TRACON& Tower with Radar,100,94,56,41,291,0,1,64,7,72,100,95,120,48,363,24,46,70,433
07/08/2006,TUL,OK,ASW,CE,Combined TRACON& Tower with Radar,100,94,56,41,291,0,1,64,7,72,100,95,120,48,363,24,46,70,433
07/09/2006,TUL,OK,ASW,CE,Combined TRACON& Tower with Radar,86,80,27,16,209,0,0,40,3,43,86,80,67,19,252,6,16,22,274
07/10/2006,TUL,OK,ASW,CE,Combined TRACON& Tower with Radar,94,82,46,22,244,0,5,25,0,30,94,87,71,22,274,0,0,0,274
07/11/2006,TUL,OK,ASW,CE,Combined TRACON& Tower with Radar,105,111,70,30,316,0,2,68,0,70,105,113,138,30,386,30,6,36,422
07/12/2006,TUL,OK,ASW,CE,Combined TRACON& Tower with Radar,100,96,75,27,298,0,4,58,10,72,100,100,133,37,370,96,14,110,480
07/13/2006,TUL,OK,ASW,CE,Combined TRACON& Tower with Radar,98,101,61,29,289,0,8,51,7,66,98,109,112,36,355,34,42,76,431
07/14/2006,TUL,OK,ASW,CE,Combined TRACON& Tower with Radar,111,96,57,29,293,0,0,64,7,71,111,96,121,36,364,26,48,74,438
07/15/2006,TUL,OK,ASW,CE,Combined TRACON& Tower with Radar,82,78,29,4,193,0,0,48,0,48,82,78,77,4,241,20,38,58,299
07/16/2006,TUL,OK,ASW,CE,Combined TRACON& Tower with Radar,87,82,33,7,209,0,2,53,0,55,87,84,86,7,264,22,22,44,308
07/17/2006,TUL,OK,ASW,CE,Combined TRACON& Tower with Radar,93,85,54,33,265,0,14,70,2,86,93,99,124,35,351,10,24,34,385
07/18/2006,TUL,OK,ASW,CE,Combined TRACON& Tower with Radar,104,106,75,52,337,0,7,71,4,82,104,113,146,56,419,26,58,84,503
07/19/2006,TUL,OK,ASW,CE,Combined TRACON& Tower with Radar,103,94,92,44,333,0,0,69,4,73,103,94,161,48,406,34,80,114,520
07/20/2006,TUL,OK,ASW,CE,Combined TRACON& Tower with Radar,99,103,78,34,314,0,2,60,11,73,99,105,138,45,387,56,78,134,521
07/21/2006,TUL,OK,ASW,CE,Combined TRACON& Tower with Radar,108,90,67,9,274,0,1,74,2,77,108,91,141,11,351,52,18,70,421
07/22/2006,TUL,OK,ASW,CE,Combined TRACON& Tower with Radar,82,77,24,5,188,2,7,48,0,57,84,84,72,5,245,68,8,76,321
07/23/2006,TUL,OK,ASW,CE,Combined TRACON& Tower with Radar,90,83,26,0,199,0,0,43,2,45,90,83,69,2,244,84,0,84,328
07/24/2006,TUL,OK,ASW,CE,Combined TRACON& Tower with Radar,90,83,26,0,199,0,0,43,2,45,90,83,69,2,244,84,0,84,328
07/25/2006,TUL,OK,ASW,CE,Combined TRACON& Tower with Radar,99,82,63,36,280,0,4,72,1,77,99,86,135,37,357,28,69,97,454
07/26/2006,TUL,OK,ASW,CE,Combined TRACON& Tower with Radar,99,88,68,39,294,0,7,70,8,85,99,95,138,47,379,10,48,58,437
07/27/2006,TUL,OK,ASW,CE,Combined TRACON& Tower with Radar,96,94,68,58,316,0,0,58,6,64,96,94,126,64,380,0,0,0,380
07/28/2006,TUL,OK,ASW,CE,Combined TRACON& Tower with Radar,114,100,58,12,284,0,1,64,7,72,114,101,122,19,356,36,22,58,414
07/29/2006,TUL,OK,ASW,CE,Combined TRACON& Tower with Radar,84,88,34,6,212,1,2,39,4,46,85,90,73,10,258,88,40,128,386
07/30/2006,TUL,OK,ASW,CE,Combined TRACON& Tower with Radar,87,81,27,9,204,0,1,37,1,39,87,82,64,10,243,40,40,80,323
07/31/2006,TUL,OK,ASW,CE,Combined TRACON& Tower with Radar,96,79,57,25,257,0,0,58,1,59,96,79,115,26,316,26,38,64,380
08/01/2006,TUL,OK,ASW,CE,Combined TRACON& Tower with Radar,111,91,71,34,307,0,4,51,0,55,111,95,122,34,362,42,68,110,472
08/02/2006,TUL,OK,ASW,CE,Combined TRACON& Tower with Radar,93,100,67,30,290,0,5,84,3,92,93,105,151,33,382,66,46,112,494
08/03/2006,TUL,OK,ASW,CE,Combined TRACON& Tower with Radar,102,93,78,60,333,0,4,87,2,93,102,97,165,62,426,70,110,180,606
08/04/2006,TUL,OK,ASW,CE,Combined TRACON& Tower with Radar,96,79,87,25,287,0,0,48,1,49,96,79,135,26,336,46,48,94,430
08/05/2006,TUL,OK,ASW,CE,Combined TRACON& Tower with Radar,82,75,31,12,200,2,0,67,0,69,84,75,98,12,269,56,18,74,343
08/06/2006,TUL,OK,ASW,CE,Combined TRACON& Tower with Radar,80,96,41,38,255,0,0,40,0,40,80,96,81,38,295,102,144,246,541
08/07/2006,TUL,OK,ASW,CE,Combined TRACON& Tower with Radar,104,89,70,41,304,0,0,70,0,70,104,89,140,41,374,34,38,72,446
08/08/2006,TUL,OK,ASW,CE,Combined TRACON& Tower with Radar,106,93,67,32,298,0,1,73,0,74,106,94,140,32,372,70,66,136,508
08/09/2006,TUL,OK,ASW,CE,Combined TRACON& Tower with Radar,110,94,86,61,351,0,1,58,3,62,110,95,144,64,413,138,136,274,687
08/10/2006,TUL,OK,ASW,CE,Combined TRACON& Tower with Radar,103,98,74,38,313,0,0,62,3,65,103,98,136,41,378,66,66,132,510
08/11/2006,TUL,OK,ASW,CE,Combined TRACON& Tower with Radar,102,98,71,17,288,0,1,53,0,54,102,99,124,17,342,88,24,112,454
08/12/2006,TUL,OK,ASW,CE,Combined TRACON& Tower with Radar,80,79,32,14,205,0,0,59,3,62,80,79,91,17,267,20,64,84,351
08/13/2006,TUL,OK,ASW,CE,Combined TRACON& Tower with Radar,91,72,48,5,216,0,2,36,0,38,91,74,84,5,254,56,32,88,342
08/14/2006,TUL,OK,ASW,CE,Combined TRACON& Tower with Radar,106,91,72,55,324,12,13,54,3,82,118,104,126,58,406,60,52,112,518
08/15/2006,TUL,OK,ASW,CE,Combined TRACON& Tower with Radar,98,89,83,19,289,0,0,74,0,74,98,89,157,19,363,93,42,135,498
08/16/2006,TUL,OK,ASW,CE,Combined TRACON& Tower with Radar,105,109,78,20,312,0,0,59,2,61,105,109,137,22,373,64,28,92,465
08/17/2006,TUL,OK,ASW,CE,Combined TRACON& Tower with Radar,99,104,56,27,286,0,1,65,4,70,99,105,121,31,356,44,38,82,438
08/18/2006,TUL,OK,ASW,CE,Combined TRACON& Tower with Radar,110,92,55,16,273,0,1,49,7,57,110,93,104,23,330,50,37,87,417
08/19/2006,TUL,OK,ASW,CE,Combined TRACON& Tower with Radar,77,76,31,5,189,0,2,33,1,36,77,78,64,6,225,28,0,28,253
08/20/2006,TUL,OK,ASW,CE,Combined TRACON& Tower with Radar,95,89,39,11,234,0,0,22,0,22,95,89,61,11,256,22,26,48,304
08/21/2006,TUL,OK,ASW,CE,Combined TRACON& Tower with Radar,95,86,57,16,254,0,4,24,0,28,95,90,81,16,282,0,16,16,298
08/22/2006,TUL,OK,ASW,CE,Combined TRACON& Tower with Radar,102,83,70,33,288,0,0,53,0,53,102,83,123,33,341,42,86,128,469
08/23/2006,TUL,OK,ASW,CE,Combined TRACON& Tower with Radar,101,93,70,23,287,0,1,64,2,67,101,94,134,25,354,80,36,116,470
08/24/2006,TUL,OK,ASW,CE,Combined TRACON& Tower with Radar,96,85,72,33,286,0,2,52,4,58,96,87,124,37,344,74,84,158,502
08/25/2006,TUL,OK,ASW,CE,Combined TRACON& Tower with Radar,107,87,60,27,281,0,2,57,7,66,107,89,117,34,347,66,58,124,471
08/26/2006,TUL,OK,ASW,CE,Combined TRACON& Tower with Radar,76,71,27,2,176,0,1,48,0,49,76,72,75,2,225,18,0,18,243
08/27/2006,TUL,OK,ASW,CE,Combined TRACON& Tower with Radar,100,79,29,11,219,0,0,17,0,17,100,79,46,11,236,38,0,38,274
08/28/2006,TUL,OK,ASW,CE,Combined TRACON& Tower with Radar,91,96,64,41,292,0,0,38,1,39,91,96,102,42,331,76,20,96,427
08/29/2006,TUL,OK,ASW,CE,Combined TRACON& Tower with Radar,107,78,86,55,326,0,3,53,0,56,107,81,139,55,382,150,82,232,614
08/30/2006,TUL,OK,ASW,CE,Combined TRACON& Tower with Radar,104,98,64,45,311,0,3,74,2,79,104,101,138,47,390,76,74,150,540
08/31/2006,TUL,OK,ASW,CE,Combined TRACON& Tower with Radar,108,90,93,27,318,0,2,76,2,80,108,92,169,29,398,50,40,90,488
09/01/2006,TUL,OK,ASW,CE,Combined TRACON& Tower with Radar,102,97,53,24,276,0,0,64,3,67,102,97,117,27,343,57,46,103,446
09/02/2006,TUL,OK,ASW,CE,Combined TRACON& Tower with Radar,81,76,36,0,193,0,1,42,0,43,81,77,78,0,236,0,0,0,236
09/03/2006,TUL,OK,ASW,CE,Combined TRACON& Tower with Radar,66,62,17,0,145,0,6,40,0,46,66,68,57,0,191,39,2,41,232
09/04/2006,TUL,OK,ASW,CE,Combined TRACON& Tower with Radar,84,71,47,1,203,0,4,24,0,28,84,75,71,1,231,7,0,7,238
09/05/2006,TUL,OK,ASW,CE,Combined TRACON& Tower with Radar,92,88,66,23,269,0,7,52,0,59,92,95,118,23,328,74,24,98,426
09/06/2006,TUL,OK,ASW,CE,Combined TRACON& Tower with Radar,103,86,75,29,293,0,1,56,8,65,103,87,131,37,358,46,26,72,430
09/07/2006,TUL,OK,ASW,CE,Combined TRACON& Tower with Radar,99,93,63,53,308,0,4,59,7,70,99,97,122,60,378,64,36,100,478
09/08/2006,TUL,OK,ASW,CE,Combined TRACON& Tower with Radar,115,100,66,16,297,0,1,66,6,73,115,101,132,22,370,82,44,126,496
09/09/2006,TUL,OK,ASW,CE,Combined TRACON& Tower with Radar,80,75,46,25,226,0,6,59,4,69,80,81,105,29,295,166,78,244,539
09/10/2006,TUL,OK,ASW,CE,Combined TRACON& Tower with Radar,78,82,55,19,234,0,0,24,1,25,78,82,79,20,259,5,35,40,299
09/11/2006,TUL,OK,ASW,CE,Combined TRACON& Tower with Radar,78,82,55,19,234,0,0,24,1,25,78,82,79,20,259,5,35,40,299
09/12/2006,TUL,OK,ASW,CE,Combined TRACON& Tower with Radar,103,92,89,53,337,0,3,49,0,52,103,95,138,53,389,80,74,154,543
09/13/2006,TUL,OK,ASW,CE,Combined TRACON& Tower with Radar,101,102,65,55,323,0,1,74,9,84,101,103,139,64,407,40,26,66,473
09/14/2006,TUL,OK,ASW,CE,Combined TRACON& Tower with Radar,101,96,86,62,345,0,1,71,7,79,101,97,157,69,424,58,156,214,638
09/15/2006,TUL,OK,ASW,CE,Combined TRACON& Tower with Radar,105,98,68,24,295,0,4,51,4,59,105,102,119,28,354,48,24,72,426
09/16/2006,TUL,OK,ASW,CE,Combined TRACON& Tower with Radar,89,79,38,0,206,0,1,52,4,57,89,80,90,4,263,30,4,34,297
09/17/2006,TUL,OK,ASW,CE,Combined TRACON& Tower with Radar,86,81,29,2,198,0,2,5,0,7,86,83,34,2,205,6,0,6,211
09/18/2006,TUL,OK,ASW,CE,Combined TRACON& Tower with Radar,99,89,60,41,289,0,12,54,2,68,99,101,114,43,357,18,54,72,429
09/19/2006,TUL,OK,ASW,CE,Combined TRACON& Tower with Radar,106,84,68,63,321,0,5,70,2,77,106,89,138,65,398,88,114,202,600
09/20/2006,TUL,OK,ASW,CE,Combined TRACON& Tower with Radar,100,99,94,37,330,0,6,92,8,106,100,105,186,45,436,92,68,160,596
09/21/2006,TUL,OK,ASW,CE,Combined TRACON& Tower with Radar,99,98,73,13,283,0,1,22,6,29,99,99,95,19,312,14,2,16,328
09/22/2006,TUL,OK,ASW,CE,Combined TRACON& Tower with Radar,107,89,89,42,327,0,0,52,4,56,107,89,141,46,383,48,70,118,501
09/23/2006,TUL,OK,ASW,CE,Combined TRACON& Tower with Radar,89,67,20,3,179,0,1,49,1,51,89,68,69,4,230,34,10,44,274
09/24/2006,TUL,OK,ASW,CE,Combined TRACON& Tower with Radar,85,82,46,7,220,0,3,42,1,46,85,85,88,8,266,24,10,34,300
09/25/2006,TUL,OK,ASW,CE,Combined TRACON& Tower with Radar,85,82,46,7,220,0,0,42,1,43,85,82,88,8,263,24,26,50,313
09/26/2006,TUL,OK,ASW,CE,Combined TRACON& Tower with Radar,92,92,69,82,335,0,0,41,2,43,92,92,110,84,378,16,94,110,488
09/27/2006,TUL,OK,ASW,CE,Combined TRACON& Tower with Radar,97,94,65,40,296,0,4,67,1,72,97,98,132,41,368,80,32,112,480
09/28/2006,TUL,OK,ASW,CE,Combined TRACON& Tower with Radar,102,104,88,26,320,0,3,83,6,92,102,107,171,32,412,46,50,96,508
09/29/2006,TUL,OK,ASW,CE,Combined TRACON& Tower with Radar,105,109,73,0,287,0,0,78,4,82,105,109,151,4,369,33,0,33,402
09/30/2006,TUL,OK,ASW,CE,Combined TRACON& Tower with Radar,89,78,28,3,198,0,2,65,0,67,89,80,93,3,265,54,8,62,327
10/01/2006,TUL,OK,ASW,CE,Combined TRACON& Tower with Radar,88,81,35,1,205,0,2,35,0,37,88,83,70,1,242,28,0,28,270
10/02/2006,TUL,OK,ASW,CE,Combined TRACON& Tower with Radar,86,97,68,20,271,0,0,49,1,50,86,97,117,21,321,2,20,22,343
10/03/2006,TUL,OK,ASW,CE,Combined TRACON& Tower with Radar,86,97,68,20,271,0,1,49,1,51,86,98,117,21,322,20,20,40,362
10/04/2006,TUL,OK,ASW,CE,Combined TRACON& Tower with Radar,86,97,68,20,271,0,1,49,1,51,86,98,117,21,322,20,20,40,362
10/05/2006,TUL,OK,ASW,CE,Combined TRACON& Tower with Radar,102,106,68,3,279,0,3,54,13,70,102,109,122,16,349,18,0,18,367
10/06/2006,TUL,OK,ASW,CE,Combined TRACON& Tower with Radar,106,96,74,5,281,0,7,77,7,91,106,103,151,12,372,20,8,28,400
10/07/2006,TUL,OK,ASW,CE,Combined TRACON& Tower with Radar,92,77,35,7,211,0,0,61,1,62,92,77,96,8,273,40,0,40,313
10/08/2006,TUL,OK,ASW,CE,Combined TRACON& Tower with Radar,85,87,66,2,240,0,1,68,0,69,85,88,134,2,309,20,0,20,329
10/09/2006,TUL,OK,ASW,CE,Combined TRACON& Tower with Radar,95,96,44,0,235,0,1,54,0,55,95,97,98,0,290,28,0,28,318
10/10/2006,TUL,OK,ASW,CE,Combined TRACON& Tower with Radar,95,96,44,0,235,0,1,54,0,55,95,97,98,0,290,28,0,28,318
10/11/2006,TUL,OK,ASW,CE,Combined TRACON& Tower with Radar,96,98,66,17,277,1,0,59,2,62,97,98,125,19,339,78,14,92,431
10/12/2006,TUL,OK,ASW,CE,Combined TRACON& Tower with Radar,97,110,62,12,281,0,2,69,2,73,97,112,131,14,354,80,8,88,442
10/13/2006,TUL,OK,ASW,CE,Combined TRACON& Tower with Radar,103,105,66,16,290,0,0,62,5,67,103,105,128,21,357,30,8,38,395
10/14/2006,TUL,OK,ASW,CE,Combined TRACON& Tower with Radar,85,69,34,4,192,0,9,53,1,63,85,78,87,5,255,0,0,0,255
10/15/2006,TUL,OK,ASW,CE,Combined TRACON& Tower with Radar,86,89,34,9,218,0,2,5,1,8,86,91,39,10,226,12,0,12,238
10/16/2006,TUL,OK,ASW,CE,Combined TRACON& Tower with Radar,85,89,57,0,231,0,0,2,8,10,85,89,59,8,241,12,0,12,253
10/17/2006,TUL,OK,ASW,CE,Combined TRACON& Tower with Radar,112,103,73,11,299,4,0,53,1,58,116,103,126,12,357,28,8,36,393
10/18/2006,TUL,OK,ASW,CE,Combined TRACON& Tower with Radar,103,107,95,32,337,0,2,15,6,23,103,109,110,38,360,0,0,0,360
10/19/2006,TUL,OK,ASW,CE,Combined TRACON& Tower with Radar,111,96,67,4,278,0,2,38,8,48,111,98,105,12,326,29,14,43,369
10/20/2006,TUL,OK,ASW,CE,Combined TRACON& Tower with Radar,107,107,61,10,285,0,1,64,4,69,107,108,125,14,354,54,12,66,420
10/21/2006,TUL,OK,ASW,CE,Combined TRACON& Tower with Radar,93,78,35,5,211,0,1,31,2,34,93,79,66,7,245,6,4,10,255
10/22/2006,TUL,OK,ASW,CE,Combined TRACON& Tower with Radar,86,81,37,12,216,0,1,35,0,36,86,82,72,12,252,22,14,36,288
10/23/2006,TUL,OK,ASW,CE,Combined TRACON& Tower with Radar,89,93,57,11,250,0,1,35,0,36,89,94,92,11,286,26,18,44,330
10/24/2006,TUL,OK,ASW,CE,Combined TRACON& Tower with Radar,99,90,79,13,281,0,1,52,6,59,99,91,131,19,340,95,6,101,441
10/25/2006,TUL,OK,ASW,CE,Combined TRACON& Tower with Radar,100,109,100,24,333,0,1,7,1,9,100,110,107,25,342,20,12,32,374
10/26/2006,TUL,OK,ASW,CE,Combined TRACON& Tower with Radar,95,100,104,8,307,0,2,15,0,17,95,102,119,8,324,70,0,70,394
10/27/2006,TUL,OK,ASW,CE,Combined TRACON& Tower with Radar,109,90,71,2,272,0,0,35,5,40,109,90,106,7,312,0,0,0,312
10/28/2006,TUL,OK,ASW,CE,Combined TRACON& Tower with Radar,90,67,46,3,206,0,1,76,2,79,90,68,122,5,285,6,0,6,291
10/29/2006,TUL,OK,ASW,CE,Combined TRACON& Tower with Radar,82,80,38,5,205,0,1,48,4,53,82,81,86,9,258,44,0,44,302
10/30/2006,TUL,OK,ASW,CE,Combined TRACON& Tower with Radar,85,94,65,0,244,0,7,23,0,30,85,101,88,0,274,12,0,12,286
10/31/2006,TUL,OK,ASW,CE,Combined TRACON& Tower with Radar,89,93,73,19,274,0,1,28,2,31,89,94,101,21,305,18,0,18,323
11/01/2006,TUL,OK,ASW,CE,Combined TRACON& Tower with Radar,91,103,69,37,300,0,0,67,14,81,91,103,136,51,381,32,86,118,499
11/02/2006,TUL,OK,ASW,CE,Combined TRACON& Tower with Radar,93,94,76,38,301,0,4,57,5,66,93,98,133,43,367,6,52,58,425
11/03/2006,TUL,OK,ASW,CE,Combined TRACON& Tower with Radar,93,105,87,19,304,0,4,77,4,85,93,109,164,23,389,70,30,100,489
11/04/2006,TUL,OK,ASW,CE,Combined TRACON& Tower with Radar,80,81,33,9,203,0,0,36,11,47,80,81,69,20,250,16,28,44,294
11/05/2006,TUL,OK,ASW,CE,Combined TRACON& Tower with Radar,77,75,64,6,222,0,0,7,0,7,77,75,71,6,229,88,0,88,317
11/06/2006,TUL,OK,ASW,CE,Combined TRACON& Tower with Radar,86,80,57,30,253,0,0,5,0,5,86,80,62,30,258,2,34,36,294
11/07/2006,TUL,OK,ASW,CE,Combined TRACON& Tower with Radar,94,101,92,36,323,0,0,45,4,49,94,101,137,40,372,28,16,44,416
11/08/2006,TUL,OK,ASW,CE,Combined TRACON& Tower with Radar,91,107,94,46,338,0,1,95,4,100,91,108,189,50,438,99,90,189,627
11/09/2006,TUL,OK,ASW,CE,Combined TRACON& Tower with Radar,97,99,78,17,291,0,3,59,0,62,97,102,137,17,353,0,26,26,379
11/10/2006,TUL,OK,ASW,CE,Combined TRACON& Tower with Radar,105,97,55,0,257,0,0,26,0,26,105,97,81,0,283,27,0,27,310
11/11/2006,TUL,OK,ASW,CE,Combined TRACON& Tower with Radar,82,75,42,3,202,0,1,62,6,69,82,76,104,9,271,22,0,22,293
11/12/2006,TUL,OK,ASW,CE,Combined TRACON& Tower with Radar,79,83,34,0,196,0,0,24,0,24,79,83,58,0,220,38,0,38,258
11/13/2006,TUL,OK,ASW,CE,Combined TRACON& Tower with Radar,92,95,59,31,277,0,1,64,1,66,92,96,123,32,343,48,46,94,437
11/14/2006,TUL,OK,ASW,CE,Combined TRACON& Tower with Radar,101,90,91,37,319,0,3,55,1,59,101,93,146,38,378,60,108,168,546
11/15/2006,TUL,OK,ASW,CE,Combined TRACON& Tower with Radar,97,106,45,11,259,0,0,3,7,10,97,106,48,18,269,6,50,56,325
11/16/2006,TUL,OK,ASW,CE,Combined TRACON& Tower with Radar,101,110,95,56,362,0,0,71,3,74,101,110,166,59,436,22,84,106,542
11/17/2006,TUL,OK,ASW,CE,Combined TRACON& Tower with Radar,97,113,87,14,311,0,0,84,2,86,97,113,171,16,397,40,14,54,451
11/18/2006,TUL,OK,ASW,CE,Combined TRACON& Tower with Radar,72,81,53,3,209,0,2,54,0,56,72,83,107,3,265,34,6,40,305
11/19/2006,TUL,OK,ASW,CE,Combined TRACON& Tower with Radar,78,97,24,10,209,0,0,54,30,84,78,97,78,40,293,22,0,22,315
11/20/2006,TUL,OK,ASW,CE,Combined TRACON& Tower with Radar,80,89,53,46,268,0,1,59,1,61,80,90,112,47,329,38,58,96,425
11/21/2006,TUL,OK,ASW,CE,Combined TRACON& Tower with Radar,96,91,55,12,254,0,7,57,10,74,96,98,112,22,328,68,23,91,419
11/22/2006,TUL,OK,ASW,CE,Combined TRACON& Tower with Radar,100,113,58,33,304,0,4,52,1,57,100,117,110,34,361,22,38,60,421
11/23/2006,TUL,OK,ASW,CE,Combined TRACON& Tower with Radar,57,63,8,0,128,0,2,13,0,15,57,65,21,0,143,0,0,0,143
11/24/2006,TUL,OK,ASW,CE,Combined TRACON& Tower with Radar,72,76,29,0,177,0,3,54,0,57,72,79,83,0,234,0,0,0,234
11/25/2006,TUL,OK,ASW,CE,Combined TRACON& Tower with Radar,72,84,27,0,183,0,6,23,0,29,72,90,50,0,212,16,0,16,228
11/26/2006,TUL,OK,ASW,CE,Combined TRACON& Tower with Radar,80,92,61,0,233,0,2,25,1,28,80,94,86,1,261,70,0,70,331
11/27/2006,TUL,OK,ASW,CE,Combined TRACON& Tower with Radar,80,95,67,26,268,0,1,23,0,24,80,96,90,26,292,12,0,12,304
11/28/2006,TUL,OK,ASW,CE,Combined TRACON& Tower with Radar,94,101,74,55,324,0,0,33,0,33,94,101,107,55,357,0,50,50,407
11/29/2006,TUL,OK,ASW,CE,Combined TRACON& Tower with Radar,94,101,74,55,324,0,0,33,0,33,94,101,107,55,357,0,50,50,407
11/30/2006,TUL,OK,ASW,CE,Combined TRACON& Tower with Radar,36,14,20,0,70,0,0,0,0,0,36,14,20,0,70,0,0,0,70
12/01/2006,TUL,OK,ASW,CE,Combined TRACON& Tower with Radar,86,76,41,1,204,0,6,23,1,30,86,82,64,2,234,0,0,0,234
12/02/2006,TUL,OK,ASW,CE,Combined TRACON& Tower with Radar,77,69,28,1,175,0,0,14,0,14,77,69,42,1,189,6,0,6,195
12/03/2006,TUL,OK,ASW,CE,Combined TRACON& Tower with Radar,77,84,49,2,212,0,2,44,4,50,77,86,93,6,262,4,0,4,266
12/04/2006,TUL,OK,ASW,CE,Combined TRACON& Tower with Radar,77,84,49,2,212,0,2,44,4,50,77,86,93,6,262,4,0,4,266
12/05/2006,TUL,OK,ASW,CE,Combined TRACON& Tower with Radar,77,84,49,2,212,0,2,44,4,50,77,86,93,6,262,4,0,4,266
12/06/2006,TUL,OK,ASW,CE,Combined TRACON& Tower with Radar,92,112,59,26,289,0,3,83,6,92,92,115,142,32,381,50,42,92,473
12/07/2006,TUL,OK,ASW,CE,Combined TRACON& Tower with Radar,96,106,62,32,296,0,0,41,4,45,96,106,103,36,341,34,30,64,405
12/08/2006,TUL,OK,ASW,CE,Combined TRACON& Tower with Radar,95,105,51,32,283,0,6,78,4,88,95,111,129,36,371,30,18,48,419
12/09/2006,TUL,OK,ASW,CE,Combined TRACON& Tower with Radar,79,85,34,1,199,0,0,52,15,67,79,85,86,16,266,40,16,56,322
12/10/2006,TUL,OK,ASW,CE,Combined TRACON& Tower with Radar,77,77,32,2,188,0,2,21,0,23,77,79,53,2,211,44,0,44,255
12/11/2006,TUL,OK,ASW,CE,Combined TRACON& Tower with Radar,83,87,57,40,267,0,3,23,0,26,83,90,80,40,293,4,14,18,311
12/12/2006,TUL,OK,ASW,CE,Combined TRACON& Tower with Radar,83,87,57,40,267,0,3,23,0,26,83,90,80,40,293,4,14,18,311
12/13/2006,TUL,OK,ASW,CE,Combined TRACON& Tower with Radar,89,106,67,51,313,0,4,75,8,87,89,110,142,59,400,62,76,138,538
12/14/2006,TUL,OK,ASW,CE,Combined TRACON& Tower with Radar,100,96,67,41,304,0,4,66,8,78,100,100,133,49,382,16,90,106,488
12/15/2006,TUL,OK,ASW,CE,Combined TRACON& Tower with Radar,101,103,73,47,324,0,3,390,6,399,101,106,463,53,723,26,60,86,809
12/16/2006,TUL,OK,ASW,CE,Combined TRACON& Tower with Radar,85,85,39,0,209,0,0,20,0,20,85,85,59,0,229,4,0,4,233
12/17/2006,TUL,OK,ASW,CE,Combined TRACON& Tower with Radar,86,77,24,11,198,0,0,8,0,8,86,77,32,11,206,44,4,48,254
12/18/2006,TUL,OK,ASW,CE,Combined TRACON& Tower with Radar,89,101,61,27,278,0,0,34,0,34,89,101,95,27,312,98,42,140,452
12/19/2006,TUL,OK,ASW,CE,Combined TRACON& Tower with Radar,89,101,61,27,278,0,0,34,0,34,89,101,95,27,312,98,42,140,452
12/20/2006,TUL,OK,ASW,CE,Combined TRACON& Tower with Radar,96,91,61,20,268,0,1,0,4,5,96,92,61,24,273,34,6,40,313
12/21/2006,TUL,OK,ASW,CE,Combined TRACON& Tower with Radar,93,106,60,37,296,0,2,71,7,80,93,108,131,44,376,44,72,116,492
12/22/2006,TUL,OK,ASW,CE,Combined TRACON& Tower with Radar,102,110,58,2,272,0,3,67,0,70,102,113,125,2,342,30,0,30,372
12/23/2006,TUL,OK,ASW,CE,Combined TRACON& Tower with Radar,82,84,38,0,204,0,0,46,0,46,82,84,84,0,250,44,0,44,294
12/24/2006,TUL,OK,ASW,CE,Combined TRACON& Tower with Radar,75,65,14,0,154,0,3,15,0,18,75,68,29,0,172,24,0,24,196
12/25/2006,TUL,OK,ASW,CE,Combined TRACON& Tower with Radar,72,66,6,0,144,0,0,14,0,14,72,66,20,0,158,0,0,0,158
12/26/2006,TUL,OK,ASW,CE,Combined TRACON& Tower with Radar,84,94,36,4,218,0,1,20,2,23,84,95,56,6,241,8,32,40,281
12/27/2006,TUL,OK,ASW,CE,Combined TRACON& Tower with Radar,98,107,49,10,264,0,1,46,7,54,98,108,95,17,318,12,46,58,376
12/28/2006,TUL,OK,ASW,CE,Combined TRACON& Tower with Radar,96,89,45,10,240,0,0,25,6,31,96,89,70,16,271,0,0,0,271
12/29/2006,TUL,OK,ASW,CE,Combined TRACON& Tower with Radar,104,88,35,0,227,0,3,14,4,21,104,91,49,4,248,16,34,50,298
12/30/2006,TUL,OK,ASW,CE,Combined TRACON& Tower with Radar,89,86,19,0,194,0,0,2,0,2,89,86,21,0,196,2,0,2,198
12/31/2006,TUL,OK,ASW,CE,Combined TRACON& Tower with Radar,73,73,34,0,180,0,0,8,0,8,73,73,42,0,188,10,0,10,198
01/01/2007,TUL,OK,ASW,CE,Combined TRACON& Tower with Radar,78,71,23,0,172,0,1,24,0,25,78,72,47,0,197,0,0,0,197
01/02/2007,TUL,OK,ASW,CE,Combined TRACON& Tower with Radar,87,94,44,0,225,0,1,45,1,47,87,95,89,1,272,30,0,30,302
01/03/2007,TUL,OK,ASW,CE,Combined TRACON& Tower with Radar,98,98,62,29,287,0,2,54,2,58,98,100,116,31,345,12,16,28,373
01/04/2007,TUL,OK,ASW,CE,Combined TRACON& Tower with Radar,96,95,66,58,315,0,7,8,3,18,96,102,74,61,333,32,100,132,465
01/05/2007,TUL,OK,ASW,CE,Combined TRACON& Tower with Radar,106,102,49,29,286,0,4,11,0,15,106,106,60,29,301,8,8,16,317
01/06/2007,TUL,OK,ASW,CE,Combined TRACON& Tower with Radar,80,81,46,17,224,0,3,61,7,71,80,84,107,24,295,64,40,104,399
01/07/2007,TUL,OK,ASW,CE,Combined TRACON& Tower with Radar,81,79,22,17,199,0,1,33,0,34,81,80,55,17,233,32,40,72,305
01/08/2007,TUL,OK,ASW,CE,Combined TRACON& Tower with Radar,93,85,56,43,277,0,1,68,11,80,93,86,124,54,357,26,68,94,451
01/09/2007,TUL,OK,ASW,CE,Combined TRACON& Tower with Radar,95,80,58,65,298,0,6,51,4,61,95,86,109,69,359,20,74,94,453
01/10/2007,TUL,OK,ASW,CE,Combined TRACON& Tower with Radar,93,101,61,63,318,0,3,42,3,48,93,104,103,66,366,4,23,27,393
01/11/2007,TUL,OK,ASW,CE,Combined TRACON& Tower with Radar,91,86,84,46,307,0,1,17,4,22,91,87,101,50,329,10,108,118,447
01/12/2007,TUL,OK,ASW,CE,Combined TRACON& Tower with Radar,52,37,31,0,120,0,1,0,0,1,52,38,31,0,121,0,0,0,121
01/13/2007,TUL,OK,ASW,CE,Combined TRACON& Tower with Radar,22,15,14,0,51,0,1,1,0,2,22,16,15,0,53,0,0,0,53
01/14/2007,TUL,OK,ASW,CE,Combined TRACON& Tower with Radar,27,14,16,0,57,0,0,0,0,0,27,14,16,0,57,0,0,0,57
01/15/2007,TUL,OK,ASW,CE,Combined TRACON& Tower with Radar,80,51,35,0,166,0,1,14,0,15,80,52,49,0,181,0,0,0,181
01/16/2007,TUL,OK,ASW,CE,Combined TRACON& Tower with Radar,99,77,26,0,202,0,7,42,0,49,99,84,68,0,251,0,0,0,251
01/17/2007,TUL,OK,ASW,CE,Combined TRACON& Tower with Radar,85,88,53,18,244,0,5,30,0,35,85,93,83,18,279,8,14,22,301
01/18/2007,TUL,OK,ASW,CE,Combined TRACON& Tower with Radar,103,108,72,26,309,0,1,20,1,22,103,109,92,27,331,0,0,0,331
01/19/2007,TUL,OK,ASW,CE,Combined TRACON& Tower with Radar,92,91,39,37,259,0,2,43,5,50,92,93,82,42,309,6,48,54,363
01/20/2007,TUL,OK,ASW,CE,Combined TRACON& Tower with Radar,68,51,8,2,129,0,3,0,0,3,68,54,8,2,132,0,0,0,132
01/21/2007,TUL,OK,ASW,CE,Combined TRACON& Tower with Radar,73,62,30,0,165,0,2,10,0,12,73,64,40,0,177,36,0,36,213
01/22/2007,TUL,OK,ASW,CE,Combined TRACON& Tower with Radar,90,85,63,22,260,0,0,23,0,23,90,85,86,22,283,38,48,86,369
01/23/2007,TUL,OK,ASW,CE,Combined TRACON& Tower with Radar,97,93,80,45,315,0,1,73,2,76,97,94,153,47,391,14,80,94,485
01/24/2007,TUL,OK,ASW,CE,Combined TRACON& Tower with Radar,91,94,67,20,272,0,4,76,21,101,91,98,143,41,373,46,16,62,435
01/25/2007,TUL,OK,ASW,CE,Combined TRACON& Tower with Radar,97,87,47,42,273,0,3,74,9,86,97,90,121,51,359,30,40,70,429
01/26/2007,TUL,OK,ASW,CE,Combined TRACON& Tower with Radar,97,110,54,7,268,1,4,79,4,88,98,114,133,11,356,46,16,62,418
01/27/2007,TUL,OK,ASW,CE,Combined TRACON& Tower with Radar,75,78,12,1,166,0,1,30,0,31,75,79,42,1,197,0,0,0,197
01/28/2007,TUL,OK,ASW,CE,Combined TRACON& Tower with Radar,82,77,31,12,202,0,0,38,0,38,82,77,69,12,240,44,34,78,318
01/29/2007,TUL,OK,ASW,CE,Combined TRACON& Tower with Radar,83,82,48,24,237,0,0,67,0,67,83,82,115,24,304,48,28,76,380
01/30/2007,TUL,OK,ASW,CE,Combined TRACON& Tower with Radar,96,97,75,35,303,0,2,60,2,64,96,99,135,37,367,31,48,79,446
01/31/2007,TUL,OK,ASW,CE,Combined TRACON& Tower with Radar,89,89,55,4,237,0,5,9,0,14,89,94,64,4,251,12,0,12,263
02/01/2007,TUL,OK,ASW,CE,Combined TRACON& Tower with Radar,94,89,48,11,242,0,3,8,5,16,94,92,56,16,258,14,36,50,308
02/02/2007,TUL,OK,ASW,CE,Combined TRACON& Tower with Radar,94,105,63,35,297,0,0,53,2,55,94,105,116,37,352,90,64,154,506
02/03/2007,TUL,OK,ASW,CE,Combined TRACON& Tower with Radar,73,76,26,4,179,0,6,32,2,40,73,82,58,6,219,0,0,0,219
02/04/2007,TUL,OK,ASW,CE,Combined TRACON& Tower with Radar,72,72,30,5,179,0,2,38,0,40,72,74,68,5,219,44,12,56,275
02/05/2007,TUL,OK,ASW,CE,Combined TRACON& Tower with Radar,76,79,57,37,249,0,1,43,4,48,76,80,100,41,297,38,74,112,409
02/06/2007,TUL,OK,ASW,CE,Combined TRACON& Tower with Radar,88,82,71,25,266,0,5,59,1,65,88,87,130,26,331,6,2,8,339
02/07/2007,TUL,OK,ASW,CE,Combined TRACON& Tower with Radar,98,90,76,28,292,0,2,57,10,69,98,92,133,38,361,12,78,90,451
02/08/2007,TUL,OK,ASW,CE,Combined TRACON& Tower with Radar,90,98,65,54,307,0,2,47,6,55,90,100,112,60,362,52,94,146,508
02/09/2007,TUL,OK,ASW,CE,Combined TRACON& Tower with Radar,94,99,65,37,295,0,0,43,6,49,94,99,108,43,344,28,106,134,478
02/10/2007,TUL,OK,ASW,CE,Combined TRACON& Tower with Radar,83,68,24,15,190,0,5,36,1,42,83,73,60,16,232,22,14,36,268
02/11/2007,TUL,OK,ASW,CE,Combined TRACON& Tower with Radar,77,75,38,15,205,0,0,12,0,12,77,75,50,15,217,44,60,104,321
02/12/2007,TUL,OK,ASW,CE,Combined TRACON& Tower with Radar,81,98,45,0,224,0,0,0,0,0,81,98,45,0,224,0,0,0,224
02/13/2007,TUL,OK,ASW,CE,Combined TRACON& Tower with Radar,92,74,44,31,241,0,0,1,0,1,92,74,45,31,242,0,28,28,270
02/14/2007,TUL,OK,ASW,CE,Combined TRACON& Tower with Radar,96,101,71,23,291,0,0,16,2,18,96,101,87,25,309,6,28,34,343
02/15/2007,TUL,OK,ASW,CE,Combined TRACON& Tower with Radar,97,84,75,19,275,0,0,13,3,16,97,84,88,22,291,6,6,12,303
02/16/2007,TUL,OK,ASW,CE,Combined TRACON& Tower with Radar,98,90,72,10,270,0,0,47,5,52,98,90,119,15,322,58,2,60,382
02/17/2007,TUL,OK,ASW,CE,Combined TRACON& Tower with Radar,75,83,25,1,184,0,3,32,0,35,75,86,57,1,219,0,0,0,219
02/18/2007,TUL,OK,ASW,CE,Combined TRACON& Tower with Radar,84,68,40,0,192,0,2,41,0,43,84,70,81,0,235,32,28,60,295
02/19/2007,TUL,OK,ASW,CE,Combined TRACON& Tower with Radar,79,92,51,10,232,0,2,29,4,35,79,94,80,14,267,18,28,46,313
02/20/2007,TUL,OK,ASW,CE,Combined TRACON& Tower with Radar,98,90,81,40,309,0,2,72,6,80,98,92,153,46,389,22,68,90,479
02/21/2007,TUL,OK,ASW,CE,Combined TRACON& Tower with Radar,96,109,63,48,316,0,2,63,7,72,96,111,126,55,388,46,54,100,488
02/22/2007,TUL,OK,ASW,CE,Combined TRACON& Tower with Radar,93,99,61,13,266,0,2,85,4,91,93,101,146,17,357,26,16,42,399
02/23/2007,TUL,OK,ASW,CE,Combined TRACON& Tower with Radar,96,100,61,11,268,0,6,39,4,49,96,106,100,15,317,34,46,80,397
02/24/2007,TUL,OK,ASW,CE,Combined TRACON& Tower with Radar,85,68,18,2,173,0,3,1,0,4,85,71,19,2,177,10,6,16,193
02/25/2007,TUL,OK,ASW,CE,Combined TRACON& Tower with Radar,72,70,42,0,184,0,0,23,0,23,72,70,65,0,207,4,0,4,211
02/26/2007,TUL,OK,ASW,CE,Combined TRACON& Tower with Radar,105,81,53,43,282,0,2,37,0,39,105,83,90,43,321,0,0,0,321
02/27/2007,TUL,OK,ASW,CE,Combined TRACON& Tower with Radar,96,84,58,38,276,0,5,84,2,91,96,89,142,40,367,20,32,52,419
03/01/2007,TUL,OK,ASW,CE,Combined TRACON& Tower with Radar,97,97,56,18,268,2,1,71,28,102,99,98,127,46,370,14,32,46,416
03/02/2007,TUL,OK,ASW,CE,Combined TRACON& Tower with Radar,88,90,55,5,238,0,4,80,5,89,88,94,135,10,327,56,6,62,389
03/03/2007,TUL,OK,ASW,CE,Combined TRACON& Tower with Radar,82,82,20,5,189,0,5,18,2,25,82,87,38,7,214,12,10,22,236
03/04/2007,TUL,OK,ASW,CE,Combined TRACON& Tower with Radar,76,77,31,3,187,0,1,86,10,97,76,78,117,13,284,22,6,28,312
03/05/2007,TUL,OK,ASW,CE,Combined TRACON& Tower with Radar,85,91,63,51,290,0,6,62,0,68,85,97,125,51,358,60,98,158,516
03/06/2007,TUL,OK,ASW,CE,Combined TRACON& Tower with Radar,99,90,75,27,291,0,4,125,2,131,99,94,200,29,422,40,50,90,512
03/07/2007,TUL,OK,ASW,CE,Combined TRACON& Tower with Radar,95,93,72,22,282,0,8,95,12,115,95,101,167,34,397,24,24,48,445
03/08/2007,TUL,OK,ASW,CE,Combined TRACON& Tower with Radar,93,99,82,38,312,0,3,63,10,76,93,102,145,48,388,44,114,158,546
03/09/2007,TUL,OK,ASW,CE,Combined TRACON& Tower with Radar,95,101,65,25,286,0,3,53,3,59,95,104,118,28,345,100,46,146,491
03/10/2007,TUL,OK,ASW,CE,Combined TRACON& Tower with Radar,90,75,29,15,209,1,15,29,4,49,91,90,58,19,258,22,18,40,298
03/11/2007,TUL,OK,ASW,CE,Combined TRACON& Tower with Radar,83,73,23,1,180,0,2,14,0,16,83,75,37,1,196,0,0,0,196
03/12/2007,TUL,OK,ASW,CE,Combined TRACON& Tower with Radar,80,76,69,43,268,1,0,48,3,52,81,76,117,46,320,82,102,184,504
03/13/2007,TUL,OK,ASW,CE,Combined TRACON& Tower with Radar,108,104,88,27,327,1,2,35,6,44,109,106,123,33,371,10,14,24,395
03/14/2007,TUL,OK,ASW,CE,Combined TRACON& Tower with Radar,93,98,56,21,268,0,2,52,3,57,93,100,108,24,325,88,18,106,431
03/15/2007,TUL,OK,ASW,CE,Combined TRACON& Tower with Radar,110,101,73,39,323,0,1,85,26,112,110,102,158,65,435,38,44,82,517
03/16/2007,TUL,OK,ASW,CE,Combined TRACON& Tower with Radar,94,115,64,12,285,0,1,70,5,76,94,116,134,17,361,36,10,46,407
03/17/2007,TUL,OK,ASW,CE,Combined TRACON& Tower with Radar,87,70,42,5,204,1,6,72,0,79,88,76,114,5,283,116,8,124,407
03/19/2007,TUL,OK,ASW,CE,Combined TRACON& Tower with Radar,81,92,81,27,281,0,2,43,4,49,81,94,124,31,330,36,66,102,432
03/20/2007,TUL,OK,ASW,CE,Combined TRACON& Tower with Radar,96,87,55,26,264,0,3,17,1,21,96,90,72,27,285,0,24,24,309
03/21/2007,TUL,OK,ASW,CE,Combined TRACON& Tower with Radar,91,92,65,47,295,0,1,17,5,23,91,93,82,52,318,26,110,136,454
03/22/2007,TUL,OK,ASW,CE,Combined TRACON& Tower with Radar,96,103,44,36,279,2,3,51,3,59,98,106,95,39,338,72,64,136,474
03/23/2007,TUL,OK,ASW,CE,Combined TRACON& Tower with Radar,92,93,63,32,280,3,5,26,3,37,95,98,89,35,317,34,100,134,451
03/24/2007,TUL,OK,ASW,CE,Combined TRACON& Tower with Radar,96,76,22,0,194,0,3,14,0,17,96,79,36,0,211,8,0,8,219
03/26/2007,TUL,OK,ASW,CE,Combined TRACON& Tower with Radar,83,81,41,36,241,0,3,26,1,30,83,84,67,37,271,106,84,190,461
03/27/2007,TUL,OK,ASW,CE,Combined TRACON& Tower with Radar,92,80,59,28,259,0,2,33,2,37,92,82,92,30,296,86,50,136,432
03/28/2007,TUL,OK,ASW,CE,Combined TRACON& Tower with Radar,93,95,108,43,339,0,5,30,4,39,93,100,138,47,378,50,74,124,502
03/29/2007,TUL,OK,ASW,CE,Combined TRACON& Tower with Radar,83,93,63,12,251,0,2,18,0,20,83,95,81,12,271,48,34,82,353
03/30/2007,TUL,OK,ASW,CE,Combined TRACON& Tower with Radar,100,104,62,5,271,0,6,41,3,50,100,110,103,8,321,36,28,64,385
03/31/2007,TUL,OK,ASW,CE,Combined TRACON& Tower with Radar,88,77,36,7,208,0,8,36,0,44,88,85,72,7,252,48,0,48,300
04/02/2007,TUL,OK,ASW,CE,Combined TRACON& Tower with Radar,84,82,49,13,228,0,0,38,5,43,84,82,87,18,271,20,28,48,319
04/03/2007,TUL,OK,ASW,CE,Combined TRACON& Tower with Radar,99,102,71,31,303,2,2,31,2,37,101,104,102,33,340,4,52,56,396
04/04/2007,TUL,OK,ASW,CE,Combined TRACON& Tower with Radar,102,105,91,19,317,1,2,63,4,70,103,107,154,23,387,20,0,20,407
04/05/2007,TUL,OK,ASW,CE,Combined TRACON& Tower with Radar,102,104,82,30,318,3,11,43,2,59,105,115,125,32,377,48,152,200,577
04/06/2007,TUL,OK,ASW,CE,Combined TRACON& Tower with Radar,90,91,61,12,254,0,12,33,4,49,90,103,94,16,303,64,42,106,409
04/07/2007,TUL,OK,ASW,CE,Combined TRACON& Tower with Radar,93,67,29,0,189,1,2,38,0,41,94,69,67,0,230,34,0,34,264
04/08/2007,TUL,OK,ASW,CE,Combined TRACON& Tower with Radar,85,79,37,0,201,0,1,24,0,25,85,80,61,0,226,18,0,18,244
04/09/2007,TUL,OK,ASW,CE,Combined TRACON& Tower with Radar,89,88,85,39,301,0,3,49,3,55,89,91,134,42,356,38,146,184,540
04/10/2007,TUL,OK,ASW,CE,Combined TRACON& Tower with Radar,103,98,53,29,283,0,1,16,0,17,103,99,69,29,300,44,60,104,404
04/11/2007,TUL,OK,ASW,CE,Combined TRACON& Tower with Radar,98,89,60,23,270,0,4,25,31,60,98,93,85,54,330,12,26,38,368
04/12/2007,TUL,OK,ASW,CE,Combined TRACON& Tower with Radar,98,104,62,25,289,0,7,71,11,89,98,111,133,36,378,38,62,100,478
04/13/2007,TUL,OK,ASW,CE,Combined TRACON& Tower with Radar,85,96,47,1,229,0,0,2,2,4,85,96,49,3,233,6,30,36,269
04/14/2007,TUL,OK,ASW,CE,Combined TRACON& Tower with Radar,87,79,32,10,208,0,1,8,0,9,87,80,40,10,217,46,0,46,263
04/15/2007,TUL,OK,ASW,CE,Combined TRACON& Tower with Radar,80,84,36,14,214,0,1,43,0,44,80,85,79,14,258,0,0,0,258
04/16/2007,TUL,OK,ASW,CE,Combined TRACON& Tower with Radar,86,89,57,36,268,1,2,47,3,53,87,91,104,39,321,16,48,64,385
04/17/2007,TUL,OK,ASW,CE,Combined TRACON& Tower with Radar,96,92,57,28,273,0,2,18,3,23,96,94,75,31,296,34,40,74,370
04/18/2007,TUL,OK,ASW,CE,Combined TRACON& Tower with Radar,93,104,66,40,303,0,0,43,20,63,93,104,109,60,366,66,84,150,516
04/19/2007,TUL,OK,ASW,CE,Combined TRACON& Tower with Radar,102,100,64,41,307,0,5,63,6,74,102,105,127,47,381,36,118,154,535
04/20/2007,TUL,OK,ASW,CE,Combined TRACON& Tower with Radar,94,121,76,15,306,0,4,54,11,69,94,125,130,26,375,42,24,66,441
04/21/2007,TUL,OK,ASW,CE,Combined TRACON& Tower with Radar,83,80,25,3,191,0,2,27,0,29,83,82,52,3,220,8,0,8,228
04/22/2007,TUL,OK,ASW,CE,Combined TRACON& Tower with Radar,83,80,25,3,191,0,2,27,0,29,83,82,52,3,220,8,0,8,228
04/23/2007,TUL,OK,ASW,CE,Combined TRACON& Tower with Radar,84,97,58,32,271,0,4,18,0,22,84,101,76,32,293,13,46,59,352
04/24/2007,TUL,OK,ASW,CE,Combined TRACON& Tower with Radar,84,105,63,15,267,0,10,5,0,15,84,115,68,15,282,10,12,22,304
04/25/2007,TUL,OK,ASW,CE,Combined TRACON& Tower with Radar,93,109,63,26,291,0,5,18,3,26,93,114,81,29,317,28,16,44,361
04/26/2007,TUL,OK,ASW,CE,Combined TRACON& Tower with Radar,96,108,94,26,324,0,3,46,3,52,96,111,140,29,376,70,4,74,450
04/27/2007,TUL,OK,ASW,CE,Combined TRACON& Tower with Radar,87,108,83,14,292,3,4,53,6,66,90,112,136,20,358,44,28,72,430
04/28/2007,TUL,OK,ASW,CE,Combined TRACON& Tower with Radar,87,80,25,5,197,3,0,40,0,43,90,80,65,5,240,22,12,34,274
04/29/2007,TUL,OK,ASW,CE,Combined TRACON& Tower with Radar,80,83,25,10,198,0,1,42,0,43,80,84,67,10,241,47,12,59,300
04/30/2007,TUL,OK,ASW,CE,Combined TRACON& Tower with Radar,85,105,46,17,253,0,4,28,0,32,85,109,74,17,285,42,16,58,343
05/01/2007,TUL,OK,ASW,CE,Combined TRACON& Tower with Radar,92,102,46,13,253,0,2,10,8,20,92,104,56,21,273,10,0,10,283
05/02/2007,TUL,OK,ASW,CE,Combined TRACON& Tower with Radar,94,109,66,17,286,0,6,3,0,9,94,115,69,17,295,0,20,20,315
05/03/2007,TUL,OK,ASW,CE,Combined TRACON& Tower with Radar,100,125,78,13,316,1,5,18,5,29,101,130,96,18,345,90,18,108,453
05/04/2007,TUL,OK,ASW,CE,Combined TRACON& Tower with Radar,98,112,64,26,300,3,0,20,3,26,101,112,84,29,326,80,68,148,474
05/05/2007,TUL,OK,ASW,CE,Combined TRACON& Tower with Radar,88,89,44,23,244,1,3,10,1,15,89,92,54,24,259,28,6,34,293
05/06/2007,TUL,OK,ASW,CE,Combined TRACON& Tower with Radar,56,84,23,7,170,0,2,9,6,17,56,86,32,13,187,6,32,38,225
05/07/2007,TUL,OK,ASW,CE,Combined TRACON& Tower with Radar,88,95,33,16,232,0,1,7,0,8,88,96,40,16,240,26,0,26,266
05/08/2007,TUL,OK,ASW,CE,Combined TRACON& Tower with Radar,93,96,47,20,256,0,5,18,1,24,93,101,65,21,280,26,8,34,314
05/09/2007,TUL,OK,ASW,CE,Combined TRACON& Tower with Radar,105,107,81,33,326,1,6,51,12,70,106,113,132,45,396,128,58,186,582
05/10/2007,TUL,OK,ASW,CE,Combined TRACON& Tower with Radar,102,119,59,27,307,1,1,20,2,24,103,120,79,29,331,10,52,62,393
05/11/2007,TUL,OK,ASW,CE,Combined TRACON& Tower with Radar,96,106,71,17,290,0,0,63,1,64,96,106,134,18,354,126,22,148,502
05/12/2007,TUL,OK,ASW,CE,Combined TRACON& Tower with Radar,82,87,34,4,207,1,20,53,3,77,83,107,87,7,284,88,0,88,372
05/13/2007,TUL,OK,ASW,CE,Combined TRACON& Tower with Radar,91,86,21,11,209,0,1,35,5,41,91,87,56,16,250,22,40,62,312
05/14/2007,TUL,OK,ASW,CE,Combined TRACON& Tower with Radar,82,106,64,41,293,0,1,66,115,182,82,107,130,156,475,62,16,78,553
05/15/2007,TUL,OK,ASW,CE,Combined TRACON& Tower with Radar,94,100,70,16,280,0,0,45,0,45,94,100,115,16,325,28,9,37,362
05/16/2007,TUL,OK,ASW,CE,Combined TRACON& Tower with Radar,99,103,70,31,303,0,5,85,8,98,99,108,155,39,401,96,18,114,515
05/17/2007,TUL,OK,ASW,CE,Combined TRACON& Tower with Radar,100,118,75,27,320,1,2,93,6,102,101,120,168,33,422,110,28,138,560
05/18/2007,TUL,OK,ASW,CE,Combined TRACON& Tower with Radar,104,107,86,15,312,0,5,91,7,103,104,112,177,22,415,134,68,202,617
05/19/2007,TUL,OK,ASW,CE,Combined TRACON& Tower with Radar,86,90,36,0,212,1,4,49,4,58,87,94,85,4,270,118,3,121,391
05/20/2007,TUL,OK,ASW,CE,Combined TRACON& Tower with Radar,83,92,38,14,227,1,2,43,0,46,84,94,81,14,273,102,40,142,415
05/21/2007,TUL,OK,ASW,CE,Combined TRACON& Tower with Radar,81,106,59,52,298,0,6,63,15,84,81,112,122,67,382,100,43,143,525
05/22/2007,TUL,OK,ASW,CE,Combined TRACON& Tower with Radar,93,105,98,32,328,2,5,16,4,27,95,110,114,36,355,8,46,54,409
05/23/2007,TUL,OK,ASW,CE,Combined TRACON& Tower with Radar,107,118,103,42,370,0,3,55,9,67,107,121,158,51,437,66,92,158,595
05/24/2007,TUL,OK,ASW,CE,Combined TRACON& Tower with Radar,101,107,62,14,284,1,2,16,8,27,102,109,78,22,311,134,6,140,451
05/25/2007,TUL,OK,ASW,CE,Combined TRACON& Tower with Radar,100,116,74,3,293,0,6,18,0,24,100,122,92,3,317,86,4,90,407
05/26/2007,TUL,OK,ASW,CE,Combined TRACON& Tower with Radar,83,91,25,2,201,2,13,30,0,45,85,104,55,2,246,18,0,18,264
05/27/2007,TUL,OK,ASW,CE,Combined TRACON& Tower with Radar,76,81,15,1,173,0,0,2,0,2,76,81,17,1,175,0,0,0,175
05/28/2007,TUL,OK,ASW,CE,Combined TRACON& Tower with Radar,80,82,20,2,184,0,7,35,4,46,80,89,55,6,230,36,0,36,266
05/29/2007,TUL,OK,ASW,CE,Combined TRACON& Tower with Radar,81,114,80,27,302,1,0,29,0,30,82,114,109,27,332,4,20,24,356
05/30/2007,TUL,OK,ASW,CE,Combined TRACON& Tower with Radar,97,110,62,22,291,0,1,21,9,31,97,111,83,31,322,20,24,44,366
05/31/2007,TUL,OK,ASW,CE,Combined TRACON& Tower with Radar,94,99,91,40,324,0,3,118,12,133,94,102,209,52,457,360,88,448,905
06/01/2007,TUL,OK,ASW,CE,Combined TRACON& Tower with Radar,100,104,59,6,269,0,7,44,5,56,100,111,103,11,325,142,28,170,495
06/02/2007,TUL,OK,ASW,CE,Combined TRACON& Tower with Radar,84,92,22,6,204,0,4,58,2,64,84,96,80,8,268,74,24,98,366
06/03/2007,TUL,OK,ASW,CE,Combined TRACON& Tower with Radar,82,97,42,5,226,1,0,43,0,44,83,97,85,5,270,54,0,54,324
06/04/2007,TUL,OK,ASW,CE,Combined TRACON& Tower with Radar,101,98,47,26,272,0,3,61,0,64,101,101,108,26,336,126,26,152,488
06/05/2007,TUL,OK,ASW,CE,Combined TRACON& Tower with Radar,98,123,78,33,332,0,4,70,2,76,98,127,148,35,408,86,70,156,564
06/06/2007,TUL,OK,ASW,CE,Combined TRACON& Tower with Radar,97,106,71,27,301,0,2,39,12,53,97,108,110,39,354,22,24,46,400
06/07/2007,TUL,OK,ASW,CE,Combined TRACON& Tower with Radar,98,107,64,47,316,0,5,21,32,58,98,112,85,79,374,26,100,126,500
06/08/2007,TUL,OK,ASW,CE,Combined TRACON& Tower with Radar,99,117,59,17,292,0,2,55,5,62,99,119,114,22,354,130,22,152,506
06/09/2007,TUL,OK,ASW,CE,Combined TRACON& Tower with Radar,80,104,36,15,235,0,8,83,10,101,80,112,119,25,336,130,16,146,482
06/10/2007,TUL,OK,ASW,CE,Combined TRACON& Tower with Radar,79,111,42,0,232,0,1,13,1,15,79,112,55,1,247,2,0,2,249
06/11/2007,TUL,OK,ASW,CE,Combined TRACON& Tower with Radar,81,98,54,24,257,0,2,74,27,103,81,100,128,51,360,24,0,24,384
06/12/2007,TUL,OK,ASW,CE,Combined TRACON& Tower with Radar,91,127,72,36,326,0,2,67,4,73,91,129,139,40,399,86,56,142,541
06/13/2007,TUL,OK,ASW,CE,Combined TRACON& Tower with Radar,93,128,84,23,328,0,1,36,40,77,93,129,120,63,405,18,44,62,467
06/15/2007,TUL,OK,ASW,CE,Combined TRACON& Tower with Radar,96,113,40,5,254,0,6,27,3,36,96,119,67,8,290,56,4,60,350
06/16/2007,TUL,OK,ASW,CE,Combined TRACON& Tower with Radar,92,105,45,2,244,1,2,32,2,37,93,107,77,4,281,40,12,52,333
06/17/2007,TUL,OK,ASW,CE,Combined TRACON& Tower with Radar,72,104,28,2,206,0,3,14,5,22,72,107,42,7,228,6,0,6,234
06/18/2007,TUL,OK,ASW,CE,Combined TRACON& Tower with Radar,82,102,49,19,252,0,2,31,0,33,82,104,80,19,285,70,30,100,385
06/19/2007,TUL,OK,ASW,CE,Combined TRACON& Tower with Radar,109,114,72,46,341,0,8,55,3,66,109,122,127,49,407,42,66,108,515
06/20/2007,TUL,OK,ASW,CE,Combined TRACON& Tower with Radar,93,112,66,38,309,0,3,29,6,38,93,115,95,44,347,14,50,64,411
06/21/2007,TUL,OK,ASW,CE,Combined TRACON& Tower with Radar,93,113,59,38,303,0,4,70,8,82,93,117,129,46,385,56,72,128,513
06/22/2007,TUL,OK,ASW,CE,Combined TRACON& Tower with Radar,99,115,58,44,316,0,4,53,10,67,99,119,111,54,383,42,204,246,629
06/23/2007,TUL,OK,ASW,CE,Combined TRACON& Tower with Radar,95,107,42,1,245,0,2,26,1,29,95,109,68,2,274,117,0,117,391
06/24/2007,TUL,OK,ASW,CE,Combined TRACON& Tower with Radar,77,105,29,10,221,0,3,28,1,32,77,108,57,11,253,22,22,44,297
06/25/2007,TUL,OK,ASW,CE,Combined TRACON& Tower with Radar,85,108,61,30,284,0,0,44,1,45,85,108,105,31,329,48,34,82,411
06/26/2007,TUL,OK,ASW,CE,Combined TRACON& Tower with Radar,101,131,65,9,306,0,0,7,4,11,101,131,72,13,317,44,2,46,363
06/27/2007,TUL,OK,ASW,CE,Combined TRACON& Tower with Radar,101,121,61,1,284,0,1,5,0,6,101,122,66,1,290,2,0,2,292
06/28/2007,TUL,OK,ASW,CE,Combined TRACON& Tower with Radar,92,122,62,5,281,1,4,9,3,17,93,126,71,8,298,14,10,24,322
06/29/2007,TUL,OK,ASW,CE,Combined TRACON& Tower with Radar,100,124,71,9,304,0,1,40,3,44,100,125,111,12,348,58,10,68,416
06/30/2007,TUL,OK,ASW,CE,Combined TRACON& Tower with Radar,80,99,29,2,210,0,3,13,0,16,80,102,42,2,226,0,0,0,226
07/01/2007,TUL,OK,ASW,CE,Combined TRACON& Tower with Radar,83,101,19,4,207,0,5,7,0,12,83,106,26,4,219,0,0,0,219
07/02/2007,TUL,OK,ASW,CE,Combined TRACON& Tower with Radar,84,98,37,28,247,0,4,19,0,23,84,102,56,28,270,16,0,16,286
07/03/2007,TUL,OK,ASW,CE,Combined TRACON& Tower with Radar,101,106,42,44,293,0,1,42,33,76,101,107,84,77,369,18,56,74,443
07/04/2007,TUL,OK,ASW,CE,Combined TRACON& Tower with Radar,73,72,21,0,166,0,2,30,4,36,73,74,51,4,202,24,20,44,246
07/05/2007,TUL,OK,ASW,CE,Combined TRACON& Tower with Radar,92,91,33,4,220,0,2,52,4,58,92,93,85,8,278,52,18,70,348
07/06/2007,TUL,OK,ASW,CE,Combined TRACON& Tower with Radar,93,108,41,47,289,0,4,81,6,91,93,112,122,53,380,94,88,182,562
07/07/2007,TUL,OK,ASW,CE,Combined TRACON& Tower with Radar,77,107,32,2,218,1,5,40,4,50,78,112,72,6,268,82,28,110,378
07/08/2007,TUL,OK,ASW,CE,Combined TRACON& Tower with Radar,79,114,39,3,235,0,0,31,0,31,79,114,70,3,266,16,0,16,282
07/09/2007,TUL,OK,ASW,CE,Combined TRACON& Tower with Radar,81,106,57,44,288,0,3,27,58,88,81,109,84,102,376,18,18,36,412
07/10/2007,TUL,OK,ASW,CE,Combined TRACON& Tower with Radar,105,108,75,11,299,0,1,26,32,59,105,109,101,43,358,22,6,28,386
07/11/2007,TUL,OK,ASW,CE,Combined TRACON& Tower with Radar,97,124,69,33,323,0,7,64,7,78,97,131,133,40,401,74,58,132,533
07/12/2007,TUL,OK,ASW,CE,Combined TRACON& Tower with Radar,92,120,62,26,300,1,8,39,11,59,93,128,101,37,359,14,52,66,425
07/13/2007,TUL,OK,ASW,CE,Combined TRACON& Tower with Radar,96,108,94,22,320,1,7,46,13,67,97,115,140,35,387,88,72,160,547
07/14/2007,TUL,OK,ASW,CE,Combined TRACON& Tower with Radar,84,101,47,16,248,0,4,63,7,74,84,105,110,23,322,26,44,70,392
07/15/2007,TUL,OK,ASW,CE,Combined TRACON& Tower with Radar,77,110,40,6,233,0,0,20,2,22,77,110,60,8,255,42,14,56,311
07/16/2007,TUL,OK,ASW,CE,Combined TRACON& Tower with Radar,89,110,55,17,271,1,7,69,0,77,90,117,124,17,348,20,10,30,378
07/17/2007,TUL,OK,ASW,CE,Combined TRACON& Tower with Radar,91,116,62,48,317,0,6,76,2,84,91,122,138,50,401,90,86,176,577
07/18/2007,TUL,OK,ASW,CE,Combined TRACON& Tower with Radar,100,126,80,41,347,0,9,79,7,95,100,135,159,48,442,60,50,110,552
07/19/2007,TUL,OK,ASW,CE,Combined TRACON& Tower with Radar,92,111,89,35,327,0,8,67,6,81,92,119,156,41,408,22,68,90,498
07/20/2007,TUL,OK,ASW,CE,Combined TRACON& Tower with Radar,99,120,51,18,288,0,6,59,7,72,99,126,110,25,360,34,14,48,408
07/21/2007,TUL,OK,ASW,CE,Combined TRACON& Tower with Radar,84,96,32,4,216,0,1,59,1,61,84,97,91,5,277,38,16,54,331
07/22/2007,TUL,OK,ASW,CE,Combined TRACON& Tower with Radar,75,113,55,3,246,0,1,26,6,33,75,114,81,9,279,0,0,0,279
07/23/2007,TUL,OK,ASW,CE,Combined TRACON& Tower with Radar,86,103,57,13,259,0,5,34,0,39,86,108,91,13,298,52,4,56,354
07/24/2007,TUL,OK,ASW,CE,Combined TRACON& Tower with Radar,88,112,67,23,290,0,2,57,3,62,88,114,124,26,352,56,46,102,454
07/25/2007,TUL,OK,ASW,CE,Combined TRACON& Tower with Radar,97,130,62,19,308,0,1,69,6,76,97,131,131,25,384,64,10,74,458
07/26/2007,TUL,OK,ASW,CE,Combined TRACON& Tower with Radar,97,114,83,63,357,0,0,50,1,51,97,114,133,64,408,96,100,196,604
07/27/2007,TUL,OK,ASW,CE,Combined TRACON& Tower with Radar,101,120,56,24,301,0,3,46,4,53,101,123,102,28,354,28,12,40,394
07/28/2007,TUL,OK,ASW,CE,Combined TRACON& Tower with Radar,85,100,29,7,221,0,1,56,5,62,85,101,85,12,283,16,22,38,321
07/29/2007,TUL,OK,ASW,CE,Combined TRACON& Tower with Radar,76,112,39,13,240,0,6,25,3,34,76,118,64,16,274,19,18,37,311
07/30/2007,TUL,OK,ASW,CE,Combined TRACON& Tower with Radar,87,114,43,17,261,0,0,47,2,49,87,114,90,19,310,0,8,8,318
07/31/2007,TUL,OK,ASW,CE,Combined TRACON& Tower with Radar,97,115,61,33,306,0,5,42,9,56,97,120,103,42,362,30,140,170,532
08/01/2007,TUL,OK,ASW,CE,Combined TRACON& Tower with Radar,106,120,70,28,324,0,1,50,11,62,106,121,120,39,386,46,43,89,475
08/02/2007,TUL,OK,ASW,CE,Combined TRACON& Tower with Radar,100,116,77,56,349,0,0,47,12,59,100,116,124,68,408,68,134,202,610
08/03/2007,TUL,OK,ASW,CE,Combined TRACON& Tower with Radar,106,110,59,41,316,0,2,28,3,33,106,112,87,44,349,12,58,70,419
08/04/2007,TUL,OK,ASW,CE,Combined TRACON& Tower with Radar,81,106,24,3,214,0,1,35,0,36,81,107,59,3,250,26,0,26,276
08/05/2007,TUL,OK,ASW,CE,Combined TRACON& Tower with Radar,77,114,34,2,227,0,2,30,0,32,77,116,64,2,259,6,8,14,273
08/06/2007,TUL,OK,ASW,CE,Combined TRACON& Tower with Radar,89,119,47,60,315,0,1,41,2,44,89,120,88,62,359,32,32,64,423
08/07/2007,TUL,OK,ASW,CE,Combined TRACON& Tower with Radar,99,120,71,51,341,0,1,65,8,74,99,121,136,59,415,0,34,34,449
08/08/2007,TUL,OK,ASW,CE,Combined TRACON& Tower with Radar,101,117,96,54,368,0,1,61,14,76,101,118,157,68,444,80,80,160,604
08/09/2007,TUL,OK,ASW,CE,Combined TRACON& Tower with Radar,97,139,86,35,357,0,3,50,12,65,97,142,136,47,422,34,88,122,544
08/10/2007,TUL,OK,ASW,CE,Combined TRACON& Tower with Radar,97,112,77,21,307,0,4,60,5,69,97,116,137,26,376,16,32,48,424
08/11/2007,TUL,OK,ASW,CE,Combined TRACON& Tower with Radar,79,110,36,0,225,0,2,32,2,36,79,112,68,2,261,0,0,0,261
08/12/2007,TUL,OK,ASW,CE,Combined TRACON& Tower with Radar,77,117,66,13,273,0,2,27,1,30,77,119,93,14,303,4,10,14,317
08/13/2007,TUL,OK,ASW,CE,Combined TRACON& Tower with Radar,80,115,60,55,310,0,2,59,0,61,80,117,119,55,371,42,36,78,449
08/14/2007,TUL,OK,ASW,CE,Combined TRACON& Tower with Radar,90,116,58,58,322,0,1,48,1,50,90,117,106,59,372,10,40,50,422
08/15/2007,TUL,OK,ASW,CE,Combined TRACON& Tower with Radar,96,124,69,68,357,0,5,50,12,67,96,129,119,80,424,6,54,60,484
08/16/2007,TUL,OK,ASW,CE,Combined TRACON& Tower with Radar,88,123,70,68,349,0,5,53,0,58,88,128,123,68,407,76,154,230,637
08/17/2007,TUL,OK,ASW,CE,Combined TRACON& Tower with Radar,111,101,60,28,300,0,1,67,5,73,111,102,127,33,373,56,48,104,477
08/18/2007,TUL,OK,ASW,CE,Combined TRACON& Tower with Radar,87,96,19,5,207,0,2,23,1,26,87,98,42,6,233,48,0,48,281
08/19/2007,TUL,OK,ASW,CE,Combined TRACON& Tower with Radar,79,113,29,1,222,0,1,4,0,5,79,114,33,1,227,16,0,16,243
08/20/2007,TUL,OK,ASW,CE,Combined TRACON& Tower with Radar,83,97,44,33,257,0,1,27,1,29,83,98,71,34,286,6,4,10,296
08/21/2007,TUL,OK,ASW,CE,Combined TRACON& Tower with Radar,93,99,56,69,317,0,1,77,4,82,93,100,133,73,399,30,90,120,519
08/22/2007,TUL,OK,ASW,CE,Combined TRACON& Tower with Radar,90,111,48,53,302,0,5,46,3,54,90,116,94,56,356,0,42,42,398
08/23/2007,TUL,OK,ASW,CE,Combined TRACON& Tower with Radar,92,100,65,83,340,0,1,60,2,63,92,101,125,85,403,66,124,190,593
08/24/2007,TUL,OK,ASW,CE,Combined TRACON& Tower with Radar,99,112,52,14,277,0,4,27,2,33,99,116,79,16,310,22,14,36,346
08/25/2007,TUL,OK,ASW,CE,Combined TRACON& Tower with Radar,76,95,26,3,200,0,7,31,0,38,76,102,57,3,238,46,6,52,290
08/26/2007,TUL,OK,ASW,CE,Combined TRACON& Tower with Radar,76,96,31,10,213,0,2,27,2,31,76,98,58,12,244,38,0,38,282
08/27/2007,TUL,OK,ASW,CE,Combined TRACON& Tower with Radar,82,99,59,66,306,0,0,54,0,54,82,99,113,66,360,42,36,78,438
08/28/2007,TUL,OK,ASW,CE,Combined TRACON& Tower with Radar,98,114,58,92,362,0,1,60,0,61,98,115,118,92,423,72,124,196,619
08/29/2007,TUL,OK,ASW,CE,Combined TRACON& Tower with Radar,97,108,69,25,299,0,4,57,0,61,97,112,126,25,360,54,6,60,420
08/30/2007,TUL,OK,ASW,CE,Combined TRACON& Tower with Radar,100,109,81,46,336,0,3,52,2,57,100,112,133,48,393,56,94,150,543
08/31/2007,TUL,OK,ASW,CE,Combined TRACON& Tower with Radar,95,119,51,27,292,0,1,59,2,62,95,120,110,29,354,98,54,152,506
09/01/2007,TUL,OK,ASW,CE,Combined TRACON& Tower with Radar,81,92,25,7,205,0,3,53,1,57,81,95,78,8,262,4,4,8,270
09/02/2007,TUL,OK,ASW,CE,Combined TRACON& Tower with Radar,66,78,16,2,162,0,1,30,2,33,66,79,46,4,195,34,0,34,229
09/03/2007,TUL,OK,ASW,CE,Combined TRACON& Tower with Radar,64,106,43,0,213,0,4,52,0,56,64,110,95,0,269,38,0,38,307
09/04/2007,TUL,OK,ASW,CE,Combined TRACON& Tower with Radar,85,101,59,28,273,0,6,18,2,26,85,107,77,30,299,0,14,14,313
09/05/2007,TUL,OK,ASW,CE,Combined TRACON& Tower with Radar,102,118,50,8,278,0,0,13,0,13,102,118,63,8,291,4,0,4,295
09/06/2007,TUL,OK,ASW,CE,Combined TRACON& Tower with Radar,96,115,75,59,345,0,3,56,6,65,96,118,131,65,410,40,100,140,550
09/07/2007,TUL,OK,ASW,CE,Combined TRACON& Tower with Radar,100,118,66,1,285,0,5,23,4,32,100,123,89,5,317,18,0,18,335
09/08/2007,TUL,OK,ASW,CE,Combined TRACON& Tower with Radar,77,89,35,0,201,0,0,3,0,3,77,89,38,0,204,2,0,2,206
09/09/2007,TUL,OK,ASW,CE,Combined TRACON& Tower with Radar,82,108,35,6,231,0,0,15,0,15,82,108,50,6,246,0,0,0,246
09/10/2007,TUL,OK,ASW,CE,Combined TRACON& Tower with Radar,88,113,59,43,303,0,0,14,0,14,88,113,73,43,317,0,0,0,317
09/11/2007,TUL,OK,ASW,CE,Combined TRACON& Tower with Radar,100,113,75,41,329,0,1,52,11,64,100,114,127,52,393,12,24,36,429
09/12/2007,TUL,OK,ASW,CE,Combined TRACON& Tower with Radar,100,120,58,38,316,0,2,55,12,69,100,122,113,50,385,14,38,52,437
09/13/2007,TUL,OK,ASW,CE,Combined TRACON& Tower with Radar,102,108,54,26,290,0,4,74,5,83,102,112,128,31,373,18,94,112,485
09/14/2007,TUL,OK,ASW,CE,Combined TRACON& Tower with Radar,101,110,73,27,311,0,2,48,4,54,101,112,121,31,365,66,4,70,435
09/15/2007,TUL,OK,ASW,CE,Combined TRACON& Tower with Radar,76,94,40,8,218,0,8,36,0,44,76,102,76,8,262,76,4,80,342
09/16/2007,TUL,OK,ASW,CE,Combined TRACON& Tower with Radar,85,108,36,10,239,0,3,17,5,25,85,111,53,15,264,50,38,88,352
09/17/2007,TUL,OK,ASW,CE,Combined TRACON& Tower with Radar,88,96,49,19,252,0,12,37,31,80,88,108,86,50,332,100,76,176,508
09/18/2007,TUL,OK,ASW,CE,Combined TRACON& Tower with Radar,97,102,67,56,322,0,8,56,5,69,97,110,123,61,391,22,100,122,513
09/19/2007,TUL,OK,ASW,CE,Combined TRACON& Tower with Radar,104,112,65,55,336,0,5,52,0,57,104,117,117,55,393,70,66,136,529
09/20/2007,TUL,OK,ASW,CE,Combined TRACON& Tower with Radar,100,108,69,63,340,0,3,73,4,80,100,111,142,67,420,32,70,102,522
09/21/2007,TUL,OK,ASW,CE,Combined TRACON& Tower with Radar,99,115,95,31,340,0,3,63,1,67,99,118,158,32,407,42,20,62,469
09/22/2007,TUL,OK,ASW,CE,Combined TRACON& Tower with Radar,79,109,60,4,252,1,4,58,3,66,80,113,118,7,318,36,18,54,372
09/23/2007,TUL,OK,ASW,CE,Combined TRACON& Tower with Radar,82,98,53,4,237,0,0,20,0,20,82,98,73,4,257,28,0,28,285
09/24/2007,TUL,OK,ASW,CE,Combined TRACON& Tower with Radar,94,105,61,69,329,0,3,62,8,73,94,108,123,77,402,112,114,226,628
09/25/2007,TUL,OK,ASW,CE,Combined TRACON& Tower with Radar,100,104,73,9,286,0,11,9,3,23,100,115,82,12,309,8,12,20,329
09/26/2007,TUL,OK,ASW,CE,Combined TRACON& Tower with Radar,93,111,70,43,317,0,1,11,0,12,93,112,81,43,329,0,48,48,377
09/27/2007,TUL,OK,ASW,CE,Combined TRACON& Tower with Radar,105,118,85,7,315,0,0,58,0,58,105,118,143,7,373,114,26,140,513
09/28/2007,TUL,OK,ASW,CE,Combined TRACON& Tower with Radar,97,116,71,4,288,0,1,106,2,109,97,117,177,6,397,76,2,78,475
09/29/2007,TUL,OK,ASW,CE,Combined TRACON& Tower with Radar,73,101,35,4,213,0,4,48,2,54,73,105,83,6,267,62,0,62,329
09/30/2007,TUL,OK,ASW,CE,Combined TRACON& Tower with Radar,81,103,42,0,226,0,2,25,0,27,81,105,67,0,253,0,0,0,253
10/01/2007,TUL,OK,ASW,CE,Combined TRACON& Tower with Radar,88,120,53,75,336,0,3,76,3,82,88,123,129,78,418,72,92,164,582
10/02/2007,TUL,OK,ASW,CE,Combined TRACON& Tower with Radar,101,101,53,8,263,0,4,38,3,45,101,105,91,11,308,74,0,74,382
10/03/2007,TUL,OK,ASW,CE,Combined TRACON& Tower with Radar,99,116,53,34,302,0,1,63,0,64,99,117,116,34,366,12,0,12,378
10/04/2007,TUL,OK,ASW,CE,Combined TRACON& Tower with Radar,100,130,72,28,330,0,2,82,2,86,100,132,154,30,416,40,10,50,466
10/05/2007,TUL,OK,ASW,CE,Combined TRACON& Tower with Radar,97,118,63,5,283,0,1,80,1,82,97,119,143,6,365,0,0,0,365
10/06/2007,TUL,OK,ASW,CE,Combined TRACON& Tower with Radar,85,98,32,5,220,1,0,26,6,33,86,98,58,11,253,0,0,0,253
10/07/2007,TUL,OK,ASW,CE,Combined TRACON& Tower with Radar,71,108,41,2,222,0,2,17,0,19,71,110,58,2,241,8,0,8,249
10/08/2007,TUL,OK,ASW,CE,Combined TRACON& Tower with Radar,84,105,23,6,218,0,6,47,0,53,84,111,70,6,271,80,12,92,363
10/09/2007,TUL,OK,ASW,CE,Combined TRACON& Tower with Radar,96,114,55,49,314,0,2,81,6,89,96,116,136,55,403,44,54,98,501
10/10/2007,TUL,OK,ASW,CE,Combined TRACON& Tower with Radar,96,117,49,31,293,0,8,61,0,69,96,125,110,31,362,28,8,36,398
10/11/2007,TUL,OK,ASW,CE,Combined TRACON& Tower with Radar,91,119,70,67,347,0,5,74,15,94,91,124,144,82,441,70,182,252,693
10/12/2007,TUL,OK,ASW,CE,Combined TRACON& Tower with Radar,100,119,75,24,318,0,2,83,8,93,100,121,158,32,411,70,48,118,529
10/13/2007,TUL,OK,ASW,CE,Combined TRACON& Tower with Radar,80,101,45,21,247,0,0,44,6,50,80,101,89,27,297,34,40,74,371
10/14/2007,TUL,OK,ASW,CE,Combined TRACON& Tower with Radar,75,121,37,5,238,0,2,29,2,33,75,123,66,7,271,0,0,0,271
10/15/2007,TUL,OK,ASW,CE,Combined TRACON& Tower with Radar,84,111,47,33,275,0,0,35,0,35,84,111,82,33,310,18,10,28,338
10/16/2007,TUL,OK,ASW,CE,Combined TRACON& Tower with Radar,108,118,99,57,382,1,0,38,1,40,109,118,137,58,422,70,70,140,562
10/17/2007,TUL,OK,ASW,CE,Combined TRACON& Tower with Radar,95,122,62,10,289,0,6,7,2,15,95,128,69,12,304,6,0,6,310
10/18/2007,TUL,OK,ASW,CE,Combined TRACON& Tower with Radar,102,132,77,35,346,0,3,56,9,68,102,135,133,44,414,42,50,92,506
10/19/2007,TUL,OK,ASW,CE,Combined TRACON& Tower with Radar,97,114,88,29,328,0,4,74,10,88,97,118,162,39,416,100,84,184,600
10/20/2007,TUL,OK,ASW,CE,Combined TRACON& Tower with Radar,79,94,33,2,208,0,5,54,0,59,79,99,87,2,267,2,0,2,269
10/21/2007,TUL,OK,ASW,CE,Combined TRACON& Tower with Radar,80,109,44,6,239,0,0,23,0,23,80,109,67,6,262,46,10,56,318
10/22/2007,TUL,OK,ASW,CE,Combined TRACON& Tower with Radar,85,103,58,18,264,0,0,6,0,6,85,103,64,18,270,18,6,24,294
10/23/2007,TUL,OK,ASW,CE,Combined TRACON& Tower with Radar,105,113,58,23,299,0,2,65,3,70,105,115,123,26,369,90,46,136,505
10/24/2007,TUL,OK,ASW,CE,Combined TRACON& Tower with Radar,95,118,50,57,320,0,3,54,13,70,95,121,104,70,390,6,76,82,472
10/25/2007,TUL,OK,ASW,CE,Combined TRACON& Tower with Radar,109,121,67,30,327,0,4,77,7,88,109,125,144,37,415,84,40,124,539
10/26/2007,TUL,OK,ASW,CE,Combined TRACON& Tower with Radar,99,121,64,33,317,0,2,69,11,82,99,123,133,44,399,104,80,184,583
10/27/2007,TUL,OK,ASW,CE,Combined TRACON& Tower with Radar,86,95,27,13,221,0,6,63,5,74,86,101,90,18,295,66,12,78,373
10/28/2007,TUL,OK,ASW,CE,Combined TRACON& Tower with Radar,73,97,30,2,202,0,2,30,2,34,73,99,60,4,236,20,0,20,256
10/29/2007,TUL,OK,ASW,CE,Combined TRACON& Tower with Radar,86,108,54,43,291,0,5,92,1,98,86,113,146,44,389,55,36,91,480
10/30/2007,TUL,OK,ASW,CE,Combined TRACON& Tower with Radar,93,107,92,53,345,0,2,92,8,102,93,109,184,61,447,104,116,220,667
10/31/2007,TUL,OK,ASW,CE,Combined TRACON& Tower with Radar,97,112,79,37,325,1,1,72,6,80,98,113,151,43,405,72,88,160,565
11/01/2007,TUL,OK,ASW,CE,Combined TRACON& Tower with Radar,103,111,60,25,299,0,2,98,7,107,103,113,158,32,406,74,64,138,544
11/02/2007,TUL,OK,ASW,CE,Combined TRACON& Tower with Radar,96,115,80,46,337,0,2,61,6,69,96,117,141,52,406,84,38,122,528
11/03/2007,TUL,OK,ASW,CE,Combined TRACON& Tower with Radar,78,100,31,17,226,0,11,73,6,90,78,111,104,23,316,182,132,314,630
11/04/2007,TUL,OK,ASW,CE,Combined TRACON& Tower with Radar,83,111,36,5,235,0,6,48,4,58,83,117,84,9,293,26,0,26,319
11/05/2007,TUL,OK,ASW,CE,Combined TRACON& Tower with Radar,80,124,50,57,311,0,5,65,1,71,80,129,115,58,382,46,92,138,520
11/06/2007,TUL,OK,ASW,CE,Combined TRACON& Tower with Radar,98,115,63,48,324,0,5,79,7,91,98,120,142,55,415,180,124,304,719
11/07/2007,TUL,OK,ASW,CE,Combined TRACON& Tower with Radar,90,121,76,35,322,0,3,78,6,87,90,124,154,41,409,64,64,128,537
11/08/2007,TUL,OK,ASW,CE,Combined TRACON& Tower with Radar,99,119,84,35,337,0,3,93,16,112,99,122,177,51,449,66,66,132,581
11/09/2007,TUL,OK,ASW,CE,Combined TRACON& Tower with Radar,99,120,69,20,308,0,4,75,4,83,99,124,144,24,391,46,14,60,451
11/10/2007,TUL,OK,ASW,CE,Combined TRACON& Tower with Radar,84,100,20,2,206,0,2,34,0,36,84,102,54,2,242,14,2,16,258
11/11/2007,TUL,OK,ASW,CE,Combined TRACON& Tower with Radar,81,97,41,1,220,0,0,17,4,21,81,97,58,5,241,4,0,4,245
11/12/2007,TUL,OK,ASW,CE,Combined TRACON& Tower with Radar,87,104,38,0,229,0,2,64,6,72,87,106,102,6,301,23,0,23,324
11/13/2007,TUL,OK,ASW,CE,Combined TRACON& Tower with Radar,99,121,88,41,349,0,6,80,2,88,99,127,168,43,437,78,124,202,639
11/14/2007,TUL,OK,ASW,CE,Combined TRACON& Tower with Radar,92,123,97,43,355,0,5,29,12,46,92,128,126,55,401,0,74,74,475
11/15/2007,TUL,OK,ASW,CE,Combined TRACON& Tower with Radar,96,110,70,25,301,0,6,72,9,87,96,116,142,34,388,42,32,74,462
11/16/2007,TUL,OK,ASW,CE,Combined TRACON& Tower with Radar,96,110,61,19,286,0,6,68,1,75,96,116,129,20,361,72,44,116,477
11/17/2007,TUL,OK,ASW,CE,Combined TRACON& Tower with Radar,82,99,31,0,212,0,1,68,1,70,82,100,99,1,282,88,0,88,370
11/18/2007,TUL,OK,ASW,CE,Combined TRACON& Tower with Radar,77,102,48,4,231,0,1,28,0,29,77,103,76,4,260,170,0,170,430
11/19/2007,TUL,OK,ASW,CE,Combined TRACON& Tower with Radar,74,103,71,16,264,0,2,52,0,54,74,105,123,16,318,0,2,2,320
11/20/2007,TUL,OK,ASW,CE,Combined TRACON& Tower with Radar,102,109,77,37,325,0,5,25,3,33,102,114,102,40,358,32,30,62,420
11/21/2007,TUL,OK,ASW,CE,Combined TRACON& Tower with Radar,96,132,64,6,298,0,0,8,0,8,96,132,72,6,306,0,0,0,306
11/22/2007,TUL,OK,ASW,CE,Combined TRACON& Tower with Radar,62,75,18,0,155,0,4,10,0,14,62,79,28,0,169,10,0,10,179
11/23/2007,TUL,OK,ASW,CE,Combined TRACON& Tower with Radar,71,83,19,0,173,0,3,43,0,46,71,86,62,0,219,46,0,46,265
11/24/2007,TUL,OK,ASW,CE,Combined TRACON& Tower with Radar,81,94,31,0,206,0,3,36,0,39,81,97,67,0,245,26,0,26,271
11/25/2007,TUL,OK,ASW,CE,Combined TRACON& Tower with Radar,78,108,39,0,225,0,1,29,0,30,78,109,68,0,255,0,0,0,255
11/26/2007,TUL,OK,ASW,CE,Combined TRACON& Tower with Radar,96,109,53,38,296,0,2,42,1,45,96,111,95,39,341,0,16,16,357
11/27/2007,TUL,OK,ASW,CE,Combined TRACON& Tower with Radar,96,111,94,68,369,0,2,99,2,103,96,113,193,70,472,64,80,144,616
11/28/2007,TUL,OK,ASW,CE,Combined TRACON& Tower with Radar,93,101,54,40,288,0,5,38,11,54,93,106,92,51,342,16,134,150,492
11/29/2007,TUL,OK,ASW,CE,Combined TRACON& Tower with Radar,95,112,50,28,285,0,5,90,9,104,95,117,140,37,389,152,26,178,567
11/30/2007,TUL,OK,ASW,CE,Combined TRACON& Tower with Radar,98,124,60,6,288,0,1,46,8,55,98,125,106,14,343,54,32,86,429
12/01/2007,TUL,OK,ASW,CE,Combined TRACON& Tower with Radar,75,86,29,1,191,0,5,1,3,9,75,91,30,4,200,0,0,0,200
12/02/2007,TUL,OK,ASW,CE,Combined TRACON& Tower with Radar,70,91,32,3,196,0,1,7,0,8,70,92,39,3,204,0,0,0,204
12/03/2007,TUL,OK,ASW,CE,Combined TRACON& Tower with Radar,87,114,60,49,310,0,4,72,0,76,87,118,132,49,386,62,36,98,484
12/04/2007,TUL,OK,ASW,CE,Combined TRACON& Tower with Radar,101,98,67,23,289,0,1,81,2,84,101,99,148,25,373,36,8,44,417
12/05/2007,TUL,OK,ASW,CE,Combined TRACON& Tower with Radar,90,100,51,38,279,0,6,75,7,88,90,106,126,45,367,14,56,70,437
12/06/2007,TUL,OK,ASW,CE,Combined TRACON& Tower with Radar,100,98,65,17,280,0,3,18,2,23,100,101,83,19,303,20,14,34,337
12/07/2007,TUL,OK,ASW,CE,Combined TRACON& Tower with Radar,95,103,49,5,252,0,0,0,0,0,95,103,49,5,252,0,0,0,252
12/08/2007,TUL,OK,ASW,CE,Combined TRACON& Tower with Radar,72,87,26,5,190,0,0,0,0,0,72,87,26,5,190,0,0,0,190
12/09/2007,TUL,OK,ASW,CE,Combined TRACON& Tower with Radar,51,47,21,0,119,0,0,0,0,0,51,47,21,0,119,0,0,0,119
12/10/2007,TUL,OK,ASW,CE,Combined TRACON& Tower with Radar,4,8,5,0,17,0,0,0,0,0,4,8,5,0,17,0,0,0,17
12/11/2007,TUL,OK,ASW,CE,Combined TRACON& Tower with Radar,51,48,9,0,108,0,0,0,0,0,51,48,9,0,108,0,0,0,108
12/12/2007,TUL,OK,ASW,CE,Combined TRACON& Tower with Radar,94,107,33,4,238,0,0,3,2,5,94,107,36,6,243,0,0,0,243
12/13/2007,TUL,OK,ASW,CE,Combined TRACON& Tower with Radar,96,120,62,22,300,0,2,1,0,3,96,122,63,22,303,0,6,6,309
12/14/2007,TUL,OK,ASW,CE,Combined TRACON& Tower with Radar,95,122,47,8,272,0,2,2,0,4,95,124,49,8,276,0,8,8,284
12/15/2007,TUL,OK,ASW,CE,Combined TRACON& Tower with Radar,76,84,14,1,175,0,4,2,0,6,76,88,16,1,181,0,0,0,181
12/16/2007,TUL,OK,ASW,CE,Combined TRACON& Tower with Radar,79,82,28,0,189,0,3,44,0,47,79,85,72,0,236,0,0,0,236
12/17/2007,TUL,OK,ASW,CE,Combined TRACON& Tower with Radar,85,110,52,28,275,0,1,86,2,89,85,111,138,30,364,14,18,32,396
12/18/2007,TUL,OK,ASW,CE,Combined TRACON& Tower with Radar,110,111,81,72,374,0,12,89,7,108,110,123,170,79,482,98,134,232,714
12/19/2007,TUL,OK,ASW,CE,Combined TRACON& Tower with Radar,105,114,71,29,319,0,4,78,16,98,105,118,149,45,417,30,88,118,535
12/20/2007,TUL,OK,ASW,CE,Combined TRACON& Tower with Radar,114,104,68,25,311,0,2,67,2,71,114,106,135,27,382,60,12,72,454
12/21/2007,TUL,OK,ASW,CE,Combined TRACON& Tower with Radar,105,100,67,19,291,0,6,92,0,98,105,106,159,19,389,82,36,118,507
12/22/2007,TUL,OK,ASW,CE,Combined TRACON& Tower with Radar,93,101,29,0,223,0,1,2,0,3,93,102,31,0,226,0,0,0,226
12/23/2007,TUL,OK,ASW,CE,Combined TRACON& Tower with Radar,76,106,22,0,204,0,0,64,0,64,76,106,86,0,268,0,0,0,268
12/24/2007,TUL,OK,ASW,CE,Combined TRACON& Tower with Radar,72,88,13,0,173,0,9,50,0,59,72,97,63,0,232,0,0,0,232
12/25/2007,TUL,OK,ASW,CE,Combined TRACON& Tower with Radar,62,78,10,0,150,0,2,7,0,9,62,80,17,0,159,0,0,0,159
12/26/2007,TUL,OK,ASW,CE,Combined TRACON& Tower with Radar,84,107,40,4,235,0,4,13,0,17,84,111,53,4,252,88,0,88,340
12/27/2007,TUL,OK,ASW,CE,Combined TRACON& Tower with Radar,101,112,48,8,269,0,2,9,2,13,101,114,57,10,282,0,0,0,282
12/28/2007,TUL,OK,ASW,CE,Combined TRACON& Tower with Radar,85,113,49,0,247,0,1,26,6,33,85,114,75,6,280,148,14,162,442
12/29/2007,TUL,OK,ASW,CE,Combined TRACON& Tower with Radar,93,92,32,0,217,0,0,41,0,41,93,92,73,0,258,100,0,100,358
12/30/2007,TUL,OK,ASW,CE,Combined TRACON& Tower with Radar,81,91,16,0,188,0,2,49,0,51,81,93,65,0,239,0,0,0,239
12/31/2007,TUL,OK,ASW,CE,Combined TRACON& Tower with Radar,62,82,13,10,167,0,1,31,3,35,62,83,44,13,202,12,26,38,240
01/01/2008,TUL,OK,ASW,CE,Combined TRACON& Tower with Radar,63,89,20,1,173,0,0,19,0,19,63,89,39,1,192,0,0,0,192
01/02/2008,TUL,OK,ASW,CE,Combined TRACON& Tower with Radar,88,110,56,3,257,0,3,35,8,46,88,113,91,11,303,76,6,82,385
01/03/2008,TUL,OK,ASW,CE,Combined TRACON& Tower with Radar,96,106,53,41,296,0,6,40,6,52,96,112,93,47,348,30,20,50,398
01/04/2008,TUL,OK,ASW,CE,Combined TRACON& Tower with Radar,94,107,58,28,287,0,1,17,7,25,94,108,75,35,312,30,74,104,416
01/05/2008,TUL,OK,ASW,CE,Combined TRACON& Tower with Radar,80,88,21,13,202,0,0,41,9,50,80,88,62,22,252,110,52,162,414
01/06/2008,TUL,OK,ASW,CE,Combined TRACON& Tower with Radar,75,100,13,0,188,0,3,32,1,36,75,103,45,1,224,2,0,2,226
01/07/2008,TUL,OK,ASW,CE,Combined TRACON& Tower with Radar,84,98,48,20,250,0,4,36,1,41,84,102,84,21,291,16,6,22,313
01/08/2008,TUL,OK,ASW,CE,Combined TRACON& Tower with Radar,93,101,68,31,293,0,2,23,5,30,93,103,91,36,323,22,32,54,377
01/09/2008,TUL,OK,ASW,CE,Combined TRACON& Tower with Radar,92,105,60,43,300,0,1,78,8,87,92,106,138,51,387,50,30,80,467
01/10/2008,TUL,OK,ASW,CE,Combined TRACON& Tower with Radar,91,109,73,31,304,0,5,17,6,28,91,114,90,37,332,18,42,60,392
01/11/2008,TUL,OK,ASW,CE,Combined TRACON& Tower with Radar,95,100,57,22,274,0,7,90,8,105,95,107,147,30,379,68,22,90,469
01/12/2008,TUL,OK,ASW,CE,Combined TRACON& Tower with Radar,78,90,28,0,196,1,1,39,4,45,79,91,67,4,241,98,2,100,341
01/13/2008,TUL,OK,ASW,CE,Combined TRACON& Tower with Radar,72,102,29,10,213,0,3,29,0,32,72,105,58,10,245,4,8,12,257
01/14/2008,TUL,OK,ASW,CE,Combined TRACON& Tower with Radar,83,96,55,47,281,0,2,84,3,89,83,98,139,50,370,67,22,89,459
01/15/2008,TUL,OK,ASW,CE,Combined TRACON& Tower with Radar,88,97,74,97,356,0,6,54,4,64,88,103,128,101,420,208,176,384,804
01/16/2008,TUL,OK,ASW,CE,Combined TRACON& Tower with Radar,92,106,57,29,284,0,1,35,2,38,92,107,92,31,322,111,20,131,453
01/17/2008,TUL,OK,ASW,CE,Combined TRACON& Tower with Radar,92,108,68,39,307,0,3,55,5,63,92,111,123,44,370,36,52,88,458
01/18/2008,TUL,OK,ASW,CE,Combined TRACON& Tower with Radar,92,113,76,35,316,0,4,81,6,91,92,117,157,41,407,40,26,66,473
01/19/2008,TUL,OK,ASW,CE,Combined TRACON& Tower with Radar,65,87,26,3,181,0,5,53,0,58,65,92,79,3,239,34,4,38,277
01/20/2008,TUL,OK,ASW,CE,Combined TRACON& Tower with Radar,75,95,17,7,194,0,2,41,3,46,75,97,58,10,240,0,0,0,240
01/21/2008,TUL,OK,ASW,CE,Combined TRACON& Tower with Radar,81,104,48,1,234,0,2,13,0,15,81,106,61,1,249,0,0,0,249
01/22/2008,TUL,OK,ASW,CE,Combined TRACON& Tower with Radar,96,96,57,30,279,0,5,54,4,63,96,101,111,34,342,0,14,14,356
01/23/2008,TUL,OK,ASW,CE,Combined TRACON& Tower with Radar,93,107,66,31,297,0,7,85,13,105,93,114,151,44,402,72,78,150,552
01/24/2008,TUL,OK,ASW,CE,Combined TRACON& Tower with Radar,97,113,46,38,294,0,3,52,5,60,97,116,98,43,354,0,0,0,354
01/25/2008,TUL,OK,ASW,CE,Combined TRACON& Tower with Radar,95,117,41,21,274,0,0,20,3,23,95,117,61,24,297,16,32,48,345
01/26/2008,TUL,OK,ASW,CE,Combined TRACON& Tower with Radar,75,86,20,0,181,0,0,9,0,9,75,86,29,0,190,18,0,18,208
01/27/2008,TUL,OK,ASW,CE,Combined TRACON& Tower with Radar,69,98,45,4,216,0,0,25,0,25,69,98,70,4,241,0,0,0,241
01/28/2008,TUL,OK,ASW,CE,Combined TRACON& Tower with Radar,85,100,53,30,268,0,0,22,11,33,85,100,75,41,301,6,32,38,339
01/29/2008,TUL,OK,ASW,CE,Combined TRACON& Tower with Radar,99,105,63,23,290,0,3,18,8,29,99,108,81,31,319,6,26,32,351
01/30/2008,TUL,OK,ASW,CE,Combined TRACON& Tower with Radar,93,104,63,71,331,0,6,65,8,79,93,110,128,79,410,50,78,128,538
01/31/2008,TUL,OK,ASW,CE,Combined TRACON& Tower with Radar,85,95,42,0,222,0,2,0,0,2,85,97,42,0,224,0,0,0,224
02/01/2008,TUL,OK,ASW,CE,Combined TRACON& Tower with Radar,94,116,56,28,294,0,4,68,0,72,94,120,124,28,366,46,34,80,446
02/02/2008,TUL,OK,ASW,CE,Combined TRACON& Tower with Radar,68,82,35,0,185,0,7,67,1,75,68,89,102,1,260,220,0,220,480
02/03/2008,TUL,OK,ASW,CE,Combined TRACON& Tower with Radar,71,92,37,2,202,0,5,34,0,39,71,97,71,2,241,10,2,12,253
02/04/2008,TUL,OK,ASW,CE,Combined TRACON& Tower with Radar,73,109,48,30,260,0,0,33,2,35,73,109,81,32,295,2,44,46,341
02/05/2008,TUL,OK,ASW,CE,Combined TRACON& Tower with Radar,92,102,44,1,239,0,3,1,0,4,92,105,45,1,243,0,0,0,243
02/06/2008,TUL,OK,ASW,CE,Combined TRACON& Tower with Radar,112,118,71,24,325,0,2,22,4,28,112,120,93,28,353,148,16,164,517
02/07/2008,TUL,OK,ASW,CE,Combined TRACON& Tower with Radar,94,109,75,39,317,0,4,17,4,25,94,113,92,43,342,4,6,10,352
02/08/2008,TUL,OK,ASW,CE,Combined TRACON& Tower with Radar,95,115,60,20,290,0,2,33,0,35,95,117,93,20,325,44,18,62,387
02/09/2008,TUL,OK,ASW,CE,Combined TRACON& Tower with Radar,75,81,24,19,199,0,8,39,0,47,75,89,63,19,246,90,48,138,384
02/10/2008,TUL,OK,ASW,CE,Combined TRACON& Tower with Radar,76,90,29,0,195,0,8,16,1,25,76,98,45,1,220,38,0,38,258
02/11/2008,TUL,OK,ASW,CE,Combined TRACON& Tower with Radar,79,107,39,4,229,0,2,1,0,3,79,109,40,4,232,0,0,0,232
02/12/2008,TUL,OK,ASW,CE,Combined TRACON& Tower with Radar,100,96,71,44,311,0,4,26,2,32,100,100,97,46,343,54,54,108,451
02/13/2008,TUL,OK,ASW,CE,Combined TRACON& Tower with Radar,94,108,74,50,326,0,11,28,5,44,94,119,102,55,370,32,186,218,588
02/14/2008,TUL,OK,ASW,CE,Combined TRACON& Tower with Radar,96,106,51,36,289,0,5,35,5,45,96,111,86,41,334,10,38,48,382
02/15/2008,TUL,OK,ASW,CE,Combined TRACON& Tower with Radar,89,113,56,5,263,0,4,10,5,19,89,117,66,10,282,0,48,48,330
02/16/2008,TUL,OK,ASW,CE,Combined TRACON& Tower with Radar,62,91,15,0,168,0,0,0,0,0,62,91,15,0,168,0,0,0,168
02/17/2008,TUL,OK,ASW,CE,Combined TRACON& Tower with Radar,67,95,26,5,193,0,2,8,1,11,67,97,34,6,204,0,0,0,204
02/18/2008,TUL,OK,ASW,CE,Combined TRACON& Tower with Radar,85,103,63,4,255,0,6,37,0,43,85,109,100,4,298,8,0,8,306
02/19/2008,TUL,OK,ASW,CE,Combined TRACON& Tower with Radar,92,105,61,23,281,0,2,53,4,59,92,107,114,27,340,30,22,52,392
02/20/2008,TUL,OK,ASW,CE,Combined TRACON& Tower with Radar,89,107,83,29,308,0,2,8,7,17,89,109,91,36,325,8,84,92,417
02/21/2008,TUL,OK,ASW,CE,Combined TRACON& Tower with Radar,91,95,44,7,237,0,2,0,0,2,91,97,44,7,239,12,0,12,251
02/22/2008,TUL,OK,ASW,CE,Combined TRACON& Tower with Radar,99,104,60,6,269,0,0,6,7,13,99,104,66,13,282,2,12,14,296
02/23/2008,TUL,OK,ASW,CE,Combined TRACON& Tower with Radar,69,87,30,8,194,0,1,6,0,7,69,88,36,8,201,18,6,24,225
02/24/2008,TUL,OK,ASW,CE,Combined TRACON& Tower with Radar,74,94,22,1,191,0,1,9,1,11,74,95,31,2,202,20,0,20,222
02/25/2008,TUL,OK,ASW,CE,Combined TRACON& Tower with Radar,79,103,41,14,237,0,3,30,1,34,79,106,71,15,271,8,16,24,295
02/26/2008,TUL,OK,ASW,CE,Combined TRACON& Tower with Radar,90,100,50,41,281,0,4,27,8,39,90,104,77,49,320,4,48,52,372
02/27/2008,TUL,OK,ASW,CE,Combined TRACON& Tower with Radar,91,103,84,16,294,0,11,52,11,74,91,114,136,27,368,88,56,144,512
02/28/2008,TUL,OK,ASW,CE,Combined TRACON& Tower with Radar,87,97,95,29,308,0,13,50,10,73,87,110,145,39,381,80,118,198,579
02/29/2008,TUL,OK,ASW,CE,Combined TRACON& Tower with Radar,98,102,52,17,269,0,7,60,1,68,98,109,112,18,337,42,52,94,431
03/01/2008,TUL,OK,ASW,CE,Combined TRACON& Tower with Radar,70,94,29,0,193,0,4,54,4,62,70,98,83,4,255,58,0,58,313
03/02/2008,TUL,OK,ASW,CE,Combined TRACON& Tower with Radar,66,101,28,6,201,0,2,5,6,13,66,103,33,12,214,0,0,0,214
03/03/2008,TUL,OK,ASW,CE,Combined TRACON& Tower with Radar,76,91,36,0,203,0,1,0,1,2,76,92,36,1,205,0,0,0,205
03/04/2008,TUL,OK,ASW,CE,Combined TRACON& Tower with Radar,97,95,50,19,261,0,5,34,21,60,97,100,84,40,321,44,34,78,399
03/05/2008,TUL,OK,ASW,CE,Combined TRACON& Tower with Radar,90,117,64,69,340,0,11,53,13,77,90,128,117,82,417,80,146,226,643
03/06/2008,TUL,OK,ASW,CE,Combined TRACON& Tower with Radar,95,115,60,30,300,0,6,26,19,51,95,121,86,49,351,14,132,146,497
03/07/2008,TUL,OK,ASW,CE,Combined TRACON& Tower with Radar,93,101,72,11,277,0,2,24,11,37,93,103,96,22,314,70,79,149,463
03/08/2008,TUL,OK,ASW,CE,Combined TRACON& Tower with Radar,85,89,32,14,220,0,2,34,3,39,85,91,66,17,259,32,16,48,307
03/09/2008,TUL,OK,ASW,CE,Combined TRACON& Tower with Radar,71,98,34,9,212,0,2,31,0,33,71,100,65,9,245,0,12,12,257
03/10/2008,TUL,OK,ASW,CE,Combined TRACON& Tower with Radar,80,95,48,52,275,0,3,34,1,38,80,98,82,53,313,0,14,14,327
03/11/2008,TUL,OK,ASW,CE,Combined TRACON& Tower with Radar,94,108,69,49,320,0,4,61,1,66,94,112,130,50,386,96,78,174,560
03/12/2008,TUL,OK,ASW,CE,Combined TRACON& Tower with Radar,86,103,76,34,299,0,6,55,11,72,86,109,131,45,371,36,54,90,461
03/13/2008,TUL,OK,ASW,CE,Combined TRACON& Tower with Radar,93,99,66,25,283,0,9,34,7,50,93,108,100,32,333,32,48,80,413
03/14/2008,TUL,OK,ASW,CE,Combined TRACON& Tower with Radar,94,122,57,66,339,0,8,52,7,67,94,130,109,73,406,54,96,150,556
03/15/2008,TUL,OK,ASW,CE,Combined TRACON& Tower with Radar,80,102,38,0,220,0,2,3,6,11,80,104,41,6,231,10,32,42,273
03/16/2008,TUL,OK,ASW,CE,Combined TRACON& Tower with Radar,67,102,51,10,230,0,0,38,6,44,67,102,89,16,274,0,0,0,274
03/17/2008,TUL,OK,ASW,CE,Combined TRACON& Tower with Radar,82,98,30,16,226,0,2,8,0,10,82,100,38,16,236,0,4,4,240
03/18/2008,TUL,OK,ASW,CE,Combined TRACON& Tower with Radar,91,89,23,2,205,0,0,0,3,3,91,89,23,5,208,0,0,0,208
03/19/2008,TUL,OK,ASW,CE,Combined TRACON& Tower with Radar,107,126,58,84,375,0,3,42,7,52,107,129,100,91,427,38,72,110,537
03/20/2008,TUL,OK,ASW,CE,Combined TRACON& Tower with Radar,94,116,52,31,293,0,8,45,6,59,94,124,97,37,352,78,74,152,504
03/21/2008,TUL,OK,ASW,CE,Combined TRACON& Tower with Radar,97,106,35,65,303,0,3,40,10,53,97,109,75,75,356,48,134,182,538
03/22/2008,TUL,OK,ASW,CE,Combined TRACON& Tower with Radar,74,103,24,0,201,0,2,27,1,30,74,105,51,1,231,30,0,30,261
03/23/2008,TUL,OK,ASW,CE,Combined TRACON& Tower with Radar,72,102,22,3,199,0,2,23,0,25,72,104,45,3,224,0,0,0,224
03/24/2008,TUL,OK,ASW,CE,Combined TRACON& Tower with Radar,87,112,54,65,318,0,6,50,3,59,87,118,104,68,377,30,94,124,501
03/25/2008,TUL,OK,ASW,CE,Combined TRACON& Tower with Radar,92,105,43,28,268,0,7,46,6,59,92,112,89,34,327,0,0,0,327
03/26/2008,TUL,OK,ASW,CE,Combined TRACON& Tower with Radar,89,112,71,32,304,0,2,26,4,32,89,114,97,36,336,10,36,46,382
03/27/2008,TUL,OK,ASW,CE,Combined TRACON& Tower with Radar,100,105,59,24,288,0,3,27,2,32,100,108,86,26,320,12,22,34,354
03/28/2008,TUL,OK,ASW,CE,Combined TRACON& Tower with Radar,97,117,68,29,311,0,2,25,2,29,97,119,93,31,340,52,64,116,456
03/29/2008,TUL,OK,ASW,CE,Combined TRACON& Tower with Radar,79,95,31,0,205,1,4,5,1,11,80,99,36,1,216,6,0,6,222
03/30/2008,TUL,OK,ASW,CE,Combined TRACON& Tower with Radar,71,97,32,16,216,0,0,0,0,0,71,97,32,16,216,0,0,0,216
03/31/2008,TUL,OK,ASW,CE,Combined TRACON& Tower with Radar,84,87,29,4,204,0,6,12,0,18,84,93,41,4,222,0,0,0,222
04/01/2008,TUL,OK,ASW,CE,Combined TRACON& Tower with Radar,126,104,72,48,350,0,2,46,4,52,126,106,118,52,402,22,8,30,432
04/02/2008,TUL,OK,ASW,CE,Combined TRACON& Tower with Radar,89,106,61,12,268,0,0,22,4,26,89,106,83,16,294,0,8,8,302
04/03/2008,TUL,OK,ASW,CE,Combined TRACON& Tower with Radar,96,119,65,30,310,0,1,3,0,4,96,120,68,30,314,0,24,24,338
04/04/2008,TUL,OK,ASW,CE,Combined TRACON& Tower with Radar,104,106,80,6,296,0,5,32,1,38,104,111,112,7,334,74,4,78,412
04/05/2008,TUL,OK,ASW,CE,Combined TRACON& Tower with Radar,76,95,53,5,229,0,5,38,7,50,76,100,91,12,279,12,0,12,291
04/06/2008,TUL,OK,ASW,CE,Combined TRACON& Tower with Radar,75,92,45,0,212,0,1,27,0,28,75,93,72,0,240,20,0,20,260
04/07/2008,TUL,OK,ASW,CE,Combined TRACON& Tower with Radar,80,107,56,37,280,0,4,39,5,48,80,111,95,42,328,50,52,102,430
04/08/2008,TUL,OK,ASW,CE,Combined TRACON& Tower with Radar,87,133,75,49,344,0,6,5,1,12,87,139,80,50,356,2,52,54,410
04/09/2008,TUL,OK,ASW,CE,Combined TRACON& Tower with Radar,77,113,86,13,289,0,4,5,0,9,77,117,91,13,298,34,8,42,340
04/10/2008,TUL,OK,ASW,CE,Combined TRACON& Tower with Radar,87,108,55,42,292,0,5,18,3,26,87,113,73,45,318,22,68,90,408
04/11/2008,TUL,OK,ASW,CE,Combined TRACON& Tower with Radar,89,114,76,25,304,0,1,29,5,35,89,115,105,30,339,8,12,20,359
04/12/2008,TUL,OK,ASW,CE,Combined TRACON& Tower with Radar,82,93,29,10,214,0,1,17,3,21,82,94,46,13,235,0,0,0,235
04/13/2008,TUL,OK,ASW,CE,Combined TRACON& Tower with Radar,75,92,38,8,213,1,2,16,3,22,76,94,54,11,235,4,8,12,247
04/14/2008,TUL,OK,ASW,CE,Combined TRACON& Tower with Radar,84,121,66,38,309,0,2,60,3,65,84,123,126,41,374,54,58,112,486
04/15/2008,TUL,OK,ASW,CE,Combined TRACON& Tower with Radar,85,104,45,54,288,0,5,33,8,46,85,109,78,62,334,32,38,70,404
04/16/2008,TUL,OK,ASW,CE,Combined TRACON& Tower with Radar,88,98,65,37,288,0,9,37,6,52,88,107,102,43,340,0,50,50,390
04/17/2008,TUL,OK,ASW,CE,Combined TRACON& Tower with Radar,90,102,69,36,297,0,4,23,0,27,90,106,92,36,324,22,28,50,374
04/18/2008,TUL,OK,ASW,CE,Combined TRACON& Tower with Radar,93,116,70,22,301,0,2,32,8,42,93,118,102,30,343,4,60,64,407
04/19/2008,TUL,OK,ASW,CE,Combined TRACON& Tower with Radar,81,83,33,2,199,0,0,35,0,35,81,83,68,2,234,34,0,34,268
04/20/2008,TUL,OK,ASW,CE,Combined TRACON& Tower with Radar,68,109,38,0,215,0,1,19,0,20,68,110,57,0,235,30,0,30,265
04/21/2008,TUL,OK,ASW,CE,Combined TRACON& Tower with Radar,83,102,71,14,270,0,3,26,0,29,83,105,97,14,299,72,16,88,387
04/22/2008,TUL,OK,ASW,CE,Combined TRACON& Tower with Radar,90,112,61,17,280,0,2,7,0,9,90,114,68,17,289,6,8,14,303
04/23/2008,TUL,OK,ASW,CE,Combined TRACON& Tower with Radar,88,106,63,24,281,0,6,16,18,40,88,112,79,42,321,60,86,146,467
04/24/2008,TUL,OK,ASW,CE,Combined TRACON& Tower with Radar,92,112,68,10,282,0,6,5,10,21,92,118,73,20,303,54,28,82,385
04/25/2008,TUL,OK,ASW,CE,Combined TRACON& Tower with Radar,90,105,56,15,266,0,1,21,5,27,90,106,77,20,293,14,16,30,323
04/26/2008,TUL,OK,ASW,CE,Combined TRACON& Tower with Radar,89,80,24,1,194,0,6,45,0,51,89,86,69,1,245,28,4,32,277
04/27/2008,TUL,OK,ASW,CE,Combined TRACON& Tower with Radar,73,87,35,2,197,0,2,13,0,15,73,89,48,2,212,0,0,0,212
04/28/2008,TUL,OK,ASW,CE,Combined TRACON& Tower with Radar,81,104,51,34,270,0,1,66,1,68,81,105,117,35,338,0,0,0,338
04/29/2008,TUL,OK,ASW,CE,Combined TRACON& Tower with Radar,93,116,51,21,281,0,4,62,1,67,93,120,113,22,348,22,20,42,390
04/30/2008,TUL,OK,ASW,CE,Combined TRACON& Tower with Radar,93,107,62,36,298,0,2,41,6,49,93,109,103,42,347,16,20,36,383
05/01/2008,TUL,OK,ASW,CE,Combined TRACON& Tower with Radar,85,106,83,24,298,0,5,23,5,33,85,111,106,29,331,56,66,122,453
05/02/2008,TUL,OK,ASW,CE,Combined TRACON& Tower with Radar,90,102,49,4,245,0,6,32,4,42,90,108,81,8,287,30,0,30,317
05/03/2008,TUL,OK,ASW,CE,Combined TRACON& Tower with Radar,79,83,31,13,206,0,7,45,2,54,79,90,76,15,260,48,12,60,320
05/04/2008,TUL,OK,ASW,CE,Combined TRACON& Tower with Radar,76,86,41,5,208,0,14,35,0,49,76,100,76,5,257,46,0,46,303
05/05/2008,TUL,OK,ASW,CE,Combined TRACON& Tower with Radar,80,108,57,11,256,0,1,33,0,34,80,109,90,11,290,10,4,14,304
05/06/2008,TUL,OK,ASW,CE,Combined TRACON& Tower with Radar,92,113,62,4,271,0,1,17,3,21,92,114,79,7,292,0,6,6,298
05/07/2008,TUL,OK,ASW,CE,Combined TRACON& Tower with Radar,91,106,39,0,236,0,2,0,0,2,91,108,39,0,238,0,0,0,238
05/08/2008,TUL,OK,ASW,CE,Combined TRACON& Tower with Radar,97,133,71,32,333,0,5,56,12,73,97,138,127,44,406,46,32,78,484
05/09/2008,TUL,OK,ASW,CE,Combined TRACON& Tower with Radar,99,120,54,28,301,0,3,49,7,59,99,123,103,35,360,90,58,148,508
05/10/2008,TUL,OK,ASW,CE,Combined TRACON& Tower with Radar,70,90,24,0,184,0,7,15,0,22,70,97,39,0,206,2,0,2,208
05/11/2008,TUL,OK,ASW,CE,Combined TRACON& Tower with Radar,84,96,33,0,213,0,0,44,2,46,84,96,77,2,259,6,0,6,265
05/12/2008,TUL,OK,ASW,CE,Combined TRACON& Tower with Radar,84,115,65,32,296,0,4,53,2,59,84,119,118,34,355,48,20,68,423
05/13/2008,TUL,OK,ASW,CE,Combined TRACON& Tower with Radar,91,109,64,18,282,0,3,20,10,33,91,112,84,28,315,2,50,52,367
05/14/2008,TUL,OK,ASW,CE,Combined TRACON& Tower with Radar,90,115,79,34,318,0,3,33,10,46,90,118,112,44,364,6,32,38,402
05/15/2008,TUL,OK,ASW,CE,Combined TRACON& Tower with Radar,96,129,89,36,350,0,3,32,10,45,96,132,121,46,395,52,70,122,517
05/16/2008,TUL,OK,ASW,CE,Combined TRACON& Tower with Radar,98,114,56,14,282,0,3,67,8,78,98,117,123,22,360,66,32,98,458
05/17/2008,TUL,OK,ASW,CE,Combined TRACON& Tower with Radar,71,91,27,14,203,0,15,50,1,66,71,106,77,15,269,10,10,20,289
05/18/2008,TUL,OK,ASW,CE,Combined TRACON& Tower with Radar,78,99,32,14,223,0,3,28,5,36,78,102,60,19,259,0,0,0,259
05/19/2008,TUL,OK,ASW,CE,Combined TRACON& Tower with Radar,84,103,59,48,294,0,9,46,4,59,84,112,105,52,353,16,38,54,407
05/20/2008,TUL,OK,ASW,CE,Combined TRACON& Tower with Radar,90,112,64,44,310,2,10,37,2,51,92,122,101,46,361,16,26,42,403
05/21/2008,TUL,OK,ASW,CE,Combined TRACON& Tower with Radar,92,114,51,59,316,0,3,34,22,59,92,117,85,81,375,80,68,148,523
05/22/2008,TUL,OK,ASW,CE,Combined TRACON& Tower with Radar,93,115,67,52,327,0,3,33,10,46,93,118,100,62,373,48,68,116,489
05/23/2008,TUL,OK,ASW,CE,Combined TRACON& Tower with Radar,99,114,62,51,326,0,5,25,8,38,99,119,87,59,364,76,84,160,524
05/24/2008,TUL,OK,ASW,CE,Combined TRACON& Tower with Radar,91,78,18,1,188,0,8,7,2,17,91,86,25,3,205,30,0,30,235
05/25/2008,TUL,OK,ASW,CE,Combined TRACON& Tower with Radar,63,83,28,2,176,0,2,13,0,15,63,85,41,2,191,0,0,0,191
05/26/2008,TUL,OK,ASW,CE,Combined TRACON& Tower with Radar,73,105,19,1,198,0,5,13,2,20,73,110,32,3,218,0,0,0,218
05/27/2008,TUL,OK,ASW,CE,Combined TRACON& Tower with Radar,83,104,38,7,232,0,7,18,0,25,83,111,56,7,257,0,6,6,263
05/28/2008,TUL,OK,ASW,CE,Combined TRACON& Tower with Radar,94,113,74,35,316,0,4,12,1,17,94,117,86,36,333,14,28,42,375
05/29/2008,TUL,OK,ASW,CE,Combined TRACON& Tower with Radar,92,110,57,45,304,0,5,61,15,81,92,115,118,60,385,60,86,146,531
05/30/2008,TUL,OK,ASW,CE,Combined TRACON& Tower with Radar,96,113,46,33,288,0,6,44,9,59,96,119,90,42,347,30,42,72,419
05/31/2008,TUL,OK,ASW,CE,Combined TRACON& Tower with Radar,75,86,26,0,187,0,5,16,1,22,75,91,42,1,209,0,0,0,209
06/01/2008,TUL,OK,ASW,CE,Combined TRACON& Tower with Radar,76,94,26,0,196,0,6,9,1,16,76,100,35,1,212,0,0,0,212
06/02/2008,TUL,OK,ASW,CE,Combined TRACON& Tower with Radar,75,104,49,43,271,0,2,37,5,44,75,106,86,48,315,22,44,66,381
06/03/2008,TUL,OK,ASW,CE,Combined TRACON& Tower with Radar,81,107,63,52,303,0,2,48,4,54,81,109,111,56,357,32,58,90,447
06/04/2008,TUL,OK,ASW,CE,Combined TRACON& Tower with Radar,85,101,54,44,284,0,5,29,5,39,85,106,83,49,323,10,112,122,445
06/05/2008,TUL,OK,ASW,CE,Combined TRACON& Tower with Radar,83,119,54,30,286,0,4,13,1,18,83,123,67,31,304,32,58,90,394
06/06/2008,TUL,OK,ASW,CE,Combined TRACON& Tower with Radar,91,105,64,9,269,0,2,21,0,23,91,107,85,9,292,66,18,84,376
06/07/2008,TUL,OK,ASW,CE,Combined TRACON& Tower with Radar,68,85,31,16,200,0,4,31,5,40,68,89,62,21,240,50,20,70,310
06/08/2008,TUL,OK,ASW,CE,Combined TRACON& Tower with Radar,71,95,38,1,205,0,5,25,6,36,71,100,63,7,241,4,0,4,245
06/09/2008,TUL,OK,ASW,CE,Combined TRACON& Tower with Radar,73,103,46,12,234,0,5,1,0,6,73,108,47,12,240,18,6,24,264
06/10/2008,TUL,OK,ASW,CE,Combined TRACON& Tower with Radar,90,118,48,105,361,0,0,39,5,44,90,118,87,110,405,48,198,246,651
06/11/2008,TUL,OK,ASW,CE,Combined TRACON& Tower with Radar,82,115,76,88,361,2,2,38,7,49,84,117,114,95,410,32,250,282,692
06/12/2008,TUL,OK,ASW,CE,Combined TRACON& Tower with Radar,84,121,69,63,337,0,9,45,2,56,84,130,114,65,393,70,146,216,609
06/13/2008,TUL,OK,ASW,CE,Combined TRACON& Tower with Radar,86,114,64,1,265,0,4,23,0,27,86,118,87,1,292,84,6,90,382
06/14/2008,TUL,OK,ASW,CE,Combined TRACON& Tower with Radar,78,92,33,0,203,0,2,27,0,29,78,94,60,0,232,16,0,16,248
06/15/2008,TUL,OK,ASW,CE,Combined TRACON& Tower with Radar,69,101,27,0,197,0,0,14,0,14,69,101,41,0,211,20,0,20,231
06/16/2008,TUL,OK,ASW,CE,Combined TRACON& Tower with Radar,77,102,41,8,228,0,9,15,4,28,77,111,56,12,256,0,0,0,256
06/17/2008,TUL,OK,ASW,CE,Combined TRACON& Tower with Radar,82,118,54,19,273,2,2,28,0,32,84,120,82,19,305,4,44,48,353
06/18/2008,TUL,OK,ASW,CE,Combined TRACON& Tower with Radar,80,117,58,42,297,0,7,26,2,35,80,124,84,44,332,20,38,58,390
06/19/2008,TUL,OK,ASW,CE,Combined TRACON& Tower with Radar,86,111,63,25,285,0,2,39,4,45,86,113,102,29,330,74,36,110,440
06/20/2008,TUL,OK,ASW,CE,Combined TRACON& Tower with Radar,94,113,51,20,278,0,2,33,11,46,94,115,84,31,324,84,52,136,460
06/21/2008,TUL,OK,ASW,CE,Combined TRACON& Tower with Radar,67,86,41,8,202,0,2,31,0,33,67,88,72,8,235,42,0,42,277
06/22/2008,TUL,OK,ASW,CE,Combined TRACON& Tower with Radar,64,98,27,5,194,0,4,38,0,42,64,102,65,5,236,16,0,16,252
06/23/2008,TUL,OK,ASW,CE,Combined TRACON& Tower with Radar,78,105,57,29,269,0,6,27,2,35,78,111,84,31,304,0,0,0,304
06/24/2008,TUL,OK,ASW,CE,Combined TRACON& Tower with Radar,87,121,74,89,371,0,0,31,4,35,87,121,105,93,406,72,152,224,630
06/25/2008,TUL,OK,ASW,CE,Combined TRACON& Tower with Radar,83,114,52,53,302,0,4,44,8,56,83,118,96,61,358,0,54,54,412
06/26/2008,TUL,OK,ASW,CE,Combined TRACON& Tower with Radar,97,114,59,29,299,0,2,33,2,37,97,116,92,31,336,26,16,42,378
06/27/2008,TUL,OK,ASW,CE,Combined TRACON& Tower with Radar,91,106,38,8,243,0,6,24,2,32,91,112,62,10,275,46,10,56,331
06/28/2008,TUL,OK,ASW,CE,Combined TRACON& Tower with Radar,84,84,16,0,184,1,0,8,0,9,85,84,24,0,193,0,0,0,193
06/29/2008,TUL,OK,ASW,CE,Combined TRACON& Tower with Radar,80,97,16,8,201,0,1,23,0,24,80,98,39,8,225,0,0,0,225
06/30/2008,TUL,OK,ASW,CE,Combined TRACON& Tower with Radar,76,116,36,54,282,0,4,23,5,32,76,120,59,59,314,0,72,72,386
07/01/2008,TUL,OK,ASW,CE,Combined TRACON& Tower with Radar,90,112,54,28,284,0,4,42,3,49,90,116,96,31,333,68,64,132,465
07/02/2008,TUL,OK,ASW,CE,Combined TRACON& Tower with Radar,94,115,52,74,335,0,2,32,3,37,94,117,84,77,372,8,108,116,488
07/03/2008,TUL,OK,ASW,CE,Combined TRACON& Tower with Radar,100,105,15,46,266,0,4,31,1,36,100,109,46,47,302,42,42,84,386
07/04/2008,TUL,OK,ASW,CE,Combined TRACON& Tower with Radar,59,73,19,1,152,0,0,9,2,11,59,73,28,3,163,68,4,72,235
07/05/2008,TUL,OK,ASW,CE,Combined TRACON& Tower with Radar,62,76,10,0,148,0,3,17,0,20,62,79,27,0,168,14,0,14,182
07/06/2008,TUL,OK,ASW,CE,Combined TRACON& Tower with Radar,77,99,20,0,196,0,1,20,0,21,77,100,40,0,217,0,0,0,217
07/07/2008,TUL,OK,ASW,CE,Combined TRACON& Tower with Radar,72,112,41,33,258,0,1,28,0,29,72,113,69,33,287,10,10,20,307
07/08/2008,TUL,OK,ASW,CE,Combined TRACON& Tower with Radar,99,107,58,46,310,0,4,39,5,48,99,111,97,51,358,18,44,62,420
07/09/2008,TUL,OK,ASW,CE,Combined TRACON& Tower with Radar,91,115,67,18,291,0,2,8,3,13,91,117,75,21,304,0,66,66,370
07/10/2008,TUL,OK,ASW,CE,Combined TRACON& Tower with Radar,90,118,66,23,297,0,1,14,10,25,90,119,80,33,322,60,12,72,394
07/11/2008,TUL,OK,ASW,CE,Combined TRACON& Tower with Radar,95,116,50,31,292,0,9,68,4,81,95,125,118,35,373,92,122,214,587
07/12/2008,TUL,OK,ASW,CE,Combined TRACON& Tower with Radar,77,88,34,15,214,0,3,8,12,23,77,91,42,27,237,38,12,50,287
07/13/2008,TUL,OK,ASW,CE,Combined TRACON& Tower with Radar,70,91,34,8,203,0,0,13,1,14,70,91,47,9,217,0,0,0,217
07/14/2008,TUL,OK,ASW,CE,Combined TRACON& Tower with Radar,81,103,55,30,269,0,3,42,9,54,81,106,97,39,323,26,34,60,383
07/15/2008,TUL,OK,ASW,CE,Combined TRACON& Tower with Radar,85,115,55,72,327,0,2,52,4,58,85,117,107,76,385,44,92,136,521
07/16/2008,TUL,OK,ASW,CE,Combined TRACON& Tower with Radar,87,111,66,61,325,0,4,47,6,57,87,115,113,67,382,4,40,44,426
07/17/2008,TUL,OK,ASW,CE,Combined TRACON& Tower with Radar,87,116,68,44,315,0,5,49,12,66,87,121,117,56,381,78,68,146,527
07/18/2008,TUL,OK,ASW,CE,Combined TRACON& Tower with Radar,89,115,60,55,319,0,1,29,4,34,89,116,89,59,353,102,74,176,529
07/19/2008,TUL,OK,ASW,CE,Combined TRACON& Tower with Radar,69,88,27,2,186,0,5,26,1,32,69,93,53,3,218,106,0,106,324
07/20/2008,TUL,OK,ASW,CE,Combined TRACON& Tower with Radar,75,91,28,7,201,0,0,26,1,27,75,91,54,8,228,0,0,0,228
07/21/2008,TUL,OK,ASW,CE,Combined TRACON& Tower with Radar,74,111,45,57,287,0,9,56,4,69,74,120,101,61,356,48,116,164,520
07/22/2008,TUL,OK,ASW,CE,Combined TRACON& Tower with Radar,84,104,54,62,304,1,8,56,4,69,85,112,110,66,373,120,152,272,645
07/23/2008,TUL,OK,ASW,CE,Combined TRACON& Tower with Radar,92,109,46,55,302,0,5,49,5,59,92,114,95,60,361,102,166,268,629
07/24/2008,TUL,OK,ASW,CE,Combined TRACON& Tower with Radar,87,113,58,64,322,0,4,54,15,73,87,117,112,79,395,62,92,154,549
07/25/2008,TUL,OK,ASW,CE,Combined TRACON& Tower with Radar,87,118,65,72,342,0,2,53,7,62,87,120,118,79,404,68,116,184,588
07/26/2008,TUL,OK,ASW,CE,Combined TRACON& Tower with Radar,71,90,34,0,195,0,0,20,0,20,71,90,54,0,215,72,0,72,287
07/27/2008,TUL,OK,ASW,CE,Combined TRACON& Tower with Radar,71,105,33,8,217,0,1,21,0,22,71,106,54,8,239,0,0,0,239
07/28/2008,TUL,OK,ASW,CE,Combined TRACON& Tower with Radar,77,99,47,101,324,0,6,56,5,67,77,105,103,106,391,22,82,104,495
07/29/2008,TUL,OK,ASW,CE,Combined TRACON& Tower with Radar,87,102,64,57,310,0,5,38,7,50,87,107,102,64,360,20,16,36,396
07/30/2008,TUL,OK,ASW,CE,Combined TRACON& Tower with Radar,81,115,52,44,292,0,6,23,2,31,81,121,75,46,323,22,118,140,463
07/31/2008,TUL,OK,ASW,CE,Combined TRACON& Tower with Radar,87,119,69,35,310,0,5,28,3,36,87,124,97,38,346,38,62,100,446
08/01/2008,TUL,OK,ASW,CE,Combined TRACON& Tower with Radar,94,109,66,35,304,0,3,39,2,44,94,112,105,37,348,26,54,80,428
08/02/2008,TUL,OK,ASW,CE,Combined TRACON& Tower with Radar,73,88,30,0,191,0,6,26,0,32,73,94,56,0,223,30,0,30,253
08/03/2008,TUL,OK,ASW,CE,Combined TRACON& Tower with Radar,68,95,31,6,200,0,1,11,3,15,68,96,42,9,215,18,0,18,233
08/04/2008,TUL,OK,ASW,CE,Combined TRACON& Tower with Radar,74,101,25,54,254,0,3,40,4,47,74,104,65,58,301,32,74,106,407
08/05/2008,TUL,OK,ASW,CE,Combined TRACON& Tower with Radar,87,96,54,46,283,0,3,38,5,46,87,99,92,51,329,14,66,80,409
08/06/2008,TUL,OK,ASW,CE,Combined TRACON& Tower with Radar,92,111,62,37,302,0,9,33,19,61,92,120,95,56,363,10,6,16,379
08/07/2008,TUL,OK,ASW,CE,Combined TRACON& Tower with Radar,92,108,50,29,279,0,3,29,14,46,92,111,79,43,325,22,46,68,393
08/08/2008,TUL,OK,ASW,CE,Combined TRACON& Tower with Radar,85,110,53,32,280,0,3,30,10,43,85,113,83,42,323,54,36,90,413
08/09/2008,TUL,OK,ASW,CE,Combined TRACON& Tower with Radar,75,84,24,17,200,0,3,8,1,12,75,87,32,18,212,34,24,58,270
08/10/2008,TUL,OK,ASW,CE,Combined TRACON& Tower with Radar,74,94,30,1,199,0,2,2,1,5,74,96,32,2,204,0,0,0,204
08/11/2008,TUL,OK,ASW,CE,Combined TRACON& Tower with Radar,79,107,33,17,236,0,0,5,3,8,79,107,38,20,244,0,22,22,266
08/12/2008,TUL,OK,ASW,CE,Combined TRACON& Tower with Radar,93,117,51,34,295,0,1,12,4,17,93,118,63,38,312,26,46,72,384
08/13/2008,TUL,OK,ASW,CE,Combined TRACON& Tower with Radar,96,112,57,111,376,0,5,55,20,80,96,117,112,131,456,22,60,82,538
08/14/2008,TUL,OK,ASW,CE,Combined TRACON& Tower with Radar,88,113,51,31,283,0,5,31,9,45,88,118,82,40,328,48,46,94,422
08/15/2008,TUL,OK,ASW,CE,Combined TRACON& Tower with Radar,87,119,44,19,269,0,4,15,2,21,87,123,59,21,290,42,22,64,354
08/16/2008,TUL,OK,ASW,CE,Combined TRACON& Tower with Radar,76,84,20,2,182,0,0,8,1,9,76,84,28,3,191,16,0,16,207
08/17/2008,TUL,OK,ASW,CE,Combined TRACON& Tower with Radar,74,97,34,4,209,0,0,20,3,23,74,97,54,7,232,2,0,2,234
08/18/2008,TUL,OK,ASW,CE,Combined TRACON& Tower with Radar,77,103,40,85,305,0,0,13,5,18,77,103,53,90,323,42,84,126,449
08/19/2008,TUL,OK,ASW,CE,Combined TRACON& Tower with Radar,93,114,67,53,327,0,0,25,12,37,93,114,92,65,364,90,210,300,664
08/20/2008,TUL,OK,ASW,CE,Combined TRACON& Tower with Radar,90,110,65,22,287,0,0,5,11,16,90,110,70,33,303,0,62,62,365
08/21/2008,TUL,OK,ASW,CE,Combined TRACON& Tower with Radar,93,98,59,21,271,0,8,30,6,44,93,106,89,27,315,26,0,26,341
08/22/2008,TUL,OK,ASW,CE,Combined TRACON& Tower with Radar,95,108,73,13,289,0,6,49,4,59,95,114,122,17,348,44,12,56,404
08/23/2008,TUL,OK,ASW,CE,Combined TRACON& Tower with Radar,72,74,33,0,179,0,5,30,4,39,72,79,63,4,218,48,14,62,280
08/24/2008,TUL,OK,ASW,CE,Combined TRACON& Tower with Radar,66,82,24,5,177,0,4,14,3,21,66,86,38,8,198,12,0,12,210
08/25/2008,TUL,OK,ASW,CE,Combined TRACON& Tower with Radar,82,94,48,19,243,0,1,32,5,38,82,95,80,24,281,22,28,50,331
08/26/2008,TUL,OK,ASW,CE,Combined TRACON& Tower with Radar,82,96,56,18,252,0,2,28,2,32,82,98,84,20,284,24,36,60,344
08/27/2008,TUL,OK,ASW,CE,Combined TRACON& Tower with Radar,94,105,42,21,262,0,3,34,6,43,94,108,76,27,305,70,18,88,393
08/28/2008,TUL,OK,ASW,CE,Combined TRACON& Tower with Radar,90,96,70,22,278,0,3,36,5,44,90,99,106,27,322,36,69,105,427
08/29/2008,TUL,OK,ASW,CE,Combined TRACON& Tower with Radar,96,100,71,28,295,0,7,29,3,39,96,107,100,31,334,28,100,128,462
08/30/2008,TUL,OK,ASW,CE,Combined TRACON& Tower with Radar,73,72,32,0,177,0,8,23,0,31,73,80,55,0,208,54,0,54,262
08/31/2008,TUL,OK,ASW,CE,Combined TRACON& Tower with Radar,62,68,18,0,148,0,0,9,0,9,62,68,27,0,157,12,0,12,169
09/01/2008,TUL,OK,ASW,CE,Combined TRACON& Tower with Radar,61,85,21,2,169,0,3,26,0,29,61,88,47,2,198,0,0,0,198
09/02/2008,TUL,OK,ASW,CE,Combined TRACON& Tower with Radar,76,98,31,22,227,0,5,24,1,30,76,103,55,23,257,20,46,66,323
09/03/2008,TUL,OK,ASW,CE,Combined TRACON& Tower with Radar,80,86,35,24,225,0,0,2,3,5,80,86,37,27,230,0,18,18,248
09/04/2008,TUL,OK,ASW,CE,Combined TRACON& Tower with Radar,90,92,45,23,250,0,5,9,5,19,90,97,54,28,269,0,0,0,269
09/05/2008,TUL,OK,ASW,CE,Combined TRACON& Tower with Radar,83,92,56,22,253,0,5,43,15,63,83,97,99,37,316,52,12,64,380
09/06/2008,TUL,OK,ASW,CE,Combined TRACON& Tower with Radar,70,60,29,2,161,0,6,14,7,27,70,66,43,9,188,26,0,26,214
09/07/2008,TUL,OK,ASW,CE,Combined TRACON& Tower with Radar,67,74,52,6,199,0,2,12,5,19,67,76,64,11,218,0,0,0,218
09/08/2008,TUL,OK,ASW,CE,Combined TRACON& Tower with Radar,76,90,28,74,268,0,3,25,8,36,76,93,53,82,304,14,74,88,392
09/09/2008,TUL,OK,ASW,CE,Combined TRACON& Tower with Radar,86,92,59,46,283,0,2,13,3,18,86,94,72,49,301,12,20,32,333
09/10/2008,TUL,OK,ASW,CE,Combined TRACON& Tower with Radar,92,109,59,36,296,0,0,2,12,14,92,109,61,48,310,2,160,162,472
09/11/2008,TUL,OK,ASW,CE,Combined TRACON& Tower with Radar,87,99,79,21,286,0,0,0,5,5,87,99,79,26,291,0,12,12,303
09/12/2008,TUL,OK,ASW,CE,Combined TRACON& Tower with Radar,90,109,70,78,347,0,8,28,3,39,90,117,98,81,386,40,108,148,534
09/13/2008,TUL,OK,ASW,CE,Combined TRACON& Tower with Radar,53,45,31,0,129,0,3,1,0,4,53,48,32,0,133,0,0,0,133
09/14/2008,TUL,OK,ASW,CE,Combined TRACON& Tower with Radar,60,70,23,18,171,0,2,9,1,12,60,72,32,19,183,0,0,0,183
09/15/2008,TUL,OK,ASW,CE,Combined TRACON& Tower with Radar,67,92,51,18,228,0,5,23,2,30,67,97,74,20,258,14,28,42,300
09/16/2008,TUL,OK,ASW,CE,Combined TRACON& Tower with Radar,78,87,48,52,265,0,6,53,6,65,78,93,101,58,330,24,52,76,406
09/17/2008,TUL,OK,ASW,CE,Combined TRACON& Tower with Radar,79,82,76,15,252,0,3,56,5,64,79,85,132,20,316,4,50,54,370
09/18/2008,TUL,OK,ASW,CE,Combined TRACON& Tower with Radar,81,87,77,39,284,0,6,55,6,67,81,93,132,45,351,38,38,76,427
09/19/2008,TUL,OK,ASW,CE,Combined TRACON& Tower with Radar,90,94,44,12,240,0,3,31,5,39,90,97,75,17,279,16,22,38,317
09/20/2008,TUL,OK,ASW,CE,Combined TRACON& Tower with Radar,67,60,24,4,155,0,2,30,2,34,67,62,54,6,189,38,0,38,227
09/21/2008,TUL,OK,ASW,CE,Combined TRACON& Tower with Radar,67,83,35,8,193,0,2,25,2,29,67,85,60,10,222,6,10,16,238
09/22/2008,TUL,OK,ASW,CE,Combined TRACON& Tower with Radar,70,98,48,12,228,0,3,32,0,35,70,101,80,12,263,8,14,22,285
09/23/2008,TUL,OK,ASW,CE,Combined TRACON& Tower with Radar,80,93,49,28,250,0,5,29,4,38,80,98,78,32,288,18,84,102,390
09/24/2008,TUL,OK,ASW,CE,Combined TRACON& Tower with Radar,80,93,55,53,281,0,6,46,10,62,80,99,101,63,343,60,92,152,495
09/25/2008,TUL,OK,ASW,CE,Combined TRACON& Tower with Radar,86,104,60,77,327,0,6,40,7,53,86,110,100,84,380,44,96,140,520
09/26/2008,TUL,OK,ASW,CE,Combined TRACON& Tower with Radar,88,91,48,13,240,0,4,40,2,46,88,95,88,15,286,24,46,70,356
09/27/2008,TUL,OK,ASW,CE,Combined TRACON& Tower with Radar,63,63,33,2,161,0,0,36,2,38,63,63,69,4,199,8,0,8,207
09/28/2008,TUL,OK,ASW,CE,Combined TRACON& Tower with Radar,62,84,29,0,175,0,0,32,0,32,62,84,61,0,207,0,0,0,207
09/29/2008,TUL,OK,ASW,CE,Combined TRACON& Tower with Radar,73,82,47,29,231,0,0,34,4,38,73,82,81,33,269,14,24,38,307
09/30/2008,TUL,OK,ASW,CE,Combined TRACON& Tower with Radar,84,90,41,45,260,0,1,40,5,46,84,91,81,50,306,24,54,78,384
10/01/2008,TUL,OK,ASW,CE,Combined TRACON& Tower with Radar,91,89,41,58,279,0,4,49,3,56,91,93,90,61,335,22,78,100,435
10/02/2008,TUL,OK,ASW,CE,Combined TRACON& Tower with Radar,83,93,37,16,229,0,5,40,0,45,83,98,77,16,274,50,4,54,328
10/03/2008,TUL,OK,ASW,CE,Combined TRACON& Tower with Radar,83,92,51,4,230,0,2,47,3,52,83,94,98,7,282,6,4,10,292
10/04/2008,TUL,OK,ASW,CE,Combined TRACON& Tower with Radar,59,62,21,9,151,0,0,28,0,28,59,62,49,9,179,0,14,14,193
10/05/2008,TUL,OK,ASW,CE,Combined TRACON& Tower with Radar,61,78,29,3,171,0,8,16,1,25,61,86,45,4,196,8,12,20,216
10/06/2008,TUL,OK,ASW,CE,Combined TRACON& Tower with Radar,71,89,26,5,191,0,4,7,1,12,71,93,33,6,203,0,0,0,203
10/07/2008,TUL,OK,ASW,CE,Combined TRACON& Tower with Radar,77,85,56,26,244,0,2,8,0,10,77,87,64,26,254,22,26,48,302
10/08/2008,TUL,OK,ASW,CE,Combined TRACON& Tower with Radar,79,85,56,34,254,0,3,52,4,59,79,88,108,38,313,26,22,48,361
10/09/2008,TUL,OK,ASW,CE,Combined TRACON& Tower with Radar,85,97,59,52,293,0,12,52,13,77,85,109,111,65,370,92,82,174,544
10/10/2008,TUL,OK,ASW,CE,Combined TRACON& Tower with Radar,83,96,59,26,264,0,4,33,3,40,83,100,92,29,304,26,32,58,362
10/11/2008,TUL,OK,ASW,CE,Combined TRACON& Tower with Radar,65,68,31,6,170,0,1,32,0,33,65,69,63,6,203,0,0,0,203
10/12/2008,TUL,OK,ASW,CE,Combined TRACON& Tower with Radar,60,80,26,4,170,0,1,15,0,16,60,81,41,4,186,0,6,6,192
10/13/2008,TUL,OK,ASW,CE,Combined TRACON& Tower with Radar,70,96,63,0,229,0,5,6,0,11,70,101,69,0,240,0,0,0,240
10/14/2008,TUL,OK,ASW,CE,Combined TRACON& Tower with Radar,80,94,67,50,291,0,0,5,0,5,80,94,72,50,296,2,28,30,326
10/15/2008,TUL,OK,ASW,CE,Combined TRACON& Tower with Radar,86,92,79,52,309,0,0,1,12,13,86,92,80,64,322,14,112,126,448
10/16/2008,TUL,OK,ASW,CE,Combined TRACON& Tower with Radar,84,97,51,56,288,0,5,32,24,61,84,102,83,80,349,16,42,58,407
10/17/2008,TUL,OK,ASW,CE,Combined TRACON& Tower with Radar,97,105,48,31,281,0,11,34,9,54,97,116,82,40,335,82,44,126,461
10/18/2008,TUL,OK,ASW,CE,Combined TRACON& Tower with Radar,67,55,24,6,152,0,1,44,0,45,67,56,68,6,197,32,0,32,229
10/19/2008,TUL,OK,ASW,CE,Combined TRACON& Tower with Radar,62,81,36,7,186,0,0,31,0,31,62,81,67,7,217,0,0,0,217
10/20/2008,TUL,OK,ASW,CE,Combined TRACON& Tower with Radar,77,91,52,20,240,0,6,36,0,42,77,97,88,20,282,102,0,102,384
10/21/2008,TUL,OK,ASW,CE,Combined TRACON& Tower with Radar,80,85,73,46,284,0,5,30,5,40,80,90,103,51,324,24,120,144,468
10/22/2008,TUL,OK,ASW,CE,Combined TRACON& Tower with Radar,81,87,38,9,215,0,7,7,3,17,81,94,45,12,232,16,22,38,270
10/23/2008,TUL,OK,ASW,CE,Combined TRACON& Tower with Radar,86,97,73,21,277,0,2,37,5,44,86,99,110,26,321,16,54,70,391
10/24/2008,TUL,OK,ASW,CE,Combined TRACON& Tower with Radar,84,96,45,33,258,0,1,34,7,42,84,97,79,40,300,72,14,86,386
10/25/2008,TUL,OK,ASW,CE,Combined TRACON& Tower with Radar,68,63,26,3,160,0,2,25,1,28,68,65,51,4,188,6,0,6,194
10/26/2008,TUL,OK,ASW,CE,Combined TRACON& Tower with Radar,57,74,35,2,168,0,2,14,0,16,57,76,49,2,184,0,0,0,184
10/27/2008,TUL,OK,ASW,CE,Combined TRACON& Tower with Radar,78,84,46,29,237,0,3,29,3,35,78,87,75,32,272,0,0,0,272
10/28/2008,TUL,OK,ASW,CE,Combined TRACON& Tower with Radar,78,86,53,16,233,0,9,31,2,42,78,95,84,18,275,64,8,72,347
10/29/2008,TUL,OK,ASW,CE,Combined TRACON& Tower with Radar,81,84,59,20,244,0,5,48,3,56,81,89,107,23,300,48,54,102,402
10/30/2008,TUL,OK,ASW,CE,Combined TRACON& Tower with Radar,78,90,50,38,256,0,16,48,8,72,78,106,98,46,328,2,40,42,370
10/31/2008,TUL,OK,ASW,CE,Combined TRACON& Tower with Radar,89,87,49,19,244,0,10,44,5,59,89,97,93,24,303,30,14,44,347
11/01/2008,TUL,OK,ASW,CE,Combined TRACON& Tower with Radar,60,57,36,2,155,0,1,38,1,40,60,58,74,3,195,32,0,32,227
11/02/2008,TUL,OK,ASW,CE,Combined TRACON& Tower with Radar,67,79,25,1,172,0,3,28,2,33,67,82,53,3,205,24,0,24,229
11/03/2008,TUL,OK,ASW,CE,Combined TRACON& Tower with Radar,74,91,49,26,240,0,1,36,0,37,74,92,85,26,277,0,18,18,295
11/04/2008,TUL,OK,ASW,CE,Combined TRACON& Tower with Radar,82,80,56,46,264,0,8,34,4,46,82,88,90,50,310,4,40,44,354
11/05/2008,TUL,OK,ASW,CE,Combined TRACON& Tower with Radar,84,85,47,18,234,0,3,8,1,12,84,88,55,19,246,0,6,6,252
11/06/2008,TUL,OK,ASW,CE,Combined TRACON& Tower with Radar,86,96,66,21,269,0,5,36,1,42,86,101,102,22,311,42,10,52,363
11/07/2008,TUL,OK,ASW,CE,Combined TRACON& Tower with Radar,85,90,57,30,262,0,3,38,4,45,85,93,95,34,307,6,30,36,343
11/08/2008,TUL,OK,ASW,CE,Combined TRACON& Tower with Radar,63,66,22,2,153,0,2,48,0,50,63,68,70,2,203,48,0,48,251
11/09/2008,TUL,OK,ASW,CE,Combined TRACON& Tower with Radar,62,81,36,0,179,0,1,32,0,33,62,82,68,0,212,0,0,0,212
11/10/2008,TUL,OK,ASW,CE,Combined TRACON& Tower with Radar,83,96,39,2,220,0,2,1,0,3,83,98,40,2,223,0,0,0,223
11/11/2008,TUL,OK,ASW,CE,Combined TRACON& Tower with Radar,83,100,66,2,251,0,0,3,4,7,83,100,69,6,258,4,0,4,262
11/12/2008,TUL,OK,ASW,CE,Combined TRACON& Tower with Radar,79,98,69,51,297,0,5,17,1,23,79,103,86,52,320,0,54,54,374
11/13/2008,TUL,OK,ASW,CE,Combined TRACON& Tower with Radar,86,92,65,46,289,0,5,56,0,61,86,97,121,46,350,36,32,68,418
11/14/2008,TUL,OK,ASW,CE,Combined TRACON& Tower with Radar,87,98,46,43,274,0,1,30,3,34,87,99,76,46,308,134,46,180,488
11/15/2008,TUL,OK,ASW,CE,Combined TRACON& Tower with Radar,66,69,25,7,167,0,1,22,2,25,66,70,47,9,192,26,4,30,222
11/16/2008,TUL,OK,ASW,CE,Combined TRACON& Tower with Radar,70,74,37,11,192,0,5,42,3,50,70,79,79,14,242,22,30,52,294
11/17/2008,TUL,OK,ASW,CE,Combined TRACON& Tower with Radar,75,96,59,60,290,0,0,51,1,52,75,96,110,61,342,30,70,100,442
11/18/2008,TUL,OK,ASW,CE,Combined TRACON& Tower with Radar,91,92,60,58,301,0,5,46,3,54,91,97,106,61,355,42,68,110,465
11/19/2008,TUL,OK,ASW,CE,Combined TRACON& Tower with Radar,76,85,57,46,264,0,4,31,2,37,76,89,88,48,301,36,66,102,403
11/20/2008,TUL,OK,ASW,CE,Combined TRACON& Tower with Radar,82,99,62,49,292,0,8,27,6,41,82,107,89,55,333,16,18,34,367
11/21/2008,TUL,OK,ASW,CE,Combined TRACON& Tower with Radar,90,95,39,0,224,0,2,31,9,42,90,97,70,9,266,16,10,26,292
11/22/2008,TUL,OK,ASW,CE,Combined TRACON& Tower with Radar,73,62,24,0,159,0,0,30,0,30,73,62,54,0,189,32,0,32,221
11/23/2008,TUL,OK,ASW,CE,Combined TRACON& Tower with Radar,76,77,26,0,179,0,1,10,0,11,76,78,36,0,190,0,0,0,190
11/24/2008,TUL,OK,ASW,CE,Combined TRACON& Tower with Radar,70,92,40,51,253,0,1,29,3,33,70,93,69,54,286,22,28,50,336
11/25/2008,TUL,OK,ASW,CE,Combined TRACON& Tower with Radar,86,102,67,32,287,0,8,39,6,53,86,110,106,38,340,44,34,78,418
11/26/2008,TUL,OK,ASW,CE,Combined TRACON& Tower with Radar,91,99,43,9,242,0,1,39,1,41,91,100,82,10,283,0,0,0,283
11/27/2008,TUL,OK,ASW,CE,Combined TRACON& Tower with Radar,50,54,2,0,106,0,1,13,0,14,50,55,15,0,120,0,0,0,120
11/28/2008,TUL,OK,ASW,CE,Combined TRACON& Tower with Radar,60,58,22,1,141,0,2,11,2,15,60,60,33,3,156,8,0,8,164
11/29/2008,TUL,OK,ASW,CE,Combined TRACON& Tower with Radar,59,80,29,0,168,0,1,11,0,12,59,81,40,0,180,0,0,0,180
11/30/2008,TUL,OK,ASW,CE,Combined TRACON& Tower with Radar,64,88,53,0,205,0,0,4,0,4,64,88,57,0,209,0,0,0,209
12/01/2008,TUL,OK,ASW,CE,Combined TRACON& Tower with Radar,74,91,54,20,239,0,1,20,3,24,74,92,74,23,263,24,12,36,299
12/02/2008,TUL,OK,ASW,CE,Combined TRACON& Tower with Radar,89,88,70,44,291,0,7,35,11,53,89,95,105,55,344,22,56,78,422
12/03/2008,TUL,OK,ASW,CE,Combined TRACON& Tower with Radar,93,98,65,71,327,0,3,19,0,22,93,101,84,71,349,18,104,122,471
12/04/2008,TUL,OK,ASW,CE,Combined TRACON& Tower with Radar,86,104,52,44,286,0,4,24,0,28,86,108,76,44,314,82,72,154,468
12/05/2008,TUL,OK,ASW,CE,Combined TRACON& Tower with Radar,96,95,51,42,284,0,3,38,9,50,96,98,89,51,334,52,64,116,450
12/06/2008,TUL,OK,ASW,CE,Combined TRACON& Tower with Radar,67,63,30,2,162,3,5,34,3,45,70,68,64,5,207,22,2,24,231
12/07/2008,TUL,OK,ASW,CE,Combined TRACON& Tower with Radar,61,77,27,24,189,0,4,40,0,44,61,81,67,24,233,4,10,14,247
12/08/2008,TUL,OK,ASW,CE,Combined TRACON& Tower with Radar,69,95,41,45,250,0,0,7,0,7,69,95,48,45,257,6,54,60,317
12/09/2008,TUL,OK,ASW,CE,Combined TRACON& Tower with Radar,81,84,29,6,200,0,1,0,0,1,81,85,29,6,201,0,0,0,201
12/10/2008,TUL,OK,ASW,CE,Combined TRACON& Tower with Radar,81,98,66,11,256,0,2,27,6,35,81,100,93,17,291,0,0,0,291
12/11/2008,TUL,OK,ASW,CE,Combined TRACON& Tower with Radar,82,95,58,74,309,0,4,46,12,62,82,99,104,86,371,16,74,90,461
12/12/2008,TUL,OK,ASW,CE,Combined TRACON& Tower with Radar,87,87,51,53,278,0,5,64,0,69,87,92,115,53,347,74,78,152,499
12/13/2008,TUL,OK,ASW,CE,Combined TRACON& Tower with Radar,68,67,25,5,165,0,0,11,0,11,68,67,36,5,176,20,0,20,196
12/14/2008,TUL,OK,ASW,CE,Combined TRACON& Tower with Radar,66,78,27,7,178,0,0,10,0,10,66,78,37,7,188,0,0,0,188
12/15/2008,TUL,OK,ASW,CE,Combined TRACON& Tower with Radar,74,78,37,36,225,0,1,7,4,12,74,79,44,40,237,0,48,48,285
12/16/2008,TUL,OK,ASW,CE,Combined TRACON& Tower with Radar,82,90,27,0,199,0,0,0,0,0,82,90,27,0,199,0,0,0,199
12/17/2008,TUL,OK,ASW,CE,Combined TRACON& Tower with Radar,88,94,55,8,245,0,1,0,0,1,88,95,55,8,246,0,58,58,304
12/18/2008,TUL,OK,ASW,CE,Combined TRACON& Tower with Radar,82,89,43,1,215,0,0,0,0,0,82,89,43,1,215,0,0,0,215
12/19/2008,TUL,OK,ASW,CE,Combined TRACON& Tower with Radar,95,105,61,34,295,0,3,73,7,83,95,108,134,41,378,190,74,264,642
12/20/2008,TUL,OK,ASW,CE,Combined TRACON& Tower with Radar,72,78,33,6,189,0,1,19,0,20,72,79,52,6,209,12,0,12,221
12/21/2008,TUL,OK,ASW,CE,Combined TRACON& Tower with Radar,65,79,24,6,174,0,0,27,4,31,65,79,51,10,205,0,0,0,205
12/22/2008,TUL,OK,ASW,CE,Combined TRACON& Tower with Radar,71,91,40,67,269,0,1,18,5,24,71,92,58,72,293,82,90,172,465
12/23/2008,TUL,OK,ASW,CE,Combined TRACON& Tower with Radar,80,106,33,1,220,0,1,2,0,3,80,107,35,1,223,0,0,0,223
12/24/2008,TUL,OK,ASW,CE,Combined TRACON& Tower with Radar,76,79,15,0,170,0,4,25,0,29,76,83,40,0,199,12,0,12,211
12/25/2008,TUL,OK,ASW,CE,Combined TRACON& Tower with Radar,60,54,8,0,122,0,0,8,0,8,60,54,16,0,130,0,0,0,130
12/26/2008,TUL,OK,ASW,CE,Combined TRACON& Tower with Radar,73,85,29,0,187,0,2,4,0,6,73,87,33,0,193,4,0,4,197
12/27/2008,TUL,OK,ASW,CE,Combined TRACON& Tower with Radar,60,101,29,0,190,0,1,19,0,20,60,102,48,0,210,10,0,10,220
12/28/2008,TUL,OK,ASW,CE,Combined TRACON& Tower with Radar,70,71,21,0,162,0,0,26,0,26,70,71,47,0,188,16,0,16,204
12/29/2008,TUL,OK,ASW,CE,Combined TRACON& Tower with Radar,74,89,38,18,219,0,10,51,0,61,74,99,89,18,280,24,26,50,330
12/30/2008,TUL,OK,ASW,CE,Combined TRACON& Tower with Radar,80,84,38,12,214,0,1,46,4,51,80,85,84,16,265,66,34,100,365
12/31/2008,TUL,OK,ASW,CE,Combined TRACON& Tower with Radar,76,82,32,7,197,0,2,26,4,32,76,84,58,11,229,66,20,86,315
01/01/2009,TUL,OK,ASW,CE,Combined TRACON& Tower with Radar,61,70,6,0,137,0,0,18,0,18,61,70,24,0,155,2,0,2,157
01/02/2009,TUL,OK,ASW,CE,Combined TRACON& Tower with Radar,81,94,42,1,218,0,5,7,3,15,81,99,49,4,233,26,2,28,261
01/03/2009,TUL,OK,ASW,CE,Combined TRACON& Tower with Radar,70,77,43,0,190,0,0,21,0,21,70,77,64,0,211,28,0,28,239
01/04/2009,TUL,OK,ASW,CE,Combined TRACON& Tower with Radar,72,94,35,0,201,0,1,13,0,14,72,95,48,0,215,18,0,18,233
01/05/2009,TUL,OK,ASW,CE,Combined TRACON& Tower with Radar,78,83,26,24,211,0,0,19,0,19,78,83,45,24,230,48,6,54,284
01/06/2009,TUL,OK,ASW,CE,Combined TRACON& Tower with Radar,89,92,42,68,291,0,4,11,3,18,89,96,53,71,309,2,46,48,357
01/07/2009,TUL,OK,ASW,CE,Combined TRACON& Tower with Radar,90,84,60,65,299,0,4,35,6,45,90,88,95,71,344,22,114,136,480
01/08/2009,TUL,OK,ASW,CE,Combined TRACON& Tower with Radar,91,84,42,53,270,0,6,43,4,53,91,90,85,57,323,58,100,158,481
01/09/2009,TUL,OK,ASW,CE,Combined TRACON& Tower with Radar,87,87,41,67,282,0,2,18,5,25,87,89,59,72,307,0,104,104,411
01/10/2009,TUL,OK,ASW,CE,Combined TRACON& Tower with Radar,69,67,26,5,167,0,5,16,5,26,69,72,42,10,193,6,2,8,201
01/11/2009,TUL,OK,ASW,CE,Combined TRACON& Tower with Radar,61,82,40,1,184,0,3,33,1,37,61,85,73,2,221,8,4,12,233
01/12/2009,TUL,OK,ASW,CE,Combined TRACON& Tower with Radar,88,83,19,57,247,0,3,28,2,33,88,86,47,59,280,44,78,122,402
01/13/2009,TUL,OK,ASW,CE,Combined TRACON& Tower with Radar,79,86,40,74,279,0,2,37,8,47,79,88,77,82,326,34,74,108,434
01/14/2009,TUL,OK,ASW,CE,Combined TRACON& Tower with Radar,82,72,38,49,241,0,4,34,8,46,82,76,72,57,287,50,116,166,453
01/15/2009,TUL,OK,ASW,CE,Combined TRACON& Tower with Radar,77,91,30,24,222,0,1,16,5,22,77,92,46,29,244,12,74,86,330
01/16/2009,TUL,OK,ASW,CE,Combined TRACON& Tower with Radar,79,93,49,53,274,0,8,35,9,52,79,101,84,62,326,30,58,88,414
01/17/2009,TUL,OK,ASW,CE,Combined TRACON& Tower with Radar,55,76,47,0,178,0,3,24,4,31,55,79,71,4,209,30,0,30,239
01/18/2009,TUL,OK,ASW,CE,Combined TRACON& Tower with Radar,67,89,41,0,197,0,2,23,2,27,67,91,64,2,224,54,0,54,278
01/19/2009,TUL,OK,ASW,CE,Combined TRACON& Tower with Radar,74,77,46,0,197,0,0,32,0,32,74,77,78,0,229,18,0,18,247
01/20/2009,TUL,OK,ASW,CE,Combined TRACON& Tower with Radar,83,82,46,68,279,0,7,23,0,30,83,89,69,68,309,60,80,140,449
01/21/2009,TUL,OK,ASW,CE,Combined TRACON& Tower with Radar,78,76,41,52,247,0,5,60,6,71,78,81,101,58,318,72,80,152,470
01/22/2009,TUL,OK,ASW,CE,Combined TRACON& Tower with Radar,73,77,47,25,222,0,5,49,5,59,73,82,96,30,281,52,34,86,367
01/23/2009,TUL,OK,ASW,CE,Combined TRACON& Tower with Radar,74,75,40,4,193,0,2,43,5,50,74,77,83,9,243,14,8,22,265
01/24/2009,TUL,OK,ASW,CE,Combined TRACON& Tower with Radar,50,59,28,36,173,0,4,41,6,51,50,63,69,42,224,120,26,146,370
01/25/2009,TUL,OK,ASW,CE,Combined TRACON& Tower with Radar,59,80,28,1,168,0,0,17,5,22,59,80,45,6,190,8,0,8,198
01/26/2009,TUL,OK,ASW,CE,Combined TRACON& Tower with Radar,53,56,31,6,146,0,2,0,0,2,53,58,31,6,148,22,0,22,170
01/27/2009,TUL,OK,ASW,CE,Combined TRACON& Tower with Radar,25,16,13,0,54,0,0,0,0,0,25,16,13,0,54,0,0,0,54
01/28/2009,TUL,OK,ASW,CE,Combined TRACON& Tower with Radar,76,66,41,0,183,0,10,8,3,21,76,76,49,3,204,0,6,6,210
01/29/2009,TUL,OK,ASW,CE,Combined TRACON& Tower with Radar,85,95,46,4,230,0,2,35,9,46,85,97,81,13,276,0,56,56,332
01/30/2009,TUL,OK,ASW,CE,Combined TRACON& Tower with Radar,91,89,45,19,244,0,6,40,4,50,91,95,85,23,294,36,4,40,334
01/31/2009,TUL,OK,ASW,CE,Combined TRACON& Tower with Radar,51,60,26,9,146,0,4,48,1,53,51,64,74,10,199,150,10,160,359
02/01/2009,TUL,OK,ASW,CE,Combined TRACON& Tower with Radar,60,84,17,3,164,0,1,18,1,20,60,85,35,4,184,4,0,4,188
02/02/2009,TUL,OK,ASW,CE,Combined TRACON& Tower with Radar,75,79,47,19,220,0,4,41,7,52,75,83,88,26,272,16,56,72,344
02/03/2009,TUL,OK,ASW,CE,Combined TRACON& Tower with Radar,75,77,53,55,260,0,6,39,6,51,75,83,92,61,311,46,90,136,447
02/04/2009,TUL,OK,ASW,CE,Combined TRACON& Tower with Radar,75,77,56,27,235,0,5,54,14,73,75,82,110,41,308,102,80,182,490
02/05/2009,TUL,OK,ASW,CE,Combined TRACON& Tower with Radar,72,73,59,41,245,0,4,48,7,59,72,77,107,48,304,58,68,126,430
02/06/2009,TUL,OK,ASW,CE,Combined TRACON& Tower with Radar,86,69,61,22,238,0,4,35,5,44,86,73,96,27,282,20,32,52,334
02/07/2009,TUL,OK,ASW,CE,Combined TRACON& Tower with Radar,50,67,28,8,153,0,3,19,6,28,50,70,47,14,181,2,6,8,189
02/08/2009,TUL,OK,ASW,CE,Combined TRACON& Tower with Radar,51,75,26,12,164,0,0,10,4,14,51,75,36,16,178,0,6,6,184
02/09/2009,TUL,OK,ASW,CE,Combined TRACON& Tower with Radar,66,76,23,32,197,0,5,13,5,23,66,81,36,37,220,0,0,0,220
02/10/2009,TUL,OK,ASW,CE,Combined TRACON& Tower with Radar,77,74,34,13,198,0,3,21,0,24,77,77,55,13,222,10,30,40,262
02/11/2009,TUL,OK,ASW,CE,Combined TRACON& Tower with Radar,77,82,50,39,248,0,9,22,4,35,77,91,72,43,283,58,62,120,403
02/12/2009,TUL,OK,ASW,CE,Combined TRACON& Tower with Radar,85,96,66,53,300,0,7,50,3,60,85,103,116,56,360,88,106,194,554
02/13/2009,TUL,OK,ASW,CE,Combined TRACON& Tower with Radar,79,85,46,15,225,0,2,41,5,48,79,87,87,20,273,14,6,20,293
02/14/2009,TUL,OK,ASW,CE,Combined TRACON& Tower with Radar,50,66,15,1,132,0,0,16,0,16,50,66,31,1,148,0,0,0,148
02/15/2009,TUL,OK,ASW,CE,Combined TRACON& Tower with Radar,55,85,20,0,160,0,0,14,0,14,55,85,34,0,174,0,0,0,174
02/16/2009,TUL,OK,ASW,CE,Combined TRACON& Tower with Radar,71,76,64,2,213,0,1,54,0,55,71,77,118,2,268,124,20,144,412
02/17/2009,TUL,OK,ASW,CE,Combined TRACON& Tower with Radar,78,79,42,47,246,0,2,12,0,14,78,81,54,47,260,42,64,106,366
02/18/2009,TUL,OK,ASW,CE,Combined TRACON& Tower with Radar,80,77,31,49,237,0,1,36,5,42,80,78,67,54,279,0,32,32,311
02/19/2009,TUL,OK,ASW,CE,Combined TRACON& Tower with Radar,76,80,51,65,272,0,2,31,12,45,76,82,82,77,317,90,82,172,489
02/20/2009,TUL,OK,ASW,CE,Combined TRACON& Tower with Radar,76,82,43,38,239,0,3,40,11,54,76,85,83,49,293,22,48,70,363
02/21/2009,TUL,OK,ASW,CE,Combined TRACON& Tower with Radar,51,64,21,0,136,0,0,18,0,18,51,64,39,0,154,206,0,206,360
02/22/2009,TUL,OK,ASW,CE,Combined TRACON& Tower with Radar,57,79,39,2,177,0,0,29,1,30,57,79,68,3,207,40,0,40,247
02/23/2009,TUL,OK,ASW,CE,Combined TRACON& Tower with Radar,68,79,47,66,260,0,4,23,1,28,68,83,70,67,288,20,72,92,380
02/24/2009,TUL,OK,ASW,CE,Combined TRACON& Tower with Radar,78,73,60,45,256,0,1,19,9,29,78,74,79,54,285,34,44,78,363
02/25/2009,TUL,OK,ASW,CE,Combined TRACON& Tower with Radar,80,70,58,34,242,0,3,36,6,45,80,73,94,40,287,26,52,78,365
02/26/2009,TUL,OK,ASW,CE,Combined TRACON& Tower with Radar,76,83,42,19,220,0,6,15,5,26,76,89,57,24,246,0,38,38,284
02/27/2009,TUL,OK,ASW,CE,Combined TRACON& Tower with Radar,79,85,52,17,233,0,1,24,7,32,79,86,76,24,265,44,40,84,349
02/28/2009,TUL,OK,ASW,CE,Combined TRACON& Tower with Radar,49,68,21,2,140,0,0,11,0,11,49,68,32,2,151,170,0,170,321
03/01/2009,TUL,OK,ASW,CE,Combined TRACON& Tower with Radar,56,77,28,9,170,0,1,29,0,30,56,78,57,9,200,6,4,10,210
03/02/2009,TUL,OK,ASW,CE,Combined TRACON& Tower with Radar,68,77,58,43,246,0,5,50,0,55,68,82,108,43,301,40,40,80,381
03/03/2009,TUL,OK,ASW,CE,Combined TRACON& Tower with Radar,90,77,32,59,258,0,1,15,2,18,90,78,47,61,276,4,34,38,314
03/04/2009,TUL,OK,ASW,CE,Combined TRACON& Tower with Radar,78,82,60,38,258,0,6,27,7,40,78,88,87,45,298,116,82,198,496
03/05/2009,TUL,OK,ASW,CE,Combined TRACON& Tower with Radar,79,85,50,33,247,0,11,33,1,45,79,96,83,34,292,86,46,132,424
03/06/2009,TUL,OK,ASW,CE,Combined TRACON& Tower with Radar,79,81,44,11,215,0,5,43,4,52,79,86,87,15,267,46,8,54,321
03/07/2009,TUL,OK,ASW,CE,Combined TRACON& Tower with Radar,44,62,15,12,133,0,0,11,1,12,44,62,26,13,145,0,0,0,145
03/08/2009,TUL,OK,ASW,CE,Combined TRACON& Tower with Radar,57,70,30,6,163,0,2,13,2,17,57,72,43,8,180,0,0,0,180
03/09/2009,TUL,OK,ASW,CE,Combined TRACON& Tower with Radar,69,87,34,59,249,0,6,22,0,28,69,93,56,59,277,2,64,66,343
03/10/2009,TUL,OK,ASW,CE,Combined TRACON& Tower with Radar,76,76,43,37,232,0,3,20,4,27,76,79,63,41,259,30,66,96,355
03/11/2009,TUL,OK,ASW,CE,Combined TRACON& Tower with Radar,72,82,40,45,239,0,3,22,8,33,72,85,62,53,272,42,54,96,368
03/12/2009,TUL,OK,ASW,CE,Combined TRACON& Tower with Radar,73,90,43,12,218,0,0,4,4,8,73,90,47,16,226,0,0,0,226
03/13/2009,TUL,OK,ASW,CE,Combined TRACON& Tower with Radar,77,96,44,30,247,0,1,6,7,14,77,97,50,37,261,12,106,118,379
03/14/2009,TUL,OK,ASW,CE,Combined TRACON& Tower with Radar,44,85,27,0,156,0,0,13,0,13,44,85,40,0,169,32,0,32,201
03/15/2009,TUL,OK,ASW,CE,Combined TRACON& Tower with Radar,54,84,54,2,194,0,1,24,0,25,54,85,78,2,219,136,0,136,355
03/16/2009,TUL,OK,ASW,CE,Combined TRACON& Tower with Radar,73,83,55,26,237,0,5,35,2,42,73,88,90,28,279,64,4,68,347
03/17/2009,TUL,OK,ASW,CE,Combined TRACON& Tower with Radar,74,84,43,66,267,0,1,43,1,45,74,85,86,67,312,54,106,160,472
03/18/2009,TUL,OK,ASW,CE,Combined TRACON& Tower with Radar,71,80,43,31,225,0,6,52,8,66,71,86,95,39,291,22,30,52,343
03/19/2009,TUL,OK,ASW,CE,Combined TRACON& Tower with Radar,73,89,40,35,237,0,3,21,2,26,73,92,61,37,263,38,48,86,349
03/20/2009,TUL,OK,ASW,CE,Combined TRACON& Tower with Radar,73,80,48,28,229,0,2,29,10,41,73,82,77,38,270,46,40,86,356
03/21/2009,TUL,OK,ASW,CE,Combined TRACON& Tower with Radar,47,74,37,0,158,0,2,16,0,18,47,76,53,0,176,26,0,26,202
03/22/2009,TUL,OK,ASW,CE,Combined TRACON& Tower with Radar,56,86,31,2,175,0,2,9,0,11,56,88,40,2,186,2,0,2,188
03/23/2009,TUL,OK,ASW,CE,Combined TRACON& Tower with Radar,65,78,29,22,194,0,4,4,0,8,65,82,33,22,202,0,36,36,238
03/24/2009,TUL,OK,ASW,CE,Combined TRACON& Tower with Radar,77,83,34,23,217,0,2,12,0,14,77,85,46,23,231,8,0,8,239
03/25/2009,TUL,OK,ASW,CE,Combined TRACON& Tower with Radar,89,85,40,56,270,0,7,46,4,57,89,92,86,60,327,36,42,78,405
03/26/2009,TUL,OK,ASW,CE,Combined TRACON& Tower with Radar,70,87,45,23,225,0,4,9,5,18,70,91,54,28,243,0,14,14,257
03/27/2009,TUL,OK,ASW,CE,Combined TRACON& Tower with Radar,74,82,22,0,178,0,0,0,0,0,74,82,22,0,178,0,0,0,178
03/28/2009,TUL,OK,ASW,CE,Combined TRACON& Tower with Radar,38,33,2,0,73,0,1,0,0,1,38,34,2,0,74,0,0,0,74
03/29/2009,TUL,OK,ASW,CE,Combined TRACON& Tower with Radar,56,83,39,0,178,0,2,18,0,20,56,85,57,0,198,20,0,20,218
03/30/2009,TUL,OK,ASW,CE,Combined TRACON& Tower with Radar,66,74,36,35,211,0,5,34,0,39,66,79,70,35,250,34,132,166,416
03/31/2009,TUL,OK,ASW,CE,Combined TRACON& Tower with Radar,79,85,34,39,237,0,2,30,7,39,79,87,64,46,276,38,72,110,386
04/01/2009,TUL,OK,ASW,CE,Combined TRACON& Tower with Radar,71,79,53,9,212,0,2,43,11,56,71,81,96,20,268,68,0,68,336
04/02/2009,TUL,OK,ASW,CE,Combined TRACON& Tower with Radar,81,86,41,22,230,0,1,14,1,16,81,87,55,23,246,28,50,78,324
04/03/2009,TUL,OK,ASW,CE,Combined TRACON& Tower with Radar,82,78,56,44,260,0,1,58,7,66,82,79,114,51,326,72,48,120,446
04/04/2009,TUL,OK,ASW,CE,Combined TRACON& Tower with Radar,55,59,19,15,148,0,5,19,0,24,55,64,38,15,172,2,6,8,180
04/05/2009,TUL,OK,ASW,CE,Combined TRACON& Tower with Radar,51,80,33,7,171,0,1,15,1,17,51,81,48,8,188,6,0,6,194
04/06/2009,TUL,OK,ASW,CE,Combined TRACON& Tower with Radar,67,87,41,96,291,0,3,30,3,36,67,90,71,99,327,14,234,248,575
04/07/2009,TUL,OK,ASW,CE,Combined TRACON& Tower with Radar,77,84,58,39,258,0,8,50,3,61,77,92,108,42,319,76,62,138,457
04/08/2009,TUL,OK,ASW,CE,Combined TRACON& Tower with Radar,77,91,62,36,266,2,7,50,6,65,79,98,112,42,331,40,42,82,413
04/09/2009,TUL,OK,ASW,CE,Combined TRACON& Tower with Radar,76,98,42,44,260,0,2,22,2,26,76,100,64,46,286,18,46,64,350
04/10/2009,TUL,OK,ASW,CE,Combined TRACON& Tower with Radar,75,88,50,14,227,0,5,9,4,18,75,93,59,18,245,6,12,18,263
04/11/2009,TUL,OK,ASW,CE,Combined TRACON& Tower with Radar,51,59,22,2,134,0,0,61,2,63,51,59,83,4,197,232,30,262,459
04/12/2009,TUL,OK,ASW,CE,Combined TRACON& Tower with Radar,52,75,10,2,139,0,2,0,1,3,52,77,10,3,142,0,0,0,142
04/13/2009,TUL,OK,ASW,CE,Combined TRACON& Tower with Radar,76,88,57,31,252,0,6,7,6,19,76,94,64,37,271,10,50,60,331
04/14/2009,TUL,OK,ASW,CE,Combined TRACON& Tower with Radar,74,90,42,49,255,0,6,46,5,57,74,96,88,54,312,6,0,6,318
04/15/2009,TUL,OK,ASW,CE,Combined TRACON& Tower with Radar,77,87,61,80,305,0,9,43,12,64,77,96,104,92,369,58,112,170,539
04/16/2009,TUL,OK,ASW,CE,Combined TRACON& Tower with Radar,74,85,62,43,264,0,12,24,11,47,74,97,86,54,311,10,56,66,377
04/17/2009,TUL,OK,ASW,CE,Combined TRACON& Tower with Radar,73,78,46,1,198,0,3,11,4,18,73,81,57,5,216,0,0,0,216
04/18/2009,TUL,OK,ASW,CE,Combined TRACON& Tower with Radar,54,66,14,0,134,0,1,2,2,5,54,67,16,2,139,0,0,0,139
04/19/2009,TUL,OK,ASW,CE,Combined TRACON& Tower with Radar,49,75,50,2,176,0,1,7,2,10,49,76,57,4,186,0,0,0,186
04/20/2009,TUL,OK,ASW,CE,Combined TRACON& Tower with Radar,64,80,24,29,197,0,6,25,6,37,64,86,49,35,234,18,106,124,358
04/21/2009,TUL,OK,ASW,CE,Combined TRACON& Tower with Radar,83,81,56,72,292,0,13,54,10,77,83,94,110,82,369,290,120,410,779
04/22/2009,TUL,OK,ASW,CE,Combined TRACON& Tower with Radar,76,87,39,41,243,0,8,54,6,68,76,95,93,47,311,183,150,333,644
04/23/2009,TUL,OK,ASW,CE,Combined TRACON& Tower with Radar,77,90,34,50,251,0,8,36,8,52,77,98,70,58,303,82,110,192,495
04/24/2009,TUL,OK,ASW,CE,Combined TRACON& Tower with Radar,75,85,40,21,221,0,8,25,5,38,75,93,65,26,259,64,0,64,323
04/25/2009,TUL,OK,ASW,CE,Combined TRACON& Tower with Radar,57,62,30,2,151,0,3,8,2,13,57,65,38,4,164,40,0,40,204
04/26/2009,TUL,OK,ASW,CE,Combined TRACON& Tower with Radar,57,82,20,0,159,0,3,1,3,7,57,85,21,3,166,6,0,6,172
04/27/2009,TUL,OK,ASW,CE,Combined TRACON& Tower with Radar,75,91,30,9,205,0,4,16,4,24,75,95,46,13,229,0,0,0,229
04/28/2009,TUL,OK,ASW,CE,Combined TRACON& Tower with Radar,91,92,51,33,267,0,0,4,1,5,91,92,55,34,272,34,14,48,320
04/29/2009,TUL,OK,ASW,CE,Combined TRACON& Tower with Radar,69,86,37,1,193,0,0,4,2,6,69,86,41,3,199,2,20,22,221
04/30/2009,TUL,OK,ASW,CE,Combined TRACON& Tower with Radar,79,93,49,11,232,0,4,6,0,10,79,97,55,11,242,12,0,12,254
05/01/2009,TUL,OK,ASW,CE,Combined TRACON& Tower with Radar,79,96,28,14,217,0,0,2,0,2,79,96,30,14,219,0,50,50,269
05/02/2009,TUL,OK,ASW,CE,Combined TRACON& Tower with Radar,56,67,15,8,146,0,0,3,4,7,56,67,18,12,153,0,0,0,153
05/03/2009,TUL,OK,ASW,CE,Combined TRACON& Tower with Radar,57,77,25,18,177,0,0,4,0,4,57,77,29,18,181,0,0,0,181
05/04/2009,TUL,OK,ASW,CE,Combined TRACON& Tower with Radar,65,99,48,30,242,0,0,14,1,15,65,99,62,31,257,18,18,36,293
05/05/2009,TUL,OK,ASW,CE,Combined TRACON& Tower with Radar,79,87,36,4,206,0,1,2,1,4,79,88,38,5,210,0,0,0,210
05/06/2009,TUL,OK,ASW,CE,Combined TRACON& Tower with Radar,78,86,54,25,243,0,5,28,7,40,78,91,82,32,283,80,40,120,403
05/07/2009,TUL,OK,ASW,CE,Combined TRACON& Tower with Radar,77,90,74,39,280,0,3,31,11,45,77,93,105,50,325,90,82,172,497
05/08/2009,TUL,OK,ASW,CE,Combined TRACON& Tower with Radar,82,97,61,17,257,0,2,5,15,22,82,99,66,32,279,10,0,10,289
05/09/2009,TUL,OK,ASW,CE,Combined TRACON& Tower with Radar,61,65,27,5,158,0,0,14,4,18,61,65,41,9,176,34,32,66,242
05/10/2009,TUL,OK,ASW,CE,Combined TRACON& Tower with Radar,62,76,14,8,160,0,2,4,2,8,62,78,18,10,168,0,0,0,168
05/11/2009,TUL,OK,ASW,CE,Combined TRACON& Tower with Radar,63,83,56,47,249,0,2,19,0,21,63,85,75,47,270,176,206,382,652
05/12/2009,TUL,OK,ASW,CE,Combined TRACON& Tower with Radar,77,84,49,12,222,0,2,16,2,20,77,86,65,14,242,97,22,119,361
05/13/2009,TUL,OK,ASW,CE,Combined TRACON& Tower with Radar,74,91,50,44,259,0,4,23,1,28,74,95,73,45,287,20,98,118,405
05/14/2009,TUL,OK,ASW,CE,Combined TRACON& Tower with Radar,76,87,46,30,239,0,3,10,2,15,76,90,56,32,254,28,32,60,314
05/15/2009,TUL,OK,ASW,CE,Combined TRACON& Tower with Radar,89,90,48,27,254,0,3,53,5,61,89,93,101,32,315,12,26,38,353
05/16/2009,TUL,OK,ASW,CE,Combined TRACON& Tower with Radar,59,67,16,7,149,0,4,10,2,16,59,71,26,9,165,6,6,12,177
05/17/2009,TUL,OK,ASW,CE,Combined TRACON& Tower with Radar,62,78,34,6,180,0,3,40,7,50,62,81,74,13,230,0,0,0,230
05/18/2009,TUL,OK,ASW,CE,Combined TRACON& Tower with Radar,66,98,44,76,284,0,1,51,1,53,66,99,95,77,337,48,78,126,463
05/19/2009,TUL,OK,ASW,CE,Combined TRACON& Tower with Radar,81,82,46,63,272,0,3,48,2,53,81,85,94,65,325,66,138,204,529
05/20/2009,TUL,OK,ASW,CE,Combined TRACON& Tower with Radar,75,90,61,27,253,0,0,54,10,64,75,90,115,37,317,58,78,136,453
05/21/2009,TUL,OK,ASW,CE,Combined TRACON& Tower with Radar,73,92,59,67,291,0,7,62,12,81,73,99,121,79,372,152,160,312,684
05/22/2009,TUL,OK,ASW,CE,Combined TRACON& Tower with Radar,76,93,43,15,227,0,2,38,1,41,76,95,81,16,268,20,20,40,308
05/23/2009,TUL,OK,ASW,CE,Combined TRACON& Tower with Radar,51,77,14,2,144,0,2,16,0,18,51,79,30,2,162,24,0,24,186
05/24/2009,TUL,OK,ASW,CE,Combined TRACON& Tower with Radar,47,56,13,1,117,0,0,12,4,16,47,56,25,5,133,0,0,0,133
05/25/2009,TUL,OK,ASW,CE,Combined TRACON& Tower with Radar,60,67,15,1,143,0,0,6,1,7,60,67,21,2,150,0,0,0,150
05/26/2009,TUL,OK,ASW,CE,Combined TRACON& Tower with Radar,64,86,28,24,202,0,5,23,2,30,64,91,51,26,232,102,38,140,372
05/27/2009,TUL,OK,ASW,CE,Combined TRACON& Tower with Radar,82,97,68,65,312,0,5,6,4,15,82,102,74,69,327,52,56,108,435
05/28/2009,TUL,OK,ASW,CE,Combined TRACON& Tower with Radar,76,99,62,69,306,0,2,43,9,54,76,101,105,78,360,110,132,242,602
05/29/2009,TUL,OK,ASW,CE,Combined TRACON& Tower with Radar,80,97,45,19,241,0,9,54,5,68,80,106,99,24,309,8,10,18,327
05/30/2009,TUL,OK,ASW,CE,Combined TRACON& Tower with Radar,50,68,9,1,128,0,4,54,1,59,50,72,63,2,187,196,12,208,395
05/31/2009,TUL,OK,ASW,CE,Combined TRACON& Tower with Radar,62,78,22,5,167,0,0,27,2,29,62,78,49,7,196,14,0,14,210
06/01/2009,TUL,OK,ASW,CE,Combined TRACON& Tower with Radar,63,90,46,68,267,0,4,32,1,37,63,94,78,69,304,142,188,330,634
06/02/2009,TUL,OK,ASW,CE,Combined TRACON& Tower with Radar,86,85,39,73,283,0,6,27,3,36,86,91,66,76,319,100,110,210,529
06/03/2009,TUL,OK,ASW,CE,Combined TRACON& Tower with Radar,81,83,44,27,235,0,0,5,3,8,81,83,49,30,243,20,40,60,303
06/04/2009,TUL,OK,ASW,CE,Combined TRACON& Tower with Radar,81,88,47,28,244,0,3,54,6,63,81,91,101,34,307,196,46,242,549
06/05/2009,TUL,OK,ASW,CE,Combined TRACON& Tower with Radar,81,97,46,39,263,0,5,55,3,63,81,102,101,42,326,68,62,130,456
06/06/2009,TUL,OK,ASW,CE,Combined TRACON& Tower with Radar,54,70,22,15,161,0,0,26,0,26,54,70,48,15,187,56,16,72,259
06/07/2009,TUL,OK,ASW,CE,Combined TRACON& Tower with Radar,73,82,23,6,184,0,0,16,0,16,73,82,39,6,200,0,0,0,200
06/08/2009,TUL,OK,ASW,CE,Combined TRACON& Tower with Radar,72,89,35,13,209,0,2,26,3,31,72,91,61,16,240,52,0,52,292
06/09/2009,TUL,OK,ASW,CE,Combined TRACON& Tower with Radar,85,87,49,24,245,0,1,37,10,48,85,88,86,34,293,78,40,118,411
06/10/2009,TUL,OK,ASW,CE,Combined TRACON& Tower with Radar,77,97,48,13,235,0,4,46,8,58,77,101,94,21,293,36,62,98,391
06/11/2009,TUL,OK,ASW,CE,Combined TRACON& Tower with Radar,87,104,67,14,272,0,4,36,4,44,87,108,103,18,316,92,8,100,416
06/12/2009,TUL,OK,ASW,CE,Combined TRACON& Tower with Radar,83,101,45,10,239,0,7,28,9,44,83,108,73,19,283,36,16,52,335
06/13/2009,TUL,OK,ASW,CE,Combined TRACON& Tower with Radar,56,71,35,3,165,0,10,37,3,50,56,81,72,6,215,132,0,132,347
06/14/2009,TUL,OK,ASW,CE,Combined TRACON& Tower with Radar,70,78,33,2,183,0,4,4,1,9,70,82,37,3,192,8,0,8,200
06/15/2009,TUL,OK,ASW,CE,Combined TRACON& Tower with Radar,74,88,41,25,228,0,5,26,0,31,74,93,67,25,259,12,26,38,297
06/16/2009,TUL,OK,ASW,CE,Combined TRACON& Tower with Radar,79,90,48,27,244,0,7,40,2,49,79,97,88,29,293,78,76,154,447
06/17/2009,TUL,OK,ASW,CE,Combined TRACON& Tower with Radar,80,84,68,22,254,0,13,46,6,65,80,97,114,28,319,84,88,172,491
06/18/2009,TUL,OK,ASW,CE,Combined TRACON& Tower with Radar,83,94,64,17,258,0,10,44,11,65,83,104,108,28,323,60,20,80,403
06/19/2009,TUL,OK,ASW,CE,Combined TRACON& Tower with Radar,83,85,50,0,218,0,2,47,7,56,83,87,97,7,274,42,0,42,316
06/20/2009,TUL,OK,ASW,CE,Combined TRACON& Tower with Radar,63,74,40,4,181,0,6,42,1,49,63,80,82,5,230,38,0,38,268
06/21/2009,TUL,OK,ASW,CE,Combined TRACON& Tower with Radar,72,81,31,6,190,0,13,19,0,32,72,94,50,6,222,20,6,26,248
06/22/2009,TUL,OK,ASW,CE,Combined TRACON& Tower with Radar,73,91,45,15,224,0,7,38,0,45,73,98,83,15,269,6,6,12,281
06/23/2009,TUL,OK,ASW,CE,Combined TRACON& Tower with Radar,83,97,58,18,256,0,9,57,8,74,83,106,115,26,330,114,14,128,458
06/24/2009,TUL,OK,ASW,CE,Combined TRACON& Tower with Radar,86,90,52,22,250,0,2,25,4,31,86,92,77,26,281,64,72,136,417
06/25/2009,TUL,OK,ASW,CE,Combined TRACON& Tower with Radar,85,94,66,75,320,0,5,33,8,46,85,99,99,83,366,66,134,200,566
06/26/2009,TUL,OK,ASW,CE,Combined TRACON& Tower with Radar,84,91,48,34,257,0,5,47,8,60,84,96,95,42,317,42,54,96,413
06/27/2009,TUL,OK,ASW,CE,Combined TRACON& Tower with Radar,58,74,36,6,174,0,1,42,1,44,58,75,78,7,218,50,4,54,272
06/28/2009,TUL,OK,ASW,CE,Combined TRACON& Tower with Radar,66,87,16,9,178,0,1,16,1,18,66,88,32,10,196,16,18,34,230
06/29/2009,TUL,OK,ASW,CE,Combined TRACON& Tower with Radar,70,93,31,58,252,0,1,29,1,31,70,94,60,59,283,24,30,54,337
06/30/2009,TUL,OK,ASW,CE,Combined TRACON& Tower with Radar,85,94,43,64,286,0,4,33,4,41,85,98,76,68,327,0,58,58,385
07/01/2009,TUL,OK,ASW,CE,Combined TRACON& Tower with Radar,83,96,55,73,307,0,6,37,11,54,83,102,92,84,361,20,64,84,445
07/02/2009,TUL,OK,ASW,CE,Combined TRACON& Tower with Radar,81,97,50,62,290,0,3,55,2,60,81,100,105,64,350,134,132,266,616
07/03/2009,TUL,OK,ASW,CE,Combined TRACON& Tower with Radar,79,80,15,2,176,0,1,21,0,22,79,81,36,2,198,10,0,10,208
07/04/2009,TUL,OK,ASW,CE,Combined TRACON& Tower with Radar,44,46,7,1,98,0,5,4,2,11,44,51,11,3,109,14,0,14,123
07/05/2009,TUL,OK,ASW,CE,Combined TRACON& Tower with Radar,66,79,29,2,176,0,0,4,0,4,66,79,33,2,180,2,0,2,182
07/06/2009,TUL,OK,ASW,CE,Combined TRACON& Tower with Radar,79,85,30,16,210,0,0,44,0,44,79,85,74,16,254,20,0,20,274
07/07/2009,TUL,OK,ASW,CE,Combined TRACON& Tower with Radar,85,93,47,76,301,0,9,32,2,43,85,102,79,78,344,20,104,124,468
07/08/2009,TUL,OK,ASW,CE,Combined TRACON& Tower with Radar,85,89,38,33,245,0,2,20,4,26,85,91,58,37,271,0,26,26,297
07/09/2009,TUL,OK,ASW,CE,Combined TRACON& Tower with Radar,82,87,46,51,266,0,1,33,6,40,82,88,79,57,306,36,62,98,404
07/10/2009,TUL,OK,ASW,CE,Combined TRACON& Tower with Radar,84,90,36,24,234,0,3,14,4,21,84,93,50,28,255,44,82,126,381
07/11/2009,TUL,OK,ASW,CE,Combined TRACON& Tower with Radar,58,67,26,19,170,0,5,25,9,39,58,72,51,28,209,14,30,44,253
07/12/2009,TUL,OK,ASW,CE,Combined TRACON& Tower with Radar,66,81,30,4,181,0,2,23,6,31,66,83,53,10,212,0,0,0,212
07/13/2009,TUL,OK,ASW,CE,Combined TRACON& Tower with Radar,73,86,51,32,242,0,4,41,6,51,73,90,92,38,293,20,0,20,313
07/14/2009,TUL,OK,ASW,CE,Combined TRACON& Tower with Radar,78,96,48,63,285,0,4,40,6,50,78,100,88,69,335,66,98,164,499
07/15/2009,TUL,OK,ASW,CE,Combined TRACON& Tower with Radar,83,103,71,80,337,0,3,57,7,67,83,106,128,87,404,78,58,136,540
07/16/2009,TUL,OK,ASW,CE,Combined TRACON& Tower with Radar,90,91,39,19,239,0,3,51,6,60,90,94,90,25,299,45,10,55,354
07/17/2009,TUL,OK,ASW,CE,Combined TRACON& Tower with Radar,84,88,47,41,260,0,4,49,5,58,84,92,96,46,318,63,126,189,507
07/18/2009,TUL,OK,ASW,CE,Combined TRACON& Tower with Radar,67,72,23,24,186,0,8,40,10,58,67,80,63,34,244,16,45,61,305
07/19/2009,TUL,OK,ASW,CE,Combined TRACON& Tower with Radar,84,86,13,6,189,0,1,18,0,19,84,87,31,6,208,0,0,0,208
07/20/2009,TUL,OK,ASW,CE,Combined TRACON& Tower with Radar,81,107,55,46,289,0,2,34,2,38,81,109,89,48,327,26,54,80,407
07/21/2009,TUL,OK,ASW,CE,Combined TRACON& Tower with Radar,87,93,48,26,254,0,2,20,6,28,87,95,68,32,282,36,102,138,420
07/22/2009,TUL,OK,ASW,CE,Combined TRACON& Tower with Radar,84,97,56,13,250,0,6,53,2,61,84,103,109,15,311,18,10,28,339
07/23/2009,TUL,OK,ASW,CE,Combined TRACON& Tower with Radar,84,86,79,42,291,0,0,49,5,54,84,86,128,47,345,8,8,16,361
07/24/2009,TUL,OK,ASW,CE,Combined TRACON& Tower with Radar,86,88,27,24,225,0,0,44,1,45,86,88,71,25,270,64,40,104,374
07/25/2009,TUL,OK,ASW,CE,Combined TRACON& Tower with Radar,67,62,12,6,147,0,1,25,1,27,67,63,37,7,174,62,4,66,240
07/26/2009,TUL,OK,ASW,CE,Combined TRACON& Tower with Radar,71,78,26,16,191,0,2,13,2,17,71,80,39,18,208,6,0,6,214
07/27/2009,TUL,OK,ASW,CE,Combined TRACON& Tower with Radar,74,96,54,60,284,0,2,14,3,19,74,98,68,63,303,26,158,184,487
07/28/2009,TUL,OK,ASW,CE,Combined TRACON& Tower with Radar,88,96,53,51,288,0,2,22,3,27,88,98,75,54,315,30,98,128,443
07/29/2009,TUL,OK,ASW,CE,Combined TRACON& Tower with Radar,81,92,66,49,288,0,0,41,1,42,81,92,107,50,330,16,70,86,416
07/30/2009,TUL,OK,ASW,CE,Combined TRACON& Tower with Radar,84,91,69,7,251,0,2,36,3,41,84,93,105,10,292,68,0,68,360
07/31/2009,TUL,OK,ASW,CE,Combined TRACON& Tower with Radar,97,101,38,66,302,0,2,51,8,61,97,103,89,74,363,16,76,92,455
08/01/2009,TUL,OK,ASW,CE,Combined TRACON& Tower with Radar,75,70,17,4,166,0,1,11,1,13,75,71,28,5,179,18,0,18,197
08/02/2009,TUL,OK,ASW,CE,Combined TRACON& Tower with Radar,78,77,28,6,189,0,0,20,0,20,78,77,48,6,209,0,0,0,209
08/03/2009,TUL,OK,ASW,CE,Combined TRACON& Tower with Radar,78,89,39,37,243,0,2,35,3,40,78,91,74,40,283,12,16,28,311
08/04/2009,TUL,OK,ASW,CE,Combined TRACON& Tower with Radar,92,92,60,28,272,0,0,61,5,66,92,92,121,33,338,44,20,64,402
08/05/2009,TUL,OK,ASW,CE,Combined TRACON& Tower with Radar,83,95,51,40,269,0,3,42,9,54,83,98,93,49,323,32,31,63,386
08/06/2009,TUL,OK,ASW,CE,Combined TRACON& Tower with Radar,92,96,47,25,260,0,1,31,7,39,92,97,78,32,299,24,42,66,365
08/07/2009,TUL,OK,ASW,CE,Combined TRACON& Tower with Radar,87,94,29,36,246,0,8,59,7,74,87,102,88,43,320,62,32,94,414
08/08/2009,TUL,OK,ASW,CE,Combined TRACON& Tower with Radar,67,66,27,4,164,0,4,21,0,25,67,70,48,4,189,16,0,16,205
08/09/2009,TUL,OK,ASW,CE,Combined TRACON& Tower with Radar,71,76,29,21,197,0,0,15,0,15,71,76,44,21,212,0,0,0,212
08/10/2009,TUL,OK,ASW,CE,Combined TRACON& Tower with Radar,77,89,29,34,229,0,2,16,0,18,77,91,45,34,247,2,44,46,293
08/11/2009,TUL,OK,ASW,CE,Combined TRACON& Tower with Radar,90,98,42,12,242,0,1,32,7,40,90,99,74,19,282,4,24,28,310
08/12/2009,TUL,OK,ASW,CE,Combined TRACON& Tower with Radar,84,84,45,20,233,0,4,39,11,54,84,88,84,31,287,0,0,0,287
08/13/2009,TUL,OK,ASW,CE,Combined TRACON& Tower with Radar,94,89,59,22,264,0,1,42,11,54,94,90,101,33,318,0,28,28,346
08/14/2009,TUL,OK,ASW,CE,Combined TRACON& Tower with Radar,90,96,47,15,248,0,0,20,6,26,90,96,67,21,274,40,20,60,334
08/15/2009,TUL,OK,ASW,CE,Combined TRACON& Tower with Radar,63,72,21,16,172,0,1,14,0,15,63,73,35,16,187,88,16,104,291
08/16/2009,TUL,OK,ASW,CE,Combined TRACON& Tower with Radar,69,84,27,6,186,0,2,22,0,24,69,86,49,6,210,0,0,0,210
08/17/2009,TUL,OK,ASW,CE,Combined TRACON& Tower with Radar,72,87,46,3,208,0,2,20,0,22,72,89,66,3,230,0,0,0,230
08/18/2009,TUL,OK,ASW,CE,Combined TRACON& Tower with Radar,85,82,47,14,228,0,1,11,7,19,85,83,58,21,247,10,82,92,339
08/19/2009,TUL,OK,ASW,CE,Combined TRACON& Tower with Radar,85,80,46,9,220,0,0,27,16,43,85,80,73,25,263,16,36,52,315
08/20/2009,TUL,OK,ASW,CE,Combined TRACON& Tower with Radar,91,90,55,15,251,0,2,16,6,24,91,92,71,21,275,14,0,14,289
08/21/2009,TUL,OK,ASW,CE,Combined TRACON& Tower with Radar,90,86,48,2,226,0,2,54,8,64,90,88,102,10,290,12,18,30,320
08/22/2009,TUL,OK,ASW,CE,Combined TRACON& Tower with Radar,62,61,7,3,133,0,2,31,0,33,62,63,38,3,166,14,0,14,180
08/23/2009,TUL,OK,ASW,CE,Combined TRACON& Tower with Radar,70,74,19,1,164,0,2,26,0,28,70,76,45,1,192,14,0,14,206
08/24/2009,TUL,OK,ASW,CE,Combined TRACON& Tower with Radar,76,82,44,25,227,0,1,39,0,40,76,83,83,25,267,26,44,70,337
08/25/2009,TUL,OK,ASW,CE,Combined TRACON& Tower with Radar,83,85,58,49,275,0,1,54,15,70,83,86,112,64,345,24,66,90,435
08/26/2009,TUL,OK,ASW,CE,Combined TRACON& Tower with Radar,86,88,43,51,268,0,3,39,11,53,86,91,82,62,321,38,142,180,501
08/27/2009,TUL,OK,ASW,CE,Combined TRACON& Tower with Radar,90,86,36,13,225,0,2,18,11,31,90,88,54,24,256,44,14,58,314
08/28/2009,TUL,OK,ASW,CE,Combined TRACON& Tower with Radar,86,84,42,23,235,0,1,20,3,24,86,85,62,26,259,48,52,100,359
08/29/2009,TUL,OK,ASW,CE,Combined TRACON& Tower with Radar,64,58,32,0,154,0,15,66,0,81,64,73,98,0,235,36,0,36,271
08/30/2009,TUL,OK,ASW,CE,Combined TRACON& Tower with Radar,75,64,22,5,166,0,4,38,0,42,75,68,60,5,208,60,8,68,276
08/31/2009,TUL,OK,ASW,CE,Combined TRACON& Tower with Radar,68,78,38,49,233,0,0,32,0,32,68,78,70,49,265,32,44,76,341
09/01/2009,TUL,OK,ASW,CE,Combined TRACON& Tower with Radar,86,87,55,49,277,0,0,36,5,41,86,87,91,54,318,58,68,126,444
09/02/2009,TUL,OK,ASW,CE,Combined TRACON& Tower with Radar,90,89,43,29,251,0,2,20,0,22,90,91,63,29,273,59,18,77,350
09/03/2009,TUL,OK,ASW,CE,Combined TRACON& Tower with Radar,83,86,73,28,270,0,2,38,2,42,83,88,111,30,312,86,2,88,400
09/04/2009,TUL,OK,ASW,CE,Combined TRACON& Tower with Radar,89,91,42,1,223,0,4,22,0,26,89,95,64,1,249,24,0,24,273
09/05/2009,TUL,OK,ASW,CE,Combined TRACON& Tower with Radar,67,63,26,4,160,0,2,5,2,9,67,65,31,6,169,6,10,16,185
09/06/2009,TUL,OK,ASW,CE,Combined TRACON& Tower with Radar,64,47,21,1,133,0,3,11,0,14,64,50,32,1,147,0,0,0,147
09/07/2009,TUL,OK,ASW,CE,Combined TRACON& Tower with Radar,65,74,20,4,163,0,2,12,0,14,65,76,32,4,177,68,8,76,253
09/08/2009,TUL,OK,ASW,CE,Combined TRACON& Tower with Radar,73,89,44,23,229,0,4,21,0,25,73,93,65,23,254,15,22,37,291
09/09/2009,TUL,OK,ASW,CE,Combined TRACON& Tower with Radar,83,86,55,17,241,0,0,23,0,23,83,86,78,17,264,10,8,18,282
09/10/2009,TUL,OK,ASW,CE,Combined TRACON& Tower with Radar,93,90,59,14,256,0,0,3,0,3,93,90,62,14,259,0,0,0,259
09/11/2009,TUL,OK,ASW,CE,Combined TRACON& Tower with Radar,104,90,55,4,253,0,2,29,2,33,104,92,84,6,286,36,0,36,322
09/12/2009,TUL,OK,ASW,CE,Combined TRACON& Tower with Radar,57,69,44,7,177,0,0,12,0,12,57,69,56,7,189,10,0,10,199
09/13/2009,TUL,OK,ASW,CE,Combined TRACON& Tower with Radar,76,68,49,4,197,0,0,5,0,5,76,68,54,4,202,0,0,0,202
09/14/2009,TUL,OK,ASW,CE,Combined TRACON& Tower with Radar,72,82,61,38,253,0,0,1,0,1,72,82,62,38,254,4,12,16,270
09/15/2009,TUL,OK,ASW,CE,Combined TRACON& Tower with Radar,85,90,67,27,269,0,0,1,0,1,85,90,68,27,270,16,52,68,338
09/16/2009,TUL,OK,ASW,CE,Combined TRACON& Tower with Radar,88,89,53,33,263,0,0,16,1,17,88,89,69,34,280,16,16,32,312
09/17/2009,TUL,OK,ASW,CE,Combined TRACON& Tower with Radar,87,93,59,63,302,0,0,20,6,26,87,93,79,69,328,4,46,50,378
09/18/2009,TUL,OK,ASW,CE,Combined TRACON& Tower with Radar,88,86,52,14,240,0,0,37,2,39,88,86,89,16,279,14,22,36,315
09/19/2009,TUL,OK,ASW,CE,Combined TRACON& Tower with Radar,57,56,33,0,146,0,0,23,0,23,57,56,56,0,169,0,0,0,169
09/20/2009,TUL,OK,ASW,CE,Combined TRACON& Tower with Radar,71,76,30,2,179,0,2,21,0,23,71,78,51,2,202,0,0,0,202
09/21/2009,TUL,OK,ASW,CE,Combined TRACON& Tower with Radar,63,63,36,19,181,0,0,25,0,25,63,63,61,19,206,2,6,8,214
09/22/2009,TUL,OK,ASW,CE,Combined TRACON& Tower with Radar,87,85,42,21,235,0,2,11,6,19,87,87,53,27,254,42,10,52,306
09/23/2009,TUL,OK,ASW,CE,Combined TRACON& Tower with Radar,80,85,58,33,256,0,1,48,4,53,80,86,106,37,309,72,54,126,435
09/24/2009,TUL,OK,ASW,CE,Combined TRACON& Tower with Radar,79,91,47,17,234,0,1,31,2,34,79,92,78,19,268,12,8,20,288
09/25/2009,TUL,OK,ASW,CE,Combined TRACON& Tower with Radar,84,90,44,24,242,0,1,41,4,46,84,91,85,28,288,44,12,56,344
09/26/2009,TUL,OK,ASW,CE,Combined TRACON& Tower with Radar,57,67,32,0,156,0,1,34,0,35,57,68,66,0,191,44,0,44,235
09/27/2009,TUL,OK,ASW,CE,Combined TRACON& Tower with Radar,71,75,17,2,165,0,0,38,3,41,71,75,55,5,206,12,24,36,242
09/28/2009,TUL,OK,ASW,CE,Combined TRACON& Tower with Radar,73,81,38,20,212,0,2,38,0,40,73,83,76,20,252,14,20,34,286
09/29/2009,TUL,OK,ASW,CE,Combined TRACON& Tower with Radar,81,82,43,28,234,0,2,58,2,62,81,84,101,30,296,50,22,72,368
09/30/2009,TUL,OK,ASW,CE,Combined TRACON& Tower with Radar,88,87,60,1,236,0,2,43,0,45,88,89,103,1,281,26,0,26,307
10/01/2009,TUL,OK,ASW,CE,Combined TRACON& Tower with Radar,94,82,33,32,241,0,0,4,0,4,94,82,37,32,245,12,0,12,257
10/02/2009,TUL,OK,ASW,CE,Combined TRACON& Tower with Radar,84,92,50,15,241,0,0,46,3,49,84,92,96,18,290,46,20,66,356
10/03/2009,TUL,OK,ASW,CE,Combined TRACON& Tower with Radar,64,75,14,16,169,0,3,29,8,40,64,78,43,24,209,76,34,110,319
10/04/2009,TUL,OK,ASW,CE,Combined TRACON& Tower with Radar,74,70,33,1,178,0,0,12,0,12,74,70,45,1,190,20,0,20,210
10/05/2009,TUL,OK,ASW,CE,Combined TRACON& Tower with Radar,74,80,39,73,266,0,0,6,0,6,74,80,45,73,272,0,26,26,298
10/06/2009,TUL,OK,ASW,CE,Combined TRACON& Tower with Radar,88,88,31,30,237,0,0,13,3,16,88,88,44,33,253,0,26,26,279
10/07/2009,TUL,OK,ASW,CE,Combined TRACON& Tower with Radar,86,84,58,40,268,0,0,33,2,35,86,84,91,42,303,32,28,60,363
10/08/2009,TUL,OK,ASW,CE,Combined TRACON& Tower with Radar,63,77,34,0,174,0,0,0,0,0,63,77,34,0,174,2,0,2,176
10/09/2009,TUL,OK,ASW,CE,Combined TRACON& Tower with Radar,109,97,45,9,260,0,0,10,1,11,109,97,55,10,271,7,10,17,288
10/10/2009,TUL,OK,ASW,CE,Combined TRACON& Tower with Radar,59,73,30,3,165,0,0,37,3,40,59,73,67,6,205,120,2,122,327
10/11/2009,TUL,OK,ASW,CE,Combined TRACON& Tower with Radar,65,84,53,1,203,0,0,7,0,7,65,84,60,1,210,94,0,94,304
10/12/2009,TUL,OK,ASW,CE,Combined TRACON& Tower with Radar,78,86,83,4,251,0,0,1,0,1,78,86,84,4,252,0,0,0,252
10/13/2009,TUL,OK,ASW,CE,Combined TRACON& Tower with Radar,88,84,58,7,237,0,0,0,0,0,88,84,58,7,237,0,0,0,237
10/14/2009,TUL,OK,ASW,CE,Combined TRACON& Tower with Radar,83,86,62,10,241,0,0,0,0,0,83,86,62,10,241,0,0,0,241
10/15/2009,TUL,OK,ASW,CE,Combined TRACON& Tower with Radar,89,87,55,27,258,0,1,4,0,5,89,88,59,27,263,0,6,6,269
10/16/2009,TUL,OK,ASW,CE,Combined TRACON& Tower with Radar,87,96,78,9,270,0,2,42,2,46,87,98,120,11,316,68,12,80,396
10/17/2009,TUL,OK,ASW,CE,Combined TRACON& Tower with Radar,59,63,33,0,155,0,0,21,0,21,59,63,54,0,176,28,0,28,204
10/18/2009,TUL,OK,ASW,CE,Combined TRACON& Tower with Radar,64,82,39,2,187,0,0,30,0,30,64,82,69,2,217,46,0,46,263
10/19/2009,TUL,OK,ASW,CE,Combined TRACON& Tower with Radar,75,91,44,16,226,0,2,30,1,33,75,93,74,17,259,24,14,38,297
10/20/2009,TUL,OK,ASW,CE,Combined TRACON& Tower with Radar,83,88,49,55,275,0,2,25,3,30,83,90,74,58,305,22,31,53,358
10/21/2009,TUL,OK,ASW,CE,Combined TRACON& Tower with Radar,78,82,51,41,252,0,6,15,5,26,78,88,66,46,278,30,174,204,482
10/22/2009,TUL,OK,ASW,CE,Combined TRACON& Tower with Radar,86,92,63,19,260,0,0,10,2,12,86,92,73,21,272,10,0,10,282
10/23/2009,TUL,OK,ASW,CE,Combined TRACON& Tower with Radar,90,95,40,25,250,0,0,25,1,26,90,95,65,26,276,42,60,102,378
10/24/2009,TUL,OK,ASW,CE,Combined TRACON& Tower with Radar,65,62,22,4,153,0,0,31,0,31,65,62,53,4,184,14,4,18,202
10/25/2009,TUL,OK,ASW,CE,Combined TRACON& Tower with Radar,69,66,44,13,192,0,3,10,0,13,69,69,54,13,205,0,8,8,213
10/26/2009,TUL,OK,ASW,CE,Combined TRACON& Tower with Radar,82,84,26,37,229,0,1,11,0,12,82,85,37,37,241,0,0,0,241
10/27/2009,TUL,OK,ASW,CE,Combined TRACON& Tower with Radar,85,99,67,36,287,0,0,30,3,33,85,99,97,39,320,28,26,54,374
10/28/2009,TUL,OK,ASW,CE,Combined TRACON& Tower with Radar,81,73,61,54,269,0,4,32,3,39,81,77,93,57,308,4,44,48,356
10/29/2009,TUL,OK,ASW,CE,Combined TRACON& Tower with Radar,84,69,32,1,186,0,0,3,0,3,84,69,35,1,189,0,0,0,189
10/30/2009,TUL,OK,ASW,CE,Combined TRACON& Tower with Radar,87,87,60,23,257,0,0,44,1,45,87,87,104,24,302,50,54,104,406
10/31/2009,TUL,OK,ASW,CE,Combined TRACON& Tower with Radar,71,55,24,4,154,0,2,62,0,64,71,57,86,4,218,108,0,108,326
11/01/2009,TUL,OK,ASW,CE,Combined TRACON& Tower with Radar,75,68,33,0,176,0,0,51,0,51,75,68,84,0,227,6,0,6,233
11/02/2009,TUL,OK,ASW,CE,Combined TRACON& Tower with Radar,82,66,37,44,229,0,1,39,0,40,82,67,76,44,269,30,10,40,309
11/03/2009,TUL,OK,ASW,CE,Combined TRACON& Tower with Radar,102,65,56,68,291,0,4,30,1,35,102,69,86,69,326,45,102,147,473
11/04/2009,TUL,OK,ASW,CE,Combined TRACON& Tower with Radar,98,72,71,69,310,0,2,39,6,47,98,74,110,75,357,10,98,108,465
11/05/2009,TUL,OK,ASW,CE,Combined TRACON& Tower with Radar,93,76,63,28,260,0,1,43,0,44,93,77,106,28,304,2,34,36,340
11/06/2009,TUL,OK,ASW,CE,Combined TRACON& Tower with Radar,102,68,47,10,227,0,0,42,0,42,102,68,89,10,269,12,14,26,295
11/07/2009,TUL,OK,ASW,CE,Combined TRACON& Tower with Radar,75,46,29,12,162,0,2,23,1,26,75,48,52,13,188,11,0,11,199
11/08/2009,TUL,OK,ASW,CE,Combined TRACON& Tower with Radar,76,62,37,1,176,0,0,24,0,24,76,62,61,1,200,28,4,32,232
11/09/2009,TUL,OK,ASW,CE,Combined TRACON& Tower with Radar,84,64,48,65,261,0,0,21,1,22,84,64,69,66,283,6,220,226,509
11/10/2009,TUL,OK,ASW,CE,Combined TRACON& Tower with Radar,100,68,59,44,271,0,0,8,0,8,100,68,67,44,279,20,12,32,311
11/11/2009,TUL,OK,ASW,CE,Combined TRACON& Tower with Radar,101,67,54,3,225,0,2,42,6,50,101,69,96,9,275,34,0,34,309
11/12/2009,TUL,OK,ASW,CE,Combined TRACON& Tower with Radar,95,80,89,51,315,0,0,33,0,33,95,80,122,51,348,72,162,234,582
11/13/2009,TUL,OK,ASW,CE,Combined TRACON& Tower with Radar,103,68,53,10,234,0,4,30,3,37,103,72,83,13,271,4,4,8,279
11/14/2009,TUL,OK,ASW,CE,Combined TRACON& Tower with Radar,78,52,56,2,188,0,0,22,0,22,78,52,78,2,210,54,0,54,264
11/15/2009,TUL,OK,ASW,CE,Combined TRACON& Tower with Radar,81,61,34,0,176,0,0,0,0,0,81,61,34,0,176,0,0,0,176
11/16/2009,TUL,OK,ASW,CE,Combined TRACON& Tower with Radar,92,71,53,21,237,0,1,8,0,9,92,72,61,21,246,0,6,6,252
11/17/2009,TUL,OK,ASW,CE,Combined TRACON& Tower with Radar,89,66,44,26,225,0,0,15,1,16,89,66,59,27,241,4,14,18,259
11/18/2009,TUL,OK,ASW,CE,Combined TRACON& Tower with Radar,99,68,67,43,277,0,2,44,0,46,99,70,111,43,323,48,70,118,441
11/19/2009,TUL,OK,ASW,CE,Combined TRACON& Tower with Radar,94,74,72,59,299,0,1,70,0,71,94,75,142,59,370,76,88,164,534
11/20/2009,TUL,OK,ASW,CE,Combined TRACON& Tower with Radar,98,83,54,8,243,0,0,14,0,14,98,83,68,8,257,12,8,20,277
11/21/2009,TUL,OK,ASW,CE,Combined TRACON& Tower with Radar,83,49,32,0,164,0,1,18,0,19,83,50,50,0,183,12,0,12,195
11/22/2009,TUL,OK,ASW,CE,Combined TRACON& Tower with Radar,75,65,27,4,171,0,1,28,1,30,75,66,55,5,201,0,0,0,201
11/23/2009,TUL,OK,ASW,CE,Combined TRACON& Tower with Radar,105,84,61,31,281,0,3,16,0,19,105,87,77,31,300,84,96,180,480
11/24/2009,TUL,OK,ASW,CE,Combined TRACON& Tower with Radar,94,65,44,24,227,0,1,27,1,29,94,66,71,25,256,14,22,36,292
11/25/2009,TUL,OK,ASW,CE,Combined TRACON& Tower with Radar,96,76,26,27,225,0,2,38,0,40,96,78,64,27,265,38,30,68,333
11/26/2009,TUL,OK,ASW,CE,Combined TRACON& Tower with Radar,61,37,3,0,101,0,0,11,0,11,61,37,14,0,112,0,0,0,112
11/27/2009,TUL,OK,ASW,CE,Combined TRACON& Tower with Radar,65,57,32,0,154,0,1,28,0,29,65,58,60,0,183,22,0,22,205
11/28/2009,TUL,OK,ASW,CE,Combined TRACON& Tower with Radar,70,66,25,0,161,0,3,28,0,31,70,69,53,0,192,0,0,0,192
11/29/2009,TUL,OK,ASW,CE,Combined TRACON& Tower with Radar,79,71,38,0,188,0,0,3,0,3,79,71,41,0,191,6,0,6,197
11/30/2009,TUL,OK,ASW,CE,Combined TRACON& Tower with Radar,85,76,59,58,278,0,1,29,4,34,85,77,88,62,312,54,40,94,406
12/01/2009,TUL,OK,ASW,CE,Combined TRACON& Tower with Radar,89,82,61,18,250,0,3,38,4,45,89,85,99,22,295,56,16,72,367
12/02/2009,TUL,OK,ASW,CE,Combined TRACON& Tower with Radar,90,70,51,32,243,0,2,6,2,10,90,72,57,34,253,14,8,22,275
12/03/2009,TUL,OK,ASW,CE,Combined TRACON& Tower with Radar,91,72,49,96,308,0,8,38,3,49,91,80,87,99,357,14,60,74,431
12/04/2009,TUL,OK,ASW,CE,Combined TRACON& Tower with Radar,92,71,50,28,241,0,10,34,1,45,92,81,84,29,286,8,28,36,322
12/05/2009,TUL,OK,ASW,CE,Combined TRACON& Tower with Radar,73,43,22,15,153,0,2,27,0,29,73,45,49,15,182,18,42,60,242
12/06/2009,TUL,OK,ASW,CE,Combined TRACON& Tower with Radar,71,66,25,4,166,0,2,3,0,5,71,68,28,4,171,0,0,0,171
12/07/2009,TUL,OK,ASW,CE,Combined TRACON& Tower with Radar,79,71,40,50,240,0,1,8,4,13,79,72,48,54,253,0,16,16,269
12/08/2009,TUL,OK,ASW,CE,Combined TRACON& Tower with Radar,89,73,56,2,220,0,0,0,0,0,89,73,56,2,220,0,0,0,220
12/09/2009,TUL,OK,ASW,CE,Combined TRACON& Tower with Radar,105,72,45,46,268,0,1,24,2,27,105,73,69,48,295,74,70,144,439
12/10/2009,TUL,OK,ASW,CE,Combined TRACON& Tower with Radar,101,76,44,64,285,0,2,26,3,31,101,78,70,67,316,52,66,118,434
12/11/2009,TUL,OK,ASW,CE,Combined TRACON& Tower with Radar,95,75,49,44,263,0,0,28,7,35,95,75,77,51,298,112,110,222,520
12/12/2009,TUL,OK,ASW,CE,Combined TRACON& Tower with Radar,80,48,23,11,162,0,0,3,0,3,80,48,26,11,165,16,0,16,181
12/13/2009,TUL,OK,ASW,CE,Combined TRACON& Tower with Radar,74,56,36,7,173,0,0,18,1,19,74,56,54,8,192,26,0,26,218
12/14/2009,TUL,OK,ASW,CE,Combined TRACON& Tower with Radar,82,82,33,39,236,0,1,18,1,20,82,83,51,40,256,10,76,86,342
12/15/2009,TUL,OK,ASW,CE,Combined TRACON& Tower with Radar,91,69,41,68,269,0,2,29,7,38,91,71,70,75,307,38,70,108,415
12/16/2009,TUL,OK,ASW,CE,Combined TRACON& Tower with Radar,91,79,60,41,271,0,3,54,0,57,91,82,114,41,328,34,0,34,362
12/17/2009,TUL,OK,ASW,CE,Combined TRACON& Tower with Radar,89,74,59,36,258,0,10,63,6,79,89,84,122,42,337,38,40,78,415
12/18/2009,TUL,OK,ASW,CE,Combined TRACON& Tower with Radar,89,71,44,30,234,0,5,49,3,57,89,76,93,33,291,86,34,120,411
12/19/2009,TUL,OK,ASW,CE,Combined TRACON& Tower with Radar,73,66,22,2,163,0,0,5,0,5,73,66,27,2,168,86,0,86,254
12/20/2009,TUL,OK,ASW,CE,Combined TRACON& Tower with Radar,75,72,35,0,182,0,1,17,2,20,75,73,52,2,202,0,0,0,202
12/21/2009,TUL,OK,ASW,CE,Combined TRACON& Tower with Radar,74,85,44,46,249,0,1,66,1,68,74,86,110,47,317,22,40,62,379
12/22/2009,TUL,OK,ASW,CE,Combined TRACON& Tower with Radar,92,86,58,57,293,0,2,10,2,14,92,88,68,59,307,6,10,16,323
12/23/2009,TUL,OK,ASW,CE,Combined TRACON& Tower with Radar,83,81,32,0,196,0,0,1,0,1,83,81,33,0,197,0,0,0,197
12/24/2009,TUL,OK,ASW,CE,Combined TRACON& Tower with Radar,47,44,10,0,101,0,0,0,0,0,47,44,10,0,101,0,0,0,101
12/25/2009,TUL,OK,ASW,CE,Combined TRACON& Tower with Radar,48,30,3,0,81,0,0,0,0,0,48,30,3,0,81,0,0,0,81
12/26/2009,TUL,OK,ASW,CE,Combined TRACON& Tower with Radar,73,64,20,0,157,0,0,2,0,2,73,64,22,0,159,0,0,0,159
12/27/2009,TUL,OK,ASW,CE,Combined TRACON& Tower with Radar,74,68,47,0,189,0,2,7,0,9,74,70,54,0,198,0,0,0,198
12/28/2009,TUL,OK,ASW,CE,Combined TRACON& Tower with Radar,75,69,26,0,170,0,1,30,1,32,75,70,56,1,202,0,0,0,202
12/29/2009,TUL,OK,ASW,CE,Combined TRACON& Tower with Radar,81,70,29,0,180,0,2,10,0,12,81,72,39,0,192,6,0,6,198
12/30/2009,TUL,OK,ASW,CE,Combined TRACON& Tower with Radar,82,86,30,0,198,0,0,0,0,0,82,86,30,0,198,0,0,0,198
12/31/2009,TUL,OK,ASW,CE,Combined TRACON& Tower with Radar,73,73,9,2,157,0,0,9,0,9,73,73,18,2,166,0,0,0,166
01/01/2010,TUL,OK,ASW,CE,Combined TRACON& Tower with Radar,58,51,11,2,122,0,3,24,0,27,58,54,35,2,149,22,0,22,171
01/02/2010,TUL,OK,ASW,CE,Combined TRACON& Tower with Radar,68,65,53,0,186,0,1,5,1,7,68,66,58,1,193,0,0,0,193
01/03/2010,TUL,OK,ASW,CE,Combined TRACON& Tower with Radar,75,70,28,0,173,0,0,0,0,0,75,70,28,0,173,0,0,0,173
01/04/2010,TUL,OK,ASW,CE,Combined TRACON& Tower with Radar,90,76,39,1,206,0,0,11,0,11,90,76,50,1,217,2,6,8,225
01/05/2010,TUL,OK,ASW,CE,Combined TRACON& Tower with Radar,86,74,39,20,219,0,0,8,4,12,86,74,47,24,231,0,48,48,279
01/06/2010,TUL,OK,ASW,CE,Combined TRACON& Tower with Radar,88,65,33,35,221,0,2,16,4,22,88,67,49,39,243,8,44,52,295
01/07/2010,TUL,OK,ASW,CE,Combined TRACON& Tower with Radar,86,73,21,6,186,0,0,16,0,16,86,73,37,6,202,0,14,14,216
01/08/2010,TUL,OK,ASW,CE,Combined TRACON& Tower with Radar,93,63,34,27,217,0,0,20,2,22,93,63,54,29,239,2,38,40,279
01/09/2010,TUL,OK,ASW,CE,Combined TRACON& Tower with Radar,71,50,16,4,141,0,0,7,5,12,71,50,23,9,153,32,30,62,215
01/10/2010,TUL,OK,ASW,CE,Combined TRACON& Tower with Radar,75,54,28,2,159,0,0,19,0,19,75,54,47,2,178,8,2,10,188
01/11/2010,TUL,OK,ASW,CE,Combined TRACON& Tower with Radar,88,71,54,70,283,0,0,34,3,37,88,71,88,73,320,20,65,85,405
01/12/2010,TUL,OK,ASW,CE,Combined TRACON& Tower with Radar,91,66,49,21,227,0,0,19,2,21,91,66,68,23,248,0,22,22,270
01/13/2010,TUL,OK,ASW,CE,Combined TRACON& Tower with Radar,95,74,46,45,260,0,5,24,2,31,95,79,70,47,291,4,24,28,319
01/14/2010,TUL,OK,ASW,CE,Combined TRACON& Tower with Radar,92,78,41,71,282,0,2,10,6,18,92,80,51,77,300,10,122,132,432
01/15/2010,TUL,OK,ASW,CE,Combined TRACON& Tower with Radar,93,73,65,16,247,0,0,0,0,0,93,73,65,16,247,0,4,4,251
01/16/2010,TUL,OK,ASW,CE,Combined TRACON& Tower with Radar,59,53,21,0,133,0,0,1,0,1,59,53,22,0,134,4,0,4,138
01/17/2010,TUL,OK,ASW,CE,Combined TRACON& Tower with Radar,75,62,29,5,171,0,0,18,1,19,75,62,47,6,190,12,12,24,214
01/18/2010,TUL,OK,ASW,CE,Combined TRACON& Tower with Radar,92,74,58,7,231,0,1,38,0,39,92,75,96,7,270,32,10,42,312
01/19/2010,TUL,OK,ASW,CE,Combined TRACON& Tower with Radar,91,80,59,54,284,0,5,18,0,23,91,85,77,54,307,44,56,100,407
01/20/2010,TUL,OK,ASW,CE,Combined TRACON& Tower with Radar,92,75,69,78,314,0,0,23,5,28,92,75,92,83,342,12,68,80,422
01/21/2010,TUL,OK,ASW,CE,Combined TRACON& Tower with Radar,89,73,74,37,273,0,2,11,3,16,89,75,85,40,289,32,44,76,365
01/22/2010,TUL,OK,ASW,CE,Combined TRACON& Tower with Radar,95,69,52,22,238,0,1,28,2,31,95,70,80,24,269,46,40,86,355
01/23/2010,TUL,OK,ASW,CE,Combined TRACON& Tower with Radar,67,46,21,2,136,0,0,2,0,2,67,46,23,2,138,4,0,4,142
01/24/2010,TUL,OK,ASW,CE,Combined TRACON& Tower with Radar,71,64,38,12,185,0,0,13,2,15,71,64,51,14,200,40,18,58,258
01/25/2010,TUL,OK,ASW,CE,Combined TRACON& Tower with Radar,85,66,41,46,238,0,4,21,2,27,85,70,62,48,265,40,98,138,403
01/26/2010,TUL,OK,ASW,CE,Combined TRACON& Tower with Radar,87,63,62,14,226,0,1,41,0,42,87,64,103,14,268,0,0,0,268
01/27/2010,TUL,OK,ASW,CE,Combined TRACON& Tower with Radar,97,82,53,24,256,0,1,23,1,25,97,83,76,25,281,32,12,44,325
01/28/2010,TUL,OK,ASW,CE,Combined TRACON& Tower with Radar,28,19,10,1,58,0,0,1,0,1,28,19,11,1,59,0,0,0,59
01/29/2010,TUL,OK,ASW,CE,Combined TRACON& Tower with Radar,7,11,4,0,22,0,0,0,0,0,7,11,4,0,22,0,0,0,22
01/30/2010,TUL,OK,ASW,CE,Combined TRACON& Tower with Radar,58,40,14,0,112,0,0,1,0,1,58,40,15,0,113,0,0,0,113
01/31/2010,TUL,OK,ASW,CE,Combined TRACON& Tower with Radar,74,61,21,0,156,0,0,0,0,0,74,61,21,0,156,0,0,0,156
02/01/2010,TUL,OK,ASW,CE,Combined TRACON& Tower with Radar,84,74,41,19,218,0,0,5,0,5,84,74,46,19,223,0,0,0,223
02/02/2010,TUL,OK,ASW,CE,Combined TRACON& Tower with Radar,83,68,35,43,229,0,0,14,1,15,83,68,49,44,244,0,28,28,272
02/03/2010,TUL,OK,ASW,CE,Combined TRACON& Tower with Radar,95,66,52,39,252,0,2,21,5,28,95,68,73,44,280,12,2,14,294
02/04/2010,TUL,OK,ASW,CE,Combined TRACON& Tower with Radar,88,72,55,1,216,0,0,0,0,0,88,72,55,1,216,0,0,0,216
02/05/2010,TUL,OK,ASW,CE,Combined TRACON& Tower with Radar,95,71,39,7,212,0,0,4,3,7,95,71,43,10,219,18,12,30,249
02/06/2010,TUL,OK,ASW,CE,Combined TRACON& Tower with Radar,61,53,30,29,173,0,0,10,9,19,61,53,40,38,192,40,10,50,242
02/07/2010,TUL,OK,ASW,CE,Combined TRACON& Tower with Radar,72,54,10,4,140,0,0,4,0,4,72,54,14,4,144,0,50,50,194
02/08/2010,TUL,OK,ASW,CE,Combined TRACON& Tower with Radar,80,56,18,0,154,0,0,0,0,0,80,56,18,0,154,0,0,0,154
02/09/2010,TUL,OK,ASW,CE,Combined TRACON& Tower with Radar,93,70,31,63,257,0,2,33,0,35,93,72,64,63,292,4,76,80,372
02/10/2010,TUL,OK,ASW,CE,Combined TRACON& Tower with Radar,97,58,61,57,273,0,2,26,2,30,97,60,87,59,303,14,32,46,349
02/11/2010,TUL,OK,ASW,CE,Combined TRACON& Tower with Radar,75,70,72,57,274,0,3,26,2,31,75,73,98,59,305,40,70,110,415
02/12/2010,TUL,OK,ASW,CE,Combined TRACON& Tower with Radar,87,75,54,16,232,0,1,18,0,19,87,76,72,16,251,22,18,40,291
02/13/2010,TUL,OK,ASW,CE,Combined TRACON& Tower with Radar,67,53,23,1,144,0,0,20,0,20,67,53,43,1,164,0,0,0,164
02/14/2010,TUL,OK,ASW,CE,Combined TRACON& Tower with Radar,76,60,25,0,161,0,1,2,0,3,76,61,27,0,164,0,0,0,164
02/15/2010,TUL,OK,ASW,CE,Combined TRACON& Tower with Radar,80,68,54,1,203,0,0,29,0,29,80,68,83,1,232,24,0,24,256
02/16/2010,TUL,OK,ASW,CE,Combined TRACON& Tower with Radar,86,81,63,80,310,0,1,31,0,32,86,82,94,80,342,6,112,118,460
02/17/2010,TUL,OK,ASW,CE,Combined TRACON& Tower with Radar,90,84,46,48,268,0,3,39,0,42,90,87,85,48,310,24,58,82,392
02/18/2010,TUL,OK,ASW,CE,Combined TRACON& Tower with Radar,87,74,71,44,276,0,0,46,0,46,87,74,117,44,322,62,66,128,450
02/19/2010,TUL,OK,ASW,CE,Combined TRACON& Tower with Radar,91,72,41,31,235,0,5,12,0,17,91,77,53,31,252,2,18,20,272
02/20/2010,TUL,OK,ASW,CE,Combined TRACON& Tower with Radar,63,54,23,1,141,0,0,0,0,0,63,54,23,1,141,0,0,0,141
02/21/2010,TUL,OK,ASW,CE,Combined TRACON& Tower with Radar,64,78,29,1,172,0,0,0,0,0,64,78,29,1,172,0,0,0,172
02/22/2010,TUL,OK,ASW,CE,Combined TRACON& Tower with Radar,84,73,44,78,279,0,0,12,0,12,84,73,56,78,291,4,190,194,485
02/23/2010,TUL,OK,ASW,CE,Combined TRACON& Tower with Radar,89,81,31,45,246,0,3,28,1,32,89,84,59,46,278,10,24,34,312
02/24/2010,TUL,OK,ASW,CE,Combined TRACON& Tower with Radar,90,65,45,51,251,0,0,30,2,32,90,65,75,53,283,6,36,42,325
02/25/2010,TUL,OK,ASW,CE,Combined TRACON& Tower with Radar,86,79,59,62,286,0,5,31,2,38,86,84,90,64,324,40,94,134,458
02/26/2010,TUL,OK,ASW,CE,Combined TRACON& Tower with Radar,96,70,46,11,223,0,0,22,2,24,96,70,68,13,247,10,0,10,257
02/27/2010,TUL,OK,ASW,CE,Combined TRACON& Tower with Radar,64,54,14,2,134,0,0,36,0,36,64,54,50,2,170,56,6,62,232
02/28/2010,TUL,OK,ASW,CE,Combined TRACON& Tower with Radar,84,59,38,4,185,0,3,19,0,22,84,62,57,4,207,20,8,28,235
03/01/2010,TUL,OK,ASW,CE,Combined TRACON& Tower with Radar,84,70,37,58,249,0,2,13,2,17,84,72,50,60,266,0,66,66,332
03/02/2010,TUL,OK,ASW,CE,Combined TRACON& Tower with Radar,81,70,38,20,209,0,2,22,2,26,81,72,60,22,235,0,0,0,235
03/03/2010,TUL,OK,ASW,CE,Combined TRACON& Tower with Radar,84,70,44,13,211,0,5,36,0,41,84,75,80,13,252,12,22,34,286
03/04/2010,TUL,OK,ASW,CE,Combined TRACON& Tower with Radar,79,75,64,18,236,0,6,46,4,56,79,81,110,22,292,64,20,84,376
03/05/2010,TUL,OK,ASW,CE,Combined TRACON& Tower with Radar,92,78,33,26,229,0,2,47,0,49,92,80,80,26,278,100,56,156,434
03/06/2010,TUL,OK,ASW,CE,Combined TRACON& Tower with Radar,63,53,12,7,135,0,0,17,0,17,63,53,29,7,152,8,0,8,160
03/07/2010,TUL,OK,ASW,CE,Combined TRACON& Tower with Radar,69,57,22,2,150,0,2,18,1,21,69,59,40,3,171,0,0,0,171
03/08/2010,TUL,OK,ASW,CE,Combined TRACON& Tower with Radar,82,70,22,20,194,0,2,0,1,3,82,72,22,21,197,4,56,60,257
03/09/2010,TUL,OK,ASW,CE,Combined TRACON& Tower with Radar,85,83,65,51,284,0,4,25,4,33,85,87,90,55,317,0,22,22,339
03/10/2010,TUL,OK,ASW,CE,Combined TRACON& Tower with Radar,95,76,56,10,237,0,3,18,10,31,95,79,74,20,268,0,0,0,268
03/11/2010,TUL,OK,ASW,CE,Combined TRACON& Tower with Radar,99,68,72,41,280,0,4,14,6,24,99,72,86,47,304,16,44,60,364
03/12/2010,TUL,OK,ASW,CE,Combined TRACON& Tower with Radar,85,85,33,12,215,0,2,12,0,14,85,87,45,12,229,34,4,38,267
03/13/2010,TUL,OK,ASW,CE,Combined TRACON& Tower with Radar,67,72,33,0,172,0,0,13,0,13,67,72,46,0,185,36,0,36,221
03/14/2010,TUL,OK,ASW,CE,Combined TRACON& Tower with Radar,74,67,26,2,169,0,0,3,0,3,74,67,29,2,172,0,2,2,174
03/15/2010,TUL,OK,ASW,CE,Combined TRACON& Tower with Radar,85,75,51,37,248,0,3,23,5,31,85,78,74,42,279,20,128,148,427
03/16/2010,TUL,OK,ASW,CE,Combined TRACON& Tower with Radar,88,76,40,32,236,0,1,16,0,17,88,77,56,32,253,0,8,8,261
03/17/2010,TUL,OK,ASW,CE,Combined TRACON& Tower with Radar,86,81,52,18,237,0,2,21,1,24,86,83,73,19,261,42,52,94,355
03/18/2010,TUL,OK,ASW,CE,Combined TRACON& Tower with Radar,87,89,33,20,229,0,4,43,0,47,87,93,76,20,276,36,18,54,330
03/19/2010,TUL,OK,ASW,CE,Combined TRACON& Tower with Radar,87,64,41,30,222,1,2,41,0,44,88,66,82,30,266,34,68,102,368
03/20/2010,TUL,OK,ASW,CE,Combined TRACON& Tower with Radar,56,55,19,3,133,0,0,0,0,0,56,55,19,3,133,0,0,0,133
03/21/2010,TUL,OK,ASW,CE,Combined TRACON& Tower with Radar,63,71,29,3,166,0,0,2,0,2,63,71,31,3,168,0,0,0,168
03/22/2010,TUL,OK,ASW,CE,Combined TRACON& Tower with Radar,83,73,57,29,242,0,6,29,0,35,83,79,86,29,277,22,20,42,319
03/23/2010,TUL,OK,ASW,CE,Combined TRACON& Tower with Radar,81,84,46,31,242,0,7,35,3,45,81,91,81,34,287,34,34,68,355
03/24/2010,TUL,OK,ASW,CE,Combined TRACON& Tower with Radar,97,77,61,27,262,0,0,13,0,13,97,77,74,27,275,0,0,0,275
03/25/2010,TUL,OK,ASW,CE,Combined TRACON& Tower with Radar,87,84,48,25,244,0,0,17,0,17,87,84,65,25,261,30,26,56,317
03/26/2010,TUL,OK,ASW,CE,Combined TRACON& Tower with Radar,85,81,30,23,219,0,1,43,1,45,85,82,73,24,264,10,22,32,296
03/27/2010,TUL,OK,ASW,CE,Combined TRACON& Tower with Radar,55,75,20,6,156,0,3,7,0,10,55,78,27,6,166,0,24,24,190
03/28/2010,TUL,OK,ASW,CE,Combined TRACON& Tower with Radar,71,65,26,0,162,0,1,18,1,20,71,66,44,1,182,20,0,20,202
03/29/2010,TUL,OK,ASW,CE,Combined TRACON& Tower with Radar,82,76,71,41,270,0,2,44,5,51,82,78,115,46,321,28,38,66,387
03/30/2010,TUL,OK,ASW,CE,Combined TRACON& Tower with Radar,95,79,42,38,254,0,3,35,2,40,95,82,77,40,294,10,20,30,324
03/31/2010,TUL,OK,ASW,CE,Combined TRACON& Tower with Radar,84,69,51,65,269,0,2,36,5,43,84,71,87,70,312,2,42,44,356
04/01/2010,TUL,OK,ASW,CE,Combined TRACON& Tower with Radar,89,77,40,39,245,0,3,13,0,16,89,80,53,39,261,0,38,38,299
04/02/2010,TUL,OK,ASW,CE,Combined TRACON& Tower with Radar,94,79,13,10,196,0,2,4,0,6,94,81,17,10,202,12,0,12,214
04/03/2010,TUL,OK,ASW,CE,Combined TRACON& Tower with Radar,58,57,28,1,144,0,0,30,0,30,58,57,58,1,174,40,0,40,214
04/04/2010,TUL,OK,ASW,CE,Combined TRACON& Tower with Radar,65,63,18,0,146,0,3,17,0,20,65,66,35,0,166,0,0,0,166
04/05/2010,TUL,OK,ASW,CE,Combined TRACON& Tower with Radar,78,91,35,40,244,0,1,7,0,8,78,92,42,40,252,10,16,26,278
04/06/2010,TUL,OK,ASW,CE,Combined TRACON& Tower with Radar,82,71,39,32,224,0,1,16,4,21,82,72,55,36,245,4,12,16,261
04/07/2010,TUL,OK,ASW,CE,Combined TRACON& Tower with Radar,77,69,61,32,239,0,3,32,5,40,77,72,93,37,279,8,40,48,327
04/08/2010,TUL,OK,ASW,CE,Combined TRACON& Tower with Radar,82,90,88,47,307,0,1,36,1,38,82,91,124,48,345,4,48,52,397
04/09/2010,TUL,OK,ASW,CE,Combined TRACON& Tower with Radar,86,81,72,36,275,0,4,54,2,60,86,85,126,38,335,130,44,174,509
04/10/2010,TUL,OK,ASW,CE,Combined TRACON& Tower with Radar,60,58,30,16,164,0,2,34,0,36,60,60,64,16,200,34,44,78,278
04/11/2010,TUL,OK,ASW,CE,Combined TRACON& Tower with Radar,63,60,65,7,195,0,2,27,1,30,63,62,92,8,225,82,8,90,315
04/12/2010,TUL,OK,ASW,CE,Combined TRACON& Tower with Radar,66,70,37,82,255,0,11,35,4,50,66,81,72,86,305,8,80,88,393
04/13/2010,TUL,OK,ASW,CE,Combined TRACON& Tower with Radar,82,65,50,58,255,0,4,34,0,38,82,69,84,58,293,60,72,132,425
04/14/2010,TUL,OK,ASW,CE,Combined TRACON& Tower with Radar,81,73,42,40,236,0,1,44,3,48,81,74,86,43,284,70,52,122,406
04/15/2010,TUL,OK,ASW,CE,Combined TRACON& Tower with Radar,76,83,50,86,295,0,0,28,9,37,76,83,78,95,332,42,102,144,476
04/16/2010,TUL,OK,ASW,CE,Combined TRACON& Tower with Radar,87,83,44,15,229,1,0,12,5,18,88,83,56,20,247,14,66,80,327
04/17/2010,TUL,OK,ASW,CE,Combined TRACON& Tower with Radar,56,68,13,0,137,0,0,7,0,7,56,68,20,0,144,56,0,56,200
04/18/2010,TUL,OK,ASW,CE,Combined TRACON& Tower with Radar,69,62,45,0,176,0,0,3,1,4,69,62,48,1,180,0,0,0,180
04/19/2010,TUL,OK,ASW,CE,Combined TRACON& Tower with Radar,70,70,47,45,232,0,2,21,1,24,70,72,68,46,256,30,26,56,312
04/20/2010,TUL,OK,ASW,CE,Combined TRACON& Tower with Radar,82,81,45,68,276,0,4,40,1,45,82,85,85,69,321,26,116,142,463
04/21/2010,TUL,OK,ASW,CE,Combined TRACON& Tower with Radar,79,78,57,32,246,0,9,22,2,33,79,87,79,34,279,61,122,183,462
04/22/2010,TUL,OK,ASW,CE,Combined TRACON& Tower with Radar,86,92,60,35,273,0,3,33,3,39,86,95,93,38,312,50,124,174,486
04/23/2010,TUL,OK,ASW,CE,Combined TRACON& Tower with Radar,77,84,44,29,234,0,0,32,1,33,77,84,76,30,267,178,56,234,501
04/24/2010,TUL,OK,ASW,CE,Combined TRACON& Tower with Radar,60,61,20,3,144,0,1,70,0,71,60,62,90,3,215,232,0,232,447
04/25/2010,TUL,OK,ASW,CE,Combined TRACON& Tower with Radar,72,55,30,5,162,0,5,23,3,31,72,60,53,8,193,12,0,12,205
04/26/2010,TUL,OK,ASW,CE,Combined TRACON& Tower with Radar,74,76,50,31,231,0,0,21,0,21,74,76,71,31,252,2,16,18,270
04/27/2010,TUL,OK,ASW,CE,Combined TRACON& Tower with Radar,79,74,49,40,242,0,5,32,4,41,79,79,81,44,283,20,20,40,323
04/28/2010,TUL,OK,ASW,CE,Combined TRACON& Tower with Radar,82,81,39,32,234,0,0,39,2,41,82,81,78,34,275,0,28,28,303
04/29/2010,TUL,OK,ASW,CE,Combined TRACON& Tower with Radar,75,81,44,54,254,0,0,17,0,17,75,81,61,54,271,0,130,130,401
04/30/2010,TUL,OK,ASW,CE,Combined TRACON& Tower with Radar,85,86,41,0,212,0,4,16,0,20,85,90,57,0,232,14,4,18,250
05/01/2010,TUL,OK,ASW,CE,Combined TRACON& Tower with Radar,67,52,16,11,146,0,0,18,0,18,67,52,34,11,164,20,10,30,194
05/02/2010,TUL,OK,ASW,CE,Combined TRACON& Tower with Radar,66,69,38,1,174,0,0,17,0,17,66,69,55,1,191,10,0,10,201
05/03/2010,TUL,OK,ASW,CE,Combined TRACON& Tower with Radar,82,74,48,73,277,0,1,40,0,41,82,75,88,73,318,56,52,108,426
05/04/2010,TUL,OK,ASW,CE,Combined TRACON& Tower with Radar,80,82,48,28,238,0,0,26,1,27,80,82,74,29,265,32,0,32,297
05/05/2010,TUL,OK,ASW,CE,Combined TRACON& Tower with Radar,79,81,52,61,273,0,1,34,2,37,79,82,86,63,310,0,34,34,344
05/06/2010,TUL,OK,ASW,CE,Combined TRACON& Tower with Radar,84,80,45,56,265,0,3,36,4,43,84,83,81,60,308,20,66,86,394
05/07/2010,TUL,OK,ASW,CE,Combined TRACON& Tower with Radar,84,70,42,56,252,0,4,34,0,38,84,74,76,56,290,14,74,88,378
05/08/2010,TUL,OK,ASW,CE,Combined TRACON& Tower with Radar,61,58,30,1,150,0,3,28,0,31,61,61,58,1,181,56,24,80,261
05/09/2010,TUL,OK,ASW,CE,Combined TRACON& Tower with Radar,68,62,21,2,153,0,0,8,0,8,68,62,29,2,161,8,0,8,169
05/10/2010,TUL,OK,ASW,CE,Combined TRACON& Tower with Radar,72,78,41,22,213,0,0,0,0,0,72,78,41,22,213,0,0,0,213
05/11/2010,TUL,OK,ASW,CE,Combined TRACON& Tower with Radar,85,85,63,37,270,0,0,6,1,7,85,85,69,38,277,6,58,64,341
05/12/2010,TUL,OK,ASW,CE,Combined TRACON& Tower with Radar,80,84,62,59,285,0,0,5,4,9,80,84,67,63,294,6,50,56,350
05/13/2010,TUL,OK,ASW,CE,Combined TRACON& Tower with Radar,86,87,64,12,249,0,0,7,0,7,86,87,71,12,256,20,0,20,276
05/14/2010,TUL,OK,ASW,CE,Combined TRACON& Tower with Radar,86,76,40,2,204,0,0,0,0,0,86,76,40,2,204,0,0,0,204
05/15/2010,TUL,OK,ASW,CE,Combined TRACON& Tower with Radar,67,55,17,0,139,0,0,0,0,0,67,55,17,0,139,0,0,0,139
05/16/2010,TUL,OK,ASW,CE,Combined TRACON& Tower with Radar,76,66,27,0,169,0,0,7,0,7,76,66,34,0,176,0,0,0,176
05/17/2010,TUL,OK,ASW,CE,Combined TRACON& Tower with Radar,80,77,43,46,246,0,1,18,2,21,80,78,61,48,267,46,6,52,319
05/18/2010,TUL,OK,ASW,CE,Combined TRACON& Tower with Radar,88,79,37,77,281,0,0,42,2,44,88,79,79,79,325,26,50,76,401
05/19/2010,TUL,OK,ASW,CE,Combined TRACON& Tower with Radar,78,75,33,7,193,0,0,4,1,5,78,75,37,8,198,0,0,0,198
05/20/2010,TUL,OK,ASW,CE,Combined TRACON& Tower with Radar,87,83,70,72,312,0,2,19,2,23,87,85,89,74,335,0,110,110,445
05/21/2010,TUL,OK,ASW,CE,Combined TRACON& Tower with Radar,88,80,48,10,226,0,5,39,7,51,88,85,87,17,277,38,46,84,361
05/22/2010,TUL,OK,ASW,CE,Combined TRACON& Tower with Radar,76,52,31,0,159,0,0,11,0,11,76,52,42,0,170,10,0,10,180
05/23/2010,TUL,OK,ASW,CE,Combined TRACON& Tower with Radar,70,66,31,33,200,0,0,18,1,19,70,66,49,34,219,14,34,48,267
05/24/2010,TUL,OK,ASW,CE,Combined TRACON& Tower with Radar,76,68,49,86,279,0,1,23,0,24,76,69,72,86,303,24,60,84,387
05/25/2010,TUL,OK,ASW,CE,Combined TRACON& Tower with Radar,84,87,57,51,279,0,0,23,2,25,84,87,80,53,304,20,34,54,358
05/26/2010,TUL,OK,ASW,CE,Combined TRACON& Tower with Radar,81,75,61,49,266,0,1,30,4,35,81,76,91,53,301,0,18,18,319
05/27/2010,TUL,OK,ASW,CE,Combined TRACON& Tower with Radar,91,77,62,36,266,0,1,53,4,58,91,78,115,40,324,72,82,154,478
05/28/2010,TUL,OK,ASW,CE,Combined TRACON& Tower with Radar,84,81,30,48,243,0,4,37,4,45,84,85,67,52,288,76,120,196,484
05/29/2010,TUL,OK,ASW,CE,Combined TRACON& Tower with Radar,68,61,17,0,146,0,2,30,1,33,68,63,47,1,179,38,0,38,217
05/30/2010,TUL,OK,ASW,CE,Combined TRACON& Tower with Radar,56,59,17,1,133,0,3,14,1,18,56,62,31,2,151,0,0,0,151
05/31/2010,TUL,OK,ASW,CE,Combined TRACON& Tower with Radar,71,58,13,8,150,0,1,23,0,24,71,59,36,8,174,30,0,30,204
06/01/2010,TUL,OK,ASW,CE,Combined TRACON& Tower with Radar,80,79,53,59,271,0,0,32,3,35,80,79,85,62,306,6,54,60,366
06/02/2010,TUL,OK,ASW,CE,Combined TRACON& Tower with Radar,97,78,48,39,262,0,4,33,8,45,97,82,81,47,307,36,42,78,385
06/03/2010,TUL,OK,ASW,CE,Combined TRACON& Tower with Radar,86,86,54,18,244,0,0,47,4,51,86,86,101,22,295,80,30,110,405
06/04/2010,TUL,OK,ASW,CE,Combined TRACON& Tower with Radar,88,74,45,38,245,0,2,50,6,58,88,76,95,44,303,64,64,128,431
06/05/2010,TUL,OK,ASW,CE,Combined TRACON& Tower with Radar,67,62,18,12,159,0,0,18,2,20,67,62,36,14,179,8,6,14,193
06/06/2010,TUL,OK,ASW,CE,Combined TRACON& Tower with Radar,71,71,28,2,172,0,0,12,6,18,71,71,40,8,190,20,6,26,216
06/07/2010,TUL,OK,ASW,CE,Combined TRACON& Tower with Radar,73,80,44,43,240,0,2,15,3,20,73,82,59,46,260,46,50,96,356
06/08/2010,TUL,OK,ASW,CE,Combined TRACON& Tower with Radar,83,89,53,58,283,0,3,27,3,33,83,92,80,61,316,2,12,14,330
06/09/2010,TUL,OK,ASW,CE,Combined TRACON& Tower with Radar,83,79,47,0,209,0,0,18,2,20,83,79,65,2,229,16,0,16,245
06/10/2010,TUL,OK,ASW,CE,Combined TRACON& Tower with Radar,90,81,71,9,251,0,0,13,0,13,90,81,84,9,264,30,16,46,310
06/11/2010,TUL,OK,ASW,CE,Combined TRACON& Tower with Radar,83,79,59,24,245,0,0,24,3,27,83,79,83,27,272,32,42,74,346
06/12/2010,TUL,OK,ASW,CE,Combined TRACON& Tower with Radar,71,63,34,1,169,0,0,20,0,20,71,63,54,1,189,6,0,6,195
06/13/2010,TUL,OK,ASW,CE,Combined TRACON& Tower with Radar,72,68,35,12,187,0,0,15,0,15,72,68,50,12,202,10,0,10,212
06/14/2010,TUL,OK,ASW,CE,Combined TRACON& Tower with Radar,79,75,30,0,184,0,0,5,0,5,79,75,35,0,189,0,0,0,189
06/15/2010,TUL,OK,ASW,CE,Combined TRACON& Tower with Radar,89,99,50,34,272,0,3,19,0,22,89,102,69,34,294,28,4,32,326
06/16/2010,TUL,OK,ASW,CE,Combined TRACON& Tower with Radar,96,79,51,40,266,0,2,23,2,27,96,81,74,42,293,0,0,0,293
06/17/2010,TUL,OK,ASW,CE,Combined TRACON& Tower with Radar,86,80,72,73,311,0,4,53,0,57,86,84,125,73,368,80,112,192,560
06/18/2010,TUL,OK,ASW,CE,Combined TRACON& Tower with Radar,82,83,77,80,322,0,2,34,7,43,82,85,111,87,365,74,154,228,593
06/19/2010,TUL,OK,ASW,CE,Combined TRACON& Tower with Radar,80,59,41,0,180,0,0,21,3,24,80,59,62,3,204,54,0,54,258
06/20/2010,TUL,OK,ASW,CE,Combined TRACON& Tower with Radar,72,68,34,2,176,0,0,10,2,12,72,68,44,4,188,10,0,10,198
06/21/2010,TUL,OK,ASW,CE,Combined TRACON& Tower with Radar,83,81,53,107,324,0,3,21,2,26,83,84,74,109,350,32,114,146,496
06/22/2010,TUL,OK,ASW,CE,Combined TRACON& Tower with Radar,92,79,52,58,281,4,4,36,4,48,96,83,88,62,329,16,20,36,365
06/23/2010,TUL,OK,ASW,CE,Combined TRACON& Tower with Radar,91,78,73,51,293,0,3,31,6,40,91,81,104,57,333,22,40,62,395
06/24/2010,TUL,OK,ASW,CE,Combined TRACON& Tower with Radar,98,80,38,50,266,0,1,32,9,42,98,81,70,59,308,18,124,142,450
06/25/2010,TUL,OK,ASW,CE,Combined TRACON& Tower with Radar,88,83,53,51,275,0,5,52,1,58,88,88,105,52,333,82,68,150,483
06/26/2010,TUL,OK,ASW,CE,Combined TRACON& Tower with Radar,73,61,26,0,160,0,2,25,0,27,73,63,51,0,187,46,0,46,233
06/27/2010,TUL,OK,ASW,CE,Combined TRACON& Tower with Radar,73,60,24,0,157,0,10,25,0,35,73,70,49,0,192,12,0,12,204
06/28/2010,TUL,OK,ASW,CE,Combined TRACON& Tower with Radar,97,78,54,45,274,0,2,11,4,17,97,80,65,49,291,18,76,94,385
06/29/2010,TUL,OK,ASW,CE,Combined TRACON& Tower with Radar,82,87,45,126,340,0,3,27,8,38,82,90,72,134,378,2,84,86,464
06/30/2010,TUL,OK,ASW,CE,Combined TRACON& Tower with Radar,91,88,48,69,296,0,6,26,4,36,91,94,74,73,332,0,8,8,340
07/01/2010,TUL,OK,ASW,CE,Combined TRACON& Tower with Radar,83,95,50,71,299,0,2,26,5,33,83,97,76,76,332,34,180,214,546
07/02/2010,TUL,OK,ASW,CE,Combined TRACON& Tower with Radar,99,82,44,4,229,0,1,43,4,48,99,83,87,8,277,46,18,64,341
07/03/2010,TUL,OK,ASW,CE,Combined TRACON& Tower with Radar,65,65,11,0,141,0,0,1,0,1,65,65,12,0,142,12,0,12,154
07/04/2010,TUL,OK,ASW,CE,Combined TRACON& Tower with Radar,65,37,10,1,113,0,0,9,1,10,65,37,19,2,123,6,0,6,129
07/05/2010,TUL,OK,ASW,CE,Combined TRACON& Tower with Radar,55,76,26,1,158,0,1,4,0,5,55,77,30,1,163,24,0,24,187
07/06/2010,TUL,OK,ASW,CE,Combined TRACON& Tower with Radar,79,80,26,7,192,0,0,8,1,9,79,80,34,8,201,2,26,28,229
07/07/2010,TUL,OK,ASW,CE,Combined TRACON& Tower with Radar,86,79,44,42,251,0,0,12,1,13,86,79,56,43,264,14,32,46,310
07/08/2010,TUL,OK,ASW,CE,Combined TRACON& Tower with Radar,84,87,38,33,242,0,0,7,3,10,84,87,45,36,252,8,120,128,380
07/09/2010,TUL,OK,ASW,CE,Combined TRACON& Tower with Radar,90,76,29,20,215,0,0,16,0,16,90,76,45,20,231,18,26,44,275
07/10/2010,TUL,OK,ASW,CE,Combined TRACON& Tower with Radar,75,65,23,0,163,0,0,10,2,12,75,65,33,2,175,28,0,28,203
07/11/2010,TUL,OK,ASW,CE,Combined TRACON& Tower with Radar,80,73,46,6,205,0,1,10,3,14,80,74,56,9,219,12,0,12,231
07/12/2010,TUL,OK,ASW,CE,Combined TRACON& Tower with Radar,77,83,19,45,224,0,0,12,1,13,77,83,31,46,237,0,0,0,237
07/13/2010,TUL,OK,ASW,CE,Combined TRACON& Tower with Radar,93,79,43,46,261,0,9,21,3,33,93,88,64,49,294,12,20,32,326
07/14/2010,TUL,OK,ASW,CE,Combined TRACON& Tower with Radar,91,84,52,37,264,0,3,31,0,34,91,87,83,37,298,5,28,33,331
07/15/2010,TUL,OK,ASW,CE,Combined TRACON& Tower with Radar,84,77,53,65,279,0,3,31,3,37,84,80,84,68,316,32,50,82,398
07/16/2010,TUL,OK,ASW,CE,Combined TRACON& Tower with Radar,89,74,38,12,213,0,3,28,2,33,89,77,66,14,246,36,10,46,292
07/17/2010,TUL,OK,ASW,CE,Combined TRACON& Tower with Radar,80,56,24,26,186,0,2,16,3,21,80,58,40,29,207,12,18,30,237
07/18/2010,TUL,OK,ASW,CE,Combined TRACON& Tower with Radar,77,63,28,8,176,0,1,27,1,29,77,64,55,9,205,18,0,18,223
07/19/2010,TUL,OK,ASW,CE,Combined TRACON& Tower with Radar,80,77,61,67,285,0,3,39,0,42,80,80,100,67,327,8,76,84,411
07/20/2010,TUL,OK,ASW,CE,Combined TRACON& Tower with Radar,95,80,76,71,322,0,3,23,5,31,95,83,99,76,353,51,96,147,500
07/21/2010,TUL,OK,ASW,CE,Combined TRACON& Tower with Radar,87,78,66,45,276,0,4,45,5,54,87,82,111,50,330,6,10,16,346
07/22/2010,TUL,OK,ASW,CE,Combined TRACON& Tower with Radar,92,83,39,35,249,0,4,26,4,34,92,87,65,39,283,54,24,78,361
07/23/2010,TUL,OK,ASW,CE,Combined TRACON& Tower with Radar,95,81,45,67,288,0,2,20,3,25,95,83,65,70,313,28,98,126,439
07/24/2010,TUL,OK,ASW,CE,Combined TRACON& Tower with Radar,69,52,30,18,169,0,1,22,2,25,69,53,52,20,194,28,0,28,222
07/25/2010,TUL,OK,ASW,CE,Combined TRACON& Tower with Radar,78,70,29,14,191,0,0,18,1,19,78,70,47,15,210,12,20,32,242
07/26/2010,TUL,OK,ASW,CE,Combined TRACON& Tower with Radar,83,79,42,50,254,0,0,24,0,24,83,79,66,50,278,4,26,30,308
07/27/2010,TUL,OK,ASW,CE,Combined TRACON& Tower with Radar,86,85,64,49,284,0,5,28,0,33,86,90,92,49,317,28,86,114,431
07/28/2010,TUL,OK,ASW,CE,Combined TRACON& Tower with Radar,83,83,45,37,248,0,4,21,1,26,83,87,66,38,274,31,22,53,327
07/29/2010,TUL,OK,ASW,CE,Combined TRACON& Tower with Radar,83,89,60,37,269,0,1,26,1,28,83,90,86,38,297,36,42,78,375
07/30/2010,TUL,OK,ASW,CE,Combined TRACON& Tower with Radar,89,76,40,36,241,0,7,43,0,50,89,83,83,36,291,26,48,74,365
07/31/2010,TUL,OK,ASW,CE,Combined TRACON& Tower with Radar,69,55,27,0,151,0,0,23,0,23,69,55,50,0,174,18,0,18,192
08/01/2010,TUL,OK,ASW,CE,Combined TRACON& Tower with Radar,73,77,17,10,177,0,3,15,1,19,73,80,32,11,196,10,10,20,216
08/02/2010,TUL,OK,ASW,CE,Combined TRACON& Tower with Radar,83,78,21,11,193,0,4,29,2,35,83,82,50,13,228,30,14,44,272
08/03/2010,TUL,OK,ASW,CE,Combined TRACON& Tower with Radar,92,73,35,33,233,0,2,42,4,48,92,75,77,37,281,12,30,42,323
08/04/2010,TUL,OK,ASW,CE,Combined TRACON& Tower with Radar,92,87,46,28,253,0,4,32,0,36,92,91,78,28,289,30,28,58,347
08/05/2010,TUL,OK,ASW,CE,Combined TRACON& Tower with Radar,87,97,52,17,253,0,4,29,1,34,87,101,81,18,287,16,40,56,343
08/06/2010,TUL,OK,ASW,CE,Combined TRACON& Tower with Radar,95,75,39,36,245,0,4,44,3,51,95,79,83,39,296,4,40,44,340
08/07/2010,TUL,OK,ASW,CE,Combined TRACON& Tower with Radar,82,70,27,11,190,0,0,13,0,13,82,70,40,11,203,14,10,24,227
08/08/2010,TUL,OK,ASW,CE,Combined TRACON& Tower with Radar,71,73,28,2,174,0,0,15,0,15,71,73,43,2,189,10,0,10,199
08/09/2010,TUL,OK,ASW,CE,Combined TRACON& Tower with Radar,83,79,40,56,258,0,6,31,0,37,83,85,71,56,295,24,52,76,371
08/10/2010,TUL,OK,ASW,CE,Combined TRACON& Tower with Radar,89,96,52,34,271,0,5,45,4,54,89,101,97,38,325,34,10,44,369
08/11/2010,TUL,OK,ASW,CE,Combined TRACON& Tower with Radar,89,84,64,42,279,0,5,33,1,39,89,89,97,43,318,14,32,46,364
08/12/2010,TUL,OK,ASW,CE,Combined TRACON& Tower with Radar,87,90,53,27,257,0,1,38,2,41,87,91,91,29,298,4,42,46,344
08/13/2010,TUL,OK,ASW,CE,Combined TRACON& Tower with Radar,97,94,43,25,259,0,1,44,0,45,97,95,87,25,304,22,28,50,354
08/14/2010,TUL,OK,ASW,CE,Combined TRACON& Tower with Radar,73,60,35,9,177,0,1,27,0,28,73,61,62,9,205,16,6,22,227
08/15/2010,TUL,OK,ASW,CE,Combined TRACON& Tower with Radar,69,69,33,6,177,0,2,9,0,11,69,71,42,6,188,20,8,28,216
08/16/2010,TUL,OK,ASW,CE,Combined TRACON& Tower with Radar,82,83,40,68,273,0,1,17,2,20,82,84,57,70,293,52,136,188,481
08/17/2010,TUL,OK,ASW,CE,Combined TRACON& Tower with Radar,92,84,45,38,259,0,1,12,1,14,92,85,57,39,273,52,80,132,405
08/18/2010,TUL,OK,ASW,CE,Combined TRACON& Tower with Radar,94,70,67,69,300,0,2,31,5,38,94,72,98,74,338,58,56,114,452
08/19/2010,TUL,OK,ASW,CE,Combined TRACON& Tower with Radar,94,79,66,83,322,0,0,37,0,37,94,79,103,83,359,22,78,100,459
08/20/2010,TUL,OK,ASW,CE,Combined TRACON& Tower with Radar,99,69,42,66,276,0,1,30,0,31,99,70,72,66,307,10,90,100,407
08/21/2010,TUL,OK,ASW,CE,Combined TRACON& Tower with Radar,90,53,19,2,164,0,0,27,0,27,90,53,46,2,191,58,2,60,251
08/22/2010,TUL,OK,ASW,CE,Combined TRACON& Tower with Radar,78,63,22,4,167,0,0,9,0,9,78,63,31,4,176,0,0,0,176
08/23/2010,TUL,OK,ASW,CE,Combined TRACON& Tower with Radar,84,71,46,62,263,0,4,33,4,41,84,75,79,66,304,12,106,118,422
08/24/2010,TUL,OK,ASW,CE,Combined TRACON& Tower with Radar,94,78,52,23,247,0,2,23,0,25,94,80,75,23,272,12,12,24,296
08/25/2010,TUL,OK,ASW,CE,Combined TRACON& Tower with Radar,89,77,41,17,224,0,3,34,4,41,89,80,75,21,265,4,24,28,293
08/26/2010,TUL,OK,ASW,CE,Combined TRACON& Tower with Radar,88,73,44,30,235,0,3,49,0,52,88,76,93,30,287,62,48,110,397
08/27/2010,TUL,OK,ASW,CE,Combined TRACON& Tower with Radar,86,75,42,17,220,1,3,48,1,53,87,78,90,18,273,16,18,34,307
08/28/2010,TUL,OK,ASW,CE,Combined TRACON& Tower with Radar,78,50,25,6,159,0,0,25,0,25,78,50,50,6,184,0,0,0,184
08/29/2010,TUL,OK,ASW,CE,Combined TRACON& Tower with Radar,78,57,15,17,167,0,1,13,0,14,78,58,28,17,181,4,24,28,209
08/30/2010,TUL,OK,ASW,CE,Combined TRACON& Tower with Radar,82,80,51,27,240,0,1,19,1,21,82,81,70,28,261,38,58,96,357
08/31/2010,TUL,OK,ASW,CE,Combined TRACON& Tower with Radar,93,76,51,43,263,0,2,30,2,34,93,78,81,45,297,34,74,108,405
09/01/2010,TUL,OK,ASW,CE,Combined TRACON& Tower with Radar,92,76,48,16,232,0,0,7,0,7,92,76,55,16,239,0,0,0,239
09/02/2010,TUL,OK,ASW,CE,Combined TRACON& Tower with Radar,94,84,50,27,255,0,3,22,0,25,94,87,72,27,280,2,26,28,308
09/03/2010,TUL,OK,ASW,CE,Combined TRACON& Tower with Radar,95,78,38,51,262,0,1,21,0,22,95,79,59,51,284,28,54,82,366
09/04/2010,TUL,OK,ASW,CE,Combined TRACON& Tower with Radar,74,39,23,0,136,0,0,25,0,25,74,39,48,0,161,50,0,50,211
09/05/2010,TUL,OK,ASW,CE,Combined TRACON& Tower with Radar,54,45,16,0,115,0,1,12,0,13,54,46,28,0,128,4,0,4,132
09/06/2010,TUL,OK,ASW,CE,Combined TRACON& Tower with Radar,71,62,24,12,169,0,2,17,0,19,71,64,41,12,188,32,0,32,220
09/07/2010,TUL,OK,ASW,CE,Combined TRACON& Tower with Radar,90,66,54,7,217,0,0,18,0,18,90,66,72,7,235,14,8,22,257
09/08/2010,TUL,OK,ASW,CE,Combined TRACON& Tower with Radar,96,68,41,8,213,0,0,0,0,0,96,68,41,8,213,0,0,0,213
09/09/2010,TUL,OK,ASW,CE,Combined TRACON& Tower with Radar,102,70,54,40,266,0,1,2,0,3,102,71,56,40,269,50,42,92,361
09/10/2010,TUL,OK,ASW,CE,Combined TRACON& Tower with Radar,101,81,46,17,245,0,1,28,0,29,101,82,74,17,274,44,36,80,354
09/11/2010,TUL,OK,ASW,CE,Combined TRACON& Tower with Radar,66,52,23,23,164,0,1,70,0,71,66,53,93,23,235,138,26,164,399
09/12/2010,TUL,OK,ASW,CE,Combined TRACON& Tower with Radar,83,54,49,6,192,0,3,35,0,38,83,57,84,6,230,2,0,2,232
09/13/2010,TUL,OK,ASW,CE,Combined TRACON& Tower with Radar,84,62,26,10,182,0,3,24,0,27,84,65,50,10,209,0,0,0,209
09/14/2010,TUL,OK,ASW,CE,Combined TRACON& Tower with Radar,87,61,69,50,267,0,3,30,3,36,87,64,99,53,303,0,84,84,387
09/15/2010,TUL,OK,ASW,CE,Combined TRACON& Tower with Radar,90,76,64,38,268,0,3,21,2,26,90,79,85,40,294,18,52,70,364
09/16/2010,TUL,OK,ASW,CE,Combined TRACON& Tower with Radar,92,77,64,49,282,0,2,22,1,25,92,79,86,50,307,12,36,48,355
09/17/2010,TUL,OK,ASW,CE,Combined TRACON& Tower with Radar,96,70,49,33,248,0,4,57,2,63,96,74,106,35,311,58,44,102,413
09/18/2010,TUL,OK,ASW,CE,Combined TRACON& Tower with Radar,67,39,21,0,127,0,2,29,0,31,67,41,50,0,158,16,0,16,174
09/19/2010,TUL,OK,ASW,CE,Combined TRACON& Tower with Radar,83,61,23,10,177,0,0,24,0,24,83,61,47,10,201,4,0,4,205
09/20/2010,TUL,OK,ASW,CE,Combined TRACON& Tower with Radar,83,69,30,56,238,0,0,29,0,29,83,69,59,56,267,16,82,98,365
09/21/2010,TUL,OK,ASW,CE,Combined TRACON& Tower with Radar,97,63,46,98,304,0,2,21,1,24,97,65,67,99,328,46,108,154,482
09/22/2010,TUL,OK,ASW,CE,Combined TRACON& Tower with Radar,95,67,55,46,263,0,0,33,0,33,95,67,88,46,296,30,80,110,406
09/23/2010,TUL,OK,ASW,CE,Combined TRACON& Tower with Radar,92,70,38,43,243,0,5,21,0,26,92,75,59,43,269,30,66,96,365
09/24/2010,TUL,OK,ASW,CE,Combined TRACON& Tower with Radar,92,72,64,58,286,0,0,30,1,31,92,72,94,59,317,34,14,48,365
09/25/2010,TUL,OK,ASW,CE,Combined TRACON& Tower with Radar,67,50,30,0,147,0,4,37,0,41,67,54,67,0,188,54,0,54,242
09/26/2010,TUL,OK,ASW,CE,Combined TRACON& Tower with Radar,78,59,41,33,211,0,0,21,0,21,78,59,62,33,232,4,16,20,252
09/27/2010,TUL,OK,ASW,CE,Combined TRACON& Tower with Radar,83,76,40,77,276,0,2,36,0,38,83,78,76,77,314,18,50,68,382
09/28/2010,TUL,OK,ASW,CE,Combined TRACON& Tower with Radar,98,69,57,32,256,0,5,37,0,42,98,74,94,32,298,20,28,48,346
09/29/2010,TUL,OK,ASW,CE,Combined TRACON& Tower with Radar,98,64,58,24,244,0,0,56,0,56,98,64,114,24,300,28,8,36,336
09/30/2010,TUL,OK,ASW,CE,Combined TRACON& Tower with Radar,93,77,56,3,229,0,4,32,1,37,93,81,88,4,266,26,0,26,292
10/01/2010,TUL,OK,ASW,CE,Combined TRACON& Tower with Radar,98,75,49,46,268,0,2,32,0,34,98,77,81,46,302,2,46,48,350
10/02/2010,TUL,OK,ASW,CE,Combined TRACON& Tower with Radar,70,54,17,5,146,0,2,19,2,23,70,56,36,7,169,38,0,38,207
10/03/2010,TUL,OK,ASW,CE,Combined TRACON& Tower with Radar,103,65,28,5,201,0,3,28,0,31,103,68,56,5,232,64,0,64,296
10/04/2010,TUL,OK,ASW,CE,Combined TRACON& Tower with Radar,84,67,52,41,244,0,2,33,0,35,84,69,85,41,279,20,24,44,323
10/05/2010,TUL,OK,ASW,CE,Combined TRACON& Tower with Radar,96,66,61,19,242,0,4,47,8,59,96,70,108,27,301,24,24,48,349
10/06/2010,TUL,OK,ASW,CE,Combined TRACON& Tower with Radar,93,68,60,23,244,0,1,44,0,45,93,69,104,23,289,16,16,32,321
10/07/2010,TUL,OK,ASW,CE,Combined TRACON& Tower with Radar,101,81,54,19,255,0,5,33,0,38,101,86,87,19,293,48,32,80,373
10/08/2010,TUL,OK,ASW,CE,Combined TRACON& Tower with Radar,89,83,47,44,263,0,5,33,0,38,89,88,80,44,301,22,22,44,345
10/09/2010,TUL,OK,ASW,CE,Combined TRACON& Tower with Radar,69,56,24,0,149,0,1,25,0,26,69,57,49,0,175,42,0,42,217
10/10/2010,TUL,OK,ASW,CE,Combined TRACON& Tower with Radar,83,63,43,0,189,0,2,23,0,25,83,65,66,0,214,0,0,0,214
10/11/2010,TUL,OK,ASW,CE,Combined TRACON& Tower with Radar,87,76,50,0,213,0,1,22,0,23,87,77,72,0,236,7,0,7,243
10/12/2010,TUL,OK,ASW,CE,Combined TRACON& Tower with Radar,88,76,51,37,252,0,3,24,1,28,88,79,75,38,280,42,40,82,362
10/13/2010,TUL,OK,ASW,CE,Combined TRACON& Tower with Radar,101,65,56,51,273,0,1,40,0,41,101,66,96,51,314,14,76,90,404
10/14/2010,TUL,OK,ASW,CE,Combined TRACON& Tower with Radar,101,81,42,42,266,0,0,51,0,51,101,81,93,42,317,42,72,114,431
10/15/2010,TUL,OK,ASW,CE,Combined TRACON& Tower with Radar,95,76,60,31,262,0,6,53,0,59,95,82,113,31,321,44,52,96,417
10/16/2010,TUL,OK,ASW,CE,Combined TRACON& Tower with Radar,66,50,30,4,150,0,5,41,3,49,66,55,71,7,199,46,44,90,289
10/17/2010,TUL,OK,ASW,CE,Combined TRACON& Tower with Radar,78,62,31,8,179,0,1,30,0,31,78,63,61,8,210,0,0,0,210
10/18/2010,TUL,OK,ASW,CE,Combined TRACON& Tower with Radar,86,70,43,64,263,0,2,33,1,36,86,72,76,65,299,28,64,92,391
10/19/2010,TUL,OK,ASW,CE,Combined TRACON& Tower with Radar,90,65,55,24,234,0,0,6,0,6,90,65,61,24,240,0,32,32,272
10/20/2010,TUL,OK,ASW,CE,Combined TRACON& Tower with Radar,94,75,73,21,263,0,1,42,4,47,94,76,115,25,310,36,52,88,398
10/21/2010,TUL,OK,ASW,CE,Combined TRACON& Tower with Radar,95,81,86,36,298,0,1,32,0,33,95,82,118,36,331,28,38,66,397
10/22/2010,TUL,OK,ASW,CE,Combined TRACON& Tower with Radar,95,85,40,20,240,0,1,18,0,19,95,86,58,20,259,0,48,48,307
10/23/2010,TUL,OK,ASW,CE,Combined TRACON& Tower with Radar,71,51,30,0,152,0,0,7,1,8,71,51,37,1,160,0,0,0,160
10/24/2010,TUL,OK,ASW,CE,Combined TRACON& Tower with Radar,87,64,49,2,202,0,2,18,0,20,87,66,67,2,222,0,0,0,222
10/25/2010,TUL,OK,ASW,CE,Combined TRACON& Tower with Radar,78,73,40,32,223,0,3,14,1,18,78,76,54,33,241,48,30,78,319
10/26/2010,TUL,OK,ASW,CE,Combined TRACON& Tower with Radar,95,64,65,62,286,0,4,28,5,37,95,68,93,67,323,44,92,136,459
10/27/2010,TUL,OK,ASW,CE,Combined TRACON& Tower with Radar,85,78,50,24,237,0,5,22,4,31,85,83,72,28,268,2,28,30,298
10/28/2010,TUL,OK,ASW,CE,Combined TRACON& Tower with Radar,91,77,67,46,281,0,4,37,7,48,91,81,104,53,329,40,62,102,431
10/29/2010,TUL,OK,ASW,CE,Combined TRACON& Tower with Radar,93,88,55,17,253,0,1,33,3,37,93,89,88,20,290,14,12,26,316
10/30/2010,TUL,OK,ASW,CE,Combined TRACON& Tower with Radar,67,60,41,0,168,0,0,29,0,29,67,60,70,0,197,46,0,46,243
10/31/2010,TUL,OK,ASW,CE,Combined TRACON& Tower with Radar,75,63,23,1,162,0,7,17,0,24,75,70,40,1,186,16,0,16,202
11/01/2010,TUL,OK,ASW,CE,Combined TRACON& Tower with Radar,83,68,42,56,249,0,1,22,0,23,83,69,64,56,272,12,62,74,346
11/02/2010,TUL,OK,ASW,CE,Combined TRACON& Tower with Radar,93,63,51,18,225,0,1,19,3,23,93,64,70,21,248,0,16,16,264
11/03/2010,TUL,OK,ASW,CE,Combined TRACON& Tower with Radar,97,70,44,28,239,0,1,24,1,26,97,71,68,29,265,34,24,58,323
11/04/2010,TUL,OK,ASW,CE,Combined TRACON& Tower with Radar,89,82,72,59,302,0,0,34,12,46,89,82,106,71,348,72,122,194,542
11/05/2010,TUL,OK,ASW,CE,Combined TRACON& Tower with Radar,99,84,61,33,277,0,2,38,6,46,99,86,99,39,323,90,72,162,485
11/06/2010,TUL,OK,ASW,CE,Combined TRACON& Tower with Radar,74,51,25,4,154,0,0,36,6,42,74,51,61,10,196,10,4,14,210
11/07/2010,TUL,OK,ASW,CE,Combined TRACON& Tower with Radar,73,61,45,8,187,0,2,20,0,22,73,63,65,8,209,4,0,4,213
11/08/2010,TUL,OK,ASW,CE,Combined TRACON& Tower with Radar,74,76,37,45,232,0,1,29,2,32,74,77,66,47,264,14,40,54,318
11/09/2010,TUL,OK,ASW,CE,Combined TRACON& Tower with Radar,87,75,53,43,258,0,4,36,9,49,87,79,89,52,307,12,32,44,351
11/10/2010,TUL,OK,ASW,CE,Combined TRACON& Tower with Radar,96,80,60,25,261,0,19,35,0,54,96,99,95,25,315,34,34,68,383
11/11/2010,TUL,OK,ASW,CE,Combined TRACON& Tower with Radar,86,82,78,3,249,0,0,15,0,15,86,82,93,3,264,20,0,20,284
11/12/2010,TUL,OK,ASW,CE,Combined TRACON& Tower with Radar,91,71,44,0,206,0,1,0,1,2,91,72,44,1,208,0,0,0,208
11/13/2010,TUL,OK,ASW,CE,Combined TRACON& Tower with Radar,74,53,29,0,156,0,0,20,0,20,74,53,49,0,176,10,0,10,186
11/14/2010,TUL,OK,ASW,CE,Combined TRACON& Tower with Radar,79,68,41,0,188,0,0,27,0,27,79,68,68,0,215,0,0,0,215
11/15/2010,TUL,OK,ASW,CE,Combined TRACON& Tower with Radar,72,72,53,38,235,0,0,18,0,18,72,72,71,38,253,12,8,20,273
11/16/2010,TUL,OK,ASW,CE,Combined TRACON& Tower with Radar,86,72,58,98,314,0,2,27,3,32,86,74,85,101,346,14,68,82,428
11/17/2010,TUL,OK,ASW,CE,Combined TRACON& Tower with Radar,90,79,68,63,300,0,0,20,6,26,90,79,88,69,326,32,70,102,428
11/18/2010,TUL,OK,ASW,CE,Combined TRACON& Tower with Radar,90,95,60,45,290,0,4,37,0,41,90,99,97,45,331,54,74,128,459
11/19/2010,TUL,OK,ASW,CE,Combined TRACON& Tower with Radar,91,74,60,36,261,0,1,40,3,44,91,75,100,39,305,54,58,112,417
11/20/2010,TUL,OK,ASW,CE,Combined TRACON& Tower with Radar,83,50,29,0,162,0,0,17,0,17,83,50,46,0,179,36,0,36,215
11/21/2010,TUL,OK,ASW,CE,Combined TRACON& Tower with Radar,76,60,41,18,195,0,0,8,0,8,76,60,49,18,203,0,10,10,213
11/22/2010,TUL,OK,ASW,CE,Combined TRACON& Tower with Radar,74,78,47,74,273,0,2,21,0,23,74,80,68,74,296,0,20,20,316
11/23/2010,TUL,OK,ASW,CE,Combined TRACON& Tower with Radar,101,83,63,46,293,0,0,38,1,39,101,83,101,47,332,48,58,106,438
11/24/2010,TUL,OK,ASW,CE,Combined TRACON& Tower with Radar,88,76,37,4,205,0,3,6,1,10,88,79,43,5,215,0,0,0,215
11/25/2010,TUL,OK,ASW,CE,Combined TRACON& Tower with Radar,55,32,7,0,94,0,1,0,0,1,55,33,7,0,95,0,0,0,95
11/26/2010,TUL,OK,ASW,CE,Combined TRACON& Tower with Radar,66,50,25,0,141,0,1,18,0,19,66,51,43,0,160,0,0,0,160
11/27/2010,TUL,OK,ASW,CE,Combined TRACON& Tower with Radar,67,63,34,0,164,0,3,26,0,29,67,66,60,0,193,34,0,34,227
11/28/2010,TUL,OK,ASW,CE,Combined TRACON& Tower with Radar,82,68,45,0,195,0,0,11,2,13,82,68,56,2,208,0,0,0,208
11/29/2010,TUL,OK,ASW,CE,Combined TRACON& Tower with Radar,83,76,42,43,244,0,1,10,2,13,83,77,52,45,257,10,40,50,307
11/30/2010,TUL,OK,ASW,CE,Combined TRACON& Tower with Radar,88,73,66,42,269,0,2,39,7,48,88,75,105,49,317,6,44,50,367
12/01/2010,TUL,OK,ASW,CE,Combined TRACON& Tower with Radar,85,68,40,85,278,0,4,35,3,42,85,72,75,88,320,54,102,156,476
12/02/2010,TUL,OK,ASW,CE,Combined TRACON& Tower with Radar,95,81,51,60,287,0,1,37,6,44,95,82,88,66,331,52,66,118,449
12/03/2010,TUL,OK,ASW,CE,Combined TRACON& Tower with Radar,87,85,40,41,253,0,5,37,6,48,87,90,77,47,301,50,98,148,449
12/04/2010,TUL,OK,ASW,CE,Combined TRACON& Tower with Radar,79,44,31,4,158,0,0,21,0,21,79,44,52,4,179,4,0,4,183
12/05/2010,TUL,OK,ASW,CE,Combined TRACON& Tower with Radar,77,55,25,4,161,0,3,18,0,21,77,58,43,4,182,0,0,0,182
12/06/2010,TUL,OK,ASW,CE,Combined TRACON& Tower with Radar,80,66,46,24,216,0,1,42,4,47,80,67,88,28,263,34,18,52,315
12/07/2010,TUL,OK,ASW,CE,Combined TRACON& Tower with Radar,87,76,55,28,246,0,0,31,7,38,87,76,86,35,284,46,12,58,342
12/08/2010,TUL,OK,ASW,CE,Combined TRACON& Tower with Radar,97,83,65,34,279,0,0,30,3,33,97,83,95,37,312,32,48,80,392
12/09/2010,TUL,OK,ASW,CE,Combined TRACON& Tower with Radar,95,70,62,32,259,0,0,40,17,57,95,70,102,49,316,74,82,156,472
12/10/2010,TUL,OK,ASW,CE,Combined TRACON& Tower with Radar,88,78,49,19,234,0,5,33,8,46,88,83,82,27,280,18,34,52,332
12/11/2010,TUL,OK,ASW,CE,Combined TRACON& Tower with Radar,69,40,19,0,128,0,0,11,0,11,69,40,30,0,139,14,0,14,153
12/12/2010,TUL,OK,ASW,CE,Combined TRACON& Tower with Radar,73,43,29,0,145,0,1,14,0,15,73,44,43,0,160,34,0,34,194
12/13/2010,TUL,OK,ASW,CE,Combined TRACON& Tower with Radar,79,62,50,55,246,0,3,20,1,24,79,65,70,56,270,56,34,90,360
12/14/2010,TUL,OK,ASW,CE,Combined TRACON& Tower with Radar,83,85,61,40,269,0,2,30,3,35,83,87,91,43,304,6,24,30,334
12/15/2010,TUL,OK,ASW,CE,Combined TRACON& Tower with Radar,89,79,62,32,262,0,0,17,3,20,89,79,79,35,282,20,60,80,362
12/16/2010,TUL,OK,ASW,CE,Combined TRACON& Tower with Radar,84,85,54,51,274,0,2,42,2,46,84,87,96,53,320,36,118,154,474
12/17/2010,TUL,OK,ASW,CE,Combined TRACON& Tower with Radar,93,81,48,50,272,0,3,16,9,28,93,84,64,59,300,50,150,200,500
12/18/2010,TUL,OK,ASW,CE,Combined TRACON& Tower with Radar,72,67,20,1,160,0,0,7,0,7,72,67,27,1,167,30,0,30,197
12/19/2010,TUL,OK,ASW,CE,Combined TRACON& Tower with Radar,75,66,19,0,160,0,0,35,0,35,75,66,54,0,195,6,0,6,201
12/20/2010,TUL,OK,ASW,CE,Combined TRACON& Tower with Radar,83,71,38,56,248,0,1,14,0,15,83,72,52,56,263,22,34,56,319
12/21/2010,TUL,OK,ASW,CE,Combined TRACON& Tower with Radar,90,75,44,15,224,0,0,0,0,0,90,75,44,15,224,16,46,62,286
12/22/2010,TUL,OK,ASW,CE,Combined TRACON& Tower with Radar,107,83,32,68,290,0,2,52,4,58,107,85,84,72,348,80,224,304,652
12/23/2010,TUL,OK,ASW,CE,Combined TRACON& Tower with Radar,101,75,30,1,207,0,3,31,0,34,101,78,61,1,241,64,0,64,305
12/24/2010,TUL,OK,ASW,CE,Combined TRACON& Tower with Radar,77,54,6,1,138,0,1,0,0,1,77,55,6,1,139,0,0,0,139
12/25/2010,TUL,OK,ASW,CE,Combined TRACON& Tower with Radar,53,30,2,0,85,0,1,1,0,2,53,31,3,0,87,0,0,0,87
12/26/2010,TUL,OK,ASW,CE,Combined TRACON& Tower with Radar,71,62,36,0,169,0,0,16,0,16,71,62,52,0,185,4,0,4,189
12/27/2010,TUL,OK,ASW,CE,Combined TRACON& Tower with Radar,82,75,34,9,200,0,0,21,1,22,82,75,55,10,222,4,8,12,234
12/28/2010,TUL,OK,ASW,CE,Combined TRACON& Tower with Radar,93,78,48,12,231,0,0,15,0,15,93,78,63,12,246,26,8,34,280
12/29/2010,TUL,OK,ASW,CE,Combined TRACON& Tower with Radar,90,79,18,1,188,0,0,1,0,1,90,79,19,1,189,0,0,0,189
12/30/2010,TUL,OK,ASW,CE,Combined TRACON& Tower with Radar,89,85,49,2,225,0,0,26,0,26,89,85,75,2,251,16,0,16,267
12/31/2010,TUL,OK,ASW,CE,Combined TRACON& Tower with Radar,79,67,27,0,173,0,1,20,0,21,79,68,47,0,194,0,0,0,194
01/01/2011,TUL,OK,ASW,CE,Combined TRACON& Tower with Radar,53,52,20,0,125,0,1,11,0,12,53,53,31,0,137,0,0,0,137
01/02/2011,TUL,OK,ASW,CE,Combined TRACON& Tower with Radar,72,67,38,0,177,0,0,21,0,21,72,67,59,0,198,24,0,24,222
01/03/2011,TUL,OK,ASW,CE,Combined TRACON& Tower with Radar,91,77,30,12,210,0,1,30,0,31,91,78,60,12,241,54,6,60,301
01/04/2011,TUL,OK,ASW,CE,Combined TRACON& Tower with Radar,96,74,47,21,238,0,2,33,9,44,96,76,80,30,282,28,66,94,376
01/05/2011,TUL,OK,ASW,CE,Combined TRACON& Tower with Radar,80,63,51,32,226,0,0,37,1,38,80,63,88,33,264,20,36,56,320
01/06/2011,TUL,OK,ASW,CE,Combined TRACON& Tower with Radar,90,69,35,9,203,0,3,40,10,53,90,72,75,19,256,26,90,116,372
01/07/2011,TUL,OK,ASW,CE,Combined TRACON& Tower with Radar,79,66,36,27,208,0,2,39,4,45,79,68,75,31,253,56,28,84,337
01/08/2011,TUL,OK,ASW,CE,Combined TRACON& Tower with Radar,62,46,16,14,138,0,2,32,2,36,62,48,48,16,174,32,22,54,228
01/09/2011,TUL,OK,ASW,CE,Combined TRACON& Tower with Radar,66,54,19,7,146,0,2,7,0,9,66,56,26,7,155,10,0,10,165
01/10/2011,TUL,OK,ASW,CE,Combined TRACON& Tower with Radar,65,69,27,0,161,0,0,0,0,0,65,69,27,0,161,0,0,0,161
01/11/2011,TUL,OK,ASW,CE,Combined TRACON& Tower with Radar,82,65,54,19,220,0,2,16,4,22,82,67,70,23,242,12,26,38,280
01/12/2011,TUL,OK,ASW,CE,Combined TRACON& Tower with Radar,82,75,51,45,253,0,1,25,6,32,82,76,76,51,285,4,34,38,323
01/13/2011,TUL,OK,ASW,CE,Combined TRACON& Tower with Radar,93,77,53,45,268,0,2,30,7,39,93,79,83,52,307,16,102,118,425
01/14/2011,TUL,OK,ASW,CE,Combined TRACON& Tower with Radar,89,76,35,40,240,0,0,31,7,38,89,76,66,47,278,22,30,52,330
01/15/2011,TUL,OK,ASW,CE,Combined TRACON& Tower with Radar,61,58,15,0,134,0,0,14,0,14,61,58,29,0,148,18,0,18,166
01/16/2011,TUL,OK,ASW,CE,Combined TRACON& Tower with Radar,74,63,24,4,165,0,0,9,0,9,74,63,33,4,174,0,0,0,174
01/17/2011,TUL,OK,ASW,CE,Combined TRACON& Tower with Radar,70,65,46,3,184,0,0,2,0,2,70,65,48,3,186,0,0,0,186
01/18/2011,TUL,OK,ASW,CE,Combined TRACON& Tower with Radar,88,76,53,32,249,0,0,20,1,21,88,76,73,33,270,34,24,58,328
01/19/2011,TUL,OK,ASW,CE,Combined TRACON& Tower with Radar,88,80,36,45,249,0,0,33,8,41,88,80,69,53,290,36,154,190,480
01/20/2011,TUL,OK,ASW,CE,Combined TRACON& Tower with Radar,81,68,36,7,192,0,0,8,6,14,81,68,44,13,206,2,22,24,230
01/21/2011,TUL,OK,ASW,CE,Combined TRACON& Tower with Radar,98,82,42,22,244,0,11,30,7,48,98,93,72,29,292,50,78,128,420
01/22/2011,TUL,OK,ASW,CE,Combined TRACON& Tower with Radar,59,50,32,2,143,0,0,22,0,22,59,50,54,2,165,44,2,46,211
01/23/2011,TUL,OK,ASW,CE,Combined TRACON& Tower with Radar,67,57,32,2,158,0,0,4,0,4,67,57,36,2,162,0,0,0,162
01/24/2011,TUL,OK,ASW,CE,Combined TRACON& Tower with Radar,77,82,35,80,274,0,0,34,0,34,77,82,69,80,308,32,60,92,400
01/25/2011,TUL,OK,ASW,CE,Combined TRACON& Tower with Radar,87,72,37,33,229,0,1,29,5,35,87,73,66,38,264,4,32,36,300
01/26/2011,TUL,OK,ASW,CE,Combined TRACON& Tower with Radar,83,73,48,63,267,0,1,33,7,41,83,74,81,70,308,38,92,130,438
01/27/2011,TUL,OK,ASW,CE,Combined TRACON& Tower with Radar,87,76,44,39,246,0,2,36,6,44,87,78,80,45,290,40,42,82,372
01/28/2011,TUL,OK,ASW,CE,Combined TRACON& Tower with Radar,93,77,46,21,237,0,4,40,8,52,93,81,86,29,289,48,0,48,337
01/29/2011,TUL,OK,ASW,CE,Combined TRACON& Tower with Radar,67,52,19,2,140,0,1,48,2,51,67,53,67,4,191,8,0,8,199
01/30/2011,TUL,OK,ASW,CE,Combined TRACON& Tower with Radar,89,59,21,6,175,0,0,3,0,3,89,59,24,6,178,56,8,64,242
01/31/2011,TUL,OK,ASW,CE,Combined TRACON& Tower with Radar,87,77,33,44,241,0,0,5,0,5,87,77,38,44,246,0,20,20,266
02/01/2011,TUL,OK,ASW,CE,Combined TRACON& Tower with Radar,7,4,0,0,11,0,0,0,0,0,7,4,0,0,11,0,0,0,11
02/02/2011,TUL,OK,ASW,CE,Combined TRACON& Tower with Radar,15,3,4,0,22,0,2,0,1,3,15,5,4,1,25,0,0,0,25
02/03/2011,TUL,OK,ASW,CE,Combined TRACON& Tower with Radar,75,47,18,9,149,0,3,4,2,9,75,50,22,11,158,0,10,10,168
02/04/2011,TUL,OK,ASW,CE,Combined TRACON& Tower with Radar,71,54,24,0,149,0,0,2,0,2,71,54,26,0,151,0,0,0,151
02/05/2011,TUL,OK,ASW,CE,Combined TRACON& Tower with Radar,70,50,18,0,138,0,2,9,1,12,70,52,27,1,150,0,0,0,150
02/06/2011,TUL,OK,ASW,CE,Combined TRACON& Tower with Radar,75,44,26,0,145,0,0,3,0,3,75,44,29,0,148,0,0,0,148
02/07/2011,TUL,OK,ASW,CE,Combined TRACON& Tower with Radar,87,71,47,0,205,0,0,10,0,10,87,71,57,0,215,26,0,26,241
02/08/2011,TUL,OK,ASW,CE,Combined TRACON& Tower with Radar,90,61,33,0,184,0,1,12,5,18,90,62,45,5,202,0,0,0,202
02/09/2011,TUL,OK,ASW,CE,Combined TRACON& Tower with Radar,63,27,6,0,96,0,2,2,0,4,63,29,8,0,100,0,0,0,100
02/10/2011,TUL,OK,ASW,CE,Combined TRACON& Tower with Radar,96,68,27,2,193,0,2,9,3,14,96,70,36,5,207,0,10,10,217
02/11/2011,TUL,OK,ASW,CE,Combined TRACON& Tower with Radar,101,73,34,5,213,0,1,26,5,32,101,74,60,10,245,0,10,10,255
02/12/2011,TUL,OK,ASW,CE,Combined TRACON& Tower with Radar,70,37,21,0,128,0,1,35,0,36,70,38,56,0,164,60,0,60,224
02/13/2011,TUL,OK,ASW,CE,Combined TRACON& Tower with Radar,73,54,36,9,172,0,0,42,5,47,73,54,78,14,219,0,0,0,219
02/14/2011,TUL,OK,ASW,CE,Combined TRACON& Tower with Radar,83,66,34,62,245,0,3,28,2,33,83,69,62,64,278,20,96,116,394
02/15/2011,TUL,OK,ASW,CE,Combined TRACON& Tower with Radar,97,63,55,49,264,0,2,26,8,36,97,65,81,57,300,20,28,48,348
02/16/2011,TUL,OK,ASW,CE,Combined TRACON& Tower with Radar,85,67,50,62,264,0,0,14,13,27,85,67,64,75,291,20,52,72,363
02/17/2011,TUL,OK,ASW,CE,Combined TRACON& Tower with Radar,104,65,62,63,294,0,0,15,9,24,104,65,77,72,318,0,8,8,326
02/18/2011,TUL,OK,ASW,CE,Combined TRACON& Tower with Radar,95,64,57,29,245,0,0,37,8,45,95,64,94,37,290,26,32,58,348
02/19/2011,TUL,OK,ASW,CE,Combined TRACON& Tower with Radar,66,40,37,17,160,0,3,22,2,27,66,43,59,19,187,14,20,34,221
02/20/2011,TUL,OK,ASW,CE,Combined TRACON& Tower with Radar,69,52,25,8,154,0,2,6,2,10,69,54,31,10,164,0,0,0,164
02/21/2011,TUL,OK,ASW,CE,Combined TRACON& Tower with Radar,88,52,45,2,187,0,0,31,0,31,88,52,76,2,218,30,6,36,254
02/22/2011,TUL,OK,ASW,CE,Combined TRACON& Tower with Radar,96,60,46,39,241,0,3,29,5,37,96,63,75,44,278,6,56,62,340
02/23/2011,TUL,OK,ASW,CE,Combined TRACON& Tower with Radar,95,61,67,12,235,0,0,23,17,40,95,61,90,29,275,26,74,100,375
02/24/2011,TUL,OK,ASW,CE,Combined TRACON& Tower with Radar,92,70,60,4,226,0,0,0,0,0,92,70,60,4,226,0,0,0,226
02/25/2011,TUL,OK,ASW,CE,Combined TRACON& Tower with Radar,102,70,62,4,238,0,0,1,0,1,102,70,63,4,239,14,0,14,253
02/26/2011,TUL,OK,ASW,CE,Combined TRACON& Tower with Radar,71,44,19,0,134,0,1,4,0,5,71,45,23,0,139,10,2,12,151
02/27/2011,TUL,OK,ASW,CE,Combined TRACON& Tower with Radar,78,61,54,6,199,0,0,4,0,4,78,61,58,6,203,18,16,34,237
02/28/2011,TUL,OK,ASW,CE,Combined TRACON& Tower with Radar,94,56,49,46,245,0,0,24,7,31,94,56,73,53,276,16,60,76,352
03/01/2011,TUL,OK,ASW,CE,Combined TRACON& Tower with Radar,94,76,31,81,282,0,0,39,10,49,94,76,70,91,331,0,56,56,387
03/02/2011,TUL,OK,ASW,CE,Combined TRACON& Tower with Radar,85,63,70,43,261,0,1,40,2,43,85,64,110,45,304,18,14,32,336
03/03/2011,TUL,OK,ASW,CE,Combined TRACON& Tower with Radar,100,65,45,58,268,0,2,32,9,43,100,67,77,67,311,0,32,32,343
03/04/2011,TUL,OK,ASW,CE,Combined TRACON& Tower with Radar,103,69,50,21,243,0,0,7,2,9,103,69,57,23,252,26,78,104,356
03/05/2011,TUL,OK,ASW,CE,Combined TRACON& Tower with Radar,69,45,19,18,151,0,0,15,1,16,69,45,34,19,167,0,28,28,195
03/06/2011,TUL,OK,ASW,CE,Combined TRACON& Tower with Radar,79,57,40,2,178,0,0,35,4,39,79,57,75,6,217,26,0,26,243
03/07/2011,TUL,OK,ASW,CE,Combined TRACON& Tower with Radar,90,63,49,89,291,0,0,12,3,15,90,63,61,92,306,22,112,134,440
03/08/2011,TUL,OK,ASW,CE,Combined TRACON& Tower with Radar,94,61,47,15,217,0,2,0,0,2,94,63,47,15,219,2,6,8,227
03/09/2011,TUL,OK,ASW,CE,Combined TRACON& Tower with Radar,99,77,62,116,354,0,1,16,4,21,99,78,78,120,375,52,146,198,573
03/10/2011,TUL,OK,ASW,CE,Combined TRACON& Tower with Radar,96,61,40,48,245,0,2,56,6,64,96,63,96,54,309,8,40,48,357
03/11/2011,TUL,OK,ASW,CE,Combined TRACON& Tower with Radar,102,79,41,40,262,0,2,40,6,48,102,81,81,46,310,34,82,116,426
03/12/2011,TUL,OK,ASW,CE,Combined TRACON& Tower with Radar,80,55,50,0,185,0,1,22,0,23,80,56,72,0,208,68,0,68,276
03/13/2011,TUL,OK,ASW,CE,Combined TRACON& Tower with Radar,76,48,31,10,165,0,0,6,1,7,76,48,37,11,172,2,8,10,182
03/14/2011,TUL,OK,ASW,CE,Combined TRACON& Tower with Radar,87,56,25,13,181,0,0,1,0,1,87,56,26,13,182,0,0,0,182
03/15/2011,TUL,OK,ASW,CE,Combined TRACON& Tower with Radar,97,70,56,41,264,0,0,33,3,36,97,70,89,44,300,70,50,120,420
03/16/2011,TUL,OK,ASW,CE,Combined TRACON& Tower with Radar,112,63,37,37,249,0,0,37,9,46,112,63,74,46,295,16,108,124,419
03/17/2011,TUL,OK,ASW,CE,Combined TRACON& Tower with Radar,95,70,50,46,261,0,0,23,3,26,95,70,73,49,287,18,122,140,427
03/18/2011,TUL,OK,ASW,CE,Combined TRACON& Tower with Radar,103,76,83,43,305,0,0,16,5,21,103,76,99,48,326,26,114,140,466
03/19/2011,TUL,OK,ASW,CE,Combined TRACON& Tower with Radar,87,47,28,1,163,0,2,5,1,8,87,49,33,2,171,2,0,2,173
03/20/2011,TUL,OK,ASW,CE,Combined TRACON& Tower with Radar,77,63,61,5,206,0,0,9,2,11,77,63,70,7,217,8,8,16,233
03/21/2011,TUL,OK,ASW,CE,Combined TRACON& Tower with Radar,93,65,53,52,263,0,0,23,0,23,93,65,76,52,286,16,62,78,364
03/22/2011,TUL,OK,ASW,CE,Combined TRACON& Tower with Radar,92,62,35,19,208,0,2,6,3,11,92,64,41,22,219,0,22,22,241
03/23/2011,TUL,OK,ASW,CE,Combined TRACON& Tower with Radar,94,60,69,32,255,0,0,23,10,33,94,60,92,42,288,12,60,72,360
03/24/2011,TUL,OK,ASW,CE,Combined TRACON& Tower with Radar,94,60,63,26,243,0,2,33,11,46,94,62,96,37,289,16,42,58,347
03/25/2011,TUL,OK,ASW,CE,Combined TRACON& Tower with Radar,101,67,35,0,203,0,1,32,10,43,101,68,67,10,246,0,28,28,274
03/26/2011,TUL,OK,ASW,CE,Combined TRACON& Tower with Radar,73,51,39,0,163,0,2,1,2,5,73,53,40,2,168,4,40,44,212
03/27/2011,TUL,OK,ASW,CE,Combined TRACON& Tower with Radar,74,56,56,1,187,0,0,1,0,1,74,56,57,1,188,0,0,0,188
03/28/2011,TUL,OK,ASW,CE,Combined TRACON& Tower with Radar,95,65,51,82,293,0,0,6,0,6,95,65,57,82,299,4,76,80,379
03/29/2011,TUL,OK,ASW,CE,Combined TRACON& Tower with Radar,89,66,42,50,247,0,0,3,2,5,89,66,45,52,252,2,58,60,312
03/30/2011,TUL,OK,ASW,CE,Combined TRACON& Tower with Radar,95,60,73,49,277,0,0,4,6,10,95,60,77,55,287,4,40,44,331
03/31/2011,TUL,OK,ASW,CE,Combined TRACON& Tower with Radar,96,63,59,16,234,0,0,10,8,18,96,63,69,24,252,60,70,130,382
04/01/2011,TUL,OK,ASW,CE,Combined TRACON& Tower with Radar,97,64,43,24,228,0,0,35,3,38,97,64,78,27,266,32,72,104,370
04/02/2011,TUL,OK,ASW,CE,Combined TRACON& Tower with Radar,76,42,43,11,172,0,6,33,8,47,76,48,76,19,219,28,56,84,303
04/03/2011,TUL,OK,ASW,CE,Combined TRACON& Tower with Radar,84,51,43,6,184,0,1,12,8,21,84,52,55,14,205,0,0,0,205
04/04/2011,TUL,OK,ASW,CE,Combined TRACON& Tower with Radar,89,56,26,11,182,0,0,11,2,13,89,56,37,13,195,0,0,0,195
04/05/2011,TUL,OK,ASW,CE,Combined TRACON& Tower with Radar,100,70,36,21,227,0,0,34,4,38,100,70,70,25,265,16,26,42,307
04/06/2011,TUL,OK,ASW,CE,Combined TRACON& Tower with Radar,104,81,70,10,265,0,0,27,9,36,104,81,97,19,301,0,0,0,301
04/07/2011,TUL,OK,ASW,CE,Combined TRACON& Tower with Radar,100,82,57,15,254,0,0,16,2,18,100,82,73,17,272,20,22,42,314
04/08/2011,TUL,OK,ASW,CE,Combined TRACON& Tower with Radar,105,62,66,3,236,0,0,25,0,25,105,62,91,3,261,30,6,36,297
04/09/2011,TUL,OK,ASW,CE,Combined TRACON& Tower with Radar,76,39,31,8,154,0,0,17,7,24,76,39,48,15,178,0,0,0,178
04/10/2011,TUL,OK,ASW,CE,Combined TRACON& Tower with Radar,83,43,27,0,153,0,0,3,8,11,83,43,30,8,164,0,0,0,164
04/11/2011,TUL,OK,ASW,CE,Combined TRACON& Tower with Radar,91,64,24,2,181,0,0,25,4,29,91,64,49,6,210,20,0,20,230
04/12/2011,TUL,OK,ASW,CE,Combined TRACON& Tower with Radar,97,70,49,19,235,0,1,49,2,52,97,71,98,21,287,14,8,22,309
04/13/2011,TUL,OK,ASW,CE,Combined TRACON& Tower with Radar,95,50,60,33,238,0,1,39,9,49,95,51,99,42,287,32,38,70,357
04/14/2011,TUL,OK,ASW,CE,Combined TRACON& Tower with Radar,93,63,51,18,225,0,1,30,0,31,93,64,81,18,256,40,32,72,328
04/15/2011,TUL,OK,ASW,CE,Combined TRACON& Tower with Radar,108,71,45,6,230,0,1,5,5,11,108,72,50,11,241,0,0,0,241
04/16/2011,TUL,OK,ASW,CE,Combined TRACON& Tower with Radar,80,30,26,0,136,0,0,27,4,31,80,30,53,4,167,10,0,10,177
04/17/2011,TUL,OK,ASW,CE,Combined TRACON& Tower with Radar,81,40,29,1,151,0,0,13,2,15,81,40,42,3,166,0,0,0,166
04/18/2011,TUL,OK,ASW,CE,Combined TRACON& Tower with Radar,86,59,36,24,205,0,0,16,0,16,86,59,52,24,221,8,10,18,239
04/19/2011,TUL,OK,ASW,CE,Combined TRACON& Tower with Radar,91,58,48,38,235,0,0,16,3,19,91,58,64,41,254,18,54,72,326
04/20/2011,TUL,OK,ASW,CE,Combined TRACON& Tower with Radar,101,58,52,31,242,0,2,22,6,30,101,60,74,37,272,0,48,48,320
04/21/2011,TUL,OK,ASW,CE,Combined TRACON& Tower with Radar,95,81,61,9,246,0,0,13,7,20,95,81,74,16,266,8,10,18,284
04/22/2011,TUL,OK,ASW,CE,Combined TRACON& Tower with Radar,103,60,31,3,197,0,0,21,6,27,103,60,52,9,224,24,14,38,262
04/23/2011,TUL,OK,ASW,CE,Combined TRACON& Tower with Radar,85,44,6,0,135,0,1,5,2,8,85,45,11,2,143,0,0,0,143
04/24/2011,TUL,OK,ASW,CE,Combined TRACON& Tower with Radar,58,37,8,0,103,0,0,1,0,1,58,37,9,0,104,22,0,22,126
04/25/2011,TUL,OK,ASW,CE,Combined TRACON& Tower with Radar,89,62,29,2,182,0,0,0,0,0,89,62,29,2,182,0,0,0,182
04/26/2011,TUL,OK,ASW,CE,Combined TRACON& Tower with Radar,100,67,47,16,230,0,0,26,13,39,100,67,73,29,269,0,42,42,311
04/27/2011,TUL,OK,ASW,CE,Combined TRACON& Tower with Radar,101,69,52,14,236,0,4,13,11,28,101,73,65,25,264,4,30,34,298
04/28/2011,TUL,OK,ASW,CE,Combined TRACON& Tower with Radar,100,67,56,31,254,0,4,59,11,74,100,71,115,42,328,20,112,132,460
04/29/2011,TUL,OK,ASW,CE,Combined TRACON& Tower with Radar,108,74,54,37,273,0,2,38,33,73,108,76,92,70,346,0,20,20,366
04/30/2011,TUL,OK,ASW,CE,Combined TRACON& Tower with Radar,84,33,13,2,132,0,3,48,0,51,84,36,61,2,183,34,0,34,217
05/01/2011,TUL,OK,ASW,CE,Combined TRACON& Tower with Radar,80,51,20,0,151,0,0,9,0,9,80,51,29,0,160,0,0,0,160
05/02/2011,TUL,OK,ASW,CE,Combined TRACON& Tower with Radar,92,73,45,26,236,0,2,14,2,18,92,75,59,28,254,4,56,60,314
05/03/2011,TUL,OK,ASW,CE,Combined TRACON& Tower with Radar,93,68,39,13,213,0,0,37,5,42,93,68,76,18,255,20,16,36,291
05/04/2011,TUL,OK,ASW,CE,Combined TRACON& Tower with Radar,98,69,62,17,246,0,1,55,9,65,98,70,117,26,311,58,50,108,419
05/05/2011,TUL,OK,ASW,CE,Combined TRACON& Tower with Radar,99,67,51,19,236,0,3,42,3,48,99,70,93,22,284,22,116,138,422
05/06/2011,TUL,OK,ASW,CE,Combined TRACON& Tower with Radar,102,54,39,8,203,0,2,56,9,67,102,56,95,17,270,45,40,85,355
05/07/2011,TUL,OK,ASW,CE,Combined TRACON& Tower with Radar,80,32,30,2,144,0,0,28,9,37,80,32,58,11,181,18,28,46,227
05/08/2011,TUL,OK,ASW,CE,Combined TRACON& Tower with Radar,82,45,28,2,157,0,1,15,4,20,82,46,43,6,177,4,4,8,185
05/09/2011,TUL,OK,ASW,CE,Combined TRACON& Tower with Radar,91,66,47,10,214,0,0,18,5,23,91,66,65,15,237,12,10,22,259
05/10/2011,TUL,OK,ASW,CE,Combined TRACON& Tower with Radar,91,63,62,31,247,0,0,21,5,26,91,63,83,36,273,14,28,42,315
05/11/2011,TUL,OK,ASW,CE,Combined TRACON& Tower with Radar,93,76,50,9,228,0,1,16,5,22,93,77,66,14,250,46,90,136,386
05/12/2011,TUL,OK,ASW,CE,Combined TRACON& Tower with Radar,100,73,70,31,274,0,0,15,3,18,100,73,85,34,292,22,96,118,410
05/13/2011,TUL,OK,ASW,CE,Combined TRACON& Tower with Radar,103,64,60,27,254,0,0,7,7,14,103,64,67,34,268,0,72,72,340
05/14/2011,TUL,OK,ASW,CE,Combined TRACON& Tower with Radar,81,40,24,20,165,0,0,19,4,23,81,40,43,24,188,10,32,42,230
05/15/2011,TUL,OK,ASW,CE,Combined TRACON& Tower with Radar,85,57,30,12,184,0,1,19,2,22,85,58,49,14,206,0,0,0,206
05/16/2011,TUL,OK,ASW,CE,Combined TRACON& Tower with Radar,89,71,38,37,235,0,2,44,0,46,89,73,82,37,281,8,56,64,345
05/17/2011,TUL,OK,ASW,CE,Combined TRACON& Tower with Radar,92,77,70,20,259,0,0,44,10,54,92,77,114,30,313,54,0,54,367
05/18/2011,TUL,OK,ASW,CE,Combined TRACON& Tower with Radar,93,62,69,9,233,0,1,9,10,20,93,63,78,19,253,0,0,0,253
05/19/2011,TUL,OK,ASW,CE,Combined TRACON& Tower with Radar,98,80,73,27,278,0,0,5,6,11,98,80,78,33,289,0,14,14,303
05/20/2011,TUL,OK,ASW,CE,Combined TRACON& Tower with Radar,94,72,25,1,192,0,0,4,1,5,94,72,29,2,197,0,0,0,197
05/21/2011,TUL,OK,ASW,CE,Combined TRACON& Tower with Radar,98,31,28,0,157,0,1,7,0,8,98,32,35,0,165,6,0,6,171
05/22/2011,TUL,OK,ASW,CE,Combined TRACON& Tower with Radar,82,57,36,6,181,0,0,1,1,2,82,57,37,7,183,0,0,0,183
05/23/2011,TUL,OK,ASW,CE,Combined TRACON& Tower with Radar,92,63,40,12,207,0,4,3,2,9,92,67,43,14,216,2,12,14,230
05/24/2011,TUL,OK,ASW,CE,Combined TRACON& Tower with Radar,92,77,55,28,252,0,0,10,5,15,92,77,65,33,267,0,8,8,275
05/25/2011,TUL,OK,ASW,CE,Combined TRACON& Tower with Radar,92,82,65,27,266,0,0,3,9,12,92,82,68,36,278,10,44,54,332
05/26/2011,TUL,OK,ASW,CE,Combined TRACON& Tower with Radar,94,65,63,22,244,0,1,33,6,40,94,66,96,28,284,34,44,78,362
05/27/2011,TUL,OK,ASW,CE,Combined TRACON& Tower with Radar,103,67,44,10,224,0,0,23,10,33,103,67,67,20,257,10,42,52,309
05/28/2011,TUL,OK,ASW,CE,Combined TRACON& Tower with Radar,88,43,21,0,152,0,0,11,2,13,88,43,32,2,165,12,0,12,177
05/29/2011,TUL,OK,ASW,CE,Combined TRACON& Tower with Radar,72,28,20,0,120,0,0,4,0,4,72,28,24,0,124,0,0,0,124
05/30/2011,TUL,OK,ASW,CE,Combined TRACON& Tower with Radar,83,45,25,1,154,0,1,11,1,13,83,46,36,2,167,0,0,0,167
05/31/2011,TUL,OK,ASW,CE,Combined TRACON& Tower with Radar,91,67,72,15,245,0,0,28,0,28,91,67,100,15,273,20,32,52,325
06/01/2011,TUL,OK,ASW,CE,Combined TRACON& Tower with Radar,94,67,53,42,256,0,0,28,7,35,94,67,81,49,291,18,24,42,333
06/02/2011,TUL,OK,ASW,CE,Combined TRACON& Tower with Radar,96,77,44,21,238,0,2,45,4,51,96,79,89,25,289,38,22,60,349
06/03/2011,TUL,OK,ASW,CE,Combined TRACON& Tower with Radar,107,64,32,34,237,0,0,51,8,59,107,64,83,42,296,32,118,150,446
06/04/2011,TUL,OK,ASW,CE,Combined TRACON& Tower with Radar,86,38,19,3,146,0,2,18,9,29,86,40,37,12,175,6,0,6,181
06/05/2011,TUL,OK,ASW,CE,Combined TRACON& Tower with Radar,87,50,19,0,156,0,4,27,0,31,87,54,46,0,187,8,0,8,195
06/06/2011,TUL,OK,ASW,CE,Combined TRACON& Tower with Radar,91,65,44,28,228,0,1,31,3,35,91,66,75,31,263,24,18,42,305
06/07/2011,TUL,OK,ASW,CE,Combined TRACON& Tower with Radar,93,70,63,28,254,0,0,33,7,40,93,70,96,35,294,8,32,40,334
06/08/2011,TUL,OK,ASW,CE,Combined TRACON& Tower with Radar,97,58,64,29,248,0,1,26,2,29,97,59,90,31,277,40,42,82,359
06/09/2011,TUL,OK,ASW,CE,Combined TRACON& Tower with Radar,90,73,67,44,274,0,3,38,8,49,90,76,105,52,323,28,54,82,405
06/10/2011,TUL,OK,ASW,CE,Combined TRACON& Tower with Radar,96,77,36,2,211,0,3,22,9,34,96,80,58,11,245,6,20,26,271
06/11/2011,TUL,OK,ASW,CE,Combined TRACON& Tower with Radar,85,55,24,2,166,0,5,5,2,12,85,60,29,4,178,0,0,0,178
06/12/2011,TUL,OK,ASW,CE,Combined TRACON& Tower with Radar,90,60,32,9,191,0,3,19,0,22,90,63,51,9,213,0,12,12,225
06/13/2011,TUL,OK,ASW,CE,Combined TRACON& Tower with Radar,83,85,37,33,238,0,0,23,0,23,83,85,60,33,261,66,60,126,387
06/14/2011,TUL,OK,ASW,CE,Combined TRACON& Tower with Radar,95,76,47,35,253,0,0,21,8,29,95,76,68,43,282,22,58,80,362
06/15/2011,TUL,OK,ASW,CE,Combined TRACON& Tower with Radar,94,82,49,11,236,0,1,35,2,38,94,83,84,13,274,52,66,118,392
06/16/2011,TUL,OK,ASW,CE,Combined TRACON& Tower with Radar,92,80,47,9,228,0,3,21,2,26,92,83,68,11,254,30,26,56,310
06/17/2011,TUL,OK,ASW,CE,Combined TRACON& Tower with Radar,97,80,36,47,260,0,0,34,6,40,97,80,70,53,300,22,96,118,418
06/18/2011,TUL,OK,ASW,CE,Combined TRACON& Tower with Radar,86,54,21,0,161,0,0,30,4,34,86,54,51,4,195,10,0,10,205
06/19/2011,TUL,OK,ASW,CE,Combined TRACON& Tower with Radar,89,55,26,4,174,0,0,21,1,22,89,55,47,5,196,0,0,0,196
06/20/2011,TUL,OK,ASW,CE,Combined TRACON& Tower with Radar,86,78,31,41,236,0,4,17,2,23,86,82,48,43,259,0,12,12,271
06/21/2011,TUL,OK,ASW,CE,Combined TRACON& Tower with Radar,84,93,52,34,263,0,0,30,4,34,84,93,82,38,297,10,64,74,371
06/22/2011,TUL,OK,ASW,CE,Combined TRACON& Tower with Radar,92,78,67,35,272,0,0,48,6,54,92,78,115,41,326,12,40,52,378
06/23/2011,TUL,OK,ASW,CE,Combined TRACON& Tower with Radar,95,78,64,52,289,0,0,19,7,26,95,78,83,59,315,20,44,64,379
06/24/2011,TUL,OK,ASW,CE,Combined TRACON& Tower with Radar,94,82,44,5,225,0,1,23,4,28,94,83,67,9,253,16,32,48,301
06/25/2011,TUL,OK,ASW,CE,Combined TRACON& Tower with Radar,79,57,15,1,152,0,1,19,3,23,79,58,34,4,175,10,0,10,185
06/26/2011,TUL,OK,ASW,CE,Combined TRACON& Tower with Radar,85,59,25,0,169,0,1,18,0,19,85,60,43,0,188,6,0,6,194
06/27/2011,TUL,OK,ASW,CE,Combined TRACON& Tower with Radar,86,78,32,12,208,0,0,19,0,19,86,78,51,12,227,28,42,70,297
06/28/2011,TUL,OK,ASW,CE,Combined TRACON& Tower with Radar,97,80,42,11,230,0,2,16,1,19,97,82,58,12,249,46,72,118,367
06/29/2011,TUL,OK,ASW,CE,Combined TRACON& Tower with Radar,97,80,47,36,260,0,0,47,4,51,97,80,94,40,311,2,62,64,375
06/30/2011,TUL,OK,ASW,CE,Combined TRACON& Tower with Radar,90,87,42,25,244,0,0,44,8,52,90,87,86,33,296,20,10,30,326
07/01/2011,TUL,OK,ASW,CE,Combined TRACON& Tower with Radar,100,85,32,0,217,0,0,37,4,41,100,85,69,4,258,24,22,46,304
07/02/2011,TUL,OK,ASW,CE,Combined TRACON& Tower with Radar,76,47,17,0,140,0,1,17,2,20,76,48,34,2,160,8,0,8,168
07/03/2011,TUL,OK,ASW,CE,Combined TRACON& Tower with Radar,73,41,7,2,123,0,0,7,2,9,73,41,14,4,132,14,0,14,146
07/04/2011,TUL,OK,ASW,CE,Combined TRACON& Tower with Radar,81,39,15,0,135,0,0,16,0,16,81,39,31,0,151,0,0,0,151
07/05/2011,TUL,OK,ASW,CE,Combined TRACON& Tower with Radar,90,70,28,42,230,0,1,25,0,26,90,71,53,42,256,28,26,54,310
07/06/2011,TUL,OK,ASW,CE,Combined TRACON& Tower with Radar,92,73,49,33,247,0,1,29,10,40,92,74,78,43,287,26,24,50,337
07/07/2011,TUL,OK,ASW,CE,Combined TRACON& Tower with Radar,96,85,37,9,227,0,0,34,5,39,96,85,71,14,266,66,46,112,378
07/08/2011,TUL,OK,ASW,CE,Combined TRACON& Tower with Radar,101,72,48,7,228,0,2,40,6,48,101,74,88,13,276,18,10,28,304
07/09/2011,TUL,OK,ASW,CE,Combined TRACON& Tower with Radar,77,53,30,8,168,0,0,16,0,16,77,53,46,8,184,62,6,68,252
07/10/2011,TUL,OK,ASW,CE,Combined TRACON& Tower with Radar,85,56,35,18,194,0,2,8,6,16,85,58,43,24,210,4,0,4,214
07/11/2011,TUL,OK,ASW,CE,Combined TRACON& Tower with Radar,91,74,40,29,234,0,0,36,2,38,91,74,76,31,272,6,45,51,323
07/12/2011,TUL,OK,ASW,CE,Combined TRACON& Tower with Radar,101,78,51,33,263,0,2,11,2,15,101,80,62,35,278,22,32,54,332
07/13/2011,TUL,OK,ASW,CE,Combined TRACON& Tower with Radar,94,85,44,6,229,0,0,18,6,24,94,85,62,12,253,48,36,84,337
07/14/2011,TUL,OK,ASW,CE,Combined TRACON& Tower with Radar,100,85,53,33,271,0,3,38,2,43,100,88,91,35,314,60,110,170,484
07/15/2011,TUL,OK,ASW,CE,Combined TRACON& Tower with Radar,107,86,55,22,270,0,1,33,4,38,107,87,88,26,308,36,24,60,368
07/16/2011,TUL,OK,ASW,CE,Combined TRACON& Tower with Radar,73,50,31,0,154,0,0,21,3,24,73,50,52,3,178,8,0,8,186
07/17/2011,TUL,OK,ASW,CE,Combined TRACON& Tower with Radar,85,58,28,26,197,0,1,22,0,23,85,59,50,26,220,14,22,36,256
07/18/2011,TUL,OK,ASW,CE,Combined TRACON& Tower with Radar,84,77,49,18,228,0,2,23,0,25,84,79,72,18,253,0,22,22,275
07/19/2011,TUL,OK,ASW,CE,Combined TRACON& Tower with Radar,94,78,62,42,276,0,1,46,3,50,94,79,108,45,326,0,12,12,338
07/20/2011,TUL,OK,ASW,CE,Combined TRACON& Tower with Radar,96,90,48,31,265,0,2,27,5,34,96,92,75,36,299,78,40,118,417
07/21/2011,TUL,OK,ASW,CE,Combined TRACON& Tower with Radar,95,82,36,41,254,0,3,26,12,41,95,85,62,53,295,22,76,98,393
07/22/2011,TUL,OK,ASW,CE,Combined TRACON& Tower with Radar,93,83,35,54,265,0,1,47,7,55,93,84,82,61,320,60,106,166,486
07/23/2011,TUL,OK,ASW,CE,Combined TRACON& Tower with Radar,75,49,16,1,141,0,0,34,0,34,75,49,50,1,175,0,0,0,175
07/24/2011,TUL,OK,ASW,CE,Combined TRACON& Tower with Radar,77,66,35,24,202,0,3,18,0,21,77,69,53,24,223,12,66,78,301
07/25/2011,TUL,OK,ASW,CE,Combined TRACON& Tower with Radar,85,73,37,25,220,0,4,14,2,20,85,77,51,27,240,0,8,8,248
07/26/2011,TUL,OK,ASW,CE,Combined TRACON& Tower with Radar,90,86,59,32,267,0,0,34,11,45,90,86,93,43,312,0,24,24,336
07/27/2011,TUL,OK,ASW,CE,Combined TRACON& Tower with Radar,94,80,54,34,262,0,4,32,11,47,94,84,86,45,309,10,40,50,359
07/28/2011,TUL,OK,ASW,CE,Combined TRACON& Tower with Radar,91,74,43,71,279,0,2,22,10,34,91,76,65,81,313,40,116,156,469
07/29/2011,TUL,OK,ASW,CE,Combined TRACON& Tower with Radar,95,76,52,31,254,0,0,39,7,46,95,76,91,38,300,76,30,106,406
07/30/2011,TUL,OK,ASW,CE,Combined TRACON& Tower with Radar,74,58,26,3,161,0,0,18,0,18,74,58,44,3,179,10,0,10,189
07/31/2011,TUL,OK,ASW,CE,Combined TRACON& Tower with Radar,86,59,32,19,196,0,0,15,1,16,86,59,47,20,212,12,30,42,254
08/01/2011,TUL,OK,ASW,CE,Combined TRACON& Tower with Radar,89,72,41,32,234,0,0,28,2,30,89,72,69,34,264,0,22,22,286
08/02/2011,TUL,OK,ASW,CE,Combined TRACON& Tower with Radar,92,79,51,71,293,0,2,29,12,43,92,81,80,83,336,30,86,116,452
08/03/2011,TUL,OK,ASW,CE,Combined TRACON& Tower with Radar,98,79,38,43,258,0,0,21,3,24,98,79,59,46,282,20,94,114,396
08/04/2011,TUL,OK,ASW,CE,Combined TRACON& Tower with Radar,93,82,38,32,245,0,2,16,6,24,93,84,54,38,269,10,16,26,295
08/05/2011,TUL,OK,ASW,CE,Combined TRACON& Tower with Radar,107,89,37,26,259,0,0,26,3,29,107,89,63,29,288,82,32,114,402
08/06/2011,TUL,OK,ASW,CE,Combined TRACON& Tower with Radar,79,47,25,20,171,0,0,12,16,28,79,47,37,36,199,40,22,62,261
08/07/2011,TUL,OK,ASW,CE,Combined TRACON& Tower with Radar,85,63,26,15,189,0,0,12,12,24,85,63,38,27,213,0,0,0,213
08/08/2011,TUL,OK,ASW,CE,Combined TRACON& Tower with Radar,91,76,52,46,265,0,1,16,5,22,91,77,68,51,287,2,58,60,347
08/09/2011,TUL,OK,ASW,CE,Combined TRACON& Tower with Radar,100,80,45,44,269,0,1,37,6,44,100,81,82,50,313,12,0,12,325
08/10/2011,TUL,OK,ASW,CE,Combined TRACON& Tower with Radar,93,73,45,15,226,0,0,7,4,11,93,73,52,19,237,0,0,0,237
08/11/2011,TUL,OK,ASW,CE,Combined TRACON& Tower with Radar,102,94,48,14,258,0,0,17,6,23,102,94,65,20,281,78,48,126,407
08/12/2011,TUL,OK,ASW,CE,Combined TRACON& Tower with Radar,95,78,37,9,219,0,0,24,6,30,95,78,61,15,249,26,4,30,279
08/13/2011,TUL,OK,ASW,CE,Combined TRACON& Tower with Radar,85,49,14,0,148,0,3,20,4,27,85,52,34,4,175,36,0,36,211
08/14/2011,TUL,OK,ASW,CE,Combined TRACON& Tower with Radar,90,66,24,3,183,0,0,31,1,32,90,66,55,4,215,12,0,12,227
08/15/2011,TUL,OK,ASW,CE,Combined TRACON& Tower with Radar,87,68,52,56,263,0,0,24,0,24,87,68,76,56,287,16,48,64,351
08/16/2011,TUL,OK,ASW,CE,Combined TRACON& Tower with Radar,84,79,66,55,284,0,0,28,7,35,84,79,94,62,319,20,20,40,359
08/17/2011,TUL,OK,ASW,CE,Combined TRACON& Tower with Radar,95,81,40,62,278,0,0,30,7,37,95,81,70,69,315,14,50,64,379
08/18/2011,TUL,OK,ASW,CE,Combined TRACON& Tower with Radar,102,81,58,25,266,0,1,23,3,27,102,82,81,28,293,22,32,54,347
08/19/2011,TUL,OK,ASW,CE,Combined TRACON& Tower with Radar,97,80,31,5,213,0,3,23,5,31,97,83,54,10,244,30,2,32,276
08/20/2011,TUL,OK,ASW,CE,Combined TRACON& Tower with Radar,68,33,19,0,120,0,0,17,0,17,68,33,36,0,137,0,0,0,137
08/21/2011,TUL,OK,ASW,CE,Combined TRACON& Tower with Radar,81,60,18,2,161,0,2,4,0,6,81,62,22,2,167,0,0,0,167
08/22/2011,TUL,OK,ASW,CE,Combined TRACON& Tower with Radar,88,75,39,19,221,0,4,25,0,29,88,79,64,19,250,10,6,16,266
08/23/2011,TUL,OK,ASW,CE,Combined TRACON& Tower with Radar,85,75,70,36,266,0,2,40,3,45,85,77,110,39,311,11,20,31,342
08/24/2011,TUL,OK,ASW,CE,Combined TRACON& Tower with Radar,92,77,45,27,241,0,1,20,8,29,92,78,65,35,270,0,4,4,274
08/25/2011,TUL,OK,ASW,CE,Combined TRACON& Tower with Radar,96,85,36,45,262,0,2,28,4,34,96,87,64,49,296,0,40,40,336
08/26/2011,TUL,OK,ASW,CE,Combined TRACON& Tower with Radar,93,77,50,32,252,0,3,43,8,54,93,80,93,40,306,72,50,122,428
08/27/2011,TUL,OK,ASW,CE,Combined TRACON& Tower with Radar,77,38,28,0,143,0,3,31,1,35,77,41,59,1,178,44,0,44,222
08/28/2011,TUL,OK,ASW,CE,Combined TRACON& Tower with Radar,85,61,43,7,196,0,0,18,1,19,85,61,61,8,215,64,0,64,279
08/29/2011,TUL,OK,ASW,CE,Combined TRACON& Tower with Radar,89,84,51,53,277,0,1,15,1,17,89,85,66,54,294,0,20,20,314
08/30/2011,TUL,OK,ASW,CE,Combined TRACON& Tower with Radar,87,71,49,13,220,0,1,27,3,31,87,72,76,16,251,10,4,14,265
08/31/2011,TUL,OK,ASW,CE,Combined TRACON& Tower with Radar,102,77,58,21,258,0,0,22,12,34,102,77,80,33,292,42,56,98,390
09/01/2011,TUL,OK,ASW,CE,Combined TRACON& Tower with Radar,88,90,57,60,295,0,2,36,7,45,88,92,93,67,340,24,68,92,432
09/02/2011,TUL,OK,ASW,CE,Combined TRACON& Tower with Radar,94,74,46,46,260,0,2,28,11,41,94,76,74,57,301,30,52,82,383
09/03/2011,TUL,OK,ASW,CE,Combined TRACON& Tower with Radar,63,42,29,1,135,0,0,26,2,28,63,42,55,3,163,22,4,26,189
09/04/2011,TUL,OK,ASW,CE,Combined TRACON& Tower with Radar,58,39,12,0,109,0,0,10,0,10,58,39,22,0,119,0,0,0,119
09/05/2011,TUL,OK,ASW,CE,Combined TRACON& Tower with Radar,70,62,26,0,158,0,0,22,2,24,70,62,48,2,182,22,0,22,204
09/06/2011,TUL,OK,ASW,CE,Combined TRACON& Tower with Radar,91,70,44,62,267,0,1,44,1,46,91,71,88,63,313,50,44,94,407
09/07/2011,TUL,OK,ASW,CE,Combined TRACON& Tower with Radar,92,71,56,74,293,0,0,41,5,46,92,71,97,79,339,46,166,212,551
09/08/2011,TUL,OK,ASW,CE,Combined TRACON& Tower with Radar,88,92,42,51,273,0,0,33,3,36,88,92,75,54,309,30,50,80,389
09/09/2011,TUL,OK,ASW,CE,Combined TRACON& Tower with Radar,96,86,39,55,276,0,0,21,5,26,96,86,60,60,302,54,54,108,410
09/10/2011,TUL,OK,ASW,CE,Combined TRACON& Tower with Radar,67,50,26,3,146,0,0,29,4,33,67,50,55,7,179,134,14,148,327
09/11/2011,TUL,OK,ASW,CE,Combined TRACON& Tower with Radar,81,54,26,7,168,0,0,11,2,13,81,54,37,9,181,30,0,30,211
09/12/2011,TUL,OK,ASW,CE,Combined TRACON& Tower with Radar,84,76,45,73,278,0,2,37,2,41,84,78,82,75,319,30,122,152,471
09/13/2011,TUL,OK,ASW,CE,Combined TRACON& Tower with Radar,89,64,61,40,254,0,0,18,4,22,89,64,79,44,276,0,22,22,298
09/14/2011,TUL,OK,ASW,CE,Combined TRACON& Tower with Radar,90,80,39,35,244,0,0,8,3,11,90,80,47,38,255,17,74,91,346
09/15/2011,TUL,OK,ASW,CE,Combined TRACON& Tower with Radar,89,80,63,45,277,0,4,11,2,17,89,84,74,47,294,0,0,0,294
09/16/2011,TUL,OK,ASW,CE,Combined TRACON& Tower with Radar,109,80,57,19,265,0,2,7,0,9,109,82,64,19,274,8,14,22,296
09/17/2011,TUL,OK,ASW,CE,Combined TRACON& Tower with Radar,59,47,35,0,141,0,1,12,0,13,59,48,47,0,154,6,0,6,160
09/18/2011,TUL,OK,ASW,CE,Combined TRACON& Tower with Radar,83,65,22,1,171,0,0,11,2,13,83,65,33,3,184,0,0,0,184
09/19/2011,TUL,OK,ASW,CE,Combined TRACON& Tower with Radar,92,73,35,24,224,0,1,27,2,30,92,74,62,26,254,32,0,32,286
09/20/2011,TUL,OK,ASW,CE,Combined TRACON& Tower with Radar,85,78,50,39,252,0,0,34,11,45,85,78,84,50,297,20,44,64,361
09/21/2011,TUL,OK,ASW,CE,Combined TRACON& Tower with Radar,92,73,41,42,248,0,1,32,7,40,92,74,73,49,288,34,106,140,428
09/22/2011,TUL,OK,ASW,CE,Combined TRACON& Tower with Radar,90,83,53,25,251,0,1,19,6,26,90,84,72,31,277,6,54,60,337
09/23/2011,TUL,OK,ASW,CE,Combined TRACON& Tower with Radar,97,84,74,8,263,0,0,51,10,61,97,84,125,18,324,53,40,93,417
09/24/2011,TUL,OK,ASW,CE,Combined TRACON& Tower with Radar,59,47,39,1,146,0,0,39,1,40,59,47,78,2,186,44,0,44,230
09/25/2011,TUL,OK,ASW,CE,Combined TRACON& Tower with Radar,83,68,23,9,183,0,2,19,0,21,83,70,42,9,204,0,0,0,204
09/26/2011,TUL,OK,ASW,CE,Combined TRACON& Tower with Radar,84,77,33,0,194,0,4,31,0,35,84,81,64,0,229,14,0,14,243
09/27/2011,TUL,OK,ASW,CE,Combined TRACON& Tower with Radar,84,71,41,27,223,0,2,39,3,44,84,73,80,30,267,0,12,12,279
09/28/2011,TUL,OK,ASW,CE,Combined TRACON& Tower with Radar,92,68,63,32,255,0,4,40,12,56,92,72,103,44,311,44,32,76,387
09/29/2011,TUL,OK,ASW,CE,Combined TRACON& Tower with Radar,94,71,38,15,218,0,1,38,7,46,94,72,76,22,264,22,74,96,360
09/30/2011,TUL,OK,ASW,CE,Combined TRACON& Tower with Radar,93,65,46,7,211,0,1,35,1,37,93,66,81,8,248,14,6,20,268
10/01/2011,TUL,OK,ASW,CE,Combined TRACON& Tower with Radar,67,38,35,0,140,0,0,35,2,37,67,38,70,2,177,10,0,10,187
10/02/2011,TUL,OK,ASW,CE,Combined TRACON& Tower with Radar,77,56,30,5,168,0,1,18,0,19,77,57,48,5,187,0,0,0,187
10/03/2011,TUL,OK,ASW,CE,Combined TRACON& Tower with Radar,85,65,52,16,218,0,4,30,0,34,85,69,82,16,252,12,8,20,272
10/04/2011,TUL,OK,ASW,CE,Combined TRACON& Tower with Radar,86,68,46,14,214,0,2,22,0,24,86,70,68,14,238,6,18,24,262
10/05/2011,TUL,OK,ASW,CE,Combined TRACON& Tower with Radar,88,65,49,47,249,0,1,28,0,29,88,66,77,47,278,58,92,150,428
10/06/2011,TUL,OK,ASW,CE,Combined TRACON& Tower with Radar,93,75,51,56,275,0,2,19,3,24,93,77,70,59,299,20,84,104,403
10/07/2011,TUL,OK,ASW,CE,Combined TRACON& Tower with Radar,93,74,56,1,224,0,3,27,1,31,93,77,83,2,255,0,0,0,255
10/08/2011,TUL,OK,ASW,CE,Combined TRACON& Tower with Radar,67,39,24,0,130,0,4,21,0,25,67,43,45,0,155,10,0,10,165
10/09/2011,TUL,OK,ASW,CE,Combined TRACON& Tower with Radar,79,64,28,0,171,0,0,10,0,10,79,64,38,0,181,12,0,12,193
10/10/2011,TUL,OK,ASW,CE,Combined TRACON& Tower with Radar,84,73,60,8,225,0,1,6,0,7,84,74,66,8,232,14,0,14,246
10/11/2011,TUL,OK,ASW,CE,Combined TRACON& Tower with Radar,95,56,55,9,215,0,5,42,1,48,95,61,97,10,263,46,10,56,319
10/12/2011,TUL,OK,ASW,CE,Combined TRACON& Tower with Radar,96,71,46,13,226,0,2,18,7,27,96,73,64,20,253,26,18,44,297
10/13/2011,TUL,OK,ASW,CE,Combined TRACON& Tower with Radar,92,83,66,29,270,0,2,33,5,40,92,85,99,34,310,6,60,66,376
10/14/2011,TUL,OK,ASW,CE,Combined TRACON& Tower with Radar,89,84,54,25,252,0,2,43,5,50,89,86,97,30,302,38,34,72,374
10/15/2011,TUL,OK,ASW,CE,Combined TRACON& Tower with Radar,62,43,30,2,137,0,4,24,2,30,62,47,54,4,167,14,0,14,181
10/16/2011,TUL,OK,ASW,CE,Combined TRACON& Tower with Radar,76,67,32,0,175,0,2,23,2,27,76,69,55,2,202,0,0,0,202
10/17/2011,TUL,OK,ASW,CE,Combined TRACON& Tower with Radar,84,69,20,30,203,0,4,23,1,28,84,73,43,31,231,20,26,46,277
10/18/2011,TUL,OK,ASW,CE,Combined TRACON& Tower with Radar,89,72,55,43,259,0,1,32,2,35,89,73,87,45,294,16,22,38,332
10/19/2011,TUL,OK,ASW,CE,Combined TRACON& Tower with Radar,90,61,62,49,262,0,3,28,5,36,90,64,90,54,298,34,52,86,384
10/20/2011,TUL,OK,ASW,CE,Combined TRACON& Tower with Radar,97,84,68,84,333,0,2,30,0,32,97,86,98,84,365,40,126,166,531
10/21/2011,TUL,OK,ASW,CE,Combined TRACON& Tower with Radar,95,72,53,50,270,0,1,41,3,45,95,73,94,53,315,38,130,168,483
10/22/2011,TUL,OK,ASW,CE,Combined TRACON& Tower with Radar,60,42,24,4,130,1,0,16,0,17,61,42,40,4,147,30,0,30,177
10/23/2011,TUL,OK,ASW,CE,Combined TRACON& Tower with Radar,77,77,42,4,200,0,0,24,0,24,77,77,66,4,224,0,0,0,224
10/24/2011,TUL,OK,ASW,CE,Combined TRACON& Tower with Radar,99,73,57,101,330,0,5,31,0,36,99,78,88,101,366,28,120,148,514
10/25/2011,TUL,OK,ASW,CE,Combined TRACON& Tower with Radar,86,70,53,62,271,0,4,26,11,41,86,74,79,73,312,34,144,178,490
10/26/2011,TUL,OK,ASW,CE,Combined TRACON& Tower with Radar,93,66,51,46,256,0,1,18,5,24,93,67,69,51,280,0,63,63,343
10/27/2011,TUL,OK,ASW,CE,Combined TRACON& Tower with Radar,90,77,68,13,248,0,1,15,11,27,90,78,83,24,275,4,32,36,311
10/28/2011,TUL,OK,ASW,CE,Combined TRACON& Tower with Radar,93,70,70,54,287,0,2,49,8,59,93,72,119,62,346,90,116,206,552
10/29/2011,TUL,OK,ASW,CE,Combined TRACON& Tower with Radar,64,50,28,4,146,0,2,36,0,38,64,52,64,4,184,50,4,54,238
10/30/2011,TUL,OK,ASW,CE,Combined TRACON& Tower with Radar,77,62,46,11,196,0,2,22,0,24,77,64,68,11,220,0,0,0,220
10/31/2011,TUL,OK,ASW,CE,Combined TRACON& Tower with Radar,81,64,29,25,199,0,3,11,0,14,81,67,40,25,213,6,6,12,225
11/01/2011,TUL,OK,ASW,CE,Combined TRACON& Tower with Radar,86,65,47,13,211,0,3,18,4,25,86,68,65,17,236,2,6,8,244
11/02/2011,TUL,OK,ASW,CE,Combined TRACON& Tower with Radar,91,64,48,13,216,0,1,6,3,10,91,65,54,16,226,0,12,12,238
11/03/2011,TUL,OK,ASW,CE,Combined TRACON& Tower with Radar,91,75,59,25,250,0,3,19,4,26,91,78,78,29,276,38,48,86,362
11/04/2011,TUL,OK,ASW,CE,Combined TRACON& Tower with Radar,91,72,52,31,246,0,2,37,3,42,91,74,89,34,288,22,20,42,330
11/05/2011,TUL,OK,ASW,CE,Combined TRACON& Tower with Radar,67,43,38,8,156,0,3,13,4,20,67,46,51,12,176,26,16,42,218
11/06/2011,TUL,OK,ASW,CE,Combined TRACON& Tower with Radar,73,66,28,16,183,0,0,10,4,14,73,66,38,20,197,0,10,10,207
11/07/2011,TUL,OK,ASW,CE,Combined TRACON& Tower with Radar,81,71,34,0,186,0,0,0,0,0,81,71,34,0,186,0,0,0,186
11/08/2011,TUL,OK,ASW,CE,Combined TRACON& Tower with Radar,90,55,46,0,191,0,0,3,2,5,90,55,49,2,196,17,22,39,235
11/09/2011,TUL,OK,ASW,CE,Combined TRACON& Tower with Radar,101,71,62,15,249,0,3,32,10,45,101,74,94,25,294,16,16,32,326
11/10/2011,TUL,OK,ASW,CE,Combined TRACON& Tower with Radar,95,65,91,25,276,0,3,42,8,53,95,68,133,33,329,8,68,76,405
11/11/2011,TUL,OK,ASW,CE,Combined TRACON& Tower with Radar,94,60,54,1,209,0,1,34,4,39,94,61,88,5,248,2,4,6,254
11/12/2011,TUL,OK,ASW,CE,Combined TRACON& Tower with Radar,64,42,40,0,146,0,2,22,2,26,64,44,62,2,172,8,0,8,180
11/13/2011,TUL,OK,ASW,CE,Combined TRACON& Tower with Radar,73,54,48,0,175,0,0,12,4,16,73,54,60,4,191,0,0,0,191
11/14/2011,TUL,OK,ASW,CE,Combined TRACON& Tower with Radar,89,71,43,55,258,0,2,24,7,33,89,73,67,62,291,0,12,12,303
11/15/2011,TUL,OK,ASW,CE,Combined TRACON& Tower with Radar,91,64,57,58,270,0,3,23,2,28,91,67,80,60,298,92,82,174,472
11/16/2011,TUL,OK,ASW,CE,Combined TRACON& Tower with Radar,88,61,54,68,271,0,0,34,4,38,88,61,88,72,309,22,84,106,415
11/17/2011,TUL,OK,ASW,CE,Combined TRACON& Tower with Radar,93,68,63,41,265,0,4,40,3,47,93,72,103,44,312,10,42,52,364
11/18/2011,TUL,OK,ASW,CE,Combined TRACON& Tower with Radar,98,67,64,18,247,0,1,32,0,33,98,68,96,18,280,56,34,90,370
11/19/2011,TUL,OK,ASW,CE,Combined TRACON& Tower with Radar,72,39,21,7,139,0,0,1,0,1,72,39,22,7,140,0,4,4,144
11/20/2011,TUL,OK,ASW,CE,Combined TRACON& Tower with Radar,72,58,26,8,164,0,0,1,0,1,72,58,27,8,165,0,0,0,165
11/21/2011,TUL,OK,ASW,CE,Combined TRACON& Tower with Radar,82,58,40,6,186,0,0,0,0,0,82,58,40,6,186,0,0,0,186
11/22/2011,TUL,OK,ASW,CE,Combined TRACON& Tower with Radar,95,58,63,49,265,0,0,12,6,18,95,58,75,55,283,4,42,46,329
11/23/2011,TUL,OK,ASW,CE,Combined TRACON& Tower with Radar,101,70,46,17,234,0,2,27,0,29,101,72,73,17,263,8,12,20,283
11/24/2011,TUL,OK,ASW,CE,Combined TRACON& Tower with Radar,45,34,9,0,88,0,0,4,0,4,45,34,13,0,92,32,0,32,124
11/25/2011,TUL,OK,ASW,CE,Combined TRACON& Tower with Radar,72,57,19,0,148,0,0,3,0,3,72,57,22,0,151,6,0,6,157
11/26/2011,TUL,OK,ASW,CE,Combined TRACON& Tower with Radar,78,57,27,0,162,0,0,3,0,3,78,57,30,0,165,0,0,0,165
11/27/2011,TUL,OK,ASW,CE,Combined TRACON& Tower with Radar,89,53,43,1,186,0,0,28,0,28,89,53,71,1,214,14,0,14,228
11/28/2011,TUL,OK,ASW,CE,Combined TRACON& Tower with Radar,94,57,39,34,224,0,3,19,1,23,94,60,58,35,247,4,22,26,273
11/29/2011,TUL,OK,ASW,CE,Combined TRACON& Tower with Radar,89,52,49,43,233,0,5,33,7,45,89,57,82,50,278,52,28,80,358
11/30/2011,TUL,OK,ASW,CE,Combined TRACON& Tower with Radar,92,66,64,44,266,0,4,52,5,61,92,70,116,49,327,78,46,124,451
12/01/2011,TUL,OK,ASW,CE,Combined TRACON& Tower with Radar,87,66,51,43,247,0,1,29,7,37,87,67,80,50,284,42,60,102,386
12/02/2011,TUL,OK,ASW,CE,Combined TRACON& Tower with Radar,92,68,30,10,200,0,0,10,0,10,92,68,40,10,210,30,0,30,240
12/03/2011,TUL,OK,ASW,CE,Combined TRACON& Tower with Radar,65,46,25,4,140,0,1,2,1,4,65,47,27,5,144,0,0,0,144
12/04/2011,TUL,OK,ASW,CE,Combined TRACON& Tower with Radar,75,51,30,8,164,0,2,6,0,8,75,53,36,8,172,0,0,0,172
12/05/2011,TUL,OK,ASW,CE,Combined TRACON& Tower with Radar,86,63,50,49,248,0,0,9,0,9,86,63,59,49,257,12,102,114,371
12/06/2011,TUL,OK,ASW,CE,Combined TRACON& Tower with Radar,91,53,37,17,198,0,2,15,7,24,91,55,52,24,222,74,8,82,304
12/07/2011,TUL,OK,ASW,CE,Combined TRACON& Tower with Radar,90,51,64,86,291,0,5,38,7,50,90,56,102,93,341,46,102,148,489
12/08/2011,TUL,OK,ASW,CE,Combined TRACON& Tower with Radar,101,68,54,10,233,0,6,29,8,43,101,74,83,18,276,60,58,118,394
12/09/2011,TUL,OK,ASW,CE,Combined TRACON& Tower with Radar,102,70,67,61,300,0,0,34,6,40,102,70,101,67,340,54,58,112,452
12/10/2011,TUL,OK,ASW,CE,Combined TRACON& Tower with Radar,70,34,29,0,133,0,0,36,0,36,70,34,65,0,169,8,0,8,177
12/11/2011,TUL,OK,ASW,CE,Combined TRACON& Tower with Radar,79,48,27,2,156,0,0,14,0,14,79,48,41,2,170,0,0,0,170
12/12/2011,TUL,OK,ASW,CE,Combined TRACON& Tower with Radar,84,68,43,72,267,0,0,1,0,1,84,68,44,72,268,16,78,94,362
12/13/2011,TUL,OK,ASW,CE,Combined TRACON& Tower with Radar,97,72,66,49,284,0,0,5,2,7,97,72,71,51,291,4,16,20,311
12/14/2011,TUL,OK,ASW,CE,Combined TRACON& Tower with Radar,88,71,81,11,251,0,0,0,3,3,88,71,81,14,254,0,0,0,254
12/15/2011,TUL,OK,ASW,CE,Combined TRACON& Tower with Radar,101,79,54,65,299,0,1,29,7,37,101,80,83,72,336,22,68,90,426
12/16/2011,TUL,OK,ASW,CE,Combined TRACON& Tower with Radar,94,67,68,54,283,0,3,50,8,61,94,70,118,62,344,102,0,102,446
12/17/2011,TUL,OK,ASW,CE,Combined TRACON& Tower with Radar,64,50,28,4,146,0,2,26,0,28,64,52,54,4,174,40,0,40,214
12/18/2011,TUL,OK,ASW,CE,Combined TRACON& Tower with Radar,78,63,46,11,198,0,2,22,0,24,78,65,68,11,222,0,0,0,222
12/19/2011,TUL,OK,ASW,CE,Combined TRACON& Tower with Radar,80,63,28,25,196,0,3,12,0,15,80,66,40,25,211,28,66,94,305
12/20/2011,TUL,OK,ASW,CE,Combined TRACON& Tower with Radar,86,65,43,13,207,0,3,13,4,20,86,68,56,17,227,0,18,18,245
12/21/2011,TUL,OK,ASW,CE,Combined TRACON& Tower with Radar,91,64,48,13,216,0,1,6,3,10,91,65,54,16,226,30,90,120,346
12/22/2011,TUL,OK,ASW,CE,Combined TRACON& Tower with Radar,91,75,59,25,250,0,3,19,4,26,91,78,78,29,276,10,92,102,378
12/23/2011,TUL,OK,ASW,CE,Combined TRACON& Tower with Radar,91,72,52,31,246,0,2,37,3,42,91,74,89,34,288,24,0,24,312
12/24/2011,TUL,OK,ASW,CE,Combined TRACON& Tower with Radar,68,43,38,8,157,0,3,13,4,20,68,46,51,12,177,0,0,0,177
12/25/2011,TUL,OK,ASW,CE,Combined TRACON& Tower with Radar,63,48,9,0,120,0,0,4,0,4,63,48,13,0,124,0,0,0,124
12/26/2011,TUL,OK,ASW,CE,Combined TRACON& Tower with Radar,105,70,44,0,219,0,0,9,0,9,105,70,53,0,228,0,0,0,228
12/27/2011,TUL,OK,ASW,CE,Combined TRACON& Tower with Radar,119,73,44,9,245,0,2,27,0,29,119,75,71,9,274,94,0,94,368
12/28/2011,TUL,OK,ASW,CE,Combined TRACON& Tower with Radar,113,87,38,11,249,0,2,39,4,45,113,89,77,15,294,32,16,48,342
12/29/2011,TUL,OK,ASW,CE,Combined TRACON& Tower with Radar,89,61,31,5,186,0,1,45,4,50,89,62,76,9,236,0,0,0,236
12/30/2011,TUL,OK,ASW,CE,Combined TRACON& Tower with Radar,89,61,34,0,184,0,2,29,2,33,89,63,63,2,217,44,0,44,261
12/31/2011,TUL,OK,ASW,CE,Combined TRACON& Tower with Radar,62,31,19,0,112,0,2,14,0,16,62,33,33,0,128,10,0,10,138
01/01/2012,TUL,OK,ASW,CE,Combined TRACON& Tower with Radar,60,45,21,0,126,0,0,14,0,14,60,45,35,0,140,0,0,0,140
01/02/2012,TUL,OK,ASW,CE,Combined TRACON& Tower with Radar,80,54,35,1,170,0,0,18,0,18,80,54,53,1,188,54,0,54,242
01/03/2012,TUL,OK,ASW,CE,Combined TRACON& Tower with Radar,97,60,48,5,210,0,2,24,0,26,97,62,72,5,236,14,8,22,258
01/04/2012,TUL,OK,ASW,CE,Combined TRACON& Tower with Radar,88,66,40,40,234,0,1,33,6,40,88,67,73,46,274,44,96,140,414
01/05/2012,TUL,OK,ASW,CE,Combined TRACON& Tower with Radar,91,70,41,44,246,0,1,37,8,46,91,71,78,52,292,72,62,134,426
01/06/2012,TUL,OK,ASW,CE,Combined TRACON& Tower with Radar,89,62,32,25,208,0,1,26,7,34,89,63,58,32,242,36,60,96,338
01/07/2012,TUL,OK,ASW,CE,Combined TRACON& Tower with Radar,59,40,31,16,146,0,0,29,11,40,59,40,60,27,186,50,52,102,288
01/08/2012,TUL,OK,ASW,CE,Combined TRACON& Tower with Radar,76,52,28,15,171,0,0,17,8,25,76,52,45,23,196,0,0,0,196
01/09/2012,TUL,OK,ASW,CE,Combined TRACON& Tower with Radar,86,56,31,58,231,0,1,24,0,25,86,57,55,58,256,22,78,100,356
01/10/2012,TUL,OK,ASW,CE,Combined TRACON& Tower with Radar,88,57,42,61,248,0,0,22,7,29,88,57,64,68,277,8,46,54,331
01/11/2012,TUL,OK,ASW,CE,Combined TRACON& Tower with Radar,87,66,58,41,252,0,2,26,11,39,87,68,84,52,291,50,90,140,431
01/12/2012,TUL,OK,ASW,CE,Combined TRACON& Tower with Radar,96,71,51,12,230,0,0,33,9,42,96,71,84,21,272,4,10,14,286
01/13/2012,TUL,OK,ASW,CE,Combined TRACON& Tower with Radar,94,63,39,35,231,0,2,42,7,51,94,65,81,42,282,32,30,62,344
01/14/2012,TUL,OK,ASW,CE,Combined TRACON& Tower with Radar,54,46,20,13,133,0,1,38,0,39,54,47,58,13,172,52,10,62,234
01/15/2012,TUL,OK,ASW,CE,Combined TRACON& Tower with Radar,76,43,29,0,148,0,0,13,0,13,76,43,42,0,161,16,0,16,177
01/16/2012,TUL,OK,ASW,CE,Combined TRACON& Tower with Radar,95,72,28,14,209,0,1,18,3,22,95,73,46,17,231,20,0,20,251
01/17/2012,TUL,OK,ASW,CE,Combined TRACON& Tower with Radar,87,56,30,43,216,0,2,31,1,34,87,58,61,44,250,22,14,36,286
01/18/2012,TUL,OK,ASW,CE,Combined TRACON& Tower with Radar,93,63,46,49,251,0,1,29,9,39,93,64,75,58,290,30,72,102,392
01/19/2012,TUL,OK,ASW,CE,Combined TRACON& Tower with Radar,90,63,65,50,268,0,4,31,4,39,90,67,96,54,307,14,56,70,377
01/20/2012,TUL,OK,ASW,CE,Combined TRACON& Tower with Radar,99,60,50,6,215,0,1,2,0,3,99,61,52,6,218,0,0,0,218
01/21/2012,TUL,OK,ASW,CE,Combined TRACON& Tower with Radar,57,47,30,4,138,0,0,29,0,29,57,47,59,4,167,16,0,16,183
01/22/2012,TUL,OK,ASW,CE,Combined TRACON& Tower with Radar,80,46,19,9,154,0,0,2,0,2,80,46,21,9,156,0,0,0,156
01/23/2012,TUL,OK,ASW,CE,Combined TRACON& Tower with Radar,94,58,36,33,221,0,3,29,1,33,94,61,65,34,254,6,6,12,266
01/24/2012,TUL,OK,ASW,CE,Combined TRACON& Tower with Radar,83,56,49,37,225,0,2,23,7,32,83,58,72,44,257,20,0,20,277
01/25/2012,TUL,OK,ASW,CE,Combined TRACON& Tower with Radar,85,73,49,35,242,0,0,5,2,7,85,73,54,37,249,0,28,28,277
01/26/2012,TUL,OK,ASW,CE,Combined TRACON& Tower with Radar,91,68,42,31,232,0,2,23,5,30,91,70,65,36,262,0,0,0,262
01/27/2012,TUL,OK,ASW,CE,Combined TRACON& Tower with Radar,90,77,53,23,243,0,2,40,2,44,90,79,93,25,287,26,10,36,323
01/28/2012,TUL,OK,ASW,CE,Combined TRACON& Tower with Radar,57,48,26,7,138,0,2,36,3,41,57,50,62,10,179,18,12,30,209
01/29/2012,TUL,OK,ASW,CE,Combined TRACON& Tower with Radar,74,46,15,2,137,0,1,27,0,28,74,47,42,2,165,0,0,0,165
01/30/2012,TUL,OK,ASW,CE,Combined TRACON& Tower with Radar,89,66,45,50,250,0,2,34,0,36,89,68,79,50,286,0,0,0,286
01/31/2012,TUL,OK,ASW,CE,Combined TRACON& Tower with Radar,96,84,63,26,269,0,0,25,2,27,96,84,88,28,296,34,0,34,330
02/01/2012,TUL,OK,ASW,CE,Combined TRACON& Tower with Radar,86,60,49,64,259,0,1,29,13,43,86,61,78,77,302,52,104,156,458
02/02/2012,TUL,OK,ASW,CE,Combined TRACON& Tower with Radar,94,75,56,25,250,0,1,30,6,37,94,76,86,31,287,6,10,16,303
02/03/2012,TUL,OK,ASW,CE,Combined TRACON& Tower with Radar,87,62,25,1,175,0,1,0,0,1,87,63,25,1,176,0,0,0,176
02/04/2012,TUL,OK,ASW,CE,Combined TRACON& Tower with Radar,56,42,23,13,134,0,0,4,1,5,56,42,27,14,139,0,0,0,139
02/05/2012,TUL,OK,ASW,CE,Combined TRACON& Tower with Radar,71,57,24,8,160,0,0,19,0,19,71,57,43,8,179,0,0,0,179
02/06/2012,TUL,OK,ASW,CE,Combined TRACON& Tower with Radar,83,64,72,39,258,0,1,41,0,42,83,65,113,39,300,4,0,4,304
02/07/2012,TUL,OK,ASW,CE,Combined TRACON& Tower with Radar,86,61,45,49,241,0,0,8,7,15,86,61,53,56,256,44,80,124,380
02/08/2012,TUL,OK,ASW,CE,Combined TRACON& Tower with Radar,86,52,43,50,231,0,0,1,1,2,86,52,44,51,233,0,12,12,245
02/09/2012,TUL,OK,ASW,CE,Combined TRACON& Tower with Radar,95,72,48,45,260,0,0,13,6,19,95,72,61,51,279,0,44,44,323
02/10/2012,TUL,OK,ASW,CE,Combined TRACON& Tower with Radar,91,66,58,23,238,0,3,13,0,16,91,69,71,23,254,0,14,14,268
02/11/2012,TUL,OK,ASW,CE,Combined TRACON& Tower with Radar,58,43,37,6,144,0,0,22,1,23,58,43,59,7,167,14,0,14,181
02/12/2012,TUL,OK,ASW,CE,Combined TRACON& Tower with Radar,79,49,29,13,170,0,0,14,0,14,79,49,43,13,184,0,10,10,194
02/13/2012,TUL,OK,ASW,CE,Combined TRACON& Tower with Radar,82,72,32,11,197,0,0,2,0,2,82,72,34,11,199,0,0,0,199
02/14/2012,TUL,OK,ASW,CE,Combined TRACON& Tower with Radar,93,70,36,32,231,0,0,20,4,24,93,70,56,36,255,0,0,0,255
02/15/2012,TUL,OK,ASW,CE,Combined TRACON& Tower with Radar,105,73,50,57,285,0,0,0,0,0,105,73,50,57,285,24,80,104,389
02/16/2012,TUL,OK,ASW,CE,Combined TRACON& Tower with Radar,95,76,73,48,292,0,4,35,7,46,95,80,108,55,338,24,38,62,400
02/17/2012,TUL,OK,ASW,CE,Combined TRACON& Tower with Radar,88,69,50,32,239,0,2,28,2,32,88,71,78,34,271,8,26,34,305
02/18/2012,TUL,OK,ASW,CE,Combined TRACON& Tower with Radar,60,43,23,0,126,0,0,8,0,8,60,43,31,0,134,0,0,0,134
02/19/2012,TUL,OK,ASW,CE,Combined TRACON& Tower with Radar,87,46,27,2,162,0,0,34,0,34,87,46,61,2,196,32,0,32,228
02/20/2012,TUL,OK,ASW,CE,Combined TRACON& Tower with Radar,86,68,32,0,186,0,0,7,0,7,86,68,39,0,193,0,0,0,193
02/21/2012,TUL,OK,ASW,CE,Combined TRACON& Tower with Radar,87,67,44,74,272,0,4,29,1,34,87,71,73,75,306,0,64,64,370
02/22/2012,TUL,OK,ASW,CE,Combined TRACON& Tower with Radar,83,65,53,58,259,0,2,43,8,53,83,67,96,66,312,40,56,96,408
02/23/2012,TUL,OK,ASW,CE,Combined TRACON& Tower with Radar,88,63,48,26,225,0,4,24,6,34,88,67,72,32,259,0,26,26,285
02/24/2012,TUL,OK,ASW,CE,Combined TRACON& Tower with Radar,91,65,43,39,238,0,5,42,5,52,91,70,85,44,290,14,66,80,370
02/25/2012,TUL,OK,ASW,CE,Combined TRACON& Tower with Radar,66,36,22,4,128,0,0,51,0,51,66,36,73,4,179,80,0,80,259
02/26/2012,TUL,OK,ASW,CE,Combined TRACON& Tower with Radar,80,49,21,37,187,0,1,26,3,30,80,50,47,40,217,0,20,20,237
02/27/2012,TUL,OK,ASW,CE,Combined TRACON& Tower with Radar,79,67,35,31,212,0,1,30,0,31,79,68,65,31,243,0,0,0,243
02/28/2012,TUL,OK,ASW,CE,Combined TRACON& Tower with Radar,83,69,37,12,201,0,0,4,4,8,83,69,41,16,209,0,8,8,217
02/29/2012,TUL,OK,ASW,CE,Combined TRACON& Tower with Radar,90,64,53,18,225,0,1,35,7,43,90,65,88,25,268,30,106,136,404
03/01/2012,TUL,OK,ASW,CE,Combined TRACON& Tower with Radar,87,86,70,13,256,0,2,37,4,43,87,88,107,17,299,16,4,20,319
03/02/2012,TUL,OK,ASW,CE,Combined TRACON& Tower with Radar,90,62,38,11,201,0,1,33,3,37,90,63,71,14,238,12,8,20,258
03/03/2012,TUL,OK,ASW,CE,Combined TRACON& Tower with Radar,62,42,28,6,138,0,1,28,0,29,62,43,56,6,167,34,0,34,201
03/04/2012,TUL,OK,ASW,CE,Combined TRACON& Tower with Radar,77,55,35,21,188,0,0,22,3,25,77,55,57,24,213,0,4,4,217
03/05/2012,TUL,OK,ASW,CE,Combined TRACON& Tower with Radar,75,67,49,18,209,0,4,24,8,36,75,71,73,26,245,50,52,102,347
03/06/2012,TUL,OK,ASW,CE,Combined TRACON& Tower with Radar,77,66,55,27,225,0,2,8,7,17,77,68,63,34,242,0,0,0,242
03/07/2012,TUL,OK,ASW,CE,Combined TRACON& Tower with Radar,83,69,53,19,224,0,4,7,6,17,83,73,60,25,241,38,0,38,279
03/08/2012,TUL,OK,ASW,CE,Combined TRACON& Tower with Radar,83,72,42,1,198,0,0,0,4,4,83,72,42,5,202,0,14,14,216
03/09/2012,TUL,OK,ASW,CE,Combined TRACON& Tower with Radar,86,75,50,5,216,0,1,43,2,46,86,76,93,7,262,0,0,0,262
03/10/2012,TUL,OK,ASW,CE,Combined TRACON& Tower with Radar,64,55,27,3,149,0,4,25,0,29,64,59,52,3,178,0,0,0,178
03/11/2012,TUL,OK,ASW,CE,Combined TRACON& Tower with Radar,76,56,37,4,173,0,0,0,0,0,76,56,37,4,173,0,0,0,173
03/12/2012,TUL,OK,ASW,CE,Combined TRACON& Tower with Radar,82,75,37,27,221,0,2,36,1,39,82,77,73,28,260,0,80,80,340
03/13/2012,TUL,OK,ASW,CE,Combined TRACON& Tower with Radar,88,76,42,35,241,0,1,29,5,35,88,77,71,40,276,22,12,34,310
03/14/2012,TUL,OK,ASW,CE,Combined TRACON& Tower with Radar,89,73,61,33,256,0,0,13,8,21,89,73,74,41,277,50,38,88,365
03/15/2012,TUL,OK,ASW,CE,Combined TRACON& Tower with Radar,85,80,63,26,254,0,0,16,1,17,85,80,79,27,271,8,76,84,355
03/16/2012,TUL,OK,ASW,CE,Combined TRACON& Tower with Radar,93,90,35,22,240,0,0,12,4,16,93,90,47,26,256,0,0,0,256
03/17/2012,TUL,OK,ASW,CE,Combined TRACON& Tower with Radar,67,59,33,2,161,0,0,9,1,10,67,59,42,3,171,0,0,0,171
03/18/2012,TUL,OK,ASW,CE,Combined TRACON& Tower with Radar,73,51,26,11,161,0,0,3,4,7,73,51,29,15,168,0,0,0,168
03/19/2012,TUL,OK,ASW,CE,Combined TRACON& Tower with Radar,70,62,18,1,151,0,0,1,0,1,70,62,19,1,152,0,0,0,152
03/20/2012,TUL,OK,ASW,CE,Combined TRACON& Tower with Radar,88,62,28,2,180,0,0,0,0,0,88,62,28,2,180,0,0,0,180
03/21/2012,TUL,OK,ASW,CE,Combined TRACON& Tower with Radar,81,74,21,15,191,0,1,4,3,8,81,75,25,18,199,8,16,24,223
03/22/2012,TUL,OK,ASW,CE,Combined TRACON& Tower with Radar,88,75,43,9,215,0,1,3,0,4,88,76,46,9,219,0,0,0,219
03/23/2012,TUL,OK,ASW,CE,Combined TRACON& Tower with Radar,89,79,40,11,219,0,0,28,4,32,89,79,68,15,251,8,8,16,267
03/24/2012,TUL,OK,ASW,CE,Combined TRACON& Tower with Radar,63,55,32,15,165,0,0,38,0,38,63,55,70,15,203,8,0,8,211
03/25/2012,TUL,OK,ASW,CE,Combined TRACON& Tower with Radar,76,67,49,0,192,0,0,30,2,32,76,67,79,2,224,0,0,0,224
03/26/2012,TUL,OK,ASW,CE,Combined TRACON& Tower with Radar,76,77,35,12,200,0,0,35,1,36,76,77,70,13,236,16,0,16,252
03/27/2012,TUL,OK,ASW,CE,Combined TRACON& Tower with Radar,79,79,66,23,247,0,0,36,4,40,79,79,102,27,287,22,54,76,363
03/28/2012,TUL,OK,ASW,CE,Combined TRACON& Tower with Radar,84,72,61,41,258,0,4,31,1,36,84,76,92,42,294,62,84,146,440
03/29/2012,TUL,OK,ASW,CE,Combined TRACON& Tower with Radar,89,83,58,34,264,0,0,27,12,39,89,83,85,46,303,62,32,94,397
03/30/2012,TUL,OK,ASW,CE,Combined TRACON& Tower with Radar,84,76,60,22,242,0,0,33,2,35,84,76,93,24,277,38,60,98,375
03/31/2012,TUL,OK,ASW,CE,Combined TRACON& Tower with Radar,64,58,43,2,167,0,0,37,0,37,64,58,80,2,204,16,0,16,220
04/01/2012,TUL,OK,ASW,CE,Combined TRACON& Tower with Radar,83,57,46,23,209,0,0,17,0,17,83,57,63,23,226,0,0,0,226
04/02/2012,TUL,OK,ASW,CE,Combined TRACON& Tower with Radar,86,68,64,43,261,0,0,30,2,32,86,68,94,45,293,0,0,0,293
04/03/2012,TUL,OK,ASW,CE,Combined TRACON& Tower with Radar,93,69,27,16,205,0,1,6,1,8,93,70,33,17,213,6,42,48,261
04/04/2012,TUL,OK,ASW,CE,Combined TRACON& Tower with Radar,95,67,51,35,248,0,0,10,5,15,95,67,61,40,263,18,48,66,329
04/05/2012,TUL,OK,ASW,CE,Combined TRACON& Tower with Radar,96,75,54,17,242,0,0,17,0,17,96,75,71,17,259,10,48,58,317
04/06/2012,TUL,OK,ASW,CE,Combined TRACON& Tower with Radar,89,69,54,9,221,0,0,24,6,30,89,69,78,15,251,32,0,32,283
04/07/2012,TUL,OK,ASW,CE,Combined TRACON& Tower with Radar,61,44,13,0,118,0,1,9,0,10,61,45,22,0,128,0,0,0,128
04/08/2012,TUL,OK,ASW,CE,Combined TRACON& Tower with Radar,84,39,18,2,143,0,0,15,0,15,84,39,33,2,158,0,0,0,158
04/09/2012,TUL,OK,ASW,CE,Combined TRACON& Tower with Radar,89,69,61,12,231,0,0,21,0,21,89,69,82,12,252,0,0,0,252
04/10/2012,TUL,OK,ASW,CE,Combined TRACON& Tower with Radar,87,57,59,11,214,0,0,25,1,26,87,57,84,12,240,6,12,18,258
04/11/2012,TUL,OK,ASW,CE,Combined TRACON& Tower with Radar,90,73,61,15,239,0,3,23,10,36,90,76,84,25,275,44,30,74,349
04/12/2012,TUL,OK,ASW,CE,Combined TRACON& Tower with Radar,99,71,53,18,241,0,0,19,10,29,99,71,72,28,270,0,0,0,270
04/13/2012,TUL,OK,ASW,CE,Combined TRACON& Tower with Radar,95,73,47,4,219,0,0,7,0,7,95,73,54,4,226,0,0,0,226
04/14/2012,TUL,OK,ASW,CE,Combined TRACON& Tower with Radar,70,34,16,9,129,0,0,5,2,7,70,34,21,11,136,0,0,0,136
04/15/2012,TUL,OK,ASW,CE,Combined TRACON& Tower with Radar,86,45,17,0,148,0,0,5,6,11,86,45,22,6,159,0,0,0,159
04/16/2012,TUL,OK,ASW,CE,Combined TRACON& Tower with Radar,93,59,43,14,209,0,1,26,0,27,93,60,69,14,236,12,40,52,288
04/17/2012,TUL,OK,ASW,CE,Combined TRACON& Tower with Radar,92,53,61,0,206,0,2,33,3,38,92,55,94,3,244,58,48,106,350
04/18/2012,TUL,OK,ASW,CE,Combined TRACON& Tower with Radar,94,65,51,6,216,0,0,32,13,45,94,65,83,19,261,22,6,28,289
04/19/2012,TUL,OK,ASW,CE,Combined TRACON& Tower with Radar,92,74,47,11,224,0,1,22,14,37,92,75,69,25,261,34,14,48,309
04/20/2012,TUL,OK,ASW,CE,Combined TRACON& Tower with Radar,92,69,51,3,215,0,1,20,3,24,92,70,71,6,239,0,0,0,239
04/21/2012,TUL,OK,ASW,CE,Combined TRACON& Tower with Radar,74,43,19,2,138,0,0,32,2,34,74,43,51,4,172,0,0,0,172
04/22/2012,TUL,OK,ASW,CE,Combined TRACON& Tower with Radar,85,45,27,2,159,0,0,16,0,16,85,45,43,2,175,14,0,14,189
04/23/2012,TUL,OK,ASW,CE,Combined TRACON& Tower with Radar,92,63,54,12,221,0,0,32,3,35,92,63,86,15,256,12,8,20,276
04/24/2012,TUL,OK,ASW,CE,Combined TRACON& Tower with Radar,92,65,55,5,217,0,2,46,6,54,92,67,101,11,271,0,0,0,271
04/25/2012,TUL,OK,ASW,CE,Combined TRACON& Tower with Radar,95,65,51,17,228,0,4,30,3,37,95,69,81,20,265,8,14,22,287
04/26/2012,TUL,OK,ASW,CE,Combined TRACON& Tower with Radar,97,69,57,0,223,0,1,39,0,40,97,70,96,0,263,0,0,0,263
04/27/2012,TUL,OK,ASW,CE,Combined TRACON& Tower with Radar,100,66,41,4,211,0,1,24,3,28,100,67,65,7,239,52,20,72,311
04/28/2012,TUL,OK,ASW,CE,Combined TRACON& Tower with Radar,69,38,34,6,147,0,0,33,0,33,69,38,67,6,180,12,0,12,192
04/29/2012,TUL,OK,ASW,CE,Combined TRACON& Tower with Radar,89,48,34,8,179,0,0,12,0,12,89,48,46,8,191,0,0,0,191
04/30/2012,TUL,OK,ASW,CE,Combined TRACON& Tower with Radar,83,62,40,9,194,0,0,15,0,15,83,62,55,9,209,0,0,0,209
05/01/2012,TUL,OK,ASW,CE,Combined TRACON& Tower with Radar,84,69,37,14,204,0,1,25,8,34,84,70,62,22,238,94,44,138,376
05/02/2012,TUL,OK,ASW,CE,Combined TRACON& Tower with Radar,88,61,62,41,252,0,1,30,10,41,88,62,92,51,293,0,0,0,293
05/03/2012,TUL,OK,ASW,CE,Combined TRACON& Tower with Radar,83,81,65,45,274,0,1,41,6,48,83,82,106,51,322,4,40,44,366
05/04/2012,TUL,OK,ASW,CE,Combined TRACON& Tower with Radar,88,80,52,51,271,0,1,29,2,32,88,81,81,53,303,0,20,20,323
05/05/2012,TUL,OK,ASW,CE,Combined TRACON& Tower with Radar,67,46,30,14,157,0,4,76,1,81,67,50,106,15,238,0,12,12,250
05/06/2012,TUL,OK,ASW,CE,Combined TRACON& Tower with Radar,81,52,25,1,159,0,0,17,3,20,81,52,42,4,179,0,6,6,185
05/07/2012,TUL,OK,ASW,CE,Combined TRACON& Tower with Radar,80,79,39,38,236,0,1,9,1,11,80,80,48,39,247,2,8,10,257
05/08/2012,TUL,OK,ASW,CE,Combined TRACON& Tower with Radar,84,67,53,25,229,0,1,32,9,42,84,68,85,34,271,160,90,250,521
05/09/2012,TUL,OK,ASW,CE,Combined TRACON& Tower with Radar,86,77,40,29,232,0,2,47,2,51,86,79,87,31,283,62,62,124,407
05/10/2012,TUL,OK,ASW,CE,Combined TRACON& Tower with Radar,93,81,67,19,260,0,1,34,5,40,93,82,101,24,300,26,82,108,408
05/11/2012,TUL,OK,ASW,CE,Combined TRACON& Tower with Radar,104,84,48,1,237,0,0,17,5,22,104,84,65,6,259,0,0,0,259
05/12/2012,TUL,OK,ASW,CE,Combined TRACON& Tower with Radar,66,41,24,0,131,0,0,14,0,14,66,41,38,0,145,0,0,0,145
05/13/2012,TUL,OK,ASW,CE,Combined TRACON& Tower with Radar,73,66,18,0,157,0,0,12,0,12,73,66,30,0,169,10,0,10,179
05/14/2012,TUL,OK,ASW,CE,Combined TRACON& Tower with Radar,79,71,43,43,236,0,3,38,0,41,79,74,81,43,277,0,0,0,277
05/15/2012,TUL,OK,ASW,CE,Combined TRACON& Tower with Radar,82,77,59,39,257,0,0,36,7,43,82,77,95,46,300,88,70,158,458
05/16/2012,TUL,OK,ASW,CE,Combined TRACON& Tower with Radar,89,81,54,31,255,0,2,36,5,43,89,83,90,36,298,0,22,22,320
05/17/2012,TUL,OK,ASW,CE,Combined TRACON& Tower with Radar,88,84,58,22,252,0,2,28,8,38,88,86,86,30,290,42,150,192,482
05/18/2012,TUL,OK,ASW,CE,Combined TRACON& Tower with Radar,93,79,42,6,220,0,2,41,6,49,93,81,83,12,269,0,0,0,269
05/19/2012,TUL,OK,ASW,CE,Combined TRACON& Tower with Radar,64,48,23,9,144,0,1,27,3,31,64,49,50,12,175,30,32,62,237
05/20/2012,TUL,OK,ASW,CE,Combined TRACON& Tower with Radar,72,59,21,1,153,0,0,7,0,7,72,59,28,1,160,0,0,0,160
05/21/2012,TUL,OK,ASW,CE,Combined TRACON& Tower with Radar,81,73,39,15,208,0,2,25,2,29,81,75,64,17,237,0,0,0,237
05/22/2012,TUL,OK,ASW,CE,Combined TRACON& Tower with Radar,82,75,58,23,238,0,0,46,7,53,82,75,104,30,291,16,2,18,309
05/23/2012,TUL,OK,ASW,CE,Combined TRACON& Tower with Radar,92,65,41,16,214,0,0,16,3,19,92,65,57,19,233,0,0,0,233
05/24/2012,TUL,OK,ASW,CE,Combined TRACON& Tower with Radar,84,75,54,40,253,0,0,19,7,26,84,75,73,47,279,12,40,52,331
05/25/2012,TUL,OK,ASW,CE,Combined TRACON& Tower with Radar,89,77,39,3,208,0,1,23,7,31,89,78,62,10,239,0,0,0,239
05/26/2012,TUL,OK,ASW,CE,Combined TRACON& Tower with Radar,64,47,22,0,133,0,1,18,1,20,64,48,40,1,153,0,0,0,153
05/27/2012,TUL,OK,ASW,CE,Combined TRACON& Tower with Radar,64,48,17,0,129,0,1,21,0,22,64,49,38,0,151,0,0,0,151
05/28/2012,TUL,OK,ASW,CE,Combined TRACON& Tower with Radar,67,70,20,0,157,0,2,11,1,14,67,72,31,1,171,4,8,12,183
05/29/2012,TUL,OK,ASW,CE,Combined TRACON& Tower with Radar,79,76,67,22,244,0,2,18,2,22,79,78,85,24,266,26,0,26,292
05/30/2012,TUL,OK,ASW,CE,Combined TRACON& Tower with Radar,93,96,56,32,277,0,1,28,3,32,93,97,84,35,309,2,16,18,327
05/31/2012,TUL,OK,ASW,CE,Combined TRACON& Tower with Radar,87,83,46,15,231,0,1,23,4,28,87,84,69,19,259,32,22,54,313
06/01/2012,TUL,OK,ASW,CE,Combined TRACON& Tower with Radar,82,78,47,5,212,0,1,35,7,43,82,79,82,12,255,0,0,0,255
06/02/2012,TUL,OK,ASW,CE,Combined TRACON& Tower with Radar,63,48,24,15,150,0,0,37,5,42,63,48,61,20,192,26,12,38,230
06/03/2012,TUL,OK,ASW,CE,Combined TRACON& Tower with Radar,78,56,20,10,164,0,0,6,2,8,78,56,26,12,172,0,0,0,172
06/04/2012,TUL,OK,ASW,CE,Combined TRACON& Tower with Radar,86,78,33,35,232,0,1,11,0,12,86,79,44,35,244,26,12,38,282
06/05/2012,TUL,OK,ASW,CE,Combined TRACON& Tower with Radar,88,76,33,26,223,0,2,27,5,34,88,78,60,31,257,0,0,0,257
06/06/2012,TUL,OK,ASW,CE,Combined TRACON& Tower with Radar,82,71,44,24,221,0,3,24,8,35,82,74,68,32,256,4,40,44,300
06/07/2012,TUL,OK,ASW,CE,Combined TRACON& Tower with Radar,93,86,61,13,253,0,3,26,7,36,93,89,87,20,289,10,12,22,311
06/08/2012,TUL,OK,ASW,CE,Combined TRACON& Tower with Radar,86,91,46,8,231,0,2,47,5,54,86,93,93,13,285,10,46,56,341
06/09/2012,TUL,OK,ASW,CE,Combined TRACON& Tower with Radar,68,50,16,0,134,0,1,27,0,28,68,51,43,0,162,4,0,4,166
06/10/2012,TUL,OK,ASW,CE,Combined TRACON& Tower with Radar,73,74,36,2,185,0,0,16,0,16,73,74,52,2,201,0,0,0,201
06/11/2012,TUL,OK,ASW,CE,Combined TRACON& Tower with Radar,77,100,39,10,226,0,1,14,2,17,77,101,53,12,243,16,0,16,259
06/12/2012,TUL,OK,ASW,CE,Combined TRACON& Tower with Radar,84,86,45,9,224,0,2,24,4,30,84,88,69,13,254,0,0,0,254
06/13/2012,TUL,OK,ASW,CE,Combined TRACON& Tower with Radar,91,92,66,32,281,0,1,34,6,41,91,93,100,38,322,10,30,40,362
06/14/2012,TUL,OK,ASW,CE,Combined TRACON& Tower with Radar,82,101,55,37,275,0,2,31,6,39,82,103,86,43,314,0,0,0,314
06/15/2012,TUL,OK,ASW,CE,Combined TRACON& Tower with Radar,86,80,33,1,200,0,0,24,6,30,86,80,57,7,230,4,0,4,234
06/16/2012,TUL,OK,ASW,CE,Combined TRACON& Tower with Radar,66,49,14,3,132,0,2,20,0,22,66,51,34,3,154,0,0,0,154
06/17/2012,TUL,OK,ASW,CE,Combined TRACON& Tower with Radar,78,75,22,18,193,0,0,16,0,16,78,75,38,18,209,34,14,48,257
06/18/2012,TUL,OK,ASW,CE,Combined TRACON& Tower with Radar,79,82,46,37,244,0,0,27,2,29,79,82,73,39,273,18,38,56,329
06/19/2012,TUL,OK,ASW,CE,Combined TRACON& Tower with Radar,86,83,50,20,239,0,3,25,6,34,86,86,75,26,273,0,0,0,273
06/20/2012,TUL,OK,ASW,CE,Combined TRACON& Tower with Radar,88,91,58,22,259,0,1,26,8,35,88,92,84,30,294,0,0,0,294
06/21/2012,TUL,OK,ASW,CE,Combined TRACON& Tower with Radar,85,93,53,43,274,0,1,22,4,27,85,94,75,47,301,0,0,0,301
06/22/2012,TUL,OK,ASW,CE,Combined TRACON& Tower with Radar,81,85,47,35,248,0,1,33,4,38,81,86,80,39,286,40,32,72,358
06/23/2012,TUL,OK,ASW,CE,Combined TRACON& Tower with Radar,70,58,19,6,153,0,4,21,3,28,70,62,40,9,181,4,28,32,213
06/24/2012,TUL,OK,ASW,CE,Combined TRACON& Tower with Radar,79,79,48,0,206,0,0,21,2,23,79,79,69,2,229,10,0,10,239
06/25/2012,TUL,OK,ASW,CE,Combined TRACON& Tower with Radar,75,86,44,25,230,0,4,34,2,40,75,90,78,27,270,0,0,0,270
06/26/2012,TUL,OK,ASW,CE,Combined TRACON& Tower with Radar,83,85,59,49,276,0,1,22,3,26,83,86,81,52,302,0,0,0,302
06/27/2012,TUL,OK,ASW,CE,Combined TRACON& Tower with Radar,80,90,44,36,250,0,0,28,9,37,80,90,72,45,287,18,34,52,339
06/28/2012,TUL,OK,ASW,CE,Combined TRACON& Tower with Radar,87,88,45,31,251,0,2,32,3,37,87,90,77,34,288,60,44,104,392
06/29/2012,TUL,OK,ASW,CE,Combined TRACON& Tower with Radar,94,74,50,22,240,0,3,43,11,57,94,77,93,33,297,0,16,16,313
06/30/2012,TUL,OK,ASW,CE,Combined TRACON& Tower with Radar,69,49,33,0,151,0,1,28,4,33,69,50,61,4,184,0,0,0,184
07/01/2012,TUL,OK,ASW,CE,Combined TRACON& Tower with Radar,82,67,17,1,167,0,0,22,1,23,82,67,39,2,190,22,0,22,212
07/02/2012,TUL,OK,ASW,CE,Combined TRACON& Tower with Radar,73,61,38,14,186,0,0,21,0,21,73,61,59,14,207,0,0,0,207
07/03/2012,TUL,OK,ASW,CE,Combined TRACON& Tower with Radar,77,69,41,18,205,0,2,27,0,29,77,71,68,18,234,0,0,0,234
07/04/2012,TUL,OK,ASW,CE,Combined TRACON& Tower with Radar,59,37,7,0,103,0,1,6,2,9,59,38,13,2,112,0,0,0,112
07/05/2012,TUL,OK,ASW,CE,Combined TRACON& Tower with Radar,72,62,36,1,171,0,2,24,8,34,72,64,60,9,205,6,38,44,249
07/06/2012,TUL,OK,ASW,CE,Combined TRACON& Tower with Radar,80,66,31,6,183,0,1,23,8,32,80,67,54,14,215,26,2,28,243
07/07/2012,TUL,OK,ASW,CE,Combined TRACON& Tower with Radar,66,72,18,0,156,0,0,8,0,8,66,72,26,0,164,0,0,0,164
07/08/2012,TUL,OK,ASW,CE,Combined TRACON& Tower with Radar,76,75,24,3,178,0,0,16,0,16,76,75,40,3,194,0,0,0,194
07/09/2012,TUL,OK,ASW,CE,Combined TRACON& Tower with Radar,84,72,38,21,215,0,2,25,0,27,84,74,63,21,242,0,0,0,242
07/10/2012,TUL,OK,ASW,CE,Combined TRACON& Tower with Radar,85,89,54,8,236,0,2,25,2,29,85,91,79,10,265,0,0,0,265
07/11/2012,TUL,OK,ASW,CE,Combined TRACON& Tower with Radar,83,89,44,13,229,0,3,34,9,46,83,92,78,22,275,0,0,0,275
07/12/2012,TUL,OK,ASW,CE,Combined TRACON& Tower with Radar,84,86,53,21,244,0,0,42,9,51,84,86,95,30,295,0,20,20,315
07/13/2012,TUL,OK,ASW,CE,Combined TRACON& Tower with Radar,80,84,40,23,227,0,1,20,3,24,80,85,60,26,251,0,0,0,251
07/14/2012,TUL,OK,ASW,CE,Combined TRACON& Tower with Radar,59,68,21,24,172,0,0,26,10,36,59,68,47,34,208,18,58,76,284
07/15/2012,TUL,OK,ASW,CE,Combined TRACON& Tower with Radar,76,75,33,7,191,0,0,19,7,26,76,75,52,14,217,0,16,16,233
07/16/2012,TUL,OK,ASW,CE,Combined TRACON& Tower with Radar,76,76,52,9,213,0,2,32,0,34,76,78,84,9,247,2,0,2,249
07/17/2012,TUL,OK,ASW,CE,Combined TRACON& Tower with Radar,82,82,58,56,278,0,1,25,6,32,82,83,83,62,310,0,0,0,310
07/18/2012,TUL,OK,ASW,CE,Combined TRACON& Tower with Radar,81,89,46,52,268,2,2,21,5,30,83,91,67,57,298,0,14,14,312
07/19/2012,TUL,OK,ASW,CE,Combined TRACON& Tower with Radar,81,84,77,35,277,0,4,32,3,39,81,88,109,38,316,14,12,26,342
07/20/2012,TUL,OK,ASW,CE,Combined TRACON& Tower with Radar,95,88,25,26,234,0,1,28,4,33,95,89,53,30,267,0,0,0,267
07/21/2012,TUL,OK,ASW,CE,Combined TRACON& Tower with Radar,59,62,15,1,137,0,0,15,2,17,59,62,30,3,154,0,0,0,154
07/22/2012,TUL,OK,ASW,CE,Combined TRACON& Tower with Radar,73,69,30,29,201,0,0,14,0,14,73,69,44,29,215,8,20,28,243
07/23/2012,TUL,OK,ASW,CE,Combined TRACON& Tower with Radar,78,79,37,22,216,0,0,17,0,17,78,79,54,22,233,0,0,0,233
07/24/2012,TUL,OK,ASW,CE,Combined TRACON& Tower with Radar,76,84,45,50,255,0,0,31,9,40,76,84,76,59,295,0,16,16,311
07/25/2012,TUL,OK,ASW,CE,Combined TRACON& Tower with Radar,84,84,54,14,236,0,0,30,7,37,84,84,84,21,273,0,0,0,273
07/26/2012,TUL,OK,ASW,CE,Combined TRACON& Tower with Radar,79,81,45,18,223,0,0,29,4,33,79,81,74,22,256,6,24,30,286
07/27/2012,TUL,OK,ASW,CE,Combined TRACON& Tower with Radar,84,81,32,17,214,0,0,24,4,28,84,81,56,21,242,0,26,26,268
07/28/2012,TUL,OK,ASW,CE,Combined TRACON& Tower with Radar,58,65,20,4,147,0,0,26,5,31,58,65,46,9,178,0,0,0,178
07/29/2012,TUL,OK,ASW,CE,Combined TRACON& Tower with Radar,77,75,31,12,195,0,1,20,2,23,77,76,51,14,218,0,0,0,218
07/30/2012,TUL,OK,ASW,CE,Combined TRACON& Tower with Radar,85,90,43,19,237,0,1,29,2,32,85,91,72,21,269,0,0,0,269
07/31/2012,TUL,OK,ASW,CE,Combined TRACON& Tower with Radar,80,83,40,63,266,0,0,17,5,22,80,83,57,68,288,0,32,32,320
08/01/2012,TUL,OK,ASW,CE,Combined TRACON& Tower with Radar,81,91,56,37,265,0,3,28,8,39,81,94,84,45,304,30,76,106,410
08/02/2012,TUL,OK,ASW,CE,Combined TRACON& Tower with Radar,81,83,35,37,236,0,2,24,3,29,81,85,59,40,265,0,12,12,277
08/03/2012,TUL,OK,ASW,CE,Combined TRACON& Tower with Radar,81,80,56,25,242,0,1,28,8,37,81,81,84,33,279,16,0,16,295
08/04/2012,TUL,OK,ASW,CE,Combined TRACON& Tower with Radar,64,71,18,4,157,0,3,15,19,37,64,74,33,23,194,0,0,0,194
08/05/2012,TUL,OK,ASW,CE,Combined TRACON& Tower with Radar,76,74,20,27,197,0,0,15,6,21,76,74,35,33,218,18,42,60,278
08/06/2012,TUL,OK,ASW,CE,Combined TRACON& Tower with Radar,73,84,26,81,264,0,1,32,4,37,73,85,58,85,301,28,12,40,341
08/07/2012,TUL,OK,ASW,CE,Combined TRACON& Tower with Radar,82,97,60,85,324,0,1,21,1,23,82,98,81,86,347,0,24,24,371
08/08/2012,TUL,OK,ASW,CE,Combined TRACON& Tower with Radar,81,91,49,22,243,0,4,12,7,23,81,95,61,29,266,0,12,12,278
08/09/2012,TUL,OK,ASW,CE,Combined TRACON& Tower with Radar,75,95,57,51,278,0,0,23,11,34,75,95,80,62,312,0,0,0,312
08/10/2012,TUL,OK,ASW,CE,Combined TRACON& Tower with Radar,83,83,69,24,259,0,0,43,10,53,83,83,112,34,312,58,58,116,428
08/11/2012,TUL,OK,ASW,CE,Combined TRACON& Tower with Radar,60,84,29,19,192,0,0,45,0,45,60,84,74,19,237,12,0,12,249
08/12/2012,TUL,OK,ASW,CE,Combined TRACON& Tower with Radar,69,67,27,9,172,0,0,25,2,27,69,67,52,11,199,8,8,16,215
08/13/2012,TUL,OK,ASW,CE,Combined TRACON& Tower with Radar,73,74,30,43,220,0,0,17,2,19,73,74,47,45,239,6,8,14,253
08/14/2012,TUL,OK,ASW,CE,Combined TRACON& Tower with Radar,76,91,48,56,271,0,2,21,15,38,76,93,69,71,309,20,12,32,341
08/15/2012,TUL,OK,ASW,CE,Combined TRACON& Tower with Radar,80,83,55,54,272,0,1,51,6,58,80,84,106,60,330,12,16,28,358
08/16/2012,TUL,OK,ASW,CE,Combined TRACON& Tower with Radar,77,80,50,15,222,0,0,24,6,30,77,80,74,21,252,0,0,0,252
08/17/2012,TUL,OK,ASW,CE,Combined TRACON& Tower with Radar,99,80,43,17,239,0,1,19,4,24,99,81,62,21,263,8,12,20,283
08/18/2012,TUL,OK,ASW,CE,Combined TRACON& Tower with Radar,66,56,28,4,154,0,0,10,1,11,66,56,38,5,165,0,0,0,165
08/19/2012,TUL,OK,ASW,CE,Combined TRACON& Tower with Radar,75,69,37,0,181,0,0,20,0,20,75,69,57,0,201,0,0,0,201
08/20/2012,TUL,OK,ASW,CE,Combined TRACON& Tower with Radar,72,79,37,48,236,0,0,38,2,40,72,79,75,50,276,10,26,36,312
08/21/2012,TUL,OK,ASW,CE,Combined TRACON& Tower with Radar,74,83,44,66,267,0,3,16,6,25,74,86,60,72,292,10,46,56,348
08/22/2012,TUL,OK,ASW,CE,Combined TRACON& Tower with Radar,81,84,40,41,246,0,1,32,5,38,81,85,72,46,284,6,42,48,332
08/23/2012,TUL,OK,ASW,CE,Combined TRACON& Tower with Radar,83,85,44,46,258,0,6,26,9,41,83,91,70,55,299,10,70,80,379
08/24/2012,TUL,OK,ASW,CE,Combined TRACON& Tower with Radar,84,80,35,20,219,0,0,23,6,29,84,80,58,26,248,6,32,38,286
08/25/2012,TUL,OK,ASW,CE,Combined TRACON& Tower with Radar,50,51,13,0,114,0,0,5,0,5,50,51,18,0,119,20,0,20,139
08/26/2012,TUL,OK,ASW,CE,Combined TRACON& Tower with Radar,68,68,18,7,161,0,1,7,0,8,68,69,25,7,169,0,0,0,169
08/27/2012,TUL,OK,ASW,CE,Combined TRACON& Tower with Radar,78,85,56,24,243,0,1,20,0,21,78,86,76,24,264,0,0,0,264
08/28/2012,TUL,OK,ASW,CE,Combined TRACON& Tower with Radar,82,69,38,48,237,0,2,32,2,36,82,71,70,50,273,6,14,20,293
08/29/2012,TUL,OK,ASW,CE,Combined TRACON& Tower with Radar,81,73,46,49,249,0,1,20,3,24,81,74,66,52,273,22,42,64,337
08/30/2012,TUL,OK,ASW,CE,Combined TRACON& Tower with Radar,86,82,52,11,231,0,0,35,5,40,86,82,87,16,271,22,42,64,335
08/31/2012,TUL,OK,ASW,CE,Combined TRACON& Tower with Radar,89,75,40,7,211,0,0,2,2,4,89,75,42,9,215,0,0,0,215
09/01/2012,TUL,OK,ASW,CE,Combined TRACON& Tower with Radar,52,44,13,0,109,0,0,27,0,27,52,44,40,0,136,34,0,34,170
09/02/2012,TUL,OK,ASW,CE,Combined TRACON& Tower with Radar,54,38,11,0,103,0,0,6,0,6,54,38,17,0,109,0,0,0,109
09/03/2012,TUL,OK,ASW,CE,Combined TRACON& Tower with Radar,66,55,25,0,146,0,0,19,0,19,66,55,44,0,165,0,0,0,165
09/04/2012,TUL,OK,ASW,CE,Combined TRACON& Tower with Radar,82,68,32,58,240,0,2,21,0,23,82,70,53,58,263,2,36,38,301
09/05/2012,TUL,OK,ASW,CE,Combined TRACON& Tower with Radar,90,76,49,21,236,0,0,31,10,41,90,76,80,31,277,26,4,30,307
09/06/2012,TUL,OK,ASW,CE,Combined TRACON& Tower with Radar,87,81,47,29,244,0,1,35,7,43,87,82,82,36,287,0,16,16,303
09/07/2012,TUL,OK,ASW,CE,Combined TRACON& Tower with Radar,88,80,33,27,228,0,0,27,6,33,88,80,60,33,261,38,62,100,361
09/08/2012,TUL,OK,ASW,CE,Combined TRACON& Tower with Radar,61,43,22,5,131,0,0,31,1,32,61,43,53,6,163,6,0,6,169
09/09/2012,TUL,OK,ASW,CE,Combined TRACON& Tower with Radar,72,57,26,8,163,0,2,18,0,20,72,59,44,8,183,54,0,54,237
09/10/2012,TUL,OK,ASW,CE,Combined TRACON& Tower with Radar,88,84,36,35,243,0,0,35,0,35,88,84,71,35,278,4,22,26,304
09/11/2012,TUL,OK,ASW,CE,Combined TRACON& Tower with Radar,84,71,55,37,247,0,0,38,3,41,84,71,93,40,288,0,14,14,302
09/12/2012,TUL,OK,ASW,CE,Combined TRACON& Tower with Radar,86,66,65,57,274,0,0,29,8,37,86,66,94,65,311,0,76,76,387
09/13/2012,TUL,OK,ASW,CE,Combined TRACON& Tower with Radar,90,66,56,44,256,0,0,22,3,25,90,66,78,47,281,0,90,90,371
09/14/2012,TUL,OK,ASW,CE,Combined TRACON& Tower with Radar,86,85,58,7,236,0,0,0,0,0,86,85,58,7,236,0,0,0,236
09/15/2012,TUL,OK,ASW,CE,Combined TRACON& Tower with Radar,54,40,44,1,139,0,0,6,0,6,54,40,50,1,145,4,0,4,149
09/16/2012,TUL,OK,ASW,CE,Combined TRACON& Tower with Radar,72,62,48,12,194,0,0,8,0,8,72,62,56,12,202,4,12,16,218
09/17/2012,TUL,OK,ASW,CE,Combined TRACON& Tower with Radar,85,84,40,37,246,0,0,14,2,16,85,84,54,39,262,0,0,0,262
09/18/2012,TUL,OK,ASW,CE,Combined TRACON& Tower with Radar,85,73,56,46,260,0,0,35,6,41,85,73,91,52,301,0,0,0,301
09/19/2012,TUL,OK,ASW,CE,Combined TRACON& Tower with Radar,85,65,50,63,263,0,1,45,3,49,85,66,95,66,312,50,110,160,472
09/20/2012,TUL,OK,ASW,CE,Combined TRACON& Tower with Radar,84,84,52,50,270,0,0,38,5,43,84,84,90,55,313,40,68,108,421
09/21/2012,TUL,OK,ASW,CE,Combined TRACON& Tower with Radar,84,86,43,14,227,0,4,30,3,37,84,90,73,17,264,4,18,22,286
09/22/2012,TUL,OK,ASW,CE,Combined TRACON& Tower with Radar,59,40,22,0,121,0,0,36,0,36,59,40,58,0,157,34,0,34,191
09/23/2012,TUL,OK,ASW,CE,Combined TRACON& Tower with Radar,78,58,18,6,160,0,0,33,0,33,78,58,51,6,193,10,4,14,207
09/24/2012,TUL,OK,ASW,CE,Combined TRACON& Tower with Radar,80,76,38,21,215,0,3,9,2,14,80,79,47,23,229,30,72,102,331
09/25/2012,TUL,OK,ASW,CE,Combined TRACON& Tower with Radar,85,61,55,27,228,0,2,30,9,41,85,63,85,36,269,0,0,0,269
09/26/2012,TUL,OK,ASW,CE,Combined TRACON& Tower with Radar,84,71,52,13,220,0,0,15,4,19,84,71,67,17,239,0,0,0,239
09/27/2012,TUL,OK,ASW,CE,Combined TRACON& Tower with Radar,94,78,58,20,250,0,1,26,0,27,94,79,84,20,277,0,0,0,277
09/28/2012,TUL,OK,ASW,CE,Combined TRACON& Tower with Radar,88,71,50,26,235,0,0,47,0,47,88,71,97,26,282,136,22,158,440
09/29/2012,TUL,OK,ASW,CE,Combined TRACON& Tower with Radar,60,37,14,0,111,0,0,22,0,22,60,37,36,0,133,150,0,150,283
09/30/2012,TUL,OK,ASW,CE,Combined TRACON& Tower with Radar,80,65,29,7,181,0,0,99,0,99,80,65,128,7,280,0,0,0,280
10/01/2012,TUL,OK,ASW,CE,Combined TRACON& Tower with Radar,79,73,36,27,215,0,1,23,0,24,79,74,59,27,239,0,24,24,263
10/02/2012,TUL,OK,ASW,CE,Combined TRACON& Tower with Radar,78,65,76,64,283,0,0,34,2,36,78,65,110,66,319,6,2,8,327
10/03/2012,TUL,OK,ASW,CE,Combined TRACON& Tower with Radar,83,78,60,46,267,0,0,22,3,25,83,78,82,49,292,16,44,60,352
10/04/2012,TUL,OK,ASW,CE,Combined TRACON& Tower with Radar,83,82,59,77,301,0,2,35,1,38,83,84,94,78,339,42,84,126,465
10/05/2012,TUL,OK,ASW,CE,Combined TRACON& Tower with Radar,82,75,51,8,216,0,0,2,0,2,82,75,53,8,218,0,0,0,218
10/06/2012,TUL,OK,ASW,CE,Combined TRACON& Tower with Radar,51,46,24,6,127,0,0,5,0,5,51,46,29,6,132,48,0,48,180
10/07/2012,TUL,OK,ASW,CE,Combined TRACON& Tower with Radar,75,60,33,3,171,0,0,18,0,18,75,60,51,3,189,12,0,12,201
10/08/2012,TUL,OK,ASW,CE,Combined TRACON& Tower with Radar,78,83,36,2,199,0,1,23,0,24,78,84,59,2,223,40,0,40,263
10/09/2012,TUL,OK,ASW,CE,Combined TRACON& Tower with Radar,77,65,50,38,230,0,1,15,0,16,77,66,65,38,246,24,6,30,276
10/10/2012,TUL,OK,ASW,CE,Combined TRACON& Tower with Radar,87,77,82,74,320,0,1,35,9,45,87,78,117,83,365,14,76,90,455
10/11/2012,TUL,OK,ASW,CE,Combined TRACON& Tower with Radar,81,95,49,32,257,0,0,13,12,25,81,95,62,44,282,26,0,26,308
10/12/2012,TUL,OK,ASW,CE,Combined TRACON& Tower with Radar,79,90,49,13,231,0,0,6,0,6,79,90,55,13,237,38,64,102,339
10/13/2012,TUL,OK,ASW,CE,Combined TRACON& Tower with Radar,52,42,37,9,140,0,0,1,1,2,52,42,38,10,142,0,0,0,142
10/14/2012,TUL,OK,ASW,CE,Combined TRACON& Tower with Radar,77,60,44,11,192,0,0,19,1,20,77,60,63,12,212,8,6,14,226
10/15/2012,TUL,OK,ASW,CE,Combined TRACON& Tower with Radar,75,77,40,46,238,0,2,23,2,27,75,79,63,48,265,90,56,146,411
10/16/2012,TUL,OK,ASW,CE,Combined TRACON& Tower with Radar,77,71,38,25,211,0,2,17,8,27,77,73,55,33,238,0,10,10,248
10/17/2012,TUL,OK,ASW,CE,Combined TRACON& Tower with Radar,79,76,75,33,263,0,2,13,6,21,79,78,88,39,284,2,14,16,300
10/18/2012,TUL,OK,ASW,CE,Combined TRACON& Tower with Radar,86,82,83,21,272,0,1,18,6,25,86,83,101,27,297,0,18,18,315
10/19/2012,TUL,OK,ASW,CE,Combined TRACON& Tower with Radar,83,75,44,12,214,0,0,38,4,42,83,75,82,16,256,4,4,8,264
10/20/2012,TUL,OK,ASW,CE,Combined TRACON& Tower with Radar,53,46,26,8,133,0,2,55,0,57,53,48,81,8,190,60,0,60,250
10/21/2012,TUL,OK,ASW,CE,Combined TRACON& Tower with Radar,75,70,40,20,205,0,0,12,2,14,75,70,52,22,219,6,8,14,233
10/22/2012,TUL,OK,ASW,CE,Combined TRACON& Tower with Radar,83,73,40,20,216,0,1,10,1,12,83,74,50,21,228,0,0,0,228
10/23/2012,TUL,OK,ASW,CE,Combined TRACON& Tower with Radar,80,64,75,42,261,0,0,12,2,14,80,64,87,44,275,100,66,166,441
10/24/2012,TUL,OK,ASW,CE,Combined TRACON& Tower with Radar,78,73,62,77,290,0,31,29,6,66,78,104,91,83,356,14,40,54,410
10/25/2012,TUL,OK,ASW,CE,Combined TRACON& Tower with Radar,90,80,64,44,278,0,2,9,7,18,90,82,73,51,296,0,26,26,322
10/26/2012,TUL,OK,ASW,CE,Combined TRACON& Tower with Radar,84,74,54,22,234,0,0,14,1,15,84,74,68,23,249,0,0,0,249
10/27/2012,TUL,OK,ASW,CE,Combined TRACON& Tower with Radar,55,46,30,0,131,0,0,34,0,34,55,46,64,0,165,80,0,80,245
10/28/2012,TUL,OK,ASW,CE,Combined TRACON& Tower with Radar,74,62,33,0,169,0,0,25,0,25,74,62,58,0,194,6,0,6,200
10/29/2012,TUL,OK,ASW,CE,Combined TRACON& Tower with Radar,81,70,36,48,235,0,0,27,1,28,81,70,63,49,263,30,10,40,303
10/30/2012,TUL,OK,ASW,CE,Combined TRACON& Tower with Radar,85,64,38,42,229,0,0,30,6,36,85,64,68,48,265,18,22,40,305
10/31/2012,TUL,OK,ASW,CE,Combined TRACON& Tower with Radar,70,61,39,27,197,0,0,24,3,27,70,61,63,30,224,0,0,0,224
11/01/2012,TUL,OK,ASW,CE,Combined TRACON& Tower with Radar,85,81,45,47,258,0,3,30,16,49,85,84,75,63,307,18,48,66,373
11/02/2012,TUL,OK,ASW,CE,Combined TRACON& Tower with Radar,80,78,43,18,219,0,0,37,6,43,80,78,80,24,262,40,14,54,316
11/03/2012,TUL,OK,ASW,CE,Combined TRACON& Tower with Radar,58,45,17,9,129,0,1,27,0,28,58,46,44,9,157,18,28,46,203
11/04/2012,TUL,OK,ASW,CE,Combined TRACON& Tower with Radar,75,54,41,14,184,0,4,22,0,26,75,58,63,14,210,0,0,0,210
11/05/2012,TUL,OK,ASW,CE,Combined TRACON& Tower with Radar,81,77,60,60,278,0,1,12,2,15,81,78,72,62,293,16,50,66,359
11/06/2012,TUL,OK,ASW,CE,Combined TRACON& Tower with Radar,72,68,30,58,228,0,0,26,5,31,72,68,56,63,259,14,48,62,321
11/07/2012,TUL,OK,ASW,CE,Combined TRACON& Tower with Radar,82,75,61,56,274,0,1,21,7,29,82,76,82,63,303,4,34,38,341
11/08/2012,TUL,OK,ASW,CE,Combined TRACON& Tower with Radar,82,84,92,38,296,0,0,13,7,20,82,84,105,45,316,50,72,122,438
11/09/2012,TUL,OK,ASW,CE,Combined TRACON& Tower with Radar,84,75,45,34,238,0,1,19,10,30,84,76,64,44,268,0,16,16,284
11/10/2012,TUL,OK,ASW,CE,Combined TRACON& Tower with Radar,61,41,23,5,130,0,1,8,1,10,61,42,31,6,140,24,44,68,208
11/11/2012,TUL,OK,ASW,CE,Combined TRACON& Tower with Radar,75,63,44,0,182,0,0,5,0,5,75,63,49,0,187,0,0,0,187
11/12/2012,TUL,OK,ASW,CE,Combined TRACON& Tower with Radar,80,69,57,0,206,0,1,23,0,24,80,70,80,0,230,0,0,0,230
11/13/2012,TUL,OK,ASW,CE,Combined TRACON& Tower with Radar,82,81,59,67,289,0,2,22,0,24,82,83,81,67,313,16,10,26,339
11/14/2012,TUL,OK,ASW,CE,Combined TRACON& Tower with Radar,83,88,64,32,267,0,2,23,1,26,83,90,87,33,293,0,0,0,293
11/15/2012,TUL,OK,ASW,CE,Combined TRACON& Tower with Radar,88,85,68,62,303,0,1,17,7,25,88,86,85,69,328,48,100,148,476
11/16/2012,TUL,OK,ASW,CE,Combined TRACON& Tower with Radar,82,81,63,29,255,0,4,27,3,34,82,85,90,32,289,6,26,32,321
11/17/2012,TUL,OK,ASW,CE,Combined TRACON& Tower with Radar,68,47,29,15,159,0,0,39,0,39,68,47,68,15,198,0,0,0,198
11/18/2012,TUL,OK,ASW,CE,Combined TRACON& Tower with Radar,72,52,23,9,156,0,0,23,0,23,72,52,46,9,179,0,0,0,179
11/19/2012,TUL,OK,ASW,CE,Combined TRACON& Tower with Radar,73,57,34,31,195,0,0,14,0,14,73,57,48,31,209,0,0,0,209
11/20/2012,TUL,OK,ASW,CE,Combined TRACON& Tower with Radar,86,64,42,47,239,0,2,29,5,36,86,66,71,52,275,0,22,22,297
11/21/2012,TUL,OK,ASW,CE,Combined TRACON& Tower with Radar,80,72,19,45,216,0,0,20,0,20,80,72,39,45,236,2,14,16,252
11/22/2012,TUL,OK,ASW,CE,Combined TRACON& Tower with Radar,43,40,3,0,86,0,0,7,0,7,43,40,10,0,93,0,0,0,93
11/23/2012,TUL,OK,ASW,CE,Combined TRACON& Tower with Radar,66,45,23,0,134,0,0,15,0,15,66,45,38,0,149,48,0,48,197
11/24/2012,TUL,OK,ASW,CE,Combined TRACON& Tower with Radar,65,57,28,0,150,0,0,24,0,24,65,57,52,0,174,0,0,0,174
11/25/2012,TUL,OK,ASW,CE,Combined TRACON& Tower with Radar,83,70,38,0,191,0,0,20,0,20,83,70,58,0,211,0,0,0,211
11/26/2012,TUL,OK,ASW,CE,Combined TRACON& Tower with Radar,80,79,50,62,271,0,2,9,44,55,80,81,59,106,326,8,24,32,358
11/27/2012,TUL,OK,ASW,CE,Combined TRACON& Tower with Radar,86,56,43,105,290,0,1,29,8,38,86,57,72,113,328,18,104,122,450
11/28/2012,TUL,OK,ASW,CE,Combined TRACON& Tower with Radar,84,63,58,56,261,0,2,43,8,53,84,65,101,64,314,0,0,0,314
11/29/2012,TUL,OK,ASW,CE,Combined TRACON& Tower with Radar,97,76,60,41,274,0,0,24,10,34,97,76,84,51,308,0,52,52,360
11/30/2012,TUL,OK,ASW,CE,Combined TRACON& Tower with Radar,90,65,46,15,216,0,1,6,3,10,90,66,52,18,226,0,0,0,226
12/01/2012,TUL,OK,ASW,CE,Combined TRACON& Tower with Radar,65,40,14,15,134,0,1,7,2,10,65,41,21,17,144,0,0,0,144
12/02/2012,TUL,OK,ASW,CE,Combined TRACON& Tower with Radar,78,55,38,13,184,0,0,20,0,20,78,55,58,13,204,72,40,112,316
12/03/2012,TUL,OK,ASW,CE,Combined TRACON& Tower with Radar,90,62,36,34,222,0,4,15,0,19,90,66,51,34,241,0,0,0,241
12/04/2012,TUL,OK,ASW,CE,Combined TRACON& Tower with Radar,80,70,39,41,230,0,0,28,8,36,80,70,67,49,266,26,12,38,304
12/05/2012,TUL,OK,ASW,CE,Combined TRACON& Tower with Radar,82,71,44,37,234,0,0,26,6,32,82,71,70,43,266,16,54,70,336
12/06/2012,TUL,OK,ASW,CE,Combined TRACON& Tower with Radar,97,67,52,72,288,0,0,16,4,20,97,67,68,76,308,0,0,0,308
12/07/2012,TUL,OK,ASW,CE,Combined TRACON& Tower with Radar,92,71,58,15,236,0,0,0,0,0,92,71,58,15,236,0,0,0,236
12/08/2012,TUL,OK,ASW,CE,Combined TRACON& Tower with Radar,71,38,48,0,157,0,1,3,0,4,71,39,51,0,161,28,0,28,189
12/09/2012,TUL,OK,ASW,CE,Combined TRACON& Tower with Radar,85,50,33,0,168,0,0,5,0,5,85,50,38,0,173,0,0,0,173
12/10/2012,TUL,OK,ASW,CE,Combined TRACON& Tower with Radar,86,54,33,37,210,0,3,45,3,51,86,57,78,40,261,12,42,54,315
12/11/2012,TUL,OK,ASW,CE,Combined TRACON& Tower with Radar,85,52,48,40,225,0,0,44,13,57,85,52,92,53,282,30,14,44,326
12/12/2012,TUL,OK,ASW,CE,Combined TRACON& Tower with Radar,84,68,47,47,246,0,0,53,9,62,84,68,100,56,308,40,18,58,366
12/13/2012,TUL,OK,ASW,CE,Combined TRACON& Tower with Radar,91,64,47,38,240,0,0,31,11,42,91,64,78,49,282,10,80,90,372
12/14/2012,TUL,OK,ASW,CE,Combined TRACON& Tower with Radar,87,67,42,69,265,0,2,2,7,11,87,69,44,76,276,16,86,102,378
12/15/2012,TUL,OK,ASW,CE,Combined TRACON& Tower with Radar,67,35,31,9,142,0,0,32,0,32,67,35,63,9,174,112,12,124,298
12/16/2012,TUL,OK,ASW,CE,Combined TRACON& Tower with Radar,78,47,29,3,157,0,0,49,1,50,78,47,78,4,207,0,0,0,207
12/17/2012,TUL,OK,ASW,CE,Combined TRACON& Tower with Radar,96,52,46,62,256,0,3,33,4,40,96,55,79,66,296,24,140,164,460
12/18/2012,TUL,OK,ASW,CE,Combined TRACON& Tower with Radar,85,71,58,84,298,0,2,68,6,76,85,73,126,90,374,10,12,22,396
12/19/2012,TUL,OK,ASW,CE,Combined TRACON& Tower with Radar,91,72,52,31,246,0,2,15,3,20,91,74,67,34,266,0,0,0,266
12/20/2012,TUL,OK,ASW,CE,Combined TRACON& Tower with Radar,86,86,43,20,235,0,2,33,5,40,86,88,76,25,275,0,0,0,275
12/21/2012,TUL,OK,ASW,CE,Combined TRACON& Tower with Radar,87,76,36,2,201,0,1,53,7,61,87,77,89,9,262,46,0,46,308
12/22/2012,TUL,OK,ASW,CE,Combined TRACON& Tower with Radar,71,49,39,0,159,0,8,30,0,38,71,57,69,0,197,24,0,24,221
12/23/2012,TUL,OK,ASW,CE,Combined TRACON& Tower with Radar,71,55,12,0,138,0,3,16,0,19,71,58,28,0,157,6,0,6,163
12/24/2012,TUL,OK,ASW,CE,Combined TRACON& Tower with Radar,61,42,9,0,112,0,5,17,0,22,61,47,26,0,134,0,0,0,134
12/25/2012,TUL,OK,ASW,CE,Combined TRACON& Tower with Radar,52,32,6,0,90,0,0,0,0,0,52,32,6,0,90,0,0,0,90
12/26/2012,TUL,OK,ASW,CE,Combined TRACON& Tower with Radar,71,73,48,5,197,0,1,9,0,10,71,74,57,5,207,0,0,0,207
12/27/2012,TUL,OK,ASW,CE,Combined TRACON& Tower with Radar,85,83,37,4,209,0,0,15,1,16,85,83,52,5,225,0,0,0,225
12/28/2012,TUL,OK,ASW,CE,Combined TRACON& Tower with Radar,77,79,34,2,192,0,0,3,0,3,77,79,37,2,195,116,0,116,311
12/29/2012,TUL,OK,ASW,CE,Combined TRACON& Tower with Radar,68,48,10,0,126,0,1,31,0,32,68,49,41,0,158,0,0,0,158
12/30/2012,TUL,OK,ASW,CE,Combined TRACON& Tower with Radar,71,47,16,0,134,0,2,28,0,30,71,49,44,0,164,0,0,0,164
12/31/2012,TUL,OK,ASW,CE,Combined TRACON& Tower with Radar,59,48,13,0,120,0,0,0,0,0,59,48,13,0,120,0,0,0,120
01/01/2013,TUL,OK,ASW,CE,Combined TRACON& Tower with Radar,62,49,15,0,126,0,0,2,0,2,62,49,17,0,128,68,0,68,196
01/02/2013,TUL,OK,ASW,CE,Combined TRACON& Tower with Radar,77,77,38,2,194,0,0,18,2,20,77,77,56,4,214,0,0,0,214
01/03/2013,TUL,OK,ASW,CE,Combined TRACON& Tower with Radar,82,59,35,13,189,0,0,15,10,25,82,59,50,23,214,68,62,130,344
01/04/2013,TUL,OK,ASW,CE,Combined TRACON& Tower with Radar,77,58,24,4,163,0,0,24,4,28,77,58,48,8,191,0,0,0,191
01/05/2013,TUL,OK,ASW,CE,Combined TRACON& Tower with Radar,66,33,25,2,126,0,0,28,0,28,66,33,53,2,154,0,0,0,154
01/06/2013,TUL,OK,ASW,CE,Combined TRACON& Tower with Radar,72,48,18,2,140,0,1,22,0,23,72,49,40,2,163,0,0,0,163
01/07/2013,TUL,OK,ASW,CE,Combined TRACON& Tower with Radar,72,55,38,12,177,0,0,18,0,18,72,55,56,12,195,0,0,0,195
01/08/2013,TUL,OK,ASW,CE,Combined TRACON& Tower with Radar,81,66,45,20,212,0,0,28,2,30,81,66,73,22,242,70,34,104,346
01/09/2013,TUL,OK,ASW,CE,Combined TRACON& Tower with Radar,75,70,43,7,195,0,0,5,3,8,75,70,48,10,203,0,0,0,203
01/10/2013,TUL,OK,ASW,CE,Combined TRACON& Tower with Radar,85,78,50,1,214,0,0,2,4,6,85,78,52,5,220,0,0,0,220
01/11/2013,TUL,OK,ASW,CE,Combined TRACON& Tower with Radar,77,70,61,14,222,0,0,46,4,50,77,70,107,18,272,42,2,44,316
01/12/2013,TUL,OK,ASW,CE,Combined TRACON& Tower with Radar,52,33,19,1,105,0,0,5,5,10,52,33,24,6,115,0,0,0,115
01/13/2013,TUL,OK,ASW,CE,Combined TRACON& Tower with Radar,66,52,29,4,151,0,0,15,1,16,66,52,44,5,167,0,0,0,167
01/14/2013,TUL,OK,ASW,CE,Combined TRACON& Tower with Radar,78,53,22,20,173,0,0,27,0,27,78,53,49,20,200,0,0,0,200
01/15/2013,TUL,OK,ASW,CE,Combined TRACON& Tower with Radar,79,53,43,7,182,0,0,29,9,38,79,53,72,16,220,0,0,0,220
01/16/2013,TUL,OK,ASW,CE,Combined TRACON& Tower with Radar,79,63,50,6,198,0,0,41,8,49,79,63,91,14,247,0,0,0,247
01/17/2013,TUL,OK,ASW,CE,Combined TRACON& Tower with Radar,87,64,45,7,203,0,0,41,6,47,87,64,86,13,250,52,24,76,326
01/18/2013,TUL,OK,ASW,CE,Combined TRACON& Tower with Radar,89,67,38,26,220,0,2,31,16,49,89,69,69,42,269,52,78,130,399
01/19/2013,TUL,OK,ASW,CE,Combined TRACON& Tower with Radar,62,37,38,0,137,0,3,51,0,54,62,40,89,0,191,60,0,60,251
01/20/2013,TUL,OK,ASW,CE,Combined TRACON& Tower with Radar,68,48,23,3,142,0,2,15,0,17,68,50,38,3,159,12,0,12,171
01/21/2013,TUL,OK,ASW,CE,Combined TRACON& Tower with Radar,78,55,25,20,178,0,2,43,0,45,78,57,68,20,223,0,0,0,223
01/22/2013,TUL,OK,ASW,CE,Combined TRACON& Tower with Radar,86,66,38,6,196,0,0,25,1,26,86,66,63,7,222,0,0,0,222
01/23/2013,TUL,OK,ASW,CE,Combined TRACON& Tower with Radar,77,54,45,17,193,0,2,21,7,30,77,56,66,24,223,0,0,0,223
01/24/2013,TUL,OK,ASW,CE,Combined TRACON& Tower with Radar,82,80,49,3,214,0,0,7,13,20,82,80,56,16,234,0,0,0,234
01/25/2013,TUL,OK,ASW,CE,Combined TRACON& Tower with Radar,78,61,45,0,184,0,0,11,6,17,78,61,56,6,201,0,0,0,201
01/26/2013,TUL,OK,ASW,CE,Combined TRACON& Tower with Radar,58,27,32,1,118,0,0,23,0,23,58,27,55,1,141,52,0,52,193
01/27/2013,TUL,OK,ASW,CE,Combined TRACON& Tower with Radar,72,50,22,1,145,0,2,6,0,8,72,52,28,1,153,0,0,0,153
01/28/2013,TUL,OK,ASW,CE,Combined TRACON& Tower with Radar,74,58,40,5,177,0,0,8,2,10,74,58,48,7,187,0,0,0,187
01/29/2013,TUL,OK,ASW,CE,Combined TRACON& Tower with Radar,77,77,38,0,192,0,0,0,0,0,77,77,38,0,192,0,0,0,192
01/30/2013,TUL,OK,ASW,CE,Combined TRACON& Tower with Radar,74,67,50,3,194,0,2,16,6,24,74,69,66,9,218,6,0,6,224
01/31/2013,TUL,OK,ASW,CE,Combined TRACON& Tower with Radar,86,69,49,6,210,0,0,32,6,38,86,69,81,12,248,0,0,0,248
02/01/2013,TUL,OK,ASW,CE,Combined TRACON& Tower with Radar,81,57,55,14,207,0,2,35,4,41,81,59,90,18,248,0,0,0,248
02/02/2013,TUL,OK,ASW,CE,Combined TRACON& Tower with Radar,56,41,32,3,132,0,0,46,4,50,56,41,78,7,182,22,0,22,204
02/03/2013,TUL,OK,ASW,CE,Combined TRACON& Tower with Radar,71,54,28,5,158,0,0,13,1,14,71,54,41,6,172,0,0,0,172
02/04/2013,TUL,OK,ASW,CE,Combined TRACON& Tower with Radar,73,62,41,1,177,0,1,13,7,21,73,63,54,8,198,0,0,0,198
02/05/2013,TUL,OK,ASW,CE,Combined TRACON& Tower with Radar,87,57,56,20,220,0,0,30,10,40,87,57,86,30,260,0,0,0,260
02/06/2013,TUL,OK,ASW,CE,Combined TRACON& Tower with Radar,78,75,56,24,233,0,0,18,5,23,78,75,74,29,256,0,0,0,256
02/07/2013,TUL,OK,ASW,CE,Combined TRACON& Tower with Radar,82,73,45,3,203,0,0,3,1,4,82,73,48,4,207,0,0,0,207
02/08/2013,TUL,OK,ASW,CE,Combined TRACON& Tower with Radar,86,69,41,3,199,0,0,26,3,29,86,69,67,6,228,0,0,0,228
02/09/2013,TUL,OK,ASW,CE,Combined TRACON& Tower with Radar,56,28,26,0,110,0,2,12,0,14,56,30,38,0,124,0,0,0,124
02/10/2013,TUL,OK,ASW,CE,Combined TRACON& Tower with Radar,71,43,30,5,149,0,0,13,0,13,71,43,43,5,162,0,0,0,162
02/11/2013,TUL,OK,ASW,CE,Combined TRACON& Tower with Radar,79,67,43,10,199,0,1,41,0,42,79,68,84,10,241,0,0,0,241
02/12/2013,TUL,OK,ASW,CE,Combined TRACON& Tower with Radar,75,61,43,1,180,0,0,5,0,5,75,61,48,1,185,0,0,0,185
02/13/2013,TUL,OK,ASW,CE,Combined TRACON& Tower with Radar,91,64,68,17,240,0,0,19,5,24,91,64,87,22,264,0,22,22,286
02/14/2013,TUL,OK,ASW,CE,Combined TRACON& Tower with Radar,90,71,57,12,230,0,2,33,6,41,90,73,90,18,271,0,14,14,285
02/15/2013,TUL,OK,ASW,CE,Combined TRACON& Tower with Radar,82,64,47,4,197,0,1,18,12,31,82,65,65,16,228,0,0,0,228
02/16/2013,TUL,OK,ASW,CE,Combined TRACON& Tower with Radar,56,40,21,0,117,0,0,22,0,22,56,40,43,0,139,54,0,54,193
02/17/2013,TUL,OK,ASW,CE,Combined TRACON& Tower with Radar,71,43,24,0,138,0,1,22,0,23,71,44,46,0,161,22,0,22,183
02/18/2013,TUL,OK,ASW,CE,Combined TRACON& Tower with Radar,80,68,37,0,185,0,0,9,0,9,80,68,46,0,194,0,0,0,194
02/19/2013,TUL,OK,ASW,CE,Combined TRACON& Tower with Radar,85,59,51,17,212,0,3,40,1,44,85,62,91,18,256,10,16,26,282
02/20/2013,TUL,OK,ASW,CE,Combined TRACON& Tower with Radar,78,46,34,0,158,0,0,0,0,0,78,46,34,0,158,0,0,0,158
02/21/2013,TUL,OK,ASW,CE,Combined TRACON& Tower with Radar,77,69,35,0,181,0,0,0,0,0,77,69,35,0,181,0,0,0,181
02/22/2013,TUL,OK,ASW,CE,Combined TRACON& Tower with Radar,85,61,50,11,207,0,1,31,8,40,85,62,81,19,247,74,146,220,467
02/23/2013,TUL,OK,ASW,CE,Combined TRACON& Tower with Radar,65,39,26,0,130,0,1,21,0,22,65,40,47,0,152,0,0,0,152
02/24/2013,TUL,OK,ASW,CE,Combined TRACON& Tower with Radar,71,49,27,0,147,0,2,29,1,32,71,51,56,1,179,0,0,0,179
02/25/2013,TUL,OK,ASW,CE,Combined TRACON& Tower with Radar,83,68,18,0,169,0,0,1,0,1,83,68,19,0,170,14,0,14,184
02/26/2013,TUL,OK,ASW,CE,Combined TRACON& Tower with Radar,83,63,27,0,173,0,0,32,8,40,83,63,59,8,213,0,22,22,235
02/27/2013,TUL,OK,ASW,CE,Combined TRACON& Tower with Radar,83,63,51,11,208,0,1,12,9,22,83,64,63,20,230,0,0,0,230
02/28/2013,TUL,OK,ASW,CE,Combined TRACON& Tower with Radar,89,71,63,11,234,0,1,24,13,38,89,72,87,24,272,36,0,36,308
03/01/2013,TUL,OK,ASW,CE,Combined TRACON& Tower with Radar,86,64,49,1,200,0,0,12,3,15,86,64,61,4,215,12,29,41,256
03/02/2013,TUL,OK,ASW,CE,Combined TRACON& Tower with Radar,59,45,27,13,144,0,0,21,5,26,59,45,48,18,170,0,0,0,170
03/03/2013,TUL,OK,ASW,CE,Combined TRACON& Tower with Radar,66,49,32,2,149,0,0,10,0,10,66,49,42,2,159,0,0,0,159
03/04/2013,TUL,OK,ASW,CE,Combined TRACON& Tower with Radar,78,50,45,12,185,0,4,27,0,31,78,54,72,12,216,0,0,0,216
03/05/2013,TUL,OK,ASW,CE,Combined TRACON& Tower with Radar,76,52,35,6,169,0,0,12,5,17,76,52,47,11,186,0,0,0,186
03/06/2013,TUL,OK,ASW,CE,Combined TRACON& Tower with Radar,88,76,36,16,216,0,0,56,6,62,88,76,92,22,278,8,14,22,300
03/07/2013,TUL,OK,ASW,CE,Combined TRACON& Tower with Radar,84,65,44,9,202,0,0,23,10,33,84,65,67,19,235,0,42,42,277
03/08/2013,TUL,OK,ASW,CE,Combined TRACON& Tower with Radar,83,67,71,10,231,0,0,15,7,22,83,67,86,17,253,70,52,122,375
03/09/2013,TUL,OK,ASW,CE,Combined TRACON& Tower with Radar,64,41,29,3,137,0,0,1,0,1,64,41,30,3,138,8,0,8,146
03/10/2013,TUL,OK,ASW,CE,Combined TRACON& Tower with Radar,74,54,35,0,163,0,0,1,0,1,74,54,36,0,164,0,0,0,164
03/11/2013,TUL,OK,ASW,CE,Combined TRACON& Tower with Radar,81,67,28,23,199,0,2,23,2,27,81,69,51,25,226,36,18,54,280
03/12/2013,TUL,OK,ASW,CE,Combined TRACON& Tower with Radar,88,57,30,10,185,0,0,28,8,36,88,57,58,18,221,0,0,0,221
03/13/2013,TUL,OK,ASW,CE,Combined TRACON& Tower with Radar,82,71,55,18,226,0,2,31,5,38,82,73,86,23,264,0,0,0,264
03/14/2013,TUL,OK,ASW,CE,Combined TRACON& Tower with Radar,84,73,49,18,224,0,2,31,4,37,84,75,80,22,261,32,58,90,351
03/15/2013,TUL,OK,ASW,CE,Combined TRACON& Tower with Radar,86,86,41,8,221,0,0,42,4,46,86,86,83,12,267,0,0,0,267
03/16/2013,TUL,OK,ASW,CE,Combined TRACON& Tower with Radar,69,49,60,2,180,0,2,24,0,26,69,51,84,2,206,20,10,30,236
03/17/2013,TUL,OK,ASW,CE,Combined TRACON& Tower with Radar,73,56,37,7,173,0,0,1,0,1,73,56,38,7,174,0,0,0,174
03/18/2013,TUL,OK,ASW,CE,Combined TRACON& Tower with Radar,77,65,49,6,197,0,1,11,0,12,77,66,60,6,209,0,0,0,209
03/19/2013,TUL,OK,ASW,CE,Combined TRACON& Tower with Radar,80,59,56,18,213,0,0,33,3,36,80,59,89,21,249,0,0,0,249
03/20/2013,TUL,OK,ASW,CE,Combined TRACON& Tower with Radar,79,73,42,17,211,0,0,31,7,38,79,73,73,24,249,0,18,18,267
03/21/2013,TUL,OK,ASW,CE,Combined TRACON& Tower with Radar,81,79,54,0,214,0,2,20,6,28,81,81,74,6,242,0,0,0,242
03/22/2013,TUL,OK,ASW,CE,Combined TRACON& Tower with Radar,84,71,38,0,193,0,0,6,6,12,84,71,44,6,205,0,0,0,205
03/23/2013,TUL,OK,ASW,CE,Combined TRACON& Tower with Radar,59,56,38,0,153,0,0,1,0,1,59,56,39,0,154,22,0,22,176
03/24/2013,TUL,OK,ASW,CE,Combined TRACON& Tower with Radar,66,62,35,1,164,0,0,1,1,2,66,62,36,2,166,0,0,0,166
03/25/2013,TUL,OK,ASW,CE,Combined TRACON& Tower with Radar,79,63,48,21,211,0,0,16,2,18,79,63,64,23,229,0,0,0,229
03/26/2013,TUL,OK,ASW,CE,Combined TRACON& Tower with Radar,77,61,59,23,220,0,0,26,14,40,77,61,85,37,260,16,12,28,288
03/27/2013,TUL,OK,ASW,CE,Combined TRACON& Tower with Radar,89,67,48,43,247,0,2,29,4,35,89,69,77,47,282,34,32,66,348
03/28/2013,TUL,OK,ASW,CE,Combined TRACON& Tower with Radar,82,72,56,15,225,0,0,34,8,42,82,72,90,23,267,0,0,0,267
03/29/2013,TUL,OK,ASW,CE,Combined TRACON& Tower with Radar,82,61,29,5,177,0,0,9,4,13,82,61,38,9,190,2,16,18,208
03/30/2013,TUL,OK,ASW,CE,Combined TRACON& Tower with Radar,62,36,19,1,118,0,0,13,0,13,62,36,32,1,131,26,0,26,157
03/31/2013,TUL,OK,ASW,CE,Combined TRACON& Tower with Radar,64,50,20,0,134,0,0,27,0,27,64,50,47,0,161,0,0,0,161
04/01/2013,TUL,OK,ASW,CE,Combined TRACON& Tower with Radar,81,66,19,16,182,0,3,23,2,28,81,69,42,18,210,28,30,58,268
04/02/2013,TUL,OK,ASW,CE,Combined TRACON& Tower with Radar,78,60,42,0,180,0,0,0,0,0,78,60,42,0,180,0,0,0,180
04/03/2013,TUL,OK,ASW,CE,Combined TRACON& Tower with Radar,81,69,44,0,194,0,0,1,4,5,81,69,45,4,199,0,0,0,199
04/04/2013,TUL,OK,ASW,CE,Combined TRACON& Tower with Radar,82,67,58,15,222,0,0,19,12,31,82,67,77,27,253,16,18,34,287
04/05/2013,TUL,OK,ASW,CE,Combined TRACON& Tower with Radar,81,62,62,5,210,0,2,45,6,53,81,64,107,11,263,44,28,72,335
04/06/2013,TUL,OK,ASW,CE,Combined TRACON& Tower with Radar,60,51,34,17,162,0,0,30,0,30,60,51,64,17,192,40,8,48,240
04/07/2013,TUL,OK,ASW,CE,Combined TRACON& Tower with Radar,70,61,41,11,183,0,0,8,2,10,70,61,49,13,193,0,0,0,193
04/08/2013,TUL,OK,ASW,CE,Combined TRACON& Tower with Radar,78,70,54,7,209,0,0,1,2,3,78,70,55,9,212,0,0,0,212
04/09/2013,TUL,OK,ASW,CE,Combined TRACON& Tower with Radar,85,60,51,9,205,0,0,12,4,16,85,60,63,13,221,0,0,0,221
04/10/2013,TUL,OK,ASW,CE,Combined TRACON& Tower with Radar,78,50,42,0,170,0,0,0,0,0,78,50,42,0,170,0,0,0,170
04/11/2013,TUL,OK,ASW,CE,Combined TRACON& Tower with Radar,81,59,47,14,201,0,0,27,7,34,81,59,74,21,235,0,0,0,235
04/12/2013,TUL,OK,ASW,CE,Combined TRACON& Tower with Radar,83,76,44,2,205,0,0,38,4,42,83,76,82,6,247,114,2,116,363
04/13/2013,TUL,OK,ASW,CE,Combined TRACON& Tower with Radar,56,50,40,2,148,0,4,26,1,31,56,54,66,3,179,60,0,60,239
04/14/2013,TUL,OK,ASW,CE,Combined TRACON& Tower with Radar,75,50,36,9,170,0,2,10,2,14,75,52,46,11,184,0,0,0,184
04/15/2013,TUL,OK,ASW,CE,Combined TRACON& Tower with Radar,80,62,50,15,207,0,0,6,3,9,80,62,56,18,216,0,0,0,216
04/16/2013,TUL,OK,ASW,CE,Combined TRACON& Tower with Radar,80,60,43,9,192,0,0,5,4,9,80,60,48,13,201,0,0,0,201
04/17/2013,TUL,OK,ASW,CE,Combined TRACON& Tower with Radar,75,68,47,0,190,0,2,1,5,8,75,70,48,5,198,0,14,14,212
04/18/2013,TUL,OK,ASW,CE,Combined TRACON& Tower with Radar,86,67,54,2,209,0,1,7,4,12,86,68,61,6,221,8,0,8,229
04/19/2013,TUL,OK,ASW,CE,Combined TRACON& Tower with Radar,83,70,38,10,201,0,0,47,6,53,83,70,85,16,254,0,0,0,254
04/20/2013,TUL,OK,ASW,CE,Combined TRACON& Tower with Radar,56,43,32,0,131,0,2,32,0,34,56,45,64,0,165,8,8,16,181
04/21/2013,TUL,OK,ASW,CE,Combined TRACON& Tower with Radar,82,45,31,2,160,0,2,18,0,20,82,47,49,2,180,0,0,0,180
04/22/2013,TUL,OK,ASW,CE,Combined TRACON& Tower with Radar,76,70,54,13,213,0,0,21,2,23,76,70,75,15,236,16,20,36,272
04/23/2013,TUL,OK,ASW,CE,Combined TRACON& Tower with Radar,79,71,48,8,206,0,0,0,0,0,79,71,48,8,206,0,0,0,206
04/24/2013,TUL,OK,ASW,CE,Combined TRACON& Tower with Radar,83,64,73,3,223,0,0,43,10,53,83,64,116,13,276,0,0,0,276
04/25/2013,TUL,OK,ASW,CE,Combined TRACON& Tower with Radar,82,69,37,18,206,0,3,33,9,45,82,72,70,27,251,8,4,12,263
04/26/2013,TUL,OK,ASW,CE,Combined TRACON& Tower with Radar,79,77,39,7,202,0,0,13,2,15,79,77,52,9,217,0,0,0,217
04/27/2013,TUL,OK,ASW,CE,Combined TRACON& Tower with Radar,61,48,26,4,139,0,0,19,0,19,61,48,45,4,158,108,0,108,266
04/28/2013,TUL,OK,ASW,CE,Combined TRACON& Tower with Radar,76,51,31,9,167,0,2,38,0,40,76,53,69,9,207,6,0,6,213
04/29/2013,TUL,OK,ASW,CE,Combined TRACON& Tower with Radar,78,64,51,8,201,0,0,32,3,35,78,64,83,11,236,20,10,30,266
04/30/2013,TUL,OK,ASW,CE,Combined TRACON& Tower with Radar,78,63,59,12,212,0,1,35,7,43,78,64,94,19,255,0,0,0,255
05/01/2013,TUL,OK,ASW,CE,Combined TRACON& Tower with Radar,79,76,51,12,218,0,0,15,10,25,79,76,66,22,243,0,0,0,243
05/02/2013,TUL,OK,ASW,CE,Combined TRACON& Tower with Radar,78,85,52,0,215,0,0,0,0,0,78,85,52,0,215,0,0,0,215
05/03/2013,TUL,OK,ASW,CE,Combined TRACON& Tower with Radar,83,75,35,2,195,0,1,18,4,23,83,76,53,6,218,42,8,50,268
05/04/2013,TUL,OK,ASW,CE,Combined TRACON& Tower with Radar,60,41,23,0,124,0,4,2,3,9,60,45,25,3,133,0,0,0,133
05/05/2013,TUL,OK,ASW,CE,Combined TRACON& Tower with Radar,77,66,31,3,177,0,0,4,6,10,77,66,35,9,187,20,36,56,243
05/06/2013,TUL,OK,ASW,CE,Combined TRACON& Tower with Radar,77,80,40,5,202,0,3,15,2,20,77,83,55,7,222,0,0,0,222
05/07/2013,TUL,OK,ASW,CE,Combined TRACON& Tower with Radar,78,71,52,10,211,0,0,30,7,37,78,71,82,17,248,0,0,0,248
05/08/2013,TUL,OK,ASW,CE,Combined TRACON& Tower with Radar,76,79,56,20,231,0,1,23,6,30,76,80,79,26,261,0,0,0,261
05/09/2013,TUL,OK,ASW,CE,Combined TRACON& Tower with Radar,79,76,53,18,226,0,0,10,3,13,79,76,63,21,239,0,0,0,239
05/10/2013,TUL,OK,ASW,CE,Combined TRACON& Tower with Radar,92,72,61,6,231,0,2,19,2,23,92,74,80,8,254,0,0,0,254
05/11/2013,TUL,OK,ASW,CE,Combined TRACON& Tower with Radar,58,37,10,1,106,0,1,25,0,26,58,38,35,1,132,10,0,10,142
05/12/2013,TUL,OK,ASW,CE,Combined TRACON& Tower with Radar,74,58,30,13,175,0,2,22,2,26,74,60,52,15,201,0,0,0,201
05/13/2013,TUL,OK,ASW,CE,Combined TRACON& Tower with Radar,76,78,45,2,201,0,1,26,0,27,76,79,71,2,228,0,0,0,228
05/14/2013,TUL,OK,ASW,CE,Combined TRACON& Tower with Radar,78,78,50,23,229,0,1,33,10,44,78,79,83,33,273,0,38,38,311
05/15/2013,TUL,OK,ASW,CE,Combined TRACON& Tower with Radar,83,87,56,0,226,0,1,11,2,14,83,88,67,2,240,0,0,0,240
05/16/2013,TUL,OK,ASW,CE,Combined TRACON& Tower with Radar,85,83,73,5,246,0,1,8,6,15,85,84,81,11,261,0,0,0,261
05/17/2013,TUL,OK,ASW,CE,Combined TRACON& Tower with Radar,78,80,60,21,239,0,0,18,10,28,78,80,78,31,267,22,44,66,333
05/18/2013,TUL,OK,ASW,CE,Combined TRACON& Tower with Radar,70,45,40,0,155,0,0,21,0,21,70,45,61,0,176,0,0,0,176
05/19/2013,TUL,OK,ASW,CE,Combined TRACON& Tower with Radar,79,64,27,0,170,0,4,13,0,17,79,68,40,0,187,0,0,0,187
05/20/2013,TUL,OK,ASW,CE,Combined TRACON& Tower with Radar,69,71,34,2,176,0,0,1,2,3,69,71,35,4,179,0,0,0,179
05/21/2013,TUL,OK,ASW,CE,Combined TRACON& Tower with Radar,77,76,42,0,195,0,0,1,4,5,77,76,43,4,200,0,0,0,200
05/22/2013,TUL,OK,ASW,CE,Combined TRACON& Tower with Radar,93,79,80,24,276,0,3,58,9,70,93,82,138,33,346,0,0,0,346
05/23/2013,TUL,OK,ASW,CE,Combined TRACON& Tower with Radar,81,80,44,4,209,0,0,6,0,6,81,80,50,4,215,0,0,0,215
05/24/2013,TUL,OK,ASW,CE,Combined TRACON& Tower with Radar,86,87,42,1,216,0,2,24,2,28,86,89,66,3,244,0,0,0,244
05/25/2013,TUL,OK,ASW,CE,Combined TRACON& Tower with Radar,67,43,17,2,129,0,0,29,0,29,67,43,46,2,158,16,0,16,174
05/26/2013,TUL,OK,ASW,CE,Combined TRACON& Tower with Radar,69,37,20,0,126,0,4,7,0,11,69,41,27,0,137,0,0,0,137
05/27/2013,TUL,OK,ASW,CE,Combined TRACON& Tower with Radar,66,71,18,1,156,0,2,8,2,12,66,73,26,3,168,0,0,0,168
05/28/2013,TUL,OK,ASW,CE,Combined TRACON& Tower with Radar,76,81,52,1,210,0,0,14,2,16,76,81,66,3,226,0,0,0,226
05/29/2013,TUL,OK,ASW,CE,Combined TRACON& Tower with Radar,84,68,41,19,212,0,4,16,2,22,84,72,57,21,234,0,0,0,234
05/30/2013,TUL,OK,ASW,CE,Combined TRACON& Tower with Radar,88,77,24,3,192,0,0,7,0,7,88,77,31,3,199,0,0,0,199
05/31/2013,TUL,OK,ASW,CE,Combined TRACON& Tower with Radar,74,77,21,16,188,0,2,15,6,23,74,79,36,22,211,40,56,96,307
06/01/2013,TUL,OK,ASW,CE,Combined TRACON& Tower with Radar,63,46,11,0,120,0,0,24,0,24,63,46,35,0,144,0,0,0,144
06/02/2013,TUL,OK,ASW,CE,Combined TRACON& Tower with Radar,78,63,20,2,163,0,3,23,0,26,78,66,43,2,189,0,0,0,189
06/03/2013,TUL,OK,ASW,CE,Combined TRACON& Tower with Radar,78,75,59,18,230,0,2,58,0,60,78,77,117,18,290,0,10,10,300
06/04/2013,TUL,OK,ASW,CE,Combined TRACON& Tower with Radar,81,76,41,16,214,0,0,17,5,22,81,76,58,21,236,0,0,0,236
06/05/2013,TUL,OK,ASW,CE,Combined TRACON& Tower with Radar,78,80,40,7,205,0,0,11,2,13,78,80,51,9,218,0,0,0,218
06/06/2013,TUL,OK,ASW,CE,Combined TRACON& Tower with Radar,85,85,57,14,241,0,1,20,7,28,85,86,77,21,269,0,0,0,269
06/07/2013,TUL,OK,ASW,CE,Combined TRACON& Tower with Radar,82,77,44,11,214,0,0,36,0,36,82,77,80,11,250,16,0,16,266
06/08/2013,TUL,OK,ASW,CE,Combined TRACON& Tower with Radar,59,55,30,0,144,0,3,38,0,41,59,58,68,0,185,12,16,28,213
06/09/2013,TUL,OK,ASW,CE,Combined TRACON& Tower with Radar,77,63,30,2,172,0,0,35,0,35,77,63,65,2,207,0,0,0,207
06/10/2013,TUL,OK,ASW,CE,Combined TRACON& Tower with Radar,88,73,34,22,217,0,0,33,8,41,88,73,67,30,258,82,54,136,394
06/11/2013,TUL,OK,ASW,CE,Combined TRACON& Tower with Radar,83,87,44,37,251,0,0,39,2,41,83,87,83,39,292,10,16,26,318
06/12/2013,TUL,OK,ASW,CE,Combined TRACON& Tower with Radar,85,77,46,2,210,0,1,36,8,45,85,78,82,10,255,46,0,46,301
06/13/2013,TUL,OK,ASW,CE,Combined TRACON& Tower with Radar,84,85,43,30,242,0,3,54,6,63,84,88,97,36,305,30,38,68,373
06/14/2013,TUL,OK,ASW,CE,Combined TRACON& Tower with Radar,86,78,45,41,250,0,4,56,7,67,86,82,101,48,317,0,0,0,317
06/15/2013,TUL,OK,ASW,CE,Combined TRACON& Tower with Radar,57,57,25,0,139,0,0,31,4,35,57,57,56,4,174,0,44,44,218
06/16/2013,TUL,OK,ASW,CE,Combined TRACON& Tower with Radar,81,63,24,15,183,0,0,3,0,3,81,63,27,15,186,0,28,28,214
06/17/2013,TUL,OK,ASW,CE,Combined TRACON& Tower with Radar,83,72,53,10,218,0,1,11,8,20,83,73,64,18,238,0,0,0,238
06/18/2013,TUL,OK,ASW,CE,Combined TRACON& Tower with Radar,85,91,34,24,234,0,0,23,8,31,85,91,57,32,265,16,6,22,287
06/19/2013,TUL,OK,ASW,CE,Combined TRACON& Tower with Radar,85,90,41,41,257,0,0,42,10,52,85,90,83,51,309,0,0,0,309
06/20/2013,TUL,OK,ASW,CE,Combined TRACON& Tower with Radar,83,86,65,36,270,0,0,27,7,34,83,86,92,43,304,40,58,98,402
06/21/2013,TUL,OK,ASW,CE,Combined TRACON& Tower with Radar,80,81,42,17,220,0,0,41,13,54,80,81,83,30,274,126,22,148,422
06/22/2013,TUL,OK,ASW,CE,Combined TRACON& Tower with Radar,55,55,30,0,140,0,2,22,3,27,55,57,52,3,167,92,0,92,259
06/23/2013,TUL,OK,ASW,CE,Combined TRACON& Tower with Radar,81,63,31,19,194,0,0,40,0,40,81,63,71,19,234,0,18,18,252
06/24/2013,TUL,OK,ASW,CE,Combined TRACON& Tower with Radar,79,70,56,14,219,0,1,31,7,39,79,71,87,21,258,6,8,14,272
06/25/2013,TUL,OK,ASW,CE,Combined TRACON& Tower with Radar,83,83,58,76,300,0,1,35,6,42,83,84,93,82,342,0,30,30,372
06/26/2013,TUL,OK,ASW,CE,Combined TRACON& Tower with Radar,94,92,51,72,309,0,0,32,20,52,94,92,83,92,361,16,114,130,491
06/27/2013,TUL,OK,ASW,CE,Combined TRACON& Tower with Radar,91,83,76,17,267,0,0,44,11,55,91,83,120,28,322,2,4,6,328
06/28/2013,TUL,OK,ASW,CE,Combined TRACON& Tower with Radar,84,81,49,11,225,0,1,23,7,31,84,82,72,18,256,30,42,72,328
06/29/2013,TUL,OK,ASW,CE,Combined TRACON& Tower with Radar,60,57,15,7,139,0,1,22,10,33,60,58,37,17,172,36,34,70,242
06/30/2013,TUL,OK,ASW,CE,Combined TRACON& Tower with Radar,79,67,14,4,164,0,1,11,2,14,79,68,25,6,178,0,0,0,178
07/01/2013,TUL,OK,ASW,CE,Combined TRACON& Tower with Radar,75,84,39,18,216,0,1,29,2,32,75,85,68,20,248,0,0,0,248
07/02/2013,TUL,OK,ASW,CE,Combined TRACON& Tower with Radar,81,74,55,25,235,0,0,34,6,40,81,74,89,31,275,104,24,128,403
07/03/2013,TUL,OK,ASW,CE,Combined TRACON& Tower with Radar,84,74,40,45,243,0,2,30,3,35,84,76,70,48,278,0,34,34,312
07/04/2013,TUL,OK,ASW,CE,Combined TRACON& Tower with Radar,45,41,8,0,94,0,1,14,0,15,45,42,22,0,109,8,0,8,117
07/05/2013,TUL,OK,ASW,CE,Combined TRACON& Tower with Radar,77,51,20,1,149,0,0,15,2,17,77,51,35,3,166,12,0,12,178
07/06/2013,TUL,OK,ASW,CE,Combined TRACON& Tower with Radar,60,58,13,1,132,0,0,10,0,10,60,58,23,1,142,20,0,20,162
07/07/2013,TUL,OK,ASW,CE,Combined TRACON& Tower with Radar,73,89,53,0,215,0,1,28,0,29,73,90,81,0,244,0,0,0,244
07/08/2013,TUL,OK,ASW,CE,Combined TRACON& Tower with Radar,85,77,44,12,218,0,0,34,1,35,85,77,78,13,253,4,34,38,291
07/09/2013,TUL,OK,ASW,CE,Combined TRACON& Tower with Radar,83,69,50,71,273,0,0,30,9,39,83,69,80,80,312,46,62,108,420
07/10/2013,TUL,OK,ASW,CE,Combined TRACON& Tower with Radar,88,81,43,45,257,0,1,19,6,26,88,82,62,51,283,44,46,90,373
07/11/2013,TUL,OK,ASW,CE,Combined TRACON& Tower with Radar,86,74,60,53,273,0,0,30,9,39,86,74,90,62,312,0,0,0,312
07/12/2013,TUL,OK,ASW,CE,Combined TRACON& Tower with Radar,83,81,68,42,274,0,1,34,0,35,83,82,102,42,309,152,58,210,519
07/13/2013,TUL,OK,ASW,CE,Combined TRACON& Tower with Radar,60,48,27,14,149,0,1,29,0,30,60,49,56,14,179,24,10,34,213
07/14/2013,TUL,OK,ASW,CE,Combined TRACON& Tower with Radar,82,67,29,6,184,0,1,8,2,11,82,68,37,8,195,0,8,8,203
07/15/2013,TUL,OK,ASW,CE,Combined TRACON& Tower with Radar,87,74,65,61,287,0,1,17,2,20,87,75,82,63,307,46,60,106,413
07/16/2013,TUL,OK,ASW,CE,Combined TRACON& Tower with Radar,95,78,54,67,294,0,0,24,6,30,95,78,78,73,324,26,56,82,406
07/17/2013,TUL,OK,ASW,CE,Combined TRACON& Tower with Radar,84,64,34,69,251,0,1,28,6,35,84,65,62,75,286,38,92,130,416
07/18/2013,TUL,OK,ASW,CE,Combined TRACON& Tower with Radar,88,87,49,102,326,0,0,37,15,52,88,87,86,117,378,12,84,96,474
07/19/2013,TUL,OK,ASW,CE,Combined TRACON& Tower with Radar,84,74,47,50,255,0,0,26,3,29,84,74,73,53,284,6,94,100,384
07/20/2013,TUL,OK,ASW,CE,Combined TRACON& Tower with Radar,68,58,38,14,178,0,1,27,1,29,68,59,65,15,207,4,8,12,219
07/21/2013,TUL,OK,ASW,CE,Combined TRACON& Tower with Radar,80,65,28,8,181,0,0,16,1,17,80,65,44,9,198,0,0,0,198
07/22/2013,TUL,OK,ASW,CE,Combined TRACON& Tower with Radar,82,71,40,42,235,0,1,17,2,20,82,72,57,44,255,0,0,0,255
07/23/2013,TUL,OK,ASW,CE,Combined TRACON& Tower with Radar,83,81,48,41,253,0,0,20,6,26,83,81,68,47,279,34,24,58,337
07/24/2013,TUL,OK,ASW,CE,Combined TRACON& Tower with Radar,87,73,46,29,235,0,0,21,6,27,87,73,67,35,262,0,62,62,324
07/25/2013,TUL,OK,ASW,CE,Combined TRACON& Tower with Radar,88,79,47,26,240,0,2,20,3,25,88,81,67,29,265,0,0,0,265
07/26/2013,TUL,OK,ASW,CE,Combined TRACON& Tower with Radar,82,79,28,0,189,0,0,13,0,13,82,79,41,0,202,8,0,8,210
07/27/2013,TUL,OK,ASW,CE,Combined TRACON& Tower with Radar,58,51,31,32,172,0,0,35,2,37,58,51,66,34,209,10,20,30,239
07/28/2013,TUL,OK,ASW,CE,Combined TRACON& Tower with Radar,75,64,28,8,175,0,5,9,0,14,75,69,37,8,189,4,0,4,193
07/29/2013,TUL,OK,ASW,CE,Combined TRACON& Tower with Radar,82,87,39,65,273,0,1,20,2,23,82,88,59,67,296,10,14,24,320
07/30/2013,TUL,OK,ASW,CE,Combined TRACON& Tower with Radar,99,78,56,33,266,0,0,4,7,11,99,78,60,40,277,32,20,52,329
07/31/2013,TUL,OK,ASW,CE,Combined TRACON& Tower with Radar,93,88,54,44,279,0,0,15,3,18,93,88,69,47,297,70,52,122,419
08/01/2013,TUL,OK,ASW,CE,Combined TRACON& Tower with Radar,83,82,54,87,306,0,0,28,8,36,83,82,82,95,342,22,84,106,448
08/02/2013,TUL,OK,ASW,CE,Combined TRACON& Tower with Radar,80,72,35,47,234,0,2,26,1,29,80,74,61,48,263,20,94,114,377
08/03/2013,TUL,OK,ASW,CE,Combined TRACON& Tower with Radar,53,52,21,0,126,0,0,12,2,14,53,52,33,2,140,18,0,18,158
08/04/2013,TUL,OK,ASW,CE,Combined TRACON& Tower with Radar,77,68,30,8,183,0,1,8,0,9,77,69,38,8,192,6,0,6,198
08/05/2013,TUL,OK,ASW,CE,Combined TRACON& Tower with Radar,77,76,41,46,240,0,0,26,5,31,77,76,67,51,271,0,50,50,321
08/06/2013,TUL,OK,ASW,CE,Combined TRACON& Tower with Radar,78,84,56,87,305,0,2,14,8,24,78,86,70,95,329,12,58,70,399
08/07/2013,TUL,OK,ASW,CE,Combined TRACON& Tower with Radar,84,73,60,65,282,0,2,24,3,29,84,75,84,68,311,0,0,0,311
08/08/2013,TUL,OK,ASW,CE,Combined TRACON& Tower with Radar,82,77,53,28,240,0,2,15,4,21,82,79,68,32,261,0,0,0,261
08/09/2013,TUL,OK,ASW,CE,Combined TRACON& Tower with Radar,90,80,33,36,239,0,5,7,0,12,90,85,40,36,251,0,70,70,321
08/10/2013,TUL,OK,ASW,CE,Combined TRACON& Tower with Radar,61,54,33,0,148,0,0,11,0,11,61,54,44,0,159,18,0,18,177
08/11/2013,TUL,OK,ASW,CE,Combined TRACON& Tower with Radar,83,71,41,11,206,0,3,16,0,19,83,74,57,11,225,4,8,12,237
08/12/2013,TUL,OK,ASW,CE,Combined TRACON& Tower with Radar,78,82,30,13,203,0,1,14,0,15,78,83,44,13,218,0,0,0,218
08/13/2013,TUL,OK,ASW,CE,Combined TRACON& Tower with Radar,88,64,59,37,248,0,0,3,3,6,88,64,62,40,254,0,0,0,254
08/14/2013,TUL,OK,ASW,CE,Combined TRACON& Tower with Radar,83,75,54,61,273,0,0,19,5,24,83,75,73,66,297,62,128,190,487
08/15/2013,TUL,OK,ASW,CE,Combined TRACON& Tower with Radar,82,80,59,110,331,0,1,47,63,111,82,81,106,173,442,4,74,78,520
08/16/2013,TUL,OK,ASW,CE,Combined TRACON& Tower with Radar,87,73,54,64,278,0,1,26,1,28,87,74,80,65,306,102,190,292,598
08/17/2013,TUL,OK,ASW,CE,Combined TRACON& Tower with Radar,50,49,12,30,141,0,0,26,1,27,50,49,38,31,168,6,40,46,214
08/18/2013,TUL,OK,ASW,CE,Combined TRACON& Tower with Radar,80,62,22,2,166,0,0,28,5,33,80,62,50,7,199,0,0,0,199
08/19/2013,TUL,OK,ASW,CE,Combined TRACON& Tower with Radar,74,75,48,27,224,0,0,28,4,32,74,75,76,31,256,6,20,26,282
08/20/2013,TUL,OK,ASW,CE,Combined TRACON& Tower with Radar,85,68,54,58,265,0,0,27,8,35,85,68,81,66,300,6,52,58,358
08/21/2013,TUL,OK,ASW,CE,Combined TRACON& Tower with Radar,81,75,63,61,280,0,0,36,9,45,81,75,99,70,325,16,40,56,381
08/22/2013,TUL,OK,ASW,CE,Combined TRACON& Tower with Radar,85,78,41,44,248,0,3,34,16,53,85,81,75,60,301,40,106,146,447
08/23/2013,TUL,OK,ASW,CE,Combined TRACON& Tower with Radar,81,68,31,24,204,0,1,19,2,22,81,69,50,26,226,4,28,32,258
08/24/2013,TUL,OK,ASW,CE,Combined TRACON& Tower with Radar,50,52,16,19,137,0,0,15,4,19,50,52,31,23,156,0,6,6,162
08/25/2013,TUL,OK,ASW,CE,Combined TRACON& Tower with Radar,77,52,22,19,170,0,0,32,6,38,77,52,54,25,208,8,18,26,234
08/26/2013,TUL,OK,ASW,CE,Combined TRACON& Tower with Radar,74,72,43,38,227,0,1,12,7,20,74,73,55,45,247,8,92,100,347
08/27/2013,TUL,OK,ASW,CE,Combined TRACON& Tower with Radar,81,75,61,44,261,0,4,30,8,42,81,79,91,52,303,4,28,32,335
08/28/2013,TUL,OK,ASW,CE,Combined TRACON& Tower with Radar,82,67,54,48,251,0,1,31,9,41,82,68,85,57,292,0,0,0,292
08/29/2013,TUL,OK,ASW,CE,Combined TRACON& Tower with Radar,86,73,56,66,281,0,4,32,6,42,86,77,88,72,323,22,120,142,465
08/30/2013,TUL,OK,ASW,CE,Combined TRACON& Tower with Radar,85,74,44,2,205,0,2,26,2,30,85,76,70,4,235,30,0,30,265
08/31/2013,TUL,OK,ASW,CE,Combined TRACON& Tower with Radar,56,49,23,0,128,0,1,27,0,28,56,50,50,0,156,60,0,60,216
09/01/2013,TUL,OK,ASW,CE,Combined TRACON& Tower with Radar,50,36,9,0,95,0,3,7,0,10,50,39,16,0,105,0,0,0,105
09/02/2013,TUL,OK,ASW,CE,Combined TRACON& Tower with Radar,67,57,26,3,153,0,2,14,0,16,67,59,40,3,169,0,0,0,169
09/03/2013,TUL,OK,ASW,CE,Combined TRACON& Tower with Radar,76,70,48,57,251,0,0,31,3,34,76,70,79,60,285,26,114,140,425
09/04/2013,TUL,OK,ASW,CE,Combined TRACON& Tower with Radar,80,75,49,9,213,0,2,30,9,41,80,77,79,18,254,32,44,76,330
09/05/2013,TUL,OK,ASW,CE,Combined TRACON& Tower with Radar,81,72,52,23,228,0,0,37,8,45,81,72,89,31,273,10,20,30,303
09/06/2013,TUL,OK,ASW,CE,Combined TRACON& Tower with Radar,86,73,45,21,225,0,2,22,0,24,86,75,67,21,249,0,32,32,281
09/07/2013,TUL,OK,ASW,CE,Combined TRACON& Tower with Radar,51,46,24,7,128,0,1,30,5,36,51,47,54,12,164,32,34,66,230
09/08/2013,TUL,OK,ASW,CE,Combined TRACON& Tower with Radar,73,70,22,5,170,0,1,13,2,16,73,71,35,7,186,0,0,0,186
09/09/2013,TUL,OK,ASW,CE,Combined TRACON& Tower with Radar,74,71,45,24,214,0,3,21,6,30,74,74,66,30,244,0,0,0,244
09/10/2013,TUL,OK,ASW,CE,Combined TRACON& Tower with Radar,75,78,51,55,259,0,0,25,8,33,75,78,76,63,292,8,34,42,334
09/11/2013,TUL,OK,ASW,CE,Combined TRACON& Tower with Radar,83,73,48,83,287,0,1,26,15,42,83,74,74,98,329,16,146,162,491
09/12/2013,TUL,OK,ASW,CE,Combined TRACON& Tower with Radar,82,84,42,55,263,0,0,27,14,41,82,84,69,69,304,0,88,88,392
09/13/2013,TUL,OK,ASW,CE,Combined TRACON& Tower with Radar,78,78,58,43,257,0,3,30,0,33,78,81,88,43,290,52,56,108,398
09/14/2013,TUL,OK,ASW,CE,Combined TRACON& Tower with Radar,51,52,19,0,122,0,2,19,0,21,51,54,38,0,143,0,0,0,143
09/15/2013,TUL,OK,ASW,CE,Combined TRACON& Tower with Radar,75,61,21,36,193,0,0,11,3,14,75,61,32,39,207,16,46,62,269
09/16/2013,TUL,OK,ASW,CE,Combined TRACON& Tower with Radar,77,80,33,21,211,0,0,9,6,15,77,80,42,27,226,0,14,14,240
09/17/2013,TUL,OK,ASW,CE,Combined TRACON& Tower with Radar,81,68,57,30,236,0,0,23,7,30,81,68,80,37,266,4,44,48,314
09/18/2013,TUL,OK,ASW,CE,Combined TRACON& Tower with Radar,84,77,48,38,247,0,1,28,6,35,84,78,76,44,282,16,24,40,322
09/19/2013,TUL,OK,ASW,CE,Combined TRACON& Tower with Radar,91,64,65,14,234,0,0,24,5,29,91,64,89,19,263,0,0,0,263
09/20/2013,TUL,OK,ASW,CE,Combined TRACON& Tower with Radar,82,75,50,36,243,0,1,14,0,15,82,76,64,36,258,0,0,0,258
09/21/2013,TUL,OK,ASW,CE,Combined TRACON& Tower with Radar,51,52,28,8,139,0,0,33,0,33,51,52,61,8,172,8,14,22,194
09/22/2013,TUL,OK,ASW,CE,Combined TRACON& Tower with Radar,77,66,30,28,201,0,1,28,1,30,77,67,58,29,231,20,40,60,291
09/23/2013,TUL,OK,ASW,CE,Combined TRACON& Tower with Radar,73,75,62,22,232,0,1,37,0,38,73,76,99,22,270,8,8,16,286
09/24/2013,TUL,OK,ASW,CE,Combined TRACON& Tower with Radar,78,68,50,15,211,0,0,29,2,31,78,68,79,17,242,0,0,0,242
09/25/2013,TUL,OK,ASW,CE,Combined TRACON& Tower with Radar,82,73,54,76,285,0,5,39,5,49,82,78,93,81,334,12,154,166,500
09/26/2013,TUL,OK,ASW,CE,Combined TRACON& Tower with Radar,81,80,47,34,242,0,1,32,2,35,81,81,79,36,277,6,20,26,303
09/27/2013,TUL,OK,ASW,CE,Combined TRACON& Tower with Radar,81,89,64,16,250,0,1,45,0,46,81,90,109,16,296,0,4,4,300
09/28/2013,TUL,OK,ASW,CE,Combined TRACON& Tower with Radar,50,49,29,0,128,0,0,5,0,5,50,49,34,0,133,0,0,0,133
09/29/2013,TUL,OK,ASW,CE,Combined TRACON& Tower with Radar,69,75,37,3,184,0,0,16,1,17,69,75,53,4,201,0,0,0,201
09/30/2013,TUL,OK,ASW,CE,Combined TRACON& Tower with Radar,71,74,52,0,197,0,1,30,1,32,71,75,82,1,229,0,0,0,229
10/01/2013,TUL,OK,ASW,CE,Combined TRACON& Tower with Radar,78,78,40,84,280,0,1,10,2,13,78,79,50,86,293,16,76,92,385
10/02/2013,TUL,OK,ASW,CE,Combined TRACON& Tower with Radar,80,73,48,39,240,0,0,15,0,15,80,73,63,39,255,0,30,30,285
10/03/2013,TUL,OK,ASW,CE,Combined TRACON& Tower with Radar,87,75,44,24,230,0,3,26,2,31,87,78,70,26,261,24,12,36,297
10/04/2013,TUL,OK,ASW,CE,Combined TRACON& Tower with Radar,75,77,33,49,234,0,1,9,0,10,75,78,42,49,244,8,54,62,306
10/05/2013,TUL,OK,ASW,CE,Combined TRACON& Tower with Radar,58,48,19,85,210,0,0,4,3,7,58,48,23,88,217,16,126,142,359
10/06/2013,TUL,OK,ASW,CE,Combined TRACON& Tower with Radar,74,63,25,32,194,0,0,18,0,18,74,63,43,32,212,10,22,32,244
10/07/2013,TUL,OK,ASW,CE,Combined TRACON& Tower with Radar,76,74,34,53,237,0,0,20,3,23,76,74,54,56,260,0,38,38,298
10/08/2013,TUL,OK,ASW,CE,Combined TRACON& Tower with Radar,75,75,55,122,327,0,1,31,0,32,75,76,86,122,359,0,94,94,453
10/09/2013,TUL,OK,ASW,CE,Combined TRACON& Tower with Radar,74,89,48,39,250,0,1,30,1,32,74,90,78,40,282,8,54,62,344
10/10/2013,TUL,OK,ASW,CE,Combined TRACON& Tower with Radar,76,82,65,107,330,0,0,22,5,27,76,82,87,112,357,4,106,110,467
10/11/2013,TUL,OK,ASW,CE,Combined TRACON& Tower with Radar,81,81,57,40,259,0,0,21,0,21,81,81,78,40,280,0,48,48,328
10/12/2013,TUL,OK,ASW,CE,Combined TRACON& Tower with Radar,49,44,20,0,113,0,0,7,0,7,49,44,27,0,120,0,0,0,120
10/13/2013,TUL,OK,ASW,CE,Combined TRACON& Tower with Radar,72,64,36,0,172,0,2,8,0,10,72,66,44,0,182,0,0,0,182
10/14/2013,TUL,OK,ASW,CE,Combined TRACON& Tower with Radar,77,81,41,0,199,0,0,4,0,4,77,81,45,0,203,0,0,0,203
10/15/2013,TUL,OK,ASW,CE,Combined TRACON& Tower with Radar,75,77,64,46,262,0,0,15,0,15,75,77,79,46,277,0,0,0,277
10/16/2013,TUL,OK,ASW,CE,Combined TRACON& Tower with Radar,74,81,55,38,248,0,2,22,4,28,74,83,77,42,276,0,44,44,320
10/17/2013,TUL,OK,ASW,CE,Combined TRACON& Tower with Radar,76,79,58,50,263,0,0,33,1,34,76,79,91,51,297,0,38,38,335
10/18/2013,TUL,OK,ASW,CE,Combined TRACON& Tower with Radar,80,71,52,134,337,0,0,13,1,14,80,71,65,135,351,10,326,336,687
10/19/2013,TUL,OK,ASW,CE,Combined TRACON& Tower with Radar,54,43,31,30,158,0,2,24,3,29,54,45,55,33,187,12,26,38,225
10/20/2013,TUL,OK,ASW,CE,Combined TRACON& Tower with Radar,72,66,50,30,218,0,2,28,1,31,72,68,78,31,249,16,54,70,319
10/21/2013,TUL,OK,ASW,CE,Combined TRACON& Tower with Radar,74,81,42,27,224,0,1,19,0,20,74,82,61,27,244,40,80,120,364
10/22/2013,TUL,OK,ASW,CE,Combined TRACON& Tower with Radar,75,75,44,18,212,0,0,22,2,24,75,75,66,20,236,0,6,6,242
10/23/2013,TUL,OK,ASW,CE,Combined TRACON& Tower with Radar,73,79,63,56,271,0,0,33,5,38,73,79,96,61,309,0,32,32,341
10/24/2013,TUL,OK,ASW,CE,Combined TRACON& Tower with Radar,80,75,76,23,254,0,1,43,2,46,80,76,119,25,300,14,0,14,314
10/25/2013,TUL,OK,ASW,CE,Combined TRACON& Tower with Radar,80,86,44,66,276,0,0,24,3,27,80,86,68,69,303,12,78,90,393
10/26/2013,TUL,OK,ASW,CE,Combined TRACON& Tower with Radar,60,54,34,8,156,0,2,14,0,16,60,56,48,8,172,0,0,0,172
10/27/2013,TUL,OK,ASW,CE,Combined TRACON& Tower with Radar,71,67,30,34,202,0,0,16,1,17,71,67,46,35,219,0,12,12,231
10/28/2013,TUL,OK,ASW,CE,Combined TRACON& Tower with Radar,80,83,55,60,278,0,0,5,0,5,80,83,60,60,283,0,0,0,283
10/29/2013,TUL,OK,ASW,CE,Combined TRACON& Tower with Radar,77,69,44,67,257,0,0,7,5,12,77,69,51,72,269,0,68,68,337
10/30/2013,TUL,OK,ASW,CE,Combined TRACON& Tower with Radar,77,77,49,0,203,0,0,0,3,3,77,77,49,3,206,0,12,12,218
10/31/2013,TUL,OK,ASW,CE,Combined TRACON& Tower with Radar,77,66,46,1,190,0,0,11,1,12,77,66,57,2,202,0,0,0,202
11/01/2013,TUL,OK,ASW,CE,Combined TRACON& Tower with Radar,84,76,37,45,242,0,0,42,0,42,84,76,79,45,284,0,32,32,316
11/02/2013,TUL,OK,ASW,CE,Combined TRACON& Tower with Radar,52,45,15,15,127,0,2,34,0,36,52,47,49,15,163,0,0,0,163
11/03/2013,TUL,OK,ASW,CE,Combined TRACON& Tower with Radar,71,70,38,18,197,0,0,21,1,22,71,70,59,19,219,4,21,25,244
11/04/2013,TUL,OK,ASW,CE,Combined TRACON& Tower with Radar,73,71,54,76,274,0,0,16,6,22,73,71,70,82,296,28,238,266,562
11/05/2013,TUL,OK,ASW,CE,Combined TRACON& Tower with Radar,81,73,37,7,198,0,0,0,0,0,81,73,37,7,198,2,10,12,210
11/06/2013,TUL,OK,ASW,CE,Combined TRACON& Tower with Radar,84,65,69,72,290,0,0,22,4,26,84,65,91,76,316,42,170,212,528
11/07/2013,TUL,OK,ASW,CE,Combined TRACON& Tower with Radar,84,77,69,69,299,0,0,30,6,36,84,77,99,75,335,2,126,128,463
11/08/2013,TUL,OK,ASW,CE,Combined TRACON& Tower with Radar,91,73,59,38,261,0,0,31,4,35,91,73,90,42,296,24,38,62,358
11/09/2013,TUL,OK,ASW,CE,Combined TRACON& Tower with Radar,58,46,33,4,141,0,0,24,9,33,58,46,57,13,174,24,0,24,198
11/10/2013,TUL,OK,ASW,CE,Combined TRACON& Tower with Radar,74,60,55,0,189,0,0,28,9,37,74,60,83,9,226,0,0,0,226
11/11/2013,TUL,OK,ASW,CE,Combined TRACON& Tower with Radar,78,61,47,0,186,0,2,12,0,14,78,63,59,0,200,0,0,0,200
11/12/2013,TUL,OK,ASW,CE,Combined TRACON& Tower with Radar,85,71,52,40,248,0,5,21,2,28,85,76,73,42,276,32,50,82,358
11/13/2013,TUL,OK,ASW,CE,Combined TRACON& Tower with Radar,89,62,56,42,249,0,0,25,10,35,89,62,81,52,284,0,0,0,284
11/14/2013,TUL,OK,ASW,CE,Combined TRACON& Tower with Radar,88,80,60,23,251,0,0,35,10,45,88,80,95,33,296,4,98,102,398
11/15/2013,TUL,OK,ASW,CE,Combined TRACON& Tower with Radar,85,72,54,38,249,0,1,17,2,20,85,73,71,40,269,0,65,65,334
11/16/2013,TUL,OK,ASW,CE,Combined TRACON& Tower with Radar,58,38,19,11,126,0,0,5,0,5,58,38,24,11,131,16,22,38,169
11/17/2013,TUL,OK,ASW,CE,Combined TRACON& Tower with Radar,78,56,33,28,195,0,0,24,1,25,78,56,57,29,220,4,14,18,238
11/18/2013,TUL,OK,ASW,CE,Combined TRACON& Tower with Radar,84,68,66,43,261,0,0,38,6,44,84,68,104,49,305,6,34,40,345
11/19/2013,TUL,OK,ASW,CE,Combined TRACON& Tower with Radar,81,65,69,52,267,0,2,29,8,39,81,67,98,60,306,8,16,24,330
11/20/2013,TUL,OK,ASW,CE,Combined TRACON& Tower with Radar,89,70,93,61,313,0,1,17,4,22,89,71,110,65,335,26,36,62,397
11/21/2013,TUL,OK,ASW,CE,Combined TRACON& Tower with Radar,87,66,53,6,212,0,0,2,2,4,87,66,55,8,216,0,0,0,216
11/22/2013,TUL,OK,ASW,CE,Combined TRACON& Tower with Radar,80,67,31,6,184,0,0,1,0,1,80,67,32,6,185,0,0,0,185
11/23/2013,TUL,OK,ASW,CE,Combined TRACON& Tower with Radar,67,40,30,29,166,0,0,18,1,19,67,40,48,30,185,8,66,74,259
11/24/2013,TUL,OK,ASW,CE,Combined TRACON& Tower with Radar,75,54,27,0,156,0,0,8,0,8,75,54,35,0,164,0,0,0,164
11/25/2013,TUL,OK,ASW,CE,Combined TRACON& Tower with Radar,74,55,27,17,173,0,0,3,3,6,74,55,30,20,179,0,44,44,223
11/26/2013,TUL,OK,ASW,CE,Combined TRACON& Tower with Radar,79,68,60,14,221,0,0,39,7,46,79,68,99,21,267,0,0,0,267
11/27/2013,TUL,OK,ASW,CE,Combined TRACON& Tower with Radar,86,76,31,8,201,0,0,30,0,30,86,76,61,8,231,0,0,0,231
11/28/2013,TUL,OK,ASW,CE,Combined TRACON& Tower with Radar,42,28,12,0,82,0,2,6,0,8,42,30,18,0,90,0,0,0,90
11/29/2013,TUL,OK,ASW,CE,Combined TRACON& Tower with Radar,67,43,17,0,127,0,1,12,0,13,67,44,29,0,140,0,0,0,140
11/30/2013,TUL,OK,ASW,CE,Combined TRACON& Tower with Radar,75,61,27,0,163,0,0,17,0,17,75,61,44,0,180,0,0,0,180
12/01/2013,TUL,OK,ASW,CE,Combined TRACON& Tower with Radar,77,58,45,0,180,0,0,0,0,0,77,58,45,0,180,0,0,0,180
12/02/2013,TUL,OK,ASW,CE,Combined TRACON& Tower with Radar,85,74,59,22,240,0,1,19,0,20,85,75,78,22,260,10,0,10,270
12/03/2013,TUL,OK,ASW,CE,Combined TRACON& Tower with Radar,92,61,55,36,244,0,0,9,3,12,92,61,64,39,256,0,26,26,282
12/04/2013,TUL,OK,ASW,CE,Combined TRACON& Tower with Radar,83,67,72,41,263,0,0,3,7,10,83,67,75,48,273,0,16,16,289
12/05/2013,TUL,OK,ASW,CE,Combined TRACON& Tower with Radar,72,55,21,0,148,0,0,1,0,1,72,55,22,0,149,0,0,0,149
12/06/2013,TUL,OK,ASW,CE,Combined TRACON& Tower with Radar,66,50,20,2,138,0,0,2,0,2,66,50,22,2,140,0,0,0,140
12/07/2013,TUL,OK,ASW,CE,Combined TRACON& Tower with Radar,45,41,24,11,121,0,0,4,0,4,45,41,28,11,125,0,0,0,125
12/08/2013,TUL,OK,ASW,CE,Combined TRACON& Tower with Radar,51,52,27,0,130,0,0,1,0,1,51,52,28,0,131,0,0,0,131
12/09/2013,TUL,OK,ASW,CE,Combined TRACON& Tower with Radar,66,80,50,14,210,0,0,16,4,20,66,80,66,18,230,0,0,0,230
12/10/2013,TUL,OK,ASW,CE,Combined TRACON& Tower with Radar,84,78,57,17,236,0,4,30,8,42,84,82,87,25,278,64,76,140,418
12/11/2013,TUL,OK,ASW,CE,Combined TRACON& Tower with Radar,90,67,48,53,258,0,0,52,10,62,90,67,100,63,320,56,108,164,484
12/12/2013,TUL,OK,ASW,CE,Combined TRACON& Tower with Radar,83,69,63,36,251,0,2,38,7,47,83,71,101,43,298,16,0,16,314
12/13/2013,TUL,OK,ASW,CE,Combined TRACON& Tower with Radar,85,78,50,18,231,0,0,6,0,6,85,78,56,18,237,0,0,0,237
12/14/2013,TUL,OK,ASW,CE,Combined TRACON& Tower with Radar,57,39,24,0,120,0,0,4,0,4,57,39,28,0,124,8,0,8,132
12/15/2013,TUL,OK,ASW,CE,Combined TRACON& Tower with Radar,74,46,32,17,169,0,0,29,2,31,74,46,61,19,200,0,0,0,200
12/16/2013,TUL,OK,ASW,CE,Combined TRACON& Tower with Radar,75,67,37,54,233,0,0,26,12,38,75,67,63,66,271,6,108,114,385
12/17/2013,TUL,OK,ASW,CE,Combined TRACON& Tower with Radar,85,64,69,50,268,0,0,47,4,51,85,64,116,54,319,0,30,30,349
12/18/2013,TUL,OK,ASW,CE,Combined TRACON& Tower with Radar,84,63,59,51,257,0,0,39,7,46,84,63,98,58,303,46,86,132,435
12/19/2013,TUL,OK,ASW,CE,Combined TRACON& Tower with Radar,89,77,71,29,266,0,1,10,2,13,89,78,81,31,279,20,26,46,325
12/20/2013,TUL,OK,ASW,CE,Combined TRACON& Tower with Radar,85,69,45,49,248,0,0,2,0,2,85,69,47,49,250,0,0,0,250
12/21/2013,TUL,OK,ASW,CE,Combined TRACON& Tower with Radar,60,37,6,0,103,0,0,0,0,0,60,37,6,0,103,0,0,0,103
12/22/2013,TUL,OK,ASW,CE,Combined TRACON& Tower with Radar,77,52,19,0,148,0,0,0,0,0,77,52,19,0,148,0,0,0,148
12/23/2013,TUL,OK,ASW,CE,Combined TRACON& Tower with Radar,84,60,22,4,170,0,0,5,0,5,84,60,27,4,175,66,0,66,241
12/24/2013,TUL,OK,ASW,CE,Combined TRACON& Tower with Radar,75,40,5,0,120,0,0,13,0,13,75,40,18,0,133,0,0,0,133
12/25/2013,TUL,OK,ASW,CE,Combined TRACON& Tower with Radar,54,35,4,0,93,0,0,2,0,2,54,35,6,0,95,0,0,0,95
12/26/2013,TUL,OK,ASW,CE,Combined TRACON& Tower with Radar,82,79,30,2,193,0,1,18,1,20,82,80,48,3,213,4,4,8,221
12/27/2013,TUL,OK,ASW,CE,Combined TRACON& Tower with Radar,87,74,34,4,199,0,1,39,0,40,87,75,73,4,239,0,0,0,239
12/28/2013,TUL,OK,ASW,CE,Combined TRACON& Tower with Radar,74,58,30,0,162,0,1,27,0,28,74,59,57,0,190,0,0,0,190
12/29/2013,TUL,OK,ASW,CE,Combined TRACON& Tower with Radar,69,48,19,0,136,0,2,2,0,4,69,50,21,0,140,0,0,0,140
12/30/2013,TUL,OK,ASW,CE,Combined TRACON& Tower with Radar,85,58,32,19,194,0,0,24,0,24,85,58,56,19,218,0,8,8,226
12/31/2013,TUL,OK,ASW,CE,Combined TRACON& Tower with Radar,60,43,27,9,139,0,0,27,5,32,60,43,54,14,171,10,0,10,181
01/01/2014,TUL,OK,ASW,CE,Combined TRACON& Tower with Radar,59,37,28,0,124,0,1,19,0,20,59,38,47,0,144,4,0,4,148
01/02/2014,TUL,OK,ASW,CE,Combined TRACON& Tower with Radar,81,54,43,14,192,0,0,19,1,20,81,54,62,15,212,8,12,20,232
01/03/2014,TUL,OK,ASW,CE,Combined TRACON& Tower with Radar,91,56,54,47,248,0,2,23,9,34,91,58,77,56,282,12,64,76,358
01/04/2014,TUL,OK,ASW,CE,Combined TRACON& Tower with Radar,65,50,31,11,157,0,0,9,1,10,65,50,40,12,167,0,0,0,167
01/05/2014,TUL,OK,ASW,CE,Combined TRACON& Tower with Radar,72,38,29,0,139,0,0,1,0,1,72,38,30,0,140,0,0,0,140
01/06/2014,TUL,OK,ASW,CE,Combined TRACON& Tower with Radar,75,32,22,31,160,0,2,21,2,25,75,34,43,33,185,0,44,44,229
01/07/2014,TUL,OK,ASW,CE,Combined TRACON& Tower with Radar,76,56,46,37,215,0,2,20,6,28,76,58,66,43,243,0,16,16,259
01/08/2014,TUL,OK,ASW,CE,Combined TRACON& Tower with Radar,80,65,50,23,218,0,0,10,0,10,80,65,60,23,228,0,0,0,228
01/09/2014,TUL,OK,ASW,CE,Combined TRACON& Tower with Radar,73,70,28,6,177,0,0,0,0,0,73,70,28,6,177,0,0,0,177
01/10/2014,TUL,OK,ASW,CE,Combined TRACON& Tower with Radar,87,68,45,16,216,0,0,8,7,15,87,68,53,23,231,0,30,30,261
01/11/2014,TUL,OK,ASW,CE,Combined TRACON& Tower with Radar,49,40,32,42,163,0,0,45,9,54,49,40,77,51,217,4,38,42,259
01/12/2014,TUL,OK,ASW,CE,Combined TRACON& Tower with Radar,73,50,32,18,173,0,0,24,1,25,73,50,56,19,198,0,6,6,204
01/13/2014,TUL,OK,ASW,CE,Combined TRACON& Tower with Radar,76,66,61,81,284,0,0,31,0,31,76,66,92,81,315,4,12,16,331
01/14/2014,TUL,OK,ASW,CE,Combined TRACON& Tower with Radar,81,68,48,95,292,0,0,18,2,20,81,68,66,97,312,0,44,44,356
01/15/2014,TUL,OK,ASW,CE,Combined TRACON& Tower with Radar,83,67,52,61,263,0,0,40,10,50,83,67,92,71,313,24,106,130,443
01/16/2014,TUL,OK,ASW,CE,Combined TRACON& Tower with Radar,76,84,55,67,282,0,0,22,9,31,76,84,77,76,313,0,26,26,339
01/17/2014,TUL,OK,ASW,CE,Combined TRACON& Tower with Radar,79,62,39,76,256,0,0,31,5,36,79,62,70,81,292,0,130,130,422
01/18/2014,TUL,OK,ASW,CE,Combined TRACON& Tower with Radar,51,42,33,0,126,0,0,25,0,25,51,42,58,0,151,26,0,26,177
01/19/2014,TUL,OK,ASW,CE,Combined TRACON& Tower with Radar,73,52,26,16,167,0,0,21,0,21,73,52,47,16,188,10,4,14,202
01/20/2014,TUL,OK,ASW,CE,Combined TRACON& Tower with Radar,75,69,45,10,199,0,2,19,0,21,75,71,64,10,220,0,0,0,220
01/21/2014,TUL,OK,ASW,CE,Combined TRACON& Tower with Radar,85,56,72,21,234,0,1,23,3,27,85,57,95,24,261,14,0,14,275
01/22/2014,TUL,OK,ASW,CE,Combined TRACON& Tower with Radar,84,61,60,24,229,0,0,25,2,27,84,61,85,26,256,0,10,10,266
01/23/2014,TUL,OK,ASW,CE,Combined TRACON& Tower with Radar,78,72,55,10,215,0,2,14,0,16,78,74,69,10,231,0,0,0,231
01/24/2014,TUL,OK,ASW,CE,Combined TRACON& Tower with Radar,77,63,40,19,199,0,3,25,1,29,77,66,65,20,228,14,4,18,246
01/25/2014,TUL,OK,ASW,CE,Combined TRACON& Tower with Radar,48,43,21,3,115,0,0,25,0,25,48,43,46,3,140,79,0,79,219
01/26/2014,TUL,OK,ASW,CE,Combined TRACON& Tower with Radar,67,52,23,5,147,1,0,24,1,26,68,52,47,6,173,0,0,0,173
01/27/2014,TUL,OK,ASW,CE,Combined TRACON& Tower with Radar,72,59,44,5,180,0,1,22,2,25,72,60,66,7,205,0,0,0,205
01/28/2014,TUL,OK,ASW,CE,Combined TRACON& Tower with Radar,75,45,56,14,190,0,1,27,7,35,75,46,83,21,225,0,0,0,225
01/29/2014,TUL,OK,ASW,CE,Combined TRACON& Tower with Radar,66,58,54,6,184,0,0,32,5,37,66,58,86,11,221,0,0,0,221
01/30/2014,TUL,OK,ASW,CE,Combined TRACON& Tower with Radar,71,69,51,10,201,0,1,22,8,31,71,70,73,18,232,0,0,0,232
01/31/2014,TUL,OK,ASW,CE,Combined TRACON& Tower with Radar,84,68,47,0,199,0,1,1,0,2,84,69,48,0,201,38,0,38,239
02/01/2014,TUL,OK,ASW,CE,Combined TRACON& Tower with Radar,44,42,16,9,111,0,0,0,0,0,44,42,16,9,111,0,0,0,111
02/02/2014,TUL,OK,ASW,CE,Combined TRACON& Tower with Radar,55,31,7,0,93,0,0,0,0,0,55,31,7,0,93,0,0,0,93
02/03/2014,TUL,OK,ASW,CE,Combined TRACON& Tower with Radar,75,72,41,13,201,0,0,11,2,13,75,72,52,15,214,0,0,0,214
02/04/2014,TUL,OK,ASW,CE,Combined TRACON& Tower with Radar,79,54,27,0,160,0,0,0,0,0,79,54,27,0,160,0,0,0,160
02/05/2014,TUL,OK,ASW,CE,Combined TRACON& Tower with Radar,81,58,49,2,190,0,0,8,6,14,81,58,57,8,204,0,0,0,204
02/06/2014,TUL,OK,ASW,CE,Combined TRACON& Tower with Radar,73,70,45,8,196,0,0,0,8,8,73,70,45,16,204,0,28,28,232
02/07/2014,TUL,OK,ASW,CE,Combined TRACON& Tower with Radar,76,71,39,6,192,0,0,7,0,7,76,71,46,6,199,0,0,0,199
02/08/2014,TUL,OK,ASW,CE,Combined TRACON& Tower with Radar,51,41,25,6,123,0,0,0,0,0,51,41,25,6,123,0,0,0,123
02/09/2014,TUL,OK,ASW,CE,Combined TRACON& Tower with Radar,77,55,24,8,164,0,0,0,0,0,77,55,24,8,164,0,0,0,164
02/10/2014,TUL,OK,ASW,CE,Combined TRACON& Tower with Radar,66,74,34,32,206,0,0,3,4,7,66,74,37,36,213,6,72,78,291
02/11/2014,TUL,OK,ASW,CE,Combined TRACON& Tower with Radar,73,67,48,9,197,0,0,14,6,20,73,67,62,15,217,0,42,42,259
02/12/2014,TUL,OK,ASW,CE,Combined TRACON& Tower with Radar,69,73,55,41,238,0,2,27,8,37,69,75,82,49,275,0,16,16,291
02/13/2014,TUL,OK,ASW,CE,Combined TRACON& Tower with Radar,75,74,65,33,247,0,1,38,7,46,75,75,103,40,293,30,88,118,411
02/14/2014,TUL,OK,ASW,CE,Combined TRACON& Tower with Radar,87,63,38,15,203,0,2,30,1,33,87,65,68,16,236,0,0,0,236
02/15/2014,TUL,OK,ASW,CE,Combined TRACON& Tower with Radar,56,47,19,0,122,0,0,24,0,24,56,47,43,0,146,0,0,0,146
02/16/2014,TUL,OK,ASW,CE,Combined TRACON& Tower with Radar,64,55,31,3,153,0,0,37,5,42,64,55,68,8,195,0,0,0,195
02/17/2014,TUL,OK,ASW,CE,Combined TRACON& Tower with Radar,81,73,47,2,203,0,2,15,0,17,81,75,62,2,220,30,0,30,250
02/18/2014,TUL,OK,ASW,CE,Combined TRACON& Tower with Radar,80,71,55,17,223,0,0,49,4,53,80,71,104,21,276,0,46,46,322
02/19/2014,TUL,OK,ASW,CE,Combined TRACON& Tower with Radar,75,66,67,31,239,0,0,19,2,21,75,66,86,33,260,12,48,60,320
02/20/2014,TUL,OK,ASW,CE,Combined TRACON& Tower with Radar,80,69,67,16,232,0,0,13,10,23,80,69,80,26,255,0,0,0,255
02/21/2014,TUL,OK,ASW,CE,Combined TRACON& Tower with Radar,81,67,30,12,190,0,1,36,0,37,81,68,66,12,227,0,0,0,227
02/22/2014,TUL,OK,ASW,CE,Combined TRACON& Tower with Radar,57,39,27,0,123,0,0,32,0,32,57,39,59,0,155,4,0,4,159
02/23/2014,TUL,OK,ASW,CE,Combined TRACON& Tower with Radar,68,59,25,7,159,0,4,20,2,26,68,63,45,9,185,0,0,0,185
02/24/2014,TUL,OK,ASW,CE,Combined TRACON& Tower with Radar,78,66,33,4,181,0,0,20,9,29,78,66,53,13,210,0,0,0,210
02/25/2014,TUL,OK,ASW,CE,Combined TRACON& Tower with Radar,75,68,57,54,254,0,0,19,5,24,75,68,76,59,278,0,0,0,278
02/26/2014,TUL,OK,ASW,CE,Combined TRACON& Tower with Radar,77,67,69,25,238,0,1,39,7,47,77,68,108,32,285,0,0,0,285
02/27/2014,TUL,OK,ASW,CE,Combined TRACON& Tower with Radar,78,77,66,36,257,0,0,32,8,40,78,77,98,44,297,74,96,170,467
02/28/2014,TUL,OK,ASW,CE,Combined TRACON& Tower with Radar,81,74,46,7,208,0,0,8,0,8,81,74,54,7,216,0,0,0,216
03/01/2014,TUL,OK,ASW,CE,Combined TRACON& Tower with Radar,57,40,43,2,142,0,0,2,0,2,57,40,45,2,144,0,0,0,144
03/02/2014,TUL,OK,ASW,CE,Combined TRACON& Tower with Radar,63,28,13,0,104,0,0,0,0,0,63,28,13,0,104,0,0,0,104
03/03/2014,TUL,OK,ASW,CE,Combined TRACON& Tower with Radar,83,60,28,0,171,0,0,6,0,6,83,60,34,0,177,0,0,0,177
03/04/2014,TUL,OK,ASW,CE,Combined TRACON& Tower with Radar,77,65,62,1,205,0,0,26,1,27,77,65,88,2,232,22,10,32,264
03/05/2014,TUL,OK,ASW,CE,Combined TRACON& Tower with Radar,77,63,85,17,242,0,1,13,3,17,77,64,98,20,259,18,0,18,277
03/06/2014,TUL,OK,ASW,CE,Combined TRACON& Tower with Radar,80,90,66,24,260,0,0,15,4,19,80,90,81,28,279,0,0,0,279
03/07/2014,TUL,OK,ASW,CE,Combined TRACON& Tower with Radar,82,58,59,24,223,0,0,16,0,16,82,58,75,24,239,38,72,110,349
03/08/2014,TUL,OK,ASW,CE,Combined TRACON& Tower with Radar,54,51,22,0,127,0,0,1,0,1,54,51,23,0,128,0,0,0,128
03/09/2014,TUL,OK,ASW,CE,Combined TRACON& Tower with Radar,73,46,35,5,159,0,2,41,6,49,73,48,76,11,208,0,16,16,224
03/10/2014,TUL,OK,ASW,CE,Combined TRACON& Tower with Radar,77,69,36,0,182,0,0,31,0,31,77,69,67,0,213,0,0,0,213
03/11/2014,TUL,OK,ASW,CE,Combined TRACON& Tower with Radar,85,62,56,26,229,0,1,19,0,20,85,63,75,26,249,0,0,0,249
03/12/2014,TUL,OK,ASW,CE,Combined TRACON& Tower with Radar,79,69,39,18,205,0,0,14,1,15,79,69,53,19,220,0,0,0,220
03/13/2014,TUL,OK,ASW,CE,Combined TRACON& Tower with Radar,80,68,41,18,207,0,0,41,4,45,80,68,82,22,252,0,0,0,252
03/14/2014,TUL,OK,ASW,CE,Combined TRACON& Tower with Radar,82,78,48,30,238,0,0,32,4,36,82,78,80,34,274,0,0,0,274
03/15/2014,TUL,OK,ASW,CE,Combined TRACON& Tower with Radar,60,49,34,0,143,0,0,11,0,11,60,49,45,0,154,0,0,0,154
03/16/2014,TUL,OK,ASW,CE,Combined TRACON& Tower with Radar,67,53,13,0,133,0,0,3,0,3,67,53,16,0,136,0,0,0,136
03/17/2014,TUL,OK,ASW,CE,Combined TRACON& Tower with Radar,73,67,29,19,188,0,0,26,11,37,73,67,55,30,225,0,0,0,225
03/18/2014,TUL,OK,ASW,CE,Combined TRACON& Tower with Radar,81,69,45,14,209,0,0,7,9,16,81,69,52,23,225,0,0,0,225
03/19/2014,TUL,OK,ASW,CE,Combined TRACON& Tower with Radar,78,76,51,12,217,0,0,29,2,31,78,76,80,14,248,12,44,56,304
03/20/2014,TUL,OK,ASW,CE,Combined TRACON& Tower with Radar,78,78,59,14,229,0,1,21,6,28,78,79,80,20,257,0,0,0,257
03/21/2014,TUL,OK,ASW,CE,Combined TRACON& Tower with Radar,80,76,48,36,240,0,0,21,1,22,80,76,69,37,262,0,0,0,262
03/22/2014,TUL,OK,ASW,CE,Combined TRACON& Tower with Radar,61,59,22,1,143,0,1,14,0,15,61,60,36,1,158,0,0,0,158
03/23/2014,TUL,OK,ASW,CE,Combined TRACON& Tower with Radar,68,61,36,10,175,0,2,20,0,22,68,63,56,10,197,0,0,0,197
03/24/2014,TUL,OK,ASW,CE,Combined TRACON& Tower with Radar,78,70,50,19,217,0,1,29,2,32,78,71,79,21,249,0,0,0,249
03/25/2014,TUL,OK,ASW,CE,Combined TRACON& Tower with Radar,78,82,57,12,229,0,0,19,3,22,78,82,76,15,251,0,0,0,251
03/26/2014,TUL,OK,ASW,CE,Combined TRACON& Tower with Radar,78,68,66,5,217,0,1,10,1,12,78,69,76,6,229,0,0,0,229
03/27/2014,TUL,OK,ASW,CE,Combined TRACON& Tower with Radar,75,74,32,5,186,0,0,6,8,14,75,74,38,13,200,0,0,0,200
03/28/2014,TUL,OK,ASW,CE,Combined TRACON& Tower with Radar,80,67,51,13,211,0,0,18,1,19,80,67,69,14,230,0,0,0,230
03/29/2014,TUL,OK,ASW,CE,Combined TRACON& Tower with Radar,59,54,34,0,147,0,4,42,0,46,59,58,76,0,193,0,0,0,193
03/30/2014,TUL,OK,ASW,CE,Combined TRACON& Tower with Radar,66,50,28,8,152,0,0,14,2,16,66,50,42,10,168,0,0,0,168
03/31/2014,TUL,OK,ASW,CE,Combined TRACON& Tower with Radar,76,68,46,6,196,0,0,18,6,24,76,68,64,12,220,0,0,0,220
04/01/2014,TUL,OK,ASW,CE,Combined TRACON& Tower with Radar,77,65,54,18,214,0,0,15,12,27,77,65,69,30,241,0,0,0,241
04/02/2014,TUL,OK,ASW,CE,Combined TRACON& Tower with Radar,77,71,40,2,190,0,0,9,2,11,77,71,49,4,201,0,0,0,201
04/03/2014,TUL,OK,ASW,CE,Combined TRACON& Tower with Radar,87,57,74,10,228,0,0,7,5,12,87,57,81,15,240,0,0,0,240
04/04/2014,TUL,OK,ASW,CE,Combined TRACON& Tower with Radar,85,58,52,11,206,0,0,33,5,38,85,58,85,16,244,0,0,0,244
04/05/2014,TUL,OK,ASW,CE,Combined TRACON& Tower with Radar,54,44,23,0,121,0,0,27,2,29,54,44,50,2,150,0,0,0,150
04/06/2014,TUL,OK,ASW,CE,Combined TRACON& Tower with Radar,71,58,28,4,161,0,0,4,2,6,71,58,32,6,167,0,0,0,167
04/07/2014,TUL,OK,ASW,CE,Combined TRACON& Tower with Radar,77,59,53,4,193,0,0,14,2,16,77,59,67,6,209,0,0,0,209
04/08/2014,TUL,OK,ASW,CE,Combined TRACON& Tower with Radar,74,66,47,24,211,0,0,22,2,24,74,66,69,26,235,0,0,0,235
04/09/2014,TUL,OK,ASW,CE,Combined TRACON& Tower with Radar,76,57,65,20,218,0,0,30,5,35,76,57,95,25,253,0,0,0,253
04/10/2014,TUL,OK,ASW,CE,Combined TRACON& Tower with Radar,80,70,61,10,221,0,0,32,2,34,80,70,93,12,255,0,0,0,255
04/11/2014,TUL,OK,ASW,CE,Combined TRACON& Tower with Radar,82,67,60,5,214,0,0,26,2,28,82,67,86,7,242,0,0,0,242
04/12/2014,TUL,OK,ASW,CE,Combined TRACON& Tower with Radar,55,50,44,0,149,0,0,3,0,3,55,50,47,0,152,0,0,0,152
04/13/2014,TUL,OK,ASW,CE,Combined TRACON& Tower with Radar,68,50,27,0,145,0,0,0,0,0,68,50,27,0,145,0,0,0,145
04/14/2014,TUL,OK,ASW,CE,Combined TRACON& Tower with Radar,78,60,34,6,178,0,0,1,5,6,78,60,35,11,184,0,0,0,184
04/15/2014,TUL,OK,ASW,CE,Combined TRACON& Tower with Radar,83,52,49,19,203,0,0,23,18,41,83,52,72,37,244,0,0,0,244
04/16/2014,TUL,OK,ASW,CE,Combined TRACON& Tower with Radar,79,65,43,13,200,0,0,28,11,39,79,65,71,24,239,0,0,0,239
04/17/2014,TUL,OK,ASW,CE,Combined TRACON& Tower with Radar,82,66,55,16,219,0,1,21,13,35,82,67,76,29,254,0,0,0,254
04/18/2014,TUL,OK,ASW,CE,Combined TRACON& Tower with Radar,81,65,35,2,183,0,0,35,0,35,81,65,70,2,218,0,0,0,218
04/19/2014,TUL,OK,ASW,CE,Combined TRACON& Tower with Radar,56,42,27,0,125,0,1,50,0,51,56,43,77,0,176,0,0,0,176
04/20/2014,TUL,OK,ASW,CE,Combined TRACON& Tower with Radar,64,57,15,2,138,0,2,13,0,15,64,59,28,2,153,0,0,0,153
04/21/2014,TUL,OK,ASW,CE,Combined TRACON& Tower with Radar,81,70,62,8,221,0,0,1,2,3,81,70,63,10,224,0,0,0,224
04/22/2014,TUL,OK,ASW,CE,Combined TRACON& Tower with Radar,75,66,59,3,203,0,0,62,8,70,75,66,121,11,273,0,0,0,273
04/23/2014,TUL,OK,ASW,CE,Combined TRACON& Tower with Radar,74,63,42,17,196,0,0,20,11,31,74,63,62,28,227,0,0,0,227
04/24/2014,TUL,OK,ASW,CE,Combined TRACON& Tower with Radar,76,70,45,6,197,0,2,10,7,19,76,72,55,13,216,0,0,0,216
04/25/2014,TUL,OK,ASW,CE,Combined TRACON& Tower with Radar,78,71,53,15,217,0,1,39,0,40,78,72,92,15,257,0,0,0,257
04/26/2014,TUL,OK,ASW,CE,Combined TRACON& Tower with Radar,59,48,28,0,135,0,0,40,4,44,59,48,68,4,179,0,0,0,179
04/27/2014,TUL,OK,ASW,CE,Combined TRACON& Tower with Radar,66,52,25,0,143,0,2,3,1,6,66,54,28,1,149,0,0,0,149
04/28/2014,TUL,OK,ASW,CE,Combined TRACON& Tower with Radar,82,66,61,2,211,0,3,27,7,37,82,69,88,9,248,0,0,0,248
04/29/2014,TUL,OK,ASW,CE,Combined TRACON& Tower with Radar,74,69,52,27,222,0,1,7,3,11,74,70,59,30,233,8,0,8,241
04/30/2014,TUL,OK,ASW,CE,Combined TRACON& Tower with Radar,79,75,54,28,236,0,2,27,21,50,79,77,81,49,286,0,0,0,286
05/01/2014,TUL,OK,ASW,CE,Combined TRACON& Tower with Radar,79,80,92,14,265,0,3,28,7,38,79,83,120,21,303,10,28,38,341
05/02/2014,TUL,OK,ASW,CE,Combined TRACON& Tower with Radar,81,68,51,18,218,0,2,45,2,49,81,70,96,20,267,0,0,0,267
05/03/2014,TUL,OK,ASW,CE,Combined TRACON& Tower with Radar,53,41,18,3,115,0,4,32,4,40,53,45,50,7,155,0,0,0,155
05/04/2014,TUL,OK,ASW,CE,Combined TRACON& Tower with Radar,68,62,34,13,177,0,3,11,6,20,68,65,45,19,197,0,0,0,197
05/05/2014,TUL,OK,ASW,CE,Combined TRACON& Tower with Radar,80,82,42,1,205,0,1,34,7,42,80,83,76,8,247,0,0,0,247
05/06/2014,TUL,OK,ASW,CE,Combined TRACON& Tower with Radar,82,75,44,30,231,0,2,30,12,44,82,77,74,42,275,0,0,0,275
05/07/2014,TUL,OK,ASW,CE,Combined TRACON& Tower with Radar,81,69,62,21,233,0,0,23,7,30,81,69,85,28,263,0,0,0,263
05/08/2014,TUL,OK,ASW,CE,Combined TRACON& Tower with Radar,79,78,42,0,199,0,0,10,2,12,79,78,52,2,211,0,0,0,211
05/09/2014,TUL,OK,ASW,CE,Combined TRACON& Tower with Radar,85,84,61,9,239,0,0,24,0,24,85,84,85,9,263,0,0,0,263
05/10/2014,TUL,OK,ASW,CE,Combined TRACON& Tower with Radar,60,59,24,2,145,0,0,17,0,17,60,59,41,2,162,0,0,0,162
05/11/2014,TUL,OK,ASW,CE,Combined TRACON& Tower with Radar,73,56,19,2,150,0,0,5,0,5,73,56,24,2,155,0,0,0,155
05/12/2014,TUL,OK,ASW,CE,Combined TRACON& Tower with Radar,67,60,50,8,185,0,0,3,0,3,67,60,53,8,188,0,0,0,188
05/13/2014,TUL,OK,ASW,CE,Combined TRACON& Tower with Radar,85,63,69,34,251,0,0,26,4,30,85,63,95,38,281,0,0,0,281
05/14/2014,TUL,OK,ASW,CE,Combined TRACON& Tower with Radar,83,78,79,30,270,0,1,32,7,40,83,79,111,37,310,10,32,42,352
05/15/2014,TUL,OK,ASW,CE,Combined TRACON& Tower with Radar,78,77,76,33,264,0,3,33,6,42,78,80,109,39,306,0,20,20,326
05/16/2014,TUL,OK,ASW,CE,Combined TRACON& Tower with Radar,82,77,46,30,235,0,2,37,1,40,82,79,83,31,275,0,0,0,275
05/17/2014,TUL,OK,ASW,CE,Combined TRACON& Tower with Radar,55,44,33,3,135,0,0,20,0,20,55,44,53,3,155,0,0,0,155
05/18/2014,TUL,OK,ASW,CE,Combined TRACON& Tower with Radar,71,66,47,0,184,0,5,15,0,20,71,71,62,0,204,0,0,0,204
05/19/2014,TUL,OK,ASW,CE,Combined TRACON& Tower with Radar,85,64,30,81,260,0,0,13,0,13,85,64,43,81,273,0,30,30,303
05/20/2014,TUL,OK,ASW,CE,Combined TRACON& Tower with Radar,83,76,61,62,282,0,0,36,5,41,83,76,97,67,323,32,82,114,437
05/21/2014,TUL,OK,ASW,CE,Combined TRACON& Tower with Radar,75,82,47,73,277,0,0,30,14,44,75,82,77,87,321,0,0,0,321
05/22/2014,TUL,OK,ASW,CE,Combined TRACON& Tower with Radar,77,91,74,27,269,0,3,35,6,44,77,94,109,33,313,18,80,98,411
05/23/2014,TUL,OK,ASW,CE,Combined TRACON& Tower with Radar,83,70,41,2,196,0,0,27,1,28,83,70,68,3,224,0,0,0,224
05/24/2014,TUL,OK,ASW,CE,Combined TRACON& Tower with Radar,55,50,20,0,125,0,0,11,0,11,55,50,31,0,136,0,0,0,136
05/25/2014,TUL,OK,ASW,CE,Combined TRACON& Tower with Radar,60,38,16,0,114,0,0,2,0,2,60,38,18,0,116,0,0,0,116
05/26/2014,TUL,OK,ASW,CE,Combined TRACON& Tower with Radar,64,53,12,0,129,0,0,6,0,6,64,53,18,0,135,0,0,0,135
05/27/2014,TUL,OK,ASW,CE,Combined TRACON& Tower with Radar,79,74,26,18,197,0,1,0,2,3,79,75,26,20,200,0,0,0,200
05/28/2014,TUL,OK,ASW,CE,Combined TRACON& Tower with Radar,79,79,54,25,237,0,1,23,4,28,79,80,77,29,265,4,6,10,275
05/29/2014,TUL,OK,ASW,CE,Combined TRACON& Tower with Radar,79,73,56,30,238,0,0,39,6,45,79,73,95,36,283,6,38,44,327
05/30/2014,TUL,OK,ASW,CE,Combined TRACON& Tower with Radar,82,68,37,11,198,0,1,16,0,17,82,69,53,11,215,10,0,10,225
05/31/2014,TUL,OK,ASW,CE,Combined TRACON& Tower with Radar,56,44,17,0,117,0,1,10,0,11,56,45,27,0,128,8,0,8,136
06/01/2014,TUL,OK,ASW,CE,Combined TRACON& Tower with Radar,70,52,42,25,189,0,0,17,0,17,70,52,59,25,206,0,0,0,206
06/02/2014,TUL,OK,ASW,CE,Combined TRACON& Tower with Radar,78,67,46,57,248,0,0,13,0,13,78,67,59,57,261,0,0,0,261
06/03/2014,TUL,OK,ASW,CE,Combined TRACON& Tower with Radar,82,69,57,45,253,0,0,39,1,40,82,69,96,46,293,0,0,0,293
06/04/2014,TUL,OK,ASW,CE,Combined TRACON& Tower with Radar,80,73,70,58,281,0,0,39,3,42,80,73,109,61,323,0,0,0,323
06/05/2014,TUL,OK,ASW,CE,Combined TRACON& Tower with Radar,80,70,58,18,226,0,0,17,2,19,80,70,75,20,245,4,8,12,257
06/06/2014,TUL,OK,ASW,CE,Combined TRACON& Tower with Radar,84,87,33,1,205,0,0,24,2,26,84,87,57,3,231,10,0,10,241
06/07/2014,TUL,OK,ASW,CE,Combined TRACON& Tower with Radar,61,52,29,0,142,0,1,22,3,26,61,53,51,3,168,0,0,0,168
06/08/2014,TUL,OK,ASW,CE,Combined TRACON& Tower with Radar,78,72,37,0,187,0,0,3,0,3,78,72,40,0,190,0,0,0,190
06/09/2014,TUL,OK,ASW,CE,Combined TRACON& Tower with Radar,83,62,45,26,216,0,2,28,24,54,83,64,73,50,270,18,38,56,326
06/10/2014,TUL,OK,ASW,CE,Combined TRACON& Tower with Radar,85,80,69,36,270,0,1,19,3,23,85,81,88,39,293,30,0,30,323
06/11/2014,TUL,OK,ASW,CE,Combined TRACON& Tower with Radar,101,70,69,27,267,0,5,37,1,43,101,75,106,28,310,40,54,94,404
06/12/2014,TUL,OK,ASW,CE,Combined TRACON& Tower with Radar,93,73,69,53,288,4,0,24,0,28,97,73,93,53,316,26,92,118,434
06/13/2014,TUL,OK,ASW,CE,Combined TRACON& Tower with Radar,88,70,47,53,258,0,5,47,4,56,88,75,94,57,314,8,30,38,352
06/14/2014,TUL,OK,ASW,CE,Combined TRACON& Tower with Radar,68,47,35,10,160,0,4,41,2,47,68,51,76,12,207,38,0,38,245
06/15/2014,TUL,OK,ASW,CE,Combined TRACON& Tower with Radar,70,60,31,19,180,0,0,8,0,8,70,60,39,19,188,0,0,0,188
06/16/2014,TUL,OK,ASW,CE,Combined TRACON& Tower with Radar,81,76,54,51,262,0,6,31,1,38,81,82,85,52,300,2,44,46,346
06/17/2014,TUL,OK,ASW,CE,Combined TRACON& Tower with Radar,81,77,60,56,274,0,1,18,6,25,81,78,78,62,299,0,62,62,361
06/18/2014,TUL,OK,ASW,CE,Combined TRACON& Tower with Radar,78,73,58,55,264,0,0,25,6,31,78,73,83,61,295,18,78,96,391
06/19/2014,TUL,OK,ASW,CE,Combined TRACON& Tower with Radar,89,70,45,13,217,0,1,13,4,18,89,71,58,17,235,72,82,154,389
06/20/2014,TUL,OK,ASW,CE,Combined TRACON& Tower with Radar,85,70,38,5,198,0,3,49,4,56,85,73,87,9,254,0,0,0,254
06/21/2014,TUL,OK,ASW,CE,Combined TRACON& Tower with Radar,62,47,36,18,163,0,1,39,2,42,62,48,75,20,205,42,12,54,259
06/22/2014,TUL,OK,ASW,CE,Combined TRACON& Tower with Radar,75,64,27,0,166,0,0,14,0,14,75,64,41,0,180,0,0,0,180
06/23/2014,TUL,OK,ASW,CE,Combined TRACON& Tower with Radar,82,68,40,23,213,0,0,4,2,6,82,68,44,25,219,0,0,0,219
06/24/2014,TUL,OK,ASW,CE,Combined TRACON& Tower with Radar,92,65,67,68,292,0,3,47,9,59,92,68,114,77,351,0,66,66,417
06/25/2014,TUL,OK,ASW,CE,Combined TRACON& Tower with Radar,83,73,63,42,261,0,0,39,6,45,83,73,102,48,306,16,66,82,388
06/26/2014,TUL,OK,ASW,CE,Combined TRACON& Tower with Radar,85,88,64,54,291,0,1,26,4,31,85,89,90,58,322,14,48,62,384
06/27/2014,TUL,OK,ASW,CE,Combined TRACON& Tower with Radar,88,71,64,22,245,0,2,12,0,14,88,73,76,22,259,10,68,78,337
06/28/2014,TUL,OK,ASW,CE,Combined TRACON& Tower with Radar,68,58,19,0,145,0,1,6,0,7,68,59,25,0,152,0,0,0,152
06/29/2014,TUL,OK,ASW,CE,Combined TRACON& Tower with Radar,72,63,25,17,177,0,0,4,0,4,72,63,29,17,181,4,12,16,197
06/30/2014,TUL,OK,ASW,CE,Combined TRACON& Tower with Radar,81,70,50,53,254,0,0,21,13,34,81,70,71,66,288,0,0,0,288
07/01/2014,TUL,OK,ASW,CE,Combined TRACON& Tower with Radar,80,68,50,17,215,0,0,29,10,39,80,68,79,27,254,20,0,20,274
07/02/2014,TUL,OK,ASW,CE,Combined TRACON& Tower with Radar,87,83,42,15,227,0,1,36,1,38,87,84,78,16,265,44,90,134,399
07/03/2014,TUL,OK,ASW,CE,Combined TRACON& Tower with Radar,89,71,25,39,224,0,1,29,7,37,89,72,54,46,261,66,76,142,403
07/04/2014,TUL,OK,ASW,CE,Combined TRACON& Tower with Radar,45,28,12,1,86,0,0,38,0,38,45,28,50,1,124,24,6,30,154
07/05/2014,TUL,OK,ASW,CE,Combined TRACON& Tower with Radar,63,52,10,1,126,0,0,10,1,11,63,52,20,2,137,0,0,0,137
07/06/2014,TUL,OK,ASW,CE,Combined TRACON& Tower with Radar,80,61,39,1,181,0,4,24,0,28,80,65,63,1,209,0,0,0,209
07/07/2014,TUL,OK,ASW,CE,Combined TRACON& Tower with Radar,85,78,41,11,215,0,0,39,6,45,85,78,80,17,260,0,0,0,260
07/08/2014,TUL,OK,ASW,CE,Combined TRACON& Tower with Radar,87,72,47,41,247,0,2,29,13,44,87,74,76,54,291,20,38,58,349
07/09/2014,TUL,OK,ASW,CE,Combined TRACON& Tower with Radar,86,72,52,75,285,0,2,35,8,45,86,74,87,83,330,26,134,160,490
07/10/2014,TUL,OK,ASW,CE,Combined TRACON& Tower with Radar,88,73,56,46,263,0,0,14,6,20,88,73,70,52,283,22,70,92,375
07/11/2014,TUL,OK,ASW,CE,Combined TRACON& Tower with Radar,86,80,39,19,224,0,2,36,1,39,86,82,75,20,263,0,0,0,263
07/12/2014,TUL,OK,ASW,CE,Combined TRACON& Tower with Radar,61,47,23,10,141,0,2,26,16,44,61,49,49,26,185,18,0,18,203
07/13/2014,TUL,OK,ASW,CE,Combined TRACON& Tower with Radar,79,68,26,15,188,0,1,21,4,26,79,69,47,19,214,0,0,0,214
07/14/2014,TUL,OK,ASW,CE,Combined TRACON& Tower with Radar,99,67,41,20,227,0,3,18,14,35,99,70,59,34,262,0,10,10,272
07/15/2014,TUL,OK,ASW,CE,Combined TRACON& Tower with Radar,87,80,56,120,343,0,4,32,12,48,87,84,88,132,391,0,94,94,485
07/16/2014,TUL,OK,ASW,CE,Combined TRACON& Tower with Radar,84,86,54,30,254,0,2,31,8,41,84,88,85,38,295,54,74,128,423
07/17/2014,TUL,OK,ASW,CE,Combined TRACON& Tower with Radar,84,71,58,17,230,0,0,3,0,3,84,71,61,17,233,0,0,0,233
07/18/2014,TUL,OK,ASW,CE,Combined TRACON& Tower with Radar,88,82,59,41,270,0,2,21,1,24,88,84,80,42,294,42,70,112,406
07/19/2014,TUL,OK,ASW,CE,Combined TRACON& Tower with Radar,65,57,23,4,149,0,2,21,0,23,65,59,44,4,172,16,0,16,188
07/20/2014,TUL,OK,ASW,CE,Combined TRACON& Tower with Radar,84,57,32,15,188,0,3,21,1,25,84,60,53,16,213,0,0,0,213
07/21/2014,TUL,OK,ASW,CE,Combined TRACON& Tower with Radar,80,77,54,71,282,0,1,27,9,37,80,78,81,80,319,0,0,0,319
07/22/2014,TUL,OK,ASW,CE,Combined TRACON& Tower with Radar,83,77,66,45,271,0,0,33,5,38,83,77,99,50,309,8,72,80,389
07/23/2014,TUL,OK,ASW,CE,Combined TRACON& Tower with Radar,85,90,67,30,272,0,0,20,2,22,85,90,87,32,294,0,0,0,294
07/24/2014,TUL,OK,ASW,CE,Combined TRACON& Tower with Radar,87,88,61,77,313,0,0,36,8,44,87,88,97,85,357,12,68,80,437
07/25/2014,TUL,OK,ASW,CE,Combined TRACON& Tower with Radar,91,75,47,13,226,0,1,39,1,41,91,76,86,14,267,10,6,16,283
07/26/2014,TUL,OK,ASW,CE,Combined TRACON& Tower with Radar,63,63,33,0,159,0,0,28,0,28,63,63,61,0,187,26,0,26,213
07/27/2014,TUL,OK,ASW,CE,Combined TRACON& Tower with Radar,81,62,36,3,182,0,2,14,0,16,81,64,50,3,198,10,0,10,208
07/28/2014,TUL,OK,ASW,CE,Combined TRACON& Tower with Radar,84,70,42,45,241,0,0,32,15,47,84,70,74,60,288,0,0,0,288
07/29/2014,TUL,OK,ASW,CE,Combined TRACON& Tower with Radar,86,78,62,40,266,0,0,26,5,31,86,78,88,45,297,8,35,43,340
07/30/2014,TUL,OK,ASW,CE,Combined TRACON& Tower with Radar,87,76,43,43,249,0,1,7,1,9,87,77,50,44,258,0,34,34,292
07/31/2014,TUL,OK,ASW,CE,Combined TRACON& Tower with Radar,87,84,55,22,248,0,1,3,6,10,87,85,58,28,258,34,78,112,370
08/01/2014,TUL,OK,ASW,CE,Combined TRACON& Tower with Radar,84,76,51,48,259,0,4,23,0,27,84,80,74,48,286,24,88,112,398
08/02/2014,TUL,OK,ASW,CE,Combined TRACON& Tower with Radar,64,56,17,18,155,0,2,21,0,23,64,58,38,18,178,0,0,0,178
08/03/2014,TUL,OK,ASW,CE,Combined TRACON& Tower with Radar,82,56,49,2,189,0,0,20,0,20,82,56,69,2,209,0,0,0,209
08/04/2014,TUL,OK,ASW,CE,Combined TRACON& Tower with Radar,81,72,49,39,241,0,1,40,7,48,81,73,89,46,289,0,0,0,289
08/05/2014,TUL,OK,ASW,CE,Combined TRACON& Tower with Radar,86,80,35,27,228,0,0,43,6,49,86,80,78,33,277,0,0,0,277
08/06/2014,TUL,OK,ASW,CE,Combined TRACON& Tower with Radar,93,86,47,57,283,0,0,36,9,45,93,86,83,66,328,24,54,78,406
08/07/2014,TUL,OK,ASW,CE,Combined TRACON& Tower with Radar,88,85,61,33,267,0,0,24,13,37,88,85,85,46,304,0,0,0,304
08/08/2014,TUL,OK,ASW,CE,Combined TRACON& Tower with Radar,81,80,45,25,231,0,0,13,1,14,81,80,58,26,245,0,0,0,245
08/09/2014,TUL,OK,ASW,CE,Combined TRACON& Tower with Radar,57,60,20,4,141,0,1,13,6,20,57,61,33,10,161,0,0,0,161
08/10/2014,TUL,OK,ASW,CE,Combined TRACON& Tower with Radar,81,66,26,24,197,0,0,17,0,17,81,66,43,24,214,44,0,44,258
08/11/2014,TUL,OK,ASW,CE,Combined TRACON& Tower with Radar,81,67,46,42,236,0,0,27,9,36,81,67,73,51,272,0,0,0,272
08/12/2014,TUL,OK,ASW,CE,Combined TRACON& Tower with Radar,80,72,50,99,301,0,0,35,17,52,80,72,85,116,353,4,116,120,473
08/13/2014,TUL,OK,ASW,CE,Combined TRACON& Tower with Radar,86,79,52,34,251,0,1,39,17,57,86,80,91,51,308,32,23,55,363
08/14/2014,TUL,OK,ASW,CE,Combined TRACON& Tower with Radar,82,86,59,35,262,0,1,46,5,52,82,87,105,40,314,52,132,184,498
08/15/2014,TUL,OK,ASW,CE,Combined TRACON& Tower with Radar,82,79,42,32,235,0,0,39,0,39,82,79,81,32,274,58,6,64,338
08/16/2014,TUL,OK,ASW,CE,Combined TRACON& Tower with Radar,59,48,26,8,141,0,0,32,0,32,59,48,58,8,173,0,0,0,173
08/17/2014,TUL,OK,ASW,CE,Combined TRACON& Tower with Radar,79,65,43,4,191,0,2,18,0,20,79,67,61,4,211,0,0,0,211
08/18/2014,TUL,OK,ASW,CE,Combined TRACON& Tower with Radar,89,68,36,77,270,0,1,16,5,22,89,69,52,82,292,0,0,0,292
08/19/2014,TUL,OK,ASW,CE,Combined TRACON& Tower with Radar,86,72,45,69,272,0,0,29,21,50,86,72,74,90,322,4,53,57,379
08/20/2014,TUL,OK,ASW,CE,Combined TRACON& Tower with Radar,85,67,58,49,259,0,0,30,8,38,85,67,88,57,297,24,68,92,389
08/21/2014,TUL,OK,ASW,CE,Combined TRACON& Tower with Radar,82,73,46,58,259,0,0,36,6,42,82,73,82,64,301,26,100,126,427
08/22/2014,TUL,OK,ASW,CE,Combined TRACON& Tower with Radar,82,69,42,38,231,0,0,37,2,39,82,69,79,40,270,0,0,0,270
08/23/2014,TUL,OK,ASW,CE,Combined TRACON& Tower with Radar,56,43,22,8,129,0,0,23,3,26,56,43,45,11,155,0,0,0,155
08/24/2014,TUL,OK,ASW,CE,Combined TRACON& Tower with Radar,76,65,23,13,177,0,0,16,0,16,76,65,39,13,193,0,0,0,193
08/25/2014,TUL,OK,ASW,CE,Combined TRACON& Tower with Radar,74,66,52,61,253,0,0,21,2,23,74,66,73,63,276,0,0,0,276
08/26/2014,TUL,OK,ASW,CE,Combined TRACON& Tower with Radar,81,61,50,77,269,0,0,32,2,34,81,61,82,79,303,0,50,50,353
08/27/2014,TUL,OK,ASW,CE,Combined TRACON& Tower with Radar,82,69,49,86,286,0,2,30,1,33,82,71,79,87,319,2,80,82,401
08/28/2014,TUL,OK,ASW,CE,Combined TRACON& Tower with Radar,82,79,77,75,313,0,0,45,5,50,82,79,122,80,363,68,86,154,517
08/29/2014,TUL,OK,ASW,CE,Combined TRACON& Tower with Radar,88,80,54,5,227,0,0,14,1,15,88,80,68,6,242,0,0,0,242
08/30/2014,TUL,OK,ASW,CE,Combined TRACON& Tower with Radar,47,45,18,0,110,0,3,35,1,39,47,48,53,1,149,26,0,26,175
08/31/2014,TUL,OK,ASW,CE,Combined TRACON& Tower with Radar,54,35,14,0,103,0,0,8,0,8,54,35,22,0,111,0,0,0,111
09/01/2014,TUL,OK,ASW,CE,Combined TRACON& Tower with Radar,67,61,33,0,161,0,3,16,0,19,67,64,49,0,180,0,0,0,180
09/02/2014,TUL,OK,ASW,CE,Combined TRACON& Tower with Radar,75,73,33,22,203,0,2,19,1,22,75,75,52,23,225,14,39,53,278
09/03/2014,TUL,OK,ASW,CE,Combined TRACON& Tower with Radar,88,65,55,99,307,0,0,39,0,39,88,65,94,99,346,10,132,142,488
09/04/2014,TUL,OK,ASW,CE,Combined TRACON& Tower with Radar,84,69,45,33,231,0,0,27,4,31,84,69,72,37,262,0,0,0,262
09/05/2014,TUL,OK,ASW,CE,Combined TRACON& Tower with Radar,80,68,39,91,278,0,0,34,4,38,80,68,73,95,316,56,148,204,520
09/06/2014,TUL,OK,ASW,CE,Combined TRACON& Tower with Radar,66,48,12,3,129,0,0,2,0,2,66,48,14,3,131,0,0,0,131
09/07/2014,TUL,OK,ASW,CE,Combined TRACON& Tower with Radar,71,67,35,33,206,0,0,23,0,23,71,67,58,33,229,0,0,0,229
09/08/2014,TUL,OK,ASW,CE,Combined TRACON& Tower with Radar,72,70,47,63,252,0,0,17,12,29,72,70,64,75,281,36,86,122,403
09/09/2014,TUL,OK,ASW,CE,Combined TRACON& Tower with Radar,82,69,65,61,277,0,1,27,7,35,82,70,92,68,312,0,86,86,398
09/10/2014,TUL,OK,ASW,CE,Combined TRACON& Tower with Radar,85,77,34,39,235,0,0,17,9,26,85,77,51,48,261,8,26,34,295
09/11/2014,TUL,OK,ASW,CE,Combined TRACON& Tower with Radar,78,83,70,8,239,0,0,9,12,21,78,83,79,20,260,22,2,24,284
09/12/2014,TUL,OK,ASW,CE,Combined TRACON& Tower with Radar,78,81,49,28,236,0,2,3,0,5,78,83,52,28,241,0,0,0,241
09/13/2014,TUL,OK,ASW,CE,Combined TRACON& Tower with Radar,63,36,25,7,131,0,0,15,0,15,63,36,40,7,146,0,0,0,146
09/14/2014,TUL,OK,ASW,CE,Combined TRACON& Tower with Radar,77,66,21,3,167,0,0,24,1,25,77,66,45,4,192,0,0,0,192
09/15/2014,TUL,OK,ASW,CE,Combined TRACON& Tower with Radar,80,74,39,44,237,0,0,17,10,27,80,74,56,54,264,0,0,0,264
09/16/2014,TUL,OK,ASW,CE,Combined TRACON& Tower with Radar,83,76,54,74,287,0,2,6,1,9,83,78,60,75,296,0,0,0,296
09/17/2014,TUL,OK,ASW,CE,Combined TRACON& Tower with Radar,89,73,60,61,283,0,0,20,3,23,89,73,80,64,306,10,44,54,360
09/18/2014,TUL,OK,ASW,CE,Combined TRACON& Tower with Radar,80,81,68,67,296,0,0,22,3,25,80,81,90,70,321,54,256,310,631
09/19/2014,TUL,OK,ASW,CE,Combined TRACON& Tower with Radar,81,76,63,38,258,0,0,17,1,18,81,76,80,39,276,28,48,76,352
09/20/2014,TUL,OK,ASW,CE,Combined TRACON& Tower with Radar,61,39,24,1,125,0,5,18,0,23,61,44,42,1,148,0,0,0,148
09/21/2014,TUL,OK,ASW,CE,Combined TRACON& Tower with Radar,79,48,36,6,169,0,0,13,0,13,79,48,49,6,182,0,0,0,182
09/22/2014,TUL,OK,ASW,CE,Combined TRACON& Tower with Radar,73,71,38,83,265,0,4,27,3,34,73,75,65,86,299,40,56,96,395
09/23/2014,TUL,OK,ASW,CE,Combined TRACON& Tower with Radar,78,69,68,51,266,0,4,41,2,47,78,73,109,53,313,0,0,0,313
09/24/2014,TUL,OK,ASW,CE,Combined TRACON& Tower with Radar,78,73,61,52,264,0,1,25,7,33,78,74,86,59,297,12,30,42,339
09/25/2014,TUL,OK,ASW,CE,Combined TRACON& Tower with Radar,84,74,76,39,273,0,0,30,2,32,84,74,106,41,305,0,0,0,305
09/26/2014,TUL,OK,ASW,CE,Combined TRACON& Tower with Radar,79,62,59,14,214,0,2,38,0,40,79,64,97,14,254,56,2,58,312
09/27/2014,TUL,OK,ASW,CE,Combined TRACON& Tower with Radar,63,33,35,8,139,0,0,27,0,27,63,33,62,8,166,4,0,4,170
09/28/2014,TUL,OK,ASW,CE,Combined TRACON& Tower with Radar,79,57,54,24,214,0,0,30,2,32,79,57,84,26,246,2,4,6,252
09/29/2014,TUL,OK,ASW,CE,Combined TRACON& Tower with Radar,77,71,42,46,236,0,0,21,0,21,77,71,63,46,257,0,46,46,303
09/30/2014,TUL,OK,ASW,CE,Combined TRACON& Tower with Radar,81,74,57,4,216,0,1,25,0,26,81,75,82,4,242,0,0,0,242
10/01/2014,TUL,OK,ASW,CE,Combined TRACON& Tower with Radar,85,73,62,71,291,0,0,19,1,20,85,73,81,72,311,10,142,152,463
10/02/2014,TUL,OK,ASW,CE,Combined TRACON& Tower with Radar,78,66,58,11,213,0,0,9,0,9,78,66,67,11,222,0,0,0,222
10/03/2014,TUL,OK,ASW,CE,Combined TRACON& Tower with Radar,92,73,48,76,289,0,0,31,2,33,92,73,79,78,322,8,104,112,434
10/04/2014,TUL,OK,ASW,CE,Combined TRACON& Tower with Radar,60,36,24,39,159,0,0,21,0,21,60,36,45,39,180,0,0,0,180
10/05/2014,TUL,OK,ASW,CE,Combined TRACON& Tower with Radar,80,61,35,2,178,0,1,23,0,24,80,62,58,2,202,0,0,0,202
10/06/2014,TUL,OK,ASW,CE,Combined TRACON& Tower with Radar,81,68,53,55,257,0,1,21,0,22,81,69,74,55,279,0,0,0,279
10/07/2014,TUL,OK,ASW,CE,Combined TRACON& Tower with Radar,83,76,63,69,291,0,0,34,6,40,83,76,97,75,331,12,40,52,383
10/08/2014,TUL,OK,ASW,CE,Combined TRACON& Tower with Radar,93,66,52,58,269,0,0,25,5,30,93,66,77,63,299,0,0,0,299
10/09/2014,TUL,OK,ASW,CE,Combined TRACON& Tower with Radar,95,93,57,35,280,0,1,24,3,28,95,94,81,38,308,0,0,0,308
10/10/2014,TUL,OK,ASW,CE,Combined TRACON& Tower with Radar,87,78,47,0,212,0,0,0,0,0,87,78,47,0,212,0,0,0,212
10/11/2014,TUL,OK,ASW,CE,Combined TRACON& Tower with Radar,65,34,16,2,117,0,0,1,0,1,65,34,17,2,118,0,0,0,118
10/12/2014,TUL,OK,ASW,CE,Combined TRACON& Tower with Radar,78,54,47,3,182,0,0,1,0,1,78,54,48,3,183,0,0,0,183
10/13/2014,TUL,OK,ASW,CE,Combined TRACON& Tower with Radar,84,69,49,1,203,0,0,1,0,1,84,69,50,1,204,0,0,0,204
10/14/2014,TUL,OK,ASW,CE,Combined TRACON& Tower with Radar,84,65,68,43,260,0,0,13,9,22,84,65,81,52,282,0,0,0,282
10/15/2014,TUL,OK,ASW,CE,Combined TRACON& Tower with Radar,90,71,89,49,299,0,1,45,14,60,90,72,134,63,359,0,0,0,359
10/16/2014,TUL,OK,ASW,CE,Combined TRACON& Tower with Radar,82,81,59,39,261,0,2,28,15,45,82,83,87,54,306,0,0,0,306
10/17/2014,TUL,OK,ASW,CE,Combined TRACON& Tower with Radar,86,69,43,40,238,0,2,38,4,44,86,71,81,44,282,56,24,80,362
10/18/2014,TUL,OK,ASW,CE,Combined TRACON& Tower with Radar,66,41,22,3,132,0,0,22,0,22,66,41,44,3,154,0,0,0,154
10/19/2014,TUL,OK,ASW,CE,Combined TRACON& Tower with Radar,85,60,33,0,178,0,0,31,0,31,85,60,64,0,209,0,0,0,209
10/20/2014,TUL,OK,ASW,CE,Combined TRACON& Tower with Radar,85,72,44,47,248,0,0,26,5,31,85,72,70,52,279,0,0,0,279
10/21/2014,TUL,OK,ASW,CE,Combined TRACON& Tower with Radar,84,71,49,28,232,0,0,31,5,36,84,71,80,33,268,0,0,0,268
10/22/2014,TUL,OK,ASW,CE,Combined TRACON& Tower with Radar,87,75,58,39,259,0,1,38,8,47,87,76,96,47,306,14,30,44,350
10/23/2014,TUL,OK,ASW,CE,Combined TRACON& Tower with Radar,84,72,79,47,282,0,0,16,11,27,84,72,95,58,309,0,12,12,321
10/24/2014,TUL,OK,ASW,CE,Combined TRACON& Tower with Radar,87,71,66,24,248,0,1,32,1,34,87,72,98,25,282,24,34,58,340
10/25/2014,TUL,OK,ASW,CE,Combined TRACON& Tower with Radar,60,47,30,6,143,0,2,44,4,50,60,49,74,10,193,0,0,0,193
10/26/2014,TUL,OK,ASW,CE,Combined TRACON& Tower with Radar,77,51,36,3,167,0,1,36,5,42,77,52,72,8,209,0,0,0,209
10/27/2014,TUL,OK,ASW,CE,Combined TRACON& Tower with Radar,76,70,52,69,267,0,0,10,3,13,76,70,62,72,280,0,0,0,280
10/28/2014,TUL,OK,ASW,CE,Combined TRACON& Tower with Radar,81,70,53,58,262,0,0,29,5,34,81,70,82,63,296,0,34,34,330
10/29/2014,TUL,OK,ASW,CE,Combined TRACON& Tower with Radar,80,75,44,23,222,0,0,37,10,47,80,75,81,33,269,8,18,26,295
10/30/2014,TUL,OK,ASW,CE,Combined TRACON& Tower with Radar,81,74,76,57,288,0,1,37,11,49,81,75,113,68,337,42,68,110,447
10/31/2014,TUL,OK,ASW,CE,Combined TRACON& Tower with Radar,74,58,36,1,169,0,0,24,0,24,74,58,60,1,193,0,0,0,193
11/01/2014,TUL,OK,ASW,CE,Combined TRACON& Tower with Radar,58,42,15,0,115,0,0,18,2,20,58,42,33,2,135,0,0,0,135
11/02/2014,TUL,OK,ASW,CE,Combined TRACON& Tower with Radar,73,58,28,0,159,0,1,14,0,15,73,59,42,0,174,0,0,0,174
11/03/2014,TUL,OK,ASW,CE,Combined TRACON& Tower with Radar,69,66,49,88,272,0,1,7,1,9,69,67,56,89,281,0,22,22,303
11/04/2014,TUL,OK,ASW,CE,Combined TRACON& Tower with Radar,83,64,34,50,231,0,2,7,3,12,83,66,41,53,243,0,0,0,243
11/05/2014,TUL,OK,ASW,CE,Combined TRACON& Tower with Radar,75,77,50,55,257,0,0,40,5,45,75,77,90,60,302,26,8,34,336
11/06/2014,TUL,OK,ASW,CE,Combined TRACON& Tower with Radar,72,79,81,56,288,0,0,23,5,28,72,79,104,61,316,70,98,168,484
11/07/2014,TUL,OK,ASW,CE,Combined TRACON& Tower with Radar,79,70,49,40,238,0,1,44,2,47,79,71,93,42,285,66,22,88,373
11/08/2014,TUL,OK,ASW,CE,Combined TRACON& Tower with Radar,58,39,25,2,124,0,0,27,3,30,58,39,52,5,154,0,0,0,154
11/09/2014,TUL,OK,ASW,CE,Combined TRACON& Tower with Radar,67,52,50,12,181,0,0,36,6,42,67,52,86,18,223,0,0,0,223
11/10/2014,TUL,OK,ASW,CE,Combined TRACON& Tower with Radar,74,73,49,34,230,0,5,23,5,33,74,78,72,39,263,0,0,0,263
11/11/2014,TUL,OK,ASW,CE,Combined TRACON& Tower with Radar,77,70,64,0,211,0,1,21,0,22,77,71,85,0,233,0,0,0,233
11/12/2014,TUL,OK,ASW,CE,Combined TRACON& Tower with Radar,74,81,58,33,246,0,2,26,6,34,74,83,84,39,280,6,34,40,320
11/13/2014,TUL,OK,ASW,CE,Combined TRACON& Tower with Radar,76,81,61,48,266,0,0,28,3,31,76,81,89,51,297,80,58,138,435
11/14/2014,TUL,OK,ASW,CE,Combined TRACON& Tower with Radar,78,86,39,51,254,0,1,34,1,36,78,87,73,52,290,12,58,70,360
11/15/2014,TUL,OK,ASW,CE,Combined TRACON& Tower with Radar,59,44,24,0,127,0,0,13,3,16,59,44,37,3,143,0,0,0,143
11/16/2014,TUL,OK,ASW,CE,Combined TRACON& Tower with Radar,69,54,20,0,143,0,2,0,0,2,69,56,20,0,145,0,0,0,145
11/17/2014,TUL,OK,ASW,CE,Combined TRACON& Tower with Radar,77,77,64,81,299,0,0,20,11,31,77,77,84,92,330,0,48,48,378
11/18/2014,TUL,OK,ASW,CE,Combined TRACON& Tower with Radar,83,72,55,69,279,0,1,44,13,58,83,73,99,82,337,0,72,72,409
11/19/2014,TUL,OK,ASW,CE,Combined TRACON& Tower with Radar,85,83,56,66,290,0,0,32,6,38,85,83,88,72,328,8,38,46,374
11/20/2014,TUL,OK,ASW,CE,Combined TRACON& Tower with Radar,72,76,72,67,287,0,0,37,6,43,72,76,109,73,330,18,58,76,406
11/21/2014,TUL,OK,ASW,CE,Combined TRACON& Tower with Radar,83,81,45,3,212,0,0,1,0,1,83,81,46,3,213,0,0,0,213
11/22/2014,TUL,OK,ASW,CE,Combined TRACON& Tower with Radar,59,47,12,2,120,0,0,0,0,0,59,47,12,2,120,0,0,0,120
11/23/2014,TUL,OK,ASW,CE,Combined TRACON& Tower with Radar,69,54,37,1,161,0,0,4,0,4,69,54,41,1,165,0,0,0,165
11/24/2014,TUL,OK,ASW,CE,Combined TRACON& Tower with Radar,71,50,55,78,254,0,0,24,8,32,71,50,79,86,286,0,0,0,286
11/25/2014,TUL,OK,ASW,CE,Combined TRACON& Tower with Radar,77,75,43,72,267,0,1,31,7,39,77,76,74,79,306,0,2,2,308
11/26/2014,TUL,OK,ASW,CE,Combined TRACON& Tower with Radar,92,76,25,19,212,0,2,16,2,20,92,78,41,21,232,0,0,0,232
11/27/2014,TUL,OK,ASW,CE,Combined TRACON& Tower with Radar,49,28,4,0,81,0,0,7,0,7,49,28,11,0,88,0,0,0,88
11/28/2014,TUL,OK,ASW,CE,Combined TRACON& Tower with Radar,65,44,18,0,127,0,0,13,0,13,65,44,31,0,140,0,0,0,140
11/29/2014,TUL,OK,ASW,CE,Combined TRACON& Tower with Radar,72,67,14,0,153,0,0,21,0,21,72,67,35,0,174,0,0,0,174
11/30/2014,TUL,OK,ASW,CE,Combined TRACON& Tower with Radar,78,79,39,0,196,0,1,6,0,7,78,80,45,0,203,0,0,0,203
12/01/2014,TUL,OK,ASW,CE,Combined TRACON& Tower with Radar,81,79,51,58,269,0,3,10,5,18,81,82,61,63,287,0,0,0,287
12/02/2014,TUL,OK,ASW,CE,Combined TRACON& Tower with Radar,82,64,69,91,306,0,0,21,8,29,82,64,90,99,335,16,36,52,387
12/03/2014,TUL,OK,ASW,CE,Combined TRACON& Tower with Radar,76,65,40,54,235,0,1,16,3,20,76,66,56,57,255,34,108,142,397
12/04/2014,TUL,OK,ASW,CE,Combined TRACON& Tower with Radar,75,76,45,12,208,0,0,0,0,0,75,76,45,12,208,0,0,0,208
12/05/2014,TUL,OK,ASW,CE,Combined TRACON& Tower with Radar,77,73,43,2,195,0,0,0,0,0,77,73,43,2,195,0,0,0,195
12/06/2014,TUL,OK,ASW,CE,Combined TRACON& Tower with Radar,60,44,33,17,154,0,0,0,0,0,60,44,33,17,154,0,0,0,154
12/07/2014,TUL,OK,ASW,CE,Combined TRACON& Tower with Radar,67,53,27,9,156,0,0,0,0,0,67,53,27,9,156,0,0,0,156
12/08/2014,TUL,OK,ASW,CE,Combined TRACON& Tower with Radar,71,75,50,27,223,0,0,17,10,27,71,75,67,37,250,0,0,0,250
12/09/2014,TUL,OK,ASW,CE,Combined TRACON& Tower with Radar,96,70,37,69,272,0,0,26,7,33,96,70,63,76,305,0,0,0,305
12/10/2014,TUL,OK,ASW,CE,Combined TRACON& Tower with Radar,81,68,42,52,243,0,1,25,6,32,81,69,67,58,275,24,42,66,341
12/11/2014,TUL,OK,ASW,CE,Combined TRACON& Tower with Radar,80,74,49,70,273,0,0,15,6,21,80,74,64,76,294,78,140,218,512
12/12/2014,TUL,OK,ASW,CE,Combined TRACON& Tower with Radar,79,84,48,2,213,0,3,4,0,7,79,87,52,2,220,0,0,0,220
12/13/2014,TUL,OK,ASW,CE,Combined TRACON& Tower with Radar,60,44,23,0,127,0,1,1,0,2,60,45,24,0,129,0,0,0,129
12/14/2014,TUL,OK,ASW,CE,Combined TRACON& Tower with Radar,70,50,17,11,148,0,0,0,0,0,70,50,17,11,148,0,0,0,148
12/15/2014,TUL,OK,ASW,CE,Combined TRACON& Tower with Radar,73,66,48,61,248,0,0,11,6,17,73,66,59,67,265,0,0,0,265
12/16/2014,TUL,OK,ASW,CE,Combined TRACON& Tower with Radar,86,70,63,61,280,0,0,32,9,41,86,70,95,70,321,14,34,48,369
12/17/2014,TUL,OK,ASW,CE,Combined TRACON& Tower with Radar,84,68,46,13,211,0,0,6,4,10,84,68,52,17,221,16,32,48,269
12/18/2014,TUL,OK,ASW,CE,Combined TRACON& Tower with Radar,85,69,64,11,229,0,0,1,0,1,85,69,65,11,230,0,0,0,230
12/19/2014,TUL,OK,ASW,CE,Combined TRACON& Tower with Radar,91,63,58,15,227,0,0,0,0,0,91,63,58,15,227,130,8,138,365
12/20/2014,TUL,OK,ASW,CE,Combined TRACON& Tower with Radar,85,70,38,0,193,0,0,16,0,16,85,70,54,0,209,0,0,0,209
12/21/2014,TUL,OK,ASW,CE,Combined TRACON& Tower with Radar,83,40,22,0,145,0,0,1,0,1,83,40,23,0,146,0,0,0,146
12/22/2014,TUL,OK,ASW,CE,Combined TRACON& Tower with Radar,85,62,42,23,212,0,0,4,8,12,85,62,46,31,224,0,0,0,224
12/23/2014,TUL,OK,ASW,CE,Combined TRACON& Tower with Radar,85,54,39,22,200,0,0,49,2,51,85,54,88,24,251,0,0,0,251
12/24/2014,TUL,OK,ASW,CE,Combined TRACON& Tower with Radar,75,43,23,0,141,0,0,11,0,11,75,43,34,0,152,0,0,0,152
12/25/2014,TUL,OK,ASW,CE,Combined TRACON& Tower with Radar,58,29,6,0,93,0,0,3,0,3,58,29,9,0,96,0,0,0,96
12/26/2014,TUL,OK,ASW,CE,Combined TRACON& Tower with Radar,80,60,34,0,174,0,0,1,0,1,80,60,35,0,175,0,0,0,175
12/27/2014,TUL,OK,ASW,CE,Combined TRACON& Tower with Radar,75,63,27,0,165,0,0,1,0,1,75,63,28,0,166,0,0,0,166
12/28/2014,TUL,OK,ASW,CE,Combined TRACON& Tower with Radar,73,42,34,0,149,0,0,34,0,34,73,42,68,0,183,0,0,0,183
12/29/2014,TUL,OK,ASW,CE,Combined TRACON& Tower with Radar,82,56,43,10,191,0,2,28,0,30,82,58,71,10,221,0,0,0,221
12/30/2014,TUL,OK,ASW,CE,Combined TRACON& Tower with Radar,80,58,39,13,190,0,0,9,0,9,80,58,48,13,199,0,0,0,199
12/31/2014,TUL,OK,ASW,CE,Combined TRACON& Tower with Radar,73,43,18,5,139,0,0,2,0,2,73,43,20,5,141,0,0,0,141
01/01/2015,TUL,OK,ASW,CE,Combined TRACON& Tower with Radar,55,29,8,0,92,0,0,1,0,1,55,29,9,0,93,0,0,0,93
01/02/2015,TUL,OK,ASW,CE,Combined TRACON& Tower with Radar,81,53,15,0,149,0,0,0,0,0,81,53,15,0,149,0,0,0,149
01/03/2015,TUL,OK,ASW,CE,Combined TRACON& Tower with Radar,71,51,32,0,154,0,0,2,0,2,71,51,34,0,156,0,0,0,156
01/04/2015,TUL,OK,ASW,CE,Combined TRACON& Tower with Radar,84,41,43,2,170,0,0,26,0,26,84,41,69,2,196,0,0,0,196
01/05/2015,TUL,OK,ASW,CE,Combined TRACON& Tower with Radar,78,43,45,28,194,0,0,37,6,43,78,43,82,34,237,0,28,28,265
01/06/2015,TUL,OK,ASW,CE,Combined TRACON& Tower with Radar,74,51,51,37,213,0,2,32,4,38,74,53,83,41,251,36,16,52,303
01/07/2015,TUL,OK,ASW,CE,Combined TRACON& Tower with Radar,73,53,39,66,231,0,0,16,3,19,73,53,55,69,250,44,124,168,418
01/08/2015,TUL,OK,ASW,CE,Combined TRACON& Tower with Radar,73,49,52,51,225,0,1,32,3,36,73,50,84,54,261,0,0,0,261
01/09/2015,TUL,OK,ASW,CE,Combined TRACON& Tower with Radar,83,60,45,38,226,0,0,30,3,33,83,60,75,41,259,0,0,0,259
01/10/2015,TUL,OK,ASW,CE,Combined TRACON& Tower with Radar,50,33,21,14,118,0,0,14,3,17,50,33,35,17,135,0,0,0,135
01/11/2015,TUL,OK,ASW,CE,Combined TRACON& Tower with Radar,62,51,35,2,150,0,0,4,0,4,62,51,39,2,154,0,0,0,154
01/12/2015,TUL,OK,ASW,CE,Combined TRACON& Tower with Radar,76,61,27,38,202,0,1,11,8,20,76,62,38,46,222,0,0,0,222
01/13/2015,TUL,OK,ASW,CE,Combined TRACON& Tower with Radar,75,57,45,79,256,0,1,30,2,33,75,58,75,81,289,26,90,116,405
01/14/2015,TUL,OK,ASW,CE,Combined TRACON& Tower with Radar,76,56,38,34,204,0,1,14,4,19,76,57,52,38,223,0,0,0,223
01/15/2015,TUL,OK,ASW,CE,Combined TRACON& Tower with Radar,73,69,63,68,273,0,5,50,5,60,73,74,113,73,333,6,12,18,351
01/16/2015,TUL,OK,ASW,CE,Combined TRACON& Tower with Radar,80,58,57,62,257,0,1,45,4,50,80,59,102,66,307,0,0,0,307
01/17/2015,TUL,OK,ASW,CE,Combined TRACON& Tower with Radar,52,32,42,2,128,0,1,59,1,61,52,33,101,3,189,0,0,0,189
01/18/2015,TUL,OK,ASW,CE,Combined TRACON& Tower with Radar,64,35,43,2,144,0,0,23,2,25,64,35,66,4,169,0,0,0,169
01/19/2015,TUL,OK,ASW,CE,Combined TRACON& Tower with Radar,73,48,33,13,167,0,0,41,0,41,73,48,74,13,208,0,0,0,208
01/20/2015,TUL,OK,ASW,CE,Combined TRACON& Tower with Radar,73,67,47,52,239,0,2,28,8,38,73,69,75,60,277,10,64,74,351
01/21/2015,TUL,OK,ASW,CE,Combined TRACON& Tower with Radar,76,64,69,50,259,0,0,15,10,25,76,64,84,60,284,10,80,90,374
01/22/2015,TUL,OK,ASW,CE,Combined TRACON& Tower with Radar,78,70,68,41,257,0,1,22,9,32,78,71,90,50,289,8,40,48,337
01/23/2015,TUL,OK,ASW,CE,Combined TRACON& Tower with Radar,84,62,33,42,221,0,2,34,1,37,84,64,67,43,258,10,16,26,284
01/24/2015,TUL,OK,ASW,CE,Combined TRACON& Tower with Radar,59,26,30,1,116,0,1,44,0,45,59,27,74,1,161,10,0,10,171
01/25/2015,TUL,OK,ASW,CE,Combined TRACON& Tower with Radar,70,42,24,0,136,0,3,18,0,21,70,45,42,0,157,0,0,0,157
01/26/2015,TUL,OK,ASW,CE,Combined TRACON& Tower with Radar,69,68,36,52,225,0,1,27,10,38,69,69,63,62,263,14,46,60,323
01/27/2015,TUL,OK,ASW,CE,Combined TRACON& Tower with Radar,75,56,57,69,257,0,3,45,2,50,75,59,102,71,307,0,12,12,319
01/28/2015,TUL,OK,ASW,CE,Combined TRACON& Tower with Radar,74,62,54,67,257,0,2,26,11,39,74,64,80,78,296,104,56,160,456
01/29/2015,TUL,OK,ASW,CE,Combined TRACON& Tower with Radar,76,67,51,53,247,0,1,24,5,30,76,68,75,58,277,4,16,20,297
01/30/2015,TUL,OK,ASW,CE,Combined TRACON& Tower with Radar,80,51,47,50,228,0,1,32,4,37,80,52,79,54,265,0,0,0,265
01/31/2015,TUL,OK,ASW,CE,Combined TRACON& Tower with Radar,55,32,18,0,105,0,0,10,0,10,55,32,28,0,115,0,0,0,115
02/01/2015,TUL,OK,ASW,CE,Combined TRACON& Tower with Radar,58,34,15,0,107,0,1,2,0,3,58,35,17,0,110,0,0,0,110
02/02/2015,TUL,OK,ASW,CE,Combined TRACON& Tower with Radar,66,62,46,101,275,0,0,27,9,36,66,62,73,110,311,0,110,110,421
02/03/2015,TUL,OK,ASW,CE,Combined TRACON& Tower with Radar,67,56,47,35,205,0,0,39,9,48,67,56,86,44,253,2,6,8,261
02/04/2015,TUL,OK,ASW,CE,Combined TRACON& Tower with Radar,76,56,53,48,233,0,0,14,3,17,76,56,67,51,250,14,136,150,400
02/05/2015,TUL,OK,ASW,CE,Combined TRACON& Tower with Radar,74,63,64,92,293,0,1,55,6,62,74,64,119,98,355,44,80,124,479
02/06/2015,TUL,OK,ASW,CE,Combined TRACON& Tower with Radar,77,54,49,5,185,0,2,49,0,51,77,56,98,5,236,0,0,0,236
02/07/2015,TUL,OK,ASW,CE,Combined TRACON& Tower with Radar,51,30,37,16,134,0,0,42,1,43,51,30,79,17,177,30,12,42,219
02/08/2015,TUL,OK,ASW,CE,Combined TRACON& Tower with Radar,69,38,26,5,138,0,0,33,0,33,69,38,59,5,171,26,0,26,197
02/09/2015,TUL,OK,ASW,CE,Combined TRACON& Tower with Radar,75,51,48,72,246,0,2,32,2,36,75,53,80,74,282,8,24,32,314
02/10/2015,TUL,OK,ASW,CE,Combined TRACON& Tower with Radar,75,67,48,77,267,0,0,39,7,46,75,67,87,84,313,4,82,86,399
02/11/2015,TUL,OK,ASW,CE,Combined TRACON& Tower with Radar,78,67,53,51,249,0,0,23,6,29,78,67,76,57,278,0,32,32,310
02/12/2015,TUL,OK,ASW,CE,Combined TRACON& Tower with Radar,73,74,51,38,236,0,0,47,6,53,73,74,98,44,289,0,0,0,289
02/13/2015,TUL,OK,ASW,CE,Combined TRACON& Tower with Radar,82,74,50,45,251,0,6,44,4,54,82,80,94,49,305,84,190,274,579
02/14/2015,TUL,OK,ASW,CE,Combined TRACON& Tower with Radar,53,27,24,13,117,0,4,38,0,42,53,31,62,13,159,0,0,0,159
02/15/2015,TUL,OK,ASW,CE,Combined TRACON& Tower with Radar,65,32,23,2,122,0,0,10,0,10,65,32,33,2,132,0,0,0,132
02/16/2015,TUL,OK,ASW,CE,Combined TRACON& Tower with Radar,71,63,28,0,162,0,0,5,0,5,71,63,33,0,167,0,0,0,167
02/17/2015,TUL,OK,ASW,CE,Combined TRACON& Tower with Radar,73,70,29,62,234,0,0,4,0,4,73,70,33,62,238,0,4,4,242
02/18/2015,TUL,OK,ASW,CE,Combined TRACON& Tower with Radar,72,62,57,52,243,0,0,22,9,31,72,62,79,61,274,24,40,64,338
02/19/2015,TUL,OK,ASW,CE,Combined TRACON& Tower with Radar,74,68,62,53,257,0,0,38,7,45,74,68,100,60,302,0,0,0,302
02/20/2015,TUL,OK,ASW,CE,Combined TRACON& Tower with Radar,74,62,40,6,182,0,0,6,2,8,74,62,46,8,190,8,0,8,198
02/21/2015,TUL,OK,ASW,CE,Combined TRACON& Tower with Radar,47,32,17,0,96,0,2,20,0,22,47,34,37,0,118,0,0,0,118
02/22/2015,TUL,OK,ASW,CE,Combined TRACON& Tower with Radar,73,47,26,0,146,0,0,1,0,1,73,47,27,0,147,0,0,0,147
02/23/2015,TUL,OK,ASW,CE,Combined TRACON& Tower with Radar,58,56,45,2,161,0,0,1,0,1,58,56,46,2,162,0,0,0,162
02/24/2015,TUL,OK,ASW,CE,Combined TRACON& Tower with Radar,73,67,58,58,256,0,0,42,6,48,73,67,100,64,304,98,0,98,402
02/25/2015,TUL,OK,ASW,CE,Combined TRACON& Tower with Radar,71,64,54,52,241,0,2,35,13,50,71,66,89,65,291,104,112,216,507
02/26/2015,TUL,OK,ASW,CE,Combined TRACON& Tower with Radar,75,73,53,86,287,0,3,14,7,24,75,76,67,93,311,54,90,144,455
02/27/2015,TUL,OK,ASW,CE,Combined TRACON& Tower with Radar,69,61,44,20,194,0,0,10,1,11,69,61,54,21,205,32,66,98,303
02/28/2015,TUL,OK,ASW,CE,Combined TRACON& Tower with Radar,41,31,5,0,77,0,0,0,0,0,41,31,5,0,77,0,0,0,77
03/01/2015,TUL,OK,ASW,CE,Combined TRACON& Tower with Radar,67,39,33,2,141,0,0,1,0,1,67,39,34,2,142,0,0,0,142
03/02/2015,TUL,OK,ASW,CE,Combined TRACON& Tower with Radar,75,66,44,15,200,0,0,7,0,7,75,66,51,15,207,0,0,0,207
03/03/2015,TUL,OK,ASW,CE,Combined TRACON& Tower with Radar,78,62,60,10,210,0,1,6,7,14,78,63,66,17,224,0,0,0,224
03/04/2015,TUL,OK,ASW,CE,Combined TRACON& Tower with Radar,58,62,26,0,146,0,1,0,0,1,58,63,26,0,147,0,0,0,147
03/05/2015,TUL,OK,ASW,CE,Combined TRACON& Tower with Radar,71,70,75,69,285,0,0,34,12,46,71,70,109,81,331,32,76,108,439
03/06/2015,TUL,OK,ASW,CE,Combined TRACON& Tower with Radar,87,70,45,42,244,0,2,40,15,57,87,72,85,57,301,120,54,174,475
03/07/2015,TUL,OK,ASW,CE,Combined TRACON& Tower with Radar,62,46,40,1,149,0,2,54,5,61,62,48,94,6,210,98,6,104,314
03/08/2015,TUL,OK,ASW,CE,Combined TRACON& Tower with Radar,74,53,29,16,172,0,0,25,0,25,74,53,54,16,197,0,0,0,197
03/09/2015,TUL,OK,ASW,CE,Combined TRACON& Tower with Radar,74,58,54,10,196,0,0,1,0,1,74,58,55,10,197,0,0,0,197
03/10/2015,TUL,OK,ASW,CE,Combined TRACON& Tower with Radar,78,58,52,12,200,0,0,23,6,29,78,58,75,18,229,84,46,130,359
03/11/2015,TUL,OK,ASW,CE,Combined TRACON& Tower with Radar,88,68,84,29,269,0,2,44,9,55,88,70,128,38,324,86,76,162,486
03/12/2015,TUL,OK,ASW,CE,Combined TRACON& Tower with Radar,80,66,69,22,237,0,0,32,5,37,80,66,101,27,274,32,72,104,378
03/13/2015,TUL,OK,ASW,CE,Combined TRACON& Tower with Radar,79,60,50,2,191,0,0,0,0,0,79,60,50,2,191,0,0,0,191
03/14/2015,TUL,OK,ASW,CE,Combined TRACON& Tower with Radar,62,59,37,7,165,0,0,27,0,27,62,59,64,7,192,6,8,14,206
03/15/2015,TUL,OK,ASW,CE,Combined TRACON& Tower with Radar,67,51,42,16,176,0,0,22,2,24,67,51,64,18,200,0,0,0,200
03/16/2015,TUL,OK,ASW,CE,Combined TRACON& Tower with Radar,75,64,45,49,233,0,0,22,1,23,75,64,67,50,256,56,56,112,368
03/17/2015,TUL,OK,ASW,CE,Combined TRACON& Tower with Radar,79,63,46,63,251,0,1,28,16,45,79,64,74,79,296,2,56,58,354
03/18/2015,TUL,OK,ASW,CE,Combined TRACON& Tower with Radar,80,69,54,11,214,0,1,3,4,8,80,70,57,15,222,0,0,0,222
03/19/2015,TUL,OK,ASW,CE,Combined TRACON& Tower with Radar,77,62,58,58,255,0,0,0,0,0,77,62,58,58,255,0,0,0,255
03/20/2015,TUL,OK,ASW,CE,Combined TRACON& Tower with Radar,86,61,44,9,200,0,0,21,7,28,86,61,65,16,228,59,0,59,287
03/21/2015,TUL,OK,ASW,CE,Combined TRACON& Tower with Radar,61,57,42,0,160,0,4,29,0,33,61,61,71,0,193,8,0,8,201
03/22/2015,TUL,OK,ASW,CE,Combined TRACON& Tower with Radar,69,56,43,4,172,0,2,17,4,23,69,58,60,8,195,36,0,36,231
03/23/2015,TUL,OK,ASW,CE,Combined TRACON& Tower with Radar,75,60,43,102,280,0,1,38,7,46,75,61,81,109,326,18,24,42,368
03/24/2015,TUL,OK,ASW,CE,Combined TRACON& Tower with Radar,81,56,57,44,238,0,2,53,12,67,81,58,110,56,305,4,0,4,309
03/25/2015,TUL,OK,ASW,CE,Combined TRACON& Tower with Radar,80,61,54,7,202,0,0,7,0,7,80,61,61,7,209,4,20,24,233
03/26/2015,TUL,OK,ASW,CE,Combined TRACON& Tower with Radar,77,69,45,57,248,0,0,30,11,41,77,69,75,68,289,48,52,100,389
03/27/2015,TUL,OK,ASW,CE,Combined TRACON& Tower with Radar,81,62,42,2,187,0,0,32,4,36,81,62,74,6,223,0,0,0,223
03/28/2015,TUL,OK,ASW,CE,Combined TRACON& Tower with Radar,58,40,29,0,127,0,2,21,1,24,58,42,50,1,151,98,0,98,249
03/29/2015,TUL,OK,ASW,CE,Combined TRACON& Tower with Radar,84,44,33,0,161,0,0,27,0,27,84,44,60,0,188,0,0,0,188
03/30/2015,TUL,OK,ASW,CE,Combined TRACON& Tower with Radar,85,56,39,13,193,0,1,36,1,38,85,57,75,14,231,0,12,12,243
03/31/2015,TUL,OK,ASW,CE,Combined TRACON& Tower with Radar,91,49,50,55,245,0,0,18,8,26,91,49,68,63,271,56,110,166,437
04/01/2015,TUL,OK,ASW,CE,Combined TRACON& Tower with Radar,91,48,49,33,221,0,0,26,4,30,91,48,75,37,251,66,116,182,433
04/02/2015,TUL,OK,ASW,CE,Combined TRACON& Tower with Radar,89,50,62,18,219,0,2,14,7,23,89,52,76,25,242,36,68,104,346
04/03/2015,TUL,OK,ASW,CE,Combined TRACON& Tower with Radar,89,53,40,15,197,0,0,15,4,19,89,53,55,19,216,38,74,112,328
04/04/2015,TUL,OK,ASW,CE,Combined TRACON& Tower with Radar,69,27,16,0,112,0,2,37,2,41,69,29,53,2,153,0,0,0,153
04/05/2015,TUL,OK,ASW,CE,Combined TRACON& Tower with Radar,80,35,20,1,136,0,0,2,0,2,80,35,22,1,138,0,0,0,138
04/06/2015,TUL,OK,ASW,CE,Combined TRACON& Tower with Radar,85,55,55,34,229,0,1,11,0,12,85,56,66,34,241,0,12,12,253
04/07/2015,TUL,OK,ASW,CE,Combined TRACON& Tower with Radar,96,45,56,28,225,0,2,24,5,31,96,47,80,33,256,0,0,0,256
04/08/2015,TUL,OK,ASW,CE,Combined TRACON& Tower with Radar,88,60,58,23,229,0,0,34,1,35,88,60,92,24,264,28,78,106,370
04/09/2015,TUL,OK,ASW,CE,Combined TRACON& Tower with Radar,89,52,60,54,255,0,0,16,12,28,89,52,76,66,283,38,78,116,399
04/10/2015,TUL,OK,ASW,CE,Combined TRACON& Tower with Radar,96,54,28,0,178,0,2,56,4,62,96,56,84,4,240,86,18,104,344
04/11/2015,TUL,OK,ASW,CE,Combined TRACON& Tower with Radar,74,38,27,7,146,0,0,7,4,11,74,38,34,11,157,68,0,68,225
04/12/2015,TUL,OK,ASW,CE,Combined TRACON& Tower with Radar,94,36,36,0,166,0,0,6,0,6,94,36,42,0,172,0,0,0,172
04/13/2015,TUL,OK,ASW,CE,Combined TRACON& Tower with Radar,88,59,28,12,187,0,0,1,0,1,88,59,29,12,188,0,0,0,188
04/14/2015,TUL,OK,ASW,CE,Combined TRACON& Tower with Radar,97,47,33,52,229,0,1,12,9,22,97,48,45,61,251,14,18,32,283
04/15/2015,TUL,OK,ASW,CE,Combined TRACON& Tower with Radar,96,51,60,25,232,0,2,7,8,17,96,53,67,33,249,30,88,118,367
04/16/2015,TUL,OK,ASW,CE,Combined TRACON& Tower with Radar,86,54,69,22,231,0,0,34,2,36,86,54,103,24,267,44,118,162,429
04/17/2015,TUL,OK,ASW,CE,Combined TRACON& Tower with Radar,107,41,55,16,219,0,1,20,5,26,107,42,75,21,245,78,66,144,389
04/18/2015,TUL,OK,ASW,CE,Combined TRACON& Tower with Radar,93,32,15,0,140,0,1,7,0,8,93,33,22,0,148,0,0,0,148
04/19/2015,TUL,OK,ASW,CE,Combined TRACON& Tower with Radar,91,24,28,2,145,0,0,11,0,11,91,24,39,2,156,8,0,8,164
04/20/2015,TUL,OK,ASW,CE,Combined TRACON& Tower with Radar,88,52,42,64,246,0,4,40,1,45,88,56,82,65,291,28,22,50,341
04/21/2015,TUL,OK,ASW,CE,Combined TRACON& Tower with Radar,96,54,45,52,247,0,1,35,4,40,96,55,80,56,287,42,38,80,367
04/22/2015,TUL,OK,ASW,CE,Combined TRACON& Tower with Radar,93,49,56,42,240,0,0,19,3,22,93,49,75,45,262,18,46,64,326
04/23/2015,TUL,OK,ASW,CE,Combined TRACON& Tower with Radar,94,51,74,145,364,0,2,15,6,23,94,53,89,151,387,10,54,64,451
04/24/2015,TUL,OK,ASW,CE,Combined TRACON& Tower with Radar,127,48,37,21,233,0,0,14,8,22,127,48,51,29,255,0,4,4,259
04/25/2015,TUL,OK,ASW,CE,Combined TRACON& Tower with Radar,86,31,42,3,162,0,2,61,2,65,86,33,103,5,227,56,54,110,337
04/26/2015,TUL,OK,ASW,CE,Combined TRACON& Tower with Radar,100,19,39,8,166,0,2,15,0,17,100,21,54,8,183,0,0,0,183
04/27/2015,TUL,OK,ASW,CE,Combined TRACON& Tower with Radar,107,35,33,16,191,0,0,8,0,8,107,35,41,16,199,0,0,0,199
04/28/2015,TUL,OK,ASW,CE,Combined TRACON& Tower with Radar,97,35,51,60,243,0,0,27,9,36,97,35,78,69,279,48,56,104,383
04/29/2015,TUL,OK,ASW,CE,Combined TRACON& Tower with Radar,104,43,42,43,232,0,0,48,16,64,104,43,90,59,296,102,98,200,496
04/30/2015,TUL,OK,ASW,CE,Combined TRACON& Tower with Radar,100,60,70,38,268,0,0,48,10,58,100,60,118,48,326,54,10,64,390
05/01/2015,TUL,OK,ASW,CE,Combined TRACON& Tower with Radar,101,51,39,32,223,0,0,51,8,59,101,51,90,40,282,24,78,102,384
05/02/2015,TUL,OK,ASW,CE,Combined TRACON& Tower with Radar,75,31,21,21,148,0,0,37,1,38,75,31,58,22,186,36,0,36,222
05/03/2015,TUL,OK,ASW,CE,Combined TRACON& Tower with Radar,92,27,37,4,160,0,0,33,6,39,92,27,70,10,199,0,0,0,199
05/04/2015,TUL,OK,ASW,CE,Combined TRACON& Tower with Radar,96,47,39,49,231,0,0,27,0,27,96,47,66,49,258,0,0,0,258
05/05/2015,TUL,OK,ASW,CE,Combined TRACON& Tower with Radar,97,49,52,63,261,0,2,30,2,34,97,51,82,65,295,32,180,212,507
05/06/2015,TUL,OK,ASW,CE,Combined TRACON& Tower with Radar,99,57,39,24,219,0,0,4,1,5,99,57,43,25,224,0,0,0,224
05/07/2015,TUL,OK,ASW,CE,Combined TRACON& Tower with Radar,106,55,80,23,264,0,1,15,2,18,106,56,95,25,282,0,74,74,356
05/08/2015,TUL,OK,ASW,CE,Combined TRACON& Tower with Radar,104,52,34,14,204,1,0,11,4,16,105,52,45,18,220,18,56,74,294
05/09/2015,TUL,OK,ASW,CE,Combined TRACON& Tower with Radar,76,28,15,0,119,0,2,0,0,2,76,30,15,0,121,0,0,0,121
05/10/2015,TUL,OK,ASW,CE,Combined TRACON& Tower with Radar,91,27,9,0,127,0,0,2,0,2,91,27,11,0,129,0,0,0,129
05/11/2015,TUL,OK,ASW,CE,Combined TRACON& Tower with Radar,92,47,31,29,199,0,0,26,0,26,92,47,57,29,225,12,6,18,243
05/12/2015,TUL,OK,ASW,CE,Combined TRACON& Tower with Radar,96,59,53,55,263,0,0,30,8,38,96,59,83,63,301,34,64,98,399
05/13/2015,TUL,OK,ASW,CE,Combined TRACON& Tower with Radar,95,52,83,25,255,0,2,21,3,26,95,54,104,28,281,0,0,0,281
05/14/2015,TUL,OK,ASW,CE,Combined TRACON& Tower with Radar,102,54,84,27,267,0,2,16,5,23,102,56,100,32,290,42,68,110,400
05/15/2015,TUL,OK,ASW,CE,Combined TRACON& Tower with Radar,102,55,41,42,240,0,0,11,8,19,102,55,52,50,259,0,40,40,299
05/16/2015,TUL,OK,ASW,CE,Combined TRACON& Tower with Radar,72,40,24,0,136,0,0,9,0,9,72,40,33,0,145,0,0,0,145
05/17/2015,TUL,OK,ASW,CE,Combined TRACON& Tower with Radar,92,44,39,2,177,0,3,35,1,39,92,47,74,3,216,0,0,0,216
05/18/2015,TUL,OK,ASW,CE,Combined TRACON& Tower with Radar,99,56,45,53,253,0,1,32,0,33,99,57,77,53,286,0,0,0,286
05/19/2015,TUL,OK,ASW,CE,Combined TRACON& Tower with Radar,94,52,53,26,225,0,0,17,3,20,94,52,70,29,245,22,36,58,303
05/20/2015,TUL,OK,ASW,CE,Combined TRACON& Tower with Radar,94,65,56,30,245,0,0,17,6,23,94,65,73,36,268,60,46,106,374
05/21/2015,TUL,OK,ASW,CE,Combined TRACON& Tower with Radar,103,69,99,58,329,0,0,33,2,35,103,69,132,60,364,34,56,90,454
05/22/2015,TUL,OK,ASW,CE,Combined TRACON& Tower with Radar,97,54,33,8,192,0,0,20,4,24,97,54,53,12,216,0,10,10,226
05/23/2015,TUL,OK,ASW,CE,Combined TRACON& Tower with Radar,75,23,24,2,124,0,1,6,0,7,75,24,30,2,131,0,0,0,131
05/24/2015,TUL,OK,ASW,CE,Combined TRACON& Tower with Radar,87,26,17,0,130,0,0,1,0,1,87,26,18,0,131,0,0,0,131
05/25/2015,TUL,OK,ASW,CE,Combined TRACON& Tower with Radar,79,35,35,0,149,0,0,1,0,1,79,35,36,0,150,0,0,0,150
05/26/2015,TUL,OK,ASW,CE,Combined TRACON& Tower with Radar,105,46,47,42,240,0,1,28,0,29,105,47,75,42,269,0,6,6,275
05/27/2015,TUL,OK,ASW,CE,Combined TRACON& Tower with Radar,113,51,62,39,265,0,0,39,3,42,113,51,101,42,307,34,50,84,391
05/28/2015,TUL,OK,ASW,CE,Combined TRACON& Tower with Radar,125,51,45,32,253,0,1,19,7,27,125,52,64,39,280,34,70,104,384
05/29/2015,TUL,OK,ASW,CE,Combined TRACON& Tower with Radar,118,52,42,5,217,0,0,3,0,3,118,52,45,5,220,0,0,0,220
05/30/2015,TUL,OK,ASW,CE,Combined TRACON& Tower with Radar,70,34,34,0,138,0,0,0,0,0,70,34,34,0,138,0,0,0,138
05/31/2015,TUL,OK,ASW,CE,Combined TRACON& Tower with Radar,84,34,33,4,155,0,0,19,7,26,84,34,52,11,181,0,14,14,195
06/01/2015,TUL,OK,ASW,CE,Combined TRACON& Tower with Radar,96,50,52,22,220,0,0,27,0,27,96,50,79,22,247,0,0,0,247
06/02/2015,TUL,OK,ASW,CE,Combined TRACON& Tower with Radar,105,49,51,41,246,0,0,50,8,58,105,49,101,49,304,126,60,186,490
06/03/2015,TUL,OK,ASW,CE,Combined TRACON& Tower with Radar,97,62,38,46,243,0,0,32,2,34,97,62,70,48,277,24,72,96,373
06/04/2015,TUL,OK,ASW,CE,Combined TRACON& Tower with Radar,92,73,57,52,274,0,2,45,7,54,92,75,102,59,328,50,12,62,390
06/05/2015,TUL,OK,ASW,CE,Combined TRACON& Tower with Radar,92,61,23,31,207,0,2,48,6,56,92,63,71,37,263,24,20,44,307
06/06/2015,TUL,OK,ASW,CE,Combined TRACON& Tower with Radar,68,47,12,4,131,0,0,38,0,38,68,47,50,4,169,20,0,20,189
06/07/2015,TUL,OK,ASW,CE,Combined TRACON& Tower with Radar,72,51,33,15,171,0,1,24,3,28,72,52,57,18,199,0,0,0,199
06/08/2015,TUL,OK,ASW,CE,Combined TRACON& Tower with Radar,88,55,41,46,230,0,0,44,0,44,88,55,85,46,274,10,10,20,294
06/09/2015,TUL,OK,ASW,CE,Combined TRACON& Tower with Radar,82,74,64,38,258,0,0,37,10,47,82,74,101,48,305,4,8,12,317
06/10/2015,TUL,OK,ASW,CE,Combined TRACON& Tower with Radar,98,67,57,65,287,0,0,44,1,45,98,67,101,66,332,14,46,60,392
06/11/2015,TUL,OK,ASW,CE,Combined TRACON& Tower with Radar,94,66,90,22,272,0,1,43,2,46,94,67,133,24,318,16,28,44,362
06/12/2015,TUL,OK,ASW,CE,Combined TRACON& Tower with Radar,91,58,52,24,225,0,0,25,6,31,91,58,77,30,256,38,2,40,296
06/13/2015,TUL,OK,ASW,CE,Combined TRACON& Tower with Radar,72,44,36,4,156,0,0,21,1,22,72,44,57,5,178,28,0,28,206
06/14/2015,TUL,OK,ASW,CE,Combined TRACON& Tower with Radar,78,54,27,6,165,0,0,4,0,4,78,54,31,6,169,4,0,4,173
06/15/2015,TUL,OK,ASW,CE,Combined TRACON& Tower with Radar,78,58,36,16,188,0,0,4,0,4,78,58,40,16,192,0,0,0,192
06/16/2015,TUL,OK,ASW,CE,Combined TRACON& Tower with Radar,81,64,43,15,203,0,0,11,3,14,81,64,54,18,217,0,0,0,217
06/17/2015,TUL,OK,ASW,CE,Combined TRACON& Tower with Radar,93,57,25,21,196,0,0,0,0,0,93,57,25,21,196,80,64,144,340
06/18/2015,TUL,OK,ASW,CE,Combined TRACON& Tower with Radar,90,63,33,17,203,0,0,9,2,11,90,63,42,19,214,0,0,0,214
06/19/2015,TUL,OK,ASW,CE,Combined TRACON& Tower with Radar,100,55,47,46,248,0,0,33,4,37,100,55,80,50,285,16,0,16,301
06/20/2015,TUL,OK,ASW,CE,Combined TRACON& Tower with Radar,73,48,33,2,156,0,1,32,2,35,73,49,65,4,191,0,0,0,191
06/21/2015,TUL,OK,ASW,CE,Combined TRACON& Tower with Radar,80,53,33,0,166,0,0,7,0,7,80,53,40,0,173,0,0,0,173
06/22/2015,TUL,OK,ASW,CE,Combined TRACON& Tower with Radar,94,51,43,40,228,0,2,35,4,41,94,53,78,44,269,0,0,0,269
06/23/2015,TUL,OK,ASW,CE,Combined TRACON& Tower with Radar,89,70,50,40,249,0,2,58,10,70,89,72,108,50,319,0,0,0,319
06/24/2015,TUL,OK,ASW,CE,Combined TRACON& Tower with Radar,89,68,37,64,258,1,2,36,11,50,90,70,73,75,308,0,0,0,308
06/25/2015,TUL,OK,ASW,CE,Combined TRACON& Tower with Radar,93,55,34,8,190,4,8,39,7,58,97,63,73,15,248,0,0,0,248
06/26/2015,TUL,OK,ASW,CE,Combined TRACON& Tower with Radar,96,63,35,0,194,0,9,23,0,32,96,72,58,0,226,0,0,0,226
06/27/2015,TUL,OK,ASW,CE,Combined TRACON& Tower with Radar,76,43,29,6,154,0,0,23,1,24,76,43,52,7,178,0,0,0,178
06/28/2015,TUL,OK,ASW,CE,Combined TRACON& Tower with Radar,75,58,46,7,186,0,0,25,1,26,75,58,71,8,212,0,0,0,212
06/29/2015,TUL,OK,ASW,CE,Combined TRACON& Tower with Radar,91,54,41,15,201,0,1,36,4,41,91,55,77,19,242,0,0,0,242
06/30/2015,TUL,OK,ASW,CE,Combined TRACON& Tower with Radar,102,67,57,10,236,0,1,45,11,57,102,68,102,21,293,0,0,0,293
07/01/2015,TUL,OK,ASW,CE,Combined TRACON& Tower with Radar,85,67,53,13,218,0,1,40,2,43,85,68,93,15,261,0,0,0,261
07/02/2015,TUL,OK,ASW,CE,Combined TRACON& Tower with Radar,90,63,33,1,187,0,0,26,0,26,90,63,59,1,213,0,0,0,213
07/03/2015,TUL,OK,ASW,CE,Combined TRACON& Tower with Radar,87,43,18,1,149,0,1,15,0,16,87,44,33,1,165,0,0,0,165
07/04/2015,TUL,OK,ASW,CE,Combined TRACON& Tower with Radar,59,25,9,0,93,0,0,19,0,19,59,25,28,0,112,0,0,0,112
07/05/2015,TUL,OK,ASW,CE,Combined TRACON& Tower with Radar,81,36,23,2,142,0,0,13,0,13,81,36,36,2,155,0,0,0,155
07/06/2015,TUL,OK,ASW,CE,Combined TRACON& Tower with Radar,85,64,55,9,213,0,0,19,3,22,85,64,74,12,235,0,0,0,235
07/07/2015,TUL,OK,ASW,CE,Combined TRACON& Tower with Radar,85,54,52,8,199,0,0,3,1,4,85,54,55,9,203,0,0,0,203
07/08/2015,TUL,OK,ASW,CE,Combined TRACON& Tower with Radar,91,63,54,15,223,0,0,0,9,9,91,63,54,24,232,0,0,0,232
07/09/2015,TUL,OK,ASW,CE,Combined TRACON& Tower with Radar,81,69,41,7,198,0,1,6,1,8,81,70,47,8,206,0,0,0,206
07/10/2015,TUL,OK,ASW,CE,Combined TRACON& Tower with Radar,92,67,39,2,200,0,1,44,8,53,92,68,83,10,253,0,0,0,253
07/11/2015,TUL,OK,ASW,CE,Combined TRACON& Tower with Radar,66,37,34,12,149,0,0,35,0,35,66,37,69,12,184,0,0,0,184
07/12/2015,TUL,OK,ASW,CE,Combined TRACON& Tower with Radar,81,44,35,1,161,0,0,23,1,24,81,44,58,2,185,0,0,0,185
07/13/2015,TUL,OK,ASW,CE,Combined TRACON& Tower with Radar,77,61,37,12,187,0,0,30,1,31,77,61,67,13,218,0,0,0,218
07/14/2015,TUL,OK,ASW,CE,Combined TRACON& Tower with Radar,76,59,56,19,210,0,0,31,0,31,76,59,87,19,241,22,24,46,287
07/15/2015,TUL,OK,ASW,CE,Combined TRACON& Tower with Radar,82,70,50,32,234,0,0,34,2,36,82,70,84,34,270,62,60,122,392
07/16/2015,TUL,OK,ASW,CE,Combined TRACON& Tower with Radar,84,80,45,55,264,0,0,53,8,61,84,80,98,63,325,0,0,0,325
07/17/2015,TUL,OK,ASW,CE,Combined TRACON& Tower with Radar,88,56,38,7,189,0,0,28,4,32,88,56,66,11,221,0,0,0,221
07/18/2015,TUL,OK,ASW,CE,Combined TRACON& Tower with Radar,74,44,20,1,139,0,0,31,5,36,74,44,51,6,175,0,0,0,175
07/19/2015,TUL,OK,ASW,CE,Combined TRACON& Tower with Radar,90,41,23,0,154,0,0,22,0,22,90,41,45,0,176,0,0,0,176
07/20/2015,TUL,OK,ASW,CE,Combined TRACON& Tower with Radar,83,62,49,39,233,0,0,30,2,32,83,62,79,41,265,0,0,0,265
07/21/2015,TUL,OK,ASW,CE,Combined TRACON& Tower with Radar,77,58,47,7,189,0,1,11,8,20,77,59,58,15,209,0,0,0,209
07/22/2015,TUL,OK,ASW,CE,Combined TRACON& Tower with Radar,90,68,48,28,234,0,2,17,4,23,90,70,65,32,257,0,0,0,257
07/23/2015,TUL,OK,ASW,CE,Combined TRACON& Tower with Radar,86,65,38,18,207,0,2,27,3,32,86,67,65,21,239,0,0,0,239
07/24/2015,TUL,OK,ASW,CE,Combined TRACON& Tower with Radar,86,59,44,14,203,0,0,29,12,41,86,59,73,26,244,0,0,0,244
07/25/2015,TUL,OK,ASW,CE,Combined TRACON& Tower with Radar,68,42,29,1,140,0,2,21,4,27,68,44,50,5,167,0,0,0,167
07/26/2015,TUL,OK,ASW,CE,Combined TRACON& Tower with Radar,87,47,28,2,164,0,2,18,1,21,87,49,46,3,185,0,0,0,185
07/27/2015,TUL,OK,ASW,CE,Combined TRACON& Tower with Radar,82,71,42,38,233,0,0,23,2,25,82,71,65,40,258,0,0,0,258
07/28/2015,TUL,OK,ASW,CE,Combined TRACON& Tower with Radar,91,59,48,14,212,0,0,52,4,56,91,59,100,18,268,0,0,0,268
07/29/2015,TUL,OK,ASW,CE,Combined TRACON& Tower with Radar,86,72,47,19,224,0,0,41,2,43,86,72,88,21,267,0,0,0,267
07/30/2015,TUL,OK,ASW,CE,Combined TRACON& Tower with Radar,83,63,56,19,221,0,2,31,3,36,83,65,87,22,257,0,0,0,257
07/31/2015,TUL,OK,ASW,CE,Combined TRACON& Tower with Radar,95,57,50,42,244,0,1,43,5,49,95,58,93,47,293,0,0,0,293
08/01/2015,TUL,OK,ASW,CE,Combined TRACON& Tower with Radar,76,36,21,10,143,0,6,22,0,28,76,42,43,10,171,0,0,0,171
08/02/2015,TUL,OK,ASW,CE,Combined TRACON& Tower with Radar,92,42,24,3,161,0,1,23,0,24,92,43,47,3,185,0,0,0,185
08/03/2015,TUL,OK,ASW,CE,Combined TRACON& Tower with Radar,83,58,30,13,184,0,0,27,2,29,83,58,57,15,213,0,0,0,213
08/04/2015,TUL,OK,ASW,CE,Combined TRACON& Tower with Radar,87,64,21,49,221,0,0,18,7,25,87,64,39,56,246,0,0,0,246
08/05/2015,TUL,OK,ASW,CE,Combined TRACON& Tower with Radar,88,74,31,24,217,0,0,22,2,24,88,74,53,26,241,0,0,0,241
08/06/2015,TUL,OK,ASW,CE,Combined TRACON& Tower with Radar,113,64,62,24,263,0,1,30,3,34,113,65,92,27,297,0,0,0,297
08/07/2015,TUL,OK,ASW,CE,Combined TRACON& Tower with Radar,89,54,28,16,187,0,0,34,7,41,89,54,62,23,228,0,0,0,228
08/08/2015,TUL,OK,ASW,CE,Combined TRACON& Tower with Radar,71,46,23,2,142,0,0,27,1,28,71,46,50,3,170,0,0,0,170
08/09/2015,TUL,OK,ASW,CE,Combined TRACON& Tower with Radar,91,32,34,10,167,0,2,16,0,18,91,34,50,10,185,0,0,0,185
08/10/2015,TUL,OK,ASW,CE,Combined TRACON& Tower with Radar,91,60,42,11,204,0,0,12,2,14,91,60,54,13,218,0,0,0,218
08/11/2015,TUL,OK,ASW,CE,Combined TRACON& Tower with Radar,86,52,41,42,221,0,3,37,6,46,86,55,78,48,267,0,0,0,267
08/12/2015,TUL,OK,ASW,CE,Combined TRACON& Tower with Radar,92,61,64,34,251,0,1,39,2,42,92,62,103,36,293,0,0,0,293
08/13/2015,TUL,OK,ASW,CE,Combined TRACON& Tower with Radar,84,58,54,35,231,0,3,22,7,32,84,61,76,42,263,0,0,0,263
08/14/2015,TUL,OK,ASW,CE,Combined TRACON& Tower with Radar,92,51,59,12,214,0,0,18,6,24,92,51,77,18,238,0,0,0,238
08/15/2015,TUL,OK,ASW,CE,Combined TRACON& Tower with Radar,70,39,29,6,144,0,0,41,0,41,70,39,70,6,185,0,0,0,185
08/16/2015,TUL,OK,ASW,CE,Combined TRACON& Tower with Radar,89,36,39,5,169,0,1,20,2,23,89,37,59,7,192,0,0,0,192
08/17/2015,TUL,OK,ASW,CE,Combined TRACON& Tower with Radar,86,58,53,31,228,0,1,33,3,37,86,59,86,34,265,0,0,0,265
08/18/2015,TUL,OK,ASW,CE,Combined TRACON& Tower with Radar,85,54,32,36,207,0,1,16,4,21,85,55,48,40,228,4,42,46,274
08/19/2015,TUL,OK,ASW,CE,Combined TRACON& Tower with Radar,86,65,46,25,222,0,0,12,5,17,86,65,58,30,239,0,0,0,239
08/20/2015,TUL,OK,ASW,CE,Combined TRACON& Tower with Radar,74,61,59,32,226,0,2,41,6,49,74,63,100,38,275,0,0,0,275
08/21/2015,TUL,OK,ASW,CE,Combined TRACON& Tower with Radar,82,56,32,18,188,0,0,4,1,5,82,56,36,19,193,0,0,0,193
08/22/2015,TUL,OK,ASW,CE,Combined TRACON& Tower with Radar,53,36,14,2,105,0,0,15,1,16,53,36,29,3,121,0,0,0,121
08/23/2015,TUL,OK,ASW,CE,Combined TRACON& Tower with Radar,73,45,27,12,157,0,1,12,4,17,73,46,39,16,174,0,0,0,174
08/24/2015,TUL,OK,ASW,CE,Combined TRACON& Tower with Radar,77,60,52,23,212,0,1,31,2,34,77,61,83,25,246,0,0,0,246
08/25/2015,TUL,OK,ASW,CE,Combined TRACON& Tower with Radar,74,54,44,28,200,0,0,33,11,44,74,54,77,39,244,0,0,0,244
08/26/2015,TUL,OK,ASW,CE,Combined TRACON& Tower with Radar,97,45,58,32,232,0,0,39,5,44,97,45,97,37,276,0,0,0,276
08/27/2015,TUL,OK,ASW,CE,Combined TRACON& Tower with Radar,82,72,70,13,237,0,0,25,16,41,82,72,95,29,278,0,0,0,278
08/28/2015,TUL,OK,ASW,CE,Combined TRACON& Tower with Radar,81,65,33,110,289,0,0,34,4,38,81,65,67,114,327,0,0,0,327
08/29/2015,TUL,OK,ASW,CE,Combined TRACON& Tower with Radar,62,34,20,2,118,0,1,28,1,30,62,35,48,3,148,0,0,0,148
08/30/2015,TUL,OK,ASW,CE,Combined TRACON& Tower with Radar,74,47,24,0,145,0,2,19,1,22,74,49,43,1,167,0,0,0,167
08/31/2015,TUL,OK,ASW,CE,Combined TRACON& Tower with Radar,81,63,53,90,287,0,2,33,3,38,81,65,86,93,325,0,0,0,325
09/01/2015,TUL,OK,ASW,CE,Combined TRACON& Tower with Radar,78,64,35,57,234,0,1,34,7,42,78,65,69,64,276,0,0,0,276
09/02/2015,TUL,OK,ASW,CE,Combined TRACON& Tower with Radar,75,66,47,45,233,0,1,30,8,39,75,67,77,53,272,0,0,0,272
09/03/2015,TUL,OK,ASW,CE,Combined TRACON& Tower with Radar,76,70,51,40,237,0,0,37,10,47,76,70,88,50,284,0,0,0,284
09/04/2015,TUL,OK,ASW,CE,Combined TRACON& Tower with Radar,82,67,58,7,214,0,0,27,6,33,82,67,85,13,247,0,0,0,247
09/05/2015,TUL,OK,ASW,CE,Combined TRACON& Tower with Radar,45,32,19,0,96,0,0,25,0,25,45,32,44,0,121,0,0,0,121
09/06/2015,TUL,OK,ASW,CE,Combined TRACON& Tower with Radar,52,36,25,0,113,0,0,17,0,17,52,36,42,0,130,0,0,0,130
09/07/2015,TUL,OK,ASW,CE,Combined TRACON& Tower with Radar,75,50,30,0,155,0,1,23,0,24,75,51,53,0,179,0,0,0,179
09/08/2015,TUL,OK,ASW,CE,Combined TRACON& Tower with Radar,74,50,43,53,220,0,0,23,1,24,74,50,66,54,244,0,0,0,244
09/09/2015,TUL,OK,ASW,CE,Combined TRACON& Tower with Radar,82,50,51,15,198,0,0,23,3,26,82,50,74,18,224,0,0,0,224
09/10/2015,TUL,OK,ASW,CE,Combined TRACON& Tower with Radar,87,68,60,28,243,0,4,30,8,42,87,72,90,36,285,0,0,0,285
09/11/2015,TUL,OK,ASW,CE,Combined TRACON& Tower with Radar,99,59,51,26,235,0,0,15,7,22,99,59,66,33,257,0,0,0,257
09/12/2015,TUL,OK,ASW,CE,Combined TRACON& Tower with Radar,61,36,29,16,142,0,0,40,3,43,61,36,69,19,185,0,0,0,185
09/13/2015,TUL,OK,ASW,CE,Combined TRACON& Tower with Radar,82,45,40,0,167,0,2,15,4,21,82,47,55,4,188,0,0,0,188
09/14/2015,TUL,OK,ASW,CE,Combined TRACON& Tower with Radar,91,60,37,24,212,0,0,19,2,21,91,60,56,26,233,0,0,0,233
09/15/2015,TUL,OK,ASW,CE,Combined TRACON& Tower with Radar,88,56,76,20,240,0,2,60,3,65,88,58,136,23,305,0,0,0,305
09/16/2015,TUL,OK,ASW,CE,Combined TRACON& Tower with Radar,89,54,48,29,220,0,0,27,3,30,89,54,75,32,250,6,10,16,266
09/17/2015,TUL,OK,ASW,CE,Combined TRACON& Tower with Radar,94,64,49,32,239,0,1,34,8,43,94,65,83,40,282,0,0,0,282
09/18/2015,TUL,OK,ASW,CE,Combined TRACON& Tower with Radar,91,55,41,12,199,0,0,28,4,32,91,55,69,16,231,0,0,0,231
09/19/2015,TUL,OK,ASW,CE,Combined TRACON& Tower with Radar,54,34,26,2,116,0,0,16,0,16,54,34,42,2,132,0,0,0,132
09/20/2015,TUL,OK,ASW,CE,Combined TRACON& Tower with Radar,79,41,26,0,146,0,1,5,2,8,79,42,31,2,154,0,0,0,154
09/21/2015,TUL,OK,ASW,CE,Combined TRACON& Tower with Radar,85,51,46,23,205,0,1,31,0,32,85,52,77,23,237,0,0,0,237
09/22/2015,TUL,OK,ASW,CE,Combined TRACON& Tower with Radar,82,61,68,44,255,0,0,49,1,50,82,61,117,45,305,0,0,0,305
09/23/2015,TUL,OK,ASW,CE,Combined TRACON& Tower with Radar,80,69,64,35,248,0,0,29,4,33,80,69,93,39,281,0,0,0,281
09/24/2015,TUL,OK,ASW,CE,Combined TRACON& Tower with Radar,85,68,45,42,240,0,0,24,5,29,85,68,69,47,269,0,0,0,269
09/25/2015,TUL,OK,ASW,CE,Combined TRACON& Tower with Radar,88,55,49,17,209,0,0,36,2,38,88,55,85,19,247,0,0,0,247
09/26/2015,TUL,OK,ASW,CE,Combined TRACON& Tower with Radar,54,38,29,0,121,0,0,35,0,35,54,38,64,0,156,0,0,0,156
09/27/2015,TUL,OK,ASW,CE,Combined TRACON& Tower with Radar,78,57,28,0,163,0,1,28,0,29,78,58,56,0,192,0,0,0,192
09/28/2015,TUL,OK,ASW,CE,Combined TRACON& Tower with Radar,84,56,54,26,220,0,1,32,0,33,84,57,86,26,253,60,48,108,361
09/29/2015,TUL,OK,ASW,CE,Combined TRACON& Tower with Radar,92,52,62,13,219,0,0,28,1,29,92,52,90,14,248,0,0,0,248
09/30/2015,TUL,OK,ASW,CE,Combined TRACON& Tower with Radar,91,62,66,5,224,0,0,9,10,19,91,62,75,15,243,0,0,0,243
10/01/2015,TUL,OK,ASW,CE,Combined TRACON& Tower with Radar,84,62,55,1,202,0,0,28,4,32,84,62,83,5,234,0,0,0,234
10/02/2015,TUL,OK,ASW,CE,Combined TRACON& Tower with Radar,96,59,49,39,243,0,3,38,1,42,96,62,87,40,285,0,84,84,369
10/03/2015,TUL,OK,ASW,CE,Combined TRACON& Tower with Radar,58,38,22,2,120,0,2,33,0,35,58,40,55,2,155,0,0,0,155
10/04/2015,TUL,OK,ASW,CE,Combined TRACON& Tower with Radar,80,37,40,0,157,0,0,21,0,21,80,37,61,0,178,0,0,0,178
10/05/2015,TUL,OK,ASW,CE,Combined TRACON& Tower with Radar,85,55,47,5,192,0,0,3,0,3,85,55,50,5,195,0,0,0,195
10/06/2015,TUL,OK,ASW,CE,Combined TRACON& Tower with Radar,88,52,43,12,195,0,0,34,0,34,88,52,77,12,229,0,0,0,229
10/07/2015,TUL,OK,ASW,CE,Combined TRACON& Tower with Radar,90,58,58,6,212,0,0,23,0,23,90,58,81,6,235,0,0,0,235
10/08/2015,TUL,OK,ASW,CE,Combined TRACON& Tower with Radar,87,71,69,15,242,0,1,32,2,35,87,72,101,17,277,0,0,0,277
10/09/2015,TUL,OK,ASW,CE,Combined TRACON& Tower with Radar,92,62,39,0,193,0,0,21,0,21,92,62,60,0,214,0,0,0,214
10/10/2015,TUL,OK,ASW,CE,Combined TRACON& Tower with Radar,60,34,22,7,123,0,3,34,0,37,60,37,56,7,160,0,0,0,160
10/11/2015,TUL,OK,ASW,CE,Combined TRACON& Tower with Radar,78,42,23,0,143,0,0,22,0,22,78,42,45,0,165,0,0,0,165
10/12/2015,TUL,OK,ASW,CE,Combined TRACON& Tower with Radar,85,57,40,1,183,0,0,23,1,24,85,57,63,2,207,0,0,0,207
10/13/2015,TUL,OK,ASW,CE,Combined TRACON& Tower with Radar,85,56,51,11,203,0,0,48,2,50,85,56,99,13,253,0,0,0,253
10/14/2015,TUL,OK,ASW,CE,Combined TRACON& Tower with Radar,87,63,45,4,199,0,0,30,1,31,87,63,75,5,230,0,0,0,230
10/15/2015,TUL,OK,ASW,CE,Combined TRACON& Tower with Radar,86,65,51,9,211,0,1,19,0,20,86,66,70,9,231,0,0,0,231
10/16/2015,TUL,OK,ASW,CE,Combined TRACON& Tower with Radar,88,61,42,18,209,0,1,33,6,40,88,62,75,24,249,0,0,0,249
10/17/2015,TUL,OK,ASW,CE,Combined TRACON& Tower with Radar,62,35,15,3,115,0,0,19,4,23,62,35,34,7,138,0,0,0,138
10/18/2015,TUL,OK,ASW,CE,Combined TRACON& Tower with Radar,77,49,24,0,150,0,2,26,1,29,77,51,50,1,179,0,0,0,179
10/19/2015,TUL,OK,ASW,CE,Combined TRACON& Tower with Radar,85,60,50,6,201,0,0,19,0,19,85,60,69,6,220,24,0,24,244
10/20/2015,TUL,OK,ASW,CE,Combined TRACON& Tower with Radar,85,58,28,8,179,0,0,39,7,46,85,58,67,15,225,0,0,0,225
10/21/2015,TUL,OK,ASW,CE,Combined TRACON& Tower with Radar,91,59,42,13,205,0,2,29,6,37,91,61,71,19,242,0,0,0,242
10/22/2015,TUL,OK,ASW,CE,Combined TRACON& Tower with Radar,90,52,72,5,219,0,0,15,3,18,90,52,87,8,237,6,0,6,243
10/23/2015,TUL,OK,ASW,CE,Combined TRACON& Tower with Radar,95,65,31,4,195,0,0,4,3,7,95,65,35,7,202,0,0,0,202
10/24/2015,TUL,OK,ASW,CE,Combined TRACON& Tower with Radar,56,38,27,0,121,0,1,10,1,12,56,39,37,1,133,0,0,0,133
10/25/2015,TUL,OK,ASW,CE,Combined TRACON& Tower with Radar,81,52,27,0,160,0,0,27,0,27,81,52,54,0,187,0,0,0,187
10/26/2015,TUL,OK,ASW,CE,Combined TRACON& Tower with Radar,87,47,42,7,183,0,2,17,1,20,87,49,59,8,203,0,0,0,203
10/27/2015,TUL,OK,ASW,CE,Combined TRACON& Tower with Radar,85,63,53,3,204,0,0,14,4,18,85,63,67,7,222,0,0,0,222
10/28/2015,TUL,OK,ASW,CE,Combined TRACON& Tower with Radar,84,68,67,2,221,0,0,26,6,32,84,68,93,8,253,0,0,0,253
10/29/2015,TUL,OK,ASW,CE,Combined TRACON& Tower with Radar,97,62,55,9,223,0,0,38,8,46,97,62,93,17,269,0,0,0,269
10/30/2015,TUL,OK,ASW,CE,Combined TRACON& Tower with Radar,110,50,43,2,205,0,0,11,0,11,110,50,54,2,216,0,0,0,216
10/31/2015,TUL,OK,ASW,CE,Combined TRACON& Tower with Radar,71,34,9,0,114,0,2,3,0,5,71,36,12,0,119,0,0,0,119
11/01/2015,TUL,OK,ASW,CE,Combined TRACON& Tower with Radar,84,43,31,2,160,0,0,23,0,23,84,43,54,2,183,0,0,0,183
11/02/2015,TUL,OK,ASW,CE,Combined TRACON& Tower with Radar,95,61,26,4,186,0,0,13,0,13,95,61,39,4,199,0,0,0,199
11/03/2015,TUL,OK,ASW,CE,Combined TRACON& Tower with Radar,91,61,50,11,213,0,3,9,0,12,91,64,59,11,225,0,0,0,225
11/04/2015,TUL,OK,ASW,CE,Combined TRACON& Tower with Radar,82,61,35,15,193,0,0,21,1,22,82,61,56,16,215,0,0,0,215
11/05/2015,TUL,OK,ASW,CE,Combined TRACON& Tower with Radar,92,58,46,6,202,0,0,0,0,0,92,58,46,6,202,0,0,0,202
11/06/2015,TUL,OK,ASW,CE,Combined TRACON& Tower with Radar,101,48,62,14,225,0,2,40,9,51,101,50,102,23,276,22,16,38,314
11/07/2015,TUL,OK,ASW,CE,Combined TRACON& Tower with Radar,66,25,20,4,115,0,0,43,4,47,66,25,63,8,162,0,0,0,162
11/08/2015,TUL,OK,ASW,CE,Combined TRACON& Tower with Radar,79,42,38,3,162,0,0,27,0,27,79,42,65,3,189,0,0,0,189
11/09/2015,TUL,OK,ASW,CE,Combined TRACON& Tower with Radar,89,53,42,29,213,0,0,24,0,24,89,53,66,29,237,0,44,44,281
11/10/2015,TUL,OK,ASW,CE,Combined TRACON& Tower with Radar,82,52,70,11,215,0,0,22,6,28,82,52,92,17,243,0,0,0,243
11/11/2015,TUL,OK,ASW,CE,Combined TRACON& Tower with Radar,78,63,45,0,186,0,1,3,0,4,78,64,48,0,190,0,0,0,190
11/12/2015,TUL,OK,ASW,CE,Combined TRACON& Tower with Radar,88,75,60,6,229,0,0,50,5,55,88,75,110,11,284,0,0,0,284
11/13/2015,TUL,OK,ASW,CE,Combined TRACON& Tower with Radar,95,62,45,4,206,0,3,44,4,51,95,65,89,8,257,0,0,0,257
11/14/2015,TUL,OK,ASW,CE,Combined TRACON& Tower with Radar,71,21,14,0,106,0,0,29,3,32,71,21,43,3,138,0,0,0,138
11/15/2015,TUL,OK,ASW,CE,Combined TRACON& Tower with Radar,82,30,42,0,154,0,0,8,1,9,82,30,50,1,163,0,0,0,163
11/16/2015,TUL,OK,ASW,CE,Combined TRACON& Tower with Radar,84,63,40,1,188,0,0,1,0,1,84,63,41,1,189,0,0,0,189
11/17/2015,TUL,OK,ASW,CE,Combined TRACON& Tower with Radar,84,48,43,13,188,0,0,24,9,33,84,48,67,22,221,0,0,0,221
11/18/2015,TUL,OK,ASW,CE,Combined TRACON& Tower with Radar,81,61,51,9,202,0,1,24,10,35,81,62,75,19,237,0,0,0,237
11/19/2015,TUL,OK,ASW,CE,Combined TRACON& Tower with Radar,87,70,58,23,238,0,3,48,6,57,87,73,106,29,295,8,18,26,321
11/20/2015,TUL,OK,ASW,CE,Combined TRACON& Tower with Radar,94,60,49,14,217,0,1,25,5,31,94,61,74,19,248,0,0,0,248
11/21/2015,TUL,OK,ASW,CE,Combined TRACON& Tower with Radar,65,21,11,1,98,0,0,18,2,20,65,21,29,3,118,0,0,0,118
11/22/2015,TUL,OK,ASW,CE,Combined TRACON& Tower with Radar,73,38,23,2,136,0,0,38,0,38,73,38,61,2,174,0,0,0,174
11/23/2015,TUL,OK,ASW,CE,Combined TRACON& Tower with Radar,82,38,22,22,164,0,0,28,0,28,82,38,50,22,192,0,0,0,192
11/24/2015,TUL,OK,ASW,CE,Combined TRACON& Tower with Radar,94,60,35,14,203,0,1,21,8,30,94,61,56,22,233,0,0,0,233
11/25/2015,TUL,OK,ASW,CE,Combined TRACON& Tower with Radar,103,57,28,4,192,0,0,4,0,4,103,57,32,4,196,0,0,0,196
11/26/2015,TUL,OK,ASW,CE,Combined TRACON& Tower with Radar,45,23,4,0,72,0,0,0,0,0,45,23,4,0,72,0,0,0,72
11/27/2015,TUL,OK,ASW,CE,Combined TRACON& Tower with Radar,62,44,7,0,113,0,0,0,0,0,62,44,7,0,113,0,0,0,113
11/28/2015,TUL,OK,ASW,CE,Combined TRACON& Tower with Radar,76,51,16,0,143,0,0,0,0,0,76,51,16,0,143,0,0,0,143
11/29/2015,TUL,OK,ASW,CE,Combined TRACON& Tower with Radar,93,64,50,0,207,0,0,0,0,0,93,64,50,0,207,0,0,0,207
11/30/2015,TUL,OK,ASW,CE,Combined TRACON& Tower with Radar,89,74,32,2,197,0,0,1,0,1,89,74,33,2,198,0,0,0,198
12/01/2015,TUL,OK,ASW,CE,Combined TRACON& Tower with Radar,86,45,50,25,206,0,1,34,6,41,86,46,84,31,247,0,0,0,247
12/02/2015,TUL,OK,ASW,CE,Combined TRACON& Tower with Radar,86,54,42,11,193,0,4,37,6,47,86,58,79,17,240,36,24,60,300
12/03/2015,TUL,OK,ASW,CE,Combined TRACON& Tower with Radar,81,57,50,8,196,0,0,31,10,41,81,57,81,18,237,10,12,22,259
12/04/2015,TUL,OK,ASW,CE,Combined TRACON& Tower with Radar,83,69,43,6,201,0,0,36,7,43,83,69,79,13,244,0,0,0,244
12/05/2015,TUL,OK,ASW,CE,Combined TRACON& Tower with Radar,56,28,21,4,109,0,0,14,0,14,56,28,35,4,123,0,0,0,123
12/06/2015,TUL,OK,ASW,CE,Combined TRACON& Tower with Radar,76,43,19,0,138,0,0,13,0,13,76,43,32,0,151,0,0,0,151
12/07/2015,TUL,OK,ASW,CE,Combined TRACON& Tower with Radar,82,46,33,35,196,0,0,31,1,32,82,46,64,36,228,0,0,0,228
12/08/2015,TUL,OK,ASW,CE,Combined TRACON& Tower with Radar,82,56,56,21,215,0,1,34,7,42,82,57,90,28,257,8,30,38,295
12/09/2015,TUL,OK,ASW,CE,Combined TRACON& Tower with Radar,80,58,53,20,211,0,2,33,7,42,80,60,86,27,253,0,0,0,253
12/10/2015,TUL,OK,ASW,CE,Combined TRACON& Tower with Radar,85,71,60,32,248,0,1,27,10,38,85,72,87,42,286,0,0,0,286
12/11/2015,TUL,OK,ASW,CE,Combined TRACON& Tower with Radar,82,53,52,13,200,0,0,27,9,36,82,53,79,22,236,0,0,0,236
12/12/2015,TUL,OK,ASW,CE,Combined TRACON& Tower with Radar,52,36,18,11,117,0,0,3,1,4,52,36,21,12,121,0,0,0,121
12/13/2015,TUL,OK,ASW,CE,Combined TRACON& Tower with Radar,73,36,24,14,147,0,0,0,0,0,73,36,24,14,147,0,0,0,147
12/14/2015,TUL,OK,ASW,CE,Combined TRACON& Tower with Radar,82,51,48,16,197,0,1,16,3,20,82,52,64,19,217,4,18,22,239
12/15/2015,TUL,OK,ASW,CE,Combined TRACON& Tower with Radar,79,45,40,10,174,0,1,31,7,39,79,46,71,17,213,0,0,0,213
12/16/2015,TUL,OK,ASW,CE,Combined TRACON& Tower with Radar,93,53,46,7,199,0,0,31,3,34,93,53,77,10,233,0,0,0,233
12/17/2015,TUL,OK,ASW,CE,Combined TRACON& Tower with Radar,89,56,41,1,187,0,0,20,0,20,89,56,61,1,207,0,0,0,207
12/18/2015,TUL,OK,ASW,CE,Combined TRACON& Tower with Radar,88,47,54,10,199,0,1,57,8,66,88,48,111,18,265,0,0,0,265
12/19/2015,TUL,OK,ASW,CE,Combined TRACON& Tower with Radar,74,48,26,0,148,0,0,27,0,27,74,48,53,0,175,0,0,0,175
12/20/2015,TUL,OK,ASW,CE,Combined TRACON& Tower with Radar,73,32,20,4,129,0,0,0,0,0,73,32,20,4,129,0,0,0,129
12/21/2015,TUL,OK,ASW,CE,Combined TRACON& Tower with Radar,80,52,28,14,174,0,0,27,3,30,80,52,55,17,204,0,0,0,204
12/22/2015,TUL,OK,ASW,CE,Combined TRACON& Tower with Radar,91,51,38,7,187,0,0,20,13,33,91,51,58,20,220,0,0,0,220
12/23/2015,TUL,OK,ASW,CE,Combined TRACON& Tower with Radar,104,49,21,0,174,0,0,12,3,15,104,49,33,3,189,0,0,0,189
12/24/2015,TUL,OK,ASW,CE,Combined TRACON& Tower with Radar,65,39,19,0,123,0,0,16,1,17,65,39,35,1,140,0,0,0,140
12/25/2015,TUL,OK,ASW,CE,Combined TRACON& Tower with Radar,52,27,7,0,86,0,0,11,0,11,52,27,18,0,97,0,0,0,97
12/26/2015,TUL,OK,ASW,CE,Combined TRACON& Tower with Radar,67,59,21,0,147,0,0,1,0,1,67,59,22,0,148,0,0,0,148
12/27/2015,TUL,OK,ASW,CE,Combined TRACON& Tower with Radar,107,43,15,0,165,0,0,0,0,0,107,43,15,0,165,0,0,0,165
12/28/2015,TUL,OK,ASW,CE,Combined TRACON& Tower with Radar,80,54,27,0,161,0,0,2,0,2,80,54,29,0,163,0,0,0,163
12/29/2015,TUL,OK,ASW,CE,Combined TRACON& Tower with Radar,78,57,31,1,167,0,0,2,0,2,78,57,33,1,169,0,0,0,169
12/30/2015,TUL,OK,ASW,CE,Combined TRACON& Tower with Radar,86,68,36,12,202,0,0,17,0,17,86,68,53,12,219,0,0,0,219
12/31/2015,TUL,OK,ASW,CE,Combined TRACON& Tower with Radar,66,50,26,0,142,0,2,18,0,20,66,52,44,0,162,0,0,0,162
01/01/2016,TUL,OK,ASW,CE,Combined TRACON& Tower with Radar,57,32,21,0,110,0,0,18,0,18,57,32,39,0,128,0,0,0,128
01/02/2016,TUL,OK,ASW,CE,Combined TRACON& Tower with Radar,73,48,37,0,158,0,0,23,0,23,73,48,60,0,181,0,0,0,181
01/03/2016,TUL,OK,ASW,CE,Combined TRACON& Tower with Radar,87,51,43,0,181,0,2,16,0,18,87,53,59,0,199,0,0,0,199
01/04/2016,TUL,OK,ASW,CE,Combined TRACON& Tower with Radar,88,61,34,17,200,0,0,10,0,10,88,61,44,17,210,4,52,56,266
01/05/2016,TUL,OK,ASW,CE,Combined TRACON& Tower with Radar,74,48,36,31,189,0,2,20,8,30,74,50,56,39,219,0,0,0,219
01/06/2016,TUL,OK,ASW,CE,Combined TRACON& Tower with Radar,71,49,47,49,216,0,0,10,3,13,71,49,57,52,229,0,20,20,249
01/07/2016,TUL,OK,ASW,CE,Combined TRACON& Tower with Radar,75,57,40,17,189,0,0,0,0,0,75,57,40,17,189,0,0,0,189
01/08/2016,TUL,OK,ASW,CE,Combined TRACON& Tower with Radar,79,48,50,5,182,0,0,2,6,8,79,48,52,11,190,0,0,0,190
01/09/2016,TUL,OK,ASW,CE,Combined TRACON& Tower with Radar,51,28,15,0,94,0,0,0,7,7,51,28,15,7,101,0,0,0,101
01/10/2016,TUL,OK,ASW,CE,Combined TRACON& Tower with Radar,73,42,26,0,141,0,0,19,0,19,73,42,45,0,160,0,0,0,160
01/11/2016,TUL,OK,ASW,CE,Combined TRACON& Tower with Radar,77,49,44,30,200,0,2,22,2,26,77,51,66,32,226,0,0,0,226
01/12/2016,TUL,OK,ASW,CE,Combined TRACON& Tower with Radar,73,54,48,42,217,0,0,53,5,58,73,54,101,47,275,16,40,56,331
01/13/2016,TUL,OK,ASW,CE,Combined TRACON& Tower with Radar,74,47,59,44,224,0,0,45,7,52,74,47,104,51,276,22,64,86,362
01/14/2016,TUL,OK,ASW,CE,Combined TRACON& Tower with Radar,75,55,52,64,246,0,0,33,8,41,75,55,85,72,287,42,66,108,395
01/15/2016,TUL,OK,ASW,CE,Combined TRACON& Tower with Radar,82,55,44,18,199,0,4,41,13,58,82,59,85,31,257,26,76,102,359
01/16/2016,TUL,OK,ASW,CE,Combined TRACON& Tower with Radar,49,30,23,0,102,0,0,24,1,25,49,30,47,1,127,0,0,0,127
01/17/2016,TUL,OK,ASW,CE,Combined TRACON& Tower with Radar,63,41,33,0,137,0,0,14,0,14,63,41,47,0,151,0,0,0,151
01/18/2016,TUL,OK,ASW,CE,Combined TRACON& Tower with Radar,77,45,30,0,152,0,0,25,0,25,77,45,55,0,177,0,0,0,177
01/19/2016,TUL,OK,ASW,CE,Combined TRACON& Tower with Radar,71,59,55,21,206,0,0,6,1,7,71,59,61,22,213,0,0,0,213
01/20/2016,TUL,OK,ASW,CE,Combined TRACON& Tower with Radar,72,61,45,8,186,0,0,0,0,0,72,61,45,8,186,0,0,0,186
01/21/2016,TUL,OK,ASW,CE,Combined TRACON& Tower with Radar,74,52,54,0,180,0,0,1,6,7,74,52,55,6,187,0,0,0,187
01/22/2016,TUL,OK,ASW,CE,Combined TRACON& Tower with Radar,75,63,34,24,196,0,0,19,6,25,75,63,53,30,221,2,152,154,375
01/23/2016,TUL,OK,ASW,CE,Combined TRACON& Tower with Radar,55,23,27,13,118,18,0,23,0,41,73,23,50,13,159,0,0,0,159
01/24/2016,TUL,OK,ASW,CE,Combined TRACON& Tower with Radar,64,39,25,6,134,0,0,21,2,23,64,39,46,8,157,0,0,0,157
01/25/2016,TUL,OK,ASW,CE,Combined TRACON& Tower with Radar,81,54,33,31,199,0,2,2,0,4,81,56,35,31,203,0,24,24,227
01/26/2016,TUL,OK,ASW,CE,Combined TRACON& Tower with Radar,77,47,54,22,200,0,0,33,5,38,77,47,87,27,238,0,0,0,238
01/27/2016,TUL,OK,ASW,CE,Combined TRACON& Tower with Radar,75,59,49,10,193,0,1,43,7,51,75,60,92,17,244,72,4,76,320
01/28/2016,TUL,OK,ASW,CE,Combined TRACON& Tower with Radar,77,65,59,11,212,0,3,20,10,33,77,68,79,21,245,0,0,0,245
01/29/2016,TUL,OK,ASW,CE,Combined TRACON& Tower with Radar,80,56,27,2,165,0,1,18,7,26,80,57,45,9,191,0,0,0,191
01/30/2016,TUL,OK,ASW,CE,Combined TRACON& Tower with Radar,54,30,21,0,105,0,4,37,1,42,54,34,58,1,147,0,0,0,147
01/31/2016,TUL,OK,ASW,CE,Combined TRACON& Tower with Radar,65,37,31,0,133,0,2,17,0,19,65,39,48,0,152,0,0,0,152
02/01/2016,TUL,OK,ASW,CE,Combined TRACON& Tower with Radar,75,52,46,19,192,0,0,16,0,16,75,52,62,19,208,0,0,0,208
02/02/2016,TUL,OK,ASW,CE,Combined TRACON& Tower with Radar,69,46,45,23,183,0,0,16,7,23,69,46,61,30,206,0,0,0,206
02/03/2016,TUL,OK,ASW,CE,Combined TRACON& Tower with Radar,76,59,34,17,186,0,0,29,5,34,76,59,63,22,220,0,0,0,220
02/04/2016,TUL,OK,ASW,CE,Combined TRACON& Tower with Radar,77,53,44,24,198,0,0,31,5,36,77,53,75,29,234,0,58,58,292
02/05/2016,TUL,OK,ASW,CE,Combined TRACON& Tower with Radar,78,56,34,21,189,0,0,30,5,35,78,56,64,26,224,22,8,30,254
02/06/2016,TUL,OK,ASW,CE,Combined TRACON& Tower with Radar,52,29,23,8,112,0,0,35,3,38,52,29,58,11,150,0,0,0,150
02/07/2016,TUL,OK,ASW,CE,Combined TRACON& Tower with Radar,61,32,19,3,115,0,0,11,3,14,61,32,30,6,129,0,0,0,129
02/08/2016,TUL,OK,ASW,CE,Combined TRACON& Tower with Radar,75,46,39,66,226,0,1,12,5,18,75,47,51,71,244,0,0,0,244
02/09/2016,TUL,OK,ASW,CE,Combined TRACON& Tower with Radar,76,57,47,32,212,0,2,21,2,25,76,59,68,34,237,4,42,46,283
02/10/2016,TUL,OK,ASW,CE,Combined TRACON& Tower with Radar,71,58,51,20,200,0,0,20,5,25,71,58,71,25,225,0,76,76,301
02/11/2016,TUL,OK,ASW,CE,Combined TRACON& Tower with Radar,74,55,52,27,208,0,0,31,4,35,74,55,83,31,243,0,0,0,243
02/12/2016,TUL,OK,ASW,CE,Combined TRACON& Tower with Radar,87,64,51,28,230,0,0,41,4,45,87,64,92,32,275,56,74,130,405
02/13/2016,TUL,OK,ASW,CE,Combined TRACON& Tower with Radar,50,33,33,2,118,0,0,29,0,29,50,33,62,2,147,0,0,0,147
02/14/2016,TUL,OK,ASW,CE,Combined TRACON& Tower with Radar,74,32,17,1,124,0,3,9,0,12,74,35,26,1,136,0,0,0,136
02/15/2016,TUL,OK,ASW,CE,Combined TRACON& Tower with Radar,75,67,55,2,199,0,1,28,2,31,75,68,83,4,230,0,0,0,230
02/16/2016,TUL,OK,ASW,CE,Combined TRACON& Tower with Radar,74,56,40,34,204,0,0,30,4,34,74,56,70,38,238,0,0,0,238
02/17/2016,TUL,OK,ASW,CE,Combined TRACON& Tower with Radar,81,61,50,6,198,0,6,35,4,45,81,67,85,10,243,106,0,106,349
02/18/2016,TUL,OK,ASW,CE,Combined TRACON& Tower with Radar,76,61,38,30,205,0,0,16,10,26,76,61,54,40,231,0,0,0,231
02/19/2016,TUL,OK,ASW,CE,Combined TRACON& Tower with Radar,79,47,41,4,171,0,0,34,12,46,79,47,75,16,217,90,0,90,307
02/20/2016,TUL,OK,ASW,CE,Combined TRACON& Tower with Radar,58,33,29,0,120,0,0,29,1,30,58,33,58,1,150,68,0,68,218
02/21/2016,TUL,OK,ASW,CE,Combined TRACON& Tower with Radar,73,40,20,1,134,0,0,14,2,16,73,40,34,3,150,16,0,16,166
02/22/2016,TUL,OK,ASW,CE,Combined TRACON& Tower with Radar,73,60,47,38,218,0,1,32,3,36,73,61,79,41,254,80,24,104,358
02/23/2016,TUL,OK,ASW,CE,Combined TRACON& Tower with Radar,75,60,38,27,200,0,0,3,0,3,75,60,41,27,203,0,0,0,203
02/24/2016,TUL,OK,ASW,CE,Combined TRACON& Tower with Radar,72,46,47,61,226,0,0,13,5,18,72,46,60,66,244,34,84,118,362
02/25/2016,TUL,OK,ASW,CE,Combined TRACON& Tower with Radar,82,49,44,24,199,0,0,28,6,34,82,49,72,30,233,0,0,0,233
02/26/2016,TUL,OK,ASW,CE,Combined TRACON& Tower with Radar,78,48,46,12,184,0,2,35,6,43,78,50,81,18,227,32,8,40,267
02/27/2016,TUL,OK,ASW,CE,Combined TRACON& Tower with Radar,56,27,35,2,120,0,1,46,4,51,56,28,81,6,171,0,0,0,171
02/28/2016,TUL,OK,ASW,CE,Combined TRACON& Tower with Radar,71,36,37,0,144,0,0,12,0,12,71,36,49,0,156,30,0,30,186
02/29/2016,TUL,OK,ASW,CE,Combined TRACON& Tower with Radar,73,55,30,17,175,0,1,23,0,24,73,56,53,17,199,74,10,84,283
03/01/2016,TUL,OK,ASW,CE,Combined TRACON& Tower with Radar,76,44,45,28,193,0,3,19,3,25,76,47,64,31,218,10,12,22,240
03/02/2016,TUL,OK,ASW,CE,Combined TRACON& Tower with Radar,69,45,61,29,204,0,0,32,4,36,69,45,93,33,240,90,0,90,330
03/03/2016,TUL,OK,ASW,CE,Combined TRACON& Tower with Radar,78,50,53,16,197,0,0,36,8,44,78,50,89,24,241,70,0,70,311
03/04/2016,TUL,OK,ASW,CE,Combined TRACON& Tower with Radar,78,48,51,5,182,0,0,48,6,54,78,48,99,11,236,84,16,100,336
03/05/2016,TUL,OK,ASW,CE,Combined TRACON& Tower with Radar,56,37,30,11,134,0,2,48,4,54,56,39,78,15,188,30,4,34,222
03/06/2016,TUL,OK,ASW,CE,Combined TRACON& Tower with Radar,71,42,50,0,163,0,2,8,6,16,71,44,58,6,179,24,0,24,203
03/07/2016,TUL,OK,ASW,CE,Combined TRACON& Tower with Radar,78,50,48,59,235,0,1,5,0,6,78,51,53,59,241,36,0,36,277
03/08/2016,TUL,OK,ASW,CE,Combined TRACON& Tower with Radar,79,48,37,5,169,0,0,1,0,1,79,48,38,5,170,0,0,0,170
03/09/2016,TUL,OK,ASW,CE,Combined TRACON& Tower with Radar,83,44,45,14,186,0,0,2,2,4,83,44,47,16,190,26,0,26,216
03/10/2016,TUL,OK,ASW,CE,Combined TRACON& Tower with Radar,83,56,68,39,246,0,0,23,10,33,83,56,91,49,279,70,36,106,385
03/11/2016,TUL,OK,ASW,CE,Combined TRACON& Tower with Radar,85,58,42,12,197,0,0,13,1,14,85,58,55,13,211,12,6,18,229
03/12/2016,TUL,OK,ASW,CE,Combined TRACON& Tower with Radar,69,44,40,0,153,0,0,5,0,5,69,44,45,0,158,0,0,0,158
03/13/2016,TUL,OK,ASW,CE,Combined TRACON& Tower with Radar,75,29,27,0,131,0,0,2,0,2,75,29,29,0,133,0,0,0,133
03/14/2016,TUL,OK,ASW,CE,Combined TRACON& Tower with Radar,76,55,42,30,203,0,0,25,6,31,76,55,67,36,234,0,0,0,234
03/15/2016,TUL,OK,ASW,CE,Combined TRACON& Tower with Radar,80,56,32,66,234,0,1,33,11,45,80,57,65,77,279,12,34,46,325
03/16/2016,TUL,OK,ASW,CE,Combined TRACON& Tower with Radar,74,54,52,44,224,0,2,30,10,42,74,56,82,54,266,92,60,152,418
03/17/2016,TUL,OK,ASW,CE,Combined TRACON& Tower with Radar,73,57,56,12,198,0,2,34,8,44,73,59,90,20,242,36,0,36,278
03/18/2016,TUL,OK,ASW,CE,Combined TRACON& Tower with Radar,86,54,47,61,248,0,0,11,3,14,86,54,58,64,262,14,136,150,412
03/19/2016,TUL,OK,ASW,CE,Combined TRACON& Tower with Radar,67,57,43,1,168,0,1,29,4,34,67,58,72,5,202,0,0,0,202
03/20/2016,TUL,OK,ASW,CE,Combined TRACON& Tower with Radar,75,45,35,0,155,0,0,23,0,23,75,45,58,0,178,0,0,0,178
03/21/2016,TUL,OK,ASW,CE,Combined TRACON& Tower with Radar,77,46,40,37,200,0,0,23,4,27,77,46,63,41,227,0,0,0,227
03/22/2016,TUL,OK,ASW,CE,Combined TRACON& Tower with Radar,77,54,33,28,192,0,0,11,9,20,77,54,44,37,212,0,0,0,212
03/23/2016,TUL,OK,ASW,CE,Combined TRACON& Tower with Radar,75,62,55,24,216,0,0,17,4,21,75,62,72,28,237,2,28,30,267
03/24/2016,TUL,OK,ASW,CE,Combined TRACON& Tower with Radar,85,53,61,50,249,0,1,24,7,32,85,54,85,57,281,0,0,0,281
03/25/2016,TUL,OK,ASW,CE,Combined TRACON& Tower with Radar,84,46,47,9,186,0,0,58,9,67,84,46,105,18,253,8,10,18,271
03/26/2016,TUL,OK,ASW,CE,Combined TRACON& Tower with Radar,69,29,14,4,116,0,0,20,2,22,69,29,34,6,138,0,0,0,138
03/27/2016,TUL,OK,ASW,CE,Combined TRACON& Tower with Radar,78,27,16,2,123,0,0,11,2,13,78,27,27,4,136,0,0,0,136
03/28/2016,TUL,OK,ASW,CE,Combined TRACON& Tower with Radar,71,47,50,18,186,0,2,24,1,27,71,49,74,19,213,22,2,24,237
03/29/2016,TUL,OK,ASW,CE,Combined TRACON& Tower with Radar,75,54,45,34,208,0,1,23,14,38,75,55,68,48,246,0,56,56,302
03/30/2016,TUL,OK,ASW,CE,Combined TRACON& Tower with Radar,68,47,25,11,151,0,1,7,2,10,68,48,32,13,161,0,0,0,161
03/31/2016,TUL,OK,ASW,CE,Combined TRACON& Tower with Radar,75,48,50,58,231,0,0,40,12,52,75,48,90,70,283,2,30,32,315
04/01/2016,TUL,OK,ASW,CE,Combined TRACON& Tower with Radar,84,50,45,15,194,0,0,27,5,32,84,50,72,20,226,40,50,90,316
04/02/2016,TUL,OK,ASW,CE,Combined TRACON& Tower with Radar,67,36,27,17,147,0,1,32,6,39,67,37,59,23,186,66,40,106,292
04/03/2016,TUL,OK,ASW,CE,Combined TRACON& Tower with Radar,75,42,29,10,156,0,0,26,3,29,75,42,55,13,185,38,24,62,247
04/04/2016,TUL,OK,ASW,CE,Combined TRACON& Tower with Radar,74,48,28,25,175,0,1,25,2,28,74,49,53,27,203,60,48,108,311
04/05/2016,TUL,OK,ASW,CE,Combined TRACON& Tower with Radar,73,57,43,33,206,0,0,12,7,19,73,57,55,40,225,38,0,38,263
04/06/2016,TUL,OK,ASW,CE,Combined TRACON& Tower with Radar,74,66,42,43,225,0,1,12,8,21,74,67,54,51,246,24,34,58,304
04/07/2016,TUL,OK,ASW,CE,Combined TRACON& Tower with Radar,82,57,56,40,235,0,0,32,13,45,82,57,88,53,280,40,48,88,368
04/08/2016,TUL,OK,ASW,CE,Combined TRACON& Tower with Radar,88,55,53,3,199,0,1,31,13,45,88,56,84,16,244,80,0,80,324
04/09/2016,TUL,OK,ASW,CE,Combined TRACON& Tower with Radar,60,31,17,0,108,0,1,15,0,16,60,32,32,0,124,74,32,106,230
04/10/2016,TUL,OK,ASW,CE,Combined TRACON& Tower with Radar,71,39,33,0,143,0,0,8,2,10,71,39,41,2,153,54,0,54,207
04/11/2016,TUL,OK,ASW,CE,Combined TRACON& Tower with Radar,82,51,17,37,187,0,2,9,0,11,82,53,26,37,198,0,28,28,226
04/12/2016,TUL,OK,ASW,CE,Combined TRACON& Tower with Radar,73,54,68,43,238,0,0,40,3,43,73,54,108,46,281,28,42,70,351
04/13/2016,TUL,OK,ASW,CE,Combined TRACON& Tower with Radar,76,52,54,20,202,0,1,13,3,17,76,53,67,23,219,2,36,38,257
04/14/2016,TUL,OK,ASW,CE,Combined TRACON& Tower with Radar,76,58,61,82,277,0,3,38,9,50,76,61,99,91,327,24,148,172,499
04/15/2016,TUL,OK,ASW,CE,Combined TRACON& Tower with Radar,85,55,61,22,223,0,0,43,5,48,85,55,104,27,271,72,60,132,403
04/16/2016,TUL,OK,ASW,CE,Combined TRACON& Tower with Radar,50,39,27,0,116,0,0,5,3,8,50,39,32,3,124,0,0,0,124
04/17/2016,TUL,OK,ASW,CE,Combined TRACON& Tower with Radar,55,39,20,0,114,0,0,0,1,1,55,39,20,1,115,0,0,0,115
04/18/2016,TUL,OK,ASW,CE,Combined TRACON& Tower with Radar,74,41,56,15,186,0,0,0,0,0,74,41,56,15,186,0,0,0,186
04/19/2016,TUL,OK,ASW,CE,Combined TRACON& Tower with Radar,73,56,31,17,177,0,0,1,0,1,73,56,32,17,178,0,0,0,178
04/20/2016,TUL,OK,ASW,CE,Combined TRACON& Tower with Radar,72,55,68,45,240,0,3,12,2,17,72,58,80,47,257,28,76,104,361
04/21/2016,TUL,OK,ASW,CE,Combined TRACON& Tower with Radar,76,54,49,46,225,0,1,46,4,51,76,55,95,50,276,34,98,132,408
04/22/2016,TUL,OK,ASW,CE,Combined TRACON& Tower with Radar,78,49,46,30,203,0,0,41,8,49,78,49,87,38,252,0,44,44,296
04/23/2016,TUL,OK,ASW,CE,Combined TRACON& Tower with Radar,55,35,42,3,135,0,3,51,6,60,55,38,93,9,195,32,0,32,227
04/24/2016,TUL,OK,ASW,CE,Combined TRACON& Tower with Radar,64,40,30,6,140,0,0,18,1,19,64,40,48,7,159,0,0,0,159
04/25/2016,TUL,OK,ASW,CE,Combined TRACON& Tower with Radar,79,44,50,47,220,0,0,24,0,24,79,44,74,47,244,0,0,0,244
04/26/2016,TUL,OK,ASW,CE,Combined TRACON& Tower with Radar,82,47,17,15,161,0,0,5,2,7,82,47,22,17,168,0,64,64,232
04/27/2016,TUL,OK,ASW,CE,Combined TRACON& Tower with Radar,82,72,48,48,250,0,2,20,10,32,82,74,68,58,282,20,86,106,388
04/28/2016,TUL,OK,ASW,CE,Combined TRACON& Tower with Radar,74,57,47,93,271,0,0,34,17,51,74,57,81,110,322,54,130,184,506
04/29/2016,TUL,OK,ASW,CE,Combined TRACON& Tower with Radar,83,46,30,3,162,0,0,1,0,1,83,46,31,3,163,12,0,12,175
04/30/2016,TUL,OK,ASW,CE,Combined TRACON& Tower with Radar,55,40,24,0,119,0,0,13,3,16,55,40,37,3,135,32,0,32,167
05/01/2016,TUL,OK,ASW,CE,Combined TRACON& Tower with Radar,68,37,22,10,137,0,0,19,1,20,68,37,41,11,157,42,0,42,199
05/02/2016,TUL,OK,ASW,CE,Combined TRACON& Tower with Radar,78,58,41,39,216,0,0,12,0,12,78,58,53,39,228,4,22,26,254
05/03/2016,TUL,OK,ASW,CE,Combined TRACON& Tower with Radar,78,59,36,52,225,0,0,23,2,25,78,59,59,54,250,22,94,116,366
05/04/2016,TUL,OK,ASW,CE,Combined TRACON& Tower with Radar,75,69,31,41,216,0,1,29,5,35,75,70,60,46,251,12,64,76,327
05/05/2016,TUL,OK,ASW,CE,Combined TRACON& Tower with Radar,82,53,59,19,213,0,0,39,6,45,82,53,98,25,258,58,54,112,370
05/06/2016,TUL,OK,ASW,CE,Combined TRACON& Tower with Radar,83,51,33,34,201,0,0,37,15,52,83,51,70,49,253,28,88,116,369
05/07/2016,TUL,OK,ASW,CE,Combined TRACON& Tower with Radar,63,27,25,12,127,0,1,37,2,40,63,28,62,14,167,44,10,54,221
05/08/2016,TUL,OK,ASW,CE,Combined TRACON& Tower with Radar,66,39,31,3,139,0,0,1,0,1,66,39,32,3,140,0,0,0,140
05/09/2016,TUL,OK,ASW,CE,Combined TRACON& Tower with Radar,81,45,36,19,181,0,0,2,0,2,81,45,38,19,183,0,0,0,183
05/10/2016,TUL,OK,ASW,CE,Combined TRACON& Tower with Radar,86,47,71,88,292,0,3,34,9,46,86,50,105,97,338,0,0,0,338
05/11/2016,TUL,OK,ASW,CE,Combined TRACON& Tower with Radar,83,55,80,57,275,0,0,12,2,14,83,55,92,59,289,26,238,264,553
05/12/2016,TUL,OK,ASW,CE,Combined TRACON& Tower with Radar,87,52,61,73,273,0,1,23,6,30,87,53,84,79,303,22,148,170,473
05/13/2016,TUL,OK,ASW,CE,Combined TRACON& Tower with Radar,89,52,32,88,261,0,0,34,3,37,89,52,66,91,298,12,148,160,458
05/14/2016,TUL,OK,ASW,CE,Combined TRACON& Tower with Radar,59,28,24,41,152,0,1,25,3,29,59,29,49,44,181,46,0,46,227
05/15/2016,TUL,OK,ASW,CE,Combined TRACON& Tower with Radar,70,43,18,23,154,0,0,12,1,13,70,43,30,24,167,0,0,0,167
05/16/2016,TUL,OK,ASW,CE,Combined TRACON& Tower with Radar,78,43,28,48,197,0,0,3,0,3,78,43,31,48,200,0,0,0,200
05/17/2016,TUL,OK,ASW,CE,Combined TRACON& Tower with Radar,78,54,52,29,213,0,0,0,4,4,78,54,52,33,217,20,8,28,245
05/18/2016,TUL,OK,ASW,CE,Combined TRACON& Tower with Radar,76,60,75,33,244,0,2,18,6,26,76,62,93,39,270,42,92,134,404
05/19/2016,TUL,OK,ASW,CE,Combined TRACON& Tower with Radar,84,58,47,64,253,0,0,15,4,19,84,58,62,68,272,12,96,108,380
05/20/2016,TUL,OK,ASW,CE,Combined TRACON& Tower with Radar,84,57,45,7,193,0,0,7,6,13,84,57,52,13,206,16,6,22,228
05/21/2016,TUL,OK,ASW,CE,Combined TRACON& Tower with Radar,61,31,37,17,146,0,1,55,9,65,61,32,92,26,211,0,0,0,211
05/22/2016,TUL,OK,ASW,CE,Combined TRACON& Tower with Radar,68,39,34,12,153,0,0,14,4,18,68,39,48,16,171,0,0,0,171
05/23/2016,TUL,OK,ASW,CE,Combined TRACON& Tower with Radar,80,49,39,19,187,0,1,12,1,14,80,50,51,20,201,0,4,4,205
05/24/2016,TUL,OK,ASW,CE,Combined TRACON& Tower with Radar,77,55,60,20,212,0,0,12,2,14,77,55,72,22,226,0,18,18,244
05/25/2016,TUL,OK,ASW,CE,Combined TRACON& Tower with Radar,78,70,37,36,221,0,0,30,5,35,78,70,67,41,256,80,124,204,460
05/26/2016,TUL,OK,ASW,CE,Combined TRACON& Tower with Radar,97,51,42,12,202,0,0,9,4,13,97,51,51,16,215,66,20,86,301
05/27/2016,TUL,OK,ASW,CE,Combined TRACON& Tower with Radar,81,51,28,7,167,0,0,11,1,12,81,51,39,8,179,90,8,98,277
05/28/2016,TUL,OK,ASW,CE,Combined TRACON& Tower with Radar,64,36,27,5,132,0,1,17,1,19,64,37,44,6,151,0,0,0,151
05/29/2016,TUL,OK,ASW,CE,Combined TRACON& Tower with Radar,66,29,14,8,117,0,0,10,1,11,66,29,24,9,128,0,0,0,128
05/30/2016,TUL,OK,ASW,CE,Combined TRACON& Tower with Radar,73,44,23,1,141,0,0,9,1,10,73,44,32,2,151,0,0,0,151
05/31/2016,TUL,OK,ASW,CE,Combined TRACON& Tower with Radar,97,56,42,59,254,0,0,12,3,15,97,56,54,62,269,0,18,18,287
06/01/2016,TUL,OK,ASW,CE,Combined TRACON& Tower with Radar,79,61,51,3,194,0,0,6,1,7,79,61,57,4,201,4,0,4,205
06/02/2016,TUL,OK,ASW,CE,Combined TRACON& Tower with Radar,87,46,39,24,196,0,2,19,9,30,87,48,58,33,226,36,12,48,274
06/03/2016,TUL,OK,ASW,CE,Combined TRACON& Tower with Radar,90,49,30,10,179,0,2,21,7,30,90,51,51,17,209,0,0,0,209
06/04/2016,TUL,OK,ASW,CE,Combined TRACON& Tower with Radar,60,36,32,4,132,0,0,21,2,23,60,36,53,6,155,0,0,0,155
06/05/2016,TUL,OK,ASW,CE,Combined TRACON& Tower with Radar,73,35,16,33,157,0,1,32,1,34,73,36,48,34,191,0,0,0,191
06/06/2016,TUL,OK,ASW,CE,Combined TRACON& Tower with Radar,81,44,40,54,219,0,0,38,1,39,81,44,78,55,258,4,88,92,350
06/07/2016,TUL,OK,ASW,CE,Combined TRACON& Tower with Radar,80,46,61,89,276,0,1,61,10,72,80,47,122,99,348,28,196,224,572
06/08/2016,TUL,OK,ASW,CE,Combined TRACON& Tower with Radar,81,59,35,64,239,0,4,51,8,63,81,63,86,72,302,10,120,130,432
06/09/2016,TUL,OK,ASW,CE,Combined TRACON& Tower with Radar,100,57,45,73,275,0,0,24,7,31,100,57,69,80,306,0,120,120,426
06/10/2016,TUL,OK,ASW,CE,Combined TRACON& Tower with Radar,98,48,42,31,219,0,0,36,1,37,98,48,78,32,256,28,142,170,426
06/11/2016,TUL,OK,ASW,CE,Combined TRACON& Tower with Radar,82,31,15,69,197,0,0,36,9,45,82,31,51,78,242,36,0,36,278
06/12/2016,TUL,OK,ASW,CE,Combined TRACON& Tower with Radar,95,37,22,8,162,0,0,11,1,12,95,37,33,9,174,64,10,74,248
06/13/2016,TUL,OK,ASW,CE,Combined TRACON& Tower with Radar,103,46,35,46,230,0,0,5,2,7,103,46,40,48,237,20,26,46,283
06/14/2016,TUL,OK,ASW,CE,Combined TRACON& Tower with Radar,96,36,49,71,252,0,0,35,1,36,96,36,84,72,288,20,96,116,404
06/15/2016,TUL,OK,ASW,CE,Combined TRACON& Tower with Radar,104,47,38,25,214,0,0,29,1,30,104,47,67,26,244,86,20,106,350
06/16/2016,TUL,OK,ASW,CE,Combined TRACON& Tower with Radar,101,44,33,51,229,0,0,24,4,28,101,44,57,55,257,48,126,174,431
06/17/2016,TUL,OK,ASW,CE,Combined TRACON& Tower with Radar,105,46,37,31,219,0,0,29,3,32,105,46,66,34,251,1,10,11,262
06/18/2016,TUL,OK,ASW,CE,Combined TRACON& Tower with Radar,78,32,18,0,128,0,0,16,0,16,78,32,34,0,144,0,0,0,144
06/19/2016,TUL,OK,ASW,CE,Combined TRACON& Tower with Radar,84,38,19,6,147,0,2,26,2,30,84,40,45,8,177,28,0,28,205
06/20/2016,TUL,OK,ASW,CE,Combined TRACON& Tower with Radar,93,36,43,42,214,0,0,26,4,30,93,36,69,46,244,22,40,62,306
06/21/2016,TUL,OK,ASW,CE,Combined TRACON& Tower with Radar,91,48,55,71,265,0,1,36,6,43,91,49,91,77,308,54,76,130,438
06/22/2016,TUL,OK,ASW,CE,Combined TRACON& Tower with Radar,91,53,42,38,224,0,2,48,7,57,91,55,90,45,281,90,18,108,389
06/23/2016,TUL,OK,ASW,CE,Combined TRACON& Tower with Radar,96,58,85,28,267,0,0,38,1,39,96,58,123,29,306,60,90,150,456
06/24/2016,TUL,OK,ASW,CE,Combined TRACON& Tower with Radar,108,53,40,19,220,0,0,33,1,34,108,53,73,20,254,22,74,96,350
06/25/2016,TUL,OK,ASW,CE,Combined TRACON& Tower with Radar,75,29,25,10,139,0,2,34,1,37,75,31,59,11,176,0,28,28,204
06/26/2016,TUL,OK,ASW,CE,Combined TRACON& Tower with Radar,96,44,32,13,185,0,1,15,0,16,96,45,47,13,201,26,0,26,227
06/27/2016,TUL,OK,ASW,CE,Combined TRACON& Tower with Radar,103,50,38,35,226,0,0,29,0,29,103,50,67,35,255,6,18,24,279
06/28/2016,TUL,OK,ASW,CE,Combined TRACON& Tower with Radar,85,39,42,76,242,0,1,37,3,41,85,40,79,79,283,8,112,120,403
06/29/2016,TUL,OK,ASW,CE,Combined TRACON& Tower with Radar,89,51,65,66,271,0,6,27,11,44,89,57,92,77,315,42,98,140,455
06/30/2016,TUL,OK,ASW,CE,Combined TRACON& Tower with Radar,93,49,54,73,269,0,0,22,6,28,93,49,76,79,297,40,162,202,499
07/01/2016,TUL,OK,ASW,CE,Combined TRACON& Tower with Radar,92,47,40,5,184,0,0,14,0,14,92,47,54,5,198,50,16,66,264
07/02/2016,TUL,OK,ASW,CE,Combined TRACON& Tower with Radar,83,32,16,0,131,0,1,22,1,24,83,33,38,1,155,56,0,56,211
07/03/2016,TUL,OK,ASW,CE,Combined TRACON& Tower with Radar,74,28,5,0,107,0,0,1,0,1,74,28,6,0,108,0,0,0,108
07/04/2016,TUL,OK,ASW,CE,Combined TRACON& Tower with Radar,72,22,10,0,104,0,2,9,1,12,72,24,19,1,116,5,8,13,129
07/05/2016,TUL,OK,ASW,CE,Combined TRACON& Tower with Radar,78,46,42,11,177,0,0,22,0,22,78,46,64,11,199,38,32,70,269
07/06/2016,TUL,OK,ASW,CE,Combined TRACON& Tower with Radar,90,43,53,75,261,0,1,25,4,30,90,44,78,79,291,6,56,62,353
07/07/2016,TUL,OK,ASW,CE,Combined TRACON& Tower with Radar,94,55,34,72,255,1,0,17,9,27,95,55,51,81,282,40,68,108,390
07/08/2016,TUL,OK,ASW,CE,Combined TRACON& Tower with Radar,89,47,43,12,191,0,0,6,3,9,89,47,49,15,200,116,78,194,394
07/09/2016,TUL,OK,ASW,CE,Combined TRACON& Tower with Radar,78,29,45,13,165,0,0,23,1,24,78,29,68,14,189,90,46,136,325
07/10/2016,TUL,OK,ASW,CE,Combined TRACON& Tower with Radar,82,36,29,23,170,0,1,15,0,16,82,37,44,23,186,36,0,36,222
07/11/2016,TUL,OK,ASW,CE,Combined TRACON& Tower with Radar,84,52,36,69,241,0,0,23,2,25,84,52,59,71,266,108,14,122,388
07/12/2016,TUL,OK,ASW,CE,Combined TRACON& Tower with Radar,87,41,48,87,263,0,0,26,5,31,87,41,74,92,294,0,44,44,338
07/13/2016,TUL,OK,ASW,CE,Combined TRACON& Tower with Radar,90,55,69,64,278,0,0,33,13,46,90,55,102,77,324,152,124,276,600
07/14/2016,TUL,OK,ASW,CE,Combined TRACON& Tower with Radar,102,58,55,22,237,0,1,14,3,18,102,59,69,25,255,10,24,34,289
07/15/2016,TUL,OK,ASW,CE,Combined TRACON& Tower with Radar,85,53,37,28,203,0,0,19,16,35,85,53,56,44,238,32,38,70,308
07/16/2016,TUL,OK,ASW,CE,Combined TRACON& Tower with Radar,76,32,21,1,130,0,0,33,6,39,76,32,54,7,169,154,62,216,385
07/17/2016,TUL,OK,ASW,CE,Combined TRACON& Tower with Radar,79,42,20,30,171,0,0,22,5,27,79,42,42,35,198,30,88,118,316
07/18/2016,TUL,OK,ASW,CE,Combined TRACON& Tower with Radar,84,51,48,45,228,0,0,29,7,36,84,51,77,52,264,0,16,16,280
07/19/2016,TUL,OK,ASW,CE,Combined TRACON& Tower with Radar,94,47,48,59,248,0,3,25,7,35,94,50,73,66,283,24,96,120,403
07/20/2016,TUL,OK,ASW,CE,Combined TRACON& Tower with Radar,84,48,52,64,248,0,0,41,11,52,84,48,93,75,300,50,70,120,420
07/21/2016,TUL,OK,ASW,CE,Combined TRACON& Tower with Radar,81,59,45,57,242,0,1,42,7,50,81,60,87,64,292,34,54,88,380
07/22/2016,TUL,OK,ASW,CE,Combined TRACON& Tower with Radar,80,55,39,10,184,0,0,33,6,39,80,55,72,16,223,176,0,176,399
07/23/2016,TUL,OK,ASW,CE,Combined TRACON& Tower with Radar,73,28,23,20,144,0,1,31,6,38,73,29,54,26,182,198,0,198,380
07/24/2016,TUL,OK,ASW,CE,Combined TRACON& Tower with Radar,78,36,27,19,160,0,1,11,2,14,78,37,38,21,174,202,0,202,376
07/25/2016,TUL,OK,ASW,CE,Combined TRACON& Tower with Radar,80,62,35,29,206,0,0,21,5,26,80,62,56,34,232,58,70,128,360
07/26/2016,TUL,OK,ASW,CE,Combined TRACON& Tower with Radar,90,58,70,16,234,0,2,16,9,27,90,60,86,25,261,74,40,114,375
07/27/2016,TUL,OK,ASW,CE,Combined TRACON& Tower with Radar,79,51,45,30,205,0,0,10,5,15,79,51,55,35,220,74,166,240,460
07/28/2016,TUL,OK,ASW,CE,Combined TRACON& Tower with Radar,85,62,54,21,222,0,1,20,9,30,85,63,74,30,252,0,6,6,258
07/29/2016,TUL,OK,ASW,CE,Combined TRACON& Tower with Radar,86,49,42,19,196,0,0,27,9,36,86,49,69,28,232,16,10,26,258
07/30/2016,TUL,OK,ASW,CE,Combined TRACON& Tower with Radar,65,34,31,8,138,0,0,16,1,17,65,34,47,9,155,0,0,0,155
07/31/2016,TUL,OK,ASW,CE,Combined TRACON& Tower with Radar,74,44,24,22,164,0,0,22,3,25,74,44,46,25,189,0,0,0,189
08/01/2016,TUL,OK,ASW,CE,Combined TRACON& Tower with Radar,85,56,39,29,209,0,0,40,1,41,85,56,79,30,250,0,0,0,250
08/02/2016,TUL,OK,ASW,CE,Combined TRACON& Tower with Radar,83,49,42,21,195,0,0,41,6,47,83,49,83,27,242,18,42,60,302
08/03/2016,TUL,OK,ASW,CE,Combined TRACON& Tower with Radar,86,63,43,69,261,0,0,20,7,27,86,63,63,76,288,2,96,98,386
08/04/2016,TUL,OK,ASW,CE,Combined TRACON& Tower with Radar,94,59,50,49,252,0,1,42,16,59,94,60,92,65,311,46,94,140,451
08/05/2016,TUL,OK,ASW,CE,Combined TRACON& Tower with Radar,100,51,37,70,258,0,0,20,11,31,100,51,57,81,289,56,169,225,514
08/06/2016,TUL,OK,ASW,CE,Combined TRACON& Tower with Radar,69,33,18,4,124,0,0,12,5,17,69,33,30,9,141,36,12,48,189
08/07/2016,TUL,OK,ASW,CE,Combined TRACON& Tower with Radar,80,36,30,24,170,0,1,14,8,23,80,37,44,32,193,0,51,51,244
08/08/2016,TUL,OK,ASW,CE,Combined TRACON& Tower with Radar,78,47,32,59,216,0,3,17,1,21,78,50,49,60,237,42,110,152,389
08/09/2016,TUL,OK,ASW,CE,Combined TRACON& Tower with Radar,82,51,45,90,268,0,0,23,7,30,82,51,68,97,298,50,84,134,432
08/10/2016,TUL,OK,ASW,CE,Combined TRACON& Tower with Radar,81,60,65,62,268,0,0,32,6,38,81,60,97,68,306,44,76,120,426
08/11/2016,TUL,OK,ASW,CE,Combined TRACON& Tower with Radar,88,57,66,95,306,0,0,29,10,39,88,57,95,105,345,92,176,268,613
08/12/2016,TUL,OK,ASW,CE,Combined TRACON& Tower with Radar,104,53,35,35,227,0,0,15,8,23,104,53,50,43,250,104,218,322,572
08/13/2016,TUL,OK,ASW,CE,Combined TRACON& Tower with Radar,59,42,17,8,126,0,1,10,1,12,59,43,27,9,138,58,0,58,196
08/14/2016,TUL,OK,ASW,CE,Combined TRACON& Tower with Radar,80,41,19,13,153,0,2,21,0,23,80,43,40,13,176,48,0,48,224
08/15/2016,TUL,OK,ASW,CE,Combined TRACON& Tower with Radar,81,46,28,63,218,0,0,20,3,23,81,46,48,66,241,74,146,220,461
08/16/2016,TUL,OK,ASW,CE,Combined TRACON& Tower with Radar,88,66,68,51,273,0,0,25,3,28,88,66,93,54,301,80,122,202,503
08/17/2016,TUL,OK,ASW,CE,Combined TRACON& Tower with Radar,81,64,60,55,260,0,0,27,6,33,81,64,87,61,293,60,50,110,403
08/18/2016,TUL,OK,ASW,CE,Combined TRACON& Tower with Radar,79,64,54,55,252,0,0,10,2,12,79,64,64,57,264,60,80,140,404
08/19/2016,TUL,OK,ASW,CE,Combined TRACON& Tower with Radar,99,59,44,72,274,0,0,12,12,24,99,59,56,84,298,42,182,224,522
08/20/2016,TUL,OK,ASW,CE,Combined TRACON& Tower with Radar,54,30,32,8,124,0,0,13,0,13,54,30,45,8,137,0,0,0,137
08/21/2016,TUL,OK,ASW,CE,Combined TRACON& Tower with Radar,69,37,29,9,144,0,2,38,0,40,69,39,67,9,184,0,0,0,184
08/22/2016,TUL,OK,ASW,CE,Combined TRACON& Tower with Radar,85,50,38,44,217,0,0,19,1,20,85,50,57,45,237,0,0,0,237
08/23/2016,TUL,OK,ASW,CE,Combined TRACON& Tower with Radar,80,58,43,30,211,0,0,4,4,8,80,58,47,34,219,14,16,30,249
08/24/2016,TUL,OK,ASW,CE,Combined TRACON& Tower with Radar,79,50,41,61,231,0,3,28,16,47,79,53,69,77,278,84,154,238,516
08/25/2016,TUL,OK,ASW,CE,Combined TRACON& Tower with Radar,84,59,41,46,230,0,0,31,3,34,84,59,72,49,264,42,62,104,368
08/26/2016,TUL,OK,ASW,CE,Combined TRACON& Tower with Radar,86,58,33,5,182,0,0,26,3,29,86,58,59,8,211,72,10,82,293
08/27/2016,TUL,OK,ASW,CE,Combined TRACON& Tower with Radar,55,43,31,6,135,0,1,16,1,18,55,44,47,7,153,6,4,10,163
08/28/2016,TUL,OK,ASW,CE,Combined TRACON& Tower with Radar,72,38,24,20,154,0,0,15,3,18,72,38,39,23,172,90,32,122,294
08/29/2016,TUL,OK,ASW,CE,Combined TRACON& Tower with Radar,85,49,29,33,196,0,0,18,2,20,85,49,47,35,216,28,6,34,250
08/30/2016,TUL,OK,ASW,CE,Combined TRACON& Tower with Radar,86,57,69,66,278,0,1,28,4,33,86,58,97,70,311,34,66,100,411
08/31/2016,TUL,OK,ASW,CE,Combined TRACON& Tower with Radar,76,50,51,46,223,0,0,9,6,15,76,50,60,52,238,88,90,178,416
09/01/2016,TUL,OK,ASW,CE,Combined TRACON& Tower with Radar,81,66,46,50,243,0,0,7,5,12,81,66,53,55,255,74,80,154,409
09/02/2016,TUL,OK,ASW,CE,Combined TRACON& Tower with Radar,88,57,36,14,195,0,0,33,8,41,88,57,69,22,236,28,42,70,306
09/03/2016,TUL,OK,ASW,CE,Combined TRACON& Tower with Radar,51,36,15,0,102,0,1,34,0,35,51,37,49,0,137,46,0,46,183
09/04/2016,TUL,OK,ASW,CE,Combined TRACON& Tower with Radar,54,31,10,0,95,0,0,17,1,18,54,31,27,1,113,0,0,0,113
09/05/2016,TUL,OK,ASW,CE,Combined TRACON& Tower with Radar,67,45,29,0,141,0,0,15,1,16,67,45,44,1,157,0,0,0,157
09/06/2016,TUL,OK,ASW,CE,Combined TRACON& Tower with Radar,75,46,41,27,189,0,1,17,0,18,75,47,58,27,207,32,20,52,259
09/07/2016,TUL,OK,ASW,CE,Combined TRACON& Tower with Radar,75,50,65,57,247,0,0,19,11,30,75,50,84,68,277,112,106,218,495
09/08/2016,TUL,OK,ASW,CE,Combined TRACON& Tower with Radar,89,63,66,51,269,0,0,33,12,45,89,63,99,63,314,50,142,192,506
09/09/2016,TUL,OK,ASW,CE,Combined TRACON& Tower with Radar,86,60,48,31,225,0,0,20,2,22,86,60,68,33,247,26,40,66,313
09/10/2016,TUL,OK,ASW,CE,Combined TRACON& Tower with Radar,56,37,29,2,124,0,0,16,4,20,56,37,45,6,144,92,0,92,236
09/11/2016,TUL,OK,ASW,CE,Combined TRACON& Tower with Radar,72,49,31,12,164,0,0,19,4,23,72,49,50,16,187,104,0,104,291
09/12/2016,TUL,OK,ASW,CE,Combined TRACON& Tower with Radar,87,59,62,51,259,0,0,33,6,39,87,59,95,57,298,74,134,208,506
09/13/2016,TUL,OK,ASW,CE,Combined TRACON& Tower with Radar,85,58,59,21,223,0,10,31,7,48,85,68,90,28,271,84,48,132,403
09/14/2016,TUL,OK,ASW,CE,Combined TRACON& Tower with Radar,82,54,43,32,211,0,0,17,6,23,82,54,60,38,234,132,36,168,402
09/15/2016,TUL,OK,ASW,CE,Combined TRACON& Tower with Radar,89,54,48,41,232,0,0,19,9,28,89,54,67,50,260,32,50,82,342
09/16/2016,TUL,OK,ASW,CE,Combined TRACON& Tower with Radar,94,49,42,57,242,0,0,12,6,18,94,49,54,63,260,12,96,108,368
09/17/2016,TUL,OK,ASW,CE,Combined TRACON& Tower with Radar,66,30,21,5,122,0,0,11,2,13,66,30,32,7,135,0,24,24,159
09/18/2016,TUL,OK,ASW,CE,Combined TRACON& Tower with Radar,76,54,29,4,163,0,0,19,2,21,76,54,48,6,184,0,0,0,184
09/19/2016,TUL,OK,ASW,CE,Combined TRACON& Tower with Radar,95,44,47,48,234,0,0,28,2,30,95,44,75,50,264,70,36,106,370
09/20/2016,TUL,OK,ASW,CE,Combined TRACON& Tower with Radar,85,50,54,60,249,0,1,39,7,47,85,51,93,67,296,46,68,114,410
09/21/2016,TUL,OK,ASW,CE,Combined TRACON& Tower with Radar,86,41,49,62,238,0,0,24,6,30,86,41,73,68,268,54,110,164,432
09/22/2016,TUL,OK,ASW,CE,Combined TRACON& Tower with Radar,92,61,73,42,268,0,1,32,6,39,92,62,105,48,307,126,142,268,575
09/23/2016,TUL,OK,ASW,CE,Combined TRACON& Tower with Radar,93,46,36,45,220,0,0,39,3,42,93,46,75,48,262,14,26,40,302
09/24/2016,TUL,OK,ASW,CE,Combined TRACON& Tower with Radar,64,33,13,0,110,0,1,18,1,20,64,34,31,1,130,0,0,0,130
09/25/2016,TUL,OK,ASW,CE,Combined TRACON& Tower with Radar,80,33,15,0,128,0,0,4,0,4,80,33,19,0,132,20,0,20,152
09/26/2016,TUL,OK,ASW,CE,Combined TRACON& Tower with Radar,90,45,39,26,200,0,0,16,4,20,90,45,55,30,220,58,88,146,366
09/27/2016,TUL,OK,ASW,CE,Combined TRACON& Tower with Radar,91,61,51,26,229,0,3,25,2,30,91,64,76,28,259,44,52,96,355
09/28/2016,TUL,OK,ASW,CE,Combined TRACON& Tower with Radar,85,63,57,45,250,0,1,28,1,30,85,64,85,46,280,82,50,132,412
09/29/2016,TUL,OK,ASW,CE,Combined TRACON& Tower with Radar,89,57,48,1,195,0,1,43,6,50,89,58,91,7,245,74,60,134,379
09/30/2016,TUL,OK,ASW,CE,Combined TRACON& Tower with Radar,95,63,47,2,207,0,0,29,1,30,95,63,76,3,237,62,0,62,299
10/01/2016,TUL,OK,ASW,CE,Combined TRACON& Tower with Radar,60,27,20,4,111,0,0,36,4,40,60,27,56,8,151,56,0,56,207
10/02/2016,TUL,OK,ASW,CE,Combined TRACON& Tower with Radar,81,30,36,3,150,0,0,17,0,17,81,30,53,3,167,0,0,0,167
10/03/2016,TUL,OK,ASW,CE,Combined TRACON& Tower with Radar,95,35,25,30,185,0,3,26,5,34,95,38,51,35,219,82,42,124,343
10/04/2016,TUL,OK,ASW,CE,Combined TRACON& Tower with Radar,93,42,53,41,229,0,0,26,3,29,93,42,79,44,258,64,66,130,388
10/05/2016,TUL,OK,ASW,CE,Combined TRACON& Tower with Radar,89,49,60,39,237,0,2,18,1,21,89,51,78,40,258,14,0,14,272
10/06/2016,TUL,OK,ASW,CE,Combined TRACON& Tower with Radar,102,54,55,69,280,0,0,16,0,16,102,54,71,69,296,68,138,206,502
10/07/2016,TUL,OK,ASW,CE,Combined TRACON& Tower with Radar,95,52,36,36,219,0,0,16,3,19,95,52,52,39,238,56,78,134,372
10/08/2016,TUL,OK,ASW,CE,Combined TRACON& Tower with Radar,59,29,23,0,111,0,0,33,1,34,59,29,56,1,145,38,0,38,183
10/09/2016,TUL,OK,ASW,CE,Combined TRACON& Tower with Radar,81,41,20,14,156,0,2,27,0,29,81,43,47,14,185,96,60,156,341
10/10/2016,TUL,OK,ASW,CE,Combined TRACON& Tower with Radar,90,47,60,13,210,0,1,41,0,42,90,48,101,13,252,90,74,164,416
10/11/2016,TUL,OK,ASW,CE,Combined TRACON& Tower with Radar,88,46,57,65,256,0,2,37,3,42,88,48,94,68,298,34,40,74,372
10/12/2016,TUL,OK,ASW,CE,Combined TRACON& Tower with Radar,89,59,70,24,242,0,0,7,1,8,89,59,77,25,250,102,78,180,430
10/13/2016,TUL,OK,ASW,CE,Combined TRACON& Tower with Radar,94,48,82,6,230,0,0,2,0,2,94,48,84,6,232,6,0,6,238
10/14/2016,TUL,OK,ASW,CE,Combined TRACON& Tower with Radar,95,58,43,46,242,0,0,5,5,10,95,58,48,51,252,102,92,194,446
10/15/2016,TUL,OK,ASW,CE,Combined TRACON& Tower with Radar,63,32,35,11,141,0,0,3,0,3,63,32,38,11,144,86,62,148,292
10/16/2016,TUL,OK,ASW,CE,Combined TRACON& Tower with Radar,81,31,30,5,147,0,0,22,2,24,81,31,52,7,171,102,78,180,351
10/17/2016,TUL,OK,ASW,CE,Combined TRACON& Tower with Radar,88,43,43,44,218,0,1,34,3,38,88,44,77,47,256,16,46,62,318
10/18/2016,TUL,OK,ASW,CE,Combined TRACON& Tower with Radar,89,58,72,19,238,0,1,24,7,32,89,59,96,26,270,88,50,138,408
10/19/2016,TUL,OK,ASW,CE,Combined TRACON& Tower with Radar,92,56,60,34,242,0,2,19,2,23,92,58,79,36,265,120,46,166,431
10/20/2016,TUL,OK,ASW,CE,Combined TRACON& Tower with Radar,87,60,60,43,250,0,0,51,14,65,87,60,111,57,315,144,158,302,617
10/21/2016,TUL,OK,ASW,CE,Combined TRACON& Tower with Radar,97,43,50,26,216,0,0,62,11,73,97,43,112,37,289,16,6,22,311
10/22/2016,TUL,OK,ASW,CE,Combined TRACON& Tower with Radar,66,24,16,21,127,0,0,35,1,36,66,24,51,22,163,6,0,6,169
10/23/2016,TUL,OK,ASW,CE,Combined TRACON& Tower with Radar,79,41,49,17,186,0,0,26,1,27,79,41,75,18,213,24,20,44,257
10/24/2016,TUL,OK,ASW,CE,Combined TRACON& Tower with Radar,88,68,60,83,299,0,0,31,7,38,88,68,91,90,337,4,48,52,389
10/25/2016,TUL,OK,ASW,CE,Combined TRACON& Tower with Radar,90,56,79,69,294,0,0,20,6,26,90,56,99,75,320,64,60,124,444
10/26/2016,TUL,OK,ASW,CE,Combined TRACON& Tower with Radar,86,50,38,25,199,0,0,17,8,25,86,50,55,33,224,86,18,104,328
10/27/2016,TUL,OK,ASW,CE,Combined TRACON& Tower with Radar,88,56,57,34,235,0,0,11,6,17,88,56,68,40,252,0,0,0,252
10/28/2016,TUL,OK,ASW,CE,Combined TRACON& Tower with Radar,97,50,57,42,246,0,1,39,8,48,97,51,96,50,294,0,0,0,294
10/29/2016,TUL,OK,ASW,CE,Combined TRACON& Tower with Radar,60,34,34,6,134,0,0,23,0,23,60,34,57,6,157,0,0,0,157
10/30/2016,TUL,OK,ASW,CE,Combined TRACON& Tower with Radar,68,34,36,14,152,0,0,6,0,6,68,34,42,14,158,0,0,0,158
10/31/2016,TUL,OK,ASW,CE,Combined TRACON& Tower with Radar,77,39,30,40,186,0,0,25,5,30,77,39,55,45,216,0,12,12,228
11/01/2016,TUL,OK,ASW,CE,Combined TRACON& Tower with Radar,83,50,44,42,219,0,1,27,5,33,83,51,71,47,252,0,66,66,318
11/02/2016,TUL,OK,ASW,CE,Combined TRACON& Tower with Radar,82,50,40,69,241,0,2,7,9,18,82,52,47,78,259,28,62,90,349
11/03/2016,TUL,OK,ASW,CE,Combined TRACON& Tower with Radar,83,55,41,35,214,0,0,2,5,7,83,55,43,40,221,0,30,30,251
11/04/2016,TUL,OK,ASW,CE,Combined TRACON& Tower with Radar,93,55,59,12,219,0,0,40,6,46,93,55,99,18,265,0,0,0,265
11/05/2016,TUL,OK,ASW,CE,Combined TRACON& Tower with Radar,68,21,16,21,126,0,0,52,6,58,68,21,68,27,184,60,48,108,292
11/06/2016,TUL,OK,ASW,CE,Combined TRACON& Tower with Radar,78,29,35,12,154,0,0,20,1,21,78,29,55,13,175,0,0,0,175
11/07/2016,TUL,OK,ASW,CE,Combined TRACON& Tower with Radar,94,41,34,17,186,0,0,5,1,6,94,41,39,18,192,0,0,0,192
11/08/2016,TUL,OK,ASW,CE,Combined TRACON& Tower with Radar,91,54,42,77,264,0,1,1,4,6,91,55,43,81,270,0,0,0,270
11/09/2016,TUL,OK,ASW,CE,Combined TRACON& Tower with Radar,97,44,62,65,268,0,0,33,8,41,97,44,95,73,309,86,96,182,491
11/10/2016,TUL,OK,ASW,CE,Combined TRACON& Tower with Radar,90,57,68,68,283,0,0,35,11,46,90,57,103,79,329,50,116,166,495
11/11/2016,TUL,OK,ASW,CE,Combined TRACON& Tower with Radar,100,40,45,4,189,0,0,31,0,31,100,40,76,4,220,16,0,16,236
11/12/2016,TUL,OK,ASW,CE,Combined TRACON& Tower with Radar,78,21,30,0,129,0,0,21,1,22,78,21,51,1,151,0,0,0,151
11/13/2016,TUL,OK,ASW,CE,Combined TRACON& Tower with Radar,82,36,55,0,173,0,0,19,0,19,82,36,74,0,192,0,0,0,192
11/14/2016,TUL,OK,ASW,CE,Combined TRACON& Tower with Radar,90,32,34,73,229,0,0,26,4,30,90,32,60,77,259,0,56,56,315
11/15/2016,TUL,OK,ASW,CE,Combined TRACON& Tower with Radar,95,45,58,52,250,0,0,34,8,42,95,45,92,60,292,18,28,46,338
11/16/2016,TUL,OK,ASW,CE,Combined TRACON& Tower with Radar,90,44,60,45,239,0,0,36,4,40,90,44,96,49,279,50,32,82,361
11/17/2016,TUL,OK,ASW,CE,Combined TRACON& Tower with Radar,87,56,51,77,271,0,0,18,6,24,87,56,69,83,295,32,84,116,411
11/18/2016,TUL,OK,ASW,CE,Combined TRACON& Tower with Radar,92,47,52,34,225,0,0,16,6,22,92,47,68,40,247,0,0,0,247
11/19/2016,TUL,OK,ASW,CE,Combined TRACON& Tower with Radar,78,24,10,0,112,0,0,47,1,48,78,24,57,1,160,0,0,0,160
11/20/2016,TUL,OK,ASW,CE,Combined TRACON& Tower with Radar,80,38,32,4,154,0,0,25,0,25,80,38,57,4,179,0,0,0,179
11/21/2016,TUL,OK,ASW,CE,Combined TRACON& Tower with Radar,90,49,44,66,249,0,0,29,1,30,90,49,73,67,279,0,38,38,317
11/22/2016,TUL,OK,ASW,CE,Combined TRACON& Tower with Radar,95,50,41,29,215,0,0,3,5,8,95,50,44,34,223,0,0,0,223
11/23/2016,TUL,OK,ASW,CE,Combined TRACON& Tower with Radar,98,58,49,34,239,0,0,11,4,15,98,58,60,38,254,0,0,0,254
11/24/2016,TUL,OK,ASW,CE,Combined TRACON& Tower with Radar,45,16,7,0,68,0,1,5,1,7,45,17,12,1,75,0,0,0,75
11/25/2016,TUL,OK,ASW,CE,Combined TRACON& Tower with Radar,80,24,26,0,130,0,2,19,0,21,80,26,45,0,151,0,0,0,151
11/26/2016,TUL,OK,ASW,CE,Combined TRACON& Tower with Radar,94,45,32,0,171,0,0,19,0,19,94,45,51,0,190,0,0,0,190
11/27/2016,TUL,OK,ASW,CE,Combined TRACON& Tower with Radar,87,56,26,0,169,0,0,2,0,2,87,56,28,0,171,0,0,0,171
11/28/2016,TUL,OK,ASW,CE,Combined TRACON& Tower with Radar,95,43,40,61,239,0,0,15,7,22,95,43,55,68,261,0,62,62,323
11/29/2016,TUL,OK,ASW,CE,Combined TRACON& Tower with Radar,96,66,45,104,311,0,3,26,8,37,96,69,71,112,348,0,43,43,391
11/30/2016,TUL,OK,ASW,CE,Combined TRACON& Tower with Radar,92,56,39,45,232,0,2,32,9,43,92,58,71,54,275,14,32,46,321
12/01/2016,TUL,OK,ASW,CE,Combined TRACON& Tower with Radar,91,54,60,43,248,0,0,47,9,56,91,54,107,52,304,32,48,80,384
12/02/2016,TUL,OK,ASW,CE,Combined TRACON& Tower with Radar,100,44,34,81,259,2,1,35,5,43,102,45,69,86,302,46,46,92,394
12/03/2016,TUL,OK,ASW,CE,Combined TRACON& Tower with Radar,68,24,13,26,131,0,0,5,0,5,68,24,18,26,136,110,42,152,288
12/04/2016,TUL,OK,ASW,CE,Combined TRACON& Tower with Radar,81,34,15,10,140,0,0,13,0,13,81,34,28,10,153,100,56,156,309
12/05/2016,TUL,OK,ASW,CE,Combined TRACON& Tower with Radar,95,50,51,61,257,0,0,5,0,5,95,50,56,61,262,0,0,0,262
12/06/2016,TUL,OK,ASW,CE,Combined TRACON& Tower with Radar,101,42,40,65,248,0,1,11,7,19,101,43,51,72,267,72,36,108,375
12/07/2016,TUL,OK,ASW,CE,Combined TRACON& Tower with Radar,96,52,42,6,196,0,0,3,5,8,96,52,45,11,204,44,24,68,272
12/08/2016,TUL,OK,ASW,CE,Combined TRACON& Tower with Radar,96,41,45,85,267,0,0,13,15,28,96,41,58,100,295,90,82,172,467
12/09/2016,TUL,OK,ASW,CE,Combined TRACON& Tower with Radar,95,48,50,36,229,0,0,52,11,63,95,48,102,47,292,64,38,102,394
12/10/2016,TUL,OK,ASW,CE,Combined TRACON& Tower with Radar,69,19,25,0,113,0,0,25,4,29,69,19,50,4,142,14,0,14,156
12/11/2016,TUL,OK,ASW,CE,Combined TRACON& Tower with Radar,74,31,32,2,139,0,0,4,0,4,74,31,36,2,143,0,0,0,143
12/12/2016,TUL,OK,ASW,CE,Combined TRACON& Tower with Radar,97,49,29,46,221,0,0,25,2,27,97,49,54,48,248,96,52,148,396
12/13/2016,TUL,OK,ASW,CE,Combined TRACON& Tower with Radar,102,32,39,33,206,0,2,22,7,31,102,34,61,40,237,50,36,86,323
12/14/2016,TUL,OK,ASW,CE,Combined TRACON& Tower with Radar,100,44,56,10,210,0,0,9,5,14,100,44,65,15,224,20,54,74,298
12/15/2016,TUL,OK,ASW,CE,Combined TRACON& Tower with Radar,103,51,39,55,248,0,0,15,9,24,103,51,54,64,272,36,106,142,414
12/16/2016,TUL,OK,ASW,CE,Combined TRACON& Tower with Radar,106,50,40,26,222,0,0,1,2,3,106,50,41,28,225,0,0,0,225
12/17/2016,TUL,OK,ASW,CE,Combined TRACON& Tower with Radar,72,40,18,0,130,0,0,0,1,1,72,40,18,1,131,0,0,0,131
12/18/2016,TUL,OK,ASW,CE,Combined TRACON& Tower with Radar,76,30,27,0,133,0,0,7,0,7,76,30,34,0,140,90,0,90,230
12/19/2016,TUL,OK,ASW,CE,Combined TRACON& Tower with Radar,87,53,30,27,197,0,0,16,0,16,87,53,46,27,213,104,48,152,365
12/20/2016,TUL,OK,ASW,CE,Combined TRACON& Tower with Radar,85,45,54,50,234,0,0,32,8,40,85,45,86,58,274,82,66,148,422
12/21/2016,TUL,OK,ASW,CE,Combined TRACON& Tower with Radar,101,52,49,42,244,0,0,49,12,61,101,52,98,54,305,66,44,110,415
12/22/2016,TUL,OK,ASW,CE,Combined TRACON& Tower with Radar,102,45,28,40,215,0,3,21,6,30,102,48,49,46,245,4,20,24,269
12/23/2016,TUL,OK,ASW,CE,Combined TRACON& Tower with Radar,93,56,21,15,185,0,0,0,0,0,93,56,21,15,185,0,10,10,195
12/24/2016,TUL,OK,ASW,CE,Combined TRACON& Tower with Radar,72,35,10,0,117,0,0,6,0,6,72,35,16,0,123,0,0,0,123
12/25/2016,TUL,OK,ASW,CE,Combined TRACON& Tower with Radar,56,24,6,0,86,0,1,3,0,4,56,25,9,0,90,0,0,0,90
12/26/2016,TUL,OK,ASW,CE,Combined TRACON& Tower with Radar,77,54,37,0,168,0,0,25,0,25,77,54,62,0,193,0,0,0,193
12/27/2016,TUL,OK,ASW,CE,Combined TRACON& Tower with Radar,89,53,40,8,190,0,0,36,0,36,89,53,76,8,226,0,16,16,242
12/28/2016,TUL,OK,ASW,CE,Combined TRACON& Tower with Radar,91,56,15,9,171,0,0,25,2,27,91,56,40,11,198,0,0,0,198
12/29/2016,TUL,OK,ASW,CE,Combined TRACON& Tower with Radar,90,51,28,35,204,0,0,26,0,26,90,51,54,35,230,0,0,0,230
12/30/2016,TUL,OK,ASW,CE,Combined TRACON& Tower with Radar,94,49,28,0,171,0,1,20,2,23,94,50,48,2,194,0,0,0,194
12/31/2016,TUL,OK,ASW,CE,Combined TRACON& Tower with Radar,68,27,13,0,108,0,1,26,0,27,68,28,39,0,135,0,0,0,135
01/01/2017,TUL,OK,ASW,CE,Combined TRACON& Tower with Radar,65,37,19,0,121,0,0,4,0,4,65,37,23,0,125,18,0,18,143
01/02/2017,TUL,OK,ASW,CE,Combined TRACON& Tower with Radar,83,50,40,0,173,0,0,10,0,10,83,50,50,0,183,70,56,126,309
01/03/2017,TUL,OK,ASW,CE,Combined TRACON& Tower with Radar,86,63,40,17,206,0,0,6,0,6,86,63,46,17,212,34,0,34,246
01/04/2017,TUL,OK,ASW,CE,Combined TRACON& Tower with Radar,90,40,46,42,218,0,0,27,10,37,90,40,73,52,255,44,68,112,367
01/05/2017,TUL,OK,ASW,CE,Combined TRACON& Tower with Radar,88,62,46,36,232,0,2,7,13,22,88,64,53,49,254,26,54,80,334
01/06/2017,TUL,OK,ASW,CE,Combined TRACON& Tower with Radar,88,56,19,5,168,0,1,9,12,22,88,57,28,17,190,0,0,0,190
01/07/2017,TUL,OK,ASW,CE,Combined TRACON& Tower with Radar,59,25,19,13,116,0,0,18,13,31,59,25,37,26,147,0,0,0,147
01/08/2017,TUL,OK,ASW,CE,Combined TRACON& Tower with Radar,66,36,29,12,143,0,0,15,4,19,66,36,44,16,162,0,0,0,162
01/09/2017,TUL,OK,ASW,CE,Combined TRACON& Tower with Radar,87,41,36,58,222,0,0,18,0,18,87,41,54,58,240,0,0,0,240
01/10/2017,TUL,OK,ASW,CE,Combined TRACON& Tower with Radar,81,47,36,41,205,0,0,26,5,31,81,47,62,46,236,14,46,60,296
01/11/2017,TUL,OK,ASW,CE,Combined TRACON& Tower with Radar,85,42,53,91,271,0,1,19,7,27,85,43,72,98,298,0,46,46,344
01/12/2017,TUL,OK,ASW,CE,Combined TRACON& Tower with Radar,88,47,71,93,299,0,0,24,6,30,88,47,95,99,329,16,38,54,383
01/13/2017,TUL,OK,ASW,CE,Combined TRACON& Tower with Radar,88,32,28,0,148,0,0,0,0,0,88,32,28,0,148,0,0,0,148
01/14/2017,TUL,OK,ASW,CE,Combined TRACON& Tower with Radar,53,21,9,0,83,0,0,0,0,0,53,21,9,0,83,0,0,0,83
01/15/2017,TUL,OK,ASW,CE,Combined TRACON& Tower with Radar,49,33,28,0,110,0,0,0,0,0,49,33,28,0,110,0,0,0,110
01/16/2017,TUL,OK,ASW,CE,Combined TRACON& Tower with Radar,86,48,34,0,168,0,0,5,0,5,86,48,39,0,173,0,0,0,173
01/17/2017,TUL,OK,ASW,CE,Combined TRACON& Tower with Radar,88,46,59,35,228,0,0,22,4,26,88,46,81,39,254,0,0,0,254
01/18/2017,TUL,OK,ASW,CE,Combined TRACON& Tower with Radar,84,47,70,18,219,0,0,22,8,30,84,47,92,26,249,20,20,40,289
01/19/2017,TUL,OK,ASW,CE,Combined TRACON& Tower with Radar,83,60,66,63,272,0,0,3,8,11,83,60,69,71,283,4,50,54,337
01/20/2017,TUL,OK,ASW,CE,Combined TRACON& Tower with Radar,91,52,43,75,261,0,0,23,10,33,91,52,66,85,294,2,32,34,328
01/21/2017,TUL,OK,ASW,CE,Combined TRACON& Tower with Radar,56,24,30,28,138,0,0,28,5,33,56,24,58,33,171,0,28,28,199
01/22/2017,TUL,OK,ASW,CE,Combined TRACON& Tower with Radar,62,29,24,0,115,0,0,3,1,4,62,29,27,1,119,0,0,0,119
01/23/2017,TUL,OK,ASW,CE,Combined TRACON& Tower with Radar,84,36,40,78,238,0,0,26,3,29,84,36,66,81,267,8,18,26,293
01/24/2017,TUL,OK,ASW,CE,Combined TRACON& Tower with Radar,85,39,34,69,227,0,0,24,21,45,85,39,58,90,272,28,126,154,426
01/25/2017,TUL,OK,ASW,CE,Combined TRACON& Tower with Radar,81,42,62,48,233,0,0,16,7,23,81,42,78,55,256,4,44,48,304
01/26/2017,TUL,OK,ASW,CE,Combined TRACON& Tower with Radar,94,53,52,10,209,0,2,27,9,38,94,55,79,19,247,30,18,48,295
01/27/2017,TUL,OK,ASW,CE,Combined TRACON& Tower with Radar,96,48,38,41,223,0,0,36,13,49,96,48,74,54,272,0,6,6,278
01/28/2017,TUL,OK,ASW,CE,Combined TRACON& Tower with Radar,53,25,23,12,113,0,0,22,1,23,53,25,45,13,136,0,0,0,136
01/29/2017,TUL,OK,ASW,CE,Combined TRACON& Tower with Radar,61,36,31,8,136,0,4,24,2,30,61,40,55,10,166,0,0,0,166
01/30/2017,TUL,OK,ASW,CE,Combined TRACON& Tower with Radar,86,35,50,57,228,0,0,57,3,60,86,35,107,60,288,0,0,0,288
01/31/2017,TUL,OK,ASW,CE,Combined TRACON& Tower with Radar,81,50,49,46,226,0,0,37,6,43,81,50,86,52,269,50,64,114,383
02/01/2017,TUL,OK,ASW,CE,Combined TRACON& Tower with Radar,87,51,41,52,231,0,2,28,7,37,87,53,69,59,268,28,126,154,422
02/02/2017,TUL,OK,ASW,CE,Combined TRACON& Tower with Radar,89,61,51,34,235,0,1,15,5,21,89,62,66,39,256,82,100,182,438
02/03/2017,TUL,OK,ASW,CE,Combined TRACON& Tower with Radar,99,55,44,6,204,0,0,22,9,31,99,55,66,15,235,96,26,122,357
02/04/2017,TUL,OK,ASW,CE,Combined TRACON& Tower with Radar,53,29,23,0,105,0,0,11,2,13,53,29,34,2,118,84,38,122,240
02/05/2017,TUL,OK,ASW,CE,Combined TRACON& Tower with Radar,56,30,15,3,104,0,0,6,0,6,56,30,21,3,110,92,0,92,202
02/06/2017,TUL,OK,ASW,CE,Combined TRACON& Tower with Radar,88,52,41,53,234,0,0,17,1,18,88,52,58,54,252,84,22,106,358
02/07/2017,TUL,OK,ASW,CE,Combined TRACON& Tower with Radar,81,47,60,36,224,0,0,31,8,39,81,47,91,44,263,102,100,202,465
02/08/2017,TUL,OK,ASW,CE,Combined TRACON& Tower with Radar,84,48,55,64,251,0,1,13,12,26,84,49,68,76,277,88,158,246,523
02/09/2017,TUL,OK,ASW,CE,Combined TRACON& Tower with Radar,82,48,54,40,224,0,0,43,11,54,82,48,97,51,278,102,74,176,454
02/10/2017,TUL,OK,ASW,CE,Combined TRACON& Tower with Radar,92,51,45,89,277,0,1,24,1,26,92,52,69,90,303,0,52,52,355
02/11/2017,TUL,OK,ASW,CE,Combined TRACON& Tower with Radar,57,25,18,21,121,0,0,24,3,27,57,25,42,24,148,50,66,116,264
02/12/2017,TUL,OK,ASW,CE,Combined TRACON& Tower with Radar,64,27,30,10,131,0,1,15,2,18,64,28,45,12,149,50,0,50,199
02/13/2017,TUL,OK,ASW,CE,Combined TRACON& Tower with Radar,89,43,33,88,253,0,0,18,0,18,89,43,51,88,271,18,102,120,391
02/14/2017,TUL,OK,ASW,CE,Combined TRACON& Tower with Radar,85,40,33,37,195,0,0,3,0,3,85,40,36,37,198,0,16,16,214
02/15/2017,TUL,OK,ASW,CE,Combined TRACON& Tower with Radar,86,54,50,46,236,0,0,35,3,38,86,54,85,49,274,44,48,92,366
02/16/2017,TUL,OK,ASW,CE,Combined TRACON& Tower with Radar,85,55,71,68,279,0,0,30,1,31,85,55,101,69,310,50,220,270,580
02/17/2017,TUL,OK,ASW,CE,Combined TRACON& Tower with Radar,90,49,62,37,238,0,0,33,7,40,90,49,95,44,278,26,60,86,364
02/18/2017,TUL,OK,ASW,CE,Combined TRACON& Tower with Radar,57,24,29,0,110,0,0,10,3,13,57,24,39,3,123,74,12,86,209
02/19/2017,TUL,OK,ASW,CE,Combined TRACON& Tower with Radar,59,39,24,13,135,0,0,0,0,0,59,39,24,13,135,26,0,26,161
02/20/2017,TUL,OK,ASW,CE,Combined TRACON& Tower with Radar,83,40,60,1,184,0,0,12,5,17,83,40,72,6,201,86,106,192,393
02/21/2017,TUL,OK,ASW,CE,Combined TRACON& Tower with Radar,89,50,52,76,267,0,3,29,6,38,89,53,81,82,305,60,100,160,465
02/22/2017,TUL,OK,ASW,CE,Combined TRACON& Tower with Radar,85,53,47,68,253,0,0,29,7,36,85,53,76,75,289,56,120,176,465
02/23/2017,TUL,OK,ASW,CE,Combined TRACON& Tower with Radar,83,56,43,116,298,0,0,31,2,33,83,56,74,118,331,10,66,76,407
02/24/2017,TUL,OK,ASW,CE,Combined TRACON& Tower with Radar,90,47,33,79,249,0,0,17,6,23,90,47,50,85,272,0,58,58,330
02/25/2017,TUL,OK,ASW,CE,Combined TRACON& Tower with Radar,56,25,22,12,115,0,0,30,2,32,56,25,52,14,147,0,0,0,147
02/26/2017,TUL,OK,ASW,CE,Combined TRACON& Tower with Radar,64,40,31,26,161,0,0,14,6,20,64,40,45,32,181,36,8,44,225
02/27/2017,TUL,OK,ASW,CE,Combined TRACON& Tower with Radar,86,43,38,48,215,0,0,8,0,8,86,43,46,48,223,20,62,82,305
02/28/2017,TUL,OK,ASW,CE,Combined TRACON& Tower with Radar,84,56,52,50,242,0,0,5,2,7,84,56,57,52,249,0,18,18,267
03/01/2017,TUL,OK,ASW,CE,Combined TRACON& Tower with Radar,88,49,48,44,229,0,0,29,5,34,88,49,77,49,263,4,28,32,295
03/02/2017,TUL,OK,ASW,CE,Combined TRACON& Tower with Radar,87,57,53,82,279,0,3,37,2,42,87,60,90,84,321,87,162,249,570
03/03/2017,TUL,OK,ASW,CE,Combined TRACON& Tower with Radar,89,43,39,22,193,0,0,33,9,42,89,43,72,31,235,18,44,62,297
03/04/2017,TUL,OK,ASW,CE,Combined TRACON& Tower with Radar,67,21,30,24,142,0,0,12,5,17,67,21,42,29,159,6,18,24,183
03/05/2017,TUL,OK,ASW,CE,Combined TRACON& Tower with Radar,68,30,29,18,145,0,0,2,2,4,68,30,31,20,149,0,0,0,149
03/06/2017,TUL,OK,ASW,CE,Combined TRACON& Tower with Radar,88,50,41,34,213,0,1,6,1,8,88,51,47,35,221,0,8,8,229
03/07/2017,TUL,OK,ASW,CE,Combined TRACON& Tower with Radar,92,47,57,52,248,0,0,32,10,42,92,47,89,62,290,30,48,78,368
03/08/2017,TUL,OK,ASW,CE,Combined TRACON& Tower with Radar,89,53,47,62,251,0,0,20,2,22,89,53,67,64,273,4,22,26,299
03/09/2017,TUL,OK,ASW,CE,Combined TRACON& Tower with Radar,87,50,71,39,247,0,0,26,0,26,87,50,97,39,273,46,102,148,421
03/10/2017,TUL,OK,ASW,CE,Combined TRACON& Tower with Radar,90,44,71,41,246,0,0,40,0,40,90,44,111,41,286,0,0,0,286
03/11/2017,TUL,OK,ASW,CE,Combined TRACON& Tower with Radar,67,45,34,0,146,0,0,0,0,0,67,45,34,0,146,0,0,0,146
03/12/2017,TUL,OK,ASW,CE,Combined TRACON& Tower with Radar,74,32,38,12,156,0,0,8,2,10,74,32,46,14,166,22,28,50,216
03/13/2017,TUL,OK,ASW,CE,Combined TRACON& Tower with Radar,79,37,22,40,178,0,0,9,1,10,79,37,31,41,188,65,20,85,273
03/14/2017,TUL,OK,ASW,CE,Combined TRACON& Tower with Radar,87,33,37,66,223,0,0,26,1,27,87,33,63,67,250,76,102,178,428
03/15/2017,TUL,OK,ASW,CE,Combined TRACON& Tower with Radar,88,41,37,20,186,0,0,37,3,40,88,41,74,23,226,134,40,174,400
03/16/2017,TUL,OK,ASW,CE,Combined TRACON& Tower with Radar,87,46,38,29,200,0,0,10,2,12,87,46,48,31,212,0,0,0,212
03/17/2017,TUL,OK,ASW,CE,Combined TRACON& Tower with Radar,91,52,78,0,221,0,0,25,2,27,91,52,103,2,248,46,0,46,294
03/18/2017,TUL,OK,ASW,CE,Combined TRACON& Tower with Radar,71,53,40,9,173,0,0,33,2,35,71,53,73,11,208,0,0,0,208
03/19/2017,TUL,OK,ASW,CE,Combined TRACON& Tower with Radar,75,36,44,2,157,0,1,22,3,26,75,37,66,5,183,0,0,0,183
03/20/2017,TUL,OK,ASW,CE,Combined TRACON& Tower with Radar,88,37,34,59,218,0,1,26,5,32,88,38,60,64,250,22,40,62,312
03/21/2017,TUL,OK,ASW,CE,Combined TRACON& Tower with Radar,86,44,73,67,270,0,0,48,2,50,86,44,121,69,320,120,56,176,496
03/22/2017,TUL,OK,ASW,CE,Combined TRACON& Tower with Radar,86,45,41,87,259,0,0,12,0,12,86,45,53,87,271,51,88,139,410
03/23/2017,TUL,OK,ASW,CE,Combined TRACON& Tower with Radar,83,47,66,106,302,0,3,18,3,24,83,50,84,109,326,16,88,104,430
03/24/2017,TUL,OK,ASW,CE,Combined TRACON& Tower with Radar,87,45,29,0,161,0,0,11,0,11,87,45,40,0,172,0,0,0,172
03/25/2017,TUL,OK,ASW,CE,Combined TRACON& Tower with Radar,59,26,22,2,109,0,0,7,4,11,59,26,29,6,120,0,0,0,120
03/26/2017,TUL,OK,ASW,CE,Combined TRACON& Tower with Radar,68,28,39,22,157,0,0,8,1,9,68,28,47,23,166,0,52,52,218
03/27/2017,TUL,OK,ASW,CE,Combined TRACON& Tower with Radar,92,33,42,36,203,0,0,2,1,3,92,33,44,37,206,20,16,36,242
03/28/2017,TUL,OK,ASW,CE,Combined TRACON& Tower with Radar,82,38,45,58,223,0,0,19,5,24,82,38,64,63,247,50,72,122,369
03/29/2017,TUL,OK,ASW,CE,Combined TRACON& Tower with Radar,81,46,44,63,234,0,0,18,5,23,81,46,62,68,257,34,160,194,451
03/30/2017,TUL,OK,ASW,CE,Combined TRACON& Tower with Radar,88,56,40,35,219,0,0,17,2,19,88,56,57,37,238,0,0,0,238
03/31/2017,TUL,OK,ASW,CE,Combined TRACON& Tower with Radar,95,42,64,32,233,0,0,36,0,36,95,42,100,32,269,42,16,58,327
04/01/2017,TUL,OK,ASW,CE,Combined TRACON& Tower with Radar,64,28,38,18,148,0,0,22,2,24,64,28,60,20,172,22,4,26,198
04/02/2017,TUL,OK,ASW,CE,Combined TRACON& Tower with Radar,70,39,40,12,161,0,0,8,1,9,70,39,48,13,170,0,6,6,176
04/03/2017,TUL,OK,ASW,CE,Combined TRACON& Tower with Radar,83,36,42,24,185,0,0,17,1,18,83,36,59,25,203,6,12,18,221
04/04/2017,TUL,OK,ASW,CE,Combined TRACON& Tower with Radar,87,42,47,46,222,0,0,25,0,25,87,42,72,46,247,32,46,78,325
04/05/2017,TUL,OK,ASW,CE,Combined TRACON& Tower with Radar,84,49,58,18,209,0,0,15,0,15,84,49,73,18,224,58,0,58,282
04/06/2017,TUL,OK,ASW,CE,Combined TRACON& Tower with Radar,81,57,55,64,257,0,0,71,5,76,81,57,126,69,333,264,16,280,613
04/07/2017,TUL,OK,ASW,CE,Combined TRACON& Tower with Radar,88,59,58,12,217,0,0,53,1,54,88,59,111,13,271,110,8,118,389
04/08/2017,TUL,OK,ASW,CE,Combined TRACON& Tower with Radar,61,32,21,2,116,0,0,18,0,18,61,32,39,2,134,0,0,0,134
04/09/2017,TUL,OK,ASW,CE,Combined TRACON& Tower with Radar,66,32,27,16,141,0,0,3,0,3,66,32,30,16,144,2,122,124,268
04/10/2017,TUL,OK,ASW,CE,Combined TRACON& Tower with Radar,84,41,61,79,265,0,1,37,1,39,84,42,98,80,304,82,12,94,398
04/11/2017,TUL,OK,ASW,CE,Combined TRACON& Tower with Radar,91,44,48,74,257,0,2,62,3,67,91,46,110,77,324,450,112,562,886
04/12/2017,TUL,OK,ASW,CE,Combined TRACON& Tower with Radar,82,40,58,55,235,0,0,40,1,41,82,40,98,56,276,276,134,410,686
04/13/2017,TUL,OK,ASW,CE,Combined TRACON& Tower with Radar,85,44,52,21,202,0,0,11,0,11,85,44,63,21,213,28,78,106,319
04/14/2017,TUL,OK,ASW,CE,Combined TRACON& Tower with Radar,93,40,27,46,206,0,1,30,4,35,93,41,57,50,241,46,84,130,371
04/15/2017,TUL,OK,ASW,CE,Combined TRACON& Tower with Radar,64,29,28,0,121,0,0,28,1,29,64,29,56,1,150,36,0,36,186
04/16/2017,TUL,OK,ASW,CE,Combined TRACON& Tower with Radar,70,32,9,0,111,0,0,2,0,2,70,32,11,0,113,0,0,0,113
04/17/2017,TUL,OK,ASW,CE,Combined TRACON& Tower with Radar,89,41,33,18,181,0,0,16,0,16,89,41,49,18,197,36,0,36,233
04/18/2017,TUL,OK,ASW,CE,Combined TRACON& Tower with Radar,95,53,64,57,269,0,0,47,3,50,95,53,111,60,319,72,46,118,437
04/19/2017,TUL,OK,ASW,CE,Combined TRACON& Tower with Radar,87,61,58,34,240,0,0,20,1,21,87,61,78,35,261,58,114,172,433
04/20/2017,TUL,OK,ASW,CE,Combined TRACON& Tower with Radar,82,48,46,17,193,0,0,9,2,11,82,48,55,19,204,4,38,42,246
04/21/2017,TUL,OK,ASW,CE,Combined TRACON& Tower with Radar,93,38,14,0,145,0,0,0,0,0,93,38,14,0,145,0,0,0,145
04/22/2017,TUL,OK,ASW,CE,Combined TRACON& Tower with Radar,67,30,13,9,119,0,0,17,8,25,67,30,30,17,144,10,4,14,158
04/23/2017,TUL,OK,ASW,CE,Combined TRACON& Tower with Radar,69,36,29,12,146,0,1,35,4,40,69,37,64,16,186,0,0,0,186
04/24/2017,TUL,OK,ASW,CE,Combined TRACON& Tower with Radar,87,45,37,16,185,0,0,33,0,33,87,45,70,16,218,0,0,0,218
04/25/2017,TUL,OK,ASW,CE,Combined TRACON& Tower with Radar,76,44,63,36,219,0,0,25,2,27,76,44,88,38,246,6,42,48,294
04/26/2017,TUL,OK,ASW,CE,Combined TRACON& Tower with Radar,85,44,45,37,211,0,0,7,1,8,85,44,52,38,219,14,32,46,265
04/27/2017,TUL,OK,ASW,CE,Combined TRACON& Tower with Radar,84,61,48,24,217,0,0,25,2,27,84,61,73,26,244,16,8,24,268
04/28/2017,TUL,OK,ASW,CE,Combined TRACON& Tower with Radar,85,46,49,23,203,0,0,11,1,12,85,46,60,24,215,14,24,38,253
04/29/2017,TUL,OK,ASW,CE,Combined TRACON& Tower with Radar,53,22,5,0,80,0,0,0,0,0,53,22,5,0,80,0,0,0,80
04/30/2017,TUL,OK,ASW,CE,Combined TRACON& Tower with Radar,77,37,17,2,133,0,0,4,1,5,77,37,21,3,138,0,0,0,138
05/01/2017,TUL,OK,ASW,CE,Combined TRACON& Tower with Radar,80,52,29,74,235,0,0,20,8,28,80,52,49,82,263,4,32,36,299
05/02/2017,TUL,OK,ASW,CE,Combined TRACON& Tower with Radar,84,46,33,48,211,0,1,34,15,50,84,47,67,63,261,92,120,212,473
05/03/2017,TUL,OK,ASW,CE,Combined TRACON& Tower with Radar,82,49,37,41,209,0,0,2,0,2,82,49,39,41,211,0,0,0,211
05/04/2017,TUL,OK,ASW,CE,Combined TRACON& Tower with Radar,90,57,46,44,237,0,0,17,5,22,90,57,63,49,259,24,72,96,355
05/05/2017,TUL,OK,ASW,CE,Combined TRACON& Tower with Radar,87,49,36,17,189,0,1,70,4,75,87,50,106,21,264,150,58,208,472
05/06/2017,TUL,OK,ASW,CE,Combined TRACON& Tower with Radar,75,25,22,20,142,0,0,38,12,50,75,25,60,32,192,30,12,42,234
05/07/2017,TUL,OK,ASW,CE,Combined TRACON& Tower with Radar,73,37,36,16,162,0,0,18,3,21,73,37,54,19,183,18,0,18,201
05/08/2017,TUL,OK,ASW,CE,Combined TRACON& Tower with Radar,86,47,43,45,221,0,0,34,5,39,86,47,77,50,260,58,18,76,336
05/09/2017,TUL,OK,ASW,CE,Combined TRACON& Tower with Radar,83,48,53,12,196,0,0,33,3,36,83,48,86,15,232,20,14,34,266
05/10/2017,TUL,OK,ASW,CE,Combined TRACON& Tower with Radar,84,51,33,11,179,0,3,14,6,23,84,54,47,17,202,0,0,0,202
05/11/2017,TUL,OK,ASW,CE,Combined TRACON& Tower with Radar,89,50,32,3,174,0,0,6,3,9,89,50,38,6,183,28,32,60,243
05/12/2017,TUL,OK,ASW,CE,Combined TRACON& Tower with Radar,94,47,44,22,207,0,0,23,4,27,94,47,67,26,234,0,0,0,234
05/13/2017,TUL,OK,ASW,CE,Combined TRACON& Tower with Radar,66,28,33,0,127,0,0,28,7,35,66,28,61,7,162,0,0,0,162
05/14/2017,TUL,OK,ASW,CE,Combined TRACON& Tower with Radar,75,28,27,6,136,0,0,22,2,24,75,28,49,8,160,74,0,74,234
05/15/2017,TUL,OK,ASW,CE,Combined TRACON& Tower with Radar,85,48,28,34,195,0,0,49,10,59,85,48,77,44,254,66,26,92,346
05/16/2017,TUL,OK,ASW,CE,Combined TRACON& Tower with Radar,88,51,54,23,216,0,0,15,1,16,88,51,69,24,232,4,24,28,260
05/17/2017,TUL,OK,ASW,CE,Combined TRACON& Tower with Radar,82,51,50,37,220,0,1,16,3,20,82,52,66,40,240,0,0,0,240
05/18/2017,TUL,OK,ASW,CE,Combined TRACON& Tower with Radar,73,66,61,16,216,0,0,12,3,15,73,66,73,19,231,0,10,10,241
05/19/2017,TUL,OK,ASW,CE,Combined TRACON& Tower with Radar,96,43,20,0,159,0,0,5,1,6,96,43,25,1,165,0,0,0,165
05/20/2017,TUL,OK,ASW,CE,Combined TRACON& Tower with Radar,72,40,15,0,127,0,0,13,4,17,72,40,28,4,144,0,0,0,144
05/21/2017,TUL,OK,ASW,CE,Combined TRACON& Tower with Radar,78,38,26,0,142,0,0,34,6,40,78,38,60,6,182,28,0,28,210
05/22/2017,TUL,OK,ASW,CE,Combined TRACON& Tower with Radar,92,41,45,33,211,0,0,43,3,46,92,41,88,36,257,110,40,150,407
05/23/2017,TUL,OK,ASW,CE,Combined TRACON& Tower with Radar,86,54,62,31,233,0,0,17,0,17,86,54,79,31,250,114,88,202,452
05/24/2017,TUL,OK,ASW,CE,Combined TRACON& Tower with Radar,188,53,57,91,389,0,2,31,5,38,188,55,88,96,427,34,110,144,571
05/25/2017,TUL,OK,ASW,CE,Combined TRACON& Tower with Radar,89,61,65,43,258,0,4,34,11,49,89,65,99,54,307,92,70,162,469
05/26/2017,TUL,OK,ASW,CE,Combined TRACON& Tower with Radar,96,45,37,2,180,0,0,34,4,38,96,45,71,6,218,18,0,18,236
05/27/2017,TUL,OK,ASW,CE,Combined TRACON& Tower with Radar,65,34,23,1,123,0,0,5,4,9,65,34,28,5,132,0,0,0,132
05/28/2017,TUL,OK,ASW,CE,Combined TRACON& Tower with Radar,71,31,19,3,124,0,0,17,1,18,71,31,36,4,142,30,0,30,172
05/29/2017,TUL,OK,ASW,CE,Combined TRACON& Tower with Radar,82,34,25,0,141,0,0,20,0,20,82,34,45,0,161,0,0,0,161
05/30/2017,TUL,OK,ASW,CE,Combined TRACON& Tower with Radar,85,43,47,30,205,0,0,33,8,41,85,43,80,38,246,38,46,84,330
05/31/2017,TUL,OK,ASW,CE,Combined TRACON& Tower with Radar,91,41,56,44,232,0,0,31,4,35,91,41,87,48,267,80,119,199,466
06/01/2017,TUL,OK,ASW,CE,Combined TRACON& Tower with Radar,96,44,62,28,230,0,0,20,1,21,96,44,82,29,251,2,40,42,293
06/02/2017,TUL,OK,ASW,CE,Combined TRACON& Tower with Radar,121,44,37,65,267,0,0,31,2,33,121,44,68,67,300,12,62,74,374
06/03/2017,TUL,OK,ASW,CE,Combined TRACON& Tower with Radar,73,27,26,1,127,0,0,15,2,17,73,27,41,3,144,0,0,0,144
06/04/2017,TUL,OK,ASW,CE,Combined TRACON& Tower with Radar,93,25,29,17,164,0,0,16,0,16,93,25,45,17,180,0,0,0,180
06/05/2017,TUL,OK,ASW,CE,Combined TRACON& Tower with Radar,94,50,53,64,261,0,0,33,3,36,94,50,86,67,297,0,0,0,297
06/06/2017,TUL,OK,ASW,CE,Combined TRACON& Tower with Radar,93,34,67,63,257,0,0,53,2,55,93,34,120,65,312,166,78,244,556
06/07/2017,TUL,OK,ASW,CE,Combined TRACON& Tower with Radar,98,47,55,57,257,0,0,32,5,37,98,47,87,62,294,94,70,164,458
06/08/2017,TUL,OK,ASW,CE,Combined TRACON& Tower with Radar,107,46,66,29,248,0,0,48,2,50,107,46,114,31,298,71,66,137,435
06/09/2017,TUL,OK,ASW,CE,Combined TRACON& Tower with Radar,111,41,42,8,202,0,0,33,0,33,111,41,75,8,235,0,0,0,235
06/10/2017,TUL,OK,ASW,CE,Combined TRACON& Tower with Radar,76,28,19,11,134,0,1,37,7,45,76,29,56,18,179,4,32,36,215
06/11/2017,TUL,OK,ASW,CE,Combined TRACON& Tower with Radar,88,41,30,11,170,0,2,13,7,22,88,43,43,18,192,8,34,42,234
06/12/2017,TUL,OK,ASW,CE,Combined TRACON& Tower with Radar,107,23,34,57,221,0,3,26,3,32,107,26,60,60,253,115,12,127,380
06/13/2017,TUL,OK,ASW,CE,Combined TRACON& Tower with Radar,101,35,43,38,217,0,1,25,1,27,101,36,68,39,244,38,36,74,318
06/14/2017,TUL,OK,ASW,CE,Combined TRACON& Tower with Radar,113,37,48,58,256,0,2,13,8,23,113,39,61,66,279,48,0,48,327
06/15/2017,TUL,OK,ASW,CE,Combined TRACON& Tower with Radar,93,48,60,46,247,0,3,33,3,39,93,51,93,49,286,30,4,34,320
06/16/2017,TUL,OK,ASW,CE,Combined TRACON& Tower with Radar,114,27,37,52,230,0,1,36,10,47,114,28,73,62,277,26,42,68,345
06/17/2017,TUL,OK,ASW,CE,Combined TRACON& Tower with Radar,75,24,23,9,131,0,1,15,0,16,75,25,38,9,147,0,0,0,147
06/18/2017,TUL,OK,ASW,CE,Combined TRACON& Tower with Radar,93,26,22,4,145,0,1,12,2,15,93,27,34,6,160,0,0,0,160
06/19/2017,TUL,OK,ASW,CE,Combined TRACON& Tower with Radar,101,25,62,71,259,0,0,38,5,43,101,25,100,76,302,160,68,228,530
06/20/2017,TUL,OK,ASW,CE,Combined TRACON& Tower with Radar,105,29,60,36,230,0,0,37,6,43,105,29,97,42,273,26,22,48,321
06/21/2017,TUL,OK,ASW,CE,Combined TRACON& Tower with Radar,95,31,45,40,211,0,0,48,3,51,95,31,93,43,262,142,88,230,492
06/22/2017,TUL,OK,ASW,CE,Combined TRACON& Tower with Radar,111,39,64,26,240,0,0,19,0,19,111,39,83,26,259,43,36,79,338
06/23/2017,TUL,OK,ASW,CE,Combined TRACON& Tower with Radar,117,41,46,33,237,0,0,16,3,19,117,41,62,36,256,0,0,0,256
06/24/2017,TUL,OK,ASW,CE,Combined TRACON& Tower with Radar,79,47,19,29,174,0,0,23,8,31,79,47,42,37,205,0,0,0,205
06/25/2017,TUL,OK,ASW,CE,Combined TRACON& Tower with Radar,91,19,39,3,152,0,0,29,1,30,91,19,68,4,182,0,0,0,182
06/26/2017,TUL,OK,ASW,CE,Combined TRACON& Tower with Radar,103,25,43,73,244,0,0,22,2,24,103,25,65,75,268,40,50,90,358
06/27/2017,TUL,OK,ASW,CE,Combined TRACON& Tower with Radar,103,37,55,27,222,0,1,27,2,30,103,38,82,29,252,99,64,163,415
06/28/2017,TUL,OK,ASW,CE,Combined TRACON& Tower with Radar,102,43,56,75,276,0,0,30,4,34,102,43,86,79,310,146,204,350,660
06/29/2017,TUL,OK,ASW,CE,Combined TRACON& Tower with Radar,107,46,51,21,225,0,0,29,2,31,107,46,80,23,256,50,6,56,312
06/30/2017,TUL,OK,ASW,CE,Combined TRACON& Tower with Radar,108,34,46,19,207,0,2,11,0,13,108,36,57,19,220,0,0,0,220
07/01/2017,TUL,OK,ASW,CE,Combined TRACON& Tower with Radar,82,29,28,0,139,0,0,17,0,17,82,29,45,0,156,0,0,0,156
07/02/2017,TUL,OK,ASW,CE,Combined TRACON& Tower with Radar,86,22,14,3,125,0,0,5,0,5,86,22,19,3,130,0,0,0,130
07/03/2017,TUL,OK,ASW,CE,Combined TRACON& Tower with Radar,84,20,9,4,117,0,0,8,0,8,84,20,17,4,125,0,0,0,125
07/04/2017,TUL,OK,ASW,CE,Combined TRACON& Tower with Radar,71,12,10,0,93,0,0,4,2,6,71,12,14,2,99,0,0,0,99
07/05/2017,TUL,OK,ASW,CE,Combined TRACON& Tower with Radar,103,32,35,17,187,0,0,14,0,14,103,32,49,17,201,126,6,132,333
07/06/2017,TUL,OK,ASW,CE,Combined TRACON& Tower with Radar,119,46,47,23,235,0,0,42,2,44,119,46,89,25,279,2,0,2,281
07/07/2017,TUL,OK,ASW,CE,Combined TRACON& Tower with Radar,113,37,47,18,215,0,0,27,4,31,113,37,74,22,246,0,0,0,246
07/08/2017,TUL,OK,ASW,CE,Combined TRACON& Tower with Radar,87,26,26,38,177,0,0,17,3,20,87,26,43,41,197,0,0,0,197
07/09/2017,TUL,OK,ASW,CE,Combined TRACON& Tower with Radar,100,24,38,13,175,0,0,16,6,22,100,24,54,19,197,0,0,0,197
07/10/2017,TUL,OK,ASW,CE,Combined TRACON& Tower with Radar,110,38,44,68,260,0,0,40,1,41,110,38,84,69,301,2,14,16,317
07/11/2017,TUL,OK,ASW,CE,Combined TRACON& Tower with Radar,107,49,41,63,260,0,0,30,4,34,107,49,71,67,294,0,8,8,302
07/12/2017,TUL,OK,ASW,CE,Combined TRACON& Tower with Radar,103,48,49,65,265,0,1,32,3,36,103,49,81,68,301,125,186,311,612
07/13/2017,TUL,OK,ASW,CE,Combined TRACON& Tower with Radar,104,43,57,60,264,0,0,39,1,40,104,43,96,61,304,26,12,38,342
07/14/2017,TUL,OK,ASW,CE,Combined TRACON& Tower with Radar,113,43,35,20,211,0,0,28,1,29,113,43,63,21,240,12,12,24,264
07/15/2017,TUL,OK,ASW,CE,Combined TRACON& Tower with Radar,77,21,17,15,130,0,0,9,2,11,77,21,26,17,141,2,0,2,143
07/16/2017,TUL,OK,ASW,CE,Combined TRACON& Tower with Radar,96,23,27,8,154,0,0,15,1,16,96,23,42,9,170,0,0,0,170
07/17/2017,TUL,OK,ASW,CE,Combined TRACON& Tower with Radar,98,30,29,83,240,0,0,23,0,23,98,30,52,83,263,44,62,106,369
07/18/2017,TUL,OK,ASW,CE,Combined TRACON& Tower with Radar,107,43,45,55,250,0,0,47,7,54,107,43,92,62,304,8,83,91,395
07/19/2017,TUL,OK,ASW,CE,Combined TRACON& Tower with Radar,100,33,54,72,259,0,0,28,8,36,100,33,82,80,295,28,44,72,367
07/20/2017,TUL,OK,ASW,CE,Combined TRACON& Tower with Radar,109,43,54,97,303,0,0,29,4,33,109,43,83,101,336,20,204,224,560
07/21/2017,TUL,OK,ASW,CE,Combined TRACON& Tower with Radar,104,40,36,34,214,0,0,44,4,48,104,40,80,38,262,34,32,66,328
07/22/2017,TUL,OK,ASW,CE,Combined TRACON& Tower with Radar,79,25,29,2,135,0,0,20,4,24,79,25,49,6,159,0,0,0,159
07/23/2017,TUL,OK,ASW,CE,Combined TRACON& Tower with Radar,100,30,26,2,158,0,3,16,5,24,100,33,42,7,182,0,0,0,182
07/24/2017,TUL,OK,ASW,CE,Combined TRACON& Tower with Radar,109,39,43,69,260,0,0,39,5,44,109,39,82,74,304,50,116,166,470
07/25/2017,TUL,OK,ASW,CE,Combined TRACON& Tower with Radar,115,43,42,49,249,1,0,38,3,42,116,43,80,52,291,2,36,38,329
07/26/2017,TUL,OK,ASW,CE,Combined TRACON& Tower with Radar,110,42,46,145,343,0,0,35,8,43,110,42,81,153,386,96,178,274,660
07/27/2017,TUL,OK,ASW,CE,Combined TRACON& Tower with Radar,103,45,51,102,301,0,0,18,2,20,103,45,69,104,321,8,166,174,495
07/28/2017,TUL,OK,ASW,CE,Combined TRACON& Tower with Radar,108,44,38,63,253,0,0,14,3,17,108,44,52,66,270,0,6,6,276
07/29/2017,TUL,OK,ASW,CE,Combined TRACON& Tower with Radar,85,25,21,1,132,0,0,25,0,25,85,25,46,1,157,0,0,0,157
07/30/2017,TUL,OK,ASW,CE,Combined TRACON& Tower with Radar,99,18,30,28,175,0,0,27,4,31,99,18,57,32,206,0,0,0,206
07/31/2017,TUL,OK,ASW,CE,Combined TRACON& Tower with Radar,102,35,31,121,289,0,3,25,2,30,102,38,56,123,319,0,84,84,403
08/01/2017,TUL,OK,ASW,CE,Combined TRACON& Tower with Radar,109,48,53,39,249,0,0,15,3,18,109,48,68,42,267,40,58,98,365
08/02/2017,TUL,OK,ASW,CE,Combined TRACON& Tower with Radar,108,36,43,39,226,0,2,19,1,22,108,38,62,40,248,102,88,190,438
08/03/2017,TUL,OK,ASW,CE,Combined TRACON& Tower with Radar,100,38,44,36,218,0,0,29,4,33,100,38,73,40,251,26,22,48,299
08/04/2017,TUL,OK,ASW,CE,Combined TRACON& Tower with Radar,104,47,48,59,258,0,2,44,3,49,104,49,92,62,307,8,18,26,333
08/05/2017,TUL,OK,ASW,CE,Combined TRACON& Tower with Radar,84,25,22,21,152,0,0,11,2,13,84,25,33,23,165,0,0,0,165
08/06/2017,TUL,OK,ASW,CE,Combined TRACON& Tower with Radar,95,39,20,7,161,0,0,3,0,3,95,39,23,7,164,0,0,0,164
08/07/2017,TUL,OK,ASW,CE,Combined TRACON& Tower with Radar,111,26,69,47,253,0,0,8,1,9,111,26,77,48,262,16,40,56,318
08/08/2017,TUL,OK,ASW,CE,Combined TRACON& Tower with Radar,104,40,46,53,243,0,1,25,0,26,104,41,71,53,269,48,98,146,415
08/09/2017,TUL,OK,ASW,CE,Combined TRACON& Tower with Radar,101,34,53,87,275,0,0,20,6,26,101,34,73,93,301,16,126,142,443
08/10/2017,TUL,OK,ASW,CE,Combined TRACON& Tower with Radar,109,55,54,60,278,0,1,24,4,29,109,56,78,64,307,62,158,220,527
08/11/2017,TUL,OK,ASW,CE,Combined TRACON& Tower with Radar,106,42,40,30,218,0,0,17,0,17,106,42,57,30,235,62,44,106,341
08/12/2017,TUL,OK,ASW,CE,Combined TRACON& Tower with Radar,88,30,13,0,131,0,0,13,0,13,88,30,26,0,144,0,0,0,144
08/13/2017,TUL,OK,ASW,CE,Combined TRACON& Tower with Radar,97,36,44,1,178,0,0,10,5,15,97,36,54,6,193,20,0,20,213
08/14/2017,TUL,OK,ASW,CE,Combined TRACON& Tower with Radar,97,34,57,28,216,0,0,20,1,21,97,34,77,29,237,0,8,8,245
08/15/2017,TUL,OK,ASW,CE,Combined TRACON& Tower with Radar,109,28,50,89,276,0,0,12,2,14,109,28,62,91,290,0,62,62,352
08/16/2017,TUL,OK,ASW,CE,Combined TRACON& Tower with Radar,97,43,48,80,268,0,0,26,5,31,97,43,74,85,299,12,104,116,415
08/17/2017,TUL,OK,ASW,CE,Combined TRACON& Tower with Radar,103,36,63,71,273,0,0,32,6,38,103,36,95,77,311,142,101,243,554
08/18/2017,TUL,OK,ASW,CE,Combined TRACON& Tower with Radar,104,47,35,29,215,0,0,17,1,18,104,47,52,30,233,160,56,216,449
08/19/2017,TUL,OK,ASW,CE,Combined TRACON& Tower with Radar,76,26,22,4,128,0,1,26,1,28,76,27,48,5,156,0,0,0,156
08/20/2017,TUL,OK,ASW,CE,Combined TRACON& Tower with Radar,83,31,32,11,157,0,0,19,4,23,83,31,51,15,180,0,0,0,180
08/21/2017,TUL,OK,ASW,CE,Combined TRACON& Tower with Radar,109,33,55,100,297,0,0,28,1,29,109,33,83,101,326,24,56,80,406
08/22/2017,TUL,OK,ASW,CE,Combined TRACON& Tower with Radar,113,30,40,52,235,0,0,20,3,23,113,30,60,55,258,14,36,50,308
08/23/2017,TUL,OK,ASW,CE,Combined TRACON& Tower with Radar,102,58,67,107,334,0,0,28,2,30,102,58,95,109,364,0,52,52,416
08/24/2017,TUL,OK,ASW,CE,Combined TRACON& Tower with Radar,104,44,60,59,267,0,0,24,8,32,104,44,84,67,299,42,36,78,377
08/25/2017,TUL,OK,ASW,CE,Combined TRACON& Tower with Radar,105,43,57,20,225,0,0,44,0,44,105,43,101,20,269,14,12,26,295
08/26/2017,TUL,OK,ASW,CE,Combined TRACON& Tower with Radar,71,29,20,10,130,0,0,25,3,28,71,29,45,13,158,52,0,52,210
08/27/2017,TUL,OK,ASW,CE,Combined TRACON& Tower with Radar,86,18,21,0,125,0,0,14,2,16,86,18,35,2,141,0,0,0,141
08/28/2017,TUL,OK,ASW,CE,Combined TRACON& Tower with Radar,91,35,31,54,211,0,1,29,5,35,91,36,60,59,246,20,80,100,346
08/29/2017,TUL,OK,ASW,CE,Combined TRACON& Tower with Radar,96,44,55,74,269,0,0,36,2,38,96,44,91,76,307,12,18,30,337
08/30/2017,TUL,OK,ASW,CE,Combined TRACON& Tower with Radar,90,40,51,76,257,0,0,26,5,31,90,40,77,81,288,76,42,118,406
08/31/2017,TUL,OK,ASW,CE,Combined TRACON& Tower with Radar,90,36,44,77,247,0,0,12,5,17,90,36,56,82,264,18,106,124,388
09/01/2017,TUL,OK,ASW,CE,Combined TRACON& Tower with Radar,93,33,54,0,180,0,2,24,0,26,93,35,78,0,206,0,0,0,206
09/02/2017,TUL,OK,ASW,CE,Combined TRACON& Tower with Radar,54,18,23,0,95,0,0,27,0,27,54,18,50,0,122,0,0,0,122
09/03/2017,TUL,OK,ASW,CE,Combined TRACON& Tower with Radar,56,23,4,0,83,0,0,15,2,17,56,23,19,2,100,0,0,0,100
09/04/2017,TUL,OK,ASW,CE,Combined TRACON& Tower with Radar,80,33,24,0,137,0,0,22,0,22,80,33,46,0,159,0,0,0,159
09/05/2017,TUL,OK,ASW,CE,Combined TRACON& Tower with Radar,90,36,43,60,229,0,0,10,3,13,90,36,53,63,242,0,96,96,338
09/06/2017,TUL,OK,ASW,CE,Combined TRACON& Tower with Radar,97,46,48,28,219,0,0,22,2,24,97,46,70,30,243,4,32,36,279
09/07/2017,TUL,OK,ASW,CE,Combined TRACON& Tower with Radar,101,53,78,40,272,0,1,45,13,59,101,54,123,53,331,10,26,36,367
09/08/2017,TUL,OK,ASW,CE,Combined TRACON& Tower with Radar,99,48,48,46,241,0,0,26,11,37,99,48,74,57,278,2,24,26,304
09/09/2017,TUL,OK,ASW,CE,Combined TRACON& Tower with Radar,66,32,28,1,127,0,0,35,2,37,66,32,63,3,164,0,0,0,164
09/10/2017,TUL,OK,ASW,CE,Combined TRACON& Tower with Radar,83,39,37,16,175,0,0,17,1,18,83,39,54,17,193,0,0,0,193
09/11/2017,TUL,OK,ASW,CE,Combined TRACON& Tower with Radar,87,36,44,106,273,0,4,29,3,36,87,40,73,109,309,36,124,160,469
09/12/2017,TUL,OK,ASW,CE,Combined TRACON& Tower with Radar,102,45,47,32,226,0,1,22,5,28,102,46,69,37,254,22,84,106,360
09/13/2017,TUL,OK,ASW,CE,Combined TRACON& Tower with Radar,109,50,38,46,243,0,0,26,4,30,109,50,64,50,273,66,112,178,451
09/14/2017,TUL,OK,ASW,CE,Combined TRACON& Tower with Radar,105,48,54,30,237,0,2,51,2,55,105,50,105,32,292,22,30,52,344
09/15/2017,TUL,OK,ASW,CE,Combined TRACON& Tower with Radar,108,42,40,56,246,0,0,24,1,25,108,42,64,57,271,22,92,114,385
09/16/2017,TUL,OK,ASW,CE,Combined TRACON& Tower with Radar,70,30,24,2,126,0,0,30,6,36,70,30,54,8,162,64,10,74,236
09/17/2017,TUL,OK,ASW,CE,Combined TRACON& Tower with Radar,87,32,13,7,139,0,0,7,2,9,87,32,20,9,148,0,0,0,148
09/18/2017,TUL,OK,ASW,CE,Combined TRACON& Tower with Radar,103,52,48,82,285,0,1,16,0,17,103,53,64,82,302,16,58,74,376
09/19/2017,TUL,OK,ASW,CE,Combined TRACON& Tower with Radar,96,41,53,77,267,0,3,16,7,26,96,44,69,84,293,6,29,35,328
09/20/2017,TUL,OK,ASW,CE,Combined TRACON& Tower with Radar,101,44,54,60,259,0,0,35,8,43,101,44,89,68,302,34,66,100,402
09/21/2017,TUL,OK,ASW,CE,Combined TRACON& Tower with Radar,104,37,65,99,305,0,1,16,4,21,104,38,81,103,326,20,116,136,462
09/22/2017,TUL,OK,ASW,CE,Combined TRACON& Tower with Radar,107,41,33,42,223,0,0,23,1,24,107,41,56,43,247,0,42,42,289
09/23/2017,TUL,OK,ASW,CE,Combined TRACON& Tower with Radar,65,20,14,1,100,0,1,14,1,16,65,21,28,2,116,0,0,0,116
09/24/2017,TUL,OK,ASW,CE,Combined TRACON& Tower with Radar,84,30,31,14,159,0,0,14,4,18,84,30,45,18,177,12,36,48,225
09/25/2017,TUL,OK,ASW,CE,Combined TRACON& Tower with Radar,100,35,54,103,292,0,2,22,2,26,100,37,76,105,318,26,200,226,544
09/26/2017,TUL,OK,ASW,CE,Combined TRACON& Tower with Radar,100,46,63,49,258,0,0,3,1,4,100,46,66,50,262,2,30,32,294
09/27/2017,TUL,OK,ASW,CE,Combined TRACON& Tower with Radar,100,35,70,28,233,0,0,1,0,1,100,35,71,28,234,0,0,0,234
09/28/2017,TUL,OK,ASW,CE,Combined TRACON& Tower with Radar,105,46,75,54,280,0,0,22,4,26,105,46,97,58,306,18,100,118,424
09/29/2017,TUL,OK,ASW,CE,Combined TRACON& Tower with Radar,105,51,56,54,266,0,1,31,7,39,105,52,87,61,305,14,68,82,387
09/30/2017,TUL,OK,ASW,CE,Combined TRACON& Tower with Radar,59,30,13,0,102,0,0,13,0,13,59,30,26,0,115,0,0,0,115
10/01/2017,TUL,OK,ASW,CE,Combined TRACON& Tower with Radar,84,49,38,1,172,0,1,10,1,12,84,50,48,2,184,66,10,76,260
10/02/2017,TUL,OK,ASW,CE,Combined TRACON& Tower with Radar,103,41,56,110,310,0,1,20,3,24,103,42,76,113,334,30,108,138,472
10/03/2017,TUL,OK,ASW,CE,Combined TRACON& Tower with Radar,97,45,46,46,234,0,2,1,2,5,97,47,47,48,239,82,80,162,401
10/04/2017,TUL,OK,ASW,CE,Combined TRACON& Tower with Radar,95,47,25,11,178,0,0,0,0,0,95,47,25,11,178,86,60,146,324
10/05/2017,TUL,OK,ASW,CE,Combined TRACON& Tower with Radar,112,44,61,94,311,0,2,27,4,33,112,46,88,98,344,62,90,152,496
10/06/2017,TUL,OK,ASW,CE,Combined TRACON& Tower with Radar,113,38,49,115,315,0,1,33,14,48,113,39,82,129,363,30,228,258,621
10/07/2017,TUL,OK,ASW,CE,Combined TRACON& Tower with Radar,70,27,31,2,130,0,0,26,6,32,70,27,57,8,162,6,12,18,180
10/08/2017,TUL,OK,ASW,CE,Combined TRACON& Tower with Radar,84,32,46,3,165,0,0,16,2,18,84,32,62,5,183,0,0,0,183
10/09/2017,TUL,OK,ASW,CE,Combined TRACON& Tower with Radar,100,50,36,1,187,0,0,17,1,18,100,50,53,2,205,102,78,180,385
10/10/2017,TUL,OK,ASW,CE,Combined TRACON& Tower with Radar,102,42,48,80,272,0,0,9,0,9,102,42,57,80,281,6,54,60,341
10/11/2017,TUL,OK,ASW,CE,Combined TRACON& Tower with Radar,106,47,72,50,275,0,0,29,1,30,106,47,101,51,305,52,44,96,401
10/12/2017,TUL,OK,ASW,CE,Combined TRACON& Tower with Radar,104,39,61,59,263,0,0,22,2,24,104,39,83,61,287,96,84,180,467
10/13/2017,TUL,OK,ASW,CE,Combined TRACON& Tower with Radar,104,44,55,19,222,0,1,21,2,24,104,45,76,21,246,2,58,60,306
10/14/2017,TUL,OK,ASW,CE,Combined TRACON& Tower with Radar,71,27,31,10,139,0,0,7,2,9,71,27,38,12,148,50,0,50,198
10/15/2017,TUL,OK,ASW,CE,Combined TRACON& Tower with Radar,85,29,32,4,150,0,0,11,2,13,85,29,43,6,163,76,0,76,239
10/16/2017,TUL,OK,ASW,CE,Combined TRACON& Tower with Radar,97,35,27,85,244,0,4,24,2,30,97,39,51,87,274,114,80,194,468
10/17/2017,TUL,OK,ASW,CE,Combined TRACON& Tower with Radar,103,35,40,117,295,0,0,30,7,37,103,35,70,124,332,56,0,56,388
10/18/2017,TUL,OK,ASW,CE,Combined TRACON& Tower with Radar,99,40,70,69,278,0,0,34,2,36,99,40,104,71,314,38,108,146,460
10/19/2017,TUL,OK,ASW,CE,Combined TRACON& Tower with Radar,109,46,71,80,306,0,1,35,6,42,109,47,106,86,348,40,64,104,452
10/20/2017,TUL,OK,ASW,CE,Combined TRACON& Tower with Radar,107,42,42,85,276,0,0,22,9,31,107,42,64,94,307,96,144,240,547
10/21/2017,TUL,OK,ASW,CE,Combined TRACON& Tower with Radar,62,34,24,17,137,0,4,2,0,6,62,38,26,17,143,64,26,90,233
10/22/2017,TUL,OK,ASW,CE,Combined TRACON& Tower with Radar,87,38,40,4,169,0,1,15,0,16,87,39,55,4,185,2,10,12,197
10/23/2017,TUL,OK,ASW,CE,Combined TRACON& Tower with Radar,98,30,43,84,255,0,0,14,13,27,98,30,57,97,282,100,80,180,462
10/24/2017,TUL,OK,ASW,CE,Combined TRACON& Tower with Radar,94,44,42,80,260,3,0,13,5,21,97,44,55,85,281,12,20,32,313
10/25/2017,TUL,OK,ASW,CE,Combined TRACON& Tower with Radar,101,36,64,106,307,0,0,39,4,43,101,36,103,110,350,50,70,120,470
10/26/2017,TUL,OK,ASW,CE,Combined TRACON& Tower with Radar,116,41,91,78,326,0,0,33,3,36,116,41,124,81,362,84,20,104,466
10/27/2017,TUL,OK,ASW,CE,Combined TRACON& Tower with Radar,108,40,40,75,263,0,3,10,8,21,108,43,50,83,284,14,44,58,342
10/28/2017,TUL,OK,ASW,CE,Combined TRACON& Tower with Radar,70,25,23,0,118,0,0,21,8,29,70,25,44,8,147,0,0,0,147
10/29/2017,TUL,OK,ASW,CE,Combined TRACON& Tower with Radar,83,42,43,12,180,0,0,22,2,24,83,42,65,14,204,0,0,0,204
10/30/2017,TUL,OK,ASW,CE,Combined TRACON& Tower with Radar,97,37,37,62,233,0,0,40,1,41,97,37,77,63,274,18,60,78,352
10/31/2017,TUL,OK,ASW,CE,Combined TRACON& Tower with Radar,87,30,36,57,210,0,0,23,2,25,87,30,59,59,235,0,0,0,235
11/01/2017,TUL,OK,ASW,CE,Combined TRACON& Tower with Radar,97,36,63,51,247,0,0,24,0,24,97,36,87,51,271,0,0,0,271
11/02/2017,TUL,OK,ASW,CE,Combined TRACON& Tower with Radar,112,37,50,66,265,0,0,27,2,29,112,37,77,68,294,26,126,152,446
11/03/2017,TUL,OK,ASW,CE,Combined TRACON& Tower with Radar,103,33,46,19,201,0,0,0,1,1,103,33,46,20,202,0,4,4,206
11/04/2017,TUL,OK,ASW,CE,Combined TRACON& Tower with Radar,67,27,20,27,141,0,0,5,1,6,67,27,25,28,147,20,0,20,167
11/05/2017,TUL,OK,ASW,CE,Combined TRACON& Tower with Radar,81,39,23,8,151,0,0,17,3,20,81,39,40,11,171,0,0,0,171
11/06/2017,TUL,OK,ASW,CE,Combined TRACON& Tower with Radar,101,39,50,74,264,0,0,1,0,1,101,39,51,74,265,12,22,34,299
11/07/2017,TUL,OK,ASW,CE,Combined TRACON& Tower with Radar,90,40,43,69,242,0,0,0,1,1,90,40,43,70,243,0,36,36,279
11/08/2017,TUL,OK,ASW,CE,Combined TRACON& Tower with Radar,89,60,53,79,281,0,2,16,0,18,89,62,69,79,299,30,68,98,397
11/09/2017,TUL,OK,ASW,CE,Combined TRACON& Tower with Radar,99,43,56,13,211,0,0,32,3,35,99,43,88,16,246,64,36,100,346
11/10/2017,TUL,OK,ASW,CE,Combined TRACON& Tower with Radar,100,49,61,1,211,0,1,35,0,36,100,50,96,1,247,52,50,102,349
11/11/2017,TUL,OK,ASW,CE,Combined TRACON& Tower with Radar,62,21,30,1,114,0,0,9,2,11,62,21,39,3,125,88,0,88,213
11/12/2017,TUL,OK,ASW,CE,Combined TRACON& Tower with Radar,88,41,82,7,218,0,0,5,2,7,88,41,87,9,225,2,0,2,227
11/13/2017,TUL,OK,ASW,CE,Combined TRACON& Tower with Radar,95,38,53,118,304,0,0,11,0,11,95,38,64,118,315,42,110,152,467
11/14/2017,TUL,OK,ASW,CE,Combined TRACON& Tower with Radar,90,52,56,36,234,0,0,1,0,1,90,52,57,36,235,50,56,106,341
11/15/2017,TUL,OK,ASW,CE,Combined TRACON& Tower with Radar,95,59,78,87,319,0,2,17,2,21,95,61,95,89,340,26,78,104,444
11/16/2017,TUL,OK,ASW,CE,Combined TRACON& Tower with Radar,97,49,64,32,242,0,0,17,9,26,97,49,81,41,268,6,2,8,276
11/17/2017,TUL,OK,ASW,CE,Combined TRACON& Tower with Radar,99,58,38,20,215,0,2,13,0,15,99,60,51,20,230,0,0,0,230
11/18/2017,TUL,OK,ASW,CE,Combined TRACON& Tower with Radar,73,33,25,1,132,0,0,5,4,9,73,33,30,5,141,58,6,64,205
11/19/2017,TUL,OK,ASW,CE,Combined TRACON& Tower with Radar,80,40,35,2,157,0,2,29,3,34,80,42,64,5,191,0,0,0,191
11/20/2017,TUL,OK,ASW,CE,Combined TRACON& Tower with Radar,87,43,32,34,196,0,0,27,2,29,87,43,59,36,225,0,0,0,225
11/21/2017,TUL,OK,ASW,CE,Combined TRACON& Tower with Radar,92,40,35,56,223,0,0,17,4,21,92,40,52,60,244,0,0,0,244
11/22/2017,TUL,OK,ASW,CE,Combined TRACON& Tower with Radar,101,40,25,21,187,0,0,19,4,23,101,40,44,25,210,6,46,52,262
11/23/2017,TUL,OK,ASW,CE,Combined TRACON& Tower with Radar,44,16,0,0,60,0,0,9,5,14,44,16,9,5,74,0,0,0,74
11/24/2017,TUL,OK,ASW,CE,Combined TRACON& Tower with Radar,71,30,15,0,116,0,4,25,3,32,71,34,40,3,148,38,0,38,186
11/25/2017,TUL,OK,ASW,CE,Combined TRACON& Tower with Radar,93,28,22,2,145,0,0,16,3,19,93,28,38,5,164,22,0,22,186
11/26/2017,TUL,OK,ASW,CE,Combined TRACON& Tower with Radar,89,47,35,0,171,0,2,25,4,31,89,49,60,4,202,0,0,0,202
11/27/2017,TUL,OK,ASW,CE,Combined TRACON& Tower with Radar,105,45,22,87,259,0,1,21,6,28,105,46,43,93,287,10,68,78,365
11/28/2017,TUL,OK,ASW,CE,Combined TRACON& Tower with Radar,91,42,61,73,267,0,0,19,0,19,91,42,80,73,286,2,12,14,300
11/29/2017,TUL,OK,ASW,CE,Combined TRACON& Tower with Radar,92,45,60,21,218,0,0,2,0,2,92,45,62,21,220,0,0,0,220
11/30/2017,TUL,OK,ASW,CE,Combined TRACON& Tower with Radar,100,40,41,65,246,0,1,31,4,36,100,41,72,69,282,20,138,158,440
12/01/2017,TUL,OK,ASW,CE,Combined TRACON& Tower with Radar,100,47,42,23,212,0,0,25,4,29,100,47,67,27,241,32,24,56,297
12/02/2017,TUL,OK,ASW,CE,Combined TRACON& Tower with Radar,68,22,28,0,118,0,2,26,0,28,68,24,54,0,146,20,0,20,166
12/03/2017,TUL,OK,ASW,CE,Combined TRACON& Tower with Radar,79,37,35,7,158,0,0,22,0,22,79,37,57,7,180,0,0,0,180
12/04/2017,TUL,OK,ASW,CE,Combined TRACON& Tower with Radar,90,39,36,30,195,0,0,3,3,6,90,39,39,33,201,4,12,16,217
12/05/2017,TUL,OK,ASW,CE,Combined TRACON& Tower with Radar,93,40,56,20,209,0,0,27,4,31,93,40,83,24,240,8,18,26,266
12/06/2017,TUL,OK,ASW,CE,Combined TRACON& Tower with Radar,91,45,71,33,240,0,0,28,6,34,91,45,99,39,274,32,18,50,324
12/07/2017,TUL,OK,ASW,CE,Combined TRACON& Tower with Radar,94,62,59,90,305,0,2,36,6,44,94,64,95,96,349,12,46,58,407
12/08/2017,TUL,OK,ASW,CE,Combined TRACON& Tower with Radar,97,38,42,42,219,0,1,44,4,49,97,39,86,46,268,14,50,64,332
12/09/2017,TUL,OK,ASW,CE,Combined TRACON& Tower with Radar,63,22,31,35,151,0,1,29,2,32,63,23,60,37,183,0,0,0,183
12/10/2017,TUL,OK,ASW,CE,Combined TRACON& Tower with Radar,83,35,32,20,170,0,1,22,0,23,83,36,54,20,193,0,0,0,193
12/11/2017,TUL,OK,ASW,CE,Combined TRACON& Tower with Radar,100,59,49,80,288,0,0,22,10,32,100,59,71,90,320,0,0,0,320
12/12/2017,TUL,OK,ASW,CE,Combined TRACON& Tower with Radar,95,48,45,102,290,0,0,25,5,30,95,48,70,107,320,0,0,0,320
12/13/2017,TUL,OK,ASW,CE,Combined TRACON& Tower with Radar,96,42,54,107,299,0,0,53,5,58,96,42,107,112,357,0,0,0,357
12/14/2017,TUL,OK,ASW,CE,Combined TRACON& Tower with Radar,103,52,53,99,307,0,0,30,7,37,103,52,83,106,344,4,116,120,464
12/15/2017,TUL,OK,ASW,CE,Combined TRACON& Tower with Radar,104,51,41,73,269,0,0,43,5,48,104,51,84,78,317,0,0,0,317
12/16/2017,TUL,OK,ASW,CE,Combined TRACON& Tower with Radar,64,34,33,4,135,0,0,22,1,23,64,34,55,5,158,26,0,26,184
12/17/2017,TUL,OK,ASW,CE,Combined TRACON& Tower with Radar,78,43,25,15,161,0,0,0,0,0,78,43,25,15,161,48,72,120,281
12/18/2017,TUL,OK,ASW,CE,Combined TRACON& Tower with Radar,102,45,47,53,247,0,0,12,0,12,102,45,59,53,259,10,8,18,277
12/19/2017,TUL,OK,ASW,CE,Combined TRACON& Tower with Radar,99,58,47,8,212,0,0,1,0,1,99,58,48,8,213,0,0,0,213
12/20/2017,TUL,OK,ASW,CE,Combined TRACON& Tower with Radar,98,53,52,4,207,0,0,1,0,1,98,53,53,4,208,6,60,66,274
12/21/2017,TUL,OK,ASW,CE,Combined TRACON& Tower with Radar,121,50,38,67,276,0,1,44,0,45,121,51,82,67,321,34,96,130,451
12/22/2017,TUL,OK,ASW,CE,Combined TRACON& Tower with Radar,101,47,25,0,173,0,2,0,0,2,101,49,25,0,175,0,0,0,175
12/23/2017,TUL,OK,ASW,CE,Combined TRACON& Tower with Radar,78,36,25,0,139,1,0,17,0,18,79,36,42,0,157,0,0,0,157
12/24/2017,TUL,OK,ASW,CE,Combined TRACON& Tower with Radar,53,31,7,0,91,0,0,4,2,6,53,31,11,2,97,0,0,0,97
12/25/2017,TUL,OK,ASW,CE,Combined TRACON& Tower with Radar,57,27,9,0,93,0,0,0,0,0,57,27,9,0,93,0,0,0,93
12/26/2017,TUL,OK,ASW,CE,Combined TRACON& Tower with Radar,85,48,42,4,179,0,3,14,1,18,85,51,56,5,197,0,0,0,197
12/27/2017,TUL,OK,ASW,CE,Combined TRACON& Tower with Radar,97,57,53,10,217,0,0,12,1,13,97,57,65,11,230,0,0,0,230
12/28/2017,TUL,OK,ASW,CE,Combined TRACON& Tower with Radar,91,45,39,19,194,0,2,21,0,23,91,47,60,19,217,0,0,0,217
12/29/2017,TUL,OK,ASW,CE,Combined TRACON& Tower with Radar,97,44,31,2,174,0,0,8,0,8,97,44,39,2,182,0,0,0,182
12/30/2017,TUL,OK,ASW,CE,Combined TRACON& Tower with Radar,76,35,13,0,124,0,0,3,0,3,76,35,16,0,127,0,0,0,127
12/31/2017,TUL,OK,ASW,CE,Combined TRACON& Tower with Radar,59,30,13,0,102,0,0,5,0,5,59,30,18,0,107,0,0,0,107
01/01/2018,TUL,OK,ASW,CE,Combined TRACON& Tower with Radar,63,38,9,0,110,0,0,13,2,15,63,38,22,2,125,0,0,0,125
01/02/2018,TUL,OK,ASW,CE,Combined TRACON& Tower with Radar,89,56,40,1,186,0,0,19,0,19,89,56,59,1,205,0,0,0,205
01/03/2018,TUL,OK,ASW,CE,Combined TRACON& Tower with Radar,85,50,42,78,255,0,0,27,10,37,85,50,69,88,292,0,0,0,292
01/04/2018,TUL,OK,ASW,CE,Combined TRACON& Tower with Radar,84,43,35,30,192,0,0,22,2,24,84,43,57,32,216,18,10,28,244
01/05/2018,TUL,OK,ASW,CE,Combined TRACON& Tower with Radar,93,46,35,52,226,0,0,30,8,38,93,46,65,60,264,0,0,0,264
01/06/2018,TUL,OK,ASW,CE,Combined TRACON& Tower with Radar,61,47,36,18,162,0,1,32,3,36,61,48,68,21,198,22,40,62,260
01/07/2018,TUL,OK,ASW,CE,Combined TRACON& Tower with Radar,75,35,15,19,144,0,0,2,4,6,75,35,17,23,150,0,0,0,150
01/08/2018,TUL,OK,ASW,CE,Combined TRACON& Tower with Radar,99,40,33,65,237,0,0,30,0,30,99,40,63,65,267,0,50,50,317
01/09/2018,TUL,OK,ASW,CE,Combined TRACON& Tower with Radar,101,40,68,63,272,0,0,0,0,0,101,40,68,63,272,0,22,22,294
01/10/2018,TUL,OK,ASW,CE,Combined TRACON& Tower with Radar,99,49,49,29,226,0,0,9,5,14,99,49,58,34,240,0,0,0,240
01/11/2018,TUL,OK,ASW,CE,Combined TRACON& Tower with Radar,98,38,45,4,185,0,0,3,0,3,98,38,48,4,188,0,0,0,188
01/12/2018,TUL,OK,ASW,CE,Combined TRACON& Tower with Radar,95,40,60,43,238,0,0,38,9,47,95,40,98,52,285,22,42,64,349
01/13/2018,TUL,OK,ASW,CE,Combined TRACON& Tower with Radar,54,24,20,0,98,0,0,20,1,21,54,24,40,1,119,4,0,4,123
01/14/2018,TUL,OK,ASW,CE,Combined TRACON& Tower with Radar,72,31,23,0,126,0,0,22,1,23,72,31,45,1,149,0,0,0,149
01/15/2018,TUL,OK,ASW,CE,Combined TRACON& Tower with Radar,99,36,25,0,160,0,3,11,0,14,99,39,36,0,174,8,0,8,182
01/16/2018,TUL,OK,ASW,CE,Combined TRACON& Tower with Radar,87,24,36,43,190,0,1,17,2,20,87,25,53,45,210,0,0,0,210
01/17/2018,TUL,OK,ASW,CE,Combined TRACON& Tower with Radar,90,29,47,59,225,0,2,31,5,38,90,31,78,64,263,0,0,0,263
01/18/2018,TUL,OK,ASW,CE,Combined TRACON& Tower with Radar,105,41,53,82,281,0,0,24,0,24,105,41,77,82,305,0,0,0,305
01/19/2018,TUL,OK,ASW,CE,Combined TRACON& Tower with Radar,105,34,54,65,258,0,0,54,5,59,105,34,108,70,317,0,0,0,317
01/20/2018,TUL,OK,ASW,CE,Combined TRACON& Tower with Radar,58,20,25,5,108,0,0,15,1,16,58,20,40,6,124,0,0,0,124
01/21/2018,TUL,OK,ASW,CE,Combined TRACON& Tower with Radar,74,26,26,25,151,0,0,7,4,11,74,26,33,29,162,0,0,0,162
01/22/2018,TUL,OK,ASW,CE,Combined TRACON& Tower with Radar,100,38,34,2,174,0,0,7,2,9,100,38,41,4,183,0,0,0,183
01/23/2018,TUL,OK,ASW,CE,Combined TRACON& Tower with Radar,94,31,58,51,234,0,0,20,7,27,94,31,78,58,261,68,72,140,401
01/24/2018,TUL,OK,ASW,CE,Combined TRACON& Tower with Radar,98,34,50,38,220,0,0,51,3,54,98,34,101,41,274,0,0,0,274
01/25/2018,TUL,OK,ASW,CE,Combined TRACON& Tower with Radar,105,38,40,61,244,0,0,32,8,40,105,38,72,69,284,24,44,68,352
01/26/2018,TUL,OK,ASW,CE,Combined TRACON& Tower with Radar,101,35,26,23,185,0,2,6,2,10,101,37,32,25,195,6,34,40,235
01/27/2018,TUL,OK,ASW,CE,Combined TRACON& Tower with Radar,58,21,20,28,127,0,0,31,3,34,58,21,51,31,161,28,22,50,211
01/28/2018,TUL,OK,ASW,CE,Combined TRACON& Tower with Radar,75,26,24,5,130,0,1,29,2,32,75,27,53,7,162,12,0,12,174
01/29/2018,TUL,OK,ASW,CE,Combined TRACON& Tower with Radar,101,30,49,19,199,0,4,25,0,29,101,34,74,19,228,4,6,10,238
01/30/2018,TUL,OK,ASW,CE,Combined TRACON& Tower with Radar,95,23,57,71,246,0,2,33,2,37,95,25,90,73,283,14,56,70,353
01/31/2018,TUL,OK,ASW,CE,Combined TRACON& Tower with Radar,97,31,42,76,246,0,1,30,4,35,97,32,72,80,281,18,76,94,375
02/01/2018,TUL,OK,ASW,CE,Combined TRACON& Tower with Radar,96,34,54,74,258,0,0,42,8,50,96,34,96,82,308,24,82,106,414
02/02/2018,TUL,OK,ASW,CE,Combined TRACON& Tower with Radar,110,37,49,27,223,0,1,27,4,32,110,38,76,31,255,48,46,94,349
02/03/2018,TUL,OK,ASW,CE,Combined TRACON& Tower with Radar,57,27,25,3,112,0,2,27,3,32,57,29,52,6,144,28,0,28,172
02/04/2018,TUL,OK,ASW,CE,Combined TRACON& Tower with Radar,64,27,24,0,115,0,0,6,1,7,64,27,30,1,122,0,0,0,122
02/05/2018,TUL,OK,ASW,CE,Combined TRACON& Tower with Radar,96,34,46,90,266,0,0,15,1,16,96,34,61,91,282,0,18,18,300
02/06/2018,TUL,OK,ASW,CE,Combined TRACON& Tower with Radar,98,27,39,52,216,0,0,8,0,8,98,27,47,52,224,0,20,20,244
02/07/2018,TUL,OK,ASW,CE,Combined TRACON& Tower with Radar,100,41,61,37,239,0,5,38,7,50,100,46,99,44,289,0,0,0,289
02/08/2018,TUL,OK,ASW,CE,Combined TRACON& Tower with Radar,104,33,53,15,205,0,0,61,15,76,104,33,114,30,281,66,22,88,369
02/09/2018,TUL,OK,ASW,CE,Combined TRACON& Tower with Radar,99,40,59,5,203,0,0,32,3,35,99,40,91,8,238,0,0,0,238
02/10/2018,TUL,OK,ASW,CE,Combined TRACON& Tower with Radar,56,18,15,1,90,0,0,0,0,0,56,18,15,1,90,0,0,0,90
02/11/2018,TUL,OK,ASW,CE,Combined TRACON& Tower with Radar,76,35,18,5,134,0,0,9,3,12,76,35,27,8,146,0,0,0,146
02/12/2018,TUL,OK,ASW,CE,Combined TRACON& Tower with Radar,100,38,46,68,252,0,0,42,3,45,100,38,88,71,297,0,0,0,297
02/13/2018,TUL,OK,ASW,CE,Combined TRACON& Tower with Radar,98,33,54,70,255,1,0,22,2,25,99,33,76,72,280,0,0,0,280
02/14/2018,TUL,OK,ASW,CE,Combined TRACON& Tower with Radar,91,40,41,70,242,0,0,22,2,24,91,40,63,72,266,0,0,0,266
02/15/2018,TUL,OK,ASW,CE,Combined TRACON& Tower with Radar,101,56,62,39,258,0,2,43,2,47,101,58,105,41,305,32,46,78,383
02/16/2018,TUL,OK,ASW,CE,Combined TRACON& Tower with Radar,102,37,49,48,236,0,0,37,4,41,102,37,86,52,277,24,36,60,337
02/17/2018,TUL,OK,ASW,CE,Combined TRACON& Tower with Radar,57,22,31,0,110,0,0,10,0,10,57,22,41,0,120,0,0,0,120
02/18/2018,TUL,OK,ASW,CE,Combined TRACON& Tower with Radar,77,34,51,0,162,0,0,11,0,11,77,34,62,0,173,0,0,0,173
02/19/2018,TUL,OK,ASW,CE,Combined TRACON& Tower with Radar,97,42,50,0,189,0,0,2,0,2,97,42,52,0,191,0,0,0,191
02/20/2018,TUL,OK,ASW,CE,Combined TRACON& Tower with Radar,79,48,37,0,164,0,0,0,0,0,79,48,37,0,164,0,0,0,164
02/21/2018,TUL,OK,ASW,CE,Combined TRACON& Tower with Radar,86,49,38,0,173,0,0,1,0,1,86,49,39,0,174,0,0,0,174
02/22/2018,TUL,OK,ASW,CE,Combined TRACON& Tower with Radar,90,48,38,0,176,0,0,0,0,0,90,48,38,0,176,0,0,0,176
02/23/2018,TUL,OK,ASW,CE,Combined TRACON& Tower with Radar,100,41,33,0,174,0,0,0,0,0,100,41,33,0,174,0,0,0,174
02/24/2018,TUL,OK,ASW,CE,Combined TRACON& Tower with Radar,58,26,18,17,119,0,0,4,0,4,58,26,22,17,123,0,0,0,123
02/25/2018,TUL,OK,ASW,CE,Combined TRACON& Tower with Radar,73,42,49,20,184,0,0,57,1,58,73,42,106,21,242,28,28,56,298
02/26/2018,TUL,OK,ASW,CE,Combined TRACON& Tower with Radar,96,41,69,52,258,0,1,61,5,67,96,42,130,57,325,0,14,14,339
02/27/2018,TUL,OK,ASW,CE,Combined TRACON& Tower with Radar,97,44,41,11,193,0,0,16,0,16,97,44,57,11,209,14,4,18,227
02/28/2018,TUL,OK,ASW,CE,Combined TRACON& Tower with Radar,109,46,70,32,257,0,0,16,0,16,109,46,86,32,273,0,0,0,273
03/01/2018,TUL,OK,ASW,CE,Combined TRACON& Tower with Radar,100,56,95,41,292,0,2,31,1,34,100,58,126,42,326,0,0,0,326
03/02/2018,TUL,OK,ASW,CE,Combined TRACON& Tower with Radar,94,42,63,35,234,0,2,55,6,63,94,44,118,41,297,0,0,0,297
03/03/2018,TUL,OK,ASW,CE,Combined TRACON& Tower with Radar,59,40,48,25,172,0,0,46,5,51,59,40,94,30,223,0,0,0,223
03/04/2018,TUL,OK,ASW,CE,Combined TRACON& Tower with Radar,76,30,41,15,162,0,0,2,1,3,76,30,43,16,165,0,0,0,165
03/05/2018,TUL,OK,ASW,CE,Combined TRACON& Tower with Radar,92,38,38,55,223,0,0,21,1,22,92,38,59,56,245,0,36,36,281
03/06/2018,TUL,OK,ASW,CE,Combined TRACON& Tower with Radar,98,48,34,14,194,0,0,13,3,16,98,48,47,17,210,0,0,0,210
03/07/2018,TUL,OK,ASW,CE,Combined TRACON& Tower with Radar,95,59,69,80,303,0,0,31,3,34,95,59,100,83,337,0,0,0,337
03/08/2018,TUL,OK,ASW,CE,Combined TRACON& Tower with Radar,93,53,68,61,275,0,0,34,4,38,93,53,102,65,313,52,80,132,445
03/09/2018,TUL,OK,ASW,CE,Combined TRACON& Tower with Radar,99,30,51,53,233,0,5,57,3,65,99,35,108,56,298,54,60,114,412
03/10/2018,TUL,OK,ASW,CE,Combined TRACON& Tower with Radar,62,33,25,4,124,0,0,10,5,15,62,33,35,9,139,0,0,0,139
03/11/2018,TUL,OK,ASW,CE,Combined TRACON& Tower with Radar,73,28,41,17,159,0,0,15,0,15,73,28,56,17,174,0,0,0,174
03/12/2018,TUL,OK,ASW,CE,Combined TRACON& Tower with Radar,98,45,41,23,207,0,1,26,5,32,98,46,67,28,239,0,0,0,239
03/13/2018,TUL,OK,ASW,CE,Combined TRACON& Tower with Radar,87,44,51,59,241,0,0,28,3,31,87,44,79,62,272,0,32,32,304
03/14/2018,TUL,OK,ASW,CE,Combined TRACON& Tower with Radar,99,59,63,58,279,0,1,36,4,41,99,60,99,62,320,0,32,32,352
03/15/2018,TUL,OK,ASW,CE,Combined TRACON& Tower with Radar,97,57,50,78,282,0,0,27,3,30,97,57,77,81,312,16,80,96,408
03/16/2018,TUL,OK,ASW,CE,Combined TRACON& Tower with Radar,101,50,34,56,241,0,0,16,29,45,101,50,50,85,286,46,98,144,430
03/17/2018,TUL,OK,ASW,CE,Combined TRACON& Tower with Radar,65,39,36,0,140,0,0,25,4,29,65,39,61,4,169,44,0,44,213
03/18/2018,TUL,OK,ASW,CE,Combined TRACON& Tower with Radar,81,26,30,0,137,0,0,5,3,8,81,26,35,3,145,0,0,0,145
03/19/2018,TUL,OK,ASW,CE,Combined TRACON& Tower with Radar,96,30,35,38,199,0,0,2,0,2,96,30,37,38,201,0,28,28,229
03/20/2018,TUL,OK,ASW,CE,Combined TRACON& Tower with Radar,92,44,52,60,248,0,0,11,1,12,92,44,63,61,260,0,78,78,338
03/21/2018,TUL,OK,ASW,CE,Combined TRACON& Tower with Radar,103,37,48,84,272,0,0,20,3,23,103,37,68,87,295,12,102,114,409
03/22/2018,TUL,OK,ASW,CE,Combined TRACON& Tower with Radar,92,44,51,89,276,0,3,33,2,38,92,47,84,91,314,10,104,114,428
03/23/2018,TUL,OK,ASW,CE,Combined TRACON& Tower with Radar,98,34,39,43,214,0,0,24,4,28,98,34,63,47,242,4,22,26,268
03/24/2018,TUL,OK,ASW,CE,Combined TRACON& Tower with Radar,64,29,31,3,127,0,0,34,8,42,64,29,65,11,169,0,0,0,169
03/25/2018,TUL,OK,ASW,CE,Combined TRACON& Tower with Radar,78,46,24,7,155,0,0,2,4,6,78,46,26,11,161,0,0,0,161
03/26/2018,TUL,OK,ASW,CE,Combined TRACON& Tower with Radar,92,42,35,26,195,0,0,4,4,8,92,42,39,30,203,0,0,0,203
03/27/2018,TUL,OK,ASW,CE,Combined TRACON& Tower with Radar,97,40,39,45,221,0,0,0,0,0,97,40,39,45,221,0,0,0,221
03/28/2018,TUL,OK,ASW,CE,Combined TRACON& Tower with Radar,95,46,58,41,240,0,0,1,0,1,95,46,59,41,241,0,0,0,241
03/29/2018,TUL,OK,ASW,CE,Combined TRACON& Tower with Radar,103,50,51,45,249,0,0,4,6,10,103,50,55,51,259,52,70,122,381
03/30/2018,TUL,OK,ASW,CE,Combined TRACON& Tower with Radar,101,35,48,29,213,0,1,35,5,41,101,36,83,34,254,70,20,90,344
03/31/2018,TUL,OK,ASW,CE,Combined TRACON& Tower with Radar,63,31,20,28,142,0,0,18,2,20,63,31,38,30,162,0,0,0,162
04/01/2018,TUL,OK,ASW,CE,Combined TRACON& Tower with Radar,87,11,10,1,109,0,0,0,0,0,87,11,10,1,109,0,0,0,109
04/02/2018,TUL,OK,ASW,CE,Combined TRACON& Tower with Radar,89,32,38,10,169,0,0,0,0,0,89,32,38,10,169,0,0,0,169
04/03/2018,TUL,OK,ASW,CE,Combined TRACON& Tower with Radar,91,44,35,33,203,0,1,8,0,9,91,45,43,33,212,0,0,0,212
04/04/2018,TUL,OK,ASW,CE,Combined TRACON& Tower with Radar,98,45,53,57,253,0,1,50,2,53,98,46,103,59,306,0,0,0,306
04/05/2018,TUL,OK,ASW,CE,Combined TRACON& Tower with Radar,98,43,74,85,300,0,0,21,3,24,98,43,95,88,324,50,62,112,436
04/06/2018,TUL,OK,ASW,CE,Combined TRACON& Tower with Radar,89,33,29,2,153,0,0,3,0,3,89,33,32,2,156,0,0,0,156
04/07/2018,TUL,OK,ASW,CE,Combined TRACON& Tower with Radar,74,23,26,23,146,0,2,12,2,16,74,25,38,25,162,0,0,0,162
04/08/2018,TUL,OK,ASW,CE,Combined TRACON& Tower with Radar,90,42,32,29,193,0,1,16,5,22,90,43,48,34,215,0,0,0,215
04/09/2018,TUL,OK,ASW,CE,Combined TRACON& Tower with Radar,85,32,46,79,242,0,0,12,1,13,85,32,58,80,255,8,106,114,369
04/10/2018,TUL,OK,ASW,CE,Combined TRACON& Tower with Radar,95,43,48,46,232,0,0,17,2,19,95,43,65,48,251,24,72,96,347
04/11/2018,TUL,OK,ASW,CE,Combined TRACON& Tower with Radar,94,52,47,44,237,0,0,13,6,19,94,52,60,50,256,36,52,88,344
04/12/2018,TUL,OK,ASW,CE,Combined TRACON& Tower with Radar,98,50,42,25,215,0,0,14,3,17,98,50,56,28,232,14,16,30,262
04/13/2018,TUL,OK,ASW,CE,Combined TRACON& Tower with Radar,85,40,16,0,141,0,0,0,1,1,85,40,16,1,142,0,0,0,142
04/14/2018,TUL,OK,ASW,CE,Combined TRACON& Tower with Radar,67,37,9,0,113,0,0,4,1,5,67,37,13,1,118,0,0,0,118
04/15/2018,TUL,OK,ASW,CE,Combined TRACON& Tower with Radar,79,39,17,13,148,0,1,11,0,12,79,40,28,13,160,0,0,0,160
04/16/2018,TUL,OK,ASW,CE,Combined TRACON& Tower with Radar,91,50,41,45,227,0,0,20,3,23,91,50,61,48,250,0,0,0,250
04/17/2018,TUL,OK,ASW,CE,Combined TRACON& Tower with Radar,98,59,48,62,267,0,2,10,8,20,98,61,58,70,287,0,0,0,287
04/18/2018,TUL,OK,ASW,CE,Combined TRACON& Tower with Radar,100,46,49,58,253,0,0,26,8,34,100,46,75,66,287,72,26,98,385
04/19/2018,TUL,OK,ASW,CE,Combined TRACON& Tower with Radar,96,51,53,82,282,0,0,36,1,37,96,51,89,83,319,56,62,118,437
04/20/2018,TUL,OK,ASW,CE,Combined TRACON& Tower with Radar,93,37,43,35,208,0,0,11,2,13,93,37,54,37,221,0,0,0,221
04/21/2018,TUL,OK,ASW,CE,Combined TRACON& Tower with Radar,63,26,11,1,101,0,1,2,0,3,63,27,13,1,104,0,0,0,104
04/22/2018,TUL,OK,ASW,CE,Combined TRACON& Tower with Radar,82,34,35,5,156,0,0,0,2,2,82,34,35,7,158,0,0,0,158
04/23/2018,TUL,OK,ASW,CE,Combined TRACON& Tower with Radar,89,40,54,87,270,0,3,23,5,31,89,43,77,92,301,4,26,30,331
04/24/2018,TUL,OK,ASW,CE,Combined TRACON& Tower with Radar,94,44,63,107,308,0,1,39,3,43,94,45,102,110,351,48,142,190,541
04/25/2018,TUL,OK,ASW,CE,Combined TRACON& Tower with Radar,95,55,47,31,228,0,0,1,0,1,95,55,48,31,229,0,0,0,229
04/26/2018,TUL,OK,ASW,CE,Combined TRACON& Tower with Radar,98,37,59,68,262,0,2,13,3,18,98,39,72,71,280,50,78,128,408
04/27/2018,TUL,OK,ASW,CE,Combined TRACON& Tower with Radar,92,38,55,27,212,0,1,29,4,34,92,39,84,31,246,6,42,48,294
04/28/2018,TUL,OK,ASW,CE,Combined TRACON& Tower with Radar,63,35,14,18,130,0,0,45,11,56,63,35,59,29,186,0,0,0,186
04/29/2018,TUL,OK,ASW,CE,Combined TRACON& Tower with Radar,82,30,22,17,151,0,0,14,0,14,82,30,36,17,165,0,0,0,165
04/30/2018,TUL,OK,ASW,CE,Combined TRACON& Tower with Radar,94,37,39,84,254,0,1,24,3,28,94,38,63,87,282,8,96,104,386
05/01/2018,TUL,OK,ASW,CE,Combined TRACON& Tower with Radar,94,45,53,90,282,0,0,16,0,16,94,45,69,90,298,36,60,96,394
05/02/2018,TUL,OK,ASW,CE,Combined TRACON& Tower with Radar,98,49,53,42,242,0,0,2,0,2,98,49,55,42,244,8,36,44,288
05/03/2018,TUL,OK,ASW,CE,Combined TRACON& Tower with Radar,96,49,61,0,206,0,1,3,2,6,96,50,64,2,212,24,10,34,246
05/04/2018,TUL,OK,ASW,CE,Combined TRACON& Tower with Radar,101,33,60,19,213,0,0,27,2,29,101,33,87,21,242,86,26,112,354
05/05/2018,TUL,OK,ASW,CE,Combined TRACON& Tower with Radar,74,29,18,27,148,0,0,28,3,31,74,29,46,30,179,0,0,0,179
05/06/2018,TUL,OK,ASW,CE,Combined TRACON& Tower with Radar,88,38,39,15,180,0,0,27,0,27,88,38,66,15,207,0,0,0,207
05/07/2018,TUL,OK,ASW,CE,Combined TRACON& Tower with Radar,93,37,63,69,262,0,1,34,8,43,93,38,97,77,305,0,0,0,305
05/08/2018,TUL,OK,ASW,CE,Combined TRACON& Tower with Radar,97,47,49,82,275,0,1,22,6,29,97,48,71,88,304,0,0,0,304
05/09/2018,TUL,OK,ASW,CE,Combined TRACON& Tower with Radar,101,40,70,84,295,0,1,28,8,37,101,41,98,92,332,0,0,0,332
05/10/2018,TUL,OK,ASW,CE,Combined TRACON& Tower with Radar,109,49,55,49,262,0,2,23,4,29,109,51,78,53,291,0,10,10,301
05/11/2018,TUL,OK,ASW,CE,Combined TRACON& Tower with Radar,103,35,40,36,214,0,0,20,6,26,103,35,60,42,240,0,0,0,240
05/12/2018,TUL,OK,ASW,CE,Combined TRACON& Tower with Radar,70,26,32,11,139,0,0,17,5,22,70,26,49,16,161,0,0,0,161
05/13/2018,TUL,OK,ASW,CE,Combined TRACON& Tower with Radar,96,30,37,8,171,0,0,27,3,30,96,30,64,11,201,0,0,0,201
05/14/2018,TUL,OK,ASW,CE,Combined TRACON& Tower with Radar,91,45,45,6,187,0,1,31,1,33,91,46,76,7,220,0,0,0,220
05/15/2018,TUL,OK,ASW,CE,Combined TRACON& Tower with Radar,97,48,52,38,235,0,1,20,2,23,97,49,72,40,258,0,0,0,258
05/16/2018,TUL,OK,ASW,CE,Combined TRACON& Tower with Radar,101,41,52,43,237,0,1,19,0,20,101,42,71,43,257,0,0,0,257
05/17/2018,TUL,OK,ASW,CE,Combined TRACON& Tower with Radar,98,55,44,75,272,0,1,30,6,37,98,56,74,81,309,22,46,68,377
05/18/2018,TUL,OK,ASW,CE,Combined TRACON& Tower with Radar,103,36,40,29,208,0,1,23,2,26,103,37,63,31,234,24,18,42,276
05/19/2018,TUL,OK,ASW,CE,Combined TRACON& Tower with Radar,74,25,15,22,136,0,0,8,2,10,74,25,23,24,146,4,24,28,174
05/20/2018,TUL,OK,ASW,CE,Combined TRACON& Tower with Radar,79,29,34,17,159,0,0,3,3,6,79,29,37,20,165,0,0,0,165
05/21/2018,TUL,OK,ASW,CE,Combined TRACON& Tower with Radar,99,56,47,93,295,0,1,21,3,25,99,57,68,96,320,2,108,110,430
05/22/2018,TUL,OK,ASW,CE,Combined TRACON& Tower with Radar,91,47,64,100,302,0,1,27,2,30,91,48,91,102,332,0,0,0,332
05/23/2018,TUL,OK,ASW,CE,Combined TRACON& Tower with Radar,108,45,51,30,234,0,1,20,2,23,108,46,71,32,257,0,0,0,257
05/24/2018,TUL,OK,ASW,CE,Combined TRACON& Tower with Radar,107,50,58,63,278,0,3,26,2,31,107,53,84,65,309,4,68,72,381
05/25/2018,TUL,OK,ASW,CE,Combined TRACON& Tower with Radar,99,40,33,0,172,0,0,20,1,21,99,40,53,1,193,0,0,0,193
05/26/2018,TUL,OK,ASW,CE,Combined TRACON& Tower with Radar,71,34,19,0,124,0,0,15,3,18,71,34,34,3,142,0,0,0,142
05/27/2018,TUL,OK,ASW,CE,Combined TRACON& Tower with Radar,77,24,12,0,113,0,0,20,1,21,77,24,32,1,134,0,0,0,134
05/28/2018,TUL,OK,ASW,CE,Combined TRACON& Tower with Radar,85,38,33,0,156,0,0,27,0,27,85,38,60,0,183,8,0,8,191
05/29/2018,TUL,OK,ASW,CE,Combined TRACON& Tower with Radar,88,48,46,86,268,0,2,37,0,39,88,50,83,86,307,16,72,88,395
05/30/2018,TUL,OK,ASW,CE,Combined TRACON& Tower with Radar,104,38,61,73,276,0,1,29,5,35,104,39,90,78,311,0,0,0,311
05/31/2018,TUL,OK,ASW,CE,Combined TRACON& Tower with Radar,104,46,61,73,284,0,2,24,6,32,104,48,85,79,316,72,74,146,462
06/01/2018,TUL,OK,ASW,CE,Combined TRACON& Tower with Radar,104,46,41,62,253,0,0,33,4,37,104,46,74,66,290,26,48,74,364
06/02/2018,TUL,OK,ASW,CE,Combined TRACON& Tower with Radar,78,33,27,1,139,0,2,18,3,23,78,35,45,4,162,4,0,4,166
06/03/2018,TUL,OK,ASW,CE,Combined TRACON& Tower with Radar,86,34,32,17,169,0,0,20,0,20,86,34,52,17,189,0,6,6,195
06/04/2018,TUL,OK,ASW,CE,Combined TRACON& Tower with Radar,97,34,37,109,277,0,1,19,9,29,97,35,56,118,306,14,10,24,330
06/05/2018,TUL,OK,ASW,CE,Combined TRACON& Tower with Radar,95,34,36,84,249,0,1,27,2,30,95,35,63,86,279,36,40,76,355
06/06/2018,TUL,OK,ASW,CE,Combined TRACON& Tower with Radar,102,38,45,105,290,0,1,28,3,32,102,39,73,108,322,20,14,34,356
06/07/2018,TUL,OK,ASW,CE,Combined TRACON& Tower with Radar,101,50,36,20,207,0,1,12,4,17,101,51,48,24,224,20,14,34,258
06/08/2018,TUL,OK,ASW,CE,Combined TRACON& Tower with Radar,85,43,29,24,181,0,4,19,1,24,85,47,48,25,205,68,18,86,291
06/09/2018,TUL,OK,ASW,CE,Combined TRACON& Tower with Radar,93,26,16,8,143,0,1,16,1,18,93,27,32,9,161,42,4,46,207
06/10/2018,TUL,OK,ASW,CE,Combined TRACON& Tower with Radar,90,44,39,3,176,0,0,11,3,14,90,44,50,6,190,0,0,0,190
06/11/2018,TUL,OK,ASW,CE,Combined TRACON& Tower with Radar,104,47,41,53,245,0,1,30,1,32,104,48,71,54,277,0,0,0,277
06/12/2018,TUL,OK,ASW,CE,Combined TRACON& Tower with Radar,103,48,48,45,244,0,1,11,1,13,103,49,59,46,257,0,0,0,257
06/13/2018,TUL,OK,ASW,CE,Combined TRACON& Tower with Radar,103,43,62,60,268,0,3,20,1,24,103,46,82,61,292,0,0,0,292
06/14/2018,TUL,OK,ASW,CE,Combined TRACON& Tower with Radar,107,61,40,32,240,0,1,29,2,32,107,62,69,34,272,0,0,0,272
06/15/2018,TUL,OK,ASW,CE,Combined TRACON& Tower with Radar,101,41,34,18,194,0,0,35,6,41,101,41,69,24,235,6,0,6,241
06/16/2018,TUL,OK,ASW,CE,Combined TRACON& Tower with Radar,84,36,17,16,153,0,1,30,2,33,84,37,47,18,186,0,0,0,186
06/17/2018,TUL,OK,ASW,CE,Combined TRACON& Tower with Radar,93,37,25,0,155,0,0,7,0,7,93,37,32,0,162,0,0,0,162
06/18/2018,TUL,OK,ASW,CE,Combined TRACON& Tower with Radar,95,45,49,90,279,0,1,26,0,27,95,46,75,90,306,4,8,12,318
06/19/2018,TUL,OK,ASW,CE,Combined TRACON& Tower with Radar,102,40,68,23,233,0,1,12,5,18,102,41,80,28,251,0,0,0,251
06/20/2018,TUL,OK,ASW,CE,Combined TRACON& Tower with Radar,110,48,48,2,208,0,2,16,0,18,110,50,64,2,226,0,0,0,226
06/21/2018,TUL,OK,ASW,CE,Combined TRACON& Tower with Radar,112,46,71,38,267,0,4,41,2,47,112,50,112,40,314,12,12,24,338
06/22/2018,TUL,OK,ASW,CE,Combined TRACON& Tower with Radar,102,45,46,55,248,0,0,34,1,35,102,45,80,56,283,8,132,140,423
06/23/2018,TUL,OK,ASW,CE,Combined TRACON& Tower with Radar,86,28,19,5,138,0,0,14,2,16,86,28,33,7,154,18,0,18,172
06/24/2018,TUL,OK,ASW,CE,Combined TRACON& Tower with Radar,85,37,47,0,169,0,0,12,0,12,85,37,59,0,181,0,0,0,181
06/25/2018,TUL,OK,ASW,CE,Combined TRACON& Tower with Radar,104,48,32,15,199,0,1,10,1,12,104,49,42,16,211,0,84,84,295
06/26/2018,TUL,OK,ASW,CE,Combined TRACON& Tower with Radar,102,46,57,115,320,0,4,32,3,39,102,50,89,118,359,0,0,0,359
06/27/2018,TUL,OK,ASW,CE,Combined TRACON& Tower with Radar,112,49,61,120,342,0,1,30,3,34,112,50,91,123,376,0,0,0,376
06/28/2018,TUL,OK,ASW,CE,Combined TRACON& Tower with Radar,105,50,60,100,315,0,5,40,7,52,105,55,100,107,367,74,66,140,507
06/29/2018,TUL,OK,ASW,CE,Combined TRACON& Tower with Radar,121,46,50,65,282,0,0,34,6,40,121,46,84,71,322,4,14,18,340
06/30/2018,TUL,OK,ASW,CE,Combined TRACON& Tower with Radar,90,31,19,0,140,0,0,19,5,24,90,31,38,5,164,4,0,4,168
07/01/2018,TUL,OK,ASW,CE,Combined TRACON& Tower with Radar,82,33,16,2,133,0,0,16,0,16,82,33,32,2,149,0,0,0,149
07/02/2018,TUL,OK,ASW,CE,Combined TRACON& Tower with Radar,98,38,28,38,202,0,0,19,0,19,98,38,47,38,221,12,8,20,241
07/03/2018,TUL,OK,ASW,CE,Combined TRACON& Tower with Radar,85,29,29,34,177,0,1,30,0,31,85,30,59,34,208,28,0,28,236
07/04/2018,TUL,OK,ASW,CE,Combined TRACON& Tower with Radar,68,18,15,4,105,0,0,32,3,35,68,18,47,7,140,8,4,12,152
07/05/2018,TUL,OK,ASW,CE,Combined TRACON& Tower with Radar,95,32,36,0,163,0,1,13,3,17,95,33,49,3,180,32,24,56,236
07/06/2018,TUL,OK,ASW,CE,Combined TRACON& Tower with Radar,101,38,25,28,192,0,2,28,3,33,101,40,53,31,225,0,0,0,225
07/07/2018,TUL,OK,ASW,CE,Combined TRACON& Tower with Radar,91,28,22,1,142,0,1,24,3,28,91,29,46,4,170,162,48,210,380
07/08/2018,TUL,OK,ASW,CE,Combined TRACON& Tower with Radar,84,38,23,5,150,0,0,21,5,26,84,38,44,10,176,0,0,0,176
07/09/2018,TUL,OK,ASW,CE,Combined TRACON& Tower with Radar,102,34,57,34,227,0,1,22,1,24,102,35,79,35,251,0,0,0,251
07/10/2018,TUL,OK,ASW,CE,Combined TRACON& Tower with Radar,107,44,66,46,263,0,1,36,2,39,107,45,102,48,302,96,16,112,414
07/11/2018,TUL,OK,ASW,CE,Combined TRACON& Tower with Radar,106,44,53,52,255,0,2,23,1,26,106,46,76,53,281,74,46,120,401
07/12/2018,TUL,OK,ASW,CE,Combined TRACON& Tower with Radar,108,59,69,50,286,0,2,30,3,35,108,61,99,53,321,0,0,0,321
07/13/2018,TUL,OK,ASW,CE,Combined TRACON& Tower with Radar,111,51,49,68,279,0,0,28,15,43,111,51,77,83,322,8,40,48,370
07/14/2018,TUL,OK,ASW,CE,Combined TRACON& Tower with Radar,89,25,31,7,152,0,0,15,5,20,89,25,46,12,172,12,0,12,184
07/15/2018,TUL,OK,ASW,CE,Combined TRACON& Tower with Radar,84,37,38,1,160,0,0,16,5,21,84,37,54,6,181,0,0,0,181
07/16/2018,TUL,OK,ASW,CE,Combined TRACON& Tower with Radar,99,43,30,11,183,0,0,19,3,22,99,43,49,14,205,0,0,0,205
07/17/2018,TUL,OK,ASW,CE,Combined TRACON& Tower with Radar,116,45,43,10,214,0,1,37,1,39,116,46,80,11,253,0,0,0,253
07/18/2018,TUL,OK,ASW,CE,Combined TRACON& Tower with Radar,110,46,39,108,303,0,3,30,7,40,110,49,69,115,343,28,60,88,431
07/19/2018,TUL,OK,ASW,CE,Combined TRACON& Tower with Radar,104,49,46,61,260,0,3,26,0,29,104,52,72,61,289,8,28,36,325
07/20/2018,TUL,OK,ASW,CE,Combined TRACON& Tower with Radar,107,52,40,45,244,0,0,28,2,30,107,52,68,47,274,0,0,0,274
07/21/2018,TUL,OK,ASW,CE,Combined TRACON& Tower with Radar,93,30,11,5,139,0,1,34,2,37,93,31,45,7,176,0,0,0,176
07/22/2018,TUL,OK,ASW,CE,Combined TRACON& Tower with Radar,87,43,38,1,169,0,0,28,0,28,87,43,66,1,197,0,0,0,197
07/23/2018,TUL,OK,ASW,CE,Combined TRACON& Tower with Radar,105,34,42,30,211,0,1,23,4,28,105,35,65,34,239,0,0,0,239
07/24/2018,TUL,OK,ASW,CE,Combined TRACON& Tower with Radar,97,36,42,47,222,0,1,33,6,40,97,37,75,53,262,26,10,36,298
07/25/2018,TUL,OK,ASW,CE,Combined TRACON& Tower with Radar,103,45,52,49,249,0,1,25,7,33,103,46,77,56,282,0,0,0,282
07/26/2018,TUL,OK,ASW,CE,Combined TRACON& Tower with Radar,106,52,52,73,283,0,2,28,7,37,106,54,80,80,320,0,36,36,356
07/27/2018,TUL,OK,ASW,CE,Combined TRACON& Tower with Radar,107,38,27,39,211,0,0,20,1,21,107,38,47,40,232,28,4,32,264
07/28/2018,TUL,OK,ASW,CE,Combined TRACON& Tower with Radar,91,25,24,4,144,0,0,20,0,20,91,25,44,4,164,46,6,52,216
07/29/2018,TUL,OK,ASW,CE,Combined TRACON& Tower with Radar,89,31,24,24,168,0,0,21,1,22,89,31,45,25,190,0,0,0,190
07/30/2018,TUL,OK,ASW,CE,Combined TRACON& Tower with Radar,102,37,39,67,245,0,1,9,1,11,102,38,48,68,256,2,14,16,272
07/31/2018,TUL,OK,ASW,CE,Combined TRACON& Tower with Radar,101,48,51,87,287,0,3,28,9,40,101,51,79,96,327,24,48,72,399
08/01/2018,TUL,OK,ASW,CE,Combined TRACON& Tower with Radar,115,47,49,68,279,0,1,24,0,25,115,48,73,68,304,14,14,28,332
08/02/2018,TUL,OK,ASW,CE,Combined TRACON& Tower with Radar,106,49,46,57,258,0,1,38,2,41,106,50,84,59,299,24,20,44,343
08/03/2018,TUL,OK,ASW,CE,Combined TRACON& Tower with Radar,104,53,28,22,207,0,0,26,4,30,104,53,54,26,237,0,0,0,237
08/04/2018,TUL,OK,ASW,CE,Combined TRACON& Tower with Radar,90,27,22,17,156,0,1,25,5,31,90,28,47,22,187,0,6,6,193
08/05/2018,TUL,OK,ASW,CE,Combined TRACON& Tower with Radar,89,42,20,26,177,0,2,15,3,20,89,44,35,29,197,0,18,18,215
08/06/2018,TUL,OK,ASW,CE,Combined TRACON& Tower with Radar,105,52,33,106,296,0,1,22,6,29,105,53,55,112,325,0,18,18,343
08/07/2018,TUL,OK,ASW,CE,Combined TRACON& Tower with Radar,106,51,33,22,212,0,1,19,1,21,106,52,52,23,233,50,0,50,283
08/08/2018,TUL,OK,ASW,CE,Combined TRACON& Tower with Radar,100,49,58,42,249,0,1,22,0,23,100,50,80,42,272,14,30,44,316
08/09/2018,TUL,OK,ASW,CE,Combined TRACON& Tower with Radar,110,42,59,88,299,0,2,29,4,35,110,44,88,92,334,6,44,50,384
08/10/2018,TUL,OK,ASW,CE,Combined TRACON& Tower with Radar,115,47,50,30,242,0,1,16,9,26,115,48,66,39,268,28,14,42,310
08/11/2018,TUL,OK,ASW,CE,Combined TRACON& Tower with Radar,78,30,23,5,136,0,0,27,0,27,78,30,50,5,163,0,0,0,163
08/12/2018,TUL,OK,ASW,CE,Combined TRACON& Tower with Radar,86,41,29,7,163,0,0,10,6,16,86,41,39,13,179,0,0,0,179
08/13/2018,TUL,OK,ASW,CE,Combined TRACON& Tower with Radar,91,42,52,2,187,0,0,0,0,0,91,42,52,2,187,0,0,0,187
08/14/2018,TUL,OK,ASW,CE,Combined TRACON& Tower with Radar,112,40,52,8,212,0,0,2,0,2,112,40,54,8,214,6,0,6,220
08/15/2018,TUL,OK,ASW,CE,Combined TRACON& Tower with Radar,103,47,58,35,243,0,1,15,0,16,103,48,73,35,259,52,48,100,359
08/16/2018,TUL,OK,ASW,CE,Combined TRACON& Tower with Radar,100,59,64,36,259,0,3,14,1,18,100,62,78,37,277,8,52,60,337
08/17/2018,TUL,OK,ASW,CE,Combined TRACON& Tower with Radar,113,43,42,47,245,0,0,24,6,30,113,43,66,53,275,6,10,16,291
08/18/2018,TUL,OK,ASW,CE,Combined TRACON& Tower with Radar,80,26,22,2,130,0,2,19,0,21,80,28,41,2,151,2,0,2,153
08/19/2018,TUL,OK,ASW,CE,Combined TRACON& Tower with Radar,83,30,15,0,128,0,0,3,3,6,83,30,18,3,134,0,0,0,134
08/20/2018,TUL,OK,ASW,CE,Combined TRACON& Tower with Radar,104,50,66,43,263,0,1,12,0,13,104,51,78,43,276,0,4,4,280
08/21/2018,TUL,OK,ASW,CE,Combined TRACON& Tower with Radar,106,33,41,43,223,0,2,16,3,21,106,35,57,46,244,0,0,0,244
08/22/2018,TUL,OK,ASW,CE,Combined TRACON& Tower with Radar,104,36,51,23,214,0,1,21,2,24,104,37,72,25,238,0,0,0,238
08/23/2018,TUL,OK,ASW,CE,Combined TRACON& Tower with Radar,107,36,33,4,180,0,1,16,1,18,107,37,49,5,198,6,4,10,208
08/24/2018,TUL,OK,ASW,CE,Combined TRACON& Tower with Radar,109,41,48,6,204,0,0,31,5,36,109,41,79,11,240,10,0,10,250
08/25/2018,TUL,OK,ASW,CE,Combined TRACON& Tower with Radar,78,16,26,1,121,0,0,17,1,18,78,16,43,2,139,0,0,0,139
08/26/2018,TUL,OK,ASW,CE,Combined TRACON& Tower with Radar,83,32,39,21,175,0,0,19,6,25,83,32,58,27,200,6,36,42,242
08/27/2018,TUL,OK,ASW,CE,Combined TRACON& Tower with Radar,104,37,39,62,242,0,3,25,1,29,104,40,64,63,271,4,50,54,325
08/28/2018,TUL,OK,ASW,CE,Combined TRACON& Tower with Radar,98,34,59,25,216,0,1,31,1,33,98,35,90,26,249,0,0,0,249
08/29/2018,TUL,OK,ASW,CE,Combined TRACON& Tower with Radar,99,50,71,16,236,0,2,20,3,25,99,52,91,19,261,0,0,0,261
08/30/2018,TUL,OK,ASW,CE,Combined TRACON& Tower with Radar,116,46,47,10,219,0,5,24,4,33,116,51,71,14,252,2,6,8,260
08/31/2018,TUL,OK,ASW,CE,Combined TRACON& Tower with Radar,109,45,35,1,190,0,1,27,5,33,109,46,62,6,223,0,0,0,223
09/01/2018,TUL,OK,ASW,CE,Combined TRACON& Tower with Radar,73,21,25,0,119,0,0,26,2,28,73,21,51,2,147,6,0,6,153
09/02/2018,TUL,OK,ASW,CE,Combined TRACON& Tower with Radar,70,31,21,4,126,0,0,10,2,12,70,31,31,6,138,0,0,0,138
09/03/2018,TUL,OK,ASW,CE,Combined TRACON& Tower with Radar,90,35,35,4,164,0,0,9,4,13,90,35,44,8,177,0,0,0,177
09/04/2018,TUL,OK,ASW,CE,Combined TRACON& Tower with Radar,97,36,26,17,176,0,1,7,1,9,97,37,33,18,185,0,0,0,185
09/05/2018,TUL,OK,ASW,CE,Combined TRACON& Tower with Radar,106,50,50,7,213,0,0,8,2,10,106,50,58,9,223,0,0,0,223
09/06/2018,TUL,OK,ASW,CE,Combined TRACON& Tower with Radar,124,58,48,5,235,0,0,10,0,10,124,58,58,5,245,8,0,8,253
09/07/2018,TUL,OK,ASW,CE,Combined TRACON& Tower with Radar,154,49,39,14,256,0,0,3,3,6,154,49,42,17,262,0,0,0,262
09/08/2018,TUL,OK,ASW,CE,Combined TRACON& Tower with Radar,78,30,23,5,136,0,0,27,0,27,78,30,50,5,163,0,0,0,163
09/09/2018,TUL,OK,ASW,CE,Combined TRACON& Tower with Radar,74,38,27,6,145,0,0,9,6,15,74,38,36,12,160,0,0,0,160
09/10/2018,TUL,OK,ASW,CE,Combined TRACON& Tower with Radar,94,34,50,59,237,0,3,19,4,26,94,37,69,63,263,0,0,0,263
09/11/2018,TUL,OK,ASW,CE,Combined TRACON& Tower with Radar,100,39,53,22,214,0,3,20,0,23,100,42,73,22,237,0,0,0,237
09/12/2018,TUL,OK,ASW,CE,Combined TRACON& Tower with Radar,107,41,118,41,307,0,1,39,4,44,107,42,157,45,351,0,0,0,351
09/13/2018,TUL,OK,ASW,CE,Combined TRACON& Tower with Radar,104,40,74,14,232,0,1,27,1,29,104,41,101,15,261,12,34,46,307
09/14/2018,TUL,OK,ASW,CE,Combined TRACON& Tower with Radar,105,47,52,55,259,0,0,51,8,59,105,47,103,63,318,0,0,0,318
09/15/2018,TUL,OK,ASW,CE,Combined TRACON& Tower with Radar,75,23,43,0,141,0,0,72,9,81,75,23,115,9,222,0,0,0,222
09/16/2018,TUL,OK,ASW,CE,Combined TRACON& Tower with Radar,87,38,69,10,204,0,0,70,10,80,87,38,139,20,284,80,0,80,364
09/17/2018,TUL,OK,ASW,CE,Combined TRACON& Tower with Radar,99,37,68,66,270,0,1,23,4,28,99,38,91,70,298,12,32,44,342
09/18/2018,TUL,OK,ASW,CE,Combined TRACON& Tower with Radar,103,44,55,56,258,0,5,29,4,38,103,49,84,60,296,40,2,42,338
09/19/2018,TUL,OK,ASW,CE,Combined TRACON& Tower with Radar,110,47,47,78,282,0,1,18,1,20,110,48,65,79,302,0,0,0,302
09/20/2018,TUL,OK,ASW,CE,Combined TRACON& Tower with Radar,105,50,73,78,306,0,1,21,2,24,105,51,94,80,330,0,0,0,330
09/21/2018,TUL,OK,ASW,CE,Combined TRACON& Tower with Radar,118,45,36,0,199,0,0,3,0,3,118,45,39,0,202,0,0,0,202
09/22/2018,TUL,OK,ASW,CE,Combined TRACON& Tower with Radar,76,24,29,9,138,0,0,7,3,10,76,24,36,12,148,8,8,16,164
09/23/2018,TUL,OK,ASW,CE,Combined TRACON& Tower with Radar,83,31,32,2,148,0,0,2,0,2,83,31,34,2,150,0,0,0,150
09/24/2018,TUL,OK,ASW,CE,Combined TRACON& Tower with Radar,98,33,47,39,217,0,1,13,2,16,98,34,60,41,233,0,0,0,233
09/25/2018,TUL,OK,ASW,CE,Combined TRACON& Tower with Radar,96,43,56,19,214,0,0,24,4,28,96,43,80,23,242,10,8,18,260
09/26/2018,TUL,OK,ASW,CE,Combined TRACON& Tower with Radar,104,51,52,36,243,0,1,22,3,26,104,52,74,39,269,2,10,12,281
09/27/2018,TUL,OK,ASW,CE,Combined TRACON& Tower with Radar,103,51,51,56,261,0,1,38,3,42,103,52,89,59,303,36,18,54,357
09/28/2018,TUL,OK,ASW,CE,Combined TRACON& Tower with Radar,108,43,32,26,209,0,0,8,4,12,108,43,40,30,221,10,0,10,231
09/29/2018,TUL,OK,ASW,CE,Combined TRACON& Tower with Radar,72,24,22,4,122,0,0,3,1,4,72,24,25,5,126,0,0,0,126
09/30/2018,TUL,OK,ASW,CE,Combined TRACON& Tower with Radar,82,51,42,10,185,0,0,10,3,13,82,51,52,13,198,0,0,0,198
10/01/2018,TUL,OK,ASW,CE,Combined TRACON& Tower with Radar,99,36,62,51,248,0,0,10,0,10,99,36,72,51,258,0,0,0,258
10/02/2018,TUL,OK,ASW,CE,Combined TRACON& Tower with Radar,106,50,42,105,303,0,0,11,1,12,106,50,53,106,315,0,0,0,315
10/03/2018,TUL,OK,ASW,CE,Combined TRACON& Tower with Radar,110,39,54,69,272,0,0,10,5,15,110,39,64,74,287,0,0,0,287
10/04/2018,TUL,OK,ASW,CE,Combined TRACON& Tower with Radar,115,55,61,26,257,0,1,12,1,14,115,56,73,27,271,0,0,0,271
10/05/2018,TUL,OK,ASW,CE,Combined TRACON& Tower with Radar,114,49,49,85,297,0,3,20,0,23,114,52,69,85,320,0,0,0,320
10/06/2018,TUL,OK,ASW,CE,Combined TRACON& Tower with Radar,76,21,24,0,121,0,1,6,4,11,76,22,30,4,132,0,0,0,132
10/07/2018,TUL,OK,ASW,CE,Combined TRACON& Tower with Radar,101,44,40,0,185,0,0,4,0,4,101,44,44,0,189,0,0,0,189
10/08/2018,TUL,OK,ASW,CE,Combined TRACON& Tower with Radar,128,24,47,8,207,0,0,8,0,8,128,24,55,8,215,0,0,0,215
10/09/2018,TUL,OK,ASW,CE,Combined TRACON& Tower with Radar,98,36,43,0,177,0,0,0,0,0,98,36,43,0,177,0,0,0,177
10/10/2018,TUL,OK,ASW,CE,Combined TRACON& Tower with Radar,115,44,67,82,308,0,0,20,2,22,115,44,87,84,330,0,0,0,330
10/11/2018,TUL,OK,ASW,CE,Combined TRACON& Tower with Radar,109,46,36,99,290,0,1,51,6,58,109,47,87,105,348,20,32,52,400
10/12/2018,TUL,OK,ASW,CE,Combined TRACON& Tower with Radar,113,57,39,4,213,0,0,5,1,6,113,57,44,5,219,0,0,0,219
10/13/2018,TUL,OK,ASW,CE,Combined TRACON& Tower with Radar,82,33,18,0,133,0,0,4,1,5,82,33,22,1,138,22,2,24,162
10/14/2018,TUL,OK,ASW,CE,Combined TRACON& Tower with Radar,78,34,34,12,158,0,0,0,0,0,78,34,34,12,158,0,0,0,158
10/15/2018,TUL,OK,ASW,CE,Combined TRACON& Tower with Radar,102,41,45,123,311,0,0,13,4,17,102,41,58,127,328,0,0,0,328
10/16/2018,TUL,OK,ASW,CE,Combined TRACON& Tower with Radar,108,48,59,100,315,0,0,15,2,17,108,48,74,102,332,14,30,44,376
10/17/2018,TUL,OK,ASW,CE,Combined TRACON& Tower with Radar,107,47,66,74,294,0,0,36,0,36,107,47,102,74,330,22,6,28,358
10/18/2018,TUL,OK,ASW,CE,Combined TRACON& Tower with Radar,112,55,55,35,257,0,1,31,6,38,112,56,86,41,295,32,12,44,339
10/19/2018,TUL,OK,ASW,CE,Combined TRACON& Tower with Radar,109,42,51,11,213,0,0,1,0,1,109,42,52,11,214,0,0,0,214
10/20/2018,TUL,OK,ASW,CE,Combined TRACON& Tower with Radar,70,19,23,14,126,0,1,22,0,23,70,20,45,14,149,0,0,0,149
10/21/2018,TUL,OK,ASW,CE,Combined TRACON& Tower with Radar,85,38,29,18,170,0,2,34,1,37,85,40,63,19,207,0,0,0,207
10/22/2018,TUL,OK,ASW,CE,Combined TRACON& Tower with Radar,110,41,46,22,219,0,2,32,5,39,110,43,78,27,258,0,0,0,258
10/23/2018,TUL,OK,ASW,CE,Combined TRACON& Tower with Radar,103,41,69,37,250,0,0,35,3,38,103,41,104,40,288,8,0,8,296
10/24/2018,TUL,OK,ASW,CE,Combined TRACON& Tower with Radar,119,45,56,27,247,0,0,18,3,21,119,45,74,30,268,0,0,0,268
10/25/2018,TUL,OK,ASW,CE,Combined TRACON& Tower with Radar,111,54,82,2,249,0,0,1,0,1,111,54,83,2,250,0,0,0,250
10/26/2018,TUL,OK,ASW,CE,Combined TRACON& Tower with Radar,117,41,58,31,247,0,2,39,5,46,117,43,97,36,293,0,0,0,293
10/27/2018,TUL,OK,ASW,CE,Combined TRACON& Tower with Radar,74,28,26,0,128,0,2,35,4,41,74,30,61,4,169,4,0,4,173
10/28/2018,TUL,OK,ASW,CE,Combined TRACON& Tower with Radar,78,25,44,8,155,0,2,28,3,33,78,27,72,11,188,0,0,0,188
10/29/2018,TUL,OK,ASW,CE,Combined TRACON& Tower with Radar,97,30,36,34,197,0,3,33,2,38,97,33,69,36,235,0,0,0,235
10/30/2018,TUL,OK,ASW,CE,Combined TRACON& Tower with Radar,99,51,61,34,245,0,0,15,4,19,99,51,76,38,264,40,20,60,324
10/31/2018,TUL,OK,ASW,CE,Combined TRACON& Tower with Radar,86,49,38,19,192,0,0,7,5,12,86,49,45,24,204,0,0,0,204
11/01/2018,TUL,OK,ASW,CE,Combined TRACON& Tower with Radar,99,50,68,31,248,0,1,14,1,16,99,51,82,32,264,2,8,10,274
11/02/2018,TUL,OK,ASW,CE,Combined TRACON& Tower with Radar,107,52,46,71,276,0,2,23,3,28,107,54,69,74,304,8,0,8,312
11/03/2018,TUL,OK,ASW,CE,Combined TRACON& Tower with Radar,77,19,18,18,132,0,0,22,0,22,77,19,40,18,154,22,10,32,186
11/04/2018,TUL,OK,ASW,CE,Combined TRACON& Tower with Radar,83,25,32,12,152,0,2,21,2,25,83,27,53,14,177,0,0,0,177
11/05/2018,TUL,OK,ASW,CE,Combined TRACON& Tower with Radar,95,51,54,79,279,0,0,20,0,20,95,51,74,79,299,0,0,0,299
11/06/2018,TUL,OK,ASW,CE,Combined TRACON& Tower with Radar,95,46,51,107,299,0,0,18,1,19,95,46,69,108,318,34,30,64,382
11/07/2018,TUL,OK,ASW,CE,Combined TRACON& Tower with Radar,100,42,52,102,296,0,0,8,4,12,100,42,60,106,308,4,50,54,362
11/08/2018,TUL,OK,ASW,CE,Combined TRACON& Tower with Radar,112,43,63,145,363,0,0,3,0,3,112,43,66,145,366,0,0,0,366
11/09/2018,TUL,OK,ASW,CE,Combined TRACON& Tower with Radar,114,41,53,47,255,0,0,30,0,30,114,41,83,47,285,0,0,0,285
11/10/2018,TUL,OK,ASW,CE,Combined TRACON& Tower with Radar,73,24,43,0,140,0,0,36,2,38,73,24,79,2,178,0,174,174,352
11/11/2018,TUL,OK,ASW,CE,Combined TRACON& Tower with Radar,90,24,50,0,164,0,0,16,1,17,90,24,66,1,181,0,0,0,181
11/12/2018,TUL,OK,ASW,CE,Combined TRACON& Tower with Radar,109,42,31,0,182,0,0,0,2,2,109,42,31,2,184,0,0,0,184
11/13/2018,TUL,OK,ASW,CE,Combined TRACON& Tower with Radar,103,44,37,45,229,0,0,19,2,21,103,44,56,47,250,22,14,36,286
11/14/2018,TUL,OK,ASW,CE,Combined TRACON& Tower with Radar,103,49,56,65,273,0,0,23,3,26,103,49,79,68,299,0,34,34,333
11/15/2018,TUL,OK,ASW,CE,Combined TRACON& Tower with Radar,101,45,76,85,307,0,1,36,7,44,101,46,112,92,351,0,96,96,447
11/16/2018,TUL,OK,ASW,CE,Combined TRACON& Tower with Radar,113,59,49,74,295,0,1,35,10,46,113,60,84,84,341,14,0,14,355
11/17/2018,TUL,OK,ASW,CE,Combined TRACON& Tower with Radar,78,25,26,5,134,0,4,14,2,20,78,29,40,7,154,0,0,0,154
11/18/2018,TUL,OK,ASW,CE,Combined TRACON& Tower with Radar,84,28,12,2,126,0,0,1,0,1,84,28,13,2,127,0,0,0,127
11/19/2018,TUL,OK,ASW,CE,Combined TRACON& Tower with Radar,98,42,46,69,255,0,3,32,2,37,98,45,78,71,292,0,10,10,302
11/20/2018,TUL,OK,ASW,CE,Combined TRACON& Tower with Radar,103,42,54,75,274,0,2,34,4,40,103,44,88,79,314,4,20,24,338
11/21/2018,TUL,OK,ASW,CE,Combined TRACON& Tower with Radar,114,53,26,20,213,0,0,19,3,22,114,53,45,23,235,10,12,22,257
11/22/2018,TUL,OK,ASW,CE,Combined TRACON& Tower with Radar,54,18,2,0,74,0,2,5,0,7,54,20,7,0,81,0,0,0,81
11/23/2018,TUL,OK,ASW,CE,Combined TRACON& Tower with Radar,74,31,19,0,124,0,0,6,0,6,74,31,25,0,130,0,0,0,130
11/24/2018,TUL,OK,ASW,CE,Combined TRACON& Tower with Radar,78,33,28,0,139,0,0,18,1,19,78,33,46,1,158,0,0,0,158
11/25/2018,TUL,OK,ASW,CE,Combined TRACON& Tower with Radar,100,41,36,0,177,0,0,2,0,2,100,41,38,0,179,0,0,0,179
11/26/2018,TUL,OK,ASW,CE,Combined TRACON& Tower with Radar,95,36,38,104,273,0,0,23,5,28,95,36,61,109,301,0,4,4,305
11/27/2018,TUL,OK,ASW,CE,Combined TRACON& Tower with Radar,103,39,48,104,294,0,0,15,3,18,103,39,63,107,312,28,24,52,364
11/28/2018,TUL,OK,ASW,CE,Combined TRACON& Tower with Radar,100,37,57,59,253,0,0,18,2,20,100,37,75,61,273,12,38,50,323
11/29/2018,TUL,OK,ASW,CE,Combined TRACON& Tower with Radar,101,46,53,51,251,0,0,28,2,30,101,46,81,53,281,6,0,6,287
11/30/2018,TUL,OK,ASW,CE,Combined TRACON& Tower with Radar,109,33,46,1,189,0,0,3,1,4,109,33,49,2,193,0,0,0,193
12/01/2018,TUL,OK,ASW,CE,Combined TRACON& Tower with Radar,72,23,22,11,128,0,0,19,0,19,72,23,41,11,147,0,0,0,147
12/02/2018,TUL,OK,ASW,CE,Combined TRACON& Tower with Radar,89,31,28,2,150,0,0,26,0,26,89,31,54,2,176,0,0,0,176
12/03/2018,TUL,OK,ASW,CE,Combined TRACON& Tower with Radar,104,50,59,65,278,0,0,7,1,8,104,50,66,66,286,2,80,82,368
12/04/2018,TUL,OK,ASW,CE,Combined TRACON& Tower with Radar,94,40,43,72,249,0,0,7,2,9,94,40,50,74,258,0,136,136,394
12/05/2018,TUL,OK,ASW,CE,Combined TRACON& Tower with Radar,94,38,47,0,179,0,1,34,0,35,94,39,81,0,214,50,0,50,264
12/06/2018,TUL,OK,ASW,CE,Combined TRACON& Tower with Radar,103,40,60,47,250,0,1,15,5,21,103,41,75,52,271,0,0,0,271
12/07/2018,TUL,OK,ASW,CE,Combined TRACON& Tower with Radar,111,35,49,8,203,0,0,0,3,3,111,35,49,11,206,0,0,0,206
12/08/2018,TUL,OK,ASW,CE,Combined TRACON& Tower with Radar,73,22,16,1,112,0,0,0,1,1,73,22,16,2,113,0,0,0,113
12/09/2018,TUL,OK,ASW,CE,Combined TRACON& Tower with Radar,77,27,32,0,136,0,0,18,0,18,77,27,50,0,154,24,0,24,178
12/10/2018,TUL,OK,ASW,CE,Combined TRACON& Tower with Radar,102,41,48,43,234,0,0,42,2,44,102,41,90,45,278,34,36,70,348
12/11/2018,TUL,OK,ASW,CE,Combined TRACON& Tower with Radar,97,39,55,116,307,0,0,35,7,42,97,39,90,123,349,34,34,68,417
12/12/2018,TUL,OK,ASW,CE,Combined TRACON& Tower with Radar,104,34,54,85,277,0,0,27,8,35,104,34,81,93,312,0,0,0,312
12/13/2018,TUL,OK,ASW,CE,Combined TRACON& Tower with Radar,114,40,41,7,202,0,0,0,0,0,114,40,41,7,202,30,44,74,276
12/14/2018,TUL,OK,ASW,CE,Combined TRACON& Tower with Radar,108,48,38,3,197,0,0,1,1,2,108,48,39,4,199,6,0,6,205
12/15/2018,TUL,OK,ASW,CE,Combined TRACON& Tower with Radar,68,18,31,9,126,0,0,26,0,26,68,18,57,9,152,70,0,70,222
12/16/2018,TUL,OK,ASW,CE,Combined TRACON& Tower with Radar,80,27,30,16,153,0,0,31,1,32,80,27,61,17,185,42,0,42,227
12/17/2018,TUL,OK,ASW,CE,Combined TRACON& Tower with Radar,100,29,60,74,263,0,0,34,4,38,100,29,94,78,301,38,40,78,379
12/18/2018,TUL,OK,ASW,CE,Combined TRACON& Tower with Radar,102,36,51,85,274,0,2,43,1,46,102,38,94,86,320,14,20,34,354
12/19/2018,TUL,OK,ASW,CE,Combined TRACON& Tower with Radar,100,43,68,35,246,0,0,1,2,3,100,43,69,37,249,8,0,8,257
12/20/2018,TUL,OK,ASW,CE,Combined TRACON& Tower with Radar,102,48,38,41,229,0,0,25,4,29,102,48,63,45,258,24,0,24,282
12/21/2018,TUL,OK,ASW,CE,Combined TRACON& Tower with Radar,112,57,37,16,222,0,1,56,5,62,112,58,93,21,284,56,24,80,364
12/22/2018,TUL,OK,ASW,CE,Combined TRACON& Tower with Radar,81,33,34,0,148,0,2,24,2,28,81,35,58,2,176,16,0,16,192
12/23/2018,TUL,OK,ASW,CE,Combined TRACON& Tower with Radar,87,32,30,0,149,0,0,17,0,17,87,32,47,0,166,0,0,0,166
12/24/2018,TUL,OK,ASW,CE,Combined TRACON& Tower with Radar,73,20,11,0,104,0,0,13,0,13,73,20,24,0,117,0,0,0,117
12/25/2018,TUL,OK,ASW,CE,Combined TRACON& Tower with Radar,54,21,5,0,80,0,0,1,0,1,54,21,6,0,81,0,0,0,81
12/26/2018,TUL,OK,ASW,CE,Combined TRACON& Tower with Radar,120,46,21,8,195,0,0,0,2,2,120,46,21,10,197,0,0,0,197
12/27/2018,TUL,OK,ASW,CE,Combined TRACON& Tower with Radar,99,52,39,18,208,0,0,13,2,15,99,52,52,20,223,0,46,46,269
12/28/2018,TUL,OK,ASW,CE,Combined TRACON& Tower with Radar,102,59,36,1,198,0,0,24,0,24,102,59,60,1,222,0,0,0,222
12/29/2018,TUL,OK,ASW,CE,Combined TRACON& Tower with Radar,80,31,16,0,127,0,0,7,1,8,80,31,23,1,135,0,0,0,135
12/30/2018,TUL,OK,ASW,CE,Combined TRACON& Tower with Radar,85,37,33,0,155,0,0,7,0,7,85,37,40,0,162,0,0,0,162
12/31/2018,TUL,OK,ASW,CE,Combined TRACON& Tower with Radar,75,37,7,0,119,0,0,1,1,2,75,37,8,1,121,0,0,0,121
01/01/2019,TUL,OK,ASW,CE,Combined TRACON& Tower with Radar,63,29,13,0,105,0,0,6,0,6,63,29,19,0,111,2,0,2,113
01/02/2019,TUL,OK,ASW,CE,Combined TRACON& Tower with Radar,94,41,35,4,174,0,0,5,0,5,94,41,40,4,179,0,8,8,187
01/03/2019,TUL,OK,ASW,CE,Combined TRACON& Tower with Radar,103,27,17,3,150,0,0,4,0,4,103,27,21,3,154,0,0,0,154
01/04/2019,TUL,OK,ASW,CE,Combined TRACON& Tower with Radar,100,37,34,67,238,0,0,24,9,33,100,37,58,76,271,0,2,2,273
01/05/2019,TUL,OK,ASW,CE,Combined TRACON& Tower with Radar,67,38,29,19,153,0,0,39,13,52,67,38,68,32,205,10,0,10,215
01/06/2019,TUL,OK,ASW,CE,Combined TRACON& Tower with Radar,75,33,26,14,148,0,1,21,4,26,75,34,47,18,174,8,0,8,182
01/07/2019,TUL,OK,ASW,CE,Combined TRACON& Tower with Radar,95,32,23,85,235,0,0,26,2,28,95,32,49,87,263,0,40,40,303
01/08/2019,TUL,OK,ASW,CE,Combined TRACON& Tower with Radar,91,41,48,90,270,0,1,30,4,35,91,42,78,94,305,4,18,22,327
01/09/2019,TUL,OK,ASW,CE,Combined TRACON& Tower with Radar,99,53,41,149,342,0,0,32,4,36,99,53,73,153,378,40,100,140,518
01/10/2019,TUL,OK,ASW,CE,Combined TRACON& Tower with Radar,99,53,56,70,278,0,2,34,1,37,99,55,90,71,315,16,30,46,361
01/11/2019,TUL,OK,ASW,CE,Combined TRACON& Tower with Radar,99,39,29,28,195,0,0,0,0,0,99,39,29,28,195,0,0,0,195
01/12/2019,TUL,OK,ASW,CE,Combined TRACON& Tower with Radar,62,29,15,2,108,0,0,0,2,2,62,29,15,4,110,0,0,0,110
01/13/2019,TUL,OK,ASW,CE,Combined TRACON& Tower with Radar,83,30,15,7,135,0,1,1,0,2,83,31,16,7,137,0,0,0,137
01/14/2019,TUL,OK,ASW,CE,Combined TRACON& Tower with Radar,98,42,36,40,216,0,0,5,2,7,98,42,41,42,223,0,0,0,223
01/15/2019,TUL,OK,ASW,CE,Combined TRACON& Tower with Radar,98,40,48,72,258,0,0,20,2,22,98,40,68,74,280,18,6,24,304
01/16/2019,TUL,OK,ASW,CE,Combined TRACON& Tower with Radar,106,39,46,42,233,0,0,5,2,7,106,39,51,44,240,0,38,38,278
01/17/2019,TUL,OK,ASW,CE,Combined TRACON& Tower with Radar,108,42,75,22,247,0,0,3,1,4,108,42,78,23,251,0,12,12,263
01/18/2019,TUL,OK,ASW,CE,Combined TRACON& Tower with Radar,112,45,53,41,251,0,0,0,3,3,112,45,53,44,254,0,0,0,254
01/19/2019,TUL,OK,ASW,CE,Combined TRACON& Tower with Radar,58,25,23,0,106,0,0,2,3,5,58,25,25,3,111,20,0,20,131
01/20/2019,TUL,OK,ASW,CE,Combined TRACON& Tower with Radar,78,26,35,4,143,0,2,21,5,28,78,28,56,9,171,0,0,0,171
01/21/2019,TUL,OK,ASW,CE,Combined TRACON& Tower with Radar,93,33,45,5,176,0,0,13,0,13,93,33,58,5,189,0,0,0,189
01/22/2019,TUL,OK,ASW,CE,Combined TRACON& Tower with Radar,99,41,43,6,189,0,0,2,0,2,99,41,45,6,191,0,0,0,191
01/23/2019,TUL,OK,ASW,CE,Combined TRACON& Tower with Radar,98,46,60,75,279,0,1,30,8,39,98,47,90,83,318,0,0,0,318
01/24/2019,TUL,OK,ASW,CE,Combined TRACON& Tower with Radar,100,41,75,34,250,0,0,20,0,20,100,41,95,34,270,2,52,54,324
01/25/2019,TUL,OK,ASW,CE,Combined TRACON& Tower with Radar,104,42,52,31,229,0,1,28,1,30,104,43,80,32,259,0,0,0,259
01/26/2019,TUL,OK,ASW,CE,Combined TRACON& Tower with Radar,67,24,21,10,122,0,1,33,1,35,67,25,54,11,157,0,0,0,157
01/27/2019,TUL,OK,ASW,CE,Combined TRACON& Tower with Radar,82,29,26,13,150,0,0,29,2,31,82,29,55,15,181,6,32,38,219
01/28/2019,TUL,OK,ASW,CE,Combined TRACON& Tower with Radar,97,36,59,83,275,0,3,11,0,14,97,39,70,83,289,0,0,0,289
01/29/2019,TUL,OK,ASW,CE,Combined TRACON& Tower with Radar,105,42,62,80,289,0,0,31,2,33,105,42,93,82,322,56,46,102,424
01/30/2019,TUL,OK,ASW,CE,Combined TRACON& Tower with Radar,97,37,57,101,292,0,0,28,5,33,97,37,85,106,325,0,0,0,325
01/31/2019,TUL,OK,ASW,CE,Combined TRACON& Tower with Radar,98,38,46,34,216,0,0,11,3,14,98,38,57,37,230,0,0,0,230
02/01/2019,TUL,OK,ASW,CE,Combined TRACON& Tower with Radar,103,39,39,21,202,0,0,0,0,0,103,39,39,21,202,0,8,8,210
02/02/2019,TUL,OK,ASW,CE,Combined TRACON& Tower with Radar,69,32,35,3,139,0,0,5,0,5,69,32,40,3,144,10,0,10,154
02/03/2019,TUL,OK,ASW,CE,Combined TRACON& Tower with Radar,77,28,24,16,145,0,0,3,1,4,77,28,27,17,149,0,0,0,149
02/04/2019,TUL,OK,ASW,CE,Combined TRACON& Tower with Radar,95,46,77,82,300,0,0,2,1,3,95,46,79,83,303,14,0,14,317
02/05/2019,TUL,OK,ASW,CE,Combined TRACON& Tower with Radar,96,41,28,0,165,0,0,0,0,0,96,41,28,0,165,0,0,0,165
02/06/2019,TUL,OK,ASW,CE,Combined TRACON& Tower with Radar,105,39,31,0,175,0,0,0,0,0,105,39,31,0,175,0,0,0,175
02/07/2019,TUL,OK,ASW,CE,Combined TRACON& Tower with Radar,106,39,33,35,213,0,0,6,0,6,106,39,39,35,219,4,6,10,229
02/08/2019,TUL,OK,ASW,CE,Combined TRACON& Tower with Radar,110,48,42,47,247,0,2,46,2,50,110,50,88,49,297,8,0,8,305
02/09/2019,TUL,OK,ASW,CE,Combined TRACON& Tower with Radar,62,24,18,19,123,0,1,12,2,15,62,25,30,21,138,0,18,18,156
02/10/2019,TUL,OK,ASW,CE,Combined TRACON& Tower with Radar,77,31,28,2,138,0,0,0,0,0,77,31,28,2,138,0,0,0,138
02/11/2019,TUL,OK,ASW,CE,Combined TRACON& Tower with Radar,100,30,49,0,179,0,0,1,0,1,100,30,50,0,180,0,0,0,180
02/12/2019,TUL,OK,ASW,CE,Combined TRACON& Tower with Radar,92,38,54,64,248,0,0,31,5,36,92,38,85,69,284,2,20,22,306
02/13/2019,TUL,OK,ASW,CE,Combined TRACON& Tower with Radar,100,45,64,64,273,0,0,25,8,33,100,45,89,72,306,18,14,32,338
02/14/2019,TUL,OK,ASW,CE,Combined TRACON& Tower with Radar,97,43,50,78,268,0,1,33,3,37,97,44,83,81,305,2,58,60,365
02/15/2019,TUL,OK,ASW,CE,Combined TRACON& Tower with Radar,95,36,15,0,146,0,0,5,1,6,95,36,20,1,152,0,0,0,152
02/16/2019,TUL,OK,ASW,CE,Combined TRACON& Tower with Radar,62,29,17,0,108,0,0,0,2,2,62,29,17,2,110,0,0,0,110
02/17/2019,TUL,OK,ASW,CE,Combined TRACON& Tower with Radar,70,34,28,18,150,0,0,15,4,19,70,34,43,22,169,0,0,0,169
02/18/2019,TUL,OK,ASW,CE,Combined TRACON& Tower with Radar,97,47,60,13,217,0,2,31,1,34,97,49,91,14,251,14,16,30,281
02/19/2019,TUL,OK,ASW,CE,Combined TRACON& Tower with Radar,96,44,40,5,185,0,0,6,1,7,96,44,46,6,192,10,6,16,208
02/20/2019,TUL,OK,ASW,CE,Combined TRACON& Tower with Radar,106,48,57,34,245,0,0,8,3,11,106,48,65,37,256,18,28,46,302
02/21/2019,TUL,OK,ASW,CE,Combined TRACON& Tower with Radar,96,43,59,32,230,0,1,38,1,40,96,44,97,33,270,10,24,34,304
02/22/2019,TUL,OK,ASW,CE,Combined TRACON& Tower with Radar,106,45,31,73,255,0,0,0,0,0,106,45,31,73,255,0,0,0,255
02/23/2019,TUL,OK,ASW,CE,Combined TRACON& Tower with Radar,73,40,28,0,141,0,0,1,0,1,73,40,29,0,142,0,0,0,142
02/24/2019,TUL,OK,ASW,CE,Combined TRACON& Tower with Radar,82,38,37,12,169,0,0,34,1,35,82,38,71,13,204,28,20,48,252
02/25/2019,TUL,OK,ASW,CE,Combined TRACON& Tower with Radar,103,44,41,25,213,0,1,30,2,33,103,45,71,27,246,24,18,42,288
02/26/2019,TUL,OK,ASW,CE,Combined TRACON& Tower with Radar,94,47,52,68,261,0,0,12,1,13,94,47,64,69,274,0,156,156,430
02/27/2019,TUL,OK,ASW,CE,Combined TRACON& Tower with Radar,95,37,45,0,177,0,0,0,0,0,95,37,45,0,177,0,0,0,177
02/28/2019,TUL,OK,ASW,CE,Combined TRACON& Tower with Radar,94,52,62,6,214,0,0,1,1,2,94,52,63,7,216,0,2,2,218
03/01/2019,TUL,OK,ASW,CE,Combined TRACON& Tower with Radar,112,52,54,22,240,0,0,4,2,6,112,52,58,24,246,0,0,0,246
03/02/2019,TUL,OK,ASW,CE,Combined TRACON& Tower with Radar,59,39,29,13,140,0,0,2,1,3,59,39,31,14,143,0,0,0,143
03/03/2019,TUL,OK,ASW,CE,Combined TRACON& Tower with Radar,75,42,30,0,147,0,0,0,1,1,75,42,30,1,148,0,0,0,148
03/04/2019,TUL,OK,ASW,CE,Combined TRACON& Tower with Radar,102,47,44,8,201,0,0,32,1,33,102,47,76,9,234,2,4,6,240
03/05/2019,TUL,OK,ASW,CE,Combined TRACON& Tower with Radar,102,46,43,87,278,0,0,34,0,34,102,46,77,87,312,16,32,48,360
03/06/2019,TUL,OK,ASW,CE,Combined TRACON& Tower with Radar,98,37,42,117,294,0,0,39,7,46,98,37,81,124,340,62,44,106,446
03/07/2019,TUL,OK,ASW,CE,Combined TRACON& Tower with Radar,92,58,82,61,293,0,0,23,11,34,92,58,105,72,327,14,44,58,385
03/08/2019,TUL,OK,ASW,CE,Combined TRACON& Tower with Radar,112,56,31,6,205,0,0,3,1,4,112,56,34,7,209,0,2,2,211
03/09/2019,TUL,OK,ASW,CE,Combined TRACON& Tower with Radar,67,41,22,12,142,0,0,1,1,2,67,41,23,13,144,0,0,0,144
03/10/2019,TUL,OK,ASW,CE,Combined TRACON& Tower with Radar,76,41,39,27,183,0,0,17,0,17,76,41,56,27,200,14,8,22,222
03/11/2019,TUL,OK,ASW,CE,Combined TRACON& Tower with Radar,91,46,64,85,286,0,0,12,2,14,91,46,76,87,300,38,14,52,352
03/12/2019,TUL,OK,ASW,CE,Combined TRACON& Tower with Radar,92,53,41,4,190,0,0,2,1,3,92,53,43,5,193,0,6,6,199
03/13/2019,TUL,OK,ASW,CE,Combined TRACON& Tower with Radar,80,43,18,63,204,0,2,1,1,4,80,45,19,64,208,0,0,0,208
03/14/2019,TUL,OK,ASW,CE,Combined TRACON& Tower with Radar,96,64,66,33,259,0,0,9,4,13,96,64,75,37,272,0,20,20,292
03/15/2019,TUL,OK,ASW,CE,Combined TRACON& Tower with Radar,111,57,59,69,296,0,0,41,6,47,111,57,100,75,343,0,14,14,357
03/16/2019,TUL,OK,ASW,CE,Combined TRACON& Tower with Radar,66,40,46,36,188,0,2,36,2,40,66,42,82,38,228,22,18,40,268
03/17/2019,TUL,OK,ASW,CE,Combined TRACON& Tower with Radar,83,38,62,5,188,0,0,25,2,27,83,38,87,7,215,0,0,0,215
03/18/2019,TUL,OK,ASW,CE,Combined TRACON& Tower with Radar,96,41,40,73,250,0,3,19,5,27,96,44,59,78,277,56,24,80,357
03/19/2019,TUL,OK,ASW,CE,Combined TRACON& Tower with Radar,98,48,44,94,284,0,0,19,4,23,98,48,63,98,307,0,66,66,373
03/20/2019,TUL,OK,ASW,CE,Combined TRACON& Tower with Radar,102,50,56,25,233,0,1,16,2,19,102,51,72,27,252,8,46,54,306
03/21/2019,TUL,OK,ASW,CE,Combined TRACON& Tower with Radar,98,53,45,61,257,0,0,36,10,46,98,53,81,71,303,18,62,80,383
03/22/2019,TUL,OK,ASW,CE,Combined TRACON& Tower with Radar,106,61,74,41,282,0,2,18,5,25,106,63,92,46,307,16,2,18,325
03/23/2019,TUL,OK,ASW,CE,Combined TRACON& Tower with Radar,73,34,30,0,137,0,0,0,0,0,73,34,30,0,137,0,0,0,137
03/24/2019,TUL,OK,ASW,CE,Combined TRACON& Tower with Radar,76,51,69,9,205,0,0,4,0,4,76,51,73,9,209,12,0,12,221
03/25/2019,TUL,OK,ASW,CE,Combined TRACON& Tower with Radar,98,48,49,130,325,0,2,9,1,12,98,50,58,131,337,16,126,142,479
03/26/2019,TUL,OK,ASW,CE,Combined TRACON& Tower with Radar,95,45,52,127,319,0,3,40,3,46,95,48,92,130,365,30,42,72,437
03/27/2019,TUL,OK,ASW,CE,Combined TRACON& Tower with Radar,92,57,51,29,229,0,1,30,3,34,92,58,81,32,263,2,34,36,299
03/28/2019,TUL,OK,ASW,CE,Combined TRACON& Tower with Radar,98,46,44,112,300,0,0,19,2,21,98,46,63,114,321,2,136,138,459
03/29/2019,TUL,OK,ASW,CE,Combined TRACON& Tower with Radar,104,38,22,0,164,0,4,1,0,5,104,42,23,0,169,0,0,0,169
03/30/2019,TUL,OK,ASW,CE,Combined TRACON& Tower with Radar,59,25,12,0,96,0,2,1,0,3,59,27,13,0,99,0,0,0,99
03/31/2019,TUL,OK,ASW,CE,Combined TRACON& Tower with Radar,74,44,27,4,149,0,2,26,0,28,74,46,53,4,177,0,0,0,177
04/01/2019,TUL,OK,ASW,CE,Combined TRACON& Tower with Radar,92,50,60,72,274,0,2,15,8,25,92,52,75,80,299,16,84,100,399
04/02/2019,TUL,OK,ASW,CE,Combined TRACON& Tower with Radar,106,45,57,35,243,0,0,23,4,27,106,45,80,39,270,18,16,34,304
04/03/2019,TUL,OK,ASW,CE,Combined TRACON& Tower with Radar,96,59,54,46,255,0,3,11,2,16,96,62,65,48,271,10,26,36,307
04/04/2019,TUL,OK,ASW,CE,Combined TRACON& Tower with Radar,100,49,53,11,213,0,0,12,2,14,100,49,65,13,227,0,82,82,309
04/05/2019,TUL,OK,ASW,CE,Combined TRACON& Tower with Radar,110,54,44,13,221,0,3,15,1,19,110,57,59,14,240,10,0,10,250
04/06/2019,TUL,OK,ASW,CE,Combined TRACON& Tower with Radar,86,33,23,25,167,0,1,2,2,5,86,34,25,27,172,28,8,36,208
04/07/2019,TUL,OK,ASW,CE,Combined TRACON& Tower with Radar,86,39,41,12,178,0,1,6,0,7,86,40,47,12,185,22,0,22,207
04/08/2019,TUL,OK,ASW,CE,Combined TRACON& Tower with Radar,102,46,36,43,227,0,0,36,4,40,102,46,72,47,267,2,14,16,283
04/09/2019,TUL,OK,ASW,CE,Combined TRACON& Tower with Radar,95,59,56,66,276,0,4,45,2,51,95,63,101,68,327,34,118,152,479
04/10/2019,TUL,OK,ASW,CE,Combined TRACON& Tower with Radar,88,46,41,57,232,0,3,9,5,17,88,49,50,62,249,24,16,40,289
04/11/2019,TUL,OK,ASW,CE,Combined TRACON& Tower with Radar,93,57,43,6,199,0,3,16,1,20,93,60,59,7,219,18,2,20,239
04/12/2019,TUL,OK,ASW,CE,Combined TRACON& Tower with Radar,98,57,61,29,245,0,1,52,5,58,98,58,113,34,303,34,8,42,345
04/13/2019,TUL,OK,ASW,CE,Combined TRACON& Tower with Radar,77,26,18,3,124,0,0,2,0,2,77,26,20,3,126,2,4,6,132
04/14/2019,TUL,OK,ASW,CE,Combined TRACON& Tower with Radar,78,35,32,13,158,0,4,49,3,56,78,39,81,16,214,48,10,58,272
04/15/2019,TUL,OK,ASW,CE,Combined TRACON& Tower with Radar,93,52,43,112,300,0,1,15,12,28,93,53,58,124,328,0,0,0,328
04/16/2019,TUL,OK,ASW,CE,Combined TRACON& Tower with Radar,101,49,55,107,312,0,2,21,7,30,101,51,76,114,342,2,50,52,394
04/17/2019,TUL,OK,ASW,CE,Combined TRACON& Tower with Radar,92,50,45,24,211,0,0,3,4,7,92,50,48,28,218,0,30,30,248
04/18/2019,TUL,OK,ASW,CE,Combined TRACON& Tower with Radar,108,55,52,39,254,0,1,12,3,16,108,56,64,42,270,6,46,52,322
04/19/2019,TUL,OK,ASW,CE,Combined TRACON& Tower with Radar,105,49,39,75,268,0,0,24,3,27,105,49,63,78,295,26,42,68,363
04/20/2019,TUL,OK,ASW,CE,Combined TRACON& Tower with Radar,65,26,18,12,121,0,5,32,0,37,65,31,50,12,158,50,4,54,212
04/21/2019,TUL,OK,ASW,CE,Combined TRACON& Tower with Radar,75,32,10,22,139,0,1,10,3,14,75,33,20,25,153,4,10,14,167
04/22/2019,TUL,OK,ASW,CE,Combined TRACON& Tower with Radar,98,43,56,34,231,0,2,8,0,10,98,45,64,34,241,1,8,9,250
04/23/2019,TUL,OK,ASW,CE,Combined TRACON& Tower with Radar,101,47,29,13,190,0,0,6,0,6,101,47,35,13,196,2,0,2,198
04/24/2019,TUL,OK,ASW,CE,Combined TRACON& Tower with Radar,93,59,82,39,273,0,0,5,0,5,93,59,87,39,278,0,30,30,308
04/25/2019,TUL,OK,ASW,CE,Combined TRACON& Tower with Radar,93,58,63,52,266,0,1,16,4,21,93,59,79,56,287,2,50,52,339
04/26/2019,TUL,OK,ASW,CE,Combined TRACON& Tower with Radar,104,46,31,85,266,0,4,62,4,70,104,50,93,89,336,24,44,68,404
04/27/2019,TUL,OK,ASW,CE,Combined TRACON& Tower with Radar,65,30,14,4,113,0,9,10,2,21,65,39,24,6,134,8,0,8,142
04/28/2019,TUL,OK,ASW,CE,Combined TRACON& Tower with Radar,87,28,35,16,166,0,2,17,1,20,87,30,52,17,186,0,0,0,186
04/29/2019,TUL,OK,ASW,CE,Combined TRACON& Tower with Radar,105,34,51,26,216,0,2,5,0,7,105,36,56,26,223,0,0,0,223
04/30/2019,TUL,OK,ASW,CE,Combined TRACON& Tower with Radar,91,37,28,10,166,0,0,3,0,3,91,37,31,10,169,0,0,0,169
05/01/2019,TUL,OK,ASW,CE,Combined TRACON& Tower with Radar,100,38,39,66,243,0,0,7,0,7,100,38,46,66,250,2,116,118,368
05/02/2019,TUL,OK,ASW,CE,Combined TRACON& Tower with Radar,102,47,49,44,242,0,1,8,0,9,102,48,57,44,251,0,24,24,275
05/03/2019,TUL,OK,ASW,CE,Combined TRACON& Tower with Radar,98,49,36,1,184,0,1,0,0,1,98,50,36,1,185,0,0,0,185
05/04/2019,TUL,OK,ASW,CE,Combined TRACON& Tower with Radar,82,35,40,17,174,0,3,12,1,16,82,38,52,18,190,12,36,48,238
05/05/2019,TUL,OK,ASW,CE,Combined TRACON& Tower with Radar,93,26,40,21,180,0,1,21,1,23,93,27,61,22,203,24,34,58,261
05/06/2019,TUL,OK,ASW,CE,Combined TRACON& Tower with Radar,115,44,27,91,277,0,5,7,6,18,115,49,34,97,295,36,50,86,381
05/07/2019,TUL,OK,ASW,CE,Combined TRACON& Tower with Radar,108,43,61,68,280,0,0,26,0,26,108,43,87,68,306,26,100,126,432
05/08/2019,TUL,OK,ASW,CE,Combined TRACON& Tower with Radar,95,50,32,38,215,0,0,6,2,8,95,50,38,40,223,0,0,0,223
05/09/2019,TUL,OK,ASW,CE,Combined TRACON& Tower with Radar,112,38,69,118,337,0,2,4,0,6,112,40,73,118,343,0,0,0,343
05/10/2019,TUL,OK,ASW,CE,Combined TRACON& Tower with Radar,113,40,49,37,239,0,2,29,2,33,113,42,78,39,272,2,76,78,350
05/11/2019,TUL,OK,ASW,CE,Combined TRACON& Tower with Radar,70,26,28,11,135,0,0,0,0,0,70,26,28,11,135,28,0,28,163
05/12/2019,TUL,OK,ASW,CE,Combined TRACON& Tower with Radar,85,29,21,21,156,0,0,14,0,14,85,29,35,21,170,6,18,24,194
05/13/2019,TUL,OK,ASW,CE,Combined TRACON& Tower with Radar,119,41,55,44,259,0,3,38,6,47,119,44,93,50,306,54,18,72,378
05/14/2019,TUL,OK,ASW,CE,Combined TRACON& Tower with Radar,116,47,45,55,263,0,4,19,5,28,116,51,64,60,291,14,42,56,347
05/15/2019,TUL,OK,ASW,CE,Combined TRACON& Tower with Radar,109,44,65,83,301,0,1,28,9,38,109,45,93,92,339,6,74,80,419
05/16/2019,TUL,OK,ASW,CE,Combined TRACON& Tower with Radar,116,54,53,77,300,0,2,34,3,39,116,56,87,80,339,56,58,114,453
05/17/2019,TUL,OK,ASW,CE,Combined TRACON& Tower with Radar,108,38,38,50,234,0,0,14,4,18,108,38,52,54,252,2,22,24,276
05/18/2019,TUL,OK,ASW,CE,Combined TRACON& Tower with Radar,66,22,11,0,99,0,1,0,0,1,66,23,11,0,100,0,0,0,100
05/19/2019,TUL,OK,ASW,CE,Combined TRACON& Tower with Radar,97,35,24,0,156,0,1,19,0,20,97,36,43,0,176,14,0,14,190
05/20/2019,TUL,OK,ASW,CE,Combined TRACON& Tower with Radar,92,32,23,2,149,0,0,7,0,7,92,32,30,2,156,0,0,0,156
05/21/2019,TUL,OK,ASW,CE,Combined TRACON& Tower with Radar,99,45,20,21,185,0,0,5,5,10,99,45,25,26,195,0,14,14,209
05/22/2019,TUL,OK,ASW,CE,Combined TRACON& Tower with Radar,104,40,52,23,219,0,2,10,0,12,104,42,62,23,231,6,26,32,263
05/23/2019,TUL,OK,ASW,CE,Combined TRACON& Tower with Radar,105,51,60,53,269,0,1,13,3,17,105,52,73,56,286,20,76,96,382
05/24/2019,TUL,OK,ASW,CE,Combined TRACON& Tower with Radar,111,42,27,1,181,0,1,24,4,29,111,43,51,5,210,4,14,18,228
05/25/2019,TUL,OK,ASW,CE,Combined TRACON& Tower with Radar,83,28,24,0,135,0,6,35,7,48,83,34,59,7,183,0,0,0,183
05/26/2019,TUL,OK,ASW,CE,Combined TRACON& Tower with Radar,75,38,26,0,139,0,9,20,0,29,75,47,46,0,168,0,0,0,168
05/27/2019,TUL,OK,ASW,CE,Combined TRACON& Tower with Radar,86,32,43,0,161,0,4,26,4,34,86,36,69,4,195,0,0,0,195
05/28/2019,TUL,OK,ASW,CE,Combined TRACON& Tower with Radar,98,43,45,53,239,0,2,25,8,35,98,45,70,61,274,24,46,70,344
05/29/2019,TUL,OK,ASW,CE,Combined TRACON& Tower with Radar,97,41,39,3,180,0,0,2,2,4,97,41,41,5,184,0,0,0,184
05/30/2019,TUL,OK,ASW,CE,Combined TRACON& Tower with Radar,110,47,60,25,242,0,1,54,2,57,110,48,114,27,299,34,4,38,337
05/31/2019,TUL,OK,ASW,CE,Combined TRACON& Tower with Radar,103,52,66,74,295,0,2,45,5,52,103,54,111,79,347,0,0,0,347
06/01/2019,TUL,OK,ASW,CE,Combined TRACON& Tower with Radar,95,28,25,8,156,0,2,25,3,30,95,30,50,11,186,0,0,0,186
06/02/2019,TUL,OK,ASW,CE,Combined TRACON& Tower with Radar,98,25,19,10,152,0,0,17,1,18,98,25,36,11,170,20,0,20,190
06/03/2019,TUL,OK,ASW,CE,Combined TRACON& Tower with Radar,108,40,43,19,210,0,1,14,5,20,108,41,57,24,230,0,42,42,272
06/04/2019,TUL,OK,ASW,CE,Combined TRACON& Tower with Radar,114,30,49,45,238,0,5,27,4,36,114,35,76,49,274,42,0,42,316
06/05/2019,TUL,OK,ASW,CE,Combined TRACON& Tower with Radar,106,41,41,21,209,0,2,31,2,35,106,43,72,23,244,12,52,64,308
06/06/2019,TUL,OK,ASW,CE,Combined TRACON& Tower with Radar,103,45,47,7,202,0,0,3,0,3,103,45,50,7,205,0,0,0,205
06/07/2019,TUL,OK,ASW,CE,Combined TRACON& Tower with Radar,106,57,39,47,249,0,4,15,5,24,106,61,54,52,273,16,94,110,383
06/08/2019,TUL,OK,ASW,CE,Combined TRACON& Tower with Radar,78,45,19,63,205,0,2,30,3,35,78,47,49,66,240,0,0,0,240
06/09/2019,TUL,OK,ASW,CE,Combined TRACON& Tower with Radar,79,45,32,10,166,0,3,13,0,16,79,48,45,10,182,0,0,0,182
06/10/2019,TUL,OK,ASW,CE,Combined TRACON& Tower with Radar,95,42,38,27,202,0,5,33,0,38,95,47,71,27,240,0,0,0,240
06/11/2019,TUL,OK,ASW,CE,Combined TRACON& Tower with Radar,98,48,47,27,220,0,8,45,2,55,98,56,92,29,275,14,24,38,313
06/12/2019,TUL,OK,ASW,CE,Combined TRACON& Tower with Radar,98,53,65,26,242,0,3,23,1,27,98,56,88,27,269,0,0,0,269
06/13/2019,TUL,OK,ASW,CE,Combined TRACON& Tower with Radar,106,53,62,32,253,0,2,44,5,51,106,55,106,37,304,12,26,38,342
06/14/2019,TUL,OK,ASW,CE,Combined TRACON& Tower with Radar,107,44,48,35,234,0,3,15,5,23,107,47,63,40,257,0,10,10,267
06/15/2019,TUL,OK,ASW,CE,Combined TRACON& Tower with Radar,85,35,34,0,154,0,4,7,3,14,85,39,41,3,168,0,0,0,168
06/16/2019,TUL,OK,ASW,CE,Combined TRACON& Tower with Radar,86,38,37,0,161,0,2,1,0,3,86,40,38,0,164,0,0,0,164
06/17/2019,TUL,OK,ASW,CE,Combined TRACON& Tower with Radar,104,35,52,33,224,0,3,10,0,13,104,38,62,33,237,0,0,0,237
06/18/2019,TUL,OK,ASW,CE,Combined TRACON& Tower with Radar,99,51,64,22,236,0,1,26,5,32,99,52,90,27,268,0,8,8,276
06/19/2019,TUL,OK,ASW,CE,Combined TRACON& Tower with Radar,103,57,66,37,263,0,3,37,2,42,103,60,103,39,305,0,0,0,305
06/20/2019,TUL,OK,ASW,CE,Combined TRACON& Tower with Radar,105,45,88,50,288,0,3,47,7,57,105,48,135,57,345,26,50,76,421
06/21/2019,TUL,OK,ASW,CE,Combined TRACON& Tower with Radar,109,41,47,13,210,0,3,21,2,26,109,44,68,15,236,0,0,0,236
06/22/2019,TUL,OK,ASW,CE,Combined TRACON& Tower with Radar,83,32,31,4,150,0,0,10,0,10,83,32,41,4,160,0,0,0,160
06/23/2019,TUL,OK,ASW,CE,Combined TRACON& Tower with Radar,85,38,46,1,170,0,0,2,0,2,85,38,48,1,172,0,0,0,172
06/24/2019,TUL,OK,ASW,CE,Combined TRACON& Tower with Radar,105,47,52,87,291,0,0,34,3,37,105,47,86,90,328,6,0,6,334
06/25/2019,TUL,OK,ASW,CE,Combined TRACON& Tower with Radar,99,49,58,67,273,0,8,30,4,42,99,57,88,71,315,0,18,18,333
06/26/2019,TUL,OK,ASW,CE,Combined TRACON& Tower with Radar,112,60,78,72,322,0,1,70,14,85,112,61,148,86,407,0,0,0,407
06/27/2019,TUL,OK,ASW,CE,Combined TRACON& Tower with Radar,115,50,36,71,272,0,2,43,11,56,115,52,79,82,328,0,10,10,338
06/28/2019,TUL,OK,ASW,CE,Combined TRACON& Tower with Radar,108,42,31,49,230,0,2,37,11,50,108,44,68,60,280,26,18,44,324
06/29/2019,TUL,OK,ASW,CE,Combined TRACON& Tower with Radar,80,35,18,23,156,0,4,32,0,36,80,39,50,23,192,0,0,0,192
06/30/2019,TUL,OK,ASW,CE,Combined TRACON& Tower with Radar,95,43,27,2,167,0,2,22,0,24,95,45,49,2,191,0,0,0,191
07/01/2019,TUL,OK,ASW,CE,Combined TRACON& Tower with Radar,103,41,25,21,190,0,6,33,1,40,103,47,58,22,230,10,0,10,240
07/02/2019,TUL,OK,ASW,CE,Combined TRACON& Tower with Radar,98,56,36,28,218,0,6,14,5,25,98,62,50,33,243,0,0,0,243
07/03/2019,TUL,OK,ASW,CE,Combined TRACON& Tower with Radar,91,52,37,5,185,0,0,21,7,28,91,52,58,12,213,0,0,0,213
07/04/2019,TUL,OK,ASW,CE,Combined TRACON& Tower with Radar,63,22,7,1,93,0,0,12,2,14,63,22,19,3,107,0,0,0,107
07/05/2019,TUL,OK,ASW,CE,Combined TRACON& Tower with Radar,86,31,20,0,137,0,3,17,0,20,86,34,37,0,157,0,0,0,157
07/06/2019,TUL,OK,ASW,CE,Combined TRACON& Tower with Radar,74,36,11,0,121,0,0,7,0,7,74,36,18,0,128,0,0,0,128
07/07/2019,TUL,OK,ASW,CE,Combined TRACON& Tower with Radar,82,41,43,0,166,0,0,13,0,13,82,41,56,0,179,14,0,14,193
07/08/2019,TUL,OK,ASW,CE,Combined TRACON& Tower with Radar,108,45,38,27,218,0,2,25,0,27,108,47,63,27,245,0,0,0,245
07/09/2019,TUL,OK,ASW,CE,Combined TRACON& Tower with Radar,100,42,46,65,253,0,7,30,4,41,100,49,76,69,294,0,120,120,414
07/10/2019,TUL,OK,ASW,CE,Combined TRACON& Tower with Radar,110,45,38,28,221,0,4,20,1,25,110,49,58,29,246,0,16,16,262
07/11/2019,TUL,OK,ASW,CE,Combined TRACON& Tower with Radar,105,45,44,41,235,0,1,33,9,43,105,46,77,50,278,0,0,0,278
07/12/2019,TUL,OK,ASW,CE,Combined TRACON& Tower with Radar,107,44,37,9,197,0,8,45,2,55,107,52,82,11,252,84,0,84,336
07/13/2019,TUL,OK,ASW,CE,Combined TRACON& Tower with Radar,90,38,18,5,151,0,1,58,1,60,90,39,76,6,211,42,0,42,253
07/14/2019,TUL,OK,ASW,CE,Combined TRACON& Tower with Radar,88,40,26,4,158,0,2,9,2,13,88,42,35,6,171,0,0,0,171
07/15/2019,TUL,OK,ASW,CE,Combined TRACON& Tower with Radar,101,36,51,32,220,0,0,24,2,26,101,36,75,34,246,0,36,36,282
07/16/2019,TUL,OK,ASW,CE,Combined TRACON& Tower with Radar,106,48,47,40,241,0,4,30,3,37,106,52,77,43,278,6,12,18,296
07/17/2019,TUL,OK,ASW,CE,Combined TRACON& Tower with Radar,97,51,32,41,221,0,6,42,7,55,97,57,74,48,276,0,4,4,280
07/18/2019,TUL,OK,ASW,CE,Combined TRACON& Tower with Radar,105,41,44,46,236,0,3,31,6,40,105,44,75,52,276,22,4,26,302
07/19/2019,TUL,OK,ASW,CE,Combined TRACON& Tower with Radar,112,40,37,37,226,0,1,29,3,33,112,41,66,40,259,0,0,0,259
07/20/2019,TUL,OK,ASW,CE,Combined TRACON& Tower with Radar,81,46,19,11,157,0,7,24,1,32,81,53,43,12,189,8,24,32,221
07/21/2019,TUL,OK,ASW,CE,Combined TRACON& Tower with Radar,87,38,38,11,174,0,0,20,1,21,87,38,58,12,195,0,0,0,195
07/22/2019,TUL,OK,ASW,CE,Combined TRACON& Tower with Radar,111,34,40,11,196,0,0,12,3,15,111,34,52,14,211,6,0,6,217
07/23/2019,TUL,OK,ASW,CE,Combined TRACON& Tower with Radar,109,46,40,43,238,0,0,42,14,56,109,46,82,57,294,38,20,58,352
07/24/2019,TUL,OK,ASW,CE,Combined TRACON& Tower with Radar,101,40,57,19,217,0,8,33,3,44,101,48,90,22,261,0,0,0,261
07/25/2019,TUL,OK,ASW,CE,Combined TRACON& Tower with Radar,106,35,49,16,206,0,2,27,8,37,106,37,76,24,243,0,0,0,243
07/26/2019,TUL,OK,ASW,CE,Combined TRACON& Tower with Radar,109,35,43,67,254,0,0,31,7,38,109,35,74,74,292,0,8,8,300
07/27/2019,TUL,OK,ASW,CE,Combined TRACON& Tower with Radar,82,34,35,3,154,0,1,22,0,23,82,35,57,3,177,54,0,54,231
07/28/2019,TUL,OK,ASW,CE,Combined TRACON& Tower with Radar,91,31,32,6,160,0,0,24,2,26,91,31,56,8,186,0,0,0,186
07/29/2019,TUL,OK,ASW,CE,Combined TRACON& Tower with Radar,102,34,61,17,214,0,2,17,3,22,102,36,78,20,236,0,0,0,236
07/30/2019,TUL,OK,ASW,CE,Combined TRACON& Tower with Radar,104,35,54,45,238,0,1,37,2,40,104,36,91,47,278,0,0,0,278
07/31/2019,TUL,OK,ASW,CE,Combined TRACON& Tower with Radar,106,56,57,58,277,0,4,42,5,51,106,60,99,63,328,0,60,60,388
08/01/2019,TUL,OK,ASW,CE,Combined TRACON& Tower with Radar,106,46,48,17,217,0,1,26,5,32,106,47,74,22,249,18,10,28,277
08/02/2019,TUL,OK,ASW,CE,Combined TRACON& Tower with Radar,107,31,32,12,182,0,0,6,3,9,107,31,38,15,191,0,0,0,191
08/03/2019,TUL,OK,ASW,CE,Combined TRACON& Tower with Radar,87,31,17,9,144,0,0,3,3,6,87,31,20,12,150,0,0,0,150
08/04/2019,TUL,OK,ASW,CE,Combined TRACON& Tower with Radar,93,33,27,10,163,0,2,8,3,13,93,35,35,13,176,0,0,0,176
08/05/2019,TUL,OK,ASW,CE,Combined TRACON& Tower with Radar,103,37,50,45,235,0,0,36,2,38,103,37,86,47,273,0,46,46,319
08/06/2019,TUL,OK,ASW,CE,Combined TRACON& Tower with Radar,103,37,46,73,259,0,2,20,5,27,103,39,66,78,286,0,0,0,286
08/07/2019,TUL,OK,ASW,CE,Combined TRACON& Tower with Radar,99,50,61,42,252,0,2,31,5,38,99,52,92,47,290,0,0,0,290
08/08/2019,TUL,OK,ASW,CE,Combined TRACON& Tower with Radar,107,48,54,0,209,0,0,18,1,19,107,48,72,1,228,0,0,0,228
08/09/2019,TUL,OK,ASW,CE,Combined TRACON& Tower with Radar,111,44,27,0,182,0,2,5,1,8,111,46,32,1,190,0,0,0,190
08/10/2019,TUL,OK,ASW,CE,Combined TRACON& Tower with Radar,80,36,20,10,146,0,2,18,1,21,80,38,38,11,167,0,0,0,167
08/11/2019,TUL,OK,ASW,CE,Combined TRACON& Tower with Radar,88,42,40,8,178,0,0,21,0,21,88,42,61,8,199,0,0,0,199
08/12/2019,TUL,OK,ASW,CE,Combined TRACON& Tower with Radar,108,37,52,38,235,0,0,20,7,27,108,37,72,45,262,0,0,0,262
08/13/2019,TUL,OK,ASW,CE,Combined TRACON& Tower with Radar,99,46,47,11,203,0,1,21,3,25,99,47,68,14,228,0,0,0,228
08/14/2019,TUL,OK,ASW,CE,Combined TRACON& Tower with Radar,105,51,61,59,276,0,3,35,7,45,105,54,96,66,321,0,0,0,321
08/15/2019,TUL,OK,ASW,CE,Combined TRACON& Tower with Radar,101,58,53,32,244,0,7,39,7,53,101,65,92,39,297,0,0,0,297
08/16/2019,TUL,OK,ASW,CE,Combined TRACON& Tower with Radar,110,38,25,35,208,0,6,17,7,30,110,44,42,42,238,0,0,0,238
08/17/2019,TUL,OK,ASW,CE,Combined TRACON& Tower with Radar,72,39,22,11,144,0,1,22,0,23,72,40,44,11,167,0,0,0,167
08/18/2019,TUL,OK,ASW,CE,Combined TRACON& Tower with Radar,77,31,29,9,146,0,1,15,4,20,77,32,44,13,166,0,0,0,166
08/19/2019,TUL,OK,ASW,CE,Combined TRACON& Tower with Radar,103,51,42,8,204,0,2,35,2,39,103,53,77,10,243,0,0,0,243
08/20/2019,TUL,OK,ASW,CE,Combined TRACON& Tower with Radar,106,36,31,38,211,0,4,27,0,31,106,40,58,38,242,0,0,0,242
08/21/2019,TUL,OK,ASW,CE,Combined TRACON& Tower with Radar,105,37,47,56,245,0,0,19,7,26,105,37,66,63,271,0,0,0,271
08/22/2019,TUL,OK,ASW,CE,Combined TRACON& Tower with Radar,107,40,61,6,214,0,0,12,2,14,107,40,73,8,228,0,0,0,228
08/23/2019,TUL,OK,ASW,CE,Combined TRACON& Tower with Radar,119,37,44,1,201,0,2,2,3,7,119,39,46,4,208,0,0,0,208
08/24/2019,TUL,OK,ASW,CE,Combined TRACON& Tower with Radar,75,30,19,0,124,0,0,2,0,2,75,30,21,0,126,0,0,0,126
08/25/2019,TUL,OK,ASW,CE,Combined TRACON& Tower with Radar,84,31,25,0,140,0,0,7,1,8,84,31,32,1,148,0,0,0,148
08/26/2019,TUL,OK,ASW,CE,Combined TRACON& Tower with Radar,104,48,44,27,223,0,0,16,0,16,104,48,60,27,239,0,0,0,239
08/27/2019,TUL,OK,ASW,CE,Combined TRACON& Tower with Radar,104,52,49,26,231,0,1,12,8,21,104,53,61,34,252,0,0,0,252
08/28/2019,TUL,OK,ASW,CE,Combined TRACON& Tower with Radar,102,56,48,76,282,0,2,34,3,39,102,58,82,79,321,0,0,0,321
08/29/2019,TUL,OK,ASW,CE,Combined TRACON& Tower with Radar,117,54,63,2,236,0,1,33,0,34,117,55,96,2,270,4,2,6,276
08/30/2019,TUL,OK,ASW,CE,Combined TRACON& Tower with Radar,134,47,21,5,207,0,0,5,2,7,134,47,26,7,214,0,0,0,214
08/31/2019,TUL,OK,ASW,CE,Combined TRACON& Tower with Radar,76,23,22,0,121,0,0,7,0,7,76,23,29,0,128,0,0,0,128
09/01/2019,TUL,OK,ASW,CE,Combined TRACON& Tower with Radar,57,27,13,0,97,0,0,11,0,11,57,27,24,0,108,0,0,0,108
09/02/2019,TUL,OK,ASW,CE,Combined TRACON& Tower with Radar,90,35,19,7,151,0,1,31,0,32,90,36,50,7,183,0,0,0,183
09/03/2019,TUL,OK,ASW,CE,Combined TRACON& Tower with Radar,94,34,47,34,209,0,2,18,0,20,94,36,65,34,229,0,20,20,249
09/04/2019,TUL,OK,ASW,CE,Combined TRACON& Tower with Radar,103,46,53,18,220,0,0,15,11,26,103,46,68,29,246,16,6,22,268
09/05/2019,TUL,OK,ASW,CE,Combined TRACON& Tower with Radar,98,51,54,12,215,0,1,30,4,35,98,52,84,16,250,0,0,0,250
09/06/2019,TUL,OK,ASW,CE,Combined TRACON& Tower with Radar,105,42,39,66,252,0,0,29,6,35,105,42,68,72,287,40,16,56,343
09/07/2019,TUL,OK,ASW,CE,Combined TRACON& Tower with Radar,72,33,23,9,137,0,0,20,6,26,72,33,43,15,163,2,12,14,177
09/08/2019,TUL,OK,ASW,CE,Combined TRACON& Tower with Radar,84,33,27,26,170,0,2,21,3,26,84,35,48,29,196,0,0,0,196
09/09/2019,TUL,OK,ASW,CE,Combined TRACON& Tower with Radar,104,41,26,35,206,0,1,25,3,29,104,42,51,38,235,16,0,16,251
09/10/2019,TUL,OK,ASW,CE,Combined TRACON& Tower with Radar,106,44,44,14,208,0,5,22,1,28,106,49,66,15,236,20,0,20,256
09/11/2019,TUL,OK,ASW,CE,Combined TRACON& Tower with Radar,100,51,70,38,259,0,4,31,3,38,100,55,101,41,297,0,0,0,297
09/12/2019,TUL,OK,ASW,CE,Combined TRACON& Tower with Radar,102,35,80,15,232,0,3,8,2,13,102,38,88,17,245,0,0,0,245
09/13/2019,TUL,OK,ASW,CE,Combined TRACON& Tower with Radar,109,46,51,19,225,0,2,22,5,29,109,48,73,24,254,2,3,5,259
09/14/2019,TUL,OK,ASW,CE,Combined TRACON& Tower with Radar,69,40,39,28,176,0,2,35,11,48,69,42,74,39,224,22,42,64,288
09/15/2019,TUL,OK,ASW,CE,Combined TRACON& Tower with Radar,84,39,34,23,180,0,7,24,1,32,84,46,58,24,212,4,10,14,226
09/16/2019,TUL,OK,ASW,CE,Combined TRACON& Tower with Radar,104,34,53,75,266,0,4,23,5,32,104,38,76,80,298,0,0,0,298
09/17/2019,TUL,OK,ASW,CE,Combined TRACON& Tower with Radar,96,49,53,66,264,0,5,38,5,48,96,54,91,71,312,0,0,0,312
09/18/2019,TUL,OK,ASW,CE,Combined TRACON& Tower with Radar,101,48,46,89,284,0,6,39,4,49,101,54,85,93,333,0,0,0,333
09/19/2019,TUL,OK,ASW,CE,Combined TRACON& Tower with Radar,95,52,55,62,264,0,4,40,13,57,95,56,95,75,321,0,0,0,321
09/20/2019,TUL,OK,ASW,CE,Combined TRACON& Tower with Radar,113,44,52,1,210,0,0,0,3,3,113,44,52,4,213,8,6,14,227
09/21/2019,TUL,OK,ASW,CE,Combined TRACON& Tower with Radar,83,32,27,0,142,0,2,6,1,9,83,34,33,1,151,0,0,0,151
09/22/2019,TUL,OK,ASW,CE,Combined TRACON& Tower with Radar,87,32,42,1,162,0,0,7,0,7,87,32,49,1,169,0,0,0,169
09/23/2019,TUL,OK,ASW,CE,Combined TRACON& Tower with Radar,112,54,46,62,274,0,0,23,2,25,112,54,69,64,299,0,0,0,299
09/24/2019,TUL,OK,ASW,CE,Combined TRACON& Tower with Radar,99,41,37,15,192,0,2,6,4,12,99,43,43,19,204,0,0,0,204
09/25/2019,TUL,OK,ASW,CE,Combined TRACON& Tower with Radar,97,33,48,7,185,0,0,21,2,23,97,33,69,9,208,0,0,0,208
09/26/2019,TUL,OK,ASW,CE,Combined TRACON& Tower with Radar,101,44,55,9,209,0,4,10,1,15,101,48,65,10,224,0,0,0,224
09/27/2019,TUL,OK,ASW,CE,Combined TRACON& Tower with Radar,104,57,35,48,244,0,2,21,5,28,104,59,56,53,272,0,0,0,272
09/28/2019,TUL,OK,ASW,CE,Combined TRACON& Tower with Radar,71,30,31,0,132,0,0,16,1,17,71,30,47,1,149,0,0,0,149
09/29/2019,TUL,OK,ASW,CE,Combined TRACON& Tower with Radar,85,38,39,0,162,0,0,7,0,7,85,38,46,0,169,0,0,0,169
09/30/2019,TUL,OK,ASW,CE,Combined TRACON& Tower with Radar,107,43,67,69,286,0,2,41,10,53,107,45,108,79,339,0,0,0,339
10/01/2019,TUL,OK,ASW,CE,Combined TRACON& Tower with Radar,105,34,52,75,266,0,0,38,12,50,105,34,90,87,316,22,18,40,356
10/02/2019,TUL,OK,ASW,CE,Combined TRACON& Tower with Radar,101,42,49,55,247,0,2,49,4,55,101,44,98,59,302,38,24,62,364
10/03/2019,TUL,OK,ASW,CE,Combined TRACON& Tower with Radar,105,56,46,66,273,0,0,11,5,16,105,56,57,71,289,0,0,0,289
10/04/2019,TUL,OK,ASW,CE,Combined TRACON& Tower with Radar,119,42,58,47,266,0,2,19,1,22,119,44,77,48,288,0,20,20,308
10/05/2019,TUL,OK,ASW,CE,Combined TRACON& Tower with Radar,72,36,13,2,123,0,2,8,1,11,72,38,21,3,134,0,0,0,134
10/06/2019,TUL,OK,ASW,CE,Combined TRACON& Tower with Radar,84,44,24,2,154,0,0,4,0,4,84,44,28,2,158,0,0,0,158
10/07/2019,TUL,OK,ASW,CE,Combined TRACON& Tower with Radar,106,41,44,28,219,0,2,52,1,55,106,43,96,29,274,6,0,6,280
10/08/2019,TUL,OK,ASW,CE,Combined TRACON& Tower with Radar,104,39,62,66,271,0,3,63,3,69,104,42,125,69,340,22,8,30,370
10/09/2019,TUL,OK,ASW,CE,Combined TRACON& Tower with Radar,95,44,47,30,216,0,0,24,2,26,95,44,71,32,242,40,0,40,282
10/10/2019,TUL,OK,ASW,CE,Combined TRACON& Tower with Radar,96,54,55,10,215,0,0,4,1,5,96,54,59,11,220,0,0,0,220
10/11/2019,TUL,OK,ASW,CE,Combined TRACON& Tower with Radar,109,49,45,4,207,0,7,29,5,41,109,56,74,9,248,6,14,20,268
10/12/2019,TUL,OK,ASW,CE,Combined TRACON& Tower with Radar,80,40,38,4,162,0,4,44,3,51,80,44,82,7,213,72,0,72,285
10/13/2019,TUL,OK,ASW,CE,Combined TRACON& Tower with Radar,83,33,30,4,150,0,0,33,1,34,83,33,63,5,184,0,0,0,184
10/14/2019,TUL,OK,ASW,CE,Combined TRACON& Tower with Radar,118,41,35,7,201,0,2,32,1,35,118,43,67,8,236,64,0,64,300
10/15/2019,TUL,OK,ASW,CE,Combined TRACON& Tower with Radar,108,50,38,19,215,0,4,6,0,10,108,54,44,19,225,0,0,0,225
10/16/2019,TUL,OK,ASW,CE,Combined TRACON& Tower with Radar,99,50,59,37,245,0,2,61,3,66,99,52,120,40,311,158,14,172,483
10/17/2019,TUL,OK,ASW,CE,Combined TRACON& Tower with Radar,96,56,53,66,271,0,1,61,10,72,96,57,114,76,343,195,14,209,552
10/18/2019,TUL,OK,ASW,CE,Combined TRACON& Tower with Radar,111,46,29,54,240,0,1,30,6,37,111,47,59,60,277,0,0,0,277
10/19/2019,TUL,OK,ASW,CE,Combined TRACON& Tower with Radar,74,35,18,16,143,0,0,43,2,45,74,35,61,18,188,0,0,0,188
10/20/2019,TUL,OK,ASW,CE,Combined TRACON& Tower with Radar,76,43,34,31,184,0,1,26,0,27,76,44,60,31,211,0,0,0,211
10/21/2019,TUL,OK,ASW,CE,Combined TRACON& Tower with Radar,106,42,39,12,199,0,3,16,2,21,106,45,55,14,220,20,0,20,240
10/22/2019,TUL,OK,ASW,CE,Combined TRACON& Tower with Radar,104,38,42,10,194,0,3,29,2,34,104,41,71,12,228,0,0,0,228
10/23/2019,TUL,OK,ASW,CE,Combined TRACON& Tower with Radar,94,56,49,44,243,0,2,40,9,51,94,58,89,53,294,4,56,60,354
10/24/2019,TUL,OK,ASW,CE,Combined TRACON& Tower with Radar,89,42,28,2,161,0,0,0,8,8,89,42,28,10,169,0,0,0,169
10/25/2019,TUL,OK,ASW,CE,Combined TRACON& Tower with Radar,114,46,31,0,191,0,0,0,0,0,114,46,31,0,191,0,0,0,191
10/26/2019,TUL,OK,ASW,CE,Combined TRACON& Tower with Radar,76,43,32,0,151,0,0,25,0,25,76,43,57,0,176,0,0,0,176
10/27/2019,TUL,OK,ASW,CE,Combined TRACON& Tower with Radar,86,37,47,10,180,0,1,34,1,36,86,38,81,11,216,0,0,0,216
10/28/2019,TUL,OK,ASW,CE,Combined TRACON& Tower with Radar,99,45,45,20,209,0,0,1,0,1,99,45,46,20,210,0,0,0,210
10/29/2019,TUL,OK,ASW,CE,Combined TRACON& Tower with Radar,91,37,34,2,164,0,1,1,0,2,91,38,35,2,166,0,0,0,166
10/30/2019,TUL,OK,ASW,CE,Combined TRACON& Tower with Radar,96,48,40,8,192,0,0,0,0,0,96,48,40,8,192,0,0,0,192
10/31/2019,TUL,OK,ASW,CE,Combined TRACON& Tower with Radar,91,45,66,38,240,0,4,43,9,56,91,49,109,47,296,0,0,0,296
11/01/2019,TUL,OK,ASW,CE,Combined TRACON& Tower with Radar,100,50,73,63,286,0,0,70,6,76,100,50,143,69,362,116,32,148,510
11/02/2019,TUL,OK,ASW,CE,Combined TRACON& Tower with Radar,77,28,21,38,164,0,2,47,3,52,77,30,68,41,216,0,0,0,216
11/03/2019,TUL,OK,ASW,CE,Combined TRACON& Tower with Radar,98,27,33,10,168,0,0,31,0,31,98,27,64,10,199,0,0,0,199
11/04/2019,TUL,OK,ASW,CE,Combined TRACON& Tower with Radar,109,44,50,69,272,0,3,52,4,59,109,47,102,73,331,0,0,0,331
11/05/2019,TUL,OK,ASW,CE,Combined TRACON& Tower with Radar,101,38,58,37,234,0,0,52,3,55,101,38,110,40,289,82,8,90,379
11/06/2019,TUL,OK,ASW,CE,Combined TRACON& Tower with Radar,97,47,52,9,205,0,0,0,0,0,97,47,52,9,205,0,0,0,205
11/07/2019,TUL,OK,ASW,CE,Combined TRACON& Tower with Radar,106,48,80,73,307,0,0,18,4,22,106,48,98,77,329,23,26,49,378
11/08/2019,TUL,OK,ASW,CE,Combined TRACON& Tower with Radar,110,54,85,41,290,0,1,68,12,81,110,55,153,53,371,32,10,42,413
11/09/2019,TUL,OK,ASW,CE,Combined TRACON& Tower with Radar,70,43,64,0,177,0,3,51,0,54,70,46,115,0,231,76,0,76,307
11/10/2019,TUL,OK,ASW,CE,Combined TRACON& Tower with Radar,94,47,96,0,237,0,2,46,3,51,94,49,142,3,288,0,0,0,288
11/11/2019,TUL,OK,ASW,CE,Combined TRACON& Tower with Radar,97,39,21,0,157,0,0,2,0,2,97,39,23,0,159,0,0,0,159
11/12/2019,TUL,OK,ASW,CE,Combined TRACON& Tower with Radar,100,44,60,51,255,0,3,38,6,47,100,47,98,57,302,94,6,100,402
11/13/2019,TUL,OK,ASW,CE,Combined TRACON& Tower with Radar,94,51,74,73,292,0,1,48,2,51,94,52,122,75,343,0,0,0,343
11/14/2019,TUL,OK,ASW,CE,Combined TRACON& Tower with Radar,107,53,40,34,234,0,0,36,7,43,107,53,76,41,277,74,78,152,429
11/15/2019,TUL,OK,ASW,CE,Combined TRACON& Tower with Radar,104,56,69,75,304,0,3,74,6,83,104,59,143,81,387,84,50,134,521
11/16/2019,TUL,OK,ASW,CE,Combined TRACON& Tower with Radar,67,38,40,9,154,0,0,44,0,44,67,38,84,9,198,67,1,68,266
11/17/2019,TUL,OK,ASW,CE,Combined TRACON& Tower with Radar,96,24,31,7,158,0,6,37,1,44,96,30,68,8,202,0,0,0,202
11/18/2019,TUL,OK,ASW,CE,Combined TRACON& Tower with Radar,102,50,61,50,263,0,2,35,3,40,102,52,96,53,303,0,0,0,303
11/19/2019,TUL,OK,ASW,CE,Combined TRACON& Tower with Radar,98,39,72,25,234,0,2,53,6,61,98,41,125,31,295,0,0,0,295
11/20/2019,TUL,OK,ASW,CE,Combined TRACON& Tower with Radar,101,54,54,56,265,0,4,3,2,9,101,58,57,58,274,0,0,0,274
11/21/2019,TUL,OK,ASW,CE,Combined TRACON& Tower with Radar,101,45,63,8,217,0,1,1,4,6,101,46,64,12,223,0,0,0,223
11/22/2019,TUL,OK,ASW,CE,Combined TRACON& Tower with Radar,113,56,49,18,236,0,0,0,0,0,113,56,49,18,236,0,0,0,236
11/23/2019,TUL,OK,ASW,CE,Combined TRACON& Tower with Radar,78,36,21,3,138,0,0,24,1,25,78,36,45,4,163,0,0,0,163
11/24/2019,TUL,OK,ASW,CE,Combined TRACON& Tower with Radar,90,38,47,2,177,0,0,42,4,46,90,38,89,6,223,0,0,0,223
11/25/2019,TUL,OK,ASW,CE,Combined TRACON& Tower with Radar,93,37,48,14,192,0,2,54,9,65,93,39,102,23,257,0,0,0,257
11/26/2019,TUL,OK,ASW,CE,Combined TRACON& Tower with Radar,102,46,55,17,220,0,1,26,3,30,102,47,81,20,250,0,0,0,250
11/27/2019,TUL,OK,ASW,CE,Combined TRACON& Tower with Radar,113,54,41,18,226,0,0,22,1,23,113,54,63,19,249,0,0,0,249
11/28/2019,TUL,OK,ASW,CE,Combined TRACON& Tower with Radar,46,17,4,0,67,0,0,0,0,0,46,17,4,0,67,0,0,0,67
11/29/2019,TUL,OK,ASW,CE,Combined TRACON& Tower with Radar,74,29,7,0,110,0,0,0,0,0,74,29,7,0,110,0,0,0,110
11/30/2019,TUL,OK,ASW,CE,Combined TRACON& Tower with Radar,94,42,39,0,175,0,1,18,0,19,94,43,57,0,194,0,0,0,194
12/01/2019,TUL,OK,ASW,CE,Combined TRACON& Tower with Radar,105,48,35,4,192,0,0,20,0,20,105,48,55,4,212,0,0,0,212
12/02/2019,TUL,OK,ASW,CE,Combined TRACON& Tower with Radar,107,34,47,52,240,0,2,33,5,40,107,36,80,57,280,0,0,0,280
12/03/2019,TUL,OK,ASW,CE,Combined TRACON& Tower with Radar,95,48,57,42,242,0,2,37,3,42,95,50,94,45,284,0,0,0,284
12/04/2019,TUL,OK,ASW,CE,Combined TRACON& Tower with Radar,97,56,56,44,253,0,2,43,4,49,97,58,99,48,302,0,0,0,302
12/05/2019,TUL,OK,ASW,CE,Combined TRACON& Tower with Radar,99,54,52,21,226,0,0,24,9,33,99,54,76,30,259,8,16,24,283
12/06/2019,TUL,OK,ASW,CE,Combined TRACON& Tower with Radar,103,42,58,20,223,0,2,32,2,36,103,44,90,22,259,0,0,0,259
12/07/2019,TUL,OK,ASW,CE,Combined TRACON& Tower with Radar,71,20,57,14,162,0,0,56,1,57,71,20,113,15,219,0,0,0,219
12/08/2019,TUL,OK,ASW,CE,Combined TRACON& Tower with Radar,86,27,40,12,165,0,0,17,0,17,86,27,57,12,182,0,0,0,182
12/09/2019,TUL,OK,ASW,CE,Combined TRACON& Tower with Radar,105,46,47,28,226,0,3,17,0,20,105,49,64,28,246,0,0,0,246
12/10/2019,TUL,OK,ASW,CE,Combined TRACON& Tower with Radar,103,49,52,57,261,0,0,32,7,39,103,49,84,64,300,0,0,0,300
12/11/2019,TUL,OK,ASW,CE,Combined TRACON& Tower with Radar,102,45,80,56,283,0,8,50,20,78,102,53,130,76,361,30,12,42,403
12/12/2019,TUL,OK,ASW,CE,Combined TRACON& Tower with Radar,99,48,70,40,257,0,1,50,2,53,99,49,120,42,310,0,0,0,310
12/13/2019,TUL,OK,ASW,CE,Combined TRACON& Tower with Radar,108,46,61,46,261,0,2,47,4,53,108,48,108,50,314,0,0,0,314
12/14/2019,TUL,OK,ASW,CE,Combined TRACON& Tower with Radar,69,17,23,34,143,0,2,28,2,32,69,19,51,36,175,0,0,0,175
12/15/2019,TUL,OK,ASW,CE,Combined TRACON& Tower with Radar,92,34,23,0,149,0,0,0,0,0,92,34,23,0,149,0,0,0,149
12/16/2019,TUL,OK,ASW,CE,Combined TRACON& Tower with Radar,99,37,34,2,172,0,0,0,0,0,99,37,34,2,172,0,0,0,172
12/17/2019,TUL,OK,ASW,CE,Combined TRACON& Tower with Radar,106,39,75,45,265,0,0,44,9,53,106,39,119,54,318,0,0,0,318
12/18/2019,TUL,OK,ASW,CE,Combined TRACON& Tower with Radar,106,43,65,38,252,0,2,67,15,84,106,45,132,53,336,0,0,0,336
12/19/2019,TUL,OK,ASW,CE,Combined TRACON& Tower with Radar,102,43,84,35,264,0,0,71,2,73,102,43,155,37,337,18,0,18,355
12/20/2019,TUL,OK,ASW,CE,Combined TRACON& Tower with Radar,115,41,66,29,251,0,0,42,0,42,115,41,108,29,293,0,0,0,293
12/21/2019,TUL,OK,ASW,CE,Combined TRACON& Tower with Radar,88,32,62,0,182,0,2,6,0,8,88,34,68,0,190,0,0,0,190
12/22/2019,TUL,OK,ASW,CE,Combined TRACON& Tower with Radar,97,23,26,0,146,0,0,8,0,8,97,23,34,0,154,0,0,0,154
12/23/2019,TUL,OK,ASW,CE,Combined TRACON& Tower with Radar,100,32,47,8,187,0,0,35,1,36,100,32,82,9,223,0,0,0,223
12/24/2019,TUL,OK,ASW,CE,Combined TRACON& Tower with Radar,88,23,22,0,133,0,3,29,0,32,88,26,51,0,165,0,0,0,165
12/25/2019,TUL,OK,ASW,CE,Combined TRACON& Tower with Radar,68,20,4,0,92,0,3,8,0,11,68,23,12,0,103,0,0,0,103
12/26/2019,TUL,OK,ASW,CE,Combined TRACON& Tower with Radar,95,47,44,0,186,0,3,41,0,44,95,50,85,0,230,0,0,0,230
12/27/2019,TUL,OK,ASW,CE,Combined TRACON& Tower with Radar,104,39,59,0,202,0,0,7,0,7,104,39,66,0,209,0,0,0,209
12/28/2019,TUL,OK,ASW,CE,Combined TRACON& Tower with Radar,86,27,21,0,134,0,0,0,0,0,86,27,21,0,134,0,0,0,134
12/29/2019,TUL,OK,ASW,CE,Combined TRACON& Tower with Radar,91,12,36,0,139,0,0,6,0,6,91,12,42,0,145,0,0,0,145
12/30/2019,TUL,OK,ASW,CE,Combined TRACON& Tower with Radar,102,30,29,5,166,0,0,14,0,14,102,30,43,5,180,0,0,0,180
12/31/2019,TUL,OK,ASW,CE,Combined TRACON& Tower with Radar,82,25,30,6,143,0,0,34,0,34,82,25,64,6,177,0,0,0,177
01/01/2020,TUL,OK,ASW,CE,Combined TRACON& Tower with Radar,78,16,19,0,113,0,0,6,0,6,78,16,25,0,119,0,0,0,119
01/02/2020,TUL,OK,ASW,CE,Combined TRACON& Tower with Radar,92,38,45,3,178,0,0,6,2,8,92,38,51,5,186,0,0,0,186
01/03/2020,TUL,OK,ASW,CE,Combined TRACON& Tower with Radar,105,36,27,17,185,0,2,21,2,25,105,38,48,19,210,0,0,0,210
01/04/2020,TUL,OK,ASW,CE,Combined TRACON& Tower with Radar,74,37,23,4,138,0,0,32,0,32,74,37,55,4,170,0,0,0,170
01/05/2020,TUL,OK,ASW,CE,Combined TRACON& Tower with Radar,88,32,31,0,151,0,2,10,0,12,88,34,41,0,163,0,0,0,163
01/06/2020,TUL,OK,ASW,CE,Combined TRACON& Tower with Radar,102,42,29,45,218,0,0,14,6,20,102,42,43,51,238,18,34,52,290
01/07/2020,TUL,OK,ASW,CE,Combined TRACON& Tower with Radar,109,34,40,65,248,0,0,16,0,16,109,34,56,65,264,0,0,0,264
01/08/2020,TUL,OK,ASW,CE,Combined TRACON& Tower with Radar,94,43,50,84,271,0,1,24,6,31,94,44,74,90,302,0,4,4,306
01/09/2020,TUL,OK,ASW,CE,Combined TRACON& Tower with Radar,97,49,44,55,245,0,0,4,0,4,97,49,48,55,249,0,0,0,249
01/10/2020,TUL,OK,ASW,CE,Combined TRACON& Tower with Radar,90,37,19,0,146,0,0,2,0,2,90,37,21,0,148,0,0,0,148
01/11/2020,TUL,OK,ASW,CE,Combined TRACON& Tower with Radar,58,21,11,0,90,0,0,2,1,3,58,21,13,1,93,0,30,30,123
01/12/2020,TUL,OK,ASW,CE,Combined TRACON& Tower with Radar,79,30,24,9,142,0,0,6,5,11,79,30,30,14,153,0,0,0,153
01/13/2020,TUL,OK,ASW,CE,Combined TRACON& Tower with Radar,98,24,52,108,282,0,0,6,5,11,98,24,58,113,293,0,0,0,293
01/14/2020,TUL,OK,ASW,CE,Combined TRACON& Tower with Radar,92,36,68,47,243,0,0,3,3,6,92,36,71,50,249,0,0,0,249
01/15/2020,TUL,OK,ASW,CE,Combined TRACON& Tower with Radar,91,38,78,49,256,0,0,14,2,16,91,38,92,51,272,0,0,0,272
01/16/2020,TUL,OK,ASW,CE,Combined TRACON& Tower with Radar,98,41,54,30,223,0,0,19,4,23,98,41,73,34,246,0,0,0,246
01/17/2020,TUL,OK,ASW,CE,Combined TRACON& Tower with Radar,101,36,39,0,176,0,0,0,0,0,101,36,39,0,176,0,0,0,176
01/18/2020,TUL,OK,ASW,CE,Combined TRACON& Tower with Radar,63,24,39,2,128,0,4,16,2,22,63,28,55,4,150,0,0,0,150
01/19/2020,TUL,OK,ASW,CE,Combined TRACON& Tower with Radar,80,29,29,0,138,0,0,18,0,18,80,29,47,0,156,0,0,0,156
01/20/2020,TUL,OK,ASW,CE,Combined TRACON& Tower with Radar,93,30,41,15,179,0,4,40,16,60,93,34,81,31,239,20,0,20,259
01/21/2020,TUL,OK,ASW,CE,Combined TRACON& Tower with Radar,99,33,38,58,228,0,3,17,6,26,99,36,55,64,254,24,4,28,282
01/22/2020,TUL,OK,ASW,CE,Combined TRACON& Tower with Radar,96,32,21,2,151,0,0,0,0,0,96,32,21,2,151,0,0,0,151
01/23/2020,TUL,OK,ASW,CE,Combined TRACON& Tower with Radar,99,44,47,33,223,0,0,1,5,6,99,44,48,38,229,0,0,0,229
01/24/2020,TUL,OK,ASW,CE,Combined TRACON& Tower with Radar,108,30,33,13,184,0,0,6,1,7,108,30,39,14,191,0,0,0,191
01/25/2020,TUL,OK,ASW,CE,Combined TRACON& Tower with Radar,60,19,20,0,99,0,0,35,1,36,60,19,55,1,135,0,0,0,135
01/26/2020,TUL,OK,ASW,CE,Combined TRACON& Tower with Radar,81,27,18,24,150,0,8,33,9,50,81,35,51,33,200,0,0,0,200
01/27/2020,TUL,OK,ASW,CE,Combined TRACON& Tower with Radar,110,55,45,42,252,0,5,37,1,43,110,60,82,43,295,0,0,0,295
01/28/2020,TUL,OK,ASW,CE,Combined TRACON& Tower with Radar,98,34,26,6,164,0,0,0,0,0,98,34,26,6,164,0,0,0,164
01/29/2020,TUL,OK,ASW,CE,Combined TRACON& Tower with Radar,100,37,40,14,191,0,0,2,0,2,100,37,42,14,193,0,0,0,193
01/30/2020,TUL,OK,ASW,CE,Combined TRACON& Tower with Radar,99,37,42,46,224,0,0,6,2,8,99,37,48,48,232,0,0,0,232
01/31/2020,TUL,OK,ASW,CE,Combined TRACON& Tower with Radar,100,45,66,32,243,0,3,31,4,38,100,48,97,36,281,0,0,0,281
02/01/2020,TUL,OK,ASW,CE,Combined TRACON& Tower with Radar,62,23,28,14,127,0,2,34,3,39,62,25,62,17,166,0,0,0,166
02/02/2020,TUL,OK,ASW,CE,Combined TRACON& Tower with Radar,76,25,14,13,128,0,0,26,1,27,76,25,40,14,155,0,0,0,155
02/03/2020,TUL,OK,ASW,CE,Combined TRACON& Tower with Radar,97,37,42,57,233,0,0,14,4,18,97,37,56,61,251,0,0,0,251
02/04/2020,TUL,OK,ASW,CE,Combined TRACON& Tower with Radar,94,32,36,3,165,0,2,0,1,3,94,34,36,4,168,0,0,0,168
02/05/2020,TUL,OK,ASW,CE,Combined TRACON& Tower with Radar,86,27,12,1,126,0,0,0,0,0,86,27,12,1,126,0,0,0,126
02/06/2020,TUL,OK,ASW,CE,Combined TRACON& Tower with Radar,112,38,52,4,206,0,3,12,6,21,112,41,64,10,227,0,0,0,227
02/07/2020,TUL,OK,ASW,CE,Combined TRACON& Tower with Radar,98,38,40,13,189,0,4,29,2,35,98,42,69,15,224,0,0,0,224
02/08/2020,TUL,OK,ASW,CE,Combined TRACON& Tower with Radar,64,25,30,0,119,0,2,64,0,66,64,27,94,0,185,20,0,20,205
02/09/2020,TUL,OK,ASW,CE,Combined TRACON& Tower with Radar,81,28,27,4,140,0,0,1,0,1,81,28,28,4,141,0,0,0,141
02/10/2020,TUL,OK,ASW,CE,Combined TRACON& Tower with Radar,104,38,50,36,228,0,0,21,1,22,104,38,71,37,250,42,14,56,306
02/11/2020,TUL,OK,ASW,CE,Combined TRACON& Tower with Radar,98,35,54,113,300,0,0,7,2,9,98,35,61,115,309,0,30,30,339
02/12/2020,TUL,OK,ASW,CE,Combined TRACON& Tower with Radar,94,36,34,2,166,0,0,0,0,0,94,36,34,2,166,0,0,0,166
02/13/2020,TUL,OK,ASW,CE,Combined TRACON& Tower with Radar,100,40,53,49,242,0,1,34,12,47,100,41,87,61,289,0,0,0,289
02/14/2020,TUL,OK,ASW,CE,Combined TRACON& Tower with Radar,106,51,39,6,202,0,5,30,2,37,106,56,69,8,239,0,0,0,239
02/15/2020,TUL,OK,ASW,CE,Combined TRACON& Tower with Radar,69,28,16,0,113,0,5,22,5,32,69,33,38,5,145,0,0,0,145
02/16/2020,TUL,OK,ASW,CE,Combined TRACON& Tower with Radar,74,28,36,1,139,0,3,6,0,9,74,31,42,1,148,0,0,0,148
02/17/2020,TUL,OK,ASW,CE,Combined TRACON& Tower with Radar,97,42,37,20,196,0,0,6,0,6,97,42,43,20,202,0,0,0,202
02/18/2020,TUL,OK,ASW,CE,Combined TRACON& Tower with Radar,95,53,38,60,246,0,4,24,0,28,95,57,62,60,274,0,24,24,298
02/19/2020,TUL,OK,ASW,CE,Combined TRACON& Tower with Radar,92,60,44,95,291,0,2,26,12,40,92,62,70,107,331,0,16,16,347
02/20/2020,TUL,OK,ASW,CE,Combined TRACON& Tower with Radar,99,40,64,54,257,0,2,16,4,22,99,42,80,58,279,0,0,0,279
02/21/2020,TUL,OK,ASW,CE,Combined TRACON& Tower with Radar,102,43,58,46,249,0,2,51,3,56,102,45,109,49,305,0,0,0,305
02/22/2020,TUL,OK,ASW,CE,Combined TRACON& Tower with Radar,64,23,27,9,123,0,2,26,0,28,64,25,53,9,151,0,0,0,151
02/23/2020,TUL,OK,ASW,CE,Combined TRACON& Tower with Radar,78,32,35,14,159,0,0,0,1,1,78,32,35,15,160,0,0,0,160
02/24/2020,TUL,OK,ASW,CE,Combined TRACON& Tower with Radar,100,45,48,58,251,0,0,5,0,5,100,45,53,58,256,0,12,12,268
02/25/2020,TUL,OK,ASW,CE,Combined TRACON& Tower with Radar,94,42,61,26,223,0,0,8,2,10,94,42,69,28,233,0,9,9,242
02/26/2020,TUL,OK,ASW,CE,Combined TRACON& Tower with Radar,101,38,62,19,220,0,2,16,5,23,101,40,78,24,243,0,0,0,243
02/27/2020,TUL,OK,ASW,CE,Combined TRACON& Tower with Radar,101,45,42,11,199,0,0,25,1,26,101,45,67,12,225,0,0,0,225
02/28/2020,TUL,OK,ASW,CE,Combined TRACON& Tower with Radar,110,50,33,66,259,0,0,16,7,23,110,50,49,73,282,0,10,10,292
02/29/2020,TUL,OK,ASW,CE,Combined TRACON& Tower with Radar,63,30,40,0,133,0,3,36,1,40,63,33,76,1,173,30,0,30,203
03/01/2020,TUL,OK,ASW,CE,Combined TRACON& Tower with Radar,81,35,43,2,161,0,0,8,0,8,81,35,51,2,169,20,0,20,189
03/02/2020,TUL,OK,ASW,CE,Combined TRACON& Tower with Radar,99,38,43,50,230,0,0,4,0,4,99,38,47,50,234,10,0,10,244
03/03/2020,TUL,OK,ASW,CE,Combined TRACON& Tower with Radar,90,38,29,89,246,0,2,32,3,37,90,40,61,92,283,0,0,0,283
03/04/2020,TUL,OK,ASW,CE,Combined TRACON& Tower with Radar,92,51,43,94,280,0,4,16,1,21,92,55,59,95,301,0,0,0,301
03/05/2020,TUL,OK,ASW,CE,Combined TRACON& Tower with Radar,96,60,77,39,272,0,2,41,5,48,96,62,118,44,320,0,0,0,320
03/06/2020,TUL,OK,ASW,CE,Combined TRACON& Tower with Radar,101,45,54,44,244,0,5,35,3,43,101,50,89,47,287,0,0,0,287
03/07/2020,TUL,OK,ASW,CE,Combined TRACON& Tower with Radar,56,34,41,16,147,0,0,13,2,15,56,34,54,18,162,0,0,0,162
03/08/2020,TUL,OK,ASW,CE,Combined TRACON& Tower with Radar,71,32,62,63,228,0,2,8,2,12,71,34,70,65,240,0,0,0,240
03/09/2020,TUL,OK,ASW,CE,Combined TRACON& Tower with Radar,90,49,31,28,198,0,0,1,0,1,90,49,32,28,199,0,38,38,237
03/10/2020,TUL,OK,ASW,CE,Combined TRACON& Tower with Radar,88,56,40,55,239,0,3,21,4,28,88,59,61,59,267,0,0,0,267
03/11/2020,TUL,OK,ASW,CE,Combined TRACON& Tower with Radar,88,54,51,63,256,0,3,27,2,32,88,57,78,65,288,48,54,102,390
03/12/2020,TUL,OK,ASW,CE,Combined TRACON& Tower with Radar,91,61,33,49,234,0,0,19,3,22,91,61,52,52,256,0,0,0,256
03/13/2020,TUL,OK,ASW,CE,Combined TRACON& Tower with Radar,97,58,33,0,188,0,0,5,2,7,97,58,38,2,195,0,0,0,195
03/14/2020,TUL,OK,ASW,CE,Combined TRACON& Tower with Radar,63,39,35,0,137,0,0,0,0,0,63,39,35,0,137,0,0,0,137
03/15/2020,TUL,OK,ASW,CE,Combined TRACON& Tower with Radar,87,42,37,5,171,0,0,0,0,0,87,42,37,5,171,0,0,0,171
03/16/2020,TUL,OK,ASW,CE,Combined TRACON& Tower with Radar,91,44,25,2,162,0,0,0,0,0,91,44,25,2,162,0,0,0,162
03/17/2020,TUL,OK,ASW,CE,Combined TRACON& Tower with Radar,79,46,49,65,239,0,0,5,0,5,79,46,54,65,244,0,0,0,244
03/18/2020,TUL,OK,ASW,CE,Combined TRACON& Tower with Radar,87,51,38,45,221,0,0,18,5,23,87,51,56,50,244,0,0,0,244
03/19/2020,TUL,OK,ASW,CE,Combined TRACON& Tower with Radar,90,34,19,20,163,0,0,5,6,11,90,34,24,26,174,0,0,0,174
03/20/2020,TUL,OK,ASW,CE,Combined TRACON& Tower with Radar,101,49,33,80,263,0,5,8,5,18,101,54,41,85,281,4,52,56,337
03/21/2020,TUL,OK,ASW,CE,Combined TRACON& Tower with Radar,48,26,25,2,101,0,0,36,0,36,48,26,61,2,137,0,0,0,137
03/22/2020,TUL,OK,ASW,CE,Combined TRACON& Tower with Radar,70,22,15,0,107,0,0,0,0,0,70,22,15,0,107,0,0,0,107
03/23/2020,TUL,OK,ASW,CE,Combined TRACON& Tower with Radar,78,20,17,48,163,0,0,2,0,2,78,20,19,48,165,0,0,0,165
03/24/2020,TUL,OK,ASW,CE,Combined TRACON& Tower with Radar,68,35,20,36,159,0,0,9,5,14,68,35,29,41,173,0,8,8,181
03/25/2020,TUL,OK,ASW,CE,Combined TRACON& Tower with Radar,52,32,16,41,141,0,0,19,2,21,52,32,35,43,162,0,0,0,162
03/26/2020,TUL,OK,ASW,CE,Combined TRACON& Tower with Radar,60,33,12,40,145,0,2,38,18,58,60,35,50,58,203,0,0,0,203
03/27/2020,TUL,OK,ASW,CE,Combined TRACON& Tower with Radar,59,27,20,19,125,0,2,9,0,11,59,29,29,19,136,0,0,0,136
03/28/2020,TUL,OK,ASW,CE,Combined TRACON& Tower with Radar,45,17,2,1,65,0,0,2,1,3,45,17,4,2,68,0,0,0,68
03/29/2020,TUL,OK,ASW,CE,Combined TRACON& Tower with Radar,48,16,11,2,77,0,0,46,2,48,48,16,57,4,125,0,0,0,125
03/30/2020,TUL,OK,ASW,CE,Combined TRACON& Tower with Radar,45,14,18,2,79,0,0,12,0,12,45,14,30,2,91,30,66,96,187
03/31/2020,TUL,OK,ASW,CE,Combined TRACON& Tower with Radar,53,25,12,56,146,0,0,22,8,30,53,25,34,64,176,0,0,0,176
04/01/2020,TUL,OK,ASW,CE,Combined TRACON& Tower with Radar,51,25,22,40,138,0,0,33,6,39,51,25,55,46,177,10,18,28,205
04/02/2020,TUL,OK,ASW,CE,Combined TRACON& Tower with Radar,55,15,12,73,155,0,0,8,2,10,55,15,20,75,165,0,48,48,213
04/03/2020,TUL,OK,ASW,CE,Combined TRACON& Tower with Radar,46,16,15,0,77,0,0,0,0,0,46,16,15,0,77,0,0,0,77
04/04/2020,TUL,OK,ASW,CE,Combined TRACON& Tower with Radar,35,11,14,0,60,0,0,0,0,0,35,11,14,0,60,0,0,0,60
04/05/2020,TUL,OK,ASW,CE,Combined TRACON& Tower with Radar,34,5,1,0,40,0,0,7,0,7,34,5,8,0,47,0,0,0,47
04/06/2020,TUL,OK,ASW,CE,Combined TRACON& Tower with Radar,37,9,16,64,126,0,0,10,0,10,37,9,26,64,136,0,0,0,136
04/07/2020,TUL,OK,ASW,CE,Combined TRACON& Tower with Radar,37,22,27,54,140,0,0,17,2,19,37,22,44,56,159,0,0,0,159
04/08/2020,TUL,OK,ASW,CE,Combined TRACON& Tower with Radar,44,14,19,49,126,0,2,24,7,33,44,16,43,56,159,0,0,0,159
04/09/2020,TUL,OK,ASW,CE,Combined TRACON& Tower with Radar,50,20,15,61,146,0,2,22,19,43,50,22,37,80,189,0,0,0,189
04/10/2020,TUL,OK,ASW,CE,Combined TRACON& Tower with Radar,49,13,10,77,149,0,5,45,6,56,49,18,55,83,205,0,0,0,205
04/11/2020,TUL,OK,ASW,CE,Combined TRACON& Tower with Radar,30,7,1,18,56,0,0,5,0,5,30,7,6,18,61,0,0,0,61
04/12/2020,TUL,OK,ASW,CE,Combined TRACON& Tower with Radar,31,2,0,0,33,0,0,0,0,0,31,2,0,0,33,0,0,0,33
04/13/2020,TUL,OK,ASW,CE,Combined TRACON& Tower with Radar,44,12,11,43,110,0,0,14,3,17,44,12,25,46,127,0,0,0,127
04/14/2020,TUL,OK,ASW,CE,Combined TRACON& Tower with Radar,45,16,13,23,97,0,0,3,5,8,45,16,16,28,105,0,0,0,105
04/15/2020,TUL,OK,ASW,CE,Combined TRACON& Tower with Radar,45,15,21,43,124,0,0,33,11,44,45,15,54,54,168,0,0,0,168
04/16/2020,TUL,OK,ASW,CE,Combined TRACON& Tower with Radar,41,15,21,26,103,0,0,18,6,24,41,15,39,32,127,0,0,0,127
04/17/2020,TUL,OK,ASW,CE,Combined TRACON& Tower with Radar,46,13,18,36,113,0,0,6,1,7,46,13,24,37,120,0,0,0,120
04/18/2020,TUL,OK,ASW,CE,Combined TRACON& Tower with Radar,33,6,21,41,101,0,1,31,3,35,33,7,52,44,136,0,0,0,136
04/19/2020,TUL,OK,ASW,CE,Combined TRACON& Tower with Radar,27,4,17,0,48,0,0,9,1,10,27,4,26,1,58,0,0,0,58
04/20/2020,TUL,OK,ASW,CE,Combined TRACON& Tower with Radar,38,14,16,38,106,0,0,39,0,39,38,14,55,38,145,0,0,0,145
04/21/2020,TUL,OK,ASW,CE,Combined TRACON& Tower with Radar,35,18,25,52,130,0,2,35,10,47,35,20,60,62,177,0,0,0,177
04/22/2020,TUL,OK,ASW,CE,Combined TRACON& Tower with Radar,33,15,4,0,52,0,0,0,0,0,33,15,4,0,52,0,0,0,52
04/23/2020,TUL,OK,ASW,CE,Combined TRACON& Tower with Radar,36,31,24,58,149,0,0,21,5,26,36,31,45,63,175,0,0,0,175
04/24/2020,TUL,OK,ASW,CE,Combined TRACON& Tower with Radar,36,9,13,33,91,0,2,7,0,9,36,11,20,33,100,0,0,0,100
04/25/2020,TUL,OK,ASW,CE,Combined TRACON& Tower with Radar,26,6,13,64,109,0,2,20,2,24,26,8,33,66,133,0,0,0,133
04/26/2020,TUL,OK,ASW,CE,Combined TRACON& Tower with Radar,28,9,17,0,54,0,0,40,1,41,28,9,57,1,95,0,0,0,95
04/27/2020,TUL,OK,ASW,CE,Combined TRACON& Tower with Radar,31,13,19,29,92,0,0,17,4,21,31,13,36,33,113,0,0,0,113
04/28/2020,TUL,OK,ASW,CE,Combined TRACON& Tower with Radar,30,14,10,47,101,0,0,5,0,5,30,14,15,47,106,0,0,0,106
04/29/2020,TUL,OK,ASW,CE,Combined TRACON& Tower with Radar,32,21,23,28,104,0,0,10,5,15,32,21,33,33,119,0,0,0,119
04/30/2020,TUL,OK,ASW,CE,Combined TRACON& Tower with Radar,27,21,16,41,105,0,0,41,11,52,27,21,57,52,157,0,0,0,157
05/01/2020,TUL,OK,ASW,CE,Combined TRACON& Tower with Radar,41,19,18,52,130,0,0,24,5,29,41,19,42,57,159,0,0,0,159
05/02/2020,TUL,OK,ASW,CE,Combined TRACON& Tower with Radar,36,9,9,22,76,0,2,27,0,29,36,11,36,22,105,0,0,0,105
05/03/2020,TUL,OK,ASW,CE,Combined TRACON& Tower with Radar,36,9,22,12,79,0,0,2,0,2,36,9,24,12,81,0,0,0,81
05/04/2020,TUL,OK,ASW,CE,Combined TRACON& Tower with Radar,33,12,19,50,114,0,1,9,0,10,33,13,28,50,124,0,0,0,124
05/05/2020,TUL,OK,ASW,CE,Combined TRACON& Tower with Radar,39,18,22,57,136,0,0,19,6,25,39,18,41,63,161,0,0,0,161
05/06/2020,TUL,OK,ASW,CE,Combined TRACON& Tower with Radar,38,17,32,54,141,0,0,42,9,51,38,17,74,63,192,0,0,0,192
05/07/2020,TUL,OK,ASW,CE,Combined TRACON& Tower with Radar,45,15,15,37,112,0,0,12,0,12,45,15,27,37,124,0,0,0,124
05/08/2020,TUL,OK,ASW,CE,Combined TRACON& Tower with Radar,44,11,15,67,137,0,2,6,6,14,44,13,21,73,151,0,0,0,151
05/09/2020,TUL,OK,ASW,CE,Combined TRACON& Tower with Radar,34,9,35,55,133,0,2,51,6,59,34,11,86,61,192,0,0,0,192
05/10/2020,TUL,OK,ASW,CE,Combined TRACON& Tower with Radar,35,6,6,1,48,0,0,12,0,12,35,6,18,1,60,0,0,0,60
05/11/2020,TUL,OK,ASW,CE,Combined TRACON& Tower with Radar,38,14,24,42,118,0,0,14,1,15,38,14,38,43,133,0,0,0,133
05/12/2020,TUL,OK,ASW,CE,Combined TRACON& Tower with Radar,40,19,24,63,146,0,0,0,0,0,40,19,24,63,146,0,0,0,146
05/13/2020,TUL,OK,ASW,CE,Combined TRACON& Tower with Radar,41,15,30,69,155,0,0,3,3,6,41,15,33,72,161,0,0,0,161
05/14/2020,TUL,OK,ASW,CE,Combined TRACON& Tower with Radar,42,19,33,112,206,0,0,23,3,26,42,19,56,115,232,0,0,0,232
05/15/2020,TUL,OK,ASW,CE,Combined TRACON& Tower with Radar,41,23,8,4,76,0,0,4,0,4,41,23,12,4,80,0,0,0,80
05/16/2020,TUL,OK,ASW,CE,Combined TRACON& Tower with Radar,36,8,10,4,58,0,0,4,0,4,36,8,14,4,62,0,0,0,62
05/17/2020,TUL,OK,ASW,CE,Combined TRACON& Tower with Radar,33,2,20,49,104,0,2,18,8,28,33,4,38,57,132,0,0,0,132
05/18/2020,TUL,OK,ASW,CE,Combined TRACON& Tower with Radar,42,13,32,84,171,0,4,51,13,68,42,17,83,97,239,0,0,0,239
05/19/2020,TUL,OK,ASW,CE,Combined TRACON& Tower with Radar,37,15,33,80,165,0,0,32,12,44,37,15,65,92,209,0,0,0,209
05/20/2020,TUL,OK,ASW,CE,Combined TRACON& Tower with Radar,40,25,43,63,171,0,2,45,4,51,40,27,88,67,222,0,0,0,222
05/21/2020,TUL,OK,ASW,CE,Combined TRACON& Tower with Radar,42,23,29,35,129,0,0,9,1,10,42,23,38,36,139,0,0,0,139
05/22/2020,TUL,OK,ASW,CE,Combined TRACON& Tower with Radar,50,15,29,9,103,0,0,9,3,12,50,15,38,12,115,0,0,0,115
05/23/2020,TUL,OK,ASW,CE,Combined TRACON& Tower with Radar,34,8,21,5,68,0,2,13,0,15,34,10,34,5,83,0,0,0,83
05/24/2020,TUL,OK,ASW,CE,Combined TRACON& Tower with Radar,31,9,9,0,49,0,0,11,1,12,31,9,20,1,61,0,0,0,61
05/25/2020,TUL,OK,ASW,CE,Combined TRACON& Tower with Radar,42,6,16,2,66,0,0,0,1,1,42,6,16,3,67,0,0,0,67
05/26/2020,TUL,OK,ASW,CE,Combined TRACON& Tower with Radar,32,13,17,43,105,0,0,4,1,5,32,13,21,44,110,0,0,0,110
05/27/2020,TUL,OK,ASW,CE,Combined TRACON& Tower with Radar,46,18,14,18,96,0,0,5,1,6,46,18,19,19,102,0,0,0,102
05/28/2020,TUL,OK,ASW,CE,Combined TRACON& Tower with Radar,44,20,31,14,109,0,0,3,2,5,44,20,34,16,114,0,0,0,114
05/29/2020,TUL,OK,ASW,CE,Combined TRACON& Tower with Radar,52,27,21,42,142,0,2,39,1,42,52,29,60,43,184,40,86,126,310
05/30/2020,TUL,OK,ASW,CE,Combined TRACON& Tower with Radar,33,14,24,27,98,0,0,36,6,42,33,14,60,33,140,16,72,88,228
05/31/2020,TUL,OK,ASW,CE,Combined TRACON& Tower with Radar,33,7,35,0,75,0,1,22,1,24,33,8,57,1,99,6,0,6,105
06/01/2020,TUL,OK,ASW,CE,Combined TRACON& Tower with Radar,38,23,39,114,214,0,0,32,5,37,38,23,71,119,251,18,70,88,339
06/02/2020,TUL,OK,ASW,CE,Combined TRACON& Tower with Radar,40,30,28,112,210,0,0,18,2,20,40,30,46,114,230,0,0,0,230
06/03/2020,TUL,OK,ASW,CE,Combined TRACON& Tower with Radar,38,29,25,116,208,0,0,21,4,25,38,29,46,120,233,0,0,0,233
06/04/2020,TUL,OK,ASW,CE,Combined TRACON& Tower with Radar,52,20,55,151,278,0,0,36,2,38,52,20,91,153,316,0,0,0,316
06/05/2020,TUL,OK,ASW,CE,Combined TRACON& Tower with Radar,48,21,31,60,160,0,1,26,10,37,48,22,57,70,197,0,0,0,197
06/06/2020,TUL,OK,ASW,CE,Combined TRACON& Tower with Radar,38,16,22,43,119,0,2,9,7,18,38,18,31,50,137,0,50,50,187
06/07/2020,TUL,OK,ASW,CE,Combined TRACON& Tower with Radar,33,8,19,0,60,0,2,16,0,18,33,10,35,0,78,4,0,4,82
06/08/2020,TUL,OK,ASW,CE,Combined TRACON& Tower with Radar,42,23,27,75,167,0,3,23,4,30,42,26,50,79,197,32,16,48,245
06/09/2020,TUL,OK,ASW,CE,Combined TRACON& Tower with Radar,39,22,31,17,109,0,0,18,2,20,39,22,49,19,129,26,4,30,159
06/10/2020,TUL,OK,ASW,CE,Combined TRACON& Tower with Radar,45,27,39,63,174,0,4,9,4,17,45,31,48,67,191,0,2,2,193
06/11/2020,TUL,OK,ASW,CE,Combined TRACON& Tower with Radar,44,23,51,59,177,0,0,45,2,47,44,23,96,61,224,90,62,152,376
06/12/2020,TUL,OK,ASW,CE,Combined TRACON& Tower with Radar,49,27,35,68,179,0,1,29,13,43,49,28,64,81,222,0,0,0,222
06/13/2020,TUL,OK,ASW,CE,Combined TRACON& Tower with Radar,40,15,23,16,94,0,5,20,3,28,40,20,43,19,122,0,0,0,122
06/14/2020,TUL,OK,ASW,CE,Combined TRACON& Tower with Radar,37,15,17,4,73,0,3,16,0,19,37,18,33,4,92,0,0,0,92
06/15/2020,TUL,OK,ASW,CE,Combined TRACON& Tower with Radar,43,24,45,76,188,0,1,36,1,38,43,25,81,77,226,0,0,0,226
06/16/2020,TUL,OK,ASW,CE,Combined TRACON& Tower with Radar,41,21,30,120,212,0,2,28,10,40,41,23,58,130,252,0,0,0,252
06/17/2020,TUL,OK,ASW,CE,Combined TRACON& Tower with Radar,46,19,57,73,195,0,2,31,10,43,46,21,88,83,238,0,0,0,238
06/18/2020,TUL,OK,ASW,CE,Combined TRACON& Tower with Radar,47,22,35,32,136,0,0,26,6,32,47,22,61,38,168,0,0,0,168
06/19/2020,TUL,OK,ASW,CE,Combined TRACON& Tower with Radar,48,25,32,4,109,0,0,7,1,8,48,25,39,5,117,0,0,0,117
06/20/2020,TUL,OK,ASW,CE,Combined TRACON& Tower with Radar,38,22,19,8,87,0,0,6,0,6,38,22,25,8,93,0,0,0,93
06/21/2020,TUL,OK,ASW,CE,Combined TRACON& Tower with Radar,40,14,17,4,75,0,0,14,0,14,40,14,31,4,89,0,0,0,89
06/22/2020,TUL,OK,ASW,CE,Combined TRACON& Tower with Radar,47,21,24,80,172,0,2,17,1,20,47,23,41,81,192,0,0,0,192
06/23/2020,TUL,OK,ASW,CE,Combined TRACON& Tower with Radar,46,25,39,146,256,0,2,21,22,45,46,27,60,168,301,0,0,0,301
06/24/2020,TUL,OK,ASW,CE,Combined TRACON& Tower with Radar,44,20,26,72,162,0,0,31,6,37,44,20,57,78,199,8,82,90,289
06/25/2020,TUL,OK,ASW,CE,Combined TRACON& Tower with Radar,49,34,40,94,217,0,0,23,5,28,49,34,63,99,245,0,0,0,245
06/26/2020,TUL,OK,ASW,CE,Combined TRACON& Tower with Radar,55,24,40,91,210,0,0,19,3,22,55,24,59,94,232,0,14,14,246
06/27/2020,TUL,OK,ASW,CE,Combined TRACON& Tower with Radar,38,13,20,14,85,0,0,3,0,3,38,13,23,14,88,0,0,0,88
06/28/2020,TUL,OK,ASW,CE,Combined TRACON& Tower with Radar,44,12,33,20,109,0,3,10,0,13,44,15,43,20,122,24,6,30,152
06/29/2020,TUL,OK,ASW,CE,Combined TRACON& Tower with Radar,49,26,45,37,157,0,0,12,2,14,49,26,57,39,171,22,32,54,225
06/30/2020,TUL,OK,ASW,CE,Combined TRACON& Tower with Radar,49,26,30,59,164,0,0,9,4,13,49,26,39,63,177,36,48,84,261
07/01/2020,TUL,OK,ASW,CE,Combined TRACON& Tower with Radar,46,32,41,46,165,0,0,28,10,38,46,32,69,56,203,16,54,70,273
07/02/2020,TUL,OK,ASW,CE,Combined TRACON& Tower with Radar,54,30,30,9,123,0,0,18,2,20,54,30,48,11,143,0,0,0,143
07/03/2020,TUL,OK,ASW,CE,Combined TRACON& Tower with Radar,61,27,27,1,116,0,2,20,0,22,61,29,47,1,138,0,0,0,138
07/04/2020,TUL,OK,ASW,CE,Combined TRACON& Tower with Radar,31,9,9,1,50,0,0,12,2,14,31,9,21,3,64,0,0,0,64
07/05/2020,TUL,OK,ASW,CE,Combined TRACON& Tower with Radar,50,27,26,0,103,0,0,6,1,7,50,27,32,1,110,0,0,0,110
07/06/2020,TUL,OK,ASW,CE,Combined TRACON& Tower with Radar,57,29,26,10,122,0,4,9,0,13,57,33,35,10,135,4,2,6,141
07/07/2020,TUL,OK,ASW,CE,Combined TRACON& Tower with Radar,61,20,27,54,162,0,1,33,27,61,61,21,60,81,223,0,0,0,223
07/08/2020,TUL,OK,ASW,CE,Combined TRACON& Tower with Radar,59,27,45,50,181,0,0,25,3,28,59,27,70,53,209,0,0,0,209
07/09/2020,TUL,OK,ASW,CE,Combined TRACON& Tower with Radar,73,26,41,31,171,0,0,12,1,13,73,26,53,32,184,0,0,0,184
07/10/2020,TUL,OK,ASW,CE,Combined TRACON& Tower with Radar,73,22,34,13,142,0,2,23,4,29,73,24,57,17,171,4,40,44,215
07/11/2020,TUL,OK,ASW,CE,Combined TRACON& Tower with Radar,55,16,13,4,88,0,0,16,3,19,55,16,29,7,107,0,0,0,107
07/12/2020,TUL,OK,ASW,CE,Combined TRACON& Tower with Radar,67,10,36,8,121,0,4,16,0,20,67,14,52,8,141,0,0,0,141
07/13/2020,TUL,OK,ASW,CE,Combined TRACON& Tower with Radar,75,20,25,78,198,0,4,19,2,25,75,24,44,80,223,0,0,0,223
07/14/2020,TUL,OK,ASW,CE,Combined TRACON& Tower with Radar,65,18,53,91,227,0,1,24,6,31,65,19,77,97,258,6,0,6,264
07/15/2020,TUL,OK,ASW,CE,Combined TRACON& Tower with Radar,61,34,33,100,228,0,2,24,10,36,61,36,57,110,264,0,0,0,264
07/16/2020,TUL,OK,ASW,CE,Combined TRACON& Tower with Radar,78,25,34,42,179,0,2,18,11,31,78,27,52,53,210,4,14,18,228
07/17/2020,TUL,OK,ASW,CE,Combined TRACON& Tower with Radar,79,34,53,57,223,0,2,28,3,33,79,36,81,60,256,44,40,84,340
07/18/2020,TUL,OK,ASW,CE,Combined TRACON& Tower with Radar,69,13,17,26,125,0,1,13,1,15,69,14,30,27,140,0,14,14,154
07/19/2020,TUL,OK,ASW,CE,Combined TRACON& Tower with Radar,62,17,34,0,113,0,2,18,0,20,62,19,52,0,133,6,0,6,139
07/20/2020,TUL,OK,ASW,CE,Combined TRACON& Tower with Radar,70,24,23,76,193,0,4,22,8,34,70,28,45,84,227,0,0,0,227
07/21/2020,TUL,OK,ASW,CE,Combined TRACON& Tower with Radar,64,27,37,12,140,0,0,16,2,18,64,27,53,14,158,0,0,0,158
07/22/2020,TUL,OK,ASW,CE,Combined TRACON& Tower with Radar,59,23,38,49,169,0,0,20,2,22,59,23,58,51,191,0,0,0,191
07/23/2020,TUL,OK,ASW,CE,Combined TRACON& Tower with Radar,75,26,36,55,192,0,2,17,2,21,75,28,53,57,213,0,0,0,213
07/24/2020,TUL,OK,ASW,CE,Combined TRACON& Tower with Radar,74,20,28,34,156,0,2,32,5,39,74,22,60,39,195,0,0,0,195
07/25/2020,TUL,OK,ASW,CE,Combined TRACON& Tower with Radar,60,19,46,8,133,0,0,22,0,22,60,19,68,8,155,0,0,0,155
07/26/2020,TUL,OK,ASW,CE,Combined TRACON& Tower with Radar,60,18,35,0,113,0,0,16,0,16,60,18,51,0,129,0,0,0,129
07/27/2020,TUL,OK,ASW,CE,Combined TRACON& Tower with Radar,66,18,27,18,129,0,0,12,0,12,66,18,39,18,141,0,0,0,141
07/28/2020,TUL,OK,ASW,CE,Combined TRACON& Tower with Radar,61,22,25,21,129,0,0,5,7,12,61,22,30,28,141,0,0,0,141
07/29/2020,TUL,OK,ASW,CE,Combined TRACON& Tower with Radar,60,24,28,16,128,0,0,6,2,8,60,24,34,18,136,0,0,0,136
07/30/2020,TUL,OK,ASW,CE,Combined TRACON& Tower with Radar,69,37,33,18,157,0,2,31,5,38,69,39,64,23,195,0,0,0,195
07/31/2020,TUL,OK,ASW,CE,Combined TRACON& Tower with Radar,74,29,27,18,148,0,2,6,1,9,74,31,33,19,157,0,0,0,157
08/01/2020,TUL,OK,ASW,CE,Combined TRACON& Tower with Radar,62,19,13,19,113,0,0,33,1,34,62,19,46,20,147,0,0,0,147
08/02/2020,TUL,OK,ASW,CE,Combined TRACON& Tower with Radar,62,12,16,1,91,0,0,18,0,18,62,12,34,1,109,0,0,0,109
08/03/2020,TUL,OK,ASW,CE,Combined TRACON& Tower with Radar,74,29,28,93,224,0,0,23,9,32,74,29,51,102,256,0,0,0,256
08/04/2020,TUL,OK,ASW,CE,Combined TRACON& Tower with Radar,69,34,41,79,223,0,0,27,0,27,69,34,68,79,250,0,0,0,250
08/05/2020,TUL,OK,ASW,CE,Combined TRACON& Tower with Radar,65,21,33,48,167,0,0,19,1,20,65,21,52,49,187,0,0,0,187
08/06/2020,TUL,OK,ASW,CE,Combined TRACON& Tower with Radar,83,22,42,37,184,0,2,12,0,14,83,24,54,37,198,24,18,42,240
08/07/2020,TUL,OK,ASW,CE,Combined TRACON& Tower with Radar,82,30,27,20,159,0,3,18,2,23,82,33,45,22,182,0,0,0,182
08/08/2020,TUL,OK,ASW,CE,Combined TRACON& Tower with Radar,70,23,13,39,145,0,1,21,3,25,70,24,34,42,170,0,0,0,170
08/09/2020,TUL,OK,ASW,CE,Combined TRACON& Tower with Radar,68,13,23,0,104,0,0,18,0,18,68,13,41,0,122,0,0,0,122
08/10/2020,TUL,OK,ASW,CE,Combined TRACON& Tower with Radar,76,20,42,73,211,0,0,32,6,38,76,20,74,79,249,0,0,0,249
08/11/2020,TUL,OK,ASW,CE,Combined TRACON& Tower with Radar,76,29,43,12,160,0,0,12,3,15,76,29,55,15,175,0,0,0,175
08/12/2020,TUL,OK,ASW,CE,Combined TRACON& Tower with Radar,72,38,32,40,182,0,1,17,1,19,72,39,49,41,201,0,0,0,201
08/13/2020,TUL,OK,ASW,CE,Combined TRACON& Tower with Radar,88,36,59,29,212,0,3,33,3,39,88,39,92,32,251,0,0,0,251
08/14/2020,TUL,OK,ASW,CE,Combined TRACON& Tower with Radar,86,27,26,15,154,0,0,28,4,32,86,27,54,19,186,0,0,0,186
08/15/2020,TUL,OK,ASW,CE,Combined TRACON& Tower with Radar,69,26,11,32,138,0,0,18,0,18,69,26,29,32,156,0,0,0,156
08/16/2020,TUL,OK,ASW,CE,Combined TRACON& Tower with Radar,89,19,31,2,141,0,0,26,4,30,89,19,57,6,171,0,0,0,171
08/17/2020,TUL,OK,ASW,CE,Combined TRACON& Tower with Radar,92,32,19,33,176,0,4,35,0,39,92,36,54,33,215,0,0,0,215
08/18/2020,TUL,OK,ASW,CE,Combined TRACON& Tower with Radar,80,34,42,50,206,0,3,40,4,47,80,37,82,54,253,0,0,0,253
08/19/2020,TUL,OK,ASW,CE,Combined TRACON& Tower with Radar,72,30,45,26,173,0,1,30,7,38,72,31,75,33,211,0,0,0,211
08/20/2020,TUL,OK,ASW,CE,Combined TRACON& Tower with Radar,86,34,52,33,205,0,2,49,7,58,86,36,101,40,263,0,0,0,263
08/21/2020,TUL,OK,ASW,CE,Combined TRACON& Tower with Radar,92,32,29,39,192,0,0,44,3,47,92,32,73,42,239,0,0,0,239
08/22/2020,TUL,OK,ASW,CE,Combined TRACON& Tower with Radar,66,21,28,18,133,0,0,30,12,42,66,21,58,30,175,0,0,0,175
08/23/2020,TUL,OK,ASW,CE,Combined TRACON& Tower with Radar,72,29,27,2,130,0,5,18,1,24,72,34,45,3,154,0,0,0,154
08/24/2020,TUL,OK,ASW,CE,Combined TRACON& Tower with Radar,86,28,22,82,218,0,0,17,0,17,86,28,39,82,235,0,0,0,235
08/25/2020,TUL,OK,ASW,CE,Combined TRACON& Tower with Radar,77,31,39,63,210,0,2,17,7,26,77,33,56,70,236,0,0,0,236
08/26/2020,TUL,OK,ASW,CE,Combined TRACON& Tower with Radar,64,29,33,22,148,0,3,26,7,36,64,32,59,29,184,10,32,42,226
08/27/2020,TUL,OK,ASW,CE,Combined TRACON& Tower with Radar,77,30,32,17,156,0,0,21,4,25,77,30,53,21,181,12,10,22,203
08/28/2020,TUL,OK,ASW,CE,Combined TRACON& Tower with Radar,87,26,32,13,158,0,2,34,3,39,87,28,66,16,197,14,0,14,211
08/29/2020,TUL,OK,ASW,CE,Combined TRACON& Tower with Radar,65,20,15,2,102,0,2,18,2,22,65,22,33,4,124,0,0,0,124
08/30/2020,TUL,OK,ASW,CE,Combined TRACON& Tower with Radar,68,16,20,2,106,0,0,6,1,7,68,16,26,3,113,0,0,0,113
08/31/2020,TUL,OK,ASW,CE,Combined TRACON& Tower with Radar,85,19,22,12,138,0,0,13,0,13,85,19,35,12,151,0,0,0,151
09/01/2020,TUL,OK,ASW,CE,Combined TRACON& Tower with Radar,78,27,42,39,186,0,0,2,5,7,78,27,44,44,193,0,0,0,193
09/02/2020,TUL,OK,ASW,CE,Combined TRACON& Tower with Radar,72,29,34,52,187,0,0,10,2,12,72,29,44,54,199,0,0,0,199
09/03/2020,TUL,OK,ASW,CE,Combined TRACON& Tower with Radar,83,42,59,11,195,0,4,31,3,38,83,46,90,14,233,0,0,0,233
09/04/2020,TUL,OK,ASW,CE,Combined TRACON& Tower with Radar,91,34,35,0,160,0,2,24,4,30,91,36,59,4,190,0,0,0,190
09/05/2020,TUL,OK,ASW,CE,Combined TRACON& Tower with Radar,73,21,28,0,122,0,0,23,0,23,73,21,51,0,145,0,0,0,145
09/06/2020,TUL,OK,ASW,CE,Combined TRACON& Tower with Radar,50,8,14,0,72,0,0,16,1,17,50,8,30,1,89,0,0,0,89
09/07/2020,TUL,OK,ASW,CE,Combined TRACON& Tower with Radar,60,25,24,0,109,0,0,26,1,27,60,25,50,1,136,0,0,0,136
09/08/2020,TUL,OK,ASW,CE,Combined TRACON& Tower with Radar,48,35,44,71,198,0,0,19,8,27,48,35,63,79,225,0,0,0,225
09/09/2020,TUL,OK,ASW,CE,Combined TRACON& Tower with Radar,67,37,26,58,188,0,0,1,0,1,67,37,27,58,189,0,0,0,189
09/10/2020,TUL,OK,ASW,CE,Combined TRACON& Tower with Radar,67,38,47,8,160,0,0,1,1,2,67,38,48,9,162,0,0,0,162
09/11/2020,TUL,OK,ASW,CE,Combined TRACON& Tower with Radar,83,32,44,17,176,0,0,0,0,0,83,32,44,17,176,0,0,0,176
09/12/2020,TUL,OK,ASW,CE,Combined TRACON& Tower with Radar,56,25,26,18,125,0,5,17,8,30,56,30,43,26,155,0,0,0,155
09/13/2020,TUL,OK,ASW,CE,Combined TRACON& Tower with Radar,64,16,16,10,106,0,3,14,2,19,64,19,30,12,125,0,0,0,125
09/14/2020,TUL,OK,ASW,CE,Combined TRACON& Tower with Radar,63,25,43,40,171,0,5,36,4,45,63,30,79,44,216,0,0,0,216
09/15/2020,TUL,OK,ASW,CE,Combined TRACON& Tower with Radar,58,41,48,69,216,0,4,34,2,40,58,45,82,71,256,0,0,0,256
09/16/2020,TUL,OK,ASW,CE,Combined TRACON& Tower with Radar,65,35,40,22,162,0,6,22,3,31,65,41,62,25,193,0,0,0,193
09/17/2020,TUL,OK,ASW,CE,Combined TRACON& Tower with Radar,66,38,42,27,173,0,2,30,2,34,66,40,72,29,207,0,0,0,207
09/18/2020,TUL,OK,ASW,CE,Combined TRACON& Tower with Radar,75,34,27,2,138,0,0,24,3,27,75,34,51,5,165,0,0,0,165
09/19/2020,TUL,OK,ASW,CE,Combined TRACON& Tower with Radar,60,12,25,27,124,0,4,31,0,35,60,16,56,27,159,0,0,0,159
09/20/2020,TUL,OK,ASW,CE,Combined TRACON& Tower with Radar,62,12,35,2,111,0,1,23,0,24,62,13,58,2,135,0,0,0,135
09/21/2020,TUL,OK,ASW,CE,Combined TRACON& Tower with Radar,64,30,48,89,231,0,2,42,2,46,64,32,90,91,277,0,0,0,277
09/22/2020,TUL,OK,ASW,CE,Combined TRACON& Tower with Radar,58,36,28,10,132,0,0,0,0,0,58,36,28,10,132,0,0,0,132
09/23/2020,TUL,OK,ASW,CE,Combined TRACON& Tower with Radar,67,43,47,76,233,0,1,13,4,18,67,44,60,80,251,0,0,0,251
09/24/2020,TUL,OK,ASW,CE,Combined TRACON& Tower with Radar,66,37,59,63,225,0,4,25,3,32,66,41,84,66,257,0,0,0,257
09/25/2020,TUL,OK,ASW,CE,Combined TRACON& Tower with Radar,76,38,64,34,212,0,8,41,2,51,76,46,105,36,263,0,0,0,263
09/26/2020,TUL,OK,ASW,CE,Combined TRACON& Tower with Radar,58,21,50,32,161,0,0,28,0,28,58,21,78,32,189,0,0,0,189
09/27/2020,TUL,OK,ASW,CE,Combined TRACON& Tower with Radar,62,20,69,1,152,0,5,3,0,8,62,25,72,1,160,0,0,0,160
09/28/2020,TUL,OK,ASW,CE,Combined TRACON& Tower with Radar,62,34,54,71,221,0,1,24,11,36,62,35,78,82,257,0,0,0,257
09/29/2020,TUL,OK,ASW,CE,Combined TRACON& Tower with Radar,64,38,41,41,184,0,4,26,10,40,64,42,67,51,224,0,0,0,224
09/30/2020,TUL,OK,ASW,CE,Combined TRACON& Tower with Radar,74,34,50,49,207,0,0,47,5,52,74,34,97,54,259,0,0,0,259
10/01/2020,TUL,OK,ASW,CE,Combined TRACON& Tower with Radar,68,46,44,30,188,0,4,34,0,38,68,50,78,30,226,0,0,0,226
10/02/2020,TUL,OK,ASW,CE,Combined TRACON& Tower with Radar,73,32,57,90,252,0,4,57,31,92,73,36,114,121,344,0,0,0,344
10/03/2020,TUL,OK,ASW,CE,Combined TRACON& Tower with Radar,54,18,32,4,108,0,0,20,2,22,54,18,52,6,130,0,0,0,130
10/04/2020,TUL,OK,ASW,CE,Combined TRACON& Tower with Radar,58,27,42,0,127,0,2,22,3,27,58,29,64,3,154,0,0,0,154
10/05/2020,TUL,OK,ASW,CE,Combined TRACON& Tower with Radar,63,22,37,35,157,0,3,28,7,38,63,25,65,42,195,0,0,0,195
10/06/2020,TUL,OK,ASW,CE,Combined TRACON& Tower with Radar,56,31,46,33,166,0,2,16,9,27,56,33,62,42,193,0,0,0,193
10/07/2020,TUL,OK,ASW,CE,Combined TRACON& Tower with Radar,59,27,30,32,148,0,2,16,0,18,59,29,46,32,166,0,0,0,166
10/08/2020,TUL,OK,ASW,CE,Combined TRACON& Tower with Radar,68,38,47,57,210,0,0,25,2,27,68,38,72,59,237,12,90,102,339
10/09/2020,TUL,OK,ASW,CE,Combined TRACON& Tower with Radar,75,33,46,44,198,0,5,19,0,24,75,38,65,44,222,0,0,0,222
10/10/2020,TUL,OK,ASW,CE,Combined TRACON& Tower with Radar,51,20,34,36,141,0,1,35,0,36,51,21,69,36,177,28,62,90,267
10/11/2020,TUL,OK,ASW,CE,Combined TRACON& Tower with Radar,57,25,32,1,115,0,0,20,1,21,57,25,52,2,136,0,0,0,136
10/12/2020,TUL,OK,ASW,CE,Combined TRACON& Tower with Radar,63,31,41,0,135,0,3,24,0,27,63,34,65,0,162,0,0,0,162
10/13/2020,TUL,OK,ASW,CE,Combined TRACON& Tower with Radar,58,34,67,87,246,0,3,46,4,53,58,37,113,91,299,6,112,118,417
10/14/2020,TUL,OK,ASW,CE,Combined TRACON& Tower with Radar,62,24,41,41,168,0,1,27,8,36,62,25,68,49,204,0,48,48,252
10/15/2020,TUL,OK,ASW,CE,Combined TRACON& Tower with Radar,67,52,59,36,214,0,3,10,7,20,67,55,69,43,234,0,0,0,234
10/16/2020,TUL,OK,ASW,CE,Combined TRACON& Tower with Radar,73,27,54,22,176,0,6,44,0,50,73,33,98,22,226,34,4,38,264
10/17/2020,TUL,OK,ASW,CE,Combined TRACON& Tower with Radar,53,19,20,0,92,0,1,6,0,7,53,20,26,0,99,0,0,0,99
10/18/2020,TUL,OK,ASW,CE,Combined TRACON& Tower with Radar,70,21,33,0,124,0,0,2,0,2,70,21,35,0,126,0,0,0,126
10/19/2020,TUL,OK,ASW,CE,Combined TRACON& Tower with Radar,65,31,28,22,146,0,0,0,0,0,65,31,28,22,146,0,0,0,146
10/20/2020,TUL,OK,ASW,CE,Combined TRACON& Tower with Radar,63,31,57,24,175,0,1,1,1,3,63,32,58,25,178,0,0,0,178
10/21/2020,TUL,OK,ASW,CE,Combined TRACON& Tower with Radar,58,28,49,44,179,0,6,25,6,37,58,34,74,50,216,0,0,0,216
10/22/2020,TUL,OK,ASW,CE,Combined TRACON& Tower with Radar,70,35,66,47,218,0,0,24,7,31,70,35,90,54,249,20,74,94,343
10/23/2020,TUL,OK,ASW,CE,Combined TRACON& Tower with Radar,75,32,41,20,168,0,0,2,2,4,75,32,43,22,172,0,0,0,172
10/24/2020,TUL,OK,ASW,CE,Combined TRACON& Tower with Radar,62,12,32,8,114,0,4,42,0,46,62,16,74,8,160,30,0,30,190
10/25/2020,TUL,OK,ASW,CE,Combined TRACON& Tower with Radar,62,27,38,0,127,0,2,4,0,6,62,29,42,0,133,0,0,0,133
10/26/2020,TUL,OK,ASW,CE,Combined TRACON& Tower with Radar,64,17,19,1,101,0,0,0,0,0,64,17,19,1,101,0,0,0,101
10/27/2020,TUL,OK,ASW,CE,Combined TRACON& Tower with Radar,59,19,24,0,102,0,0,0,0,0,59,19,24,0,102,0,0,0,102
10/28/2020,TUL,OK,ASW,CE,Combined TRACON& Tower with Radar,59,23,23,0,105,0,0,0,0,0,59,23,23,0,105,0,0,0,105
10/29/2020,TUL,OK,ASW,CE,Combined TRACON& Tower with Radar,70,36,47,24,177,0,5,13,2,20,70,41,60,26,197,20,0,20,217
10/30/2020,TUL,OK,ASW,CE,Combined TRACON& Tower with Radar,87,36,53,47,223,0,2,49,6,57,87,38,102,53,280,0,0,0,280
10/31/2020,TUL,OK,ASW,CE,Combined TRACON& Tower with Radar,48,26,27,17,118,0,1,39,1,41,48,27,66,18,159,0,0,0,159
11/01/2020,TUL,OK,ASW,CE,Combined TRACON& Tower with Radar,53,42,29,8,132,0,7,30,0,37,53,49,59,8,169,8,0,8,177
11/02/2020,TUL,OK,ASW,CE,Combined TRACON& Tower with Radar,69,27,28,38,162,0,2,35,6,43,69,29,63,44,205,4,30,34,239
11/03/2020,TUL,OK,ASW,CE,Combined TRACON& Tower with Radar,64,28,38,72,202,0,1,43,5,49,64,29,81,77,251,26,16,42,293
11/04/2020,TUL,OK,ASW,CE,Combined TRACON& Tower with Radar,57,40,33,29,159,0,9,27,8,44,57,49,60,37,203,14,50,64,267
11/05/2020,TUL,OK,ASW,CE,Combined TRACON& Tower with Radar,74,43,75,52,244,0,3,33,15,51,74,46,108,67,295,34,46,80,375
11/06/2020,TUL,OK,ASW,CE,Combined TRACON& Tower with Radar,77,29,67,27,200,0,2,37,6,45,77,31,104,33,245,0,30,30,275
11/07/2020,TUL,OK,ASW,CE,Combined TRACON& Tower with Radar,52,26,63,27,168,0,2,58,3,63,52,28,121,30,231,28,6,34,265
11/08/2020,TUL,OK,ASW,CE,Combined TRACON& Tower with Radar,60,25,39,32,156,0,0,1,0,1,60,25,40,32,157,10,10,20,177
11/09/2020,TUL,OK,ASW,CE,Combined TRACON& Tower with Radar,68,27,34,89,218,0,1,12,1,14,68,28,46,90,232,20,78,98,330
11/10/2020,TUL,OK,ASW,CE,Combined TRACON& Tower with Radar,61,35,41,19,156,0,2,4,1,7,61,37,45,20,163,0,6,6,169
11/11/2020,TUL,OK,ASW,CE,Combined TRACON& Tower with Radar,55,36,46,0,137,1,2,40,0,43,56,38,86,0,180,2,0,2,182
11/12/2020,TUL,OK,ASW,CE,Combined TRACON& Tower with Radar,73,42,47,80,242,0,5,36,0,41,73,47,83,80,283,14,22,36,319
11/13/2020,TUL,OK,ASW,CE,Combined TRACON& Tower with Radar,80,35,39,22,176,0,0,20,6,26,80,35,59,28,202,6,0,6,208
11/14/2020,TUL,OK,ASW,CE,Combined TRACON& Tower with Radar,54,31,25,2,112,0,0,4,0,4,54,31,29,2,116,0,0,0,116
11/15/2020,TUL,OK,ASW,CE,Combined TRACON& Tower with Radar,62,25,26,5,118,0,3,33,2,38,62,28,59,7,156,20,0,20,176
11/16/2020,TUL,OK,ASW,CE,Combined TRACON& Tower with Radar,69,29,36,38,172,0,2,27,4,33,69,31,63,42,205,0,36,36,241
11/17/2020,TUL,OK,ASW,CE,Combined TRACON& Tower with Radar,58,38,47,49,192,0,0,32,5,37,58,38,79,54,229,2,4,6,235
11/18/2020,TUL,OK,ASW,CE,Combined TRACON& Tower with Radar,59,39,38,51,187,0,0,18,6,24,59,39,56,57,211,10,12,22,233
11/19/2020,TUL,OK,ASW,CE,Combined TRACON& Tower with Radar,75,48,44,64,231,0,2,23,1,26,75,50,67,65,257,4,20,24,281
11/20/2020,TUL,OK,ASW,CE,Combined TRACON& Tower with Radar,79,36,54,39,208,0,1,34,6,41,79,37,88,45,249,0,6,6,255
11/21/2020,TUL,OK,ASW,CE,Combined TRACON& Tower with Radar,61,26,22,4,113,0,0,0,0,0,61,26,22,4,113,0,0,0,113
11/22/2020,TUL,OK,ASW,CE,Combined TRACON& Tower with Radar,74,21,19,16,130,0,0,3,0,3,74,21,22,16,133,20,0,20,153
11/23/2020,TUL,OK,ASW,CE,Combined TRACON& Tower with Radar,65,40,42,57,204,0,0,25,5,30,65,40,67,62,234,4,18,22,256
11/24/2020,TUL,OK,ASW,CE,Combined TRACON& Tower with Radar,77,18,31,0,126,0,0,0,0,0,77,18,31,0,126,0,0,0,126
11/25/2020,TUL,OK,ASW,CE,Combined TRACON& Tower with Radar,84,22,25,2,133,0,0,20,0,20,84,22,45,2,153,6,0,6,159
11/26/2020,TUL,OK,ASW,CE,Combined TRACON& Tower with Radar,30,14,6,0,50,0,0,8,0,8,30,14,14,0,58,4,0,4,62
11/27/2020,TUL,OK,ASW,CE,Combined TRACON& Tower with Radar,67,22,18,2,109,0,1,19,0,20,67,23,37,2,129,16,0,16,145
11/28/2020,TUL,OK,ASW,CE,Combined TRACON& Tower with Radar,75,29,24,0,128,0,0,21,0,21,75,29,45,0,149,16,0,16,165
11/29/2020,TUL,OK,ASW,CE,Combined TRACON& Tower with Radar,68,37,30,0,135,0,1,6,0,7,68,38,36,0,142,0,0,0,142
11/30/2020,TUL,OK,ASW,CE,Combined TRACON& Tower with Radar,67,25,25,60,177,0,1,29,0,30,67,26,54,60,207,0,14,14,221
12/01/2020,TUL,OK,ASW,CE,Combined TRACON& Tower with Radar,84,30,36,36,186,0,0,41,12,53,84,30,77,48,239,66,8,74,313
12/02/2020,TUL,OK,ASW,CE,Combined TRACON& Tower with Radar,61,33,29,10,133,0,0,4,3,7,61,33,33,13,140,0,0,0,140
12/03/2020,TUL,OK,ASW,CE,Combined TRACON& Tower with Radar,65,31,21,0,117,0,0,0,1,1,65,31,21,1,118,0,8,8,126
12/04/2020,TUL,OK,ASW,CE,Combined TRACON& Tower with Radar,76,30,40,24,170,0,3,35,10,48,76,33,75,34,218,30,10,40,258
12/05/2020,TUL,OK,ASW,CE,Combined TRACON& Tower with Radar,50,15,28,13,106,0,4,47,0,51,50,19,75,13,157,12,0,12,169
12/06/2020,TUL,OK,ASW,CE,Combined TRACON& Tower with Radar,57,19,24,0,100,0,2,31,0,33,57,21,55,0,133,2,0,2,135
12/07/2020,TUL,OK,ASW,CE,Combined TRACON& Tower with Radar,61,30,31,52,174,0,3,33,8,44,61,33,64,60,218,6,0,6,224
12/08/2020,TUL,OK,ASW,CE,Combined TRACON& Tower with Radar,65,37,52,49,203,0,2,27,2,31,65,39,79,51,234,34,2,36,270
12/09/2020,TUL,OK,ASW,CE,Combined TRACON& Tower with Radar,55,36,46,29,166,0,0,37,8,45,55,36,83,37,211,14,52,66,277
12/10/2020,TUL,OK,ASW,CE,Combined TRACON& Tower with Radar,63,36,59,52,210,0,2,46,7,55,63,38,105,59,265,6,32,38,303
12/11/2020,TUL,OK,ASW,CE,Combined TRACON& Tower with Radar,70,22,37,9,138,0,0,4,3,7,70,22,41,12,145,0,36,36,181
12/12/2020,TUL,OK,ASW,CE,Combined TRACON& Tower with Radar,49,22,14,0,85,0,2,4,0,6,49,24,18,0,91,0,0,0,91
12/13/2020,TUL,OK,ASW,CE,Combined TRACON& Tower with Radar,43,13,9,0,65,0,0,0,0,0,43,13,9,0,65,0,0,0,65
12/14/2020,TUL,OK,ASW,CE,Combined TRACON& Tower with Radar,66,34,40,11,151,0,1,16,2,19,66,35,56,13,170,4,6,10,180
12/15/2020,TUL,OK,ASW,CE,Combined TRACON& Tower with Radar,67,24,35,0,126,0,0,5,2,7,67,24,40,2,133,0,14,14,147
12/16/2020,TUL,OK,ASW,CE,Combined TRACON& Tower with Radar,58,34,31,6,129,0,0,6,1,7,58,34,37,7,136,0,0,0,136
12/17/2020,TUL,OK,ASW,CE,Combined TRACON& Tower with Radar,75,37,52,22,186,0,2,36,0,38,75,39,88,22,224,10,0,10,234
12/18/2020,TUL,OK,ASW,CE,Combined TRACON& Tower with Radar,87,36,24,19,166,0,0,14,2,16,87,36,38,21,182,0,30,30,212
12/19/2020,TUL,OK,ASW,CE,Combined TRACON& Tower with Radar,74,37,36,6,153,0,0,30,2,32,74,37,66,8,185,0,4,4,189
12/20/2020,TUL,OK,ASW,CE,Combined TRACON& Tower with Radar,73,22,34,14,143,0,0,23,0,23,73,22,57,14,166,6,6,12,178
12/21/2020,TUL,OK,ASW,CE,Combined TRACON& Tower with Radar,76,36,33,22,167,0,2,28,3,33,76,38,61,25,200,16,2,18,218
12/22/2020,TUL,OK,ASW,CE,Combined TRACON& Tower with Radar,86,40,39,44,209,0,0,23,7,30,86,40,62,51,239,0,16,16,255
12/23/2020,TUL,OK,ASW,CE,Combined TRACON& Tower with Radar,82,27,15,3,127,0,0,9,1,10,82,27,24,4,137,0,6,6,143
12/24/2020,TUL,OK,ASW,CE,Combined TRACON& Tower with Radar,55,22,6,0,83,0,2,3,1,6,55,24,9,1,89,0,0,0,89
12/25/2020,TUL,OK,ASW,CE,Combined TRACON& Tower with Radar,32,14,5,0,51,0,1,8,0,9,32,15,13,0,60,0,0,0,60
12/26/2020,TUL,OK,ASW,CE,Combined TRACON& Tower with Radar,70,30,36,0,136,0,5,19,0,24,70,35,55,0,160,12,0,12,172
12/27/2020,TUL,OK,ASW,CE,Combined TRACON& Tower with Radar,68,27,35,0,130,0,2,17,0,19,68,29,52,0,149,0,0,0,149
12/28/2020,TUL,OK,ASW,CE,Combined TRACON& Tower with Radar,65,33,26,3,127,0,2,20,0,22,65,35,46,3,149,2,0,2,151
12/29/2020,TUL,OK,ASW,CE,Combined TRACON& Tower with Radar,74,27,43,16,160,0,0,1,0,1,74,27,44,16,161,0,6,6,167
12/30/2020,TUL,OK,ASW,CE,Combined TRACON& Tower with Radar,87,34,27,1,149,0,0,3,0,3,87,34,30,1,152,0,0,0,152
12/31/2020,TUL,OK,ASW,CE,Combined TRACON& Tower with Radar,53,29,21,0,103,0,0,9,0,9,53,29,30,0,112,4,0,4,116
01/01/2021,TUL,OK,ASW,CE,Combined TRACON& Tower with Radar,39,23,9,0,71,0,0,2,0,2,39,23,11,0,73,0,0,0,73
01/02/2021,TUL,OK,ASW,CE,Combined TRACON& Tower with Radar,73,30,29,1,133,0,2,1,0,3,73,32,30,1,136,0,0,0,136
01/03/2021,TUL,OK,ASW,CE,Combined TRACON& Tower with Radar,66,31,42,4,143,0,2,26,0,28,66,33,68,4,171,56,0,56,227
01/04/2021,TUL,OK,ASW,CE,Combined TRACON& Tower with Radar,64,30,40,3,137,0,0,35,0,35,64,30,75,3,172,12,8,20,192
01/05/2021,TUL,OK,ASW,CE,Combined TRACON& Tower with Radar,68,28,57,40,193,0,1,38,0,39,68,29,95,40,232,46,18,64,296
01/06/2021,TUL,OK,ASW,CE,Combined TRACON& Tower with Radar,64,28,20,7,119,0,0,1,0,1,64,28,21,7,120,0,0,0,120
01/07/2021,TUL,OK,ASW,CE,Combined TRACON& Tower with Radar,65,39,18,30,152,0,0,2,8,10,65,39,20,38,162,0,40,40,202
01/08/2021,TUL,OK,ASW,CE,Combined TRACON& Tower with Radar,68,34,48,69,219,0,0,16,3,19,68,34,64,72,238,0,54,54,292
01/09/2021,TUL,OK,ASW,CE,Combined TRACON& Tower with Radar,45,27,35,43,150,0,8,28,2,38,45,35,63,45,188,2,0,2,190
01/10/2021,TUL,OK,ASW,CE,Combined TRACON& Tower with Radar,35,19,32,8,94,0,0,8,0,8,35,19,40,8,102,0,0,0,102
01/11/2021,TUL,OK,ASW,CE,Combined TRACON& Tower with Radar,61,26,21,43,151,0,0,29,7,36,61,26,50,50,187,10,16,26,213
01/12/2021,TUL,OK,ASW,CE,Combined TRACON& Tower with Radar,57,34,62,53,206,0,0,51,6,57,57,34,113,59,263,36,26,62,325
01/13/2021,TUL,OK,ASW,CE,Combined TRACON& Tower with Radar,54,36,41,56,187,0,3,27,4,34,54,39,68,60,221,22,76,98,319
01/14/2021,TUL,OK,ASW,CE,Combined TRACON& Tower with Radar,64,37,36,59,196,0,0,20,8,28,64,37,56,67,224,4,60,64,288
01/15/2021,TUL,OK,ASW,CE,Combined TRACON& Tower with Radar,66,29,36,4,135,0,0,9,0,9,66,29,45,4,144,0,0,0,144
01/16/2021,TUL,OK,ASW,CE,Combined TRACON& Tower with Radar,57,19,31,8,115,0,1,30,6,37,57,20,61,14,152,32,0,32,184
01/17/2021,TUL,OK,ASW,CE,Combined TRACON& Tower with Radar,43,21,26,11,101,0,0,20,4,24,43,21,46,15,125,12,6,18,143
01/18/2021,TUL,OK,ASW,CE,Combined TRACON& Tower with Radar,55,19,31,2,107,0,0,21,0,21,55,19,52,2,128,4,0,4,132
01/19/2021,TUL,OK,ASW,CE,Combined TRACON& Tower with Radar,60,36,36,57,189,0,1,16,1,18,60,37,52,58,207,0,12,12,219
01/20/2021,TUL,OK,ASW,CE,Combined TRACON& Tower with Radar,59,30,28,32,149,0,0,12,5,17,59,30,40,37,166,18,72,90,256
01/21/2021,TUL,OK,ASW,CE,Combined TRACON& Tower with Radar,62,37,44,20,163,0,0,6,1,7,62,37,50,21,170,14,14,28,198
01/22/2021,TUL,OK,ASW,CE,Combined TRACON& Tower with Radar,72,27,39,42,180,0,4,25,11,40,72,31,64,53,220,30,28,58,278
01/23/2021,TUL,OK,ASW,CE,Combined TRACON& Tower with Radar,47,14,22,10,93,0,0,8,0,8,47,14,30,10,101,0,4,4,105
01/24/2021,TUL,OK,ASW,CE,Combined TRACON& Tower with Radar,44,25,14,8,91,0,0,0,0,0,44,25,14,8,91,0,0,0,91
01/25/2021,TUL,OK,ASW,CE,Combined TRACON& Tower with Radar,61,25,21,16,123,0,0,2,0,2,61,25,23,16,125,0,0,0,125
01/26/2021,TUL,OK,ASW,CE,Combined TRACON& Tower with Radar,61,24,44,17,146,0,2,8,2,12,61,26,52,19,158,8,28,36,194
01/27/2021,TUL,OK,ASW,CE,Combined TRACON& Tower with Radar,68,30,41,35,174,0,0,6,2,8,68,30,47,37,182,0,8,8,190
01/28/2021,TUL,OK,ASW,CE,Combined TRACON& Tower with Radar,59,25,50,21,155,0,0,27,3,30,59,25,77,24,185,0,14,14,199
01/29/2021,TUL,OK,ASW,CE,Combined TRACON& Tower with Radar,70,33,33,22,158,0,1,23,8,32,70,34,56,30,190,2,22,24,214
01/30/2021,TUL,OK,ASW,CE,Combined TRACON& Tower with Radar,50,21,13,0,84,0,0,1,0,1,50,21,14,0,85,2,0,2,87
01/31/2021,TUL,OK,ASW,CE,Combined TRACON& Tower with Radar,43,21,21,0,85,0,0,13,0,13,43,21,34,0,98,2,0,2,100
02/01/2021,TUL,OK,ASW,CE,Combined TRACON& Tower with Radar,60,30,23,75,188,0,3,32,9,44,60,33,55,84,232,32,142,174,406
02/02/2021,TUL,OK,ASW,CE,Combined TRACON& Tower with Radar,60,26,47,70,203,0,1,46,8,55,60,27,93,78,258,12,98,110,368
02/03/2021,TUL,OK,ASW,CE,Combined TRACON& Tower with Radar,61,34,39,72,206,0,3,32,5,40,61,37,71,77,246,54,48,102,348
02/04/2021,TUL,OK,ASW,CE,Combined TRACON& Tower with Radar,65,32,33,50,180,0,0,14,7,21,65,32,47,57,201,0,80,80,281
02/05/2021,TUL,OK,ASW,CE,Combined TRACON& Tower with Radar,70,26,42,52,190,0,0,35,5,40,70,26,77,57,230,14,6,20,250
02/06/2021,TUL,OK,ASW,CE,Combined TRACON& Tower with Radar,50,18,14,12,94,0,0,2,1,3,50,18,16,13,97,0,24,24,121
02/07/2021,TUL,OK,ASW,CE,Combined TRACON& Tower with Radar,44,30,19,4,97,0,0,0,0,0,44,30,19,4,97,0,0,0,97
02/08/2021,TUL,OK,ASW,CE,Combined TRACON& Tower with Radar,60,18,14,0,92,0,0,0,0,0,60,18,14,0,92,0,0,0,92
02/09/2021,TUL,OK,ASW,CE,Combined TRACON& Tower with Radar,59,22,24,0,105,0,0,0,0,0,59,22,24,0,105,0,0,0,105
02/10/2021,TUL,OK,ASW,CE,Combined TRACON& Tower with Radar,55,17,22,0,94,0,0,0,0,0,55,17,22,0,94,0,0,0,94
02/11/2021,TUL,OK,ASW,CE,Combined TRACON& Tower with Radar,59,38,29,0,126,0,0,1,0,1,59,38,30,0,127,0,0,0,127
02/12/2021,TUL,OK,ASW,CE,Combined TRACON& Tower with Radar,80,33,21,0,134,0,0,4,0,4,80,33,25,0,138,0,0,0,138
02/13/2021,TUL,OK,ASW,CE,Combined TRACON& Tower with Radar,57,39,16,0,112,0,0,15,0,15,57,39,31,0,127,6,0,6,133
02/14/2021,TUL,OK,ASW,CE,Combined TRACON& Tower with Radar,23,10,1,0,34,0,0,0,0,0,23,10,1,0,34,0,0,0,34
02/15/2021,TUL,OK,ASW,CE,Combined TRACON& Tower with Radar,35,16,20,0,71,0,0,0,0,0,35,16,20,0,71,2,0,2,73
02/16/2021,TUL,OK,ASW,CE,Combined TRACON& Tower with Radar,29,25,15,0,69,0,1,2,2,5,29,26,17,2,74,6,0,6,80
02/17/2021,TUL,OK,ASW,CE,Combined TRACON& Tower with Radar,30,12,15,1,58,0,0,0,0,0,30,12,15,1,58,0,0,0,58
02/18/2021,TUL,OK,ASW,CE,Combined TRACON& Tower with Radar,43,45,24,1,113,0,2,17,1,20,43,47,41,2,133,12,0,12,145
02/19/2021,TUL,OK,ASW,CE,Combined TRACON& Tower with Radar,64,37,26,15,142,0,0,26,2,28,64,37,52,17,170,0,4,4,174
02/20/2021,TUL,OK,ASW,CE,Combined TRACON& Tower with Radar,49,31,21,1,102,0,1,31,3,35,49,32,52,4,137,10,0,10,147
02/21/2021,TUL,OK,ASW,CE,Combined TRACON& Tower with Radar,51,25,37,2,115,0,1,4,0,5,51,26,41,2,120,0,0,0,120
02/22/2021,TUL,OK,ASW,CE,Combined TRACON& Tower with Radar,74,31,34,79,218,0,2,46,6,54,74,33,80,85,272,16,32,48,320
02/23/2021,TUL,OK,ASW,CE,Combined TRACON& Tower with Radar,62,43,55,42,202,0,1,50,9,60,62,44,105,51,262,6,42,48,310
02/24/2021,TUL,OK,ASW,CE,Combined TRACON& Tower with Radar,69,40,34,49,192,0,4,25,8,37,69,44,59,57,229,0,42,42,271
02/25/2021,TUL,OK,ASW,CE,Combined TRACON& Tower with Radar,68,37,35,73,213,0,1,34,13,48,68,38,69,86,261,8,90,98,359
02/26/2021,TUL,OK,ASW,CE,Combined TRACON& Tower with Radar,71,50,37,6,164,0,0,0,5,5,71,50,37,11,169,8,22,30,199
02/27/2021,TUL,OK,ASW,CE,Combined TRACON& Tower with Radar,53,22,27,0,102,0,1,9,0,10,53,23,36,0,112,0,0,0,112
02/28/2021,TUL,OK,ASW,CE,Combined TRACON& Tower with Radar,58,21,15,0,94,0,1,10,0,11,58,22,25,0,105,26,28,54,159
03/01/2021,TUL,OK,ASW,CE,Combined TRACON& Tower with Radar,68,44,28,68,208,0,7,40,4,51,68,51,68,72,259,20,32,52,311
03/02/2021,TUL,OK,ASW,CE,Combined TRACON& Tower with Radar,73,36,29,71,209,0,6,35,4,45,73,42,64,75,254,8,126,134,388
03/03/2021,TUL,OK,ASW,CE,Combined TRACON& Tower with Radar,67,43,44,21,175,0,5,37,2,44,67,48,81,23,219,6,38,44,263
03/04/2021,TUL,OK,ASW,CE,Combined TRACON& Tower with Radar,70,37,36,20,163,0,4,30,5,39,70,41,66,25,202,20,10,30,232
03/05/2021,TUL,OK,ASW,CE,Combined TRACON& Tower with Radar,75,43,47,31,196,0,1,7,6,14,75,44,54,37,210,6,34,40,250
03/06/2021,TUL,OK,ASW,CE,Combined TRACON& Tower with Radar,56,29,54,20,159,0,5,31,0,36,56,34,85,20,195,8,12,20,215
03/07/2021,TUL,OK,ASW,CE,Combined TRACON& Tower with Radar,67,37,50,39,193,0,3,24,2,29,67,40,74,41,222,2,30,32,254
03/08/2021,TUL,OK,ASW,CE,Combined TRACON& Tower with Radar,74,25,31,116,246,0,4,24,5,33,74,29,55,121,279,40,136,176,455
03/09/2021,TUL,OK,ASW,CE,Combined TRACON& Tower with Radar,62,35,37,72,206,0,1,14,0,15,62,36,51,72,221,8,16,24,245
03/10/2021,TUL,OK,ASW,CE,Combined TRACON& Tower with Radar,63,31,36,62,192,0,1,7,1,9,63,32,43,63,201,2,4,6,207
03/11/2021,TUL,OK,ASW,CE,Combined TRACON& Tower with Radar,73,42,56,15,186,0,0,0,2,2,73,42,56,17,188,0,0,0,188
03/12/2021,TUL,OK,ASW,CE,Combined TRACON& Tower with Radar,81,39,39,0,159,0,0,2,1,3,81,39,41,1,162,2,0,2,164
03/13/2021,TUL,OK,ASW,CE,Combined TRACON& Tower with Radar,57,35,39,2,133,0,2,4,1,7,57,37,43,3,140,14,18,32,172
03/14/2021,TUL,OK,ASW,CE,Combined TRACON& Tower with Radar,58,24,25,8,115,0,0,0,1,1,58,24,25,9,116,0,0,0,116
03/15/2021,TUL,OK,ASW,CE,Combined TRACON& Tower with Radar,81,43,36,80,240,0,5,14,4,23,81,48,50,84,263,6,106,112,375
03/16/2021,TUL,OK,ASW,CE,Combined TRACON& Tower with Radar,73,36,37,88,234,0,1,38,14,53,73,37,75,102,287,0,86,86,373
03/17/2021,TUL,OK,ASW,CE,Combined TRACON& Tower with Radar,69,31,19,6,125,0,0,3,0,3,69,31,22,6,128,0,16,16,144
03/18/2021,TUL,OK,ASW,CE,Combined TRACON& Tower with Radar,79,33,36,25,173,0,0,6,1,7,79,33,42,26,180,0,22,22,202
03/19/2021,TUL,OK,ASW,CE,Combined TRACON& Tower with Radar,86,35,37,65,223,0,12,37,6,55,86,47,74,71,278,36,26,62,340
03/20/2021,TUL,OK,ASW,CE,Combined TRACON& Tower with Radar,61,43,31,6,141,0,5,59,3,67,61,48,90,9,208,20,12,32,240
03/21/2021,TUL,OK,ASW,CE,Combined TRACON& Tower with Radar,62,43,30,7,142,0,0,13,0,13,62,43,43,7,155,0,18,18,173
03/22/2021,TUL,OK,ASW,CE,Combined TRACON& Tower with Radar,71,34,28,37,170,0,0,6,3,9,71,34,34,40,179,0,6,6,185
03/23/2021,TUL,OK,ASW,CE,Combined TRACON& Tower with Radar,84,34,58,26,202,0,2,9,5,16,84,36,67,31,218,26,36,62,280
03/24/2021,TUL,OK,ASW,CE,Combined TRACON& Tower with Radar,88,37,52,163,340,0,4,35,14,53,88,41,87,177,393,22,48,70,463
03/25/2021,TUL,OK,ASW,CE,Combined TRACON& Tower with Radar,80,35,34,16,165,0,2,3,2,7,80,37,37,18,172,8,0,8,180
03/26/2021,TUL,OK,ASW,CE,Combined TRACON& Tower with Radar,88,43,46,66,243,0,9,27,15,51,88,52,73,81,294,30,86,116,410
03/27/2021,TUL,OK,ASW,CE,Combined TRACON& Tower with Radar,57,32,30,24,143,0,0,20,2,22,57,32,50,26,165,22,14,36,201
03/28/2021,TUL,OK,ASW,CE,Combined TRACON& Tower with Radar,61,25,26,26,138,0,0,30,4,34,61,25,56,30,172,4,0,4,176
03/29/2021,TUL,OK,ASW,CE,Combined TRACON& Tower with Radar,76,26,30,56,188,0,1,32,1,34,76,27,62,57,222,10,8,18,240
03/30/2021,TUL,OK,ASW,CE,Combined TRACON& Tower with Radar,75,30,31,79,215,0,2,12,3,17,75,32,43,82,232,0,16,16,248
03/31/2021,TUL,OK,ASW,CE,Combined TRACON& Tower with Radar,82,37,43,61,223,0,2,31,14,47,82,39,74,75,270,8,34,42,312
04/01/2021,TUL,OK,ASW,CE,Combined TRACON& Tower with Radar,76,43,45,63,227,0,3,24,9,36,76,46,69,72,263,22,204,226,489
04/02/2021,TUL,OK,ASW,CE,Combined TRACON& Tower with Radar,87,34,39,18,178,0,3,34,4,41,87,37,73,22,219,26,26,52,271
04/03/2021,TUL,OK,ASW,CE,Combined TRACON& Tower with Radar,55,24,18,0,97,0,0,20,0,20,55,24,38,0,117,0,0,0,117
04/04/2021,TUL,OK,ASW,CE,Combined TRACON& Tower with Radar,66,24,13,0,103,0,1,25,2,28,66,25,38,2,131,16,6,22,153
04/05/2021,TUL,OK,ASW,CE,Combined TRACON& Tower with Radar,79,34,47,67,227,0,3,13,6,22,79,37,60,73,249,14,4,18,267
04/06/2021,TUL,OK,ASW,CE,Combined TRACON& Tower with Radar,76,30,48,91,245,0,1,9,0,10,76,31,57,91,255,2,12,14,269
04/07/2021,TUL,OK,ASW,CE,Combined TRACON& Tower with Radar,83,43,33,13,172,0,2,5,3,10,83,45,38,16,182,10,4,14,196
04/08/2021,TUL,OK,ASW,CE,Combined TRACON& Tower with Radar,80,27,38,26,171,0,0,27,10,37,80,27,65,36,208,6,6,12,220
04/09/2021,TUL,OK,ASW,CE,Combined TRACON& Tower with Radar,88,33,37,22,180,0,0,12,5,17,88,33,49,27,197,4,4,8,205
04/10/2021,TUL,OK,ASW,CE,Combined TRACON& Tower with Radar,62,35,26,12,135,0,1,9,0,10,62,36,35,12,145,0,20,20,165
04/11/2021,TUL,OK,ASW,CE,Combined TRACON& Tower with Radar,67,30,26,20,143,0,0,24,0,24,67,30,50,20,167,30,24,54,221
04/12/2021,TUL,OK,ASW,CE,Combined TRACON& Tower with Radar,93,33,28,86,240,0,5,26,1,32,93,38,54,87,272,0,42,42,314
04/13/2021,TUL,OK,ASW,CE,Combined TRACON& Tower with Radar,79,35,43,118,275,0,1,13,9,23,79,36,56,127,298,6,58,64,362
04/14/2021,TUL,OK,ASW,CE,Combined TRACON& Tower with Radar,73,42,43,36,194,0,0,14,6,20,73,42,57,42,214,10,16,26,240
04/15/2021,TUL,OK,ASW,CE,Combined TRACON& Tower with Radar,90,57,50,59,256,0,0,22,3,25,90,57,72,62,281,6,66,72,353
04/16/2021,TUL,OK,ASW,CE,Combined TRACON& Tower with Radar,84,31,35,0,150,0,0,2,0,2,84,31,37,0,152,0,0,0,152
04/17/2021,TUL,OK,ASW,CE,Combined TRACON& Tower with Radar,64,31,31,12,138,0,3,8,0,11,64,34,39,12,149,0,16,16,165
04/18/2021,TUL,OK,ASW,CE,Combined TRACON& Tower with Radar,71,35,29,10,145,0,1,28,2,31,71,36,57,12,176,16,0,16,192
04/19/2021,TUL,OK,ASW,CE,Combined TRACON& Tower with Radar,84,32,35,53,204,0,6,48,2,56,84,38,83,55,260,24,60,84,344
04/20/2021,TUL,OK,ASW,CE,Combined TRACON& Tower with Radar,72,32,45,13,162,0,1,2,2,5,72,33,47,15,167,0,0,0,167
04/21/2021,TUL,OK,ASW,CE,Combined TRACON& Tower with Radar,72,37,38,51,198,0,6,41,6,53,72,43,79,57,251,54,46,100,351
04/22/2021,TUL,OK,ASW,CE,Combined TRACON& Tower with Radar,83,30,42,130,285,0,4,22,8,34,83,34,64,138,319,12,90,102,421
04/23/2021,TUL,OK,ASW,CE,Combined TRACON& Tower with Radar,92,27,40,33,192,0,5,2,0,7,92,32,42,33,199,22,0,22,221
04/24/2021,TUL,OK,ASW,CE,Combined TRACON& Tower with Radar,65,29,16,4,114,0,0,9,2,11,65,29,25,6,125,14,0,14,139
04/25/2021,TUL,OK,ASW,CE,Combined TRACON& Tower with Radar,75,39,39,4,157,0,9,21,2,32,75,48,60,6,189,0,0,0,189
04/26/2021,TUL,OK,ASW,CE,Combined TRACON& Tower with Radar,81,34,39,116,270,0,0,14,3,17,81,34,53,119,287,0,64,64,351
04/27/2021,TUL,OK,ASW,CE,Combined TRACON& Tower with Radar,75,32,38,48,193,0,0,6,2,8,75,32,44,50,201,0,34,34,235
04/28/2021,TUL,OK,ASW,CE,Combined TRACON& Tower with Radar,69,30,17,2,118,0,0,0,0,0,69,30,17,2,118,0,0,0,118
04/29/2021,TUL,OK,ASW,CE,Combined TRACON& Tower with Radar,86,34,40,70,230,0,4,25,5,34,86,38,65,75,264,50,24,74,338
04/30/2021,TUL,OK,ASW,CE,Combined TRACON& Tower with Radar,91,38,30,76,235,0,9,41,14,64,91,47,71,90,299,12,28,40,339
05/01/2021,TUL,OK,ASW,CE,Combined TRACON& Tower with Radar,62,37,23,31,153,0,17,18,9,44,62,54,41,40,197,6,8,14,211
05/02/2021,TUL,OK,ASW,CE,Combined TRACON& Tower with Radar,77,36,32,15,160,0,3,11,0,14,77,39,43,15,174,0,0,0,174
05/03/2021,TUL,OK,ASW,CE,Combined TRACON& Tower with Radar,82,30,20,63,195,0,1,6,0,7,82,31,26,63,202,0,26,26,228
05/04/2021,TUL,OK,ASW,CE,Combined TRACON& Tower with Radar,80,24,29,8,141,0,1,7,1,9,80,25,36,9,150,0,28,28,178
05/05/2021,TUL,OK,ASW,CE,Combined TRACON& Tower with Radar,72,31,34,38,175,0,6,40,8,54,72,37,74,46,229,6,6,12,241
05/06/2021,TUL,OK,ASW,CE,Combined TRACON& Tower with Radar,95,36,26,35,192,0,7,29,10,46,95,43,55,45,238,4,20,24,262
05/07/2021,TUL,OK,ASW,CE,Combined TRACON& Tower with Radar,94,30,38,32,194,0,3,7,5,15,94,33,45,37,209,4,34,38,247
05/08/2021,TUL,OK,ASW,CE,Combined TRACON& Tower with Radar,77,31,26,2,136,0,3,26,1,30,77,34,52,3,166,0,0,0,166
05/09/2021,TUL,OK,ASW,CE,Combined TRACON& Tower with Radar,71,21,23,4,119,0,1,0,3,4,71,22,23,7,123,0,0,0,123
05/10/2021,TUL,OK,ASW,CE,Combined TRACON& Tower with Radar,98,27,38,69,232,0,6,7,1,14,98,33,45,70,246,0,24,24,270
05/11/2021,TUL,OK,ASW,CE,Combined TRACON& Tower with Radar,98,32,33,15,178,0,3,2,3,8,98,35,35,18,186,0,18,18,204
05/12/2021,TUL,OK,ASW,CE,Combined TRACON& Tower with Radar,87,32,46,63,228,0,0,26,6,32,87,32,72,69,260,24,2,26,286
05/13/2021,TUL,OK,ASW,CE,Combined TRACON& Tower with Radar,89,34,41,55,219,0,2,41,4,47,89,36,82,59,266,4,22,26,292
05/14/2021,TUL,OK,ASW,CE,Combined TRACON& Tower with Radar,88,28,49,55,220,0,0,27,12,39,88,28,76,67,259,0,68,68,327
05/15/2021,TUL,OK,ASW,CE,Combined TRACON& Tower with Radar,70,23,29,19,141,0,2,15,2,19,70,25,44,21,160,18,0,18,178
05/16/2021,TUL,OK,ASW,CE,Combined TRACON& Tower with Radar,71,20,18,30,139,0,5,3,1,9,71,25,21,31,148,2,24,26,174
05/17/2021,TUL,OK,ASW,CE,Combined TRACON& Tower with Radar,92,32,33,82,239,0,0,7,0,7,92,32,40,82,246,0,102,102,348
05/18/2021,TUL,OK,ASW,CE,Combined TRACON& Tower with Radar,96,29,52,68,245,0,2,6,1,9,96,31,58,69,254,4,40,44,298
05/19/2021,TUL,OK,ASW,CE,Combined TRACON& Tower with Radar,74,21,33,6,134,0,0,2,0,2,74,21,35,6,136,26,0,26,162
05/20/2021,TUL,OK,ASW,CE,Combined TRACON& Tower with Radar,97,42,48,11,198,0,0,3,0,3,97,42,51,11,201,20,0,20,221
05/21/2021,TUL,OK,ASW,CE,Combined TRACON& Tower with Radar,94,43,44,42,223,0,0,2,3,5,94,43,46,45,228,36,54,90,318
05/22/2021,TUL,OK,ASW,CE,Combined TRACON& Tower with Radar,71,35,19,0,125,0,3,8,4,15,71,38,27,4,140,50,0,50,190
05/23/2021,TUL,OK,ASW,CE,Combined TRACON& Tower with Radar,76,27,24,10,137,0,1,4,4,9,76,28,28,14,146,18,0,18,164
05/24/2021,TUL,OK,ASW,CE,Combined TRACON& Tower with Radar,111,30,40,86,267,0,2,26,0,28,111,32,66,86,295,0,18,18,313
05/25/2021,TUL,OK,ASW,CE,Combined TRACON& Tower with Radar,89,34,51,46,220,0,0,9,0,9,89,34,60,46,229,0,14,14,243
05/26/2021,TUL,OK,ASW,CE,Combined TRACON& Tower with Radar,88,34,39,11,172,0,0,10,4,14,88,34,49,15,186,24,2,26,212
05/27/2021,TUL,OK,ASW,CE,Combined TRACON& Tower with Radar,85,24,45,0,154,0,0,4,0,4,85,24,49,0,158,0,0,0,158
05/28/2021,TUL,OK,ASW,CE,Combined TRACON& Tower with Radar,95,35,41,0,171,0,2,16,2,20,95,37,57,2,191,16,0,16,207
05/29/2021,TUL,OK,ASW,CE,Combined TRACON& Tower with Radar,66,17,25,4,112,0,4,20,3,27,66,21,45,7,139,0,0,0,139
05/30/2021,TUL,OK,ASW,CE,Combined TRACON& Tower with Radar,69,34,31,0,134,0,6,28,0,34,69,40,59,0,168,30,0,30,198
05/31/2021,TUL,OK,ASW,CE,Combined TRACON& Tower with Radar,75,21,27,3,126,0,0,3,0,3,75,21,30,3,129,10,0,10,139
06/01/2021,TUL,OK,ASW,CE,Combined TRACON& Tower with Radar,84,18,32,3,137,0,0,1,0,1,84,18,33,3,138,0,0,0,138
06/02/2021,TUL,OK,ASW,CE,Combined TRACON& Tower with Radar,88,40,46,31,205,0,0,24,7,31,88,40,70,38,236,2,20,22,258
06/03/2021,TUL,OK,ASW,CE,Combined TRACON& Tower with Radar,88,42,56,44,230,0,2,44,6,52,88,44,100,50,282,52,32,84,366
06/04/2021,TUL,OK,ASW,CE,Combined TRACON& Tower with Radar,95,38,29,40,202,0,6,42,12,60,95,44,71,52,262,18,28,46,308
06/05/2021,TUL,OK,ASW,CE,Combined TRACON& Tower with Radar,81,33,19,32,165,0,8,27,5,40,81,41,46,37,205,0,22,22,227
06/06/2021,TUL,OK,ASW,CE,Combined TRACON& Tower with Radar,74,37,23,33,167,0,0,11,3,14,74,37,34,36,181,0,0,0,181
06/07/2021,TUL,OK,ASW,CE,Combined TRACON& Tower with Radar,81,33,34,0,148,0,3,3,0,6,81,36,37,0,154,0,0,0,154
06/08/2021,TUL,OK,ASW,CE,Combined TRACON& Tower with Radar,88,35,59,23,205,0,7,16,9,32,88,42,75,32,237,18,14,32,269
06/09/2021,TUL,OK,ASW,CE,Combined TRACON& Tower with Radar,93,34,54,15,196,0,11,15,4,30,93,45,69,19,226,12,24,36,262
06/10/2021,TUL,OK,ASW,CE,Combined TRACON& Tower with Radar,89,55,52,26,222,0,5,27,7,39,89,60,79,33,261,36,52,88,349
06/11/2021,TUL,OK,ASW,CE,Combined TRACON& Tower with Radar,103,41,43,43,230,0,0,24,1,25,103,41,67,44,255,0,94,94,349
06/12/2021,TUL,OK,ASW,CE,Combined TRACON& Tower with Radar,77,26,31,17,151,0,7,22,5,34,77,33,53,22,185,4,4,8,193
06/13/2021,TUL,OK,ASW,CE,Combined TRACON& Tower with Radar,80,39,39,2,160,0,2,17,2,21,80,41,56,4,181,16,2,18,199
06/14/2021,TUL,OK,ASW,CE,Combined TRACON& Tower with Radar,94,33,31,76,234,0,5,23,2,30,94,38,54,78,264,76,14,90,354
06/15/2021,TUL,OK,ASW,CE,Combined TRACON& Tower with Radar,84,34,42,92,252,0,6,30,12,48,84,40,72,104,300,2,104,106,406
06/16/2021,TUL,OK,ASW,CE,Combined TRACON& Tower with Radar,94,34,46,58,232,0,10,14,9,33,94,44,60,67,265,24,48,72,337
06/17/2021,TUL,OK,ASW,CE,Combined TRACON& Tower with Radar,86,48,39,54,227,0,2,26,8,36,86,50,65,62,263,4,52,56,319
06/18/2021,TUL,OK,ASW,CE,Combined TRACON& Tower with Radar,94,47,40,7,188,0,3,25,6,34,94,50,65,13,222,0,12,12,234
06/19/2021,TUL,OK,ASW,CE,Combined TRACON& Tower with Radar,85,35,19,4,143,0,2,14,3,19,85,37,33,7,162,0,0,0,162
06/20/2021,TUL,OK,ASW,CE,Combined TRACON& Tower with Radar,82,26,17,9,134,0,5,12,1,18,82,31,29,10,152,10,0,10,162
06/21/2021,TUL,OK,ASW,CE,Combined TRACON& Tower with Radar,88,37,25,16,166,0,0,6,5,11,88,37,31,21,177,8,0,8,185
06/22/2021,TUL,OK,ASW,CE,Combined TRACON& Tower with Radar,91,40,44,66,241,0,5,40,7,52,91,45,84,73,293,0,32,32,325
06/23/2021,TUL,OK,ASW,CE,Combined TRACON& Tower with Radar,89,53,50,91,283,0,0,35,10,45,89,53,85,101,328,0,42,42,370
06/24/2021,TUL,OK,ASW,CE,Combined TRACON& Tower with Radar,86,45,60,71,262,0,2,24,5,31,86,47,84,76,293,0,30,30,323
06/25/2021,TUL,OK,ASW,CE,Combined TRACON& Tower with Radar,91,47,46,50,234,0,3,28,7,38,91,50,74,57,272,2,6,8,280
06/26/2021,TUL,OK,ASW,CE,Combined TRACON& Tower with Radar,83,40,11,1,135,0,0,1,0,1,83,40,12,1,136,2,0,2,138
06/27/2021,TUL,OK,ASW,CE,Combined TRACON& Tower with Radar,81,36,17,0,134,0,0,1,1,2,81,36,18,1,136,0,0,0,136
06/28/2021,TUL,OK,ASW,CE,Combined TRACON& Tower with Radar,98,30,20,13,161,0,0,13,0,13,98,30,33,13,174,2,0,2,176
06/29/2021,TUL,OK,ASW,CE,Combined TRACON& Tower with Radar,90,28,40,54,212,0,2,16,5,23,90,30,56,59,235,4,48,52,287
06/30/2021,TUL,OK,ASW,CE,Combined TRACON& Tower with Radar,95,38,36,33,202,0,4,22,7,33,95,42,58,40,235,24,58,82,317
07/01/2021,TUL,OK,ASW,CE,Combined TRACON& Tower with Radar,95,41,36,1,173,0,0,2,3,5,95,41,38,4,178,0,8,8,186
07/02/2021,TUL,OK,ASW,CE,Combined TRACON& Tower with Radar,98,50,38,1,187,0,1,6,2,9,98,51,44,3,196,0,0,0,196
07/03/2021,TUL,OK,ASW,CE,Combined TRACON& Tower with Radar,76,27,4,0,107,0,0,10,0,10,76,27,14,0,117,0,0,0,117
07/04/2021,TUL,OK,ASW,CE,Combined TRACON& Tower with Radar,72,24,16,1,113,0,2,15,1,18,72,26,31,2,131,2,0,2,133
07/05/2021,TUL,OK,ASW,CE,Combined TRACON& Tower with Radar,86,27,33,0,146,0,0,22,0,22,86,27,55,0,168,4,0,4,172
07/06/2021,TUL,OK,ASW,CE,Combined TRACON& Tower with Radar,94,30,43,61,228,0,4,21,4,29,94,34,64,65,257,0,24,24,281
07/07/2021,TUL,OK,ASW,CE,Combined TRACON& Tower with Radar,94,46,37,66,243,0,3,12,1,16,94,49,49,67,259,38,42,80,339
07/08/2021,TUL,OK,ASW,CE,Combined TRACON& Tower with Radar,85,50,55,87,277,0,8,19,2,29,85,58,74,89,306,16,30,46,352
07/09/2021,TUL,OK,ASW,CE,Combined TRACON& Tower with Radar,109,45,37,125,316,0,0,25,6,31,109,45,62,131,347,4,52,56,403
07/10/2021,TUL,OK,ASW,CE,Combined TRACON& Tower with Radar,84,29,23,22,158,0,0,5,0,5,84,29,28,22,163,0,0,0,163
07/11/2021,TUL,OK,ASW,CE,Combined TRACON& Tower with Radar,82,39,31,11,163,0,0,14,0,14,82,39,45,11,177,0,0,0,177
07/12/2021,TUL,OK,ASW,CE,Combined TRACON& Tower with Radar,84,36,51,72,243,0,0,15,6,21,84,36,66,78,264,4,6,10,274
07/13/2021,TUL,OK,ASW,CE,Combined TRACON& Tower with Radar,92,42,40,86,260,0,3,38,4,45,92,45,78,90,305,10,82,92,397
07/14/2021,TUL,OK,ASW,CE,Combined TRACON& Tower with Radar,90,42,43,65,240,0,3,27,4,34,90,45,70,69,274,10,34,44,318
07/15/2021,TUL,OK,ASW,CE,Combined TRACON& Tower with Radar,88,54,56,57,255,0,4,19,12,35,88,58,75,69,290,0,26,26,316
07/16/2021,TUL,OK,ASW,CE,Combined TRACON& Tower with Radar,103,37,32,19,191,0,4,32,3,39,103,41,64,22,230,0,4,4,234
07/17/2021,TUL,OK,ASW,CE,Combined TRACON& Tower with Radar,85,30,24,0,139,0,0,13,1,14,85,30,37,1,153,0,0,0,153
07/18/2021,TUL,OK,ASW,CE,Combined TRACON& Tower with Radar,79,43,30,2,154,0,4,9,0,13,79,47,39,2,167,0,0,0,167
07/19/2021,TUL,OK,ASW,CE,Combined TRACON& Tower with Radar,89,51,30,62,232,0,5,15,7,27,89,56,45,69,259,8,48,56,315
07/20/2021,TUL,OK,ASW,CE,Combined TRACON& Tower with Radar,92,40,57,76,265,0,2,19,4,25,92,42,76,80,290,8,48,56,346
07/21/2021,TUL,OK,ASW,CE,Combined TRACON& Tower with Radar,94,40,49,75,258,0,0,20,5,25,94,40,69,80,283,0,18,18,301
07/22/2021,TUL,OK,ASW,CE,Combined TRACON& Tower with Radar,102,39,46,65,252,0,6,22,1,29,102,45,68,66,281,18,22,40,321
07/23/2021,TUL,OK,ASW,CE,Combined TRACON& Tower with Radar,102,36,26,20,184,0,5,24,3,32,102,41,50,23,216,20,8,28,244
07/24/2021,TUL,OK,ASW,CE,Combined TRACON& Tower with Radar,85,29,20,1,135,0,2,9,0,11,85,31,29,1,146,10,0,10,156
07/25/2021,TUL,OK,ASW,CE,Combined TRACON& Tower with Radar,80,33,40,6,159,0,0,9,0,9,80,33,49,6,168,4,0,4,172
07/26/2021,TUL,OK,ASW,CE,Combined TRACON& Tower with Radar,102,40,37,57,236,0,0,21,5,26,102,40,58,62,262,0,10,10,272
07/27/2021,TUL,OK,ASW,CE,Combined TRACON& Tower with Radar,99,45,47,66,257,0,3,21,5,29,99,48,68,71,286,4,42,46,332
07/28/2021,TUL,OK,ASW,CE,Combined TRACON& Tower with Radar,98,42,37,71,248,0,5,30,15,50,98,47,67,86,298,4,20,24,322
07/29/2021,TUL,OK,ASW,CE,Combined TRACON& Tower with Radar,98,35,45,25,203,0,2,24,1,27,98,37,69,26,230,0,30,30,260
07/30/2021,TUL,OK,ASW,CE,Combined TRACON& Tower with Radar,104,40,28,55,227,0,1,28,2,31,104,41,56,57,258,4,22,26,284
07/31/2021,TUL,OK,ASW,CE,Combined TRACON& Tower with Radar,81,24,27,8,140,0,2,21,1,24,81,26,48,9,164,18,0,18,182
08/01/2021,TUL,OK,ASW,CE,Combined TRACON& Tower with Radar,98,25,25,4,152,0,1,8,0,9,98,26,33,4,161,2,0,2,163
08/02/2021,TUL,OK,ASW,CE,Combined TRACON& Tower with Radar,86,36,28,42,192,0,2,11,4,17,86,38,39,46,209,4,4,8,217
08/03/2021,TUL,OK,ASW,CE,Combined TRACON& Tower with Radar,88,40,55,32,215,0,0,26,10,36,88,40,81,42,251,0,56,56,307
08/04/2021,TUL,OK,ASW,CE,Combined TRACON& Tower with Radar,90,48,35,35,208,0,1,25,4,30,90,49,60,39,238,0,14,14,252
08/05/2021,TUL,OK,ASW,CE,Combined TRACON& Tower with Radar,88,45,50,12,195,0,0,21,0,21,88,45,71,12,216,0,8,8,224
08/06/2021,TUL,OK,ASW,CE,Combined TRACON& Tower with Radar,99,45,43,52,239,0,6,27,8,41,99,51,70,60,280,0,20,20,300
08/07/2021,TUL,OK,ASW,CE,Combined TRACON& Tower with Radar,78,35,18,24,155,0,0,17,1,18,78,35,35,25,173,4,12,16,189
08/08/2021,TUL,OK,ASW,CE,Combined TRACON& Tower with Radar,79,33,24,17,153,0,0,19,3,22,79,33,43,20,175,16,18,34,209
08/09/2021,TUL,OK,ASW,CE,Combined TRACON& Tower with Radar,90,44,40,33,207,0,0,16,11,27,90,44,56,44,234,0,30,30,264
08/10/2021,TUL,OK,ASW,CE,Combined TRACON& Tower with Radar,88,42,45,68,243,0,3,32,2,37,88,45,77,70,280,10,34,44,324
08/11/2021,TUL,OK,ASW,CE,Combined TRACON& Tower with Radar,93,38,31,64,226,0,1,22,8,31,93,39,53,72,257,8,76,84,341
08/12/2021,TUL,OK,ASW,CE,Combined TRACON& Tower with Radar,100,51,46,91,288,0,4,20,6,30,100,55,66,97,318,36,74,110,428
08/13/2021,TUL,OK,ASW,CE,Combined TRACON& Tower with Radar,110,52,36,33,231,0,2,11,1,14,110,54,47,34,245,16,62,78,323
08/14/2021,TUL,OK,ASW,CE,Combined TRACON& Tower with Radar,73,44,23,26,166,0,3,13,2,18,73,47,36,28,184,10,4,14,198
08/15/2021,TUL,OK,ASW,CE,Combined TRACON& Tower with Radar,86,34,30,12,162,0,4,18,0,22,86,38,48,12,184,16,0,16,200
08/16/2021,TUL,OK,ASW,CE,Combined TRACON& Tower with Radar,98,36,37,60,231,0,2,17,4,23,98,38,54,64,254,0,28,28,282
08/17/2021,TUL,OK,ASW,CE,Combined TRACON& Tower with Radar,99,52,39,20,210,0,2,19,4,25,99,54,58,24,235,6,12,18,253
08/18/2021,TUL,OK,ASW,CE,Combined TRACON& Tower with Radar,81,44,37,23,185,0,4,15,2,21,81,48,52,25,206,10,2,12,218
08/19/2021,TUL,OK,ASW,CE,Combined TRACON& Tower with Radar,94,56,52,56,258,0,0,7,5,12,94,56,59,61,270,4,10,14,284
08/20/2021,TUL,OK,ASW,CE,Combined TRACON& Tower with Radar,96,46,31,51,224,0,5,26,6,37,96,51,57,57,261,6,2,8,269
08/21/2021,TUL,OK,ASW,CE,Combined TRACON& Tower with Radar,74,25,21,2,122,0,0,18,3,21,74,25,39,5,143,8,0,8,151
08/22/2021,TUL,OK,ASW,CE,Combined TRACON& Tower with Radar,81,40,26,5,152,0,0,22,1,23,81,40,48,6,175,4,0,4,179
08/23/2021,TUL,OK,ASW,CE,Combined TRACON& Tower with Radar,90,38,41,28,197,0,0,28,2,30,90,38,69,30,227,4,30,34,261
08/24/2021,TUL,OK,ASW,CE,Combined TRACON& Tower with Radar,84,33,36,57,210,0,0,22,16,38,84,33,58,73,248,12,20,32,280
08/25/2021,TUL,OK,ASW,CE,Combined TRACON& Tower with Radar,91,37,43,56,227,0,5,19,11,35,91,42,62,67,262,10,16,26,288
08/26/2021,TUL,OK,ASW,CE,Combined TRACON& Tower with Radar,93,42,55,47,237,0,3,27,8,38,93,45,82,55,275,8,30,38,313
08/27/2021,TUL,OK,ASW,CE,Combined TRACON& Tower with Radar,93,45,44,43,225,0,0,40,5,45,93,45,84,48,270,0,0,0,270
08/28/2021,TUL,OK,ASW,CE,Combined TRACON& Tower with Radar,73,34,25,32,164,0,0,20,4,24,73,34,45,36,188,0,4,4,192
08/29/2021,TUL,OK,ASW,CE,Combined TRACON& Tower with Radar,70,37,32,0,139,0,0,12,0,12,70,37,44,0,151,6,0,6,157
08/30/2021,TUL,OK,ASW,CE,Combined TRACON& Tower with Radar,87,30,29,60,206,0,3,12,2,17,87,33,41,62,223,0,18,18,241
08/31/2021,TUL,OK,ASW,CE,Combined TRACON& Tower with Radar,80,32,43,43,198,0,1,25,4,30,80,33,68,47,228,2,26,28,256
09/01/2021,TUL,OK,ASW,CE,Combined TRACON& Tower with Radar,86,46,43,82,257,0,3,11,9,23,86,49,54,91,280,16,54,70,350
09/02/2021,TUL,OK,ASW,CE,Combined TRACON& Tower with Radar,89,40,53,28,210,0,3,24,14,41,89,43,77,42,251,2,30,32,283
09/03/2021,TUL,OK,ASW,CE,Combined TRACON& Tower with Radar,95,48,47,15,205,0,2,18,3,23,95,50,65,18,228,0,24,24,252
09/04/2021,TUL,OK,ASW,CE,Combined TRACON& Tower with Radar,63,29,18,0,110,0,2,15,0,17,63,31,33,0,127,0,0,0,127
09/05/2021,TUL,OK,ASW,CE,Combined TRACON& Tower with Radar,60,27,8,2,97,0,0,10,0,10,60,27,18,2,107,14,0,14,121
09/06/2021,TUL,OK,ASW,CE,Combined TRACON& Tower with Radar,75,28,29,2,134,0,4,24,0,28,75,32,53,2,162,34,0,34,196
09/07/2021,TUL,OK,ASW,CE,Combined TRACON& Tower with Radar,76,34,39,42,191,0,0,29,5,34,76,34,68,47,225,0,34,34,259
09/08/2021,TUL,OK,ASW,CE,Combined TRACON& Tower with Radar,81,43,50,16,190,0,2,19,11,32,81,45,69,27,222,18,38,56,278
09/09/2021,TUL,OK,ASW,CE,Combined TRACON& Tower with Radar,92,42,54,40,228,0,0,22,6,28,92,42,76,46,256,2,44,46,302
09/10/2021,TUL,OK,ASW,CE,Combined TRACON& Tower with Radar,100,43,27,51,221,0,5,11,4,20,100,48,38,55,241,6,16,22,263
09/11/2021,TUL,OK,ASW,CE,Combined TRACON& Tower with Radar,67,29,30,24,150,0,5,33,3,41,67,34,63,27,191,0,18,18,209
09/12/2021,TUL,OK,ASW,CE,Combined TRACON& Tower with Radar,78,38,43,35,194,0,2,15,2,19,78,40,58,37,213,6,8,14,227
09/13/2021,TUL,OK,ASW,CE,Combined TRACON& Tower with Radar,91,31,49,54,225,0,2,13,4,19,91,33,62,58,244,0,22,22,266
09/14/2021,TUL,OK,ASW,CE,Combined TRACON& Tower with Radar,95,42,42,85,264,0,2,22,3,27,95,44,64,88,291,10,48,58,349
09/15/2021,TUL,OK,ASW,CE,Combined TRACON& Tower with Radar,92,50,32,104,278,0,1,16,6,23,92,51,48,110,301,0,56,56,357
09/16/2021,TUL,OK,ASW,CE,Combined TRACON& Tower with Radar,92,53,33,33,211,0,6,32,2,40,92,59,65,35,251,4,38,42,293
09/17/2021,TUL,OK,ASW,CE,Combined TRACON& Tower with Radar,102,49,40,18,209,0,3,26,8,37,102,52,66,26,246,0,16,16,262
09/18/2021,TUL,OK,ASW,CE,Combined TRACON& Tower with Radar,72,36,26,4,138,0,2,21,2,25,72,38,47,6,163,0,0,0,163
09/19/2021,TUL,OK,ASW,CE,Combined TRACON& Tower with Radar,88,35,44,22,189,0,2,15,0,17,88,37,59,22,206,0,4,4,210
09/20/2021,TUL,OK,ASW,CE,Combined TRACON& Tower with Radar,97,36,32,46,211,0,0,17,5,22,97,36,49,51,233,0,20,20,253
09/21/2021,TUL,OK,ASW,CE,Combined TRACON& Tower with Radar,87,40,45,92,264,0,4,8,9,21,87,44,53,101,285,6,56,62,347
09/22/2021,TUL,OK,ASW,CE,Combined TRACON& Tower with Radar,88,32,41,16,177,0,3,41,2,46,88,35,82,18,223,2,22,24,247
09/23/2021,TUL,OK,ASW,CE,Combined TRACON& Tower with Radar,90,42,51,32,215,0,3,32,6,41,90,45,83,38,256,6,16,22,278
09/24/2021,TUL,OK,ASW,CE,Combined TRACON& Tower with Radar,101,50,54,45,250,0,3,30,7,40,101,53,84,52,290,0,46,46,336
09/25/2021,TUL,OK,ASW,CE,Combined TRACON& Tower with Radar,68,41,47,0,156,0,0,25,0,25,68,41,72,0,181,0,0,0,181
09/26/2021,TUL,OK,ASW,CE,Combined TRACON& Tower with Radar,85,37,29,6,157,0,0,32,0,32,85,37,61,6,189,4,8,12,201
09/27/2021,TUL,OK,ASW,CE,Combined TRACON& Tower with Radar,94,44,51,66,255,0,2,14,2,18,94,46,65,68,273,0,26,26,299
09/28/2021,TUL,OK,ASW,CE,Combined TRACON& Tower with Radar,83,42,51,53,229,0,6,21,5,32,83,48,72,58,261,2,28,30,291
09/29/2021,TUL,OK,ASW,CE,Combined TRACON& Tower with Radar,92,52,44,20,208,0,2,28,2,32,92,54,72,22,240,0,16,16,256
09/30/2021,TUL,OK,ASW,CE,Combined TRACON& Tower with Radar,88,51,36,6,181,0,2,8,0,10,88,53,44,6,191,0,0,0,191
10/01/2021,TUL,OK,ASW,CE,Combined TRACON& Tower with Radar,102,51,42,8,203,0,1,11,0,12,102,52,53,8,215,0,0,0,215
10/02/2021,TUL,OK,ASW,CE,Combined TRACON& Tower with Radar,72,36,17,6,131,0,2,10,0,12,72,38,27,6,143,6,16,22,165
10/03/2021,TUL,OK,ASW,CE,Combined TRACON& Tower with Radar,79,45,39,10,173,0,4,28,2,34,79,49,67,12,207,0,16,16,223
10/04/2021,TUL,OK,ASW,CE,Combined TRACON& Tower with Radar,90,40,48,37,215,0,7,19,4,30,90,47,67,41,245,2,16,18,263
10/05/2021,TUL,OK,ASW,CE,Combined TRACON& Tower with Radar,85,31,53,63,232,0,3,22,5,30,85,34,75,68,262,2,16,18,280
10/06/2021,TUL,OK,ASW,CE,Combined TRACON& Tower with Radar,88,38,49,10,185,0,0,7,0,7,88,38,56,10,192,6,4,10,202
10/07/2021,TUL,OK,ASW,CE,Combined TRACON& Tower with Radar,91,35,61,54,241,0,7,18,1,26,91,42,79,55,267,2,58,60,327
10/08/2021,TUL,OK,ASW,CE,Combined TRACON& Tower with Radar,108,50,43,22,223,0,1,20,3,24,108,51,63,25,247,0,2,2,249
10/09/2021,TUL,OK,ASW,CE,Combined TRACON& Tower with Radar,65,32,24,0,121,0,0,27,0,27,65,32,51,0,148,0,0,0,148
10/10/2021,TUL,OK,ASW,CE,Combined TRACON& Tower with Radar,60,46,29,0,135,0,1,12,0,13,60,47,41,0,148,0,0,0,148
10/11/2021,TUL,OK,ASW,CE,Combined TRACON& Tower with Radar,97,44,34,0,175,0,4,11,2,17,97,48,45,2,192,8,0,8,200
10/12/2021,TUL,OK,ASW,CE,Combined TRACON& Tower with Radar,91,58,43,26,218,0,1,19,4,24,91,59,62,30,242,2,16,18,260
10/13/2021,TUL,OK,ASW,CE,Combined TRACON& Tower with Radar,85,31,26,23,165,0,0,9,1,10,85,31,35,24,175,0,10,10,185
10/14/2021,TUL,OK,ASW,CE,Combined TRACON& Tower with Radar,99,48,47,17,211,0,0,0,1,1,99,48,47,18,212,0,16,16,228
10/15/2021,TUL,OK,ASW,CE,Combined TRACON& Tower with Radar,115,47,39,101,302,0,0,21,2,23,115,47,60,103,325,0,34,34,359
10/16/2021,TUL,OK,ASW,CE,Combined TRACON& Tower with Radar,73,44,24,10,151,0,0,32,0,32,73,44,56,10,183,6,0,6,189
10/17/2021,TUL,OK,ASW,CE,Combined TRACON& Tower with Radar,76,32,30,19,157,0,2,23,9,34,76,34,53,28,191,4,4,8,199
10/18/2021,TUL,OK,ASW,CE,Combined TRACON& Tower with Radar,91,46,43,36,216,0,6,30,2,38,91,52,73,38,254,4,4,8,262
10/19/2021,TUL,OK,ASW,CE,Combined TRACON& Tower with Radar,82,41,35,29,187,0,0,19,2,21,82,41,54,31,208,0,8,8,216
10/20/2021,TUL,OK,ASW,CE,Combined TRACON& Tower with Radar,91,33,71,53,248,0,0,8,8,16,91,33,79,61,264,6,6,12,276
10/21/2021,TUL,OK,ASW,CE,Combined TRACON& Tower with Radar,86,47,56,44,233,0,3,26,9,38,86,50,82,53,271,0,10,10,281
10/22/2021,TUL,OK,ASW,CE,Combined TRACON& Tower with Radar,95,36,56,43,230,0,3,18,4,25,95,39,74,47,255,18,68,86,341
10/23/2021,TUL,OK,ASW,CE,Combined TRACON& Tower with Radar,74,33,26,24,157,0,3,9,1,13,74,36,35,25,170,22,10,32,202
10/24/2021,TUL,OK,ASW,CE,Combined TRACON& Tower with Radar,81,36,40,22,179,0,0,4,0,4,81,36,44,22,183,0,4,4,187
10/25/2021,TUL,OK,ASW,CE,Combined TRACON& Tower with Radar,92,53,53,55,253,0,6,12,4,22,92,59,65,59,275,0,22,22,297
10/26/2021,TUL,OK,ASW,CE,Combined TRACON& Tower with Radar,86,53,54,28,221,0,0,6,6,12,86,53,60,34,233,4,12,16,249
10/27/2021,TUL,OK,ASW,CE,Combined TRACON& Tower with Radar,87,46,31,9,173,0,0,0,4,4,87,46,31,13,177,0,58,58,235
10/28/2021,TUL,OK,ASW,CE,Combined TRACON& Tower with Radar,94,48,44,0,186,0,0,3,7,10,94,48,47,7,196,0,30,30,226
10/29/2021,TUL,OK,ASW,CE,Combined TRACON& Tower with Radar,101,59,55,31,246,0,2,7,4,13,101,61,62,35,259,0,6,6,265
10/30/2021,TUL,OK,ASW,CE,Combined TRACON& Tower with Radar,66,33,29,0,128,0,0,27,0,27,66,33,56,0,155,0,0,0,155
10/31/2021,TUL,OK,ASW,CE,Combined TRACON& Tower with Radar,69,40,25,1,135,0,1,17,1,19,69,41,42,2,154,0,0,0,154
11/01/2021,TUL,OK,ASW,CE,Combined TRACON& Tower with Radar,86,49,44,61,240,0,0,11,2,13,86,49,55,63,253,0,34,34,287
11/02/2021,TUL,OK,ASW,CE,Combined TRACON& Tower with Radar,88,49,61,35,233,0,0,4,0,4,88,49,65,35,237,0,44,44,281
11/03/2021,TUL,OK,ASW,CE,Combined TRACON& Tower with Radar,88,39,55,31,213,0,0,0,8,8,88,39,55,39,221,0,30,30,251
11/04/2021,TUL,OK,ASW,CE,Combined TRACON& Tower with Radar,95,54,86,61,296,0,0,19,4,23,95,54,105,65,319,0,80,80,399
11/05/2021,TUL,OK,ASW,CE,Combined TRACON& Tower with Radar,106,45,40,44,235,0,1,30,8,39,106,46,70,52,274,10,80,90,364
11/06/2021,TUL,OK,ASW,CE,Combined TRACON& Tower with Radar,74,29,34,30,167,0,1,41,11,53,74,30,75,41,220,0,16,16,236
11/07/2021,TUL,OK,ASW,CE,Combined TRACON& Tower with Radar,78,39,47,4,168,0,0,26,2,28,78,39,73,6,196,10,14,24,220
11/08/2021,TUL,OK,ASW,CE,Combined TRACON& Tower with Radar,92,48,44,50,234,0,2,20,12,34,92,50,64,62,268,0,46,46,314
11/09/2021,TUL,OK,ASW,CE,Combined TRACON& Tower with Radar,83,51,51,42,227,0,1,27,6,34,83,52,78,48,261,0,28,28,289
11/10/2021,TUL,OK,ASW,CE,Combined TRACON& Tower with Radar,82,46,52,24,204,0,0,9,2,11,82,46,61,26,215,0,20,20,235
11/11/2021,TUL,OK,ASW,CE,Combined TRACON& Tower with Radar,97,56,54,2,209,0,4,23,2,29,97,60,77,4,238,14,6,20,258
11/12/2021,TUL,OK,ASW,CE,Combined TRACON& Tower with Radar,96,44,44,38,222,0,2,19,6,27,96,46,63,44,249,0,4,4,253
11/13/2021,TUL,OK,ASW,CE,Combined TRACON& Tower with Radar,74,43,32,15,164,0,1,23,0,24,74,44,55,15,188,2,4,6,194
11/14/2021,TUL,OK,ASW,CE,Combined TRACON& Tower with Radar,74,33,27,0,134,0,3,19,0,22,74,36,46,0,156,0,0,0,156
11/15/2021,TUL,OK,ASW,CE,Combined TRACON& Tower with Radar,95,42,44,45,226,0,2,19,5,26,95,44,63,50,252,6,42,48,300
11/16/2021,TUL,OK,ASW,CE,Combined TRACON& Tower with Radar,85,36,44,47,212,0,2,18,10,30,85,38,62,57,242,0,40,40,282
11/17/2021,TUL,OK,ASW,CE,Combined TRACON& Tower with Radar,83,52,65,78,278,0,5,8,9,22,83,57,73,87,300,0,66,66,366
11/18/2021,TUL,OK,ASW,CE,Combined TRACON& Tower with Radar,105,55,56,53,269,0,2,43,3,48,105,57,99,56,317,46,102,148,465
11/19/2021,TUL,OK,ASW,CE,Combined TRACON& Tower with Radar,91,47,49,27,214,0,1,24,10,35,91,48,73,37,249,4,54,58,307
11/20/2021,TUL,OK,ASW,CE,Combined TRACON& Tower with Radar,72,29,18,8,127,0,0,15,0,15,72,29,33,8,142,0,0,0,142
11/21/2021,TUL,OK,ASW,CE,Combined TRACON& Tower with Radar,86,41,30,3,160,0,3,12,1,16,86,44,42,4,176,4,2,6,182
11/22/2021,TUL,OK,ASW,CE,Combined TRACON& Tower with Radar,93,42,41,84,260,0,3,42,3,48,93,45,83,87,308,4,54,58,366
11/23/2021,TUL,OK,ASW,CE,Combined TRACON& Tower with Radar,112,44,46,76,278,0,3,19,5,27,112,47,65,81,305,14,80,94,399
11/24/2021,TUL,OK,ASW,CE,Combined TRACON& Tower with Radar,91,44,22,38,195,0,2,8,5,15,91,46,30,43,210,4,12,16,226
11/25/2021,TUL,OK,ASW,CE,Combined TRACON& Tower with Radar,53,26,10,0,89,0,2,8,0,10,53,28,18,0,99,2,0,2,101
11/26/2021,TUL,OK,ASW,CE,Combined TRACON& Tower with Radar,68,34,24,0,126,0,1,17,0,18,68,35,41,0,144,12,0,12,156
11/27/2021,TUL,OK,ASW,CE,Combined TRACON& Tower with Radar,83,32,20,0,135,0,0,13,0,13,83,32,33,0,148,0,0,0,148
11/28/2021,TUL,OK,ASW,CE,Combined TRACON& Tower with Radar,87,39,40,0,166,0,2,15,0,17,87,41,55,0,183,6,0,6,189
11/29/2021,TUL,OK,ASW,CE,Combined TRACON& Tower with Radar,90,46,53,65,254,0,2,20,2,24,90,48,73,67,278,8,26,34,312
11/30/2021,TUL,OK,ASW,CE,Combined TRACON& Tower with Radar,84,43,26,31,184,0,9,41,6,56,84,52,67,37,240,14,18,32,272
12/01/2021,TUL,OK,ASW,CE,Combined TRACON& Tower with Radar,84,39,39,34,196,0,4,30,1,35,84,43,69,35,231,12,22,34,265
12/02/2021,TUL,OK,ASW,CE,Combined TRACON& Tower with Radar,95,33,48,73,249,0,2,34,15,51,95,35,82,88,300,4,110,114,414
12/03/2021,TUL,OK,ASW,CE,Combined TRACON& Tower with Radar,89,38,31,51,209,0,3,27,5,35,89,41,58,56,244,4,34,38,282
12/04/2021,TUL,OK,ASW,CE,Combined TRACON& Tower with Radar,76,27,31,13,147,0,0,4,1,5,76,27,35,14,152,16,8,24,176
12/05/2021,TUL,OK,ASW,CE,Combined TRACON& Tower with Radar,78,37,25,24,164,0,4,9,1,14,78,41,34,25,178,4,32,36,214
12/06/2021,TUL,OK,ASW,CE,Combined TRACON& Tower with Radar,89,31,35,61,216,0,5,13,2,20,89,36,48,63,236,16,34,50,286
12/07/2021,TUL,OK,ASW,CE,Combined TRACON& Tower with Radar,87,44,64,66,261,0,4,29,4,37,87,48,93,70,298,8,42,50,348
12/08/2021,TUL,OK,ASW,CE,Combined TRACON& Tower with Radar,85,35,74,57,251,0,3,50,15,68,85,38,124,72,319,12,44,56,375
12/09/2021,TUL,OK,ASW,CE,Combined TRACON& Tower with Radar,91,44,40,53,228,0,2,22,9,33,91,46,62,62,261,4,62,66,327
12/10/2021,TUL,OK,ASW,CE,Combined TRACON& Tower with Radar,94,44,43,16,197,0,1,8,4,13,94,45,51,20,210,0,12,12,222
12/11/2021,TUL,OK,ASW,CE,Combined TRACON& Tower with Radar,80,24,26,4,134,0,0,20,0,20,80,24,46,4,154,10,0,10,164
12/12/2021,TUL,OK,ASW,CE,Combined TRACON& Tower with Radar,77,28,18,0,123,0,3,11,2,16,77,31,29,2,139,2,0,2,141
12/13/2021,TUL,OK,ASW,CE,Combined TRACON& Tower with Radar,87,38,45,76,246,0,1,21,2,24,87,39,66,78,270,4,44,48,318
12/14/2021,TUL,OK,ASW,CE,Combined TRACON& Tower with Radar,87,41,54,16,198,0,1,8,7,16,87,42,62,23,214,0,14,14,228
12/15/2021,TUL,OK,ASW,CE,Combined TRACON& Tower with Radar,92,51,59,20,222,0,2,2,6,10,92,53,61,26,232,0,20,20,252
12/16/2021,TUL,OK,ASW,CE,Combined TRACON& Tower with Radar,91,48,64,32,235,0,1,23,7,31,91,49,87,39,266,2,34,36,302
12/17/2021,TUL,OK,ASW,CE,Combined TRACON& Tower with Radar,78,39,46,1,164,0,0,0,0,0,78,39,46,1,164,0,0,0,164
12/18/2021,TUL,OK,ASW,CE,Combined TRACON& Tower with Radar,74,41,18,14,147,0,1,9,4,14,74,42,27,18,161,2,16,18,179
12/19/2021,TUL,OK,ASW,CE,Combined TRACON& Tower with Radar,74,35,23,0,132,0,0,6,0,6,74,35,29,0,138,50,0,50,188
12/20/2021,TUL,OK,ASW,CE,Combined TRACON& Tower with Radar,76,36,41,57,210,0,1,35,4,40,76,37,76,61,250,18,36,54,304
12/21/2021,TUL,OK,ASW,CE,Combined TRACON& Tower with Radar,83,39,41,75,238,0,3,50,9,62,83,42,91,84,300,16,26,42,342
12/22/2021,TUL,OK,ASW,CE,Combined TRACON& Tower with Radar,91,35,61,53,240,0,2,43,4,49,91,37,104,57,289,4,76,80,369
12/23/2021,TUL,OK,ASW,CE,Combined TRACON& Tower with Radar,91,37,32,0,160,0,0,13,0,13,91,37,45,0,173,14,0,14,187
12/24/2021,TUL,OK,ASW,CE,Combined TRACON& Tower with Radar,71,27,6,0,104,0,0,3,0,3,71,27,9,0,107,0,0,0,107
12/25/2021,TUL,OK,ASW,CE,Combined TRACON& Tower with Radar,48,26,9,0,83,0,0,10,0,10,48,26,19,0,93,4,0,4,97
12/26/2021,TUL,OK,ASW,CE,Combined TRACON& Tower with Radar,75,44,25,0,144,0,0,14,0,14,75,44,39,0,158,0,0,0,158
12/27/2021,TUL,OK,ASW,CE,Combined TRACON& Tower with Radar,70,63,49,15,197,0,2,19,3,24,70,65,68,18,221,16,8,24,245
12/28/2021,TUL,OK,ASW,CE,Combined TRACON& Tower with Radar,86,39,48,7,180,0,1,13,6,20,86,40,61,13,200,0,14,14,214
12/29/2021,TUL,OK,ASW,CE,Combined TRACON& Tower with Radar,89,29,51,6,175,0,0,15,0,15,89,29,66,6,190,12,0,12,202
12/30/2021,TUL,OK,ASW,CE,Combined TRACON& Tower with Radar,86,35,16,0,137,0,0,15,0,15,86,35,31,0,152,2,0,2,154
12/31/2021,TUL,OK,ASW,CE,Combined TRACON& Tower with Radar,72,35,25,0,132,0,0,8,0,8,72,35,33,0,140,0,0,0,140
01/01/2022,TUL,OK,ASW,CE,Combined TRACON& Tower with Radar,48,22,10,0,80,0,0,0,0,0,48,22,10,0,80,0,0,0,80
01/02/2022,TUL,OK,ASW,CE,Combined TRACON& Tower with Radar,63,33,50,0,146,0,0,1,0,1,63,33,51,0,147,0,0,0,147
01/03/2022,TUL,OK,ASW,CE,Combined TRACON& Tower with Radar,67,48,42,10,167,0,1,11,4,16,67,49,53,14,183,0,16,16,199
01/04/2022,TUL,OK,ASW,CE,Combined TRACON& Tower with Radar,77,39,36,15,167,0,2,10,4,16,77,41,46,19,183,0,4,4,187
01/05/2022,TUL,OK,ASW,CE,Combined TRACON& Tower with Radar,72,29,27,42,170,0,0,15,5,20,72,29,42,47,190,0,4,4,194
01/06/2022,TUL,OK,ASW,CE,Combined TRACON& Tower with Radar,76,25,23,16,140,0,2,5,2,9,76,27,28,18,149,6,46,52,201
01/07/2022,TUL,OK,ASW,CE,Combined TRACON& Tower with Radar,81,39,31,45,196,0,1,23,4,28,81,40,54,49,224,6,18,24,248
01/08/2022,TUL,OK,ASW,CE,Combined TRACON& Tower with Radar,58,33,16,5,112,0,0,2,0,2,58,33,18,5,114,0,0,0,114
01/09/2022,TUL,OK,ASW,CE,Combined TRACON& Tower with Radar,76,33,26,4,139,0,2,15,0,17,76,35,41,4,156,4,12,16,172
01/10/2022,TUL,OK,ASW,CE,Combined TRACON& Tower with Radar,80,28,42,60,210,0,1,27,7,35,80,29,69,67,245,42,38,80,325
01/11/2022,TUL,OK,ASW,CE,Combined TRACON& Tower with Radar,75,37,51,80,243,0,2,36,9,47,75,39,87,89,290,8,50,58,348
01/12/2022,TUL,OK,ASW,CE,Combined TRACON& Tower with Radar,78,37,36,53,204,0,3,36,5,44,78,40,72,58,248,42,6,48,296
01/13/2022,TUL,OK,ASW,CE,Combined TRACON& Tower with Radar,90,46,46,63,245,0,6,24,9,39,90,52,70,72,284,0,62,62,346
01/14/2022,TUL,OK,ASW,CE,Combined TRACON& Tower with Radar,82,43,31,57,213,0,1,10,6,17,82,44,41,63,230,4,26,30,260
01/15/2022,TUL,OK,ASW,CE,Combined TRACON& Tower with Radar,67,34,16,0,117,0,0,0,0,0,67,34,16,0,117,0,0,0,117
01/16/2022,TUL,OK,ASW,CE,Combined TRACON& Tower with Radar,64,31,37,0,132,0,0,10,0,10,64,31,47,0,142,0,0,0,142
01/17/2022,TUL,OK,ASW,CE,Combined TRACON& Tower with Radar,83,36,60,0,179,0,0,40,2,42,83,36,100,2,221,36,0,36,257
01/18/2022,TUL,OK,ASW,CE,Combined TRACON& Tower with Radar,78,43,37,85,243,0,6,24,6,36,78,49,61,91,279,6,40,46,325
01/19/2022,TUL,OK,ASW,CE,Combined TRACON& Tower with Radar,80,40,41,10,171,0,4,4,3,11,80,44,45,13,182,10,8,18,200
01/20/2022,TUL,OK,ASW,CE,Combined TRACON& Tower with Radar,85,52,37,48,222,0,5,34,4,43,85,57,71,52,265,14,14,28,293
01/21/2022,TUL,OK,ASW,CE,Combined TRACON& Tower with Radar,93,28,63,55,239,0,5,28,6,39,93,33,91,61,278,0,28,28,306
01/22/2022,TUL,OK,ASW,CE,Combined TRACON& Tower with Radar,64,20,30,6,120,0,1,15,3,19,64,21,45,9,139,0,16,16,155
01/23/2022,TUL,OK,ASW,CE,Combined TRACON& Tower with Radar,78,40,37,8,163,0,3,31,0,34,78,43,68,8,197,6,8,14,211
01/24/2022,TUL,OK,ASW,CE,Combined TRACON& Tower with Radar,82,28,44,65,219,0,0,22,2,24,82,28,66,67,243,6,24,30,273
01/25/2022,TUL,OK,ASW,CE,Combined TRACON& Tower with Radar,80,32,46,102,260,0,3,20,13,36,80,35,66,115,296,10,48,58,354
01/26/2022,TUL,OK,ASW,CE,Combined TRACON& Tower with Radar,78,31,43,29,181,0,0,10,3,13,78,31,53,32,194,8,32,40,234
01/27/2022,TUL,OK,ASW,CE,Combined TRACON& Tower with Radar,90,37,60,43,230,0,5,11,3,19,90,42,71,46,249,12,26,38,287
01/28/2022,TUL,OK,ASW,CE,Combined TRACON& Tower with Radar,86,29,44,60,219,0,2,28,6,36,86,31,72,66,255,0,6,6,261
01/29/2022,TUL,OK,ASW,CE,Combined TRACON& Tower with Radar,66,27,27,16,136,0,1,34,0,35,66,28,61,16,171,16,0,16,187
01/30/2022,TUL,OK,ASW,CE,Combined TRACON& Tower with Radar,74,24,30,4,132,0,2,27,2,31,74,26,57,6,163,64,0,64,227
01/31/2022,TUL,OK,ASW,CE,Combined TRACON& Tower with Radar,80,29,62,54,225,0,1,24,2,27,80,30,86,56,252,10,22,32,284
02/01/2022,TUL,OK,ASW,CE,Combined TRACON& Tower with Radar,72,39,41,17,169,0,0,6,3,9,72,39,47,20,178,0,0,0,178
02/02/2022,TUL,OK,ASW,CE,Combined TRACON& Tower with Radar,45,17,13,0,75,0,0,2,0,2,45,17,15,0,77,0,0,0,77
02/03/2022,TUL,OK,ASW,CE,Combined TRACON& Tower with Radar,31,15,14,0,60,0,0,0,0,0,31,15,14,0,60,0,0,0,60
02/04/2022,TUL,OK,ASW,CE,Combined TRACON& Tower with Radar,53,27,32,0,112,0,0,8,0,8,53,27,40,0,120,0,0,0,120
02/05/2022,TUL,OK,ASW,CE,Combined TRACON& Tower with Radar,59,30,31,2,122,0,5,11,0,16,59,35,42,2,138,4,0,4,142
02/06/2022,TUL,OK,ASW,CE,Combined TRACON& Tower with Radar,71,24,25,0,120,0,3,17,0,20,71,27,42,0,140,20,0,20,160
02/07/2022,TUL,OK,ASW,CE,Combined TRACON& Tower with Radar,86,43,47,72,248,0,2,25,3,30,86,45,72,75,278,2,24,26,304
02/08/2022,TUL,OK,ASW,CE,Combined TRACON& Tower with Radar,80,45,41,87,253,0,7,35,6,48,80,52,76,93,301,0,32,32,333
02/09/2022,TUL,OK,ASW,CE,Combined TRACON& Tower with Radar,78,36,45,88,247,0,3,19,6,28,78,39,64,94,275,16,48,64,339
02/10/2022,TUL,OK,ASW,CE,Combined TRACON& Tower with Radar,88,48,43,42,221,0,4,28,3,35,88,52,71,45,256,16,34,50,306
02/11/2022,TUL,OK,ASW,CE,Combined TRACON& Tower with Radar,77,43,39,43,202,0,7,31,1,39,77,50,70,44,241,12,0,12,253
02/12/2022,TUL,OK,ASW,CE,Combined TRACON& Tower with Radar,62,36,13,33,144,0,0,17,4,21,62,36,30,37,165,14,8,22,187
02/13/2022,TUL,OK,ASW,CE,Combined TRACON& Tower with Radar,67,31,25,1,124,0,0,18,0,18,67,31,43,1,142,0,0,0,142
02/14/2022,TUL,OK,ASW,CE,Combined TRACON& Tower with Radar,77,41,30,57,205,0,7,28,11,46,77,48,58,68,251,8,80,88,339
02/15/2022,TUL,OK,ASW,CE,Combined TRACON& Tower with Radar,78,43,26,118,265,0,2,16,8,26,78,45,42,126,291,0,58,58,349
02/16/2022,TUL,OK,ASW,CE,Combined TRACON& Tower with Radar,78,42,41,49,210,0,0,0,4,4,78,42,41,53,214,6,20,26,240
02/17/2022,TUL,OK,ASW,CE,Combined TRACON& Tower with Radar,89,34,26,0,149,0,0,0,1,1,89,34,26,1,150,0,0,0,150
02/18/2022,TUL,OK,ASW,CE,Combined TRACON& Tower with Radar,79,52,32,28,191,0,7,23,4,34,79,59,55,32,225,18,10,28,253
02/19/2022,TUL,OK,ASW,CE,Combined TRACON& Tower with Radar,68,37,25,5,135,0,3,27,3,33,68,40,52,8,168,24,2,26,194
02/20/2022,TUL,OK,ASW,CE,Combined TRACON& Tower with Radar,64,32,24,10,130,0,2,7,0,9,64,34,31,10,139,6,6,12,151
02/21/2022,TUL,OK,ASW,CE,Combined TRACON& Tower with Radar,75,40,37,2,154,0,2,7,2,11,75,42,44,4,165,12,0,12,177
02/22/2022,TUL,OK,ASW,CE,Combined TRACON& Tower with Radar,81,50,61,82,274,0,0,3,1,4,81,50,64,83,278,0,42,42,320
02/23/2022,TUL,OK,ASW,CE,Combined TRACON& Tower with Radar,28,27,23,0,78,0,0,0,0,0,28,27,23,0,78,0,0,0,78
02/24/2022,TUL,OK,ASW,CE,Combined TRACON& Tower with Radar,56,26,28,0,110,0,0,0,0,0,56,26,28,0,110,0,0,0,110
02/25/2022,TUL,OK,ASW,CE,Combined TRACON& Tower with Radar,88,44,57,2,191,0,2,8,0,10,88,46,65,2,201,0,0,0,201
02/26/2022,TUL,OK,ASW,CE,Combined TRACON& Tower with Radar,65,35,29,9,138,0,2,3,2,7,65,37,32,11,145,0,10,10,155
02/27/2022,TUL,OK,ASW,CE,Combined TRACON& Tower with Radar,73,30,48,18,169,0,0,29,0,29,73,30,77,18,198,8,4,12,210
02/28/2022,TUL,OK,ASW,CE,Combined TRACON& Tower with Radar,81,44,47,38,210,0,4,33,2,39,81,48,80,40,249,4,42,46,295
03/01/2022,TUL,OK,ASW,CE,Combined TRACON& Tower with Radar,74,41,46,37,198,0,2,37,13,52,74,43,83,50,250,0,6,6,256
03/02/2022,TUL,OK,ASW,CE,Combined TRACON& Tower with Radar,76,47,48,12,183,0,2,19,5,26,76,49,67,17,209,0,22,22,231
03/03/2022,TUL,OK,ASW,CE,Combined TRACON& Tower with Radar,83,63,54,58,258,0,4,30,7,41,83,67,84,65,299,0,94,94,393
03/04/2022,TUL,OK,ASW,CE,Combined TRACON& Tower with Radar,93,54,46,51,244,0,2,14,10,26,93,56,60,61,270,0,22,22,292
03/05/2022,TUL,OK,ASW,CE,Combined TRACON& Tower with Radar,61,41,37,43,182,0,0,1,0,1,61,41,38,43,183,0,12,12,195
03/06/2022,TUL,OK,ASW,CE,Combined TRACON& Tower with Radar,69,53,24,8,154,0,2,2,0,4,69,55,26,8,158,0,16,16,174
03/07/2022,TUL,OK,ASW,CE,Combined TRACON& Tower with Radar,80,40,57,38,215,0,2,11,1,14,80,42,68,39,229,6,14,20,249
03/08/2022,TUL,OK,ASW,CE,Combined TRACON& Tower with Radar,82,42,50,73,247,0,0,30,7,37,82,42,80,80,284,2,48,50,334
03/09/2022,TUL,OK,ASW,CE,Combined TRACON& Tower with Radar,74,41,50,95,260,0,4,29,5,38,74,45,79,100,298,0,42,42,340
03/10/2022,TUL,OK,ASW,CE,Combined TRACON& Tower with Radar,81,53,53,21,208,0,6,18,7,31,81,59,71,28,239,14,18,32,271
03/11/2022,TUL,OK,ASW,CE,Combined TRACON& Tower with Radar,85,49,32,0,166,0,0,3,1,4,85,49,35,1,170,2,0,2,172
03/12/2022,TUL,OK,ASW,CE,Combined TRACON& Tower with Radar,63,62,32,6,163,0,5,25,3,33,63,67,57,9,196,6,0,6,202
03/13/2022,TUL,OK,ASW,CE,Combined TRACON& Tower with Radar,74,51,44,0,169,0,2,14,0,16,74,53,58,0,185,4,2,6,191
03/14/2022,TUL,OK,ASW,CE,Combined TRACON& Tower with Radar,94,36,51,27,208,0,2,2,2,6,94,38,53,29,214,0,6,6,220
03/15/2022,TUL,OK,ASW,CE,Combined TRACON& Tower with Radar,81,41,39,34,195,0,0,33,5,38,81,41,72,39,233,0,46,46,279
03/16/2022,TUL,OK,ASW,CE,Combined TRACON& Tower with Radar,82,50,50,69,251,0,3,33,13,49,82,53,83,82,300,8,24,32,332
03/17/2022,TUL,OK,ASW,CE,Combined TRACON& Tower with Radar,81,44,34,72,231,0,2,21,7,30,81,46,55,79,261,0,44,44,305
03/18/2022,TUL,OK,ASW,CE,Combined TRACON& Tower with Radar,94,47,42,11,194,0,0,5,0,5,94,47,47,11,199,0,0,0,199
03/19/2022,TUL,OK,ASW,CE,Combined TRACON& Tower with Radar,61,50,42,2,155,0,1,31,4,36,61,51,73,6,191,0,0,0,191
03/20/2022,TUL,OK,ASW,CE,Combined TRACON& Tower with Radar,75,41,39,8,163,0,1,16,0,17,75,42,55,8,180,0,0,0,180
03/21/2022,TUL,OK,ASW,CE,Combined TRACON& Tower with Radar,73,36,54,5,168,0,0,1,2,3,73,36,55,7,171,0,4,4,175
03/22/2022,TUL,OK,ASW,CE,Combined TRACON& Tower with Radar,81,53,38,27,199,0,0,3,5,8,81,53,41,32,207,0,4,4,211
03/23/2022,TUL,OK,ASW,CE,Combined TRACON& Tower with Radar,76,48,48,43,215,0,6,9,7,22,76,54,57,50,237,6,2,8,245
03/24/2022,TUL,OK,ASW,CE,Combined TRACON& Tower with Radar,82,41,61,76,260,0,4,26,3,33,82,45,87,79,293,8,26,34,327
03/25/2022,TUL,OK,ASW,CE,Combined TRACON& Tower with Radar,90,50,53,51,244,0,5,50,6,61,90,55,103,57,305,16,50,66,371
03/26/2022,TUL,OK,ASW,CE,Combined TRACON& Tower with Radar,59,32,24,2,117,0,9,37,0,46,59,41,61,2,163,4,0,4,167
03/27/2022,TUL,OK,ASW,CE,Combined TRACON& Tower with Radar,80,37,31,9,157,0,3,23,5,31,80,40,54,14,188,0,6,6,194
03/28/2022,TUL,OK,ASW,CE,Combined TRACON& Tower with Radar,84,30,37,72,223,0,3,33,2,38,84,33,70,74,261,0,26,26,287
03/29/2022,TUL,OK,ASW,CE,Combined TRACON& Tower with Radar,81,42,36,45,204,0,2,14,6,22,81,44,50,51,226,4,30,34,260
03/30/2022,TUL,OK,ASW,CE,Combined TRACON& Tower with Radar,79,31,42,45,197,0,0,1,3,4,79,31,43,48,201,0,14,14,215
03/31/2022,TUL,OK,ASW,CE,Combined TRACON& Tower with Radar,77,44,70,15,206,0,4,16,4,24,77,48,86,19,230,4,30,34,264
04/01/2022,TUL,OK,ASW,CE,Combined TRACON& Tower with Radar,92,41,49,15,197,0,1,26,2,29,92,42,75,17,226,0,6,6,232
04/02/2022,TUL,OK,ASW,CE,Combined TRACON& Tower with Radar,60,32,25,16,133,0,2,28,1,31,60,34,53,17,164,0,4,4,168
04/03/2022,TUL,OK,ASW,CE,Combined TRACON& Tower with Radar,79,37,33,11,160,0,5,17,3,25,79,42,50,14,185,0,12,12,197
04/04/2022,TUL,OK,ASW,CE,Combined TRACON& Tower with Radar,85,38,26,17,166,0,1,0,0,1,85,39,26,17,167,0,34,34,201
04/05/2022,TUL,OK,ASW,CE,Combined TRACON& Tower with Radar,83,38,38,75,234,0,0,10,4,14,83,38,48,79,248,6,58,64,312
04/06/2022,TUL,OK,ASW,CE,Combined TRACON& Tower with Radar,82,35,39,22,178,0,1,8,2,11,82,36,47,24,189,0,16,16,205
04/07/2022,TUL,OK,ASW,CE,Combined TRACON& Tower with Radar,87,37,41,38,203,0,1,5,8,14,87,38,46,46,217,2,32,34,251
04/08/2022,TUL,OK,ASW,CE,Combined TRACON& Tower with Radar,93,43,46,54,236,0,2,17,5,24,93,45,63,59,260,16,38,54,314
04/09/2022,TUL,OK,ASW,CE,Combined TRACON& Tower with Radar,66,31,28,30,155,0,10,30,5,45,66,41,58,35,200,0,24,24,224
04/10/2022,TUL,OK,ASW,CE,Combined TRACON& Tower with Radar,76,35,39,55,205,0,1,9,8,18,76,36,48,63,223,4,6,10,233
04/11/2022,TUL,OK,ASW,CE,Combined TRACON& Tower with Radar,87,31,58,19,195,0,0,6,2,8,87,31,64,21,203,0,0,0,203
04/12/2022,TUL,OK,ASW,CE,Combined TRACON& Tower with Radar,89,51,51,50,241,0,1,5,7,13,89,52,56,57,254,0,22,22,276
04/13/2022,TUL,OK,ASW,CE,Combined TRACON& Tower with Radar,84,39,32,21,176,0,2,5,7,14,84,41,37,28,190,2,12,14,204
04/14/2022,TUL,OK,ASW,CE,Combined TRACON& Tower with Radar,88,49,52,39,228,0,10,32,10,52,88,59,84,49,280,4,38,42,322
04/15/2022,TUL,OK,ASW,CE,Combined TRACON& Tower with Radar,90,35,30,9,164,0,2,12,6,20,90,37,42,15,184,10,34,44,228
04/16/2022,TUL,OK,ASW,CE,Combined TRACON& Tower with Radar,65,31,18,0,114,0,0,3,0,3,65,31,21,0,117,0,0,0,117
04/17/2022,TUL,OK,ASW,CE,Combined TRACON& Tower with Radar,71,31,17,0,119,0,0,1,0,1,71,31,18,0,120,0,0,0,120
04/18/2022,TUL,OK,ASW,CE,Combined TRACON& Tower with Radar,87,54,35,95,271,0,4,34,4,42,87,58,69,99,313,2,46,48,361
04/19/2022,TUL,OK,ASW,CE,Combined TRACON& Tower with Radar,84,29,54,57,224,0,0,20,7,27,84,29,74,64,251,2,32,34,285
04/20/2022,TUL,OK,ASW,CE,Combined TRACON& Tower with Radar,82,33,51,51,217,0,2,0,1,3,82,35,51,52,220,0,0,0,220
04/21/2022,TUL,OK,ASW,CE,Combined TRACON& Tower with Radar,83,40,66,68,257,0,0,7,5,12,83,40,73,73,269,0,10,10,279
04/22/2022,TUL,OK,ASW,CE,Combined TRACON& Tower with Radar,89,44,36,60,229,0,2,8,6,16,89,46,44,66,245,0,4,4,249
04/23/2022,TUL,OK,ASW,CE,Combined TRACON& Tower with Radar,72,26,19,2,119,0,0,1,0,1,72,26,20,2,120,0,0,0,120
04/24/2022,TUL,OK,ASW,CE,Combined TRACON& Tower with Radar,68,22,28,4,122,0,0,0,0,0,68,22,28,4,122,0,0,0,122
04/25/2022,TUL,OK,ASW,CE,Combined TRACON& Tower with Radar,89,34,35,49,207,0,0,21,2,23,89,34,56,51,230,4,24,28,258
04/26/2022,TUL,OK,ASW,CE,Combined TRACON& Tower with Radar,92,44,40,18,194,0,2,38,4,44,92,46,78,22,238,0,0,0,238
04/27/2022,TUL,OK,ASW,CE,Combined TRACON& Tower with Radar,80,47,36,30,193,0,0,30,8,38,80,47,66,38,231,0,0,0,231
04/28/2022,TUL,OK,ASW,CE,Combined TRACON& Tower with Radar,87,46,38,28,199,0,2,10,1,13,87,48,48,29,212,0,16,16,228
04/29/2022,TUL,OK,ASW,CE,Combined TRACON& Tower with Radar,90,34,28,39,191,0,0,1,4,5,90,34,29,43,196,0,0,0,196
04/30/2022,TUL,OK,ASW,CE,Combined TRACON& Tower with Radar,67,26,25,19,137,0,1,12,3,16,67,27,37,22,153,0,14,14,167
05/01/2022,TUL,OK,ASW,CE,Combined TRACON& Tower with Radar,72,33,23,17,145,0,3,15,3,21,72,36,38,20,166,12,22,34,200
05/02/2022,TUL,OK,ASW,CE,Combined TRACON& Tower with Radar,87,36,32,6,161,0,0,0,1,1,87,36,32,7,162,0,4,4,166
05/03/2022,TUL,OK,ASW,CE,Combined TRACON& Tower with Radar,86,49,77,29,241,0,0,14,3,17,86,49,91,32,258,2,18,20,278
05/04/2022,TUL,OK,ASW,CE,Combined TRACON& Tower with Radar,72,30,27,0,129,0,0,0,0,0,72,30,27,0,129,0,0,0,129
05/05/2022,TUL,OK,ASW,CE,Combined TRACON& Tower with Radar,83,40,40,6,169,0,0,1,6,7,83,40,41,12,176,0,16,16,192
05/06/2022,TUL,OK,ASW,CE,Combined TRACON& Tower with Radar,97,42,48,28,215,0,0,16,11,27,97,42,64,39,242,26,0,26,268
05/07/2022,TUL,OK,ASW,CE,Combined TRACON& Tower with Radar,67,23,19,5,114,0,0,33,2,35,67,23,52,7,149,10,0,10,159
05/08/2022,TUL,OK,ASW,CE,Combined TRACON& Tower with Radar,73,43,28,14,158,0,0,2,2,4,73,43,30,16,162,0,2,2,164
05/09/2022,TUL,OK,ASW,CE,Combined TRACON& Tower with Radar,89,34,44,32,199,0,3,7,4,14,89,37,51,36,213,24,28,52,265
05/10/2022,TUL,OK,ASW,CE,Combined TRACON& Tower with Radar,88,38,55,69,250,0,2,18,7,27,88,40,73,76,277,8,70,78,355
05/11/2022,TUL,OK,ASW,CE,Combined TRACON& Tower with Radar,88,34,44,23,189,0,3,22,1,26,88,37,66,24,215,0,8,8,223
05/12/2022,TUL,OK,ASW,CE,Combined TRACON& Tower with Radar,95,31,49,85,260,0,0,35,9,44,95,31,84,94,304,2,88,90,394
05/13/2022,TUL,OK,ASW,CE,Combined TRACON& Tower with Radar,93,30,43,18,184,0,3,15,1,19,93,33,58,19,203,0,28,28,231
05/14/2022,TUL,OK,ASW,CE,Combined TRACON& Tower with Radar,73,30,17,4,124,0,1,50,3,54,73,31,67,7,178,36,10,46,224
05/15/2022,TUL,OK,ASW,CE,Combined TRACON& Tower with Radar,76,43,24,5,148,0,3,7,1,11,76,46,31,6,159,4,0,4,163
05/16/2022,TUL,OK,ASW,CE,Combined TRACON& Tower with Radar,86,58,35,49,228,0,5,20,7,32,86,63,55,56,260,30,36,66,326
05/17/2022,TUL,OK,ASW,CE,Combined TRACON& Tower with Radar,91,46,40,31,208,0,0,15,3,18,91,46,55,34,226,0,42,42,268
05/18/2022,TUL,OK,ASW,CE,Combined TRACON& Tower with Radar,87,46,67,48,248,0,3,17,8,28,87,49,84,56,276,6,36,42,318
05/19/2022,TUL,OK,ASW,CE,Combined TRACON& Tower with Radar,92,52,89,28,261,0,2,18,9,29,92,54,107,37,290,10,20,30,320
05/20/2022,TUL,OK,ASW,CE,Combined TRACON& Tower with Radar,89,53,76,7,225,0,0,14,5,19,89,53,90,12,244,0,6,6,250
05/21/2022,TUL,OK,ASW,CE,Combined TRACON& Tower with Radar,76,49,35,2,162,0,0,0,0,0,76,49,35,2,162,0,0,0,162
05/22/2022,TUL,OK,ASW,CE,Combined TRACON& Tower with Radar,84,44,72,1,201,0,1,11,0,12,84,45,83,1,213,2,0,2,215
05/23/2022,TUL,OK,ASW,CE,Combined TRACON& Tower with Radar,87,46,52,10,195,0,0,1,3,4,87,46,53,13,199,0,0,0,199
05/24/2022,TUL,OK,ASW,CE,Combined TRACON& Tower with Radar,91,44,25,0,160,0,0,0,0,0,91,44,25,0,160,0,0,0,160
05/25/2022,TUL,OK,ASW,CE,Combined TRACON& Tower with Radar,103,45,57,11,216,0,0,2,2,4,103,45,59,13,220,0,0,0,220
05/26/2022,TUL,OK,ASW,CE,Combined TRACON& Tower with Radar,97,40,48,13,198,0,0,6,3,9,97,40,54,16,207,0,26,26,233
05/27/2022,TUL,OK,ASW,CE,Combined TRACON& Tower with Radar,88,40,23,0,151,0,2,33,1,36,88,42,56,1,187,12,0,12,199
05/28/2022,TUL,OK,ASW,CE,Combined TRACON& Tower with Radar,74,33,16,0,123,0,1,6,0,7,74,34,22,0,130,0,0,0,130
05/29/2022,TUL,OK,ASW,CE,Combined TRACON& Tower with Radar,80,22,14,0,116,0,1,5,1,7,80,23,19,1,123,2,0,2,125
05/30/2022,TUL,OK,ASW,CE,Combined TRACON& Tower with Radar,82,25,19,0,126,0,1,5,1,7,82,26,24,1,133,0,0,0,133
05/31/2022,TUL,OK,ASW,CE,Combined TRACON& Tower with Radar,85,35,52,42,214,0,0,10,2,12,85,35,62,44,226,14,0,14,240
06/01/2022,TUL,OK,ASW,CE,Combined TRACON& Tower with Radar,91,39,31,2,163,0,2,3,0,5,91,41,34,2,168,2,0,2,170
06/02/2022,TUL,OK,ASW,CE,Combined TRACON& Tower with Radar,89,50,30,7,176,0,3,28,3,34,89,53,58,10,210,6,0,6,216
06/03/2022,TUL,OK,ASW,CE,Combined TRACON& Tower with Radar,88,39,43,25,195,0,6,22,4,32,88,45,65,29,227,0,4,4,231
06/04/2022,TUL,OK,ASW,CE,Combined TRACON& Tower with Radar,74,36,13,32,155,0,9,13,5,27,74,45,26,37,182,12,36,48,230
06/05/2022,TUL,OK,ASW,CE,Combined TRACON& Tower with Radar,90,26,20,7,143,0,2,10,0,12,90,28,30,7,155,0,0,0,155
06/06/2022,TUL,OK,ASW,CE,Combined TRACON& Tower with Radar,93,41,41,38,213,0,2,21,5,28,93,43,62,43,241,2,10,12,253
06/07/2022,TUL,OK,ASW,CE,Combined TRACON& Tower with Radar,102,50,40,22,214,0,2,19,0,21,102,52,59,22,235,0,18,18,253
06/08/2022,TUL,OK,ASW,CE,Combined TRACON& Tower with Radar,96,45,35,22,198,0,1,10,1,12,96,46,45,23,210,24,44,68,278
06/09/2022,TUL,OK,ASW,CE,Combined TRACON& Tower with Radar,96,50,42,12,200,0,8,41,7,56,96,58,83,19,256,2,8,10,266
06/10/2022,TUL,OK,ASW,CE,Combined TRACON& Tower with Radar,99,61,38,12,210,0,2,23,4,29,99,63,61,16,239,22,8,30,269
06/11/2022,TUL,OK,ASW,CE,Combined TRACON& Tower with Radar,78,35,18,27,158,0,6,35,1,42,78,41,53,28,200,24,0,24,224
06/12/2022,TUL,OK,ASW,CE,Combined TRACON& Tower with Radar,93,51,35,24,203,0,0,20,0,20,93,51,55,24,223,6,0,6,229
06/13/2022,TUL,OK,ASW,CE,Combined TRACON& Tower with Radar,98,53,44,90,285,0,5,16,7,28,98,58,60,97,313,16,78,94,407
06/14/2022,TUL,OK,ASW,CE,Combined TRACON& Tower with Radar,94,33,29,51,207,0,2,21,9,32,94,35,50,60,239,8,12,20,259
06/15/2022,TUL,OK,ASW,CE,Combined TRACON& Tower with Radar,99,42,45,91,277,0,3,16,4,23,99,45,61,95,300,0,62,62,362
06/16/2022,TUL,OK,ASW,CE,Combined TRACON& Tower with Radar,95,45,43,65,248,0,5,15,12,32,95,50,58,77,280,2,78,80,360
06/17/2022,TUL,OK,ASW,CE,Combined TRACON& Tower with Radar,96,51,34,77,258,0,5,19,9,33,96,56,53,86,291,0,40,40,331
06/18/2022,TUL,OK,ASW,CE,Combined TRACON& Tower with Radar,76,22,20,2,120,0,2,22,1,25,76,24,42,3,145,0,0,0,145
06/19/2022,TUL,OK,ASW,CE,Combined TRACON& Tower with Radar,89,28,15,0,132,0,0,13,0,13,89,28,28,0,145,0,0,0,145
06/20/2022,TUL,OK,ASW,CE,Combined TRACON& Tower with Radar,98,46,41,1,186,0,2,19,2,23,98,48,60,3,209,20,0,20,229
06/21/2022,TUL,OK,ASW,CE,Combined TRACON& Tower with Radar,93,48,44,77,262,0,3,25,3,31,93,51,69,80,293,10,56,66,359
06/22/2022,TUL,OK,ASW,CE,Combined TRACON& Tower with Radar,98,50,29,100,277,0,4,15,10,29,98,54,44,110,306,4,44,48,354
06/23/2022,TUL,OK,ASW,CE,Combined TRACON& Tower with Radar,99,42,52,59,252,0,1,16,7,24,99,43,68,66,276,6,38,44,320
06/24/2022,TUL,OK,ASW,CE,Combined TRACON& Tower with Radar,100,40,34,79,253,0,13,16,8,37,100,53,50,87,290,26,52,78,368
06/25/2022,TUL,OK,ASW,CE,Combined TRACON& Tower with Radar,72,24,21,26,143,0,3,16,0,19,72,27,37,26,162,10,0,10,172
06/26/2022,TUL,OK,ASW,CE,Combined TRACON& Tower with Radar,92,38,19,20,169,0,0,8,4,12,92,38,27,24,181,20,10,30,211
06/27/2022,TUL,OK,ASW,CE,Combined TRACON& Tower with Radar,93,29,46,77,245,0,4,29,2,35,93,33,75,79,280,24,22,46,326
06/28/2022,TUL,OK,ASW,CE,Combined TRACON& Tower with Radar,98,30,43,63,234,0,12,35,5,52,98,42,78,68,286,106,28,134,420
06/29/2022,TUL,OK,ASW,CE,Combined TRACON& Tower with Radar,101,48,30,60,239,0,1,33,10,44,101,49,63,70,283,12,14,26,309
06/30/2022,TUL,OK,ASW,CE,Combined TRACON& Tower with Radar,102,52,37,64,255,0,6,25,5,36,102,58,62,69,291,22,56,78,369
07/01/2022,TUL,OK,ASW,CE,Combined TRACON& Tower with Radar,104,53,38,2,197,0,9,44,0,53,104,62,82,2,250,40,0,40,290
07/02/2022,TUL,OK,ASW,CE,Combined TRACON& Tower with Radar,73,28,24,4,129,0,6,16,0,22,73,34,40,4,151,50,0,50,201
07/03/2022,TUL,OK,ASW,CE,Combined TRACON& Tower with Radar,83,25,18,0,126,0,3,8,0,11,83,28,26,0,137,2,0,2,139
07/04/2022,TUL,OK,ASW,CE,Combined TRACON& Tower with Radar,91,24,12,1,128,0,5,11,1,17,91,29,23,2,145,8,8,16,161
07/05/2022,TUL,OK,ASW,CE,Combined TRACON& Tower with Radar,83,41,34,80,238,0,5,14,6,25,83,46,48,86,263,10,32,42,305
07/06/2022,TUL,OK,ASW,CE,Combined TRACON& Tower with Radar,94,45,59,81,279,0,0,14,7,21,94,45,73,88,300,6,46,52,352
07/07/2022,TUL,OK,ASW,CE,Combined TRACON& Tower with Radar,103,50,50,86,289,0,3,20,15,38,103,53,70,101,327,6,70,76,403
07/08/2022,TUL,OK,ASW,CE,Combined TRACON& Tower with Radar,100,36,41,29,206,0,8,29,6,43,100,44,70,35,249,34,10,44,293
07/09/2022,TUL,OK,ASW,CE,Combined TRACON& Tower with Radar,74,28,37,6,145,0,2,22,4,28,74,30,59,10,173,20,2,22,195
07/10/2022,TUL,OK,ASW,CE,Combined TRACON& Tower with Radar,94,31,29,16,170,0,0,22,2,24,94,31,51,18,194,6,18,24,218
07/11/2022,TUL,OK,ASW,CE,Combined TRACON& Tower with Radar,97,40,12,44,193,0,5,12,3,20,97,45,24,47,213,20,36,56,269
07/12/2022,TUL,OK,ASW,CE,Combined TRACON& Tower with Radar,94,42,49,102,287,0,2,20,14,36,94,44,69,116,323,16,74,90,413
07/13/2022,TUL,OK,ASW,CE,Combined TRACON& Tower with Radar,104,42,48,54,248,0,1,30,9,40,104,43,78,63,288,18,22,40,328
07/14/2022,TUL,OK,ASW,CE,Combined TRACON& Tower with Radar,98,35,30,49,212,0,14,25,9,48,98,49,55,58,260,166,90,256,516
07/15/2022,TUL,OK,ASW,CE,Combined TRACON& Tower with Radar,100,39,41,23,203,0,8,19,12,39,100,47,60,35,242,18,22,40,282
07/16/2022,TUL,OK,ASW,CE,Combined TRACON& Tower with Radar,76,34,21,0,131,0,8,9,3,20,76,42,30,3,151,34,0,34,185
07/17/2022,TUL,OK,ASW,CE,Combined TRACON& Tower with Radar,85,38,30,33,186,0,8,15,5,28,85,46,45,38,214,0,4,4,218
07/18/2022,TUL,OK,ASW,CE,Combined TRACON& Tower with Radar,98,39,34,74,245,0,8,12,3,23,98,47,46,77,268,24,70,94,362
07/19/2022,TUL,OK,ASW,CE,Combined TRACON& Tower with Radar,90,35,47,65,237,0,7,29,7,43,90,42,76,72,280,34,48,82,362
07/20/2022,TUL,OK,ASW,CE,Combined TRACON& Tower with Radar,98,39,30,58,225,0,3,13,4,20,98,42,43,62,245,12,10,22,267
07/21/2022,TUL,OK,ASW,CE,Combined TRACON& Tower with Radar,98,44,42,44,228,0,7,12,2,21,98,51,54,46,249,18,26,44,293
07/22/2022,TUL,OK,ASW,CE,Combined TRACON& Tower with Radar,96,43,28,49,216,0,3,20,4,27,96,46,48,53,243,0,30,30,273
07/23/2022,TUL,OK,ASW,CE,Combined TRACON& Tower with Radar,68,42,26,0,136,0,1,12,0,13,68,43,38,0,149,0,0,0,149
07/24/2022,TUL,OK,ASW,CE,Combined TRACON& Tower with Radar,81,42,30,8,161,0,2,11,4,17,81,44,41,12,178,22,0,22,200
07/25/2022,TUL,OK,ASW,CE,Combined TRACON& Tower with Radar,97,47,31,96,271,0,2,13,6,21,97,49,44,102,292,30,48,78,370
07/26/2022,TUL,OK,ASW,CE,Combined TRACON& Tower with Radar,89,46,47,85,267,0,4,17,6,27,89,50,64,91,294,8,80,88,382
07/27/2022,TUL,OK,ASW,CE,Combined TRACON& Tower with Radar,91,50,46,39,226,0,4,18,8,30,91,54,64,47,256,24,46,70,326
07/28/2022,TUL,OK,ASW,CE,Combined TRACON& Tower with Radar,94,40,35,37,206,0,6,10,6,22,94,46,45,43,228,46,30,76,304
07/29/2022,TUL,OK,ASW,CE,Combined TRACON& Tower with Radar,104,37,21,0,162,0,2,2,0,4,104,39,23,0,166,8,0,8,174
07/30/2022,TUL,OK,ASW,CE,Combined TRACON& Tower with Radar,71,25,30,0,126,0,0,5,0,5,71,25,35,0,131,0,0,0,131
07/31/2022,TUL,OK,ASW,CE,Combined TRACON& Tower with Radar,81,39,26,2,148,0,2,9,0,11,81,41,35,2,159,2,6,8,167
08/01/2022,TUL,OK,ASW,CE,Combined TRACON& Tower with Radar,91,40,37,50,218,0,3,13,5,21,91,43,50,55,239,22,36,58,297
08/02/2022,TUL,OK,ASW,CE,Combined TRACON& Tower with Radar,88,41,50,49,228,0,4,25,10,39,88,45,75,59,267,48,44,92,359
08/03/2022,TUL,OK,ASW,CE,Combined TRACON& Tower with Radar,94,41,45,57,237,0,5,21,11,37,94,46,66,68,274,4,60,64,338
08/04/2022,TUL,OK,ASW,CE,Combined TRACON& Tower with Radar,96,35,44,12,187,0,4,9,1,14,96,39,53,13,201,38,32,70,271
08/05/2022,TUL,OK,ASW,CE,Combined TRACON& Tower with Radar,95,34,37,46,212,0,5,26,14,45,95,39,63,60,257,66,36,102,359
08/06/2022,TUL,OK,ASW,CE,Combined TRACON& Tower with Radar,70,28,25,22,145,0,3,38,6,47,70,31,63,28,192,22,38,60,252
08/07/2022,TUL,OK,ASW,CE,Combined TRACON& Tower with Radar,85,28,38,41,192,0,6,11,3,20,85,34,49,44,212,0,22,22,234
08/08/2022,TUL,OK,ASW,CE,Combined TRACON& Tower with Radar,95,43,40,68,246,0,6,12,4,22,95,49,52,72,268,6,44,50,318
08/09/2022,TUL,OK,ASW,CE,Combined TRACON& Tower with Radar,99,49,19,55,222,0,4,10,9,23,99,53,29,64,245,4,66,70,315
08/10/2022,TUL,OK,ASW,CE,Combined TRACON& Tower with Radar,121,46,43,99,309,0,17,24,7,48,121,63,67,106,357,22,26,48,405
08/11/2022,TUL,OK,ASW,CE,Combined TRACON& Tower with Radar,87,48,26,93,254,0,6,21,11,38,87,54,47,104,292,36,64,100,392
08/12/2022,TUL,OK,ASW,CE,Combined TRACON& Tower with Radar,101,47,43,40,231,0,4,25,0,29,101,51,68,40,260,46,6,52,312
08/13/2022,TUL,OK,ASW,CE,Combined TRACON& Tower with Radar,69,30,31,4,134,0,8,18,0,26,69,38,49,4,160,10,0,10,170
08/14/2022,TUL,OK,ASW,CE,Combined TRACON& Tower with Radar,82,35,29,9,155,0,8,12,5,25,82,43,41,14,180,0,0,0,180
08/15/2022,TUL,OK,ASW,CE,Combined TRACON& Tower with Radar,89,41,55,38,223,0,7,25,11,43,89,48,80,49,266,6,18,24,290
08/16/2022,TUL,OK,ASW,CE,Combined TRACON& Tower with Radar,95,36,40,56,227,0,0,18,3,21,95,36,58,59,248,0,52,52,300
08/17/2022,TUL,OK,ASW,CE,Combined TRACON& Tower with Radar,101,38,51,32,222,0,0,3,5,8,101,38,54,37,230,0,8,8,238
08/18/2022,TUL,OK,ASW,CE,Combined TRACON& Tower with Radar,101,44,72,78,295,0,2,39,6,47,101,46,111,84,342,0,40,40,382
08/19/2022,TUL,OK,ASW,CE,Combined TRACON& Tower with Radar,95,42,36,55,228,0,7,30,7,44,95,49,66,62,272,10,22,32,304
08/20/2022,TUL,OK,ASW,CE,Combined TRACON& Tower with Radar,69,31,25,6,131,0,1,24,0,25,69,32,49,6,156,0,0,0,156
08/21/2022,TUL,OK,ASW,CE,Combined TRACON& Tower with Radar,86,34,23,5,148,0,0,5,0,5,86,34,28,5,153,10,0,10,163
08/22/2022,TUL,OK,ASW,CE,Combined TRACON& Tower with Radar,97,38,42,102,279,0,2,17,8,27,97,40,59,110,306,0,58,58,364
08/23/2022,TUL,OK,ASW,CE,Combined TRACON& Tower with Radar,88,38,45,41,212,0,3,15,5,23,88,41,60,46,235,10,92,102,337
08/24/2022,TUL,OK,ASW,CE,Combined TRACON& Tower with Radar,92,47,52,41,232,0,3,29,5,37,92,50,81,46,269,8,18,26,295
08/25/2022,TUL,OK,ASW,CE,Combined TRACON& Tower with Radar,93,41,51,62,247,0,6,30,9,45,93,47,81,71,292,14,38,52,344
08/26/2022,TUL,OK,ASW,CE,Combined TRACON& Tower with Radar,96,39,33,64,232,0,4,33,6,43,96,43,66,70,275,32,26,58,333
08/27/2022,TUL,OK,ASW,CE,Combined TRACON& Tower with Radar,69,25,22,3,119,0,8,30,2,40,69,33,52,5,159,12,0,12,171
08/28/2022,TUL,OK,ASW,CE,Combined TRACON& Tower with Radar,81,35,17,15,148,0,1,8,1,10,81,36,25,16,158,4,4,8,166
08/29/2022,TUL,OK,ASW,CE,Combined TRACON& Tower with Radar,87,34,28,7,156,0,0,9,2,11,87,34,37,9,167,0,2,2,169
08/30/2022,TUL,OK,ASW,CE,Combined TRACON& Tower with Radar,100,41,33,31,205,0,3,20,4,27,100,44,53,35,232,0,12,12,244
08/31/2022,TUL,OK,ASW,CE,Combined TRACON& Tower with Radar,95,45,45,47,232,0,11,35,5,51,95,56,80,52,283,6,10,16,299
09/01/2022,TUL,OK,ASW,CE,Combined TRACON& Tower with Radar,94,49,32,4,179,0,1,18,2,21,94,50,50,6,200,8,42,50,250
09/02/2022,TUL,OK,ASW,CE,Combined TRACON& Tower with Radar,108,54,41,0,203,0,4,8,0,12,108,58,49,0,215,54,0,54,269
09/03/2022,TUL,OK,ASW,CE,Combined TRACON& Tower with Radar,77,32,20,0,129,0,3,25,0,28,77,35,45,0,157,20,0,20,177
09/04/2022,TUL,OK,ASW,CE,Combined TRACON& Tower with Radar,66,20,18,0,104,0,0,8,0,8,66,20,26,0,112,0,0,0,112
09/05/2022,TUL,OK,ASW,CE,Combined TRACON& Tower with Radar,84,30,29,0,143,0,1,13,0,14,84,31,42,0,157,22,0,22,179
09/06/2022,TUL,OK,ASW,CE,Combined TRACON& Tower with Radar,92,42,27,92,253,0,4,15,1,20,92,46,42,93,273,10,64,74,347
09/07/2022,TUL,OK,ASW,CE,Combined TRACON& Tower with Radar,90,36,33,85,244,0,2,23,6,31,90,38,56,91,275,8,98,106,381
09/08/2022,TUL,OK,ASW,CE,Combined TRACON& Tower with Radar,92,48,44,76,260,0,2,26,4,32,92,50,70,80,292,24,60,84,376
09/09/2022,TUL,OK,ASW,CE,Combined TRACON& Tower with Radar,94,44,40,56,234,0,0,31,11,42,94,44,71,67,276,44,18,62,338
09/10/2022,TUL,OK,ASW,CE,Combined TRACON& Tower with Radar,75,30,19,7,131,0,4,17,9,30,75,34,36,16,161,0,30,30,191
09/11/2022,TUL,OK,ASW,CE,Combined TRACON& Tower with Radar,80,37,34,4,155,0,7,22,1,30,80,44,56,5,185,94,0,94,279
09/12/2022,TUL,OK,ASW,CE,Combined TRACON& Tower with Radar,97,46,34,57,234,0,5,23,4,32,97,51,57,61,266,30,26,56,322
09/13/2022,TUL,OK,ASW,CE,Combined TRACON& Tower with Radar,88,31,49,63,231,0,4,40,8,52,88,35,89,71,283,4,34,38,321
09/14/2022,TUL,OK,ASW,CE,Combined TRACON& Tower with Radar,88,56,39,50,233,0,7,19,10,36,88,63,58,60,269,8,42,50,319
09/15/2022,TUL,OK,ASW,CE,Combined TRACON& Tower with Radar,97,72,47,26,242,0,2,18,5,25,97,74,65,31,267,0,30,30,297
09/16/2022,TUL,OK,ASW,CE,Combined TRACON& Tower with Radar,104,52,41,22,219,0,0,22,4,26,104,52,63,26,245,26,38,64,309
09/17/2022,TUL,OK,ASW,CE,Combined TRACON& Tower with Radar,71,30,24,0,125,0,0,12,0,12,71,30,36,0,137,0,0,0,137
09/18/2022,TUL,OK,ASW,CE,Combined TRACON& Tower with Radar,79,65,35,13,192,0,3,11,0,14,79,68,46,13,206,12,0,12,218
09/19/2022,TUL,OK,ASW,CE,Combined TRACON& Tower with Radar,97,53,49,66,265,0,8,8,8,24,97,61,57,74,289,6,36,42,331
09/20/2022,TUL,OK,ASW,CE,Combined TRACON& Tower with Radar,90,53,34,62,239,0,10,18,8,36,90,63,52,70,275,0,36,36,311
09/21/2022,TUL,OK,ASW,CE,Combined TRACON& Tower with Radar,94,46,55,54,249,0,4,21,8,33,94,50,76,62,282,42,18,60,342
09/22/2022,TUL,OK,ASW,CE,Combined TRACON& Tower with Radar,95,50,53,79,277,0,6,10,3,19,95,56,63,82,296,0,36,36,332
09/23/2022,TUL,OK,ASW,CE,Combined TRACON& Tower with Radar,99,53,45,88,285,0,7,34,8,49,99,60,79,96,334,22,52,74,408
09/24/2022,TUL,OK,ASW,CE,Combined TRACON& Tower with Radar,74,41,23,4,142,0,3,20,2,25,74,44,43,6,167,6,16,22,189
09/25/2022,TUL,OK,ASW,CE,Combined TRACON& Tower with Radar,81,40,29,34,184,0,4,21,1,26,81,44,50,35,210,18,8,26,236
09/26/2022,TUL,OK,ASW,CE,Combined TRACON& Tower with Radar,94,42,47,79,262,0,5,18,6,29,94,47,65,85,291,0,62,62,353
09/27/2022,TUL,OK,ASW,CE,Combined TRACON& Tower with Radar,94,58,42,82,276,0,6,35,5,46,94,64,77,87,322,4,52,56,378
09/28/2022,TUL,OK,ASW,CE,Combined TRACON& Tower with Radar,95,60,28,83,266,0,2,20,6,28,95,62,48,89,294,0,70,70,364
09/29/2022,TUL,OK,ASW,CE,Combined TRACON& Tower with Radar,93,38,50,110,291,0,7,28,9,44,93,45,78,119,335,42,112,154,489
09/30/2022,TUL,OK,ASW,CE,Combined TRACON& Tower with Radar,97,45,37,59,238,0,8,27,14,49,97,53,64,73,287,18,36,54,341
10/01/2022,TUL,OK,ASW,CE,Combined TRACON& Tower with Radar,77,32,24,25,158,0,4,19,6,29,77,36,43,31,187,2,30,32,219
10/02/2022,TUL,OK,ASW,CE,Combined TRACON& Tower with Radar,82,48,28,21,179,0,0,18,0,18,82,48,46,21,197,0,34,34,231
10/03/2022,TUL,OK,ASW,CE,Combined TRACON& Tower with Radar,95,32,32,65,224,0,4,21,9,34,95,36,53,74,258,0,120,120,378
10/04/2022,TUL,OK,ASW,CE,Combined TRACON& Tower with Radar,98,50,48,43,239,0,8,21,4,33,98,58,69,47,272,22,18,40,312
10/05/2022,TUL,OK,ASW,CE,Combined TRACON& Tower with Radar,94,52,53,32,231,0,6,26,2,34,94,58,79,34,265,18,24,42,307
10/06/2022,TUL,OK,ASW,CE,Combined TRACON& Tower with Radar,98,54,30,61,243,0,10,34,10,54,98,64,64,71,297,28,44,72,369
10/07/2022,TUL,OK,ASW,CE,Combined TRACON& Tower with Radar,101,47,49,50,247,0,9,26,8,43,101,56,75,58,290,0,10,10,300
10/08/2022,TUL,OK,ASW,CE,Combined TRACON& Tower with Radar,77,36,28,0,141,0,4,15,0,19,77,40,43,0,160,0,0,0,160
10/09/2022,TUL,OK,ASW,CE,Combined TRACON& Tower with Radar,88,49,33,0,170,0,7,15,0,22,88,56,48,0,192,0,0,0,192
10/10/2022,TUL,OK,ASW,CE,Combined TRACON& Tower with Radar,96,46,41,2,185,0,1,16,0,17,96,47,57,2,202,0,0,0,202
10/11/2022,TUL,OK,ASW,CE,Combined TRACON& Tower with Radar,98,51,51,49,249,0,3,12,3,18,98,54,63,52,267,0,8,8,275
10/12/2022,TUL,OK,ASW,CE,Combined TRACON& Tower with Radar,93,51,43,57,244,0,6,22,2,30,93,57,65,59,274,8,32,40,314
10/13/2022,TUL,OK,ASW,CE,Combined TRACON& Tower with Radar,98,52,54,42,246,1,1,14,0,16,99,53,68,42,262,6,10,16,278
10/14/2022,TUL,OK,ASW,CE,Combined TRACON& Tower with Radar,105,73,49,30,257,0,4,21,2,27,105,77,70,32,284,26,44,70,354
10/15/2022,TUL,OK,ASW,CE,Combined TRACON& Tower with Radar,78,54,24,0,156,0,6,24,0,30,78,60,48,0,186,6,0,6,192
10/16/2022,TUL,OK,ASW,CE,Combined TRACON& Tower with Radar,83,67,42,10,202,0,6,18,0,24,83,73,60,10,226,0,0,0,226
10/17/2022,TUL,OK,ASW,CE,Combined TRACON& Tower with Radar,96,44,30,100,270,0,7,20,4,31,96,51,50,104,301,24,32,56,357
10/18/2022,TUL,OK,ASW,CE,Combined TRACON& Tower with Radar,95,43,36,121,295,0,2,18,11,31,95,45,54,132,326,2,66,68,394
10/19/2022,TUL,OK,ASW,CE,Combined TRACON& Tower with Radar,96,54,50,120,320,0,4,27,5,36,96,58,77,125,356,4,44,48,404
10/20/2022,TUL,OK,ASW,CE,Combined TRACON& Tower with Radar,103,56,58,70,287,0,1,25,14,40,103,57,83,84,327,32,18,50,377
10/21/2022,TUL,OK,ASW,CE,Combined TRACON& Tower with Radar,100,55,23,52,230,0,2,17,14,33,100,57,40,66,263,8,24,32,295
10/22/2022,TUL,OK,ASW,CE,Combined TRACON& Tower with Radar,82,37,20,7,146,0,8,16,2,26,82,45,36,9,172,0,2,2,174
10/23/2022,TUL,OK,ASW,CE,Combined TRACON& Tower with Radar,83,40,27,17,167,0,3,6,3,12,83,43,33,20,179,0,16,16,195
10/24/2022,TUL,OK,ASW,CE,Combined TRACON& Tower with Radar,116,31,25,4,176,0,0,0,0,0,116,31,25,4,176,0,0,0,176
10/25/2022,TUL,OK,ASW,CE,Combined TRACON& Tower with Radar,110,57,50,16,233,0,5,19,7,31,110,62,69,23,264,24,16,40,304
10/26/2022,TUL,OK,ASW,CE,Combined TRACON& Tower with Radar,97,57,48,53,255,0,1,40,10,51,97,58,88,63,306,40,34,74,380
10/27/2022,TUL,OK,ASW,CE,Combined TRACON& Tower with Radar,100,58,54,59,271,0,3,32,10,45,100,61,86,69,316,4,46,50,366
10/28/2022,TUL,OK,ASW,CE,Combined TRACON& Tower with Radar,98,42,49,94,283,0,2,27,6,35,98,44,76,100,318,54,66,120,438
10/29/2022,TUL,OK,ASW,CE,Combined TRACON& Tower with Radar,74,44,24,0,142,0,2,18,1,21,74,46,42,1,163,20,0,20,183
10/30/2022,TUL,OK,ASW,CE,Combined TRACON& Tower with Radar,87,45,47,4,183,0,3,7,0,10,87,48,54,4,193,0,0,0,193
10/31/2022,TUL,OK,ASW,CE,Combined TRACON& Tower with Radar,96,28,17,55,196,0,4,21,2,27,96,32,38,57,223,36,14,50,273
11/01/2022,TUL,OK,ASW,CE,Combined TRACON& Tower with Radar,92,36,34,95,257,0,4,33,18,55,92,40,67,113,312,0,68,68,380
11/02/2022,TUL,OK,ASW,CE,Combined TRACON& Tower with Radar,98,50,51,64,263,0,1,24,10,35,98,51,75,74,298,0,0,0,298
11/03/2022,TUL,OK,ASW,CE,Combined TRACON& Tower with Radar,96,72,67,45,280,0,2,16,13,31,96,74,83,58,311,10,50,60,371
11/04/2022,TUL,OK,ASW,CE,Combined TRACON& Tower with Radar,93,54,29,4,180,0,0,3,0,3,93,54,32,4,183,0,0,0,183
11/05/2022,TUL,OK,ASW,CE,Combined TRACON& Tower with Radar,69,41,17,4,131,0,2,29,5,36,69,43,46,9,167,4,6,10,177
11/06/2022,TUL,OK,ASW,CE,Combined TRACON& Tower with Radar,79,66,26,1,172,0,4,21,0,25,79,70,47,1,197,12,0,12,209
11/07/2022,TUL,OK,ASW,CE,Combined TRACON& Tower with Radar,93,61,50,77,281,0,8,5,2,15,93,69,55,79,296,0,28,28,324
11/08/2022,TUL,OK,ASW,CE,Combined TRACON& Tower with Radar,89,31,45,14,179,0,0,1,3,4,89,31,46,17,183,0,0,0,183
11/09/2022,TUL,OK,ASW,CE,Combined TRACON& Tower with Radar,97,62,37,60,256,0,2,6,2,10,97,64,43,62,266,0,0,0,266
11/10/2022,TUL,OK,ASW,CE,Combined TRACON& Tower with Radar,95,32,57,14,198,0,2,8,8,18,95,34,65,22,216,0,0,0,216
11/11/2022,TUL,OK,ASW,CE,Combined TRACON& Tower with Radar,114,49,35,2,200,0,3,14,1,18,114,52,49,3,218,0,0,0,218
11/12/2022,TUL,OK,ASW,CE,Combined TRACON& Tower with Radar,70,29,19,2,120,0,5,28,0,33,70,34,47,2,153,50,0,50,203
11/13/2022,TUL,OK,ASW,CE,Combined TRACON& Tower with Radar,83,30,35,2,150,0,0,17,0,17,83,30,52,2,167,0,0,0,167
11/14/2022,TUL,OK,ASW,CE,Combined TRACON& Tower with Radar,91,37,34,4,166,0,0,1,3,4,91,37,35,7,170,4,22,26,196
11/15/2022,TUL,OK,ASW,CE,Combined TRACON& Tower with Radar,91,38,43,39,211,0,5,14,4,23,91,43,57,43,234,0,0,0,234
11/16/2022,TUL,OK,ASW,CE,Combined TRACON& Tower with Radar,92,41,41,32,206,0,4,16,14,34,92,45,57,46,240,4,32,36,276
11/17/2022,TUL,OK,ASW,CE,Combined TRACON& Tower with Radar,101,56,53,79,289,0,7,26,10,43,101,63,79,89,332,0,44,44,376
11/18/2022,TUL,OK,ASW,CE,Combined TRACON& Tower with Radar,107,62,32,18,219,0,5,19,7,31,107,67,51,25,250,0,60,60,310
11/19/2022,TUL,OK,ASW,CE,Combined TRACON& Tower with Radar,79,35,34,1,149,0,3,13,2,18,79,38,47,3,167,10,0,10,177
11/20/2022,TUL,OK,ASW,CE,Combined TRACON& Tower with Radar,93,20,26,4,143,0,2,15,0,17,93,22,41,4,160,28,0,28,188
11/21/2022,TUL,OK,ASW,CE,Combined TRACON& Tower with Radar,102,46,30,34,212,0,1,36,4,41,102,47,66,38,253,20,26,46,299
11/22/2022,TUL,OK,ASW,CE,Combined TRACON& Tower with Radar,101,39,33,44,217,0,3,20,9,32,101,42,53,53,249,16,24,40,289
11/23/2022,TUL,OK,ASW,CE,Combined TRACON& Tower with Radar,104,39,19,26,188,0,2,1,2,5,104,41,20,28,193,0,8,8,201
11/24/2022,TUL,OK,ASW,CE,Combined TRACON& Tower with Radar,60,17,4,0,81,0,0,0,0,0,60,17,4,0,81,0,0,0,81
11/25/2022,TUL,OK,ASW,CE,Combined TRACON& Tower with Radar,91,38,9,0,138,0,0,11,0,11,91,38,20,0,149,0,0,0,149
11/26/2022,TUL,OK,ASW,CE,Combined TRACON& Tower with Radar,80,35,12,0,127,0,0,0,0,0,80,35,12,0,127,0,0,0,127
11/27/2022,TUL,OK,ASW,CE,Combined TRACON& Tower with Radar,88,42,36,6,172,0,2,10,0,12,88,44,46,6,184,0,0,0,184
11/28/2022,TUL,OK,ASW,CE,Combined TRACON& Tower with Radar,99,42,48,74,263,0,5,15,3,23,99,47,63,77,286,0,34,34,320
11/29/2022,TUL,OK,ASW,CE,Combined TRACON& Tower with Radar,105,38,29,53,225,0,4,5,6,15,105,42,34,59,240,0,80,80,320
11/30/2022,TUL,OK,ASW,CE,Combined TRACON& Tower with Radar,94,36,50,58,238,0,5,23,8,36,94,41,73,66,274,26,42,68,342
12/01/2022,TUL,OK,ASW,CE,Combined TRACON& Tower with Radar,97,35,34,70,236,0,4,6,8,18,97,39,40,78,254,0,54,54,308
12/02/2022,TUL,OK,ASW,CE,Combined TRACON& Tower with Radar,98,33,46,25,202,0,0,0,4,4,98,33,46,29,206,0,8,8,214
12/03/2022,TUL,OK,ASW,CE,Combined TRACON& Tower with Radar,74,28,15,22,139,0,8,29,0,37,74,36,44,22,176,28,8,36,212
12/04/2022,TUL,OK,ASW,CE,Combined TRACON& Tower with Radar,92,40,29,15,176,0,4,14,3,21,92,44,43,18,197,28,6,34,231
12/05/2022,TUL,OK,ASW,CE,Combined TRACON& Tower with Radar,99,37,47,10,193,0,2,0,0,2,99,39,47,10,195,0,0,0,195
12/06/2022,TUL,OK,ASW,CE,Combined TRACON& Tower with Radar,97,39,37,5,178,0,0,3,2,5,97,39,40,7,183,0,0,0,183
12/07/2022,TUL,OK,ASW,CE,Combined TRACON& Tower with Radar,94,39,43,8,184,0,0,1,0,1,94,39,44,8,185,0,0,0,185
12/08/2022,TUL,OK,ASW,CE,Combined TRACON& Tower with Radar,107,65,37,7,216,0,0,0,0,0,107,65,37,7,216,0,0,0,216
12/09/2022,TUL,OK,ASW,CE,Combined TRACON& Tower with Radar,108,34,47,26,215,0,2,29,5,36,108,36,76,31,251,4,80,84,335
12/10/2022,TUL,OK,ASW,CE,Combined TRACON& Tower with Radar,72,37,17,0,126,0,0,0,0,0,72,37,17,0,126,0,0,0,126
12/11/2022,TUL,OK,ASW,CE,Combined TRACON& Tower with Radar,89,39,37,10,175,0,2,1,0,3,89,41,38,10,178,16,2,18,196
12/12/2022,TUL,OK,ASW,CE,Combined TRACON& Tower with Radar,101,40,46,39,226,0,0,1,0,1,101,40,47,39,227,0,0,0,227
12/13/2022,TUL,OK,ASW,CE,Combined TRACON& Tower with Radar,95,35,29,79,238,0,2,17,9,28,95,37,46,88,266,4,72,76,342
12/14/2022,TUL,OK,ASW,CE,Combined TRACON& Tower with Radar,100,37,51,44,232,0,9,46,6,61,100,46,97,50,293,4,52,56,349
12/15/2022,TUL,OK,ASW,CE,Combined TRACON& Tower with Radar,102,38,54,33,227,0,2,21,10,33,102,40,75,43,260,36,22,58,318
12/16/2022,TUL,OK,ASW,CE,Combined TRACON& Tower with Radar,102,39,40,15,196,0,3,14,0,17,102,42,54,15,213,0,0,0,213
12/17/2022,TUL,OK,ASW,CE,Combined TRACON& Tower with Radar,83,36,19,4,142,0,3,22,0,25,83,39,41,4,167,0,0,0,167
12/18/2022,TUL,OK,ASW,CE,Combined TRACON& Tower with Radar,90,44,19,0,153,0,5,17,0,22,90,49,36,0,175,14,0,14,189
12/19/2022,TUL,OK,ASW,CE,Combined TRACON& Tower with Radar,92,42,38,51,223,0,2,17,2,21,92,44,55,53,244,0,24,24,268
12/20/2022,TUL,OK,ASW,CE,Combined TRACON& Tower with Radar,100,38,37,78,253,0,2,4,11,17,100,40,41,89,270,0,24,24,294
12/21/2022,TUL,OK,ASW,CE,Combined TRACON& Tower with Radar,101,41,51,56,249,0,4,11,8,23,101,45,62,64,272,0,0,0,272
12/22/2022,TUL,OK,ASW,CE,Combined TRACON& Tower with Radar,70,26,11,0,107,0,2,0,0,2,70,28,11,0,109,0,0,0,109
12/23/2022,TUL,OK,ASW,CE,Combined TRACON& Tower with Radar,76,26,24,0,126,0,2,11,0,13,76,28,35,0,139,0,0,0,139
12/24/2022,TUL,OK,ASW,CE,Combined TRACON& Tower with Radar,45,26,5,0,76,0,1,7,0,8,45,27,12,0,84,2,0,2,86
12/25/2022,TUL,OK,ASW,CE,Combined TRACON& Tower with Radar,47,16,6,0,69,0,0,3,0,3,47,16,9,0,72,0,0,0,72
12/26/2022,TUL,OK,ASW,CE,Combined TRACON& Tower with Radar,51,45,40,0,136,0,0,4,0,4,51,45,44,0,140,0,0,0,140
12/27/2022,TUL,OK,ASW,CE,Combined TRACON& Tower with Radar,79,47,50,4,180,0,5,13,2,20,79,52,63,6,200,0,0,0,200
12/28/2022,TUL,OK,ASW,CE,Combined TRACON& Tower with Radar,69,44,32,2,147,0,3,16,2,21,69,47,48,4,168,0,4,4,172
12/29/2022,TUL,OK,ASW,CE,Combined TRACON& Tower with Radar,74,26,28,11,139,0,1,9,1,11,74,27,37,12,150,8,10,18,168
12/30/2022,TUL,OK,ASW,CE,Combined TRACON& Tower with Radar,93,37,32,0,162,0,3,23,1,27,93,40,55,1,189,0,0,0,189
12/31/2022,TUL,OK,ASW,CE,Combined TRACON& Tower with Radar,63,28,15,0,106,0,14,11,0,25,63,42,26,0,131,4,0,4,135
01/01/2023,TUL,OK,ASW,CE,Combined TRACON& Tower with Radar,69,31,22,0,122,0,1,19,0,20,69,32,41,0,142,6,0,6,148
01/02/2023,TUL,OK,ASW,CE,Combined TRACON& Tower with Radar,77,39,34,0,150,0,1,4,0,5,77,40,38,0,155,0,0,0,155
01/03/2023,TUL,OK,ASW,CE,Combined TRACON& Tower with Radar,99,35,44,12,190,0,1,16,2,19,99,36,60,14,209,4,10,14,223
01/04/2023,TUL,OK,ASW,CE,Combined TRACON& Tower with Radar,95,40,36,30,201,0,3,18,10,31,95,43,54,40,232,26,20,46,278
01/05/2023,TUL,OK,ASW,CE,Combined TRACON& Tower with Radar,92,34,23,62,211,0,7,32,8,47,92,41,55,70,258,33,110,143,401
01/06/2023,TUL,OK,ASW,CE,Combined TRACON& Tower with Radar,88,35,35,52,210,0,15,25,6,46,88,50,60,58,256,26,30,56,312
01/07/2023,TUL,OK,ASW,CE,Combined TRACON& Tower with Radar,75,18,28,36,157,0,2,8,2,12,75,20,36,38,169,0,16,16,185
01/08/2023,TUL,OK,ASW,CE,Combined TRACON& Tower with Radar,81,26,24,26,157,0,3,16,0,19,81,29,40,26,176,14,14,28,204
01/09/2023,TUL,OK,ASW,CE,Combined TRACON& Tower with Radar,92,27,37,35,191,0,3,24,9,36,92,30,61,44,227,2,20,22,249
01/10/2023,TUL,OK,ASW,CE,Combined TRACON& Tower with Radar,93,26,30,67,216,0,1,21,7,29,93,27,51,74,245,16,36,52,297
01/11/2023,TUL,OK,ASW,CE,Combined TRACON& Tower with Radar,81,31,50,72,234,0,7,27,4,38,81,38,77,76,272,30,20,50,322
01/12/2023,TUL,OK,ASW,CE,Combined TRACON& Tower with Radar,94,48,45,22,209,0,0,2,2,4,94,48,47,24,213,0,6,6,219
01/13/2023,TUL,OK,ASW,CE,Combined TRACON& Tower with Radar,96,29,45,27,197,0,5,16,2,23,96,34,61,29,220,6,0,6,226
01/14/2023,TUL,OK,ASW,CE,Combined TRACON& Tower with Radar,64,18,21,3,106,0,1,19,0,20,64,19,40,3,126,0,2,2,128
01/15/2023,TUL,OK,ASW,CE,Combined TRACON& Tower with Radar,82,24,48,2,156,0,2,2,0,4,82,26,50,2,160,0,0,0,160
01/16/2023,TUL,OK,ASW,CE,Combined TRACON& Tower with Radar,84,32,28,0,144,0,2,11,0,13,84,34,39,0,157,12,0,12,169
01/17/2023,TUL,OK,ASW,CE,Combined TRACON& Tower with Radar,92,34,44,80,250,0,5,29,0,34,92,39,73,80,284,26,42,68,352
01/18/2023,TUL,OK,ASW,CE,Combined TRACON& Tower with Radar,90,39,57,74,260,0,0,18,11,29,90,39,75,85,289,8,40,48,337
01/19/2023,TUL,OK,ASW,CE,Combined TRACON& Tower with Radar,94,39,44,30,207,2,12,17,11,42,96,51,61,41,249,0,28,28,277
01/20/2023,TUL,OK,ASW,CE,Combined TRACON& Tower with Radar,101,30,27,86,244,0,6,49,18,73,101,36,76,104,317,16,98,114,431
01/21/2023,TUL,OK,ASW,CE,Combined TRACON& Tower with Radar,71,18,13,1,103,0,2,7,3,12,71,20,20,4,115,4,24,28,143
01/22/2023,TUL,OK,ASW,CE,Combined TRACON& Tower with Radar,83,24,22,6,135,0,6,1,0,7,83,30,23,6,142,10,0,10,152
01/23/2023,TUL,OK,ASW,CE,Combined TRACON& Tower with Radar,92,48,32,63,235,0,5,42,3,50,92,53,74,66,285,22,64,86,371
01/24/2023,TUL,OK,ASW,CE,Combined TRACON& Tower with Radar,91,23,23,4,141,0,0,0,0,0,91,23,23,4,141,0,0,0,141
01/25/2023,TUL,OK,ASW,CE,Combined TRACON& Tower with Radar,82,42,44,8,176,0,2,10,4,16,82,44,54,12,192,0,2,2,194
01/26/2023,TUL,OK,ASW,CE,Combined TRACON& Tower with Radar,102,31,45,28,206,0,5,40,3,48,102,36,85,31,254,0,0,0,254
01/27/2023,TUL,OK,ASW,CE,Combined TRACON& Tower with Radar,98,29,43,29,199,0,8,33,5,46,98,37,76,34,245,0,16,16,261
01/28/2023,TUL,OK,ASW,CE,Combined TRACON& Tower with Radar,65,24,30,0,119,0,1,5,0,6,65,25,35,0,125,0,0,0,125
01/29/2023,TUL,OK,ASW,CE,Combined TRACON& Tower with Radar,83,13,19,0,115,0,0,0,0,0,83,13,19,0,115,0,0,0,115
01/30/2023,TUL,OK,ASW,CE,Combined TRACON& Tower with Radar,81,27,29,1,138,0,1,0,0,1,81,28,29,1,139,0,0,0,139
01/31/2023,TUL,OK,ASW,CE,Combined TRACON& Tower with Radar,72,34,27,1,134,0,0,3,0,3,72,34,30,1,137,0,0,0,137
02/01/2023,TUL,OK,ASW,CE,Combined TRACON& Tower with Radar,60,33,43,35,171,0,0,16,11,27,60,33,59,46,198,0,6,6,204
02/02/2023,TUL,OK,ASW,CE,Combined TRACON& Tower with Radar,94,41,30,25,190,0,4,9,3,16,94,45,39,28,206,0,12,12,218
02/03/2023,TUL,OK,ASW,CE,Combined TRACON& Tower with Radar,97,37,41,40,215,0,5,28,4,37,97,42,69,44,252,8,8,16,268
02/04/2023,TUL,OK,ASW,CE,Combined TRACON& Tower with Radar,76,22,19,32,149,0,5,9,5,19,76,27,28,37,168,0,38,38,206
02/05/2023,TUL,OK,ASW,CE,Combined TRACON& Tower with Radar,83,29,37,11,160,0,4,32,5,41,83,33,69,16,201,4,20,24,225
02/06/2023,TUL,OK,ASW,CE,Combined TRACON& Tower with Radar,98,23,45,35,201,0,2,15,1,18,98,25,60,36,219,2,6,8,227
02/07/2023,TUL,OK,ASW,CE,Combined TRACON& Tower with Radar,97,28,29,23,177,0,3,2,2,7,97,31,31,25,184,4,22,26,210
02/08/2023,TUL,OK,ASW,CE,Combined TRACON& Tower with Radar,98,54,41,1,194,0,0,0,0,0,98,54,41,1,194,0,0,0,194
02/09/2023,TUL,OK,ASW,CE,Combined TRACON& Tower with Radar,99,37,45,34,215,0,2,25,7,34,99,39,70,41,249,4,50,54,303
02/10/2023,TUL,OK,ASW,CE,Combined TRACON& Tower with Radar,97,33,40,7,177,0,3,6,1,10,97,36,46,8,187,0,6,6,193
02/11/2023,TUL,OK,ASW,CE,Combined TRACON& Tower with Radar,87,16,19,20,142,0,3,36,3,42,87,19,55,23,184,6,12,18,202
02/12/2023,TUL,OK,ASW,CE,Combined TRACON& Tower with Radar,90,16,16,2,124,0,2,10,0,12,90,18,26,2,136,0,0,0,136
02/13/2023,TUL,OK,ASW,CE,Combined TRACON& Tower with Radar,92,29,44,57,222,0,6,20,12,38,92,35,64,69,260,2,20,22,282
02/14/2023,TUL,OK,ASW,CE,Combined TRACON& Tower with Radar,100,37,22,6,165,0,0,5,2,7,100,37,27,8,172,0,0,0,172
02/15/2023,TUL,OK,ASW,CE,Combined TRACON& Tower with Radar,102,37,49,46,234,0,3,17,7,27,102,40,66,53,261,0,16,16,277
02/16/2023,TUL,OK,ASW,CE,Combined TRACON& Tower with Radar,101,39,53,56,249,0,4,8,3,15,101,43,61,59,264,18,38,56,320
02/17/2023,TUL,OK,ASW,CE,Combined TRACON& Tower with Radar,105,45,39,66,255,0,6,38,19,63,105,51,77,85,318,6,64,70,388
02/18/2023,TUL,OK,ASW,CE,Combined TRACON& Tower with Radar,81,25,30,0,136,0,8,20,0,28,81,33,50,0,164,16,0,16,180
02/19/2023,TUL,OK,ASW,CE,Combined TRACON& Tower with Radar,88,33,29,46,196,0,5,23,0,28,88,38,52,46,224,0,0,0,224
02/20/2023,TUL,OK,ASW,CE,Combined TRACON& Tower with Radar,99,33,44,0,176,0,6,26,1,33,99,39,70,1,209,0,0,0,209
02/21/2023,TUL,OK,ASW,CE,Combined TRACON& Tower with Radar,101,52,55,117,325,0,8,14,10,32,101,60,69,127,357,0,38,38,395
02/22/2023,TUL,OK,ASW,CE,Combined TRACON& Tower with Radar,102,37,36,67,242,0,1,6,8,15,102,38,42,75,257,14,18,32,289
02/23/2023,TUL,OK,ASW,CE,Combined TRACON& Tower with Radar,100,44,51,44,239,0,4,38,10,52,100,48,89,54,291,42,28,70,361
02/24/2023,TUL,OK,ASW,CE,Combined TRACON& Tower with Radar,104,72,47,8,231,0,2,20,6,28,104,74,67,14,259,28,8,36,295
02/25/2023,TUL,OK,ASW,CE,Combined TRACON& Tower with Radar,81,31,26,7,145,0,0,0,0,0,81,31,26,7,145,0,0,0,145
02/26/2023,TUL,OK,ASW,CE,Combined TRACON& Tower with Radar,84,42,26,0,152,0,0,0,0,0,84,42,26,0,152,0,0,0,152
02/27/2023,TUL,OK,ASW,CE,Combined TRACON& Tower with Radar,118,34,39,26,217,0,3,26,8,37,118,37,65,34,254,14,24,38,292
02/28/2023,TUL,OK,ASW,CE,Combined TRACON& Tower with Radar,99,44,39,19,201,0,6,22,8,36,99,50,61,27,237,0,12,12,249
03/01/2023,TUL,OK,ASW,CE,Combined TRACON& Tower with Radar,101,35,62,16,214,0,13,30,1,44,101,48,92,17,258,36,14,50,308
03/02/2023,TUL,OK,ASW,CE,Combined TRACON& Tower with Radar,92,55,38,6,191,0,4,11,2,17,92,59,49,8,208,12,22,34,242
03/03/2023,TUL,OK,ASW,CE,Combined TRACON& Tower with Radar,111,35,55,6,207,0,0,18,5,23,111,35,73,11,230,6,14,20,250
03/04/2023,TUL,OK,ASW,CE,Combined TRACON& Tower with Radar,80,55,34,21,190,0,7,24,5,36,80,62,58,26,226,0,22,22,248
03/05/2023,TUL,OK,ASW,CE,Combined TRACON& Tower with Radar,86,41,22,2,151,0,3,20,1,24,86,44,42,3,175,12,24,36,211
03/06/2023,TUL,OK,ASW,CE,Combined TRACON& Tower with Radar,104,27,42,21,194,0,8,29,1,38,104,35,71,22,232,4,24,28,260
03/07/2023,TUL,OK,ASW,CE,Combined TRACON& Tower with Radar,95,26,29,28,178,0,2,15,2,19,95,28,44,30,197,2,64,66,263
03/08/2023,TUL,OK,ASW,CE,Combined TRACON& Tower with Radar,98,40,61,6,205,0,0,1,0,1,98,40,62,6,206,0,0,0,206
03/09/2023,TUL,OK,ASW,CE,Combined TRACON& Tower with Radar,103,34,33,0,170,0,2,2,1,5,103,36,35,1,175,0,0,0,175
03/10/2023,TUL,OK,ASW,CE,Combined TRACON& Tower with Radar,115,52,44,21,232,0,15,30,7,52,115,67,74,28,284,8,22,30,314
03/11/2023,TUL,OK,ASW,CE,Combined TRACON& Tower with Radar,80,47,34,4,165,0,0,5,0,5,80,47,39,4,170,0,0,0,170
03/12/2023,TUL,OK,ASW,CE,Combined TRACON& Tower with Radar,86,55,44,4,189,0,1,9,2,12,86,56,53,6,201,0,0,0,201
03/13/2023,TUL,OK,ASW,CE,Combined TRACON& Tower with Radar,102,37,35,31,205,0,6,34,3,43,102,43,69,34,248,38,22,60,308
03/14/2023,TUL,OK,ASW,CE,Combined TRACON& Tower with Radar,99,39,37,31,206,0,5,44,3,52,99,44,81,34,258,28,0,28,286
03/15/2023,TUL,OK,ASW,CE,Combined TRACON& Tower with Radar,100,36,41,62,239,0,6,22,5,33,100,42,63,67,272,2,36,38,310
03/16/2023,TUL,OK,ASW,CE,Combined TRACON& Tower with Radar,102,35,43,9,189,0,0,3,1,4,102,35,46,10,193,0,0,0,193
03/17/2023,TUL,OK,ASW,CE,Combined TRACON& Tower with Radar,105,49,54,35,243,0,8,13,13,34,105,57,67,48,277,2,8,10,287
03/18/2023,TUL,OK,ASW,CE,Combined TRACON& Tower with Radar,86,49,42,0,177,0,4,26,0,30,86,53,68,0,207,0,0,0,207
03/19/2023,TUL,OK,ASW,CE,Combined TRACON& Tower with Radar,86,61,51,9,207,0,4,10,0,14,86,65,61,9,221,0,0,0,221
03/20/2023,TUL,OK,ASW,CE,Combined TRACON& Tower with Radar,100,34,29,42,205,0,7,10,3,20,100,41,39,45,225,0,70,70,295
03/21/2023,TUL,OK,ASW,CE,Combined TRACON& Tower with Radar,98,37,60,23,218,0,0,0,2,2,98,37,60,25,220,0,28,28,248
03/22/2023,TUL,OK,ASW,CE,Combined TRACON& Tower with Radar,100,57,38,17,212,0,3,11,6,20,100,60,49,23,232,8,24,32,264
03/23/2023,TUL,OK,ASW,CE,Combined TRACON& Tower with Radar,98,44,45,5,192,0,3,5,0,8,98,47,50,5,200,4,34,38,238
03/24/2023,TUL,OK,ASW,CE,Combined TRACON& Tower with Radar,103,53,21,6,183,0,0,1,0,1,103,53,22,6,184,0,0,0,184
03/25/2023,TUL,OK,ASW,CE,Combined TRACON& Tower with Radar,81,34,31,14,160,0,5,30,2,37,81,39,61,16,197,0,14,14,211
03/26/2023,TUL,OK,ASW,CE,Combined TRACON& Tower with Radar,79,30,21,10,140,0,5,27,6,38,79,35,48,16,178,40,10,50,228
03/27/2023,TUL,OK,ASW,CE,Combined TRACON& Tower with Radar,103,38,37,45,223,0,16,8,4,28,103,54,45,49,251,2,10,12,263
03/28/2023,TUL,OK,ASW,CE,Combined TRACON& Tower with Radar,96,39,30,26,191,0,12,20,5,37,96,51,50,31,228,0,152,152,380
03/29/2023,TUL,OK,ASW,CE,Combined TRACON& Tower with Radar,100,28,49,54,231,0,7,39,3,49,100,35,88,57,280,18,24,42,322
03/30/2023,TUL,OK,ASW,CE,Combined TRACON& Tower with Radar,99,31,35,27,192,0,0,6,4,10,99,31,41,31,202,10,6,16,218
03/31/2023,TUL,OK,ASW,CE,Combined TRACON& Tower with Radar,104,34,34,4,176,0,0,0,0,0,104,34,34,4,176,0,0,0,176
04/01/2023,TUL,OK,ASW,CE,Combined TRACON& Tower with Radar,85,35,27,16,163,0,8,21,4,33,85,43,48,20,196,40,18,58,254
04/02/2023,TUL,OK,ASW,CE,Combined TRACON& Tower with Radar,84,33,28,17,162,0,2,5,1,8,84,35,33,18,170,0,6,6,176
04/03/2023,TUL,OK,ASW,CE,Combined TRACON& Tower with Radar,102,24,36,51,213,0,2,21,1,24,102,26,57,52,237,2,4,6,243
04/04/2023,TUL,OK,ASW,CE,Combined TRACON& Tower with Radar,94,24,42,52,212,0,0,3,2,5,94,24,45,54,217,0,20,20,237
04/05/2023,TUL,OK,ASW,CE,Combined TRACON& Tower with Radar,100,24,46,107,277,0,0,22,5,27,100,24,68,112,304,0,86,86,390
04/06/2023,TUL,OK,ASW,CE,Combined TRACON& Tower with Radar,106,44,43,38,231,0,12,23,9,44,106,56,66,47,275,8,54,62,337
04/07/2023,TUL,OK,ASW,CE,Combined TRACON& Tower with Radar,107,33,24,34,198,0,8,26,1,35,107,41,50,35,233,30,12,42,275
04/08/2023,TUL,OK,ASW,CE,Combined TRACON& Tower with Radar,83,22,18,12,135,0,4,31,0,35,83,26,49,12,170,64,0,64,234
04/09/2023,TUL,OK,ASW,CE,Combined TRACON& Tower with Radar,85,23,8,0,116,0,1,8,0,9,85,24,16,0,125,10,0,10,135
04/10/2023,TUL,OK,ASW,CE,Combined TRACON& Tower with Radar,104,30,44,52,230,0,3,14,5,22,104,33,58,57,252,0,28,28,280
04/11/2023,TUL,OK,ASW,CE,Combined TRACON& Tower with Radar,102,36,30,56,224,0,1,19,5,25,102,37,49,61,249,8,92,100,349
04/12/2023,TUL,OK,ASW,CE,Combined TRACON& Tower with Radar,104,44,39,58,245,0,3,33,7,43,104,47,72,65,288,2,80,82,370
04/13/2023,TUL,OK,ASW,CE,Combined TRACON& Tower with Radar,101,46,61,49,257,0,1,16,18,35,101,47,77,67,292,28,44,72,364
04/14/2023,TUL,OK,ASW,CE,Combined TRACON& Tower with Radar,110,31,39,35,215,0,3,26,3,32,110,34,65,38,247,0,46,46,293
04/15/2023,TUL,OK,ASW,CE,Combined TRACON& Tower with Radar,87,19,27,0,133,0,0,5,0,5,87,19,32,0,138,0,0,0,138
04/16/2023,TUL,OK,ASW,CE,Combined TRACON& Tower with Radar,89,24,21,0,134,0,2,12,1,15,89,26,33,1,149,6,0,6,155
04/17/2023,TUL,OK,ASW,CE,Combined TRACON& Tower with Radar,110,32,35,73,250,0,6,24,5,35,110,38,59,78,285,16,28,44,329
04/18/2023,TUL,OK,ASW,CE,Combined TRACON& Tower with Radar,105,24,50,82,261,0,2,8,4,14,105,26,58,86,275,8,12,20,295
04/19/2023,TUL,OK,ASW,CE,Combined TRACON& Tower with Radar,105,31,39,54,229,0,3,3,3,9,105,34,42,57,238,0,118,118,356
04/20/2023,TUL,OK,ASW,CE,Combined TRACON& Tower with Radar,112,36,34,32,214,0,7,11,8,26,112,43,45,40,240,32,0,32,272
04/21/2023,TUL,OK,ASW,CE,Combined TRACON& Tower with Radar,116,41,41,16,214,0,9,12,3,24,116,50,53,19,238,10,20,30,268
04/22/2023,TUL,OK,ASW,CE,Combined TRACON& Tower with Radar,87,26,24,6,143,0,2,21,2,25,87,28,45,8,168,28,0,28,196
04/23/2023,TUL,OK,ASW,CE,Combined TRACON& Tower with Radar,88,25,35,0,148,0,4,15,0,19,88,29,50,0,167,4,0,4,171
04/24/2023,TUL,OK,ASW,CE,Combined TRACON& Tower with Radar,110,32,30,88,260,0,3,16,17,36,110,35,46,105,296,6,90,96,392
04/25/2023,TUL,OK,ASW,CE,Combined TRACON& Tower with Radar,102,28,31,15,176,0,1,3,0,4,102,29,34,15,180,0,0,0,180
04/26/2023,TUL,OK,ASW,CE,Combined TRACON& Tower with Radar,94,25,33,10,162,0,0,1,0,1,94,25,34,10,163,0,0,0,163
04/27/2023,TUL,OK,ASW,CE,Combined TRACON& Tower with Radar,106,32,48,30,216,0,0,0,0,0,106,32,48,30,216,0,8,8,224
04/28/2023,TUL,OK,ASW,CE,Combined TRACON& Tower with Radar,111,39,29,3,182,0,1,5,3,9,111,40,34,6,191,28,14,42,233
04/29/2023,TUL,OK,ASW,CE,Combined TRACON& Tower with Radar,91,29,30,8,158,0,7,19,1,27,91,36,49,9,185,28,0,28,213
04/30/2023,TUL,OK,ASW,CE,Combined TRACON& Tower with Radar,88,19,25,4,136,0,7,4,0,11,88,26,29,4,147,6,0,6,153
05/01/2023,TUL,OK,ASW,CE,Combined TRACON& Tower with Radar,107,32,26,68,233,0,2,21,6,29,107,34,47,74,262,0,58,58,320
05/02/2023,TUL,OK,ASW,CE,Combined TRACON& Tower with Radar,100,28,43,23,194,0,2,31,3,36,100,30,74,26,230,10,42,52,282
05/03/2023,TUL,OK,ASW,CE,Combined TRACON& Tower with Radar,104,29,53,54,240,0,8,28,9,45,104,37,81,63,285,10,48,58,343
05/04/2023,TUL,OK,ASW,CE,Combined TRACON& Tower with Radar,101,38,54,0,193,0,0,3,0,3,101,38,57,0,196,6,0,6,202
05/05/2023,TUL,OK,ASW,CE,Combined TRACON& Tower with Radar,108,33,28,25,194,0,0,5,2,7,108,33,33,27,201,0,0,0,201
05/06/2023,TUL,OK,ASW,CE,Combined TRACON& Tower with Radar,88,19,23,10,140,0,0,7,1,8,88,19,30,11,148,0,0,0,148
05/07/2023,TUL,OK,ASW,CE,Combined TRACON& Tower with Radar,85,33,24,18,160,0,4,4,1,9,85,37,28,19,169,0,0,0,169
05/08/2023,TUL,OK,ASW,CE,Combined TRACON& Tower with Radar,107,26,22,41,196,0,6,28,4,38,107,32,50,45,234,0,0,0,234
05/09/2023,TUL,OK,ASW,CE,Combined TRACON& Tower with Radar,106,43,53,24,226,0,1,7,2,10,106,44,60,26,236,0,0,0,236
05/10/2023,TUL,OK,ASW,CE,Combined TRACON& Tower with Radar,101,36,37,26,200,0,1,13,2,16,101,37,50,28,216,0,0,0,216
05/11/2023,TUL,OK,ASW,CE,Combined TRACON& Tower with Radar,102,49,32,15,198,0,0,6,1,7,102,49,38,16,205,0,0,0,205
05/12/2023,TUL,OK,ASW,CE,Combined TRACON& Tower with Radar,110,44,33,12,199,0,0,6,3,9,110,44,39,15,208,0,0,0,208
05/13/2023,TUL,OK,ASW,CE,Combined TRACON& Tower with Radar,84,36,15,0,135,0,0,6,0,6,84,36,21,0,141,0,0,0,141
05/14/2023,TUL,OK,ASW,CE,Combined TRACON& Tower with Radar,89,33,27,0,149,0,0,1,0,1,89,33,28,0,150,0,0,0,150
05/15/2023,TUL,OK,ASW,CE,Combined TRACON& Tower with Radar,104,33,41,16,194,0,0,3,0,3,104,33,44,16,197,0,0,0,197
05/16/2023,TUL,OK,ASW,CE,Combined TRACON& Tower with Radar,102,41,38,24,205,0,0,7,5,12,102,41,45,29,217,0,14,14,231
05/17/2023,TUL,OK,ASW,CE,Combined TRACON& Tower with Radar,106,34,52,32,224,0,4,13,3,20,106,38,65,35,244,4,40,44,288
05/18/2023,TUL,OK,ASW,CE,Combined TRACON& Tower with Radar,103,47,71,55,276,0,3,28,7,38,103,50,99,62,314,12,34,46,360
05/19/2023,TUL,OK,ASW,CE,Combined TRACON& Tower with Radar,111,34,25,0,170,0,0,0,0,0,111,34,25,0,170,0,0,0,170
05/20/2023,TUL,OK,ASW,CE,Combined TRACON& Tower with Radar,103,34,24,17,178,0,6,37,2,45,103,40,61,19,223,54,4,58,281
05/21/2023,TUL,OK,ASW,CE,Combined TRACON& Tower with Radar,89,31,36,14,170,0,8,21,1,30,89,39,57,15,200,14,6,20,220
05/22/2023,TUL,OK,ASW,CE,Combined TRACON& Tower with Radar,110,36,40,49,235,0,11,19,4,34,110,47,59,53,269,0,28,28,297
05/23/2023,TUL,OK,ASW,CE,Combined TRACON& Tower with Radar,99,35,41,16,191,0,0,22,3,25,99,35,63,19,216,0,14,14,230
05/24/2023,TUL,OK,ASW,CE,Combined TRACON& Tower with Radar,102,45,40,20,207,0,6,15,3,24,102,51,55,23,231,24,46,70,301
05/25/2023,TUL,OK,ASW,CE,Combined TRACON& Tower with Radar,104,41,47,30,222,0,2,19,4,25,104,43,66,34,247,14,40,54,301
05/26/2023,TUL,OK,ASW,CE,Combined TRACON& Tower with Radar,116,34,29,0,179,0,2,28,5,35,116,36,57,5,214,30,20,50,264
05/27/2023,TUL,OK,ASW,CE,Combined TRACON& Tower with Radar,90,26,15,0,131,0,11,14,0,25,90,37,29,0,156,66,0,66,222
05/28/2023,TUL,OK,ASW,CE,Combined TRACON& Tower with Radar,84,17,13,2,116,0,4,8,0,12,84,21,21,2,128,14,0,14,142
05/29/2023,TUL,OK,ASW,CE,Combined TRACON& Tower with Radar,101,21,14,0,136,0,6,5,0,11,101,27,19,0,147,2,0,2,149
05/30/2023,TUL,OK,ASW,CE,Combined TRACON& Tower with Radar,100,38,39,17,194,0,9,24,0,33,100,47,63,17,227,52,20,72,299
05/31/2023,TUL,OK,ASW,CE,Combined TRACON& Tower with Radar,114,51,50,57,272,0,10,22,6,38,114,61,72,63,310,48,118,166,476
06/01/2023,TUL,OK,ASW,CE,Combined TRACON& Tower with Radar,105,34,46,34,219,0,6,16,14,36,105,40,62,48,255,2,60,62,317
06/02/2023,TUL,OK,ASW,CE,Combined TRACON& Tower with Radar,113,24,26,71,234,0,7,19,8,34,113,31,45,79,268,34,66,100,368
06/03/2023,TUL,OK,ASW,CE,Combined TRACON& Tower with Radar,95,24,23,13,155,0,4,2,1,7,95,28,25,14,162,14,36,50,212
06/04/2023,TUL,OK,ASW,CE,Combined TRACON& Tower with Radar,104,27,18,22,171,0,8,9,1,18,104,35,27,23,189,40,24,64,253
06/05/2023,TUL,OK,ASW,CE,Combined TRACON& Tower with Radar,112,30,37,69,248,0,5,19,6,30,112,35,56,75,278,0,70,70,348
06/06/2023,TUL,OK,ASW,CE,Combined TRACON& Tower with Radar,113,25,39,17,194,0,6,24,3,33,113,31,63,20,227,0,32,32,259
06/07/2023,TUL,OK,ASW,CE,Combined TRACON& Tower with Radar,113,33,53,76,275,0,6,24,17,47,113,39,77,93,322,16,54,70,392
06/08/2023,TUL,OK,ASW,CE,Combined TRACON& Tower with Radar,111,31,34,67,243,0,7,24,7,38,111,38,58,74,281,28,26,54,335
06/09/2023,TUL,OK,ASW,CE,Combined TRACON& Tower with Radar,119,32,36,6,193,0,7,33,0,40,119,39,69,6,233,24,16,40,273
06/10/2023,TUL,OK,ASW,CE,Combined TRACON& Tower with Radar,89,23,28,2,142,0,10,7,0,17,89,33,35,2,159,8,0,8,167
06/11/2023,TUL,OK,ASW,CE,Combined TRACON& Tower with Radar,125,54,35,24,238,1,12,22,3,38,126,66,57,27,276,2,2,4,280
06/12/2023,TUL,OK,ASW,CE,Combined TRACON& Tower with Radar,122,50,48,24,244,0,2,13,3,18,122,52,61,27,262,8,44,52,314
06/13/2023,TUL,OK,ASW,CE,Combined TRACON& Tower with Radar,113,37,40,30,220,0,5,30,9,44,113,42,70,39,264,4,60,64,328
06/14/2023,TUL,OK,ASW,CE,Combined TRACON& Tower with Radar,114,37,55,87,293,0,5,18,8,31,114,42,73,95,324,14,36,50,374
06/15/2023,TUL,OK,ASW,CE,Combined TRACON& Tower with Radar,110,38,37,44,229,0,2,35,13,50,110,40,72,57,279,34,40,74,353
06/16/2023,TUL,OK,ASW,CE,Combined TRACON& Tower with Radar,120,40,31,25,216,0,4,35,9,48,120,44,66,34,264,2,12,14,278
06/17/2023,TUL,OK,ASW,CE,Combined TRACON& Tower with Radar,95,24,22,1,142,0,8,17,2,27,95,32,39,3,169,24,0,24,193
06/18/2023,TUL,OK,ASW,CE,Combined TRACON& Tower with Radar,108,25,18,0,151,0,4,11,0,15,108,29,29,0,166,0,0,0,166
06/19/2023,TUL,OK,ASW,CE,Combined TRACON& Tower with Radar,111,38,35,1,185,0,7,23,2,32,111,45,58,3,217,16,0,16,233
06/20/2023,TUL,OK,ASW,CE,Combined TRACON& Tower with Radar,119,47,38,69,273,0,1,21,6,28,119,48,59,75,301,22,38,60,361
06/21/2023,TUL,OK,ASW,CE,Combined TRACON& Tower with Radar,118,37,30,24,209,0,3,23,0,26,118,40,53,24,235,20,0,20,255
06/22/2023,TUL,OK,ASW,CE,Combined TRACON& Tower with Radar,116,40,43,102,301,0,12,28,18,58,116,52,71,120,359,70,72,142,501
06/23/2023,TUL,OK,ASW,CE,Combined TRACON& Tower with Radar,126,32,32,33,223,0,12,13,7,32,126,44,45,40,255,38,84,122,377
06/24/2023,TUL,OK,ASW,CE,Combined TRACON& Tower with Radar,97,30,27,8,162,0,10,9,6,25,97,40,36,14,187,20,18,38,225
06/25/2023,TUL,OK,ASW,CE,Combined TRACON& Tower with Radar,105,22,36,5,168,0,10,14,0,24,105,32,50,5,192,20,0,20,212
06/26/2023,TUL,OK,ASW,CE,Combined TRACON& Tower with Radar,116,21,37,25,199,0,9,18,2,29,116,30,55,27,228,16,24,40,268
06/27/2023,TUL,OK,ASW,CE,Combined TRACON& Tower with Radar,107,25,45,10,187,0,6,18,4,28,107,31,63,14,215,0,20,20,235
06/28/2023,TUL,OK,ASW,CE,Combined TRACON& Tower with Radar,109,36,46,98,289,0,17,17,9,43,109,53,63,107,332,58,70,128,460
06/29/2023,TUL,OK,ASW,CE,Combined TRACON& Tower with Radar,116,36,53,65,270,0,23,17,10,50,116,59,70,75,320,96,52,148,468
06/30/2023,TUL,OK,ASW,CE,Combined TRACON& Tower with Radar,123,36,47,41,247,0,14,29,6,49,123,50,76,47,296,12,34,46,342
07/01/2023,TUL,OK,ASW,CE,Combined TRACON& Tower with Radar,97,21,23,0,141,0,12,10,0,22,97,33,33,0,163,78,0,78,241
07/02/2023,TUL,OK,ASW,CE,Combined TRACON& Tower with Radar,93,17,17,0,127,0,3,16,0,19,93,20,33,0,146,18,2,20,166
07/03/2023,TUL,OK,ASW,CE,Combined TRACON& Tower with Radar,96,23,17,2,138,0,8,5,2,15,96,31,22,4,153,36,4,40,193
07/04/2023,TUL,OK,ASW,CE,Combined TRACON& Tower with Radar,85,14,4,0,103,0,3,9,0,12,85,17,13,0,115,0,0,0,115
07/05/2023,TUL,OK,ASW,CE,Combined TRACON& Tower with Radar,102,22,20,9,153,0,11,14,3,28,102,33,34,12,181,24,24,48,229
07/06/2023,TUL,OK,ASW,CE,Combined TRACON& Tower with Radar,108,43,31,12,194,0,7,10,3,20,108,50,41,15,214,42,44,86,300
07/07/2023,TUL,OK,ASW,CE,Combined TRACON& Tower with Radar,122,43,26,12,203,0,2,3,0,5,122,45,29,12,208,0,124,124,332
07/08/2023,TUL,OK,ASW,CE,Combined TRACON& Tower with Radar,94,33,24,2,153,0,14,7,0,21,94,47,31,2,174,72,0,72,246
07/09/2023,TUL,OK,ASW,CE,Combined TRACON& Tower with Radar,97,29,17,4,147,0,0,8,2,10,97,29,25,6,157,4,0,4,161
07/10/2023,TUL,OK,ASW,CE,Combined TRACON& Tower with Radar,114,27,44,54,239,0,15,32,7,54,114,42,76,61,293,84,30,114,407
07/11/2023,TUL,OK,ASW,CE,Combined TRACON& Tower with Radar,112,27,43,48,230,0,6,26,2,34,112,33,69,50,264,10,22,32,296
07/12/2023,TUL,OK,ASW,CE,Combined TRACON& Tower with Radar,108,34,45,40,227,0,11,28,3,42,108,45,73,43,269,32,6,38,307
07/13/2023,TUL,OK,ASW,CE,Combined TRACON& Tower with Radar,114,29,50,34,227,0,5,23,5,33,114,34,73,39,260,8,26,34,294
07/14/2023,TUL,OK,ASW,CE,Combined TRACON& Tower with Radar,120,36,48,19,223,0,6,15,2,23,120,42,63,21,246,18,52,70,316
07/15/2023,TUL,OK,ASW,CE,Combined TRACON& Tower with Radar,103,19,17,13,152,0,8,17,0,25,103,27,34,13,177,34,0,34,211
07/16/2023,TUL,OK,ASW,CE,Combined TRACON& Tower with Radar,104,31,28,8,171,0,7,13,0,20,104,38,41,8,191,38,0,38,229
07/17/2023,TUL,OK,ASW,CE,Combined TRACON& Tower with Radar,124,21,38,46,229,0,4,24,8,36,124,25,62,54,265,20,64,84,349
07/18/2023,TUL,OK,ASW,CE,Combined TRACON& Tower with Radar,109,32,34,67,242,0,12,29,14,55,109,44,63,81,297,26,32,58,355
07/19/2023,TUL,OK,ASW,CE,Combined TRACON& Tower with Radar,121,26,45,71,263,0,10,19,8,37,121,36,64,79,300,26,36,62,362
07/20/2023,TUL,OK,ASW,CE,Combined TRACON& Tower with Radar,109,40,46,51,246,0,17,26,8,51,109,57,72,59,297,32,42,74,371
07/21/2023,TUL,OK,ASW,CE,Combined TRACON& Tower with Radar,128,28,29,8,193,0,1,9,2,12,128,29,38,10,205,32,0,32,237
07/22/2023,TUL,OK,ASW,CE,Combined TRACON& Tower with Radar,99,32,25,5,161,0,8,35,0,43,99,40,60,5,204,14,0,14,218
07/23/2023,TUL,OK,ASW,CE,Combined TRACON& Tower with Radar,107,31,31,12,181,0,10,16,2,28,107,41,47,14,209,70,6,76,285
07/24/2023,TUL,OK,ASW,CE,Combined TRACON& Tower with Radar,118,40,40,41,239,0,11,14,3,28,118,51,54,44,267,36,50,86,353
07/25/2023,TUL,OK,ASW,CE,Combined TRACON& Tower with Radar,114,28,27,40,209,0,12,18,4,34,114,40,45,44,243,16,28,44,287
07/26/2023,TUL,OK,ASW,CE,Combined TRACON& Tower with Radar,122,38,46,53,259,0,4,26,10,40,122,42,72,63,299,48,56,104,403
07/27/2023,TUL,OK,ASW,CE,Combined TRACON& Tower with Radar,114,30,44,59,247,0,14,27,8,49,114,44,71,67,296,58,100,158,454
07/28/2023,TUL,OK,ASW,CE,Combined TRACON& Tower with Radar,112,49,38,75,274,0,5,20,12,37,112,54,58,87,311,16,36,52,363
07/29/2023,TUL,OK,ASW,CE,Combined TRACON& Tower with Radar,101,42,20,0,163,0,12,25,1,38,101,54,45,1,201,54,0,54,255
07/30/2023,TUL,OK,ASW,CE,Combined TRACON& Tower with Radar,104,47,24,3,178,0,9,15,1,25,104,56,39,4,203,46,0,46,249
07/31/2023,TUL,OK,ASW,CE,Combined TRACON& Tower with Radar,118,39,17,43,217,0,5,15,8,28,118,44,32,51,245,26,42,68,313
08/01/2023,TUL,OK,ASW,CE,Combined TRACON& Tower with Radar,115,32,32,50,229,0,5,29,8,42,115,37,61,58,271,14,18,32,303
08/02/2023,TUL,OK,ASW,CE,Combined TRACON& Tower with Radar,121,29,41,14,205,0,11,14,4,29,121,40,55,18,234,34,38,72,306
08/03/2023,TUL,OK,ASW,CE,Combined TRACON& Tower with Radar,119,25,43,28,215,0,8,23,4,35,119,33,66,32,250,52,70,122,372
08/04/2023,TUL,OK,ASW,CE,Combined TRACON& Tower with Radar,129,18,32,13,192,0,18,29,4,51,129,36,61,17,243,98,12,110,353
08/05/2023,TUL,OK,ASW,CE,Combined TRACON& Tower with Radar,99,20,23,0,142,0,7,13,0,20,99,27,36,0,162,54,0,54,216
08/06/2023,TUL,OK,ASW,CE,Combined TRACON& Tower with Radar,106,23,22,0,151,0,4,15,3,22,106,27,37,3,173,2,0,2,175
08/07/2023,TUL,OK,ASW,CE,Combined TRACON& Tower with Radar,121,25,28,15,189,0,14,16,2,32,121,39,44,17,221,60,24,84,305
08/08/2023,TUL,OK,ASW,CE,Combined TRACON& Tower with Radar,112,45,46,16,219,0,13,23,4,40,112,58,69,20,259,54,48,102,361
08/09/2023,TUL,OK,ASW,CE,Combined TRACON& Tower with Radar,116,46,48,45,255,0,9,11,2,22,116,55,59,47,277,74,44,118,395
08/10/2023,TUL,OK,ASW,CE,Combined TRACON& Tower with Radar,124,29,41,55,249,0,6,22,6,34,124,35,63,61,283,14,42,56,339
08/11/2023,TUL,OK,ASW,CE,Combined TRACON& Tower with Radar,129,34,37,68,268,0,9,30,10,49,129,43,67,78,317,10,46,56,373
08/12/2023,TUL,OK,ASW,CE,Combined TRACON& Tower with Radar,99,17,28,0,144,0,7,7,1,15,99,24,35,1,159,22,0,22,181
08/13/2023,TUL,OK,ASW,CE,Combined TRACON& Tower with Radar,102,21,30,2,155,0,4,11,0,15,102,25,41,2,170,12,0,12,182
08/14/2023,TUL,OK,ASW,CE,Combined TRACON& Tower with Radar,123,37,44,56,260,0,7,20,3,30,123,44,64,59,290,34,0,34,324
08/15/2023,TUL,OK,ASW,CE,Combined TRACON& Tower with Radar,115,29,50,27,221,0,7,26,7,40,115,36,76,34,261,78,36,114,375
08/16/2023,TUL,OK,ASW,CE,Combined TRACON& Tower with Radar,119,23,60,60,262,0,9,26,8,43,119,32,86,68,305,54,42,96,401
08/17/2023,TUL,OK,ASW,CE,Combined TRACON& Tower with Radar,119,24,47,42,232,0,1,26,13,40,119,25,73,55,272,2,34,36,308
08/18/2023,TUL,OK,ASW,CE,Combined TRACON& Tower with Radar,123,25,32,37,217,0,8,29,7,44,123,33,61,44,261,62,8,70,331
08/19/2023,TUL,OK,ASW,CE,Combined TRACON& Tower with Radar,95,16,26,12,149,0,7,19,0,26,95,23,45,12,175,54,12,66,241
08/20/2023,TUL,OK,ASW,CE,Combined TRACON& Tower with Radar,107,35,36,6,184,0,2,4,3,9,107,37,40,9,193,0,2,2,195
08/21/2023,TUL,OK,ASW,CE,Combined TRACON& Tower with Radar,120,29,31,10,190,0,9,24,6,39,120,38,55,16,229,0,0,0,229
08/22/2023,TUL,OK,ASW,CE,Combined TRACON& Tower with Radar,119,27,36,19,201,0,5,31,2,38,119,32,67,21,239,30,0,30,269
08/23/2023,TUL,OK,ASW,CE,Combined TRACON& Tower with Radar,120,22,36,31,209,0,15,20,4,39,120,37,56,35,248,22,10,32,280
08/24/2023,TUL,OK,ASW,CE,Combined TRACON& Tower with Radar,122,40,31,52,245,0,4,24,4,32,122,44,55,56,277,52,52,104,381
08/25/2023,TUL,OK,ASW,CE,Combined TRACON& Tower with Radar,122,26,43,30,221,0,6,17,3,26,122,32,60,33,247,18,28,46,293
08/26/2023,TUL,OK,ASW,CE,Combined TRACON& Tower with Radar,94,10,21,2,127,0,4,21,1,26,94,14,42,3,153,26,0,26,179
08/27/2023,TUL,OK,ASW,CE,Combined TRACON& Tower with Radar,120,19,33,8,180,0,6,6,2,14,120,25,39,10,194,76,0,76,270
08/28/2023,TUL,OK,ASW,CE,Combined TRACON& Tower with Radar,128,29,31,61,249,0,20,43,6,69,128,49,74,67,318,62,44,106,424
08/29/2023,TUL,OK,ASW,CE,Combined TRACON& Tower with Radar,115,43,40,54,252,0,20,38,4,62,115,63,78,58,314,32,106,138,452
08/30/2023,TUL,OK,ASW,CE,Combined TRACON& Tower with Radar,118,30,44,7,199,0,16,32,13,61,118,46,76,20,260,88,14,102,362
08/31/2023,TUL,OK,ASW,CE,Combined TRACON& Tower with Radar,118,36,47,34,235,0,7,23,4,34,118,43,70,38,269,24,16,40,309
