01/01/2000,TUP,MS,ASO,CE,Federal Contract Tower,0,5,6,0,11,0,3,4,0,7,0,8,10,0,18,0,0,0,18
01/02/2000,TUP,MS,ASO,CE,Federal Contract Tower,0,8,10,0,18,0,2,15,0,17,0,10,25,0,35,0,0,0,35
01/03/2000,TUP,MS,ASO,CE,Federal Contract Tower,0,5,5,0,10,0,8,13,0,21,0,13,18,0,31,14,0,14,45
01/04/2000,TUP,MS,ASO,CE,Federal Contract Tower,0,11,12,1,24,0,1,70,6,77,0,12,82,7,101,16,0,16,117
01/05/2000,TUP,MS,ASO,CE,Federal Contract Tower,0,11,17,1,29,0,0,52,25,77,0,11,69,26,106,6,2,8,114
01/06/2000,TUP,MS,ASO,CE,Federal Contract Tower,0,9,10,1,20,0,3,69,9,81,0,12,79,10,101,28,2,30,131
01/07/2000,TUP,MS,ASO,CE,Federal Contract Tower,0,10,11,1,22,0,3,65,20,88,0,13,76,21,110,12,7,19,129
01/08/2000,TUP,MS,ASO,CE,Federal Contract Tower,0,9,11,1,21,0,4,25,5,34,0,13,36,6,55,18,4,22,77
01/09/2000,TUP,MS,ASO,CE,Federal Contract Tower,0,6,9,1,16,0,0,45,14,59,0,6,54,15,75,60,6,66,141
01/10/2000,TUP,MS,ASO,CE,Federal Contract Tower,0,12,13,1,26,0,2,31,2,35,0,14,44,3,61,34,0,34,95
01/11/2000,TUP,MS,ASO,CE,Federal Contract Tower,0,8,10,1,19,0,4,66,24,94,0,12,76,25,113,68,0,68,181
01/12/2000,TUP,MS,ASO,CE,Federal Contract Tower,0,13,15,1,29,0,4,50,6,60,0,17,65,7,89,6,0,6,95
01/13/2000,TUP,MS,ASO,CE,Federal Contract Tower,0,16,17,1,34,0,0,71,6,77,0,16,88,7,111,16,0,16,127
01/14/2000,TUP,MS,ASO,CE,Federal Contract Tower,0,10,12,1,23,0,5,77,17,99,0,15,89,18,122,22,6,28,150
01/15/2000,TUP,MS,ASO,CE,Federal Contract Tower,0,8,10,1,19,0,4,51,34,89,0,12,61,35,108,30,2,32,140
01/16/2000,TUP,MS,ASO,CE,Federal Contract Tower,0,8,8,1,17,0,0,37,19,56,0,8,45,20,73,20,26,46,119
01/17/2000,TUP,MS,ASO,CE,Federal Contract Tower,0,8,12,0,20,0,0,7,0,7,0,8,19,0,27,0,0,0,27
01/18/2000,TUP,MS,ASO,CE,Federal Contract Tower,0,16,24,0,40,0,0,31,0,31,0,16,55,0,71,4,2,6,77
01/19/2000,TUP,MS,ASO,CE,Federal Contract Tower,0,12,26,1,39,0,0,7,5,12,0,12,33,6,51,0,6,6,57
01/20/2000,TUP,MS,ASO,CE,Federal Contract Tower,0,11,18,0,29,0,0,30,8,38,0,11,48,8,67,14,0,14,81
01/21/2000,TUP,MS,ASO,CE,Federal Contract Tower,0,10,12,0,22,0,6,62,20,88,0,16,74,20,110,12,12,24,134
01/22/2000,TUP,MS,ASO,CE,Federal Contract Tower,0,8,9,0,17,0,2,0,0,2,0,10,9,0,19,0,0,0,19
01/23/2000,TUP,MS,ASO,CE,Federal Contract Tower,0,8,9,0,17,0,0,5,7,12,0,8,14,7,29,6,6,12,41
01/24/2000,TUP,MS,ASO,CE,Federal Contract Tower,0,13,16,0,29,0,2,39,11,52,0,15,55,11,81,22,26,48,129
01/25/2000,TUP,MS,ASO,CE,Federal Contract Tower,0,10,13,0,23,0,0,64,16,80,0,10,77,16,103,28,14,42,145
01/26/2000,TUP,MS,ASO,CE,Federal Contract Tower,0,9,17,0,26,0,0,43,18,61,0,9,60,18,87,26,0,26,113
01/27/2000,TUP,MS,ASO,CE,Federal Contract Tower,0,8,9,0,17,0,1,35,0,36,0,9,44,0,53,16,0,16,69
01/28/2000,TUP,MS,ASO,CE,Federal Contract Tower,0,5,4,0,9,0,3,0,0,3,0,8,4,0,12,8,4,12,24
01/29/2000,TUP,MS,ASO,CE,Federal Contract Tower,0,7,3,0,10,0,5,0,0,5,0,12,3,0,15,0,0,0,15
01/30/2000,TUP,MS,ASO,CE,Federal Contract Tower,0,6,8,0,14,0,2,33,13,48,0,8,41,13,62,14,0,14,76
01/31/2000,TUP,MS,ASO,CE,Federal Contract Tower,0,9,12,0,21,0,7,27,0,34,0,16,39,0,55,26,0,26,81
02/01/2000,TUP,MS,ASO,CE,Federal Contract Tower,0,12,6,2,20,12,67,0,95,174,12,79,6,97,194,0,28,28,222
02/02/2000,TUP,MS,ASO,CE,Federal Contract Tower,0,8,12,0,20,0,3,53,0,56,0,11,65,0,76,14,0,14,90
02/03/2000,TUP,MS,ASO,CE,Federal Contract Tower,0,9,13,1,23,0,3,58,8,69,0,12,71,9,92,8,12,20,112
02/04/2000,TUP,MS,ASO,CE,Federal Contract Tower,0,12,16,1,29,0,0,46,3,49,0,12,62,4,78,24,0,24,102
02/05/2000,TUP,MS,ASO,CE,Federal Contract Tower,0,7,10,1,18,0,5,48,15,68,0,12,58,16,86,92,2,94,180
02/06/2000,TUP,MS,ASO,CE,Federal Contract Tower,0,9,13,1,23,0,3,52,3,58,0,12,65,4,81,50,0,50,131
02/07/2000,TUP,MS,ASO,CE,Federal Contract Tower,0,7,11,0,18,0,6,38,0,44,0,13,49,0,62,32,0,32,94
02/08/2000,TUP,MS,ASO,CE,Federal Contract Tower,0,10,19,2,31,0,0,83,7,90,0,10,102,9,121,34,0,34,155
02/09/2000,TUP,MS,ASO,CE,Federal Contract Tower,0,10,14,1,25,0,3,69,6,78,0,13,83,7,103,21,11,32,135
02/10/2000,TUP,MS,ASO,CE,Federal Contract Tower,0,9,16,0,25,0,0,61,0,61,0,9,77,0,86,0,0,0,86
02/11/2000,TUP,MS,ASO,CE,Federal Contract Tower,0,12,16,1,29,0,7,28,12,47,0,19,44,13,76,10,0,10,86
02/12/2000,TUP,MS,ASO,CE,Federal Contract Tower,0,12,17,1,30,0,0,10,22,32,0,12,27,23,62,40,14,54,116
02/13/2000,TUP,MS,ASO,CE,Federal Contract Tower,0,4,4,0,8,0,5,0,0,5,0,9,4,0,13,0,0,0,13
02/14/2000,TUP,MS,ASO,CE,Federal Contract Tower,0,12,18,1,31,0,4,26,4,34,0,16,44,5,65,2,2,4,69
02/15/2000,TUP,MS,ASO,CE,Federal Contract Tower,0,13,21,2,36,0,0,59,18,77,0,13,80,20,113,38,4,42,155
02/16/2000,TUP,MS,ASO,CE,Federal Contract Tower,0,15,33,2,50,0,0,47,23,70,0,15,80,25,120,2,0,2,122
02/17/2000,TUP,MS,ASO,CE,Federal Contract Tower,0,11,24,1,36,0,0,26,8,34,0,11,50,9,70,0,20,20,90
02/18/2000,TUP,MS,ASO,CE,Federal Contract Tower,0,12,20,0,32,0,0,39,1,40,0,12,59,1,72,4,0,4,76
02/19/2000,TUP,MS,ASO,CE,Federal Contract Tower,0,12,21,0,33,0,0,49,0,49,0,12,70,0,82,50,0,50,132
02/20/2000,TUP,MS,ASO,CE,Federal Contract Tower,0,13,21,0,34,0,3,59,0,62,0,16,80,0,96,0,36,36,132
02/21/2000,TUP,MS,ASO,CE,Federal Contract Tower,0,7,13,0,20,0,0,51,2,53,0,7,64,2,73,44,0,44,117
02/22/2000,TUP,MS,ASO,CE,Federal Contract Tower,0,15,24,1,40,0,1,58,1,60,0,16,82,2,100,26,0,26,126
02/23/2000,TUP,MS,ASO,CE,Federal Contract Tower,0,8,12,0,20,0,4,52,0,56,0,12,64,0,76,20,0,20,96
02/24/2000,TUP,MS,ASO,CE,Federal Contract Tower,0,9,14,0,23,0,5,56,10,71,0,14,70,10,94,12,14,26,120
02/25/2000,TUP,MS,ASO,CE,Federal Contract Tower,0,10,16,0,26,0,3,51,22,76,0,13,67,22,102,22,4,26,128
02/26/2000,TUP,MS,ASO,CE,Federal Contract Tower,0,6,10,0,16,0,6,9,8,23,0,12,19,8,39,6,0,6,45
02/27/2000,TUP,MS,ASO,CE,Federal Contract Tower,0,8,13,0,21,0,4,27,3,34,0,12,40,3,55,36,2,38,93
02/28/2000,TUP,MS,ASO,CE,Federal Contract Tower,0,10,14,0,24,0,4,53,2,59,0,14,67,2,83,18,0,18,101
02/29/2000,TUP,MS,ASO,CE,Federal Contract Tower,0,12,24,1,37,0,0,78,15,93,0,12,102,16,130,44,4,48,178
03/01/2000,TUP,MS,ASO,CE,Federal Contract Tower,0,9,13,1,23,0,6,71,6,83,0,15,84,7,106,32,8,40,146
03/02/2000,TUP,MS,ASO,CE,Federal Contract Tower,0,11,17,1,29,0,0,72,2,74,0,11,89,3,103,37,0,37,140
03/03/2000,TUP,MS,ASO,CE,Federal Contract Tower,0,14,19,1,34,0,2,20,0,22,0,16,39,1,56,0,0,0,56
03/04/2000,TUP,MS,ASO,CE,Federal Contract Tower,0,7,9,1,17,0,5,29,19,53,0,12,38,20,70,56,10,66,136
03/05/2000,TUP,MS,ASO,CE,Federal Contract Tower,0,10,12,1,23,0,2,66,16,84,0,12,78,17,107,50,4,54,161
03/06/2000,TUP,MS,ASO,CE,Federal Contract Tower,0,12,15,1,28,0,3,42,3,48,0,15,57,4,76,14,0,14,90
03/07/2000,TUP,MS,ASO,CE,Federal Contract Tower,0,10,12,1,23,0,3,82,5,90,0,13,94,6,113,12,0,12,125
03/08/2000,TUP,MS,ASO,CE,Federal Contract Tower,0,10,19,0,29,0,0,88,0,88,0,10,107,0,117,21,0,21,138
03/09/2000,TUP,MS,ASO,CE,Federal Contract Tower,0,10,12,1,23,0,4,73,3,80,0,14,85,4,103,26,0,26,129
03/10/2000,TUP,MS,ASO,CE,Federal Contract Tower,0,9,12,1,22,0,4,22,8,34,0,13,34,9,56,0,0,0,56
03/11/2000,TUP,MS,ASO,CE,Federal Contract Tower,0,7,10,1,18,0,4,38,1,43,0,11,48,2,61,16,0,16,77
03/12/2000,TUP,MS,ASO,CE,Federal Contract Tower,0,9,12,1,22,0,3,80,9,92,0,12,92,10,114,54,10,64,178
03/13/2000,TUP,MS,ASO,CE,Federal Contract Tower,0,10,13,1,24,0,2,55,3,60,0,12,68,4,84,44,0,44,128
03/14/2000,TUP,MS,ASO,CE,Federal Contract Tower,0,10,12,1,23,0,3,75,2,80,0,13,87,3,103,36,2,38,141
03/15/2000,TUP,MS,ASO,CE,Federal Contract Tower,0,12,15,0,27,0,1,65,0,66,0,13,80,0,93,34,0,34,127
03/16/2000,TUP,MS,ASO,CE,Federal Contract Tower,0,10,20,1,31,0,0,37,0,37,0,10,57,1,68,2,0,2,70
03/17/2000,TUP,MS,ASO,CE,Federal Contract Tower,0,13,16,0,29,0,0,38,0,38,0,13,54,0,67,2,0,2,69
03/18/2000,TUP,MS,ASO,CE,Federal Contract Tower,0,11,14,1,26,0,1,28,13,42,0,12,42,14,68,22,14,36,104
03/19/2000,TUP,MS,ASO,CE,Federal Contract Tower,0,8,10,0,18,0,4,6,0,10,0,12,16,0,28,0,0,0,28
03/20/2000,TUP,MS,ASO,CE,Federal Contract Tower,0,14,22,0,36,0,0,34,0,34,0,14,56,0,70,12,0,12,82
03/21/2000,TUP,MS,ASO,CE,Federal Contract Tower,0,10,15,0,25,0,3,62,3,68,0,13,77,3,93,22,2,24,117
03/22/2000,TUP,MS,ASO,CE,Federal Contract Tower,0,10,15,0,25,0,2,71,2,75,0,12,86,2,100,36,0,36,136
03/23/2000,TUP,MS,ASO,CE,Federal Contract Tower,0,13,20,0,33,0,0,66,4,70,0,13,86,4,103,24,0,24,127
03/24/2000,TUP,MS,ASO,CE,Federal Contract Tower,0,11,17,0,28,0,0,96,9,105,0,11,113,9,133,40,0,40,173
03/25/2000,TUP,MS,ASO,CE,Federal Contract Tower,0,11,16,0,27,0,1,58,6,65,0,12,74,6,92,28,2,30,122
03/26/2000,TUP,MS,ASO,CE,Federal Contract Tower,0,7,11,0,18,0,5,27,0,32,0,12,38,0,50,18,0,18,68
03/27/2000,TUP,MS,ASO,CE,Federal Contract Tower,0,9,12,0,21,0,7,53,0,60,0,16,65,0,81,22,0,22,103
03/28/2000,TUP,MS,ASO,CE,Federal Contract Tower,0,10,16,0,26,0,0,76,6,82,0,10,92,6,108,22,2,24,132
03/29/2000,TUP,MS,ASO,CE,Federal Contract Tower,0,11,19,0,30,0,0,84,2,86,0,11,103,2,116,12,6,18,134
03/30/2000,TUP,MS,ASO,CE,Federal Contract Tower,0,13,21,0,34,0,0,82,7,89,0,13,103,7,123,34,10,44,167
03/31/2000,TUP,MS,ASO,CE,Federal Contract Tower,0,8,12,0,20,0,3,87,19,109,0,11,99,19,129,46,4,50,179
04/01/2000,TUP,MS,ASO,CE,Federal Contract Tower,0,6,9,2,17,0,6,45,6,57,0,12,54,8,74,26,0,26,100
04/02/2000,TUP,MS,ASO,CE,Federal Contract Tower,0,6,9,0,15,0,0,4,0,4,0,6,13,0,19,0,0,0,19
04/03/2000,TUP,MS,ASO,CE,Federal Contract Tower,0,6,7,0,13,0,6,0,0,6,0,12,7,0,19,0,0,0,19
04/04/2000,TUP,MS,ASO,CE,Federal Contract Tower,0,9,15,3,27,0,0,77,2,79,0,9,92,5,106,24,2,26,132
04/05/2000,TUP,MS,ASO,CE,Federal Contract Tower,0,10,15,3,28,0,0,99,1,100,0,10,114,4,128,14,14,28,156
04/06/2000,TUP,MS,ASO,CE,Federal Contract Tower,0,8,10,2,20,0,2,57,4,63,0,10,67,6,83,26,7,33,116
04/07/2000,TUP,MS,ASO,CE,Federal Contract Tower,0,9,13,3,25,0,5,89,1,95,0,14,102,4,120,10,0,10,130
04/08/2000,TUP,MS,ASO,CE,Federal Contract Tower,0,6,8,2,16,0,4,21,2,27,0,10,29,4,43,18,0,18,61
04/09/2000,TUP,MS,ASO,CE,Federal Contract Tower,0,6,7,2,15,0,2,65,14,81,0,8,72,16,96,20,0,20,116
04/10/2000,TUP,MS,ASO,CE,Federal Contract Tower,0,12,16,3,31,0,3,44,8,55,0,15,60,11,86,30,26,56,142
04/11/2000,TUP,MS,ASO,CE,Federal Contract Tower,0,15,20,4,39,0,0,43,11,54,0,15,63,15,93,24,24,48,141
04/12/2000,TUP,MS,ASO,CE,Federal Contract Tower,0,14,21,4,39,0,0,67,4,71,0,14,88,8,110,30,18,48,158
04/13/2000,TUP,MS,ASO,CE,Federal Contract Tower,0,12,17,0,29,0,0,5,0,5,0,12,22,0,34,0,0,0,34
04/14/2000,TUP,MS,ASO,CE,Federal Contract Tower,0,13,21,4,38,0,0,24,4,28,0,13,45,8,66,0,10,10,76
04/15/2000,TUP,MS,ASO,CE,Federal Contract Tower,0,7,10,2,19,0,3,23,1,27,0,10,33,3,46,4,0,4,50
04/16/2000,TUP,MS,ASO,CE,Federal Contract Tower,0,6,9,1,16,0,2,42,2,46,0,8,51,3,62,48,0,48,110
04/17/2000,TUP,MS,ASO,CE,Federal Contract Tower,0,12,17,0,29,0,1,49,0,50,0,13,66,0,79,34,12,46,125
04/18/2000,TUP,MS,ASO,CE,Federal Contract Tower,0,11,15,2,28,0,0,80,15,95,0,11,95,17,123,50,18,68,191
04/19/2000,TUP,MS,ASO,CE,Federal Contract Tower,0,11,15,2,28,0,2,73,2,77,0,13,88,4,105,46,20,66,171
04/20/2000,TUP,MS,ASO,CE,Federal Contract Tower,0,13,17,2,32,0,2,64,4,70,0,15,81,6,102,14,4,18,120
04/21/2000,TUP,MS,ASO,CE,Federal Contract Tower,0,7,11,1,19,0,5,51,1,57,0,12,62,2,76,21,0,21,97
04/22/2000,TUP,MS,ASO,CE,Federal Contract Tower,0,6,9,1,16,0,6,74,3,83,0,12,83,4,99,64,0,64,163
04/23/2000,TUP,MS,ASO,CE,Federal Contract Tower,0,7,9,1,17,0,1,14,1,16,0,8,23,2,33,2,0,2,35
04/24/2000,TUP,MS,ASO,CE,Federal Contract Tower,0,13,18,0,31,0,0,14,0,14,0,13,32,0,45,4,0,4,49
04/25/2000,TUP,MS,ASO,CE,Federal Contract Tower,0,12,19,2,33,0,0,51,30,81,0,12,70,32,114,18,24,42,156
04/26/2000,TUP,MS,ASO,CE,Federal Contract Tower,0,11,15,2,28,0,2,57,20,79,0,13,72,22,107,24,36,60,167
04/27/2000,TUP,MS,ASO,CE,Federal Contract Tower,0,13,17,2,32,0,2,52,9,63,0,15,69,11,95,16,6,22,117
04/28/2000,TUP,MS,ASO,CE,Federal Contract Tower,0,12,17,2,31,0,1,58,25,84,0,13,75,27,115,18,18,36,151
04/29/2000,TUP,MS,ASO,CE,Federal Contract Tower,0,8,12,1,21,0,4,144,32,180,0,12,156,33,201,70,4,74,275
04/30/2000,TUP,MS,ASO,CE,Federal Contract Tower,0,5,7,1,13,0,3,76,29,108,0,8,83,30,121,83,4,87,208
05/01/2000,TUP,MS,ASO,CE,Federal Contract Tower,0,11,14,0,25,0,3,41,0,44,0,14,55,0,69,10,0,10,79
05/02/2000,TUP,MS,ASO,CE,Federal Contract Tower,0,11,15,1,27,0,5,41,6,52,0,16,56,7,79,18,10,28,107
05/03/2000,TUP,MS,ASO,CE,Federal Contract Tower,0,13,14,0,27,0,0,56,0,56,0,13,70,0,83,40,4,44,127
05/04/2000,TUP,MS,ASO,CE,Federal Contract Tower,0,13,15,1,29,0,0,57,3,60,0,13,72,4,89,38,0,38,127
05/05/2000,TUP,MS,ASO,CE,Federal Contract Tower,0,10,11,1,22,0,0,30,9,39,0,10,41,10,61,42,0,42,103
05/06/2000,TUP,MS,ASO,CE,Federal Contract Tower,0,6,6,1,13,0,2,64,35,101,0,8,70,36,114,60,6,66,180
05/07/2000,TUP,MS,ASO,CE,Federal Contract Tower,0,7,7,1,15,0,1,63,5,69,0,8,70,6,84,34,0,34,118
05/08/2000,TUP,MS,ASO,CE,Federal Contract Tower,0,10,11,1,22,0,6,39,1,46,0,16,50,2,68,18,0,18,86
05/09/2000,TUP,MS,ASO,CE,Federal Contract Tower,0,11,17,2,30,0,0,93,24,117,0,11,110,26,147,66,0,66,213
05/10/2000,TUP,MS,ASO,CE,Federal Contract Tower,0,13,14,1,28,0,3,69,6,78,0,16,83,7,106,32,0,32,138
05/11/2000,TUP,MS,ASO,CE,Federal Contract Tower,0,12,15,1,28,0,0,84,5,89,0,12,99,6,117,26,15,41,158
05/12/2000,TUP,MS,ASO,CE,Federal Contract Tower,0,15,18,2,35,0,0,69,6,75,0,15,87,8,110,48,10,58,168
05/13/2000,TUP,MS,ASO,CE,Federal Contract Tower,0,5,6,1,12,0,5,67,5,77,0,10,73,6,89,94,2,96,185
05/14/2000,TUP,MS,ASO,CE,Federal Contract Tower,0,8,9,1,18,0,2,63,5,70,0,10,72,6,88,44,0,44,132
05/15/2000,TUP,MS,ASO,CE,Federal Contract Tower,0,13,14,1,28,0,3,48,1,52,0,16,62,2,80,30,0,30,110
05/16/2000,TUP,MS,ASO,CE,Federal Contract Tower,0,16,22,1,39,0,0,79,4,83,0,16,101,5,122,26,2,28,150
05/17/2000,TUP,MS,ASO,CE,Federal Contract Tower,0,14,19,1,34,0,3,79,7,89,0,17,98,8,123,26,0,26,149
05/18/2000,TUP,MS,ASO,CE,Federal Contract Tower,0,14,21,1,36,0,0,79,23,102,0,14,100,24,138,16,40,56,194
05/19/2000,TUP,MS,ASO,CE,Federal Contract Tower,0,14,17,0,31,0,0,59,36,95,0,14,76,36,126,16,46,62,188
05/20/2000,TUP,MS,ASO,CE,Federal Contract Tower,0,7,9,0,16,0,4,40,24,68,0,11,49,24,84,8,20,28,112
05/21/2000,TUP,MS,ASO,CE,Federal Contract Tower,0,6,8,0,14,0,3,43,17,63,0,9,51,17,77,54,2,56,133
05/22/2000,TUP,MS,ASO,CE,Federal Contract Tower,0,14,19,1,34,0,3,55,16,74,0,17,74,17,108,14,18,32,140
05/23/2000,TUP,MS,ASO,CE,Federal Contract Tower,0,17,21,1,39,0,0,72,15,87,0,17,93,16,126,28,24,52,178
05/24/2000,TUP,MS,ASO,CE,Federal Contract Tower,0,16,21,1,38,0,0,63,2,65,0,16,84,3,103,12,30,42,145
05/25/2000,TUP,MS,ASO,CE,Federal Contract Tower,0,13,23,1,37,0,0,88,1,89,0,13,111,2,126,10,0,10,136
05/26/2000,TUP,MS,ASO,CE,Federal Contract Tower,0,10,21,1,32,0,0,95,0,95,0,10,116,1,127,14,0,14,141
05/27/2000,TUP,MS,ASO,CE,Federal Contract Tower,0,7,8,0,15,0,3,58,2,63,0,10,66,2,78,80,0,80,158
05/28/2000,TUP,MS,ASO,CE,Federal Contract Tower,0,9,11,0,20,0,3,40,0,43,0,12,51,0,63,18,0,18,81
05/29/2000,TUP,MS,ASO,CE,Federal Contract Tower,0,7,9,0,16,0,1,81,2,84,0,8,90,2,100,80,0,80,180
05/30/2000,TUP,MS,ASO,CE,Federal Contract Tower,0,16,24,1,41,0,0,71,7,78,0,16,95,8,119,16,0,16,135
05/31/2000,TUP,MS,ASO,CE,Federal Contract Tower,0,14,19,1,34,0,8,86,0,94,0,22,105,1,128,24,2,26,154
06/01/2000,TUP,MS,ASO,CE,Federal Contract Tower,0,14,19,1,34,0,0,78,5,83,0,14,97,6,117,10,18,28,145
06/02/2000,TUP,MS,ASO,CE,Federal Contract Tower,0,18,19,1,38,0,4,81,3,88,0,22,100,4,126,72,10,82,208
06/03/2000,TUP,MS,ASO,CE,Federal Contract Tower,0,10,9,1,20,0,3,70,3,76,0,13,79,4,96,28,0,28,124
06/04/2000,TUP,MS,ASO,CE,Federal Contract Tower,0,12,11,0,23,0,0,18,0,18,0,12,29,0,41,8,0,8,49
06/05/2000,TUP,MS,ASO,CE,Federal Contract Tower,0,30,30,2,62,0,1,18,6,25,0,31,48,8,87,18,8,26,113
06/06/2000,TUP,MS,ASO,CE,Federal Contract Tower,0,22,23,2,47,0,5,81,6,92,0,27,104,8,139,52,0,52,191
06/07/2000,TUP,MS,ASO,CE,Federal Contract Tower,0,27,26,2,55,0,1,69,2,72,0,28,95,4,127,40,8,48,175
06/08/2000,TUP,MS,ASO,CE,Federal Contract Tower,0,18,18,1,37,0,0,98,6,104,0,18,116,7,141,6,20,26,167
06/09/2000,TUP,MS,ASO,CE,Federal Contract Tower,0,18,18,1,37,0,0,128,14,142,0,18,146,15,179,40,10,50,229
06/10/2000,TUP,MS,ASO,CE,Federal Contract Tower,0,11,10,1,22,0,5,74,26,105,0,16,84,27,127,28,18,46,173
06/11/2000,TUP,MS,ASO,CE,Federal Contract Tower,0,10,10,1,21,0,5,45,13,63,0,15,55,14,84,66,6,72,156
06/12/2000,TUP,MS,ASO,CE,Federal Contract Tower,0,15,14,1,30,0,11,49,1,61,0,26,63,2,91,32,0,32,123
06/13/2000,TUP,MS,ASO,CE,Federal Contract Tower,0,21,21,2,44,0,5,99,10,114,0,26,120,12,158,20,8,28,186
06/14/2000,TUP,MS,ASO,CE,Federal Contract Tower,0,21,21,2,44,0,5,65,7,77,0,26,86,9,121,20,18,38,159
06/15/2000,TUP,MS,ASO,CE,Federal Contract Tower,0,15,28,2,45,0,0,97,6,103,0,15,125,8,148,32,32,64,212
06/16/2000,TUP,MS,ASO,CE,Federal Contract Tower,0,17,24,2,43,0,0,85,6,91,0,17,109,8,134,62,8,70,204
06/17/2000,TUP,MS,ASO,CE,Federal Contract Tower,0,11,12,0,23,0,3,29,1,33,0,14,41,1,56,28,0,28,84
06/18/2000,TUP,MS,ASO,CE,Federal Contract Tower,0,11,11,0,22,0,0,33,3,36,0,11,44,3,58,8,0,8,66
06/19/2000,TUP,MS,ASO,CE,Federal Contract Tower,0,18,18,0,36,0,8,57,26,91,0,26,75,26,127,2,22,24,151
06/20/2000,TUP,MS,ASO,CE,Federal Contract Tower,0,20,21,0,41,0,0,62,37,99,0,20,83,37,140,32,44,76,216
06/21/2000,TUP,MS,ASO,CE,Federal Contract Tower,0,21,22,1,44,0,4,63,10,77,0,25,85,11,121,18,0,18,139
06/22/2000,TUP,MS,ASO,CE,Federal Contract Tower,0,16,23,1,40,0,0,105,14,119,0,16,128,15,159,16,6,22,181
06/23/2000,TUP,MS,ASO,CE,Federal Contract Tower,0,15,18,0,33,0,0,101,22,123,0,15,119,22,156,4,2,6,162
06/24/2000,TUP,MS,ASO,CE,Federal Contract Tower,0,12,12,0,24,0,5,67,28,100,0,17,79,28,124,22,2,24,148
06/25/2000,TUP,MS,ASO,CE,Federal Contract Tower,0,8,8,0,16,0,4,58,16,78,0,12,66,16,94,22,12,34,128
06/26/2000,TUP,MS,ASO,CE,Federal Contract Tower,0,19,19,0,38,0,5,44,8,57,0,24,63,8,95,8,0,8,103
06/27/2000,TUP,MS,ASO,CE,Federal Contract Tower,0,21,24,1,46,0,0,64,11,75,0,21,88,12,121,12,4,16,137
06/28/2000,TUP,MS,ASO,CE,Federal Contract Tower,0,18,21,1,40,0,0,75,0,75,0,18,96,1,115,26,0,26,141
06/29/2000,TUP,MS,ASO,CE,Federal Contract Tower,0,13,17,0,30,0,0,97,0,97,0,13,114,0,127,0,0,0,127
06/30/2000,TUP,MS,ASO,CE,Federal Contract Tower,0,15,19,0,34,0,0,126,3,129,0,15,145,3,163,32,0,32,195
07/01/2000,TUP,MS,ASO,CE,Federal Contract Tower,0,11,11,1,23,0,5,93,3,101,0,16,104,4,124,68,0,68,192
07/02/2000,TUP,MS,ASO,CE,Federal Contract Tower,0,9,8,0,17,0,1,67,0,68,0,10,75,0,85,30,0,30,115
07/03/2000,TUP,MS,ASO,CE,Federal Contract Tower,0,14,12,0,26,0,4,96,0,100,0,18,108,0,126,50,0,50,176
07/04/2000,TUP,MS,ASO,CE,Federal Contract Tower,0,8,7,1,16,0,5,47,1,53,0,13,54,2,69,26,0,26,95
07/05/2000,TUP,MS,ASO,CE,Federal Contract Tower,0,17,18,0,35,0,0,70,0,70,0,17,88,0,105,36,0,36,141
07/06/2000,TUP,MS,ASO,CE,Federal Contract Tower,0,14,13,0,27,0,0,109,0,109,0,14,122,0,136,38,0,38,174
07/07/2000,TUP,MS,ASO,CE,Federal Contract Tower,0,13,14,1,28,0,0,92,3,95,0,13,106,4,123,38,4,42,165
07/08/2000,TUP,MS,ASO,CE,Federal Contract Tower,0,10,9,0,19,0,5,83,0,88,0,15,92,0,107,48,0,48,155
07/09/2000,TUP,MS,ASO,CE,Federal Contract Tower,0,6,5,1,12,0,3,64,1,68,0,9,69,2,80,60,0,60,140
07/10/2000,TUP,MS,ASO,CE,Federal Contract Tower,0,14,12,1,27,0,4,44,1,49,0,18,56,2,76,30,0,30,106
07/11/2000,TUP,MS,ASO,CE,Federal Contract Tower,0,20,19,2,41,0,0,51,18,69,0,20,70,20,110,14,48,62,172
07/12/2000,TUP,MS,ASO,CE,Federal Contract Tower,0,17,18,2,37,0,0,85,3,88,0,17,103,5,125,38,0,38,163
07/13/2000,TUP,MS,ASO,CE,Federal Contract Tower,0,15,15,1,31,0,0,101,7,108,0,15,116,8,139,38,0,38,177
07/14/2000,TUP,MS,ASO,CE,Federal Contract Tower,0,14,12,1,27,0,0,85,31,116,0,14,97,32,143,20,30,50,193
07/15/2000,TUP,MS,ASO,CE,Federal Contract Tower,0,13,12,1,26,0,2,97,43,142,0,15,109,44,168,38,18,56,224
07/16/2000,TUP,MS,ASO,CE,Federal Contract Tower,0,9,10,1,20,0,0,46,29,75,0,9,56,30,95,22,44,66,161
07/17/2000,TUP,MS,ASO,CE,Federal Contract Tower,0,15,14,1,30,0,4,59,1,64,0,19,73,2,94,12,8,20,114
07/18/2000,TUP,MS,ASO,CE,Federal Contract Tower,0,18,16,1,35,0,2,57,15,74,0,20,73,16,109,18,16,34,143
07/19/2000,TUP,MS,ASO,CE,Federal Contract Tower,0,18,17,0,35,0,1,71,0,72,0,19,88,0,107,22,18,40,147
07/20/2000,TUP,MS,ASO,CE,Federal Contract Tower,0,18,14,1,33,0,1,93,0,94,0,19,107,1,127,12,0,12,139
07/21/2000,TUP,MS,ASO,CE,Federal Contract Tower,0,17,17,0,34,0,0,78,38,116,0,17,95,38,150,34,54,88,238
07/22/2000,TUP,MS,ASO,CE,Federal Contract Tower,0,13,11,0,24,0,2,73,12,87,0,15,84,12,111,74,0,74,185
07/23/2000,TUP,MS,ASO,CE,Federal Contract Tower,0,13,12,0,25,0,0,26,22,48,0,13,38,22,73,26,38,64,137
07/24/2000,TUP,MS,ASO,CE,Federal Contract Tower,0,20,18,0,38,0,0,57,2,59,0,20,75,2,97,20,2,22,119
07/25/2000,TUP,MS,ASO,CE,Federal Contract Tower,0,17,14,0,31,0,1,94,16,111,0,18,108,16,142,28,0,28,170
07/26/2000,TUP,MS,ASO,CE,Federal Contract Tower,0,17,16,0,33,0,0,77,7,84,0,17,93,7,117,26,0,26,143
07/27/2000,TUP,MS,ASO,CE,Federal Contract Tower,0,14,15,0,29,0,0,107,3,110,0,14,122,3,139,36,0,36,175
07/28/2000,TUP,MS,ASO,CE,Federal Contract Tower,0,14,18,0,32,0,0,95,2,97,0,14,113,2,129,16,4,20,149
07/29/2000,TUP,MS,ASO,CE,Federal Contract Tower,0,14,12,0,26,0,1,79,4,84,0,15,91,4,110,30,0,30,140
07/30/2000,TUP,MS,ASO,CE,Federal Contract Tower,0,8,7,0,15,0,1,46,0,47,0,9,53,0,62,12,0,12,74
07/31/2000,TUP,MS,ASO,CE,Federal Contract Tower,0,17,16,0,33,0,0,46,2,48,0,17,62,2,81,14,6,20,101
08/01/2000,TUP,MS,ASO,CE,Federal Contract Tower,0,13,19,0,32,0,4,70,0,74,0,17,89,0,106,30,0,30,136
08/02/2000,TUP,MS,ASO,CE,Federal Contract Tower,0,16,27,1,44,0,0,86,0,86,0,16,113,1,130,28,0,28,158
08/03/2000,TUP,MS,ASO,CE,Federal Contract Tower,0,14,17,0,31,0,0,97,4,101,0,14,114,4,132,36,2,38,170
08/04/2000,TUP,MS,ASO,CE,Federal Contract Tower,0,13,19,0,32,0,0,85,4,89,0,13,104,4,121,8,6,14,135
08/05/2000,TUP,MS,ASO,CE,Federal Contract Tower,0,7,9,1,17,0,8,89,3,100,0,15,98,4,117,58,0,58,175
08/06/2000,TUP,MS,ASO,CE,Federal Contract Tower,0,8,10,0,18,0,3,67,0,70,0,11,77,0,88,40,0,40,128
08/07/2000,TUP,MS,ASO,CE,Federal Contract Tower,0,16,21,0,37,0,3,47,0,50,0,19,68,0,87,30,0,30,117
08/08/2000,TUP,MS,ASO,CE,Federal Contract Tower,0,16,21,2,39,0,0,84,16,100,0,16,105,18,139,14,0,14,153
08/09/2000,TUP,MS,ASO,CE,Federal Contract Tower,0,16,21,2,39,0,2,74,2,78,0,18,95,4,117,32,0,32,149
08/10/2000,TUP,MS,ASO,CE,Federal Contract Tower,0,10,15,1,26,0,0,66,4,70,0,10,81,5,96,20,2,22,118
08/11/2000,TUP,MS,ASO,CE,Federal Contract Tower,0,14,21,2,37,0,0,89,11,100,0,14,110,13,137,6,10,16,153
08/12/2000,TUP,MS,ASO,CE,Federal Contract Tower,0,9,11,1,21,0,6,58,1,65,0,15,69,2,86,20,0,20,106
08/13/2000,TUP,MS,ASO,CE,Federal Contract Tower,0,9,12,0,21,0,1,59,0,60,0,10,71,0,81,32,0,32,113
08/14/2000,TUP,MS,ASO,CE,Federal Contract Tower,0,14,17,1,32,0,5,74,1,80,0,19,91,2,112,12,20,32,144
08/15/2000,TUP,MS,ASO,CE,Federal Contract Tower,0,16,21,2,39,0,1,78,20,99,0,17,99,22,138,18,22,40,178
08/16/2000,TUP,MS,ASO,CE,Federal Contract Tower,0,14,21,2,37,0,0,85,6,91,0,14,106,8,128,14,88,102,230
08/17/2000,TUP,MS,ASO,CE,Federal Contract Tower,0,18,34,2,54,0,0,111,10,121,0,18,145,12,175,12,46,58,233
08/18/2000,TUP,MS,ASO,CE,Federal Contract Tower,0,17,30,2,49,0,0,98,20,118,0,17,128,22,167,17,38,55,222
08/19/2000,TUP,MS,ASO,CE,Federal Contract Tower,0,10,14,0,24,0,2,89,16,107,0,12,103,16,131,56,0,56,187
08/20/2000,TUP,MS,ASO,CE,Federal Contract Tower,0,10,15,0,25,0,0,53,7,60,0,10,68,7,85,45,4,49,134
08/21/2000,TUP,MS,ASO,CE,Federal Contract Tower,0,17,24,1,42,0,2,73,1,76,0,19,97,2,118,16,2,18,136
08/22/2000,TUP,MS,ASO,CE,Federal Contract Tower,0,11,14,0,25,0,7,56,13,76,0,18,70,13,101,26,36,62,163
08/23/2000,TUP,MS,ASO,CE,Federal Contract Tower,0,17,27,1,45,0,0,56,6,62,0,17,83,7,107,12,10,22,129
08/24/2000,TUP,MS,ASO,CE,Federal Contract Tower,0,16,23,1,40,2,0,94,15,111,2,16,117,16,151,0,66,66,217
08/25/2000,TUP,MS,ASO,CE,Federal Contract Tower,0,15,21,1,37,0,0,96,28,124,0,15,117,29,161,42,30,72,233
08/26/2000,TUP,MS,ASO,CE,Federal Contract Tower,0,11,14,0,25,0,6,78,43,127,0,17,92,43,152,24,34,58,210
08/27/2000,TUP,MS,ASO,CE,Federal Contract Tower,0,9,12,0,21,0,2,50,20,72,0,11,62,20,93,12,4,16,109
08/28/2000,TUP,MS,ASO,CE,Federal Contract Tower,0,15,21,1,37,0,4,45,1,50,0,19,66,2,87,2,4,6,93
08/29/2000,TUP,MS,ASO,CE,Federal Contract Tower,0,13,24,1,38,0,0,83,15,98,0,13,107,16,136,34,18,52,188
08/30/2000,TUP,MS,ASO,CE,Federal Contract Tower,0,16,26,1,43,0,0,77,2,79,0,16,103,3,122,10,0,10,132
08/31/2000,TUP,MS,ASO,CE,Federal Contract Tower,0,14,27,1,42,2,0,93,9,104,2,14,120,10,146,20,26,46,192
09/01/2000,TUP,MS,ASO,CE,Federal Contract Tower,0,11,17,0,28,0,0,99,2,101,0,11,116,2,129,40,20,60,189
09/02/2000,TUP,MS,ASO,CE,Federal Contract Tower,0,5,6,0,11,0,6,68,0,74,0,11,74,0,85,60,0,60,145
09/03/2000,TUP,MS,ASO,CE,Federal Contract Tower,0,8,8,0,16,0,1,50,0,51,0,9,58,0,67,24,0,24,91
09/04/2000,TUP,MS,ASO,CE,Federal Contract Tower,0,11,18,0,29,0,0,68,0,68,0,11,86,0,97,30,0,30,127
09/05/2000,TUP,MS,ASO,CE,Federal Contract Tower,0,18,20,0,38,0,2,62,7,71,0,20,82,7,109,18,8,26,135
09/06/2000,TUP,MS,ASO,CE,Federal Contract Tower,0,14,18,0,32,0,0,81,12,93,0,14,99,12,125,30,0,30,155
09/07/2000,TUP,MS,ASO,CE,Federal Contract Tower,0,14,21,1,36,0,0,81,10,91,0,14,102,11,127,2,0,2,129
09/08/2000,TUP,MS,ASO,CE,Federal Contract Tower,0,15,22,0,37,0,0,29,0,29,0,15,51,0,66,2,0,2,68
09/09/2000,TUP,MS,ASO,CE,Federal Contract Tower,0,8,9,0,17,0,4,39,0,43,0,12,48,0,60,16,0,16,76
09/10/2000,TUP,MS,ASO,CE,Federal Contract Tower,0,6,8,1,15,0,6,42,1,49,0,12,50,2,64,38,0,38,102
09/11/2000,TUP,MS,ASO,CE,Federal Contract Tower,0,13,16,1,30,0,5,66,5,76,0,18,82,6,106,32,8,40,146
09/12/2000,TUP,MS,ASO,CE,Federal Contract Tower,0,20,25,1,46,0,0,64,5,69,0,20,89,6,115,16,0,16,131
09/13/2000,TUP,MS,ASO,CE,Federal Contract Tower,0,17,19,0,36,0,0,66,0,66,0,17,85,0,102,24,0,24,126
09/14/2000,TUP,MS,ASO,CE,Federal Contract Tower,0,13,16,1,30,0,1,97,3,101,0,14,113,4,131,18,8,26,157
09/15/2000,TUP,MS,ASO,CE,Federal Contract Tower,0,19,21,0,40,0,0,68,0,68,0,19,89,0,108,24,0,24,132
09/16/2000,TUP,MS,ASO,CE,Federal Contract Tower,0,10,13,0,23,0,1,77,2,80,0,11,90,2,103,60,0,60,163
09/17/2000,TUP,MS,ASO,CE,Federal Contract Tower,0,8,11,0,19,0,3,69,4,76,0,11,80,4,95,48,10,58,153
09/18/2000,TUP,MS,ASO,CE,Federal Contract Tower,0,15,19,0,34,0,5,73,1,79,0,20,92,1,113,42,0,42,155
09/19/2000,TUP,MS,ASO,CE,Federal Contract Tower,0,14,17,0,31,0,2,66,21,89,0,16,83,21,120,38,16,54,174
09/20/2000,TUP,MS,ASO,CE,Federal Contract Tower,0,14,22,0,36,0,0,62,9,71,0,14,84,9,107,18,0,18,125
09/21/2000,TUP,MS,ASO,CE,Federal Contract Tower,0,15,27,0,42,0,0,65,16,81,0,15,92,16,123,0,36,36,159
09/22/2000,TUP,MS,ASO,CE,Federal Contract Tower,0,18,21,0,39,0,1,64,13,78,0,19,85,13,117,32,10,42,159
09/23/2000,TUP,MS,ASO,CE,Federal Contract Tower,0,11,13,0,24,0,1,50,28,79,0,12,63,28,103,20,26,46,149
09/24/2000,TUP,MS,ASO,CE,Federal Contract Tower,0,7,9,0,16,0,2,20,7,29,0,9,29,7,45,20,0,20,65
09/25/2000,TUP,MS,ASO,CE,Federal Contract Tower,0,19,27,0,46,0,0,15,8,23,0,19,42,8,69,0,2,2,71
09/26/2000,TUP,MS,ASO,CE,Federal Contract Tower,0,12,14,0,26,0,6,78,10,94,0,18,92,10,120,34,0,34,154
09/27/2000,TUP,MS,ASO,CE,Federal Contract Tower,0,14,21,0,35,0,0,83,17,100,0,14,104,17,135,28,12,40,175
09/28/2000,TUP,MS,ASO,CE,Federal Contract Tower,0,17,21,0,38,0,1,70,2,73,0,18,91,2,111,14,0,14,125
09/29/2000,TUP,MS,ASO,CE,Federal Contract Tower,0,17,20,0,37,2,2,68,5,77,2,19,88,5,114,6,0,6,120
09/30/2000,TUP,MS,ASO,CE,Federal Contract Tower,0,0,0,0,0,0,11,100,0,111,0,11,100,0,111,30,0,30,141
10/01/2000,TUP,MS,ASO,CE,Federal Contract Tower,0,8,10,1,19,0,6,67,3,76,0,14,77,4,95,56,0,56,151
10/02/2000,TUP,MS,ASO,CE,Federal Contract Tower,0,14,17,1,32,0,2,76,2,80,0,16,93,3,112,40,20,60,172
10/03/2000,TUP,MS,ASO,CE,Federal Contract Tower,0,13,17,1,31,0,1,77,3,81,0,14,94,4,112,32,12,44,156
10/04/2000,TUP,MS,ASO,CE,Federal Contract Tower,0,10,13,1,24,0,5,85,3,93,0,15,98,4,117,22,8,30,147
10/05/2000,TUP,MS,ASO,CE,Federal Contract Tower,0,13,17,0,30,0,0,67,0,67,0,13,84,0,97,26,0,26,123
10/06/2000,TUP,MS,ASO,CE,Federal Contract Tower,0,16,17,1,34,0,1,42,12,55,0,17,59,13,89,16,0,16,105
10/07/2000,TUP,MS,ASO,CE,Federal Contract Tower,0,10,11,1,22,0,2,65,1,68,0,12,76,2,90,22,0,22,112
10/08/2000,TUP,MS,ASO,CE,Federal Contract Tower,0,9,9,1,19,0,1,59,1,61,0,10,68,2,80,22,0,22,102
10/09/2000,TUP,MS,ASO,CE,Federal Contract Tower,0,10,14,0,24,0,0,72,0,72,0,10,86,0,96,16,0,16,112
10/10/2000,TUP,MS,ASO,CE,Federal Contract Tower,0,12,14,0,26,0,4,82,0,86,0,16,96,0,112,40,0,40,152
10/11/2000,TUP,MS,ASO,CE,Federal Contract Tower,0,15,17,1,33,0,0,69,3,72,0,15,86,4,105,20,24,44,149
10/12/2000,TUP,MS,ASO,CE,Federal Contract Tower,0,12,17,0,29,0,0,77,0,77,0,12,94,0,106,32,0,32,138
10/13/2000,TUP,MS,ASO,CE,Federal Contract Tower,0,14,17,1,32,0,0,72,13,85,0,14,89,14,117,26,4,30,147
10/14/2000,TUP,MS,ASO,CE,Federal Contract Tower,0,5,6,1,12,0,4,95,1,100,0,9,101,2,112,38,0,38,150
10/15/2000,TUP,MS,ASO,CE,Federal Contract Tower,0,12,14,1,27,0,2,44,4,50,0,14,58,5,77,18,14,32,109
10/16/2000,TUP,MS,ASO,CE,Federal Contract Tower,0,14,17,0,31,0,0,50,0,50,0,14,67,0,81,36,0,36,117
10/17/2000,TUP,MS,ASO,CE,Federal Contract Tower,0,14,15,1,30,0,1,70,9,80,0,15,85,10,110,16,8,24,134
10/18/2000,TUP,MS,ASO,CE,Federal Contract Tower,0,13,15,0,28,0,0,72,0,72,0,13,87,0,100,6,0,6,106
10/19/2000,TUP,MS,ASO,CE,Federal Contract Tower,0,13,21,0,34,0,0,82,4,86,0,13,103,4,120,30,10,40,160
10/20/2000,TUP,MS,ASO,CE,Federal Contract Tower,0,13,19,0,32,0,0,79,46,125,0,13,98,46,157,12,48,60,217
10/21/2000,TUP,MS,ASO,CE,Federal Contract Tower,0,9,11,0,20,0,2,63,35,100,0,11,74,35,120,0,40,40,160
10/22/2000,TUP,MS,ASO,CE,Federal Contract Tower,0,10,13,0,23,0,0,38,25,63,0,10,51,25,86,0,4,4,90
10/23/2000,TUP,MS,ASO,CE,Federal Contract Tower,0,14,17,0,31,0,0,50,2,52,0,14,67,2,83,38,8,46,129
10/24/2000,TUP,MS,ASO,CE,Federal Contract Tower,0,12,17,0,29,0,0,67,12,79,0,12,84,12,108,14,16,30,138
10/25/2000,TUP,MS,ASO,CE,Federal Contract Tower,0,15,23,0,38,0,0,71,11,82,0,15,94,11,120,38,4,42,162
10/26/2000,TUP,MS,ASO,CE,Federal Contract Tower,0,14,17,0,31,0,0,81,9,90,0,14,98,9,121,30,24,54,175
10/27/2000,TUP,MS,ASO,CE,Federal Contract Tower,0,14,16,0,30,0,0,80,0,80,0,14,96,0,110,22,0,22,132
10/28/2000,TUP,MS,ASO,CE,Federal Contract Tower,0,10,12,0,22,0,4,83,0,87,0,14,95,0,109,40,0,40,149
10/29/2000,TUP,MS,ASO,CE,Federal Contract Tower,0,8,9,0,17,0,3,64,0,67,0,11,73,0,84,26,0,26,110
10/30/2000,TUP,MS,ASO,CE,Federal Contract Tower,0,13,15,0,28,0,2,57,1,60,0,15,72,1,88,18,0,18,106
10/31/2000,TUP,MS,ASO,CE,Federal Contract Tower,0,11,14,0,25,0,4,84,6,94,0,15,98,6,119,22,4,26,145
11/01/2000,TUP,MS,ASO,CE,Federal Contract Tower,0,10,14,0,24,0,6,101,0,107,0,16,115,0,131,46,0,46,177
11/02/2000,TUP,MS,ASO,CE,Federal Contract Tower,0,14,27,0,41,0,0,63,13,76,0,14,90,13,117,14,14,28,145
11/03/2000,TUP,MS,ASO,CE,Federal Contract Tower,1,14,20,0,35,1,1,81,32,115,2,15,101,32,150,34,8,42,192
11/04/2000,TUP,MS,ASO,CE,Federal Contract Tower,1,12,17,0,30,0,0,0,0,0,1,12,17,0,30,22,8,30,60
11/05/2000,TUP,MS,ASO,CE,Federal Contract Tower,1,10,17,0,28,0,0,47,18,65,1,10,64,18,93,4,2,6,99
11/06/2000,TUP,MS,ASO,CE,Federal Contract Tower,0,14,21,0,35,0,3,0,1,4,0,17,21,1,39,0,0,0,39
11/07/2000,TUP,MS,ASO,CE,Federal Contract Tower,0,15,25,1,41,0,0,70,26,96,0,15,95,27,137,44,32,76,213
11/08/2000,TUP,MS,ASO,CE,Federal Contract Tower,0,9,11,0,20,0,4,8,0,12,0,13,19,0,32,0,0,0,32
11/09/2000,TUP,MS,ASO,CE,Federal Contract Tower,0,15,20,0,35,0,0,40,0,40,0,15,60,0,75,0,0,0,75
11/10/2000,TUP,MS,ASO,CE,Federal Contract Tower,0,17,33,0,50,0,0,27,0,27,0,17,60,0,77,20,0,20,97
11/11/2000,TUP,MS,ASO,CE,Federal Contract Tower,0,9,11,0,20,0,3,80,0,83,0,12,91,0,103,10,0,10,113
11/12/2000,TUP,MS,ASO,CE,Federal Contract Tower,0,8,11,0,19,0,3,46,0,49,0,11,57,0,68,8,8,16,84
11/13/2000,TUP,MS,ASO,CE,Federal Contract Tower,0,18,23,1,42,0,0,21,9,30,0,18,44,10,72,34,2,36,108
11/14/2000,TUP,MS,ASO,CE,Federal Contract Tower,0,13,16,1,30,0,1,70,31,102,0,14,86,32,132,16,38,54,186
11/15/2000,TUP,MS,ASO,CE,Federal Contract Tower,0,11,14,1,26,0,4,74,5,83,0,15,88,6,109,48,6,54,163
11/16/2000,TUP,MS,ASO,CE,Federal Contract Tower,0,14,21,0,35,0,0,10,0,10,0,14,31,0,45,0,0,0,45
11/17/2000,TUP,MS,ASO,CE,Federal Contract Tower,0,15,21,1,37,2,0,87,39,128,2,15,108,40,165,34,58,92,257
11/18/2000,TUP,MS,ASO,CE,Federal Contract Tower,0,10,12,1,23,0,2,57,15,74,0,12,69,16,97,10,16,26,123
11/19/2000,TUP,MS,ASO,CE,Federal Contract Tower,0,10,12,1,23,0,1,46,6,53,0,11,58,7,76,8,44,52,128
11/20/2000,TUP,MS,ASO,CE,Federal Contract Tower,0,12,15,1,28,0,3,51,1,55,0,15,66,2,83,14,4,18,101
11/21/2000,TUP,MS,ASO,CE,Federal Contract Tower,0,14,23,0,37,0,0,75,22,97,0,14,98,22,134,48,14,62,196
11/22/2000,TUP,MS,ASO,CE,Federal Contract Tower,0,11,14,0,25,0,2,69,2,73,0,13,83,2,98,28,2,30,128
11/23/2000,TUP,MS,ASO,CE,Federal Contract Tower,0,3,6,0,9,0,3,7,0,10,0,6,13,0,19,0,0,0,19
11/24/2000,TUP,MS,ASO,CE,Federal Contract Tower,0,11,15,0,26,0,5,0,0,5,0,16,15,0,31,0,0,0,31
11/25/2000,TUP,MS,ASO,CE,Federal Contract Tower,0,8,12,0,20,0,5,15,0,20,0,13,27,0,40,0,0,0,40
11/26/2000,TUP,MS,ASO,CE,Federal Contract Tower,0,8,12,0,20,0,3,65,0,68,0,11,77,0,88,14,0,14,102
11/27/2000,TUP,MS,ASO,CE,Federal Contract Tower,0,12,22,0,34,0,0,62,10,72,0,12,84,10,106,24,6,30,136
11/28/2000,TUP,MS,ASO,CE,Federal Contract Tower,0,12,17,0,29,0,0,56,30,86,0,12,73,30,115,18,36,54,169
11/29/2000,TUP,MS,ASO,CE,Federal Contract Tower,0,12,24,0,36,0,0,75,6,81,0,12,99,6,117,24,4,28,145
11/30/2000,TUP,MS,ASO,CE,Federal Contract Tower,0,13,19,0,32,0,0,103,28,131,0,13,122,28,163,34,22,56,219
12/01/2000,TUP,MS,ASO,CE,Federal Contract Tower,0,16,19,0,35,0,0,59,24,83,0,16,78,24,118,34,18,52,170
12/02/2000,TUP,MS,ASO,CE,Federal Contract Tower,0,8,7,0,15,0,2,62,37,101,0,10,69,37,116,12,22,34,150
12/03/2000,TUP,MS,ASO,CE,Federal Contract Tower,0,9,8,0,17,0,3,47,19,69,0,12,55,19,86,12,0,12,98
12/04/2000,TUP,MS,ASO,CE,Federal Contract Tower,0,14,21,0,35,0,0,57,7,64,0,14,78,7,99,36,18,54,153
12/05/2000,TUP,MS,ASO,CE,Federal Contract Tower,0,14,16,0,30,0,0,61,0,61,0,14,77,0,91,56,0,56,147
12/06/2000,TUP,MS,ASO,CE,Federal Contract Tower,0,14,16,0,30,0,0,62,2,64,0,14,78,2,94,22,12,34,128
12/07/2000,TUP,MS,ASO,CE,Federal Contract Tower,0,13,15,1,29,0,1,68,3,72,0,14,83,4,101,50,8,58,159
12/08/2000,TUP,MS,ASO,CE,Federal Contract Tower,0,15,17,1,33,0,0,86,19,105,0,15,103,20,138,18,28,46,184
12/09/2000,TUP,MS,ASO,CE,Federal Contract Tower,0,12,14,1,27,0,0,79,40,119,0,12,93,41,146,4,4,8,154
12/10/2000,TUP,MS,ASO,CE,Federal Contract Tower,0,10,12,0,22,0,0,44,0,44,0,10,56,0,66,22,0,22,88
12/11/2000,TUP,MS,ASO,CE,Federal Contract Tower,0,13,14,1,28,0,4,34,0,38,0,17,48,1,66,22,6,28,94
12/12/2000,TUP,MS,ASO,CE,Federal Contract Tower,0,11,12,1,24,0,1,70,27,98,0,12,82,28,122,18,38,56,178
12/13/2000,TUP,MS,ASO,CE,Federal Contract Tower,0,7,8,0,15,0,0,28,0,28,0,7,36,0,43,0,0,0,43
12/14/2000,TUP,MS,ASO,CE,Federal Contract Tower,0,15,26,1,42,0,0,39,8,47,0,15,65,9,89,0,2,2,91
12/15/2000,TUP,MS,ASO,CE,Federal Contract Tower,0,15,28,0,43,0,0,38,0,38,0,15,66,0,81,20,0,20,101
12/16/2000,TUP,MS,ASO,CE,Federal Contract Tower,0,1,2,0,3,0,5,0,0,5,0,6,2,0,8,0,0,0,8
12/17/2000,TUP,MS,ASO,CE,Federal Contract Tower,0,8,9,0,17,0,2,59,0,61,0,10,68,0,78,16,0,16,94
12/18/2000,TUP,MS,ASO,CE,Federal Contract Tower,0,14,16,1,31,0,3,41,1,45,0,17,57,2,76,22,8,30,106
12/19/2000,TUP,MS,ASO,CE,Federal Contract Tower,0,13,16,0,29,0,1,96,20,117,0,14,112,20,146,10,18,28,174
12/20/2000,TUP,MS,ASO,CE,Federal Contract Tower,0,15,17,0,32,0,0,76,8,84,0,15,93,8,116,30,12,42,158
12/21/2000,TUP,MS,ASO,CE,Federal Contract Tower,0,12,15,0,27,0,3,74,0,77,0,15,89,0,104,22,0,22,126
12/22/2000,TUP,MS,ASO,CE,Federal Contract Tower,0,10,12,0,22,0,7,103,6,116,0,17,115,6,138,12,0,12,150
12/23/2000,TUP,MS,ASO,CE,Federal Contract Tower,0,11,15,0,26,0,0,73,0,73,0,11,88,0,99,32,0,32,131
12/24/2000,TUP,MS,ASO,CE,Federal Contract Tower,0,7,9,0,16,0,3,57,0,60,0,10,66,0,76,0,0,0,76
12/25/2000,TUP,MS,ASO,CE,Federal Contract Tower,0,5,7,0,12,0,2,3,0,5,0,7,10,0,17,0,0,0,17
12/26/2000,TUP,MS,ASO,CE,Federal Contract Tower,0,10,11,0,21,0,5,31,0,36,0,15,42,0,57,14,0,14,71
12/27/2000,TUP,MS,ASO,CE,Federal Contract Tower,0,9,9,0,18,0,2,0,0,2,0,11,9,0,20,0,0,0,20
12/28/2000,TUP,MS,ASO,CE,Federal Contract Tower,0,10,13,0,23,0,4,38,0,42,0,14,51,0,65,18,0,18,83
12/29/2000,TUP,MS,ASO,CE,Federal Contract Tower,0,15,20,0,35,0,0,39,2,41,0,15,59,2,76,0,0,0,76
12/30/2000,TUP,MS,ASO,CE,Federal Contract Tower,0,10,16,0,26,0,0,81,0,81,0,10,97,0,107,16,0,16,123
12/31/2000,TUP,MS,ASO,CE,Federal Contract Tower,0,6,8,0,14,0,0,75,0,75,0,6,83,0,89,16,0,16,105
01/01/2001,TUP,MS,ASO,CE,Federal Contract Tower,0,5,8,0,13,0,0,14,0,14,0,5,22,0,27,0,0,0,27
01/02/2001,TUP,MS,ASO,CE,Federal Contract Tower,0,6,7,0,13,0,7,67,0,74,0,13,74,0,87,14,0,14,101
01/03/2001,TUP,MS,ASO,CE,Federal Contract Tower,0,10,12,1,23,0,3,88,7,98,0,13,100,8,121,12,12,24,145
01/04/2001,TUP,MS,ASO,CE,Federal Contract Tower,0,9,13,2,24,0,3,46,0,49,0,12,59,2,73,20,12,32,105
01/05/2001,TUP,MS,ASO,CE,Federal Contract Tower,0,16,21,3,40,0,2,77,0,79,0,18,98,3,119,28,14,42,161
01/06/2001,TUP,MS,ASO,CE,Federal Contract Tower,0,10,13,0,23,0,2,54,0,56,0,12,67,0,79,28,0,28,107
01/07/2001,TUP,MS,ASO,CE,Federal Contract Tower,0,9,14,2,25,0,0,74,0,74,0,9,88,2,99,20,14,34,133
01/08/2001,TUP,MS,ASO,CE,Federal Contract Tower,0,13,17,0,30,0,2,60,0,62,0,15,77,0,92,0,0,0,92
01/09/2001,TUP,MS,ASO,CE,Federal Contract Tower,0,14,17,2,33,0,0,84,24,108,0,14,101,26,141,28,18,46,187
01/10/2001,TUP,MS,ASO,CE,Federal Contract Tower,0,14,20,2,36,0,0,72,5,77,0,14,92,7,113,32,16,48,161
01/11/2001,TUP,MS,ASO,CE,Federal Contract Tower,0,13,17,2,32,0,1,15,0,16,0,14,32,2,48,6,0,6,54
01/12/2001,TUP,MS,ASO,CE,Federal Contract Tower,0,14,28,3,45,0,0,20,23,43,0,14,48,26,88,12,20,32,120
01/13/2001,TUP,MS,ASO,CE,Federal Contract Tower,0,10,14,2,26,0,4,10,33,47,0,14,24,35,73,6,48,54,127
01/14/2001,TUP,MS,ASO,CE,Federal Contract Tower,0,4,11,2,17,0,0,4,0,4,0,4,15,2,21,0,0,0,21
01/15/2001,TUP,MS,ASO,CE,Federal Contract Tower,0,9,13,2,24,0,0,43,0,43,0,9,56,2,67,18,8,26,93
01/16/2001,TUP,MS,ASO,CE,Federal Contract Tower,0,12,18,2,32,0,0,49,16,65,0,12,67,18,97,30,42,72,169
01/17/2001,TUP,MS,ASO,CE,Federal Contract Tower,0,11,18,0,29,0,0,6,0,6,0,11,24,0,35,0,0,0,35
01/18/2001,TUP,MS,ASO,CE,Federal Contract Tower,0,9,11,0,20,0,2,0,0,2,0,11,11,0,22,0,0,0,22
01/19/2001,TUP,MS,ASO,CE,Federal Contract Tower,0,9,13,0,22,0,0,1,0,1,0,9,14,0,23,0,0,0,23
01/20/2001,TUP,MS,ASO,CE,Federal Contract Tower,0,10,15,0,25,0,1,45,0,46,0,11,60,0,71,14,0,14,85
01/21/2001,TUP,MS,ASO,CE,Federal Contract Tower,0,8,12,1,21,0,0,94,12,106,0,8,106,13,127,38,22,60,187
01/22/2001,TUP,MS,ASO,CE,Federal Contract Tower,0,14,18,1,33,0,2,66,1,69,0,16,84,2,102,14,4,18,120
01/23/2001,TUP,MS,ASO,CE,Federal Contract Tower,0,8,11,1,20,0,3,87,19,109,0,11,98,20,129,14,18,32,161
01/24/2001,TUP,MS,ASO,CE,Federal Contract Tower,0,13,22,1,36,0,0,81,6,87,0,13,103,7,123,30,30,60,183
01/25/2001,TUP,MS,ASO,CE,Federal Contract Tower,0,11,16,1,28,0,0,76,47,123,0,11,92,48,151,72,24,96,247
01/26/2001,TUP,MS,ASO,CE,Federal Contract Tower,0,17,29,2,48,0,0,53,27,80,0,17,82,29,128,8,16,24,152
01/27/2001,TUP,MS,ASO,CE,Federal Contract Tower,0,12,17,1,30,0,1,58,31,90,0,13,75,32,120,8,42,50,170
01/28/2001,TUP,MS,ASO,CE,Federal Contract Tower,0,9,15,1,25,0,0,58,30,88,0,9,73,31,113,4,54,58,171
01/29/2001,TUP,MS,ASO,CE,Federal Contract Tower,0,12,16,0,28,0,1,3,0,4,0,13,19,0,32,0,0,0,32
01/30/2001,TUP,MS,ASO,CE,Federal Contract Tower,0,15,21,1,37,0,0,69,10,79,0,15,90,11,116,12,6,18,134
01/31/2001,TUP,MS,ASO,CE,Federal Contract Tower,0,15,20,1,36,0,0,65,7,72,0,15,85,8,108,26,28,54,162
02/01/2001,TUP,MS,ASO,CE,Federal Contract Tower,0,10,18,0,28,0,4,92,6,102,0,14,110,6,130,10,6,16,146
02/02/2001,TUP,MS,ASO,CE,Federal Contract Tower,0,13,22,1,36,0,2,87,8,97,0,15,109,9,133,30,0,30,163
02/03/2001,TUP,MS,ASO,CE,Federal Contract Tower,0,15,26,1,42,0,1,81,33,115,0,16,107,34,157,16,8,24,181
02/04/2001,TUP,MS,ASO,CE,Federal Contract Tower,0,12,22,1,35,0,0,68,20,88,0,12,90,21,123,18,16,34,157
02/05/2001,TUP,MS,ASO,CE,Federal Contract Tower,0,12,21,0,33,0,4,38,0,42,0,16,59,0,75,8,0,8,83
02/06/2001,TUP,MS,ASO,CE,Federal Contract Tower,0,12,19,0,31,0,0,109,0,109,0,12,128,0,140,20,0,20,160
02/07/2001,TUP,MS,ASO,CE,Federal Contract Tower,0,11,15,0,26,0,1,73,13,87,0,12,88,13,113,28,8,36,149
02/08/2001,TUP,MS,ASO,CE,Federal Contract Tower,0,14,22,1,37,0,1,59,9,69,0,15,81,10,106,40,0,40,146
02/09/2001,TUP,MS,ASO,CE,Federal Contract Tower,1,15,22,1,39,1,6,2,1,10,2,21,24,2,49,0,0,0,49
02/10/2001,TUP,MS,ASO,CE,Federal Contract Tower,1,18,32,0,51,1,0,51,0,52,2,18,83,0,103,16,0,16,119
02/11/2001,TUP,MS,ASO,CE,Federal Contract Tower,0,11,19,0,30,0,0,44,0,44,0,11,63,0,74,6,0,6,80
02/12/2001,TUP,MS,ASO,CE,Federal Contract Tower,0,12,21,0,33,0,0,3,0,3,0,12,24,0,36,0,0,0,36
02/13/2001,TUP,MS,ASO,CE,Federal Contract Tower,0,12,18,0,30,0,2,0,0,2,0,14,18,0,32,0,0,0,32
02/14/2001,TUP,MS,ASO,CE,Federal Contract Tower,0,11,23,0,34,0,0,8,0,8,0,11,31,0,42,0,0,0,42
02/15/2001,TUP,MS,ASO,CE,Federal Contract Tower,0,14,29,0,43,2,0,72,0,74,2,14,101,0,117,14,0,14,131
02/16/2001,TUP,MS,ASO,CE,Federal Contract Tower,0,10,19,0,29,2,0,1,0,3,2,10,20,0,32,0,0,0,32
02/17/2001,TUP,MS,ASO,CE,Federal Contract Tower,0,18,38,1,57,0,0,76,0,76,0,18,114,1,133,32,4,36,169
02/18/2001,TUP,MS,ASO,CE,Federal Contract Tower,0,14,21,2,37,2,0,88,0,90,2,14,109,2,127,42,0,42,169
02/19/2001,TUP,MS,ASO,CE,Federal Contract Tower,0,9,13,0,22,0,0,65,0,65,0,9,78,0,87,4,0,4,91
02/20/2001,TUP,MS,ASO,CE,Federal Contract Tower,0,16,25,2,43,0,3,63,34,100,0,19,88,36,143,26,26,52,195
02/21/2001,TUP,MS,ASO,CE,Federal Contract Tower,0,12,24,2,38,0,0,58,18,76,0,12,82,20,114,30,16,46,160
02/22/2001,TUP,MS,ASO,CE,Federal Contract Tower,0,12,22,2,36,0,0,16,4,20,0,12,38,6,56,0,10,10,66
02/23/2001,TUP,MS,ASO,CE,Federal Contract Tower,0,13,33,2,48,0,0,64,45,109,0,13,97,47,157,46,13,59,216
02/24/2001,TUP,MS,ASO,CE,Federal Contract Tower,0,7,7,0,14,0,9,0,0,9,0,16,7,0,23,14,0,14,37
02/25/2001,TUP,MS,ASO,CE,Federal Contract Tower,0,9,14,0,23,0,2,95,44,141,0,11,109,44,164,30,14,44,208
02/26/2001,TUP,MS,ASO,CE,Federal Contract Tower,0,14,22,1,37,0,1,90,7,98,0,15,112,8,135,56,32,88,223
02/27/2001,TUP,MS,ASO,CE,Federal Contract Tower,0,15,25,0,40,0,0,1,0,1,0,15,26,0,41,0,0,0,41
02/28/2001,TUP,MS,ASO,CE,Federal Contract Tower,0,10,16,0,26,0,4,39,1,44,0,14,55,1,70,44,2,46,116
03/01/2001,TUP,MS,ASO,CE,Federal Contract Tower,0,11,17,0,28,0,2,66,6,74,0,13,83,6,102,36,0,36,138
03/02/2001,TUP,MS,ASO,CE,Federal Contract Tower,0,16,27,1,44,0,0,38,5,43,0,16,65,6,87,4,8,12,99
03/03/2001,TUP,MS,ASO,CE,Federal Contract Tower,0,11,14,0,25,0,2,13,0,15,0,13,27,0,40,12,0,12,52
03/04/2001,TUP,MS,ASO,CE,Federal Contract Tower,0,8,10,0,18,0,2,9,0,11,0,10,19,0,29,0,0,0,29
03/05/2001,TUP,MS,ASO,CE,Federal Contract Tower,0,16,23,2,41,0,1,43,0,44,0,17,66,2,85,36,0,36,121
03/06/2001,TUP,MS,ASO,CE,Federal Contract Tower,0,12,15,1,28,0,2,81,15,98,0,14,96,16,126,50,8,58,184
03/07/2001,TUP,MS,ASO,CE,Federal Contract Tower,0,13,17,1,31,0,1,96,3,100,0,14,113,4,131,54,0,54,185
03/08/2001,TUP,MS,ASO,CE,Federal Contract Tower,0,13,22,0,35,0,0,113,0,113,0,13,135,0,148,58,0,58,206
03/09/2001,TUP,MS,ASO,CE,Federal Contract Tower,0,13,19,1,33,0,0,109,7,116,0,13,128,8,149,30,10,40,189
03/10/2001,TUP,MS,ASO,CE,Federal Contract Tower,0,11,15,0,26,0,3,137,0,140,0,14,152,0,166,58,0,58,224
03/11/2001,TUP,MS,ASO,CE,Federal Contract Tower,0,8,11,0,19,0,3,75,0,78,0,11,86,0,97,36,0,36,133
03/12/2001,TUP,MS,ASO,CE,Federal Contract Tower,0,11,15,0,26,0,4,3,0,7,0,15,18,0,33,0,0,0,33
03/13/2001,TUP,MS,ASO,CE,Federal Contract Tower,0,13,18,1,32,0,1,58,5,64,0,14,76,6,96,20,10,30,126
03/14/2001,TUP,MS,ASO,CE,Federal Contract Tower,0,12,23,2,37,0,0,75,0,75,0,12,98,2,112,28,0,28,140
03/15/2001,TUP,MS,ASO,CE,Federal Contract Tower,0,15,23,2,40,0,0,64,2,66,0,15,87,4,106,26,0,26,132
03/16/2001,TUP,MS,ASO,CE,Federal Contract Tower,0,12,21,0,33,0,0,78,0,78,0,12,99,0,111,8,0,8,119
03/17/2001,TUP,MS,ASO,CE,Federal Contract Tower,0,14,19,1,34,0,2,94,11,107,0,16,113,12,141,50,0,50,191
03/18/2001,TUP,MS,ASO,CE,Federal Contract Tower,0,10,20,1,31,0,0,84,5,89,0,10,104,6,120,56,16,72,192
03/19/2001,TUP,MS,ASO,CE,Federal Contract Tower,0,14,20,0,34,0,0,40,9,49,0,14,60,9,83,10,8,18,101
03/20/2001,TUP,MS,ASO,CE,Federal Contract Tower,0,9,14,0,23,0,5,16,2,23,0,14,30,2,46,0,8,8,54
03/21/2001,TUP,MS,ASO,CE,Federal Contract Tower,0,11,16,0,27,0,2,105,2,109,0,13,121,2,136,32,0,32,168
03/22/2001,TUP,MS,ASO,CE,Federal Contract Tower,0,13,26,1,40,0,0,75,3,78,0,13,101,4,118,24,10,34,152
03/23/2001,TUP,MS,ASO,CE,Federal Contract Tower,0,15,23,0,38,0,0,101,0,101,0,15,124,0,139,82,0,82,221
03/24/2001,TUP,MS,ASO,CE,Federal Contract Tower,0,12,16,0,28,0,5,79,0,84,0,17,95,0,112,28,0,28,140
03/25/2001,TUP,MS,ASO,CE,Federal Contract Tower,0,9,14,0,23,0,2,71,2,75,0,11,85,2,98,66,2,68,166
03/26/2001,TUP,MS,ASO,CE,Federal Contract Tower,0,15,23,0,38,0,0,62,0,62,0,15,85,0,100,56,0,56,156
03/27/2001,TUP,MS,ASO,CE,Federal Contract Tower,0,11,20,0,31,0,0,84,0,84,0,11,104,0,115,26,0,26,141
03/28/2001,TUP,MS,ASO,CE,Federal Contract Tower,0,11,15,0,26,0,1,67,2,70,0,12,82,2,96,24,24,48,144
03/29/2001,TUP,MS,ASO,CE,Federal Contract Tower,0,12,28,1,41,0,0,128,1,129,0,12,156,2,170,28,16,44,214
03/30/2001,TUP,MS,ASO,CE,Federal Contract Tower,0,17,30,1,48,0,0,7,1,8,0,17,37,2,56,0,0,0,56
03/31/2001,TUP,MS,ASO,CE,Federal Contract Tower,0,16,24,1,41,2,0,45,17,64,2,16,69,18,105,20,6,26,131
04/01/2001,TUP,MS,ASO,CE,Federal Contract Tower,0,12,20,0,32,0,0,75,0,75,0,12,95,0,107,88,0,88,195
04/02/2001,TUP,MS,ASO,CE,Federal Contract Tower,0,16,15,0,31,0,0,56,4,60,0,16,71,4,91,54,8,62,153
04/03/2001,TUP,MS,ASO,CE,Federal Contract Tower,0,13,11,0,24,0,0,1,0,1,0,13,12,0,25,0,0,0,25
04/04/2001,TUP,MS,ASO,CE,Federal Contract Tower,0,13,13,0,26,0,0,24,0,24,0,13,37,0,50,0,0,0,50
04/05/2001,TUP,MS,ASO,CE,Federal Contract Tower,0,12,26,2,40,0,0,121,0,121,0,12,147,2,161,34,0,34,195
04/06/2001,TUP,MS,ASO,CE,Federal Contract Tower,0,13,26,0,39,0,0,154,31,185,0,13,180,31,224,126,0,126,350
04/07/2001,TUP,MS,ASO,CE,Federal Contract Tower,0,18,28,0,46,0,0,130,0,130,0,18,158,0,176,68,0,68,244
04/08/2001,TUP,MS,ASO,CE,Federal Contract Tower,0,13,10,8,31,0,0,123,2,125,0,13,133,10,156,40,22,62,218
04/09/2001,TUP,MS,ASO,CE,Federal Contract Tower,0,15,24,1,40,0,1,64,8,73,0,16,88,9,113,34,8,42,155
04/10/2001,TUP,MS,ASO,CE,Federal Contract Tower,0,14,11,0,25,0,0,94,21,115,0,14,105,21,140,54,4,58,198
04/11/2001,TUP,MS,ASO,CE,Federal Contract Tower,0,11,27,0,38,0,0,86,3,89,0,11,113,3,127,20,4,24,151
04/12/2001,TUP,MS,ASO,CE,Federal Contract Tower,0,14,18,2,34,0,0,103,1,104,0,14,121,3,138,30,6,36,174
04/13/2001,TUP,MS,ASO,CE,Federal Contract Tower,0,15,26,0,41,0,2,94,12,108,0,17,120,12,149,72,0,72,221
04/14/2001,TUP,MS,ASO,CE,Federal Contract Tower,0,17,8,0,25,0,0,110,0,110,0,17,118,0,135,60,0,60,195
04/15/2001,TUP,MS,ASO,CE,Federal Contract Tower,0,10,16,0,26,0,0,68,0,68,0,10,84,0,94,30,0,30,124
04/16/2001,TUP,MS,ASO,CE,Federal Contract Tower,0,14,16,0,30,0,0,73,3,76,0,14,89,3,106,26,0,26,132
04/17/2001,TUP,MS,ASO,CE,Federal Contract Tower,0,14,16,0,30,0,0,104,19,123,0,14,120,19,153,28,2,30,183
04/18/2001,TUP,MS,ASO,CE,Federal Contract Tower,0,13,12,0,25,0,1,121,1,123,0,14,133,1,148,54,0,54,202
04/19/2001,TUP,MS,ASO,CE,Federal Contract Tower,0,14,22,0,36,0,0,145,2,147,0,14,167,2,183,50,12,62,245
04/20/2001,TUP,MS,ASO,CE,Federal Contract Tower,0,15,30,4,49,0,1,92,24,117,0,16,122,28,166,48,8,56,222
04/21/2001,TUP,MS,ASO,CE,Federal Contract Tower,0,16,15,1,32,0,0,93,20,113,0,16,108,21,145,46,2,48,193
04/22/2001,TUP,MS,ASO,CE,Federal Contract Tower,2,11,16,1,30,0,0,60,18,78,2,11,76,19,108,32,12,44,152
04/23/2001,TUP,MS,ASO,CE,Federal Contract Tower,0,15,18,0,33,0,0,56,2,58,0,15,74,2,91,28,4,32,123
04/24/2001,TUP,MS,ASO,CE,Federal Contract Tower,0,12,10,0,22,0,0,89,33,122,0,12,99,33,144,86,30,116,260
04/25/2001,TUP,MS,ASO,CE,Federal Contract Tower,0,13,21,1,35,0,0,157,8,165,0,13,178,9,200,58,10,68,268
04/26/2001,TUP,MS,ASO,CE,Federal Contract Tower,0,13,18,0,31,0,1,140,0,141,0,14,158,0,172,68,0,68,240
04/27/2001,TUP,MS,ASO,CE,Federal Contract Tower,0,13,20,0,33,0,2,120,37,159,0,15,140,37,192,80,2,82,274
04/28/2001,TUP,MS,ASO,CE,Federal Contract Tower,0,16,13,0,29,0,0,109,19,128,0,16,122,19,157,52,0,52,209
04/29/2001,TUP,MS,ASO,CE,Federal Contract Tower,0,11,5,0,16,0,0,77,31,108,0,11,82,31,124,68,2,70,194
04/30/2001,TUP,MS,ASO,CE,Federal Contract Tower,0,15,16,0,31,0,0,52,16,68,0,15,68,16,99,22,4,26,125
05/01/2001,TUP,MS,ASO,CE,Federal Contract Tower,0,14,16,2,32,0,0,111,1,112,0,14,127,3,144,34,2,36,180
05/02/2001,TUP,MS,ASO,CE,Federal Contract Tower,0,14,13,0,27,0,0,130,8,138,0,14,143,8,165,24,4,28,193
05/03/2001,TUP,MS,ASO,CE,Federal Contract Tower,0,14,25,0,39,0,0,118,3,121,0,14,143,3,160,84,0,84,244
05/04/2001,TUP,MS,ASO,CE,Federal Contract Tower,0,11,34,4,49,0,1,111,0,112,0,12,145,4,161,58,8,66,227
05/05/2001,TUP,MS,ASO,CE,Federal Contract Tower,0,16,16,0,32,0,0,113,0,113,0,16,129,0,145,40,0,40,185
05/06/2001,TUP,MS,ASO,CE,Federal Contract Tower,0,13,15,0,28,0,0,67,0,67,0,13,82,0,95,22,0,22,117
05/07/2001,TUP,MS,ASO,CE,Federal Contract Tower,0,15,14,0,29,0,1,32,0,33,0,16,46,0,62,8,0,8,70
05/08/2001,TUP,MS,ASO,CE,Federal Contract Tower,0,12,16,0,28,0,0,190,14,204,0,12,206,14,232,12,26,38,270
05/09/2001,TUP,MS,ASO,CE,Federal Contract Tower,0,14,19,3,36,0,0,130,2,132,0,14,149,5,168,26,26,52,220
05/10/2001,TUP,MS,ASO,CE,Federal Contract Tower,0,14,20,0,34,0,0,124,5,129,0,14,144,5,163,28,30,58,221
05/11/2001,TUP,MS,ASO,CE,Federal Contract Tower,0,17,30,0,47,0,0,123,7,130,0,17,153,7,177,46,4,50,227
05/12/2001,TUP,MS,ASO,CE,Federal Contract Tower,0,16,18,0,34,0,0,92,1,93,0,16,110,1,127,36,0,36,163
05/13/2001,TUP,MS,ASO,CE,Federal Contract Tower,0,12,14,0,26,0,0,66,1,67,0,12,80,1,93,32,0,32,125
05/14/2001,TUP,MS,ASO,CE,Federal Contract Tower,0,13,8,2,23,0,4,51,0,55,0,17,59,2,78,20,6,26,104
05/15/2001,TUP,MS,ASO,CE,Federal Contract Tower,0,11,21,6,38,0,0,115,18,133,0,11,136,24,171,46,12,58,229
05/16/2001,TUP,MS,ASO,CE,Federal Contract Tower,0,11,9,8,28,0,1,113,15,129,0,12,122,23,157,50,22,72,229
05/17/2001,TUP,MS,ASO,CE,Federal Contract Tower,0,12,18,0,30,0,2,97,0,99,0,14,115,0,129,118,0,118,247
05/18/2001,TUP,MS,ASO,CE,Federal Contract Tower,0,16,14,0,30,0,0,88,23,111,0,16,102,23,141,104,6,110,251
05/19/2001,TUP,MS,ASO,CE,Federal Contract Tower,0,16,18,0,34,0,0,73,29,102,0,16,91,29,136,58,42,100,236
05/20/2001,TUP,MS,ASO,CE,Federal Contract Tower,0,23,8,3,34,0,0,41,34,75,0,23,49,37,109,22,4,26,135
05/21/2001,TUP,MS,ASO,CE,Federal Contract Tower,0,11,16,12,39,0,1,31,2,34,0,12,47,14,73,10,10,20,93
05/22/2001,TUP,MS,ASO,CE,Federal Contract Tower,0,11,30,8,49,0,0,85,66,151,0,11,115,74,200,78,48,126,326
05/23/2001,TUP,MS,ASO,CE,Federal Contract Tower,0,13,13,3,29,0,0,108,4,112,0,13,121,7,141,62,10,72,213
05/24/2001,TUP,MS,ASO,CE,Federal Contract Tower,0,17,19,2,38,0,0,120,0,120,0,17,139,2,158,36,2,38,196
05/25/2001,TUP,MS,ASO,CE,Federal Contract Tower,0,14,25,0,39,0,1,108,2,111,0,15,133,2,150,48,0,48,198
05/26/2001,TUP,MS,ASO,CE,Federal Contract Tower,0,16,6,0,22,0,0,106,1,107,0,16,112,1,129,46,0,46,175
05/27/2001,TUP,MS,ASO,CE,Federal Contract Tower,0,11,7,0,18,0,0,63,0,63,0,11,70,0,81,32,0,32,113
05/28/2001,TUP,MS,ASO,CE,Federal Contract Tower,0,7,18,0,25,0,0,47,0,47,0,7,65,0,72,14,0,14,86
05/29/2001,TUP,MS,ASO,CE,Federal Contract Tower,0,14,17,10,41,0,0,107,19,126,0,14,124,29,167,58,38,96,263
05/30/2001,TUP,MS,ASO,CE,Federal Contract Tower,0,14,7,5,26,0,0,154,0,154,0,14,161,5,180,42,8,50,230
05/31/2001,TUP,MS,ASO,CE,Federal Contract Tower,0,14,30,0,44,0,0,76,4,80,0,14,106,4,124,4,14,18,142
06/01/2001,TUP,MS,ASO,CE,Federal Contract Tower,0,13,15,4,32,0,0,132,1,133,0,13,147,5,165,44,22,66,231
06/02/2001,TUP,MS,ASO,CE,Federal Contract Tower,0,16,16,0,32,0,0,85,2,87,0,16,101,2,119,52,0,52,171
06/03/2001,TUP,MS,ASO,CE,Federal Contract Tower,0,12,15,0,27,0,0,79,0,79,0,12,94,0,106,50,0,50,156
06/04/2001,TUP,MS,ASO,CE,Federal Contract Tower,0,12,9,0,21,0,0,47,2,49,0,12,56,2,70,38,2,40,110
06/05/2001,TUP,MS,ASO,CE,Federal Contract Tower,0,14,28,3,45,0,0,89,20,109,0,14,117,23,154,18,0,18,172
06/06/2001,TUP,MS,ASO,CE,Federal Contract Tower,0,18,18,3,39,0,0,86,0,86,0,18,104,3,125,26,2,28,153
06/07/2001,TUP,MS,ASO,CE,Federal Contract Tower,0,13,19,0,32,0,0,10,0,10,0,13,29,0,42,0,0,0,42
06/08/2001,TUP,MS,ASO,CE,Federal Contract Tower,0,15,17,10,42,0,0,103,28,131,0,15,120,38,173,60,90,150,323
06/09/2001,TUP,MS,ASO,CE,Federal Contract Tower,0,14,26,6,46,0,0,104,17,121,0,14,130,23,167,62,20,82,249
06/10/2001,TUP,MS,ASO,CE,Federal Contract Tower,0,12,17,5,34,0,0,103,8,111,0,12,120,13,145,56,6,62,207
06/11/2001,TUP,MS,ASO,CE,Federal Contract Tower,0,16,19,2,37,0,0,47,0,47,0,16,66,2,84,52,4,56,140
06/12/2001,TUP,MS,ASO,CE,Federal Contract Tower,0,15,26,2,43,0,0,91,9,100,0,15,117,11,143,68,12,80,223
06/13/2001,TUP,MS,ASO,CE,Federal Contract Tower,0,16,22,2,40,0,0,79,11,90,0,16,101,13,130,36,26,62,192
06/14/2001,TUP,MS,ASO,CE,Federal Contract Tower,0,16,24,6,46,0,0,108,3,111,0,16,132,9,157,50,26,76,233
06/15/2001,TUP,MS,ASO,CE,Federal Contract Tower,0,17,23,0,40,0,0,111,3,114,0,17,134,3,154,40,0,40,194
06/16/2001,TUP,MS,ASO,CE,Federal Contract Tower,0,16,19,0,35,0,0,93,0,93,0,16,112,0,128,62,0,62,190
06/17/2001,TUP,MS,ASO,CE,Federal Contract Tower,0,10,15,0,25,0,0,110,0,110,0,10,125,0,135,56,0,56,191
06/18/2001,TUP,MS,ASO,CE,Federal Contract Tower,0,13,14,2,29,0,2,80,2,84,0,15,94,4,113,54,0,54,167
06/19/2001,TUP,MS,ASO,CE,Federal Contract Tower,0,12,14,0,26,0,2,96,0,98,0,14,110,0,124,90,0,90,214
06/20/2001,TUP,MS,ASO,CE,Federal Contract Tower,0,14,15,0,29,0,0,86,14,100,0,14,101,14,129,48,10,58,187
06/21/2001,TUP,MS,ASO,CE,Federal Contract Tower,0,12,18,3,33,0,0,85,12,97,0,12,103,15,130,22,24,46,176
06/22/2001,TUP,MS,ASO,CE,Federal Contract Tower,0,17,14,2,33,0,0,87,25,112,0,17,101,27,145,34,20,54,199
06/23/2001,TUP,MS,ASO,CE,Federal Contract Tower,0,18,16,4,38,0,0,104,14,118,0,18,120,18,156,72,0,72,228
06/24/2001,TUP,MS,ASO,CE,Federal Contract Tower,0,14,17,4,35,0,0,104,18,122,0,14,121,22,157,62,8,70,227
06/25/2001,TUP,MS,ASO,CE,Federal Contract Tower,0,12,16,2,30,0,1,74,2,77,0,13,90,4,107,34,8,42,149
06/26/2001,TUP,MS,ASO,CE,Federal Contract Tower,0,14,15,0,29,0,0,94,28,122,0,14,109,28,151,42,28,70,221
06/27/2001,TUP,MS,ASO,CE,Federal Contract Tower,0,14,18,6,38,0,0,64,6,70,0,14,82,12,108,26,30,56,164
06/28/2001,TUP,MS,ASO,CE,Federal Contract Tower,0,13,21,5,39,0,0,107,3,110,0,13,128,8,149,78,4,82,231
06/29/2001,TUP,MS,ASO,CE,Federal Contract Tower,0,18,26,0,44,0,0,113,14,127,0,18,139,14,171,96,2,98,269
06/30/2001,TUP,MS,ASO,CE,Federal Contract Tower,0,16,14,5,35,0,0,99,7,106,0,16,113,12,141,90,14,104,245
07/01/2001,TUP,MS,ASO,CE,Federal Contract Tower,0,12,4,1,17,0,0,87,1,88,0,12,91,2,105,52,0,52,157
07/02/2001,TUP,MS,ASO,CE,Federal Contract Tower,0,15,17,5,37,0,0,81,16,97,0,15,98,21,134,60,6,66,200
07/03/2001,TUP,MS,ASO,CE,Federal Contract Tower,0,16,10,5,31,0,0,94,6,100,0,16,104,11,131,90,4,94,225
07/04/2001,TUP,MS,ASO,CE,Federal Contract Tower,0,4,2,0,6,0,0,33,0,33,0,4,35,0,39,0,0,0,39
07/05/2001,TUP,MS,ASO,CE,Federal Contract Tower,0,17,3,2,22,0,0,108,0,108,0,17,111,2,130,74,0,74,204
07/06/2001,TUP,MS,ASO,CE,Federal Contract Tower,0,14,7,14,35,0,0,138,0,138,0,14,145,14,173,108,16,124,297
07/07/2001,TUP,MS,ASO,CE,Federal Contract Tower,0,15,15,0,30,0,0,111,7,118,0,15,126,7,148,54,10,64,212
07/08/2001,TUP,MS,ASO,CE,Federal Contract Tower,0,10,16,3,29,0,0,102,2,104,0,10,118,5,133,56,16,72,205
07/09/2001,TUP,MS,ASO,CE,Federal Contract Tower,0,13,10,10,33,0,1,77,22,100,0,14,87,32,133,40,19,59,192
07/10/2001,TUP,MS,ASO,CE,Federal Contract Tower,0,18,21,16,55,0,0,80,21,101,0,18,101,37,156,38,0,38,194
07/11/2001,TUP,MS,ASO,CE,Federal Contract Tower,0,14,17,6,37,0,0,59,23,82,0,14,76,29,119,60,18,78,197
07/12/2001,TUP,MS,ASO,CE,Federal Contract Tower,0,11,11,2,24,0,0,103,7,110,0,11,114,9,134,104,0,104,238
07/13/2001,TUP,MS,ASO,CE,Federal Contract Tower,0,14,11,0,25,0,0,99,25,124,0,14,110,25,149,30,6,36,185
07/14/2001,TUP,MS,ASO,CE,Federal Contract Tower,0,16,22,0,38,0,0,131,32,163,0,16,153,32,201,54,2,56,257
07/15/2001,TUP,MS,ASO,CE,Federal Contract Tower,0,11,24,2,37,0,0,101,33,134,0,11,125,35,171,60,14,74,245
07/16/2001,TUP,MS,ASO,CE,Federal Contract Tower,0,16,26,12,54,0,0,75,6,81,0,16,101,18,135,32,6,38,173
07/17/2001,TUP,MS,ASO,CE,Federal Contract Tower,0,13,34,8,55,0,1,79,12,92,0,14,113,20,147,78,8,86,233
07/18/2001,TUP,MS,ASO,CE,Federal Contract Tower,0,14,39,4,57,0,0,117,0,117,0,14,156,4,174,74,0,74,248
07/19/2001,TUP,MS,ASO,CE,Federal Contract Tower,0,14,24,2,40,0,0,102,0,102,0,14,126,2,142,70,16,86,228
07/20/2001,TUP,MS,ASO,CE,Federal Contract Tower,0,17,10,3,30,0,0,110,7,117,0,17,120,10,147,62,24,86,233
07/21/2001,TUP,MS,ASO,CE,Federal Contract Tower,0,10,19,2,31,0,0,110,4,114,0,10,129,6,145,60,2,62,207
07/22/2001,TUP,MS,ASO,CE,Federal Contract Tower,0,11,15,4,30,0,0,96,3,99,0,11,111,7,129,44,4,48,177
07/23/2001,TUP,MS,ASO,CE,Federal Contract Tower,0,15,16,2,33,0,0,79,5,84,0,15,95,7,117,70,6,76,193
07/24/2001,TUP,MS,ASO,CE,Federal Contract Tower,0,14,36,3,53,0,0,81,4,85,0,14,117,7,138,82,8,90,228
07/25/2001,TUP,MS,ASO,CE,Federal Contract Tower,0,14,28,7,49,0,0,100,12,112,0,14,128,19,161,48,20,68,229
07/26/2001,TUP,MS,ASO,CE,Federal Contract Tower,0,12,27,9,48,0,0,105,3,108,0,12,132,12,156,72,10,82,238
07/27/2001,TUP,MS,ASO,CE,Federal Contract Tower,0,16,18,16,50,0,0,89,7,96,0,16,107,23,146,62,68,130,276
07/28/2001,TUP,MS,ASO,CE,Federal Contract Tower,0,16,12,0,28,0,0,84,0,84,0,16,96,0,112,126,0,126,238
07/29/2001,TUP,MS,ASO,CE,Federal Contract Tower,0,11,22,1,34,0,0,72,3,75,0,11,94,4,109,52,4,56,165
07/30/2001,TUP,MS,ASO,CE,Federal Contract Tower,0,20,7,0,27,0,0,78,12,90,0,20,85,12,117,68,0,68,185
07/31/2001,TUP,MS,ASO,CE,Federal Contract Tower,0,14,15,4,33,0,0,94,12,106,0,14,109,16,139,80,8,88,227
08/01/2001,TUP,MS,ASO,CE,Federal Contract Tower,0,15,11,0,26,0,0,135,6,141,0,15,146,6,167,68,0,68,235
08/02/2001,TUP,MS,ASO,CE,Federal Contract Tower,0,13,16,4,33,0,1,124,4,129,0,14,140,8,162,94,4,98,260
08/03/2001,TUP,MS,ASO,CE,Federal Contract Tower,0,14,10,0,24,0,0,110,34,144,0,14,120,34,168,66,10,76,244
08/04/2001,TUP,MS,ASO,CE,Federal Contract Tower,0,16,8,0,24,0,0,122,0,122,0,16,130,0,146,52,0,52,198
08/05/2001,TUP,MS,ASO,CE,Federal Contract Tower,0,12,10,2,24,0,0,74,2,76,0,12,84,4,100,66,6,72,172
08/06/2001,TUP,MS,ASO,CE,Federal Contract Tower,0,15,11,2,28,0,0,62,2,64,0,15,73,4,92,40,2,42,134
08/07/2001,TUP,MS,ASO,CE,Federal Contract Tower,0,10,20,9,39,0,1,48,4,53,0,11,68,13,92,22,6,28,120
08/08/2001,TUP,MS,ASO,CE,Federal Contract Tower,0,11,20,7,38,0,0,110,6,116,0,11,130,13,154,30,18,48,202
08/09/2001,TUP,MS,ASO,CE,Federal Contract Tower,0,14,18,0,32,0,0,23,0,23,0,14,41,0,55,24,0,24,79
08/10/2001,TUP,MS,ASO,CE,Federal Contract Tower,0,16,11,4,31,0,0,59,0,59,0,16,70,4,90,26,2,28,118
08/11/2001,TUP,MS,ASO,CE,Federal Contract Tower,0,14,7,2,23,0,0,71,0,71,0,14,78,2,94,52,4,56,150
08/12/2001,TUP,MS,ASO,CE,Federal Contract Tower,0,9,11,0,20,0,0,45,0,45,0,9,56,0,65,34,0,34,99
08/13/2001,TUP,MS,ASO,CE,Federal Contract Tower,0,14,28,8,50,0,0,44,0,44,0,14,72,8,94,46,0,46,140
08/14/2001,TUP,MS,ASO,CE,Federal Contract Tower,0,14,34,4,52,0,1,92,33,126,0,15,126,37,178,88,20,108,286
08/15/2001,TUP,MS,ASO,CE,Federal Contract Tower,0,14,39,5,58,0,1,117,6,124,0,15,156,11,182,164,0,164,346
08/16/2001,TUP,MS,ASO,CE,Federal Contract Tower,0,17,51,2,70,0,0,99,17,116,0,17,150,19,186,142,76,218,404
08/17/2001,TUP,MS,ASO,CE,Federal Contract Tower,0,16,28,5,49,0,0,109,53,162,0,16,137,58,211,112,46,158,369
08/18/2001,TUP,MS,ASO,CE,Federal Contract Tower,0,16,29,2,47,0,0,51,17,68,0,16,80,19,115,48,4,52,167
08/19/2001,TUP,MS,ASO,CE,Federal Contract Tower,0,13,16,12,41,0,0,53,0,53,0,13,69,12,94,38,24,62,156
08/20/2001,TUP,MS,ASO,CE,Federal Contract Tower,0,13,23,12,48,0,2,78,5,85,0,15,101,17,133,46,8,54,187
08/21/2001,TUP,MS,ASO,CE,Federal Contract Tower,0,12,25,15,52,0,1,87,6,94,0,13,112,21,146,48,10,58,204
08/22/2001,TUP,MS,ASO,CE,Federal Contract Tower,0,13,28,2,43,0,1,122,16,139,0,14,150,18,182,68,4,72,254
08/23/2001,TUP,MS,ASO,CE,Federal Contract Tower,0,15,33,2,50,0,1,135,4,140,0,16,168,6,190,58,2,60,250
08/24/2001,TUP,MS,ASO,CE,Federal Contract Tower,0,15,23,0,38,0,1,111,0,112,0,16,134,0,150,96,0,96,246
08/25/2001,TUP,MS,ASO,CE,Federal Contract Tower,0,16,6,0,22,0,0,123,0,123,0,16,129,0,145,72,0,72,217
08/26/2001,TUP,MS,ASO,CE,Federal Contract Tower,0,11,17,4,32,0,0,86,0,86,0,11,103,4,118,80,8,88,206
08/27/2001,TUP,MS,ASO,CE,Federal Contract Tower,0,16,25,0,41,0,0,65,1,66,0,16,90,1,107,50,0,50,157
08/28/2001,TUP,MS,ASO,CE,Federal Contract Tower,0,15,31,10,56,0,1,64,1,66,0,16,95,11,122,38,0,38,160
08/29/2001,TUP,MS,ASO,CE,Federal Contract Tower,0,14,24,12,50,0,0,135,0,135,0,14,159,12,185,46,2,48,233
08/30/2001,TUP,MS,ASO,CE,Federal Contract Tower,0,12,20,5,37,0,0,148,4,152,0,12,168,9,189,64,6,70,259
08/31/2001,TUP,MS,ASO,CE,Federal Contract Tower,0,18,15,4,37,0,0,45,0,45,0,18,60,4,82,10,8,18,100
09/01/2001,TUP,MS,ASO,CE,Federal Contract Tower,0,12,4,0,16,0,0,64,0,64,0,12,68,0,80,32,0,32,112
09/02/2001,TUP,MS,ASO,CE,Federal Contract Tower,0,4,9,0,13,0,0,54,0,54,0,4,63,0,67,38,0,38,105
09/03/2001,TUP,MS,ASO,CE,Federal Contract Tower,0,10,19,0,29,0,0,25,0,25,0,10,44,0,54,30,0,30,84
09/04/2001,TUP,MS,ASO,CE,Federal Contract Tower,0,12,21,3,36,0,2,69,1,72,0,14,90,4,108,48,2,50,158
09/05/2001,TUP,MS,ASO,CE,Federal Contract Tower,0,14,16,0,30,0,0,165,0,165,0,14,181,0,195,64,0,64,259
09/06/2001,TUP,MS,ASO,CE,Federal Contract Tower,0,14,22,1,37,0,0,142,5,147,0,14,164,6,184,64,0,64,248
09/07/2001,TUP,MS,ASO,CE,Federal Contract Tower,2,16,11,8,37,0,1,119,15,135,2,17,130,23,172,98,44,142,314
09/08/2001,TUP,MS,ASO,CE,Federal Contract Tower,0,18,16,0,34,0,0,69,22,91,0,18,85,22,125,46,20,66,191
09/09/2001,TUP,MS,ASO,CE,Federal Contract Tower,0,10,13,0,23,0,0,53,12,65,0,10,66,12,88,46,30,76,164
09/10/2001,TUP,MS,ASO,CE,Federal Contract Tower,0,17,17,2,36,0,3,82,10,95,0,20,99,12,131,96,6,102,233
09/11/2001,TUP,MS,ASO,CE,Federal Contract Tower,0,2,0,0,2,0,0,10,0,10,0,2,10,0,12,0,0,0,12
09/12/2001,TUP,MS,ASO,CE,Federal Contract Tower,0,0,3,0,3,0,0,1,0,1,0,0,4,0,4,0,0,0,4
09/13/2001,TUP,MS,ASO,CE,Federal Contract Tower,0,2,5,2,9,0,1,0,4,5,0,3,5,6,14,0,2,2,16
09/14/2001,TUP,MS,ASO,CE,Federal Contract Tower,0,20,3,0,23,0,0,12,0,12,0,20,15,0,35,0,0,0,35
09/15/2001,TUP,MS,ASO,CE,Federal Contract Tower,0,15,23,0,38,0,0,18,0,18,0,15,41,0,56,0,0,0,56
09/16/2001,TUP,MS,ASO,CE,Federal Contract Tower,0,11,11,0,22,0,0,23,0,23,0,11,34,0,45,0,0,0,45
09/17/2001,TUP,MS,ASO,CE,Federal Contract Tower,0,16,31,8,55,0,0,11,1,12,0,16,42,9,67,0,8,8,75
09/18/2001,TUP,MS,ASO,CE,Federal Contract Tower,0,16,20,5,41,0,0,16,4,20,0,16,36,9,61,0,0,0,61
09/19/2001,TUP,MS,ASO,CE,Federal Contract Tower,0,12,15,9,36,0,0,23,2,25,0,12,38,11,61,0,6,6,67
09/20/2001,TUP,MS,ASO,CE,Federal Contract Tower,0,13,21,4,38,0,0,85,0,85,0,13,106,4,123,0,12,12,135
09/21/2001,TUP,MS,ASO,CE,Federal Contract Tower,0,13,24,2,39,0,0,83,17,100,0,13,107,19,139,6,28,34,173
09/22/2001,TUP,MS,ASO,CE,Federal Contract Tower,0,16,18,0,34,0,0,116,10,126,0,16,134,10,160,70,2,72,232
09/23/2001,TUP,MS,ASO,CE,Federal Contract Tower,0,11,17,2,30,0,0,42,13,55,0,11,59,15,85,42,2,44,129
09/24/2001,TUP,MS,ASO,CE,Federal Contract Tower,0,13,38,6,57,0,1,38,16,55,0,14,76,22,112,30,0,30,142
09/25/2001,TUP,MS,ASO,CE,Federal Contract Tower,0,11,14,1,26,0,1,58,25,84,0,12,72,26,110,34,10,44,154
09/26/2001,TUP,MS,ASO,CE,Federal Contract Tower,0,10,26,10,46,0,0,87,17,104,0,10,113,27,150,46,22,68,218
09/27/2001,TUP,MS,ASO,CE,Federal Contract Tower,0,10,21,1,32,0,2,91,45,138,0,12,112,46,170,74,20,94,264
09/28/2001,TUP,MS,ASO,CE,Federal Contract Tower,2,11,27,1,41,0,0,108,12,120,2,11,135,13,161,114,6,120,281
09/29/2001,TUP,MS,ASO,CE,Federal Contract Tower,2,16,8,0,26,0,0,108,0,108,2,16,116,0,134,76,0,76,210
09/30/2001,TUP,MS,ASO,CE,Federal Contract Tower,0,12,15,0,27,0,0,107,0,107,0,12,122,0,134,74,0,74,208
10/01/2001,TUP,MS,ASO,CE,Federal Contract Tower,0,17,24,2,43,0,0,95,0,95,0,17,119,2,138,66,2,68,206
10/02/2001,TUP,MS,ASO,CE,Federal Contract Tower,0,13,26,0,39,0,3,87,4,94,0,16,113,4,133,48,8,56,189
10/03/2001,TUP,MS,ASO,CE,Federal Contract Tower,0,16,24,3,43,0,0,96,4,100,0,16,120,7,143,82,6,88,231
10/04/2001,TUP,MS,ASO,CE,Federal Contract Tower,0,15,38,1,54,0,1,99,4,104,0,16,137,5,158,66,8,74,232
10/05/2001,TUP,MS,ASO,CE,Federal Contract Tower,0,18,32,3,53,0,0,113,0,113,0,18,145,3,166,78,6,84,250
10/06/2001,TUP,MS,ASO,CE,Federal Contract Tower,0,11,9,0,20,0,0,76,0,76,0,11,85,0,96,40,0,40,136
10/07/2001,TUP,MS,ASO,CE,Federal Contract Tower,0,13,21,0,34,0,0,78,0,78,0,13,99,0,112,76,0,76,188
10/08/2001,TUP,MS,ASO,CE,Federal Contract Tower,0,14,33,0,47,0,1,63,0,64,0,15,96,0,111,64,0,64,175
10/09/2001,TUP,MS,ASO,CE,Federal Contract Tower,0,15,33,0,48,0,0,86,14,100,0,15,119,14,148,46,30,76,224
10/10/2001,TUP,MS,ASO,CE,Federal Contract Tower,0,16,18,6,40,0,0,119,0,119,0,16,137,6,159,34,4,38,197
10/11/2001,TUP,MS,ASO,CE,Federal Contract Tower,0,18,20,2,40,0,0,42,0,42,0,18,62,2,82,14,2,16,98
10/12/2001,TUP,MS,ASO,CE,Federal Contract Tower,0,12,20,0,32,0,0,96,0,96,0,12,116,0,128,56,0,56,184
10/13/2001,TUP,MS,ASO,CE,Federal Contract Tower,0,13,9,0,22,0,0,8,0,8,0,13,17,0,30,0,0,0,30
10/14/2001,TUP,MS,ASO,CE,Federal Contract Tower,0,12,10,0,22,0,7,34,2,43,0,19,44,2,65,0,2,2,67
10/15/2001,TUP,MS,ASO,CE,Federal Contract Tower,0,17,25,4,46,0,4,89,1,94,0,21,114,5,140,86,4,90,230
10/16/2001,TUP,MS,ASO,CE,Federal Contract Tower,0,12,10,1,23,0,1,96,37,134,0,13,106,38,157,24,54,78,235
10/17/2001,TUP,MS,ASO,CE,Federal Contract Tower,0,16,24,0,40,0,0,134,2,136,0,16,158,2,176,56,8,64,240
10/18/2001,TUP,MS,ASO,CE,Federal Contract Tower,0,17,20,0,37,0,0,100,7,107,0,17,120,7,144,108,0,108,252
10/19/2001,TUP,MS,ASO,CE,Federal Contract Tower,0,16,20,13,49,0,2,106,37,145,0,18,126,50,194,114,22,136,330
10/20/2001,TUP,MS,ASO,CE,Federal Contract Tower,0,13,17,0,30,0,0,119,3,122,0,13,136,3,152,98,2,100,252
10/21/2001,TUP,MS,ASO,CE,Federal Contract Tower,0,13,21,1,35,0,0,102,28,130,0,13,123,29,165,72,4,76,241
10/22/2001,TUP,MS,ASO,CE,Federal Contract Tower,0,20,18,4,42,0,0,52,14,66,0,20,70,18,108,70,4,74,182
10/23/2001,TUP,MS,ASO,CE,Federal Contract Tower,0,14,19,7,40,0,0,70,18,88,0,14,89,25,128,42,10,52,180
10/24/2001,TUP,MS,ASO,CE,Federal Contract Tower,0,17,24,5,46,0,0,94,1,95,0,17,118,6,141,30,14,44,185
10/25/2001,TUP,MS,ASO,CE,Federal Contract Tower,0,14,29,4,47,0,2,136,1,139,0,16,165,5,186,86,0,86,272
10/26/2001,TUP,MS,ASO,CE,Federal Contract Tower,2,16,14,2,34,0,2,130,30,162,2,18,144,32,196,40,14,54,250
10/27/2001,TUP,MS,ASO,CE,Federal Contract Tower,0,12,4,6,22,0,0,130,29,159,0,12,134,35,181,66,10,76,257
10/28/2001,TUP,MS,ASO,CE,Federal Contract Tower,1,14,16,2,33,0,0,97,29,126,1,14,113,31,159,54,18,72,231
10/29/2001,TUP,MS,ASO,CE,Federal Contract Tower,0,16,31,0,47,0,1,61,0,62,0,17,92,0,109,78,0,78,187
10/30/2001,TUP,MS,ASO,CE,Federal Contract Tower,0,15,27,3,45,0,0,92,13,105,0,15,119,16,150,44,20,64,214
10/31/2001,TUP,MS,ASO,CE,Federal Contract Tower,0,15,20,2,37,0,0,136,4,140,0,15,156,6,177,40,8,48,225
11/01/2001,TUP,MS,ASO,CE,Federal Contract Tower,0,17,26,2,45,0,0,141,2,143,0,17,167,4,188,56,24,80,268
11/02/2001,TUP,MS,ASO,CE,Federal Contract Tower,2,18,34,1,55,0,0,116,17,133,2,18,150,18,188,70,12,82,270
11/03/2001,TUP,MS,ASO,CE,Federal Contract Tower,0,12,19,1,32,0,0,124,4,128,0,12,143,5,160,50,16,66,226
11/04/2001,TUP,MS,ASO,CE,Federal Contract Tower,0,12,20,1,33,0,0,50,17,67,0,12,70,18,100,48,8,56,156
11/05/2001,TUP,MS,ASO,CE,Federal Contract Tower,0,17,23,3,43,0,0,70,5,75,0,17,93,8,118,56,4,60,178
11/06/2001,TUP,MS,ASO,CE,Federal Contract Tower,0,16,18,11,45,0,1,82,27,110,0,17,100,38,155,66,34,100,255
11/07/2001,TUP,MS,ASO,CE,Federal Contract Tower,0,15,24,0,39,0,0,117,3,120,0,15,141,3,159,40,8,48,207
11/08/2001,TUP,MS,ASO,CE,Federal Contract Tower,0,16,18,4,38,0,1,115,2,118,0,17,133,6,156,34,26,60,216
11/09/2001,TUP,MS,ASO,CE,Federal Contract Tower,0,16,28,3,47,0,0,56,0,56,0,16,84,3,103,62,0,62,165
11/10/2001,TUP,MS,ASO,CE,Federal Contract Tower,0,12,12,0,24,0,0,96,0,96,0,12,108,0,120,68,0,68,188
11/11/2001,TUP,MS,ASO,CE,Federal Contract Tower,0,12,15,0,27,0,0,128,2,130,0,12,143,2,157,64,0,64,221
11/12/2001,TUP,MS,ASO,CE,Federal Contract Tower,0,16,22,0,38,0,2,112,6,120,0,18,134,6,158,64,4,68,226
11/13/2001,TUP,MS,ASO,CE,Federal Contract Tower,0,17,24,13,54,0,0,89,15,104,0,17,113,28,158,42,26,68,226
11/14/2001,TUP,MS,ASO,CE,Federal Contract Tower,0,16,12,7,35,0,0,146,4,150,0,16,158,11,185,56,4,60,245
11/15/2001,TUP,MS,ASO,CE,Federal Contract Tower,0,14,20,8,42,0,2,138,3,143,0,16,158,11,185,76,14,90,275
11/16/2001,TUP,MS,ASO,CE,Federal Contract Tower,0,16,19,3,38,0,1,118,26,145,0,17,137,29,183,58,38,96,279
11/17/2001,TUP,MS,ASO,CE,Federal Contract Tower,0,12,11,13,36,0,1,128,29,158,0,13,139,42,194,62,28,90,284
11/18/2001,TUP,MS,ASO,CE,Federal Contract Tower,0,12,20,0,32,0,0,74,24,98,0,12,94,24,130,56,4,60,190
11/19/2001,TUP,MS,ASO,CE,Federal Contract Tower,0,18,23,15,56,0,0,47,5,52,0,18,70,20,108,46,18,64,172
11/20/2001,TUP,MS,ASO,CE,Federal Contract Tower,0,14,26,12,52,0,2,86,26,114,0,16,112,38,166,40,8,48,214
11/21/2001,TUP,MS,ASO,CE,Federal Contract Tower,0,14,12,4,30,0,0,144,4,148,0,14,156,8,178,64,6,70,248
11/22/2001,TUP,MS,ASO,CE,Federal Contract Tower,0,13,5,0,18,0,0,38,0,38,0,13,43,0,56,0,0,0,56
11/23/2001,TUP,MS,ASO,CE,Federal Contract Tower,0,18,11,0,29,0,0,4,0,4,0,18,15,0,33,0,0,0,33
11/24/2001,TUP,MS,ASO,CE,Federal Contract Tower,0,12,4,0,16,0,0,32,0,32,0,12,36,0,48,18,0,18,66
11/25/2001,TUP,MS,ASO,CE,Federal Contract Tower,0,12,19,0,31,0,0,95,0,95,0,12,114,0,126,58,0,58,184
11/26/2001,TUP,MS,ASO,CE,Federal Contract Tower,0,20,28,15,63,0,0,40,0,40,0,20,68,15,103,36,6,42,145
11/27/2001,TUP,MS,ASO,CE,Federal Contract Tower,0,17,12,4,33,0,0,28,0,28,0,17,40,4,61,2,4,6,67
11/28/2001,TUP,MS,ASO,CE,Federal Contract Tower,0,17,23,0,40,0,5,41,0,46,0,22,64,0,86,12,0,12,98
11/29/2001,TUP,MS,ASO,CE,Federal Contract Tower,0,11,14,0,25,0,0,0,0,0,0,11,14,0,25,0,0,0,25
11/30/2001,TUP,MS,ASO,CE,Federal Contract Tower,0,19,37,10,66,0,0,51,0,51,0,19,88,10,117,30,10,40,157
12/01/2001,TUP,MS,ASO,CE,Federal Contract Tower,0,10,20,0,30,0,0,109,0,109,0,10,129,0,139,64,0,64,203
12/02/2001,TUP,MS,ASO,CE,Federal Contract Tower,0,14,16,0,30,0,0,106,0,106,0,14,122,0,136,62,0,62,198
12/03/2001,TUP,MS,ASO,CE,Federal Contract Tower,0,16,20,8,44,0,0,69,2,71,0,16,89,10,115,44,8,52,167
12/04/2001,TUP,MS,ASO,CE,Federal Contract Tower,0,16,24,8,48,0,0,95,14,109,0,16,119,22,157,52,14,66,223
12/05/2001,TUP,MS,ASO,CE,Federal Contract Tower,0,14,28,8,50,0,0,81,15,96,0,14,109,23,146,48,24,72,218
12/06/2001,TUP,MS,ASO,CE,Federal Contract Tower,0,16,25,7,48,0,0,98,3,101,0,16,123,10,149,52,16,68,217
12/07/2001,TUP,MS,ASO,CE,Federal Contract Tower,0,18,25,6,49,0,0,69,0,69,0,18,94,6,118,36,6,42,160
12/08/2001,TUP,MS,ASO,CE,Federal Contract Tower,0,12,7,0,19,0,0,1,0,1,0,12,8,0,20,0,0,0,20
12/09/2001,TUP,MS,ASO,CE,Federal Contract Tower,0,12,7,0,19,0,0,65,0,65,0,12,72,0,84,66,0,66,150
12/10/2001,TUP,MS,ASO,CE,Federal Contract Tower,0,17,33,20,70,0,1,41,0,42,0,18,74,20,112,44,16,60,172
12/11/2001,TUP,MS,ASO,CE,Federal Contract Tower,0,23,41,6,70,0,0,50,3,53,0,23,91,9,123,0,0,0,123
12/12/2001,TUP,MS,ASO,CE,Federal Contract Tower,0,16,19,19,54,0,0,10,0,10,0,16,29,19,64,0,0,0,64
12/13/2001,TUP,MS,ASO,CE,Federal Contract Tower,0,14,25,0,39,0,0,1,0,1,0,14,26,0,40,0,0,0,40
12/14/2001,TUP,MS,ASO,CE,Federal Contract Tower,0,17,21,5,43,0,1,57,30,88,0,18,78,35,131,22,32,54,185
12/15/2001,TUP,MS,ASO,CE,Federal Contract Tower,0,8,10,3,21,0,6,92,34,132,0,14,102,37,153,64,10,74,227
12/16/2001,TUP,MS,ASO,CE,Federal Contract Tower,0,10,12,3,25,0,2,68,31,101,0,12,80,34,126,14,18,32,158
12/17/2001,TUP,MS,ASO,CE,Federal Contract Tower,0,18,21,5,44,0,2,33,7,42,0,20,54,12,86,38,6,44,130
12/18/2001,TUP,MS,ASO,CE,Federal Contract Tower,0,18,24,4,46,0,0,81,42,123,0,18,105,46,169,42,36,78,247
12/19/2001,TUP,MS,ASO,CE,Federal Contract Tower,0,15,26,2,43,0,1,111,10,122,0,16,137,12,165,18,4,22,187
12/20/2001,TUP,MS,ASO,CE,Federal Contract Tower,0,15,16,2,33,0,1,89,10,100,0,16,105,12,133,42,22,64,197
12/21/2001,TUP,MS,ASO,CE,Federal Contract Tower,0,17,12,0,29,0,4,105,4,113,0,21,117,4,142,52,4,56,198
12/22/2001,TUP,MS,ASO,CE,Federal Contract Tower,0,12,13,0,25,0,0,97,0,97,0,12,110,0,122,52,0,52,174
12/23/2001,TUP,MS,ASO,CE,Federal Contract Tower,0,12,8,0,20,0,0,65,0,65,0,12,73,0,85,48,0,48,133
12/24/2001,TUP,MS,ASO,CE,Federal Contract Tower,0,16,19,0,35,0,0,54,0,54,0,16,73,0,89,54,0,54,143
12/25/2001,TUP,MS,ASO,CE,Federal Contract Tower,0,11,10,0,21,0,0,55,0,55,0,11,65,0,76,24,0,24,100
12/26/2001,TUP,MS,ASO,CE,Federal Contract Tower,0,15,10,0,25,0,0,95,4,99,0,15,105,4,124,54,0,54,178
12/27/2001,TUP,MS,ASO,CE,Federal Contract Tower,0,15,16,0,31,0,1,120,4,125,0,16,136,4,156,46,0,46,202
12/28/2001,TUP,MS,ASO,CE,Federal Contract Tower,0,16,11,0,27,0,0,121,2,123,0,16,132,2,150,64,0,64,214
12/29/2001,TUP,MS,ASO,CE,Federal Contract Tower,0,12,8,0,20,0,0,126,0,126,0,12,134,0,146,66,0,66,212
12/30/2001,TUP,MS,ASO,CE,Federal Contract Tower,0,12,6,0,18,0,0,78,0,78,0,12,84,0,96,72,0,72,168
12/31/2001,TUP,MS,ASO,CE,Federal Contract Tower,0,18,16,0,34,0,1,58,0,59,0,19,74,0,93,60,0,60,153
01/01/2002,TUP,MS,ASO,CE,Federal Contract Tower,0,13,3,0,16,0,0,65,0,65,0,13,68,0,81,46,0,46,127
01/02/2002,TUP,MS,ASO,CE,Federal Contract Tower,0,15,9,1,25,0,0,116,0,116,0,15,125,1,141,20,0,20,161
01/03/2002,TUP,MS,ASO,CE,Federal Contract Tower,0,15,19,3,37,0,1,123,5,129,0,16,142,8,166,42,24,66,232
01/04/2002,TUP,MS,ASO,CE,Federal Contract Tower,0,16,13,2,31,0,0,107,35,142,0,16,120,37,173,66,16,82,255
01/05/2002,TUP,MS,ASO,CE,Federal Contract Tower,0,11,6,0,17,0,0,73,22,95,0,11,79,22,112,62,10,72,184
01/06/2002,TUP,MS,ASO,CE,Federal Contract Tower,0,12,7,0,19,0,0,22,0,22,0,12,29,0,41,24,0,24,65
01/07/2002,TUP,MS,ASO,CE,Federal Contract Tower,0,18,20,4,42,0,0,45,2,47,0,18,65,6,89,40,8,48,137
01/08/2002,TUP,MS,ASO,CE,Federal Contract Tower,0,18,20,0,38,0,0,73,18,91,0,18,93,18,129,38,6,44,173
01/09/2002,TUP,MS,ASO,CE,Federal Contract Tower,0,15,19,4,38,0,0,92,9,101,0,15,111,13,139,66,32,98,237
01/10/2002,TUP,MS,ASO,CE,Federal Contract Tower,0,16,13,10,39,0,0,117,15,132,0,16,130,25,171,34,32,66,237
01/11/2002,TUP,MS,ASO,CE,Federal Contract Tower,0,14,21,7,42,0,2,102,39,143,0,16,123,46,185,50,34,84,269
01/12/2002,TUP,MS,ASO,CE,Federal Contract Tower,0,12,12,0,24,0,0,103,26,129,0,12,115,26,153,46,18,64,217
01/13/2002,TUP,MS,ASO,CE,Federal Contract Tower,0,12,11,0,23,0,0,80,0,80,0,12,91,0,103,48,0,48,151
01/14/2002,TUP,MS,ASO,CE,Federal Contract Tower,0,15,20,16,51,0,1,67,0,68,0,16,87,16,119,68,14,82,201
01/15/2002,TUP,MS,ASO,CE,Federal Contract Tower,0,15,21,9,45,0,3,81,25,109,0,18,102,34,154,36,16,52,206
01/16/2002,TUP,MS,ASO,CE,Federal Contract Tower,0,15,23,22,60,0,0,132,0,132,0,15,155,22,192,40,24,64,256
01/17/2002,TUP,MS,ASO,CE,Federal Contract Tower,0,15,25,12,52,0,1,106,9,116,0,16,131,21,168,48,40,88,256
01/18/2002,TUP,MS,ASO,CE,Federal Contract Tower,0,18,23,12,53,0,1,81,2,84,0,19,104,14,137,26,20,46,183
01/19/2002,TUP,MS,ASO,CE,Federal Contract Tower,0,12,9,0,21,0,0,0,0,0,0,12,9,0,21,0,0,0,21
01/20/2002,TUP,MS,ASO,CE,Federal Contract Tower,0,12,13,3,28,0,0,82,0,82,0,12,95,3,110,66,2,68,178
01/21/2002,TUP,MS,ASO,CE,Federal Contract Tower,0,12,15,0,27,0,0,59,0,59,0,12,74,0,86,60,0,60,146
01/22/2002,TUP,MS,ASO,CE,Federal Contract Tower,0,17,19,23,59,0,1,45,12,58,0,18,64,35,117,26,28,54,171
01/23/2002,TUP,MS,ASO,CE,Federal Contract Tower,0,16,23,22,61,0,1,105,1,107,0,17,128,23,168,30,16,46,214
01/24/2002,TUP,MS,ASO,CE,Federal Contract Tower,0,17,4,0,21,0,0,2,0,2,0,17,6,0,23,0,0,0,23
01/25/2002,TUP,MS,ASO,CE,Federal Contract Tower,0,14,16,6,36,0,0,99,4,103,0,14,115,10,139,52,12,64,203
01/26/2002,TUP,MS,ASO,CE,Federal Contract Tower,0,12,13,0,25,0,0,113,2,115,0,12,126,2,140,62,0,62,202
01/27/2002,TUP,MS,ASO,CE,Federal Contract Tower,0,12,11,0,23,0,0,86,0,86,0,12,97,0,109,76,0,76,185
01/28/2002,TUP,MS,ASO,CE,Federal Contract Tower,0,16,30,0,46,0,0,12,4,16,0,16,42,4,62,12,6,18,80
01/29/2002,TUP,MS,ASO,CE,Federal Contract Tower,0,18,30,4,52,0,3,39,13,55,0,21,69,17,107,54,8,62,169
01/30/2002,TUP,MS,ASO,CE,Federal Contract Tower,0,18,26,4,48,0,0,97,0,97,0,18,123,4,145,12,2,14,159
01/31/2002,TUP,MS,ASO,CE,Federal Contract Tower,0,18,12,11,41,0,2,113,0,115,0,20,125,11,156,32,10,42,198
02/01/2002,TUP,MS,ASO,CE,Federal Contract Tower,0,17,20,6,43,0,3,100,0,103,0,20,120,6,146,60,12,72,218
02/02/2002,TUP,MS,ASO,CE,Federal Contract Tower,0,12,9,1,22,0,1,128,3,132,0,13,137,4,154,46,38,84,238
02/03/2002,TUP,MS,ASO,CE,Federal Contract Tower,0,12,17,3,32,0,1,44,0,45,0,13,61,3,77,34,2,36,113
02/04/2002,TUP,MS,ASO,CE,Federal Contract Tower,0,15,14,9,38,0,2,80,0,82,0,17,94,9,120,50,34,84,204
02/05/2002,TUP,MS,ASO,CE,Federal Contract Tower,0,16,16,17,49,0,0,42,6,48,0,16,58,23,97,38,52,90,187
02/06/2002,TUP,MS,ASO,CE,Federal Contract Tower,0,15,13,0,28,0,0,0,0,0,0,15,13,0,28,0,0,0,28
02/07/2002,TUP,MS,ASO,CE,Federal Contract Tower,0,15,22,1,38,0,1,74,1,76,0,16,96,2,114,26,6,32,146
02/08/2002,TUP,MS,ASO,CE,Federal Contract Tower,0,13,23,3,39,0,2,122,1,125,0,15,145,4,164,94,24,118,282
02/09/2002,TUP,MS,ASO,CE,Federal Contract Tower,0,12,5,0,17,0,0,132,0,132,0,12,137,0,149,98,0,98,247
02/10/2002,TUP,MS,ASO,CE,Federal Contract Tower,0,11,22,3,36,0,1,62,1,64,0,12,84,4,100,54,16,70,170
02/11/2002,TUP,MS,ASO,CE,Federal Contract Tower,0,17,14,4,35,0,1,73,2,76,0,18,87,6,111,78,14,92,203
02/12/2002,TUP,MS,ASO,CE,Federal Contract Tower,0,13,28,2,43,0,1,79,10,90,0,14,107,12,133,52,0,52,185
02/13/2002,TUP,MS,ASO,CE,Federal Contract Tower,0,15,24,0,39,0,0,79,0,79,0,15,103,0,118,54,0,54,172
02/14/2002,TUP,MS,ASO,CE,Federal Contract Tower,0,16,27,6,49,0,3,140,0,143,0,19,167,6,192,54,24,78,270
02/15/2002,TUP,MS,ASO,CE,Federal Contract Tower,2,15,18,4,39,0,3,77,0,80,2,18,95,4,119,34,10,44,163
02/16/2002,TUP,MS,ASO,CE,Federal Contract Tower,2,14,17,0,33,0,0,97,0,97,2,14,114,0,130,72,0,72,202
02/17/2002,TUP,MS,ASO,CE,Federal Contract Tower,0,14,17,0,31,0,0,88,0,88,0,14,105,0,119,62,0,62,181
02/18/2002,TUP,MS,ASO,CE,Federal Contract Tower,0,12,25,0,37,0,0,72,0,72,0,12,97,0,109,56,0,56,165
02/19/2002,TUP,MS,ASO,CE,Federal Contract Tower,0,18,27,0,45,0,1,55,0,56,0,19,82,0,101,26,0,26,127
02/20/2002,TUP,MS,ASO,CE,Federal Contract Tower,2,18,41,8,69,0,0,112,8,120,2,18,153,16,189,76,24,100,289
02/21/2002,TUP,MS,ASO,CE,Federal Contract Tower,1,16,44,0,61,0,4,119,0,123,1,20,163,0,184,62,0,62,246
02/22/2002,TUP,MS,ASO,CE,Federal Contract Tower,0,12,39,7,58,0,2,106,30,138,0,14,145,37,196,88,28,116,312
02/23/2002,TUP,MS,ASO,CE,Federal Contract Tower,0,13,31,0,44,0,0,148,38,186,0,13,179,38,230,102,14,116,346
02/24/2002,TUP,MS,ASO,CE,Federal Contract Tower,0,13,23,6,42,0,0,97,28,125,0,13,120,34,167,50,64,114,281
02/25/2002,TUP,MS,ASO,CE,Federal Contract Tower,0,20,23,2,45,0,1,59,7,67,0,21,82,9,112,72,18,90,202
02/26/2002,TUP,MS,ASO,CE,Federal Contract Tower,0,14,17,8,39,0,3,52,6,61,0,17,69,14,100,36,14,50,150
02/27/2002,TUP,MS,ASO,CE,Federal Contract Tower,0,14,19,6,39,0,0,103,4,107,0,14,122,10,146,38,22,60,206
02/28/2002,TUP,MS,ASO,CE,Federal Contract Tower,0,15,25,2,42,0,2,128,6,136,0,17,153,8,178,70,40,110,288
03/01/2002,TUP,MS,ASO,CE,Federal Contract Tower,0,15,20,2,37,0,1,89,23,113,0,16,109,25,150,26,20,46,196
03/02/2002,TUP,MS,ASO,CE,Federal Contract Tower,0,12,14,0,26,0,0,2,0,2,0,12,16,0,28,4,0,4,32
03/03/2002,TUP,MS,ASO,CE,Federal Contract Tower,0,11,10,0,21,0,0,62,8,70,0,11,72,8,91,56,4,60,151
03/04/2002,TUP,MS,ASO,CE,Federal Contract Tower,0,20,18,6,44,0,0,62,6,68,0,20,80,12,112,64,14,78,190
03/05/2002,TUP,MS,ASO,CE,Federal Contract Tower,0,14,23,6,43,0,1,86,9,96,0,15,109,15,139,74,22,96,235
03/06/2002,TUP,MS,ASO,CE,Federal Contract Tower,0,16,19,4,39,0,1,121,7,129,0,17,140,11,168,44,20,64,232
03/07/2002,TUP,MS,ASO,CE,Federal Contract Tower,0,15,19,0,34,0,2,112,9,123,0,17,131,9,157,48,10,58,215
03/08/2002,TUP,MS,ASO,CE,Federal Contract Tower,0,17,21,7,45,0,2,108,5,115,0,19,129,12,160,72,44,116,276
03/09/2002,TUP,MS,ASO,CE,Federal Contract Tower,0,12,8,0,20,0,0,123,0,123,0,12,131,0,143,58,0,58,201
03/10/2002,TUP,MS,ASO,CE,Federal Contract Tower,0,12,7,0,19,0,0,74,0,74,0,12,81,0,93,44,0,44,137
03/11/2002,TUP,MS,ASO,CE,Federal Contract Tower,0,18,34,4,56,0,0,50,4,54,0,18,84,8,110,48,12,60,170
03/12/2002,TUP,MS,ASO,CE,Federal Contract Tower,0,18,37,0,55,0,0,18,12,30,0,18,55,12,85,4,0,4,89
03/13/2002,TUP,MS,ASO,CE,Federal Contract Tower,0,19,21,4,44,0,0,98,14,112,0,19,119,18,156,52,22,74,230
03/14/2002,TUP,MS,ASO,CE,Federal Contract Tower,0,16,24,5,45,0,2,127,16,145,0,18,151,21,190,74,40,114,304
03/15/2002,TUP,MS,ASO,CE,Federal Contract Tower,0,17,16,7,40,0,0,100,0,100,0,17,116,7,140,36,14,50,190
03/16/2002,TUP,MS,ASO,CE,Federal Contract Tower,0,12,8,0,20,0,0,0,0,0,0,12,8,0,20,0,0,0,20
03/17/2002,TUP,MS,ASO,CE,Federal Contract Tower,0,15,17,0,32,0,0,34,0,34,0,15,51,0,66,38,0,38,104
03/18/2002,TUP,MS,ASO,CE,Federal Contract Tower,0,17,21,5,43,0,2,34,3,39,0,19,55,8,82,40,6,46,128
03/19/2002,TUP,MS,ASO,CE,Federal Contract Tower,0,13,32,10,55,0,3,37,14,54,0,16,69,24,109,30,14,44,153
03/20/2002,TUP,MS,ASO,CE,Federal Contract Tower,0,15,14,4,33,0,0,13,2,15,0,15,27,6,48,4,4,8,56
03/21/2002,TUP,MS,ASO,CE,Federal Contract Tower,0,16,30,4,50,0,0,104,26,130,0,16,134,30,180,90,6,96,276
03/22/2002,TUP,MS,ASO,CE,Federal Contract Tower,0,17,13,0,30,0,1,119,23,143,0,18,132,23,173,70,12,82,255
03/23/2002,TUP,MS,ASO,CE,Federal Contract Tower,0,13,8,0,21,0,0,147,30,177,0,13,155,30,198,91,4,95,293
03/24/2002,TUP,MS,ASO,CE,Federal Contract Tower,0,12,15,0,27,0,2,130,19,151,0,14,145,19,178,82,12,94,272
03/25/2002,TUP,MS,ASO,CE,Federal Contract Tower,0,16,26,3,45,0,2,61,13,76,0,18,87,16,121,68,10,78,199
03/26/2002,TUP,MS,ASO,CE,Federal Contract Tower,0,12,20,3,35,0,0,16,15,31,0,12,36,18,66,6,30,36,102
03/27/2002,TUP,MS,ASO,CE,Federal Contract Tower,0,16,37,8,61,0,0,91,6,97,0,16,128,14,158,44,6,50,208
03/28/2002,TUP,MS,ASO,CE,Federal Contract Tower,0,18,19,5,42,0,0,111,5,116,0,18,130,10,158,126,10,136,294
03/29/2002,TUP,MS,ASO,CE,Federal Contract Tower,0,14,22,4,40,0,3,102,11,116,0,17,124,15,156,48,4,52,208
03/30/2002,TUP,MS,ASO,CE,Federal Contract Tower,0,12,2,0,14,0,0,0,0,0,0,12,2,0,14,0,0,0,14
03/31/2002,TUP,MS,ASO,CE,Federal Contract Tower,0,14,6,0,20,0,0,0,0,0,0,14,6,0,20,0,0,0,20
04/01/2002,TUP,MS,ASO,CE,Federal Contract Tower,0,16,25,2,43,0,2,53,2,57,0,18,78,4,100,66,8,74,174
04/02/2002,TUP,MS,ASO,CE,Federal Contract Tower,0,13,20,10,43,0,3,75,5,83,0,16,95,15,126,76,4,80,206
04/03/2002,TUP,MS,ASO,CE,Federal Contract Tower,0,15,31,6,52,0,0,99,5,104,0,15,130,11,156,38,2,40,196
04/04/2002,TUP,MS,ASO,CE,Federal Contract Tower,0,16,18,0,34,0,0,126,5,131,0,16,144,5,165,80,8,88,253
04/05/2002,TUP,MS,ASO,CE,Federal Contract Tower,0,17,8,11,36,0,1,102,16,119,0,18,110,27,155,102,36,138,293
04/06/2002,TUP,MS,ASO,CE,Federal Contract Tower,0,8,9,0,17,0,0,110,0,110,0,8,119,0,127,74,0,74,201
04/07/2002,TUP,MS,ASO,CE,Federal Contract Tower,0,11,12,3,26,2,3,69,8,82,2,14,81,11,108,50,10,60,168
04/08/2002,TUP,MS,ASO,CE,Federal Contract Tower,0,18,12,0,30,0,0,44,0,44,0,18,56,0,74,30,0,30,104
04/09/2002,TUP,MS,ASO,CE,Federal Contract Tower,0,16,7,9,32,0,0,51,9,60,0,16,58,18,92,46,8,54,146
04/10/2002,TUP,MS,ASO,CE,Federal Contract Tower,0,18,17,0,35,0,0,110,9,119,0,18,127,9,154,84,38,122,276
04/11/2002,TUP,MS,ASO,CE,Federal Contract Tower,0,16,28,9,53,0,1,80,20,101,0,17,108,29,154,78,28,106,260
04/12/2002,TUP,MS,ASO,CE,Federal Contract Tower,0,18,16,18,52,0,0,104,24,128,0,18,120,42,180,28,50,78,258
04/13/2002,TUP,MS,ASO,CE,Federal Contract Tower,0,12,11,0,23,0,0,82,17,99,0,12,93,17,122,42,8,50,172
04/14/2002,TUP,MS,ASO,CE,Federal Contract Tower,0,12,11,0,23,0,0,47,18,65,0,12,58,18,88,46,16,62,150
04/15/2002,TUP,MS,ASO,CE,Federal Contract Tower,0,17,17,12,46,0,0,84,3,87,0,17,101,15,133,76,22,98,231
04/16/2002,TUP,MS,ASO,CE,Federal Contract Tower,0,15,21,11,47,0,3,37,8,48,0,18,58,19,95,28,16,44,139
04/17/2002,TUP,MS,ASO,CE,Federal Contract Tower,0,14,23,1,38,0,0,109,24,133,0,14,132,25,171,78,30,108,279
04/18/2002,TUP,MS,ASO,CE,Federal Contract Tower,0,11,7,3,21,0,1,76,51,128,0,12,83,54,149,22,152,174,323
04/19/2002,TUP,MS,ASO,CE,Federal Contract Tower,0,15,15,15,45,0,2,124,47,173,0,17,139,62,218,64,132,196,414
04/20/2002,TUP,MS,ASO,CE,Federal Contract Tower,0,10,8,1,19,0,0,138,12,150,0,10,146,13,169,104,148,252,421
04/21/2002,TUP,MS,ASO,CE,Federal Contract Tower,0,9,6,13,28,0,0,55,18,73,0,9,61,31,101,175,125,300,401
04/22/2002,TUP,MS,ASO,CE,Federal Contract Tower,0,18,19,18,55,0,0,78,17,95,0,18,97,35,150,128,26,154,304
04/23/2002,TUP,MS,ASO,CE,Federal Contract Tower,0,14,21,4,39,0,3,89,17,109,0,17,110,21,148,84,14,98,246
04/24/2002,TUP,MS,ASO,CE,Federal Contract Tower,0,15,21,3,39,0,0,78,20,98,0,15,99,23,137,62,16,78,215
04/25/2002,TUP,MS,ASO,CE,Federal Contract Tower,0,15,20,6,41,0,2,124,0,126,0,17,144,6,167,60,8,68,235
04/26/2002,TUP,MS,ASO,CE,Federal Contract Tower,0,21,23,16,60,0,0,48,0,48,0,21,71,16,108,16,12,28,136
04/27/2002,TUP,MS,ASO,CE,Federal Contract Tower,0,12,6,0,18,0,0,71,0,71,0,12,77,0,89,44,0,44,133
04/28/2002,TUP,MS,ASO,CE,Federal Contract Tower,0,12,9,0,21,0,0,52,0,52,0,12,61,0,73,48,0,48,121
04/29/2002,TUP,MS,ASO,CE,Federal Contract Tower,0,19,15,16,50,0,0,72,3,75,0,19,87,19,125,72,22,94,219
04/30/2002,TUP,MS,ASO,CE,Federal Contract Tower,0,14,29,8,51,0,0,45,0,45,0,14,74,8,96,26,8,34,130
05/01/2002,TUP,MS,ASO,CE,Federal Contract Tower,0,14,31,3,48,0,1,94,19,114,0,15,125,22,162,68,10,78,240
05/02/2002,TUP,MS,ASO,CE,Federal Contract Tower,0,15,25,5,45,0,1,88,14,103,0,16,113,19,148,30,10,40,188
05/03/2002,TUP,MS,ASO,CE,Federal Contract Tower,0,16,17,0,33,0,2,16,0,18,0,18,33,0,51,16,0,16,67
05/04/2002,TUP,MS,ASO,CE,Federal Contract Tower,0,11,12,0,23,0,1,57,25,83,0,12,69,25,106,36,24,60,166
05/05/2002,TUP,MS,ASO,CE,Federal Contract Tower,0,9,18,0,27,0,1,62,8,71,0,10,80,8,98,62,4,66,164
05/06/2002,TUP,MS,ASO,CE,Federal Contract Tower,0,17,17,14,48,0,1,70,12,83,0,18,87,26,131,102,8,110,241
05/07/2002,TUP,MS,ASO,CE,Federal Contract Tower,0,15,20,9,44,0,1,78,28,107,0,16,98,37,151,62,22,84,235
05/08/2002,TUP,MS,ASO,CE,Federal Contract Tower,0,14,21,0,35,0,1,94,23,118,0,15,115,23,153,50,14,64,217
05/09/2002,TUP,MS,ASO,CE,Federal Contract Tower,0,16,28,0,44,0,0,77,2,79,0,16,105,2,123,86,0,86,209
05/10/2002,TUP,MS,ASO,CE,Federal Contract Tower,0,19,17,0,36,0,2,43,1,46,0,21,60,1,82,22,0,22,104
05/11/2002,TUP,MS,ASO,CE,Federal Contract Tower,0,11,24,0,35,0,1,111,2,114,0,12,135,2,149,70,16,86,235
05/12/2002,TUP,MS,ASO,CE,Federal Contract Tower,0,10,11,1,22,0,1,40,0,41,0,11,51,1,63,30,0,30,93
05/13/2002,TUP,MS,ASO,CE,Federal Contract Tower,0,18,24,22,64,0,0,23,0,23,0,18,47,22,87,30,0,30,117
05/14/2002,TUP,MS,ASO,CE,Federal Contract Tower,0,16,10,23,49,0,2,78,16,96,0,18,88,39,145,110,44,154,299
05/15/2002,TUP,MS,ASO,CE,Federal Contract Tower,0,15,20,22,57,0,0,133,11,144,0,15,153,33,201,100,50,150,351
05/16/2002,TUP,MS,ASO,CE,Federal Contract Tower,0,14,20,11,45,0,1,93,7,101,0,15,113,18,146,64,28,92,238
05/17/2002,TUP,MS,ASO,CE,Federal Contract Tower,0,16,11,16,43,0,0,57,0,57,0,16,68,16,100,20,18,38,138
05/18/2002,TUP,MS,ASO,CE,Federal Contract Tower,0,12,15,4,31,0,0,82,23,105,0,12,97,27,136,58,6,64,200
05/19/2002,TUP,MS,ASO,CE,Federal Contract Tower,0,12,14,8,34,0,0,71,24,95,0,12,85,32,129,46,28,74,203
05/20/2002,TUP,MS,ASO,CE,Federal Contract Tower,0,17,19,10,46,0,1,71,14,86,0,18,90,24,132,84,38,122,254
05/21/2002,TUP,MS,ASO,CE,Federal Contract Tower,0,16,36,14,66,0,0,79,23,102,0,16,115,37,168,118,34,152,320
05/22/2002,TUP,MS,ASO,CE,Federal Contract Tower,0,16,25,15,56,0,0,93,21,114,0,16,118,36,170,88,54,142,312
05/23/2002,TUP,MS,ASO,CE,Federal Contract Tower,0,15,14,12,41,0,1,101,27,129,0,16,115,39,170,112,52,164,334
05/24/2002,TUP,MS,ASO,CE,Federal Contract Tower,0,16,28,0,44,0,1,110,7,118,0,17,138,7,162,70,12,82,244
05/25/2002,TUP,MS,ASO,CE,Federal Contract Tower,0,12,9,0,21,0,0,96,0,96,0,12,105,0,117,54,0,54,171
05/26/2002,TUP,MS,ASO,CE,Federal Contract Tower,0,8,9,0,17,0,0,79,0,79,0,8,88,0,96,76,0,76,172
05/27/2002,TUP,MS,ASO,CE,Federal Contract Tower,0,12,14,0,26,0,0,69,8,77,0,12,83,8,103,74,4,78,181
05/28/2002,TUP,MS,ASO,CE,Federal Contract Tower,0,15,12,9,36,0,2,61,4,67,0,17,73,13,103,42,10,52,155
05/29/2002,TUP,MS,ASO,CE,Federal Contract Tower,0,15,23,26,64,0,2,46,4,52,0,17,69,30,116,14,22,36,152
05/30/2002,TUP,MS,ASO,CE,Federal Contract Tower,0,14,22,12,48,0,0,74,14,88,0,14,96,26,136,72,16,88,224
05/31/2002,TUP,MS,ASO,CE,Federal Contract Tower,0,16,15,4,35,0,3,84,32,119,0,19,99,36,154,68,12,80,234
06/01/2002,TUP,MS,ASO,CE,Federal Contract Tower,0,13,13,0,26,0,0,76,33,109,0,13,89,33,135,58,34,92,227
06/02/2002,TUP,MS,ASO,CE,Federal Contract Tower,0,12,4,0,16,0,0,72,0,72,0,12,76,0,88,68,0,68,156
06/03/2002,TUP,MS,ASO,CE,Federal Contract Tower,0,18,15,0,33,0,1,70,0,71,0,19,85,0,104,78,0,78,182
06/04/2002,TUP,MS,ASO,CE,Federal Contract Tower,0,15,16,9,40,0,2,63,10,75,0,17,79,19,115,38,40,78,193
06/05/2002,TUP,MS,ASO,CE,Federal Contract Tower,0,16,13,6,35,0,5,62,18,85,0,21,75,24,120,42,34,76,196
06/06/2002,TUP,MS,ASO,CE,Federal Contract Tower,0,15,24,27,66,0,1,70,8,79,0,16,94,35,145,62,62,124,269
06/07/2002,TUP,MS,ASO,CE,Federal Contract Tower,0,18,13,3,34,0,2,84,6,92,0,20,97,9,126,88,6,94,220
06/08/2002,TUP,MS,ASO,CE,Federal Contract Tower,0,12,13,0,25,0,0,99,0,99,0,12,112,0,124,84,0,84,208
06/09/2002,TUP,MS,ASO,CE,Federal Contract Tower,0,14,13,4,31,0,0,76,0,76,0,14,89,4,107,54,6,60,167
06/10/2002,TUP,MS,ASO,CE,Federal Contract Tower,0,23,23,4,50,0,2,39,4,45,0,25,62,8,95,70,6,76,171
06/11/2002,TUP,MS,ASO,CE,Federal Contract Tower,0,17,25,5,47,0,1,66,17,84,0,18,91,22,131,48,30,78,209
06/12/2002,TUP,MS,ASO,CE,Federal Contract Tower,0,17,25,18,60,0,1,64,13,78,0,18,89,31,138,82,18,100,238
06/13/2002,TUP,MS,ASO,CE,Federal Contract Tower,0,19,28,3,50,0,1,70,8,79,0,20,98,11,129,58,14,72,201
06/14/2002,TUP,MS,ASO,CE,Federal Contract Tower,0,16,10,4,30,0,2,76,6,84,0,18,86,10,114,76,16,92,206
06/15/2002,TUP,MS,ASO,CE,Federal Contract Tower,0,10,16,0,26,0,0,105,4,109,0,10,121,4,135,70,0,70,205
06/16/2002,TUP,MS,ASO,CE,Federal Contract Tower,0,14,18,2,34,0,0,87,2,89,0,14,105,4,123,50,4,54,177
06/17/2002,TUP,MS,ASO,CE,Federal Contract Tower,0,18,17,18,53,0,3,81,9,93,0,21,98,27,146,84,18,102,248
06/18/2002,TUP,MS,ASO,CE,Federal Contract Tower,0,16,23,14,53,0,2,69,15,86,0,18,92,29,139,88,22,110,249
06/19/2002,TUP,MS,ASO,CE,Federal Contract Tower,0,17,13,19,49,0,0,74,9,83,0,17,87,28,132,92,34,126,258
06/20/2002,TUP,MS,ASO,CE,Federal Contract Tower,0,15,21,9,45,0,0,71,19,90,0,15,92,28,135,54,26,80,215
06/21/2002,TUP,MS,ASO,CE,Federal Contract Tower,0,17,12,7,36,0,0,64,27,91,0,17,76,34,127,50,20,70,197
06/22/2002,TUP,MS,ASO,CE,Federal Contract Tower,0,14,14,4,32,0,0,81,22,103,0,14,95,26,135,92,10,102,237
06/23/2002,TUP,MS,ASO,CE,Federal Contract Tower,0,13,12,0,25,0,0,57,20,77,0,13,69,20,102,76,28,104,206
06/24/2002,TUP,MS,ASO,CE,Federal Contract Tower,0,18,15,20,53,0,2,54,1,57,0,20,69,21,110,53,21,74,184
06/25/2002,TUP,MS,ASO,CE,Federal Contract Tower,0,16,29,19,64,0,2,58,12,72,0,18,87,31,136,72,46,118,254
06/26/2002,TUP,MS,ASO,CE,Federal Contract Tower,0,17,27,6,50,0,0,60,13,73,0,17,87,19,123,56,42,98,221
06/27/2002,TUP,MS,ASO,CE,Federal Contract Tower,0,15,25,4,44,0,1,40,3,44,0,16,65,7,88,38,12,50,138
06/28/2002,TUP,MS,ASO,CE,Federal Contract Tower,0,18,20,0,38,0,1,44,13,58,0,19,64,13,96,28,12,40,136
06/29/2002,TUP,MS,ASO,CE,Federal Contract Tower,0,14,17,0,31,0,0,80,3,83,0,14,97,3,114,82,4,86,200
06/30/2002,TUP,MS,ASO,CE,Federal Contract Tower,0,13,9,0,22,0,0,60,6,66,0,13,69,6,88,50,0,50,138
07/01/2002,TUP,MS,ASO,CE,Federal Contract Tower,0,17,12,6,35,0,4,62,9,75,0,21,74,15,110,98,8,106,216
07/02/2002,TUP,MS,ASO,CE,Federal Contract Tower,0,13,15,6,34,0,0,72,7,79,0,13,87,13,113,52,6,58,171
07/03/2002,TUP,MS,ASO,CE,Federal Contract Tower,0,18,16,0,34,0,0,78,7,85,0,18,94,7,119,142,6,148,267
07/04/2002,TUP,MS,ASO,CE,Federal Contract Tower,0,8,0,0,8,0,0,55,0,55,0,8,55,0,63,32,0,32,95
07/05/2002,TUP,MS,ASO,CE,Federal Contract Tower,0,18,3,0,21,0,1,112,0,113,0,19,115,0,134,88,0,88,222
07/06/2002,TUP,MS,ASO,CE,Federal Contract Tower,0,13,4,0,17,0,0,86,0,86,0,13,90,0,103,62,0,62,165
07/07/2002,TUP,MS,ASO,CE,Federal Contract Tower,0,14,4,0,18,0,5,69,18,92,0,19,73,18,110,86,18,104,214
07/08/2002,TUP,MS,ASO,CE,Federal Contract Tower,0,17,13,13,43,0,0,61,0,61,0,17,74,13,104,80,6,86,190
07/09/2002,TUP,MS,ASO,CE,Federal Contract Tower,0,17,15,6,38,0,1,73,16,90,0,18,88,22,128,38,34,72,200
07/10/2002,TUP,MS,ASO,CE,Federal Contract Tower,0,17,25,11,53,0,4,49,4,57,0,21,74,15,110,98,8,106,216
07/11/2002,TUP,MS,ASO,CE,Federal Contract Tower,0,16,12,12,40,0,0,70,8,78,0,16,82,20,118,82,34,116,234
07/12/2002,TUP,MS,ASO,CE,Federal Contract Tower,0,16,22,0,38,0,0,24,2,26,0,16,46,2,64,22,0,22,86
07/13/2002,TUP,MS,ASO,CE,Federal Contract Tower,0,12,34,0,46,0,0,59,2,61,0,12,93,2,107,84,2,86,193
07/14/2002,TUP,MS,ASO,CE,Federal Contract Tower,0,13,9,0,22,0,0,98,20,118,0,13,107,20,140,82,2,84,224
07/15/2002,TUP,MS,ASO,CE,Federal Contract Tower,0,16,21,13,50,0,2,56,18,76,0,18,77,31,126,80,4,84,210
07/16/2002,TUP,MS,ASO,CE,Federal Contract Tower,0,16,28,3,47,0,1,71,31,103,0,17,99,34,150,86,4,90,240
07/17/2002,TUP,MS,ASO,CE,Federal Contract Tower,0,17,14,5,36,0,0,77,25,102,0,17,91,30,138,82,38,120,258
07/18/2002,TUP,MS,ASO,CE,Federal Contract Tower,0,15,9,14,38,0,0,78,14,92,0,15,87,28,130,88,22,110,240
07/19/2002,TUP,MS,ASO,CE,Federal Contract Tower,0,18,7,2,27,0,1,61,6,68,0,19,68,8,95,32,4,36,131
07/20/2002,TUP,MS,ASO,CE,Federal Contract Tower,0,12,6,0,18,0,0,89,0,89,0,12,95,0,107,84,0,84,191
07/21/2002,TUP,MS,ASO,CE,Federal Contract Tower,0,14,12,0,26,0,0,64,0,64,0,14,76,0,90,96,0,96,186
07/22/2002,TUP,MS,ASO,CE,Federal Contract Tower,0,18,28,9,55,0,2,62,3,67,0,20,90,12,122,60,4,64,186
07/23/2002,TUP,MS,ASO,CE,Federal Contract Tower,0,19,16,8,43,0,1,73,6,80,0,20,89,14,123,70,16,86,209
07/24/2002,TUP,MS,ASO,CE,Federal Contract Tower,0,19,31,15,65,0,0,66,4,70,0,19,97,19,135,90,30,120,255
07/25/2002,TUP,MS,ASO,CE,Federal Contract Tower,0,17,27,4,48,0,0,81,4,85,0,17,108,8,133,78,10,88,221
07/26/2002,TUP,MS,ASO,CE,Federal Contract Tower,0,17,23,2,42,0,0,69,1,70,0,17,92,3,112,62,2,64,176
07/27/2002,TUP,MS,ASO,CE,Federal Contract Tower,0,12,6,0,18,0,0,102,6,108,0,12,108,6,126,122,0,122,248
07/28/2002,TUP,MS,ASO,CE,Federal Contract Tower,0,13,7,2,22,0,1,93,6,100,0,14,100,8,122,78,12,90,212
07/29/2002,TUP,MS,ASO,CE,Federal Contract Tower,0,18,15,2,35,0,1,71,3,75,0,19,86,5,110,80,0,80,190
07/30/2002,TUP,MS,ASO,CE,Federal Contract Tower,0,19,12,2,33,0,1,72,22,95,0,20,84,24,128,40,0,40,168
07/31/2002,TUP,MS,ASO,CE,Federal Contract Tower,0,16,23,21,60,0,1,89,20,110,0,17,112,41,170,56,36,92,262
08/01/2002,TUP,MS,ASO,CE,Federal Contract Tower,0,20,17,12,49,0,0,122,16,138,0,20,139,28,187,136,20,156,343
08/02/2002,TUP,MS,ASO,CE,Federal Contract Tower,0,10,10,2,22,0,8,120,17,145,0,18,130,19,167,96,6,102,269
08/03/2002,TUP,MS,ASO,CE,Federal Contract Tower,0,11,14,3,28,0,0,82,7,89,0,11,96,10,117,88,4,92,209
08/04/2002,TUP,MS,ASO,CE,Federal Contract Tower,0,14,16,3,33,0,0,63,5,68,0,14,79,8,101,70,8,78,179
08/05/2002,TUP,MS,ASO,CE,Federal Contract Tower,0,20,12,9,41,0,0,78,3,81,0,20,90,12,122,97,4,101,223
08/06/2002,TUP,MS,ASO,CE,Federal Contract Tower,0,16,15,11,42,0,1,67,10,78,0,17,82,21,120,106,10,116,236
08/07/2002,TUP,MS,ASO,CE,Federal Contract Tower,0,18,13,1,32,0,0,93,9,102,0,18,106,10,134,66,10,76,210
08/08/2002,TUP,MS,ASO,CE,Federal Contract Tower,0,17,24,3,44,0,0,108,2,110,0,17,132,5,154,116,8,124,278
08/09/2002,TUP,MS,ASO,CE,Federal Contract Tower,0,19,9,10,38,0,1,118,7,126,0,20,127,17,164,96,26,122,286
08/10/2002,TUP,MS,ASO,CE,Federal Contract Tower,0,16,8,0,24,0,0,86,0,86,0,16,94,0,110,86,0,86,196
08/11/2002,TUP,MS,ASO,CE,Federal Contract Tower,0,14,9,0,23,0,0,61,0,61,0,14,70,0,84,60,0,60,144
08/12/2002,TUP,MS,ASO,CE,Federal Contract Tower,0,18,21,4,43,0,2,64,0,66,0,20,85,4,109,78,0,78,187
08/13/2002,TUP,MS,ASO,CE,Federal Contract Tower,0,19,16,4,39,0,1,85,0,86,0,20,101,4,125,72,0,72,197
08/14/2002,TUP,MS,ASO,CE,Federal Contract Tower,0,19,35,9,63,0,0,89,9,98,0,19,124,18,161,32,24,56,217
08/15/2002,TUP,MS,ASO,CE,Federal Contract Tower,0,22,48,10,80,0,1,102,4,107,0,23,150,14,187,76,16,92,279
08/16/2002,TUP,MS,ASO,CE,Federal Contract Tower,0,19,42,10,71,0,0,108,21,129,0,19,150,31,200,104,30,134,334
08/17/2002,TUP,MS,ASO,CE,Federal Contract Tower,0,12,21,0,33,0,0,103,11,114,0,12,124,11,147,68,0,68,215
08/18/2002,TUP,MS,ASO,CE,Federal Contract Tower,0,15,12,8,35,0,0,79,35,114,0,15,91,43,149,86,20,106,255
08/19/2002,TUP,MS,ASO,CE,Federal Contract Tower,0,17,16,4,37,0,3,88,0,91,0,20,104,4,128,92,0,92,220
08/20/2002,TUP,MS,ASO,CE,Federal Contract Tower,0,17,19,3,39,0,1,75,13,89,0,18,94,16,128,58,40,98,226
08/21/2002,TUP,MS,ASO,CE,Federal Contract Tower,0,16,19,5,40,0,2,100,10,112,0,18,119,15,152,62,38,100,252
08/22/2002,TUP,MS,ASO,CE,Federal Contract Tower,0,15,18,4,37,0,2,106,8,116,0,17,124,12,153,106,10,116,269
08/23/2002,TUP,MS,ASO,CE,Federal Contract Tower,0,18,19,0,37,0,1,98,7,106,0,19,117,7,143,90,0,90,233
08/24/2002,TUP,MS,ASO,CE,Federal Contract Tower,0,15,8,0,23,0,0,114,2,116,0,15,122,2,139,108,0,108,247
08/25/2002,TUP,MS,ASO,CE,Federal Contract Tower,0,13,12,0,25,0,0,73,0,73,0,13,85,0,98,58,0,58,156
08/26/2002,TUP,MS,ASO,CE,Federal Contract Tower,0,21,15,4,40,0,1,87,5,93,0,22,102,9,133,86,4,90,223
08/27/2002,TUP,MS,ASO,CE,Federal Contract Tower,0,15,29,8,52,0,3,107,6,116,0,18,136,14,168,98,0,98,266
08/28/2002,TUP,MS,ASO,CE,Federal Contract Tower,0,19,27,2,48,0,1,98,8,107,0,20,125,10,155,66,10,76,231
08/29/2002,TUP,MS,ASO,CE,Federal Contract Tower,0,16,25,0,41,0,2,104,4,110,0,18,129,4,151,100,0,100,251
08/30/2002,TUP,MS,ASO,CE,Federal Contract Tower,0,17,22,4,43,0,3,123,0,126,0,20,145,4,169,134,12,146,315
08/31/2002,TUP,MS,ASO,CE,Federal Contract Tower,0,12,8,0,20,0,0,122,0,122,0,12,130,0,142,116,0,116,258
09/01/2002,TUP,MS,ASO,CE,Federal Contract Tower,0,14,8,0,22,0,0,86,2,88,0,14,94,2,110,96,2,98,208
09/02/2002,TUP,MS,ASO,CE,Federal Contract Tower,0,14,10,0,24,0,0,78,0,78,0,14,88,0,102,64,0,64,166
09/03/2002,TUP,MS,ASO,CE,Federal Contract Tower,0,21,28,0,49,0,2,92,8,102,0,23,120,8,151,52,16,68,219
09/04/2002,TUP,MS,ASO,CE,Federal Contract Tower,0,18,16,0,34,0,2,92,0,94,0,20,108,0,128,36,0,36,164
09/05/2002,TUP,MS,ASO,CE,Federal Contract Tower,0,16,18,0,34,0,2,92,0,94,0,18,110,0,128,112,0,112,240
09/06/2002,TUP,MS,ASO,CE,Federal Contract Tower,0,17,24,0,41,0,2,122,5,129,0,19,146,5,170,150,2,152,322
09/07/2002,TUP,MS,ASO,CE,Federal Contract Tower,0,11,11,0,22,0,0,120,20,140,0,11,131,20,162,106,6,112,274
09/08/2002,TUP,MS,ASO,CE,Federal Contract Tower,0,14,13,2,29,0,0,82,12,94,0,14,95,14,123,86,10,96,219
09/09/2002,TUP,MS,ASO,CE,Federal Contract Tower,0,15,18,10,43,0,3,81,7,91,0,18,99,17,134,92,12,104,238
09/10/2002,TUP,MS,ASO,CE,Federal Contract Tower,0,15,16,0,31,0,1,95,12,108,0,16,111,12,139,72,0,72,211
09/11/2002,TUP,MS,ASO,CE,Federal Contract Tower,0,12,21,2,35,0,1,96,17,114,0,13,117,19,149,60,2,62,211
09/12/2002,TUP,MS,ASO,CE,Federal Contract Tower,1,14,27,3,45,0,0,105,15,120,1,14,132,18,165,72,6,78,243
09/13/2002,TUP,MS,ASO,CE,Federal Contract Tower,1,18,20,8,47,0,1,121,4,126,1,19,141,12,173,104,16,120,293
09/14/2002,TUP,MS,ASO,CE,Federal Contract Tower,1,14,16,0,31,0,0,86,0,86,1,14,102,0,117,70,0,70,187
09/15/2002,TUP,MS,ASO,CE,Federal Contract Tower,0,18,18,2,38,0,0,79,0,79,0,18,97,2,117,82,0,82,199
09/16/2002,TUP,MS,ASO,CE,Federal Contract Tower,0,16,17,24,57,0,2,58,0,60,0,18,75,24,117,52,14,66,183
09/17/2002,TUP,MS,ASO,CE,Federal Contract Tower,0,16,14,0,30,0,2,55,1,58,0,18,69,1,88,74,0,74,162
09/18/2002,TUP,MS,ASO,CE,Federal Contract Tower,0,19,33,5,57,0,0,77,0,77,0,19,110,5,134,44,4,48,182
09/19/2002,TUP,MS,ASO,CE,Federal Contract Tower,0,16,28,19,63,0,1,75,9,85,0,17,103,28,148,84,22,106,254
09/20/2002,TUP,MS,ASO,CE,Federal Contract Tower,0,15,17,0,32,0,2,47,6,55,0,17,64,6,87,30,0,30,117
09/21/2002,TUP,MS,ASO,CE,Federal Contract Tower,0,13,13,0,26,0,0,66,0,66,0,13,79,0,92,62,0,62,154
09/22/2002,TUP,MS,ASO,CE,Federal Contract Tower,0,15,24,1,40,0,0,76,0,76,0,15,100,1,116,92,0,92,208
09/23/2002,TUP,MS,ASO,CE,Federal Contract Tower,0,20,19,7,46,0,1,67,0,68,0,21,86,7,114,62,16,78,192
09/24/2002,TUP,MS,ASO,CE,Federal Contract Tower,0,20,15,13,48,0,0,76,1,77,0,20,91,14,125,86,24,110,235
09/25/2002,TUP,MS,ASO,CE,Federal Contract Tower,0,17,16,5,38,0,0,7,0,7,0,17,23,5,45,0,16,16,61
09/26/2002,TUP,MS,ASO,CE,Federal Contract Tower,0,18,11,0,29,0,0,0,0,0,0,18,11,0,29,0,0,0,29
09/27/2002,TUP,MS,ASO,CE,Federal Contract Tower,0,21,14,10,45,0,1,90,4,95,0,22,104,14,140,78,54,132,272
09/28/2002,TUP,MS,ASO,CE,Federal Contract Tower,0,18,6,0,24,0,0,114,0,114,0,18,120,0,138,104,0,104,242
09/29/2002,TUP,MS,ASO,CE,Federal Contract Tower,0,15,6,0,21,0,0,84,0,84,0,15,90,0,105,90,0,90,195
09/30/2002,TUP,MS,ASO,CE,Federal Contract Tower,0,19,19,0,38,0,1,44,0,45,0,20,63,0,83,42,0,42,125
10/01/2002,TUP,MS,ASO,CE,Federal Contract Tower,0,18,19,0,37,0,1,69,0,70,0,19,88,0,107,106,0,106,213
10/02/2002,TUP,MS,ASO,CE,Federal Contract Tower,0,20,15,6,41,0,0,94,9,103,0,20,109,15,144,92,20,112,256
10/03/2002,TUP,MS,ASO,CE,Federal Contract Tower,0,18,21,11,50,0,0,84,2,86,0,18,105,13,136,48,10,58,194
10/04/2002,TUP,MS,ASO,CE,Federal Contract Tower,0,16,11,0,27,0,2,71,0,73,0,18,82,0,100,34,0,34,134
10/05/2002,TUP,MS,ASO,CE,Federal Contract Tower,0,15,17,0,32,0,0,108,0,108,0,15,125,0,140,72,0,72,212
10/06/2002,TUP,MS,ASO,CE,Federal Contract Tower,0,12,24,0,36,0,0,76,0,76,0,12,100,0,112,46,0,46,158
10/07/2002,TUP,MS,ASO,CE,Federal Contract Tower,0,17,24,27,68,0,2,42,0,44,0,19,66,27,112,18,26,44,156
10/08/2002,TUP,MS,ASO,CE,Federal Contract Tower,0,17,20,10,47,0,2,67,6,75,0,19,87,16,122,86,14,100,222
10/09/2002,TUP,MS,ASO,CE,Federal Contract Tower,0,17,37,4,58,0,0,6,5,11,0,17,43,9,69,4,4,8,77
10/10/2002,TUP,MS,ASO,CE,Federal Contract Tower,0,15,22,3,40,0,0,2,0,2,0,15,24,3,42,6,0,6,48
10/11/2002,TUP,MS,ASO,CE,Federal Contract Tower,0,19,20,11,50,0,0,42,0,42,0,19,62,11,92,16,8,24,116
10/12/2002,TUP,MS,ASO,CE,Federal Contract Tower,0,12,9,1,22,0,0,58,0,58,0,12,67,1,80,110,4,114,194
10/13/2002,TUP,MS,ASO,CE,Federal Contract Tower,0,13,10,5,28,0,0,53,0,53,0,13,63,5,81,64,4,68,149
10/14/2002,TUP,MS,ASO,CE,Federal Contract Tower,0,13,29,1,43,0,0,73,1,74,0,13,102,2,117,72,0,72,189
10/15/2002,TUP,MS,ASO,CE,Federal Contract Tower,0,18,36,3,57,0,1,28,0,29,0,19,64,3,86,14,0,14,100
10/16/2002,TUP,MS,ASO,CE,Federal Contract Tower,0,14,20,8,42,0,2,103,6,111,0,16,123,14,153,54,10,64,217
10/17/2002,TUP,MS,ASO,CE,Federal Contract Tower,0,17,21,3,41,0,1,105,5,111,0,18,126,8,152,138,6,144,296
10/18/2002,TUP,MS,ASO,CE,Federal Contract Tower,0,17,23,4,44,0,1,121,2,124,0,18,144,6,168,132,16,148,316
10/19/2002,TUP,MS,ASO,CE,Federal Contract Tower,0,13,17,0,30,0,0,100,20,120,0,13,117,20,150,88,0,88,238
10/20/2002,TUP,MS,ASO,CE,Federal Contract Tower,0,13,36,0,49,0,0,0,0,0,0,13,36,0,49,0,0,0,49
10/21/2002,TUP,MS,ASO,CE,Federal Contract Tower,0,18,35,5,58,0,0,14,0,14,0,18,49,5,72,10,0,10,82
10/22/2002,TUP,MS,ASO,CE,Federal Contract Tower,0,20,36,0,56,0,2,74,1,77,0,22,110,1,133,48,0,48,181
10/23/2002,TUP,MS,ASO,CE,Federal Contract Tower,0,19,41,10,70,0,0,59,8,67,0,19,100,18,137,50,44,94,231
10/24/2002,TUP,MS,ASO,CE,Federal Contract Tower,0,16,30,17,63,0,0,44,6,50,0,16,74,23,113,38,24,62,175
10/25/2002,TUP,MS,ASO,CE,Federal Contract Tower,2,21,20,14,57,0,0,17,0,17,2,21,37,14,74,20,8,28,102
10/26/2002,TUP,MS,ASO,CE,Federal Contract Tower,2,10,13,0,25,0,0,0,0,0,2,10,13,0,25,0,0,0,25
10/27/2002,TUP,MS,ASO,CE,Federal Contract Tower,0,12,28,0,40,0,0,44,0,44,0,12,72,0,84,48,0,48,132
10/28/2002,TUP,MS,ASO,CE,Federal Contract Tower,0,20,20,18,58,0,0,0,0,0,0,20,20,18,58,0,0,0,58
10/29/2002,TUP,MS,ASO,CE,Federal Contract Tower,0,20,20,10,50,0,0,15,0,15,0,20,35,10,65,32,10,42,107
10/30/2002,TUP,MS,ASO,CE,Federal Contract Tower,0,17,21,1,39,0,0,54,4,58,0,17,75,5,97,52,16,68,165
10/31/2002,TUP,MS,ASO,CE,Federal Contract Tower,0,18,24,8,50,0,0,103,2,105,0,18,127,10,155,94,20,114,269
11/01/2002,TUP,MS,ASO,CE,Federal Contract Tower,0,16,45,8,69,0,0,94,6,100,0,16,139,14,169,88,40,128,297
11/02/2002,TUP,MS,ASO,CE,Federal Contract Tower,0,9,8,2,19,0,0,99,1,100,0,9,107,3,119,72,2,74,193
11/03/2002,TUP,MS,ASO,CE,Federal Contract Tower,0,9,9,0,18,0,0,21,0,21,0,9,30,0,39,12,0,12,51
11/04/2002,TUP,MS,ASO,CE,Federal Contract Tower,0,16,28,22,66,0,0,7,0,7,0,16,35,22,73,0,0,0,73
11/05/2002,TUP,MS,ASO,CE,Federal Contract Tower,0,16,25,0,41,0,1,13,0,14,0,17,38,0,55,0,0,0,55
11/06/2002,TUP,MS,ASO,CE,Federal Contract Tower,0,15,23,7,45,0,0,77,8,85,0,15,100,15,130,96,22,118,248
11/07/2002,TUP,MS,ASO,CE,Federal Contract Tower,0,11,27,0,38,0,3,95,8,106,0,14,122,8,144,100,0,100,244
11/08/2002,TUP,MS,ASO,CE,Federal Contract Tower,2,13,33,0,48,0,2,116,8,126,2,15,149,8,174,90,4,94,268
11/09/2002,TUP,MS,ASO,CE,Federal Contract Tower,0,10,8,2,20,0,0,80,2,82,0,10,88,4,102,56,8,64,166
11/10/2002,TUP,MS,ASO,CE,Federal Contract Tower,0,5,22,0,27,0,0,67,0,67,0,5,89,0,94,76,0,76,170
11/11/2002,TUP,MS,ASO,CE,Federal Contract Tower,0,9,23,0,32,0,0,59,2,61,0,9,82,2,93,72,0,72,165
11/12/2002,TUP,MS,ASO,CE,Federal Contract Tower,0,12,15,1,28,0,3,66,35,104,0,15,81,36,132,24,0,24,156
11/13/2002,TUP,MS,ASO,CE,Federal Contract Tower,0,12,15,0,27,0,0,87,6,93,0,12,102,6,120,72,0,72,192
11/14/2002,TUP,MS,ASO,CE,Federal Contract Tower,0,11,12,17,40,0,3,107,7,117,0,14,119,24,157,90,40,130,287
11/15/2002,TUP,MS,ASO,CE,Federal Contract Tower,0,15,12,5,32,0,0,6,4,10,0,15,18,9,42,0,0,0,42
11/16/2002,TUP,MS,ASO,CE,Federal Contract Tower,0,8,9,0,17,0,0,91,7,98,0,8,100,7,115,84,0,84,199
11/17/2002,TUP,MS,ASO,CE,Federal Contract Tower,0,9,11,2,22,0,0,78,1,79,0,9,89,3,101,84,0,84,185
11/18/2002,TUP,MS,ASO,CE,Federal Contract Tower,0,16,15,6,37,0,2,76,0,78,0,18,91,6,115,72,20,92,207
11/19/2002,TUP,MS,ASO,CE,Federal Contract Tower,0,6,26,4,36,0,2,23,11,36,0,8,49,15,72,2,2,4,76
11/20/2002,TUP,MS,ASO,CE,Federal Contract Tower,0,13,20,8,41,0,1,57,6,64,0,14,77,14,105,50,24,74,179
11/21/2002,TUP,MS,ASO,CE,Federal Contract Tower,0,12,11,2,25,0,1,80,1,82,0,13,91,3,107,114,8,122,229
11/22/2002,TUP,MS,ASO,CE,Federal Contract Tower,2,16,16,6,40,0,3,89,11,103,2,19,105,17,143,96,10,106,249
11/23/2002,TUP,MS,ASO,CE,Federal Contract Tower,0,12,10,2,24,0,0,106,18,124,0,12,116,20,148,90,14,104,252
11/24/2002,TUP,MS,ASO,CE,Federal Contract Tower,0,16,14,6,36,0,0,91,11,102,0,16,105,17,138,108,14,122,260
11/25/2002,TUP,MS,ASO,CE,Federal Contract Tower,0,18,14,8,40,0,3,66,0,69,0,21,80,8,109,54,8,62,171
11/26/2002,TUP,MS,ASO,CE,Federal Contract Tower,0,16,46,11,73,0,0,3,0,3,0,16,49,11,76,0,0,0,76
11/27/2002,TUP,MS,ASO,CE,Federal Contract Tower,0,14,18,6,38,0,3,81,16,100,0,17,99,22,138,108,16,124,262
11/28/2002,TUP,MS,ASO,CE,Federal Contract Tower,0,13,4,0,17,0,0,62,0,62,0,13,66,0,79,46,0,46,125
11/29/2002,TUP,MS,ASO,CE,Federal Contract Tower,0,14,20,0,34,0,2,120,0,122,0,16,140,0,156,102,0,102,258
11/30/2002,TUP,MS,ASO,CE,Federal Contract Tower,0,14,4,0,18,0,0,119,0,119,0,14,123,0,137,64,0,64,201
12/01/2002,TUP,MS,ASO,CE,Federal Contract Tower,0,16,17,0,33,0,0,71,0,71,0,16,88,0,104,78,0,78,182
12/02/2002,TUP,MS,ASO,CE,Federal Contract Tower,0,22,28,16,66,0,0,56,16,72,0,22,84,32,138,50,12,62,200
12/03/2002,TUP,MS,ASO,CE,Federal Contract Tower,0,17,18,16,51,0,0,57,31,88,0,17,75,47,139,36,40,76,215
12/04/2002,TUP,MS,ASO,CE,Federal Contract Tower,0,15,18,0,33,0,0,1,0,1,0,15,19,0,34,0,0,0,34
12/05/2002,TUP,MS,ASO,CE,Federal Contract Tower,0,20,28,1,49,0,0,20,1,21,0,20,48,2,70,10,0,10,80
12/06/2002,TUP,MS,ASO,CE,Federal Contract Tower,0,20,20,6,46,0,3,113,27,143,0,23,133,33,189,72,24,96,285
12/07/2002,TUP,MS,ASO,CE,Federal Contract Tower,0,12,10,0,22,0,0,101,16,117,0,12,111,16,139,54,4,58,197
12/08/2002,TUP,MS,ASO,CE,Federal Contract Tower,0,13,12,5,30,0,0,66,28,94,0,13,78,33,124,54,26,80,204
12/09/2002,TUP,MS,ASO,CE,Federal Contract Tower,0,19,22,18,59,0,2,57,6,65,0,21,79,24,124,64,12,76,200
12/10/2002,TUP,MS,ASO,CE,Federal Contract Tower,0,17,18,1,36,0,0,0,0,0,0,17,18,1,36,0,0,0,36
12/11/2002,TUP,MS,ASO,CE,Federal Contract Tower,0,16,30,10,56,0,0,42,0,42,0,16,72,10,98,30,2,32,130
12/12/2002,TUP,MS,ASO,CE,Federal Contract Tower,0,16,34,11,61,0,0,34,8,42,0,16,68,19,103,34,26,60,163
12/13/2002,TUP,MS,ASO,CE,Federal Contract Tower,0,17,19,1,37,0,1,0,0,1,0,18,19,1,38,0,0,0,38
12/14/2002,TUP,MS,ASO,CE,Federal Contract Tower,0,13,7,0,20,0,0,106,0,106,0,13,113,0,126,74,0,74,200
12/15/2002,TUP,MS,ASO,CE,Federal Contract Tower,0,13,19,0,32,0,0,72,1,73,0,13,91,1,105,56,0,56,161
12/16/2002,TUP,MS,ASO,CE,Federal Contract Tower,0,18,22,8,48,0,0,67,8,75,0,18,89,16,123,58,24,82,205
12/17/2002,TUP,MS,ASO,CE,Federal Contract Tower,0,12,28,8,48,0,1,64,12,77,0,13,92,20,125,52,16,68,193
12/18/2002,TUP,MS,ASO,CE,Federal Contract Tower,0,15,32,7,54,0,0,59,9,68,0,15,91,16,122,56,18,74,196
12/19/2002,TUP,MS,ASO,CE,Federal Contract Tower,0,16,19,0,35,0,0,18,0,18,0,16,37,0,53,14,0,14,67
12/20/2002,TUP,MS,ASO,CE,Federal Contract Tower,0,15,17,8,40,0,1,88,4,93,0,16,105,12,133,90,20,110,243
12/21/2002,TUP,MS,ASO,CE,Federal Contract Tower,0,12,6,0,18,0,0,117,0,117,0,12,123,0,135,88,0,88,223
12/22/2002,TUP,MS,ASO,CE,Federal Contract Tower,0,12,6,0,18,0,0,73,0,73,0,12,79,0,91,78,0,78,169
12/23/2002,TUP,MS,ASO,CE,Federal Contract Tower,0,15,14,0,29,0,0,56,0,56,0,15,70,0,85,42,0,42,127
12/24/2002,TUP,MS,ASO,CE,Federal Contract Tower,0,12,8,0,20,0,0,1,0,1,0,12,9,0,21,0,0,0,21
12/25/2002,TUP,MS,ASO,CE,Federal Contract Tower,0,12,2,0,14,0,0,35,0,35,0,12,37,0,49,8,0,8,57
12/26/2002,TUP,MS,ASO,CE,Federal Contract Tower,0,18,8,0,26,0,0,71,10,81,0,18,79,10,107,48,16,64,171
12/27/2002,TUP,MS,ASO,CE,Federal Contract Tower,0,19,14,4,37,0,0,83,0,83,0,19,97,4,120,50,4,54,174
12/28/2002,TUP,MS,ASO,CE,Federal Contract Tower,0,8,9,0,17,0,2,91,0,93,0,10,100,0,110,54,0,54,164
12/29/2002,TUP,MS,ASO,CE,Federal Contract Tower,0,12,20,0,32,0,0,60,0,60,0,12,80,0,92,66,0,66,158
12/30/2002,TUP,MS,ASO,CE,Federal Contract Tower,0,16,17,4,37,0,1,51,5,57,0,17,68,9,94,42,6,48,142
12/31/2002,TUP,MS,ASO,CE,Federal Contract Tower,0,14,9,0,23,0,0,8,0,8,0,14,17,0,31,12,0,12,43
01/01/2003,TUP,MS,ASO,CE,Federal Contract Tower,0,9,5,0,14,0,1,0,0,1,0,10,5,0,15,0,0,0,15
01/02/2003,TUP,MS,ASO,CE,Federal Contract Tower,0,13,17,0,30,0,1,1,0,2,0,14,18,0,32,0,0,0,32
01/03/2003,TUP,MS,ASO,CE,Federal Contract Tower,0,17,19,6,42,0,2,65,26,93,0,19,84,32,135,38,42,80,215
01/04/2003,TUP,MS,ASO,CE,Federal Contract Tower,0,9,14,0,23,0,0,95,0,95,0,9,109,0,118,56,0,56,174
01/05/2003,TUP,MS,ASO,CE,Federal Contract Tower,0,9,15,0,24,0,0,76,0,76,0,9,91,0,100,58,0,58,158
01/06/2003,TUP,MS,ASO,CE,Federal Contract Tower,0,22,13,7,42,0,0,77,38,115,0,22,90,45,157,72,52,124,281
01/07/2003,TUP,MS,ASO,CE,Federal Contract Tower,0,16,15,8,39,0,2,45,37,84,0,18,60,45,123,14,70,84,207
01/08/2003,TUP,MS,ASO,CE,Federal Contract Tower,2,14,22,11,49,0,2,72,23,97,2,16,94,34,146,68,50,118,264
01/09/2003,TUP,MS,ASO,CE,Federal Contract Tower,1,14,13,11,39,0,1,57,21,79,1,15,70,32,118,46,4,50,168
01/10/2003,TUP,MS,ASO,CE,Federal Contract Tower,0,16,13,7,36,0,2,63,53,118,0,18,76,60,154,62,50,112,266
01/11/2003,TUP,MS,ASO,CE,Federal Contract Tower,0,11,13,12,36,0,0,91,38,129,0,11,104,50,165,88,64,152,317
01/12/2003,TUP,MS,ASO,CE,Federal Contract Tower,0,12,7,6,25,0,0,67,28,95,0,12,74,34,120,48,10,58,178
01/13/2003,TUP,MS,ASO,CE,Federal Contract Tower,0,16,22,16,54,0,2,57,24,83,0,18,79,40,137,68,12,80,217
01/14/2003,TUP,MS,ASO,CE,Federal Contract Tower,0,16,21,3,40,0,1,26,9,36,0,17,47,12,76,14,0,14,90
01/15/2003,TUP,MS,ASO,CE,Federal Contract Tower,0,19,22,12,53,0,1,57,19,77,0,20,79,31,130,40,18,58,188
01/16/2003,TUP,MS,ASO,CE,Federal Contract Tower,0,15,13,0,28,0,1,4,0,5,0,16,17,0,33,2,0,2,35
01/17/2003,TUP,MS,ASO,CE,Federal Contract Tower,0,18,19,6,43,0,2,84,2,88,0,20,103,8,131,58,12,70,201
01/18/2003,TUP,MS,ASO,CE,Federal Contract Tower,0,11,5,0,16,0,0,92,0,92,0,11,97,0,108,80,0,80,188
01/19/2003,TUP,MS,ASO,CE,Federal Contract Tower,0,13,11,1,25,0,0,69,2,71,0,13,80,3,96,58,6,64,160
01/20/2003,TUP,MS,ASO,CE,Federal Contract Tower,0,12,13,0,25,0,0,57,0,57,0,12,70,0,82,46,0,46,128
01/21/2003,TUP,MS,ASO,CE,Federal Contract Tower,0,17,30,1,48,0,1,35,0,36,0,18,65,1,84,26,0,26,110
01/22/2003,TUP,MS,ASO,CE,Federal Contract Tower,0,14,26,18,58,0,6,80,23,109,0,20,106,41,167,60,20,80,247
01/23/2003,TUP,MS,ASO,CE,Federal Contract Tower,0,18,17,12,47,0,2,65,15,82,0,20,82,27,129,26,20,46,175
01/24/2003,TUP,MS,ASO,CE,Federal Contract Tower,0,17,21,6,44,0,1,81,4,86,0,18,102,10,130,42,10,52,182
01/25/2003,TUP,MS,ASO,CE,Federal Contract Tower,0,10,7,0,17,0,0,91,3,94,0,10,98,3,111,58,2,60,171
01/26/2003,TUP,MS,ASO,CE,Federal Contract Tower,0,13,8,0,21,0,0,62,0,62,0,13,70,0,83,50,0,50,133
01/27/2003,TUP,MS,ASO,CE,Federal Contract Tower,0,14,18,11,43,0,0,71,2,73,0,14,89,13,116,78,14,92,208
01/28/2003,TUP,MS,ASO,CE,Federal Contract Tower,0,17,22,9,48,0,0,58,5,63,0,17,80,14,111,56,8,64,175
01/29/2003,TUP,MS,ASO,CE,Federal Contract Tower,0,17,13,4,34,0,0,0,0,0,0,17,13,4,34,0,0,0,34
01/30/2003,TUP,MS,ASO,CE,Federal Contract Tower,0,16,25,2,43,0,3,46,3,52,0,19,71,5,95,54,0,54,149
01/31/2003,TUP,MS,ASO,CE,Federal Contract Tower,0,17,18,0,35,0,0,0,0,0,0,17,18,0,35,0,2,2,37
02/01/2003,TUP,MS,ASO,CE,Federal Contract Tower,0,11,10,3,24,0,0,62,1,63,0,11,72,4,87,62,0,62,149
02/02/2003,TUP,MS,ASO,CE,Federal Contract Tower,0,15,12,0,27,0,0,75,0,75,0,15,87,0,102,76,0,76,178
02/03/2003,TUP,MS,ASO,CE,Federal Contract Tower,0,21,9,10,40,0,0,3,2,5,0,21,12,12,45,2,8,10,55
02/04/2003,TUP,MS,ASO,CE,Federal Contract Tower,0,14,21,7,42,0,4,62,7,73,0,18,83,14,115,50,18,68,183
02/05/2003,TUP,MS,ASO,CE,Federal Contract Tower,0,17,24,20,61,0,1,62,8,71,0,18,86,28,132,60,18,78,210
02/06/2003,TUP,MS,ASO,CE,Federal Contract Tower,0,14,23,0,37,0,0,0,0,0,0,14,23,0,37,0,0,0,37
02/07/2003,TUP,MS,ASO,CE,Federal Contract Tower,0,6,8,1,15,1,12,82,4,99,1,18,90,5,114,64,2,66,180
02/08/2003,TUP,MS,ASO,CE,Federal Contract Tower,0,9,24,0,33,1,0,84,0,85,1,9,108,0,118,84,0,84,202
02/09/2003,TUP,MS,ASO,CE,Federal Contract Tower,0,15,8,0,23,0,0,55,0,55,0,15,63,0,78,48,0,48,126
02/10/2003,TUP,MS,ASO,CE,Federal Contract Tower,0,18,7,22,47,0,0,56,4,60,0,18,63,26,107,49,34,83,190
02/11/2003,TUP,MS,ASO,CE,Federal Contract Tower,0,17,14,14,45,0,2,89,20,111,0,19,103,34,156,98,38,136,292
02/12/2003,TUP,MS,ASO,CE,Federal Contract Tower,0,16,7,11,34,0,0,82,19,101,0,16,89,30,135,56,42,98,233
02/13/2003,TUP,MS,ASO,CE,Federal Contract Tower,0,10,20,13,43,0,1,71,8,80,0,11,91,21,123,80,11,91,214
02/14/2003,TUP,MS,ASO,CE,Federal Contract Tower,0,12,20,13,45,0,0,11,1,12,0,12,31,14,57,6,6,12,69
02/15/2003,TUP,MS,ASO,CE,Federal Contract Tower,1,11,3,0,15,0,0,7,0,7,1,11,10,0,22,6,0,6,28
02/16/2003,TUP,MS,ASO,CE,Federal Contract Tower,0,10,15,0,25,1,1,3,0,5,1,11,18,0,30,0,0,0,30
02/17/2003,TUP,MS,ASO,CE,Federal Contract Tower,0,12,25,0,37,0,0,31,4,35,0,12,56,4,72,54,32,86,158
02/18/2003,TUP,MS,ASO,CE,Federal Contract Tower,0,13,30,18,61,0,1,69,7,77,0,14,99,25,138,56,6,62,200
02/19/2003,TUP,MS,ASO,CE,Federal Contract Tower,0,12,46,21,79,0,0,43,8,51,0,12,89,29,130,56,30,86,216
02/20/2003,TUP,MS,ASO,CE,Federal Contract Tower,0,15,61,2,78,0,1,19,0,20,0,16,80,2,98,12,0,12,110
02/21/2003,TUP,MS,ASO,CE,Federal Contract Tower,0,12,15,4,31,0,1,24,0,25,0,13,39,4,56,20,0,20,76
02/22/2003,TUP,MS,ASO,CE,Federal Contract Tower,0,9,18,0,27,0,0,0,0,0,0,9,18,0,27,0,0,0,27
02/23/2003,TUP,MS,ASO,CE,Federal Contract Tower,0,10,21,2,33,0,0,72,2,74,0,10,93,4,107,92,0,92,199
02/24/2003,TUP,MS,ASO,CE,Federal Contract Tower,0,13,23,16,52,0,0,60,11,71,0,13,83,27,123,68,14,82,205
02/25/2003,TUP,MS,ASO,CE,Federal Contract Tower,2,12,8,9,31,0,0,0,0,0,2,12,8,9,31,0,0,0,31
02/26/2003,TUP,MS,ASO,CE,Federal Contract Tower,0,10,12,0,22,0,0,0,0,0,0,10,12,0,22,0,0,0,22
02/27/2003,TUP,MS,ASO,CE,Federal Contract Tower,0,13,18,0,31,0,0,0,0,0,0,13,18,0,31,0,0,0,31
02/28/2003,TUP,MS,ASO,CE,Federal Contract Tower,0,12,35,21,68,0,2,32,0,34,0,14,67,21,102,34,32,66,168
03/01/2003,TUP,MS,ASO,CE,Federal Contract Tower,0,12,21,0,33,0,0,75,0,75,0,12,96,0,108,62,0,62,170
03/02/2003,TUP,MS,ASO,CE,Federal Contract Tower,0,9,24,0,33,0,0,49,0,49,0,9,73,0,82,92,0,92,174
03/03/2003,TUP,MS,ASO,CE,Federal Contract Tower,0,15,20,12,47,0,0,63,0,63,0,15,83,12,110,92,6,98,208
03/04/2003,TUP,MS,ASO,CE,Federal Contract Tower,0,10,23,30,63,0,0,58,6,64,0,10,81,36,127,50,26,76,203
03/05/2003,TUP,MS,ASO,CE,Federal Contract Tower,0,15,34,9,58,0,0,28,11,39,0,15,62,20,97,24,18,42,139
03/06/2003,TUP,MS,ASO,CE,Federal Contract Tower,0,12,39,16,67,0,1,36,0,37,0,13,75,16,104,26,8,34,138
03/07/2003,TUP,MS,ASO,CE,Federal Contract Tower,0,12,25,5,42,0,1,76,7,84,0,13,101,12,126,96,14,110,236
03/08/2003,TUP,MS,ASO,CE,Federal Contract Tower,2,10,12,0,24,0,0,100,0,100,2,10,112,0,124,88,0,88,212
03/09/2003,TUP,MS,ASO,CE,Federal Contract Tower,0,9,13,8,30,0,0,70,3,73,0,9,83,11,103,76,22,98,201
03/10/2003,TUP,MS,ASO,CE,Federal Contract Tower,0,16,15,8,39,0,1,67,16,84,0,17,82,24,123,78,18,96,219
03/11/2003,TUP,MS,ASO,CE,Federal Contract Tower,0,11,20,6,37,1,6,71,0,78,1,17,91,6,115,88,4,92,207
03/12/2003,TUP,MS,ASO,CE,Federal Contract Tower,0,14,24,9,47,1,0,64,15,80,1,14,88,24,127,38,8,46,173
03/13/2003,TUP,MS,ASO,CE,Federal Contract Tower,0,16,22,12,50,0,2,52,1,55,0,18,74,13,105,68,18,86,191
03/14/2003,TUP,MS,ASO,CE,Federal Contract Tower,0,15,26,9,50,0,1,53,0,54,0,16,79,9,104,28,4,32,136
03/15/2003,TUP,MS,ASO,CE,Federal Contract Tower,2,10,14,1,27,0,0,79,1,80,2,10,93,2,107,82,0,82,189
03/16/2003,TUP,MS,ASO,CE,Federal Contract Tower,0,9,27,7,43,0,0,37,0,37,0,9,64,7,80,48,0,48,128
03/17/2003,TUP,MS,ASO,CE,Federal Contract Tower,0,15,20,16,51,0,0,0,0,0,0,15,20,16,51,0,0,0,51
03/18/2003,TUP,MS,ASO,CE,Federal Contract Tower,0,13,20,16,49,0,1,30,0,31,0,14,50,16,80,36,4,40,120
03/19/2003,TUP,MS,ASO,CE,Federal Contract Tower,0,14,24,9,47,0,1,79,1,81,0,15,103,10,128,76,8,84,212
03/20/2003,TUP,MS,ASO,CE,Federal Contract Tower,0,12,22,7,41,0,1,90,8,99,0,13,112,15,140,86,16,102,242
03/21/2003,TUP,MS,ASO,CE,Federal Contract Tower,0,13,35,6,54,0,0,59,5,64,0,13,94,11,118,48,4,52,170
03/22/2003,TUP,MS,ASO,CE,Federal Contract Tower,0,10,15,0,25,0,0,87,8,95,0,10,102,8,120,98,4,102,222
03/23/2003,TUP,MS,ASO,CE,Federal Contract Tower,0,11,13,0,24,0,0,90,3,93,0,11,103,3,117,82,0,82,199
03/24/2003,TUP,MS,ASO,CE,Federal Contract Tower,0,14,13,12,39,0,0,88,6,94,0,14,101,18,133,116,18,134,267
03/25/2003,TUP,MS,ASO,CE,Federal Contract Tower,0,12,10,9,31,0,1,59,0,60,0,13,69,9,91,62,16,78,169
03/26/2003,TUP,MS,ASO,CE,Federal Contract Tower,0,18,35,20,73,0,1,30,0,31,0,19,65,20,104,16,6,22,126
03/27/2003,TUP,MS,ASO,CE,Federal Contract Tower,0,14,40,7,61,0,1,93,6,100,0,15,133,13,161,104,38,142,303
03/28/2003,TUP,MS,ASO,CE,Federal Contract Tower,0,12,16,18,46,0,1,56,24,81,0,13,72,42,127,32,28,60,187
03/29/2003,TUP,MS,ASO,CE,Federal Contract Tower,0,10,13,0,23,0,0,63,2,65,0,10,76,2,88,64,0,64,152
03/30/2003,TUP,MS,ASO,CE,Federal Contract Tower,0,9,24,26,59,0,0,70,2,72,0,9,94,28,131,64,38,102,233
03/31/2003,TUP,MS,ASO,CE,Federal Contract Tower,0,14,16,6,36,0,1,75,2,78,0,15,91,8,114,94,18,112,226
04/01/2003,TUP,MS,ASO,CE,Federal Contract Tower,0,11,17,19,47,0,3,64,4,71,0,14,81,23,118,66,32,98,216
04/02/2003,TUP,MS,ASO,CE,Federal Contract Tower,0,15,9,20,44,0,2,96,1,99,0,17,105,21,143,62,8,70,213
04/03/2003,TUP,MS,ASO,CE,Federal Contract Tower,0,13,24,4,41,0,1,76,7,84,0,14,100,11,125,60,12,72,197
04/04/2003,TUP,MS,ASO,CE,Federal Contract Tower,0,15,24,23,62,0,1,60,5,66,0,16,84,28,128,44,38,82,210
04/05/2003,TUP,MS,ASO,CE,Federal Contract Tower,0,10,10,16,36,0,0,74,2,76,0,10,84,18,112,68,18,86,198
04/06/2003,TUP,MS,ASO,CE,Federal Contract Tower,0,8,13,0,21,0,0,33,4,37,0,8,46,4,58,20,0,20,78
04/07/2003,TUP,MS,ASO,CE,Federal Contract Tower,0,11,22,23,56,0,4,35,6,45,0,15,57,29,101,30,46,76,177
04/08/2003,TUP,MS,ASO,CE,Federal Contract Tower,0,12,15,25,52,0,1,50,3,54,0,13,65,28,106,16,8,24,130
04/09/2003,TUP,MS,ASO,CE,Federal Contract Tower,0,14,23,19,56,0,1,52,6,59,0,15,75,25,115,56,8,64,179
04/10/2003,TUP,MS,ASO,CE,Federal Contract Tower,0,12,27,18,57,0,2,62,31,95,0,14,89,49,152,76,52,128,280
04/11/2003,TUP,MS,ASO,CE,Federal Contract Tower,0,13,23,6,42,0,1,92,5,98,0,14,115,11,140,76,10,86,226
04/12/2003,TUP,MS,ASO,CE,Federal Contract Tower,0,15,15,10,40,0,0,110,0,110,0,15,125,10,150,88,0,88,238
04/13/2003,TUP,MS,ASO,CE,Federal Contract Tower,0,9,16,8,33,0,0,74,0,74,0,9,90,8,107,90,0,90,197
04/14/2003,TUP,MS,ASO,CE,Federal Contract Tower,0,16,21,16,53,0,0,82,0,82,0,16,103,16,135,106,12,118,253
04/15/2003,TUP,MS,ASO,CE,Federal Contract Tower,0,12,11,12,35,0,2,88,13,103,0,14,99,25,138,50,26,76,214
04/16/2003,TUP,MS,ASO,CE,Federal Contract Tower,0,12,17,12,41,0,1,87,17,105,0,13,104,29,146,80,14,94,240
04/17/2003,TUP,MS,ASO,CE,Federal Contract Tower,0,13,26,14,53,0,3,75,4,82,0,16,101,18,135,56,18,74,209
04/18/2003,TUP,MS,ASO,CE,Federal Contract Tower,0,12,17,16,45,0,1,90,2,93,0,13,107,18,138,94,6,100,238
04/19/2003,TUP,MS,ASO,CE,Federal Contract Tower,0,14,12,0,26,0,0,88,0,88,0,14,100,0,114,84,0,84,198
04/20/2003,TUP,MS,ASO,CE,Federal Contract Tower,0,14,15,0,29,0,0,52,0,52,0,14,67,0,81,68,0,68,149
04/21/2003,TUP,MS,ASO,CE,Federal Contract Tower,0,15,22,0,37,0,1,75,4,80,0,16,97,4,117,88,4,92,209
04/22/2003,TUP,MS,ASO,CE,Federal Contract Tower,0,14,19,13,46,0,2,74,14,90,0,16,93,27,136,62,38,100,236
04/23/2003,TUP,MS,ASO,CE,Federal Contract Tower,0,11,32,26,69,0,3,97,1,101,0,14,129,27,170,98,22,120,290
04/24/2003,TUP,MS,ASO,CE,Federal Contract Tower,0,11,13,0,24,0,0,40,0,40,0,11,53,0,64,28,0,28,92
04/25/2003,TUP,MS,ASO,CE,Federal Contract Tower,0,13,18,13,44,0,3,66,4,73,0,16,84,17,117,48,16,64,181
04/26/2003,TUP,MS,ASO,CE,Federal Contract Tower,0,14,10,4,28,0,0,120,0,120,0,14,130,4,148,100,0,100,248
04/27/2003,TUP,MS,ASO,CE,Federal Contract Tower,0,8,17,4,29,0,0,65,0,65,0,8,82,4,94,92,16,108,202
04/28/2003,TUP,MS,ASO,CE,Federal Contract Tower,0,17,9,12,38,0,0,83,5,88,0,17,92,17,126,82,18,100,226
04/29/2003,TUP,MS,ASO,CE,Federal Contract Tower,0,15,25,14,54,0,2,72,7,81,0,17,97,21,135,54,16,70,205
04/30/2003,TUP,MS,ASO,CE,Federal Contract Tower,0,13,21,11,45,0,1,81,7,89,0,14,102,18,134,78,12,90,224
05/01/2003,TUP,MS,ASO,CE,Federal Contract Tower,0,13,16,0,29,0,2,55,22,79,0,15,71,22,108,52,16,68,176
05/02/2003,TUP,MS,ASO,CE,Federal Contract Tower,0,15,17,12,44,0,3,82,3,88,0,18,99,15,132,118,10,128,260
05/03/2003,TUP,MS,ASO,CE,Federal Contract Tower,0,10,21,0,31,0,0,67,0,67,0,10,88,0,98,62,0,62,160
05/04/2003,TUP,MS,ASO,CE,Federal Contract Tower,0,8,12,0,20,0,0,49,0,49,0,8,61,0,69,64,0,64,133
05/05/2003,TUP,MS,ASO,CE,Federal Contract Tower,0,13,14,0,27,0,0,36,0,36,0,13,50,0,63,40,0,40,103
05/06/2003,TUP,MS,ASO,CE,Federal Contract Tower,0,11,26,7,44,0,1,30,2,33,0,12,56,9,77,28,8,36,113
05/07/2003,TUP,MS,ASO,CE,Federal Contract Tower,0,11,3,30,44,0,1,24,4,29,0,12,27,34,73,8,50,58,131
05/08/2003,TUP,MS,ASO,CE,Federal Contract Tower,0,11,30,20,61,0,1,58,3,62,0,12,88,23,123,50,20,70,193
05/09/2003,TUP,MS,ASO,CE,Federal Contract Tower,0,14,36,16,66,0,1,90,3,94,0,15,126,19,160,86,14,100,260
05/10/2003,TUP,MS,ASO,CE,Federal Contract Tower,0,9,19,0,28,0,0,65,0,65,0,9,84,0,93,76,0,76,169
05/11/2003,TUP,MS,ASO,CE,Federal Contract Tower,0,9,15,0,24,0,0,68,4,72,0,9,83,4,96,73,6,79,175
05/12/2003,TUP,MS,ASO,CE,Federal Contract Tower,0,14,20,11,45,0,1,66,10,77,0,15,86,21,122,94,18,112,234
05/13/2003,TUP,MS,ASO,CE,Federal Contract Tower,0,12,21,16,49,0,2,73,1,76,0,14,94,17,125,122,8,130,255
05/14/2003,TUP,MS,ASO,CE,Federal Contract Tower,0,13,13,0,26,0,0,20,0,20,0,13,33,0,46,0,0,0,46
05/15/2003,TUP,MS,ASO,CE,Federal Contract Tower,0,13,17,15,45,0,0,59,3,62,0,13,76,18,107,90,16,106,213
05/16/2003,TUP,MS,ASO,CE,Federal Contract Tower,0,17,21,6,44,0,0,58,4,62,0,17,79,10,106,78,16,94,200
05/17/2003,TUP,MS,ASO,CE,Federal Contract Tower,0,8,9,0,17,0,0,33,0,33,0,8,42,0,50,52,0,52,102
05/18/2003,TUP,MS,ASO,CE,Federal Contract Tower,0,9,23,10,42,0,0,54,1,55,0,9,77,11,97,80,12,92,189
05/19/2003,TUP,MS,ASO,CE,Federal Contract Tower,0,14,31,26,71,0,1,32,0,33,0,15,63,26,104,34,0,34,138
05/20/2003,TUP,MS,ASO,CE,Federal Contract Tower,0,12,17,27,56,0,1,25,0,26,0,13,42,27,82,12,8,20,102
05/21/2003,TUP,MS,ASO,CE,Federal Contract Tower,0,11,26,8,45,0,2,17,0,19,0,13,43,8,64,10,0,10,74
05/22/2003,TUP,MS,ASO,CE,Federal Contract Tower,0,11,21,19,51,0,1,57,11,69,0,12,78,30,120,40,16,56,176
05/23/2003,TUP,MS,ASO,CE,Federal Contract Tower,0,12,24,0,36,0,1,63,2,66,0,13,87,2,102,94,0,94,196
05/24/2003,TUP,MS,ASO,CE,Federal Contract Tower,0,9,9,0,18,0,0,100,0,100,0,9,109,0,118,88,0,88,206
05/25/2003,TUP,MS,ASO,CE,Federal Contract Tower,0,11,9,0,20,0,0,55,4,59,0,11,64,4,79,54,4,58,137
05/26/2003,TUP,MS,ASO,CE,Federal Contract Tower,0,9,11,0,20,0,0,97,7,104,0,9,108,7,124,68,0,68,192
05/27/2003,TUP,MS,ASO,CE,Federal Contract Tower,0,16,11,5,32,0,1,65,12,78,0,17,76,17,110,68,12,80,190
05/28/2003,TUP,MS,ASO,CE,Federal Contract Tower,0,12,23,3,38,0,2,86,15,103,0,14,109,18,141,84,18,102,243
05/29/2003,TUP,MS,ASO,CE,Federal Contract Tower,0,13,19,16,48,0,1,77,5,83,0,14,96,21,131,74,24,98,229
05/30/2003,TUP,MS,ASO,CE,Federal Contract Tower,0,12,22,6,40,0,1,76,12,89,0,13,98,18,129,88,32,120,249
05/31/2003,TUP,MS,ASO,CE,Federal Contract Tower,0,10,17,0,27,0,0,82,0,82,0,10,99,0,109,94,0,94,203
06/01/2003,TUP,MS,ASO,CE,Federal Contract Tower,0,9,14,0,23,0,0,87,0,87,0,9,101,0,110,86,0,86,196
06/02/2003,TUP,MS,ASO,CE,Federal Contract Tower,0,17,20,0,37,0,2,61,0,63,0,19,81,0,100,58,0,58,158
06/03/2003,TUP,MS,ASO,CE,Federal Contract Tower,0,12,22,28,62,0,2,53,2,57,0,14,75,30,119,66,22,88,207
06/04/2003,TUP,MS,ASO,CE,Federal Contract Tower,0,12,23,21,56,0,1,75,6,82,0,13,98,27,138,94,38,132,270
06/05/2003,TUP,MS,ASO,CE,Federal Contract Tower,0,11,27,12,50,0,1,71,3,75,0,12,98,15,125,94,10,104,229
06/06/2003,TUP,MS,ASO,CE,Federal Contract Tower,0,13,7,3,23,0,0,42,2,44,0,13,49,5,67,6,6,12,79
06/07/2003,TUP,MS,ASO,CE,Federal Contract Tower,0,9,12,4,25,0,0,85,5,90,0,9,97,9,115,70,4,74,189
06/08/2003,TUP,MS,ASO,CE,Federal Contract Tower,0,7,14,2,23,0,0,77,0,77,0,7,91,2,100,48,0,48,148
06/09/2003,TUP,MS,ASO,CE,Federal Contract Tower,0,13,17,14,44,0,0,80,0,80,0,13,97,14,124,58,16,74,198
06/10/2003,TUP,MS,ASO,CE,Federal Contract Tower,0,8,14,12,34,0,1,86,9,96,0,9,100,21,130,80,18,98,228
06/11/2003,TUP,MS,ASO,CE,Federal Contract Tower,0,8,3,7,18,0,1,47,9,57,0,9,50,16,75,26,4,30,105
06/12/2003,TUP,MS,ASO,CE,Federal Contract Tower,0,12,31,16,59,0,4,53,6,63,0,16,84,22,122,66,16,82,204
06/13/2003,TUP,MS,ASO,CE,Federal Contract Tower,0,11,14,1,26,0,0,79,20,99,0,11,93,21,125,76,24,100,225
06/14/2003,TUP,MS,ASO,CE,Federal Contract Tower,0,12,15,14,41,0,0,64,2,66,0,12,79,16,107,74,42,116,223
06/15/2003,TUP,MS,ASO,CE,Federal Contract Tower,0,7,7,11,25,0,0,54,1,55,0,7,61,12,80,72,0,72,152
06/16/2003,TUP,MS,ASO,CE,Federal Contract Tower,0,12,29,30,71,0,1,77,0,78,0,13,106,30,149,86,12,98,247
06/17/2003,TUP,MS,ASO,CE,Federal Contract Tower,0,11,19,36,66,0,2,56,0,58,0,13,75,36,124,30,12,42,166
06/18/2003,TUP,MS,ASO,CE,Federal Contract Tower,0,9,19,19,47,0,1,66,6,73,0,10,85,25,120,28,10,38,158
06/19/2003,TUP,MS,ASO,CE,Federal Contract Tower,0,9,13,22,44,0,1,69,3,73,0,10,82,25,117,62,16,78,195
06/20/2003,TUP,MS,ASO,CE,Federal Contract Tower,0,13,11,17,41,0,1,89,5,95,0,14,100,22,136,72,22,94,230
06/21/2003,TUP,MS,ASO,CE,Federal Contract Tower,0,7,5,0,12,0,0,96,0,96,0,7,101,0,108,86,0,86,194
06/22/2003,TUP,MS,ASO,CE,Federal Contract Tower,0,7,12,0,19,0,0,86,2,88,0,7,98,2,107,52,8,60,167
06/23/2003,TUP,MS,ASO,CE,Federal Contract Tower,0,15,22,13,50,0,0,82,9,91,0,15,104,22,141,64,36,100,241
06/24/2003,TUP,MS,ASO,CE,Federal Contract Tower,0,9,14,34,57,0,2,80,6,88,0,11,94,40,145,78,12,90,235
06/25/2003,TUP,MS,ASO,CE,Federal Contract Tower,0,10,32,15,57,0,2,56,11,69,0,12,88,26,126,62,24,86,212
06/26/2003,TUP,MS,ASO,CE,Federal Contract Tower,0,10,21,11,42,0,1,65,9,75,0,11,86,20,117,102,18,120,237
06/27/2003,TUP,MS,ASO,CE,Federal Contract Tower,0,11,26,20,57,0,0,71,3,74,0,11,97,23,131,76,22,98,229
06/28/2003,TUP,MS,ASO,CE,Federal Contract Tower,0,7,13,0,20,0,0,95,0,95,0,7,108,0,115,100,0,100,215
06/29/2003,TUP,MS,ASO,CE,Federal Contract Tower,0,7,19,6,32,0,0,80,1,81,0,7,99,7,113,68,6,74,187
06/30/2003,TUP,MS,ASO,CE,Federal Contract Tower,0,13,9,0,22,0,0,55,0,55,0,13,64,0,77,50,0,50,127
07/01/2003,TUP,MS,ASO,CE,Federal Contract Tower,0,11,14,0,25,0,0,61,0,61,0,11,75,0,86,32,0,32,118
07/02/2003,TUP,MS,ASO,CE,Federal Contract Tower,0,9,7,9,25,0,1,82,10,93,0,10,89,19,118,66,24,90,208
07/03/2003,TUP,MS,ASO,CE,Federal Contract Tower,0,11,19,0,30,0,0,72,7,79,0,11,91,7,109,78,2,80,189
07/04/2003,TUP,MS,ASO,CE,Federal Contract Tower,0,7,7,1,15,0,1,54,12,67,0,8,61,13,82,74,10,84,166
07/05/2003,TUP,MS,ASO,CE,Federal Contract Tower,0,8,5,0,13,0,0,88,1,89,0,8,93,1,102,68,2,70,172
07/06/2003,TUP,MS,ASO,CE,Federal Contract Tower,0,7,14,0,21,0,0,46,4,50,0,7,60,4,71,32,0,32,103
07/07/2003,TUP,MS,ASO,CE,Federal Contract Tower,0,11,25,18,54,0,3,72,9,84,0,14,97,27,138,74,14,88,226
07/08/2003,TUP,MS,ASO,CE,Federal Contract Tower,0,9,16,18,43,0,2,49,0,51,0,11,65,18,94,60,24,84,178
07/09/2003,TUP,MS,ASO,CE,Federal Contract Tower,0,10,13,21,44,0,1,57,0,58,0,11,70,21,102,28,14,42,144
07/10/2003,TUP,MS,ASO,CE,Federal Contract Tower,0,12,17,1,30,0,0,65,0,65,0,12,82,1,95,168,0,168,263
07/11/2003,TUP,MS,ASO,CE,Federal Contract Tower,0,10,17,19,46,0,2,77,11,90,0,12,94,30,136,92,42,134,270
07/12/2003,TUP,MS,ASO,CE,Federal Contract Tower,0,9,22,7,38,0,0,89,0,89,0,9,111,7,127,154,8,162,289
07/13/2003,TUP,MS,ASO,CE,Federal Contract Tower,0,7,6,5,18,0,0,53,3,56,0,7,59,8,74,40,22,62,136
07/14/2003,TUP,MS,ASO,CE,Federal Contract Tower,0,13,28,6,47,0,0,64,6,70,0,13,92,12,117,80,10,90,207
07/15/2003,TUP,MS,ASO,CE,Federal Contract Tower,0,9,24,9,42,0,0,78,10,88,0,9,102,19,130,96,42,138,268
07/16/2003,TUP,MS,ASO,CE,Federal Contract Tower,0,11,30,8,49,0,0,39,0,39,0,11,69,8,88,38,0,38,126
07/17/2003,TUP,MS,ASO,CE,Federal Contract Tower,0,10,29,1,40,0,1,74,0,75,0,11,103,1,115,84,16,100,215
07/18/2003,TUP,MS,ASO,CE,Federal Contract Tower,0,10,18,10,38,0,1,88,8,97,0,11,106,18,135,96,16,112,247
07/19/2003,TUP,MS,ASO,CE,Federal Contract Tower,0,7,12,12,31,0,0,87,0,87,0,7,99,12,118,80,12,92,210
07/20/2003,TUP,MS,ASO,CE,Federal Contract Tower,0,7,15,7,29,0,0,81,4,85,0,7,96,11,114,96,16,112,226
07/21/2003,TUP,MS,ASO,CE,Federal Contract Tower,0,13,20,2,35,0,1,81,4,86,0,14,101,6,121,84,4,88,209
07/22/2003,TUP,MS,ASO,CE,Federal Contract Tower,0,10,19,9,38,0,0,52,3,55,0,10,71,12,93,10,0,10,103
07/23/2003,TUP,MS,ASO,CE,Federal Contract Tower,0,11,24,16,51,0,2,70,3,75,0,13,94,19,126,60,6,66,192
07/24/2003,TUP,MS,ASO,CE,Federal Contract Tower,0,8,24,6,38,0,2,80,0,82,0,10,104,6,120,100,32,132,252
07/25/2003,TUP,MS,ASO,CE,Federal Contract Tower,0,11,23,14,48,0,1,97,4,102,0,12,120,18,150,122,18,140,290
07/26/2003,TUP,MS,ASO,CE,Federal Contract Tower,0,7,14,1,22,0,0,95,0,95,0,7,109,1,117,114,4,118,235
07/27/2003,TUP,MS,ASO,CE,Federal Contract Tower,0,7,8,2,17,0,0,86,0,86,0,7,94,2,103,68,6,74,177
07/28/2003,TUP,MS,ASO,CE,Federal Contract Tower,0,16,12,18,46,0,0,89,1,90,0,16,101,19,136,90,8,98,234
07/29/2003,TUP,MS,ASO,CE,Federal Contract Tower,0,12,22,5,39,0,0,42,2,44,0,12,64,7,83,28,10,38,121
07/30/2003,TUP,MS,ASO,CE,Federal Contract Tower,0,13,24,4,41,0,2,34,4,40,0,15,58,8,81,20,0,20,101
07/31/2003,TUP,MS,ASO,CE,Federal Contract Tower,0,9,28,3,40,0,1,55,1,57,0,10,83,4,97,94,22,116,213
08/01/2003,TUP,MS,ASO,CE,Federal Contract Tower,0,14,23,0,37,0,1,65,2,68,0,15,88,2,105,72,12,84,189
08/02/2003,TUP,MS,ASO,CE,Federal Contract Tower,0,9,5,0,14,0,0,59,0,59,0,9,64,0,73,74,0,74,147
08/03/2003,TUP,MS,ASO,CE,Federal Contract Tower,0,7,10,0,17,0,0,45,0,45,0,7,55,0,62,38,0,38,100
08/04/2003,TUP,MS,ASO,CE,Federal Contract Tower,0,13,19,6,38,0,0,35,0,35,0,13,54,6,73,54,16,70,143
08/05/2003,TUP,MS,ASO,CE,Federal Contract Tower,0,8,21,0,29,0,2,46,4,52,0,10,67,4,81,34,12,46,127
08/06/2003,TUP,MS,ASO,CE,Federal Contract Tower,0,12,20,0,32,0,0,10,7,17,0,12,30,7,49,24,18,42,91
08/07/2003,TUP,MS,ASO,CE,Federal Contract Tower,0,9,25,4,38,0,2,78,4,84,0,11,103,8,122,74,34,108,230
08/08/2003,TUP,MS,ASO,CE,Federal Contract Tower,0,11,29,2,42,0,2,87,5,94,0,13,116,7,136,88,4,92,228
08/09/2003,TUP,MS,ASO,CE,Federal Contract Tower,0,7,9,2,18,0,0,100,1,101,0,7,109,3,119,86,4,90,209
08/10/2003,TUP,MS,ASO,CE,Federal Contract Tower,0,7,12,6,25,0,0,85,0,85,0,7,97,6,110,88,6,94,204
08/11/2003,TUP,MS,ASO,CE,Federal Contract Tower,0,9,26,2,37,0,3,47,8,58,0,12,73,10,95,58,14,72,167
08/12/2003,TUP,MS,ASO,CE,Federal Contract Tower,0,13,17,4,34,0,0,55,4,59,0,13,72,8,93,86,6,92,185
08/13/2003,TUP,MS,ASO,CE,Federal Contract Tower,0,7,20,5,32,0,0,62,4,66,0,7,82,9,98,46,28,74,172
08/14/2003,TUP,MS,ASO,CE,Federal Contract Tower,0,9,21,6,36,0,2,85,3,90,0,11,106,9,126,88,42,130,256
08/15/2003,TUP,MS,ASO,CE,Federal Contract Tower,0,12,17,0,29,0,1,95,0,96,0,13,112,0,125,116,6,122,247
08/16/2003,TUP,MS,ASO,CE,Federal Contract Tower,0,7,7,2,16,0,0,96,3,99,0,7,103,5,115,86,26,112,227
08/17/2003,TUP,MS,ASO,CE,Federal Contract Tower,0,7,15,4,26,0,0,71,5,76,0,7,86,9,102,68,0,68,170
08/18/2003,TUP,MS,ASO,CE,Federal Contract Tower,0,14,18,7,39,0,0,74,1,75,0,14,92,8,114,74,16,90,204
08/19/2003,TUP,MS,ASO,CE,Federal Contract Tower,0,12,35,8,55,0,2,79,1,82,0,14,114,9,137,80,18,98,235
08/20/2003,TUP,MS,ASO,CE,Federal Contract Tower,0,17,44,4,65,0,1,63,11,75,0,18,107,15,140,84,38,122,262
08/21/2003,TUP,MS,ASO,CE,Federal Contract Tower,0,12,42,3,57,0,2,74,3,79,0,14,116,6,136,84,16,100,236
08/22/2003,TUP,MS,ASO,CE,Federal Contract Tower,0,10,52,0,62,0,2,65,8,75,0,12,117,8,137,92,8,100,237
08/23/2003,TUP,MS,ASO,CE,Federal Contract Tower,0,7,29,0,36,0,0,77,7,84,0,7,106,7,120,110,10,120,240
08/24/2003,TUP,MS,ASO,CE,Federal Contract Tower,0,7,31,0,38,0,0,52,3,55,0,7,83,3,93,58,16,74,167
08/25/2003,TUP,MS,ASO,CE,Federal Contract Tower,0,13,22,3,38,0,0,65,6,71,0,13,87,9,109,76,12,88,197
08/26/2003,TUP,MS,ASO,CE,Federal Contract Tower,0,11,36,1,48,0,0,53,5,58,0,11,89,6,106,38,10,48,154
08/27/2003,TUP,MS,ASO,CE,Federal Contract Tower,0,11,25,0,36,0,0,40,0,40,0,11,65,0,76,38,0,38,114
08/28/2003,TUP,MS,ASO,CE,Federal Contract Tower,0,10,24,0,34,0,3,66,0,69,0,13,90,0,103,76,0,76,179
08/29/2003,TUP,MS,ASO,CE,Federal Contract Tower,0,15,15,0,30,0,0,81,2,83,0,15,96,2,113,80,0,80,193
08/30/2003,TUP,MS,ASO,CE,Federal Contract Tower,0,7,17,0,24,0,0,71,0,71,0,7,88,0,95,42,0,42,137
08/31/2003,TUP,MS,ASO,CE,Federal Contract Tower,0,7,5,0,12,0,0,61,9,70,0,7,66,9,82,54,0,54,136
09/01/2003,TUP,MS,ASO,CE,Federal Contract Tower,0,5,10,0,15,0,0,45,0,45,0,5,55,0,60,58,0,58,118
09/02/2003,TUP,MS,ASO,CE,Federal Contract Tower,0,11,15,0,26,0,1,56,6,63,0,12,71,6,89,58,0,58,147
09/03/2003,TUP,MS,ASO,CE,Federal Contract Tower,0,12,13,2,27,0,0,49,2,51,0,12,62,4,78,30,4,34,112
09/04/2003,TUP,MS,ASO,CE,Federal Contract Tower,0,9,16,0,25,0,2,83,2,87,0,11,99,2,112,88,2,90,202
09/05/2003,TUP,MS,ASO,CE,Federal Contract Tower,0,11,20,0,31,0,0,91,8,99,0,11,111,8,130,120,10,130,260
09/06/2003,TUP,MS,ASO,CE,Federal Contract Tower,0,9,7,0,16,0,0,115,21,136,0,9,122,21,152,122,14,136,288
09/07/2003,TUP,MS,ASO,CE,Federal Contract Tower,0,8,7,0,15,0,0,84,4,88,0,8,91,4,103,82,0,82,185
09/08/2003,TUP,MS,ASO,CE,Federal Contract Tower,0,13,33,5,51,0,1,72,4,77,0,14,105,9,128,82,22,104,232
09/09/2003,TUP,MS,ASO,CE,Federal Contract Tower,0,9,26,2,37,0,1,106,9,116,0,10,132,11,153,106,8,114,267
09/10/2003,TUP,MS,ASO,CE,Federal Contract Tower,0,9,16,0,25,0,1,66,0,67,0,10,82,0,92,72,0,72,164
09/11/2003,TUP,MS,ASO,CE,Federal Contract Tower,0,11,20,2,33,0,0,87,0,87,0,11,107,2,120,146,0,146,266
09/12/2003,TUP,MS,ASO,CE,Federal Contract Tower,0,13,17,1,31,0,1,87,3,91,0,14,104,4,122,94,2,96,218
09/13/2003,TUP,MS,ASO,CE,Federal Contract Tower,0,9,16,0,25,0,0,106,16,122,0,9,122,16,147,98,8,106,253
09/14/2003,TUP,MS,ASO,CE,Federal Contract Tower,0,7,21,0,28,0,0,68,2,70,0,7,89,2,98,86,0,86,184
09/15/2003,TUP,MS,ASO,CE,Federal Contract Tower,0,13,17,4,34,0,0,68,3,71,0,13,85,7,105,98,12,110,215
09/16/2003,TUP,MS,ASO,CE,Federal Contract Tower,0,10,23,3,36,0,3,93,4,100,0,13,116,7,136,88,8,96,232
09/17/2003,TUP,MS,ASO,CE,Federal Contract Tower,0,9,34,4,47,0,2,68,0,70,0,11,102,4,117,58,2,60,177
09/18/2003,TUP,MS,ASO,CE,Federal Contract Tower,0,10,13,6,29,0,1,110,10,121,0,11,123,16,150,124,32,156,306
09/19/2003,TUP,MS,ASO,CE,Federal Contract Tower,0,12,10,1,23,0,0,125,7,132,0,12,135,8,155,144,2,146,301
09/20/2003,TUP,MS,ASO,CE,Federal Contract Tower,0,9,14,0,23,0,0,107,4,111,0,9,121,4,134,96,90,186,320
09/21/2003,TUP,MS,ASO,CE,Federal Contract Tower,0,6,7,0,13,0,0,48,3,51,0,6,55,3,64,26,0,26,90
09/22/2003,TUP,MS,ASO,CE,Federal Contract Tower,0,12,19,1,32,0,0,69,11,80,0,12,88,12,112,110,0,110,222
09/23/2003,TUP,MS,ASO,CE,Federal Contract Tower,0,9,12,2,23,0,2,87,6,95,0,11,99,8,118,94,14,108,226
09/24/2003,TUP,MS,ASO,CE,Federal Contract Tower,0,9,16,2,27,0,2,74,4,80,0,11,90,6,107,82,14,96,203
09/25/2003,TUP,MS,ASO,CE,Federal Contract Tower,0,10,25,0,35,0,1,86,10,97,0,11,111,10,132,112,6,118,250
09/26/2003,TUP,MS,ASO,CE,Federal Contract Tower,0,10,22,4,36,0,2,77,4,83,0,12,99,8,119,56,0,56,175
09/27/2003,TUP,MS,ASO,CE,Federal Contract Tower,0,9,4,0,13,0,0,99,0,99,0,9,103,0,112,100,0,100,212
09/28/2003,TUP,MS,ASO,CE,Federal Contract Tower,0,7,8,0,15,0,0,77,2,79,0,7,85,2,94,96,0,96,190
09/29/2003,TUP,MS,ASO,CE,Federal Contract Tower,0,14,23,0,37,0,0,98,0,98,0,14,121,0,135,90,0,90,225
09/30/2003,TUP,MS,ASO,CE,Federal Contract Tower,0,9,16,0,25,0,2,77,0,79,0,11,93,0,104,98,12,110,214
10/01/2003,TUP,MS,ASO,CE,Federal Contract Tower,0,8,17,3,28,0,3,67,0,70,0,11,84,3,98,74,4,78,176
10/02/2003,TUP,MS,ASO,CE,Federal Contract Tower,0,3,10,3,16,0,8,92,0,100,0,11,102,3,116,70,0,70,186
10/03/2003,TUP,MS,ASO,CE,Federal Contract Tower,1,7,17,7,32,1,7,90,11,109,2,14,107,18,141,86,20,106,247
10/04/2003,TUP,MS,ASO,CE,Federal Contract Tower,1,6,13,0,20,1,1,100,0,102,2,7,113,0,122,96,0,96,218
10/05/2003,TUP,MS,ASO,CE,Federal Contract Tower,0,7,15,6,28,0,2,58,30,90,0,9,73,36,118,56,36,92,210
10/06/2003,TUP,MS,ASO,CE,Federal Contract Tower,0,11,23,9,43,0,2,44,4,50,0,13,67,13,93,74,2,76,169
10/07/2003,TUP,MS,ASO,CE,Federal Contract Tower,0,11,23,10,44,0,1,52,1,54,0,12,75,11,98,34,8,42,140
10/08/2003,TUP,MS,ASO,CE,Federal Contract Tower,0,11,26,7,44,0,0,64,0,64,0,11,90,7,108,58,0,58,166
10/09/2003,TUP,MS,ASO,CE,Federal Contract Tower,0,12,25,8,45,0,2,64,0,66,0,14,89,8,111,88,14,102,213
10/10/2003,TUP,MS,ASO,CE,Federal Contract Tower,0,11,35,16,62,0,0,61,18,79,0,11,96,34,141,48,42,90,231
10/11/2003,TUP,MS,ASO,CE,Federal Contract Tower,0,6,11,0,17,0,2,71,0,73,0,8,82,0,90,34,0,34,124
10/12/2003,TUP,MS,ASO,CE,Federal Contract Tower,0,7,12,3,22,0,1,81,0,82,0,8,93,3,104,56,8,64,168
10/13/2003,TUP,MS,ASO,CE,Federal Contract Tower,0,7,18,0,25,0,0,82,0,82,0,7,100,0,107,92,0,92,199
10/14/2003,TUP,MS,ASO,CE,Federal Contract Tower,0,7,13,5,25,0,6,34,0,40,0,13,47,5,65,38,0,38,103
10/15/2003,TUP,MS,ASO,CE,Federal Contract Tower,0,9,16,6,31,0,1,81,0,82,0,10,97,6,113,116,12,128,241
10/16/2003,TUP,MS,ASO,CE,Federal Contract Tower,0,10,17,8,35,0,1,96,4,101,0,11,113,12,136,82,16,98,234
10/17/2003,TUP,MS,ASO,CE,Federal Contract Tower,0,11,21,7,39,0,0,46,0,46,0,11,67,7,85,18,22,40,125
10/18/2003,TUP,MS,ASO,CE,Federal Contract Tower,0,6,10,1,17,0,1,84,0,85,0,7,94,1,102,88,0,88,190
10/19/2003,TUP,MS,ASO,CE,Federal Contract Tower,0,7,14,7,28,2,0,91,6,99,2,7,105,13,127,84,10,94,221
10/20/2003,TUP,MS,ASO,CE,Federal Contract Tower,0,12,23,11,46,0,2,65,5,72,0,14,88,16,118,51,24,75,193
10/21/2003,TUP,MS,ASO,CE,Federal Contract Tower,0,10,21,10,41,0,0,69,22,91,0,10,90,32,132,54,8,62,194
10/22/2003,TUP,MS,ASO,CE,Federal Contract Tower,0,11,29,12,52,0,0,82,20,102,0,11,111,32,154,86,6,92,246
10/23/2003,TUP,MS,ASO,CE,Federal Contract Tower,0,7,14,6,27,0,3,82,5,90,0,10,96,11,117,100,20,120,237
10/24/2003,TUP,MS,ASO,CE,Federal Contract Tower,0,8,15,6,29,0,4,91,3,98,0,12,106,9,127,92,8,100,227
10/25/2003,TUP,MS,ASO,CE,Federal Contract Tower,0,11,27,6,44,0,0,57,0,57,0,11,84,6,101,62,32,94,195
10/26/2003,TUP,MS,ASO,CE,Federal Contract Tower,0,7,17,8,32,2,0,0,3,5,2,7,17,11,37,0,0,0,37
10/27/2003,TUP,MS,ASO,CE,Federal Contract Tower,0,12,22,9,43,0,4,68,8,80,0,16,90,17,123,64,32,96,219
10/28/2003,TUP,MS,ASO,CE,Federal Contract Tower,0,11,28,12,51,0,0,62,29,91,0,11,90,41,142,46,24,70,212
10/29/2003,TUP,MS,ASO,CE,Federal Contract Tower,0,11,22,9,42,0,0,74,18,92,0,11,96,27,134,72,6,78,212
10/30/2003,TUP,MS,ASO,CE,Federal Contract Tower,0,7,15,6,28,0,4,71,12,87,0,11,86,18,115,66,30,96,211
10/31/2003,TUP,MS,ASO,CE,Federal Contract Tower,0,10,19,8,37,0,1,72,11,84,0,11,91,19,121,68,32,100,221
11/01/2003,TUP,MS,ASO,CE,Federal Contract Tower,1,6,14,5,26,1,1,96,1,99,2,7,110,6,125,96,2,98,223
11/02/2003,TUP,MS,ASO,CE,Federal Contract Tower,0,6,14,0,20,0,3,60,0,63,0,9,74,0,83,60,0,60,143
11/03/2003,TUP,MS,ASO,CE,Federal Contract Tower,0,10,24,8,42,0,3,59,8,70,0,13,83,16,112,86,16,102,214
11/04/2003,TUP,MS,ASO,CE,Federal Contract Tower,0,11,35,13,59,0,0,45,16,61,0,11,80,29,120,54,8,62,182
11/05/2003,TUP,MS,ASO,CE,Federal Contract Tower,0,9,22,8,39,0,4,38,0,42,0,13,60,8,81,46,10,56,137
11/06/2003,TUP,MS,ASO,CE,Federal Contract Tower,0,11,29,10,50,0,0,37,3,40,0,11,66,13,90,6,0,6,96
11/07/2003,TUP,MS,ASO,CE,Federal Contract Tower,1,11,36,13,61,1,0,36,18,55,2,11,72,31,116,26,32,58,174
11/08/2003,TUP,MS,ASO,CE,Federal Contract Tower,1,5,9,3,18,1,2,72,4,79,2,7,81,7,97,58,10,68,165
11/09/2003,TUP,MS,ASO,CE,Federal Contract Tower,0,4,9,3,16,0,3,57,3,63,0,7,66,6,79,72,38,110,189
11/10/2003,TUP,MS,ASO,CE,Federal Contract Tower,0,12,25,9,46,0,1,68,3,72,0,13,93,12,118,80,20,100,218
11/11/2003,TUP,MS,ASO,CE,Federal Contract Tower,0,3,8,1,12,0,4,77,0,81,0,7,85,1,93,74,0,74,167
11/12/2003,TUP,MS,ASO,CE,Federal Contract Tower,1,13,35,14,63,3,0,20,14,37,4,13,55,28,100,46,14,60,160
11/13/2003,TUP,MS,ASO,CE,Federal Contract Tower,0,11,22,8,41,0,4,73,2,79,0,15,95,10,120,104,38,142,262
11/14/2003,TUP,MS,ASO,CE,Federal Contract Tower,0,10,25,10,45,0,0,94,3,97,0,10,119,13,142,58,22,80,222
11/15/2003,TUP,MS,ASO,CE,Federal Contract Tower,0,3,8,3,14,0,4,96,21,121,0,7,104,24,135,104,22,126,261
11/16/2003,TUP,MS,ASO,CE,Federal Contract Tower,1,7,21,0,29,3,0,8,0,11,4,7,29,0,40,0,0,0,40
11/17/2003,TUP,MS,ASO,CE,Federal Contract Tower,0,13,33,13,59,0,0,11,16,27,0,13,44,29,86,38,12,50,136
11/18/2003,TUP,MS,ASO,CE,Federal Contract Tower,0,5,10,2,17,0,4,33,0,37,0,9,43,2,54,0,0,0,54
11/19/2003,TUP,MS,ASO,CE,Federal Contract Tower,0,13,26,10,49,0,0,41,7,48,0,13,67,17,97,52,24,76,173
11/20/2003,TUP,MS,ASO,CE,Federal Contract Tower,0,11,23,6,40,0,0,87,0,87,0,11,110,6,127,52,22,74,201
11/21/2003,TUP,MS,ASO,CE,Federal Contract Tower,0,10,20,8,38,0,3,74,2,79,0,13,94,10,117,106,28,134,251
11/22/2003,TUP,MS,ASO,CE,Federal Contract Tower,0,6,13,0,19,2,2,83,0,87,2,8,96,0,106,104,0,104,210
11/23/2003,TUP,MS,ASO,CE,Federal Contract Tower,0,7,15,4,26,0,0,49,0,49,0,7,64,4,75,68,4,72,147
11/24/2003,TUP,MS,ASO,CE,Federal Contract Tower,0,13,27,11,51,0,1,56,10,67,0,14,83,21,118,66,0,66,184
11/25/2003,TUP,MS,ASO,CE,Federal Contract Tower,0,15,33,10,58,0,0,67,0,67,0,15,100,10,125,54,6,60,185
11/26/2003,TUP,MS,ASO,CE,Federal Contract Tower,0,10,21,4,35,0,0,55,0,55,0,10,76,4,90,90,6,96,186
11/27/2003,TUP,MS,ASO,CE,Federal Contract Tower,0,2,3,0,5,0,5,0,0,5,0,7,3,0,10,0,0,0,10
11/28/2003,TUP,MS,ASO,CE,Federal Contract Tower,0,6,13,2,21,0,5,38,0,43,0,11,51,2,64,38,0,38,102
11/29/2003,TUP,MS,ASO,CE,Federal Contract Tower,0,7,15,0,22,0,0,83,0,83,0,7,98,0,105,76,0,76,181
11/30/2003,TUP,MS,ASO,CE,Federal Contract Tower,0,7,17,0,24,0,2,62,0,64,0,9,79,0,88,80,0,80,168
12/01/2003,TUP,MS,ASO,CE,Federal Contract Tower,0,13,28,14,55,0,0,60,6,66,0,13,88,20,121,58,10,68,189
12/02/2003,TUP,MS,ASO,CE,Federal Contract Tower,0,9,13,6,28,0,0,42,20,62,0,9,55,26,90,20,14,34,124
12/03/2003,TUP,MS,ASO,CE,Federal Contract Tower,0,12,22,11,45,0,0,22,12,34,0,12,44,23,79,66,28,94,173
12/04/2003,TUP,MS,ASO,CE,Federal Contract Tower,0,9,13,3,25,0,2,28,0,30,0,11,41,3,55,8,2,10,65
12/05/2003,TUP,MS,ASO,CE,Federal Contract Tower,0,8,13,4,25,0,2,63,0,65,0,10,76,4,90,26,24,50,140
12/06/2003,TUP,MS,ASO,CE,Federal Contract Tower,0,6,9,2,17,0,0,81,0,81,0,6,90,2,98,64,8,72,170
12/07/2003,TUP,MS,ASO,CE,Federal Contract Tower,0,8,17,6,31,0,0,70,0,70,0,8,87,6,101,76,6,82,183
12/08/2003,TUP,MS,ASO,CE,Federal Contract Tower,0,12,20,11,43,0,2,71,3,76,0,14,91,14,119,66,8,74,193
12/09/2003,TUP,MS,ASO,CE,Federal Contract Tower,0,13,28,15,56,0,0,29,5,34,0,13,57,20,90,40,8,48,138
12/10/2003,TUP,MS,ASO,CE,Federal Contract Tower,0,9,15,4,28,0,0,49,0,49,0,9,64,4,77,42,8,50,127
12/11/2003,TUP,MS,ASO,CE,Federal Contract Tower,0,13,28,15,56,0,0,61,23,84,0,13,89,38,140,68,40,108,248
12/12/2003,TUP,MS,ASO,CE,Federal Contract Tower,0,9,15,8,32,0,2,73,5,80,0,11,88,13,112,60,32,92,204
12/13/2003,TUP,MS,ASO,CE,Federal Contract Tower,0,4,6,0,10,0,2,29,0,31,0,6,35,0,41,28,0,28,69
12/14/2003,TUP,MS,ASO,CE,Federal Contract Tower,0,6,10,3,19,0,1,67,0,68,0,7,77,3,87,46,8,54,141
12/15/2003,TUP,MS,ASO,CE,Federal Contract Tower,0,14,35,19,68,0,0,49,9,58,0,14,84,28,126,64,18,82,208
12/16/2003,TUP,MS,ASO,CE,Federal Contract Tower,0,13,26,12,51,0,0,42,0,42,0,13,68,12,93,32,0,32,125
12/17/2003,TUP,MS,ASO,CE,Federal Contract Tower,0,11,25,13,49,0,0,56,13,69,0,11,81,26,118,58,8,66,184
12/18/2003,TUP,MS,ASO,CE,Federal Contract Tower,0,14,23,11,48,0,3,49,6,58,0,17,72,17,106,52,26,78,184
12/19/2003,TUP,MS,ASO,CE,Federal Contract Tower,0,10,20,10,40,0,0,66,13,79,0,10,86,23,119,58,20,78,197
12/20/2003,TUP,MS,ASO,CE,Federal Contract Tower,0,4,9,3,16,0,3,91,0,94,0,7,100,3,110,82,12,94,204
12/21/2003,TUP,MS,ASO,CE,Federal Contract Tower,0,6,11,4,21,0,1,60,0,61,0,7,71,4,82,70,4,74,156
12/22/2003,TUP,MS,ASO,CE,Federal Contract Tower,0,12,21,10,43,0,4,64,2,70,0,16,85,12,113,70,16,86,199
12/23/2003,TUP,MS,ASO,CE,Federal Contract Tower,0,4,8,3,15,0,7,24,1,32,0,11,32,4,47,10,8,18,65
12/24/2003,TUP,MS,ASO,CE,Federal Contract Tower,0,5,9,0,14,0,3,49,0,52,0,8,58,0,66,58,0,58,124
12/25/2003,TUP,MS,ASO,CE,Federal Contract Tower,0,3,5,0,8,0,1,40,0,41,0,4,45,0,49,34,0,34,83
12/26/2003,TUP,MS,ASO,CE,Federal Contract Tower,0,4,8,0,12,0,4,58,0,62,0,8,66,0,74,96,0,96,170
12/27/2003,TUP,MS,ASO,CE,Federal Contract Tower,0,7,13,0,20,0,0,100,0,100,0,7,113,0,120,94,0,94,214
12/28/2003,TUP,MS,ASO,CE,Federal Contract Tower,0,6,10,0,16,0,3,52,0,55,0,9,62,0,71,68,0,68,139
12/29/2003,TUP,MS,ASO,CE,Federal Contract Tower,0,8,14,0,22,0,5,7,0,12,0,13,21,0,34,2,0,2,36
12/30/2003,TUP,MS,ASO,CE,Federal Contract Tower,0,6,11,0,17,0,4,66,0,70,0,10,77,0,87,86,0,86,173
12/31/2003,TUP,MS,ASO,CE,Federal Contract Tower,0,7,12,0,19,0,3,64,0,67,0,10,76,0,86,60,8,68,154
01/01/2004,TUP,MS,ASO,CE,Federal Contract Tower,0,3,7,0,10,0,4,42,0,46,0,7,49,0,56,52,0,52,108
01/02/2004,TUP,MS,ASO,CE,Federal Contract Tower,0,5,11,0,16,0,8,32,0,40,0,13,43,0,56,10,0,10,66
01/03/2004,TUP,MS,ASO,CE,Federal Contract Tower,0,8,17,0,25,0,1,67,0,68,0,9,84,0,93,38,0,38,131
01/04/2004,TUP,MS,ASO,CE,Federal Contract Tower,0,4,9,0,13,0,3,46,0,49,0,7,55,0,62,70,0,70,132
01/05/2004,TUP,MS,ASO,CE,Federal Contract Tower,0,13,28,19,60,0,0,39,15,54,0,13,67,34,114,30,12,42,156
01/06/2004,TUP,MS,ASO,CE,Federal Contract Tower,0,10,26,18,54,0,0,58,16,74,0,10,84,34,128,20,70,90,218
01/07/2004,TUP,MS,ASO,CE,Federal Contract Tower,1,7,14,10,32,1,3,51,13,68,2,10,65,23,100,48,28,76,176
01/08/2004,TUP,MS,ASO,CE,Federal Contract Tower,0,10,19,11,40,0,2,15,0,17,0,12,34,11,57,6,12,18,75
01/09/2004,TUP,MS,ASO,CE,Federal Contract Tower,0,10,20,8,38,0,3,35,0,38,0,13,55,8,76,8,6,14,90
01/10/2004,TUP,MS,ASO,CE,Federal Contract Tower,1,0,14,11,26,1,0,105,1,107,2,0,119,12,133,108,4,112,245
01/11/2004,TUP,MS,ASO,CE,Federal Contract Tower,1,7,18,12,38,0,0,65,22,87,1,7,83,34,125,48,18,66,191
01/12/2004,TUP,MS,ASO,CE,Federal Contract Tower,0,12,29,20,61,0,0,66,24,90,0,12,95,44,151,94,34,128,279
01/13/2004,TUP,MS,ASO,CE,Federal Contract Tower,0,9,20,14,43,0,0,60,8,68,0,9,80,22,111,48,8,56,167
01/14/2004,TUP,MS,ASO,CE,Federal Contract Tower,0,10,23,16,49,0,0,41,3,44,0,10,64,19,93,66,16,82,175
01/15/2004,TUP,MS,ASO,CE,Federal Contract Tower,0,10,24,17,51,0,0,71,12,83,0,10,95,29,134,104,48,152,286
01/16/2004,TUP,MS,ASO,CE,Federal Contract Tower,1,10,22,14,47,1,0,63,6,70,2,10,85,20,117,58,24,82,199
01/17/2004,TUP,MS,ASO,CE,Federal Contract Tower,0,4,8,0,12,2,2,37,0,41,2,6,45,0,53,20,0,20,73
01/18/2004,TUP,MS,ASO,CE,Federal Contract Tower,0,5,9,0,14,0,1,51,0,52,0,6,60,0,66,74,0,74,140
01/19/2004,TUP,MS,ASO,CE,Federal Contract Tower,0,6,13,0,19,0,0,72,0,72,0,6,85,0,91,60,0,60,151
01/20/2004,TUP,MS,ASO,CE,Federal Contract Tower,0,9,16,10,35,2,3,68,30,103,2,12,84,40,138,54,52,106,244
01/21/2004,TUP,MS,ASO,CE,Federal Contract Tower,0,8,15,8,31,1,5,59,22,87,1,13,74,30,118,70,24,94,212
01/22/2004,TUP,MS,ASO,CE,Federal Contract Tower,0,9,16,10,35,0,0,76,26,102,0,9,92,36,137,68,34,102,239
01/23/2004,TUP,MS,ASO,CE,Federal Contract Tower,0,9,16,10,35,0,1,81,2,84,0,10,97,12,119,76,4,80,199
01/24/2004,TUP,MS,ASO,CE,Federal Contract Tower,0,4,7,0,11,0,2,107,0,109,0,6,114,0,120,164,0,164,284
01/25/2004,TUP,MS,ASO,CE,Federal Contract Tower,0,4,7,4,15,0,2,45,4,51,0,6,52,8,66,62,18,80,146
01/26/2004,TUP,MS,ASO,CE,Federal Contract Tower,0,11,24,16,51,0,1,48,16,65,0,12,72,32,116,80,58,138,254
01/27/2004,TUP,MS,ASO,CE,Federal Contract Tower,0,8,17,12,37,0,3,41,11,55,0,11,58,23,92,32,24,56,148
01/28/2004,TUP,MS,ASO,CE,Federal Contract Tower,0,8,16,11,35,0,3,71,7,81,0,11,87,18,116,88,20,108,224
01/29/2004,TUP,MS,ASO,CE,Federal Contract Tower,0,10,22,15,47,0,1,70,9,80,0,11,92,24,127,78,24,102,229
01/30/2004,TUP,MS,ASO,CE,Federal Contract Tower,0,10,21,14,45,2,1,64,4,71,2,11,85,18,116,72,32,104,220
01/31/2004,TUP,MS,ASO,CE,Federal Contract Tower,0,5,11,0,16,2,3,95,0,100,2,8,106,0,116,72,0,72,188
02/01/2004,TUP,MS,ASO,CE,Federal Contract Tower,1,4,9,1,15,1,4,77,0,82,2,8,86,1,97,116,0,116,213
02/02/2004,TUP,MS,ASO,CE,Federal Contract Tower,0,8,19,1,28,0,4,4,0,8,0,12,23,1,36,0,0,0,36
02/03/2004,TUP,MS,ASO,CE,Federal Contract Tower,0,8,20,6,34,0,2,72,6,80,0,10,92,12,114,56,16,72,186
02/04/2004,TUP,MS,ASO,CE,Federal Contract Tower,0,8,18,5,31,0,2,43,14,59,0,10,61,19,90,74,12,86,176
02/05/2004,TUP,MS,ASO,CE,Federal Contract Tower,0,6,15,0,21,0,5,1,0,6,0,11,16,0,27,0,0,0,27
02/06/2004,TUP,MS,ASO,CE,Federal Contract Tower,0,11,23,0,34,0,1,23,0,24,0,12,46,0,58,2,0,2,60
02/07/2004,TUP,MS,ASO,CE,Federal Contract Tower,0,5,8,2,15,0,1,78,7,86,0,6,86,9,101,86,12,98,199
02/08/2004,TUP,MS,ASO,CE,Federal Contract Tower,0,5,11,2,18,0,1,83,0,84,0,6,94,2,102,78,2,80,182
02/09/2004,TUP,MS,ASO,CE,Federal Contract Tower,0,9,20,4,33,0,2,49,0,51,0,11,69,4,84,52,0,52,136
02/10/2004,TUP,MS,ASO,CE,Federal Contract Tower,0,6,13,0,19,0,3,36,0,39,0,9,49,0,58,8,0,8,66
02/11/2004,TUP,MS,ASO,CE,Federal Contract Tower,0,9,18,2,29,0,4,64,0,68,0,13,82,2,97,46,2,48,145
02/12/2004,TUP,MS,ASO,CE,Federal Contract Tower,0,11,21,7,39,0,1,59,2,62,0,12,80,9,101,60,10,70,171
02/13/2004,TUP,MS,ASO,CE,Federal Contract Tower,0,6,14,5,25,0,0,71,15,86,0,6,85,20,111,128,26,154,265
02/14/2004,TUP,MS,ASO,CE,Federal Contract Tower,0,4,10,4,18,2,4,66,0,72,2,8,76,4,90,92,0,92,182
02/15/2004,TUP,MS,ASO,CE,Federal Contract Tower,0,3,5,0,8,0,5,25,0,30,0,8,30,0,38,20,0,20,58
02/16/2004,TUP,MS,ASO,CE,Federal Contract Tower,0,7,16,0,23,0,1,100,0,101,0,8,116,0,124,90,0,90,214
02/17/2004,TUP,MS,ASO,CE,Federal Contract Tower,0,9,18,6,33,0,4,54,7,65,0,13,72,13,98,32,4,36,134
02/18/2004,TUP,MS,ASO,CE,Federal Contract Tower,0,11,30,10,51,0,0,87,16,103,0,11,117,26,154,80,52,132,286
02/19/2004,TUP,MS,ASO,CE,Federal Contract Tower,0,11,40,14,65,0,0,85,25,110,0,11,125,39,175,102,76,178,353
02/20/2004,TUP,MS,ASO,CE,Federal Contract Tower,0,16,35,12,63,2,0,76,6,84,2,16,111,18,147,90,14,104,251
02/21/2004,TUP,MS,ASO,CE,Federal Contract Tower,0,6,17,5,28,1,0,118,3,122,1,6,135,8,150,122,4,126,276
02/22/2004,TUP,MS,ASO,CE,Federal Contract Tower,0,6,12,3,21,0,0,85,6,91,0,6,97,9,112,90,8,98,210
02/23/2004,TUP,MS,ASO,CE,Federal Contract Tower,0,14,43,13,70,0,0,40,39,79,0,14,83,52,149,64,48,112,261
02/24/2004,TUP,MS,ASO,CE,Federal Contract Tower,0,10,30,9,49,0,0,64,23,87,0,10,94,32,136,50,22,72,208
02/25/2004,TUP,MS,ASO,CE,Federal Contract Tower,0,8,17,0,25,0,4,23,0,27,0,12,40,0,52,36,0,36,88
02/26/2004,TUP,MS,ASO,CE,Federal Contract Tower,0,10,30,9,49,0,0,49,3,52,0,10,79,12,101,36,14,50,151
02/27/2004,TUP,MS,ASO,CE,Federal Contract Tower,0,11,24,7,42,0,1,83,12,96,0,12,107,19,138,118,16,134,272
02/28/2004,TUP,MS,ASO,CE,Federal Contract Tower,0,5,9,0,14,0,1,97,0,98,0,6,106,0,112,118,0,118,230
02/29/2004,TUP,MS,ASO,CE,Federal Contract Tower,0,6,19,5,30,0,0,62,0,62,0,6,81,5,92,100,6,106,198
03/01/2004,TUP,MS,ASO,CE,Federal Contract Tower,0,8,16,5,29,0,4,57,0,61,0,12,73,5,90,56,2,58,148
03/02/2004,TUP,MS,ASO,CE,Federal Contract Tower,0,8,16,8,32,0,2,74,9,85,0,10,90,17,117,40,20,60,177
03/03/2004,TUP,MS,ASO,CE,Federal Contract Tower,0,10,22,12,44,0,0,54,4,58,0,10,76,16,102,40,12,52,154
03/04/2004,TUP,MS,ASO,CE,Federal Contract Tower,0,7,15,8,30,0,4,57,2,63,0,11,72,10,93,82,10,92,185
03/05/2004,TUP,MS,ASO,CE,Federal Contract Tower,0,11,21,12,44,0,1,27,2,30,0,12,48,14,74,30,16,46,120
03/06/2004,TUP,MS,ASO,CE,Federal Contract Tower,0,5,7,4,16,0,2,107,41,150,0,7,114,45,166,128,56,184,350
03/07/2004,TUP,MS,ASO,CE,Federal Contract Tower,0,7,17,2,26,0,0,73,0,73,0,7,90,2,99,110,2,112,211
03/08/2004,TUP,MS,ASO,CE,Federal Contract Tower,0,14,26,14,54,0,0,73,10,83,0,14,99,24,137,70,14,84,221
03/09/2004,TUP,MS,ASO,CE,Federal Contract Tower,0,12,24,14,50,2,0,60,6,68,2,12,84,20,118,44,10,54,172
03/10/2004,TUP,MS,ASO,CE,Federal Contract Tower,0,10,18,11,39,0,0,69,22,91,0,10,87,33,130,84,48,132,262
03/11/2004,TUP,MS,ASO,CE,Federal Contract Tower,0,9,20,12,41,0,0,81,19,100,0,9,101,31,141,90,42,132,273
03/12/2004,TUP,MS,ASO,CE,Federal Contract Tower,0,9,16,9,34,1,2,90,18,111,1,11,106,27,145,122,26,148,293
03/13/2004,TUP,MS,ASO,CE,Federal Contract Tower,0,6,14,4,24,0,0,106,0,106,0,6,120,4,130,118,6,124,254
03/14/2004,TUP,MS,ASO,CE,Federal Contract Tower,0,6,9,0,15,0,2,59,0,61,0,8,68,0,76,92,0,92,168
03/15/2004,TUP,MS,ASO,CE,Federal Contract Tower,0,12,28,16,56,0,0,0,11,11,0,12,28,27,67,0,0,0,67
03/16/2004,TUP,MS,ASO,CE,Federal Contract Tower,0,9,17,9,35,0,1,72,7,80,0,10,89,16,115,52,50,102,217
03/17/2004,TUP,MS,ASO,CE,Federal Contract Tower,0,8,16,8,32,0,6,90,19,115,0,14,106,27,147,124,34,158,305
03/18/2004,TUP,MS,ASO,CE,Federal Contract Tower,0,6,12,6,24,0,3,78,14,95,0,9,90,20,119,104,16,120,239
03/19/2004,TUP,MS,ASO,CE,Federal Contract Tower,0,4,10,5,19,0,7,79,54,140,0,11,89,59,159,100,74,174,333
03/20/2004,TUP,MS,ASO,CE,Federal Contract Tower,0,6,12,6,24,2,2,91,18,113,2,8,103,24,137,86,22,108,245
03/21/2004,TUP,MS,ASO,CE,Federal Contract Tower,0,6,20,10,36,0,0,61,30,91,0,6,81,40,127,62,44,106,233
03/22/2004,TUP,MS,ASO,CE,Federal Contract Tower,0,9,19,10,38,0,3,76,20,99,0,12,95,30,137,84,36,120,257
03/23/2004,TUP,MS,ASO,CE,Federal Contract Tower,0,10,21,11,42,0,3,72,20,95,0,13,93,31,137,86,16,102,239
03/24/2004,TUP,MS,ASO,CE,Federal Contract Tower,0,8,16,8,32,0,3,71,18,92,0,11,87,26,124,56,28,84,208
03/25/2004,TUP,MS,ASO,CE,Federal Contract Tower,0,8,17,8,33,0,2,76,13,91,0,10,93,21,124,64,22,86,210
03/26/2004,TUP,MS,ASO,CE,Federal Contract Tower,0,6,13,7,26,0,7,76,14,97,0,13,89,21,123,58,28,86,209
03/27/2004,TUP,MS,ASO,CE,Federal Contract Tower,0,3,7,3,13,0,5,94,15,114,0,8,101,18,127,142,18,160,287
03/28/2004,TUP,MS,ASO,CE,Federal Contract Tower,0,6,18,9,33,0,0,57,11,68,0,6,75,20,101,104,4,108,209
03/29/2004,TUP,MS,ASO,CE,Federal Contract Tower,0,11,26,8,45,0,0,8,0,8,0,11,34,8,53,0,0,0,53
03/30/2004,TUP,MS,ASO,CE,Federal Contract Tower,0,8,16,8,32,0,3,72,3,78,0,11,88,11,110,56,8,64,174
03/31/2004,TUP,MS,ASO,CE,Federal Contract Tower,0,11,28,14,53,0,0,60,15,75,0,11,88,29,128,62,20,82,210
04/01/2004,TUP,MS,ASO,CE,Federal Contract Tower,0,14,31,13,58,0,0,77,19,96,0,14,108,32,154,78,48,126,280
04/02/2004,TUP,MS,ASO,CE,Federal Contract Tower,0,8,17,8,33,0,3,98,25,126,0,11,115,33,159,88,26,114,273
04/03/2004,TUP,MS,ASO,CE,Federal Contract Tower,0,4,9,4,17,0,2,96,32,130,0,6,105,36,147,106,22,128,275
04/04/2004,TUP,MS,ASO,CE,Federal Contract Tower,0,5,10,5,20,0,1,77,57,135,0,6,87,62,155,102,32,134,289
04/05/2004,TUP,MS,ASO,CE,Federal Contract Tower,0,11,25,11,47,0,2,63,7,72,0,13,88,18,119,90,2,92,211
04/06/2004,TUP,MS,ASO,CE,Federal Contract Tower,0,8,17,8,33,0,3,73,6,82,0,11,90,14,115,72,14,86,201
04/07/2004,TUP,MS,ASO,CE,Federal Contract Tower,0,10,27,12,49,0,0,65,15,80,0,10,92,27,129,54,28,82,211
04/08/2004,TUP,MS,ASO,CE,Federal Contract Tower,0,10,22,2,34,0,0,82,0,82,0,10,104,2,116,98,2,100,216
04/09/2004,TUP,MS,ASO,CE,Federal Contract Tower,0,10,21,8,39,0,0,78,0,78,0,10,99,8,117,112,10,122,239
04/10/2004,TUP,MS,ASO,CE,Federal Contract Tower,0,3,5,1,9,0,3,63,0,66,0,6,68,1,75,48,4,52,127
04/11/2004,TUP,MS,ASO,CE,Federal Contract Tower,0,6,15,0,21,0,0,15,0,15,0,6,30,0,36,6,0,6,42
04/12/2004,TUP,MS,ASO,CE,Federal Contract Tower,0,12,27,9,48,0,2,24,0,26,0,14,51,9,74,0,0,0,74
04/13/2004,TUP,MS,ASO,CE,Federal Contract Tower,0,8,18,4,30,0,2,58,0,60,0,10,76,4,90,32,0,32,122
04/14/2004,TUP,MS,ASO,CE,Federal Contract Tower,0,9,29,11,49,0,0,83,4,87,0,9,112,15,136,58,10,68,204
04/15/2004,TUP,MS,ASO,CE,Federal Contract Tower,0,10,33,13,56,0,0,91,21,112,0,10,124,34,168,92,46,138,306
04/16/2004,TUP,MS,ASO,CE,Federal Contract Tower,0,10,30,11,51,0,0,99,28,127,0,10,129,39,178,118,32,150,328
04/17/2004,TUP,MS,ASO,CE,Federal Contract Tower,0,5,14,6,25,0,3,104,8,115,0,8,118,14,140,166,8,174,314
04/18/2004,TUP,MS,ASO,CE,Federal Contract Tower,0,6,18,8,32,0,0,79,26,105,0,6,97,34,137,86,22,108,245
04/19/2004,TUP,MS,ASO,CE,Federal Contract Tower,0,10,26,10,46,0,2,78,0,80,0,12,104,10,126,101,0,101,227
04/20/2004,TUP,MS,ASO,CE,Federal Contract Tower,0,10,24,10,44,0,1,88,7,96,0,11,112,17,140,96,24,120,260
04/21/2004,TUP,MS,ASO,CE,Federal Contract Tower,0,9,27,11,47,0,0,83,9,92,0,9,110,20,139,68,14,82,221
04/22/2004,TUP,MS,ASO,CE,Federal Contract Tower,0,9,24,10,43,0,1,73,13,87,0,10,97,23,130,76,23,99,229
04/23/2004,TUP,MS,ASO,CE,Federal Contract Tower,0,10,25,7,42,0,2,76,0,78,0,12,101,7,120,78,8,86,206
04/24/2004,TUP,MS,ASO,CE,Federal Contract Tower,0,5,12,0,17,0,2,82,0,84,0,7,94,0,101,100,0,100,201
04/25/2004,TUP,MS,ASO,CE,Federal Contract Tower,0,6,17,0,23,0,0,48,0,48,0,6,65,0,71,40,0,40,111
04/26/2004,TUP,MS,ASO,CE,Federal Contract Tower,0,7,18,5,30,0,5,79,0,84,0,12,97,5,114,106,20,126,240
04/27/2004,TUP,MS,ASO,CE,Federal Contract Tower,0,5,15,6,26,0,5,79,16,100,0,10,94,22,126,90,12,102,228
04/28/2004,TUP,MS,ASO,CE,Federal Contract Tower,0,7,18,7,32,0,2,100,8,110,0,9,118,15,142,94,22,116,258
04/29/2004,TUP,MS,ASO,CE,Federal Contract Tower,0,9,24,10,43,0,1,70,4,75,0,10,94,14,118,108,44,152,270
04/30/2004,TUP,MS,ASO,CE,Federal Contract Tower,0,10,25,10,45,0,1,54,13,68,0,11,79,23,113,62,34,96,209
05/01/2004,TUP,MS,ASO,CE,Federal Contract Tower,0,5,7,0,12,0,1,67,0,68,0,6,74,0,80,104,0,104,184
05/02/2004,TUP,MS,ASO,CE,Federal Contract Tower,0,5,9,4,18,0,0,61,18,79,0,5,70,22,97,88,20,108,205
05/03/2004,TUP,MS,ASO,CE,Federal Contract Tower,0,12,20,10,42,0,4,78,1,83,0,16,98,11,125,108,8,116,241
05/04/2004,TUP,MS,ASO,CE,Federal Contract Tower,0,8,12,6,26,0,2,84,8,94,0,10,96,14,120,64,22,86,206
05/05/2004,TUP,MS,ASO,CE,Federal Contract Tower,0,7,12,6,25,0,3,78,23,104,0,10,90,29,129,112,20,132,261
05/06/2004,TUP,MS,ASO,CE,Federal Contract Tower,0,11,17,9,37,0,0,78,19,97,0,11,95,28,134,80,34,114,248
05/07/2004,TUP,MS,ASO,CE,Federal Contract Tower,0,10,30,16,56,0,0,62,24,86,0,10,92,40,142,82,48,130,272
05/08/2004,TUP,MS,ASO,CE,Federal Contract Tower,0,5,8,0,13,0,1,113,0,114,0,6,121,0,127,134,0,134,261
05/09/2004,TUP,MS,ASO,CE,Federal Contract Tower,0,5,10,0,15,0,1,76,0,77,0,6,86,0,92,104,0,104,196
05/10/2004,TUP,MS,ASO,CE,Federal Contract Tower,0,6,11,2,19,0,6,79,0,85,0,12,90,2,104,116,0,116,220
05/11/2004,TUP,MS,ASO,CE,Federal Contract Tower,0,12,23,13,48,0,1,70,11,82,0,13,93,24,130,48,24,72,202
05/12/2004,TUP,MS,ASO,CE,Federal Contract Tower,0,7,14,8,29,0,4,33,3,40,0,11,47,11,69,50,10,60,129
05/13/2004,TUP,MS,ASO,CE,Federal Contract Tower,0,6,12,0,18,0,1,64,0,65,0,7,76,0,83,74,0,74,157
05/14/2004,TUP,MS,ASO,CE,Federal Contract Tower,0,9,15,9,33,0,1,57,2,60,0,10,72,11,93,74,8,82,175
05/15/2004,TUP,MS,ASO,CE,Federal Contract Tower,0,5,9,0,14,0,0,63,0,63,0,5,72,0,77,64,0,64,141
05/16/2004,TUP,MS,ASO,CE,Federal Contract Tower,0,3,6,4,13,0,3,79,8,90,0,6,85,12,103,156,6,162,265
05/17/2004,TUP,MS,ASO,CE,Federal Contract Tower,0,12,29,16,57,0,0,61,21,82,0,12,90,37,139,92,18,110,249
05/18/2004,TUP,MS,ASO,CE,Federal Contract Tower,0,10,20,11,41,0,0,76,6,82,0,10,96,17,123,79,20,99,222
05/19/2004,TUP,MS,ASO,CE,Federal Contract Tower,0,11,20,11,42,0,0,46,6,52,0,11,66,17,94,42,16,58,152
05/20/2004,TUP,MS,ASO,CE,Federal Contract Tower,0,10,19,9,38,0,0,74,22,96,0,10,93,31,134,78,48,126,260
05/21/2004,TUP,MS,ASO,CE,Federal Contract Tower,0,10,24,12,46,0,0,79,2,81,0,10,103,14,127,102,26,128,255
05/22/2004,TUP,MS,ASO,CE,Federal Contract Tower,0,5,10,4,19,0,1,90,4,95,0,6,100,8,114,126,16,142,256
05/23/2004,TUP,MS,ASO,CE,Federal Contract Tower,0,6,11,3,20,0,2,66,0,68,0,8,77,3,88,118,2,120,208
05/24/2004,TUP,MS,ASO,CE,Federal Contract Tower,0,11,22,11,44,0,2,82,15,99,0,13,104,26,143,128,4,132,275
05/25/2004,TUP,MS,ASO,CE,Federal Contract Tower,0,12,28,14,54,0,0,65,15,80,0,12,93,29,134,76,22,98,232
05/26/2004,TUP,MS,ASO,CE,Federal Contract Tower,0,12,22,11,45,0,0,70,5,75,0,12,92,16,120,80,16,96,216
05/27/2004,TUP,MS,ASO,CE,Federal Contract Tower,0,11,22,1,34,0,0,89,0,89,0,11,111,1,123,100,0,100,223
05/28/2004,TUP,MS,ASO,CE,Federal Contract Tower,0,7,15,2,24,0,5,54,0,59,0,12,69,2,83,66,2,68,151
05/29/2004,TUP,MS,ASO,CE,Federal Contract Tower,0,6,17,4,27,0,0,88,0,88,0,6,105,4,115,118,0,118,233
05/30/2004,TUP,MS,ASO,CE,Federal Contract Tower,0,5,9,0,14,0,1,72,0,73,0,6,81,0,87,88,0,88,175
05/31/2004,TUP,MS,ASO,CE,Federal Contract Tower,0,3,7,0,10,0,3,46,0,49,0,6,53,0,59,74,0,74,133
06/01/2004,TUP,MS,ASO,CE,Federal Contract Tower,0,7,16,7,30,0,4,66,0,70,0,11,82,7,100,68,6,74,174
06/02/2004,TUP,MS,ASO,CE,Federal Contract Tower,0,9,17,5,31,0,2,45,0,47,0,11,62,5,78,104,4,108,186
06/03/2004,TUP,MS,ASO,CE,Federal Contract Tower,0,9,18,7,34,0,1,44,0,45,0,10,62,7,79,50,4,54,133
06/04/2004,TUP,MS,ASO,CE,Federal Contract Tower,0,10,18,8,36,0,0,78,13,91,0,10,96,21,127,148,54,202,329
06/05/2004,TUP,MS,ASO,CE,Federal Contract Tower,0,5,9,0,14,0,1,98,0,99,0,6,107,0,113,120,0,120,233
06/06/2004,TUP,MS,ASO,CE,Federal Contract Tower,0,6,11,5,22,0,0,67,1,68,0,6,78,6,90,110,6,116,206
06/07/2004,TUP,MS,ASO,CE,Federal Contract Tower,0,11,19,5,35,0,1,62,0,63,0,12,81,5,98,74,6,80,178
06/08/2004,TUP,MS,ASO,CE,Federal Contract Tower,0,10,23,10,43,0,0,67,11,78,0,10,90,21,121,68,18,86,207
06/09/2004,TUP,MS,ASO,CE,Federal Contract Tower,0,9,18,8,35,0,3,83,0,86,0,12,101,8,121,106,4,110,231
06/10/2004,TUP,MS,ASO,CE,Federal Contract Tower,0,9,21,9,39,0,0,73,3,76,0,9,94,12,115,106,12,118,233
06/11/2004,TUP,MS,ASO,CE,Federal Contract Tower,0,6,10,0,16,0,2,67,0,69,0,8,77,0,85,72,0,72,157
06/12/2004,TUP,MS,ASO,CE,Federal Contract Tower,0,4,7,0,11,0,2,87,0,89,0,6,94,0,100,106,0,106,206
06/13/2004,TUP,MS,ASO,CE,Federal Contract Tower,0,6,11,2,19,0,2,56,0,58,0,8,67,2,77,98,0,98,175
06/14/2004,TUP,MS,ASO,CE,Federal Contract Tower,0,12,24,11,47,0,0,35,1,36,0,12,59,12,83,52,6,58,141
06/15/2004,TUP,MS,ASO,CE,Federal Contract Tower,0,10,25,11,46,0,0,66,18,84,0,10,91,29,130,22,16,38,168
06/16/2004,TUP,MS,ASO,CE,Federal Contract Tower,0,9,18,7,34,0,2,60,4,66,0,11,78,11,100,58,4,62,162
06/17/2004,TUP,MS,ASO,CE,Federal Contract Tower,0,9,22,8,39,0,0,59,3,62,0,9,81,11,101,46,10,56,157
06/18/2004,TUP,MS,ASO,CE,Federal Contract Tower,0,9,18,6,33,0,2,72,10,84,0,11,90,16,117,84,12,96,213
06/19/2004,TUP,MS,ASO,CE,Federal Contract Tower,0,4,7,0,11,0,2,94,0,96,0,6,101,0,107,120,0,120,227
06/20/2004,TUP,MS,ASO,CE,Federal Contract Tower,0,6,11,1,18,0,0,83,0,83,0,6,94,1,101,88,0,88,189
06/21/2004,TUP,MS,ASO,CE,Federal Contract Tower,0,8,23,7,38,0,0,74,0,74,0,8,97,7,112,100,4,104,216
06/22/2004,TUP,MS,ASO,CE,Federal Contract Tower,0,10,29,11,50,0,0,59,17,76,0,10,88,28,126,36,20,56,182
06/23/2004,TUP,MS,ASO,CE,Federal Contract Tower,0,7,13,5,25,0,1,18,1,20,0,8,31,6,45,26,4,30,75
06/24/2004,TUP,MS,ASO,CE,Federal Contract Tower,0,10,21,8,39,0,0,31,8,39,0,10,52,16,78,10,24,34,112
06/25/2004,TUP,MS,ASO,CE,Federal Contract Tower,0,11,22,5,38,0,0,55,0,55,0,11,77,5,93,38,6,44,137
06/26/2004,TUP,MS,ASO,CE,Federal Contract Tower,0,5,9,3,17,0,1,91,36,128,0,6,100,39,145,80,50,130,275
06/27/2004,TUP,MS,ASO,CE,Federal Contract Tower,0,9,18,6,33,0,1,34,3,38,0,10,52,9,71,28,4,32,103
06/28/2004,TUP,MS,ASO,CE,Federal Contract Tower,0,14,28,8,50,0,2,31,0,33,0,16,59,8,83,2,0,2,85
06/29/2004,TUP,MS,ASO,CE,Federal Contract Tower,0,8,17,6,31,0,3,30,0,33,0,11,47,6,64,16,18,34,98
06/30/2004,TUP,MS,ASO,CE,Federal Contract Tower,0,7,16,2,25,0,6,40,0,46,0,13,56,2,71,26,0,26,97
07/01/2004,TUP,MS,ASO,CE,Federal Contract Tower,0,8,19,5,32,0,2,37,3,42,0,10,56,8,74,32,10,42,116
07/02/2004,TUP,MS,ASO,CE,Federal Contract Tower,0,8,19,2,29,0,4,61,0,65,0,12,80,2,94,48,2,50,144
07/03/2004,TUP,MS,ASO,CE,Federal Contract Tower,0,4,11,0,15,0,2,52,0,54,0,6,63,0,69,88,0,88,157
07/04/2004,TUP,MS,ASO,CE,Federal Contract Tower,0,4,7,0,11,2,4,60,0,66,2,8,67,0,77,64,0,64,141
07/05/2004,TUP,MS,ASO,CE,Federal Contract Tower,0,6,10,1,17,0,0,66,0,66,0,6,76,1,83,64,0,64,147
07/06/2004,TUP,MS,ASO,CE,Federal Contract Tower,0,12,24,5,41,0,0,55,0,55,0,12,79,5,96,22,0,22,118
07/07/2004,TUP,MS,ASO,CE,Federal Contract Tower,0,8,15,6,29,0,1,43,8,52,0,9,58,14,81,44,8,52,133
07/08/2004,TUP,MS,ASO,CE,Federal Contract Tower,0,8,24,8,40,0,0,56,1,57,0,8,80,9,97,72,16,88,185
07/09/2004,TUP,MS,ASO,CE,Federal Contract Tower,0,8,16,6,30,0,2,74,46,122,0,10,90,52,152,102,60,162,314
07/10/2004,TUP,MS,ASO,CE,Federal Contract Tower,0,3,6,3,12,0,4,83,31,118,0,7,89,34,130,80,34,114,244
07/11/2004,TUP,MS,ASO,CE,Federal Contract Tower,0,6,14,5,25,0,0,62,27,89,0,6,76,32,114,66,26,92,206
07/12/2004,TUP,MS,ASO,CE,Federal Contract Tower,0,12,21,7,40,0,4,74,4,82,0,16,95,11,122,77,0,77,199
07/13/2004,TUP,MS,ASO,CE,Federal Contract Tower,0,9,19,7,35,0,0,89,25,114,0,9,108,32,149,64,22,86,235
07/14/2004,TUP,MS,ASO,CE,Federal Contract Tower,0,11,20,7,38,0,0,74,31,105,0,11,94,38,143,90,42,132,275
07/15/2004,TUP,MS,ASO,CE,Federal Contract Tower,0,10,18,6,34,0,0,65,13,78,0,10,83,19,112,108,16,124,236
07/16/2004,TUP,MS,ASO,CE,Federal Contract Tower,0,12,24,8,44,0,1,64,14,79,0,13,88,22,123,64,18,82,205
07/17/2004,TUP,MS,ASO,CE,Federal Contract Tower,0,5,13,5,23,0,0,54,16,70,0,5,67,21,93,36,26,62,155
07/18/2004,TUP,MS,ASO,CE,Federal Contract Tower,0,6,14,5,25,0,0,51,27,78,0,6,65,32,103,62,24,86,189
07/19/2004,TUP,MS,ASO,CE,Federal Contract Tower,0,12,22,8,42,0,0,68,6,74,0,12,90,14,116,76,10,86,202
07/20/2004,TUP,MS,ASO,CE,Federal Contract Tower,0,10,20,6,36,0,4,64,12,80,0,14,84,18,116,72,14,86,202
07/21/2004,TUP,MS,ASO,CE,Federal Contract Tower,0,9,25,7,41,0,0,77,9,86,0,9,102,16,127,104,2,106,233
07/22/2004,TUP,MS,ASO,CE,Federal Contract Tower,0,8,27,8,43,0,0,84,14,98,0,8,111,22,141,120,28,148,289
07/23/2004,TUP,MS,ASO,CE,Federal Contract Tower,0,9,24,7,40,1,0,62,14,77,1,9,86,21,117,66,22,88,205
07/24/2004,TUP,MS,ASO,CE,Federal Contract Tower,0,6,13,4,23,0,0,86,0,86,0,6,99,4,109,90,0,90,199
07/25/2004,TUP,MS,ASO,CE,Federal Contract Tower,0,4,8,0,12,0,2,55,0,57,0,6,63,0,69,44,0,44,113
07/26/2004,TUP,MS,ASO,CE,Federal Contract Tower,0,11,32,9,52,0,0,6,5,11,0,11,38,14,63,0,0,0,63
07/27/2004,TUP,MS,ASO,CE,Federal Contract Tower,0,7,15,4,26,0,5,68,34,107,0,12,83,38,133,62,20,82,215
07/28/2004,TUP,MS,ASO,CE,Federal Contract Tower,0,9,17,5,31,0,1,78,25,104,0,10,95,30,135,108,30,138,273
07/29/2004,TUP,MS,ASO,CE,Federal Contract Tower,0,8,16,5,29,0,4,86,19,109,0,12,102,24,138,108,20,128,266
07/30/2004,TUP,MS,ASO,CE,Federal Contract Tower,0,9,19,5,33,0,1,77,15,93,0,10,96,20,126,100,20,120,246
07/31/2004,TUP,MS,ASO,CE,Federal Contract Tower,0,4,9,0,13,0,2,79,0,81,0,6,88,0,94,70,0,70,164
08/01/2004,TUP,MS,ASO,CE,Federal Contract Tower,0,4,7,0,11,0,4,79,0,83,0,8,86,0,94,70,0,70,164
08/02/2004,TUP,MS,ASO,CE,Federal Contract Tower,0,10,18,4,32,0,2,128,0,130,0,12,146,4,162,92,4,96,258
08/03/2004,TUP,MS,ASO,CE,Federal Contract Tower,0,10,19,11,40,0,0,96,24,120,0,10,115,35,160,64,18,82,242
08/04/2004,TUP,MS,ASO,CE,Federal Contract Tower,0,9,17,10,36,0,1,80,7,88,0,10,97,17,124,68,16,84,208
08/05/2004,TUP,MS,ASO,CE,Federal Contract Tower,0,9,17,3,29,0,1,62,0,63,0,10,79,3,92,66,0,66,158
08/06/2004,TUP,MS,ASO,CE,Federal Contract Tower,0,11,20,10,41,0,3,83,20,106,0,14,103,30,147,52,32,84,231
08/07/2004,TUP,MS,ASO,CE,Federal Contract Tower,0,6,10,5,21,0,0,84,5,89,0,6,94,10,110,136,12,148,258
08/08/2004,TUP,MS,ASO,CE,Federal Contract Tower,0,4,6,3,13,0,2,61,2,65,0,6,67,5,78,54,2,56,134
08/09/2004,TUP,MS,ASO,CE,Federal Contract Tower,0,13,24,12,49,0,5,73,7,85,0,18,97,19,134,78,18,96,230
08/10/2004,TUP,MS,ASO,CE,Federal Contract Tower,0,10,19,11,40,0,0,69,27,96,0,10,88,38,136,66,50,116,252
08/11/2004,TUP,MS,ASO,CE,Federal Contract Tower,0,10,23,12,45,0,0,40,16,56,0,10,63,28,101,36,24,60,161
08/12/2004,TUP,MS,ASO,CE,Federal Contract Tower,0,10,18,9,37,0,2,68,30,100,0,12,86,39,137,86,52,138,275
08/13/2004,TUP,MS,ASO,CE,Federal Contract Tower,0,11,20,11,42,0,3,84,43,130,0,14,104,54,172,90,44,134,306
08/14/2004,TUP,MS,ASO,CE,Federal Contract Tower,0,4,6,3,13,0,3,106,6,115,0,7,112,9,128,92,6,98,226
08/15/2004,TUP,MS,ASO,CE,Federal Contract Tower,0,6,13,9,28,0,1,74,9,84,0,7,87,18,112,74,46,120,232
08/16/2004,TUP,MS,ASO,CE,Federal Contract Tower,0,12,25,15,52,0,3,87,9,99,0,15,112,24,151,90,16,106,257
08/17/2004,TUP,MS,ASO,CE,Federal Contract Tower,0,13,37,20,70,0,0,92,27,119,0,13,129,47,189,114,34,148,337
08/18/2004,TUP,MS,ASO,CE,Federal Contract Tower,0,12,32,16,60,0,0,89,21,110,0,12,121,37,170,98,40,138,308
08/19/2004,TUP,MS,ASO,CE,Federal Contract Tower,0,15,31,16,62,0,4,82,27,113,0,19,113,43,175,72,54,126,301
08/20/2004,TUP,MS,ASO,CE,Federal Contract Tower,0,11,23,10,44,0,0,70,0,70,0,11,93,10,114,36,6,42,156
08/21/2004,TUP,MS,ASO,CE,Federal Contract Tower,0,5,12,0,17,0,2,82,0,84,0,7,94,0,101,84,0,84,185
08/22/2004,TUP,MS,ASO,CE,Federal Contract Tower,0,6,16,6,28,0,0,73,0,73,0,6,89,6,101,94,10,104,205
08/23/2004,TUP,MS,ASO,CE,Federal Contract Tower,0,12,36,19,67,0,0,58,18,76,0,12,94,37,143,74,34,108,251
08/24/2004,TUP,MS,ASO,CE,Federal Contract Tower,0,10,23,11,44,0,0,26,9,35,0,10,49,20,79,20,2,22,101
08/25/2004,TUP,MS,ASO,CE,Federal Contract Tower,0,10,25,12,47,0,0,48,2,50,0,10,73,14,97,52,6,58,155
08/26/2004,TUP,MS,ASO,CE,Federal Contract Tower,0,11,26,14,51,0,0,56,10,66,0,11,82,24,117,60,12,72,189
08/27/2004,TUP,MS,ASO,CE,Federal Contract Tower,0,9,19,10,38,0,1,64,5,70,0,10,83,15,108,78,18,96,204
08/28/2004,TUP,MS,ASO,CE,Federal Contract Tower,0,3,7,1,11,0,3,69,0,72,0,6,76,1,83,60,0,60,143
08/29/2004,TUP,MS,ASO,CE,Federal Contract Tower,0,9,19,5,33,0,1,37,0,38,0,10,56,5,71,42,4,46,117
08/30/2004,TUP,MS,ASO,CE,Federal Contract Tower,0,12,27,14,53,0,0,34,12,46,0,12,61,26,99,54,6,60,159
08/31/2004,TUP,MS,ASO,CE,Federal Contract Tower,0,10,27,14,51,0,0,73,21,94,0,10,100,35,145,80,8,88,233
09/01/2004,TUP,MS,ASO,CE,Federal Contract Tower,0,12,27,15,54,0,0,74,12,86,0,12,101,27,140,80,18,98,238
09/02/2004,TUP,MS,ASO,CE,Federal Contract Tower,0,9,29,17,55,0,0,53,9,62,0,9,82,26,117,60,30,90,207
09/03/2004,TUP,MS,ASO,CE,Federal Contract Tower,0,13,28,16,57,0,0,59,10,69,0,13,87,26,126,90,30,120,246
09/04/2004,TUP,MS,ASO,CE,Federal Contract Tower,0,5,6,0,11,0,1,70,0,71,0,6,76,0,82,68,0,68,150
09/05/2004,TUP,MS,ASO,CE,Federal Contract Tower,0,3,4,0,7,0,3,72,0,75,0,6,76,0,82,88,0,88,170
09/06/2004,TUP,MS,ASO,CE,Federal Contract Tower,0,3,5,4,12,0,3,71,5,79,0,6,76,9,91,66,30,96,187
09/07/2004,TUP,MS,ASO,CE,Federal Contract Tower,0,12,25,15,52,0,0,66,6,72,0,12,91,21,124,38,10,48,172
09/08/2004,TUP,MS,ASO,CE,Federal Contract Tower,0,9,13,8,30,0,1,67,0,68,0,10,80,8,98,80,6,86,184
09/09/2004,TUP,MS,ASO,CE,Federal Contract Tower,0,11,17,10,38,0,2,67,6,75,0,13,84,16,113,94,36,130,243
09/10/2004,TUP,MS,ASO,CE,Federal Contract Tower,0,8,14,9,31,0,4,75,17,96,0,12,89,26,127,100,23,123,250
09/11/2004,TUP,MS,ASO,CE,Federal Contract Tower,0,6,16,10,32,0,0,82,49,131,0,6,98,59,163,76,54,130,293
09/12/2004,TUP,MS,ASO,CE,Federal Contract Tower,0,7,14,9,30,0,0,64,10,74,0,7,78,19,104,84,20,104,208
09/13/2004,TUP,MS,ASO,CE,Federal Contract Tower,0,13,36,21,70,0,0,33,37,70,0,13,69,58,140,54,42,96,236
09/14/2004,TUP,MS,ASO,CE,Federal Contract Tower,0,11,30,17,58,0,0,63,8,71,0,11,93,25,129,58,30,88,217
09/15/2004,TUP,MS,ASO,CE,Federal Contract Tower,0,7,11,7,25,0,3,60,4,67,0,10,71,11,92,82,6,88,180
09/16/2004,TUP,MS,ASO,CE,Federal Contract Tower,0,5,7,0,12,0,3,3,0,6,0,8,10,0,18,0,0,0,18
09/17/2004,TUP,MS,ASO,CE,Federal Contract Tower,0,10,18,9,37,0,1,75,27,103,0,11,93,36,140,72,22,94,234
09/18/2004,TUP,MS,ASO,CE,Federal Contract Tower,0,3,6,3,12,0,5,88,19,112,0,8,94,22,124,84,8,92,216
09/19/2004,TUP,MS,ASO,CE,Federal Contract Tower,0,8,16,8,32,0,0,70,14,84,0,8,86,22,116,86,52,138,254
09/20/2004,TUP,MS,ASO,CE,Federal Contract Tower,0,10,18,9,37,0,4,75,0,79,0,14,93,9,116,120,6,126,242
09/21/2004,TUP,MS,ASO,CE,Federal Contract Tower,0,5,10,5,20,0,7,93,1,101,0,12,103,6,121,58,4,62,183
09/22/2004,TUP,MS,ASO,CE,Federal Contract Tower,0,8,14,0,22,0,1,73,0,74,0,9,87,0,96,68,0,68,164
09/23/2004,TUP,MS,ASO,CE,Federal Contract Tower,0,9,14,7,30,0,2,88,7,97,0,11,102,14,127,76,6,82,209
09/24/2004,TUP,MS,ASO,CE,Federal Contract Tower,0,7,13,2,22,0,5,76,0,81,0,12,89,2,103,80,2,82,185
09/25/2004,TUP,MS,ASO,CE,Federal Contract Tower,0,6,9,0,15,0,0,92,0,92,0,6,101,0,107,84,0,84,191
09/26/2004,TUP,MS,ASO,CE,Federal Contract Tower,0,7,12,1,20,0,3,63,0,66,0,10,75,1,86,90,0,90,176
09/27/2004,TUP,MS,ASO,CE,Federal Contract Tower,0,15,28,15,58,0,0,61,18,79,0,15,89,33,137,80,32,112,249
09/28/2004,TUP,MS,ASO,CE,Federal Contract Tower,0,9,14,6,29,0,3,82,0,85,0,12,96,6,114,88,0,88,202
09/29/2004,TUP,MS,ASO,CE,Federal Contract Tower,0,6,12,0,18,0,7,66,0,73,0,13,78,0,91,72,0,72,163
09/30/2004,TUP,MS,ASO,CE,Federal Contract Tower,0,7,12,6,25,0,2,70,7,79,0,9,82,13,104,84,12,96,200
10/01/2004,TUP,MS,ASO,CE,Federal Contract Tower,0,11,16,5,32,0,0,73,4,77,0,11,89,9,109,76,10,86,195
10/02/2004,TUP,MS,ASO,CE,Federal Contract Tower,0,6,9,0,15,0,0,95,0,95,0,6,104,0,110,108,0,108,218
10/03/2004,TUP,MS,ASO,CE,Federal Contract Tower,0,6,17,0,23,0,0,70,22,92,0,6,87,22,115,82,28,110,225
10/04/2004,TUP,MS,ASO,CE,Federal Contract Tower,0,11,15,2,28,0,0,80,3,83,0,11,95,5,111,86,4,90,201
10/05/2004,TUP,MS,ASO,CE,Federal Contract Tower,0,9,29,0,38,0,1,77,0,78,0,10,106,0,116,66,0,66,182
10/06/2004,TUP,MS,ASO,CE,Federal Contract Tower,0,8,32,0,40,0,2,71,7,80,0,10,103,7,120,84,2,86,206
10/07/2004,TUP,MS,ASO,CE,Federal Contract Tower,0,11,16,3,30,0,1,78,6,85,0,12,94,9,115,88,6,94,209
10/08/2004,TUP,MS,ASO,CE,Federal Contract Tower,2,12,19,9,42,0,0,62,0,62,2,12,81,9,104,60,6,66,170
10/09/2004,TUP,MS,ASO,CE,Federal Contract Tower,0,6,7,0,13,0,0,59,0,59,0,6,66,0,72,32,0,32,104
10/10/2004,TUP,MS,ASO,CE,Federal Contract Tower,0,8,20,0,28,0,0,41,0,41,0,8,61,0,69,54,0,54,123
10/11/2004,TUP,MS,ASO,CE,Federal Contract Tower,0,6,24,4,34,0,0,36,0,36,0,6,60,4,70,0,0,0,70
10/12/2004,TUP,MS,ASO,CE,Federal Contract Tower,0,13,27,5,45,0,1,31,0,32,0,14,58,5,77,0,0,0,77
10/13/2004,TUP,MS,ASO,CE,Federal Contract Tower,0,9,19,11,39,0,1,46,0,47,0,10,65,11,86,52,6,58,144
10/14/2004,TUP,MS,ASO,CE,Federal Contract Tower,0,9,22,4,35,0,0,61,0,61,0,9,83,4,96,42,2,44,140
10/15/2004,TUP,MS,ASO,CE,Federal Contract Tower,0,10,23,8,41,0,0,81,0,81,0,10,104,8,122,118,8,126,248
10/16/2004,TUP,MS,ASO,CE,Federal Contract Tower,0,5,10,0,15,0,0,79,0,79,0,5,89,0,94,98,0,98,192
10/17/2004,TUP,MS,ASO,CE,Federal Contract Tower,0,8,24,6,38,0,0,38,4,42,0,8,62,10,80,48,8,56,136
10/18/2004,TUP,MS,ASO,CE,Federal Contract Tower,0,13,20,14,47,0,0,38,0,38,0,13,58,14,85,62,0,62,147
10/19/2004,TUP,MS,ASO,CE,Federal Contract Tower,0,9,4,2,15,0,0,49,0,49,0,9,53,2,64,48,0,48,112
10/20/2004,TUP,MS,ASO,CE,Federal Contract Tower,0,10,20,3,33,0,0,8,0,8,0,10,28,3,41,4,2,6,47
10/21/2004,TUP,MS,ASO,CE,Federal Contract Tower,0,9,32,6,47,0,0,19,0,19,0,9,51,6,66,16,4,20,86
10/22/2004,TUP,MS,ASO,CE,Federal Contract Tower,0,10,33,3,46,0,1,45,18,64,0,11,78,21,110,62,18,80,190
10/23/2004,TUP,MS,ASO,CE,Federal Contract Tower,0,6,7,1,14,0,0,39,0,39,0,6,46,1,53,4,0,4,57
10/24/2004,TUP,MS,ASO,CE,Federal Contract Tower,0,9,11,3,23,0,0,67,26,93,0,9,78,29,116,128,16,144,260
10/25/2004,TUP,MS,ASO,CE,Federal Contract Tower,0,13,31,14,58,0,0,76,4,80,0,13,107,18,138,138,8,146,284
10/26/2004,TUP,MS,ASO,CE,Federal Contract Tower,0,10,19,23,52,0,0,90,6,96,0,10,109,29,148,90,24,114,262
10/27/2004,TUP,MS,ASO,CE,Federal Contract Tower,0,11,21,7,39,0,2,55,11,68,0,13,76,18,107,66,16,82,189
10/28/2004,TUP,MS,ASO,CE,Federal Contract Tower,0,11,20,9,40,0,1,56,8,65,0,12,76,17,105,64,14,78,183
10/29/2004,TUP,MS,ASO,CE,Federal Contract Tower,0,11,15,12,38,0,0,77,21,98,0,11,92,33,136,102,28,130,266
10/30/2004,TUP,MS,ASO,CE,Federal Contract Tower,0,6,11,0,17,0,0,79,0,79,0,6,90,0,96,84,0,84,180
10/31/2004,TUP,MS,ASO,CE,Federal Contract Tower,0,7,21,0,28,0,0,55,0,55,0,7,76,0,83,86,0,86,169
11/01/2004,TUP,MS,ASO,CE,Federal Contract Tower,0,12,26,18,56,0,0,48,4,52,0,12,74,22,108,90,4,94,202
11/02/2004,TUP,MS,ASO,CE,Federal Contract Tower,0,10,12,14,36,0,1,41,1,43,0,11,53,15,79,22,2,24,103
11/03/2004,TUP,MS,ASO,CE,Federal Contract Tower,0,8,25,2,35,0,0,6,0,6,0,8,31,2,41,10,2,12,53
11/04/2004,TUP,MS,ASO,CE,Federal Contract Tower,0,10,19,4,33,0,1,61,10,72,0,11,80,14,105,54,12,66,171
11/05/2004,TUP,MS,ASO,CE,Federal Contract Tower,0,10,18,10,38,0,0,84,5,89,0,10,102,15,127,88,20,108,235
11/06/2004,TUP,MS,ASO,CE,Federal Contract Tower,0,6,11,0,17,0,0,116,0,116,0,6,127,0,133,92,0,92,225
11/07/2004,TUP,MS,ASO,CE,Federal Contract Tower,0,10,14,11,35,0,0,75,1,76,0,10,89,12,111,104,16,120,231
11/08/2004,TUP,MS,ASO,CE,Federal Contract Tower,0,15,16,50,81,0,1,75,7,83,0,16,91,57,164,116,10,126,290
11/09/2004,TUP,MS,ASO,CE,Federal Contract Tower,0,8,22,35,65,0,1,75,7,83,0,9,97,42,148,56,24,80,228
11/10/2004,TUP,MS,ASO,CE,Federal Contract Tower,0,8,14,21,43,0,1,77,6,84,0,9,91,27,127,64,10,74,201
11/11/2004,TUP,MS,ASO,CE,Federal Contract Tower,0,6,23,12,41,0,0,22,14,36,0,6,45,26,77,20,8,28,105
11/12/2004,TUP,MS,ASO,CE,Federal Contract Tower,1,12,16,6,35,0,0,8,0,8,1,12,24,6,43,4,2,6,49
11/13/2004,TUP,MS,ASO,CE,Federal Contract Tower,2,6,13,0,21,0,0,71,25,96,2,6,84,25,117,74,18,92,209
11/14/2004,TUP,MS,ASO,CE,Federal Contract Tower,0,8,17,6,31,0,0,80,19,99,0,8,97,25,130,110,14,124,254
11/15/2004,TUP,MS,ASO,CE,Federal Contract Tower,0,12,18,34,64,0,0,92,2,94,0,12,110,36,158,80,28,108,266
11/16/2004,TUP,MS,ASO,CE,Federal Contract Tower,0,10,36,21,67,0,2,86,13,101,0,12,122,34,168,98,22,120,288
11/17/2004,TUP,MS,ASO,CE,Federal Contract Tower,0,8,21,23,52,0,0,62,10,72,0,8,83,33,124,96,30,126,250
11/18/2004,TUP,MS,ASO,CE,Federal Contract Tower,0,9,24,20,53,0,1,67,0,68,0,10,91,20,121,50,24,74,195
11/19/2004,TUP,MS,ASO,CE,Federal Contract Tower,0,9,33,18,60,0,2,47,12,61,0,11,80,30,121,54,32,86,207
11/20/2004,TUP,MS,ASO,CE,Federal Contract Tower,0,6,14,7,27,0,0,66,5,71,0,6,80,12,98,74,32,106,204
11/21/2004,TUP,MS,ASO,CE,Federal Contract Tower,0,6,20,3,29,0,0,40,0,40,0,6,60,3,69,40,4,44,113
11/22/2004,TUP,MS,ASO,CE,Federal Contract Tower,0,12,16,0,28,0,0,0,0,0,0,12,16,0,28,0,0,0,28
11/23/2004,TUP,MS,ASO,CE,Federal Contract Tower,0,9,14,0,23,0,1,12,0,13,0,10,26,0,36,0,0,0,36
11/24/2004,TUP,MS,ASO,CE,Federal Contract Tower,0,11,17,8,36,0,1,32,0,33,0,12,49,8,69,34,2,36,105
11/25/2004,TUP,MS,ASO,CE,Federal Contract Tower,0,6,9,0,15,0,0,50,0,50,0,6,59,0,65,66,0,66,131
11/26/2004,TUP,MS,ASO,CE,Federal Contract Tower,0,10,19,0,29,0,1,70,0,71,0,11,89,0,100,68,0,68,168
11/27/2004,TUP,MS,ASO,CE,Federal Contract Tower,0,7,6,0,13,0,0,24,0,24,0,7,30,0,37,0,0,0,37
11/28/2004,TUP,MS,ASO,CE,Federal Contract Tower,0,7,24,0,31,0,0,58,0,58,0,7,82,0,89,102,0,102,191
11/29/2004,TUP,MS,ASO,CE,Federal Contract Tower,0,10,11,7,28,0,0,66,14,80,0,10,77,21,108,90,24,114,222
11/30/2004,TUP,MS,ASO,CE,Federal Contract Tower,0,12,7,0,19,0,0,4,0,4,0,12,11,0,23,0,0,0,23
12/01/2004,TUP,MS,ASO,CE,Federal Contract Tower,0,10,21,4,35,0,1,65,2,68,0,11,86,6,103,46,4,50,153
12/02/2004,TUP,MS,ASO,CE,Federal Contract Tower,0,12,25,6,43,0,2,70,3,75,0,14,95,9,118,124,8,132,250
12/03/2004,TUP,MS,ASO,CE,Federal Contract Tower,0,9,18,16,43,0,1,73,12,86,0,10,91,28,129,74,28,102,231
12/04/2004,TUP,MS,ASO,CE,Federal Contract Tower,2,6,7,0,15,0,0,92,10,102,2,6,99,10,117,88,8,96,213
12/05/2004,TUP,MS,ASO,CE,Federal Contract Tower,0,8,15,2,25,0,0,17,0,17,0,8,32,2,42,24,4,28,70
12/06/2004,TUP,MS,ASO,CE,Federal Contract Tower,0,12,12,0,24,0,0,0,0,0,0,12,12,0,24,0,0,0,24
12/07/2004,TUP,MS,ASO,CE,Federal Contract Tower,0,8,16,8,32,0,0,71,0,71,0,8,87,8,103,74,10,84,187
12/08/2004,TUP,MS,ASO,CE,Federal Contract Tower,0,10,25,3,38,0,1,58,4,63,0,11,83,7,101,76,8,84,185
12/09/2004,TUP,MS,ASO,CE,Federal Contract Tower,0,9,19,6,34,0,0,63,11,74,0,9,82,17,108,64,18,82,190
12/10/2004,TUP,MS,ASO,CE,Federal Contract Tower,0,11,8,4,23,0,1,64,4,69,0,12,72,8,92,74,8,82,174
12/11/2004,TUP,MS,ASO,CE,Federal Contract Tower,0,6,16,0,22,0,0,70,11,81,0,6,86,11,103,78,14,92,195
12/12/2004,TUP,MS,ASO,CE,Federal Contract Tower,0,7,11,0,18,0,0,59,6,65,0,7,70,6,83,80,6,86,169
12/13/2004,TUP,MS,ASO,CE,Federal Contract Tower,0,12,18,6,36,0,2,66,0,68,0,14,84,6,104,100,0,100,204
12/14/2004,TUP,MS,ASO,CE,Federal Contract Tower,0,11,15,6,32,0,0,64,5,69,0,11,79,11,101,36,14,50,151
12/15/2004,TUP,MS,ASO,CE,Federal Contract Tower,0,8,21,10,39,0,2,71,4,77,0,10,92,14,116,74,8,82,198
12/16/2004,TUP,MS,ASO,CE,Federal Contract Tower,0,8,19,12,39,0,2,72,1,75,0,10,91,13,114,86,14,100,214
12/17/2004,TUP,MS,ASO,CE,Federal Contract Tower,0,8,18,16,42,0,0,70,4,74,0,8,88,20,116,76,32,108,224
12/18/2004,TUP,MS,ASO,CE,Federal Contract Tower,0,5,6,0,11,0,0,90,0,90,0,5,96,0,101,76,0,76,177
12/19/2004,TUP,MS,ASO,CE,Federal Contract Tower,0,6,11,0,17,0,0,57,0,57,0,6,68,0,74,60,0,60,134
12/20/2004,TUP,MS,ASO,CE,Federal Contract Tower,0,13,13,0,26,0,0,65,0,65,0,13,78,0,91,74,0,74,165
12/21/2004,TUP,MS,ASO,CE,Federal Contract Tower,0,9,15,5,29,0,1,70,4,75,0,10,85,9,104,50,12,62,166
12/22/2004,TUP,MS,ASO,CE,Federal Contract Tower,0,4,11,0,15,0,0,7,0,7,0,4,18,0,22,0,0,0,22
12/23/2004,TUP,MS,ASO,CE,Federal Contract Tower,0,9,8,0,17,0,0,37,0,37,0,9,45,0,54,38,0,38,92
12/24/2004,TUP,MS,ASO,CE,Federal Contract Tower,0,5,8,0,13,0,0,40,2,42,0,5,48,2,55,66,2,68,123
12/25/2004,TUP,MS,ASO,CE,Federal Contract Tower,0,5,5,0,10,0,0,60,0,60,0,5,65,0,70,34,0,34,104
12/26/2004,TUP,MS,ASO,CE,Federal Contract Tower,0,6,10,0,16,0,0,60,0,60,0,6,70,0,76,68,0,68,144
12/27/2004,TUP,MS,ASO,CE,Federal Contract Tower,0,12,18,7,37,0,0,61,3,64,0,12,79,10,101,68,14,82,183
12/28/2004,TUP,MS,ASO,CE,Federal Contract Tower,0,10,13,0,23,0,0,54,0,54,0,10,67,0,77,64,0,64,141
12/29/2004,TUP,MS,ASO,CE,Federal Contract Tower,0,8,16,0,24,0,0,60,4,64,0,8,76,4,88,84,2,86,174
12/30/2004,TUP,MS,ASO,CE,Federal Contract Tower,0,8,19,0,27,0,0,63,0,63,0,8,82,0,90,100,0,100,190
12/31/2004,TUP,MS,ASO,CE,Federal Contract Tower,0,7,15,0,22,0,0,73,0,73,0,7,88,0,95,116,0,116,211
01/01/2005,TUP,MS,ASO,CE,Federal Contract Tower,0,6,3,0,9,0,0,81,0,81,0,6,84,0,90,70,0,70,160
01/02/2005,TUP,MS,ASO,CE,Federal Contract Tower,0,5,13,0,18,0,0,76,0,76,0,5,89,0,94,74,0,74,168
01/03/2005,TUP,MS,ASO,CE,Federal Contract Tower,0,12,16,8,36,0,0,81,2,83,0,12,97,10,119,92,0,92,211
01/04/2005,TUP,MS,ASO,CE,Federal Contract Tower,0,11,13,26,50,0,0,72,7,79,0,11,85,33,129,78,14,92,221
01/05/2005,TUP,MS,ASO,CE,Federal Contract Tower,0,10,10,10,30,0,0,50,0,50,0,10,60,10,80,62,2,64,144
01/06/2005,TUP,MS,ASO,CE,Federal Contract Tower,0,9,21,9,39,0,0,13,4,17,0,9,34,13,56,8,4,12,68
01/07/2005,TUP,MS,ASO,CE,Federal Contract Tower,0,9,6,0,15,0,0,10,0,10,0,9,16,0,25,0,0,0,25
01/08/2005,TUP,MS,ASO,CE,Federal Contract Tower,0,6,12,8,26,0,0,68,8,76,0,6,80,16,102,52,18,70,172
01/09/2005,TUP,MS,ASO,CE,Federal Contract Tower,0,6,12,6,24,0,0,81,11,92,0,6,93,17,116,70,38,108,224
01/10/2005,TUP,MS,ASO,CE,Federal Contract Tower,0,16,21,14,51,0,0,62,2,64,0,16,83,16,115,36,10,46,161
01/11/2005,TUP,MS,ASO,CE,Federal Contract Tower,2,10,17,14,43,0,0,61,0,61,2,10,78,14,104,62,4,66,170
01/12/2005,TUP,MS,ASO,CE,Federal Contract Tower,1,8,19,23,51,0,0,30,0,30,1,8,49,23,81,34,10,44,125
01/13/2005,TUP,MS,ASO,CE,Federal Contract Tower,0,9,17,6,32,0,0,32,0,32,0,9,49,6,64,8,6,14,78
01/14/2005,TUP,MS,ASO,CE,Federal Contract Tower,2,10,26,13,51,0,1,68,0,69,2,11,94,13,120,70,20,90,210
01/15/2005,TUP,MS,ASO,CE,Federal Contract Tower,1,6,9,3,19,0,0,92,0,92,1,6,101,3,111,98,6,104,215
01/16/2005,TUP,MS,ASO,CE,Federal Contract Tower,0,6,9,0,15,0,0,80,0,80,0,6,89,0,95,76,0,76,171
01/17/2005,TUP,MS,ASO,CE,Federal Contract Tower,0,6,19,2,27,0,0,95,0,95,0,6,114,2,122,68,2,70,192
01/18/2005,TUP,MS,ASO,CE,Federal Contract Tower,2,10,13,11,36,0,2,88,3,93,2,12,101,14,129,60,16,76,205
01/19/2005,TUP,MS,ASO,CE,Federal Contract Tower,1,6,19,26,52,0,0,82,4,86,1,6,101,30,138,74,30,104,242
01/20/2005,TUP,MS,ASO,CE,Federal Contract Tower,0,7,24,24,55,0,1,69,11,81,0,8,93,35,136,64,38,102,238
01/21/2005,TUP,MS,ASO,CE,Federal Contract Tower,0,9,18,3,30,0,1,72,7,80,0,10,90,10,110,46,10,56,166
01/22/2005,TUP,MS,ASO,CE,Federal Contract Tower,0,5,2,0,7,0,0,57,0,57,0,5,59,0,64,36,0,36,100
01/23/2005,TUP,MS,ASO,CE,Federal Contract Tower,0,6,10,6,22,0,0,79,29,108,0,6,89,35,130,76,32,108,238
01/24/2005,TUP,MS,ASO,CE,Federal Contract Tower,0,14,9,14,37,0,0,94,0,94,0,14,103,14,131,56,10,66,197
01/25/2005,TUP,MS,ASO,CE,Federal Contract Tower,2,11,15,13,41,0,1,76,14,91,2,12,91,27,132,102,24,126,258
01/26/2005,TUP,MS,ASO,CE,Federal Contract Tower,0,7,30,1,38,0,1,58,7,66,0,8,88,8,104,82,12,94,198
01/27/2005,TUP,MS,ASO,CE,Federal Contract Tower,0,9,26,0,35,0,1,61,12,74,0,10,87,12,109,90,20,110,219
01/28/2005,TUP,MS,ASO,CE,Federal Contract Tower,0,11,14,0,25,0,2,38,2,42,0,13,52,2,67,44,6,50,117
01/29/2005,TUP,MS,ASO,CE,Federal Contract Tower,0,10,4,0,14,0,0,0,0,0,0,10,4,0,14,0,0,0,14
01/30/2005,TUP,MS,ASO,CE,Federal Contract Tower,2,8,14,0,24,0,0,60,0,60,2,8,74,0,84,42,0,42,126
01/31/2005,TUP,MS,ASO,CE,Federal Contract Tower,0,12,26,2,40,0,0,57,2,59,0,12,83,4,99,58,0,58,157
02/01/2005,TUP,MS,ASO,CE,Federal Contract Tower,0,12,13,8,33,0,0,39,0,39,0,12,52,8,72,44,0,44,116
02/02/2005,TUP,MS,ASO,CE,Federal Contract Tower,0,10,22,0,32,0,0,2,0,2,0,10,24,0,34,0,0,0,34
02/03/2005,TUP,MS,ASO,CE,Federal Contract Tower,0,11,26,9,46,0,1,42,33,76,0,12,68,42,122,18,18,36,158
02/04/2005,TUP,MS,ASO,CE,Federal Contract Tower,2,10,19,5,36,0,2,68,21,91,2,12,87,26,127,86,32,118,245
02/05/2005,TUP,MS,ASO,CE,Federal Contract Tower,4,6,11,0,21,0,0,115,3,118,4,6,126,3,139,132,4,136,275
02/06/2005,TUP,MS,ASO,CE,Federal Contract Tower,2,6,12,0,20,0,0,76,33,109,2,6,88,33,129,94,28,122,251
02/07/2005,TUP,MS,ASO,CE,Federal Contract Tower,0,14,23,2,39,0,0,17,0,17,0,14,40,2,56,16,2,18,74
02/08/2005,TUP,MS,ASO,CE,Federal Contract Tower,0,9,20,5,34,0,1,35,11,47,0,10,55,16,81,28,22,50,131
02/09/2005,TUP,MS,ASO,CE,Federal Contract Tower,0,7,26,6,39,0,1,37,0,38,0,8,63,6,77,46,6,52,129
02/10/2005,TUP,MS,ASO,CE,Federal Contract Tower,0,8,9,2,19,0,1,60,5,66,0,9,69,7,85,108,6,114,199
02/11/2005,TUP,MS,ASO,CE,Federal Contract Tower,0,10,11,2,23,0,3,75,4,82,0,13,86,6,105,112,8,120,225
02/12/2005,TUP,MS,ASO,CE,Federal Contract Tower,0,7,13,0,20,0,0,82,0,82,0,7,95,0,102,82,0,82,184
02/13/2005,TUP,MS,ASO,CE,Federal Contract Tower,0,6,12,4,22,0,0,18,0,18,0,6,30,4,40,22,4,26,66
02/14/2005,TUP,MS,ASO,CE,Federal Contract Tower,1,8,16,5,30,0,2,110,3,115,1,10,126,8,145,80,2,82,227
02/15/2005,TUP,MS,ASO,CE,Federal Contract Tower,1,11,34,0,46,0,1,93,7,101,1,12,127,7,147,62,16,78,225
02/16/2005,TUP,MS,ASO,CE,Federal Contract Tower,0,9,34,6,49,0,1,60,8,69,0,10,94,14,118,108,26,134,252
02/17/2005,TUP,MS,ASO,CE,Federal Contract Tower,0,9,48,0,57,0,4,68,6,78,0,13,116,6,135,64,8,72,207
02/18/2005,TUP,MS,ASO,CE,Federal Contract Tower,0,8,13,3,24,0,6,88,10,104,0,14,101,13,128,100,14,114,242
02/19/2005,TUP,MS,ASO,CE,Federal Contract Tower,0,8,18,0,26,0,0,67,0,67,0,8,85,0,93,88,0,88,181
02/20/2005,TUP,MS,ASO,CE,Federal Contract Tower,0,6,14,0,20,0,0,22,0,22,0,6,36,0,42,30,0,30,72
02/21/2005,TUP,MS,ASO,CE,Federal Contract Tower,0,6,20,0,26,0,0,38,0,38,0,6,58,0,64,14,0,14,78
02/22/2005,TUP,MS,ASO,CE,Federal Contract Tower,0,8,21,4,33,0,4,68,13,85,0,12,89,17,118,52,26,78,196
02/23/2005,TUP,MS,ASO,CE,Federal Contract Tower,2,10,18,4,34,0,0,31,5,36,2,10,49,9,70,34,36,70,140
02/24/2005,TUP,MS,ASO,CE,Federal Contract Tower,0,8,27,4,39,0,2,61,14,77,0,10,88,18,116,86,44,130,246
02/25/2005,TUP,MS,ASO,CE,Federal Contract Tower,0,11,5,16,32,0,2,98,61,161,0,13,103,77,193,90,86,176,369
02/26/2005,TUP,MS,ASO,CE,Federal Contract Tower,0,6,7,0,13,0,0,94,33,127,0,6,101,33,140,98,30,128,268
02/27/2005,TUP,MS,ASO,CE,Federal Contract Tower,0,9,12,0,21,0,0,31,12,43,0,9,43,12,64,24,28,52,116
02/28/2005,TUP,MS,ASO,CE,Federal Contract Tower,0,8,24,10,42,0,2,92,0,94,0,10,116,10,136,76,10,86,222
03/01/2005,TUP,MS,ASO,CE,Federal Contract Tower,2,8,23,24,57,0,3,90,3,96,2,11,113,27,153,104,18,122,275
03/02/2005,TUP,MS,ASO,CE,Federal Contract Tower,2,7,22,15,46,0,1,72,0,73,2,8,94,15,119,80,14,94,213
03/03/2005,TUP,MS,ASO,CE,Federal Contract Tower,0,8,23,16,47,0,3,79,4,86,0,11,102,20,133,136,16,152,285
03/04/2005,TUP,MS,ASO,CE,Federal Contract Tower,0,11,24,0,35,0,3,69,6,78,0,14,93,6,113,96,10,106,219
03/05/2005,TUP,MS,ASO,CE,Federal Contract Tower,2,7,16,1,26,0,1,96,2,99,2,8,112,3,125,86,10,96,221
03/06/2005,TUP,MS,ASO,CE,Federal Contract Tower,0,9,21,0,30,0,2,93,0,95,0,11,114,0,125,76,0,76,201
03/07/2005,TUP,MS,ASO,CE,Federal Contract Tower,0,10,11,0,21,0,0,3,0,3,0,10,14,0,24,0,0,0,24
03/08/2005,TUP,MS,ASO,CE,Federal Contract Tower,0,9,23,3,35,0,1,95,6,102,0,10,118,9,137,108,16,124,261
03/09/2005,TUP,MS,ASO,CE,Federal Contract Tower,0,10,12,2,24,0,0,28,0,28,0,10,40,2,52,24,0,24,76
03/10/2005,TUP,MS,ASO,CE,Federal Contract Tower,0,11,24,0,35,0,1,51,4,56,0,12,75,4,91,42,2,44,135
03/11/2005,TUP,MS,ASO,CE,Federal Contract Tower,0,13,13,0,26,0,3,68,6,77,0,16,81,6,103,16,4,20,123
03/12/2005,TUP,MS,ASO,CE,Federal Contract Tower,0,7,14,0,21,0,1,65,13,79,0,8,79,13,100,52,6,58,158
03/13/2005,TUP,MS,ASO,CE,Federal Contract Tower,0,6,15,0,21,0,0,103,3,106,0,6,118,3,127,62,2,64,191
03/14/2005,TUP,MS,ASO,CE,Federal Contract Tower,0,8,17,0,25,0,4,99,0,103,0,12,116,0,128,68,0,68,196
03/15/2005,TUP,MS,ASO,CE,Federal Contract Tower,0,8,22,3,33,0,2,82,6,90,0,10,104,9,123,66,18,84,207
03/16/2005,TUP,MS,ASO,CE,Federal Contract Tower,0,9,27,0,36,0,0,25,0,25,0,9,52,0,61,38,0,38,99
03/17/2005,TUP,MS,ASO,CE,Federal Contract Tower,0,8,20,0,28,0,4,69,4,77,0,12,89,4,105,94,0,94,199
03/18/2005,TUP,MS,ASO,CE,Federal Contract Tower,0,8,21,0,29,0,5,78,8,91,0,13,99,8,120,90,4,94,214
03/19/2005,TUP,MS,ASO,CE,Federal Contract Tower,0,6,20,1,27,0,0,5,0,5,0,6,25,1,32,0,0,0,32
03/20/2005,TUP,MS,ASO,CE,Federal Contract Tower,0,6,13,1,20,0,0,62,0,62,0,6,75,1,82,50,0,50,132
03/21/2005,TUP,MS,ASO,CE,Federal Contract Tower,0,12,22,0,34,0,0,98,0,98,0,12,120,0,132,68,0,68,200
03/22/2005,TUP,MS,ASO,CE,Federal Contract Tower,0,11,12,0,23,0,2,67,0,69,0,13,79,0,92,94,0,94,186
03/23/2005,TUP,MS,ASO,CE,Federal Contract Tower,0,8,35,2,45,0,1,46,0,47,0,9,81,2,92,78,0,78,170
03/24/2005,TUP,MS,ASO,CE,Federal Contract Tower,0,7,25,0,32,0,1,77,6,84,0,8,102,6,116,98,4,102,218
03/25/2005,TUP,MS,ASO,CE,Federal Contract Tower,0,10,26,0,36,0,1,75,1,77,0,11,101,1,113,100,0,100,213
03/26/2005,TUP,MS,ASO,CE,Federal Contract Tower,0,6,12,0,18,0,2,76,0,78,0,8,88,0,96,68,0,68,164
03/27/2005,TUP,MS,ASO,CE,Federal Contract Tower,0,4,3,0,7,0,0,0,0,0,0,4,3,0,7,0,0,0,7
03/28/2005,TUP,MS,ASO,CE,Federal Contract Tower,0,7,32,0,39,0,3,102,0,105,0,10,134,0,144,72,0,72,216
03/29/2005,TUP,MS,ASO,CE,Federal Contract Tower,0,7,11,0,18,0,4,98,16,118,0,11,109,16,136,118,36,154,290
03/30/2005,TUP,MS,ASO,CE,Federal Contract Tower,0,7,10,0,17,0,0,87,10,97,0,7,97,10,114,70,6,76,190
03/31/2005,TUP,MS,ASO,CE,Federal Contract Tower,0,8,22,0,30,0,4,82,1,87,0,12,104,1,117,118,0,118,235
04/01/2005,TUP,MS,ASO,CE,Federal Contract Tower,0,13,30,0,43,0,0,26,0,26,0,13,56,0,69,2,0,2,71
04/02/2005,TUP,MS,ASO,CE,Federal Contract Tower,0,6,6,0,12,0,0,73,8,81,0,6,79,8,93,54,16,70,163
04/03/2005,TUP,MS,ASO,CE,Federal Contract Tower,0,6,16,0,22,0,0,113,0,113,0,6,129,0,135,106,0,106,241
04/04/2005,TUP,MS,ASO,CE,Federal Contract Tower,0,7,34,0,41,0,5,123,4,132,0,12,157,4,173,98,2,100,273
04/05/2005,TUP,MS,ASO,CE,Federal Contract Tower,0,9,14,0,23,0,0,128,13,141,0,9,142,13,164,94,14,108,272
04/06/2005,TUP,MS,ASO,CE,Federal Contract Tower,0,6,9,0,15,0,0,9,0,9,0,6,18,0,24,6,0,6,30
04/07/2005,TUP,MS,ASO,CE,Federal Contract Tower,0,7,17,0,24,0,3,72,4,79,0,10,89,4,103,90,2,92,195
04/08/2005,TUP,MS,ASO,CE,Federal Contract Tower,0,12,20,0,32,0,0,65,12,77,0,12,85,12,109,30,22,52,161
04/09/2005,TUP,MS,ASO,CE,Federal Contract Tower,0,6,10,0,16,0,0,102,19,121,0,6,112,19,137,90,38,128,265
04/10/2005,TUP,MS,ASO,CE,Federal Contract Tower,0,7,10,0,17,0,0,105,29,134,0,7,115,29,151,92,38,130,281
04/11/2005,TUP,MS,ASO,CE,Federal Contract Tower,0,10,8,0,18,0,2,48,7,57,0,12,56,7,75,30,8,38,113
04/12/2005,TUP,MS,ASO,CE,Federal Contract Tower,0,9,11,0,20,0,1,104,11,116,0,10,115,11,136,126,18,144,280
04/13/2005,TUP,MS,ASO,CE,Federal Contract Tower,0,8,20,0,28,0,2,72,0,74,0,10,92,0,102,62,0,62,164
04/14/2005,TUP,MS,ASO,CE,Federal Contract Tower,0,7,25,1,33,0,1,72,9,82,0,8,97,10,115,114,16,130,245
04/15/2005,TUP,MS,ASO,CE,Federal Contract Tower,0,9,20,0,29,0,4,95,22,121,0,13,115,22,150,98,22,120,270
04/16/2005,TUP,MS,ASO,CE,Federal Contract Tower,0,6,22,0,28,0,0,80,23,103,0,6,102,23,131,92,42,134,265
04/17/2005,TUP,MS,ASO,CE,Federal Contract Tower,0,7,17,0,24,0,0,104,22,126,0,7,121,22,150,82,50,132,282
04/18/2005,TUP,MS,ASO,CE,Federal Contract Tower,0,10,12,0,22,0,1,103,4,108,0,11,115,4,130,82,0,82,212
04/19/2005,TUP,MS,ASO,CE,Federal Contract Tower,0,9,9,0,18,0,2,110,9,121,0,11,119,9,139,84,22,106,245
04/20/2005,TUP,MS,ASO,CE,Federal Contract Tower,0,13,19,0,32,0,1,86,4,91,0,14,105,4,123,90,0,90,213
04/21/2005,TUP,MS,ASO,CE,Federal Contract Tower,0,8,19,2,29,0,4,75,9,88,0,12,94,11,117,86,14,100,217
04/22/2005,TUP,MS,ASO,CE,Federal Contract Tower,0,12,10,0,22,0,2,87,0,89,0,14,97,0,111,58,0,58,169
04/23/2005,TUP,MS,ASO,CE,Federal Contract Tower,0,6,12,0,18,0,0,71,32,103,0,6,83,32,121,68,4,72,193
04/24/2005,TUP,MS,ASO,CE,Federal Contract Tower,0,6,11,0,17,0,0,90,4,94,0,6,101,4,111,94,8,102,213
04/25/2005,TUP,MS,ASO,CE,Federal Contract Tower,0,14,16,0,30,0,2,113,2,117,0,16,129,2,147,130,4,134,281
04/26/2005,TUP,MS,ASO,CE,Federal Contract Tower,0,12,10,3,25,0,2,84,0,86,0,14,94,3,111,48,4,52,163
04/27/2005,TUP,MS,ASO,CE,Federal Contract Tower,0,10,25,0,35,0,2,86,13,101,0,12,111,13,136,92,12,104,240
04/28/2005,TUP,MS,ASO,CE,Federal Contract Tower,0,9,21,3,33,0,3,80,2,85,0,12,101,5,118,124,4,128,246
04/29/2005,TUP,MS,ASO,CE,Federal Contract Tower,0,14,21,12,47,0,1,71,6,78,0,15,92,18,125,56,20,76,201
04/30/2005,TUP,MS,ASO,CE,Federal Contract Tower,0,6,11,0,17,0,0,48,0,48,0,6,59,0,65,24,0,24,89
05/01/2005,TUP,MS,ASO,CE,Federal Contract Tower,0,6,15,0,21,0,0,103,19,122,0,6,118,19,143,98,20,118,261
05/02/2005,TUP,MS,ASO,CE,Federal Contract Tower,0,11,16,20,47,0,4,112,12,128,0,15,128,32,175,94,30,124,299
05/03/2005,TUP,MS,ASO,CE,Federal Contract Tower,0,9,19,27,55,0,4,106,9,119,0,13,125,36,174,88,40,128,302
05/04/2005,TUP,MS,ASO,CE,Federal Contract Tower,0,8,23,27,58,0,2,80,14,96,0,10,103,41,154,70,42,112,266
05/05/2005,TUP,MS,ASO,CE,Federal Contract Tower,0,9,18,14,41,0,1,90,6,97,0,10,108,20,138,96,26,122,260
05/06/2005,TUP,MS,ASO,CE,Federal Contract Tower,0,11,17,13,41,0,5,89,6,100,0,16,106,19,141,100,18,118,259
05/07/2005,TUP,MS,ASO,CE,Federal Contract Tower,0,6,4,0,10,0,0,89,4,93,0,6,93,4,103,86,10,96,199
05/08/2005,TUP,MS,ASO,CE,Federal Contract Tower,0,6,15,2,23,0,0,85,4,89,0,6,100,6,112,80,6,86,198
05/09/2005,TUP,MS,ASO,CE,Federal Contract Tower,0,13,14,3,30,0,1,73,2,76,0,14,87,5,106,42,6,48,154
05/10/2005,TUP,MS,ASO,CE,Federal Contract Tower,0,16,15,16,47,0,2,86,16,104,0,18,101,32,151,114,28,142,293
05/11/2005,TUP,MS,ASO,CE,Federal Contract Tower,0,10,23,2,35,0,2,78,17,97,0,12,101,19,132,78,32,110,242
05/12/2005,TUP,MS,ASO,CE,Federal Contract Tower,0,9,25,11,45,0,3,73,18,94,0,12,98,29,139,96,44,140,279
05/13/2005,TUP,MS,ASO,CE,Federal Contract Tower,0,15,17,15,47,0,1,80,17,98,0,16,97,32,145,68,66,134,279
05/14/2005,TUP,MS,ASO,CE,Federal Contract Tower,0,8,6,0,14,0,0,64,0,64,0,8,70,0,78,42,0,42,120
05/15/2005,TUP,MS,ASO,CE,Federal Contract Tower,0,6,12,5,23,0,0,86,6,92,0,6,98,11,115,72,10,82,197
05/16/2005,TUP,MS,ASO,CE,Federal Contract Tower,0,11,20,5,36,0,0,101,11,112,0,11,121,16,148,88,28,116,264
05/17/2005,TUP,MS,ASO,CE,Federal Contract Tower,0,9,17,9,35,0,3,108,11,122,0,12,125,20,157,92,32,124,281
05/18/2005,TUP,MS,ASO,CE,Federal Contract Tower,0,8,24,9,41,0,3,78,8,89,0,11,102,17,130,90,14,104,234
05/19/2005,TUP,MS,ASO,CE,Federal Contract Tower,0,12,26,6,44,0,3,66,9,78,0,15,92,15,122,94,16,110,232
05/20/2005,TUP,MS,ASO,CE,Federal Contract Tower,0,13,9,5,27,0,2,90,7,99,0,15,99,12,126,74,12,86,212
05/21/2005,TUP,MS,ASO,CE,Federal Contract Tower,0,6,9,0,15,0,0,79,9,88,0,6,88,9,103,72,8,80,183
05/22/2005,TUP,MS,ASO,CE,Federal Contract Tower,0,6,18,0,24,0,0,77,6,83,0,6,95,6,107,74,6,80,187
05/23/2005,TUP,MS,ASO,CE,Federal Contract Tower,0,13,25,2,40,0,2,100,45,147,0,15,125,47,187,60,20,80,267
05/24/2005,TUP,MS,ASO,CE,Federal Contract Tower,0,11,14,4,29,0,1,89,10,100,0,12,103,14,129,76,6,82,211
05/25/2005,TUP,MS,ASO,CE,Federal Contract Tower,0,8,15,14,37,0,0,78,24,102,0,8,93,38,139,90,46,136,275
05/26/2005,TUP,MS,ASO,CE,Federal Contract Tower,0,11,42,6,59,0,1,66,2,69,0,12,108,8,128,76,14,90,218
05/27/2005,TUP,MS,ASO,CE,Federal Contract Tower,0,12,21,0,33,0,2,76,0,78,0,14,97,0,111,108,0,108,219
05/28/2005,TUP,MS,ASO,CE,Federal Contract Tower,0,6,10,0,16,0,0,70,0,70,0,6,80,0,86,84,0,84,170
05/29/2005,TUP,MS,ASO,CE,Federal Contract Tower,0,6,0,0,6,0,0,19,0,19,0,6,19,0,25,6,0,6,31
05/30/2005,TUP,MS,ASO,CE,Federal Contract Tower,0,5,20,6,31,0,0,33,0,33,0,5,53,6,64,24,0,24,88
05/31/2005,TUP,MS,ASO,CE,Federal Contract Tower,0,14,29,11,54,0,2,18,2,22,0,16,47,13,76,0,4,4,80
06/01/2005,TUP,MS,ASO,CE,Federal Contract Tower,0,14,16,2,32,0,0,2,0,2,0,14,18,2,34,0,0,0,34
06/02/2005,TUP,MS,ASO,CE,Federal Contract Tower,0,18,24,6,48,0,2,23,2,27,0,20,47,8,75,6,6,12,87
06/03/2005,TUP,MS,ASO,CE,Federal Contract Tower,0,17,22,4,43,0,1,75,12,88,0,18,97,16,131,62,26,88,219
06/04/2005,TUP,MS,ASO,CE,Federal Contract Tower,0,12,7,4,23,0,0,87,13,100,0,12,94,17,123,74,4,78,201
06/05/2005,TUP,MS,ASO,CE,Federal Contract Tower,0,9,13,0,22,0,0,87,28,115,0,9,100,28,137,58,62,120,257
06/06/2005,TUP,MS,ASO,CE,Federal Contract Tower,0,20,19,1,40,0,1,75,1,77,0,21,94,2,117,78,0,78,195
06/07/2005,TUP,MS,ASO,CE,Federal Contract Tower,0,20,15,6,41,0,0,81,26,107,0,20,96,32,148,68,32,100,248
06/08/2005,TUP,MS,ASO,CE,Federal Contract Tower,0,14,27,0,41,0,1,90,30,121,0,15,117,30,162,74,60,134,296
06/09/2005,TUP,MS,ASO,CE,Federal Contract Tower,0,18,20,9,47,0,2,84,15,101,0,20,104,24,148,120,32,152,300
06/10/2005,TUP,MS,ASO,CE,Federal Contract Tower,0,20,17,0,37,0,2,74,30,106,0,22,91,30,143,46,20,66,209
06/11/2005,TUP,MS,ASO,CE,Federal Contract Tower,0,12,3,0,15,0,0,39,4,43,0,12,42,4,58,38,2,40,98
06/12/2005,TUP,MS,ASO,CE,Federal Contract Tower,0,11,7,2,20,0,0,39,0,39,0,11,46,2,59,28,0,28,87
06/13/2005,TUP,MS,ASO,CE,Federal Contract Tower,0,16,25,7,48,0,5,99,19,123,0,21,124,26,171,66,16,82,253
06/14/2005,TUP,MS,ASO,CE,Federal Contract Tower,0,16,20,5,41,0,8,101,10,119,0,24,121,15,160,74,26,100,260
06/15/2005,TUP,MS,ASO,CE,Federal Contract Tower,0,17,34,4,55,0,0,65,19,84,0,17,99,23,139,74,18,92,231
06/16/2005,TUP,MS,ASO,CE,Federal Contract Tower,0,15,26,8,49,0,3,70,20,93,0,18,96,28,142,72,32,104,246
06/17/2005,TUP,MS,ASO,CE,Federal Contract Tower,0,18,19,8,45,0,4,101,23,128,0,22,120,31,173,90,44,134,307
06/18/2005,TUP,MS,ASO,CE,Federal Contract Tower,0,11,10,0,21,0,0,77,0,77,0,11,87,0,98,64,0,64,162
06/19/2005,TUP,MS,ASO,CE,Federal Contract Tower,0,11,3,4,18,0,0,87,1,88,0,11,90,5,106,42,4,46,152
06/20/2005,TUP,MS,ASO,CE,Federal Contract Tower,0,16,19,0,35,0,2,100,0,102,0,18,119,0,137,74,0,74,211
06/21/2005,TUP,MS,ASO,CE,Federal Contract Tower,0,15,23,2,40,0,4,88,17,109,0,19,111,19,149,82,56,138,287
06/22/2005,TUP,MS,ASO,CE,Federal Contract Tower,0,17,24,8,49,0,1,81,10,92,0,18,105,18,141,58,34,92,233
06/23/2005,TUP,MS,ASO,CE,Federal Contract Tower,0,15,24,0,39,0,1,82,10,93,0,16,106,10,132,60,0,60,192
06/24/2005,TUP,MS,ASO,CE,Federal Contract Tower,0,16,21,2,39,0,6,71,2,79,0,22,92,4,118,50,2,52,170
06/25/2005,TUP,MS,ASO,CE,Federal Contract Tower,0,14,16,0,30,0,1,107,0,108,0,15,123,0,138,42,0,42,180
06/26/2005,TUP,MS,ASO,CE,Federal Contract Tower,0,12,8,2,22,0,0,47,0,47,0,12,55,2,69,36,4,40,109
06/27/2005,TUP,MS,ASO,CE,Federal Contract Tower,0,19,22,10,51,0,1,85,18,104,0,20,107,28,155,51,41,92,247
06/28/2005,TUP,MS,ASO,CE,Federal Contract Tower,0,15,22,10,47,0,3,77,18,98,0,18,99,28,145,72,14,86,231
06/29/2005,TUP,MS,ASO,CE,Federal Contract Tower,0,18,18,4,40,0,0,81,6,87,0,18,99,10,127,52,8,60,187
06/30/2005,TUP,MS,ASO,CE,Federal Contract Tower,0,18,17,4,39,0,1,80,7,88,0,19,97,11,127,112,22,134,261
07/01/2005,TUP,MS,ASO,CE,Federal Contract Tower,0,18,14,0,32,0,2,76,0,78,0,20,90,0,110,76,0,76,186
07/02/2005,TUP,MS,ASO,CE,Federal Contract Tower,0,12,1,0,13,0,0,76,0,76,0,12,77,0,89,56,0,56,145
07/03/2005,TUP,MS,ASO,CE,Federal Contract Tower,0,16,10,0,26,0,0,71,0,71,0,16,81,0,97,60,0,60,157
07/04/2005,TUP,MS,ASO,CE,Federal Contract Tower,0,13,7,0,20,0,0,38,0,38,0,13,45,0,58,28,0,28,86
07/05/2005,TUP,MS,ASO,CE,Federal Contract Tower,0,19,11,0,30,0,1,41,0,42,0,20,52,0,72,22,0,22,94
07/06/2005,TUP,MS,ASO,CE,Federal Contract Tower,0,15,11,25,51,0,2,66,0,68,0,17,77,25,119,50,32,82,201
07/07/2005,TUP,MS,ASO,CE,Federal Contract Tower,0,12,13,2,27,0,3,74,1,78,0,15,87,3,105,90,4,94,199
07/08/2005,TUP,MS,ASO,CE,Federal Contract Tower,0,19,11,10,40,0,1,90,10,101,0,20,101,20,141,66,34,100,241
07/09/2005,TUP,MS,ASO,CE,Federal Contract Tower,0,11,9,3,23,0,0,70,0,70,0,11,79,3,93,44,6,50,143
07/10/2005,TUP,MS,ASO,CE,Federal Contract Tower,0,13,9,0,22,0,0,29,0,29,0,13,38,0,51,22,0,22,73
07/11/2005,TUP,MS,ASO,CE,Federal Contract Tower,0,17,5,0,22,0,0,1,0,1,0,17,6,0,23,0,0,0,23
07/12/2005,TUP,MS,ASO,CE,Federal Contract Tower,0,14,22,10,46,0,0,92,1,93,0,14,114,11,139,96,4,100,239
07/13/2005,TUP,MS,ASO,CE,Federal Contract Tower,0,16,22,15,53,0,0,74,1,75,0,16,96,16,128,86,10,96,224
07/14/2005,TUP,MS,ASO,CE,Federal Contract Tower,0,22,26,17,65,0,1,66,0,67,0,23,92,17,132,68,6,74,206
07/15/2005,TUP,MS,ASO,CE,Federal Contract Tower,0,20,18,10,48,0,2,69,0,71,0,22,87,10,119,94,12,106,225
07/16/2005,TUP,MS,ASO,CE,Federal Contract Tower,0,14,13,3,30,0,0,62,2,64,0,14,75,5,94,38,4,42,136
07/17/2005,TUP,MS,ASO,CE,Federal Contract Tower,0,15,17,13,45,0,0,57,14,71,0,15,74,27,116,68,54,122,238
07/18/2005,TUP,MS,ASO,CE,Federal Contract Tower,0,20,16,14,50,0,0,113,20,133,0,20,129,34,183,78,30,108,291
07/19/2005,TUP,MS,ASO,CE,Federal Contract Tower,0,20,13,14,47,0,0,95,20,115,0,20,108,34,162,64,62,126,288
07/20/2005,TUP,MS,ASO,CE,Federal Contract Tower,0,16,21,10,47,0,0,64,6,70,0,16,85,16,117,60,14,74,191
07/21/2005,TUP,MS,ASO,CE,Federal Contract Tower,0,16,29,12,57,0,2,59,12,73,0,18,88,24,130,74,28,102,232
07/22/2005,TUP,MS,ASO,CE,Federal Contract Tower,0,18,13,3,34,0,2,92,10,104,0,20,105,13,138,72,28,100,238
07/23/2005,TUP,MS,ASO,CE,Federal Contract Tower,0,12,5,0,17,0,0,83,4,87,0,12,88,4,104,72,0,72,176
07/24/2005,TUP,MS,ASO,CE,Federal Contract Tower,0,12,15,0,27,0,0,88,0,88,0,12,103,0,115,80,0,80,195
07/25/2005,TUP,MS,ASO,CE,Federal Contract Tower,0,15,19,6,40,0,7,105,6,118,0,22,124,12,158,84,6,90,248
07/26/2005,TUP,MS,ASO,CE,Federal Contract Tower,0,16,18,14,48,0,2,99,10,111,0,18,117,24,159,96,28,124,283
07/27/2005,TUP,MS,ASO,CE,Federal Contract Tower,0,16,38,10,64,0,1,42,7,50,0,17,80,17,114,62,14,76,190
07/28/2005,TUP,MS,ASO,CE,Federal Contract Tower,0,16,24,8,48,0,2,33,0,35,0,18,57,8,83,32,6,38,121
07/29/2005,TUP,MS,ASO,CE,Federal Contract Tower,0,20,27,7,54,0,6,81,0,87,0,26,108,7,141,52,10,62,203
07/30/2005,TUP,MS,ASO,CE,Federal Contract Tower,0,11,6,0,17,0,2,77,0,79,0,13,83,0,96,78,0,78,174
07/31/2005,TUP,MS,ASO,CE,Federal Contract Tower,0,12,16,8,36,0,1,74,0,75,0,13,90,8,111,74,8,82,193
08/01/2005,TUP,MS,ASO,CE,Federal Contract Tower,0,20,14,3,37,0,3,89,0,92,0,23,103,3,129,98,6,104,233
08/02/2005,TUP,MS,ASO,CE,Federal Contract Tower,0,17,27,13,57,0,2,77,0,79,0,19,104,13,136,70,6,76,212
08/03/2005,TUP,MS,ASO,CE,Federal Contract Tower,0,16,28,8,52,0,1,70,7,78,0,17,98,15,130,68,14,82,212
08/04/2005,TUP,MS,ASO,CE,Federal Contract Tower,0,17,20,4,41,0,6,67,1,74,0,23,87,5,115,66,10,76,191
08/05/2005,TUP,MS,ASO,CE,Federal Contract Tower,0,20,21,0,41,0,10,54,3,67,0,30,75,3,108,38,8,46,154
08/06/2005,TUP,MS,ASO,CE,Federal Contract Tower,0,11,4,2,17,0,2,64,0,66,0,13,68,2,83,62,2,64,147
08/07/2005,TUP,MS,ASO,CE,Federal Contract Tower,0,10,12,0,22,0,6,81,4,91,0,16,93,4,113,50,0,50,163
08/08/2005,TUP,MS,ASO,CE,Federal Contract Tower,0,18,25,3,46,0,5,100,1,106,0,23,125,4,152,88,4,92,244
08/09/2005,TUP,MS,ASO,CE,Federal Contract Tower,0,20,21,8,49,0,7,101,20,128,0,27,122,28,177,112,22,134,311
08/10/2005,TUP,MS,ASO,CE,Federal Contract Tower,0,20,20,10,50,0,12,71,10,93,0,32,91,20,143,72,16,88,231
08/11/2005,TUP,MS,ASO,CE,Federal Contract Tower,0,17,23,4,44,0,16,65,8,89,0,33,88,12,133,126,4,130,263
08/12/2005,TUP,MS,ASO,CE,Federal Contract Tower,0,20,22,2,44,0,7,88,11,106,0,27,110,13,150,66,6,72,222
08/13/2005,TUP,MS,ASO,CE,Federal Contract Tower,0,11,7,7,25,0,2,75,20,97,0,13,82,27,122,82,20,102,224
08/14/2005,TUP,MS,ASO,CE,Federal Contract Tower,0,13,17,5,35,0,5,88,26,119,0,18,105,31,154,76,40,116,270
08/15/2005,TUP,MS,ASO,CE,Federal Contract Tower,0,21,19,0,40,0,6,76,0,82,0,27,95,0,122,84,0,84,206
08/16/2005,TUP,MS,ASO,CE,Federal Contract Tower,0,20,36,2,58,0,20,100,24,144,0,40,136,26,202,96,26,122,324
08/17/2005,TUP,MS,ASO,CE,Federal Contract Tower,0,19,48,0,67,0,6,47,25,78,0,25,95,25,145,62,16,78,223
08/18/2005,TUP,MS,ASO,CE,Federal Contract Tower,0,22,31,4,57,0,4,70,23,97,0,26,101,27,154,74,42,116,270
08/19/2005,TUP,MS,ASO,CE,Federal Contract Tower,0,22,35,2,59,0,2,82,24,108,0,24,117,26,167,84,16,100,267
08/20/2005,TUP,MS,ASO,CE,Federal Contract Tower,0,12,15,0,27,0,2,88,21,111,0,14,103,21,138,94,6,100,238
08/21/2005,TUP,MS,ASO,CE,Federal Contract Tower,0,11,10,1,22,0,0,77,12,89,0,11,87,13,111,56,18,74,185
08/22/2005,TUP,MS,ASO,CE,Federal Contract Tower,0,18,16,8,42,0,5,88,3,96,0,23,104,11,138,60,20,80,218
08/23/2005,TUP,MS,ASO,CE,Federal Contract Tower,0,23,17,6,46,0,4,100,5,109,0,27,117,11,155,68,0,68,223
08/24/2005,TUP,MS,ASO,CE,Federal Contract Tower,0,20,32,10,62,0,11,64,2,77,0,31,96,12,139,90,14,104,243
08/25/2005,TUP,MS,ASO,CE,Federal Contract Tower,0,17,22,0,39,0,3,69,1,73,0,20,91,1,112,88,0,88,200
08/26/2005,TUP,MS,ASO,CE,Federal Contract Tower,0,18,26,8,52,0,2,73,6,81,0,20,99,14,133,52,10,62,195
08/27/2005,TUP,MS,ASO,CE,Federal Contract Tower,0,14,7,0,21,0,1,74,0,75,0,15,81,0,96,58,0,58,154
08/28/2005,TUP,MS,ASO,CE,Federal Contract Tower,0,14,9,0,23,0,0,90,1,91,0,14,99,1,114,82,2,84,198
08/29/2005,TUP,MS,ASO,CE,Federal Contract Tower,0,10,5,0,15,0,4,17,0,21,0,14,22,0,36,0,0,0,36
08/30/2005,TUP,MS,ASO,CE,Federal Contract Tower,0,14,6,0,20,0,5,28,6,39,0,19,34,6,59,46,0,46,105
08/31/2005,TUP,MS,ASO,CE,Federal Contract Tower,0,17,10,8,35,0,0,79,2,81,0,17,89,10,116,66,8,74,190
09/01/2005,TUP,MS,ASO,CE,Federal Contract Tower,0,18,20,34,72,0,1,72,0,73,0,19,92,34,145,86,32,118,263
09/02/2005,TUP,MS,ASO,CE,Federal Contract Tower,0,17,17,17,51,0,4,78,3,85,0,21,95,20,136,72,18,90,226
09/03/2005,TUP,MS,ASO,CE,Federal Contract Tower,0,12,6,0,18,0,4,73,15,92,0,16,79,15,110,74,2,76,186
09/04/2005,TUP,MS,ASO,CE,Federal Contract Tower,0,10,5,2,17,0,3,88,3,94,0,13,93,5,111,72,0,72,183
09/05/2005,TUP,MS,ASO,CE,Federal Contract Tower,0,12,7,2,21,0,6,104,1,111,0,18,111,3,132,70,0,70,202
09/06/2005,TUP,MS,ASO,CE,Federal Contract Tower,0,20,24,16,60,0,4,88,4,96,0,24,112,20,156,82,8,90,246
09/07/2005,TUP,MS,ASO,CE,Federal Contract Tower,0,17,22,22,61,0,6,72,10,88,0,23,94,32,149,82,12,94,243
09/08/2005,TUP,MS,ASO,CE,Federal Contract Tower,0,17,25,7,49,0,6,71,6,83,0,23,96,13,132,98,14,112,244
09/09/2005,TUP,MS,ASO,CE,Federal Contract Tower,0,24,23,5,52,0,3,75,6,84,0,27,98,11,136,74,10,84,220
09/10/2005,TUP,MS,ASO,CE,Federal Contract Tower,0,14,8,8,30,0,7,79,4,90,0,21,87,12,120,76,42,118,238
09/11/2005,TUP,MS,ASO,CE,Federal Contract Tower,0,11,8,4,23,0,4,86,3,93,0,15,94,7,116,64,12,76,192
09/12/2005,TUP,MS,ASO,CE,Federal Contract Tower,0,22,17,4,43,0,13,80,2,95,0,35,97,6,138,84,6,90,228
09/13/2005,TUP,MS,ASO,CE,Federal Contract Tower,0,18,12,8,38,0,2,82,2,86,0,20,94,10,124,58,10,68,192
09/14/2005,TUP,MS,ASO,CE,Federal Contract Tower,0,19,20,8,47,0,5,71,4,80,0,24,91,12,127,62,8,70,197
09/15/2005,TUP,MS,ASO,CE,Federal Contract Tower,0,17,19,8,44,0,6,65,2,73,0,23,84,10,117,50,10,60,177
09/16/2005,TUP,MS,ASO,CE,Federal Contract Tower,0,20,20,3,43,0,2,54,0,56,0,22,74,3,99,32,4,36,135
09/17/2005,TUP,MS,ASO,CE,Federal Contract Tower,0,12,17,4,33,0,2,73,6,81,0,14,90,10,114,48,10,58,172
09/18/2005,TUP,MS,ASO,CE,Federal Contract Tower,0,11,11,0,22,0,4,96,1,101,0,15,107,1,123,82,0,82,205
09/19/2005,TUP,MS,ASO,CE,Federal Contract Tower,0,16,13,9,38,0,8,92,5,105,0,24,105,14,143,50,14,64,207
09/20/2005,TUP,MS,ASO,CE,Federal Contract Tower,0,17,20,7,44,0,3,96,9,108,0,20,116,16,152,76,10,86,238
09/21/2005,TUP,MS,ASO,CE,Federal Contract Tower,0,17,21,17,55,0,0,62,2,64,0,17,83,19,119,64,22,86,205
09/22/2005,TUP,MS,ASO,CE,Federal Contract Tower,0,16,17,6,39,0,15,77,16,108,0,31,94,22,147,72,44,116,263
09/23/2005,TUP,MS,ASO,CE,Federal Contract Tower,0,18,10,8,36,0,2,89,10,101,0,20,99,18,137,76,30,106,243
09/24/2005,TUP,MS,ASO,CE,Federal Contract Tower,0,15,7,0,22,0,2,53,0,55,0,17,60,0,77,42,0,42,119
09/25/2005,TUP,MS,ASO,CE,Federal Contract Tower,0,12,5,0,17,0,0,0,0,0,0,12,5,0,17,0,0,0,17
09/26/2005,TUP,MS,ASO,CE,Federal Contract Tower,0,20,11,17,48,0,2,82,0,84,0,22,93,17,132,58,22,80,212
09/27/2005,TUP,MS,ASO,CE,Federal Contract Tower,0,19,17,10,46,0,2,103,17,122,0,21,120,27,168,92,10,102,270
09/28/2005,TUP,MS,ASO,CE,Federal Contract Tower,0,19,21,10,50,0,2,66,25,93,0,21,87,35,143,54,50,104,247
09/29/2005,TUP,MS,ASO,CE,Federal Contract Tower,0,18,15,4,37,0,2,69,4,75,0,20,84,8,112,52,2,54,166
09/30/2005,TUP,MS,ASO,CE,Federal Contract Tower,2,24,15,0,41,0,1,74,19,94,2,25,89,19,135,68,14,82,217
10/01/2005,TUP,MS,ASO,CE,Federal Contract Tower,3,12,0,0,15,0,0,81,4,85,3,12,81,4,100,54,0,54,154
10/02/2005,TUP,MS,ASO,CE,Federal Contract Tower,0,14,10,0,24,0,0,95,0,95,0,14,105,0,119,70,0,70,189
10/03/2005,TUP,MS,ASO,CE,Federal Contract Tower,0,18,17,10,45,0,1,85,2,88,0,19,102,12,133,58,18,76,209
10/04/2005,TUP,MS,ASO,CE,Federal Contract Tower,0,14,23,12,49,0,4,84,2,90,0,18,107,14,139,52,16,68,207
10/05/2005,TUP,MS,ASO,CE,Federal Contract Tower,0,16,13,14,43,0,6,78,24,108,0,22,91,38,151,68,40,108,259
10/06/2005,TUP,MS,ASO,CE,Federal Contract Tower,0,15,20,4,39,0,2,72,14,88,0,17,92,18,127,50,34,84,211
10/07/2005,TUP,MS,ASO,CE,Federal Contract Tower,0,19,14,2,35,0,2,82,0,84,0,21,96,2,119,44,4,48,167
10/08/2005,TUP,MS,ASO,CE,Federal Contract Tower,0,14,14,0,28,0,6,102,0,108,0,20,116,0,136,70,0,70,206
10/09/2005,TUP,MS,ASO,CE,Federal Contract Tower,0,12,11,2,25,0,8,81,0,89,0,20,92,2,114,60,2,62,176
10/10/2005,TUP,MS,ASO,CE,Federal Contract Tower,0,10,33,6,49,0,2,77,0,79,0,12,110,6,128,64,4,68,196
10/11/2005,TUP,MS,ASO,CE,Federal Contract Tower,0,17,20,10,47,0,1,28,0,29,0,18,48,10,76,14,0,14,90
10/12/2005,TUP,MS,ASO,CE,Federal Contract Tower,0,20,28,6,54,0,0,37,0,37,0,20,65,6,91,46,8,54,145
10/13/2005,TUP,MS,ASO,CE,Federal Contract Tower,0,15,29,17,61,0,3,62,3,68,0,18,91,20,129,68,44,112,241
10/14/2005,TUP,MS,ASO,CE,Federal Contract Tower,0,17,18,7,42,0,8,89,7,104,0,25,107,14,146,70,22,92,238
10/15/2005,TUP,MS,ASO,CE,Federal Contract Tower,0,14,9,9,32,0,4,97,4,105,0,18,106,13,137,60,28,88,225
10/16/2005,TUP,MS,ASO,CE,Federal Contract Tower,0,12,19,1,32,0,2,84,23,109,0,14,103,24,141,82,26,108,249
10/17/2005,TUP,MS,ASO,CE,Federal Contract Tower,0,17,18,0,35,0,2,93,0,95,0,19,111,0,130,62,0,62,192
10/18/2005,TUP,MS,ASO,CE,Federal Contract Tower,0,17,21,16,54,0,4,95,2,101,0,21,116,18,155,82,8,90,245
10/19/2005,TUP,MS,ASO,CE,Federal Contract Tower,0,14,21,0,35,0,6,71,9,86,0,20,92,9,121,60,18,78,199
10/20/2005,TUP,MS,ASO,CE,Federal Contract Tower,0,16,21,6,43,0,3,66,6,75,0,19,87,12,118,78,22,100,218
10/21/2005,TUP,MS,ASO,CE,Federal Contract Tower,0,14,16,12,42,0,6,96,8,110,0,20,112,20,152,66,32,98,250
10/22/2005,TUP,MS,ASO,CE,Federal Contract Tower,0,12,16,2,30,0,2,89,4,95,0,14,105,6,125,80,26,106,231
10/23/2005,TUP,MS,ASO,CE,Federal Contract Tower,0,12,18,3,33,0,0,71,3,74,0,12,89,6,107,54,24,78,185
10/24/2005,TUP,MS,ASO,CE,Federal Contract Tower,0,21,22,5,48,0,1,74,0,75,0,22,96,5,123,46,6,52,175
10/25/2005,TUP,MS,ASO,CE,Federal Contract Tower,0,18,20,8,46,0,2,77,10,89,0,20,97,18,135,52,22,74,209
10/26/2005,TUP,MS,ASO,CE,Federal Contract Tower,0,16,19,8,43,0,0,72,7,79,0,16,91,15,122,56,24,80,202
10/27/2005,TUP,MS,ASO,CE,Federal Contract Tower,0,19,28,4,51,0,0,73,3,76,0,19,101,7,127,66,28,94,221
10/28/2005,TUP,MS,ASO,CE,Federal Contract Tower,0,21,10,8,39,0,2,88,8,98,0,23,98,16,137,64,58,122,259
10/29/2005,TUP,MS,ASO,CE,Federal Contract Tower,0,12,9,0,21,0,2,90,0,92,0,14,99,0,113,78,0,78,191
10/30/2005,TUP,MS,ASO,CE,Federal Contract Tower,0,12,12,0,24,0,7,91,0,98,0,19,103,0,122,66,0,66,188
10/31/2005,TUP,MS,ASO,CE,Federal Contract Tower,0,15,21,4,40,0,4,88,0,92,0,19,109,4,132,60,8,68,200
11/01/2005,TUP,MS,ASO,CE,Federal Contract Tower,0,20,20,15,55,0,0,38,0,38,0,20,58,15,93,26,2,28,121
11/02/2005,TUP,MS,ASO,CE,Federal Contract Tower,0,17,16,6,39,0,8,85,4,97,0,25,101,10,136,66,8,74,210
11/03/2005,TUP,MS,ASO,CE,Federal Contract Tower,0,18,29,8,55,0,7,70,4,81,0,25,99,12,136,98,16,114,250
11/04/2005,TUP,MS,ASO,CE,Federal Contract Tower,0,20,20,6,46,0,6,64,10,80,0,26,84,16,126,62,8,70,196
11/05/2005,TUP,MS,ASO,CE,Federal Contract Tower,0,12,19,2,33,0,0,76,21,97,0,12,95,23,130,74,30,104,234
11/06/2005,TUP,MS,ASO,CE,Federal Contract Tower,0,12,15,7,34,0,7,71,9,87,0,19,86,16,121,50,12,62,183
11/07/2005,TUP,MS,ASO,CE,Federal Contract Tower,0,20,26,2,48,0,2,101,0,103,0,22,127,2,151,46,0,46,197
11/08/2005,TUP,MS,ASO,CE,Federal Contract Tower,0,17,13,13,43,0,2,84,5,91,0,19,97,18,134,32,16,48,182
11/09/2005,TUP,MS,ASO,CE,Federal Contract Tower,0,17,24,4,45,0,2,54,14,70,0,19,78,18,115,54,40,94,209
11/10/2005,TUP,MS,ASO,CE,Federal Contract Tower,0,19,12,3,34,0,1,61,46,108,0,20,73,49,142,42,78,120,262
11/11/2005,TUP,MS,ASO,CE,Federal Contract Tower,0,12,16,0,28,0,6,72,4,82,0,18,88,4,110,44,2,46,156
11/12/2005,TUP,MS,ASO,CE,Federal Contract Tower,2,12,13,3,30,0,8,68,7,83,2,20,81,10,113,78,2,80,193
11/13/2005,TUP,MS,ASO,CE,Federal Contract Tower,0,11,7,0,18,0,0,52,0,52,0,11,59,0,70,26,0,26,96
11/14/2005,TUP,MS,ASO,CE,Federal Contract Tower,0,24,14,0,38,0,0,40,0,40,0,24,54,0,78,16,0,16,94
11/15/2005,TUP,MS,ASO,CE,Federal Contract Tower,0,18,15,1,34,0,0,28,0,28,0,18,43,1,62,20,2,22,84
11/16/2005,TUP,MS,ASO,CE,Federal Contract Tower,0,17,27,10,54,0,6,59,16,81,0,23,86,26,135,60,26,86,221
11/17/2005,TUP,MS,ASO,CE,Federal Contract Tower,0,22,19,11,52,0,8,85,22,115,0,30,104,33,167,92,20,112,279
11/18/2005,TUP,MS,ASO,CE,Federal Contract Tower,0,19,11,0,30,0,2,78,3,83,0,21,89,3,113,58,2,60,173
11/19/2005,TUP,MS,ASO,CE,Federal Contract Tower,0,12,13,0,25,0,4,60,19,83,0,16,73,19,108,46,0,46,154
11/20/2005,TUP,MS,ASO,CE,Federal Contract Tower,0,12,8,2,22,0,4,100,0,104,0,16,108,2,126,68,2,70,196
11/21/2005,TUP,MS,ASO,CE,Federal Contract Tower,0,21,12,2,35,0,2,74,2,78,0,23,86,4,113,30,4,34,147
11/22/2005,TUP,MS,ASO,CE,Federal Contract Tower,0,21,16,11,48,0,3,87,10,100,0,24,103,21,148,50,14,64,212
11/23/2005,TUP,MS,ASO,CE,Federal Contract Tower,0,20,15,2,37,0,2,65,3,70,0,22,80,5,107,46,4,50,157
11/24/2005,TUP,MS,ASO,CE,Federal Contract Tower,0,10,6,0,16,0,3,49,0,52,0,13,55,0,68,42,0,42,110
11/25/2005,TUP,MS,ASO,CE,Federal Contract Tower,0,20,12,0,32,0,6,72,0,78,0,26,84,0,110,68,0,68,178
11/26/2005,TUP,MS,ASO,CE,Federal Contract Tower,0,12,1,0,13,0,3,89,0,92,0,15,90,0,105,54,0,54,159
11/27/2005,TUP,MS,ASO,CE,Federal Contract Tower,0,10,13,0,23,0,1,28,0,29,0,11,41,0,52,12,0,12,64
11/28/2005,TUP,MS,ASO,CE,Federal Contract Tower,0,19,13,5,37,0,2,48,0,50,0,21,61,5,87,22,2,24,111
11/29/2005,TUP,MS,ASO,CE,Federal Contract Tower,0,17,10,6,33,0,2,71,2,75,0,19,81,8,108,50,6,56,164
11/30/2005,TUP,MS,ASO,CE,Federal Contract Tower,0,19,19,4,42,0,1,65,10,76,0,20,84,14,118,58,20,78,196
12/01/2005,TUP,MS,ASO,CE,Federal Contract Tower,0,16,36,17,69,0,5,50,18,73,0,21,86,35,142,32,28,60,202
12/02/2005,TUP,MS,ASO,CE,Federal Contract Tower,0,21,8,4,33,0,2,84,22,108,0,23,92,26,141,54,36,90,231
12/03/2005,TUP,MS,ASO,CE,Federal Contract Tower,0,12,16,0,28,0,3,56,0,59,0,15,72,0,87,50,0,50,137
12/04/2005,TUP,MS,ASO,CE,Federal Contract Tower,0,12,12,0,24,0,0,0,0,0,0,12,12,0,24,0,0,0,24
12/05/2005,TUP,MS,ASO,CE,Federal Contract Tower,0,21,13,5,39,0,4,79,0,83,0,25,92,5,122,36,8,44,166
12/06/2005,TUP,MS,ASO,CE,Federal Contract Tower,0,17,23,2,42,0,0,71,13,84,0,17,94,15,126,38,38,76,202
12/07/2005,TUP,MS,ASO,CE,Federal Contract Tower,0,17,29,8,54,0,1,67,13,81,0,18,96,21,135,74,20,94,229
12/08/2005,TUP,MS,ASO,CE,Federal Contract Tower,0,16,22,0,38,0,0,8,0,8,0,16,30,0,46,0,0,0,46
12/09/2005,TUP,MS,ASO,CE,Federal Contract Tower,0,19,11,2,32,0,0,73,8,81,0,19,84,10,113,56,14,70,183
12/10/2005,TUP,MS,ASO,CE,Federal Contract Tower,0,11,8,0,19,0,0,70,11,81,0,11,78,11,100,54,32,86,186
12/11/2005,TUP,MS,ASO,CE,Federal Contract Tower,0,13,3,2,18,0,7,76,4,87,0,20,79,6,105,58,8,66,171
12/12/2005,TUP,MS,ASO,CE,Federal Contract Tower,2,21,18,2,43,0,1,86,1,88,2,22,104,3,131,42,6,48,179
12/13/2005,TUP,MS,ASO,CE,Federal Contract Tower,0,20,17,0,37,0,0,69,11,80,0,20,86,11,117,48,0,48,165
12/14/2005,TUP,MS,ASO,CE,Federal Contract Tower,0,17,23,12,52,0,0,21,0,21,0,17,44,12,73,4,0,4,77
12/15/2005,TUP,MS,ASO,CE,Federal Contract Tower,0,17,25,8,50,0,4,39,4,47,0,21,64,12,97,40,14,54,151
12/16/2005,TUP,MS,ASO,CE,Federal Contract Tower,0,19,24,14,57,0,1,67,8,76,0,20,91,22,133,56,20,76,209
12/17/2005,TUP,MS,ASO,CE,Federal Contract Tower,0,12,4,0,16,0,5,68,0,73,0,17,72,0,89,62,0,62,151
12/18/2005,TUP,MS,ASO,CE,Federal Contract Tower,0,12,10,0,22,0,2,69,0,71,0,14,79,0,93,58,0,58,151
12/19/2005,TUP,MS,ASO,CE,Federal Contract Tower,0,19,14,4,37,0,3,79,0,82,0,22,93,4,119,34,4,38,157
12/20/2005,TUP,MS,ASO,CE,Federal Contract Tower,0,19,16,2,37,0,0,66,4,70,0,19,82,6,107,54,10,64,171
12/21/2005,TUP,MS,ASO,CE,Federal Contract Tower,0,20,21,14,55,0,1,82,15,98,0,21,103,29,153,70,22,92,245
12/22/2005,TUP,MS,ASO,CE,Federal Contract Tower,0,18,19,4,41,0,1,78,4,83,0,19,97,8,124,62,0,62,186
12/23/2005,TUP,MS,ASO,CE,Federal Contract Tower,0,21,15,0,36,0,0,63,0,63,0,21,78,0,99,52,0,52,151
12/24/2005,TUP,MS,ASO,CE,Federal Contract Tower,0,12,2,0,14,0,0,0,0,0,0,12,2,0,14,0,0,0,14
12/25/2005,TUP,MS,ASO,CE,Federal Contract Tower,0,10,5,0,15,0,3,1,0,4,0,13,6,0,19,0,0,0,19
12/26/2005,TUP,MS,ASO,CE,Federal Contract Tower,0,12,6,0,18,0,0,81,0,81,0,12,87,0,99,38,0,38,137
12/27/2005,TUP,MS,ASO,CE,Federal Contract Tower,0,19,11,0,30,0,0,68,12,80,0,19,79,12,110,56,52,108,218
12/28/2005,TUP,MS,ASO,CE,Federal Contract Tower,0,18,12,6,36,0,4,63,12,79,0,22,75,18,115,46,32,78,193
12/29/2005,TUP,MS,ASO,CE,Federal Contract Tower,0,17,15,0,32,0,1,68,9,78,0,18,83,9,110,56,42,98,208
12/30/2005,TUP,MS,ASO,CE,Federal Contract Tower,0,16,13,0,29,0,2,65,0,67,0,18,78,0,96,52,0,52,148
12/31/2005,TUP,MS,ASO,CE,Federal Contract Tower,0,11,5,0,16,0,3,66,0,69,0,14,71,0,85,56,0,56,141
01/01/2006,TUP,MS,ASO,CE,Federal Contract Tower,0,12,5,0,17,0,0,0,0,0,0,12,5,0,17,0,0,0,17
01/02/2006,TUP,MS,ASO,CE,Federal Contract Tower,0,10,6,0,16,0,4,63,0,67,0,14,69,0,83,30,0,30,113
01/03/2006,TUP,MS,ASO,CE,Federal Contract Tower,0,20,18,4,42,0,0,62,0,62,0,20,80,4,104,64,0,64,168
01/04/2006,TUP,MS,ASO,CE,Federal Contract Tower,0,18,11,22,51,0,0,71,0,71,0,18,82,22,122,74,10,84,206
01/05/2006,TUP,MS,ASO,CE,Federal Contract Tower,0,18,27,4,49,0,0,79,9,88,0,18,106,13,137,86,18,104,241
01/06/2006,TUP,MS,ASO,CE,Federal Contract Tower,0,22,6,2,30,0,0,72,0,72,0,22,78,2,102,84,4,88,190
01/07/2006,TUP,MS,ASO,CE,Federal Contract Tower,0,13,7,0,20,0,5,89,0,94,0,18,96,0,114,100,0,100,214
01/08/2006,TUP,MS,ASO,CE,Federal Contract Tower,0,13,8,0,21,0,3,77,22,102,0,16,85,22,123,30,58,88,211
01/09/2006,TUP,MS,ASO,CE,Federal Contract Tower,0,20,13,8,41,0,0,71,0,71,0,20,84,8,112,26,10,36,148
01/10/2006,TUP,MS,ASO,CE,Federal Contract Tower,1,18,16,8,43,0,0,36,0,36,1,18,52,8,79,50,0,50,129
01/11/2006,TUP,MS,ASO,CE,Federal Contract Tower,0,18,9,12,39,0,3,57,18,78,0,21,66,30,117,60,90,150,267
01/12/2006,TUP,MS,ASO,CE,Federal Contract Tower,0,17,19,12,48,0,0,59,35,94,0,17,78,47,142,56,80,136,278
01/13/2006,TUP,MS,ASO,CE,Federal Contract Tower,0,23,8,2,33,0,2,16,0,18,0,25,24,2,51,2,0,2,53
01/14/2006,TUP,MS,ASO,CE,Federal Contract Tower,0,14,10,0,24,0,6,58,0,64,0,20,68,0,88,54,0,54,142
01/15/2006,TUP,MS,ASO,CE,Federal Contract Tower,0,12,6,4,22,0,0,70,0,70,0,12,76,4,92,56,0,56,148
01/16/2006,TUP,MS,ASO,CE,Federal Contract Tower,0,10,19,2,31,0,5,39,0,44,0,15,58,2,75,14,4,18,93
01/17/2006,TUP,MS,ASO,CE,Federal Contract Tower,0,18,13,0,31,0,0,0,0,0,0,18,13,0,31,0,0,0,31
01/18/2006,TUP,MS,ASO,CE,Federal Contract Tower,0,16,16,24,56,0,4,66,28,98,0,20,82,52,154,40,68,108,262
01/19/2006,TUP,MS,ASO,CE,Federal Contract Tower,0,19,16,6,41,0,0,70,5,75,0,19,86,11,116,104,4,108,224
01/20/2006,TUP,MS,ASO,CE,Federal Contract Tower,2,19,8,8,37,0,0,74,3,77,2,19,82,11,114,74,14,88,202
01/21/2006,TUP,MS,ASO,CE,Federal Contract Tower,1,15,4,1,21,0,0,46,0,46,1,15,50,1,67,18,0,18,85
01/22/2006,TUP,MS,ASO,CE,Federal Contract Tower,0,13,11,0,24,0,0,0,0,0,0,13,11,0,24,0,0,0,24
01/23/2006,TUP,MS,ASO,CE,Federal Contract Tower,0,20,9,0,29,0,0,2,0,2,0,20,11,0,31,0,0,0,31
01/24/2006,TUP,MS,ASO,CE,Federal Contract Tower,0,19,14,5,38,0,0,76,17,93,0,19,90,22,131,62,30,92,223
01/25/2006,TUP,MS,ASO,CE,Federal Contract Tower,0,17,20,28,65,0,3,66,7,76,0,20,86,35,141,58,38,96,237
01/26/2006,TUP,MS,ASO,CE,Federal Contract Tower,0,18,11,0,29,0,3,71,47,121,0,21,82,47,150,82,64,146,296
01/27/2006,TUP,MS,ASO,CE,Federal Contract Tower,0,20,9,20,49,0,5,73,26,104,0,25,82,46,153,92,104,196,349
01/28/2006,TUP,MS,ASO,CE,Federal Contract Tower,0,12,4,2,18,0,1,0,0,1,0,13,4,2,19,52,18,70,89
01/29/2006,TUP,MS,ASO,CE,Federal Contract Tower,0,12,12,6,30,0,2,87,0,89,0,14,99,6,119,82,6,88,207
01/30/2006,TUP,MS,ASO,CE,Federal Contract Tower,0,18,10,18,46,0,3,88,1,92,0,21,98,19,138,60,52,112,250
01/31/2006,TUP,MS,ASO,CE,Federal Contract Tower,0,18,8,10,36,0,0,80,22,102,0,18,88,32,138,44,74,118,256
02/01/2006,TUP,MS,ASO,CE,Federal Contract Tower,0,20,13,4,37,0,2,72,23,97,0,22,85,27,134,68,30,98,232
02/02/2006,TUP,MS,ASO,CE,Federal Contract Tower,0,20,21,1,42,0,0,0,0,0,0,20,21,1,42,0,0,0,42
02/03/2006,TUP,MS,ASO,CE,Federal Contract Tower,2,18,22,0,42,0,0,1,0,1,2,18,23,0,43,0,0,0,43
02/04/2006,TUP,MS,ASO,CE,Federal Contract Tower,2,11,12,0,25,0,4,69,11,84,2,15,81,11,109,64,2,66,175
02/05/2006,TUP,MS,ASO,CE,Federal Contract Tower,0,12,3,0,15,0,2,68,13,83,0,14,71,13,98,64,40,104,202
02/06/2006,TUP,MS,ASO,CE,Federal Contract Tower,0,19,14,1,34,0,0,3,0,3,0,19,17,1,37,0,0,0,37
02/07/2006,TUP,MS,ASO,CE,Federal Contract Tower,0,16,15,11,42,0,0,72,39,111,0,16,87,50,153,68,84,152,305
02/08/2006,TUP,MS,ASO,CE,Federal Contract Tower,0,17,10,16,43,0,3,64,8,75,0,20,74,24,118,66,26,92,210
02/09/2006,TUP,MS,ASO,CE,Federal Contract Tower,0,20,18,12,50,0,5,69,17,91,0,25,87,29,141,58,22,80,221
02/10/2006,TUP,MS,ASO,CE,Federal Contract Tower,0,14,17,8,39,0,5,29,16,50,0,19,46,24,89,36,30,66,155
02/11/2006,TUP,MS,ASO,CE,Federal Contract Tower,0,10,6,0,16,0,5,29,4,38,0,15,35,4,54,12,0,12,66
02/12/2006,TUP,MS,ASO,CE,Federal Contract Tower,0,12,6,0,18,0,4,80,0,84,0,16,86,0,102,84,0,84,186
02/13/2006,TUP,MS,ASO,CE,Federal Contract Tower,0,20,11,10,41,0,5,85,0,90,0,25,96,10,131,72,10,82,213
02/14/2006,TUP,MS,ASO,CE,Federal Contract Tower,0,17,6,10,33,0,1,79,7,87,0,18,85,17,120,86,8,94,214
02/15/2006,TUP,MS,ASO,CE,Federal Contract Tower,0,16,20,8,44,0,7,58,3,68,0,23,78,11,112,72,20,92,204
02/16/2006,TUP,MS,ASO,CE,Federal Contract Tower,0,16,25,21,62,0,2,50,12,64,0,18,75,33,126,52,16,68,194
02/17/2006,TUP,MS,ASO,CE,Federal Contract Tower,0,17,13,8,38,0,0,51,10,61,0,17,64,18,99,28,16,44,143
02/18/2006,TUP,MS,ASO,CE,Federal Contract Tower,0,8,1,0,9,0,0,0,0,0,0,8,1,0,9,0,0,0,9
02/19/2006,TUP,MS,ASO,CE,Federal Contract Tower,0,9,5,0,14,0,5,52,0,57,0,14,57,0,71,30,0,30,101
02/20/2006,TUP,MS,ASO,CE,Federal Contract Tower,0,11,11,0,22,0,2,12,0,14,0,13,23,0,36,4,0,4,40
02/21/2006,TUP,MS,ASO,CE,Federal Contract Tower,1,23,22,6,52,0,1,50,0,51,1,24,72,6,103,80,2,82,185
02/22/2006,TUP,MS,ASO,CE,Federal Contract Tower,0,31,27,0,58,0,0,3,0,3,0,31,30,0,61,0,0,0,61
02/23/2006,TUP,MS,ASO,CE,Federal Contract Tower,0,20,41,4,65,0,0,64,8,72,0,20,105,12,137,102,10,112,249
02/24/2006,TUP,MS,ASO,CE,Federal Contract Tower,0,20,27,10,57,0,6,91,15,112,0,26,118,25,169,94,70,164,333
02/25/2006,TUP,MS,ASO,CE,Federal Contract Tower,0,12,7,0,19,0,0,36,0,36,0,12,43,0,55,16,0,16,71
02/26/2006,TUP,MS,ASO,CE,Federal Contract Tower,0,14,9,0,23,0,10,78,22,110,0,24,87,22,133,80,22,102,235
02/27/2006,TUP,MS,ASO,CE,Federal Contract Tower,0,20,17,14,51,0,1,75,0,76,0,21,92,14,127,72,6,78,205
02/28/2006,TUP,MS,ASO,CE,Federal Contract Tower,0,18,12,10,40,0,11,82,4,97,0,29,94,14,137,80,12,92,229
03/01/2006,TUP,MS,ASO,CE,Federal Contract Tower,3,21,21,5,50,0,2,73,12,87,3,23,94,17,137,64,12,76,213
03/02/2006,TUP,MS,ASO,CE,Federal Contract Tower,0,18,9,15,42,0,7,79,3,89,0,25,88,18,131,94,10,104,235
03/03/2006,TUP,MS,ASO,CE,Federal Contract Tower,0,23,16,18,57,0,4,84,0,88,0,27,100,18,145,76,20,96,241
03/04/2006,TUP,MS,ASO,CE,Federal Contract Tower,0,10,7,0,17,0,7,81,0,88,0,17,88,0,105,90,0,90,195
03/05/2006,TUP,MS,ASO,CE,Federal Contract Tower,0,13,9,2,24,0,7,78,0,85,0,20,87,2,109,76,2,78,187
03/06/2006,TUP,MS,ASO,CE,Federal Contract Tower,0,20,10,16,46,0,6,84,2,92,0,26,94,18,138,62,18,80,218
03/07/2006,TUP,MS,ASO,CE,Federal Contract Tower,0,23,9,20,52,0,4,71,11,86,0,27,80,31,138,82,52,134,272
03/08/2006,TUP,MS,ASO,CE,Federal Contract Tower,0,16,32,12,60,0,0,59,14,73,0,16,91,26,133,94,14,108,241
03/09/2006,TUP,MS,ASO,CE,Federal Contract Tower,0,15,6,0,21,0,0,19,0,19,0,15,25,0,40,10,0,10,50
03/10/2006,TUP,MS,ASO,CE,Federal Contract Tower,0,18,15,11,44,0,5,81,0,86,0,23,96,11,130,78,10,88,218
03/11/2006,TUP,MS,ASO,CE,Federal Contract Tower,0,10,22,0,32,0,2,59,0,61,0,12,81,0,93,34,0,34,127
03/12/2006,TUP,MS,ASO,CE,Federal Contract Tower,0,10,11,6,27,0,2,62,0,64,0,12,73,6,91,44,14,58,149
03/13/2006,TUP,MS,ASO,CE,Federal Contract Tower,0,16,13,2,31,0,2,68,0,70,0,18,81,2,101,40,2,42,143
03/14/2006,TUP,MS,ASO,CE,Federal Contract Tower,0,16,12,0,28,0,4,79,15,98,0,20,91,15,126,86,22,108,234
03/15/2006,TUP,MS,ASO,CE,Federal Contract Tower,0,15,10,4,29,0,2,83,11,96,0,17,93,15,125,76,14,90,215
03/16/2006,TUP,MS,ASO,CE,Federal Contract Tower,0,14,24,0,38,0,5,52,4,61,0,19,76,4,99,30,14,44,143
03/17/2006,TUP,MS,ASO,CE,Federal Contract Tower,0,15,22,4,41,0,0,86,0,86,0,15,108,4,127,100,6,106,233
03/18/2006,TUP,MS,ASO,CE,Federal Contract Tower,0,10,14,0,24,0,3,79,0,82,0,13,93,0,106,84,0,84,190
03/19/2006,TUP,MS,ASO,CE,Federal Contract Tower,0,10,11,0,21,0,2,34,0,36,0,12,45,0,57,30,0,30,87
03/20/2006,TUP,MS,ASO,CE,Federal Contract Tower,0,20,8,2,30,0,0,0,0,0,0,20,8,2,30,0,0,0,30
03/21/2006,TUP,MS,ASO,CE,Federal Contract Tower,0,16,26,2,44,0,0,65,11,76,0,16,91,13,120,56,40,96,216
03/22/2006,TUP,MS,ASO,CE,Federal Contract Tower,0,13,28,0,41,0,1,73,8,82,0,14,101,8,123,56,2,58,181
03/23/2006,TUP,MS,ASO,CE,Federal Contract Tower,0,16,24,0,40,0,2,63,9,74,0,18,87,9,114,74,24,98,212
03/24/2006,TUP,MS,ASO,CE,Federal Contract Tower,0,15,13,5,33,0,5,78,14,97,0,20,91,19,130,80,14,94,224
03/25/2006,TUP,MS,ASO,CE,Federal Contract Tower,0,10,8,0,18,0,5,76,12,93,0,15,84,12,111,68,16,84,195
03/26/2006,TUP,MS,ASO,CE,Federal Contract Tower,0,12,17,0,29,0,6,77,0,83,0,18,94,0,112,70,0,70,182
03/27/2006,TUP,MS,ASO,CE,Federal Contract Tower,0,19,21,4,44,0,10,75,0,85,0,29,96,4,129,56,6,62,191
03/28/2006,TUP,MS,ASO,CE,Federal Contract Tower,0,16,27,2,45,0,0,82,2,84,0,16,109,4,129,100,4,104,233
03/29/2006,TUP,MS,ASO,CE,Federal Contract Tower,0,16,11,8,35,0,5,78,10,93,0,21,89,18,128,42,28,70,198
03/30/2006,TUP,MS,ASO,CE,Federal Contract Tower,0,14,17,0,31,0,1,70,0,71,0,15,87,0,102,100,0,100,202
03/31/2006,TUP,MS,ASO,CE,Federal Contract Tower,0,18,15,12,45,0,3,33,5,41,0,21,48,17,86,42,8,50,136
04/01/2006,TUP,MS,ASO,CE,Federal Contract Tower,0,12,26,2,40,0,2,57,4,63,0,14,83,6,103,50,12,62,165
04/02/2006,TUP,MS,ASO,CE,Federal Contract Tower,0,10,7,8,25,0,2,68,0,70,0,12,75,8,95,50,18,68,163
04/03/2006,TUP,MS,ASO,CE,Federal Contract Tower,0,16,9,8,33,0,7,79,6,92,0,23,88,14,125,48,2,50,175
04/04/2006,TUP,MS,ASO,CE,Federal Contract Tower,0,15,16,0,31,0,4,78,16,98,0,19,94,16,129,66,68,134,263
04/05/2006,TUP,MS,ASO,CE,Federal Contract Tower,0,12,16,12,40,0,3,76,13,92,0,15,92,25,132,60,52,112,244
04/06/2006,TUP,MS,ASO,CE,Federal Contract Tower,0,16,31,9,56,0,3,73,5,81,0,19,104,14,137,94,50,144,281
04/07/2006,TUP,MS,ASO,CE,Federal Contract Tower,0,17,12,0,29,0,0,24,0,24,0,17,36,0,53,36,0,36,89
04/08/2006,TUP,MS,ASO,CE,Federal Contract Tower,0,9,20,0,29,0,5,36,20,61,0,14,56,20,90,36,8,44,134
04/09/2006,TUP,MS,ASO,CE,Federal Contract Tower,0,10,16,0,26,0,18,70,6,94,0,28,86,6,120,94,6,100,220
04/10/2006,TUP,MS,ASO,CE,Federal Contract Tower,0,17,17,2,36,0,9,94,0,103,0,26,111,2,139,66,0,66,205
04/11/2006,TUP,MS,ASO,CE,Federal Contract Tower,0,14,12,4,30,0,10,87,29,126,0,24,99,33,156,72,34,106,262
04/12/2006,TUP,MS,ASO,CE,Federal Contract Tower,0,14,22,8,44,0,6,69,7,82,0,20,91,15,126,78,28,106,232
04/13/2006,TUP,MS,ASO,CE,Federal Contract Tower,0,16,29,2,47,0,0,80,3,83,0,16,109,5,130,86,2,88,218
04/14/2006,TUP,MS,ASO,CE,Federal Contract Tower,0,15,12,3,30,0,2,76,0,78,0,17,88,3,108,82,8,90,198
04/15/2006,TUP,MS,ASO,CE,Federal Contract Tower,0,10,4,0,14,0,9,67,0,76,0,19,71,0,90,76,0,76,166
04/16/2006,TUP,MS,ASO,CE,Federal Contract Tower,0,10,6,0,16,0,5,57,0,62,0,15,63,0,78,50,0,50,128
04/17/2006,TUP,MS,ASO,CE,Federal Contract Tower,0,14,18,6,38,0,7,89,0,96,0,21,107,6,134,58,0,58,192
04/18/2006,TUP,MS,ASO,CE,Federal Contract Tower,0,14,14,11,39,0,4,86,6,96,0,18,100,17,135,52,22,74,209
04/19/2006,TUP,MS,ASO,CE,Federal Contract Tower,0,11,21,6,38,0,6,66,5,77,0,17,87,11,115,72,12,84,199
04/20/2006,TUP,MS,ASO,CE,Federal Contract Tower,0,13,19,6,38,0,0,60,0,60,0,13,79,6,98,66,4,70,168
04/21/2006,TUP,MS,ASO,CE,Federal Contract Tower,0,16,17,4,37,0,1,39,1,41,0,17,56,5,78,36,4,40,118
04/22/2006,TUP,MS,ASO,CE,Federal Contract Tower,0,11,8,0,19,0,3,68,21,92,0,14,76,21,111,76,10,86,197
04/23/2006,TUP,MS,ASO,CE,Federal Contract Tower,0,10,11,9,30,0,7,70,1,78,0,17,81,10,108,82,14,96,204
04/24/2006,TUP,MS,ASO,CE,Federal Contract Tower,0,17,16,0,33,0,6,85,0,91,0,23,101,0,124,62,0,62,186
04/25/2006,TUP,MS,ASO,CE,Federal Contract Tower,0,13,10,22,45,0,3,86,0,89,0,16,96,22,134,78,8,86,220
04/26/2006,TUP,MS,ASO,CE,Federal Contract Tower,0,21,30,12,63,0,0,2,0,2,0,21,32,12,65,0,0,0,65
04/27/2006,TUP,MS,ASO,CE,Federal Contract Tower,0,16,7,4,27,0,5,77,0,82,0,21,84,4,109,102,8,110,219
04/28/2006,TUP,MS,ASO,CE,Federal Contract Tower,0,16,15,8,39,0,4,71,0,75,0,20,86,8,114,70,6,76,190
04/29/2006,TUP,MS,ASO,CE,Federal Contract Tower,0,11,9,0,20,0,0,45,0,45,0,11,54,0,65,24,0,24,89
04/30/2006,TUP,MS,ASO,CE,Federal Contract Tower,0,10,21,6,37,0,5,32,0,37,0,15,53,6,74,14,6,20,94
05/01/2006,TUP,MS,ASO,CE,Federal Contract Tower,0,13,23,38,74,0,5,57,0,62,0,18,80,38,136,46,38,84,220
05/02/2006,TUP,MS,ASO,CE,Federal Contract Tower,0,14,13,32,59,0,2,80,9,91,0,16,93,41,150,84,20,104,254
05/03/2006,TUP,MS,ASO,CE,Federal Contract Tower,0,18,23,10,51,0,0,76,12,88,0,18,99,22,139,60,20,80,219
05/04/2006,TUP,MS,ASO,CE,Federal Contract Tower,0,14,13,13,40,0,6,74,5,85,0,20,87,18,125,78,18,96,221
05/05/2006,TUP,MS,ASO,CE,Federal Contract Tower,0,16,23,8,47,0,0,44,0,44,0,16,67,8,91,32,8,40,131
05/06/2006,TUP,MS,ASO,CE,Federal Contract Tower,0,10,9,0,19,0,2,58,0,60,0,12,67,0,79,58,0,58,137
05/07/2006,TUP,MS,ASO,CE,Federal Contract Tower,0,15,14,2,31,0,2,44,0,46,0,17,58,2,77,34,2,36,113
05/08/2006,TUP,MS,ASO,CE,Federal Contract Tower,0,15,19,42,76,0,15,65,7,87,0,30,84,49,163,46,42,88,251
05/09/2006,TUP,MS,ASO,CE,Federal Contract Tower,0,25,32,34,91,0,8,47,0,55,0,33,79,34,146,48,14,62,208
05/10/2006,TUP,MS,ASO,CE,Federal Contract Tower,0,13,7,14,34,0,0,37,0,37,0,13,44,14,71,36,14,50,121
05/11/2006,TUP,MS,ASO,CE,Federal Contract Tower,0,16,25,12,53,0,3,68,8,79,0,19,93,20,132,84,56,140,272
05/12/2006,TUP,MS,ASO,CE,Federal Contract Tower,0,14,9,6,29,0,2,64,2,68,0,16,73,8,97,70,6,76,173
05/13/2006,TUP,MS,ASO,CE,Federal Contract Tower,0,11,4,0,15,0,4,68,0,72,0,15,72,0,87,38,0,38,125
05/14/2006,TUP,MS,ASO,CE,Federal Contract Tower,0,10,5,0,15,0,4,77,0,81,0,14,82,0,96,38,0,38,134
05/15/2006,TUP,MS,ASO,CE,Federal Contract Tower,0,16,11,16,43,0,9,74,2,85,0,25,85,18,128,58,8,66,194
05/16/2006,TUP,MS,ASO,CE,Federal Contract Tower,0,15,14,0,29,0,12,66,12,90,0,27,80,12,119,38,10,48,167
05/17/2006,TUP,MS,ASO,CE,Federal Contract Tower,0,14,19,8,41,0,4,60,13,77,0,18,79,21,118,88,36,124,242
05/18/2006,TUP,MS,ASO,CE,Federal Contract Tower,0,16,17,12,45,0,0,63,2,65,0,16,80,14,110,76,12,88,198
05/19/2006,TUP,MS,ASO,CE,Federal Contract Tower,0,16,15,10,41,0,16,64,20,100,0,32,79,30,141,66,30,96,237
05/20/2006,TUP,MS,ASO,CE,Federal Contract Tower,0,10,6,0,16,0,5,66,18,89,0,15,72,18,105,54,20,74,179
05/21/2006,TUP,MS,ASO,CE,Federal Contract Tower,0,10,16,2,28,0,3,70,12,85,0,13,86,14,113,58,6,64,177
05/22/2006,TUP,MS,ASO,CE,Federal Contract Tower,0,15,18,26,59,0,7,84,1,92,0,22,102,27,151,54,20,74,225
05/23/2006,TUP,MS,ASO,CE,Federal Contract Tower,0,14,19,31,64,0,9,78,29,116,0,23,97,60,180,66,76,142,322
05/24/2006,TUP,MS,ASO,CE,Federal Contract Tower,0,14,15,12,41,0,4,68,14,86,0,18,83,26,127,66,31,97,224
05/25/2006,TUP,MS,ASO,CE,Federal Contract Tower,0,15,30,0,45,0,0,63,5,68,0,15,93,5,113,74,2,76,189
05/26/2006,TUP,MS,ASO,CE,Federal Contract Tower,0,19,14,0,33,0,2,71,8,81,0,21,85,8,114,36,6,42,156
05/27/2006,TUP,MS,ASO,CE,Federal Contract Tower,0,10,2,0,12,0,4,76,0,80,0,14,78,0,92,78,0,78,170
05/28/2006,TUP,MS,ASO,CE,Federal Contract Tower,0,9,0,0,9,0,3,55,0,58,0,12,55,0,67,36,0,36,103
05/29/2006,TUP,MS,ASO,CE,Federal Contract Tower,0,8,9,2,19,0,0,36,0,36,0,8,45,2,55,18,0,18,73
05/30/2006,TUP,MS,ASO,CE,Federal Contract Tower,0,14,14,12,40,0,3,71,21,95,0,17,85,33,135,36,44,80,215
05/31/2006,TUP,MS,ASO,CE,Federal Contract Tower,0,14,12,11,37,0,0,66,24,90,0,14,78,35,127,70,50,120,247
06/01/2006,TUP,MS,ASO,CE,Federal Contract Tower,0,15,14,2,31,0,0,57,6,63,0,15,71,8,94,94,4,98,192
06/02/2006,TUP,MS,ASO,CE,Federal Contract Tower,0,15,15,4,34,0,2,55,7,64,0,17,70,11,98,54,0,54,152
06/03/2006,TUP,MS,ASO,CE,Federal Contract Tower,0,9,6,0,15,0,7,71,0,78,0,16,77,0,93,58,0,58,151
06/04/2006,TUP,MS,ASO,CE,Federal Contract Tower,0,10,8,0,18,0,2,74,0,76,0,12,82,0,94,56,0,56,150
06/05/2006,TUP,MS,ASO,CE,Federal Contract Tower,0,15,9,10,34,0,13,77,8,98,0,28,86,18,132,56,50,106,238
06/06/2006,TUP,MS,ASO,CE,Federal Contract Tower,0,13,21,0,34,0,1,72,34,107,0,14,93,34,141,106,30,136,277
06/07/2006,TUP,MS,ASO,CE,Federal Contract Tower,0,16,17,8,41,0,3,73,14,90,0,19,90,22,131,84,42,126,257
06/08/2006,TUP,MS,ASO,CE,Federal Contract Tower,0,14,12,0,26,0,3,82,20,105,0,17,94,20,131,72,62,134,265
06/09/2006,TUP,MS,ASO,CE,Federal Contract Tower,0,17,13,4,34,0,8,65,21,94,0,25,78,25,128,52,40,92,220
06/10/2006,TUP,MS,ASO,CE,Federal Contract Tower,0,15,3,0,18,0,4,74,4,82,0,19,77,4,100,88,10,98,198
06/11/2006,TUP,MS,ASO,CE,Federal Contract Tower,0,14,10,2,26,0,2,94,19,115,0,16,104,21,141,86,8,94,235
06/12/2006,TUP,MS,ASO,CE,Federal Contract Tower,0,18,20,8,46,0,0,70,16,86,0,18,90,24,132,60,88,148,280
06/13/2006,TUP,MS,ASO,CE,Federal Contract Tower,0,18,14,12,44,0,0,80,28,108,0,18,94,40,152,68,66,134,286
06/14/2006,TUP,MS,ASO,CE,Federal Contract Tower,0,21,15,14,50,0,1,78,26,105,0,22,93,40,155,104,146,250,405
06/15/2006,TUP,MS,ASO,CE,Federal Contract Tower,0,17,12,16,45,0,1,71,15,87,0,18,83,31,132,76,120,196,328
06/16/2006,TUP,MS,ASO,CE,Federal Contract Tower,0,20,14,14,48,0,7,60,6,73,0,27,74,20,121,62,38,100,221
06/17/2006,TUP,MS,ASO,CE,Federal Contract Tower,0,23,9,3,35,0,6,77,0,83,0,29,86,3,118,144,2,146,264
06/18/2006,TUP,MS,ASO,CE,Federal Contract Tower,0,9,12,0,21,0,0,48,0,48,0,9,60,0,69,46,0,46,115
06/19/2006,TUP,MS,ASO,CE,Federal Contract Tower,0,21,12,6,39,0,5,59,0,64,0,26,71,6,103,52,6,58,161
06/20/2006,TUP,MS,ASO,CE,Federal Contract Tower,0,21,19,16,56,0,0,90,16,106,0,21,109,32,162,84,34,118,280
06/21/2006,TUP,MS,ASO,CE,Federal Contract Tower,0,22,16,11,49,0,2,68,3,73,0,24,84,14,122,72,10,82,204
06/22/2006,TUP,MS,ASO,CE,Federal Contract Tower,0,20,14,14,48,0,0,66,6,72,0,20,80,20,120,58,28,86,206
06/23/2006,TUP,MS,ASO,CE,Federal Contract Tower,0,19,10,0,29,0,5,77,11,93,0,24,87,11,122,70,50,120,242
06/24/2006,TUP,MS,ASO,CE,Federal Contract Tower,0,12,7,0,19,0,0,77,25,102,0,12,84,25,121,58,90,148,269
06/25/2006,TUP,MS,ASO,CE,Federal Contract Tower,0,14,7,0,21,0,3,73,15,91,0,17,80,15,112,46,22,68,180
06/26/2006,TUP,MS,ASO,CE,Federal Contract Tower,0,19,10,8,37,0,2,74,0,76,0,21,84,8,113,58,4,62,175
06/27/2006,TUP,MS,ASO,CE,Federal Contract Tower,0,18,13,7,38,0,1,87,0,88,0,19,100,7,126,82,14,96,222
06/28/2006,TUP,MS,ASO,CE,Federal Contract Tower,0,20,15,4,39,0,0,83,13,96,0,20,98,17,135,86,36,122,257
06/29/2006,TUP,MS,ASO,CE,Federal Contract Tower,0,17,13,0,30,0,3,68,0,71,0,20,81,0,101,74,0,74,175
06/30/2006,TUP,MS,ASO,CE,Federal Contract Tower,0,20,10,4,34,0,0,76,3,79,0,20,86,7,113,86,4,90,203
07/01/2006,TUP,MS,ASO,CE,Federal Contract Tower,0,14,5,0,19,0,1,77,0,78,0,15,82,0,97,60,0,60,157
07/02/2006,TUP,MS,ASO,CE,Federal Contract Tower,0,12,11,0,23,0,0,72,1,73,0,12,83,1,96,76,0,76,172
07/03/2006,TUP,MS,ASO,CE,Federal Contract Tower,0,21,2,0,23,0,1,86,0,87,0,22,88,0,110,58,0,58,168
07/04/2006,TUP,MS,ASO,CE,Federal Contract Tower,0,14,4,0,18,0,2,46,0,48,0,16,50,0,66,26,0,26,92
07/05/2006,TUP,MS,ASO,CE,Federal Contract Tower,0,19,16,4,39,0,2,45,4,51,0,21,61,8,90,32,4,36,126
07/06/2006,TUP,MS,ASO,CE,Federal Contract Tower,0,17,14,0,31,0,0,55,0,55,0,17,69,0,86,74,0,74,160
07/07/2006,TUP,MS,ASO,CE,Federal Contract Tower,0,20,18,2,40,0,2,71,16,89,0,22,89,18,129,84,10,94,223
07/08/2006,TUP,MS,ASO,CE,Federal Contract Tower,0,14,12,0,26,0,2,82,16,100,0,16,94,16,126,88,12,100,226
07/09/2006,TUP,MS,ASO,CE,Federal Contract Tower,0,14,10,0,24,0,1,67,18,86,0,15,77,18,110,70,34,104,214
07/10/2006,TUP,MS,ASO,CE,Federal Contract Tower,0,19,11,0,30,0,0,55,8,63,0,19,66,8,93,38,14,52,145
07/11/2006,TUP,MS,ASO,CE,Federal Contract Tower,0,19,15,4,38,0,3,81,19,103,0,22,96,23,141,74,46,120,261
07/12/2006,TUP,MS,ASO,CE,Federal Contract Tower,0,17,29,0,46,0,6,69,10,85,0,23,98,10,131,92,4,96,227
07/13/2006,TUP,MS,ASO,CE,Federal Contract Tower,0,17,34,2,53,0,3,61,3,67,0,20,95,5,120,74,4,78,198
07/14/2006,TUP,MS,ASO,CE,Federal Contract Tower,0,18,15,0,33,0,2,83,0,85,0,20,98,0,118,78,0,78,196
07/15/2006,TUP,MS,ASO,CE,Federal Contract Tower,0,14,3,2,19,0,1,71,0,72,0,15,74,2,91,48,0,48,139
07/16/2006,TUP,MS,ASO,CE,Federal Contract Tower,0,14,11,8,33,0,2,59,0,61,0,16,70,8,94,74,4,78,172
07/17/2006,TUP,MS,ASO,CE,Federal Contract Tower,0,21,15,8,44,0,3,69,0,72,0,24,84,8,116,54,4,58,174
07/18/2006,TUP,MS,ASO,CE,Federal Contract Tower,0,16,8,7,31,0,0,105,17,122,0,16,113,24,153,68,84,152,305
07/19/2006,TUP,MS,ASO,CE,Federal Contract Tower,0,18,22,12,52,0,0,60,2,62,0,18,82,14,114,68,8,76,190
07/20/2006,TUP,MS,ASO,CE,Federal Contract Tower,0,17,29,6,52,0,1,79,0,80,0,18,108,6,132,100,8,108,240
07/21/2006,TUP,MS,ASO,CE,Federal Contract Tower,0,19,17,4,40,0,0,86,9,95,0,19,103,13,135,78,16,94,229
07/22/2006,TUP,MS,ASO,CE,Federal Contract Tower,0,14,6,0,20,0,6,63,4,73,0,20,69,4,93,72,4,76,169
07/23/2006,TUP,MS,ASO,CE,Federal Contract Tower,0,14,10,23,47,0,5,60,2,67,0,19,70,25,114,80,32,112,226
07/24/2006,TUP,MS,ASO,CE,Federal Contract Tower,0,23,17,8,48,0,9,64,5,78,0,32,81,13,126,50,16,66,192
07/25/2006,TUP,MS,ASO,CE,Federal Contract Tower,0,18,20,10,48,0,4,79,21,104,0,22,99,31,152,66,20,86,238
07/26/2006,TUP,MS,ASO,CE,Federal Contract Tower,0,17,23,40,80,0,1,70,8,79,0,18,93,48,159,64,50,114,273
07/27/2006,TUP,MS,ASO,CE,Federal Contract Tower,0,16,17,2,35,0,3,61,2,66,0,19,78,4,101,86,4,90,191
07/28/2006,TUP,MS,ASO,CE,Federal Contract Tower,0,17,23,0,40,0,2,51,1,54,0,19,74,1,94,46,2,48,142
07/29/2006,TUP,MS,ASO,CE,Federal Contract Tower,0,14,6,2,22,0,4,69,0,73,0,18,75,2,95,88,4,92,187
07/30/2006,TUP,MS,ASO,CE,Federal Contract Tower,0,14,11,9,34,0,3,73,1,77,0,17,84,10,111,62,14,76,187
07/31/2006,TUP,MS,ASO,CE,Federal Contract Tower,0,17,8,12,37,0,5,70,9,84,0,22,78,21,121,52,12,64,185
08/01/2006,TUP,MS,ASO,CE,Federal Contract Tower,0,20,16,20,56,0,0,84,37,121,0,20,100,57,177,74,48,122,299
08/02/2006,TUP,MS,ASO,CE,Federal Contract Tower,0,18,20,29,67,0,1,69,20,90,0,19,89,49,157,114,46,160,317
08/03/2006,TUP,MS,ASO,CE,Federal Contract Tower,0,17,13,14,44,0,1,63,11,75,0,18,76,25,119,94,22,116,235
08/04/2006,TUP,MS,ASO,CE,Federal Contract Tower,0,18,22,14,54,0,10,55,15,80,0,28,77,29,134,50,40,90,224
08/05/2006,TUP,MS,ASO,CE,Federal Contract Tower,0,14,12,0,26,0,8,60,10,78,0,22,72,10,104,44,2,46,150
08/06/2006,TUP,MS,ASO,CE,Federal Contract Tower,0,14,14,8,36,0,8,66,15,89,0,22,80,23,125,48,18,66,191
08/07/2006,TUP,MS,ASO,CE,Federal Contract Tower,0,20,11,44,75,0,4,71,15,90,0,24,82,59,165,46,50,96,261
08/08/2006,TUP,MS,ASO,CE,Federal Contract Tower,0,18,16,30,64,0,1,77,13,91,0,19,93,43,155,64,18,82,237
08/09/2006,TUP,MS,ASO,CE,Federal Contract Tower,0,22,22,20,64,0,9,55,5,69,0,31,77,25,133,44,24,68,201
08/10/2006,TUP,MS,ASO,CE,Federal Contract Tower,0,15,28,10,53,0,3,47,3,53,0,18,75,13,106,48,6,54,160
08/11/2006,TUP,MS,ASO,CE,Federal Contract Tower,0,17,12,0,29,0,2,41,3,46,0,19,53,3,75,26,0,26,101
08/12/2006,TUP,MS,ASO,CE,Federal Contract Tower,0,16,7,0,23,0,2,48,0,50,0,18,55,0,73,68,0,68,141
08/13/2006,TUP,MS,ASO,CE,Federal Contract Tower,0,14,14,4,32,0,6,37,0,43,0,20,51,4,75,36,4,40,115
08/14/2006,TUP,MS,ASO,CE,Federal Contract Tower,0,20,20,6,46,0,5,63,0,68,0,25,83,6,114,66,6,72,186
08/15/2006,TUP,MS,ASO,CE,Federal Contract Tower,0,17,27,20,64,0,4,73,5,82,0,21,100,25,146,80,32,112,258
08/16/2006,TUP,MS,ASO,CE,Federal Contract Tower,0,22,29,20,71,0,6,61,2,69,0,28,90,22,140,60,18,78,218
08/17/2006,TUP,MS,ASO,CE,Federal Contract Tower,0,25,41,7,73,0,3,56,12,71,0,28,97,19,144,68,34,102,246
08/18/2006,TUP,MS,ASO,CE,Federal Contract Tower,0,19,37,4,60,0,1,75,4,80,0,20,112,8,140,68,10,78,218
08/19/2006,TUP,MS,ASO,CE,Federal Contract Tower,0,14,10,3,27,0,2,68,13,83,0,16,78,16,110,84,34,118,228
08/20/2006,TUP,MS,ASO,CE,Federal Contract Tower,0,16,8,0,24,0,4,66,0,70,0,20,74,0,94,68,0,68,162
08/21/2006,TUP,MS,ASO,CE,Federal Contract Tower,0,21,21,21,63,0,2,65,2,69,0,23,86,23,132,80,20,100,232
08/22/2006,TUP,MS,ASO,CE,Federal Contract Tower,0,16,21,15,52,0,1,68,7,76,0,17,89,22,128,46,10,56,184
08/23/2006,TUP,MS,ASO,CE,Federal Contract Tower,0,16,25,18,59,0,4,57,3,64,0,20,82,21,123,92,14,106,229
08/24/2006,TUP,MS,ASO,CE,Federal Contract Tower,0,17,12,16,45,0,2,65,1,68,0,19,77,17,113,94,22,116,229
08/25/2006,TUP,MS,ASO,CE,Federal Contract Tower,0,20,15,6,41,0,2,67,16,85,0,22,82,22,126,68,26,94,220
08/26/2006,TUP,MS,ASO,CE,Federal Contract Tower,0,16,8,0,24,0,15,51,0,66,0,31,59,0,90,50,0,50,140
08/27/2006,TUP,MS,ASO,CE,Federal Contract Tower,0,16,13,18,47,0,0,57,0,57,0,16,70,18,104,68,22,90,194
08/28/2006,TUP,MS,ASO,CE,Federal Contract Tower,0,25,18,6,49,0,5,61,12,78,0,30,79,18,127,64,6,70,197
08/29/2006,TUP,MS,ASO,CE,Federal Contract Tower,0,18,23,14,55,0,3,60,4,67,0,21,83,18,122,32,8,40,162
08/30/2006,TUP,MS,ASO,CE,Federal Contract Tower,0,16,21,10,47,0,3,44,22,69,0,19,65,32,116,50,38,88,204
08/31/2006,TUP,MS,ASO,CE,Federal Contract Tower,0,12,18,4,34,0,3,63,3,69,0,15,81,7,103,62,8,70,173
09/01/2006,TUP,MS,ASO,CE,Federal Contract Tower,0,16,28,2,46,0,2,42,4,48,0,18,70,6,94,16,4,20,114
09/02/2006,TUP,MS,ASO,CE,Federal Contract Tower,0,12,16,0,28,0,2,51,0,53,0,14,67,0,81,48,0,48,129
09/03/2006,TUP,MS,ASO,CE,Federal Contract Tower,0,12,11,0,23,0,8,62,0,70,0,20,73,0,93,76,0,76,169
09/04/2006,TUP,MS,ASO,CE,Federal Contract Tower,0,14,12,0,26,0,5,73,2,80,0,19,85,2,106,54,0,54,160
09/05/2006,TUP,MS,ASO,CE,Federal Contract Tower,0,17,18,4,39,0,3,71,19,93,0,20,89,23,132,64,34,98,230
09/06/2006,TUP,MS,ASO,CE,Federal Contract Tower,0,17,19,6,42,0,2,63,9,74,0,19,82,15,116,48,26,74,190
09/07/2006,TUP,MS,ASO,CE,Federal Contract Tower,0,19,16,6,41,0,5,60,2,67,0,24,76,8,108,64,4,68,176
09/08/2006,TUP,MS,ASO,CE,Federal Contract Tower,2,14,26,0,42,0,3,72,3,78,2,17,98,3,120,46,0,46,166
09/09/2006,TUP,MS,ASO,CE,Federal Contract Tower,2,15,16,3,36,0,16,65,0,81,2,31,81,3,117,74,4,78,195
09/10/2006,TUP,MS,ASO,CE,Federal Contract Tower,0,15,13,0,28,0,7,51,1,59,0,22,64,1,87,46,0,46,133
09/11/2006,TUP,MS,ASO,CE,Federal Contract Tower,0,18,9,16,43,0,7,78,0,85,0,25,87,16,128,50,16,66,194
09/12/2006,TUP,MS,ASO,CE,Federal Contract Tower,0,9,15,4,28,0,0,21,0,21,0,9,36,4,49,12,4,16,65
09/13/2006,TUP,MS,ASO,CE,Federal Contract Tower,0,15,19,10,44,0,7,33,8,48,0,22,52,18,92,26,16,42,134
09/14/2006,TUP,MS,ASO,CE,Federal Contract Tower,0,17,22,8,47,0,2,61,0,63,0,19,83,8,110,72,12,84,194
09/15/2006,TUP,MS,ASO,CE,Federal Contract Tower,2,19,19,12,52,0,4,61,9,74,2,23,80,21,126,50,32,82,208
09/16/2006,TUP,MS,ASO,CE,Federal Contract Tower,0,10,4,0,14,0,0,68,0,68,0,10,72,0,82,76,0,76,158
09/17/2006,TUP,MS,ASO,CE,Federal Contract Tower,0,17,7,8,32,0,0,60,0,60,0,17,67,8,92,52,6,58,150
09/18/2006,TUP,MS,ASO,CE,Federal Contract Tower,0,22,11,4,37,0,0,21,0,21,0,22,32,4,58,12,0,12,70
09/19/2006,TUP,MS,ASO,CE,Federal Contract Tower,0,18,22,16,56,0,3,73,18,94,0,21,95,34,150,60,24,84,234
09/20/2006,TUP,MS,ASO,CE,Federal Contract Tower,0,14,17,10,41,0,3,68,9,80,0,17,85,19,121,70,16,86,207
09/21/2006,TUP,MS,ASO,CE,Federal Contract Tower,0,18,17,18,53,0,0,57,8,65,0,18,74,26,118,78,26,104,222
09/22/2006,TUP,MS,ASO,CE,Federal Contract Tower,1,20,14,4,39,0,0,36,3,39,1,20,50,7,78,12,4,16,94
09/23/2006,TUP,MS,ASO,CE,Federal Contract Tower,0,14,6,0,20,0,5,18,0,23,0,19,24,0,43,26,0,26,69
09/24/2006,TUP,MS,ASO,CE,Federal Contract Tower,0,14,7,0,21,0,0,51,0,51,0,14,58,0,72,40,0,40,112
09/25/2006,TUP,MS,ASO,CE,Federal Contract Tower,0,20,25,25,70,0,7,68,2,77,0,27,93,27,147,50,16,66,213
09/26/2006,TUP,MS,ASO,CE,Federal Contract Tower,0,16,15,16,47,0,2,66,16,84,0,18,81,32,131,46,24,70,201
09/27/2006,TUP,MS,ASO,CE,Federal Contract Tower,0,17,17,12,46,0,2,53,8,63,0,19,70,20,109,96,4,100,209
09/28/2006,TUP,MS,ASO,CE,Federal Contract Tower,0,16,16,0,32,0,3,51,8,62,0,19,67,8,94,40,16,56,150
09/29/2006,TUP,MS,ASO,CE,Federal Contract Tower,0,18,16,0,34,0,8,53,11,72,0,26,69,11,106,52,50,102,208
09/30/2006,TUP,MS,ASO,CE,Federal Contract Tower,1,9,9,0,19,0,11,54,0,65,1,20,63,0,84,86,0,86,170
10/01/2006,TUP,MS,ASO,CE,Federal Contract Tower,0,12,17,0,29,0,8,48,0,56,0,20,65,0,85,68,0,68,153
10/02/2006,TUP,MS,ASO,CE,Federal Contract Tower,0,20,12,10,42,0,4,69,4,77,0,24,81,14,119,54,18,72,191
10/03/2006,TUP,MS,ASO,CE,Federal Contract Tower,0,17,15,12,44,0,3,67,2,72,0,20,82,14,116,46,12,58,174
10/04/2006,TUP,MS,ASO,CE,Federal Contract Tower,0,15,26,4,45,0,4,60,8,72,0,19,86,12,117,48,38,86,203
10/05/2006,TUP,MS,ASO,CE,Federal Contract Tower,0,18,23,9,50,0,3,58,0,61,0,21,81,9,111,56,2,58,169
10/06/2006,TUP,MS,ASO,CE,Federal Contract Tower,0,19,23,31,73,0,3,43,9,55,0,22,66,40,128,66,38,104,232
10/07/2006,TUP,MS,ASO,CE,Federal Contract Tower,0,12,12,0,24,0,0,70,0,70,0,12,82,0,94,66,0,66,160
10/08/2006,TUP,MS,ASO,CE,Federal Contract Tower,0,14,18,0,32,0,2,63,0,65,0,16,81,0,97,64,0,64,161
10/09/2006,TUP,MS,ASO,CE,Federal Contract Tower,0,14,16,6,36,0,5,63,0,68,0,19,79,6,104,52,0,52,156
10/10/2006,TUP,MS,ASO,CE,Federal Contract Tower,0,17,23,18,58,0,8,60,18,86,0,25,83,36,144,76,72,148,292
10/11/2006,TUP,MS,ASO,CE,Federal Contract Tower,0,18,16,28,62,0,0,51,11,62,0,18,67,39,124,38,22,60,184
10/12/2006,TUP,MS,ASO,CE,Federal Contract Tower,0,23,22,5,50,0,6,54,7,67,0,29,76,12,117,68,14,82,199
10/13/2006,TUP,MS,ASO,CE,Federal Contract Tower,0,19,14,10,43,0,5,52,0,57,0,24,66,10,100,64,10,74,174
10/14/2006,TUP,MS,ASO,CE,Federal Contract Tower,0,14,7,0,21,0,6,49,11,66,0,20,56,11,87,66,12,78,165
10/15/2006,TUP,MS,ASO,CE,Federal Contract Tower,0,12,9,0,21,0,5,64,0,69,0,17,73,0,90,64,0,64,154
10/16/2006,TUP,MS,ASO,CE,Federal Contract Tower,0,20,10,4,34,0,0,4,0,4,0,20,14,4,38,2,4,6,44
10/17/2006,TUP,MS,ASO,CE,Federal Contract Tower,0,17,16,26,59,0,1,46,12,59,0,18,62,38,118,42,22,64,182
10/18/2006,TUP,MS,ASO,CE,Federal Contract Tower,0,15,9,10,34,0,2,38,17,57,0,17,47,27,91,46,16,62,153
10/19/2006,TUP,MS,ASO,CE,Federal Contract Tower,0,20,30,2,52,0,0,8,0,8,0,20,38,2,60,0,4,4,64
10/20/2006,TUP,MS,ASO,CE,Federal Contract Tower,2,22,27,10,61,0,0,57,3,60,2,22,84,13,121,42,36,78,199
10/21/2006,TUP,MS,ASO,CE,Federal Contract Tower,2,13,13,4,32,0,0,70,3,73,2,13,83,7,105,68,6,74,179
10/22/2006,TUP,MS,ASO,CE,Federal Contract Tower,0,12,7,8,27,0,8,50,0,58,0,20,57,8,85,70,12,82,167
10/23/2006,TUP,MS,ASO,CE,Federal Contract Tower,0,17,17,30,64,0,3,56,0,59,0,20,73,30,123,52,22,74,197
10/24/2006,TUP,MS,ASO,CE,Federal Contract Tower,0,15,10,0,25,0,4,68,4,76,0,19,78,4,101,80,0,80,181
10/25/2006,TUP,MS,ASO,CE,Federal Contract Tower,0,13,18,0,31,0,0,45,4,49,0,13,63,4,80,112,0,112,192
10/26/2006,TUP,MS,ASO,CE,Federal Contract Tower,0,18,24,2,44,0,0,3,0,3,0,18,27,2,47,6,4,10,57
10/27/2006,TUP,MS,ASO,CE,Federal Contract Tower,0,21,15,2,38,0,6,29,4,39,0,27,44,6,77,50,6,56,133
10/28/2006,TUP,MS,ASO,CE,Federal Contract Tower,0,12,14,0,26,0,4,56,8,68,0,16,70,8,94,60,14,74,168
10/29/2006,TUP,MS,ASO,CE,Federal Contract Tower,0,14,9,0,23,0,4,65,0,69,0,18,74,0,92,60,0,60,152
10/30/2006,TUP,MS,ASO,CE,Federal Contract Tower,0,19,16,0,35,0,5,59,0,64,0,24,75,0,99,66,0,66,165
10/31/2006,TUP,MS,ASO,CE,Federal Contract Tower,0,16,21,2,39,0,2,39,11,52,0,18,60,13,91,16,20,36,127
11/01/2006,TUP,MS,ASO,CE,Federal Contract Tower,0,17,31,0,48,0,0,0,0,0,0,17,31,0,48,0,0,0,48
11/02/2006,TUP,MS,ASO,CE,Federal Contract Tower,0,17,25,2,44,0,0,53,6,59,0,17,78,8,103,52,6,58,161
11/03/2006,TUP,MS,ASO,CE,Federal Contract Tower,0,20,18,1,39,0,7,67,13,87,0,27,85,14,126,84,4,88,214
11/04/2006,TUP,MS,ASO,CE,Federal Contract Tower,0,9,6,0,15,0,6,61,0,67,0,15,67,0,82,74,0,74,156
11/05/2006,TUP,MS,ASO,CE,Federal Contract Tower,0,16,16,0,32,0,0,66,8,74,0,16,82,8,106,54,2,56,162
11/06/2006,TUP,MS,ASO,CE,Federal Contract Tower,0,20,28,2,50,0,0,17,0,17,0,20,45,2,67,12,0,12,79
11/07/2006,TUP,MS,ASO,CE,Federal Contract Tower,0,17,22,10,49,0,0,40,2,42,0,17,62,12,91,66,8,74,165
11/08/2006,TUP,MS,ASO,CE,Federal Contract Tower,0,16,19,2,37,0,0,49,6,55,0,16,68,8,92,68,8,76,168
11/09/2006,TUP,MS,ASO,CE,Federal Contract Tower,0,17,22,2,41,0,1,78,5,84,0,18,100,7,125,82,24,106,231
11/10/2006,TUP,MS,ASO,CE,Federal Contract Tower,0,22,17,0,39,0,0,65,0,65,0,22,82,0,104,58,0,58,162
11/11/2006,TUP,MS,ASO,CE,Federal Contract Tower,0,12,8,0,20,0,0,15,0,15,0,12,23,0,35,20,0,20,55
11/12/2006,TUP,MS,ASO,CE,Federal Contract Tower,0,14,14,0,28,0,3,56,0,59,0,17,70,0,87,54,0,54,141
11/13/2006,TUP,MS,ASO,CE,Federal Contract Tower,0,20,21,0,41,0,3,50,8,61,0,23,71,8,102,56,6,62,164
11/14/2006,TUP,MS,ASO,CE,Federal Contract Tower,0,16,14,0,30,0,5,58,19,82,0,21,72,19,112,26,68,94,206
11/15/2006,TUP,MS,ASO,CE,Federal Contract Tower,0,13,8,0,21,0,1,5,4,10,0,14,13,4,31,2,4,6,37
11/16/2006,TUP,MS,ASO,CE,Federal Contract Tower,0,18,22,0,40,0,0,34,7,41,0,18,56,7,81,48,14,62,143
11/17/2006,TUP,MS,ASO,CE,Federal Contract Tower,2,20,13,2,37,0,6,71,22,99,2,26,84,24,136,76,48,124,260
11/18/2006,TUP,MS,ASO,CE,Federal Contract Tower,0,14,10,0,24,0,1,62,17,80,0,15,72,17,104,48,68,116,220
11/19/2006,TUP,MS,ASO,CE,Federal Contract Tower,0,14,6,0,20,0,0,60,7,67,0,14,66,7,87,54,6,60,147
11/20/2006,TUP,MS,ASO,CE,Federal Contract Tower,0,24,23,1,48,0,5,69,3,77,0,29,92,4,125,52,2,54,179
11/21/2006,TUP,MS,ASO,CE,Federal Contract Tower,0,18,30,8,56,0,2,61,12,75,0,20,91,20,131,50,38,88,219
11/22/2006,TUP,MS,ASO,CE,Federal Contract Tower,0,21,19,6,46,0,6,55,2,63,0,27,74,8,109,48,0,48,157
11/23/2006,TUP,MS,ASO,CE,Federal Contract Tower,0,13,6,0,19,0,4,48,0,52,0,17,54,0,71,54,0,54,125
11/24/2006,TUP,MS,ASO,CE,Federal Contract Tower,0,21,8,0,29,0,7,73,0,80,0,28,81,0,109,96,0,96,205
11/25/2006,TUP,MS,ASO,CE,Federal Contract Tower,0,14,9,0,23,0,0,64,0,64,0,14,73,0,87,44,0,44,131
11/26/2006,TUP,MS,ASO,CE,Federal Contract Tower,0,14,19,0,33,0,5,57,7,69,0,19,76,7,102,52,0,52,154
11/27/2006,TUP,MS,ASO,CE,Federal Contract Tower,0,20,17,12,49,0,6,73,0,79,0,26,90,12,128,70,8,78,206
11/28/2006,TUP,MS,ASO,CE,Federal Contract Tower,0,25,17,0,42,0,1,60,25,86,0,26,77,25,128,44,34,78,206
11/29/2006,TUP,MS,ASO,CE,Federal Contract Tower,0,16,19,11,46,0,0,30,5,35,0,16,49,16,81,36,12,48,129
11/30/2006,TUP,MS,ASO,CE,Federal Contract Tower,0,19,10,7,36,0,0,15,1,16,0,19,25,8,52,4,6,10,62
12/01/2006,TUP,MS,ASO,CE,Federal Contract Tower,0,22,13,4,39,0,7,60,6,73,0,29,73,10,112,58,16,74,186
12/02/2006,TUP,MS,ASO,CE,Federal Contract Tower,0,16,5,5,26,0,2,62,0,64,0,18,67,5,90,64,10,74,164
12/03/2006,TUP,MS,ASO,CE,Federal Contract Tower,0,14,11,14,39,0,1,51,0,52,0,15,62,14,91,44,10,54,145
12/04/2006,TUP,MS,ASO,CE,Federal Contract Tower,0,20,18,20,58,0,2,58,0,60,0,22,76,20,118,36,14,50,168
12/05/2006,TUP,MS,ASO,CE,Federal Contract Tower,0,16,25,6,47,0,6,63,7,76,0,22,88,13,123,78,48,126,249
12/06/2006,TUP,MS,ASO,CE,Federal Contract Tower,0,15,13,8,36,0,1,49,11,61,0,16,62,19,97,48,32,80,177
12/07/2006,TUP,MS,ASO,CE,Federal Contract Tower,0,18,17,2,37,0,0,40,4,44,0,18,57,6,81,48,6,54,135
12/08/2006,TUP,MS,ASO,CE,Federal Contract Tower,0,19,7,3,29,0,2,61,10,73,0,21,68,13,102,48,8,56,158
12/09/2006,TUP,MS,ASO,CE,Federal Contract Tower,0,12,5,0,17,0,4,68,0,72,0,16,73,0,89,68,0,68,157
12/10/2006,TUP,MS,ASO,CE,Federal Contract Tower,0,14,6,2,22,0,2,55,0,57,0,16,61,2,79,46,2,48,127
12/11/2006,TUP,MS,ASO,CE,Federal Contract Tower,0,21,22,2,45,0,6,53,7,66,0,27,75,9,111,44,14,58,169
12/12/2006,TUP,MS,ASO,CE,Federal Contract Tower,0,13,24,8,45,0,1,0,0,1,0,14,24,8,46,0,0,0,46
12/13/2006,TUP,MS,ASO,CE,Federal Contract Tower,0,16,17,9,42,0,4,44,10,58,0,20,61,19,100,50,48,98,198
12/14/2006,TUP,MS,ASO,CE,Federal Contract Tower,0,15,22,2,39,0,2,31,9,42,0,17,53,11,81,16,8,24,105
12/15/2006,TUP,MS,ASO,CE,Federal Contract Tower,0,13,23,3,39,0,4,33,19,56,0,17,56,22,95,30,34,64,159
12/16/2006,TUP,MS,ASO,CE,Federal Contract Tower,0,10,6,0,16,0,0,43,16,59,0,10,49,16,75,30,36,66,141
12/17/2006,TUP,MS,ASO,CE,Federal Contract Tower,0,15,11,0,26,0,10,57,19,86,0,25,68,19,112,32,44,76,188
12/18/2006,TUP,MS,ASO,CE,Federal Contract Tower,0,19,22,0,41,0,5,77,0,82,0,24,99,0,123,32,0,32,155
12/19/2006,TUP,MS,ASO,CE,Federal Contract Tower,0,18,28,16,62,0,0,9,0,9,0,18,37,16,71,0,0,0,71
12/20/2006,TUP,MS,ASO,CE,Federal Contract Tower,0,18,20,6,44,0,2,36,0,38,0,20,56,6,82,54,40,94,176
12/21/2006,TUP,MS,ASO,CE,Federal Contract Tower,0,15,15,16,46,0,0,11,0,11,0,15,26,16,57,6,18,24,81
12/22/2006,TUP,MS,ASO,CE,Federal Contract Tower,0,21,11,0,32,0,2,50,6,58,0,23,61,6,90,38,0,38,128
12/23/2006,TUP,MS,ASO,CE,Federal Contract Tower,0,14,11,0,25,0,6,49,0,55,0,20,60,0,80,44,0,44,124
12/24/2006,TUP,MS,ASO,CE,Federal Contract Tower,0,12,11,0,23,0,8,57,0,65,0,20,68,0,88,36,0,36,124
12/25/2006,TUP,MS,ASO,CE,Federal Contract Tower,0,12,0,0,12,0,0,0,0,0,0,12,0,0,12,0,0,0,12
12/26/2006,TUP,MS,ASO,CE,Federal Contract Tower,0,20,11,0,31,0,10,57,0,67,0,30,68,0,98,32,0,32,130
12/27/2006,TUP,MS,ASO,CE,Federal Contract Tower,0,18,8,0,26,0,8,55,9,72,0,26,63,9,98,62,8,70,168
12/28/2006,TUP,MS,ASO,CE,Federal Contract Tower,0,18,13,0,31,0,4,60,6,70,0,22,73,6,101,70,0,70,171
12/29/2006,TUP,MS,ASO,CE,Federal Contract Tower,0,16,9,0,25,0,3,38,0,41,0,19,47,0,66,36,0,36,102
12/30/2006,TUP,MS,ASO,CE,Federal Contract Tower,0,14,5,0,19,0,0,2,0,2,0,14,7,0,21,0,0,0,21
12/31/2006,TUP,MS,ASO,CE,Federal Contract Tower,0,16,3,0,19,0,6,60,0,66,0,22,63,0,85,66,0,66,151
01/01/2007,TUP,MS,ASO,CE,Federal Contract Tower,0,19,5,0,24,0,8,43,0,51,0,27,48,0,75,26,0,26,101
01/02/2007,TUP,MS,ASO,CE,Federal Contract Tower,0,19,30,0,49,0,8,61,0,69,0,27,91,0,118,42,0,42,160
01/03/2007,TUP,MS,ASO,CE,Federal Contract Tower,0,18,11,2,31,0,5,51,0,56,0,23,62,2,87,62,18,80,167
01/04/2007,TUP,MS,ASO,CE,Federal Contract Tower,0,16,7,6,29,0,1,7,0,8,0,17,14,6,37,0,0,0,37
01/05/2007,TUP,MS,ASO,CE,Federal Contract Tower,1,19,11,6,37,0,1,41,12,54,1,20,52,18,91,30,18,48,139
01/06/2007,TUP,MS,ASO,CE,Federal Contract Tower,2,12,13,2,29,0,4,59,14,77,2,16,72,16,106,80,20,100,206
01/07/2007,TUP,MS,ASO,CE,Federal Contract Tower,0,13,6,2,21,0,0,0,0,0,0,13,6,2,21,0,0,0,21
01/08/2007,TUP,MS,ASO,CE,Federal Contract Tower,0,18,20,10,48,0,4,71,1,76,0,22,91,11,124,59,9,68,192
01/09/2007,TUP,MS,ASO,CE,Federal Contract Tower,0,20,26,8,54,0,0,75,16,91,0,20,101,24,145,50,24,74,219
01/10/2007,TUP,MS,ASO,CE,Federal Contract Tower,0,19,20,10,49,0,2,58,9,69,0,21,78,19,118,50,40,90,208
01/11/2007,TUP,MS,ASO,CE,Federal Contract Tower,0,18,26,6,50,0,1,67,11,79,0,19,93,17,129,84,8,92,221
01/12/2007,TUP,MS,ASO,CE,Federal Contract Tower,0,21,20,14,55,0,4,51,0,55,0,25,71,14,110,42,14,56,166
01/13/2007,TUP,MS,ASO,CE,Federal Contract Tower,0,12,13,0,25,0,0,51,0,51,0,12,64,0,76,42,0,42,118
01/14/2007,TUP,MS,ASO,CE,Federal Contract Tower,0,14,18,0,32,0,4,34,0,38,0,18,52,0,70,8,0,8,78
01/15/2007,TUP,MS,ASO,CE,Federal Contract Tower,0,16,11,0,27,0,0,0,0,0,0,16,11,0,27,0,0,0,27
01/16/2007,TUP,MS,ASO,CE,Federal Contract Tower,0,20,22,14,56,0,0,50,9,59,0,20,72,23,115,44,14,58,173
01/17/2007,TUP,MS,ASO,CE,Federal Contract Tower,0,22,9,4,35,0,4,44,0,48,0,26,53,4,83,26,18,44,127
01/18/2007,TUP,MS,ASO,CE,Federal Contract Tower,0,18,17,6,41,0,1,36,1,38,0,19,53,7,79,14,18,32,111
01/19/2007,TUP,MS,ASO,CE,Federal Contract Tower,2,19,16,7,44,0,12,49,11,72,2,31,65,18,116,44,22,66,182
01/20/2007,TUP,MS,ASO,CE,Federal Contract Tower,2,13,4,0,19,0,7,68,18,93,2,20,72,18,112,62,14,76,188
01/21/2007,TUP,MS,ASO,CE,Federal Contract Tower,0,15,8,10,33,0,0,0,0,0,0,15,8,10,33,0,8,8,41
01/22/2007,TUP,MS,ASO,CE,Federal Contract Tower,0,19,15,26,60,0,9,56,2,67,0,28,71,28,127,50,16,66,193
01/23/2007,TUP,MS,ASO,CE,Federal Contract Tower,0,17,19,24,60,0,2,61,8,71,0,19,80,32,131,48,8,56,187
01/24/2007,TUP,MS,ASO,CE,Federal Contract Tower,0,18,24,13,55,0,1,54,8,63,0,19,78,21,118,68,20,88,206
01/25/2007,TUP,MS,ASO,CE,Federal Contract Tower,0,17,13,7,37,0,2,58,11,71,0,19,71,18,108,46,18,64,172
01/26/2007,TUP,MS,ASO,CE,Federal Contract Tower,0,19,9,12,40,0,3,62,0,65,0,22,71,12,105,102,12,114,219
01/27/2007,TUP,MS,ASO,CE,Federal Contract Tower,0,12,4,8,24,0,4,33,0,37,0,16,37,8,61,52,8,60,121
01/28/2007,TUP,MS,ASO,CE,Federal Contract Tower,0,15,7,17,39,0,2,58,0,60,0,17,65,17,99,46,8,54,153
01/29/2007,TUP,MS,ASO,CE,Federal Contract Tower,0,18,5,26,49,0,8,71,4,83,0,26,76,30,132,34,42,76,208
01/30/2007,TUP,MS,ASO,CE,Federal Contract Tower,0,24,21,37,82,0,8,63,6,77,0,32,84,43,159,68,84,152,311
01/31/2007,TUP,MS,ASO,CE,Federal Contract Tower,0,16,13,10,39,0,6,54,10,70,0,22,67,20,109,40,52,92,201
02/01/2007,TUP,MS,ASO,CE,Federal Contract Tower,0,18,12,0,30,0,0,1,0,1,0,18,13,0,31,0,0,0,31
02/02/2007,TUP,MS,ASO,CE,Federal Contract Tower,0,19,12,0,31,0,7,32,0,39,0,26,44,0,70,20,0,20,90
02/03/2007,TUP,MS,ASO,CE,Federal Contract Tower,0,12,13,0,25,0,0,75,0,75,0,12,88,0,100,68,0,68,168
02/04/2007,TUP,MS,ASO,CE,Federal Contract Tower,0,14,5,2,21,0,0,50,0,50,0,14,55,2,71,54,2,56,127
02/05/2007,TUP,MS,ASO,CE,Federal Contract Tower,0,17,29,22,68,0,5,82,18,105,0,22,111,40,173,58,62,120,293
02/06/2007,TUP,MS,ASO,CE,Federal Contract Tower,0,17,17,26,60,0,3,72,25,100,0,20,89,51,160,98,20,118,278
02/07/2007,TUP,MS,ASO,CE,Federal Contract Tower,0,16,19,20,55,0,2,60,7,69,0,18,79,27,124,56,24,80,204
02/08/2007,TUP,MS,ASO,CE,Federal Contract Tower,1,17,12,18,48,0,1,31,2,34,1,18,43,20,82,24,26,50,132
02/09/2007,TUP,MS,ASO,CE,Federal Contract Tower,0,23,18,4,45,0,2,42,0,44,0,25,60,4,89,52,8,60,149
02/10/2007,TUP,MS,ASO,CE,Federal Contract Tower,0,16,3,0,19,0,8,53,0,61,0,24,56,0,80,60,0,60,140
02/11/2007,TUP,MS,ASO,CE,Federal Contract Tower,0,14,18,0,32,0,6,49,0,55,0,20,67,0,87,66,0,66,153
02/12/2007,TUP,MS,ASO,CE,Federal Contract Tower,0,18,31,12,61,0,2,53,0,55,0,20,84,12,116,48,8,56,172
02/13/2007,TUP,MS,ASO,CE,Federal Contract Tower,0,16,23,4,43,0,0,0,0,0,0,16,23,4,43,0,0,0,43
02/14/2007,TUP,MS,ASO,CE,Federal Contract Tower,0,17,13,10,40,0,7,25,7,39,0,24,38,17,79,14,32,46,125
02/15/2007,TUP,MS,ASO,CE,Federal Contract Tower,0,19,17,10,46,0,2,61,4,67,0,21,78,14,113,52,20,72,185
02/16/2007,TUP,MS,ASO,CE,Federal Contract Tower,0,15,13,20,48,0,3,63,2,68,0,18,76,22,116,42,28,70,186
02/17/2007,TUP,MS,ASO,CE,Federal Contract Tower,0,14,10,0,24,0,0,53,2,55,0,14,63,2,79,36,0,36,115
02/18/2007,TUP,MS,ASO,CE,Federal Contract Tower,0,14,15,0,29,0,4,64,0,68,0,18,79,0,97,58,0,58,155
02/19/2007,TUP,MS,ASO,CE,Federal Contract Tower,0,18,30,0,48,0,4,62,0,66,0,22,92,0,114,46,0,46,160
02/20/2007,TUP,MS,ASO,CE,Federal Contract Tower,0,25,21,13,59,0,1,69,10,80,0,26,90,23,139,58,18,76,215
02/21/2007,TUP,MS,ASO,CE,Federal Contract Tower,0,16,16,22,54,0,3,57,5,65,0,19,73,27,119,54,32,86,205
02/22/2007,TUP,MS,ASO,CE,Federal Contract Tower,0,20,19,9,48,0,1,54,7,62,0,21,73,16,110,52,46,98,208
02/23/2007,TUP,MS,ASO,CE,Federal Contract Tower,0,19,13,10,42,0,5,62,13,80,0,24,75,23,122,48,34,82,204
02/24/2007,TUP,MS,ASO,CE,Federal Contract Tower,0,15,4,0,19,0,1,7,0,8,0,16,11,0,27,8,0,8,35
02/25/2007,TUP,MS,ASO,CE,Federal Contract Tower,0,14,7,0,21,0,2,44,14,60,0,16,51,14,81,24,32,56,137
02/26/2007,TUP,MS,ASO,CE,Federal Contract Tower,0,21,28,10,59,0,12,63,2,77,0,33,91,12,136,52,16,68,204
02/27/2007,TUP,MS,ASO,CE,Federal Contract Tower,0,18,32,5,55,0,8,61,16,85,0,26,93,21,140,66,40,106,246
02/28/2007,TUP,MS,ASO,CE,Federal Contract Tower,0,16,17,14,47,0,3,54,18,75,0,19,71,32,122,66,30,96,218
03/01/2007,TUP,MS,ASO,CE,Federal Contract Tower,0,19,5,0,24,0,2,4,1,7,0,21,9,1,31,0,0,0,31
03/02/2007,TUP,MS,ASO,CE,Federal Contract Tower,0,20,24,3,47,0,4,65,7,76,0,24,89,10,123,40,44,84,207
03/03/2007,TUP,MS,ASO,CE,Federal Contract Tower,0,14,12,0,26,0,4,50,3,57,0,18,62,3,83,54,2,56,139
03/04/2007,TUP,MS,ASO,CE,Federal Contract Tower,0,13,10,0,23,0,2,67,0,69,0,15,77,0,92,74,0,74,166
03/05/2007,TUP,MS,ASO,CE,Federal Contract Tower,0,18,20,9,47,0,6,61,0,67,0,24,81,9,114,54,0,54,168
03/06/2007,TUP,MS,ASO,CE,Federal Contract Tower,0,17,22,6,45,0,2,64,13,79,0,19,86,19,124,42,0,42,166
03/07/2007,TUP,MS,ASO,CE,Federal Contract Tower,0,17,20,20,57,0,3,46,0,49,0,20,66,20,106,68,8,76,182
03/08/2007,TUP,MS,ASO,CE,Federal Contract Tower,0,17,22,6,45,0,1,57,1,59,0,18,79,7,104,72,6,78,182
03/09/2007,TUP,MS,ASO,CE,Federal Contract Tower,0,18,24,8,50,0,4,77,24,105,0,22,101,32,155,82,34,116,271
03/10/2007,TUP,MS,ASO,CE,Federal Contract Tower,0,13,6,0,19,0,0,67,15,82,0,13,73,15,101,48,22,70,171
03/11/2007,TUP,MS,ASO,CE,Federal Contract Tower,0,14,7,0,21,0,11,62,0,73,0,25,69,0,94,70,0,70,164
03/12/2007,TUP,MS,ASO,CE,Federal Contract Tower,0,17,12,18,47,0,8,77,0,85,0,25,89,18,132,42,18,60,192
03/13/2007,TUP,MS,ASO,CE,Federal Contract Tower,0,19,14,14,47,0,4,68,12,84,0,23,82,26,131,50,72,122,253
03/14/2007,TUP,MS,ASO,CE,Federal Contract Tower,0,20,31,2,53,0,1,55,4,60,0,21,86,6,113,26,12,38,151
03/15/2007,TUP,MS,ASO,CE,Federal Contract Tower,0,18,19,14,51,0,0,36,12,48,0,18,55,26,99,20,38,58,157
03/16/2007,TUP,MS,ASO,CE,Federal Contract Tower,0,25,19,6,50,0,0,46,14,60,0,25,65,20,110,44,12,56,166
03/17/2007,TUP,MS,ASO,CE,Federal Contract Tower,0,14,14,2,30,0,2,64,2,68,0,16,78,4,98,46,0,46,144
03/18/2007,TUP,MS,ASO,CE,Federal Contract Tower,0,16,9,0,25,0,3,51,0,54,0,19,60,0,79,56,0,56,135
03/19/2007,TUP,MS,ASO,CE,Federal Contract Tower,0,19,30,6,55,0,4,58,4,66,0,23,88,10,121,46,8,54,175
03/20/2007,TUP,MS,ASO,CE,Federal Contract Tower,0,16,25,14,55,0,0,75,6,81,0,16,100,20,136,56,16,72,208
03/21/2007,TUP,MS,ASO,CE,Federal Contract Tower,0,17,22,8,47,0,1,52,1,54,0,18,74,9,101,50,12,62,163
03/22/2007,TUP,MS,ASO,CE,Federal Contract Tower,0,17,19,12,48,0,3,61,5,69,0,20,80,17,117,64,16,80,197
03/23/2007,TUP,MS,ASO,CE,Federal Contract Tower,0,16,20,12,48,0,6,61,5,72,0,22,81,17,120,60,32,92,212
03/24/2007,TUP,MS,ASO,CE,Federal Contract Tower,0,15,13,0,28,0,2,59,0,61,0,17,72,0,89,62,0,62,151
03/25/2007,TUP,MS,ASO,CE,Federal Contract Tower,0,12,11,4,27,0,4,53,0,57,0,16,64,4,84,44,4,48,132
03/26/2007,TUP,MS,ASO,CE,Federal Contract Tower,0,22,15,16,53,0,4,70,8,82,0,26,85,24,135,60,14,74,209
03/27/2007,TUP,MS,ASO,CE,Federal Contract Tower,0,16,26,4,46,0,1,73,2,76,0,17,99,6,122,48,14,62,184
03/28/2007,TUP,MS,ASO,CE,Federal Contract Tower,0,18,14,0,32,0,1,31,4,36,0,19,45,4,68,28,6,34,102
03/29/2007,TUP,MS,ASO,CE,Federal Contract Tower,0,20,30,6,56,0,1,68,1,70,0,21,98,7,126,66,10,76,202
03/30/2007,TUP,MS,ASO,CE,Federal Contract Tower,0,17,14,0,31,0,0,56,7,63,0,17,70,7,94,40,6,46,140
03/31/2007,TUP,MS,ASO,CE,Federal Contract Tower,0,12,12,0,24,0,0,50,6,56,0,12,62,6,80,44,0,44,124
04/01/2007,TUP,MS,ASO,CE,Federal Contract Tower,0,15,13,2,30,0,3,46,0,49,0,18,59,2,79,26,0,26,105
04/02/2007,TUP,MS,ASO,CE,Federal Contract Tower,0,25,20,0,45,0,1,46,7,54,0,26,66,7,99,20,12,32,131
04/03/2007,TUP,MS,ASO,CE,Federal Contract Tower,0,17,22,6,45,0,1,65,4,70,0,18,87,10,115,32,18,50,165
04/04/2007,TUP,MS,ASO,CE,Federal Contract Tower,0,14,10,8,32,0,0,58,2,60,0,14,68,10,92,62,14,76,168
04/05/2007,TUP,MS,ASO,CE,Federal Contract Tower,0,17,20,9,46,0,4,53,2,59,0,21,73,11,105,52,34,86,191
04/06/2007,TUP,MS,ASO,CE,Federal Contract Tower,0,16,15,2,33,0,3,46,0,49,0,19,61,2,82,56,2,58,140
04/07/2007,TUP,MS,ASO,CE,Federal Contract Tower,0,13,5,1,19,0,10,43,1,54,0,23,48,2,73,52,18,70,143
04/08/2007,TUP,MS,ASO,CE,Federal Contract Tower,0,14,5,0,19,0,6,40,0,46,0,20,45,0,65,22,0,22,87
04/09/2007,TUP,MS,ASO,CE,Federal Contract Tower,0,20,26,0,46,0,3,53,0,56,0,23,79,0,102,48,0,48,150
04/10/2007,TUP,MS,ASO,CE,Federal Contract Tower,0,19,22,2,43,0,6,41,6,53,0,25,63,8,96,26,0,26,122
04/11/2007,TUP,MS,ASO,CE,Federal Contract Tower,0,14,17,6,37,0,3,25,0,28,0,17,42,6,65,24,6,30,95
04/12/2007,TUP,MS,ASO,CE,Federal Contract Tower,0,16,19,11,46,0,1,51,3,55,0,17,70,14,101,68,12,80,181
04/13/2007,TUP,MS,ASO,CE,Federal Contract Tower,0,18,12,4,34,0,11,46,0,57,0,29,58,4,91,36,4,40,131
04/14/2007,TUP,MS,ASO,CE,Federal Contract Tower,0,14,3,0,17,0,2,13,0,15,0,16,16,0,32,2,0,2,34
04/15/2007,TUP,MS,ASO,CE,Federal Contract Tower,0,16,18,0,34,0,4,33,5,42,0,20,51,5,76,26,5,31,107
04/16/2007,TUP,MS,ASO,CE,Federal Contract Tower,0,16,13,4,33,0,4,68,4,76,0,20,81,8,109,50,4,54,163
04/17/2007,TUP,MS,ASO,CE,Federal Contract Tower,0,17,31,6,54,0,4,61,2,67,0,21,92,8,121,62,10,72,193
04/18/2007,TUP,MS,ASO,CE,Federal Contract Tower,0,19,35,27,81,0,4,56,0,60,0,23,91,27,141,48,20,68,209
04/19/2007,TUP,MS,ASO,CE,Federal Contract Tower,0,16,11,18,45,0,0,63,6,69,0,16,74,24,114,58,40,98,212
04/20/2007,TUP,MS,ASO,CE,Federal Contract Tower,0,15,27,4,46,0,5,57,1,63,0,20,84,5,109,58,6,64,173
04/21/2007,TUP,MS,ASO,CE,Federal Contract Tower,0,14,6,0,20,0,2,64,0,66,0,16,70,0,86,64,0,64,150
04/22/2007,TUP,MS,ASO,CE,Federal Contract Tower,0,14,18,0,32,0,3,59,0,62,0,17,77,0,94,62,0,62,156
04/23/2007,TUP,MS,ASO,CE,Federal Contract Tower,0,18,18,14,50,0,3,60,2,65,0,21,78,16,115,40,18,58,173
04/24/2007,TUP,MS,ASO,CE,Federal Contract Tower,0,19,14,20,53,0,2,59,0,61,0,21,73,20,114,28,20,48,162
04/25/2007,TUP,MS,ASO,CE,Federal Contract Tower,0,17,22,10,49,0,2,39,6,47,0,19,61,16,96,34,2,36,132
04/26/2007,TUP,MS,ASO,CE,Federal Contract Tower,0,17,15,9,41,0,1,41,1,43,0,18,56,10,84,34,10,44,128
04/27/2007,TUP,MS,ASO,CE,Federal Contract Tower,0,20,22,12,54,0,8,48,3,59,0,28,70,15,113,56,12,68,181
04/28/2007,TUP,MS,ASO,CE,Federal Contract Tower,0,12,8,0,20,0,0,68,0,68,0,12,76,0,88,52,0,52,140
04/29/2007,TUP,MS,ASO,CE,Federal Contract Tower,0,14,13,0,27,0,4,58,0,62,0,18,71,0,89,46,0,46,135
04/30/2007,TUP,MS,ASO,CE,Federal Contract Tower,0,16,37,18,71,0,2,62,0,64,0,18,99,18,135,54,6,60,195
05/01/2007,TUP,MS,ASO,CE,Federal Contract Tower,0,15,16,3,34,0,4,72,0,76,0,19,88,3,110,84,6,90,200
05/02/2007,TUP,MS,ASO,CE,Federal Contract Tower,0,21,14,6,41,0,3,43,2,48,0,24,57,8,89,40,8,48,137
05/03/2007,TUP,MS,ASO,CE,Federal Contract Tower,2,16,24,15,57,0,7,50,0,57,2,23,74,15,114,36,14,50,164
05/04/2007,TUP,MS,ASO,CE,Federal Contract Tower,0,20,16,13,49,0,2,43,8,53,0,22,59,21,102,38,16,54,156
05/05/2007,TUP,MS,ASO,CE,Federal Contract Tower,0,14,6,0,20,0,3,51,23,77,0,17,57,23,97,34,52,86,183
05/06/2007,TUP,MS,ASO,CE,Federal Contract Tower,0,16,23,0,39,0,2,54,2,58,0,18,77,2,97,78,8,86,183
05/07/2007,TUP,MS,ASO,CE,Federal Contract Tower,0,16,21,8,45,0,0,71,0,71,0,16,92,8,116,58,0,58,174
05/08/2007,TUP,MS,ASO,CE,Federal Contract Tower,0,18,28,4,50,0,7,80,26,113,0,25,108,30,163,54,42,96,259
05/09/2007,TUP,MS,ASO,CE,Federal Contract Tower,0,16,25,0,41,0,0,45,10,55,0,16,70,10,96,60,20,80,176
05/10/2007,TUP,MS,ASO,CE,Federal Contract Tower,0,14,14,2,30,0,1,28,13,42,0,15,42,15,72,36,14,50,122
05/11/2007,TUP,MS,ASO,CE,Federal Contract Tower,0,15,23,0,38,0,3,47,10,60,0,18,70,10,98,70,4,74,172
05/12/2007,TUP,MS,ASO,CE,Federal Contract Tower,0,16,5,2,23,0,0,46,0,46,0,16,51,2,69,60,2,62,131
05/13/2007,TUP,MS,ASO,CE,Federal Contract Tower,0,14,12,2,28,0,5,63,0,68,0,19,75,2,96,72,2,74,170
05/14/2007,TUP,MS,ASO,CE,Federal Contract Tower,0,18,16,14,48,0,6,73,3,82,0,24,89,17,130,68,8,76,206
05/15/2007,TUP,MS,ASO,CE,Federal Contract Tower,0,14,17,6,37,0,2,55,14,71,0,16,72,20,108,70,34,104,212
05/16/2007,TUP,MS,ASO,CE,Federal Contract Tower,0,16,14,24,54,0,0,40,2,42,0,16,54,26,96,50,30,80,176
05/17/2007,TUP,MS,ASO,CE,Federal Contract Tower,0,18,29,5,52,0,1,50,1,52,0,19,79,6,104,58,0,58,162
05/18/2007,TUP,MS,ASO,CE,Federal Contract Tower,0,19,19,6,44,0,4,75,4,83,0,23,94,10,127,78,8,86,213
05/19/2007,TUP,MS,ASO,CE,Federal Contract Tower,0,14,10,5,29,0,4,63,3,70,0,18,73,8,99,66,24,90,189
05/20/2007,TUP,MS,ASO,CE,Federal Contract Tower,0,15,12,0,27,0,9,54,0,63,0,24,66,0,90,58,0,58,148
05/21/2007,TUP,MS,ASO,CE,Federal Contract Tower,0,14,18,16,48,0,0,68,2,70,0,14,86,18,118,44,8,52,170
05/22/2007,TUP,MS,ASO,CE,Federal Contract Tower,0,19,22,14,55,0,6,62,4,72,0,25,84,18,127,50,4,54,181
05/23/2007,TUP,MS,ASO,CE,Federal Contract Tower,0,18,14,8,40,0,2,53,3,58,0,20,67,11,98,46,6,52,150
05/24/2007,TUP,MS,ASO,CE,Federal Contract Tower,0,18,20,2,40,0,2,54,6,62,0,20,74,8,102,44,10,54,156
05/25/2007,TUP,MS,ASO,CE,Federal Contract Tower,0,18,20,0,38,0,2,20,0,22,0,20,40,0,60,24,0,24,84
05/26/2007,TUP,MS,ASO,CE,Federal Contract Tower,0,13,8,0,21,0,14,39,0,53,0,27,47,0,74,36,0,36,110
05/27/2007,TUP,MS,ASO,CE,Federal Contract Tower,0,14,7,0,21,0,7,42,0,49,0,21,49,0,70,58,0,58,128
05/28/2007,TUP,MS,ASO,CE,Federal Contract Tower,0,13,16,0,29,0,2,37,0,39,0,15,53,0,68,36,0,36,104
05/29/2007,TUP,MS,ASO,CE,Federal Contract Tower,0,17,29,4,50,0,0,70,0,70,0,17,99,4,120,46,0,46,166
05/30/2007,TUP,MS,ASO,CE,Federal Contract Tower,0,18,10,16,44,0,1,36,1,38,0,19,46,17,82,26,10,36,118
05/31/2007,TUP,MS,ASO,CE,Federal Contract Tower,0,17,22,5,44,0,2,57,2,61,0,19,79,7,105,54,18,72,177
06/01/2007,TUP,MS,ASO,CE,Federal Contract Tower,0,24,13,2,39,0,14,55,2,71,0,38,68,4,110,72,4,76,186
06/02/2007,TUP,MS,ASO,CE,Federal Contract Tower,0,10,5,1,16,0,4,35,8,47,0,14,40,9,63,32,12,44,107
06/03/2007,TUP,MS,ASO,CE,Federal Contract Tower,0,12,12,0,24,0,3,55,1,59,0,15,67,1,83,50,2,52,135
06/04/2007,TUP,MS,ASO,CE,Federal Contract Tower,0,18,10,10,38,0,1,73,20,94,0,19,83,30,132,56,28,84,216
06/05/2007,TUP,MS,ASO,CE,Federal Contract Tower,0,18,13,17,48,0,0,77,17,94,0,18,90,34,142,52,36,88,230
06/06/2007,TUP,MS,ASO,CE,Federal Contract Tower,0,17,20,12,49,0,1,52,3,56,0,18,72,15,105,64,16,80,185
06/07/2007,TUP,MS,ASO,CE,Federal Contract Tower,2,17,27,16,62,0,1,51,4,56,2,18,78,20,118,54,24,78,196
06/08/2007,TUP,MS,ASO,CE,Federal Contract Tower,0,14,16,10,40,0,0,38,3,41,0,14,54,13,81,30,12,42,123
06/09/2007,TUP,MS,ASO,CE,Federal Contract Tower,0,15,10,1,26,0,4,55,5,64,0,19,65,6,90,48,8,56,146
06/10/2007,TUP,MS,ASO,CE,Federal Contract Tower,2,11,10,0,23,0,6,63,0,69,2,17,73,0,92,86,0,86,178
06/11/2007,TUP,MS,ASO,CE,Federal Contract Tower,0,16,21,22,59,0,3,67,2,72,0,19,88,24,131,50,24,74,205
06/12/2007,TUP,MS,ASO,CE,Federal Contract Tower,0,18,25,22,65,0,1,67,6,74,0,19,92,28,139,56,44,100,239
06/13/2007,TUP,MS,ASO,CE,Federal Contract Tower,0,16,16,12,44,0,4,57,5,66,0,20,73,17,110,56,18,74,184
06/14/2007,TUP,MS,ASO,CE,Federal Contract Tower,0,18,22,17,57,0,4,65,7,76,0,22,87,24,133,96,22,118,251
06/15/2007,TUP,MS,ASO,CE,Federal Contract Tower,0,16,18,12,46,0,1,64,1,66,0,17,82,13,112,80,2,82,194
06/16/2007,TUP,MS,ASO,CE,Federal Contract Tower,0,11,5,0,16,0,5,62,2,69,0,16,67,2,85,54,4,58,143
06/17/2007,TUP,MS,ASO,CE,Federal Contract Tower,0,11,9,0,20,0,2,47,0,49,0,13,56,0,69,52,6,58,127
06/18/2007,TUP,MS,ASO,CE,Federal Contract Tower,0,19,18,10,47,0,2,66,2,70,0,21,84,12,117,48,12,60,177
06/19/2007,TUP,MS,ASO,CE,Federal Contract Tower,0,15,24,0,39,0,0,5,0,5,0,15,29,0,44,8,0,8,52
06/20/2007,TUP,MS,ASO,CE,Federal Contract Tower,0,12,20,22,54,0,0,45,0,45,0,12,65,22,99,48,24,72,171
06/21/2007,TUP,MS,ASO,CE,Federal Contract Tower,0,16,27,18,61,0,5,57,6,68,0,21,84,24,129,54,28,82,211
06/22/2007,TUP,MS,ASO,CE,Federal Contract Tower,0,13,15,8,36,0,1,73,11,85,0,14,88,19,121,48,24,72,193
06/23/2007,TUP,MS,ASO,CE,Federal Contract Tower,0,11,2,0,13,0,7,58,0,65,0,18,60,0,78,42,0,42,120
06/24/2007,TUP,MS,ASO,CE,Federal Contract Tower,0,13,13,0,26,0,9,63,0,72,0,22,76,0,98,64,0,64,162
06/25/2007,TUP,MS,ASO,CE,Federal Contract Tower,0,14,21,8,43,0,2,66,3,71,0,16,87,11,114,48,12,60,174
06/26/2007,TUP,MS,ASO,CE,Federal Contract Tower,0,15,21,4,40,0,7,67,15,89,0,22,88,19,129,54,72,126,255
06/27/2007,TUP,MS,ASO,CE,Federal Contract Tower,0,13,35,16,64,0,0,47,3,50,0,13,82,19,114,90,40,130,244
06/28/2007,TUP,MS,ASO,CE,Federal Contract Tower,0,16,27,16,59,0,0,52,1,53,0,16,79,17,112,62,26,88,200
06/29/2007,TUP,MS,ASO,CE,Federal Contract Tower,0,18,9,14,41,0,3,62,0,65,0,21,71,14,106,112,18,130,236
06/30/2007,TUP,MS,ASO,CE,Federal Contract Tower,0,14,11,0,25,0,6,53,0,59,0,20,64,0,84,48,0,48,132
07/01/2007,TUP,MS,ASO,CE,Federal Contract Tower,0,10,11,0,21,0,5,32,0,37,0,15,43,0,58,22,0,22,80
07/02/2007,TUP,MS,ASO,CE,Federal Contract Tower,0,17,19,9,45,0,4,61,1,66,0,21,80,10,111,70,8,78,189
07/03/2007,TUP,MS,ASO,CE,Federal Contract Tower,0,12,15,18,45,0,9,67,0,76,0,21,82,18,121,70,14,84,205
07/04/2007,TUP,MS,ASO,CE,Federal Contract Tower,0,9,4,0,13,0,2,26,0,28,0,11,30,0,41,18,0,18,59
07/05/2007,TUP,MS,ASO,CE,Federal Contract Tower,0,12,14,1,27,0,2,51,1,54,0,14,65,2,81,96,0,96,177
07/06/2007,TUP,MS,ASO,CE,Federal Contract Tower,0,14,12,11,37,0,0,53,1,54,0,14,65,12,91,48,8,56,147
07/07/2007,TUP,MS,ASO,CE,Federal Contract Tower,0,9,7,0,16,0,5,39,0,44,0,14,46,0,60,68,0,68,128
07/08/2007,TUP,MS,ASO,CE,Federal Contract Tower,0,11,7,0,18,0,2,51,2,55,0,13,58,2,73,52,0,52,125
07/09/2007,TUP,MS,ASO,CE,Federal Contract Tower,0,18,18,12,48,0,1,47,4,52,0,19,65,16,100,52,6,58,158
07/10/2007,TUP,MS,ASO,CE,Federal Contract Tower,0,27,31,0,58,0,7,40,12,59,0,34,71,12,117,42,0,42,159
07/11/2007,TUP,MS,ASO,CE,Federal Contract Tower,0,17,15,26,58,0,0,38,1,39,0,17,53,27,97,46,30,76,173
07/12/2007,TUP,MS,ASO,CE,Federal Contract Tower,0,18,8,6,32,0,0,57,2,59,0,18,65,8,91,94,8,102,193
07/13/2007,TUP,MS,ASO,CE,Federal Contract Tower,0,18,14,25,57,0,3,54,1,58,0,21,68,26,115,46,24,70,185
07/14/2007,TUP,MS,ASO,CE,Federal Contract Tower,0,13,6,0,19,0,2,47,24,73,0,15,53,24,92,42,38,80,172
07/15/2007,TUP,MS,ASO,CE,Federal Contract Tower,0,11,10,8,29,0,1,56,14,71,0,12,66,22,100,42,18,60,160
07/16/2007,TUP,MS,ASO,CE,Federal Contract Tower,0,15,13,26,54,0,0,42,0,42,0,15,55,26,96,42,10,52,148
07/17/2007,TUP,MS,ASO,CE,Federal Contract Tower,0,19,15,22,56,0,9,69,16,94,0,28,84,38,150,77,54,131,281
07/18/2007,TUP,MS,ASO,CE,Federal Contract Tower,0,18,16,10,44,0,1,41,6,48,0,19,57,16,92,34,16,50,142
07/19/2007,TUP,MS,ASO,CE,Federal Contract Tower,0,21,16,16,53,0,8,64,4,76,0,29,80,20,129,42,20,62,191
07/20/2007,TUP,MS,ASO,CE,Federal Contract Tower,0,17,18,10,45,0,2,32,8,42,0,19,50,18,87,32,6,38,125
07/21/2007,TUP,MS,ASO,CE,Federal Contract Tower,0,10,6,0,16,0,3,70,0,73,0,13,76,0,89,104,0,104,193
07/22/2007,TUP,MS,ASO,CE,Federal Contract Tower,0,9,7,0,16,0,7,62,0,69,0,16,69,0,85,76,0,76,161
07/23/2007,TUP,MS,ASO,CE,Federal Contract Tower,0,20,15,10,45,0,7,64,0,71,0,27,79,10,116,86,10,96,212
07/24/2007,TUP,MS,ASO,CE,Federal Contract Tower,0,22,27,31,80,0,3,64,28,95,0,25,91,59,175,80,40,120,295
07/25/2007,TUP,MS,ASO,CE,Federal Contract Tower,0,17,31,16,64,0,3,53,11,67,0,20,84,27,131,34,20,54,185
07/26/2007,TUP,MS,ASO,CE,Federal Contract Tower,0,25,10,31,66,0,0,58,4,62,0,25,68,35,128,36,18,54,182
07/27/2007,TUP,MS,ASO,CE,Federal Contract Tower,0,16,9,26,51,0,8,58,8,74,0,24,67,34,125,40,30,70,195
07/28/2007,TUP,MS,ASO,CE,Federal Contract Tower,0,13,6,5,24,0,5,55,11,71,0,18,61,16,95,42,18,60,155
07/29/2007,TUP,MS,ASO,CE,Federal Contract Tower,0,10,6,1,17,0,1,44,2,47,0,11,50,3,64,16,0,16,80
07/30/2007,TUP,MS,ASO,CE,Federal Contract Tower,0,20,14,14,48,0,4,62,9,75,0,24,76,23,123,54,18,72,195
07/31/2007,TUP,MS,ASO,CE,Federal Contract Tower,0,20,29,15,64,0,3,55,21,79,0,23,84,36,143,96,12,108,251
08/01/2007,TUP,MS,ASO,CE,Federal Contract Tower,0,18,19,2,39,0,6,47,12,65,0,24,66,14,104,34,4,38,142
08/02/2007,TUP,MS,ASO,CE,Federal Contract Tower,0,20,9,10,39,0,4,58,31,93,0,24,67,41,132,46,22,68,200
08/03/2007,TUP,MS,ASO,CE,Federal Contract Tower,0,17,18,10,45,0,0,80,24,104,0,17,98,34,149,48,34,82,231
08/04/2007,TUP,MS,ASO,CE,Federal Contract Tower,0,9,13,4,26,0,2,77,0,79,0,11,90,4,105,48,8,56,161
08/05/2007,TUP,MS,ASO,CE,Federal Contract Tower,0,10,9,0,19,0,8,65,0,73,0,18,74,0,92,42,0,42,134
08/06/2007,TUP,MS,ASO,CE,Federal Contract Tower,0,16,24,14,54,0,10,57,0,67,0,26,81,14,121,60,0,60,181
08/07/2007,TUP,MS,ASO,CE,Federal Contract Tower,0,18,11,7,36,0,3,75,9,87,0,21,86,16,123,78,4,82,205
08/08/2007,TUP,MS,ASO,CE,Federal Contract Tower,0,19,16,18,53,0,3,66,3,72,0,22,82,21,125,72,34,106,231
08/09/2007,TUP,MS,ASO,CE,Federal Contract Tower,0,20,19,6,45,0,0,61,1,62,0,20,80,7,107,40,6,46,153
08/10/2007,TUP,MS,ASO,CE,Federal Contract Tower,0,20,9,8,37,0,1,87,1,89,0,21,96,9,126,108,6,114,240
08/11/2007,TUP,MS,ASO,CE,Federal Contract Tower,0,15,1,0,16,0,14,68,7,89,0,29,69,7,105,46,10,56,161
08/12/2007,TUP,MS,ASO,CE,Federal Contract Tower,0,13,6,0,19,0,10,64,4,78,0,23,70,4,97,34,2,36,133
08/13/2007,TUP,MS,ASO,CE,Federal Contract Tower,0,18,11,18,47,0,7,56,5,68,0,25,67,23,115,32,36,68,183
08/14/2007,TUP,MS,ASO,CE,Federal Contract Tower,0,20,16,9,45,0,18,70,24,112,0,38,86,33,157,52,46,98,255
08/15/2007,TUP,MS,ASO,CE,Federal Contract Tower,0,20,30,18,68,0,5,62,16,83,0,25,92,34,151,38,32,70,221
08/16/2007,TUP,MS,ASO,CE,Federal Contract Tower,0,20,30,4,54,0,1,70,19,90,0,21,100,23,144,32,26,58,202
08/17/2007,TUP,MS,ASO,CE,Federal Contract Tower,0,20,12,16,48,0,4,61,3,68,0,24,73,19,116,46,20,66,182
08/18/2007,TUP,MS,ASO,CE,Federal Contract Tower,0,13,9,0,22,0,2,62,0,64,0,15,71,0,86,40,0,40,126
08/19/2007,TUP,MS,ASO,CE,Federal Contract Tower,0,12,13,0,25,0,3,60,0,63,0,15,73,0,88,30,0,30,118
08/20/2007,TUP,MS,ASO,CE,Federal Contract Tower,0,18,21,18,57,0,15,52,8,75,0,33,73,26,132,38,14,52,184
08/21/2007,TUP,MS,ASO,CE,Federal Contract Tower,0,14,17,1,32,0,4,85,6,95,0,18,102,7,127,76,2,78,205
08/22/2007,TUP,MS,ASO,CE,Federal Contract Tower,0,14,33,11,58,0,1,61,5,67,0,15,94,16,125,44,26,70,195
08/23/2007,TUP,MS,ASO,CE,Federal Contract Tower,0,16,34,8,58,0,5,72,5,82,0,21,106,13,140,44,4,48,188
08/24/2007,TUP,MS,ASO,CE,Federal Contract Tower,0,15,14,19,48,0,4,75,9,88,0,19,89,28,136,64,18,82,218
08/25/2007,TUP,MS,ASO,CE,Federal Contract Tower,0,13,3,0,16,0,3,63,12,78,0,16,66,12,94,50,8,58,152
08/26/2007,TUP,MS,ASO,CE,Federal Contract Tower,0,9,12,1,22,0,3,64,2,69,0,12,76,3,91,56,2,58,149
08/27/2007,TUP,MS,ASO,CE,Federal Contract Tower,0,15,11,26,52,0,7,73,0,80,0,22,84,26,132,44,72,116,248
08/28/2007,TUP,MS,ASO,CE,Federal Contract Tower,0,16,25,16,57,0,1,71,15,87,0,17,96,31,144,34,40,74,218
08/29/2007,TUP,MS,ASO,CE,Federal Contract Tower,0,15,32,11,58,0,1,43,0,44,0,16,75,11,102,44,12,56,158
08/30/2007,TUP,MS,ASO,CE,Federal Contract Tower,0,14,21,6,41,0,1,65,2,68,0,15,86,8,109,62,38,100,209
08/31/2007,TUP,MS,ASO,CE,Federal Contract Tower,0,17,26,20,63,0,3,76,25,104,0,20,102,45,167,62,34,96,263
09/01/2007,TUP,MS,ASO,CE,Federal Contract Tower,0,10,3,0,13,0,3,75,5,83,0,13,78,5,96,66,0,66,162
09/02/2007,TUP,MS,ASO,CE,Federal Contract Tower,0,10,4,0,14,0,7,72,6,85,0,17,76,6,99,54,4,58,157
09/03/2007,TUP,MS,ASO,CE,Federal Contract Tower,0,10,24,6,40,0,0,68,0,68,0,10,92,6,108,46,6,52,160
09/04/2007,TUP,MS,ASO,CE,Federal Contract Tower,0,22,21,15,58,0,2,65,7,74,0,24,86,22,132,30,28,58,190
09/05/2007,TUP,MS,ASO,CE,Federal Contract Tower,0,23,16,0,39,0,3,57,0,60,0,26,73,0,99,54,0,54,153
09/06/2007,TUP,MS,ASO,CE,Federal Contract Tower,0,15,17,6,38,0,2,49,4,55,0,17,66,10,93,44,12,56,149
09/07/2007,TUP,MS,ASO,CE,Federal Contract Tower,0,18,18,2,38,0,5,67,11,83,0,23,85,13,121,44,54,98,219
09/08/2007,TUP,MS,ASO,CE,Federal Contract Tower,0,12,9,2,23,0,4,45,20,69,0,16,54,22,92,32,16,48,140
09/09/2007,TUP,MS,ASO,CE,Federal Contract Tower,0,14,11,4,29,0,0,20,10,30,0,14,31,14,59,12,6,18,77
09/10/2007,TUP,MS,ASO,CE,Federal Contract Tower,0,13,8,12,33,0,5,67,0,72,0,18,75,12,105,40,6,46,151
09/11/2007,TUP,MS,ASO,CE,Federal Contract Tower,0,13,40,10,63,0,1,28,6,35,0,14,68,16,98,10,34,44,142
09/12/2007,TUP,MS,ASO,CE,Federal Contract Tower,0,18,15,10,43,0,6,42,5,53,0,24,57,15,96,30,24,54,150
09/13/2007,TUP,MS,ASO,CE,Federal Contract Tower,0,19,21,4,44,0,0,28,4,32,0,19,49,8,76,4,8,12,88
09/14/2007,TUP,MS,ASO,CE,Federal Contract Tower,0,17,13,20,50,0,0,49,0,49,0,17,62,20,99,46,22,68,167
09/15/2007,TUP,MS,ASO,CE,Federal Contract Tower,0,12,5,0,17,0,4,61,0,65,0,16,66,0,82,52,0,52,134
09/16/2007,TUP,MS,ASO,CE,Federal Contract Tower,0,14,10,9,33,0,0,58,0,58,0,14,68,9,91,44,12,56,147
09/17/2007,TUP,MS,ASO,CE,Federal Contract Tower,0,16,14,20,50,0,5,59,10,74,0,21,73,30,124,66,32,98,222
09/18/2007,TUP,MS,ASO,CE,Federal Contract Tower,0,17,16,34,67,0,2,77,26,105,0,19,93,60,172,98,90,188,360
09/19/2007,TUP,MS,ASO,CE,Federal Contract Tower,0,14,19,8,41,0,6,64,34,104,0,20,83,42,145,60,28,88,233
09/20/2007,TUP,MS,ASO,CE,Federal Contract Tower,0,17,11,2,30,0,0,68,20,88,0,17,79,22,118,122,38,160,278
09/21/2007,TUP,MS,ASO,CE,Federal Contract Tower,0,16,17,17,50,0,7,66,13,86,0,23,83,30,136,38,34,72,208
09/22/2007,TUP,MS,ASO,CE,Federal Contract Tower,4,12,10,2,28,0,9,68,0,77,4,21,78,2,105,56,2,58,163
09/23/2007,TUP,MS,ASO,CE,Federal Contract Tower,0,14,10,0,24,0,0,63,0,63,0,14,73,0,87,36,0,36,123
09/24/2007,TUP,MS,ASO,CE,Federal Contract Tower,0,16,20,13,49,0,0,59,0,59,0,16,79,13,108,40,16,56,164
09/25/2007,TUP,MS,ASO,CE,Federal Contract Tower,0,10,23,12,45,0,3,75,9,87,0,13,98,21,132,44,16,60,192
09/26/2007,TUP,MS,ASO,CE,Federal Contract Tower,0,13,15,10,38,0,3,51,23,77,0,16,66,33,115,26,16,42,157
09/27/2007,TUP,MS,ASO,CE,Federal Contract Tower,0,16,20,2,38,0,3,62,34,99,0,19,82,36,137,58,14,72,209
09/28/2007,TUP,MS,ASO,CE,Federal Contract Tower,2,15,24,0,41,0,8,84,6,98,2,23,108,6,139,52,0,52,191
09/29/2007,TUP,MS,ASO,CE,Federal Contract Tower,2,12,15,1,30,0,13,67,3,83,2,25,82,4,113,62,6,68,181
09/30/2007,TUP,MS,ASO,CE,Federal Contract Tower,0,14,19,0,33,0,1,63,0,64,0,15,82,0,97,48,0,48,145
10/01/2007,TUP,MS,ASO,CE,Federal Contract Tower,0,17,24,26,67,0,3,67,1,71,0,20,91,27,138,68,20,88,226
10/02/2007,TUP,MS,ASO,CE,Federal Contract Tower,0,22,23,12,57,0,0,75,21,96,0,22,98,33,153,70,44,114,267
10/03/2007,TUP,MS,ASO,CE,Federal Contract Tower,0,16,25,14,55,0,1,78,8,87,0,17,103,22,142,76,16,92,234
10/04/2007,TUP,MS,ASO,CE,Federal Contract Tower,0,19,24,6,49,0,8,96,10,114,0,27,120,16,163,70,20,90,253
10/05/2007,TUP,MS,ASO,CE,Federal Contract Tower,0,18,14,14,46,0,6,80,0,86,0,24,94,14,132,84,14,98,230
10/06/2007,TUP,MS,ASO,CE,Federal Contract Tower,0,14,12,0,26,0,6,76,0,82,0,20,88,0,108,66,0,66,174
10/07/2007,TUP,MS,ASO,CE,Federal Contract Tower,0,16,14,8,38,0,2,59,0,61,0,18,73,8,99,74,8,82,181
10/08/2007,TUP,MS,ASO,CE,Federal Contract Tower,0,12,13,0,25,0,2,59,0,61,0,14,72,0,86,50,0,50,136
10/09/2007,TUP,MS,ASO,CE,Federal Contract Tower,0,14,17,44,75,0,4,58,9,71,0,18,75,53,146,62,22,84,230
10/10/2007,TUP,MS,ASO,CE,Federal Contract Tower,0,14,24,20,58,0,4,64,9,77,0,18,88,29,135,74,14,88,223
10/11/2007,TUP,MS,ASO,CE,Federal Contract Tower,0,17,17,24,58,0,0,70,6,76,0,17,87,30,134,56,24,80,214
10/12/2007,TUP,MS,ASO,CE,Federal Contract Tower,0,17,12,22,51,0,0,81,0,81,0,17,93,22,132,54,20,74,206
10/13/2007,TUP,MS,ASO,CE,Federal Contract Tower,2,13,1,0,16,0,3,76,4,83,2,16,77,4,99,64,0,64,163
10/14/2007,TUP,MS,ASO,CE,Federal Contract Tower,0,13,10,9,32,0,3,64,2,69,0,16,74,11,101,47,16,63,164
10/15/2007,TUP,MS,ASO,CE,Federal Contract Tower,0,21,26,15,62,0,0,57,13,70,0,21,83,28,132,52,12,64,196
10/16/2007,TUP,MS,ASO,CE,Federal Contract Tower,0,13,14,18,45,0,0,49,18,67,0,13,63,36,112,58,66,124,236
10/17/2007,TUP,MS,ASO,CE,Federal Contract Tower,0,16,18,25,59,0,2,32,4,38,0,18,50,29,97,6,28,34,131
10/18/2007,TUP,MS,ASO,CE,Federal Contract Tower,0,17,10,9,36,0,0,13,0,13,0,17,23,9,49,0,4,4,53
10/19/2007,TUP,MS,ASO,CE,Federal Contract Tower,0,16,21,14,51,0,5,59,0,64,0,21,80,14,115,50,14,64,179
10/20/2007,TUP,MS,ASO,CE,Federal Contract Tower,2,15,4,2,23,0,16,66,1,83,2,31,70,3,106,46,16,62,168
10/21/2007,TUP,MS,ASO,CE,Federal Contract Tower,0,10,15,10,35,0,3,54,0,57,0,13,69,10,92,36,36,72,164
10/22/2007,TUP,MS,ASO,CE,Federal Contract Tower,0,16,12,16,44,0,0,2,0,2,0,16,14,16,46,0,4,4,50
10/23/2007,TUP,MS,ASO,CE,Federal Contract Tower,0,15,15,12,42,0,0,1,0,1,0,15,16,12,43,0,6,6,49
10/24/2007,TUP,MS,ASO,CE,Federal Contract Tower,0,19,12,54,85,0,0,5,1,6,0,19,17,55,91,4,16,20,111
10/25/2007,TUP,MS,ASO,CE,Federal Contract Tower,0,17,28,9,54,0,1,3,0,4,0,18,31,9,58,10,2,12,70
10/26/2007,TUP,MS,ASO,CE,Federal Contract Tower,0,19,17,16,52,0,6,49,11,66,0,25,66,27,118,16,44,60,178
10/27/2007,TUP,MS,ASO,CE,Federal Contract Tower,0,12,10,0,22,0,13,58,23,94,0,25,68,23,116,46,26,72,188
10/28/2007,TUP,MS,ASO,CE,Federal Contract Tower,0,12,9,6,27,0,2,54,22,78,0,14,63,28,105,26,48,74,179
10/29/2007,TUP,MS,ASO,CE,Federal Contract Tower,0,12,18,32,62,0,5,69,4,78,0,17,87,36,140,62,16,78,218
10/30/2007,TUP,MS,ASO,CE,Federal Contract Tower,0,25,20,34,79,0,1,75,13,89,0,26,95,47,168,70,12,82,250
10/31/2007,TUP,MS,ASO,CE,Federal Contract Tower,0,36,15,10,61,0,0,56,15,71,0,36,71,25,132,70,4,74,206
11/01/2007,TUP,MS,ASO,CE,Federal Contract Tower,0,21,34,12,67,0,6,51,6,63,0,27,85,18,130,36,12,48,178
11/02/2007,TUP,MS,ASO,CE,Federal Contract Tower,0,14,20,4,38,0,0,55,28,83,0,14,75,32,121,46,18,64,185
11/03/2007,TUP,MS,ASO,CE,Federal Contract Tower,0,10,6,0,16,0,0,67,41,108,0,10,73,41,124,50,54,104,228
11/04/2007,TUP,MS,ASO,CE,Federal Contract Tower,0,9,11,0,20,0,2,64,33,99,0,11,75,33,119,44,48,92,211
11/05/2007,TUP,MS,ASO,CE,Federal Contract Tower,0,15,17,9,41,0,7,65,0,72,0,22,82,9,113,36,0,36,149
11/06/2007,TUP,MS,ASO,CE,Federal Contract Tower,0,19,14,13,46,0,2,69,20,91,0,21,83,33,137,50,82,132,269
11/07/2007,TUP,MS,ASO,CE,Federal Contract Tower,0,21,17,8,46,0,0,64,0,64,0,21,81,8,110,44,8,52,162
11/08/2007,TUP,MS,ASO,CE,Federal Contract Tower,0,24,8,2,34,0,0,65,15,80,0,24,73,17,114,54,40,94,208
11/09/2007,TUP,MS,ASO,CE,Federal Contract Tower,0,16,14,16,46,0,0,72,3,75,0,16,86,19,121,58,18,76,197
11/10/2007,TUP,MS,ASO,CE,Federal Contract Tower,0,12,8,3,23,0,4,81,0,85,0,16,89,3,108,62,4,66,174
11/11/2007,TUP,MS,ASO,CE,Federal Contract Tower,0,12,5,0,17,0,0,62,0,62,0,12,67,0,79,32,0,32,111
11/12/2007,TUP,MS,ASO,CE,Federal Contract Tower,0,21,13,0,34,0,0,74,0,74,0,21,87,0,108,46,0,46,154
11/13/2007,TUP,MS,ASO,CE,Federal Contract Tower,0,25,25,14,64,0,0,65,32,97,0,25,90,46,161,72,42,114,275
11/14/2007,TUP,MS,ASO,CE,Federal Contract Tower,0,25,17,8,50,0,2,41,10,53,0,27,58,18,103,28,26,54,157
11/15/2007,TUP,MS,ASO,CE,Federal Contract Tower,0,18,18,12,48,0,2,52,13,67,0,20,70,25,115,46,50,96,211
11/16/2007,TUP,MS,ASO,CE,Federal Contract Tower,0,16,20,4,40,0,0,69,29,98,0,16,89,33,138,32,36,68,206
11/17/2007,TUP,MS,ASO,CE,Federal Contract Tower,2,12,7,0,21,0,1,56,37,94,2,13,63,37,115,26,32,58,173
11/18/2007,TUP,MS,ASO,CE,Federal Contract Tower,0,10,15,8,33,0,0,33,23,56,0,10,48,31,89,16,32,48,137
11/19/2007,TUP,MS,ASO,CE,Federal Contract Tower,0,18,21,4,43,0,0,61,0,61,0,18,82,4,104,44,4,48,152
11/20/2007,TUP,MS,ASO,CE,Federal Contract Tower,0,16,17,6,39,0,0,75,9,84,0,16,92,15,123,90,28,118,241
11/21/2007,TUP,MS,ASO,CE,Federal Contract Tower,0,15,15,0,30,0,0,11,0,11,0,15,26,0,41,0,0,0,41
11/22/2007,TUP,MS,ASO,CE,Federal Contract Tower,0,8,7,0,15,0,0,20,0,20,0,8,27,0,35,2,0,2,37
11/23/2007,TUP,MS,ASO,CE,Federal Contract Tower,0,12,16,0,28,0,0,40,0,40,0,12,56,0,68,28,0,28,96
11/24/2007,TUP,MS,ASO,CE,Federal Contract Tower,0,12,6,0,18,0,3,35,4,42,0,15,41,4,60,2,2,4,64
11/25/2007,TUP,MS,ASO,CE,Federal Contract Tower,0,14,8,0,22,0,0,0,0,0,0,14,8,0,22,0,0,0,22
11/26/2007,TUP,MS,ASO,CE,Federal Contract Tower,0,18,18,2,38,0,1,17,10,28,0,19,35,12,66,18,44,62,128
11/27/2007,TUP,MS,ASO,CE,Federal Contract Tower,0,20,15,18,53,0,3,67,12,82,0,23,82,30,135,62,52,114,249
11/28/2007,TUP,MS,ASO,CE,Federal Contract Tower,0,18,18,2,38,0,0,48,10,58,0,18,66,12,96,66,16,82,178
11/29/2007,TUP,MS,ASO,CE,Federal Contract Tower,0,24,22,8,54,0,2,62,20,84,0,26,84,28,138,56,12,68,206
11/30/2007,TUP,MS,ASO,CE,Federal Contract Tower,0,19,15,12,46,0,0,74,20,94,0,19,89,32,140,50,36,86,226
12/01/2007,TUP,MS,ASO,CE,Federal Contract Tower,0,13,7,0,20,0,0,59,5,64,0,13,66,5,84,76,2,78,162
12/02/2007,TUP,MS,ASO,CE,Federal Contract Tower,0,11,10,0,21,0,0,0,0,0,0,11,10,0,21,0,0,0,21
12/03/2007,TUP,MS,ASO,CE,Federal Contract Tower,0,14,20,8,42,0,0,66,1,67,0,14,86,9,109,52,4,56,165
12/04/2007,TUP,MS,ASO,CE,Federal Contract Tower,0,11,21,2,34,0,0,71,1,72,0,11,92,3,106,68,8,76,182
12/05/2007,TUP,MS,ASO,CE,Federal Contract Tower,0,10,15,18,43,0,1,40,4,45,0,11,55,22,88,18,12,30,118
12/06/2007,TUP,MS,ASO,CE,Federal Contract Tower,0,15,15,23,53,0,1,63,10,74,0,16,78,33,127,44,20,64,191
12/07/2007,TUP,MS,ASO,CE,Federal Contract Tower,0,16,11,10,37,0,0,67,16,83,0,16,78,26,120,44,28,72,192
12/08/2007,TUP,MS,ASO,CE,Federal Contract Tower,0,12,13,7,32,0,0,51,6,57,0,12,64,13,89,38,12,50,139
12/09/2007,TUP,MS,ASO,CE,Federal Contract Tower,0,11,11,10,32,0,0,46,10,56,0,11,57,20,88,38,20,58,146
12/10/2007,TUP,MS,ASO,CE,Federal Contract Tower,0,14,18,18,50,0,0,55,3,58,0,14,73,21,108,26,18,44,152
12/11/2007,TUP,MS,ASO,CE,Federal Contract Tower,0,12,27,7,46,0,0,70,1,71,0,12,97,8,117,68,18,86,203
12/12/2007,TUP,MS,ASO,CE,Federal Contract Tower,0,13,27,30,70,0,0,2,0,2,0,13,29,30,72,0,0,0,72
12/13/2007,TUP,MS,ASO,CE,Federal Contract Tower,0,28,28,20,76,0,0,51,4,55,0,28,79,24,131,18,8,26,157
12/14/2007,TUP,MS,ASO,CE,Federal Contract Tower,0,15,25,15,55,0,1,72,2,75,0,16,97,17,130,66,16,82,212
12/15/2007,TUP,MS,ASO,CE,Federal Contract Tower,0,10,3,0,13,0,0,11,0,11,0,10,14,0,24,6,0,6,30
12/16/2007,TUP,MS,ASO,CE,Federal Contract Tower,0,12,14,6,32,0,0,54,6,60,0,12,68,12,92,44,6,50,142
12/17/2007,TUP,MS,ASO,CE,Federal Contract Tower,0,9,13,16,38,0,2,71,1,74,0,11,84,17,112,40,16,56,168
12/18/2007,TUP,MS,ASO,CE,Federal Contract Tower,0,16,18,14,48,0,0,74,19,93,0,16,92,33,141,46,38,84,225
12/19/2007,TUP,MS,ASO,CE,Federal Contract Tower,0,20,23,6,49,0,0,59,9,68,0,20,82,15,117,26,2,28,145
12/20/2007,TUP,MS,ASO,CE,Federal Contract Tower,0,19,26,0,45,0,0,5,0,5,0,19,31,0,50,14,0,14,64
12/21/2007,TUP,MS,ASO,CE,Federal Contract Tower,0,17,15,0,32,0,0,38,0,38,0,17,53,0,70,38,0,38,108
12/22/2007,TUP,MS,ASO,CE,Federal Contract Tower,0,13,10,0,23,0,0,13,0,13,0,13,23,0,36,0,0,0,36
12/23/2007,TUP,MS,ASO,CE,Federal Contract Tower,0,13,13,0,26,0,0,61,0,61,0,13,74,0,87,56,0,56,143
12/24/2007,TUP,MS,ASO,CE,Federal Contract Tower,0,15,4,0,19,0,1,46,0,47,0,16,50,0,66,16,0,16,82
12/25/2007,TUP,MS,ASO,CE,Federal Contract Tower,0,10,7,0,17,0,0,36,0,36,0,10,43,0,53,18,0,18,71
12/26/2007,TUP,MS,ASO,CE,Federal Contract Tower,0,19,10,0,29,0,0,45,2,47,0,19,55,2,76,58,0,58,134
12/27/2007,TUP,MS,ASO,CE,Federal Contract Tower,0,13,22,1,36,0,0,47,17,64,0,13,69,18,100,44,46,90,190
12/28/2007,TUP,MS,ASO,CE,Federal Contract Tower,0,13,7,0,20,0,0,28,0,28,0,13,35,0,48,10,0,10,58
12/29/2007,TUP,MS,ASO,CE,Federal Contract Tower,0,11,11,0,22,0,0,47,0,47,0,11,58,0,69,26,0,26,95
12/30/2007,TUP,MS,ASO,CE,Federal Contract Tower,0,11,10,0,21,0,0,60,0,60,0,11,70,0,81,46,0,46,127
12/31/2007,TUP,MS,ASO,CE,Federal Contract Tower,0,15,17,0,32,0,0,49,0,49,0,15,66,0,81,30,0,30,111
01/01/2008,TUP,MS,ASO,CE,Federal Contract Tower,0,12,12,0,24,0,0,47,0,47,0,12,59,0,71,20,0,20,91
01/02/2008,TUP,MS,ASO,CE,Federal Contract Tower,0,15,11,0,26,0,1,58,6,65,0,16,69,6,91,40,12,52,143
01/03/2008,TUP,MS,ASO,CE,Federal Contract Tower,0,18,9,4,31,0,0,56,12,68,0,18,65,16,99,44,10,54,153
01/04/2008,TUP,MS,ASO,CE,Federal Contract Tower,0,16,23,16,55,0,0,47,11,58,0,16,70,27,113,36,18,54,167
01/05/2008,TUP,MS,ASO,CE,Federal Contract Tower,0,14,7,0,21,0,0,41,1,42,0,14,48,1,63,38,0,38,101
01/06/2008,TUP,MS,ASO,CE,Federal Contract Tower,0,11,16,5,32,0,0,44,0,44,0,11,60,5,76,24,4,28,104
01/07/2008,TUP,MS,ASO,CE,Federal Contract Tower,0,11,18,13,42,0,0,54,10,64,0,11,72,23,106,50,12,62,168
01/08/2008,TUP,MS,ASO,CE,Federal Contract Tower,0,11,10,4,25,0,0,35,4,39,0,11,45,8,64,26,8,34,98
01/09/2008,TUP,MS,ASO,CE,Federal Contract Tower,0,13,19,8,40,0,0,73,6,79,0,13,92,14,119,48,44,92,211
01/10/2008,TUP,MS,ASO,CE,Federal Contract Tower,0,16,10,0,26,0,0,25,0,25,0,16,35,0,51,22,0,22,73
01/11/2008,TUP,MS,ASO,CE,Federal Contract Tower,0,12,12,0,24,0,0,67,33,100,0,12,79,33,124,44,14,58,182
01/12/2008,TUP,MS,ASO,CE,Federal Contract Tower,0,12,7,0,19,0,0,60,31,91,0,12,67,31,110,36,12,48,158
01/13/2008,TUP,MS,ASO,CE,Federal Contract Tower,0,10,14,4,28,0,0,53,23,76,0,10,67,27,104,64,42,106,210
01/14/2008,TUP,MS,ASO,CE,Federal Contract Tower,0,16,15,8,39,0,0,63,1,64,0,16,78,9,103,40,8,48,151
01/15/2008,TUP,MS,ASO,CE,Federal Contract Tower,0,23,24,26,73,0,0,90,22,112,0,23,114,48,185,42,112,154,339
01/16/2008,TUP,MS,ASO,CE,Federal Contract Tower,0,18,11,8,37,0,0,22,4,26,0,18,33,12,63,14,6,20,83
01/17/2008,TUP,MS,ASO,CE,Federal Contract Tower,0,12,28,16,56,0,0,10,0,10,0,12,38,16,66,0,0,0,66
01/18/2008,TUP,MS,ASO,CE,Federal Contract Tower,0,12,14,8,34,0,3,55,27,85,0,15,69,35,119,44,30,74,193
01/19/2008,TUP,MS,ASO,CE,Federal Contract Tower,0,10,9,0,19,0,0,53,4,57,0,10,62,4,76,32,42,74,150
01/20/2008,TUP,MS,ASO,CE,Federal Contract Tower,0,8,5,0,13,0,3,62,2,67,0,11,67,2,80,34,0,34,114
01/21/2008,TUP,MS,ASO,CE,Federal Contract Tower,0,10,11,4,25,0,0,70,0,70,0,10,81,4,95,58,4,62,157
01/22/2008,TUP,MS,ASO,CE,Federal Contract Tower,0,12,15,0,27,0,0,0,0,0,0,12,15,0,27,0,0,0,27
01/23/2008,TUP,MS,ASO,CE,Federal Contract Tower,0,18,34,6,58,0,0,6,2,8,0,18,40,8,66,6,8,14,80
01/24/2008,TUP,MS,ASO,CE,Federal Contract Tower,0,17,20,12,49,0,0,67,20,87,0,17,87,32,136,50,16,66,202
01/25/2008,TUP,MS,ASO,CE,Federal Contract Tower,0,10,13,16,39,0,0,28,7,35,0,10,41,23,74,12,26,38,112
01/26/2008,TUP,MS,ASO,CE,Federal Contract Tower,0,10,2,0,12,0,0,0,0,0,0,10,2,0,12,0,0,0,12
01/27/2008,TUP,MS,ASO,CE,Federal Contract Tower,5,12,7,0,24,0,0,44,12,56,5,12,51,12,80,48,16,64,144
01/28/2008,TUP,MS,ASO,CE,Federal Contract Tower,0,12,13,0,25,0,0,72,1,73,0,12,85,1,98,46,0,46,144
01/29/2008,TUP,MS,ASO,CE,Federal Contract Tower,0,16,8,0,24,0,0,14,1,15,0,16,22,1,39,8,0,8,47
01/30/2008,TUP,MS,ASO,CE,Federal Contract Tower,0,24,11,10,45,0,0,82,42,124,0,24,93,52,169,60,40,100,269
01/31/2008,TUP,MS,ASO,CE,Federal Contract Tower,0,19,12,0,31,0,0,15,0,15,0,19,27,0,46,0,0,0,46
02/01/2008,TUP,MS,ASO,CE,Federal Contract Tower,2,17,11,4,34,0,3,58,14,75,2,20,69,18,109,44,12,56,165
02/02/2008,TUP,MS,ASO,CE,Federal Contract Tower,0,10,0,2,12,0,0,81,0,81,0,10,81,2,93,50,4,54,147
02/03/2008,TUP,MS,ASO,CE,Federal Contract Tower,0,9,0,0,9,0,0,31,0,31,0,9,31,0,40,0,0,0,40
02/04/2008,TUP,MS,ASO,CE,Federal Contract Tower,0,9,10,8,27,0,0,54,6,60,0,9,64,14,87,52,10,62,149
02/05/2008,TUP,MS,ASO,CE,Federal Contract Tower,0,12,13,14,39,0,0,35,0,35,0,12,48,14,74,46,2,48,122
02/06/2008,TUP,MS,ASO,CE,Federal Contract Tower,0,16,28,0,44,0,0,61,1,62,0,16,89,1,106,30,0,30,136
02/07/2008,TUP,MS,ASO,CE,Federal Contract Tower,0,20,21,4,45,0,0,111,21,132,0,20,132,25,177,80,14,94,271
02/08/2008,TUP,MS,ASO,CE,Federal Contract Tower,0,9,8,10,27,0,0,93,54,147,0,9,101,64,174,62,56,118,292
02/09/2008,TUP,MS,ASO,CE,Federal Contract Tower,0,7,2,0,9,0,1,84,52,137,0,8,86,52,146,30,14,44,190
02/10/2008,TUP,MS,ASO,CE,Federal Contract Tower,0,8,11,4,23,0,0,45,8,53,0,8,56,12,76,44,6,50,126
02/11/2008,TUP,MS,ASO,CE,Federal Contract Tower,0,10,11,3,24,0,2,64,0,66,0,12,75,3,90,44,4,48,138
02/12/2008,TUP,MS,ASO,CE,Federal Contract Tower,0,9,2,0,11,0,0,29,0,29,0,9,31,0,40,6,0,6,46
02/13/2008,TUP,MS,ASO,CE,Federal Contract Tower,0,13,17,7,37,0,0,72,15,87,0,13,89,22,124,30,34,64,188
02/14/2008,TUP,MS,ASO,CE,Federal Contract Tower,0,15,23,9,47,0,0,102,23,125,0,15,125,32,172,78,22,100,272
02/15/2008,TUP,MS,ASO,CE,Federal Contract Tower,0,15,6,16,37,0,0,62,6,68,0,15,68,22,105,58,30,88,193
02/16/2008,TUP,MS,ASO,CE,Federal Contract Tower,0,8,1,0,9,0,0,62,0,62,0,8,63,0,71,56,0,56,127
02/17/2008,TUP,MS,ASO,CE,Federal Contract Tower,0,8,6,0,14,0,0,64,0,64,0,8,70,0,78,36,0,36,114
02/18/2008,TUP,MS,ASO,CE,Federal Contract Tower,0,9,15,0,24,0,1,53,0,54,0,10,68,0,78,50,0,50,128
02/19/2008,TUP,MS,ASO,CE,Federal Contract Tower,0,12,27,8,47,0,2,91,34,127,0,14,118,42,174,48,76,124,298
02/20/2008,TUP,MS,ASO,CE,Federal Contract Tower,0,14,23,18,55,0,2,101,16,119,0,16,124,34,174,46,46,92,266
02/21/2008,TUP,MS,ASO,CE,Federal Contract Tower,0,14,25,20,59,0,0,17,0,17,0,14,42,20,76,10,0,10,86
02/22/2008,TUP,MS,ASO,CE,Federal Contract Tower,0,11,17,0,28,0,0,1,20,21,0,11,18,20,49,0,30,30,79
02/23/2008,TUP,MS,ASO,CE,Federal Contract Tower,0,10,13,0,23,0,0,74,43,117,0,10,87,43,140,22,92,114,254
02/24/2008,TUP,MS,ASO,CE,Federal Contract Tower,0,6,8,4,18,0,2,77,31,110,0,8,85,35,128,24,21,45,173
02/25/2008,TUP,MS,ASO,CE,Federal Contract Tower,0,12,7,20,39,0,2,79,0,81,0,14,86,20,120,46,12,58,178
02/26/2008,TUP,MS,ASO,CE,Federal Contract Tower,0,20,15,28,63,0,0,50,6,56,0,20,65,34,119,44,42,86,205
02/27/2008,TUP,MS,ASO,CE,Federal Contract Tower,0,24,15,20,59,0,8,105,12,125,0,32,120,32,184,48,24,72,256
02/28/2008,TUP,MS,ASO,CE,Federal Contract Tower,0,14,31,0,45,0,8,95,9,112,0,22,126,9,157,74,0,74,231
02/29/2008,TUP,MS,ASO,CE,Federal Contract Tower,0,10,14,6,30,0,0,36,20,56,0,10,50,26,86,2,30,32,118
03/01/2008,TUP,MS,ASO,CE,Federal Contract Tower,0,13,10,0,23,0,2,91,34,127,0,15,101,34,150,84,44,128,278
03/02/2008,TUP,MS,ASO,CE,Federal Contract Tower,0,12,2,4,18,0,1,73,28,102,0,13,75,32,120,58,18,76,196
03/03/2008,TUP,MS,ASO,CE,Federal Contract Tower,0,10,7,8,25,0,0,32,5,37,0,10,39,13,62,0,8,8,70
03/04/2008,TUP,MS,ASO,CE,Federal Contract Tower,0,8,10,22,40,0,4,93,0,97,0,12,103,22,137,32,20,52,189
03/05/2008,TUP,MS,ASO,CE,Federal Contract Tower,0,13,15,18,46,0,0,117,10,127,0,13,132,28,173,64,32,96,269
03/06/2008,TUP,MS,ASO,CE,Federal Contract Tower,0,12,10,14,36,0,2,111,12,125,0,14,121,26,161,76,32,108,269
03/07/2008,TUP,MS,ASO,CE,Federal Contract Tower,0,11,14,14,39,0,0,5,0,5,0,11,19,14,44,0,0,0,44
03/08/2008,TUP,MS,ASO,CE,Federal Contract Tower,0,9,8,0,17,0,0,78,0,78,0,9,86,0,95,52,0,52,147
03/09/2008,TUP,MS,ASO,CE,Federal Contract Tower,0,10,15,0,25,0,0,83,0,83,0,10,98,0,108,54,0,54,162
03/10/2008,TUP,MS,ASO,CE,Federal Contract Tower,0,12,3,10,25,0,2,68,0,70,0,14,71,10,95,44,4,48,143
03/11/2008,TUP,MS,ASO,CE,Federal Contract Tower,0,12,10,43,65,0,1,111,23,135,0,13,121,66,200,56,40,96,296
03/12/2008,TUP,MS,ASO,CE,Federal Contract Tower,0,14,17,32,63,0,0,109,12,121,0,14,126,44,184,64,18,82,266
03/13/2008,TUP,MS,ASO,CE,Federal Contract Tower,0,12,22,20,54,0,0,97,10,107,0,12,119,30,161,92,22,114,275
03/14/2008,TUP,MS,ASO,CE,Federal Contract Tower,0,12,17,5,34,0,2,94,19,115,0,14,111,24,149,40,14,54,203
03/15/2008,TUP,MS,ASO,CE,Federal Contract Tower,0,10,8,0,18,0,0,56,43,99,0,10,64,43,117,22,26,48,165
03/16/2008,TUP,MS,ASO,CE,Federal Contract Tower,0,10,17,0,27,0,0,87,22,109,0,10,104,22,136,64,50,114,250
03/17/2008,TUP,MS,ASO,CE,Federal Contract Tower,0,12,14,16,42,0,2,54,19,75,0,14,68,35,117,28,28,56,173
03/18/2008,TUP,MS,ASO,CE,Federal Contract Tower,0,12,14,2,28,0,0,56,1,57,0,12,70,3,85,0,4,4,89
03/19/2008,TUP,MS,ASO,CE,Federal Contract Tower,0,20,12,1,33,0,0,29,0,29,0,20,41,1,62,4,0,4,66
03/20/2008,TUP,MS,ASO,CE,Federal Contract Tower,0,10,12,12,34,0,7,110,7,124,0,17,122,19,158,64,28,92,250
03/21/2008,TUP,MS,ASO,CE,Federal Contract Tower,0,12,9,4,25,0,1,106,9,116,0,13,115,13,141,68,12,80,221
03/22/2008,TUP,MS,ASO,CE,Federal Contract Tower,0,10,9,0,19,0,1,77,1,79,0,11,86,1,98,60,2,62,160
03/23/2008,TUP,MS,ASO,CE,Federal Contract Tower,0,10,7,0,17,0,0,51,0,51,0,10,58,0,68,20,0,20,88
03/24/2008,TUP,MS,ASO,CE,Federal Contract Tower,0,16,12,20,48,0,9,61,2,72,0,25,73,22,120,100,12,112,232
03/25/2008,TUP,MS,ASO,CE,Federal Contract Tower,0,14,17,12,43,0,2,101,26,129,0,16,118,38,172,46,64,110,282
03/26/2008,TUP,MS,ASO,CE,Federal Contract Tower,0,16,24,9,49,0,0,80,7,87,0,16,104,16,136,60,34,94,230
03/27/2008,TUP,MS,ASO,CE,Federal Contract Tower,0,12,15,31,58,0,0,96,7,103,0,12,111,38,161,38,44,82,243
03/28/2008,TUP,MS,ASO,CE,Federal Contract Tower,0,15,12,12,39,0,1,76,11,88,0,16,88,23,127,54,20,74,201
03/29/2008,TUP,MS,ASO,CE,Federal Contract Tower,0,12,3,0,15,0,0,63,0,63,0,12,66,0,78,58,0,58,136
03/30/2008,TUP,MS,ASO,CE,Federal Contract Tower,2,8,7,0,17,0,0,21,0,21,2,8,28,0,38,4,0,4,42
03/31/2008,TUP,MS,ASO,CE,Federal Contract Tower,0,9,17,38,64,0,1,61,4,66,0,10,78,42,130,42,28,70,200
04/01/2008,TUP,MS,ASO,CE,Federal Contract Tower,0,16,16,43,75,0,0,61,5,66,0,16,77,48,141,40,30,70,211
04/02/2008,TUP,MS,ASO,CE,Federal Contract Tower,0,11,18,52,81,0,0,55,7,62,0,11,73,59,143,26,26,52,195
04/03/2008,TUP,MS,ASO,CE,Federal Contract Tower,0,25,24,30,79,0,2,87,6,95,0,27,111,36,174,48,28,76,250
04/04/2008,TUP,MS,ASO,CE,Federal Contract Tower,0,10,4,0,14,0,0,0,0,0,0,10,4,0,14,0,0,0,14
04/05/2008,TUP,MS,ASO,CE,Federal Contract Tower,0,12,19,5,36,0,0,60,0,60,0,12,79,5,96,34,0,34,130
04/06/2008,TUP,MS,ASO,CE,Federal Contract Tower,0,8,9,15,32,0,2,30,0,32,0,10,39,15,64,40,0,40,104
04/07/2008,TUP,MS,ASO,CE,Federal Contract Tower,0,16,10,21,47,0,4,69,1,74,0,20,79,22,121,68,14,82,203
04/08/2008,TUP,MS,ASO,CE,Federal Contract Tower,0,15,18,23,56,0,0,98,3,101,0,15,116,26,157,68,38,106,263
04/09/2008,TUP,MS,ASO,CE,Federal Contract Tower,2,19,22,25,68,0,0,89,18,107,2,19,111,43,175,54,34,88,263
04/10/2008,TUP,MS,ASO,CE,Federal Contract Tower,0,12,23,32,67,0,1,71,4,76,0,13,94,36,143,22,14,36,179
04/11/2008,TUP,MS,ASO,CE,Federal Contract Tower,0,15,9,4,28,0,0,70,1,71,0,15,79,5,99,20,0,20,119
04/12/2008,TUP,MS,ASO,CE,Federal Contract Tower,0,10,8,0,18,0,0,70,2,72,0,10,78,2,90,34,0,34,124
04/13/2008,TUP,MS,ASO,CE,Federal Contract Tower,0,8,5,2,15,0,0,59,4,63,0,8,64,6,78,32,2,34,112
04/14/2008,TUP,MS,ASO,CE,Federal Contract Tower,0,12,10,18,40,0,0,59,0,59,0,12,69,18,99,36,0,36,135
04/15/2008,TUP,MS,ASO,CE,Federal Contract Tower,0,10,21,20,51,0,2,93,3,98,0,12,114,23,149,74,20,94,243
04/16/2008,TUP,MS,ASO,CE,Federal Contract Tower,0,12,12,44,68,0,0,111,9,120,0,12,123,53,188,70,34,104,292
04/17/2008,TUP,MS,ASO,CE,Federal Contract Tower,0,13,23,29,65,0,0,94,3,97,0,13,117,32,162,54,14,68,230
04/18/2008,TUP,MS,ASO,CE,Federal Contract Tower,0,10,21,8,39,0,0,42,0,42,0,10,63,8,81,4,4,8,89
04/19/2008,TUP,MS,ASO,CE,Federal Contract Tower,0,10,12,0,22,0,0,63,0,63,0,10,75,0,85,34,0,34,119
04/20/2008,TUP,MS,ASO,CE,Federal Contract Tower,0,11,9,4,24,0,0,75,0,75,0,11,84,4,99,64,4,68,167
04/21/2008,TUP,MS,ASO,CE,Federal Contract Tower,0,12,19,30,61,0,0,70,6,76,0,12,89,36,137,60,20,80,217
04/22/2008,TUP,MS,ASO,CE,Federal Contract Tower,0,10,25,12,47,0,2,86,8,96,0,12,111,20,143,60,12,72,215
04/23/2008,TUP,MS,ASO,CE,Federal Contract Tower,0,9,19,10,38,0,2,98,11,111,0,11,117,21,149,60,12,72,221
04/24/2008,TUP,MS,ASO,CE,Federal Contract Tower,0,9,22,0,31,0,0,98,20,118,0,9,120,20,149,46,10,56,205
04/25/2008,TUP,MS,ASO,CE,Federal Contract Tower,0,14,8,12,34,0,12,104,4,120,0,26,112,16,154,58,26,84,238
04/26/2008,TUP,MS,ASO,CE,Federal Contract Tower,0,10,8,0,18,0,0,23,15,38,0,10,31,15,56,9,10,19,75
04/27/2008,TUP,MS,ASO,CE,Federal Contract Tower,0,13,8,6,27,0,0,14,0,14,0,13,22,6,41,6,6,12,53
04/28/2008,TUP,MS,ASO,CE,Federal Contract Tower,0,10,5,34,49,0,0,82,3,85,0,10,87,37,134,34,42,76,210
04/29/2008,TUP,MS,ASO,CE,Federal Contract Tower,0,15,21,18,54,0,12,88,24,124,0,27,109,42,178,64,90,154,332
04/30/2008,TUP,MS,ASO,CE,Federal Contract Tower,0,9,25,6,40,0,1,99,20,120,0,10,124,26,160,70,14,84,244
05/01/2008,TUP,MS,ASO,CE,Federal Contract Tower,0,10,18,13,41,0,0,98,9,107,0,10,116,22,148,52,20,72,220
05/02/2008,TUP,MS,ASO,CE,Federal Contract Tower,0,10,12,6,28,0,0,31,6,37,0,10,43,12,65,12,6,18,83
05/03/2008,TUP,MS,ASO,CE,Federal Contract Tower,0,10,12,0,22,0,0,77,0,77,0,10,89,0,99,40,0,40,139
05/04/2008,TUP,MS,ASO,CE,Federal Contract Tower,0,10,7,4,21,0,0,80,0,80,0,10,87,4,101,88,4,92,193
05/05/2008,TUP,MS,ASO,CE,Federal Contract Tower,0,11,19,0,30,0,1,76,0,77,0,12,95,0,107,60,0,60,167
05/06/2008,TUP,MS,ASO,CE,Federal Contract Tower,0,13,22,6,41,0,0,87,30,117,0,13,109,36,158,70,28,98,256
05/07/2008,TUP,MS,ASO,CE,Federal Contract Tower,0,11,18,7,36,0,1,88,7,96,0,12,106,14,132,36,14,50,182
05/08/2008,TUP,MS,ASO,CE,Federal Contract Tower,0,11,20,3,34,0,0,43,1,44,0,11,63,4,78,36,6,42,120
05/09/2008,TUP,MS,ASO,CE,Federal Contract Tower,0,11,12,3,26,0,2,81,7,90,0,13,93,10,116,52,10,62,178
05/10/2008,TUP,MS,ASO,CE,Federal Contract Tower,0,11,8,0,19,0,0,49,0,49,0,11,57,0,68,38,0,38,106
05/11/2008,TUP,MS,ASO,CE,Federal Contract Tower,0,10,5,2,17,0,0,57,0,57,0,10,62,2,74,38,2,40,114
05/12/2008,TUP,MS,ASO,CE,Federal Contract Tower,0,12,9,8,29,0,0,73,6,79,0,12,82,14,108,42,8,50,158
05/13/2008,TUP,MS,ASO,CE,Federal Contract Tower,0,14,17,9,40,0,0,92,23,115,0,14,109,32,155,68,48,116,271
05/14/2008,TUP,MS,ASO,CE,Federal Contract Tower,0,12,11,12,35,0,0,38,0,38,0,12,49,12,73,26,0,26,99
05/15/2008,TUP,MS,ASO,CE,Federal Contract Tower,0,10,6,0,16,0,0,27,0,27,0,10,33,0,43,22,0,22,65
05/16/2008,TUP,MS,ASO,CE,Federal Contract Tower,0,10,16,22,48,0,0,97,36,133,0,10,113,58,181,46,82,128,309
05/17/2008,TUP,MS,ASO,CE,Federal Contract Tower,0,9,2,0,11,0,0,80,8,88,0,9,82,8,99,54,0,54,153
05/18/2008,TUP,MS,ASO,CE,Federal Contract Tower,0,10,8,6,24,0,0,57,3,60,0,10,65,9,84,66,0,66,150
05/19/2008,TUP,MS,ASO,CE,Federal Contract Tower,0,12,7,18,37,0,2,70,5,77,0,14,77,23,114,42,18,60,174
05/20/2008,TUP,MS,ASO,CE,Federal Contract Tower,0,11,9,8,28,0,0,100,10,110,0,11,109,18,138,68,4,72,210
05/21/2008,TUP,MS,ASO,CE,Federal Contract Tower,0,14,16,12,42,0,1,100,9,110,0,15,116,21,152,42,38,80,232
05/22/2008,TUP,MS,ASO,CE,Federal Contract Tower,0,11,18,16,45,0,2,66,9,77,0,13,84,25,122,60,2,62,184
05/23/2008,TUP,MS,ASO,CE,Federal Contract Tower,0,11,15,7,33,0,0,86,4,90,0,11,101,11,123,48,6,54,177
05/24/2008,TUP,MS,ASO,CE,Federal Contract Tower,0,11,14,2,27,0,0,65,0,65,0,11,79,2,92,82,2,84,176
05/25/2008,TUP,MS,ASO,CE,Federal Contract Tower,0,10,2,0,12,0,0,65,0,65,0,10,67,0,77,38,0,38,115
05/26/2008,TUP,MS,ASO,CE,Federal Contract Tower,0,7,13,0,20,0,0,40,2,42,0,7,53,2,62,30,4,34,96
05/27/2008,TUP,MS,ASO,CE,Federal Contract Tower,0,13,3,7,23,0,0,17,0,17,0,13,20,7,40,0,0,0,40
05/28/2008,TUP,MS,ASO,CE,Federal Contract Tower,0,11,14,22,47,0,0,47,2,49,0,11,61,24,96,20,26,46,142
05/29/2008,TUP,MS,ASO,CE,Federal Contract Tower,0,14,22,0,36,0,1,45,0,46,0,15,67,0,82,6,0,6,88
05/30/2008,TUP,MS,ASO,CE,Federal Contract Tower,0,11,7,10,28,0,1,90,20,111,0,12,97,30,139,38,36,74,213
05/31/2008,TUP,MS,ASO,CE,Federal Contract Tower,0,10,6,0,16,0,0,92,35,127,0,10,98,35,143,46,28,74,217
06/01/2008,TUP,MS,ASO,CE,Federal Contract Tower,0,12,6,0,18,0,0,80,24,104,0,12,86,24,122,46,18,64,186
06/02/2008,TUP,MS,ASO,CE,Federal Contract Tower,0,14,17,9,40,0,2,69,4,75,0,16,86,13,115,72,26,98,213
06/03/2008,TUP,MS,ASO,CE,Federal Contract Tower,0,12,20,7,39,0,0,105,14,119,0,12,125,21,158,74,20,94,252
06/04/2008,TUP,MS,ASO,CE,Federal Contract Tower,0,13,11,4,28,0,2,108,5,115,0,15,119,9,143,66,8,74,217
06/05/2008,TUP,MS,ASO,CE,Federal Contract Tower,0,12,11,3,26,0,0,90,2,92,0,12,101,5,118,34,10,44,162
06/06/2008,TUP,MS,ASO,CE,Federal Contract Tower,0,12,12,1,25,0,0,88,0,88,0,12,100,1,113,40,0,40,153
06/07/2008,TUP,MS,ASO,CE,Federal Contract Tower,0,9,7,6,22,0,0,64,16,80,0,9,71,22,102,46,0,46,148
06/08/2008,TUP,MS,ASO,CE,Federal Contract Tower,0,10,8,0,18,0,0,72,14,86,0,10,80,14,104,56,12,68,172
06/09/2008,TUP,MS,ASO,CE,Federal Contract Tower,0,12,14,1,27,0,0,67,15,82,0,12,81,16,109,62,70,132,241
06/10/2008,TUP,MS,ASO,CE,Federal Contract Tower,0,13,19,7,39,0,0,89,17,106,0,13,108,24,145,94,24,118,263
06/11/2008,TUP,MS,ASO,CE,Federal Contract Tower,0,12,17,2,31,0,0,68,11,79,0,12,85,13,110,44,42,86,196
06/12/2008,TUP,MS,ASO,CE,Federal Contract Tower,0,14,15,7,36,0,0,62,17,79,0,14,77,24,115,32,66,98,213
06/13/2008,TUP,MS,ASO,CE,Federal Contract Tower,0,13,14,4,31,0,2,82,8,92,0,15,96,12,123,52,14,66,189
06/14/2008,TUP,MS,ASO,CE,Federal Contract Tower,0,10,2,0,12,0,0,63,0,63,0,10,65,0,75,62,0,62,137
06/15/2008,TUP,MS,ASO,CE,Federal Contract Tower,0,10,5,0,15,0,0,71,0,71,0,10,76,0,86,50,0,50,136
06/16/2008,TUP,MS,ASO,CE,Federal Contract Tower,0,13,16,10,39,0,1,62,1,64,0,14,78,11,103,56,4,60,163
06/17/2008,TUP,MS,ASO,CE,Federal Contract Tower,0,17,26,23,66,0,1,92,33,126,0,18,118,56,192,108,102,210,402
06/18/2008,TUP,MS,ASO,CE,Federal Contract Tower,0,17,13,34,64,0,3,92,21,116,0,20,105,55,180,86,42,128,308
06/19/2008,TUP,MS,ASO,CE,Federal Contract Tower,0,14,23,39,76,0,0,80,24,104,0,14,103,63,180,70,60,130,310
06/20/2008,TUP,MS,ASO,CE,Federal Contract Tower,0,13,13,8,34,0,0,69,4,73,0,13,82,12,107,64,20,84,191
06/21/2008,TUP,MS,ASO,CE,Federal Contract Tower,0,10,10,1,21,0,0,57,35,92,0,10,67,36,113,40,44,84,197
06/22/2008,TUP,MS,ASO,CE,Federal Contract Tower,0,9,10,7,26,0,0,66,9,75,0,9,76,16,101,46,12,58,159
06/23/2008,TUP,MS,ASO,CE,Federal Contract Tower,0,12,13,31,56,0,0,66,15,81,0,12,79,46,137,48,44,92,229
06/24/2008,TUP,MS,ASO,CE,Federal Contract Tower,0,10,15,33,58,0,1,99,21,121,0,11,114,54,179,68,118,186,365
06/25/2008,TUP,MS,ASO,CE,Federal Contract Tower,0,12,16,13,41,0,1,88,35,124,0,13,104,48,165,66,74,140,305
06/26/2008,TUP,MS,ASO,CE,Federal Contract Tower,0,16,23,27,66,0,0,91,25,116,0,16,114,52,182,52,66,118,300
06/27/2008,TUP,MS,ASO,CE,Federal Contract Tower,0,15,6,6,27,0,2,78,5,85,0,17,84,11,112,60,8,68,180
06/28/2008,TUP,MS,ASO,CE,Federal Contract Tower,0,16,14,0,30,0,0,74,16,90,0,16,88,16,120,40,10,50,170
06/29/2008,TUP,MS,ASO,CE,Federal Contract Tower,0,12,7,20,39,0,1,71,10,82,0,13,78,30,121,42,42,84,205
06/30/2008,TUP,MS,ASO,CE,Federal Contract Tower,0,14,9,16,39,0,0,80,3,83,0,14,89,19,122,54,4,58,180
07/01/2008,TUP,MS,ASO,CE,Federal Contract Tower,0,14,18,36,68,3,3,97,0,103,3,17,115,36,171,70,12,82,253
07/02/2008,TUP,MS,ASO,CE,Federal Contract Tower,0,15,17,20,52,0,3,82,8,93,0,18,99,28,145,44,4,48,193
07/03/2008,TUP,MS,ASO,CE,Federal Contract Tower,0,12,7,18,37,0,0,92,1,93,0,12,99,19,130,52,10,62,192
07/04/2008,TUP,MS,ASO,CE,Federal Contract Tower,0,9,8,0,17,0,0,55,0,55,0,9,63,0,72,22,0,22,94
07/05/2008,TUP,MS,ASO,CE,Federal Contract Tower,0,10,5,0,15,0,0,68,0,68,0,10,73,0,83,50,0,50,133
07/06/2008,TUP,MS,ASO,CE,Federal Contract Tower,0,12,15,0,27,0,0,64,0,64,0,12,79,0,91,38,0,38,129
07/07/2008,TUP,MS,ASO,CE,Federal Contract Tower,0,14,22,3,39,0,2,70,17,89,0,16,92,20,128,74,22,96,224
07/08/2008,TUP,MS,ASO,CE,Federal Contract Tower,0,11,9,14,34,0,1,92,36,129,0,12,101,50,163,48,74,122,285
07/09/2008,TUP,MS,ASO,CE,Federal Contract Tower,0,13,20,9,42,0,1,88,11,100,0,14,108,20,142,48,26,74,216
07/10/2008,TUP,MS,ASO,CE,Federal Contract Tower,0,10,27,4,41,0,0,56,4,60,0,10,83,8,101,36,50,86,187
07/11/2008,TUP,MS,ASO,CE,Federal Contract Tower,0,14,10,10,34,0,0,96,18,114,0,14,106,28,148,46,38,84,232
07/12/2008,TUP,MS,ASO,CE,Federal Contract Tower,0,10,8,7,25,0,0,67,7,74,0,10,75,14,99,36,4,40,139
07/13/2008,TUP,MS,ASO,CE,Federal Contract Tower,0,8,12,4,24,0,0,71,14,85,0,8,83,18,109,60,26,86,195
07/14/2008,TUP,MS,ASO,CE,Federal Contract Tower,0,12,17,44,73,0,1,62,7,70,0,13,79,51,143,52,22,74,217
07/15/2008,TUP,MS,ASO,CE,Federal Contract Tower,0,12,18,25,55,0,0,90,19,109,0,12,108,44,164,54,64,118,282
07/16/2008,TUP,MS,ASO,CE,Federal Contract Tower,0,12,19,15,46,0,4,83,4,91,0,16,102,19,137,40,60,100,237
07/17/2008,TUP,MS,ASO,CE,Federal Contract Tower,0,15,15,22,52,0,2,88,3,93,0,17,103,25,145,60,30,90,235
07/18/2008,TUP,MS,ASO,CE,Federal Contract Tower,0,14,18,22,54,0,4,88,8,100,0,18,106,30,154,66,40,106,260
07/19/2008,TUP,MS,ASO,CE,Federal Contract Tower,0,10,15,0,25,0,0,58,0,58,0,10,73,0,83,76,0,76,159
07/20/2008,TUP,MS,ASO,CE,Federal Contract Tower,0,10,8,1,19,0,4,72,1,77,0,14,80,2,96,38,0,38,134
07/21/2008,TUP,MS,ASO,CE,Federal Contract Tower,0,12,22,26,60,0,2,72,8,82,0,14,94,34,142,58,6,64,206
07/22/2008,TUP,MS,ASO,CE,Federal Contract Tower,0,12,15,10,37,0,4,91,12,107,0,16,106,22,144,62,14,76,220
07/23/2008,TUP,MS,ASO,CE,Federal Contract Tower,0,12,23,22,57,0,5,82,11,98,0,17,105,33,155,42,34,76,231
07/24/2008,TUP,MS,ASO,CE,Federal Contract Tower,0,12,18,23,53,0,0,87,11,98,0,12,105,34,151,56,24,80,231
07/25/2008,TUP,MS,ASO,CE,Federal Contract Tower,0,12,24,8,44,0,3,67,21,91,0,15,91,29,135,40,42,82,217
07/26/2008,TUP,MS,ASO,CE,Federal Contract Tower,0,10,2,2,14,0,0,46,22,68,0,10,48,24,82,34,58,92,174
07/27/2008,TUP,MS,ASO,CE,Federal Contract Tower,0,11,17,2,30,0,5,60,25,90,0,16,77,27,120,40,46,86,206
07/28/2008,TUP,MS,ASO,CE,Federal Contract Tower,0,13,12,30,55,0,1,50,7,58,0,14,62,37,113,32,12,44,157
07/29/2008,TUP,MS,ASO,CE,Federal Contract Tower,0,14,24,14,52,0,6,81,40,127,0,20,105,54,179,76,86,162,341
07/30/2008,TUP,MS,ASO,CE,Federal Contract Tower,0,15,35,30,80,0,1,72,6,79,0,16,107,36,159,72,28,100,259
07/31/2008,TUP,MS,ASO,CE,Federal Contract Tower,0,11,17,3,31,0,0,65,9,74,0,11,82,12,105,48,22,70,175
08/01/2008,TUP,MS,ASO,CE,Federal Contract Tower,0,12,24,14,50,0,0,67,5,72,0,12,91,19,122,54,14,68,190
08/02/2008,TUP,MS,ASO,CE,Federal Contract Tower,0,10,8,0,18,0,2,48,8,58,0,12,56,8,76,38,6,44,120
08/03/2008,TUP,MS,ASO,CE,Federal Contract Tower,0,10,8,8,26,0,0,68,1,69,0,10,76,9,95,40,16,56,151
08/04/2008,TUP,MS,ASO,CE,Federal Contract Tower,0,11,11,32,54,0,0,64,23,87,0,11,75,55,141,58,26,84,225
08/05/2008,TUP,MS,ASO,CE,Federal Contract Tower,0,8,15,18,41,0,0,83,42,125,0,8,98,60,166,68,86,154,320
08/06/2008,TUP,MS,ASO,CE,Federal Contract Tower,0,14,27,43,84,0,0,76,15,91,0,14,103,58,175,40,66,106,281
08/07/2008,TUP,MS,ASO,CE,Federal Contract Tower,0,12,18,15,45,0,0,48,15,63,0,12,66,30,108,22,38,60,168
08/08/2008,TUP,MS,ASO,CE,Federal Contract Tower,0,11,20,16,47,0,0,82,28,110,0,11,102,44,157,52,64,116,273
08/09/2008,TUP,MS,ASO,CE,Federal Contract Tower,0,10,4,0,14,0,1,79,28,108,0,11,83,28,122,68,54,122,244
08/10/2008,TUP,MS,ASO,CE,Federal Contract Tower,0,10,8,4,22,0,0,52,21,73,0,10,60,25,95,20,22,42,137
08/11/2008,TUP,MS,ASO,CE,Federal Contract Tower,0,12,8,49,69,0,0,64,4,68,0,12,72,53,137,30,22,52,189
08/12/2008,TUP,MS,ASO,CE,Federal Contract Tower,0,12,18,29,59,0,0,3,4,7,0,12,21,33,66,0,60,60,126
08/13/2008,TUP,MS,ASO,CE,Federal Contract Tower,0,15,13,25,53,0,1,66,14,81,0,16,79,39,134,60,24,84,218
08/14/2008,TUP,MS,ASO,CE,Federal Contract Tower,0,12,15,17,44,0,0,95,15,110,0,12,110,32,154,46,68,114,268
08/15/2008,TUP,MS,ASO,CE,Federal Contract Tower,0,11,23,0,34,0,1,71,34,106,0,12,94,34,140,62,42,104,244
08/16/2008,TUP,MS,ASO,CE,Federal Contract Tower,0,10,8,0,18,0,0,60,0,60,0,10,68,0,78,44,0,44,122
08/17/2008,TUP,MS,ASO,CE,Federal Contract Tower,0,14,5,0,19,0,2,67,3,72,0,16,72,3,91,72,2,74,165
08/18/2008,TUP,MS,ASO,CE,Federal Contract Tower,0,12,22,8,42,0,3,56,7,66,0,15,78,15,108,64,8,72,180
08/19/2008,TUP,MS,ASO,CE,Federal Contract Tower,0,12,25,31,68,0,1,75,22,98,0,13,100,53,166,60,60,120,286
08/20/2008,TUP,MS,ASO,CE,Federal Contract Tower,0,10,31,6,47,0,0,36,5,41,0,10,67,11,88,14,12,26,114
08/21/2008,TUP,MS,ASO,CE,Federal Contract Tower,0,14,35,11,60,0,1,57,0,58,0,15,92,11,118,36,18,54,172
08/22/2008,TUP,MS,ASO,CE,Federal Contract Tower,0,19,22,12,53,0,2,74,17,93,0,21,96,29,146,66,30,96,242
08/23/2008,TUP,MS,ASO,CE,Federal Contract Tower,0,13,7,14,34,0,0,54,2,56,0,13,61,16,90,40,22,62,152
08/24/2008,TUP,MS,ASO,CE,Federal Contract Tower,0,8,4,0,12,0,2,29,0,31,0,10,33,0,43,6,0,6,49
08/25/2008,TUP,MS,ASO,CE,Federal Contract Tower,0,15,17,2,34,0,0,30,0,30,0,15,47,2,64,26,0,26,90
08/26/2008,TUP,MS,ASO,CE,Federal Contract Tower,0,12,17,18,47,0,0,49,30,79,0,12,66,48,126,20,88,108,234
08/27/2008,TUP,MS,ASO,CE,Federal Contract Tower,0,0,0,0,0,0,2,81,7,90,0,2,81,7,90,68,14,82,172
08/28/2008,TUP,MS,ASO,CE,Federal Contract Tower,0,14,16,11,41,0,9,78,11,98,0,23,94,22,139,34,38,72,211
08/29/2008,TUP,MS,ASO,CE,Federal Contract Tower,0,14,15,6,35,0,0,84,10,94,0,14,99,16,129,54,22,76,205
08/30/2008,TUP,MS,ASO,CE,Federal Contract Tower,0,8,5,0,13,0,0,72,2,74,0,8,77,2,87,66,0,66,153
08/31/2008,TUP,MS,ASO,CE,Federal Contract Tower,0,11,9,0,20,0,0,66,1,67,0,11,75,1,87,64,0,64,151
09/01/2008,TUP,MS,ASO,CE,Federal Contract Tower,0,10,2,0,12,0,2,2,0,4,0,12,4,0,16,2,0,2,18
09/02/2008,TUP,MS,ASO,CE,Federal Contract Tower,0,13,3,21,37,0,2,60,19,81,0,15,63,40,118,16,84,100,218
09/03/2008,TUP,MS,ASO,CE,Federal Contract Tower,0,20,20,0,40,0,0,51,4,55,0,20,71,4,95,32,0,32,127
09/04/2008,TUP,MS,ASO,CE,Federal Contract Tower,0,12,27,15,54,0,0,42,2,44,0,12,69,17,98,22,6,28,126
09/05/2008,TUP,MS,ASO,CE,Federal Contract Tower,2,12,27,14,55,0,0,24,12,36,2,12,51,26,91,6,30,36,127
09/06/2008,TUP,MS,ASO,CE,Federal Contract Tower,1,10,9,4,24,0,0,63,22,85,1,10,72,26,109,40,44,84,193
09/07/2008,TUP,MS,ASO,CE,Federal Contract Tower,0,10,7,1,18,0,0,69,23,92,0,10,76,24,110,56,72,128,238
09/08/2008,TUP,MS,ASO,CE,Federal Contract Tower,0,10,23,0,33,0,2,59,0,61,0,12,82,0,94,70,0,70,164
09/09/2008,TUP,MS,ASO,CE,Federal Contract Tower,0,14,15,0,29,0,0,22,0,22,0,14,37,0,51,18,0,18,69
09/10/2008,TUP,MS,ASO,CE,Federal Contract Tower,0,14,14,0,28,0,6,87,0,93,0,20,101,0,121,62,0,62,183
09/11/2008,TUP,MS,ASO,CE,Federal Contract Tower,0,13,23,6,42,0,10,83,7,100,0,23,106,13,142,50,8,58,200
09/12/2008,TUP,MS,ASO,CE,Federal Contract Tower,0,13,15,9,37,0,0,96,6,102,0,13,111,15,139,60,8,68,207
09/13/2008,TUP,MS,ASO,CE,Federal Contract Tower,0,10,4,0,14,0,0,53,3,56,0,10,57,3,70,24,0,24,94
09/14/2008,TUP,MS,ASO,CE,Federal Contract Tower,0,10,5,0,15,0,0,45,0,45,0,10,50,0,60,22,0,22,82
09/15/2008,TUP,MS,ASO,CE,Federal Contract Tower,0,12,11,18,41,0,0,56,0,56,0,12,67,18,97,54,14,68,165
09/16/2008,TUP,MS,ASO,CE,Federal Contract Tower,0,12,25,10,47,0,2,40,14,56,0,14,65,24,103,70,36,106,209
09/17/2008,TUP,MS,ASO,CE,Federal Contract Tower,0,20,8,15,43,0,0,100,2,102,0,20,108,17,145,60,24,84,229
09/18/2008,TUP,MS,ASO,CE,Federal Contract Tower,0,12,23,12,47,0,8,90,6,104,0,20,113,18,151,62,20,82,233
09/19/2008,TUP,MS,ASO,CE,Federal Contract Tower,0,18,7,0,25,0,0,30,2,32,0,18,37,2,57,26,0,26,83
09/20/2008,TUP,MS,ASO,CE,Federal Contract Tower,0,10,8,2,20,0,0,79,0,79,0,10,87,2,99,52,2,54,153
09/21/2008,TUP,MS,ASO,CE,Federal Contract Tower,0,10,9,0,19,0,0,69,0,69,0,10,78,0,88,72,0,72,160
09/22/2008,TUP,MS,ASO,CE,Federal Contract Tower,0,12,19,10,41,0,2,61,3,66,0,14,80,13,107,70,22,92,199
09/23/2008,TUP,MS,ASO,CE,Federal Contract Tower,0,13,25,22,60,0,3,83,9,95,0,16,108,31,155,88,26,114,269
09/24/2008,TUP,MS,ASO,CE,Federal Contract Tower,0,14,38,12,64,0,0,76,10,86,0,14,114,22,150,52,10,62,212
09/25/2008,TUP,MS,ASO,CE,Federal Contract Tower,0,12,24,6,42,0,0,81,14,95,0,12,105,20,137,42,6,48,185
09/26/2008,TUP,MS,ASO,CE,Federal Contract Tower,2,12,23,3,40,0,0,79,25,104,2,12,102,28,144,52,10,62,206
09/27/2008,TUP,MS,ASO,CE,Federal Contract Tower,2,13,7,0,22,0,0,82,0,82,2,13,89,0,104,54,0,54,158
09/28/2008,TUP,MS,ASO,CE,Federal Contract Tower,0,10,17,2,29,0,1,62,0,63,0,11,79,2,92,34,0,34,126
09/29/2008,TUP,MS,ASO,CE,Federal Contract Tower,0,14,8,17,39,0,0,66,7,73,0,14,74,24,112,68,24,92,204
09/30/2008,TUP,MS,ASO,CE,Federal Contract Tower,0,12,28,0,40,0,0,62,4,66,0,12,90,4,106,68,10,78,184
10/01/2008,TUP,MS,ASO,CE,Federal Contract Tower,0,13,14,11,38,0,0,77,15,92,0,13,91,26,130,68,62,130,260
10/02/2008,TUP,MS,ASO,CE,Federal Contract Tower,0,14,24,12,50,0,0,77,12,89,0,14,101,24,139,54,52,106,245
10/03/2008,TUP,MS,ASO,CE,Federal Contract Tower,0,12,20,4,36,0,3,75,36,114,0,15,95,40,150,48,46,94,244
10/04/2008,TUP,MS,ASO,CE,Federal Contract Tower,0,9,3,0,12,0,0,61,14,75,0,9,64,14,87,54,4,58,145
10/05/2008,TUP,MS,ASO,CE,Federal Contract Tower,0,10,12,2,24,0,0,54,10,64,0,10,66,12,88,54,12,66,154
10/06/2008,TUP,MS,ASO,CE,Federal Contract Tower,0,9,13,8,30,0,2,73,0,75,0,11,86,8,105,48,4,52,157
10/07/2008,TUP,MS,ASO,CE,Federal Contract Tower,0,11,14,3,28,0,0,8,0,8,0,11,22,3,36,0,4,4,40
10/08/2008,TUP,MS,ASO,CE,Federal Contract Tower,0,14,19,25,58,0,0,35,5,40,0,14,54,30,98,16,44,60,158
10/09/2008,TUP,MS,ASO,CE,Federal Contract Tower,0,13,21,7,41,0,0,85,4,89,0,13,106,11,130,60,20,80,210
10/10/2008,TUP,MS,ASO,CE,Federal Contract Tower,0,12,18,8,38,0,1,79,16,96,0,13,97,24,134,62,44,106,240
10/11/2008,TUP,MS,ASO,CE,Federal Contract Tower,0,10,10,1,21,0,0,60,8,68,0,10,70,9,89,44,6,50,139
10/12/2008,TUP,MS,ASO,CE,Federal Contract Tower,0,12,11,0,23,0,0,55,0,55,0,12,66,0,78,36,0,36,114
10/13/2008,TUP,MS,ASO,CE,Federal Contract Tower,0,10,16,0,26,0,0,61,0,61,0,10,77,0,87,52,0,52,139
10/14/2008,TUP,MS,ASO,CE,Federal Contract Tower,0,12,13,18,43,0,2,92,16,110,0,14,105,34,153,52,72,124,277
10/15/2008,TUP,MS,ASO,CE,Federal Contract Tower,0,12,24,25,61,0,0,77,17,94,0,12,101,42,155,44,86,130,285
10/16/2008,TUP,MS,ASO,CE,Federal Contract Tower,0,14,29,10,53,0,0,18,4,22,0,14,47,14,75,14,16,30,105
10/17/2008,TUP,MS,ASO,CE,Federal Contract Tower,0,12,22,17,51,0,3,65,23,91,0,15,87,40,142,44,26,70,212
10/18/2008,TUP,MS,ASO,CE,Federal Contract Tower,0,11,15,1,27,0,0,74,18,92,0,11,89,19,119,56,6,62,181
10/19/2008,TUP,MS,ASO,CE,Federal Contract Tower,0,10,19,6,35,0,12,76,23,111,0,22,95,29,146,104,32,136,282
10/20/2008,TUP,MS,ASO,CE,Federal Contract Tower,0,15,6,19,40,0,0,85,2,87,0,15,91,21,127,42,8,50,177
10/21/2008,TUP,MS,ASO,CE,Federal Contract Tower,0,12,25,20,57,0,0,81,18,99,0,12,106,38,156,58,32,90,246
10/22/2008,TUP,MS,ASO,CE,Federal Contract Tower,0,12,27,17,56,0,0,80,10,90,0,12,107,27,146,130,10,140,286
10/23/2008,TUP,MS,ASO,CE,Federal Contract Tower,0,14,22,15,51,0,0,32,13,45,0,14,54,28,96,26,28,54,150
10/24/2008,TUP,MS,ASO,CE,Federal Contract Tower,4,14,18,7,43,0,0,47,2,49,4,14,65,9,92,32,6,38,130
10/25/2008,TUP,MS,ASO,CE,Federal Contract Tower,0,10,9,0,19,0,0,73,0,73,0,10,82,0,92,56,0,56,148
10/26/2008,TUP,MS,ASO,CE,Federal Contract Tower,0,10,4,0,14,0,0,65,0,65,0,10,69,0,79,50,0,50,129
10/27/2008,TUP,MS,ASO,CE,Federal Contract Tower,0,19,18,6,43,0,0,77,8,85,0,19,95,14,128,78,6,84,212
10/28/2008,TUP,MS,ASO,CE,Federal Contract Tower,0,12,26,38,76,0,0,77,20,97,0,12,103,58,173,80,54,134,307
10/29/2008,TUP,MS,ASO,CE,Federal Contract Tower,0,18,22,18,58,0,0,66,16,82,0,18,88,34,140,48,22,70,210
10/30/2008,TUP,MS,ASO,CE,Federal Contract Tower,0,14,30,18,62,0,0,59,10,69,0,14,89,28,131,62,16,78,209
10/31/2008,TUP,MS,ASO,CE,Federal Contract Tower,0,12,11,8,31,0,1,66,30,97,0,13,77,38,128,68,48,116,244
11/01/2008,TUP,MS,ASO,CE,Federal Contract Tower,0,10,10,0,20,0,0,59,52,111,0,10,69,52,131,40,48,88,219
11/02/2008,TUP,MS,ASO,CE,Federal Contract Tower,0,10,15,2,27,0,0,60,33,93,0,10,75,35,120,58,48,106,226
11/03/2008,TUP,MS,ASO,CE,Federal Contract Tower,0,18,26,12,56,0,0,67,10,77,0,18,93,22,133,60,14,74,207
11/04/2008,TUP,MS,ASO,CE,Federal Contract Tower,0,15,22,24,61,0,0,79,0,79,0,15,101,24,140,64,4,68,208
11/05/2008,TUP,MS,ASO,CE,Federal Contract Tower,0,18,27,22,67,0,1,62,5,68,0,19,89,27,135,48,14,62,197
11/06/2008,TUP,MS,ASO,CE,Federal Contract Tower,0,16,24,15,55,0,0,74,2,76,0,16,98,17,131,36,12,48,179
11/07/2008,TUP,MS,ASO,CE,Federal Contract Tower,0,14,22,0,36,0,0,81,30,111,0,14,103,30,147,46,32,78,225
11/08/2008,TUP,MS,ASO,CE,Federal Contract Tower,0,12,4,1,17,0,0,43,33,76,0,12,47,34,93,12,26,38,131
11/09/2008,TUP,MS,ASO,CE,Federal Contract Tower,0,10,9,0,19,0,0,42,43,85,0,10,51,43,104,56,30,86,190
11/10/2008,TUP,MS,ASO,CE,Federal Contract Tower,0,14,15,14,43,0,0,62,21,83,0,14,77,35,126,52,38,90,216
11/11/2008,TUP,MS,ASO,CE,Federal Contract Tower,0,19,9,0,28,0,0,55,0,55,0,19,64,0,83,38,0,38,121
11/12/2008,TUP,MS,ASO,CE,Federal Contract Tower,0,22,17,5,44,0,0,24,0,24,0,22,41,5,68,0,4,4,72
11/13/2008,TUP,MS,ASO,CE,Federal Contract Tower,0,7,14,2,23,0,0,48,32,80,0,7,62,34,103,20,54,74,177
11/14/2008,TUP,MS,ASO,CE,Federal Contract Tower,0,12,11,2,25,0,1,15,6,22,0,13,26,8,47,0,10,10,57
11/15/2008,TUP,MS,ASO,CE,Federal Contract Tower,0,10,2,0,12,0,0,34,0,34,0,10,36,0,46,0,0,0,46
11/16/2008,TUP,MS,ASO,CE,Federal Contract Tower,0,10,12,0,22,0,0,52,2,54,0,10,64,2,76,100,0,100,176
11/17/2008,TUP,MS,ASO,CE,Federal Contract Tower,0,12,18,16,46,0,0,66,2,68,0,12,84,18,114,58,10,68,182
11/18/2008,TUP,MS,ASO,CE,Federal Contract Tower,0,12,27,20,59,0,0,82,38,120,0,12,109,58,179,46,110,156,335
11/19/2008,TUP,MS,ASO,CE,Federal Contract Tower,0,14,26,46,86,0,0,73,18,91,0,14,99,64,177,108,56,164,341
11/20/2008,TUP,MS,ASO,CE,Federal Contract Tower,0,12,14,28,54,0,0,73,27,100,0,12,87,55,154,44,88,132,286
11/21/2008,TUP,MS,ASO,CE,Federal Contract Tower,2,12,17,16,47,0,0,59,28,87,2,12,76,44,134,24,36,60,194
11/22/2008,TUP,MS,ASO,CE,Federal Contract Tower,2,12,12,0,26,0,8,67,0,75,2,20,79,0,101,42,0,42,143
11/23/2008,TUP,MS,ASO,CE,Federal Contract Tower,0,10,14,4,28,0,1,33,0,34,0,11,47,4,62,12,0,12,74
11/24/2008,TUP,MS,ASO,CE,Federal Contract Tower,0,11,11,2,24,0,0,44,2,46,0,11,55,4,70,26,0,26,96
11/25/2008,TUP,MS,ASO,CE,Federal Contract Tower,0,13,15,30,58,0,0,74,22,96,0,13,89,52,154,42,60,102,256
11/26/2008,TUP,MS,ASO,CE,Federal Contract Tower,0,14,18,8,40,0,0,67,4,71,0,14,85,12,111,68,14,82,193
11/27/2008,TUP,MS,ASO,CE,Federal Contract Tower,0,6,5,0,11,0,3,25,0,28,0,9,30,0,39,20,0,20,59
11/28/2008,TUP,MS,ASO,CE,Federal Contract Tower,0,15,5,0,20,0,0,34,0,34,0,15,39,0,54,24,0,24,78
11/29/2008,TUP,MS,ASO,CE,Federal Contract Tower,0,11,10,0,21,0,0,36,0,36,0,11,46,0,57,36,0,36,93
11/30/2008,TUP,MS,ASO,CE,Federal Contract Tower,0,10,8,0,18,0,0,29,0,29,0,10,37,0,47,12,0,12,59
12/01/2008,TUP,MS,ASO,CE,Federal Contract Tower,0,14,12,16,42,0,0,37,2,39,0,14,49,18,81,36,4,40,121
12/02/2008,TUP,MS,ASO,CE,Federal Contract Tower,0,14,18,30,62,0,2,77,40,119,0,16,95,70,181,60,116,176,357
12/03/2008,TUP,MS,ASO,CE,Federal Contract Tower,0,12,13,12,37,0,1,68,28,97,0,13,81,40,134,52,36,88,222
12/04/2008,TUP,MS,ASO,CE,Federal Contract Tower,0,14,23,4,41,0,2,27,26,55,0,16,50,30,96,22,54,76,172
12/05/2008,TUP,MS,ASO,CE,Federal Contract Tower,0,12,24,24,60,0,0,81,32,113,0,12,105,56,173,64,70,134,307
12/06/2008,TUP,MS,ASO,CE,Federal Contract Tower,1,10,7,2,20,0,0,68,12,80,1,10,75,14,100,48,0,48,148
12/07/2008,TUP,MS,ASO,CE,Federal Contract Tower,1,10,6,0,17,0,0,49,2,51,1,10,55,2,68,42,6,48,116
12/08/2008,TUP,MS,ASO,CE,Federal Contract Tower,0,15,7,32,54,0,0,65,11,76,0,15,72,43,130,46,46,92,222
12/09/2008,TUP,MS,ASO,CE,Federal Contract Tower,0,16,9,0,25,0,0,8,0,8,0,16,17,0,33,0,0,0,33
12/10/2008,TUP,MS,ASO,CE,Federal Contract Tower,0,16,9,0,25,0,0,0,0,0,0,16,9,0,25,0,0,0,25
12/11/2008,TUP,MS,ASO,CE,Federal Contract Tower,0,14,16,0,30,0,0,4,0,4,0,14,20,0,34,0,0,0,34
12/12/2008,TUP,MS,ASO,CE,Federal Contract Tower,0,13,10,14,37,0,15,64,52,131,0,28,74,66,168,62,72,134,302
12/13/2008,TUP,MS,ASO,CE,Federal Contract Tower,0,10,4,0,14,0,0,61,40,101,0,10,65,40,115,22,78,100,215
12/14/2008,TUP,MS,ASO,CE,Federal Contract Tower,0,10,13,0,23,0,0,47,17,64,0,10,60,17,87,56,14,70,157
12/15/2008,TUP,MS,ASO,CE,Federal Contract Tower,0,18,9,20,47,0,18,9,20,47,0,36,18,40,94,0,8,8,102
12/16/2008,TUP,MS,ASO,CE,Federal Contract Tower,0,15,18,0,33,0,0,0,0,0,0,15,18,0,33,0,0,0,33
12/17/2008,TUP,MS,ASO,CE,Federal Contract Tower,0,14,24,8,46,0,0,2,0,2,0,14,26,8,48,0,0,0,48
12/18/2008,TUP,MS,ASO,CE,Federal Contract Tower,0,8,9,0,17,0,0,0,0,0,0,8,9,0,17,0,0,0,17
12/19/2008,TUP,MS,ASO,CE,Federal Contract Tower,0,10,10,44,64,0,0,24,0,24,0,10,34,44,88,8,18,26,114
12/20/2008,TUP,MS,ASO,CE,Federal Contract Tower,0,11,9,4,24,0,0,23,0,23,0,11,32,4,47,0,0,0,47
12/21/2008,TUP,MS,ASO,CE,Federal Contract Tower,0,9,4,0,13,0,0,44,0,44,0,9,48,0,57,6,0,6,63
12/22/2008,TUP,MS,ASO,CE,Federal Contract Tower,0,12,7,50,69,0,0,54,9,63,0,12,61,59,132,32,54,86,218
12/23/2008,TUP,MS,ASO,CE,Federal Contract Tower,0,12,9,10,31,0,0,32,0,32,0,12,41,10,63,24,10,34,97
12/24/2008,TUP,MS,ASO,CE,Federal Contract Tower,0,9,0,0,9,0,0,0,0,0,0,9,0,0,9,0,0,0,9
12/25/2008,TUP,MS,ASO,CE,Federal Contract Tower,0,12,1,0,13,0,0,25,0,25,0,12,26,0,38,6,0,6,44
12/26/2008,TUP,MS,ASO,CE,Federal Contract Tower,0,10,0,0,10,0,0,23,0,23,0,10,23,0,33,0,0,0,33
12/27/2008,TUP,MS,ASO,CE,Federal Contract Tower,0,10,5,0,15,0,0,13,0,13,0,10,18,0,28,2,0,2,30
12/28/2008,TUP,MS,ASO,CE,Federal Contract Tower,0,10,4,0,14,0,0,48,0,48,0,10,52,0,62,56,0,56,118
12/29/2008,TUP,MS,ASO,CE,Federal Contract Tower,0,11,12,0,23,0,1,57,0,58,0,12,69,0,81,66,0,66,147
12/30/2008,TUP,MS,ASO,CE,Federal Contract Tower,0,13,12,2,27,0,0,66,0,66,0,13,78,2,93,48,6,54,147
12/31/2008,TUP,MS,ASO,CE,Federal Contract Tower,0,11,6,0,17,0,0,35,0,35,0,11,41,0,52,26,0,26,78
01/01/2009,TUP,MS,ASO,CE,Federal Contract Tower,0,10,10,0,20,0,0,34,0,34,0,10,44,0,54,48,0,48,102
01/02/2009,TUP,MS,ASO,CE,Federal Contract Tower,0,15,9,0,24,0,0,27,0,27,0,15,36,0,51,12,0,12,63
01/03/2009,TUP,MS,ASO,CE,Federal Contract Tower,0,8,5,0,13,0,0,21,0,21,0,8,26,0,34,2,0,2,36
01/04/2009,TUP,MS,ASO,CE,Federal Contract Tower,0,10,13,0,23,0,0,0,0,0,0,10,13,0,23,0,0,0,23
01/05/2009,TUP,MS,ASO,CE,Federal Contract Tower,0,12,3,0,15,0,0,0,0,0,0,12,3,0,15,0,0,0,15
01/06/2009,TUP,MS,ASO,CE,Federal Contract Tower,0,13,7,0,20,0,0,0,0,0,0,13,7,0,20,0,0,0,20
01/07/2009,TUP,MS,ASO,CE,Federal Contract Tower,0,14,19,39,72,0,0,58,7,65,0,14,77,46,137,60,30,90,227
01/08/2009,TUP,MS,ASO,CE,Federal Contract Tower,0,13,14,28,55,0,0,80,4,84,0,13,94,32,139,86,28,114,253
01/09/2009,TUP,MS,ASO,CE,Federal Contract Tower,0,15,19,21,55,0,2,72,47,121,0,17,91,68,176,44,66,110,286
01/10/2009,TUP,MS,ASO,CE,Federal Contract Tower,0,10,4,0,14,0,0,5,4,9,0,10,9,4,23,0,18,18,41
01/11/2009,TUP,MS,ASO,CE,Federal Contract Tower,2,11,2,1,16,0,0,49,30,79,2,11,51,31,95,54,52,106,201
01/12/2009,TUP,MS,ASO,CE,Federal Contract Tower,0,11,17,20,48,0,2,59,3,64,0,13,76,23,112,46,14,60,172
01/13/2009,TUP,MS,ASO,CE,Federal Contract Tower,0,14,20,17,51,0,0,70,19,89,0,14,90,36,140,48,34,82,222
01/14/2009,TUP,MS,ASO,CE,Federal Contract Tower,0,12,15,26,53,0,0,67,10,77,0,12,82,36,130,86,32,118,248
01/15/2009,TUP,MS,ASO,CE,Federal Contract Tower,0,12,18,32,62,0,0,57,18,75,0,12,75,50,137,58,20,78,215
01/16/2009,TUP,MS,ASO,CE,Federal Contract Tower,0,12,10,0,22,0,0,63,2,65,0,12,73,2,87,58,6,64,151
01/17/2009,TUP,MS,ASO,CE,Federal Contract Tower,0,9,4,0,13,0,3,46,0,49,0,12,50,0,62,32,0,32,94
01/18/2009,TUP,MS,ASO,CE,Federal Contract Tower,0,10,7,7,24,0,0,54,2,56,0,10,61,9,80,42,8,50,130
01/19/2009,TUP,MS,ASO,CE,Federal Contract Tower,0,12,9,2,23,0,0,54,7,61,0,12,63,9,84,36,2,38,122
01/20/2009,TUP,MS,ASO,CE,Federal Contract Tower,0,12,9,16,37,0,0,52,14,66,0,12,61,30,103,58,36,94,197
01/21/2009,TUP,MS,ASO,CE,Federal Contract Tower,0,13,16,17,46,0,0,70,21,91,0,13,86,38,137,72,90,162,299
01/22/2009,TUP,MS,ASO,CE,Federal Contract Tower,0,14,22,6,42,0,1,80,21,102,0,15,102,27,144,62,30,92,236
01/23/2009,TUP,MS,ASO,CE,Federal Contract Tower,0,12,23,13,48,0,0,68,23,91,0,12,91,36,139,36,50,86,225
01/24/2009,TUP,MS,ASO,CE,Federal Contract Tower,0,10,14,3,27,0,0,56,17,73,0,10,70,20,100,18,10,28,128
01/25/2009,TUP,MS,ASO,CE,Federal Contract Tower,0,10,14,8,32,0,0,48,9,57,0,10,62,17,89,80,12,92,181
01/26/2009,TUP,MS,ASO,CE,Federal Contract Tower,1,14,19,12,46,0,0,70,5,75,1,14,89,17,121,40,10,50,171
01/27/2009,TUP,MS,ASO,CE,Federal Contract Tower,0,13,20,22,55,0,0,75,10,85,0,13,95,32,140,54,74,128,268
01/28/2009,TUP,MS,ASO,CE,Federal Contract Tower,1,14,18,0,33,0,0,16,0,16,1,14,34,0,49,0,0,0,49
01/29/2009,TUP,MS,ASO,CE,Federal Contract Tower,0,18,22,4,44,0,2,65,34,101,0,20,87,38,145,58,70,128,273
01/30/2009,TUP,MS,ASO,CE,Federal Contract Tower,0,21,15,4,40,0,21,56,18,95,0,42,71,22,135,42,16,58,193
01/31/2009,TUP,MS,ASO,CE,Federal Contract Tower,1,9,6,0,16,0,1,62,2,65,1,10,68,2,81,78,0,78,159
02/01/2009,TUP,MS,ASO,CE,Federal Contract Tower,1,12,3,0,16,0,0,65,0,65,1,12,68,0,81,50,0,50,131
02/02/2009,TUP,MS,ASO,CE,Federal Contract Tower,0,12,8,20,40,0,0,62,12,74,0,12,70,32,114,40,72,112,226
02/03/2009,TUP,MS,ASO,CE,Federal Contract Tower,0,12,14,18,44,0,0,80,20,100,0,12,94,38,144,60,86,146,290
02/04/2009,TUP,MS,ASO,CE,Federal Contract Tower,0,12,16,16,44,0,0,68,22,90,0,12,84,38,134,66,68,134,268
02/05/2009,TUP,MS,ASO,CE,Federal Contract Tower,0,13,21,14,48,0,0,52,31,83,0,13,73,45,131,66,52,118,249
02/06/2009,TUP,MS,ASO,CE,Federal Contract Tower,0,14,10,12,36,0,0,51,52,103,0,14,61,64,139,64,92,156,295
02/07/2009,TUP,MS,ASO,CE,Federal Contract Tower,0,10,9,5,24,0,0,46,16,62,0,10,55,21,86,78,8,86,172
02/08/2009,TUP,MS,ASO,CE,Federal Contract Tower,0,9,4,2,15,0,0,52,10,62,0,9,56,12,77,88,6,94,171
02/09/2009,TUP,MS,ASO,CE,Federal Contract Tower,0,12,7,8,27,0,0,61,2,63,0,12,68,10,90,48,8,56,146
02/10/2009,TUP,MS,ASO,CE,Federal Contract Tower,0,16,8,12,36,0,0,63,4,67,0,16,71,16,103,54,24,78,181
02/11/2009,TUP,MS,ASO,CE,Federal Contract Tower,0,12,10,0,22,0,0,75,0,75,0,12,85,0,97,60,0,60,157
02/12/2009,TUP,MS,ASO,CE,Federal Contract Tower,0,16,17,6,39,0,0,84,29,113,0,16,101,35,152,94,50,144,296
02/13/2009,TUP,MS,ASO,CE,Federal Contract Tower,0,12,13,10,35,0,0,37,18,55,0,12,50,28,90,56,46,102,192
02/14/2009,TUP,MS,ASO,CE,Federal Contract Tower,0,12,3,0,15,0,0,38,0,38,0,12,41,0,53,52,0,52,105
02/15/2009,TUP,MS,ASO,CE,Federal Contract Tower,0,10,10,10,30,0,0,58,6,64,0,10,68,16,94,70,12,82,176
02/16/2009,TUP,MS,ASO,CE,Federal Contract Tower,0,11,12,0,23,0,0,63,0,63,0,11,75,0,86,54,0,54,140
02/17/2009,TUP,MS,ASO,CE,Federal Contract Tower,0,23,10,9,42,0,0,30,0,30,0,23,40,9,72,44,38,82,154
02/18/2009,TUP,MS,ASO,CE,Federal Contract Tower,0,15,23,28,66,0,0,66,1,67,0,15,89,29,133,89,29,118,251
02/19/2009,TUP,MS,ASO,CE,Federal Contract Tower,0,12,22,39,73,0,1,59,3,63,0,13,81,42,136,78,42,120,256
02/20/2009,TUP,MS,ASO,CE,Federal Contract Tower,0,15,14,12,41,0,0,73,30,103,0,15,87,42,144,60,42,102,246
02/21/2009,TUP,MS,ASO,CE,Federal Contract Tower,0,12,4,0,16,0,0,24,0,24,0,12,28,0,40,6,0,6,46
02/22/2009,TUP,MS,ASO,CE,Federal Contract Tower,0,10,6,20,36,0,0,61,28,89,0,10,67,48,125,64,50,114,239
02/23/2009,TUP,MS,ASO,CE,Federal Contract Tower,0,14,14,28,56,0,0,58,4,62,0,14,72,32,118,78,30,108,226
02/24/2009,TUP,MS,ASO,CE,Federal Contract Tower,0,20,18,23,61,0,4,79,16,99,0,24,97,39,160,54,64,118,278
02/25/2009,TUP,MS,ASO,CE,Federal Contract Tower,0,12,17,16,45,0,0,71,8,79,0,12,88,24,124,54,34,88,212
02/26/2009,TUP,MS,ASO,CE,Federal Contract Tower,0,25,18,16,59,0,3,54,19,76,0,28,72,35,135,50,38,88,223
02/27/2009,TUP,MS,ASO,CE,Federal Contract Tower,0,12,14,0,26,0,0,0,0,0,0,12,14,0,26,0,0,0,26
02/28/2009,TUP,MS,ASO,CE,Federal Contract Tower,0,12,1,0,13,0,0,0,0,0,0,12,1,0,13,0,0,0,13
03/01/2009,TUP,MS,ASO,CE,Federal Contract Tower,0,10,6,0,16,0,0,69,0,69,0,10,75,0,85,76,0,76,161
03/02/2009,TUP,MS,ASO,CE,Federal Contract Tower,0,14,24,25,63,0,0,63,0,63,0,14,87,25,126,50,16,66,192
03/03/2009,TUP,MS,ASO,CE,Federal Contract Tower,0,20,18,21,59,0,0,78,23,101,0,20,96,44,160,72,66,138,298
03/04/2009,TUP,MS,ASO,CE,Federal Contract Tower,0,12,8,4,24,0,2,86,8,96,0,14,94,12,120,66,24,90,210
03/05/2009,TUP,MS,ASO,CE,Federal Contract Tower,0,12,11,14,37,0,0,84,6,90,0,12,95,20,127,40,22,62,189
03/06/2009,TUP,MS,ASO,CE,Federal Contract Tower,0,12,18,8,38,0,2,87,4,93,0,14,105,12,131,52,26,78,209
03/07/2009,TUP,MS,ASO,CE,Federal Contract Tower,0,10,7,12,29,0,0,65,9,74,0,10,72,21,103,52,20,72,175
03/08/2009,TUP,MS,ASO,CE,Federal Contract Tower,0,10,12,4,26,0,2,46,0,48,0,12,58,4,74,66,0,66,140
03/09/2009,TUP,MS,ASO,CE,Federal Contract Tower,0,12,18,14,44,0,4,56,4,64,0,16,74,18,108,54,10,64,172
03/10/2009,TUP,MS,ASO,CE,Federal Contract Tower,0,11,17,20,48,0,0,79,14,93,0,11,96,34,141,76,50,126,267
03/11/2009,TUP,MS,ASO,CE,Federal Contract Tower,0,12,8,12,32,1,1,82,0,84,1,13,90,12,116,56,0,56,172
03/12/2009,TUP,MS,ASO,CE,Federal Contract Tower,0,13,12,12,37,0,0,10,0,10,0,13,22,12,47,0,0,0,47
03/13/2009,TUP,MS,ASO,CE,Federal Contract Tower,0,13,4,2,19,0,0,0,0,0,0,13,4,2,19,0,0,0,19
03/14/2009,TUP,MS,ASO,CE,Federal Contract Tower,0,10,3,2,15,0,0,0,0,0,0,10,3,2,15,0,0,0,15
03/15/2009,TUP,MS,ASO,CE,Federal Contract Tower,0,6,7,0,13,0,0,1,0,1,0,6,8,0,14,0,0,0,14
03/16/2009,TUP,MS,ASO,CE,Federal Contract Tower,0,12,6,6,24,0,0,54,6,60,0,12,60,12,84,0,4,4,88
03/17/2009,TUP,MS,ASO,CE,Federal Contract Tower,0,8,11,10,29,0,0,88,12,100,0,8,99,22,129,64,30,94,223
03/18/2009,TUP,MS,ASO,CE,Federal Contract Tower,0,12,9,3,24,0,0,92,4,96,0,12,101,7,120,85,18,103,223
03/19/2009,TUP,MS,ASO,CE,Federal Contract Tower,0,15,22,8,45,0,0,73,7,80,0,15,95,15,125,46,14,60,185
03/20/2009,TUP,MS,ASO,CE,Federal Contract Tower,0,12,18,2,32,0,0,77,14,91,0,12,95,16,123,100,26,126,249
03/21/2009,TUP,MS,ASO,CE,Federal Contract Tower,0,10,1,0,11,0,0,52,0,52,0,10,53,0,63,40,0,40,103
03/22/2009,TUP,MS,ASO,CE,Federal Contract Tower,0,10,9,0,19,0,0,57,0,57,0,10,66,0,76,108,0,108,184
03/23/2009,TUP,MS,ASO,CE,Federal Contract Tower,0,11,9,6,26,0,4,58,6,68,0,15,67,12,94,72,4,76,170
03/24/2009,TUP,MS,ASO,CE,Federal Contract Tower,0,14,12,12,38,0,0,71,4,75,0,14,83,16,113,70,20,90,203
03/25/2009,TUP,MS,ASO,CE,Federal Contract Tower,0,12,15,11,38,0,0,58,0,58,0,12,73,11,96,86,26,112,208
03/26/2009,TUP,MS,ASO,CE,Federal Contract Tower,0,14,13,12,39,0,0,54,2,56,0,14,67,14,95,64,4,68,163
03/27/2009,TUP,MS,ASO,CE,Federal Contract Tower,0,16,5,16,37,0,0,60,7,67,0,16,65,23,104,34,16,50,154
03/28/2009,TUP,MS,ASO,CE,Federal Contract Tower,0,10,0,2,12,0,0,48,10,58,0,10,48,12,70,28,22,50,120
03/29/2009,TUP,MS,ASO,CE,Federal Contract Tower,0,10,8,0,18,0,0,64,0,64,0,10,72,0,82,50,0,50,132
03/30/2009,TUP,MS,ASO,CE,Federal Contract Tower,0,8,15,12,35,0,0,49,19,68,0,8,64,31,103,84,28,112,215
03/31/2009,TUP,MS,ASO,CE,Federal Contract Tower,2,10,18,22,52,0,0,33,0,33,2,10,51,22,85,22,0,22,107
04/01/2009,TUP,MS,ASO,CE,Federal Contract Tower,0,14,15,42,71,0,4,79,4,87,0,18,94,46,158,92,44,136,294
04/02/2009,TUP,MS,ASO,CE,Federal Contract Tower,0,12,6,16,34,0,0,0,0,0,0,12,6,16,34,0,0,0,34
04/03/2009,TUP,MS,ASO,CE,Federal Contract Tower,0,11,10,21,42,0,2,55,4,61,0,13,65,25,103,50,22,72,175
04/04/2009,TUP,MS,ASO,CE,Federal Contract Tower,0,10,5,0,15,0,2,60,21,83,0,12,65,21,98,84,24,108,206
04/05/2009,TUP,MS,ASO,CE,Federal Contract Tower,0,9,10,24,43,0,0,26,3,29,0,9,36,27,72,60,16,76,148
04/06/2009,TUP,MS,ASO,CE,Federal Contract Tower,0,9,8,20,37,0,1,47,2,50,0,10,55,22,87,44,2,46,133
04/07/2009,TUP,MS,ASO,CE,Federal Contract Tower,0,10,25,12,47,0,1,77,11,89,0,11,102,23,136,72,34,106,242
04/08/2009,TUP,MS,ASO,CE,Federal Contract Tower,0,8,21,29,58,0,0,81,12,93,0,8,102,41,151,96,28,124,275
04/09/2009,TUP,MS,ASO,CE,Federal Contract Tower,1,10,15,6,32,0,0,71,2,73,1,10,86,8,105,44,12,56,161
04/10/2009,TUP,MS,ASO,CE,Federal Contract Tower,0,10,3,3,16,0,1,44,0,45,0,11,47,3,61,0,0,0,61
04/11/2009,TUP,MS,ASO,CE,Federal Contract Tower,0,11,9,0,20,0,0,57,0,57,0,11,66,0,77,76,0,76,153
04/12/2009,TUP,MS,ASO,CE,Federal Contract Tower,0,10,2,0,12,0,0,13,0,13,0,10,15,0,25,16,0,16,41
04/13/2009,TUP,MS,ASO,CE,Federal Contract Tower,0,10,7,18,35,0,0,69,4,73,0,10,76,22,108,52,14,66,174
04/14/2009,TUP,MS,ASO,CE,Federal Contract Tower,0,11,16,12,39,0,4,80,18,102,0,15,96,30,141,62,38,100,241
04/15/2009,TUP,MS,ASO,CE,Federal Contract Tower,0,12,16,12,40,0,0,77,9,86,0,12,93,21,126,78,12,90,216
04/16/2009,TUP,MS,ASO,CE,Federal Contract Tower,0,11,12,32,55,0,2,90,9,101,0,13,102,41,156,60,18,78,234
04/17/2009,TUP,MS,ASO,CE,Federal Contract Tower,0,11,9,4,24,0,0,76,18,94,0,11,85,22,118,60,14,74,192
04/18/2009,TUP,MS,ASO,CE,Federal Contract Tower,0,8,5,0,13,0,0,43,4,47,0,8,48,4,60,40,0,40,100
04/19/2009,TUP,MS,ASO,CE,Federal Contract Tower,0,14,3,1,18,0,0,15,0,15,0,14,18,1,33,0,0,0,33
04/20/2009,TUP,MS,ASO,CE,Federal Contract Tower,0,10,11,28,49,0,2,70,3,75,0,12,81,31,124,64,12,76,200
04/21/2009,TUP,MS,ASO,CE,Federal Contract Tower,0,10,18,42,70,0,2,81,4,87,0,12,99,46,157,80,24,104,261
04/22/2009,TUP,MS,ASO,CE,Federal Contract Tower,0,12,23,16,51,0,2,81,2,85,0,14,104,18,136,78,2,80,216
04/23/2009,TUP,MS,ASO,CE,Federal Contract Tower,0,9,10,12,31,0,0,82,0,82,0,9,92,12,113,84,22,106,219
04/24/2009,TUP,MS,ASO,CE,Federal Contract Tower,0,10,16,25,51,0,3,73,0,76,0,13,89,25,127,66,14,80,207
04/25/2009,TUP,MS,ASO,CE,Federal Contract Tower,0,10,6,9,25,0,2,53,4,59,0,12,59,13,84,46,18,64,148
04/26/2009,TUP,MS,ASO,CE,Federal Contract Tower,0,12,9,4,25,0,0,51,0,51,0,12,60,4,76,50,0,50,126
04/27/2009,TUP,MS,ASO,CE,Federal Contract Tower,0,9,11,24,44,0,1,54,15,70,0,10,65,39,114,60,18,78,192
04/28/2009,TUP,MS,ASO,CE,Federal Contract Tower,0,15,9,44,68,0,0,64,10,74,0,15,73,54,142,76,22,98,240
04/29/2009,TUP,MS,ASO,CE,Federal Contract Tower,0,12,17,26,55,0,2,68,0,70,0,14,85,26,125,74,40,114,239
04/30/2009,TUP,MS,ASO,CE,Federal Contract Tower,0,12,8,26,46,0,0,73,1,74,0,12,81,27,120,52,14,66,186
05/01/2009,TUP,MS,ASO,CE,Federal Contract Tower,0,10,10,45,65,0,0,64,0,64,0,10,74,45,129,30,30,60,189
05/02/2009,TUP,MS,ASO,CE,Federal Contract Tower,0,6,3,0,9,0,0,0,0,0,0,6,3,0,9,0,0,0,9
05/03/2009,TUP,MS,ASO,CE,Federal Contract Tower,0,10,3,1,14,0,0,0,0,0,0,10,3,1,14,0,0,0,14
05/04/2009,TUP,MS,ASO,CE,Federal Contract Tower,0,8,7,58,73,0,0,34,0,34,0,8,41,58,107,52,0,52,159
05/05/2009,TUP,MS,ASO,CE,Federal Contract Tower,0,11,17,28,56,0,0,69,3,72,0,11,86,31,128,54,38,92,220
05/06/2009,TUP,MS,ASO,CE,Federal Contract Tower,0,8,8,5,21,0,0,36,0,36,0,8,44,5,57,24,10,34,91
05/07/2009,TUP,MS,ASO,CE,Federal Contract Tower,0,11,16,23,50,0,1,55,2,58,0,12,71,25,108,40,42,82,190
05/08/2009,TUP,MS,ASO,CE,Federal Contract Tower,0,12,8,8,28,0,0,84,0,84,0,12,92,8,112,40,14,54,166
05/09/2009,TUP,MS,ASO,CE,Federal Contract Tower,0,9,9,1,19,0,0,41,1,42,0,9,50,2,61,34,0,34,95
05/10/2009,TUP,MS,ASO,CE,Federal Contract Tower,0,10,4,0,14,0,0,0,0,0,0,10,4,0,14,0,0,0,14
05/11/2009,TUP,MS,ASO,CE,Federal Contract Tower,0,10,13,16,39,0,0,10,0,10,0,10,23,16,49,0,0,0,49
05/12/2009,TUP,MS,ASO,CE,Federal Contract Tower,0,9,21,32,62,0,3,62,0,65,0,12,83,32,127,64,28,92,219
05/13/2009,TUP,MS,ASO,CE,Federal Contract Tower,0,10,19,13,42,0,2,39,2,43,0,12,58,15,85,44,26,70,155
05/14/2009,TUP,MS,ASO,CE,Federal Contract Tower,0,10,9,16,35,0,0,56,10,66,0,10,65,26,101,68,18,86,187
05/15/2009,TUP,MS,ASO,CE,Federal Contract Tower,0,8,15,19,42,0,3,80,6,89,0,11,95,25,131,62,28,90,221
05/16/2009,TUP,MS,ASO,CE,Federal Contract Tower,0,8,15,4,27,0,0,32,0,32,0,8,47,4,59,24,8,32,91
05/17/2009,TUP,MS,ASO,CE,Federal Contract Tower,0,9,9,0,18,0,0,59,0,59,0,9,68,0,77,76,0,76,153
05/18/2009,TUP,MS,ASO,CE,Federal Contract Tower,0,11,13,8,32,0,0,85,2,87,0,11,98,10,119,76,0,76,195
05/19/2009,TUP,MS,ASO,CE,Federal Contract Tower,0,12,14,13,39,0,1,88,3,92,0,13,102,16,131,86,0,86,217
05/20/2009,TUP,MS,ASO,CE,Federal Contract Tower,0,8,21,11,40,0,2,81,0,83,0,10,102,11,123,86,22,108,231
05/21/2009,TUP,MS,ASO,CE,Federal Contract Tower,0,12,11,12,35,0,2,84,2,88,0,14,95,14,123,88,24,112,235
05/22/2009,TUP,MS,ASO,CE,Federal Contract Tower,0,11,8,1,20,0,0,87,1,88,0,11,95,2,108,50,0,50,158
05/23/2009,TUP,MS,ASO,CE,Federal Contract Tower,0,10,6,0,16,0,2,24,0,26,0,12,30,0,42,30,0,30,72
05/24/2009,TUP,MS,ASO,CE,Federal Contract Tower,0,8,10,0,18,0,1,19,0,20,0,9,29,0,38,16,0,16,54
05/25/2009,TUP,MS,ASO,CE,Federal Contract Tower,0,7,6,0,13,0,9,22,0,31,0,16,28,0,44,12,0,12,56
05/26/2009,TUP,MS,ASO,CE,Federal Contract Tower,0,11,6,21,38,0,0,73,11,84,0,11,79,32,122,46,50,96,218
05/27/2009,TUP,MS,ASO,CE,Federal Contract Tower,0,17,10,7,34,0,0,82,0,82,0,17,92,7,116,66,14,80,196
05/28/2009,TUP,MS,ASO,CE,Federal Contract Tower,0,12,12,11,35,0,2,83,0,85,0,14,95,11,120,64,18,82,202
05/29/2009,TUP,MS,ASO,CE,Federal Contract Tower,0,10,14,8,32,0,0,40,7,47,0,10,54,15,79,46,0,46,125
05/30/2009,TUP,MS,ASO,CE,Federal Contract Tower,0,10,4,8,22,0,0,43,9,52,0,10,47,17,74,66,12,78,152
05/31/2009,TUP,MS,ASO,CE,Federal Contract Tower,2,12,7,0,21,0,0,70,3,73,2,12,77,3,94,74,0,74,168
06/01/2009,TUP,MS,ASO,CE,Federal Contract Tower,0,12,19,8,39,0,1,62,1,64,0,13,81,9,103,56,0,56,159
06/02/2009,TUP,MS,ASO,CE,Federal Contract Tower,0,12,12,0,24,0,0,69,1,70,0,12,81,1,94,98,0,98,192
06/03/2009,TUP,MS,ASO,CE,Federal Contract Tower,2,10,11,10,33,0,1,59,4,64,2,11,70,14,97,76,12,88,185
06/04/2009,TUP,MS,ASO,CE,Federal Contract Tower,0,12,19,9,40,0,2,25,0,27,0,14,44,9,67,26,0,26,93
06/05/2009,TUP,MS,ASO,CE,Federal Contract Tower,0,10,13,9,32,0,1,30,8,39,0,11,43,17,71,36,10,46,117
06/06/2009,TUP,MS,ASO,CE,Federal Contract Tower,0,8,16,4,28,0,0,52,27,79,0,8,68,31,107,80,56,136,243
06/07/2009,TUP,MS,ASO,CE,Federal Contract Tower,2,10,11,4,27,0,0,69,5,74,2,10,80,9,101,84,60,144,245
06/08/2009,TUP,MS,ASO,CE,Federal Contract Tower,0,11,5,24,40,0,0,70,0,70,0,11,75,24,110,62,18,80,190
06/09/2009,TUP,MS,ASO,CE,Federal Contract Tower,0,13,104,11,128,0,0,84,4,88,0,13,188,15,216,68,26,94,310
06/10/2009,TUP,MS,ASO,CE,Federal Contract Tower,0,10,23,0,33,0,0,84,2,86,0,10,107,2,119,86,8,94,213
06/11/2009,TUP,MS,ASO,CE,Federal Contract Tower,0,8,13,22,43,0,0,84,5,89,0,8,97,27,132,38,40,78,210
06/12/2009,TUP,MS,ASO,CE,Federal Contract Tower,0,12,13,0,25,0,2,47,0,49,0,14,60,0,74,44,0,44,118
06/13/2009,TUP,MS,ASO,CE,Federal Contract Tower,0,8,10,0,18,0,0,0,0,0,0,8,10,0,18,14,0,14,32
06/14/2009,TUP,MS,ASO,CE,Federal Contract Tower,0,12,13,4,29,0,0,67,0,67,0,12,80,4,96,46,0,46,142
06/15/2009,TUP,MS,ASO,CE,Federal Contract Tower,0,10,11,20,41,0,0,78,0,78,0,10,89,20,119,58,0,58,177
06/16/2009,TUP,MS,ASO,CE,Federal Contract Tower,0,10,19,25,54,0,0,84,15,99,0,10,103,40,153,92,64,156,309
06/17/2009,TUP,MS,ASO,CE,Federal Contract Tower,0,10,16,26,52,0,0,73,16,89,0,10,89,42,141,82,92,174,315
06/18/2009,TUP,MS,ASO,CE,Federal Contract Tower,0,10,12,32,54,0,0,77,2,79,0,10,89,34,133,62,42,104,237
06/19/2009,TUP,MS,ASO,CE,Federal Contract Tower,0,11,9,8,28,0,1,87,22,110,0,12,96,30,138,106,50,156,294
06/20/2009,TUP,MS,ASO,CE,Federal Contract Tower,0,8,8,0,16,0,0,47,20,67,0,8,55,20,83,60,6,66,149
06/21/2009,TUP,MS,ASO,CE,Federal Contract Tower,0,10,8,0,18,0,0,78,11,89,0,10,86,11,107,64,36,100,207
06/22/2009,TUP,MS,ASO,CE,Federal Contract Tower,0,10,8,22,40,0,1,71,4,76,0,11,79,26,116,54,0,54,170
06/23/2009,TUP,MS,ASO,CE,Federal Contract Tower,0,10,12,4,26,0,0,80,29,109,0,10,92,33,135,62,58,120,255
06/24/2009,TUP,MS,ASO,CE,Federal Contract Tower,0,10,7,9,26,0,0,87,0,87,0,10,94,9,113,80,18,98,211
06/25/2009,TUP,MS,ASO,CE,Federal Contract Tower,0,11,16,6,33,0,0,78,2,80,0,11,94,8,113,64,26,90,203
06/26/2009,TUP,MS,ASO,CE,Federal Contract Tower,0,10,12,8,30,0,0,75,7,82,0,10,87,15,112,36,24,60,172
06/27/2009,TUP,MS,ASO,CE,Federal Contract Tower,0,8,5,0,13,0,0,41,0,41,0,8,46,0,54,34,0,34,88
06/28/2009,TUP,MS,ASO,CE,Federal Contract Tower,0,11,5,3,19,0,2,76,3,81,0,13,81,6,100,62,0,62,162
06/29/2009,TUP,MS,ASO,CE,Federal Contract Tower,0,10,9,16,35,0,2,70,15,87,0,12,79,31,122,68,0,68,190
06/30/2009,TUP,MS,ASO,CE,Federal Contract Tower,0,11,17,10,38,0,0,84,27,111,0,11,101,37,149,84,86,170,319
07/01/2009,TUP,MS,ASO,CE,Federal Contract Tower,0,8,10,10,28,0,1,82,15,98,0,9,92,25,126,88,78,166,292
07/02/2009,TUP,MS,ASO,CE,Federal Contract Tower,0,4,8,13,25,0,2,89,23,114,0,6,97,36,139,90,70,160,299
07/03/2009,TUP,MS,ASO,CE,Federal Contract Tower,0,11,10,0,21,0,3,78,0,81,0,14,88,0,102,72,0,72,174
07/04/2009,TUP,MS,ASO,CE,Federal Contract Tower,0,4,2,0,6,0,0,38,0,38,0,4,40,0,44,30,0,30,74
07/05/2009,TUP,MS,ASO,CE,Federal Contract Tower,0,4,5,0,9,0,0,13,0,13,0,4,18,0,22,16,0,16,38
07/06/2009,TUP,MS,ASO,CE,Federal Contract Tower,0,5,15,0,20,0,2,77,0,79,0,7,92,0,99,62,0,62,161
07/07/2009,TUP,MS,ASO,CE,Federal Contract Tower,0,4,18,12,34,0,0,70,14,84,0,4,88,26,118,72,30,102,220
07/08/2009,TUP,MS,ASO,CE,Federal Contract Tower,0,4,12,14,30,0,0,85,3,88,0,4,97,17,118,90,36,126,244
07/09/2009,TUP,MS,ASO,CE,Federal Contract Tower,0,4,17,10,31,0,2,79,6,87,0,6,96,16,118,54,24,78,196
07/10/2009,TUP,MS,ASO,CE,Federal Contract Tower,0,4,14,0,18,0,16,67,6,89,0,20,81,6,107,72,10,82,189
07/11/2009,TUP,MS,ASO,CE,Federal Contract Tower,0,4,10,4,18,0,2,46,0,48,0,6,56,4,66,40,0,40,106
07/12/2009,TUP,MS,ASO,CE,Federal Contract Tower,0,2,3,0,5,0,1,79,10,90,0,3,82,10,95,78,4,82,177
07/13/2009,TUP,MS,ASO,CE,Federal Contract Tower,0,4,13,0,17,0,0,54,0,54,0,4,67,0,71,50,0,50,121
07/14/2009,TUP,MS,ASO,CE,Federal Contract Tower,0,8,14,26,48,0,0,84,22,106,0,8,98,48,154,78,66,144,298
07/15/2009,TUP,MS,ASO,CE,Federal Contract Tower,0,8,15,13,36,0,0,82,2,84,0,8,97,15,120,60,42,102,222
07/16/2009,TUP,MS,ASO,CE,Federal Contract Tower,0,6,18,26,50,0,0,62,0,62,0,6,80,26,112,52,48,100,212
07/17/2009,TUP,MS,ASO,CE,Federal Contract Tower,0,6,16,4,26,0,6,70,2,78,0,12,86,6,104,48,0,48,152
07/18/2009,TUP,MS,ASO,CE,Federal Contract Tower,0,6,9,1,16,0,9,49,9,67,0,15,58,10,83,40,0,40,123
07/19/2009,TUP,MS,ASO,CE,Federal Contract Tower,0,10,5,8,23,0,17,76,6,99,0,27,81,14,122,56,0,56,178
07/20/2009,TUP,MS,ASO,CE,Federal Contract Tower,0,4,5,4,13,0,0,80,14,94,0,4,85,18,107,56,22,78,185
07/21/2009,TUP,MS,ASO,CE,Federal Contract Tower,0,4,12,5,21,0,4,79,7,90,0,8,91,12,111,76,16,92,203
07/22/2009,TUP,MS,ASO,CE,Federal Contract Tower,0,6,13,13,32,0,0,75,2,77,0,6,88,15,109,48,28,76,185
07/23/2009,TUP,MS,ASO,CE,Federal Contract Tower,0,7,15,8,30,0,4,41,19,64,0,11,56,27,94,42,0,42,136
07/24/2009,TUP,MS,ASO,CE,Federal Contract Tower,0,5,16,0,21,0,0,43,4,47,0,5,59,4,68,57,8,65,133
07/25/2009,TUP,MS,ASO,CE,Federal Contract Tower,0,4,5,0,9,0,4,44,0,48,0,8,49,0,57,42,0,42,99
07/26/2009,TUP,MS,ASO,CE,Federal Contract Tower,0,4,8,1,13,0,0,69,0,69,0,4,77,1,82,62,0,62,144
07/27/2009,TUP,MS,ASO,CE,Federal Contract Tower,0,7,7,4,18,0,0,62,1,63,0,7,69,5,81,44,0,44,125
07/28/2009,TUP,MS,ASO,CE,Federal Contract Tower,0,3,7,1,11,0,0,5,0,5,0,3,12,1,16,0,0,0,16
07/29/2009,TUP,MS,ASO,CE,Federal Contract Tower,0,6,25,26,57,0,0,59,8,67,0,6,84,34,124,70,48,118,242
07/30/2009,TUP,MS,ASO,CE,Federal Contract Tower,0,3,17,2,22,0,4,65,7,76,0,7,82,9,98,16,8,24,122
07/31/2009,TUP,MS,ASO,CE,Federal Contract Tower,0,5,12,28,45,0,2,73,0,75,0,7,85,28,120,54,24,78,198
08/01/2009,TUP,MS,ASO,CE,Federal Contract Tower,0,4,0,1,5,0,0,23,9,32,0,4,23,10,37,18,2,20,57
08/02/2009,TUP,MS,ASO,CE,Federal Contract Tower,0,4,8,22,34,0,0,82,9,91,0,4,90,31,125,66,18,84,209
08/03/2009,TUP,MS,ASO,CE,Federal Contract Tower,0,4,11,18,33,0,0,78,0,78,0,4,89,18,111,76,0,76,187
08/04/2009,TUP,MS,ASO,CE,Federal Contract Tower,0,7,20,1,28,0,2,80,8,90,0,9,100,9,118,74,24,98,216
08/05/2009,TUP,MS,ASO,CE,Federal Contract Tower,0,4,10,31,45,0,0,87,4,91,0,4,97,35,136,66,40,106,242
08/06/2009,TUP,MS,ASO,CE,Federal Contract Tower,0,8,16,14,38,0,4,85,5,94,0,12,101,19,132,62,34,96,228
08/07/2009,TUP,MS,ASO,CE,Federal Contract Tower,0,5,7,3,15,0,2,71,2,75,0,7,78,5,90,46,6,52,142
08/08/2009,TUP,MS,ASO,CE,Federal Contract Tower,0,4,5,0,9,0,0,81,0,81,0,4,86,0,90,66,0,66,156
08/09/2009,TUP,MS,ASO,CE,Federal Contract Tower,0,4,8,0,12,0,0,77,0,77,0,4,85,0,89,48,0,48,137
08/10/2009,TUP,MS,ASO,CE,Federal Contract Tower,1,4,8,18,31,0,0,65,2,67,1,4,73,20,98,70,0,70,168
08/11/2009,TUP,MS,ASO,CE,Federal Contract Tower,0,5,15,4,24,0,0,36,8,44,0,5,51,12,68,0,24,24,92
08/12/2009,TUP,MS,ASO,CE,Federal Contract Tower,0,4,18,37,59,0,0,89,8,97,0,4,107,45,156,64,48,112,268
08/13/2009,TUP,MS,ASO,CE,Federal Contract Tower,0,4,27,46,77,0,0,71,2,73,0,4,98,48,150,38,38,76,226
08/14/2009,TUP,MS,ASO,CE,Federal Contract Tower,0,5,15,32,52,0,1,96,17,114,0,6,111,49,166,50,66,116,282
08/15/2009,TUP,MS,ASO,CE,Federal Contract Tower,0,4,12,5,21,0,2,53,3,58,0,6,65,8,79,22,8,30,109
08/16/2009,TUP,MS,ASO,CE,Federal Contract Tower,0,4,18,12,34,0,0,65,3,68,0,4,83,15,102,74,0,74,176
08/17/2009,TUP,MS,ASO,CE,Federal Contract Tower,2,5,14,26,47,0,2,55,2,59,2,7,69,28,106,64,56,120,226
08/18/2009,TUP,MS,ASO,CE,Federal Contract Tower,0,10,11,42,63,0,0,88,2,90,0,10,99,44,153,70,86,156,309
08/19/2009,TUP,MS,ASO,CE,Federal Contract Tower,0,4,12,32,48,0,0,80,5,85,0,4,92,37,133,60,62,122,255
08/20/2009,TUP,MS,ASO,CE,Federal Contract Tower,0,7,22,27,56,0,1,24,1,26,0,8,46,28,82,8,2,10,92
08/21/2009,TUP,MS,ASO,CE,Federal Contract Tower,0,5,10,13,28,0,0,66,0,66,0,5,76,13,94,28,26,54,148
08/22/2009,TUP,MS,ASO,CE,Federal Contract Tower,0,4,3,0,7,0,7,66,0,73,0,11,69,0,80,60,0,60,140
08/23/2009,TUP,MS,ASO,CE,Federal Contract Tower,0,5,8,0,13,0,0,71,0,71,0,5,79,0,84,52,0,52,136
08/24/2009,TUP,MS,ASO,CE,Federal Contract Tower,0,6,18,20,44,0,0,56,5,61,0,6,74,25,105,60,4,64,169
08/25/2009,TUP,MS,ASO,CE,Federal Contract Tower,0,8,30,35,73,0,3,83,12,98,0,11,113,47,171,66,62,128,299
08/26/2009,TUP,MS,ASO,CE,Federal Contract Tower,0,4,18,16,38,0,0,84,6,90,0,4,102,22,128,78,16,94,222
08/27/2009,TUP,MS,ASO,CE,Federal Contract Tower,0,6,17,11,34,0,4,82,4,90,0,10,99,15,124,64,26,90,214
08/28/2009,TUP,MS,ASO,CE,Federal Contract Tower,0,4,13,20,37,0,2,82,5,89,0,6,95,25,126,64,44,108,234
08/29/2009,TUP,MS,ASO,CE,Federal Contract Tower,0,4,7,0,11,0,0,56,2,58,0,4,63,2,69,48,0,48,117
08/30/2009,TUP,MS,ASO,CE,Federal Contract Tower,0,4,12,16,32,0,0,69,0,69,0,4,81,16,101,38,34,72,173
08/31/2009,TUP,MS,ASO,CE,Federal Contract Tower,2,9,14,4,29,0,3,54,0,57,2,12,68,4,86,64,0,64,150
09/01/2009,TUP,MS,ASO,CE,Federal Contract Tower,0,3,18,12,33,0,6,82,4,92,0,9,100,16,125,72,42,114,239
09/02/2009,TUP,MS,ASO,CE,Federal Contract Tower,0,4,16,39,59,0,4,93,0,97,0,8,109,39,156,68,38,106,262
09/03/2009,TUP,MS,ASO,CE,Federal Contract Tower,0,4,18,20,42,0,3,73,6,82,0,7,91,26,124,50,32,82,206
09/04/2009,TUP,MS,ASO,CE,Federal Contract Tower,0,4,12,25,41,0,4,77,1,82,0,8,89,26,123,42,28,70,193
09/05/2009,TUP,MS,ASO,CE,Federal Contract Tower,0,4,4,0,8,0,2,43,0,45,0,6,47,0,53,32,0,32,85
09/06/2009,TUP,MS,ASO,CE,Federal Contract Tower,0,6,4,0,10,0,0,63,0,63,0,6,67,0,73,74,0,74,147
09/07/2009,TUP,MS,ASO,CE,Federal Contract Tower,0,2,5,0,7,0,2,57,0,59,0,4,62,0,66,50,0,50,116
09/08/2009,TUP,MS,ASO,CE,Federal Contract Tower,0,3,5,20,28,0,2,85,1,88,0,5,90,21,116,66,38,104,220
09/09/2009,TUP,MS,ASO,CE,Federal Contract Tower,0,4,19,15,38,0,0,75,13,88,0,4,94,28,126,54,26,80,206
09/10/2009,TUP,MS,ASO,CE,Federal Contract Tower,0,4,12,16,32,0,2,55,6,63,0,6,67,22,95,30,22,52,147
09/11/2009,TUP,MS,ASO,CE,Federal Contract Tower,0,4,12,6,22,0,2,23,6,31,0,6,35,12,53,8,6,14,67
09/12/2009,TUP,MS,ASO,CE,Federal Contract Tower,0,5,9,0,14,0,0,45,1,46,0,5,54,1,60,46,0,46,106
09/13/2009,TUP,MS,ASO,CE,Federal Contract Tower,0,4,8,2,14,0,1,51,8,60,0,5,59,10,74,42,12,54,128
09/14/2009,TUP,MS,ASO,CE,Federal Contract Tower,0,3,9,22,34,0,0,49,6,55,0,3,58,28,89,56,10,66,155
09/15/2009,TUP,MS,ASO,CE,Federal Contract Tower,0,4,10,10,24,0,0,50,0,50,0,4,60,10,74,32,8,40,114
09/16/2009,TUP,MS,ASO,CE,Federal Contract Tower,0,4,16,10,30,0,0,49,0,49,0,4,65,10,79,32,8,40,119
09/17/2009,TUP,MS,ASO,CE,Federal Contract Tower,0,6,17,10,33,0,0,60,9,69,0,6,77,19,102,24,28,52,154
09/18/2009,TUP,MS,ASO,CE,Federal Contract Tower,0,6,17,0,23,0,0,9,0,9,0,6,26,0,32,12,0,12,44
09/19/2009,TUP,MS,ASO,CE,Federal Contract Tower,0,4,3,4,11,0,0,4,0,4,0,4,7,4,15,0,0,0,15
09/20/2009,TUP,MS,ASO,CE,Federal Contract Tower,0,5,8,8,21,0,0,36,0,36,0,5,44,8,57,40,0,40,97
09/21/2009,TUP,MS,ASO,CE,Federal Contract Tower,0,4,15,0,19,0,4,49,5,58,0,8,64,5,77,40,0,40,117
09/22/2009,TUP,MS,ASO,CE,Federal Contract Tower,0,4,9,14,27,0,0,21,1,22,0,4,30,15,49,30,8,38,87
09/23/2009,TUP,MS,ASO,CE,Federal Contract Tower,2,4,15,30,51,0,0,10,0,10,2,4,25,30,61,0,20,20,81
09/24/2009,TUP,MS,ASO,CE,Federal Contract Tower,0,4,14,20,38,0,0,62,11,73,0,4,76,31,111,32,30,62,173
09/25/2009,TUP,MS,ASO,CE,Federal Contract Tower,0,4,22,16,42,0,0,39,0,39,0,4,61,16,81,12,14,26,107
09/26/2009,TUP,MS,ASO,CE,Federal Contract Tower,0,4,1,0,5,0,0,37,0,37,0,4,38,0,42,32,0,32,74
09/27/2009,TUP,MS,ASO,CE,Federal Contract Tower,0,4,8,2,14,0,1,72,0,73,0,5,80,2,87,86,0,86,173
09/28/2009,TUP,MS,ASO,CE,Federal Contract Tower,0,7,14,51,72,0,1,49,14,64,0,8,63,65,136,76,20,96,232
09/29/2009,TUP,MS,ASO,CE,Federal Contract Tower,0,6,9,34,49,0,5,88,3,96,0,11,97,37,145,82,24,106,251
09/30/2009,TUP,MS,ASO,CE,Federal Contract Tower,0,3,26,23,52,0,0,78,8,86,0,3,104,31,138,72,48,120,258
10/01/2009,TUP,MS,ASO,CE,Federal Contract Tower,0,4,22,22,48,0,2,74,23,99,0,6,96,45,147,60,52,112,259
10/02/2009,TUP,MS,ASO,CE,Federal Contract Tower,0,6,6,17,29,0,6,80,5,91,0,12,86,22,120,48,22,70,190
10/03/2009,TUP,MS,ASO,CE,Federal Contract Tower,0,4,12,0,16,0,2,56,4,62,0,6,68,4,78,32,4,36,114
10/04/2009,TUP,MS,ASO,CE,Federal Contract Tower,0,3,5,2,10,0,1,15,0,16,0,4,20,2,26,8,0,8,34
10/05/2009,TUP,MS,ASO,CE,Federal Contract Tower,0,5,9,20,34,0,2,1,0,3,0,7,10,20,37,0,0,0,37
10/06/2009,TUP,MS,ASO,CE,Federal Contract Tower,0,8,14,12,34,0,0,2,0,2,0,8,16,12,36,0,0,0,36
10/07/2009,TUP,MS,ASO,CE,Federal Contract Tower,0,4,22,21,47,0,4,84,7,95,0,8,106,28,142,122,42,164,306
10/08/2009,TUP,MS,ASO,CE,Federal Contract Tower,0,6,21,28,55,0,2,87,9,98,0,8,108,37,153,38,34,72,225
10/09/2009,TUP,MS,ASO,CE,Federal Contract Tower,2,6,18,10,36,0,1,7,2,10,2,7,25,12,46,0,0,0,46
10/10/2009,TUP,MS,ASO,CE,Federal Contract Tower,0,11,35,2,48,0,0,0,0,0,0,11,35,2,48,0,0,0,48
10/11/2009,TUP,MS,ASO,CE,Federal Contract Tower,0,4,16,20,40,0,6,43,0,49,0,10,59,20,89,32,16,48,137
10/12/2009,TUP,MS,ASO,CE,Federal Contract Tower,0,3,8,20,31,0,0,0,0,0,0,3,8,20,31,0,0,0,31
10/13/2009,TUP,MS,ASO,CE,Federal Contract Tower,0,5,15,26,46,0,0,0,0,0,0,5,15,26,46,0,0,0,46
10/14/2009,TUP,MS,ASO,CE,Federal Contract Tower,0,5,20,27,52,0,0,8,0,8,0,5,28,27,60,0,24,24,84
10/15/2009,TUP,MS,ASO,CE,Federal Contract Tower,0,3,9,13,25,0,0,0,0,0,0,3,9,13,25,0,0,0,25
10/16/2009,TUP,MS,ASO,CE,Federal Contract Tower,0,4,14,8,26,0,0,35,8,43,0,4,49,16,69,0,16,16,85
10/17/2009,TUP,MS,ASO,CE,Federal Contract Tower,0,4,0,8,12,0,1,35,7,43,0,5,35,15,55,28,4,32,87
10/18/2009,TUP,MS,ASO,CE,Federal Contract Tower,0,4,7,4,15,0,0,70,3,73,0,4,77,7,88,78,6,84,172
10/19/2009,TUP,MS,ASO,CE,Federal Contract Tower,0,4,16,12,32,0,2,67,4,73,0,6,83,16,105,68,0,68,173
10/20/2009,TUP,MS,ASO,CE,Federal Contract Tower,0,8,26,38,72,0,6,87,14,107,0,14,113,52,179,90,42,132,311
10/21/2009,TUP,MS,ASO,CE,Federal Contract Tower,0,8,25,31,64,0,1,84,5,90,0,9,109,36,154,70,38,108,262
10/22/2009,TUP,MS,ASO,CE,Federal Contract Tower,0,8,18,15,41,0,2,51,2,55,0,10,69,17,96,24,26,50,146
10/23/2009,TUP,MS,ASO,CE,Federal Contract Tower,0,8,11,8,27,0,0,26,4,30,0,8,37,12,57,6,18,24,81
10/24/2009,TUP,MS,ASO,CE,Federal Contract Tower,2,4,8,0,14,0,1,46,2,49,2,5,54,2,63,44,0,44,107
10/25/2009,TUP,MS,ASO,CE,Federal Contract Tower,0,4,10,4,18,0,0,67,0,67,0,4,77,4,85,70,0,70,155
10/26/2009,TUP,MS,ASO,CE,Federal Contract Tower,0,6,11,30,47,0,2,58,9,69,0,8,69,39,116,48,42,90,206
10/27/2009,TUP,MS,ASO,CE,Federal Contract Tower,0,7,9,19,35,0,0,1,1,2,0,7,10,20,37,0,0,0,37
10/28/2009,TUP,MS,ASO,CE,Federal Contract Tower,0,6,24,19,49,0,0,72,5,77,0,6,96,24,126,98,52,150,276
10/29/2009,TUP,MS,ASO,CE,Federal Contract Tower,0,4,10,16,30,0,0,30,0,30,0,4,40,16,60,10,6,16,76
10/30/2009,TUP,MS,ASO,CE,Federal Contract Tower,0,9,4,0,13,0,0,0,2,2,0,9,4,2,15,0,2,2,17
10/31/2009,TUP,MS,ASO,CE,Federal Contract Tower,0,4,10,2,16,0,18,53,0,71,0,22,63,2,87,72,0,72,159
11/01/2009,TUP,MS,ASO,CE,Federal Contract Tower,0,4,11,0,15,0,0,73,0,73,0,4,84,0,88,60,0,60,148
11/02/2009,TUP,MS,ASO,CE,Federal Contract Tower,0,5,16,14,35,0,1,57,3,61,0,6,73,17,96,62,4,66,162
11/03/2009,TUP,MS,ASO,CE,Federal Contract Tower,0,6,18,10,34,0,0,79,20,99,0,6,97,30,133,76,66,142,275
11/04/2009,TUP,MS,ASO,CE,Federal Contract Tower,0,8,16,17,41,0,5,76,1,82,0,13,92,18,123,100,30,130,253
11/05/2009,TUP,MS,ASO,CE,Federal Contract Tower,0,5,26,8,39,0,6,78,0,84,0,11,104,8,123,76,10,86,209
11/06/2009,TUP,MS,ASO,CE,Federal Contract Tower,0,5,17,4,26,0,3,62,4,69,0,8,79,8,95,50,24,74,169
11/07/2009,TUP,MS,ASO,CE,Federal Contract Tower,0,4,11,0,15,0,0,57,14,71,0,4,68,14,86,68,14,82,168
11/08/2009,TUP,MS,ASO,CE,Federal Contract Tower,0,8,15,0,23,0,6,63,2,71,0,14,78,2,94,48,2,50,144
11/09/2009,TUP,MS,ASO,CE,Federal Contract Tower,0,6,12,0,18,0,0,50,0,50,0,6,62,0,68,62,0,62,130
11/10/2009,TUP,MS,ASO,CE,Federal Contract Tower,0,4,16,1,21,0,0,82,0,82,0,4,98,1,103,60,0,60,163
11/11/2009,TUP,MS,ASO,CE,Federal Contract Tower,0,4,15,0,19,0,0,78,2,80,0,4,93,2,99,52,2,54,153
11/12/2009,TUP,MS,ASO,CE,Federal Contract Tower,0,3,15,11,29,0,3,69,3,75,0,6,84,14,104,78,20,98,202
11/13/2009,TUP,MS,ASO,CE,Federal Contract Tower,0,4,17,18,39,0,4,58,2,64,0,8,75,20,103,76,6,82,185
11/14/2009,TUP,MS,ASO,CE,Federal Contract Tower,0,4,6,0,10,0,0,45,4,49,0,4,51,4,59,40,10,50,109
11/15/2009,TUP,MS,ASO,CE,Federal Contract Tower,0,4,16,12,32,0,0,55,0,55,0,4,71,12,87,86,0,86,173
11/16/2009,TUP,MS,ASO,CE,Federal Contract Tower,0,5,7,4,16,0,0,5,0,5,0,5,12,4,21,0,0,0,21
11/17/2009,TUP,MS,ASO,CE,Federal Contract Tower,0,4,11,20,35,0,0,55,2,57,0,4,66,22,92,64,32,96,188
11/18/2009,TUP,MS,ASO,CE,Federal Contract Tower,0,4,9,25,38,0,1,63,2,66,0,5,72,27,104,52,32,84,188
11/19/2009,TUP,MS,ASO,CE,Federal Contract Tower,0,4,18,15,37,0,5,75,3,83,0,9,93,18,120,64,4,68,188
11/20/2009,TUP,MS,ASO,CE,Federal Contract Tower,0,5,26,3,34,0,0,60,9,69,0,5,86,12,103,60,28,88,191
11/21/2009,TUP,MS,ASO,CE,Federal Contract Tower,2,4,16,1,23,0,5,57,1,63,2,9,73,2,86,60,2,62,148
11/22/2009,TUP,MS,ASO,CE,Federal Contract Tower,0,4,11,9,24,0,0,25,0,25,0,4,36,9,49,0,0,0,49
11/23/2009,TUP,MS,ASO,CE,Federal Contract Tower,0,4,8,28,40,0,0,2,0,2,0,4,10,28,42,0,0,0,42
11/24/2009,TUP,MS,ASO,CE,Federal Contract Tower,0,4,13,10,27,0,0,62,2,64,0,4,75,12,91,74,18,92,183
11/25/2009,TUP,MS,ASO,CE,Federal Contract Tower,0,4,18,13,35,0,1,49,2,52,0,5,67,15,87,120,10,130,217
11/26/2009,TUP,MS,ASO,CE,Federal Contract Tower,0,5,4,0,9,0,2,29,0,31,0,7,33,0,40,12,0,12,52
11/27/2009,TUP,MS,ASO,CE,Federal Contract Tower,0,5,13,0,18,0,2,43,0,45,0,7,56,0,63,46,0,46,109
11/28/2009,TUP,MS,ASO,CE,Federal Contract Tower,0,4,14,0,18,0,0,44,0,44,0,4,58,0,62,42,0,42,104
11/29/2009,TUP,MS,ASO,CE,Federal Contract Tower,0,10,14,0,24,0,0,18,0,18,0,10,32,0,42,14,0,14,56
11/30/2009,TUP,MS,ASO,CE,Federal Contract Tower,0,5,13,6,24,0,0,44,0,44,0,5,57,6,68,52,0,52,120
12/01/2009,TUP,MS,ASO,CE,Federal Contract Tower,0,8,11,20,39,0,1,69,1,71,0,9,80,21,110,62,0,62,172
12/02/2009,TUP,MS,ASO,CE,Federal Contract Tower,0,4,15,4,23,0,0,1,0,1,0,4,16,4,24,0,0,0,24
12/03/2009,TUP,MS,ASO,CE,Federal Contract Tower,0,6,17,26,49,0,1,66,8,75,0,7,83,34,124,42,30,72,196
12/04/2009,TUP,MS,ASO,CE,Federal Contract Tower,0,3,8,30,41,0,1,31,2,34,0,4,39,32,75,50,32,82,157
12/05/2009,TUP,MS,ASO,CE,Federal Contract Tower,0,4,13,3,20,0,0,46,0,46,0,4,59,3,66,36,0,36,102
12/06/2009,TUP,MS,ASO,CE,Federal Contract Tower,0,6,7,6,19,0,5,63,2,70,0,11,70,8,89,90,6,96,185
12/07/2009,TUP,MS,ASO,CE,Federal Contract Tower,0,4,13,20,37,0,0,1,0,1,0,4,14,20,38,2,0,2,40
12/08/2009,TUP,MS,ASO,CE,Federal Contract Tower,0,4,7,0,11,0,0,0,0,0,0,4,7,0,11,0,0,0,11
12/09/2009,TUP,MS,ASO,CE,Federal Contract Tower,0,4,23,18,45,0,0,74,10,84,0,4,97,28,129,68,32,100,229
12/10/2009,TUP,MS,ASO,CE,Federal Contract Tower,0,4,6,6,16,0,0,0,0,0,0,4,6,6,16,42,10,52,68
12/11/2009,TUP,MS,ASO,CE,Federal Contract Tower,0,4,16,33,53,0,2,59,22,83,0,6,75,55,136,72,36,108,244
12/12/2009,TUP,MS,ASO,CE,Federal Contract Tower,0,6,5,4,15,0,0,10,0,10,0,6,15,4,25,2,18,20,45
12/13/2009,TUP,MS,ASO,CE,Federal Contract Tower,0,3,1,0,4,0,0,0,0,0,0,3,1,0,4,0,0,0,4
12/14/2009,TUP,MS,ASO,CE,Federal Contract Tower,0,6,14,27,47,0,0,27,0,27,0,6,41,27,74,18,0,18,92
12/15/2009,TUP,MS,ASO,CE,Federal Contract Tower,0,4,23,45,72,0,2,54,3,59,0,6,77,48,131,42,62,104,235
12/16/2009,TUP,MS,ASO,CE,Federal Contract Tower,0,6,17,21,44,0,0,70,10,80,0,6,87,31,124,60,66,126,250
12/17/2009,TUP,MS,ASO,CE,Federal Contract Tower,0,4,25,18,47,0,2,58,4,64,0,6,83,22,111,74,20,94,205
12/18/2009,TUP,MS,ASO,CE,Federal Contract Tower,0,4,8,28,40,0,0,49,2,51,0,4,57,30,91,44,36,80,171
12/19/2009,TUP,MS,ASO,CE,Federal Contract Tower,0,7,7,2,16,0,2,32,1,35,0,9,39,3,51,44,0,44,95
12/20/2009,TUP,MS,ASO,CE,Federal Contract Tower,0,4,7,0,11,0,0,65,0,65,0,4,72,0,76,76,0,76,152
12/21/2009,TUP,MS,ASO,CE,Federal Contract Tower,0,4,5,12,21,0,5,64,4,73,0,9,69,16,94,92,6,98,192
12/22/2009,TUP,MS,ASO,CE,Federal Contract Tower,0,4,28,22,54,0,0,64,5,69,0,4,92,27,123,104,26,130,253
12/23/2009,TUP,MS,ASO,CE,Federal Contract Tower,0,4,9,0,13,0,1,38,0,39,0,5,47,0,52,10,0,10,62
12/24/2009,TUP,MS,ASO,CE,Federal Contract Tower,0,3,3,0,6,0,1,36,0,37,0,4,39,0,43,20,0,20,63
12/25/2009,TUP,MS,ASO,CE,Federal Contract Tower,0,6,0,0,6,0,0,0,0,0,0,6,0,0,6,0,0,0,6
12/26/2009,TUP,MS,ASO,CE,Federal Contract Tower,0,4,2,0,6,0,0,38,0,38,0,4,40,0,44,20,0,20,64
12/27/2009,TUP,MS,ASO,CE,Federal Contract Tower,0,4,6,0,10,0,2,72,0,74,0,6,78,0,84,76,0,76,160
12/28/2009,TUP,MS,ASO,CE,Federal Contract Tower,0,4,11,0,15,0,0,59,0,59,0,4,70,0,74,64,0,64,138
12/29/2009,TUP,MS,ASO,CE,Federal Contract Tower,0,5,3,0,8,0,1,75,0,76,0,6,78,0,84,84,0,84,168
12/30/2009,TUP,MS,ASO,CE,Federal Contract Tower,0,4,3,0,7,0,0,47,0,47,0,4,50,0,54,26,0,26,80
12/31/2009,TUP,MS,ASO,CE,Federal Contract Tower,0,4,15,0,19,0,2,39,0,41,0,6,54,0,60,22,0,22,82
01/01/2010,TUP,MS,ASO,CE,Federal Contract Tower,0,4,8,0,12,0,1,51,0,52,0,5,59,0,64,12,0,12,76
01/02/2010,TUP,MS,ASO,CE,Federal Contract Tower,0,3,16,0,19,0,2,45,0,47,0,5,61,0,66,62,0,62,128
01/03/2010,TUP,MS,ASO,CE,Federal Contract Tower,0,5,9,0,14,0,2,55,0,57,0,7,64,0,71,64,0,64,135
01/04/2010,TUP,MS,ASO,CE,Federal Contract Tower,0,4,14,0,18,0,0,45,4,49,0,4,59,4,67,40,0,40,107
01/05/2010,TUP,MS,ASO,CE,Federal Contract Tower,0,4,18,16,38,0,0,68,11,79,0,4,86,27,117,116,26,142,259
01/06/2010,TUP,MS,ASO,CE,Federal Contract Tower,0,4,13,6,23,0,0,75,14,89,0,4,88,20,112,102,18,120,232
01/07/2010,TUP,MS,ASO,CE,Federal Contract Tower,0,4,6,0,10,0,0,6,0,6,0,4,12,0,16,0,0,0,16
01/08/2010,TUP,MS,ASO,CE,Federal Contract Tower,0,4,5,10,19,0,0,16,7,23,0,4,21,17,42,16,8,24,66
01/09/2010,TUP,MS,ASO,CE,Federal Contract Tower,0,4,6,12,22,0,0,30,3,33,0,4,36,15,55,4,12,16,71
01/10/2010,TUP,MS,ASO,CE,Federal Contract Tower,0,4,5,10,19,0,0,73,0,73,0,4,78,10,92,70,0,70,162
01/11/2010,TUP,MS,ASO,CE,Federal Contract Tower,0,4,10,22,36,0,0,50,0,50,0,4,60,22,86,40,0,40,126
01/12/2010,TUP,MS,ASO,CE,Federal Contract Tower,0,2,12,34,48,0,1,81,16,98,0,3,93,50,146,88,46,134,280
01/13/2010,TUP,MS,ASO,CE,Federal Contract Tower,0,5,20,15,40,0,0,66,12,78,0,5,86,27,118,106,16,122,240
01/14/2010,TUP,MS,ASO,CE,Federal Contract Tower,0,7,16,14,37,0,2,57,7,66,0,9,73,21,103,74,28,102,205
01/15/2010,TUP,MS,ASO,CE,Federal Contract Tower,0,5,18,20,43,0,5,75,5,85,0,10,93,25,128,102,26,128,256
01/16/2010,TUP,MS,ASO,CE,Federal Contract Tower,0,4,8,0,12,0,0,0,0,0,0,4,8,0,12,0,0,0,12
01/17/2010,TUP,MS,ASO,CE,Federal Contract Tower,0,4,5,13,22,0,0,17,0,17,0,4,22,13,39,0,0,0,39
01/18/2010,TUP,MS,ASO,CE,Federal Contract Tower,0,2,14,1,17,0,4,47,3,54,0,6,61,4,71,64,0,64,135
01/19/2010,TUP,MS,ASO,CE,Federal Contract Tower,0,6,18,31,55,0,0,57,3,60,0,6,75,34,115,56,32,88,203
01/20/2010,TUP,MS,ASO,CE,Federal Contract Tower,0,5,11,24,40,0,0,44,0,44,0,5,55,24,84,38,16,54,138
01/21/2010,TUP,MS,ASO,CE,Federal Contract Tower,0,4,28,28,60,0,0,50,9,59,0,4,78,37,119,60,22,82,201
01/22/2010,TUP,MS,ASO,CE,Federal Contract Tower,0,13,27,18,58,0,0,36,13,49,0,13,63,31,107,36,42,78,185
01/23/2010,TUP,MS,ASO,CE,Federal Contract Tower,0,6,5,23,34,0,1,42,5,48,0,7,47,28,82,22,32,54,136
01/24/2010,TUP,MS,ASO,CE,Federal Contract Tower,0,6,10,7,23,0,0,50,0,50,0,6,60,7,73,96,4,100,173
01/25/2010,TUP,MS,ASO,CE,Federal Contract Tower,0,4,10,13,27,0,1,54,2,57,0,5,64,15,84,56,10,66,150
01/26/2010,TUP,MS,ASO,CE,Federal Contract Tower,0,5,22,11,38,0,2,73,13,88,0,7,95,24,126,76,24,100,226
01/27/2010,TUP,MS,ASO,CE,Federal Contract Tower,0,6,24,26,56,0,0,60,16,76,0,6,84,42,132,82,66,148,280
01/28/2010,TUP,MS,ASO,CE,Federal Contract Tower,0,4,12,16,32,0,1,62,9,72,0,5,74,25,104,34,22,56,160
01/29/2010,TUP,MS,ASO,CE,Federal Contract Tower,0,1,2,0,3,0,0,0,0,0,0,1,2,0,3,0,0,0,3
01/30/2010,TUP,MS,ASO,CE,Federal Contract Tower,0,7,4,0,11,0,0,0,0,0,0,7,4,0,11,0,0,0,11
01/31/2010,TUP,MS,ASO,CE,Federal Contract Tower,0,10,17,4,31,0,1,53,0,54,0,11,70,4,85,58,0,58,143
02/01/2010,TUP,MS,ASO,CE,Federal Contract Tower,2,4,18,36,60,0,1,53,6,60,2,5,71,42,120,86,12,98,218
02/02/2010,TUP,MS,ASO,CE,Federal Contract Tower,1,4,18,28,51,0,0,70,4,74,1,4,88,32,125,82,30,112,237
02/03/2010,TUP,MS,ASO,CE,Federal Contract Tower,0,5,20,33,58,0,2,75,2,79,0,7,95,35,137,66,30,96,233
02/04/2010,TUP,MS,ASO,CE,Federal Contract Tower,0,7,13,52,72,0,0,13,0,13,0,7,26,52,85,0,0,0,85
02/05/2010,TUP,MS,ASO,CE,Federal Contract Tower,0,5,11,6,22,0,0,10,0,10,0,5,21,6,32,0,0,0,32
02/06/2010,TUP,MS,ASO,CE,Federal Contract Tower,0,4,2,0,6,0,0,16,5,21,0,4,18,5,27,0,40,40,67
02/07/2010,TUP,MS,ASO,CE,Federal Contract Tower,0,6,4,8,18,0,0,64,10,74,0,6,68,18,92,108,34,142,234
02/08/2010,TUP,MS,ASO,CE,Federal Contract Tower,0,4,16,4,24,0,0,35,0,35,0,4,51,4,59,22,0,22,81
02/09/2010,TUP,MS,ASO,CE,Federal Contract Tower,0,4,10,32,46,0,2,69,2,73,0,6,79,34,119,46,24,70,189
02/10/2010,TUP,MS,ASO,CE,Federal Contract Tower,0,7,16,21,44,0,0,76,8,84,0,7,92,29,128,116,34,150,278
02/11/2010,TUP,MS,ASO,CE,Federal Contract Tower,0,6,12,32,50,0,5,62,10,77,0,11,74,42,127,58,28,86,213
02/12/2010,TUP,MS,ASO,CE,Federal Contract Tower,0,2,5,48,55,0,4,59,4,67,0,6,64,52,122,56,28,84,206
02/13/2010,TUP,MS,ASO,CE,Federal Contract Tower,0,4,2,1,7,0,2,59,1,62,0,6,61,2,69,80,2,82,151
02/14/2010,TUP,MS,ASO,CE,Federal Contract Tower,0,4,6,8,18,0,2,41,0,43,0,6,47,8,61,36,0,36,97
02/15/2010,TUP,MS,ASO,CE,Federal Contract Tower,0,4,13,0,17,0,0,39,0,39,0,4,52,0,56,48,0,48,104
02/16/2010,TUP,MS,ASO,CE,Federal Contract Tower,0,4,9,38,51,0,0,83,7,90,0,4,92,45,141,74,48,122,263
02/17/2010,TUP,MS,ASO,CE,Federal Contract Tower,0,4,8,34,46,0,0,68,5,73,0,4,76,39,119,76,44,120,239
02/18/2010,TUP,MS,ASO,CE,Federal Contract Tower,1,4,14,34,53,0,5,73,8,86,1,9,87,42,139,104,12,116,255
02/19/2010,TUP,MS,ASO,CE,Federal Contract Tower,0,6,10,25,41,0,1,68,10,79,0,7,78,35,120,74,24,98,218
02/20/2010,TUP,MS,ASO,CE,Federal Contract Tower,0,6,8,4,18,0,2,58,0,60,0,8,66,4,78,48,8,56,134
02/21/2010,TUP,MS,ASO,CE,Federal Contract Tower,0,4,7,9,20,0,2,53,7,62,0,6,60,16,82,94,12,106,188
02/22/2010,TUP,MS,ASO,CE,Federal Contract Tower,0,4,13,40,57,0,1,34,4,39,0,5,47,44,96,22,8,30,126
02/23/2010,TUP,MS,ASO,CE,Federal Contract Tower,0,7,13,28,48,0,0,70,11,81,0,7,83,39,129,98,44,142,271
02/24/2010,TUP,MS,ASO,CE,Federal Contract Tower,0,8,10,30,48,0,2,76,1,79,0,10,86,31,127,92,36,128,255
02/25/2010,TUP,MS,ASO,CE,Federal Contract Tower,0,4,9,22,35,0,2,75,2,79,0,6,84,24,114,114,30,144,258
02/26/2010,TUP,MS,ASO,CE,Federal Contract Tower,0,6,11,10,27,0,1,68,8,77,0,7,79,18,104,62,14,76,180
02/27/2010,TUP,MS,ASO,CE,Federal Contract Tower,0,3,5,0,8,0,3,59,0,62,0,6,64,0,70,62,0,62,132
02/28/2010,TUP,MS,ASO,CE,Federal Contract Tower,0,4,12,0,16,0,1,52,0,53,0,5,64,0,69,60,0,60,129
03/01/2010,TUP,MS,ASO,CE,Federal Contract Tower,0,5,13,31,49,0,2,48,4,54,0,7,61,35,103,50,10,60,163
03/02/2010,TUP,MS,ASO,CE,Federal Contract Tower,0,8,14,0,22,0,0,52,6,58,0,8,66,6,80,32,6,38,118
03/03/2010,TUP,MS,ASO,CE,Federal Contract Tower,0,5,9,20,34,0,3,74,3,80,0,8,83,23,114,88,28,116,230
03/04/2010,TUP,MS,ASO,CE,Federal Contract Tower,0,9,14,25,48,0,0,71,2,73,0,9,85,27,121,76,26,102,223
03/05/2010,TUP,MS,ASO,CE,Federal Contract Tower,0,6,22,20,48,0,1,69,21,91,0,7,91,41,139,70,34,104,243
03/06/2010,TUP,MS,ASO,CE,Federal Contract Tower,0,6,4,3,13,0,1,67,27,95,0,7,71,30,108,82,46,128,236
03/07/2010,TUP,MS,ASO,CE,Federal Contract Tower,0,4,13,7,24,0,0,69,13,82,0,4,82,20,106,72,18,90,196
03/08/2010,TUP,MS,ASO,CE,Federal Contract Tower,0,6,17,18,41,0,1,53,8,62,0,7,70,26,103,84,10,94,197
03/09/2010,TUP,MS,ASO,CE,Federal Contract Tower,0,4,13,19,36,0,0,44,2,46,0,4,57,21,82,22,8,30,112
03/10/2010,TUP,MS,ASO,CE,Federal Contract Tower,0,8,9,18,35,0,0,18,0,18,0,8,27,18,53,0,0,0,53
03/11/2010,TUP,MS,ASO,CE,Federal Contract Tower,0,3,15,21,39,0,2,73,3,78,0,5,88,24,117,134,30,164,281
03/12/2010,TUP,MS,ASO,CE,Federal Contract Tower,0,3,8,9,20,0,0,43,4,47,0,3,51,13,67,28,16,44,111
03/13/2010,TUP,MS,ASO,CE,Federal Contract Tower,0,6,6,0,12,0,0,46,4,50,0,6,52,4,62,42,8,50,112
03/14/2010,TUP,MS,ASO,CE,Federal Contract Tower,0,4,8,0,12,0,0,46,0,46,0,4,54,0,58,46,0,46,104
03/15/2010,TUP,MS,ASO,CE,Federal Contract Tower,0,4,21,28,53,0,3,55,2,60,0,7,76,30,113,52,4,56,169
03/16/2010,TUP,MS,ASO,CE,Federal Contract Tower,0,4,13,38,55,0,0,36,0,36,0,4,49,38,91,78,0,78,169
03/17/2010,TUP,MS,ASO,CE,Federal Contract Tower,0,4,21,40,65,0,1,46,0,47,0,5,67,40,112,56,0,56,168
03/18/2010,TUP,MS,ASO,CE,Federal Contract Tower,0,4,17,23,44,0,2,80,4,86,0,6,97,27,130,78,54,132,262
03/19/2010,TUP,MS,ASO,CE,Federal Contract Tower,0,4,4,10,18,0,0,70,8,78,0,4,74,18,96,56,24,80,176
03/20/2010,TUP,MS,ASO,CE,Federal Contract Tower,2,4,8,0,14,0,1,59,15,75,2,5,67,15,89,54,24,78,167
03/21/2010,TUP,MS,ASO,CE,Federal Contract Tower,0,4,8,0,12,0,0,38,0,38,0,4,46,0,50,0,0,0,50
03/22/2010,TUP,MS,ASO,CE,Federal Contract Tower,0,4,8,18,30,0,0,0,0,0,0,4,8,18,30,0,0,0,30
03/23/2010,TUP,MS,ASO,CE,Federal Contract Tower,0,4,10,27,41,0,2,81,11,94,0,6,91,38,135,80,46,126,261
03/24/2010,TUP,MS,ASO,CE,Federal Contract Tower,0,6,20,43,69,0,0,68,12,80,0,6,88,55,149,60,46,106,255
03/25/2010,TUP,MS,ASO,CE,Federal Contract Tower,0,4,8,2,14,0,1,37,0,38,0,5,45,2,52,24,2,26,78
03/26/2010,TUP,MS,ASO,CE,Federal Contract Tower,0,11,10,12,33,0,2,72,15,89,0,13,82,27,122,70,36,106,228
03/27/2010,TUP,MS,ASO,CE,Federal Contract Tower,0,5,4,0,9,0,1,56,1,58,0,6,60,1,67,56,0,56,123
03/28/2010,TUP,MS,ASO,CE,Federal Contract Tower,0,4,7,0,11,0,4,37,0,41,0,8,44,0,52,36,0,36,88
03/29/2010,TUP,MS,ASO,CE,Federal Contract Tower,0,6,9,25,40,0,3,53,3,59,0,9,62,28,99,64,6,70,169
03/30/2010,TUP,MS,ASO,CE,Federal Contract Tower,0,4,13,48,65,0,0,72,10,82,0,4,85,58,147,68,40,108,255
03/31/2010,TUP,MS,ASO,CE,Federal Contract Tower,0,11,12,42,65,0,0,45,6,51,0,11,57,48,116,82,64,146,262
04/01/2010,TUP,MS,ASO,CE,Federal Contract Tower,0,6,14,34,54,0,2,98,4,104,0,8,112,38,158,80,16,96,254
04/02/2010,TUP,MS,ASO,CE,Federal Contract Tower,0,7,14,18,39,0,0,73,4,77,0,7,87,22,116,60,24,84,200
04/03/2010,TUP,MS,ASO,CE,Federal Contract Tower,0,4,1,0,5,0,1,61,0,62,0,5,62,0,67,48,0,48,115
04/04/2010,TUP,MS,ASO,CE,Federal Contract Tower,0,4,8,4,16,0,0,60,2,62,0,4,68,6,78,62,4,66,144
04/05/2010,TUP,MS,ASO,CE,Federal Contract Tower,0,6,10,34,50,0,2,81,8,91,0,8,91,42,141,82,22,104,245
04/06/2010,TUP,MS,ASO,CE,Federal Contract Tower,0,6,13,42,61,0,1,84,5,90,0,7,97,47,151,66,36,102,253
04/07/2010,TUP,MS,ASO,CE,Federal Contract Tower,0,6,16,20,42,0,0,79,13,92,0,6,95,33,134,54,56,110,244
04/08/2010,TUP,MS,ASO,CE,Federal Contract Tower,0,4,18,14,36,0,0,73,13,86,0,4,91,27,122,72,42,114,236
04/09/2010,TUP,MS,ASO,CE,Federal Contract Tower,0,4,19,13,36,0,3,77,8,88,0,7,96,21,124,60,32,92,216
04/10/2010,TUP,MS,ASO,CE,Federal Contract Tower,0,4,6,3,13,0,3,82,1,86,0,7,88,4,99,42,0,42,141
04/11/2010,TUP,MS,ASO,CE,Federal Contract Tower,0,4,8,4,16,0,1,63,6,70,0,5,71,10,86,74,4,78,164
04/12/2010,TUP,MS,ASO,CE,Federal Contract Tower,0,4,9,44,57,0,2,71,8,81,0,6,80,52,138,88,26,114,252
04/13/2010,TUP,MS,ASO,CE,Federal Contract Tower,0,4,15,50,69,0,2,80,2,84,0,6,95,52,153,84,52,136,289
04/14/2010,TUP,MS,ASO,CE,Federal Contract Tower,0,4,10,44,58,0,0,83,11,94,0,4,93,55,152,90,90,180,332
04/15/2010,TUP,MS,ASO,CE,Federal Contract Tower,0,13,11,36,60,0,2,79,11,92,0,15,90,47,152,82,48,130,282
04/16/2010,TUP,MS,ASO,CE,Federal Contract Tower,0,6,12,19,37,0,0,71,17,88,0,6,83,36,125,64,52,116,241
04/17/2010,TUP,MS,ASO,CE,Federal Contract Tower,0,4,1,2,7,0,0,84,7,91,0,4,85,9,98,56,2,58,156
04/18/2010,TUP,MS,ASO,CE,Federal Contract Tower,2,4,19,15,40,0,0,66,7,73,2,4,85,22,113,82,22,104,217
04/19/2010,TUP,MS,ASO,CE,Federal Contract Tower,0,6,7,8,21,0,0,62,2,64,0,6,69,10,85,72,4,76,161
04/20/2010,TUP,MS,ASO,CE,Federal Contract Tower,0,10,16,30,56,0,0,77,4,81,0,10,93,34,137,76,34,110,247
04/21/2010,TUP,MS,ASO,CE,Federal Contract Tower,0,13,9,45,67,0,0,81,9,90,0,13,90,54,157,70,50,120,277
04/22/2010,TUP,MS,ASO,CE,Federal Contract Tower,0,6,11,29,46,0,1,80,0,81,0,7,91,29,127,52,48,100,227
04/23/2010,TUP,MS,ASO,CE,Federal Contract Tower,0,4,4,12,20,0,0,58,0,58,0,4,62,12,78,44,0,44,122
04/24/2010,TUP,MS,ASO,CE,Federal Contract Tower,0,4,0,0,4,0,2,21,5,28,0,6,21,5,32,16,0,16,48
04/25/2010,TUP,MS,ASO,CE,Federal Contract Tower,0,5,5,0,10,0,3,58,0,61,0,8,63,0,71,46,0,46,117
04/26/2010,TUP,MS,ASO,CE,Federal Contract Tower,0,6,14,0,20,0,2,51,17,70,0,8,65,17,90,48,42,90,180
04/27/2010,TUP,MS,ASO,CE,Federal Contract Tower,0,4,21,30,55,0,1,65,12,78,0,5,86,42,133,70,54,124,257
04/28/2010,TUP,MS,ASO,CE,Federal Contract Tower,0,19,19,14,52,0,2,76,7,85,0,21,95,21,137,80,44,124,261
04/29/2010,TUP,MS,ASO,CE,Federal Contract Tower,0,4,21,0,25,0,0,73,10,83,0,4,94,10,108,76,22,98,206
04/30/2010,TUP,MS,ASO,CE,Federal Contract Tower,0,4,8,0,12,0,1,27,2,30,0,5,35,2,42,32,8,40,82
05/01/2010,TUP,MS,ASO,CE,Federal Contract Tower,0,3,0,0,3,0,0,11,0,11,0,3,11,0,14,0,0,0,14
05/02/2010,TUP,MS,ASO,CE,Federal Contract Tower,0,6,1,0,7,0,0,1,0,1,0,6,2,0,8,0,0,0,8
05/03/2010,TUP,MS,ASO,CE,Federal Contract Tower,0,4,8,12,24,0,1,59,0,60,0,5,67,12,84,78,12,90,174
05/04/2010,TUP,MS,ASO,CE,Federal Contract Tower,0,4,10,13,27,0,2,76,3,81,0,6,86,16,108,98,14,112,220
05/05/2010,TUP,MS,ASO,CE,Federal Contract Tower,0,4,5,10,19,0,0,84,8,92,0,4,89,18,111,84,36,120,231
05/06/2010,TUP,MS,ASO,CE,Federal Contract Tower,0,4,20,32,56,0,0,76,2,78,0,4,96,34,134,74,40,114,248
05/07/2010,TUP,MS,ASO,CE,Federal Contract Tower,0,4,9,13,26,0,0,62,4,66,0,4,71,17,92,54,6,60,152
05/08/2010,TUP,MS,ASO,CE,Federal Contract Tower,0,4,5,0,9,0,0,68,0,68,0,4,73,0,77,54,0,54,131
05/09/2010,TUP,MS,ASO,CE,Federal Contract Tower,0,4,5,0,9,0,1,46,0,47,0,5,51,0,56,60,0,60,116
05/10/2010,TUP,MS,ASO,CE,Federal Contract Tower,0,4,13,0,17,0,0,0,1,1,0,4,13,1,18,0,0,0,18
05/11/2010,TUP,MS,ASO,CE,Federal Contract Tower,0,4,37,43,84,0,0,67,2,69,0,4,104,45,153,68,48,116,269
05/12/2010,TUP,MS,ASO,CE,Federal Contract Tower,0,10,9,14,33,0,0,81,0,81,0,10,90,14,114,72,24,96,210
05/13/2010,TUP,MS,ASO,CE,Federal Contract Tower,0,4,15,5,24,0,3,73,8,84,0,7,88,13,108,124,4,128,236
05/14/2010,TUP,MS,ASO,CE,Federal Contract Tower,0,6,8,1,15,0,1,72,6,79,0,7,80,7,94,48,14,62,156
05/15/2010,TUP,MS,ASO,CE,Federal Contract Tower,0,4,10,0,14,0,1,59,4,64,0,5,69,4,78,46,8,54,132
05/16/2010,TUP,MS,ASO,CE,Federal Contract Tower,0,4,2,2,8,0,0,51,0,51,0,4,53,2,59,52,6,58,117
05/17/2010,TUP,MS,ASO,CE,Federal Contract Tower,0,4,7,19,30,0,1,61,8,70,0,5,68,27,100,74,10,84,184
05/18/2010,TUP,MS,ASO,CE,Federal Contract Tower,0,4,9,17,30,0,1,84,2,87,0,5,93,19,117,68,32,100,217
05/19/2010,TUP,MS,ASO,CE,Federal Contract Tower,0,6,26,10,42,0,0,84,15,99,0,6,110,25,141,102,52,154,295
05/20/2010,TUP,MS,ASO,CE,Federal Contract Tower,0,4,10,6,20,0,0,42,5,47,0,4,52,11,67,20,4,24,91
05/21/2010,TUP,MS,ASO,CE,Federal Contract Tower,0,4,19,20,43,0,1,17,3,21,0,5,36,23,64,24,6,30,94
05/22/2010,TUP,MS,ASO,CE,Federal Contract Tower,0,4,10,0,14,0,1,32,0,33,0,5,42,0,47,48,0,48,95
05/23/2010,TUP,MS,ASO,CE,Federal Contract Tower,0,4,7,1,12,0,0,54,1,55,0,4,61,2,67,56,0,56,123
05/24/2010,TUP,MS,ASO,CE,Federal Contract Tower,0,6,9,18,33,0,4,55,6,65,0,10,64,24,98,68,12,80,178
05/25/2010,TUP,MS,ASO,CE,Federal Contract Tower,0,6,15,36,57,0,0,66,6,72,0,6,81,42,129,84,62,146,275
05/26/2010,TUP,MS,ASO,CE,Federal Contract Tower,0,6,16,26,48,0,0,72,11,83,0,6,88,37,131,86,22,108,239
05/27/2010,TUP,MS,ASO,CE,Federal Contract Tower,0,4,13,28,45,0,0,69,5,74,0,4,82,33,119,58,16,74,193
05/28/2010,TUP,MS,ASO,CE,Federal Contract Tower,0,6,11,8,25,0,1,69,1,71,0,7,80,9,96,50,18,68,164
05/29/2010,TUP,MS,ASO,CE,Federal Contract Tower,0,4,7,0,11,0,2,63,3,68,0,6,70,3,79,52,0,52,131
05/30/2010,TUP,MS,ASO,CE,Federal Contract Tower,0,4,13,0,17,0,3,31,0,34,0,7,44,0,51,46,0,46,97
05/31/2010,TUP,MS,ASO,CE,Federal Contract Tower,0,5,12,0,17,0,1,24,0,25,0,6,36,0,42,22,0,22,64
06/01/2010,TUP,MS,ASO,CE,Federal Contract Tower,0,4,11,8,23,0,0,50,3,53,0,4,61,11,76,22,28,50,126
06/02/2010,TUP,MS,ASO,CE,Federal Contract Tower,2,8,12,14,36,0,0,53,6,59,2,8,65,20,95,60,26,86,181
06/03/2010,TUP,MS,ASO,CE,Federal Contract Tower,0,4,5,19,28,0,0,74,11,85,0,4,79,30,113,54,40,94,207
06/04/2010,TUP,MS,ASO,CE,Federal Contract Tower,0,4,14,12,30,0,0,61,10,71,0,4,75,22,101,38,20,58,159
06/05/2010,TUP,MS,ASO,CE,Federal Contract Tower,0,4,11,0,15,0,1,44,0,45,0,5,55,0,60,44,0,44,104
06/06/2010,TUP,MS,ASO,CE,Federal Contract Tower,0,4,7,0,11,0,2,63,0,65,0,6,70,0,76,80,0,80,156
06/07/2010,TUP,MS,ASO,CE,Federal Contract Tower,2,4,7,56,69,0,0,77,5,82,2,4,84,61,151,102,0,102,253
06/08/2010,TUP,MS,ASO,CE,Federal Contract Tower,0,6,8,13,27,0,0,76,0,76,0,6,84,13,103,78,40,118,221
06/09/2010,TUP,MS,ASO,CE,Federal Contract Tower,0,4,13,18,35,0,0,61,2,63,0,4,74,20,98,58,38,96,194
06/10/2010,TUP,MS,ASO,CE,Federal Contract Tower,0,8,17,23,48,0,1,74,16,91,0,9,91,39,139,58,58,116,255
06/11/2010,TUP,MS,ASO,CE,Federal Contract Tower,0,6,7,17,30,0,1,72,8,81,0,7,79,25,111,46,18,64,175
06/12/2010,TUP,MS,ASO,CE,Federal Contract Tower,0,4,5,0,9,0,1,65,0,66,0,5,70,0,75,76,0,76,151
06/13/2010,TUP,MS,ASO,CE,Federal Contract Tower,0,6,15,0,21,0,1,53,0,54,0,7,68,0,75,78,0,78,153
06/14/2010,TUP,MS,ASO,CE,Federal Contract Tower,0,6,5,19,30,0,0,66,15,81,0,6,71,34,111,82,28,110,221
06/15/2010,TUP,MS,ASO,CE,Federal Contract Tower,0,6,8,39,53,0,0,60,10,70,0,6,68,49,123,72,54,126,249
06/16/2010,TUP,MS,ASO,CE,Federal Contract Tower,0,7,14,30,51,0,0,81,6,87,0,7,95,36,138,80,20,100,238
06/17/2010,TUP,MS,ASO,CE,Federal Contract Tower,0,11,22,29,62,0,0,71,7,78,0,11,93,36,140,74,48,122,262
06/18/2010,TUP,MS,ASO,CE,Federal Contract Tower,0,7,8,18,33,0,1,66,4,71,0,8,74,22,104,68,10,78,182
06/19/2010,TUP,MS,ASO,CE,Federal Contract Tower,0,4,11,0,15,0,0,69,0,69,0,4,80,0,84,68,0,68,152
06/20/2010,TUP,MS,ASO,CE,Federal Contract Tower,0,6,10,8,24,0,1,59,0,60,0,7,69,8,84,98,0,98,182
06/21/2010,TUP,MS,ASO,CE,Federal Contract Tower,0,6,10,22,38,0,1,83,20,104,0,7,93,42,142,74,18,92,234
06/22/2010,TUP,MS,ASO,CE,Federal Contract Tower,0,8,12,29,49,0,0,84,40,124,0,8,96,69,173,80,114,194,367
06/23/2010,TUP,MS,ASO,CE,Federal Contract Tower,0,10,16,24,50,0,0,75,34,109,0,10,91,58,159,94,104,198,357
06/24/2010,TUP,MS,ASO,CE,Federal Contract Tower,0,6,13,15,34,0,1,79,10,90,0,7,92,25,124,68,38,106,230
06/25/2010,TUP,MS,ASO,CE,Federal Contract Tower,0,6,8,0,14,0,0,59,4,63,0,6,67,4,77,88,0,88,165
06/26/2010,TUP,MS,ASO,CE,Federal Contract Tower,0,4,6,0,10,0,0,44,0,44,0,4,50,0,54,68,0,68,122
06/27/2010,TUP,MS,ASO,CE,Federal Contract Tower,0,6,11,0,17,0,3,51,0,54,0,9,62,0,71,90,0,90,161
06/28/2010,TUP,MS,ASO,CE,Federal Contract Tower,0,6,19,12,37,0,0,54,2,56,0,6,73,14,93,68,14,82,175
06/29/2010,TUP,MS,ASO,CE,Federal Contract Tower,0,9,11,12,32,0,0,43,27,70,0,9,54,39,102,76,122,198,300
06/30/2010,TUP,MS,ASO,CE,Federal Contract Tower,0,6,15,34,55,0,0,61,19,80,0,6,76,53,135,88,116,204,339
07/01/2010,TUP,MS,ASO,CE,Federal Contract Tower,0,6,15,12,33,0,0,69,18,87,0,6,84,30,120,104,74,178,298
07/02/2010,TUP,MS,ASO,CE,Federal Contract Tower,0,6,7,1,14,0,4,42,10,56,0,10,49,11,70,32,6,38,108
07/03/2010,TUP,MS,ASO,CE,Federal Contract Tower,0,4,6,0,10,0,0,56,0,56,0,4,62,0,66,84,0,84,150
07/04/2010,TUP,MS,ASO,CE,Federal Contract Tower,0,6,4,0,10,0,2,38,0,40,0,8,42,0,50,46,0,46,96
07/05/2010,TUP,MS,ASO,CE,Federal Contract Tower,0,6,9,0,15,0,0,52,0,52,0,6,61,0,67,58,0,58,125
07/06/2010,TUP,MS,ASO,CE,Federal Contract Tower,0,6,9,28,43,0,0,40,10,50,0,6,49,38,93,74,46,120,213
07/07/2010,TUP,MS,ASO,CE,Federal Contract Tower,0,6,16,35,57,0,0,75,17,92,0,6,91,52,149,90,60,150,299
07/08/2010,TUP,MS,ASO,CE,Federal Contract Tower,0,6,10,29,45,0,1,75,6,82,0,7,85,35,127,86,30,116,243
07/09/2010,TUP,MS,ASO,CE,Federal Contract Tower,0,7,6,9,22,0,0,57,22,79,0,7,63,31,101,54,30,84,185
07/10/2010,TUP,MS,ASO,CE,Federal Contract Tower,0,3,15,16,34,0,1,50,35,86,0,4,65,51,120,48,26,74,194
07/11/2010,TUP,MS,ASO,CE,Federal Contract Tower,0,6,7,4,17,0,0,56,13,69,0,6,63,17,86,90,2,92,178
07/12/2010,TUP,MS,ASO,CE,Federal Contract Tower,0,6,10,14,30,0,1,49,0,50,0,7,59,14,80,58,0,58,138
07/13/2010,TUP,MS,ASO,CE,Federal Contract Tower,0,9,6,9,24,0,0,57,3,60,0,9,63,12,84,58,28,86,170
07/14/2010,TUP,MS,ASO,CE,Federal Contract Tower,0,6,17,22,45,0,0,68,2,70,0,6,85,24,115,68,22,90,205
07/15/2010,TUP,MS,ASO,CE,Federal Contract Tower,0,6,15,24,45,0,0,69,7,76,0,6,84,31,121,58,34,92,213
07/16/2010,TUP,MS,ASO,CE,Federal Contract Tower,0,6,4,4,14,0,0,2,0,2,0,6,6,4,16,0,0,0,16
07/17/2010,TUP,MS,ASO,CE,Federal Contract Tower,0,4,12,0,16,0,0,30,0,30,0,4,42,0,46,24,0,24,70
07/18/2010,TUP,MS,ASO,CE,Federal Contract Tower,0,6,10,0,16,0,1,49,2,52,0,7,59,2,68,80,2,82,150
07/19/2010,TUP,MS,ASO,CE,Federal Contract Tower,0,6,9,26,41,0,0,58,8,66,0,6,67,34,107,106,16,122,229
07/20/2010,TUP,MS,ASO,CE,Federal Contract Tower,0,10,5,42,57,0,0,77,10,87,0,10,82,52,144,98,42,140,284
07/21/2010,TUP,MS,ASO,CE,Federal Contract Tower,0,6,32,14,52,0,0,72,8,80,0,6,104,22,132,72,30,102,234
07/22/2010,TUP,MS,ASO,CE,Federal Contract Tower,0,6,13,34,53,0,0,81,6,87,0,6,94,40,140,116,50,166,306
07/23/2010,TUP,MS,ASO,CE,Federal Contract Tower,0,6,7,20,33,0,0,75,4,79,0,6,82,24,112,80,28,108,220
07/24/2010,TUP,MS,ASO,CE,Federal Contract Tower,0,5,6,0,11,0,1,62,0,63,0,6,68,0,74,56,0,56,130
07/25/2010,TUP,MS,ASO,CE,Federal Contract Tower,0,6,2,6,14,0,2,59,2,63,0,8,61,8,77,52,4,56,133
07/26/2010,TUP,MS,ASO,CE,Federal Contract Tower,0,6,10,20,36,0,0,58,0,58,0,6,68,20,94,50,2,52,146
07/27/2010,TUP,MS,ASO,CE,Federal Contract Tower,0,6,9,7,22,0,0,69,5,74,0,6,78,12,96,68,20,88,184
07/28/2010,TUP,MS,ASO,CE,Federal Contract Tower,0,6,27,30,63,0,0,76,19,95,0,6,103,49,158,80,90,170,328
07/29/2010,TUP,MS,ASO,CE,Federal Contract Tower,0,6,11,12,29,0,0,66,16,82,0,6,77,28,111,66,12,78,189
07/30/2010,TUP,MS,ASO,CE,Federal Contract Tower,0,7,9,26,42,0,0,52,8,60,0,7,61,34,102,74,34,108,210
07/31/2010,TUP,MS,ASO,CE,Federal Contract Tower,0,5,6,13,24,0,0,64,5,69,0,5,70,18,93,52,26,78,171
08/01/2010,TUP,MS,ASO,CE,Federal Contract Tower,0,6,13,4,23,0,1,58,4,63,0,7,71,8,86,92,4,96,182
08/02/2010,TUP,MS,ASO,CE,Federal Contract Tower,0,6,3,22,31,0,0,54,4,58,0,6,57,26,89,70,0,70,159
08/03/2010,TUP,MS,ASO,CE,Federal Contract Tower,0,5,10,48,63,0,0,73,13,86,0,5,83,61,149,64,76,140,289
08/04/2010,TUP,MS,ASO,CE,Federal Contract Tower,0,6,18,27,51,0,0,73,9,82,0,6,91,36,133,106,50,156,289
08/05/2010,TUP,MS,ASO,CE,Federal Contract Tower,0,12,20,19,51,0,3,65,8,76,0,15,85,27,127,68,32,100,227
08/06/2010,TUP,MS,ASO,CE,Federal Contract Tower,0,7,15,18,40,0,0,55,10,65,0,7,70,28,105,64,32,96,201
08/07/2010,TUP,MS,ASO,CE,Federal Contract Tower,0,4,4,8,16,0,1,53,4,58,0,5,57,12,74,42,18,60,134
08/08/2010,TUP,MS,ASO,CE,Federal Contract Tower,0,6,8,12,26,0,1,66,24,91,0,7,74,36,117,98,8,106,223
08/09/2010,TUP,MS,ASO,CE,Federal Contract Tower,0,6,21,4,31,0,1,66,0,67,0,7,87,4,98,104,0,104,202
08/10/2010,TUP,MS,ASO,CE,Federal Contract Tower,0,8,21,33,62,0,2,81,1,84,0,10,102,34,146,108,40,148,294
08/11/2010,TUP,MS,ASO,CE,Federal Contract Tower,0,6,22,24,52,0,4,81,0,85,0,10,103,24,137,104,26,130,267
08/12/2010,TUP,MS,ASO,CE,Federal Contract Tower,0,8,7,18,33,0,3,82,2,87,0,11,89,20,120,70,24,94,214
08/13/2010,TUP,MS,ASO,CE,Federal Contract Tower,0,8,19,22,49,0,0,70,4,74,0,8,89,26,123,52,20,72,195
08/14/2010,TUP,MS,ASO,CE,Federal Contract Tower,0,4,4,0,8,0,0,74,0,74,0,4,78,0,82,52,0,52,134
08/15/2010,TUP,MS,ASO,CE,Federal Contract Tower,0,6,7,6,19,0,0,54,0,54,0,6,61,6,73,94,0,94,167
08/16/2010,TUP,MS,ASO,CE,Federal Contract Tower,0,5,4,16,25,0,0,66,0,66,0,5,70,16,91,66,0,66,157
08/17/2010,TUP,MS,ASO,CE,Federal Contract Tower,0,8,17,39,64,0,0,72,9,81,0,8,89,48,145,104,58,162,307
08/18/2010,TUP,MS,ASO,CE,Federal Contract Tower,0,6,22,25,53,0,0,33,0,33,0,6,55,25,86,12,8,20,106
08/19/2010,TUP,MS,ASO,CE,Federal Contract Tower,0,6,16,46,68,0,0,67,1,68,0,6,83,47,136,70,54,124,260
08/20/2010,TUP,MS,ASO,CE,Federal Contract Tower,0,10,19,22,51,0,1,78,4,83,0,11,97,26,134,78,28,106,240
08/21/2010,TUP,MS,ASO,CE,Federal Contract Tower,0,6,11,4,21,0,0,59,18,77,0,6,70,22,98,68,38,106,204
08/22/2010,TUP,MS,ASO,CE,Federal Contract Tower,0,6,18,0,24,0,1,64,0,65,0,7,82,0,89,80,0,80,169
08/23/2010,TUP,MS,ASO,CE,Federal Contract Tower,0,10,22,38,70,0,2,55,0,57,0,12,77,38,127,84,0,84,211
08/24/2010,TUP,MS,ASO,CE,Federal Contract Tower,0,8,19,17,44,0,2,70,2,74,0,10,89,19,118,108,28,136,254
08/25/2010,TUP,MS,ASO,CE,Federal Contract Tower,0,9,29,27,65,0,2,74,8,84,0,11,103,35,149,114,38,152,301
08/26/2010,TUP,MS,ASO,CE,Federal Contract Tower,0,12,21,13,46,0,1,65,6,72,0,13,86,19,118,60,16,76,194
08/27/2010,TUP,MS,ASO,CE,Federal Contract Tower,0,6,8,16,30,0,5,53,7,65,0,11,61,23,95,62,24,86,181
08/28/2010,TUP,MS,ASO,CE,Federal Contract Tower,0,6,11,0,17,0,0,50,3,53,0,6,61,3,70,58,0,58,128
08/29/2010,TUP,MS,ASO,CE,Federal Contract Tower,0,7,6,0,13,0,1,53,1,55,0,8,59,1,68,70,0,70,138
08/30/2010,TUP,MS,ASO,CE,Federal Contract Tower,0,6,12,26,44,0,0,50,5,55,0,6,62,31,99,56,0,56,155
08/31/2010,TUP,MS,ASO,CE,Federal Contract Tower,0,6,19,24,49,0,3,70,10,83,0,9,89,34,132,96,56,152,284
09/01/2010,TUP,MS,ASO,CE,Federal Contract Tower,0,8,8,24,40,0,6,81,0,87,0,14,89,24,127,104,34,138,265
09/02/2010,TUP,MS,ASO,CE,Federal Contract Tower,0,9,13,14,36,0,1,70,12,83,0,10,83,26,119,64,26,90,209
09/03/2010,TUP,MS,ASO,CE,Federal Contract Tower,0,7,14,23,44,0,1,54,2,57,0,8,68,25,101,76,34,110,211
09/04/2010,TUP,MS,ASO,CE,Federal Contract Tower,0,6,5,0,11,0,0,46,0,46,0,6,51,0,57,46,0,46,103
09/05/2010,TUP,MS,ASO,CE,Federal Contract Tower,0,6,7,0,13,0,0,55,0,55,0,6,62,0,68,66,0,66,134
09/06/2010,TUP,MS,ASO,CE,Federal Contract Tower,0,8,12,0,20,0,0,53,0,53,0,8,65,0,73,52,0,52,125
09/07/2010,TUP,MS,ASO,CE,Federal Contract Tower,0,6,6,20,32,0,0,46,11,57,0,6,52,31,89,58,58,116,205
09/08/2010,TUP,MS,ASO,CE,Federal Contract Tower,0,8,20,44,72,0,4,57,7,68,0,12,77,51,140,90,44,134,274
09/09/2010,TUP,MS,ASO,CE,Federal Contract Tower,0,8,19,23,50,0,5,78,11,94,0,13,97,34,144,92,48,140,284
09/10/2010,TUP,MS,ASO,CE,Federal Contract Tower,0,7,10,13,30,0,3,65,13,81,0,10,75,26,111,76,18,94,205
09/11/2010,TUP,MS,ASO,CE,Federal Contract Tower,0,2,5,0,7,0,0,54,4,58,0,2,59,4,65,52,0,52,117
09/12/2010,TUP,MS,ASO,CE,Federal Contract Tower,0,2,9,1,12,0,1,60,5,66,0,3,69,6,78,76,2,78,156
09/13/2010,TUP,MS,ASO,CE,Federal Contract Tower,0,7,14,37,58,0,5,66,7,78,0,12,80,44,136,94,24,118,254
09/14/2010,TUP,MS,ASO,CE,Federal Contract Tower,0,6,14,33,53,0,3,82,6,91,0,9,96,39,144,96,42,138,282
09/15/2010,TUP,MS,ASO,CE,Federal Contract Tower,0,4,11,39,54,0,4,73,3,80,0,8,84,42,134,108,64,172,306
09/16/2010,TUP,MS,ASO,CE,Federal Contract Tower,0,10,7,30,47,0,10,78,4,92,0,20,85,34,139,80,40,120,259
09/17/2010,TUP,MS,ASO,CE,Federal Contract Tower,0,11,10,29,50,0,5,65,3,73,0,16,75,32,123,56,38,94,217
09/18/2010,TUP,MS,ASO,CE,Federal Contract Tower,0,2,3,3,8,0,4,54,1,59,0,6,57,4,67,38,6,44,111
09/19/2010,TUP,MS,ASO,CE,Federal Contract Tower,0,4,12,6,22,0,0,51,0,51,0,4,63,6,73,66,0,66,139
09/20/2010,TUP,MS,ASO,CE,Federal Contract Tower,0,5,19,28,52,0,0,59,0,59,0,5,78,28,111,66,0,66,177
09/21/2010,TUP,MS,ASO,CE,Federal Contract Tower,0,6,24,30,60,0,0,61,5,66,0,6,85,35,126,80,40,120,246
09/22/2010,TUP,MS,ASO,CE,Federal Contract Tower,0,10,9,43,62,0,4,75,2,81,0,14,84,45,143,94,46,140,283
09/23/2010,TUP,MS,ASO,CE,Federal Contract Tower,0,10,11,32,53,0,1,65,22,88,0,11,76,54,141,64,94,158,299
09/24/2010,TUP,MS,ASO,CE,Federal Contract Tower,0,12,13,13,38,0,8,53,10,71,0,20,66,23,109,60,16,76,185
09/25/2010,TUP,MS,ASO,CE,Federal Contract Tower,0,4,7,4,15,0,2,24,0,26,0,6,31,4,41,24,0,24,65
09/26/2010,TUP,MS,ASO,CE,Federal Contract Tower,0,2,62,0,64,0,2,4,0,6,0,4,66,0,70,76,0,76,146
09/27/2010,TUP,MS,ASO,CE,Federal Contract Tower,0,6,16,32,54,0,1,53,2,56,0,7,69,34,110,74,32,106,216
09/28/2010,TUP,MS,ASO,CE,Federal Contract Tower,0,9,20,37,66,0,2,64,8,74,0,11,84,45,140,94,98,192,332
09/29/2010,TUP,MS,ASO,CE,Federal Contract Tower,0,9,23,38,70,0,2,69,16,87,0,11,92,54,157,110,80,190,347
09/30/2010,TUP,MS,ASO,CE,Federal Contract Tower,0,8,11,43,62,0,2,67,11,80,0,10,78,54,142,78,48,126,268
10/01/2010,TUP,MS,ASO,CE,Federal Contract Tower,2,7,22,34,65,0,0,49,3,52,2,7,71,37,117,56,36,92,209
10/02/2010,TUP,MS,ASO,CE,Federal Contract Tower,2,3,3,0,8,0,3,59,0,62,2,6,62,0,70,50,0,50,120
10/03/2010,TUP,MS,ASO,CE,Federal Contract Tower,0,2,13,2,17,0,2,62,2,66,0,4,75,4,83,62,0,62,145
10/04/2010,TUP,MS,ASO,CE,Federal Contract Tower,0,6,14,30,50,0,0,56,0,56,0,6,70,30,106,74,0,74,180
10/05/2010,TUP,MS,ASO,CE,Federal Contract Tower,0,4,21,21,46,0,0,60,8,68,0,4,81,29,114,74,40,114,228
10/06/2010,TUP,MS,ASO,CE,Federal Contract Tower,0,6,19,29,54,0,4,74,18,96,0,10,93,47,150,90,70,160,310
10/07/2010,TUP,MS,ASO,CE,Federal Contract Tower,0,8,15,15,38,0,4,68,6,78,0,12,83,21,116,70,46,116,232
10/08/2010,TUP,MS,ASO,CE,Federal Contract Tower,0,10,26,10,46,0,0,66,9,75,0,10,92,19,121,50,20,70,191
10/09/2010,TUP,MS,ASO,CE,Federal Contract Tower,0,2,7,0,9,0,1,52,16,69,0,3,59,16,78,46,6,52,130
10/10/2010,TUP,MS,ASO,CE,Federal Contract Tower,0,2,16,4,22,0,0,64,0,64,0,2,80,4,86,76,0,76,162
10/11/2010,TUP,MS,ASO,CE,Federal Contract Tower,0,8,15,0,23,0,0,66,0,66,0,8,81,0,89,70,0,70,159
10/12/2010,TUP,MS,ASO,CE,Federal Contract Tower,0,4,8,38,50,0,0,45,0,45,0,4,53,38,95,56,46,102,197
10/13/2010,TUP,MS,ASO,CE,Federal Contract Tower,0,6,17,20,43,0,0,44,8,52,0,6,61,28,95,58,54,112,207
10/14/2010,TUP,MS,ASO,CE,Federal Contract Tower,0,6,17,22,45,0,2,54,2,58,0,8,71,24,103,58,10,68,171
10/15/2010,TUP,MS,ASO,CE,Federal Contract Tower,0,10,16,34,60,0,0,67,7,74,0,10,83,41,134,74,38,112,246
10/16/2010,TUP,MS,ASO,CE,Federal Contract Tower,0,2,8,3,13,0,0,57,8,65,0,2,65,11,78,52,12,64,142
10/17/2010,TUP,MS,ASO,CE,Federal Contract Tower,0,2,7,8,17,0,1,51,0,52,0,3,58,8,69,52,0,52,121
10/18/2010,TUP,MS,ASO,CE,Federal Contract Tower,0,7,13,58,78,0,0,66,0,66,0,7,79,58,144,66,60,126,270
10/19/2010,TUP,MS,ASO,CE,Federal Contract Tower,0,4,21,31,56,0,0,54,9,63,0,4,75,40,119,58,78,136,255
10/20/2010,TUP,MS,ASO,CE,Federal Contract Tower,0,5,6,30,41,0,2,72,5,79,0,7,78,35,120,36,60,96,216
10/21/2010,TUP,MS,ASO,CE,Federal Contract Tower,0,7,13,38,58,0,4,63,14,81,0,11,76,52,139,68,78,146,285
10/22/2010,TUP,MS,ASO,CE,Federal Contract Tower,2,7,14,17,40,0,0,50,5,55,2,7,64,22,95,62,36,98,193
10/23/2010,TUP,MS,ASO,CE,Federal Contract Tower,2,2,6,0,10,0,0,45,2,47,2,2,51,2,57,42,0,42,99
10/24/2010,TUP,MS,ASO,CE,Federal Contract Tower,0,5,12,2,19,0,5,44,0,49,0,10,56,2,68,76,0,76,144
10/25/2010,TUP,MS,ASO,CE,Federal Contract Tower,0,6,16,48,70,0,1,35,0,36,0,7,51,48,106,26,0,26,132
10/26/2010,TUP,MS,ASO,CE,Federal Contract Tower,0,4,5,9,18,0,0,26,2,28,0,4,31,11,46,0,0,0,46
10/27/2010,TUP,MS,ASO,CE,Federal Contract Tower,0,6,24,48,78,0,1,57,16,74,0,7,81,64,152,84,54,138,290
10/28/2010,TUP,MS,ASO,CE,Federal Contract Tower,0,8,22,33,63,0,0,50,6,56,0,8,72,39,119,52,50,102,221
10/29/2010,TUP,MS,ASO,CE,Federal Contract Tower,2,6,16,28,52,0,4,47,4,55,2,10,63,32,107,40,42,82,189
10/30/2010,TUP,MS,ASO,CE,Federal Contract Tower,0,2,5,0,7,0,0,46,2,48,0,2,51,2,55,32,0,32,87
10/31/2010,TUP,MS,ASO,CE,Federal Contract Tower,0,2,6,1,9,0,0,70,0,70,0,2,76,1,79,54,0,54,133
11/01/2010,TUP,MS,ASO,CE,Federal Contract Tower,0,8,18,38,64,0,0,42,0,42,0,8,60,38,106,38,0,38,144
11/02/2010,TUP,MS,ASO,CE,Federal Contract Tower,0,5,11,6,22,0,0,6,0,6,0,5,17,6,28,0,0,0,28
11/03/2010,TUP,MS,ASO,CE,Federal Contract Tower,0,4,18,23,45,0,0,3,0,3,0,4,21,23,48,0,0,0,48
11/04/2010,TUP,MS,ASO,CE,Federal Contract Tower,0,6,26,56,88,0,0,58,6,64,0,6,84,62,152,56,64,120,272
11/05/2010,TUP,MS,ASO,CE,Federal Contract Tower,0,6,16,24,46,0,5,52,0,57,0,11,68,24,103,60,26,86,189
11/06/2010,TUP,MS,ASO,CE,Federal Contract Tower,0,3,5,0,8,0,1,57,0,58,0,4,62,0,66,52,0,52,118
11/07/2010,TUP,MS,ASO,CE,Federal Contract Tower,0,2,14,0,16,0,3,44,2,49,0,5,58,2,65,58,0,58,123
11/08/2010,TUP,MS,ASO,CE,Federal Contract Tower,0,6,11,16,33,0,7,42,8,57,0,13,53,24,90,44,0,44,134
11/09/2010,TUP,MS,ASO,CE,Federal Contract Tower,0,4,15,31,50,0,0,59,12,71,0,4,74,43,121,58,46,104,225
11/10/2010,TUP,MS,ASO,CE,Federal Contract Tower,0,4,9,35,48,0,3,59,4,66,0,7,68,39,114,56,34,90,204
11/11/2010,TUP,MS,ASO,CE,Federal Contract Tower,0,9,18,0,27,0,2,53,6,61,0,11,71,6,88,56,18,74,162
11/12/2010,TUP,MS,ASO,CE,Federal Contract Tower,2,8,19,25,54,0,0,53,4,57,2,8,72,29,111,54,22,76,187
11/13/2010,TUP,MS,ASO,CE,Federal Contract Tower,2,3,11,4,20,0,0,31,6,37,2,3,42,10,57,24,20,44,101
11/14/2010,TUP,MS,ASO,CE,Federal Contract Tower,0,2,5,5,12,0,7,44,1,52,0,9,49,6,64,46,0,46,110
11/15/2010,TUP,MS,ASO,CE,Federal Contract Tower,0,6,8,34,48,0,0,8,0,8,0,6,16,34,56,0,0,0,56
11/16/2010,TUP,MS,ASO,CE,Federal Contract Tower,0,4,8,13,25,0,0,7,4,11,0,4,15,17,36,0,4,4,40
11/17/2010,TUP,MS,ASO,CE,Federal Contract Tower,0,4,19,28,51,0,0,48,11,59,0,4,67,39,110,50,40,90,200
11/18/2010,TUP,MS,ASO,CE,Federal Contract Tower,0,8,24,36,68,0,1,49,3,53,0,9,73,39,121,32,44,76,197
11/19/2010,TUP,MS,ASO,CE,Federal Contract Tower,4,6,21,14,45,0,2,58,17,77,4,8,79,31,122,48,42,90,212
11/20/2010,TUP,MS,ASO,CE,Federal Contract Tower,2,2,1,4,9,0,2,53,12,67,2,4,54,16,76,56,36,92,168
11/21/2010,TUP,MS,ASO,CE,Federal Contract Tower,2,2,9,2,15,0,2,30,2,34,2,4,39,4,49,38,4,42,91
11/22/2010,TUP,MS,ASO,CE,Federal Contract Tower,0,12,11,7,30,0,12,23,7,42,0,24,34,14,72,62,4,66,138
11/23/2010,TUP,MS,ASO,CE,Federal Contract Tower,0,5,13,13,31,0,1,4,0,5,0,6,17,13,36,6,0,6,42
11/24/2010,TUP,MS,ASO,CE,Federal Contract Tower,0,8,8,16,32,0,0,14,0,14,0,8,22,16,46,10,0,10,56
11/25/2010,TUP,MS,ASO,CE,Federal Contract Tower,0,5,1,0,6,0,0,5,0,5,0,5,6,0,11,0,0,0,11
11/26/2010,TUP,MS,ASO,CE,Federal Contract Tower,0,6,5,0,11,0,1,35,0,36,0,7,40,0,47,34,0,34,81
11/27/2010,TUP,MS,ASO,CE,Federal Contract Tower,0,4,7,0,11,0,3,42,0,45,0,7,49,0,56,40,0,40,96
11/28/2010,TUP,MS,ASO,CE,Federal Contract Tower,0,4,2,0,6,0,2,58,0,60,0,6,60,0,66,94,0,94,160
11/29/2010,TUP,MS,ASO,CE,Federal Contract Tower,0,8,9,4,21,0,0,3,0,3,0,8,12,4,24,0,0,0,24
11/30/2010,TUP,MS,ASO,CE,Federal Contract Tower,0,5,6,15,26,0,0,9,0,9,0,5,15,15,35,0,4,4,39
12/01/2010,TUP,MS,ASO,CE,Federal Contract Tower,0,12,27,19,58,0,1,61,2,64,0,13,88,21,122,60,24,84,206
12/02/2010,TUP,MS,ASO,CE,Federal Contract Tower,0,6,9,12,27,0,1,54,10,65,0,7,63,22,92,36,16,52,144
12/03/2010,TUP,MS,ASO,CE,Federal Contract Tower,0,5,12,14,31,0,1,60,6,67,0,6,72,20,98,66,14,80,178
12/04/2010,TUP,MS,ASO,CE,Federal Contract Tower,0,2,4,0,6,0,5,48,4,57,0,7,52,4,63,36,4,40,103
12/05/2010,TUP,MS,ASO,CE,Federal Contract Tower,0,2,2,0,4,0,0,36,0,36,0,2,38,0,40,20,0,20,60
12/06/2010,TUP,MS,ASO,CE,Federal Contract Tower,0,11,7,37,55,0,3,36,5,44,0,14,43,42,99,40,14,54,153
12/07/2010,TUP,MS,ASO,CE,Federal Contract Tower,0,4,8,36,48,0,3,37,4,44,0,7,45,40,92,10,34,44,136
12/08/2010,TUP,MS,ASO,CE,Federal Contract Tower,0,6,15,56,77,0,5,59,6,70,0,11,74,62,147,40,46,86,233
12/09/2010,TUP,MS,ASO,CE,Federal Contract Tower,0,11,11,30,52,0,3,58,3,64,0,14,69,33,116,82,22,104,220
12/10/2010,TUP,MS,ASO,CE,Federal Contract Tower,0,6,13,14,33,0,4,56,10,70,0,10,69,24,103,30,26,56,159
12/11/2010,TUP,MS,ASO,CE,Federal Contract Tower,0,2,2,0,4,0,0,14,4,18,0,2,16,4,22,14,0,14,36
12/12/2010,TUP,MS,ASO,CE,Federal Contract Tower,0,3,4,0,7,0,2,1,0,3,0,5,5,0,10,0,0,0,10
12/13/2010,TUP,MS,ASO,CE,Federal Contract Tower,0,6,16,22,44,0,4,36,0,40,0,10,52,22,84,8,0,8,92
12/14/2010,TUP,MS,ASO,CE,Federal Contract Tower,0,4,21,25,50,0,2,49,7,58,0,6,70,32,108,62,38,100,208
12/15/2010,TUP,MS,ASO,CE,Federal Contract Tower,0,6,3,14,23,0,1,2,0,3,0,7,5,14,26,0,0,0,26
12/16/2010,TUP,MS,ASO,CE,Federal Contract Tower,0,6,38,8,52,0,0,9,1,10,0,6,47,9,62,0,0,0,62
12/17/2010,TUP,MS,ASO,CE,Federal Contract Tower,0,6,17,26,49,0,4,44,2,50,0,10,61,28,99,14,26,40,139
12/18/2010,TUP,MS,ASO,CE,Federal Contract Tower,0,2,7,0,9,0,2,39,0,41,0,4,46,0,50,34,0,34,84
12/19/2010,TUP,MS,ASO,CE,Federal Contract Tower,0,2,9,2,13,0,0,39,2,41,0,2,48,4,54,72,10,82,136
12/20/2010,TUP,MS,ASO,CE,Federal Contract Tower,0,6,5,32,43,0,12,18,11,41,0,18,23,43,84,0,6,6,90
12/21/2010,TUP,MS,ASO,CE,Federal Contract Tower,0,5,5,18,28,0,0,20,14,34,0,5,25,32,62,0,48,48,110
12/22/2010,TUP,MS,ASO,CE,Federal Contract Tower,0,4,12,10,26,0,0,44,16,60,0,4,56,26,86,30,30,60,146
12/23/2010,TUP,MS,ASO,CE,Federal Contract Tower,0,9,2,0,11,0,0,53,6,59,0,9,55,6,70,54,14,68,138
12/24/2010,TUP,MS,ASO,CE,Federal Contract Tower,0,10,4,0,14,0,0,28,0,28,0,10,32,0,42,4,0,4,46
12/25/2010,TUP,MS,ASO,CE,Federal Contract Tower,0,2,0,0,2,0,6,0,0,6,0,8,0,0,8,0,0,0,8
12/26/2010,TUP,MS,ASO,CE,Federal Contract Tower,0,3,1,0,4,0,1,14,0,15,0,4,15,0,19,0,0,0,19
12/27/2010,TUP,MS,ASO,CE,Federal Contract Tower,0,7,15,0,22,0,1,77,0,78,0,8,92,0,100,98,0,98,198
12/28/2010,TUP,MS,ASO,CE,Federal Contract Tower,0,7,6,0,13,0,3,40,1,44,0,10,46,1,57,30,0,30,87
12/29/2010,TUP,MS,ASO,CE,Federal Contract Tower,0,5,4,0,9,0,4,41,0,45,0,9,45,0,54,46,0,46,100
12/30/2010,TUP,MS,ASO,CE,Federal Contract Tower,0,5,18,0,23,0,4,47,0,51,0,9,65,0,74,12,0,12,86
12/31/2010,TUP,MS,ASO,CE,Federal Contract Tower,0,6,5,0,11,0,0,1,0,1,0,6,6,0,12,0,0,0,12
01/01/2011,TUP,MS,ASO,CE,Federal Contract Tower,0,3,5,0,8,0,6,25,0,31,0,9,30,0,39,14,0,14,53
01/02/2011,TUP,MS,ASO,CE,Federal Contract Tower,0,2,4,0,6,0,0,65,0,65,0,2,69,0,71,110,0,110,181
01/03/2011,TUP,MS,ASO,CE,Federal Contract Tower,0,5,12,0,17,0,4,25,0,29,0,9,37,0,46,24,0,24,70
01/04/2011,TUP,MS,ASO,CE,Federal Contract Tower,0,7,6,16,29,0,2,55,15,72,0,9,61,31,101,46,58,104,205
01/05/2011,TUP,MS,ASO,CE,Federal Contract Tower,0,4,15,3,22,0,0,4,0,4,0,4,19,3,26,0,0,0,26
01/06/2011,TUP,MS,ASO,CE,Federal Contract Tower,0,6,7,12,25,0,3,63,13,79,0,9,70,25,104,66,38,104,208
01/07/2011,TUP,MS,ASO,CE,Federal Contract Tower,0,7,9,11,27,0,1,68,0,69,0,8,77,11,96,18,10,28,124
01/08/2011,TUP,MS,ASO,CE,Federal Contract Tower,0,2,6,0,8,0,7,28,3,38,0,9,34,3,46,18,4,22,68
01/09/2011,TUP,MS,ASO,CE,Federal Contract Tower,0,5,3,0,8,0,3,12,0,15,0,8,15,0,23,56,0,56,79
01/10/2011,TUP,MS,ASO,CE,Federal Contract Tower,0,8,1,0,9,0,0,0,0,0,0,8,1,0,9,0,0,0,9
01/11/2011,TUP,MS,ASO,CE,Federal Contract Tower,0,3,5,4,12,0,2,11,2,15,0,5,16,6,27,0,0,0,27
01/12/2011,TUP,MS,ASO,CE,Federal Contract Tower,0,4,8,26,38,0,1,57,24,82,0,5,65,50,120,42,68,110,230
01/13/2011,TUP,MS,ASO,CE,Federal Contract Tower,0,6,2,10,18,0,7,61,8,76,0,13,63,18,94,72,18,90,184
01/14/2011,TUP,MS,ASO,CE,Federal Contract Tower,0,8,7,20,35,0,7,55,2,64,0,15,62,22,99,54,36,90,189
01/15/2011,TUP,MS,ASO,CE,Federal Contract Tower,0,2,4,0,6,0,4,41,2,47,0,6,45,2,53,36,0,36,89
01/16/2011,TUP,MS,ASO,CE,Federal Contract Tower,0,4,3,2,9,0,3,13,0,16,0,7,16,2,25,10,0,10,35
01/17/2011,TUP,MS,ASO,CE,Federal Contract Tower,0,7,13,0,20,0,1,10,0,11,0,8,23,0,31,0,0,0,31
01/18/2011,TUP,MS,ASO,CE,Federal Contract Tower,0,4,5,40,49,0,0,0,0,0,0,4,5,40,49,0,0,0,49
01/19/2011,TUP,MS,ASO,CE,Federal Contract Tower,0,6,6,23,35,0,0,49,16,65,0,6,55,39,100,38,70,108,208
01/20/2011,TUP,MS,ASO,CE,Federal Contract Tower,0,9,21,28,58,0,0,0,0,0,0,9,21,28,58,0,0,0,58
01/21/2011,TUP,MS,ASO,CE,Federal Contract Tower,0,6,20,20,46,0,8,47,16,71,0,14,67,36,117,52,22,74,191
01/22/2011,TUP,MS,ASO,CE,Federal Contract Tower,0,4,5,1,10,0,0,47,18,65,0,4,52,19,75,38,26,64,139
01/23/2011,TUP,MS,ASO,CE,Federal Contract Tower,0,2,6,0,8,0,2,50,8,60,0,4,56,8,68,72,0,72,140
01/24/2011,TUP,MS,ASO,CE,Federal Contract Tower,0,6,8,44,58,0,2,19,4,25,0,8,27,48,83,20,18,38,121
01/25/2011,TUP,MS,ASO,CE,Federal Contract Tower,0,6,1,0,7,0,0,0,0,0,0,6,1,0,7,0,0,0,7
01/26/2011,TUP,MS,ASO,CE,Federal Contract Tower,0,5,16,21,42,0,0,45,9,54,0,5,61,30,96,26,22,48,144
01/27/2011,TUP,MS,ASO,CE,Federal Contract Tower,0,8,9,30,47,0,17,55,1,73,0,25,64,31,120,62,38,100,220
01/28/2011,TUP,MS,ASO,CE,Federal Contract Tower,0,8,9,46,63,0,8,86,1,95,0,16,95,47,158,52,40,92,250
01/29/2011,TUP,MS,ASO,CE,Federal Contract Tower,0,4,1,15,20,0,9,84,1,94,0,13,85,16,114,78,16,94,208
01/30/2011,TUP,MS,ASO,CE,Federal Contract Tower,0,2,8,0,10,0,0,16,4,20,0,2,24,4,30,4,10,14,44
01/31/2011,TUP,MS,ASO,CE,Federal Contract Tower,2,6,12,18,38,0,0,0,0,0,2,6,12,18,38,0,0,0,38
02/01/2011,TUP,MS,ASO,CE,Federal Contract Tower,0,5,9,0,14,0,0,0,0,0,0,5,9,0,14,0,0,0,14
02/02/2011,TUP,MS,ASO,CE,Federal Contract Tower,0,6,17,20,43,0,3,45,23,71,0,9,62,43,114,34,64,98,212
02/03/2011,TUP,MS,ASO,CE,Federal Contract Tower,0,12,14,18,44,0,6,29,13,48,0,18,43,31,92,16,22,38,130
02/04/2011,TUP,MS,ASO,CE,Federal Contract Tower,0,7,6,4,17,0,0,0,0,0,0,7,6,4,17,0,0,0,17
02/05/2011,TUP,MS,ASO,CE,Federal Contract Tower,0,3,10,0,13,0,6,16,34,56,0,9,26,34,69,8,108,116,185
02/06/2011,TUP,MS,ASO,CE,Federal Contract Tower,0,3,7,0,10,0,1,45,13,59,0,4,52,13,69,56,28,84,153
02/07/2011,TUP,MS,ASO,CE,Federal Contract Tower,0,8,10,16,34,0,0,0,0,0,0,8,10,16,34,0,0,0,34
02/08/2011,TUP,MS,ASO,CE,Federal Contract Tower,0,4,18,22,44,0,1,43,12,56,0,5,61,34,100,36,40,76,176
02/09/2011,TUP,MS,ASO,CE,Federal Contract Tower,0,2,8,4,14,0,0,9,0,9,0,2,17,4,23,0,0,0,23
02/10/2011,TUP,MS,ASO,CE,Federal Contract Tower,0,4,14,6,24,0,12,23,0,35,0,16,37,6,59,0,8,8,67
02/11/2011,TUP,MS,ASO,CE,Federal Contract Tower,0,8,12,7,27,0,15,47,9,71,0,23,59,16,98,48,6,54,152
02/12/2011,TUP,MS,ASO,CE,Federal Contract Tower,0,4,3,6,13,0,16,50,0,66,0,20,53,6,79,72,4,76,155
02/13/2011,TUP,MS,ASO,CE,Federal Contract Tower,0,8,7,16,31,0,0,33,0,33,0,8,40,16,64,58,0,58,122
02/14/2011,TUP,MS,ASO,CE,Federal Contract Tower,0,10,13,30,53,0,7,48,2,57,0,17,61,32,110,50,0,50,160
02/15/2011,TUP,MS,ASO,CE,Federal Contract Tower,0,4,13,23,40,0,2,63,14,79,0,6,76,37,119,28,52,80,199
02/16/2011,TUP,MS,ASO,CE,Federal Contract Tower,0,6,25,19,50,0,0,65,7,72,0,6,90,26,122,52,28,80,202
02/17/2011,TUP,MS,ASO,CE,Federal Contract Tower,0,6,21,25,52,0,5,66,4,75,0,11,87,29,127,60,36,96,223
02/18/2011,TUP,MS,ASO,CE,Federal Contract Tower,0,12,22,24,58,0,9,65,4,78,0,21,87,28,136,56,22,78,214
02/19/2011,TUP,MS,ASO,CE,Federal Contract Tower,0,2,6,0,8,0,9,72,2,83,0,11,78,2,91,48,0,48,139
02/20/2011,TUP,MS,ASO,CE,Federal Contract Tower,0,4,16,0,20,0,0,35,0,35,0,4,51,0,55,56,0,56,111
02/21/2011,TUP,MS,ASO,CE,Federal Contract Tower,0,8,16,2,26,0,0,59,0,59,0,8,75,2,85,40,12,52,137
02/22/2011,TUP,MS,ASO,CE,Federal Contract Tower,0,4,10,22,36,0,6,62,11,79,0,10,72,33,115,52,58,110,225
02/23/2011,TUP,MS,ASO,CE,Federal Contract Tower,0,10,15,8,33,0,0,71,10,81,0,10,86,18,114,52,22,74,188
02/24/2011,TUP,MS,ASO,CE,Federal Contract Tower,0,7,11,16,34,0,7,10,2,19,0,14,21,18,53,0,8,8,61
02/25/2011,TUP,MS,ASO,CE,Federal Contract Tower,0,7,13,18,38,0,2,54,18,74,0,9,67,36,112,48,52,100,212
02/26/2011,TUP,MS,ASO,CE,Federal Contract Tower,0,2,7,0,9,0,2,48,33,83,0,4,55,33,92,56,62,118,210
02/27/2011,TUP,MS,ASO,CE,Federal Contract Tower,0,2,9,2,13,0,0,15,4,19,0,2,24,6,32,16,12,28,60
02/28/2011,TUP,MS,ASO,CE,Federal Contract Tower,0,8,9,20,37,0,3,19,4,26,0,11,28,24,63,8,0,8,71
03/01/2011,TUP,MS,ASO,CE,Federal Contract Tower,0,7,6,7,20,0,5,66,14,85,0,12,72,21,105,32,36,68,173
03/02/2011,TUP,MS,ASO,CE,Federal Contract Tower,0,4,17,30,51,0,0,58,6,64,0,4,75,36,115,62,42,104,219
03/03/2011,TUP,MS,ASO,CE,Federal Contract Tower,0,6,19,29,54,0,3,57,15,75,0,9,76,44,129,66,66,132,261
03/04/2011,TUP,MS,ASO,CE,Federal Contract Tower,0,6,9,20,35,0,1,28,2,31,0,7,37,22,66,32,0,32,98
03/05/2011,TUP,MS,ASO,CE,Federal Contract Tower,0,4,3,0,7,0,0,0,0,0,0,4,3,0,7,0,0,0,7
03/06/2011,TUP,MS,ASO,CE,Federal Contract Tower,0,2,5,0,7,0,2,27,6,35,0,4,32,6,42,34,0,34,76
03/07/2011,TUP,MS,ASO,CE,Federal Contract Tower,0,7,13,40,60,0,1,41,0,42,0,8,54,40,102,40,0,40,142
03/08/2011,TUP,MS,ASO,CE,Federal Contract Tower,0,6,10,0,16,0,4,4,4,12,0,10,14,4,28,0,0,0,28
03/09/2011,TUP,MS,ASO,CE,Federal Contract Tower,0,5,2,22,29,0,0,2,0,2,0,5,4,22,31,0,0,0,31
03/10/2011,TUP,MS,ASO,CE,Federal Contract Tower,0,8,18,11,37,0,2,28,19,49,0,10,46,30,86,38,56,94,180
03/11/2011,TUP,MS,ASO,CE,Federal Contract Tower,0,8,15,5,28,0,4,80,22,106,0,12,95,27,134,46,6,52,186
03/12/2011,TUP,MS,ASO,CE,Federal Contract Tower,0,2,6,0,8,0,3,69,0,72,0,5,75,0,80,72,0,72,152
03/13/2011,TUP,MS,ASO,CE,Federal Contract Tower,0,2,8,16,26,0,0,41,0,41,0,2,49,16,67,40,0,40,107
03/14/2011,TUP,MS,ASO,CE,Federal Contract Tower,0,8,24,6,38,0,0,13,2,15,0,8,37,8,53,8,0,8,61
03/15/2011,TUP,MS,ASO,CE,Federal Contract Tower,0,4,17,18,39,0,0,30,6,36,0,4,47,24,75,36,28,64,139
03/16/2011,TUP,MS,ASO,CE,Federal Contract Tower,0,6,20,18,44,0,2,57,0,59,0,8,77,18,103,70,36,106,209
03/17/2011,TUP,MS,ASO,CE,Federal Contract Tower,0,9,15,26,50,0,8,65,18,91,0,17,80,44,141,74,28,102,243
03/18/2011,TUP,MS,ASO,CE,Federal Contract Tower,0,7,11,12,30,0,11,55,9,75,0,18,66,21,105,46,26,72,177
03/19/2011,TUP,MS,ASO,CE,Federal Contract Tower,1,2,7,0,10,0,7,54,0,61,1,9,61,0,71,48,0,48,119
03/20/2011,TUP,MS,ASO,CE,Federal Contract Tower,0,2,10,0,12,0,2,37,0,39,0,4,47,0,51,56,0,56,107
03/21/2011,TUP,MS,ASO,CE,Federal Contract Tower,0,10,19,24,53,0,0,33,0,33,0,10,52,24,86,56,0,56,142
03/22/2011,TUP,MS,ASO,CE,Federal Contract Tower,0,3,9,36,48,0,11,43,10,64,0,14,52,46,112,58,18,76,188
03/23/2011,TUP,MS,ASO,CE,Federal Contract Tower,0,4,25,16,45,0,0,41,8,49,0,4,66,24,94,30,24,54,148
03/24/2011,TUP,MS,ASO,CE,Federal Contract Tower,0,10,12,34,56,0,8,77,1,86,0,18,89,35,142,38,50,88,230
03/25/2011,TUP,MS,ASO,CE,Federal Contract Tower,0,8,9,27,44,0,0,63,6,69,0,8,72,33,113,52,28,80,193
03/26/2011,TUP,MS,ASO,CE,Federal Contract Tower,0,1,7,0,8,0,1,6,0,7,0,2,13,0,15,4,0,4,19
03/27/2011,TUP,MS,ASO,CE,Federal Contract Tower,0,4,10,4,18,0,0,3,0,3,0,4,13,4,21,0,0,0,21
03/28/2011,TUP,MS,ASO,CE,Federal Contract Tower,0,11,34,26,71,0,9,16,26,51,0,20,50,52,122,24,12,36,158
03/29/2011,TUP,MS,ASO,CE,Federal Contract Tower,0,5,14,42,61,0,0,20,0,20,0,5,34,42,81,20,40,60,141
03/30/2011,TUP,MS,ASO,CE,Federal Contract Tower,0,11,13,21,45,0,0,7,2,9,0,11,20,23,54,0,34,34,88
03/31/2011,TUP,MS,ASO,CE,Federal Contract Tower,0,7,22,45,74,0,8,54,8,70,0,15,76,53,144,70,32,102,246
04/01/2011,TUP,MS,ASO,CE,Federal Contract Tower,0,7,19,22,48,0,2,73,0,75,0,9,92,22,123,36,28,64,187
04/02/2011,TUP,MS,ASO,CE,Federal Contract Tower,0,4,6,0,10,0,5,75,0,80,0,9,81,0,90,82,0,82,172
04/03/2011,TUP,MS,ASO,CE,Federal Contract Tower,0,2,6,23,31,0,2,28,0,30,0,4,34,23,61,0,0,0,61
04/04/2011,TUP,MS,ASO,CE,Federal Contract Tower,0,7,12,4,23,0,0,0,0,0,0,7,12,4,23,0,0,0,23
04/05/2011,TUP,MS,ASO,CE,Federal Contract Tower,0,4,10,17,31,0,0,66,6,72,0,4,76,23,103,40,42,82,185
04/06/2011,TUP,MS,ASO,CE,Federal Contract Tower,0,6,15,27,48,0,0,68,7,75,0,6,83,34,123,40,60,100,223
04/07/2011,TUP,MS,ASO,CE,Federal Contract Tower,0,6,17,30,53,0,7,73,2,82,0,13,90,32,135,66,40,106,241
04/08/2011,TUP,MS,ASO,CE,Federal Contract Tower,0,6,9,24,39,0,0,46,0,46,0,6,55,24,85,47,16,63,148
04/09/2011,TUP,MS,ASO,CE,Federal Contract Tower,0,2,16,0,18,0,0,49,0,49,0,2,65,0,67,54,0,54,121
04/10/2011,TUP,MS,ASO,CE,Federal Contract Tower,0,2,6,0,8,0,0,42,0,42,0,2,48,0,50,40,0,40,90
04/11/2011,TUP,MS,ASO,CE,Federal Contract Tower,0,10,3,22,35,0,13,0,4,17,0,23,3,26,52,0,0,0,52
04/12/2011,TUP,MS,ASO,CE,Federal Contract Tower,0,4,9,28,41,0,8,52,6,66,0,12,61,34,107,58,40,98,205
04/13/2011,TUP,MS,ASO,CE,Federal Contract Tower,0,6,5,25,36,0,0,72,0,72,0,6,77,25,108,54,32,86,194
04/14/2011,TUP,MS,ASO,CE,Federal Contract Tower,0,7,13,27,47,0,0,68,4,72,0,7,81,31,119,36,38,74,193
04/15/2011,TUP,MS,ASO,CE,Federal Contract Tower,0,8,6,0,14,0,0,7,0,7,0,8,13,0,21,0,0,0,21
04/16/2011,TUP,MS,ASO,CE,Federal Contract Tower,0,2,2,0,4,0,9,63,7,79,0,11,65,7,83,30,10,40,123
04/17/2011,TUP,MS,ASO,CE,Federal Contract Tower,0,2,7,0,9,0,14,83,0,97,0,16,90,0,106,90,0,90,196
04/18/2011,TUP,MS,ASO,CE,Federal Contract Tower,0,9,12,34,55,0,1,36,0,37,0,10,48,34,92,20,0,20,112
04/19/2011,TUP,MS,ASO,CE,Federal Contract Tower,0,4,26,21,51,0,0,57,5,62,0,4,83,26,113,48,40,88,201
04/20/2011,TUP,MS,ASO,CE,Federal Contract Tower,0,2,11,0,13,0,0,6,3,9,0,2,17,3,22,0,0,0,22
04/21/2011,TUP,MS,ASO,CE,Federal Contract Tower,0,18,16,0,34,0,0,0,0,0,0,18,16,0,34,0,0,0,34
04/22/2011,TUP,MS,ASO,CE,Federal Contract Tower,0,9,16,16,41,0,0,56,0,56,0,9,72,16,97,110,32,142,239
04/23/2011,TUP,MS,ASO,CE,Federal Contract Tower,0,4,3,0,7,0,7,47,0,54,0,11,50,0,61,40,0,40,101
04/24/2011,TUP,MS,ASO,CE,Federal Contract Tower,0,4,5,0,9,0,1,27,0,28,0,5,32,0,37,30,0,30,67
04/25/2011,TUP,MS,ASO,CE,Federal Contract Tower,0,6,23,22,51,0,12,27,0,39,0,18,50,22,90,28,0,28,118
04/26/2011,TUP,MS,ASO,CE,Federal Contract Tower,0,4,7,32,43,0,2,19,0,21,0,6,26,32,64,16,36,52,116
04/27/2011,TUP,MS,ASO,CE,Federal Contract Tower,0,9,7,6,22,0,0,4,0,4,0,9,11,6,26,0,0,0,26
04/28/2011,TUP,MS,ASO,CE,Federal Contract Tower,0,12,6,37,55,0,10,65,17,92,0,22,71,54,147,40,48,88,235
04/29/2011,TUP,MS,ASO,CE,Federal Contract Tower,0,8,17,28,53,0,4,61,3,68,0,12,78,31,121,54,46,100,221
04/30/2011,TUP,MS,ASO,CE,Federal Contract Tower,0,5,5,0,10,0,5,50,2,57,0,10,55,2,67,16,0,16,83
05/01/2011,TUP,MS,ASO,CE,Federal Contract Tower,0,9,9,10,28,0,0,27,2,29,0,9,36,12,57,14,0,14,71
05/02/2011,TUP,MS,ASO,CE,Federal Contract Tower,0,8,4,36,48,0,0,25,0,25,0,8,29,36,73,0,0,0,73
05/03/2011,TUP,MS,ASO,CE,Federal Contract Tower,0,4,14,18,36,0,1,19,13,33,0,5,33,31,69,12,58,70,139
05/04/2011,TUP,MS,ASO,CE,Federal Contract Tower,0,4,11,26,41,0,0,63,11,74,0,4,74,37,115,72,26,98,213
05/05/2011,TUP,MS,ASO,CE,Federal Contract Tower,0,10,25,16,51,0,1,63,12,76,0,11,88,28,127,82,30,112,239
05/06/2011,TUP,MS,ASO,CE,Federal Contract Tower,0,6,12,3,21,0,0,63,5,68,0,6,75,8,89,54,16,70,159
05/07/2011,TUP,MS,ASO,CE,Federal Contract Tower,0,2,10,0,12,0,10,39,0,49,0,12,49,0,61,36,0,36,97
05/08/2011,TUP,MS,ASO,CE,Federal Contract Tower,0,4,3,0,7,0,7,30,0,37,0,11,33,0,44,20,0,20,64
05/09/2011,TUP,MS,ASO,CE,Federal Contract Tower,0,9,16,11,36,0,3,43,2,48,0,12,59,13,84,44,2,46,130
05/10/2011,TUP,MS,ASO,CE,Federal Contract Tower,0,6,16,12,34,0,0,70,18,88,0,6,86,30,122,60,56,116,238
05/11/2011,TUP,MS,ASO,CE,Federal Contract Tower,0,4,9,15,28,0,2,70,29,101,0,6,79,44,129,80,76,156,285
05/12/2011,TUP,MS,ASO,CE,Federal Contract Tower,0,9,10,4,23,0,2,71,15,88,0,11,81,19,111,62,46,108,219
05/13/2011,TUP,MS,ASO,CE,Federal Contract Tower,0,8,7,0,15,0,5,25,6,36,0,13,32,6,51,8,4,12,63
05/14/2011,TUP,MS,ASO,CE,Federal Contract Tower,0,2,5,1,8,0,8,14,3,25,0,10,19,4,33,32,22,54,87
05/15/2011,TUP,MS,ASO,CE,Federal Contract Tower,0,2,5,0,7,0,33,6,0,39,0,35,11,0,46,64,12,76,122
05/16/2011,TUP,MS,ASO,CE,Federal Contract Tower,0,7,22,16,45,0,1,29,3,33,0,8,51,19,78,4,0,4,82
05/17/2011,TUP,MS,ASO,CE,Federal Contract Tower,0,4,14,8,26,0,8,40,4,52,0,12,54,12,78,38,22,60,138
05/18/2011,TUP,MS,ASO,CE,Federal Contract Tower,0,10,19,25,54,0,4,59,7,70,0,14,78,32,124,66,40,106,230
05/19/2011,TUP,MS,ASO,CE,Federal Contract Tower,0,11,16,10,37,0,4,60,7,71,0,15,76,17,108,38,34,72,180
05/20/2011,TUP,MS,ASO,CE,Federal Contract Tower,0,6,25,20,51,0,4,68,2,74,0,10,93,22,125,56,44,100,225
05/21/2011,TUP,MS,ASO,CE,Federal Contract Tower,0,2,7,0,9,0,7,31,11,49,0,9,38,11,58,42,6,48,106
05/22/2011,TUP,MS,ASO,CE,Federal Contract Tower,0,2,9,0,11,0,10,36,10,56,0,12,45,10,67,28,0,28,95
05/23/2011,TUP,MS,ASO,CE,Federal Contract Tower,0,8,18,36,62,0,8,51,4,63,0,16,69,40,125,50,0,50,175
05/24/2011,TUP,MS,ASO,CE,Federal Contract Tower,0,4,13,20,37,0,5,59,10,74,0,9,72,30,111,42,70,112,223
05/25/2011,TUP,MS,ASO,CE,Federal Contract Tower,0,4,19,7,30,0,0,39,18,57,0,4,58,25,87,44,30,74,161
05/26/2011,TUP,MS,ASO,CE,Federal Contract Tower,0,14,18,25,57,0,5,64,9,78,0,19,82,34,135,54,56,110,245
05/27/2011,TUP,MS,ASO,CE,Federal Contract Tower,0,6,17,0,23,0,4,63,0,67,0,10,80,0,90,56,0,56,146
05/28/2011,TUP,MS,ASO,CE,Federal Contract Tower,0,2,10,0,12,0,3,45,2,50,0,5,55,2,62,60,0,60,122
05/29/2011,TUP,MS,ASO,CE,Federal Contract Tower,0,2,8,0,10,0,8,36,0,44,0,10,44,0,54,52,0,52,106
05/30/2011,TUP,MS,ASO,CE,Federal Contract Tower,0,8,8,0,16,0,5,36,0,41,0,13,44,0,57,30,0,30,87
05/31/2011,TUP,MS,ASO,CE,Federal Contract Tower,0,4,15,23,42,0,1,31,1,33,0,5,46,24,75,18,0,18,93
06/01/2011,TUP,MS,ASO,CE,Federal Contract Tower,0,4,11,40,55,0,6,61,18,85,0,10,72,58,140,54,50,104,244
06/02/2011,TUP,MS,ASO,CE,Federal Contract Tower,0,10,16,6,32,0,6,64,24,94,0,16,80,30,126,50,82,132,258
06/03/2011,TUP,MS,ASO,CE,Federal Contract Tower,0,3,7,14,24,0,1,61,10,72,0,4,68,24,96,52,28,80,176
06/04/2011,TUP,MS,ASO,CE,Federal Contract Tower,0,2,5,0,7,0,2,58,5,65,0,4,63,5,72,40,0,40,112
06/05/2011,TUP,MS,ASO,CE,Federal Contract Tower,0,4,2,4,10,0,7,32,6,45,0,11,34,10,55,20,16,36,91
06/06/2011,TUP,MS,ASO,CE,Federal Contract Tower,2,6,16,46,70,0,9,38,38,85,2,15,54,84,155,52,0,52,207
06/07/2011,TUP,MS,ASO,CE,Federal Contract Tower,0,4,6,34,44,0,2,50,12,64,0,6,56,46,108,22,46,68,176
06/08/2011,TUP,MS,ASO,CE,Federal Contract Tower,0,5,7,22,34,0,2,45,6,53,0,7,52,28,87,46,26,72,159
06/09/2011,TUP,MS,ASO,CE,Federal Contract Tower,0,10,7,24,41,0,6,71,4,81,0,16,78,28,122,44,32,76,198
06/10/2011,TUP,MS,ASO,CE,Federal Contract Tower,0,7,21,39,67,0,12,74,2,88,0,19,95,41,155,72,38,110,265
06/11/2011,TUP,MS,ASO,CE,Federal Contract Tower,2,4,12,11,29,0,8,33,1,42,2,12,45,12,71,34,8,42,113
06/12/2011,TUP,MS,ASO,CE,Federal Contract Tower,0,4,16,3,23,0,10,53,0,63,0,14,69,3,86,54,14,68,154
06/13/2011,TUP,MS,ASO,CE,Federal Contract Tower,0,8,21,38,67,0,0,33,0,33,0,8,54,38,100,30,0,30,130
06/14/2011,TUP,MS,ASO,CE,Federal Contract Tower,0,4,19,39,62,0,0,57,14,71,0,4,76,53,133,48,40,88,221
06/15/2011,TUP,MS,ASO,CE,Federal Contract Tower,0,6,10,22,38,0,1,55,5,61,0,7,65,27,99,52,26,78,177
06/16/2011,TUP,MS,ASO,CE,Federal Contract Tower,0,6,27,10,43,0,7,39,8,54,0,13,66,18,97,66,16,82,179
06/17/2011,TUP,MS,ASO,CE,Federal Contract Tower,1,6,9,13,29,0,1,26,2,29,1,7,35,15,58,32,12,44,102
06/18/2011,TUP,MS,ASO,CE,Federal Contract Tower,0,2,15,0,17,0,2,49,0,51,0,4,64,0,68,52,0,52,120
06/19/2011,TUP,MS,ASO,CE,Federal Contract Tower,0,2,10,4,16,0,2,48,0,50,0,4,58,4,66,40,0,40,106
06/20/2011,TUP,MS,ASO,CE,Federal Contract Tower,0,6,17,32,55,0,8,47,12,67,0,14,64,44,122,36,6,42,164
06/21/2011,TUP,MS,ASO,CE,Federal Contract Tower,0,8,20,0,28,0,0,15,0,15,0,8,35,0,43,22,0,22,65
06/22/2011,TUP,MS,ASO,CE,Federal Contract Tower,0,4,13,38,55,0,0,10,2,12,0,4,23,40,67,6,8,14,81
06/23/2011,TUP,MS,ASO,CE,Federal Contract Tower,0,7,17,25,49,0,13,59,4,76,0,20,76,29,125,34,42,76,201
06/24/2011,TUP,MS,ASO,CE,Federal Contract Tower,0,6,6,20,32,0,3,58,15,76,0,9,64,35,108,28,34,62,170
06/25/2011,TUP,MS,ASO,CE,Federal Contract Tower,0,4,6,3,13,0,3,69,27,99,0,7,75,30,112,42,20,62,174
06/26/2011,TUP,MS,ASO,CE,Federal Contract Tower,0,2,11,9,22,0,2,62,9,73,0,4,73,18,95,70,0,70,165
06/27/2011,TUP,MS,ASO,CE,Federal Contract Tower,0,9,9,24,42,0,2,61,12,75,0,11,70,36,117,74,0,74,191
06/28/2011,TUP,MS,ASO,CE,Federal Contract Tower,0,5,6,17,28,0,0,38,0,38,0,5,44,17,66,42,18,60,126
06/29/2011,TUP,MS,ASO,CE,Federal Contract Tower,0,4,23,34,61,0,2,68,12,82,0,6,91,46,143,60,40,100,243
06/30/2011,TUP,MS,ASO,CE,Federal Contract Tower,0,9,17,28,54,0,11,70,0,81,0,20,87,28,135,64,30,94,229
07/01/2011,TUP,MS,ASO,CE,Federal Contract Tower,0,6,9,0,15,0,9,50,0,59,0,15,59,0,74,38,0,38,112
07/02/2011,TUP,MS,ASO,CE,Federal Contract Tower,0,2,6,0,8,0,6,55,0,61,0,8,61,0,69,48,0,48,117
07/03/2011,TUP,MS,ASO,CE,Federal Contract Tower,0,2,3,0,5,0,0,59,0,59,0,2,62,0,64,68,0,68,132
07/04/2011,TUP,MS,ASO,CE,Federal Contract Tower,0,8,3,0,11,0,8,21,0,29,0,16,24,0,40,0,0,0,40
07/05/2011,TUP,MS,ASO,CE,Federal Contract Tower,0,4,9,19,32,0,0,50,20,70,0,4,59,39,102,40,58,98,200
07/06/2011,TUP,MS,ASO,CE,Federal Contract Tower,0,5,16,40,61,0,4,53,7,64,0,9,69,47,125,36,46,82,207
07/07/2011,TUP,MS,ASO,CE,Federal Contract Tower,0,7,14,25,46,0,3,48,0,51,0,10,62,25,97,40,46,86,183
07/08/2011,TUP,MS,ASO,CE,Federal Contract Tower,0,6,9,31,46,0,7,63,14,84,0,13,72,45,130,62,24,86,216
07/09/2011,TUP,MS,ASO,CE,Federal Contract Tower,0,4,4,0,8,0,7,76,3,86,0,11,80,3,94,54,6,60,154
07/10/2011,TUP,MS,ASO,CE,Federal Contract Tower,0,2,16,12,30,0,12,44,2,58,0,14,60,14,88,58,38,96,184
07/11/2011,TUP,MS,ASO,CE,Federal Contract Tower,0,11,13,31,55,0,5,52,2,59,0,16,65,33,114,36,0,36,150
07/12/2011,TUP,MS,ASO,CE,Federal Contract Tower,0,8,7,15,30,0,2,58,9,69,0,10,65,24,99,46,16,62,161
07/13/2011,TUP,MS,ASO,CE,Federal Contract Tower,0,4,25,23,52,0,0,43,10,53,0,4,68,33,105,44,42,86,191
07/14/2011,TUP,MS,ASO,CE,Federal Contract Tower,0,9,14,30,53,0,8,78,4,90,0,17,92,34,143,52,44,96,239
07/15/2011,TUP,MS,ASO,CE,Federal Contract Tower,0,6,10,22,38,0,1,42,11,54,0,7,52,33,92,4,30,34,126
07/16/2011,TUP,MS,ASO,CE,Federal Contract Tower,0,2,4,0,6,0,0,30,2,32,0,2,34,2,38,28,4,32,70
07/17/2011,TUP,MS,ASO,CE,Federal Contract Tower,0,2,5,0,7,0,0,27,1,28,0,2,32,1,35,18,0,18,53
07/18/2011,TUP,MS,ASO,CE,Federal Contract Tower,0,6,11,28,45,0,4,70,2,76,0,10,81,30,121,92,0,92,213
07/19/2011,TUP,MS,ASO,CE,Federal Contract Tower,0,8,10,16,34,0,3,56,9,68,0,11,66,25,102,54,32,86,188
07/20/2011,TUP,MS,ASO,CE,Federal Contract Tower,0,4,7,14,25,0,1,48,7,56,0,5,55,21,81,72,24,96,177
07/21/2011,TUP,MS,ASO,CE,Federal Contract Tower,0,8,17,22,47,0,2,66,5,73,0,10,83,27,120,38,30,68,188
07/22/2011,TUP,MS,ASO,CE,Federal Contract Tower,0,8,4,1,13,0,9,65,2,76,0,17,69,3,89,60,0,60,149
07/23/2011,TUP,MS,ASO,CE,Federal Contract Tower,0,2,2,0,4,0,10,37,0,47,0,12,39,0,51,74,0,74,125
07/24/2011,TUP,MS,ASO,CE,Federal Contract Tower,0,2,7,0,9,0,3,44,0,47,0,5,51,0,56,80,0,80,136
07/25/2011,TUP,MS,ASO,CE,Federal Contract Tower,0,12,20,16,48,0,0,39,0,39,0,12,59,16,87,68,6,74,161
07/26/2011,TUP,MS,ASO,CE,Federal Contract Tower,0,6,15,8,29,0,4,64,17,85,0,10,79,25,114,68,36,104,218
07/27/2011,TUP,MS,ASO,CE,Federal Contract Tower,0,6,27,4,37,0,7,53,6,66,0,13,80,10,103,36,16,52,155
07/28/2011,TUP,MS,ASO,CE,Federal Contract Tower,0,8,18,34,60,0,10,57,12,79,0,18,75,46,139,46,48,94,233
07/29/2011,TUP,MS,ASO,CE,Federal Contract Tower,0,6,15,10,31,0,4,61,2,67,0,10,76,12,98,60,18,78,176
07/30/2011,TUP,MS,ASO,CE,Federal Contract Tower,0,1,9,0,10,0,2,63,3,68,0,3,72,3,78,72,0,72,150
07/31/2011,TUP,MS,ASO,CE,Federal Contract Tower,0,4,5,4,13,0,4,44,0,48,0,8,49,4,61,78,0,78,139
08/01/2011,TUP,MS,ASO,CE,Federal Contract Tower,0,8,16,26,50,0,0,29,0,29,0,8,45,26,79,56,0,56,135
08/02/2011,TUP,MS,ASO,CE,Federal Contract Tower,1,4,7,24,36,0,4,63,10,77,1,8,70,34,113,38,50,88,201
08/03/2011,TUP,MS,ASO,CE,Federal Contract Tower,0,4,8,12,24,0,3,51,5,59,0,7,59,17,83,40,14,54,137
08/04/2011,TUP,MS,ASO,CE,Federal Contract Tower,0,10,21,1,32,0,0,30,8,38,0,10,51,9,70,6,6,12,82
08/05/2011,TUP,MS,ASO,CE,Federal Contract Tower,0,6,6,0,12,0,6,14,0,20,0,12,20,0,32,0,0,0,32
08/06/2011,TUP,MS,ASO,CE,Federal Contract Tower,0,2,3,0,5,0,0,39,3,42,0,2,42,3,47,78,0,78,125
08/07/2011,TUP,MS,ASO,CE,Federal Contract Tower,0,2,10,0,12,0,3,44,0,47,0,5,54,0,59,72,0,72,131
08/08/2011,TUP,MS,ASO,CE,Federal Contract Tower,0,6,6,4,16,0,44,0,0,44,0,50,6,4,60,22,0,22,82
08/09/2011,TUP,MS,ASO,CE,Federal Contract Tower,0,4,16,24,44,0,3,39,3,45,0,7,55,27,89,58,38,96,185
08/10/2011,TUP,MS,ASO,CE,Federal Contract Tower,0,5,17,18,40,0,2,47,7,56,0,7,64,25,96,46,26,72,168
08/11/2011,TUP,MS,ASO,CE,Federal Contract Tower,0,9,15,14,38,0,1,67,8,76,0,10,82,22,114,50,36,86,200
08/12/2011,TUP,MS,ASO,CE,Federal Contract Tower,0,6,14,43,63,0,2,69,4,75,0,8,83,47,138,102,78,180,318
08/13/2011,TUP,MS,ASO,CE,Federal Contract Tower,0,3,7,1,11,0,6,48,0,54,0,9,55,1,65,78,0,78,143
08/14/2011,TUP,MS,ASO,CE,Federal Contract Tower,0,3,8,9,20,0,1,39,0,40,0,4,47,9,60,54,0,54,114
08/15/2011,TUP,MS,ASO,CE,Federal Contract Tower,0,7,14,20,41,0,7,67,0,74,0,14,81,20,115,76,0,76,191
08/16/2011,TUP,MS,ASO,CE,Federal Contract Tower,0,3,17,10,30,0,1,40,4,45,0,4,57,14,75,36,0,36,111
08/17/2011,TUP,MS,ASO,CE,Federal Contract Tower,0,8,27,18,53,0,0,74,0,74,0,8,101,18,127,36,24,60,187
08/18/2011,TUP,MS,ASO,CE,Federal Contract Tower,0,12,18,6,36,0,0,67,8,75,0,12,85,14,111,42,26,68,179
08/19/2011,TUP,MS,ASO,CE,Federal Contract Tower,0,9,27,9,45,0,2,41,0,43,0,11,68,9,88,38,4,42,130
08/20/2011,TUP,MS,ASO,CE,Federal Contract Tower,0,2,10,0,12,0,0,31,0,31,0,2,41,0,43,26,0,26,69
08/21/2011,TUP,MS,ASO,CE,Federal Contract Tower,0,5,16,8,29,0,9,50,0,59,0,14,66,8,88,76,0,76,164
08/22/2011,TUP,MS,ASO,CE,Federal Contract Tower,0,9,10,20,39,0,7,48,1,56,0,16,58,21,95,60,0,60,155
08/23/2011,TUP,MS,ASO,CE,Federal Contract Tower,0,6,15,17,38,0,0,49,6,55,0,6,64,23,93,52,40,92,185
08/24/2011,TUP,MS,ASO,CE,Federal Contract Tower,0,5,28,12,45,0,1,54,4,59,0,6,82,16,104,66,2,68,172
08/25/2011,TUP,MS,ASO,CE,Federal Contract Tower,0,7,16,10,33,0,3,45,22,70,0,10,61,32,103,64,34,98,201
08/26/2011,TUP,MS,ASO,CE,Federal Contract Tower,0,6,11,26,43,0,18,35,7,60,0,24,46,33,103,50,0,50,153
08/27/2011,TUP,MS,ASO,CE,Federal Contract Tower,0,2,8,0,10,0,1,36,0,37,0,3,44,0,47,78,0,78,125
08/28/2011,TUP,MS,ASO,CE,Federal Contract Tower,0,2,3,8,13,0,7,33,0,40,0,9,36,8,53,42,0,42,95
08/29/2011,TUP,MS,ASO,CE,Federal Contract Tower,0,7,9,13,29,0,8,49,3,60,0,15,58,16,89,58,0,58,147
08/30/2011,TUP,MS,ASO,CE,Federal Contract Tower,0,6,6,24,36,0,1,21,7,29,0,7,27,31,65,18,0,18,83
08/31/2011,TUP,MS,ASO,CE,Federal Contract Tower,0,4,17,24,45,0,8,46,4,58,0,12,63,28,103,92,0,92,195
09/01/2011,TUP,MS,ASO,CE,Federal Contract Tower,0,7,11,38,56,0,5,51,18,74,0,12,62,56,130,62,14,76,206
09/02/2011,TUP,MS,ASO,CE,Federal Contract Tower,2,5,9,9,25,0,5,49,3,57,2,10,58,12,82,58,6,64,146
09/03/2011,TUP,MS,ASO,CE,Federal Contract Tower,1,3,0,0,4,0,6,55,0,61,1,9,55,0,65,42,0,42,107
09/04/2011,TUP,MS,ASO,CE,Federal Contract Tower,0,2,1,0,3,0,1,1,0,2,0,3,2,0,5,0,0,0,5
09/05/2011,TUP,MS,ASO,CE,Federal Contract Tower,0,11,3,0,14,0,0,1,0,1,0,11,4,0,15,0,0,0,15
09/06/2011,TUP,MS,ASO,CE,Federal Contract Tower,0,6,8,13,27,0,1,37,1,39,0,7,45,14,66,14,26,40,106
09/07/2011,TUP,MS,ASO,CE,Federal Contract Tower,0,4,25,24,53,0,8,57,2,67,0,12,82,26,120,50,44,94,214
09/08/2011,TUP,MS,ASO,CE,Federal Contract Tower,0,8,16,14,38,0,4,66,13,83,0,12,82,27,121,40,52,92,213
09/09/2011,TUP,MS,ASO,CE,Federal Contract Tower,0,7,17,22,46,0,6,62,12,80,0,13,79,34,126,66,36,102,228
09/10/2011,TUP,MS,ASO,CE,Federal Contract Tower,0,2,9,5,16,0,10,59,14,83,0,12,68,19,99,60,22,82,181
09/11/2011,TUP,MS,ASO,CE,Federal Contract Tower,0,2,7,0,9,0,7,28,0,35,0,9,35,0,44,14,0,14,58
09/12/2011,TUP,MS,ASO,CE,Federal Contract Tower,0,9,14,42,65,0,10,60,1,71,0,19,74,43,136,74,6,80,216
09/13/2011,TUP,MS,ASO,CE,Federal Contract Tower,0,4,11,23,38,0,2,70,4,76,0,6,81,27,114,52,40,92,206
09/14/2011,TUP,MS,ASO,CE,Federal Contract Tower,3,6,16,20,45,0,4,45,10,59,3,10,61,30,104,58,36,94,198
09/15/2011,TUP,MS,ASO,CE,Federal Contract Tower,1,7,21,47,76,0,9,50,10,69,1,16,71,57,145,36,92,128,273
09/16/2011,TUP,MS,ASO,CE,Federal Contract Tower,1,7,14,4,26,0,6,56,18,80,1,13,70,22,106,58,30,88,194
09/17/2011,TUP,MS,ASO,CE,Federal Contract Tower,0,2,4,0,6,0,6,44,17,67,0,8,48,17,73,74,26,100,173
09/18/2011,TUP,MS,ASO,CE,Federal Contract Tower,0,2,7,1,10,0,0,36,4,40,0,2,43,5,50,46,0,46,96
09/19/2011,TUP,MS,ASO,CE,Federal Contract Tower,0,7,7,8,22,0,7,0,0,7,0,14,7,8,29,0,0,0,29
09/20/2011,TUP,MS,ASO,CE,Federal Contract Tower,0,3,4,13,20,0,0,34,2,36,0,3,38,15,56,28,18,46,102
09/21/2011,TUP,MS,ASO,CE,Federal Contract Tower,0,4,15,17,36,0,1,43,5,49,0,5,58,22,85,56,32,88,173
09/22/2011,TUP,MS,ASO,CE,Federal Contract Tower,0,10,12,20,42,0,0,69,5,74,0,10,81,25,116,56,40,96,212
09/23/2011,TUP,MS,ASO,CE,Federal Contract Tower,0,6,13,45,64,0,9,53,6,68,0,15,66,51,132,124,54,178,310
09/24/2011,TUP,MS,ASO,CE,Federal Contract Tower,2,6,5,0,13,0,0,57,1,58,2,6,62,1,71,64,0,64,135
09/25/2011,TUP,MS,ASO,CE,Federal Contract Tower,0,3,13,0,16,0,3,34,0,37,0,6,47,0,53,38,0,38,91
09/26/2011,TUP,MS,ASO,CE,Federal Contract Tower,0,5,12,27,44,0,1,27,2,30,0,6,39,29,74,50,0,50,124
09/27/2011,TUP,MS,ASO,CE,Federal Contract Tower,0,5,13,34,52,0,2,62,4,68,0,7,75,38,120,50,52,102,222
09/28/2011,TUP,MS,ASO,CE,Federal Contract Tower,1,4,20,10,35,0,6,42,0,48,1,10,62,10,83,58,20,78,161
09/29/2011,TUP,MS,ASO,CE,Federal Contract Tower,0,10,14,15,39,0,6,71,24,101,0,16,85,39,140,70,44,114,254
09/30/2011,TUP,MS,ASO,CE,Federal Contract Tower,1,7,14,14,36,0,1,41,4,46,1,8,55,18,82,62,34,96,178
10/01/2011,TUP,MS,ASO,CE,Federal Contract Tower,2,1,7,0,10,0,5,51,15,71,2,6,58,15,81,38,28,66,147
10/02/2011,TUP,MS,ASO,CE,Federal Contract Tower,0,6,12,4,22,0,3,41,14,58,0,9,53,18,80,50,44,94,174
10/03/2011,TUP,MS,ASO,CE,Federal Contract Tower,0,8,8,31,47,0,37,0,0,37,0,45,8,31,84,50,0,50,134
10/04/2011,TUP,MS,ASO,CE,Federal Contract Tower,2,4,12,25,43,0,4,52,6,62,2,8,64,31,105,36,48,84,189
10/05/2011,TUP,MS,ASO,CE,Federal Contract Tower,0,4,17,21,42,0,0,64,2,66,0,4,81,23,108,52,38,90,198
10/06/2011,TUP,MS,ASO,CE,Federal Contract Tower,0,10,18,19,47,0,5,60,26,91,0,15,78,45,138,60,72,132,270
10/07/2011,TUP,MS,ASO,CE,Federal Contract Tower,0,5,10,13,28,0,3,55,2,60,0,8,65,15,88,74,26,100,188
10/08/2011,TUP,MS,ASO,CE,Federal Contract Tower,0,2,2,0,4,0,6,55,1,62,0,8,57,1,66,62,8,70,136
10/09/2011,TUP,MS,ASO,CE,Federal Contract Tower,0,2,5,0,7,0,4,34,0,38,0,6,39,0,45,48,0,48,93
10/10/2011,TUP,MS,ASO,CE,Federal Contract Tower,0,11,6,0,17,0,1,25,0,26,0,12,31,0,43,34,0,34,77
10/11/2011,TUP,MS,ASO,CE,Federal Contract Tower,0,4,4,16,24,0,1,18,9,28,0,5,22,25,52,10,16,26,78
10/12/2011,TUP,MS,ASO,CE,Federal Contract Tower,0,4,19,23,46,0,0,15,3,18,0,4,34,26,64,16,22,38,102
10/13/2011,TUP,MS,ASO,CE,Federal Contract Tower,0,11,20,30,61,0,1,53,18,72,0,12,73,48,133,70,58,128,261
10/14/2011,TUP,MS,ASO,CE,Federal Contract Tower,2,8,5,24,39,0,5,66,29,100,2,13,71,53,139,56,74,130,269
10/15/2011,TUP,MS,ASO,CE,Federal Contract Tower,0,2,3,4,9,0,11,50,44,105,0,13,53,48,114,26,50,76,190
10/16/2011,TUP,MS,ASO,CE,Federal Contract Tower,0,2,16,5,23,0,5,36,25,66,0,7,52,30,89,40,64,104,193
10/17/2011,TUP,MS,ASO,CE,Federal Contract Tower,0,9,15,16,40,0,4,56,0,60,0,13,71,16,100,46,0,46,146
10/18/2011,TUP,MS,ASO,CE,Federal Contract Tower,1,6,4,34,45,1,8,26,39,74,2,14,30,73,119,8,4,12,131
10/19/2011,TUP,MS,ASO,CE,Federal Contract Tower,1,11,4,24,40,0,7,28,5,40,1,18,32,29,80,28,28,56,136
10/20/2011,TUP,MS,ASO,CE,Federal Contract Tower,1,11,10,17,39,0,11,49,29,89,1,22,59,46,128,18,62,80,208
10/21/2011,TUP,MS,ASO,CE,Federal Contract Tower,3,7,18,29,57,0,0,48,5,53,3,7,66,34,110,46,38,84,194
10/22/2011,TUP,MS,ASO,CE,Federal Contract Tower,2,2,9,0,13,0,1,33,0,34,2,3,42,0,47,42,0,42,89
10/23/2011,TUP,MS,ASO,CE,Federal Contract Tower,0,2,9,0,11,0,2,6,0,8,0,4,15,0,19,6,0,6,25
10/24/2011,TUP,MS,ASO,CE,Federal Contract Tower,0,4,12,35,51,0,2,19,1,22,0,6,31,36,73,18,6,24,97
10/25/2011,TUP,MS,ASO,CE,Federal Contract Tower,0,4,15,32,51,0,4,47,4,55,0,8,62,36,106,42,42,84,190
10/26/2011,TUP,MS,ASO,CE,Federal Contract Tower,0,8,20,35,63,0,1,41,3,45,0,9,61,38,108,38,54,92,200
10/27/2011,TUP,MS,ASO,CE,Federal Contract Tower,0,10,19,54,83,0,8,23,8,39,0,18,42,62,122,4,74,78,200
10/28/2011,TUP,MS,ASO,CE,Federal Contract Tower,0,5,6,16,27,0,5,31,2,38,0,10,37,18,65,32,30,62,127
10/29/2011,TUP,MS,ASO,CE,Federal Contract Tower,0,2,4,0,6,0,6,44,0,50,0,8,48,0,56,80,0,80,136
10/30/2011,TUP,MS,ASO,CE,Federal Contract Tower,0,2,12,6,20,0,1,25,0,26,0,3,37,6,46,24,0,24,70
10/31/2011,TUP,MS,ASO,CE,Federal Contract Tower,0,9,8,22,39,0,0,31,0,31,0,9,39,22,70,12,0,12,82
11/01/2011,TUP,MS,ASO,CE,Federal Contract Tower,0,7,23,42,72,0,4,37,26,67,0,11,60,68,139,20,74,94,233
11/02/2011,TUP,MS,ASO,CE,Federal Contract Tower,0,7,14,39,60,0,0,45,0,45,0,7,59,39,105,38,62,100,205
11/03/2011,TUP,MS,ASO,CE,Federal Contract Tower,0,14,5,13,32,0,6,43,5,54,0,20,48,18,86,24,32,56,142
11/04/2011,TUP,MS,ASO,CE,Federal Contract Tower,2,7,7,8,24,0,0,34,7,41,2,7,41,15,65,54,20,74,139
11/05/2011,TUP,MS,ASO,CE,Federal Contract Tower,2,6,11,2,21,0,1,37,4,42,2,7,48,6,63,72,6,78,141
11/06/2011,TUP,MS,ASO,CE,Federal Contract Tower,0,2,14,4,20,0,2,20,0,22,0,4,34,4,42,22,0,22,64
11/07/2011,TUP,MS,ASO,CE,Federal Contract Tower,0,8,13,16,37,0,3,36,1,40,0,11,49,17,77,24,0,24,101
11/08/2011,TUP,MS,ASO,CE,Federal Contract Tower,0,4,10,32,46,0,0,31,3,34,0,4,41,35,80,40,56,96,176
11/09/2011,TUP,MS,ASO,CE,Federal Contract Tower,0,6,22,20,48,0,0,30,1,31,0,6,52,21,79,22,38,60,139
11/10/2011,TUP,MS,ASO,CE,Federal Contract Tower,0,12,10,12,34,0,8,51,13,72,0,20,61,25,106,66,58,124,230
11/11/2011,TUP,MS,ASO,CE,Federal Contract Tower,0,8,10,0,18,0,0,40,1,41,0,8,50,1,59,38,0,38,97
11/12/2011,TUP,MS,ASO,CE,Federal Contract Tower,0,2,4,2,8,0,9,38,0,47,0,11,42,2,55,30,0,30,85
11/13/2011,TUP,MS,ASO,CE,Federal Contract Tower,0,3,6,0,9,0,1,14,0,15,0,4,20,0,24,14,0,14,38
11/14/2011,TUP,MS,ASO,CE,Federal Contract Tower,0,8,4,33,45,0,0,20,0,20,0,8,24,33,65,16,0,16,81
11/15/2011,TUP,MS,ASO,CE,Federal Contract Tower,1,4,17,10,32,0,0,42,1,43,1,4,59,11,75,12,20,32,107
11/16/2011,TUP,MS,ASO,CE,Federal Contract Tower,0,5,13,12,30,0,0,9,2,11,0,5,22,14,41,0,22,22,63
11/17/2011,TUP,MS,ASO,CE,Federal Contract Tower,0,8,25,17,50,0,3,55,2,60,0,11,80,19,110,36,30,66,176
11/18/2011,TUP,MS,ASO,CE,Federal Contract Tower,0,5,17,1,23,0,4,28,16,48,0,9,45,17,71,20,26,46,117
11/19/2011,TUP,MS,ASO,CE,Federal Contract Tower,1,2,12,6,21,0,1,33,11,45,1,3,45,17,66,44,22,66,132
11/20/2011,TUP,MS,ASO,CE,Federal Contract Tower,0,2,5,15,22,0,0,11,2,13,0,2,16,17,35,8,0,8,43
11/21/2011,TUP,MS,ASO,CE,Federal Contract Tower,0,8,4,12,24,0,10,0,0,10,0,18,4,12,34,0,0,0,34
11/22/2011,TUP,MS,ASO,CE,Federal Contract Tower,2,6,3,4,15,0,0,2,0,2,2,6,5,4,17,0,0,0,17
11/23/2011,TUP,MS,ASO,CE,Federal Contract Tower,0,6,11,14,31,0,0,27,6,33,0,6,38,20,64,36,12,48,112
11/24/2011,TUP,MS,ASO,CE,Federal Contract Tower,0,7,9,0,16,0,4,15,0,19,0,11,24,0,35,16,0,16,51
11/25/2011,TUP,MS,ASO,CE,Federal Contract Tower,0,8,8,0,16,0,3,40,0,43,0,11,48,0,59,44,0,44,103
11/26/2011,TUP,MS,ASO,CE,Federal Contract Tower,0,2,10,0,12,0,5,59,0,64,0,7,69,0,76,18,0,18,94
11/27/2011,TUP,MS,ASO,CE,Federal Contract Tower,0,2,13,0,15,0,0,8,0,8,0,2,21,0,23,0,0,0,23
11/28/2011,TUP,MS,ASO,CE,Federal Contract Tower,0,6,2,0,8,0,0,1,0,1,0,6,3,0,9,0,0,0,9
11/29/2011,TUP,MS,ASO,CE,Federal Contract Tower,0,3,2,0,5,0,0,4,0,4,0,3,6,0,9,0,0,0,9
11/30/2011,TUP,MS,ASO,CE,Federal Contract Tower,0,7,7,23,37,0,0,46,7,53,0,7,53,30,90,50,48,98,188
12/01/2011,TUP,MS,ASO,CE,Federal Contract Tower,0,12,10,34,56,0,7,51,29,87,0,19,61,63,143,60,90,150,293
12/02/2011,TUP,MS,ASO,CE,Federal Contract Tower,0,6,14,16,36,0,0,53,8,61,0,6,67,24,97,66,30,96,193
12/03/2011,TUP,MS,ASO,CE,Federal Contract Tower,0,2,9,4,15,0,1,55,0,56,0,3,64,4,71,58,4,62,133
12/04/2011,TUP,MS,ASO,CE,Federal Contract Tower,0,2,1,0,3,0,1,17,0,18,0,3,18,0,21,34,0,34,55
12/05/2011,TUP,MS,ASO,CE,Federal Contract Tower,0,5,10,8,23,0,1,1,2,4,0,6,11,10,27,0,0,0,27
12/06/2011,TUP,MS,ASO,CE,Federal Contract Tower,0,6,13,14,33,0,0,0,1,1,0,6,13,15,34,0,0,0,34
12/07/2011,TUP,MS,ASO,CE,Federal Contract Tower,0,4,9,2,15,0,6,6,0,12,0,10,15,2,27,0,0,0,27
12/08/2011,TUP,MS,ASO,CE,Federal Contract Tower,0,7,21,18,46,0,3,46,18,67,0,10,67,36,113,72,46,118,231
12/09/2011,TUP,MS,ASO,CE,Federal Contract Tower,0,6,12,12,30,0,1,50,6,57,0,7,62,18,87,80,32,112,199
12/10/2011,TUP,MS,ASO,CE,Federal Contract Tower,0,2,6,3,11,0,0,44,14,58,0,2,50,17,69,66,28,94,163
12/11/2011,TUP,MS,ASO,CE,Federal Contract Tower,0,2,3,12,17,0,7,48,3,58,0,9,51,15,75,86,6,92,167
12/12/2011,TUP,MS,ASO,CE,Federal Contract Tower,0,8,10,40,58,0,3,34,4,41,0,11,44,44,99,48,0,48,147
12/13/2011,TUP,MS,ASO,CE,Federal Contract Tower,0,10,17,22,49,0,0,23,2,25,0,10,40,24,74,52,26,78,152
12/14/2011,TUP,MS,ASO,CE,Federal Contract Tower,0,6,22,17,45,0,0,40,6,46,0,6,62,23,91,84,32,116,207
12/15/2011,TUP,MS,ASO,CE,Federal Contract Tower,0,8,17,25,50,0,0,11,0,11,0,8,28,25,61,0,0,0,61
12/16/2011,TUP,MS,ASO,CE,Federal Contract Tower,0,6,3,12,21,0,2,8,0,10,0,8,11,12,31,0,0,0,31
12/17/2011,TUP,MS,ASO,CE,Federal Contract Tower,0,2,6,0,8,0,2,36,2,40,0,4,42,2,48,46,0,46,94
12/18/2011,TUP,MS,ASO,CE,Federal Contract Tower,0,3,11,11,25,0,4,35,0,39,0,7,46,11,64,62,0,62,126
12/19/2011,TUP,MS,ASO,CE,Federal Contract Tower,0,6,9,16,31,0,5,28,16,49,0,11,37,32,80,40,24,64,144
12/20/2011,TUP,MS,ASO,CE,Federal Contract Tower,0,4,9,16,29,0,0,2,0,2,0,4,11,16,31,0,0,0,31
12/21/2011,TUP,MS,ASO,CE,Federal Contract Tower,0,6,10,30,46,0,0,27,4,31,0,6,37,34,77,48,38,86,163
12/22/2011,TUP,MS,ASO,CE,Federal Contract Tower,0,6,2,0,8,0,0,2,0,2,0,6,4,0,10,24,0,24,34
12/23/2011,TUP,MS,ASO,CE,Federal Contract Tower,0,6,6,0,12,0,0,17,0,17,0,6,23,0,29,10,0,10,39
12/24/2011,TUP,MS,ASO,CE,Federal Contract Tower,0,2,2,0,4,0,5,24,0,29,0,7,26,0,33,32,0,32,65
12/25/2011,TUP,MS,ASO,CE,Federal Contract Tower,0,2,2,0,4,0,0,7,0,7,0,2,9,0,11,0,0,0,11
12/26/2011,TUP,MS,ASO,CE,Federal Contract Tower,0,13,7,0,20,0,0,3,0,3,0,13,10,0,23,12,0,12,35
12/27/2011,TUP,MS,ASO,CE,Federal Contract Tower,0,6,4,0,10,0,2,27,0,29,0,8,31,0,39,70,0,70,109
12/28/2011,TUP,MS,ASO,CE,Federal Contract Tower,0,6,4,2,12,0,0,46,2,48,0,6,50,4,60,54,10,64,124
12/29/2011,TUP,MS,ASO,CE,Federal Contract Tower,0,8,15,0,23,0,3,47,0,50,0,11,62,0,73,58,0,58,131
12/30/2011,TUP,MS,ASO,CE,Federal Contract Tower,0,25,52,0,77,0,18,45,0,63,0,43,97,0,140,56,0,56,196
12/31/2011,TUP,MS,ASO,CE,Federal Contract Tower,0,2,7,2,11,0,3,37,3,43,0,5,44,5,54,39,8,47,101
01/01/2012,TUP,MS,ASO,CE,Federal Contract Tower,0,9,8,0,17,0,0,20,0,20,0,9,28,0,37,22,0,22,59
01/02/2012,TUP,MS,ASO,CE,Federal Contract Tower,0,6,12,0,18,0,1,13,0,14,0,7,25,0,32,0,0,0,32
01/03/2012,TUP,MS,ASO,CE,Federal Contract Tower,0,8,6,9,23,0,6,43,6,55,0,14,49,15,78,46,14,60,138
01/04/2012,TUP,MS,ASO,CE,Federal Contract Tower,0,6,19,26,51,0,2,40,10,52,0,8,59,36,103,58,10,68,171
01/05/2012,TUP,MS,ASO,CE,Federal Contract Tower,0,4,11,22,37,0,1,46,37,84,0,5,57,59,121,54,40,94,215
01/06/2012,TUP,MS,ASO,CE,Federal Contract Tower,0,6,9,18,33,0,10,45,12,67,0,16,54,30,100,54,32,86,186
01/07/2012,TUP,MS,ASO,CE,Federal Contract Tower,0,2,8,0,10,0,4,9,0,13,0,6,17,0,23,16,10,26,49
01/08/2012,TUP,MS,ASO,CE,Federal Contract Tower,0,2,6,10,18,0,0,0,0,0,0,2,6,10,18,0,0,0,18
01/09/2012,TUP,MS,ASO,CE,Federal Contract Tower,0,7,11,20,38,0,0,0,0,0,0,7,11,20,38,0,0,0,38
01/10/2012,TUP,MS,ASO,CE,Federal Contract Tower,0,6,9,12,27,0,0,0,0,0,0,6,9,12,27,0,0,0,27
01/11/2012,TUP,MS,ASO,CE,Federal Contract Tower,0,4,9,36,49,0,0,5,3,8,0,4,14,39,57,0,4,4,61
01/12/2012,TUP,MS,ASO,CE,Federal Contract Tower,0,6,9,39,54,0,0,20,23,43,0,6,29,62,97,8,64,72,169
01/13/2012,TUP,MS,ASO,CE,Federal Contract Tower,0,6,16,18,40,0,2,35,29,66,0,8,51,47,106,46,46,92,198
01/14/2012,TUP,MS,ASO,CE,Federal Contract Tower,0,2,5,0,7,0,5,51,0,56,0,7,56,0,63,52,0,52,115
01/15/2012,TUP,MS,ASO,CE,Federal Contract Tower,0,2,12,0,14,0,0,31,2,33,0,2,43,2,47,50,0,50,97
01/16/2012,TUP,MS,ASO,CE,Federal Contract Tower,0,5,7,0,12,0,0,4,0,4,0,5,11,0,16,0,0,0,16
01/17/2012,TUP,MS,ASO,CE,Federal Contract Tower,0,7,4,12,23,0,0,9,0,9,0,7,13,12,32,20,0,20,52
01/18/2012,TUP,MS,ASO,CE,Federal Contract Tower,0,6,17,50,73,0,0,56,32,88,0,6,73,82,161,114,74,188,349
01/19/2012,TUP,MS,ASO,CE,Federal Contract Tower,0,5,7,20,32,0,1,51,43,95,0,6,58,63,127,88,70,158,285
01/20/2012,TUP,MS,ASO,CE,Federal Contract Tower,0,4,10,39,53,0,8,22,15,45,0,12,32,54,98,8,28,36,134
01/21/2012,TUP,MS,ASO,CE,Federal Contract Tower,0,1,8,17,26,0,0,0,0,0,0,1,8,17,26,0,0,0,26
01/22/2012,TUP,MS,ASO,CE,Federal Contract Tower,0,2,4,6,12,0,0,0,0,0,0,2,4,6,12,0,0,0,12
01/23/2012,TUP,MS,ASO,CE,Federal Contract Tower,0,8,10,24,42,0,1,36,1,38,0,9,46,25,80,48,0,48,128
01/24/2012,TUP,MS,ASO,CE,Federal Contract Tower,1,5,17,9,32,0,3,49,13,65,1,8,66,22,97,86,36,122,219
01/25/2012,TUP,MS,ASO,CE,Federal Contract Tower,0,5,9,0,14,0,0,25,6,31,0,5,34,6,45,28,0,28,73
01/26/2012,TUP,MS,ASO,CE,Federal Contract Tower,4,7,8,6,25,0,0,3,5,8,4,7,11,11,33,0,12,12,45
01/27/2012,TUP,MS,ASO,CE,Federal Contract Tower,0,4,13,21,38,0,6,47,39,92,0,10,60,60,130,62,30,92,222
01/28/2012,TUP,MS,ASO,CE,Federal Contract Tower,0,2,7,2,11,0,0,23,0,23,0,2,30,2,34,26,0,26,60
01/29/2012,TUP,MS,ASO,CE,Federal Contract Tower,0,2,10,4,16,0,2,33,0,35,0,4,43,4,51,52,0,52,103
01/30/2012,TUP,MS,ASO,CE,Federal Contract Tower,0,5,6,8,19,0,4,40,6,50,0,9,46,14,69,48,0,48,117
01/31/2012,TUP,MS,ASO,CE,Federal Contract Tower,0,4,15,6,25,0,0,27,4,31,0,4,42,10,56,42,20,62,118
02/01/2012,TUP,MS,ASO,CE,Federal Contract Tower,0,4,12,22,38,0,0,13,4,17,0,4,25,26,55,16,2,18,73
02/02/2012,TUP,MS,ASO,CE,Federal Contract Tower,0,5,19,17,41,0,0,45,15,60,0,5,64,32,101,50,62,112,213
02/03/2012,TUP,MS,ASO,CE,Federal Contract Tower,0,4,9,12,25,0,0,11,5,16,0,4,20,17,41,36,44,80,121
02/04/2012,TUP,MS,ASO,CE,Federal Contract Tower,0,3,4,0,7,0,0,0,0,0,0,3,4,0,7,0,0,0,7
02/05/2012,TUP,MS,ASO,CE,Federal Contract Tower,0,2,9,10,21,0,4,23,11,38,0,6,32,21,59,60,6,66,125
02/06/2012,TUP,MS,ASO,CE,Federal Contract Tower,0,7,9,26,42,0,1,25,2,28,0,8,34,28,70,24,0,24,94
02/07/2012,TUP,MS,ASO,CE,Federal Contract Tower,0,4,22,26,52,0,0,35,7,42,0,4,57,33,94,34,20,54,148
02/08/2012,TUP,MS,ASO,CE,Federal Contract Tower,0,4,15,28,47,0,0,39,3,42,0,4,54,31,89,52,50,102,191
02/09/2012,TUP,MS,ASO,CE,Federal Contract Tower,0,6,20,14,40,0,8,45,37,90,0,14,65,51,130,90,112,202,332
02/10/2012,TUP,MS,ASO,CE,Federal Contract Tower,0,4,10,24,38,0,1,17,21,39,0,5,27,45,77,38,46,84,161
02/11/2012,TUP,MS,ASO,CE,Federal Contract Tower,0,2,4,6,12,0,8,15,6,29,0,10,19,12,41,16,18,34,75
02/12/2012,TUP,MS,ASO,CE,Federal Contract Tower,0,2,3,4,9,0,0,36,3,39,0,2,39,7,48,48,0,48,96
02/13/2012,TUP,MS,ASO,CE,Federal Contract Tower,0,6,5,16,27,0,3,24,8,35,0,9,29,24,62,30,6,36,98
02/14/2012,TUP,MS,ASO,CE,Federal Contract Tower,0,4,1,20,25,0,0,5,4,9,0,4,6,24,34,0,12,12,46
02/15/2012,TUP,MS,ASO,CE,Federal Contract Tower,0,8,12,13,33,0,4,31,21,56,0,12,43,34,89,22,54,76,165
02/16/2012,TUP,MS,ASO,CE,Federal Contract Tower,0,13,33,35,81,0,4,62,17,83,0,17,95,52,164,24,58,82,246
02/17/2012,TUP,MS,ASO,CE,Federal Contract Tower,0,5,16,4,25,0,6,47,2,55,0,11,63,6,80,58,8,66,146
02/18/2012,TUP,MS,ASO,CE,Federal Contract Tower,0,2,4,0,6,0,5,41,0,46,0,7,45,0,52,74,0,74,126
02/19/2012,TUP,MS,ASO,CE,Federal Contract Tower,0,2,5,0,7,0,1,25,0,26,0,3,30,0,33,48,0,48,81
02/20/2012,TUP,MS,ASO,CE,Federal Contract Tower,0,7,10,0,17,0,0,24,0,24,0,7,34,0,41,48,0,48,89
02/21/2012,TUP,MS,ASO,CE,Federal Contract Tower,0,5,7,7,19,0,3,33,11,47,0,8,40,18,66,12,22,34,100
02/22/2012,TUP,MS,ASO,CE,Federal Contract Tower,1,4,16,24,45,0,0,37,2,39,1,4,53,26,84,26,32,58,142
02/23/2012,TUP,MS,ASO,CE,Federal Contract Tower,0,8,11,18,37,0,9,33,16,58,0,17,44,34,95,34,38,72,167
02/24/2012,TUP,MS,ASO,CE,Federal Contract Tower,0,7,8,22,37,0,3,38,13,54,0,10,46,35,91,14,44,58,149
02/25/2012,TUP,MS,ASO,CE,Federal Contract Tower,0,2,16,2,20,0,6,69,6,81,0,8,85,8,101,68,4,72,173
02/26/2012,TUP,MS,ASO,CE,Federal Contract Tower,0,2,11,6,19,0,4,35,0,39,0,6,46,6,58,28,0,28,86
02/27/2012,TUP,MS,ASO,CE,Federal Contract Tower,1,9,7,10,27,0,4,49,11,64,1,13,56,21,91,38,14,52,143
02/28/2012,TUP,MS,ASO,CE,Federal Contract Tower,0,4,8,18,30,0,4,54,4,62,0,8,62,22,92,38,28,66,158
02/29/2012,TUP,MS,ASO,CE,Federal Contract Tower,0,8,16,4,28,0,0,10,2,12,0,8,26,6,40,8,2,10,50
03/01/2012,TUP,MS,ASO,CE,Federal Contract Tower,0,6,20,16,42,0,2,35,38,75,0,8,55,54,117,34,50,84,201
03/02/2012,TUP,MS,ASO,CE,Federal Contract Tower,1,2,0,6,9,0,2,2,2,6,1,4,2,8,15,0,0,0,15
03/03/2012,TUP,MS,ASO,CE,Federal Contract Tower,0,3,7,7,17,0,2,40,24,66,0,5,47,31,83,20,28,48,131
03/04/2012,TUP,MS,ASO,CE,Federal Contract Tower,0,2,0,2,4,0,0,27,12,39,0,2,27,14,43,38,0,38,81
03/05/2012,TUP,MS,ASO,CE,Federal Contract Tower,0,4,8,8,20,0,4,34,0,38,0,8,42,8,58,0,0,0,58
03/06/2012,TUP,MS,ASO,CE,Federal Contract Tower,0,6,21,19,46,0,0,40,5,45,0,6,61,24,91,26,38,64,155
03/07/2012,TUP,MS,ASO,CE,Federal Contract Tower,0,7,12,24,43,0,0,63,13,76,0,7,75,37,119,46,56,102,221
03/08/2012,TUP,MS,ASO,CE,Federal Contract Tower,0,6,10,4,20,0,0,21,0,21,0,6,31,4,41,0,0,0,41
03/09/2012,TUP,MS,ASO,CE,Federal Contract Tower,0,4,7,10,21,0,1,42,16,59,0,5,49,26,80,40,26,66,146
03/10/2012,TUP,MS,ASO,CE,Federal Contract Tower,0,1,15,10,26,0,0,60,0,60,0,1,75,10,86,62,10,72,158
03/11/2012,TUP,MS,ASO,CE,Federal Contract Tower,0,0,9,1,10,0,5,28,0,33,0,5,37,1,43,22,0,22,65
03/12/2012,TUP,MS,ASO,CE,Federal Contract Tower,0,4,10,12,26,0,0,18,4,22,0,4,28,16,48,20,26,46,94
03/13/2012,TUP,MS,ASO,CE,Federal Contract Tower,2,5,12,14,33,0,0,40,3,43,2,5,52,17,76,26,14,40,116
03/14/2012,TUP,MS,ASO,CE,Federal Contract Tower,0,5,11,32,48,0,0,53,10,63,0,5,64,42,111,48,60,108,219
03/15/2012,TUP,MS,ASO,CE,Federal Contract Tower,0,4,9,2,15,0,2,58,29,89,0,6,67,31,104,62,56,118,222
03/16/2012,TUP,MS,ASO,CE,Federal Contract Tower,0,4,29,6,39,0,5,44,1,50,0,9,73,7,89,56,18,74,163
03/17/2012,TUP,MS,ASO,CE,Federal Contract Tower,0,2,3,6,11,0,6,32,6,44,0,8,35,12,55,44,12,56,111
03/18/2012,TUP,MS,ASO,CE,Federal Contract Tower,0,4,18,2,24,0,5,40,0,45,0,9,58,2,69,82,0,82,151
03/19/2012,TUP,MS,ASO,CE,Federal Contract Tower,0,6,10,8,24,0,0,32,0,32,0,6,42,8,56,48,0,48,104
03/20/2012,TUP,MS,ASO,CE,Federal Contract Tower,0,4,12,21,37,0,0,40,12,52,0,4,52,33,89,38,34,72,161
03/21/2012,TUP,MS,ASO,CE,Federal Contract Tower,0,6,7,6,19,0,0,27,2,29,0,6,34,8,48,16,12,28,76
03/22/2012,TUP,MS,ASO,CE,Federal Contract Tower,0,5,17,8,30,0,1,8,0,9,0,6,25,8,39,36,4,40,79
03/23/2012,TUP,MS,ASO,CE,Federal Contract Tower,1,3,5,16,25,0,2,50,49,101,1,5,55,65,126,64,76,140,266
03/24/2012,TUP,MS,ASO,CE,Federal Contract Tower,0,4,6,0,10,0,1,49,40,90,0,5,55,40,100,64,96,160,260
03/25/2012,TUP,MS,ASO,CE,Federal Contract Tower,0,3,12,12,27,0,0,39,12,51,0,3,51,24,78,44,14,58,136
03/26/2012,TUP,MS,ASO,CE,Federal Contract Tower,0,7,10,22,39,0,5,32,7,44,0,12,42,29,83,20,6,26,109
03/27/2012,TUP,MS,ASO,CE,Federal Contract Tower,0,10,10,14,34,0,3,52,4,59,0,13,62,18,93,38,28,66,159
03/28/2012,TUP,MS,ASO,CE,Federal Contract Tower,0,8,20,4,32,0,0,72,17,89,0,8,92,21,121,42,52,94,215
03/29/2012,TUP,MS,ASO,CE,Federal Contract Tower,0,8,18,18,44,0,4,74,15,93,0,12,92,33,137,44,52,96,233
03/30/2012,TUP,MS,ASO,CE,Federal Contract Tower,0,7,6,8,21,0,0,28,0,28,0,7,34,8,49,28,16,44,93
03/31/2012,TUP,MS,ASO,CE,Federal Contract Tower,0,4,7,3,14,0,2,51,0,53,0,6,58,3,67,44,0,44,111
04/01/2012,TUP,MS,ASO,CE,Federal Contract Tower,0,4,8,4,16,0,0,41,5,46,0,4,49,9,62,74,0,74,136
04/02/2012,TUP,MS,ASO,CE,Federal Contract Tower,0,9,8,20,37,0,3,41,0,44,0,12,49,20,81,44,0,44,125
04/03/2012,TUP,MS,ASO,CE,Federal Contract Tower,0,8,16,14,38,0,0,28,4,32,0,8,44,18,70,38,22,60,130
04/04/2012,TUP,MS,ASO,CE,Federal Contract Tower,0,10,3,12,25,0,0,39,1,40,0,10,42,13,65,20,18,38,103
04/05/2012,TUP,MS,ASO,CE,Federal Contract Tower,0,3,8,0,11,0,3,19,17,39,0,6,27,17,50,10,48,58,108
04/06/2012,TUP,MS,ASO,CE,Federal Contract Tower,0,9,7,10,26,0,4,63,3,70,0,13,70,13,96,98,40,138,234
04/07/2012,TUP,MS,ASO,CE,Federal Contract Tower,0,3,1,0,4,0,7,53,0,60,0,10,54,0,64,62,0,62,126
04/08/2012,TUP,MS,ASO,CE,Federal Contract Tower,0,5,11,0,16,0,3,32,0,35,0,8,43,0,51,20,0,20,71
04/09/2012,TUP,MS,ASO,CE,Federal Contract Tower,0,8,6,10,24,0,3,40,0,43,0,11,46,10,67,22,0,22,89
04/10/2012,TUP,MS,ASO,CE,Federal Contract Tower,0,9,5,16,30,0,3,44,1,48,0,12,49,17,78,32,24,56,134
04/11/2012,TUP,MS,ASO,CE,Federal Contract Tower,0,10,18,28,56,0,4,41,8,53,0,14,59,36,109,44,46,90,199
04/12/2012,TUP,MS,ASO,CE,Federal Contract Tower,0,13,18,18,49,0,1,47,29,77,0,14,65,47,126,52,96,148,274
04/13/2012,TUP,MS,ASO,CE,Federal Contract Tower,0,8,5,4,17,0,5,53,15,73,0,13,58,19,90,46,26,72,162
04/14/2012,TUP,MS,ASO,CE,Federal Contract Tower,0,4,4,0,8,0,5,41,2,48,0,9,45,2,56,92,0,92,148
04/15/2012,TUP,MS,ASO,CE,Federal Contract Tower,0,2,0,4,6,0,4,18,6,28,0,6,18,10,34,18,0,18,52
04/16/2012,TUP,MS,ASO,CE,Federal Contract Tower,0,8,2,38,48,0,0,21,4,25,0,8,23,42,73,16,0,16,89
04/17/2012,TUP,MS,ASO,CE,Federal Contract Tower,0,10,5,0,15,0,0,0,0,0,0,10,5,0,15,0,0,0,15
04/18/2012,TUP,MS,ASO,CE,Federal Contract Tower,0,12,6,10,28,0,0,57,3,60,0,12,63,13,88,42,18,60,148
04/19/2012,TUP,MS,ASO,CE,Federal Contract Tower,0,12,15,36,63,0,3,61,18,82,0,15,76,54,145,72,96,168,313
04/20/2012,TUP,MS,ASO,CE,Federal Contract Tower,0,8,12,16,36,0,6,45,18,69,0,14,57,34,105,64,66,130,235
04/21/2012,TUP,MS,ASO,CE,Federal Contract Tower,0,2,3,2,7,0,5,18,20,43,0,7,21,22,50,34,30,64,114
04/22/2012,TUP,MS,ASO,CE,Federal Contract Tower,0,4,5,0,9,0,1,27,2,30,0,5,32,2,39,28,0,28,67
04/23/2012,TUP,MS,ASO,CE,Federal Contract Tower,0,15,11,4,30,0,2,30,0,32,0,17,41,4,62,40,0,40,102
04/24/2012,TUP,MS,ASO,CE,Federal Contract Tower,0,9,16,10,35,0,0,45,0,45,0,9,61,10,80,28,18,46,126
04/25/2012,TUP,MS,ASO,CE,Federal Contract Tower,0,12,24,15,51,0,0,40,4,44,0,12,64,19,95,14,26,40,135
04/26/2012,TUP,MS,ASO,CE,Federal Contract Tower,1,11,11,24,47,0,2,45,7,54,1,13,56,31,101,38,36,74,175
04/27/2012,TUP,MS,ASO,CE,Federal Contract Tower,0,8,9,8,25,0,0,38,7,45,0,8,47,15,70,30,16,46,116
04/28/2012,TUP,MS,ASO,CE,Federal Contract Tower,0,4,7,9,20,0,7,23,1,31,0,11,30,10,51,40,20,60,111
04/29/2012,TUP,MS,ASO,CE,Federal Contract Tower,0,4,15,5,24,0,0,31,1,32,0,4,46,6,56,40,6,46,102
04/30/2012,TUP,MS,ASO,CE,Federal Contract Tower,0,8,10,0,18,0,4,44,0,48,0,12,54,0,66,58,0,58,124
05/01/2012,TUP,MS,ASO,CE,Federal Contract Tower,1,8,14,8,31,0,1,42,2,45,1,9,56,10,76,42,16,58,134
05/02/2012,TUP,MS,ASO,CE,Federal Contract Tower,1,6,13,14,34,0,1,41,1,43,1,7,54,15,77,26,28,54,131
05/03/2012,TUP,MS,ASO,CE,Federal Contract Tower,0,5,11,37,53,0,1,41,21,63,0,6,52,58,116,42,52,94,210
05/04/2012,TUP,MS,ASO,CE,Federal Contract Tower,0,3,15,30,48,0,7,61,8,76,0,10,76,38,124,68,8,76,200
05/05/2012,TUP,MS,ASO,CE,Federal Contract Tower,0,4,6,1,11,0,1,39,5,45,0,5,45,6,56,52,0,52,108
05/06/2012,TUP,MS,ASO,CE,Federal Contract Tower,0,4,11,0,15,0,0,22,7,29,0,4,33,7,44,26,12,38,82
05/07/2012,TUP,MS,ASO,CE,Federal Contract Tower,0,11,9,18,38,0,2,33,2,37,0,13,42,20,75,18,4,22,97
05/08/2012,TUP,MS,ASO,CE,Federal Contract Tower,0,10,16,6,32,0,3,23,4,30,0,13,39,10,62,22,22,44,106
05/09/2012,TUP,MS,ASO,CE,Federal Contract Tower,0,14,20,18,52,0,4,54,7,65,0,18,74,25,117,62,30,92,209
05/10/2012,TUP,MS,ASO,CE,Federal Contract Tower,0,12,16,12,40,0,3,58,12,73,0,15,74,24,113,54,40,94,207
05/11/2012,TUP,MS,ASO,CE,Federal Contract Tower,0,8,16,3,27,0,6,56,10,72,0,14,72,13,99,56,12,68,167
05/12/2012,TUP,MS,ASO,CE,Federal Contract Tower,0,4,3,2,9,0,0,60,1,61,0,4,63,3,70,24,0,24,94
05/13/2012,TUP,MS,ASO,CE,Federal Contract Tower,0,6,3,12,21,0,0,5,0,5,0,6,8,12,26,0,0,0,26
05/14/2012,TUP,MS,ASO,CE,Federal Contract Tower,0,7,11,22,40,0,5,35,0,40,0,12,46,22,80,44,0,44,124
05/15/2012,TUP,MS,ASO,CE,Federal Contract Tower,0,10,9,15,34,0,4,44,7,55,0,14,53,22,89,62,26,88,177
05/16/2012,TUP,MS,ASO,CE,Federal Contract Tower,0,9,15,12,36,0,4,52,9,65,0,13,67,21,101,46,24,70,171
05/17/2012,TUP,MS,ASO,CE,Federal Contract Tower,0,3,4,22,29,0,7,62,12,81,0,10,66,34,110,34,30,64,174
05/18/2012,TUP,MS,ASO,CE,Federal Contract Tower,0,9,16,17,42,0,6,58,27,91,0,15,74,44,133,42,86,128,261
05/19/2012,TUP,MS,ASO,CE,Federal Contract Tower,0,4,4,0,8,0,8,43,49,100,0,12,47,49,108,38,112,150,258
05/20/2012,TUP,MS,ASO,CE,Federal Contract Tower,0,2,7,4,13,0,2,24,15,41,0,4,31,19,54,42,22,64,118
05/21/2012,TUP,MS,ASO,CE,Federal Contract Tower,0,8,15,44,67,0,4,32,1,37,0,12,47,45,104,48,4,52,156
05/22/2012,TUP,MS,ASO,CE,Federal Contract Tower,1,5,11,14,31,0,1,54,27,82,1,6,65,41,113,44,34,78,191
05/23/2012,TUP,MS,ASO,CE,Federal Contract Tower,0,12,11,4,27,0,0,54,16,70,0,12,65,20,97,46,22,68,165
05/24/2012,TUP,MS,ASO,CE,Federal Contract Tower,0,8,23,0,31,0,2,44,5,51,0,10,67,5,82,38,0,38,120
05/25/2012,TUP,MS,ASO,CE,Federal Contract Tower,1,9,7,0,17,0,5,67,5,77,1,14,74,5,94,50,14,64,158
05/26/2012,TUP,MS,ASO,CE,Federal Contract Tower,0,4,3,0,7,0,0,28,0,28,0,4,31,0,35,18,0,18,53
05/27/2012,TUP,MS,ASO,CE,Federal Contract Tower,0,4,2,0,6,0,4,30,2,36,0,8,32,2,42,36,0,36,78
05/28/2012,TUP,MS,ASO,CE,Federal Contract Tower,0,9,4,0,13,0,8,33,0,41,0,17,37,0,54,52,0,52,106
05/29/2012,TUP,MS,ASO,CE,Federal Contract Tower,0,8,21,0,29,0,0,28,6,34,0,8,49,6,63,14,0,14,77
05/30/2012,TUP,MS,ASO,CE,Federal Contract Tower,0,8,15,20,43,0,2,45,2,49,0,10,60,22,92,64,42,106,198
05/31/2012,TUP,MS,ASO,CE,Federal Contract Tower,0,4,12,20,36,0,1,27,7,35,0,5,39,27,71,20,10,30,101
06/01/2012,TUP,MS,ASO,CE,Federal Contract Tower,0,8,17,10,35,0,2,38,17,57,0,10,55,27,92,54,42,96,188
06/02/2012,TUP,MS,ASO,CE,Federal Contract Tower,0,6,13,2,21,0,3,59,11,73,0,9,72,13,94,72,18,90,184
06/03/2012,TUP,MS,ASO,CE,Federal Contract Tower,0,4,14,1,19,0,0,20,10,30,0,4,34,11,49,18,12,30,79
06/04/2012,TUP,MS,ASO,CE,Federal Contract Tower,0,8,7,16,31,0,0,2,17,19,0,8,9,33,50,30,0,30,80
06/05/2012,TUP,MS,ASO,CE,Federal Contract Tower,0,9,11,16,36,0,0,44,1,45,0,9,55,17,81,32,20,52,133
06/06/2012,TUP,MS,ASO,CE,Federal Contract Tower,0,8,12,20,40,0,4,46,7,57,0,12,58,27,97,64,46,110,207
06/07/2012,TUP,MS,ASO,CE,Federal Contract Tower,0,8,18,15,41,0,3,73,20,96,0,11,91,35,137,76,66,142,279
06/08/2012,TUP,MS,ASO,CE,Federal Contract Tower,1,8,22,7,38,0,1,53,3,57,1,9,75,10,95,56,30,86,181
06/09/2012,TUP,MS,ASO,CE,Federal Contract Tower,0,6,7,0,13,0,1,63,1,65,0,7,70,1,78,50,0,50,128
06/10/2012,TUP,MS,ASO,CE,Federal Contract Tower,2,10,8,2,22,0,2,35,1,38,2,12,43,3,60,46,0,46,106
06/11/2012,TUP,MS,ASO,CE,Federal Contract Tower,0,8,9,18,35,0,2,17,3,22,0,10,26,21,57,10,18,28,85
06/12/2012,TUP,MS,ASO,CE,Federal Contract Tower,1,10,10,31,52,0,0,20,7,27,1,10,30,38,79,42,22,64,143
06/13/2012,TUP,MS,ASO,CE,Federal Contract Tower,0,10,16,22,48,0,6,58,7,71,0,16,74,29,119,54,32,86,205
06/14/2012,TUP,MS,ASO,CE,Federal Contract Tower,2,9,15,18,44,0,0,48,10,58,2,9,63,28,102,48,26,74,176
06/15/2012,TUP,MS,ASO,CE,Federal Contract Tower,0,11,3,16,30,0,9,54,2,65,0,20,57,18,95,74,4,78,173
06/16/2012,TUP,MS,ASO,CE,Federal Contract Tower,0,4,6,4,14,0,2,39,1,42,0,6,45,5,56,56,0,56,112
06/17/2012,TUP,MS,ASO,CE,Federal Contract Tower,0,6,4,0,10,0,1,38,0,39,0,7,42,0,49,68,0,68,117
06/18/2012,TUP,MS,ASO,CE,Federal Contract Tower,0,8,2,39,49,0,3,50,10,63,0,11,52,49,112,46,24,70,182
06/19/2012,TUP,MS,ASO,CE,Federal Contract Tower,0,4,8,46,58,0,0,52,12,64,0,4,60,58,122,86,10,96,218
06/20/2012,TUP,MS,ASO,CE,Federal Contract Tower,1,6,9,12,28,0,1,23,6,30,1,7,32,18,58,18,2,20,78
06/21/2012,TUP,MS,ASO,CE,Federal Contract Tower,0,8,13,26,47,0,1,57,30,88,0,9,70,56,135,46,12,58,193
06/22/2012,TUP,MS,ASO,CE,Federal Contract Tower,0,7,12,8,27,0,11,41,41,93,0,18,53,49,120,38,146,184,304
06/23/2012,TUP,MS,ASO,CE,Federal Contract Tower,0,4,18,2,24,0,8,54,26,88,0,12,72,28,112,56,34,90,202
06/24/2012,TUP,MS,ASO,CE,Federal Contract Tower,0,8,11,6,25,0,4,39,20,63,0,12,50,26,88,36,50,86,174
06/25/2012,TUP,MS,ASO,CE,Federal Contract Tower,0,10,10,4,24,0,3,34,0,37,0,13,44,4,61,32,0,32,93
06/26/2012,TUP,MS,ASO,CE,Federal Contract Tower,0,8,15,11,34,0,0,27,0,27,0,8,42,11,61,16,22,38,99
06/27/2012,TUP,MS,ASO,CE,Federal Contract Tower,0,12,8,19,39,0,0,43,4,47,0,12,51,23,86,64,40,104,190
06/28/2012,TUP,MS,ASO,CE,Federal Contract Tower,0,8,14,25,47,0,2,55,19,76,0,10,69,44,123,36,54,90,213
06/29/2012,TUP,MS,ASO,CE,Federal Contract Tower,0,8,15,16,39,0,4,31,13,48,0,12,46,29,87,48,48,96,183
06/30/2012,TUP,MS,ASO,CE,Federal Contract Tower,0,6,5,0,11,0,15,34,0,49,0,21,39,0,60,28,0,28,88
07/01/2012,TUP,MS,ASO,CE,Federal Contract Tower,0,10,15,0,25,0,6,46,0,52,0,16,61,0,77,44,0,44,121
07/02/2012,TUP,MS,ASO,CE,Federal Contract Tower,0,8,14,26,48,0,7,46,2,55,0,15,60,28,103,106,0,106,209
07/03/2012,TUP,MS,ASO,CE,Federal Contract Tower,0,11,18,11,40,0,3,39,1,43,0,14,57,12,83,20,14,34,117
07/04/2012,TUP,MS,ASO,CE,Federal Contract Tower,0,8,4,0,12,0,0,31,0,31,0,8,35,0,43,36,0,36,79
07/05/2012,TUP,MS,ASO,CE,Federal Contract Tower,0,10,10,0,20,0,7,42,9,58,0,17,52,9,78,38,24,62,140
07/06/2012,TUP,MS,ASO,CE,Federal Contract Tower,2,8,18,17,45,0,5,24,1,30,2,13,42,18,75,22,18,40,115
07/07/2012,TUP,MS,ASO,CE,Federal Contract Tower,0,4,8,2,14,0,3,30,0,33,0,7,38,2,47,32,2,34,81
07/08/2012,TUP,MS,ASO,CE,Federal Contract Tower,0,7,9,0,16,0,0,38,0,38,0,7,47,0,54,38,0,38,92
07/09/2012,TUP,MS,ASO,CE,Federal Contract Tower,0,8,6,28,42,0,1,21,0,22,0,9,27,28,64,52,0,52,116
07/10/2012,TUP,MS,ASO,CE,Federal Contract Tower,0,8,3,24,35,0,0,34,0,34,0,8,37,24,69,24,26,50,119
07/11/2012,TUP,MS,ASO,CE,Federal Contract Tower,0,8,14,0,22,0,0,0,0,0,0,8,14,0,22,0,0,0,22
07/12/2012,TUP,MS,ASO,CE,Federal Contract Tower,0,10,10,6,26,0,0,0,0,0,0,10,10,6,26,0,0,0,26
07/13/2012,TUP,MS,ASO,CE,Federal Contract Tower,0,12,12,8,32,0,4,59,17,80,0,16,71,25,112,66,34,100,212
07/14/2012,TUP,MS,ASO,CE,Federal Contract Tower,0,4,7,4,15,0,0,11,1,12,0,4,18,5,27,22,16,38,65
07/15/2012,TUP,MS,ASO,CE,Federal Contract Tower,0,8,5,3,16,0,4,36,7,47,0,12,41,10,63,14,0,14,77
07/16/2012,TUP,MS,ASO,CE,Federal Contract Tower,0,8,14,28,50,0,9,53,0,62,0,17,67,28,112,82,0,82,194
07/17/2012,TUP,MS,ASO,CE,Federal Contract Tower,0,8,11,12,31,0,11,59,9,79,0,19,70,21,110,58,26,84,194
07/18/2012,TUP,MS,ASO,CE,Federal Contract Tower,1,6,11,14,32,0,1,25,4,30,1,7,36,18,62,4,12,16,78
07/19/2012,TUP,MS,ASO,CE,Federal Contract Tower,0,7,15,6,28,0,8,49,5,62,0,15,64,11,90,58,20,78,168
07/20/2012,TUP,MS,ASO,CE,Federal Contract Tower,0,8,9,12,29,0,6,45,10,61,0,14,54,22,90,58,24,82,172
07/21/2012,TUP,MS,ASO,CE,Federal Contract Tower,0,4,7,1,12,0,7,39,4,50,0,11,46,5,62,68,10,78,140
07/22/2012,TUP,MS,ASO,CE,Federal Contract Tower,0,7,0,0,7,0,4,24,1,29,0,11,24,1,36,32,0,32,68
07/23/2012,TUP,MS,ASO,CE,Federal Contract Tower,0,7,4,32,43,0,7,49,4,60,0,14,53,36,103,68,16,84,187
07/24/2012,TUP,MS,ASO,CE,Federal Contract Tower,1,12,18,34,65,2,0,49,1,52,3,12,67,35,117,38,44,82,199
07/25/2012,TUP,MS,ASO,CE,Federal Contract Tower,0,7,9,16,32,0,4,54,6,64,0,11,63,22,96,46,34,80,176
07/26/2012,TUP,MS,ASO,CE,Federal Contract Tower,1,8,16,38,63,0,4,57,11,72,1,12,73,49,135,54,34,88,223
07/27/2012,TUP,MS,ASO,CE,Federal Contract Tower,0,4,10,13,27,0,5,49,16,70,0,9,59,29,97,48,36,84,181
07/28/2012,TUP,MS,ASO,CE,Federal Contract Tower,0,6,11,1,18,0,14,29,1,44,0,20,40,2,62,20,14,34,96
07/29/2012,TUP,MS,ASO,CE,Federal Contract Tower,0,8,6,6,20,0,5,23,0,28,0,13,29,6,48,64,0,64,112
07/30/2012,TUP,MS,ASO,CE,Federal Contract Tower,0,8,5,32,45,0,1,31,2,34,0,9,36,34,79,34,6,40,119
07/31/2012,TUP,MS,ASO,CE,Federal Contract Tower,1,10,15,34,60,0,0,36,4,40,1,10,51,38,100,60,32,92,192
08/01/2012,TUP,MS,ASO,CE,Federal Contract Tower,0,6,12,26,44,0,3,39,0,42,0,9,51,26,86,44,30,74,160
08/02/2012,TUP,MS,ASO,CE,Federal Contract Tower,1,6,9,24,40,0,0,51,19,70,1,6,60,43,110,78,50,128,238
08/03/2012,TUP,MS,ASO,CE,Federal Contract Tower,1,8,6,8,23,0,2,33,6,41,1,10,39,14,64,42,20,62,126
08/04/2012,TUP,MS,ASO,CE,Federal Contract Tower,0,4,7,1,12,0,2,38,6,46,0,6,45,7,58,42,4,46,104
08/05/2012,TUP,MS,ASO,CE,Federal Contract Tower,0,8,0,12,20,0,3,26,11,40,0,11,26,23,60,10,34,44,104
08/06/2012,TUP,MS,ASO,CE,Federal Contract Tower,0,8,5,30,43,0,2,28,1,31,0,10,33,31,74,24,0,24,98
08/07/2012,TUP,MS,ASO,CE,Federal Contract Tower,0,8,7,32,47,0,0,37,1,38,0,8,44,33,85,50,46,96,181
08/08/2012,TUP,MS,ASO,CE,Federal Contract Tower,0,10,7,39,56,0,5,57,3,65,0,15,64,42,121,68,54,122,243
08/09/2012,TUP,MS,ASO,CE,Federal Contract Tower,0,8,9,21,38,0,4,32,22,58,0,12,41,43,96,28,30,58,154
08/10/2012,TUP,MS,ASO,CE,Federal Contract Tower,0,11,20,10,41,0,0,28,2,30,0,11,48,12,71,26,22,48,119
08/11/2012,TUP,MS,ASO,CE,Federal Contract Tower,0,4,4,2,10,0,3,35,7,45,0,7,39,9,55,62,14,76,131
08/12/2012,TUP,MS,ASO,CE,Federal Contract Tower,0,8,12,4,24,0,1,27,0,28,0,9,39,4,52,44,0,44,96
08/13/2012,TUP,MS,ASO,CE,Federal Contract Tower,0,7,8,30,45,0,4,22,0,26,0,11,30,30,71,14,0,14,85
08/14/2012,TUP,MS,ASO,CE,Federal Contract Tower,0,12,15,19,46,0,0,46,2,48,0,12,61,21,94,32,18,50,144
08/15/2012,TUP,MS,ASO,CE,Federal Contract Tower,0,9,13,28,50,0,8,51,4,63,0,17,64,32,113,58,36,94,207
08/16/2012,TUP,MS,ASO,CE,Federal Contract Tower,1,13,39,12,65,0,9,59,14,82,1,22,98,26,147,52,24,76,223
08/17/2012,TUP,MS,ASO,CE,Federal Contract Tower,0,9,19,18,46,0,0,38,3,41,0,9,57,21,87,38,20,58,145
08/18/2012,TUP,MS,ASO,CE,Federal Contract Tower,1,5,14,0,20,0,0,14,0,14,1,5,28,0,34,22,0,22,56
08/19/2012,TUP,MS,ASO,CE,Federal Contract Tower,0,9,12,12,33,0,6,40,2,48,0,15,52,14,81,80,16,96,177
08/20/2012,TUP,MS,ASO,CE,Federal Contract Tower,0,12,12,46,70,0,3,43,15,61,0,15,55,61,131,52,12,64,195
08/21/2012,TUP,MS,ASO,CE,Federal Contract Tower,1,9,5,8,23,0,6,46,12,64,1,15,51,20,87,42,30,72,159
08/22/2012,TUP,MS,ASO,CE,Federal Contract Tower,0,11,15,19,45,0,2,62,10,74,0,13,77,29,119,68,28,96,215
08/23/2012,TUP,MS,ASO,CE,Federal Contract Tower,0,8,18,19,45,0,0,48,16,64,0,8,66,35,109,68,74,142,251
08/24/2012,TUP,MS,ASO,CE,Federal Contract Tower,0,9,14,28,51,0,5,71,4,80,0,14,85,32,131,78,46,124,255
08/25/2012,TUP,MS,ASO,CE,Federal Contract Tower,0,6,13,0,19,0,2,27,0,29,0,8,40,0,48,34,0,34,82
08/26/2012,TUP,MS,ASO,CE,Federal Contract Tower,0,8,10,21,39,0,4,39,6,49,0,12,49,27,88,74,16,90,178
08/27/2012,TUP,MS,ASO,CE,Federal Contract Tower,0,8,6,12,26,0,0,35,1,36,0,8,41,13,62,30,0,30,92
08/28/2012,TUP,MS,ASO,CE,Federal Contract Tower,2,10,16,8,36,2,0,38,10,50,4,10,54,18,86,54,26,80,166
08/29/2012,TUP,MS,ASO,CE,Federal Contract Tower,0,9,6,34,49,0,0,26,0,26,0,9,32,34,75,40,50,90,165
08/30/2012,TUP,MS,ASO,CE,Federal Contract Tower,0,9,6,8,23,0,0,0,0,0,0,9,6,8,23,0,0,0,23
08/31/2012,TUP,MS,ASO,CE,Federal Contract Tower,0,10,0,8,18,0,3,24,0,27,0,13,24,8,45,32,0,32,77
09/01/2012,TUP,MS,ASO,CE,Federal Contract Tower,0,6,10,1,17,0,6,22,0,28,0,12,32,1,45,14,0,14,59
09/02/2012,TUP,MS,ASO,CE,Federal Contract Tower,0,5,3,0,8,0,1,28,0,29,0,6,31,0,37,0,0,0,37
09/03/2012,TUP,MS,ASO,CE,Federal Contract Tower,0,7,7,0,14,0,6,32,0,38,0,13,39,0,52,48,0,48,100
09/04/2012,TUP,MS,ASO,CE,Federal Contract Tower,0,8,9,15,32,0,0,39,4,43,0,8,48,19,75,54,24,78,153
09/05/2012,TUP,MS,ASO,CE,Federal Contract Tower,0,9,14,12,35,0,1,45,2,48,0,10,59,14,83,42,14,56,139
09/06/2012,TUP,MS,ASO,CE,Federal Contract Tower,1,11,9,12,33,0,1,65,14,80,1,12,74,26,113,78,34,112,225
09/07/2012,TUP,MS,ASO,CE,Federal Contract Tower,0,11,26,10,47,0,14,78,30,122,0,25,104,40,169,28,18,46,215
09/08/2012,TUP,MS,ASO,CE,Federal Contract Tower,0,0,21,6,27,0,54,65,12,131,0,54,86,18,158,52,32,84,242
09/09/2012,TUP,MS,ASO,CE,Federal Contract Tower,0,8,16,7,31,0,77,72,7,156,0,85,88,14,187,38,14,52,239
09/10/2012,TUP,MS,ASO,CE,Federal Contract Tower,0,12,25,20,57,0,3,56,5,64,0,15,81,25,121,50,0,50,171
09/11/2012,TUP,MS,ASO,CE,Federal Contract Tower,1,8,11,13,33,0,0,57,12,69,1,8,68,25,102,38,40,78,180
09/12/2012,TUP,MS,ASO,CE,Federal Contract Tower,0,8,10,16,34,0,0,63,4,67,0,8,73,20,101,44,22,66,167
09/13/2012,TUP,MS,ASO,CE,Federal Contract Tower,1,8,14,24,47,0,9,66,19,94,1,17,80,43,141,56,68,124,265
09/14/2012,TUP,MS,ASO,CE,Federal Contract Tower,0,8,16,7,31,0,4,47,1,52,0,12,63,8,83,46,22,68,151
09/15/2012,TUP,MS,ASO,CE,Federal Contract Tower,2,2,7,2,13,0,0,45,2,47,2,2,52,4,60,28,4,32,92
09/16/2012,TUP,MS,ASO,CE,Federal Contract Tower,0,10,8,5,23,0,7,49,2,58,0,17,57,7,81,32,6,38,119
09/17/2012,TUP,MS,ASO,CE,Federal Contract Tower,0,6,11,4,21,0,0,0,0,0,0,6,11,4,21,0,0,0,21
09/18/2012,TUP,MS,ASO,CE,Federal Contract Tower,0,8,17,20,45,0,0,21,4,25,0,8,38,24,70,28,18,46,116
09/19/2012,TUP,MS,ASO,CE,Federal Contract Tower,0,8,20,20,48,0,0,51,4,55,0,8,71,24,103,30,34,64,167
09/20/2012,TUP,MS,ASO,CE,Federal Contract Tower,0,9,10,8,27,0,2,51,2,55,0,11,61,10,82,58,4,62,144
09/21/2012,TUP,MS,ASO,CE,Federal Contract Tower,0,9,13,1,23,0,5,58,4,67,0,14,71,5,90,82,26,108,198
09/22/2012,TUP,MS,ASO,CE,Federal Contract Tower,0,2,3,2,7,0,7,35,0,42,0,9,38,2,49,48,0,48,97
09/23/2012,TUP,MS,ASO,CE,Federal Contract Tower,0,8,7,0,15,0,3,49,0,52,0,11,56,0,67,48,0,48,115
09/24/2012,TUP,MS,ASO,CE,Federal Contract Tower,0,8,11,13,32,0,3,50,0,53,0,11,61,13,85,32,0,32,117
09/25/2012,TUP,MS,ASO,CE,Federal Contract Tower,2,8,14,9,33,0,0,48,0,48,2,8,62,9,81,42,16,58,139
09/26/2012,TUP,MS,ASO,CE,Federal Contract Tower,0,8,21,9,38,0,0,46,10,56,0,8,67,19,94,44,30,74,168
09/27/2012,TUP,MS,ASO,CE,Federal Contract Tower,1,12,7,20,40,0,1,53,6,60,1,13,60,26,100,58,12,70,170
09/28/2012,TUP,MS,ASO,CE,Federal Contract Tower,0,4,13,4,21,0,10,57,8,75,0,14,70,12,96,52,30,82,178
09/29/2012,TUP,MS,ASO,CE,Federal Contract Tower,1,0,3,2,6,0,4,38,0,42,1,4,41,2,48,44,6,50,98
09/30/2012,TUP,MS,ASO,CE,Federal Contract Tower,0,8,7,0,15,0,0,15,0,15,0,8,22,0,30,6,0,6,36
10/01/2012,TUP,MS,ASO,CE,Federal Contract Tower,0,6,4,9,19,0,0,0,0,0,0,6,4,9,19,0,0,0,19
10/02/2012,TUP,MS,ASO,CE,Federal Contract Tower,0,12,10,19,41,0,3,57,6,66,0,15,67,25,107,54,28,82,189
10/03/2012,TUP,MS,ASO,CE,Federal Contract Tower,0,14,17,6,37,0,2,47,11,60,0,16,64,17,97,42,26,68,165
10/04/2012,TUP,MS,ASO,CE,Federal Contract Tower,0,12,12,22,46,0,2,42,34,78,0,14,54,56,124,32,70,102,226
10/05/2012,TUP,MS,ASO,CE,Federal Contract Tower,0,17,17,18,52,0,2,77,9,88,0,19,94,27,140,68,48,116,256
10/06/2012,TUP,MS,ASO,CE,Federal Contract Tower,0,6,16,0,22,0,0,7,0,7,0,6,23,0,29,0,0,0,29
10/07/2012,TUP,MS,ASO,CE,Federal Contract Tower,0,8,14,0,22,0,1,44,0,45,0,9,58,0,67,40,0,40,107
10/08/2012,TUP,MS,ASO,CE,Federal Contract Tower,0,6,8,0,14,0,0,31,0,31,0,6,39,0,45,54,0,54,99
10/09/2012,TUP,MS,ASO,CE,Federal Contract Tower,0,14,14,7,35,0,2,51,7,60,0,16,65,14,95,34,22,56,151
10/10/2012,TUP,MS,ASO,CE,Federal Contract Tower,0,12,8,6,26,0,3,56,16,75,0,15,64,22,101,46,48,94,195
10/11/2012,TUP,MS,ASO,CE,Federal Contract Tower,0,14,25,12,51,0,3,58,46,107,0,17,83,58,158,22,90,112,270
10/12/2012,TUP,MS,ASO,CE,Federal Contract Tower,1,10,7,2,20,2,1,42,37,82,3,11,49,39,102,76,52,128,230
10/13/2012,TUP,MS,ASO,CE,Federal Contract Tower,0,3,4,6,13,0,1,43,9,53,0,4,47,15,66,36,8,44,110
10/14/2012,TUP,MS,ASO,CE,Federal Contract Tower,0,8,10,0,18,0,2,28,0,30,0,10,38,0,48,22,0,22,70
10/15/2012,TUP,MS,ASO,CE,Federal Contract Tower,0,12,11,14,37,0,3,22,1,26,0,15,33,15,63,10,0,10,73
10/16/2012,TUP,MS,ASO,CE,Federal Contract Tower,1,12,11,13,37,2,0,31,6,39,3,12,42,19,76,22,20,42,118
10/17/2012,TUP,MS,ASO,CE,Federal Contract Tower,0,14,19,17,50,0,0,36,3,39,0,14,55,20,89,20,26,46,135
10/18/2012,TUP,MS,ASO,CE,Federal Contract Tower,1,12,29,17,59,0,5,49,38,92,1,17,78,55,151,42,46,88,239
10/19/2012,TUP,MS,ASO,CE,Federal Contract Tower,0,10,7,11,28,0,4,51,14,69,0,14,58,25,97,38,42,80,177
10/20/2012,TUP,MS,ASO,CE,Federal Contract Tower,0,5,3,7,15,0,1,33,3,37,0,6,36,10,52,30,16,46,98
10/21/2012,TUP,MS,ASO,CE,Federal Contract Tower,0,8,9,8,25,0,4,32,8,44,0,12,41,16,69,34,8,42,111
10/22/2012,TUP,MS,ASO,CE,Federal Contract Tower,0,15,11,18,44,0,1,46,0,47,0,16,57,18,91,76,0,76,167
10/23/2012,TUP,MS,ASO,CE,Federal Contract Tower,1,13,11,15,40,0,0,60,25,85,1,13,71,40,125,50,38,88,213
10/24/2012,TUP,MS,ASO,CE,Federal Contract Tower,0,8,23,14,45,0,0,57,10,67,0,8,80,24,112,40,26,66,178
10/25/2012,TUP,MS,ASO,CE,Federal Contract Tower,1,12,10,19,42,0,6,75,24,105,1,18,85,43,147,76,58,134,281
10/26/2012,TUP,MS,ASO,CE,Federal Contract Tower,0,12,13,24,49,0,0,7,0,7,0,12,20,24,56,0,0,0,56
10/27/2012,TUP,MS,ASO,CE,Federal Contract Tower,0,3,6,4,13,0,2,32,4,38,0,5,38,8,51,29,7,36,87
10/28/2012,TUP,MS,ASO,CE,Federal Contract Tower,0,10,12,5,27,0,1,22,1,24,0,11,34,6,51,20,0,20,71
10/29/2012,TUP,MS,ASO,CE,Federal Contract Tower,0,13,9,6,28,0,3,21,0,24,0,16,30,6,52,10,0,10,62
10/30/2012,TUP,MS,ASO,CE,Federal Contract Tower,3,10,11,10,34,0,0,29,4,33,3,10,40,14,67,28,10,38,105
10/31/2012,TUP,MS,ASO,CE,Federal Contract Tower,0,17,16,18,51,0,8,51,7,66,0,25,67,25,117,60,2,62,179
11/01/2012,TUP,MS,ASO,CE,Federal Contract Tower,0,12,22,20,54,0,9,56,26,91,0,21,78,46,145,62,24,86,231
11/02/2012,TUP,MS,ASO,CE,Federal Contract Tower,0,14,19,7,40,0,0,45,18,63,0,14,64,25,103,40,40,80,183
11/03/2012,TUP,MS,ASO,CE,Federal Contract Tower,0,5,6,9,20,0,0,22,13,35,0,5,28,22,55,18,12,30,85
11/04/2012,TUP,MS,ASO,CE,Federal Contract Tower,0,19,11,13,43,0,9,31,8,48,0,28,42,21,91,22,14,36,127
11/05/2012,TUP,MS,ASO,CE,Federal Contract Tower,0,13,8,4,25,0,0,28,8,36,0,13,36,12,61,1,0,1,62
11/06/2012,TUP,MS,ASO,CE,Federal Contract Tower,0,11,10,9,30,0,0,31,5,36,0,11,41,14,66,36,8,44,110
11/07/2012,TUP,MS,ASO,CE,Federal Contract Tower,0,11,12,17,40,0,0,49,6,55,0,11,61,23,95,60,26,86,181
11/08/2012,TUP,MS,ASO,CE,Federal Contract Tower,0,16,28,17,61,0,6,52,24,82,0,22,80,41,143,52,46,98,241
11/09/2012,TUP,MS,ASO,CE,Federal Contract Tower,0,11,24,6,41,0,5,55,12,72,0,16,79,18,113,42,36,78,191
11/10/2012,TUP,MS,ASO,CE,Federal Contract Tower,0,3,6,0,9,0,3,35,6,44,0,6,41,6,53,28,12,40,93
11/11/2012,TUP,MS,ASO,CE,Federal Contract Tower,0,8,8,0,16,0,4,27,0,31,0,12,35,0,47,4,0,4,51
11/12/2012,TUP,MS,ASO,CE,Federal Contract Tower,0,10,9,0,19,0,1,41,5,47,0,11,50,5,66,26,22,48,114
11/13/2012,TUP,MS,ASO,CE,Federal Contract Tower,1,10,26,6,43,0,4,70,5,79,1,14,96,11,122,38,22,60,182
11/14/2012,TUP,MS,ASO,CE,Federal Contract Tower,1,15,24,20,60,0,0,43,3,46,1,15,67,23,106,28,0,28,134
11/15/2012,TUP,MS,ASO,CE,Federal Contract Tower,1,7,15,2,25,0,2,57,14,73,1,9,72,16,98,76,28,104,202
11/16/2012,TUP,MS,ASO,CE,Federal Contract Tower,4,18,20,25,67,0,2,70,18,90,4,20,90,43,157,60,42,102,259
11/17/2012,TUP,MS,ASO,CE,Federal Contract Tower,1,5,4,20,30,0,3,42,26,71,1,8,46,46,101,26,62,88,189
11/18/2012,TUP,MS,ASO,CE,Federal Contract Tower,0,10,21,8,39,0,0,46,6,52,0,10,67,14,91,58,6,64,155
11/19/2012,TUP,MS,ASO,CE,Federal Contract Tower,0,13,21,13,47,0,18,39,3,60,0,31,60,16,107,36,0,36,143
11/20/2012,TUP,MS,ASO,CE,Federal Contract Tower,0,12,14,4,30,0,2,34,8,44,0,14,48,12,74,50,22,72,146
11/21/2012,TUP,MS,ASO,CE,Federal Contract Tower,0,12,21,8,41,0,0,38,5,43,0,12,59,13,84,40,6,46,130
11/22/2012,TUP,MS,ASO,CE,Federal Contract Tower,0,12,8,0,20,0,9,16,0,25,0,21,24,0,45,0,0,0,45
11/23/2012,TUP,MS,ASO,CE,Federal Contract Tower,0,12,15,0,27,0,5,37,6,48,0,17,52,6,75,46,20,66,141
11/24/2012,TUP,MS,ASO,CE,Federal Contract Tower,0,4,12,0,16,0,7,33,2,42,0,11,45,2,58,34,4,38,96
11/25/2012,TUP,MS,ASO,CE,Federal Contract Tower,0,9,11,0,20,0,5,35,0,40,0,14,46,0,60,48,0,48,108
11/26/2012,TUP,MS,ASO,CE,Federal Contract Tower,1,13,7,22,43,0,3,25,0,28,1,16,32,22,71,50,0,50,121
11/27/2012,TUP,MS,ASO,CE,Federal Contract Tower,0,15,9,6,30,0,0,16,0,16,0,15,25,6,46,10,0,10,56
11/28/2012,TUP,MS,ASO,CE,Federal Contract Tower,0,11,20,11,42,0,0,38,11,49,0,11,58,22,91,30,28,58,149
11/29/2012,TUP,MS,ASO,CE,Federal Contract Tower,0,13,11,12,36,0,2,48,19,69,0,15,59,31,105,52,34,86,191
11/30/2012,TUP,MS,ASO,CE,Federal Contract Tower,0,14,16,14,44,0,0,41,12,53,0,14,57,26,97,56,30,86,183
12/01/2012,TUP,MS,ASO,CE,Federal Contract Tower,0,4,8,0,12,0,1,37,4,42,0,5,45,4,54,44,26,70,124
12/02/2012,TUP,MS,ASO,CE,Federal Contract Tower,0,11,9,0,20,0,7,33,0,40,0,18,42,0,60,38,0,38,98
12/03/2012,TUP,MS,ASO,CE,Federal Contract Tower,0,13,13,20,46,0,12,24,0,36,0,25,37,20,82,20,0,20,102
12/04/2012,TUP,MS,ASO,CE,Federal Contract Tower,0,14,9,4,27,0,0,1,0,1,0,14,10,4,28,0,0,0,28
12/05/2012,TUP,MS,ASO,CE,Federal Contract Tower,0,12,12,2,26,0,1,13,4,18,0,13,25,6,44,22,0,22,66
12/06/2012,TUP,MS,ASO,CE,Federal Contract Tower,0,12,11,17,40,0,4,25,14,43,0,16,36,31,83,14,48,62,145
12/07/2012,TUP,MS,ASO,CE,Federal Contract Tower,0,14,19,15,48,0,4,21,13,38,0,18,40,28,86,8,40,48,134
12/08/2012,TUP,MS,ASO,CE,Federal Contract Tower,0,5,7,2,14,0,3,30,13,46,0,8,37,15,60,54,14,68,128
12/09/2012,TUP,MS,ASO,CE,Federal Contract Tower,0,8,7,0,15,0,4,34,0,38,0,12,41,0,53,24,0,24,77
12/10/2012,TUP,MS,ASO,CE,Federal Contract Tower,0,13,11,12,36,0,2,20,0,22,0,15,31,12,58,0,0,0,58
12/11/2012,TUP,MS,ASO,CE,Federal Contract Tower,0,14,12,13,39,0,2,31,4,37,0,16,43,17,76,22,16,38,114
12/12/2012,TUP,MS,ASO,CE,Federal Contract Tower,0,13,15,15,43,0,0,53,6,59,0,13,68,21,102,52,20,72,174
12/13/2012,TUP,MS,ASO,CE,Federal Contract Tower,2,14,14,21,51,0,4,61,29,94,2,18,75,50,145,50,82,132,277
12/14/2012,TUP,MS,ASO,CE,Federal Contract Tower,0,11,14,17,42,0,2,52,19,73,0,13,66,36,115,48,32,80,195
12/15/2012,TUP,MS,ASO,CE,Federal Contract Tower,0,4,2,2,8,0,0,8,12,20,0,4,10,14,28,0,0,0,28
12/16/2012,TUP,MS,ASO,CE,Federal Contract Tower,0,8,4,0,12,0,0,0,0,0,0,8,4,0,12,0,0,0,12
12/17/2012,TUP,MS,ASO,CE,Federal Contract Tower,0,12,13,15,40,0,2,37,6,45,0,14,50,21,85,82,0,82,167
12/18/2012,TUP,MS,ASO,CE,Federal Contract Tower,0,14,11,7,32,0,1,37,7,45,0,15,48,14,77,26,22,48,125
12/19/2012,TUP,MS,ASO,CE,Federal Contract Tower,0,12,14,8,34,0,2,55,6,63,0,14,69,14,97,60,30,90,187
12/20/2012,TUP,MS,ASO,CE,Federal Contract Tower,0,8,4,10,22,0,4,2,0,6,0,12,6,10,28,0,0,0,28
12/21/2012,TUP,MS,ASO,CE,Federal Contract Tower,0,10,12,12,34,0,1,24,0,25,0,11,36,12,59,22,0,22,81
12/22/2012,TUP,MS,ASO,CE,Federal Contract Tower,0,5,9,0,14,0,3,36,0,39,0,8,45,0,53,50,0,50,103
12/23/2012,TUP,MS,ASO,CE,Federal Contract Tower,0,8,4,0,12,0,0,0,0,0,0,8,4,0,12,0,0,0,12
12/24/2012,TUP,MS,ASO,CE,Federal Contract Tower,0,11,0,0,11,0,8,9,0,17,0,19,9,0,28,12,0,12,40
12/25/2012,TUP,MS,ASO,CE,Federal Contract Tower,0,3,2,0,5,0,0,0,0,0,0,3,2,0,5,0,0,0,5
12/26/2012,TUP,MS,ASO,CE,Federal Contract Tower,0,4,5,0,9,0,0,0,0,0,0,4,5,0,9,0,0,0,9
12/27/2012,TUP,MS,ASO,CE,Federal Contract Tower,1,14,3,0,18,0,2,24,2,28,1,16,27,2,46,38,10,48,94
12/28/2012,TUP,MS,ASO,CE,Federal Contract Tower,0,11,5,0,16,0,2,5,0,7,0,13,10,0,23,0,0,0,23
12/29/2012,TUP,MS,ASO,CE,Federal Contract Tower,0,5,2,0,7,0,11,3,0,14,0,16,5,0,21,10,0,10,31
12/30/2012,TUP,MS,ASO,CE,Federal Contract Tower,0,8,4,0,12,0,5,43,0,48,0,13,47,0,60,66,0,66,126
12/31/2012,TUP,MS,ASO,CE,Federal Contract Tower,0,12,4,0,16,0,6,24,0,30,0,18,28,0,46,24,0,24,70
01/01/2013,TUP,MS,ASO,CE,Federal Contract Tower,0,11,6,0,17,0,0,0,0,0,0,11,6,0,17,0,0,0,17
01/02/2013,TUP,MS,ASO,CE,Federal Contract Tower,0,14,14,10,38,0,0,24,4,28,0,14,38,14,66,12,14,26,92
01/03/2013,TUP,MS,ASO,CE,Federal Contract Tower,0,14,16,5,35,0,3,42,16,61,0,17,58,21,96,56,42,98,194
01/04/2013,TUP,MS,ASO,CE,Federal Contract Tower,0,15,12,14,41,0,4,56,6,66,0,19,68,20,107,64,18,82,189
01/05/2013,TUP,MS,ASO,CE,Federal Contract Tower,0,2,5,0,7,0,4,27,0,31,0,6,32,0,38,26,0,26,64
01/06/2013,TUP,MS,ASO,CE,Federal Contract Tower,0,5,14,0,19,0,4,19,0,23,0,9,33,0,42,20,0,20,62
01/07/2013,TUP,MS,ASO,CE,Federal Contract Tower,0,12,10,7,29,0,4,24,0,28,0,16,34,7,57,38,0,38,95
01/08/2013,TUP,MS,ASO,CE,Federal Contract Tower,0,12,14,20,46,0,2,59,5,66,0,14,73,25,112,46,14,60,172
01/09/2013,TUP,MS,ASO,CE,Federal Contract Tower,0,13,9,32,54,0,0,1,0,1,0,13,10,32,55,0,0,0,55
01/10/2013,TUP,MS,ASO,CE,Federal Contract Tower,0,8,9,0,17,0,0,0,0,0,0,8,9,0,17,0,0,0,17
01/11/2013,TUP,MS,ASO,CE,Federal Contract Tower,0,10,13,37,60,0,1,24,45,70,0,11,37,82,130,0,0,0,130
01/12/2013,TUP,MS,ASO,CE,Federal Contract Tower,0,4,3,0,7,0,2,10,0,12,0,6,13,0,19,0,0,0,19
01/13/2013,TUP,MS,ASO,CE,Federal Contract Tower,0,9,5,0,14,0,0,0,0,0,0,9,5,0,14,0,0,0,14
01/14/2013,TUP,MS,ASO,CE,Federal Contract Tower,0,3,14,0,17,0,0,3,0,3,0,3,17,0,20,0,0,0,20
01/15/2013,TUP,MS,ASO,CE,Federal Contract Tower,0,0,7,0,7,0,0,0,0,0,0,0,7,0,7,0,0,0,7
01/16/2013,TUP,MS,ASO,CE,Federal Contract Tower,0,13,6,16,35,0,0,0,0,0,0,13,6,16,35,0,0,0,35
01/17/2013,TUP,MS,ASO,CE,Federal Contract Tower,0,12,13,8,33,0,0,27,31,58,0,12,40,39,91,4,24,28,119
01/18/2013,TUP,MS,ASO,CE,Federal Contract Tower,0,13,12,7,32,0,1,37,8,46,0,14,49,15,78,46,30,76,154
01/19/2013,TUP,MS,ASO,CE,Federal Contract Tower,0,5,4,0,9,0,2,35,2,39,0,7,39,2,48,24,6,30,78
01/20/2013,TUP,MS,ASO,CE,Federal Contract Tower,0,8,9,4,21,0,0,34,2,36,0,8,43,6,57,74,18,92,149
01/21/2013,TUP,MS,ASO,CE,Federal Contract Tower,0,15,14,4,33,0,7,37,0,44,0,22,51,4,77,68,0,68,145
01/22/2013,TUP,MS,ASO,CE,Federal Contract Tower,0,12,12,4,28,0,2,44,5,51,0,14,56,9,79,34,20,54,133
01/23/2013,TUP,MS,ASO,CE,Federal Contract Tower,0,14,15,14,43,0,0,55,6,61,0,14,70,20,104,56,10,66,170
01/24/2013,TUP,MS,ASO,CE,Federal Contract Tower,0,9,8,12,29,0,6,33,38,77,0,15,41,50,106,26,106,132,238
01/25/2013,TUP,MS,ASO,CE,Federal Contract Tower,0,8,18,13,39,0,0,0,0,0,0,8,18,13,39,0,0,0,39
01/26/2013,TUP,MS,ASO,CE,Federal Contract Tower,0,2,6,1,9,0,0,29,29,58,0,2,35,30,67,62,88,150,217
01/27/2013,TUP,MS,ASO,CE,Federal Contract Tower,0,8,9,2,19,0,5,28,5,38,0,13,37,7,57,26,16,42,99
01/28/2013,TUP,MS,ASO,CE,Federal Contract Tower,1,12,16,21,50,0,0,41,6,47,1,12,57,27,97,40,8,48,145
01/29/2013,TUP,MS,ASO,CE,Federal Contract Tower,0,8,26,15,49,0,0,18,0,18,0,8,44,15,67,20,0,20,87
01/30/2013,TUP,MS,ASO,CE,Federal Contract Tower,0,5,3,9,17,0,0,55,8,63,0,5,58,17,80,42,28,70,150
01/31/2013,TUP,MS,ASO,CE,Federal Contract Tower,0,12,11,4,27,0,3,69,18,90,0,15,80,22,117,62,40,102,219
02/01/2013,TUP,MS,ASO,CE,Federal Contract Tower,0,13,10,0,23,0,3,59,4,66,0,16,69,4,89,70,22,92,181
02/02/2013,TUP,MS,ASO,CE,Federal Contract Tower,0,4,3,0,7,0,5,45,0,50,0,9,48,0,57,58,0,58,115
02/03/2013,TUP,MS,ASO,CE,Federal Contract Tower,0,8,3,0,11,0,1,45,0,46,0,9,48,0,57,42,0,42,99
02/04/2013,TUP,MS,ASO,CE,Federal Contract Tower,0,12,10,14,36,0,6,34,0,40,0,18,44,14,76,38,0,38,114
02/05/2013,TUP,MS,ASO,CE,Federal Contract Tower,0,14,15,13,42,0,3,46,5,54,0,17,61,18,96,80,0,80,176
02/06/2013,TUP,MS,ASO,CE,Federal Contract Tower,0,11,20,10,41,0,3,79,10,92,0,14,99,20,133,46,32,78,211
02/07/2013,TUP,MS,ASO,CE,Federal Contract Tower,0,6,14,6,26,0,9,51,30,90,0,15,65,36,116,56,48,104,220
02/08/2013,TUP,MS,ASO,CE,Federal Contract Tower,0,13,9,19,41,0,2,39,61,102,0,15,48,80,143,22,82,104,247
02/09/2013,TUP,MS,ASO,CE,Federal Contract Tower,0,4,2,2,8,0,0,32,28,60,0,4,34,30,68,30,20,50,118
02/10/2013,TUP,MS,ASO,CE,Federal Contract Tower,0,4,3,0,7,0,0,0,0,0,0,4,3,0,7,0,0,0,7
02/11/2013,TUP,MS,ASO,CE,Federal Contract Tower,0,6,11,30,47,0,56,6,0,62,0,62,17,30,109,44,0,44,153
02/12/2013,TUP,MS,ASO,CE,Federal Contract Tower,0,12,8,14,34,0,0,33,0,33,0,12,41,14,67,24,0,24,91
02/13/2013,TUP,MS,ASO,CE,Federal Contract Tower,0,13,19,14,46,0,0,53,6,59,0,13,72,20,105,36,24,60,165
02/14/2013,TUP,MS,ASO,CE,Federal Contract Tower,0,10,21,10,41,0,3,70,10,83,0,13,91,20,124,76,36,112,236
02/15/2013,TUP,MS,ASO,CE,Federal Contract Tower,0,19,24,8,51,0,10,77,6,93,0,29,101,14,144,56,20,76,220
02/16/2013,TUP,MS,ASO,CE,Federal Contract Tower,0,6,7,0,13,0,3,44,2,49,0,9,51,2,62,50,4,54,116
02/17/2013,TUP,MS,ASO,CE,Federal Contract Tower,0,10,11,0,21,0,2,56,0,58,0,12,67,0,79,102,0,102,181
02/18/2013,TUP,MS,ASO,CE,Federal Contract Tower,0,10,3,0,13,0,5,28,0,33,0,15,31,0,46,0,0,0,46
02/19/2013,TUP,MS,ASO,CE,Federal Contract Tower,0,13,13,13,39,0,0,50,7,57,0,13,63,20,96,48,36,84,180
02/20/2013,TUP,MS,ASO,CE,Federal Contract Tower,0,13,15,12,40,0,4,68,8,80,0,17,83,20,120,46,30,76,196
02/21/2013,TUP,MS,ASO,CE,Federal Contract Tower,0,12,12,10,34,0,4,17,0,21,0,16,29,10,55,30,0,30,85
02/22/2013,TUP,MS,ASO,CE,Federal Contract Tower,0,9,4,5,18,0,0,34,30,64,0,9,38,35,82,24,126,150,232
02/23/2013,TUP,MS,ASO,CE,Federal Contract Tower,0,4,3,6,13,0,7,42,55,104,0,11,45,61,117,64,40,104,221
02/24/2013,TUP,MS,ASO,CE,Federal Contract Tower,0,8,5,6,19,0,3,43,25,71,0,11,48,31,90,42,22,64,154
02/25/2013,TUP,MS,ASO,CE,Federal Contract Tower,0,11,10,29,50,0,4,19,0,23,0,15,29,29,73,44,0,44,117
02/26/2013,TUP,MS,ASO,CE,Federal Contract Tower,1,12,9,4,26,0,4,33,5,42,1,16,42,9,68,0,0,0,68
02/27/2013,TUP,MS,ASO,CE,Federal Contract Tower,0,11,9,8,28,0,1,56,13,70,0,12,65,21,98,38,38,76,174
02/28/2013,TUP,MS,ASO,CE,Federal Contract Tower,1,16,38,6,61,0,10,90,30,130,1,26,128,36,191,46,50,96,287
03/01/2013,TUP,MS,ASO,CE,Federal Contract Tower,0,13,26,0,39,0,13,68,22,103,0,26,94,22,142,72,50,122,264
03/02/2013,TUP,MS,ASO,CE,Federal Contract Tower,0,4,5,0,9,0,9,37,15,61,0,13,42,15,70,20,16,36,106
03/03/2013,TUP,MS,ASO,CE,Federal Contract Tower,0,8,12,4,24,0,5,71,8,84,0,13,83,12,108,70,0,70,178
03/04/2013,TUP,MS,ASO,CE,Federal Contract Tower,0,12,9,11,32,0,15,36,1,52,0,27,45,12,84,44,0,44,128
03/05/2013,TUP,MS,ASO,CE,Federal Contract Tower,0,12,5,4,21,0,1,61,9,71,0,13,66,13,92,46,40,86,178
03/06/2013,TUP,MS,ASO,CE,Federal Contract Tower,0,13,16,8,37,0,3,61,12,76,0,16,77,20,113,48,32,80,193
03/07/2013,TUP,MS,ASO,CE,Federal Contract Tower,0,12,12,13,37,0,11,106,40,157,0,23,118,53,194,92,116,208,402
03/08/2013,TUP,MS,ASO,CE,Federal Contract Tower,0,15,16,14,45,0,11,86,7,104,0,26,102,21,149,78,44,122,271
03/09/2013,TUP,MS,ASO,CE,Federal Contract Tower,0,4,10,0,14,0,7,53,4,64,0,11,63,4,78,34,20,54,132
03/10/2013,TUP,MS,ASO,CE,Federal Contract Tower,0,6,6,9,21,0,2,15,0,17,0,8,21,9,38,24,0,24,62
03/11/2013,TUP,MS,ASO,CE,Federal Contract Tower,0,9,5,10,24,0,5,50,11,66,0,14,55,21,90,24,28,52,142
03/12/2013,TUP,MS,ASO,CE,Federal Contract Tower,0,12,9,8,29,0,0,54,13,67,0,12,63,21,96,54,38,92,188
03/13/2013,TUP,MS,ASO,CE,Federal Contract Tower,0,14,14,12,40,0,3,65,16,84,0,17,79,28,124,46,36,82,206
03/14/2013,TUP,MS,ASO,CE,Federal Contract Tower,0,16,24,2,42,0,11,65,30,106,0,27,89,32,148,52,78,130,278
03/15/2013,TUP,MS,ASO,CE,Federal Contract Tower,0,14,10,2,26,0,5,75,8,88,0,19,85,10,114,38,42,80,194
03/16/2013,TUP,MS,ASO,CE,Federal Contract Tower,0,4,7,5,16,0,7,51,3,61,0,11,58,8,77,28,20,48,125
03/17/2013,TUP,MS,ASO,CE,Federal Contract Tower,0,9,9,0,18,0,7,41,0,48,0,16,50,0,66,70,0,70,136
03/18/2013,TUP,MS,ASO,CE,Federal Contract Tower,0,10,7,0,17,0,1,2,0,3,0,11,9,0,20,0,0,0,20
03/19/2013,TUP,MS,ASO,CE,Federal Contract Tower,0,12,10,5,27,0,3,62,9,74,0,15,72,14,101,50,30,80,181
03/20/2013,TUP,MS,ASO,CE,Federal Contract Tower,3,14,24,0,41,0,4,68,8,80,3,18,92,8,121,58,34,92,213
03/21/2013,TUP,MS,ASO,CE,Federal Contract Tower,0,16,30,11,57,0,7,86,28,121,0,23,116,39,178,36,70,106,284
03/22/2013,TUP,MS,ASO,CE,Federal Contract Tower,0,12,12,12,36,0,0,0,0,0,0,12,12,12,36,32,0,32,68
03/23/2013,TUP,MS,ASO,CE,Federal Contract Tower,0,6,9,0,15,0,1,8,0,9,0,7,17,0,24,0,0,0,24
03/24/2013,TUP,MS,ASO,CE,Federal Contract Tower,0,8,4,4,16,0,7,5,0,12,0,15,9,4,28,0,0,0,28
03/25/2013,TUP,MS,ASO,CE,Federal Contract Tower,1,8,15,6,30,0,1,14,3,18,1,9,29,9,48,0,10,10,58
03/26/2013,TUP,MS,ASO,CE,Federal Contract Tower,0,12,16,6,34,0,3,62,31,96,0,15,78,37,130,54,70,124,254
03/27/2013,TUP,MS,ASO,CE,Federal Contract Tower,0,13,10,4,27,0,0,71,26,97,0,13,81,30,124,88,44,132,256
03/28/2013,TUP,MS,ASO,CE,Federal Contract Tower,0,14,11,14,39,0,9,79,46,134,0,23,90,60,173,68,70,138,311
03/29/2013,TUP,MS,ASO,CE,Federal Contract Tower,0,12,9,6,27,0,6,43,12,61,0,18,52,18,88,56,40,96,184
03/30/2013,TUP,MS,ASO,CE,Federal Contract Tower,0,6,3,0,9,0,4,10,0,14,0,10,13,0,23,0,0,0,23
03/31/2013,TUP,MS,ASO,CE,Federal Contract Tower,0,13,7,0,20,0,7,22,0,29,0,20,29,0,49,6,0,6,55
04/01/2013,TUP,MS,ASO,CE,Federal Contract Tower,0,11,16,0,27,0,5,28,0,33,0,16,44,0,60,76,0,76,136
04/02/2013,TUP,MS,ASO,CE,Federal Contract Tower,0,15,16,26,57,0,2,81,8,91,0,17,97,34,148,34,30,64,212
04/03/2013,TUP,MS,ASO,CE,Federal Contract Tower,0,15,13,4,32,0,6,32,6,44,0,21,45,10,76,26,18,44,120
04/04/2013,TUP,MS,ASO,CE,Federal Contract Tower,0,20,8,8,36,0,0,0,0,0,0,20,8,8,36,0,0,0,36
04/05/2013,TUP,MS,ASO,CE,Federal Contract Tower,0,13,21,11,45,0,8,91,30,129,0,21,112,41,174,68,58,126,300
04/06/2013,TUP,MS,ASO,CE,Federal Contract Tower,0,6,13,4,23,0,2,107,5,114,0,8,120,9,137,70,14,84,221
04/07/2013,TUP,MS,ASO,CE,Federal Contract Tower,0,8,8,24,40,0,7,75,0,82,0,15,83,24,122,56,0,56,178
04/08/2013,TUP,MS,ASO,CE,Federal Contract Tower,0,12,5,18,35,0,3,41,11,55,0,15,46,29,90,46,10,56,146
04/09/2013,TUP,MS,ASO,CE,Federal Contract Tower,0,12,4,26,42,0,2,53,20,75,0,14,57,46,117,32,36,68,185
04/10/2013,TUP,MS,ASO,CE,Federal Contract Tower,0,12,19,13,44,0,4,73,20,97,0,16,92,33,141,54,50,104,245
04/11/2013,TUP,MS,ASO,CE,Federal Contract Tower,0,8,14,2,24,0,1,0,0,1,0,9,14,2,25,0,0,0,25
04/12/2013,TUP,MS,ASO,CE,Federal Contract Tower,0,9,15,5,29,0,4,66,20,90,0,13,81,25,119,48,40,88,207
04/13/2013,TUP,MS,ASO,CE,Federal Contract Tower,0,5,9,0,14,0,11,75,2,88,0,16,84,2,102,72,10,82,184
04/14/2013,TUP,MS,ASO,CE,Federal Contract Tower,0,9,8,10,27,0,0,38,5,43,0,9,46,15,70,68,10,78,148
04/15/2013,TUP,MS,ASO,CE,Federal Contract Tower,0,12,17,18,47,0,2,60,0,62,0,14,77,18,109,40,0,40,149
04/16/2013,TUP,MS,ASO,CE,Federal Contract Tower,0,13,19,3,35,0,3,69,6,78,0,16,88,9,113,42,34,76,189
04/17/2013,TUP,MS,ASO,CE,Federal Contract Tower,0,14,12,13,39,0,0,0,0,0,0,14,12,13,39,44,38,82,121
04/18/2013,TUP,MS,ASO,CE,Federal Contract Tower,0,10,10,6,26,0,5,46,6,57,0,15,56,12,83,28,16,44,127
04/19/2013,TUP,MS,ASO,CE,Federal Contract Tower,0,12,16,9,37,0,1,62,28,91,0,13,78,37,128,38,74,112,240
04/20/2013,TUP,MS,ASO,CE,Federal Contract Tower,0,7,7,0,14,0,5,53,19,77,0,12,60,19,91,48,20,68,159
04/21/2013,TUP,MS,ASO,CE,Federal Contract Tower,0,8,11,1,20,0,10,59,13,82,0,18,70,14,102,46,0,46,148
04/22/2013,TUP,MS,ASO,CE,Federal Contract Tower,0,12,20,50,82,0,4,64,8,76,0,16,84,58,158,54,10,64,222
04/23/2013,TUP,MS,ASO,CE,Federal Contract Tower,1,14,19,36,70,0,3,53,13,69,1,17,72,49,139,42,38,80,219
04/24/2013,TUP,MS,ASO,CE,Federal Contract Tower,0,14,15,13,42,0,3,53,11,67,0,17,68,24,109,50,31,81,190
04/25/2013,TUP,MS,ASO,CE,Federal Contract Tower,2,22,24,22,70,0,3,85,39,127,2,25,109,61,197,40,44,84,281
04/26/2013,TUP,MS,ASO,CE,Federal Contract Tower,0,12,18,30,60,0,5,57,19,81,0,17,75,49,141,52,34,86,227
04/27/2013,TUP,MS,ASO,CE,Federal Contract Tower,0,4,8,4,16,0,0,36,6,42,0,4,44,10,58,26,16,42,100
04/28/2013,TUP,MS,ASO,CE,Federal Contract Tower,0,8,5,6,19,0,5,24,0,29,0,13,29,6,48,32,0,32,80
04/29/2013,TUP,MS,ASO,CE,Federal Contract Tower,0,8,21,21,50,0,4,64,3,71,0,12,85,24,121,44,8,52,173
04/30/2013,TUP,MS,ASO,CE,Federal Contract Tower,0,14,7,24,45,0,6,68,0,74,0,20,75,24,119,62,0,62,181
05/01/2013,TUP,MS,ASO,CE,Federal Contract Tower,0,14,12,46,72,0,5,32,4,41,0,19,44,50,113,28,0,28,141
05/02/2013,TUP,MS,ASO,CE,Federal Contract Tower,0,34,21,12,67,0,15,62,6,83,0,49,83,18,150,60,22,82,232
05/03/2013,TUP,MS,ASO,CE,Federal Contract Tower,0,17,7,0,24,0,0,4,0,4,0,17,11,0,28,0,0,0,28
05/04/2013,TUP,MS,ASO,CE,Federal Contract Tower,0,4,8,0,12,0,4,50,2,56,0,8,58,2,68,64,6,70,138
05/05/2013,TUP,MS,ASO,CE,Federal Contract Tower,0,5,6,0,11,0,0,13,0,13,0,5,19,0,24,16,0,16,40
05/06/2013,TUP,MS,ASO,CE,Federal Contract Tower,0,12,21,26,59,0,1,26,0,27,0,13,47,26,86,34,0,34,120
05/07/2013,TUP,MS,ASO,CE,Federal Contract Tower,0,26,22,5,53,0,6,75,6,87,0,32,97,11,140,72,36,108,248
05/08/2013,TUP,MS,ASO,CE,Federal Contract Tower,0,12,14,9,35,0,4,82,10,96,0,16,96,19,131,60,26,86,217
05/09/2013,TUP,MS,ASO,CE,Federal Contract Tower,2,23,2,5,32,0,5,71,14,90,2,28,73,19,122,68,44,112,234
05/10/2013,TUP,MS,ASO,CE,Federal Contract Tower,0,7,4,4,15,0,1,28,18,47,0,8,32,22,62,16,22,38,100
05/11/2013,TUP,MS,ASO,CE,Federal Contract Tower,0,3,7,0,10,0,7,43,17,67,0,10,50,17,77,48,28,76,153
05/12/2013,TUP,MS,ASO,CE,Federal Contract Tower,0,6,4,6,16,0,4,47,4,55,0,10,51,10,71,50,10,60,131
05/13/2013,TUP,MS,ASO,CE,Federal Contract Tower,0,12,10,20,42,0,7,67,0,74,0,19,77,20,116,62,0,62,178
05/14/2013,TUP,MS,ASO,CE,Federal Contract Tower,0,14,11,12,37,0,4,67,6,77,0,18,78,18,114,66,16,82,196
05/15/2013,TUP,MS,ASO,CE,Federal Contract Tower,0,12,12,7,31,0,3,76,10,89,0,15,88,17,120,98,26,124,244
05/16/2013,TUP,MS,ASO,CE,Federal Contract Tower,1,12,14,23,50,2,6,65,7,80,3,18,79,30,130,78,28,106,236
05/17/2013,TUP,MS,ASO,CE,Federal Contract Tower,0,13,17,0,30,0,1,22,0,23,0,14,39,0,53,16,0,16,69
05/18/2013,TUP,MS,ASO,CE,Federal Contract Tower,0,4,7,0,11,0,2,17,0,19,0,6,24,0,30,38,0,38,68
05/19/2013,TUP,MS,ASO,CE,Federal Contract Tower,0,5,6,3,14,0,10,33,0,43,0,15,39,3,57,48,0,48,105
05/20/2013,TUP,MS,ASO,CE,Federal Contract Tower,0,11,9,16,36,0,8,42,4,54,0,19,51,20,90,40,32,72,162
05/21/2013,TUP,MS,ASO,CE,Federal Contract Tower,1,10,17,18,46,0,0,40,6,46,1,10,57,24,92,54,10,64,156
05/22/2013,TUP,MS,ASO,CE,Federal Contract Tower,1,12,6,30,49,0,3,51,8,62,1,15,57,38,111,72,28,100,211
05/23/2013,TUP,MS,ASO,CE,Federal Contract Tower,1,12,22,22,57,0,5,81,5,91,1,17,103,27,148,96,24,120,268
05/24/2013,TUP,MS,ASO,CE,Federal Contract Tower,0,13,8,0,21,0,3,61,5,69,0,16,69,5,90,42,12,54,144
05/25/2013,TUP,MS,ASO,CE,Federal Contract Tower,0,3,1,20,24,0,2,43,0,45,0,5,44,20,69,48,0,48,117
05/26/2013,TUP,MS,ASO,CE,Federal Contract Tower,0,8,6,0,14,0,4,30,7,41,0,12,36,7,55,52,0,52,107
05/27/2013,TUP,MS,ASO,CE,Federal Contract Tower,0,12,8,0,20,0,2,36,0,38,0,14,44,0,58,44,0,44,102
05/28/2013,TUP,MS,ASO,CE,Federal Contract Tower,0,14,10,27,51,0,0,57,8,65,0,14,67,35,116,56,22,78,194
05/29/2013,TUP,MS,ASO,CE,Federal Contract Tower,0,12,7,47,66,0,2,56,10,68,0,14,63,57,134,44,20,64,198
05/30/2013,TUP,MS,ASO,CE,Federal Contract Tower,0,12,11,28,51,0,1,42,26,69,0,13,53,54,120,28,22,50,170
05/31/2013,TUP,MS,ASO,CE,Federal Contract Tower,0,12,12,30,54,0,4,54,6,64,0,16,66,36,118,66,22,88,206
06/01/2013,TUP,MS,ASO,CE,Federal Contract Tower,0,4,6,2,12,0,0,13,0,13,0,4,19,2,25,6,14,20,45
06/02/2013,TUP,MS,ASO,CE,Federal Contract Tower,2,7,9,4,22,0,0,27,0,27,2,7,36,4,49,20,0,20,69
06/03/2013,TUP,MS,ASO,CE,Federal Contract Tower,0,12,13,28,53,0,1,53,5,59,0,13,66,33,112,40,16,56,168
06/04/2013,TUP,MS,ASO,CE,Federal Contract Tower,0,16,11,24,51,0,2,42,12,56,0,18,53,36,107,64,32,96,203
06/05/2013,TUP,MS,ASO,CE,Federal Contract Tower,0,9,9,12,30,0,0,33,3,36,0,9,42,15,66,16,0,16,82
06/06/2013,TUP,MS,ASO,CE,Federal Contract Tower,2,14,13,19,48,0,0,42,21,63,2,14,55,40,111,14,22,36,147
06/07/2013,TUP,MS,ASO,CE,Federal Contract Tower,0,10,11,40,61,0,6,40,28,74,0,16,51,68,135,54,46,100,235
06/08/2013,TUP,MS,ASO,CE,Federal Contract Tower,0,6,12,11,29,0,6,53,12,71,0,12,65,23,100,26,4,30,130
06/09/2013,TUP,MS,ASO,CE,Federal Contract Tower,0,7,13,4,24,0,0,31,7,38,0,7,44,11,62,16,0,16,78
06/10/2013,TUP,MS,ASO,CE,Federal Contract Tower,0,11,12,30,53,0,7,27,2,36,0,18,39,32,89,22,0,22,111
06/11/2013,TUP,MS,ASO,CE,Federal Contract Tower,0,12,8,27,47,0,2,60,6,68,0,14,68,33,115,40,22,62,177
06/12/2013,TUP,MS,ASO,CE,Federal Contract Tower,0,12,8,28,48,0,4,66,13,83,0,16,74,41,131,44,30,74,205
06/13/2013,TUP,MS,ASO,CE,Federal Contract Tower,0,10,8,19,37,0,4,51,15,70,0,14,59,34,107,34,16,50,157
06/14/2013,TUP,MS,ASO,CE,Federal Contract Tower,0,11,9,18,38,0,4,60,12,76,0,15,69,30,114,80,32,112,226
06/15/2013,TUP,MS,ASO,CE,Federal Contract Tower,0,4,15,0,19,0,4,43,0,47,0,8,58,0,66,46,0,46,112
06/16/2013,TUP,MS,ASO,CE,Federal Contract Tower,0,8,17,0,25,0,3,30,0,33,0,11,47,0,58,24,0,24,82
06/17/2013,TUP,MS,ASO,CE,Federal Contract Tower,0,11,9,24,44,0,0,43,14,57,0,11,52,38,101,32,0,32,133
06/18/2013,TUP,MS,ASO,CE,Federal Contract Tower,0,15,11,36,62,0,2,31,2,35,0,17,42,38,97,22,0,22,119
06/19/2013,TUP,MS,ASO,CE,Federal Contract Tower,1,12,5,22,40,0,0,49,3,52,1,12,54,25,92,30,0,30,122
06/20/2013,TUP,MS,ASO,CE,Federal Contract Tower,0,14,19,15,48,0,2,53,10,65,0,16,72,25,113,38,42,80,193
06/21/2013,TUP,MS,ASO,CE,Federal Contract Tower,0,12,8,4,24,0,8,51,26,85,0,20,59,30,109,34,26,60,169
06/22/2013,TUP,MS,ASO,CE,Federal Contract Tower,0,8,8,19,35,0,4,47,22,73,0,12,55,41,108,38,32,70,178
06/23/2013,TUP,MS,ASO,CE,Federal Contract Tower,0,4,10,6,20,0,1,27,4,32,0,5,37,10,52,20,0,20,72
06/24/2013,TUP,MS,ASO,CE,Federal Contract Tower,0,12,10,28,50,0,7,36,0,43,0,19,46,28,93,22,0,22,115
06/25/2013,TUP,MS,ASO,CE,Federal Contract Tower,1,13,10,12,36,0,0,55,2,57,1,13,65,14,93,40,18,58,151
06/26/2013,TUP,MS,ASO,CE,Federal Contract Tower,0,8,17,23,48,0,1,44,6,51,0,9,61,29,99,26,14,40,139
06/27/2013,TUP,MS,ASO,CE,Federal Contract Tower,1,15,11,4,31,0,1,57,24,82,1,16,68,28,113,22,28,50,163
06/28/2013,TUP,MS,ASO,CE,Federal Contract Tower,0,17,8,8,33,0,0,8,0,8,0,17,16,8,41,12,0,12,53
06/29/2013,TUP,MS,ASO,CE,Federal Contract Tower,0,4,13,14,31,0,0,25,6,31,0,4,38,20,62,10,8,18,80
06/30/2013,TUP,MS,ASO,CE,Federal Contract Tower,0,4,16,0,20,0,2,35,0,37,0,6,51,0,57,28,0,28,85
07/01/2013,TUP,MS,ASO,CE,Federal Contract Tower,0,13,10,32,55,0,0,26,10,36,0,13,36,42,91,40,0,40,131
07/02/2013,TUP,MS,ASO,CE,Federal Contract Tower,0,12,1,21,34,0,0,43,11,54,0,12,44,32,88,22,2,24,112
07/03/2013,TUP,MS,ASO,CE,Federal Contract Tower,0,12,18,26,56,0,6,57,0,63,0,18,75,26,119,54,10,64,183
07/04/2013,TUP,MS,ASO,CE,Federal Contract Tower,0,12,0,0,12,0,2,31,0,33,0,14,31,0,45,22,0,22,67
07/05/2013,TUP,MS,ASO,CE,Federal Contract Tower,0,12,7,0,19,0,2,17,0,19,0,14,24,0,38,16,0,16,54
07/06/2013,TUP,MS,ASO,CE,Federal Contract Tower,0,6,6,0,12,0,9,22,0,31,0,15,28,0,43,22,0,22,65
07/07/2013,TUP,MS,ASO,CE,Federal Contract Tower,0,6,6,0,12,0,2,35,0,37,0,8,41,0,49,48,0,48,97
07/08/2013,TUP,MS,ASO,CE,Federal Contract Tower,0,13,2,18,33,0,3,20,0,23,0,16,22,18,56,8,0,8,64
07/09/2013,TUP,MS,ASO,CE,Federal Contract Tower,0,13,13,22,48,0,0,47,0,47,0,13,60,22,95,36,0,36,131
07/10/2013,TUP,MS,ASO,CE,Federal Contract Tower,1,10,11,12,34,0,0,37,9,46,1,10,48,21,80,24,14,38,118
07/11/2013,TUP,MS,ASO,CE,Federal Contract Tower,0,12,15,8,35,0,6,39,32,77,0,18,54,40,112,26,40,66,178
07/12/2013,TUP,MS,ASO,CE,Federal Contract Tower,0,22,11,22,55,0,7,48,12,67,0,29,59,34,122,64,22,86,208
07/13/2013,TUP,MS,ASO,CE,Federal Contract Tower,0,8,4,8,20,0,9,47,1,57,0,17,51,9,77,48,2,50,127
07/14/2013,TUP,MS,ASO,CE,Federal Contract Tower,0,6,9,6,21,0,0,23,2,25,0,6,32,8,46,34,0,34,80
07/15/2013,TUP,MS,ASO,CE,Federal Contract Tower,0,13,10,32,55,0,4,39,2,45,0,17,49,34,100,34,0,34,134
07/16/2013,TUP,MS,ASO,CE,Federal Contract Tower,0,13,13,15,41,0,0,42,11,53,0,13,55,26,94,56,20,76,170
07/17/2013,TUP,MS,ASO,CE,Federal Contract Tower,0,14,11,21,46,0,1,47,18,66,0,15,58,39,112,38,14,52,164
07/18/2013,TUP,MS,ASO,CE,Federal Contract Tower,0,9,15,21,45,0,6,47,10,63,0,15,62,31,108,56,36,92,200
07/19/2013,TUP,MS,ASO,CE,Federal Contract Tower,1,17,13,10,41,0,0,37,3,40,1,17,50,13,81,16,0,16,97
07/20/2013,TUP,MS,ASO,CE,Federal Contract Tower,0,6,6,11,23,0,4,23,4,31,0,10,29,15,54,22,0,22,76
07/21/2013,TUP,MS,ASO,CE,Federal Contract Tower,0,7,4,20,31,0,1,28,0,29,0,8,32,20,60,40,0,40,100
07/22/2013,TUP,MS,ASO,CE,Federal Contract Tower,0,14,13,8,35,0,5,1,0,6,0,19,14,8,41,0,0,0,41
07/23/2013,TUP,MS,ASO,CE,Federal Contract Tower,0,13,4,16,33,0,1,20,0,21,0,14,24,16,54,14,0,14,68
07/24/2013,TUP,MS,ASO,CE,Federal Contract Tower,0,14,35,13,62,0,4,21,4,29,0,18,56,17,91,12,0,12,103
07/25/2013,TUP,MS,ASO,CE,Federal Contract Tower,0,12,8,21,41,0,0,45,10,55,0,12,53,31,96,24,20,44,140
07/26/2013,TUP,MS,ASO,CE,Federal Contract Tower,0,12,10,21,43,0,1,47,9,57,0,13,57,30,100,46,18,64,164
07/27/2013,TUP,MS,ASO,CE,Federal Contract Tower,0,12,4,7,23,0,5,50,9,64,0,17,54,16,87,72,12,84,171
07/28/2013,TUP,MS,ASO,CE,Federal Contract Tower,0,6,7,10,23,0,0,36,6,42,0,6,43,16,65,18,8,26,91
07/29/2013,TUP,MS,ASO,CE,Federal Contract Tower,0,17,14,28,59,0,3,44,5,52,0,20,58,33,111,22,0,22,133
07/30/2013,TUP,MS,ASO,CE,Federal Contract Tower,0,12,9,25,46,0,0,0,0,0,0,12,9,25,46,36,28,64,110
07/31/2013,TUP,MS,ASO,CE,Federal Contract Tower,0,15,13,22,50,0,4,50,0,54,0,19,63,22,104,40,0,40,144
08/01/2013,TUP,MS,ASO,CE,Federal Contract Tower,0,17,20,26,63,0,2,50,28,80,0,19,70,54,143,28,34,62,205
08/02/2013,TUP,MS,ASO,CE,Federal Contract Tower,0,12,14,16,42,0,2,55,2,59,0,14,69,18,101,44,10,54,155
08/03/2013,TUP,MS,ASO,CE,Federal Contract Tower,0,6,7,0,13,0,6,35,0,41,0,12,42,0,54,46,0,46,100
08/04/2013,TUP,MS,ASO,CE,Federal Contract Tower,0,6,7,10,23,0,1,28,0,29,0,7,35,10,52,20,0,20,72
08/05/2013,TUP,MS,ASO,CE,Federal Contract Tower,0,16,17,14,47,0,3,28,0,31,0,19,45,14,78,20,0,20,98
08/06/2013,TUP,MS,ASO,CE,Federal Contract Tower,0,14,17,14,45,0,0,14,2,16,0,14,31,16,61,10,0,10,71
08/07/2013,TUP,MS,ASO,CE,Federal Contract Tower,0,9,20,24,53,0,3,45,6,54,0,12,65,30,107,28,26,54,161
08/08/2013,TUP,MS,ASO,CE,Federal Contract Tower,0,13,11,12,36,0,2,52,14,68,0,15,63,26,104,38,20,58,162
08/09/2013,TUP,MS,ASO,CE,Federal Contract Tower,0,18,9,3,30,0,0,43,7,50,0,18,52,10,80,40,20,60,140
08/10/2013,TUP,MS,ASO,CE,Federal Contract Tower,0,8,7,1,16,0,5,41,4,50,0,13,48,5,66,74,4,78,144
08/11/2013,TUP,MS,ASO,CE,Federal Contract Tower,0,8,8,0,16,0,1,20,0,21,0,9,28,0,37,4,0,4,41
08/12/2013,TUP,MS,ASO,CE,Federal Contract Tower,0,11,19,6,36,0,1,20,11,32,0,12,39,17,68,52,20,72,140
08/13/2013,TUP,MS,ASO,CE,Federal Contract Tower,0,12,18,21,51,0,3,41,7,51,0,15,59,28,102,20,22,42,144
08/14/2013,TUP,MS,ASO,CE,Federal Contract Tower,0,12,25,35,72,0,7,60,15,82,0,19,85,50,154,38,26,64,218
08/15/2013,TUP,MS,ASO,CE,Federal Contract Tower,1,18,32,32,83,0,12,97,16,125,1,30,129,48,208,30,22,52,260
08/16/2013,TUP,MS,ASO,CE,Federal Contract Tower,0,13,16,18,47,0,1,51,24,76,0,14,67,42,123,40,32,72,195
08/17/2013,TUP,MS,ASO,CE,Federal Contract Tower,0,6,11,21,38,0,9,42,4,55,0,15,53,25,93,18,70,88,181
08/18/2013,TUP,MS,ASO,CE,Federal Contract Tower,0,6,6,13,25,0,0,23,2,25,0,6,29,15,50,22,12,34,84
08/19/2013,TUP,MS,ASO,CE,Federal Contract Tower,0,14,6,24,44,0,1,17,0,18,0,15,23,24,62,26,0,26,88
08/20/2013,TUP,MS,ASO,CE,Federal Contract Tower,0,13,14,18,45,0,3,41,3,47,0,16,55,21,92,28,18,46,138
08/21/2013,TUP,MS,ASO,CE,Federal Contract Tower,0,13,7,36,56,0,51,7,0,58,0,64,14,36,114,46,26,72,186
08/22/2013,TUP,MS,ASO,CE,Federal Contract Tower,0,16,9,37,62,0,10,48,24,82,0,26,57,61,144,48,52,100,244
08/23/2013,TUP,MS,ASO,CE,Federal Contract Tower,0,17,11,43,71,0,5,56,28,89,0,22,67,71,160,68,26,94,254
08/24/2013,TUP,MS,ASO,CE,Federal Contract Tower,0,6,12,3,21,0,1,39,57,97,0,7,51,60,118,14,62,76,194
08/25/2013,TUP,MS,ASO,CE,Federal Contract Tower,0,6,12,3,21,0,11,44,9,64,0,17,56,12,85,48,0,48,133
08/26/2013,TUP,MS,ASO,CE,Federal Contract Tower,0,16,7,41,64,0,0,42,1,43,0,16,49,42,107,56,0,56,163
08/27/2013,TUP,MS,ASO,CE,Federal Contract Tower,0,14,11,17,42,0,2,58,4,64,0,16,69,21,106,40,18,58,164
08/28/2013,TUP,MS,ASO,CE,Federal Contract Tower,2,14,18,32,66,0,2,63,6,71,2,16,81,38,137,34,18,52,189
08/29/2013,TUP,MS,ASO,CE,Federal Contract Tower,0,16,15,41,72,0,8,58,6,72,0,24,73,47,144,50,22,72,216
08/30/2013,TUP,MS,ASO,CE,Federal Contract Tower,0,20,16,29,65,0,6,77,6,89,0,26,93,35,154,54,20,74,228
08/31/2013,TUP,MS,ASO,CE,Federal Contract Tower,0,6,8,0,14,0,2,46,0,48,0,8,54,0,62,28,0,28,90
09/01/2013,TUP,MS,ASO,CE,Federal Contract Tower,0,6,7,0,13,0,4,29,0,33,0,10,36,0,46,20,0,20,66
09/02/2013,TUP,MS,ASO,CE,Federal Contract Tower,0,8,6,0,14,0,0,16,0,16,0,8,22,0,30,10,0,10,40
09/03/2013,TUP,MS,ASO,CE,Federal Contract Tower,0,9,9,18,36,0,0,32,2,34,0,9,41,20,70,18,6,24,94
09/04/2013,TUP,MS,ASO,CE,Federal Contract Tower,0,15,29,34,78,0,1,70,7,78,0,16,99,41,156,74,12,86,242
09/05/2013,TUP,MS,ASO,CE,Federal Contract Tower,0,12,16,35,63,0,4,68,6,78,0,16,84,41,141,38,14,52,193
09/06/2013,TUP,MS,ASO,CE,Federal Contract Tower,0,14,15,15,44,0,56,68,16,140,0,70,83,31,184,116,30,146,330
09/07/2013,TUP,MS,ASO,CE,Federal Contract Tower,0,6,14,19,39,0,23,96,2,121,0,29,110,21,160,64,18,82,242
09/08/2013,TUP,MS,ASO,CE,Federal Contract Tower,0,7,14,6,27,0,3,34,2,39,0,10,48,8,66,30,14,44,110
09/09/2013,TUP,MS,ASO,CE,Federal Contract Tower,0,14,6,6,26,0,1,41,10,52,0,15,47,16,78,54,20,74,152
09/10/2013,TUP,MS,ASO,CE,Federal Contract Tower,0,12,20,9,41,0,0,47,4,51,0,12,67,13,92,46,14,60,152
09/11/2013,TUP,MS,ASO,CE,Federal Contract Tower,0,12,10,16,38,0,0,43,8,51,0,12,53,24,89,38,20,58,147
09/12/2013,TUP,MS,ASO,CE,Federal Contract Tower,0,14,23,15,52,0,6,56,12,74,0,20,79,27,126,36,20,56,182
09/13/2013,TUP,MS,ASO,CE,Federal Contract Tower,0,14,10,0,24,0,21,45,25,91,0,35,55,25,115,32,56,88,203
09/14/2013,TUP,MS,ASO,CE,Federal Contract Tower,0,6,3,3,12,0,6,46,23,75,0,12,49,26,87,38,22,60,147
09/15/2013,TUP,MS,ASO,CE,Federal Contract Tower,0,3,8,2,13,0,1,39,14,54,0,4,47,16,67,36,26,62,129
09/16/2013,TUP,MS,ASO,CE,Federal Contract Tower,1,14,11,42,68,0,5,49,0,54,1,19,60,42,122,42,0,42,164
09/17/2013,TUP,MS,ASO,CE,Federal Contract Tower,0,12,21,11,44,0,0,49,42,91,0,12,70,53,135,26,22,48,183
09/18/2013,TUP,MS,ASO,CE,Federal Contract Tower,0,13,24,11,48,0,6,48,5,59,0,19,72,16,107,18,12,30,137
09/19/2013,TUP,MS,ASO,CE,Federal Contract Tower,0,14,13,28,55,0,1,56,26,83,0,15,69,54,138,42,34,76,214
09/20/2013,TUP,MS,ASO,CE,Federal Contract Tower,0,8,16,9,33,0,5,18,4,27,0,13,34,13,60,12,16,28,88
09/21/2013,TUP,MS,ASO,CE,Federal Contract Tower,0,4,13,14,31,0,4,42,0,46,0,8,55,14,77,46,0,46,123
09/22/2013,TUP,MS,ASO,CE,Federal Contract Tower,0,6,12,5,23,0,2,33,0,35,0,8,45,5,58,32,0,32,90
09/23/2013,TUP,MS,ASO,CE,Federal Contract Tower,1,13,10,18,42,0,2,68,11,81,1,15,78,29,123,56,0,56,179
09/24/2013,TUP,MS,ASO,CE,Federal Contract Tower,0,15,17,4,36,0,0,0,0,0,0,15,17,4,36,0,0,0,36
09/25/2013,TUP,MS,ASO,CE,Federal Contract Tower,0,15,27,27,69,0,0,62,5,67,0,15,89,32,136,52,10,62,198
09/26/2013,TUP,MS,ASO,CE,Federal Contract Tower,0,10,36,25,71,0,0,89,26,115,0,10,125,51,186,98,16,114,300
09/27/2013,TUP,MS,ASO,CE,Federal Contract Tower,0,14,19,26,59,0,8,144,5,157,0,22,163,31,216,190,0,190,406
09/28/2013,TUP,MS,ASO,CE,Federal Contract Tower,0,6,8,0,14,0,4,132,0,136,0,10,140,0,150,80,0,80,230
09/29/2013,TUP,MS,ASO,CE,Federal Contract Tower,0,6,19,0,25,0,0,72,0,72,0,6,91,0,97,24,0,24,121
09/30/2013,TUP,MS,ASO,CE,Federal Contract Tower,1,12,9,20,42,0,1,25,0,26,1,13,34,20,68,38,0,38,106
10/01/2013,TUP,MS,ASO,CE,Federal Contract Tower,0,12,21,16,49,0,0,34,2,36,0,12,55,18,85,28,14,42,127
10/02/2013,TUP,MS,ASO,CE,Federal Contract Tower,0,14,20,30,64,0,3,54,14,71,0,17,74,44,135,70,0,70,205
10/03/2013,TUP,MS,ASO,CE,Federal Contract Tower,0,13,19,24,56,0,1,58,0,59,0,14,77,24,115,64,0,64,179
10/04/2013,TUP,MS,ASO,CE,Federal Contract Tower,2,12,8,48,70,0,2,56,3,61,2,14,64,51,131,36,20,56,187
10/05/2013,TUP,MS,ASO,CE,Federal Contract Tower,0,8,3,6,17,0,8,23,0,31,0,16,26,6,48,70,0,70,118
10/06/2013,TUP,MS,ASO,CE,Federal Contract Tower,0,6,11,4,21,0,0,19,0,19,0,6,30,4,40,10,0,10,50
10/07/2013,TUP,MS,ASO,CE,Federal Contract Tower,0,11,10,36,57,0,3,40,0,43,0,14,50,36,100,48,0,48,148
10/08/2013,TUP,MS,ASO,CE,Federal Contract Tower,0,14,22,24,60,0,0,51,0,51,0,14,73,24,111,42,0,42,153
10/09/2013,TUP,MS,ASO,CE,Federal Contract Tower,0,14,14,50,78,0,78,50,0,128,0,92,64,50,206,28,0,28,234
10/10/2013,TUP,MS,ASO,CE,Federal Contract Tower,0,13,17,34,64,0,108,46,0,154,0,121,63,34,218,32,0,32,250
10/11/2013,TUP,MS,ASO,CE,Federal Contract Tower,0,18,22,14,54,0,5,48,0,53,0,23,70,14,107,32,0,32,139
10/12/2013,TUP,MS,ASO,CE,Federal Contract Tower,1,13,19,0,33,0,5,48,0,53,1,18,67,0,86,46,0,46,132
10/13/2013,TUP,MS,ASO,CE,Federal Contract Tower,0,10,22,0,32,0,4,34,0,38,0,14,56,0,70,34,0,34,104
10/14/2013,TUP,MS,ASO,CE,Federal Contract Tower,0,14,13,0,27,0,8,43,0,51,0,22,56,0,78,80,0,80,158
10/15/2013,TUP,MS,ASO,CE,Federal Contract Tower,0,12,9,20,41,0,2,37,1,40,0,14,46,21,81,24,2,26,107
10/16/2013,TUP,MS,ASO,CE,Federal Contract Tower,1,11,9,0,21,0,0,0,0,0,1,11,9,0,21,0,0,0,21
10/17/2013,TUP,MS,ASO,CE,Federal Contract Tower,0,12,13,30,55,0,1,23,0,24,0,13,36,30,79,18,0,18,97
10/18/2013,TUP,MS,ASO,CE,Federal Contract Tower,0,15,16,22,53,0,2,31,0,33,0,17,47,22,86,74,0,74,160
10/19/2013,TUP,MS,ASO,CE,Federal Contract Tower,1,7,15,4,27,0,2,37,0,39,1,9,52,4,66,38,0,38,104
10/20/2013,TUP,MS,ASO,CE,Federal Contract Tower,0,8,24,3,35,0,0,28,5,33,0,8,52,8,68,8,12,20,88
10/21/2013,TUP,MS,ASO,CE,Federal Contract Tower,0,12,14,8,34,0,3,31,2,36,0,15,45,10,70,38,0,38,108
10/22/2013,TUP,MS,ASO,CE,Federal Contract Tower,0,12,16,22,50,0,3,38,16,57,0,15,54,38,107,38,32,70,177
10/23/2013,TUP,MS,ASO,CE,Federal Contract Tower,2,14,22,0,38,0,2,65,12,79,2,16,87,12,117,64,12,76,193
10/24/2013,TUP,MS,ASO,CE,Federal Contract Tower,0,14,22,16,52,0,4,58,5,67,0,18,80,21,119,42,12,54,173
10/25/2013,TUP,MS,ASO,CE,Federal Contract Tower,1,13,17,13,44,0,2,42,7,51,1,15,59,20,95,42,10,52,147
10/26/2013,TUP,MS,ASO,CE,Federal Contract Tower,1,4,4,9,18,0,2,39,4,45,1,6,43,13,63,48,12,60,123
10/27/2013,TUP,MS,ASO,CE,Federal Contract Tower,0,6,8,2,16,0,1,21,0,22,0,7,29,2,38,26,0,26,64
10/28/2013,TUP,MS,ASO,CE,Federal Contract Tower,1,8,9,17,35,0,0,30,0,30,1,8,39,17,65,34,0,34,99
10/29/2013,TUP,MS,ASO,CE,Federal Contract Tower,0,19,19,16,54,0,2,49,30,81,0,21,68,46,135,50,50,100,235
10/30/2013,TUP,MS,ASO,CE,Federal Contract Tower,2,14,12,24,52,0,6,57,12,75,2,20,69,36,127,70,10,80,207
10/31/2013,TUP,MS,ASO,CE,Federal Contract Tower,0,12,12,0,24,0,0,0,0,0,0,12,12,0,24,0,0,0,24
11/01/2013,TUP,MS,ASO,CE,Federal Contract Tower,0,13,21,16,50,0,1,66,14,81,0,14,87,30,131,32,36,68,199
11/02/2013,TUP,MS,ASO,CE,Federal Contract Tower,0,8,4,4,16,0,1,35,16,52,0,9,39,20,68,54,8,62,130
11/03/2013,TUP,MS,ASO,CE,Federal Contract Tower,0,6,7,10,23,0,2,23,10,35,0,8,30,20,58,48,0,48,106
11/04/2013,TUP,MS,ASO,CE,Federal Contract Tower,0,17,12,16,45,0,3,33,0,36,0,20,45,16,81,28,0,28,109
11/05/2013,TUP,MS,ASO,CE,Federal Contract Tower,0,12,13,15,40,0,4,51,28,83,0,16,64,43,123,38,56,94,217
11/06/2013,TUP,MS,ASO,CE,Federal Contract Tower,0,15,22,29,66,0,5,50,14,69,0,20,72,43,135,44,0,44,179
11/07/2013,TUP,MS,ASO,CE,Federal Contract Tower,1,14,23,44,82,0,9,64,15,88,1,23,87,59,170,78,22,100,270
11/08/2013,TUP,MS,ASO,CE,Federal Contract Tower,0,15,17,36,68,0,7,65,5,77,0,22,82,41,145,58,8,66,211
11/09/2013,TUP,MS,ASO,CE,Federal Contract Tower,2,11,9,0,22,0,2,28,0,30,2,13,37,0,52,22,0,22,74
11/10/2013,TUP,MS,ASO,CE,Federal Contract Tower,0,6,7,0,13,0,0,44,0,44,0,6,51,0,57,44,0,44,101
11/11/2013,TUP,MS,ASO,CE,Federal Contract Tower,0,15,6,8,29,0,5,30,0,35,0,20,36,8,64,14,0,14,78
11/12/2013,TUP,MS,ASO,CE,Federal Contract Tower,0,12,10,24,46,0,0,27,16,43,0,12,37,40,89,16,36,52,141
11/13/2013,TUP,MS,ASO,CE,Federal Contract Tower,2,11,16,33,62,0,6,69,8,83,2,17,85,41,145,54,10,64,209
11/14/2013,TUP,MS,ASO,CE,Federal Contract Tower,0,16,17,24,57,0,2,52,6,60,0,18,69,30,117,26,22,48,165
11/15/2013,TUP,MS,ASO,CE,Federal Contract Tower,0,11,14,45,70,0,0,22,2,24,0,11,36,47,94,18,4,22,116
11/16/2013,TUP,MS,ASO,CE,Federal Contract Tower,0,5,4,6,15,0,0,4,0,4,0,5,8,6,19,2,0,2,21
11/17/2013,TUP,MS,ASO,CE,Federal Contract Tower,1,6,1,0,8,0,0,0,0,0,1,6,1,0,8,0,0,0,8
11/18/2013,TUP,MS,ASO,CE,Federal Contract Tower,0,20,9,18,47,0,0,35,8,43,0,20,44,26,90,48,12,60,150
11/19/2013,TUP,MS,ASO,CE,Federal Contract Tower,1,14,13,11,39,0,5,60,38,103,1,19,73,49,142,52,32,84,226
11/20/2013,TUP,MS,ASO,CE,Federal Contract Tower,1,17,27,26,71,0,8,71,34,113,1,25,98,60,184,68,50,118,302
11/21/2013,TUP,MS,ASO,CE,Federal Contract Tower,0,15,20,28,63,0,2,45,14,61,0,17,65,42,124,62,18,80,204
11/22/2013,TUP,MS,ASO,CE,Federal Contract Tower,0,14,12,4,30,0,0,0,0,0,0,14,12,4,30,0,0,0,30
11/23/2013,TUP,MS,ASO,CE,Federal Contract Tower,0,11,10,0,21,0,1,10,0,11,0,12,20,0,32,0,0,0,32
11/24/2013,TUP,MS,ASO,CE,Federal Contract Tower,0,6,11,6,23,0,2,25,0,27,0,8,36,6,50,22,6,28,78
11/25/2013,TUP,MS,ASO,CE,Federal Contract Tower,0,11,9,17,37,0,0,14,0,14,0,11,23,17,51,12,0,12,63
11/26/2013,TUP,MS,ASO,CE,Federal Contract Tower,0,3,5,0,8,0,0,0,0,0,0,3,5,0,8,0,0,0,8
11/27/2013,TUP,MS,ASO,CE,Federal Contract Tower,1,4,11,16,32,2,7,55,2,66,3,11,66,18,98,22,0,22,120
11/28/2013,TUP,MS,ASO,CE,Federal Contract Tower,0,3,12,0,15,0,3,25,0,28,0,6,37,0,43,26,0,26,69
11/29/2013,TUP,MS,ASO,CE,Federal Contract Tower,0,7,2,0,9,0,7,48,0,55,0,14,50,0,64,52,0,52,116
11/30/2013,TUP,MS,ASO,CE,Federal Contract Tower,0,6,6,0,12,0,0,40,0,40,0,6,46,0,52,54,0,54,106
12/01/2013,TUP,MS,ASO,CE,Federal Contract Tower,0,8,15,6,29,0,4,24,2,30,0,12,39,8,59,22,0,22,81
12/02/2013,TUP,MS,ASO,CE,Federal Contract Tower,0,6,13,13,32,0,0,12,0,12,0,6,25,13,44,0,0,0,44
12/03/2013,TUP,MS,ASO,CE,Federal Contract Tower,0,15,14,14,43,0,0,47,20,67,0,15,61,34,110,12,70,82,192
12/04/2013,TUP,MS,ASO,CE,Federal Contract Tower,0,12,35,25,72,0,1,30,8,39,0,13,65,33,111,18,22,40,151
12/05/2013,TUP,MS,ASO,CE,Federal Contract Tower,0,5,7,31,43,0,0,0,0,0,0,5,7,31,43,0,0,0,43
12/06/2013,TUP,MS,ASO,CE,Federal Contract Tower,0,1,10,0,11,0,0,0,0,0,0,1,10,0,11,0,0,0,11
12/07/2013,TUP,MS,ASO,CE,Federal Contract Tower,0,5,7,0,12,0,0,0,0,0,0,5,7,0,12,0,0,0,12
12/08/2013,TUP,MS,ASO,CE,Federal Contract Tower,0,6,6,0,12,0,0,0,0,0,0,6,6,0,12,0,0,0,12
12/09/2013,TUP,MS,ASO,CE,Federal Contract Tower,0,6,9,48,63,0,2,17,0,19,0,8,26,48,82,0,0,0,82
12/10/2013,TUP,MS,ASO,CE,Federal Contract Tower,0,12,18,21,51,0,0,53,21,74,0,12,71,42,125,30,38,68,193
12/11/2013,TUP,MS,ASO,CE,Federal Contract Tower,0,16,16,20,52,0,3,58,15,76,0,19,74,35,128,42,0,42,170
12/12/2013,TUP,MS,ASO,CE,Federal Contract Tower,0,10,15,8,33,0,1,52,3,56,0,11,67,11,89,32,0,32,121
12/13/2013,TUP,MS,ASO,CE,Federal Contract Tower,0,12,13,18,43,0,5,42,18,65,0,17,55,36,108,54,28,82,190
12/14/2013,TUP,MS,ASO,CE,Federal Contract Tower,0,2,10,10,22,0,0,0,16,16,0,2,10,26,38,0,26,26,64
12/15/2013,TUP,MS,ASO,CE,Federal Contract Tower,0,5,10,6,21,0,1,20,8,29,0,6,30,14,50,14,2,16,66
12/16/2013,TUP,MS,ASO,CE,Federal Contract Tower,0,15,12,28,55,0,3,21,2,26,0,18,33,30,81,14,0,14,95
12/17/2013,TUP,MS,ASO,CE,Federal Contract Tower,0,15,14,20,49,0,0,41,20,61,0,15,55,40,110,42,38,80,190
12/18/2013,TUP,MS,ASO,CE,Federal Contract Tower,0,14,20,22,56,0,0,42,8,50,0,14,62,30,106,46,4,50,156
12/19/2013,TUP,MS,ASO,CE,Federal Contract Tower,0,13,19,22,54,0,5,52,6,63,0,18,71,28,117,54,12,66,183
12/20/2013,TUP,MS,ASO,CE,Federal Contract Tower,0,15,7,32,54,0,0,2,0,2,0,15,9,32,56,0,0,0,56
12/21/2013,TUP,MS,ASO,CE,Federal Contract Tower,0,5,2,0,7,0,0,0,0,0,0,5,2,0,7,0,0,0,7
12/22/2013,TUP,MS,ASO,CE,Federal Contract Tower,0,4,3,0,7,0,2,0,0,2,0,6,3,0,9,0,0,0,9
12/23/2013,TUP,MS,ASO,CE,Federal Contract Tower,0,8,2,0,10,0,1,27,1,29,0,9,29,1,39,10,0,10,49
12/24/2013,TUP,MS,ASO,CE,Federal Contract Tower,0,6,5,0,11,0,0,17,0,17,0,6,22,0,28,4,0,4,32
12/25/2013,TUP,MS,ASO,CE,Federal Contract Tower,0,9,0,0,9,0,6,13,0,19,0,15,13,0,28,5,0,5,33
12/26/2013,TUP,MS,ASO,CE,Federal Contract Tower,0,13,13,0,26,0,2,49,6,57,0,15,62,6,83,62,0,62,145
12/27/2013,TUP,MS,ASO,CE,Federal Contract Tower,0,12,7,0,19,0,2,30,0,32,0,14,37,0,51,30,0,30,81
12/28/2013,TUP,MS,ASO,CE,Federal Contract Tower,0,11,7,0,18,0,0,24,0,24,0,11,31,0,42,14,0,14,56
12/29/2013,TUP,MS,ASO,CE,Federal Contract Tower,0,8,3,0,11,0,0,21,0,21,0,8,24,0,32,42,0,42,74
12/30/2013,TUP,MS,ASO,CE,Federal Contract Tower,0,6,6,0,12,0,1,1,0,2,0,7,7,0,14,0,0,0,14
12/31/2013,TUP,MS,ASO,CE,Federal Contract Tower,0,4,5,0,9,0,1,38,0,39,0,5,43,0,48,26,0,26,74
01/01/2014,TUP,MS,ASO,CE,Federal Contract Tower,0,6,2,0,8,0,4,30,0,34,0,10,32,0,42,38,0,38,80
01/02/2014,TUP,MS,ASO,CE,Federal Contract Tower,0,7,12,4,23,0,0,19,0,19,0,7,31,4,42,0,0,0,42
01/03/2014,TUP,MS,ASO,CE,Federal Contract Tower,0,8,10,0,18,0,8,49,1,58,0,16,59,1,76,42,0,42,118
01/04/2014,TUP,MS,ASO,CE,Federal Contract Tower,0,14,8,13,35,0,11,50,2,63,0,25,58,15,98,44,4,48,146
01/05/2014,TUP,MS,ASO,CE,Federal Contract Tower,0,9,8,16,33,0,0,2,0,2,0,9,10,16,35,0,0,0,35
01/06/2014,TUP,MS,ASO,CE,Federal Contract Tower,0,8,7,17,32,0,0,7,2,9,0,8,14,19,41,0,0,0,41
01/07/2014,TUP,MS,ASO,CE,Federal Contract Tower,0,8,14,28,50,0,8,57,5,70,0,16,71,33,120,46,12,58,178
01/08/2014,TUP,MS,ASO,CE,Federal Contract Tower,0,20,17,20,57,0,9,56,16,81,0,29,73,36,138,36,34,70,208
01/09/2014,TUP,MS,ASO,CE,Federal Contract Tower,1,7,19,18,45,0,4,34,3,41,1,11,53,21,86,2,0,2,88
01/10/2014,TUP,MS,ASO,CE,Federal Contract Tower,0,11,1,0,12,0,0,0,0,0,0,11,1,0,12,0,0,0,12
01/11/2014,TUP,MS,ASO,CE,Federal Contract Tower,0,4,4,16,24,0,2,29,64,95,0,6,33,80,119,36,74,110,229
01/12/2014,TUP,MS,ASO,CE,Federal Contract Tower,0,6,5,0,11,0,4,30,14,48,0,10,35,14,59,50,0,50,109
01/13/2014,TUP,MS,ASO,CE,Federal Contract Tower,0,10,6,0,16,0,0,0,0,0,0,10,6,0,16,0,0,0,16
01/14/2014,TUP,MS,ASO,CE,Federal Contract Tower,0,12,6,12,30,0,4,48,20,72,0,16,54,32,102,48,24,72,174
01/15/2014,TUP,MS,ASO,CE,Federal Contract Tower,0,13,8,20,41,0,4,52,21,77,0,17,60,41,118,38,28,66,184
01/16/2014,TUP,MS,ASO,CE,Federal Contract Tower,0,18,9,16,43,0,4,56,20,80,0,22,65,36,123,32,26,58,181
01/17/2014,TUP,MS,ASO,CE,Federal Contract Tower,1,15,12,16,44,0,1,31,0,32,1,16,43,16,76,0,0,0,76
01/18/2014,TUP,MS,ASO,CE,Federal Contract Tower,0,6,2,0,8,0,3,33,0,36,0,9,35,0,44,18,0,18,62
01/19/2014,TUP,MS,ASO,CE,Federal Contract Tower,0,6,7,0,13,0,5,43,0,48,0,11,50,0,61,20,0,20,81
01/20/2014,TUP,MS,ASO,CE,Federal Contract Tower,0,17,2,0,19,0,12,30,0,42,0,29,32,0,61,28,0,28,89
01/21/2014,TUP,MS,ASO,CE,Federal Contract Tower,0,12,3,12,27,0,1,23,10,34,0,13,26,22,61,6,10,16,77
01/22/2014,TUP,MS,ASO,CE,Federal Contract Tower,0,11,15,19,45,0,6,48,6,60,0,17,63,25,105,24,4,28,133
01/23/2014,TUP,MS,ASO,CE,Federal Contract Tower,0,13,13,16,42,0,6,48,20,74,0,19,61,36,116,12,20,32,148
01/24/2014,TUP,MS,ASO,CE,Federal Contract Tower,0,11,15,18,44,0,4,33,21,58,0,15,48,39,102,14,14,28,130
01/25/2014,TUP,MS,ASO,CE,Federal Contract Tower,0,7,2,0,9,0,0,19,21,40,0,7,21,21,49,0,18,18,67
01/26/2014,TUP,MS,ASO,CE,Federal Contract Tower,0,7,2,8,17,0,2,21,23,46,0,9,23,31,63,6,32,38,101
01/27/2014,TUP,MS,ASO,CE,Federal Contract Tower,0,13,8,34,55,0,4,13,8,25,0,17,21,42,80,2,1,3,83
01/28/2014,TUP,MS,ASO,CE,Federal Contract Tower,0,4,14,30,48,0,2,13,0,15,0,6,27,30,63,0,0,0,63
01/29/2014,TUP,MS,ASO,CE,Federal Contract Tower,0,1,17,24,42,0,5,57,20,82,0,6,74,44,124,74,24,98,222
01/30/2014,TUP,MS,ASO,CE,Federal Contract Tower,0,6,12,16,34,0,6,52,20,78,0,12,64,36,112,38,28,66,178
01/31/2014,TUP,MS,ASO,CE,Federal Contract Tower,0,4,21,26,51,0,8,35,22,65,0,12,56,48,116,18,10,28,144
02/01/2014,TUP,MS,ASO,CE,Federal Contract Tower,0,6,5,0,11,0,0,20,0,20,0,6,25,0,31,20,0,20,51
02/02/2014,TUP,MS,ASO,CE,Federal Contract Tower,0,3,2,0,5,0,0,0,0,0,0,3,2,0,5,0,0,0,5
02/03/2014,TUP,MS,ASO,CE,Federal Contract Tower,0,9,8,28,45,0,0,2,0,2,0,9,10,28,47,2,0,2,49
02/04/2014,TUP,MS,ASO,CE,Federal Contract Tower,0,8,14,12,34,0,0,0,0,0,0,8,14,12,34,0,0,0,34
02/05/2014,TUP,MS,ASO,CE,Federal Contract Tower,0,6,20,12,38,0,4,26,27,57,0,10,46,39,95,0,0,0,95
02/06/2014,TUP,MS,ASO,CE,Federal Contract Tower,0,10,11,6,27,0,2,38,38,78,0,12,49,44,105,20,58,78,183
02/07/2014,TUP,MS,ASO,CE,Federal Contract Tower,1,19,11,18,49,0,0,26,33,59,1,19,37,51,108,30,24,54,162
02/08/2014,TUP,MS,ASO,CE,Federal Contract Tower,0,4,7,8,19,0,1,16,18,35,0,5,23,26,54,18,10,28,82
02/09/2014,TUP,MS,ASO,CE,Federal Contract Tower,0,2,7,12,21,0,2,13,16,31,0,4,20,28,52,18,22,40,92
02/10/2014,TUP,MS,ASO,CE,Federal Contract Tower,0,6,11,6,23,0,2,4,0,6,0,8,15,6,29,0,0,0,29
02/11/2014,TUP,MS,ASO,CE,Federal Contract Tower,1,4,4,0,9,0,0,0,0,0,1,4,4,0,9,0,0,0,9
02/12/2014,TUP,MS,ASO,CE,Federal Contract Tower,0,0,6,0,6,0,0,0,0,0,0,0,6,0,6,0,0,0,6
02/13/2014,TUP,MS,ASO,CE,Federal Contract Tower,0,4,13,25,42,0,4,47,12,63,0,8,60,37,105,46,20,66,171
02/14/2014,TUP,MS,ASO,CE,Federal Contract Tower,0,7,10,22,39,0,5,37,0,42,0,12,47,22,81,64,0,64,145
02/15/2014,TUP,MS,ASO,CE,Federal Contract Tower,0,3,4,0,7,0,8,40,1,49,0,11,44,1,56,58,4,62,118
02/16/2014,TUP,MS,ASO,CE,Federal Contract Tower,0,4,5,4,13,0,1,31,0,32,0,5,36,4,45,26,0,26,71
02/17/2014,TUP,MS,ASO,CE,Federal Contract Tower,1,11,4,0,16,0,6,38,0,44,1,17,42,0,60,62,0,62,122
02/18/2014,TUP,MS,ASO,CE,Federal Contract Tower,1,11,23,19,54,0,3,66,19,88,1,14,89,38,142,38,26,64,206
02/19/2014,TUP,MS,ASO,CE,Federal Contract Tower,0,14,15,14,43,0,12,36,24,72,0,26,51,38,115,14,26,40,155
02/20/2014,TUP,MS,ASO,CE,Federal Contract Tower,0,9,6,0,15,0,3,16,0,19,0,12,22,0,34,0,0,0,34
02/21/2014,TUP,MS,ASO,CE,Federal Contract Tower,0,6,13,8,27,0,0,46,42,88,0,6,59,50,115,30,48,78,193
02/22/2014,TUP,MS,ASO,CE,Federal Contract Tower,0,6,8,7,21,0,0,38,25,63,0,6,46,32,84,42,60,102,186
02/23/2014,TUP,MS,ASO,CE,Federal Contract Tower,0,8,10,6,24,0,2,27,16,45,0,10,37,22,69,12,14,26,95
02/24/2014,TUP,MS,ASO,CE,Federal Contract Tower,0,16,9,4,29,0,3,26,12,41,0,19,35,16,70,14,0,14,84
02/25/2014,TUP,MS,ASO,CE,Federal Contract Tower,0,16,24,28,68,0,11,44,22,77,0,27,68,50,145,74,14,88,233
02/26/2014,TUP,MS,ASO,CE,Federal Contract Tower,0,16,25,24,65,0,6,51,12,69,0,22,76,36,134,22,4,26,160
02/27/2014,TUP,MS,ASO,CE,Federal Contract Tower,0,10,6,20,36,0,1,56,14,71,0,11,62,34,107,40,14,54,161
02/28/2014,TUP,MS,ASO,CE,Federal Contract Tower,0,14,20,8,42,0,5,49,22,76,0,19,69,30,118,80,32,112,230
03/01/2014,TUP,MS,ASO,CE,Federal Contract Tower,0,6,10,5,21,0,6,43,0,49,0,12,53,5,70,34,6,40,110
03/02/2014,TUP,MS,ASO,CE,Federal Contract Tower,0,5,3,0,8,0,2,16,0,18,0,7,19,0,26,22,0,22,48
03/03/2014,TUP,MS,ASO,CE,Federal Contract Tower,0,5,16,0,21,0,0,1,0,1,0,5,17,0,22,0,0,0,22
03/04/2014,TUP,MS,ASO,CE,Federal Contract Tower,0,7,7,12,26,0,2,20,20,42,0,9,27,32,68,4,24,28,96
03/05/2014,TUP,MS,ASO,CE,Federal Contract Tower,0,12,13,17,42,0,11,45,33,89,0,23,58,50,131,46,32,78,209
03/06/2014,TUP,MS,ASO,CE,Federal Contract Tower,1,7,12,40,60,0,2,13,4,19,1,9,25,44,79,0,8,8,87
03/07/2014,TUP,MS,ASO,CE,Federal Contract Tower,0,6,15,11,32,0,4,34,23,61,0,10,49,34,93,12,60,72,165
03/08/2014,TUP,MS,ASO,CE,Federal Contract Tower,0,4,5,5,14,0,0,43,0,43,0,4,48,5,57,34,0,34,91
03/09/2014,TUP,MS,ASO,CE,Federal Contract Tower,0,4,11,8,23,0,2,21,0,23,0,6,32,8,46,34,0,34,80
03/10/2014,TUP,MS,ASO,CE,Federal Contract Tower,0,12,9,30,51,0,2,35,1,38,0,14,44,31,89,46,0,46,135
03/11/2014,TUP,MS,ASO,CE,Federal Contract Tower,0,12,9,8,29,0,21,43,26,90,0,33,52,34,119,50,28,78,197
03/12/2014,TUP,MS,ASO,CE,Federal Contract Tower,0,8,15,20,43,0,0,25,6,31,0,8,40,26,74,0,6,6,80
03/13/2014,TUP,MS,ASO,CE,Federal Contract Tower,0,9,20,33,62,0,5,62,8,75,0,14,82,41,137,90,0,90,227
03/14/2014,TUP,MS,ASO,CE,Federal Contract Tower,0,8,9,20,37,0,8,41,30,79,0,16,50,50,116,56,4,60,176
03/15/2014,TUP,MS,ASO,CE,Federal Contract Tower,0,2,3,0,5,0,6,38,12,56,0,8,41,12,61,62,36,98,159
03/16/2014,TUP,MS,ASO,CE,Federal Contract Tower,0,2,2,18,22,0,0,10,6,16,0,2,12,24,38,14,0,14,52
03/17/2014,TUP,MS,ASO,CE,Federal Contract Tower,0,4,9,52,65,0,3,5,0,8,0,7,14,52,73,0,0,0,73
03/18/2014,TUP,MS,ASO,CE,Federal Contract Tower,0,4,13,31,48,0,0,17,14,31,0,4,30,45,79,10,24,34,113
03/19/2014,TUP,MS,ASO,CE,Federal Contract Tower,0,8,10,41,59,0,4,50,18,72,0,12,60,59,131,50,34,84,215
03/20/2014,TUP,MS,ASO,CE,Federal Contract Tower,0,12,12,24,48,0,1,73,28,102,0,13,85,52,150,124,28,152,302
03/21/2014,TUP,MS,ASO,CE,Federal Contract Tower,0,2,18,23,43,0,5,49,26,80,0,7,67,49,123,64,12,76,199
03/22/2014,TUP,MS,ASO,CE,Federal Contract Tower,0,0,6,2,8,0,1,18,0,19,0,1,24,2,27,22,0,22,49
03/23/2014,TUP,MS,ASO,CE,Federal Contract Tower,0,2,7,6,15,0,4,13,6,23,0,6,20,12,38,10,0,10,48
03/24/2014,TUP,MS,ASO,CE,Federal Contract Tower,0,9,5,30,44,0,1,27,2,30,0,10,32,32,74,24,0,24,98
03/25/2014,TUP,MS,ASO,CE,Federal Contract Tower,0,10,5,32,47,0,1,48,18,67,0,11,53,50,114,0,0,0,114
03/26/2014,TUP,MS,ASO,CE,Federal Contract Tower,0,10,28,36,74,0,6,67,24,97,0,16,95,60,171,42,34,76,247
03/27/2014,TUP,MS,ASO,CE,Federal Contract Tower,0,3,16,19,38,0,4,38,15,57,0,7,54,34,95,30,10,40,135
03/28/2014,TUP,MS,ASO,CE,Federal Contract Tower,0,9,7,30,46,0,3,14,0,17,0,12,21,30,63,0,0,0,63
03/29/2014,TUP,MS,ASO,CE,Federal Contract Tower,1,0,10,2,13,0,1,11,1,13,1,1,21,3,26,16,0,16,42
03/30/2014,TUP,MS,ASO,CE,Federal Contract Tower,0,4,13,0,17,0,11,72,2,85,0,15,85,2,102,58,6,64,166
03/31/2014,TUP,MS,ASO,CE,Federal Contract Tower,0,8,11,18,37,0,1,32,0,33,0,9,43,18,70,40,0,40,110
04/01/2014,TUP,MS,ASO,CE,Federal Contract Tower,0,8,8,28,44,0,1,35,7,43,0,9,43,35,87,54,16,70,157
04/02/2014,TUP,MS,ASO,CE,Federal Contract Tower,0,8,22,23,53,0,3,54,15,72,0,11,76,38,125,118,62,180,305
04/03/2014,TUP,MS,ASO,CE,Federal Contract Tower,0,10,10,21,41,0,11,42,7,60,0,21,52,28,101,36,26,62,163
04/04/2014,TUP,MS,ASO,CE,Federal Contract Tower,0,12,11,5,28,0,10,25,0,35,0,22,36,5,63,12,0,12,75
04/05/2014,TUP,MS,ASO,CE,Federal Contract Tower,0,6,10,0,16,0,3,34,5,42,0,9,44,5,58,66,10,76,134
04/06/2014,TUP,MS,ASO,CE,Federal Contract Tower,0,1,13,0,14,0,4,23,0,27,0,5,36,0,41,34,0,34,75
04/07/2014,TUP,MS,ASO,CE,Federal Contract Tower,0,5,10,22,37,0,1,0,0,1,0,6,10,22,38,0,0,0,38
04/08/2014,TUP,MS,ASO,CE,Federal Contract Tower,0,7,13,9,29,0,5,7,1,13,0,12,20,10,42,22,0,22,64
04/09/2014,TUP,MS,ASO,CE,Federal Contract Tower,0,5,14,42,61,0,2,48,9,59,0,7,62,51,120,32,10,42,162
04/10/2014,TUP,MS,ASO,CE,Federal Contract Tower,0,11,11,14,36,0,7,66,19,92,0,18,77,33,128,154,22,176,304
04/11/2014,TUP,MS,ASO,CE,Federal Contract Tower,0,13,8,2,23,0,1,51,28,80,0,14,59,30,103,38,36,74,177
04/12/2014,TUP,MS,ASO,CE,Federal Contract Tower,0,8,3,4,15,0,5,60,19,84,0,13,63,23,99,48,4,52,151
04/13/2014,TUP,MS,ASO,CE,Federal Contract Tower,0,5,5,12,22,0,8,21,0,29,0,13,26,12,51,20,0,20,71
04/14/2014,TUP,MS,ASO,CE,Federal Contract Tower,0,8,3,0,11,0,0,0,0,0,0,8,3,0,11,0,0,0,11
04/15/2014,TUP,MS,ASO,CE,Federal Contract Tower,0,9,5,30,44,0,0,24,16,40,0,9,29,46,84,22,30,52,136
04/16/2014,TUP,MS,ASO,CE,Federal Contract Tower,0,8,8,22,38,0,4,56,9,69,0,12,64,31,107,110,22,132,239
04/17/2014,TUP,MS,ASO,CE,Federal Contract Tower,1,7,22,18,48,0,0,48,9,57,1,7,70,27,105,114,24,138,243
04/18/2014,TUP,MS,ASO,CE,Federal Contract Tower,0,9,13,29,51,0,7,38,5,50,0,16,51,34,101,34,44,78,179
04/19/2014,TUP,MS,ASO,CE,Federal Contract Tower,0,4,0,3,7,0,0,38,4,42,0,4,38,7,49,18,12,30,79
04/20/2014,TUP,MS,ASO,CE,Federal Contract Tower,0,5,8,0,13,0,3,24,2,29,0,8,32,2,42,34,0,34,76
04/21/2014,TUP,MS,ASO,CE,Federal Contract Tower,0,11,14,12,37,0,0,39,3,42,0,11,53,15,79,6,0,6,85
04/22/2014,TUP,MS,ASO,CE,Federal Contract Tower,0,10,23,46,79,0,0,41,22,63,0,10,64,68,142,24,58,82,224
04/23/2014,TUP,MS,ASO,CE,Federal Contract Tower,0,6,33,18,57,0,9,62,21,92,0,15,95,39,149,70,44,114,263
04/24/2014,TUP,MS,ASO,CE,Federal Contract Tower,0,9,12,0,21,0,12,48,6,66,0,21,60,6,87,88,16,104,191
04/25/2014,TUP,MS,ASO,CE,Federal Contract Tower,0,12,4,25,41,0,6,45,9,60,0,18,49,34,101,86,10,96,197
04/26/2014,TUP,MS,ASO,CE,Federal Contract Tower,0,6,9,4,19,0,11,43,9,63,0,17,52,13,82,56,30,86,168
04/27/2014,TUP,MS,ASO,CE,Federal Contract Tower,0,6,1,1,8,0,2,6,1,9,0,8,7,2,17,0,0,0,17
04/28/2014,TUP,MS,ASO,CE,Federal Contract Tower,0,3,7,0,10,0,0,3,0,3,0,3,10,0,13,0,0,0,13
04/29/2014,TUP,MS,ASO,CE,Federal Contract Tower,0,9,3,9,21,0,6,58,38,102,0,15,61,47,123,30,14,44,167
04/30/2014,TUP,MS,ASO,CE,Federal Contract Tower,0,9,21,18,48,0,7,56,20,83,0,16,77,38,131,52,12,64,195
05/01/2014,TUP,MS,ASO,CE,Federal Contract Tower,0,9,18,39,66,0,10,55,20,85,0,19,73,59,151,124,16,140,291
05/02/2014,TUP,MS,ASO,CE,Federal Contract Tower,0,8,16,16,40,0,3,39,13,55,0,11,55,29,95,46,12,58,153
05/03/2014,TUP,MS,ASO,CE,Federal Contract Tower,0,2,15,5,22,0,5,40,0,45,0,7,55,5,67,82,16,98,165
05/04/2014,TUP,MS,ASO,CE,Federal Contract Tower,0,6,13,6,25,0,2,21,2,25,0,8,34,8,50,30,0,30,80
05/05/2014,TUP,MS,ASO,CE,Federal Contract Tower,0,10,6,26,42,0,4,42,5,51,0,14,48,31,93,30,2,32,125
05/06/2014,TUP,MS,ASO,CE,Federal Contract Tower,0,8,15,26,49,0,3,41,16,60,0,11,56,42,109,32,22,54,163
05/07/2014,TUP,MS,ASO,CE,Federal Contract Tower,0,6,12,28,46,0,47,6,0,53,0,53,18,28,99,40,0,40,139
05/08/2014,TUP,MS,ASO,CE,Federal Contract Tower,0,8,17,24,49,0,1,40,10,51,0,9,57,34,100,36,10,46,146
05/09/2014,TUP,MS,ASO,CE,Federal Contract Tower,0,10,5,21,36,0,3,45,4,52,0,13,50,25,88,40,0,40,128
05/10/2014,TUP,MS,ASO,CE,Federal Contract Tower,0,4,5,10,19,0,4,23,5,32,0,8,28,15,51,40,28,68,119
05/11/2014,TUP,MS,ASO,CE,Federal Contract Tower,0,6,9,4,19,0,2,11,0,13,0,8,20,4,32,18,0,18,50
05/12/2014,TUP,MS,ASO,CE,Federal Contract Tower,0,10,9,26,45,0,3,19,0,22,0,13,28,26,67,22,0,22,89
05/13/2014,TUP,MS,ASO,CE,Federal Contract Tower,0,11,10,29,50,0,0,30,0,30,0,11,40,29,80,28,0,28,108
05/14/2014,TUP,MS,ASO,CE,Federal Contract Tower,0,10,10,15,35,0,0,0,0,0,0,10,10,15,35,0,0,0,35
05/15/2014,TUP,MS,ASO,CE,Federal Contract Tower,2,12,18,47,79,0,0,68,3,71,2,12,86,50,150,52,0,52,202
05/16/2014,TUP,MS,ASO,CE,Federal Contract Tower,0,6,13,18,37,0,7,55,13,75,0,13,68,31,112,64,4,68,180
05/17/2014,TUP,MS,ASO,CE,Federal Contract Tower,0,2,11,5,18,0,0,32,4,36,0,2,43,9,54,66,8,74,128
05/18/2014,TUP,MS,ASO,CE,Federal Contract Tower,0,6,15,0,21,0,0,13,0,13,0,6,28,0,34,14,0,14,48
05/19/2014,TUP,MS,ASO,CE,Federal Contract Tower,0,10,13,34,57,0,2,32,0,34,0,12,45,34,91,18,0,18,109
05/20/2014,TUP,MS,ASO,CE,Federal Contract Tower,0,8,15,21,44,0,0,52,6,58,0,8,67,27,102,40,24,64,166
05/21/2014,TUP,MS,ASO,CE,Federal Contract Tower,0,10,18,5,33,0,12,67,16,95,0,22,85,21,128,62,32,94,222
05/22/2014,TUP,MS,ASO,CE,Federal Contract Tower,0,9,9,5,23,0,0,59,11,70,0,9,68,16,93,38,16,54,147
05/23/2014,TUP,MS,ASO,CE,Federal Contract Tower,0,12,21,0,33,0,12,41,8,61,0,24,62,8,94,54,0,54,148
05/24/2014,TUP,MS,ASO,CE,Federal Contract Tower,0,2,7,0,9,0,2,56,0,58,0,4,63,0,67,48,0,48,115
05/25/2014,TUP,MS,ASO,CE,Federal Contract Tower,0,6,9,0,15,0,2,26,2,30,0,8,35,2,45,46,0,46,91
05/26/2014,TUP,MS,ASO,CE,Federal Contract Tower,0,10,5,0,15,0,5,38,0,43,0,15,43,0,58,70,0,70,128
05/27/2014,TUP,MS,ASO,CE,Federal Contract Tower,0,8,25,12,45,0,0,18,12,30,0,8,43,24,75,18,16,34,109
05/28/2014,TUP,MS,ASO,CE,Federal Contract Tower,2,10,8,16,36,0,0,22,0,22,2,10,30,16,58,32,0,32,90
05/29/2014,TUP,MS,ASO,CE,Federal Contract Tower,0,12,8,26,46,0,5,30,0,35,0,17,38,26,81,14,0,14,95
05/30/2014,TUP,MS,ASO,CE,Federal Contract Tower,0,9,7,13,29,0,6,45,6,57,0,15,52,19,86,54,16,70,156
05/31/2014,TUP,MS,ASO,CE,Federal Contract Tower,0,2,5,11,18,0,0,48,17,65,0,2,53,28,83,72,26,98,181
06/01/2014,TUP,MS,ASO,CE,Federal Contract Tower,0,6,9,5,20,0,4,21,6,31,0,10,30,11,51,26,12,38,89
06/02/2014,TUP,MS,ASO,CE,Federal Contract Tower,0,8,9,16,33,0,1,30,6,37,0,9,39,22,70,42,4,46,116
06/03/2014,TUP,MS,ASO,CE,Federal Contract Tower,0,12,23,14,49,0,11,34,48,93,0,23,57,62,142,52,58,110,252
06/04/2014,TUP,MS,ASO,CE,Federal Contract Tower,0,8,17,14,39,0,8,53,14,75,0,16,70,28,114,36,20,56,170
06/05/2014,TUP,MS,ASO,CE,Federal Contract Tower,0,9,22,8,39,0,7,41,5,53,0,16,63,13,92,20,0,20,112
06/06/2014,TUP,MS,ASO,CE,Federal Contract Tower,0,9,13,2,24,0,7,28,14,49,0,16,41,16,73,46,24,70,143
06/07/2014,TUP,MS,ASO,CE,Federal Contract Tower,0,2,12,3,17,0,7,29,22,58,0,9,41,25,75,78,34,112,187
06/08/2014,TUP,MS,ASO,CE,Federal Contract Tower,0,7,2,1,10,0,3,22,9,34,0,10,24,10,44,12,0,12,56
06/09/2014,TUP,MS,ASO,CE,Federal Contract Tower,0,7,9,6,22,0,6,39,0,45,0,13,48,6,67,36,0,36,103
06/10/2014,TUP,MS,ASO,CE,Federal Contract Tower,0,8,9,12,29,0,3,48,8,59,0,11,57,20,88,62,8,70,158
06/11/2014,TUP,MS,ASO,CE,Federal Contract Tower,0,9,17,21,47,0,6,51,8,65,0,15,68,29,112,64,0,64,176
06/12/2014,TUP,MS,ASO,CE,Federal Contract Tower,0,8,27,10,45,0,9,58,9,76,0,17,85,19,121,46,0,46,167
06/13/2014,TUP,MS,ASO,CE,Federal Contract Tower,0,6,6,26,38,0,5,30,20,55,0,11,36,46,93,26,36,62,155
06/14/2014,TUP,MS,ASO,CE,Federal Contract Tower,0,0,7,3,10,0,2,44,15,61,0,2,51,18,71,48,34,82,153
06/15/2014,TUP,MS,ASO,CE,Federal Contract Tower,0,5,15,4,24,0,2,50,5,57,0,7,65,9,81,58,4,62,143
06/16/2014,TUP,MS,ASO,CE,Federal Contract Tower,0,9,8,12,29,0,0,44,8,52,0,9,52,20,81,78,0,78,159
06/17/2014,TUP,MS,ASO,CE,Federal Contract Tower,0,10,12,4,26,0,9,45,28,82,0,19,57,32,108,68,44,112,220
06/18/2014,TUP,MS,ASO,CE,Federal Contract Tower,0,8,12,21,41,0,4,63,13,80,0,12,75,34,121,74,22,96,217
06/19/2014,TUP,MS,ASO,CE,Federal Contract Tower,0,9,13,12,34,0,3,135,7,145,0,12,148,19,179,42,10,52,231
06/20/2014,TUP,MS,ASO,CE,Federal Contract Tower,0,10,8,49,67,0,17,63,46,126,0,27,71,95,193,66,64,130,323
06/21/2014,TUP,MS,ASO,CE,Federal Contract Tower,0,2,7,20,29,0,9,45,16,70,0,11,52,36,99,92,68,160,259
06/22/2014,TUP,MS,ASO,CE,Federal Contract Tower,0,6,13,10,29,0,6,34,31,71,0,12,47,41,100,28,48,76,176
06/23/2014,TUP,MS,ASO,CE,Federal Contract Tower,0,7,8,22,37,0,0,36,0,36,0,7,44,22,73,34,0,34,107
06/24/2014,TUP,MS,ASO,CE,Federal Contract Tower,0,7,12,12,31,0,2,39,10,51,0,9,51,22,82,18,24,42,124
06/25/2014,TUP,MS,ASO,CE,Federal Contract Tower,0,8,18,36,62,0,2,61,7,70,0,10,79,43,132,46,8,54,186
06/26/2014,TUP,MS,ASO,CE,Federal Contract Tower,0,9,6,18,33,0,0,21,8,29,0,9,27,26,62,36,22,58,120
06/27/2014,TUP,MS,ASO,CE,Federal Contract Tower,0,8,4,10,22,0,8,37,13,58,0,16,41,23,80,44,24,68,148
06/28/2014,TUP,MS,ASO,CE,Federal Contract Tower,0,4,9,0,13,0,4,51,0,55,0,8,60,0,68,60,0,60,128
06/29/2014,TUP,MS,ASO,CE,Federal Contract Tower,0,6,16,0,22,0,6,22,6,34,0,12,38,6,56,12,0,12,68
06/30/2014,TUP,MS,ASO,CE,Federal Contract Tower,0,8,12,16,36,0,2,33,3,38,0,10,45,19,74,16,2,18,92
07/01/2014,TUP,MS,ASO,CE,Federal Contract Tower,0,10,13,23,46,0,3,49,19,71,0,13,62,42,117,54,24,78,195
07/02/2014,TUP,MS,ASO,CE,Federal Contract Tower,0,11,10,32,53,0,3,36,12,51,0,14,46,44,104,88,24,112,216
07/03/2014,TUP,MS,ASO,CE,Federal Contract Tower,2,8,9,32,51,0,11,55,0,66,2,19,64,32,117,54,0,54,171
07/04/2014,TUP,MS,ASO,CE,Federal Contract Tower,0,8,0,0,8,0,4,45,0,49,0,12,45,0,57,92,0,92,149
07/05/2014,TUP,MS,ASO,CE,Federal Contract Tower,0,4,1,0,5,0,2,42,0,44,0,6,43,0,49,78,0,78,127
07/06/2014,TUP,MS,ASO,CE,Federal Contract Tower,0,6,7,0,13,0,6,30,0,36,0,12,37,0,49,28,0,28,77
07/07/2014,TUP,MS,ASO,CE,Federal Contract Tower,0,8,11,0,19,0,0,34,0,34,0,8,45,0,53,32,0,32,85
07/08/2014,TUP,MS,ASO,CE,Federal Contract Tower,0,8,12,14,34,0,7,41,9,57,0,15,53,23,91,76,18,94,185
07/09/2014,TUP,MS,ASO,CE,Federal Contract Tower,0,8,12,16,36,0,0,9,3,12,0,8,21,19,48,0,0,0,48
07/10/2014,TUP,MS,ASO,CE,Federal Contract Tower,0,9,6,16,31,0,4,57,15,76,0,13,63,31,107,44,26,70,177
07/11/2014,TUP,MS,ASO,CE,Federal Contract Tower,0,11,13,15,39,0,8,56,52,116,0,19,69,67,155,58,94,152,307
07/12/2014,TUP,MS,ASO,CE,Federal Contract Tower,0,2,6,1,9,0,0,32,42,74,0,2,38,43,83,54,16,70,153
07/13/2014,TUP,MS,ASO,CE,Federal Contract Tower,0,6,6,24,36,0,1,30,20,51,0,7,36,44,87,10,8,18,105
07/14/2014,TUP,MS,ASO,CE,Federal Contract Tower,0,7,11,16,34,0,4,55,10,69,0,11,66,26,103,56,28,84,187
07/15/2014,TUP,MS,ASO,CE,Federal Contract Tower,0,7,11,36,54,0,0,19,13,32,0,7,30,49,86,76,10,86,172
07/16/2014,TUP,MS,ASO,CE,Federal Contract Tower,0,8,12,29,49,0,2,64,9,75,0,10,76,38,124,66,24,90,214
07/17/2014,TUP,MS,ASO,CE,Federal Contract Tower,0,11,19,35,65,0,6,63,14,83,0,17,82,49,148,84,34,118,266
07/18/2014,TUP,MS,ASO,CE,Federal Contract Tower,0,18,16,0,34,0,0,0,0,0,0,18,16,0,34,0,0,0,34
07/19/2014,TUP,MS,ASO,CE,Federal Contract Tower,0,2,5,4,11,0,0,0,4,4,0,2,5,8,15,0,0,0,15
07/20/2014,TUP,MS,ASO,CE,Federal Contract Tower,0,8,10,5,23,0,3,33,8,44,0,11,43,13,67,34,42,76,143
07/21/2014,TUP,MS,ASO,CE,Federal Contract Tower,0,8,17,20,45,0,0,46,3,49,0,8,63,23,94,28,8,36,130
07/22/2014,TUP,MS,ASO,CE,Federal Contract Tower,0,12,28,26,66,0,4,59,33,96,0,16,87,59,162,126,0,126,288
07/23/2014,TUP,MS,ASO,CE,Federal Contract Tower,0,10,19,24,53,0,6,65,16,87,0,16,84,40,140,92,32,124,264
07/24/2014,TUP,MS,ASO,CE,Federal Contract Tower,0,8,17,40,65,0,0,55,9,64,0,8,72,49,129,70,0,70,199
07/25/2014,TUP,MS,ASO,CE,Federal Contract Tower,0,9,11,29,49,0,11,61,10,82,0,20,72,39,131,58,30,88,219
07/26/2014,TUP,MS,ASO,CE,Federal Contract Tower,0,2,5,9,16,0,7,34,14,55,0,9,39,23,71,54,22,76,147
07/27/2014,TUP,MS,ASO,CE,Federal Contract Tower,0,4,8,6,18,0,6,45,0,51,0,10,53,6,69,42,26,68,137
07/28/2014,TUP,MS,ASO,CE,Federal Contract Tower,0,7,4,22,33,0,1,22,2,25,0,8,26,24,58,20,0,20,78
07/29/2014,TUP,MS,ASO,CE,Federal Contract Tower,0,8,15,23,46,0,7,51,16,74,0,15,66,39,120,82,12,94,214
07/30/2014,TUP,MS,ASO,CE,Federal Contract Tower,0,9,17,31,57,0,2,59,6,67,0,11,76,37,124,38,4,42,166
07/31/2014,TUP,MS,ASO,CE,Federal Contract Tower,0,7,9,34,50,0,8,48,6,62,0,15,57,40,112,52,0,52,164
08/01/2014,TUP,MS,ASO,CE,Federal Contract Tower,0,8,7,34,49,0,4,56,6,66,0,12,63,40,115,58,18,76,191
08/02/2014,TUP,MS,ASO,CE,Federal Contract Tower,0,2,3,6,11,0,16,42,4,62,0,18,45,10,73,48,22,70,143
08/03/2014,TUP,MS,ASO,CE,Federal Contract Tower,0,6,13,0,19,0,2,51,0,53,0,8,64,0,72,50,0,50,122
08/04/2014,TUP,MS,ASO,CE,Federal Contract Tower,0,8,8,28,44,0,8,38,0,46,0,16,46,28,90,44,12,56,146
08/05/2014,TUP,MS,ASO,CE,Federal Contract Tower,0,14,33,24,71,0,11,95,34,140,0,25,128,58,211,58,38,96,307
08/06/2014,TUP,MS,ASO,CE,Federal Contract Tower,1,10,24,32,67,0,8,69,24,101,1,18,93,56,168,158,22,180,348
08/07/2014,TUP,MS,ASO,CE,Federal Contract Tower,0,7,8,18,33,0,5,47,16,68,0,12,55,34,101,56,10,66,167
08/08/2014,TUP,MS,ASO,CE,Federal Contract Tower,0,9,11,12,32,0,0,48,9,57,0,9,59,21,89,62,20,82,171
08/09/2014,TUP,MS,ASO,CE,Federal Contract Tower,0,1,4,0,5,0,0,34,2,36,0,1,38,2,41,40,0,40,81
08/10/2014,TUP,MS,ASO,CE,Federal Contract Tower,0,7,13,0,20,0,0,38,4,42,0,7,51,4,62,24,0,24,86
08/11/2014,TUP,MS,ASO,CE,Federal Contract Tower,0,11,6,16,33,0,2,23,0,25,0,13,29,16,58,28,0,28,86
08/12/2014,TUP,MS,ASO,CE,Federal Contract Tower,0,6,13,25,44,0,3,47,19,69,0,9,60,44,113,42,16,58,171
08/13/2014,TUP,MS,ASO,CE,Federal Contract Tower,0,5,12,26,43,0,0,66,9,75,0,5,78,35,118,62,24,86,204
08/14/2014,TUP,MS,ASO,CE,Federal Contract Tower,0,9,28,20,57,0,3,51,6,60,0,12,79,26,117,106,0,106,223
08/15/2014,TUP,MS,ASO,CE,Federal Contract Tower,0,8,29,16,53,0,0,60,22,82,0,8,89,38,135,78,14,92,227
08/16/2014,TUP,MS,ASO,CE,Federal Contract Tower,0,2,15,1,18,0,44,72,19,135,0,46,87,20,153,124,18,142,295
08/17/2014,TUP,MS,ASO,CE,Federal Contract Tower,0,6,7,1,14,0,1,39,12,52,0,7,46,13,66,10,18,28,94
08/18/2014,TUP,MS,ASO,CE,Federal Contract Tower,0,7,6,21,34,0,0,17,3,20,0,7,23,24,54,10,0,10,64
08/19/2014,TUP,MS,ASO,CE,Federal Contract Tower,0,7,17,28,52,0,5,62,17,84,0,12,79,45,136,130,48,178,314
08/20/2014,TUP,MS,ASO,CE,Federal Contract Tower,0,15,17,34,66,0,13,73,39,125,0,28,90,73,191,66,38,104,295
08/21/2014,TUP,MS,ASO,CE,Federal Contract Tower,0,10,8,20,38,0,2,55,13,70,0,12,63,33,108,32,18,50,158
08/22/2014,TUP,MS,ASO,CE,Federal Contract Tower,0,7,8,42,57,0,1,68,37,106,0,8,76,79,163,84,62,146,309
08/23/2014,TUP,MS,ASO,CE,Federal Contract Tower,0,1,9,10,20,0,12,33,6,51,0,13,42,16,71,48,18,66,137
08/24/2014,TUP,MS,ASO,CE,Federal Contract Tower,0,6,6,0,12,0,0,19,15,34,0,6,25,15,46,10,14,24,70
08/25/2014,TUP,MS,ASO,CE,Federal Contract Tower,0,10,14,34,58,0,1,28,8,37,0,11,42,42,95,52,10,62,157
08/26/2014,TUP,MS,ASO,CE,Federal Contract Tower,0,10,16,31,57,0,6,51,16,73,0,16,67,47,130,74,42,116,246
08/27/2014,TUP,MS,ASO,CE,Federal Contract Tower,0,13,14,40,67,0,9,65,19,93,0,22,79,59,160,84,36,120,280
08/28/2014,TUP,MS,ASO,CE,Federal Contract Tower,0,9,14,19,42,0,3,60,10,73,0,12,74,29,115,44,20,64,179
08/29/2014,TUP,MS,ASO,CE,Federal Contract Tower,0,12,10,4,26,0,5,41,3,49,0,17,51,7,75,54,12,66,141
08/30/2014,TUP,MS,ASO,CE,Federal Contract Tower,0,2,2,0,4,0,8,16,0,24,0,10,18,0,28,70,0,70,98
08/31/2014,TUP,MS,ASO,CE,Federal Contract Tower,0,4,3,0,7,0,0,19,0,19,0,4,22,0,26,32,0,32,58
09/01/2014,TUP,MS,ASO,CE,Federal Contract Tower,0,8,8,1,17,0,9,26,8,43,0,17,34,9,60,32,6,38,98
09/02/2014,TUP,MS,ASO,CE,Federal Contract Tower,0,8,12,4,24,0,6,17,0,23,0,14,29,4,47,0,0,0,47
09/03/2014,TUP,MS,ASO,CE,Federal Contract Tower,0,7,30,28,65,0,19,2,0,21,0,26,32,28,86,22,10,32,118
09/04/2014,TUP,MS,ASO,CE,Federal Contract Tower,0,10,7,18,35,0,9,58,14,81,0,19,65,32,116,64,38,102,218
09/05/2014,TUP,MS,ASO,CE,Federal Contract Tower,0,8,12,16,36,0,8,54,8,70,0,16,66,24,106,52,14,66,172
09/06/2014,TUP,MS,ASO,CE,Federal Contract Tower,0,2,5,0,7,0,3,35,0,38,0,5,40,0,45,74,0,74,119
09/07/2014,TUP,MS,ASO,CE,Federal Contract Tower,0,6,1,0,7,0,6,26,0,32,0,12,27,0,39,34,0,34,73
09/08/2014,TUP,MS,ASO,CE,Federal Contract Tower,0,8,10,30,48,0,1,23,6,30,0,9,33,36,78,36,0,36,114
09/09/2014,TUP,MS,ASO,CE,Federal Contract Tower,0,8,14,20,42,0,0,76,12,88,0,8,90,32,130,68,22,90,220
09/10/2014,TUP,MS,ASO,CE,Federal Contract Tower,0,9,16,18,43,0,13,43,12,68,0,22,59,30,111,26,20,46,157
09/11/2014,TUP,MS,ASO,CE,Federal Contract Tower,0,7,11,9,27,0,2,40,9,51,0,9,51,18,78,42,8,50,128
09/12/2014,TUP,MS,ASO,CE,Federal Contract Tower,0,10,14,19,43,0,0,9,7,16,0,10,23,26,59,0,0,0,59
09/13/2014,TUP,MS,ASO,CE,Federal Contract Tower,0,2,7,9,18,0,2,3,0,5,0,4,10,9,23,0,0,0,23
09/14/2014,TUP,MS,ASO,CE,Federal Contract Tower,0,6,10,6,22,0,4,41,12,57,0,10,51,18,79,58,12,70,149
09/15/2014,TUP,MS,ASO,CE,Federal Contract Tower,0,9,10,26,45,0,3,37,1,41,0,12,47,27,86,48,10,58,144
09/16/2014,TUP,MS,ASO,CE,Federal Contract Tower,0,8,9,10,27,0,0,41,21,62,0,8,50,31,89,24,16,40,129
09/17/2014,TUP,MS,ASO,CE,Federal Contract Tower,0,8,11,38,57,0,5,50,13,68,0,13,61,51,125,44,26,70,195
09/18/2014,TUP,MS,ASO,CE,Federal Contract Tower,0,9,10,10,29,0,6,59,11,76,0,15,69,21,105,46,28,74,179
09/19/2014,TUP,MS,ASO,CE,Federal Contract Tower,0,6,8,15,29,0,3,30,15,48,0,9,38,30,77,36,42,78,155
09/20/2014,TUP,MS,ASO,CE,Federal Contract Tower,0,2,8,0,10,0,50,35,12,97,0,52,43,12,107,56,14,70,177
09/21/2014,TUP,MS,ASO,CE,Federal Contract Tower,0,6,5,23,34,0,4,47,16,67,0,10,52,39,101,48,88,136,237
09/22/2014,TUP,MS,ASO,CE,Federal Contract Tower,0,9,11,36,56,0,7,46,7,60,0,16,57,43,116,72,30,102,218
09/23/2014,TUP,MS,ASO,CE,Federal Contract Tower,0,9,7,32,48,0,5,67,28,100,0,14,74,60,148,76,60,136,284
09/24/2014,TUP,MS,ASO,CE,Federal Contract Tower,0,10,15,24,49,0,4,58,19,81,0,14,73,43,130,100,28,128,258
09/25/2014,TUP,MS,ASO,CE,Federal Contract Tower,0,8,9,61,78,0,7,77,27,111,0,15,86,88,189,104,42,146,335
09/26/2014,TUP,MS,ASO,CE,Federal Contract Tower,0,7,12,12,31,0,10,76,11,97,0,17,88,23,128,84,20,104,232
09/27/2014,TUP,MS,ASO,CE,Federal Contract Tower,0,2,2,2,6,0,0,0,0,0,0,2,2,2,6,60,24,84,90
09/28/2014,TUP,MS,ASO,CE,Federal Contract Tower,0,4,8,8,20,0,3,42,6,51,0,7,50,14,71,50,0,50,121
09/29/2014,TUP,MS,ASO,CE,Federal Contract Tower,0,7,4,14,25,0,3,39,0,42,0,10,43,14,67,62,0,62,129
09/30/2014,TUP,MS,ASO,CE,Federal Contract Tower,0,6,11,0,17,0,11,59,12,82,0,17,70,12,99,106,16,122,221
10/01/2014,TUP,MS,ASO,CE,Federal Contract Tower,0,5,10,9,24,0,4,51,7,62,0,9,61,16,86,50,22,72,158
10/02/2014,TUP,MS,ASO,CE,Federal Contract Tower,0,5,11,4,20,0,4,27,5,36,0,9,38,9,56,0,4,4,60
10/03/2014,TUP,MS,ASO,CE,Federal Contract Tower,0,4,23,28,55,0,6,34,7,47,0,10,57,35,102,40,23,63,165
10/04/2014,TUP,MS,ASO,CE,Federal Contract Tower,0,3,20,0,23,0,0,72,44,116,0,3,92,44,139,0,0,0,139
10/05/2014,TUP,MS,ASO,CE,Federal Contract Tower,0,2,14,8,24,0,5,41,4,50,0,7,55,12,74,12,22,34,108
10/06/2014,TUP,MS,ASO,CE,Federal Contract Tower,0,4,2,20,26,0,10,19,12,41,0,14,21,32,67,4,0,4,71
10/07/2014,TUP,MS,ASO,CE,Federal Contract Tower,0,4,6,14,24,0,4,22,2,28,0,8,28,16,52,6,0,6,58
10/08/2014,TUP,MS,ASO,CE,Federal Contract Tower,0,3,10,4,17,0,0,11,2,13,0,3,21,6,30,12,4,16,46
10/09/2014,TUP,MS,ASO,CE,Federal Contract Tower,0,6,7,24,37,0,4,49,0,53,0,10,56,24,90,52,0,52,142
10/10/2014,TUP,MS,ASO,CE,Federal Contract Tower,1,5,14,18,38,0,7,28,2,37,1,12,42,20,75,12,0,12,87
10/11/2014,TUP,MS,ASO,CE,Federal Contract Tower,0,5,8,0,13,0,9,47,0,56,0,14,55,0,69,32,0,32,101
10/12/2014,TUP,MS,ASO,CE,Federal Contract Tower,0,2,14,2,18,0,0,24,0,24,0,2,38,2,42,50,0,50,92
10/13/2014,TUP,MS,ASO,CE,Federal Contract Tower,0,4,11,0,15,0,0,6,0,6,0,4,17,0,21,0,0,0,21
10/14/2014,TUP,MS,ASO,CE,Federal Contract Tower,0,6,13,23,42,0,2,17,12,31,0,8,30,35,73,24,12,36,109
10/15/2014,TUP,MS,ASO,CE,Federal Contract Tower,0,3,18,28,49,0,7,64,11,82,0,10,82,39,131,54,22,76,207
10/16/2014,TUP,MS,ASO,CE,Federal Contract Tower,0,7,17,24,48,0,8,67,12,87,0,15,84,36,135,92,26,118,253
10/17/2014,TUP,MS,ASO,CE,Federal Contract Tower,0,2,25,24,51,0,3,66,10,79,0,5,91,34,130,40,24,64,194
10/18/2014,TUP,MS,ASO,CE,Federal Contract Tower,1,2,3,0,6,0,5,44,2,51,1,7,47,2,57,30,4,34,91
10/19/2014,TUP,MS,ASO,CE,Federal Contract Tower,1,2,17,0,20,0,9,75,0,84,1,11,92,0,104,42,0,42,146
10/20/2014,TUP,MS,ASO,CE,Federal Contract Tower,0,4,15,34,53,0,6,25,8,39,0,10,40,42,92,32,8,40,132
10/21/2014,TUP,MS,ASO,CE,Federal Contract Tower,0,4,19,42,65,0,9,58,20,87,0,13,77,62,152,36,30,66,218
10/22/2014,TUP,MS,ASO,CE,Federal Contract Tower,0,4,16,50,70,0,8,75,4,87,0,12,91,54,157,66,8,74,231
10/23/2014,TUP,MS,ASO,CE,Federal Contract Tower,0,4,11,34,49,0,3,40,7,50,0,7,51,41,99,24,12,36,135
10/24/2014,TUP,MS,ASO,CE,Federal Contract Tower,2,6,12,16,36,0,8,61,26,95,2,14,73,42,131,66,88,154,285
10/25/2014,TUP,MS,ASO,CE,Federal Contract Tower,0,2,7,0,9,0,2,48,4,54,0,4,55,4,63,84,8,92,155
10/26/2014,TUP,MS,ASO,CE,Federal Contract Tower,0,2,10,5,17,0,1,38,2,41,0,3,48,7,58,64,12,76,134
10/27/2014,TUP,MS,ASO,CE,Federal Contract Tower,1,10,9,7,27,0,1,19,6,26,1,11,28,13,53,24,8,32,85
10/28/2014,TUP,MS,ASO,CE,Federal Contract Tower,0,13,9,16,38,0,9,43,7,59,0,22,52,23,97,32,24,56,153
10/29/2014,TUP,MS,ASO,CE,Federal Contract Tower,0,11,19,36,66,0,5,53,17,75,0,16,72,53,141,34,26,60,201
10/30/2014,TUP,MS,ASO,CE,Federal Contract Tower,0,9,9,12,30,0,5,61,11,77,0,14,70,23,107,58,22,80,187
10/31/2014,TUP,MS,ASO,CE,Federal Contract Tower,0,8,6,38,52,0,9,44,21,74,0,17,50,59,126,24,34,58,184
11/01/2014,TUP,MS,ASO,CE,Federal Contract Tower,0,5,18,0,23,0,11,69,2,82,0,16,87,2,105,100,0,100,205
11/02/2014,TUP,MS,ASO,CE,Federal Contract Tower,0,10,10,0,20,0,1,53,0,54,0,11,63,0,74,82,0,82,156
11/03/2014,TUP,MS,ASO,CE,Federal Contract Tower,0,10,8,12,30,0,5,24,32,61,0,15,32,44,91,28,32,60,151
11/04/2014,TUP,MS,ASO,CE,Federal Contract Tower,0,10,4,1,15,0,4,30,20,54,0,14,34,21,69,16,22,38,107
11/05/2014,TUP,MS,ASO,CE,Federal Contract Tower,1,10,15,20,46,0,6,20,0,26,1,16,35,20,72,16,0,16,88
11/06/2014,TUP,MS,ASO,CE,Federal Contract Tower,1,11,13,48,73,2,6,46,5,59,3,17,59,53,132,30,24,54,186
11/07/2014,TUP,MS,ASO,CE,Federal Contract Tower,0,12,9,49,70,0,16,58,11,85,0,28,67,60,155,56,26,82,237
11/08/2014,TUP,MS,ASO,CE,Federal Contract Tower,0,3,2,4,9,0,12,56,1,69,0,15,58,5,78,69,0,69,147
11/09/2014,TUP,MS,ASO,CE,Federal Contract Tower,0,8,9,8,25,0,7,59,0,66,0,15,68,8,91,120,0,120,211
11/10/2014,TUP,MS,ASO,CE,Federal Contract Tower,0,9,10,24,43,0,9,45,0,54,0,18,55,24,97,60,0,60,157
11/11/2014,TUP,MS,ASO,CE,Federal Contract Tower,0,12,17,0,29,0,0,23,0,23,0,12,40,0,52,22,0,22,74
11/12/2014,TUP,MS,ASO,CE,Federal Contract Tower,0,10,23,28,61,0,3,44,5,52,0,13,67,33,113,84,2,86,199
11/13/2014,TUP,MS,ASO,CE,Federal Contract Tower,0,9,13,16,38,0,8,27,4,39,0,17,40,20,77,38,0,38,115
11/14/2014,TUP,MS,ASO,CE,Federal Contract Tower,0,7,12,22,41,0,14,50,5,69,0,21,62,27,110,72,16,88,198
11/15/2014,TUP,MS,ASO,CE,Federal Contract Tower,0,3,14,4,21,0,11,43,9,63,0,14,57,13,84,62,24,86,170
11/16/2014,TUP,MS,ASO,CE,Federal Contract Tower,0,7,11,0,18,0,0,0,0,0,0,7,11,0,18,0,0,0,18
11/17/2014,TUP,MS,ASO,CE,Federal Contract Tower,0,7,19,32,58,0,6,29,8,43,0,13,48,40,101,80,12,92,193
11/18/2014,TUP,MS,ASO,CE,Federal Contract Tower,0,10,6,16,32,0,4,44,20,68,0,14,50,36,100,46,28,74,174
11/19/2014,TUP,MS,ASO,CE,Federal Contract Tower,0,9,8,12,29,0,4,35,5,44,0,13,43,17,73,6,0,6,79
11/20/2014,TUP,MS,ASO,CE,Federal Contract Tower,0,10,22,13,45,0,7,58,16,81,0,17,80,29,126,38,20,58,184
11/21/2014,TUP,MS,ASO,CE,Federal Contract Tower,4,10,7,20,41,0,12,51,30,93,4,22,58,50,134,24,58,82,216
11/22/2014,TUP,MS,ASO,CE,Federal Contract Tower,0,3,12,1,16,0,8,55,45,108,0,11,67,46,124,46,80,126,250
11/23/2014,TUP,MS,ASO,CE,Federal Contract Tower,0,5,5,0,10,0,0,0,0,0,0,5,5,0,10,0,0,0,10
11/24/2014,TUP,MS,ASO,CE,Federal Contract Tower,0,8,11,16,35,0,1,7,0,8,0,9,18,16,43,0,0,0,43
11/25/2014,TUP,MS,ASO,CE,Federal Contract Tower,0,11,13,12,36,0,7,43,16,66,0,18,56,28,102,70,34,104,206
11/26/2014,TUP,MS,ASO,CE,Federal Contract Tower,0,10,9,0,19,0,4,25,0,29,0,14,34,0,48,20,0,20,68
11/27/2014,TUP,MS,ASO,CE,Federal Contract Tower,0,10,6,0,16,0,3,10,0,13,0,13,16,0,29,8,0,8,37
11/28/2014,TUP,MS,ASO,CE,Federal Contract Tower,0,12,9,0,21,0,6,47,0,53,0,18,56,0,74,86,0,86,160
11/29/2014,TUP,MS,ASO,CE,Federal Contract Tower,0,3,12,0,15,0,6,42,0,48,0,9,54,0,63,52,0,52,115
11/30/2014,TUP,MS,ASO,CE,Federal Contract Tower,0,9,9,0,18,0,9,33,0,42,0,18,42,0,60,42,0,42,102
12/01/2014,TUP,MS,ASO,CE,Federal Contract Tower,0,12,10,8,30,0,0,0,0,0,0,12,10,8,30,0,0,0,30
12/02/2014,TUP,MS,ASO,CE,Federal Contract Tower,0,8,23,36,67,0,0,0,0,0,0,8,23,36,67,0,0,0,67
12/03/2014,TUP,MS,ASO,CE,Federal Contract Tower,0,10,14,25,49,0,0,19,6,25,0,10,33,31,74,22,4,26,100
12/04/2014,TUP,MS,ASO,CE,Federal Contract Tower,0,10,20,8,38,0,7,50,1,58,0,17,70,9,96,72,0,72,168
12/05/2014,TUP,MS,ASO,CE,Federal Contract Tower,0,10,9,0,19,0,0,15,0,15,0,10,24,0,34,8,0,8,42
12/06/2014,TUP,MS,ASO,CE,Federal Contract Tower,0,4,8,0,12,0,7,25,0,32,0,11,33,0,44,64,0,64,108
12/07/2014,TUP,MS,ASO,CE,Federal Contract Tower,0,8,10,17,35,0,4,44,6,54,0,12,54,23,89,148,24,172,261
12/08/2014,TUP,MS,ASO,CE,Federal Contract Tower,0,10,9,12,31,0,11,31,1,43,0,21,40,13,74,24,8,32,106
12/09/2014,TUP,MS,ASO,CE,Federal Contract Tower,0,9,9,13,31,0,6,48,10,64,0,15,57,23,95,96,22,118,213
12/10/2014,TUP,MS,ASO,CE,Federal Contract Tower,0,14,26,28,68,0,3,47,10,60,0,17,73,38,128,22,0,22,150
12/11/2014,TUP,MS,ASO,CE,Federal Contract Tower,0,12,26,30,68,0,5,61,17,83,0,17,87,47,151,28,54,82,233
12/12/2014,TUP,MS,ASO,CE,Federal Contract Tower,0,9,22,17,48,0,2,57,42,101,0,11,79,59,149,84,50,134,283
12/13/2014,TUP,MS,ASO,CE,Federal Contract Tower,0,3,5,0,8,0,2,25,30,57,0,5,30,30,65,34,0,34,99
12/14/2014,TUP,MS,ASO,CE,Federal Contract Tower,1,5,11,10,27,0,0,36,20,56,1,5,47,30,83,56,18,74,157
12/15/2014,TUP,MS,ASO,CE,Federal Contract Tower,0,10,15,22,47,0,0,0,0,0,0,10,15,22,47,0,0,0,47
12/16/2014,TUP,MS,ASO,CE,Federal Contract Tower,0,13,16,21,50,0,6,55,38,99,0,19,71,59,149,94,48,142,291
12/17/2014,TUP,MS,ASO,CE,Federal Contract Tower,0,12,12,24,48,0,5,58,22,85,0,17,70,46,133,54,22,76,209
12/18/2014,TUP,MS,ASO,CE,Federal Contract Tower,0,11,24,29,64,0,3,30,2,35,0,14,54,31,99,6,0,6,105
12/19/2014,TUP,MS,ASO,CE,Federal Contract Tower,0,12,11,30,53,0,1,17,3,21,0,13,28,33,74,18,2,20,94
12/20/2014,TUP,MS,ASO,CE,Federal Contract Tower,0,5,3,0,8,0,0,20,0,20,0,5,23,0,28,26,0,26,54
12/21/2014,TUP,MS,ASO,CE,Federal Contract Tower,0,9,8,0,17,0,3,38,0,41,0,12,46,0,58,90,0,90,148
12/22/2014,TUP,MS,ASO,CE,Federal Contract Tower,0,10,12,8,30,0,0,0,0,0,0,10,12,8,30,0,0,0,30
12/23/2014,TUP,MS,ASO,CE,Federal Contract Tower,0,3,5,0,8,0,0,0,0,0,0,3,5,0,8,0,0,0,8
12/24/2014,TUP,MS,ASO,CE,Federal Contract Tower,0,12,10,0,22,0,0,12,0,12,0,12,22,0,34,0,0,0,34
12/25/2014,TUP,MS,ASO,CE,Federal Contract Tower,0,7,1,0,8,0,3,18,0,21,0,10,19,0,29,2,2,4,33
12/26/2014,TUP,MS,ASO,CE,Federal Contract Tower,0,5,4,0,9,0,8,25,0,33,0,13,29,0,42,58,0,58,100
12/27/2014,TUP,MS,ASO,CE,Federal Contract Tower,0,1,0,0,1,0,0,0,0,0,0,1,0,0,1,0,0,0,1
12/28/2014,TUP,MS,ASO,CE,Federal Contract Tower,0,7,0,0,7,0,0,0,0,0,0,7,0,0,7,0,0,0,7
12/29/2014,TUP,MS,ASO,CE,Federal Contract Tower,0,12,6,1,19,0,0,0,0,0,0,12,6,1,19,0,0,0,19
12/30/2014,TUP,MS,ASO,CE,Federal Contract Tower,0,9,3,0,12,0,1,36,22,59,0,10,39,22,71,20,34,54,125
12/31/2014,TUP,MS,ASO,CE,Federal Contract Tower,0,9,8,0,17,0,7,62,0,69,0,16,70,0,86,46,0,46,132
01/01/2015,TUP,MS,ASO,CE,Federal Contract Tower,0,9,5,0,14,0,7,43,0,50,0,16,48,0,64,38,0,38,102
01/02/2015,TUP,MS,ASO,CE,Federal Contract Tower,0,12,8,0,20,0,0,0,0,0,0,12,8,0,20,0,0,0,20
01/03/2015,TUP,MS,ASO,CE,Federal Contract Tower,0,3,2,0,5,0,0,0,0,0,0,3,2,0,5,0,0,0,5
01/04/2015,TUP,MS,ASO,CE,Federal Contract Tower,0,7,4,0,11,0,5,9,0,14,0,12,13,0,25,6,0,6,31
01/05/2015,TUP,MS,ASO,CE,Federal Contract Tower,0,9,13,10,32,0,3,17,1,21,0,12,30,11,53,0,0,0,53
01/06/2015,TUP,MS,ASO,CE,Federal Contract Tower,0,10,7,44,61,0,0,37,18,55,0,10,44,62,116,46,48,94,210
01/07/2015,TUP,MS,ASO,CE,Federal Contract Tower,0,17,13,20,50,0,2,31,16,49,0,19,44,36,99,16,0,16,115
01/08/2015,TUP,MS,ASO,CE,Federal Contract Tower,0,8,6,8,22,0,3,25,20,48,0,11,31,28,70,32,14,46,116
01/09/2015,TUP,MS,ASO,CE,Federal Contract Tower,0,7,6,18,31,0,8,31,12,51,0,15,37,30,82,72,16,88,170
01/10/2015,TUP,MS,ASO,CE,Federal Contract Tower,0,3,1,10,14,0,7,39,9,55,0,10,40,19,69,62,32,94,163
01/11/2015,TUP,MS,ASO,CE,Federal Contract Tower,0,6,3,18,27,0,12,25,13,50,0,18,28,31,77,8,50,58,135
01/12/2015,TUP,MS,ASO,CE,Federal Contract Tower,0,6,7,18,31,0,0,0,0,0,0,6,7,18,31,0,0,0,31
01/13/2015,TUP,MS,ASO,CE,Federal Contract Tower,0,9,13,4,26,0,1,8,19,28,0,10,21,23,54,0,34,34,88
01/14/2015,TUP,MS,ASO,CE,Federal Contract Tower,0,10,11,19,40,0,18,46,28,92,0,28,57,47,132,50,32,82,214
01/15/2015,TUP,MS,ASO,CE,Federal Contract Tower,0,13,16,41,70,0,4,27,22,53,0,17,43,63,123,32,40,72,195
01/16/2015,TUP,MS,ASO,CE,Federal Contract Tower,0,9,12,12,33,0,4,44,6,54,0,13,56,18,87,36,8,44,131
01/17/2015,TUP,MS,ASO,CE,Federal Contract Tower,0,3,8,0,11,0,0,30,0,30,0,3,38,0,41,20,0,20,61
01/18/2015,TUP,MS,ASO,CE,Federal Contract Tower,0,7,1,0,8,0,7,37,0,44,0,14,38,0,52,104,0,104,156
01/19/2015,TUP,MS,ASO,CE,Federal Contract Tower,0,10,5,0,15,0,10,18,0,28,0,20,23,0,43,14,0,14,57
01/20/2015,TUP,MS,ASO,CE,Federal Contract Tower,0,10,8,34,52,0,0,51,28,79,0,10,59,62,131,96,60,156,287
01/21/2015,TUP,MS,ASO,CE,Federal Contract Tower,0,10,12,12,34,0,5,58,14,77,0,15,70,26,111,72,20,92,203
01/22/2015,TUP,MS,ASO,CE,Federal Contract Tower,0,9,17,8,34,0,2,28,10,40,0,11,45,18,74,48,12,60,134
01/23/2015,TUP,MS,ASO,CE,Federal Contract Tower,2,3,5,0,10,0,0,0,0,0,2,3,5,0,10,0,0,0,10
01/24/2015,TUP,MS,ASO,CE,Federal Contract Tower,2,4,5,6,17,0,14,47,42,103,2,18,52,48,120,78,64,142,262
01/25/2015,TUP,MS,ASO,CE,Federal Contract Tower,0,7,8,1,16,0,6,26,32,64,0,13,34,33,80,20,26,46,126
01/26/2015,TUP,MS,ASO,CE,Federal Contract Tower,0,13,17,27,57,0,9,27,25,61,0,22,44,52,118,18,62,80,198
01/27/2015,TUP,MS,ASO,CE,Federal Contract Tower,0,12,11,16,39,0,5,41,35,81,0,17,52,51,120,64,38,102,222
01/28/2015,TUP,MS,ASO,CE,Federal Contract Tower,0,11,27,10,48,0,4,38,19,61,0,15,65,29,109,28,2,30,139
01/29/2015,TUP,MS,ASO,CE,Federal Contract Tower,0,13,15,22,50,0,6,46,12,64,0,19,61,34,114,50,22,72,186
01/30/2015,TUP,MS,ASO,CE,Federal Contract Tower,0,10,6,10,26,0,7,29,20,56,0,17,35,30,82,64,14,78,160
01/31/2015,TUP,MS,ASO,CE,Federal Contract Tower,0,3,2,5,10,0,7,44,0,51,0,10,46,5,61,72,6,78,139
02/01/2015,TUP,MS,ASO,CE,Federal Contract Tower,0,7,1,0,8,0,0,0,0,0,0,7,1,0,8,0,0,0,8
02/02/2015,TUP,MS,ASO,CE,Federal Contract Tower,0,11,2,32,45,0,2,24,4,30,0,13,26,36,75,32,2,34,109
02/03/2015,TUP,MS,ASO,CE,Federal Contract Tower,0,10,14,5,29,0,10,47,6,63,0,20,61,11,92,44,0,44,136
02/04/2015,TUP,MS,ASO,CE,Federal Contract Tower,0,10,24,2,36,0,6,54,8,68,0,16,78,10,104,54,6,60,164
02/05/2015,TUP,MS,ASO,CE,Federal Contract Tower,0,10,11,14,35,0,3,40,23,66,0,13,51,37,101,26,14,40,141
02/06/2015,TUP,MS,ASO,CE,Federal Contract Tower,0,10,21,4,35,0,16,57,28,101,0,26,78,32,136,54,68,122,258
02/07/2015,TUP,MS,ASO,CE,Federal Contract Tower,0,3,7,0,10,0,6,36,37,79,0,9,43,37,89,38,44,82,171
02/08/2015,TUP,MS,ASO,CE,Federal Contract Tower,0,6,12,6,24,0,10,25,22,57,0,16,37,28,81,8,14,22,103
02/09/2015,TUP,MS,ASO,CE,Federal Contract Tower,4,11,17,4,36,0,8,24,18,50,4,19,41,22,86,12,16,28,114
02/10/2015,TUP,MS,ASO,CE,Federal Contract Tower,0,7,9,8,24,0,4,29,21,54,0,11,38,29,78,18,26,44,122
02/11/2015,TUP,MS,ASO,CE,Federal Contract Tower,0,9,7,5,21,0,3,38,2,43,0,12,45,7,64,22,0,22,86
02/12/2015,TUP,MS,ASO,CE,Federal Contract Tower,0,10,11,40,61,0,4,37,8,49,0,14,48,48,110,4,0,4,114
02/13/2015,TUP,MS,ASO,CE,Federal Contract Tower,0,9,9,8,26,0,6,51,6,63,0,15,60,14,89,50,0,50,139
02/14/2015,TUP,MS,ASO,CE,Federal Contract Tower,0,3,2,0,5,0,3,39,0,42,0,6,41,0,47,42,0,42,89
02/15/2015,TUP,MS,ASO,CE,Federal Contract Tower,0,6,5,0,11,0,7,22,0,29,0,13,27,0,40,34,0,34,74
02/16/2015,TUP,MS,ASO,CE,Federal Contract Tower,0,0,2,0,2,0,0,0,0,0,0,0,2,0,2,0,0,0,2
02/17/2015,TUP,MS,ASO,CE,Federal Contract Tower,0,12,9,10,31,0,1,6,0,7,0,13,15,10,38,0,0,0,38
02/18/2015,TUP,MS,ASO,CE,Federal Contract Tower,0,14,14,32,60,0,10,22,2,34,0,24,36,34,94,2,8,10,104
02/19/2015,TUP,MS,ASO,CE,Federal Contract Tower,0,11,11,12,34,0,12,35,9,56,0,23,46,21,90,10,18,28,118
02/20/2015,TUP,MS,ASO,CE,Federal Contract Tower,0,4,10,0,14,0,5,0,0,5,0,9,10,0,19,6,0,6,25
02/21/2015,TUP,MS,ASO,CE,Federal Contract Tower,0,4,2,0,6,0,0,0,0,0,0,4,2,0,6,0,0,0,6
02/22/2015,TUP,MS,ASO,CE,Federal Contract Tower,2,3,6,0,11,0,2,2,0,4,2,5,8,0,15,6,0,6,21
02/23/2015,TUP,MS,ASO,CE,Federal Contract Tower,0,4,7,20,31,0,2,2,2,6,0,6,9,22,37,0,0,0,37
02/24/2015,TUP,MS,ASO,CE,Federal Contract Tower,0,12,4,26,42,0,3,19,10,32,0,15,23,36,74,12,4,16,90
02/25/2015,TUP,MS,ASO,CE,Federal Contract Tower,0,2,5,0,7,0,0,0,0,0,0,2,5,0,7,0,0,0,7
02/26/2015,TUP,MS,ASO,CE,Federal Contract Tower,2,7,7,0,16,0,11,11,7,29,2,18,18,7,45,12,4,16,61
02/27/2015,TUP,MS,ASO,CE,Federal Contract Tower,0,11,18,4,33,0,8,44,12,64,0,19,62,16,97,46,14,60,157
02/28/2015,TUP,MS,ASO,CE,Federal Contract Tower,0,4,0,0,4,0,0,0,0,0,0,4,0,0,4,100,0,100,104
03/01/2015,TUP,MS,ASO,CE,Federal Contract Tower,0,7,5,0,12,0,0,0,0,0,0,7,5,0,12,0,0,0,12
03/02/2015,TUP,MS,ASO,CE,Federal Contract Tower,0,10,14,10,34,0,0,0,0,0,0,10,14,10,34,0,0,0,34
03/03/2015,TUP,MS,ASO,CE,Federal Contract Tower,0,10,8,0,18,0,0,0,0,0,0,10,8,0,18,0,0,0,18
03/04/2015,TUP,MS,ASO,CE,Federal Contract Tower,0,10,4,4,18,0,0,0,0,0,0,10,4,4,18,0,0,0,18
03/05/2015,TUP,MS,ASO,CE,Federal Contract Tower,0,3,4,0,7,0,0,0,0,0,0,3,4,0,7,0,0,0,7
03/06/2015,TUP,MS,ASO,CE,Federal Contract Tower,0,11,9,28,48,0,21,33,25,79,0,32,42,53,127,35,26,61,188
03/07/2015,TUP,MS,ASO,CE,Federal Contract Tower,0,3,10,0,13,0,14,59,32,105,0,17,69,32,118,78,42,120,238
03/08/2015,TUP,MS,ASO,CE,Federal Contract Tower,0,6,7,6,19,0,8,30,25,63,0,14,37,31,82,48,26,74,156
03/09/2015,TUP,MS,ASO,CE,Federal Contract Tower,0,11,12,35,58,0,4,7,0,11,0,15,19,35,69,6,0,6,75
03/10/2015,TUP,MS,ASO,CE,Federal Contract Tower,0,10,22,2,34,0,0,7,4,11,0,10,29,6,45,0,24,24,69
03/11/2015,TUP,MS,ASO,CE,Federal Contract Tower,0,9,13,36,58,0,0,4,0,4,0,9,17,36,62,0,0,0,62
03/12/2015,TUP,MS,ASO,CE,Federal Contract Tower,0,9,5,28,42,0,1,34,5,40,0,10,39,33,82,30,0,30,112
03/13/2015,TUP,MS,ASO,CE,Federal Contract Tower,0,9,7,20,36,0,0,0,0,0,0,9,7,20,36,0,0,0,36
03/14/2015,TUP,MS,ASO,CE,Federal Contract Tower,0,3,3,10,16,0,0,0,0,0,0,3,3,10,16,0,0,0,16
03/15/2015,TUP,MS,ASO,CE,Federal Contract Tower,0,7,11,10,28,0,4,36,0,40,0,11,47,10,68,42,0,42,110
03/16/2015,TUP,MS,ASO,CE,Federal Contract Tower,2,13,11,34,60,0,7,30,0,37,2,20,41,34,97,24,0,24,121
03/17/2015,TUP,MS,ASO,CE,Federal Contract Tower,0,6,5,26,37,0,16,43,38,97,0,22,48,64,134,42,58,100,234
03/18/2015,TUP,MS,ASO,CE,Federal Contract Tower,0,8,7,16,31,0,8,37,28,73,0,16,44,44,104,24,22,46,150
03/19/2015,TUP,MS,ASO,CE,Federal Contract Tower,0,8,19,48,75,0,2,2,0,4,0,10,21,48,79,0,0,0,79
03/20/2015,TUP,MS,ASO,CE,Federal Contract Tower,2,6,12,38,58,0,0,1,20,21,2,6,13,58,79,0,50,50,129
03/21/2015,TUP,MS,ASO,CE,Federal Contract Tower,0,3,8,0,11,0,3,27,32,62,0,6,35,32,73,44,106,150,223
03/22/2015,TUP,MS,ASO,CE,Federal Contract Tower,0,0,7,0,7,0,0,1,4,5,0,0,8,4,12,0,0,0,12
03/23/2015,TUP,MS,ASO,CE,Federal Contract Tower,0,0,6,24,30,0,8,34,2,44,0,8,40,26,74,22,0,22,96
03/24/2015,TUP,MS,ASO,CE,Federal Contract Tower,0,2,10,32,44,0,12,52,18,82,0,14,62,50,126,102,24,126,252
03/25/2015,TUP,MS,ASO,CE,Federal Contract Tower,0,8,17,24,49,0,4,37,4,45,0,12,54,28,94,32,16,48,142
03/26/2015,TUP,MS,ASO,CE,Federal Contract Tower,0,7,14,44,65,0,10,27,11,48,0,17,41,55,113,32,16,48,161
03/27/2015,TUP,MS,ASO,CE,Federal Contract Tower,0,7,14,8,29,0,4,25,9,38,0,11,39,17,67,68,0,68,135
03/28/2015,TUP,MS,ASO,CE,Federal Contract Tower,0,9,2,7,18,0,2,17,0,19,0,11,19,7,37,30,0,30,67
03/29/2015,TUP,MS,ASO,CE,Federal Contract Tower,0,7,6,0,13,0,4,15,2,21,0,11,21,2,34,16,0,16,50
03/30/2015,TUP,MS,ASO,CE,Federal Contract Tower,0,6,11,12,29,0,8,11,1,20,0,14,22,13,49,30,0,30,79
03/31/2015,TUP,MS,ASO,CE,Federal Contract Tower,0,7,8,9,24,0,4,16,17,37,0,11,24,26,61,6,6,12,73
04/01/2015,TUP,MS,ASO,CE,Federal Contract Tower,0,11,11,22,44,0,9,36,3,48,0,20,47,25,92,40,12,52,144
04/02/2015,TUP,MS,ASO,CE,Federal Contract Tower,0,11,4,4,19,0,4,47,0,51,0,15,51,4,70,20,0,20,90
04/03/2015,TUP,MS,ASO,CE,Federal Contract Tower,0,10,15,12,37,0,2,29,4,35,0,12,44,16,72,8,6,14,86
04/04/2015,TUP,MS,ASO,CE,Federal Contract Tower,0,3,7,5,15,0,8,56,4,68,0,11,63,9,83,82,12,94,177
04/05/2015,TUP,MS,ASO,CE,Federal Contract Tower,0,6,13,7,26,0,4,16,4,24,0,10,29,11,50,10,22,32,82
04/06/2015,TUP,MS,ASO,CE,Federal Contract Tower,0,13,7,4,24,0,0,0,0,0,0,13,7,4,24,0,0,0,24
04/07/2015,TUP,MS,ASO,CE,Federal Contract Tower,0,14,14,10,38,0,1,36,15,52,0,15,50,25,90,46,24,70,160
04/08/2015,TUP,MS,ASO,CE,Federal Contract Tower,0,12,19,16,47,0,5,50,14,69,0,17,69,30,116,40,20,60,176
04/09/2015,TUP,MS,ASO,CE,Federal Contract Tower,0,10,16,26,52,0,3,62,15,80,0,13,78,41,132,42,26,68,200
04/10/2015,TUP,MS,ASO,CE,Federal Contract Tower,0,10,7,22,39,0,8,58,21,87,0,18,65,43,126,50,54,104,230
04/11/2015,TUP,MS,ASO,CE,Federal Contract Tower,0,4,5,0,9,0,5,63,8,76,0,9,68,8,85,82,8,90,175
04/12/2015,TUP,MS,ASO,CE,Federal Contract Tower,0,5,2,2,9,0,3,19,4,26,0,8,21,6,35,68,0,68,103
04/13/2015,TUP,MS,ASO,CE,Federal Contract Tower,0,9,9,0,18,0,0,0,0,0,0,9,9,0,18,0,0,0,18
04/14/2015,TUP,MS,ASO,CE,Federal Contract Tower,0,11,7,0,18,0,1,16,0,17,0,12,23,0,35,10,0,10,45
04/15/2015,TUP,MS,ASO,CE,Federal Contract Tower,0,10,11,14,35,0,4,21,4,29,0,14,32,18,64,6,10,16,80
04/16/2015,TUP,MS,ASO,CE,Federal Contract Tower,0,11,8,19,38,0,4,21,4,29,0,15,29,23,67,16,2,18,85
04/17/2015,TUP,MS,ASO,CE,Federal Contract Tower,0,7,14,29,50,0,0,0,0,0,0,7,14,29,50,0,0,0,50
04/18/2015,TUP,MS,ASO,CE,Federal Contract Tower,0,3,1,6,10,0,2,9,0,11,0,5,10,6,21,70,0,70,91
04/19/2015,TUP,MS,ASO,CE,Federal Contract Tower,0,7,4,1,12,0,1,13,2,16,0,8,17,3,28,18,4,22,50
04/20/2015,TUP,MS,ASO,CE,Federal Contract Tower,0,10,14,17,41,0,8,15,4,27,0,18,29,21,68,34,16,50,118
04/21/2015,TUP,MS,ASO,CE,Federal Contract Tower,0,11,13,4,28,0,7,64,5,76,0,18,77,9,104,64,32,96,200
04/22/2015,TUP,MS,ASO,CE,Federal Contract Tower,0,12,11,18,41,0,1,48,8,57,0,13,59,26,98,44,14,58,156
04/23/2015,TUP,MS,ASO,CE,Federal Contract Tower,2,7,15,18,42,0,8,56,8,72,2,15,71,26,114,46,16,62,176
04/24/2015,TUP,MS,ASO,CE,Federal Contract Tower,0,7,7,27,41,0,2,26,14,42,0,9,33,41,83,24,16,40,123
04/25/2015,TUP,MS,ASO,CE,Federal Contract Tower,0,3,4,9,16,0,4,26,0,30,0,7,30,9,46,64,0,64,110
04/26/2015,TUP,MS,ASO,CE,Federal Contract Tower,0,9,14,8,31,0,9,29,32,70,0,18,43,40,101,52,80,132,233
04/27/2015,TUP,MS,ASO,CE,Federal Contract Tower,0,10,4,24,38,0,5,34,4,43,0,15,38,28,81,62,10,72,153
04/28/2015,TUP,MS,ASO,CE,Federal Contract Tower,0,7,22,20,49,0,2,22,8,32,0,9,44,28,81,26,26,52,133
04/29/2015,TUP,MS,ASO,CE,Federal Contract Tower,0,4,14,28,46,0,11,53,17,81,0,15,67,45,127,66,48,114,241
04/30/2015,TUP,MS,ASO,CE,Federal Contract Tower,0,4,13,26,43,0,10,60,28,98,0,14,73,54,141,56,30,86,227
05/01/2015,TUP,MS,ASO,CE,Federal Contract Tower,0,11,8,28,47,0,7,42,51,100,0,18,50,79,147,42,72,114,261
05/02/2015,TUP,MS,ASO,CE,Federal Contract Tower,0,4,3,0,7,0,10,54,17,81,0,14,57,17,88,46,24,70,158
05/03/2015,TUP,MS,ASO,CE,Federal Contract Tower,0,7,9,0,16,0,0,28,2,30,0,7,37,2,46,26,8,34,80
05/04/2015,TUP,MS,ASO,CE,Federal Contract Tower,0,11,9,18,38,0,4,52,8,64,0,15,61,26,102,42,26,68,170
05/05/2015,TUP,MS,ASO,CE,Federal Contract Tower,0,13,5,20,38,0,5,53,16,74,0,18,58,36,112,46,22,68,180
05/06/2015,TUP,MS,ASO,CE,Federal Contract Tower,0,7,14,34,55,0,4,44,11,59,0,11,58,45,114,30,12,42,156
05/07/2015,TUP,MS,ASO,CE,Federal Contract Tower,0,4,7,10,21,0,12,47,4,63,0,16,54,14,84,20,0,20,104
05/08/2015,TUP,MS,ASO,CE,Federal Contract Tower,0,6,12,12,30,0,13,43,8,64,0,19,55,20,94,54,22,76,170
05/09/2015,TUP,MS,ASO,CE,Federal Contract Tower,0,4,7,0,11,0,6,18,0,24,0,10,25,0,35,42,0,42,77
05/10/2015,TUP,MS,ASO,CE,Federal Contract Tower,0,5,4,4,13,0,7,32,2,41,0,12,36,6,54,36,4,40,94
05/11/2015,TUP,MS,ASO,CE,Federal Contract Tower,0,10,7,8,25,0,4,47,6,57,0,14,54,14,82,48,0,48,130
05/12/2015,TUP,MS,ASO,CE,Federal Contract Tower,0,11,14,16,41,0,11,63,9,83,0,22,77,25,124,140,0,140,264
05/13/2015,TUP,MS,ASO,CE,Federal Contract Tower,0,10,24,34,68,0,9,42,2,53,0,19,66,36,121,86,16,102,223
05/14/2015,TUP,MS,ASO,CE,Federal Contract Tower,0,8,10,10,28,0,2,47,6,55,0,10,57,16,83,32,8,40,123
05/15/2015,TUP,MS,ASO,CE,Federal Contract Tower,0,4,6,16,26,0,6,51,8,65,0,10,57,24,91,18,6,24,115
05/16/2015,TUP,MS,ASO,CE,Federal Contract Tower,0,3,9,0,12,0,0,24,0,24,0,3,33,0,36,28,0,28,64
05/17/2015,TUP,MS,ASO,CE,Federal Contract Tower,0,2,10,2,14,0,0,2,0,2,0,2,12,2,16,0,0,0,16
05/18/2015,TUP,MS,ASO,CE,Federal Contract Tower,0,6,16,38,60,0,4,37,3,44,0,10,53,41,104,34,0,34,138
05/19/2015,TUP,MS,ASO,CE,Federal Contract Tower,0,7,14,21,42,0,19,44,32,95,0,26,58,53,137,50,6,56,193
05/20/2015,TUP,MS,ASO,CE,Federal Contract Tower,0,3,19,8,30,0,2,39,11,52,0,5,58,19,82,100,0,100,182
05/21/2015,TUP,MS,ASO,CE,Federal Contract Tower,0,4,15,23,42,0,1,41,2,44,0,5,56,25,86,24,0,24,110
05/22/2015,TUP,MS,ASO,CE,Federal Contract Tower,0,4,5,0,9,0,17,55,5,77,0,21,60,5,86,106,10,116,202
05/23/2015,TUP,MS,ASO,CE,Federal Contract Tower,0,7,3,0,10,0,15,44,0,59,0,22,47,0,69,78,0,78,147
05/24/2015,TUP,MS,ASO,CE,Federal Contract Tower,0,1,1,0,2,0,1,11,0,12,0,2,12,0,14,8,0,8,22
05/25/2015,TUP,MS,ASO,CE,Federal Contract Tower,0,2,4,0,6,0,0,11,0,11,0,2,15,0,17,0,0,0,17
05/26/2015,TUP,MS,ASO,CE,Federal Contract Tower,0,6,7,34,47,0,9,47,14,70,0,15,54,48,117,74,16,90,207
05/27/2015,TUP,MS,ASO,CE,Federal Contract Tower,0,6,11,8,25,0,2,22,6,30,0,8,33,14,55,24,6,30,85
05/28/2015,TUP,MS,ASO,CE,Federal Contract Tower,0,10,10,27,47,0,5,32,4,41,0,15,42,31,88,36,0,36,124
05/29/2015,TUP,MS,ASO,CE,Federal Contract Tower,0,5,17,11,33,0,3,35,11,49,0,8,52,22,82,38,30,68,150
05/30/2015,TUP,MS,ASO,CE,Federal Contract Tower,0,0,8,0,8,0,7,28,0,35,0,7,36,0,43,22,0,22,65
05/31/2015,TUP,MS,ASO,CE,Federal Contract Tower,0,1,6,2,9,0,0,24,5,29,0,1,30,7,38,26,10,36,74
06/01/2015,TUP,MS,ASO,CE,Federal Contract Tower,0,7,12,25,44,0,0,23,5,28,0,7,35,30,72,22,0,22,94
06/02/2015,TUP,MS,ASO,CE,Federal Contract Tower,0,6,9,14,29,0,4,25,24,53,0,10,34,38,82,28,28,56,138
06/03/2015,TUP,MS,ASO,CE,Federal Contract Tower,0,8,17,18,43,0,2,42,24,68,0,10,59,42,111,102,42,144,255
06/04/2015,TUP,MS,ASO,CE,Federal Contract Tower,0,10,18,24,52,0,8,63,15,86,0,18,81,39,138,92,34,126,264
06/05/2015,TUP,MS,ASO,CE,Federal Contract Tower,0,4,11,6,21,0,14,67,21,102,0,18,78,27,123,54,42,96,219
06/06/2015,TUP,MS,ASO,CE,Federal Contract Tower,0,5,9,4,18,0,3,42,0,45,0,8,51,4,63,32,0,32,95
06/07/2015,TUP,MS,ASO,CE,Federal Contract Tower,0,4,2,20,26,0,6,37,5,48,0,10,39,25,74,40,20,60,134
06/08/2015,TUP,MS,ASO,CE,Federal Contract Tower,0,9,18,4,31,0,2,47,0,49,0,11,65,4,80,58,0,58,138
06/09/2015,TUP,MS,ASO,CE,Federal Contract Tower,0,5,10,52,67,0,7,47,16,70,0,12,57,68,137,76,12,88,225
06/10/2015,TUP,MS,ASO,CE,Federal Contract Tower,0,8,7,54,69,0,9,49,18,76,0,17,56,72,145,50,0,50,195
06/11/2015,TUP,MS,ASO,CE,Federal Contract Tower,0,5,11,28,44,0,6,36,13,55,0,11,47,41,99,58,16,74,173
06/12/2015,TUP,MS,ASO,CE,Federal Contract Tower,0,2,12,33,47,0,6,54,12,72,0,8,66,45,119,20,28,48,167
06/13/2015,TUP,MS,ASO,CE,Federal Contract Tower,0,0,15,2,17,0,10,41,6,57,0,10,56,8,74,44,0,44,118
06/14/2015,TUP,MS,ASO,CE,Federal Contract Tower,0,2,12,1,15,0,14,24,6,44,0,16,36,7,59,32,0,32,91
06/15/2015,TUP,MS,ASO,CE,Federal Contract Tower,0,5,28,19,52,0,13,52,11,76,0,18,80,30,128,78,0,78,206
06/16/2015,TUP,MS,ASO,CE,Federal Contract Tower,0,9,11,34,54,0,15,52,28,95,0,24,63,62,149,86,34,120,269
06/17/2015,TUP,MS,ASO,CE,Federal Contract Tower,0,4,18,26,48,0,6,39,30,75,0,10,57,56,123,68,24,92,215
06/18/2015,TUP,MS,ASO,CE,Federal Contract Tower,0,9,10,23,42,0,5,53,11,69,0,14,63,34,111,50,16,66,177
06/19/2015,TUP,MS,ASO,CE,Federal Contract Tower,0,2,22,12,36,0,11,46,3,60,0,13,68,15,96,40,6,46,142
06/20/2015,TUP,MS,ASO,CE,Federal Contract Tower,0,4,11,10,25,0,13,45,0,58,0,17,56,10,83,42,0,42,125
06/21/2015,TUP,MS,ASO,CE,Federal Contract Tower,0,3,10,12,25,0,6,38,0,44,0,9,48,12,69,36,0,36,105
06/22/2015,TUP,MS,ASO,CE,Federal Contract Tower,0,1,12,43,56,0,12,46,16,74,0,13,58,59,130,58,6,64,194
06/23/2015,TUP,MS,ASO,CE,Federal Contract Tower,0,8,20,20,48,0,11,65,32,108,0,19,85,52,156,132,26,158,314
06/24/2015,TUP,MS,ASO,CE,Federal Contract Tower,0,0,17,8,25,0,5,39,12,56,0,5,56,20,81,44,20,64,145
06/25/2015,TUP,MS,ASO,CE,Federal Contract Tower,0,7,10,64,81,0,11,43,11,65,0,18,53,75,146,60,14,74,220
06/26/2015,TUP,MS,ASO,CE,Federal Contract Tower,0,6,9,42,57,0,7,51,28,86,0,13,60,70,143,80,56,136,279
06/27/2015,TUP,MS,ASO,CE,Federal Contract Tower,0,3,4,2,9,0,7,28,27,62,0,10,32,29,71,48,40,88,159
06/28/2015,TUP,MS,ASO,CE,Federal Contract Tower,0,2,7,0,9,0,8,45,10,63,0,10,52,10,72,128,0,128,200
06/29/2015,TUP,MS,ASO,CE,Federal Contract Tower,0,6,2,24,32,0,4,45,5,54,0,10,47,29,86,70,0,70,156
06/30/2015,TUP,MS,ASO,CE,Federal Contract Tower,0,6,6,44,56,0,1,40,28,69,0,7,46,72,125,36,10,46,171
07/01/2015,TUP,MS,ASO,CE,Federal Contract Tower,0,2,4,42,48,0,20,34,2,56,0,22,38,44,104,26,0,26,130
07/02/2015,TUP,MS,ASO,CE,Federal Contract Tower,0,8,8,0,16,0,6,51,0,57,0,14,59,0,73,78,0,78,151
07/03/2015,TUP,MS,ASO,CE,Federal Contract Tower,0,0,4,0,4,0,12,1,0,13,0,12,5,0,17,10,0,10,27
07/04/2015,TUP,MS,ASO,CE,Federal Contract Tower,0,4,0,0,4,0,0,6,0,6,0,4,6,0,10,0,0,0,10
07/05/2015,TUP,MS,ASO,CE,Federal Contract Tower,0,2,8,0,10,0,1,13,0,14,0,3,21,0,24,26,0,26,50
07/06/2015,TUP,MS,ASO,CE,Federal Contract Tower,0,6,7,16,29,0,10,37,0,47,0,16,44,16,76,44,0,44,120
07/07/2015,TUP,MS,ASO,CE,Federal Contract Tower,0,7,9,32,48,0,3,51,12,66,0,10,60,44,114,66,0,66,180
07/08/2015,TUP,MS,ASO,CE,Federal Contract Tower,0,6,10,24,40,0,9,48,14,71,0,15,58,38,111,74,6,80,191
07/09/2015,TUP,MS,ASO,CE,Federal Contract Tower,0,7,9,14,30,0,9,55,8,72,0,16,64,22,102,52,20,72,174
07/10/2015,TUP,MS,ASO,CE,Federal Contract Tower,0,6,9,26,41,0,2,51,13,66,0,8,60,39,107,60,26,86,193
07/11/2015,TUP,MS,ASO,CE,Federal Contract Tower,0,2,5,9,16,0,7,22,2,31,0,9,27,11,47,38,6,44,91
07/12/2015,TUP,MS,ASO,CE,Federal Contract Tower,0,2,10,4,16,0,0,47,6,53,0,2,57,10,69,98,0,98,167
07/13/2015,TUP,MS,ASO,CE,Federal Contract Tower,0,6,6,18,30,0,7,36,8,51,0,13,42,26,81,46,0,46,127
07/14/2015,TUP,MS,ASO,CE,Federal Contract Tower,0,5,7,20,32,0,1,29,6,36,0,6,36,26,68,58,0,58,126
07/15/2015,TUP,MS,ASO,CE,Federal Contract Tower,0,8,9,26,43,0,4,44,13,61,0,12,53,39,104,62,0,62,166
07/16/2015,TUP,MS,ASO,CE,Federal Contract Tower,0,6,16,22,44,0,7,55,9,71,0,13,71,31,115,76,8,84,199
07/17/2015,TUP,MS,ASO,CE,Federal Contract Tower,0,6,7,19,32,0,9,52,27,88,0,15,59,46,120,38,46,84,204
07/18/2015,TUP,MS,ASO,CE,Federal Contract Tower,0,2,9,8,19,0,9,48,16,73,0,11,57,24,92,14,16,30,122
07/19/2015,TUP,MS,ASO,CE,Federal Contract Tower,0,3,7,8,18,0,0,33,18,51,0,3,40,26,69,56,34,90,159
07/20/2015,TUP,MS,ASO,CE,Federal Contract Tower,0,5,2,18,25,0,8,39,4,51,0,13,41,22,76,48,4,52,128
07/21/2015,TUP,MS,ASO,CE,Federal Contract Tower,0,4,10,17,31,0,9,47,14,70,0,13,57,31,101,70,20,90,191
07/22/2015,TUP,MS,ASO,CE,Federal Contract Tower,0,8,14,18,40,0,8,38,3,49,0,16,52,21,89,28,0,28,117
07/23/2015,TUP,MS,ASO,CE,Federal Contract Tower,0,5,14,10,29,0,8,35,14,57,0,13,49,24,86,88,4,92,178
07/24/2015,TUP,MS,ASO,CE,Federal Contract Tower,0,0,7,26,33,0,8,33,15,56,0,8,40,41,89,36,16,52,141
07/25/2015,TUP,MS,ASO,CE,Federal Contract Tower,0,3,5,6,14,0,3,29,4,36,0,6,34,10,50,38,0,38,88
07/26/2015,TUP,MS,ASO,CE,Federal Contract Tower,0,0,5,8,13,0,10,40,0,50,0,10,45,8,63,40,0,40,103
07/27/2015,TUP,MS,ASO,CE,Federal Contract Tower,0,5,8,38,51,0,11,44,2,57,0,16,52,40,108,80,10,90,198
07/28/2015,TUP,MS,ASO,CE,Federal Contract Tower,0,3,13,46,62,0,20,62,12,94,0,23,75,58,156,104,0,104,260
07/29/2015,TUP,MS,ASO,CE,Federal Contract Tower,0,6,15,26,47,0,5,38,8,51,0,11,53,34,98,36,16,52,150
07/30/2015,TUP,MS,ASO,CE,Federal Contract Tower,0,2,10,34,46,0,5,35,2,42,0,7,45,36,88,96,0,96,184
07/31/2015,TUP,MS,ASO,CE,Federal Contract Tower,0,1,5,33,39,0,13,40,10,63,0,14,45,43,102,58,16,74,176
08/01/2015,TUP,MS,ASO,CE,Federal Contract Tower,0,4,6,10,20,0,9,36,0,45,0,13,42,10,65,70,0,70,135
08/02/2015,TUP,MS,ASO,CE,Federal Contract Tower,0,2,3,8,13,0,7,37,3,47,0,9,40,11,60,42,4,46,106
08/03/2015,TUP,MS,ASO,CE,Federal Contract Tower,0,0,9,42,51,0,10,62,2,74,0,10,71,44,125,70,0,70,195
08/04/2015,TUP,MS,ASO,CE,Federal Contract Tower,0,9,6,46,61,0,10,33,11,54,0,19,39,57,115,16,6,22,137
08/05/2015,TUP,MS,ASO,CE,Federal Contract Tower,1,4,11,8,24,0,2,22,0,24,1,6,33,8,48,24,0,24,72
08/06/2015,TUP,MS,ASO,CE,Federal Contract Tower,2,3,4,4,13,0,0,0,0,0,2,3,4,4,13,0,0,0,13
08/07/2015,TUP,MS,ASO,CE,Federal Contract Tower,0,0,10,18,28,0,6,21,0,27,0,6,31,18,55,8,0,8,63
08/08/2015,TUP,MS,ASO,CE,Federal Contract Tower,0,3,8,4,15,0,2,18,1,21,0,5,26,5,36,6,0,6,42
08/09/2015,TUP,MS,ASO,CE,Federal Contract Tower,1,0,3,0,4,0,6,25,2,33,1,6,28,2,37,62,0,62,99
08/10/2015,TUP,MS,ASO,CE,Federal Contract Tower,1,4,10,18,33,0,1,15,0,16,1,5,25,18,49,20,0,20,69
08/11/2015,TUP,MS,ASO,CE,Federal Contract Tower,0,0,14,32,46,0,4,18,18,40,0,4,32,50,86,10,6,16,102
08/12/2015,TUP,MS,ASO,CE,Federal Contract Tower,0,0,10,16,26,0,4,35,4,43,0,4,45,20,69,26,0,26,95
08/13/2015,TUP,MS,ASO,CE,Federal Contract Tower,0,0,12,25,37,0,4,45,10,59,0,4,57,35,96,40,4,44,140
08/14/2015,TUP,MS,ASO,CE,Federal Contract Tower,0,1,3,12,16,0,4,21,8,33,0,5,24,20,49,24,0,24,73
08/15/2015,TUP,MS,ASO,CE,Federal Contract Tower,0,4,4,0,8,0,13,28,0,41,0,17,32,0,49,22,0,22,71
08/16/2015,TUP,MS,ASO,CE,Federal Contract Tower,0,0,7,11,18,0,2,35,0,37,0,2,42,11,55,52,0,52,107
08/17/2015,TUP,MS,ASO,CE,Federal Contract Tower,0,6,9,8,23,0,4,15,0,19,0,10,24,8,42,14,0,14,56
08/18/2015,TUP,MS,ASO,CE,Federal Contract Tower,0,2,17,14,33,0,6,13,8,27,0,8,30,22,60,18,0,18,78
08/19/2015,TUP,MS,ASO,CE,Federal Contract Tower,0,5,11,6,22,0,3,24,8,35,0,8,35,14,57,12,0,12,69
08/20/2015,TUP,MS,ASO,CE,Federal Contract Tower,0,5,10,14,29,0,4,6,2,12,0,9,16,16,41,6,0,6,47
08/21/2015,TUP,MS,ASO,CE,Federal Contract Tower,0,1,25,16,42,0,0,27,0,27,0,1,52,16,69,28,0,28,97
08/22/2015,TUP,MS,ASO,CE,Federal Contract Tower,0,5,8,4,17,0,3,14,5,22,0,8,22,9,39,24,0,24,63
08/23/2015,TUP,MS,ASO,CE,Federal Contract Tower,0,2,9,5,16,0,4,20,0,24,0,6,29,5,40,18,0,18,58
08/24/2015,TUP,MS,ASO,CE,Federal Contract Tower,0,6,9,28,43,0,8,32,6,46,0,14,41,34,89,60,14,74,163
08/25/2015,TUP,MS,ASO,CE,Federal Contract Tower,0,3,8,16,27,0,3,47,27,77,0,6,55,43,104,98,60,158,262
08/26/2015,TUP,MS,ASO,CE,Federal Contract Tower,0,6,11,19,36,0,11,47,5,63,0,17,58,24,99,40,2,42,141
08/27/2015,TUP,MS,ASO,CE,Federal Contract Tower,0,0,14,12,26,0,2,39,7,48,0,2,53,19,74,58,6,64,138
08/28/2015,TUP,MS,ASO,CE,Federal Contract Tower,0,2,8,8,18,0,5,42,25,72,0,7,50,33,90,82,14,96,186
08/29/2015,TUP,MS,ASO,CE,Federal Contract Tower,0,4,6,0,10,0,6,34,28,68,0,10,40,28,78,28,38,66,144
08/30/2015,TUP,MS,ASO,CE,Federal Contract Tower,0,0,4,2,6,0,3,36,2,41,0,3,40,4,47,24,0,24,71
08/31/2015,TUP,MS,ASO,CE,Federal Contract Tower,0,6,12,22,40,0,8,39,0,47,0,14,51,22,87,42,0,42,129
09/01/2015,TUP,MS,ASO,CE,Federal Contract Tower,0,5,14,18,37,0,10,34,14,58,0,15,48,32,95,60,66,126,221
09/02/2015,TUP,MS,ASO,CE,Federal Contract Tower,0,4,16,14,34,0,8,42,5,55,0,12,58,19,89,52,10,62,151
09/03/2015,TUP,MS,ASO,CE,Federal Contract Tower,0,4,21,32,57,0,12,69,19,100,0,16,90,51,157,72,4,76,233
09/04/2015,TUP,MS,ASO,CE,Federal Contract Tower,0,1,11,0,12,0,1,34,7,42,0,2,45,7,54,56,4,60,114
09/05/2015,TUP,MS,ASO,CE,Federal Contract Tower,0,0,2,0,2,0,0,30,0,30,0,0,32,0,32,36,0,36,68
09/06/2015,TUP,MS,ASO,CE,Federal Contract Tower,0,0,2,0,2,0,4,33,0,37,0,4,35,0,39,56,0,56,95
09/07/2015,TUP,MS,ASO,CE,Federal Contract Tower,0,2,19,0,21,0,1,57,0,58,0,3,76,0,79,86,0,86,165
09/08/2015,TUP,MS,ASO,CE,Federal Contract Tower,0,1,13,13,27,0,11,36,20,67,0,12,49,33,94,68,46,114,208
09/09/2015,TUP,MS,ASO,CE,Federal Contract Tower,1,4,3,8,16,0,7,27,4,38,1,11,30,12,54,22,0,22,76
09/10/2015,TUP,MS,ASO,CE,Federal Contract Tower,0,2,7,34,43,0,5,38,8,51,0,7,45,42,94,32,40,72,166
09/11/2015,TUP,MS,ASO,CE,Federal Contract Tower,0,1,24,4,29,0,7,43,36,86,0,8,67,40,115,36,116,152,267
09/12/2015,TUP,MS,ASO,CE,Federal Contract Tower,0,2,10,15,27,0,12,34,21,67,0,14,44,36,94,70,22,92,186
09/13/2015,TUP,MS,ASO,CE,Federal Contract Tower,0,0,14,6,20,0,4,46,8,58,0,4,60,14,78,104,6,110,188
09/14/2015,TUP,MS,ASO,CE,Federal Contract Tower,0,1,9,20,30,0,7,32,1,40,0,8,41,21,70,38,6,44,114
09/15/2015,TUP,MS,ASO,CE,Federal Contract Tower,0,4,7,20,31,0,10,53,28,91,0,14,60,48,122,100,26,126,248
09/16/2015,TUP,MS,ASO,CE,Federal Contract Tower,0,5,23,28,56,0,11,44,0,55,0,16,67,28,111,44,0,44,155
09/17/2015,TUP,MS,ASO,CE,Federal Contract Tower,0,0,21,28,49,0,12,47,16,75,0,12,68,44,124,40,24,64,188
09/18/2015,TUP,MS,ASO,CE,Federal Contract Tower,0,0,7,28,35,0,6,45,6,57,0,6,52,34,92,75,0,75,167
09/19/2015,TUP,MS,ASO,CE,Federal Contract Tower,0,0,4,8,12,0,15,42,4,61,0,15,46,12,73,76,14,90,163
09/20/2015,TUP,MS,ASO,CE,Federal Contract Tower,0,0,6,4,10,0,8,35,0,43,0,8,41,4,53,58,0,58,111
09/21/2015,TUP,MS,ASO,CE,Federal Contract Tower,0,4,6,33,43,0,2,41,31,74,0,6,47,64,117,58,16,74,191
09/22/2015,TUP,MS,ASO,CE,Federal Contract Tower,0,5,20,24,49,0,6,46,13,65,0,11,66,37,114,64,34,98,212
09/23/2015,TUP,MS,ASO,CE,Federal Contract Tower,0,3,24,11,38,0,13,48,13,74,0,16,72,24,112,40,14,54,166
09/24/2015,TUP,MS,ASO,CE,Federal Contract Tower,0,1,11,28,40,0,2,31,6,39,0,3,42,34,79,24,22,46,125
09/25/2015,TUP,MS,ASO,CE,Federal Contract Tower,0,0,19,38,57,0,1,35,15,51,0,1,54,53,108,56,0,56,164
09/26/2015,TUP,MS,ASO,CE,Federal Contract Tower,0,0,11,14,25,0,0,32,7,39,0,0,43,21,64,34,0,34,98
09/27/2015,TUP,MS,ASO,CE,Federal Contract Tower,0,0,10,10,20,0,0,21,2,23,0,0,31,12,43,46,0,46,89
09/28/2015,TUP,MS,ASO,CE,Federal Contract Tower,0,0,14,32,46,0,5,12,2,19,0,5,26,34,65,0,0,0,65
09/29/2015,TUP,MS,ASO,CE,Federal Contract Tower,0,0,11,8,19,0,10,26,2,38,0,10,37,10,57,24,0,24,81
09/30/2015,TUP,MS,ASO,CE,Federal Contract Tower,0,0,14,52,66,0,2,24,0,26,0,2,38,52,92,42,0,42,134
10/01/2015,TUP,MS,ASO,CE,Federal Contract Tower,0,1,15,20,36,0,9,32,6,47,0,10,47,26,83,22,0,22,105
10/02/2015,TUP,MS,ASO,CE,Federal Contract Tower,3,1,11,24,39,0,12,26,0,38,3,13,37,24,77,18,0,18,95
10/03/2015,TUP,MS,ASO,CE,Federal Contract Tower,0,0,7,4,11,0,9,30,7,46,0,9,37,11,57,46,28,74,131
10/04/2015,TUP,MS,ASO,CE,Federal Contract Tower,0,2,15,2,19,0,2,15,0,17,0,4,30,2,36,24,0,24,60
10/05/2015,TUP,MS,ASO,CE,Federal Contract Tower,0,6,7,22,35,0,2,50,8,60,0,8,57,30,95,60,12,72,167
10/06/2015,TUP,MS,ASO,CE,Federal Contract Tower,0,2,10,12,24,0,8,50,16,74,0,10,60,28,98,110,10,120,218
10/07/2015,TUP,MS,ASO,CE,Federal Contract Tower,0,2,10,14,26,0,11,67,4,82,0,13,77,18,108,102,12,114,222
10/08/2015,TUP,MS,ASO,CE,Federal Contract Tower,0,2,7,0,9,0,6,39,18,63,0,8,46,18,72,26,36,62,134
10/09/2015,TUP,MS,ASO,CE,Federal Contract Tower,0,2,9,4,15,0,5,36,7,48,0,7,45,11,63,100,14,114,177
10/10/2015,TUP,MS,ASO,CE,Federal Contract Tower,0,4,9,0,13,0,0,28,0,28,0,4,37,0,41,74,0,74,115
10/11/2015,TUP,MS,ASO,CE,Federal Contract Tower,0,0,13,0,13,0,5,46,0,51,0,5,59,0,64,108,0,108,172
10/12/2015,TUP,MS,ASO,CE,Federal Contract Tower,0,4,17,0,21,0,5,38,0,43,0,9,55,0,64,102,0,102,166
10/13/2015,TUP,MS,ASO,CE,Federal Contract Tower,0,2,14,34,50,0,10,47,14,71,0,12,61,48,121,102,20,122,243
10/14/2015,TUP,MS,ASO,CE,Federal Contract Tower,0,6,12,16,34,0,13,43,4,60,0,19,55,20,94,62,0,62,156
10/15/2015,TUP,MS,ASO,CE,Federal Contract Tower,0,1,17,21,39,0,10,57,24,91,0,11,74,45,130,74,32,106,236
10/16/2015,TUP,MS,ASO,CE,Federal Contract Tower,0,4,11,27,42,0,4,53,34,91,0,8,64,61,133,60,94,154,287
10/17/2015,TUP,MS,ASO,CE,Federal Contract Tower,0,2,5,4,11,0,7,40,53,100,0,9,45,57,111,56,112,168,279
10/18/2015,TUP,MS,ASO,CE,Federal Contract Tower,0,2,15,2,19,0,2,40,8,50,0,4,55,10,69,76,24,100,169
10/19/2015,TUP,MS,ASO,CE,Federal Contract Tower,0,3,18,28,49,0,7,58,11,76,0,10,76,39,125,62,20,82,207
10/20/2015,TUP,MS,ASO,CE,Federal Contract Tower,0,0,9,30,39,0,17,79,14,110,0,17,88,44,149,42,22,64,213
10/21/2015,TUP,MS,ASO,CE,Federal Contract Tower,0,6,23,26,55,0,11,78,7,96,0,17,101,33,151,70,4,74,225
10/22/2015,TUP,MS,ASO,CE,Federal Contract Tower,0,3,13,22,38,0,8,61,38,107,0,11,74,60,145,72,56,128,273
10/23/2015,TUP,MS,ASO,CE,Federal Contract Tower,1,5,14,12,32,0,13,59,8,80,1,18,73,20,112,66,4,70,182
10/24/2015,TUP,MS,ASO,CE,Federal Contract Tower,0,2,9,0,11,0,9,55,0,64,0,11,64,0,75,100,0,100,175
10/25/2015,TUP,MS,ASO,CE,Federal Contract Tower,1,17,14,0,32,0,0,0,0,0,1,17,14,0,32,0,0,0,32
10/26/2015,TUP,MS,ASO,CE,Federal Contract Tower,0,2,6,0,8,0,0,9,0,9,0,2,15,0,17,0,0,0,17
10/27/2015,TUP,MS,ASO,CE,Federal Contract Tower,0,0,13,8,21,0,0,0,0,0,0,0,13,8,21,0,0,0,21
10/28/2015,TUP,MS,ASO,CE,Federal Contract Tower,0,3,26,56,85,0,10,47,10,67,0,13,73,66,152,40,36,76,228
10/29/2015,TUP,MS,ASO,CE,Federal Contract Tower,1,0,6,30,37,0,6,46,24,76,1,6,52,54,113,70,42,112,225
10/30/2015,TUP,MS,ASO,CE,Federal Contract Tower,1,1,23,22,47,0,6,56,3,65,1,7,79,25,112,86,0,86,198
10/31/2015,TUP,MS,ASO,CE,Federal Contract Tower,2,0,4,0,6,0,4,27,0,31,2,4,31,0,37,26,0,26,63
11/01/2015,TUP,MS,ASO,CE,Federal Contract Tower,0,0,6,4,10,0,0,0,0,0,0,0,6,4,10,0,0,0,10
11/02/2015,TUP,MS,ASO,CE,Federal Contract Tower,0,2,13,44,59,0,2,8,0,10,0,4,21,44,69,0,0,0,69
11/03/2015,TUP,MS,ASO,CE,Federal Contract Tower,0,0,26,31,57,0,8,41,21,70,0,8,67,52,127,24,60,84,211
11/04/2015,TUP,MS,ASO,CE,Federal Contract Tower,0,1,13,14,28,0,5,23,36,64,0,6,36,50,92,32,44,76,168
11/05/2015,TUP,MS,ASO,CE,Federal Contract Tower,1,1,10,14,26,0,3,28,30,61,1,4,38,44,87,32,26,58,145
11/06/2015,TUP,MS,ASO,CE,Federal Contract Tower,0,1,12,3,16,0,2,22,0,24,0,3,34,3,40,0,0,0,40
11/07/2015,TUP,MS,ASO,CE,Federal Contract Tower,2,0,11,15,28,0,0,22,2,24,2,0,33,17,52,32,0,32,84
11/08/2015,TUP,MS,ASO,CE,Federal Contract Tower,0,0,12,2,14,0,9,35,16,60,0,9,47,18,74,48,14,62,136
11/09/2015,TUP,MS,ASO,CE,Federal Contract Tower,0,0,16,46,62,0,1,47,2,50,0,1,63,48,112,58,10,68,180
11/10/2015,TUP,MS,ASO,CE,Federal Contract Tower,0,3,19,26,48,0,14,50,14,78,0,17,69,40,126,75,50,125,251
11/11/2015,TUP,MS,ASO,CE,Federal Contract Tower,0,2,21,2,25,0,3,108,4,115,0,5,129,6,140,78,0,78,218
11/12/2015,TUP,MS,ASO,CE,Federal Contract Tower,0,2,12,36,50,0,7,50,18,75,0,9,62,54,125,96,28,124,249
11/13/2015,TUP,MS,ASO,CE,Federal Contract Tower,0,0,19,21,40,0,19,50,21,90,0,19,69,42,130,50,28,78,208
11/14/2015,TUP,MS,ASO,CE,Federal Contract Tower,0,0,4,8,12,0,5,47,31,83,0,5,51,39,95,52,72,124,219
11/15/2015,TUP,MS,ASO,CE,Federal Contract Tower,0,0,8,10,18,0,14,47,0,61,0,14,55,10,79,70,0,70,149
11/16/2015,TUP,MS,ASO,CE,Federal Contract Tower,0,0,6,22,28,0,2,45,7,54,0,2,51,29,82,46,18,64,146
11/17/2015,TUP,MS,ASO,CE,Federal Contract Tower,0,1,8,30,39,0,12,30,4,46,0,13,38,34,85,44,4,48,133
11/18/2015,TUP,MS,ASO,CE,Federal Contract Tower,0,0,2,22,24,0,2,26,16,44,0,2,28,38,68,26,0,26,94
11/19/2015,TUP,MS,ASO,CE,Federal Contract Tower,0,1,20,29,50,0,6,41,22,69,0,7,61,51,119,56,30,86,205
11/20/2015,TUP,MS,ASO,CE,Federal Contract Tower,0,2,14,8,24,0,17,38,13,68,0,19,52,21,92,50,32,82,174
11/21/2015,TUP,MS,ASO,CE,Federal Contract Tower,2,5,28,0,35,0,5,48,0,53,2,10,76,0,88,48,0,48,136
11/22/2015,TUP,MS,ASO,CE,Federal Contract Tower,0,9,17,4,30,0,7,52,2,61,0,16,69,6,91,94,4,98,189
11/23/2015,TUP,MS,ASO,CE,Federal Contract Tower,0,3,6,34,43,0,12,47,2,61,0,15,53,36,104,26,6,32,136
11/24/2015,TUP,MS,ASO,CE,Federal Contract Tower,0,3,10,26,39,0,9,49,14,72,0,12,59,40,111,90,24,114,225
11/25/2015,TUP,MS,ASO,CE,Federal Contract Tower,0,0,12,16,28,0,8,38,0,46,0,8,50,16,74,38,0,38,112
11/26/2015,TUP,MS,ASO,CE,Federal Contract Tower,0,0,1,0,1,0,0,12,0,12,0,0,13,0,13,20,0,20,33
11/27/2015,TUP,MS,ASO,CE,Federal Contract Tower,0,0,6,0,6,0,6,49,0,55,0,6,55,0,61,96,0,96,157
11/28/2015,TUP,MS,ASO,CE,Federal Contract Tower,0,0,10,0,10,0,2,43,0,45,0,2,53,0,55,80,0,80,135
11/29/2015,TUP,MS,ASO,CE,Federal Contract Tower,0,6,13,0,19,0,0,0,0,0,0,6,13,0,19,0,0,0,19
11/30/2015,TUP,MS,ASO,CE,Federal Contract Tower,0,2,4,8,14,0,0,0,0,0,0,2,4,8,14,0,0,0,14
12/01/2015,TUP,MS,ASO,CE,Federal Contract Tower,0,5,10,20,35,0,0,3,0,3,0,5,13,20,38,0,0,0,38
12/02/2015,TUP,MS,ASO,CE,Federal Contract Tower,0,0,7,41,48,0,5,28,13,46,0,5,35,54,94,16,58,74,168
12/03/2015,TUP,MS,ASO,CE,Federal Contract Tower,0,6,9,10,25,0,7,27,34,68,0,13,36,44,93,36,60,96,189
12/04/2015,TUP,MS,ASO,CE,Federal Contract Tower,0,0,1,0,1,0,14,8,1,23,0,14,9,1,24,0,0,0,24
12/05/2015,TUP,MS,ASO,CE,Federal Contract Tower,0,0,0,0,0,0,10,4,0,14,0,10,4,0,14,0,0,0,14
12/06/2015,TUP,MS,ASO,CE,Federal Contract Tower,0,0,0,0,0,0,19,5,0,24,0,19,5,0,24,5,5,10,34
12/07/2015,TUP,MS,ASO,CE,Federal Contract Tower,0,0,0,0,0,0,2,12,0,14,0,2,12,0,14,6,0,6,20
12/08/2015,TUP,MS,ASO,CE,Federal Contract Tower,0,0,3,4,7,0,6,20,12,38,0,6,23,16,45,0,14,14,59
12/09/2015,TUP,MS,ASO,CE,Federal Contract Tower,0,0,22,33,55,0,0,24,6,30,0,0,46,39,85,10,0,10,95
12/10/2015,TUP,MS,ASO,CE,Federal Contract Tower,0,0,6,10,16,0,0,15,10,25,0,0,21,20,41,24,20,44,85
12/11/2015,TUP,MS,ASO,CE,Federal Contract Tower,0,0,17,35,52,0,7,30,42,79,0,7,47,77,131,0,74,74,205
12/12/2015,TUP,MS,ASO,CE,Federal Contract Tower,0,0,10,12,22,0,4,13,26,43,0,4,23,38,65,8,46,54,119
12/13/2015,TUP,MS,ASO,CE,Federal Contract Tower,0,0,6,2,8,0,0,8,4,12,0,0,14,6,20,0,0,0,20
12/14/2015,TUP,MS,ASO,CE,Federal Contract Tower,0,3,10,22,35,0,9,50,12,71,0,12,60,34,106,54,18,72,178
12/15/2015,TUP,MS,ASO,CE,Federal Contract Tower,0,3,11,22,36,0,9,60,17,86,0,12,71,39,122,102,40,142,264
12/16/2015,TUP,MS,ASO,CE,Federal Contract Tower,0,1,16,18,35,0,15,29,2,46,0,16,45,20,81,10,16,26,107
12/17/2015,TUP,MS,ASO,CE,Federal Contract Tower,0,0,12,32,44,0,12,40,2,54,0,12,52,34,98,68,2,70,168
12/18/2015,TUP,MS,ASO,CE,Federal Contract Tower,1,2,10,17,30,0,13,47,0,60,1,15,57,17,90,107,10,117,207
12/19/2015,TUP,MS,ASO,CE,Federal Contract Tower,0,2,8,4,14,0,5,48,0,53,0,7,56,4,67,66,0,66,133
12/20/2015,TUP,MS,ASO,CE,Federal Contract Tower,0,0,6,8,14,0,6,38,4,48,0,6,44,12,62,72,0,72,134
12/21/2015,TUP,MS,ASO,CE,Federal Contract Tower,0,0,11,0,11,0,0,0,0,0,0,0,11,0,11,0,0,0,11
12/22/2015,TUP,MS,ASO,CE,Federal Contract Tower,0,2,10,0,12,0,0,0,0,0,0,2,10,0,12,0,0,0,12
12/23/2015,TUP,MS,ASO,CE,Federal Contract Tower,1,0,2,0,3,0,0,0,0,0,1,0,2,0,3,0,0,0,3
12/24/2015,TUP,MS,ASO,CE,Federal Contract Tower,0,0,10,0,10,0,8,36,0,44,0,8,46,0,54,10,0,10,64
12/25/2015,TUP,MS,ASO,CE,Federal Contract Tower,0,0,0,0,0,0,0,0,0,0,0,0,0,0,0,0,0,0,0
12/26/2015,TUP,MS,ASO,CE,Federal Contract Tower,0,0,6,0,6,0,6,7,0,13,0,6,13,0,19,0,0,0,19
12/27/2015,TUP,MS,ASO,CE,Federal Contract Tower,0,0,4,0,4,0,0,2,0,2,0,0,6,0,6,10,0,10,16
12/28/2015,TUP,MS,ASO,CE,Federal Contract Tower,0,0,3,0,3,0,3,14,0,17,0,3,17,0,20,0,0,0,20
12/29/2015,TUP,MS,ASO,CE,Federal Contract Tower,0,0,9,12,21,0,9,44,0,53,0,9,53,12,74,46,0,46,120
12/30/2015,TUP,MS,ASO,CE,Federal Contract Tower,0,0,3,0,3,0,6,20,0,26,0,6,23,0,29,30,0,30,59
12/31/2015,TUP,MS,ASO,CE,Federal Contract Tower,0,0,12,0,12,0,7,33,0,40,0,7,45,0,52,60,0,60,112
01/01/2016,TUP,MS,ASO,CE,Federal Contract Tower,0,0,5,0,5,0,12,35,0,47,0,12,40,0,52,86,0,86,138
01/02/2016,TUP,MS,ASO,CE,Federal Contract Tower,0,0,3,0,3,0,0,65,0,65,0,0,68,0,68,84,0,84,152
01/03/2016,TUP,MS,ASO,CE,Federal Contract Tower,0,0,4,0,4,0,8,50,0,58,0,8,54,0,62,74,0,74,136
01/04/2016,TUP,MS,ASO,CE,Federal Contract Tower,0,0,7,8,15,0,8,58,0,66,0,8,65,8,81,84,0,84,165
01/05/2016,TUP,MS,ASO,CE,Federal Contract Tower,0,0,9,16,25,0,6,45,8,59,0,6,54,24,84,62,14,76,160
01/06/2016,TUP,MS,ASO,CE,Federal Contract Tower,0,0,11,44,55,0,14,39,2,55,0,14,50,46,110,46,6,52,162
01/07/2016,TUP,MS,ASO,CE,Federal Contract Tower,0,3,14,40,57,0,10,33,0,43,0,13,47,40,100,48,0,48,148
01/08/2016,TUP,MS,ASO,CE,Federal Contract Tower,0,1,9,29,39,0,0,13,4,17,0,1,22,33,56,18,0,18,74
01/09/2016,TUP,MS,ASO,CE,Federal Contract Tower,0,0,7,0,7,0,3,10,28,41,0,3,17,28,48,0,46,46,94
01/10/2016,TUP,MS,ASO,CE,Federal Contract Tower,0,0,2,28,30,0,4,42,29,75,0,4,44,57,105,74,38,112,217
01/11/2016,TUP,MS,ASO,CE,Federal Contract Tower,0,0,6,48,54,0,5,43,16,64,0,5,49,64,118,52,24,76,194
01/12/2016,TUP,MS,ASO,CE,Federal Contract Tower,0,1,16,35,52,0,11,56,7,74,0,12,72,42,126,62,6,68,194
01/13/2016,TUP,MS,ASO,CE,Federal Contract Tower,0,0,11,27,38,0,15,56,30,101,0,15,67,57,139,60,42,102,241
01/14/2016,TUP,MS,ASO,CE,Federal Contract Tower,0,1,10,26,37,0,14,41,13,68,0,15,51,39,105,60,16,76,181
01/15/2016,TUP,MS,ASO,CE,Federal Contract Tower,0,0,13,36,49,0,9,36,0,45,0,9,49,36,94,28,0,28,122
01/16/2016,TUP,MS,ASO,CE,Federal Contract Tower,0,0,10,0,10,0,31,60,0,91,0,31,70,0,101,94,0,94,195
01/17/2016,TUP,MS,ASO,CE,Federal Contract Tower,0,0,4,7,11,0,11,51,4,66,0,11,55,11,77,44,20,64,141
01/18/2016,TUP,MS,ASO,CE,Federal Contract Tower,0,2,4,0,6,0,4,41,0,45,0,6,45,0,51,40,0,40,91
01/19/2016,TUP,MS,ASO,CE,Federal Contract Tower,0,3,12,25,40,0,12,56,11,79,0,15,68,36,119,86,14,100,219
01/20/2016,TUP,MS,ASO,CE,Federal Contract Tower,1,1,7,6,15,0,0,1,0,1,1,1,8,6,16,0,0,0,16
01/21/2016,TUP,MS,ASO,CE,Federal Contract Tower,0,1,0,0,1,0,1,5,0,6,0,2,5,0,7,0,0,0,7
01/22/2016,TUP,MS,ASO,CE,Federal Contract Tower,0,1,1,0,2,0,0,14,21,35,0,1,15,21,37,4,70,74,111
01/23/2016,TUP,MS,ASO,CE,Federal Contract Tower,1,0,1,2,4,0,8,23,10,41,1,8,24,12,45,20,50,70,115
01/24/2016,TUP,MS,ASO,CE,Federal Contract Tower,0,0,3,4,7,0,6,36,17,59,0,6,39,21,66,62,44,106,172
01/25/2016,TUP,MS,ASO,CE,Federal Contract Tower,0,0,11,37,48,0,7,40,5,52,0,7,51,42,100,48,10,58,158
01/26/2016,TUP,MS,ASO,CE,Federal Contract Tower,0,1,10,14,25,0,0,25,0,25,0,1,35,14,50,40,0,40,90
01/27/2016,TUP,MS,ASO,CE,Federal Contract Tower,0,0,17,38,55,0,4,46,6,56,0,4,63,44,111,40,4,44,155
01/28/2016,TUP,MS,ASO,CE,Federal Contract Tower,0,1,8,30,39,0,2,53,26,81,0,3,61,56,120,40,44,84,204
01/29/2016,TUP,MS,ASO,CE,Federal Contract Tower,0,2,14,24,40,0,2,50,2,54,0,4,64,26,94,100,0,100,194
01/30/2016,TUP,MS,ASO,CE,Federal Contract Tower,0,0,7,4,11,0,2,32,0,34,0,2,39,4,45,26,0,26,71
01/31/2016,TUP,MS,ASO,CE,Federal Contract Tower,0,0,7,2,9,0,1,41,0,42,0,1,48,2,51,80,0,80,131
02/01/2016,TUP,MS,ASO,CE,Federal Contract Tower,0,0,16,16,32,0,5,28,0,33,0,5,44,16,65,54,0,54,119
02/02/2016,TUP,MS,ASO,CE,Federal Contract Tower,0,1,4,6,11,0,5,18,0,23,0,6,22,6,34,0,0,0,34
02/03/2016,TUP,MS,ASO,CE,Federal Contract Tower,0,0,7,36,43,0,17,35,16,68,0,17,42,52,111,74,30,104,215
02/04/2016,TUP,MS,ASO,CE,Federal Contract Tower,0,1,20,34,55,0,15,42,30,87,0,16,62,64,142,54,16,70,212
02/05/2016,TUP,MS,ASO,CE,Federal Contract Tower,0,0,13,21,34,0,37,63,33,133,0,37,76,54,167,50,82,132,299
02/07/2016,TUP,MS,ASO,CE,Federal Contract Tower,0,0,3,9,12,0,10,49,13,72,0,10,52,22,84,88,22,110,194
02/08/2016,TUP,MS,ASO,CE,Federal Contract Tower,0,0,8,25,33,0,6,27,0,33,0,6,35,25,66,24,0,24,90
02/09/2016,TUP,MS,ASO,CE,Federal Contract Tower,0,1,7,26,34,0,12,52,24,88,0,13,59,50,122,60,36,96,218
02/10/2016,TUP,MS,ASO,CE,Federal Contract Tower,0,0,13,25,38,0,9,36,14,59,0,9,49,39,97,40,8,48,145
02/11/2016,TUP,MS,ASO,CE,Federal Contract Tower,0,1,22,24,47,0,7,66,16,89,0,8,88,40,136,108,28,136,272
02/12/2016,TUP,MS,ASO,CE,Federal Contract Tower,0,0,7,28,35,0,15,61,2,78,0,15,68,30,113,78,4,82,195
02/13/2016,TUP,MS,ASO,CE,Federal Contract Tower,0,0,6,0,6,0,8,36,0,44,0,8,42,0,50,28,0,28,78
02/14/2016,TUP,MS,ASO,CE,Federal Contract Tower,0,4,11,2,17,0,11,36,0,47,0,15,47,2,64,0,0,0,64
02/15/2016,TUP,MS,ASO,CE,Federal Contract Tower,0,2,12,0,14,0,0,0,0,0,0,2,12,0,14,0,0,0,14
02/16/2016,TUP,MS,ASO,CE,Federal Contract Tower,0,3,2,19,24,0,7,44,24,75,0,10,46,43,99,26,14,40,139
02/17/2016,TUP,MS,ASO,CE,Federal Contract Tower,0,1,26,28,55,0,3,29,8,40,0,4,55,36,95,36,24,60,155
02/18/2016,TUP,MS,ASO,CE,Federal Contract Tower,0,1,14,32,47,0,4,39,34,77,0,5,53,66,124,66,50,116,240
02/19/2016,TUP,MS,ASO,CE,Federal Contract Tower,0,1,13,28,42,0,20,49,29,98,0,21,62,57,140,64,34,98,238
02/20/2016,TUP,MS,ASO,CE,Federal Contract Tower,0,3,6,13,22,0,10,18,22,50,0,13,24,35,72,30,48,78,150
02/21/2016,TUP,MS,ASO,CE,Federal Contract Tower,0,1,8,10,19,0,5,25,13,43,0,6,33,23,62,14,22,36,98
02/22/2016,TUP,MS,ASO,CE,Federal Contract Tower,0,3,8,0,11,0,0,0,0,0,0,3,8,0,11,0,0,0,11
02/23/2016,TUP,MS,ASO,CE,Federal Contract Tower,0,3,3,0,6,0,4,6,0,10,0,7,9,0,16,0,0,0,16
02/24/2016,TUP,MS,ASO,CE,Federal Contract Tower,0,2,9,0,11,0,2,13,0,15,0,4,22,0,26,0,0,0,26
02/25/2016,TUP,MS,ASO,CE,Federal Contract Tower,0,4,16,48,68,0,3,55,22,80,0,7,71,70,148,18,30,48,196
02/26/2016,TUP,MS,ASO,CE,Federal Contract Tower,0,2,12,34,48,0,20,58,25,103,0,22,70,59,151,100,16,116,267
02/27/2016,TUP,MS,ASO,CE,Federal Contract Tower,0,0,14,8,22,0,14,42,6,62,0,14,56,14,84,90,0,90,174
02/28/2016,TUP,MS,ASO,CE,Federal Contract Tower,0,0,9,4,13,0,7,36,0,43,0,7,45,4,56,72,0,72,128
02/29/2016,TUP,MS,ASO,CE,Federal Contract Tower,0,0,6,36,42,0,9,53,0,62,0,9,59,36,104,60,0,60,164
03/01/2016,TUP,MS,ASO,CE,Federal Contract Tower,2,2,3,6,13,0,6,10,2,18,2,8,13,8,31,8,0,8,39
03/02/2016,TUP,MS,ASO,CE,Federal Contract Tower,0,0,12,42,54,0,9,42,12,63,0,9,54,54,117,102,10,112,229
03/03/2016,TUP,MS,ASO,CE,Federal Contract Tower,2,4,11,2,19,0,0,5,2,7,2,4,16,4,26,0,0,0,26
03/04/2016,TUP,MS,ASO,CE,Federal Contract Tower,0,4,14,29,47,0,6,44,29,79,0,10,58,58,126,62,44,106,232
03/05/2016,TUP,MS,ASO,CE,Federal Contract Tower,0,0,7,0,7,0,18,46,45,109,0,18,53,45,116,92,36,128,244
03/06/2016,TUP,MS,ASO,CE,Federal Contract Tower,0,0,6,4,10,0,2,36,43,81,0,2,42,47,91,66,52,118,209
03/07/2016,TUP,MS,ASO,CE,Federal Contract Tower,0,2,10,34,46,0,2,58,8,68,0,4,68,42,114,42,18,60,174
03/08/2016,TUP,MS,ASO,CE,Federal Contract Tower,0,4,14,24,42,0,17,54,19,90,0,21,68,43,132,32,30,62,194
03/09/2016,TUP,MS,ASO,CE,Federal Contract Tower,0,4,5,32,41,0,4,25,6,35,0,8,30,38,76,22,0,22,98
03/10/2016,TUP,MS,ASO,CE,Federal Contract Tower,0,5,3,4,12,0,0,0,0,0,0,5,3,4,12,0,0,0,12
03/11/2016,TUP,MS,ASO,CE,Federal Contract Tower,0,2,14,0,16,0,0,2,0,2,0,2,16,0,18,0,0,0,18
03/12/2016,TUP,MS,ASO,CE,Federal Contract Tower,0,0,6,2,8,0,0,0,0,0,0,0,6,2,8,0,0,0,8
03/13/2016,TUP,MS,ASO,CE,Federal Contract Tower,0,0,10,0,10,0,2,49,2,53,0,2,59,2,63,46,0,46,109
03/14/2016,TUP,MS,ASO,CE,Federal Contract Tower,0,0,10,20,30,0,7,48,0,55,0,7,58,20,85,64,0,64,149
03/15/2016,TUP,MS,ASO,CE,Federal Contract Tower,0,1,11,22,34,0,10,59,6,75,0,11,70,28,109,88,10,98,207
03/16/2016,TUP,MS,ASO,CE,Federal Contract Tower,0,1,11,35,47,0,15,52,14,81,0,16,63,49,128,74,0,74,202
03/17/2016,TUP,MS,ASO,CE,Federal Contract Tower,0,1,11,4,16,0,1,37,14,52,0,2,48,18,68,58,14,72,140
03/18/2016,TUP,MS,ASO,CE,Federal Contract Tower,0,1,18,12,31,0,10,51,14,75,0,11,69,26,106,74,22,96,202
03/19/2016,TUP,MS,ASO,CE,Federal Contract Tower,0,1,13,6,20,0,12,35,4,51,0,13,48,10,71,54,0,54,125
03/20/2016,TUP,MS,ASO,CE,Federal Contract Tower,0,0,11,0,11,0,1,33,0,34,0,1,44,0,45,18,0,18,63
03/21/2016,TUP,MS,ASO,CE,Federal Contract Tower,0,1,4,4,9,0,6,63,12,81,0,7,67,16,90,66,22,88,178
03/22/2016,TUP,MS,ASO,CE,Federal Contract Tower,0,3,9,22,34,0,10,42,16,68,0,13,51,38,102,24,28,52,154
03/23/2016,TUP,MS,ASO,CE,Federal Contract Tower,0,0,13,13,26,0,9,30,16,55,0,9,43,29,81,48,6,54,135
03/24/2016,TUP,MS,ASO,CE,Federal Contract Tower,0,2,11,0,13,0,1,22,18,41,0,3,33,18,54,20,28,48,102
03/25/2016,TUP,MS,ASO,CE,Federal Contract Tower,0,0,11,4,15,0,19,68,6,93,0,19,79,10,108,108,8,116,224
03/28/2016,TUP,MS,ASO,CE,Federal Contract Tower,0,0,14,8,22,0,7,77,0,84,0,7,91,8,106,124,0,124,230
03/29/2016,TUP,MS,ASO,CE,Federal Contract Tower,0,3,16,16,35,0,13,49,25,87,0,16,65,41,122,88,24,112,234
03/30/2016,TUP,MS,ASO,CE,Federal Contract Tower,0,1,8,8,17,0,6,42,8,56,0,7,50,16,73,58,20,78,151
03/31/2016,TUP,MS,ASO,CE,Federal Contract Tower,0,1,17,0,18,0,5,19,2,26,0,6,36,2,44,28,6,34,78
04/01/2016,TUP,MS,ASO,CE,Federal Contract Tower,0,0,8,28,36,0,7,67,38,112,0,7,75,66,148,52,68,120,268
04/02/2016,TUP,MS,ASO,CE,Federal Contract Tower,0,0,2,0,2,0,3,39,28,70,0,3,41,28,72,44,32,76,148
04/03/2016,TUP,MS,ASO,CE,Federal Contract Tower,0,0,5,16,21,0,5,61,12,78,0,5,66,28,99,92,14,106,205
04/04/2016,TUP,MS,ASO,CE,Federal Contract Tower,0,3,10,20,33,0,4,71,9,84,0,7,81,29,117,88,18,106,223
04/05/2016,TUP,MS,ASO,CE,Federal Contract Tower,0,8,16,22,46,0,11,83,21,115,0,19,99,43,161,62,28,90,251
04/06/2016,TUP,MS,ASO,CE,Federal Contract Tower,0,7,16,27,50,0,7,38,28,73,0,14,54,55,123,32,14,46,169
04/07/2016,TUP,MS,ASO,CE,Federal Contract Tower,0,10,8,40,58,0,14,46,34,94,0,24,54,74,152,56,32,88,240
04/08/2016,TUP,MS,ASO,CE,Federal Contract Tower,0,9,12,15,36,0,17,56,15,88,0,26,68,30,124,98,12,110,234
04/09/2016,TUP,MS,ASO,CE,Federal Contract Tower,0,4,7,16,27,0,6,43,8,57,0,10,50,24,84,56,12,68,152
04/10/2016,TUP,MS,ASO,CE,Federal Contract Tower,0,8,9,2,19,0,7,46,2,55,0,15,55,4,74,88,0,88,162
04/11/2016,TUP,MS,ASO,CE,Federal Contract Tower,0,13,9,0,22,0,0,0,0,0,0,13,9,0,22,0,0,0,22
04/12/2016,TUP,MS,ASO,CE,Federal Contract Tower,0,8,13,39,60,0,9,40,8,57,0,17,53,47,117,44,14,58,175
04/13/2016,TUP,MS,ASO,CE,Federal Contract Tower,0,11,17,20,48,0,4,52,23,79,0,15,69,43,127,52,24,76,203
04/14/2016,TUP,MS,ASO,CE,Federal Contract Tower,0,11,7,40,58,0,0,3,7,10,0,11,10,47,68,0,0,0,68
04/15/2016,TUP,MS,ASO,CE,Federal Contract Tower,0,11,10,16,37,0,2,18,14,34,0,13,28,30,71,30,14,44,115
04/16/2016,TUP,MS,ASO,CE,Federal Contract Tower,0,6,4,17,27,0,9,19,4,32,0,15,23,21,59,18,6,24,83
04/17/2016,TUP,MS,ASO,CE,Federal Contract Tower,0,8,6,1,15,0,1,27,3,31,0,9,33,4,46,32,12,44,90
04/18/2016,TUP,MS,ASO,CE,Federal Contract Tower,0,12,10,28,50,0,8,68,8,84,0,20,78,36,134,36,26,62,196
04/19/2016,TUP,MS,ASO,CE,Federal Contract Tower,0,10,5,14,29,0,8,37,9,54,0,18,42,23,83,36,18,54,137
04/20/2016,TUP,MS,ASO,CE,Federal Contract Tower,0,12,7,42,61,0,5,41,13,59,0,17,48,55,120,22,20,42,162
04/21/2016,TUP,MS,ASO,CE,Federal Contract Tower,0,13,9,10,32,0,20,27,10,57,0,33,36,20,89,10,0,10,99
04/22/2016,TUP,MS,ASO,CE,Federal Contract Tower,0,12,13,36,61,0,27,46,1,74,0,39,59,37,135,92,8,100,235
04/23/2016,TUP,MS,ASO,CE,Federal Contract Tower,0,4,2,0,6,0,19,55,12,86,0,23,57,12,92,26,14,40,132
04/24/2016,TUP,MS,ASO,CE,Federal Contract Tower,0,10,7,3,20,0,7,34,3,44,0,17,41,6,64,60,8,68,132
04/25/2016,TUP,MS,ASO,CE,Federal Contract Tower,0,13,9,31,53,0,5,57,0,62,0,18,66,31,115,42,0,42,157
04/26/2016,TUP,MS,ASO,CE,Federal Contract Tower,0,11,15,28,54,0,15,47,12,74,0,26,62,40,128,56,0,56,184
04/27/2016,TUP,MS,ASO,CE,Federal Contract Tower,0,12,21,22,55,0,0,2,2,4,0,12,23,24,59,0,0,0,59
04/28/2016,TUP,MS,ASO,CE,Federal Contract Tower,0,9,9,24,42,0,6,29,12,47,0,15,38,36,89,50,14,64,153
04/29/2016,TUP,MS,ASO,CE,Federal Contract Tower,0,11,17,18,46,0,7,25,11,43,0,18,42,29,89,28,0,28,117
04/30/2016,TUP,MS,ASO,CE,Federal Contract Tower,0,4,3,2,9,0,7,16,0,23,0,11,19,2,32,0,0,0,32
05/01/2016,TUP,MS,ASO,CE,Federal Contract Tower,0,9,9,1,19,0,3,19,0,22,0,12,28,1,41,10,0,10,51
05/02/2016,TUP,MS,ASO,CE,Federal Contract Tower,0,11,11,4,26,0,0,0,0,0,0,11,11,4,26,0,0,0,26
05/03/2016,TUP,MS,ASO,CE,Federal Contract Tower,0,11,15,28,54,0,8,31,12,51,0,19,46,40,105,10,12,22,127
05/04/2016,TUP,MS,ASO,CE,Federal Contract Tower,0,13,16,26,55,0,1,36,14,51,0,14,52,40,106,8,14,22,128
05/05/2016,TUP,MS,ASO,CE,Federal Contract Tower,0,10,23,30,63,0,6,13,36,55,0,16,36,66,118,18,48,66,184
05/06/2016,TUP,MS,ASO,CE,Federal Contract Tower,0,15,10,39,64,0,7,36,25,68,0,22,46,64,132,38,6,44,176
05/07/2016,TUP,MS,ASO,CE,Federal Contract Tower,0,5,7,2,14,0,8,23,7,38,0,13,30,9,52,12,10,22,74
05/08/2016,TUP,MS,ASO,CE,Federal Contract Tower,0,8,6,5,19,0,6,24,2,32,0,14,30,7,51,24,6,30,81
05/09/2016,TUP,MS,ASO,CE,Federal Contract Tower,0,12,7,24,43,0,6,30,0,36,0,18,37,24,79,62,0,62,141
05/10/2016,TUP,MS,ASO,CE,Federal Contract Tower,0,8,14,36,58,0,11,17,4,32,0,19,31,40,90,24,0,24,114
05/11/2016,TUP,MS,ASO,CE,Federal Contract Tower,0,14,14,29,57,0,6,42,8,56,0,20,56,37,113,30,12,42,155
05/12/2016,TUP,MS,ASO,CE,Federal Contract Tower,0,15,11,19,45,0,2,37,10,49,0,17,48,29,94,14,4,18,112
05/13/2016,TUP,MS,ASO,CE,Federal Contract Tower,0,9,18,24,51,0,17,31,4,52,0,26,49,28,103,40,0,40,143
05/14/2016,TUP,MS,ASO,CE,Federal Contract Tower,0,4,7,4,15,0,2,41,7,50,0,6,48,11,65,72,0,72,137
05/15/2016,TUP,MS,ASO,CE,Federal Contract Tower,0,8,6,23,37,0,3,28,9,40,0,11,34,32,77,16,28,44,121
05/16/2016,TUP,MS,ASO,CE,Federal Contract Tower,0,10,14,26,50,0,1,14,2,17,0,11,28,28,67,2,0,2,69
05/17/2016,TUP,MS,ASO,CE,Federal Contract Tower,0,8,15,31,54,0,9,39,11,59,0,17,54,42,113,38,20,58,171
05/18/2016,TUP,MS,ASO,CE,Federal Contract Tower,0,10,13,41,64,0,1,10,2,13,0,11,23,43,77,0,0,0,77
05/19/2016,TUP,MS,ASO,CE,Federal Contract Tower,0,12,14,22,48,0,10,32,19,61,0,22,46,41,109,40,22,62,171
05/20/2016,TUP,MS,ASO,CE,Federal Contract Tower,0,12,18,28,58,0,8,22,16,46,0,20,40,44,104,16,28,44,148
05/21/2016,TUP,MS,ASO,CE,Federal Contract Tower,0,6,7,8,21,0,10,29,27,66,0,16,36,35,87,18,23,41,128
05/22/2016,TUP,MS,ASO,CE,Federal Contract Tower,0,8,12,0,20,0,7,36,10,53,0,15,48,10,73,40,20,60,133
05/23/2016,TUP,MS,ASO,CE,Federal Contract Tower,0,14,5,18,37,0,7,51,0,58,0,21,56,18,95,54,0,54,149
05/24/2016,TUP,MS,ASO,CE,Federal Contract Tower,0,9,15,22,46,0,6,48,13,67,0,15,63,35,113,60,24,84,197
05/25/2016,TUP,MS,ASO,CE,Federal Contract Tower,0,10,15,12,37,0,6,39,14,59,0,16,54,26,96,18,8,26,122
05/26/2016,TUP,MS,ASO,CE,Federal Contract Tower,0,13,9,26,48,0,10,41,15,66,0,23,50,41,114,26,8,34,148
05/27/2016,TUP,MS,ASO,CE,Federal Contract Tower,0,12,12,0,24,0,7,24,0,31,0,19,36,0,55,12,0,12,67
05/28/2016,TUP,MS,ASO,CE,Federal Contract Tower,0,4,1,0,5,0,5,31,0,36,0,9,32,0,41,24,0,24,65
05/29/2016,TUP,MS,ASO,CE,Federal Contract Tower,0,8,7,0,15,0,3,33,0,36,0,11,40,0,51,72,0,72,123
05/30/2016,TUP,MS,ASO,CE,Federal Contract Tower,0,10,6,0,16,0,5,26,0,31,0,15,32,0,47,34,0,34,81
05/31/2016,TUP,MS,ASO,CE,Federal Contract Tower,0,13,9,30,52,0,12,44,10,66,0,25,53,40,118,42,14,56,174
06/01/2016,TUP,MS,ASO,CE,Federal Contract Tower,3,11,12,28,54,0,9,42,10,61,3,20,54,38,115,36,12,48,163
06/02/2016,TUP,MS,ASO,CE,Federal Contract Tower,0,16,16,22,54,0,8,45,30,83,0,24,61,52,137,48,26,74,211
06/03/2016,TUP,MS,ASO,CE,Federal Contract Tower,2,9,6,20,37,0,4,30,11,45,2,13,36,31,82,44,0,44,126
06/04/2016,TUP,MS,ASO,CE,Federal Contract Tower,0,9,6,0,15,0,4,7,0,11,0,13,13,0,26,0,0,0,26
06/05/2016,TUP,MS,ASO,CE,Federal Contract Tower,3,8,4,0,15,0,0,21,0,21,3,8,25,0,36,34,0,34,70
06/06/2016,TUP,MS,ASO,CE,Federal Contract Tower,4,10,2,30,46,0,4,59,0,63,4,14,61,30,109,78,0,78,187
06/08/2016,TUP,MS,ASO,CE,Federal Contract Tower,0,12,15,27,54,0,5,153,7,165,0,17,168,34,219,102,0,102,321
06/09/2016,TUP,MS,ASO,CE,Federal Contract Tower,0,10,8,12,30,0,9,50,12,71,0,19,58,24,101,60,24,84,185
06/10/2016,TUP,MS,ASO,CE,Federal Contract Tower,0,10,16,34,60,0,10,103,26,139,0,20,119,60,199,72,10,82,281
06/11/2016,TUP,MS,ASO,CE,Federal Contract Tower,0,5,5,5,15,0,4,33,41,78,0,9,38,46,93,56,40,96,189
06/12/2016,TUP,MS,ASO,CE,Federal Contract Tower,0,8,9,16,33,0,8,34,11,53,0,16,43,27,86,34,0,34,120
06/13/2016,TUP,MS,ASO,CE,Federal Contract Tower,0,11,16,12,39,0,5,43,3,51,0,16,59,15,90,54,0,54,144
06/14/2016,TUP,MS,ASO,CE,Federal Contract Tower,0,10,21,6,37,0,6,46,12,64,0,16,67,18,101,64,0,64,165
06/15/2016,TUP,MS,ASO,CE,Federal Contract Tower,0,10,26,30,66,0,4,46,4,54,0,14,72,34,120,26,0,26,146
06/16/2016,TUP,MS,ASO,CE,Federal Contract Tower,0,11,13,13,37,0,13,64,12,89,0,24,77,25,126,40,8,48,174
06/17/2016,TUP,MS,ASO,CE,Federal Contract Tower,0,13,9,12,34,0,3,29,4,36,0,16,38,16,70,16,0,16,86
06/18/2016,TUP,MS,ASO,CE,Federal Contract Tower,0,4,10,2,16,0,3,34,1,38,0,7,44,3,54,38,16,54,108
06/19/2016,TUP,MS,ASO,CE,Federal Contract Tower,0,8,6,7,21,0,14,35,0,49,0,22,41,7,70,38,0,38,108
06/20/2016,TUP,MS,ASO,CE,Federal Contract Tower,0,11,9,9,29,0,0,72,6,78,0,11,81,15,107,70,18,88,195
06/21/2016,TUP,MS,ASO,CE,Federal Contract Tower,0,9,11,17,37,0,16,63,23,102,0,25,74,40,139,44,10,54,193
06/22/2016,TUP,MS,ASO,CE,Federal Contract Tower,0,10,22,17,49,0,9,39,18,66,0,19,61,35,115,18,12,30,145
06/23/2016,TUP,MS,ASO,CE,Federal Contract Tower,0,12,11,24,47,0,8,48,36,92,0,20,59,60,139,24,62,86,225
06/24/2016,TUP,MS,ASO,CE,Federal Contract Tower,0,10,17,15,42,0,11,48,33,92,0,21,65,48,134,60,18,78,212
06/25/2016,TUP,MS,ASO,CE,Federal Contract Tower,0,3,6,5,14,0,11,37,33,81,0,14,43,38,95,34,14,48,143
06/26/2016,TUP,MS,ASO,CE,Federal Contract Tower,0,8,6,14,28,0,12,42,28,82,0,20,48,42,110,62,0,62,172
06/27/2016,TUP,MS,ASO,CE,Federal Contract Tower,0,12,9,4,25,0,1,33,4,38,0,13,42,8,63,18,12,30,93
06/28/2016,TUP,MS,ASO,CE,Federal Contract Tower,0,9,11,45,65,0,11,42,24,77,0,20,53,69,142,46,10,56,198
06/29/2016,TUP,MS,ASO,CE,Federal Contract Tower,0,11,16,28,55,0,3,69,6,78,0,14,85,34,133,62,0,62,195
06/30/2016,TUP,MS,ASO,CE,Federal Contract Tower,0,10,4,31,45,0,9,53,35,97,0,19,57,66,142,44,42,86,228
07/01/2016,TUP,MS,ASO,CE,Federal Contract Tower,0,10,8,24,42,0,8,44,0,52,0,18,52,24,94,36,0,36,130
07/02/2016,TUP,MS,ASO,CE,Federal Contract Tower,0,4,4,0,8,0,9,29,0,38,0,13,33,0,46,4,0,4,50
07/03/2016,TUP,MS,ASO,CE,Federal Contract Tower,0,8,0,0,8,0,10,25,0,35,0,18,25,0,43,20,0,20,63
07/04/2016,TUP,MS,ASO,CE,Federal Contract Tower,0,9,9,0,18,0,0,16,0,16,0,9,25,0,34,4,0,4,38
07/06/2016,TUP,MS,ASO,CE,Federal Contract Tower,0,10,6,44,60,0,7,40,13,60,0,17,46,57,120,42,16,58,178
07/07/2016,TUP,MS,ASO,CE,Federal Contract Tower,0,10,14,24,48,0,15,51,28,94,0,25,65,52,142,76,12,88,230
07/08/2016,TUP,MS,ASO,CE,Federal Contract Tower,0,10,11,20,41,0,8,63,0,71,0,18,74,20,112,58,0,58,170
07/09/2016,TUP,MS,ASO,CE,Federal Contract Tower,0,4,4,4,12,0,6,26,0,32,0,10,30,4,44,10,0,10,54
07/10/2016,TUP,MS,ASO,CE,Federal Contract Tower,0,8,3,2,13,0,2,32,1,35,0,10,35,3,48,40,0,40,88
07/11/2016,TUP,MS,ASO,CE,Federal Contract Tower,0,11,9,33,53,0,3,43,3,49,0,14,52,36,102,12,0,12,114
07/12/2016,TUP,MS,ASO,CE,Federal Contract Tower,0,8,11,16,35,0,5,62,0,67,0,13,73,16,102,66,0,66,168
07/13/2016,TUP,MS,ASO,CE,Federal Contract Tower,1,11,10,29,51,0,9,59,4,72,1,20,69,33,123,52,14,66,189
07/14/2016,TUP,MS,ASO,CE,Federal Contract Tower,0,13,7,6,26,0,6,45,32,83,0,19,52,38,109,70,26,96,205
07/15/2016,TUP,MS,ASO,CE,Federal Contract Tower,0,10,10,27,47,0,15,51,18,84,0,25,61,45,131,12,36,48,179
07/16/2016,TUP,MS,ASO,CE,Federal Contract Tower,0,4,6,0,10,0,10,40,19,69,0,14,46,19,79,52,16,68,147
07/17/2016,TUP,MS,ASO,CE,Federal Contract Tower,0,8,3,4,15,0,4,38,15,57,0,12,41,19,72,38,20,58,130
07/18/2016,TUP,MS,ASO,CE,Federal Contract Tower,0,12,9,24,45,0,8,64,0,72,0,20,73,24,117,64,0,64,181
07/19/2016,TUP,MS,ASO,CE,Federal Contract Tower,0,12,9,16,37,0,11,49,2,62,0,23,58,18,99,44,4,48,147
07/20/2016,TUP,MS,ASO,CE,Federal Contract Tower,0,11,12,10,33,0,4,53,12,69,0,15,65,22,102,52,0,52,154
07/21/2016,TUP,MS,ASO,CE,Federal Contract Tower,0,10,19,8,37,0,11,46,32,89,0,21,65,40,126,56,84,140,266
07/22/2016,TUP,MS,ASO,CE,Federal Contract Tower,0,10,10,21,41,0,12,49,22,83,0,22,59,43,124,54,28,82,206
07/23/2016,TUP,MS,ASO,CE,Federal Contract Tower,0,4,5,0,9,0,10,18,0,28,0,14,23,0,37,12,0,12,49
07/24/2016,TUP,MS,ASO,CE,Federal Contract Tower,0,8,13,1,22,0,7,34,0,41,0,15,47,1,63,50,0,50,113
07/25/2016,TUP,MS,ASO,CE,Federal Contract Tower,0,11,9,21,41,0,8,56,20,84,0,19,65,41,125,50,28,78,203
07/26/2016,TUP,MS,ASO,CE,Federal Contract Tower,0,8,19,14,41,0,18,64,10,92,0,26,83,24,133,90,6,96,229
07/27/2016,TUP,MS,ASO,CE,Federal Contract Tower,0,11,20,8,39,0,6,42,5,53,0,17,62,13,92,38,4,42,134
07/28/2016,TUP,MS,ASO,CE,Federal Contract Tower,0,10,16,4,30,0,6,26,18,50,0,16,42,22,80,4,28,32,112
07/29/2016,TUP,MS,ASO,CE,Federal Contract Tower,0,15,19,10,44,0,8,26,3,37,0,23,45,13,81,59,0,59,140
07/30/2016,TUP,MS,ASO,CE,Federal Contract Tower,0,5,9,10,24,0,8,41,16,65,0,13,50,26,89,66,20,86,175
07/31/2016,TUP,MS,ASO,CE,Federal Contract Tower,0,8,9,3,20,0,10,28,3,41,0,18,37,6,61,20,0,20,81
08/01/2016,TUP,MS,ASO,CE,Federal Contract Tower,0,12,10,2,24,0,6,74,0,80,0,18,84,2,104,110,0,110,214
08/02/2016,TUP,MS,ASO,CE,Federal Contract Tower,0,8,12,14,34,0,19,50,10,79,0,27,62,24,113,94,8,102,215
08/03/2016,TUP,MS,ASO,CE,Federal Contract Tower,1,14,15,6,36,0,10,63,18,91,1,24,78,24,127,58,20,78,205
08/04/2016,TUP,MS,ASO,CE,Federal Contract Tower,0,11,5,16,32,0,8,60,40,108,0,19,65,56,140,60,38,98,238
08/05/2016,TUP,MS,ASO,CE,Federal Contract Tower,0,9,5,24,38,0,7,54,30,91,0,16,59,54,129,50,56,106,235
08/06/2016,TUP,MS,ASO,CE,Federal Contract Tower,0,4,7,2,13,0,8,35,34,77,0,12,42,36,90,18,60,78,168
08/07/2016,TUP,MS,ASO,CE,Federal Contract Tower,0,10,4,10,24,0,2,26,15,43,0,12,30,25,67,36,24,60,127
08/08/2016,TUP,MS,ASO,CE,Federal Contract Tower,0,10,9,22,41,0,1,56,14,71,0,11,65,36,112,42,0,42,154
08/09/2016,TUP,MS,ASO,CE,Federal Contract Tower,0,11,15,24,50,0,9,50,13,72,0,20,65,37,122,30,24,54,176
08/10/2016,TUP,MS,ASO,CE,Federal Contract Tower,0,11,15,28,54,0,8,38,4,50,0,19,53,32,104,52,14,66,170
08/11/2016,TUP,MS,ASO,CE,Federal Contract Tower,0,16,12,38,66,0,4,45,34,83,0,20,57,72,149,22,28,50,199
08/12/2016,TUP,MS,ASO,CE,Federal Contract Tower,0,13,2,21,36,0,11,20,10,41,0,24,22,31,77,6,10,16,93
08/13/2016,TUP,MS,ASO,CE,Federal Contract Tower,0,4,2,1,7,0,3,16,5,24,0,7,18,6,31,14,0,14,45
08/14/2016,TUP,MS,ASO,CE,Federal Contract Tower,0,8,8,0,16,0,6,21,0,27,0,14,29,0,43,12,0,12,55
08/15/2016,TUP,MS,ASO,CE,Federal Contract Tower,0,10,3,25,38,0,3,38,0,41,0,13,41,25,79,28,0,28,107
08/16/2016,TUP,MS,ASO,CE,Federal Contract Tower,0,11,9,19,39,0,2,32,0,34,0,13,41,19,73,10,0,10,83
08/17/2016,TUP,MS,ASO,CE,Federal Contract Tower,0,12,18,26,56,0,2,43,6,51,0,14,61,32,107,40,26,66,173
08/18/2016,TUP,MS,ASO,CE,Federal Contract Tower,0,10,14,2,26,0,0,37,26,63,0,10,51,28,89,38,26,64,153
08/19/2016,TUP,MS,ASO,CE,Federal Contract Tower,0,11,10,24,45,0,1,29,8,38,0,12,39,32,83,34,10,44,127
08/20/2016,TUP,MS,ASO,CE,Federal Contract Tower,0,4,7,9,20,0,0,25,6,31,0,4,32,15,51,14,4,18,69
08/21/2016,TUP,MS,ASO,CE,Federal Contract Tower,0,8,11,6,25,0,3,32,4,39,0,11,43,10,64,50,10,60,124
08/22/2016,TUP,MS,ASO,CE,Federal Contract Tower,0,11,14,20,45,0,5,35,8,48,0,16,49,28,93,46,20,66,159
08/23/2016,TUP,MS,ASO,CE,Federal Contract Tower,0,7,17,10,34,0,6,49,12,67,0,13,66,22,101,56,6,62,163
08/24/2016,TUP,MS,ASO,CE,Federal Contract Tower,0,13,17,28,58,0,4,50,8,62,0,17,67,36,120,56,12,68,188
08/25/2016,TUP,MS,ASO,CE,Federal Contract Tower,0,10,10,30,50,0,2,41,30,73,0,12,51,60,123,48,28,76,199
08/26/2016,TUP,MS,ASO,CE,Federal Contract Tower,0,15,8,0,23,0,1,47,4,52,0,16,55,4,75,58,0,58,133
08/27/2016,TUP,MS,ASO,CE,Federal Contract Tower,0,4,2,4,10,0,8,39,12,59,0,12,41,16,69,24,0,24,93
08/28/2016,TUP,MS,ASO,CE,Federal Contract Tower,0,8,3,4,15,0,5,38,2,45,0,13,41,6,60,30,0,30,90
08/29/2016,TUP,MS,ASO,CE,Federal Contract Tower,0,10,10,22,42,0,9,41,2,52,0,19,51,24,94,56,8,64,158
08/30/2016,TUP,MS,ASO,CE,Federal Contract Tower,0,11,9,16,36,0,25,53,12,90,0,36,62,28,126,56,14,70,196
08/31/2016,TUP,MS,ASO,CE,Federal Contract Tower,0,10,14,20,44,0,4,36,2,42,0,14,50,22,86,44,0,44,130
09/01/2016,TUP,MS,ASO,CE,Federal Contract Tower,0,10,13,34,57,0,8,38,34,80,0,18,51,68,137,40,36,76,213
09/02/2016,TUP,MS,ASO,CE,Federal Contract Tower,0,11,6,0,17,0,6,43,13,62,0,17,49,13,79,30,0,30,109
09/03/2016,TUP,MS,ASO,CE,Federal Contract Tower,0,4,5,0,9,0,7,46,0,53,0,11,51,0,62,52,0,52,114
09/04/2016,TUP,MS,ASO,CE,Federal Contract Tower,0,4,8,4,16,0,3,33,0,36,0,7,41,4,52,22,0,22,74
09/05/2016,TUP,MS,ASO,CE,Federal Contract Tower,0,12,9,0,21,0,5,37,0,42,0,17,46,0,63,32,0,32,95
09/06/2016,TUP,MS,ASO,CE,Federal Contract Tower,0,9,8,26,43,0,7,55,26,88,0,16,63,52,131,70,4,74,205
09/07/2016,TUP,MS,ASO,CE,Federal Contract Tower,0,10,6,20,36,0,9,56,0,65,0,19,62,20,101,48,0,48,149
09/08/2016,TUP,MS,ASO,CE,Federal Contract Tower,0,11,15,22,48,0,7,61,42,110,0,18,76,64,158,42,32,74,232
09/09/2016,TUP,MS,ASO,CE,Federal Contract Tower,0,12,9,20,41,0,13,61,14,88,0,25,70,34,129,68,0,68,197
09/10/2016,TUP,MS,ASO,CE,Federal Contract Tower,0,7,11,0,18,0,5,41,11,57,0,12,52,11,75,58,14,72,147
09/11/2016,TUP,MS,ASO,CE,Federal Contract Tower,0,8,6,2,16,0,5,32,8,45,0,13,38,10,61,24,10,34,95
09/12/2016,TUP,MS,ASO,CE,Federal Contract Tower,0,10,13,28,51,0,14,45,0,59,0,24,58,28,110,46,0,46,156
09/13/2016,TUP,MS,ASO,CE,Federal Contract Tower,0,8,14,26,48,0,10,53,3,66,0,18,67,29,114,72,0,72,186
09/14/2016,TUP,MS,ASO,CE,Federal Contract Tower,0,8,8,26,42,0,5,48,16,69,0,13,56,42,111,52,18,70,181
09/15/2016,TUP,MS,ASO,CE,Federal Contract Tower,0,12,19,18,49,0,12,55,10,77,0,24,74,28,126,64,6,70,196
09/16/2016,TUP,MS,ASO,CE,Federal Contract Tower,0,11,8,12,31,0,15,53,5,73,0,26,61,17,104,56,0,56,160
09/17/2016,TUP,MS,ASO,CE,Federal Contract Tower,0,14,15,0,29,0,10,47,8,65,0,24,62,8,94,40,0,40,134
09/18/2016,TUP,MS,ASO,CE,Federal Contract Tower,0,15,16,0,31,0,0,34,0,34,0,15,50,0,65,30,0,30,95
09/19/2016,TUP,MS,ASO,CE,Federal Contract Tower,0,10,10,37,57,0,7,57,1,65,0,17,67,38,122,48,0,48,170
09/20/2016,TUP,MS,ASO,CE,Federal Contract Tower,0,9,9,57,75,0,6,68,15,89,0,15,77,72,164,64,28,92,256
09/21/2016,TUP,MS,ASO,CE,Federal Contract Tower,0,8,15,40,63,0,7,51,2,60,0,15,66,42,123,90,0,90,213
09/22/2016,TUP,MS,ASO,CE,Federal Contract Tower,0,14,19,36,69,0,12,65,24,101,0,26,84,60,170,70,32,102,272
09/23/2016,TUP,MS,ASO,CE,Federal Contract Tower,0,10,14,4,28,0,20,61,12,93,0,30,75,16,121,74,8,82,203
09/25/2016,TUP,MS,ASO,CE,Federal Contract Tower,0,6,2,12,20,0,6,45,4,55,0,12,47,16,75,54,26,80,155
09/26/2016,TUP,MS,ASO,CE,Federal Contract Tower,0,11,12,0,23,0,5,50,0,55,0,16,62,0,78,58,0,58,136
09/27/2016,TUP,MS,ASO,CE,Federal Contract Tower,0,10,5,18,33,0,5,62,7,74,0,15,67,25,107,66,16,82,189
09/28/2016,TUP,MS,ASO,CE,Federal Contract Tower,0,13,20,1,34,0,9,57,14,80,0,22,77,15,114,52,10,62,176
09/29/2016,TUP,MS,ASO,CE,Federal Contract Tower,0,13,10,8,31,0,5,62,12,79,0,18,72,20,110,64,8,72,182
09/30/2016,TUP,MS,ASO,CE,Federal Contract Tower,0,11,4,0,15,0,10,47,6,63,0,21,51,6,78,56,0,56,134
10/01/2016,TUP,MS,ASO,CE,Federal Contract Tower,0,8,8,13,29,0,6,40,2,48,0,14,48,15,77,46,6,52,129
10/02/2016,TUP,MS,ASO,CE,Federal Contract Tower,0,8,15,0,23,0,3,51,0,54,0,11,66,0,77,60,0,60,137
10/03/2016,TUP,MS,ASO,CE,Federal Contract Tower,0,10,17,27,54,0,5,51,7,63,0,15,68,34,117,38,24,62,179
10/04/2016,TUP,MS,ASO,CE,Federal Contract Tower,0,12,16,20,48,0,7,57,22,86,0,19,73,42,134,56,28,84,218
10/05/2016,TUP,MS,ASO,CE,Federal Contract Tower,0,10,13,22,45,0,4,56,10,70,0,14,69,32,115,40,26,66,181
10/06/2016,TUP,MS,ASO,CE,Federal Contract Tower,0,12,18,11,41,0,8,67,13,88,0,20,85,24,129,86,8,94,223
10/07/2016,TUP,MS,ASO,CE,Federal Contract Tower,0,10,3,30,43,0,5,61,0,66,0,15,64,30,109,60,16,76,185
10/08/2016,TUP,MS,ASO,CE,Federal Contract Tower,0,6,8,6,20,0,10,55,0,65,0,16,63,6,85,52,0,52,137
10/09/2016,TUP,MS,ASO,CE,Federal Contract Tower,0,8,8,0,16,0,9,60,0,69,0,17,68,0,85,48,0,48,133
10/10/2016,TUP,MS,ASO,CE,Federal Contract Tower,0,11,9,8,28,0,6,55,0,61,0,17,64,8,89,52,0,52,141
10/11/2016,TUP,MS,ASO,CE,Federal Contract Tower,0,8,9,34,51,0,15,59,32,106,0,23,68,66,157,86,20,106,263
10/12/2016,TUP,MS,ASO,CE,Federal Contract Tower,0,8,16,22,46,0,4,66,0,70,0,12,82,22,116,50,0,50,166
10/13/2016,TUP,MS,ASO,CE,Federal Contract Tower,0,14,25,26,65,0,7,51,28,86,0,21,76,54,151,68,8,76,227
10/14/2016,TUP,MS,ASO,CE,Federal Contract Tower,3,13,20,11,47,0,0,49,0,49,3,13,69,11,96,17,0,17,113
10/15/2016,TUP,MS,ASO,CE,Federal Contract Tower,0,7,6,4,17,0,6,44,16,66,0,13,50,20,83,34,22,56,139
10/16/2016,TUP,MS,ASO,CE,Federal Contract Tower,1,8,17,4,30,0,9,55,2,66,1,17,72,6,96,84,0,84,180
10/17/2016,TUP,MS,ASO,CE,Federal Contract Tower,0,11,7,21,39,0,9,70,6,85,0,20,77,27,124,54,20,74,198
10/18/2016,TUP,MS,ASO,CE,Federal Contract Tower,0,9,10,44,63,0,11,53,13,77,0,20,63,57,140,70,22,92,232
10/19/2016,TUP,MS,ASO,CE,Federal Contract Tower,0,9,14,24,47,0,5,60,10,75,0,14,74,34,122,54,14,68,190
10/20/2016,TUP,MS,ASO,CE,Federal Contract Tower,0,17,6,28,51,0,3,42,40,85,0,20,48,68,136,30,46,76,212
10/21/2016,TUP,MS,ASO,CE,Federal Contract Tower,4,11,11,22,48,0,6,59,24,89,4,17,70,46,137,40,20,60,197
10/22/2016,TUP,MS,ASO,CE,Federal Contract Tower,0,6,4,4,14,0,4,37,25,66,0,10,41,29,80,28,50,78,158
10/23/2016,TUP,MS,ASO,CE,Federal Contract Tower,1,10,12,7,30,0,4,35,8,47,1,14,47,15,77,46,0,46,123
10/24/2016,TUP,MS,ASO,CE,Federal Contract Tower,0,10,4,16,30,0,8,65,6,79,0,18,69,22,109,42,14,56,165
10/25/2016,TUP,MS,ASO,CE,Federal Contract Tower,0,6,11,28,45,0,8,56,4,68,0,14,67,32,113,68,8,76,189
10/26/2016,TUP,MS,ASO,CE,Federal Contract Tower,0,9,22,26,57,0,7,60,10,77,0,16,82,36,134,58,16,74,208
10/27/2016,TUP,MS,ASO,CE,Federal Contract Tower,0,14,17,22,53,0,4,59,12,75,0,18,76,34,128,70,16,86,214
10/28/2016,TUP,MS,ASO,CE,Federal Contract Tower,0,11,12,12,35,0,9,54,0,63,0,20,66,12,98,74,0,74,172
10/29/2016,TUP,MS,ASO,CE,Federal Contract Tower,0,7,4,0,11,0,17,43,0,60,0,24,47,0,71,74,0,74,145
10/30/2016,TUP,MS,ASO,CE,Federal Contract Tower,0,9,7,10,26,0,1,50,0,51,0,10,57,10,77,54,0,54,131
10/31/2016,TUP,MS,ASO,CE,Federal Contract Tower,0,10,5,15,30,0,8,65,4,77,0,18,70,19,107,64,16,80,187
11/01/2016,TUP,MS,ASO,CE,Federal Contract Tower,0,9,16,32,57,0,1,56,5,62,0,10,72,37,119,64,0,64,183
11/02/2016,TUP,MS,ASO,CE,Federal Contract Tower,0,8,19,22,49,0,6,55,8,69,0,14,74,30,118,64,28,92,210
11/03/2016,TUP,MS,ASO,CE,Federal Contract Tower,0,10,19,16,45,0,7,46,20,73,0,17,65,36,118,50,42,92,210
11/04/2016,TUP,MS,ASO,CE,Federal Contract Tower,0,11,18,14,43,0,19,59,7,85,0,30,77,21,128,82,16,98,226
11/05/2016,TUP,MS,ASO,CE,Federal Contract Tower,0,6,5,14,25,0,8,62,2,72,0,14,67,16,97,70,0,70,167
11/06/2016,TUP,MS,ASO,CE,Federal Contract Tower,0,8,6,7,21,0,13,52,4,69,0,21,58,11,90,54,4,58,148
11/07/2016,TUP,MS,ASO,CE,Federal Contract Tower,0,10,7,32,49,0,10,58,6,74,0,20,65,38,123,38,0,38,161
11/08/2016,TUP,MS,ASO,CE,Federal Contract Tower,0,8,9,14,31,0,9,50,16,75,0,17,59,30,106,64,18,82,188
11/09/2016,TUP,MS,ASO,CE,Federal Contract Tower,0,10,14,23,47,0,7,57,18,82,0,17,71,41,129,30,14,44,173
11/10/2016,TUP,MS,ASO,CE,Federal Contract Tower,0,12,5,22,39,0,9,59,13,81,0,21,64,35,120,62,28,90,210
11/11/2016,TUP,MS,ASO,CE,Federal Contract Tower,6,12,14,4,36,0,8,50,4,62,6,20,64,8,98,70,0,70,168
11/12/2016,TUP,MS,ASO,CE,Federal Contract Tower,0,8,12,4,24,0,13,63,8,84,0,21,75,12,108,54,22,76,184
11/13/2016,TUP,MS,ASO,CE,Federal Contract Tower,0,8,6,2,16,0,6,54,0,60,0,14,60,2,76,104,0,104,180
11/14/2016,TUP,MS,ASO,CE,Federal Contract Tower,0,11,7,24,42,0,2,61,8,71,0,13,68,32,113,54,20,74,187
11/15/2016,TUP,MS,ASO,CE,Federal Contract Tower,1,9,7,34,51,0,3,58,11,72,1,12,65,45,123,60,22,82,205
11/16/2016,TUP,MS,ASO,CE,Federal Contract Tower,1,11,23,20,55,0,3,59,8,70,1,14,82,28,125,62,14,76,201
11/17/2016,TUP,MS,ASO,CE,Federal Contract Tower,0,14,7,14,35,0,5,52,20,77,0,19,59,34,112,66,18,84,196
11/18/2016,TUP,MS,ASO,CE,Federal Contract Tower,0,12,13,18,43,0,10,55,13,78,0,22,68,31,121,46,20,66,187
11/19/2016,TUP,MS,ASO,CE,Federal Contract Tower,0,6,4,10,20,0,4,59,31,94,0,10,63,41,114,94,66,160,274
11/20/2016,TUP,MS,ASO,CE,Federal Contract Tower,0,10,10,4,24,0,9,46,14,69,0,19,56,18,93,56,36,92,185
11/21/2016,TUP,MS,ASO,CE,Federal Contract Tower,0,9,9,20,38,0,5,53,0,58,0,14,62,20,96,46,0,46,142
11/22/2016,TUP,MS,ASO,CE,Federal Contract Tower,1,8,16,30,55,0,9,60,2,71,1,17,76,32,126,62,0,62,188
11/23/2016,TUP,MS,ASO,CE,Federal Contract Tower,0,5,10,10,25,0,3,31,0,34,0,8,41,10,59,18,0,18,77
11/24/2016,TUP,MS,ASO,CE,Federal Contract Tower,0,0,4,0,4,0,2,18,0,20,0,2,22,0,24,6,0,6,30
11/25/2016,TUP,MS,ASO,CE,Federal Contract Tower,0,9,4,0,13,0,15,41,0,56,0,24,45,0,69,42,0,42,111
11/26/2016,TUP,MS,ASO,CE,Federal Contract Tower,0,8,7,0,15,0,1,36,0,37,0,9,43,0,52,30,0,30,82
11/27/2016,TUP,MS,ASO,CE,Federal Contract Tower,0,8,10,0,18,0,9,47,0,56,0,17,57,0,74,44,0,44,118
11/28/2016,TUP,MS,ASO,CE,Federal Contract Tower,0,9,0,4,13,0,4,14,0,18,0,13,14,4,31,0,0,0,31
11/29/2016,TUP,MS,ASO,CE,Federal Contract Tower,0,7,15,8,30,0,9,25,11,45,0,16,40,19,75,16,28,44,119
11/30/2016,TUP,MS,ASO,CE,Federal Contract Tower,0,8,8,44,60,0,6,44,20,70,0,14,52,64,130,38,22,60,190
12/01/2016,TUP,MS,ASO,CE,Federal Contract Tower,0,15,15,20,50,0,5,50,32,87,0,20,65,52,137,44,40,84,221
12/02/2016,TUP,MS,ASO,CE,Federal Contract Tower,0,13,5,2,20,0,9,55,20,84,0,22,60,22,104,56,32,88,192
12/03/2016,TUP,MS,ASO,CE,Federal Contract Tower,0,7,4,0,11,0,4,6,0,10,0,11,10,0,21,0,0,0,21
12/04/2016,TUP,MS,ASO,CE,Federal Contract Tower,0,8,8,15,31,0,0,0,0,0,0,8,8,15,31,0,0,0,31
12/05/2016,TUP,MS,ASO,CE,Federal Contract Tower,0,17,3,2,22,0,0,0,0,0,0,17,3,2,22,0,0,0,22
12/06/2016,TUP,MS,ASO,CE,Federal Contract Tower,0,10,14,19,43,0,5,5,22,32,0,15,19,41,75,0,14,14,89
12/07/2016,TUP,MS,ASO,CE,Federal Contract Tower,0,9,18,36,63,0,1,38,4,43,0,10,56,40,106,10,0,10,116
12/08/2016,TUP,MS,ASO,CE,Federal Contract Tower,0,11,49,25,85,0,3,43,36,82,0,14,92,61,167,26,22,48,215
12/09/2016,TUP,MS,ASO,CE,Federal Contract Tower,0,13,13,28,54,0,17,47,30,94,0,30,60,58,148,58,44,102,250
12/10/2016,TUP,MS,ASO,CE,Federal Contract Tower,0,6,7,2,15,0,5,42,47,94,0,11,49,49,109,80,42,122,231
12/11/2016,TUP,MS,ASO,CE,Federal Contract Tower,0,8,4,16,28,0,10,47,13,70,0,18,51,29,98,56,0,56,154
12/12/2016,TUP,MS,ASO,CE,Federal Contract Tower,0,11,2,52,65,0,3,25,0,28,0,14,27,52,93,18,0,18,111
12/13/2016,TUP,MS,ASO,CE,Federal Contract Tower,0,9,26,14,49,0,4,12,8,24,0,13,38,22,73,6,22,28,101
12/14/2016,TUP,MS,ASO,CE,Federal Contract Tower,0,9,12,28,49,0,5,51,7,63,0,14,63,35,112,56,16,72,184
12/15/2016,TUP,MS,ASO,CE,Federal Contract Tower,0,10,5,6,21,0,8,51,8,67,0,18,56,14,88,66,4,70,158
12/16/2016,TUP,MS,ASO,CE,Federal Contract Tower,0,11,7,14,32,0,16,45,7,68,0,27,52,21,100,30,0,30,130
12/17/2016,TUP,MS,ASO,CE,Federal Contract Tower,0,6,5,0,11,0,0,1,0,1,0,6,6,0,12,0,0,0,12
12/18/2016,TUP,MS,ASO,CE,Federal Contract Tower,0,7,4,0,11,0,2,0,0,2,0,9,4,0,13,0,0,0,13
12/19/2016,TUP,MS,ASO,CE,Federal Contract Tower,0,13,8,24,45,0,5,39,1,45,0,18,47,25,90,44,0,44,134
12/20/2016,TUP,MS,ASO,CE,Federal Contract Tower,0,12,13,10,35,0,12,15,37,64,0,24,28,47,99,4,34,38,137
12/21/2016,TUP,MS,ASO,CE,Federal Contract Tower,0,9,17,12,38,0,10,57,16,83,0,19,74,28,121,88,0,88,209
12/22/2016,TUP,MS,ASO,CE,Federal Contract Tower,0,10,13,40,63,0,5,35,18,58,0,15,48,58,121,42,6,48,169
12/23/2016,TUP,MS,ASO,CE,Federal Contract Tower,0,9,9,16,34,0,4,43,0,47,0,13,52,16,81,0,22,22,103
12/24/2016,TUP,MS,ASO,CE,Federal Contract Tower,0,5,2,0,7,0,2,26,0,28,0,7,28,0,35,0,0,0,35
12/25/2016,TUP,MS,ASO,CE,Federal Contract Tower,0,0,3,0,3,0,7,23,0,30,0,7,26,0,33,0,0,0,33
12/26/2016,TUP,MS,ASO,CE,Federal Contract Tower,0,11,3,0,14,0,3,31,0,34,0,14,34,0,48,0,0,0,48
12/27/2016,TUP,MS,ASO,CE,Federal Contract Tower,0,8,4,0,12,0,12,56,0,68,0,20,60,0,80,22,0,22,102
12/28/2016,TUP,MS,ASO,CE,Federal Contract Tower,0,8,5,0,13,0,3,30,3,36,0,11,35,3,49,0,0,0,49
12/29/2016,TUP,MS,ASO,CE,Federal Contract Tower,0,14,5,0,19,0,4,38,0,42,0,18,43,0,61,42,0,42,103
12/30/2016,TUP,MS,ASO,CE,Federal Contract Tower,0,9,10,0,19,0,12,76,0,88,0,21,86,0,107,98,0,98,205
12/31/2016,TUP,MS,ASO,CE,Federal Contract Tower,0,5,9,0,14,0,2,9,0,11,0,7,18,0,25,0,0,0,25
01/01/2017,TUP,MS,ASO,CE,Federal Contract Tower,0,13,3,0,16,0,0,0,0,0,0,13,3,0,16,0,0,0,16
01/02/2017,TUP,MS,ASO,CE,Federal Contract Tower,0,10,4,0,14,0,0,5,0,5,0,10,9,0,19,0,0,0,19
01/03/2017,TUP,MS,ASO,CE,Federal Contract Tower,0,8,11,12,31,0,8,27,3,38,0,16,38,15,69,22,0,22,91
01/04/2017,TUP,MS,ASO,CE,Federal Contract Tower,0,9,25,38,72,0,9,71,3,83,0,18,96,41,155,110,0,110,265
01/05/2017,TUP,MS,ASO,CE,Federal Contract Tower,0,7,25,19,51,0,5,37,6,48,0,12,62,25,99,56,0,56,155
01/06/2017,TUP,MS,ASO,CE,Federal Contract Tower,0,2,10,4,16,0,2,11,0,13,0,4,21,4,29,0,0,0,29
01/07/2017,TUP,MS,ASO,CE,Federal Contract Tower,0,7,8,10,25,0,8,42,60,110,0,15,50,70,135,36,10,46,181
01/08/2017,TUP,MS,ASO,CE,Federal Contract Tower,0,8,3,8,19,0,12,42,11,65,0,20,45,19,84,42,0,42,126
01/09/2017,TUP,MS,ASO,CE,Federal Contract Tower,0,11,5,40,56,0,4,44,3,51,0,15,49,43,107,44,4,48,155
01/10/2017,TUP,MS,ASO,CE,Federal Contract Tower,0,8,15,12,35,0,4,42,10,56,0,12,57,22,91,52,12,64,155
01/11/2017,TUP,MS,ASO,CE,Federal Contract Tower,0,10,16,43,69,0,7,45,6,58,0,17,61,49,127,28,14,42,169
01/12/2017,TUP,MS,ASO,CE,Federal Contract Tower,0,11,10,28,49,0,7,25,0,32,0,18,35,28,81,30,0,30,111
01/13/2017,TUP,MS,ASO,CE,Federal Contract Tower,0,15,9,18,42,0,1,22,0,23,0,16,31,18,65,24,0,24,89
01/14/2017,TUP,MS,ASO,CE,Federal Contract Tower,0,7,3,4,14,0,6,44,0,50,0,13,47,4,64,58,0,58,122
01/15/2017,TUP,MS,ASO,CE,Federal Contract Tower,0,9,4,4,17,0,4,37,0,41,0,13,41,4,58,36,0,36,94
01/16/2017,TUP,MS,ASO,CE,Federal Contract Tower,0,13,4,0,17,0,3,45,0,48,0,16,49,0,65,28,0,28,93
01/17/2017,TUP,MS,ASO,CE,Federal Contract Tower,0,8,15,20,43,0,0,21,0,21,0,8,36,20,64,4,0,4,68
01/18/2017,TUP,MS,ASO,CE,Federal Contract Tower,0,9,9,43,61,0,3,28,4,35,0,12,37,47,96,16,24,40,136
01/19/2017,TUP,MS,ASO,CE,Federal Contract Tower,0,17,12,6,35,0,0,1,10,11,0,17,13,16,46,0,42,42,88
01/20/2017,TUP,MS,ASO,CE,Federal Contract Tower,0,10,8,20,38,0,2,33,21,56,0,12,41,41,94,14,36,50,144
01/21/2017,TUP,MS,ASO,CE,Federal Contract Tower,0,6,0,7,13,0,7,45,22,74,0,13,45,29,87,60,46,106,193
01/22/2017,TUP,MS,ASO,CE,Federal Contract Tower,0,7,3,0,10,0,0,0,0,0,0,7,3,0,10,0,0,0,10
01/23/2017,TUP,MS,ASO,CE,Federal Contract Tower,0,11,11,52,74,0,4,43,2,49,0,15,54,54,123,54,6,60,183
01/24/2017,TUP,MS,ASO,CE,Federal Contract Tower,0,10,15,8,33,0,8,63,12,83,0,18,78,20,116,72,8,80,196
01/25/2017,TUP,MS,ASO,CE,Federal Contract Tower,0,9,26,23,58,0,0,5,0,5,0,9,31,23,63,6,0,6,69
01/26/2017,TUP,MS,ASO,CE,Federal Contract Tower,0,9,15,26,50,0,4,40,14,58,0,13,55,40,108,56,10,66,174
01/27/2017,TUP,MS,ASO,CE,Federal Contract Tower,0,12,15,8,35,0,10,53,0,63,0,22,68,8,98,66,0,66,164
01/28/2017,TUP,MS,ASO,CE,Federal Contract Tower,0,8,2,2,12,0,8,35,0,43,0,16,37,2,55,14,0,14,69
01/29/2017,TUP,MS,ASO,CE,Federal Contract Tower,0,8,7,1,16,0,6,46,2,54,0,14,53,3,70,48,6,54,124
01/30/2017,TUP,MS,ASO,CE,Federal Contract Tower,0,10,19,34,63,0,12,63,33,108,0,22,82,67,171,54,20,74,245
01/31/2017,TUP,MS,ASO,CE,Federal Contract Tower,0,8,21,14,43,0,8,58,6,72,0,16,79,20,115,86,10,96,211
02/01/2017,TUP,MS,ASO,CE,Federal Contract Tower,0,10,12,24,46,0,8,50,12,70,0,18,62,36,116,46,8,54,170
02/02/2017,TUP,MS,ASO,CE,Federal Contract Tower,0,10,16,20,46,0,3,28,0,31,0,13,44,20,77,42,0,42,119
02/03/2017,TUP,MS,ASO,CE,Federal Contract Tower,0,11,10,15,36,0,14,40,7,61,0,25,50,22,97,44,0,44,141
02/04/2017,TUP,MS,ASO,CE,Federal Contract Tower,0,6,4,0,10,0,3,63,22,88,0,9,67,22,98,84,10,94,192
02/05/2017,TUP,MS,ASO,CE,Federal Contract Tower,0,8,7,4,19,0,0,0,0,0,0,8,7,4,19,0,0,0,19
02/06/2017,TUP,MS,ASO,CE,Federal Contract Tower,0,10,7,10,27,0,3,20,2,25,0,13,27,12,52,14,6,20,72
02/07/2017,TUP,MS,ASO,CE,Federal Contract Tower,0,8,11,6,25,0,1,14,7,22,0,9,25,13,47,6,12,18,65
02/08/2017,TUP,MS,ASO,CE,Federal Contract Tower,0,12,9,22,43,0,3,31,9,43,0,15,40,31,86,10,8,18,104
02/09/2017,TUP,MS,ASO,CE,Federal Contract Tower,0,10,14,36,60,0,5,46,34,85,0,15,60,70,145,18,20,38,183
02/10/2017,TUP,MS,ASO,CE,Federal Contract Tower,0,28,11,24,63,0,12,51,19,82,0,40,62,43,145,50,6,56,201
02/11/2017,TUP,MS,ASO,CE,Federal Contract Tower,0,8,7,1,16,0,6,55,39,100,0,14,62,40,116,58,0,58,174
02/12/2017,TUP,MS,ASO,CE,Federal Contract Tower,0,8,9,4,21,0,4,19,1,24,0,12,28,5,45,12,0,12,57
02/13/2017,TUP,MS,ASO,CE,Federal Contract Tower,0,11,12,26,49,0,5,62,16,83,0,16,74,42,132,42,30,72,204
02/14/2017,TUP,MS,ASO,CE,Federal Contract Tower,0,10,12,34,56,0,4,49,36,89,0,14,61,70,145,30,26,56,201
02/15/2017,TUP,MS,ASO,CE,Federal Contract Tower,0,13,17,35,65,0,3,56,10,69,0,16,73,45,134,52,28,80,214
02/16/2017,TUP,MS,ASO,CE,Federal Contract Tower,0,10,21,17,48,0,10,39,30,79,0,20,60,47,127,58,24,82,209
02/17/2017,TUP,MS,ASO,CE,Federal Contract Tower,0,10,10,16,36,0,13,46,2,61,0,23,56,18,97,72,8,80,177
02/18/2017,TUP,MS,ASO,CE,Federal Contract Tower,0,6,2,2,10,0,7,31,0,38,0,13,33,2,48,34,0,34,82
02/19/2017,TUP,MS,ASO,CE,Federal Contract Tower,0,8,7,0,15,0,7,47,0,54,0,15,54,0,69,56,0,56,125
02/20/2017,TUP,MS,ASO,CE,Federal Contract Tower,0,10,5,0,15,0,11,44,0,55,0,21,49,0,70,44,0,44,114
02/21/2017,TUP,MS,ASO,CE,Federal Contract Tower,0,10,5,59,74,0,0,0,2,2,0,10,5,61,76,0,6,6,82
02/22/2017,TUP,MS,ASO,CE,Federal Contract Tower,0,10,16,40,66,0,1,24,6,31,0,11,40,46,97,18,0,18,115
02/23/2017,TUP,MS,ASO,CE,Federal Contract Tower,0,14,14,35,63,0,1,20,30,51,0,15,34,65,114,22,34,56,170
02/24/2017,TUP,MS,ASO,CE,Federal Contract Tower,0,10,11,16,37,0,8,44,11,63,0,18,55,27,100,64,8,72,172
02/25/2017,TUP,MS,ASO,CE,Federal Contract Tower,0,7,2,10,19,0,8,40,0,48,0,15,42,10,67,48,0,48,115
02/26/2017,TUP,MS,ASO,CE,Federal Contract Tower,2,8,3,2,15,0,6,45,2,53,2,14,48,4,68,38,12,50,118
02/27/2017,TUP,MS,ASO,CE,Federal Contract Tower,0,10,5,38,53,0,3,44,1,48,0,13,49,39,101,32,14,46,147
02/28/2017,TUP,MS,ASO,CE,Federal Contract Tower,0,10,7,6,23,0,4,19,24,47,0,14,26,30,70,12,44,56,126
03/01/2017,TUP,MS,ASO,CE,Federal Contract Tower,0,8,8,4,20,0,4,31,6,41,0,12,39,10,61,10,0,10,71
03/02/2017,TUP,MS,ASO,CE,Federal Contract Tower,0,12,11,8,31,0,8,43,30,81,0,20,54,38,112,60,48,108,220
03/03/2017,TUP,MS,ASO,CE,Federal Contract Tower,1,10,8,20,39,0,9,38,28,75,1,19,46,48,114,40,30,70,184
03/04/2017,TUP,MS,ASO,CE,Federal Contract Tower,0,6,3,2,11,0,8,32,27,67,0,14,35,29,78,24,26,50,128
03/05/2017,TUP,MS,ASO,CE,Federal Contract Tower,0,10,6,4,20,0,9,31,6,46,0,19,37,10,66,26,8,34,100
03/06/2017,TUP,MS,ASO,CE,Federal Contract Tower,0,10,5,20,35,0,11,24,2,37,0,21,29,22,72,16,4,20,92
03/07/2017,TUP,MS,ASO,CE,Federal Contract Tower,1,9,9,16,35,0,5,23,2,30,1,14,32,18,65,10,8,18,83
03/08/2017,TUP,MS,ASO,CE,Federal Contract Tower,0,12,12,15,39,0,5,33,18,56,0,17,45,33,95,76,0,76,171
03/09/2017,TUP,MS,ASO,CE,Federal Contract Tower,0,12,10,10,32,0,5,44,6,55,0,17,54,16,87,56,0,56,143
03/10/2017,TUP,MS,ASO,CE,Federal Contract Tower,0,10,25,24,59,0,10,48,0,58,0,20,73,24,117,36,0,36,153
03/11/2017,TUP,MS,ASO,CE,Federal Contract Tower,0,6,1,0,7,0,6,32,0,38,0,12,33,0,45,6,0,6,51
03/12/2017,TUP,MS,ASO,CE,Federal Contract Tower,0,8,10,2,20,0,4,45,0,49,0,12,55,2,69,50,0,50,119
03/13/2017,TUP,MS,ASO,CE,Federal Contract Tower,2,10,1,14,27,0,1,7,0,8,2,11,8,14,35,2,1,3,38
03/14/2017,TUP,MS,ASO,CE,Federal Contract Tower,0,9,12,6,27,0,0,14,24,38,0,9,26,30,65,12,30,42,107
03/15/2017,TUP,MS,ASO,CE,Federal Contract Tower,0,10,8,25,43,0,5,34,20,59,0,15,42,45,102,38,6,44,146
03/16/2017,TUP,MS,ASO,CE,Federal Contract Tower,0,11,19,30,60,0,3,43,25,71,0,14,62,55,131,22,30,52,183
03/17/2017,TUP,MS,ASO,CE,Federal Contract Tower,0,14,7,39,60,0,10,40,30,80,0,24,47,69,140,26,0,26,166
03/18/2017,TUP,MS,ASO,CE,Federal Contract Tower,1,6,10,0,17,0,12,34,21,67,1,18,44,21,84,50,18,68,152
03/19/2017,TUP,MS,ASO,CE,Federal Contract Tower,2,8,8,0,18,0,10,71,12,93,2,18,79,12,111,102,6,108,219
03/20/2017,TUP,MS,ASO,CE,Federal Contract Tower,0,11,10,14,35,0,5,66,10,81,0,16,76,24,116,70,30,100,216
03/21/2017,TUP,MS,ASO,CE,Federal Contract Tower,0,10,7,26,43,0,15,65,8,88,0,25,72,34,131,58,18,76,207
03/22/2017,TUP,MS,ASO,CE,Federal Contract Tower,0,15,21,6,42,0,7,69,18,94,0,22,90,24,136,64,4,68,204
03/23/2017,TUP,MS,ASO,CE,Federal Contract Tower,0,17,19,34,70,0,4,57,26,87,0,21,76,60,157,50,28,78,235
03/24/2017,TUP,MS,ASO,CE,Federal Contract Tower,0,10,6,18,34,0,12,55,0,67,0,22,61,18,101,74,0,74,175
03/25/2017,TUP,MS,ASO,CE,Federal Contract Tower,0,6,4,0,10,0,4,9,0,13,0,10,13,0,23,0,0,0,23
03/26/2017,TUP,MS,ASO,CE,Federal Contract Tower,0,8,11,12,31,0,6,52,0,58,0,14,63,12,89,72,0,72,161
03/27/2017,TUP,MS,ASO,CE,Federal Contract Tower,0,13,7,26,46,0,5,34,2,41,0,18,41,28,87,22,6,28,115
03/28/2017,TUP,MS,ASO,CE,Federal Contract Tower,0,8,15,36,59,0,14,61,10,85,0,22,76,46,144,52,18,70,214
03/29/2017,TUP,MS,ASO,CE,Federal Contract Tower,0,11,10,12,33,0,9,47,13,69,0,20,57,25,102,58,18,76,178
03/30/2017,TUP,MS,ASO,CE,Federal Contract Tower,0,9,6,4,19,0,5,28,8,41,0,14,34,12,60,0,0,0,60
03/31/2017,TUP,MS,ASO,CE,Federal Contract Tower,0,11,13,8,32,0,18,49,9,76,0,29,62,17,108,30,0,30,138
04/01/2017,TUP,MS,ASO,CE,Federal Contract Tower,0,6,11,0,17,0,10,46,3,59,0,16,57,3,76,74,0,74,150
04/02/2017,TUP,MS,ASO,CE,Federal Contract Tower,0,10,12,0,22,0,4,40,0,44,0,14,52,0,66,26,0,26,92
04/03/2017,TUP,MS,ASO,CE,Federal Contract Tower,0,11,6,14,31,0,0,25,2,27,0,11,31,16,58,36,0,36,94
04/04/2017,TUP,MS,ASO,CE,Federal Contract Tower,0,8,10,12,30,0,10,50,8,68,0,18,60,20,98,84,12,96,194
04/05/2017,TUP,MS,ASO,CE,Federal Contract Tower,0,10,13,24,47,0,10,35,0,45,0,20,48,24,92,28,0,28,120
04/06/2017,TUP,MS,ASO,CE,Federal Contract Tower,0,12,14,32,58,0,9,44,24,77,0,21,58,56,135,14,34,48,183
04/07/2017,TUP,MS,ASO,CE,Federal Contract Tower,0,12,6,32,50,0,8,47,25,80,0,20,53,57,130,18,0,18,148
04/08/2017,TUP,MS,ASO,CE,Federal Contract Tower,0,6,7,14,27,0,3,49,16,68,0,9,56,30,95,58,14,72,167
04/09/2017,TUP,MS,ASO,CE,Federal Contract Tower,0,9,14,0,23,0,7,54,6,67,0,16,68,6,90,80,6,86,176
04/10/2017,TUP,MS,ASO,CE,Federal Contract Tower,0,10,12,28,50,0,8,65,10,83,0,18,77,38,133,58,20,78,211
04/11/2017,TUP,MS,ASO,CE,Federal Contract Tower,0,10,26,22,58,0,12,44,12,68,0,22,70,34,126,46,18,64,190
04/12/2017,TUP,MS,ASO,CE,Federal Contract Tower,0,9,19,35,63,0,7,43,3,53,0,16,62,38,116,32,0,32,148
04/13/2017,TUP,MS,ASO,CE,Federal Contract Tower,0,12,20,22,54,0,9,49,5,63,0,21,69,27,117,56,0,56,173
04/14/2017,TUP,MS,ASO,CE,Federal Contract Tower,0,10,8,20,38,0,14,52,6,72,0,24,60,26,110,64,0,64,174
04/15/2017,TUP,MS,ASO,CE,Federal Contract Tower,0,6,1,4,11,0,14,49,0,63,0,20,50,4,74,58,0,58,132
04/16/2017,TUP,MS,ASO,CE,Federal Contract Tower,0,8,6,0,14,0,7,46,0,53,0,15,52,0,67,48,0,48,115
04/17/2017,TUP,MS,ASO,CE,Federal Contract Tower,0,13,6,18,37,0,8,49,7,64,0,21,55,25,101,48,20,68,169
04/18/2017,TUP,MS,ASO,CE,Federal Contract Tower,0,8,11,10,29,0,11,32,21,64,0,19,43,31,93,26,14,40,133
04/19/2017,TUP,MS,ASO,CE,Federal Contract Tower,0,8,9,39,56,0,8,41,14,63,0,16,50,53,119,28,0,28,147
04/20/2017,TUP,MS,ASO,CE,Federal Contract Tower,0,17,12,17,46,0,7,47,22,76,0,24,59,39,122,34,34,68,190
04/21/2017,TUP,MS,ASO,CE,Federal Contract Tower,0,12,18,8,38,0,12,43,16,71,0,24,61,24,109,44,4,48,157
04/22/2017,TUP,MS,ASO,CE,Federal Contract Tower,0,6,6,0,12,0,8,28,0,36,0,14,34,0,48,26,0,26,74
04/23/2017,TUP,MS,ASO,CE,Federal Contract Tower,0,8,7,4,19,0,6,12,0,18,0,14,19,4,37,0,0,0,37
04/24/2017,TUP,MS,ASO,CE,Federal Contract Tower,0,10,18,20,48,0,3,20,0,23,0,13,38,20,71,18,0,18,89
04/25/2017,TUP,MS,ASO,CE,Federal Contract Tower,0,10,27,24,61,0,8,58,6,72,0,18,85,30,133,66,12,78,211
04/26/2017,TUP,MS,ASO,CE,Federal Contract Tower,1,12,14,4,31,0,9,45,15,69,1,21,59,19,100,26,2,28,128
04/27/2017,TUP,MS,ASO,CE,Federal Contract Tower,0,10,17,23,50,0,5,86,12,103,0,15,103,35,153,58,50,108,261
04/28/2017,TUP,MS,ASO,CE,Federal Contract Tower,0,16,9,16,41,0,6,28,0,34,0,22,37,16,75,30,0,30,105
04/29/2017,TUP,MS,ASO,CE,Federal Contract Tower,0,6,6,2,14,0,7,36,0,43,0,13,42,2,57,26,0,26,83
04/30/2017,TUP,MS,ASO,CE,Federal Contract Tower,0,8,2,0,10,0,4,14,0,18,0,12,16,0,28,0,0,0,28
05/01/2017,TUP,MS,ASO,CE,Federal Contract Tower,0,10,6,10,26,0,8,42,4,54,0,18,48,14,80,36,12,48,128
05/02/2017,TUP,MS,ASO,CE,Federal Contract Tower,0,13,11,20,44,0,7,70,14,91,0,20,81,34,135,34,42,76,211
05/03/2017,TUP,MS,ASO,CE,Federal Contract Tower,0,8,15,14,37,0,9,74,12,95,0,17,89,26,132,38,34,72,204
05/04/2017,TUP,MS,ASO,CE,Federal Contract Tower,0,12,12,0,24,0,3,14,3,20,0,15,26,3,44,0,0,0,44
05/05/2017,TUP,MS,ASO,CE,Federal Contract Tower,0,14,11,34,59,0,6,55,13,74,0,20,66,47,133,54,0,54,187
05/06/2017,TUP,MS,ASO,CE,Federal Contract Tower,0,4,10,0,14,0,8,40,27,75,0,12,50,27,89,34,18,52,141
05/07/2017,TUP,MS,ASO,CE,Federal Contract Tower,0,11,5,4,20,0,15,65,18,98,0,26,70,22,118,70,0,70,188
05/08/2017,TUP,MS,ASO,CE,Federal Contract Tower,0,10,7,27,44,0,3,78,15,96,0,13,85,42,140,68,42,110,250
05/09/2017,TUP,MS,ASO,CE,Federal Contract Tower,0,10,18,22,50,0,7,63,8,78,0,17,81,30,128,78,10,88,216
05/10/2017,TUP,MS,ASO,CE,Federal Contract Tower,0,8,10,24,42,0,6,52,8,66,0,14,62,32,108,74,16,90,198
05/11/2017,TUP,MS,ASO,CE,Federal Contract Tower,0,13,13,22,48,0,5,61,14,80,0,18,74,36,128,66,6,72,200
05/12/2017,TUP,MS,ASO,CE,Federal Contract Tower,0,10,12,4,26,0,3,36,2,41,0,13,48,6,67,40,8,48,115
05/13/2017,TUP,MS,ASO,CE,Federal Contract Tower,0,6,4,8,18,0,6,32,0,38,0,12,36,8,56,40,0,40,96
05/14/2017,TUP,MS,ASO,CE,Federal Contract Tower,0,10,8,4,22,0,7,55,0,62,0,17,63,4,84,70,0,70,154
05/15/2017,TUP,MS,ASO,CE,Federal Contract Tower,0,10,9,16,35,0,8,68,10,86,0,18,77,26,121,68,30,98,219
05/16/2017,TUP,MS,ASO,CE,Federal Contract Tower,0,8,10,12,30,0,10,51,24,85,0,18,61,36,115,50,44,94,209
05/17/2017,TUP,MS,ASO,CE,Federal Contract Tower,0,14,14,28,56,0,23,44,6,73,0,37,58,34,129,22,6,28,157
05/18/2017,TUP,MS,ASO,CE,Federal Contract Tower,0,10,13,31,54,0,5,41,26,72,0,15,54,57,126,26,32,58,184
05/19/2017,TUP,MS,ASO,CE,Federal Contract Tower,0,13,7,32,52,0,9,54,28,91,0,22,61,60,143,54,34,88,231
05/20/2017,TUP,MS,ASO,CE,Federal Contract Tower,0,4,5,0,9,0,8,41,12,61,0,12,46,12,70,18,14,32,102
05/21/2017,TUP,MS,ASO,CE,Federal Contract Tower,0,8,6,2,16,0,11,38,12,61,0,19,44,14,77,48,16,64,141
05/22/2017,TUP,MS,ASO,CE,Federal Contract Tower,0,11,10,44,65,0,1,58,6,65,0,12,68,50,130,46,26,72,202
05/23/2017,TUP,MS,ASO,CE,Federal Contract Tower,1,8,13,34,56,0,4,32,8,44,1,12,45,42,100,44,34,78,178
05/24/2017,TUP,MS,ASO,CE,Federal Contract Tower,0,10,16,22,48,0,5,40,2,47,0,15,56,24,95,42,6,48,143
05/25/2017,TUP,MS,ASO,CE,Federal Contract Tower,0,10,13,16,39,0,8,67,38,113,0,18,80,54,152,36,112,148,300
05/26/2017,TUP,MS,ASO,CE,Federal Contract Tower,0,11,19,0,30,0,20,49,8,77,0,31,68,8,107,72,0,72,179
05/27/2017,TUP,MS,ASO,CE,Federal Contract Tower,0,8,8,0,16,0,4,36,0,40,0,12,44,0,56,40,0,40,96
05/28/2017,TUP,MS,ASO,CE,Federal Contract Tower,0,2,8,2,12,0,6,45,0,51,0,8,53,2,63,32,0,32,95
05/29/2017,TUP,MS,ASO,CE,Federal Contract Tower,0,9,4,0,13,0,9,40,0,49,0,18,44,0,62,46,0,46,108
05/30/2017,TUP,MS,ASO,CE,Federal Contract Tower,0,8,11,19,38,0,10,68,13,91,0,18,79,32,129,74,50,124,253
05/31/2017,TUP,MS,ASO,CE,Federal Contract Tower,0,8,12,44,64,0,11,61,13,85,0,19,73,57,149,56,0,56,205
06/01/2017,TUP,MS,ASO,CE,Federal Contract Tower,0,11,16,38,65,0,7,46,8,61,0,18,62,46,126,50,14,64,190
06/02/2017,TUP,MS,ASO,CE,Federal Contract Tower,0,10,6,14,30,0,4,16,0,20,0,14,22,14,50,0,0,0,50
06/03/2017,TUP,MS,ASO,CE,Federal Contract Tower,0,6,5,2,13,0,10,47,0,57,0,16,52,2,70,80,0,80,150
06/04/2017,TUP,MS,ASO,CE,Federal Contract Tower,0,8,3,0,11,0,7,55,0,62,0,15,58,0,73,54,0,54,127
06/05/2017,TUP,MS,ASO,CE,Federal Contract Tower,0,13,3,10,26,0,6,47,0,53,0,19,50,10,79,72,0,72,151
06/06/2017,TUP,MS,ASO,CE,Federal Contract Tower,0,10,8,20,38,0,7,44,7,58,0,17,52,27,96,54,0,54,150
06/07/2017,TUP,MS,ASO,CE,Federal Contract Tower,0,11,22,30,63,0,6,48,14,68,0,17,70,44,131,56,24,80,211
06/08/2017,TUP,MS,ASO,CE,Federal Contract Tower,0,10,25,20,55,0,6,59,20,85,0,16,84,40,140,100,60,160,300
06/09/2017,TUP,MS,ASO,CE,Federal Contract Tower,0,11,9,28,48,0,10,46,18,74,0,21,55,46,122,48,18,66,188
06/10/2017,TUP,MS,ASO,CE,Federal Contract Tower,0,5,8,12,25,0,8,46,0,54,0,13,54,12,79,84,0,84,163
06/11/2017,TUP,MS,ASO,CE,Federal Contract Tower,0,8,9,6,23,0,8,68,0,76,0,16,77,6,99,68,0,68,167
06/12/2017,TUP,MS,ASO,CE,Federal Contract Tower,0,13,14,22,49,0,5,68,8,81,0,18,82,30,130,74,30,104,234
06/13/2017,TUP,MS,ASO,CE,Federal Contract Tower,0,11,16,31,58,0,14,96,8,118,0,25,112,39,176,70,0,70,246
06/14/2017,TUP,MS,ASO,CE,Federal Contract Tower,0,7,12,22,41,0,5,48,2,55,0,12,60,24,96,30,0,30,126
06/15/2017,TUP,MS,ASO,CE,Federal Contract Tower,0,7,7,17,31,0,5,38,0,43,0,12,45,17,74,60,0,60,134
06/16/2017,TUP,MS,ASO,CE,Federal Contract Tower,0,13,16,20,49,0,11,53,6,70,0,24,69,26,119,66,40,106,225
06/17/2017,TUP,MS,ASO,CE,Federal Contract Tower,0,5,5,2,12,0,10,44,0,54,0,15,49,2,66,68,0,68,134
06/18/2017,TUP,MS,ASO,CE,Federal Contract Tower,0,9,5,2,16,0,5,34,2,41,0,14,39,4,57,38,6,44,101
06/19/2017,TUP,MS,ASO,CE,Federal Contract Tower,0,10,5,54,69,0,2,42,8,52,0,12,47,62,121,38,34,72,193
06/20/2017,TUP,MS,ASO,CE,Federal Contract Tower,0,8,10,38,56,0,9,66,2,77,0,17,76,40,133,100,10,110,243
06/21/2017,TUP,MS,ASO,CE,Federal Contract Tower,0,10,13,38,61,0,2,19,4,25,0,12,32,42,86,0,0,0,86
06/22/2017,TUP,MS,ASO,CE,Federal Contract Tower,0,10,10,42,62,0,5,29,4,38,0,15,39,46,100,6,0,6,106
06/23/2017,TUP,MS,ASO,CE,Federal Contract Tower,0,10,8,22,40,0,0,0,0,0,0,10,8,22,40,0,0,0,40
06/24/2017,TUP,MS,ASO,CE,Federal Contract Tower,0,6,5,8,19,0,8,45,0,53,0,14,50,8,72,43,0,43,115
06/25/2017,TUP,MS,ASO,CE,Federal Contract Tower,0,8,0,4,12,0,6,61,0,67,0,14,61,4,79,44,0,44,123
06/26/2017,TUP,MS,ASO,CE,Federal Contract Tower,0,10,10,40,60,0,5,76,8,89,0,15,86,48,149,96,20,116,265
06/28/2017,TUP,MS,ASO,CE,Federal Contract Tower,0,8,9,19,36,0,6,43,12,61,0,14,52,31,97,42,14,56,153
06/29/2017,TUP,MS,ASO,CE,Federal Contract Tower,0,10,19,17,46,0,4,44,22,70,0,14,63,39,116,20,52,72,188
06/30/2017,TUP,MS,ASO,CE,Federal Contract Tower,0,10,11,39,60,0,7,45,11,63,0,17,56,50,123,67,29,96,219
07/01/2017,TUP,MS,ASO,CE,Federal Contract Tower,0,6,10,4,20,0,6,43,4,53,0,12,53,8,73,66,16,82,155
07/02/2017,TUP,MS,ASO,CE,Federal Contract Tower,0,9,3,0,12,0,6,42,0,48,0,15,45,0,60,12,0,12,72
07/03/2017,TUP,MS,ASO,CE,Federal Contract Tower,0,11,3,0,14,0,2,26,0,28,0,13,29,0,42,26,0,26,68
07/04/2017,TUP,MS,ASO,CE,Federal Contract Tower,0,8,5,0,13,0,6,60,0,66,0,14,65,0,79,70,0,70,149
07/05/2017,TUP,MS,ASO,CE,Federal Contract Tower,0,8,12,2,22,0,7,42,12,61,0,15,54,14,83,66,10,76,159
07/06/2017,TUP,MS,ASO,CE,Federal Contract Tower,0,10,5,4,19,0,5,48,30,83,0,15,53,34,102,36,30,66,168
07/07/2017,TUP,MS,ASO,CE,Federal Contract Tower,0,11,13,26,50,0,6,52,26,84,0,17,65,52,134,82,23,105,239
07/08/2017,TUP,MS,ASO,CE,Federal Contract Tower,0,6,10,0,16,0,11,65,30,106,0,17,75,30,122,86,36,122,244
07/09/2017,TUP,MS,ASO,CE,Federal Contract Tower,0,9,7,0,16,0,8,56,12,76,0,17,63,12,92,70,20,90,182
07/10/2017,TUP,MS,ASO,CE,Federal Contract Tower,0,10,8,14,32,0,5,66,7,78,0,15,74,21,110,76,34,110,220
07/11/2017,TUP,MS,ASO,CE,Federal Contract Tower,0,8,6,16,30,0,14,47,6,67,0,22,53,22,97,56,6,62,159
07/12/2017,TUP,MS,ASO,CE,Federal Contract Tower,0,11,11,18,40,0,6,48,16,70,0,17,59,34,110,42,6,48,158
07/13/2017,TUP,MS,ASO,CE,Federal Contract Tower,0,14,13,14,41,0,1,41,28,70,0,15,54,42,111,26,30,56,167
07/14/2017,TUP,MS,ASO,CE,Federal Contract Tower,0,10,8,32,50,0,11,52,21,84,0,21,60,53,134,64,24,88,222
07/15/2017,TUP,MS,ASO,CE,Federal Contract Tower,0,6,8,8,22,0,5,42,0,47,0,11,50,8,69,48,0,48,117
07/16/2017,TUP,MS,ASO,CE,Federal Contract Tower,0,8,1,5,14,0,5,55,7,67,0,13,56,12,81,56,0,56,137
07/17/2017,TUP,MS,ASO,CE,Federal Contract Tower,0,10,5,22,37,0,5,74,8,87,0,15,79,30,124,92,20,112,236
07/18/2017,TUP,MS,ASO,CE,Federal Contract Tower,0,8,10,24,42,0,5,76,7,88,0,13,86,31,130,98,18,116,246
07/19/2017,TUP,MS,ASO,CE,Federal Contract Tower,0,12,8,22,42,0,5,51,8,64,0,17,59,30,106,42,10,52,158
07/20/2017,TUP,MS,ASO,CE,Federal Contract Tower,0,13,10,22,45,0,3,48,26,77,0,16,58,48,122,34,28,62,184
07/21/2017,TUP,MS,ASO,CE,Federal Contract Tower,0,10,7,30,47,0,7,64,10,81,0,17,71,40,128,80,20,100,228
07/22/2017,TUP,MS,ASO,CE,Federal Contract Tower,0,6,14,17,37,0,4,66,4,74,0,10,80,21,111,84,12,96,207
07/23/2017,TUP,MS,ASO,CE,Federal Contract Tower,0,9,11,4,24,0,10,62,0,72,0,19,73,4,96,90,0,90,186
07/24/2017,TUP,MS,ASO,CE,Federal Contract Tower,0,9,12,18,39,0,5,36,0,41,0,14,48,18,80,30,0,30,110
07/25/2017,TUP,MS,ASO,CE,Federal Contract Tower,0,11,14,25,50,0,6,76,14,96,0,17,90,39,146,70,54,124,270
07/26/2017,TUP,MS,ASO,CE,Federal Contract Tower,0,8,16,24,48,0,5,75,13,93,0,13,91,37,141,62,32,94,235
07/27/2017,TUP,MS,ASO,CE,Federal Contract Tower,0,9,18,30,57,0,5,62,8,75,0,14,80,38,132,44,18,62,194
07/28/2017,TUP,MS,ASO,CE,Federal Contract Tower,0,10,2,4,16,0,6,59,8,73,0,16,61,12,89,60,18,78,167
07/29/2017,TUP,MS,ASO,CE,Federal Contract Tower,0,6,5,6,17,0,7,55,0,62,0,13,60,6,79,90,0,90,169
07/30/2017,TUP,MS,ASO,CE,Federal Contract Tower,0,8,10,2,20,0,12,69,0,81,0,20,79,2,101,88,0,88,189
07/31/2017,TUP,MS,ASO,CE,Federal Contract Tower,0,10,10,12,32,0,4,60,7,71,0,14,70,19,103,80,20,100,203
08/01/2017,TUP,MS,ASO,CE,Federal Contract Tower,0,11,17,28,56,0,3,66,2,71,0,14,83,30,127,76,0,76,203
08/02/2017,TUP,MS,ASO,CE,Federal Contract Tower,0,8,12,25,45,0,9,61,13,83,0,17,73,38,128,62,42,104,232
08/03/2017,TUP,MS,ASO,CE,Federal Contract Tower,0,12,11,25,48,0,8,55,20,83,0,20,66,45,131,70,16,86,217
08/04/2017,TUP,MS,ASO,CE,Federal Contract Tower,0,12,9,42,63,0,8,78,22,108,0,20,87,64,171,92,64,156,327
08/05/2017,TUP,MS,ASO,CE,Federal Contract Tower,0,6,5,2,13,0,8,62,13,83,0,14,67,15,96,72,42,114,210
08/06/2017,TUP,MS,ASO,CE,Federal Contract Tower,0,10,8,0,18,0,10,62,4,76,0,20,70,4,94,58,0,58,152
08/07/2017,TUP,MS,ASO,CE,Federal Contract Tower,0,9,7,0,16,0,1,9,0,10,0,10,16,0,26,0,0,0,26
08/08/2017,TUP,MS,ASO,CE,Federal Contract Tower,0,10,9,10,29,0,2,35,12,49,0,12,44,22,78,38,42,80,158
08/09/2017,TUP,MS,ASO,CE,Federal Contract Tower,0,10,13,16,39,0,4,61,6,71,0,14,74,22,110,54,30,84,194
08/10/2017,TUP,MS,ASO,CE,Federal Contract Tower,0,11,8,41,60,0,3,40,20,63,0,14,48,61,123,36,36,72,195
08/11/2017,TUP,MS,ASO,CE,Federal Contract Tower,0,14,21,24,59,0,8,28,16,52,0,22,49,40,111,22,34,56,167
08/12/2017,TUP,MS,ASO,CE,Federal Contract Tower,0,6,3,7,16,0,11,43,22,76,0,17,46,29,92,58,28,86,178
08/13/2017,TUP,MS,ASO,CE,Federal Contract Tower,0,8,1,11,20,0,12,53,10,75,0,20,54,21,95,80,14,94,189
08/14/2017,TUP,MS,ASO,CE,Federal Contract Tower,0,10,3,4,17,0,7,40,4,51,0,17,43,8,68,34,12,46,114
08/15/2017,TUP,MS,ASO,CE,Federal Contract Tower,0,8,12,19,39,0,4,36,7,47,0,12,48,26,86,34,22,56,142
08/16/2017,TUP,MS,ASO,CE,Federal Contract Tower,0,10,13,24,47,0,2,24,22,48,0,12,37,46,95,20,36,56,151
08/17/2017,TUP,MS,ASO,CE,Federal Contract Tower,0,11,7,20,38,0,9,36,44,89,0,20,43,64,127,30,60,90,217
08/18/2017,TUP,MS,ASO,CE,Federal Contract Tower,0,11,13,16,40,0,11,49,3,63,0,22,62,19,103,60,6,66,169
08/19/2017,TUP,MS,ASO,CE,Federal Contract Tower,0,6,6,6,18,0,11,50,2,63,0,17,56,8,81,47,8,55,136
08/20/2017,TUP,MS,ASO,CE,Federal Contract Tower,0,8,2,0,10,0,6,43,0,49,0,14,45,0,59,52,0,52,111
08/21/2017,TUP,MS,ASO,CE,Federal Contract Tower,0,10,9,20,39,0,9,70,6,85,0,19,79,26,124,58,26,84,208
08/22/2017,TUP,MS,ASO,CE,Federal Contract Tower,0,9,4,9,22,0,6,69,4,79,0,15,73,13,101,56,8,64,165
08/23/2017,TUP,MS,ASO,CE,Federal Contract Tower,0,10,17,17,44,0,7,67,10,84,0,17,84,27,128,40,24,64,192
08/24/2017,TUP,MS,ASO,CE,Federal Contract Tower,0,12,14,25,51,0,6,82,28,116,0,18,96,53,167,64,56,120,287
08/25/2017,TUP,MS,ASO,CE,Federal Contract Tower,0,10,8,8,26,0,11,72,30,113,0,21,80,38,139,74,66,140,279
08/26/2017,TUP,MS,ASO,CE,Federal Contract Tower,0,6,6,19,31,0,13,44,24,81,0,19,50,43,112,54,46,100,212
08/27/2017,TUP,MS,ASO,CE,Federal Contract Tower,0,8,4,40,52,0,13,61,18,92,0,21,65,58,144,66,20,86,230
08/28/2017,TUP,MS,ASO,CE,Federal Contract Tower,0,10,4,38,52,0,8,56,4,68,0,18,60,42,120,64,0,64,184
08/29/2017,TUP,MS,ASO,CE,Federal Contract Tower,0,8,6,60,74,0,7,68,22,97,0,15,74,82,171,56,32,88,259
08/30/2017,TUP,MS,ASO,CE,Federal Contract Tower,0,9,13,44,66,0,0,2,1,3,0,9,15,45,69,0,0,0,69
08/31/2017,TUP,MS,ASO,CE,Federal Contract Tower,0,10,2,4,16,0,0,0,0,0,0,10,2,4,16,0,0,0,16
09/01/2017,TUP,MS,ASO,CE,Federal Contract Tower,2,12,5,0,19,0,13,65,10,88,2,25,70,10,107,74,22,96,203
09/02/2017,TUP,MS,ASO,CE,Federal Contract Tower,0,6,7,0,13,0,3,34,0,37,0,9,41,0,50,36,0,36,86
09/03/2017,TUP,MS,ASO,CE,Federal Contract Tower,0,6,6,0,12,0,6,62,0,68,0,12,68,0,80,80,0,80,160
09/04/2017,TUP,MS,ASO,CE,Federal Contract Tower,0,11,12,0,23,0,8,61,6,75,0,19,73,6,98,68,6,74,172
09/05/2017,TUP,MS,ASO,CE,Federal Contract Tower,0,10,14,22,46,0,5,45,4,54,0,15,59,26,100,40,14,54,154
09/06/2017,TUP,MS,ASO,CE,Federal Contract Tower,0,8,13,36,57,0,6,66,18,90,0,14,79,54,147,66,30,96,243
09/07/2017,TUP,MS,ASO,CE,Federal Contract Tower,0,15,16,31,62,0,9,68,20,97,0,24,84,51,159,70,48,118,277
09/08/2017,TUP,MS,ASO,CE,Federal Contract Tower,0,11,14,20,45,0,9,75,17,101,0,20,89,37,146,68,38,106,252
09/09/2017,TUP,MS,ASO,CE,Federal Contract Tower,0,8,1,18,27,0,7,57,0,64,0,15,58,18,91,59,0,59,150
09/10/2017,TUP,MS,ASO,CE,Federal Contract Tower,0,8,3,11,22,0,10,54,12,76,0,18,57,23,98,62,52,114,212
09/11/2017,TUP,MS,ASO,CE,Federal Contract Tower,0,7,7,49,63,0,12,55,51,118,0,19,62,100,181,38,20,58,239
09/12/2017,TUP,MS,ASO,CE,Federal Contract Tower,0,10,13,24,47,0,0,0,0,0,0,10,13,24,47,0,0,0,47
09/13/2017,TUP,MS,ASO,CE,Federal Contract Tower,0,8,9,37,54,0,5,27,3,35,0,13,36,40,89,14,4,18,107
09/14/2017,TUP,MS,ASO,CE,Federal Contract Tower,2,11,4,16,33,0,5,67,38,110,2,16,71,54,143,58,22,80,223
09/15/2017,TUP,MS,ASO,CE,Federal Contract Tower,2,8,17,20,47,0,9,78,10,97,2,17,95,30,144,64,22,86,230
09/16/2017,TUP,MS,ASO,CE,Federal Contract Tower,0,6,15,15,36,0,12,54,2,68,0,18,69,17,104,66,0,66,170
09/17/2017,TUP,MS,ASO,CE,Federal Contract Tower,4,8,9,8,29,0,13,49,0,62,4,21,58,8,91,56,0,56,147
09/18/2017,TUP,MS,ASO,CE,Federal Contract Tower,0,10,16,30,56,0,6,68,8,82,0,16,84,38,138,70,6,76,214
09/19/2017,TUP,MS,ASO,CE,Federal Contract Tower,0,8,13,39,60,0,11,68,6,85,0,19,81,45,145,76,22,98,243
09/20/2017,TUP,MS,ASO,CE,Federal Contract Tower,0,11,14,44,69,0,1,60,8,69,0,12,74,52,138,58,4,62,200
09/21/2017,TUP,MS,ASO,CE,Federal Contract Tower,0,10,7,36,53,0,7,69,26,102,0,17,76,62,155,52,50,102,257
09/22/2017,TUP,MS,ASO,CE,Federal Contract Tower,0,11,15,44,70,0,8,64,17,89,0,19,79,61,159,60,34,94,253
09/23/2017,TUP,MS,ASO,CE,Federal Contract Tower,0,6,3,4,13,0,10,46,17,73,0,16,49,21,86,64,34,98,184
09/24/2017,TUP,MS,ASO,CE,Federal Contract Tower,0,8,9,0,17,0,12,63,12,87,0,20,72,12,104,82,14,96,200
09/25/2017,TUP,MS,ASO,CE,Federal Contract Tower,0,10,14,44,68,0,14,68,0,82,0,24,82,44,150,94,0,94,244
09/26/2017,TUP,MS,ASO,CE,Federal Contract Tower,0,8,14,40,62,0,2,49,2,53,0,10,63,42,115,38,0,38,153
09/27/2017,TUP,MS,ASO,CE,Federal Contract Tower,0,6,18,8,32,0,5,61,22,88,0,11,79,30,120,50,40,90,210
09/28/2017,TUP,MS,ASO,CE,Federal Contract Tower,0,10,16,19,45,0,6,79,18,103,0,16,95,37,148,52,32,84,232
09/29/2017,TUP,MS,ASO,CE,Federal Contract Tower,2,10,8,13,33,0,6,81,17,104,2,16,89,30,137,70,38,108,245
09/30/2017,TUP,MS,ASO,CE,Federal Contract Tower,0,6,6,0,12,0,12,54,20,86,0,18,60,20,98,76,44,120,218
10/01/2017,TUP,MS,ASO,CE,Federal Contract Tower,0,8,14,0,22,0,8,61,1,70,0,16,75,1,92,78,0,78,170
10/02/2017,TUP,MS,ASO,CE,Federal Contract Tower,0,9,14,4,27,0,11,66,12,89,0,20,80,16,116,86,38,124,240
10/03/2017,TUP,MS,ASO,CE,Federal Contract Tower,0,8,10,4,22,0,4,54,10,68,0,12,64,14,90,58,16,74,164
10/04/2017,TUP,MS,ASO,CE,Federal Contract Tower,0,8,15,8,31,0,7,74,22,103,0,15,89,30,134,46,44,90,224
10/05/2017,TUP,MS,ASO,CE,Federal Contract Tower,0,11,13,26,50,0,9,68,6,83,0,20,81,32,133,86,12,98,231
10/06/2017,TUP,MS,ASO,CE,Federal Contract Tower,7,9,19,14,49,0,11,64,5,80,7,20,83,19,129,84,2,86,215
10/07/2017,TUP,MS,ASO,CE,Federal Contract Tower,6,6,4,0,16,0,10,56,2,68,6,16,60,2,84,58,6,64,148
10/08/2017,TUP,MS,ASO,CE,Federal Contract Tower,0,6,18,0,24,0,13,57,0,70,0,19,75,0,94,70,0,70,164
10/09/2017,TUP,MS,ASO,CE,Federal Contract Tower,0,9,7,4,20,0,5,31,4,40,0,14,38,8,60,26,6,32,92
10/10/2017,TUP,MS,ASO,CE,Federal Contract Tower,0,9,17,22,48,0,1,34,12,47,0,10,51,34,95,24,38,62,157
10/11/2017,TUP,MS,ASO,CE,Federal Contract Tower,0,9,9,44,62,0,1,48,18,67,0,10,57,62,129,38,44,82,211
10/12/2017,TUP,MS,ASO,CE,Federal Contract Tower,0,11,13,21,45,0,5,45,14,64,0,16,58,35,109,48,40,88,197
10/13/2017,TUP,MS,ASO,CE,Federal Contract Tower,0,12,10,14,36,0,4,71,12,87,0,16,81,26,123,96,32,128,251
10/14/2017,TUP,MS,ASO,CE,Federal Contract Tower,0,6,6,0,12,0,12,59,8,79,0,18,65,8,91,60,12,72,163
10/15/2017,TUP,MS,ASO,CE,Federal Contract Tower,0,8,4,1,13,0,8,50,5,63,0,16,54,6,76,62,8,70,146
10/16/2017,TUP,MS,ASO,CE,Federal Contract Tower,0,10,9,32,51,0,8,73,12,93,0,18,82,44,144,70,26,96,240
10/17/2017,TUP,MS,ASO,CE,Federal Contract Tower,0,10,7,20,37,0,10,73,10,93,0,20,80,30,130,66,28,94,224
10/18/2017,TUP,MS,ASO,CE,Federal Contract Tower,0,13,7,33,53,0,5,73,17,95,0,18,80,50,148,66,30,96,244
10/19/2017,TUP,MS,ASO,CE,Federal Contract Tower,0,10,11,36,57,0,4,67,20,91,0,14,78,56,148,70,50,120,268
10/20/2017,TUP,MS,ASO,CE,Federal Contract Tower,0,10,8,35,53,0,9,67,40,116,0,19,75,75,169,64,84,148,317
10/21/2017,TUP,MS,ASO,CE,Federal Contract Tower,0,6,5,3,14,0,12,54,16,82,0,18,59,19,96,64,38,102,198
10/22/2017,TUP,MS,ASO,CE,Federal Contract Tower,0,8,5,0,13,0,4,37,6,47,0,12,42,6,60,32,6,38,98
10/23/2017,TUP,MS,ASO,CE,Federal Contract Tower,0,10,6,18,34,0,7,39,0,46,0,17,45,18,80,56,0,56,136
10/24/2017,TUP,MS,ASO,CE,Federal Contract Tower,0,8,9,39,56,0,3,63,14,80,0,11,72,53,136,54,30,84,220
10/25/2017,TUP,MS,ASO,CE,Federal Contract Tower,0,8,20,24,52,0,5,50,18,73,0,13,70,42,125,58,24,82,207
10/26/2017,TUP,MS,ASO,CE,Federal Contract Tower,0,10,16,14,40,0,2,64,18,84,0,12,80,32,124,46,42,88,212
10/27/2017,TUP,MS,ASO,CE,Federal Contract Tower,0,10,17,10,37,0,6,41,7,54,0,16,58,17,91,20,12,32,123
10/28/2017,TUP,MS,ASO,CE,Federal Contract Tower,2,7,2,0,11,0,8,49,3,60,2,15,51,3,71,70,12,82,153
10/29/2017,TUP,MS,ASO,CE,Federal Contract Tower,0,8,11,6,25,0,6,53,4,63,0,14,64,10,88,64,16,80,168
10/30/2017,TUP,MS,ASO,CE,Federal Contract Tower,0,10,14,10,34,0,7,62,0,69,0,17,76,10,103,70,0,70,173
10/31/2017,TUP,MS,ASO,CE,Federal Contract Tower,0,9,11,14,34,0,7,63,4,74,0,16,74,18,108,70,10,80,188
11/01/2017,TUP,MS,ASO,CE,Federal Contract Tower,0,8,21,24,53,0,15,42,2,59,0,23,63,26,112,46,2,48,160
11/02/2017,TUP,MS,ASO,CE,Federal Contract Tower,0,12,15,21,48,0,3,37,8,48,0,15,52,29,96,28,14,42,138
11/03/2017,TUP,MS,ASO,CE,Federal Contract Tower,4,10,17,9,40,0,0,47,6,53,4,10,64,15,93,80,0,80,173
11/04/2017,TUP,MS,ASO,CE,Federal Contract Tower,1,8,10,2,21,0,2,49,2,53,1,10,59,4,74,60,0,60,134
11/05/2017,TUP,MS,ASO,CE,Federal Contract Tower,0,10,12,4,26,0,2,27,1,30,0,12,39,5,56,30,0,30,86
11/06/2017,TUP,MS,ASO,CE,Federal Contract Tower,0,15,12,16,43,0,1,35,6,42,0,16,47,22,85,28,0,28,113
11/07/2017,TUP,MS,ASO,CE,Federal Contract Tower,0,8,15,38,61,0,7,48,0,55,0,15,63,38,116,68,0,68,184
11/08/2017,TUP,MS,ASO,CE,Federal Contract Tower,0,10,12,36,58,0,1,12,0,13,0,11,24,36,71,12,0,12,83
11/09/2017,TUP,MS,ASO,CE,Federal Contract Tower,0,13,15,32,60,0,5,60,14,79,0,18,75,46,139,42,24,66,205
11/10/2017,TUP,MS,ASO,CE,Federal Contract Tower,0,9,6,1,16,0,11,55,8,74,0,20,61,9,90,65,8,73,163
11/11/2017,TUP,MS,ASO,CE,Federal Contract Tower,0,6,13,0,19,0,11,61,0,72,0,17,74,0,91,82,0,82,173
11/12/2017,TUP,MS,ASO,CE,Federal Contract Tower,0,8,16,0,24,0,11,51,0,62,0,19,67,0,86,70,0,70,156
11/13/2017,TUP,MS,ASO,CE,Federal Contract Tower,1,12,15,26,54,0,8,63,7,78,1,20,78,33,132,60,28,88,220
11/14/2017,TUP,MS,ASO,CE,Federal Contract Tower,0,8,14,14,36,0,8,81,10,99,0,16,95,24,135,70,32,102,237
11/15/2017,TUP,MS,ASO,CE,Federal Contract Tower,0,11,13,26,50,0,4,50,23,77,0,15,63,49,127,40,42,82,209
11/16/2017,TUP,MS,ASO,CE,Federal Contract Tower,0,11,14,29,54,0,2,48,30,80,0,13,62,59,134,40,38,78,212
11/17/2017,TUP,MS,ASO,CE,Federal Contract Tower,0,12,7,13,32,0,10,66,23,99,0,22,73,36,131,56,62,118,249
11/18/2017,TUP,MS,ASO,CE,Federal Contract Tower,0,7,8,4,19,0,8,55,11,74,0,15,63,15,93,40,18,58,151
11/19/2017,TUP,MS,ASO,CE,Federal Contract Tower,0,8,12,11,31,0,10,60,10,80,0,18,72,21,111,60,18,78,189
11/20/2017,TUP,MS,ASO,CE,Federal Contract Tower,0,11,7,12,30,0,4,53,7,64,0,15,60,19,94,42,18,60,154
11/21/2017,TUP,MS,ASO,CE,Federal Contract Tower,0,10,8,18,36,0,6,53,8,67,0,16,61,26,103,42,22,64,167
11/22/2017,TUP,MS,ASO,CE,Federal Contract Tower,0,8,4,14,26,0,1,38,6,45,0,9,42,20,71,28,12,40,111
11/23/2017,TUP,MS,ASO,CE,Federal Contract Tower,0,3,0,0,3,0,1,27,0,28,0,4,27,0,31,12,0,12,43
11/24/2017,TUP,MS,ASO,CE,Federal Contract Tower,0,10,2,0,12,0,7,32,0,39,0,17,34,0,51,22,0,22,73
11/25/2017,TUP,MS,ASO,CE,Federal Contract Tower,0,7,8,0,15,0,6,35,1,42,0,13,43,1,57,40,0,40,97
11/26/2017,TUP,MS,ASO,CE,Federal Contract Tower,0,7,10,0,17,0,12,55,0,67,0,19,65,0,84,48,0,48,132
11/27/2017,TUP,MS,ASO,CE,Federal Contract Tower,0,14,10,8,32,0,4,59,5,68,0,18,69,13,100,52,8,60,160
11/28/2017,TUP,MS,ASO,CE,Federal Contract Tower,0,10,13,28,51,0,3,58,20,81,0,13,71,48,132,52,40,92,224
11/29/2017,TUP,MS,ASO,CE,Federal Contract Tower,0,9,17,16,42,0,3,53,16,72,0,12,70,32,114,54,24,78,192
11/30/2017,TUP,MS,ASO,CE,Federal Contract Tower,0,11,7,23,41,0,3,50,26,79,0,14,57,49,120,40,40,80,200
12/01/2017,TUP,MS,ASO,CE,Federal Contract Tower,0,11,8,26,45,0,12,61,67,140,0,23,69,93,185,43,64,107,292
12/02/2017,TUP,MS,ASO,CE,Federal Contract Tower,0,6,9,1,16,0,8,50,1,59,0,14,59,2,75,34,0,34,109
12/03/2017,TUP,MS,ASO,CE,Federal Contract Tower,0,10,11,0,21,0,7,47,0,54,0,17,58,0,75,74,0,74,149
12/04/2017,TUP,MS,ASO,CE,Federal Contract Tower,0,12,16,35,63,0,0,26,17,43,0,12,42,52,106,2,28,30,136
12/05/2017,TUP,MS,ASO,CE,Federal Contract Tower,0,9,6,0,15,0,2,22,0,24,0,11,28,0,39,26,0,26,65
12/06/2017,TUP,MS,ASO,CE,Federal Contract Tower,0,11,4,29,44,0,3,37,34,74,0,14,41,63,118,28,38,66,184
12/07/2017,TUP,MS,ASO,CE,Federal Contract Tower,0,10,4,35,49,0,1,52,33,86,0,11,56,68,135,22,64,86,221
12/08/2017,TUP,MS,ASO,CE,Federal Contract Tower,0,10,10,29,49,0,2,38,23,63,0,12,48,52,112,36,34,70,182
12/09/2017,TUP,MS,ASO,CE,Federal Contract Tower,0,6,4,8,18,0,6,43,16,65,0,12,47,24,83,50,16,66,149
12/10/2017,TUP,MS,ASO,CE,Federal Contract Tower,0,8,3,0,11,0,5,50,6,61,0,13,53,6,72,44,2,46,118
12/11/2017,TUP,MS,ASO,CE,Federal Contract Tower,0,12,6,14,32,0,4,50,16,70,0,16,56,30,102,30,20,50,152
12/12/2017,TUP,MS,ASO,CE,Federal Contract Tower,0,10,8,11,29,0,4,53,12,69,0,14,61,23,98,40,26,66,164
12/13/2017,TUP,MS,ASO,CE,Federal Contract Tower,0,11,14,16,41,0,2,63,20,85,0,13,77,36,126,36,24,60,186
12/14/2017,TUP,MS,ASO,CE,Federal Contract Tower,0,12,9,16,37,0,6,62,30,98,0,18,71,46,135,60,38,98,233
12/15/2017,TUP,MS,ASO,CE,Federal Contract Tower,0,9,2,18,29,0,5,46,12,63,0,14,48,30,92,32,18,50,142
12/16/2017,TUP,MS,ASO,CE,Federal Contract Tower,0,5,3,2,10,0,6,43,2,51,0,11,46,4,61,52,0,52,113
12/17/2017,TUP,MS,ASO,CE,Federal Contract Tower,0,8,6,0,14,0,0,0,0,0,0,8,6,0,14,0,0,0,14
12/18/2017,TUP,MS,ASO,CE,Federal Contract Tower,0,11,11,17,39,0,1,23,2,26,0,12,34,19,65,26,2,28,93
12/19/2017,TUP,MS,ASO,CE,Federal Contract Tower,0,10,6,3,19,0,0,0,0,0,0,10,6,3,19,0,0,0,19
12/20/2017,TUP,MS,ASO,CE,Federal Contract Tower,1,10,1,10,22,0,0,0,0,0,1,10,1,10,22,0,0,0,22
12/21/2017,TUP,MS,ASO,CE,Federal Contract Tower,0,11,8,15,34,0,1,6,4,11,0,12,14,19,45,6,4,10,55
12/22/2017,TUP,MS,ASO,CE,Federal Contract Tower,0,9,3,8,20,0,0,3,0,3,0,9,6,8,23,0,0,0,23
12/23/2017,TUP,MS,ASO,CE,Federal Contract Tower,0,6,5,0,11,0,0,0,0,0,0,6,5,0,11,0,0,0,11
12/24/2017,TUP,MS,ASO,CE,Federal Contract Tower,0,7,4,0,11,0,0,3,0,3,0,7,7,0,14,0,0,0,14
12/25/2017,TUP,MS,ASO,CE,Federal Contract Tower,0,0,1,0,1,0,2,6,0,8,0,2,7,0,9,0,0,0,9
12/26/2017,TUP,MS,ASO,CE,Federal Contract Tower,0,9,5,0,14,0,8,44,0,52,0,17,49,0,66,46,0,46,112
12/27/2017,TUP,MS,ASO,CE,Federal Contract Tower,0,9,7,0,16,0,10,38,2,50,0,19,45,2,66,34,2,36,102
12/28/2017,TUP,MS,ASO,CE,Federal Contract Tower,0,8,6,0,14,0,9,51,0,60,0,17,57,0,74,48,0,48,122
12/29/2017,TUP,MS,ASO,CE,Federal Contract Tower,10,0,4,0,14,1,0,34,0,35,11,0,38,0,49,16,0,16,65
12/30/2017,TUP,MS,ASO,CE,Federal Contract Tower,0,6,5,0,11,0,4,37,0,41,0,10,42,0,52,37,0,37,89
12/31/2017,TUP,MS,ASO,CE,Federal Contract Tower,0,7,2,0,9,0,1,25,0,26,0,8,27,0,35,18,0,18,53
01/01/2018,TUP,MS,ASO,CE,Federal Contract Tower,0,8,6,0,14,0,4,28,0,32,0,12,34,0,46,28,0,28,74
01/02/2018,TUP,MS,ASO,CE,Federal Contract Tower,0,8,5,16,29,0,11,46,7,64,0,19,51,23,93,56,28,84,177
01/03/2018,TUP,MS,ASO,CE,Federal Contract Tower,0,10,7,26,43,0,9,54,8,71,0,19,61,34,114,48,18,66,180
01/04/2018,TUP,MS,ASO,CE,Federal Contract Tower,0,11,15,42,68,0,13,52,16,81,0,24,67,58,149,42,34,76,225
01/05/2018,TUP,MS,ASO,CE,Federal Contract Tower,0,8,9,19,36,0,6,50,9,65,0,14,59,28,101,67,30,97,198
01/06/2018,TUP,MS,ASO,CE,Federal Contract Tower,0,6,2,4,12,0,4,47,4,55,0,10,49,8,67,40,0,40,107
01/07/2018,TUP,MS,ASO,CE,Federal Contract Tower,0,2,5,0,7,0,2,35,16,53,0,4,40,16,60,22,0,22,82
01/08/2018,TUP,MS,ASO,CE,Federal Contract Tower,0,9,8,24,41,0,0,0,0,0,0,9,8,24,41,0,0,0,41
01/09/2018,TUP,MS,ASO,CE,Federal Contract Tower,0,12,7,59,78,0,0,0,0,0,0,12,7,59,78,0,0,0,78
01/10/2018,TUP,MS,ASO,CE,Federal Contract Tower,0,10,15,10,35,0,0,0,0,0,0,10,15,10,35,0,0,0,35
01/11/2018,TUP,MS,ASO,CE,Federal Contract Tower,0,16,17,32,65,0,0,0,0,0,0,16,17,32,65,0,0,0,65
01/12/2018,TUP,MS,ASO,CE,Federal Contract Tower,0,0,2,0,2,0,0,0,0,0,0,0,2,0,2,0,0,0,2
01/13/2018,TUP,MS,ASO,CE,Federal Contract Tower,0,6,9,12,27,0,7,40,8,55,0,13,49,20,82,52,24,76,158
01/14/2018,TUP,MS,ASO,CE,Federal Contract Tower,0,8,1,6,15,0,7,43,6,56,0,15,44,12,71,42,4,46,117
01/15/2018,TUP,MS,ASO,CE,Federal Contract Tower,0,12,12,1,25,0,3,46,14,63,0,15,58,15,88,28,18,46,134
01/16/2018,TUP,MS,ASO,CE,Federal Contract Tower,0,0,0,0,0,0,17,0,0,17,0,17,0,0,17,0,0,0,17
01/17/2018,TUP,MS,ASO,CE,Federal Contract Tower,0,0,1,0,1,0,2,18,0,20,0,2,19,0,21,3,1,4,25
01/18/2018,TUP,MS,ASO,CE,Federal Contract Tower,1,8,8,12,29,0,8,56,22,86,1,16,64,34,115,54,16,70,185
01/19/2018,TUP,MS,ASO,CE,Federal Contract Tower,0,8,3,17,28,0,7,42,21,70,0,15,45,38,98,34,44,78,176
01/20/2018,TUP,MS,ASO,CE,Federal Contract Tower,0,6,8,2,16,0,6,66,7,79,0,12,74,9,95,64,10,74,169
01/21/2018,TUP,MS,ASO,CE,Federal Contract Tower,0,8,5,0,13,0,5,53,4,62,0,13,58,4,75,40,6,46,121
01/22/2018,TUP,MS,ASO,CE,Federal Contract Tower,0,8,6,4,18,0,5,22,4,31,0,13,28,8,49,22,6,28,77
01/23/2018,TUP,MS,ASO,CE,Federal Contract Tower,0,10,13,40,63,0,18,56,13,87,0,28,69,53,150,48,30,78,228
01/24/2018,TUP,MS,ASO,CE,Federal Contract Tower,0,8,13,22,43,0,12,60,10,82,0,20,73,32,125,54,20,74,199
01/25/2018,TUP,MS,ASO,CE,Federal Contract Tower,0,10,14,16,40,0,9,49,40,98,0,19,63,56,138,46,46,92,230
01/26/2018,TUP,MS,ASO,CE,Federal Contract Tower,0,10,15,14,39,0,3,52,42,97,0,13,67,56,136,32,76,108,244
01/27/2018,TUP,MS,ASO,CE,Federal Contract Tower,0,8,3,0,11,0,5,19,0,24,0,13,22,0,35,12,0,12,47
01/28/2018,TUP,MS,ASO,CE,Federal Contract Tower,0,10,6,12,28,0,2,18,6,26,0,12,24,18,54,18,24,42,96
01/29/2018,TUP,MS,ASO,CE,Federal Contract Tower,0,10,12,12,34,0,3,57,7,67,0,13,69,19,101,24,16,40,141
01/30/2018,TUP,MS,ASO,CE,Federal Contract Tower,0,8,11,24,43,0,3,48,28,79,0,11,59,52,122,36,36,72,194
01/31/2018,TUP,MS,ASO,CE,Federal Contract Tower,0,8,12,16,36,0,5,49,14,68,0,13,61,30,104,40,24,64,168
02/01/2018,TUP,MS,ASO,CE,Federal Contract Tower,0,10,7,2,19,0,4,45,3,52,0,14,52,5,71,24,6,30,101
02/02/2018,TUP,MS,ASO,CE,Federal Contract Tower,0,12,0,0,12,0,7,53,6,66,0,19,53,6,78,40,12,52,130
02/03/2018,TUP,MS,ASO,CE,Federal Contract Tower,0,6,3,0,9,0,13,47,18,78,0,19,50,18,87,64,10,74,161
02/04/2018,TUP,MS,ASO,CE,Federal Contract Tower,0,8,7,0,15,0,3,32,4,39,0,11,39,4,54,28,4,32,86
02/05/2018,TUP,MS,ASO,CE,Federal Contract Tower,0,10,16,0,26,0,2,51,10,63,0,12,67,10,89,50,12,62,151
02/06/2018,TUP,MS,ASO,CE,Federal Contract Tower,0,8,10,0,18,0,0,4,4,8,0,8,14,4,26,4,0,4,30
02/07/2018,TUP,MS,ASO,CE,Federal Contract Tower,0,10,8,2,20,0,10,43,14,67,0,20,51,16,87,54,26,80,167
02/08/2018,TUP,MS,ASO,CE,Federal Contract Tower,0,15,5,0,20,0,15,66,24,105,0,30,71,24,125,82,30,112,237
02/09/2018,TUP,MS,ASO,CE,Federal Contract Tower,0,10,7,0,17,0,10,56,8,74,0,20,63,8,91,87,18,105,196
02/10/2018,TUP,MS,ASO,CE,Federal Contract Tower,0,7,2,0,9,0,0,0,0,0,0,7,2,0,9,0,0,0,9
02/11/2018,TUP,MS,ASO,CE,Federal Contract Tower,0,12,8,0,20,0,0,0,0,0,0,12,8,0,20,0,0,0,20
02/12/2018,TUP,MS,ASO,CE,Federal Contract Tower,0,9,6,2,17,0,1,26,8,35,0,10,32,10,52,14,4,18,70
02/13/2018,TUP,MS,ASO,CE,Federal Contract Tower,0,12,9,4,25,0,0,0,0,0,0,12,9,4,25,0,0,0,25
02/14/2018,TUP,MS,ASO,CE,Federal Contract Tower,0,8,4,2,14,0,0,0,0,0,0,8,4,2,14,0,0,0,14
02/15/2018,TUP,MS,ASO,CE,Federal Contract Tower,0,11,14,0,25,0,12,54,2,68,0,23,68,2,93,62,6,68,161
02/16/2018,TUP,MS,ASO,CE,Federal Contract Tower,0,12,11,1,24,0,8,23,0,31,0,20,34,1,55,0,0,0,55
02/17/2018,TUP,MS,ASO,CE,Federal Contract Tower,0,6,3,0,9,0,0,0,0,0,0,6,3,0,9,0,0,0,9
02/18/2018,TUP,MS,ASO,CE,Federal Contract Tower,0,12,11,0,23,0,5,32,12,49,0,17,43,12,72,30,16,46,118
02/19/2018,TUP,MS,ASO,CE,Federal Contract Tower,0,14,17,0,31,0,4,35,4,43,0,18,52,4,74,46,2,48,122
02/20/2018,TUP,MS,ASO,CE,Federal Contract Tower,0,8,12,0,20,0,0,47,10,57,0,8,59,10,77,34,14,48,125
02/21/2018,TUP,MS,ASO,CE,Federal Contract Tower,1,14,19,2,36,0,5,26,2,33,1,19,45,4,69,32,2,34,103
02/22/2018,TUP,MS,ASO,CE,Federal Contract Tower,4,8,9,1,22,0,7,49,16,72,4,15,58,17,94,48,44,92,186
02/23/2018,TUP,MS,ASO,CE,Federal Contract Tower,0,10,6,4,20,0,8,52,6,66,0,18,58,10,86,63,8,71,157
02/24/2018,TUP,MS,ASO,CE,Federal Contract Tower,0,6,4,0,10,0,8,59,4,71,0,14,63,4,81,68,6,74,155
02/25/2018,TUP,MS,ASO,CE,Federal Contract Tower,0,8,1,0,9,0,5,33,8,46,0,13,34,8,55,36,6,42,97
02/26/2018,TUP,MS,ASO,CE,Federal Contract Tower,0,13,3,1,17,0,4,51,12,67,0,17,54,13,84,56,30,86,170
02/27/2018,TUP,MS,ASO,CE,Federal Contract Tower,0,8,9,12,29,0,11,59,19,89,0,19,68,31,118,54,56,110,228
02/28/2018,TUP,MS,ASO,CE,Federal Contract Tower,0,8,6,0,14,0,2,47,0,49,0,10,53,0,63,32,0,32,95
03/01/2018,TUP,MS,ASO,CE,Federal Contract Tower,0,12,10,10,32,0,7,56,18,81,0,19,66,28,113,76,34,110,223
03/02/2018,TUP,MS,ASO,CE,Federal Contract Tower,0,10,17,26,53,0,7,66,10,83,0,17,83,36,136,74,22,96,232
03/03/2018,TUP,MS,ASO,CE,Federal Contract Tower,0,6,4,0,10,0,6,60,0,66,0,12,64,0,76,64,0,64,140
03/04/2018,TUP,MS,ASO,CE,Federal Contract Tower,0,10,13,4,27,0,0,65,2,67,0,10,78,6,94,98,4,102,196
03/05/2018,TUP,MS,ASO,CE,Federal Contract Tower,0,11,11,8,30,0,8,44,8,60,0,19,55,16,90,50,6,56,146
03/06/2018,TUP,MS,ASO,CE,Federal Contract Tower,0,10,10,48,68,0,12,71,25,108,0,22,81,73,176,52,66,118,294
03/07/2018,TUP,MS,ASO,CE,Federal Contract Tower,0,9,6,42,57,0,14,76,18,108,0,23,82,60,165,92,34,126,291
03/08/2018,TUP,MS,ASO,CE,Federal Contract Tower,0,10,6,8,24,0,11,70,3,84,0,21,76,11,108,84,6,90,198
03/09/2018,TUP,MS,ASO,CE,Federal Contract Tower,0,14,17,2,33,0,10,59,16,85,0,24,76,18,118,90,22,112,230
03/10/2018,TUP,MS,ASO,CE,Federal Contract Tower,0,7,4,0,11,0,4,6,8,18,0,11,10,8,29,0,0,0,29
03/11/2018,TUP,MS,ASO,CE,Federal Contract Tower,0,8,2,4,14,0,0,0,0,0,0,8,2,4,14,0,0,0,14
03/12/2018,TUP,MS,ASO,CE,Federal Contract Tower,0,12,9,51,72,0,7,62,21,90,0,19,71,72,162,52,32,84,246
03/13/2018,TUP,MS,ASO,CE,Federal Contract Tower,0,8,6,26,40,0,13,75,22,110,0,21,81,48,150,54,48,102,252
03/14/2018,TUP,MS,ASO,CE,Federal Contract Tower,0,10,11,34,55,0,9,84,12,105,0,19,95,46,160,90,24,114,274
03/15/2018,TUP,MS,ASO,CE,Federal Contract Tower,0,10,10,12,32,0,14,72,18,104,0,24,82,30,136,102,14,116,252
03/16/2018,TUP,MS,ASO,CE,Federal Contract Tower,0,10,6,22,38,0,8,44,3,55,0,18,50,25,93,56,10,66,159
03/17/2018,TUP,MS,ASO,CE,Federal Contract Tower,0,8,7,7,22,0,2,24,0,26,0,10,31,7,48,38,0,38,86
03/18/2018,TUP,MS,ASO,CE,Federal Contract Tower,0,8,11,1,20,0,5,54,9,68,0,13,65,10,88,74,10,84,172
03/19/2018,TUP,MS,ASO,CE,Federal Contract Tower,0,11,15,10,36,0,6,20,8,34,0,17,35,18,70,14,14,28,98
03/20/2018,TUP,MS,ASO,CE,Federal Contract Tower,0,10,6,30,46,0,17,57,12,86,0,27,63,42,132,50,4,54,186
03/21/2018,TUP,MS,ASO,CE,Federal Contract Tower,0,8,6,30,44,0,10,68,8,86,0,18,74,38,130,94,16,110,240
03/22/2018,TUP,MS,ASO,CE,Federal Contract Tower,0,10,5,24,39,0,9,75,20,104,0,19,80,44,143,96,46,142,285
03/23/2018,TUP,MS,ASO,CE,Federal Contract Tower,0,10,13,8,31,0,6,63,27,96,0,16,76,35,127,68,56,124,251
03/24/2018,TUP,MS,ASO,CE,Federal Contract Tower,0,6,9,0,15,0,5,57,28,90,0,11,66,28,105,52,30,82,187
03/25/2018,TUP,MS,ASO,CE,Federal Contract Tower,0,8,5,6,19,0,2,28,7,37,0,10,33,13,56,36,16,52,108
03/26/2018,TUP,MS,ASO,CE,Federal Contract Tower,1,14,10,30,55,0,2,14,14,30,1,16,24,44,85,26,16,42,127
03/27/2018,TUP,MS,ASO,CE,Federal Contract Tower,0,8,4,14,26,0,7,49,12,68,0,15,53,26,94,57,22,79,173
03/28/2018,TUP,MS,ASO,CE,Federal Contract Tower,0,8,12,24,44,0,7,48,5,60,0,15,60,29,104,60,6,66,170
03/29/2018,TUP,MS,ASO,CE,Federal Contract Tower,0,10,11,10,31,0,10,69,18,97,0,20,80,28,128,58,36,94,222
03/30/2018,TUP,MS,ASO,CE,Federal Contract Tower,0,10,15,4,29,0,8,52,6,66,0,18,67,10,95,78,16,94,189
03/31/2018,TUP,MS,ASO,CE,Federal Contract Tower,0,6,5,0,11,0,5,48,1,54,0,11,53,1,65,70,2,72,137
04/01/2018,TUP,MS,ASO,CE,Federal Contract Tower,0,8,2,0,10,0,3,34,0,37,0,11,36,0,47,42,0,42,89
04/02/2018,TUP,MS,ASO,CE,Federal Contract Tower,0,10,15,10,35,0,2,38,16,56,0,12,53,26,91,50,10,60,151
04/03/2018,TUP,MS,ASO,CE,Federal Contract Tower,0,8,4,18,30,0,1,24,8,33,0,9,28,26,63,26,14,40,103
04/04/2018,TUP,MS,ASO,CE,Federal Contract Tower,0,7,17,14,38,0,11,72,5,88,0,18,89,19,126,82,0,82,208
04/05/2018,TUP,MS,ASO,CE,Federal Contract Tower,0,11,22,6,39,0,16,63,18,97,0,27,85,24,136,62,22,84,220
04/06/2018,TUP,MS,ASO,CE,Federal Contract Tower,0,11,8,5,24,0,6,25,0,31,0,17,33,5,55,0,0,0,55
04/07/2018,TUP,MS,ASO,CE,Federal Contract Tower,0,6,5,4,15,0,7,29,13,49,0,13,34,17,64,18,16,34,98
04/08/2018,TUP,MS,ASO,CE,Federal Contract Tower,0,10,6,4,20,0,6,59,10,75,0,16,65,14,95,68,14,82,177
04/09/2018,TUP,MS,ASO,CE,Federal Contract Tower,0,7,7,36,50,0,3,57,6,66,0,10,64,42,116,58,20,78,194
04/10/2018,TUP,MS,ASO,CE,Federal Contract Tower,0,8,10,30,48,0,16,63,11,90,0,24,73,41,138,80,38,118,256
04/11/2018,TUP,MS,ASO,CE,Federal Contract Tower,0,8,11,24,43,0,8,64,16,88,0,16,75,40,131,77,44,121,252
04/12/2018,TUP,MS,ASO,CE,Federal Contract Tower,0,11,14,14,39,0,11,67,7,85,0,22,81,21,124,59,10,69,193
04/13/2018,TUP,MS,ASO,CE,Federal Contract Tower,0,11,4,15,30,0,7,58,13,78,0,18,62,28,108,67,20,87,195
04/14/2018,TUP,MS,ASO,CE,Federal Contract Tower,0,7,0,0,7,0,0,0,0,0,0,7,0,0,7,0,0,0,7
04/15/2018,TUP,MS,ASO,CE,Federal Contract Tower,0,8,3,8,19,0,3,33,0,36,0,11,36,8,55,12,0,12,67
04/16/2018,TUP,MS,ASO,CE,Federal Contract Tower,0,9,10,28,47,0,1,43,4,48,0,10,53,32,95,12,0,12,107
04/17/2018,TUP,MS,ASO,CE,Federal Contract Tower,0,8,9,10,27,0,14,53,6,73,0,22,62,16,100,56,16,72,172
04/18/2018,TUP,MS,ASO,CE,Federal Contract Tower,0,16,8,10,34,0,14,42,2,58,0,30,50,12,92,12,0,12,104
04/19/2018,TUP,MS,ASO,CE,Federal Contract Tower,0,14,11,25,50,0,6,49,20,75,0,20,60,45,125,36,40,76,201
04/20/2018,TUP,MS,ASO,CE,Federal Contract Tower,0,10,1,9,20,0,5,54,16,75,0,15,55,25,95,80,26,106,201
04/21/2018,TUP,MS,ASO,CE,Federal Contract Tower,0,6,2,0,8,0,4,40,32,76,0,10,42,32,84,53,32,85,169
04/22/2018,TUP,MS,ASO,CE,Federal Contract Tower,0,9,0,0,9,0,0,0,0,0,0,9,0,0,9,0,0,0,9
04/23/2018,TUP,MS,ASO,CE,Federal Contract Tower,0,11,10,14,35,0,4,35,5,44,0,15,45,19,79,30,4,34,113
04/24/2018,TUP,MS,ASO,CE,Federal Contract Tower,0,8,11,50,69,0,9,36,19,64,0,17,47,69,133,56,20,76,209
04/25/2018,TUP,MS,ASO,CE,Federal Contract Tower,0,10,12,24,46,0,9,59,16,84,0,19,71,40,130,58,10,68,198
04/26/2018,TUP,MS,ASO,CE,Federal Contract Tower,0,12,6,34,52,0,6,32,8,46,0,18,38,42,98,16,12,28,126
04/27/2018,TUP,MS,ASO,CE,Federal Contract Tower,0,13,25,8,46,0,9,69,1,79,0,22,94,9,125,90,2,92,217
04/28/2018,TUP,MS,ASO,CE,Federal Contract Tower,0,6,3,0,9,0,8,67,0,75,0,14,70,0,84,77,0,77,161
04/29/2018,TUP,MS,ASO,CE,Federal Contract Tower,0,11,6,2,19,0,8,51,4,63,0,19,57,6,82,46,8,54,136
04/30/2018,TUP,MS,ASO,CE,Federal Contract Tower,0,10,4,8,22,0,8,60,11,79,0,18,64,19,101,50,20,70,171
05/01/2018,TUP,MS,ASO,CE,Federal Contract Tower,0,9,8,8,25,0,9,60,4,73,0,18,68,12,98,73,2,75,173
05/02/2018,TUP,MS,ASO,CE,Federal Contract Tower,0,8,12,11,31,0,8,61,8,77,0,16,73,19,108,64,16,80,188
05/03/2018,TUP,MS,ASO,CE,Federal Contract Tower,0,11,9,7,27,0,5,51,34,90,0,16,60,41,117,38,34,72,189
05/04/2018,TUP,MS,ASO,CE,Federal Contract Tower,1,10,11,2,24,0,6,66,2,74,1,16,77,4,98,86,6,92,190
05/05/2018,TUP,MS,ASO,CE,Federal Contract Tower,0,6,3,2,11,0,0,11,0,11,0,6,14,2,22,4,0,4,26
05/06/2018,TUP,MS,ASO,CE,Federal Contract Tower,0,8,7,0,15,0,7,49,0,56,0,15,56,0,71,82,0,82,153
05/07/2018,TUP,MS,ASO,CE,Federal Contract Tower,0,9,4,36,49,0,7,43,16,66,0,16,47,52,115,46,24,70,185
05/08/2018,TUP,MS,ASO,CE,Federal Contract Tower,0,12,12,38,62,0,7,50,24,81,0,19,62,62,143,70,37,107,250
05/09/2018,TUP,MS,ASO,CE,Federal Contract Tower,0,8,12,18,38,0,4,58,30,92,0,12,70,48,130,48,44,92,222
05/10/2018,TUP,MS,ASO,CE,Federal Contract Tower,0,10,15,18,43,0,9,55,26,90,0,19,70,44,133,60,48,108,241
05/11/2018,TUP,MS,ASO,CE,Federal Contract Tower,0,8,9,2,19,0,3,56,12,71,0,11,65,14,90,60,36,96,186
05/12/2018,TUP,MS,ASO,CE,Federal Contract Tower,0,6,5,0,11,0,6,58,2,66,0,12,63,2,77,78,4,82,159
05/13/2018,TUP,MS,ASO,CE,Federal Contract Tower,0,8,4,0,12,0,6,50,2,58,0,14,54,2,70,52,2,54,124
05/14/2018,TUP,MS,ASO,CE,Federal Contract Tower,0,10,12,0,22,0,7,68,6,81,0,17,80,6,103,80,26,106,209
05/15/2018,TUP,MS,ASO,CE,Federal Contract Tower,0,12,8,21,41,0,7,50,5,62,0,19,58,26,103,64,12,76,179
05/16/2018,TUP,MS,ASO,CE,Federal Contract Tower,0,8,12,10,30,0,7,49,4,60,0,15,61,14,90,72,6,78,168
05/17/2018,TUP,MS,ASO,CE,Federal Contract Tower,0,10,21,12,43,0,6,44,13,63,0,16,65,25,106,50,20,70,176
05/18/2018,TUP,MS,ASO,CE,Federal Contract Tower,0,10,16,24,50,0,5,36,6,47,0,15,52,30,97,38,18,56,153
05/19/2018,TUP,MS,ASO,CE,Federal Contract Tower,0,6,2,2,10,0,4,42,2,48,0,10,44,4,58,40,4,44,102
05/20/2018,TUP,MS,ASO,CE,Federal Contract Tower,0,10,12,8,30,0,2,35,9,46,0,12,47,17,76,38,26,64,140
05/21/2018,TUP,MS,ASO,CE,Federal Contract Tower,0,9,14,18,41,0,3,30,6,39,0,12,44,24,80,40,18,58,138
05/22/2018,TUP,MS,ASO,CE,Federal Contract Tower,0,14,11,45,70,0,11,54,2,67,0,25,65,47,137,50,6,56,193
05/23/2018,TUP,MS,ASO,CE,Federal Contract Tower,0,10,14,4,28,0,6,61,2,69,0,16,75,6,97,78,4,82,179
05/24/2018,TUP,MS,ASO,CE,Federal Contract Tower,0,12,12,16,40,0,7,60,4,71,0,19,72,20,111,66,6,72,183
05/25/2018,TUP,MS,ASO,CE,Federal Contract Tower,0,10,8,0,18,0,4,49,0,53,0,14,57,0,71,66,0,66,137
05/26/2018,TUP,MS,ASO,CE,Federal Contract Tower,0,5,2,0,7,0,2,33,2,37,0,7,35,2,44,50,6,56,100
05/27/2018,TUP,MS,ASO,CE,Federal Contract Tower,0,8,3,0,11,0,4,40,0,44,0,12,43,0,55,32,0,32,87
05/28/2018,TUP,MS,ASO,CE,Federal Contract Tower,0,10,4,0,14,0,3,36,0,39,0,13,40,0,53,30,0,30,83
05/29/2018,TUP,MS,ASO,CE,Federal Contract Tower,1,9,5,0,15,0,4,28,4,36,1,13,33,4,51,10,6,16,67
05/30/2018,TUP,MS,ASO,CE,Federal Contract Tower,0,8,7,22,37,0,7,50,6,63,0,15,57,28,100,56,8,64,164
05/31/2018,TUP,MS,ASO,CE,Federal Contract Tower,0,10,5,17,32,0,8,61,16,85,0,18,66,33,117,76,24,100,217
06/01/2018,TUP,MS,ASO,CE,Federal Contract Tower,0,11,7,9,27,0,6,52,8,66,0,17,59,17,93,55,6,61,154
06/02/2018,TUP,MS,ASO,CE,Federal Contract Tower,0,6,4,0,10,0,5,55,4,64,0,11,59,4,74,64,4,68,142
06/03/2018,TUP,MS,ASO,CE,Federal Contract Tower,0,8,5,0,13,0,5,43,0,48,0,13,48,0,61,46,0,46,107
06/04/2018,TUP,MS,ASO,CE,Federal Contract Tower,0,14,14,38,66,0,4,48,4,56,0,18,62,42,122,50,8,58,180
06/05/2018,TUP,MS,ASO,CE,Federal Contract Tower,2,6,9,38,55,0,7,56,4,67,2,13,65,42,122,61,8,69,191
06/06/2018,TUP,MS,ASO,CE,Federal Contract Tower,0,8,5,24,37,0,9,59,18,86,0,17,64,42,123,66,24,90,213
06/07/2018,TUP,MS,ASO,CE,Federal Contract Tower,1,11,4,44,60,0,12,70,10,92,1,23,74,54,152,76,24,100,252
06/08/2018,TUP,MS,ASO,CE,Federal Contract Tower,0,10,7,30,47,0,6,69,3,78,0,16,76,33,125,81,8,89,214
06/09/2018,TUP,MS,ASO,CE,Federal Contract Tower,0,6,9,0,15,0,6,50,6,62,0,12,59,6,77,62,2,64,141
06/10/2018,TUP,MS,ASO,CE,Federal Contract Tower,0,8,5,0,13,0,4,49,8,61,0,12,54,8,74,70,12,82,156
06/11/2018,TUP,MS,ASO,CE,Federal Contract Tower,0,10,16,18,44,0,4,61,6,71,0,14,77,24,115,48,8,56,171
06/12/2018,TUP,MS,ASO,CE,Federal Contract Tower,0,11,21,16,48,0,14,53,10,77,0,25,74,26,125,63,14,77,202
06/13/2018,TUP,MS,ASO,CE,Federal Contract Tower,0,11,20,8,39,0,5,31,2,38,0,16,51,10,77,14,4,18,95
06/14/2018,TUP,MS,ASO,CE,Federal Contract Tower,0,10,18,12,40,0,9,66,6,81,0,19,84,18,121,54,10,64,185
06/15/2018,TUP,MS,ASO,CE,Federal Contract Tower,0,10,5,24,39,0,10,56,5,71,0,20,61,29,110,69,20,89,199
06/16/2018,TUP,MS,ASO,CE,Federal Contract Tower,0,5,3,7,15,0,8,53,4,65,0,13,56,11,80,58,4,62,142
06/17/2018,TUP,MS,ASO,CE,Federal Contract Tower,0,8,5,0,13,0,7,48,0,55,0,15,53,0,68,64,0,64,132
06/18/2018,TUP,MS,ASO,CE,Federal Contract Tower,0,10,5,20,35,0,5,58,4,67,0,15,63,24,102,46,10,56,158
06/19/2018,TUP,MS,ASO,CE,Federal Contract Tower,0,9,9,28,46,0,4,51,8,63,0,13,60,36,109,50,24,74,183
06/20/2018,TUP,MS,ASO,CE,Federal Contract Tower,0,10,19,14,43,0,7,52,4,63,0,17,71,18,106,56,2,58,164
06/21/2018,TUP,MS,ASO,CE,Federal Contract Tower,0,14,17,14,45,0,11,64,8,83,0,25,81,22,128,54,20,74,202
06/22/2018,TUP,MS,ASO,CE,Federal Contract Tower,0,11,17,4,32,0,5,61,10,76,0,16,78,14,108,58,34,92,200
06/23/2018,TUP,MS,ASO,CE,Federal Contract Tower,0,6,2,0,8,0,2,33,10,45,0,8,35,10,53,46,14,60,113
06/24/2018,TUP,MS,ASO,CE,Federal Contract Tower,0,8,4,0,12,0,5,43,6,54,0,13,47,6,66,52,14,66,132
06/25/2018,TUP,MS,ASO,CE,Federal Contract Tower,0,10,13,50,73,0,3,63,8,74,0,13,76,58,147,52,16,68,215
06/26/2018,TUP,MS,ASO,CE,Federal Contract Tower,0,8,8,22,38,0,7,59,8,74,0,15,67,30,112,74,18,92,204
06/27/2018,TUP,MS,ASO,CE,Federal Contract Tower,0,9,17,18,44,0,8,64,9,81,0,17,81,27,125,68,16,84,209
06/28/2018,TUP,MS,ASO,CE,Federal Contract Tower,0,10,10,31,51,0,8,59,17,84,0,18,69,48,135,80,48,128,263
06/29/2018,TUP,MS,ASO,CE,Federal Contract Tower,0,9,14,22,45,0,5,54,6,65,0,14,68,28,110,62,16,78,188
06/30/2018,TUP,MS,ASO,CE,Federal Contract Tower,0,6,7,0,13,0,7,53,4,64,0,13,60,4,77,78,20,98,175
07/01/2018,TUP,MS,ASO,CE,Federal Contract Tower,0,15,3,4,22,0,5,40,5,50,0,20,43,9,72,52,12,64,136
07/02/2018,TUP,MS,ASO,CE,Federal Contract Tower,0,12,10,8,30,0,7,47,7,61,0,19,57,15,91,48,26,74,165
07/03/2018,TUP,MS,ASO,CE,Federal Contract Tower,0,11,3,20,34,0,8,55,4,67,0,19,58,24,101,70,14,84,185
07/04/2018,TUP,MS,ASO,CE,Federal Contract Tower,0,8,2,0,10,0,2,25,0,27,0,10,27,0,37,28,0,28,65
07/05/2018,TUP,MS,ASO,CE,Federal Contract Tower,0,8,13,0,21,0,4,49,4,57,0,12,62,4,78,56,8,64,142
07/06/2018,TUP,MS,ASO,CE,Federal Contract Tower,0,10,4,10,24,0,3,38,10,51,0,13,42,20,75,54,14,68,143
07/07/2018,TUP,MS,ASO,CE,Federal Contract Tower,0,6,9,0,15,0,2,50,10,62,0,8,59,10,77,56,14,70,147
07/08/2018,TUP,MS,ASO,CE,Federal Contract Tower,0,8,5,0,13,0,2,39,10,51,0,10,44,10,64,58,18,76,140
07/09/2018,TUP,MS,ASO,CE,Federal Contract Tower,0,9,7,16,32,0,4,54,10,68,0,13,61,26,100,50,32,82,182
07/10/2018,TUP,MS,ASO,CE,Federal Contract Tower,0,8,21,16,45,0,10,56,11,77,0,18,77,27,122,70,16,86,208
07/11/2018,TUP,MS,ASO,CE,Federal Contract Tower,0,11,9,10,30,0,6,61,24,91,0,17,70,34,121,62,22,84,205
07/12/2018,TUP,MS,ASO,CE,Federal Contract Tower,0,10,12,27,49,0,8,63,18,89,0,18,75,45,138,54,24,78,216
07/13/2018,TUP,MS,ASO,CE,Federal Contract Tower,0,11,9,40,60,0,6,44,12,62,0,17,53,52,122,68,48,116,238
07/14/2018,TUP,MS,ASO,CE,Federal Contract Tower,0,6,2,0,8,0,12,46,6,64,0,18,48,6,72,66,28,94,166
07/15/2018,TUP,MS,ASO,CE,Federal Contract Tower,0,9,7,4,20,0,5,39,6,50,0,14,46,10,70,54,16,70,140
07/16/2018,TUP,MS,ASO,CE,Federal Contract Tower,0,13,15,34,62,0,3,35,14,52,0,16,50,48,114,26,18,44,158
07/17/2018,TUP,MS,ASO,CE,Federal Contract Tower,0,10,9,10,29,0,7,34,10,51,0,17,43,20,80,38,38,76,156
07/18/2018,TUP,MS,ASO,CE,Federal Contract Tower,0,10,17,44,71,0,10,52,8,70,0,20,69,52,141,46,54,100,241
07/19/2018,TUP,MS,ASO,CE,Federal Contract Tower,0,9,17,25,51,0,10,55,18,83,0,19,72,43,134,58,92,150,284
07/20/2018,TUP,MS,ASO,CE,Federal Contract Tower,0,10,10,14,34,0,5,51,16,72,0,15,61,30,106,72,30,102,208
07/21/2018,TUP,MS,ASO,CE,Federal Contract Tower,0,7,2,0,9,0,9,56,6,71,0,16,58,6,80,76,12,88,168
07/22/2018,TUP,MS,ASO,CE,Federal Contract Tower,0,8,6,12,26,0,1,48,10,59,0,9,54,22,85,56,34,90,175
07/23/2018,TUP,MS,ASO,CE,Federal Contract Tower,0,11,14,33,58,0,5,57,7,69,0,16,71,40,127,58,18,76,203
07/24/2018,TUP,MS,ASO,CE,Federal Contract Tower,0,14,9,33,56,0,10,62,18,90,0,24,71,51,146,58,40,98,244
07/25/2018,TUP,MS,ASO,CE,Federal Contract Tower,0,9,16,31,56,0,7,54,18,79,0,16,70,49,135,66,60,126,261
07/26/2018,TUP,MS,ASO,CE,Federal Contract Tower,0,10,8,56,74,0,10,70,18,98,0,20,78,74,172,38,50,88,260
07/27/2018,TUP,MS,ASO,CE,Federal Contract Tower,0,11,12,14,37,0,6,53,8,67,0,17,65,22,104,64,34,98,202
07/28/2018,TUP,MS,ASO,CE,Federal Contract Tower,0,6,3,0,9,0,7,61,0,68,0,13,64,0,77,92,0,92,169
07/29/2018,TUP,MS,ASO,CE,Federal Contract Tower,0,8,7,2,17,0,5,43,4,52,0,13,50,6,69,68,34,102,171
07/30/2018,TUP,MS,ASO,CE,Federal Contract Tower,0,10,8,35,53,0,6,38,14,58,0,16,46,49,111,52,84,136,247
07/31/2018,TUP,MS,ASO,CE,Federal Contract Tower,0,8,16,62,86,0,9,58,21,88,0,17,74,83,174,54,52,106,280
08/01/2018,TUP,MS,ASO,CE,Federal Contract Tower,0,14,13,60,87,0,8,50,22,80,0,22,63,82,167,54,96,150,317
08/02/2018,TUP,MS,ASO,CE,Federal Contract Tower,0,13,6,49,68,0,9,59,28,96,0,22,65,77,164,68,140,208,372
08/03/2018,TUP,MS,ASO,CE,Federal Contract Tower,0,11,13,21,45,0,6,62,20,88,0,17,75,41,133,78,68,146,279
08/04/2018,TUP,MS,ASO,CE,Federal Contract Tower,0,9,10,0,19,0,10,47,6,63,0,19,57,6,82,44,14,58,140
08/05/2018,TUP,MS,ASO,CE,Federal Contract Tower,0,8,6,2,16,0,5,45,6,56,0,13,51,8,72,54,12,66,138
08/06/2018,TUP,MS,ASO,CE,Federal Contract Tower,0,10,12,30,52,0,7,50,16,73,0,17,62,46,125,56,48,104,229
08/07/2018,TUP,MS,ASO,CE,Federal Contract Tower,0,8,8,32,48,0,13,54,10,77,0,21,62,42,125,52,56,108,233
08/08/2018,TUP,MS,ASO,CE,Federal Contract Tower,0,9,23,29,61,0,9,51,8,68,0,18,74,37,129,72,32,104,233
08/09/2018,TUP,MS,ASO,CE,Federal Contract Tower,0,10,17,42,69,0,1,35,12,48,0,11,52,54,117,24,28,52,169
08/10/2018,TUP,MS,ASO,CE,Federal Contract Tower,0,10,5,44,59,0,8,50,9,67,0,18,55,53,126,60,16,76,202
08/11/2018,TUP,MS,ASO,CE,Federal Contract Tower,0,6,3,0,9,0,6,42,0,48,0,12,45,0,57,62,0,62,119
08/12/2018,TUP,MS,ASO,CE,Federal Contract Tower,0,9,15,0,24,0,3,35,0,38,0,12,50,0,62,54,0,54,116
08/13/2018,TUP,MS,ASO,CE,Federal Contract Tower,0,12,10,41,63,0,4,53,8,65,0,16,63,49,128,46,22,68,196
08/14/2018,TUP,MS,ASO,CE,Federal Contract Tower,0,13,12,29,54,0,9,58,6,73,0,22,70,35,127,85,20,105,232
08/15/2018,TUP,MS,ASO,CE,Federal Contract Tower,0,11,23,31,65,0,6,69,6,81,0,17,92,37,146,74,18,92,238
08/16/2018,TUP,MS,ASO,CE,Federal Contract Tower,0,10,14,20,44,0,7,69,7,83,0,17,83,27,127,56,26,82,209
08/17/2018,TUP,MS,ASO,CE,Federal Contract Tower,0,10,7,16,33,0,5,37,2,44,0,15,44,18,77,30,10,40,117
08/18/2018,TUP,MS,ASO,CE,Federal Contract Tower,0,6,4,6,16,0,26,4,0,30,0,32,8,6,46,20,16,36,82
08/19/2018,TUP,MS,ASO,CE,Federal Contract Tower,0,8,6,6,20,0,2,21,0,23,0,10,27,6,43,28,0,28,71
08/20/2018,TUP,MS,ASO,CE,Federal Contract Tower,0,12,10,16,38,0,3,27,4,34,0,15,37,20,72,20,22,42,114
08/21/2018,TUP,MS,ASO,CE,Federal Contract Tower,0,9,20,53,82,0,10,55,9,74,0,19,75,62,156,60,32,92,248
08/22/2018,TUP,MS,ASO,CE,Federal Contract Tower,0,10,16,43,69,0,8,52,17,77,0,18,68,60,146,52,38,90,236
08/23/2018,TUP,MS,ASO,CE,Federal Contract Tower,0,13,14,45,72,0,6,42,44,92,0,19,56,89,164,38,50,88,252
08/24/2018,TUP,MS,ASO,CE,Federal Contract Tower,0,10,7,18,35,0,4,36,17,57,0,14,43,35,92,36,62,98,190
08/25/2018,TUP,MS,ASO,CE,Federal Contract Tower,0,5,10,0,15,0,6,37,20,63,0,11,47,20,78,56,30,86,164
08/26/2018,TUP,MS,ASO,CE,Federal Contract Tower,0,8,4,0,12,0,5,35,6,46,0,13,39,6,58,62,22,84,142
08/27/2018,TUP,MS,ASO,CE,Federal Contract Tower,0,10,11,42,63,0,3,44,8,55,0,13,55,50,118,46,10,56,174
08/28/2018,TUP,MS,ASO,CE,Federal Contract Tower,0,8,15,46,69,0,8,50,8,66,0,16,65,54,135,48,18,66,201
08/29/2018,TUP,MS,ASO,CE,Federal Contract Tower,0,11,17,28,56,0,6,47,8,61,0,17,64,36,117,42,44,86,203
08/30/2018,TUP,MS,ASO,CE,Federal Contract Tower,0,15,13,20,48,0,7,44,14,65,0,22,57,34,113,56,42,98,211
08/31/2018,TUP,MS,ASO,CE,Federal Contract Tower,0,17,12,0,29,0,4,46,5,55,0,21,58,5,84,66,22,88,172
09/01/2018,TUP,MS,ASO,CE,Federal Contract Tower,0,10,11,0,21,0,2,41,0,43,0,12,52,0,64,26,0,26,90
09/02/2018,TUP,MS,ASO,CE,Federal Contract Tower,0,8,9,0,17,0,5,32,0,37,0,13,41,0,54,30,0,30,84
09/03/2018,TUP,MS,ASO,CE,Federal Contract Tower,0,10,10,0,20,0,3,30,0,33,0,13,40,0,53,18,0,18,71
09/04/2018,TUP,MS,ASO,CE,Federal Contract Tower,0,8,6,42,56,0,6,44,6,56,0,14,50,48,112,40,22,62,174
09/05/2018,TUP,MS,ASO,CE,Federal Contract Tower,0,9,7,22,38,0,0,6,3,9,0,9,13,25,47,10,28,38,85
09/06/2018,TUP,MS,ASO,CE,Federal Contract Tower,0,12,12,52,76,0,1,24,14,39,0,13,36,66,115,16,38,54,169
09/07/2018,TUP,MS,ASO,CE,Federal Contract Tower,0,10,9,16,35,0,6,30,7,43,0,16,39,23,78,18,12,30,108
09/08/2018,TUP,MS,ASO,CE,Federal Contract Tower,0,6,10,0,16,0,8,28,2,38,0,14,38,2,54,12,0,12,66
09/09/2018,TUP,MS,ASO,CE,Federal Contract Tower,0,9,4,3,16,0,0,3,0,3,0,9,7,3,19,0,0,0,19
09/10/2018,TUP,MS,ASO,CE,Federal Contract Tower,0,11,15,62,88,0,2,20,5,27,0,13,35,67,115,12,86,98,213
09/11/2018,TUP,MS,ASO,CE,Federal Contract Tower,0,10,7,50,67,0,6,41,5,52,0,16,48,55,119,12,12,24,143
09/12/2018,TUP,MS,ASO,CE,Federal Contract Tower,0,10,17,28,55,0,8,52,8,68,0,18,69,36,123,42,38,80,203
09/13/2018,TUP,MS,ASO,CE,Federal Contract Tower,0,13,10,19,42,0,5,32,3,40,0,18,42,22,82,8,26,34,116
09/14/2018,TUP,MS,ASO,CE,Federal Contract Tower,0,11,10,14,35,0,3,22,6,31,0,14,32,20,66,18,36,54,120
09/15/2018,TUP,MS,ASO,CE,Federal Contract Tower,0,6,4,0,10,0,5,34,2,41,0,11,38,2,51,10,12,22,73
09/16/2018,TUP,MS,ASO,CE,Federal Contract Tower,0,8,12,7,27,0,2,25,8,35,0,10,37,15,62,26,8,34,96
09/17/2018,TUP,MS,ASO,CE,Federal Contract Tower,0,11,6,58,75,0,4,54,8,66,0,15,60,66,141,36,20,56,197
09/18/2018,TUP,MS,ASO,CE,Federal Contract Tower,0,10,13,48,71,0,9,51,11,71,0,19,64,59,142,40,56,96,238
09/19/2018,TUP,MS,ASO,CE,Federal Contract Tower,0,9,20,36,65,0,6,43,8,57,0,15,63,44,122,44,66,110,232
09/20/2018,TUP,MS,ASO,CE,Federal Contract Tower,0,13,11,38,62,0,7,52,4,63,0,20,63,42,125,56,28,84,209
09/21/2018,TUP,MS,ASO,CE,Federal Contract Tower,0,12,12,29,53,0,5,44,11,60,0,17,56,40,113,42,34,76,189
09/22/2018,TUP,MS,ASO,CE,Federal Contract Tower,0,7,2,12,21,0,7,23,10,40,0,14,25,22,61,20,38,58,119
09/23/2018,TUP,MS,ASO,CE,Federal Contract Tower,0,8,6,3,17,0,2,13,4,19,0,10,19,7,36,0,0,0,36
09/24/2018,TUP,MS,ASO,CE,Federal Contract Tower,0,10,18,16,44,0,2,10,2,14,0,12,28,18,58,12,12,24,82
09/25/2018,TUP,MS,ASO,CE,Federal Contract Tower,0,9,11,16,36,0,4,15,3,22,0,13,26,19,58,22,4,26,84
09/26/2018,TUP,MS,ASO,CE,Federal Contract Tower,0,8,9,18,35,0,4,4,0,8,0,12,13,18,43,0,0,0,43
09/27/2018,TUP,MS,ASO,CE,Federal Contract Tower,0,13,18,18,49,0,0,0,0,0,0,13,18,18,49,0,0,0,49
09/28/2018,TUP,MS,ASO,CE,Federal Contract Tower,2,12,11,41,66,0,3,6,0,9,2,15,17,41,75,0,8,8,83
09/29/2018,TUP,MS,ASO,CE,Federal Contract Tower,1,8,12,0,21,0,8,50,3,61,1,16,62,3,82,30,18,48,130
09/30/2018,TUP,MS,ASO,CE,Federal Contract Tower,0,8,3,4,15,0,5,33,7,45,0,13,36,11,60,34,20,54,114
10/01/2018,TUP,MS,ASO,CE,Federal Contract Tower,0,11,3,26,40,0,4,45,10,59,0,15,48,36,99,32,42,74,173
10/02/2018,TUP,MS,ASO,CE,Federal Contract Tower,0,8,14,38,60,0,8,64,5,77,0,16,78,43,137,38,24,62,199
10/03/2018,TUP,MS,ASO,CE,Federal Contract Tower,0,9,9,19,37,0,8,65,12,85,0,17,74,31,122,38,62,100,222
10/04/2018,TUP,MS,ASO,CE,Federal Contract Tower,0,11,10,28,49,0,5,62,15,82,0,16,72,43,131,68,20,88,219
10/05/2018,TUP,MS,ASO,CE,Federal Contract Tower,0,10,12,18,40,0,5,56,6,67,0,15,68,24,107,42,40,82,189
10/06/2018,TUP,MS,ASO,CE,Federal Contract Tower,0,6,6,0,12,0,6,51,3,60,0,12,57,3,72,58,18,76,148
10/07/2018,TUP,MS,ASO,CE,Federal Contract Tower,0,9,10,0,19,0,2,46,4,52,0,11,56,4,71,54,22,76,147
10/08/2018,TUP,MS,ASO,CE,Federal Contract Tower,0,11,17,0,28,0,4,52,8,64,0,15,69,8,92,38,10,48,140
10/09/2018,TUP,MS,ASO,CE,Federal Contract Tower,0,8,9,38,55,0,8,49,6,63,0,16,58,44,118,30,52,82,200
10/10/2018,TUP,MS,ASO,CE,Federal Contract Tower,0,9,9,20,38,0,14,60,7,81,0,23,69,27,119,34,24,58,177
10/11/2018,TUP,MS,ASO,CE,Federal Contract Tower,0,10,13,24,47,0,9,57,16,82,0,19,70,40,129,60,54,114,243
10/12/2018,TUP,MS,ASO,CE,Federal Contract Tower,0,10,10,10,30,0,1,35,15,51,0,11,45,25,81,30,34,64,145
10/13/2018,TUP,MS,ASO,CE,Federal Contract Tower,0,6,17,0,23,0,4,38,10,52,0,10,55,10,75,0,20,20,95
10/14/2018,TUP,MS,ASO,CE,Federal Contract Tower,0,8,12,0,20,0,3,39,3,45,0,11,51,3,65,20,8,28,93
10/15/2018,TUP,MS,ASO,CE,Federal Contract Tower,0,10,14,33,57,0,19,4,0,23,0,29,18,33,80,4,14,18,98
10/16/2018,TUP,MS,ASO,CE,Federal Contract Tower,0,7,13,0,20,0,0,0,0,0,0,7,13,0,20,0,0,0,20
10/17/2018,TUP,MS,ASO,CE,Federal Contract Tower,0,8,18,60,86,0,5,61,20,86,0,13,79,80,172,54,78,132,304
10/18/2018,TUP,MS,ASO,CE,Federal Contract Tower,0,8,10,50,68,0,10,53,22,85,0,18,63,72,153,50,52,102,255
10/19/2018,TUP,MS,ASO,CE,Federal Contract Tower,0,11,16,44,71,0,15,54,26,95,0,26,70,70,166,50,80,130,296
10/20/2018,TUP,MS,ASO,CE,Federal Contract Tower,0,2,6,8,16,0,0,20,19,39,0,2,26,27,55,18,20,38,93
10/21/2018,TUP,MS,ASO,CE,Federal Contract Tower,0,8,12,0,20,0,2,36,8,46,0,10,48,8,66,42,4,46,112
10/22/2018,TUP,MS,ASO,CE,Federal Contract Tower,0,10,10,36,56,0,6,51,6,63,0,16,61,42,119,36,20,56,175
10/23/2018,TUP,MS,ASO,CE,Federal Contract Tower,0,14,9,38,61,0,8,53,4,65,0,22,62,42,126,50,12,62,188
10/24/2018,TUP,MS,ASO,CE,Federal Contract Tower,0,8,16,35,59,0,4,44,8,56,0,12,60,43,115,28,18,46,161
10/25/2018,TUP,MS,ASO,CE,Federal Contract Tower,0,12,14,56,82,0,4,13,0,17,0,16,27,56,99,0,0,0,99
10/26/2018,TUP,MS,ASO,CE,Federal Contract Tower,0,10,16,29,55,0,4,0,0,4,0,14,16,29,59,0,0,0,59
10/27/2018,TUP,MS,ASO,CE,Federal Contract Tower,0,10,7,0,17,0,5,39,7,51,0,15,46,7,68,44,26,70,138
10/28/2018,TUP,MS,ASO,CE,Federal Contract Tower,0,9,8,0,17,0,2,38,5,45,0,11,46,5,62,56,8,64,126
10/29/2018,TUP,MS,ASO,CE,Federal Contract Tower,0,13,3,28,44,0,6,48,11,65,0,19,51,39,109,38,10,48,157
10/30/2018,TUP,MS,ASO,CE,Federal Contract Tower,0,11,21,24,56,0,12,59,5,76,0,23,80,29,132,72,14,86,218
10/31/2018,TUP,MS,ASO,CE,Federal Contract Tower,0,14,16,16,46,0,7,18,0,25,0,21,34,16,71,22,0,22,93
11/01/2018,TUP,MS,ASO,CE,Federal Contract Tower,0,11,11,6,28,0,1,13,12,26,0,12,24,18,54,6,54,60,114
11/02/2018,TUP,MS,ASO,CE,Federal Contract Tower,0,10,14,21,45,0,4,51,1,56,0,14,65,22,101,50,16,66,167
11/03/2018,TUP,MS,ASO,CE,Federal Contract Tower,2,5,3,1,11,0,2,37,11,50,2,7,40,12,61,26,10,36,97
11/04/2018,TUP,MS,ASO,CE,Federal Contract Tower,0,8,16,0,24,0,0,16,13,29,0,8,32,13,53,6,20,26,79
11/05/2018,TUP,MS,ASO,CE,Federal Contract Tower,0,6,9,3,18,0,0,0,0,0,0,6,9,3,18,0,0,0,18
11/06/2018,TUP,MS,ASO,CE,Federal Contract Tower,0,7,12,14,33,0,10,44,3,57,0,17,56,17,90,44,18,62,152
11/07/2018,TUP,MS,ASO,CE,Federal Contract Tower,0,8,7,31,46,0,8,39,10,57,0,16,46,41,103,28,62,90,193
11/08/2018,TUP,MS,ASO,CE,Federal Contract Tower,0,10,20,52,82,0,8,49,30,87,0,18,69,82,169,24,86,110,279
11/09/2018,TUP,MS,ASO,CE,Federal Contract Tower,4,10,7,5,26,0,12,2,0,14,4,22,9,5,40,12,8,20,60
11/11/2018,TUP,MS,ASO,CE,Federal Contract Tower,0,7,10,0,17,0,0,28,4,32,0,7,38,4,49,28,6,34,83
11/12/2018,TUP,MS,ASO,CE,Federal Contract Tower,0,10,4,0,14,0,0,0,0,0,0,10,4,0,14,0,0,0,14
11/13/2018,TUP,MS,ASO,CE,Federal Contract Tower,0,8,7,60,75,0,6,16,1,23,0,14,23,61,98,0,0,0,98
11/14/2018,TUP,MS,ASO,CE,Federal Contract Tower,0,6,9,0,15,0,0,2,0,2,0,6,11,0,17,0,0,0,17
11/15/2018,TUP,MS,ASO,CE,Federal Contract Tower,0,10,9,15,34,0,0,32,18,50,0,10,41,33,84,14,28,42,126
11/16/2018,TUP,MS,ASO,CE,Federal Contract Tower,2,12,10,15,39,0,5,54,24,83,2,17,64,39,122,68,30,98,220
11/17/2018,TUP,MS,ASO,CE,Federal Contract Tower,0,7,7,4,18,0,5,50,17,72,0,12,57,21,90,58,8,66,156
11/18/2018,TUP,MS,ASO,CE,Federal Contract Tower,0,10,11,0,21,0,3,32,10,45,0,13,43,10,66,40,8,48,114
11/19/2018,TUP,MS,ASO,CE,Federal Contract Tower,0,11,23,18,52,0,0,0,0,0,0,11,23,18,52,0,0,0,52
11/20/2018,TUP,MS,ASO,CE,Federal Contract Tower,0,13,7,30,50,0,8,52,3,63,0,21,59,33,113,52,14,66,179
11/21/2018,TUP,MS,ASO,CE,Federal Contract Tower,0,11,11,6,28,0,6,54,2,62,0,17,65,8,90,66,14,80,170
11/22/2018,TUP,MS,ASO,CE,Federal Contract Tower,0,3,5,0,8,0,5,29,0,34,0,8,34,0,42,18,0,18,60
11/23/2018,TUP,MS,ASO,CE,Federal Contract Tower,0,9,7,2,18,0,5,2,0,7,0,14,9,2,25,0,0,0,25
11/24/2018,TUP,MS,ASO,CE,Federal Contract Tower,0,7,12,0,19,0,1,43,0,44,0,8,55,0,63,40,0,40,103
11/25/2018,TUP,MS,ASO,CE,Federal Contract Tower,0,10,15,2,27,0,0,7,0,7,0,10,22,2,34,0,0,0,34
11/26/2018,TUP,MS,ASO,CE,Federal Contract Tower,0,2,7,16,25,0,4,29,0,33,0,6,36,16,58,10,0,10,68
11/27/2018,TUP,MS,ASO,CE,Federal Contract Tower,0,9,5,30,44,0,6,50,0,56,0,15,55,30,100,24,0,24,124
11/28/2018,TUP,MS,ASO,CE,Federal Contract Tower,0,8,16,36,60,0,2,49,10,61,0,10,65,46,121,52,32,84,205
11/29/2018,TUP,MS,ASO,CE,Federal Contract Tower,0,15,9,38,62,0,3,17,10,30,0,18,26,48,92,6,34,40,132
11/30/2018,TUP,MS,ASO,CE,Federal Contract Tower,0,10,6,6,22,0,0,0,0,0,0,10,6,6,22,0,0,0,22
12/01/2018,TUP,MS,ASO,CE,Federal Contract Tower,0,10,3,0,13,0,12,0,0,12,0,22,3,0,25,12,0,12,37
12/02/2018,TUP,MS,ASO,CE,Federal Contract Tower,0,8,0,0,8,0,4,38,0,42,0,12,38,0,50,60,0,60,110
12/03/2018,TUP,MS,ASO,CE,Federal Contract Tower,0,11,6,40,57,0,3,44,4,51,0,14,50,44,108,32,2,34,142
12/04/2018,TUP,MS,ASO,CE,Federal Contract Tower,0,9,20,40,69,0,10,49,6,65,0,19,69,46,134,52,20,72,206
12/05/2018,TUP,MS,ASO,CE,Federal Contract Tower,0,8,13,0,21,0,8,59,0,67,0,16,72,0,88,76,0,76,164
12/06/2018,TUP,MS,ASO,CE,Federal Contract Tower,0,10,15,8,33,0,1,28,26,55,0,11,43,34,88,14,8,22,110
12/07/2018,TUP,MS,ASO,CE,Federal Contract Tower,0,10,7,12,29,0,0,0,0,0,0,10,7,12,29,0,0,0,29
12/08/2018,TUP,MS,ASO,CE,Federal Contract Tower,0,6,5,0,11,0,0,0,0,0,0,6,5,0,11,0,0,0,11
12/09/2018,TUP,MS,ASO,CE,Federal Contract Tower,0,9,5,0,14,0,0,0,0,0,0,9,5,0,14,0,0,0,14
12/10/2018,TUP,MS,ASO,CE,Federal Contract Tower,0,11,15,17,43,0,3,34,12,49,0,14,49,29,92,24,12,36,128
12/11/2018,TUP,MS,ASO,CE,Federal Contract Tower,0,6,3,27,36,0,10,35,23,68,0,16,38,50,104,36,52,88,192
12/12/2018,TUP,MS,ASO,CE,Federal Contract Tower,0,10,3,28,41,0,5,40,14,59,0,15,43,42,100,48,20,68,168
12/13/2018,TUP,MS,ASO,CE,Federal Contract Tower,0,11,12,39,62,0,5,42,12,59,0,16,54,51,121,22,40,62,183
12/14/2018,TUP,MS,ASO,CE,Federal Contract Tower,0,13,15,8,36,0,0,2,0,2,0,13,17,8,38,2,0,2,40
12/15/2018,TUP,MS,ASO,CE,Federal Contract Tower,0,5,8,0,13,0,0,0,0,0,0,5,8,0,13,0,0,0,13
12/16/2018,TUP,MS,ASO,CE,Federal Contract Tower,0,9,11,0,20,0,1,20,0,21,0,10,31,0,41,20,0,20,61
12/17/2018,TUP,MS,ASO,CE,Federal Contract Tower,1,10,5,2,18,0,4,27,4,35,1,14,32,6,53,22,18,40,93
12/18/2018,TUP,MS,ASO,CE,Federal Contract Tower,0,8,20,18,46,0,6,52,2,60,0,14,72,20,106,40,4,44,150
12/19/2018,TUP,MS,ASO,CE,Federal Contract Tower,0,9,11,40,60,0,7,38,13,58,0,16,49,53,118,10,42,52,170
12/20/2018,TUP,MS,ASO,CE,Federal Contract Tower,0,9,10,8,27,0,8,16,2,26,0,17,26,10,53,0,6,6,59
12/21/2018,TUP,MS,ASO,CE,Federal Contract Tower,0,10,4,2,16,0,5,23,3,31,0,15,27,5,47,14,2,16,63
12/22/2018,TUP,MS,ASO,CE,Federal Contract Tower,0,6,7,0,13,0,1,31,2,34,0,7,38,2,47,18,2,20,67
12/23/2018,TUP,MS,ASO,CE,Federal Contract Tower,0,8,4,0,12,0,3,26,0,29,0,11,30,0,41,20,0,20,61
12/24/2018,TUP,MS,ASO,CE,Federal Contract Tower,0,5,0,0,5,0,1,21,0,22,0,6,21,0,27,14,0,14,41
12/25/2018,TUP,MS,ASO,CE,Federal Contract Tower,0,0,4,0,4,0,0,3,0,3,0,0,7,0,7,0,0,0,7
12/26/2018,TUP,MS,ASO,CE,Federal Contract Tower,0,7,3,0,10,0,6,20,0,26,0,13,23,0,36,34,0,34,70
12/27/2018,TUP,MS,ASO,CE,Federal Contract Tower,0,9,2,0,11,0,1,3,4,8,0,10,5,4,19,2,6,8,27
12/28/2018,TUP,MS,ASO,CE,Federal Contract Tower,0,12,1,0,13,0,5,14,0,19,0,17,15,0,32,10,0,10,42
12/29/2018,TUP,MS,ASO,CE,Federal Contract Tower,0,8,7,0,15,0,2,25,4,31,0,10,32,4,46,18,6,24,70
12/30/2018,TUP,MS,ASO,CE,Federal Contract Tower,0,8,6,0,14,0,1,23,0,24,0,9,29,0,38,14,0,14,52
12/31/2018,TUP,MS,ASO,CE,Federal Contract Tower,0,11,1,0,12,0,2,3,0,5,0,13,4,0,17,0,0,0,17
01/01/2019,TUP,MS,ASO,CE,Federal Contract Tower,0,7,6,0,13,0,6,23,0,29,0,13,29,0,42,10,0,10,52
01/02/2019,TUP,MS,ASO,CE,Federal Contract Tower,2,9,8,22,41,0,0,0,0,0,2,9,8,22,41,0,0,0,41
01/03/2019,TUP,MS,ASO,CE,Federal Contract Tower,0,10,6,67,83,0,0,0,0,0,0,10,6,67,83,0,0,0,83
01/04/2019,TUP,MS,ASO,CE,Federal Contract Tower,0,11,6,0,17,0,0,0,0,0,0,11,6,0,17,0,0,0,17
01/05/2019,TUP,MS,ASO,CE,Federal Contract Tower,0,6,4,1,11,0,4,34,10,48,0,10,38,11,59,26,26,52,111
01/06/2019,TUP,MS,ASO,CE,Federal Contract Tower,0,9,5,0,14,0,4,38,0,42,0,13,43,0,56,42,0,42,98
01/07/2019,TUP,MS,ASO,CE,Federal Contract Tower,0,10,14,26,50,0,4,35,11,50,0,14,49,37,100,16,8,24,124
01/08/2019,TUP,MS,ASO,CE,Federal Contract Tower,0,9,14,40,63,0,7,43,10,60,0,16,57,50,123,20,32,52,175
01/09/2019,TUP,MS,ASO,CE,Federal Contract Tower,0,8,24,34,66,0,7,45,6,58,0,15,69,40,124,36,24,60,184
01/10/2019,TUP,MS,ASO,CE,Federal Contract Tower,0,11,16,14,41,0,9,48,27,84,0,20,64,41,125,12,50,62,187
01/11/2019,TUP,MS,ASO,CE,Federal Contract Tower,0,12,11,26,49,0,5,47,9,61,0,17,58,35,110,46,30,76,186
01/12/2019,TUP,MS,ASO,CE,Federal Contract Tower,0,6,8,0,14,0,0,0,0,0,0,6,8,0,14,0,0,0,14
01/13/2019,TUP,MS,ASO,CE,Federal Contract Tower,0,9,2,0,11,0,0,0,4,4,0,9,2,4,15,0,0,0,15
01/14/2019,TUP,MS,ASO,CE,Federal Contract Tower,0,10,9,41,60,0,0,5,0,5,0,10,14,41,65,0,0,0,65
01/15/2019,TUP,MS,ASO,CE,Federal Contract Tower,0,8,17,26,51,0,12,49,2,63,0,20,66,28,114,50,4,54,168
01/16/2019,TUP,MS,ASO,CE,Federal Contract Tower,0,11,9,38,58,0,7,54,10,71,0,18,63,48,129,56,16,72,201
01/17/2019,TUP,MS,ASO,CE,Federal Contract Tower,0,12,7,8,27,0,0,0,0,0,0,12,7,8,27,0,0,0,27
01/18/2019,TUP,MS,ASO,CE,Federal Contract Tower,0,10,11,22,43,0,0,8,0,8,0,10,19,22,51,8,0,8,59
01/19/2019,TUP,MS,ASO,CE,Federal Contract Tower,0,7,4,0,11,0,0,0,0,0,0,7,4,0,11,0,0,0,11
01/20/2019,TUP,MS,ASO,CE,Federal Contract Tower,0,8,2,0,10,0,3,31,0,34,0,11,33,0,44,26,0,26,70
01/21/2019,TUP,MS,ASO,CE,Federal Contract Tower,0,11,10,0,21,0,3,41,0,44,0,14,51,0,65,38,0,38,103
01/22/2019,TUP,MS,ASO,CE,Federal Contract Tower,0,9,13,17,39,0,5,32,6,43,0,14,45,23,82,12,12,24,106
01/23/2019,TUP,MS,ASO,CE,Federal Contract Tower,0,10,10,2,22,0,0,4,0,4,0,10,14,2,26,6,0,6,32
01/24/2019,TUP,MS,ASO,CE,Federal Contract Tower,0,10,9,36,55,0,5,42,21,68,0,15,51,57,123,48,34,82,205
01/25/2019,TUP,MS,ASO,CE,Federal Contract Tower,0,10,8,42,60,0,4,60,26,90,0,14,68,68,150,86,48,134,284
01/26/2019,TUP,MS,ASO,CE,Federal Contract Tower,0,6,1,2,9,0,19,35,5,59,0,25,36,7,68,50,10,60,128
01/27/2019,TUP,MS,ASO,CE,Federal Contract Tower,0,8,3,0,11,0,4,38,4,46,0,12,41,4,57,36,4,40,97
01/28/2019,TUP,MS,ASO,CE,Federal Contract Tower,0,14,3,22,39,0,7,41,6,54,0,21,44,28,93,30,10,40,133
01/29/2019,TUP,MS,ASO,CE,Federal Contract Tower,0,8,5,10,23,0,7,55,1,63,0,15,60,11,86,38,8,46,132
01/30/2019,TUP,MS,ASO,CE,Federal Contract Tower,0,9,12,30,51,0,5,39,6,50,0,14,51,36,101,50,38,88,189
01/31/2019,TUP,MS,ASO,CE,Federal Contract Tower,0,15,13,15,43,0,4,42,13,59,0,19,55,28,102,48,42,90,192
02/01/2019,TUP,MS,ASO,CE,Federal Contract Tower,0,10,9,10,29,0,5,47,9,61,0,15,56,19,90,60,36,96,186
02/02/2019,TUP,MS,ASO,CE,Federal Contract Tower,0,11,7,2,20,0,5,43,5,53,0,16,50,7,73,56,32,88,161
02/03/2019,TUP,MS,ASO,CE,Federal Contract Tower,0,10,4,2,16,0,3,25,0,28,0,13,29,2,44,20,0,20,64
02/04/2019,TUP,MS,ASO,CE,Federal Contract Tower,0,11,7,20,38,0,0,0,0,0,0,11,7,20,38,0,0,0,38
02/05/2019,TUP,MS,ASO,CE,Federal Contract Tower,0,8,3,0,11,0,0,0,0,0,0,8,3,0,11,0,0,0,11
02/06/2019,TUP,MS,ASO,CE,Federal Contract Tower,0,12,9,20,41,0,4,18,0,22,0,16,27,20,63,12,0,12,75
02/07/2019,TUP,MS,ASO,CE,Federal Contract Tower,0,9,11,7,27,0,6,19,4,29,0,15,30,11,56,12,6,18,74
02/08/2019,TUP,MS,ASO,CE,Federal Contract Tower,0,10,3,15,28,0,5,50,4,59,0,15,53,19,87,60,38,98,185
02/09/2019,TUP,MS,ASO,CE,Federal Contract Tower,0,5,3,0,8,0,6,46,6,58,0,11,49,6,66,42,12,54,120
02/10/2019,TUP,MS,ASO,CE,Federal Contract Tower,0,10,7,6,23,0,3,29,6,38,0,13,36,12,61,32,18,50,111
02/11/2019,TUP,MS,ASO,CE,Federal Contract Tower,0,13,4,16,33,0,0,6,2,8,0,13,10,18,41,6,18,24,65
02/12/2019,TUP,MS,ASO,CE,Federal Contract Tower,0,14,11,26,51,0,8,38,0,46,0,22,49,26,97,48,0,48,145
02/13/2019,TUP,MS,ASO,CE,Federal Contract Tower,0,8,12,13,33,0,6,44,11,61,0,14,56,24,94,54,52,106,200
02/14/2019,TUP,MS,ASO,CE,Federal Contract Tower,0,10,9,34,53,0,5,43,21,69,0,15,52,55,122,36,56,92,214
02/15/2019,TUP,MS,ASO,CE,Federal Contract Tower,0,14,23,26,63,0,4,12,5,21,0,18,35,31,84,10,22,32,116
02/16/2019,TUP,MS,ASO,CE,Federal Contract Tower,0,7,4,2,13,0,2,11,9,22,0,9,15,11,35,22,30,52,87
02/17/2019,TUP,MS,ASO,CE,Federal Contract Tower,0,10,15,0,25,0,0,0,0,0,0,10,15,0,25,0,0,0,25
02/18/2019,TUP,MS,ASO,CE,Federal Contract Tower,0,15,11,0,26,0,3,40,0,43,0,18,51,0,69,36,0,36,105
02/19/2019,TUP,MS,ASO,CE,Federal Contract Tower,0,9,4,1,14,0,1,11,0,12,0,10,15,1,26,8,0,8,34
02/20/2019,TUP,MS,ASO,CE,Federal Contract Tower,0,14,10,9,33,0,0,0,0,0,0,14,10,9,33,0,0,0,33
02/21/2019,TUP,MS,ASO,CE,Federal Contract Tower,0,11,8,0,19,0,0,0,0,0,0,11,8,0,19,0,0,0,19
02/22/2019,TUP,MS,ASO,CE,Federal Contract Tower,0,11,5,0,16,0,1,12,4,17,0,12,17,4,33,0,0,0,33
02/23/2019,TUP,MS,ASO,CE,Federal Contract Tower,0,9,2,0,11,0,1,16,1,18,0,10,18,1,29,22,0,22,51
02/24/2019,TUP,MS,ASO,CE,Federal Contract Tower,0,10,6,0,16,0,4,39,6,49,0,14,45,6,65,36,22,58,123
02/25/2019,TUP,MS,ASO,CE,Federal Contract Tower,0,10,13,24,47,0,4,44,6,54,0,14,57,30,101,46,20,66,167
02/26/2019,TUP,MS,ASO,CE,Federal Contract Tower,0,9,17,31,57,0,6,47,13,66,0,15,64,44,123,34,46,80,203
02/27/2019,TUP,MS,ASO,CE,Federal Contract Tower,0,9,8,39,56,0,5,52,12,69,0,14,60,51,125,32,36,68,193
02/28/2019,TUP,MS,ASO,CE,Federal Contract Tower,0,11,10,36,57,0,1,17,10,28,0,12,27,46,85,28,22,50,135
03/01/2019,TUP,MS,ASO,CE,Federal Contract Tower,0,9,4,41,54,0,13,9,0,22,0,22,13,41,76,12,16,28,104
03/02/2019,TUP,MS,ASO,CE,Federal Contract Tower,0,6,2,2,10,0,2,28,22,52,0,8,30,24,62,22,24,46,108
03/03/2019,TUP,MS,ASO,CE,Federal Contract Tower,0,8,4,0,12,0,0,0,0,0,0,8,4,0,12,0,0,0,12
03/04/2019,TUP,MS,ASO,CE,Federal Contract Tower,2,12,13,25,52,0,4,41,12,57,2,16,54,37,109,34,28,62,171
03/05/2019,TUP,MS,ASO,CE,Federal Contract Tower,0,8,16,22,46,0,10,50,10,70,0,18,66,32,116,32,16,48,164
03/06/2019,TUP,MS,ASO,CE,Federal Contract Tower,0,10,5,38,53,0,4,49,12,65,0,14,54,50,118,46,20,66,184
03/07/2019,TUP,MS,ASO,CE,Federal Contract Tower,0,15,22,21,58,0,4,52,8,64,0,19,74,29,122,36,30,66,188
03/08/2019,TUP,MS,ASO,CE,Federal Contract Tower,0,16,6,4,26,0,17,2,0,19,0,33,8,4,45,10,4,14,59
03/09/2019,TUP,MS,ASO,CE,Federal Contract Tower,2,7,7,0,16,0,0,0,0,0,2,7,7,0,16,0,0,0,16
03/10/2019,TUP,MS,ASO,CE,Federal Contract Tower,0,10,6,8,24,0,3,42,4,49,0,13,48,12,73,46,16,62,135
03/11/2019,TUP,MS,ASO,CE,Federal Contract Tower,0,11,2,24,37,0,6,43,7,56,0,17,45,31,93,32,16,48,141
03/12/2019,TUP,MS,ASO,CE,Federal Contract Tower,0,8,10,30,48,0,10,53,6,69,0,18,63,36,117,54,32,86,203
03/13/2019,TUP,MS,ASO,CE,Federal Contract Tower,0,8,11,58,77,0,6,35,8,49,0,14,46,66,126,26,36,62,188
03/14/2019,TUP,MS,ASO,CE,Federal Contract Tower,0,12,7,6,25,0,3,33,2,38,0,15,40,8,63,24,0,24,87
03/15/2019,TUP,MS,ASO,CE,Federal Contract Tower,0,15,3,40,58,0,2,50,18,70,0,17,53,58,128,40,40,80,208
03/16/2019,TUP,MS,ASO,CE,Federal Contract Tower,0,6,14,2,22,0,6,46,4,56,0,12,60,6,78,54,16,70,148
03/17/2019,TUP,MS,ASO,CE,Federal Contract Tower,0,8,6,1,15,0,7,42,4,53,0,15,48,5,68,44,14,58,126
03/18/2019,TUP,MS,ASO,CE,Federal Contract Tower,0,10,9,22,41,0,4,56,8,68,0,14,65,30,109,38,30,68,177
03/19/2019,TUP,MS,ASO,CE,Federal Contract Tower,0,8,16,30,54,0,13,63,8,84,0,21,79,38,138,52,30,82,220
03/20/2019,TUP,MS,ASO,CE,Federal Contract Tower,2,10,8,40,60,0,5,45,7,57,2,15,53,47,117,54,46,100,217
03/21/2019,TUP,MS,ASO,CE,Federal Contract Tower,0,10,18,34,62,0,5,46,9,60,0,15,64,43,122,44,60,104,226
03/22/2019,TUP,MS,ASO,CE,Federal Contract Tower,2,13,14,30,59,0,5,53,11,69,2,18,67,41,128,54,44,98,226
03/23/2019,TUP,MS,ASO,CE,Federal Contract Tower,0,6,4,2,12,0,4,44,5,53,0,10,48,7,65,34,32,66,131
03/24/2019,TUP,MS,ASO,CE,Federal Contract Tower,0,8,0,1,9,0,3,29,4,36,0,11,29,5,45,34,4,38,83
03/25/2019,TUP,MS,ASO,CE,Federal Contract Tower,0,10,7,41,58,0,3,26,8,37,0,13,33,49,95,16,12,28,123
03/26/2019,TUP,MS,ASO,CE,Federal Contract Tower,0,11,20,45,76,0,8,55,11,74,0,19,75,56,150,58,44,102,252
03/27/2019,TUP,MS,ASO,CE,Federal Contract Tower,0,11,19,16,46,0,5,38,9,52,0,16,57,25,98,48,38,86,184
03/28/2019,TUP,MS,ASO,CE,Federal Contract Tower,0,14,10,27,51,0,6,51,18,75,0,20,61,45,126,38,50,88,214
03/29/2019,TUP,MS,ASO,CE,Federal Contract Tower,0,11,12,30,53,0,2,28,5,35,0,13,40,35,88,36,38,74,162
03/30/2019,TUP,MS,ASO,CE,Federal Contract Tower,0,6,8,7,21,0,6,13,2,21,0,12,21,9,42,12,10,22,64
03/31/2019,TUP,MS,ASO,CE,Federal Contract Tower,0,9,10,2,21,0,33,2,0,35,0,42,12,2,56,34,8,42,98
04/01/2019,TUP,MS,ASO,CE,Federal Contract Tower,0,10,5,22,37,0,7,50,6,63,0,17,55,28,100,40,26,66,166
04/02/2019,TUP,MS,ASO,CE,Federal Contract Tower,0,6,11,26,43,0,9,42,7,58,0,15,53,33,101,36,22,58,159
04/03/2019,TUP,MS,ASO,CE,Federal Contract Tower,0,6,15,28,49,0,4,57,14,75,0,10,72,42,124,40,26,66,190
04/04/2019,TUP,MS,ASO,CE,Federal Contract Tower,0,8,9,8,25,0,0,0,0,0,0,8,9,8,25,0,0,0,25
04/05/2019,TUP,MS,ASO,CE,Federal Contract Tower,0,6,8,33,47,0,8,48,7,63,0,14,56,40,110,16,52,68,178
04/06/2019,TUP,MS,ASO,CE,Federal Contract Tower,1,5,7,0,13,0,6,48,5,59,1,11,55,5,72,48,16,64,136
04/07/2019,TUP,MS,ASO,CE,Federal Contract Tower,0,8,5,0,13,0,1,14,2,17,0,9,19,2,30,12,8,20,50
04/08/2019,TUP,MS,ASO,CE,Federal Contract Tower,0,4,9,6,19,0,0,9,0,9,0,4,18,6,28,8,0,8,36
04/09/2019,TUP,MS,ASO,CE,Federal Contract Tower,0,4,13,58,75,0,8,54,9,71,0,12,67,67,146,52,48,100,246
04/10/2019,TUP,MS,ASO,CE,Federal Contract Tower,0,5,19,30,54,0,5,59,4,68,0,10,78,34,122,84,6,90,212
04/11/2019,TUP,MS,ASO,CE,Federal Contract Tower,0,8,14,25,47,0,5,42,18,65,0,13,56,43,112,38,58,96,208
04/12/2019,TUP,MS,ASO,CE,Federal Contract Tower,0,9,13,52,74,0,5,38,8,51,0,14,51,60,125,30,20,50,175
04/13/2019,TUP,MS,ASO,CE,Federal Contract Tower,0,4,1,0,5,0,13,7,0,20,0,17,8,0,25,10,26,36,61
04/14/2019,TUP,MS,ASO,CE,Federal Contract Tower,0,6,6,0,12,0,0,16,3,19,0,6,22,3,31,10,8,18,49
04/15/2019,TUP,MS,ASO,CE,Federal Contract Tower,0,11,12,31,54,0,8,46,6,60,0,19,58,37,114,44,16,60,174
04/16/2019,TUP,MS,ASO,CE,Federal Contract Tower,0,9,6,30,45,0,10,53,8,71,0,19,59,38,116,58,40,98,214
04/17/2019,TUP,MS,ASO,CE,Federal Contract Tower,0,10,14,24,48,0,7,49,10,66,0,17,63,34,114,38,34,72,186
04/18/2019,TUP,MS,ASO,CE,Federal Contract Tower,0,8,7,2,17,0,0,0,2,2,0,8,7,4,19,0,14,14,33
04/19/2019,TUP,MS,ASO,CE,Federal Contract Tower,0,12,7,33,52,0,0,0,0,0,0,12,7,33,52,0,0,0,52
04/20/2019,TUP,MS,ASO,CE,Federal Contract Tower,0,4,7,2,13,0,3,37,2,42,0,7,44,4,55,26,8,34,89
04/21/2019,TUP,MS,ASO,CE,Federal Contract Tower,0,6,8,0,14,0,3,44,0,47,0,9,52,0,61,44,0,44,105
04/22/2019,TUP,MS,ASO,CE,Federal Contract Tower,0,8,16,31,55,0,3,62,5,70,0,11,78,36,125,44,24,68,193
04/23/2019,TUP,MS,ASO,CE,Federal Contract Tower,0,10,5,27,42,0,6,60,14,80,0,16,65,41,122,48,60,108,230
04/24/2019,TUP,MS,ASO,CE,Federal Contract Tower,1,12,16,35,64,0,2,31,16,49,1,14,47,51,113,28,38,66,179
04/25/2019,TUP,MS,ASO,CE,Federal Contract Tower,1,14,11,0,26,0,2,16,0,18,1,16,27,0,44,2,0,2,46
04/26/2019,TUP,MS,ASO,CE,Federal Contract Tower,0,7,15,35,57,0,7,56,7,70,0,14,71,42,127,66,54,120,247
04/27/2019,TUP,MS,ASO,CE,Federal Contract Tower,2,5,2,4,13,0,9,45,2,56,2,14,47,6,69,40,6,46,115
04/28/2019,TUP,MS,ASO,CE,Federal Contract Tower,0,6,10,2,18,0,4,41,5,50,0,10,51,7,68,46,20,66,134
04/29/2019,TUP,MS,ASO,CE,Federal Contract Tower,0,8,14,18,40,0,5,45,12,62,0,13,59,30,102,40,22,62,164
04/30/2019,TUP,MS,ASO,CE,Federal Contract Tower,0,6,18,28,52,0,10,49,6,65,0,16,67,34,117,50,36,86,203
05/01/2019,TUP,MS,ASO,CE,Federal Contract Tower,0,8,15,42,65,0,6,43,10,59,0,14,58,52,124,38,68,106,230
05/02/2019,TUP,MS,ASO,CE,Federal Contract Tower,0,10,14,40,64,0,3,32,21,56,0,13,46,61,120,28,58,86,206
05/03/2019,TUP,MS,ASO,CE,Federal Contract Tower,0,8,14,34,56,0,4,40,14,58,0,12,54,48,114,62,44,106,220
05/04/2019,TUP,MS,ASO,CE,Federal Contract Tower,0,5,5,5,15,0,4,2,0,6,0,9,7,5,21,0,6,6,27
05/05/2019,TUP,MS,ASO,CE,Federal Contract Tower,0,6,11,0,17,0,4,32,2,38,0,10,43,2,55,26,5,31,86
05/06/2019,TUP,MS,ASO,CE,Federal Contract Tower,0,9,7,26,42,0,4,61,14,79,0,13,68,40,121,42,36,78,199
05/07/2019,TUP,MS,ASO,CE,Federal Contract Tower,0,6,19,24,49,0,14,58,4,76,0,20,77,28,125,86,32,118,243
05/08/2019,TUP,MS,ASO,CE,Federal Contract Tower,0,6,12,24,42,0,7,47,7,61,0,13,59,31,103,50,44,94,197
05/09/2019,TUP,MS,ASO,CE,Federal Contract Tower,0,9,9,24,42,0,1,5,14,20,0,10,14,38,62,4,36,40,102
05/10/2019,TUP,MS,ASO,CE,Federal Contract Tower,0,7,11,14,32,0,4,9,2,15,0,11,20,16,47,10,8,18,65
05/11/2019,TUP,MS,ASO,CE,Federal Contract Tower,0,6,5,2,13,0,1,9,1,11,0,7,14,3,24,2,2,4,28
05/12/2019,TUP,MS,ASO,CE,Federal Contract Tower,0,10,4,2,16,0,4,23,2,29,0,14,27,4,45,16,8,24,69
05/13/2019,TUP,MS,ASO,CE,Federal Contract Tower,0,7,7,33,47,0,7,63,6,76,0,14,70,39,123,42,18,60,183
05/14/2019,TUP,MS,ASO,CE,Federal Contract Tower,0,6,13,36,55,0,7,71,9,87,0,13,84,45,142,64,32,96,238
05/15/2019,TUP,MS,ASO,CE,Federal Contract Tower,0,8,16,20,44,0,7,70,22,99,0,15,86,42,143,64,68,132,275
05/16/2019,TUP,MS,ASO,CE,Federal Contract Tower,0,19,9,41,69,0,8,77,22,107,0,27,86,63,176,96,74,170,346
05/17/2019,TUP,MS,ASO,CE,Federal Contract Tower,0,12,4,29,45,0,4,56,18,78,0,16,60,47,123,76,46,122,245
05/18/2019,TUP,MS,ASO,CE,Federal Contract Tower,0,4,11,1,16,0,5,55,7,67,0,9,66,8,83,66,48,114,197
05/19/2019,TUP,MS,ASO,CE,Federal Contract Tower,0,6,5,6,17,0,11,34,7,52,0,17,39,13,69,30,26,56,125
05/20/2019,TUP,MS,ASO,CE,Federal Contract Tower,0,12,6,36,54,0,9,58,15,82,0,21,64,51,136,36,96,132,268
05/21/2019,TUP,MS,ASO,CE,Federal Contract Tower,0,6,12,48,66,0,6,56,8,70,0,12,68,56,136,62,58,120,256
05/22/2019,TUP,MS,ASO,CE,Federal Contract Tower,0,11,17,30,58,0,9,59,14,82,0,20,76,44,140,68,60,128,268
05/23/2019,TUP,MS,ASO,CE,Federal Contract Tower,0,9,11,34,54,0,10,69,20,99,0,19,80,54,153,64,66,130,283
05/24/2019,TUP,MS,ASO,CE,Federal Contract Tower,0,8,15,0,23,0,4,57,11,72,0,12,72,11,95,52,40,92,187
05/25/2019,TUP,MS,ASO,CE,Federal Contract Tower,0,4,3,7,14,0,4,56,7,67,0,8,59,14,81,62,16,78,159
05/26/2019,TUP,MS,ASO,CE,Federal Contract Tower,2,6,6,0,14,0,5,40,3,48,2,11,46,3,62,34,6,40,102
05/27/2019,TUP,MS,ASO,CE,Federal Contract Tower,0,6,6,5,17,0,4,42,1,47,0,10,48,6,64,26,4,30,94
05/28/2019,TUP,MS,ASO,CE,Federal Contract Tower,0,10,7,28,45,0,8,59,14,81,0,18,66,42,126,62,48,110,236
05/29/2019,TUP,MS,ASO,CE,Federal Contract Tower,0,8,21,44,73,0,9,53,13,75,0,17,74,57,148,70,88,158,306
05/30/2019,TUP,MS,ASO,CE,Federal Contract Tower,0,8,11,34,53,0,10,59,10,79,0,18,70,44,132,80,72,152,284
05/31/2019,TUP,MS,ASO,CE,Federal Contract Tower,0,8,3,33,44,0,4,66,15,85,0,12,69,48,129,80,114,194,323
06/01/2019,TUP,MS,ASO,CE,Federal Contract Tower,0,4,4,4,12,0,6,58,4,68,0,10,62,8,80,86,16,102,182
06/02/2019,TUP,MS,ASO,CE,Federal Contract Tower,0,6,9,0,15,0,4,35,7,46,0,10,44,7,61,40,20,60,121
06/03/2019,TUP,MS,ASO,CE,Federal Contract Tower,0,10,13,28,51,0,6,49,17,72,0,16,62,45,123,40,64,104,227
06/04/2019,TUP,MS,ASO,CE,Federal Contract Tower,0,6,18,40,64,0,9,69,12,90,0,15,87,52,154,56,100,156,310
06/05/2019,TUP,MS,ASO,CE,Federal Contract Tower,0,8,25,53,86,0,8,56,17,81,0,16,81,70,167,48,122,170,337
06/06/2019,TUP,MS,ASO,CE,Federal Contract Tower,0,14,9,12,35,0,0,0,0,0,0,14,9,12,35,0,0,0,35
06/07/2019,TUP,MS,ASO,CE,Federal Contract Tower,0,8,7,25,40,0,5,27,8,40,0,13,34,33,80,32,62,94,174
06/08/2019,TUP,MS,ASO,CE,Federal Contract Tower,0,4,9,9,22,0,5,39,6,50,0,9,48,15,72,42,32,74,146
06/09/2019,TUP,MS,ASO,CE,Federal Contract Tower,0,6,7,14,27,0,7,21,3,31,0,13,28,17,58,24,20,44,102
06/10/2019,TUP,MS,ASO,CE,Federal Contract Tower,1,9,3,50,63,0,4,53,17,74,1,13,56,67,137,48,90,138,275
06/11/2019,TUP,MS,ASO,CE,Federal Contract Tower,1,7,11,47,66,0,9,59,8,76,1,16,70,55,142,58,78,136,278
06/12/2019,TUP,MS,ASO,CE,Federal Contract Tower,1,10,15,50,76,0,10,66,9,85,1,20,81,59,161,86,124,210,371
06/13/2019,TUP,MS,ASO,CE,Federal Contract Tower,1,11,6,45,63,0,7,55,18,80,1,18,61,63,143,76,148,224,367
06/14/2019,TUP,MS,ASO,CE,Federal Contract Tower,0,14,7,47,68,0,6,57,19,82,0,20,64,66,150,46,138,184,334
06/15/2019,TUP,MS,ASO,CE,Federal Contract Tower,0,6,6,0,12,0,11,29,0,40,0,17,35,0,52,34,0,34,86
06/16/2019,TUP,MS,ASO,CE,Federal Contract Tower,0,7,1,4,12,0,3,31,4,38,0,10,32,8,50,46,30,76,126
06/17/2019,TUP,MS,ASO,CE,Federal Contract Tower,0,9,7,20,36,0,6,41,12,59,0,15,48,32,95,44,60,104,199
06/18/2019,TUP,MS,ASO,CE,Federal Contract Tower,0,9,12,46,67,0,5,33,7,45,0,14,45,53,112,36,18,54,166
06/19/2019,TUP,MS,ASO,CE,Federal Contract Tower,0,6,7,27,40,0,9,51,13,73,0,15,58,40,113,40,74,114,227
06/20/2019,TUP,MS,ASO,CE,Federal Contract Tower,0,8,12,57,77,0,9,50,11,70,0,17,62,68,147,26,94,120,267
06/21/2019,TUP,MS,ASO,CE,Federal Contract Tower,0,7,21,34,62,0,6,53,9,68,0,13,74,43,130,76,74,150,280
06/22/2019,TUP,MS,ASO,CE,Federal Contract Tower,0,5,5,4,14,0,32,4,0,36,0,37,9,4,50,26,12,38,88
06/23/2019,TUP,MS,ASO,CE,Federal Contract Tower,0,8,9,4,21,0,8,35,4,47,0,16,44,8,68,36,26,62,130
06/24/2019,TUP,MS,ASO,CE,Federal Contract Tower,0,8,13,24,45,0,6,37,12,55,0,14,50,36,100,32,110,142,242
06/25/2019,TUP,MS,ASO,CE,Federal Contract Tower,0,6,15,57,78,0,7,52,14,73,0,13,67,71,151,42,88,130,281
06/26/2019,TUP,MS,ASO,CE,Federal Contract Tower,0,7,12,37,56,0,7,55,13,75,0,14,67,50,131,50,92,142,273
06/27/2019,TUP,MS,ASO,CE,Federal Contract Tower,0,8,9,40,57,0,4,34,28,66,0,12,43,68,123,26,72,98,221
06/28/2019,TUP,MS,ASO,CE,Federal Contract Tower,0,7,11,32,50,0,5,53,10,68,0,12,64,42,118,54,62,116,234
06/29/2019,TUP,MS,ASO,CE,Federal Contract Tower,0,4,1,2,7,0,6,43,4,53,0,10,44,6,60,38,26,64,124
06/30/2019,TUP,MS,ASO,CE,Federal Contract Tower,0,6,7,4,17,0,6,41,4,51,0,12,48,8,68,44,28,72,140
07/01/2019,TUP,MS,ASO,CE,Federal Contract Tower,0,8,9,44,61,0,3,55,7,65,0,11,64,51,126,24,26,50,176
07/02/2019,TUP,MS,ASO,CE,Federal Contract Tower,0,6,4,37,47,0,5,43,13,61,0,11,47,50,108,52,88,140,248
07/03/2019,TUP,MS,ASO,CE,Federal Contract Tower,0,6,8,18,32,0,6,39,6,51,0,12,47,24,83,38,40,78,161
07/04/2019,TUP,MS,ASO,CE,Federal Contract Tower,0,4,3,0,7,0,4,28,0,32,0,8,31,0,39,18,0,18,57
07/05/2019,TUP,MS,ASO,CE,Federal Contract Tower,0,8,2,0,10,0,4,29,4,37,0,12,31,4,47,50,2,52,99
07/06/2019,TUP,MS,ASO,CE,Federal Contract Tower,0,4,3,0,7,0,5,43,4,52,0,9,46,4,59,46,8,54,113
07/07/2019,TUP,MS,ASO,CE,Federal Contract Tower,0,6,12,0,18,0,3,41,0,44,0,9,53,0,62,30,0,30,92
07/08/2019,TUP,MS,ASO,CE,Federal Contract Tower,0,9,12,44,65,0,5,40,17,62,0,14,52,61,127,8,126,134,261
07/09/2019,TUP,MS,ASO,CE,Federal Contract Tower,0,7,10,48,65,0,7,48,10,65,0,14,58,58,130,40,88,128,258
07/10/2019,TUP,MS,ASO,CE,Federal Contract Tower,0,6,13,36,55,0,5,48,16,69,0,11,61,52,124,38,100,138,262
07/11/2019,TUP,MS,ASO,CE,Federal Contract Tower,0,11,8,40,59,0,4,40,24,68,0,15,48,64,127,32,96,128,255
07/12/2019,TUP,MS,ASO,CE,Federal Contract Tower,0,8,9,34,51,0,4,52,29,85,0,12,61,63,136,60,106,166,302
07/13/2019,TUP,MS,ASO,CE,Federal Contract Tower,0,4,6,2,12,0,2,36,20,58,0,6,42,22,70,4,30,34,104
07/14/2019,TUP,MS,ASO,CE,Federal Contract Tower,0,6,2,0,8,0,2,12,3,17,0,8,14,3,25,0,0,0,25
07/15/2019,TUP,MS,ASO,CE,Federal Contract Tower,0,10,6,8,24,0,3,24,8,35,0,13,30,16,59,20,24,44,103
07/16/2019,TUP,MS,ASO,CE,Federal Contract Tower,0,7,8,23,38,0,4,19,5,28,0,11,27,28,66,2,14,16,82
07/17/2019,TUP,MS,ASO,CE,Federal Contract Tower,0,9,20,26,55,0,7,37,5,49,0,16,57,31,104,14,22,36,140
07/18/2019,TUP,MS,ASO,CE,Federal Contract Tower,0,8,9,36,53,0,4,53,21,78,0,12,62,57,131,26,102,128,259
07/19/2019,TUP,MS,ASO,CE,Federal Contract Tower,0,8,6,46,60,0,8,48,20,76,0,16,54,66,136,58,90,148,284
07/20/2019,TUP,MS,ASO,CE,Federal Contract Tower,0,6,11,6,23,0,4,35,7,46,0,10,46,13,69,36,40,76,145
07/21/2019,TUP,MS,ASO,CE,Federal Contract Tower,0,11,7,0,18,0,3,29,2,34,0,14,36,2,52,36,4,40,92
07/22/2019,TUP,MS,ASO,CE,Federal Contract Tower,0,8,6,40,54,0,1,34,11,46,0,9,40,51,100,12,58,70,170
07/23/2019,TUP,MS,ASO,CE,Federal Contract Tower,0,6,15,87,108,0,8,59,22,89,0,14,74,109,197,56,254,310,507
07/24/2019,TUP,MS,ASO,CE,Federal Contract Tower,0,6,24,32,62,0,10,52,14,76,0,16,76,46,138,66,140,206,344
07/25/2019,TUP,MS,ASO,CE,Federal Contract Tower,0,8,16,48,72,0,10,65,22,97,0,18,81,70,169,86,120,206,375
07/26/2019,TUP,MS,ASO,CE,Federal Contract Tower,0,8,16,44,68,0,12,49,13,74,0,20,65,57,142,54,100,154,296
07/27/2019,TUP,MS,ASO,CE,Federal Contract Tower,0,5,15,0,20,0,2,51,1,54,0,7,66,1,74,52,12,64,138
07/28/2019,TUP,MS,ASO,CE,Federal Contract Tower,0,7,7,0,14,0,3,46,4,53,0,10,53,4,67,48,6,54,121
07/29/2019,TUP,MS,ASO,CE,Federal Contract Tower,0,8,11,44,63,0,3,47,16,66,0,11,58,60,129,28,70,98,227
07/30/2019,TUP,MS,ASO,CE,Federal Contract Tower,0,6,13,36,55,0,6,41,14,61,0,12,54,50,116,34,64,98,214
07/31/2019,TUP,MS,ASO,CE,Federal Contract Tower,0,8,5,29,42,0,9,52,11,72,0,17,57,40,114,52,74,126,240
08/01/2019,TUP,MS,ASO,CE,Federal Contract Tower,0,8,16,41,65,0,6,62,20,88,0,14,78,61,153,70,114,184,337
08/02/2019,TUP,MS,ASO,CE,Federal Contract Tower,0,8,8,38,54,0,4,57,15,76,0,12,65,53,130,72,100,172,302
08/03/2019,TUP,MS,ASO,CE,Federal Contract Tower,0,4,7,0,11,0,8,45,7,60,0,12,52,7,71,42,28,70,141
08/04/2019,TUP,MS,ASO,CE,Federal Contract Tower,0,6,8,0,14,0,2,31,6,39,0,8,39,6,53,30,0,30,83
08/05/2019,TUP,MS,ASO,CE,Federal Contract Tower,0,8,11,57,76,0,4,41,6,51,0,12,52,63,127,28,30,58,185
08/06/2019,TUP,MS,ASO,CE,Federal Contract Tower,0,10,15,44,69,0,10,71,12,93,0,20,86,56,162,56,92,148,310
08/07/2019,TUP,MS,ASO,CE,Federal Contract Tower,0,6,16,36,58,0,8,50,14,72,0,14,66,50,130,82,116,198,328
08/08/2019,TUP,MS,ASO,CE,Federal Contract Tower,0,11,11,44,66,0,1,32,18,51,0,12,43,62,117,26,76,102,219
08/09/2019,TUP,MS,ASO,CE,Federal Contract Tower,0,8,15,14,37,0,3,47,4,54,0,11,62,18,91,28,44,72,163
08/10/2019,TUP,MS,ASO,CE,Federal Contract Tower,0,4,3,4,11,0,3,33,2,38,0,7,36,6,49,32,12,44,93
08/11/2019,TUP,MS,ASO,CE,Federal Contract Tower,0,6,14,0,20,0,3,35,2,40,0,9,49,2,60,30,8,38,98
08/12/2019,TUP,MS,ASO,CE,Federal Contract Tower,0,8,6,52,66,0,2,57,20,79,0,10,63,72,145,30,140,170,315
08/13/2019,TUP,MS,ASO,CE,Federal Contract Tower,0,8,15,22,45,0,5,56,10,71,0,13,71,32,116,88,46,134,250
08/14/2019,TUP,MS,ASO,CE,Federal Contract Tower,0,8,19,57,84,0,3,53,16,72,0,11,72,73,156,38,134,172,328
08/15/2019,TUP,MS,ASO,CE,Federal Contract Tower,0,8,10,48,66,0,10,75,16,101,0,18,85,64,167,88,124,212,379
08/16/2019,TUP,MS,ASO,CE,Federal Contract Tower,0,7,7,38,52,0,4,60,8,72,0,11,67,46,124,68,74,142,266
08/17/2019,TUP,MS,ASO,CE,Federal Contract Tower,0,4,2,0,6,0,6,54,2,62,0,10,56,2,68,70,12,82,150
08/18/2019,TUP,MS,ASO,CE,Federal Contract Tower,0,6,1,1,8,0,4,50,4,58,0,10,51,5,66,40,34,74,140
08/19/2019,TUP,MS,ASO,CE,Federal Contract Tower,0,8,7,50,65,0,5,68,18,91,0,13,75,68,156,38,82,120,276
08/20/2019,TUP,MS,ASO,CE,Federal Contract Tower,0,8,23,44,75,0,11,62,14,87,0,19,85,58,162,56,144,200,362
08/21/2019,TUP,MS,ASO,CE,Federal Contract Tower,0,6,19,78,103,0,6,61,28,95,0,12,80,106,198,60,240,300,498
08/22/2019,TUP,MS,ASO,CE,Federal Contract Tower,0,8,17,0,25,0,3,44,14,61,0,11,61,14,86,22,38,60,146
08/23/2019,TUP,MS,ASO,CE,Federal Contract Tower,0,8,14,34,56,0,4,61,9,74,0,12,75,43,130,46,82,128,258
08/25/2019,TUP,MS,ASO,CE,Federal Contract Tower,0,6,3,0,9,0,3,17,0,20,0,9,20,0,29,14,0,14,43
08/26/2019,TUP,MS,ASO,CE,Federal Contract Tower,0,8,12,44,64,0,1,23,10,34,0,9,35,54,98,18,74,92,190
08/27/2019,TUP,MS,ASO,CE,Federal Contract Tower,0,5,15,23,43,0,9,40,1,50,0,14,55,24,93,50,18,68,161
08/28/2019,TUP,MS,ASO,CE,Federal Contract Tower,0,6,15,48,69,0,5,57,25,87,0,11,72,73,156,70,106,176,332
08/29/2019,TUP,MS,ASO,CE,Federal Contract Tower,0,8,12,18,38,0,5,58,26,89,0,13,70,44,127,64,112,176,303
08/30/2019,TUP,MS,ASO,CE,Federal Contract Tower,0,7,8,0,15,0,5,57,5,67,0,12,65,5,82,42,0,42,124
08/31/2019,TUP,MS,ASO,CE,Federal Contract Tower,0,4,4,0,8,0,4,59,0,63,0,8,63,0,71,58,0,58,129
09/01/2019,TUP,MS,ASO,CE,Federal Contract Tower,0,6,1,0,7,0,6,56,0,62,0,12,57,0,69,20,0,20,89
09/02/2019,TUP,MS,ASO,CE,Federal Contract Tower,0,6,10,0,16,0,4,43,0,47,0,10,53,0,63,46,0,46,109
09/03/2019,TUP,MS,ASO,CE,Federal Contract Tower,0,8,11,45,64,0,7,63,12,82,0,15,74,57,146,48,46,94,240
09/04/2019,TUP,MS,ASO,CE,Federal Contract Tower,0,6,14,46,66,0,7,53,7,67,0,13,67,53,133,54,80,134,267
09/05/2019,TUP,MS,ASO,CE,Federal Contract Tower,0,9,11,46,66,0,8,66,30,104,0,17,77,76,170,44,50,94,264
09/06/2019,TUP,MS,ASO,CE,Federal Contract Tower,0,9,9,38,56,0,4,61,7,72,0,13,70,45,128,60,48,108,236
09/07/2019,TUP,MS,ASO,CE,Federal Contract Tower,0,4,9,4,17,0,2,56,2,60,0,6,65,6,77,42,0,42,119
09/08/2019,TUP,MS,ASO,CE,Federal Contract Tower,0,6,6,2,14,0,5,46,2,53,0,11,52,4,67,24,8,32,99
09/09/2019,TUP,MS,ASO,CE,Federal Contract Tower,0,8,9,32,49,0,6,48,20,74,0,14,57,52,123,24,58,82,205
09/10/2019,TUP,MS,ASO,CE,Federal Contract Tower,0,10,10,30,50,0,15,52,10,77,0,25,62,40,127,52,50,102,229
09/11/2019,TUP,MS,ASO,CE,Federal Contract Tower,0,6,19,52,77,0,8,58,18,84,0,14,77,70,161,66,72,138,299
09/12/2019,TUP,MS,ASO,CE,Federal Contract Tower,0,9,8,44,61,0,8,53,18,79,0,17,61,62,140,54,96,150,290
09/13/2019,TUP,MS,ASO,CE,Federal Contract Tower,0,9,18,59,86,0,4,61,12,77,0,13,79,71,163,76,90,166,329
09/14/2019,TUP,MS,ASO,CE,Federal Contract Tower,0,4,8,2,14,0,4,49,7,60,0,8,57,9,74,50,28,78,152
09/15/2019,TUP,MS,ASO,CE,Federal Contract Tower,0,10,11,13,34,0,5,36,4,45,0,15,47,17,79,42,28,70,149
09/16/2019,TUP,MS,ASO,CE,Federal Contract Tower,0,13,7,36,56,0,4,50,7,61,0,17,57,43,117,40,60,100,217
09/17/2019,TUP,MS,ASO,CE,Federal Contract Tower,0,9,10,87,106,0,10,61,12,83,0,19,71,99,189,56,66,122,311
09/18/2019,TUP,MS,ASO,CE,Federal Contract Tower,0,6,13,54,73,0,7,53,14,74,0,13,66,68,147,52,70,122,269
09/19/2019,TUP,MS,ASO,CE,Federal Contract Tower,1,8,22,29,60,0,6,51,23,80,1,14,73,52,140,46,70,116,256
09/20/2019,TUP,MS,ASO,CE,Federal Contract Tower,0,11,18,48,77,0,4,69,14,87,0,15,87,62,164,70,56,126,290
09/21/2019,TUP,MS,ASO,CE,Federal Contract Tower,0,4,6,0,10,0,8,57,3,68,0,12,63,3,78,56,12,68,146
09/22/2019,TUP,MS,ASO,CE,Federal Contract Tower,0,6,8,0,14,0,5,35,2,42,0,11,43,2,56,38,0,38,94
09/23/2019,TUP,MS,ASO,CE,Federal Contract Tower,0,8,10,32,50,0,7,51,5,63,0,15,61,37,113,54,52,106,219
09/24/2019,TUP,MS,ASO,CE,Federal Contract Tower,0,6,8,40,54,0,11,68,12,91,0,17,76,52,145,88,32,120,265
09/25/2019,TUP,MS,ASO,CE,Federal Contract Tower,0,6,15,44,65,0,8,59,16,83,0,14,74,60,148,24,82,106,254
09/26/2019,TUP,MS,ASO,CE,Federal Contract Tower,0,10,15,18,43,0,7,59,21,87,0,17,74,39,130,52,90,142,272
09/27/2019,TUP,MS,ASO,CE,Federal Contract Tower,0,10,7,26,43,0,5,50,17,72,0,15,57,43,115,36,82,118,233
09/28/2019,TUP,MS,ASO,CE,Federal Contract Tower,0,4,4,0,8,0,7,56,4,67,0,11,60,4,75,62,18,80,155
09/29/2019,TUP,MS,ASO,CE,Federal Contract Tower,0,6,10,0,16,0,5,41,1,47,0,11,51,1,63,32,12,44,107
09/30/2019,TUP,MS,ASO,CE,Federal Contract Tower,0,10,10,18,38,0,9,50,4,63,0,19,60,22,101,32,30,62,163
10/01/2019,TUP,MS,ASO,CE,Federal Contract Tower,0,6,19,18,43,0,8,65,7,80,0,14,84,25,123,80,44,124,247
10/02/2019,TUP,MS,ASO,CE,Federal Contract Tower,0,6,12,48,66,0,6,64,14,84,0,12,76,62,150,10,52,62,212
10/03/2019,TUP,MS,ASO,CE,Federal Contract Tower,0,8,9,41,58,0,4,62,24,90,0,12,71,65,148,48,68,116,264
10/04/2019,TUP,MS,ASO,CE,Federal Contract Tower,0,11,8,12,31,0,4,55,7,66,0,15,63,19,97,40,28,68,165
10/05/2019,TUP,MS,ASO,CE,Federal Contract Tower,1,4,8,0,13,0,11,56,5,72,1,15,64,5,85,60,22,82,167
10/06/2019,TUP,MS,ASO,CE,Federal Contract Tower,0,6,8,0,14,0,2,36,6,44,0,8,44,6,58,36,20,56,114
10/07/2019,TUP,MS,ASO,CE,Federal Contract Tower,0,9,9,38,56,0,3,19,4,26,0,12,28,42,82,4,12,16,98
10/08/2019,TUP,MS,ASO,CE,Federal Contract Tower,0,6,15,14,35,0,0,1,0,1,0,6,16,14,36,0,0,0,36
10/09/2019,TUP,MS,ASO,CE,Federal Contract Tower,0,7,10,8,25,0,6,50,8,64,0,13,60,16,89,54,26,80,169
10/10/2019,TUP,MS,ASO,CE,Federal Contract Tower,0,8,20,29,57,0,6,64,18,88,0,14,84,47,145,50,70,120,265
10/11/2019,TUP,MS,ASO,CE,Federal Contract Tower,2,9,17,20,48,0,6,34,2,42,2,15,51,22,90,16,18,34,124
10/12/2019,TUP,MS,ASO,CE,Federal Contract Tower,0,4,7,0,11,0,7,58,0,65,0,11,65,0,76,20,0,20,96
10/13/2019,TUP,MS,ASO,CE,Federal Contract Tower,2,6,14,0,22,0,4,38,5,47,2,10,52,5,69,22,28,50,119
10/14/2019,TUP,MS,ASO,CE,Federal Contract Tower,0,10,9,0,19,0,5,42,0,47,0,15,51,0,66,30,0,30,96
10/15/2019,TUP,MS,ASO,CE,Federal Contract Tower,0,9,7,26,42,0,3,18,2,23,0,12,25,28,65,10,10,20,85
10/16/2019,TUP,MS,ASO,CE,Federal Contract Tower,0,8,19,24,51,0,3,40,14,57,0,11,59,38,108,32,54,86,194
10/17/2019,TUP,MS,ASO,CE,Federal Contract Tower,0,12,11,23,46,0,9,57,18,84,0,21,68,41,130,74,72,146,276
10/18/2019,TUP,MS,ASO,CE,Federal Contract Tower,0,10,10,16,36,0,6,61,7,74,0,16,71,23,110,58,44,102,212
10/19/2019,TUP,MS,ASO,CE,Federal Contract Tower,2,8,9,2,21,0,0,0,0,0,2,8,9,2,21,0,0,0,21
10/20/2019,TUP,MS,ASO,CE,Federal Contract Tower,0,7,13,12,32,0,3,35,9,47,0,10,48,21,79,22,12,34,113
10/21/2019,TUP,MS,ASO,CE,Federal Contract Tower,0,11,6,6,23,0,2,11,0,13,0,13,17,6,36,2,0,2,38
10/22/2019,TUP,MS,ASO,CE,Federal Contract Tower,0,13,15,36,64,0,14,68,9,91,0,27,83,45,155,66,32,98,253
10/23/2019,TUP,MS,ASO,CE,Federal Contract Tower,0,8,21,32,61,0,6,49,16,71,0,14,70,48,132,52,62,114,246
10/24/2019,TUP,MS,ASO,CE,Federal Contract Tower,0,8,11,12,31,0,6,68,18,92,0,14,79,30,123,72,68,140,263
10/25/2019,TUP,MS,ASO,CE,Federal Contract Tower,0,9,6,4,19,0,0,0,0,0,0,9,6,4,19,0,0,0,19
10/26/2019,TUP,MS,ASO,CE,Federal Contract Tower,0,6,4,0,10,0,0,15,0,15,0,6,19,0,25,0,0,0,25
10/27/2019,TUP,MS,ASO,CE,Federal Contract Tower,0,7,9,0,16,0,5,34,1,40,0,12,43,1,56,20,0,20,76
10/28/2019,TUP,MS,ASO,CE,Federal Contract Tower,0,8,14,59,81,0,3,25,7,35,0,11,39,66,116,4,12,16,132
10/29/2019,TUP,MS,ASO,CE,Federal Contract Tower,1,7,18,38,64,0,4,37,9,50,1,11,55,47,114,52,22,74,188
10/30/2019,TUP,MS,ASO,CE,Federal Contract Tower,0,9,16,20,45,0,1,2,0,3,0,10,18,20,48,0,16,16,64
10/31/2019,TUP,MS,ASO,CE,Federal Contract Tower,2,9,7,22,40,0,2,16,8,26,2,11,23,30,66,14,8,22,88
11/01/2019,TUP,MS,ASO,CE,Federal Contract Tower,4,8,13,16,41,0,4,41,14,59,4,12,54,30,100,22,28,50,150
11/02/2019,TUP,MS,ASO,CE,Federal Contract Tower,0,4,14,2,20,0,4,56,9,69,0,8,70,11,89,76,26,102,191
11/03/2019,TUP,MS,ASO,CE,Federal Contract Tower,0,8,7,6,21,0,6,42,3,51,0,14,49,9,72,48,24,72,144
11/04/2019,TUP,MS,ASO,CE,Federal Contract Tower,0,10,4,29,43,0,6,52,14,72,0,16,56,43,115,36,36,72,187
11/05/2019,TUP,MS,ASO,CE,Federal Contract Tower,0,10,11,30,51,0,10,67,8,85,0,20,78,38,136,70,54,124,260
11/06/2019,TUP,MS,ASO,CE,Federal Contract Tower,0,14,8,48,70,0,8,53,18,79,0,22,61,66,149,56,82,138,287
11/07/2019,TUP,MS,ASO,CE,Federal Contract Tower,0,8,5,22,35,0,4,15,12,31,0,12,20,34,66,24,56,80,146
11/08/2019,TUP,MS,ASO,CE,Federal Contract Tower,0,9,15,32,56,0,6,59,15,80,0,15,74,47,136,74,78,152,288
11/09/2019,TUP,MS,ASO,CE,Federal Contract Tower,0,4,6,0,10,0,3,54,6,63,0,7,60,6,73,62,18,80,153
11/10/2019,TUP,MS,ASO,CE,Federal Contract Tower,0,6,7,0,13,0,5,39,4,48,0,11,46,4,61,64,18,82,143
11/11/2019,TUP,MS,ASO,CE,Federal Contract Tower,0,10,7,0,17,0,2,27,0,29,0,12,34,0,46,12,0,12,58
11/12/2019,TUP,MS,ASO,CE,Federal Contract Tower,0,8,13,23,44,0,9,65,17,91,0,17,78,40,135,62,30,92,227
11/13/2019,TUP,MS,ASO,CE,Federal Contract Tower,0,7,12,24,43,0,7,53,18,78,0,14,65,42,121,54,86,140,261
11/14/2019,TUP,MS,ASO,CE,Federal Contract Tower,0,14,11,65,90,0,7,52,18,77,0,21,63,83,167,50,78,128,295
11/15/2019,TUP,MS,ASO,CE,Federal Contract Tower,1,10,5,37,53,0,4,59,11,74,1,14,64,48,127,62,48,110,237
11/16/2019,TUP,MS,ASO,CE,Federal Contract Tower,1,8,7,1,17,0,7,65,10,82,1,15,72,11,99,72,8,80,179
11/17/2019,TUP,MS,ASO,CE,Federal Contract Tower,0,6,0,1,7,0,3,43,7,53,0,9,43,8,60,34,22,56,116
11/18/2019,TUP,MS,ASO,CE,Federal Contract Tower,0,9,18,44,71,0,7,45,8,60,0,16,63,52,131,46,54,100,231
11/19/2019,TUP,MS,ASO,CE,Federal Contract Tower,0,9,18,30,57,0,10,76,11,97,0,19,94,41,154,64,52,116,270
11/20/2019,TUP,MS,ASO,CE,Federal Contract Tower,0,7,11,32,50,0,7,61,18,86,0,14,72,50,136,46,70,116,252
11/21/2019,TUP,MS,ASO,CE,Federal Contract Tower,0,8,16,40,64,0,8,54,26,88,0,16,70,66,152,52,106,158,310
11/22/2019,TUP,MS,ASO,CE,Federal Contract Tower,0,11,6,10,27,0,0,0,0,0,0,11,6,10,27,0,0,0,27
11/23/2019,TUP,MS,ASO,CE,Federal Contract Tower,0,4,5,1,10,0,2,15,0,17,0,6,20,1,27,0,0,0,27
11/24/2019,TUP,MS,ASO,CE,Federal Contract Tower,0,8,3,0,11,0,6,43,4,53,0,14,46,4,64,44,46,90,154
11/25/2019,TUP,MS,ASO,CE,Federal Contract Tower,0,8,9,32,49,0,7,53,14,74,0,15,62,46,123,32,54,86,209
11/26/2019,TUP,MS,ASO,CE,Federal Contract Tower,0,8,6,30,44,0,2,23,5,30,0,10,29,35,74,28,12,40,114
11/27/2019,TUP,MS,ASO,CE,Federal Contract Tower,0,6,10,22,38,0,7,41,9,57,0,13,51,31,95,36,40,76,171
11/28/2019,TUP,MS,ASO,CE,Federal Contract Tower,0,3,2,0,5,0,5,21,0,26,0,8,23,0,31,24,0,24,55
11/29/2019,TUP,MS,ASO,CE,Federal Contract Tower,0,9,9,0,18,0,7,49,0,56,0,16,58,0,74,52,0,52,126
11/30/2019,TUP,MS,ASO,CE,Federal Contract Tower,0,4,4,0,8,0,4,10,0,14,0,8,14,0,22,18,0,18,40
12/01/2019,TUP,MS,ASO,CE,Federal Contract Tower,0,8,16,0,24,0,5,42,0,47,0,13,58,0,71,40,0,40,111
12/02/2019,TUP,MS,ASO,CE,Federal Contract Tower,1,10,7,31,49,0,6,46,3,55,1,16,53,34,104,26,16,42,146
12/03/2019,TUP,MS,ASO,CE,Federal Contract Tower,0,7,5,22,34,0,13,65,10,88,0,20,70,32,122,62,56,118,240
12/04/2019,TUP,MS,ASO,CE,Federal Contract Tower,0,6,8,24,38,0,7,64,14,85,0,13,72,38,123,76,60,136,259
12/05/2019,TUP,MS,ASO,CE,Federal Contract Tower,0,10,11,39,60,0,5,59,32,96,0,15,70,71,156,62,96,158,314
12/06/2019,TUP,MS,ASO,CE,Federal Contract Tower,0,9,13,21,43,0,0,0,0,0,0,9,13,21,43,0,0,0,43
12/07/2019,TUP,MS,ASO,CE,Federal Contract Tower,0,6,7,2,15,0,2,30,3,35,0,8,37,5,50,14,14,28,78
12/08/2019,TUP,MS,ASO,CE,Federal Contract Tower,0,8,10,8,26,0,1,31,1,33,0,9,41,9,59,20,10,30,89
12/09/2019,TUP,MS,ASO,CE,Federal Contract Tower,2,10,16,22,50,0,3,39,4,46,2,13,55,26,96,12,20,32,128
12/10/2019,TUP,MS,ASO,CE,Federal Contract Tower,0,9,8,0,17,0,0,0,0,0,0,9,8,0,17,0,0,0,17
12/11/2019,TUP,MS,ASO,CE,Federal Contract Tower,0,6,20,30,56,0,6,63,10,79,0,12,83,40,135,52,36,88,223
12/12/2019,TUP,MS,ASO,CE,Federal Contract Tower,0,14,13,41,68,0,10,56,33,99,0,24,69,74,167,66,90,156,323
12/13/2019,TUP,MS,ASO,CE,Federal Contract Tower,0,8,12,9,29,0,0,0,0,0,0,8,12,9,29,0,0,0,29
12/14/2019,TUP,MS,ASO,CE,Federal Contract Tower,0,8,7,10,25,0,6,15,0,21,0,14,22,10,46,16,16,32,78
12/15/2019,TUP,MS,ASO,CE,Federal Contract Tower,0,6,8,15,29,0,3,23,7,33,0,9,31,22,62,24,24,48,110
12/16/2019,TUP,MS,ASO,CE,Federal Contract Tower,0,6,5,0,11,0,4,16,2,22,0,10,21,2,33,4,6,10,43
12/17/2019,TUP,MS,ASO,CE,Federal Contract Tower,0,6,15,20,41,0,10,21,5,36,0,16,36,25,77,4,22,26,103
12/18/2019,TUP,MS,ASO,CE,Federal Contract Tower,0,6,10,40,56,0,3,41,12,56,0,9,51,52,112,50,46,96,208
12/19/2019,TUP,MS,ASO,CE,Federal Contract Tower,0,8,9,32,49,0,6,52,15,73,0,14,61,47,122,40,74,114,236
12/20/2019,TUP,MS,ASO,CE,Federal Contract Tower,0,8,7,0,15,0,5,50,1,56,0,13,57,1,71,58,2,60,131
12/21/2019,TUP,MS,ASO,CE,Federal Contract Tower,0,4,4,0,8,0,4,41,0,45,0,8,45,0,53,14,0,14,67
12/22/2019,TUP,MS,ASO,CE,Federal Contract Tower,0,6,3,0,9,0,0,0,0,0,0,6,3,0,9,0,0,0,9
12/23/2019,TUP,MS,ASO,CE,Federal Contract Tower,0,8,5,0,13,0,1,15,0,16,0,9,20,0,29,10,0,10,39
12/24/2019,TUP,MS,ASO,CE,Federal Contract Tower,0,7,2,0,9,0,8,42,0,50,0,15,44,0,59,46,0,46,105
12/25/2019,TUP,MS,ASO,CE,Federal Contract Tower,0,2,3,0,5,0,0,15,0,15,0,2,18,0,20,8,0,8,28
12/26/2019,TUP,MS,ASO,CE,Federal Contract Tower,0,7,8,1,16,0,4,14,1,19,0,11,22,2,35,12,0,12,47
12/27/2019,TUP,MS,ASO,CE,Federal Contract Tower,0,8,7,0,15,0,3,54,0,57,0,11,61,0,72,32,0,32,104
12/28/2019,TUP,MS,ASO,CE,Federal Contract Tower,0,4,2,0,6,0,0,0,0,0,0,4,2,0,6,0,0,0,6
12/29/2019,TUP,MS,ASO,CE,Federal Contract Tower,0,6,6,0,12,0,0,0,0,0,0,6,6,0,12,0,0,0,12
12/30/2019,TUP,MS,ASO,CE,Federal Contract Tower,0,9,5,0,14,0,3,48,0,51,0,12,53,0,65,36,0,36,101
12/31/2019,TUP,MS,ASO,CE,Federal Contract Tower,0,5,2,0,7,0,6,57,2,65,0,11,59,2,72,36,0,36,108
01/01/2020,TUP,MS,ASO,CE,Federal Contract Tower,0,3,3,0,6,0,4,27,0,31,0,7,30,0,37,22,0,22,59
01/02/2020,TUP,MS,ASO,CE,Federal Contract Tower,0,3,2,0,5,0,0,0,0,0,0,3,2,0,5,0,0,0,5
01/03/2020,TUP,MS,ASO,CE,Federal Contract Tower,0,12,3,6,21,0,0,0,0,0,0,12,3,6,21,0,0,0,21
01/04/2020,TUP,MS,ASO,CE,Federal Contract Tower,0,3,0,0,3,0,2,25,1,28,0,5,25,1,31,44,0,44,75
01/05/2020,TUP,MS,ASO,CE,Federal Contract Tower,0,7,6,0,13,0,7,49,7,63,0,14,55,7,76,74,30,104,180
01/06/2020,TUP,MS,ASO,CE,Federal Contract Tower,0,10,15,42,67,0,3,58,9,70,0,13,73,51,137,24,64,88,225
01/07/2020,TUP,MS,ASO,CE,Federal Contract Tower,0,7,13,31,51,0,9,61,8,78,0,16,74,39,129,70,40,110,239
01/08/2020,TUP,MS,ASO,CE,Federal Contract Tower,1,9,10,29,49,0,9,53,18,80,1,18,63,47,129,58,46,104,233
01/09/2020,TUP,MS,ASO,CE,Federal Contract Tower,0,8,13,52,73,0,7,44,32,83,0,15,57,84,156,42,60,102,258
01/10/2020,TUP,MS,ASO,CE,Federal Contract Tower,0,8,5,30,43,0,2,15,8,25,0,10,20,38,68,20,28,48,116
01/11/2020,TUP,MS,ASO,CE,Federal Contract Tower,2,4,3,1,10,0,0,5,5,10,2,4,8,6,20,2,16,18,38
01/12/2020,TUP,MS,ASO,CE,Federal Contract Tower,0,6,6,1,13,0,4,31,1,36,0,10,37,2,49,26,6,32,81
01/13/2020,TUP,MS,ASO,CE,Federal Contract Tower,0,8,12,48,68,0,2,44,17,63,0,10,56,65,131,44,148,192,323
01/14/2020,TUP,MS,ASO,CE,Federal Contract Tower,1,6,10,18,35,0,0,0,0,0,1,6,10,18,35,0,0,0,35
01/15/2020,TUP,MS,ASO,CE,Federal Contract Tower,0,9,9,26,44,0,3,4,0,7,0,12,13,26,51,0,50,50,101
01/16/2020,TUP,MS,ASO,CE,Federal Contract Tower,0,10,15,22,47,0,5,47,30,82,0,15,62,52,129,40,90,130,259
01/17/2020,TUP,MS,ASO,CE,Federal Contract Tower,0,8,8,28,44,0,2,49,11,62,0,10,57,39,106,38,56,94,200
01/18/2020,TUP,MS,ASO,CE,Federal Contract Tower,0,7,0,0,7,0,0,14,0,14,0,7,14,0,21,6,0,6,27
01/19/2020,TUP,MS,ASO,CE,Federal Contract Tower,0,7,4,5,16,0,5,31,3,39,0,12,35,8,55,42,24,66,121
01/20/2020,TUP,MS,ASO,CE,Federal Contract Tower,0,12,5,5,22,0,8,45,2,55,0,20,50,7,77,30,20,50,127
01/21/2020,TUP,MS,ASO,CE,Federal Contract Tower,0,8,8,42,58,0,8,46,18,72,0,16,54,60,130,34,84,118,248
01/22/2020,TUP,MS,ASO,CE,Federal Contract Tower,0,7,16,19,42,0,9,57,22,88,0,16,73,41,130,60,54,114,244
01/23/2020,TUP,MS,ASO,CE,Federal Contract Tower,0,8,7,44,59,0,2,8,8,18,0,10,15,52,77,12,26,38,115
01/24/2020,TUP,MS,ASO,CE,Federal Contract Tower,0,12,11,26,49,0,2,18,20,40,0,14,29,46,89,16,58,74,163
01/25/2020,TUP,MS,ASO,CE,Federal Contract Tower,0,4,0,10,14,0,2,37,14,53,0,6,37,24,67,62,40,102,169
01/26/2020,TUP,MS,ASO,CE,Federal Contract Tower,2,6,5,0,13,0,6,37,6,49,2,12,42,6,62,30,10,40,102
01/27/2020,TUP,MS,ASO,CE,Federal Contract Tower,0,8,9,28,45,0,2,44,10,56,0,10,53,38,101,30,118,148,249
01/28/2020,TUP,MS,ASO,CE,Federal Contract Tower,0,8,3,37,48,0,9,51,16,76,0,17,54,53,124,20,112,132,256
01/29/2020,TUP,MS,ASO,CE,Federal Contract Tower,0,9,8,40,57,0,3,52,20,75,0,12,60,60,132,42,52,94,226
01/30/2020,TUP,MS,ASO,CE,Federal Contract Tower,0,9,11,22,42,0,4,39,16,59,0,13,50,38,101,44,32,76,177
01/31/2020,TUP,MS,ASO,CE,Federal Contract Tower,0,15,16,25,56,0,4,3,0,7,0,19,19,25,63,2,4,6,69
02/01/2020,TUP,MS,ASO,ES,Federal Contract Tower,0,4,19,1,24,0,3,28,4,35,0,7,47,5,59,34,30,64,123
02/02/2020,TUP,MS,ASO,ES,Federal Contract Tower,0,7,5,0,12,0,2,27,5,34,0,9,32,5,46,30,14,44,90
02/03/2020,TUP,MS,ASO,ES,Federal Contract Tower,0,8,16,22,46,0,5,57,14,76,0,13,73,36,122,24,64,88,210
02/04/2020,TUP,MS,ASO,ES,Federal Contract Tower,0,6,8,10,24,0,0,4,0,4,0,6,12,10,28,6,0,6,34
02/05/2020,TUP,MS,ASO,ES,Federal Contract Tower,0,8,9,0,17,0,0,0,0,0,0,8,9,0,17,0,0,0,17
02/06/2020,TUP,MS,ASO,ES,Federal Contract Tower,0,10,7,32,49,0,0,0,0,0,0,10,7,32,49,0,0,0,49
02/07/2020,TUP,MS,ASO,ES,Federal Contract Tower,1,8,3,30,42,0,6,55,16,77,1,14,58,46,119,54,50,104,223
02/08/2020,TUP,MS,ASO,ES,Federal Contract Tower,1,4,10,0,15,0,4,58,7,69,1,8,68,7,84,56,20,76,160
02/09/2020,TUP,MS,ASO,ES,Federal Contract Tower,0,5,3,9,17,0,2,34,5,41,0,7,37,14,58,36,20,56,114
02/10/2020,TUP,MS,ASO,ES,Federal Contract Tower,0,10,2,0,12,0,0,0,0,0,0,10,2,0,12,0,0,0,12
02/11/2020,TUP,MS,ASO,ES,Federal Contract Tower,0,10,12,15,37,0,0,1,0,1,0,10,13,15,38,0,0,0,38
02/12/2020,TUP,MS,ASO,ES,Federal Contract Tower,0,9,10,0,19,0,0,0,0,0,0,9,10,0,19,0,0,0,19
02/13/2020,TUP,MS,ASO,ES,Federal Contract Tower,0,9,10,40,59,0,6,42,22,70,0,15,52,62,129,42,64,106,235
02/14/2020,TUP,MS,ASO,ES,Federal Contract Tower,0,9,11,35,55,0,9,59,14,82,0,18,70,49,137,72,52,124,261
02/15/2020,TUP,MS,ASO,ES,Federal Contract Tower,0,7,8,0,15,0,5,59,3,67,0,12,67,3,82,66,8,74,156
02/16/2020,TUP,MS,ASO,ES,Federal Contract Tower,0,8,10,8,26,0,3,30,1,34,0,11,40,9,60,38,8,46,106
02/17/2020,TUP,MS,ASO,ES,Federal Contract Tower,0,8,13,2,23,0,1,20,0,21,0,9,33,2,44,10,0,10,54
02/18/2020,TUP,MS,ASO,ES,Federal Contract Tower,0,5,8,0,13,0,0,0,0,0,0,5,8,0,13,0,0,0,13
02/19/2020,TUP,MS,ASO,ES,Federal Contract Tower,0,6,17,39,62,0,7,54,12,73,0,13,71,51,135,62,96,158,293
02/20/2020,TUP,MS,ASO,ES,Federal Contract Tower,0,11,10,0,21,0,3,18,18,39,0,14,28,18,60,26,28,54,114
02/21/2020,TUP,MS,ASO,ES,Federal Contract Tower,0,8,13,10,31,0,4,53,14,71,0,12,66,24,102,60,16,76,178
02/22/2020,TUP,MS,ASO,ES,Federal Contract Tower,0,4,2,12,18,0,3,52,15,70,0,7,54,27,88,50,62,112,200
02/23/2020,TUP,MS,ASO,ES,Federal Contract Tower,0,5,12,14,31,0,5,33,12,50,0,10,45,26,81,30,32,62,143
02/24/2020,TUP,MS,ASO,ES,Federal Contract Tower,0,8,10,0,18,0,4,6,0,10,0,12,16,0,28,0,0,0,28
02/25/2020,TUP,MS,ASO,ES,Federal Contract Tower,0,8,16,21,45,0,6,46,18,70,0,14,62,39,115,56,44,100,215
02/26/2020,TUP,MS,ASO,ES,Federal Contract Tower,0,7,17,10,34,0,4,29,4,37,0,11,46,14,71,14,4,18,89
02/27/2020,TUP,MS,ASO,ES,Federal Contract Tower,0,11,23,17,51,0,6,48,24,78,0,17,71,41,129,64,36,100,229
02/28/2020,TUP,MS,ASO,ES,Federal Contract Tower,0,13,6,16,35,0,2,50,10,62,0,15,56,26,97,60,54,114,211
02/29/2020,TUP,MS,ASO,ES,Federal Contract Tower,0,5,10,0,15,0,4,66,3,73,0,9,76,3,88,92,8,100,188
03/01/2020,TUP,MS,ASO,ES,Federal Contract Tower,0,6,8,14,28,0,4,34,4,42,0,10,42,18,70,30,28,58,128
03/02/2020,TUP,MS,ASO,ES,Federal Contract Tower,0,10,10,10,30,0,2,22,6,30,0,12,32,16,60,14,18,32,92
03/03/2020,TUP,MS,ASO,ES,Federal Contract Tower,2,6,11,1,20,0,9,66,7,82,2,15,77,8,102,62,32,94,196
03/04/2020,TUP,MS,ASO,ES,Federal Contract Tower,0,1,10,10,21,0,4,2,0,6,0,5,12,10,27,0,0,0,27
03/05/2020,TUP,MS,ASO,ES,Federal Contract Tower,0,9,5,2,16,0,6,55,18,79,0,15,60,20,95,62,48,110,205
03/06/2020,TUP,MS,ASO,ES,Federal Contract Tower,0,8,16,15,39,0,4,59,11,74,0,12,75,26,113,60,28,88,201
03/07/2020,TUP,MS,ASO,ES,Federal Contract Tower,0,6,4,6,16,0,4,73,3,80,0,10,77,9,96,52,22,74,170
03/08/2020,TUP,MS,ASO,ES,Federal Contract Tower,0,6,2,5,13,0,4,44,0,48,0,10,46,5,61,46,0,46,107
03/09/2020,TUP,MS,ASO,ES,Federal Contract Tower,0,8,14,2,24,0,3,48,3,54,0,11,62,5,78,24,22,46,124
03/10/2020,TUP,MS,ASO,ES,Federal Contract Tower,0,11,10,28,49,0,4,40,10,54,0,15,50,38,103,46,38,84,187
03/11/2020,TUP,MS,ASO,ES,Federal Contract Tower,1,6,6,2,15,0,2,14,10,26,1,8,20,12,41,12,14,26,67
03/12/2020,TUP,MS,ASO,ES,Federal Contract Tower,0,8,7,32,47,0,6,43,26,75,0,14,50,58,122,56,50,106,228
03/13/2020,TUP,MS,ASO,ES,Federal Contract Tower,1,9,10,3,23,0,6,28,10,44,1,15,38,13,67,28,20,48,115
03/14/2020,TUP,MS,ASO,ES,Federal Contract Tower,0,5,4,0,9,0,5,31,3,39,0,10,35,3,48,20,2,22,70
03/15/2020,TUP,MS,ASO,ES,Federal Contract Tower,0,8,9,0,17,0,1,13,0,14,0,9,22,0,31,0,0,0,31
03/16/2020,TUP,MS,ASO,ES,Federal Contract Tower,0,8,10,15,33,0,4,15,0,19,0,12,25,15,52,0,0,0,52
03/17/2020,TUP,MS,ASO,ES,Federal Contract Tower,0,6,9,18,33,0,4,40,2,46,0,10,49,20,79,36,0,36,115
03/18/2020,TUP,MS,ASO,ES,Federal Contract Tower,0,6,3,25,34,0,6,24,4,34,0,12,27,29,68,30,24,54,122
03/19/2020,TUP,MS,ASO,ES,Federal Contract Tower,0,8,4,29,41,0,4,14,30,48,0,12,18,59,89,16,48,64,153
03/20/2020,TUP,MS,ASO,ES,Federal Contract Tower,0,8,4,0,12,0,0,1,0,1,0,8,5,0,13,0,0,0,13
03/21/2020,TUP,MS,ASO,ES,Federal Contract Tower,0,4,5,1,10,0,3,24,14,41,0,7,29,15,51,6,6,12,63
03/22/2020,TUP,MS,ASO,ES,Federal Contract Tower,0,6,4,0,10,0,2,11,8,21,0,8,15,8,31,22,0,22,53
03/23/2020,TUP,MS,ASO,ES,Federal Contract Tower,0,9,6,10,25,0,0,2,0,2,0,9,8,10,27,0,0,0,27
03/24/2020,TUP,MS,ASO,ES,Federal Contract Tower,0,6,2,4,12,0,0,0,2,2,0,6,2,6,14,0,12,12,26
03/25/2020,TUP,MS,ASO,ES,Federal Contract Tower,0,6,5,18,29,0,2,27,9,38,0,8,32,27,67,42,48,90,157
03/26/2020,TUP,MS,ASO,ES,Federal Contract Tower,0,8,5,12,25,0,3,20,8,31,0,11,25,20,56,24,30,54,110
03/27/2020,TUP,MS,ASO,ES,Federal Contract Tower,0,8,10,6,24,0,2,37,3,42,0,10,47,9,66,38,18,56,122
03/28/2020,TUP,MS,ASO,ES,Federal Contract Tower,0,4,0,12,16,0,5,15,10,30,0,9,15,22,46,16,38,54,100
03/29/2020,TUP,MS,ASO,ES,Federal Contract Tower,0,6,2,0,8,0,5,27,4,36,0,11,29,4,44,36,8,44,88
03/30/2020,TUP,MS,ASO,ES,Federal Contract Tower,0,8,4,8,20,0,1,21,3,25,0,9,25,11,45,20,8,28,73
03/31/2020,TUP,MS,ASO,ES,Federal Contract Tower,0,6,1,12,19,0,0,3,3,6,0,6,4,15,25,0,32,32,57
04/01/2020,TUP,MS,ASO,ES,Federal Contract Tower,0,6,2,10,18,0,2,21,6,29,0,8,23,16,47,32,28,60,107
04/02/2020,TUP,MS,ASO,ES,Federal Contract Tower,0,8,1,14,23,0,2,30,8,40,0,10,31,22,63,34,12,46,109
04/03/2020,TUP,MS,ASO,ES,Federal Contract Tower,0,8,1,10,19,0,0,18,7,25,0,8,19,17,44,36,18,54,98
04/04/2020,TUP,MS,ASO,ES,Federal Contract Tower,0,4,5,11,20,0,7,20,6,33,0,11,25,17,53,32,22,54,107
04/05/2020,TUP,MS,ASO,ES,Federal Contract Tower,0,6,3,0,9,0,6,27,3,36,0,12,30,3,45,20,10,30,75
04/06/2020,TUP,MS,ASO,ES,Federal Contract Tower,0,8,7,8,23,0,4,30,0,34,0,12,37,8,57,6,0,6,63
04/07/2020,TUP,MS,ASO,ES,Federal Contract Tower,0,6,7,2,15,0,0,2,1,3,0,6,9,3,18,0,8,8,26
04/08/2020,TUP,MS,ASO,ES,Federal Contract Tower,0,6,2,0,8,0,4,2,2,8,0,10,4,2,16,0,2,2,18
04/09/2020,TUP,MS,ASO,ES,Federal Contract Tower,0,8,4,26,38,0,2,18,21,41,0,10,22,47,79,14,42,56,135
04/10/2020,TUP,MS,ASO,ES,Federal Contract Tower,0,8,4,20,32,0,4,39,3,46,0,12,43,23,78,48,20,68,146
04/11/2020,TUP,MS,ASO,ES,Federal Contract Tower,0,4,2,8,14,0,5,25,3,33,0,9,27,11,47,32,16,48,95
04/12/2020,TUP,MS,ASO,ES,Federal Contract Tower,0,4,1,0,5,0,0,0,0,0,0,4,1,0,5,0,0,0,5
04/13/2020,TUP,MS,ASO,ES,Federal Contract Tower,0,8,5,20,33,0,2,27,10,39,0,10,32,30,72,10,26,36,108
04/14/2020,TUP,MS,ASO,ES,Federal Contract Tower,0,8,3,22,33,0,7,27,24,58,0,15,30,46,91,26,48,74,165
04/15/2020,TUP,MS,ASO,ES,Federal Contract Tower,0,6,3,18,27,0,4,35,18,57,0,10,38,36,84,58,48,106,190
04/16/2020,TUP,MS,ASO,ES,Federal Contract Tower,0,8,3,14,25,0,1,33,22,56,0,9,36,36,81,20,52,72,153
04/17/2020,TUP,MS,ASO,ES,Federal Contract Tower,0,8,10,16,34,0,8,32,6,46,0,16,42,22,80,34,24,58,138
04/18/2020,TUP,MS,ASO,ES,Federal Contract Tower,0,4,5,12,21,0,4,35,3,42,0,8,40,15,63,40,24,64,127
04/19/2020,TUP,MS,ASO,ES,Federal Contract Tower,0,6,0,0,6,0,0,0,0,0,0,6,0,0,6,0,0,0,6
04/20/2020,TUP,MS,ASO,ES,Federal Contract Tower,0,8,4,22,34,0,2,39,4,45,0,10,43,26,79,46,36,82,161
04/21/2020,TUP,MS,ASO,ES,Federal Contract Tower,0,6,8,14,28,0,8,46,22,76,0,14,54,36,104,38,40,78,182
04/22/2020,TUP,MS,ASO,ES,Federal Contract Tower,0,6,0,14,20,0,3,25,18,46,0,9,25,32,66,12,22,34,100
04/23/2020,TUP,MS,ASO,ES,Federal Contract Tower,0,8,5,15,28,0,2,16,18,36,0,10,21,33,64,4,48,52,116
04/24/2020,TUP,MS,ASO,ES,Federal Contract Tower,0,8,0,16,24,0,4,38,2,44,0,12,38,18,68,32,20,52,120
04/25/2020,TUP,MS,ASO,ES,Federal Contract Tower,0,4,2,2,8,0,6,19,3,28,0,10,21,5,36,16,10,26,62
04/26/2020,TUP,MS,ASO,ES,Federal Contract Tower,0,6,4,0,10,0,4,27,6,37,0,10,31,6,47,26,14,40,87
04/27/2020,TUP,MS,ASO,ES,Federal Contract Tower,0,8,3,3,14,0,8,48,0,56,0,16,51,3,70,64,0,64,134
04/28/2020,TUP,MS,ASO,ES,Federal Contract Tower,0,6,5,20,31,0,38,8,0,46,0,44,13,20,77,30,8,38,115
04/29/2020,TUP,MS,ASO,ES,Federal Contract Tower,0,6,5,11,22,0,2,12,10,24,0,8,17,21,46,16,24,40,86
04/30/2020,TUP,MS,ASO,ES,Federal Contract Tower,0,10,10,20,40,0,0,30,32,62,0,10,40,52,102,18,20,38,140
05/01/2020,TUP,MS,ASO,ES,Federal Contract Tower,0,8,8,14,30,0,3,46,2,51,0,11,54,16,81,30,0,30,111
05/02/2020,TUP,MS,ASO,ES,Federal Contract Tower,0,4,4,20,28,0,6,38,5,49,0,10,42,25,77,24,24,48,125
05/03/2020,TUP,MS,ASO,ES,Federal Contract Tower,0,6,4,0,10,0,5,28,1,34,0,11,32,1,44,34,0,34,78
05/04/2020,TUP,MS,ASO,ES,Federal Contract Tower,0,8,7,8,23,0,6,36,0,42,0,14,43,8,65,80,0,80,145
05/05/2020,TUP,MS,ASO,ES,Federal Contract Tower,0,8,1,28,37,0,4,36,21,61,0,12,37,49,98,38,62,100,198
05/06/2020,TUP,MS,ASO,ES,Federal Contract Tower,0,8,9,10,27,0,6,34,10,50,0,14,43,20,77,26,32,58,135
05/07/2020,TUP,MS,ASO,ES,Federal Contract Tower,0,8,3,14,25,0,2,49,20,71,0,10,52,34,96,46,28,74,170
05/08/2020,TUP,MS,ASO,ES,Federal Contract Tower,0,8,4,4,16,0,4,4,0,8,0,12,8,4,24,0,0,0,24
05/09/2020,TUP,MS,ASO,ES,Federal Contract Tower,0,4,2,10,16,0,10,45,8,63,0,14,47,18,79,38,34,72,151
05/10/2020,TUP,MS,ASO,ES,Federal Contract Tower,0,6,2,0,8,0,5,54,0,59,0,11,56,0,67,44,0,44,111
05/11/2020,TUP,MS,ASO,ES,Federal Contract Tower,0,8,12,4,24,0,12,42,2,56,0,20,54,6,80,36,0,36,116
05/12/2020,TUP,MS,ASO,ES,Federal Contract Tower,0,6,7,18,31,0,3,42,24,69,0,9,49,42,100,72,24,96,196
05/13/2020,TUP,MS,ASO,ES,Federal Contract Tower,0,8,12,14,34,0,2,47,8,57,0,10,59,22,91,68,28,96,187
05/14/2020,TUP,MS,ASO,ES,Federal Contract Tower,0,8,15,18,41,0,3,26,24,53,0,11,41,42,94,50,22,72,166
05/15/2020,TUP,MS,ASO,ES,Federal Contract Tower,0,8,7,26,41,0,2,31,7,40,0,10,38,33,81,18,28,46,127
05/16/2020,TUP,MS,ASO,ES,Federal Contract Tower,0,4,3,4,11,0,5,31,7,43,0,9,34,11,54,30,24,54,108
05/17/2020,TUP,MS,ASO,ES,Federal Contract Tower,0,6,1,0,7,0,3,23,0,26,0,9,24,0,33,48,0,48,81
05/18/2020,TUP,MS,ASO,ES,Federal Contract Tower,0,8,9,20,37,0,4,45,6,55,0,12,54,26,92,90,74,164,256
05/19/2020,TUP,MS,ASO,ES,Federal Contract Tower,0,7,7,16,30,0,5,47,11,63,0,12,54,27,93,96,32,128,221
05/20/2020,TUP,MS,ASO,ES,Federal Contract Tower,0,6,4,2,12,0,4,40,10,54,0,10,44,12,66,54,18,72,138
05/21/2020,TUP,MS,ASO,ES,Federal Contract Tower,0,8,11,16,35,0,8,54,21,83,0,16,65,37,118,86,32,118,236
05/22/2020,TUP,MS,ASO,ES,Federal Contract Tower,0,6,5,0,11,0,0,25,4,29,0,6,30,4,40,32,4,36,76
05/23/2020,TUP,MS,ASO,ES,Federal Contract Tower,0,3,4,2,9,0,4,30,2,36,0,7,34,4,45,42,8,50,95
05/24/2020,TUP,MS,ASO,ES,Federal Contract Tower,0,6,3,0,9,0,8,31,2,41,0,14,34,2,50,50,2,52,102
05/25/2020,TUP,MS,ASO,ES,Federal Contract Tower,0,6,6,0,12,0,3,38,0,41,0,9,44,0,53,34,0,34,87
05/26/2020,TUP,MS,ASO,ES,Federal Contract Tower,0,9,5,0,14,0,1,7,0,8,0,10,12,0,22,10,0,10,32
05/27/2020,TUP,MS,ASO,ES,Federal Contract Tower,0,6,15,32,53,0,2,33,7,42,0,8,48,39,95,32,30,62,157
05/28/2020,TUP,MS,ASO,ES,Federal Contract Tower,0,8,8,8,24,0,3,30,14,47,0,11,38,22,71,34,40,74,145
05/29/2020,TUP,MS,ASO,ES,Federal Contract Tower,0,8,9,14,31,0,5,48,3,56,0,13,57,17,87,58,34,92,179
05/30/2020,TUP,MS,ASO,ES,Federal Contract Tower,0,6,5,0,11,0,9,38,3,50,0,15,43,3,61,64,16,80,141
05/31/2020,TUP,MS,ASO,ES,Federal Contract Tower,0,6,7,0,13,0,3,40,2,45,0,9,47,2,58,44,0,44,102
06/01/2020,TUP,MS,ASO,ES,Federal Contract Tower,0,8,8,34,50,0,1,45,10,56,0,9,53,44,106,42,40,82,188
06/02/2020,TUP,MS,ASO,ES,Federal Contract Tower,0,6,1,18,25,0,5,56,9,70,0,11,57,27,95,56,26,82,177
06/03/2020,TUP,MS,ASO,ES,Federal Contract Tower,0,6,13,16,35,0,4,38,8,50,0,10,51,24,85,42,18,60,145
06/04/2020,TUP,MS,ASO,ES,Federal Contract Tower,0,8,6,26,40,0,7,51,11,69,0,15,57,37,109,58,34,92,201
06/05/2020,TUP,MS,ASO,ES,Federal Contract Tower,0,10,4,10,24,0,4,36,6,46,0,14,40,16,70,38,36,74,144
06/06/2020,TUP,MS,ASO,ES,Federal Contract Tower,0,4,4,0,8,0,5,47,11,63,0,9,51,11,71,66,0,66,137
06/07/2020,TUP,MS,ASO,ES,Federal Contract Tower,0,8,6,2,16,0,5,24,7,36,0,13,30,9,52,26,12,38,90
06/08/2020,TUP,MS,ASO,ES,Federal Contract Tower,0,8,2,0,10,0,0,0,0,0,0,8,2,0,10,0,0,0,10
06/09/2020,TUP,MS,ASO,ES,Federal Contract Tower,0,6,4,22,32,0,0,47,11,58,0,6,51,33,90,54,14,68,158
06/10/2020,TUP,MS,ASO,ES,Federal Contract Tower,0,6,10,34,50,0,6,51,12,69,0,12,61,46,119,54,28,82,201
06/11/2020,TUP,MS,ASO,ES,Federal Contract Tower,0,8,8,20,36,0,9,70,26,105,0,17,78,46,141,98,64,162,303
06/12/2020,TUP,MS,ASO,ES,Federal Contract Tower,0,8,9,27,44,0,5,48,8,61,0,13,57,35,105,48,30,78,183
06/13/2020,TUP,MS,ASO,ES,Federal Contract Tower,0,3,15,0,18,0,7,51,1,59,0,10,66,1,77,82,2,84,161
06/14/2020,TUP,MS,ASO,ES,Federal Contract Tower,0,6,7,0,13,0,9,53,2,64,0,15,60,2,77,70,16,86,163
06/15/2020,TUP,MS,ASO,ES,Federal Contract Tower,0,10,3,28,41,0,8,54,2,64,0,18,57,30,105,112,62,174,279
06/16/2020,TUP,MS,ASO,ES,Federal Contract Tower,0,6,5,16,27,0,7,59,3,69,0,13,64,19,96,84,48,132,228
06/17/2020,TUP,MS,ASO,ES,Federal Contract Tower,0,6,4,18,28,0,10,58,8,76,0,16,62,26,104,96,26,122,226
06/18/2020,TUP,MS,ASO,ES,Federal Contract Tower,0,8,7,25,40,0,5,56,24,85,0,13,63,49,125,114,80,194,319
06/19/2020,TUP,MS,ASO,ES,Federal Contract Tower,0,10,3,25,38,0,5,39,8,52,0,15,42,33,90,58,14,72,162
06/20/2020,TUP,MS,ASO,ES,Federal Contract Tower,0,5,7,0,12,0,3,26,2,31,0,8,33,2,43,62,16,78,121
06/22/2020,TUP,MS,ASO,ES,Federal Contract Tower,0,9,8,16,33,0,3,13,0,16,0,12,21,16,49,20,0,20,69
06/23/2020,TUP,MS,ASO,ES,Federal Contract Tower,0,6,12,28,46,0,1,8,2,11,0,7,20,30,57,20,22,42,99
06/24/2020,TUP,MS,ASO,ES,Federal Contract Tower,0,6,11,16,33,0,2,5,2,9,0,8,16,18,42,0,8,8,50
06/25/2020,TUP,MS,ASO,ES,Federal Contract Tower,0,8,6,4,18,0,0,3,5,8,0,8,9,9,26,8,22,30,56
06/26/2020,TUP,MS,ASO,ES,Federal Contract Tower,0,10,7,10,27,0,1,1,10,12,0,11,8,20,39,0,24,24,63
06/27/2020,TUP,MS,ASO,ES,Federal Contract Tower,0,3,1,0,4,0,5,1,8,14,0,8,2,8,18,0,4,4,22
06/28/2020,TUP,MS,ASO,ES,Federal Contract Tower,0,6,2,0,8,0,9,40,2,51,0,15,42,2,59,76,4,80,139
06/29/2020,TUP,MS,ASO,ES,Federal Contract Tower,0,8,16,12,36,0,5,56,1,62,0,13,72,13,98,94,4,98,196
06/30/2020,TUP,MS,ASO,ES,Federal Contract Tower,0,5,4,42,51,0,4,72,29,105,0,9,76,71,156,112,90,202,358
07/01/2020,TUP,MS,ASO,ES,Federal Contract Tower,0,6,12,12,30,0,0,9,0,9,0,6,21,12,39,0,0,0,39
07/02/2020,TUP,MS,ASO,ES,Federal Contract Tower,0,8,6,24,38,0,6,34,10,50,0,14,40,34,88,58,62,120,208
07/03/2020,TUP,MS,ASO,ES,Federal Contract Tower,0,8,2,0,10,0,7,27,7,41,0,15,29,7,51,36,16,52,103
07/04/2020,TUP,MS,ASO,ES,Federal Contract Tower,0,4,0,0,4,0,6,17,2,25,0,10,17,2,29,0,0,0,29
07/05/2020,TUP,MS,ASO,ES,Federal Contract Tower,0,6,11,0,17,0,2,19,2,23,0,8,30,2,40,14,6,20,60
07/06/2020,TUP,MS,ASO,ES,Federal Contract Tower,0,8,4,0,12,0,2,56,2,60,0,10,60,2,72,84,0,84,156
07/07/2020,TUP,MS,ASO,ES,Federal Contract Tower,0,6,10,46,62,0,3,46,20,69,0,9,56,66,131,42,106,148,279
07/08/2020,TUP,MS,ASO,ES,Federal Contract Tower,0,10,8,42,60,0,10,51,10,71,0,20,59,52,131,62,52,114,245
07/09/2020,TUP,MS,ASO,ES,Federal Contract Tower,0,11,6,62,79,0,8,55,13,76,0,19,61,75,155,50,92,142,297
07/10/2020,TUP,MS,ASO,ES,Federal Contract Tower,0,10,3,38,51,0,8,54,14,76,0,18,57,52,127,68,38,106,233
07/11/2020,TUP,MS,ASO,ES,Federal Contract Tower,0,4,5,4,13,0,8,32,8,48,0,12,37,12,61,64,62,126,187
07/12/2020,TUP,MS,ASO,ES,Federal Contract Tower,0,6,4,0,10,0,8,25,1,34,0,14,29,1,44,34,0,34,78
07/13/2020,TUP,MS,ASO,ES,Federal Contract Tower,0,8,8,34,50,0,6,37,5,48,0,14,45,39,98,58,38,96,194
07/14/2020,TUP,MS,ASO,ES,Federal Contract Tower,0,8,14,23,45,0,6,71,16,93,0,14,85,39,138,132,32,164,302
07/15/2020,TUP,MS,ASO,ES,Federal Contract Tower,0,10,1,27,38,0,10,68,17,95,0,20,69,44,133,92,64,156,289
07/16/2020,TUP,MS,ASO,ES,Federal Contract Tower,0,8,6,31,45,0,7,73,22,102,0,15,79,53,147,88,54,142,289
07/17/2020,TUP,MS,ASO,ES,Federal Contract Tower,0,8,9,22,39,0,4,35,10,49,0,12,44,32,88,48,30,78,166
07/18/2020,TUP,MS,ASO,ES,Federal Contract Tower,0,4,5,0,9,0,11,47,6,64,0,15,52,6,73,84,18,102,175
07/19/2020,TUP,MS,ASO,ES,Federal Contract Tower,0,6,6,0,12,0,6,44,2,52,0,12,50,2,64,58,10,68,132
07/20/2020,TUP,MS,ASO,ES,Federal Contract Tower,0,8,11,19,38,0,7,62,3,72,0,15,73,22,110,60,8,68,178
07/21/2020,TUP,MS,ASO,ES,Federal Contract Tower,0,8,3,36,47,0,7,46,7,60,0,15,49,43,107,92,20,112,219
07/22/2020,TUP,MS,ASO,ES,Federal Contract Tower,0,6,7,29,42,0,10,56,10,76,0,16,63,39,118,78,37,115,233
07/23/2020,TUP,MS,ASO,ES,Federal Contract Tower,0,8,3,22,33,0,8,49,9,66,0,16,52,31,99,66,26,92,191
07/24/2020,TUP,MS,ASO,ES,Federal Contract Tower,0,8,8,38,54,0,7,44,15,66,0,15,52,53,120,56,58,114,234
07/25/2020,TUP,MS,ASO,ES,Federal Contract Tower,0,4,10,0,14,0,6,29,5,40,0,10,39,5,54,54,20,74,128
07/26/2020,TUP,MS,ASO,ES,Federal Contract Tower,0,6,3,0,9,0,6,32,0,38,0,12,35,0,47,38,12,50,97
07/27/2020,TUP,MS,ASO,ES,Federal Contract Tower,0,10,5,18,33,0,6,32,2,40,0,16,37,20,73,76,16,92,165
07/28/2020,TUP,MS,ASO,ES,Federal Contract Tower,0,8,9,46,63,0,6,51,20,77,0,14,60,66,140,46,116,162,302
07/29/2020,TUP,MS,ASO,ES,Federal Contract Tower,0,6,9,25,40,0,4,27,12,43,0,10,36,37,83,54,20,74,157
07/30/2020,TUP,MS,ASO,ES,Federal Contract Tower,0,8,6,30,44,0,5,24,8,37,0,13,30,38,81,40,26,66,147
07/31/2020,TUP,MS,ASO,ES,Federal Contract Tower,0,8,4,20,32,0,5,31,11,47,0,13,35,31,79,42,52,94,173
08/01/2020,TUP,MS,ASO,ES,Federal Contract Tower,0,4,6,0,10,0,4,18,0,22,0,8,24,0,32,28,0,28,60
08/02/2020,TUP,MS,ASO,ES,Federal Contract Tower,0,7,4,4,15,0,11,37,3,51,0,18,41,7,66,40,26,66,132
08/03/2020,TUP,MS,ASO,ES,Federal Contract Tower,0,9,7,16,32,0,7,57,5,69,0,16,64,21,101,62,30,92,193
08/04/2020,TUP,MS,ASO,ES,Federal Contract Tower,0,8,5,38,51,0,6,43,14,63,0,14,48,52,114,46,40,86,200
08/05/2020,TUP,MS,ASO,ES,Federal Contract Tower,0,8,3,42,53,0,8,61,12,81,0,16,64,54,134,74,44,118,252
08/06/2020,TUP,MS,ASO,ES,Federal Contract Tower,0,8,11,42,61,0,8,45,10,63,0,16,56,52,124,60,42,102,226
08/07/2020,TUP,MS,ASO,ES,Federal Contract Tower,0,9,5,48,62,0,6,33,6,45,0,15,38,54,107,52,20,72,179
08/08/2020,TUP,MS,ASO,ES,Federal Contract Tower,0,4,3,0,7,0,10,44,8,62,0,14,47,8,69,60,10,70,139
08/09/2020,TUP,MS,ASO,ES,Federal Contract Tower,0,6,2,0,8,0,6,31,8,45,0,12,33,8,53,86,6,92,145
08/10/2020,TUP,MS,ASO,ES,Federal Contract Tower,0,10,8,40,58,0,8,45,5,58,0,18,53,45,116,70,26,96,212
08/11/2020,TUP,MS,ASO,ES,Federal Contract Tower,0,6,4,18,28,0,4,36,6,46,0,10,40,24,74,62,14,76,150
08/12/2020,TUP,MS,ASO,ES,Federal Contract Tower,0,8,8,46,62,0,6,31,5,42,0,14,39,51,104,52,20,72,176
08/13/2020,TUP,MS,ASO,ES,Federal Contract Tower,0,12,9,28,49,0,8,46,6,60,0,20,55,34,109,60,18,78,187
08/14/2020,TUP,MS,ASO,ES,Federal Contract Tower,0,11,7,4,22,0,5,17,7,29,0,16,24,11,51,14,50,64,115
08/15/2020,TUP,MS,ASO,ES,Federal Contract Tower,0,4,8,28,40,0,12,35,7,54,0,16,43,35,94,66,44,110,204
08/16/2020,TUP,MS,ASO,ES,Federal Contract Tower,0,6,1,4,11,0,5,18,3,26,0,11,19,7,37,24,16,40,77
08/17/2020,TUP,MS,ASO,ES,Federal Contract Tower,0,9,6,34,49,0,8,26,7,41,0,17,32,41,90,22,66,88,178
08/18/2020,TUP,MS,ASO,ES,Federal Contract Tower,0,5,5,32,42,0,7,36,12,55,0,12,41,44,97,88,42,130,227
08/19/2020,TUP,MS,ASO,ES,Federal Contract Tower,0,7,12,33,52,0,6,31,5,42,0,13,43,38,94,40,0,40,134
08/20/2020,TUP,MS,ASO,ES,Federal Contract Tower,0,8,14,42,64,0,15,38,30,83,0,23,52,72,147,34,112,146,293
08/21/2020,TUP,MS,ASO,ES,Federal Contract Tower,0,10,15,18,43,0,1,19,9,29,0,11,34,27,72,4,12,16,88
08/22/2020,TUP,MS,ASO,ES,Federal Contract Tower,0,7,4,7,18,0,6,14,5,25,0,13,18,12,43,22,0,22,65
08/23/2020,TUP,MS,ASO,ES,Federal Contract Tower,0,7,7,0,14,0,9,38,1,48,0,16,45,1,62,52,10,62,124
08/24/2020,TUP,MS,ASO,ES,Federal Contract Tower,0,8,7,24,39,0,9,49,20,78,0,17,56,44,117,60,10,70,187
08/25/2020,TUP,MS,ASO,ES,Federal Contract Tower,0,6,7,31,44,0,0,10,5,15,0,6,17,36,59,6,46,52,111
08/26/2020,TUP,MS,ASO,ES,Federal Contract Tower,0,10,4,35,49,0,4,29,6,39,0,14,33,41,88,30,26,56,144
08/27/2020,TUP,MS,ASO,ES,Federal Contract Tower,0,8,6,22,36,0,0,17,24,41,0,8,23,46,77,10,86,96,173
08/28/2020,TUP,MS,ASO,ES,Federal Contract Tower,0,8,7,22,37,0,0,0,0,0,0,8,7,22,37,0,0,0,37
08/29/2020,TUP,MS,ASO,ES,Federal Contract Tower,0,7,9,0,16,0,0,29,13,42,0,7,38,13,58,22,22,44,102
08/30/2020,TUP,MS,ASO,ES,Federal Contract Tower,0,6,8,0,14,0,2,16,2,20,0,8,24,2,34,26,12,38,72
08/31/2020,TUP,MS,ASO,ES,Federal Contract Tower,0,11,11,14,36,0,0,8,5,13,0,11,19,19,49,0,4,4,53
09/01/2020,TUP,MS,ASO,ES,Federal Contract Tower,0,10,22,16,48,0,10,34,14,58,0,20,56,30,106,54,22,76,182
09/02/2020,TUP,MS,ASO,ES,Federal Contract Tower,0,8,24,43,75,0,8,31,7,46,0,16,55,50,121,28,9,37,158
09/03/2020,TUP,MS,ASO,ES,Federal Contract Tower,0,8,12,38,58,0,8,47,11,66,0,16,59,49,124,66,24,90,214
09/04/2020,TUP,MS,ASO,ES,Federal Contract Tower,0,12,10,0,22,0,3,36,2,41,0,15,46,2,63,76,6,82,145
09/05/2020,TUP,MS,ASO,ES,Federal Contract Tower,0,4,5,0,9,0,5,40,4,49,0,9,45,4,58,52,8,60,118
09/06/2020,TUP,MS,ASO,ES,Federal Contract Tower,0,6,1,0,7,0,7,37,5,49,0,13,38,5,56,46,0,46,102
09/07/2020,TUP,MS,ASO,ES,Federal Contract Tower,0,6,4,0,10,0,8,42,0,50,0,14,46,0,60,60,0,60,120
09/08/2020,TUP,MS,ASO,ES,Federal Contract Tower,0,10,9,47,66,0,8,65,13,86,0,18,74,60,152,104,64,168,320
09/09/2020,TUP,MS,ASO,ES,Federal Contract Tower,0,10,2,28,40,0,8,43,9,60,0,18,45,37,100,80,18,98,198
09/10/2020,TUP,MS,ASO,ES,Federal Contract Tower,0,12,11,22,45,0,8,60,7,75,0,20,71,29,120,82,34,116,236
09/11/2020,TUP,MS,ASO,ES,Federal Contract Tower,0,9,11,26,46,0,4,26,8,38,0,13,37,34,84,38,54,92,176
09/12/2020,TUP,MS,ASO,ES,Federal Contract Tower,0,6,4,2,12,0,0,10,2,12,0,6,14,4,24,22,6,28,52
09/13/2020,TUP,MS,ASO,ES,Federal Contract Tower,0,6,7,0,13,0,0,10,0,10,0,6,17,0,23,16,0,16,39
09/14/2020,TUP,MS,ASO,ES,Federal Contract Tower,0,9,13,45,67,0,2,47,6,55,0,11,60,51,122,42,28,70,192
09/15/2020,TUP,MS,ASO,ES,Federal Contract Tower,0,8,7,66,81,0,6,54,19,79,0,14,61,85,160,48,30,78,238
09/16/2020,TUP,MS,ASO,ES,Federal Contract Tower,0,6,9,45,60,0,0,13,1,14,0,6,22,46,74,6,0,6,80
09/17/2020,TUP,MS,ASO,ES,Federal Contract Tower,0,8,6,60,74,0,5,60,23,88,0,13,66,83,162,79,64,143,305
09/18/2020,TUP,MS,ASO,ES,Federal Contract Tower,0,11,7,32,50,0,3,38,28,69,0,14,45,60,119,42,98,140,259
09/19/2020,TUP,MS,ASO,ES,Federal Contract Tower,0,4,6,0,10,0,5,29,9,43,0,9,35,9,53,36,36,72,125
09/20/2020,TUP,MS,ASO,ES,Federal Contract Tower,0,6,3,0,9,0,12,47,2,61,0,18,50,2,70,70,4,74,144
09/21/2020,TUP,MS,ASO,ES,Federal Contract Tower,0,8,6,24,38,0,10,58,10,78,0,18,64,34,116,80,38,118,234
09/22/2020,TUP,MS,ASO,ES,Federal Contract Tower,0,7,11,28,46,0,4,45,21,70,0,11,56,49,116,78,54,132,248
09/23/2020,TUP,MS,ASO,ES,Federal Contract Tower,0,9,18,19,46,0,2,5,1,8,0,11,23,20,54,4,12,16,70
09/24/2020,TUP,MS,ASO,ES,Federal Contract Tower,0,11,5,3,19,0,0,0,0,0,0,11,5,3,19,0,0,0,19
09/25/2020,TUP,MS,ASO,ES,Federal Contract Tower,0,9,11,29,49,0,4,11,3,18,0,13,22,32,67,10,0,10,77
09/26/2020,TUP,MS,ASO,ES,Federal Contract Tower,1,5,7,0,13,0,4,24,0,28,1,9,31,0,41,66,0,66,107
09/27/2020,TUP,MS,ASO,ES,Federal Contract Tower,0,7,4,2,13,0,11,41,0,52,0,18,45,2,65,44,0,44,109
09/28/2020,TUP,MS,ASO,ES,Federal Contract Tower,0,7,8,26,41,0,0,25,1,26,0,7,33,27,67,56,10,66,133
09/29/2020,TUP,MS,ASO,ES,Federal Contract Tower,0,6,9,30,45,0,5,50,7,62,0,11,59,37,107,88,68,156,263
09/30/2020,TUP,MS,ASO,ES,Federal Contract Tower,0,8,15,32,55,0,5,32,8,45,0,13,47,40,100,54,22,76,176
10/01/2020,TUP,MS,ASO,ES,Federal Contract Tower,0,10,13,38,61,0,4,60,11,75,0,14,73,49,136,62,30,92,228
10/02/2020,TUP,MS,ASO,ES,Federal Contract Tower,2,6,5,48,61,0,4,67,13,84,2,10,72,61,145,108,90,198,343
10/03/2020,TUP,MS,ASO,ES,Federal Contract Tower,0,7,2,0,9,0,1,55,7,63,0,8,57,7,72,44,4,48,120
10/04/2020,TUP,MS,ASO,ES,Federal Contract Tower,0,7,3,0,10,0,4,53,0,57,0,11,56,0,67,80,0,80,147
10/05/2020,TUP,MS,ASO,ES,Federal Contract Tower,0,6,8,42,56,0,0,59,12,71,0,6,67,54,127,68,106,174,301
10/06/2020,TUP,MS,ASO,ES,Federal Contract Tower,0,4,6,25,35,0,4,56,7,67,0,8,62,32,102,88,40,128,230
10/07/2020,TUP,MS,ASO,ES,Federal Contract Tower,0,6,23,24,53,0,7,61,8,76,0,13,84,32,129,58,34,92,221
10/08/2020,TUP,MS,ASO,ES,Federal Contract Tower,1,6,6,0,13,0,6,44,6,56,1,12,50,6,69,76,38,114,183
10/09/2020,TUP,MS,ASO,ES,Federal Contract Tower,0,6,5,0,11,0,4,39,4,47,0,10,44,4,58,36,14,50,108
10/10/2020,TUP,MS,ASO,ES,Federal Contract Tower,0,3,0,0,3,0,0,0,0,0,0,3,0,0,3,0,0,0,3
10/11/2020,TUP,MS,ASO,ES,Federal Contract Tower,0,5,7,0,12,0,6,15,0,21,0,11,22,0,33,34,0,34,67
10/12/2020,TUP,MS,ASO,ES,Federal Contract Tower,0,6,26,0,32,0,6,34,0,40,0,12,60,0,72,62,0,62,134
10/13/2020,TUP,MS,ASO,ES,Federal Contract Tower,0,4,21,34,59,0,2,32,7,41,0,6,53,41,100,44,46,90,190
10/14/2020,TUP,MS,ASO,ES,Federal Contract Tower,0,9,5,28,42,0,9,49,8,66,0,18,54,36,108,84,60,144,252
10/15/2020,TUP,MS,ASO,ES,Federal Contract Tower,0,10,13,31,54,0,8,55,18,81,0,18,68,49,135,64,54,118,253
10/16/2020,TUP,MS,ASO,ES,Federal Contract Tower,2,6,11,30,49,0,5,43,19,67,2,11,54,49,116,50,54,104,220
10/17/2020,TUP,MS,ASO,ES,Federal Contract Tower,1,5,1,0,7,0,4,34,2,40,1,9,35,2,47,28,4,32,79
10/18/2020,TUP,MS,ASO,ES,Federal Contract Tower,0,5,9,6,20,0,10,48,7,65,0,15,57,13,85,74,32,106,191
10/19/2020,TUP,MS,ASO,ES,Federal Contract Tower,0,6,6,22,34,0,8,48,8,64,0,14,54,30,98,54,24,78,176
10/20/2020,TUP,MS,ASO,ES,Federal Contract Tower,0,4,9,30,43,0,9,58,18,85,0,13,67,48,128,60,74,134,262
10/21/2020,TUP,MS,ASO,ES,Federal Contract Tower,0,6,16,26,48,0,6,59,12,77,0,12,75,38,125,84,56,140,265
10/22/2020,TUP,MS,ASO,ES,Federal Contract Tower,0,9,16,14,39,0,7,62,17,86,0,16,78,31,125,58,36,94,219
10/23/2020,TUP,MS,ASO,ES,Federal Contract Tower,1,5,17,26,49,0,6,37,18,61,1,11,54,44,110,66,52,118,228
10/24/2020,TUP,MS,ASO,ES,Federal Contract Tower,1,3,3,1,8,0,0,0,0,0,1,3,3,1,8,0,0,0,8
10/25/2020,TUP,MS,ASO,ES,Federal Contract Tower,0,5,8,0,13,0,0,5,5,10,0,5,13,5,23,0,0,0,23
10/26/2020,TUP,MS,ASO,ES,Federal Contract Tower,0,8,27,24,59,0,4,45,1,50,0,12,72,25,109,78,12,90,199
10/27/2020,TUP,MS,ASO,ES,Federal Contract Tower,0,4,20,0,24,0,0,0,0,0,0,4,20,0,24,0,0,0,24
10/28/2020,TUP,MS,ASO,ES,Federal Contract Tower,0,7,6,0,13,0,0,0,0,0,0,7,6,0,13,0,0,0,13
10/29/2020,TUP,MS,ASO,ES,Federal Contract Tower,0,6,18,6,30,0,2,10,6,18,0,8,28,12,48,8,18,26,74
10/30/2020,TUP,MS,ASO,ES,Federal Contract Tower,0,7,9,42,58,0,4,57,12,73,0,11,66,54,131,84,40,124,255
10/31/2020,TUP,MS,ASO,ES,Federal Contract Tower,0,3,1,0,4,0,2,44,2,48,0,5,45,2,52,76,2,78,130
11/01/2020,TUP,MS,ASO,ES,Federal Contract Tower,0,5,2,0,7,0,13,38,2,53,0,18,40,2,60,66,4,70,130
11/02/2020,TUP,MS,ASO,ES,Federal Contract Tower,0,6,6,47,59,0,8,60,4,72,0,14,66,51,131,66,174,240,371
11/03/2020,TUP,MS,ASO,ES,Federal Contract Tower,0,4,4,27,35,0,7,57,13,77,0,11,61,40,112,78,74,152,264
11/04/2020,TUP,MS,ASO,ES,Federal Contract Tower,0,9,5,53,67,0,3,67,13,83,0,12,72,66,150,80,76,156,306
11/05/2020,TUP,MS,ASO,ES,Federal Contract Tower,0,8,7,9,24,0,5,62,24,91,0,13,69,33,115,74,42,116,231
11/06/2020,TUP,MS,ASO,ES,Federal Contract Tower,0,9,4,14,27,0,5,58,17,80,0,14,62,31,107,72,52,124,231
11/07/2020,TUP,MS,ASO,ES,Federal Contract Tower,0,3,1,1,5,0,2,48,11,61,0,5,49,12,66,58,12,70,136
11/08/2020,TUP,MS,ASO,ES,Federal Contract Tower,0,5,4,8,17,0,4,51,2,57,0,9,55,10,74,57,4,61,135
11/09/2020,TUP,MS,ASO,ES,Federal Contract Tower,0,6,9,38,53,0,10,44,2,56,0,16,53,40,109,54,96,150,259
11/10/2020,TUP,MS,ASO,ES,Federal Contract Tower,0,4,17,14,35,0,0,0,0,0,0,4,17,14,35,0,6,6,41
11/11/2020,TUP,MS,ASO,ES,Federal Contract Tower,0,8,5,0,13,0,4,29,7,40,0,12,34,7,53,44,24,68,121
11/12/2020,TUP,MS,ASO,ES,Federal Contract Tower,0,8,11,60,79,0,2,27,24,53,0,10,38,84,132,46,146,192,324
11/13/2020,TUP,MS,ASO,ES,Federal Contract Tower,1,8,12,22,43,0,4,51,20,75,1,12,63,42,118,54,42,96,214
11/14/2020,TUP,MS,ASO,ES,Federal Contract Tower,0,4,6,0,10,0,7,45,16,68,0,11,51,16,78,58,24,82,160
11/15/2020,TUP,MS,ASO,ES,Federal Contract Tower,0,5,6,2,13,0,8,36,10,54,0,13,42,12,67,34,6,40,107
11/16/2020,TUP,MS,ASO,ES,Federal Contract Tower,0,6,15,51,72,0,12,60,2,74,0,18,75,53,146,78,62,140,286
11/17/2020,TUP,MS,ASO,ES,Federal Contract Tower,0,7,5,38,50,0,6,54,18,78,0,13,59,56,128,58,52,110,238
11/18/2020,TUP,MS,ASO,ES,Federal Contract Tower,0,10,10,19,39,0,12,64,21,97,0,22,74,40,136,100,46,146,282
11/19/2020,TUP,MS,ASO,ES,Federal Contract Tower,0,10,6,26,42,0,6,59,18,83,0,16,65,44,125,88,56,144,269
11/20/2020,TUP,MS,ASO,ES,Federal Contract Tower,1,11,15,14,41,0,5,49,11,65,1,16,64,25,106,66,18,84,190
11/21/2020,TUP,MS,ASO,ES,Federal Contract Tower,0,4,4,0,8,0,5,39,4,48,0,9,43,4,56,78,18,96,152
11/22/2020,TUP,MS,ASO,ES,Federal Contract Tower,0,5,6,2,13,0,2,17,2,21,0,7,23,4,34,20,4,24,58
11/23/2020,TUP,MS,ASO,ES,Federal Contract Tower,0,6,14,30,50,0,6,52,5,63,0,12,66,35,113,54,46,100,213
11/24/2020,TUP,MS,ASO,ES,Federal Contract Tower,0,9,2,18,29,0,7,49,17,73,0,16,51,35,102,64,34,98,200
11/25/2020,TUP,MS,ASO,ES,Federal Contract Tower,0,7,10,0,17,0,6,23,5,34,0,13,33,5,51,32,14,46,97
11/26/2020,TUP,MS,ASO,ES,Federal Contract Tower,0,0,4,0,4,0,4,22,0,26,0,4,26,0,30,10,0,10,40
11/27/2020,TUP,MS,ASO,ES,Federal Contract Tower,0,5,9,0,14,0,6,19,3,28,0,11,28,3,42,36,6,42,84
11/28/2020,TUP,MS,ASO,ES,Federal Contract Tower,0,4,14,0,18,0,4,20,0,24,0,8,34,0,42,22,0,22,64
11/29/2020,TUP,MS,ASO,ES,Federal Contract Tower,0,6,18,0,24,0,2,10,0,12,0,8,28,0,36,8,0,8,44
11/30/2020,TUP,MS,ASO,ES,Federal Contract Tower,0,6,15,16,37,0,4,36,6,46,0,10,51,22,83,36,22,58,141
12/01/2020,TUP,MS,ASO,ES,Federal Contract Tower,0,4,10,42,56,0,8,47,17,72,0,12,57,59,128,84,42,126,254
12/02/2020,TUP,MS,ASO,ES,Federal Contract Tower,0,8,6,36,50,0,5,58,14,77,0,13,64,50,127,92,62,154,281
12/03/2020,TUP,MS,ASO,ES,Federal Contract Tower,0,6,10,26,42,0,1,29,6,36,0,7,39,32,78,28,40,68,146
12/04/2020,TUP,MS,ASO,ES,Federal Contract Tower,0,9,7,20,36,0,6,32,8,46,0,15,39,28,82,42,46,88,170
12/05/2020,TUP,MS,ASO,ES,Federal Contract Tower,0,3,9,0,12,0,2,34,6,42,0,5,43,6,54,44,18,62,116
12/06/2020,TUP,MS,ASO,ES,Federal Contract Tower,0,5,0,0,5,0,4,45,6,55,0,9,45,6,60,58,16,74,134
12/07/2020,TUP,MS,ASO,ES,Federal Contract Tower,0,6,5,33,44,0,6,54,7,67,0,12,59,40,111,42,84,126,237
12/08/2020,TUP,MS,ASO,ES,Federal Contract Tower,0,5,7,22,34,0,6,47,18,71,0,11,54,40,105,70,54,124,229
12/09/2020,TUP,MS,ASO,ES,Federal Contract Tower,0,10,8,24,42,0,4,53,17,74,0,14,61,41,116,70,56,126,242
12/10/2020,TUP,MS,ASO,ES,Federal Contract Tower,0,4,10,23,37,0,1,60,30,91,0,5,70,53,128,72,50,122,250
12/11/2020,TUP,MS,ASO,ES,Federal Contract Tower,2,8,7,18,35,0,3,50,11,64,2,11,57,29,99,72,28,100,199
12/12/2020,TUP,MS,ASO,ES,Federal Contract Tower,0,3,2,0,5,0,2,26,3,31,0,5,28,3,36,28,18,46,82
12/13/2020,TUP,MS,ASO,ES,Federal Contract Tower,0,4,2,0,6,0,6,22,3,31,0,10,24,3,37,40,4,44,81
12/14/2020,TUP,MS,ASO,ES,Federal Contract Tower,0,7,10,14,31,0,4,25,1,30,0,11,35,15,61,4,12,16,77
12/15/2020,TUP,MS,ASO,ES,Federal Contract Tower,0,4,17,22,43,0,7,48,10,65,0,11,65,32,108,52,26,78,186
12/16/2020,TUP,MS,ASO,ES,Federal Contract Tower,0,7,6,0,13,0,2,16,5,23,0,9,22,5,36,28,18,46,82
12/17/2020,TUP,MS,ASO,ES,Federal Contract Tower,0,8,9,28,45,0,8,48,10,66,0,16,57,38,111,56,20,76,187
12/18/2020,TUP,MS,ASO,ES,Federal Contract Tower,2,6,14,18,40,0,3,46,9,58,2,9,60,27,98,62,26,88,186
12/19/2020,TUP,MS,ASO,ES,Federal Contract Tower,0,6,4,0,10,0,2,19,4,25,0,8,23,4,35,24,10,34,69
12/20/2020,TUP,MS,ASO,ES,Federal Contract Tower,0,4,3,0,7,0,2,0,0,2,0,6,3,0,9,0,0,0,9
12/21/2020,TUP,MS,ASO,ES,Federal Contract Tower,0,8,11,14,33,0,6,32,3,41,0,14,43,17,74,42,0,42,116
12/22/2020,TUP,MS,ASO,ES,Federal Contract Tower,0,8,9,8,25,0,7,58,7,72,0,15,67,15,97,66,28,94,191
12/23/2020,TUP,MS,ASO,ES,Federal Contract Tower,0,7,9,0,16,0,2,0,0,2,0,9,9,0,18,0,0,0,18
12/24/2020,TUP,MS,ASO,ES,Federal Contract Tower,0,7,0,0,7,0,5,11,1,17,0,12,11,1,24,10,0,10,34
12/25/2020,TUP,MS,ASO,ES,Federal Contract Tower,0,0,2,0,2,0,6,24,0,30,0,6,26,0,32,14,0,14,46
12/26/2020,TUP,MS,ASO,ES,Federal Contract Tower,0,4,5,0,9,0,5,32,0,37,0,9,37,0,46,40,0,40,86
12/27/2020,TUP,MS,ASO,ES,Federal Contract Tower,0,6,5,0,11,0,6,24,0,30,0,12,29,0,41,28,0,28,69
12/28/2020,TUP,MS,ASO,ES,Federal Contract Tower,0,6,12,0,18,0,4,53,0,57,0,10,65,0,75,70,0,70,145
12/29/2020,TUP,MS,ASO,ES,Federal Contract Tower,0,5,13,0,18,0,7,54,0,61,0,12,67,0,79,82,0,82,161
12/30/2020,TUP,MS,ASO,ES,Federal Contract Tower,1,6,17,0,24,0,5,41,0,46,1,11,58,0,70,54,0,54,124
12/31/2020,TUP,MS,ASO,ES,Federal Contract Tower,2,6,8,2,18,0,0,0,0,0,2,6,8,2,18,0,0,0,18
01/01/2021,TUP,MS,ASO,ES,Federal Contract Tower,0,5,1,0,6,0,1,4,0,5,0,6,5,0,11,10,0,10,21
01/02/2021,TUP,MS,ASO,ES,Federal Contract Tower,0,4,6,0,10,0,2,19,0,21,0,6,25,0,31,14,0,14,45
01/03/2021,TUP,MS,ASO,ES,Federal Contract Tower,4,6,9,0,19,0,6,40,0,46,4,12,49,0,65,42,0,42,107
01/04/2021,TUP,MS,ASO,ES,Federal Contract Tower,0,7,7,0,14,0,4,31,34,69,0,11,38,34,83,0,0,0,83
01/05/2021,TUP,MS,ASO,ES,Federal Contract Tower,0,4,9,10,23,0,4,28,10,42,0,8,37,20,65,26,10,36,101
01/06/2021,TUP,MS,ASO,ES,Federal Contract Tower,0,6,9,30,45,0,3,30,5,38,0,9,39,35,83,16,28,44,127
01/07/2021,TUP,MS,ASO,ES,Federal Contract Tower,0,7,7,0,14,0,0,0,0,0,0,7,7,0,14,0,0,0,14
01/08/2021,TUP,MS,ASO,ES,Federal Contract Tower,3,5,6,27,41,0,7,19,6,32,3,12,25,33,73,4,16,20,93
01/09/2021,TUP,MS,ASO,ES,Federal Contract Tower,1,3,1,0,5,0,0,4,0,4,1,3,5,0,9,8,0,8,17
01/10/2021,TUP,MS,ASO,ES,Federal Contract Tower,0,5,4,0,9,0,2,15,0,17,0,7,19,0,26,0,0,0,26
01/11/2021,TUP,MS,ASO,ES,Federal Contract Tower,0,7,6,0,13,0,0,0,0,0,0,7,6,0,13,0,0,0,13
01/12/2021,TUP,MS,ASO,ES,Federal Contract Tower,0,4,10,17,31,0,2,31,9,42,0,6,41,26,73,30,10,40,113
01/13/2021,TUP,MS,ASO,ES,Federal Contract Tower,0,8,11,26,45,0,7,32,11,50,0,15,43,37,95,14,18,32,127
01/14/2021,TUP,MS,ASO,ES,Federal Contract Tower,0,6,4,14,24,0,6,42,19,67,0,12,46,33,91,38,16,54,145
01/15/2021,TUP,MS,ASO,ES,Federal Contract Tower,0,6,12,14,32,0,2,19,6,27,0,8,31,20,59,14,10,24,83
01/16/2021,TUP,MS,ASO,ES,Federal Contract Tower,0,3,4,0,7,0,7,28,2,37,0,10,32,2,44,24,2,26,70
01/17/2021,TUP,MS,ASO,ES,Federal Contract Tower,0,5,4,0,9,0,21,23,2,46,0,26,27,2,55,20,0,20,75
01/18/2021,TUP,MS,ASO,ES,Federal Contract Tower,0,6,4,1,11,0,6,13,1,20,0,12,17,2,31,6,0,6,37
01/19/2021,TUP,MS,ASO,ES,Federal Contract Tower,0,4,5,12,21,0,2,21,6,29,0,6,26,18,50,8,18,26,76
01/20/2021,TUP,MS,ASO,ES,Federal Contract Tower,0,6,3,24,33,0,4,40,10,54,0,10,43,34,87,50,10,60,147
01/21/2021,TUP,MS,ASO,ES,Federal Contract Tower,0,10,2,2,14,0,3,3,0,6,0,13,5,2,20,0,0,0,20
01/22/2021,TUP,MS,ASO,ES,Federal Contract Tower,0,9,7,39,55,0,4,26,61,91,0,13,33,100,146,28,204,232,378
01/23/2021,TUP,MS,ASO,ES,Federal Contract Tower,2,3,4,6,15,0,5,29,21,55,2,8,33,27,70,30,26,56,126
01/24/2021,TUP,MS,ASO,ES,Federal Contract Tower,0,7,7,0,14,0,2,12,0,14,0,9,19,0,28,10,0,10,38
01/25/2021,TUP,MS,ASO,ES,Federal Contract Tower,0,9,7,2,18,0,6,2,0,8,0,15,9,2,26,0,8,8,34
01/26/2021,TUP,MS,ASO,ES,Federal Contract Tower,0,4,8,20,32,0,7,41,22,70,0,11,49,42,102,42,32,74,176
01/27/2021,TUP,MS,ASO,ES,Federal Contract Tower,0,10,12,56,78,0,3,40,15,58,0,13,52,71,136,64,68,132,268
01/28/2021,TUP,MS,ASO,ES,Federal Contract Tower,0,6,8,26,40,0,5,43,27,75,0,11,51,53,115,46,60,106,221
01/29/2021,TUP,MS,ASO,ES,Federal Contract Tower,0,6,5,22,33,0,5,29,17,51,0,11,34,39,84,34,56,90,174
01/30/2021,TUP,MS,ASO,ES,Federal Contract Tower,0,3,3,9,15,0,3,18,6,27,0,6,21,15,42,26,24,50,92
01/31/2021,TUP,MS,ASO,ES,Federal Contract Tower,0,5,9,0,14,0,4,3,0,7,0,9,12,0,21,0,0,0,21
02/01/2021,TUP,MS,ASO,ES,Federal Contract Tower,0,7,9,0,16,0,4,14,1,19,0,11,23,1,35,0,0,0,35
02/02/2021,TUP,MS,ASO,ES,Federal Contract Tower,0,4,10,30,44,0,5,42,20,67,0,9,52,50,111,52,52,104,215
02/03/2021,TUP,MS,ASO,ES,Federal Contract Tower,1,7,16,34,58,0,9,65,19,93,1,16,81,53,151,62,82,144,295
02/04/2021,TUP,MS,ASO,ES,Federal Contract Tower,0,7,5,33,45,0,5,9,4,18,0,12,14,37,63,12,14,26,89
02/05/2021,TUP,MS,ASO,ES,Federal Contract Tower,0,6,11,28,45,0,6,41,10,57,0,12,52,38,102,44,26,70,172
02/06/2021,TUP,MS,ASO,ES,Federal Contract Tower,0,4,3,0,7,0,2,24,1,27,0,6,27,1,34,62,0,62,96
02/07/2021,TUP,MS,ASO,ES,Federal Contract Tower,0,5,3,0,8,0,0,4,1,5,0,5,7,1,13,0,0,0,13
02/08/2021,TUP,MS,ASO,ES,Federal Contract Tower,0,6,11,14,31,0,5,37,0,42,0,11,48,14,73,54,0,54,127
02/09/2021,TUP,MS,ASO,ES,Federal Contract Tower,1,6,7,31,45,0,11,34,26,71,1,17,41,57,116,54,16,70,186
02/10/2021,TUP,MS,ASO,ES,Federal Contract Tower,0,7,11,41,59,0,5,43,13,61,0,12,54,54,120,70,84,154,274
02/11/2021,TUP,MS,ASO,ES,Federal Contract Tower,1,7,4,0,12,0,0,0,0,0,1,7,4,0,12,0,0,0,12
02/12/2021,TUP,MS,ASO,ES,Federal Contract Tower,0,7,11,0,18,0,0,0,0,0,0,7,11,0,18,0,0,0,18
02/13/2021,TUP,MS,ASO,ES,Federal Contract Tower,0,3,7,0,10,0,0,2,0,2,0,3,9,0,12,0,0,0,12
02/14/2021,TUP,MS,ASO,ES,Federal Contract Tower,0,4,6,0,10,0,0,0,0,0,0,4,6,0,10,0,0,0,10
02/15/2021,TUP,MS,ASO,ES,Federal Contract Tower,0,0,0,0,0,0,0,0,0,0,0,0,0,0,0,0,0,0,0
02/16/2021,TUP,MS,ASO,ES,Federal Contract Tower,0,0,0,0,0,0,0,0,0,0,0,0,0,0,0,0,0,0,0
02/17/2021,TUP,MS,ASO,ES,Federal Contract Tower,0,0,0,0,0,0,0,0,0,0,0,0,0,0,0,0,0,0,0
02/18/2021,TUP,MS,ASO,ES,Federal Contract Tower,0,0,0,0,0,0,0,0,0,0,0,0,0,0,0,0,0,0,0
02/19/2021,TUP,MS,ASO,ES,Federal Contract Tower,0,0,0,0,0,0,4,0,0,4,0,4,0,0,4,0,0,0,4
02/20/2021,TUP,MS,ASO,ES,Federal Contract Tower,1,0,2,0,3,0,0,8,0,8,1,0,10,0,11,22,0,22,33
02/21/2021,TUP,MS,ASO,ES,Federal Contract Tower,0,8,4,0,12,0,10,20,2,32,0,18,24,2,44,10,0,10,54
02/22/2021,TUP,MS,ASO,ES,Federal Contract Tower,0,6,12,0,18,0,7,47,0,54,0,13,59,0,72,48,0,48,120
02/23/2021,TUP,MS,ASO,ES,Federal Contract Tower,1,4,12,46,63,0,2,45,24,71,1,6,57,70,134,42,106,148,282
02/24/2021,TUP,MS,ASO,ES,Federal Contract Tower,0,6,12,20,38,0,4,54,23,81,0,10,66,43,119,84,50,134,253
02/25/2021,TUP,MS,ASO,ES,Federal Contract Tower,0,6,11,19,36,0,5,46,41,92,0,11,57,60,128,60,120,180,308
02/26/2021,TUP,MS,ASO,ES,Federal Contract Tower,0,6,12,0,18,0,0,0,0,0,0,6,12,0,18,0,0,0,18
02/27/2021,TUP,MS,ASO,ES,Federal Contract Tower,0,3,4,0,7,0,0,6,9,15,0,3,10,9,22,0,0,0,22
02/28/2021,TUP,MS,ASO,ES,Federal Contract Tower,0,7,6,0,13,0,2,20,0,22,0,9,26,0,35,34,0,34,69
03/01/2021,TUP,MS,ASO,ES,Federal Contract Tower,0,10,11,0,21,0,6,22,0,28,0,16,33,0,49,16,0,16,65
03/02/2021,TUP,MS,ASO,ES,Federal Contract Tower,0,4,8,32,44,0,1,11,9,21,0,5,19,41,65,18,22,40,105
03/03/2021,TUP,MS,ASO,ES,Federal Contract Tower,0,9,14,32,55,0,6,62,16,84,0,15,76,48,139,82,74,156,295
03/04/2021,TUP,MS,ASO,ES,Federal Contract Tower,0,6,9,24,39,0,6,54,14,74,0,12,63,38,113,66,16,82,195
03/05/2021,TUP,MS,ASO,ES,Federal Contract Tower,0,10,7,22,39,0,1,36,9,46,0,11,43,31,85,16,20,36,121
03/06/2021,TUP,MS,ASO,ES,Federal Contract Tower,2,3,5,0,10,0,0,29,0,29,2,3,34,0,39,40,0,40,79
03/07/2021,TUP,MS,ASO,ES,Federal Contract Tower,0,7,7,0,14,0,4,51,0,55,0,11,58,0,69,92,0,92,161
03/08/2021,TUP,MS,ASO,ES,Federal Contract Tower,0,7,15,46,68,0,6,40,11,57,0,13,55,57,125,62,38,100,225
03/09/2021,TUP,MS,ASO,ES,Federal Contract Tower,0,7,13,18,38,0,6,42,17,65,0,13,55,35,103,66,42,108,211
03/10/2021,TUP,MS,ASO,ES,Federal Contract Tower,0,6,5,23,34,0,4,47,22,73,0,10,52,45,107,52,84,136,243
03/11/2021,TUP,MS,ASO,ES,Federal Contract Tower,0,6,18,43,67,0,3,34,34,71,0,9,52,77,138,48,66,114,252
03/12/2021,TUP,MS,ASO,ES,Federal Contract Tower,0,6,21,22,49,0,3,32,8,43,0,9,53,30,92,30,28,58,150
03/13/2021,TUP,MS,ASO,ES,Federal Contract Tower,0,3,7,0,10,0,4,38,3,45,0,7,45,3,55,22,6,28,83
03/14/2021,TUP,MS,ASO,ES,Federal Contract Tower,0,4,11,0,15,0,1,43,0,44,0,5,54,0,59,26,0,26,85
03/15/2021,TUP,MS,ASO,ES,Federal Contract Tower,0,6,13,2,21,0,0,24,2,26,0,6,37,4,47,38,4,42,89
03/16/2021,TUP,MS,ASO,ES,Federal Contract Tower,0,4,12,0,16,0,8,36,13,57,0,12,48,13,73,54,20,74,147
03/17/2021,TUP,MS,ASO,ES,Federal Contract Tower,0,6,3,0,9,0,0,0,0,0,0,6,3,0,9,0,0,0,9
03/18/2021,TUP,MS,ASO,ES,Federal Contract Tower,0,6,11,0,17,0,7,11,11,29,0,13,22,11,46,4,8,12,58
03/19/2021,TUP,MS,ASO,ES,Federal Contract Tower,0,6,23,12,41,0,2,16,12,30,0,8,39,24,71,30,24,54,125
03/20/2021,TUP,MS,ASO,ES,Federal Contract Tower,0,5,4,2,11,0,2,36,10,48,0,7,40,12,59,42,20,62,121
03/21/2021,TUP,MS,ASO,ES,Federal Contract Tower,0,5,4,4,13,0,1,38,0,39,0,6,42,4,52,64,0,64,116
03/22/2021,TUP,MS,ASO,ES,Federal Contract Tower,0,5,9,17,31,0,1,42,7,50,0,6,51,24,81,50,58,108,189
03/23/2021,TUP,MS,ASO,ES,Federal Contract Tower,0,4,4,0,8,0,5,9,7,21,0,9,13,7,29,10,20,30,59
03/24/2021,TUP,MS,ASO,ES,Federal Contract Tower,2,6,12,0,20,0,5,33,12,50,2,11,45,12,70,42,26,68,138
03/25/2021,TUP,MS,ASO,ES,Federal Contract Tower,0,5,6,0,11,0,0,0,0,0,0,5,6,0,11,0,0,0,11
03/26/2021,TUP,MS,ASO,ES,Federal Contract Tower,0,7,18,0,25,0,4,34,11,49,0,11,52,11,74,46,26,72,146
03/27/2021,TUP,MS,ASO,ES,Federal Contract Tower,0,3,3,0,6,0,0,4,0,4,0,3,7,0,10,0,0,0,10
03/28/2021,TUP,MS,ASO,ES,Federal Contract Tower,0,6,17,2,25,0,3,28,4,35,0,9,45,6,60,46,36,82,142
03/29/2021,TUP,MS,ASO,ES,Federal Contract Tower,0,6,8,26,40,0,11,57,6,74,0,17,65,32,114,62,36,98,212
03/30/2021,TUP,MS,ASO,ES,Federal Contract Tower,0,4,9,38,51,0,6,49,16,71,0,10,58,54,122,48,52,100,222
03/31/2021,TUP,MS,ASO,ES,Federal Contract Tower,0,6,13,22,41,0,2,2,3,7,0,8,15,25,48,4,6,10,58
04/01/2021,TUP,MS,ASO,ES,Federal Contract Tower,0,10,15,45,70,0,1,62,33,96,0,11,77,78,166,66,74,140,306
04/02/2021,TUP,MS,ASO,ES,Federal Contract Tower,0,8,10,0,18,0,2,50,0,52,0,10,60,0,70,66,0,66,136
04/03/2021,TUP,MS,ASO,ES,Federal Contract Tower,0,3,8,2,13,0,6,44,10,60,0,9,52,12,73,36,16,52,125
04/04/2021,TUP,MS,ASO,ES,Federal Contract Tower,0,6,6,2,14,0,3,44,2,49,0,9,50,4,63,60,2,62,125
04/05/2021,TUP,MS,ASO,ES,Federal Contract Tower,0,6,7,45,58,0,2,54,7,63,0,8,61,52,121,86,46,132,253
04/06/2021,TUP,MS,ASO,ES,Federal Contract Tower,0,4,11,54,69,0,6,61,12,79,0,10,72,66,148,52,22,74,222
04/07/2021,TUP,MS,ASO,ES,Federal Contract Tower,0,5,11,44,60,0,3,39,17,59,0,8,50,61,119,60,34,94,213
04/08/2021,TUP,MS,ASO,ES,Federal Contract Tower,0,6,11,36,53,0,5,39,28,72,0,11,50,64,125,62,53,115,240
04/09/2021,TUP,MS,ASO,ES,Federal Contract Tower,1,6,12,56,75,0,5,30,11,46,1,11,42,67,121,34,85,119,240
04/10/2021,TUP,MS,ASO,ES,Federal Contract Tower,0,3,3,2,8,0,0,12,0,12,0,3,15,2,20,0,0,0,20
04/11/2021,TUP,MS,ASO,ES,Federal Contract Tower,0,7,4,6,17,0,0,52,3,55,0,7,56,9,72,70,14,84,156
04/12/2021,TUP,MS,ASO,ES,Federal Contract Tower,0,9,21,36,66,0,7,70,8,85,0,16,91,44,151,64,38,102,253
04/13/2021,TUP,MS,ASO,ES,Federal Contract Tower,0,4,5,42,51,0,7,59,16,82,0,11,64,58,133,66,72,138,271
04/14/2021,TUP,MS,ASO,ES,Federal Contract Tower,0,7,7,30,44,0,4,18,6,28,0,11,25,36,72,14,72,86,158
04/15/2021,TUP,MS,ASO,ES,Federal Contract Tower,2,9,17,58,86,0,8,63,21,92,2,17,80,79,178,80,72,152,330
04/16/2021,TUP,MS,ASO,ES,Federal Contract Tower,0,6,13,38,57,0,5,40,15,60,0,11,53,53,117,46,58,104,221
04/17/2021,TUP,MS,ASO,ES,Federal Contract Tower,2,3,4,0,9,0,4,30,3,37,2,7,34,3,46,32,8,40,86
04/18/2021,TUP,MS,ASO,ES,Federal Contract Tower,3,6,3,0,12,0,5,66,13,84,3,11,69,13,96,78,6,84,180
04/19/2021,TUP,MS,ASO,ES,Federal Contract Tower,0,5,15,48,68,0,6,80,15,101,0,11,95,63,169,44,54,98,267
04/20/2021,TUP,MS,ASO,ES,Federal Contract Tower,0,4,14,36,54,0,11,57,10,78,0,15,71,46,132,70,72,142,274
04/21/2021,TUP,MS,ASO,ES,Federal Contract Tower,0,6,10,40,56,0,7,46,18,71,0,13,56,58,127,68,68,136,263
04/22/2021,TUP,MS,ASO,ES,Federal Contract Tower,0,5,13,43,61,0,6,52,23,81,0,11,65,66,142,70,84,154,296
04/23/2021,TUP,MS,ASO,ES,Federal Contract Tower,0,7,11,26,44,0,4,37,15,56,0,11,48,41,100,38,64,102,202
04/24/2021,TUP,MS,ASO,ES,Federal Contract Tower,0,4,2,2,8,0,1,16,5,22,0,5,18,7,30,4,0,4,34
04/25/2021,TUP,MS,ASO,ES,Federal Contract Tower,0,6,14,0,20,0,7,67,3,77,0,13,81,3,97,90,2,92,189
04/26/2021,TUP,MS,ASO,ES,Federal Contract Tower,0,6,12,36,54,0,3,57,39,99,0,9,69,75,153,60,48,108,261
04/27/2021,TUP,MS,ASO,ES,Federal Contract Tower,0,4,4,52,60,0,6,45,30,81,0,10,49,82,141,42,50,92,233
04/28/2021,TUP,MS,ASO,ES,Federal Contract Tower,0,6,22,42,70,0,2,28,15,45,0,8,50,57,115,20,62,82,197
04/29/2021,TUP,MS,ASO,ES,Federal Contract Tower,0,7,14,36,57,0,3,19,17,39,0,10,33,53,96,28,70,98,194
04/30/2021,TUP,MS,ASO,ES,Federal Contract Tower,0,10,11,22,43,0,4,45,16,65,0,14,56,38,108,50,28,78,186
05/01/2021,TUP,MS,ASO,ES,Federal Contract Tower,0,3,8,2,13,0,2,35,4,41,0,5,43,6,54,32,18,50,104
05/02/2021,TUP,MS,ASO,ES,Federal Contract Tower,0,5,6,14,25,0,1,6,3,10,0,6,12,17,35,6,16,22,57
05/03/2021,TUP,MS,ASO,ES,Federal Contract Tower,0,8,11,10,29,0,10,53,3,66,0,18,64,13,95,62,22,84,179
05/04/2021,TUP,MS,ASO,ES,Federal Contract Tower,0,4,8,0,12,0,0,1,0,1,0,4,9,0,13,0,0,0,13
05/05/2021,TUP,MS,ASO,ES,Federal Contract Tower,0,6,22,52,80,0,4,28,19,51,0,10,50,71,131,12,146,158,289
05/06/2021,TUP,MS,ASO,ES,Federal Contract Tower,0,8,12,50,70,0,8,52,34,94,0,16,64,84,164,60,132,192,356
05/07/2021,TUP,MS,ASO,ES,Federal Contract Tower,0,8,24,54,86,0,4,44,15,63,0,12,68,69,149,60,40,100,249
05/08/2021,TUP,MS,ASO,ES,Federal Contract Tower,0,3,4,0,7,0,7,39,10,56,0,10,43,10,63,48,32,80,143
05/09/2021,TUP,MS,ASO,ES,Federal Contract Tower,0,5,6,0,11,0,1,19,1,21,0,6,25,1,32,16,4,20,52
05/10/2021,TUP,MS,ASO,ES,Federal Contract Tower,0,8,18,18,44,0,3,13,0,16,0,11,31,18,60,0,0,0,60
05/11/2021,TUP,MS,ASO,ES,Federal Contract Tower,2,4,19,90,115,0,9,38,32,79,2,13,57,122,194,42,190,232,426
05/12/2021,TUP,MS,ASO,ES,Federal Contract Tower,0,6,5,75,86,0,8,59,41,108,0,14,64,116,194,80,142,222,416
05/13/2021,TUP,MS,ASO,ES,Federal Contract Tower,0,7,5,23,35,0,5,49,32,86,0,12,54,55,121,64,106,170,291
05/14/2021,TUP,MS,ASO,ES,Federal Contract Tower,0,8,12,49,69,0,6,52,15,73,0,14,64,64,142,74,54,128,270
05/15/2021,TUP,MS,ASO,ES,Federal Contract Tower,0,3,5,2,10,0,3,46,14,63,0,6,51,16,73,86,20,106,179
05/16/2021,TUP,MS,ASO,ES,Federal Contract Tower,0,5,8,6,19,0,8,48,6,62,0,13,56,12,81,64,10,74,155
05/17/2021,TUP,MS,ASO,ES,Federal Contract Tower,0,6,9,37,52,0,4,35,3,42,0,10,44,40,94,34,20,54,148
05/18/2021,TUP,MS,ASO,ES,Federal Contract Tower,0,4,9,39,52,0,2,31,21,54,0,6,40,60,106,22,86,108,214
05/19/2021,TUP,MS,ASO,ES,Federal Contract Tower,0,6,18,24,48,0,2,43,26,71,0,8,61,50,119,48,70,118,237
05/20/2021,TUP,MS,ASO,ES,Federal Contract Tower,0,8,4,23,35,0,4,49,30,83,0,12,53,53,118,76,42,118,236
05/21/2021,TUP,MS,ASO,ES,Federal Contract Tower,0,8,9,15,32,0,4,44,29,77,0,12,53,44,109,58,36,94,203
05/22/2021,TUP,MS,ASO,ES,Federal Contract Tower,0,3,8,2,13,0,4,38,19,61,0,7,46,21,74,46,24,70,144
05/23/2021,TUP,MS,ASO,ES,Federal Contract Tower,0,7,3,0,10,0,7,62,2,71,0,14,65,2,81,72,6,78,159
05/24/2021,TUP,MS,ASO,ES,Federal Contract Tower,2,6,6,32,46,0,7,56,10,73,2,13,62,42,119,50,52,102,221
05/25/2021,TUP,MS,ASO,ES,Federal Contract Tower,0,5,14,28,47,0,8,43,11,62,0,13,57,39,109,70,36,106,215
05/26/2021,TUP,MS,ASO,ES,Federal Contract Tower,0,8,17,26,51,0,3,29,15,47,0,11,46,41,98,52,36,88,186
05/27/2021,TUP,MS,ASO,ES,Federal Contract Tower,0,6,17,29,52,0,7,43,19,69,0,13,60,48,121,54,64,118,239
05/28/2021,TUP,MS,ASO,ES,Federal Contract Tower,0,5,12,0,17,0,6,37,13,56,0,11,49,13,73,48,20,68,141
05/29/2021,TUP,MS,ASO,ES,Federal Contract Tower,0,3,4,2,9,0,2,33,3,38,0,5,37,5,47,34,6,40,87
05/30/2021,TUP,MS,ASO,ES,Federal Contract Tower,0,5,1,0,6,0,4,42,0,46,0,9,43,0,52,50,0,50,102
05/31/2021,TUP,MS,ASO,ES,Federal Contract Tower,0,4,6,0,10,0,2,58,1,61,0,6,64,1,71,67,10,77,148
06/01/2021,TUP,MS,ASO,ES,Federal Contract Tower,0,6,19,28,53,0,5,47,11,63,0,11,66,39,116,78,58,136,252
06/02/2021,TUP,MS,ASO,ES,Federal Contract Tower,2,8,8,0,18,0,2,17,1,20,2,10,25,1,38,48,2,50,88
06/03/2021,TUP,MS,ASO,ES,Federal Contract Tower,0,7,11,52,70,0,3,53,20,76,0,10,64,72,146,76,88,164,310
06/04/2021,TUP,MS,ASO,ES,Federal Contract Tower,0,7,6,40,53,0,6,50,15,71,0,13,56,55,124,62,64,126,250
06/05/2021,TUP,MS,ASO,ES,Federal Contract Tower,0,3,7,0,10,0,4,30,3,37,0,7,37,3,47,48,6,54,101
06/06/2021,TUP,MS,ASO,ES,Federal Contract Tower,0,5,8,0,13,0,0,0,0,0,0,5,8,0,13,0,0,0,13
06/07/2021,TUP,MS,ASO,ES,Federal Contract Tower,2,6,13,3,24,0,0,5,0,5,2,6,18,3,29,0,0,0,29
06/08/2021,TUP,MS,ASO,ES,Federal Contract Tower,0,4,12,0,16,0,0,1,0,1,0,4,13,0,17,0,0,0,17
06/09/2021,TUP,MS,ASO,ES,Federal Contract Tower,2,6,7,2,17,0,0,5,0,5,2,6,12,2,22,0,0,0,22
06/10/2021,TUP,MS,ASO,ES,Federal Contract Tower,0,6,9,38,53,0,3,23,14,40,0,9,32,52,93,44,44,88,181
06/11/2021,TUP,MS,ASO,ES,Federal Contract Tower,0,6,11,0,17,0,5,16,7,28,0,11,27,7,45,30,14,44,89
06/12/2021,TUP,MS,ASO,ES,Federal Contract Tower,0,5,4,1,10,0,4,37,4,45,0,9,41,5,55,44,20,64,119
06/13/2021,TUP,MS,ASO,ES,Federal Contract Tower,0,5,13,0,18,0,3,41,1,45,0,8,54,1,63,44,2,46,109
06/14/2021,TUP,MS,ASO,ES,Federal Contract Tower,2,7,16,45,70,0,1,57,9,67,2,8,73,54,137,78,32,110,247
06/15/2021,TUP,MS,ASO,ES,Federal Contract Tower,0,4,15,45,64,0,2,42,10,54,0,6,57,55,118,36,50,86,204
06/16/2021,TUP,MS,ASO,ES,Federal Contract Tower,0,11,16,32,59,0,7,56,10,73,0,18,72,42,132,100,48,148,280
06/17/2021,TUP,MS,ASO,ES,Federal Contract Tower,0,8,19,35,62,0,3,47,10,60,0,11,66,45,122,54,52,106,228
06/18/2021,TUP,MS,ASO,ES,Federal Contract Tower,0,6,12,0,18,0,5,55,8,68,0,11,67,8,86,88,10,98,184
06/19/2021,TUP,MS,ASO,ES,Federal Contract Tower,0,3,15,0,18,0,0,15,1,16,0,3,30,1,34,2,0,2,36
06/20/2021,TUP,MS,ASO,ES,Federal Contract Tower,0,5,7,0,12,0,6,53,6,65,0,11,60,6,77,64,0,64,141
06/21/2021,TUP,MS,ASO,ES,Federal Contract Tower,0,6,9,8,23,0,0,19,1,20,0,6,28,9,43,10,6,16,59
06/22/2021,TUP,MS,ASO,ES,Federal Contract Tower,0,4,13,48,65,0,4,53,10,67,0,8,66,58,132,56,48,104,236
06/23/2021,TUP,MS,ASO,ES,Federal Contract Tower,0,6,23,32,61,0,3,96,8,107,0,9,119,40,168,96,18,114,282
06/24/2021,TUP,MS,ASO,ES,Federal Contract Tower,0,6,15,24,45,0,3,52,44,99,0,9,67,68,144,28,20,48,192
06/25/2021,TUP,MS,ASO,ES,Federal Contract Tower,0,7,10,44,61,0,1,34,22,57,0,8,44,66,118,38,64,102,220
06/26/2021,TUP,MS,ASO,ES,Federal Contract Tower,0,3,6,4,13,0,3,41,9,53,0,6,47,13,66,48,16,64,130
06/27/2021,TUP,MS,ASO,ES,Federal Contract Tower,0,5,6,0,11,0,2,30,0,32,0,7,36,0,43,62,0,62,105
06/28/2021,TUP,MS,ASO,ES,Federal Contract Tower,0,8,18,22,48,0,9,54,2,65,0,17,72,24,113,54,26,80,193
06/29/2021,TUP,MS,ASO,ES,Federal Contract Tower,0,5,12,19,36,0,5,38,9,52,0,10,50,28,88,24,34,58,146
06/30/2021,TUP,MS,ASO,ES,Federal Contract Tower,0,8,25,25,58,0,5,47,9,61,0,13,72,34,119,64,42,106,225
07/01/2021,TUP,MS,ASO,ES,Federal Contract Tower,0,7,26,14,47,0,0,28,1,29,0,7,54,15,76,12,12,24,100
07/02/2021,TUP,MS,ASO,ES,Federal Contract Tower,0,11,13,0,24,0,0,23,0,23,0,11,36,0,47,20,0,20,67
07/03/2021,TUP,MS,ASO,ES,Federal Contract Tower,0,3,3,0,6,0,7,42,0,49,0,10,45,0,55,62,0,62,117
07/04/2021,TUP,MS,ASO,ES,Federal Contract Tower,0,5,6,0,11,0,4,30,0,34,0,9,36,0,45,8,0,8,53
07/05/2021,TUP,MS,ASO,ES,Federal Contract Tower,0,6,3,0,9,0,9,27,1,37,0,15,30,1,46,34,2,36,82
07/06/2021,TUP,MS,ASO,ES,Federal Contract Tower,0,6,12,48,66,0,2,36,22,60,0,8,48,70,126,42,132,174,300
07/07/2021,TUP,MS,ASO,ES,Federal Contract Tower,0,5,2,22,29,0,3,19,6,28,0,8,21,28,57,28,36,64,121
07/08/2021,TUP,MS,ASO,ES,Federal Contract Tower,0,7,16,15,38,0,2,16,18,36,0,9,32,33,74,22,8,30,104
07/09/2021,TUP,MS,ASO,ES,Federal Contract Tower,0,10,6,14,30,0,2,40,14,56,0,12,46,28,86,58,34,92,178
07/10/2021,TUP,MS,ASO,ES,Federal Contract Tower,0,3,14,26,43,0,0,14,8,22,0,3,28,34,65,6,56,62,127
07/11/2021,TUP,MS,ASO,ES,Federal Contract Tower,0,5,9,4,18,0,0,3,0,3,0,5,12,4,21,0,0,0,21
07/12/2021,TUP,MS,ASO,ES,Federal Contract Tower,0,10,11,16,37,0,2,11,1,14,0,12,22,17,51,16,14,30,81
07/13/2021,TUP,MS,ASO,ES,Federal Contract Tower,0,10,12,23,45,0,5,41,18,64,0,15,53,41,109,52,14,66,175
07/14/2021,TUP,MS,ASO,ES,Federal Contract Tower,0,6,12,39,57,0,3,45,12,60,0,9,57,51,117,80,22,102,219
07/15/2021,TUP,MS,ASO,ES,Federal Contract Tower,0,6,9,34,49,0,7,48,18,73,0,13,57,52,122,66,36,102,224
07/16/2021,TUP,MS,ASO,ES,Federal Contract Tower,0,8,18,6,32,0,3,30,10,43,0,11,48,16,75,24,32,56,131
07/17/2021,TUP,MS,ASO,ES,Federal Contract Tower,0,3,7,22,32,0,3,10,6,19,0,6,17,28,51,18,36,54,105
07/18/2021,TUP,MS,ASO,ES,Federal Contract Tower,0,6,5,9,20,0,0,0,1,1,0,6,5,10,21,0,0,0,21
07/19/2021,TUP,MS,ASO,ES,Federal Contract Tower,0,11,11,4,26,0,2,1,0,3,0,13,12,4,29,0,0,0,29
07/20/2021,TUP,MS,ASO,ES,Federal Contract Tower,0,12,12,6,30,0,2,5,3,10,0,14,17,9,40,12,12,24,64
07/21/2021,TUP,MS,ASO,ES,Federal Contract Tower,0,8,9,43,60,0,6,29,16,51,0,14,38,59,111,52,40,92,203
07/22/2021,TUP,MS,ASO,ES,Federal Contract Tower,0,12,5,33,50,0,4,38,13,55,0,16,43,46,105,50,32,82,187
07/23/2021,TUP,MS,ASO,ES,Federal Contract Tower,0,10,9,23,42,0,2,13,5,20,0,12,22,28,62,18,16,34,96
07/24/2021,TUP,MS,ASO,ES,Federal Contract Tower,0,9,6,7,22,0,2,33,2,37,0,11,39,9,59,40,14,54,113
07/25/2021,TUP,MS,ASO,ES,Federal Contract Tower,0,6,12,5,23,0,1,35,2,38,0,7,47,7,61,58,4,62,123
07/26/2021,TUP,MS,ASO,ES,Federal Contract Tower,0,9,7,16,32,0,1,35,1,37,0,10,42,17,69,50,6,56,125
07/27/2021,TUP,MS,ASO,ES,Federal Contract Tower,0,11,8,26,45,0,5,60,18,83,0,16,68,44,128,62,80,142,270
07/28/2021,TUP,MS,ASO,ES,Federal Contract Tower,0,11,15,51,77,0,5,56,11,72,0,16,71,62,149,68,58,126,275
07/29/2021,TUP,MS,ASO,ES,Federal Contract Tower,0,9,14,31,54,0,5,58,28,91,0,14,72,59,145,90,44,134,279
07/30/2021,TUP,MS,ASO,ES,Federal Contract Tower,0,12,13,18,43,0,5,37,11,53,0,17,50,29,96,58,26,84,180
07/31/2021,TUP,MS,ASO,ES,Federal Contract Tower,0,5,13,1,19,0,3,44,11,58,0,8,57,12,77,45,22,67,144
08/01/2021,TUP,MS,ASO,ES,Federal Contract Tower,0,6,13,1,20,0,10,48,2,60,0,16,61,3,80,80,2,82,162
08/02/2021,TUP,MS,ASO,ES,Federal Contract Tower,0,11,4,34,49,0,3,39,19,61,0,14,43,53,110,28,56,84,194
08/03/2021,TUP,MS,ASO,ES,Federal Contract Tower,0,9,12,32,53,0,4,71,14,89,0,13,83,46,142,100,74,174,316
08/04/2021,TUP,MS,ASO,ES,Federal Contract Tower,0,9,8,18,35,0,8,71,18,97,0,17,79,36,132,78,64,142,274
08/05/2021,TUP,MS,ASO,ES,Federal Contract Tower,0,9,18,26,53,0,4,62,16,82,0,13,80,42,135,108,34,142,277
08/06/2021,TUP,MS,ASO,ES,Federal Contract Tower,0,9,15,15,39,0,3,42,11,56,0,12,57,26,95,42,46,88,183
08/07/2021,TUP,MS,ASO,ES,Federal Contract Tower,0,6,6,4,16,0,4,54,5,63,0,10,60,9,79,80,8,88,167
08/08/2021,TUP,MS,ASO,ES,Federal Contract Tower,0,6,11,1,18,0,3,52,5,60,0,9,63,6,78,78,6,84,162
08/09/2021,TUP,MS,ASO,ES,Federal Contract Tower,0,11,5,25,41,0,6,53,8,67,0,17,58,33,108,50,20,70,178
08/10/2021,TUP,MS,ASO,ES,Federal Contract Tower,0,7,18,26,51,0,0,48,33,81,0,7,66,59,132,100,14,114,246
08/11/2021,TUP,MS,ASO,ES,Federal Contract Tower,0,13,12,24,49,0,1,60,16,77,0,14,72,40,126,88,40,128,254
08/12/2021,TUP,MS,ASO,ES,Federal Contract Tower,0,11,13,25,49,0,8,48,26,82,0,19,61,51,131,58,36,94,225
08/13/2021,TUP,MS,ASO,ES,Federal Contract Tower,0,14,10,13,37,0,3,32,12,47,0,17,42,25,84,20,56,76,160
08/14/2021,TUP,MS,ASO,ES,Federal Contract Tower,0,4,7,0,11,0,1,34,8,43,0,5,41,8,54,44,10,54,108
08/15/2021,TUP,MS,ASO,ES,Federal Contract Tower,0,10,10,4,24,0,1,3,0,4,0,11,13,4,28,16,0,16,44
08/16/2021,TUP,MS,ASO,ES,Federal Contract Tower,0,11,12,42,65,0,6,36,9,51,0,17,48,51,116,26,90,116,232
08/17/2021,TUP,MS,ASO,ES,Federal Contract Tower,0,9,12,22,43,0,8,58,16,82,0,17,70,38,125,100,72,172,297
08/18/2021,TUP,MS,ASO,ES,Federal Contract Tower,0,8,11,8,27,0,7,32,5,44,0,15,43,13,71,50,26,76,147
08/19/2021,TUP,MS,ASO,ES,Federal Contract Tower,0,6,15,6,27,0,0,4,0,4,0,6,19,6,31,0,0,0,31
08/20/2021,TUP,MS,ASO,ES,Federal Contract Tower,0,8,9,11,28,0,0,29,9,38,0,8,38,20,66,28,56,84,150
08/21/2021,TUP,MS,ASO,ES,Federal Contract Tower,0,3,8,5,16,0,2,30,14,46,0,5,38,19,62,50,32,82,144
08/22/2021,TUP,MS,ASO,ES,Federal Contract Tower,0,5,6,0,11,0,6,58,6,70,0,11,64,6,81,110,8,118,199
08/23/2021,TUP,MS,ASO,ES,Federal Contract Tower,0,10,6,36,52,0,7,62,9,78,0,17,68,45,130,94,88,182,312
08/24/2021,TUP,MS,ASO,ES,Federal Contract Tower,0,6,6,26,38,0,7,68,15,90,0,13,74,41,128,78,46,124,252
08/25/2021,TUP,MS,ASO,ES,Federal Contract Tower,0,8,10,22,40,0,8,66,25,99,0,16,76,47,139,70,64,134,273
08/26/2021,TUP,MS,ASO,ES,Federal Contract Tower,0,7,12,30,49,0,3,62,28,93,0,10,74,58,142,72,78,150,292
08/27/2021,TUP,MS,ASO,ES,Federal Contract Tower,0,8,15,30,53,0,5,50,12,67,0,13,65,42,120,64,34,98,218
08/28/2021,TUP,MS,ASO,ES,Federal Contract Tower,0,3,7,7,17,0,7,39,6,52,0,10,46,13,69,51,24,75,144
08/29/2021,TUP,MS,ASO,ES,Federal Contract Tower,0,5,5,1,11,0,4,27,6,37,0,9,32,7,48,32,6,38,86
08/30/2021,TUP,MS,ASO,ES,Federal Contract Tower,0,5,0,0,5,0,0,0,0,0,0,5,0,0,5,0,0,0,5
08/31/2021,TUP,MS,ASO,ES,Federal Contract Tower,0,7,2,0,9,0,4,13,7,24,0,11,15,7,33,26,20,46,79
09/01/2021,TUP,MS,ASO,ES,Federal Contract Tower,0,8,8,31,47,0,5,33,12,50,0,13,41,43,97,76,14,90,187
09/02/2021,TUP,MS,ASO,ES,Federal Contract Tower,0,6,9,24,39,0,6,56,8,70,0,12,65,32,109,78,32,110,219
09/03/2021,TUP,MS,ASO,ES,Federal Contract Tower,0,8,6,0,14,0,4,43,5,52,0,12,49,5,66,80,18,98,164
09/04/2021,TUP,MS,ASO,ES,Federal Contract Tower,0,3,7,0,10,0,3,49,8,60,0,6,56,8,70,60,6,66,136
09/05/2021,TUP,MS,ASO,ES,Federal Contract Tower,1,7,1,0,9,0,6,31,2,39,1,13,32,2,48,36,4,40,88
09/06/2021,TUP,MS,ASO,ES,Federal Contract Tower,0,5,11,2,18,0,8,38,0,46,0,13,49,2,64,54,0,54,118
09/07/2021,TUP,MS,ASO,ES,Federal Contract Tower,0,4,8,31,43,0,10,59,14,83,0,14,67,45,126,92,42,134,260
09/08/2021,TUP,MS,ASO,ES,Federal Contract Tower,0,8,7,21,36,0,8,51,23,82,0,16,58,44,118,56,34,90,208
09/09/2021,TUP,MS,ASO,ES,Federal Contract Tower,0,8,8,36,52,0,11,56,34,101,0,19,64,70,153,52,84,136,289
09/10/2021,TUP,MS,ASO,ES,Federal Contract Tower,0,8,11,44,63,0,6,49,10,65,0,14,60,54,128,80,38,118,246
09/11/2021,TUP,MS,ASO,ES,Federal Contract Tower,0,3,6,0,9,0,2,39,7,48,0,5,45,7,57,36,32,68,125
09/12/2021,TUP,MS,ASO,ES,Federal Contract Tower,0,5,8,4,17,0,4,42,2,48,0,9,50,6,65,66,2,68,133
09/13/2021,TUP,MS,ASO,ES,Federal Contract Tower,0,6,12,47,65,0,15,59,8,82,0,21,71,55,147,72,36,108,255
09/14/2021,TUP,MS,ASO,ES,Federal Contract Tower,0,7,6,37,50,0,3,32,9,44,0,10,38,46,94,48,54,102,196
09/15/2021,TUP,MS,ASO,ES,Federal Contract Tower,0,9,12,57,78,0,4,36,18,58,0,13,48,75,136,34,110,144,280
09/16/2021,TUP,MS,ASO,ES,Federal Contract Tower,0,7,14,54,75,0,2,35,23,60,0,9,49,77,135,74,188,262,397
09/17/2021,TUP,MS,ASO,ES,Federal Contract Tower,0,11,7,16,34,0,0,5,0,5,0,11,12,16,39,0,0,0,39
09/18/2021,TUP,MS,ASO,ES,Federal Contract Tower,0,4,4,9,17,0,0,8,20,28,0,4,12,29,45,22,36,58,103
09/19/2021,TUP,MS,ASO,ES,Federal Contract Tower,0,7,4,0,11,0,0,14,0,14,0,7,18,0,25,20,0,20,45
09/20/2021,TUP,MS,ASO,ES,Federal Contract Tower,0,9,14,10,33,0,0,11,4,15,0,9,25,14,48,6,0,6,54
09/21/2021,TUP,MS,ASO,ES,Federal Contract Tower,0,9,12,12,33,0,2,39,12,53,0,11,51,24,86,48,40,88,174
09/22/2021,TUP,MS,ASO,ES,Federal Contract Tower,0,10,10,38,58,0,7,31,18,56,0,17,41,56,114,44,136,180,294
09/23/2021,TUP,MS,ASO,ES,Federal Contract Tower,0,7,14,22,43,0,7,56,30,93,0,14,70,52,136,74,106,180,316
09/24/2021,TUP,MS,ASO,ES,Federal Contract Tower,2,11,9,23,45,0,4,77,12,93,2,15,86,35,138,76,44,120,258
09/25/2021,TUP,MS,ASO,ES,Federal Contract Tower,0,5,6,9,20,0,3,61,9,73,0,8,67,18,93,74,32,106,199
09/26/2021,TUP,MS,ASO,ES,Federal Contract Tower,0,14,4,2,20,0,2,82,0,84,0,16,86,2,104,128,0,128,232
09/27/2021,TUP,MS,ASO,ES,Federal Contract Tower,0,8,6,26,40,0,3,73,3,79,0,11,79,29,119,80,30,110,229
09/28/2021,TUP,MS,ASO,ES,Federal Contract Tower,0,6,6,34,46,0,8,67,23,98,0,14,73,57,144,98,96,194,338
09/29/2021,TUP,MS,ASO,ES,Federal Contract Tower,0,9,12,31,52,0,4,18,7,29,0,13,30,38,81,48,22,70,151
09/30/2021,TUP,MS,ASO,ES,Federal Contract Tower,0,12,9,20,41,0,1,0,0,1,0,13,9,20,42,0,0,0,42
10/01/2021,TUP,MS,ASO,ES,Federal Contract Tower,0,11,5,6,22,0,2,37,8,47,0,13,42,14,69,38,34,72,141
10/02/2021,TUP,MS,ASO,ES,Federal Contract Tower,0,3,11,0,14,0,1,28,0,29,0,4,39,0,43,8,0,8,51
10/03/2021,TUP,MS,ASO,ES,Federal Contract Tower,0,6,6,4,16,0,0,7,0,7,0,6,13,4,23,0,0,0,23
10/04/2021,TUP,MS,ASO,ES,Federal Contract Tower,0,7,16,44,67,0,5,45,23,73,0,12,61,67,140,54,146,200,340
10/05/2021,TUP,MS,ASO,ES,Federal Contract Tower,0,8,4,38,50,0,7,32,19,58,0,15,36,57,108,24,52,76,184
10/06/2021,TUP,MS,ASO,ES,Federal Contract Tower,0,12,9,28,49,0,3,31,18,52,0,15,40,46,101,36,90,126,227
10/07/2021,TUP,MS,ASO,ES,Federal Contract Tower,0,10,15,25,50,0,3,59,24,86,0,13,74,49,136,98,68,166,302
10/08/2021,TUP,MS,ASO,ES,Federal Contract Tower,2,10,6,21,39,0,0,65,14,79,2,10,71,35,118,52,44,96,214
10/09/2021,TUP,MS,ASO,ES,Federal Contract Tower,2,4,6,1,13,0,4,52,5,61,2,8,58,6,74,90,22,112,186
10/10/2021,TUP,MS,ASO,ES,Federal Contract Tower,0,10,12,0,22,0,5,54,1,60,0,15,66,1,82,90,4,94,176
10/11/2021,TUP,MS,ASO,ES,Federal Contract Tower,0,7,15,0,22,0,14,55,0,69,0,21,70,0,91,74,0,74,165
10/12/2021,TUP,MS,ASO,ES,Federal Contract Tower,0,11,13,34,58,0,4,48,23,75,0,15,61,57,133,80,32,112,245
10/13/2021,TUP,MS,ASO,ES,Federal Contract Tower,0,6,17,38,61,0,4,69,18,91,0,10,86,56,152,90,30,120,272
10/14/2021,TUP,MS,ASO,ES,Federal Contract Tower,0,10,10,25,45,0,6,58,17,81,0,16,68,42,126,82,46,128,254
10/15/2021,TUP,MS,ASO,ES,Federal Contract Tower,1,9,13,15,38,0,3,32,20,55,1,12,45,35,93,52,22,74,167
10/16/2021,TUP,MS,ASO,ES,Federal Contract Tower,0,3,8,0,11,0,6,50,6,62,0,9,58,6,73,80,12,92,165
10/17/2021,TUP,MS,ASO,ES,Federal Contract Tower,0,5,12,0,17,0,5,67,1,73,0,10,79,1,90,84,2,86,176
10/18/2021,TUP,MS,ASO,ES,Federal Contract Tower,0,6,10,32,48,0,3,63,5,71,0,9,73,37,119,72,36,108,227
10/19/2021,TUP,MS,ASO,ES,Federal Contract Tower,0,4,6,26,36,0,13,53,10,76,0,17,59,36,112,74,24,98,210
10/20/2021,TUP,MS,ASO,ES,Federal Contract Tower,0,11,11,32,54,0,3,33,11,47,0,14,44,43,101,32,40,72,173
10/21/2021,TUP,MS,ASO,ES,Federal Contract Tower,0,8,3,11,22,0,7,26,12,45,0,15,29,23,67,46,34,80,147
10/22/2021,TUP,MS,ASO,ES,Federal Contract Tower,1,11,12,0,24,0,5,54,20,79,1,16,66,20,103,88,42,130,233
10/23/2021,TUP,MS,ASO,ES,Federal Contract Tower,1,8,13,0,22,0,5,54,9,68,1,13,67,9,90,84,10,94,184
10/24/2021,TUP,MS,ASO,ES,Federal Contract Tower,0,9,13,2,24,0,4,50,5,59,0,13,63,7,83,68,8,76,159
10/25/2021,TUP,MS,ASO,ES,Federal Contract Tower,0,9,11,0,20,0,4,31,7,42,0,13,42,7,62,36,10,46,108
10/26/2021,TUP,MS,ASO,ES,Federal Contract Tower,0,10,10,4,24,0,11,68,18,97,0,21,78,22,121,66,40,106,227
10/27/2021,TUP,MS,ASO,ES,Federal Contract Tower,0,7,11,14,32,0,6,60,14,80,0,13,71,28,112,76,20,96,208
10/28/2021,TUP,MS,ASO,ES,Federal Contract Tower,0,11,22,2,35,0,3,6,2,11,0,14,28,4,46,6,2,8,54
10/29/2021,TUP,MS,ASO,ES,Federal Contract Tower,2,11,7,3,23,0,0,0,0,0,2,11,7,3,23,0,0,0,23
10/30/2021,TUP,MS,ASO,ES,Federal Contract Tower,0,3,13,0,16,0,0,3,0,3,0,3,16,0,19,0,0,0,19
10/31/2021,TUP,MS,ASO,ES,Federal Contract Tower,0,7,9,0,16,0,8,60,1,69,0,15,69,1,85,100,0,100,185
11/01/2021,TUP,MS,ASO,ES,Federal Contract Tower,0,8,13,12,33,0,8,78,5,91,0,16,91,17,124,108,24,132,256
11/02/2021,TUP,MS,ASO,ES,Federal Contract Tower,0,4,10,24,38,0,5,53,18,76,0,9,63,42,114,76,48,124,238
11/03/2021,TUP,MS,ASO,ES,Federal Contract Tower,0,10,6,18,34,0,2,40,11,53,0,12,46,29,87,70,16,86,173
11/04/2021,TUP,MS,ASO,ES,Federal Contract Tower,0,3,13,28,44,0,3,55,24,82,0,6,68,52,126,26,78,104,230
11/05/2021,TUP,MS,ASO,ES,Federal Contract Tower,1,11,18,24,54,0,2,47,10,59,1,13,65,34,113,38,32,70,183
11/06/2021,TUP,MS,ASO,ES,Federal Contract Tower,1,3,10,0,14,0,4,59,6,69,1,7,69,6,83,46,12,58,141
11/07/2021,TUP,MS,ASO,ES,Federal Contract Tower,0,8,13,0,21,0,3,64,10,77,0,11,77,10,98,84,38,122,220
11/08/2021,TUP,MS,ASO,ES,Federal Contract Tower,0,7,10,28,45,0,4,63,12,79,0,11,73,40,124,66,48,114,238
11/09/2021,TUP,MS,ASO,ES,Federal Contract Tower,0,9,14,26,49,0,4,39,18,61,0,13,53,44,110,62,28,90,200
11/10/2021,TUP,MS,ASO,ES,Federal Contract Tower,0,8,15,24,47,0,5,54,11,70,0,13,69,35,117,84,32,116,233
11/11/2021,TUP,MS,ASO,ES,Federal Contract Tower,1,12,14,0,27,0,1,13,3,17,1,13,27,3,44,30,2,32,76
11/12/2021,TUP,MS,ASO,ES,Federal Contract Tower,0,11,8,18,37,0,2,50,13,65,0,13,58,31,102,66,48,114,216
11/13/2021,TUP,MS,ASO,ES,Federal Contract Tower,2,7,8,0,17,0,4,45,5,54,2,11,53,5,71,62,4,66,137
11/14/2021,TUP,MS,ASO,ES,Federal Contract Tower,0,13,18,2,33,0,7,61,2,70,0,20,79,4,103,82,4,86,189
11/15/2021,TUP,MS,ASO,ES,Federal Contract Tower,0,5,7,26,38,0,6,42,8,56,0,11,49,34,94,54,28,82,176
11/16/2021,TUP,MS,ASO,ES,Federal Contract Tower,0,9,14,14,37,0,5,55,12,72,0,14,69,26,109,76,30,106,215
11/17/2021,TUP,MS,ASO,ES,Federal Contract Tower,0,8,6,19,33,0,3,37,14,54,0,11,43,33,87,48,44,92,179
11/18/2021,TUP,MS,ASO,ES,Federal Contract Tower,0,9,13,14,36,0,3,22,18,43,0,12,35,32,79,42,44,86,165
11/19/2021,TUP,MS,ASO,ES,Federal Contract Tower,0,6,8,16,30,0,2,35,18,55,0,8,43,34,85,78,68,146,231
11/20/2021,TUP,MS,ASO,ES,Federal Contract Tower,1,6,6,0,13,0,3,47,4,54,1,9,53,4,67,114,2,116,183
11/21/2021,TUP,MS,ASO,ES,Federal Contract Tower,0,9,14,0,23,0,1,32,0,33,0,10,46,0,56,38,0,38,94
11/22/2021,TUP,MS,ASO,ES,Federal Contract Tower,0,7,8,18,33,0,6,65,7,78,0,13,73,25,111,88,52,140,251
11/23/2021,TUP,MS,ASO,ES,Federal Contract Tower,0,7,4,21,32,0,4,69,18,91,0,11,73,39,123,106,62,168,291
11/24/2021,TUP,MS,ASO,ES,Federal Contract Tower,1,9,9,16,35,0,6,32,5,43,1,15,41,21,78,52,22,74,152
11/25/2021,TUP,MS,ASO,ES,Federal Contract Tower,0,1,4,0,5,0,0,0,0,0,0,1,4,0,5,0,0,0,5
11/26/2021,TUP,MS,ASO,ES,Federal Contract Tower,0,6,12,0,18,0,2,36,0,38,0,8,48,0,56,52,0,52,108
11/27/2021,TUP,MS,ASO,ES,Federal Contract Tower,0,6,8,0,14,0,1,40,0,41,0,7,48,0,55,54,0,54,109
11/28/2021,TUP,MS,ASO,ES,Federal Contract Tower,0,5,10,0,15,0,8,46,0,54,0,13,56,0,69,90,0,90,159
11/29/2021,TUP,MS,ASO,ES,Federal Contract Tower,1,9,7,16,33,0,6,66,10,82,1,15,73,26,115,84,52,136,251
11/30/2021,TUP,MS,ASO,ES,Federal Contract Tower,0,9,7,16,32,0,6,61,14,81,0,15,68,30,113,102,16,118,231
12/01/2021,TUP,MS,ASO,ES,Federal Contract Tower,0,7,14,25,46,0,5,28,10,43,0,12,42,35,89,52,26,78,167
12/02/2021,TUP,MS,ASO,ES,Federal Contract Tower,0,6,17,33,56,0,5,52,20,77,0,11,69,53,133,66,62,128,261
12/03/2021,TUP,MS,ASO,ES,Federal Contract Tower,0,6,11,21,38,0,5,45,14,64,0,11,56,35,102,62,40,102,204
12/04/2021,TUP,MS,ASO,ES,Federal Contract Tower,2,4,8,6,20,0,0,0,0,0,2,4,8,6,20,0,0,0,20
12/05/2021,TUP,MS,ASO,ES,Federal Contract Tower,0,5,14,0,19,0,0,9,0,9,0,5,23,0,28,14,0,14,42
12/06/2021,TUP,MS,ASO,ES,Federal Contract Tower,1,7,8,26,42,0,5,21,6,32,1,12,29,32,74,26,58,84,158
12/07/2021,TUP,MS,ASO,ES,Federal Contract Tower,0,8,17,38,63,0,2,52,26,80,0,10,69,64,143,90,72,162,305
12/08/2021,TUP,MS,ASO,ES,Federal Contract Tower,0,10,9,27,46,0,6,56,25,87,0,16,65,52,133,88,50,138,271
12/09/2021,TUP,MS,ASO,ES,Federal Contract Tower,0,9,13,26,48,0,3,41,18,62,0,12,54,44,110,54,46,100,210
12/10/2021,TUP,MS,ASO,ES,Federal Contract Tower,0,10,6,2,18,0,0,1,8,9,0,10,7,10,27,0,36,36,63
12/11/2021,TUP,MS,ASO,ES,Federal Contract Tower,0,5,4,2,11,0,0,13,3,16,0,5,17,5,27,8,0,8,35
12/12/2021,TUP,MS,ASO,ES,Federal Contract Tower,0,5,5,0,10,0,8,67,3,78,0,13,72,3,88,104,2,106,194
12/13/2021,TUP,MS,ASO,ES,Federal Contract Tower,0,7,14,20,41,0,2,57,5,64,0,9,71,25,105,64,22,86,191
12/14/2021,TUP,MS,ASO,ES,Federal Contract Tower,0,9,5,22,36,0,2,49,30,81,0,11,54,52,117,94,16,110,227
12/15/2021,TUP,MS,ASO,ES,Federal Contract Tower,0,5,17,39,61,0,8,51,12,71,0,13,68,51,132,82,32,114,246
12/16/2021,TUP,MS,ASO,ES,Federal Contract Tower,0,7,17,16,40,0,0,0,2,2,0,7,17,18,42,0,4,4,46
12/17/2021,TUP,MS,ASO,ES,Federal Contract Tower,0,8,13,2,23,0,0,0,0,0,0,8,13,2,23,0,0,0,23
12/18/2021,TUP,MS,ASO,ES,Federal Contract Tower,0,4,6,0,10,0,0,0,0,0,0,4,6,0,10,0,0,0,10
12/19/2021,TUP,MS,ASO,ES,Federal Contract Tower,0,7,8,0,15,0,6,48,0,54,0,13,56,0,69,90,0,90,159
12/20/2021,TUP,MS,ASO,ES,Federal Contract Tower,0,9,11,14,34,0,6,48,14,68,0,15,59,28,102,28,60,88,190
12/21/2021,TUP,MS,ASO,ES,Federal Contract Tower,0,8,15,16,39,0,8,57,25,90,0,16,72,41,129,72,144,216,345
12/22/2021,TUP,MS,ASO,ES,Federal Contract Tower,0,8,8,12,28,0,5,44,11,60,0,13,52,23,88,60,24,84,172
12/23/2021,TUP,MS,ASO,ES,Federal Contract Tower,0,6,17,0,23,0,5,47,1,53,0,11,64,1,76,26,2,28,104
12/24/2021,TUP,MS,ASO,ES,Federal Contract Tower,0,5,6,0,11,0,0,8,0,8,0,5,14,0,19,0,0,0,19
12/25/2021,TUP,MS,ASO,ES,Federal Contract Tower,0,0,0,0,0,0,1,11,0,12,0,1,11,0,12,0,0,0,12
12/26/2021,TUP,MS,ASO,ES,Federal Contract Tower,0,4,12,0,16,0,2,7,0,9,0,6,19,0,25,0,0,0,25
12/27/2021,TUP,MS,ASO,ES,Federal Contract Tower,0,6,15,0,21,0,8,6,0,14,0,14,21,0,35,0,0,0,35
12/28/2021,TUP,MS,ASO,ES,Federal Contract Tower,0,6,15,0,21,0,6,32,11,49,0,12,47,11,70,24,16,40,110
12/29/2021,TUP,MS,ASO,ES,Federal Contract Tower,2,6,0,0,8,0,0,0,0,0,2,6,0,0,8,0,0,0,8
12/30/2021,TUP,MS,ASO,ES,Federal Contract Tower,0,6,8,6,20,0,3,28,1,32,0,9,36,7,52,36,6,42,94
12/31/2021,TUP,MS,ASO,ES,Federal Contract Tower,0,5,4,0,9,0,1,9,0,10,0,6,13,0,19,14,0,14,33
01/01/2022,TUP,MS,ASO,ES,Federal Contract Tower,0,1,12,0,13,0,0,0,0,0,0,1,12,0,13,0,0,0,13
01/02/2022,TUP,MS,ASO,ES,Federal Contract Tower,0,4,7,0,11,0,0,0,0,0,0,4,7,0,11,0,0,0,11
01/03/2022,TUP,MS,ASO,ES,Federal Contract Tower,1,8,8,0,17,0,0,12,0,12,1,8,20,0,29,14,0,14,43
01/04/2022,TUP,MS,ASO,ES,Federal Contract Tower,1,8,9,4,22,0,4,44,14,62,1,12,53,18,84,50,42,92,176
01/05/2022,TUP,MS,ASO,ES,Federal Contract Tower,2,7,14,22,45,0,6,40,13,59,2,13,54,35,104,68,28,96,200
01/06/2022,TUP,MS,ASO,ES,Federal Contract Tower,1,9,5,2,17,0,0,0,0,0,1,9,5,2,17,0,0,0,17
01/07/2022,TUP,MS,ASO,ES,Federal Contract Tower,1,9,1,34,45,0,5,43,23,71,1,14,44,57,116,50,52,102,218
01/08/2022,TUP,MS,ASO,ES,Federal Contract Tower,0,5,5,8,18,0,1,44,14,59,0,6,49,22,77,42,22,64,141
01/09/2022,TUP,MS,ASO,ES,Federal Contract Tower,0,6,6,0,12,0,3,0,0,3,0,9,6,0,15,0,0,0,15
01/10/2022,TUP,MS,ASO,ES,Federal Contract Tower,0,8,15,29,52,0,6,63,6,75,0,14,78,35,127,90,24,114,241
01/11/2022,TUP,MS,ASO,ES,Federal Contract Tower,0,8,12,20,40,0,8,61,16,85,0,16,73,36,125,96,32,128,253
01/12/2022,TUP,MS,ASO,ES,Federal Contract Tower,0,8,6,26,40,0,5,50,18,73,0,13,56,44,113,36,72,108,221
01/13/2022,TUP,MS,ASO,ES,Federal Contract Tower,0,13,8,0,21,0,7,40,32,79,0,20,48,32,100,52,46,98,198
01/14/2022,TUP,MS,ASO,ES,Federal Contract Tower,0,6,8,14,28,0,2,46,14,62,0,8,54,28,90,70,24,94,184
01/15/2022,TUP,MS,ASO,ES,Federal Contract Tower,0,2,4,0,6,0,0,2,0,2,0,2,6,0,8,0,0,0,8
01/16/2022,TUP,MS,ASO,ES,Federal Contract Tower,0,5,0,0,5,0,0,0,0,0,0,5,0,0,5,0,0,0,5
01/17/2022,TUP,MS,ASO,ES,Federal Contract Tower,2,7,8,0,17,0,6,40,0,46,2,13,48,0,63,72,0,72,135
01/18/2022,TUP,MS,ASO,ES,Federal Contract Tower,1,12,7,18,38,0,6,56,30,92,1,18,63,48,130,74,38,112,242
01/19/2022,TUP,MS,ASO,ES,Federal Contract Tower,2,6,8,6,22,0,0,6,0,6,2,6,14,6,28,0,0,0,28
01/20/2022,TUP,MS,ASO,ES,Federal Contract Tower,0,8,7,28,43,0,5,37,28,70,0,13,44,56,113,52,72,124,237
01/21/2022,TUP,MS,ASO,ES,Federal Contract Tower,1,6,9,25,41,0,1,35,26,62,1,7,44,51,103,42,36,78,181
01/22/2022,TUP,MS,ASO,ES,Federal Contract Tower,0,6,5,1,12,0,0,37,12,49,0,6,42,13,61,46,8,54,115
01/23/2022,TUP,MS,ASO,ES,Federal Contract Tower,0,4,10,0,14,0,5,39,4,48,0,9,49,4,62,28,2,30,92
01/24/2022,TUP,MS,ASO,ES,Federal Contract Tower,0,8,13,30,51,0,9,56,5,70,0,17,69,35,121,74,12,86,207
01/25/2022,TUP,MS,ASO,ES,Federal Contract Tower,2,6,13,40,61,0,8,46,14,68,2,14,59,54,129,64,16,80,209
01/26/2022,TUP,MS,ASO,ES,Federal Contract Tower,0,8,7,22,37,0,9,58,17,84,0,17,65,39,121,36,56,92,213
01/27/2022,TUP,MS,ASO,ES,Federal Contract Tower,0,8,18,30,56,0,5,66,22,93,0,13,84,52,149,95,36,131,280
01/28/2022,TUP,MS,ASO,ES,Federal Contract Tower,2,6,7,18,33,0,2,41,5,48,2,8,48,23,81,50,28,78,159
01/29/2022,TUP,MS,ASO,ES,Federal Contract Tower,2,5,7,0,14,0,1,45,18,64,2,6,52,18,78,48,0,48,126
01/30/2022,TUP,MS,ASO,ES,Federal Contract Tower,0,3,10,0,13,0,11,58,1,70,0,14,68,1,83,94,0,94,177
01/31/2022,TUP,MS,ASO,ES,Federal Contract Tower,0,6,5,4,15,0,4,73,0,77,0,10,78,4,92,94,0,94,186
02/01/2022,TUP,MS,ASO,ES,Federal Contract Tower,0,6,5,22,33,0,3,40,17,60,0,9,45,39,93,56,56,112,205
02/02/2022,TUP,MS,ASO,ES,Federal Contract Tower,0,7,3,2,12,0,0,0,0,0,0,7,3,2,12,0,0,0,12
02/03/2022,TUP,MS,ASO,ES,Federal Contract Tower,0,11,2,0,13,0,0,0,0,0,0,11,2,0,13,0,0,0,13
02/04/2022,TUP,MS,ASO,ES,Federal Contract Tower,0,8,5,0,13,0,0,21,13,34,0,8,26,13,47,40,12,52,99
02/05/2022,TUP,MS,ASO,ES,Federal Contract Tower,0,5,4,0,9,0,2,57,8,67,0,7,61,8,76,78,8,86,162
02/06/2022,TUP,MS,ASO,ES,Federal Contract Tower,0,5,9,0,14,0,13,66,0,79,0,18,75,0,93,120,0,120,213
02/07/2022,TUP,MS,ASO,ES,Federal Contract Tower,0,9,7,50,66,0,4,58,32,94,0,13,65,82,160,70,52,122,282
02/08/2022,TUP,MS,ASO,ES,Federal Contract Tower,0,10,5,30,45,0,5,66,18,89,0,15,71,48,134,88,48,136,270
02/09/2022,TUP,MS,ASO,ES,Federal Contract Tower,0,9,8,27,44,0,4,55,19,78,0,13,63,46,122,76,68,144,266
02/10/2022,TUP,MS,ASO,ES,Federal Contract Tower,0,6,14,42,62,0,7,54,40,101,0,13,68,82,163,77,56,133,296
02/11/2022,TUP,MS,ASO,ES,Federal Contract Tower,0,6,8,12,26,0,6,54,17,77,0,12,62,29,103,86,36,122,225
02/12/2022,TUP,MS,ASO,ES,Federal Contract Tower,0,4,3,2,9,0,2,34,10,46,0,6,37,12,55,32,4,36,91
02/13/2022,TUP,MS,ASO,ES,Federal Contract Tower,2,4,8,6,20,0,1,51,4,56,2,5,59,10,76,108,16,124,200
02/14/2022,TUP,MS,ASO,ES,Federal Contract Tower,0,8,7,15,30,0,2,48,8,58,0,10,55,23,88,56,24,80,168
02/15/2022,TUP,MS,ASO,ES,Federal Contract Tower,0,9,16,16,41,0,2,58,18,78,0,11,74,34,119,78,56,134,253
02/16/2022,TUP,MS,ASO,ES,Federal Contract Tower,1,16,11,12,40,0,5,27,8,40,1,21,38,20,80,42,26,68,148
02/17/2022,TUP,MS,ASO,ES,Federal Contract Tower,0,13,4,0,17,0,0,2,0,2,0,13,6,0,19,12,0,12,31
02/18/2022,TUP,MS,ASO,ES,Federal Contract Tower,0,13,8,8,29,0,2,40,24,66,0,15,48,32,95,46,34,80,175
02/19/2022,TUP,MS,ASO,ES,Federal Contract Tower,0,5,5,0,10,0,2,46,8,56,0,7,51,8,66,80,6,86,152
02/20/2022,TUP,MS,ASO,ES,Federal Contract Tower,0,7,7,0,14,0,4,45,2,51,0,11,52,2,65,86,0,86,151
02/21/2022,TUP,MS,ASO,ES,Federal Contract Tower,0,6,13,0,19,0,0,0,0,0,0,6,13,0,19,0,0,0,19
02/22/2022,TUP,MS,ASO,ES,Federal Contract Tower,0,5,16,4,25,0,2,17,0,19,0,7,33,4,44,16,0,16,60
02/23/2022,TUP,MS,ASO,ES,Federal Contract Tower,2,10,15,14,41,0,0,0,0,0,2,10,15,14,41,0,0,0,41
02/24/2022,TUP,MS,ASO,ES,Federal Contract Tower,0,14,10,10,34,0,0,0,0,0,0,14,10,10,34,0,0,0,34
02/25/2022,TUP,MS,ASO,ES,Federal Contract Tower,2,10,14,3,29,0,2,12,2,16,2,12,26,5,45,0,0,0,45
02/26/2022,TUP,MS,ASO,ES,Federal Contract Tower,2,5,13,0,20,0,0,0,0,0,2,5,13,0,20,0,0,0,20
02/27/2022,TUP,MS,ASO,ES,Federal Contract Tower,0,4,16,0,20,0,0,14,0,14,0,4,30,0,34,28,0,28,62
02/28/2022,TUP,MS,ASO,ES,Federal Contract Tower,2,11,13,14,40,0,0,64,6,70,2,11,77,20,110,62,24,86,196
03/01/2022,TUP,MS,ASO,ES,Federal Contract Tower,0,8,11,6,25,0,3,57,15,75,0,11,68,21,100,64,26,90,190
03/02/2022,TUP,MS,ASO,ES,Federal Contract Tower,0,12,13,34,59,0,3,51,12,66,0,15,64,46,125,80,48,128,253
03/03/2022,TUP,MS,ASO,ES,Federal Contract Tower,0,10,24,28,62,0,2,58,38,98,0,12,82,66,160,74,96,170,330
03/04/2022,TUP,MS,ASO,ES,Federal Contract Tower,0,8,7,21,36,0,3,56,19,78,0,11,63,40,114,102,28,130,244
03/05/2022,TUP,MS,ASO,ES,Federal Contract Tower,0,4,9,0,13,0,2,47,2,51,0,6,56,2,64,58,0,58,122
03/06/2022,TUP,MS,ASO,ES,Federal Contract Tower,0,5,13,0,18,0,3,53,2,58,0,8,66,2,76,50,0,50,126
03/07/2022,TUP,MS,ASO,ES,Federal Contract Tower,0,9,9,6,24,0,0,8,1,9,0,9,17,7,33,0,16,16,49
03/08/2022,TUP,MS,ASO,ES,Federal Contract Tower,2,8,10,40,60,0,2,23,5,30,2,10,33,45,90,48,56,104,194
03/09/2022,TUP,MS,ASO,ES,Federal Contract Tower,0,12,12,28,52,0,3,27,16,46,0,15,39,44,98,58,68,126,224
03/10/2022,TUP,MS,ASO,ES,Federal Contract Tower,2,13,8,15,38,0,7,52,32,91,2,20,60,47,129,88,64,152,281
03/11/2022,TUP,MS,ASO,ES,Federal Contract Tower,0,6,12,27,45,0,5,40,18,63,0,11,52,45,108,78,56,134,242
03/12/2022,TUP,MS,ASO,ES,Federal Contract Tower,0,6,7,0,13,0,2,32,5,39,0,8,39,5,52,62,18,80,132
03/13/2022,TUP,MS,ASO,ES,Federal Contract Tower,0,4,8,3,15,0,3,49,1,53,0,7,57,4,68,150,0,150,218
03/14/2022,TUP,MS,ASO,ES,Federal Contract Tower,0,6,9,22,37,0,10,64,2,76,0,16,73,24,113,88,16,104,217
03/15/2022,TUP,MS,ASO,ES,Federal Contract Tower,1,8,19,18,46,0,0,13,4,17,1,8,32,22,63,10,22,32,95
03/16/2022,TUP,MS,ASO,ES,Federal Contract Tower,1,8,15,20,44,0,3,38,13,54,1,11,53,33,98,76,44,120,218
03/17/2022,TUP,MS,ASO,ES,Federal Contract Tower,0,11,16,24,51,0,3,23,24,50,0,14,39,48,101,40,46,86,187
03/18/2022,TUP,MS,ASO,ES,Federal Contract Tower,1,10,12,8,31,0,1,16,20,37,1,11,28,28,68,16,14,30,98
03/19/2022,TUP,MS,ASO,ES,Federal Contract Tower,0,6,10,0,16,0,3,42,17,62,0,9,52,17,78,60,20,80,158
03/20/2022,TUP,MS,ASO,ES,Federal Contract Tower,0,8,14,0,22,0,6,76,2,84,0,14,90,2,106,132,0,132,238
03/21/2022,TUP,MS,ASO,ES,Federal Contract Tower,0,6,10,10,26,0,2,41,10,53,0,8,51,20,79,98,20,118,197
03/22/2022,TUP,MS,ASO,ES,Federal Contract Tower,0,12,5,0,17,0,0,5,0,5,0,12,10,0,22,0,0,0,22
03/23/2022,TUP,MS,ASO,ES,Federal Contract Tower,0,12,10,7,29,0,5,21,11,37,0,17,31,18,66,0,0,0,66
03/24/2022,TUP,MS,ASO,ES,Federal Contract Tower,0,6,7,2,15,0,1,39,19,59,0,7,46,21,74,22,50,72,146
03/25/2022,TUP,MS,ASO,ES,Federal Contract Tower,0,8,12,4,24,0,2,39,18,59,0,10,51,22,83,54,24,78,161
03/26/2022,TUP,MS,ASO,ES,Federal Contract Tower,0,4,7,0,11,0,3,34,3,40,0,7,41,3,51,86,4,90,141
03/27/2022,TUP,MS,ASO,ES,Federal Contract Tower,0,0,8,10,18,0,9,69,0,78,0,9,77,10,96,106,0,106,202
03/28/2022,TUP,MS,ASO,ES,Federal Contract Tower,0,8,10,9,27,0,7,64,3,74,0,15,74,12,101,82,24,106,207
03/29/2022,TUP,MS,ASO,ES,Federal Contract Tower,0,13,8,0,21,0,2,45,16,63,0,15,53,16,84,86,22,108,192
03/30/2022,TUP,MS,ASO,ES,Federal Contract Tower,0,4,3,0,7,0,2,0,4,6,0,6,3,4,13,0,0,0,13
03/31/2022,TUP,MS,ASO,ES,Federal Contract Tower,0,8,14,0,22,0,4,17,22,43,0,12,31,22,65,54,18,72,137
04/01/2022,TUP,MS,ASO,ES,Federal Contract Tower,0,7,8,21,36,0,4,42,18,64,0,11,50,39,100,116,48,164,264
04/02/2022,TUP,MS,ASO,ES,Federal Contract Tower,0,4,3,0,7,0,3,46,4,53,0,7,49,4,60,60,6,66,126
04/03/2022,TUP,MS,ASO,ES,Federal Contract Tower,0,5,9,0,14,0,3,57,1,61,0,8,66,1,75,40,0,40,115
04/04/2022,TUP,MS,ASO,ES,Federal Contract Tower,0,8,9,0,17,0,5,49,3,57,0,13,58,3,74,28,28,56,130
04/05/2022,TUP,MS,ASO,ES,Federal Contract Tower,0,6,7,10,23,0,2,15,10,27,0,8,22,20,50,54,14,68,118
04/06/2022,TUP,MS,ASO,ES,Federal Contract Tower,0,8,13,28,49,0,3,24,10,37,0,11,37,38,86,38,26,64,150
04/07/2022,TUP,MS,ASO,ES,Federal Contract Tower,0,12,5,13,30,0,1,47,16,64,0,13,52,29,94,18,14,32,126
04/08/2022,TUP,MS,ASO,ES,Federal Contract Tower,0,8,12,13,33,0,2,45,20,67,0,10,57,33,100,26,8,34,134
04/09/2022,TUP,MS,ASO,ES,Federal Contract Tower,0,4,9,0,13,0,0,47,7,54,0,4,56,7,67,42,10,52,119
04/10/2022,TUP,MS,ASO,ES,Federal Contract Tower,0,6,12,7,25,0,1,44,15,60,0,7,56,22,85,64,20,84,169
04/11/2022,TUP,MS,ASO,ES,Federal Contract Tower,0,16,14,10,40,0,5,63,4,72,0,21,77,14,112,58,12,70,182
04/12/2022,TUP,MS,ASO,ES,Federal Contract Tower,0,8,10,16,34,0,1,50,19,70,0,9,60,35,104,68,74,142,246
04/13/2022,TUP,MS,ASO,ES,Federal Contract Tower,0,6,3,12,21,0,7,17,7,31,0,13,20,19,52,18,4,22,74
04/14/2022,TUP,MS,ASO,ES,Federal Contract Tower,2,6,11,27,46,0,4,67,26,97,2,10,78,53,143,106,46,152,295
04/15/2022,TUP,MS,ASO,ES,Federal Contract Tower,0,6,6,18,30,0,2,50,18,70,0,8,56,36,100,38,54,92,192
04/16/2022,TUP,MS,ASO,ES,Federal Contract Tower,2,4,2,0,8,0,0,0,0,0,2,4,2,0,8,0,0,0,8
04/17/2022,TUP,MS,ASO,ES,Federal Contract Tower,0,4,10,0,14,0,0,0,0,0,0,4,10,0,14,0,0,0,14
04/18/2022,TUP,MS,ASO,ES,Federal Contract Tower,0,9,14,24,47,0,5,65,3,73,0,14,79,27,120,132,0,132,252
04/19/2022,TUP,MS,ASO,ES,Federal Contract Tower,0,10,16,12,38,0,1,78,52,131,0,11,94,64,169,78,40,118,287
04/20/2022,TUP,MS,ASO,ES,Federal Contract Tower,0,7,22,14,43,0,11,46,16,73,0,18,68,30,116,64,34,98,214
04/21/2022,TUP,MS,ASO,ES,Federal Contract Tower,0,9,13,10,32,0,4,33,27,64,0,13,46,37,96,54,34,88,184
04/22/2022,TUP,MS,ASO,ES,Federal Contract Tower,0,7,13,6,26,0,3,55,32,90,0,10,68,38,116,149,42,191,307
04/23/2022,TUP,MS,ASO,ES,Federal Contract Tower,0,4,7,0,11,0,7,62,12,81,0,11,69,12,92,88,10,98,190
04/24/2022,TUP,MS,ASO,ES,Federal Contract Tower,0,4,7,0,11,0,6,35,7,48,0,10,42,7,59,50,18,68,127
04/25/2022,TUP,MS,ASO,ES,Federal Contract Tower,0,10,4,4,18,0,0,9,1,10,0,10,13,5,28,0,0,0,28
04/26/2022,TUP,MS,ASO,ES,Federal Contract Tower,0,6,12,4,22,0,4,60,11,75,0,10,72,15,97,72,22,94,191
04/27/2022,TUP,MS,ASO,ES,Federal Contract Tower,0,12,12,28,52,0,5,59,15,79,0,17,71,43,131,104,28,132,263
04/28/2022,TUP,MS,ASO,ES,Federal Contract Tower,0,10,8,16,34,0,5,65,12,82,0,15,73,28,116,82,28,110,226
04/29/2022,TUP,MS,ASO,ES,Federal Contract Tower,0,6,8,12,26,0,1,54,12,67,0,7,62,24,93,136,58,194,287
04/30/2022,TUP,MS,ASO,ES,Federal Contract Tower,0,4,14,0,18,0,1,51,3,55,0,5,65,3,73,64,2,66,139
05/01/2022,TUP,MS,ASO,ES,Federal Contract Tower,0,7,6,3,16,0,0,36,4,40,0,7,42,7,56,72,0,72,128
05/02/2022,TUP,MS,ASO,ES,Federal Contract Tower,0,13,6,12,31,0,1,33,1,35,0,14,39,13,66,8,2,10,76
05/03/2022,TUP,MS,ASO,ES,Federal Contract Tower,0,9,12,20,41,0,7,42,25,74,0,16,54,45,115,56,56,112,227
05/04/2022,TUP,MS,ASO,ES,Federal Contract Tower,0,14,5,24,43,0,7,68,18,93,0,21,73,42,136,94,54,148,284
05/05/2022,TUP,MS,ASO,ES,Federal Contract Tower,0,9,13,21,43,0,6,48,14,68,0,15,61,35,111,66,24,90,201
05/06/2022,TUP,MS,ASO,ES,Federal Contract Tower,0,8,6,24,38,0,1,27,3,31,0,9,33,27,69,4,0,4,73
05/07/2022,TUP,MS,ASO,ES,Federal Contract Tower,0,6,10,1,17,0,2,27,7,36,0,8,37,8,53,22,6,28,81
05/08/2022,TUP,MS,ASO,ES,Federal Contract Tower,0,5,8,0,13,0,3,54,2,59,0,8,62,2,72,66,0,66,138
05/09/2022,TUP,MS,ASO,ES,Federal Contract Tower,0,11,19,8,38,0,6,63,6,75,0,17,82,14,113,126,36,162,275
05/10/2022,TUP,MS,ASO,ES,Federal Contract Tower,0,8,8,12,28,0,7,74,9,90,0,15,82,21,118,128,28,156,274
05/11/2022,TUP,MS,ASO,ES,Federal Contract Tower,0,6,12,8,26,0,6,55,8,69,0,12,67,16,95,98,16,114,209
05/12/2022,TUP,MS,ASO,ES,Federal Contract Tower,0,10,8,6,24,0,6,50,17,73,0,16,58,23,97,110,18,128,225
05/13/2022,TUP,MS,ASO,ES,Federal Contract Tower,0,8,15,0,23,0,2,45,10,57,0,10,60,10,80,46,30,76,156
05/14/2022,TUP,MS,ASO,ES,Federal Contract Tower,1,6,6,0,13,0,3,31,3,37,1,9,37,3,50,56,8,64,114
05/15/2022,TUP,MS,ASO,ES,Federal Contract Tower,0,6,6,2,14,0,3,24,2,29,0,9,30,4,43,48,0,48,91
05/16/2022,TUP,MS,ASO,ES,Federal Contract Tower,0,15,15,14,44,0,4,77,6,87,0,19,92,20,131,88,26,114,245
05/17/2022,TUP,MS,ASO,ES,Federal Contract Tower,0,8,7,6,21,0,3,46,10,59,0,11,53,16,80,66,16,82,162
05/18/2022,TUP,MS,ASO,ES,Federal Contract Tower,2,8,10,20,40,0,6,47,8,61,2,14,57,28,101,72,22,94,195
05/19/2022,TUP,MS,ASO,ES,Federal Contract Tower,0,9,12,9,30,0,5,49,24,78,0,14,61,33,108,86,30,116,224
05/20/2022,TUP,MS,ASO,ES,Federal Contract Tower,0,6,10,1,17,0,2,37,26,65,0,8,47,27,82,60,76,136,218
05/21/2022,TUP,MS,ASO,ES,Federal Contract Tower,0,4,8,5,17,0,3,33,11,47,0,7,41,16,64,26,14,40,104
05/22/2022,TUP,MS,ASO,ES,Federal Contract Tower,0,5,6,0,11,0,1,17,0,18,0,6,23,0,29,2,0,2,31
05/23/2022,TUP,MS,ASO,ES,Federal Contract Tower,2,6,12,28,48,0,1,13,2,16,2,7,25,30,64,0,0,0,64
05/24/2022,TUP,MS,ASO,ES,Federal Contract Tower,0,7,19,22,48,0,0,12,9,21,0,7,31,31,69,0,12,12,81
05/25/2022,TUP,MS,ASO,ES,Federal Contract Tower,2,9,11,14,36,0,0,4,0,4,2,9,15,14,40,0,0,0,40
05/26/2022,TUP,MS,ASO,ES,Federal Contract Tower,0,8,7,2,17,0,1,27,7,35,0,9,34,9,52,44,0,44,96
05/27/2022,TUP,MS,ASO,ES,Federal Contract Tower,0,6,20,0,26,0,3,58,4,65,0,9,78,4,91,92,18,110,201
05/28/2022,TUP,MS,ASO,ES,Federal Contract Tower,0,6,16,0,22,0,4,43,4,51,0,10,59,4,73,54,6,60,133
05/29/2022,TUP,MS,ASO,ES,Federal Contract Tower,0,4,4,0,8,0,2,47,4,53,0,6,51,4,61,50,2,52,113
05/30/2022,TUP,MS,ASO,ES,Federal Contract Tower,0,4,12,0,16,0,0,48,0,48,0,4,60,0,64,66,0,66,130
05/31/2022,TUP,MS,ASO,ES,Federal Contract Tower,1,10,5,10,26,0,8,70,11,89,1,18,75,21,115,98,30,128,243
06/01/2022,TUP,MS,ASO,ES,Federal Contract Tower,1,6,8,14,29,0,6,50,11,67,1,12,58,25,96,88,26,114,210
06/02/2022,TUP,MS,ASO,ES,Federal Contract Tower,0,8,9,4,21,0,6,28,13,47,0,14,37,17,68,34,30,64,132
06/03/2022,TUP,MS,ASO,ES,Federal Contract Tower,0,7,10,29,46,0,3,53,21,77,0,10,63,50,123,100,50,150,273
06/04/2022,TUP,MS,ASO,ES,Federal Contract Tower,0,6,8,0,14,0,1,59,21,81,0,7,67,21,95,94,12,106,201
06/05/2022,TUP,MS,ASO,ES,Federal Contract Tower,0,6,12,2,20,0,1,42,10,53,0,7,54,12,73,74,0,74,147
06/06/2022,TUP,MS,ASO,ES,Federal Contract Tower,0,11,7,17,35,0,0,53,5,58,0,11,60,22,93,48,24,72,165
06/07/2022,TUP,MS,ASO,ES,Federal Contract Tower,0,9,12,16,37,0,3,64,8,75,0,12,76,24,112,68,28,96,208
06/08/2022,TUP,MS,ASO,ES,Federal Contract Tower,0,7,14,6,27,0,0,22,4,26,0,7,36,10,53,8,0,8,61
06/09/2022,TUP,MS,ASO,ES,Federal Contract Tower,0,9,11,39,59,0,2,49,30,81,0,11,60,69,140,90,36,126,266
06/10/2022,TUP,MS,ASO,ES,Federal Contract Tower,0,6,9,15,30,0,1,57,9,67,0,7,66,24,97,58,64,122,219
06/11/2022,TUP,MS,ASO,ES,Federal Contract Tower,0,4,5,0,9,0,4,48,4,56,0,8,53,4,65,100,0,100,165
06/12/2022,TUP,MS,ASO,ES,Federal Contract Tower,0,4,14,0,18,0,4,56,4,64,0,8,70,4,82,90,4,94,176
06/13/2022,TUP,MS,ASO,ES,Federal Contract Tower,0,8,12,16,36,0,3,62,10,75,0,11,74,26,111,62,12,74,185
06/14/2022,TUP,MS,ASO,ES,Federal Contract Tower,1,11,11,19,42,0,1,59,5,65,1,12,70,24,107,84,20,104,211
06/15/2022,TUP,MS,ASO,ES,Federal Contract Tower,1,11,2,10,24,0,7,52,10,69,1,18,54,20,93,84,30,114,207
06/16/2022,TUP,MS,ASO,ES,Federal Contract Tower,1,9,13,22,45,0,3,64,17,84,1,12,77,39,129,90,26,116,245
06/17/2022,TUP,MS,ASO,ES,Federal Contract Tower,0,13,16,6,35,0,4,58,16,78,0,17,74,22,113,114,38,152,265
06/18/2022,TUP,MS,ASO,ES,Federal Contract Tower,0,6,5,0,11,0,5,44,4,53,0,11,49,4,64,62,12,74,138
06/19/2022,TUP,MS,ASO,ES,Federal Contract Tower,0,8,9,1,18,0,4,77,7,88,0,12,86,8,106,88,18,106,212
06/20/2022,TUP,MS,ASO,ES,Federal Contract Tower,0,9,10,0,19,0,4,62,0,66,0,13,72,0,85,62,0,62,147
06/21/2022,TUP,MS,ASO,ES,Federal Contract Tower,0,10,10,29,49,0,2,60,18,80,0,12,70,47,129,82,28,110,239
06/22/2022,TUP,MS,ASO,ES,Federal Contract Tower,0,12,23,18,53,0,7,68,18,93,0,19,91,36,146,118,60,178,324
06/23/2022,TUP,MS,ASO,ES,Federal Contract Tower,1,4,12,30,47,0,4,55,18,77,1,8,67,48,124,128,32,160,284
06/24/2022,TUP,MS,ASO,ES,Federal Contract Tower,0,9,9,21,39,0,4,57,15,76,0,13,66,36,115,70,32,102,217
06/25/2022,TUP,MS,ASO,ES,Federal Contract Tower,0,6,10,0,16,0,2,48,1,51,0,8,58,1,67,64,2,66,133
06/26/2022,TUP,MS,ASO,ES,Federal Contract Tower,0,4,12,4,20,0,5,45,4,54,0,9,57,8,74,54,10,64,138
06/27/2022,TUP,MS,ASO,ES,Federal Contract Tower,3,9,15,29,56,0,0,65,11,76,3,9,80,40,132,90,118,208,340
06/28/2022,TUP,MS,ASO,ES,Federal Contract Tower,0,7,3,38,48,0,5,52,21,78,0,12,55,59,126,96,54,150,276
06/29/2022,TUP,MS,ASO,ES,Federal Contract Tower,0,8,8,27,43,0,3,60,27,90,0,11,68,54,133,100,58,158,291
06/30/2022,TUP,MS,ASO,ES,Federal Contract Tower,0,10,3,28,41,0,2,53,26,81,0,12,56,54,122,104,96,200,322
07/01/2022,TUP,MS,ASO,ES,Federal Contract Tower,1,5,14,0,20,0,4,40,4,48,1,9,54,4,68,74,0,74,142
07/02/2022,TUP,MS,ASO,ES,Federal Contract Tower,0,4,11,0,15,0,6,43,0,49,0,10,54,0,64,72,0,72,136
07/03/2022,TUP,MS,ASO,ES,Federal Contract Tower,0,4,5,0,9,0,6,29,0,35,0,10,34,0,44,56,0,56,100
07/04/2022,TUP,MS,ASO,ES,Federal Contract Tower,0,4,2,0,6,0,2,12,0,14,0,6,14,0,20,8,0,8,28
07/05/2022,TUP,MS,ASO,ES,Federal Contract Tower,0,6,11,18,35,0,5,39,13,57,0,11,50,31,92,42,48,90,182
07/06/2022,TUP,MS,ASO,ES,Federal Contract Tower,1,11,2,20,34,0,1,54,9,64,1,12,56,29,98,70,28,98,196
07/07/2022,TUP,MS,ASO,ES,Federal Contract Tower,0,5,5,10,20,0,1,54,23,78,0,6,59,33,98,108,28,136,234
07/08/2022,TUP,MS,ASO,ES,Federal Contract Tower,0,6,5,16,27,0,3,39,11,53,0,9,44,27,80,62,34,96,176
07/09/2022,TUP,MS,ASO,ES,Federal Contract Tower,0,4,6,0,10,0,1,60,0,61,0,5,66,0,71,18,0,18,89
07/10/2022,TUP,MS,ASO,ES,Federal Contract Tower,0,3,16,0,19,0,2,36,0,38,0,5,52,0,57,78,0,78,135
07/11/2022,TUP,MS,ASO,ES,Federal Contract Tower,1,6,15,15,37,0,8,65,0,73,1,14,80,15,110,88,8,96,206
07/12/2022,TUP,MS,ASO,ES,Federal Contract Tower,0,6,3,28,37,0,3,48,24,75,0,9,51,52,112,72,104,176,288
07/13/2022,TUP,MS,ASO,ES,Federal Contract Tower,0,8,7,14,29,0,4,25,3,32,0,12,32,17,61,16,0,16,77
07/14/2022,TUP,MS,ASO,ES,Federal Contract Tower,0,8,9,33,50,0,3,47,11,61,0,11,56,44,111,108,64,172,283
07/15/2022,TUP,MS,ASO,ES,Federal Contract Tower,1,8,10,18,37,0,1,58,11,70,1,9,68,29,107,122,44,166,273
07/16/2022,TUP,MS,ASO,ES,Federal Contract Tower,0,6,1,3,10,0,3,49,7,59,0,9,50,10,69,76,22,98,167
07/17/2022,TUP,MS,ASO,ES,Federal Contract Tower,0,6,8,4,18,0,6,48,6,60,0,12,56,10,78,48,18,66,144
07/18/2022,TUP,MS,ASO,ES,Federal Contract Tower,1,7,13,20,41,0,2,32,2,36,1,9,45,22,77,28,22,50,127
07/19/2022,TUP,MS,ASO,ES,Federal Contract Tower,0,7,4,14,25,0,2,33,7,42,0,9,37,21,67,66,26,92,159
07/20/2022,TUP,MS,ASO,ES,Federal Contract Tower,0,9,16,42,67,0,3,55,12,70,0,12,71,54,137,88,46,134,271
07/21/2022,TUP,MS,ASO,ES,Federal Contract Tower,0,6,13,8,27,0,7,49,15,71,0,13,62,23,98,78,40,118,216
07/22/2022,TUP,MS,ASO,ES,Federal Contract Tower,0,6,11,14,31,0,3,53,14,70,0,9,64,28,101,74,20,94,195
07/23/2022,TUP,MS,ASO,ES,Federal Contract Tower,0,6,6,0,12,0,2,66,3,71,0,8,72,3,83,112,4,116,199
07/24/2022,TUP,MS,ASO,ES,Federal Contract Tower,0,4,9,12,25,0,2,60,1,63,0,6,69,13,88,72,0,72,160
07/25/2022,TUP,MS,ASO,ES,Federal Contract Tower,0,10,9,28,47,0,2,52,6,60,0,12,61,34,107,90,20,110,217
07/26/2022,TUP,MS,ASO,ES,Federal Contract Tower,0,6,8,25,39,0,4,54,6,64,0,10,62,31,103,88,23,111,214
07/27/2022,TUP,MS,ASO,ES,Federal Contract Tower,1,7,14,4,26,0,3,51,6,60,1,10,65,10,86,82,26,108,194
07/28/2022,TUP,MS,ASO,ES,Federal Contract Tower,0,13,12,25,50,0,7,59,22,88,0,20,71,47,138,88,42,130,268
07/29/2022,TUP,MS,ASO,ES,Federal Contract Tower,0,6,2,18,26,0,4,35,7,46,0,10,37,25,72,42,22,64,136
07/30/2022,TUP,MS,ASO,ES,Federal Contract Tower,0,5,8,0,13,0,1,12,1,14,0,6,20,1,27,6,0,6,33
07/31/2022,TUP,MS,ASO,ES,Federal Contract Tower,0,6,10,0,16,0,0,1,0,1,0,6,11,0,17,0,0,0,17
08/01/2022,TUP,MS,ASO,ES,Federal Contract Tower,0,7,14,25,46,0,1,51,6,58,0,8,65,31,104,80,24,104,208
08/02/2022,TUP,MS,ASO,ES,Federal Contract Tower,0,8,5,23,36,0,1,80,20,101,0,9,85,43,137,114,34,148,285
08/03/2022,TUP,MS,ASO,ES,Federal Contract Tower,0,11,11,22,44,0,5,29,10,44,0,16,40,32,88,52,32,84,172
08/04/2022,TUP,MS,ASO,ES,Federal Contract Tower,0,10,18,32,60,0,3,28,22,53,0,13,46,54,113,28,62,90,203
08/05/2022,TUP,MS,ASO,ES,Federal Contract Tower,0,11,10,6,27,0,2,65,7,74,0,13,75,13,101,66,24,90,191
08/06/2022,TUP,MS,ASO,ES,Federal Contract Tower,0,6,8,0,14,0,3,51,36,90,0,9,59,36,104,86,14,100,204
08/07/2022,TUP,MS,ASO,ES,Federal Contract Tower,0,19,9,0,28,0,2,24,17,43,0,21,33,17,71,58,4,62,133
08/08/2022,TUP,MS,ASO,ES,Federal Contract Tower,0,8,10,18,36,0,0,38,0,38,0,8,48,18,74,32,0,32,106
08/09/2022,TUP,MS,ASO,ES,Federal Contract Tower,0,10,6,33,49,0,1,48,14,63,0,11,54,47,112,50,70,120,232
08/10/2022,TUP,MS,ASO,ES,Federal Contract Tower,0,7,11,13,31,0,3,33,9,45,0,10,44,22,76,66,48,114,190
08/11/2022,TUP,MS,ASO,ES,Federal Contract Tower,0,13,15,22,50,0,3,27,8,38,0,16,42,30,88,38,0,38,126
08/12/2022,TUP,MS,ASO,ES,Federal Contract Tower,0,10,4,25,39,0,6,53,18,77,0,16,57,43,116,116,40,156,272
08/13/2022,TUP,MS,ASO,ES,Federal Contract Tower,0,8,7,0,15,0,5,51,6,62,0,13,58,6,77,120,14,134,211
08/14/2022,TUP,MS,ASO,ES,Federal Contract Tower,0,4,6,4,14,0,3,80,4,87,0,7,86,8,101,104,2,106,207
08/15/2022,TUP,MS,ASO,ES,Federal Contract Tower,0,11,10,12,33,0,0,52,3,55,0,11,62,15,88,114,22,136,224
08/16/2022,TUP,MS,ASO,ES,Federal Contract Tower,0,9,11,26,46,0,1,69,17,87,0,10,80,43,133,106,54,160,293
08/17/2022,TUP,MS,ASO,ES,Federal Contract Tower,0,6,11,18,35,0,0,4,1,5,0,6,15,19,40,4,14,18,58
08/18/2022,TUP,MS,ASO,ES,Federal Contract Tower,0,8,18,36,62,0,1,65,16,82,0,9,83,52,144,144,48,192,336
08/19/2022,TUP,MS,ASO,ES,Federal Contract Tower,0,9,12,35,56,0,1,63,7,71,0,10,75,42,127,150,28,178,305
08/20/2022,TUP,MS,ASO,ES,Federal Contract Tower,0,4,4,0,8,0,0,13,0,13,0,4,17,0,21,4,0,4,25
08/21/2022,TUP,MS,ASO,ES,Federal Contract Tower,0,5,17,2,24,0,0,6,2,8,0,5,23,4,32,12,0,12,44
08/22/2022,TUP,MS,ASO,ES,Federal Contract Tower,0,6,7,32,45,0,0,7,7,14,0,6,14,39,59,18,48,66,125
08/23/2022,TUP,MS,ASO,ES,Federal Contract Tower,0,6,10,29,45,0,2,10,20,32,0,8,20,49,77,28,38,66,143
08/24/2022,TUP,MS,ASO,ES,Federal Contract Tower,0,6,8,65,79,0,4,30,21,55,0,10,38,86,134,64,164,228,362
08/25/2022,TUP,MS,ASO,ES,Federal Contract Tower,0,6,13,35,54,0,2,23,33,58,0,8,36,68,112,44,68,112,224
08/26/2022,TUP,MS,ASO,ES,Federal Contract Tower,0,6,10,16,32,0,1,41,19,61,0,7,51,35,93,44,22,66,159
08/27/2022,TUP,MS,ASO,ES,Federal Contract Tower,0,4,8,0,12,0,2,51,17,70,0,6,59,17,82,76,20,96,178
08/28/2022,TUP,MS,ASO,ES,Federal Contract Tower,0,4,6,0,10,0,6,47,2,55,0,10,53,2,65,52,2,54,119
08/29/2022,TUP,MS,ASO,ES,Federal Contract Tower,0,9,7,10,26,0,0,52,7,59,0,9,59,17,85,60,8,68,153
08/30/2022,TUP,MS,ASO,ES,Federal Contract Tower,0,9,7,2,18,0,2,43,22,67,0,11,50,24,85,74,30,104,189
08/31/2022,TUP,MS,ASO,ES,Federal Contract Tower,0,6,13,16,35,0,3,79,31,113,0,9,92,47,148,102,78,180,328
09/01/2022,TUP,MS,ASO,ES,Federal Contract Tower,0,8,9,10,27,0,3,55,23,81,0,11,64,33,108,88,34,122,230
09/02/2022,TUP,MS,ASO,ES,Federal Contract Tower,0,8,9,0,17,0,4,45,10,59,0,12,54,10,76,76,20,96,172
09/03/2022,TUP,MS,ASO,ES,Federal Contract Tower,0,4,1,0,5,0,0,12,0,12,0,4,13,0,17,2,0,2,19
09/04/2022,TUP,MS,ASO,ES,Federal Contract Tower,0,4,3,2,9,0,2,27,5,34,0,6,30,7,43,54,6,60,103
09/05/2022,TUP,MS,ASO,ES,Federal Contract Tower,0,6,12,0,18,0,2,15,0,17,0,8,27,0,35,6,0,6,41
09/06/2022,TUP,MS,ASO,ES,Federal Contract Tower,0,13,15,2,30,0,3,31,15,49,0,16,46,17,79,56,32,88,167
09/07/2022,TUP,MS,ASO,ES,Federal Contract Tower,0,7,12,17,36,0,1,35,11,47,0,8,47,28,83,40,26,66,149
09/08/2022,TUP,MS,ASO,ES,Federal Contract Tower,0,10,13,32,55,0,6,69,10,85,0,16,82,42,140,98,42,140,280
09/09/2022,TUP,MS,ASO,ES,Federal Contract Tower,0,6,12,17,35,0,3,32,4,39,0,9,44,21,74,60,10,70,144
09/10/2022,TUP,MS,ASO,ES,Federal Contract Tower,0,4,3,5,12,0,1,24,4,29,0,5,27,9,41,44,0,44,85
09/11/2022,TUP,MS,ASO,ES,Federal Contract Tower,0,4,12,4,20,0,3,27,4,34,0,7,39,8,54,52,0,52,106
09/12/2022,TUP,MS,ASO,ES,Federal Contract Tower,0,6,15,2,23,0,0,51,3,54,0,6,66,5,77,70,0,70,147
09/13/2022,TUP,MS,ASO,ES,Federal Contract Tower,0,7,40,4,51,0,2,54,10,66,0,9,94,14,117,106,14,120,237
09/14/2022,TUP,MS,ASO,ES,Federal Contract Tower,0,8,12,6,26,0,3,51,10,64,0,11,63,16,90,106,14,120,210
09/15/2022,TUP,MS,ASO,ES,Federal Contract Tower,0,7,19,34,60,0,2,51,13,66,0,9,70,47,126,34,2,36,162
09/16/2022,TUP,MS,ASO,ES,Federal Contract Tower,2,6,14,16,38,0,3,39,18,60,2,9,53,34,98,58,28,86,184
09/17/2022,TUP,MS,ASO,ES,Federal Contract Tower,2,4,2,3,11,0,3,45,8,56,2,7,47,11,67,48,22,70,137
09/18/2022,TUP,MS,ASO,ES,Federal Contract Tower,0,4,5,0,9,0,3,36,2,41,0,7,41,2,50,46,4,50,100
09/19/2022,TUP,MS,ASO,ES,Federal Contract Tower,0,8,14,28,50,0,2,46,0,48,0,10,60,28,98,30,0,30,128
09/20/2022,TUP,MS,ASO,ES,Federal Contract Tower,0,7,13,16,36,0,6,52,8,66,0,13,65,24,102,68,26,94,196
09/21/2022,TUP,MS,ASO,ES,Federal Contract Tower,0,9,15,44,68,0,6,37,9,52,0,15,52,53,120,58,12,70,190
09/22/2022,TUP,MS,ASO,ES,Federal Contract Tower,0,12,16,24,52,0,6,49,7,62,0,18,65,31,114,74,22,96,210
09/23/2022,TUP,MS,ASO,ES,Federal Contract Tower,1,10,11,14,36,0,5,53,11,69,1,15,64,25,105,48,30,78,183
09/24/2022,TUP,MS,ASO,ES,Federal Contract Tower,1,5,8,0,14,0,3,40,5,48,1,8,48,5,62,48,12,60,122
09/25/2022,TUP,MS,ASO,ES,Federal Contract Tower,0,3,10,26,39,0,2,31,10,43,0,5,41,36,82,26,4,30,112
09/26/2022,TUP,MS,ASO,ES,Federal Contract Tower,0,9,13,15,37,0,2,54,13,69,0,11,67,28,106,50,12,62,168
09/27/2022,TUP,MS,ASO,ES,Federal Contract Tower,0,9,13,8,30,0,1,53,6,60,0,10,66,14,90,92,50,142,232
09/28/2022,TUP,MS,ASO,ES,Federal Contract Tower,0,12,9,16,37,0,5,43,11,59,0,17,52,27,96,68,32,100,196
09/29/2022,TUP,MS,ASO,ES,Federal Contract Tower,0,9,15,26,50,0,8,57,12,77,0,17,72,38,127,60,14,74,201
09/30/2022,TUP,MS,ASO,ES,Federal Contract Tower,1,7,7,10,25,0,2,46,17,65,1,9,53,27,90,60,28,88,178
10/01/2022,TUP,MS,ASO,ES,Federal Contract Tower,2,4,7,0,13,0,1,51,3,55,2,5,58,3,68,46,8,54,122
10/02/2022,TUP,MS,ASO,ES,Federal Contract Tower,0,7,3,2,12,0,4,45,3,52,0,11,48,5,64,66,2,68,132
10/03/2022,TUP,MS,ASO,ES,Federal Contract Tower,1,9,9,20,39,0,4,38,2,44,1,13,47,22,83,28,20,48,131
10/04/2022,TUP,MS,ASO,ES,Federal Contract Tower,0,12,10,27,49,0,8,63,12,83,0,20,73,39,132,98,26,124,256
10/05/2022,TUP,MS,ASO,ES,Federal Contract Tower,1,7,12,15,35,0,2,65,18,85,1,9,77,33,120,96,60,156,276
10/06/2022,TUP,MS,ASO,ES,Federal Contract Tower,2,6,20,29,57,0,4,47,31,82,2,10,67,60,139,78,26,104,243
10/07/2022,TUP,MS,ASO,ES,Federal Contract Tower,0,12,12,6,30,0,4,44,13,61,0,16,56,19,91,56,30,86,177
10/08/2022,TUP,MS,ASO,ES,Federal Contract Tower,1,4,5,0,10,0,4,42,9,55,1,8,47,9,65,64,2,66,131
10/09/2022,TUP,MS,ASO,ES,Federal Contract Tower,1,3,11,0,15,0,2,45,5,52,1,5,56,5,67,64,4,68,135
10/10/2022,TUP,MS,ASO,ES,Federal Contract Tower,0,7,18,2,27,0,6,62,0,68,0,13,80,2,95,68,4,72,167
10/11/2022,TUP,MS,ASO,ES,Federal Contract Tower,2,12,10,33,57,0,3,51,15,69,2,15,61,48,126,76,16,92,218
10/12/2022,TUP,MS,ASO,ES,Federal Contract Tower,0,14,11,57,82,0,2,28,27,57,0,16,39,84,139,38,120,158,297
10/13/2022,TUP,MS,ASO,ES,Federal Contract Tower,0,13,9,23,45,0,3,30,24,57,0,16,39,47,102,64,68,132,234
10/14/2022,TUP,MS,ASO,ES,Federal Contract Tower,1,8,10,15,34,0,5,50,27,82,1,13,60,42,116,98,20,118,234
10/15/2022,TUP,MS,ASO,ES,Federal Contract Tower,1,8,8,1,18,0,2,41,11,54,1,10,49,12,72,52,12,64,136
10/16/2022,TUP,MS,ASO,ES,Federal Contract Tower,0,7,11,0,18,0,4,41,2,47,0,11,52,2,65,44,4,48,113
10/17/2022,TUP,MS,ASO,ES,Federal Contract Tower,0,8,14,42,64,0,4,56,6,66,0,12,70,48,130,62,36,98,228
10/18/2022,TUP,MS,ASO,ES,Federal Contract Tower,0,6,14,34,54,0,2,51,10,63,0,8,65,44,117,56,12,68,185
10/19/2022,TUP,MS,ASO,ES,Federal Contract Tower,0,7,6,36,49,0,8,39,9,56,0,15,45,45,105,42,18,60,165
10/20/2022,TUP,MS,ASO,ES,Federal Contract Tower,1,6,7,32,46,0,5,54,13,72,1,11,61,45,118,70,30,100,218
10/21/2022,TUP,MS,ASO,ES,Federal Contract Tower,2,8,14,31,55,0,4,41,21,66,2,12,55,52,121,64,16,80,201
10/22/2022,TUP,MS,ASO,ES,Federal Contract Tower,2,6,9,6,23,0,4,39,12,55,2,10,48,18,78,66,16,82,160
10/23/2022,TUP,MS,ASO,ES,Federal Contract Tower,0,6,21,10,37,0,4,45,8,57,0,10,66,18,94,54,16,70,164
10/24/2022,TUP,MS,ASO,ES,Federal Contract Tower,0,11,14,36,61,0,6,54,6,66,0,17,68,42,127,42,32,74,201
10/25/2022,TUP,MS,ASO,ES,Federal Contract Tower,0,10,16,0,26,0,1,5,4,10,0,11,21,4,36,8,6,14,50
10/26/2022,TUP,MS,ASO,ES,Federal Contract Tower,0,15,13,37,65,0,5,45,24,74,0,20,58,61,139,92,40,132,271
10/27/2022,TUP,MS,ASO,ES,Federal Contract Tower,0,11,17,32,60,0,1,49,16,66,0,12,66,48,126,90,46,136,262
10/28/2022,TUP,MS,ASO,ES,Federal Contract Tower,4,8,13,20,45,0,3,58,9,70,4,11,71,29,115,84,14,98,213
10/29/2022,TUP,MS,ASO,ES,Federal Contract Tower,0,6,4,0,10,0,1,10,1,12,0,7,14,1,22,6,0,6,28
10/30/2022,TUP,MS,ASO,ES,Federal Contract Tower,0,4,4,0,8,0,1,8,0,9,0,5,12,0,17,8,0,8,25
10/31/2022,TUP,MS,ASO,ES,Federal Contract Tower,0,12,13,44,69,0,3,24,1,28,0,15,37,45,97,34,22,56,153
11/01/2022,TUP,MS,ASO,ES,Federal Contract Tower,1,6,21,28,56,0,2,43,14,59,1,8,64,42,115,82,54,136,251
11/02/2022,TUP,MS,ASO,ES,Federal Contract Tower,1,10,11,34,56,0,3,45,15,63,1,13,56,49,119,64,36,100,219
11/03/2022,TUP,MS,ASO,ES,Federal Contract Tower,0,9,13,29,51,0,2,39,27,68,0,11,52,56,119,52,56,108,227
11/04/2022,TUP,MS,ASO,ES,Federal Contract Tower,0,7,18,16,41,0,3,47,18,68,0,10,65,34,109,40,38,78,187
11/05/2022,TUP,MS,ASO,ES,Federal Contract Tower,0,6,2,0,8,0,0,0,0,0,0,6,2,0,8,0,0,0,8
11/06/2022,TUP,MS,ASO,ES,Federal Contract Tower,0,4,10,0,14,0,2,1,0,3,0,6,11,0,17,0,0,0,17
11/07/2022,TUP,MS,ASO,ES,Federal Contract Tower,1,7,11,16,35,0,6,40,3,49,1,13,51,19,84,68,10,78,162
11/08/2022,TUP,MS,ASO,ES,Federal Contract Tower,0,7,9,8,24,0,2,35,4,41,0,9,44,12,65,50,8,58,123
11/09/2022,TUP,MS,ASO,ES,Federal Contract Tower,0,11,8,37,56,0,1,45,5,51,0,12,53,42,107,58,18,76,183
11/10/2022,TUP,MS,ASO,ES,Federal Contract Tower,0,16,15,24,55,0,2,55,10,67,0,18,70,34,122,88,10,98,220
11/11/2022,TUP,MS,ASO,ES,Federal Contract Tower,2,8,15,3,28,0,4,56,11,71,2,12,71,14,99,66,26,92,191
11/12/2022,TUP,MS,ASO,ES,Federal Contract Tower,0,12,27,2,41,0,0,10,8,18,0,12,37,10,59,6,0,6,65
11/13/2022,TUP,MS,ASO,ES,Federal Contract Tower,0,6,13,1,20,0,2,30,1,33,0,8,43,2,53,36,2,38,91
11/14/2022,TUP,MS,ASO,ES,Federal Contract Tower,0,6,5,36,47,0,5,51,7,63,0,11,56,43,110,96,20,116,226
11/15/2022,TUP,MS,ASO,ES,Federal Contract Tower,0,7,14,37,58,0,3,8,21,32,0,10,22,58,90,20,8,28,118
11/16/2022,TUP,MS,ASO,ES,Federal Contract Tower,0,11,10,31,52,0,7,52,19,78,0,18,62,50,130,98,30,128,258
11/17/2022,TUP,MS,ASO,ES,Federal Contract Tower,0,12,15,38,65,0,3,40,19,62,0,15,55,57,127,68,28,96,223
11/18/2022,TUP,MS,ASO,ES,Federal Contract Tower,2,10,16,14,42,0,3,49,12,64,2,13,65,26,106,62,38,100,206
11/19/2022,TUP,MS,ASO,ES,Federal Contract Tower,0,10,3,0,13,0,3,38,6,47,0,13,41,6,60,46,8,54,114
11/20/2022,TUP,MS,ASO,ES,Federal Contract Tower,0,7,5,0,12,0,2,36,2,40,0,9,41,2,52,26,2,28,80
11/21/2022,TUP,MS,ASO,ES,Federal Contract Tower,2,10,11,16,39,0,4,45,10,59,2,14,56,26,98,46,10,56,154
11/22/2022,TUP,MS,ASO,ES,Federal Contract Tower,1,9,9,14,33,0,5,45,9,59,1,14,54,23,92,58,24,82,174
11/23/2022,TUP,MS,ASO,ES,Federal Contract Tower,0,6,7,16,29,0,6,43,6,55,0,12,50,22,84,62,4,66,150
11/24/2022,TUP,MS,ASO,ES,Federal Contract Tower,0,3,3,0,6,0,1,6,0,7,0,4,9,0,13,0,0,0,13
11/25/2022,TUP,MS,ASO,ES,Federal Contract Tower,0,5,6,0,11,0,2,18,0,20,0,7,24,0,31,14,0,14,45
11/26/2022,TUP,MS,ASO,ES,Federal Contract Tower,0,5,5,0,10,0,0,0,0,0,0,5,5,0,10,0,0,0,10
11/27/2022,TUP,MS,ASO,ES,Federal Contract Tower,0,5,19,0,24,0,6,28,0,34,0,11,47,0,58,42,0,42,100
11/28/2022,TUP,MS,ASO,ES,Federal Contract Tower,2,7,10,10,29,0,4,72,3,79,2,11,82,13,108,110,20,130,238
11/29/2022,TUP,MS,ASO,ES,Federal Contract Tower,0,6,2,0,8,0,0,18,0,18,0,6,20,0,26,36,0,36,62
11/30/2022,TUP,MS,ASO,ES,Federal Contract Tower,0,13,6,6,25,0,10,57,21,88,0,23,63,27,113,78,22,100,213
12/01/2022,TUP,MS,ASO,ES,Federal Contract Tower,0,14,13,27,54,0,9,55,31,95,0,23,68,58,149,96,20,116,265
12/02/2022,TUP,MS,ASO,ES,Federal Contract Tower,0,13,9,20,42,0,3,43,21,67,0,16,52,41,109,52,16,68,177
12/03/2022,TUP,MS,ASO,ES,Federal Contract Tower,0,5,7,10,22,0,2,29,17,48,0,7,36,27,70,38,30,68,138
12/04/2022,TUP,MS,ASO,ES,Federal Contract Tower,0,12,12,0,24,0,5,35,5,45,0,17,47,5,69,54,0,54,123
12/05/2022,TUP,MS,ASO,ES,Federal Contract Tower,0,8,5,0,13,0,0,0,0,0,0,8,5,0,13,0,0,0,13
12/06/2022,TUP,MS,ASO,ES,Federal Contract Tower,0,9,14,16,39,0,0,8,16,24,0,9,22,32,63,6,20,26,89
12/07/2022,TUP,MS,ASO,ES,Federal Contract Tower,0,7,11,17,35,0,0,0,0,0,0,7,11,17,35,0,0,0,35
12/08/2022,TUP,MS,ASO,ES,Federal Contract Tower,0,7,15,23,45,0,4,13,5,22,0,11,28,28,67,24,16,40,107
12/09/2022,TUP,MS,ASO,ES,Federal Contract Tower,0,9,22,13,44,0,0,3,0,3,0,9,25,13,47,30,0,30,77
12/10/2022,TUP,MS,ASO,ES,Federal Contract Tower,0,8,4,0,12,0,0,0,0,0,0,8,4,0,12,0,0,0,12
12/11/2022,TUP,MS,ASO,ES,Federal Contract Tower,0,6,9,0,15,0,0,0,0,0,0,6,9,0,15,0,0,0,15
12/12/2022,TUP,MS,ASO,ES,Federal Contract Tower,0,12,24,30,66,0,0,4,0,4,0,12,28,30,70,24,0,24,94
12/13/2022,TUP,MS,ASO,ES,Federal Contract Tower,0,14,17,15,46,0,0,1,0,1,0,14,18,15,47,0,0,0,47
12/14/2022,TUP,MS,ASO,ES,Federal Contract Tower,0,10,4,0,14,0,0,0,0,0,0,10,4,0,14,0,0,0,14
12/15/2022,TUP,MS,ASO,ES,Federal Contract Tower,0,6,19,21,46,0,6,55,14,75,0,12,74,35,121,110,42,152,273
12/17/2022,TUP,MS,ASO,ES,Federal Contract Tower,0,5,5,4,14,0,3,36,9,48,0,8,41,13,62,42,16,58,120
12/18/2022,TUP,MS,ASO,ES,Federal Contract Tower,0,5,5,4,14,0,9,51,5,65,0,14,56,9,79,66,10,76,155
12/19/2022,TUP,MS,ASO,ES,Federal Contract Tower,0,9,8,36,53,0,4,19,9,32,0,13,27,45,85,36,22,58,143
12/20/2022,TUP,MS,ASO,ES,Federal Contract Tower,0,6,11,38,55,0,5,20,18,43,0,11,31,56,98,54,96,150,248
12/21/2022,TUP,MS,ASO,ES,Federal Contract Tower,0,12,14,51,77,0,2,32,21,55,0,14,46,72,132,26,98,124,256
12/22/2022,TUP,MS,ASO,ES,Federal Contract Tower,0,6,4,0,10,0,0,0,0,0,0,6,4,0,10,0,0,0,10
12/23/2022,TUP,MS,ASO,ES,Federal Contract Tower,0,6,6,0,12,0,0,13,0,13,0,6,19,0,25,0,0,0,25
12/24/2022,TUP,MS,ASO,ES,Federal Contract Tower,0,1,1,0,2,0,2,14,0,16,0,3,15,0,18,2,0,2,20
12/25/2022,TUP,MS,ASO,ES,Federal Contract Tower,4,0,0,0,4,0,3,10,0,13,4,3,10,0,17,12,0,12,29
12/26/2022,TUP,MS,ASO,ES,Federal Contract Tower,2,7,10,0,19,0,0,17,0,17,2,7,27,0,36,10,0,10,46
12/27/2022,TUP,MS,ASO,ES,Federal Contract Tower,2,6,15,0,23,0,2,23,1,26,2,8,38,1,49,38,0,38,87
12/28/2022,TUP,MS,ASO,ES,Federal Contract Tower,2,4,5,0,11,0,4,55,0,59,2,8,60,0,70,98,0,98,168
12/29/2022,TUP,MS,ASO,ES,Federal Contract Tower,6,9,9,0,24,0,3,17,1,21,6,12,26,1,45,40,0,40,85
12/30/2022,TUP,MS,ASO,ES,Federal Contract Tower,0,10,5,0,15,0,0,4,0,4,0,10,9,0,19,0,0,0,19
12/31/2022,TUP,MS,ASO,ES,Federal Contract Tower,0,4,4,0,8,0,1,19,0,20,0,5,23,0,28,10,0,10,38
01/01/2023,TUP,MS,ASO,ES,Federal Contract Tower,0,4,10,0,14,0,3,39,0,42,0,7,49,0,56,80,0,80,136
01/02/2023,TUP,MS,ASO,ES,Federal Contract Tower,0,5,10,0,15,0,1,0,0,1,0,6,10,0,16,0,0,0,16
01/03/2023,TUP,MS,ASO,ES,Federal Contract Tower,0,6,6,0,12,0,2,16,15,33,0,8,22,15,45,28,26,54,99
01/04/2023,TUP,MS,ASO,ES,Federal Contract Tower,0,10,7,23,40,0,5,34,17,56,0,15,41,40,96,74,50,124,220
01/05/2023,TUP,MS,ASO,ES,Federal Contract Tower,0,10,8,27,45,0,3,45,26,74,0,13,53,53,119,50,78,128,247
01/06/2023,TUP,MS,ASO,ES,Federal Contract Tower,1,11,4,13,29,0,2,46,22,70,1,13,50,35,99,91,55,146,245
01/07/2023,TUP,MS,ASO,ES,Federal Contract Tower,1,3,2,2,8,0,0,3,2,5,1,3,5,4,13,22,32,54,67
01/08/2023,TUP,MS,ASO,ES,Federal Contract Tower,2,4,8,6,20,0,0,3,0,3,2,4,11,6,23,0,0,0,23
01/09/2023,TUP,MS,ASO,ES,Federal Contract Tower,0,15,14,27,56,0,2,46,13,61,0,17,60,40,117,62,50,112,229
01/10/2023,TUP,MS,ASO,ES,Federal Contract Tower,0,7,11,46,64,0,3,37,18,58,0,10,48,64,122,64,70,134,256
01/11/2023,TUP,MS,ASO,ES,Federal Contract Tower,0,10,6,43,59,0,2,23,21,46,0,12,29,64,105,20,80,100,205
01/12/2023,TUP,MS,ASO,ES,Federal Contract Tower,0,11,8,0,19,0,0,0,10,10,0,11,8,10,29,0,4,4,33
01/13/2023,TUP,MS,ASO,ES,Federal Contract Tower,0,9,12,1,22,0,2,15,3,20,0,11,27,4,42,16,10,26,68
01/14/2023,TUP,MS,ASO,ES,Federal Contract Tower,0,5,8,0,13,0,2,44,6,52,0,7,52,6,65,92,2,94,159
01/15/2023,TUP,MS,ASO,ES,Federal Contract Tower,0,6,10,0,16,0,4,70,2,76,0,10,80,2,92,76,0,76,168
01/16/2023,TUP,MS,ASO,ES,Federal Contract Tower,0,6,5,0,11,0,2,23,0,25,0,8,28,0,36,30,0,30,66
01/17/2023,TUP,MS,ASO,ES,Federal Contract Tower,0,9,16,45,70,0,2,26,14,42,0,11,42,59,112,40,66,106,218
01/18/2023,TUP,MS,ASO,ES,Federal Contract Tower,0,11,2,4,17,0,0,0,0,0,0,11,2,4,17,0,0,0,17
01/19/2023,TUP,MS,ASO,ES,Federal Contract Tower,0,13,13,6,32,0,4,39,23,66,0,17,52,29,98,40,40,80,178
01/20/2023,TUP,MS,ASO,ES,Federal Contract Tower,0,6,14,27,47,0,5,62,19,86,0,11,76,46,133,90,42,132,265
01/21/2023,TUP,MS,ASO,ES,Federal Contract Tower,0,0,4,0,4,0,3,54,8,65,0,3,58,8,69,80,8,88,157
01/22/2023,TUP,MS,ASO,ES,Federal Contract Tower,0,4,3,0,7,0,3,10,0,13,0,7,13,0,20,10,0,10,30
01/23/2023,TUP,MS,ASO,ES,Federal Contract Tower,0,4,17,22,43,0,4,40,5,49,0,8,57,27,92,74,52,126,218
01/24/2023,TUP,MS,ASO,ES,Federal Contract Tower,0,12,4,14,30,0,0,23,8,31,0,12,27,22,61,22,62,84,145
01/25/2023,TUP,MS,ASO,ES,Federal Contract Tower,0,9,7,20,36,0,0,5,8,13,0,9,12,28,49,30,32,62,111
01/26/2023,TUP,MS,ASO,ES,Federal Contract Tower,0,18,10,26,54,0,1,50,31,82,0,19,60,57,136,88,102,190,326
01/27/2023,TUP,MS,ASO,ES,Federal Contract Tower,2,9,13,14,38,0,2,52,20,74,2,11,65,34,112,52,46,98,210
01/28/2023,TUP,MS,ASO,ES,Federal Contract Tower,0,8,8,17,33,0,2,48,7,57,0,10,56,24,90,46,42,88,178
01/29/2023,TUP,MS,ASO,ES,Federal Contract Tower,1,8,8,0,17,0,0,0,0,0,1,8,8,0,17,0,0,0,17
01/30/2023,TUP,MS,ASO,ES,Federal Contract Tower,0,7,10,8,25,0,0,2,0,2,0,7,12,8,27,10,0,10,37
01/31/2023,TUP,MS,ASO,ES,Federal Contract Tower,0,7,5,0,12,0,0,0,0,0,0,7,5,0,12,0,0,0,12
02/01/2023,TUP,MS,ASO,ES,Federal Contract Tower,2,9,4,0,15,0,0,0,0,0,2,9,4,0,15,0,0,0,15
02/02/2023,TUP,MS,ASO,ES,Federal Contract Tower,0,4,15,0,19,0,0,0,0,0,0,4,15,0,19,0,0,0,19
02/03/2023,TUP,MS,ASO,ES,Federal Contract Tower,1,8,13,27,49,0,0,56,7,63,1,8,69,34,112,82,18,100,212
02/04/2023,TUP,MS,ASO,ES,Federal Contract Tower,0,4,10,0,14,0,0,72,5,77,0,4,82,5,91,82,2,84,175
02/05/2023,TUP,MS,ASO,ES,Federal Contract Tower,2,4,13,0,19,0,9,47,0,56,2,13,60,0,75,80,0,80,155
02/06/2023,TUP,MS,ASO,ES,Federal Contract Tower,0,6,12,14,32,0,2,59,2,63,0,8,71,16,95,108,4,112,207
02/07/2023,TUP,MS,ASO,ES,Federal Contract Tower,0,9,10,32,51,0,2,35,21,58,0,11,45,53,109,56,76,132,241
02/08/2023,TUP,MS,ASO,ES,Federal Contract Tower,0,9,5,17,31,0,0,3,4,7,0,9,8,21,38,0,0,0,38
02/09/2023,TUP,MS,ASO,ES,Federal Contract Tower,0,7,15,24,46,0,4,55,21,80,0,11,70,45,126,78,74,152,278
02/10/2023,TUP,MS,ASO,ES,Federal Contract Tower,0,7,2,6,15,0,2,42,24,68,0,9,44,30,83,48,30,78,161
02/11/2023,TUP,MS,ASO,ES,Federal Contract Tower,0,4,13,0,17,0,2,22,8,32,0,6,35,8,49,30,10,40,89
02/12/2023,TUP,MS,ASO,ES,Federal Contract Tower,0,4,5,18,27,0,5,52,8,65,0,9,57,26,92,46,24,70,162
02/13/2023,TUP,MS,ASO,ES,Federal Contract Tower,0,8,8,20,36,0,10,58,7,75,0,18,66,27,111,62,40,102,213
02/14/2023,TUP,MS,ASO,ES,Federal Contract Tower,0,8,3,26,37,0,0,29,4,33,0,8,32,30,70,8,28,36,106
02/15/2023,TUP,MS,ASO,ES,Federal Contract Tower,0,11,9,10,30,0,2,1,0,3,0,13,10,10,33,0,0,0,33
02/16/2023,TUP,MS,ASO,ES,Federal Contract Tower,0,11,3,0,14,0,0,0,0,0,0,11,3,0,14,0,0,0,14
02/17/2023,TUP,MS,ASO,ES,Federal Contract Tower,0,9,18,12,39,0,2,58,10,70,0,11,76,22,109,104,26,130,239
02/18/2023,TUP,MS,ASO,ES,Federal Contract Tower,0,4,11,0,15,0,4,78,10,92,0,8,89,10,107,70,18,88,195
02/19/2023,TUP,MS,ASO,ES,Federal Contract Tower,0,4,12,0,16,0,5,50,2,57,0,9,62,2,73,64,0,64,137
02/20/2023,TUP,MS,ASO,ES,Federal Contract Tower,0,7,16,0,23,0,7,23,0,30,0,14,39,0,53,12,0,12,65
02/21/2023,TUP,MS,ASO,ES,Federal Contract Tower,0,10,9,40,59,0,1,45,21,67,0,11,54,61,126,60,134,194,320
02/22/2023,TUP,MS,ASO,ES,Federal Contract Tower,0,9,7,14,30,0,4,21,11,36,0,13,28,25,66,26,24,50,116
02/23/2023,TUP,MS,ASO,ES,Federal Contract Tower,0,8,14,39,61,0,9,33,27,69,0,17,47,66,130,30,66,96,226
02/24/2023,TUP,MS,ASO,ES,Federal Contract Tower,0,7,8,12,27,0,0,1,1,2,0,7,9,13,29,0,0,0,29
02/25/2023,TUP,MS,ASO,ES,Federal Contract Tower,0,4,2,0,6,0,0,0,0,0,0,4,2,0,6,0,0,0,6
02/26/2023,TUP,MS,ASO,ES,Federal Contract Tower,0,6,6,2,14,0,0,21,0,21,0,6,27,2,35,12,0,12,47
02/27/2023,TUP,MS,ASO,ES,Federal Contract Tower,2,10,7,0,19,0,2,17,9,28,2,12,24,9,47,12,6,18,65
02/28/2023,TUP,MS,ASO,ES,Federal Contract Tower,1,8,4,27,40,0,7,64,26,97,1,15,68,53,137,82,28,110,247
03/01/2023,TUP,MS,ASO,ES,Federal Contract Tower,2,5,15,51,73,0,3,13,14,30,2,8,28,65,103,40,96,136,239
03/02/2023,TUP,MS,ASO,ES,Federal Contract Tower,0,4,11,1,16,0,0,0,0,0,0,4,11,1,16,0,0,0,16
03/03/2023,TUP,MS,ASO,ES,Federal Contract Tower,0,9,3,0,12,0,0,14,0,14,0,9,17,0,26,2,0,2,28
03/04/2023,TUP,MS,ASO,ES,Federal Contract Tower,0,4,10,1,15,0,0,58,13,71,0,4,68,14,86,36,12,48,134
03/05/2023,TUP,MS,ASO,ES,Federal Contract Tower,0,4,6,0,10,0,0,98,2,100,0,4,104,2,110,88,0,88,198
03/06/2023,TUP,MS,ASO,ES,Federal Contract Tower,0,9,8,15,32,0,8,72,6,86,0,17,80,21,118,96,12,108,226
03/07/2023,TUP,MS,ASO,ES,Federal Contract Tower,0,9,11,14,34,0,1,54,23,78,0,10,65,37,112,74,36,110,222
03/08/2023,TUP,MS,ASO,ES,Federal Contract Tower,0,7,7,33,47,0,0,11,0,11,0,7,18,33,58,0,10,10,68
03/09/2023,TUP,MS,ASO,ES,Federal Contract Tower,0,4,1,8,13,0,1,3,0,4,0,5,4,8,17,0,14,14,31
03/10/2023,TUP,MS,ASO,ES,Federal Contract Tower,0,7,21,69,97,0,0,72,25,97,0,7,93,94,194,46,86,132,326
03/11/2023,TUP,MS,ASO,ES,Federal Contract Tower,0,7,25,0,32,0,0,23,0,23,0,7,48,0,55,30,0,30,85
03/12/2023,TUP,MS,ASO,ES,Federal Contract Tower,0,4,5,0,9,0,0,1,0,1,0,4,6,0,10,0,0,0,10
03/13/2023,TUP,MS,ASO,ES,Federal Contract Tower,0,7,13,24,44,0,2,59,0,61,0,9,72,24,105,56,0,56,161
03/14/2023,TUP,MS,ASO,ES,Federal Contract Tower,0,6,7,21,34,0,6,49,10,65,0,12,56,31,99,24,30,54,153
03/15/2023,TUP,MS,ASO,ES,Federal Contract Tower,1,6,10,23,40,0,2,55,14,71,1,8,65,37,111,42,38,80,191
03/16/2023,TUP,MS,ASO,ES,Federal Contract Tower,0,6,16,32,54,0,1,47,16,64,0,7,63,48,118,32,28,60,178
03/17/2023,TUP,MS,ASO,ES,Federal Contract Tower,0,5,10,12,27,0,0,13,1,14,0,5,23,13,41,12,4,16,57
03/18/2023,TUP,MS,ASO,ES,Federal Contract Tower,0,6,10,0,16,0,5,27,1,33,0,11,37,1,49,38,4,42,91
03/19/2023,TUP,MS,ASO,ES,Federal Contract Tower,0,7,18,0,25,0,2,44,1,47,0,9,62,1,72,56,0,56,128
03/20/2023,TUP,MS,ASO,ES,Federal Contract Tower,0,10,10,27,47,0,8,65,6,79,0,18,75,33,126,80,18,98,224
03/21/2023,TUP,MS,ASO,ES,Federal Contract Tower,0,8,6,19,33,0,2,37,21,60,0,10,43,40,93,44,54,98,191
03/22/2023,TUP,MS,ASO,ES,Federal Contract Tower,0,5,11,22,38,0,1,17,10,28,0,6,28,32,66,22,8,30,96
03/23/2023,TUP,MS,ASO,ES,Federal Contract Tower,0,9,24,34,67,0,2,49,17,68,0,11,73,51,135,36,28,64,199
03/24/2023,TUP,MS,ASO,ES,Federal Contract Tower,0,8,14,25,47,0,0,17,6,23,0,8,31,31,70,6,8,14,84
03/25/2023,TUP,MS,ASO,ES,Federal Contract Tower,2,5,5,6,18,0,2,56,6,64,2,7,61,12,82,74,2,76,158
03/26/2023,TUP,MS,ASO,ES,Federal Contract Tower,2,6,6,20,34,0,2,55,23,80,2,8,61,43,114,58,42,100,214
03/27/2023,TUP,MS,ASO,ES,Federal Contract Tower,0,6,15,22,43,0,4,47,2,53,0,10,62,24,96,42,14,56,152
03/28/2023,TUP,MS,ASO,ES,Federal Contract Tower,0,4,11,35,50,0,2,51,23,76,0,6,62,58,126,40,0,40,166
03/29/2023,TUP,MS,ASO,ES,Federal Contract Tower,0,8,10,31,49,0,4,61,10,75,0,12,71,41,124,44,38,82,206
03/30/2023,TUP,MS,ASO,ES,Federal Contract Tower,0,6,17,4,27,0,1,43,10,54,0,7,60,14,81,20,24,44,125
03/31/2023,TUP,MS,ASO,ES,Federal Contract Tower,0,7,2,0,9,0,0,4,0,4,0,7,6,0,13,0,0,0,13
04/01/2023,TUP,MS,ASO,ES,Federal Contract Tower,0,3,5,0,8,0,0,33,0,33,0,3,38,0,41,12,0,12,53
04/02/2023,TUP,MS,ASO,ES,Federal Contract Tower,2,3,4,6,15,0,0,52,2,54,2,3,56,8,69,50,10,60,129
04/03/2023,TUP,MS,ASO,ES,Federal Contract Tower,0,9,10,6,25,0,1,12,3,16,0,10,22,9,41,10,0,10,51
04/04/2023,TUP,MS,ASO,ES,Federal Contract Tower,0,5,9,32,46,0,3,30,19,52,0,8,39,51,98,58,18,76,174
04/05/2023,TUP,MS,ASO,ES,Federal Contract Tower,0,10,12,28,50,0,0,31,6,37,0,10,43,34,87,26,16,42,129
04/06/2023,TUP,MS,ASO,ES,Federal Contract Tower,0,8,18,4,30,0,0,0,0,0,0,8,18,4,30,0,0,0,30
04/07/2023,TUP,MS,ASO,ES,Federal Contract Tower,0,5,7,14,26,0,0,13,0,13,0,5,20,14,39,0,0,0,39
04/08/2023,TUP,MS,ASO,ES,Federal Contract Tower,0,5,11,0,16,0,0,1,0,1,0,5,12,0,17,0,0,0,17
04/09/2023,TUP,MS,ASO,ES,Federal Contract Tower,0,7,11,0,18,0,0,17,0,17,0,7,28,0,35,0,0,0,35
04/10/2023,TUP,MS,ASO,ES,Federal Contract Tower,0,4,23,30,57,0,0,68,7,75,0,4,91,37,132,32,22,54,186
04/11/2023,TUP,MS,ASO,ES,Federal Contract Tower,0,8,13,23,44,0,1,53,9,63,0,9,66,32,107,44,10,54,161
04/12/2023,TUP,MS,ASO,ES,Federal Contract Tower,0,7,22,33,62,0,2,48,13,63,0,9,70,46,125,50,28,78,203
04/13/2023,TUP,MS,ASO,ES,Federal Contract Tower,1,6,7,16,30,0,2,18,8,28,1,8,25,24,58,36,22,58,116
04/14/2023,TUP,MS,ASO,ES,Federal Contract Tower,1,8,14,14,37,0,1,32,6,39,1,9,46,20,76,40,10,50,126
04/15/2023,TUP,MS,ASO,ES,Federal Contract Tower,0,4,11,2,17,0,1,36,5,42,0,5,47,7,59,52,8,60,119
04/16/2023,TUP,MS,ASO,ES,Federal Contract Tower,0,4,7,0,11,0,2,32,1,35,0,6,39,1,46,34,4,38,84
04/17/2023,TUP,MS,ASO,ES,Federal Contract Tower,0,4,15,36,55,0,8,58,5,71,0,12,73,41,126,40,34,74,200
04/18/2023,TUP,MS,ASO,ES,Federal Contract Tower,0,6,10,30,46,0,4,55,10,69,0,10,65,40,115,76,28,104,219
04/19/2023,TUP,MS,ASO,ES,Federal Contract Tower,1,7,13,34,55,0,4,53,18,75,1,11,66,52,130,64,36,100,230
04/20/2023,TUP,MS,ASO,ES,Federal Contract Tower,0,12,10,53,75,0,3,49,16,68,0,15,59,69,143,48,38,86,229
04/21/2023,TUP,MS,ASO,ES,Federal Contract Tower,0,14,17,0,31,0,0,6,0,6,0,14,23,0,37,2,0,2,39
04/22/2023,TUP,MS,ASO,ES,Federal Contract Tower,2,8,9,0,19,0,2,42,8,52,2,10,51,8,71,46,10,56,127
04/23/2023,TUP,MS,ASO,ES,Federal Contract Tower,0,7,11,0,18,0,2,40,4,46,0,9,51,4,64,40,2,42,106
04/24/2023,TUP,MS,ASO,ES,Federal Contract Tower,0,4,16,35,55,0,0,68,13,81,0,4,84,48,136,48,56,104,240
04/25/2023,TUP,MS,ASO,ES,Federal Contract Tower,0,10,18,21,49,0,1,63,17,81,0,11,81,38,130,54,30,84,214
04/26/2023,TUP,MS,ASO,ES,Federal Contract Tower,0,10,13,13,36,0,0,5,4,9,0,10,18,17,45,6,8,14,59
04/27/2023,TUP,MS,ASO,ES,Federal Contract Tower,1,9,18,12,40,0,0,12,0,12,1,9,30,12,52,14,0,14,66
04/28/2023,TUP,MS,ASO,ES,Federal Contract Tower,0,12,25,37,74,0,3,39,8,50,0,15,64,45,124,56,12,68,192
04/29/2023,TUP,MS,ASO,ES,Federal Contract Tower,0,6,5,0,11,0,3,32,2,37,0,9,37,2,48,26,0,26,74
04/30/2023,TUP,MS,ASO,ES,Federal Contract Tower,0,12,15,0,27,0,3,34,4,41,0,15,49,4,68,20,0,20,88
05/01/2023,TUP,MS,ASO,ES,Federal Contract Tower,0,6,12,32,50,0,0,57,1,58,0,6,69,33,108,40,12,52,160
05/02/2023,TUP,MS,ASO,ES,Federal Contract Tower,0,7,13,20,40,0,2,45,16,63,0,9,58,36,103,30,24,54,157
05/03/2023,TUP,MS,ASO,ES,Federal Contract Tower,0,11,19,27,57,0,2,48,12,62,0,13,67,39,119,44,18,62,181
05/04/2023,TUP,MS,ASO,ES,Federal Contract Tower,0,8,11,14,33,0,1,66,9,76,0,9,77,23,109,88,6,94,203
05/05/2023,TUP,MS,ASO,ES,Federal Contract Tower,0,7,6,16,29,0,1,24,4,29,0,8,30,20,58,40,26,66,124
05/06/2023,TUP,MS,ASO,ES,Federal Contract Tower,1,6,11,0,18,0,1,24,2,27,1,7,35,2,45,40,0,40,85
05/07/2023,TUP,MS,ASO,ES,Federal Contract Tower,0,6,10,4,20,0,1,29,10,40,0,7,39,14,60,18,0,18,78
05/08/2023,TUP,MS,ASO,ES,Federal Contract Tower,0,11,19,52,82,0,2,20,0,22,0,13,39,52,104,8,0,8,112
05/09/2023,TUP,MS,ASO,ES,Federal Contract Tower,0,8,10,10,28,0,2,34,16,52,0,10,44,26,80,40,14,54,134
05/10/2023,TUP,MS,ASO,ES,Federal Contract Tower,1,14,12,32,59,0,2,34,12,48,1,16,46,44,107,48,16,64,171
05/11/2023,TUP,MS,ASO,ES,Federal Contract Tower,1,19,20,26,66,0,1,19,5,25,1,20,39,31,91,26,12,38,129
05/12/2023,TUP,MS,ASO,ES,Federal Contract Tower,0,10,12,2,24,0,1,17,1,19,0,11,29,3,43,8,2,10,53
05/13/2023,TUP,MS,ASO,ES,Federal Contract Tower,0,6,17,0,23,0,4,39,9,52,0,10,56,9,75,42,4,46,121
05/14/2023,TUP,MS,ASO,ES,Federal Contract Tower,0,8,20,0,28,0,3,41,3,47,0,11,61,3,75,56,2,58,133
05/15/2023,TUP,MS,ASO,ES,Federal Contract Tower,0,5,17,0,22,0,0,55,0,55,0,5,72,0,77,76,0,76,153
05/16/2023,TUP,MS,ASO,ES,Federal Contract Tower,0,9,10,20,39,0,0,45,9,54,0,9,55,29,93,58,0,58,151
05/17/2023,TUP,MS,ASO,ES,Federal Contract Tower,2,14,13,38,67,0,7,15,6,28,2,21,28,44,95,26,32,58,153
05/18/2023,TUP,MS,ASO,ES,Federal Contract Tower,0,5,21,24,50,0,3,60,20,83,0,8,81,44,133,40,14,54,187
05/19/2023,TUP,MS,ASO,ES,Federal Contract Tower,0,12,21,14,47,0,1,25,1,27,0,13,46,15,74,34,0,34,108
05/20/2023,TUP,MS,ASO,ES,Federal Contract Tower,0,4,10,4,18,0,8,15,4,27,0,12,25,8,45,10,14,24,69
05/21/2023,TUP,MS,ASO,ES,Federal Contract Tower,0,4,10,4,18,0,1,62,10,73,0,5,72,14,91,50,26,76,167
05/22/2023,TUP,MS,ASO,ES,Federal Contract Tower,0,4,16,28,48,0,0,37,7,44,0,4,53,35,92,34,14,48,140
05/23/2023,TUP,MS,ASO,ES,Federal Contract Tower,0,7,8,17,32,0,3,43,24,70,0,10,51,41,102,44,60,104,206
05/24/2023,TUP,MS,ASO,ES,Federal Contract Tower,0,9,12,30,51,0,5,51,21,77,0,14,63,51,128,56,40,96,224
05/25/2023,TUP,MS,ASO,ES,Federal Contract Tower,0,6,10,17,33,0,4,64,9,77,0,10,74,26,110,66,20,86,196
05/26/2023,TUP,MS,ASO,ES,Federal Contract Tower,1,8,10,0,19,0,6,44,0,50,1,14,54,0,69,52,0,52,121
05/27/2023,TUP,MS,ASO,ES,Federal Contract Tower,0,3,14,0,17,0,0,31,0,31,0,3,45,0,48,10,0,10,58
05/28/2023,TUP,MS,ASO,ES,Federal Contract Tower,0,4,8,0,12,0,2,24,0,26,0,6,32,0,38,8,0,8,46
05/29/2023,TUP,MS,ASO,ES,Federal Contract Tower,0,4,10,0,14,0,1,26,0,27,0,5,36,0,41,10,0,10,51
05/30/2023,TUP,MS,ASO,ES,Federal Contract Tower,0,6,8,28,42,0,3,57,19,79,0,9,65,47,121,34,22,56,177
05/31/2023,TUP,MS,ASO,ES,Federal Contract Tower,0,2,18,21,41,0,1,45,17,63,0,3,63,38,104,34,8,42,146
06/01/2023,TUP,MS,ASO,ES,Federal Contract Tower,0,8,8,2,18,0,3,34,17,54,0,11,42,19,72,10,4,14,86
06/02/2023,TUP,MS,ASO,ES,Federal Contract Tower,0,9,12,25,46,0,3,49,14,66,0,12,61,39,112,36,4,40,152
06/03/2023,TUP,MS,ASO,ES,Federal Contract Tower,0,4,10,16,30,0,2,34,2,38,0,6,44,18,68,10,18,28,96
06/04/2023,TUP,MS,ASO,ES,Federal Contract Tower,1,3,9,6,19,0,4,31,3,38,1,7,40,9,57,30,0,30,87
06/05/2023,TUP,MS,ASO,ES,Federal Contract Tower,0,7,19,0,26,0,5,23,5,33,0,12,42,5,59,8,0,8,67
06/06/2023,TUP,MS,ASO,ES,Federal Contract Tower,0,7,9,35,51,0,3,47,11,61,0,10,56,46,112,28,14,42,154
06/07/2023,TUP,MS,ASO,ES,Federal Contract Tower,0,8,7,39,54,0,3,46,8,57,0,11,53,47,111,48,34,82,193
06/08/2023,TUP,MS,ASO,ES,Federal Contract Tower,0,7,9,22,38,0,3,35,5,43,0,10,44,27,81,30,18,48,129
06/09/2023,TUP,MS,ASO,ES,Federal Contract Tower,0,5,12,48,65,0,3,41,9,53,0,8,53,57,118,36,36,72,190
06/10/2023,TUP,MS,ASO,ES,Federal Contract Tower,0,5,9,6,20,0,3,33,8,44,0,8,42,14,64,24,26,50,114
06/11/2023,TUP,MS,ASO,ES,Federal Contract Tower,0,4,4,10,18,0,2,16,7,25,0,6,20,17,43,16,10,26,69
06/12/2023,TUP,MS,ASO,ES,Federal Contract Tower,0,10,17,69,96,0,2,40,12,54,0,12,57,81,150,48,48,96,246
06/13/2023,TUP,MS,ASO,ES,Federal Contract Tower,0,6,5,46,57,0,2,18,16,36,0,8,23,62,93,24,34,58,151
06/14/2023,TUP,MS,ASO,ES,Federal Contract Tower,0,8,5,26,39,0,2,17,11,30,0,10,22,37,69,24,14,38,107
06/15/2023,TUP,MS,ASO,ES,Federal Contract Tower,1,6,12,26,45,0,5,18,12,35,1,11,30,38,80,8,14,22,102
06/16/2023,TUP,MS,ASO,ES,Federal Contract Tower,0,7,9,17,33,0,2,26,7,35,0,9,35,24,68,28,20,48,116
06/17/2023,TUP,MS,ASO,ES,Federal Contract Tower,0,7,9,0,16,0,2,39,4,45,0,9,48,4,61,72,2,74,135
06/18/2023,TUP,MS,ASO,ES,Federal Contract Tower,0,5,12,0,17,0,0,0,0,0,0,5,12,0,17,0,0,0,17
06/19/2023,TUP,MS,ASO,ES,Federal Contract Tower,0,4,9,0,13,0,3,27,0,30,0,7,36,0,43,18,0,18,61
06/20/2023,TUP,MS,ASO,ES,Federal Contract Tower,0,8,15,18,41,0,2,35,18,55,0,10,50,36,96,86,36,122,218
06/21/2023,TUP,MS,ASO,ES,Federal Contract Tower,0,10,15,24,49,0,2,20,3,25,0,12,35,27,74,18,6,24,98
06/22/2023,TUP,MS,ASO,ES,Federal Contract Tower,0,15,7,6,28,0,3,40,21,64,0,18,47,27,92,38,26,64,156
06/23/2023,TUP,MS,ASO,ES,Federal Contract Tower,0,6,6,23,35,0,1,34,21,56,0,7,40,44,91,26,14,40,131
06/24/2023,TUP,MS,ASO,ES,Federal Contract Tower,0,4,7,0,11,0,1,38,6,45,0,5,45,6,56,22,0,22,78
06/25/2023,TUP,MS,ASO,ES,Federal Contract Tower,0,3,4,0,7,0,2,20,0,22,0,5,24,0,29,14,0,14,43
06/26/2023,TUP,MS,ASO,ES,Federal Contract Tower,0,8,6,4,18,0,3,33,11,47,0,11,39,15,65,22,20,42,107
06/27/2023,TUP,MS,ASO,ES,Federal Contract Tower,0,6,16,2,24,0,6,66,14,86,0,12,82,16,110,62,6,68,178
06/28/2023,TUP,MS,ASO,ES,Federal Contract Tower,0,8,6,8,22,0,3,69,11,83,0,11,75,19,105,80,34,114,219
06/29/2023,TUP,MS,ASO,ES,Federal Contract Tower,0,8,14,16,38,0,3,70,12,85,0,11,84,28,123,76,20,96,219
06/30/2023,TUP,MS,ASO,ES,Federal Contract Tower,0,5,12,20,37,0,4,41,13,58,0,9,53,33,95,26,22,48,143
07/01/2023,TUP,MS,ASO,ES,Federal Contract Tower,0,5,9,0,14,0,1,38,0,39,0,6,47,0,53,26,0,26,79
07/02/2023,TUP,MS,ASO,ES,Federal Contract Tower,0,4,4,0,8,0,3,31,3,37,0,7,35,3,45,26,2,28,73
07/03/2023,TUP,MS,ASO,ES,Federal Contract Tower,0,6,4,0,10,0,2,33,0,35,0,8,37,0,45,46,0,46,91
07/04/2023,TUP,MS,ASO,ES,Federal Contract Tower,0,6,4,4,14,0,0,15,0,15,0,6,19,4,29,8,0,8,37
07/05/2023,TUP,MS,ASO,ES,Federal Contract Tower,0,8,12,47,67,0,5,32,12,49,0,13,44,59,116,40,18,58,174
07/06/2023,TUP,MS,ASO,ES,Federal Contract Tower,0,6,7,19,32,0,4,52,19,75,0,10,59,38,107,36,28,64,171
07/07/2023,TUP,MS,ASO,ES,Federal Contract Tower,0,6,3,20,29,0,4,50,9,63,0,10,53,29,92,46,26,72,164
07/08/2023,TUP,MS,ASO,ES,Federal Contract Tower,0,4,2,0,6,0,0,0,0,0,0,4,2,0,6,0,0,0,6
07/09/2023,TUP,MS,ASO,ES,Federal Contract Tower,0,4,18,1,23,0,0,0,0,0,0,4,18,1,23,0,0,0,23
07/10/2023,TUP,MS,ASO,ES,Federal Contract Tower,0,6,9,30,45,0,3,62,7,72,0,9,71,37,117,86,30,116,233
07/11/2023,TUP,MS,ASO,ES,Federal Contract Tower,0,7,11,24,42,0,11,65,14,90,0,18,76,38,132,54,28,82,214
07/12/2023,TUP,MS,ASO,ES,Federal Contract Tower,0,6,10,14,30,0,2,37,2,41,0,8,47,16,71,32,10,42,113
07/13/2023,TUP,MS,ASO,ES,Federal Contract Tower,0,8,9,20,37,0,5,27,5,37,0,13,36,25,74,70,26,96,170
07/14/2023,TUP,MS,ASO,ES,Federal Contract Tower,0,7,13,4,24,0,1,20,1,22,0,8,33,5,46,14,0,14,60
07/15/2023,TUP,MS,ASO,ES,Federal Contract Tower,0,5,12,0,17,0,2,39,7,48,0,7,51,7,65,26,0,26,91
07/16/2023,TUP,MS,ASO,ES,Federal Contract Tower,0,6,9,4,19,0,4,67,1,72,0,10,76,5,91,70,0,70,161
07/17/2023,TUP,MS,ASO,ES,Federal Contract Tower,0,8,10,30,48,0,1,68,9,78,0,9,78,39,126,28,74,102,228
07/18/2023,TUP,MS,ASO,ES,Federal Contract Tower,1,8,5,17,31,0,8,45,5,58,1,16,50,22,89,42,14,56,145
07/19/2023,TUP,MS,ASO,ES,Federal Contract Tower,1,9,18,21,49,0,3,50,6,59,1,12,68,27,108,42,12,54,162
07/20/2023,TUP,MS,ASO,ES,Federal Contract Tower,0,15,6,8,29,0,4,56,8,68,0,19,62,16,97,82,4,86,183
07/21/2023,TUP,MS,ASO,ES,Federal Contract Tower,0,5,12,4,21,0,5,42,15,62,0,10,54,19,83,36,34,70,153
07/22/2023,TUP,MS,ASO,ES,Federal Contract Tower,0,6,9,0,15,0,13,64,0,77,0,19,73,0,92,74,0,74,166
07/23/2023,TUP,MS,ASO,ES,Federal Contract Tower,0,7,4,2,13,0,11,50,2,63,0,18,54,4,76,58,4,62,138
07/24/2023,TUP,MS,ASO,ES,Federal Contract Tower,0,6,12,22,40,0,8,63,8,79,0,14,75,30,119,74,30,104,223
07/25/2023,TUP,MS,ASO,ES,Federal Contract Tower,0,6,14,26,46,0,2,45,9,56,0,8,59,35,102,52,28,80,182
07/26/2023,TUP,MS,ASO,ES,Federal Contract Tower,0,7,17,32,56,0,2,49,14,65,0,9,66,46,121,74,30,104,225
07/27/2023,TUP,MS,ASO,ES,Federal Contract Tower,0,5,16,26,47,0,9,54,7,70,0,14,70,33,117,52,4,56,173
07/28/2023,TUP,MS,ASO,ES,Federal Contract Tower,0,9,10,19,38,0,12,53,11,76,0,21,63,30,114,84,24,108,222
07/29/2023,TUP,MS,ASO,ES,Federal Contract Tower,0,4,2,0,6,0,8,42,1,51,0,12,44,1,57,70,2,72,129
07/30/2023,TUP,MS,ASO,ES,Federal Contract Tower,0,10,15,0,25,0,7,42,4,53,0,17,57,4,78,60,0,60,138
07/31/2023,TUP,MS,ASO,ES,Federal Contract Tower,0,7,13,12,32,0,8,62,5,75,0,15,75,17,107,60,0,60,167
08/01/2023,TUP,MS,ASO,ES,Federal Contract Tower,0,6,11,37,54,0,4,75,14,93,0,10,86,51,147,104,24,128,275
08/02/2023,TUP,MS,ASO,ES,Federal Contract Tower,0,8,14,28,50,0,6,65,19,90,0,14,79,47,140,50,38,88,228
08/03/2023,TUP,MS,ASO,ES,Federal Contract Tower,0,9,10,41,60,0,4,52,19,75,0,13,62,60,135,38,26,64,199
08/04/2023,TUP,MS,ASO,ES,Federal Contract Tower,0,6,4,10,20,0,5,24,0,29,0,11,28,10,49,22,0,22,71
08/05/2023,TUP,MS,ASO,ES,Federal Contract Tower,0,4,6,0,10,0,14,46,0,60,0,18,52,0,70,46,0,46,116
08/06/2023,TUP,MS,ASO,ES,Federal Contract Tower,0,6,0,3,9,0,4,38,1,43,0,10,38,4,52,42,0,42,94
08/07/2023,TUP,MS,ASO,ES,Federal Contract Tower,0,4,10,18,32,0,7,45,0,52,0,11,55,18,84,62,0,62,146
08/08/2023,TUP,MS,ASO,ES,Federal Contract Tower,0,5,6,17,28,0,2,41,15,58,0,7,47,32,86,40,28,68,154
08/09/2023,TUP,MS,ASO,ES,Federal Contract Tower,0,7,14,6,27,0,2,32,13,47,0,9,46,19,74,52,14,66,140
08/10/2023,TUP,MS,ASO,ES,Federal Contract Tower,0,6,13,16,35,0,17,31,16,64,0,23,44,32,99,40,18,58,157
08/11/2023,TUP,MS,ASO,ES,Federal Contract Tower,1,8,9,8,26,0,10,45,13,68,1,18,54,21,94,66,2,68,162
08/12/2023,TUP,MS,ASO,ES,Federal Contract Tower,0,9,8,0,17,0,9,34,0,43,0,18,42,0,60,14,0,14,74
08/13/2023,TUP,MS,ASO,ES,Federal Contract Tower,0,4,8,0,12,0,5,33,4,42,0,9,41,4,54,30,0,30,84
08/14/2023,TUP,MS,ASO,ES,Federal Contract Tower,0,4,18,18,40,0,7,64,21,92,0,11,82,39,132,44,6,50,182
08/15/2023,TUP,MS,ASO,ES,Federal Contract Tower,0,6,7,30,43,0,7,48,23,78,0,13,55,53,121,60,12,72,193
08/16/2023,TUP,MS,ASO,ES,Federal Contract Tower,0,11,7,18,36,0,14,71,18,103,0,25,78,36,139,64,14,78,217
08/17/2023,TUP,MS,ASO,ES,Federal Contract Tower,0,6,15,26,47,0,5,65,26,96,0,11,80,52,143,70,36,106,249
08/18/2023,TUP,MS,ASO,ES,Federal Contract Tower,0,9,7,17,33,0,8,58,17,83,0,17,65,34,116,80,12,92,208
08/19/2023,TUP,MS,ASO,ES,Federal Contract Tower,0,5,7,0,12,0,6,63,0,69,0,11,70,0,81,58,0,58,139
08/20/2023,TUP,MS,ASO,ES,Federal Contract Tower,0,5,7,2,14,0,5,51,0,56,0,10,58,2,70,36,0,36,106
08/21/2023,TUP,MS,ASO,ES,Federal Contract Tower,0,4,12,18,34,0,10,35,4,49,0,14,47,22,83,10,16,26,109
08/22/2023,TUP,MS,ASO,ES,Federal Contract Tower,0,7,13,10,30,0,3,48,22,73,0,10,61,32,103,28,42,70,173
08/23/2023,TUP,MS,ASO,ES,Federal Contract Tower,0,7,16,2,25,0,3,48,17,68,0,10,64,19,93,20,20,40,133
08/25/2023,TUP,MS,ASO,ES,Federal Contract Tower,0,6,6,23,35,0,5,49,16,70,0,11,55,39,105,36,0,36,141
08/26/2023,TUP,MS,ASO,ES,Federal Contract Tower,0,6,7,0,13,0,3,40,0,43,0,9,47,0,56,44,0,44,100
08/27/2023,TUP,MS,ASO,ES,Federal Contract Tower,0,4,6,1,11,0,2,38,0,40,0,6,44,1,51,38,0,38,89
08/28/2023,TUP,MS,ASO,ES,Federal Contract Tower,0,5,22,24,51,0,9,33,9,51,0,14,55,33,102,10,6,16,118
08/29/2023,TUP,MS,ASO,ES,Federal Contract Tower,0,10,14,66,90,0,4,57,45,106,0,14,71,111,196,64,94,158,354
08/30/2023,TUP,MS,ASO,ES,Federal Contract Tower,0,7,10,18,35,0,12,45,10,67,0,19,55,28,102,32,10,42,144
08/31/2023,TUP,MS,ASO,ES,Federal Contract Tower,0,7,7,25,39,0,9,58,26,93,0,16,65,51,132,62,18,80,212
