01/01/2000,TUS,AZ,AWP,WE,Combined TRACON& Tower with Radar,52,5,28,0,85,40,16,100,0,156,92,21,128,0,241,58,0,58,299
01/02/2000,TUS,AZ,AWP,WE,Combined TRACON& Tower with Radar,88,7,47,0,142,41,7,86,0,134,129,14,133,0,276,28,0,28,304
01/03/2000,TUS,AZ,AWP,WE,Combined TRACON& Tower with Radar,107,9,57,0,173,23,35,233,0,291,130,44,290,0,464,268,0,268,732
01/04/2000,TUS,AZ,AWP,WE,Combined TRACON& Tower with Radar,140,13,85,95,333,0,42,153,49,244,140,55,238,144,577,146,106,252,829
01/05/2000,TUS,AZ,AWP,WE,Combined TRACON& Tower with Radar,146,14,92,103,355,0,31,158,53,242,146,45,250,156,597,256,118,374,971
01/06/2000,TUS,AZ,AWP,WE,Combined TRACON& Tower with Radar,137,14,94,105,350,0,25,187,32,244,137,39,281,137,594,270,112,382,976
01/07/2000,TUS,AZ,AWP,WE,Combined TRACON& Tower with Radar,134,13,84,94,325,0,26,149,35,210,134,39,233,129,535,290,92,382,917
01/08/2000,TUS,AZ,AWP,WE,Combined TRACON& Tower with Radar,130,11,72,80,293,0,24,276,17,317,130,35,348,97,610,278,55,333,943
01/09/2000,TUS,AZ,AWP,WE,Combined TRACON& Tower with Radar,91,8,49,35,183,29,12,190,0,231,120,20,239,35,414,262,4,266,680
01/10/2000,TUS,AZ,AWP,WE,Combined TRACON& Tower with Radar,148,13,86,96,343,0,38,176,11,225,148,51,262,107,568,362,110,472,1040
01/11/2000,TUS,AZ,AWP,WE,Combined TRACON& Tower with Radar,162,15,97,108,382,0,26,214,23,263,162,41,311,131,645,196,108,304,949
01/12/2000,TUS,AZ,AWP,WE,Combined TRACON& Tower with Radar,141,15,98,109,363,0,8,201,42,251,141,23,299,151,614,282,88,370,984
01/13/2000,TUS,AZ,AWP,WE,Combined TRACON& Tower with Radar,152,14,95,106,367,0,28,207,13,248,152,42,302,119,615,304,108,412,1027
01/14/2000,TUS,AZ,AWP,WE,Combined TRACON& Tower with Radar,125,10,68,76,279,2,26,218,3,249,127,36,286,79,528,278,24,302,830
01/15/2000,TUS,AZ,AWP,WE,Combined TRACON& Tower with Radar,96,7,53,3,159,53,20,253,0,326,149,27,306,3,485,240,0,240,725
01/16/2000,TUS,AZ,AWP,WE,Combined TRACON& Tower with Radar,85,6,47,2,140,28,19,204,0,251,113,25,251,2,391,108,0,108,499
01/17/2000,TUS,AZ,AWP,WE,Combined TRACON& Tower with Radar,100,7,54,6,167,28,22,204,0,254,128,29,258,6,421,158,0,158,579
01/18/2000,TUS,AZ,AWP,WE,Combined TRACON& Tower with Radar,136,13,92,101,342,0,28,230,27,285,136,41,322,128,627,208,82,290,917
01/19/2000,TUS,AZ,AWP,WE,Combined TRACON& Tower with Radar,127,13,91,101,332,0,8,212,56,276,127,21,303,157,608,264,132,396,1004
01/20/2000,TUS,AZ,AWP,WE,Combined TRACON& Tower with Radar,127,11,81,89,308,0,12,249,27,288,127,23,330,116,596,218,94,312,908
01/21/2000,TUS,AZ,AWP,WE,Combined TRACON& Tower with Radar,136,12,84,92,324,0,19,158,47,224,136,31,242,139,548,232,88,320,868
01/22/2000,TUS,AZ,AWP,WE,Combined TRACON& Tower with Radar,96,7,53,2,158,42,31,220,0,293,138,38,273,2,451,226,4,230,681
01/23/2000,TUS,AZ,AWP,WE,Combined TRACON& Tower with Radar,82,6,44,5,137,30,25,182,0,237,112,31,226,5,374,180,0,180,554
01/24/2000,TUS,AZ,AWP,WE,Combined TRACON& Tower with Radar,154,13,91,101,359,0,24,164,38,226,154,37,255,139,585,168,64,232,817
01/25/2000,TUS,AZ,AWP,WE,Combined TRACON& Tower with Radar,137,12,90,99,338,0,34,122,63,219,137,46,212,162,557,244,44,288,845
01/26/2000,TUS,AZ,AWP,WE,Combined TRACON& Tower with Radar,145,12,88,96,341,0,16,151,46,213,145,28,239,142,554,172,64,236,790
01/27/2000,TUS,AZ,AWP,WE,Combined TRACON& Tower with Radar,125,12,84,95,316,0,19,200,51,270,125,31,284,146,586,190,96,286,872
01/28/2000,TUS,AZ,AWP,WE,Combined TRACON& Tower with Radar,129,11,76,86,302,0,20,151,47,218,129,31,227,133,520,226,92,318,838
01/29/2000,TUS,AZ,AWP,WE,Combined TRACON& Tower with Radar,83,6,45,4,138,46,26,233,0,305,129,32,278,4,443,230,0,230,673
01/30/2000,TUS,AZ,AWP,WE,Combined TRACON& Tower with Radar,80,6,42,4,132,37,14,159,0,210,117,20,201,4,342,168,0,168,510
01/31/2000,TUS,AZ,AWP,WE,Combined TRACON& Tower with Radar,109,8,59,36,212,16,40,190,0,246,125,48,249,36,458,250,41,291,749
02/01/2000,TUS,AZ,AWP,WE,Combined TRACON& Tower with Radar,131,11,79,80,301,5,40,123,65,233,136,51,202,145,534,160,78,238,772
02/02/2000,TUS,AZ,AWP,WE,Combined TRACON& Tower with Radar,122,12,85,86,305,0,34,160,53,247,122,46,245,139,552,128,94,222,774
02/03/2000,TUS,AZ,AWP,WE,Combined TRACON& Tower with Radar,129,13,87,87,316,0,19,176,26,221,129,32,263,113,537,240,92,332,869
02/04/2000,TUS,AZ,AWP,WE,Combined TRACON& Tower with Radar,136,12,82,83,313,0,43,175,29,247,136,55,257,112,560,276,58,334,894
02/05/2000,TUS,AZ,AWP,WE,Combined TRACON& Tower with Radar,114,10,69,70,263,11,21,173,24,229,125,31,242,94,492,148,18,166,658
02/06/2000,TUS,AZ,AWP,WE,Combined TRACON& Tower with Radar,115,10,70,59,254,17,3,240,0,260,132,13,310,59,514,218,12,230,744
02/07/2000,TUS,AZ,AWP,WE,Combined TRACON& Tower with Radar,107,9,65,35,216,22,18,189,0,229,129,27,254,35,445,180,38,218,663
02/08/2000,TUS,AZ,AWP,WE,Combined TRACON& Tower with Radar,148,14,96,97,355,0,28,122,61,211,148,42,218,158,566,174,98,272,838
02/09/2000,TUS,AZ,AWP,WE,Combined TRACON& Tower with Radar,124,13,88,89,314,0,25,151,36,212,124,38,239,125,526,179,32,211,737
02/10/2000,TUS,AZ,AWP,WE,Combined TRACON& Tower with Radar,121,11,73,74,279,3,13,231,34,281,124,24,304,108,560,162,52,214,774
02/11/2000,TUS,AZ,AWP,WE,Combined TRACON& Tower with Radar,125,13,86,87,311,0,23,171,38,232,125,36,257,125,543,292,90,382,925
02/12/2000,TUS,AZ,AWP,WE,Combined TRACON& Tower with Radar,80,7,48,2,137,48,39,112,0,199,128,46,160,2,336,84,2,86,422
02/13/2000,TUS,AZ,AWP,WE,Combined TRACON& Tower with Radar,83,7,49,0,139,31,13,173,0,217,114,20,222,0,356,138,0,138,494
02/14/2000,TUS,AZ,AWP,WE,Combined TRACON& Tower with Radar,122,12,84,84,302,0,21,123,36,180,122,33,207,120,482,148,116,264,746
02/15/2000,TUS,AZ,AWP,WE,Combined TRACON& Tower with Radar,125,13,90,89,317,0,31,149,45,225,125,44,239,134,542,202,82,284,826
02/16/2000,TUS,AZ,AWP,WE,Combined TRACON& Tower with Radar,113,13,98,96,320,0,31,148,41,220,113,44,246,137,540,214,114,328,868
02/17/2000,TUS,AZ,AWP,WE,Combined TRACON& Tower with Radar,117,12,93,92,314,0,28,161,33,222,117,40,254,125,536,228,49,277,813
02/18/2000,TUS,AZ,AWP,WE,Combined TRACON& Tower with Radar,128,11,83,82,304,0,20,219,20,259,128,31,302,102,563,176,10,186,749
02/19/2000,TUS,AZ,AWP,WE,Combined TRACON& Tower with Radar,81,6,50,4,141,51,17,197,0,265,132,23,247,4,406,108,0,108,514
02/20/2000,TUS,AZ,AWP,WE,Combined TRACON& Tower with Radar,80,6,48,3,137,38,18,113,0,169,118,24,161,3,306,84,0,84,390
02/21/2000,TUS,AZ,AWP,WE,Combined TRACON& Tower with Radar,84,6,52,2,144,25,27,158,0,210,109,33,210,2,354,104,0,104,458
02/22/2000,TUS,AZ,AWP,WE,Combined TRACON& Tower with Radar,129,12,88,87,316,0,28,177,3,208,129,40,265,90,524,246,50,296,820
02/23/2000,TUS,AZ,AWP,WE,Combined TRACON& Tower with Radar,124,11,81,82,298,0,32,195,46,273,124,43,276,128,571,224,38,262,833
02/24/2000,TUS,AZ,AWP,WE,Combined TRACON& Tower with Radar,143,12,91,73,319,0,37,136,0,173,143,49,227,73,492,96,24,120,612
02/25/2000,TUS,AZ,AWP,WE,Combined TRACON& Tower with Radar,118,11,81,81,291,0,25,194,18,237,118,36,275,99,528,172,52,224,752
02/26/2000,TUS,AZ,AWP,WE,Combined TRACON& Tower with Radar,96,7,58,1,162,33,23,185,0,241,129,30,243,1,403,154,0,154,557
02/27/2000,TUS,AZ,AWP,WE,Combined TRACON& Tower with Radar,78,6,46,3,133,35,6,167,0,208,113,12,213,3,341,112,0,112,453
02/28/2000,TUS,AZ,AWP,WE,Combined TRACON& Tower with Radar,124,12,87,87,310,0,21,89,57,167,124,33,176,144,477,126,72,198,675
02/29/2000,TUS,AZ,AWP,WE,Combined TRACON& Tower with Radar,133,12,91,91,327,0,27,180,38,245,133,39,271,129,572,212,82,294,866
03/01/2000,TUS,AZ,AWP,WE,Combined TRACON& Tower with Radar,123,14,85,85,307,0,13,164,53,230,123,27,249,138,537,126,60,186,723
03/02/2000,TUS,AZ,AWP,WE,Combined TRACON& Tower with Radar,109,12,74,72,267,0,17,167,68,252,109,29,241,140,519,174,28,202,721
03/03/2000,TUS,AZ,AWP,WE,Combined TRACON& Tower with Radar,131,13,80,78,302,0,16,185,53,254,131,29,265,131,556,246,52,298,854
03/04/2000,TUS,AZ,AWP,WE,Combined TRACON& Tower with Radar,107,10,64,63,244,18,18,119,40,195,125,28,183,103,439,149,58,207,646
03/05/2000,TUS,AZ,AWP,WE,Combined TRACON& Tower with Radar,114,11,69,67,261,0,9,57,4,70,114,20,126,71,331,40,26,66,397
03/06/2000,TUS,AZ,AWP,WE,Combined TRACON& Tower with Radar,98,9,58,13,178,19,21,16,0,56,117,30,74,13,234,0,0,0,234
03/07/2000,TUS,AZ,AWP,WE,Combined TRACON& Tower with Radar,128,12,79,70,289,0,17,106,0,123,128,29,185,70,412,80,16,96,508
03/08/2000,TUS,AZ,AWP,WE,Combined TRACON& Tower with Radar,133,12,79,79,303,2,13,204,1,220,135,25,283,80,523,316,56,372,895
03/09/2000,TUS,AZ,AWP,WE,Combined TRACON& Tower with Radar,130,14,89,89,322,0,13,235,19,267,130,27,324,108,589,224,51,275,864
03/10/2000,TUS,AZ,AWP,WE,Combined TRACON& Tower with Radar,132,12,78,74,296,5,7,220,0,232,137,19,298,74,528,238,56,294,822
03/11/2000,TUS,AZ,AWP,WE,Combined TRACON& Tower with Radar,82,8,48,2,140,46,18,227,0,291,128,26,275,2,431,202,0,202,633
03/12/2000,TUS,AZ,AWP,WE,Combined TRACON& Tower with Radar,74,7,44,1,126,43,6,196,0,245,117,13,240,1,371,114,0,114,485
03/13/2000,TUS,AZ,AWP,WE,Combined TRACON& Tower with Radar,129,13,79,79,300,0,18,173,28,219,129,31,252,107,519,130,102,232,751
03/14/2000,TUS,AZ,AWP,WE,Combined TRACON& Tower with Radar,120,13,79,78,290,0,33,177,31,241,120,46,256,109,531,224,72,296,827
03/15/2000,TUS,AZ,AWP,WE,Combined TRACON& Tower with Radar,151,14,91,91,347,0,20,211,25,256,151,34,302,116,603,348,68,416,1019
03/16/2000,TUS,AZ,AWP,WE,Combined TRACON& Tower with Radar,131,16,100,90,337,0,24,266,0,290,131,40,366,90,627,328,60,388,1015
03/17/2000,TUS,AZ,AWP,WE,Combined TRACON& Tower with Radar,133,12,80,80,305,0,9,241,13,263,133,21,321,93,568,252,46,298,866
03/18/2000,TUS,AZ,AWP,WE,Combined TRACON& Tower with Radar,98,8,59,3,168,34,14,211,0,259,132,22,270,3,427,254,0,254,681
03/19/2000,TUS,AZ,AWP,WE,Combined TRACON& Tower with Radar,90,7,52,5,154,36,16,228,0,280,126,23,280,5,434,54,0,54,488
03/20/2000,TUS,AZ,AWP,WE,Combined TRACON& Tower with Radar,118,10,69,69,266,12,17,52,1,82,130,27,121,70,348,2,0,2,350
03/21/2000,TUS,AZ,AWP,WE,Combined TRACON& Tower with Radar,144,13,91,91,339,0,24,174,29,227,144,37,265,120,566,206,82,288,854
03/22/2000,TUS,AZ,AWP,WE,Combined TRACON& Tower with Radar,140,14,93,94,341,0,28,189,41,258,140,42,282,135,599,168,80,248,847
03/23/2000,TUS,AZ,AWP,WE,Combined TRACON& Tower with Radar,132,14,97,98,341,0,17,240,34,291,132,31,337,132,632,216,90,306,938
03/24/2000,TUS,AZ,AWP,WE,Combined TRACON& Tower with Radar,125,11,78,79,293,0,31,178,16,225,125,42,256,95,518,222,28,250,768
03/25/2000,TUS,AZ,AWP,WE,Combined TRACON& Tower with Radar,96,8,56,4,164,28,9,297,0,334,124,17,353,4,498,184,2,186,684
03/26/2000,TUS,AZ,AWP,WE,Combined TRACON& Tower with Radar,91,8,53,0,152,46,10,171,0,227,137,18,224,0,379,74,0,74,453
03/27/2000,TUS,AZ,AWP,WE,Combined TRACON& Tower with Radar,128,13,85,87,313,0,18,146,32,196,128,31,231,119,509,220,46,266,775
03/28/2000,TUS,AZ,AWP,WE,Combined TRACON& Tower with Radar,143,14,95,96,348,0,31,139,37,207,143,45,234,133,555,188,46,234,789
03/29/2000,TUS,AZ,AWP,WE,Combined TRACON& Tower with Radar,142,13,89,87,331,0,24,219,32,275,142,37,308,119,606,236,76,312,918
03/30/2000,TUS,AZ,AWP,WE,Combined TRACON& Tower with Radar,115,13,89,88,305,0,19,223,51,293,115,32,312,139,598,266,52,318,916
03/31/2000,TUS,AZ,AWP,WE,Combined TRACON& Tower with Radar,147,13,88,86,334,0,27,156,43,226,147,40,244,129,560,176,108,284,844
04/01/2000,TUS,AZ,AWP,WE,Combined TRACON& Tower with Radar,92,9,48,0,149,43,14,140,0,197,135,23,188,0,346,130,0,130,476
04/02/2000,TUS,AZ,AWP,WE,Combined TRACON& Tower with Radar,72,7,38,1,118,50,19,174,0,243,122,26,212,1,361,120,0,120,481
04/03/2000,TUS,AZ,AWP,WE,Combined TRACON& Tower with Radar,142,15,78,87,322,0,49,179,21,249,142,64,257,108,571,220,68,288,859
04/04/2000,TUS,AZ,AWP,WE,Combined TRACON& Tower with Radar,142,15,81,89,327,0,21,203,54,278,142,36,284,143,605,318,50,368,973
04/05/2000,TUS,AZ,AWP,WE,Combined TRACON& Tower with Radar,129,13,70,77,289,0,27,193,33,253,129,40,263,110,542,240,86,326,868
04/06/2000,TUS,AZ,AWP,WE,Combined TRACON& Tower with Radar,135,13,71,79,298,5,24,217,23,269,140,37,288,102,567,196,82,278,845
04/07/2000,TUS,AZ,AWP,WE,Combined TRACON& Tower with Radar,134,14,71,80,299,0,16,210,7,233,134,30,281,87,532,226,50,276,808
04/08/2000,TUS,AZ,AWP,WE,Combined TRACON& Tower with Radar,115,12,61,61,249,0,25,106,0,131,115,37,167,61,380,44,12,56,436
04/09/2000,TUS,AZ,AWP,WE,Combined TRACON& Tower with Radar,117,12,61,48,238,3,17,176,0,196,120,29,237,48,434,118,10,128,562
04/10/2000,TUS,AZ,AWP,WE,Combined TRACON& Tower with Radar,103,10,54,14,181,21,31,176,0,228,124,41,230,14,409,132,22,154,563
04/11/2000,TUS,AZ,AWP,WE,Combined TRACON& Tower with Radar,131,16,84,93,324,0,37,198,50,285,131,53,282,143,609,234,110,344,953
04/12/2000,TUS,AZ,AWP,WE,Combined TRACON& Tower with Radar,140,14,76,85,315,0,19,189,35,243,140,33,265,120,558,226,70,296,854
04/13/2000,TUS,AZ,AWP,WE,Combined TRACON& Tower with Radar,138,16,85,94,333,0,24,230,36,290,138,40,315,130,623,276,52,328,951
04/14/2000,TUS,AZ,AWP,WE,Combined TRACON& Tower with Radar,124,13,67,75,279,0,25,174,10,209,124,38,241,85,488,118,16,134,622
04/15/2000,TUS,AZ,AWP,WE,Combined TRACON& Tower with Radar,97,10,51,10,168,21,23,221,0,265,118,33,272,10,433,186,0,186,619
04/16/2000,TUS,AZ,AWP,WE,Combined TRACON& Tower with Radar,85,9,44,2,140,32,8,180,0,220,117,17,224,2,360,112,0,112,472
04/17/2000,TUS,AZ,AWP,WE,Combined TRACON& Tower with Radar,119,13,67,74,273,0,21,97,36,154,119,34,164,110,427,140,36,176,603
04/18/2000,TUS,AZ,AWP,WE,Combined TRACON& Tower with Radar,135,12,72,77,296,1,18,131,50,200,136,30,203,127,496,234,36,270,766
04/19/2000,TUS,AZ,AWP,WE,Combined TRACON& Tower with Radar,143,14,79,86,322,0,11,240,44,295,143,25,319,130,617,284,50,334,951
04/20/2000,TUS,AZ,AWP,WE,Combined TRACON& Tower with Radar,111,13,77,82,283,0,17,233,40,290,111,30,310,122,573,268,56,324,897
04/21/2000,TUS,AZ,AWP,WE,Combined TRACON& Tower with Radar,131,13,77,82,303,0,28,138,36,202,131,41,215,118,505,168,48,216,721
04/22/2000,TUS,AZ,AWP,WE,Combined TRACON& Tower with Radar,83,7,44,6,140,40,22,245,0,307,123,29,289,6,447,194,0,194,641
04/23/2000,TUS,AZ,AWP,WE,Combined TRACON& Tower with Radar,90,8,47,0,145,33,33,177,0,243,123,41,224,0,388,86,0,86,474
04/24/2000,TUS,AZ,AWP,WE,Combined TRACON& Tower with Radar,125,16,91,98,330,0,28,240,66,334,125,44,331,164,664,200,98,298,962
04/25/2000,TUS,AZ,AWP,WE,Combined TRACON& Tower with Radar,128,15,85,94,322,0,31,197,62,290,128,46,282,156,612,198,70,268,880
04/26/2000,TUS,AZ,AWP,WE,Combined TRACON& Tower with Radar,125,15,84,94,318,0,24,193,75,292,125,39,277,169,610,258,60,318,928
04/27/2000,TUS,AZ,AWP,WE,Combined TRACON& Tower with Radar,132,15,84,92,323,0,28,252,36,316,132,43,336,128,639,250,8,258,897
04/28/2000,TUS,AZ,AWP,WE,Combined TRACON& Tower with Radar,121,12,69,77,279,0,22,221,2,245,121,34,290,79,524,218,36,254,778
04/29/2000,TUS,AZ,AWP,WE,Combined TRACON& Tower with Radar,91,8,47,1,147,46,20,227,0,293,137,28,274,1,440,136,0,136,576
04/30/2000,TUS,AZ,AWP,WE,Combined TRACON& Tower with Radar,79,7,41,0,127,28,18,241,0,287,107,25,282,0,414,140,0,140,554
05/01/2000,TUS,AZ,AWP,WE,Combined TRACON& Tower with Radar,125,16,72,89,302,0,49,159,30,238,125,65,231,119,540,218,40,258,798
05/02/2000,TUS,AZ,AWP,WE,Combined TRACON& Tower with Radar,127,18,80,101,326,0,23,257,35,315,127,41,337,136,641,106,58,164,805
05/03/2000,TUS,AZ,AWP,WE,Combined TRACON& Tower with Radar,134,17,75,94,320,0,24,184,25,233,134,41,259,119,553,86,23,109,662
05/04/2000,TUS,AZ,AWP,WE,Combined TRACON& Tower with Radar,122,16,71,89,298,0,18,195,30,243,122,34,266,119,541,128,56,184,725
05/05/2000,TUS,AZ,AWP,WE,Combined TRACON& Tower with Radar,135,17,74,92,318,0,10,195,34,239,135,27,269,126,557,100,42,142,699
05/06/2000,TUS,AZ,AWP,WE,Combined TRACON& Tower with Radar,109,13,54,68,244,0,39,163,21,223,109,52,217,89,467,54,16,70,537
05/07/2000,TUS,AZ,AWP,WE,Combined TRACON& Tower with Radar,103,12,51,65,231,0,15,110,2,127,103,27,161,67,358,2,0,2,360
05/08/2000,TUS,AZ,AWP,WE,Combined TRACON& Tower with Radar,99,11,49,14,173,30,32,211,0,273,129,43,260,14,446,38,0,38,484
05/09/2000,TUS,AZ,AWP,WE,Combined TRACON& Tower with Radar,140,18,77,97,332,0,15,205,76,296,140,33,282,173,628,72,60,132,760
05/10/2000,TUS,AZ,AWP,WE,Combined TRACON& Tower with Radar,128,15,63,80,286,4,23,171,21,219,132,38,234,101,505,89,28,117,622
05/11/2000,TUS,AZ,AWP,WE,Combined TRACON& Tower with Radar,141,18,79,99,337,0,34,144,15,193,141,52,223,114,530,72,34,106,636
05/12/2000,TUS,AZ,AWP,WE,Combined TRACON& Tower with Radar,98,11,48,61,218,6,26,224,0,256,104,37,272,61,474,24,32,56,530
05/13/2000,TUS,AZ,AWP,WE,Combined TRACON& Tower with Radar,84,10,41,10,145,37,31,231,0,299,121,41,272,10,444,110,0,110,554
05/14/2000,TUS,AZ,AWP,WE,Combined TRACON& Tower with Radar,79,9,40,17,145,36,11,145,0,192,115,20,185,17,337,84,2,86,423
05/15/2000,TUS,AZ,AWP,WE,Combined TRACON& Tower with Radar,138,16,69,87,310,0,40,167,16,223,138,56,236,103,533,142,30,172,705
05/16/2000,TUS,AZ,AWP,WE,Combined TRACON& Tower with Radar,133,15,65,80,293,1,37,119,22,179,134,52,184,102,472,50,36,86,558
05/17/2000,TUS,AZ,AWP,WE,Combined TRACON& Tower with Radar,131,15,64,79,289,12,39,240,0,291,143,54,304,79,580,146,68,214,794
05/18/2000,TUS,AZ,AWP,WE,Combined TRACON& Tower with Radar,115,18,82,101,316,0,18,210,30,258,115,36,292,131,574,128,8,136,710
05/19/2000,TUS,AZ,AWP,WE,Combined TRACON& Tower with Radar,109,11,55,66,241,0,12,220,23,255,109,23,275,89,496,90,32,122,618
05/20/2000,TUS,AZ,AWP,WE,Combined TRACON& Tower with Radar,81,8,41,5,135,42,14,209,0,265,123,22,250,5,400,84,0,84,484
05/21/2000,TUS,AZ,AWP,WE,Combined TRACON& Tower with Radar,85,9,42,6,142,19,18,199,0,236,104,27,241,6,378,32,0,32,410
05/22/2000,TUS,AZ,AWP,WE,Combined TRACON& Tower with Radar,117,13,60,74,264,0,15,162,27,204,117,28,222,101,468,178,22,200,668
05/23/2000,TUS,AZ,AWP,WE,Combined TRACON& Tower with Radar,140,16,73,90,319,0,23,191,41,255,140,39,264,131,574,90,54,144,718
05/24/2000,TUS,AZ,AWP,WE,Combined TRACON& Tower with Radar,140,16,73,88,317,0,28,235,18,281,140,44,308,106,598,62,40,102,700
05/25/2000,TUS,AZ,AWP,WE,Combined TRACON& Tower with Radar,114,15,70,86,285,0,20,189,26,235,114,35,259,112,520,86,100,186,706
05/26/2000,TUS,AZ,AWP,WE,Combined TRACON& Tower with Radar,140,17,79,87,323,0,31,156,0,187,140,48,235,87,510,71,32,103,613
05/27/2000,TUS,AZ,AWP,WE,Combined TRACON& Tower with Radar,71,7,35,8,121,46,31,148,0,225,117,38,183,8,346,30,0,30,376
05/28/2000,TUS,AZ,AWP,WE,Combined TRACON& Tower with Radar,66,7,33,2,108,47,19,114,0,180,113,26,147,2,288,50,0,50,338
05/29/2000,TUS,AZ,AWP,WE,Combined TRACON& Tower with Radar,79,8,39,21,147,32,15,148,0,195,111,23,187,21,342,40,0,40,382
05/30/2000,TUS,AZ,AWP,WE,Combined TRACON& Tower with Radar,135,16,76,93,320,0,24,182,54,260,135,40,258,147,580,88,54,142,722
05/31/2000,TUS,AZ,AWP,WE,Combined TRACON& Tower with Radar,123,16,75,92,306,0,31,180,46,257,123,47,255,138,563,88,56,144,707
06/01/2000,TUS,AZ,AWP,WE,Combined TRACON& Tower with Radar,122,21,65,87,295,0,25,190,50,265,122,46,255,137,560,55,28,83,643
06/02/2000,TUS,AZ,AWP,WE,Combined TRACON& Tower with Radar,123,19,59,80,281,0,30,215,11,256,123,49,274,91,537,88,26,114,651
06/03/2000,TUS,AZ,AWP,WE,Combined TRACON& Tower with Radar,107,16,48,65,236,22,23,156,23,224,129,39,204,88,460,104,20,124,584
06/04/2000,TUS,AZ,AWP,WE,Combined TRACON& Tower with Radar,93,14,41,51,199,18,19,140,0,177,111,33,181,51,376,6,0,6,382
06/05/2000,TUS,AZ,AWP,WE,Combined TRACON& Tower with Radar,83,13,37,9,142,30,27,157,0,214,113,40,194,9,356,44,0,44,400
06/06/2000,TUS,AZ,AWP,WE,Combined TRACON& Tower with Radar,120,23,70,95,308,0,19,176,61,256,120,42,246,156,564,74,44,118,682
06/07/2000,TUS,AZ,AWP,WE,Combined TRACON& Tower with Radar,125,22,67,92,306,0,23,176,60,259,125,45,243,152,565,60,80,140,705
06/08/2000,TUS,AZ,AWP,WE,Combined TRACON& Tower with Radar,114,21,62,84,281,0,12,189,52,253,114,33,251,136,534,84,32,116,650
06/09/2000,TUS,AZ,AWP,WE,Combined TRACON& Tower with Radar,112,17,50,66,245,26,23,119,0,168,138,40,169,66,413,42,28,70,483
06/10/2000,TUS,AZ,AWP,WE,Combined TRACON& Tower with Radar,82,12,37,13,144,44,17,173,0,234,126,29,210,13,378,50,26,76,454
06/11/2000,TUS,AZ,AWP,WE,Combined TRACON& Tower with Radar,73,11,33,4,121,39,14,106,0,159,112,25,139,4,280,44,7,51,331
06/12/2000,TUS,AZ,AWP,WE,Combined TRACON& Tower with Radar,131,22,65,89,307,0,38,192,32,262,131,60,257,121,569,134,44,178,747
06/13/2000,TUS,AZ,AWP,WE,Combined TRACON& Tower with Radar,118,19,56,75,268,0,27,202,19,248,118,46,258,94,516,124,52,176,692
06/14/2000,TUS,AZ,AWP,WE,Combined TRACON& Tower with Radar,136,26,83,110,355,0,43,161,15,219,136,69,244,125,574,132,18,150,724
06/15/2000,TUS,AZ,AWP,WE,Combined TRACON& Tower with Radar,126,19,60,80,285,0,22,212,21,255,126,41,272,101,540,238,52,290,830
06/16/2000,TUS,AZ,AWP,WE,Combined TRACON& Tower with Radar,125,20,64,85,294,0,16,242,11,269,125,36,306,96,563,174,0,174,737
06/17/2000,TUS,AZ,AWP,WE,Combined TRACON& Tower with Radar,81,11,36,1,129,31,28,173,0,232,112,39,209,1,361,144,0,144,505
06/18/2000,TUS,AZ,AWP,WE,Combined TRACON& Tower with Radar,70,10,32,0,112,51,23,134,0,208,121,33,166,0,320,80,0,80,400
06/19/2000,TUS,AZ,AWP,WE,Combined TRACON& Tower with Radar,130,18,58,78,284,6,28,95,0,129,136,46,153,78,413,128,2,130,543
06/20/2000,TUS,AZ,AWP,WE,Combined TRACON& Tower with Radar,137,20,63,84,304,0,13,217,10,240,137,33,280,94,544,140,62,202,746
06/21/2000,TUS,AZ,AWP,WE,Combined TRACON& Tower with Radar,114,19,62,83,278,0,19,177,33,229,114,38,239,116,507,294,68,362,869
06/22/2000,TUS,AZ,AWP,WE,Combined TRACON& Tower with Radar,118,19,61,80,278,0,17,132,18,167,118,36,193,98,445,140,50,190,635
06/23/2000,TUS,AZ,AWP,WE,Combined TRACON& Tower with Radar,134,20,62,84,300,0,20,211,13,244,134,40,273,97,544,276,22,298,842
06/24/2000,TUS,AZ,AWP,WE,Combined TRACON& Tower with Radar,95,13,42,30,180,19,22,200,0,241,114,35,242,30,421,142,0,142,563
06/25/2000,TUS,AZ,AWP,WE,Combined TRACON& Tower with Radar,72,10,32,15,129,39,21,140,0,200,111,31,172,15,329,72,2,74,403
06/26/2000,TUS,AZ,AWP,WE,Combined TRACON& Tower with Radar,121,18,56,75,270,0,35,179,5,219,121,53,235,80,489,264,48,312,801
06/27/2000,TUS,AZ,AWP,WE,Combined TRACON& Tower with Radar,118,18,58,80,274,0,20,188,39,247,118,38,246,119,521,356,38,394,915
06/28/2000,TUS,AZ,AWP,WE,Combined TRACON& Tower with Radar,123,19,59,81,282,0,20,88,13,121,123,39,147,94,403,194,84,278,681
06/29/2000,TUS,AZ,AWP,WE,Combined TRACON& Tower with Radar,134,23,73,100,330,0,5,187,51,243,134,28,260,151,573,190,22,212,785
06/30/2000,TUS,AZ,AWP,WE,Combined TRACON& Tower with Radar,114,16,53,72,255,0,24,148,26,198,114,40,201,98,453,164,88,252,705
07/01/2000,TUS,AZ,AWP,WE,Combined TRACON& Tower with Radar,81,9,31,5,126,43,8,189,0,240,124,17,220,5,366,142,8,150,516
07/02/2000,TUS,AZ,AWP,WE,Combined TRACON& Tower with Radar,70,8,27,0,105,43,17,134,0,194,113,25,161,0,299,115,18,133,432
07/03/2000,TUS,AZ,AWP,WE,Combined TRACON& Tower with Radar,65,7,25,0,97,36,49,157,0,242,101,56,182,0,339,160,0,160,499
07/04/2000,TUS,AZ,AWP,WE,Combined TRACON& Tower with Radar,62,7,24,11,104,38,15,113,0,166,100,22,137,11,270,100,0,100,370
07/05/2000,TUS,AZ,AWP,WE,Combined TRACON& Tower with Radar,123,16,57,90,286,0,10,185,36,231,123,26,242,126,517,116,84,200,717
07/06/2000,TUS,AZ,AWP,WE,Combined TRACON& Tower with Radar,120,14,52,83,269,0,26,144,43,213,120,40,196,126,482,148,74,222,704
07/07/2000,TUS,AZ,AWP,WE,Combined TRACON& Tower with Radar,118,13,49,78,258,0,16,116,39,171,118,29,165,117,429,134,88,222,651
07/08/2000,TUS,AZ,AWP,WE,Combined TRACON& Tower with Radar,113,12,44,70,239,5,2,140,29,176,118,14,184,99,415,118,42,160,575
07/09/2000,TUS,AZ,AWP,WE,Combined TRACON& Tower with Radar,108,12,42,65,227,4,16,168,0,188,112,28,210,65,415,150,24,174,589
07/10/2000,TUS,AZ,AWP,WE,Combined TRACON& Tower with Radar,97,13,49,77,236,0,20,124,37,181,97,33,173,114,417,192,72,264,681
07/11/2000,TUS,AZ,AWP,WE,Combined TRACON& Tower with Radar,119,17,60,96,292,0,10,239,53,302,119,27,299,149,594,244,44,288,882
07/12/2000,TUS,AZ,AWP,WE,Combined TRACON& Tower with Radar,135,16,57,91,299,0,13,212,45,270,135,29,269,136,569,220,58,278,847
07/13/2000,TUS,AZ,AWP,WE,Combined TRACON& Tower with Radar,107,16,57,90,270,0,14,218,37,269,107,30,275,127,539,210,86,296,835
07/14/2000,TUS,AZ,AWP,WE,Combined TRACON& Tower with Radar,117,12,50,77,256,0,25,214,2,241,117,37,264,79,497,215,48,263,760
07/15/2000,TUS,AZ,AWP,WE,Combined TRACON& Tower with Radar,80,8,32,0,120,32,13,174,0,219,112,21,206,0,339,114,2,116,455
07/16/2000,TUS,AZ,AWP,WE,Combined TRACON& Tower with Radar,73,7,29,8,117,31,33,152,0,216,104,40,181,8,333,154,10,164,497
07/17/2000,TUS,AZ,AWP,WE,Combined TRACON& Tower with Radar,125,14,56,86,281,0,30,159,57,246,125,44,215,143,527,260,76,336,863
07/18/2000,TUS,AZ,AWP,WE,Combined TRACON& Tower with Radar,137,15,59,90,301,0,33,167,48,248,137,48,226,138,549,182,154,336,885
07/19/2000,TUS,AZ,AWP,WE,Combined TRACON& Tower with Radar,119,14,54,82,269,0,21,164,34,219,119,35,218,116,488,234,38,272,760
07/20/2000,TUS,AZ,AWP,WE,Combined TRACON& Tower with Radar,107,12,48,74,241,0,35,177,53,265,107,47,225,127,506,182,82,264,770
07/21/2000,TUS,AZ,AWP,WE,Combined TRACON& Tower with Radar,117,13,54,81,265,0,12,167,38,217,117,25,221,119,482,196,84,280,762
07/22/2000,TUS,AZ,AWP,WE,Combined TRACON& Tower with Radar,77,7,31,1,116,42,23,145,0,210,119,30,176,1,326,199,0,199,525
07/23/2000,TUS,AZ,AWP,WE,Combined TRACON& Tower with Radar,89,9,35,4,137,39,13,137,0,189,128,22,172,4,326,104,4,108,434
07/24/2000,TUS,AZ,AWP,WE,Combined TRACON& Tower with Radar,116,13,53,82,264,0,37,129,39,205,116,50,182,121,469,278,58,336,805
07/25/2000,TUS,AZ,AWP,WE,Combined TRACON& Tower with Radar,128,14,54,84,280,0,38,189,15,242,128,52,243,99,522,170,108,278,800
07/26/2000,TUS,AZ,AWP,WE,Combined TRACON& Tower with Radar,128,18,69,108,323,0,26,188,25,239,128,44,257,133,562,200,48,248,810
07/27/2000,TUS,AZ,AWP,WE,Combined TRACON& Tower with Radar,118,14,55,88,275,0,21,169,50,240,118,35,224,138,515,172,58,230,745
07/28/2000,TUS,AZ,AWP,WE,Combined TRACON& Tower with Radar,127,15,58,91,291,0,24,154,62,240,127,39,212,153,531,166,62,228,759
07/29/2000,TUS,AZ,AWP,WE,Combined TRACON& Tower with Radar,88,9,34,6,137,41,22,148,0,211,129,31,182,6,348,266,6,272,620
07/30/2000,TUS,AZ,AWP,WE,Combined TRACON& Tower with Radar,80,8,31,2,121,30,14,168,0,212,110,22,199,2,333,156,0,156,489
07/31/2000,TUS,AZ,AWP,WE,Combined TRACON& Tower with Radar,117,13,49,77,256,0,21,126,46,193,117,34,175,123,449,198,94,292,741
08/01/2000,TUS,AZ,AWP,WE,Combined TRACON& Tower with Radar,136,17,74,111,338,0,51,183,37,271,136,68,257,148,609,184,62,246,855
08/02/2000,TUS,AZ,AWP,WE,Combined TRACON& Tower with Radar,113,13,54,83,263,0,32,169,29,230,113,45,223,112,493,168,86,254,747
08/03/2000,TUS,AZ,AWP,WE,Combined TRACON& Tower with Radar,119,15,63,97,294,0,29,143,25,197,119,44,206,122,491,96,48,144,635
08/04/2000,TUS,AZ,AWP,WE,Combined TRACON& Tower with Radar,117,14,56,85,272,0,25,150,20,195,117,39,206,105,467,122,34,156,623
08/05/2000,TUS,AZ,AWP,WE,Combined TRACON& Tower with Radar,114,14,56,85,269,0,10,99,31,140,114,24,155,116,409,140,30,170,579
08/06/2000,TUS,AZ,AWP,WE,Combined TRACON& Tower with Radar,94,10,42,52,198,16,18,129,0,163,110,28,171,52,361,142,16,158,519
08/07/2000,TUS,AZ,AWP,WE,Combined TRACON& Tower with Radar,83,9,37,21,150,35,41,144,0,220,118,50,181,21,370,138,26,164,534
08/08/2000,TUS,AZ,AWP,WE,Combined TRACON& Tower with Radar,128,14,58,88,288,0,46,174,61,281,128,60,232,149,569,114,118,232,801
08/09/2000,TUS,AZ,AWP,WE,Combined TRACON& Tower with Radar,126,15,62,94,297,0,22,138,50,210,126,37,200,144,507,42,66,108,615
08/10/2000,TUS,AZ,AWP,WE,Combined TRACON& Tower with Radar,123,16,67,102,308,0,26,186,69,281,123,42,253,171,589,26,58,84,673
08/11/2000,TUS,AZ,AWP,WE,Combined TRACON& Tower with Radar,111,12,50,59,232,13,28,144,0,185,124,40,194,59,417,42,6,48,465
08/12/2000,TUS,AZ,AWP,WE,Combined TRACON& Tower with Radar,78,9,35,6,128,47,24,181,0,252,125,33,216,6,380,78,0,78,458
08/13/2000,TUS,AZ,AWP,WE,Combined TRACON& Tower with Radar,74,8,34,2,118,52,14,120,0,186,126,22,154,2,304,72,0,72,376
08/14/2000,TUS,AZ,AWP,WE,Combined TRACON& Tower with Radar,111,12,49,76,248,6,17,136,16,175,117,29,185,92,423,118,46,164,587
08/15/2000,TUS,AZ,AWP,WE,Combined TRACON& Tower with Radar,140,17,74,111,342,0,18,212,78,308,140,35,286,189,650,252,170,422,1072
08/16/2000,TUS,AZ,AWP,WE,Combined TRACON& Tower with Radar,121,15,62,95,293,0,25,187,14,226,121,40,249,109,519,188,40,228,747
08/17/2000,TUS,AZ,AWP,WE,Combined TRACON& Tower with Radar,108,11,50,74,243,0,28,161,32,221,108,39,211,106,464,158,44,202,666
08/18/2000,TUS,AZ,AWP,WE,Combined TRACON& Tower with Radar,121,13,61,89,284,0,21,184,5,210,121,34,245,94,494,116,36,152,646
08/19/2000,TUS,AZ,AWP,WE,Combined TRACON& Tower with Radar,75,7,34,4,120,46,25,159,0,230,121,32,193,4,350,160,0,160,510
08/20/2000,TUS,AZ,AWP,WE,Combined TRACON& Tower with Radar,73,7,33,19,132,33,15,129,0,177,106,22,162,19,309,82,0,82,391
08/21/2000,TUS,AZ,AWP,WE,Combined TRACON& Tower with Radar,124,13,58,87,282,0,24,137,59,220,124,37,195,146,502,198,68,266,768
08/22/2000,TUS,AZ,AWP,WE,Combined TRACON& Tower with Radar,112,13,60,90,275,0,28,101,53,182,112,41,161,143,457,116,30,146,603
08/23/2000,TUS,AZ,AWP,WE,Combined TRACON& Tower with Radar,119,15,66,98,298,0,22,183,42,247,119,37,249,140,545,178,78,256,801
08/24/2000,TUS,AZ,AWP,WE,Combined TRACON& Tower with Radar,126,16,71,104,317,0,26,148,84,258,126,42,219,188,575,174,44,218,793
08/25/2000,TUS,AZ,AWP,WE,Combined TRACON& Tower with Radar,121,12,54,81,268,12,43,140,11,206,133,55,194,92,474,150,30,180,654
08/26/2000,TUS,AZ,AWP,WE,Combined TRACON& Tower with Radar,78,8,35,8,129,41,37,143,0,221,119,45,178,8,350,138,0,138,488
08/27/2000,TUS,AZ,AWP,WE,Combined TRACON& Tower with Radar,84,8,38,30,160,24,19,154,0,197,108,27,192,30,357,104,10,114,471
08/28/2000,TUS,AZ,AWP,WE,Combined TRACON& Tower with Radar,126,13,60,92,291,0,35,106,41,182,126,48,166,133,473,132,22,154,627
08/29/2000,TUS,AZ,AWP,WE,Combined TRACON& Tower with Radar,123,16,73,110,322,0,27,157,79,263,123,43,230,189,585,114,50,164,749
08/30/2000,TUS,AZ,AWP,WE,Combined TRACON& Tower with Radar,123,13,56,85,277,0,38,186,15,239,123,51,242,100,516,176,22,198,714
08/31/2000,TUS,AZ,AWP,WE,Combined TRACON& Tower with Radar,124,14,61,92,291,0,27,183,62,272,124,41,244,154,563,116,26,142,705
09/01/2000,TUS,AZ,AWP,WE,Combined TRACON& Tower with Radar,124,13,67,79,283,0,33,202,31,266,124,46,269,110,549,130,50,180,729
09/02/2000,TUS,AZ,AWP,WE,Combined TRACON& Tower with Radar,71,7,32,20,130,42,44,177,0,263,113,51,209,20,393,98,0,98,491
09/03/2000,TUS,AZ,AWP,WE,Combined TRACON& Tower with Radar,58,6,26,10,100,34,23,131,0,188,92,29,157,10,288,126,2,128,416
09/04/2000,TUS,AZ,AWP,WE,Combined TRACON& Tower with Radar,84,8,38,4,134,40,18,202,0,260,124,26,240,4,394,176,0,176,570
09/05/2000,TUS,AZ,AWP,WE,Combined TRACON& Tower with Radar,131,15,77,91,314,0,25,201,68,294,131,40,278,159,608,242,78,320,928
09/06/2000,TUS,AZ,AWP,WE,Combined TRACON& Tower with Radar,142,14,71,85,312,0,32,202,41,275,142,46,273,126,587,232,72,304,891
09/07/2000,TUS,AZ,AWP,WE,Combined TRACON& Tower with Radar,137,15,75,89,316,0,43,226,57,326,137,58,301,146,642,202,94,296,938
09/08/2000,TUS,AZ,AWP,WE,Combined TRACON& Tower with Radar,143,14,69,82,308,0,42,186,26,254,143,56,255,108,562,152,40,192,754
09/09/2000,TUS,AZ,AWP,WE,Combined TRACON& Tower with Radar,117,11,53,64,245,5,37,195,30,267,122,48,248,94,512,216,20,236,748
09/10/2000,TUS,AZ,AWP,WE,Combined TRACON& Tower with Radar,125,12,57,67,261,12,21,129,11,173,137,33,186,78,434,110,34,144,578
09/11/2000,TUS,AZ,AWP,WE,Combined TRACON& Tower with Radar,102,10,46,19,177,19,37,233,0,289,121,47,279,19,466,210,2,212,678
09/12/2000,TUS,AZ,AWP,WE,Combined TRACON& Tower with Radar,135,16,77,93,321,0,26,163,81,270,135,42,240,174,591,170,102,272,863
09/13/2000,TUS,AZ,AWP,WE,Combined TRACON& Tower with Radar,134,16,77,93,320,0,45,215,79,339,134,61,292,172,659,152,117,269,928
09/14/2000,TUS,AZ,AWP,WE,Combined TRACON& Tower with Radar,151,17,83,98,349,0,40,275,54,369,151,57,358,152,718,274,84,358,1076
09/15/2000,TUS,AZ,AWP,WE,Combined TRACON& Tower with Radar,133,13,73,84,303,0,37,228,33,298,133,50,301,117,601,230,66,296,897
09/16/2000,TUS,AZ,AWP,WE,Combined TRACON& Tower with Radar,86,7,40,12,145,39,25,164,0,228,125,32,204,12,373,150,2,152,525
09/17/2000,TUS,AZ,AWP,WE,Combined TRACON& Tower with Radar,99,8,45,6,158,29,14,203,0,246,128,22,248,6,404,100,8,108,512
09/18/2000,TUS,AZ,AWP,WE,Combined TRACON& Tower with Radar,123,11,58,66,258,0,31,209,19,259,123,42,267,85,517,174,44,218,735
09/19/2000,TUS,AZ,AWP,WE,Combined TRACON& Tower with Radar,119,12,65,75,271,0,35,151,53,239,119,47,216,128,510,196,110,306,816
09/20/2000,TUS,AZ,AWP,WE,Combined TRACON& Tower with Radar,145,15,81,95,336,0,43,271,45,359,145,58,352,140,695,286,106,392,1087
09/21/2000,TUS,AZ,AWP,WE,Combined TRACON& Tower with Radar,120,12,64,75,271,0,40,195,51,286,120,52,259,126,557,286,74,360,917
09/22/2000,TUS,AZ,AWP,WE,Combined TRACON& Tower with Radar,133,13,71,82,299,0,40,229,44,313,133,53,300,126,612,204,52,256,868
09/23/2000,TUS,AZ,AWP,WE,Combined TRACON& Tower with Radar,85,7,39,14,145,32,39,166,0,237,117,46,205,14,382,156,12,168,550
09/24/2000,TUS,AZ,AWP,WE,Combined TRACON& Tower with Radar,101,8,47,2,158,27,19,247,0,293,128,27,294,2,451,110,2,112,563
09/25/2000,TUS,AZ,AWP,WE,Combined TRACON& Tower with Radar,124,13,68,82,287,0,47,124,62,233,124,60,192,144,520,130,102,232,752
09/26/2000,TUS,AZ,AWP,WE,Combined TRACON& Tower with Radar,121,11,60,73,265,0,31,156,35,222,121,42,216,108,487,142,16,158,645
09/27/2000,TUS,AZ,AWP,WE,Combined TRACON& Tower with Radar,129,11,58,70,268,2,28,204,10,244,131,39,262,80,512,422,50,472,984
09/28/2000,TUS,AZ,AWP,WE,Combined TRACON& Tower with Radar,94,8,42,11,155,36,27,186,0,249,130,35,228,11,404,248,8,256,660
09/29/2000,TUS,AZ,AWP,WE,Combined TRACON& Tower with Radar,97,8,43,3,151,28,51,184,0,263,125,59,227,3,414,296,0,296,710
09/30/2000,TUS,AZ,AWP,WE,Combined TRACON& Tower with Radar,72,6,32,2,112,40,29,157,0,226,112,35,189,2,338,246,0,246,584
10/01/2000,TUS,AZ,AWP,WE,Combined TRACON& Tower with Radar,82,10,45,0,137,44,17,185,0,246,126,27,230,0,383,136,0,136,519
10/02/2000,TUS,AZ,AWP,WE,Combined TRACON& Tower with Radar,119,17,74,94,304,0,25,186,52,263,119,42,260,146,567,236,26,262,829
10/03/2000,TUS,AZ,AWP,WE,Combined TRACON& Tower with Radar,132,20,88,110,350,0,23,203,60,286,132,43,291,170,636,218,70,288,924
10/04/2000,TUS,AZ,AWP,WE,Combined TRACON& Tower with Radar,118,15,67,85,285,0,37,152,49,238,118,52,219,134,523,304,58,362,885
10/05/2000,TUS,AZ,AWP,WE,Combined TRACON& Tower with Radar,136,19,86,108,349,0,31,236,41,308,136,50,322,149,657,255,106,361,1018
10/06/2000,TUS,AZ,AWP,WE,Combined TRACON& Tower with Radar,131,16,71,90,308,1,39,188,22,250,132,55,259,112,558,256,66,322,880
10/07/2000,TUS,AZ,AWP,WE,Combined TRACON& Tower with Radar,78,10,42,1,131,60,27,201,0,288,138,37,243,1,419,130,0,130,549
10/08/2000,TUS,AZ,AWP,WE,Combined TRACON& Tower with Radar,76,10,41,24,151,36,7,57,0,100,112,17,98,24,251,14,4,18,269
10/09/2000,TUS,AZ,AWP,WE,Combined TRACON& Tower with Radar,84,10,45,7,146,41,33,112,0,186,125,43,157,7,332,118,0,118,450
10/10/2000,TUS,AZ,AWP,WE,Combined TRACON& Tower with Radar,91,11,50,44,196,31,43,105,0,179,122,54,155,44,375,144,0,144,519
10/11/2000,TUS,AZ,AWP,WE,Combined TRACON& Tower with Radar,126,18,79,65,288,0,5,69,0,74,126,23,148,65,362,4,2,6,368
10/12/2000,TUS,AZ,AWP,WE,Combined TRACON& Tower with Radar,128,19,83,105,335,0,24,171,30,225,128,43,254,135,560,174,12,186,746
10/13/2000,TUS,AZ,AWP,WE,Combined TRACON& Tower with Radar,125,17,74,94,310,0,31,220,34,285,125,48,294,128,595,214,40,254,849
10/14/2000,TUS,AZ,AWP,WE,Combined TRACON& Tower with Radar,113,14,61,76,264,17,16,153,0,186,130,30,214,76,450,184,24,208,658
10/15/2000,TUS,AZ,AWP,WE,Combined TRACON& Tower with Radar,121,15,66,82,284,8,25,210,0,243,129,40,276,82,527,148,4,152,679
10/16/2000,TUS,AZ,AWP,WE,Combined TRACON& Tower with Radar,97,11,53,39,200,17,19,181,0,217,114,30,234,39,417,154,12,166,583
10/17/2000,TUS,AZ,AWP,WE,Combined TRACON& Tower with Radar,143,17,82,101,343,0,25,201,33,259,143,42,283,134,602,240,44,284,886
10/18/2000,TUS,AZ,AWP,WE,Combined TRACON& Tower with Radar,131,19,89,111,350,0,11,217,65,293,131,30,306,176,643,202,78,280,923
10/19/2000,TUS,AZ,AWP,WE,Combined TRACON& Tower with Radar,116,13,63,78,270,0,24,108,2,134,116,37,171,80,404,190,2,192,596
10/20/2000,TUS,AZ,AWP,WE,Combined TRACON& Tower with Radar,131,17,79,98,325,0,35,205,19,259,131,52,284,117,584,254,38,292,876
10/21/2000,TUS,AZ,AWP,WE,Combined TRACON& Tower with Radar,81,9,45,1,136,39,41,86,0,166,120,50,131,1,302,98,0,98,400
10/22/2000,TUS,AZ,AWP,WE,Combined TRACON& Tower with Radar,86,10,47,0,143,29,7,44,0,80,115,17,91,0,223,22,0,22,245
10/23/2000,TUS,AZ,AWP,WE,Combined TRACON& Tower with Radar,132,19,90,110,351,0,14,123,32,169,132,33,213,142,520,166,84,250,770
10/24/2000,TUS,AZ,AWP,WE,Combined TRACON& Tower with Radar,133,20,93,115,361,0,10,211,95,316,133,30,304,210,677,174,108,282,959
10/25/2000,TUS,AZ,AWP,WE,Combined TRACON& Tower with Radar,128,18,86,105,337,0,20,189,66,275,128,38,275,171,612,222,54,276,888
10/26/2000,TUS,AZ,AWP,WE,Combined TRACON& Tower with Radar,129,20,93,114,356,0,20,175,105,300,129,40,268,219,656,218,70,288,944
10/27/2000,TUS,AZ,AWP,WE,Combined TRACON& Tower with Radar,136,16,74,91,317,8,23,102,13,146,144,39,176,104,463,212,10,222,685
10/28/2000,TUS,AZ,AWP,WE,Combined TRACON& Tower with Radar,85,9,45,2,141,34,29,194,0,257,119,38,239,2,398,176,0,176,574
10/29/2000,TUS,AZ,AWP,WE,Combined TRACON& Tower with Radar,69,8,36,1,114,47,13,170,0,230,116,21,206,1,344,186,4,190,534
10/30/2000,TUS,AZ,AWP,WE,Combined TRACON& Tower with Radar,119,17,82,103,321,0,14,109,74,197,119,31,191,177,518,138,48,186,704
10/31/2000,TUS,AZ,AWP,WE,Combined TRACON& Tower with Radar,149,22,105,131,407,0,20,221,71,312,149,42,326,202,719,238,96,334,1053
11/01/2000,TUS,AZ,AWP,WE,Combined TRACON& Tower with Radar,139,22,83,120,364,0,8,255,60,323,139,30,338,180,687,298,68,366,1053
11/02/2000,TUS,AZ,AWP,WE,Combined TRACON& Tower with Radar,128,22,85,121,356,0,18,201,40,259,128,40,286,161,615,252,24,276,891
11/03/2000,TUS,AZ,AWP,WE,Combined TRACON& Tower with Radar,125,16,61,89,291,11,14,181,42,248,136,30,242,131,539,134,18,152,691
11/04/2000,TUS,AZ,AWP,WE,Combined TRACON& Tower with Radar,78,11,38,3,130,45,14,69,0,128,123,25,107,3,258,72,0,72,330
11/05/2000,TUS,AZ,AWP,WE,Combined TRACON& Tower with Radar,72,10,35,1,118,40,17,101,0,158,112,27,136,1,276,170,0,170,446
11/06/2000,TUS,AZ,AWP,WE,Combined TRACON& Tower with Radar,123,18,66,96,303,0,21,77,38,136,123,39,143,134,439,134,36,170,609
11/07/2000,TUS,AZ,AWP,WE,Combined TRACON& Tower with Radar,123,19,70,101,313,0,24,86,38,148,123,43,156,139,461,94,26,120,581
11/08/2000,TUS,AZ,AWP,WE,Combined TRACON& Tower with Radar,128,22,81,116,347,0,33,194,52,279,128,55,275,168,626,226,102,328,954
11/09/2000,TUS,AZ,AWP,WE,Combined TRACON& Tower with Radar,130,19,73,105,327,0,29,192,41,262,130,48,265,146,589,236,40,276,865
11/10/2000,TUS,AZ,AWP,WE,Combined TRACON& Tower with Radar,92,12,46,2,152,42,41,125,0,208,134,53,171,2,360,52,0,52,412
11/11/2000,TUS,AZ,AWP,WE,Combined TRACON& Tower with Radar,93,12,46,25,176,39,17,163,0,219,132,29,209,25,395,222,2,224,619
11/12/2000,TUS,AZ,AWP,WE,Combined TRACON& Tower with Radar,92,12,45,2,151,44,17,197,0,258,136,29,242,2,409,206,0,206,615
11/13/2000,TUS,AZ,AWP,WE,Combined TRACON& Tower with Radar,122,19,71,101,313,0,28,147,42,217,122,47,218,143,530,202,75,277,807
11/14/2000,TUS,AZ,AWP,WE,Combined TRACON& Tower with Radar,127,20,77,110,334,0,9,136,49,194,127,29,213,159,528,234,100,334,862
11/15/2000,TUS,AZ,AWP,WE,Combined TRACON& Tower with Radar,129,22,82,117,350,0,9,209,61,279,129,31,291,178,629,156,76,232,861
11/16/2000,TUS,AZ,AWP,WE,Combined TRACON& Tower with Radar,125,21,77,110,333,0,24,232,45,301,125,45,309,155,634,172,50,222,856
11/17/2000,TUS,AZ,AWP,WE,Combined TRACON& Tower with Radar,121,16,64,91,292,0,25,176,21,222,121,41,240,112,514,146,56,202,716
11/18/2000,TUS,AZ,AWP,WE,Combined TRACON& Tower with Radar,102,12,52,71,237,15,11,202,0,228,117,23,254,71,465,254,4,258,723
11/19/2000,TUS,AZ,AWP,WE,Combined TRACON& Tower with Radar,87,11,43,49,190,27,12,161,0,200,114,23,204,49,390,104,2,106,496
11/20/2000,TUS,AZ,AWP,WE,Combined TRACON& Tower with Radar,129,18,73,103,323,0,24,143,88,255,129,42,216,191,578,182,136,318,896
11/21/2000,TUS,AZ,AWP,WE,Combined TRACON& Tower with Radar,128,19,78,108,333,0,25,137,65,227,128,44,215,173,560,218,86,304,864
11/22/2000,TUS,AZ,AWP,WE,Combined TRACON& Tower with Radar,121,15,61,85,282,0,35,132,19,186,121,50,193,104,468,86,48,134,602
11/23/2000,TUS,AZ,AWP,WE,Combined TRACON& Tower with Radar,57,7,28,0,92,33,28,43,0,104,90,35,71,0,196,60,0,60,256
11/24/2000,TUS,AZ,AWP,WE,Combined TRACON& Tower with Radar,70,8,35,3,116,39,34,161,0,234,109,42,196,3,350,126,0,126,476
11/25/2000,TUS,AZ,AWP,WE,Combined TRACON& Tower with Radar,70,8,35,0,113,41,17,164,0,222,111,25,199,0,335,151,0,151,486
11/26/2000,TUS,AZ,AWP,WE,Combined TRACON& Tower with Radar,82,10,41,0,133,44,18,196,0,258,126,28,237,0,391,132,0,132,523
11/27/2000,TUS,AZ,AWP,WE,Combined TRACON& Tower with Radar,104,17,67,95,283,0,27,138,40,205,104,44,205,135,488,174,86,260,748
11/28/2000,TUS,AZ,AWP,WE,Combined TRACON& Tower with Radar,125,17,69,98,309,0,28,177,44,249,125,45,246,142,558,324,56,380,938
11/29/2000,TUS,AZ,AWP,WE,Combined TRACON& Tower with Radar,142,19,77,108,346,0,23,190,38,251,142,42,267,146,597,388,90,478,1075
11/30/2000,TUS,AZ,AWP,WE,Combined TRACON& Tower with Radar,126,19,75,107,327,0,22,265,50,337,126,41,340,157,664,338,44,382,1046
12/01/2000,TUS,AZ,AWP,WE,Combined TRACON& Tower with Radar,115,20,104,67,306,8,40,178,56,282,123,60,282,123,588,184,18,202,790
12/02/2000,TUS,AZ,AWP,WE,Combined TRACON& Tower with Radar,125,8,51,2,186,0,0,0,0,0,125,8,51,2,186,118,4,122,308
12/03/2000,TUS,AZ,AWP,WE,Combined TRACON& Tower with Radar,113,7,47,2,169,0,0,0,0,0,113,7,47,2,169,182,0,182,351
12/04/2000,TUS,AZ,AWP,WE,Combined TRACON& Tower with Radar,113,20,76,124,333,0,0,0,20,20,113,20,76,144,353,199,82,281,634
12/05/2000,TUS,AZ,AWP,WE,Combined TRACON& Tower with Radar,136,17,76,127,356,0,0,0,0,0,136,17,76,127,356,244,68,312,668
12/06/2000,TUS,AZ,AWP,WE,Combined TRACON& Tower with Radar,121,16,59,98,294,0,0,0,0,0,121,16,59,98,294,232,38,270,564
12/07/2000,TUS,AZ,AWP,WE,Combined TRACON& Tower with Radar,134,17,82,101,334,0,0,0,0,0,134,17,82,101,334,178,56,234,568
12/08/2000,TUS,AZ,AWP,WE,Combined TRACON& Tower with Radar,122,8,45,102,277,0,0,0,0,0,122,8,45,102,277,128,39,167,444
12/09/2000,TUS,AZ,AWP,WE,Combined TRACON& Tower with Radar,126,9,45,87,267,0,0,0,0,0,126,9,45,87,267,114,84,198,465
12/10/2000,TUS,AZ,AWP,WE,Combined TRACON& Tower with Radar,127,15,57,6,205,0,0,0,0,0,127,15,57,6,205,110,0,110,315
12/11/2000,TUS,AZ,AWP,WE,Combined TRACON& Tower with Radar,116,15,50,36,217,0,0,0,0,0,116,15,50,36,217,178,26,204,421
12/12/2000,TUS,AZ,AWP,WE,Combined TRACON& Tower with Radar,126,22,114,74,336,6,11,59,67,143,132,33,173,141,479,80,82,162,641
12/13/2000,TUS,AZ,AWP,WE,Combined TRACON& Tower with Radar,121,21,110,71,323,0,11,176,73,260,121,32,286,144,583,192,86,278,861
12/14/2000,TUS,AZ,AWP,WE,Combined TRACON& Tower with Radar,121,22,115,75,333,0,18,125,75,218,121,40,240,150,551,124,86,210,761
12/15/2000,TUS,AZ,AWP,WE,Combined TRACON& Tower with Radar,99,17,89,58,263,6,31,123,11,171,105,48,212,69,434,200,36,236,670
12/16/2000,TUS,AZ,AWP,WE,Combined TRACON& Tower with Radar,67,11,61,1,140,55,28,168,0,251,122,39,229,1,391,138,0,138,529
12/17/2000,TUS,AZ,AWP,WE,Combined TRACON& Tower with Radar,59,9,51,8,127,46,16,106,0,168,105,25,157,8,295,56,2,58,353
12/18/2000,TUS,AZ,AWP,WE,Combined TRACON& Tower with Radar,115,19,102,67,303,3,9,105,47,164,118,28,207,114,467,168,80,248,715
12/19/2000,TUS,AZ,AWP,WE,Combined TRACON& Tower with Radar,132,22,117,77,348,7,15,102,72,196,139,37,219,149,544,180,106,286,830
12/20/2000,TUS,AZ,AWP,WE,Combined TRACON& Tower with Radar,131,22,117,77,347,0,12,150,82,244,131,34,267,159,591,294,104,398,989
12/21/2000,TUS,AZ,AWP,WE,Combined TRACON& Tower with Radar,87,14,77,52,230,32,25,147,63,267,119,39,224,115,497,106,34,140,637
12/22/2000,TUS,AZ,AWP,WE,Combined TRACON& Tower with Radar,101,16,90,59,266,37,20,108,17,182,138,36,198,76,448,156,26,182,630
12/23/2000,TUS,AZ,AWP,WE,Combined TRACON& Tower with Radar,68,11,60,0,139,72,21,144,0,237,140,32,204,0,376,124,0,124,500
12/24/2000,TUS,AZ,AWP,WE,Combined TRACON& Tower with Radar,45,7,40,0,92,60,10,97,0,167,105,17,137,0,259,64,0,64,323
12/25/2000,TUS,AZ,AWP,WE,Combined TRACON& Tower with Radar,49,8,43,0,100,58,16,4,0,78,107,24,47,0,178,8,0,8,186
12/26/2000,TUS,AZ,AWP,WE,Combined TRACON& Tower with Radar,89,14,79,53,235,13,27,140,13,193,102,41,219,66,428,138,4,142,570
12/27/2000,TUS,AZ,AWP,WE,Combined TRACON& Tower with Radar,100,16,89,58,263,30,11,83,39,163,130,27,172,97,426,98,20,118,544
12/28/2000,TUS,AZ,AWP,WE,Combined TRACON& Tower with Radar,108,18,97,63,286,22,31,125,44,222,130,49,222,107,508,208,46,254,762
12/29/2000,TUS,AZ,AWP,WE,Combined TRACON& Tower with Radar,110,18,99,64,291,28,13,138,32,211,138,31,237,96,502,186,4,190,692
12/30/2000,TUS,AZ,AWP,WE,Combined TRACON& Tower with Radar,68,11,60,8,147,52,28,145,0,225,120,39,205,8,372,174,0,174,546
12/31/2000,TUS,AZ,AWP,WE,Combined TRACON& Tower with Radar,54,8,48,0,110,47,23,95,0,165,101,31,143,0,275,66,0,66,341
01/01/2001,TUS,AZ,AWP,WE,Combined TRACON& Tower with Radar,73,11,39,0,123,34,24,103,0,161,107,35,142,0,284,30,0,30,314
01/02/2001,TUS,AZ,AWP,WE,Combined TRACON& Tower with Radar,110,16,59,66,251,10,253,135,10,408,120,269,194,76,659,214,18,232,891
01/03/2001,TUS,AZ,AWP,WE,Combined TRACON& Tower with Radar,131,19,70,79,299,1,18,117,36,172,132,37,187,115,471,142,90,232,703
01/04/2001,TUS,AZ,AWP,WE,Combined TRACON& Tower with Radar,130,19,74,83,306,0,20,167,45,232,130,39,241,128,538,210,54,264,802
01/05/2001,TUS,AZ,AWP,WE,Combined TRACON& Tower with Radar,120,17,66,75,278,0,42,173,23,238,120,59,239,98,516,216,84,300,816
01/06/2001,TUS,AZ,AWP,WE,Combined TRACON& Tower with Radar,107,15,58,64,244,12,32,136,0,180,119,47,194,64,424,162,54,216,640
01/07/2001,TUS,AZ,AWP,WE,Combined TRACON& Tower with Radar,97,14,52,50,213,31,17,180,0,228,128,31,232,50,441,80,36,116,557
01/08/2001,TUS,AZ,AWP,WE,Combined TRACON& Tower with Radar,106,15,57,21,199,30,30,161,0,221,136,45,218,21,420,116,18,134,554
01/09/2001,TUS,AZ,AWP,WE,Combined TRACON& Tower with Radar,144,24,91,100,359,0,14,119,0,133,144,38,210,100,492,104,70,174,666
01/10/2001,TUS,AZ,AWP,WE,Combined TRACON& Tower with Radar,142,24,94,105,365,0,38,205,31,274,142,62,299,136,639,228,48,276,915
01/11/2001,TUS,AZ,AWP,WE,Combined TRACON& Tower with Radar,128,22,83,94,327,0,31,163,50,244,128,53,246,144,571,208,88,296,867
01/12/2001,TUS,AZ,AWP,WE,Combined TRACON& Tower with Radar,140,20,75,57,292,4,19,79,0,102,144,39,154,57,394,36,26,62,456
01/13/2001,TUS,AZ,AWP,WE,Combined TRACON& Tower with Radar,87,13,47,10,157,37,27,168,0,232,124,40,215,10,389,240,4,244,633
01/14/2001,TUS,AZ,AWP,WE,Combined TRACON& Tower with Radar,77,11,41,0,129,36,27,183,0,246,113,38,224,0,375,114,0,114,489
01/15/2001,TUS,AZ,AWP,WE,Combined TRACON& Tower with Radar,80,11,43,0,134,34,27,189,0,250,114,38,232,0,384,186,0,186,570
01/16/2001,TUS,AZ,AWP,WE,Combined TRACON& Tower with Radar,122,17,71,77,287,0,16,28,2,46,122,33,99,79,333,54,36,90,423
01/17/2001,TUS,AZ,AWP,WE,Combined TRACON& Tower with Radar,120,21,85,94,320,0,28,100,36,164,120,49,185,130,484,182,10,192,676
01/18/2001,TUS,AZ,AWP,WE,Combined TRACON& Tower with Radar,121,16,66,72,275,9,23,215,28,275,130,39,281,100,550,262,64,326,876
01/19/2001,TUS,AZ,AWP,WE,Combined TRACON& Tower with Radar,126,19,75,82,302,0,35,210,44,289,126,54,285,126,591,176,48,224,815
01/20/2001,TUS,AZ,AWP,WE,Combined TRACON& Tower with Radar,96,13,52,18,179,30,28,186,0,244,126,41,238,18,423,248,18,266,689
01/21/2001,TUS,AZ,AWP,WE,Combined TRACON& Tower with Radar,85,11,46,8,150,28,37,148,0,213,113,48,194,8,363,128,6,134,497
01/22/2001,TUS,AZ,AWP,WE,Combined TRACON& Tower with Radar,112,19,77,85,293,0,28,125,55,208,112,47,202,140,501,122,80,202,703
01/23/2001,TUS,AZ,AWP,WE,Combined TRACON& Tower with Radar,125,19,77,85,306,0,23,203,45,271,125,42,280,130,577,396,80,476,1053
01/24/2001,TUS,AZ,AWP,WE,Combined TRACON& Tower with Radar,117,19,75,82,293,0,27,232,38,297,117,46,307,120,590,322,78,400,990
01/25/2001,TUS,AZ,AWP,WE,Combined TRACON& Tower with Radar,127,21,84,95,327,0,22,184,69,275,127,43,268,164,602,294,108,402,1004
01/26/2001,TUS,AZ,AWP,WE,Combined TRACON& Tower with Radar,130,20,81,91,322,0,18,175,20,213,130,38,256,111,535,276,64,340,875
01/27/2001,TUS,AZ,AWP,WE,Combined TRACON& Tower with Radar,75,10,40,1,126,40,33,20,0,93,115,43,60,1,219,60,0,60,279
01/28/2001,TUS,AZ,AWP,WE,Combined TRACON& Tower with Radar,77,10,40,1,128,30,17,56,0,103,107,27,96,1,231,32,0,32,263
01/29/2001,TUS,AZ,AWP,WE,Combined TRACON& Tower with Radar,126,21,83,93,323,0,10,204,50,264,126,31,287,143,587,262,64,326,913
01/30/2001,TUS,AZ,AWP,WE,Combined TRACON& Tower with Radar,129,21,84,95,329,0,8,209,49,266,129,29,293,144,595,232,102,334,929
01/31/2001,TUS,AZ,AWP,WE,Combined TRACON& Tower with Radar,130,22,87,98,337,0,33,230,53,316,130,55,317,151,653,345,64,409,1062
02/01/2001,TUS,AZ,AWP,WE,Combined TRACON& Tower with Radar,126,20,88,104,338,0,25,194,51,270,126,45,282,155,608,264,44,308,916
02/02/2001,TUS,AZ,AWP,WE,Combined TRACON& Tower with Radar,132,16,72,86,306,0,31,144,37,212,132,47,216,123,518,232,38,270,788
02/03/2001,TUS,AZ,AWP,WE,Combined TRACON& Tower with Radar,115,14,62,68,259,8,24,274,0,306,123,38,336,68,565,232,16,248,813
02/04/2001,TUS,AZ,AWP,WE,Combined TRACON& Tower with Radar,99,12,54,57,222,23,20,159,0,202,122,32,213,57,424,156,20,176,600
02/05/2001,TUS,AZ,AWP,WE,Combined TRACON& Tower with Radar,82,10,45,15,152,39,27,202,0,268,121,37,247,15,420,186,36,222,642
02/06/2001,TUS,AZ,AWP,WE,Combined TRACON& Tower with Radar,136,19,85,100,340,0,19,179,55,253,136,38,264,155,593,160,86,246,839
02/07/2001,TUS,AZ,AWP,WE,Combined TRACON& Tower with Radar,131,16,71,84,302,14,25,102,67,208,145,41,173,151,510,68,54,122,632
02/08/2001,TUS,AZ,AWP,WE,Combined TRACON& Tower with Radar,109,13,59,55,236,16,21,54,0,91,125,34,113,55,327,68,14,82,409
02/09/2001,TUS,AZ,AWP,WE,Combined TRACON& Tower with Radar,129,17,76,91,313,0,29,239,26,294,129,46,315,117,607,268,26,294,901
02/10/2001,TUS,AZ,AWP,WE,Combined TRACON& Tower with Radar,95,12,51,12,170,25,31,243,0,299,120,43,294,12,469,188,16,204,673
02/11/2001,TUS,AZ,AWP,WE,Combined TRACON& Tower with Radar,67,8,36,4,115,55,27,208,0,290,122,35,244,4,405,222,12,234,639
02/12/2001,TUS,AZ,AWP,WE,Combined TRACON& Tower with Radar,138,19,85,100,342,0,9,164,85,258,138,28,249,185,600,244,118,362,962
02/13/2001,TUS,AZ,AWP,WE,Combined TRACON& Tower with Radar,128,15,72,84,299,0,11,87,23,121,128,26,159,107,420,66,26,92,512
02/14/2001,TUS,AZ,AWP,WE,Combined TRACON& Tower with Radar,107,16,77,90,290,0,16,111,41,168,107,32,188,131,458,164,78,242,700
02/15/2001,TUS,AZ,AWP,WE,Combined TRACON& Tower with Radar,114,16,79,91,300,0,40,122,84,246,114,56,201,175,546,244,48,292,838
02/16/2001,TUS,AZ,AWP,WE,Combined TRACON& Tower with Radar,128,15,74,85,302,0,27,209,29,265,128,42,283,114,567,274,14,288,855
02/17/2001,TUS,AZ,AWP,WE,Combined TRACON& Tower with Radar,89,10,48,5,152,32,36,220,0,288,121,46,268,5,440,266,0,266,706
02/18/2001,TUS,AZ,AWP,WE,Combined TRACON& Tower with Radar,92,10,50,11,163,26,34,228,0,288,118,44,278,11,451,306,0,306,757
02/19/2001,TUS,AZ,AWP,WE,Combined TRACON& Tower with Radar,96,11,53,0,160,27,41,274,0,342,123,52,327,0,502,218,0,218,720
02/20/2001,TUS,AZ,AWP,WE,Combined TRACON& Tower with Radar,140,19,90,105,354,0,6,293,51,350,140,25,383,156,704,458,92,550,1254
02/21/2001,TUS,AZ,AWP,WE,Combined TRACON& Tower with Radar,108,17,80,92,297,0,4,209,57,270,108,21,289,149,567,272,66,338,905
02/22/2001,TUS,AZ,AWP,WE,Combined TRACON& Tower with Radar,121,18,85,99,323,0,29,225,62,316,121,47,310,161,639,298,48,346,985
02/23/2001,TUS,AZ,AWP,WE,Combined TRACON& Tower with Radar,121,14,66,76,277,5,14,129,15,163,126,28,195,91,440,120,58,178,618
02/24/2001,TUS,AZ,AWP,WE,Combined TRACON& Tower with Radar,87,10,47,6,150,38,50,178,0,266,125,60,225,6,416,122,0,122,538
02/25/2001,TUS,AZ,AWP,WE,Combined TRACON& Tower with Radar,105,12,56,1,174,31,25,159,0,215,136,37,215,1,389,50,0,50,439
02/26/2001,TUS,AZ,AWP,WE,Combined TRACON& Tower with Radar,117,16,76,90,299,0,29,165,52,246,117,45,241,142,545,295,68,363,908
02/27/2001,TUS,AZ,AWP,WE,Combined TRACON& Tower with Radar,139,17,80,95,331,0,23,178,33,234,139,40,258,128,565,234,36,270,835
02/28/2001,TUS,AZ,AWP,WE,Combined TRACON& Tower with Radar,126,19,88,104,337,0,20,139,48,207,126,39,227,152,544,280,64,344,888
03/01/2001,TUS,AZ,AWP,WE,Combined TRACON& Tower with Radar,119,14,76,99,308,0,25,196,38,259,119,39,272,137,567,296,118,414,981
03/02/2001,TUS,AZ,AWP,WE,Combined TRACON& Tower with Radar,135,15,83,108,341,0,19,203,86,308,135,34,286,194,649,142,106,248,897
03/03/2001,TUS,AZ,AWP,WE,Combined TRACON& Tower with Radar,113,12,61,80,266,0,19,170,15,204,113,31,231,95,470,272,40,312,782
03/04/2001,TUS,AZ,AWP,WE,Combined TRACON& Tower with Radar,102,10,54,55,221,30,32,177,0,239,132,42,231,55,460,138,34,172,632
03/05/2001,TUS,AZ,AWP,WE,Combined TRACON& Tower with Radar,95,10,50,23,178,33,29,182,0,244,128,39,232,23,422,182,0,182,604
03/06/2001,TUS,AZ,AWP,WE,Combined TRACON& Tower with Radar,153,16,85,110,364,0,27,192,27,246,153,43,277,137,610,370,80,450,1060
03/07/2001,TUS,AZ,AWP,WE,Combined TRACON& Tower with Radar,108,11,57,29,205,23,24,44,0,91,131,35,101,29,296,56,2,58,354
03/08/2001,TUS,AZ,AWP,WE,Combined TRACON& Tower with Radar,126,16,88,114,344,0,34,227,43,304,126,50,315,157,648,454,54,508,1156
03/09/2001,TUS,AZ,AWP,WE,Combined TRACON& Tower with Radar,133,14,74,95,316,0,22,220,14,256,133,36,294,109,572,268,58,326,898
03/10/2001,TUS,AZ,AWP,WE,Combined TRACON& Tower with Radar,65,7,34,0,106,55,20,76,0,151,120,27,110,0,257,42,0,42,299
03/11/2001,TUS,AZ,AWP,WE,Combined TRACON& Tower with Radar,80,8,42,1,131,30,30,123,0,183,110,38,165,1,314,150,0,150,464
03/12/2001,TUS,AZ,AWP,WE,Combined TRACON& Tower with Radar,127,16,83,108,334,0,16,188,74,278,127,32,271,182,612,276,114,390,1002
03/13/2001,TUS,AZ,AWP,WE,Combined TRACON& Tower with Radar,142,17,92,118,369,0,18,219,65,302,142,35,311,183,671,296,86,382,1053
03/14/2001,TUS,AZ,AWP,WE,Combined TRACON& Tower with Radar,146,17,93,121,377,0,22,222,45,289,146,39,315,166,666,236,72,308,974
03/15/2001,TUS,AZ,AWP,WE,Combined TRACON& Tower with Radar,149,16,84,110,359,0,29,224,72,325,149,45,308,182,684,284,58,342,1026
03/16/2001,TUS,AZ,AWP,WE,Combined TRACON& Tower with Radar,129,14,81,103,327,0,17,237,51,305,129,31,318,154,632,192,60,252,884
03/17/2001,TUS,AZ,AWP,WE,Combined TRACON& Tower with Radar,88,8,47,14,157,42,35,196,0,273,130,43,243,14,430,182,4,186,616
03/18/2001,TUS,AZ,AWP,WE,Combined TRACON& Tower with Radar,90,8,48,7,153,37,23,206,0,266,127,31,254,7,419,236,0,236,655
03/19/2001,TUS,AZ,AWP,WE,Combined TRACON& Tower with Radar,135,14,80,102,331,0,18,207,61,286,135,32,287,163,617,210,140,350,967
03/20/2001,TUS,AZ,AWP,WE,Combined TRACON& Tower with Radar,152,17,97,124,390,0,8,333,64,405,152,25,430,188,795,454,92,546,1341
03/21/2001,TUS,AZ,AWP,WE,Combined TRACON& Tower with Radar,125,13,76,97,311,0,7,221,62,290,125,20,297,159,601,238,38,276,877
03/22/2001,TUS,AZ,AWP,WE,Combined TRACON& Tower with Radar,130,12,73,92,307,0,14,202,45,261,130,26,275,137,568,292,40,332,900
03/23/2001,TUS,AZ,AWP,WE,Combined TRACON& Tower with Radar,117,12,70,88,287,0,12,209,29,250,117,24,279,117,537,246,50,296,833
03/24/2001,TUS,AZ,AWP,WE,Combined TRACON& Tower with Radar,88,8,47,4,147,43,18,306,0,367,131,26,353,4,514,316,4,320,834
03/25/2001,TUS,AZ,AWP,WE,Combined TRACON& Tower with Radar,92,8,49,2,151,39,28,234,0,301,131,36,283,2,452,186,0,186,638
03/26/2001,TUS,AZ,AWP,WE,Combined TRACON& Tower with Radar,112,11,66,83,272,0,47,196,62,305,112,58,262,145,577,186,136,322,899
03/27/2001,TUS,AZ,AWP,WE,Combined TRACON& Tower with Radar,146,14,84,105,349,0,58,239,44,341,146,72,323,149,690,322,70,392,1082
03/28/2001,TUS,AZ,AWP,WE,Combined TRACON& Tower with Radar,140,15,89,114,358,0,21,246,44,311,140,36,335,158,669,246,86,332,1001
03/29/2001,TUS,AZ,AWP,WE,Combined TRACON& Tower with Radar,143,14,80,104,341,0,35,183,25,243,143,49,263,129,584,354,70,424,1008
03/30/2001,TUS,AZ,AWP,WE,Combined TRACON& Tower with Radar,138,13,72,94,317,6,27,262,7,302,144,40,334,101,619,292,40,332,951
03/31/2001,TUS,AZ,AWP,WE,Combined TRACON& Tower with Radar,86,8,45,14,153,42,11,266,0,319,128,19,311,14,472,228,2,230,702
04/01/2001,TUS,AZ,AWP,WE,Combined TRACON& Tower with Radar,83,9,42,0,134,32,20,245,0,297,115,29,287,0,431,130,0,130,561
04/02/2001,TUS,AZ,AWP,WE,Combined TRACON& Tower with Radar,137,16,72,74,299,0,30,137,57,224,137,46,209,131,523,184,54,238,761
04/03/2001,TUS,AZ,AWP,WE,Combined TRACON& Tower with Radar,153,18,81,83,335,0,28,157,54,239,153,46,238,137,574,234,80,314,888
04/04/2001,TUS,AZ,AWP,WE,Combined TRACON& Tower with Radar,136,17,79,81,313,0,18,174,34,226,136,35,253,115,539,190,32,222,761
04/05/2001,TUS,AZ,AWP,WE,Combined TRACON& Tower with Radar,133,17,75,78,303,0,26,138,35,199,133,43,213,113,502,170,40,210,712
04/06/2001,TUS,AZ,AWP,WE,Combined TRACON& Tower with Radar,153,18,82,85,338,0,29,98,13,140,153,47,180,98,478,132,20,152,630
04/07/2001,TUS,AZ,AWP,WE,Combined TRACON& Tower with Radar,128,15,66,68,277,0,6,197,25,228,128,21,263,93,505,168,24,192,697
04/08/2001,TUS,AZ,AWP,WE,Combined TRACON& Tower with Radar,108,12,54,51,225,6,14,185,0,205,114,26,239,51,430,170,28,198,628
04/09/2001,TUS,AZ,AWP,WE,Combined TRACON& Tower with Radar,106,12,53,8,179,19,34,204,0,257,125,46,257,8,436,107,6,113,549
04/10/2001,TUS,AZ,AWP,WE,Combined TRACON& Tower with Radar,110,12,55,57,234,21,10,67,42,140,131,22,122,99,374,44,32,76,450
04/11/2001,TUS,AZ,AWP,WE,Combined TRACON& Tower with Radar,134,17,79,81,311,0,19,302,10,331,134,36,381,91,642,306,76,382,1024
04/12/2001,TUS,AZ,AWP,WE,Combined TRACON& Tower with Radar,134,17,78,80,309,0,11,231,33,275,134,28,309,113,584,326,68,394,978
04/13/2001,TUS,AZ,AWP,WE,Combined TRACON& Tower with Radar,137,18,80,81,316,0,26,263,28,317,137,44,343,109,633,302,48,350,983
04/14/2001,TUS,AZ,AWP,WE,Combined TRACON& Tower with Radar,80,9,40,9,138,35,34,225,0,294,115,43,265,9,432,344,0,344,776
04/15/2001,TUS,AZ,AWP,WE,Combined TRACON& Tower with Radar,80,9,40,25,154,40,25,165,0,230,120,34,205,25,384,86,0,86,470
04/16/2001,TUS,AZ,AWP,WE,Combined TRACON& Tower with Radar,123,17,76,77,293,0,19,176,60,255,123,36,252,137,548,348,156,504,1052
04/17/2001,TUS,AZ,AWP,WE,Combined TRACON& Tower with Radar,116,14,63,65,258,0,21,239,28,288,116,35,302,93,546,400,70,470,1016
04/18/2001,TUS,AZ,AWP,WE,Combined TRACON& Tower with Radar,123,17,82,83,305,0,11,270,50,331,123,28,352,133,636,334,106,440,1076
04/19/2001,TUS,AZ,AWP,WE,Combined TRACON& Tower with Radar,118,16,78,78,290,0,31,162,68,261,118,47,240,146,551,238,78,316,867
04/20/2001,TUS,AZ,AWP,WE,Combined TRACON& Tower with Radar,126,13,64,62,265,9,30,188,0,227,135,43,252,62,492,84,24,108,600
04/21/2001,TUS,AZ,AWP,WE,Combined TRACON& Tower with Radar,82,8,43,3,136,37,11,109,0,157,119,19,152,3,293,46,0,46,339
04/22/2001,TUS,AZ,AWP,WE,Combined TRACON& Tower with Radar,100,10,51,2,163,21,21,227,0,269,121,31,278,2,432,122,0,122,554
04/23/2001,TUS,AZ,AWP,WE,Combined TRACON& Tower with Radar,135,15,72,73,295,0,16,219,53,288,135,31,291,126,583,290,70,360,943
04/24/2001,TUS,AZ,AWP,WE,Combined TRACON& Tower with Radar,137,14,69,69,289,3,13,234,40,290,140,27,303,109,579,230,88,318,897
04/25/2001,TUS,AZ,AWP,WE,Combined TRACON& Tower with Radar,135,15,74,74,298,0,23,176,33,232,135,38,250,107,530,248,46,294,824
04/26/2001,TUS,AZ,AWP,WE,Combined TRACON& Tower with Radar,128,15,73,73,289,0,13,218,21,252,128,28,291,94,541,430,28,458,999
04/27/2001,TUS,AZ,AWP,WE,Combined TRACON& Tower with Radar,104,11,53,52,220,0,28,158,12,198,104,39,211,64,418,406,26,432,850
04/28/2001,TUS,AZ,AWP,WE,Combined TRACON& Tower with Radar,86,9,43,15,153,32,18,214,0,264,118,27,257,15,417,204,20,224,641
04/29/2001,TUS,AZ,AWP,WE,Combined TRACON& Tower with Radar,79,8,40,3,130,36,14,206,0,256,115,22,246,3,386,100,0,100,486
04/30/2001,TUS,AZ,AWP,WE,Combined TRACON& Tower with Radar,125,14,70,72,281,0,38,195,39,272,125,52,265,111,553,358,60,418,971
05/01/2001,TUS,AZ,AWP,WE,Combined TRACON& Tower with Radar,133,19,78,83,313,0,16,234,58,308,133,35,312,141,621,422,40,462,1083
05/02/2001,TUS,AZ,AWP,WE,Combined TRACON& Tower with Radar,125,16,63,67,271,0,7,183,53,243,125,23,246,120,514,102,40,142,656
05/03/2001,TUS,AZ,AWP,WE,Combined TRACON& Tower with Radar,131,16,65,70,282,0,21,143,15,179,131,37,208,85,461,248,30,278,739
05/04/2001,TUS,AZ,AWP,WE,Combined TRACON& Tower with Radar,132,17,71,75,295,0,23,165,43,231,132,40,236,118,526,192,40,232,758
05/05/2001,TUS,AZ,AWP,WE,Combined TRACON& Tower with Radar,114,14,54,58,240,1,22,284,22,329,115,36,338,80,569,168,14,182,751
05/06/2001,TUS,AZ,AWP,WE,Combined TRACON& Tower with Radar,109,13,51,44,217,2,6,205,0,213,111,19,256,44,430,262,14,276,706
05/07/2001,TUS,AZ,AWP,WE,Combined TRACON& Tower with Radar,106,13,50,26,195,5,80,193,0,278,111,93,243,26,473,344,4,348,821
05/08/2001,TUS,AZ,AWP,WE,Combined TRACON& Tower with Radar,146,18,73,79,316,0,29,260,38,327,146,47,333,117,643,380,52,432,1075
05/09/2001,TUS,AZ,AWP,WE,Combined TRACON& Tower with Radar,134,18,73,78,303,0,16,176,37,229,134,34,249,115,532,160,28,188,720
05/10/2001,TUS,AZ,AWP,WE,Combined TRACON& Tower with Radar,125,17,70,75,287,0,29,223,29,281,125,46,293,104,568,286,52,338,906
05/11/2001,TUS,AZ,AWP,WE,Combined TRACON& Tower with Radar,119,16,66,71,272,0,44,228,33,305,119,60,294,104,577,186,30,216,793
05/12/2001,TUS,AZ,AWP,WE,Combined TRACON& Tower with Radar,98,12,46,3,159,46,5,162,0,213,144,17,208,3,372,120,0,120,492
05/13/2001,TUS,AZ,AWP,WE,Combined TRACON& Tower with Radar,86,10,41,16,153,36,16,185,0,237,122,26,226,16,390,66,0,66,456
05/14/2001,TUS,AZ,AWP,WE,Combined TRACON& Tower with Radar,125,15,59,64,263,4,29,163,34,230,129,44,222,98,493,198,102,300,793
05/15/2001,TUS,AZ,AWP,WE,Combined TRACON& Tower with Radar,130,15,62,66,273,2,19,209,64,294,132,34,271,130,567,272,100,372,939
05/16/2001,TUS,AZ,AWP,WE,Combined TRACON& Tower with Radar,124,17,70,74,285,0,19,209,38,266,124,36,279,112,551,228,30,258,809
05/17/2001,TUS,AZ,AWP,WE,Combined TRACON& Tower with Radar,139,17,68,72,296,0,24,178,22,224,139,41,246,94,520,194,26,220,740
05/18/2001,TUS,AZ,AWP,WE,Combined TRACON& Tower with Radar,125,16,64,67,272,0,38,230,18,286,125,54,294,85,558,316,60,376,934
05/19/2001,TUS,AZ,AWP,WE,Combined TRACON& Tower with Radar,78,8,37,10,133,42,6,182,0,230,120,14,219,10,363,164,0,164,527
05/20/2001,TUS,AZ,AWP,WE,Combined TRACON& Tower with Radar,87,9,42,38,176,27,24,205,0,256,114,33,247,38,432,94,0,94,526
05/21/2001,TUS,AZ,AWP,WE,Combined TRACON& Tower with Radar,129,16,70,73,288,0,31,183,36,250,129,47,253,109,538,290,72,362,900
05/22/2001,TUS,AZ,AWP,WE,Combined TRACON& Tower with Radar,131,14,63,65,273,0,15,197,47,259,131,29,260,112,532,336,38,374,906
05/23/2001,TUS,AZ,AWP,WE,Combined TRACON& Tower with Radar,131,17,73,77,298,0,13,224,22,259,131,30,297,99,557,268,26,294,851
05/24/2001,TUS,AZ,AWP,WE,Combined TRACON& Tower with Radar,138,16,69,73,296,0,28,217,47,292,138,44,286,120,588,270,76,346,934
05/25/2001,TUS,AZ,AWP,WE,Combined TRACON& Tower with Radar,134,15,65,70,284,0,35,217,14,266,134,50,282,84,550,208,66,274,824
05/26/2001,TUS,AZ,AWP,WE,Combined TRACON& Tower with Radar,79,8,37,0,124,23,15,192,0,230,102,23,229,0,354,150,0,150,504
05/27/2001,TUS,AZ,AWP,WE,Combined TRACON& Tower with Radar,66,7,30,0,103,35,15,143,0,193,101,22,173,0,296,178,0,178,474
05/28/2001,TUS,AZ,AWP,WE,Combined TRACON& Tower with Radar,87,9,41,12,149,38,21,145,0,204,125,30,186,12,353,136,0,136,489
05/29/2001,TUS,AZ,AWP,WE,Combined TRACON& Tower with Radar,128,14,62,66,270,0,44,269,36,349,128,58,331,102,619,382,60,442,1061
05/30/2001,TUS,AZ,AWP,WE,Combined TRACON& Tower with Radar,132,14,62,66,274,2,24,175,29,230,134,38,237,95,504,210,40,250,754
05/31/2001,TUS,AZ,AWP,WE,Combined TRACON& Tower with Radar,128,17,72,77,294,0,18,225,38,281,128,35,297,115,575,264,58,322,897
06/01/2001,TUS,AZ,AWP,WE,Combined TRACON& Tower with Radar,121,18,56,63,258,0,41,188,18,247,121,59,244,81,505,162,38,200,705
06/02/2001,TUS,AZ,AWP,WE,Combined TRACON& Tower with Radar,107,14,42,49,212,8,17,134,40,199,115,31,176,89,411,196,10,206,617
06/03/2001,TUS,AZ,AWP,WE,Combined TRACON& Tower with Radar,107,14,42,48,211,15,13,111,0,139,122,27,153,48,350,108,20,128,478
06/04/2001,TUS,AZ,AWP,WE,Combined TRACON& Tower with Radar,94,12,37,5,148,27,35,205,0,267,121,47,242,5,415,282,4,286,701
06/05/2001,TUS,AZ,AWP,WE,Combined TRACON& Tower with Radar,121,17,52,59,249,0,30,209,17,256,121,47,261,76,505,282,28,310,815
06/06/2001,TUS,AZ,AWP,WE,Combined TRACON& Tower with Radar,144,21,65,74,304,0,9,229,36,274,144,30,294,110,578,260,60,320,898
06/07/2001,TUS,AZ,AWP,WE,Combined TRACON& Tower with Radar,120,16,51,57,244,0,19,212,4,235,120,35,263,61,479,414,14,428,907
06/08/2001,TUS,AZ,AWP,WE,Combined TRACON& Tower with Radar,127,17,53,61,258,0,20,203,11,234,127,37,256,72,492,292,28,320,812
06/09/2001,TUS,AZ,AWP,WE,Combined TRACON& Tower with Radar,86,11,35,5,137,26,23,218,0,267,112,34,253,5,404,102,0,102,506
06/10/2001,TUS,AZ,AWP,WE,Combined TRACON& Tower with Radar,88,11,35,2,136,36,16,172,0,224,124,27,207,2,360,108,0,108,468
06/11/2001,TUS,AZ,AWP,WE,Combined TRACON& Tower with Radar,114,16,49,55,234,0,30,170,24,224,114,46,219,79,458,266,54,320,778
06/12/2001,TUS,AZ,AWP,WE,Combined TRACON& Tower with Radar,149,21,67,75,312,0,27,214,31,272,149,48,281,106,584,184,62,246,830
06/13/2001,TUS,AZ,AWP,WE,Combined TRACON& Tower with Radar,125,18,56,63,262,0,14,186,35,235,125,32,242,98,497,142,38,180,677
06/14/2001,TUS,AZ,AWP,WE,Combined TRACON& Tower with Radar,127,17,58,65,267,0,26,225,53,304,127,43,283,118,571,248,34,282,853
06/15/2001,TUS,AZ,AWP,WE,Combined TRACON& Tower with Radar,128,18,60,67,273,0,41,211,24,276,128,59,271,91,549,308,32,340,889
06/16/2001,TUS,AZ,AWP,WE,Combined TRACON& Tower with Radar,109,13,44,9,175,36,12,249,0,297,145,25,293,9,472,324,4,328,800
06/17/2001,TUS,AZ,AWP,WE,Combined TRACON& Tower with Radar,91,11,37,17,156,29,2,174,0,205,120,13,211,17,361,156,0,156,517
06/18/2001,TUS,AZ,AWP,WE,Combined TRACON& Tower with Radar,121,15,51,56,243,0,32,172,50,254,121,47,223,106,497,292,64,356,853
06/19/2001,TUS,AZ,AWP,WE,Combined TRACON& Tower with Radar,120,15,50,55,240,0,19,173,55,247,120,34,223,110,487,240,46,286,773
06/20/2001,TUS,AZ,AWP,WE,Combined TRACON& Tower with Radar,124,15,52,56,247,0,13,186,34,233,124,28,238,90,480,256,20,276,756
06/21/2001,TUS,AZ,AWP,WE,Combined TRACON& Tower with Radar,123,18,60,66,267,0,16,179,43,238,123,34,239,109,505,320,84,404,909
06/22/2001,TUS,AZ,AWP,WE,Combined TRACON& Tower with Radar,128,17,58,63,266,0,30,170,56,256,128,47,228,119,522,256,44,300,822
06/23/2001,TUS,AZ,AWP,WE,Combined TRACON& Tower with Radar,80,9,32,5,126,37,24,161,0,222,117,33,193,5,348,184,4,188,536
06/24/2001,TUS,AZ,AWP,WE,Combined TRACON& Tower with Radar,82,10,33,3,128,30,21,142,0,193,112,31,175,3,321,96,0,96,417
06/25/2001,TUS,AZ,AWP,WE,Combined TRACON& Tower with Radar,124,15,50,57,246,0,33,101,27,161,124,48,151,84,407,146,24,170,577
06/26/2001,TUS,AZ,AWP,WE,Combined TRACON& Tower with Radar,127,18,59,66,270,0,11,197,46,254,127,29,256,112,524,232,54,286,810
06/27/2001,TUS,AZ,AWP,WE,Combined TRACON& Tower with Radar,139,19,62,71,291,0,12,213,19,244,139,31,275,90,535,252,26,278,813
06/28/2001,TUS,AZ,AWP,WE,Combined TRACON& Tower with Radar,134,20,65,73,292,0,10,199,38,247,134,30,264,111,539,318,42,360,899
06/29/2001,TUS,AZ,AWP,WE,Combined TRACON& Tower with Radar,130,16,52,60,258,0,33,190,30,253,130,49,242,90,511,256,40,296,807
06/30/2001,TUS,AZ,AWP,WE,Combined TRACON& Tower with Radar,96,11,38,18,163,31,10,185,0,226,127,21,223,18,389,264,0,264,653
07/01/2001,TUS,AZ,AWP,WE,Combined TRACON& Tower with Radar,76,11,30,0,117,38,15,151,0,204,114,26,181,0,321,194,0,194,515
07/02/2001,TUS,AZ,AWP,WE,Combined TRACON& Tower with Radar,118,18,49,49,234,0,27,130,35,192,118,45,179,84,426,152,36,188,614
07/03/2001,TUS,AZ,AWP,WE,Combined TRACON& Tower with Radar,120,20,55,53,248,0,10,144,44,198,120,30,199,97,446,276,38,314,760
07/04/2001,TUS,AZ,AWP,WE,Combined TRACON& Tower with Radar,85,13,33,15,146,25,7,97,0,129,110,20,130,15,275,80,0,80,355
07/05/2001,TUS,AZ,AWP,WE,Combined TRACON& Tower with Radar,115,17,46,40,218,4,38,155,0,197,119,55,201,40,415,170,38,208,623
07/06/2001,TUS,AZ,AWP,WE,Combined TRACON& Tower with Radar,126,22,61,61,270,0,19,232,39,290,126,41,293,100,560,386,54,440,1000
07/07/2001,TUS,AZ,AWP,WE,Combined TRACON& Tower with Radar,93,14,36,27,170,27,10,154,0,191,120,24,190,27,361,166,20,186,547
07/08/2001,TUS,AZ,AWP,WE,Combined TRACON& Tower with Radar,104,15,41,36,196,15,18,119,0,152,119,33,160,36,348,250,18,268,616
07/09/2001,TUS,AZ,AWP,WE,Combined TRACON& Tower with Radar,105,15,42,14,176,23,31,188,0,242,128,46,230,14,418,252,0,252,670
07/10/2001,TUS,AZ,AWP,WE,Combined TRACON& Tower with Radar,134,21,58,57,270,0,10,175,25,210,134,31,233,82,480,258,50,308,788
07/11/2001,TUS,AZ,AWP,WE,Combined TRACON& Tower with Radar,141,24,64,64,293,0,25,246,59,330,141,49,310,123,623,314,70,384,1007
07/12/2001,TUS,AZ,AWP,WE,Combined TRACON& Tower with Radar,123,20,56,55,254,0,23,182,35,240,123,43,238,90,494,254,30,284,778
07/13/2001,TUS,AZ,AWP,WE,Combined TRACON& Tower with Radar,137,21,56,56,270,0,22,156,21,199,137,43,212,77,469,212,34,246,715
07/14/2001,TUS,AZ,AWP,WE,Combined TRACON& Tower with Radar,78,10,31,0,119,43,19,133,0,195,121,29,164,0,314,108,0,108,422
07/15/2001,TUS,AZ,AWP,WE,Combined TRACON& Tower with Radar,88,12,35,2,137,23,24,144,0,191,111,36,179,2,328,136,0,136,464
07/16/2001,TUS,AZ,AWP,WE,Combined TRACON& Tower with Radar,118,18,50,50,236,0,21,114,52,187,118,39,164,102,423,196,20,216,639
07/17/2001,TUS,AZ,AWP,WE,Combined TRACON& Tower with Radar,157,22,61,62,302,3,19,164,17,203,160,41,225,79,505,316,42,358,863
07/18/2001,TUS,AZ,AWP,WE,Combined TRACON& Tower with Radar,130,19,53,55,257,0,3,183,23,209,130,22,236,78,466,146,56,202,668
07/19/2001,TUS,AZ,AWP,WE,Combined TRACON& Tower with Radar,123,20,57,58,258,0,27,188,52,267,123,47,245,110,525,230,84,314,839
07/20/2001,TUS,AZ,AWP,WE,Combined TRACON& Tower with Radar,126,19,53,54,252,0,23,171,58,252,126,42,224,112,504,160,50,210,714
07/21/2001,TUS,AZ,AWP,WE,Combined TRACON& Tower with Radar,92,12,35,0,139,23,26,213,0,262,115,38,248,0,401,254,0,254,655
07/22/2001,TUS,AZ,AWP,WE,Combined TRACON& Tower with Radar,93,13,35,8,149,25,7,145,0,177,118,20,180,8,326,74,0,74,400
07/23/2001,TUS,AZ,AWP,WE,Combined TRACON& Tower with Radar,116,17,47,47,227,0,24,172,22,218,116,41,219,69,445,224,24,248,693
07/24/2001,TUS,AZ,AWP,WE,Combined TRACON& Tower with Radar,142,22,62,62,288,0,13,151,38,202,142,35,213,100,490,282,32,314,804
07/25/2001,TUS,AZ,AWP,WE,Combined TRACON& Tower with Radar,129,22,63,61,275,0,24,136,50,210,129,46,199,111,485,232,30,262,747
07/26/2001,TUS,AZ,AWP,WE,Combined TRACON& Tower with Radar,133,21,58,58,270,0,13,218,49,280,133,34,276,107,550,258,26,284,834
07/27/2001,TUS,AZ,AWP,WE,Combined TRACON& Tower with Radar,136,23,64,64,287,0,23,254,41,318,136,46,318,105,605,304,32,336,941
07/28/2001,TUS,AZ,AWP,WE,Combined TRACON& Tower with Radar,101,14,39,0,154,26,11,228,0,265,127,25,267,0,419,306,0,306,725
07/29/2001,TUS,AZ,AWP,WE,Combined TRACON& Tower with Radar,94,13,36,0,143,34,12,177,0,223,128,25,213,0,366,248,0,248,614
07/30/2001,TUS,AZ,AWP,WE,Combined TRACON& Tower with Radar,129,20,58,57,264,0,4,234,13,251,129,24,292,70,515,230,78,308,823
07/31/2001,TUS,AZ,AWP,WE,Combined TRACON& Tower with Radar,140,21,60,59,280,0,12,181,31,224,140,33,241,90,504,216,38,254,758
08/01/2001,TUS,AZ,AWP,WE,Combined TRACON& Tower with Radar,133,25,62,74,294,0,7,190,29,226,133,32,252,103,520,272,94,366,886
08/02/2001,TUS,AZ,AWP,WE,Combined TRACON& Tower with Radar,133,21,53,63,270,0,18,145,28,191,133,39,198,91,461,130,18,148,609
08/03/2001,TUS,AZ,AWP,WE,Combined TRACON& Tower with Radar,129,22,54,65,270,0,5,200,61,266,129,27,254,126,536,206,72,278,814
08/04/2001,TUS,AZ,AWP,WE,Combined TRACON& Tower with Radar,114,18,43,52,227,4,9,131,21,165,118,27,174,73,392,118,50,168,560
08/05/2001,TUS,AZ,AWP,WE,Combined TRACON& Tower with Radar,116,18,44,53,231,9,1,156,14,180,125,19,200,67,411,180,26,206,617
08/06/2001,TUS,AZ,AWP,WE,Combined TRACON& Tower with Radar,92,14,36,11,153,22,37,197,0,256,114,51,233,11,409,298,0,298,707
08/07/2001,TUS,AZ,AWP,WE,Combined TRACON& Tower with Radar,136,22,54,65,277,0,17,174,59,250,136,39,228,124,527,298,56,354,881
08/08/2001,TUS,AZ,AWP,WE,Combined TRACON& Tower with Radar,127,23,57,67,274,0,17,171,34,222,127,40,228,101,496,192,42,234,730
08/09/2001,TUS,AZ,AWP,WE,Combined TRACON& Tower with Radar,140,24,60,72,296,0,26,143,36,205,140,50,203,108,501,162,46,208,709
08/10/2001,TUS,AZ,AWP,WE,Combined TRACON& Tower with Radar,127,20,48,57,252,0,22,132,29,183,127,42,180,86,435,208,14,222,657
08/11/2001,TUS,AZ,AWP,WE,Combined TRACON& Tower with Radar,87,14,33,0,134,40,13,139,0,192,127,27,172,0,326,152,0,152,478
08/12/2001,TUS,AZ,AWP,WE,Combined TRACON& Tower with Radar,93,14,35,0,142,27,11,143,0,181,120,25,178,0,323,90,0,90,413
08/13/2001,TUS,AZ,AWP,WE,Combined TRACON& Tower with Radar,128,21,53,63,265,0,20,114,10,144,128,41,167,73,409,80,32,112,521
08/14/2001,TUS,AZ,AWP,WE,Combined TRACON& Tower with Radar,131,22,56,66,275,0,10,217,43,270,131,32,273,109,545,318,76,394,939
08/15/2001,TUS,AZ,AWP,WE,Combined TRACON& Tower with Radar,130,22,57,67,276,0,14,209,30,253,130,36,266,97,529,298,16,314,843
08/16/2001,TUS,AZ,AWP,WE,Combined TRACON& Tower with Radar,132,19,51,59,261,1,21,244,0,266,133,40,295,59,527,262,42,304,831
08/17/2001,TUS,AZ,AWP,WE,Combined TRACON& Tower with Radar,133,20,52,60,265,0,15,232,1,248,133,35,284,61,513,218,34,252,765
08/18/2001,TUS,AZ,AWP,WE,Combined TRACON& Tower with Radar,88,13,34,1,136,42,22,215,0,279,130,35,249,1,415,228,0,228,643
08/19/2001,TUS,AZ,AWP,WE,Combined TRACON& Tower with Radar,83,12,33,1,129,40,19,161,0,220,123,31,194,1,349,240,0,240,589
08/20/2001,TUS,AZ,AWP,WE,Combined TRACON& Tower with Radar,122,19,50,57,248,0,39,144,29,212,122,58,194,86,460,228,48,276,736
08/21/2001,TUS,AZ,AWP,WE,Combined TRACON& Tower with Radar,131,24,62,71,288,0,31,199,49,279,131,55,261,120,567,228,84,312,879
08/22/2001,TUS,AZ,AWP,WE,Combined TRACON& Tower with Radar,143,25,64,75,307,0,16,195,48,259,143,41,259,123,566,288,64,352,918
08/23/2001,TUS,AZ,AWP,WE,Combined TRACON& Tower with Radar,120,21,54,62,257,0,13,205,38,256,120,34,259,100,513,222,38,260,773
08/24/2001,TUS,AZ,AWP,WE,Combined TRACON& Tower with Radar,127,21,56,64,268,0,22,199,42,263,127,43,255,106,531,244,58,302,833
08/25/2001,TUS,AZ,AWP,WE,Combined TRACON& Tower with Radar,82,12,32,0,126,32,27,229,0,288,114,39,261,0,414,216,0,216,630
08/26/2001,TUS,AZ,AWP,WE,Combined TRACON& Tower with Radar,88,13,34,2,137,43,9,172,0,224,131,22,206,2,361,154,0,154,515
08/27/2001,TUS,AZ,AWP,WE,Combined TRACON& Tower with Radar,130,19,50,58,257,2,25,141,38,206,132,44,191,96,463,228,68,296,759
08/28/2001,TUS,AZ,AWP,WE,Combined TRACON& Tower with Radar,120,17,47,53,237,0,12,178,6,196,120,29,225,59,433,236,34,270,703
08/29/2001,TUS,AZ,AWP,WE,Combined TRACON& Tower with Radar,127,18,48,58,251,13,13,131,27,184,140,31,179,85,435,180,28,208,643
08/30/2001,TUS,AZ,AWP,WE,Combined TRACON& Tower with Radar,128,21,54,65,268,0,30,185,32,247,128,51,239,97,515,168,42,210,725
08/31/2001,TUS,AZ,AWP,WE,Combined TRACON& Tower with Radar,117,20,52,62,251,0,31,279,19,329,117,51,331,81,580,296,28,324,904
09/01/2001,TUS,AZ,AWP,WE,Combined TRACON& Tower with Radar,71,14,39,1,125,31,23,174,0,228,102,37,213,1,353,188,0,188,541
09/02/2001,TUS,AZ,AWP,WE,Combined TRACON& Tower with Radar,56,11,31,0,98,40,5,120,0,165,96,16,151,0,263,130,0,130,393
09/03/2001,TUS,AZ,AWP,WE,Combined TRACON& Tower with Radar,73,14,40,0,127,39,25,146,0,210,112,39,186,0,337,142,0,142,479
09/04/2001,TUS,AZ,AWP,WE,Combined TRACON& Tower with Radar,131,28,78,58,295,0,8,200,61,269,131,36,278,119,564,242,50,292,856
09/05/2001,TUS,AZ,AWP,WE,Combined TRACON& Tower with Radar,129,26,72,54,281,0,12,143,32,187,129,38,215,86,468,186,86,272,740
09/06/2001,TUS,AZ,AWP,WE,Combined TRACON& Tower with Radar,132,26,72,54,284,5,29,173,25,232,137,55,245,79,516,208,20,228,744
09/07/2001,TUS,AZ,AWP,WE,Combined TRACON& Tower with Radar,126,26,75,56,283,0,16,242,50,308,126,42,317,106,591,370,58,428,1019
09/08/2001,TUS,AZ,AWP,WE,Combined TRACON& Tower with Radar,107,21,59,43,230,22,7,151,24,204,129,28,210,67,434,282,22,304,738
09/09/2001,TUS,AZ,AWP,WE,Combined TRACON& Tower with Radar,91,18,50,37,196,29,6,176,14,225,120,24,226,51,421,192,30,222,643
09/10/2001,TUS,AZ,AWP,WE,Combined TRACON& Tower with Radar,106,21,58,38,223,24,26,175,0,225,130,47,233,38,448,256,12,268,716
09/11/2001,TUS,AZ,AWP,WE,Combined TRACON& Tower with Radar,9,2,6,0,17,6,18,7,0,31,15,20,13,0,48,0,0,0,48
09/12/2001,TUS,AZ,AWP,WE,Combined TRACON& Tower with Radar,0,1,2,1,4,0,30,5,2,37,0,31,7,3,41,0,0,0,41
09/13/2001,TUS,AZ,AWP,WE,Combined TRACON& Tower with Radar,13,7,14,14,48,0,51,0,9,60,13,58,14,23,108,0,24,24,132
09/14/2001,TUS,AZ,AWP,WE,Combined TRACON& Tower with Radar,71,14,28,12,125,9,72,0,0,81,80,86,28,12,206,0,10,10,216
09/15/2001,TUS,AZ,AWP,WE,Combined TRACON& Tower with Radar,68,13,38,6,125,8,61,11,0,80,76,74,49,6,205,0,0,0,205
09/16/2001,TUS,AZ,AWP,WE,Combined TRACON& Tower with Radar,85,16,46,2,149,5,10,29,0,44,90,26,75,2,193,0,0,0,193
09/17/2001,TUS,AZ,AWP,WE,Combined TRACON& Tower with Radar,106,25,74,56,261,0,28,3,41,72,106,53,77,97,333,0,62,62,395
09/18/2001,TUS,AZ,AWP,WE,Combined TRACON& Tower with Radar,116,29,83,63,291,0,32,6,60,98,116,61,89,123,389,0,62,62,451
09/19/2001,TUS,AZ,AWP,WE,Combined TRACON& Tower with Radar,114,32,93,70,309,0,32,51,34,117,114,64,144,104,426,0,56,56,482
09/20/2001,TUS,AZ,AWP,WE,Combined TRACON& Tower with Radar,107,27,77,59,270,0,41,58,29,128,107,68,135,88,398,0,40,40,438
09/21/2001,TUS,AZ,AWP,WE,Combined TRACON& Tower with Radar,115,34,99,75,323,0,33,177,31,241,115,67,276,106,564,40,36,76,640
09/22/2001,TUS,AZ,AWP,WE,Combined TRACON& Tower with Radar,102,19,55,27,203,9,33,124,0,166,111,52,179,27,369,120,16,136,505
09/23/2001,TUS,AZ,AWP,WE,Combined TRACON& Tower with Radar,88,16,47,5,156,32,14,151,0,197,120,30,198,5,353,34,0,34,387
09/24/2001,TUS,AZ,AWP,WE,Combined TRACON& Tower with Radar,126,23,68,44,261,0,42,119,0,161,126,65,187,44,422,88,34,122,544
09/25/2001,TUS,AZ,AWP,WE,Combined TRACON& Tower with Radar,119,27,79,60,285,0,45,141,27,213,119,72,220,87,498,154,46,200,698
09/26/2001,TUS,AZ,AWP,WE,Combined TRACON& Tower with Radar,121,28,82,61,292,0,23,155,34,212,121,51,237,95,504,260,64,324,828
09/27/2001,TUS,AZ,AWP,WE,Combined TRACON& Tower with Radar,133,25,72,54,284,0,14,137,13,164,133,39,209,67,448,210,42,252,700
09/28/2001,TUS,AZ,AWP,WE,Combined TRACON& Tower with Radar,99,18,54,38,209,8,24,143,0,175,107,42,197,38,384,168,26,194,578
09/29/2001,TUS,AZ,AWP,WE,Combined TRACON& Tower with Radar,82,15,45,2,144,28,17,187,0,232,110,32,232,2,376,260,4,264,640
09/30/2001,TUS,AZ,AWP,WE,Combined TRACON& Tower with Radar,79,14,43,1,137,35,8,82,0,125,114,22,125,1,262,70,2,72,334
10/01/2001,TUS,AZ,AWP,WE,Combined TRACON& Tower with Radar,120,30,72,67,289,0,14,62,46,122,120,44,134,113,411,84,40,124,535
10/02/2001,TUS,AZ,AWP,WE,Combined TRACON& Tower with Radar,112,27,66,62,267,0,31,194,57,282,112,58,260,119,549,272,66,338,887
10/03/2001,TUS,AZ,AWP,WE,Combined TRACON& Tower with Radar,120,31,75,69,295,0,16,173,34,223,120,47,248,103,518,324,84,408,926
10/04/2001,TUS,AZ,AWP,WE,Combined TRACON& Tower with Radar,126,32,78,73,309,0,19,186,43,248,126,51,264,116,557,368,118,486,1043
10/05/2001,TUS,AZ,AWP,WE,Combined TRACON& Tower with Radar,123,29,70,65,287,0,5,197,27,229,123,34,267,92,516,346,74,420,936
10/06/2001,TUS,AZ,AWP,WE,Combined TRACON& Tower with Radar,79,18,43,0,140,37,23,129,0,189,116,41,172,0,329,280,0,280,609
10/07/2001,TUS,AZ,AWP,WE,Combined TRACON& Tower with Radar,75,17,40,11,143,28,19,144,0,191,103,36,184,11,334,140,10,150,484
10/08/2001,TUS,AZ,AWP,WE,Combined TRACON& Tower with Radar,92,21,50,4,167,18,20,165,0,203,110,41,215,4,370,190,0,190,560
10/09/2001,TUS,AZ,AWP,WE,Combined TRACON& Tower with Radar,103,23,56,39,221,22,32,180,0,234,125,55,236,39,455,268,24,292,747
10/10/2001,TUS,AZ,AWP,WE,Combined TRACON& Tower with Radar,126,30,73,67,296,0,28,170,21,219,126,58,243,88,515,294,128,422,937
10/11/2001,TUS,AZ,AWP,WE,Combined TRACON& Tower with Radar,121,27,65,60,273,1,23,190,48,262,122,50,255,108,535,220,40,260,795
10/12/2001,TUS,AZ,AWP,WE,Combined TRACON& Tower with Radar,151,33,84,79,347,0,12,139,43,194,151,45,223,122,541,160,108,268,809
10/13/2001,TUS,AZ,AWP,WE,Combined TRACON& Tower with Radar,105,24,60,57,246,0,18,115,40,173,105,42,175,97,419,220,54,274,693
10/14/2001,TUS,AZ,AWP,WE,Combined TRACON& Tower with Radar,113,24,61,54,252,9,19,124,0,152,122,43,185,54,404,106,28,134,538
10/15/2001,TUS,AZ,AWP,WE,Combined TRACON& Tower with Radar,95,20,52,17,184,30,34,160,0,224,125,54,212,17,408,194,12,206,614
10/16/2001,TUS,AZ,AWP,WE,Combined TRACON& Tower with Radar,127,27,66,64,284,2,19,112,13,146,129,46,178,77,430,132,18,150,580
10/17/2001,TUS,AZ,AWP,WE,Combined TRACON& Tower with Radar,138,32,79,75,324,0,13,203,78,294,138,45,282,153,618,322,4,326,944
10/18/2001,TUS,AZ,AWP,WE,Combined TRACON& Tower with Radar,124,31,76,73,304,0,20,251,24,295,124,51,327,97,599,360,68,428,1027
10/19/2001,TUS,AZ,AWP,WE,Combined TRACON& Tower with Radar,125,27,66,63,281,8,20,183,3,214,133,47,249,66,495,136,20,156,651
10/20/2001,TUS,AZ,AWP,WE,Combined TRACON& Tower with Radar,76,16,40,1,133,37,38,168,0,243,113,54,208,1,376,212,2,214,590
10/21/2001,TUS,AZ,AWP,WE,Combined TRACON& Tower with Radar,87,18,45,9,159,37,19,142,0,198,124,37,187,9,357,138,16,154,511
10/22/2001,TUS,AZ,AWP,WE,Combined TRACON& Tower with Radar,113,30,74,70,287,0,25,136,51,212,113,55,210,121,499,228,90,318,817
10/23/2001,TUS,AZ,AWP,WE,Combined TRACON& Tower with Radar,126,30,75,72,303,0,26,155,64,245,126,56,230,136,548,208,84,292,840
10/24/2001,TUS,AZ,AWP,WE,Combined TRACON& Tower with Radar,135,31,77,72,315,0,26,168,45,239,135,57,245,117,554,316,54,370,924
10/25/2001,TUS,AZ,AWP,WE,Combined TRACON& Tower with Radar,122,32,80,74,308,0,13,218,33,264,122,45,298,107,572,198,128,326,898
10/26/2001,TUS,AZ,AWP,WE,Combined TRACON& Tower with Radar,118,28,71,63,280,0,30,195,0,225,118,58,266,63,505,140,30,170,675
10/27/2001,TUS,AZ,AWP,WE,Combined TRACON& Tower with Radar,80,17,42,4,143,26,40,196,0,262,106,57,238,4,405,180,4,184,589
10/28/2001,TUS,AZ,AWP,WE,Combined TRACON& Tower with Radar,90,19,48,0,157,15,46,148,0,209,105,65,196,0,366,76,0,76,442
10/29/2001,TUS,AZ,AWP,WE,Combined TRACON& Tower with Radar,113,29,74,68,284,0,19,178,28,225,113,48,252,96,509,234,46,280,789
10/30/2001,TUS,AZ,AWP,WE,Combined TRACON& Tower with Radar,120,30,76,71,297,0,32,173,53,258,120,62,249,124,555,290,64,354,909
10/31/2001,TUS,AZ,AWP,WE,Combined TRACON& Tower with Radar,107,25,63,58,253,0,31,161,12,204,107,56,224,70,457,152,22,174,631
11/01/2001,TUS,AZ,AWP,WE,Combined TRACON& Tower with Radar,105,36,64,69,274,4,16,167,19,206,109,52,231,88,480,188,20,208,688
11/02/2001,TUS,AZ,AWP,WE,Combined TRACON& Tower with Radar,111,38,68,73,290,11,24,199,44,278,122,62,267,117,568,210,50,260,828
11/03/2001,TUS,AZ,AWP,WE,Combined TRACON& Tower with Radar,92,32,56,57,237,18,32,209,0,259,110,64,265,57,496,146,14,160,656
11/04/2001,TUS,AZ,AWP,WE,Combined TRACON& Tower with Radar,83,29,50,27,189,12,27,114,0,153,95,56,164,27,342,22,20,42,384
11/05/2001,TUS,AZ,AWP,WE,Combined TRACON& Tower with Radar,93,32,58,36,219,8,25,148,0,181,101,57,206,36,400,116,26,142,542
11/06/2001,TUS,AZ,AWP,WE,Combined TRACON& Tower with Radar,113,45,80,86,324,0,7,228,32,267,113,52,308,118,591,194,16,210,801
11/07/2001,TUS,AZ,AWP,WE,Combined TRACON& Tower with Radar,115,46,83,88,332,0,3,226,27,256,115,49,309,115,588,228,52,280,868
11/08/2001,TUS,AZ,AWP,WE,Combined TRACON& Tower with Radar,110,46,81,87,324,0,22,220,49,291,110,68,301,136,615,228,70,298,913
11/09/2001,TUS,AZ,AWP,WE,Combined TRACON& Tower with Radar,97,33,59,63,252,21,21,206,18,266,118,54,265,81,518,98,74,172,690
11/10/2001,TUS,AZ,AWP,WE,Combined TRACON& Tower with Radar,79,27,48,8,162,23,37,235,0,295,102,64,283,8,457,178,0,178,635
11/11/2001,TUS,AZ,AWP,WE,Combined TRACON& Tower with Radar,73,25,46,2,146,26,28,182,0,236,99,53,228,2,382,108,2,110,492
11/12/2001,TUS,AZ,AWP,WE,Combined TRACON& Tower with Radar,65,22,39,0,126,43,49,161,0,253,108,71,200,0,379,198,0,198,577
11/13/2001,TUS,AZ,AWP,WE,Combined TRACON& Tower with Radar,108,38,68,72,286,0,29,145,21,195,108,67,213,93,481,216,56,272,753
11/14/2001,TUS,AZ,AWP,WE,Combined TRACON& Tower with Radar,120,44,78,84,326,0,21,159,17,197,120,65,237,101,523,240,48,288,811
11/15/2001,TUS,AZ,AWP,WE,Combined TRACON& Tower with Radar,116,46,82,86,330,0,22,190,54,266,116,68,272,140,596,368,128,496,1092
11/16/2001,TUS,AZ,AWP,WE,Combined TRACON& Tower with Radar,122,45,81,85,333,0,5,252,50,307,122,50,333,135,640,220,64,284,924
11/17/2001,TUS,AZ,AWP,WE,Combined TRACON& Tower with Radar,71,24,44,7,146,30,11,195,0,236,101,35,239,7,382,182,0,182,564
11/18/2001,TUS,AZ,AWP,WE,Combined TRACON& Tower with Radar,83,28,51,7,169,12,49,193,0,254,95,77,244,7,423,110,0,110,533
11/19/2001,TUS,AZ,AWP,WE,Combined TRACON& Tower with Radar,131,51,94,99,375,0,23,103,109,235,131,74,197,208,610,170,126,296,906
11/20/2001,TUS,AZ,AWP,WE,Combined TRACON& Tower with Radar,120,54,100,105,379,0,26,166,105,297,120,80,266,210,676,132,162,294,970
11/21/2001,TUS,AZ,AWP,WE,Combined TRACON& Tower with Radar,121,40,74,68,303,5,23,221,0,249,126,63,295,68,552,148,36,184,736
11/22/2001,TUS,AZ,AWP,WE,Combined TRACON& Tower with Radar,47,15,29,4,95,28,35,73,0,136,75,50,102,4,231,28,0,28,259
11/23/2001,TUS,AZ,AWP,WE,Combined TRACON& Tower with Radar,62,20,39,3,124,29,31,144,0,204,91,51,183,3,328,70,0,70,398
11/24/2001,TUS,AZ,AWP,WE,Combined TRACON& Tower with Radar,66,22,41,5,134,34,31,165,0,230,100,53,206,5,364,146,0,146,510
11/25/2001,TUS,AZ,AWP,WE,Combined TRACON& Tower with Radar,96,32,59,10,197,6,27,169,0,202,102,59,228,10,399,40,2,42,441
11/26/2001,TUS,AZ,AWP,WE,Combined TRACON& Tower with Radar,104,43,79,83,309,0,42,126,90,258,104,85,205,173,567,172,134,306,873
11/27/2001,TUS,AZ,AWP,WE,Combined TRACON& Tower with Radar,119,49,89,94,351,0,9,129,82,220,119,58,218,176,571,246,78,324,895
11/28/2001,TUS,AZ,AWP,WE,Combined TRACON& Tower with Radar,106,47,87,91,331,0,14,160,103,277,106,61,247,194,608,264,112,376,984
11/29/2001,TUS,AZ,AWP,WE,Combined TRACON& Tower with Radar,105,47,86,92,330,0,18,170,92,280,105,65,256,184,610,298,104,402,1012
11/30/2001,TUS,AZ,AWP,WE,Combined TRACON& Tower with Radar,105,40,72,78,295,0,25,214,39,278,105,65,286,117,573,204,84,288,861
12/01/2001,TUS,AZ,AWP,WE,Combined TRACON& Tower with Radar,95,37,62,73,267,0,16,206,29,251,95,53,268,102,518,130,70,200,718
12/02/2001,TUS,AZ,AWP,WE,Combined TRACON& Tower with Radar,91,32,52,51,226,2,22,181,0,205,93,54,233,51,431,168,34,202,633
12/03/2001,TUS,AZ,AWP,WE,Combined TRACON& Tower with Radar,102,49,82,97,330,0,13,145,69,227,102,62,227,166,557,100,84,184,741
12/04/2001,TUS,AZ,AWP,WE,Combined TRACON& Tower with Radar,100,54,91,107,352,0,11,89,56,156,100,65,180,163,508,100,20,120,628
12/05/2001,TUS,AZ,AWP,WE,Combined TRACON& Tower with Radar,109,53,90,105,357,0,20,180,73,273,109,73,270,178,630,318,114,432,1062
12/06/2001,TUS,AZ,AWP,WE,Combined TRACON& Tower with Radar,277,65,159,189,690,120,0,116,37,273,397,65,275,226,963,394,70,464,1427
12/07/2001,TUS,AZ,AWP,WE,Combined TRACON& Tower with Radar,112,41,68,81,302,0,19,234,25,278,112,60,302,106,580,216,50,266,846
12/08/2001,TUS,AZ,AWP,WE,Combined TRACON& Tower with Radar,85,30,49,6,170,29,21,147,0,197,114,51,196,6,367,106,0,106,473
12/09/2001,TUS,AZ,AWP,WE,Combined TRACON& Tower with Radar,82,29,47,15,173,12,30,142,0,184,94,59,189,15,357,22,4,26,383
12/10/2001,TUS,AZ,AWP,WE,Combined TRACON& Tower with Radar,109,49,81,97,336,0,11,62,87,160,109,60,143,184,496,36,64,100,596
12/11/2001,TUS,AZ,AWP,WE,Combined TRACON& Tower with Radar,122,40,86,101,349,0,0,35,88,123,122,40,121,189,472,96,28,124,596
12/12/2001,TUS,AZ,AWP,WE,Combined TRACON& Tower with Radar,98,48,81,95,322,0,6,74,79,159,98,54,155,174,481,110,78,188,669
12/13/2001,TUS,AZ,AWP,WE,Combined TRACON& Tower with Radar,105,51,85,100,341,0,2,179,145,326,105,53,264,245,667,192,110,302,969
12/14/2001,TUS,AZ,AWP,WE,Combined TRACON& Tower with Radar,107,53,87,104,351,0,3,228,97,328,107,56,315,201,679,200,86,286,965
12/15/2001,TUS,AZ,AWP,WE,Combined TRACON& Tower with Radar,80,28,47,9,164,21,25,70,0,116,101,53,117,9,280,68,0,68,348
12/16/2001,TUS,AZ,AWP,WE,Combined TRACON& Tower with Radar,79,27,47,13,166,27,40,159,0,226,106,67,206,13,392,144,4,148,540
12/17/2001,TUS,AZ,AWP,WE,Combined TRACON& Tower with Radar,105,47,80,94,326,0,27,146,57,230,105,74,226,151,556,170,62,232,788
12/18/2001,TUS,AZ,AWP,WE,Combined TRACON& Tower with Radar,107,47,81,95,330,0,32,200,70,302,107,79,281,165,632,296,72,368,1000
12/19/2001,TUS,AZ,AWP,WE,Combined TRACON& Tower with Radar,109,37,64,75,285,0,19,165,21,205,109,56,229,96,490,186,56,242,732
12/20/2001,TUS,AZ,AWP,WE,Combined TRACON& Tower with Radar,111,41,69,81,302,0,22,162,17,201,111,63,231,98,503,198,46,244,747
12/21/2001,TUS,AZ,AWP,WE,Combined TRACON& Tower with Radar,95,32,54,39,220,0,22,119,0,141,95,54,173,39,361,94,34,128,489
12/22/2001,TUS,AZ,AWP,WE,Combined TRACON& Tower with Radar,69,23,39,1,132,25,37,156,0,218,94,60,195,1,350,160,0,160,510
12/23/2001,TUS,AZ,AWP,WE,Combined TRACON& Tower with Radar,61,20,35,0,116,31,43,114,0,188,92,63,149,0,304,68,0,68,372
12/24/2001,TUS,AZ,AWP,WE,Combined TRACON& Tower with Radar,57,19,32,0,108,26,46,92,0,164,83,65,124,0,272,74,0,74,346
12/25/2001,TUS,AZ,AWP,WE,Combined TRACON& Tower with Radar,53,17,30,0,100,34,31,29,0,94,87,48,59,0,194,0,0,0,194
12/26/2001,TUS,AZ,AWP,WE,Combined TRACON& Tower with Radar,90,30,52,34,206,10,31,127,0,168,100,61,179,34,374,72,4,76,450
12/27/2001,TUS,AZ,AWP,WE,Combined TRACON& Tower with Radar,99,33,57,67,256,2,32,134,0,168,101,65,191,67,424,148,12,160,584
12/28/2001,TUS,AZ,AWP,WE,Combined TRACON& Tower with Radar,118,41,69,82,310,0,24,183,28,235,118,65,252,110,545,238,38,276,821
12/29/2001,TUS,AZ,AWP,WE,Combined TRACON& Tower with Radar,72,24,41,1,138,37,31,145,0,213,109,55,186,1,351,138,0,138,489
12/30/2001,TUS,AZ,AWP,WE,Combined TRACON& Tower with Radar,62,21,35,0,118,22,36,123,0,181,84,57,158,0,299,82,0,82,381
12/31/2001,TUS,AZ,AWP,WE,Combined TRACON& Tower with Radar,77,26,44,35,182,26,25,106,0,157,103,51,150,35,339,64,10,74,413
01/01/2002,TUS,AZ,AWP,WE,Combined TRACON& Tower with Radar,58,27,38,1,124,20,48,83,0,151,78,75,121,1,275,28,0,28,303
01/02/2002,TUS,AZ,AWP,WE,Combined TRACON& Tower with Radar,77,36,51,20,184,23,40,146,0,209,100,76,197,20,393,86,12,98,491
01/03/2002,TUS,AZ,AWP,WE,Combined TRACON& Tower with Radar,94,53,75,90,312,0,23,128,32,183,94,76,203,122,495,58,60,118,613
01/04/2002,TUS,AZ,AWP,WE,Combined TRACON& Tower with Radar,100,46,65,79,290,0,25,98,75,198,100,71,163,154,488,170,74,244,732
01/05/2002,TUS,AZ,AWP,WE,Combined TRACON& Tower with Radar,84,39,54,66,243,9,13,158,14,194,93,52,212,80,437,164,48,212,649
01/06/2002,TUS,AZ,AWP,WE,Combined TRACON& Tower with Radar,94,43,62,75,274,13,35,184,3,235,107,78,246,78,509,142,60,202,711
01/07/2002,TUS,AZ,AWP,WE,Combined TRACON& Tower with Radar,87,40,57,26,210,12,35,161,0,208,99,75,218,26,418,102,12,114,532
01/08/2002,TUS,AZ,AWP,WE,Combined TRACON& Tower with Radar,107,50,70,86,313,0,2,149,39,190,107,52,219,125,503,84,78,162,665
01/09/2002,TUS,AZ,AWP,WE,Combined TRACON& Tower with Radar,117,54,85,103,359,0,0,221,87,308,117,54,306,190,667,238,66,304,971
01/10/2002,TUS,AZ,AWP,WE,Combined TRACON& Tower with Radar,112,64,90,109,375,0,9,149,106,264,112,73,239,215,639,218,126,344,983
01/11/2002,TUS,AZ,AWP,WE,Combined TRACON& Tower with Radar,111,56,80,97,344,0,27,153,106,286,111,83,233,203,630,242,134,376,1006
01/12/2002,TUS,AZ,AWP,WE,Combined TRACON& Tower with Radar,69,32,45,19,165,32,67,267,0,366,101,99,312,19,531,280,22,302,833
01/13/2002,TUS,AZ,AWP,WE,Combined TRACON& Tower with Radar,83,38,54,14,189,21,31,175,0,227,104,69,229,14,416,154,2,156,572
01/14/2002,TUS,AZ,AWP,WE,Combined TRACON& Tower with Radar,91,48,67,82,288,0,20,117,43,180,91,68,184,125,468,138,68,206,674
01/15/2002,TUS,AZ,AWP,WE,Combined TRACON& Tower with Radar,113,58,83,100,354,0,3,213,37,253,113,61,296,137,607,238,46,284,891
01/16/2002,TUS,AZ,AWP,WE,Combined TRACON& Tower with Radar,105,50,88,106,349,0,0,157,93,250,105,50,245,199,599,186,48,234,833
01/17/2002,TUS,AZ,AWP,WE,Combined TRACON& Tower with Radar,110,54,91,108,363,0,0,218,46,264,110,54,309,154,627,232,22,254,881
01/18/2002,TUS,AZ,AWP,WE,Combined TRACON& Tower with Radar,98,44,65,77,284,0,35,232,3,270,98,79,297,80,554,278,16,294,848
01/19/2002,TUS,AZ,AWP,WE,Combined TRACON& Tower with Radar,68,30,44,3,145,32,40,201,0,273,100,70,245,3,418,174,4,178,596
01/20/2002,TUS,AZ,AWP,WE,Combined TRACON& Tower with Radar,73,32,49,5,159,28,48,180,0,256,101,80,229,5,415,114,0,114,529
01/21/2002,TUS,AZ,AWP,WE,Combined TRACON& Tower with Radar,77,34,49,13,173,24,43,255,0,322,101,77,304,13,495,340,14,354,849
01/22/2002,TUS,AZ,AWP,WE,Combined TRACON& Tower with Radar,105,51,74,89,319,0,23,174,56,253,105,74,248,145,572,182,50,232,804
01/23/2002,TUS,AZ,AWP,WE,Combined TRACON& Tower with Radar,84,56,80,97,317,0,7,124,57,188,84,63,204,154,505,184,16,200,705
01/24/2002,TUS,AZ,AWP,WE,Combined TRACON& Tower with Radar,86,55,79,94,314,0,14,157,57,228,86,69,236,151,542,150,40,190,732
01/25/2002,TUS,AZ,AWP,WE,Combined TRACON& Tower with Radar,105,57,83,99,344,0,32,190,39,261,105,89,273,138,605,166,94,260,865
01/26/2002,TUS,AZ,AWP,WE,Combined TRACON& Tower with Radar,70,31,45,3,149,30,28,247,0,305,100,59,292,3,454,328,0,328,782
01/27/2002,TUS,AZ,AWP,WE,Combined TRACON& Tower with Radar,73,32,48,3,156,20,29,190,0,239,93,61,238,3,395,84,2,86,481
01/28/2002,TUS,AZ,AWP,WE,Combined TRACON& Tower with Radar,100,46,68,80,294,0,9,134,31,174,100,55,202,111,468,86,68,154,622
01/29/2002,TUS,AZ,AWP,WE,Combined TRACON& Tower with Radar,113,60,87,105,365,0,27,146,46,219,113,87,233,151,584,244,56,300,884
01/30/2002,TUS,AZ,AWP,WE,Combined TRACON& Tower with Radar,72,32,46,9,159,30,29,1,0,60,102,61,47,9,219,0,0,0,219
01/31/2002,TUS,AZ,AWP,WE,Combined TRACON& Tower with Radar,98,44,63,76,281,1,33,168,50,252,99,77,231,126,533,252,64,316,849
02/01/2002,TUS,AZ,AWP,WE,Combined TRACON& Tower with Radar,99,57,84,78,318,0,16,163,89,268,99,73,247,167,586,202,102,304,890
02/02/2002,TUS,AZ,AWP,WE,Combined TRACON& Tower with Radar,103,50,72,68,293,10,20,201,40,271,113,70,273,108,564,198,42,240,804
02/03/2002,TUS,AZ,AWP,WE,Combined TRACON& Tower with Radar,105,51,75,70,301,0,23,108,39,170,105,74,183,109,471,182,28,210,681
02/04/2002,TUS,AZ,AWP,WE,Combined TRACON& Tower with Radar,91,44,65,33,233,12,32,138,0,182,103,76,203,33,415,130,12,142,557
02/05/2002,TUS,AZ,AWP,WE,Combined TRACON& Tower with Radar,100,51,75,71,297,0,8,182,36,226,100,59,257,107,523,188,46,234,757
02/06/2002,TUS,AZ,AWP,WE,Combined TRACON& Tower with Radar,91,56,83,78,308,0,2,175,50,227,91,58,258,128,535,200,94,294,829
02/07/2002,TUS,AZ,AWP,WE,Combined TRACON& Tower with Radar,116,66,98,91,371,0,2,215,46,263,116,68,313,137,634,252,58,310,944
02/08/2002,TUS,AZ,AWP,WE,Combined TRACON& Tower with Radar,93,54,79,74,300,0,33,211,53,297,93,87,290,127,597,318,80,398,995
02/09/2002,TUS,AZ,AWP,WE,Combined TRACON& Tower with Radar,76,37,54,5,172,24,30,252,0,306,100,67,306,5,478,254,2,256,734
02/10/2002,TUS,AZ,AWP,WE,Combined TRACON& Tower with Radar,74,36,53,2,165,27,30,95,0,152,101,66,148,2,317,40,0,40,357
02/11/2002,TUS,AZ,AWP,WE,Combined TRACON& Tower with Radar,104,59,88,82,333,0,39,151,75,265,104,98,239,157,598,162,106,268,866
02/12/2002,TUS,AZ,AWP,WE,Combined TRACON& Tower with Radar,95,48,70,65,278,0,7,161,50,218,95,55,231,115,496,194,92,286,782
02/13/2002,TUS,AZ,AWP,WE,Combined TRACON& Tower with Radar,126,62,91,85,364,0,9,163,58,230,126,71,254,143,594,134,116,250,844
02/14/2002,TUS,AZ,AWP,WE,Combined TRACON& Tower with Radar,101,52,76,72,301,0,17,144,30,191,101,69,220,102,492,174,94,268,760
02/15/2002,TUS,AZ,AWP,WE,Combined TRACON& Tower with Radar,108,51,75,66,300,0,45,223,0,268,108,96,298,66,568,314,68,382,950
02/16/2002,TUS,AZ,AWP,WE,Combined TRACON& Tower with Radar,79,37,54,7,177,21,43,258,0,322,100,80,312,7,499,214,4,218,717
02/17/2002,TUS,AZ,AWP,WE,Combined TRACON& Tower with Radar,75,35,52,18,180,21,43,154,0,218,96,78,206,18,398,148,6,154,552
02/18/2002,TUS,AZ,AWP,WE,Combined TRACON& Tower with Radar,82,38,57,3,180,14,60,159,0,233,96,98,216,3,413,120,0,120,533
02/19/2002,TUS,AZ,AWP,WE,Combined TRACON& Tower with Radar,107,52,78,74,311,0,36,194,32,262,107,88,272,106,573,246,38,284,857
02/20/2002,TUS,AZ,AWP,WE,Combined TRACON& Tower with Radar,102,48,72,68,290,0,12,237,20,269,102,60,309,88,559,230,102,332,891
02/21/2002,TUS,AZ,AWP,WE,Combined TRACON& Tower with Radar,112,60,89,84,345,0,43,205,41,289,112,103,294,125,634,290,80,370,1004
02/22/2002,TUS,AZ,AWP,WE,Combined TRACON& Tower with Radar,100,48,71,68,287,0,33,202,5,240,100,81,273,73,527,128,80,208,735
02/23/2002,TUS,AZ,AWP,WE,Combined TRACON& Tower with Radar,75,35,52,4,166,26,35,218,0,279,101,70,270,4,445,344,2,346,791
02/24/2002,TUS,AZ,AWP,WE,Combined TRACON& Tower with Radar,77,36,53,4,170,5,26,228,0,259,82,62,281,4,429,62,0,62,491
02/25/2002,TUS,AZ,AWP,WE,Combined TRACON& Tower with Radar,105,50,74,70,299,0,7,195,26,228,105,57,269,96,527,230,102,332,859
02/26/2002,TUS,AZ,AWP,WE,Combined TRACON& Tower with Radar,98,55,82,77,312,0,21,223,28,272,98,76,305,105,584,146,56,202,786
02/27/2002,TUS,AZ,AWP,WE,Combined TRACON& Tower with Radar,100,47,71,65,283,11,4,131,30,176,111,51,202,95,459,332,50,382,841
02/28/2002,TUS,AZ,AWP,WE,Combined TRACON& Tower with Radar,99,48,72,67,286,0,28,242,14,284,99,76,314,81,570,334,130,464,1034
03/01/2002,TUS,AZ,AWP,WE,Combined TRACON& Tower with Radar,109,59,82,87,337,0,4,180,56,240,109,63,262,143,577,262,98,360,937
03/02/2002,TUS,AZ,AWP,WE,Combined TRACON& Tower with Radar,91,41,55,59,246,5,35,155,26,221,96,76,210,85,467,216,60,276,743
03/03/2002,TUS,AZ,AWP,WE,Combined TRACON& Tower with Radar,89,40,54,37,220,7,18,189,0,214,96,58,243,37,434,130,0,130,564
03/04/2002,TUS,AZ,AWP,WE,Combined TRACON& Tower with Radar,88,39,53,25,205,23,32,216,0,271,111,71,269,25,476,138,10,148,624
03/05/2002,TUS,AZ,AWP,WE,Combined TRACON& Tower with Radar,117,55,74,80,326,0,5,181,42,228,117,60,255,122,554,312,24,336,890
03/06/2002,TUS,AZ,AWP,WE,Combined TRACON& Tower with Radar,110,51,74,80,315,0,0,196,43,239,110,51,270,123,554,278,76,354,908
03/07/2002,TUS,AZ,AWP,WE,Combined TRACON& Tower with Radar,95,48,65,70,278,0,4,162,11,177,95,52,227,81,455,152,70,222,677
03/08/2002,TUS,AZ,AWP,WE,Combined TRACON& Tower with Radar,103,56,77,82,318,0,30,194,61,285,103,86,271,143,603,234,106,340,943
03/09/2002,TUS,AZ,AWP,WE,Combined TRACON& Tower with Radar,76,34,46,12,168,33,26,197,0,256,109,60,243,12,424,126,4,130,554
03/10/2002,TUS,AZ,AWP,WE,Combined TRACON& Tower with Radar,79,35,48,9,171,21,23,178,0,222,100,58,226,9,393,144,0,144,537
03/11/2002,TUS,AZ,AWP,WE,Combined TRACON& Tower with Radar,122,61,84,90,357,0,15,161,39,215,122,76,245,129,572,196,54,250,822
03/12/2002,TUS,AZ,AWP,WE,Combined TRACON& Tower with Radar,127,54,77,83,341,1,0,168,50,219,128,54,245,133,560,250,50,300,860
03/13/2002,TUS,AZ,AWP,WE,Combined TRACON& Tower with Radar,121,59,81,86,347,0,14,223,43,280,121,73,304,129,627,260,66,326,953
03/14/2002,TUS,AZ,AWP,WE,Combined TRACON& Tower with Radar,113,56,77,82,328,0,36,143,42,221,113,92,220,124,549,212,116,328,877
03/15/2002,TUS,AZ,AWP,WE,Combined TRACON& Tower with Radar,107,48,65,70,290,3,26,237,30,296,110,74,302,100,586,360,60,420,1006
03/16/2002,TUS,AZ,AWP,WE,Combined TRACON& Tower with Radar,84,37,51,9,181,27,25,227,0,279,111,62,278,9,460,260,0,260,720
03/17/2002,TUS,AZ,AWP,WE,Combined TRACON& Tower with Radar,94,41,56,8,199,9,37,212,0,258,103,78,268,8,457,110,0,110,567
03/18/2002,TUS,AZ,AWP,WE,Combined TRACON& Tower with Radar,113,56,79,82,330,0,28,102,32,162,113,84,181,114,492,226,40,266,758
03/19/2002,TUS,AZ,AWP,WE,Combined TRACON& Tower with Radar,97,48,68,71,284,0,30,176,25,231,97,78,244,96,515,230,64,294,809
03/20/2002,TUS,AZ,AWP,WE,Combined TRACON& Tower with Radar,135,62,86,91,374,0,7,207,37,251,135,69,293,128,625,318,72,390,1015
03/21/2002,TUS,AZ,AWP,WE,Combined TRACON& Tower with Radar,111,53,74,78,316,0,21,182,52,255,111,74,256,130,571,296,72,368,939
03/22/2002,TUS,AZ,AWP,WE,Combined TRACON& Tower with Radar,118,60,83,88,349,0,9,209,42,260,118,69,292,130,609,234,40,274,883
03/23/2002,TUS,AZ,AWP,WE,Combined TRACON& Tower with Radar,76,33,45,10,164,28,39,164,0,231,104,72,209,10,395,186,4,190,585
03/24/2002,TUS,AZ,AWP,WE,Combined TRACON& Tower with Radar,84,36,51,7,178,34,48,192,0,274,118,84,243,7,452,88,4,92,544
03/25/2002,TUS,AZ,AWP,WE,Combined TRACON& Tower with Radar,108,50,69,73,300,0,27,140,34,201,108,77,209,107,501,200,96,296,797
03/26/2002,TUS,AZ,AWP,WE,Combined TRACON& Tower with Radar,122,55,77,81,335,0,29,181,41,251,122,84,258,122,586,328,82,410,996
03/27/2002,TUS,AZ,AWP,WE,Combined TRACON& Tower with Radar,121,65,90,95,371,0,7,156,49,212,121,72,246,144,583,212,52,264,847
03/28/2002,TUS,AZ,AWP,WE,Combined TRACON& Tower with Radar,109,55,76,81,321,0,28,208,35,271,109,83,284,116,592,210,58,268,860
03/29/2002,TUS,AZ,AWP,WE,Combined TRACON& Tower with Radar,110,57,80,85,332,0,29,216,13,258,110,86,296,98,590,286,74,360,950
03/30/2002,TUS,AZ,AWP,WE,Combined TRACON& Tower with Radar,72,31,43,3,149,39,41,162,0,242,111,72,205,3,391,340,0,340,731
03/31/2002,TUS,AZ,AWP,WE,Combined TRACON& Tower with Radar,64,27,38,0,129,33,36,123,0,192,97,63,161,0,321,86,0,86,407
04/01/2002,TUS,AZ,AWP,WE,Combined TRACON& Tower with Radar,103,52,66,76,297,0,15,171,41,227,103,67,237,117,524,242,74,316,840
04/02/2002,TUS,AZ,AWP,WE,Combined TRACON& Tower with Radar,109,51,64,74,298,2,27,135,42,206,111,78,199,116,504,138,58,196,700
04/03/2002,TUS,AZ,AWP,WE,Combined TRACON& Tower with Radar,127,62,78,91,358,0,1,219,28,248,127,63,297,119,606,284,24,308,914
04/04/2002,TUS,AZ,AWP,WE,Combined TRACON& Tower with Radar,99,54,67,79,299,0,39,201,43,283,99,93,268,122,582,282,74,356,938
04/05/2002,TUS,AZ,AWP,WE,Combined TRACON& Tower with Radar,119,60,75,89,343,0,28,208,23,259,119,88,283,112,602,182,90,272,874
04/06/2002,TUS,AZ,AWP,WE,Combined TRACON& Tower with Radar,80,38,47,42,207,16,41,95,0,152,96,79,142,42,359,84,38,122,481
04/07/2002,TUS,AZ,AWP,WE,Combined TRACON& Tower with Radar,101,50,62,74,287,0,18,178,20,216,101,68,240,94,503,46,54,100,603
04/08/2002,TUS,AZ,AWP,WE,Combined TRACON& Tower with Radar,85,40,49,18,192,19,56,181,0,256,104,96,230,18,448,120,0,120,568
04/09/2002,TUS,AZ,AWP,WE,Combined TRACON& Tower with Radar,119,57,71,83,330,0,15,181,32,228,119,72,252,115,558,220,62,282,840
04/10/2002,TUS,AZ,AWP,WE,Combined TRACON& Tower with Radar,103,53,67,79,302,0,26,176,51,253,103,79,243,130,555,232,90,322,877
04/11/2002,TUS,AZ,AWP,WE,Combined TRACON& Tower with Radar,99,52,65,77,293,0,11,172,59,242,99,63,237,136,535,368,110,478,1013
04/12/2002,TUS,AZ,AWP,WE,Combined TRACON& Tower with Radar,110,59,74,87,330,0,23,194,58,275,110,82,268,145,605,296,92,388,993
04/13/2002,TUS,AZ,AWP,WE,Combined TRACON& Tower with Radar,70,32,41,0,143,41,38,170,0,249,111,70,211,0,392,128,0,128,520
04/14/2002,TUS,AZ,AWP,WE,Combined TRACON& Tower with Radar,71,33,42,9,155,25,29,183,0,237,96,62,225,9,392,124,12,136,528
04/15/2002,TUS,AZ,AWP,WE,Combined TRACON& Tower with Radar,108,55,70,83,316,0,46,112,28,186,108,101,182,111,502,52,52,104,606
04/16/2002,TUS,AZ,AWP,WE,Combined TRACON& Tower with Radar,109,56,71,85,321,0,27,180,17,224,109,83,251,102,545,194,128,322,867
04/17/2002,TUS,AZ,AWP,WE,Combined TRACON& Tower with Radar,120,56,71,84,331,0,28,213,8,249,120,84,284,92,580,110,126,236,816
04/18/2002,TUS,AZ,AWP,WE,Combined TRACON& Tower with Radar,118,61,77,90,346,0,32,247,10,289,118,93,324,100,635,308,62,370,1005
04/19/2002,TUS,AZ,AWP,WE,Combined TRACON& Tower with Radar,99,51,65,76,291,0,37,160,45,242,99,88,225,121,533,128,16,144,677
04/20/2002,TUS,AZ,AWP,WE,Combined TRACON& Tower with Radar,77,35,45,12,169,24,36,264,0,324,101,71,309,12,493,220,0,220,713
04/21/2002,TUS,AZ,AWP,WE,Combined TRACON& Tower with Radar,75,34,43,8,160,23,19,196,0,238,98,53,239,8,398,128,0,128,526
04/22/2002,TUS,AZ,AWP,WE,Combined TRACON& Tower with Radar,98,51,64,76,289,0,54,161,31,246,98,105,225,107,535,266,92,358,893
04/23/2002,TUS,AZ,AWP,WE,Combined TRACON& Tower with Radar,112,60,77,90,339,0,30,218,43,291,112,90,295,133,630,340,66,406,1036
04/24/2002,TUS,AZ,AWP,WE,Combined TRACON& Tower with Radar,99,54,70,81,304,0,28,236,57,321,99,82,306,138,625,366,66,432,1057
04/25/2002,TUS,AZ,AWP,WE,Combined TRACON& Tower with Radar,105,54,69,80,308,0,10,205,49,264,105,64,274,129,572,216,42,258,830
04/26/2002,TUS,AZ,AWP,WE,Combined TRACON& Tower with Radar,109,50,63,74,296,5,32,162,8,207,114,82,225,82,503,86,54,140,643
04/27/2002,TUS,AZ,AWP,WE,Combined TRACON& Tower with Radar,73,33,43,3,152,32,26,174,0,232,105,59,217,3,384,166,0,166,550
04/28/2002,TUS,AZ,AWP,WE,Combined TRACON& Tower with Radar,78,35,46,9,168,23,33,128,0,184,101,68,174,9,352,140,0,140,492
04/29/2002,TUS,AZ,AWP,WE,Combined TRACON& Tower with Radar,108,51,64,76,299,0,24,168,30,222,108,75,232,106,521,270,28,298,819
04/30/2002,TUS,AZ,AWP,WE,Combined TRACON& Tower with Radar,121,55,70,82,328,2,10,110,67,189,123,65,180,149,517,230,78,308,825
05/01/2002,TUS,AZ,AWP,WE,Combined TRACON& Tower with Radar,110,48,74,72,304,0,8,199,52,259,110,56,273,124,563,526,128,654,1217
05/02/2002,TUS,AZ,AWP,WE,Combined TRACON& Tower with Radar,108,42,65,63,278,0,16,205,20,241,108,58,270,83,519,252,66,318,837
05/03/2002,TUS,AZ,AWP,WE,Combined TRACON& Tower with Radar,107,41,63,61,272,3,16,299,28,346,110,57,362,89,618,350,92,442,1060
05/04/2002,TUS,AZ,AWP,WE,Combined TRACON& Tower with Radar,86,33,51,49,219,13,7,212,37,269,99,40,263,86,488,432,38,470,958
05/05/2002,TUS,AZ,AWP,WE,Combined TRACON& Tower with Radar,83,32,50,47,212,15,13,166,5,199,98,45,216,52,411,172,26,198,609
05/06/2002,TUS,AZ,AWP,WE,Combined TRACON& Tower with Radar,88,34,53,17,192,17,18,212,0,247,105,52,265,17,439,234,8,242,681
05/07/2002,TUS,AZ,AWP,WE,Combined TRACON& Tower with Radar,108,46,71,69,294,0,9,194,38,241,108,55,265,107,535,228,80,308,843
05/08/2002,TUS,AZ,AWP,WE,Combined TRACON& Tower with Radar,110,45,71,68,294,0,0,213,37,250,110,45,284,105,544,200,76,276,820
05/09/2002,TUS,AZ,AWP,WE,Combined TRACON& Tower with Radar,112,45,80,77,314,0,0,261,67,328,112,45,341,144,642,240,122,362,1004
05/10/2002,TUS,AZ,AWP,WE,Combined TRACON& Tower with Radar,110,44,68,65,287,0,6,205,51,262,110,50,273,116,549,178,70,248,797
05/11/2002,TUS,AZ,AWP,WE,Combined TRACON& Tower with Radar,73,28,44,14,159,29,12,190,0,231,102,40,234,14,390,192,0,192,582
05/12/2002,TUS,AZ,AWP,WE,Combined TRACON& Tower with Radar,79,30,47,15,171,18,14,159,0,191,97,44,206,15,362,110,0,110,472
05/13/2002,TUS,AZ,AWP,WE,Combined TRACON& Tower with Radar,103,44,70,66,283,0,0,113,64,177,103,44,183,130,460,108,128,236,696
05/14/2002,TUS,AZ,AWP,WE,Combined TRACON& Tower with Radar,113,49,76,73,311,0,3,172,39,214,113,52,248,112,525,216,82,298,823
05/15/2002,TUS,AZ,AWP,WE,Combined TRACON& Tower with Radar,110,47,74,72,303,0,12,191,48,251,110,59,265,120,554,304,74,378,932
05/16/2002,TUS,AZ,AWP,WE,Combined TRACON& Tower with Radar,108,45,72,70,295,0,8,208,35,251,108,53,280,105,546,312,44,356,902
05/17/2002,TUS,AZ,AWP,WE,Combined TRACON& Tower with Radar,110,43,69,67,289,0,9,214,25,248,110,52,283,92,537,260,114,374,911
05/18/2002,TUS,AZ,AWP,WE,Combined TRACON& Tower with Radar,74,27,43,5,149,27,14,180,0,221,101,41,223,5,370,116,0,116,486
05/19/2002,TUS,AZ,AWP,WE,Combined TRACON& Tower with Radar,86,32,50,9,177,13,9,176,0,198,99,41,226,9,375,84,0,84,459
05/20/2002,TUS,AZ,AWP,WE,Combined TRACON& Tower with Radar,101,42,66,65,274,0,5,193,24,222,101,47,259,89,496,184,62,246,742
05/21/2002,TUS,AZ,AWP,WE,Combined TRACON& Tower with Radar,115,46,73,72,306,0,19,166,29,214,115,65,239,101,520,162,52,214,734
05/22/2002,TUS,AZ,AWP,WE,Combined TRACON& Tower with Radar,115,46,73,71,305,0,0,258,48,306,115,46,331,119,611,208,64,272,883
05/23/2002,TUS,AZ,AWP,WE,Combined TRACON& Tower with Radar,115,44,69,66,294,0,9,179,71,259,115,53,248,137,553,198,44,242,795
05/24/2002,TUS,AZ,AWP,WE,Combined TRACON& Tower with Radar,104,38,60,59,261,2,10,231,52,295,106,48,291,111,556,204,20,224,780
05/25/2002,TUS,AZ,AWP,WE,Combined TRACON& Tower with Radar,78,29,45,34,186,22,18,219,0,259,100,47,264,34,445,132,0,132,577
05/26/2002,TUS,AZ,AWP,WE,Combined TRACON& Tower with Radar,67,24,38,38,167,28,14,159,28,229,95,38,197,66,396,104,0,104,500
05/27/2002,TUS,AZ,AWP,WE,Combined TRACON& Tower with Radar,77,28,45,43,193,26,12,238,23,299,103,40,283,66,492,138,0,138,630
05/28/2002,TUS,AZ,AWP,WE,Combined TRACON& Tower with Radar,107,43,68,66,284,0,1,212,60,273,107,44,280,126,557,220,40,260,817
05/29/2002,TUS,AZ,AWP,WE,Combined TRACON& Tower with Radar,108,44,70,68,290,0,11,210,77,298,108,55,280,145,588,166,52,218,806
05/30/2002,TUS,AZ,AWP,WE,Combined TRACON& Tower with Radar,111,50,79,78,318,0,4,197,108,309,111,54,276,186,627,260,92,352,979
05/31/2002,TUS,AZ,AWP,WE,Combined TRACON& Tower with Radar,110,43,68,66,287,0,7,227,55,289,110,50,295,121,576,176,32,208,784
06/01/2002,TUS,AZ,AWP,WE,Combined TRACON& Tower with Radar,98,34,53,46,231,2,5,183,46,236,100,39,236,92,467,156,58,214,681
06/02/2002,TUS,AZ,AWP,WE,Combined TRACON& Tower with Radar,87,31,47,41,206,10,7,162,50,229,97,38,209,91,435,100,72,172,607
06/03/2002,TUS,AZ,AWP,WE,Combined TRACON& Tower with Radar,104,37,56,49,246,3,11,211,2,227,107,48,267,51,473,204,12,216,689
06/04/2002,TUS,AZ,AWP,WE,Combined TRACON& Tower with Radar,111,43,67,59,280,0,3,195,41,239,111,46,262,100,519,178,26,204,723
06/05/2002,TUS,AZ,AWP,WE,Combined TRACON& Tower with Radar,109,40,61,54,264,0,8,220,42,270,109,48,281,96,534,222,86,308,842
06/06/2002,TUS,AZ,AWP,WE,Combined TRACON& Tower with Radar,110,44,66,58,278,0,2,226,64,292,110,46,292,122,570,272,112,384,954
06/07/2002,TUS,AZ,AWP,WE,Combined TRACON& Tower with Radar,112,44,66,58,280,0,10,198,100,308,112,54,264,158,588,242,108,350,938
06/08/2002,TUS,AZ,AWP,WE,Combined TRACON& Tower with Radar,85,30,46,33,194,16,8,162,0,186,101,38,208,33,380,200,0,200,580
06/09/2002,TUS,AZ,AWP,WE,Combined TRACON& Tower with Radar,72,25,39,10,146,22,11,112,0,145,94,36,151,10,291,66,0,66,357
06/10/2002,TUS,AZ,AWP,WE,Combined TRACON& Tower with Radar,110,39,60,52,261,0,7,157,17,181,110,46,217,69,442,136,130,266,708
06/11/2002,TUS,AZ,AWP,WE,Combined TRACON& Tower with Radar,107,37,58,52,254,0,15,141,44,200,107,52,199,96,454,220,60,280,734
06/12/2002,TUS,AZ,AWP,WE,Combined TRACON& Tower with Radar,113,44,68,60,285,0,6,164,68,238,113,50,232,128,523,224,78,302,825
06/13/2002,TUS,AZ,AWP,WE,Combined TRACON& Tower with Radar,106,42,65,57,270,0,11,195,53,259,106,53,260,110,529,222,96,318,847
06/14/2002,TUS,AZ,AWP,WE,Combined TRACON& Tower with Radar,107,37,57,51,252,0,22,206,32,260,107,59,263,83,512,176,62,238,750
06/15/2002,TUS,AZ,AWP,WE,Combined TRACON& Tower with Radar,76,26,40,22,164,24,11,181,0,216,100,37,221,22,380,110,6,116,496
06/16/2002,TUS,AZ,AWP,WE,Combined TRACON& Tower with Radar,70,23,37,13,143,24,8,134,0,166,94,31,171,13,309,68,0,68,377
06/17/2002,TUS,AZ,AWP,WE,Combined TRACON& Tower with Radar,102,40,63,56,261,0,5,152,49,206,102,45,215,105,467,158,46,204,671
06/18/2002,TUS,AZ,AWP,WE,Combined TRACON& Tower with Radar,108,43,67,59,277,0,4,207,38,249,108,47,274,97,526,174,82,256,782
06/19/2002,TUS,AZ,AWP,WE,Combined TRACON& Tower with Radar,115,44,67,60,286,0,6,201,36,243,115,50,268,96,529,248,28,276,805
06/20/2002,TUS,AZ,AWP,WE,Combined TRACON& Tower with Radar,111,40,63,56,270,0,13,180,53,246,111,53,243,109,516,306,78,384,900
06/21/2002,TUS,AZ,AWP,WE,Combined TRACON& Tower with Radar,115,42,65,58,280,0,10,193,44,247,115,52,258,102,527,186,36,222,749
06/22/2002,TUS,AZ,AWP,WE,Combined TRACON& Tower with Radar,76,26,40,19,161,24,7,157,0,188,100,33,197,19,349,180,0,180,529
06/23/2002,TUS,AZ,AWP,WE,Combined TRACON& Tower with Radar,76,26,40,14,156,21,10,150,0,181,97,36,190,14,337,68,0,68,405
06/24/2002,TUS,AZ,AWP,WE,Combined TRACON& Tower with Radar,108,39,60,53,260,0,4,199,49,252,108,43,259,102,512,230,44,274,786
06/25/2002,TUS,AZ,AWP,WE,Combined TRACON& Tower with Radar,109,40,61,55,265,0,4,167,43,214,109,44,228,98,479,270,48,318,797
06/26/2002,TUS,AZ,AWP,WE,Combined TRACON& Tower with Radar,107,37,63,54,261,0,0,167,25,192,107,37,230,79,453,192,102,294,747
06/27/2002,TUS,AZ,AWP,WE,Combined TRACON& Tower with Radar,105,39,61,53,258,0,7,140,83,230,105,46,201,136,488,246,28,274,762
06/28/2002,TUS,AZ,AWP,WE,Combined TRACON& Tower with Radar,106,39,61,52,258,0,8,167,31,206,106,47,228,83,464,232,132,364,828
06/29/2002,TUS,AZ,AWP,WE,Combined TRACON& Tower with Radar,71,24,38,6,139,21,15,174,0,210,92,39,212,6,349,228,0,228,577
06/30/2002,TUS,AZ,AWP,WE,Combined TRACON& Tower with Radar,59,20,31,6,116,32,10,98,0,140,91,30,129,6,256,40,0,40,296
07/01/2002,TUS,AZ,AWP,WE,Combined TRACON& Tower with Radar,103,35,56,52,246,2,11,128,41,182,105,46,184,93,428,170,46,216,644
07/02/2002,TUS,AZ,AWP,WE,Combined TRACON& Tower with Radar,104,44,69,63,280,0,3,226,56,285,104,47,295,119,565,342,72,414,979
07/03/2002,TUS,AZ,AWP,WE,Combined TRACON& Tower with Radar,105,40,63,58,266,0,13,154,48,215,105,53,217,106,481,336,76,412,893
07/04/2002,TUS,AZ,AWP,WE,Combined TRACON& Tower with Radar,56,19,31,10,116,32,9,82,0,123,88,28,113,10,239,114,0,114,353
07/05/2002,TUS,AZ,AWP,WE,Combined TRACON& Tower with Radar,71,25,38,10,144,21,16,159,0,196,92,41,197,10,340,210,0,210,550
07/06/2002,TUS,AZ,AWP,WE,Combined TRACON& Tower with Radar,64,22,35,6,127,28,8,171,0,207,92,30,206,6,334,74,0,74,408
07/07/2002,TUS,AZ,AWP,WE,Combined TRACON& Tower with Radar,75,26,41,13,155,17,12,127,0,156,92,38,168,13,311,172,0,172,483
07/08/2002,TUS,AZ,AWP,WE,Combined TRACON& Tower with Radar,104,40,61,56,261,0,3,127,33,163,104,43,188,89,424,300,50,350,774
07/09/2002,TUS,AZ,AWP,WE,Combined TRACON& Tower with Radar,110,39,62,57,268,0,2,154,32,188,110,41,216,89,456,242,82,324,780
07/10/2002,TUS,AZ,AWP,WE,Combined TRACON& Tower with Radar,107,37,58,53,255,1,9,127,37,174,108,46,185,90,429,410,58,468,897
07/11/2002,TUS,AZ,AWP,WE,Combined TRACON& Tower with Radar,109,45,72,65,291,0,8,134,69,211,109,53,206,134,502,394,62,456,958
07/12/2002,TUS,AZ,AWP,WE,Combined TRACON& Tower with Radar,104,36,57,52,249,0,10,138,42,190,104,46,195,94,439,182,14,196,635
07/13/2002,TUS,AZ,AWP,WE,Combined TRACON& Tower with Radar,85,29,46,42,202,7,4,159,28,198,92,33,205,70,400,172,84,256,656
07/14/2002,TUS,AZ,AWP,WE,Combined TRACON& Tower with Radar,85,29,46,42,202,11,7,78,34,130,96,36,124,76,332,52,68,120,452
07/15/2002,TUS,AZ,AWP,WE,Combined TRACON& Tower with Radar,96,32,52,27,207,7,15,211,0,233,103,47,263,27,440,280,2,282,722
07/16/2002,TUS,AZ,AWP,WE,Combined TRACON& Tower with Radar,108,38,61,57,264,0,0,162,38,200,108,38,223,95,464,210,80,290,754
07/17/2002,TUS,AZ,AWP,WE,Combined TRACON& Tower with Radar,109,39,62,57,267,0,0,181,33,214,109,39,243,90,481,274,76,350,831
07/18/2002,TUS,AZ,AWP,WE,Combined TRACON& Tower with Radar,105,42,67,61,275,0,6,154,42,202,105,48,221,103,477,134,68,202,679
07/19/2002,TUS,AZ,AWP,WE,Combined TRACON& Tower with Radar,106,35,56,53,250,0,11,164,29,204,106,46,220,82,454,198,26,224,678
07/20/2002,TUS,AZ,AWP,WE,Combined TRACON& Tower with Radar,80,26,42,16,164,14,15,238,0,267,94,41,280,16,431,210,10,220,651
07/21/2002,TUS,AZ,AWP,WE,Combined TRACON& Tower with Radar,75,25,39,12,151,18,18,148,0,184,93,43,187,12,335,116,0,116,451
07/22/2002,TUS,AZ,AWP,WE,Combined TRACON& Tower with Radar,100,37,59,54,250,0,3,90,44,137,100,40,149,98,387,92,88,180,567
07/23/2002,TUS,AZ,AWP,WE,Combined TRACON& Tower with Radar,111,45,71,65,292,0,4,139,43,186,111,49,210,108,478,174,40,214,692
07/24/2002,TUS,AZ,AWP,WE,Combined TRACON& Tower with Radar,105,38,61,57,261,0,10,162,42,214,105,48,223,99,475,242,28,270,745
07/25/2002,TUS,AZ,AWP,WE,Combined TRACON& Tower with Radar,104,38,61,57,260,0,6,165,52,223,104,44,226,109,483,284,132,416,899
07/26/2002,TUS,AZ,AWP,WE,Combined TRACON& Tower with Radar,74,24,39,18,155,18,13,104,0,135,92,37,143,18,290,76,0,76,366
07/27/2002,TUS,AZ,AWP,WE,Combined TRACON& Tower with Radar,77,25,40,14,156,18,5,174,0,197,95,30,214,14,353,264,0,264,617
07/28/2002,TUS,AZ,AWP,WE,Combined TRACON& Tower with Radar,100,33,53,49,235,7,12,137,30,186,107,45,190,79,421,334,88,422,843
07/29/2002,TUS,AZ,AWP,WE,Combined TRACON& Tower with Radar,105,40,64,58,267,0,3,222,26,251,105,43,286,84,518,370,82,452,970
07/30/2002,TUS,AZ,AWP,WE,Combined TRACON& Tower with Radar,112,42,68,60,282,0,4,187,56,247,112,46,255,116,529,252,76,328,857
07/31/2002,TUS,AZ,AWP,WE,Combined TRACON& Tower with Radar,112,39,63,57,271,0,9,177,39,225,112,48,240,96,496,388,34,422,918
08/01/2002,TUS,AZ,AWP,WE,Combined TRACON& Tower with Radar,107,43,61,72,283,0,0,169,57,226,107,43,230,129,509,534,120,654,1163
08/02/2002,TUS,AZ,AWP,WE,Combined TRACON& Tower with Radar,106,42,58,68,274,0,0,189,50,239,106,42,247,118,513,276,86,362,875
08/03/2002,TUS,AZ,AWP,WE,Combined TRACON& Tower with Radar,68,25,34,22,149,24,6,160,0,190,92,31,194,22,339,228,12,240,579
08/04/2002,TUS,AZ,AWP,WE,Combined TRACON& Tower with Radar,77,28,39,24,168,11,9,109,0,129,88,37,148,24,297,148,16,164,461
08/05/2002,TUS,AZ,AWP,WE,Combined TRACON& Tower with Radar,85,31,43,25,184,16,4,130,0,150,101,35,173,25,334,138,8,146,480
08/06/2002,TUS,AZ,AWP,WE,Combined TRACON& Tower with Radar,103,44,70,82,299,0,0,173,69,242,103,44,243,151,541,312,108,420,961
08/07/2002,TUS,AZ,AWP,WE,Combined TRACON& Tower with Radar,105,42,59,70,276,0,0,173,68,241,105,42,232,138,517,280,100,380,897
08/08/2002,TUS,AZ,AWP,WE,Combined TRACON& Tower with Radar,105,40,64,75,284,0,0,160,80,240,105,40,224,155,524,312,132,444,968
08/09/2002,TUS,AZ,AWP,WE,Combined TRACON& Tower with Radar,104,42,58,69,273,0,9,156,30,195,104,51,214,99,468,204,130,334,802
08/10/2002,TUS,AZ,AWP,WE,Combined TRACON& Tower with Radar,66,24,34,16,140,27,16,164,0,207,93,40,198,16,347,204,0,204,551
08/11/2002,TUS,AZ,AWP,WE,Combined TRACON& Tower with Radar,62,23,31,11,127,24,16,116,0,156,86,39,147,11,283,186,0,186,469
08/12/2002,TUS,AZ,AWP,WE,Combined TRACON& Tower with Radar,100,40,56,65,261,0,4,134,53,191,100,44,190,118,452,222,114,336,788
08/13/2002,TUS,AZ,AWP,WE,Combined TRACON& Tower with Radar,102,36,52,60,250,0,7,158,38,203,102,43,210,98,453,338,80,418,871
08/14/2002,TUS,AZ,AWP,WE,Combined TRACON& Tower with Radar,103,37,55,64,259,0,7,172,60,239,103,44,227,124,498,384,114,498,996
08/15/2002,TUS,AZ,AWP,WE,Combined TRACON& Tower with Radar,103,37,54,62,256,0,11,205,27,243,103,48,259,89,499,378,56,434,933
08/16/2002,TUS,AZ,AWP,WE,Combined TRACON& Tower with Radar,93,32,47,54,226,8,10,119,25,162,101,42,166,79,388,230,86,316,704
08/17/2002,TUS,AZ,AWP,WE,Combined TRACON& Tower with Radar,62,21,31,14,128,27,31,179,0,237,89,52,210,14,365,364,0,364,729
08/18/2002,TUS,AZ,AWP,WE,Combined TRACON& Tower with Radar,72,25,35,13,145,16,10,142,0,168,88,35,177,13,313,176,0,176,489
08/19/2002,TUS,AZ,AWP,WE,Combined TRACON& Tower with Radar,95,38,54,62,249,0,6,95,37,138,95,44,149,99,387,116,82,198,585
08/20/2002,TUS,AZ,AWP,WE,Combined TRACON& Tower with Radar,102,39,56,65,262,0,10,160,85,255,102,49,216,150,517,160,70,230,747
08/21/2002,TUS,AZ,AWP,WE,Combined TRACON& Tower with Radar,103,43,62,72,280,0,4,171,57,232,103,47,233,129,512,142,124,266,778
08/22/2002,TUS,AZ,AWP,WE,Combined TRACON& Tower with Radar,102,42,59,70,273,0,6,193,66,265,102,48,252,136,538,318,154,472,1010
08/23/2002,TUS,AZ,AWP,WE,Combined TRACON& Tower with Radar,103,42,61,72,278,0,0,205,63,268,103,42,266,135,546,230,90,320,866
08/24/2002,TUS,AZ,AWP,WE,Combined TRACON& Tower with Radar,69,24,34,17,144,21,13,170,0,204,90,37,204,17,348,138,0,138,486
08/25/2002,TUS,AZ,AWP,WE,Combined TRACON& Tower with Radar,71,25,36,19,151,16,17,130,0,163,87,42,166,19,314,130,0,130,444
08/26/2002,TUS,AZ,AWP,WE,Combined TRACON& Tower with Radar,103,38,55,64,260,0,8,132,62,202,103,46,187,126,462,162,46,208,670
08/27/2002,TUS,AZ,AWP,WE,Combined TRACON& Tower with Radar,100,40,56,66,262,0,3,177,76,256,100,43,233,142,518,316,150,466,984
08/28/2002,TUS,AZ,AWP,WE,Combined TRACON& Tower with Radar,102,36,52,60,250,1,7,109,33,150,103,43,161,93,400,240,112,352,752
08/29/2002,TUS,AZ,AWP,WE,Combined TRACON& Tower with Radar,91,32,46,54,223,14,10,97,20,141,105,42,143,74,364,214,12,226,590
08/30/2002,TUS,AZ,AWP,WE,Combined TRACON& Tower with Radar,103,37,54,63,257,0,8,185,36,229,103,45,239,99,486,252,58,310,796
08/31/2002,TUS,AZ,AWP,WE,Combined TRACON& Tower with Radar,68,23,35,15,141,19,12,162,0,193,87,35,197,15,334,140,0,140,474
09/01/2002,TUS,AZ,AWP,WE,Combined TRACON& Tower with Radar,62,22,36,19,139,12,13,120,0,145,74,35,156,19,284,130,2,132,416
09/02/2002,TUS,AZ,AWP,WE,Combined TRACON& Tower with Radar,77,28,44,25,174,11,14,158,0,183,88,42,202,25,357,62,6,68,425
09/03/2002,TUS,AZ,AWP,WE,Combined TRACON& Tower with Radar,98,40,65,53,256,0,7,202,61,270,98,47,267,114,526,234,68,302,828
09/04/2002,TUS,AZ,AWP,WE,Combined TRACON& Tower with Radar,100,46,74,60,280,0,0,198,81,279,100,46,272,141,559,210,86,296,855
09/05/2002,TUS,AZ,AWP,WE,Combined TRACON& Tower with Radar,104,39,63,52,258,0,7,156,51,214,104,46,219,103,472,262,56,318,790
09/06/2002,TUS,AZ,AWP,WE,Combined TRACON& Tower with Radar,103,37,59,48,247,0,2,94,31,127,103,39,153,79,374,166,104,270,644
09/07/2002,TUS,AZ,AWP,WE,Combined TRACON& Tower with Radar,86,31,49,40,206,6,3,126,28,163,92,34,175,68,369,174,40,214,583
09/08/2002,TUS,AZ,AWP,WE,Combined TRACON& Tower with Radar,87,31,50,41,209,7,0,94,12,113,94,31,144,53,322,110,32,142,464
09/09/2002,TUS,AZ,AWP,WE,Combined TRACON& Tower with Radar,88,31,50,28,197,14,12,91,0,117,102,43,141,28,314,110,2,112,426
09/10/2002,TUS,AZ,AWP,WE,Combined TRACON& Tower with Radar,100,39,64,53,256,0,0,150,29,179,100,39,214,82,435,200,16,216,651
09/11/2002,TUS,AZ,AWP,WE,Combined TRACON& Tower with Radar,99,40,65,53,257,0,6,151,61,218,99,46,216,114,475,234,40,274,749
09/12/2002,TUS,AZ,AWP,WE,Combined TRACON& Tower with Radar,105,39,64,52,260,0,10,205,38,253,105,49,269,90,513,288,46,334,847
09/13/2002,TUS,AZ,AWP,WE,Combined TRACON& Tower with Radar,111,44,72,59,286,0,6,219,31,256,111,50,291,90,542,170,36,206,748
09/14/2002,TUS,AZ,AWP,WE,Combined TRACON& Tower with Radar,80,28,46,25,179,19,12,190,0,221,99,40,236,25,400,256,10,266,666
09/15/2002,TUS,AZ,AWP,WE,Combined TRACON& Tower with Radar,71,25,41,8,145,25,10,172,0,207,96,35,213,8,352,234,0,234,586
09/16/2002,TUS,AZ,AWP,WE,Combined TRACON& Tower with Radar,102,39,63,52,256,0,5,132,34,171,102,44,195,86,427,128,26,154,581
09/17/2002,TUS,AZ,AWP,WE,Combined TRACON& Tower with Radar,108,41,65,54,268,0,1,136,50,187,108,42,201,104,455,256,110,366,821
09/18/2002,TUS,AZ,AWP,WE,Combined TRACON& Tower with Radar,105,36,58,48,247,4,7,133,60,204,109,43,191,108,451,266,32,298,749
09/19/2002,TUS,AZ,AWP,WE,Combined TRACON& Tower with Radar,110,46,73,61,290,0,4,208,71,283,110,50,281,132,573,290,108,398,971
09/20/2002,TUS,AZ,AWP,WE,Combined TRACON& Tower with Radar,109,40,66,54,269,0,7,241,45,293,109,47,307,99,562,220,38,258,820
09/21/2002,TUS,AZ,AWP,WE,Combined TRACON& Tower with Radar,78,27,43,22,170,22,3,171,0,196,100,30,214,22,366,128,6,134,500
09/22/2002,TUS,AZ,AWP,WE,Combined TRACON& Tower with Radar,80,27,44,12,163,14,10,162,0,186,94,37,206,12,349,182,0,182,531
09/23/2002,TUS,AZ,AWP,WE,Combined TRACON& Tower with Radar,102,38,62,51,253,0,5,157,48,210,102,43,219,99,463,166,44,210,673
09/24/2002,TUS,AZ,AWP,WE,Combined TRACON& Tower with Radar,107,44,75,63,289,0,0,202,61,263,107,44,277,124,552,506,118,624,1176
09/25/2002,TUS,AZ,AWP,WE,Combined TRACON& Tower with Radar,109,45,74,61,289,0,5,195,77,277,109,50,269,138,566,384,14,398,964
09/26/2002,TUS,AZ,AWP,WE,Combined TRACON& Tower with Radar,110,39,63,52,264,0,10,175,29,214,110,49,238,81,478,310,48,358,836
09/27/2002,TUS,AZ,AWP,WE,Combined TRACON& Tower with Radar,96,33,53,40,222,13,16,161,0,190,109,49,214,40,412,146,14,160,572
09/28/2002,TUS,AZ,AWP,WE,Combined TRACON& Tower with Radar,76,26,42,9,153,27,11,176,0,214,103,37,218,9,367,196,0,196,563
09/29/2002,TUS,AZ,AWP,WE,Combined TRACON& Tower with Radar,73,25,41,21,160,20,13,130,0,163,93,38,171,21,323,138,0,138,461
09/30/2002,TUS,AZ,AWP,WE,Combined TRACON& Tower with Radar,84,29,47,14,174,20,18,186,0,224,104,47,233,14,398,252,0,252,650
10/01/2002,TUS,AZ,AWP,WE,Combined TRACON& Tower with Radar,110,43,67,75,295,0,1,157,45,203,110,44,224,120,498,162,92,254,752
10/02/2002,TUS,AZ,AWP,WE,Combined TRACON& Tower with Radar,110,42,67,73,292,2,3,129,44,178,112,45,196,117,470,212,42,254,724
10/03/2002,TUS,AZ,AWP,WE,Combined TRACON& Tower with Radar,110,47,75,82,314,0,7,229,70,306,110,54,304,152,620,382,68,450,1070
10/04/2002,TUS,AZ,AWP,WE,Combined TRACON& Tower with Radar,108,48,80,88,324,0,0,174,78,252,108,48,254,166,576,266,104,370,946
10/05/2002,TUS,AZ,AWP,WE,Combined TRACON& Tower with Radar,83,32,50,55,220,16,2,194,52,264,99,34,244,107,484,324,58,382,866
10/06/2002,TUS,AZ,AWP,WE,Combined TRACON& Tower with Radar,84,33,51,56,224,8,9,179,22,218,92,42,230,78,442,174,32,206,648
10/07/2002,TUS,AZ,AWP,WE,Combined TRACON& Tower with Radar,86,33,52,55,226,13,15,116,0,144,99,48,168,55,370,218,22,240,610
10/08/2002,TUS,AZ,AWP,WE,Combined TRACON& Tower with Radar,107,48,75,83,313,0,0,190,81,271,107,48,265,164,584,316,78,394,978
10/09/2002,TUS,AZ,AWP,WE,Combined TRACON& Tower with Radar,106,46,71,79,302,0,4,237,48,289,106,50,308,127,591,286,80,366,957
10/10/2002,TUS,AZ,AWP,WE,Combined TRACON& Tower with Radar,111,43,73,80,307,0,0,220,76,296,111,43,293,156,603,432,150,582,1185
10/11/2002,TUS,AZ,AWP,WE,Combined TRACON& Tower with Radar,109,45,70,78,302,0,8,225,62,295,109,53,295,140,597,274,164,438,1035
10/12/2002,TUS,AZ,AWP,WE,Combined TRACON& Tower with Radar,69,27,41,16,153,28,8,216,0,252,97,35,257,16,405,290,0,290,695
10/13/2002,TUS,AZ,AWP,WE,Combined TRACON& Tower with Radar,85,33,51,18,187,9,8,159,0,176,94,41,210,18,363,34,2,36,399
10/14/2002,TUS,AZ,AWP,WE,Combined TRACON& Tower with Radar,85,33,51,16,185,14,18,235,0,267,99,51,286,16,452,224,0,224,676
10/15/2002,TUS,AZ,AWP,WE,Combined TRACON& Tower with Radar,106,38,71,78,293,0,0,193,43,236,106,38,264,121,529,408,192,600,1129
10/16/2002,TUS,AZ,AWP,WE,Combined TRACON& Tower with Radar,106,41,67,71,285,0,11,196,53,260,106,52,263,124,545,252,90,342,887
10/17/2002,TUS,AZ,AWP,WE,Combined TRACON& Tower with Radar,108,47,76,82,313,0,2,166,106,274,108,49,242,188,587,256,124,380,967
10/18/2002,TUS,AZ,AWP,WE,Combined TRACON& Tower with Radar,107,40,65,70,282,0,13,213,29,255,107,53,278,99,537,292,82,374,911
10/19/2002,TUS,AZ,AWP,WE,Combined TRACON& Tower with Radar,67,25,40,23,155,29,9,208,0,246,96,34,248,23,401,172,2,174,575
10/20/2002,TUS,AZ,AWP,WE,Combined TRACON& Tower with Radar,88,33,53,47,221,8,16,170,0,194,96,49,223,47,415,204,40,244,659
10/21/2002,TUS,AZ,AWP,WE,Combined TRACON& Tower with Radar,99,43,68,74,284,0,4,142,40,186,99,47,210,114,470,118,118,236,706
10/22/2002,TUS,AZ,AWP,WE,Combined TRACON& Tower with Radar,109,43,68,75,295,0,5,181,48,234,109,48,249,123,529,230,66,296,825
10/23/2002,TUS,AZ,AWP,WE,Combined TRACON& Tower with Radar,106,40,64,69,279,4,6,196,9,215,110,46,260,78,494,346,52,398,892
10/24/2002,TUS,AZ,AWP,WE,Combined TRACON& Tower with Radar,111,45,71,78,305,0,7,191,44,242,111,52,262,122,547,352,138,490,1037
10/25/2002,TUS,AZ,AWP,WE,Combined TRACON& Tower with Radar,113,45,72,79,309,0,17,201,73,291,113,62,273,152,600,290,106,396,996
10/26/2002,TUS,AZ,AWP,WE,Combined TRACON& Tower with Radar,74,28,44,20,166,22,12,132,0,166,96,40,176,20,332,154,0,154,486
10/27/2002,TUS,AZ,AWP,WE,Combined TRACON& Tower with Radar,82,31,49,20,182,23,16,93,0,132,105,47,142,20,314,98,0,98,412
10/28/2002,TUS,AZ,AWP,WE,Combined TRACON& Tower with Radar,104,41,65,73,283,0,9,167,44,220,104,50,232,117,503,172,208,380,883
10/29/2002,TUS,AZ,AWP,WE,Combined TRACON& Tower with Radar,112,45,73,80,310,0,10,171,33,214,112,55,244,113,524,290,50,340,864
10/30/2002,TUS,AZ,AWP,WE,Combined TRACON& Tower with Radar,111,43,71,78,303,0,0,208,45,253,111,43,279,123,556,388,114,502,1058
10/31/2002,TUS,AZ,AWP,WE,Combined TRACON& Tower with Radar,107,40,64,71,282,5,4,210,70,289,112,44,274,141,571,378,110,488,1059
11/01/2002,TUS,AZ,AWP,WE,Combined TRACON& Tower with Radar,114,44,70,57,285,0,5,235,32,272,114,49,305,89,557,226,64,290,847
11/02/2002,TUS,AZ,AWP,WE,Combined TRACON& Tower with Radar,99,36,58,45,238,7,0,274,5,286,106,36,332,50,524,214,48,262,786
11/03/2002,TUS,AZ,AWP,WE,Combined TRACON& Tower with Radar,87,32,51,30,200,16,5,194,0,215,103,37,245,30,415,152,2,154,569
11/04/2002,TUS,AZ,AWP,WE,Combined TRACON& Tower with Radar,94,34,55,40,223,12,18,129,0,159,106,52,184,40,382,166,0,166,548
11/05/2002,TUS,AZ,AWP,WE,Combined TRACON& Tower with Radar,113,46,76,60,295,0,0,197,54,251,113,46,273,114,546,358,84,442,988
11/06/2002,TUS,AZ,AWP,WE,Combined TRACON& Tower with Radar,111,48,79,63,301,0,0,199,47,246,111,48,278,110,547,264,40,304,851
11/07/2002,TUS,AZ,AWP,WE,Combined TRACON& Tower with Radar,117,44,71,56,288,0,3,195,48,246,117,47,266,104,534,342,104,446,980
11/08/2002,TUS,AZ,AWP,WE,Combined TRACON& Tower with Radar,113,45,78,61,297,0,0,187,57,244,113,45,265,118,541,172,82,254,795
11/09/2002,TUS,AZ,AWP,WE,Combined TRACON& Tower with Radar,85,31,50,24,190,24,9,163,0,196,109,40,213,24,386,356,20,376,762
11/10/2002,TUS,AZ,AWP,WE,Combined TRACON& Tower with Radar,94,34,56,14,198,9,6,177,0,192,103,40,233,14,390,226,0,226,616
11/11/2002,TUS,AZ,AWP,WE,Combined TRACON& Tower with Radar,88,32,52,22,194,19,11,174,0,204,107,43,226,22,398,170,0,170,568
11/12/2002,TUS,AZ,AWP,WE,Combined TRACON& Tower with Radar,112,43,70,56,281,0,1,160,40,201,112,44,230,96,482,200,38,238,720
11/13/2002,TUS,AZ,AWP,WE,Combined TRACON& Tower with Radar,113,44,72,57,286,0,4,237,31,272,113,48,309,88,558,326,56,382,940
11/14/2002,TUS,AZ,AWP,WE,Combined TRACON& Tower with Radar,109,43,74,58,284,0,0,206,82,288,109,43,280,140,572,474,70,544,1116
11/15/2002,TUS,AZ,AWP,WE,Combined TRACON& Tower with Radar,106,37,62,50,255,10,9,200,17,236,116,46,262,67,491,268,60,328,819
11/16/2002,TUS,AZ,AWP,WE,Combined TRACON& Tower with Radar,73,25,43,10,151,35,8,134,0,177,108,33,177,10,328,108,0,108,436
11/17/2002,TUS,AZ,AWP,WE,Combined TRACON& Tower with Radar,90,31,52,14,187,10,10,224,0,244,100,41,276,14,431,174,2,176,607
11/18/2002,TUS,AZ,AWP,WE,Combined TRACON& Tower with Radar,109,43,70,57,279,0,1,148,32,181,109,44,218,89,460,342,60,402,862
11/19/2002,TUS,AZ,AWP,WE,Combined TRACON& Tower with Radar,112,41,67,54,274,0,6,191,42,239,112,47,258,96,513,300,44,344,857
11/20/2002,TUS,AZ,AWP,WE,Combined TRACON& Tower with Radar,116,47,80,63,306,0,0,174,63,237,116,47,254,126,543,260,72,332,875
11/21/2002,TUS,AZ,AWP,WE,Combined TRACON& Tower with Radar,108,42,69,56,275,0,6,186,51,243,108,48,255,107,518,238,124,362,880
11/22/2002,TUS,AZ,AWP,WE,Combined TRACON& Tower with Radar,115,47,78,63,303,0,6,245,58,309,115,53,323,121,612,312,128,440,1052
11/23/2002,TUS,AZ,AWP,WE,Combined TRACON& Tower with Radar,77,27,44,12,160,28,10,263,0,301,105,37,307,12,461,360,0,360,821
11/24/2002,TUS,AZ,AWP,WE,Combined TRACON& Tower with Radar,95,33,54,18,200,11,13,208,0,232,106,46,262,18,432,366,12,378,810
11/25/2002,TUS,AZ,AWP,WE,Combined TRACON& Tower with Radar,106,43,71,57,277,0,6,139,52,197,106,49,210,109,474,226,54,280,754
11/26/2002,TUS,AZ,AWP,WE,Combined TRACON& Tower with Radar,109,40,82,65,296,0,0,129,81,210,109,40,211,146,506,176,80,256,762
11/27/2002,TUS,AZ,AWP,WE,Combined TRACON& Tower with Radar,115,41,67,54,277,0,2,132,17,151,115,43,199,71,428,152,32,184,612
11/28/2002,TUS,AZ,AWP,WE,Combined TRACON& Tower with Radar,56,19,32,8,115,19,10,54,0,83,75,29,86,8,198,24,0,24,222
11/29/2002,TUS,AZ,AWP,WE,Combined TRACON& Tower with Radar,73,25,41,8,147,14,13,93,0,120,87,38,134,8,267,106,0,106,373
11/30/2002,TUS,AZ,AWP,WE,Combined TRACON& Tower with Radar,78,27,44,11,160,22,6,119,0,147,100,33,163,11,307,232,0,232,539
12/01/2002,TUS,AZ,AWP,WE,Combined TRACON& Tower with Radar,98,33,55,14,200,5,3,207,0,215,103,36,262,14,415,342,2,344,759
12/02/2002,TUS,AZ,AWP,WE,Combined TRACON& Tower with Radar,95,36,69,64,264,0,0,132,36,168,95,36,201,100,432,252,86,338,770
12/03/2002,TUS,AZ,AWP,WE,Combined TRACON& Tower with Radar,117,39,81,77,314,0,0,190,72,262,117,39,271,149,576,342,80,422,998
12/04/2002,TUS,AZ,AWP,WE,Combined TRACON& Tower with Radar,109,45,77,74,305,0,0,179,72,251,109,45,256,146,556,366,84,450,1006
12/05/2002,TUS,AZ,AWP,WE,Combined TRACON& Tower with Radar,107,39,67,64,277,0,0,210,58,268,107,39,277,122,545,140,14,154,699
12/06/2002,TUS,AZ,AWP,WE,Combined TRACON& Tower with Radar,107,39,67,64,277,0,0,217,42,259,107,39,284,106,536,300,86,386,922
12/07/2002,TUS,AZ,AWP,WE,Combined TRACON& Tower with Radar,98,36,59,56,249,0,2,247,22,271,98,38,306,78,520,312,56,368,888
12/08/2002,TUS,AZ,AWP,WE,Combined TRACON& Tower with Radar,93,31,52,43,219,4,7,198,0,209,97,38,250,43,428,386,50,436,864
12/09/2002,TUS,AZ,AWP,WE,Combined TRACON& Tower with Radar,94,32,52,38,216,5,13,172,0,190,99,45,224,38,406,322,6,328,734
12/10/2002,TUS,AZ,AWP,WE,Combined TRACON& Tower with Radar,107,42,80,77,306,0,0,178,63,241,107,42,258,140,547,368,46,414,961
12/11/2002,TUS,AZ,AWP,WE,Combined TRACON& Tower with Radar,106,42,70,67,285,0,7,206,68,281,106,49,276,135,566,526,58,584,1150
12/12/2002,TUS,AZ,AWP,WE,Combined TRACON& Tower with Radar,108,43,72,68,291,0,8,193,69,270,108,51,265,137,561,280,156,436,997
12/13/2002,TUS,AZ,AWP,WE,Combined TRACON& Tower with Radar,109,40,71,69,289,0,0,250,70,320,109,40,321,139,609,400,160,560,1169
12/14/2002,TUS,AZ,AWP,WE,Combined TRACON& Tower with Radar,77,25,42,20,164,18,9,229,0,256,95,34,271,20,420,294,0,294,714
12/15/2002,TUS,AZ,AWP,WE,Combined TRACON& Tower with Radar,86,28,46,14,174,21,10,163,0,194,107,38,209,14,368,218,0,218,586
12/16/2002,TUS,AZ,AWP,WE,Combined TRACON& Tower with Radar,99,40,70,68,277,0,0,192,55,247,99,40,262,123,524,256,116,372,896
12/17/2002,TUS,AZ,AWP,WE,Combined TRACON& Tower with Radar,114,41,69,67,291,0,1,57,52,110,114,42,126,119,401,128,38,166,567
12/18/2002,TUS,AZ,AWP,WE,Combined TRACON& Tower with Radar,113,39,64,62,278,0,6,146,45,197,113,45,210,107,475,224,72,296,771
12/19/2002,TUS,AZ,AWP,WE,Combined TRACON& Tower with Radar,113,37,61,59,270,1,12,184,40,237,114,49,245,99,507,292,122,414,921
12/20/2002,TUS,AZ,AWP,WE,Combined TRACON& Tower with Radar,109,35,59,57,260,5,16,169,4,194,114,51,228,61,454,286,20,306,760
12/21/2002,TUS,AZ,AWP,WE,Combined TRACON& Tower with Radar,79,25,42,17,163,24,12,159,0,195,103,37,201,17,358,314,0,314,672
12/22/2002,TUS,AZ,AWP,WE,Combined TRACON& Tower with Radar,89,29,48,20,186,24,6,90,0,120,113,35,138,20,306,176,0,176,482
12/23/2002,TUS,AZ,AWP,WE,Combined TRACON& Tower with Radar,83,27,44,16,170,25,11,18,0,54,108,38,62,16,224,68,0,68,292
12/24/2002,TUS,AZ,AWP,WE,Combined TRACON& Tower with Radar,74,24,40,35,173,15,14,93,0,122,89,38,133,35,295,54,28,82,377
12/25/2002,TUS,AZ,AWP,WE,Combined TRACON& Tower with Radar,55,18,30,8,111,31,10,26,0,67,86,28,56,8,178,0,0,0,178
12/26/2002,TUS,AZ,AWP,WE,Combined TRACON& Tower with Radar,110,35,59,58,262,5,6,192,37,240,115,41,251,95,502,216,100,316,818
12/27/2002,TUS,AZ,AWP,WE,Combined TRACON& Tower with Radar,111,35,61,58,265,7,0,193,17,217,118,35,254,75,482,236,74,310,792
12/28/2002,TUS,AZ,AWP,WE,Combined TRACON& Tower with Radar,77,25,43,12,157,31,10,141,0,182,108,35,184,12,339,144,0,144,483
12/29/2002,TUS,AZ,AWP,WE,Combined TRACON& Tower with Radar,80,26,44,11,161,33,13,84,0,130,113,39,128,11,291,82,0,82,373
12/30/2002,TUS,AZ,AWP,WE,Combined TRACON& Tower with Radar,111,36,61,58,266,5,7,151,11,174,116,43,212,69,440,244,60,304,744
12/31/2002,TUS,AZ,AWP,WE,Combined TRACON& Tower with Radar,84,27,46,34,191,19,12,160,0,191,103,39,206,34,382,288,4,292,674
01/01/2003,TUS,AZ,AWP,WE,Combined TRACON& Tower with Radar,63,19,40,12,134,31,24,101,0,156,94,43,141,12,290,4,0,4,294
01/02/2003,TUS,AZ,AWP,WE,Combined TRACON& Tower with Radar,100,30,63,40,233,11,8,194,0,213,111,38,257,40,446,190,16,206,652
01/03/2003,TUS,AZ,AWP,WE,Combined TRACON& Tower with Radar,121,36,76,67,300,2,1,184,27,214,123,37,260,94,514,218,54,272,786
01/04/2003,TUS,AZ,AWP,WE,Combined TRACON& Tower with Radar,104,29,66,58,257,4,0,179,31,214,108,29,245,89,471,278,60,338,809
01/05/2003,TUS,AZ,AWP,WE,Combined TRACON& Tower with Radar,99,30,63,54,246,15,0,141,3,159,114,30,204,57,405,420,48,468,873
01/06/2003,TUS,AZ,AWP,WE,Combined TRACON& Tower with Radar,83,25,53,30,191,28,9,101,0,138,111,34,154,30,329,36,10,46,375
01/07/2003,TUS,AZ,AWP,WE,Combined TRACON& Tower with Radar,113,34,72,63,282,1,11,74,33,119,114,45,146,96,401,52,62,114,515
01/08/2003,TUS,AZ,AWP,WE,Combined TRACON& Tower with Radar,110,35,84,74,303,0,0,156,63,219,110,35,240,137,522,454,166,620,1142
01/09/2003,TUS,AZ,AWP,WE,Combined TRACON& Tower with Radar,128,39,81,71,319,3,1,182,52,238,131,40,263,123,557,346,92,438,995
01/10/2003,TUS,AZ,AWP,WE,Combined TRACON& Tower with Radar,118,39,82,72,311,0,0,231,57,288,118,39,313,129,599,412,176,588,1187
01/11/2003,TUS,AZ,AWP,WE,Combined TRACON& Tower with Radar,80,24,51,24,179,21,10,207,0,238,101,34,258,24,417,300,4,304,721
01/12/2003,TUS,AZ,AWP,WE,Combined TRACON& Tower with Radar,82,25,52,20,179,21,13,192,0,226,103,38,244,20,405,198,2,200,605
01/13/2003,TUS,AZ,AWP,WE,Combined TRACON& Tower with Radar,111,33,70,61,275,1,4,151,38,194,112,37,221,99,469,222,56,278,747
01/14/2003,TUS,AZ,AWP,WE,Combined TRACON& Tower with Radar,117,35,86,76,314,0,0,213,42,255,117,35,299,118,569,188,70,258,827
01/15/2003,TUS,AZ,AWP,WE,Combined TRACON& Tower with Radar,115,37,78,71,301,0,5,204,41,250,115,42,282,112,551,286,76,362,913
01/16/2003,TUS,AZ,AWP,WE,Combined TRACON& Tower with Radar,113,33,71,64,281,0,0,180,28,208,113,33,251,92,489,394,122,516,1005
01/17/2003,TUS,AZ,AWP,WE,Combined TRACON& Tower with Radar,117,38,80,72,307,0,5,236,31,272,117,43,316,103,579,416,120,536,1115
01/18/2003,TUS,AZ,AWP,WE,Combined TRACON& Tower with Radar,90,26,55,27,198,16,7,271,0,294,106,33,326,27,492,252,10,262,754
01/19/2003,TUS,AZ,AWP,WE,Combined TRACON& Tower with Radar,87,25,54,22,188,17,19,194,0,230,104,44,248,22,418,208,0,208,626
01/20/2003,TUS,AZ,AWP,WE,Combined TRACON& Tower with Radar,90,26,56,17,189,21,9,144,0,174,111,35,200,17,363,248,0,248,611
01/21/2003,TUS,AZ,AWP,WE,Combined TRACON& Tower with Radar,110,36,76,67,289,0,3,189,23,215,110,39,265,90,504,304,104,408,912
01/22/2003,TUS,AZ,AWP,WE,Combined TRACON& Tower with Radar,111,36,77,69,293,0,2,217,61,280,111,38,294,130,573,274,92,366,939
01/23/2003,TUS,AZ,AWP,WE,Combined TRACON& Tower with Radar,112,38,81,71,302,0,4,231,58,293,112,42,312,129,595,372,112,484,1079
01/24/2003,TUS,AZ,AWP,WE,Combined TRACON& Tower with Radar,119,40,86,77,322,0,3,240,14,257,119,43,326,91,579,298,78,376,955
01/25/2003,TUS,AZ,AWP,WE,Combined TRACON& Tower with Radar,91,26,56,20,193,11,9,237,0,257,102,35,293,20,450,368,0,368,818
01/26/2003,TUS,AZ,AWP,WE,Combined TRACON& Tower with Radar,86,25,52,29,192,19,10,135,0,164,105,35,187,29,356,226,0,226,582
01/27/2003,TUS,AZ,AWP,WE,Combined TRACON& Tower with Radar,110,36,76,67,289,0,11,213,25,249,110,47,289,92,538,250,124,374,912
01/28/2003,TUS,AZ,AWP,WE,Combined TRACON& Tower with Radar,114,38,81,71,304,0,3,234,34,271,114,41,315,105,575,364,56,420,995
01/29/2003,TUS,AZ,AWP,WE,Combined TRACON& Tower with Radar,115,37,78,69,299,0,1,223,47,271,115,38,301,116,570,360,92,452,1022
01/30/2003,TUS,AZ,AWP,WE,Combined TRACON& Tower with Radar,111,41,87,76,315,0,2,228,62,292,111,43,315,138,607,432,146,578,1185
01/31/2003,TUS,AZ,AWP,WE,Combined TRACON& Tower with Radar,114,36,78,69,297,0,3,243,33,279,114,39,321,102,576,372,94,466,1042
02/01/2003,TUS,AZ,AWP,WE,Combined TRACON& Tower with Radar,107,33,70,56,266,1,2,196,45,244,108,35,266,101,510,314,124,438,948
02/02/2003,TUS,AZ,AWP,WE,Combined TRACON& Tower with Radar,86,27,56,23,192,18,12,108,0,138,104,39,164,23,330,48,0,48,378
02/03/2003,TUS,AZ,AWP,WE,Combined TRACON& Tower with Radar,110,34,72,49,265,4,21,202,0,227,114,55,274,49,492,212,12,224,716
02/04/2003,TUS,AZ,AWP,WE,Combined TRACON& Tower with Radar,113,37,92,73,315,0,0,166,70,236,113,37,258,143,551,252,180,432,983
02/05/2003,TUS,AZ,AWP,WE,Combined TRACON& Tower with Radar,117,37,79,63,296,0,9,199,31,239,117,46,278,94,535,202,74,276,811
02/06/2003,TUS,AZ,AWP,WE,Combined TRACON& Tower with Radar,111,35,73,59,278,1,7,190,51,249,112,42,263,110,527,324,112,436,963
02/07/2003,TUS,AZ,AWP,WE,Combined TRACON& Tower with Radar,116,42,90,72,320,0,7,219,36,262,116,49,309,108,582,302,106,408,990
02/08/2003,TUS,AZ,AWP,WE,Combined TRACON& Tower with Radar,85,26,56,16,183,21,6,136,0,163,106,32,192,16,346,200,0,200,546
02/09/2003,TUS,AZ,AWP,WE,Combined TRACON& Tower with Radar,92,28,61,16,197,15,8,187,0,210,107,36,248,16,407,96,0,96,503
02/10/2003,TUS,AZ,AWP,WE,Combined TRACON& Tower with Radar,111,41,87,69,308,0,4,151,67,222,111,45,238,136,530,272,168,440,970
02/11/2003,TUS,AZ,AWP,WE,Combined TRACON& Tower with Radar,113,38,88,71,310,0,0,187,77,264,113,38,275,148,574,326,76,402,976
02/12/2003,TUS,AZ,AWP,WE,Combined TRACON& Tower with Radar,117,36,77,61,291,1,1,101,41,144,118,37,178,102,435,258,68,326,761
02/13/2003,TUS,AZ,AWP,WE,Combined TRACON& Tower with Radar,114,41,88,71,314,0,1,84,18,103,114,42,172,89,417,142,36,178,595
02/14/2003,TUS,AZ,AWP,WE,Combined TRACON& Tower with Radar,122,39,84,67,312,0,1,53,32,86,122,40,137,99,398,118,30,148,546
02/15/2003,TUS,AZ,AWP,WE,Combined TRACON& Tower with Radar,94,28,62,15,199,13,14,195,0,222,107,42,257,15,421,330,0,330,751
02/16/2003,TUS,AZ,AWP,WE,Combined TRACON& Tower with Radar,103,30,66,9,208,13,4,93,0,110,116,34,159,9,318,254,20,274,592
02/17/2003,TUS,AZ,AWP,WE,Combined TRACON& Tower with Radar,95,28,61,14,198,19,6,222,0,247,114,34,283,14,445,196,0,196,641
02/18/2003,TUS,AZ,AWP,WE,Combined TRACON& Tower with Radar,118,34,77,63,292,0,0,186,28,214,118,34,263,91,506,238,78,316,822
02/19/2003,TUS,AZ,AWP,WE,Combined TRACON& Tower with Radar,123,35,88,72,318,0,0,227,55,282,123,35,315,127,600,316,94,410,1010
02/20/2003,TUS,AZ,AWP,WE,Combined TRACON& Tower with Radar,125,39,85,69,318,0,7,155,32,194,125,46,240,101,512,238,138,376,888
02/21/2003,TUS,AZ,AWP,WE,Combined TRACON& Tower with Radar,122,36,79,64,301,5,7,220,15,247,127,43,299,79,548,264,60,324,872
02/22/2003,TUS,AZ,AWP,WE,Combined TRACON& Tower with Radar,87,26,55,21,189,22,16,219,0,257,109,42,274,21,446,300,0,300,746
02/23/2003,TUS,AZ,AWP,WE,Combined TRACON& Tower with Radar,99,29,64,35,227,16,4,209,0,229,115,33,273,35,456,206,4,210,666
02/24/2003,TUS,AZ,AWP,WE,Combined TRACON& Tower with Radar,111,35,76,62,284,0,11,128,25,164,111,46,204,87,448,182,58,240,688
02/25/2003,TUS,AZ,AWP,WE,Combined TRACON& Tower with Radar,106,31,69,56,262,7,2,36,9,54,113,33,105,65,316,64,30,94,410
02/26/2003,TUS,AZ,AWP,WE,Combined TRACON& Tower with Radar,118,35,76,61,290,1,0,98,20,119,119,35,174,81,409,180,34,214,623
02/27/2003,TUS,AZ,AWP,WE,Combined TRACON& Tower with Radar,119,36,79,64,298,0,4,157,35,196,119,40,236,99,494,200,96,296,790
02/28/2003,TUS,AZ,AWP,WE,Combined TRACON& Tower with Radar,123,36,85,68,312,0,0,163,36,199,123,36,248,104,511,218,66,284,795
03/01/2003,TUS,AZ,AWP,WE,Combined TRACON& Tower with Radar,100,33,63,50,246,0,3,180,13,196,100,36,243,63,442,216,44,260,702
03/02/2003,TUS,AZ,AWP,WE,Combined TRACON& Tower with Radar,112,32,66,53,263,7,0,70,6,83,119,32,136,59,346,132,4,136,482
03/03/2003,TUS,AZ,AWP,WE,Combined TRACON& Tower with Radar,100,31,59,46,236,16,7,213,0,236,116,38,272,46,472,300,18,318,790
03/04/2003,TUS,AZ,AWP,WE,Combined TRACON& Tower with Radar,122,38,74,59,293,0,0,184,21,205,122,38,258,80,498,124,46,170,668
03/05/2003,TUS,AZ,AWP,WE,Combined TRACON& Tower with Radar,121,41,81,64,307,0,3,183,42,228,121,44,264,106,535,240,30,270,805
03/06/2003,TUS,AZ,AWP,WE,Combined TRACON& Tower with Radar,117,37,78,61,293,0,0,260,32,292,117,37,338,93,585,382,118,500,1085
03/07/2003,TUS,AZ,AWP,WE,Combined TRACON& Tower with Radar,125,35,79,62,301,0,0,203,61,264,125,35,282,123,565,430,106,536,1101
03/08/2003,TUS,AZ,AWP,WE,Combined TRACON& Tower with Radar,89,27,53,21,190,21,15,245,0,281,110,42,298,21,471,250,0,250,721
03/09/2003,TUS,AZ,AWP,WE,Combined TRACON& Tower with Radar,95,29,57,12,193,20,20,206,0,246,115,49,263,12,439,212,0,212,651
03/10/2003,TUS,AZ,AWP,WE,Combined TRACON& Tower with Radar,118,40,77,61,296,0,9,167,35,211,118,49,244,96,507,276,82,358,865
03/11/2003,TUS,AZ,AWP,WE,Combined TRACON& Tower with Radar,122,40,78,62,302,0,2,196,60,258,122,42,274,122,560,338,80,418,978
03/12/2003,TUS,AZ,AWP,WE,Combined TRACON& Tower with Radar,121,37,73,58,289,0,6,206,32,244,121,43,279,90,533,230,58,288,821
03/13/2003,TUS,AZ,AWP,WE,Combined TRACON& Tower with Radar,122,38,79,63,302,0,0,184,48,232,122,38,263,111,534,344,68,412,946
03/14/2003,TUS,AZ,AWP,WE,Combined TRACON& Tower with Radar,123,36,73,59,291,4,11,191,22,228,127,47,264,81,519,288,88,376,895
03/15/2003,TUS,AZ,AWP,WE,Combined TRACON& Tower with Radar,91,27,54,24,196,19,13,170,0,202,110,40,224,24,398,164,0,164,562
03/16/2003,TUS,AZ,AWP,WE,Combined TRACON& Tower with Radar,105,31,62,17,215,12,18,60,0,90,117,49,122,17,305,38,0,38,343
03/17/2003,TUS,AZ,AWP,WE,Combined TRACON& Tower with Radar,112,33,67,53,265,2,16,59,25,102,114,49,126,78,367,78,40,118,485
03/18/2003,TUS,AZ,AWP,WE,Combined TRACON& Tower with Radar,116,35,71,56,278,0,8,81,31,120,116,43,152,87,398,82,28,110,508
03/19/2003,TUS,AZ,AWP,WE,Combined TRACON& Tower with Radar,112,42,83,66,303,0,0,191,36,227,112,42,274,102,530,254,82,336,866
03/20/2003,TUS,AZ,AWP,WE,Combined TRACON& Tower with Radar,117,44,86,69,316,0,1,214,65,280,117,45,300,134,596,384,82,466,1062
03/21/2003,TUS,AZ,AWP,WE,Combined TRACON& Tower with Radar,115,34,67,53,269,9,13,182,7,211,124,47,249,60,480,178,28,206,686
03/22/2003,TUS,AZ,AWP,WE,Combined TRACON& Tower with Radar,88,26,51,21,186,26,8,194,0,228,114,34,245,21,414,192,0,192,606
03/23/2003,TUS,AZ,AWP,WE,Combined TRACON& Tower with Radar,93,27,54,11,185,21,11,185,0,217,114,38,239,11,402,210,0,210,612
03/24/2003,TUS,AZ,AWP,WE,Combined TRACON& Tower with Radar,119,39,76,61,295,0,4,138,29,171,119,43,214,90,466,140,96,236,702
03/25/2003,TUS,AZ,AWP,WE,Combined TRACON& Tower with Radar,122,39,78,62,301,0,3,176,43,222,122,42,254,105,523,260,62,322,845
03/26/2003,TUS,AZ,AWP,WE,Combined TRACON& Tower with Radar,123,42,82,66,313,0,2,214,55,271,123,44,296,121,584,206,92,298,882
03/27/2003,TUS,AZ,AWP,WE,Combined TRACON& Tower with Radar,119,32,71,57,279,0,0,125,45,170,119,32,196,102,449,154,40,194,643
03/28/2003,TUS,AZ,AWP,WE,Combined TRACON& Tower with Radar,127,33,76,61,297,0,0,177,65,242,127,33,253,126,539,222,16,238,777
03/29/2003,TUS,AZ,AWP,WE,Combined TRACON& Tower with Radar,95,28,55,30,208,19,12,97,0,128,114,40,152,30,336,200,0,200,536
03/30/2003,TUS,AZ,AWP,WE,Combined TRACON& Tower with Radar,93,27,53,24,197,30,6,123,0,159,123,33,176,24,356,138,0,138,494
03/31/2003,TUS,AZ,AWP,WE,Combined TRACON& Tower with Radar,120,35,71,56,282,0,0,145,50,195,120,35,216,106,477,206,62,268,745
04/01/2003,TUS,AZ,AWP,WE,Combined TRACON& Tower with Radar,118,40,65,65,288,1,0,160,28,189,119,40,225,93,477,134,74,208,685
04/02/2003,TUS,AZ,AWP,WE,Combined TRACON& Tower with Radar,121,47,68,67,303,3,5,104,24,136,124,52,172,91,439,98,56,154,593
04/03/2003,TUS,AZ,AWP,WE,Combined TRACON& Tower with Radar,118,37,70,69,294,0,0,185,39,224,118,37,255,108,518,72,50,122,640
04/04/2003,TUS,AZ,AWP,WE,Combined TRACON& Tower with Radar,112,43,64,62,281,9,0,188,23,220,121,43,252,85,501,212,112,324,825
04/05/2003,TUS,AZ,AWP,WE,Combined TRACON& Tower with Radar,99,37,56,55,247,10,0,163,33,206,109,37,219,88,453,274,84,358,811
04/06/2003,TUS,AZ,AWP,WE,Combined TRACON& Tower with Radar,96,37,54,53,240,0,14,187,16,217,96,51,241,69,457,204,48,252,709
04/07/2003,TUS,AZ,AWP,WE,Combined TRACON& Tower with Radar,86,34,49,21,190,20,15,180,0,215,106,49,229,21,405,114,2,116,521
04/08/2003,TUS,AZ,AWP,WE,Combined TRACON& Tower with Radar,106,41,60,58,265,0,10,115,18,143,106,51,175,76,408,92,42,134,542
04/09/2003,TUS,AZ,AWP,WE,Combined TRACON& Tower with Radar,107,45,66,64,282,0,2,132,59,193,107,47,198,123,475,186,48,234,709
04/10/2003,TUS,AZ,AWP,WE,Combined TRACON& Tower with Radar,107,43,69,67,286,0,0,212,47,259,107,43,281,114,545,250,114,364,909
04/11/2003,TUS,AZ,AWP,WE,Combined TRACON& Tower with Radar,113,48,76,74,311,0,0,228,52,280,113,48,304,126,591,248,118,366,957
04/12/2003,TUS,AZ,AWP,WE,Combined TRACON& Tower with Radar,71,28,41,18,158,24,10,236,0,270,95,38,277,18,428,318,0,318,746
04/13/2003,TUS,AZ,AWP,WE,Combined TRACON& Tower with Radar,89,35,50,18,192,17,12,197,0,226,106,47,247,18,418,140,0,140,558
04/14/2003,TUS,AZ,AWP,WE,Combined TRACON& Tower with Radar,104,49,72,70,295,0,3,90,75,168,104,52,162,145,463,106,68,174,637
04/15/2003,TUS,AZ,AWP,WE,Combined TRACON& Tower with Radar,110,43,62,61,276,5,7,93,16,121,115,50,155,77,397,188,54,242,639
04/16/2003,TUS,AZ,AWP,WE,Combined TRACON& Tower with Radar,107,46,74,74,301,0,0,251,74,325,107,46,325,148,626,196,70,266,892
04/17/2003,TUS,AZ,AWP,WE,Combined TRACON& Tower with Radar,103,41,61,60,265,0,16,131,38,185,103,57,192,98,450,158,76,234,684
04/18/2003,TUS,AZ,AWP,WE,Combined TRACON& Tower with Radar,100,38,56,56,250,11,16,220,13,260,111,54,276,69,510,480,54,534,1044
04/19/2003,TUS,AZ,AWP,WE,Combined TRACON& Tower with Radar,72,27,41,20,160,23,13,142,0,178,95,40,183,20,338,212,0,212,550
04/20/2003,TUS,AZ,AWP,WE,Combined TRACON& Tower with Radar,83,31,47,17,178,16,18,123,0,157,99,49,170,17,335,84,0,84,419
04/21/2003,TUS,AZ,AWP,WE,Combined TRACON& Tower with Radar,103,40,61,60,264,0,17,180,6,203,103,57,241,66,467,228,46,274,741
04/22/2003,TUS,AZ,AWP,WE,Combined TRACON& Tower with Radar,105,39,58,58,260,0,17,111,32,160,105,56,169,90,420,90,70,160,580
04/23/2003,TUS,AZ,AWP,WE,Combined TRACON& Tower with Radar,105,45,67,67,284,0,10,221,34,265,105,55,288,101,549,390,62,452,1001
04/24/2003,TUS,AZ,AWP,WE,Combined TRACON& Tower with Radar,111,45,67,66,289,0,11,204,48,263,111,56,271,114,552,372,104,476,1028
04/25/2003,TUS,AZ,AWP,WE,Combined TRACON& Tower with Radar,111,47,69,69,296,0,13,227,23,263,111,60,296,92,559,380,80,460,1019
04/26/2003,TUS,AZ,AWP,WE,Combined TRACON& Tower with Radar,81,30,45,19,175,11,12,258,0,281,92,42,303,19,456,216,0,216,672
04/27/2003,TUS,AZ,AWP,WE,Combined TRACON& Tower with Radar,82,30,45,24,181,17,21,157,0,195,99,51,202,24,376,200,0,200,576
04/28/2003,TUS,AZ,AWP,WE,Combined TRACON& Tower with Radar,100,40,60,59,259,0,12,164,24,200,100,52,224,83,459,218,50,268,727
04/29/2003,TUS,AZ,AWP,WE,Combined TRACON& Tower with Radar,107,44,64,64,279,0,1,184,33,218,107,45,248,97,497,242,36,278,775
04/30/2003,TUS,AZ,AWP,WE,Combined TRACON& Tower with Radar,105,41,61,60,267,0,10,175,21,206,105,51,236,81,473,320,72,392,865
05/01/2003,TUS,AZ,AWP,WE,Combined TRACON& Tower with Radar,108,47,71,74,300,0,0,250,18,268,108,47,321,92,568,300,104,404,972
05/02/2003,TUS,AZ,AWP,WE,Combined TRACON& Tower with Radar,110,48,70,73,301,0,1,206,27,234,110,49,276,100,535,330,82,412,947
05/03/2003,TUS,AZ,AWP,WE,Combined TRACON& Tower with Radar,80,33,49,52,214,11,8,133,3,155,91,41,182,55,369,160,54,214,583
05/04/2003,TUS,AZ,AWP,WE,Combined TRACON& Tower with Radar,79,33,48,43,203,11,11,117,0,139,90,44,165,43,342,50,4,54,396
05/05/2003,TUS,AZ,AWP,WE,Combined TRACON& Tower with Radar,70,29,43,22,164,18,25,140,0,183,88,54,183,22,347,214,0,214,561
05/06/2003,TUS,AZ,AWP,WE,Combined TRACON& Tower with Radar,89,43,62,66,260,0,10,139,44,193,89,53,201,110,453,146,58,204,657
05/07/2003,TUS,AZ,AWP,WE,Combined TRACON& Tower with Radar,101,44,65,68,278,0,12,181,6,199,101,56,246,74,477,186,34,220,697
05/08/2003,TUS,AZ,AWP,WE,Combined TRACON& Tower with Radar,97,45,67,70,279,0,6,205,36,247,97,51,272,106,526,262,96,358,884
05/09/2003,TUS,AZ,AWP,WE,Combined TRACON& Tower with Radar,104,43,64,67,278,1,9,190,26,226,105,52,254,93,504,242,130,372,876
05/10/2003,TUS,AZ,AWP,WE,Combined TRACON& Tower with Radar,67,28,40,19,154,21,18,209,0,248,88,46,249,19,402,258,0,258,660
05/11/2003,TUS,AZ,AWP,WE,Combined TRACON& Tower with Radar,65,27,40,15,147,24,12,153,0,189,89,39,193,15,336,104,0,104,440
05/12/2003,TUS,AZ,AWP,WE,Combined TRACON& Tower with Radar,94,41,61,64,260,0,2,138,43,183,94,43,199,107,443,234,64,298,741
05/13/2003,TUS,AZ,AWP,WE,Combined TRACON& Tower with Radar,95,44,65,68,272,0,10,185,42,237,95,54,250,110,509,480,46,526,1035
05/14/2003,TUS,AZ,AWP,WE,Combined TRACON& Tower with Radar,101,46,72,77,296,0,0,203,63,266,101,46,275,140,562,358,80,438,1000
05/15/2003,TUS,AZ,AWP,WE,Combined TRACON& Tower with Radar,97,47,69,73,286,0,5,226,5,236,97,52,295,78,522,358,68,426,948
05/16/2003,TUS,AZ,AWP,WE,Combined TRACON& Tower with Radar,104,50,73,77,304,0,2,223,46,271,104,52,296,123,575,396,42,438,1013
05/17/2003,TUS,AZ,AWP,WE,Combined TRACON& Tower with Radar,73,30,44,26,173,17,7,205,0,229,90,37,249,26,402,236,0,236,638
05/18/2003,TUS,AZ,AWP,WE,Combined TRACON& Tower with Radar,87,35,53,35,210,17,0,166,0,183,104,35,219,35,393,266,222,488,881
05/19/2003,TUS,AZ,AWP,WE,Combined TRACON& Tower with Radar,95,48,73,75,291,0,3,144,54,201,95,51,217,129,492,294,230,524,1016
05/20/2003,TUS,AZ,AWP,WE,Combined TRACON& Tower with Radar,96,45,71,74,286,0,0,170,39,209,96,45,241,113,495,336,102,438,933
05/21/2003,TUS,AZ,AWP,WE,Combined TRACON& Tower with Radar,100,46,68,70,284,0,0,140,89,229,100,46,208,159,513,268,110,378,891
05/22/2003,TUS,AZ,AWP,WE,Combined TRACON& Tower with Radar,98,46,68,70,282,0,5,191,51,247,98,51,259,121,529,206,82,288,817
05/23/2003,TUS,AZ,AWP,WE,Combined TRACON& Tower with Radar,100,44,66,69,279,0,7,192,24,223,100,51,258,93,502,318,76,394,896
05/24/2003,TUS,AZ,AWP,WE,Combined TRACON& Tower with Radar,62,24,37,12,135,23,13,196,0,232,85,37,233,12,367,262,0,262,629
05/25/2003,TUS,AZ,AWP,WE,Combined TRACON& Tower with Radar,59,24,35,7,125,26,13,135,0,174,85,37,170,7,299,192,2,194,493
05/26/2003,TUS,AZ,AWP,WE,Combined TRACON& Tower with Radar,68,27,42,18,155,16,15,134,0,165,84,42,176,18,320,148,4,152,472
05/27/2003,TUS,AZ,AWP,WE,Combined TRACON& Tower with Radar,98,40,59,62,259,0,10,163,29,202,98,50,222,91,461,228,110,338,799
05/28/2003,TUS,AZ,AWP,WE,Combined TRACON& Tower with Radar,99,43,66,69,277,0,0,141,64,205,99,43,207,133,482,366,74,440,922
05/29/2003,TUS,AZ,AWP,WE,Combined TRACON& Tower with Radar,99,40,61,63,263,0,3,140,48,191,99,43,201,111,454,168,130,298,752
05/30/2003,TUS,AZ,AWP,WE,Combined TRACON& Tower with Radar,92,37,56,58,243,5,8,177,4,194,97,45,233,62,437,334,78,412,849
05/31/2003,TUS,AZ,AWP,WE,Combined TRACON& Tower with Radar,65,26,39,32,162,21,14,198,0,233,86,40,237,32,395,468,0,468,863
06/01/2003,TUS,AZ,AWP,WE,Combined TRACON& Tower with Radar,70,28,39,12,149,26,11,150,0,187,96,39,189,12,336,214,0,214,550
06/02/2003,TUS,AZ,AWP,WE,Combined TRACON& Tower with Radar,99,40,56,51,246,0,3,152,46,201,99,43,208,97,447,178,50,228,675
06/03/2003,TUS,AZ,AWP,WE,Combined TRACON& Tower with Radar,105,42,59,53,259,0,3,160,19,182,105,45,219,72,441,218,70,288,729
06/04/2003,TUS,AZ,AWP,WE,Combined TRACON& Tower with Radar,104,43,61,55,263,0,7,168,23,198,104,50,229,78,461,164,72,236,697
06/05/2003,TUS,AZ,AWP,WE,Combined TRACON& Tower with Radar,103,43,63,58,267,0,0,163,43,206,103,43,226,101,473,272,92,364,837
06/06/2003,TUS,AZ,AWP,WE,Combined TRACON& Tower with Radar,108,43,59,54,264,1,1,199,24,225,109,44,258,78,489,294,32,326,815
06/07/2003,TUS,AZ,AWP,WE,Combined TRACON& Tower with Radar,75,30,42,30,177,19,14,157,0,190,94,44,199,30,367,194,14,208,575
06/08/2003,TUS,AZ,AWP,WE,Combined TRACON& Tower with Radar,98,39,55,47,239,0,11,163,0,174,98,50,218,47,413,280,72,352,765
06/09/2003,TUS,AZ,AWP,WE,Combined TRACON& Tower with Radar,88,35,48,33,204,12,12,165,0,189,100,47,213,33,393,216,4,220,613
06/10/2003,TUS,AZ,AWP,WE,Combined TRACON& Tower with Radar,102,43,61,56,262,0,3,171,45,219,102,46,232,101,481,186,72,258,739
06/11/2003,TUS,AZ,AWP,WE,Combined TRACON& Tower with Radar,102,44,61,56,263,0,6,165,33,204,102,50,226,89,467,298,30,328,795
06/12/2003,TUS,AZ,AWP,WE,Combined TRACON& Tower with Radar,93,42,59,53,247,0,4,195,43,242,93,46,254,96,489,474,142,616,1105
06/13/2003,TUS,AZ,AWP,WE,Combined TRACON& Tower with Radar,101,45,61,57,264,0,11,185,29,225,101,56,246,86,489,348,28,376,865
06/14/2003,TUS,AZ,AWP,WE,Combined TRACON& Tower with Radar,70,28,37,8,143,22,10,150,0,182,92,38,187,8,325,124,0,124,449
06/15/2003,TUS,AZ,AWP,WE,Combined TRACON& Tower with Radar,69,26,37,12,144,19,8,137,0,164,88,34,174,12,308,124,0,124,432
06/16/2003,TUS,AZ,AWP,WE,Combined TRACON& Tower with Radar,91,38,54,51,234,0,8,152,42,202,91,46,206,93,436,178,78,256,692
06/17/2003,TUS,AZ,AWP,WE,Combined TRACON& Tower with Radar,94,45,63,59,261,0,0,147,49,196,94,45,210,108,457,154,64,218,675
06/18/2003,TUS,AZ,AWP,WE,Combined TRACON& Tower with Radar,93,40,57,52,242,0,4,207,41,252,93,44,264,93,494,140,32,172,666
06/19/2003,TUS,AZ,AWP,WE,Combined TRACON& Tower with Radar,98,45,64,58,265,0,8,185,53,246,98,53,249,111,511,134,24,158,669
06/20/2003,TUS,AZ,AWP,WE,Combined TRACON& Tower with Radar,95,36,51,48,230,4,14,187,21,226,99,50,238,69,456,162,10,172,628
06/21/2003,TUS,AZ,AWP,WE,Combined TRACON& Tower with Radar,73,28,39,20,160,13,17,214,0,244,86,45,253,20,404,176,0,176,580
06/22/2003,TUS,AZ,AWP,WE,Combined TRACON& Tower with Radar,72,27,39,36,174,19,13,203,25,260,91,40,242,61,434,94,0,94,528
06/23/2003,TUS,AZ,AWP,WE,Combined TRACON& Tower with Radar,91,40,57,52,240,0,10,203,33,246,91,50,260,85,486,242,12,254,740
06/24/2003,TUS,AZ,AWP,WE,Combined TRACON& Tower with Radar,96,42,59,54,251,0,0,212,35,247,96,42,271,89,498,188,26,214,712
06/25/2003,TUS,AZ,AWP,WE,Combined TRACON& Tower with Radar,97,43,59,55,254,0,2,209,38,249,97,45,268,93,503,378,20,398,901
06/26/2003,TUS,AZ,AWP,WE,Combined TRACON& Tower with Radar,94,39,56,50,239,0,13,194,25,232,94,52,250,75,471,174,30,204,675
06/27/2003,TUS,AZ,AWP,WE,Combined TRACON& Tower with Radar,101,40,58,51,250,0,8,211,30,249,101,48,269,81,499,210,70,280,779
06/28/2003,TUS,AZ,AWP,WE,Combined TRACON& Tower with Radar,65,25,36,10,136,21,20,155,0,196,86,45,191,10,332,254,0,254,586
06/29/2003,TUS,AZ,AWP,WE,Combined TRACON& Tower with Radar,66,25,36,17,144,24,15,143,0,182,90,40,179,17,326,182,0,182,508
06/30/2003,TUS,AZ,AWP,WE,Combined TRACON& Tower with Radar,88,33,48,44,213,5,10,172,8,195,93,43,220,52,408,174,12,186,594
07/01/2003,TUS,AZ,AWP,WE,Combined TRACON& Tower with Radar,85,32,40,37,194,11,11,146,0,168,96,43,186,37,362,194,0,194,556
07/02/2003,TUS,AZ,AWP,WE,Combined TRACON& Tower with Radar,90,34,43,57,224,7,12,177,8,204,97,46,220,65,428,96,8,104,532
07/03/2003,TUS,AZ,AWP,WE,Combined TRACON& Tower with Radar,100,38,47,63,248,1,2,176,16,195,101,40,223,79,443,204,60,264,707
07/04/2003,TUS,AZ,AWP,WE,Combined TRACON& Tower with Radar,56,22,27,17,122,23,12,124,0,159,79,34,151,17,281,124,0,124,405
07/05/2003,TUS,AZ,AWP,WE,Combined TRACON& Tower with Radar,55,21,27,31,134,23,13,118,0,154,78,34,145,31,288,214,0,214,502
07/06/2003,TUS,AZ,AWP,WE,Combined TRACON& Tower with Radar,71,27,33,32,163,17,12,126,0,155,88,39,159,32,318,88,0,88,406
07/07/2003,TUS,AZ,AWP,WE,Combined TRACON& Tower with Radar,94,42,53,69,258,0,0,141,57,198,94,42,194,126,456,160,70,230,686
07/08/2003,TUS,AZ,AWP,WE,Combined TRACON& Tower with Radar,97,39,50,65,251,0,5,166,58,229,97,44,216,123,480,186,74,260,740
07/09/2003,TUS,AZ,AWP,WE,Combined TRACON& Tower with Radar,105,41,53,70,269,0,0,113,54,167,105,41,166,124,436,50,54,104,540
07/10/2003,TUS,AZ,AWP,WE,Combined TRACON& Tower with Radar,98,38,48,63,247,0,1,175,53,229,98,39,223,116,476,142,70,212,688
07/11/2003,TUS,AZ,AWP,WE,Combined TRACON& Tower with Radar,99,39,48,64,250,0,0,177,24,201,99,39,225,88,451,262,60,322,773
07/12/2003,TUS,AZ,AWP,WE,Combined TRACON& Tower with Radar,77,29,37,48,191,12,11,127,0,150,89,40,164,48,341,166,16,182,523
07/13/2003,TUS,AZ,AWP,WE,Combined TRACON& Tower with Radar,78,29,38,38,183,18,12,109,0,139,96,41,147,38,322,76,20,96,418
07/14/2003,TUS,AZ,AWP,WE,Combined TRACON& Tower with Radar,73,27,35,23,158,18,12,149,0,179,91,39,184,23,337,104,0,104,441
07/15/2003,TUS,AZ,AWP,WE,Combined TRACON& Tower with Radar,95,42,54,71,262,0,3,126,45,174,95,45,180,116,436,196,56,252,688
07/16/2003,TUS,AZ,AWP,WE,Combined TRACON& Tower with Radar,100,44,58,75,277,0,2,141,66,209,100,46,199,141,486,266,80,346,832
07/17/2003,TUS,AZ,AWP,WE,Combined TRACON& Tower with Radar,97,42,57,73,269,0,0,85,52,137,97,42,142,125,406,148,74,222,628
07/18/2003,TUS,AZ,AWP,WE,Combined TRACON& Tower with Radar,98,44,58,76,276,0,0,125,42,167,98,44,183,118,443,218,92,310,753
07/19/2003,TUS,AZ,AWP,WE,Combined TRACON& Tower with Radar,65,24,31,16,136,17,20,126,0,163,82,44,157,16,299,178,0,178,477
07/20/2003,TUS,AZ,AWP,WE,Combined TRACON& Tower with Radar,71,26,33,20,150,20,9,127,0,156,91,35,160,20,306,80,0,80,386
07/21/2003,TUS,AZ,AWP,WE,Combined TRACON& Tower with Radar,93,41,53,70,257,0,0,100,60,160,93,41,153,130,417,124,92,216,633
07/22/2003,TUS,AZ,AWP,WE,Combined TRACON& Tower with Radar,96,42,55,71,264,0,0,129,64,193,96,42,184,135,457,198,72,270,727
07/23/2003,TUS,AZ,AWP,WE,Combined TRACON& Tower with Radar,98,41,52,68,259,0,1,117,48,166,98,42,169,116,425,160,96,256,681
07/24/2003,TUS,AZ,AWP,WE,Combined TRACON& Tower with Radar,99,41,53,68,261,0,10,125,34,169,99,51,178,102,430,178,52,230,660
07/25/2003,TUS,AZ,AWP,WE,Combined TRACON& Tower with Radar,104,42,53,70,269,0,0,171,17,188,104,42,224,87,457,100,40,140,597
07/26/2003,TUS,AZ,AWP,WE,Combined TRACON& Tower with Radar,64,23,29,12,128,22,16,135,0,173,86,39,164,12,301,196,0,196,497
07/27/2003,TUS,AZ,AWP,WE,Combined TRACON& Tower with Radar,67,24,32,17,140,26,14,112,0,152,93,38,144,17,292,230,0,230,522
07/28/2003,TUS,AZ,AWP,WE,Combined TRACON& Tower with Radar,91,36,46,60,233,0,5,78,45,128,91,41,124,105,361,92,82,174,535
07/29/2003,TUS,AZ,AWP,WE,Combined TRACON& Tower with Radar,108,39,52,66,265,2,5,99,35,141,110,44,151,101,406,130,50,180,586
07/30/2003,TUS,AZ,AWP,WE,Combined TRACON& Tower with Radar,100,43,56,72,271,0,7,123,47,177,100,50,179,119,448,222,50,272,720
07/31/2003,TUS,AZ,AWP,WE,Combined TRACON& Tower with Radar,96,36,47,60,239,0,14,115,21,150,96,50,162,81,389,132,94,226,615
08/01/2003,TUS,AZ,AWP,WE,Combined TRACON& Tower with Radar,98,41,49,59,247,0,5,126,19,150,98,46,175,78,397,202,60,262,659
08/02/2003,TUS,AZ,AWP,WE,Combined TRACON& Tower with Radar,77,31,37,45,190,8,7,128,24,167,85,38,165,69,357,248,62,310,667
08/03/2003,TUS,AZ,AWP,WE,Combined TRACON& Tower with Radar,83,34,40,41,198,6,3,132,0,141,89,37,172,41,339,122,8,130,469
08/04/2003,TUS,AZ,AWP,WE,Combined TRACON& Tower with Radar,78,32,37,46,193,13,19,133,2,167,91,51,170,48,360,164,0,164,524
08/05/2003,TUS,AZ,AWP,WE,Combined TRACON& Tower with Radar,95,43,52,62,252,0,4,116,49,169,95,47,168,111,421,262,54,316,737
08/06/2003,TUS,AZ,AWP,WE,Combined TRACON& Tower with Radar,94,44,53,64,255,0,13,109,40,162,94,57,162,104,417,160,60,220,637
08/07/2003,TUS,AZ,AWP,WE,Combined TRACON& Tower with Radar,93,43,51,62,249,0,7,129,49,185,93,50,180,111,434,148,32,180,614
08/08/2003,TUS,AZ,AWP,WE,Combined TRACON& Tower with Radar,99,43,52,62,256,0,9,116,34,159,99,52,168,96,415,228,28,256,671
08/09/2003,TUS,AZ,AWP,WE,Combined TRACON& Tower with Radar,62,26,30,23,141,24,16,136,0,176,86,42,166,23,317,220,0,220,537
08/10/2003,TUS,AZ,AWP,WE,Combined TRACON& Tower with Radar,62,26,30,20,138,24,6,139,0,169,86,32,169,20,307,158,0,158,465
08/11/2003,TUS,AZ,AWP,WE,Combined TRACON& Tower with Radar,88,38,45,54,225,0,4,60,38,102,88,42,105,92,327,60,68,128,455
08/12/2003,TUS,AZ,AWP,WE,Combined TRACON& Tower with Radar,93,39,47,56,235,0,9,105,35,149,93,48,152,91,384,96,54,150,534
08/13/2003,TUS,AZ,AWP,WE,Combined TRACON& Tower with Radar,98,40,47,57,242,2,5,131,25,163,100,45,178,82,405,168,44,212,617
08/14/2003,TUS,AZ,AWP,WE,Combined TRACON& Tower with Radar,97,43,51,62,253,0,3,79,39,121,97,46,130,101,374,166,46,212,586
08/15/2003,TUS,AZ,AWP,WE,Combined TRACON& Tower with Radar,96,39,47,57,239,0,3,93,32,128,96,42,140,89,367,120,44,164,531
08/16/2003,TUS,AZ,AWP,WE,Combined TRACON& Tower with Radar,70,29,34,27,160,17,9,129,0,155,87,38,163,27,315,204,2,206,521
08/17/2003,TUS,AZ,AWP,WE,Combined TRACON& Tower with Radar,69,27,33,27,156,16,16,126,0,158,85,43,159,27,314,112,0,112,426
08/18/2003,TUS,AZ,AWP,WE,Combined TRACON& Tower with Radar,92,41,50,60,243,0,11,76,50,137,92,52,126,110,380,70,4,74,454
08/19/2003,TUS,AZ,AWP,WE,Combined TRACON& Tower with Radar,103,44,53,63,263,0,0,98,53,151,103,44,151,116,414,134,70,204,618
08/20/2003,TUS,AZ,AWP,WE,Combined TRACON& Tower with Radar,95,42,53,63,253,0,0,115,54,169,95,42,168,117,422,172,58,230,652
08/21/2003,TUS,AZ,AWP,WE,Combined TRACON& Tower with Radar,96,40,52,61,249,0,0,126,37,163,96,40,178,98,412,204,34,238,650
08/22/2003,TUS,AZ,AWP,WE,Combined TRACON& Tower with Radar,100,44,53,64,261,0,4,136,35,175,100,48,189,99,436,162,68,230,666
08/23/2003,TUS,AZ,AWP,WE,Combined TRACON& Tower with Radar,65,25,32,13,135,19,11,128,0,158,84,36,160,13,293,184,0,184,477
08/24/2003,TUS,AZ,AWP,WE,Combined TRACON& Tower with Radar,76,30,36,21,163,15,6,110,0,131,91,36,146,21,294,60,0,60,354
08/25/2003,TUS,AZ,AWP,WE,Combined TRACON& Tower with Radar,93,39,48,57,237,0,10,83,26,119,93,49,131,83,356,118,46,164,520
08/26/2003,TUS,AZ,AWP,WE,Combined TRACON& Tower with Radar,91,45,54,65,255,0,3,94,48,145,91,48,148,113,400,112,72,184,584
08/27/2003,TUS,AZ,AWP,WE,Combined TRACON& Tower with Radar,92,39,49,57,237,0,8,84,27,119,92,47,133,84,356,116,52,168,524
08/28/2003,TUS,AZ,AWP,WE,Combined TRACON& Tower with Radar,98,44,55,64,261,0,5,148,32,185,98,49,203,96,446,306,40,346,792
08/29/2003,TUS,AZ,AWP,WE,Combined TRACON& Tower with Radar,100,43,52,62,257,0,7,220,12,239,100,50,272,74,496,196,38,234,730
08/30/2003,TUS,AZ,AWP,WE,Combined TRACON& Tower with Radar,63,25,30,18,136,20,20,97,0,137,83,45,127,18,273,150,0,150,423
08/31/2003,TUS,AZ,AWP,WE,Combined TRACON& Tower with Radar,55,21,26,12,114,21,14,94,0,129,76,35,120,12,243,136,0,136,379
09/01/2003,TUS,AZ,AWP,WE,Combined TRACON& Tower with Radar,64,28,38,18,148,20,4,95,0,119,84,32,133,18,267,92,0,92,359
09/02/2003,TUS,AZ,AWP,WE,Combined TRACON& Tower with Radar,85,37,49,47,218,8,4,107,29,148,93,41,156,76,366,120,24,144,510
09/03/2003,TUS,AZ,AWP,WE,Combined TRACON& Tower with Radar,92,43,59,57,251,0,13,132,38,183,92,56,191,95,434,156,42,198,632
09/04/2003,TUS,AZ,AWP,WE,Combined TRACON& Tower with Radar,94,50,68,65,277,0,2,137,53,192,94,52,205,118,469,288,90,378,847
09/05/2003,TUS,AZ,AWP,WE,Combined TRACON& Tower with Radar,98,44,59,56,257,0,0,154,23,177,98,44,213,79,434,332,32,364,798
09/06/2003,TUS,AZ,AWP,WE,Combined TRACON& Tower with Radar,80,35,47,45,207,7,8,127,11,153,87,43,174,56,360,244,32,276,636
09/07/2003,TUS,AZ,AWP,WE,Combined TRACON& Tower with Radar,76,33,45,37,191,14,10,106,0,130,90,43,151,37,321,82,28,110,431
09/08/2003,TUS,AZ,AWP,WE,Combined TRACON& Tower with Radar,86,37,50,39,212,4,16,140,0,160,90,53,190,39,372,226,6,232,604
09/09/2003,TUS,AZ,AWP,WE,Combined TRACON& Tower with Radar,95,43,58,55,251,0,7,90,18,115,95,50,148,73,366,108,16,124,490
09/10/2003,TUS,AZ,AWP,WE,Combined TRACON& Tower with Radar,97,45,63,59,264,0,6,143,17,166,97,51,206,76,430,178,34,212,642
09/11/2003,TUS,AZ,AWP,WE,Combined TRACON& Tower with Radar,90,49,67,63,269,0,6,198,29,233,90,55,265,92,502,228,36,264,766
09/12/2003,TUS,AZ,AWP,WE,Combined TRACON& Tower with Radar,98,45,61,58,262,0,1,155,21,177,98,46,216,79,439,262,42,304,743
09/13/2003,TUS,AZ,AWP,WE,Combined TRACON& Tower with Radar,72,30,43,12,157,13,12,157,0,182,85,42,200,12,339,276,4,280,619
09/14/2003,TUS,AZ,AWP,WE,Combined TRACON& Tower with Radar,75,31,44,21,171,9,12,172,0,193,84,43,216,21,364,102,0,102,466
09/15/2003,TUS,AZ,AWP,WE,Combined TRACON& Tower with Radar,100,44,63,59,266,0,1,116,56,173,100,45,179,115,439,180,66,246,685
09/16/2003,TUS,AZ,AWP,WE,Combined TRACON& Tower with Radar,99,46,64,61,270,0,11,145,36,192,99,57,209,97,462,218,56,274,736
09/17/2003,TUS,AZ,AWP,WE,Combined TRACON& Tower with Radar,102,43,59,57,261,0,7,129,35,171,102,50,188,92,432,150,44,194,626
09/18/2003,TUS,AZ,AWP,WE,Combined TRACON& Tower with Radar,98,43,59,57,257,0,3,168,38,209,98,46,227,95,466,316,60,376,842
09/19/2003,TUS,AZ,AWP,WE,Combined TRACON& Tower with Radar,97,40,56,54,247,0,10,167,54,231,97,50,223,108,478,166,26,192,670
09/20/2003,TUS,AZ,AWP,WE,Combined TRACON& Tower with Radar,64,26,36,25,151,24,19,136,0,179,88,45,172,25,330,234,0,234,564
09/21/2003,TUS,AZ,AWP,WE,Combined TRACON& Tower with Radar,73,30,42,30,175,11,21,145,0,177,84,51,187,30,352,138,0,138,490
09/22/2003,TUS,AZ,AWP,WE,Combined TRACON& Tower with Radar,96,44,61,59,260,0,1,147,37,185,96,45,208,96,445,130,36,166,611
09/23/2003,TUS,AZ,AWP,WE,Combined TRACON& Tower with Radar,102,48,68,66,284,0,0,83,44,127,102,48,151,110,411,96,76,172,583
09/24/2003,TUS,AZ,AWP,WE,Combined TRACON& Tower with Radar,101,42,75,73,291,0,0,37,52,89,101,42,112,125,380,154,34,188,568
09/25/2003,TUS,AZ,AWP,WE,Combined TRACON& Tower with Radar,100,49,72,69,290,0,0,151,48,199,100,49,223,117,489,258,68,326,815
09/26/2003,TUS,AZ,AWP,WE,Combined TRACON& Tower with Radar,104,43,59,58,264,6,7,164,21,198,110,50,223,79,462,212,64,276,738
09/27/2003,TUS,AZ,AWP,WE,Combined TRACON& Tower with Radar,64,26,37,20,147,23,17,148,0,188,87,43,185,20,335,158,0,158,493
09/28/2003,TUS,AZ,AWP,WE,Combined TRACON& Tower with Radar,65,27,38,19,149,18,10,154,0,182,83,37,192,19,331,208,0,208,539
09/29/2003,TUS,AZ,AWP,WE,Combined TRACON& Tower with Radar,88,36,51,46,221,14,23,130,0,167,102,59,181,46,388,116,44,160,548
09/30/2003,TUS,AZ,AWP,WE,Combined TRACON& Tower with Radar,79,32,46,25,182,22,24,162,0,208,101,56,208,25,390,206,0,206,596
10/01/2003,TUS,AZ,AWP,WE,Combined TRACON& Tower with Radar,97,47,73,85,302,0,0,153,69,222,97,47,226,154,524,292,76,368,892
10/02/2003,TUS,AZ,AWP,WE,Combined TRACON& Tower with Radar,94,46,65,78,283,0,2,120,44,166,94,48,185,122,449,234,90,324,773
10/03/2003,TUS,AZ,AWP,WE,Combined TRACON& Tower with Radar,99,46,64,76,285,0,13,154,23,190,99,59,218,99,475,120,78,198,673
10/04/2003,TUS,AZ,AWP,WE,Combined TRACON& Tower with Radar,79,36,50,61,226,5,4,180,9,198,84,40,230,70,424,136,108,244,668
10/05/2003,TUS,AZ,AWP,WE,Combined TRACON& Tower with Radar,70,32,46,50,198,12,7,140,0,159,82,39,186,50,357,132,32,164,521
10/06/2003,TUS,AZ,AWP,WE,Combined TRACON& Tower with Radar,75,35,48,39,197,20,15,116,0,151,95,50,164,39,348,176,2,178,526
10/07/2003,TUS,AZ,AWP,WE,Combined TRACON& Tower with Radar,97,44,64,76,281,0,0,55,34,89,97,44,119,110,370,246,56,302,672
10/08/2003,TUS,AZ,AWP,WE,Combined TRACON& Tower with Radar,98,45,63,75,281,0,2,124,50,176,98,47,187,125,457,258,54,312,769
10/09/2003,TUS,AZ,AWP,WE,Combined TRACON& Tower with Radar,97,52,73,87,309,0,6,127,44,177,97,58,200,131,486,168,90,258,744
10/10/2003,TUS,AZ,AWP,WE,Combined TRACON& Tower with Radar,107,49,70,83,309,0,5,127,16,148,107,54,197,99,457,212,112,324,781
10/11/2003,TUS,AZ,AWP,WE,Combined TRACON& Tower with Radar,60,28,39,12,139,21,12,159,0,192,81,40,198,12,331,146,0,146,477
10/12/2003,TUS,AZ,AWP,WE,Combined TRACON& Tower with Radar,63,29,40,15,147,19,17,135,0,171,82,46,175,15,318,58,0,58,376
10/13/2003,TUS,AZ,AWP,WE,Combined TRACON& Tower with Radar,75,35,48,20,178,18,18,166,0,202,93,53,214,20,380,90,0,90,470
10/14/2003,TUS,AZ,AWP,WE,Combined TRACON& Tower with Radar,103,44,70,84,301,0,0,131,53,184,103,44,201,137,485,130,116,246,731
10/15/2003,TUS,AZ,AWP,WE,Combined TRACON& Tower with Radar,98,46,67,81,292,0,0,128,37,165,98,46,195,118,457,52,18,70,527
10/16/2003,TUS,AZ,AWP,WE,Combined TRACON& Tower with Radar,97,52,73,88,310,0,5,159,38,202,97,57,232,126,512,168,104,272,784
10/17/2003,TUS,AZ,AWP,WE,Combined TRACON& Tower with Radar,99,48,67,81,295,0,1,154,38,193,99,49,221,119,488,258,72,330,818
10/18/2003,TUS,AZ,AWP,WE,Combined TRACON& Tower with Radar,66,29,44,15,154,14,11,223,0,248,80,40,267,15,402,122,0,122,524
10/19/2003,TUS,AZ,AWP,WE,Combined TRACON& Tower with Radar,81,35,52,22,190,0,13,189,0,202,81,48,241,22,392,138,20,158,550
10/20/2003,TUS,AZ,AWP,WE,Combined TRACON& Tower with Radar,93,48,71,82,294,0,4,135,58,197,93,52,206,140,491,118,150,268,759
10/21/2003,TUS,AZ,AWP,WE,Combined TRACON& Tower with Radar,100,50,73,84,307,0,6,134,45,185,100,56,207,129,492,160,104,264,756
10/22/2003,TUS,AZ,AWP,WE,Combined TRACON& Tower with Radar,99,45,66,76,286,0,3,169,21,193,99,48,235,97,479,266,52,318,797
10/23/2003,TUS,AZ,AWP,WE,Combined TRACON& Tower with Radar,96,46,68,79,289,0,4,155,55,214,96,50,223,134,503,258,44,302,805
10/24/2003,TUS,AZ,AWP,WE,Combined TRACON& Tower with Radar,98,46,68,79,291,0,8,163,49,220,98,54,231,128,511,206,72,278,789
10/25/2003,TUS,AZ,AWP,WE,Combined TRACON& Tower with Radar,63,27,40,32,162,23,22,137,0,182,86,49,177,32,344,116,0,116,460
10/26/2003,TUS,AZ,AWP,WE,Combined TRACON& Tower with Radar,66,29,43,12,150,15,13,102,0,130,81,42,145,12,280,40,0,40,320
10/27/2003,TUS,AZ,AWP,WE,Combined TRACON& Tower with Radar,91,44,64,73,272,0,3,131,31,165,91,47,195,104,437,232,68,300,737
10/28/2003,TUS,AZ,AWP,WE,Combined TRACON& Tower with Radar,97,44,63,74,278,0,1,158,48,207,97,45,221,122,485,176,64,240,725
10/29/2003,TUS,AZ,AWP,WE,Combined TRACON& Tower with Radar,96,42,61,72,271,3,10,131,23,167,99,52,192,95,438,210,32,242,680
10/30/2003,TUS,AZ,AWP,WE,Combined TRACON& Tower with Radar,94,45,65,77,281,0,8,84,37,129,94,53,149,114,410,30,16,46,456
10/31/2003,TUS,AZ,AWP,WE,Combined TRACON& Tower with Radar,93,41,59,69,262,4,14,93,11,122,97,55,152,80,384,124,38,162,546
11/01/2003,TUS,AZ,AWP,WE,Combined TRACON& Tower with Radar,73,37,49,34,193,18,2,129,0,149,91,39,178,34,342,186,24,210,552
11/02/2003,TUS,AZ,AWP,WE,Combined TRACON& Tower with Radar,72,36,47,30,185,11,8,146,0,165,83,44,193,30,350,98,8,106,456
11/03/2003,TUS,AZ,AWP,WE,Combined TRACON& Tower with Radar,85,43,56,41,225,10,9,98,0,117,95,52,154,41,342,150,6,156,498
11/04/2003,TUS,AZ,AWP,WE,Combined TRACON& Tower with Radar,99,54,78,62,293,0,0,160,39,199,99,54,238,101,492,164,76,240,732
11/05/2003,TUS,AZ,AWP,WE,Combined TRACON& Tower with Radar,101,51,68,55,275,0,7,136,46,189,101,58,204,101,464,238,48,286,750
11/06/2003,TUS,AZ,AWP,WE,Combined TRACON& Tower with Radar,97,51,73,59,280,0,0,170,51,221,97,51,243,110,501,264,60,324,825
11/07/2003,TUS,AZ,AWP,WE,Combined TRACON& Tower with Radar,100,59,80,65,304,0,0,140,68,208,100,59,220,133,512,288,80,368,880
11/08/2003,TUS,AZ,AWP,WE,Combined TRACON& Tower with Radar,68,34,45,21,168,16,12,150,0,178,84,46,195,21,346,234,6,240,586
11/09/2003,TUS,AZ,AWP,WE,Combined TRACON& Tower with Radar,75,38,50,17,180,11,9,186,0,206,86,47,236,17,386,172,2,174,560
11/10/2003,TUS,AZ,AWP,WE,Combined TRACON& Tower with Radar,96,51,67,54,268,0,1,124,41,166,96,52,191,95,434,110,52,162,596
11/11/2003,TUS,AZ,AWP,WE,Combined TRACON& Tower with Radar,85,42,56,37,220,14,3,94,0,111,99,45,150,37,331,188,2,190,521
11/12/2003,TUS,AZ,AWP,WE,Combined TRACON& Tower with Radar,100,47,66,51,264,0,0,71,0,71,100,47,137,51,335,136,26,162,497
11/13/2003,TUS,AZ,AWP,WE,Combined TRACON& Tower with Radar,103,48,92,74,317,0,0,94,48,142,103,48,186,122,459,206,12,218,677
11/14/2003,TUS,AZ,AWP,WE,Combined TRACON& Tower with Radar,103,49,73,60,285,0,0,155,10,165,103,49,228,70,450,258,40,298,748
11/15/2003,TUS,AZ,AWP,WE,Combined TRACON& Tower with Radar,71,35,47,17,170,17,7,271,0,295,88,42,318,17,465,296,0,296,761
11/16/2003,TUS,AZ,AWP,WE,Combined TRACON& Tower with Radar,84,40,54,29,207,3,12,152,0,167,87,52,206,29,374,98,0,98,472
11/17/2003,TUS,AZ,AWP,WE,Combined TRACON& Tower with Radar,94,53,70,58,275,0,7,126,36,169,94,60,196,94,444,168,30,198,642
11/18/2003,TUS,AZ,AWP,WE,Combined TRACON& Tower with Radar,104,51,68,58,281,0,3,122,37,162,104,54,190,95,443,224,40,264,707
11/19/2003,TUS,AZ,AWP,WE,Combined TRACON& Tower with Radar,109,58,76,64,307,0,0,111,44,155,109,58,187,108,462,174,70,244,706
11/20/2003,TUS,AZ,AWP,WE,Combined TRACON& Tower with Radar,100,53,70,59,282,0,2,180,50,232,100,55,250,109,514,244,36,280,794
11/21/2003,TUS,AZ,AWP,WE,Combined TRACON& Tower with Radar,103,52,69,58,282,0,7,175,34,216,103,59,244,92,498,202,90,292,790
11/22/2003,TUS,AZ,AWP,WE,Combined TRACON& Tower with Radar,69,33,44,20,166,22,15,63,0,100,91,48,107,20,266,70,0,70,336
11/23/2003,TUS,AZ,AWP,WE,Combined TRACON& Tower with Radar,82,40,52,25,199,8,16,210,0,234,90,56,262,25,433,166,0,166,599
11/24/2003,TUS,AZ,AWP,WE,Combined TRACON& Tower with Radar,97,51,67,55,270,0,0,152,44,196,97,51,219,99,466,160,68,228,694
11/25/2003,TUS,AZ,AWP,WE,Combined TRACON& Tower with Radar,99,58,77,62,296,0,1,145,53,199,99,59,222,115,495,140,32,172,667
11/26/2003,TUS,AZ,AWP,WE,Combined TRACON& Tower with Radar,99,56,74,62,291,0,8,163,30,201,99,64,237,92,492,104,132,236,728
11/27/2003,TUS,AZ,AWP,WE,Combined TRACON& Tower with Radar,49,23,31,7,110,22,16,57,0,95,71,39,88,7,205,20,0,20,225
11/28/2003,TUS,AZ,AWP,WE,Combined TRACON& Tower with Radar,56,27,35,5,123,24,14,56,0,94,80,41,91,5,217,6,0,6,223
11/29/2003,TUS,AZ,AWP,WE,Combined TRACON& Tower with Radar,68,33,44,12,157,15,16,128,0,159,83,49,172,12,316,164,0,164,480
11/30/2003,TUS,AZ,AWP,WE,Combined TRACON& Tower with Radar,86,44,59,22,211,0,15,180,0,195,86,59,239,22,406,112,0,112,518
12/01/2003,TUS,AZ,AWP,WE,Combined TRACON& Tower with Radar,99,49,58,66,272,0,5,102,62,169,99,54,160,128,441,128,120,248,689
12/02/2003,TUS,AZ,AWP,WE,Combined TRACON& Tower with Radar,102,50,63,71,286,0,0,129,78,207,102,50,192,149,493,64,120,184,677
12/03/2003,TUS,AZ,AWP,WE,Combined TRACON& Tower with Radar,107,49,58,67,281,0,9,168,37,214,107,58,226,104,495,176,124,300,795
12/04/2003,TUS,AZ,AWP,WE,Combined TRACON& Tower with Radar,100,42,51,58,251,0,8,196,8,212,100,50,247,66,463,196,98,294,757
12/05/2003,TUS,AZ,AWP,WE,Combined TRACON& Tower with Radar,102,48,58,65,273,0,12,176,34,222,102,60,234,99,495,172,80,252,747
12/06/2003,TUS,AZ,AWP,WE,Combined TRACON& Tower with Radar,84,41,49,55,229,0,3,134,28,165,84,44,183,83,394,184,74,258,652
12/07/2003,TUS,AZ,AWP,WE,Combined TRACON& Tower with Radar,88,37,44,48,217,0,7,131,0,138,88,44,175,48,355,140,52,192,547
12/08/2003,TUS,AZ,AWP,WE,Combined TRACON& Tower with Radar,92,38,45,42,217,8,11,90,0,109,100,49,135,42,326,64,20,84,410
12/09/2003,TUS,AZ,AWP,WE,Combined TRACON& Tower with Radar,102,49,59,67,277,0,4,166,59,229,102,53,225,126,506,226,74,300,806
12/10/2003,TUS,AZ,AWP,WE,Combined TRACON& Tower with Radar,109,53,64,73,299,0,6,142,55,203,109,59,206,128,502,120,54,174,676
12/11/2003,TUS,AZ,AWP,WE,Combined TRACON& Tower with Radar,109,48,63,71,291,0,0,139,53,192,109,48,202,124,483,168,92,260,743
12/12/2003,TUS,AZ,AWP,WE,Combined TRACON& Tower with Radar,106,48,62,70,286,0,0,111,38,149,106,48,173,108,435,224,70,294,729
12/13/2003,TUS,AZ,AWP,WE,Combined TRACON& Tower with Radar,78,32,39,43,192,8,16,169,0,193,86,48,208,43,385,272,18,290,675
12/14/2003,TUS,AZ,AWP,WE,Combined TRACON& Tower with Radar,76,31,36,25,168,16,11,130,0,157,92,42,166,25,325,120,0,120,445
12/15/2003,TUS,AZ,AWP,WE,Combined TRACON& Tower with Radar,107,48,58,65,278,0,0,103,40,143,107,48,161,105,421,174,58,232,653
12/16/2003,TUS,AZ,AWP,WE,Combined TRACON& Tower with Radar,109,44,60,66,279,0,0,104,57,161,109,44,164,123,440,122,66,188,628
12/17/2003,TUS,AZ,AWP,WE,Combined TRACON& Tower with Radar,118,42,59,64,283,0,0,131,53,184,118,42,190,117,467,150,34,184,651
12/18/2003,TUS,AZ,AWP,WE,Combined TRACON& Tower with Radar,117,46,63,68,294,0,0,116,40,156,117,46,179,108,450,108,58,166,616
12/19/2003,TUS,AZ,AWP,WE,Combined TRACON& Tower with Radar,121,51,63,69,304,0,12,158,13,183,121,63,221,82,487,230,26,256,743
12/20/2003,TUS,AZ,AWP,WE,Combined TRACON& Tower with Radar,82,32,41,20,175,20,10,139,0,169,102,42,180,20,344,248,0,248,592
12/21/2003,TUS,AZ,AWP,WE,Combined TRACON& Tower with Radar,77,30,38,19,164,26,9,114,0,149,103,39,152,19,313,64,0,64,377
12/22/2003,TUS,AZ,AWP,WE,Combined TRACON& Tower with Radar,105,42,51,57,255,11,3,111,42,167,116,45,162,99,422,160,36,196,618
12/23/2003,TUS,AZ,AWP,WE,Combined TRACON& Tower with Radar,114,43,56,62,275,13,0,70,12,95,127,43,126,74,370,22,8,30,400
12/24/2003,TUS,AZ,AWP,WE,Combined TRACON& Tower with Radar,79,31,39,36,185,23,21,89,0,133,102,52,128,36,318,90,18,108,426
12/25/2003,TUS,AZ,AWP,WE,Combined TRACON& Tower with Radar,65,26,31,9,131,28,11,38,0,77,93,37,69,9,208,8,0,8,216
12/26/2003,TUS,AZ,AWP,WE,Combined TRACON& Tower with Radar,88,35,42,16,181,20,10,59,0,89,108,45,101,16,270,86,0,86,356
12/27/2003,TUS,AZ,AWP,WE,Combined TRACON& Tower with Radar,82,32,40,15,169,22,7,136,0,165,104,39,176,15,334,154,0,154,488
12/28/2003,TUS,AZ,AWP,WE,Combined TRACON& Tower with Radar,83,33,40,17,173,22,21,95,0,138,105,54,135,17,311,30,0,30,341
12/29/2003,TUS,AZ,AWP,WE,Combined TRACON& Tower with Radar,109,43,52,59,263,0,6,121,20,147,109,49,173,79,410,178,30,208,618
12/30/2003,TUS,AZ,AWP,WE,Combined TRACON& Tower with Radar,115,48,59,67,289,0,0,139,21,160,115,48,198,88,449,168,26,194,643
12/31/2003,TUS,AZ,AWP,WE,Combined TRACON& Tower with Radar,95,38,46,50,229,9,8,81,0,98,104,46,127,50,327,102,44,146,473
01/01/2004,TUS,AZ,AWP,WE,Combined TRACON& Tower with Radar,71,31,45,13,160,26,9,73,0,108,97,40,118,13,268,30,0,30,298
01/02/2004,TUS,AZ,AWP,WE,Combined TRACON& Tower with Radar,91,39,58,34,222,22,9,139,0,170,113,48,197,34,392,210,0,210,602
01/03/2004,TUS,AZ,AWP,WE,Combined TRACON& Tower with Radar,79,34,50,26,189,31,8,73,0,112,110,42,123,26,301,148,0,148,449
01/04/2004,TUS,AZ,AWP,WE,Combined TRACON& Tower with Radar,87,37,55,16,195,11,2,164,0,177,98,39,219,16,372,200,0,200,572
01/05/2004,TUS,AZ,AWP,WE,Combined TRACON& Tower with Radar,93,40,59,34,226,22,14,99,0,135,115,54,158,34,361,76,0,76,437
01/06/2004,TUS,AZ,AWP,WE,Combined TRACON& Tower with Radar,112,47,71,64,294,3,0,115,38,156,115,47,186,102,450,168,40,208,658
01/07/2004,TUS,AZ,AWP,WE,Combined TRACON& Tower with Radar,102,47,74,66,289,0,0,120,58,178,102,47,194,124,467,322,74,396,863
01/08/2004,TUS,AZ,AWP,WE,Combined TRACON& Tower with Radar,112,51,82,73,318,0,0,184,32,216,112,51,266,105,534,378,92,470,1004
01/09/2004,TUS,AZ,AWP,WE,Combined TRACON& Tower with Radar,111,49,77,68,305,0,0,198,31,229,111,49,275,99,534,334,126,460,994
01/10/2004,TUS,AZ,AWP,WE,Combined TRACON& Tower with Radar,93,40,58,52,243,9,8,77,27,121,102,48,135,79,364,160,72,232,596
01/11/2004,TUS,AZ,AWP,WE,Combined TRACON& Tower with Radar,93,42,62,55,252,0,2,117,4,123,93,44,179,59,375,140,34,174,549
01/12/2004,TUS,AZ,AWP,WE,Combined TRACON& Tower with Radar,101,43,64,56,264,8,4,132,19,163,109,47,196,75,427,180,20,200,627
01/13/2004,TUS,AZ,AWP,WE,Combined TRACON& Tower with Radar,119,48,83,73,323,0,0,130,64,194,119,48,213,137,517,292,68,360,877
01/14/2004,TUS,AZ,AWP,WE,Combined TRACON& Tower with Radar,112,54,81,72,319,0,1,117,52,170,112,55,198,124,489,156,56,212,701
01/15/2004,TUS,AZ,AWP,WE,Combined TRACON& Tower with Radar,112,58,87,77,334,0,0,126,61,187,112,58,213,138,521,210,120,330,851
01/16/2004,TUS,AZ,AWP,WE,Combined TRACON& Tower with Radar,116,57,84,76,333,0,5,199,47,251,116,62,283,123,584,330,68,398,982
01/17/2004,TUS,AZ,AWP,WE,Combined TRACON& Tower with Radar,78,33,48,22,181,20,15,178,0,213,98,48,226,22,394,312,0,312,706
01/18/2004,TUS,AZ,AWP,WE,Combined TRACON& Tower with Radar,87,36,53,31,207,12,17,171,0,200,99,53,224,31,407,216,0,216,623
01/19/2004,TUS,AZ,AWP,WE,Combined TRACON& Tower with Radar,84,35,51,31,201,22,14,151,0,187,106,49,202,31,388,350,6,356,744
01/20/2004,TUS,AZ,AWP,WE,Combined TRACON& Tower with Radar,115,49,85,78,327,0,0,117,62,179,115,49,202,140,506,300,120,420,926
01/21/2004,TUS,AZ,AWP,WE,Combined TRACON& Tower with Radar,114,52,77,70,313,0,0,64,61,125,114,52,141,131,438,250,68,318,756
01/22/2004,TUS,AZ,AWP,WE,Combined TRACON& Tower with Radar,113,50,74,66,303,0,2,56,15,73,113,52,130,81,376,168,78,246,622
01/23/2004,TUS,AZ,AWP,WE,Combined TRACON& Tower with Radar,110,54,81,73,318,0,8,143,42,193,110,62,224,115,511,314,120,434,945
01/24/2004,TUS,AZ,AWP,WE,Combined TRACON& Tower with Radar,86,36,53,26,201,19,10,171,0,200,105,46,224,26,401,308,0,308,709
01/25/2004,TUS,AZ,AWP,WE,Combined TRACON& Tower with Radar,90,37,56,29,212,13,14,95,0,122,103,51,151,29,334,134,0,134,468
01/26/2004,TUS,AZ,AWP,WE,Combined TRACON& Tower with Radar,106,44,76,69,295,0,0,154,43,197,106,44,230,112,492,262,64,326,818
01/27/2004,TUS,AZ,AWP,WE,Combined TRACON& Tower with Radar,114,54,82,74,324,0,0,165,54,219,114,54,247,128,543,202,82,284,827
01/28/2004,TUS,AZ,AWP,WE,Combined TRACON& Tower with Radar,116,50,76,67,309,0,14,145,29,188,116,64,221,96,497,308,114,422,919
01/29/2004,TUS,AZ,AWP,WE,Combined TRACON& Tower with Radar,113,56,84,75,328,0,4,198,66,268,113,60,282,141,596,356,36,392,988
01/30/2004,TUS,AZ,AWP,WE,Combined TRACON& Tower with Radar,113,49,75,66,303,0,7,202,27,236,113,56,277,93,539,298,82,380,919
01/31/2004,TUS,AZ,AWP,WE,Combined TRACON& Tower with Radar,85,35,54,31,205,28,16,155,0,199,113,51,209,31,404,142,12,154,558
02/01/2004,TUS,AZ,AWP,WE,Combined TRACON& Tower with Radar,90,38,57,31,216,12,14,161,0,187,102,52,218,31,403,156,0,156,559
02/02/2004,TUS,AZ,AWP,WE,Combined TRACON& Tower with Radar,111,49,75,64,299,0,5,149,50,204,111,54,224,114,503,224,104,328,831
02/03/2004,TUS,AZ,AWP,WE,Combined TRACON& Tower with Radar,123,53,83,71,330,0,0,72,23,95,123,53,155,94,425,132,26,158,583
02/04/2004,TUS,AZ,AWP,WE,Combined TRACON& Tower with Radar,114,50,83,72,319,0,0,77,45,122,114,50,160,117,441,134,48,182,623
02/05/2004,TUS,AZ,AWP,WE,Combined TRACON& Tower with Radar,111,52,80,67,310,0,2,108,46,156,111,54,188,113,466,206,48,254,720
02/06/2004,TUS,AZ,AWP,WE,Combined TRACON& Tower with Radar,121,51,80,68,320,0,0,150,39,189,121,51,230,107,509,258,74,332,841
02/07/2004,TUS,AZ,AWP,WE,Combined TRACON& Tower with Radar,99,41,63,55,258,5,11,174,8,198,104,52,237,63,456,248,94,342,798
02/08/2004,TUS,AZ,AWP,WE,Combined TRACON& Tower with Radar,95,40,61,52,248,9,8,144,6,167,104,48,205,58,415,122,14,136,551
02/09/2004,TUS,AZ,AWP,WE,Combined TRACON& Tower with Radar,92,39,59,50,240,14,14,137,2,167,106,53,196,52,407,204,4,208,615
02/10/2004,TUS,AZ,AWP,WE,Combined TRACON& Tower with Radar,118,51,78,67,314,0,0,132,65,197,118,51,210,132,511,292,100,392,903
02/11/2004,TUS,AZ,AWP,WE,Combined TRACON& Tower with Radar,115,53,83,71,322,0,0,174,34,208,115,53,257,105,530,252,56,308,838
02/12/2004,TUS,AZ,AWP,WE,Combined TRACON& Tower with Radar,118,54,83,71,326,0,0,161,44,205,118,54,244,115,531,306,56,362,893
02/13/2004,TUS,AZ,AWP,WE,Combined TRACON& Tower with Radar,120,52,80,67,319,0,1,193,27,221,120,53,273,94,540,314,100,414,954
02/14/2004,TUS,AZ,AWP,WE,Combined TRACON& Tower with Radar,83,34,51,19,187,24,26,167,0,217,107,60,218,19,404,174,0,174,578
02/15/2004,TUS,AZ,AWP,WE,Combined TRACON& Tower with Radar,89,37,56,18,200,27,10,156,0,193,116,47,212,18,393,132,0,132,525
02/16/2004,TUS,AZ,AWP,WE,Combined TRACON& Tower with Radar,98,39,61,36,234,19,15,193,0,227,117,54,254,36,461,324,0,324,785
02/17/2004,TUS,AZ,AWP,WE,Combined TRACON& Tower with Radar,119,59,91,79,348,0,2,178,60,240,119,61,269,139,588,224,94,318,906
02/18/2004,TUS,AZ,AWP,WE,Combined TRACON& Tower with Radar,117,54,84,73,328,0,0,128,48,176,117,54,212,121,504,152,68,220,724
02/19/2004,TUS,AZ,AWP,WE,Combined TRACON& Tower with Radar,121,53,82,71,327,0,6,128,46,180,121,59,210,117,507,380,80,460,967
02/20/2004,TUS,AZ,AWP,WE,Combined TRACON& Tower with Radar,119,53,82,71,325,0,3,165,41,209,119,56,247,112,534,404,156,560,1094
02/21/2004,TUS,AZ,AWP,WE,Combined TRACON& Tower with Radar,85,34,53,21,193,26,14,148,0,188,111,48,201,21,381,174,0,174,555
02/22/2004,TUS,AZ,AWP,WE,Combined TRACON& Tower with Radar,88,35,55,26,204,19,13,121,0,153,107,48,176,26,357,114,4,118,475
02/23/2004,TUS,AZ,AWP,WE,Combined TRACON& Tower with Radar,109,44,68,59,280,9,4,25,15,53,118,48,93,74,333,86,16,102,435
02/24/2004,TUS,AZ,AWP,WE,Combined TRACON& Tower with Radar,119,49,80,68,316,0,0,80,67,147,119,49,160,135,463,316,112,428,891
02/25/2004,TUS,AZ,AWP,WE,Combined TRACON& Tower with Radar,117,49,85,73,324,0,0,190,81,271,117,49,275,154,595,262,90,352,947
02/26/2004,TUS,AZ,AWP,WE,Combined TRACON& Tower with Radar,122,54,83,71,330,0,1,149,51,201,122,55,232,122,531,322,72,394,925
02/27/2004,TUS,AZ,AWP,WE,Combined TRACON& Tower with Radar,126,43,83,72,324,0,0,113,10,123,126,43,196,82,447,128,42,170,617
02/28/2004,TUS,AZ,AWP,WE,Combined TRACON& Tower with Radar,92,37,57,35,221,21,10,132,0,163,113,47,189,35,384,238,0,238,622
02/29/2004,TUS,AZ,AWP,WE,Combined TRACON& Tower with Radar,104,42,66,39,251,11,14,177,0,202,115,56,243,39,453,254,0,254,707
03/01/2004,TUS,AZ,AWP,WE,Combined TRACON& Tower with Radar,111,50,72,63,296,0,5,138,50,193,111,55,210,113,489,168,58,226,715
03/02/2004,TUS,AZ,AWP,WE,Combined TRACON& Tower with Radar,127,53,76,66,322,0,1,57,53,111,127,54,133,119,433,150,76,226,659
03/03/2004,TUS,AZ,AWP,WE,Combined TRACON& Tower with Radar,127,51,75,66,319,0,0,56,53,109,127,51,131,119,428,90,6,96,524
03/04/2004,TUS,AZ,AWP,WE,Combined TRACON& Tower with Radar,135,50,79,51,315,5,0,46,0,51,140,50,125,51,366,44,2,46,412
03/05/2004,TUS,AZ,AWP,WE,Combined TRACON& Tower with Radar,122,53,76,66,317,0,12,179,13,204,122,65,255,79,521,256,44,300,821
03/06/2004,TUS,AZ,AWP,WE,Combined TRACON& Tower with Radar,115,47,67,58,287,7,0,252,15,274,122,47,319,73,561,316,68,384,945
03/07/2004,TUS,AZ,AWP,WE,Combined TRACON& Tower with Radar,103,42,61,52,258,8,0,144,0,152,111,42,205,52,410,132,48,180,590
03/08/2004,TUS,AZ,AWP,WE,Combined TRACON& Tower with Radar,97,40,57,50,244,15,10,154,0,179,112,50,211,50,423,208,4,212,635
03/09/2004,TUS,AZ,AWP,WE,Combined TRACON& Tower with Radar,124,54,78,67,323,0,0,151,44,195,124,54,229,111,518,76,136,212,730
03/10/2004,TUS,AZ,AWP,WE,Combined TRACON& Tower with Radar,120,56,81,69,326,0,7,164,59,230,120,63,245,128,556,262,98,360,916
03/11/2004,TUS,AZ,AWP,WE,Combined TRACON& Tower with Radar,119,51,76,66,312,0,0,110,39,149,119,51,186,105,461,102,82,184,645
03/12/2004,TUS,AZ,AWP,WE,Combined TRACON& Tower with Radar,119,49,77,66,311,0,0,192,24,216,119,49,269,90,527,224,60,284,811
03/13/2004,TUS,AZ,AWP,WE,Combined TRACON& Tower with Radar,89,37,53,23,202,30,11,94,0,135,119,48,147,23,337,160,0,160,497
03/14/2004,TUS,AZ,AWP,WE,Combined TRACON& Tower with Radar,88,36,52,25,201,21,13,227,0,261,109,49,279,25,462,180,0,180,642
03/15/2004,TUS,AZ,AWP,WE,Combined TRACON& Tower with Radar,121,51,73,63,308,0,8,161,38,207,121,59,234,101,515,158,72,230,745
03/16/2004,TUS,AZ,AWP,WE,Combined TRACON& Tower with Radar,130,43,77,67,317,0,0,168,41,209,130,43,245,108,526,342,92,434,960
03/17/2004,TUS,AZ,AWP,WE,Combined TRACON& Tower with Radar,123,53,77,66,319,0,7,163,52,222,123,60,240,118,541,236,60,296,837
03/18/2004,TUS,AZ,AWP,WE,Combined TRACON& Tower with Radar,122,56,82,73,333,0,1,181,63,245,122,57,263,136,578,380,84,464,1042
03/19/2004,TUS,AZ,AWP,WE,Combined TRACON& Tower with Radar,127,51,76,66,320,0,0,172,34,206,127,51,248,100,526,266,94,360,886
03/20/2004,TUS,AZ,AWP,WE,Combined TRACON& Tower with Radar,95,38,55,27,215,18,13,181,0,212,113,51,236,27,427,208,0,208,635
03/21/2004,TUS,AZ,AWP,WE,Combined TRACON& Tower with Radar,96,38,54,20,208,20,11,121,0,152,116,49,175,20,360,42,0,42,402
03/22/2004,TUS,AZ,AWP,WE,Combined TRACON& Tower with Radar,120,50,72,64,306,0,7,92,39,138,120,57,164,103,444,116,34,150,594
03/23/2004,TUS,AZ,AWP,WE,Combined TRACON& Tower with Radar,118,49,71,62,300,0,2,154,26,182,118,51,225,88,482,56,12,68,550
03/24/2004,TUS,AZ,AWP,WE,Combined TRACON& Tower with Radar,116,52,76,67,311,0,14,162,39,215,116,66,238,106,526,222,38,260,786
03/25/2004,TUS,AZ,AWP,WE,Combined TRACON& Tower with Radar,120,53,76,67,316,0,9,215,28,252,120,62,291,95,568,300,88,388,956
03/26/2004,TUS,AZ,AWP,WE,Combined TRACON& Tower with Radar,121,50,73,63,307,0,10,172,22,204,121,60,245,85,511,230,88,318,829
03/27/2004,TUS,AZ,AWP,WE,Combined TRACON& Tower with Radar,92,36,52,24,204,24,13,211,0,248,116,49,263,24,452,280,0,280,732
03/28/2004,TUS,AZ,AWP,WE,Combined TRACON& Tower with Radar,97,38,56,31,222,13,16,190,0,219,110,54,246,31,441,220,0,220,661
03/29/2004,TUS,AZ,AWP,WE,Combined TRACON& Tower with Radar,117,49,72,63,301,0,16,88,35,139,117,65,160,98,440,94,68,162,602
03/30/2004,TUS,AZ,AWP,WE,Combined TRACON& Tower with Radar,95,38,55,49,237,0,4,115,18,137,95,42,170,67,374,196,40,236,610
03/31/2004,TUS,AZ,AWP,WE,Combined TRACON& Tower with Radar,130,51,75,65,321,1,4,103,51,159,131,55,178,116,480,174,76,250,730
04/01/2004,TUS,AZ,AWP,WE,Combined TRACON& Tower with Radar,110,48,77,64,299,13,0,135,13,161,123,48,212,77,460,110,46,156,616
04/02/2004,TUS,AZ,AWP,WE,Combined TRACON& Tower with Radar,112,54,80,60,306,0,0,60,0,60,112,54,140,60,366,144,26,170,536
04/03/2004,TUS,AZ,AWP,WE,Combined TRACON& Tower with Radar,106,45,74,61,286,13,0,76,18,107,119,45,150,79,393,202,136,338,731
04/04/2004,TUS,AZ,AWP,WE,Combined TRACON& Tower with Radar,99,48,69,55,271,3,6,91,0,100,102,54,160,55,371,168,24,192,563
04/05/2004,TUS,AZ,AWP,WE,Combined TRACON& Tower with Radar,84,41,58,43,226,17,21,123,0,161,101,62,181,43,387,170,6,176,563
04/06/2004,TUS,AZ,AWP,WE,Combined TRACON& Tower with Radar,116,59,85,70,330,0,9,134,49,192,116,68,219,119,522,206,74,280,802
04/07/2004,TUS,AZ,AWP,WE,Combined TRACON& Tower with Radar,111,57,82,68,318,0,3,117,46,166,111,60,199,114,484,106,32,138,622
04/08/2004,TUS,AZ,AWP,WE,Combined TRACON& Tower with Radar,112,55,79,64,310,1,8,141,30,180,113,63,220,94,490,306,72,378,868
04/09/2004,TUS,AZ,AWP,WE,Combined TRACON& Tower with Radar,121,59,85,69,334,5,4,138,25,172,126,63,223,94,506,70,84,154,660
04/10/2004,TUS,AZ,AWP,WE,Combined TRACON& Tower with Radar,88,43,61,21,213,28,12,133,0,173,116,55,194,21,386,156,0,156,542
04/11/2004,TUS,AZ,AWP,WE,Combined TRACON& Tower with Radar,84,41,59,17,201,22,21,120,0,163,106,62,179,17,364,92,12,104,468
04/12/2004,TUS,AZ,AWP,WE,Combined TRACON& Tower with Radar,107,57,87,72,323,0,0,127,69,196,107,57,214,141,519,262,116,378,897
04/13/2004,TUS,AZ,AWP,WE,Combined TRACON& Tower with Radar,105,59,86,70,320,0,0,122,76,198,105,59,208,146,518,198,70,268,786
04/14/2004,TUS,AZ,AWP,WE,Combined TRACON& Tower with Radar,107,54,78,64,303,0,0,127,48,175,107,54,205,112,478,252,82,334,812
04/15/2004,TUS,AZ,AWP,WE,Combined TRACON& Tower with Radar,107,55,79,64,305,0,4,137,53,194,107,59,216,117,499,312,116,428,927
04/16/2004,TUS,AZ,AWP,WE,Combined TRACON& Tower with Radar,103,49,71,59,282,4,9,157,26,196,107,58,228,85,478,276,120,396,874
04/17/2004,TUS,AZ,AWP,WE,Combined TRACON& Tower with Radar,73,34,49,14,170,28,12,105,0,145,101,46,154,14,315,140,38,178,493
04/18/2004,TUS,AZ,AWP,WE,Combined TRACON& Tower with Radar,87,41,59,24,211,13,14,180,0,207,100,55,239,24,418,192,0,192,610
04/19/2004,TUS,AZ,AWP,WE,Combined TRACON& Tower with Radar,104,53,77,64,298,0,4,136,38,178,104,57,213,102,476,108,42,150,626
04/20/2004,TUS,AZ,AWP,WE,Combined TRACON& Tower with Radar,105,59,86,72,322,0,4,163,45,212,105,63,249,117,534,198,108,306,840
04/21/2004,TUS,AZ,AWP,WE,Combined TRACON& Tower with Radar,112,59,94,80,345,0,0,186,38,224,112,59,280,118,569,156,46,202,771
04/22/2004,TUS,AZ,AWP,WE,Combined TRACON& Tower with Radar,110,60,87,73,330,0,0,92,31,123,110,60,179,104,453,76,74,150,603
04/23/2004,TUS,AZ,AWP,WE,Combined TRACON& Tower with Radar,112,58,84,70,324,0,3,160,65,228,112,61,244,135,552,304,140,444,996
04/24/2004,TUS,AZ,AWP,WE,Combined TRACON& Tower with Radar,89,42,61,31,223,15,3,233,0,251,104,45,294,31,474,214,0,214,688
04/25/2004,TUS,AZ,AWP,WE,Combined TRACON& Tower with Radar,92,43,63,33,231,9,9,192,0,210,101,52,255,33,441,182,0,182,623
04/26/2004,TUS,AZ,AWP,WE,Combined TRACON& Tower with Radar,104,52,74,62,292,0,1,119,51,171,104,53,193,113,463,100,40,140,603
04/27/2004,TUS,AZ,AWP,WE,Combined TRACON& Tower with Radar,108,50,91,75,324,0,0,171,117,288,108,50,262,192,612,206,116,322,934
04/28/2004,TUS,AZ,AWP,WE,Combined TRACON& Tower with Radar,101,52,75,62,290,0,3,139,129,271,101,55,214,191,561,172,50,222,783
04/29/2004,TUS,AZ,AWP,WE,Combined TRACON& Tower with Radar,94,45,66,53,258,9,9,77,13,108,103,54,143,66,366,36,8,44,410
04/30/2004,TUS,AZ,AWP,WE,Combined TRACON& Tower with Radar,103,51,75,62,291,0,2,168,97,267,103,53,243,159,558,296,140,436,994
05/01/2004,TUS,AZ,AWP,WE,Combined TRACON& Tower with Radar,105,48,66,58,277,0,2,151,57,210,105,50,217,115,487,206,56,262,749
05/02/2004,TUS,AZ,AWP,WE,Combined TRACON& Tower with Radar,100,45,62,44,251,5,0,153,0,158,105,45,215,44,409,156,24,180,589
05/03/2004,TUS,AZ,AWP,WE,Combined TRACON& Tower with Radar,92,42,58,51,243,13,9,119,11,152,105,51,177,62,395,218,16,234,629
05/04/2004,TUS,AZ,AWP,WE,Combined TRACON& Tower with Radar,104,56,78,69,307,0,2,183,29,214,104,58,261,98,521,242,32,274,795
05/05/2004,TUS,AZ,AWP,WE,Combined TRACON& Tower with Radar,105,48,73,64,290,0,0,170,50,220,105,48,243,114,510,266,40,306,816
05/06/2004,TUS,AZ,AWP,WE,Combined TRACON& Tower with Radar,106,42,76,68,292,0,0,171,48,219,106,42,247,116,511,328,126,454,965
05/07/2004,TUS,AZ,AWP,WE,Combined TRACON& Tower with Radar,109,48,68,61,286,1,0,172,47,220,110,48,240,108,506,276,10,286,792
05/08/2004,TUS,AZ,AWP,WE,Combined TRACON& Tower with Radar,73,33,46,23,175,20,12,166,0,198,93,45,212,23,373,134,0,134,507
05/09/2004,TUS,AZ,AWP,WE,Combined TRACON& Tower with Radar,75,35,47,21,178,21,9,127,0,157,96,44,174,21,335,120,0,120,455
05/10/2004,TUS,AZ,AWP,WE,Combined TRACON& Tower with Radar,105,52,72,64,293,0,7,123,46,176,105,59,195,110,469,120,70,190,659
05/11/2004,TUS,AZ,AWP,WE,Combined TRACON& Tower with Radar,110,51,71,63,295,0,5,90,48,143,110,56,161,111,438,108,14,122,560
05/12/2004,TUS,AZ,AWP,WE,Combined TRACON& Tower with Radar,104,51,70,63,288,0,3,112,42,157,104,54,182,105,445,236,118,354,799
05/13/2004,TUS,AZ,AWP,WE,Combined TRACON& Tower with Radar,103,53,74,65,295,0,0,189,38,227,103,53,263,103,522,324,146,470,992
05/14/2004,TUS,AZ,AWP,WE,Combined TRACON& Tower with Radar,105,52,74,66,297,0,0,201,51,252,105,52,275,117,549,372,100,472,1021
05/15/2004,TUS,AZ,AWP,WE,Combined TRACON& Tower with Radar,73,32,44,16,165,24,15,171,0,210,97,47,215,16,375,204,0,204,579
05/16/2004,TUS,AZ,AWP,WE,Combined TRACON& Tower with Radar,83,37,50,17,187,11,6,157,0,174,94,43,207,17,361,176,0,176,537
05/17/2004,TUS,AZ,AWP,WE,Combined TRACON& Tower with Radar,100,46,64,58,268,0,2,97,44,143,100,48,161,102,411,188,54,242,653
05/18/2004,TUS,AZ,AWP,WE,Combined TRACON& Tower with Radar,108,48,68,60,284,0,0,148,33,181,108,48,216,93,465,352,54,406,871
05/19/2004,TUS,AZ,AWP,WE,Combined TRACON& Tower with Radar,104,51,71,64,290,0,14,106,43,163,104,65,177,107,453,132,38,170,623
05/20/2004,TUS,AZ,AWP,WE,Combined TRACON& Tower with Radar,104,52,76,67,299,0,0,165,56,221,104,52,241,123,520,224,72,296,816
05/21/2004,TUS,AZ,AWP,WE,Combined TRACON& Tower with Radar,105,50,69,63,287,0,7,134,19,160,105,57,203,82,447,114,110,224,671
05/22/2004,TUS,AZ,AWP,WE,Combined TRACON& Tower with Radar,79,34,48,18,179,19,18,154,0,191,98,52,202,18,370,296,0,296,666
05/23/2004,TUS,AZ,AWP,WE,Combined TRACON& Tower with Radar,77,34,47,12,170,19,9,128,0,156,96,43,175,12,326,146,0,146,472
05/24/2004,TUS,AZ,AWP,WE,Combined TRACON& Tower with Radar,98,51,70,62,281,0,2,117,40,159,98,53,187,102,440,106,66,172,612
05/25/2004,TUS,AZ,AWP,WE,Combined TRACON& Tower with Radar,106,50,69,62,287,0,2,162,47,211,106,52,231,109,498,262,116,378,876
05/26/2004,TUS,AZ,AWP,WE,Combined TRACON& Tower with Radar,101,50,69,63,283,0,1,144,37,182,101,51,213,100,465,164,72,236,701
05/27/2004,TUS,AZ,AWP,WE,Combined TRACON& Tower with Radar,101,44,63,56,264,0,0,192,21,213,101,44,255,77,477,370,32,402,879
05/28/2004,TUS,AZ,AWP,WE,Combined TRACON& Tower with Radar,105,46,64,57,272,2,5,172,26,205,107,51,236,83,477,234,14,248,725
05/29/2004,TUS,AZ,AWP,WE,Combined TRACON& Tower with Radar,74,32,46,24,176,15,15,131,0,161,89,47,177,24,337,170,0,170,507
05/30/2004,TUS,AZ,AWP,WE,Combined TRACON& Tower with Radar,68,30,42,20,160,14,16,114,0,144,82,46,156,20,304,150,0,150,454
05/31/2004,TUS,AZ,AWP,WE,Combined TRACON& Tower with Radar,73,32,46,26,177,21,4,141,0,166,94,36,187,26,343,72,0,72,415
06/01/2004,TUS,AZ,AWP,WE,Combined TRACON& Tower with Radar,104,42,54,68,268,3,6,145,33,187,107,48,199,101,455,196,74,270,725
06/02/2004,TUS,AZ,AWP,WE,Combined TRACON& Tower with Radar,106,46,60,74,286,0,0,171,49,220,106,46,231,123,506,254,64,318,824
06/03/2004,TUS,AZ,AWP,WE,Combined TRACON& Tower with Radar,103,43,57,71,274,0,0,168,23,191,103,43,225,94,465,228,88,316,781
06/04/2004,TUS,AZ,AWP,WE,Combined TRACON& Tower with Radar,100,43,55,68,266,0,2,131,32,165,100,45,186,100,431,118,62,180,611
06/05/2004,TUS,AZ,AWP,WE,Combined TRACON& Tower with Radar,92,37,49,60,238,6,8,142,14,170,98,45,191,74,408,116,44,160,568
06/06/2004,TUS,AZ,AWP,WE,Combined TRACON& Tower with Radar,85,35,44,55,219,8,10,115,0,133,93,45,159,55,352,148,78,226,578
06/07/2004,TUS,AZ,AWP,WE,Combined TRACON& Tower with Radar,82,33,43,51,209,20,15,103,0,138,102,48,146,51,347,138,10,148,495
06/08/2004,TUS,AZ,AWP,WE,Combined TRACON& Tower with Radar,103,43,55,69,270,0,9,115,55,179,103,52,170,124,449,102,36,138,587
06/09/2004,TUS,AZ,AWP,WE,Combined TRACON& Tower with Radar,98,43,56,69,266,0,4,116,29,149,98,47,172,98,415,88,62,150,565
06/10/2004,TUS,AZ,AWP,WE,Combined TRACON& Tower with Radar,96,44,57,71,268,0,4,130,65,199,96,48,187,136,467,272,146,418,885
06/11/2004,TUS,AZ,AWP,WE,Combined TRACON& Tower with Radar,87,35,45,37,204,6,3,219,0,228,93,38,264,37,432,342,16,358,790
06/12/2004,TUS,AZ,AWP,WE,Combined TRACON& Tower with Radar,70,29,37,33,169,20,11,136,0,167,90,40,173,33,336,240,0,240,576
06/13/2004,TUS,AZ,AWP,WE,Combined TRACON& Tower with Radar,70,29,37,27,163,12,11,117,0,140,82,40,154,27,303,104,2,106,409
06/14/2004,TUS,AZ,AWP,WE,Combined TRACON& Tower with Radar,93,42,55,67,257,0,9,118,37,164,93,51,173,104,421,102,60,162,583
06/15/2004,TUS,AZ,AWP,WE,Combined TRACON& Tower with Radar,97,42,55,67,261,0,5,149,41,195,97,47,204,108,456,276,106,382,838
06/16/2004,TUS,AZ,AWP,WE,Combined TRACON& Tower with Radar,95,41,52,65,253,0,4,130,46,180,95,45,182,111,433,234,40,274,707
06/17/2004,TUS,AZ,AWP,WE,Combined TRACON& Tower with Radar,95,46,60,73,274,0,9,174,60,243,95,55,234,133,517,176,122,298,815
06/18/2004,TUS,AZ,AWP,WE,Combined TRACON& Tower with Radar,99,42,55,67,263,0,3,163,42,208,99,45,218,109,471,240,114,354,825
06/19/2004,TUS,AZ,AWP,WE,Combined TRACON& Tower with Radar,60,23,31,26,140,26,15,105,0,146,86,38,136,26,286,144,0,144,430
06/20/2004,TUS,AZ,AWP,WE,Combined TRACON& Tower with Radar,78,30,41,44,193,10,11,118,0,139,88,41,159,44,332,160,0,160,492
06/21/2004,TUS,AZ,AWP,WE,Combined TRACON& Tower with Radar,95,41,54,66,256,0,2,120,37,159,95,43,174,103,415,112,50,162,577
06/22/2004,TUS,AZ,AWP,WE,Combined TRACON& Tower with Radar,95,37,49,56,237,2,12,125,0,139,97,49,174,56,376,144,14,158,534
06/23/2004,TUS,AZ,AWP,WE,Combined TRACON& Tower with Radar,111,45,60,74,290,0,7,135,39,181,111,52,195,113,471,278,100,378,849
06/24/2004,TUS,AZ,AWP,WE,Combined TRACON& Tower with Radar,101,43,58,70,272,0,2,134,51,187,101,45,192,121,459,232,120,352,811
06/25/2004,TUS,AZ,AWP,WE,Combined TRACON& Tower with Radar,96,42,56,68,262,0,1,160,54,215,96,43,216,122,477,450,44,494,971
06/26/2004,TUS,AZ,AWP,WE,Combined TRACON& Tower with Radar,69,27,35,32,163,23,7,134,0,164,92,34,169,32,327,280,0,280,607
06/27/2004,TUS,AZ,AWP,WE,Combined TRACON& Tower with Radar,67,26,34,31,158,19,6,97,0,122,86,32,131,31,280,214,8,222,502
06/28/2004,TUS,AZ,AWP,WE,Combined TRACON& Tower with Radar,98,40,55,69,262,0,0,106,43,149,98,40,161,112,411,166,48,214,625
06/29/2004,TUS,AZ,AWP,WE,Combined TRACON& Tower with Radar,99,38,52,65,254,0,0,117,42,159,99,38,169,107,413,184,72,256,669
06/30/2004,TUS,AZ,AWP,WE,Combined TRACON& Tower with Radar,98,43,57,71,269,0,10,139,29,178,98,53,196,100,447,224,4,228,675
07/01/2004,TUS,AZ,AWP,WE,Combined TRACON& Tower with Radar,99,40,50,66,255,0,1,134,33,168,99,41,184,99,423,160,36,196,619
07/02/2004,TUS,AZ,AWP,WE,Combined TRACON& Tower with Radar,99,41,51,66,257,0,0,165,30,195,99,41,216,96,452,242,46,288,740
07/03/2004,TUS,AZ,AWP,WE,Combined TRACON& Tower with Radar,67,25,31,31,154,18,16,134,0,168,85,41,165,31,322,210,0,210,532
07/04/2004,TUS,AZ,AWP,WE,Combined TRACON& Tower with Radar,60,23,28,22,133,16,16,76,0,108,76,39,104,22,241,144,2,146,387
07/05/2004,TUS,AZ,AWP,WE,Combined TRACON& Tower with Radar,64,24,30,19,137,23,17,125,0,165,87,41,155,19,302,74,0,74,376
07/06/2004,TUS,AZ,AWP,WE,Combined TRACON& Tower with Radar,95,37,46,61,239,0,8,115,61,184,95,45,161,122,423,150,74,224,647
07/07/2004,TUS,AZ,AWP,WE,Combined TRACON& Tower with Radar,99,42,53,70,264,0,0,137,50,187,99,42,190,120,451,204,48,252,703
07/08/2004,TUS,AZ,AWP,WE,Combined TRACON& Tower with Radar,104,45,56,74,279,0,0,124,45,169,104,45,180,119,448,140,80,220,668
07/09/2004,TUS,AZ,AWP,WE,Combined TRACON& Tower with Radar,101,37,47,61,246,3,8,125,38,174,104,45,172,99,420,260,92,352,772
07/10/2004,TUS,AZ,AWP,WE,Combined TRACON& Tower with Radar,75,28,35,42,180,15,7,121,0,143,90,35,156,42,323,234,52,286,609
07/11/2004,TUS,AZ,AWP,WE,Combined TRACON& Tower with Radar,80,30,37,46,193,9,10,108,0,127,89,40,145,46,320,118,48,166,486
07/12/2004,TUS,AZ,AWP,WE,Combined TRACON& Tower with Radar,74,28,34,38,174,21,19,77,0,117,95,47,111,38,291,222,6,228,519
07/13/2004,TUS,AZ,AWP,WE,Combined TRACON& Tower with Radar,102,42,53,68,265,0,4,133,34,171,102,46,186,102,436,140,68,208,644
07/14/2004,TUS,AZ,AWP,WE,Combined TRACON& Tower with Radar,100,41,54,69,264,0,0,138,52,190,100,41,192,121,454,190,76,266,720
07/15/2004,TUS,AZ,AWP,WE,Combined TRACON& Tower with Radar,106,40,50,65,261,0,4,139,30,173,106,44,189,95,434,242,30,272,706
07/16/2004,TUS,AZ,AWP,WE,Combined TRACON& Tower with Radar,102,36,49,62,249,0,0,117,39,156,102,36,166,101,405,186,104,290,695
07/17/2004,TUS,AZ,AWP,WE,Combined TRACON& Tower with Radar,74,26,35,36,171,18,7,123,0,148,92,33,158,36,319,212,0,212,531
07/18/2004,TUS,AZ,AWP,WE,Combined TRACON& Tower with Radar,78,27,36,35,176,11,7,103,0,121,89,34,139,35,297,82,0,82,379
07/19/2004,TUS,AZ,AWP,WE,Combined TRACON& Tower with Radar,100,42,54,69,265,0,1,109,48,158,100,43,163,117,423,200,110,310,733
07/20/2004,TUS,AZ,AWP,WE,Combined TRACON& Tower with Radar,108,39,49,63,259,1,1,86,53,141,109,40,135,116,400,136,62,198,598
07/21/2004,TUS,AZ,AWP,WE,Combined TRACON& Tower with Radar,103,39,50,64,256,0,3,121,40,164,103,42,171,104,420,198,52,250,670
07/22/2004,TUS,AZ,AWP,WE,Combined TRACON& Tower with Radar,100,38,48,63,249,0,3,134,36,173,100,41,182,99,422,364,132,496,918
07/23/2004,TUS,AZ,AWP,WE,Combined TRACON& Tower with Radar,106,39,49,63,257,0,3,109,19,131,106,42,158,82,388,256,70,326,714
07/24/2004,TUS,AZ,AWP,WE,Combined TRACON& Tower with Radar,83,30,37,25,175,10,4,145,0,159,93,34,182,25,334,234,0,234,568
07/25/2004,TUS,AZ,AWP,WE,Combined TRACON& Tower with Radar,73,26,33,18,150,19,8,127,0,154,92,34,160,18,304,352,0,352,656
07/26/2004,TUS,AZ,AWP,WE,Combined TRACON& Tower with Radar,103,41,52,67,263,0,0,84,37,121,103,41,136,104,384,182,104,286,670
07/27/2004,TUS,AZ,AWP,WE,Combined TRACON& Tower with Radar,106,41,52,68,267,0,0,143,39,182,106,41,195,107,449,172,74,246,695
07/28/2004,TUS,AZ,AWP,WE,Combined TRACON& Tower with Radar,102,36,47,61,246,6,1,83,33,123,108,37,130,94,369,194,84,278,647
07/29/2004,TUS,AZ,AWP,WE,Combined TRACON& Tower with Radar,110,44,57,73,284,0,3,130,34,167,110,47,187,107,451,328,154,482,933
07/30/2004,TUS,AZ,AWP,WE,Combined TRACON& Tower with Radar,106,39,56,74,275,0,0,187,33,220,106,39,243,107,495,390,156,546,1041
07/31/2004,TUS,AZ,AWP,WE,Combined TRACON& Tower with Radar,71,25,33,28,157,21,8,109,0,138,92,33,142,28,295,194,0,194,489
08/01/2004,TUS,AZ,AWP,WE,Combined TRACON& Tower with Radar,70,23,36,31,160,22,10,107,0,139,92,33,143,31,299,182,0,182,481
08/02/2004,TUS,AZ,AWP,WE,Combined TRACON& Tower with Radar,103,38,60,75,276,0,2,95,42,139,103,40,155,117,415,122,26,148,563
08/03/2004,TUS,AZ,AWP,WE,Combined TRACON& Tower with Radar,104,37,58,73,272,0,9,98,43,150,104,46,156,116,422,118,44,162,584
08/04/2004,TUS,AZ,AWP,WE,Combined TRACON& Tower with Radar,104,40,61,79,284,0,2,154,27,183,104,42,215,106,467,280,70,350,817
08/05/2004,TUS,AZ,AWP,WE,Combined TRACON& Tower with Radar,108,36,60,76,280,0,0,135,33,168,108,36,195,109,448,88,92,180,628
08/06/2004,TUS,AZ,AWP,WE,Combined TRACON& Tower with Radar,108,35,54,70,267,0,1,120,21,142,108,36,174,91,409,130,44,174,583
08/07/2004,TUS,AZ,AWP,WE,Combined TRACON& Tower with Radar,85,28,43,55,211,9,9,112,15,145,94,37,155,70,356,220,56,276,632
08/08/2004,TUS,AZ,AWP,WE,Combined TRACON& Tower with Radar,76,25,39,40,180,19,8,145,0,172,95,33,184,40,352,278,80,358,710
08/09/2004,TUS,AZ,AWP,WE,Combined TRACON& Tower with Radar,83,27,41,50,201,19,15,66,0,100,102,42,107,50,301,152,4,156,457
08/10/2004,TUS,AZ,AWP,WE,Combined TRACON& Tower with Radar,110,35,59,74,278,0,0,126,32,158,110,35,185,106,436,308,62,370,806
08/11/2004,TUS,AZ,AWP,WE,Combined TRACON& Tower with Radar,111,40,62,79,292,0,2,127,45,174,111,42,189,124,466,190,136,326,792
08/12/2004,TUS,AZ,AWP,WE,Combined TRACON& Tower with Radar,106,36,55,70,267,0,3,113,41,157,106,39,168,111,424,228,108,336,760
08/13/2004,TUS,AZ,AWP,WE,Combined TRACON& Tower with Radar,100,33,50,64,247,11,6,81,19,117,111,39,131,83,364,220,136,356,720
08/14/2004,TUS,AZ,AWP,WE,Combined TRACON& Tower with Radar,78,25,39,34,176,14,7,133,0,154,92,32,172,34,330,202,2,204,534
08/15/2004,TUS,AZ,AWP,WE,Combined TRACON& Tower with Radar,76,25,39,45,185,20,9,89,0,118,96,34,128,45,303,150,0,150,453
08/16/2004,TUS,AZ,AWP,WE,Combined TRACON& Tower with Radar,105,36,55,71,267,0,0,36,47,83,105,36,91,118,350,156,80,236,586
08/17/2004,TUS,AZ,AWP,WE,Combined TRACON& Tower with Radar,104,41,63,82,290,0,4,117,41,162,104,45,180,123,452,346,82,428,880
08/18/2004,TUS,AZ,AWP,WE,Combined TRACON& Tower with Radar,114,37,58,74,283,0,3,103,40,146,114,40,161,114,429,156,124,280,709
08/19/2004,TUS,AZ,AWP,WE,Combined TRACON& Tower with Radar,103,36,57,72,268,0,8,142,43,193,103,44,199,115,461,234,78,312,773
08/20/2004,TUS,AZ,AWP,WE,Combined TRACON& Tower with Radar,108,33,58,72,271,0,0,154,45,199,108,33,212,117,470,316,76,392,862
08/21/2004,TUS,AZ,AWP,WE,Combined TRACON& Tower with Radar,77,24,39,32,172,18,8,180,0,206,95,32,219,32,378,266,0,266,644
08/22/2004,TUS,AZ,AWP,WE,Combined TRACON& Tower with Radar,79,24,39,27,169,16,14,153,0,183,95,38,192,27,352,254,0,254,606
08/23/2004,TUS,AZ,AWP,WE,Combined TRACON& Tower with Radar,101,34,58,72,265,0,0,116,44,160,101,34,174,116,425,138,52,190,615
08/24/2004,TUS,AZ,AWP,WE,Combined TRACON& Tower with Radar,110,33,57,72,272,0,0,72,41,113,110,33,129,113,385,158,108,266,651
08/25/2004,TUS,AZ,AWP,WE,Combined TRACON& Tower with Radar,99,31,49,62,241,2,6,112,35,155,101,37,161,97,396,336,64,400,796
08/26/2004,TUS,AZ,AWP,WE,Combined TRACON& Tower with Radar,107,36,58,73,274,0,0,148,28,176,107,36,206,101,450,236,0,236,686
08/27/2004,TUS,AZ,AWP,WE,Combined TRACON& Tower with Radar,108,35,57,70,270,0,2,138,30,170,108,37,195,100,440,274,76,350,790
08/28/2004,TUS,AZ,AWP,WE,Combined TRACON& Tower with Radar,75,23,38,28,164,19,10,141,0,170,94,33,179,28,334,192,0,192,526
08/29/2004,TUS,AZ,AWP,WE,Combined TRACON& Tower with Radar,77,24,38,39,178,15,8,139,0,162,92,32,177,39,340,168,0,168,508
08/30/2004,TUS,AZ,AWP,WE,Combined TRACON& Tower with Radar,100,36,57,71,264,0,7,99,43,149,100,43,156,114,413,118,84,202,615
08/31/2004,TUS,AZ,AWP,WE,Combined TRACON& Tower with Radar,106,35,55,70,266,0,4,116,30,150,106,39,171,100,416,190,66,256,672
09/01/2004,TUS,AZ,AWP,WE,Combined TRACON& Tower with Radar,111,36,52,58,257,0,0,107,55,162,111,36,159,113,419,210,116,326,745
09/02/2004,TUS,AZ,AWP,WE,Combined TRACON& Tower with Radar,104,36,48,54,242,3,0,133,25,161,107,36,181,79,403,242,38,280,683
09/03/2004,TUS,AZ,AWP,WE,Combined TRACON& Tower with Radar,105,37,50,57,249,0,2,110,19,131,105,39,160,76,380,184,36,220,600
09/04/2004,TUS,AZ,AWP,WE,Combined TRACON& Tower with Radar,71,24,33,24,152,15,4,83,0,102,86,28,116,24,254,204,2,206,460
09/05/2004,TUS,AZ,AWP,WE,Combined TRACON& Tower with Radar,65,23,30,21,139,14,13,92,0,119,79,36,122,21,258,226,0,226,484
09/06/2004,TUS,AZ,AWP,WE,Combined TRACON& Tower with Radar,82,28,38,38,186,11,6,141,0,158,93,34,179,38,344,90,8,98,442
09/07/2004,TUS,AZ,AWP,WE,Combined TRACON& Tower with Radar,106,41,55,63,265,0,2,100,41,143,106,43,155,104,408,126,90,216,624
09/08/2004,TUS,AZ,AWP,WE,Combined TRACON& Tower with Radar,107,39,55,62,263,0,0,147,46,193,107,39,202,108,456,188,68,256,712
09/09/2004,TUS,AZ,AWP,WE,Combined TRACON& Tower with Radar,107,41,55,62,265,0,7,131,39,177,107,48,186,101,442,186,56,242,684
09/10/2004,TUS,AZ,AWP,WE,Combined TRACON& Tower with Radar,109,38,52,59,258,0,6,156,30,192,109,44,208,89,450,328,56,384,834
09/11/2004,TUS,AZ,AWP,WE,Combined TRACON& Tower with Radar,91,31,42,48,212,5,6,129,19,159,96,37,171,67,371,212,48,260,631
09/12/2004,TUS,AZ,AWP,WE,Combined TRACON& Tower with Radar,80,28,37,32,177,14,6,124,0,144,94,34,161,32,321,58,18,76,397
09/13/2004,TUS,AZ,AWP,WE,Combined TRACON& Tower with Radar,99,34,46,51,230,7,8,116,24,155,106,42,162,75,385,168,36,204,589
09/14/2004,TUS,AZ,AWP,WE,Combined TRACON& Tower with Radar,127,43,59,66,295,9,6,108,45,168,136,49,167,111,463,224,40,264,727
09/15/2004,TUS,AZ,AWP,WE,Combined TRACON& Tower with Radar,110,41,57,63,271,0,3,98,60,161,110,44,155,123,432,222,70,292,724
09/16/2004,TUS,AZ,AWP,WE,Combined TRACON& Tower with Radar,109,38,54,59,260,0,5,149,29,183,109,43,203,88,443,250,74,324,767
09/17/2004,TUS,AZ,AWP,WE,Combined TRACON& Tower with Radar,108,39,55,61,263,0,3,172,25,200,108,42,227,86,463,192,34,226,689
09/18/2004,TUS,AZ,AWP,WE,Combined TRACON& Tower with Radar,74,24,35,25,158,19,12,54,0,85,93,36,89,25,243,168,0,168,411
09/19/2004,TUS,AZ,AWP,WE,Combined TRACON& Tower with Radar,82,27,39,22,170,17,10,56,0,83,99,37,95,22,253,16,0,16,269
09/20/2004,TUS,AZ,AWP,WE,Combined TRACON& Tower with Radar,99,39,55,61,254,0,3,120,22,145,99,42,175,83,399,240,54,294,693
09/21/2004,TUS,AZ,AWP,WE,Combined TRACON& Tower with Radar,106,39,58,63,266,0,0,125,43,168,106,39,183,106,434,196,56,252,686
09/22/2004,TUS,AZ,AWP,WE,Combined TRACON& Tower with Radar,105,40,56,62,263,0,6,160,49,215,105,46,216,111,478,222,60,282,760
09/23/2004,TUS,AZ,AWP,WE,Combined TRACON& Tower with Radar,110,40,56,62,268,0,4,121,61,186,110,44,177,123,454,288,78,366,820
09/24/2004,TUS,AZ,AWP,WE,Combined TRACON& Tower with Radar,110,36,51,56,253,0,16,163,20,199,110,52,214,76,452,242,128,370,822
09/25/2004,TUS,AZ,AWP,WE,Combined TRACON& Tower with Radar,76,25,35,22,158,21,12,157,0,190,97,37,192,22,348,276,0,276,624
09/26/2004,TUS,AZ,AWP,WE,Combined TRACON& Tower with Radar,83,27,39,25,174,18,4,105,0,127,101,31,144,25,301,170,0,170,471
09/27/2004,TUS,AZ,AWP,WE,Combined TRACON& Tower with Radar,106,36,50,56,248,0,5,132,38,175,106,41,182,94,423,264,28,292,715
09/28/2004,TUS,AZ,AWP,WE,Combined TRACON& Tower with Radar,111,37,51,56,255,5,3,121,31,160,116,40,172,87,415,228,38,266,681
09/29/2004,TUS,AZ,AWP,WE,Combined TRACON& Tower with Radar,105,38,53,59,255,0,11,139,30,180,105,49,192,89,435,216,50,266,701
09/30/2004,TUS,AZ,AWP,WE,Combined TRACON& Tower with Radar,110,39,55,62,266,0,8,152,21,181,110,47,207,83,447,218,76,294,741
10/01/2004,TUS,AZ,AWP,WE,Combined TRACON& Tower with Radar,112,35,50,79,276,0,7,158,25,190,112,42,208,104,466,294,56,350,816
10/02/2004,TUS,AZ,AWP,WE,Combined TRACON& Tower with Radar,89,37,34,60,220,0,3,140,15,158,89,40,174,75,378,304,122,426,804
10/03/2004,TUS,AZ,AWP,WE,Combined TRACON& Tower with Radar,104,32,56,49,241,0,8,135,15,158,104,40,191,64,399,236,68,304,703
10/04/2004,TUS,AZ,AWP,WE,Combined TRACON& Tower with Radar,113,33,62,23,231,0,4,156,27,187,113,37,218,50,418,218,2,220,638
10/05/2004,TUS,AZ,AWP,WE,Combined TRACON& Tower with Radar,115,35,52,71,273,0,12,136,27,175,115,47,188,98,448,216,46,262,710
10/06/2004,TUS,AZ,AWP,WE,Combined TRACON& Tower with Radar,119,35,54,78,286,2,8,145,36,191,121,43,199,114,477,236,18,254,731
10/07/2004,TUS,AZ,AWP,WE,Combined TRACON& Tower with Radar,112,42,91,90,335,0,438,183,39,660,112,480,274,129,995,326,74,400,1395
10/08/2004,TUS,AZ,AWP,WE,Combined TRACON& Tower with Radar,122,33,87,90,332,0,7,219,26,252,122,40,306,116,584,334,50,384,968
10/09/2004,TUS,AZ,AWP,WE,Combined TRACON& Tower with Radar,101,30,62,16,209,0,11,147,14,172,101,41,209,30,381,158,0,158,539
10/10/2004,TUS,AZ,AWP,WE,Combined TRACON& Tower with Radar,107,34,47,17,205,0,1,135,8,144,107,35,182,25,349,162,16,178,527
10/11/2004,TUS,AZ,AWP,WE,Combined TRACON& Tower with Radar,115,35,70,16,236,0,6,134,13,153,115,41,204,29,389,216,0,216,605
10/12/2004,TUS,AZ,AWP,WE,Combined TRACON& Tower with Radar,118,33,74,90,315,0,5,141,15,161,118,38,215,105,476,198,48,246,722
10/13/2004,TUS,AZ,AWP,WE,Combined TRACON& Tower with Radar,119,40,91,84,334,0,8,145,34,187,119,48,236,118,521,246,88,334,855
10/14/2004,TUS,AZ,AWP,WE,Combined TRACON& Tower with Radar,128,33,55,80,296,0,0,177,26,203,128,33,232,106,499,378,140,518,1017
10/15/2004,TUS,AZ,AWP,WE,Combined TRACON& Tower with Radar,123,29,83,72,307,0,16,190,25,231,123,45,273,97,538,248,106,354,892
10/16/2004,TUS,AZ,AWP,WE,Combined TRACON& Tower with Radar,100,31,35,14,180,0,10,188,15,213,100,41,223,29,393,172,2,174,567
10/17/2004,TUS,AZ,AWP,WE,Combined TRACON& Tower with Radar,117,31,60,16,224,0,6,89,8,103,117,37,149,24,327,108,0,108,435
10/18/2004,TUS,AZ,AWP,WE,Combined TRACON& Tower with Radar,118,38,46,77,279,0,5,130,34,169,118,43,176,111,448,314,64,378,826
10/19/2004,TUS,AZ,AWP,WE,Combined TRACON& Tower with Radar,116,31,75,88,310,0,4,159,29,192,116,35,234,117,502,250,64,314,816
10/20/2004,TUS,AZ,AWP,WE,Combined TRACON& Tower with Radar,121,39,79,88,327,0,4,130,31,165,121,43,209,119,492,254,66,320,812
10/21/2004,TUS,AZ,AWP,WE,Combined TRACON& Tower with Radar,136,39,69,65,309,1,22,75,23,121,137,61,144,88,430,154,56,210,640
10/22/2004,TUS,AZ,AWP,WE,Combined TRACON& Tower with Radar,122,33,75,127,357,0,3,56,30,89,122,36,131,157,446,372,172,544,990
10/23/2004,TUS,AZ,AWP,WE,Combined TRACON& Tower with Radar,98,31,58,14,201,0,9,161,21,191,98,40,219,35,392,194,0,194,586
10/24/2004,TUS,AZ,AWP,WE,Combined TRACON& Tower with Radar,109,30,85,22,246,0,0,159,6,165,109,30,244,28,411,184,0,184,595
10/25/2004,TUS,AZ,AWP,WE,Combined TRACON& Tower with Radar,115,28,59,96,298,0,5,97,29,131,115,33,156,125,429,76,56,132,561
10/26/2004,TUS,AZ,AWP,WE,Combined TRACON& Tower with Radar,121,32,62,77,292,0,4,115,26,145,121,36,177,103,437,220,50,270,707
10/27/2004,TUS,AZ,AWP,WE,Combined TRACON& Tower with Radar,119,33,60,94,306,0,2,54,24,80,119,35,114,118,386,60,50,110,496
10/28/2004,TUS,AZ,AWP,WE,Combined TRACON& Tower with Radar,118,43,98,93,352,2,15,37,21,75,120,58,135,114,427,66,8,74,501
10/29/2004,TUS,AZ,AWP,WE,Combined TRACON& Tower with Radar,118,36,84,68,306,0,6,190,30,226,118,42,274,98,532,396,62,458,990
10/30/2004,TUS,AZ,AWP,WE,Combined TRACON& Tower with Radar,101,28,67,21,217,0,2,123,11,136,101,30,190,32,353,340,2,342,695
10/31/2004,TUS,AZ,AWP,WE,Combined TRACON& Tower with Radar,110,27,50,22,209,0,4,154,8,166,110,31,204,30,375,312,0,312,687
11/01/2004,TUS,AZ,AWP,WE,Towers with Radar,116,34,45,79,274,0,5,83,23,111,116,39,128,102,385,94,64,158,543
11/02/2004,TUS,AZ,AWP,WE,Towers with Radar,115,30,79,96,320,0,3,160,26,189,115,33,239,122,509,264,52,316,825
11/03/2004,TUS,AZ,AWP,WE,Towers with Radar,118,33,49,74,274,0,3,176,33,212,118,36,225,107,486,158,46,204,690
11/04/2004,TUS,AZ,AWP,WE,Towers with Radar,116,28,64,93,301,1,13,150,20,184,117,41,214,113,485,304,140,444,929
11/05/2004,TUS,AZ,AWP,WE,Towers with Radar,112,38,49,106,305,0,3,200,20,223,112,41,249,126,528,220,136,356,884
11/06/2004,TUS,AZ,AWP,WE,Towers with Radar,109,27,76,44,256,0,5,186,6,197,109,32,262,50,453,94,38,132,585
11/07/2004,TUS,AZ,AWP,WE,Towers with Radar,111,35,63,25,234,0,9,88,13,110,111,44,151,38,344,228,6,234,578
11/08/2004,TUS,AZ,AWP,WE,Towers with Radar,124,27,61,16,228,0,5,107,22,134,124,32,168,38,362,112,0,112,474
11/09/2004,TUS,AZ,AWP,WE,Towers with Radar,123,27,53,107,310,0,8,163,41,212,123,35,216,148,522,342,40,382,904
11/10/2004,TUS,AZ,AWP,WE,Towers with Radar,118,36,57,100,311,0,8,96,37,141,118,44,153,137,452,352,90,442,894
11/11/2004,TUS,AZ,AWP,WE,Towers with Radar,123,31,80,15,249,0,339,225,26,590,123,370,305,41,839,338,0,338,1177
11/12/2004,TUS,AZ,AWP,WE,Towers with Radar,123,30,56,66,275,0,12,195,20,227,123,42,251,86,502,344,114,458,960
11/13/2004,TUS,AZ,AWP,WE,Towers with Radar,108,31,80,5,224,0,40,168,0,208,108,71,248,5,432,210,0,210,642
11/14/2004,TUS,AZ,AWP,WE,Towers with Radar,106,54,107,32,299,0,0,0,0,0,106,54,107,32,299,106,0,106,405
11/15/2004,TUS,AZ,AWP,WE,Towers with Radar,122,32,79,65,298,0,31,46,9,86,122,63,125,74,384,112,54,166,550
11/16/2004,TUS,AZ,AWP,WE,Towers with Radar,123,77,39,74,313,0,0,165,0,165,123,77,204,74,478,0,0,0,478
11/17/2004,TUS,AZ,AWP,WE,Towers with Radar,125,47,52,60,284,1,16,238,29,284,126,63,290,89,568,396,106,502,1070
11/18/2004,TUS,AZ,AWP,WE,Towers with Radar,129,54,52,78,313,0,19,237,27,283,129,73,289,105,596,549,162,711,1307
11/19/2004,TUS,AZ,AWP,WE,Towers with Radar,118,73,70,51,312,0,23,189,14,226,118,96,259,65,538,594,164,758,1296
11/20/2004,TUS,AZ,AWP,WE,Towers with Radar,105,57,48,1,211,0,15,258,7,280,105,72,306,8,491,292,0,292,783
11/21/2004,TUS,AZ,AWP,WE,Towers with Radar,108,47,50,1,206,0,14,79,4,97,108,61,129,5,303,30,0,30,333
11/22/2004,TUS,AZ,AWP,WE,Towers with Radar,120,49,66,62,297,0,11,36,8,55,120,60,102,70,352,156,38,194,546
11/23/2004,TUS,AZ,AWP,WE,Towers with Radar,121,53,72,79,325,0,21,136,16,173,121,74,208,95,498,154,124,278,776
11/24/2004,TUS,AZ,AWP,WE,Towers with Radar,117,53,53,59,282,0,22,195,19,236,117,75,248,78,518,236,56,292,810
11/25/2004,TUS,AZ,AWP,WE,Towers with Radar,89,35,20,0,144,0,14,80,14,108,89,49,100,14,252,26,0,26,278
11/26/2004,TUS,AZ,AWP,WE,Towers with Radar,108,42,22,0,172,0,18,151,10,179,108,60,173,10,351,192,0,192,543
11/27/2004,TUS,AZ,AWP,WE,Towers with Radar,110,58,28,0,196,0,11,161,13,185,110,69,189,13,381,160,0,160,541
11/28/2004,TUS,AZ,AWP,WE,Towers with Radar,112,60,78,0,250,0,8,108,9,125,112,68,186,9,375,190,0,190,565
11/29/2004,TUS,AZ,AWP,WE,Towers with Radar,118,44,31,68,261,0,25,144,11,180,118,69,175,79,441,258,74,332,773
11/30/2004,TUS,AZ,AWP,WE,Towers with Radar,130,59,47,77,313,0,23,146,15,184,130,82,193,92,497,232,104,336,833
12/01/2004,TUS,AZ,AWP,WE,Towers with Radar,123,48,57,84,312,0,10,166,18,194,123,58,223,102,506,306,118,424,930
12/02/2004,TUS,AZ,AWP,WE,Towers with Radar,129,49,39,71,288,0,24,188,8,220,129,73,227,79,508,258,102,360,868
12/03/2004,TUS,AZ,AWP,WE,Towers with Radar,127,57,44,36,264,0,18,206,4,228,127,75,250,40,492,378,20,398,890
12/04/2004,TUS,AZ,AWP,WE,Towers with Radar,106,43,57,35,241,0,8,84,11,103,106,51,141,46,344,96,20,116,460
12/05/2004,TUS,AZ,AWP,WE,Towers with Radar,109,50,46,42,247,0,15,106,4,125,109,65,152,46,372,152,58,210,582
12/06/2004,TUS,AZ,AWP,WE,Towers with Radar,116,59,66,9,250,0,13,56,0,69,116,72,122,9,319,86,0,86,405
12/07/2004,TUS,AZ,AWP,WE,Towers with Radar,121,61,43,44,269,0,26,180,17,223,121,87,223,61,492,236,54,290,782
12/08/2004,TUS,AZ,AWP,WE,Towers with Radar,118,65,42,73,298,0,15,182,14,211,118,80,224,87,509,206,84,290,799
12/09/2004,TUS,AZ,AWP,WE,Towers with Radar,121,54,59,64,298,0,19,219,15,253,121,73,278,79,551,180,54,234,785
12/10/2004,TUS,AZ,AWP,WE,Towers with Radar,128,50,46,67,291,0,27,227,16,270,128,77,273,83,561,214,96,310,871
12/11/2004,TUS,AZ,AWP,WE,Towers with Radar,106,42,37,0,185,0,26,163,9,198,106,68,200,9,383,84,0,84,467
12/12/2004,TUS,AZ,AWP,WE,Towers with Radar,109,50,45,0,204,0,10,184,8,202,109,60,229,8,406,258,0,258,664
12/13/2004,TUS,AZ,AWP,WE,Towers with Radar,119,46,36,80,281,0,28,136,10,174,119,74,172,90,455,176,68,244,699
12/14/2004,TUS,AZ,AWP,WE,Towers with Radar,123,49,53,69,294,0,25,105,15,145,123,74,158,84,439,58,56,114,553
12/15/2004,TUS,AZ,AWP,WE,Towers with Radar,122,57,42,64,285,0,32,136,13,181,122,89,178,77,466,264,82,346,812
12/16/2004,TUS,AZ,AWP,WE,Towers with Radar,133,51,39,55,278,0,20,109,15,144,133,71,148,70,422,96,54,150,572
12/17/2004,TUS,AZ,AWP,WE,Towers with Radar,134,61,41,67,303,0,14,86,8,108,134,75,127,75,411,46,86,132,543
12/18/2004,TUS,AZ,AWP,WE,Towers with Radar,114,39,51,2,206,0,14,187,7,208,114,53,238,9,414,176,0,176,590
12/19/2004,TUS,AZ,AWP,WE,Towers with Radar,118,44,13,1,176,0,13,107,6,126,118,57,120,7,302,190,4,194,496
12/20/2004,TUS,AZ,AWP,WE,Towers with Radar,129,48,29,75,281,0,24,169,4,197,129,72,198,79,478,168,108,276,754
12/21/2004,TUS,AZ,AWP,WE,Towers with Radar,129,41,41,71,282,0,11,163,14,188,129,52,204,85,470,300,126,426,896
12/22/2004,TUS,AZ,AWP,WE,Towers with Radar,127,57,39,62,285,0,17,181,9,207,127,74,220,71,492,220,110,330,822
12/23/2004,TUS,AZ,AWP,WE,Towers with Radar,122,46,23,29,220,0,24,131,12,167,122,70,154,41,387,258,44,302,689
12/24/2004,TUS,AZ,AWP,WE,Towers with Radar,125,35,16,0,176,0,12,81,4,97,125,47,97,4,273,70,0,70,343
12/25/2004,TUS,AZ,AWP,WE,Towers with Radar,105,48,8,0,161,0,12,39,2,53,105,60,47,2,214,20,0,20,234
12/26/2004,TUS,AZ,AWP,WE,Towers with Radar,116,58,54,2,230,0,13,124,38,175,116,71,178,40,405,140,0,140,545
12/27/2004,TUS,AZ,AWP,WE,Towers with Radar,126,55,43,27,251,0,18,177,6,201,126,73,220,33,452,108,26,134,586
12/28/2004,TUS,AZ,AWP,WE,Towers with Radar,129,54,54,52,289,0,27,116,18,161,129,81,170,70,450,310,38,348,798
12/29/2004,TUS,AZ,AWP,WE,Towers with Radar,131,52,34,57,274,0,6,13,3,22,131,58,47,60,296,6,18,24,320
12/30/2004,TUS,AZ,AWP,WE,Towers with Radar,129,52,38,33,252,0,41,149,11,201,129,93,187,44,453,216,60,276,729
12/31/2004,TUS,AZ,AWP,WE,Towers with Radar,126,49,30,0,205,0,21,130,5,156,126,70,160,5,361,283,0,283,644
01/01/2005,TUS,AZ,AWP,WE,Towers with Radar,105,43,27,2,177,3,10,110,2,125,108,53,137,4,302,88,0,88,390
01/02/2005,TUS,AZ,AWP,WE,Towers with Radar,119,48,60,0,227,0,10,88,8,106,119,58,148,8,333,152,0,152,485
01/03/2005,TUS,AZ,AWP,WE,Towers with Radar,122,64,69,7,262,0,0,48,3,51,122,64,117,10,313,62,16,78,391
01/04/2005,TUS,AZ,AWP,WE,Towers with Radar,122,57,40,40,259,0,3,30,3,36,122,60,70,43,295,28,40,68,363
01/05/2005,TUS,AZ,AWP,WE,Towers with Radar,116,50,63,51,280,0,18,152,19,189,116,68,215,70,469,254,54,308,777
01/06/2005,TUS,AZ,AWP,WE,Towers with Radar,122,61,47,71,301,0,35,161,19,215,122,96,208,90,516,230,98,328,844
01/07/2005,TUS,AZ,AWP,WE,Towers with Radar,118,50,42,58,268,0,26,138,15,179,118,76,180,73,447,180,62,242,689
01/08/2005,TUS,AZ,AWP,WE,Towers with Radar,113,52,31,30,226,0,27,208,12,247,113,79,239,42,473,224,36,260,733
01/09/2005,TUS,AZ,AWP,WE,Towers with Radar,107,54,46,29,236,0,16,124,15,155,107,70,170,44,391,58,16,74,465
01/10/2005,TUS,AZ,AWP,WE,Towers with Radar,117,53,39,3,212,0,26,147,9,182,117,79,186,12,394,152,6,158,552
01/11/2005,TUS,AZ,AWP,WE,Towers with Radar,118,59,47,64,288,0,13,87,17,117,118,72,134,81,405,110,14,124,529
01/12/2005,TUS,AZ,AWP,WE,Towers with Radar,117,62,60,49,288,0,19,160,20,199,117,81,220,69,487,162,68,230,717
01/13/2005,TUS,AZ,AWP,WE,Towers with Radar,115,75,44,59,293,0,30,163,16,209,115,105,207,75,502,260,80,340,842
01/14/2005,TUS,AZ,AWP,WE,Towers with Radar,113,61,46,47,267,0,20,191,10,221,113,81,237,57,488,228,56,284,772
01/15/2005,TUS,AZ,AWP,WE,Towers with Radar,101,57,46,11,215,0,12,188,7,207,101,69,234,18,422,224,0,224,646
01/16/2005,TUS,AZ,AWP,WE,Towers with Radar,107,63,40,4,214,0,15,149,6,170,107,78,189,10,384,108,0,108,492
01/17/2005,TUS,AZ,AWP,WE,Towers with Radar,113,54,47,2,216,4,15,183,5,207,117,69,230,7,423,198,0,198,621
01/18/2005,TUS,AZ,AWP,WE,Towers with Radar,114,54,48,64,280,0,16,146,15,177,114,70,194,79,457,210,88,298,755
01/19/2005,TUS,AZ,AWP,WE,Towers with Radar,113,59,29,80,281,0,25,143,11,179,113,84,172,91,460,248,102,350,810
01/20/2005,TUS,AZ,AWP,WE,Towers with Radar,113,55,48,72,288,0,32,192,11,235,113,87,240,83,523,272,46,318,841
01/21/2005,TUS,AZ,AWP,WE,Towers with Radar,112,59,65,58,294,0,27,99,16,142,112,86,164,74,436,168,68,236,672
01/22/2005,TUS,AZ,AWP,WE,Towers with Radar,100,54,36,6,196,0,17,217,9,243,100,71,253,15,439,256,4,260,699
01/23/2005,TUS,AZ,AWP,WE,Towers with Radar,105,56,51,0,212,0,12,121,9,142,105,68,172,9,354,88,0,88,442
01/24/2005,TUS,AZ,AWP,WE,Towers with Radar,121,54,38,65,278,0,22,98,10,130,121,76,136,75,408,186,72,258,666
01/25/2005,TUS,AZ,AWP,WE,Towers with Radar,118,51,31,64,264,0,29,133,12,174,118,80,164,76,438,328,70,398,836
01/26/2005,TUS,AZ,AWP,WE,Towers with Radar,115,51,58,59,283,0,21,28,9,58,115,72,86,68,341,124,52,176,517
01/27/2005,TUS,AZ,AWP,WE,Towers with Radar,116,68,71,80,335,0,34,121,15,170,116,102,192,95,505,216,100,316,821
01/28/2005,TUS,AZ,AWP,WE,Towers with Radar,118,72,56,65,311,0,21,171,15,207,118,93,227,80,518,256,72,328,846
01/29/2005,TUS,AZ,AWP,WE,Towers with Radar,101,58,50,0,209,0,22,143,6,171,101,80,193,6,380,68,0,68,448
01/30/2005,TUS,AZ,AWP,WE,Towers with Radar,102,56,75,0,233,0,21,127,16,164,102,77,202,16,397,182,4,186,583
01/31/2005,TUS,AZ,AWP,WE,Towers with Radar,114,54,40,66,274,0,43,147,14,204,114,97,187,80,478,210,62,272,750
02/01/2005,TUS,AZ,AWP,WE,Towers with Radar,120,59,36,79,294,2,33,167,13,215,122,92,203,92,509,216,102,318,827
02/02/2005,TUS,AZ,AWP,WE,Towers with Radar,121,55,41,95,312,0,20,76,24,120,121,75,117,119,432,166,86,252,684
02/03/2005,TUS,AZ,AWP,WE,Towers with Radar,126,74,40,83,323,0,19,93,15,127,126,93,133,98,450,62,98,160,610
02/04/2005,TUS,AZ,AWP,WE,Towers with Radar,119,79,65,70,333,0,9,102,18,129,119,88,167,88,462,112,64,176,638
02/05/2005,TUS,AZ,AWP,WE,Towers with Radar,111,55,53,55,274,0,17,174,8,199,111,72,227,63,473,282,86,368,841
02/06/2005,TUS,AZ,AWP,WE,Towers with Radar,115,58,45,35,253,0,5,117,11,133,115,63,162,46,386,54,46,100,486
02/07/2005,TUS,AZ,AWP,WE,Towers with Radar,110,63,49,3,225,0,33,114,11,158,110,96,163,14,383,202,0,202,585
02/08/2005,TUS,AZ,AWP,WE,Towers with Radar,126,57,29,84,296,0,42,167,14,223,126,99,196,98,519,368,98,466,985
02/09/2005,TUS,AZ,AWP,WE,Towers with Radar,117,48,45,78,288,0,32,184,23,239,117,80,229,101,527,286,80,366,893
02/10/2005,TUS,AZ,AWP,WE,Towers with Radar,124,58,75,80,337,0,10,81,17,108,124,68,156,97,445,112,94,206,651
02/11/2005,TUS,AZ,AWP,WE,Towers with Radar,120,74,77,47,318,0,2,30,9,41,120,76,107,56,359,100,62,162,521
02/12/2005,TUS,AZ,AWP,WE,Towers with Radar,117,51,67,0,235,0,8,49,6,63,117,59,116,6,298,76,0,76,374
02/13/2005,TUS,AZ,AWP,WE,Towers with Radar,113,68,44,2,227,0,27,160,8,195,113,95,204,10,422,242,0,242,664
02/14/2005,TUS,AZ,AWP,WE,Towers with Radar,117,54,31,65,267,0,24,140,23,187,117,78,171,88,454,242,76,318,772
02/15/2005,TUS,AZ,AWP,WE,Towers with Radar,120,51,56,74,301,0,39,154,12,205,120,90,210,86,506,408,138,546,1052
02/16/2005,TUS,AZ,AWP,WE,Towers with Radar,116,60,49,85,310,0,32,203,22,257,116,92,252,107,567,406,90,496,1063
02/17/2005,TUS,AZ,AWP,WE,Towers with Radar,124,74,69,65,332,0,30,150,16,196,124,104,219,81,528,458,64,522,1050
02/18/2005,TUS,AZ,AWP,WE,Towers with Radar,119,65,72,45,301,0,15,130,18,163,119,80,202,63,464,248,34,282,746
02/19/2005,TUS,AZ,AWP,WE,Towers with Radar,119,53,51,0,223,0,11,38,15,64,119,64,89,15,287,86,10,96,383
02/20/2005,TUS,AZ,AWP,WE,Towers with Radar,106,54,58,4,222,0,33,138,10,181,106,87,196,14,403,138,4,142,545
02/21/2005,TUS,AZ,AWP,WE,Towers with Radar,115,67,60,1,243,0,34,118,4,156,115,101,178,5,399,192,0,192,591
02/22/2005,TUS,AZ,AWP,WE,Towers with Radar,133,72,83,62,350,0,13,79,13,105,133,85,162,75,455,288,74,362,817
02/23/2005,TUS,AZ,AWP,WE,Towers with Radar,120,66,66,71,323,0,27,117,12,156,120,93,183,83,479,242,74,316,795
02/24/2005,TUS,AZ,AWP,WE,Towers with Radar,130,65,89,67,351,0,35,90,19,144,130,100,179,86,495,376,74,450,945
02/25/2005,TUS,AZ,AWP,WE,Towers with Radar,126,60,66,62,314,0,28,183,17,228,126,88,249,79,542,308,102,410,952
02/26/2005,TUS,AZ,AWP,WE,Towers with Radar,120,58,53,3,234,3,15,162,13,193,123,73,215,16,427,276,0,276,703
02/27/2005,TUS,AZ,AWP,WE,Towers with Radar,112,66,88,1,267,0,17,154,12,183,112,83,242,13,450,272,0,272,722
02/28/2005,TUS,AZ,AWP,WE,Towers with Radar,120,61,58,52,291,0,20,166,15,201,120,81,224,67,492,280,22,302,794
03/01/2005,TUS,AZ,AWP,WE,Towers with Radar,127,55,46,76,304,0,25,164,19,208,127,80,210,95,512,318,112,430,942
03/02/2005,TUS,AZ,AWP,WE,Towers with Radar,130,56,54,70,310,0,32,135,12,179,130,88,189,82,489,256,68,324,813
03/03/2005,TUS,AZ,AWP,WE,Towers with Radar,126,75,64,71,336,0,36,182,17,235,126,111,246,88,571,164,22,186,757
03/04/2005,TUS,AZ,AWP,WE,Towers with Radar,130,63,60,57,310,0,34,178,19,231,130,97,238,76,541,390,90,480,1021
03/05/2005,TUS,AZ,AWP,WE,Towers with Radar,117,59,40,40,256,1,6,113,21,141,118,65,153,61,397,134,60,194,591
03/06/2005,TUS,AZ,AWP,WE,Towers with Radar,115,62,53,37,267,0,2,62,16,80,115,64,115,53,347,128,36,164,511
03/07/2005,TUS,AZ,AWP,WE,Towers with Radar,127,63,37,7,234,0,25,127,16,168,127,88,164,23,402,238,0,238,640
03/08/2005,TUS,AZ,AWP,WE,Towers with Radar,126,52,51,59,288,0,20,157,13,190,126,72,208,72,478,238,114,352,830
03/09/2005,TUS,AZ,AWP,WE,Towers with Radar,121,59,43,64,287,1,23,185,31,240,122,82,228,95,527,404,116,520,1047
03/10/2005,TUS,AZ,AWP,WE,Towers with Radar,123,67,68,73,331,0,60,173,30,263,123,127,241,103,594,394,140,534,1128
03/11/2005,TUS,AZ,AWP,WE,Towers with Radar,126,65,43,62,296,0,46,151,24,221,126,111,194,86,517,300,92,392,909
03/12/2005,TUS,AZ,AWP,WE,Towers with Radar,117,57,32,2,208,0,27,228,13,268,117,84,260,15,476,194,0,194,670
03/13/2005,TUS,AZ,AWP,WE,Towers with Radar,117,64,63,1,245,0,22,155,13,190,117,86,218,14,435,196,0,196,631
03/14/2005,TUS,AZ,AWP,WE,Towers with Radar,127,55,60,62,304,0,13,82,11,106,127,68,142,73,410,68,20,88,498
03/15/2005,TUS,AZ,AWP,WE,Towers with Radar,138,48,49,71,306,0,24,119,11,154,138,72,168,82,460,268,64,332,792
03/16/2005,TUS,AZ,AWP,WE,Towers with Radar,130,62,74,66,332,0,20,185,30,235,130,82,259,96,567,268,68,336,903
03/17/2005,TUS,AZ,AWP,WE,Towers with Radar,124,83,110,53,370,0,58,170,31,259,124,141,280,84,629,344,86,430,1059
03/18/2005,TUS,AZ,AWP,WE,Towers with Radar,128,63,66,46,303,0,47,154,28,229,128,110,220,74,532,286,24,310,842
03/19/2005,TUS,AZ,AWP,WE,Towers with Radar,173,89,110,5,377,0,25,176,27,228,173,114,286,32,605,282,0,282,887
03/20/2005,TUS,AZ,AWP,WE,Towers with Radar,117,69,90,4,280,0,18,129,26,173,117,87,219,30,453,122,6,128,581
03/21/2005,TUS,AZ,AWP,WE,Towers with Radar,122,54,46,68,290,0,24,75,28,127,122,78,121,96,417,200,68,268,685
03/22/2005,TUS,AZ,AWP,WE,Towers with Radar,124,58,69,72,323,2,18,147,9,176,126,76,216,81,499,370,142,512,1011
03/23/2005,TUS,AZ,AWP,WE,Towers with Radar,132,51,52,53,288,0,23,143,18,184,132,74,195,71,472,98,60,158,630
03/24/2005,TUS,AZ,AWP,WE,Towers with Radar,129,58,81,65,333,0,68,120,24,212,129,126,201,89,545,278,78,356,901
03/25/2005,TUS,AZ,AWP,WE,Towers with Radar,129,64,56,49,298,0,18,107,31,156,129,82,163,80,454,234,32,266,720
03/26/2005,TUS,AZ,AWP,WE,Towers with Radar,121,57,63,2,243,1,12,188,25,226,122,69,251,27,469,264,0,264,733
03/27/2005,TUS,AZ,AWP,WE,Towers with Radar,136,78,29,1,244,0,19,155,24,198,136,97,184,25,442,208,0,208,650
03/28/2005,TUS,AZ,AWP,WE,Towers with Radar,114,60,45,58,277,0,20,136,35,191,114,80,181,93,468,198,56,254,722
03/29/2005,TUS,AZ,AWP,WE,Towers with Radar,132,57,67,59,315,0,21,138,30,189,132,78,205,89,504,310,58,368,872
03/30/2005,TUS,AZ,AWP,WE,Towers with Radar,118,62,60,80,320,0,35,192,37,264,118,97,252,117,584,328,90,418,1002
03/31/2005,TUS,AZ,AWP,WE,Towers with Radar,130,67,65,65,327,0,21,113,61,195,130,88,178,126,522,252,94,346,868
04/01/2005,TUS,AZ,AWP,WE,Towers with Radar,128,60,65,67,320,0,21,86,48,155,128,81,151,115,475,18,48,66,541
04/02/2005,TUS,AZ,AWP,WE,Towers with Radar,120,48,44,55,267,0,16,177,52,245,120,64,221,107,512,174,22,196,708
04/03/2005,TUS,AZ,AWP,WE,Towers with Radar,114,59,66,28,267,2,5,134,41,182,116,64,200,69,449,198,12,210,659
04/04/2005,TUS,AZ,AWP,WE,Towers with Radar,115,50,43,6,214,0,24,93,43,160,115,74,136,49,374,144,0,144,518
04/05/2005,TUS,AZ,AWP,WE,Towers with Radar,122,49,36,61,268,0,29,183,52,264,122,78,219,113,532,496,74,570,1102
04/06/2005,TUS,AZ,AWP,WE,Towers with Radar,119,48,59,84,310,0,23,137,44,204,119,71,196,128,514,228,144,372,886
04/07/2005,TUS,AZ,AWP,WE,Towers with Radar,121,57,51,71,300,0,24,134,48,206,121,81,185,119,506,320,72,392,898
04/08/2005,TUS,AZ,AWP,WE,Towers with Radar,122,57,34,69,282,0,25,135,41,201,122,82,169,110,483,232,90,322,805
04/09/2005,TUS,AZ,AWP,WE,Towers with Radar,163,84,64,0,311,0,22,203,49,274,163,106,267,49,585,116,0,116,701
04/10/2005,TUS,AZ,AWP,WE,Towers with Radar,105,59,41,4,209,2,26,175,34,237,107,85,216,38,446,176,2,178,624
04/11/2005,TUS,AZ,AWP,WE,Towers with Radar,112,59,49,63,283,0,35,142,45,222,112,94,191,108,505,374,88,462,967
04/12/2005,TUS,AZ,AWP,WE,Towers with Radar,121,51,48,76,296,0,41,158,34,233,121,92,206,110,529,396,76,472,1001
04/13/2005,TUS,AZ,AWP,WE,Towers with Radar,125,57,55,71,308,0,31,226,53,310,125,88,281,124,618,372,80,452,1070
04/14/2005,TUS,AZ,AWP,WE,Towers with Radar,123,63,59,58,303,0,0,166,44,210,123,63,225,102,513,428,72,500,1013
04/15/2005,TUS,AZ,AWP,WE,Towers with Radar,123,66,51,75,315,0,35,178,60,273,123,101,229,135,588,372,78,450,1038
04/16/2005,TUS,AZ,AWP,WE,Towers with Radar,113,57,31,4,205,0,26,220,39,285,113,83,251,43,490,316,0,316,806
04/17/2005,TUS,AZ,AWP,WE,Towers with Radar,109,62,67,0,238,0,25,147,23,195,109,87,214,23,433,182,0,182,615
04/18/2005,TUS,AZ,AWP,WE,Towers with Radar,115,56,26,60,257,0,24,124,33,181,115,80,150,93,438,180,80,260,698
04/19/2005,TUS,AZ,AWP,WE,Towers with Radar,118,58,30,60,266,0,23,126,45,194,118,81,156,105,460,196,122,318,778
04/20/2005,TUS,AZ,AWP,WE,Towers with Radar,116,52,41,60,269,0,28,134,32,194,116,80,175,92,463,432,70,502,965
04/21/2005,TUS,AZ,AWP,WE,Towers with Radar,126,63,58,28,275,0,35,164,50,249,126,98,222,78,524,444,94,538,1062
04/22/2005,TUS,AZ,AWP,WE,Towers with Radar,120,56,41,37,254,0,33,129,46,208,120,89,170,83,462,236,86,322,784
04/23/2005,TUS,AZ,AWP,WE,Towers with Radar,115,50,26,1,192,0,13,142,33,188,115,63,168,34,380,234,0,234,614
04/24/2005,TUS,AZ,AWP,WE,Towers with Radar,108,49,53,4,214,0,17,97,13,127,108,66,150,17,341,98,0,98,439
04/25/2005,TUS,AZ,AWP,WE,Towers with Radar,117,61,44,54,276,0,29,109,40,178,117,90,153,94,454,314,64,378,832
04/26/2005,TUS,AZ,AWP,WE,Towers with Radar,126,53,41,47,267,2,26,148,37,213,128,79,189,84,480,360,66,426,906
04/27/2005,TUS,AZ,AWP,WE,Towers with Radar,123,67,37,63,290,0,25,161,30,216,123,92,198,93,506,278,104,382,888
04/28/2005,TUS,AZ,AWP,WE,Towers with Radar,123,67,37,63,290,0,25,161,30,216,123,92,198,93,506,102,78,180,686
04/29/2005,TUS,AZ,AWP,WE,Towers with Radar,116,65,45,52,278,0,32,155,39,226,116,97,200,91,504,262,82,344,848
04/30/2005,TUS,AZ,AWP,WE,Towers with Radar,112,81,206,27,426,0,0,0,0,0,112,81,206,27,426,228,0,228,654
05/01/2005,TUS,AZ,AWP,WE,Towers with Radar,108,60,36,7,211,0,10,150,14,174,108,70,186,21,385,134,0,134,519
05/02/2005,TUS,AZ,AWP,WE,Towers with Radar,115,61,46,58,280,0,38,145,11,194,115,99,191,69,474,332,52,384,858
05/03/2005,TUS,AZ,AWP,WE,Towers with Radar,123,59,35,57,274,0,29,131,30,190,123,88,166,87,464,298,58,356,820
05/04/2005,TUS,AZ,AWP,WE,Towers with Radar,126,60,44,59,289,0,27,172,45,244,126,87,216,104,533,458,86,544,1077
05/05/2005,TUS,AZ,AWP,WE,Towers with Radar,117,95,201,99,512,0,0,0,0,0,117,95,201,99,512,168,76,244,756
05/06/2005,TUS,AZ,AWP,WE,Towers with Radar,122,69,52,42,285,0,24,126,27,177,122,93,178,69,462,190,60,250,712
05/07/2005,TUS,AZ,AWP,WE,Towers with Radar,123,48,29,3,203,0,30,133,20,183,123,78,162,23,386,314,0,314,700
05/08/2005,TUS,AZ,AWP,WE,Towers with Radar,107,57,32,1,197,0,30,149,11,190,107,87,181,12,387,188,0,188,575
05/09/2005,TUS,AZ,AWP,WE,Towers with Radar,115,52,39,69,275,0,21,166,16,203,115,73,205,85,478,190,94,284,762
05/10/2005,TUS,AZ,AWP,WE,Towers with Radar,120,54,42,52,268,0,27,109,21,157,120,81,151,73,425,160,16,176,601
05/11/2005,TUS,AZ,AWP,WE,Towers with Radar,120,61,36,70,287,0,28,155,31,214,120,89,191,101,501,462,124,586,1087
05/12/2005,TUS,AZ,AWP,WE,Towers with Radar,122,22,41,62,247,0,0,152,21,173,122,22,193,83,420,382,82,464,884
05/13/2005,TUS,AZ,AWP,WE,Towers with Radar,122,52,41,62,277,0,30,152,21,203,122,82,193,83,480,244,78,322,802
05/14/2005,TUS,AZ,AWP,WE,Towers with Radar,112,54,39,52,257,0,37,175,16,228,112,91,214,68,485,304,36,340,825
05/15/2005,TUS,AZ,AWP,WE,Towers with Radar,109,56,51,41,257,0,12,136,10,158,109,68,187,51,415,256,16,272,687
05/16/2005,TUS,AZ,AWP,WE,Towers with Radar,116,66,44,15,241,0,45,107,32,184,116,111,151,47,425,256,36,292,717
05/17/2005,TUS,AZ,AWP,WE,Towers with Radar,124,72,183,82,461,0,0,0,0,0,124,72,183,82,461,234,84,318,779
05/18/2005,TUS,AZ,AWP,WE,Towers with Radar,123,52,39,75,289,0,44,143,16,203,123,96,182,91,492,336,84,420,912
05/19/2005,TUS,AZ,AWP,WE,Towers with Radar,0,0,0,0,0,118,98,205,79,500,118,98,205,79,500,312,32,344,844
05/20/2005,TUS,AZ,AWP,WE,Towers with Radar,123,56,40,6,225,0,38,195,8,241,123,94,235,14,466,288,0,288,754
05/21/2005,TUS,AZ,AWP,WE,Towers with Radar,111,44,29,4,188,0,45,151,18,214,111,89,180,22,402,184,0,184,586
05/22/2005,TUS,AZ,AWP,WE,Towers with Radar,108,50,29,4,191,0,35,102,20,157,108,85,131,24,348,130,0,130,478
05/23/2005,TUS,AZ,AWP,WE,Towers with Radar,114,47,41,68,270,0,0,0,0,0,114,47,41,68,270,222,98,320,590
05/24/2005,TUS,AZ,AWP,WE,Towers with Radar,120,62,32,68,282,0,40,152,16,208,120,102,184,84,490,224,64,288,778
05/25/2005,TUS,AZ,AWP,WE,Towers with Radar,120,53,49,55,277,0,32,138,25,195,120,85,187,80,472,256,50,306,778
05/26/2005,TUS,AZ,AWP,WE,Towers with Radar,121,55,56,69,301,0,28,171,19,218,121,83,227,88,519,234,50,284,803
05/27/2005,TUS,AZ,AWP,WE,Towers with Radar,120,55,31,42,248,0,20,138,22,180,120,75,169,64,428,170,64,234,662
05/28/2005,TUS,AZ,AWP,WE,Towers with Radar,110,43,28,0,181,0,13,135,10,158,110,56,163,10,339,88,0,88,427
05/29/2005,TUS,AZ,AWP,WE,Towers with Radar,110,43,28,0,181,0,13,135,10,158,110,56,163,10,339,60,0,60,399
05/30/2005,TUS,AZ,AWP,WE,Towers with Radar,104,44,49,3,200,0,24,138,15,177,104,68,187,18,377,244,0,244,621
05/31/2005,TUS,AZ,AWP,WE,Towers with Radar,118,45,44,31,238,1,53,177,26,257,119,98,221,57,495,374,30,404,899
06/01/2005,TUS,AZ,AWP,WE,Towers with Radar,123,49,55,46,273,0,42,159,20,221,123,91,214,66,494,468,46,514,1008
06/02/2005,TUS,AZ,AWP,WE,Towers with Radar,119,58,35,50,262,0,40,138,15,193,119,98,173,65,455,284,42,326,781
06/03/2005,TUS,AZ,AWP,WE,Towers with Radar,118,42,44,43,247,0,38,120,17,175,118,80,164,60,422,362,108,470,892
06/04/2005,TUS,AZ,AWP,WE,Towers with Radar,116,45,27,0,188,0,36,158,7,201,116,81,185,7,389,276,0,276,665
06/05/2005,TUS,AZ,AWP,WE,Towers with Radar,111,46,37,2,196,0,20,125,13,158,111,66,162,15,354,224,0,224,578
06/06/2005,TUS,AZ,AWP,WE,Towers with Radar,121,52,29,42,244,0,41,126,21,188,121,93,155,63,432,360,84,444,876
06/07/2005,TUS,AZ,AWP,WE,Towers with Radar,123,48,39,45,255,0,42,139,26,207,123,90,178,71,462,470,116,586,1048
06/08/2005,TUS,AZ,AWP,WE,Towers with Radar,119,47,64,38,268,0,40,163,19,222,119,87,227,57,490,354,42,396,886
06/09/2005,TUS,AZ,AWP,WE,Towers with Radar,120,52,41,43,256,0,36,148,19,203,120,88,189,62,459,414,64,478,937
06/10/2005,TUS,AZ,AWP,WE,Towers with Radar,118,45,54,42,259,0,37,163,21,221,118,82,217,63,480,368,60,428,908
06/11/2005,TUS,AZ,AWP,WE,Towers with Radar,116,41,32,31,220,0,35,170,13,218,116,76,202,44,438,236,22,258,696
06/12/2005,TUS,AZ,AWP,WE,Towers with Radar,105,43,36,30,214,0,17,124,2,143,105,60,160,32,357,282,18,300,657
06/13/2005,TUS,AZ,AWP,WE,Towers with Radar,117,53,29,5,204,0,35,128,20,183,117,88,157,25,387,246,2,248,635
06/14/2005,TUS,AZ,AWP,WE,Towers with Radar,120,46,20,42,228,0,32,138,18,188,120,78,158,60,416,404,56,460,876
06/15/2005,TUS,AZ,AWP,WE,Towers with Radar,0,0,0,0,0,118,87,207,69,481,118,87,207,69,481,220,44,264,745
06/16/2005,TUS,AZ,AWP,WE,Towers with Radar,117,48,60,40,265,0,40,146,32,218,117,88,206,72,483,146,32,178,661
06/17/2005,TUS,AZ,AWP,WE,Towers with Radar,121,51,32,35,239,0,54,169,18,241,121,105,201,53,480,310,22,332,812
06/18/2005,TUS,AZ,AWP,WE,Towers with Radar,118,41,20,1,180,0,26,175,14,215,118,67,195,15,395,200,0,200,595
06/19/2005,TUS,AZ,AWP,WE,Towers with Radar,110,40,39,6,195,0,22,119,14,155,110,62,158,20,350,240,0,240,590
06/20/2005,TUS,AZ,AWP,WE,Towers with Radar,114,41,40,66,261,0,35,110,22,167,114,76,150,88,428,168,66,234,662
06/21/2005,TUS,AZ,AWP,WE,Towers with Radar,120,50,37,60,267,0,30,119,26,175,120,80,156,86,442,226,84,310,752
06/22/2005,TUS,AZ,AWP,WE,Towers with Radar,124,44,30,37,235,0,33,135,27,195,124,77,165,64,430,150,90,240,670
06/23/2005,TUS,AZ,AWP,WE,Towers with Radar,118,41,20,1,180,0,26,175,92,293,118,67,195,93,473,282,60,342,815
06/24/2005,TUS,AZ,AWP,WE,Towers with Radar,121,51,36,49,257,0,32,182,24,238,121,83,218,73,495,548,174,722,1217
06/25/2005,TUS,AZ,AWP,WE,Towers with Radar,115,40,22,0,177,0,24,150,13,187,115,64,172,13,364,440,0,440,804
06/26/2005,TUS,AZ,AWP,WE,Towers with Radar,111,40,49,9,209,6,27,124,0,157,117,67,173,9,366,226,0,226,592
06/27/2005,TUS,AZ,AWP,WE,Towers with Radar,113,59,36,79,287,0,39,142,0,181,113,98,178,79,468,278,120,398,866
06/28/2005,TUS,AZ,AWP,WE,Towers with Radar,124,55,36,52,267,0,29,171,21,221,124,84,207,73,488,310,32,342,830
06/29/2005,TUS,AZ,AWP,WE,Towers with Radar,0,0,0,0,0,122,104,192,81,499,122,104,192,81,499,216,84,300,799
06/30/2005,TUS,AZ,AWP,WE,Towers with Radar,123,52,36,47,258,0,45,147,26,218,123,97,183,73,476,340,102,442,918
07/01/2005,TUS,AZ,AWP,WE,Towers with Radar,121,49,47,40,257,0,36,188,13,237,121,85,235,53,494,202,30,232,726
07/02/2005,TUS,AZ,AWP,WE,Towers with Radar,110,38,14,0,162,0,32,114,13,159,110,70,128,13,321,264,0,264,585
07/03/2005,TUS,AZ,AWP,WE,Towers with Radar,109,42,15,0,166,0,17,131,11,159,109,59,146,11,325,264,0,264,589
07/04/2005,TUS,AZ,AWP,WE,Towers with Radar,104,41,19,2,166,0,18,115,28,161,104,59,134,30,327,282,0,282,609
07/05/2005,TUS,AZ,AWP,WE,Towers with Radar,115,50,27,57,249,0,31,121,24,176,115,81,148,81,425,250,128,378,803
07/06/2005,TUS,AZ,AWP,WE,Towers with Radar,125,50,27,65,267,0,31,149,29,209,125,81,176,94,476,266,92,358,834
07/07/2005,TUS,AZ,AWP,WE,Towers with Radar,117,55,29,39,240,0,33,117,35,185,117,88,146,74,425,196,60,256,681
07/08/2005,TUS,AZ,AWP,WE,Towers with Radar,131,52,28,45,256,0,31,123,54,208,131,83,151,99,464,266,62,328,792
07/09/2005,TUS,AZ,AWP,WE,Towers with Radar,112,48,34,21,215,1,28,133,49,211,113,76,167,70,426,276,22,298,724
07/10/2005,TUS,AZ,AWP,WE,Towers with Radar,114,49,17,16,196,0,26,130,37,193,114,75,147,53,389,282,26,308,697
07/11/2005,TUS,AZ,AWP,WE,Towers with Radar,117,54,34,6,211,0,45,133,50,228,117,99,167,56,439,292,6,298,737
07/12/2005,TUS,AZ,AWP,WE,Towers with Radar,124,52,30,59,265,0,37,172,53,262,124,89,202,112,527,218,88,306,833
07/13/2005,TUS,AZ,AWP,WE,Towers with Radar,118,55,34,72,279,0,32,132,41,205,118,87,166,113,484,284,134,418,902
07/14/2005,TUS,AZ,AWP,WE,Towers with Radar,123,45,50,66,284,0,38,153,54,245,123,83,203,120,529,378,94,472,1001
07/15/2005,TUS,AZ,AWP,WE,Towers with Radar,117,48,33,58,256,0,33,162,44,239,117,81,195,102,495,214,92,306,801
07/16/2005,TUS,AZ,AWP,WE,Towers with Radar,117,40,17,2,176,0,25,149,41,215,117,65,166,43,391,222,0,222,613
07/17/2005,TUS,AZ,AWP,WE,Towers with Radar,109,39,24,2,174,0,35,116,26,177,109,74,140,28,351,136,0,136,487
07/18/2005,TUS,AZ,AWP,WE,Towers with Radar,113,57,28,61,259,0,30,122,34,186,113,87,150,95,445,174,76,250,695
07/19/2005,TUS,AZ,AWP,WE,Towers with Radar,126,64,32,48,270,0,36,105,40,181,126,100,137,88,451,244,36,280,731
07/20/2005,TUS,AZ,AWP,WE,Towers with Radar,125,52,38,68,283,0,27,122,39,188,125,79,160,107,471,382,108,490,961
07/21/2005,TUS,AZ,AWP,WE,Towers with Radar,126,43,31,45,245,0,33,115,50,198,126,76,146,95,443,302,48,350,793
07/22/2005,TUS,AZ,AWP,WE,Towers with Radar,121,59,26,42,248,1,24,118,34,177,122,83,144,76,425,220,44,264,689
07/23/2005,TUS,AZ,AWP,WE,Towers with Radar,138,49,26,0,213,0,13,115,35,163,138,62,141,35,376,258,2,260,636
07/24/2005,TUS,AZ,AWP,WE,Towers with Radar,108,49,34,14,205,0,20,92,22,134,108,69,126,36,339,192,0,192,531
07/25/2005,TUS,AZ,AWP,WE,Towers with Radar,113,42,26,71,252,0,31,91,33,155,113,73,117,104,407,190,86,276,683
07/26/2005,TUS,AZ,AWP,WE,Towers with Radar,132,47,34,68,281,0,36,122,31,189,132,83,156,99,470,292,70,362,832
07/27/2005,TUS,AZ,AWP,WE,Towers with Radar,123,50,35,78,286,0,35,114,30,179,123,85,149,108,465,272,94,366,831
07/28/2005,TUS,AZ,AWP,WE,Towers with Radar,122,60,39,82,303,0,43,98,49,190,122,103,137,131,493,318,120,438,931
07/29/2005,TUS,AZ,AWP,WE,Towers with Radar,124,52,28,67,271,0,26,108,43,177,124,78,136,110,448,384,54,438,886
07/30/2005,TUS,AZ,AWP,WE,Towers with Radar,119,41,18,0,178,0,15,85,33,133,119,56,103,33,311,328,0,328,639
07/31/2005,TUS,AZ,AWP,WE,Towers with Radar,119,42,29,3,193,0,14,74,30,118,119,56,103,33,311,230,0,230,541
08/01/2005,TUS,AZ,AWP,WE,Towers with Radar,116,48,25,75,264,0,23,74,35,132,116,71,99,110,396,296,84,380,776
08/02/2005,TUS,AZ,AWP,WE,Towers with Radar,129,52,27,66,274,0,36,109,44,189,129,88,136,110,463,358,76,434,897
08/03/2005,TUS,AZ,AWP,WE,Towers with Radar,127,57,39,83,306,0,35,94,50,179,127,92,133,133,485,444,114,558,1043
08/04/2005,TUS,AZ,AWP,WE,Towers with Radar,122,59,37,71,289,0,30,105,47,182,122,89,142,118,471,336,82,418,889
08/05/2005,TUS,AZ,AWP,WE,Towers with Radar,125,60,30,45,260,0,25,96,35,156,125,85,126,80,416,298,74,372,788
08/06/2005,TUS,AZ,AWP,WE,Towers with Radar,120,45,34,55,254,0,25,117,27,169,120,70,151,82,423,232,54,286,709
08/07/2005,TUS,AZ,AWP,WE,Towers with Radar,107,45,28,26,206,0,18,87,22,127,107,63,115,48,333,106,34,140,473
08/08/2005,TUS,AZ,AWP,WE,Towers with Radar,119,51,26,2,198,0,38,69,24,131,119,89,95,26,329,266,6,272,601
08/09/2005,TUS,AZ,AWP,WE,Towers with Radar,123,55,42,37,257,0,28,81,34,143,123,83,123,71,400,474,6,480,880
08/10/2005,TUS,AZ,AWP,WE,Towers with Radar,121,47,30,68,266,0,31,74,49,154,121,78,104,117,420,396,66,462,882
08/11/2005,TUS,AZ,AWP,WE,Towers with Radar,127,46,36,65,274,0,28,136,55,219,127,74,172,120,493,502,90,592,1085
08/12/2005,TUS,AZ,AWP,WE,Towers with Radar,127,46,36,65,274,0,28,136,55,219,127,74,172,120,493,320,60,380,873
08/13/2005,TUS,AZ,AWP,WE,Towers with Radar,119,35,28,0,182,0,18,118,22,158,119,53,146,22,340,342,0,342,682
08/14/2005,TUS,AZ,AWP,WE,Towers with Radar,112,41,55,6,214,0,7,51,14,72,112,48,106,20,286,182,0,182,468
08/15/2005,TUS,AZ,AWP,WE,Towers with Radar,117,51,23,76,267,0,34,113,29,176,117,85,136,105,443,380,114,494,937
08/16/2005,TUS,AZ,AWP,WE,Towers with Radar,123,52,38,71,284,1,43,130,47,221,124,95,168,118,505,400,114,514,1019
08/17/2005,TUS,AZ,AWP,WE,Towers with Radar,122,51,35,64,272,0,41,151,33,225,122,92,186,97,497,298,94,392,889
08/18/2005,TUS,AZ,AWP,WE,Towers with Radar,118,42,42,61,263,0,18,139,44,201,118,60,181,105,464,346,70,416,880
08/19/2005,TUS,AZ,AWP,WE,Towers with Radar,123,44,42,65,274,0,28,144,61,233,123,72,186,126,507,280,70,350,857
08/20/2005,TUS,AZ,AWP,WE,Towers with Radar,119,34,26,4,183,0,28,127,33,188,119,62,153,37,371,258,0,258,629
08/21/2005,TUS,AZ,AWP,WE,Towers with Radar,111,47,36,7,201,0,29,121,29,179,111,76,157,36,380,226,0,226,606
08/22/2005,TUS,AZ,AWP,WE,Towers with Radar,115,55,51,105,326,0,25,71,0,96,115,80,122,105,422,176,74,250,672
08/23/2005,TUS,AZ,AWP,WE,Towers with Radar,123,50,41,30,244,0,15,48,35,98,123,65,89,65,342,56,44,100,442
08/24/2005,TUS,AZ,AWP,WE,Towers with Radar,124,41,36,73,274,0,27,129,33,189,124,68,165,106,463,454,106,560,1023
08/25/2005,TUS,AZ,AWP,WE,Towers with Radar,124,48,44,62,278,0,42,116,53,211,124,90,160,115,489,448,94,542,1031
08/26/2005,TUS,AZ,AWP,WE,Towers with Radar,122,54,36,54,266,0,31,102,43,176,122,85,138,97,442,266,88,354,796
08/27/2005,TUS,AZ,AWP,WE,Towers with Radar,121,46,18,6,191,0,27,144,32,203,121,73,162,38,394,426,0,426,820
08/28/2005,TUS,AZ,AWP,WE,Towers with Radar,107,47,28,7,189,0,20,137,32,189,107,67,165,39,378,312,0,312,690
08/29/2005,TUS,AZ,AWP,WE,Towers with Radar,117,53,34,55,259,0,33,105,51,189,117,86,139,106,448,326,70,396,844
08/30/2005,TUS,AZ,AWP,WE,Towers with Radar,126,48,26,54,254,0,33,103,52,188,126,81,129,106,442,394,86,480,922
08/31/2005,TUS,AZ,AWP,WE,Towers with Radar,125,47,34,67,273,0,35,110,56,201,125,82,144,123,474,352,52,404,878
09/01/2005,TUS,AZ,AWP,WE,Towers with Radar,124,57,29,34,244,0,42,120,46,208,124,99,149,80,452,364,20,384,836
09/02/2005,TUS,AZ,AWP,WE,Towers with Radar,123,55,39,49,266,0,35,137,39,211,123,90,176,88,477,384,54,438,915
09/03/2005,TUS,AZ,AWP,WE,Towers with Radar,108,40,21,1,170,0,23,108,35,166,108,63,129,36,336,328,0,328,664
09/04/2005,TUS,AZ,AWP,WE,Towers with Radar,101,29,11,0,141,0,18,88,29,135,101,47,99,29,276,214,0,214,490
09/05/2005,TUS,AZ,AWP,WE,Towers with Radar,118,47,40,5,210,0,27,118,32,177,118,74,158,37,387,224,2,226,613
09/06/2005,TUS,AZ,AWP,WE,Towers with Radar,117,51,31,61,260,0,30,102,43,175,117,81,133,104,435,434,70,504,939
09/07/2005,TUS,AZ,AWP,WE,Towers with Radar,122,41,38,66,267,0,36,98,33,167,122,77,136,99,434,218,52,270,704
09/08/2005,TUS,AZ,AWP,WE,Towers with Radar,126,52,32,40,250,0,42,106,43,191,126,94,138,83,441,262,62,324,765
09/09/2005,TUS,AZ,AWP,WE,Towers with Radar,123,47,24,59,253,0,33,115,32,180,123,80,139,91,433,272,114,386,819
09/10/2005,TUS,AZ,AWP,WE,Towers with Radar,123,47,24,59,253,0,33,115,32,180,123,80,139,91,433,242,40,282,715
09/11/2005,TUS,AZ,AWP,WE,Towers with Radar,109,41,43,33,226,0,42,129,24,195,109,83,172,57,421,244,42,286,707
09/12/2005,TUS,AZ,AWP,WE,Towers with Radar,117,50,31,22,220,0,53,117,29,199,117,103,148,51,419,276,26,302,721
09/13/2005,TUS,AZ,AWP,WE,Towers with Radar,125,55,27,64,271,0,40,133,34,207,125,95,160,98,478,488,100,588,1066
09/14/2005,TUS,AZ,AWP,WE,Towers with Radar,127,54,48,55,284,4,31,134,33,202,131,85,182,88,486,424,62,486,972
09/15/2005,TUS,AZ,AWP,WE,Towers with Radar,122,63,48,63,296,0,28,148,39,215,122,91,196,102,511,382,60,442,953
09/16/2005,TUS,AZ,AWP,WE,Towers with Radar,126,50,37,41,254,0,42,169,33,244,126,92,206,74,498,454,52,506,1004
09/17/2005,TUS,AZ,AWP,WE,Towers with Radar,114,34,26,3,177,0,19,154,22,195,114,53,180,25,372,344,0,344,716
09/18/2005,TUS,AZ,AWP,WE,Towers with Radar,113,41,37,0,191,0,23,146,25,194,113,64,183,25,385,234,0,234,619
09/19/2005,TUS,AZ,AWP,WE,Towers with Radar,115,57,36,47,255,0,29,113,27,169,115,86,149,74,424,288,50,338,762
09/20/2005,TUS,AZ,AWP,WE,Towers with Radar,123,50,28,65,266,0,32,110,32,174,123,82,138,97,440,288,134,422,862
09/21/2005,TUS,AZ,AWP,WE,Towers with Radar,126,53,27,48,254,0,37,136,26,199,126,90,163,74,453,316,58,374,827
09/22/2005,TUS,AZ,AWP,WE,Towers with Radar,124,51,30,65,270,0,38,164,49,251,124,89,194,114,521,288,80,368,889
09/23/2005,TUS,AZ,AWP,WE,Towers with Radar,122,42,28,44,236,0,46,140,25,211,122,88,168,69,447,278,62,340,787
09/24/2005,TUS,AZ,AWP,WE,Towers with Radar,112,35,24,0,171,0,31,150,25,206,112,66,174,25,377,354,0,354,731
09/25/2005,TUS,AZ,AWP,WE,Towers with Radar,110,46,98,17,271,0,18,90,12,120,110,64,188,29,391,288,0,288,679
09/26/2005,TUS,AZ,AWP,WE,Towers with Radar,113,50,58,53,274,0,25,100,27,152,113,75,158,80,426,272,58,330,756
09/27/2005,TUS,AZ,AWP,WE,Towers with Radar,123,54,46,55,278,0,51,113,28,192,123,105,159,83,470,426,52,478,948
09/28/2005,TUS,AZ,AWP,WE,Towers with Radar,125,54,56,49,284,0,51,136,0,187,125,105,192,49,471,334,80,414,885
09/29/2005,TUS,AZ,AWP,WE,Towers with Radar,131,49,44,50,274,1,37,134,28,200,132,86,178,78,474,342,74,416,890
09/30/2005,TUS,AZ,AWP,WE,Towers with Radar,131,56,70,42,299,0,49,134,29,212,131,105,204,71,511,310,22,332,843
10/01/2005,TUS,AZ,AWP,WE,Towers with Radar,110,51,41,47,249,0,31,147,17,195,110,82,188,64,444,302,14,316,760
10/02/2005,TUS,AZ,AWP,WE,Towers with Radar,108,43,47,22,220,0,39,104,21,164,108,82,151,43,384,156,10,166,550
10/03/2005,TUS,AZ,AWP,WE,Towers with Radar,114,44,38,6,202,1,17,105,21,144,115,61,143,27,346,224,4,228,574
10/04/2005,TUS,AZ,AWP,WE,Towers with Radar,119,44,34,45,242,0,31,92,24,147,119,75,126,69,389,438,32,470,859
10/05/2005,TUS,AZ,AWP,WE,Towers with Radar,126,49,42,53,270,0,29,121,36,186,126,78,163,89,456,402,48,450,906
10/06/2005,TUS,AZ,AWP,WE,Towers with Radar,117,51,40,40,248,0,30,101,34,165,117,81,141,74,413,310,52,362,775
10/07/2005,TUS,AZ,AWP,WE,Towers with Radar,129,56,61,44,290,0,52,122,43,217,129,108,183,87,507,244,62,306,813
10/08/2005,TUS,AZ,AWP,WE,Towers with Radar,111,44,47,4,206,0,32,126,21,179,111,76,173,25,385,216,0,216,601
10/09/2005,TUS,AZ,AWP,WE,Towers with Radar,106,54,44,4,208,0,29,92,25,146,106,83,136,29,354,136,0,136,490
10/10/2005,TUS,AZ,AWP,WE,Towers with Radar,115,54,43,1,213,0,33,83,28,144,115,87,126,29,357,270,0,270,627
10/11/2005,TUS,AZ,AWP,WE,Towers with Radar,121,52,58,57,288,0,21,130,32,183,121,73,188,89,471,360,106,466,937
10/12/2005,TUS,AZ,AWP,WE,Towers with Radar,120,52,52,76,300,0,39,143,31,213,120,91,195,107,513,372,102,474,987
10/13/2005,TUS,AZ,AWP,WE,Towers with Radar,124,52,38,72,286,0,45,105,44,194,124,97,143,116,480,332,74,406,886
10/14/2005,TUS,AZ,AWP,WE,Towers with Radar,124,52,54,56,286,1,41,97,32,171,125,93,151,88,457,146,34,180,637
10/15/2005,TUS,AZ,AWP,WE,Towers with Radar,115,42,38,2,197,0,34,136,13,183,115,76,174,15,380,248,0,248,628
10/16/2005,TUS,AZ,AWP,WE,Towers with Radar,115,42,38,2,197,0,34,136,13,183,115,76,174,15,380,226,0,226,606
10/17/2005,TUS,AZ,AWP,WE,Towers with Radar,111,49,43,66,269,1,31,81,27,140,112,80,124,93,409,246,40,286,695
10/18/2005,TUS,AZ,AWP,WE,Towers with Radar,117,59,42,44,262,0,22,62,30,114,117,81,104,74,376,234,54,288,664
10/19/2005,TUS,AZ,AWP,WE,Towers with Radar,123,49,68,81,321,0,52,160,29,241,123,101,228,110,562,340,70,410,972
10/20/2005,TUS,AZ,AWP,WE,Towers with Radar,118,59,45,60,282,0,51,172,23,246,118,110,217,83,528,404,42,446,974
10/21/2005,TUS,AZ,AWP,WE,Towers with Radar,125,67,66,55,313,0,47,183,26,256,125,114,249,81,569,356,128,484,1053
10/22/2005,TUS,AZ,AWP,WE,Towers with Radar,114,40,55,2,211,0,32,141,16,189,114,72,196,18,400,390,0,390,790
10/23/2005,TUS,AZ,AWP,WE,Towers with Radar,109,52,63,7,231,0,32,139,12,183,109,84,202,19,414,222,0,222,636
10/24/2005,TUS,AZ,AWP,WE,Towers with Radar,113,53,97,82,345,0,39,100,0,139,113,92,197,82,484,314,94,408,892
10/25/2005,TUS,AZ,AWP,WE,Towers with Radar,121,54,54,75,304,0,38,129,20,187,121,92,183,95,491,448,164,612,1103
10/26/2005,TUS,AZ,AWP,WE,Towers with Radar,124,44,64,81,313,0,29,152,25,206,124,73,216,106,519,334,106,440,959
10/27/2005,TUS,AZ,AWP,WE,Towers with Radar,123,56,79,55,313,0,34,144,26,204,123,90,223,81,517,298,46,344,861
10/28/2005,TUS,AZ,AWP,WE,Towers with Radar,125,61,53,56,295,0,47,150,26,223,125,108,203,82,518,180,44,224,742
10/29/2005,TUS,AZ,AWP,WE,Towers with Radar,113,46,48,7,214,0,28,209,23,260,113,74,257,30,474,356,0,356,830
10/30/2005,TUS,AZ,AWP,WE,Towers with Radar,115,52,28,2,197,0,28,145,20,193,115,80,173,22,390,236,0,236,626
10/31/2005,TUS,AZ,AWP,WE,Towers with Radar,114,50,86,56,306,0,53,76,0,129,114,103,162,56,435,322,62,384,819
11/01/2005,TUS,AZ,AWP,WE,Towers with Radar,127,47,44,57,275,0,21,121,36,178,127,68,165,93,453,268,54,322,775
11/02/2005,TUS,AZ,AWP,WE,Towers with Radar,123,59,34,54,270,0,39,141,45,225,123,98,175,99,495,260,32,292,787
11/03/2005,TUS,AZ,AWP,WE,Towers with Radar,124,50,63,58,295,0,35,132,39,206,124,85,195,97,501,372,66,438,939
11/04/2005,TUS,AZ,AWP,WE,Towers with Radar,125,59,60,52,296,0,42,129,27,198,125,101,189,79,494,384,70,454,948
11/05/2005,TUS,AZ,AWP,WE,Towers with Radar,118,42,50,48,258,0,40,239,20,299,118,82,289,68,557,416,42,458,1015
11/06/2005,TUS,AZ,AWP,WE,Towers with Radar,111,66,55,29,261,0,30,158,13,201,111,96,213,42,462,248,22,270,732
11/07/2005,TUS,AZ,AWP,WE,Towers with Radar,118,52,47,10,227,0,41,117,32,190,118,93,164,42,417,378,12,390,807
11/08/2005,TUS,AZ,AWP,WE,Towers with Radar,123,49,66,72,310,0,34,124,24,182,123,83,190,96,492,450,164,614,1106
11/09/2005,TUS,AZ,AWP,WE,Towers with Radar,124,64,35,68,291,3,43,145,28,219,127,107,180,96,510,426,50,476,986
11/10/2005,TUS,AZ,AWP,WE,Towers with Radar,124,63,70,60,317,0,45,139,31,215,124,108,209,91,532,386,52,438,970
11/11/2005,TUS,AZ,AWP,WE,Towers with Radar,128,53,56,11,248,0,36,145,17,198,128,89,201,28,446,444,14,458,904
11/12/2005,TUS,AZ,AWP,WE,Towers with Radar,115,48,49,1,213,0,49,147,28,224,115,97,196,29,437,354,0,354,791
11/13/2005,TUS,AZ,AWP,WE,Towers with Radar,110,57,64,2,233,0,38,149,30,217,110,95,213,32,450,344,4,348,798
11/14/2005,TUS,AZ,AWP,WE,Towers with Radar,115,55,58,57,285,0,55,144,31,230,115,110,202,88,515,492,74,566,1081
11/15/2005,TUS,AZ,AWP,WE,Towers with Radar,121,50,55,72,298,0,48,145,32,225,121,98,200,104,523,520,118,638,1161
11/16/2005,TUS,AZ,AWP,WE,Towers with Radar,127,48,46,75,296,0,39,144,31,214,127,87,190,106,510,378,112,490,1000
11/17/2005,TUS,AZ,AWP,WE,Towers with Radar,124,60,70,75,329,0,62,175,38,275,124,122,245,113,604,584,122,706,1310
11/18/2005,TUS,AZ,AWP,WE,Towers with Radar,126,55,90,53,324,0,59,182,18,259,126,114,272,71,583,548,54,602,1185
11/19/2005,TUS,AZ,AWP,WE,Towers with Radar,112,53,45,1,211,0,51,234,25,310,112,104,279,26,521,510,0,510,1031
11/20/2005,TUS,AZ,AWP,WE,Towers with Radar,116,60,72,12,260,0,19,86,8,113,116,79,158,20,373,204,0,204,577
11/21/2005,TUS,AZ,AWP,WE,Towers with Radar,120,58,48,81,307,0,33,116,34,183,120,91,164,115,490,390,100,490,980
11/22/2005,TUS,AZ,AWP,WE,Towers with Radar,123,62,47,59,291,0,34,116,32,182,123,96,163,91,473,526,64,590,1063
11/23/2005,TUS,AZ,AWP,WE,Towers with Radar,125,59,64,41,289,0,42,142,21,205,125,101,206,62,494,388,108,496,990
11/24/2005,TUS,AZ,AWP,WE,Towers with Radar,91,51,15,0,157,0,19,69,22,110,91,70,84,22,267,29,0,29,296
11/25/2005,TUS,AZ,AWP,WE,Towers with Radar,113,45,23,0,181,0,30,127,17,174,113,75,150,17,355,300,0,300,655
11/26/2005,TUS,AZ,AWP,WE,Towers with Radar,113,47,40,0,200,0,6,138,17,161,113,53,178,17,361,176,0,176,537
11/27/2005,TUS,AZ,AWP,WE,Towers with Radar,105,67,91,3,266,0,13,80,23,116,105,80,171,26,382,194,0,194,576
11/28/2005,TUS,AZ,AWP,WE,Towers with Radar,117,63,45,50,275,0,38,98,10,146,117,101,143,60,421,380,86,466,887
11/29/2005,TUS,AZ,AWP,WE,Towers with Radar,126,58,65,49,298,0,35,142,32,209,126,93,207,81,507,458,82,540,1047
11/30/2005,TUS,AZ,AWP,WE,Towers with Radar,120,62,30,48,260,1,42,144,43,230,121,104,174,91,490,542,98,640,1130
12/01/2005,TUS,AZ,AWP,WE,Towers with Radar,125,53,51,62,291,0,43,157,0,200,125,96,208,62,491,548,108,656,1147
12/02/2005,TUS,AZ,AWP,WE,Towers with Radar,127,60,33,89,309,0,37,132,32,201,127,97,165,121,510,338,84,422,932
12/03/2005,TUS,AZ,AWP,WE,Towers with Radar,109,44,43,45,241,0,33,180,27,240,109,77,223,72,481,278,24,302,783
12/04/2005,TUS,AZ,AWP,WE,Towers with Radar,113,47,43,35,238,0,21,130,22,173,113,68,173,57,411,288,34,322,733
12/05/2005,TUS,AZ,AWP,WE,Towers with Radar,116,51,49,3,219,0,32,136,22,190,116,83,185,25,409,442,2,444,853
12/06/2005,TUS,AZ,AWP,WE,Towers with Radar,121,51,61,67,300,0,49,160,33,242,121,100,221,100,542,490,54,544,1086
12/07/2005,TUS,AZ,AWP,WE,Towers with Radar,0,39,68,36,143,111,6,0,48,165,111,45,68,84,308,406,98,504,812
12/08/2005,TUS,AZ,AWP,WE,Towers with Radar,127,40,48,87,302,0,49,158,44,251,127,89,206,131,553,452,106,558,1111
12/09/2005,TUS,AZ,AWP,WE,Towers with Radar,129,60,60,63,312,0,42,160,36,238,129,102,220,99,550,240,42,282,832
12/10/2005,TUS,AZ,AWP,WE,Towers with Radar,105,43,50,1,199,0,38,191,25,254,105,81,241,26,453,286,0,286,739
12/11/2005,TUS,AZ,AWP,WE,Towers with Radar,109,50,39,2,200,0,14,77,13,104,109,64,116,15,304,298,0,298,602
12/12/2005,TUS,AZ,AWP,WE,Towers with Radar,121,46,52,78,297,0,42,117,31,190,121,88,169,109,487,342,90,432,919
12/13/2005,TUS,AZ,AWP,WE,Towers with Radar,124,47,44,90,305,0,37,109,41,187,124,84,153,131,492,520,134,654,1146
12/14/2005,TUS,AZ,AWP,WE,Towers with Radar,117,46,49,82,294,1,29,133,41,204,118,75,182,123,498,386,146,532,1030
12/15/2005,TUS,AZ,AWP,WE,Towers with Radar,125,54,72,76,327,0,52,151,39,242,125,106,223,115,569,562,82,644,1213
12/16/2005,TUS,AZ,AWP,WE,Towers with Radar,130,53,52,72,307,0,39,159,34,232,130,92,211,106,539,290,98,388,927
12/17/2005,TUS,AZ,AWP,WE,Towers with Radar,115,47,36,10,208,0,32,143,27,202,115,79,179,37,410,312,14,326,736
12/18/2005,TUS,AZ,AWP,WE,Towers with Radar,117,48,50,12,227,0,21,103,21,145,117,69,153,33,372,244,0,244,616
12/19/2005,TUS,AZ,AWP,WE,Towers with Radar,125,45,35,72,277,0,51,134,41,226,125,96,169,113,503,334,92,426,929
12/20/2005,TUS,AZ,AWP,WE,Towers with Radar,124,51,40,78,293,0,27,132,37,196,124,78,172,115,489,156,96,252,741
12/21/2005,TUS,AZ,AWP,WE,Towers with Radar,129,51,26,76,282,0,29,139,35,203,129,80,165,111,485,204,46,250,735
12/22/2005,TUS,AZ,AWP,WE,Towers with Radar,131,48,47,72,298,0,32,146,25,203,131,80,193,97,501,222,116,338,839
12/23/2005,TUS,AZ,AWP,WE,Towers with Radar,127,43,48,36,254,0,25,127,23,175,127,68,175,59,429,192,50,242,671
12/24/2005,TUS,AZ,AWP,WE,Towers with Radar,108,37,12,1,158,0,9,98,26,133,108,46,110,27,291,26,0,26,317
12/25/2005,TUS,AZ,AWP,WE,Towers with Radar,111,38,14,0,163,0,13,55,21,89,111,51,69,21,252,2,0,2,254
12/26/2005,TUS,AZ,AWP,WE,Towers with Radar,112,58,65,2,237,0,36,110,24,170,112,94,175,26,407,116,0,116,523
12/27/2005,TUS,AZ,AWP,WE,Towers with Radar,123,57,61,46,287,0,39,134,14,187,123,96,195,60,474,312,42,354,828
12/28/2005,TUS,AZ,AWP,WE,Towers with Radar,123,63,53,64,303,0,53,128,25,206,123,116,181,89,509,362,60,422,931
12/29/2005,TUS,AZ,AWP,WE,Towers with Radar,123,63,53,64,303,0,53,128,25,206,123,116,181,89,509,428,82,510,1019
12/30/2005,TUS,AZ,AWP,WE,Towers with Radar,126,43,36,39,244,0,40,139,23,202,126,83,175,62,446,216,38,254,700
12/31/2005,TUS,AZ,AWP,WE,Towers with Radar,109,54,26,0,189,0,26,114,25,165,109,80,140,25,354,232,0,232,586
01/01/2006,TUS,AZ,AWP,WE,Towers with Radar,111,55,48,2,216,0,23,68,30,121,111,78,116,32,337,108,0,108,445
01/02/2006,TUS,AZ,AWP,WE,Towers with Radar,112,41,67,2,222,0,34,112,14,160,112,75,179,16,382,234,2,236,618
01/03/2006,TUS,AZ,AWP,WE,Towers with Radar,127,61,65,2,255,0,30,93,20,143,127,91,158,22,398,388,2,390,788
01/04/2006,TUS,AZ,AWP,WE,Towers with Radar,122,60,37,83,302,0,47,106,27,180,122,107,143,110,482,348,94,442,924
01/05/2006,TUS,AZ,AWP,WE,Towers with Radar,126,48,56,67,297,0,35,114,50,199,126,83,170,117,496,204,112,316,812
01/06/2006,TUS,AZ,AWP,WE,Towers with Radar,129,46,52,72,299,0,21,81,33,135,129,67,133,105,434,90,100,190,624
01/07/2006,TUS,AZ,AWP,WE,Towers with Radar,106,49,49,41,245,0,33,189,35,257,106,82,238,76,502,334,54,388,890
01/08/2006,TUS,AZ,AWP,WE,Towers with Radar,112,57,40,31,240,0,35,116,27,178,112,92,156,58,418,238,34,272,690
01/09/2006,TUS,AZ,AWP,WE,Towers with Radar,127,48,45,27,247,0,46,119,20,185,127,94,164,47,432,346,20,366,798
01/10/2006,TUS,AZ,AWP,WE,Towers with Radar,123,50,47,82,302,0,39,129,39,207,123,89,176,121,509,476,78,554,1063
01/11/2006,TUS,AZ,AWP,WE,Towers with Radar,125,46,48,79,298,0,49,118,27,194,125,95,166,106,492,362,80,442,934
01/12/2006,TUS,AZ,AWP,WE,Towers with Radar,131,59,40,67,297,0,52,130,40,222,131,111,170,107,519,474,80,554,1073
01/13/2006,TUS,AZ,AWP,WE,Towers with Radar,129,50,56,30,265,0,41,159,29,229,129,91,215,59,494,348,34,382,876
01/14/2006,TUS,AZ,AWP,WE,Towers with Radar,110,52,51,2,215,0,22,146,42,210,110,74,197,44,425,384,0,384,809
01/15/2006,TUS,AZ,AWP,WE,Towers with Radar,114,62,75,8,259,0,25,97,19,141,114,87,172,27,400,168,2,170,570
01/16/2006,TUS,AZ,AWP,WE,Towers with Radar,123,53,62,9,247,0,27,110,25,162,123,80,172,34,409,152,0,152,561
01/17/2006,TUS,AZ,AWP,WE,Towers with Radar,123,43,56,23,245,0,56,116,40,212,123,99,172,63,457,312,28,340,797
01/18/2006,TUS,AZ,AWP,WE,Towers with Radar,125,47,57,66,295,0,41,110,41,192,125,88,167,107,487,342,64,406,893
01/19/2006,TUS,AZ,AWP,WE,Towers with Radar,130,60,51,60,301,0,45,106,39,190,130,105,157,99,491,268,24,292,783
01/20/2006,TUS,AZ,AWP,WE,Towers with Radar,129,56,68,51,304,0,44,159,43,246,129,100,227,94,550,352,54,406,956
01/21/2006,TUS,AZ,AWP,WE,Towers with Radar,117,38,27,4,186,0,35,177,35,247,117,73,204,39,433,212,0,212,645
01/22/2006,TUS,AZ,AWP,WE,Towers with Radar,113,55,97,20,285,0,33,112,14,159,113,88,209,34,444,174,0,174,618
01/23/2006,TUS,AZ,AWP,WE,Towers with Radar,125,39,55,60,279,0,27,107,45,179,125,66,162,105,458,226,74,300,758
01/24/2006,TUS,AZ,AWP,WE,Towers with Radar,126,38,48,62,274,0,19,76,35,130,126,57,124,97,404,122,76,198,602
01/25/2006,TUS,AZ,AWP,WE,Towers with Radar,129,43,66,50,288,0,37,103,31,171,129,80,169,81,459,196,42,238,697
01/26/2006,TUS,AZ,AWP,WE,Towers with Radar,128,47,55,56,286,0,52,179,26,257,128,99,234,82,543,458,48,506,1049
01/27/2006,TUS,AZ,AWP,WE,Towers with Radar,134,47,45,50,276,0,54,117,42,213,134,101,162,92,489,396,66,462,951
01/28/2006,TUS,AZ,AWP,WE,Towers with Radar,110,42,25,5,182,0,35,191,31,257,110,77,216,36,439,288,0,288,727
01/29/2006,TUS,AZ,AWP,WE,Towers with Radar,119,50,73,21,263,1,53,77,10,141,120,103,150,31,404,282,0,282,686
01/30/2006,TUS,AZ,AWP,WE,Towers with Radar,127,63,90,89,369,0,39,106,0,145,127,102,196,89,514,326,90,416,930
01/31/2006,TUS,AZ,AWP,WE,Towers with Radar,124,59,65,55,303,0,34,118,38,190,124,93,183,93,493,258,58,316,809
02/01/2006,TUS,AZ,AWP,WE,Towers with Radar,124,45,72,59,300,0,47,165,37,249,124,92,237,96,549,260,34,294,843
02/02/2006,TUS,AZ,AWP,WE,Towers with Radar,129,61,63,54,307,0,55,135,36,226,129,116,198,90,533,314,68,382,915
02/03/2006,TUS,AZ,AWP,WE,Towers with Radar,136,62,70,75,343,0,49,161,39,249,136,111,231,114,592,390,60,450,1042
02/04/2006,TUS,AZ,AWP,WE,Towers with Radar,120,47,44,30,241,0,32,185,19,236,120,79,229,49,477,234,24,258,735
02/05/2006,TUS,AZ,AWP,WE,Towers with Radar,117,60,71,22,270,0,25,94,24,143,117,85,165,46,413,220,0,220,633
02/06/2006,TUS,AZ,AWP,WE,Towers with Radar,123,47,44,10,224,0,14,96,25,135,123,61,140,35,359,146,12,158,517
02/07/2006,TUS,AZ,AWP,WE,Towers with Radar,124,50,58,81,313,0,22,103,24,149,124,72,161,105,462,42,54,96,558
02/08/2006,TUS,AZ,AWP,WE,Towers with Radar,127,56,58,54,295,0,32,146,23,201,127,88,204,77,496,202,48,250,746
02/09/2006,TUS,AZ,AWP,WE,Towers with Radar,134,58,86,58,336,1,36,117,32,186,135,94,203,90,522,278,58,336,858
02/10/2006,TUS,AZ,AWP,WE,Towers with Radar,134,65,95,91,385,0,43,162,0,205,134,108,257,91,590,386,30,416,1006
02/11/2006,TUS,AZ,AWP,WE,Towers with Radar,120,44,40,0,204,0,48,194,25,267,120,92,234,25,471,394,0,394,865
02/12/2006,TUS,AZ,AWP,WE,Towers with Radar,121,65,49,2,237,0,37,137,19,193,121,102,186,21,430,44,10,54,484
02/13/2006,TUS,AZ,AWP,WE,Towers with Radar,127,54,39,54,274,0,23,118,41,182,127,77,157,95,456,300,42,342,798
02/14/2006,TUS,AZ,AWP,WE,Towers with Radar,130,53,55,58,296,0,55,138,33,226,130,108,193,91,522,366,56,422,944
02/15/2006,TUS,AZ,AWP,WE,Towers with Radar,137,50,63,62,312,4,24,87,0,115,141,74,150,62,427,198,36,234,661
02/16/2006,TUS,AZ,AWP,WE,Towers with Radar,131,52,71,59,313,1,48,156,42,247,132,100,227,101,560,412,68,480,1040
02/17/2006,TUS,AZ,AWP,WE,Towers with Radar,134,57,74,70,335,0,29,123,47,199,134,86,197,117,534,184,100,284,818
02/18/2006,TUS,AZ,AWP,WE,Towers with Radar,125,47,29,10,211,0,43,176,33,252,125,90,205,43,463,276,10,286,749
02/19/2006,TUS,AZ,AWP,WE,Towers with Radar,124,52,50,4,230,0,26,127,27,180,124,78,177,31,410,184,0,184,594
02/20/2006,TUS,AZ,AWP,WE,Towers with Radar,128,60,59,2,249,0,31,140,20,191,128,91,199,22,440,146,0,146,586
02/21/2006,TUS,AZ,AWP,WE,Towers with Radar,135,73,49,51,308,0,37,134,27,198,135,110,183,78,506,294,66,360,866
02/22/2006,TUS,AZ,AWP,WE,Towers with Radar,126,52,69,42,289,0,43,136,48,227,126,95,205,90,516,370,112,482,998
02/23/2006,TUS,AZ,AWP,WE,Towers with Radar,139,49,58,70,316,0,35,128,49,212,139,84,186,119,528,298,110,408,936
02/24/2006,TUS,AZ,AWP,WE,Towers with Radar,133,57,70,57,317,0,38,168,37,243,133,95,238,94,560,296,64,360,920
02/25/2006,TUS,AZ,AWP,WE,Towers with Radar,123,57,62,1,243,0,51,154,32,237,123,108,216,33,480,294,0,294,774
02/26/2006,TUS,AZ,AWP,WE,Towers with Radar,120,61,73,1,255,0,30,126,28,184,120,91,199,29,439,202,0,202,641
02/27/2006,TUS,AZ,AWP,WE,Towers with Radar,129,39,47,60,275,0,19,99,30,148,129,58,146,90,423,314,76,390,813
02/28/2006,TUS,AZ,AWP,WE,Towers with Radar,133,49,34,58,274,0,32,123,29,184,133,81,157,87,458,360,54,414,872
03/01/2006,TUS,AZ,AWP,WE,Towers with Radar,131,51,64,70,316,0,32,95,42,169,131,83,159,112,485,302,90,392,877
03/02/2006,TUS,AZ,AWP,WE,Towers with Radar,134,51,54,81,320,1,43,135,40,219,135,94,189,121,539,300,88,388,927
03/03/2006,TUS,AZ,AWP,WE,Towers with Radar,132,58,101,120,411,0,27,91,0,118,132,85,192,120,529,128,66,194,723
03/04/2006,TUS,AZ,AWP,WE,Towers with Radar,120,48,49,52,269,0,38,178,36,252,120,86,227,88,521,276,26,302,823
03/05/2006,TUS,AZ,AWP,WE,Towers with Radar,124,48,79,37,288,0,22,142,15,179,124,70,221,52,467,212,22,234,701
03/06/2006,TUS,AZ,AWP,WE,Towers with Radar,131,48,61,10,250,0,31,114,19,164,131,79,175,29,414,258,0,258,672
03/07/2006,TUS,AZ,AWP,WE,Towers with Radar,133,36,51,69,289,0,32,100,40,172,133,68,151,109,461,336,90,426,887
03/08/2006,TUS,AZ,AWP,WE,Towers with Radar,134,40,52,72,298,0,35,82,29,146,134,75,134,101,444,232,78,310,754
03/09/2006,TUS,AZ,AWP,WE,Towers with Radar,134,39,71,61,305,0,45,106,42,193,134,84,177,103,498,234,34,268,766
03/10/2006,TUS,AZ,AWP,WE,Towers with Radar,139,54,59,49,301,0,16,61,30,107,139,70,120,79,408,48,10,58,466
03/11/2006,TUS,AZ,AWP,WE,Towers with Radar,125,54,48,6,233,0,0,0,0,0,125,54,48,6,233,2,0,2,235
03/12/2006,TUS,AZ,AWP,WE,Towers with Radar,126,52,66,1,245,0,11,97,26,134,126,63,163,27,379,142,0,142,521
03/13/2006,TUS,AZ,AWP,WE,Towers with Radar,133,41,43,48,265,0,26,121,38,185,133,67,164,86,450,392,52,444,894
03/14/2006,TUS,AZ,AWP,WE,Towers with Radar,135,45,76,72,328,0,30,160,40,230,135,75,236,112,558,392,118,510,1068
03/15/2006,TUS,AZ,AWP,WE,Towers with Radar,137,39,78,74,328,0,43,160,33,236,137,82,238,107,564,396,92,488,1052
03/16/2006,TUS,AZ,AWP,WE,Towers with Radar,150,59,85,70,364,0,36,179,45,260,150,95,264,115,624,354,96,450,1074
03/17/2006,TUS,AZ,AWP,WE,Towers with Radar,137,61,51,45,294,0,50,122,36,208,137,111,173,81,502,356,66,422,924
03/18/2006,TUS,AZ,AWP,WE,Towers with Radar,131,54,65,3,253,0,20,112,36,168,131,74,177,39,421,230,0,230,651
03/19/2006,TUS,AZ,AWP,WE,Towers with Radar,124,58,69,3,254,0,15,52,16,83,124,73,121,19,337,136,0,136,473
03/20/2006,TUS,AZ,AWP,WE,Towers with Radar,143,48,69,74,334,0,27,125,42,194,143,75,194,116,528,300,82,382,910
03/21/2006,TUS,AZ,AWP,WE,Towers with Radar,138,55,67,71,331,0,31,125,42,198,138,86,192,113,529,144,82,226,755
03/22/2006,TUS,AZ,AWP,WE,Towers with Radar,137,59,83,70,349,0,46,170,46,262,137,105,253,116,611,378,102,480,1091
03/23/2006,TUS,AZ,AWP,WE,Towers with Radar,133,57,61,59,310,0,30,108,40,178,133,87,169,99,488,234,104,338,826
03/24/2006,TUS,AZ,AWP,WE,Towers with Radar,135,57,62,62,316,0,28,140,27,195,135,85,202,89,511,334,58,392,903
03/25/2006,TUS,AZ,AWP,WE,Towers with Radar,123,49,59,6,237,0,42,216,24,282,123,91,275,30,519,362,0,362,881
03/26/2006,TUS,AZ,AWP,WE,Towers with Radar,121,55,76,9,261,0,24,143,27,194,121,79,219,36,455,266,2,268,723
03/27/2006,TUS,AZ,AWP,WE,Towers with Radar,135,43,42,48,268,0,24,148,37,209,135,67,190,85,477,350,76,426,903
03/28/2006,TUS,AZ,AWP,WE,Towers with Radar,131,45,52,55,283,0,34,81,36,151,131,79,133,91,434,318,52,370,804
03/29/2006,TUS,AZ,AWP,WE,Towers with Radar,136,55,57,60,308,0,34,68,50,152,136,89,125,110,460,112,94,206,666
03/30/2006,TUS,AZ,AWP,WE,Towers with Radar,142,63,66,63,334,0,42,181,37,260,142,105,247,100,594,344,56,400,994
03/31/2006,TUS,AZ,AWP,WE,Towers with Radar,133,47,64,50,294,0,23,123,28,174,133,70,187,78,468,312,72,384,852
04/01/2006,TUS,AZ,AWP,WE,Towers with Radar,122,56,52,34,264,2,31,203,21,257,124,87,255,55,521,228,52,280,801
04/02/2006,TUS,AZ,AWP,WE,Towers with Radar,131,48,60,22,261,0,37,184,31,252,131,85,244,53,513,312,14,326,839
04/03/2006,TUS,AZ,AWP,WE,Towers with Radar,128,47,62,13,250,0,17,113,30,160,128,64,175,43,410,260,6,266,676
04/04/2006,TUS,AZ,AWP,WE,Towers with Radar,135,47,43,68,293,0,39,107,47,193,135,86,150,115,486,366,122,488,974
04/05/2006,TUS,AZ,AWP,WE,Towers with Radar,132,52,57,60,301,0,26,34,38,98,132,78,91,98,399,28,84,112,511
04/06/2006,TUS,AZ,AWP,WE,Towers with Radar,134,51,64,57,306,1,35,152,47,235,135,86,216,104,541,418,34,452,993
04/07/2006,TUS,AZ,AWP,WE,Towers with Radar,137,56,59,61,313,0,53,147,53,253,137,109,206,114,566,482,68,550,1116
04/08/2006,TUS,AZ,AWP,WE,Towers with Radar,117,42,41,4,204,0,36,165,45,246,117,78,206,49,450,256,0,256,706
04/09/2006,TUS,AZ,AWP,WE,Towers with Radar,122,49,120,9,300,0,35,60,28,123,122,84,180,37,423,160,0,160,583
04/10/2006,TUS,AZ,AWP,WE,Towers with Radar,128,51,49,54,282,0,31,100,40,171,128,82,149,94,453,190,44,234,687
04/11/2006,TUS,AZ,AWP,WE,Towers with Radar,132,42,57,67,298,0,39,136,45,220,132,81,193,112,518,362,58,420,938
04/12/2006,TUS,AZ,AWP,WE,Towers with Radar,139,52,66,71,328,0,38,157,40,235,139,90,223,111,563,286,24,310,873
04/13/2006,TUS,AZ,AWP,WE,Towers with Radar,129,52,59,71,311,0,41,148,46,235,129,93,207,117,546,376,46,422,968
04/14/2006,TUS,AZ,AWP,WE,Towers with Radar,143,51,41,44,279,0,29,90,34,153,143,80,131,78,432,200,38,238,670
04/15/2006,TUS,AZ,AWP,WE,Towers with Radar,122,46,32,1,201,0,34,108,36,178,122,80,140,37,379,296,10,306,685
04/16/2006,TUS,AZ,AWP,WE,Towers with Radar,124,53,53,0,230,0,18,68,28,114,124,71,121,28,344,252,0,252,596
04/17/2006,TUS,AZ,AWP,WE,Towers with Radar,127,45,36,59,267,0,26,141,30,197,127,71,177,89,464,238,24,262,726
04/18/2006,TUS,AZ,AWP,WE,Towers with Radar,132,43,39,61,275,1,34,177,39,251,133,77,216,100,526,386,44,430,956
04/19/2006,TUS,AZ,AWP,WE,Towers with Radar,131,44,53,66,294,0,41,125,47,213,131,85,178,113,507,306,86,392,899
04/20/2006,TUS,AZ,AWP,WE,Towers with Radar,133,43,74,54,304,0,45,151,36,232,133,88,225,90,536,346,60,406,942
04/21/2006,TUS,AZ,AWP,WE,Towers with Radar,134,54,68,58,314,0,37,139,36,212,134,91,207,94,526,434,40,474,1000
04/22/2006,TUS,AZ,AWP,WE,Towers with Radar,122,43,34,0,199,0,36,137,27,200,122,79,171,27,399,172,0,172,571
04/23/2006,TUS,AZ,AWP,WE,Towers with Radar,117,48,53,4,222,0,17,107,27,151,117,65,160,31,373,70,0,70,443
04/24/2006,TUS,AZ,AWP,WE,Towers with Radar,126,47,46,71,290,0,28,88,39,155,126,75,134,110,445,366,102,468,913
04/25/2006,TUS,AZ,AWP,WE,Towers with Radar,128,50,63,62,303,0,32,147,44,223,128,82,210,106,526,466,98,564,1090
04/26/2006,TUS,AZ,AWP,WE,Towers with Radar,138,48,55,74,315,0,46,114,34,194,138,94,169,108,509,312,58,370,879
04/27/2006,TUS,AZ,AWP,WE,Towers with Radar,140,51,66,69,326,0,19,103,41,163,140,70,169,110,489,200,34,234,723
04/28/2006,TUS,AZ,AWP,WE,Towers with Radar,132,65,47,36,280,0,38,117,34,189,132,103,164,70,469,274,32,306,775
04/29/2006,TUS,AZ,AWP,WE,Towers with Radar,119,39,41,6,205,0,21,139,33,193,119,60,180,39,398,460,0,460,858
04/30/2006,TUS,AZ,AWP,WE,Towers with Radar,120,53,67,9,249,0,23,129,40,192,120,76,196,49,441,346,0,346,787
05/01/2006,TUS,AZ,AWP,WE,Towers with Radar,129,47,53,63,292,0,39,97,48,184,129,86,150,111,476,354,66,420,896
05/02/2006,TUS,AZ,AWP,WE,Towers with Radar,130,51,54,64,299,0,35,146,38,219,130,86,200,102,518,226,100,326,844
05/03/2006,TUS,AZ,AWP,WE,Towers with Radar,126,65,91,62,344,0,43,118,48,209,126,108,209,110,553,278,42,320,873
05/04/2006,TUS,AZ,AWP,WE,Towers with Radar,130,51,83,73,337,1,29,146,53,229,131,80,229,126,566,148,72,220,786
05/05/2006,TUS,AZ,AWP,WE,Towers with Radar,128,55,47,98,328,0,35,157,51,243,128,90,204,149,571,208,94,302,873
05/06/2006,TUS,AZ,AWP,WE,Towers with Radar,116,40,66,78,300,0,45,190,33,268,116,85,256,111,568,336,92,428,996
05/07/2006,TUS,AZ,AWP,WE,Towers with Radar,116,69,121,25,331,0,19,173,37,229,116,88,294,62,560,190,26,216,776
05/08/2006,TUS,AZ,AWP,WE,Towers with Radar,122,52,72,15,261,0,15,123,36,174,122,67,195,51,435,182,22,204,639
05/09/2006,TUS,AZ,AWP,WE,Towers with Radar,122,59,60,82,323,0,24,101,42,167,122,83,161,124,490,146,74,220,710
05/10/2006,TUS,AZ,AWP,WE,Towers with Radar,124,89,68,80,361,0,0,143,50,193,124,89,211,130,554,200,82,282,836
05/11/2006,TUS,AZ,AWP,WE,Towers with Radar,132,51,61,64,308,0,28,125,53,206,132,79,186,117,514,156,100,256,770
05/12/2006,TUS,AZ,AWP,WE,Towers with Radar,136,56,39,44,275,0,27,148,50,225,136,83,187,94,500,150,50,200,700
05/13/2006,TUS,AZ,AWP,WE,Towers with Radar,115,32,34,0,181,0,28,180,34,242,115,60,214,34,423,100,4,104,527
05/14/2006,TUS,AZ,AWP,WE,Towers with Radar,119,40,51,0,210,0,13,91,29,133,119,53,142,29,343,260,0,260,603
05/15/2006,TUS,AZ,AWP,WE,Towers with Radar,120,50,45,61,276,2,28,99,41,170,122,78,144,102,446,312,58,370,816
05/16/2006,TUS,AZ,AWP,WE,Towers with Radar,129,48,47,65,289,0,21,74,29,124,129,69,121,94,413,146,56,202,615
05/17/2006,TUS,AZ,AWP,WE,Towers with Radar,128,50,58,80,316,0,33,98,52,183,128,83,156,132,499,166,98,264,763
05/18/2006,TUS,AZ,AWP,WE,Towers with Radar,130,53,55,73,311,0,44,178,50,272,130,97,233,123,583,300,132,432,1015
05/19/2006,TUS,AZ,AWP,WE,Towers with Radar,126,56,55,40,277,0,41,149,49,239,126,97,204,89,516,440,50,490,1006
05/20/2006,TUS,AZ,AWP,WE,Towers with Radar,115,39,47,3,204,0,27,186,29,242,115,66,233,32,446,344,0,344,790
05/21/2006,TUS,AZ,AWP,WE,Towers with Radar,113,47,43,1,204,0,15,105,21,141,113,62,148,22,345,144,0,144,489
05/22/2006,TUS,AZ,AWP,WE,Towers with Radar,123,69,32,22,246,0,23,52,21,96,123,92,84,43,342,0,6,6,348
05/23/2006,TUS,AZ,AWP,WE,Towers with Radar,124,47,41,82,294,0,27,123,30,180,124,74,164,112,474,276,52,328,802
05/24/2006,TUS,AZ,AWP,WE,Towers with Radar,130,50,49,66,295,0,34,130,32,196,130,84,179,98,491,254,46,300,791
05/25/2006,TUS,AZ,AWP,WE,Towers with Radar,134,53,56,52,295,0,36,152,47,235,134,89,208,99,530,266,64,330,860
05/26/2006,TUS,AZ,AWP,WE,Towers with Radar,125,51,53,58,287,0,37,161,45,243,125,88,214,103,530,226,76,302,832
05/27/2006,TUS,AZ,AWP,WE,Towers with Radar,112,41,24,3,180,0,20,103,33,156,112,61,127,36,336,198,0,198,534
05/28/2006,TUS,AZ,AWP,WE,Towers with Radar,110,40,26,3,179,0,24,102,23,149,110,64,128,26,328,110,0,110,438
05/29/2006,TUS,AZ,AWP,WE,Towers with Radar,109,44,53,1,207,0,23,130,0,153,109,67,183,1,360,244,0,244,604
05/30/2006,TUS,AZ,AWP,WE,Towers with Radar,122,45,61,64,292,0,33,139,39,211,122,78,200,103,503,290,62,352,855
05/31/2006,TUS,AZ,AWP,WE,Towers with Radar,123,51,61,65,300,0,26,136,40,202,123,77,197,105,502,216,78,294,796
06/01/2006,TUS,AZ,AWP,WE,Towers with Radar,127,53,49,71,300,0,49,133,42,224,127,102,182,113,524,402,68,470,994
06/02/2006,TUS,AZ,AWP,WE,Towers with Radar,132,57,28,55,272,1,34,100,32,167,133,91,128,87,439,198,62,260,699
06/03/2006,TUS,AZ,AWP,WE,Towers with Radar,118,31,27,46,222,0,29,125,40,194,118,60,152,86,416,188,56,244,660
06/04/2006,TUS,AZ,AWP,WE,Towers with Radar,117,53,27,26,223,0,38,96,29,163,117,91,123,55,386,156,8,164,550
06/05/2006,TUS,AZ,AWP,WE,Towers with Radar,120,54,47,6,227,0,34,117,24,175,120,88,164,30,402,156,0,156,558
06/06/2006,TUS,AZ,AWP,WE,Towers with Radar,133,42,57,63,295,0,26,93,42,161,133,68,150,105,456,218,68,286,742
06/07/2006,TUS,AZ,AWP,WE,Towers with Radar,126,54,39,69,288,0,21,90,47,158,126,75,129,116,446,262,112,374,820
06/08/2006,TUS,AZ,AWP,WE,Towers with Radar,117,63,53,53,286,0,21,137,33,191,117,84,190,86,477,282,32,314,791
06/09/2006,TUS,AZ,AWP,WE,Towers with Radar,117,46,42,43,248,0,30,156,31,217,117,76,198,74,465,332,36,368,833
06/10/2006,TUS,AZ,AWP,WE,Towers with Radar,107,44,45,2,198,0,34,138,26,198,107,78,183,28,396,238,0,238,634
06/11/2006,TUS,AZ,AWP,WE,Towers with Radar,110,41,34,2,187,0,20,119,33,172,110,61,153,35,359,216,0,216,575
06/12/2006,TUS,AZ,AWP,WE,Towers with Radar,115,50,46,87,298,0,31,94,43,168,115,81,140,130,466,226,136,362,828
06/13/2006,TUS,AZ,AWP,WE,Towers with Radar,119,47,57,82,305,0,36,131,35,202,119,83,188,117,507,340,94,434,941
06/14/2006,TUS,AZ,AWP,WE,Towers with Radar,122,48,36,59,265,0,29,144,39,212,122,77,180,98,477,258,80,338,815
06/15/2006,TUS,AZ,AWP,WE,Towers with Radar,120,48,56,63,287,0,33,137,30,200,120,81,193,93,487,284,68,352,839
06/16/2006,TUS,AZ,AWP,WE,Towers with Radar,120,47,46,76,289,0,42,154,44,240,120,89,200,120,529,252,110,362,891
06/17/2006,TUS,AZ,AWP,WE,Towers with Radar,104,39,29,10,182,0,28,140,30,198,104,67,169,40,380,264,2,266,646
06/18/2006,TUS,AZ,AWP,WE,Towers with Radar,109,40,32,3,184,0,30,98,23,151,109,70,130,26,335,114,0,114,449
06/19/2006,TUS,AZ,AWP,WE,Towers with Radar,107,51,34,78,270,0,17,91,47,155,107,68,125,125,425,170,112,282,707
06/20/2006,TUS,AZ,AWP,WE,Towers with Radar,114,41,60,64,279,0,39,116,29,184,114,80,176,93,463,218,52,270,733
06/21/2006,TUS,AZ,AWP,WE,Towers with Radar,117,56,38,50,261,0,36,100,31,167,117,92,138,81,428,298,64,362,790
06/22/2006,TUS,AZ,AWP,WE,Towers with Radar,116,45,52,50,263,0,27,147,33,207,116,72,199,83,470,378,104,482,952
06/23/2006,TUS,AZ,AWP,WE,Towers with Radar,120,49,51,58,278,0,26,145,38,209,120,75,196,96,487,258,40,298,785
06/24/2006,TUS,AZ,AWP,WE,Towers with Radar,110,34,33,2,179,2,43,100,33,178,112,77,133,35,357,188,2,190,547
06/25/2006,TUS,AZ,AWP,WE,Towers with Radar,111,47,40,5,203,0,22,80,20,122,111,69,120,25,325,102,0,102,427
06/26/2006,TUS,AZ,AWP,WE,Towers with Radar,108,42,45,55,250,0,28,104,27,159,108,70,149,82,409,126,78,204,613
06/27/2006,TUS,AZ,AWP,WE,Towers with Radar,118,55,56,53,282,0,28,96,29,153,118,83,152,82,435,318,42,360,795
06/28/2006,TUS,AZ,AWP,WE,Towers with Radar,121,57,50,76,304,0,34,150,38,222,121,91,200,114,526,348,92,440,966
06/29/2006,TUS,AZ,AWP,WE,Towers with Radar,126,48,69,62,305,0,32,119,25,176,126,80,188,87,481,304,50,354,835
06/30/2006,TUS,AZ,AWP,WE,Towers with Radar,135,53,58,33,279,2,38,109,34,183,137,91,167,67,462,206,36,242,704
07/01/2006,TUS,AZ,AWP,WE,Towers with Radar,111,43,52,0,206,0,30,93,39,162,111,73,145,39,368,222,0,222,590
07/02/2006,TUS,AZ,AWP,WE,Towers with Radar,105,39,27,0,171,0,20,81,23,124,105,59,108,23,295,126,0,126,421
07/03/2006,TUS,AZ,AWP,WE,Towers with Radar,100,46,25,1,172,0,27,81,27,135,100,73,106,28,307,274,0,274,581
07/04/2006,TUS,AZ,AWP,WE,Towers with Radar,97,41,80,0,218,0,16,14,30,60,97,57,94,30,278,148,0,148,426
07/05/2006,TUS,AZ,AWP,WE,Towers with Radar,128,38,44,21,231,0,42,87,20,149,128,80,131,41,380,226,60,286,666
07/06/2006,TUS,AZ,AWP,WE,Towers with Radar,122,43,61,55,281,0,31,94,26,151,122,74,155,81,432,168,62,230,662
07/07/2006,TUS,AZ,AWP,WE,Towers with Radar,124,59,42,38,263,0,18,101,15,134,124,77,143,53,397,166,42,208,605
07/08/2006,TUS,AZ,AWP,WE,Towers with Radar,111,43,44,56,254,0,26,147,19,192,111,69,191,75,446,200,50,250,696
07/09/2006,TUS,AZ,AWP,WE,Towers with Radar,112,46,43,28,229,0,13,103,15,131,112,59,146,43,360,154,24,178,538
07/10/2006,TUS,AZ,AWP,WE,Towers with Radar,120,43,54,15,232,0,18,101,18,137,120,61,155,33,369,128,28,156,525
07/11/2006,TUS,AZ,AWP,WE,Towers with Radar,127,40,47,66,280,0,37,103,28,168,127,77,150,94,448,338,36,374,822
07/12/2006,TUS,AZ,AWP,WE,Towers with Radar,126,36,46,56,264,0,54,114,18,186,126,90,160,74,450,340,34,374,824
07/13/2006,TUS,AZ,AWP,WE,Towers with Radar,129,37,48,57,271,0,26,105,23,154,129,63,153,80,425,190,44,234,659
07/14/2006,TUS,AZ,AWP,WE,Towers with Radar,123,51,39,51,264,0,31,122,19,172,123,82,161,70,436,280,16,296,732
07/15/2006,TUS,AZ,AWP,WE,Towers with Radar,112,35,30,4,181,0,25,93,24,142,112,60,123,28,323,248,0,248,571
07/16/2006,TUS,AZ,AWP,WE,Towers with Radar,110,39,23,7,179,0,15,64,13,92,110,54,87,20,271,82,0,82,353
07/17/2006,TUS,AZ,AWP,WE,Towers with Radar,121,40,53,52,266,0,29,78,18,125,121,69,131,70,391,252,58,310,701
07/18/2006,TUS,AZ,AWP,WE,Towers with Radar,152,39,77,70,338,0,17,62,0,79,152,56,139,70,417,170,40,210,627
07/19/2006,TUS,AZ,AWP,WE,Towers with Radar,130,44,35,64,273,0,26,91,27,144,130,70,126,91,417,170,50,220,637
07/20/2006,TUS,AZ,AWP,WE,Towers with Radar,128,47,60,63,298,0,22,112,34,168,128,69,172,97,466,266,66,332,798
07/21/2006,TUS,AZ,AWP,WE,Towers with Radar,164,41,37,59,301,0,49,130,44,223,164,90,167,103,524,220,32,252,776
07/22/2006,TUS,AZ,AWP,WE,Towers with Radar,111,39,30,3,183,0,24,59,27,110,111,63,89,30,293,82,0,82,375
07/23/2006,TUS,AZ,AWP,WE,Towers with Radar,114,48,48,8,218,0,25,77,32,134,114,73,125,40,352,110,2,112,464
07/24/2006,TUS,AZ,AWP,WE,Towers with Radar,120,45,60,84,309,0,22,132,28,182,120,67,192,112,491,284,58,342,833
07/25/2006,TUS,AZ,AWP,WE,Towers with Radar,137,45,62,52,296,0,27,94,38,159,137,72,156,90,455,290,44,334,789
07/26/2006,TUS,AZ,AWP,WE,Towers with Radar,134,49,56,74,313,0,28,132,37,197,134,77,188,111,510,430,90,520,1030
07/27/2006,TUS,AZ,AWP,WE,Towers with Radar,128,46,87,58,319,0,16,75,27,118,128,62,162,85,437,368,36,404,841
07/28/2006,TUS,AZ,AWP,WE,Towers with Radar,130,55,63,62,310,0,14,103,28,145,130,69,166,90,455,316,78,394,849
07/29/2006,TUS,AZ,AWP,WE,Towers with Radar,118,38,43,4,203,0,5,46,10,61,118,43,89,14,264,156,0,156,420
07/30/2006,TUS,AZ,AWP,WE,Towers with Radar,116,46,43,5,210,0,29,64,20,113,116,75,107,25,323,12,3,15,338
07/31/2006,TUS,AZ,AWP,WE,Towers with Radar,118,46,115,104,383,0,22,24,0,46,118,68,139,104,429,250,54,304,733
08/01/2006,TUS,AZ,AWP,WE,Towers with Radar,125,38,152,110,425,0,28,57,0,85,125,66,209,110,510,326,50,376,886
08/02/2006,TUS,AZ,AWP,WE,Towers with Radar,125,44,70,53,292,0,40,142,33,215,125,84,212,86,507,410,56,466,973
08/03/2006,TUS,AZ,AWP,WE,Towers with Radar,128,55,66,43,292,0,38,119,33,190,128,93,185,76,482,300,60,360,842
08/04/2006,TUS,AZ,AWP,WE,Towers with Radar,126,45,49,64,284,0,28,125,35,188,126,73,174,99,472,326,88,414,886
08/05/2006,TUS,AZ,AWP,WE,Towers with Radar,114,41,34,41,230,0,41,141,33,215,114,82,175,74,445,194,48,242,687
08/06/2006,TUS,AZ,AWP,WE,Towers with Radar,112,52,59,19,242,0,12,114,30,156,112,64,173,49,398,162,18,180,578
08/07/2006,TUS,AZ,AWP,WE,Towers with Radar,115,46,46,10,217,0,27,100,32,159,115,73,146,42,376,266,10,276,652
08/08/2006,TUS,AZ,AWP,WE,Towers with Radar,126,51,108,76,361,0,52,63,0,115,126,103,171,76,476,298,32,330,806
08/09/2006,TUS,AZ,AWP,WE,Towers with Radar,130,48,63,55,296,0,32,233,35,300,130,80,296,90,596,486,74,560,1156
08/10/2006,TUS,AZ,AWP,WE,Towers with Radar,125,41,47,61,274,0,24,142,44,210,125,65,189,105,484,368,60,428,912
08/11/2006,TUS,AZ,AWP,WE,Towers with Radar,122,48,53,53,276,0,19,153,39,211,122,67,206,92,487,392,54,446,933
08/12/2006,TUS,AZ,AWP,WE,Towers with Radar,124,50,34,11,219,0,23,127,31,181,124,73,161,42,400,214,8,222,622
08/13/2006,TUS,AZ,AWP,WE,Towers with Radar,114,52,50,12,228,0,10,107,24,141,114,62,157,36,369,208,0,208,577
08/14/2006,TUS,AZ,AWP,WE,Towers with Radar,115,48,49,50,262,0,17,113,25,155,115,65,162,75,417,338,54,392,809
08/15/2006,TUS,AZ,AWP,WE,Towers with Radar,125,53,78,85,341,0,11,127,28,166,125,64,205,113,507,332,120,452,959
08/16/2006,TUS,AZ,AWP,WE,Towers with Radar,126,56,62,34,278,0,12,105,26,143,126,68,167,60,421,294,34,328,749
08/17/2006,TUS,AZ,AWP,WE,Towers with Radar,131,47,65,88,331,0,22,160,41,223,131,69,225,129,554,355,116,471,1025
08/18/2006,TUS,AZ,AWP,WE,Towers with Radar,128,48,36,65,277,0,12,156,35,203,128,60,192,100,480,274,50,324,804
08/19/2006,TUS,AZ,AWP,WE,Towers with Radar,116,45,37,8,206,0,21,107,25,153,116,66,144,33,359,162,0,162,521
08/20/2006,TUS,AZ,AWP,WE,Towers with Radar,114,45,53,2,214,0,7,101,22,130,114,52,154,24,344,106,0,106,450
08/21/2006,TUS,AZ,AWP,WE,Towers with Radar,135,55,62,65,317,0,10,100,38,148,135,65,162,103,465,276,36,312,777
08/22/2006,TUS,AZ,AWP,WE,Towers with Radar,127,43,125,112,407,0,10,51,0,61,127,53,176,112,468,310,78,388,856
08/23/2006,TUS,AZ,AWP,WE,Towers with Radar,127,41,65,62,295,0,18,109,31,158,127,59,174,93,453,324,74,398,851
08/24/2006,TUS,AZ,AWP,WE,Towers with Radar,124,52,51,50,277,0,20,116,41,177,124,72,167,91,454,318,32,350,804
08/25/2006,TUS,AZ,AWP,WE,Towers with Radar,124,42,68,74,308,0,19,129,31,179,124,61,197,105,487,270,80,350,837
08/26/2006,TUS,AZ,AWP,WE,Towers with Radar,114,41,26,3,184,0,25,147,21,193,114,66,173,24,377,212,0,212,589
08/27/2006,TUS,AZ,AWP,WE,Towers with Radar,111,50,33,1,195,0,11,131,16,158,111,61,164,17,353,152,0,152,505
08/28/2006,TUS,AZ,AWP,WE,Towers with Radar,116,47,59,67,289,0,24,123,38,185,116,71,182,105,474,312,84,396,870
08/29/2006,TUS,AZ,AWP,WE,Towers with Radar,122,52,155,105,434,0,16,17,0,33,122,68,172,105,467,366,90,456,923
08/30/2006,TUS,AZ,AWP,WE,Towers with Radar,133,46,58,61,298,0,12,94,44,150,133,58,152,105,448,338,52,390,838
08/31/2006,TUS,AZ,AWP,WE,Towers with Radar,126,48,59,67,300,2,19,136,44,201,128,67,195,111,501,284,56,340,841
09/01/2006,TUS,AZ,AWP,WE,Towers with Radar,125,48,55,39,267,0,16,141,41,198,125,64,196,80,465,182,50,232,697
09/02/2006,TUS,AZ,AWP,WE,Towers with Radar,117,34,37,2,190,0,12,94,33,139,117,46,131,35,329,198,0,198,527
09/03/2006,TUS,AZ,AWP,WE,Towers with Radar,102,40,24,2,168,0,6,75,15,96,102,46,99,17,264,78,0,78,342
09/04/2006,TUS,AZ,AWP,WE,Towers with Radar,111,38,45,0,194,0,21,85,27,133,111,59,130,27,327,142,0,142,469
09/05/2006,TUS,AZ,AWP,WE,Towers with Radar,117,52,50,61,280,0,27,99,30,156,117,79,149,91,436,294,106,400,836
09/06/2006,TUS,AZ,AWP,WE,Towers with Radar,122,40,42,47,251,0,35,110,39,184,122,75,152,86,435,356,70,426,861
09/07/2006,TUS,AZ,AWP,WE,Towers with Radar,124,48,49,59,280,0,9,55,31,95,124,57,104,90,375,160,56,216,591
09/08/2006,TUS,AZ,AWP,WE,Towers with Radar,127,46,46,56,275,0,16,133,38,187,127,62,179,94,462,566,36,602,1064
09/09/2006,TUS,AZ,AWP,WE,Towers with Radar,128,34,41,62,265,0,15,123,30,168,128,49,164,92,433,274,52,326,759
09/10/2006,TUS,AZ,AWP,WE,Towers with Radar,117,37,37,23,214,0,11,159,19,189,117,48,196,42,403,208,40,248,651
09/11/2006,TUS,AZ,AWP,WE,Towers with Radar,113,44,39,11,207,0,17,121,18,156,113,61,160,29,363,236,0,236,599
09/12/2006,TUS,AZ,AWP,WE,Towers with Radar,123,50,144,94,411,0,12,0,0,12,123,62,144,94,423,112,26,138,561
09/13/2006,TUS,AZ,AWP,WE,Towers with Radar,120,49,62,52,283,0,17,154,30,201,120,66,216,82,484,366,38,404,888
09/14/2006,TUS,AZ,AWP,WE,Towers with Radar,120,55,68,46,289,0,25,137,42,204,120,80,205,88,493,390,40,430,923
09/15/2006,TUS,AZ,AWP,WE,Towers with Radar,122,55,59,26,262,0,25,132,44,201,122,80,191,70,463,210,10,220,683
09/16/2006,TUS,AZ,AWP,WE,Towers with Radar,117,40,22,5,184,0,19,154,31,204,117,59,176,36,388,212,10,222,610
09/17/2006,TUS,AZ,AWP,WE,Towers with Radar,105,46,35,0,186,0,8,137,31,176,105,54,172,31,362,158,0,158,520
09/18/2006,TUS,AZ,AWP,WE,Towers with Radar,116,41,33,6,196,0,29,129,31,189,116,70,162,37,385,176,0,176,561
09/19/2006,TUS,AZ,AWP,WE,Towers with Radar,122,37,37,2,198,0,13,160,40,213,122,50,197,42,411,198,0,198,609
09/20/2006,TUS,AZ,AWP,WE,Towers with Radar,122,39,40,1,202,0,7,124,25,156,122,46,164,26,358,124,126,250,608
09/21/2006,TUS,AZ,AWP,WE,Towers with Radar,118,49,59,6,232,0,17,167,37,221,118,66,226,43,453,214,0,214,667
09/22/2006,TUS,AZ,AWP,WE,Towers with Radar,124,65,43,3,235,0,17,114,20,151,124,82,157,23,386,104,0,104,490
09/23/2006,TUS,AZ,AWP,WE,Towers with Radar,112,40,29,3,184,0,18,173,25,216,112,58,202,28,400,188,0,188,588
09/24/2006,TUS,AZ,AWP,WE,Towers with Radar,107,52,51,0,210,0,20,132,23,175,107,72,183,23,385,174,0,174,559
09/25/2006,TUS,AZ,AWP,WE,Towers with Radar,113,51,34,4,202,1,29,103,29,162,114,80,137,33,364,132,0,132,496
09/26/2006,TUS,AZ,AWP,WE,Towers with Radar,118,83,173,29,403,0,2,2,0,4,118,85,175,29,407,176,0,176,583
09/27/2006,TUS,AZ,AWP,WE,Towers with Radar,120,40,44,7,211,0,15,117,28,160,120,55,161,35,371,268,0,268,639
09/28/2006,TUS,AZ,AWP,WE,Towers with Radar,123,44,56,4,227,0,20,164,33,217,123,64,220,37,444,368,0,368,812
09/29/2006,TUS,AZ,AWP,WE,Towers with Radar,127,46,57,4,234,0,16,177,24,217,127,62,234,28,451,294,0,294,745
09/30/2006,TUS,AZ,AWP,WE,Towers with Radar,117,36,52,0,205,0,8,169,18,195,117,44,221,18,400,170,0,170,570
10/01/2006,TUS,AZ,AWP,WE,Towers with Radar,117,42,41,3,203,0,13,135,23,171,117,55,176,26,374,210,0,210,584
10/02/2006,TUS,AZ,AWP,WE,Towers with Radar,113,46,50,12,221,0,19,137,26,182,113,65,187,38,403,218,0,218,621
10/03/2006,TUS,AZ,AWP,WE,Towers with Radar,118,45,56,0,219,0,22,149,26,197,118,67,205,26,416,280,0,280,696
10/04/2006,TUS,AZ,AWP,WE,Towers with Radar,119,44,48,3,214,0,19,140,34,193,119,63,188,37,407,288,0,288,695
10/05/2006,TUS,AZ,AWP,WE,Towers with Radar,121,47,56,1,225,0,21,143,16,180,121,68,199,17,405,158,0,158,563
10/06/2006,TUS,AZ,AWP,WE,Towers with Radar,121,42,55,7,225,0,15,92,29,136,121,57,147,36,361,142,0,142,503
10/07/2006,TUS,AZ,AWP,WE,Towers with Radar,111,40,33,4,188,0,16,160,19,195,111,56,193,23,383,158,0,158,541
10/08/2006,TUS,AZ,AWP,WE,Towers with Radar,113,41,43,0,197,0,20,91,15,126,113,61,134,15,323,88,0,88,411
10/09/2006,TUS,AZ,AWP,WE,Towers with Radar,114,45,55,8,222,0,13,120,20,153,114,58,175,28,375,168,0,168,543
10/10/2006,TUS,AZ,AWP,WE,Towers with Radar,115,56,182,33,386,0,5,23,0,28,115,61,205,33,414,244,0,244,658
10/11/2006,TUS,AZ,AWP,WE,Towers with Radar,118,45,53,4,220,0,22,148,29,199,118,67,201,33,419,172,2,174,593
10/12/2006,TUS,AZ,AWP,WE,Towers with Radar,122,50,57,0,229,0,9,182,18,209,122,59,239,18,438,202,0,202,640
10/13/2006,TUS,AZ,AWP,WE,Towers with Radar,127,43,51,7,228,0,8,131,16,155,127,51,182,23,383,232,0,232,615
10/14/2006,TUS,AZ,AWP,WE,Towers with Radar,113,41,48,12,214,0,10,97,10,117,113,51,145,22,331,94,0,94,425
10/15/2006,TUS,AZ,AWP,WE,Towers with Radar,115,46,64,12,237,0,9,127,13,149,115,55,191,25,386,88,0,88,474
10/16/2006,TUS,AZ,AWP,WE,Towers with Radar,112,50,57,14,233,0,20,140,20,180,112,70,197,34,413,268,2,270,683
10/17/2006,TUS,AZ,AWP,WE,Towers with Radar,120,40,62,13,235,0,22,96,30,148,120,62,158,43,383,124,0,124,507
10/18/2006,TUS,AZ,AWP,WE,Towers with Radar,120,39,82,6,247,0,11,143,22,176,120,50,225,28,423,292,0,292,715
10/19/2006,TUS,AZ,AWP,WE,Towers with Radar,122,47,85,13,267,0,26,193,26,245,122,73,278,39,512,350,2,352,864
10/20/2006,TUS,AZ,AWP,WE,Towers with Radar,123,47,71,41,282,0,33,197,22,252,123,80,268,63,534,244,2,246,780
10/21/2006,TUS,AZ,AWP,WE,Towers with Radar,108,39,46,12,205,0,22,133,16,171,108,61,179,28,376,202,0,202,578
10/22/2006,TUS,AZ,AWP,WE,Towers with Radar,112,53,76,4,245,0,16,157,11,184,112,69,233,15,429,114,0,114,543
10/23/2006,TUS,AZ,AWP,WE,Towers with Radar,118,53,123,19,313,0,25,53,0,78,118,78,176,19,391,310,6,316,707
10/24/2006,TUS,AZ,AWP,WE,Towers with Radar,115,43,126,80,364,0,14,65,0,79,115,57,191,80,443,308,64,372,815
10/25/2006,TUS,AZ,AWP,WE,Towers with Radar,119,48,60,60,287,0,15,153,35,203,119,63,213,95,490,372,68,440,930
10/26/2006,TUS,AZ,AWP,WE,Towers with Radar,114,47,64,71,296,0,11,165,29,205,114,58,229,100,501,302,76,378,879
10/27/2006,TUS,AZ,AWP,WE,Towers with Radar,121,45,55,57,278,0,23,189,25,237,121,68,244,82,515,294,66,360,875
10/28/2006,TUS,AZ,AWP,WE,Towers with Radar,111,41,57,21,230,0,12,230,22,264,111,53,287,43,494,170,16,186,680
10/29/2006,TUS,AZ,AWP,WE,Towers with Radar,107,42,57,1,207,0,20,124,14,158,107,62,181,15,365,120,0,120,485
10/30/2006,TUS,AZ,AWP,WE,Towers with Radar,112,46,55,50,263,0,13,147,28,188,112,59,202,78,451,296,30,326,777
10/31/2006,TUS,AZ,AWP,WE,Towers with Radar,119,42,47,63,271,0,14,142,23,179,119,56,189,86,450,300,52,352,802
11/01/2006,TUS,AZ,AWP,WE,Towers with Radar,123,50,66,52,291,0,25,159,29,213,123,75,225,81,504,442,60,502,1006
11/02/2006,TUS,AZ,AWP,WE,Towers with Radar,125,50,74,54,303,0,14,221,40,275,125,64,295,94,578,340,72,412,990
11/03/2006,TUS,AZ,AWP,WE,Towers with Radar,125,49,73,66,313,0,18,195,23,236,125,67,268,89,549,306,122,428,977
11/04/2006,TUS,AZ,AWP,WE,Towers with Radar,102,42,53,36,233,0,15,223,16,254,102,57,276,52,487,294,48,342,829
11/05/2006,TUS,AZ,AWP,WE,Towers with Radar,113,42,65,17,237,0,9,183,17,209,113,51,248,34,446,250,4,254,700
11/06/2006,TUS,AZ,AWP,WE,Towers with Radar,118,45,90,8,261,0,23,197,30,250,118,68,287,38,511,362,6,368,879
11/07/2006,TUS,AZ,AWP,WE,Towers with Radar,119,46,126,113,404,0,21,139,0,160,119,67,265,113,564,454,130,584,1148
11/08/2006,TUS,AZ,AWP,WE,Towers with Radar,117,41,88,66,312,0,31,203,34,268,117,72,291,100,580,426,68,494,1074
11/09/2006,TUS,AZ,AWP,WE,Towers with Radar,126,55,86,39,306,0,19,207,23,249,126,74,293,62,555,334,56,390,945
11/10/2006,TUS,AZ,AWP,WE,Towers with Radar,118,59,64,3,244,0,16,155,14,185,118,75,219,17,429,342,0,342,771
11/11/2006,TUS,AZ,AWP,WE,Towers with Radar,109,56,68,6,239,0,17,165,16,198,109,73,233,22,437,236,0,236,673
11/12/2006,TUS,AZ,AWP,WE,Towers with Radar,113,66,71,3,253,0,14,154,18,186,113,80,225,21,439,186,0,186,625
11/13/2006,TUS,AZ,AWP,WE,Towers with Radar,116,43,76,61,296,0,11,166,25,202,116,54,242,86,498,390,48,438,936
11/14/2006,TUS,AZ,AWP,WE,Towers with Radar,121,61,120,77,379,0,6,108,0,114,121,67,228,77,493,332,28,360,853
11/15/2006,TUS,AZ,AWP,WE,Towers with Radar,121,49,72,53,295,0,18,156,24,198,121,67,228,77,493,284,88,372,865
11/16/2006,TUS,AZ,AWP,WE,Towers with Radar,122,67,89,59,337,0,29,190,31,250,122,96,279,90,587,412,60,472,1059
11/17/2006,TUS,AZ,AWP,WE,Towers with Radar,133,49,77,54,313,0,21,171,27,219,133,70,248,81,532,288,96,384,916
11/18/2006,TUS,AZ,AWP,WE,Towers with Radar,109,46,47,17,219,0,27,178,25,230,109,73,225,42,449,236,30,266,715
11/19/2006,TUS,AZ,AWP,WE,Towers with Radar,115,48,55,1,219,0,22,158,15,195,115,70,213,16,414,150,0,150,564
11/20/2006,TUS,AZ,AWP,WE,Towers with Radar,115,47,60,68,290,0,18,112,27,157,115,65,172,95,447,84,82,166,613
11/21/2006,TUS,AZ,AWP,WE,Towers with Radar,128,48,148,87,411,0,25,177,0,202,128,73,325,87,613,348,48,396,1009
11/22/2006,TUS,AZ,AWP,WE,Towers with Radar,134,54,72,28,288,0,21,183,21,225,134,75,255,49,513,270,20,290,803
11/23/2006,TUS,AZ,AWP,WE,Towers with Radar,87,33,11,0,131,0,13,70,16,99,87,46,81,16,230,38,0,38,268
11/24/2006,TUS,AZ,AWP,WE,Towers with Radar,112,37,40,0,189,0,17,137,12,166,112,54,177,12,355,172,0,172,527
11/25/2006,TUS,AZ,AWP,WE,Towers with Radar,103,54,51,3,211,0,8,138,13,159,103,62,189,16,370,152,0,152,522
11/26/2006,TUS,AZ,AWP,WE,Towers with Radar,116,51,102,2,271,2,19,157,17,195,118,70,259,19,466,142,0,142,608
11/27/2006,TUS,AZ,AWP,WE,Towers with Radar,123,45,79,40,287,0,17,118,15,150,123,62,197,55,437,406,40,446,883
11/28/2006,TUS,AZ,AWP,WE,Towers with Radar,128,40,66,66,300,0,21,136,21,178,128,61,202,87,478,270,60,330,808
11/29/2006,TUS,AZ,AWP,WE,Towers with Radar,116,44,56,50,266,0,7,71,26,104,116,51,127,76,370,188,18,206,576
11/30/2006,TUS,AZ,AWP,WE,Towers with Radar,117,56,55,60,288,1,15,123,14,153,118,71,178,74,441,334,24,358,799
12/01/2006,TUS,AZ,AWP,WE,Towers with Radar,118,56,71,55,300,0,22,156,23,201,118,78,227,78,501,346,64,410,911
12/02/2006,TUS,AZ,AWP,WE,Towers with Radar,105,46,49,46,246,2,18,211,7,238,107,64,260,53,484,280,8,288,772
12/03/2006,TUS,AZ,AWP,WE,Towers with Radar,118,37,48,33,236,0,14,89,16,119,118,51,137,49,355,104,20,124,479
12/04/2006,TUS,AZ,AWP,WE,Towers with Radar,116,47,80,11,254,0,17,90,24,131,116,64,170,35,385,98,6,104,489
12/05/2006,TUS,AZ,AWP,WE,Towers with Radar,118,48,126,72,364,0,14,144,0,158,118,62,270,72,522,496,46,542,1064
12/06/2006,TUS,AZ,AWP,WE,Towers with Radar,123,47,78,50,298,0,26,194,30,250,123,73,272,80,548,382,78,460,1008
12/07/2006,TUS,AZ,AWP,WE,Towers with Radar,122,48,69,53,292,0,18,93,25,136,122,66,162,78,428,284,80,364,792
12/08/2006,TUS,AZ,AWP,WE,Towers with Radar,118,52,55,37,262,0,13,95,17,125,118,65,150,54,387,103,56,159,546
12/09/2006,TUS,AZ,AWP,WE,Towers with Radar,104,45,32,1,182,0,11,160,10,181,104,56,192,11,363,242,0,242,605
12/10/2006,TUS,AZ,AWP,WE,Towers with Radar,114,30,48,0,192,0,22,109,15,146,114,52,157,15,338,194,0,194,532
12/11/2006,TUS,AZ,AWP,WE,Towers with Radar,116,49,61,48,274,0,28,158,28,214,116,77,219,76,488,374,36,410,898
12/12/2006,TUS,AZ,AWP,WE,Towers with Radar,124,42,68,62,296,0,37,154,36,227,124,79,222,98,523,408,78,486,1009
12/13/2006,TUS,AZ,AWP,WE,Towers with Radar,116,37,71,62,286,0,13,172,22,207,116,50,243,84,493,350,50,400,893
12/14/2006,TUS,AZ,AWP,WE,Towers with Radar,126,45,64,67,302,0,19,149,26,194,126,64,213,93,496,328,42,370,866
12/15/2006,TUS,AZ,AWP,WE,Towers with Radar,119,52,68,44,283,0,33,204,25,262,119,85,272,69,545,360,40,400,945
12/16/2006,TUS,AZ,AWP,WE,Towers with Radar,102,46,52,0,200,0,8,196,7,211,102,54,248,7,411,224,0,224,635
12/17/2006,TUS,AZ,AWP,WE,Towers with Radar,112,50,48,3,213,0,15,114,11,140,112,65,162,14,353,186,0,186,539
12/18/2006,TUS,AZ,AWP,WE,Towers with Radar,117,57,65,54,293,0,12,115,25,152,117,69,180,79,445,404,48,452,897
12/19/2006,TUS,AZ,AWP,WE,Towers with Radar,123,57,112,62,354,0,4,100,0,104,123,61,212,62,458,392,66,458,916
12/20/2006,TUS,AZ,AWP,WE,Towers with Radar,114,45,82,53,294,0,18,163,32,213,114,63,245,85,507,390,58,448,955
12/21/2006,TUS,AZ,AWP,WE,Towers with Radar,107,53,81,74,315,0,23,153,26,202,107,76,234,100,517,234,86,320,837
12/22/2006,TUS,AZ,AWP,WE,Towers with Radar,120,52,66,33,271,0,15,118,15,148,120,67,184,48,419,194,42,236,655
12/23/2006,TUS,AZ,AWP,WE,Towers with Radar,137,55,51,0,243,0,8,108,11,127,137,63,159,11,370,134,0,134,504
12/24/2006,TUS,AZ,AWP,WE,Towers with Radar,111,41,29,2,183,0,14,74,8,96,111,55,103,10,279,56,0,56,335
12/25/2006,TUS,AZ,AWP,WE,Towers with Radar,109,41,26,1,177,0,9,47,12,68,109,50,73,13,245,2,0,2,247
12/26/2006,TUS,AZ,AWP,WE,Towers with Radar,118,60,76,2,256,0,16,121,16,153,118,76,197,18,409,180,0,180,589
12/27/2006,TUS,AZ,AWP,WE,Towers with Radar,124,55,69,26,274,0,9,90,21,120,124,64,159,47,394,102,16,118,512
12/28/2006,TUS,AZ,AWP,WE,Towers with Radar,124,51,53,2,230,0,4,34,3,41,124,55,87,5,271,64,0,64,335
12/29/2006,TUS,AZ,AWP,WE,Towers with Radar,117,59,52,37,265,0,8,112,14,134,117,67,164,51,399,370,62,432,831
12/30/2006,TUS,AZ,AWP,WE,Towers with Radar,112,56,38,2,208,0,21,145,20,186,112,77,183,22,394,172,0,172,566
12/31/2006,TUS,AZ,AWP,WE,Towers with Radar,106,40,38,2,186,0,8,110,8,126,106,48,148,10,312,104,0,104,416
01/01/2007,TUS,AZ,AWP,WE,Towers with Radar,108,49,45,2,204,0,16,86,13,115,108,65,131,15,319,76,0,76,395
01/02/2007,TUS,AZ,AWP,WE,Towers with Radar,125,83,110,1,319,0,9,82,11,102,125,92,192,12,421,394,2,396,817
01/03/2007,TUS,AZ,AWP,WE,Towers with Radar,127,61,71,67,326,0,17,148,33,198,127,78,219,100,524,330,60,390,914
01/04/2007,TUS,AZ,AWP,WE,Towers with Radar,122,55,69,46,292,0,12,173,23,208,122,67,242,69,500,250,64,314,814
01/05/2007,TUS,AZ,AWP,WE,Towers with Radar,120,54,59,55,288,0,25,99,20,144,120,79,158,75,432,302,20,322,754
01/06/2007,TUS,AZ,AWP,WE,Towers with Radar,107,56,78,49,290,0,14,228,18,260,107,70,306,67,550,232,52,284,834
01/07/2007,TUS,AZ,AWP,WE,Towers with Radar,107,58,52,22,239,0,27,210,14,251,107,85,262,36,490,142,14,156,646
01/08/2007,TUS,AZ,AWP,WE,Towers with Radar,122,60,66,12,260,0,19,142,13,174,122,79,208,25,434,352,0,352,786
01/09/2007,TUS,AZ,AWP,WE,Towers with Radar,129,55,61,50,295,0,21,87,22,130,129,76,148,72,425,136,38,174,599
01/10/2007,TUS,AZ,AWP,WE,Towers with Radar,120,59,92,49,320,0,10,148,28,186,120,69,240,77,506,266,30,296,802
01/11/2007,TUS,AZ,AWP,WE,Towers with Radar,124,59,70,50,303,0,0,0,0,0,124,59,70,50,303,368,56,424,727
01/12/2007,TUS,AZ,AWP,WE,Towers with Radar,122,56,52,36,266,0,0,10,0,10,122,56,62,36,276,84,10,94,370
01/13/2007,TUS,AZ,AWP,WE,Towers with Radar,105,56,49,3,213,0,4,150,15,169,105,60,199,18,382,292,0,292,674
01/14/2007,TUS,AZ,AWP,WE,Towers with Radar,106,61,71,1,239,0,18,144,9,171,106,79,215,10,410,208,0,208,618
01/15/2007,TUS,AZ,AWP,WE,Towers with Radar,114,48,112,0,274,0,19,112,20,151,114,67,224,20,425,276,0,276,701
01/16/2007,TUS,AZ,AWP,WE,Towers with Radar,126,51,80,94,351,0,9,54,0,63,126,60,134,94,414,98,56,154,568
01/17/2007,TUS,AZ,AWP,WE,Towers with Radar,116,43,70,64,293,0,21,178,30,229,116,64,248,94,522,362,54,416,938
01/18/2007,TUS,AZ,AWP,WE,Towers with Radar,124,63,70,47,304,0,11,153,27,191,124,74,223,74,495,282,70,352,847
01/19/2007,TUS,AZ,AWP,WE,Towers with Radar,122,68,67,42,299,0,12,68,10,90,122,80,135,52,389,230,10,240,629
01/20/2007,TUS,AZ,AWP,WE,Towers with Radar,100,65,38,1,204,0,7,204,7,218,100,72,242,8,422,360,0,360,782
01/21/2007,TUS,AZ,AWP,WE,Towers with Radar,92,54,53,4,203,0,3,101,12,116,92,57,154,16,319,86,0,86,405
01/22/2007,TUS,AZ,AWP,WE,Towers with Radar,107,57,51,25,240,0,7,47,7,61,107,64,98,32,301,108,20,128,429
01/23/2007,TUS,AZ,AWP,WE,Towers with Radar,120,51,88,35,294,0,13,171,17,201,120,64,259,52,495,396,20,416,911
01/24/2007,TUS,AZ,AWP,WE,Towers with Radar,121,67,60,60,308,0,16,170,28,214,121,83,230,88,522,324,88,412,934
01/25/2007,TUS,AZ,AWP,WE,Towers with Radar,125,52,73,59,309,1,16,118,44,179,126,68,191,103,488,280,66,346,834
01/26/2007,TUS,AZ,AWP,WE,Towers with Radar,125,52,73,59,309,1,16,118,44,179,126,68,191,103,488,428,44,472,960
01/27/2007,TUS,AZ,AWP,WE,Towers with Radar,107,53,64,5,229,0,14,255,12,281,107,67,319,17,510,514,0,514,1024
01/28/2007,TUS,AZ,AWP,WE,Towers with Radar,113,62,79,1,255,0,8,191,16,215,113,70,270,17,470,218,0,218,688
01/29/2007,TUS,AZ,AWP,WE,Towers with Radar,121,50,55,55,281,0,15,138,24,177,121,65,193,79,458,328,76,404,862
01/30/2007,TUS,AZ,AWP,WE,Towers with Radar,122,47,127,87,383,0,5,30,0,35,122,52,157,87,418,350,44,394,812
01/31/2007,TUS,AZ,AWP,WE,Towers with Radar,119,62,71,41,293,0,9,84,23,116,119,71,155,64,409,246,44,290,699
02/01/2007,TUS,AZ,AWP,WE,Towers with Radar,123,76,79,68,346,0,4,134,24,162,123,80,213,92,508,238,94,332,840
02/02/2007,TUS,AZ,AWP,WE,Towers with Radar,125,65,85,59,334,0,26,169,21,216,125,91,254,80,550,508,44,552,1102
02/03/2007,TUS,AZ,AWP,WE,Towers with Radar,108,43,58,44,253,0,16,254,25,295,108,59,312,69,548,238,50,288,836
02/04/2007,TUS,AZ,AWP,WE,Towers with Radar,113,65,63,19,260,0,7,173,14,194,113,72,236,33,454,88,22,110,564
02/05/2007,TUS,AZ,AWP,WE,Towers with Radar,120,47,84,19,270,0,19,166,30,215,120,66,250,49,485,270,6,276,761
02/06/2007,TUS,AZ,AWP,WE,Towers with Radar,121,55,74,73,323,0,20,187,41,248,121,75,261,114,571,412,92,504,1075
02/07/2007,TUS,AZ,AWP,WE,Towers with Radar,123,54,84,64,325,0,16,213,22,251,123,70,297,86,576,426,104,530,1106
02/08/2007,TUS,AZ,AWP,WE,Towers with Radar,122,56,94,61,333,0,26,178,24,228,122,82,272,85,561,468,98,566,1127
02/09/2007,TUS,AZ,AWP,WE,Towers with Radar,127,57,82,65,331,0,26,192,19,237,127,83,274,84,568,354,70,424,992
02/10/2007,TUS,AZ,AWP,WE,Towers with Radar,104,62,50,9,225,0,13,261,13,287,104,75,311,22,512,312,8,320,832
02/11/2007,TUS,AZ,AWP,WE,Towers with Radar,109,59,98,10,276,1,11,154,16,182,110,70,252,26,458,164,10,174,632
02/12/2007,TUS,AZ,AWP,WE,Towers with Radar,112,60,59,59,290,0,14,134,33,181,112,74,193,92,471,434,126,560,1031
02/13/2007,TUS,AZ,AWP,WE,Towers with Radar,108,52,103,85,348,0,5,377,0,382,108,57,480,85,730,326,74,400,1130
02/14/2007,TUS,AZ,AWP,WE,Towers with Radar,138,57,49,57,301,0,23,120,20,163,138,80,169,77,464,460,88,548,1012
02/15/2007,TUS,AZ,AWP,WE,Towers with Radar,120,60,104,61,345,0,14,192,28,234,120,74,296,89,579,516,76,592,1171
02/16/2007,TUS,AZ,AWP,WE,Towers with Radar,121,65,70,43,299,0,14,191,27,232,121,79,261,70,531,330,54,384,915
02/17/2007,TUS,AZ,AWP,WE,Towers with Radar,109,51,63,4,227,0,14,197,12,223,109,65,260,16,450,104,0,104,554
02/18/2007,TUS,AZ,AWP,WE,Towers with Radar,111,66,67,13,257,0,19,133,9,161,111,85,200,22,418,122,28,150,568
02/19/2007,TUS,AZ,AWP,WE,Towers with Radar,117,61,103,0,281,0,12,100,10,122,117,73,203,10,403,138,0,138,541
02/20/2007,TUS,AZ,AWP,WE,Towers with Radar,129,57,74,68,328,0,19,114,28,161,129,76,188,96,489,362,100,462,951
02/21/2007,TUS,AZ,AWP,WE,Towers with Radar,122,65,116,86,389,0,17,165,15,197,122,82,281,101,586,584,112,696,1282
02/22/2007,TUS,AZ,AWP,WE,Towers with Radar,128,59,80,86,353,0,19,177,23,219,128,78,257,109,572,256,120,376,948
02/23/2007,TUS,AZ,AWP,WE,Towers with Radar,123,64,74,69,330,0,11,100,19,130,123,75,174,88,460,192,58,250,710
02/24/2007,TUS,AZ,AWP,WE,Towers with Radar,97,65,65,9,236,0,12,166,19,197,97,77,231,28,433,240,0,240,673
02/25/2007,TUS,AZ,AWP,WE,Towers with Radar,102,70,91,5,268,0,15,173,18,206,102,85,264,23,474,168,0,168,642
02/26/2007,TUS,AZ,AWP,WE,Towers with Radar,116,49,74,58,297,0,18,138,16,172,116,67,212,74,469,342,50,392,861
02/27/2007,TUS,AZ,AWP,WE,Towers with Radar,125,54,84,76,339,0,636,105,0,741,125,690,189,76,1080,324,48,372,1452
02/28/2007,TUS,AZ,AWP,WE,Towers with Radar,120,50,56,75,301,0,25,79,13,117,120,75,135,88,418,82,66,148,566
03/01/2007,TUS,AZ,AWP,WE,Towers with Radar,123,59,99,91,372,0,27,212,17,256,123,86,311,108,628,282,102,384,1012
03/02/2007,TUS,AZ,AWP,WE,Towers with Radar,122,61,56,61,300,0,15,165,24,204,122,76,221,85,504,372,118,490,994
03/03/2007,TUS,AZ,AWP,WE,Towers with Radar,107,54,62,49,272,0,24,151,13,188,107,78,213,62,460,152,10,162,622
03/04/2007,TUS,AZ,AWP,WE,Towers with Radar,115,47,50,31,243,0,14,69,12,95,115,61,119,43,338,10,6,16,354
03/05/2007,TUS,AZ,AWP,WE,Towers with Radar,119,46,60,9,234,0,21,72,12,105,119,67,132,21,339,156,10,166,505
03/06/2007,TUS,AZ,AWP,WE,Towers with Radar,124,46,119,115,404,0,9,96,0,105,124,55,215,115,509,416,98,514,1023
03/07/2007,TUS,AZ,AWP,WE,Towers with Radar,124,53,74,77,328,0,21,158,22,201,124,74,232,99,529,376,78,454,983
03/08/2007,TUS,AZ,AWP,WE,Towers with Radar,125,54,88,68,335,0,25,159,14,198,125,79,247,82,533,348,62,410,943
03/09/2007,TUS,AZ,AWP,WE,Towers with Radar,121,55,87,61,324,0,23,176,15,214,121,78,263,76,538,272,36,308,846
03/10/2007,TUS,AZ,AWP,WE,Towers with Radar,110,59,72,9,250,1,23,222,22,268,111,82,294,31,518,134,0,134,652
03/11/2007,TUS,AZ,AWP,WE,Towers with Radar,128,48,74,11,261,0,10,140,10,160,128,58,214,21,421,238,0,238,659
03/12/2007,TUS,AZ,AWP,WE,Towers with Radar,122,67,64,44,297,0,20,124,42,186,122,87,188,86,483,232,46,278,761
03/13/2007,TUS,AZ,AWP,WE,Towers with Radar,127,59,69,63,318,0,25,187,42,254,127,84,256,105,572,344,42,386,958
03/14/2007,TUS,AZ,AWP,WE,Towers with Radar,133,54,76,76,339,0,25,159,29,213,133,79,235,105,552,306,42,348,900
03/15/2007,TUS,AZ,AWP,WE,Towers with Radar,129,68,76,88,361,0,16,167,31,214,129,84,243,119,575,214,70,284,859
03/16/2007,TUS,AZ,AWP,WE,Towers with Radar,122,64,55,48,289,0,23,143,28,194,122,87,198,76,483,262,24,286,769
03/17/2007,TUS,AZ,AWP,WE,Towers with Radar,122,61,50,3,236,0,13,122,19,154,122,74,172,22,390,184,0,184,574
03/18/2007,TUS,AZ,AWP,WE,Towers with Radar,126,61,76,6,269,0,17,135,13,165,126,78,211,19,434,138,2,140,574
03/19/2007,TUS,AZ,AWP,WE,Towers with Radar,125,58,97,88,368,0,18,108,0,126,125,76,205,88,494,134,40,174,668
03/20/2007,TUS,AZ,AWP,WE,Towers with Radar,125,58,106,101,390,0,7,133,0,140,125,65,239,101,530,386,54,440,970
03/21/2007,TUS,AZ,AWP,WE,Towers with Radar,123,49,65,54,291,0,7,83,24,114,123,56,148,78,405,184,26,210,615
03/22/2007,TUS,AZ,AWP,WE,Towers with Radar,134,64,52,55,305,0,11,38,18,67,134,75,90,73,372,128,44,172,544
03/23/2007,TUS,AZ,AWP,WE,Towers with Radar,131,49,64,31,275,0,15,71,21,107,131,64,135,52,382,276,26,302,684
03/24/2007,TUS,AZ,AWP,WE,Towers with Radar,118,62,64,8,252,0,19,215,18,252,118,81,279,26,504,206,0,206,710
03/25/2007,TUS,AZ,AWP,WE,Towers with Radar,118,48,66,0,232,0,14,165,13,192,118,62,231,13,424,164,0,164,588
03/26/2007,TUS,AZ,AWP,WE,Towers with Radar,124,61,71,65,321,0,16,155,19,190,124,77,226,84,511,310,46,356,867
03/27/2007,TUS,AZ,AWP,WE,Towers with Radar,128,62,67,86,343,0,0,53,0,53,128,62,120,86,396,148,46,194,590
03/28/2007,TUS,AZ,AWP,WE,Towers with Radar,129,66,76,63,334,0,10,161,22,193,129,76,237,85,527,308,60,368,895
03/29/2007,TUS,AZ,AWP,WE,Towers with Radar,125,55,79,69,328,0,16,188,29,233,125,71,267,98,561,270,66,336,897
03/30/2007,TUS,AZ,AWP,WE,Towers with Radar,130,55,74,51,310,0,19,159,34,212,130,74,233,85,522,172,30,202,724
03/31/2007,TUS,AZ,AWP,WE,Towers with Radar,112,65,81,4,262,0,14,232,7,253,112,79,313,11,515,254,0,254,769
04/01/2007,TUS,AZ,AWP,WE,Towers with Radar,119,56,60,0,235,2,20,188,19,229,121,76,248,19,464,186,0,186,650
04/02/2007,TUS,AZ,AWP,WE,Towers with Radar,122,61,116,75,374,0,18,89,0,107,122,79,205,75,481,162,66,228,709
04/03/2007,TUS,AZ,AWP,WE,Towers with Radar,126,59,89,54,328,0,22,151,28,201,126,81,240,82,529,256,32,288,817
04/04/2007,TUS,AZ,AWP,WE,Towers with Radar,126,64,71,60,321,0,13,160,28,201,126,77,231,88,522,366,56,422,944
04/05/2007,TUS,AZ,AWP,WE,Towers with Radar,134,59,81,44,318,0,19,185,27,231,134,78,266,71,549,388,38,426,975
04/06/2007,TUS,AZ,AWP,WE,Towers with Radar,127,53,74,47,301,0,12,177,22,211,127,65,251,69,512,168,72,240,752
04/07/2007,TUS,AZ,AWP,WE,Towers with Radar,124,57,60,0,241,0,14,171,8,193,124,71,231,8,434,216,0,216,650
04/08/2007,TUS,AZ,AWP,WE,Towers with Radar,115,59,50,1,225,0,34,87,17,138,115,93,137,18,363,80,0,80,443
04/09/2007,TUS,AZ,AWP,WE,Towers with Radar,123,64,80,59,326,2,31,112,14,159,125,95,192,73,485,304,56,360,845
04/10/2007,TUS,AZ,AWP,WE,Towers with Radar,130,57,112,126,425,0,15,117,0,132,130,72,229,126,557,210,34,244,801
04/11/2007,TUS,AZ,AWP,WE,Towers with Radar,130,54,63,59,306,0,15,130,24,169,130,69,193,83,475,186,26,212,687
04/12/2007,TUS,AZ,AWP,WE,Towers with Radar,123,69,55,60,307,0,12,64,11,87,123,81,119,71,394,12,14,26,420
04/13/2007,TUS,AZ,AWP,WE,Towers with Radar,126,66,67,60,319,0,12,179,14,205,126,78,246,74,524,250,58,308,832
04/14/2007,TUS,AZ,AWP,WE,Towers with Radar,122,59,56,40,277,0,19,206,12,237,122,78,262,52,514,294,10,304,818
04/15/2007,TUS,AZ,AWP,WE,Towers with Radar,117,67,61,26,271,0,10,99,13,122,117,77,160,39,393,30,26,56,449
04/16/2007,TUS,AZ,AWP,WE,Towers with Radar,140,65,45,9,259,0,22,117,20,159,140,87,162,29,418,96,20,116,534
04/17/2007,TUS,AZ,AWP,WE,Towers with Radar,123,62,70,61,316,0,23,235,17,275,123,85,305,78,591,138,86,224,815
04/18/2007,TUS,AZ,AWP,WE,Towers with Radar,126,69,79,61,335,0,24,136,23,183,126,93,215,84,518,76,28,104,622
04/19/2007,TUS,AZ,AWP,WE,Towers with Radar,124,71,73,44,312,0,30,158,30,218,124,101,231,74,530,76,20,96,626
04/20/2007,TUS,AZ,AWP,WE,Towers with Radar,124,62,59,40,285,0,22,105,30,157,124,84,164,70,442,104,14,118,560
04/21/2007,TUS,AZ,AWP,WE,Towers with Radar,125,56,60,5,246,0,21,134,14,169,125,77,194,19,415,100,0,100,515
04/22/2007,TUS,AZ,AWP,WE,Towers with Radar,123,65,73,2,263,0,9,157,17,183,123,74,230,19,446,192,0,192,638
04/23/2007,TUS,AZ,AWP,WE,Towers with Radar,121,66,45,41,273,0,23,105,28,156,121,89,150,69,429,120,66,186,615
04/24/2007,TUS,AZ,AWP,WE,Towers with Radar,113,66,60,55,294,0,7,145,29,181,113,73,205,84,475,258,56,314,789
04/25/2007,TUS,AZ,AWP,WE,Towers with Radar,113,70,73,51,307,0,24,183,23,230,113,94,256,74,537,286,36,322,859
04/26/2007,TUS,AZ,AWP,WE,Towers with Radar,114,67,75,51,307,0,27,179,23,229,114,94,254,74,536,202,36,238,774
04/27/2007,TUS,AZ,AWP,WE,Towers with Radar,120,66,81,45,312,0,11,161,19,191,120,77,242,64,503,144,32,176,679
04/28/2007,TUS,AZ,AWP,WE,Towers with Radar,138,60,45,4,247,0,7,136,15,158,138,67,181,19,405,60,0,60,465
04/29/2007,TUS,AZ,AWP,WE,Towers with Radar,117,75,66,1,259,0,6,120,12,138,117,81,186,13,397,156,0,156,553
04/30/2007,TUS,AZ,AWP,WE,Towers with Radar,115,68,95,90,368,0,16,70,0,86,115,84,165,90,454,214,32,246,700
05/01/2007,TUS,AZ,AWP,WE,Towers with Radar,128,65,126,87,406,0,22,61,0,83,128,87,187,87,489,172,42,214,703
05/02/2007,TUS,AZ,AWP,WE,Towers with Radar,125,76,56,67,324,0,12,182,20,214,125,88,238,87,538,278,38,316,854
05/03/2007,TUS,AZ,AWP,WE,Towers with Radar,119,66,73,58,316,1,19,169,25,214,120,85,242,83,530,246,78,324,854
05/04/2007,TUS,AZ,AWP,WE,Towers with Radar,134,73,40,50,297,0,15,99,17,131,134,88,139,67,428,152,20,172,600
05/05/2007,TUS,AZ,AWP,WE,Towers with Radar,116,64,25,44,249,0,14,143,7,164,116,78,168,51,413,120,48,168,581
05/06/2007,TUS,AZ,AWP,WE,Towers with Radar,112,75,56,26,269,0,12,138,21,171,112,87,194,47,440,210,12,222,662
05/07/2007,TUS,AZ,AWP,WE,Towers with Radar,115,84,54,5,258,2,15,133,13,163,117,99,187,18,421,130,6,136,557
05/08/2007,TUS,AZ,AWP,WE,Towers with Radar,122,64,39,58,283,0,12,117,13,142,122,76,156,71,425,248,76,324,749
05/09/2007,TUS,AZ,AWP,WE,Towers with Radar,118,73,55,59,305,0,34,166,20,220,118,107,221,79,525,304,58,362,887
05/10/2007,TUS,AZ,AWP,WE,Towers with Radar,123,70,71,66,330,0,17,190,22,229,123,87,261,88,559,260,48,308,867
05/11/2007,TUS,AZ,AWP,WE,Towers with Radar,126,76,62,56,320,0,27,191,26,244,126,103,253,82,564,214,48,262,826
05/12/2007,TUS,AZ,AWP,WE,Towers with Radar,115,73,29,0,217,0,4,122,5,131,115,77,151,5,348,340,0,340,688
05/13/2007,TUS,AZ,AWP,WE,Towers with Radar,119,73,31,1,224,0,8,69,5,82,119,81,100,6,306,258,0,258,564
05/14/2007,TUS,AZ,AWP,WE,Towers with Radar,116,84,117,76,393,0,15,70,0,85,116,99,187,76,478,236,23,259,737
05/15/2007,TUS,AZ,AWP,WE,Towers with Radar,121,56,129,114,420,0,0,53,0,53,121,56,182,114,473,258,70,328,801
05/16/2007,TUS,AZ,AWP,WE,Towers with Radar,128,69,60,67,324,1,17,121,37,176,129,86,181,104,500,170,60,230,730
05/17/2007,TUS,AZ,AWP,WE,Towers with Radar,129,73,43,47,292,0,20,149,37,206,129,93,192,84,498,90,44,134,632
05/18/2007,TUS,AZ,AWP,WE,Towers with Radar,126,69,47,50,292,0,27,137,27,191,126,96,184,77,483,376,36,412,895
05/19/2007,TUS,AZ,AWP,WE,Towers with Radar,117,61,53,0,231,0,12,230,23,265,117,73,283,23,496,210,0,210,706
05/20/2007,TUS,AZ,AWP,WE,Towers with Radar,111,74,48,3,236,0,3,141,19,163,111,77,189,22,399,326,0,326,725
05/21/2007,TUS,AZ,AWP,WE,Towers with Radar,118,63,51,77,309,0,14,111,30,155,118,77,162,107,464,180,124,304,768
05/22/2007,TUS,AZ,AWP,WE,Towers with Radar,124,68,46,59,297,0,15,131,30,176,124,83,177,89,473,140,62,202,675
05/23/2007,TUS,AZ,AWP,WE,Towers with Radar,124,72,54,72,322,0,19,140,41,200,124,91,194,113,522,170,132,302,824
05/24/2007,TUS,AZ,AWP,WE,Towers with Radar,114,68,62,61,305,0,14,142,37,193,114,82,204,98,498,172,64,236,734
05/25/2007,TUS,AZ,AWP,WE,Towers with Radar,122,76,54,56,308,0,18,171,23,212,122,94,225,79,520,170,36,206,726
05/26/2007,TUS,AZ,AWP,WE,Towers with Radar,106,60,37,0,203,0,12,106,16,134,106,72,143,16,337,350,0,350,687
05/27/2007,TUS,AZ,AWP,WE,Towers with Radar,105,59,29,0,193,0,20,95,11,126,105,79,124,11,319,206,0,206,525
05/28/2007,TUS,AZ,AWP,WE,Towers with Radar,120,62,53,7,242,0,10,122,13,145,120,72,175,20,387,172,2,174,561
05/29/2007,TUS,AZ,AWP,WE,Towers with Radar,115,71,90,79,355,0,15,96,0,111,115,86,186,79,466,98,96,194,660
05/30/2007,TUS,AZ,AWP,WE,Towers with Radar,118,64,60,56,298,0,17,127,30,174,118,81,187,86,472,192,106,298,770
05/31/2007,TUS,AZ,AWP,WE,Towers with Radar,121,68,64,72,325,0,15,157,20,192,121,83,221,92,517,154,76,230,747
06/01/2007,TUS,AZ,AWP,WE,Towers with Radar,121,70,41,67,299,0,24,128,30,182,121,94,169,97,481,254,34,288,769
06/02/2007,TUS,AZ,AWP,WE,Towers with Radar,109,66,28,43,246,0,15,147,23,185,109,81,175,66,431,194,58,252,683
06/03/2007,TUS,AZ,AWP,WE,Towers with Radar,111,64,44,29,248,0,22,121,16,159,111,86,165,45,407,154,26,180,587
06/04/2007,TUS,AZ,AWP,WE,Towers with Radar,111,69,140,23,343,0,14,52,0,66,111,83,192,23,409,252,0,252,661
06/05/2007,TUS,AZ,AWP,WE,Towers with Radar,116,69,135,83,403,0,21,60,0,81,116,90,195,83,484,122,52,174,658
06/06/2007,TUS,AZ,AWP,WE,Towers with Radar,122,63,44,38,267,0,11,54,13,78,122,74,98,51,345,162,36,198,543
06/07/2007,TUS,AZ,AWP,WE,Towers with Radar,119,72,64,48,303,0,25,157,0,182,119,97,221,48,485,262,20,282,767
06/08/2007,TUS,AZ,AWP,WE,Towers with Radar,113,80,59,38,290,0,14,209,16,239,113,94,268,54,529,334,60,394,923
06/09/2007,TUS,AZ,AWP,WE,Towers with Radar,102,71,36,6,215,0,13,144,3,160,102,84,180,9,375,234,0,234,609
06/10/2007,TUS,AZ,AWP,WE,Towers with Radar,109,67,35,2,213,0,13,134,4,151,109,80,169,6,364,168,0,168,532
06/11/2007,TUS,AZ,AWP,WE,Towers with Radar,108,74,45,53,280,0,8,84,14,106,108,82,129,67,386,132,0,132,518
06/12/2007,TUS,AZ,AWP,WE,Towers with Radar,118,67,58,47,290,0,28,128,19,175,118,95,186,66,465,228,44,272,737
06/13/2007,TUS,AZ,AWP,WE,Towers with Radar,116,66,51,63,296,0,28,136,10,174,116,94,187,73,470,188,50,238,708
06/14/2007,TUS,AZ,AWP,WE,Towers with Radar,119,73,49,62,303,0,11,143,11,165,119,84,192,73,468,376,58,434,902
06/15/2007,TUS,AZ,AWP,WE,Towers with Radar,119,74,56,49,298,0,23,172,5,200,119,97,228,54,498,236,40,276,774
06/16/2007,TUS,AZ,AWP,WE,Towers with Radar,98,67,25,5,195,0,19,133,12,164,98,86,158,17,359,288,0,288,647
06/17/2007,TUS,AZ,AWP,WE,Towers with Radar,110,81,40,0,231,0,19,112,2,133,110,100,152,2,364,136,2,138,502
06/18/2007,TUS,AZ,AWP,WE,Towers with Radar,105,76,78,62,321,1,22,118,0,141,106,98,196,62,462,224,20,244,706
06/19/2007,TUS,AZ,AWP,WE,Towers with Radar,115,73,95,74,357,0,7,52,0,59,115,80,147,74,416,310,44,354,770
06/20/2007,TUS,AZ,AWP,WE,Towers with Radar,116,68,40,59,283,0,20,142,15,177,116,88,182,74,460,252,68,320,780
06/21/2007,TUS,AZ,AWP,WE,Towers with Radar,116,75,51,60,302,0,10,126,7,143,116,85,177,67,445,380,58,438,883
06/22/2007,TUS,AZ,AWP,WE,Towers with Radar,117,71,47,60,295,0,13,180,27,220,117,84,227,87,515,292,100,392,907
06/23/2007,TUS,AZ,AWP,WE,Towers with Radar,97,72,32,2,203,0,24,186,1,211,97,96,218,3,414,234,0,234,648
06/24/2007,TUS,AZ,AWP,WE,Towers with Radar,104,68,34,3,209,1,9,135,2,147,105,77,169,5,356,228,0,228,584
06/25/2007,TUS,AZ,AWP,WE,Towers with Radar,103,77,101,66,347,1,0,106,8,115,104,77,207,74,462,294,47,341,803
06/26/2007,TUS,AZ,AWP,WE,Towers with Radar,115,82,102,80,379,0,19,87,0,106,115,101,189,80,485,234,114,348,833
06/27/2007,TUS,AZ,AWP,WE,Towers with Radar,106,77,53,76,312,0,21,147,16,184,106,98,200,92,496,328,76,404,900
06/28/2007,TUS,AZ,AWP,WE,Towers with Radar,108,81,65,72,326,1,20,161,25,207,109,101,226,97,533,416,62,478,1011
06/29/2007,TUS,AZ,AWP,WE,Towers with Radar,114,64,45,11,234,0,33,172,15,220,114,97,217,26,454,170,2,172,626
06/30/2007,TUS,AZ,AWP,WE,Towers with Radar,100,61,49,0,210,0,17,146,16,179,100,78,195,16,389,148,0,148,537
07/01/2007,TUS,AZ,AWP,WE,Towers with Radar,96,66,38,1,201,0,22,90,1,113,96,88,128,2,314,134,0,134,448
07/02/2007,TUS,AZ,AWP,WE,Towers with Radar,103,69,45,50,267,0,21,100,9,130,103,90,145,59,397,198,84,282,679
07/03/2007,TUS,AZ,AWP,WE,Towers with Radar,113,64,46,54,277,0,14,140,9,163,113,78,186,63,440,170,54,224,664
07/04/2007,TUS,AZ,AWP,WE,Towers with Radar,88,63,19,3,173,0,21,103,2,126,88,84,122,5,299,216,0,216,515
07/05/2007,TUS,AZ,AWP,WE,Towers with Radar,111,64,29,82,286,0,12,121,9,142,111,76,150,91,428,166,78,244,672
07/06/2007,TUS,AZ,AWP,WE,Towers with Radar,111,65,29,19,224,1,6,107,3,117,112,71,136,22,341,258,14,272,613
07/07/2007,TUS,AZ,AWP,WE,Towers with Radar,100,73,37,19,229,0,10,122,2,134,100,83,159,21,363,212,36,248,611
07/08/2007,TUS,AZ,AWP,WE,Towers with Radar,106,66,47,12,231,1,15,158,2,176,107,81,205,14,407,146,8,154,561
07/09/2007,TUS,AZ,AWP,WE,Towers with Radar,107,66,117,8,298,0,5,59,0,64,107,71,176,8,362,184,0,184,546
07/10/2007,TUS,AZ,AWP,WE,Towers with Radar,118,73,113,76,380,0,8,88,0,96,118,81,201,76,476,228,48,276,752
07/11/2007,TUS,AZ,AWP,WE,Towers with Radar,112,80,52,73,317,1,6,133,17,157,113,86,185,90,474,158,130,288,762
07/12/2007,TUS,AZ,AWP,WE,Towers with Radar,118,76,43,41,278,0,0,0,0,0,118,76,43,41,278,240,16,256,534
07/13/2007,TUS,AZ,AWP,WE,Towers with Radar,116,73,42,65,296,0,10,153,20,183,116,83,195,85,479,176,34,210,689
07/14/2007,TUS,AZ,AWP,WE,Towers with Radar,104,70,28,1,203,1,15,127,0,143,105,85,155,1,346,162,0,162,508
07/15/2007,TUS,AZ,AWP,WE,Towers with Radar,111,72,41,0,224,0,15,83,1,99,111,87,124,1,323,38,0,38,361
07/16/2007,TUS,AZ,AWP,WE,Towers with Radar,141,64,45,56,306,1,16,117,11,145,142,80,162,67,451,268,48,316,767
07/17/2007,TUS,AZ,AWP,WE,Towers with Radar,118,76,44,60,298,0,13,122,20,155,118,89,166,80,453,242,80,322,775
07/18/2007,TUS,AZ,AWP,WE,Towers with Radar,114,69,40,73,296,1,6,130,14,151,115,75,170,87,447,224,114,338,785
07/19/2007,TUS,AZ,AWP,WE,Towers with Radar,120,67,59,69,315,0,13,146,13,172,120,80,205,82,487,194,68,262,749
07/20/2007,TUS,AZ,AWP,WE,Towers with Radar,124,74,42,64,304,1,4,90,11,106,125,78,132,75,410,280,84,364,774
07/21/2007,TUS,AZ,AWP,WE,Towers with Radar,102,72,38,0,212,0,18,128,0,146,102,90,166,0,358,218,0,218,576
07/22/2007,TUS,AZ,AWP,WE,Towers with Radar,112,69,44,2,227,0,2,84,0,86,112,71,128,2,313,84,0,84,397
07/23/2007,TUS,AZ,AWP,WE,Towers with Radar,115,76,81,87,359,0,12,59,0,71,115,88,140,87,430,222,32,254,684
07/24/2007,TUS,AZ,AWP,WE,Towers with Radar,115,80,78,78,351,2,5,67,0,74,117,85,145,78,425,256,78,334,759
07/25/2007,TUS,AZ,AWP,WE,Towers with Radar,121,82,67,42,312,0,19,133,8,160,121,101,200,50,472,270,30,300,772
07/26/2007,TUS,AZ,AWP,WE,Towers with Radar,116,72,53,48,289,0,18,140,16,174,116,90,193,64,463,322,68,390,853
07/27/2007,TUS,AZ,AWP,WE,Towers with Radar,118,69,40,50,277,0,12,125,18,155,118,81,165,68,432,312,46,358,790
07/28/2007,TUS,AZ,AWP,WE,Towers with Radar,103,66,22,10,201,0,11,89,0,100,103,77,111,10,301,160,10,170,471
07/29/2007,TUS,AZ,AWP,WE,Towers with Radar,108,63,51,0,222,0,11,140,1,152,108,74,191,1,374,194,0,194,568
07/30/2007,TUS,AZ,AWP,WE,Towers with Radar,130,73,101,62,366,0,9,42,0,51,130,82,143,62,417,156,38,194,611
07/31/2007,TUS,AZ,AWP,WE,Towers with Radar,121,77,55,48,301,2,16,130,26,174,123,93,185,74,475,184,96,280,755
08/01/2007,TUS,AZ,AWP,WE,Towers with Radar,117,74,65,57,313,0,9,138,17,164,117,83,203,74,477,186,96,282,759
08/02/2007,TUS,AZ,AWP,WE,Towers with Radar,117,69,50,69,305,0,8,143,11,162,117,77,193,80,467,288,80,368,835
08/03/2007,TUS,AZ,AWP,WE,Towers with Radar,113,84,56,55,308,0,8,116,15,139,113,92,172,70,447,202,58,260,707
08/04/2007,TUS,AZ,AWP,WE,Towers with Radar,105,80,33,50,268,0,10,114,12,136,105,90,147,62,404,140,58,198,602
08/05/2007,TUS,AZ,AWP,WE,Towers with Radar,110,65,44,20,239,0,9,100,3,112,110,74,144,23,351,82,6,88,439
08/06/2007,TUS,AZ,AWP,WE,Towers with Radar,116,72,60,23,271,0,10,41,3,54,116,82,101,26,325,48,8,56,381
08/07/2007,TUS,AZ,AWP,WE,Towers with Radar,116,67,66,63,312,0,13,137,20,170,116,80,203,83,482,200,108,308,790
08/08/2007,TUS,AZ,AWP,WE,Towers with Radar,117,74,71,68,330,0,16,185,33,234,117,90,256,101,564,292,98,390,954
08/09/2007,TUS,AZ,AWP,WE,Towers with Radar,119,75,47,49,290,0,8,146,16,170,119,83,193,65,460,192,66,258,718
08/10/2007,TUS,AZ,AWP,WE,Towers with Radar,120,73,43,56,292,0,28,142,21,191,120,101,185,77,483,168,40,208,691
08/11/2007,TUS,AZ,AWP,WE,Towers with Radar,103,86,35,0,224,0,12,148,0,160,103,98,183,0,384,230,0,230,614
08/12/2007,TUS,AZ,AWP,WE,Towers with Radar,108,76,56,0,240,0,14,147,1,162,108,90,203,1,402,148,0,148,550
08/13/2007,TUS,AZ,AWP,WE,Towers with Radar,118,60,48,55,281,0,19,98,16,133,118,79,146,71,414,136,44,180,594
08/14/2007,TUS,AZ,AWP,WE,Towers with Radar,119,74,41,65,299,0,10,139,18,167,119,84,180,83,466,202,58,260,726
08/15/2007,TUS,AZ,AWP,WE,Towers with Radar,116,86,42,52,296,0,16,119,22,157,116,102,161,74,453,212,46,258,711
08/16/2007,TUS,AZ,AWP,WE,Towers with Radar,120,87,62,69,338,0,9,144,40,193,120,96,206,109,531,130,58,188,719
08/17/2007,TUS,AZ,AWP,WE,Towers with Radar,116,71,52,48,287,0,27,152,33,212,116,98,204,81,499,200,46,246,745
08/18/2007,TUS,AZ,AWP,WE,Towers with Radar,102,73,34,2,211,0,12,137,0,149,102,85,171,2,360,230,0,230,590
08/19/2007,TUS,AZ,AWP,WE,Towers with Radar,111,72,35,4,222,0,24,110,0,134,111,96,145,4,356,60,0,60,416
08/20/2007,TUS,AZ,AWP,WE,Towers with Radar,112,74,52,71,309,1,22,100,30,153,113,96,152,101,462,134,78,212,674
08/21/2007,TUS,AZ,AWP,WE,Towers with Radar,110,69,106,103,388,0,13,81,0,94,110,82,187,103,482,192,90,282,764
08/22/2007,TUS,AZ,AWP,WE,Towers with Radar,110,72,54,63,299,0,26,134,21,181,110,98,188,84,480,140,134,274,754
08/23/2007,TUS,AZ,AWP,WE,Towers with Radar,103,74,45,59,281,1,10,138,24,173,104,84,183,83,454,188,40,228,682
08/24/2007,TUS,AZ,AWP,WE,Towers with Radar,121,74,37,51,283,0,13,99,13,125,121,87,136,64,408,172,52,224,632
08/25/2007,TUS,AZ,AWP,WE,Towers with Radar,96,68,33,0,197,0,11,101,1,113,96,79,134,1,310,192,0,192,502
08/26/2007,TUS,AZ,AWP,WE,Towers with Radar,106,61,33,2,202,0,16,110,2,128,106,77,143,4,330,128,0,128,458
08/27/2007,TUS,AZ,AWP,WE,Towers with Radar,109,60,59,71,299,0,18,139,25,182,109,78,198,96,481,250,54,304,785
08/28/2007,TUS,AZ,AWP,WE,Towers with Radar,111,75,49,75,310,0,25,143,24,192,111,100,192,99,502,178,76,254,756
08/29/2007,TUS,AZ,AWP,WE,Towers with Radar,113,80,46,55,294,0,20,143,18,181,113,100,189,73,475,150,44,194,669
08/30/2007,TUS,AZ,AWP,WE,Towers with Radar,109,77,39,21,246,0,6,152,8,166,109,83,191,29,412,214,2,216,628
08/31/2007,TUS,AZ,AWP,WE,Towers with Radar,113,81,58,36,288,0,16,177,17,210,113,97,235,53,498,158,6,164,662
09/01/2007,TUS,AZ,AWP,WE,Towers with Radar,100,58,22,2,182,0,8,128,12,148,100,66,150,14,330,160,0,160,490
09/02/2007,TUS,AZ,AWP,WE,Towers with Radar,84,57,38,0,179,0,7,95,5,107,84,64,133,5,286,76,0,76,362
09/03/2007,TUS,AZ,AWP,WE,Towers with Radar,101,68,43,6,218,0,6,115,17,138,101,74,158,23,356,130,0,130,486
09/04/2007,TUS,AZ,AWP,WE,Towers with Radar,108,82,107,23,320,0,9,71,0,80,108,91,178,23,400,144,0,144,544
09/05/2007,TUS,AZ,AWP,WE,Towers with Radar,124,71,35,0,230,2,20,126,0,148,126,91,161,0,378,136,0,136,514
09/06/2007,TUS,AZ,AWP,WE,Towers with Radar,124,76,36,0,236,0,26,88,1,115,124,102,124,1,351,102,2,104,455
09/07/2007,TUS,AZ,AWP,WE,Towers with Radar,124,76,44,5,249,0,24,119,0,143,124,100,163,5,392,266,0,266,658
09/08/2007,TUS,AZ,AWP,WE,Towers with Radar,107,62,24,2,195,0,20,129,2,151,107,82,153,4,346,236,0,236,582
09/09/2007,TUS,AZ,AWP,WE,Towers with Radar,111,74,34,3,222,0,2,143,3,148,111,76,177,6,370,108,0,108,478
09/10/2007,TUS,AZ,AWP,WE,Towers with Radar,108,80,43,2,233,0,19,117,0,136,108,99,160,2,369,154,0,154,523
09/11/2007,TUS,AZ,AWP,WE,Towers with Radar,119,84,111,0,314,0,12,82,0,94,119,96,193,0,408,188,0,188,596
09/12/2007,TUS,AZ,AWP,WE,Towers with Radar,118,68,35,3,224,0,22,134,0,156,118,90,169,3,380,156,0,156,536
09/13/2007,TUS,AZ,AWP,WE,Towers with Radar,118,74,56,1,249,1,19,144,2,166,119,93,200,3,415,88,0,88,503
09/14/2007,TUS,AZ,AWP,WE,Towers with Radar,123,77,46,6,252,1,21,179,0,201,124,98,225,6,453,100,0,100,553
09/15/2007,TUS,AZ,AWP,WE,Towers with Radar,110,78,28,1,217,4,15,141,0,160,114,93,169,1,377,108,0,108,485
09/16/2007,TUS,AZ,AWP,WE,Towers with Radar,111,73,29,2,215,1,21,110,0,132,112,94,139,2,347,94,0,94,441
09/17/2007,TUS,AZ,AWP,WE,Towers with Radar,110,76,27,1,214,1,6,128,4,139,111,82,155,5,353,92,0,92,445
09/18/2007,TUS,AZ,AWP,WE,Towers with Radar,118,67,79,13,277,0,8,109,0,117,118,75,188,13,394,120,0,120,514
09/19/2007,TUS,AZ,AWP,WE,Towers with Radar,121,81,49,2,253,1,18,178,4,201,122,99,227,6,454,218,0,218,672
09/20/2007,TUS,AZ,AWP,WE,Towers with Radar,121,82,50,1,254,2,16,143,4,165,123,98,193,5,419,170,0,170,589
09/21/2007,TUS,AZ,AWP,WE,Towers with Radar,118,73,48,11,250,3,18,144,3,168,121,91,192,14,418,186,0,186,604
09/22/2007,TUS,AZ,AWP,WE,Towers with Radar,113,73,35,0,221,0,9,132,2,143,113,82,167,2,364,118,0,118,482
09/23/2007,TUS,AZ,AWP,WE,Towers with Radar,109,68,48,7,232,2,10,93,9,114,111,78,141,16,346,78,0,78,424
09/24/2007,TUS,AZ,AWP,WE,Towers with Radar,117,78,56,7,258,2,14,147,8,171,119,92,203,15,429,90,0,90,519
09/25/2007,TUS,AZ,AWP,WE,Towers with Radar,119,65,40,6,230,1,19,137,5,162,120,84,177,11,392,144,0,144,536
09/26/2007,TUS,AZ,AWP,WE,Towers with Radar,115,67,30,1,213,2,25,136,3,166,117,92,166,4,379,194,0,194,573
09/27/2007,TUS,AZ,AWP,WE,Towers with Radar,119,77,53,2,251,1,15,148,5,169,120,92,201,7,420,120,0,120,540
09/28/2007,TUS,AZ,AWP,WE,Towers with Radar,125,70,48,5,248,0,31,152,8,191,125,101,200,13,439,136,0,136,575
09/29/2007,TUS,AZ,AWP,WE,Towers with Radar,110,76,30,2,218,1,19,138,1,159,111,95,168,3,377,200,0,200,577
09/30/2007,TUS,AZ,AWP,WE,Towers with Radar,117,78,40,6,241,0,9,126,3,138,117,87,166,9,379,188,0,188,567
10/01/2007,TUS,AZ,AWP,WE,Towers with Radar,115,77,40,19,251,0,9,87,8,104,115,89,127,27,358,198,20,218,578
10/02/2007,TUS,AZ,AWP,WE,Towers with Radar,117,77,128,86,408,0,0,51,0,51,117,137,179,86,519,166,60,226,945
10/03/2007,TUS,AZ,AWP,WE,Towers with Radar,118,74,59,48,299,0,14,162,17,193,118,94,221,65,498,134,28,162,688
10/04/2007,TUS,AZ,AWP,WE,Towers with Radar,122,86,52,74,334,0,15,130,20,165,122,106,182,94,504,224,66,290,809
10/05/2007,TUS,AZ,AWP,WE,Towers with Radar,122,79,49,35,285,0,13,122,12,147,122,94,171,47,434,190,30,220,655
10/06/2007,TUS,AZ,AWP,WE,Towers with Radar,110,72,37,0,219,0,13,137,0,150,110,90,174,0,374,216,0,216,615
10/07/2007,TUS,AZ,AWP,WE,Towers with Radar,108,68,50,0,226,1,17,132,0,150,109,144,182,0,435,272,0,272,850
10/08/2007,TUS,AZ,AWP,WE,Towers with Radar,112,65,56,2,235,0,18,140,0,158,112,83,196,2,393,226,0,226,619
10/09/2007,TUS,AZ,AWP,WE,Towers with Radar,120,71,42,52,285,0,18,113,11,142,120,92,155,63,430,400,62,462,894
10/10/2007,TUS,AZ,AWP,WE,Towers with Radar,118,71,38,63,290,0,9,153,16,178,118,80,191,79,468,200,60,260,728
10/11/2007,TUS,AZ,AWP,WE,Towers with Radar,115,72,51,49,287,0,15,163,20,198,115,92,214,69,490,286,116,402,906
10/12/2007,TUS,AZ,AWP,WE,Towers with Radar,128,82,55,44,309,0,12,160,21,193,128,99,215,65,507,262,56,318,826
10/13/2007,TUS,AZ,AWP,WE,Towers with Radar,109,73,44,48,274,2,27,158,22,209,111,106,202,70,489,262,56,318,825
10/14/2007,TUS,AZ,AWP,WE,Towers with Radar,104,75,63,27,269,0,5,161,4,170,104,122,224,31,481,162,20,182,782
10/15/2007,TUS,AZ,AWP,WE,Towers with Radar,107,84,55,6,252,0,21,161,2,184,107,108,216,8,439,314,0,314,755
10/16/2007,TUS,AZ,AWP,WE,Towers with Radar,117,82,131,68,398,0,13,63,0,76,117,145,194,68,524,334,64,398,1156
10/17/2007,TUS,AZ,AWP,WE,Towers with Radar,116,84,49,60,309,0,13,145,12,170,116,97,194,72,479,266,48,314,793
10/18/2007,TUS,AZ,AWP,WE,Towers with Radar,118,80,59,49,306,0,13,167,20,200,118,95,226,69,508,292,34,326,864
10/19/2007,TUS,AZ,AWP,WE,Towers with Radar,120,84,73,47,324,0,16,157,30,203,120,104,230,77,531,266,76,342,874
10/20/2007,TUS,AZ,AWP,WE,Towers with Radar,112,72,51,0,235,0,7,170,0,177,112,82,221,0,415,238,0,238,677
10/21/2007,TUS,AZ,AWP,WE,Towers with Radar,111,92,53,1,257,0,9,111,1,121,111,102,164,2,379,114,0,114,523
10/22/2007,TUS,AZ,AWP,WE,Towers with Radar,113,77,48,41,279,0,12,75,20,107,113,91,123,61,388,60,94,154,543
10/23/2007,TUS,AZ,AWP,WE,Towers with Radar,113,77,78,62,330,0,12,107,26,145,113,95,185,88,481,44,88,132,616
10/24/2007,TUS,AZ,AWP,WE,Towers with Radar,119,80,42,54,295,0,20,102,22,144,119,110,144,76,449,16,56,72,537
10/25/2007,TUS,AZ,AWP,WE,Towers with Radar,124,77,60,52,313,0,21,171,11,203,124,119,231,63,537,234,32,266,811
10/26/2007,TUS,AZ,AWP,WE,Towers with Radar,124,73,74,54,325,0,15,154,25,194,124,92,228,79,523,212,58,270,795
10/27/2007,TUS,AZ,AWP,WE,Towers with Radar,112,69,59,0,240,0,7,210,1,218,112,84,269,1,466,288,0,288,778
10/28/2007,TUS,AZ,AWP,WE,Towers with Radar,109,73,70,0,252,0,11,149,1,161,109,87,219,1,416,130,0,130,547
10/29/2007,TUS,AZ,AWP,WE,Towers with Radar,109,80,58,59,306,0,12,142,17,171,109,98,200,76,483,210,58,268,752
10/30/2007,TUS,AZ,AWP,WE,Towers with Radar,116,87,101,84,388,0,8,92,0,100,116,203,193,84,596,232,32,264,1125
10/31/2007,TUS,AZ,AWP,WE,Towers with Radar,119,72,45,54,290,0,16,161,33,210,119,104,206,87,516,314,32,346,890
11/01/2007,TUS,AZ,AWP,WE,Towers with Radar,121,77,78,55,331,0,27,193,26,246,121,119,271,81,592,286,40,326,967
11/02/2007,TUS,AZ,AWP,WE,Towers with Radar,119,77,67,59,322,0,13,199,34,246,119,92,266,93,570,366,44,410,981
11/03/2007,TUS,AZ,AWP,WE,Towers with Radar,136,102,56,2,296,0,8,304,6,318,136,118,360,8,622,380,0,380,1035
11/04/2007,TUS,AZ,AWP,WE,Towers with Radar,110,77,60,29,276,0,13,185,34,232,110,93,245,63,511,238,16,254,767
11/05/2007,TUS,AZ,AWP,WE,Towers with Radar,120,69,67,2,258,0,18,152,6,176,120,90,219,8,437,332,0,332,771
11/06/2007,TUS,AZ,AWP,WE,Towers with Radar,121,74,59,52,306,0,8,140,20,168,121,86,199,72,478,302,32,334,814
11/07/2007,TUS,AZ,AWP,WE,Towers with Radar,117,84,71,52,324,0,20,190,43,253,117,104,261,95,577,280,74,354,931
11/08/2007,TUS,AZ,AWP,WE,Towers with Radar,127,87,79,69,362,2,11,185,35,233,129,119,264,104,616,200,48,248,872
11/09/2007,TUS,AZ,AWP,WE,Towers with Radar,129,97,66,58,350,2,19,183,19,223,131,120,249,77,577,246,18,264,842
11/10/2007,TUS,AZ,AWP,WE,Towers with Radar,112,74,39,1,226,0,5,165,1,171,112,85,204,2,403,288,0,288,706
11/11/2007,TUS,AZ,AWP,WE,Towers with Radar,116,62,48,3,229,0,16,159,0,175,116,80,207,3,406,236,0,236,669
11/12/2007,TUS,AZ,AWP,WE,Towers with Radar,120,66,72,14,272,0,12,139,7,158,120,79,211,21,431,372,10,382,813
11/13/2007,TUS,AZ,AWP,WE,Towers with Radar,118,59,144,102,423,0,26,75,0,101,118,193,219,102,632,407,56,463,1404
11/14/2007,TUS,AZ,AWP,WE,Towers with Radar,123,75,66,74,338,0,9,190,32,231,123,99,256,106,584,362,26,388,1015
11/15/2007,TUS,AZ,AWP,WE,Towers with Radar,125,79,99,62,365,0,18,92,31,141,125,105,191,93,514,84,44,128,642
11/16/2007,TUS,AZ,AWP,WE,Towers with Radar,125,82,70,58,335,0,10,167,26,203,125,96,237,84,542,308,36,344,912
11/17/2007,TUS,AZ,AWP,WE,Towers with Radar,113,72,58,8,251,0,12,196,5,213,113,90,254,13,470,504,36,540,1028
11/18/2007,TUS,AZ,AWP,WE,Towers with Radar,112,67,63,3,245,0,9,182,2,193,112,79,245,5,441,270,0,270,731
11/19/2007,TUS,AZ,AWP,WE,Towers with Radar,112,70,54,55,291,0,19,171,20,210,112,91,225,75,503,258,22,280,783
11/20/2007,TUS,AZ,AWP,WE,Towers with Radar,125,70,71,56,322,0,16,145,26,187,125,87,216,82,510,384,80,464,974
11/21/2007,TUS,AZ,AWP,WE,Towers with Radar,126,77,61,32,296,0,15,178,17,210,126,92,239,49,506,260,12,272,778
11/22/2007,TUS,AZ,AWP,WE,Towers with Radar,86,58,25,0,169,0,8,61,0,69,86,67,86,0,239,8,0,8,258
11/23/2007,TUS,AZ,AWP,WE,Towers with Radar,112,62,53,0,227,0,14,112,1,127,112,81,165,1,359,244,0,244,604
11/24/2007,TUS,AZ,AWP,WE,Towers with Radar,107,80,41,0,228,0,6,131,1,138,107,88,172,1,368,224,0,224,598
11/25/2007,TUS,AZ,AWP,WE,Towers with Radar,114,88,85,0,287,0,15,169,5,189,115,105,254,5,479,216,0,216,716
11/26/2007,TUS,AZ,AWP,WE,Towers with Radar,120,73,55,52,300,1,6,116,18,141,121,79,171,70,441,240,60,300,741
11/27/2007,TUS,AZ,AWP,WE,Towers with Radar,125,73,105,75,378,0,3,125,0,128,125,152,230,75,582,220,52,272,1130
11/28/2007,TUS,AZ,AWP,WE,Towers with Radar,126,71,46,52,295,0,10,165,11,186,126,88,211,63,488,302,44,346,859
11/29/2007,TUS,AZ,AWP,WE,Towers with Radar,127,82,75,27,311,2,13,84,10,109,129,100,159,37,425,162,0,162,597
11/30/2007,TUS,AZ,AWP,WE,Towers with Radar,118,83,64,45,310,0,4,63,5,72,118,87,127,50,382,336,22,358,740
12/01/2007,TUS,AZ,AWP,WE,Towers with Radar,114,69,52,17,252,0,3,21,4,28,114,74,73,21,282,22,6,28,312
12/02/2007,TUS,AZ,AWP,WE,Towers with Radar,110,66,53,30,259,0,10,159,5,174,110,80,212,35,437,269,26,295,766
12/03/2007,TUS,AZ,AWP,WE,Towers with Radar,122,67,63,4,256,0,6,123,5,134,122,76,186,9,393,144,2,146,540
12/04/2007,TUS,AZ,AWP,WE,Towers with Radar,118,72,67,53,310,0,10,176,21,207,118,87,243,74,522,0,0,0,546
12/05/2007,TUS,AZ,AWP,WE,Towers with Radar,118,78,137,92,425,0,7,92,0,99,118,141,229,92,580,0,0,0,856
12/06/2007,TUS,AZ,AWP,WE,Towers with Radar,120,82,75,61,338,0,15,149,28,192,120,112,224,89,545,269,30,299,873
12/07/2007,TUS,AZ,AWP,WE,Towers with Radar,118,66,41,60,285,0,9,72,21,102,118,76,113,81,388,49,17,66,463
12/08/2007,TUS,AZ,AWP,WE,Towers with Radar,112,76,48,0,236,0,6,72,1,79,113,84,120,1,318,112,0,112,443
12/09/2007,TUS,AZ,AWP,WE,Towers with Radar,110,72,45,0,227,0,14,97,0,111,110,88,142,0,340,264,0,264,650
12/10/2007,TUS,AZ,AWP,WE,Towers with Radar,123,68,69,26,286,0,8,80,16,104,123,84,149,42,398,116,32,148,549
12/11/2007,TUS,AZ,AWP,WE,Towers with Radar,115,76,51,20,262,0,1,41,0,42,116,77,92,20,305,278,6,284,597
12/12/2007,TUS,AZ,AWP,WE,Towers with Radar,128,72,80,49,329,0,15,118,22,155,128,117,198,71,514,276,40,316,845
12/13/2007,TUS,AZ,AWP,WE,Towers with Radar,127,66,66,39,298,0,7,192,23,222,127,91,258,62,538,368,50,418,983
12/14/2007,TUS,AZ,AWP,WE,Towers with Radar,120,71,48,70,309,0,11,161,19,191,120,85,209,89,503,388,56,444,960
12/15/2007,TUS,AZ,AWP,WE,Towers with Radar,108,68,40,1,217,0,16,273,2,291,108,89,313,3,513,270,6,276,800
12/16/2007,TUS,AZ,AWP,WE,Towers with Radar,109,71,64,0,244,0,9,157,1,167,109,84,221,1,415,74,0,74,502
12/17/2007,TUS,AZ,AWP,WE,Towers with Radar,110,70,47,44,271,0,13,145,28,186,110,87,192,72,461,384,72,456,934
12/18/2007,TUS,AZ,AWP,WE,Towers with Radar,115,77,44,47,283,0,17,194,32,243,115,99,238,79,531,374,40,414,966
12/19/2007,TUS,AZ,AWP,WE,Towers with Radar,119,79,53,47,298,0,8,221,22,251,119,92,274,69,554,325,38,363,937
12/20/2007,TUS,AZ,AWP,WE,Towers with Radar,123,84,73,47,327,0,16,191,19,226,123,112,264,66,565,335,50,385,985
12/21/2007,TUS,AZ,AWP,WE,Towers with Radar,116,91,59,33,299,0,14,112,6,132,116,107,171,39,433,162,0,162,610
12/22/2007,TUS,AZ,AWP,WE,Towers with Radar,110,82,54,0,246,0,12,313,1,326,110,97,367,1,575,146,0,146,737
12/23/2007,TUS,AZ,AWP,WE,Towers with Radar,117,83,36,0,236,0,10,122,2,134,117,99,158,2,376,230,0,230,626
12/24/2007,TUS,AZ,AWP,WE,Towers with Radar,102,64,18,0,184,0,18,74,0,92,102,87,92,0,281,72,0,72,362
12/25/2007,TUS,AZ,AWP,WE,Towers with Radar,99,69,11,1,180,0,6,28,1,35,99,79,39,2,219,92,0,92,318
12/26/2007,TUS,AZ,AWP,WE,Towers with Radar,122,82,44,22,270,0,19,159,19,197,122,105,203,41,471,154,58,212,696
12/27/2007,TUS,AZ,AWP,WE,Towers with Radar,121,86,71,36,314,0,19,130,17,166,121,110,201,53,485,232,30,262,771
12/28/2007,TUS,AZ,AWP,WE,Towers with Radar,129,84,64,26,303,0,25,172,23,220,129,113,236,49,527,180,6,186,733
12/29/2007,TUS,AZ,AWP,WE,Towers with Radar,120,88,48,1,257,0,17,152,2,171,120,107,200,3,430,190,0,190,642
12/30/2007,TUS,AZ,AWP,WE,Towers with Radar,117,83,62,2,264,0,5,156,2,163,117,91,218,4,430,196,0,196,641
12/31/2007,TUS,AZ,AWP,WE,Towers with Radar,105,63,36,15,219,0,23,125,6,154,105,86,161,21,373,308,28,336,725
01/01/2008,TUS,AZ,AWP,WE,Towers with Radar,114,83,33,0,230,0,14,48,0,62,114,98,81,0,293,20,0,20,319
01/02/2008,TUS,AZ,AWP,WE,Towers with Radar,124,89,65,4,282,0,15,83,2,100,124,109,148,6,387,10,0,10,409
01/03/2008,TUS,AZ,AWP,WE,Towers with Radar,127,79,65,44,315,0,18,147,16,181,127,98,212,60,497,322,22,344,865
01/04/2008,TUS,AZ,AWP,WE,Towers with Radar,125,82,66,52,325,0,8,145,15,168,125,95,211,67,498,236,40,276,793
01/05/2008,TUS,AZ,AWP,WE,Towers with Radar,106,74,52,41,273,0,11,148,20,179,106,91,200,61,458,214,30,244,718
01/06/2008,TUS,AZ,AWP,WE,Towers with Radar,115,76,59,29,279,0,10,67,0,77,115,88,126,29,358,50,22,72,435
01/07/2008,TUS,AZ,AWP,WE,Towers with Radar,125,83,47,7,262,0,14,42,2,58,125,101,89,9,324,12,6,18,353
01/08/2008,TUS,AZ,AWP,WE,Towers with Radar,118,85,45,53,301,0,10,138,14,162,118,99,183,67,467,244,64,308,795
01/09/2008,TUS,AZ,AWP,WE,Towers with Radar,122,70,73,45,310,0,13,140,11,164,122,89,213,56,480,196,28,224,725
01/10/2008,TUS,AZ,AWP,WE,Towers with Radar,127,82,65,41,315,0,29,201,24,254,127,118,266,65,576,386,44,430,1026
01/11/2008,TUS,AZ,AWP,WE,Towers with Radar,126,74,50,44,294,0,22,174,21,217,126,106,224,65,521,320,46,366,905
01/12/2008,TUS,AZ,AWP,WE,Towers with Radar,103,70,46,3,222,0,14,227,0,241,103,92,273,3,471,316,0,316,801
01/13/2008,TUS,AZ,AWP,WE,Towers with Radar,117,82,48,2,249,1,17,153,2,173,118,112,201,4,435,182,0,182,639
01/14/2008,TUS,AZ,AWP,WE,Towers with Radar,119,74,57,64,314,0,4,111,16,131,119,81,168,80,448,176,66,242,718
01/15/2008,TUS,AZ,AWP,WE,Towers with Radar,118,77,88,59,342,0,21,195,24,240,118,105,283,83,589,364,34,398,1010
01/16/2008,TUS,AZ,AWP,WE,Towers with Radar,119,88,70,58,335,1,13,171,21,206,120,106,241,79,546,288,30,318,900
01/17/2008,TUS,AZ,AWP,WE,Towers with Radar,124,84,62,52,322,0,17,171,20,208,124,109,233,72,538,238,70,308,868
01/18/2008,TUS,AZ,AWP,WE,Towers with Radar,130,78,68,31,307,0,19,207,9,235,130,104,275,40,549,261,40,301,880
01/19/2008,TUS,AZ,AWP,WE,Towers with Radar,99,82,62,5,248,0,23,240,1,264,99,113,302,6,520,210,0,210,754
01/20/2008,TUS,AZ,AWP,WE,Towers with Radar,117,73,44,4,238,0,16,146,1,163,117,95,190,5,407,216,0,216,642
01/21/2008,TUS,AZ,AWP,WE,Towers with Radar,119,80,48,0,247,0,13,159,1,173,119,95,207,1,422,180,0,180,620
01/22/2008,TUS,AZ,AWP,WE,Towers with Radar,123,66,84,41,314,0,16,179,8,203,123,116,263,49,551,378,16,394,972
01/23/2008,TUS,AZ,AWP,WE,Towers with Radar,125,80,60,41,306,0,16,147,14,177,125,101,207,55,488,234,24,258,783
01/24/2008,TUS,AZ,AWP,WE,Towers with Radar,126,92,54,58,330,0,12,102,6,120,126,110,156,64,456,200,22,222,713
01/25/2008,TUS,AZ,AWP,WE,Towers with Radar,126,85,72,39,322,0,17,152,17,186,126,108,224,56,514,234,54,288,830
01/26/2008,TUS,AZ,AWP,WE,Towers with Radar,102,75,44,0,221,0,21,178,5,204,102,104,222,5,433,200,0,200,665
01/27/2008,TUS,AZ,AWP,WE,Towers with Radar,116,84,59,5,264,0,5,56,1,62,116,93,115,6,330,156,0,156,493
01/28/2008,TUS,AZ,AWP,WE,Towers with Radar,122,77,48,49,296,0,10,75,13,98,122,93,123,62,400,112,28,140,559
01/29/2008,TUS,AZ,AWP,WE,Towers with Radar,112,72,60,47,291,0,18,156,21,195,112,97,216,68,493,322,66,388,905
01/30/2008,TUS,AZ,AWP,WE,Towers with Radar,126,75,69,52,322,0,19,121,17,157,126,100,190,69,485,206,32,238,747
01/31/2008,TUS,AZ,AWP,WE,Towers with Radar,125,81,78,56,340,1,12,166,20,199,126,100,244,76,546,352,20,372,937
02/01/2008,TUS,AZ,AWP,WE,Towers with Radar,128,100,68,65,361,0,14,165,23,202,128,131,233,88,580,268,48,316,915
02/02/2008,TUS,AZ,AWP,WE,Towers with Radar,106,84,46,44,280,1,9,242,23,275,107,95,288,67,557,240,50,290,872
02/03/2008,TUS,AZ,AWP,WE,Towers with Radar,110,86,56,16,268,0,3,94,5,102,110,91,150,21,372,74,0,74,460
02/04/2008,TUS,AZ,AWP,WE,Towers with Radar,121,101,65,5,292,0,5,25,3,33,121,111,90,8,330,86,0,86,433
02/05/2008,TUS,AZ,AWP,WE,Towers with Radar,125,80,62,49,316,0,11,130,35,176,125,98,192,84,499,150,44,194,713
02/06/2008,TUS,AZ,AWP,WE,Towers with Radar,122,76,79,46,323,0,16,146,19,181,122,100,225,65,512,146,28,174,704
02/07/2008,TUS,AZ,AWP,WE,Towers with Radar,128,77,63,47,315,0,14,131,17,162,128,97,194,64,483,110,36,146,644
02/08/2008,TUS,AZ,AWP,WE,Towers with Radar,129,64,54,56,303,0,18,188,21,227,129,89,242,77,537,78,24,102,653
02/09/2008,TUS,AZ,AWP,WE,Towers with Radar,99,78,52,2,231,0,15,245,3,263,99,95,297,5,496,208,32,240,758
02/10/2008,TUS,AZ,AWP,WE,Towers with Radar,116,77,67,0,260,0,18,168,7,193,116,95,235,7,453,162,0,162,631
02/11/2008,TUS,AZ,AWP,WE,Towers with Radar,124,80,51,45,300,0,17,122,18,157,124,104,173,63,464,174,32,206,691
02/12/2008,TUS,AZ,AWP,WE,Towers with Radar,125,77,60,49,311,0,35,134,33,202,125,120,194,82,521,140,48,188,739
02/13/2008,TUS,AZ,AWP,WE,Towers with Radar,132,68,82,48,330,0,17,141,19,177,132,91,223,67,513,214,16,230,761
02/14/2008,TUS,AZ,AWP,WE,Towers with Radar,129,86,52,40,307,0,15,58,15,88,129,105,110,55,399,88,22,110,524
02/15/2008,TUS,AZ,AWP,WE,Towers with Radar,135,76,58,19,288,0,1,26,1,28,136,77,84,20,317,8,0,8,327
02/16/2008,TUS,AZ,AWP,WE,Towers with Radar,105,80,54,0,239,0,10,117,2,129,105,99,171,2,377,312,0,312,707
02/17/2008,TUS,AZ,AWP,WE,Towers with Radar,123,84,73,0,280,0,6,169,0,175,123,100,242,0,465,212,2,214,697
02/18/2008,TUS,AZ,AWP,WE,Towers with Radar,129,76,80,0,285,0,11,151,0,162,129,93,231,0,453,266,0,266,735
02/19/2008,TUS,AZ,AWP,WE,Towers with Radar,130,82,70,49,331,0,22,144,28,194,130,111,214,77,532,214,56,270,814
02/20/2008,TUS,AZ,AWP,WE,Towers with Radar,137,67,70,44,318,0,7,116,17,140,137,77,186,61,461,142,32,174,649
02/21/2008,TUS,AZ,AWP,WE,Towers with Radar,141,75,68,51,335,0,9,130,19,158,141,95,198,70,504,160,62,222,747
02/22/2008,TUS,AZ,AWP,WE,Towers with Radar,135,83,71,43,332,0,19,100,16,135,135,106,171,59,471,140,24,164,655
02/23/2008,TUS,AZ,AWP,WE,Towers with Radar,111,76,56,6,249,0,3,157,2,162,111,85,213,8,417,284,0,284,724
02/24/2008,TUS,AZ,AWP,WE,Towers with Radar,121,76,60,8,265,0,6,126,1,133,121,82,186,9,398,80,0,80,493
02/25/2008,TUS,AZ,AWP,WE,Towers with Radar,134,65,54,43,296,0,16,117,22,155,134,84,171,65,454,106,70,176,664
02/26/2008,TUS,AZ,AWP,WE,Towers with Radar,130,81,54,53,318,0,19,161,42,222,130,110,215,95,550,84,12,96,662
02/27/2008,TUS,AZ,AWP,WE,Towers with Radar,137,70,56,41,304,0,9,208,39,256,137,106,264,80,587,30,12,42,652
02/28/2008,TUS,AZ,AWP,WE,Towers with Radar,134,70,53,49,306,0,17,187,37,241,139,95,240,86,560,154,26,180,764
02/29/2008,TUS,AZ,AWP,WE,Towers with Radar,140,83,77,45,345,0,19,270,33,322,140,106,347,78,671,52,4,56,750
03/01/2008,TUS,AZ,AWP,WE,Towers with Radar,110,77,39,32,258,0,9,169,23,201,110,87,208,55,460,70,14,84,558
03/02/2008,TUS,AZ,AWP,WE,Towers with Radar,131,81,62,17,291,0,7,105,11,123,131,89,167,28,415,63,24,87,517
03/03/2008,TUS,AZ,AWP,WE,Towers with Radar,121,82,58,9,270,0,18,111,11,140,121,102,169,20,412,86,8,94,521
03/04/2008,TUS,AZ,AWP,WE,Towers with Radar,130,69,57,47,303,0,17,133,32,182,130,89,190,79,488,128,66,194,705
03/05/2008,TUS,AZ,AWP,WE,Towers with Radar,135,77,54,43,309,0,19,184,45,248,135,101,238,88,562,222,64,286,875
03/06/2008,TUS,AZ,AWP,WE,Towers with Radar,123,74,82,55,334,0,16,171,31,218,134,96,253,86,569,176,72,248,840
03/07/2008,TUS,AZ,AWP,WE,Towers with Radar,131,76,56,42,305,0,16,198,25,239,131,99,254,67,551,144,14,158,731
03/08/2008,TUS,AZ,AWP,WE,Towers with Radar,114,74,37,0,225,0,17,214,5,236,114,100,251,5,470,132,4,136,626
03/09/2008,TUS,AZ,AWP,WE,Towers with Radar,131,74,67,4,276,0,17,157,5,179,131,102,224,9,466,67,0,67,547
03/10/2008,TUS,AZ,AWP,WE,Towers with Radar,131,67,40,45,283,0,19,126,19,164,131,91,166,64,452,272,44,316,784
03/11/2008,TUS,AZ,AWP,WE,Towers with Radar,132,64,59,47,302,0,11,151,24,186,132,81,210,71,494,143,25,168,677
03/12/2008,TUS,AZ,AWP,WE,Towers with Radar,141,78,70,37,326,3,12,156,16,187,144,100,226,53,523,164,38,202,745
03/13/2008,TUS,AZ,AWP,WE,Towers with Radar,137,76,74,45,332,0,16,174,16,206,137,99,248,61,545,250,82,332,891
03/14/2008,TUS,AZ,AWP,WE,Towers with Radar,136,89,81,42,348,0,27,136,34,197,137,126,217,76,556,120,40,160,735
03/15/2008,TUS,AZ,AWP,WE,Towers with Radar,115,85,47,0,247,0,20,126,4,150,116,112,173,4,405,130,2,132,551
03/16/2008,TUS,AZ,AWP,WE,Towers with Radar,129,87,69,4,289,0,10,59,5,74,130,102,128,9,369,24,0,24,402
03/17/2008,TUS,AZ,AWP,WE,Towers with Radar,136,68,42,48,294,0,17,91,11,119,136,93,133,59,421,94,37,131,570
03/18/2008,TUS,AZ,AWP,WE,Towers with Radar,119,78,60,56,313,0,15,163,14,192,119,98,223,70,510,262,44,306,835
03/19/2008,TUS,AZ,AWP,WE,Towers with Radar,138,79,64,46,327,0,15,184,15,214,138,98,248,61,545,246,28,274,841
03/20/2008,TUS,AZ,AWP,WE,Towers with Radar,130,72,67,48,317,0,22,161,18,201,130,106,228,66,530,402,62,464,1013
03/21/2008,TUS,AZ,AWP,WE,Towers with Radar,132,72,68,28,300,0,12,184,22,218,132,92,252,50,526,228,26,254,805
03/22/2008,TUS,AZ,AWP,WE,Towers with Radar,117,80,46,1,244,0,16,157,2,175,117,105,203,3,428,178,0,178,620
03/23/2008,TUS,AZ,AWP,WE,Towers with Radar,123,87,44,0,254,0,12,147,2,161,123,105,191,2,421,134,0,134,570
03/24/2008,TUS,AZ,AWP,WE,Towers with Radar,134,72,65,42,313,0,9,119,28,156,134,83,184,70,471,120,64,184,674
03/25/2008,TUS,AZ,AWP,WE,Towers with Radar,134,65,52,55,306,0,17,149,48,214,134,87,201,103,525,162,56,218,758
03/26/2008,TUS,AZ,AWP,WE,Towers with Radar,132,76,61,52,321,0,11,168,30,209,132,95,229,82,538,122,101,223,785
03/27/2008,TUS,AZ,AWP,WE,Towers with Radar,135,83,51,51,320,0,16,151,31,198,136,106,202,82,526,152,94,246,791
03/28/2008,TUS,AZ,AWP,WE,Towers with Radar,139,67,77,54,337,0,16,170,30,216,139,96,247,84,566,154,88,242,829
03/29/2008,TUS,AZ,AWP,WE,Towers with Radar,112,81,37,1,231,0,12,175,5,192,112,97,212,6,427,154,2,156,606
03/30/2008,TUS,AZ,AWP,WE,Towers with Radar,124,70,56,7,257,0,7,150,0,157,124,80,206,7,417,96,0,96,535
03/31/2008,TUS,AZ,AWP,WE,Towers with Radar,128,64,73,51,316,0,9,132,47,188,128,77,205,98,508,170,82,252,776
04/01/2008,TUS,AZ,AWP,WE,Towers with Radar,131,58,43,39,271,0,15,146,34,195,131,91,189,73,484,158,78,236,738
04/02/2008,TUS,AZ,AWP,WE,Towers with Radar,138,71,62,48,319,0,11,132,43,186,138,89,194,91,512,144,58,202,733
04/03/2008,TUS,AZ,AWP,WE,Towers with Radar,133,76,56,33,298,0,13,139,39,191,133,93,195,72,493,176,28,204,719
04/04/2008,TUS,AZ,AWP,WE,Towers with Radar,140,73,39,50,302,0,14,160,37,211,140,98,199,87,524,138,30,168,729
04/05/2008,TUS,AZ,AWP,WE,Towers with Radar,111,85,29,35,260,0,9,236,41,286,111,117,265,76,569,122,50,172,758
04/06/2008,TUS,AZ,AWP,WE,Towers with Radar,120,80,44,19,263,0,12,130,11,153,120,100,174,30,424,78,6,84,522
04/07/2008,TUS,AZ,AWP,WE,Towers with Radar,124,73,49,0,246,0,14,119,29,162,124,96,168,29,417,144,2,146,586
04/08/2008,TUS,AZ,AWP,WE,Towers with Radar,117,72,47,46,282,0,13,163,56,232,117,140,210,102,569,236,102,338,924
04/09/2008,TUS,AZ,AWP,WE,Towers with Radar,113,74,50,53,290,0,10,84,50,144,113,99,134,103,449,40,46,86,546
04/10/2008,TUS,AZ,AWP,WE,Towers with Radar,105,68,47,40,260,0,10,148,53,211,105,126,195,93,519,202,34,236,779
04/11/2008,TUS,AZ,AWP,WE,Towers with Radar,125,86,58,44,313,0,25,177,21,223,125,122,235,65,547,212,28,240,799
04/12/2008,TUS,AZ,AWP,WE,Towers with Radar,115,79,50,2,246,0,24,113,1,138,115,111,163,3,392,86,1,87,492
04/13/2008,TUS,AZ,AWP,WE,Towers with Radar,118,72,43,4,237,0,14,137,7,158,118,98,180,11,407,90,0,90,513
04/14/2008,TUS,AZ,AWP,WE,Towers with Radar,122,62,41,45,270,0,9,103,14,126,122,77,144,59,402,82,44,126,548
04/15/2008,TUS,AZ,AWP,WE,Towers with Radar,127,72,48,70,317,0,7,120,19,146,127,81,168,89,465,156,46,202,691
04/16/2008,TUS,AZ,AWP,WE,Towers with Radar,126,74,62,44,306,0,8,109,13,130,126,95,171,57,449,122,8,130,595
04/17/2008,TUS,AZ,AWP,WE,Towers with Radar,127,81,44,55,307,0,15,158,17,190,127,101,202,72,502,180,10,190,716
04/18/2008,TUS,AZ,AWP,WE,Towers with Radar,128,82,57,38,305,0,11,179,13,203,128,97,236,51,512,198,32,230,755
04/19/2008,TUS,AZ,AWP,WE,Towers with Radar,114,63,55,7,239,0,11,190,3,204,114,82,245,10,451,76,0,76,543
04/20/2008,TUS,AZ,AWP,WE,Towers with Radar,124,89,70,4,287,0,4,69,1,74,125,97,139,5,366,98,0,98,485
04/21/2008,TUS,AZ,AWP,WE,Towers with Radar,120,63,39,47,269,0,21,114,19,154,120,90,153,66,429,146,40,186,638
04/22/2008,TUS,AZ,AWP,WE,Towers with Radar,125,68,43,54,290,0,16,143,26,185,125,88,186,80,479,144,64,208,707
04/23/2008,TUS,AZ,AWP,WE,Towers with Radar,127,74,49,42,292,0,13,138,23,174,127,94,187,65,473,176,54,230,731
04/24/2008,TUS,AZ,AWP,WE,Towers with Radar,127,74,74,41,316,0,24,179,16,219,127,112,253,57,549,76,20,96,675
04/25/2008,TUS,AZ,AWP,WE,Towers with Radar,129,75,59,34,297,0,17,159,17,193,129,115,218,51,513,252,36,288,822
04/26/2008,TUS,AZ,AWP,WE,Towers with Radar,120,65,88,0,273,0,12,308,0,320,120,83,396,0,599,222,0,222,835
04/27/2008,TUS,AZ,AWP,WE,Towers with Radar,117,77,78,0,272,0,18,137,1,156,117,96,215,1,429,104,0,104,544
04/28/2008,TUS,AZ,AWP,WE,Towers with Radar,121,78,66,36,301,0,21,117,12,150,121,121,183,48,473,72,34,106,601
04/29/2008,TUS,AZ,AWP,WE,Towers with Radar,121,75,37,36,269,0,13,150,14,177,121,110,187,50,468,186,42,228,720
04/30/2008,TUS,AZ,AWP,WE,Towers with Radar,128,82,60,40,310,0,17,92,20,129,128,101,152,60,441,32,8,40,504
05/01/2008,TUS,AZ,AWP,WE,Towers with Radar,129,81,66,40,316,0,16,116,11,143,129,103,182,51,465,152,26,178,689
05/02/2008,TUS,AZ,AWP,WE,Towers with Radar,127,65,57,45,294,0,22,192,12,226,127,95,249,57,528,162,18,180,722
05/03/2008,TUS,AZ,AWP,WE,Towers with Radar,112,72,42,33,259,0,10,191,21,222,112,84,233,54,483,16,0,16,517
05/04/2008,TUS,AZ,AWP,WE,Towers with Radar,119,70,56,13,258,0,10,118,6,134,119,88,174,19,400,128,2,130,542
05/05/2008,TUS,AZ,AWP,WE,Towers with Radar,124,79,36,4,243,0,18,95,1,114,124,101,131,5,361,98,0,98,475
05/06/2008,TUS,AZ,AWP,WE,Towers with Radar,121,75,47,38,281,0,15,137,33,185,121,92,184,71,468,90,12,102,582
05/07/2008,TUS,AZ,AWP,WE,Towers with Radar,121,72,60,38,291,1,11,275,64,351,122,91,335,102,650,98,18,116,784
05/08/2008,TUS,AZ,AWP,WE,Towers with Radar,129,78,64,45,316,0,20,143,15,178,129,109,207,60,505,240,62,302,838
05/09/2008,TUS,AZ,AWP,WE,Towers with Radar,132,79,47,38,296,0,32,223,39,294,132,111,270,77,590,48,8,56,659
05/10/2008,TUS,AZ,AWP,WE,Towers with Radar,117,69,55,10,251,0,8,247,2,257,117,82,302,12,513,252,4,256,796
05/11/2008,TUS,AZ,AWP,WE,Towers with Radar,112,71,29,3,215,0,9,159,3,171,112,88,188,6,394,111,0,111,520
05/12/2008,TUS,AZ,AWP,WE,Towers with Radar,121,69,49,44,283,0,11,90,18,119,121,87,139,62,409,78,66,144,588
05/13/2008,TUS,AZ,AWP,WE,Towers with Radar,119,77,40,62,298,0,9,90,9,108,119,88,130,71,408,62,98,160,594
05/14/2008,TUS,AZ,AWP,WE,Towers with Radar,124,71,61,50,306,0,17,171,16,204,124,98,232,66,520,230,62,292,844
05/15/2008,TUS,AZ,AWP,WE,Towers with Radar,123,75,70,42,310,0,10,165,30,205,124,91,235,72,522,250,56,306,863
05/16/2008,TUS,AZ,AWP,WE,Towers with Radar,130,74,66,31,301,0,28,168,10,206,130,111,234,41,516,102,30,132,666
05/17/2008,TUS,AZ,AWP,WE,Towers with Radar,105,70,52,5,232,0,9,210,0,219,105,88,262,5,460,162,0,162,651
05/18/2008,TUS,AZ,AWP,WE,Towers with Radar,114,69,69,2,254,0,12,162,6,180,114,84,231,8,437,114,0,114,562
05/19/2008,TUS,AZ,AWP,WE,Towers with Radar,118,66,43,53,280,0,15,114,17,146,120,86,157,70,433,66,34,100,548
05/20/2008,TUS,AZ,AWP,WE,Towers with Radar,119,90,37,56,302,0,20,100,25,145,119,120,137,81,457,168,46,214,681
05/21/2008,TUS,AZ,AWP,WE,Towers with Radar,121,69,32,42,264,1,6,97,12,116,122,78,129,54,383,68,10,78,469
05/22/2008,TUS,AZ,AWP,WE,Towers with Radar,125,67,48,41,281,0,14,72,17,103,125,91,120,58,394,16,18,34,434
05/23/2008,TUS,AZ,AWP,WE,Towers with Radar,123,82,51,19,275,0,10,51,6,67,123,93,102,25,343,10,0,10,364
05/24/2008,TUS,AZ,AWP,WE,Towers with Radar,98,79,52,0,229,0,5,116,1,122,98,93,168,1,360,124,0,124,502
05/25/2008,TUS,AZ,AWP,WE,Towers with Radar,102,56,34,2,194,3,15,127,1,146,105,75,161,3,344,90,0,90,448
05/26/2008,TUS,AZ,AWP,WE,Towers with Radar,105,69,47,1,222,0,15,140,1,156,105,96,187,2,390,56,0,56,461
05/27/2008,TUS,AZ,AWP,WE,Towers with Radar,111,70,32,42,255,0,14,135,26,175,111,89,167,68,435,80,50,130,584
05/28/2008,TUS,AZ,AWP,WE,Towers with Radar,118,67,56,42,283,0,14,120,16,150,118,84,176,58,436,112,48,160,613
05/29/2008,TUS,AZ,AWP,WE,Towers with Radar,122,71,53,34,280,2,21,120,16,159,124,103,173,50,450,142,52,194,664
05/30/2008,TUS,AZ,AWP,WE,Towers with Radar,123,68,57,59,307,0,19,134,19,172,123,88,191,78,480,140,30,170,676
05/31/2008,TUS,AZ,AWP,WE,Towers with Radar,104,60,38,0,202,2,14,134,0,150,106,81,172,0,359,98,0,98,478
06/01/2008,TUS,AZ,AWP,WE,Towers with Radar,106,62,35,3,206,0,7,84,1,92,106,73,119,4,302,62,0,62,377
06/02/2008,TUS,AZ,AWP,WE,Towers with Radar,113,74,30,42,259,0,5,99,13,117,114,83,129,55,381,58,16,74,470
06/03/2008,TUS,AZ,AWP,WE,Towers with Radar,116,67,64,40,287,0,10,149,17,176,116,83,213,57,469,170,74,244,729
06/04/2008,TUS,AZ,AWP,WE,Towers with Radar,114,64,66,44,288,0,6,112,17,135,114,77,178,61,430,95,42,137,581
06/05/2008,TUS,AZ,AWP,WE,Towers with Radar,120,61,53,51,285,0,18,113,39,170,120,91,166,90,467,204,66,270,760
06/06/2008,TUS,AZ,AWP,WE,Towers with Radar,124,60,58,47,289,0,37,200,17,254,124,104,258,64,550,378,96,474,1044
06/07/2008,TUS,AZ,AWP,WE,Towers with Radar,102,61,41,23,227,0,19,119,10,148,102,87,160,33,382,168,50,218,615
06/08/2008,TUS,AZ,AWP,WE,Towers with Radar,111,66,22,10,209,0,2,68,10,80,111,74,90,20,295,58,16,74,377
06/09/2008,TUS,AZ,AWP,WE,Towers with Radar,111,62,64,7,244,0,14,109,1,124,111,82,173,8,374,150,2,152,545
06/10/2008,TUS,AZ,AWP,WE,Towers with Radar,122,58,41,41,262,0,16,141,27,184,122,77,182,68,449,138,26,164,628
06/11/2008,TUS,AZ,AWP,WE,Towers with Radar,118,62,60,40,280,0,11,151,12,174,118,74,211,52,455,102,48,150,615
06/12/2008,TUS,AZ,AWP,WE,Towers with Radar,115,57,34,33,239,0,16,141,26,183,115,88,175,59,437,82,80,162,619
06/13/2008,TUS,AZ,AWP,WE,Towers with Radar,114,67,34,22,237,0,11,148,10,169,114,84,182,32,412,198,60,258,685
06/14/2008,TUS,AZ,AWP,WE,Towers with Radar,99,66,40,1,206,0,13,124,2,139,99,89,164,3,355,68,12,80,448
06/15/2008,TUS,AZ,AWP,WE,Towers with Radar,105,62,28,0,195,0,8,95,7,110,105,72,123,7,307,96,0,96,412
06/16/2008,TUS,AZ,AWP,WE,Towers with Radar,114,68,40,34,256,0,21,93,14,128,114,95,133,48,390,80,30,110,521
06/17/2008,TUS,AZ,AWP,WE,Towers with Radar,111,70,52,36,269,0,27,106,15,148,111,107,158,51,427,62,32,94,538
06/18/2008,TUS,AZ,AWP,WE,Towers with Radar,114,62,58,29,263,0,18,146,21,185,114,84,204,50,452,52,44,96,566
06/19/2008,TUS,AZ,AWP,WE,Towers with Radar,116,70,50,30,266,0,25,158,24,207,116,112,208,54,490,172,28,200,709
06/20/2008,TUS,AZ,AWP,WE,Towers with Radar,119,59,58,55,291,0,21,142,24,187,119,85,200,79,483,190,82,272,783
06/21/2008,TUS,AZ,AWP,WE,Towers with Radar,105,61,37,4,207,0,9,129,5,143,105,83,166,9,363,188,0,188,575
06/22/2008,TUS,AZ,AWP,WE,Towers with Radar,111,63,36,0,210,0,13,113,0,126,111,85,149,0,345,144,0,144,500
06/23/2008,TUS,AZ,AWP,WE,Towers with Radar,111,68,41,27,247,3,10,82,10,105,114,85,123,37,359,104,34,138,514
06/24/2008,TUS,AZ,AWP,WE,Towers with Radar,114,68,59,49,290,2,16,135,20,173,116,98,194,69,477,134,72,206,697
06/25/2008,TUS,AZ,AWP,WE,Towers with Radar,110,65,43,38,256,0,20,106,28,154,110,88,149,66,413,118,88,206,633
06/26/2008,TUS,AZ,AWP,WE,Towers with Radar,117,61,54,58,290,0,8,116,23,147,117,84,170,81,452,100,60,160,630
06/27/2008,TUS,AZ,AWP,WE,Towers with Radar,123,76,62,39,300,0,15,154,20,189,123,96,216,59,494,166,46,212,720
06/28/2008,TUS,AZ,AWP,WE,Towers with Radar,103,76,37,0,216,0,22,160,1,183,103,107,197,1,408,232,0,232,655
06/29/2008,TUS,AZ,AWP,WE,Towers with Radar,106,74,34,0,214,1,11,121,4,137,108,92,155,4,359,162,0,162,534
06/30/2008,TUS,AZ,AWP,WE,Towers with Radar,111,66,67,36,280,0,17,139,20,176,111,88,206,56,461,128,30,158,637
07/01/2008,TUS,AZ,AWP,WE,Towers with Radar,110,68,63,51,292,0,5,122,13,140,110,73,185,64,432,58,38,96,528
07/02/2008,TUS,AZ,AWP,WE,Towers with Radar,111,64,76,32,283,0,9,121,16,146,111,73,197,48,429,202,40,242,671
07/03/2008,TUS,AZ,AWP,WE,Towers with Radar,120,63,48,28,259,0,21,129,8,158,120,84,177,36,417,180,98,278,695
07/04/2008,TUS,AZ,AWP,WE,Towers with Radar,84,51,34,1,170,0,7,74,2,83,84,58,108,3,253,72,0,72,325
07/05/2008,TUS,AZ,AWP,WE,Towers with Radar,98,60,22,0,180,0,6,89,2,97,98,66,111,2,277,136,0,136,413
07/06/2008,TUS,AZ,AWP,WE,Towers with Radar,108,60,37,0,205,0,23,91,7,121,108,83,128,7,326,134,0,134,460
07/07/2008,TUS,AZ,AWP,WE,Towers with Radar,120,65,49,35,269,0,13,101,19,133,120,78,150,54,402,136,24,160,562
07/08/2008,TUS,AZ,AWP,WE,Towers with Radar,115,62,30,49,256,0,9,92,20,121,115,71,122,69,377,126,62,188,565
07/09/2008,TUS,AZ,AWP,WE,Towers with Radar,117,69,50,56,292,0,12,155,23,190,117,81,205,79,482,228,40,268,750
07/10/2008,TUS,AZ,AWP,WE,Towers with Radar,144,62,39,27,272,1,14,114,13,142,145,76,153,40,414,76,36,112,526
07/11/2008,TUS,AZ,AWP,WE,Towers with Radar,125,63,48,23,259,1,11,58,8,78,126,74,106,31,337,134,34,168,505
07/12/2008,TUS,AZ,AWP,WE,Towers with Radar,100,68,33,17,218,0,11,111,8,130,100,79,144,25,348,74,20,94,442
07/13/2008,TUS,AZ,AWP,WE,Towers with Radar,115,73,35,15,238,1,5,73,3,82,116,78,108,18,320,68,14,82,402
07/14/2008,TUS,AZ,AWP,WE,Towers with Radar,114,54,46,5,219,0,5,99,8,112,114,59,145,13,331,132,4,136,467
07/15/2008,TUS,AZ,AWP,WE,Towers with Radar,114,62,47,33,256,1,24,137,20,182,115,86,184,53,438,170,46,216,654
07/16/2008,TUS,AZ,AWP,WE,Towers with Radar,116,60,51,48,275,0,25,158,13,196,116,85,209,61,471,220,28,248,719
07/17/2008,TUS,AZ,AWP,WE,Towers with Radar,118,59,40,43,260,0,14,115,20,149,118,73,155,63,409,152,42,194,603
07/18/2008,TUS,AZ,AWP,WE,Towers with Radar,115,66,36,24,241,0,26,68,6,100,115,92,104,30,341,158,42,200,541
07/19/2008,TUS,AZ,AWP,WE,Towers with Radar,103,62,34,0,199,0,28,96,2,126,103,90,130,2,325,172,0,172,497
07/20/2008,TUS,AZ,AWP,WE,Towers with Radar,104,63,30,2,199,0,12,38,2,52,104,75,68,4,251,26,4,30,281
07/21/2008,TUS,AZ,AWP,WE,Towers with Radar,118,60,45,45,268,0,12,105,18,135,118,72,150,63,403,102,58,160,563
07/22/2008,TUS,AZ,AWP,WE,Towers with Radar,120,61,31,20,232,0,19,135,11,165,120,80,166,31,397,108,22,130,527
07/23/2008,TUS,AZ,AWP,WE,Towers with Radar,119,68,33,44,264,0,31,111,14,156,119,99,144,58,420,118,48,166,586
07/24/2008,TUS,AZ,AWP,WE,Towers with Radar,124,59,43,32,258,1,20,106,10,137,125,79,149,42,395,136,22,158,553
07/25/2008,TUS,AZ,AWP,WE,Towers with Radar,121,74,58,26,279,0,17,124,11,152,121,91,182,37,431,170,46,216,647
07/26/2008,TUS,AZ,AWP,WE,Towers with Radar,106,66,21,0,193,0,9,123,0,132,106,75,144,0,325,133,0,133,458
07/27/2008,TUS,AZ,AWP,WE,Towers with Radar,109,60,30,0,199,0,10,88,1,99,109,70,118,1,298,160,0,160,458
07/28/2008,TUS,AZ,AWP,WE,Towers with Radar,118,55,38,19,230,0,10,111,14,135,118,65,149,33,365,84,36,120,485
07/29/2008,TUS,AZ,AWP,WE,Towers with Radar,121,56,42,36,255,0,15,106,28,149,121,71,148,64,404,102,26,128,532
07/30/2008,TUS,AZ,AWP,WE,Towers with Radar,125,72,58,43,298,0,13,107,25,145,125,85,165,68,443,140,88,228,671
07/31/2008,TUS,AZ,AWP,WE,Towers with Radar,124,56,45,38,263,0,9,126,25,160,124,65,171,63,423,130,63,193,616
08/01/2008,TUS,AZ,AWP,WE,Towers with Radar,123,62,22,44,251,2,16,112,22,152,125,78,134,66,403,132,108,240,643
08/02/2008,TUS,AZ,AWP,WE,Towers with Radar,103,72,17,35,227,0,17,124,13,154,103,89,141,48,381,124,34,158,539
08/03/2008,TUS,AZ,AWP,WE,Towers with Radar,110,60,40,24,234,0,8,80,17,105,110,68,120,41,339,120,20,140,479
08/04/2008,TUS,AZ,AWP,WE,Towers with Radar,112,54,36,4,206,1,14,92,0,107,113,68,128,4,313,118,0,118,431
08/05/2008,TUS,AZ,AWP,WE,Towers with Radar,139,48,31,45,263,0,16,67,16,99,139,64,98,61,362,94,68,162,524
08/06/2008,TUS,AZ,AWP,WE,Towers with Radar,120,60,34,37,251,0,17,115,26,158,120,77,149,63,409,68,64,132,541
08/07/2008,TUS,AZ,AWP,WE,Towers with Radar,147,58,64,38,307,0,8,117,18,143,147,66,181,56,450,116,76,192,642
08/08/2008,TUS,AZ,AWP,WE,Towers with Radar,128,59,49,38,274,0,14,117,13,144,128,73,166,51,418,176,68,244,662
08/09/2008,TUS,AZ,AWP,WE,Towers with Radar,104,69,43,0,216,0,12,116,1,129,104,81,159,1,345,136,0,136,481
08/10/2008,TUS,AZ,AWP,WE,Towers with Radar,114,64,38,2,218,0,10,105,1,116,114,74,143,3,334,112,0,112,446
08/11/2008,TUS,AZ,AWP,WE,Towers with Radar,113,56,59,41,269,0,6,105,19,130,113,62,164,60,399,162,90,252,651
08/12/2008,TUS,AZ,AWP,WE,Towers with Radar,117,52,36,42,247,0,12,117,17,146,117,64,153,59,393,134,60,194,587
08/13/2008,TUS,AZ,AWP,WE,Towers with Radar,114,62,40,47,263,0,19,110,14,143,114,81,150,61,406,188,42,230,636
08/14/2008,TUS,AZ,AWP,WE,Towers with Radar,152,58,43,42,295,0,14,115,18,147,152,72,158,60,442,118,68,186,628
08/15/2008,TUS,AZ,AWP,WE,Towers with Radar,122,56,48,41,267,0,19,126,10,155,122,75,174,51,422,174,28,202,624
08/16/2008,TUS,AZ,AWP,WE,Towers with Radar,106,55,51,49,261,0,7,138,6,151,106,62,189,55,412,234,16,250,662
08/17/2008,TUS,AZ,AWP,WE,Towers with Radar,111,69,39,7,226,0,10,93,2,105,111,79,132,9,331,84,0,84,415
08/18/2008,TUS,AZ,AWP,WE,Towers with Radar,110,65,42,37,254,0,11,94,33,138,110,76,136,70,392,104,98,202,594
08/19/2008,TUS,AZ,AWP,WE,Towers with Radar,110,55,37,43,245,0,7,98,22,127,110,62,135,65,372,114,54,168,540
08/20/2008,TUS,AZ,AWP,WE,Towers with Radar,119,57,30,38,244,0,21,140,20,181,119,78,170,58,425,135,50,185,610
08/21/2008,TUS,AZ,AWP,WE,Towers with Radar,118,59,54,43,274,0,17,123,22,162,118,76,177,65,436,184,62,246,682
08/22/2008,TUS,AZ,AWP,WE,Towers with Radar,116,54,55,52,277,0,15,135,16,166,116,69,190,68,443,124,94,218,661
08/23/2008,TUS,AZ,AWP,WE,Towers with Radar,94,51,60,4,209,0,14,170,1,185,94,65,230,5,394,162,0,162,556
08/24/2008,TUS,AZ,AWP,WE,Towers with Radar,101,49,27,5,182,0,6,99,0,105,101,55,126,5,287,126,0,126,413
08/25/2008,TUS,AZ,AWP,WE,Towers with Radar,112,45,41,32,230,0,6,75,10,91,112,51,116,42,321,164,24,188,509
08/26/2008,TUS,AZ,AWP,WE,Towers with Radar,113,48,50,45,256,0,4,84,16,104,113,52,134,61,360,114,52,166,526
08/27/2008,TUS,AZ,AWP,WE,Towers with Radar,110,59,37,44,250,0,9,83,45,137,110,68,120,89,387,90,36,126,513
08/28/2008,TUS,AZ,AWP,WE,Towers with Radar,117,45,43,45,250,0,4,101,20,125,117,49,144,65,375,184,42,226,601
08/29/2008,TUS,AZ,AWP,WE,Towers with Radar,130,55,62,42,289,0,20,137,13,170,130,75,199,55,459,156,64,220,679
08/30/2008,TUS,AZ,AWP,WE,Towers with Radar,91,53,20,1,165,0,11,99,0,110,91,64,119,1,275,42,0,42,317
08/31/2008,TUS,AZ,AWP,WE,Towers with Radar,78,38,12,1,129,0,9,64,0,73,78,47,76,1,202,138,0,138,340
09/01/2008,TUS,AZ,AWP,WE,Towers with Radar,98,48,38,0,184,0,25,97,2,124,98,73,135,2,308,80,0,80,388
09/02/2008,TUS,AZ,AWP,WE,Towers with Radar,111,46,43,49,249,0,13,128,12,153,111,59,171,61,402,110,30,140,542
09/03/2008,TUS,AZ,AWP,WE,Towers with Radar,113,39,41,33,226,0,17,132,15,164,113,56,173,48,390,166,38,204,594
09/04/2008,TUS,AZ,AWP,WE,Towers with Radar,108,45,59,40,252,0,21,156,13,190,108,66,215,53,442,256,38,294,736
09/05/2008,TUS,AZ,AWP,WE,Towers with Radar,112,43,49,41,245,0,19,138,11,168,112,62,187,52,413,152,34,186,599
09/06/2008,TUS,AZ,AWP,WE,Towers with Radar,85,35,28,38,186,0,17,135,21,173,85,52,163,59,359,210,58,268,627
09/07/2008,TUS,AZ,AWP,WE,Towers with Radar,101,42,32,21,196,0,17,97,6,120,101,59,129,27,316,74,8,82,398
09/08/2008,TUS,AZ,AWP,WE,Towers with Radar,108,44,43,7,202,0,8,126,2,136,108,52,169,9,338,166,6,172,510
09/09/2008,TUS,AZ,AWP,WE,Towers with Radar,108,36,35,36,215,0,13,120,35,168,108,49,155,71,383,180,36,216,599
09/10/2008,TUS,AZ,AWP,WE,Towers with Radar,118,44,37,47,246,0,15,114,45,174,118,59,151,92,420,114,38,152,572
09/11/2008,TUS,AZ,AWP,WE,Towers with Radar,118,46,41,41,246,0,13,105,37,155,118,59,146,78,401,140,24,164,565
09/12/2008,TUS,AZ,AWP,WE,Towers with Radar,110,56,53,60,279,0,15,144,39,198,110,71,197,99,477,182,46,228,705
09/13/2008,TUS,AZ,AWP,WE,Towers with Radar,84,36,43,3,166,0,23,117,5,145,84,59,160,8,311,266,0,266,577
09/14/2008,TUS,AZ,AWP,WE,Towers with Radar,98,32,41,0,171,0,16,141,0,157,98,48,182,0,328,96,0,96,424
09/15/2008,TUS,AZ,AWP,WE,Towers with Radar,106,42,38,51,237,0,11,85,13,109,106,53,123,64,346,70,64,134,480
09/16/2008,TUS,AZ,AWP,WE,Towers with Radar,106,44,49,59,258,0,16,71,19,106,106,60,120,78,364,88,56,144,508
09/17/2008,TUS,AZ,AWP,WE,Towers with Radar,112,45,41,46,244,0,8,123,35,166,112,53,164,81,410,186,32,218,628
09/18/2008,TUS,AZ,AWP,WE,Towers with Radar,111,45,46,49,251,0,12,131,15,158,111,57,177,64,409,110,56,166,575
09/19/2008,TUS,AZ,AWP,WE,Towers with Radar,111,50,58,69,288,0,10,151,11,172,111,60,209,80,460,180,36,216,676
09/20/2008,TUS,AZ,AWP,WE,Towers with Radar,86,41,20,1,148,0,13,138,5,156,86,54,158,6,304,108,0,108,412
09/21/2008,TUS,AZ,AWP,WE,Towers with Radar,100,46,37,3,186,0,13,105,2,120,100,59,142,5,306,156,0,156,462
09/22/2008,TUS,AZ,AWP,WE,Towers with Radar,106,41,33,44,224,0,5,121,25,151,106,46,154,69,375,66,90,156,531
09/23/2008,TUS,AZ,AWP,WE,Towers with Radar,109,43,37,44,233,0,19,120,11,150,109,62,157,55,383,100,30,130,513
09/24/2008,TUS,AZ,AWP,WE,Towers with Radar,110,40,41,37,228,0,20,90,18,128,110,60,131,55,356,82,22,104,460
09/25/2008,TUS,AZ,AWP,WE,Towers with Radar,114,43,34,40,231,0,7,84,43,134,114,50,118,83,365,98,52,150,515
09/26/2008,TUS,AZ,AWP,WE,Towers with Radar,110,50,77,49,286,0,21,132,20,173,110,71,209,69,459,108,44,152,611
09/27/2008,TUS,AZ,AWP,WE,Towers with Radar,89,34,31,7,161,0,10,120,2,132,89,44,151,9,293,106,0,106,399
09/28/2008,TUS,AZ,AWP,WE,Towers with Radar,99,45,33,3,180,0,9,121,1,131,99,54,154,4,311,20,2,22,333
09/29/2008,TUS,AZ,AWP,WE,Towers with Radar,99,45,32,18,194,0,18,68,12,98,99,63,100,30,292,20,18,38,330
09/30/2008,TUS,AZ,AWP,WE,Towers with Radar,105,39,36,2,182,0,28,95,3,126,105,67,131,5,308,66,0,66,374
10/01/2008,TUS,AZ,AWP,WE,Towers with Radar,110,37,39,47,233,0,7,124,15,146,110,44,163,62,379,112,22,134,513
10/02/2008,TUS,AZ,AWP,WE,Towers with Radar,106,36,52,37,231,0,10,124,27,161,106,46,176,64,392,98,30,128,520
10/03/2008,TUS,AZ,AWP,WE,Towers with Radar,108,32,56,36,232,0,17,162,18,197,108,49,218,54,429,108,22,130,559
10/04/2008,TUS,AZ,AWP,WE,Towers with Radar,90,30,32,44,196,0,18,103,14,135,90,48,135,58,331,48,24,72,403
10/05/2008,TUS,AZ,AWP,WE,Towers with Radar,99,42,34,45,220,0,7,77,6,90,99,49,111,51,310,84,42,126,436
10/06/2008,TUS,AZ,AWP,WE,Towers with Radar,103,34,40,7,184,0,21,148,2,171,103,55,188,9,355,98,6,104,459
10/07/2008,TUS,AZ,AWP,WE,Towers with Radar,114,38,29,55,236,3,18,96,22,139,117,56,125,77,375,40,56,96,471
10/08/2008,TUS,AZ,AWP,WE,Towers with Radar,119,37,47,47,250,0,18,126,18,162,119,55,173,65,412,126,28,154,566
10/09/2008,TUS,AZ,AWP,WE,Towers with Radar,112,38,33,47,230,0,9,111,24,144,112,47,144,71,374,104,72,176,550
10/10/2008,TUS,AZ,AWP,WE,Towers with Radar,116,39,32,45,232,0,7,94,16,117,116,46,126,61,349,0,0,0,349
10/11/2008,TUS,AZ,AWP,WE,Towers with Radar,84,37,21,12,154,0,14,57,7,78,84,51,78,19,232,42,10,52,284
10/12/2008,TUS,AZ,AWP,WE,Towers with Radar,101,41,43,0,185,0,9,129,3,141,101,50,172,3,326,114,0,114,440
10/13/2008,TUS,AZ,AWP,WE,Towers with Radar,107,35,29,1,172,0,11,112,1,124,107,46,141,2,296,174,0,174,470
10/14/2008,TUS,AZ,AWP,WE,Towers with Radar,101,42,51,38,232,0,9,104,17,130,101,51,155,55,362,182,68,250,612
10/15/2008,TUS,AZ,AWP,WE,Towers with Radar,110,31,46,40,227,0,11,112,18,141,110,42,158,58,368,180,38,218,586
10/16/2008,TUS,AZ,AWP,WE,Towers with Radar,111,47,56,51,265,0,13,114,19,146,111,60,170,70,411,126,154,280,691
10/17/2008,TUS,AZ,AWP,WE,Towers with Radar,111,48,51,48,258,0,14,158,26,198,111,62,209,74,456,122,86,208,664
10/18/2008,TUS,AZ,AWP,WE,Towers with Radar,83,38,39,0,160,0,14,191,1,206,83,52,230,1,366,99,0,99,465
10/19/2008,TUS,AZ,AWP,WE,Towers with Radar,100,47,39,10,196,0,13,102,2,117,100,60,141,12,313,64,0,64,377
10/20/2008,TUS,AZ,AWP,WE,Towers with Radar,101,36,35,37,209,0,19,107,21,147,101,55,142,58,356,82,44,126,482
10/21/2008,TUS,AZ,AWP,WE,Towers with Radar,106,42,31,44,223,0,16,135,22,173,106,58,166,66,396,168,64,232,628
10/22/2008,TUS,AZ,AWP,WE,Towers with Radar,111,35,44,36,226,0,3,138,25,166,111,38,182,61,392,152,80,232,624
10/23/2008,TUS,AZ,AWP,WE,Towers with Radar,108,43,43,63,257,0,11,112,26,149,108,54,155,89,406,140,58,198,604
10/24/2008,TUS,AZ,AWP,WE,Towers with Radar,112,39,53,31,235,0,15,122,17,154,112,54,175,48,389,107,53,160,549
10/25/2008,TUS,AZ,AWP,WE,Towers with Radar,84,42,41,8,175,0,8,206,4,218,84,50,247,12,393,186,0,186,579
10/26/2008,TUS,AZ,AWP,WE,Towers with Radar,103,43,64,6,216,0,11,135,1,147,103,54,199,7,363,90,0,90,453
10/27/2008,TUS,AZ,AWP,WE,Towers with Radar,103,33,35,41,212,0,11,52,11,74,103,44,87,52,286,12,54,66,352
10/28/2008,TUS,AZ,AWP,WE,Towers with Radar,107,39,46,56,248,0,16,98,23,137,107,55,144,79,385,152,122,274,659
10/29/2008,TUS,AZ,AWP,WE,Towers with Radar,110,38,22,49,219,0,12,141,17,170,110,50,163,66,389,82,34,116,505
10/30/2008,TUS,AZ,AWP,WE,Towers with Radar,109,39,44,37,229,0,13,144,19,176,109,52,188,56,405,0,0,0,405
10/31/2008,TUS,AZ,AWP,WE,Towers with Radar,108,54,35,29,226,0,15,139,23,177,108,69,174,52,403,139,38,177,580
11/01/2008,TUS,AZ,AWP,WE,Towers with Radar,81,31,24,34,170,0,20,182,19,221,81,51,206,53,391,100,30,130,521
11/02/2008,TUS,AZ,AWP,WE,Towers with Radar,91,40,36,16,183,0,12,119,6,137,91,52,155,22,320,106,7,113,433
11/03/2008,TUS,AZ,AWP,WE,Towers with Radar,102,41,33,9,185,0,9,105,1,115,102,50,138,10,300,142,2,144,444
11/04/2008,TUS,AZ,AWP,WE,Towers with Radar,106,34,36,36,212,0,16,101,25,142,106,50,137,61,354,114,110,224,578
11/05/2008,TUS,AZ,AWP,WE,Towers with Radar,109,35,57,43,244,0,10,119,20,149,109,45,176,63,393,210,34,244,637
11/06/2008,TUS,AZ,AWP,WE,Towers with Radar,106,43,53,48,250,0,11,120,27,158,106,54,173,75,408,130,48,178,586
11/07/2008,TUS,AZ,AWP,WE,Towers with Radar,107,41,56,40,244,0,11,144,21,176,107,52,200,61,420,89,22,111,531
11/08/2008,TUS,AZ,AWP,WE,Towers with Radar,92,40,41,5,178,0,16,147,11,174,92,56,188,16,352,174,2,176,528
11/09/2008,TUS,AZ,AWP,WE,Towers with Radar,99,48,53,0,200,0,25,77,2,104,99,73,130,2,304,24,0,24,328
11/10/2008,TUS,AZ,AWP,WE,Towers with Radar,106,38,40,34,218,0,12,119,23,154,106,50,159,57,372,170,34,204,576
11/11/2008,TUS,AZ,AWP,WE,Towers with Radar,106,35,41,2,184,0,19,129,9,157,106,54,170,11,341,229,2,231,572
11/12/2008,TUS,AZ,AWP,WE,Towers with Radar,105,44,46,43,238,0,7,133,23,163,105,51,179,66,401,232,32,264,665
11/13/2008,TUS,AZ,AWP,WE,Towers with Radar,104,53,47,50,254,0,12,148,37,197,104,65,195,87,451,220,44,264,715
11/14/2008,TUS,AZ,AWP,WE,Towers with Radar,108,52,58,51,269,0,17,174,27,218,108,69,232,78,487,127,62,189,676
11/15/2008,TUS,AZ,AWP,WE,Towers with Radar,89,39,21,0,149,2,13,75,2,92,91,52,96,2,241,34,0,34,275
11/16/2008,TUS,AZ,AWP,WE,Towers with Radar,102,43,36,6,187,0,10,130,4,144,102,53,166,10,331,72,0,72,403
11/17/2008,TUS,AZ,AWP,WE,Towers with Radar,103,35,41,48,227,0,10,90,15,115,103,45,131,63,342,48,56,104,446
11/18/2008,TUS,AZ,AWP,WE,Towers with Radar,105,35,42,53,235,0,20,124,21,165,105,55,166,74,400,64,82,146,546
11/19/2008,TUS,AZ,AWP,WE,Towers with Radar,104,36,52,41,233,0,19,142,13,174,104,55,194,54,407,160,44,204,611
11/20/2008,TUS,AZ,AWP,WE,Towers with Radar,110,41,52,47,250,0,5,117,16,138,110,46,169,63,388,152,40,192,580
11/21/2008,TUS,AZ,AWP,WE,Towers with Radar,103,38,39,43,223,0,4,107,19,130,103,42,146,62,353,54,40,94,447
11/22/2008,TUS,AZ,AWP,WE,Towers with Radar,94,34,47,0,175,0,16,196,5,217,94,50,243,5,392,114,0,114,506
11/23/2008,TUS,AZ,AWP,WE,Towers with Radar,93,47,44,5,189,0,8,120,4,132,93,55,164,9,321,86,0,86,407
11/24/2008,TUS,AZ,AWP,WE,Towers with Radar,101,33,44,59,237,0,15,128,15,158,101,48,172,74,395,116,58,174,569
11/25/2008,TUS,AZ,AWP,WE,Towers with Radar,108,39,36,44,227,0,13,109,13,135,108,52,145,57,362,122,42,164,526
11/26/2008,TUS,AZ,AWP,WE,Towers with Radar,108,40,46,25,219,0,6,60,2,68,108,46,106,27,287,18,10,28,315
11/27/2008,TUS,AZ,AWP,WE,Towers with Radar,73,25,19,0,117,0,13,23,1,37,73,38,42,1,154,4,0,4,158
11/28/2008,TUS,AZ,AWP,WE,Towers with Radar,100,37,41,1,179,0,10,86,2,98,100,47,127,3,277,72,0,72,349
11/29/2008,TUS,AZ,AWP,WE,Towers with Radar,97,49,20,3,169,0,17,95,0,112,97,66,115,3,281,78,0,78,359
11/30/2008,TUS,AZ,AWP,WE,Towers with Radar,101,45,68,0,214,0,13,112,2,127,101,58,180,2,341,132,0,132,473
12/01/2008,TUS,AZ,AWP,WE,Towers with Radar,106,47,38,37,228,0,15,106,15,136,106,62,144,52,364,98,30,128,492
12/02/2008,TUS,AZ,AWP,WE,Towers with Radar,112,45,39,46,242,0,11,122,19,152,112,56,161,65,394,192,16,208,602
12/03/2008,TUS,AZ,AWP,WE,Towers with Radar,113,30,51,48,242,0,24,153,23,200,113,54,204,71,442,158,58,216,658
12/04/2008,TUS,AZ,AWP,WE,Towers with Radar,115,34,44,49,242,0,12,155,23,190,115,46,199,72,432,172,56,228,660
12/05/2008,TUS,AZ,AWP,WE,Towers with Radar,107,41,48,42,238,0,22,163,25,210,107,63,211,67,448,114,22,136,584
12/06/2008,TUS,AZ,AWP,WE,Towers with Radar,90,37,39,35,201,0,23,230,9,262,90,60,269,44,463,154,28,182,645
12/07/2008,TUS,AZ,AWP,WE,Towers with Radar,99,41,43,13,196,0,4,98,8,110,99,45,141,21,306,86,6,92,398
12/08/2008,TUS,AZ,AWP,WE,Towers with Radar,100,38,52,15,205,0,8,109,5,122,100,46,161,20,327,76,18,94,421
12/09/2008,TUS,AZ,AWP,WE,Towers with Radar,102,42,21,65,230,0,23,105,27,155,102,65,126,92,385,144,58,202,587
12/10/2008,TUS,AZ,AWP,WE,Towers with Radar,107,38,48,43,236,0,14,153,15,182,107,52,201,58,418,144,50,194,612
12/11/2008,TUS,AZ,AWP,WE,Towers with Radar,108,42,38,56,244,0,12,131,25,168,108,54,169,81,412,142,72,214,626
12/12/2008,TUS,AZ,AWP,WE,Towers with Radar,111,38,43,83,275,0,20,146,11,177,111,58,189,94,452,240,55,295,747
12/13/2008,TUS,AZ,AWP,WE,Towers with Radar,96,32,26,4,158,0,14,147,4,165,96,46,173,8,323,40,0,40,363
12/14/2008,TUS,AZ,AWP,WE,Towers with Radar,93,42,40,30,205,0,14,46,0,60,93,56,86,30,265,0,0,0,265
12/15/2008,TUS,AZ,AWP,WE,Towers with Radar,102,30,32,58,222,0,10,80,26,116,102,40,112,84,338,90,66,156,494
12/16/2008,TUS,AZ,AWP,WE,Towers with Radar,101,43,31,40,215,0,7,48,5,60,101,50,79,45,275,74,10,84,359
12/17/2008,TUS,AZ,AWP,WE,Towers with Radar,106,34,34,55,229,0,15,76,12,103,106,49,110,67,332,74,14,88,420
12/18/2008,TUS,AZ,AWP,WE,Towers with Radar,113,47,36,48,244,0,22,93,14,129,113,69,129,62,373,86,48,134,507
12/19/2008,TUS,AZ,AWP,WE,Towers with Radar,113,46,58,36,253,0,18,173,23,214,113,64,231,59,467,206,60,266,733
12/20/2008,TUS,AZ,AWP,WE,Towers with Radar,102,50,35,1,188,0,16,144,8,168,102,66,179,9,356,126,0,126,482
12/21/2008,TUS,AZ,AWP,WE,Towers with Radar,101,42,51,0,194,0,15,124,4,143,101,57,175,4,337,72,0,72,409
12/22/2008,TUS,AZ,AWP,WE,Towers with Radar,107,31,23,45,206,0,18,97,15,130,107,49,120,60,336,122,32,154,490
12/23/2008,TUS,AZ,AWP,WE,Towers with Radar,108,36,29,6,179,0,8,20,2,30,108,44,49,8,209,24,0,24,233
12/24/2008,TUS,AZ,AWP,WE,Towers with Radar,107,42,29,20,198,0,34,56,9,99,107,76,85,29,297,87,20,107,404
12/25/2008,TUS,AZ,AWP,WE,Towers with Radar,91,29,9,0,129,0,7,44,0,51,91,36,53,0,180,42,0,42,222
12/26/2008,TUS,AZ,AWP,WE,Towers with Radar,108,54,28,0,190,0,8,26,0,34,108,62,54,0,224,0,0,0,224
12/27/2008,TUS,AZ,AWP,WE,Towers with Radar,93,46,50,2,191,0,18,128,1,147,93,64,178,3,338,154,0,154,492
12/28/2008,TUS,AZ,AWP,WE,Towers with Radar,100,43,38,0,181,0,10,73,0,83,100,53,111,0,264,92,0,92,356
12/29/2008,TUS,AZ,AWP,WE,Towers with Radar,106,36,32,30,204,0,15,118,15,148,106,51,150,45,352,90,46,136,488
12/30/2008,TUS,AZ,AWP,WE,Towers with Radar,109,39,35,33,216,0,12,120,13,145,109,51,155,46,361,180,60,240,601
12/31/2008,TUS,AZ,AWP,WE,Towers with Radar,103,39,25,18,185,0,14,115,8,137,103,53,140,26,322,102,34,136,458
01/01/2009,TUS,AZ,AWP,WE,Towers with Radar,94,37,16,0,147,0,12,65,1,78,94,49,81,1,225,20,0,20,245
01/02/2009,TUS,AZ,AWP,WE,Towers with Radar,110,51,37,2,200,0,13,131,1,145,110,64,168,3,345,158,4,162,507
01/03/2009,TUS,AZ,AWP,WE,Towers with Radar,86,40,52,2,180,0,17,126,0,143,86,57,178,2,323,110,0,110,433
01/04/2009,TUS,AZ,AWP,WE,Towers with Radar,96,43,79,2,220,0,14,59,1,74,96,57,138,3,294,84,0,84,378
01/05/2009,TUS,AZ,AWP,WE,Towers with Radar,104,46,46,40,236,0,9,61,5,75,104,55,107,45,311,188,20,208,519
01/06/2009,TUS,AZ,AWP,WE,Towers with Radar,107,40,45,37,229,0,11,143,31,185,107,51,188,68,414,182,40,222,636
01/07/2009,TUS,AZ,AWP,WE,Towers with Radar,108,38,43,46,235,0,13,133,18,164,108,51,176,64,399,224,56,280,679
01/08/2009,TUS,AZ,AWP,WE,Towers with Radar,108,39,30,59,236,0,16,90,27,133,108,55,120,86,369,108,48,156,525
01/09/2009,TUS,AZ,AWP,WE,Towers with Radar,114,33,44,49,240,0,25,149,23,197,114,58,193,72,437,174,37,211,648
01/10/2009,TUS,AZ,AWP,WE,Towers with Radar,85,41,48,32,206,0,15,231,30,276,85,56,279,62,482,198,80,278,760
01/11/2009,TUS,AZ,AWP,WE,Towers with Radar,99,34,32,22,187,0,17,121,13,151,99,51,153,35,338,100,48,148,486
01/12/2009,TUS,AZ,AWP,WE,Towers with Radar,105,33,57,6,201,0,9,111,9,129,105,42,168,15,330,262,14,276,606
01/13/2009,TUS,AZ,AWP,WE,Towers with Radar,107,41,46,49,243,0,9,117,16,142,107,50,163,65,385,118,22,140,525
01/14/2009,TUS,AZ,AWP,WE,Towers with Radar,106,35,46,51,238,0,5,143,24,172,106,40,189,75,410,312,54,366,776
01/15/2009,TUS,AZ,AWP,WE,Towers with Radar,106,33,65,62,266,0,12,168,22,202,106,45,233,84,468,202,56,258,726
01/16/2009,TUS,AZ,AWP,WE,Towers with Radar,110,41,49,39,239,0,15,178,12,205,110,56,227,51,444,206,20,226,670
01/17/2009,TUS,AZ,AWP,WE,Towers with Radar,88,41,52,9,190,0,12,218,1,231,88,53,270,10,421,114,4,118,539
01/18/2009,TUS,AZ,AWP,WE,Towers with Radar,96,23,61,5,185,0,9,205,3,217,96,32,266,8,402,158,2,160,562
01/19/2009,TUS,AZ,AWP,WE,Towers with Radar,106,38,56,5,205,0,11,132,3,146,106,49,188,8,351,145,2,147,498
01/20/2009,TUS,AZ,AWP,WE,Towers with Radar,104,49,33,56,242,0,10,107,27,144,104,59,140,83,386,102,54,156,542
01/21/2009,TUS,AZ,AWP,WE,Towers with Radar,107,38,40,59,244,2,8,127,34,171,109,46,167,93,415,166,90,256,671
01/22/2009,TUS,AZ,AWP,WE,Towers with Radar,108,38,37,37,220,2,6,87,16,111,110,44,124,53,331,88,56,144,475
01/23/2009,TUS,AZ,AWP,WE,Towers with Radar,115,42,47,46,250,0,10,101,18,129,115,52,148,64,379,190,56,246,625
01/24/2009,TUS,AZ,AWP,WE,Towers with Radar,86,47,45,0,178,0,12,200,0,212,86,59,245,0,390,176,0,176,566
01/25/2009,TUS,AZ,AWP,WE,Towers with Radar,93,35,42,0,170,0,11,133,2,146,93,46,175,2,316,138,0,138,454
01/26/2009,TUS,AZ,AWP,WE,Towers with Radar,100,33,52,42,227,0,14,102,35,151,100,47,154,77,378,146,96,242,620
01/27/2009,TUS,AZ,AWP,WE,Towers with Radar,102,38,47,51,238,0,11,136,19,166,102,49,183,70,404,182,50,232,636
01/28/2009,TUS,AZ,AWP,WE,Towers with Radar,104,35,38,43,220,0,14,143,36,193,104,49,181,79,413,195,42,237,650
01/29/2009,TUS,AZ,AWP,WE,Towers with Radar,108,43,40,43,234,0,23,177,22,222,108,66,217,65,456,212,92,304,760
01/30/2009,TUS,AZ,AWP,WE,Towers with Radar,110,48,34,32,224,0,14,114,21,149,110,62,148,53,373,76,66,142,515
01/31/2009,TUS,AZ,AWP,WE,Towers with Radar,90,35,40,4,169,0,22,216,0,238,90,57,256,4,407,133,0,133,540
02/01/2009,TUS,AZ,AWP,WE,Towers with Radar,94,38,31,4,167,0,11,135,3,149,94,49,166,7,316,74,0,74,390
02/02/2009,TUS,AZ,AWP,WE,Towers with Radar,109,44,55,38,246,0,18,86,22,126,109,62,141,60,372,96,66,162,534
02/03/2009,TUS,AZ,AWP,WE,Towers with Radar,109,34,41,41,225,0,17,102,30,149,109,51,143,71,374,104,50,154,528
02/04/2009,TUS,AZ,AWP,WE,Towers with Radar,116,42,35,44,237,0,7,100,23,130,116,49,135,67,367,164,68,232,599
02/05/2009,TUS,AZ,AWP,WE,Towers with Radar,106,48,54,44,252,0,8,140,20,168,106,56,194,64,420,240,82,322,742
02/06/2009,TUS,AZ,AWP,WE,Towers with Radar,119,45,43,58,265,0,18,127,21,166,119,63,170,79,431,128,52,180,611
02/07/2009,TUS,AZ,AWP,WE,Towers with Radar,89,45,34,0,168,0,7,163,5,175,89,52,197,5,343,118,0,118,461
02/08/2009,TUS,AZ,AWP,WE,Towers with Radar,99,38,59,30,226,0,3,67,9,79,99,41,126,39,305,40,8,48,353
02/09/2009,TUS,AZ,AWP,WE,Towers with Radar,105,45,27,4,181,0,7,49,0,56,105,52,76,4,237,100,6,106,343
02/10/2009,TUS,AZ,AWP,WE,Towers with Radar,103,43,37,46,229,0,13,86,36,135,103,56,123,82,364,44,72,116,480
02/11/2009,TUS,AZ,AWP,WE,Towers with Radar,111,31,46,45,233,1,4,148,27,180,112,35,194,72,413,142,66,208,621
02/12/2009,TUS,AZ,AWP,WE,Towers with Radar,102,43,29,50,224,0,9,134,37,180,102,52,163,87,404,166,80,246,650
02/13/2009,TUS,AZ,AWP,WE,Towers with Radar,107,45,46,37,235,0,18,144,24,186,107,63,190,61,421,230,68,298,719
02/14/2009,TUS,AZ,AWP,WE,Towers with Radar,89,36,37,0,162,0,14,160,1,175,89,50,197,1,337,178,0,178,515
02/15/2009,TUS,AZ,AWP,WE,Towers with Radar,93,46,33,1,173,0,13,126,5,144,93,59,159,6,317,108,0,108,425
02/16/2009,TUS,AZ,AWP,WE,Towers with Radar,101,49,45,0,195,0,18,92,5,115,101,67,137,5,310,64,0,64,374
02/17/2009,TUS,AZ,AWP,WE,Towers with Radar,103,40,36,55,234,0,16,51,20,87,103,56,87,75,321,90,54,144,465
02/18/2009,TUS,AZ,AWP,WE,Towers with Radar,105,41,37,69,252,0,11,137,23,171,105,52,174,92,423,169,96,265,688
02/19/2009,TUS,AZ,AWP,WE,Towers with Radar,109,44,48,53,254,0,16,165,30,211,109,60,213,83,465,158,44,202,667
02/20/2009,TUS,AZ,AWP,WE,Towers with Radar,106,46,58,24,234,0,20,141,24,185,106,66,199,48,419,129,44,173,592
02/21/2009,TUS,AZ,AWP,WE,Towers with Radar,92,39,35,7,173,0,20,183,6,209,92,59,218,13,382,208,0,208,590
02/22/2009,TUS,AZ,AWP,WE,Towers with Radar,89,62,51,3,205,0,18,145,3,166,89,80,196,6,371,124,0,124,495
02/23/2009,TUS,AZ,AWP,WE,Towers with Radar,109,49,63,45,266,0,13,118,23,154,109,62,181,68,420,86,24,110,530
02/24/2009,TUS,AZ,AWP,WE,Towers with Radar,103,37,46,40,226,1,18,122,25,166,104,55,168,65,392,144,34,178,570
02/25/2009,TUS,AZ,AWP,WE,Towers with Radar,105,42,52,42,241,1,21,118,17,157,106,63,170,59,398,79,66,145,543
02/26/2009,TUS,AZ,AWP,WE,Towers with Radar,108,54,49,54,265,1,21,134,16,172,109,75,183,70,437,109,82,191,628
02/27/2009,TUS,AZ,AWP,WE,Towers with Radar,109,47,63,54,273,3,15,173,18,209,112,62,236,72,482,128,26,154,636
02/28/2009,TUS,AZ,AWP,WE,Towers with Radar,90,58,41,3,192,3,24,168,5,200,93,82,209,8,392,120,0,120,512
03/01/2009,TUS,AZ,AWP,WE,Towers with Radar,93,59,56,0,208,0,17,106,1,124,93,76,162,1,332,30,0,30,362
03/02/2009,TUS,AZ,AWP,WE,Towers with Radar,107,47,36,38,228,1,13,106,21,141,108,60,142,59,369,190,72,262,631
03/03/2009,TUS,AZ,AWP,WE,Towers with Radar,102,39,37,44,222,0,12,128,31,171,102,51,165,75,393,125,78,203,596
03/04/2009,TUS,AZ,AWP,WE,Towers with Radar,108,40,38,44,230,0,24,120,29,173,108,64,158,73,403,45,94,139,542
03/05/2009,TUS,AZ,AWP,WE,Towers with Radar,103,40,37,30,210,0,14,138,24,176,103,54,175,54,386,276,56,332,718
03/06/2009,TUS,AZ,AWP,WE,Towers with Radar,107,60,61,37,265,0,19,98,20,137,107,79,159,57,402,56,74,130,532
03/07/2009,TUS,AZ,AWP,WE,Towers with Radar,88,38,37,22,185,0,14,153,15,182,88,52,190,37,367,110,14,124,491
03/08/2009,TUS,AZ,AWP,WE,Towers with Radar,94,49,39,21,203,0,8,98,8,114,94,57,137,29,317,118,0,118,435
03/09/2009,TUS,AZ,AWP,WE,Towers with Radar,103,53,39,8,203,0,11,74,7,92,103,64,113,15,295,24,18,42,337
03/10/2009,TUS,AZ,AWP,WE,Towers with Radar,97,54,33,45,229,0,17,99,21,137,97,71,132,66,366,171,48,219,585
03/11/2009,TUS,AZ,AWP,WE,Towers with Radar,101,58,52,31,242,0,13,128,17,158,101,71,180,48,400,38,2,40,440
03/12/2009,TUS,AZ,AWP,WE,Towers with Radar,103,58,52,44,257,0,13,128,24,165,103,71,180,68,422,212,54,266,688
03/13/2009,TUS,AZ,AWP,WE,Towers with Radar,97,54,47,64,262,0,15,153,7,175,97,69,200,71,437,80,20,100,537
03/14/2009,TUS,AZ,AWP,WE,Towers with Radar,89,34,42,8,173,1,21,176,0,198,90,55,218,8,371,122,0,122,493
03/15/2009,TUS,AZ,AWP,WE,Towers with Radar,95,50,48,3,196,0,13,130,3,146,95,63,178,6,342,118,0,118,460
03/16/2009,TUS,AZ,AWP,WE,Towers with Radar,97,46,38,31,212,0,27,120,18,165,97,73,158,49,377,136,31,167,544
03/17/2009,TUS,AZ,AWP,WE,Towers with Radar,101,49,35,37,222,0,32,113,28,173,101,81,148,65,395,155,53,208,603
03/18/2009,TUS,AZ,AWP,WE,Towers with Radar,102,43,38,42,225,0,13,115,15,143,102,56,153,57,368,104,52,156,524
03/19/2009,TUS,AZ,AWP,WE,Towers with Radar,101,46,45,40,232,0,13,148,25,186,101,59,193,65,418,138,22,160,578
03/20/2009,TUS,AZ,AWP,WE,Towers with Radar,100,52,43,39,234,0,4,109,42,155,100,56,152,81,389,70,82,152,541
03/21/2009,TUS,AZ,AWP,WE,Towers with Radar,88,37,53,3,181,1,32,119,11,163,89,69,172,14,344,144,7,151,495
03/22/2009,TUS,AZ,AWP,WE,Towers with Radar,96,57,43,2,198,0,19,93,1,113,96,76,136,3,311,68,0,68,379
03/23/2009,TUS,AZ,AWP,WE,Towers with Radar,97,54,40,39,230,0,18,109,32,159,97,72,149,71,389,72,30,102,491
03/24/2009,TUS,AZ,AWP,WE,Towers with Radar,98,38,45,23,204,0,10,126,27,163,98,48,171,50,367,160,20,180,547
03/25/2009,TUS,AZ,AWP,WE,Towers with Radar,104,49,45,28,226,0,20,120,34,174,104,69,165,62,400,35,64,99,499
03/26/2009,TUS,AZ,AWP,WE,Towers with Radar,135,52,42,44,273,5,18,84,18,125,140,70,126,62,398,122,26,148,546
03/27/2009,TUS,AZ,AWP,WE,Towers with Radar,98,62,66,39,265,0,11,155,16,182,98,73,221,55,447,134,26,160,607
03/28/2009,TUS,AZ,AWP,WE,Towers with Radar,89,38,55,0,182,0,22,144,5,171,89,60,199,5,353,130,2,132,485
03/29/2009,TUS,AZ,AWP,WE,Towers with Radar,94,50,45,4,193,0,13,116,2,131,94,63,161,6,324,112,2,114,438
03/30/2009,TUS,AZ,AWP,WE,Towers with Radar,98,51,47,33,229,0,11,111,11,133,98,62,158,44,362,90,26,116,478
03/31/2009,TUS,AZ,AWP,WE,Towers with Radar,103,45,31,27,206,0,18,119,13,150,103,63,150,40,356,118,20,138,494
04/01/2009,TUS,AZ,AWP,WE,Towers with Radar,104,48,49,42,243,0,14,115,19,148,104,62,164,61,391,0,0,0,391
04/02/2009,TUS,AZ,AWP,WE,Towers with Radar,101,42,38,48,229,0,14,124,29,167,101,56,162,77,396,92,32,124,520
04/03/2009,TUS,AZ,AWP,WE,Towers with Radar,105,45,46,47,243,0,27,73,15,115,105,72,119,62,358,2,8,10,368
04/04/2009,TUS,AZ,AWP,WE,Towers with Radar,90,40,40,53,223,0,10,162,17,189,90,50,202,70,412,66,88,154,566
04/05/2009,TUS,AZ,AWP,WE,Towers with Radar,99,55,56,20,230,0,20,137,7,164,99,75,193,27,394,69,12,81,475
04/06/2009,TUS,AZ,AWP,WE,Towers with Radar,104,47,36,0,187,0,15,105,6,126,104,62,141,6,313,92,2,94,407
04/07/2009,TUS,AZ,AWP,WE,Towers with Radar,104,47,42,32,225,1,29,140,17,187,105,76,182,49,412,110,34,144,556
04/08/2009,TUS,AZ,AWP,WE,Towers with Radar,107,45,36,49,237,0,13,71,13,97,107,58,107,62,334,99,48,147,481
04/09/2009,TUS,AZ,AWP,WE,Towers with Radar,99,49,48,37,233,0,23,131,21,175,99,72,179,58,408,206,18,224,632
04/10/2009,TUS,AZ,AWP,WE,Towers with Radar,106,57,45,21,229,0,16,96,7,119,106,73,141,28,348,87,20,107,455
04/11/2009,TUS,AZ,AWP,WE,Towers with Radar,86,37,22,1,146,0,14,43,2,59,86,51,65,3,205,24,10,34,239
04/12/2009,TUS,AZ,AWP,WE,Towers with Radar,96,48,38,2,184,0,14,103,1,118,96,62,141,3,302,120,0,120,422
04/13/2009,TUS,AZ,AWP,WE,Towers with Radar,100,49,41,46,236,0,3,125,13,141,100,52,166,59,377,111,30,141,518
04/14/2009,TUS,AZ,AWP,WE,Towers with Radar,98,47,39,45,229,0,24,105,17,146,98,71,144,62,375,100,10,110,485
04/15/2009,TUS,AZ,AWP,WE,Towers with Radar,101,56,36,19,212,0,28,79,13,120,101,84,115,32,332,36,38,74,406
04/16/2009,TUS,AZ,AWP,WE,Towers with Radar,102,55,41,43,241,0,21,138,25,184,102,76,179,68,425,184,62,246,671
04/17/2009,TUS,AZ,AWP,WE,Towers with Radar,93,62,37,79,271,0,15,123,32,170,93,77,160,111,441,178,58,236,677
04/18/2009,TUS,AZ,AWP,WE,Towers with Radar,86,42,64,11,203,0,10,233,11,254,86,52,297,22,457,136,0,136,593
04/19/2009,TUS,AZ,AWP,WE,Towers with Radar,94,47,36,10,187,0,11,136,4,151,94,58,172,14,338,116,2,118,456
04/20/2009,TUS,AZ,AWP,WE,Towers with Radar,98,51,41,57,247,0,24,91,20,135,98,75,132,77,382,58,96,154,536
04/21/2009,TUS,AZ,AWP,WE,Towers with Radar,100,46,41,59,246,0,22,119,18,159,100,68,160,77,405,137,26,163,568
04/22/2009,TUS,AZ,AWP,WE,Towers with Radar,97,45,37,47,226,0,19,121,8,148,97,64,158,55,374,141,48,189,563
04/23/2009,TUS,AZ,AWP,WE,Towers with Radar,103,54,58,37,252,0,16,119,20,155,103,70,177,57,407,174,50,224,631
04/24/2009,TUS,AZ,AWP,WE,Towers with Radar,102,48,68,29,247,0,14,151,9,174,102,62,219,38,421,116,36,152,573
04/25/2009,TUS,AZ,AWP,WE,Towers with Radar,83,39,33,1,156,0,18,122,0,140,83,57,155,1,296,162,0,162,458
04/26/2009,TUS,AZ,AWP,WE,Towers with Radar,101,42,42,2,187,0,25,123,1,149,101,67,165,3,336,182,0,182,518
04/27/2009,TUS,AZ,AWP,WE,Towers with Radar,97,39,39,53,228,0,16,91,12,119,97,55,130,65,347,114,50,164,511
04/28/2009,TUS,AZ,AWP,WE,Towers with Radar,102,44,40,39,225,0,15,115,26,156,102,59,155,65,381,118,50,168,549
04/29/2009,TUS,AZ,AWP,WE,Towers with Radar,99,43,56,40,238,0,29,134,25,188,99,72,190,65,426,110,60,170,596
04/30/2009,TUS,AZ,AWP,WE,Towers with Radar,103,49,48,49,249,0,15,148,18,181,103,64,196,67,430,178,40,218,648
05/01/2009,TUS,AZ,AWP,WE,Towers with Radar,106,53,56,64,279,0,7,132,15,154,106,60,188,79,433,60,42,102,535
05/02/2009,TUS,AZ,AWP,WE,Towers with Radar,83,42,35,36,196,0,29,108,21,158,83,71,143,57,354,50,100,150,504
05/03/2009,TUS,AZ,AWP,WE,Towers with Radar,98,45,46,35,224,0,15,103,18,136,98,60,149,53,360,94,14,108,468
05/04/2009,TUS,AZ,AWP,WE,Towers with Radar,100,45,40,6,191,0,16,89,8,113,100,61,129,14,304,104,0,104,408
05/05/2009,TUS,AZ,AWP,WE,Towers with Radar,99,43,59,36,237,0,16,166,89,271,99,59,225,125,508,156,42,198,706
05/06/2009,TUS,AZ,AWP,WE,Towers with Radar,109,37,42,59,247,0,20,152,100,272,109,57,194,159,519,152,52,204,723
05/07/2009,TUS,AZ,AWP,WE,Towers with Radar,102,48,47,42,239,0,12,174,107,293,102,60,221,149,532,166,38,204,736
05/08/2009,TUS,AZ,AWP,WE,Towers with Radar,103,50,52,37,242,0,14,190,73,277,103,64,242,110,519,166,38,204,723
05/09/2009,TUS,AZ,AWP,WE,Towers with Radar,94,40,42,15,191,0,13,203,9,225,94,53,245,24,416,184,0,184,600
05/10/2009,TUS,AZ,AWP,WE,Towers with Radar,98,40,34,3,175,0,20,84,3,107,98,60,118,6,282,76,14,90,372
05/11/2009,TUS,AZ,AWP,WE,Towers with Radar,102,46,38,29,215,0,23,123,18,164,102,69,161,47,379,152,16,168,547
05/12/2009,TUS,AZ,AWP,WE,Towers with Radar,101,44,33,42,220,0,10,121,26,157,101,54,154,68,377,112,54,166,543
05/13/2009,TUS,AZ,AWP,WE,Towers with Radar,102,53,43,38,236,0,16,104,19,139,102,69,147,57,375,92,30,122,497
05/14/2009,TUS,AZ,AWP,WE,Towers with Radar,99,49,43,50,241,0,10,119,29,158,99,59,162,79,399,194,44,238,637
05/15/2009,TUS,AZ,AWP,WE,Towers with Radar,99,55,30,43,227,0,16,111,32,159,99,71,141,75,386,120,29,149,535
05/16/2009,TUS,AZ,AWP,WE,Towers with Radar,92,30,27,1,150,0,22,203,2,227,92,52,230,3,377,171,0,171,548
05/17/2009,TUS,AZ,AWP,WE,Towers with Radar,98,52,35,4,189,0,11,95,1,107,98,63,130,5,296,44,0,44,340
05/18/2009,TUS,AZ,AWP,WE,Towers with Radar,118,47,36,39,240,0,13,91,27,131,118,60,127,66,371,78,48,126,497
05/19/2009,TUS,AZ,AWP,WE,Towers with Radar,98,51,20,59,228,0,13,94,30,137,98,64,114,89,365,128,70,198,563
05/20/2009,TUS,AZ,AWP,WE,Towers with Radar,102,52,43,51,248,0,7,83,29,119,102,59,126,80,367,164,30,194,561
05/21/2009,TUS,AZ,AWP,WE,Towers with Radar,104,50,46,41,241,0,8,62,12,82,104,58,108,53,323,126,20,146,469
05/22/2009,TUS,AZ,AWP,WE,Towers with Radar,100,51,53,50,254,0,14,128,19,161,100,65,181,69,415,158,36,194,609
05/23/2009,TUS,AZ,AWP,WE,Towers with Radar,81,38,36,1,156,0,6,118,2,126,81,44,154,3,282,104,0,104,386
05/24/2009,TUS,AZ,AWP,WE,Towers with Radar,82,31,23,0,136,0,10,78,0,88,82,41,101,0,224,84,0,84,308
05/25/2009,TUS,AZ,AWP,WE,Towers with Radar,95,52,47,1,195,0,19,114,4,137,95,71,161,5,332,134,2,136,468
05/26/2009,TUS,AZ,AWP,WE,Towers with Radar,96,43,41,45,225,0,15,131,22,168,96,58,172,67,393,98,46,144,537
05/27/2009,TUS,AZ,AWP,WE,Towers with Radar,104,48,26,40,218,0,15,123,38,176,104,63,149,78,394,146,58,204,598
05/28/2009,TUS,AZ,AWP,WE,Towers with Radar,109,51,40,53,253,0,17,116,23,156,109,68,156,76,409,106,44,150,559
05/29/2009,TUS,AZ,AWP,WE,Towers with Radar,104,44,51,44,243,0,14,81,42,137,104,58,132,86,380,89,78,167,547
05/30/2009,TUS,AZ,AWP,WE,Towers with Radar,90,33,39,0,162,0,19,108,15,142,90,52,147,15,304,125,2,127,431
05/31/2009,TUS,AZ,AWP,WE,Towers with Radar,95,41,28,3,167,0,8,91,4,103,95,49,119,7,270,0,0,0,270
06/01/2009,TUS,AZ,AWP,WE,Towers with Radar,105,43,36,48,232,0,12,114,27,153,105,55,150,75,385,90,60,150,535
06/02/2009,TUS,AZ,AWP,WE,Towers with Radar,98,39,38,49,224,0,19,95,38,152,98,58,133,87,376,37,20,57,433
06/03/2009,TUS,AZ,AWP,WE,Towers with Radar,107,43,32,55,237,0,29,109,37,175,107,72,141,92,412,122,42,164,576
06/04/2009,TUS,AZ,AWP,WE,Towers with Radar,96,52,31,51,230,0,20,98,41,159,96,72,129,92,389,79,40,119,508
06/05/2009,TUS,AZ,AWP,WE,Towers with Radar,97,56,21,31,205,0,11,104,19,134,97,67,125,50,339,140,46,186,525
06/06/2009,TUS,AZ,AWP,WE,Towers with Radar,86,41,29,22,178,0,8,129,18,155,86,49,158,40,333,138,20,158,491
06/07/2009,TUS,AZ,AWP,WE,Towers with Radar,84,51,38,14,187,0,31,128,8,167,84,82,166,22,354,87,0,87,441
06/08/2009,TUS,AZ,AWP,WE,Towers with Radar,91,49,43,2,185,0,21,90,7,118,91,70,133,9,303,50,2,52,355
06/09/2009,TUS,AZ,AWP,WE,Towers with Radar,91,48,22,40,201,0,13,79,27,119,91,61,101,67,320,62,26,88,408
06/10/2009,TUS,AZ,AWP,WE,Towers with Radar,90,44,40,53,227,0,20,99,25,144,90,64,139,78,371,98,86,184,555
06/11/2009,TUS,AZ,AWP,WE,Towers with Radar,83,56,43,51,233,0,13,89,26,128,83,69,132,77,361,100,38,138,499
06/12/2009,TUS,AZ,AWP,WE,Towers with Radar,90,52,46,34,222,0,21,145,22,188,90,73,191,56,410,148,44,192,602
06/13/2009,TUS,AZ,AWP,WE,Towers with Radar,81,41,25,1,148,0,14,114,1,129,81,55,139,2,277,82,0,82,359
06/14/2009,TUS,AZ,AWP,WE,Towers with Radar,84,49,36,1,170,0,8,135,2,145,84,57,171,3,315,31,34,65,380
06/15/2009,TUS,AZ,AWP,WE,Towers with Radar,84,59,22,40,205,0,15,112,17,144,84,74,134,57,349,170,38,208,557
06/16/2009,TUS,AZ,AWP,WE,Towers with Radar,85,49,31,36,201,0,21,113,22,156,85,70,144,58,357,84,30,114,471
06/17/2009,TUS,AZ,AWP,WE,Towers with Radar,85,51,46,36,218,0,23,96,22,141,85,74,142,58,359,143,94,237,596
06/18/2009,TUS,AZ,AWP,WE,Towers with Radar,89,62,51,53,255,0,18,147,22,187,89,80,198,75,442,200,60,260,702
06/19/2009,TUS,AZ,AWP,WE,Towers with Radar,88,58,36,36,218,0,26,103,28,157,88,84,139,64,375,108,96,204,579
06/20/2009,TUS,AZ,AWP,WE,Towers with Radar,79,46,29,0,154,0,25,112,0,137,79,71,141,0,291,160,0,160,451
06/21/2009,TUS,AZ,AWP,WE,Towers with Radar,86,51,25,0,162,0,10,102,0,112,86,61,127,0,274,71,0,71,345
06/22/2009,TUS,AZ,AWP,WE,Towers with Radar,84,51,29,49,213,0,18,64,13,95,84,69,93,62,308,118,72,190,498
06/23/2009,TUS,AZ,AWP,WE,Towers with Radar,91,44,39,50,224,1,16,123,23,163,92,60,162,73,387,182,58,240,627
06/24/2009,TUS,AZ,AWP,WE,Towers with Radar,83,60,33,40,216,0,14,78,18,110,83,74,111,58,326,38,48,86,412
06/25/2009,TUS,AZ,AWP,WE,Towers with Radar,89,66,38,35,228,0,13,89,36,138,89,79,127,71,366,78,56,134,500
06/26/2009,TUS,AZ,AWP,WE,Towers with Radar,89,56,51,41,237,0,10,142,40,192,89,66,193,81,429,134,68,202,631
06/27/2009,TUS,AZ,AWP,WE,Towers with Radar,87,36,26,0,149,0,18,89,2,109,87,54,115,2,258,114,0,114,372
06/28/2009,TUS,AZ,AWP,WE,Towers with Radar,81,46,25,5,157,0,13,88,0,101,81,59,113,5,258,22,0,22,280
06/29/2009,TUS,AZ,AWP,WE,Towers with Radar,84,52,38,30,204,0,13,54,18,85,84,65,92,48,289,58,38,96,385
06/30/2009,TUS,AZ,AWP,WE,Towers with Radar,90,55,37,33,215,0,17,67,33,117,90,72,104,66,332,44,74,118,450
07/01/2009,TUS,AZ,AWP,WE,Towers with Radar,88,49,26,36,199,0,16,73,27,116,88,65,99,63,315,50,50,100,415
07/02/2009,TUS,AZ,AWP,WE,Towers with Radar,96,53,29,30,208,0,16,113,33,162,96,69,142,63,370,164,84,248,618
07/03/2009,TUS,AZ,AWP,WE,Towers with Radar,81,51,28,0,160,0,34,95,0,129,81,85,123,0,289,82,0,82,371
07/04/2009,TUS,AZ,AWP,WE,Towers with Radar,71,34,12,0,117,0,25,47,3,75,71,59,59,3,192,24,0,24,216
07/05/2009,TUS,AZ,AWP,WE,Towers with Radar,84,41,21,0,146,0,24,89,1,114,84,65,110,1,260,69,0,69,329
07/06/2009,TUS,AZ,AWP,WE,Towers with Radar,87,56,37,36,216,0,16,74,20,110,87,72,111,56,326,88,58,146,472
07/07/2009,TUS,AZ,AWP,WE,Towers with Radar,86,51,25,55,217,0,13,68,32,113,86,64,93,87,330,45,92,137,467
07/08/2009,TUS,AZ,AWP,WE,Towers with Radar,93,55,31,33,212,0,28,84,13,125,93,83,115,46,337,104,82,186,523
07/09/2009,TUS,AZ,AWP,WE,Towers with Radar,87,53,34,41,215,0,11,86,14,111,87,64,120,55,326,69,46,115,441
07/10/2009,TUS,AZ,AWP,WE,Towers with Radar,94,59,27,29,209,0,16,97,20,133,94,75,124,49,342,100,64,164,506
07/11/2009,TUS,AZ,AWP,WE,Towers with Radar,85,41,28,32,186,0,23,126,8,157,85,64,154,40,343,118,12,130,473
07/12/2009,TUS,AZ,AWP,WE,Towers with Radar,82,58,26,22,188,0,10,91,7,108,82,68,117,29,296,68,16,84,380
07/13/2009,TUS,AZ,AWP,WE,Towers with Radar,83,55,22,6,166,0,10,79,3,92,83,65,101,9,258,90,6,96,354
07/14/2009,TUS,AZ,AWP,WE,Towers with Radar,86,54,23,31,194,0,9,72,23,104,86,63,95,54,298,94,82,176,474
07/15/2009,TUS,AZ,AWP,WE,Towers with Radar,86,61,32,48,227,0,26,109,22,157,86,87,141,70,384,164,94,258,642
07/16/2009,TUS,AZ,AWP,WE,Towers with Radar,87,63,27,32,209,0,18,99,43,160,87,81,126,75,369,197,20,217,586
07/17/2009,TUS,AZ,AWP,WE,Towers with Radar,90,55,24,45,214,0,21,88,21,130,90,76,112,66,344,92,48,140,484
07/18/2009,TUS,AZ,AWP,WE,Towers with Radar,89,43,17,0,149,0,21,72,1,94,89,64,89,1,243,92,0,92,335
07/19/2009,TUS,AZ,AWP,WE,Towers with Radar,77,48,19,4,148,0,18,78,4,100,77,66,97,8,248,60,0,60,308
07/20/2009,TUS,AZ,AWP,WE,Towers with Radar,130,64,30,32,256,0,20,76,11,107,130,84,106,43,363,98,72,170,533
07/21/2009,TUS,AZ,AWP,WE,Towers with Radar,88,52,32,31,203,0,12,68,18,98,88,64,100,49,301,116,38,154,455
07/22/2009,TUS,AZ,AWP,WE,Towers with Radar,88,53,18,29,188,0,27,67,18,112,88,80,85,47,300,80,48,128,428
07/23/2009,TUS,AZ,AWP,WE,Towers with Radar,90,61,31,41,223,0,14,71,22,107,90,75,102,63,330,64,54,118,448
07/24/2009,TUS,AZ,AWP,WE,Towers with Radar,91,61,28,33,213,0,16,100,14,130,91,77,128,47,343,92,70,162,505
07/25/2009,TUS,AZ,AWP,WE,Towers with Radar,78,41,17,6,142,0,12,111,2,125,78,53,128,8,267,158,6,164,431
07/26/2009,TUS,AZ,AWP,WE,Towers with Radar,83,52,29,0,164,0,30,78,2,110,83,82,107,2,274,2,22,24,298
07/27/2009,TUS,AZ,AWP,WE,Towers with Radar,85,49,28,40,202,0,17,77,23,117,85,66,105,63,319,72,84,156,475
07/28/2009,TUS,AZ,AWP,WE,Towers with Radar,89,55,33,36,213,0,12,73,17,102,89,67,106,53,315,104,32,136,451
07/29/2009,TUS,AZ,AWP,WE,Towers with Radar,87,55,28,37,207,0,10,86,31,127,87,65,114,68,334,76,82,158,492
07/30/2009,TUS,AZ,AWP,WE,Towers with Radar,89,59,21,41,210,0,23,91,18,132,89,82,112,59,342,140,36,176,518
07/31/2009,TUS,AZ,AWP,WE,Towers with Radar,88,58,33,25,204,0,22,92,24,138,88,80,125,49,342,146,42,188,530
08/01/2009,TUS,AZ,AWP,WE,Towers with Radar,79,42,10,0,131,0,10,110,6,126,79,52,120,6,257,140,0,140,397
08/02/2009,TUS,AZ,AWP,WE,Towers with Radar,81,46,25,0,152,0,18,82,1,101,81,64,107,1,253,30,0,30,283
08/03/2009,TUS,AZ,AWP,WE,Towers with Radar,86,61,22,38,207,0,14,71,41,126,86,75,93,79,333,72,54,126,459
08/04/2009,TUS,AZ,AWP,WE,Towers with Radar,91,56,28,41,216,0,13,84,34,131,91,69,112,75,347,44,28,72,419
08/05/2009,TUS,AZ,AWP,WE,Towers with Radar,90,61,31,37,219,0,8,75,52,135,90,69,106,89,354,66,124,190,544
08/06/2009,TUS,AZ,AWP,WE,Towers with Radar,89,56,44,41,230,0,13,94,37,144,89,69,138,78,374,112,64,176,550
08/07/2009,TUS,AZ,AWP,WE,Towers with Radar,89,64,49,38,240,0,14,94,56,164,89,78,143,94,404,142,74,216,620
08/08/2009,TUS,AZ,AWP,WE,Towers with Radar,81,43,17,26,167,0,16,115,10,141,81,59,132,36,308,68,14,82,390
08/09/2009,TUS,AZ,AWP,WE,Towers with Radar,81,49,27,16,173,2,14,118,5,139,83,63,145,21,312,26,6,32,344
08/10/2009,TUS,AZ,AWP,WE,Towers with Radar,86,56,30,8,180,1,18,94,7,120,87,74,124,15,300,178,18,196,496
08/11/2009,TUS,AZ,AWP,WE,Towers with Radar,86,57,30,24,197,0,16,97,24,137,86,73,127,48,334,60,56,116,450
08/12/2009,TUS,AZ,AWP,WE,Towers with Radar,82,64,32,32,210,0,17,89,15,121,82,81,121,47,331,135,62,197,528
08/13/2009,TUS,AZ,AWP,WE,Towers with Radar,86,55,26,39,206,0,6,67,19,92,86,61,93,58,298,56,50,106,404
08/14/2009,TUS,AZ,AWP,WE,Towers with Radar,90,60,35,29,214,0,21,130,30,181,90,81,165,59,395,170,43,213,608
08/15/2009,TUS,AZ,AWP,WE,Towers with Radar,83,46,32,0,161,0,16,119,0,135,83,62,151,0,296,136,0,136,432
08/16/2009,TUS,AZ,AWP,WE,Towers with Radar,80,49,37,4,170,0,6,101,0,107,80,55,138,4,277,64,0,64,341
08/17/2009,TUS,AZ,AWP,WE,Towers with Radar,86,57,27,30,200,0,24,58,25,107,86,81,85,55,307,40,72,112,419
08/18/2009,TUS,AZ,AWP,WE,Towers with Radar,85,47,43,45,220,0,15,90,26,131,85,62,133,71,351,89,52,141,492
08/19/2009,TUS,AZ,AWP,WE,Towers with Radar,85,56,32,42,215,0,24,96,16,136,85,80,128,58,351,76,54,130,481
08/20/2009,TUS,AZ,AWP,WE,Towers with Radar,89,58,37,38,222,0,27,88,18,133,89,85,125,56,355,132,48,180,535
08/21/2009,TUS,AZ,AWP,WE,Towers with Radar,105,52,26,19,202,0,21,64,12,97,105,73,90,31,299,66,28,94,393
08/22/2009,TUS,AZ,AWP,WE,Towers with Radar,80,42,22,7,151,0,12,74,6,92,80,54,96,13,243,69,0,69,312
08/23/2009,TUS,AZ,AWP,WE,Towers with Radar,85,46,21,1,153,0,17,75,0,92,85,63,96,1,245,42,0,42,287
08/24/2009,TUS,AZ,AWP,WE,Towers with Radar,94,50,28,30,202,0,12,50,18,80,94,62,78,48,282,55,52,107,389
08/25/2009,TUS,AZ,AWP,WE,Towers with Radar,90,47,46,34,217,0,19,78,13,110,90,66,124,47,327,123,28,151,478
08/26/2009,TUS,AZ,AWP,WE,Towers with Radar,91,59,35,40,225,1,16,91,28,136,92,75,126,68,361,78,54,132,493
08/27/2009,TUS,AZ,AWP,WE,Towers with Radar,96,60,30,51,237,0,24,83,22,129,96,84,113,73,366,66,46,112,478
08/28/2009,TUS,AZ,AWP,WE,Towers with Radar,94,52,18,30,194,0,24,70,21,115,94,76,88,51,309,115,80,195,504
08/29/2009,TUS,AZ,AWP,WE,Towers with Radar,76,38,20,5,139,0,6,122,1,129,76,44,142,6,268,98,4,102,370
08/30/2009,TUS,AZ,AWP,WE,Towers with Radar,87,43,22,2,154,0,18,78,2,98,87,61,100,4,252,47,0,47,299
08/31/2009,TUS,AZ,AWP,WE,Towers with Radar,94,49,32,33,208,0,11,50,16,77,94,60,82,49,285,86,44,130,415
09/01/2009,TUS,AZ,AWP,WE,Towers with Radar,96,42,17,32,187,0,14,99,28,141,96,56,116,60,328,98,42,140,468
09/02/2009,TUS,AZ,AWP,WE,Towers with Radar,97,48,28,37,210,0,11,66,10,87,97,59,94,47,297,66,38,104,401
09/03/2009,TUS,AZ,AWP,WE,Towers with Radar,95,43,24,37,199,0,13,89,19,121,95,56,113,56,320,48,84,132,452
09/04/2009,TUS,AZ,AWP,WE,Towers with Radar,101,50,29,16,196,0,24,80,7,111,101,74,109,23,307,34,36,70,377
09/05/2009,TUS,AZ,AWP,WE,Towers with Radar,76,35,12,2,125,0,10,83,2,95,76,45,95,4,220,76,0,76,296
09/06/2009,TUS,AZ,AWP,WE,Towers with Radar,73,33,22,0,128,0,19,62,3,84,73,52,84,3,212,14,0,14,226
09/07/2009,TUS,AZ,AWP,WE,Towers with Radar,89,31,19,1,140,0,21,86,4,111,89,52,105,5,251,78,8,86,337
09/08/2009,TUS,AZ,AWP,WE,Towers with Radar,95,40,13,30,178,0,12,88,18,118,95,52,101,48,296,54,26,80,376
09/09/2009,TUS,AZ,AWP,WE,Towers with Radar,96,46,25,42,209,0,16,82,23,121,96,62,107,65,330,69,64,133,463
09/10/2009,TUS,AZ,AWP,WE,Towers with Radar,100,45,32,39,216,0,14,78,28,120,100,59,110,67,336,190,62,252,588
09/11/2009,TUS,AZ,AWP,WE,Towers with Radar,99,45,37,48,229,0,15,134,17,166,99,60,171,65,395,154,62,216,611
09/12/2009,TUS,AZ,AWP,WE,Towers with Radar,80,32,32,42,186,0,15,120,14,149,80,47,152,56,335,60,72,132,467
09/13/2009,TUS,AZ,AWP,WE,Towers with Radar,92,51,36,11,190,0,9,99,14,122,92,60,135,25,312,14,4,18,330
09/14/2009,TUS,AZ,AWP,WE,Towers with Radar,98,40,26,6,170,0,18,88,8,114,98,58,114,14,284,67,0,67,351
09/15/2009,TUS,AZ,AWP,WE,Towers with Radar,98,43,47,28,216,0,26,116,17,159,98,69,163,45,375,120,46,166,541
09/16/2009,TUS,AZ,AWP,WE,Towers with Radar,94,46,36,44,220,0,12,126,24,162,94,58,162,68,382,125,100,225,607
09/17/2009,TUS,AZ,AWP,WE,Towers with Radar,100,44,37,33,214,0,11,104,29,144,100,55,141,62,358,84,38,122,480
09/18/2009,TUS,AZ,AWP,WE,Towers with Radar,100,58,37,16,211,0,14,85,12,111,100,72,122,28,322,44,22,66,388
09/19/2009,TUS,AZ,AWP,WE,Towers with Radar,82,27,23,3,135,0,12,110,0,122,82,39,133,3,257,81,2,83,340
09/20/2009,TUS,AZ,AWP,WE,Towers with Radar,93,38,37,8,176,0,11,87,6,104,93,49,124,14,280,64,6,70,350
09/21/2009,TUS,AZ,AWP,WE,Towers with Radar,96,48,47,25,216,0,11,113,21,145,96,59,160,46,361,44,32,76,437
09/22/2009,TUS,AZ,AWP,WE,Towers with Radar,98,40,37,30,205,0,14,114,7,135,98,54,151,37,340,108,18,126,466
09/23/2009,TUS,AZ,AWP,WE,Towers with Radar,97,41,34,44,216,0,13,103,17,133,97,54,137,61,349,54,84,138,487
09/24/2009,TUS,AZ,AWP,WE,Towers with Radar,98,45,33,44,220,0,16,123,22,161,98,61,156,66,381,100,60,160,541
09/25/2009,TUS,AZ,AWP,WE,Towers with Radar,101,53,37,33,224,0,14,134,10,158,101,67,171,43,382,97,78,175,557
09/26/2009,TUS,AZ,AWP,WE,Towers with Radar,82,32,29,1,144,0,12,137,1,150,82,44,166,2,294,86,0,86,380
09/27/2009,TUS,AZ,AWP,WE,Towers with Radar,95,44,25,1,165,0,18,107,2,127,95,62,132,3,292,40,0,40,332
09/28/2009,TUS,AZ,AWP,WE,Towers with Radar,97,34,24,30,185,0,16,93,15,124,97,50,117,45,309,70,30,100,409
09/29/2009,TUS,AZ,AWP,WE,Towers with Radar,94,42,25,32,193,0,9,124,27,160,94,51,149,59,353,84,38,122,475
09/30/2009,TUS,AZ,AWP,WE,Towers with Radar,93,39,38,4,174,0,15,72,9,96,93,54,110,13,270,45,0,45,315
10/01/2009,TUS,AZ,AWP,WE,Towers with Radar,102,55,33,42,232,0,15,124,16,155,102,70,157,58,387,182,50,232,619
10/02/2009,TUS,AZ,AWP,WE,Towers with Radar,96,59,48,43,246,0,13,130,19,162,96,72,178,62,408,154,64,218,626
10/03/2009,TUS,AZ,AWP,WE,Towers with Radar,83,29,17,32,161,0,10,83,14,107,83,39,100,46,268,138,32,170,438
10/04/2009,TUS,AZ,AWP,WE,Towers with Radar,97,41,31,21,190,0,10,79,9,98,97,51,110,30,288,16,38,54,342
10/05/2009,TUS,AZ,AWP,WE,Towers with Radar,95,56,21,17,189,0,11,81,14,106,95,67,102,31,295,68,36,104,399
10/06/2009,TUS,AZ,AWP,WE,Towers with Radar,93,44,29,29,195,0,8,114,19,141,93,52,143,48,336,104,48,152,488
10/07/2009,TUS,AZ,AWP,WE,Towers with Radar,97,47,25,47,216,0,11,101,22,134,97,58,126,69,350,121,56,177,527
10/08/2009,TUS,AZ,AWP,WE,Towers with Radar,103,53,45,55,256,2,11,144,20,177,105,64,189,75,433,136,74,210,643
10/09/2009,TUS,AZ,AWP,WE,Towers with Radar,101,50,29,17,197,0,8,137,17,162,101,58,166,34,359,128,54,182,541
10/10/2009,TUS,AZ,AWP,WE,Towers with Radar,77,32,32,18,159,0,10,113,6,129,77,42,145,24,288,94,22,116,404
10/11/2009,TUS,AZ,AWP,WE,Towers with Radar,98,39,36,2,175,0,19,116,0,135,98,58,152,2,310,32,0,32,342
10/12/2009,TUS,AZ,AWP,WE,Towers with Radar,93,45,45,10,193,0,13,86,5,104,93,58,131,15,297,80,6,86,383
10/13/2009,TUS,AZ,AWP,WE,Towers with Radar,94,40,62,40,236,0,12,98,12,122,94,52,160,52,358,80,42,122,480
10/14/2009,TUS,AZ,AWP,WE,Towers with Radar,92,42,67,47,248,0,14,119,8,141,92,56,186,55,389,136,36,172,561
10/15/2009,TUS,AZ,AWP,WE,Towers with Radar,102,50,30,52,234,0,12,137,17,166,102,62,167,69,400,86,50,136,536
10/16/2009,TUS,AZ,AWP,WE,Towers with Radar,104,81,50,42,277,0,49,119,11,179,104,130,169,53,456,60,32,92,548
10/17/2009,TUS,AZ,AWP,WE,Towers with Radar,80,38,36,2,156,0,36,127,1,164,80,74,163,3,320,42,0,42,362
10/18/2009,TUS,AZ,AWP,WE,Towers with Radar,92,45,86,18,241,0,14,94,3,111,92,59,180,21,352,36,2,38,390
10/19/2009,TUS,AZ,AWP,WE,Towers with Radar,95,62,30,38,225,0,5,88,15,108,95,67,118,53,333,62,62,124,457
10/20/2009,TUS,AZ,AWP,WE,Towers with Radar,94,50,28,47,219,0,16,88,28,132,94,66,116,75,351,56,74,130,481
10/21/2009,TUS,AZ,AWP,WE,Towers with Radar,93,58,32,54,237,0,37,148,17,202,93,95,180,71,439,202,60,262,701
10/22/2009,TUS,AZ,AWP,WE,Towers with Radar,95,49,40,61,245,0,21,123,20,164,95,70,163,81,409,167,56,223,632
10/23/2009,TUS,AZ,AWP,WE,Towers with Radar,102,69,43,56,270,0,17,118,20,155,102,86,161,76,425,60,62,122,547
10/24/2009,TUS,AZ,AWP,WE,Towers with Radar,76,37,29,4,146,0,17,132,0,149,76,54,161,4,295,90,0,90,385
10/25/2009,TUS,AZ,AWP,WE,Towers with Radar,91,52,39,10,192,0,17,121,0,138,91,69,160,10,330,62,6,68,398
10/26/2009,TUS,AZ,AWP,WE,Towers with Radar,99,50,43,61,253,0,19,138,34,191,99,69,181,95,444,110,102,212,656
10/27/2009,TUS,AZ,AWP,WE,Towers with Radar,96,53,40,5,194,1,13,81,9,104,97,66,121,14,298,16,2,18,316
10/28/2009,TUS,AZ,AWP,WE,Towers with Radar,96,47,43,37,223,0,30,88,33,151,96,77,131,70,374,54,31,85,459
10/29/2009,TUS,AZ,AWP,WE,Towers with Radar,97,52,35,44,228,0,27,119,27,173,97,79,154,71,401,156,40,196,597
10/30/2009,TUS,AZ,AWP,WE,Towers with Radar,102,53,33,17,205,0,30,155,20,205,102,83,188,37,410,150,26,176,586
10/31/2009,TUS,AZ,AWP,WE,Towers with Radar,74,34,25,1,134,0,10,190,0,200,74,44,215,1,334,78,0,78,412
11/01/2009,TUS,AZ,AWP,WE,Towers with Radar,95,39,23,0,157,0,10,88,0,98,95,49,111,0,255,28,0,28,283
11/02/2009,TUS,AZ,AWP,WE,Towers with Radar,93,44,11,41,189,0,5,93,22,120,93,49,104,63,309,32,26,58,367
11/03/2009,TUS,AZ,AWP,WE,Towers with Radar,95,39,38,60,232,0,10,107,30,147,95,49,145,90,379,102,88,190,569
11/04/2009,TUS,AZ,AWP,WE,Towers with Radar,93,43,21,50,207,0,16,123,24,163,93,59,144,74,370,116,46,162,532
11/05/2009,TUS,AZ,AWP,WE,Towers with Radar,102,54,57,53,266,0,19,131,28,178,102,73,188,81,444,70,61,131,575
11/06/2009,TUS,AZ,AWP,WE,Towers with Radar,102,47,30,38,217,0,32,159,17,208,102,79,189,55,425,95,26,121,546
11/07/2009,TUS,AZ,AWP,WE,Towers with Radar,84,43,15,35,177,1,17,189,16,223,85,60,204,51,400,160,52,212,612
11/08/2009,TUS,AZ,AWP,WE,Towers with Radar,94,47,33,18,192,0,12,144,1,157,94,59,177,19,349,42,22,64,413
11/09/2009,TUS,AZ,AWP,WE,Towers with Radar,95,40,58,7,200,0,8,93,1,102,95,48,151,8,302,60,2,62,364
11/10/2009,TUS,AZ,AWP,WE,Towers with Radar,95,38,41,41,215,0,14,107,27,148,95,52,148,68,363,90,44,134,497
11/11/2009,TUS,AZ,AWP,WE,Towers with Radar,95,41,36,1,173,0,17,107,3,127,95,58,143,4,300,0,0,0,300
11/12/2009,TUS,AZ,AWP,WE,Towers with Radar,96,46,41,32,215,0,10,95,21,126,96,56,136,53,341,148,0,148,489
11/13/2009,TUS,AZ,AWP,WE,Towers with Radar,98,46,47,32,223,0,21,76,21,118,98,67,123,53,341,74,40,114,455
11/14/2009,TUS,AZ,AWP,WE,Towers with Radar,77,36,23,0,136,0,14,166,0,180,77,50,189,0,316,102,0,102,418
11/15/2009,TUS,AZ,AWP,WE,Towers with Radar,94,37,36,12,179,0,2,114,0,116,94,39,150,12,295,32,12,44,339
11/16/2009,TUS,AZ,AWP,WE,Towers with Radar,97,40,45,49,231,0,7,95,20,122,97,47,140,69,353,50,76,126,479
11/17/2009,TUS,AZ,AWP,WE,Towers with Radar,96,46,47,68,257,0,25,94,23,142,96,71,141,91,399,64,88,152,551
11/18/2009,TUS,AZ,AWP,WE,Towers with Radar,95,45,40,40,220,0,13,110,17,140,95,58,150,57,360,138,62,200,560
11/19/2009,TUS,AZ,AWP,WE,Towers with Radar,98,52,44,41,235,0,9,134,20,163,98,61,178,61,398,72,60,132,530
11/20/2009,TUS,AZ,AWP,WE,Towers with Radar,102,49,47,39,237,3,26,133,29,191,105,75,180,68,428,73,44,117,545
11/21/2009,TUS,AZ,AWP,WE,Towers with Radar,77,53,37,0,167,0,12,206,3,221,77,65,243,3,388,176,2,178,566
11/22/2009,TUS,AZ,AWP,WE,Towers with Radar,96,45,42,2,185,0,15,135,13,163,96,60,177,15,348,88,0,88,436
11/23/2009,TUS,AZ,AWP,WE,Towers with Radar,94,47,31,39,211,0,18,123,24,165,94,65,154,63,376,50,100,150,526
11/24/2009,TUS,AZ,AWP,WE,Towers with Radar,100,38,42,44,224,0,27,160,26,213,100,65,202,70,437,168,44,212,649
11/25/2009,TUS,AZ,AWP,WE,Towers with Radar,105,49,39,49,242,0,8,148,14,170,105,57,187,63,412,64,62,126,538
11/26/2009,TUS,AZ,AWP,WE,Towers with Radar,65,29,18,0,112,0,21,50,5,76,65,50,68,5,188,30,0,30,218
11/27/2009,TUS,AZ,AWP,WE,Towers with Radar,81,44,16,2,143,0,14,116,1,131,81,58,132,3,274,121,0,121,395
11/28/2009,TUS,AZ,AWP,WE,Towers with Radar,94,34,29,1,158,0,16,86,1,103,94,50,115,2,261,66,0,66,327
11/29/2009,TUS,AZ,AWP,WE,Towers with Radar,108,40,40,5,193,0,8,80,1,89,108,48,120,6,282,24,0,24,306
11/30/2009,TUS,AZ,AWP,WE,Towers with Radar,102,54,33,32,221,0,22,68,8,98,102,76,101,40,319,33,42,75,394
12/01/2009,TUS,AZ,AWP,WE,Towers with Radar,97,49,41,36,223,0,7,115,30,152,97,56,156,66,375,94,42,136,511
12/02/2009,TUS,AZ,AWP,WE,Towers with Radar,93,43,44,34,214,0,9,106,26,141,93,52,150,60,355,64,63,127,482
12/03/2009,TUS,AZ,AWP,WE,Towers with Radar,98,43,43,38,222,0,15,119,26,160,98,58,162,64,382,48,0,48,430
12/04/2009,TUS,AZ,AWP,WE,Towers with Radar,99,46,59,49,253,0,19,117,13,149,99,65,176,62,402,104,30,134,536
12/05/2009,TUS,AZ,AWP,WE,Towers with Radar,84,44,33,38,199,0,11,137,24,172,84,55,170,62,371,29,30,59,430
12/06/2009,TUS,AZ,AWP,WE,Towers with Radar,91,43,40,25,199,0,2,81,7,90,91,45,121,32,289,38,16,54,343
12/07/2009,TUS,AZ,AWP,WE,Towers with Radar,109,51,30,15,205,0,12,57,2,71,109,63,87,17,276,90,8,98,374
12/08/2009,TUS,AZ,AWP,WE,Towers with Radar,110,60,39,27,236,0,8,22,6,36,110,68,61,33,272,144,30,174,446
12/09/2009,TUS,AZ,AWP,WE,Towers with Radar,96,50,62,49,257,0,10,112,22,144,96,60,174,71,401,274,48,322,723
12/10/2009,TUS,AZ,AWP,WE,Towers with Radar,102,49,54,66,271,0,21,103,26,150,102,70,157,92,421,140,30,170,591
12/11/2009,TUS,AZ,AWP,WE,Towers with Radar,97,44,36,48,225,0,12,70,25,107,97,56,106,73,332,128,50,178,510
12/12/2009,TUS,AZ,AWP,WE,Towers with Radar,80,42,33,2,157,1,14,167,1,183,81,56,200,3,340,89,12,101,441
12/13/2009,TUS,AZ,AWP,WE,Towers with Radar,90,40,31,2,163,0,12,75,3,90,90,52,106,5,253,54,0,54,307
12/14/2009,TUS,AZ,AWP,WE,Towers with Radar,95,41,33,61,230,0,24,62,15,101,95,65,95,76,331,44,74,118,449
12/15/2009,TUS,AZ,AWP,WE,Towers with Radar,98,35,43,57,233,0,10,90,43,143,98,45,133,100,376,68,62,130,506
12/16/2009,TUS,AZ,AWP,WE,Towers with Radar,97,38,38,51,224,0,16,93,34,143,97,54,131,85,367,98,42,140,507
12/17/2009,TUS,AZ,AWP,WE,Towers with Radar,99,49,51,50,249,0,11,115,30,156,99,60,166,80,405,136,30,166,571
12/18/2009,TUS,AZ,AWP,WE,Towers with Radar,97,50,46,51,244,0,10,131,15,156,97,60,177,66,400,53,56,109,509
12/19/2009,TUS,AZ,AWP,WE,Towers with Radar,85,50,36,9,180,0,18,108,1,127,85,68,144,10,307,103,14,117,424
12/20/2009,TUS,AZ,AWP,WE,Towers with Radar,94,50,21,3,168,0,10,81,0,91,94,60,102,3,259,30,6,36,295
12/21/2009,TUS,AZ,AWP,WE,Towers with Radar,91,52,35,35,213,0,19,99,15,133,91,71,134,50,346,104,36,140,486
12/22/2009,TUS,AZ,AWP,WE,Towers with Radar,102,52,26,21,201,0,13,49,9,71,102,65,75,30,272,44,24,68,340
12/23/2009,TUS,AZ,AWP,WE,Towers with Radar,94,53,31,36,214,0,8,94,21,123,94,61,125,57,337,96,36,132,469
12/24/2009,TUS,AZ,AWP,WE,Towers with Radar,90,31,22,21,164,0,34,75,20,129,90,65,97,41,293,48,40,88,381
12/25/2009,TUS,AZ,AWP,WE,Towers with Radar,93,35,10,0,138,0,9,33,1,43,93,44,43,1,181,5,0,5,186
12/26/2009,TUS,AZ,AWP,WE,Towers with Radar,82,46,41,0,169,0,8,102,0,110,82,54,143,0,279,53,0,53,332
12/27/2009,TUS,AZ,AWP,WE,Towers with Radar,93,50,49,1,193,0,18,88,1,107,93,68,137,2,300,56,0,56,356
12/28/2009,TUS,AZ,AWP,WE,Towers with Radar,101,46,37,31,215,0,10,84,17,111,101,56,121,48,326,66,26,92,418
12/29/2009,TUS,AZ,AWP,WE,Towers with Radar,102,56,57,31,246,0,14,88,18,120,102,70,145,49,366,102,48,150,516
12/30/2009,TUS,AZ,AWP,WE,Towers with Radar,99,56,43,36,234,0,15,120,21,156,99,71,163,57,390,62,58,120,510
12/31/2009,TUS,AZ,AWP,WE,Towers with Radar,94,43,39,40,216,0,14,85,10,109,94,57,124,50,325,111,20,131,456
01/01/2010,TUS,AZ,AWP,WE,Towers with Radar,96,45,6,2,149,0,7,79,3,89,96,52,85,5,238,3,0,3,241
01/02/2010,TUS,AZ,AWP,WE,Towers with Radar,87,47,37,0,171,0,16,100,4,120,87,63,137,4,291,151,0,151,442
01/03/2010,TUS,AZ,AWP,WE,Towers with Radar,100,54,55,3,212,0,8,79,2,89,100,62,134,5,301,48,0,48,349
01/04/2010,TUS,AZ,AWP,WE,Towers with Radar,101,44,38,3,186,0,8,53,5,66,101,52,91,8,252,42,4,46,298
01/05/2010,TUS,AZ,AWP,WE,Towers with Radar,99,36,41,45,221,0,25,93,22,140,99,61,134,67,361,68,72,140,501
01/06/2010,TUS,AZ,AWP,WE,Towers with Radar,95,46,33,53,227,0,21,65,23,109,95,67,98,76,336,118,90,208,544
01/07/2010,TUS,AZ,AWP,WE,Towers with Radar,96,45,53,58,252,0,15,94,15,124,96,60,147,73,376,72,66,138,514
01/08/2010,TUS,AZ,AWP,WE,Towers with Radar,97,45,50,44,236,0,12,116,19,147,97,57,166,63,383,111,60,171,554
01/09/2010,TUS,AZ,AWP,WE,Towers with Radar,85,37,31,42,195,0,19,211,22,252,85,56,242,64,447,82,16,98,545
01/10/2010,TUS,AZ,AWP,WE,Towers with Radar,93,44,34,15,186,0,22,88,18,128,93,66,122,33,314,26,28,54,368
01/11/2010,TUS,AZ,AWP,WE,Towers with Radar,104,40,36,12,192,0,17,80,6,103,104,57,116,18,295,52,2,54,349
01/12/2010,TUS,AZ,AWP,WE,Towers with Radar,97,48,51,52,248,0,8,95,33,136,97,56,146,85,384,41,71,112,496
01/13/2010,TUS,AZ,AWP,WE,Towers with Radar,98,46,30,57,231,0,19,95,33,147,98,65,125,90,378,46,38,84,462
01/14/2010,TUS,AZ,AWP,WE,Towers with Radar,103,47,47,49,246,0,19,101,34,154,103,66,148,83,400,54,70,124,524
01/15/2010,TUS,AZ,AWP,WE,Towers with Radar,104,41,56,45,246,0,14,144,27,185,104,55,200,72,431,88,70,158,589
01/16/2010,TUS,AZ,AWP,WE,Towers with Radar,77,36,68,20,201,0,17,238,11,266,77,53,306,31,467,34,58,92,559
01/17/2010,TUS,AZ,AWP,WE,Towers with Radar,95,34,52,1,182,0,20,147,6,173,95,54,199,7,355,62,0,62,417
01/18/2010,TUS,AZ,AWP,WE,Towers with Radar,102,51,59,5,217,0,18,76,2,96,102,69,135,7,313,86,2,88,401
01/19/2010,TUS,AZ,AWP,WE,Towers with Radar,102,39,47,53,241,0,10,38,32,80,102,49,85,85,321,18,110,128,449
01/20/2010,TUS,AZ,AWP,WE,Towers with Radar,102,41,30,43,216,0,15,77,16,108,102,56,107,59,324,100,26,126,450
01/21/2010,TUS,AZ,AWP,WE,Towers with Radar,93,53,33,22,201,0,3,16,8,27,93,56,49,30,228,2,2,4,232
01/22/2010,TUS,AZ,AWP,WE,Towers with Radar,119,50,31,19,219,0,0,16,1,17,119,50,47,20,236,8,12,20,256
01/23/2010,TUS,AZ,AWP,WE,Towers with Radar,80,47,31,2,160,0,22,78,1,101,80,69,109,3,261,51,10,61,322
01/24/2010,TUS,AZ,AWP,WE,Towers with Radar,91,53,33,2,179,0,22,119,2,143,91,75,152,4,322,94,0,94,416
01/25/2010,TUS,AZ,AWP,WE,Towers with Radar,105,40,41,47,233,0,9,114,25,148,105,49,155,72,381,95,48,143,524
01/26/2010,TUS,AZ,AWP,WE,Towers with Radar,103,50,51,69,273,0,22,86,32,140,103,72,137,101,413,163,68,231,644
01/27/2010,TUS,AZ,AWP,WE,Towers with Radar,101,52,45,61,259,0,7,100,21,128,101,59,145,82,387,82,94,176,563
01/28/2010,TUS,AZ,AWP,WE,Towers with Radar,103,60,34,38,235,0,7,53,8,68,103,67,87,46,303,16,8,24,327
01/29/2010,TUS,AZ,AWP,WE,Towers with Radar,104,61,56,48,269,0,14,138,26,178,104,75,194,74,447,161,81,242,689
01/30/2010,TUS,AZ,AWP,WE,Towers with Radar,79,39,36,5,159,0,20,191,2,213,79,59,227,7,372,74,16,90,462
01/31/2010,TUS,AZ,AWP,WE,Towers with Radar,95,48,44,5,192,0,11,128,1,140,95,59,172,6,332,52,0,52,384
02/01/2010,TUS,AZ,AWP,WE,Towers with Radar,103,47,22,38,210,0,12,68,22,102,103,59,90,60,312,54,66,120,432
02/02/2010,TUS,AZ,AWP,WE,Towers with Radar,105,44,41,36,226,0,18,107,15,140,105,62,148,51,366,158,60,218,584
02/03/2010,TUS,AZ,AWP,WE,Towers with Radar,103,48,39,38,228,0,4,54,17,75,103,52,93,55,303,106,24,130,433
02/04/2010,TUS,AZ,AWP,WE,Towers with Radar,105,42,40,50,237,0,9,116,15,140,105,51,156,65,377,178,60,238,615
02/05/2010,TUS,AZ,AWP,WE,Towers with Radar,109,61,53,48,271,0,17,103,20,140,109,78,156,68,411,213,52,265,676
02/06/2010,TUS,AZ,AWP,WE,Towers with Radar,88,41,35,35,199,0,25,118,15,158,88,66,153,50,357,104,36,140,497
02/07/2010,TUS,AZ,AWP,WE,Towers with Radar,95,39,35,14,183,0,8,20,2,30,95,47,55,16,213,18,0,18,231
02/08/2010,TUS,AZ,AWP,WE,Towers with Radar,101,53,38,8,200,0,14,85,11,110,101,67,123,19,310,130,2,132,442
02/09/2010,TUS,AZ,AWP,WE,Towers with Radar,103,50,60,44,257,0,14,117,23,154,103,64,177,67,411,98,72,170,581
02/10/2010,TUS,AZ,AWP,WE,Towers with Radar,110,49,40,33,232,0,13,66,20,99,110,62,106,53,331,24,32,56,387
02/11/2010,TUS,AZ,AWP,WE,Towers with Radar,93,64,44,47,248,0,10,102,16,128,93,74,146,63,376,116,58,174,550
02/12/2010,TUS,AZ,AWP,WE,Towers with Radar,105,55,55,65,280,0,17,151,25,193,105,72,206,90,473,82,124,206,679
02/13/2010,TUS,AZ,AWP,WE,Towers with Radar,96,48,39,16,199,0,11,197,4,212,96,59,236,20,411,172,18,190,601
02/14/2010,TUS,AZ,AWP,WE,Towers with Radar,101,61,30,10,202,0,14,132,0,146,101,75,162,10,348,74,8,82,430
02/15/2010,TUS,AZ,AWP,WE,Towers with Radar,105,46,46,4,201,0,17,108,6,131,105,63,154,10,332,34,0,34,366
02/16/2010,TUS,AZ,AWP,WE,Towers with Radar,103,59,34,50,246,0,22,115,30,167,103,81,149,80,413,32,57,89,502
02/17/2010,TUS,AZ,AWP,WE,Towers with Radar,103,55,40,41,239,0,27,117,64,208,103,82,157,105,447,124,64,188,635
02/18/2010,TUS,AZ,AWP,WE,Towers with Radar,112,63,54,48,277,0,20,134,27,181,112,83,188,75,458,120,42,162,620
02/19/2010,TUS,AZ,AWP,WE,Towers with Radar,114,64,52,24,254,0,14,105,24,143,114,78,157,48,397,72,24,96,493
02/20/2010,TUS,AZ,AWP,WE,Towers with Radar,94,57,38,4,193,0,11,89,2,102,94,68,127,6,295,10,0,10,305
02/21/2010,TUS,AZ,AWP,WE,Towers with Radar,98,58,59,1,216,0,6,70,1,77,98,64,129,2,293,10,0,10,303
02/22/2010,TUS,AZ,AWP,WE,Towers with Radar,108,45,39,3,195,0,18,28,5,51,108,63,67,8,246,8,6,14,260
02/23/2010,TUS,AZ,AWP,WE,Towers with Radar,98,64,47,57,266,0,9,101,27,137,98,73,148,84,403,112,95,207,610
02/24/2010,TUS,AZ,AWP,WE,Towers with Radar,106,55,65,50,276,0,20,118,32,170,106,75,183,82,446,88,88,176,622
02/25/2010,TUS,AZ,AWP,WE,Towers with Radar,112,61,60,44,277,0,18,108,23,149,112,79,168,67,426,55,44,99,525
02/26/2010,TUS,AZ,AWP,WE,Towers with Radar,106,58,47,31,242,0,23,149,22,194,106,81,196,53,436,80,56,136,572
02/27/2010,TUS,AZ,AWP,WE,Towers with Radar,95,48,61,1,205,0,14,87,2,103,95,62,148,3,308,62,2,64,372
02/28/2010,TUS,AZ,AWP,WE,Towers with Radar,102,56,61,3,222,0,0,15,7,22,102,56,76,10,244,16,8,24,268
03/01/2010,TUS,AZ,AWP,WE,Towers with Radar,110,48,37,38,233,0,11,106,14,131,110,59,143,52,364,36,16,52,416
03/02/2010,TUS,AZ,AWP,WE,Towers with Radar,101,57,52,37,247,0,16,112,21,149,101,73,164,58,396,94,68,162,558
03/03/2010,TUS,AZ,AWP,WE,Towers with Radar,110,52,47,47,256,0,15,103,39,157,110,67,150,86,413,128,56,184,597
03/04/2010,TUS,AZ,AWP,WE,Towers with Radar,102,64,39,38,243,0,7,93,21,121,102,71,132,59,364,52,44,96,460
03/05/2010,TUS,AZ,AWP,WE,Towers with Radar,106,73,41,53,273,0,16,145,31,192,106,89,186,84,465,100,74,174,639
03/06/2010,TUS,AZ,AWP,WE,Towers with Radar,101,51,43,1,196,0,14,160,1,175,101,65,203,2,371,54,0,54,425
03/07/2010,TUS,AZ,AWP,WE,Towers with Radar,98,50,37,3,188,0,7,39,1,47,98,57,76,4,235,16,4,20,255
03/08/2010,TUS,AZ,AWP,WE,Towers with Radar,107,63,20,23,213,0,18,42,8,68,107,81,62,31,281,64,10,74,355
03/09/2010,TUS,AZ,AWP,WE,Towers with Radar,106,59,49,44,258,0,10,90,14,114,106,69,139,58,372,6,60,66,438
03/10/2010,TUS,AZ,AWP,WE,Towers with Radar,110,49,48,58,265,0,14,121,23,158,110,63,169,81,423,136,82,218,641
03/11/2010,TUS,AZ,AWP,WE,Towers with Radar,104,60,49,43,256,2,24,140,26,192,106,84,189,69,448,110,102,212,660
03/12/2010,TUS,AZ,AWP,WE,Towers with Radar,106,59,50,51,266,0,18,173,20,211,106,77,223,71,477,96,50,146,623
03/13/2010,TUS,AZ,AWP,WE,Towers with Radar,98,59,45,35,237,0,30,212,10,252,98,89,257,45,489,104,92,196,685
03/14/2010,TUS,AZ,AWP,WE,Towers with Radar,107,55,36,17,215,0,13,125,13,151,107,68,161,30,366,48,26,74,440
03/15/2010,TUS,AZ,AWP,WE,Towers with Radar,108,50,36,2,196,0,15,106,11,132,108,65,142,13,328,32,2,34,362
03/16/2010,TUS,AZ,AWP,WE,Towers with Radar,101,62,42,27,232,0,15,105,14,134,101,77,147,41,366,130,48,178,544
03/17/2010,TUS,AZ,AWP,WE,Towers with Radar,106,63,39,24,232,0,22,103,11,136,106,85,142,35,368,66,30,96,464
03/18/2010,TUS,AZ,AWP,WE,Towers with Radar,104,51,48,42,245,0,16,147,26,189,104,67,195,68,434,90,32,122,556
03/19/2010,TUS,AZ,AWP,WE,Towers with Radar,109,50,52,44,255,0,5,110,15,130,109,55,162,59,385,36,32,68,453
03/20/2010,TUS,AZ,AWP,WE,Towers with Radar,99,47,31,12,189,0,7,105,8,120,99,54,136,20,309,28,8,36,345
03/21/2010,TUS,AZ,AWP,WE,Towers with Radar,102,38,78,7,225,0,15,112,3,130,102,53,190,10,355,60,2,62,417
03/22/2010,TUS,AZ,AWP,WE,Towers with Radar,108,54,49,44,255,0,14,114,11,139,108,68,163,55,394,62,60,122,516
03/23/2010,TUS,AZ,AWP,WE,Towers with Radar,102,54,32,23,211,0,8,81,23,112,102,62,113,46,323,78,42,120,443
03/24/2010,TUS,AZ,AWP,WE,Towers with Radar,101,54,33,38,226,0,14,119,16,149,101,68,152,54,375,190,48,238,613
03/25/2010,TUS,AZ,AWP,WE,Towers with Radar,109,51,63,45,268,0,20,128,32,180,109,71,191,77,448,52,24,76,524
03/26/2010,TUS,AZ,AWP,WE,Towers with Radar,106,65,42,39,252,0,15,118,20,153,106,80,160,59,405,104,26,130,535
03/27/2010,TUS,AZ,AWP,WE,Towers with Radar,95,61,35,12,203,0,10,171,3,184,95,71,206,15,387,110,0,110,497
03/28/2010,TUS,AZ,AWP,WE,Towers with Radar,100,50,32,1,183,0,7,39,2,48,100,57,71,3,231,138,0,138,369
03/29/2010,TUS,AZ,AWP,WE,Towers with Radar,105,60,53,31,249,0,17,117,15,149,105,77,170,46,398,108,38,146,544
03/30/2010,TUS,AZ,AWP,WE,Towers with Radar,103,57,51,44,255,0,19,118,20,157,103,76,169,64,412,60,20,80,492
03/31/2010,TUS,AZ,AWP,WE,Towers with Radar,103,71,33,14,221,0,23,62,12,97,103,94,95,26,318,60,4,64,382
04/01/2010,TUS,AZ,AWP,WE,Towers with Radar,110,68,38,54,270,0,27,69,19,115,110,95,107,73,385,92,50,142,527
04/02/2010,TUS,AZ,AWP,WE,Towers with Radar,107,50,46,33,236,0,8,135,19,162,107,58,181,52,398,124,20,144,542
04/03/2010,TUS,AZ,AWP,WE,Towers with Radar,92,47,24,0,163,0,20,97,4,121,92,67,121,4,284,76,0,76,360
04/04/2010,TUS,AZ,AWP,WE,Towers with Radar,97,50,21,2,170,0,15,69,2,86,97,65,90,4,256,34,0,34,290
04/05/2010,TUS,AZ,AWP,WE,Towers with Radar,105,47,38,41,231,0,20,77,27,124,105,67,115,68,355,36,46,82,437
04/06/2010,TUS,AZ,AWP,WE,Towers with Radar,98,49,43,43,233,0,26,98,27,151,98,75,141,70,384,148,46,194,578
04/07/2010,TUS,AZ,AWP,WE,Towers with Radar,94,54,44,48,240,0,16,119,52,187,94,70,163,100,427,191,58,249,676
04/08/2010,TUS,AZ,AWP,WE,Towers with Radar,104,48,55,27,234,0,21,130,41,192,104,69,185,68,426,106,54,160,586
04/09/2010,TUS,AZ,AWP,WE,Towers with Radar,98,49,36,43,226,0,28,141,44,213,98,77,177,87,439,218,52,270,709
04/10/2010,TUS,AZ,AWP,WE,Towers with Radar,96,50,52,19,217,0,18,240,33,291,96,68,292,52,508,142,12,154,662
04/11/2010,TUS,AZ,AWP,WE,Towers with Radar,99,42,60,20,221,0,26,130,10,166,99,68,190,30,387,61,24,85,472
04/12/2010,TUS,AZ,AWP,WE,Towers with Radar,98,51,39,12,200,0,22,80,33,135,98,73,119,45,335,44,10,54,389
04/13/2010,TUS,AZ,AWP,WE,Towers with Radar,98,55,41,36,230,0,21,101,28,150,98,76,142,64,380,152,56,208,588
04/14/2010,TUS,AZ,AWP,WE,Towers with Radar,96,53,43,38,230,0,7,146,16,169,96,60,189,54,399,146,76,222,621
04/15/2010,TUS,AZ,AWP,WE,Towers with Radar,102,50,63,47,262,0,24,122,32,178,102,74,185,79,440,102,44,146,586
04/16/2010,TUS,AZ,AWP,WE,Towers with Radar,102,56,40,41,239,0,35,100,30,165,102,91,140,71,404,74,62,136,540
04/17/2010,TUS,AZ,AWP,WE,Towers with Radar,89,54,31,2,176,0,17,188,7,212,89,71,219,9,388,105,0,105,493
04/18/2010,TUS,AZ,AWP,WE,Towers with Radar,98,50,44,1,193,0,20,108,7,135,98,70,152,8,328,102,2,104,432
04/19/2010,TUS,AZ,AWP,WE,Towers with Radar,101,47,31,38,217,0,25,80,12,117,101,72,111,50,334,118,52,170,504
04/20/2010,TUS,AZ,AWP,WE,Towers with Radar,97,46,50,43,236,0,31,110,25,166,97,77,160,68,402,170,64,234,636
04/21/2010,TUS,AZ,AWP,WE,Towers with Radar,97,52,40,30,219,0,26,85,13,124,97,78,125,43,343,65,30,95,438
04/22/2010,TUS,AZ,AWP,WE,Towers with Radar,107,51,58,42,258,0,10,55,11,76,107,61,113,53,334,120,20,140,474
04/23/2010,TUS,AZ,AWP,WE,Towers with Radar,101,66,36,63,266,0,11,77,6,94,101,77,113,69,360,126,34,160,520
04/24/2010,TUS,AZ,AWP,WE,Towers with Radar,89,48,35,3,175,0,23,232,5,260,89,71,267,8,435,88,4,92,527
04/25/2010,TUS,AZ,AWP,WE,Towers with Radar,94,48,31,5,178,0,21,120,1,142,94,69,151,6,320,116,0,116,436
04/26/2010,TUS,AZ,AWP,WE,Towers with Radar,96,55,32,54,237,0,14,109,13,136,96,69,141,67,373,54,92,146,519
04/27/2010,TUS,AZ,AWP,WE,Towers with Radar,96,53,40,57,246,0,24,111,35,170,96,77,151,92,416,158,106,264,680
04/28/2010,TUS,AZ,AWP,WE,Towers with Radar,99,52,33,19,203,0,19,84,36,139,99,71,117,55,342,64,28,92,434
04/29/2010,TUS,AZ,AWP,WE,Towers with Radar,100,55,50,16,221,0,22,76,12,110,100,77,126,28,331,60,4,64,395
04/30/2010,TUS,AZ,AWP,WE,Towers with Radar,99,66,47,58,270,0,21,121,38,180,99,87,168,96,450,88,110,198,648
05/01/2010,TUS,AZ,AWP,WE,Towers with Radar,92,46,27,61,226,0,12,176,34,222,92,58,203,95,448,80,76,156,604
05/02/2010,TUS,AZ,AWP,WE,Towers with Radar,96,50,33,23,202,0,14,57,11,82,96,64,90,34,284,0,2,2,286
05/03/2010,TUS,AZ,AWP,WE,Towers with Radar,99,59,47,2,207,0,17,96,4,117,99,76,143,6,324,158,4,162,486
05/04/2010,TUS,AZ,AWP,WE,Towers with Radar,100,53,45,38,236,0,16,134,19,169,100,69,179,57,405,126,50,176,581
05/05/2010,TUS,AZ,AWP,WE,Towers with Radar,101,54,40,46,241,0,22,132,30,184,101,76,172,76,425,166,56,222,647
05/06/2010,TUS,AZ,AWP,WE,Towers with Radar,104,55,27,45,231,0,23,114,33,170,104,78,141,78,401,96,54,150,551
05/07/2010,TUS,AZ,AWP,WE,Towers with Radar,106,46,45,47,244,0,17,131,20,168,106,63,176,67,412,76,46,122,534
05/08/2010,TUS,AZ,AWP,WE,Towers with Radar,95,44,20,3,162,0,26,210,3,239,95,70,230,6,401,72,0,72,473
05/09/2010,TUS,AZ,AWP,WE,Towers with Radar,98,45,37,0,180,0,16,74,0,90,98,61,111,0,270,33,6,39,309
05/10/2010,TUS,AZ,AWP,WE,Towers with Radar,101,52,26,40,219,0,16,102,31,149,101,68,128,71,368,102,80,182,550
05/11/2010,TUS,AZ,AWP,WE,Towers with Radar,102,47,34,51,234,0,23,73,12,108,102,70,107,63,342,32,60,92,434
05/12/2010,TUS,AZ,AWP,WE,Towers with Radar,105,50,49,46,250,0,19,124,26,169,105,69,173,72,419,128,52,180,599
05/13/2010,TUS,AZ,AWP,WE,Towers with Radar,106,47,53,46,252,0,26,125,29,180,106,73,178,75,432,110,32,142,574
05/14/2010,TUS,AZ,AWP,WE,Towers with Radar,106,53,49,54,262,0,16,124,17,157,106,69,173,71,419,116,88,204,623
05/15/2010,TUS,AZ,AWP,WE,Towers with Radar,97,49,44,6,196,0,16,202,2,220,97,65,246,8,416,122,3,125,541
05/16/2010,TUS,AZ,AWP,WE,Towers with Radar,99,49,42,1,191,0,14,107,3,124,99,63,149,4,315,108,0,108,423
05/17/2010,TUS,AZ,AWP,WE,Towers with Radar,101,47,17,40,205,0,14,58,28,100,101,61,75,68,305,36,36,72,377
05/18/2010,TUS,AZ,AWP,WE,Towers with Radar,105,52,42,48,247,0,21,88,27,136,105,73,130,75,383,106,40,146,529
05/19/2010,TUS,AZ,AWP,WE,Towers with Radar,105,50,34,42,231,0,36,89,27,152,105,86,123,69,383,119,47,166,549
05/20/2010,TUS,AZ,AWP,WE,Towers with Radar,102,49,40,46,237,0,23,121,24,168,102,72,161,70,405,122,68,190,595
05/21/2010,TUS,AZ,AWP,WE,Towers with Radar,105,53,24,39,221,0,22,103,23,148,105,75,127,62,369,126,40,166,535
05/22/2010,TUS,AZ,AWP,WE,Towers with Radar,95,44,29,13,181,0,18,120,3,141,95,62,149,16,322,42,8,50,372
05/23/2010,TUS,AZ,AWP,WE,Towers with Radar,105,41,25,4,175,0,14,43,2,59,105,55,68,6,234,14,0,14,248
05/24/2010,TUS,AZ,AWP,WE,Towers with Radar,99,49,32,44,224,0,18,90,22,130,99,67,122,66,354,62,34,96,450
05/25/2010,TUS,AZ,AWP,WE,Towers with Radar,104,50,46,55,255,0,26,78,21,125,104,76,124,76,380,240,20,260,640
05/26/2010,TUS,AZ,AWP,WE,Towers with Radar,104,42,34,48,228,0,34,107,11,152,104,76,141,59,380,118,27,145,525
05/27/2010,TUS,AZ,AWP,WE,Towers with Radar,107,52,47,60,266,0,14,78,16,108,107,66,125,76,374,0,0,0,374
05/28/2010,TUS,AZ,AWP,WE,Towers with Radar,103,51,33,16,203,0,18,115,12,145,103,69,148,28,348,91,28,119,467
05/29/2010,TUS,AZ,AWP,WE,Towers with Radar,93,37,25,2,157,0,31,106,1,138,93,68,131,3,295,54,0,54,349
05/30/2010,TUS,AZ,AWP,WE,Towers with Radar,90,28,17,0,135,0,26,72,0,98,90,54,89,0,233,56,0,56,289
05/31/2010,TUS,AZ,AWP,WE,Towers with Radar,96,42,25,3,166,0,17,90,9,116,96,59,115,12,282,60,0,60,342
06/01/2010,TUS,AZ,AWP,WE,Towers with Radar,95,55,27,42,219,0,17,68,28,113,95,72,95,70,332,47,92,139,471
06/02/2010,TUS,AZ,AWP,WE,Towers with Radar,103,40,25,36,204,0,28,100,24,152,103,68,125,60,356,62,42,104,460
06/03/2010,TUS,AZ,AWP,WE,Towers with Radar,102,55,28,50,235,0,20,98,24,142,102,75,126,74,377,40,56,96,473
06/04/2010,TUS,AZ,AWP,WE,Towers with Radar,100,41,32,45,218,0,18,91,15,124,100,59,123,60,342,66,52,118,460
06/05/2010,TUS,AZ,AWP,WE,Towers with Radar,87,42,16,34,179,0,25,131,26,182,87,67,147,60,361,46,64,110,471
06/06/2010,TUS,AZ,AWP,WE,Towers with Radar,102,44,31,8,185,0,20,73,3,96,102,64,104,11,281,54,4,58,339
06/07/2010,TUS,AZ,AWP,WE,Towers with Radar,96,42,34,7,179,0,32,79,2,113,96,74,113,9,292,88,0,88,380
06/08/2010,TUS,AZ,AWP,WE,Towers with Radar,103,38,43,37,221,0,27,87,15,129,103,65,130,52,350,90,60,150,500
06/09/2010,TUS,AZ,AWP,WE,Towers with Radar,98,32,38,44,212,0,26,95,17,138,98,58,133,61,350,86,61,147,497
06/10/2010,TUS,AZ,AWP,WE,Towers with Radar,102,37,36,49,224,0,22,83,26,131,102,59,119,75,355,54,24,78,433
06/11/2010,TUS,AZ,AWP,WE,Towers with Radar,94,41,33,32,200,0,26,81,6,113,94,67,114,38,313,31,30,61,374
06/12/2010,TUS,AZ,AWP,WE,Towers with Radar,78,46,29,6,159,0,26,74,0,100,78,72,103,6,259,8,0,8,267
06/13/2010,TUS,AZ,AWP,WE,Towers with Radar,87,51,40,4,182,0,10,96,0,106,87,61,136,4,288,64,0,64,352
06/14/2010,TUS,AZ,AWP,WE,Towers with Radar,93,51,20,52,216,0,22,62,20,104,93,73,82,72,320,78,20,98,418
06/15/2010,TUS,AZ,AWP,WE,Towers with Radar,97,43,32,43,215,0,29,84,21,134,97,72,116,64,349,106,54,160,509
06/16/2010,TUS,AZ,AWP,WE,Towers with Radar,95,50,55,50,250,0,27,85,24,136,95,77,140,74,386,70,70,140,526
06/17/2010,TUS,AZ,AWP,WE,Towers with Radar,98,37,49,47,231,0,18,88,28,134,98,55,137,75,365,60,104,164,529
06/18/2010,TUS,AZ,AWP,WE,Towers with Radar,94,45,55,48,242,0,23,103,21,147,94,68,158,69,389,36,62,98,487
06/19/2010,TUS,AZ,AWP,WE,Towers with Radar,80,45,51,5,181,0,9,88,3,100,80,54,139,8,281,62,0,62,343
06/20/2010,TUS,AZ,AWP,WE,Towers with Radar,89,43,29,12,173,0,22,92,1,115,89,65,121,13,288,14,4,18,306
06/21/2010,TUS,AZ,AWP,WE,Towers with Radar,93,41,34,43,211,0,33,59,20,112,93,74,93,63,323,32,27,59,382
06/22/2010,TUS,AZ,AWP,WE,Towers with Radar,95,36,37,48,216,0,17,96,24,137,95,53,133,72,353,128,52,180,533
06/23/2010,TUS,AZ,AWP,WE,Towers with Radar,94,41,37,44,216,0,29,87,28,144,94,70,124,72,360,132,56,188,548
06/24/2010,TUS,AZ,AWP,WE,Towers with Radar,94,41,45,52,232,0,22,115,33,170,94,63,160,85,402,136,78,214,616
06/25/2010,TUS,AZ,AWP,WE,Towers with Radar,97,35,63,37,232,0,20,105,19,144,97,55,168,56,376,98,40,138,514
06/26/2010,TUS,AZ,AWP,WE,Towers with Radar,80,49,35,4,168,0,19,104,0,123,80,68,139,4,291,20,0,20,311
06/27/2010,TUS,AZ,AWP,WE,Towers with Radar,85,48,25,4,162,0,10,76,1,87,85,58,101,5,249,22,0,22,271
06/28/2010,TUS,AZ,AWP,WE,Towers with Radar,97,40,35,44,216,0,24,86,23,133,97,64,121,67,349,120,52,172,521
06/29/2010,TUS,AZ,AWP,WE,Towers with Radar,94,37,48,47,226,0,25,80,28,133,94,62,128,75,359,79,88,167,526
06/30/2010,TUS,AZ,AWP,WE,Towers with Radar,97,48,53,47,245,0,12,62,27,101,97,60,115,74,346,96,78,174,520
07/01/2010,TUS,AZ,AWP,WE,Towers with Radar,94,51,38,50,233,0,20,113,43,176,94,71,151,93,409,66,74,140,549
07/02/2010,TUS,AZ,AWP,WE,Towers with Radar,99,43,38,25,205,0,27,102,16,145,99,70,140,41,350,88,38,126,476
07/03/2010,TUS,AZ,AWP,WE,Towers with Radar,77,46,29,7,159,0,10,100,0,110,77,56,129,7,269,36,0,36,305
07/04/2010,TUS,AZ,AWP,WE,Towers with Radar,73,32,9,6,120,0,30,62,1,93,73,62,71,7,213,14,0,14,227
07/05/2010,TUS,AZ,AWP,WE,Towers with Radar,88,37,25,7,157,0,12,75,1,88,88,49,100,8,245,69,0,69,314
07/06/2010,TUS,AZ,AWP,WE,Towers with Radar,89,35,21,42,187,0,35,78,29,142,89,70,99,71,329,116,50,166,495
07/07/2010,TUS,AZ,AWP,WE,Towers with Radar,93,41,40,38,212,0,35,95,36,166,93,76,135,74,378,40,66,106,484
07/08/2010,TUS,AZ,AWP,WE,Towers with Radar,91,41,25,47,204,0,27,67,30,124,91,68,92,77,328,48,24,72,400
07/09/2010,TUS,AZ,AWP,WE,Towers with Radar,92,49,24,62,227,0,32,62,32,126,92,81,86,94,353,38,58,96,449
07/10/2010,TUS,AZ,AWP,WE,Towers with Radar,77,44,18,36,175,0,10,84,26,120,77,54,102,62,295,66,78,144,439
07/11/2010,TUS,AZ,AWP,WE,Towers with Radar,86,48,24,22,180,2,14,75,14,105,88,62,99,36,285,52,24,76,361
07/12/2010,TUS,AZ,AWP,WE,Towers with Radar,92,44,30,9,175,0,17,71,9,97,92,61,101,18,272,54,0,54,326
07/13/2010,TUS,AZ,AWP,WE,Towers with Radar,92,37,39,63,231,0,27,90,34,151,92,64,129,97,382,92,66,158,540
07/14/2010,TUS,AZ,AWP,WE,Towers with Radar,92,38,22,52,204,0,20,86,32,138,92,58,108,84,342,62,106,168,510
07/15/2010,TUS,AZ,AWP,WE,Towers with Radar,90,38,36,54,218,0,23,108,51,182,90,61,144,105,400,76,100,176,576
07/16/2010,TUS,AZ,AWP,WE,Towers with Radar,95,40,30,45,210,0,18,127,45,190,95,58,157,90,400,80,70,150,550
07/17/2010,TUS,AZ,AWP,WE,Towers with Radar,77,45,24,8,154,0,13,80,4,97,77,58,104,12,251,58,0,58,309
07/18/2010,TUS,AZ,AWP,WE,Towers with Radar,83,44,29,7,163,0,19,64,6,89,83,63,93,13,252,92,0,92,344
07/19/2010,TUS,AZ,AWP,WE,Towers with Radar,93,40,33,46,212,0,19,73,25,117,93,59,106,71,329,40,28,68,397
07/20/2010,TUS,AZ,AWP,WE,Towers with Radar,93,36,29,44,202,0,23,87,26,136,93,59,116,70,338,48,42,90,428
07/21/2010,TUS,AZ,AWP,WE,Towers with Radar,95,42,20,35,192,0,15,77,21,113,95,57,97,56,305,156,44,200,505
07/22/2010,TUS,AZ,AWP,WE,Towers with Radar,92,54,33,42,221,0,23,88,16,127,92,77,121,58,348,46,24,70,418
07/23/2010,TUS,AZ,AWP,WE,Towers with Radar,92,45,50,49,236,0,23,135,22,180,92,68,185,71,416,82,60,142,558
07/24/2010,TUS,AZ,AWP,WE,Towers with Radar,77,50,35,7,169,0,11,86,1,98,77,61,121,8,267,44,0,44,311
07/25/2010,TUS,AZ,AWP,WE,Towers with Radar,91,47,21,4,163,0,16,86,4,106,91,63,107,8,269,26,0,26,295
07/26/2010,TUS,AZ,AWP,WE,Towers with Radar,90,48,35,58,231,0,21,69,24,114,90,69,104,82,345,66,46,112,457
07/27/2010,TUS,AZ,AWP,WE,Towers with Radar,91,45,29,34,199,0,28,75,18,121,91,73,104,52,320,90,32,122,442
07/28/2010,TUS,AZ,AWP,WE,Towers with Radar,94,47,23,61,225,0,23,75,26,124,94,70,98,87,349,52,38,90,439
07/29/2010,TUS,AZ,AWP,WE,Towers with Radar,102,51,18,30,201,0,10,80,20,110,102,61,98,50,311,78,22,100,411
07/30/2010,TUS,AZ,AWP,WE,Towers with Radar,93,42,30,42,207,0,9,80,21,110,93,51,110,63,317,78,26,104,421
07/31/2010,TUS,AZ,AWP,WE,Towers with Radar,81,49,28,6,164,0,6,78,3,87,81,55,106,9,251,60,0,60,311
08/01/2010,TUS,AZ,AWP,WE,Towers with Radar,84,45,33,5,167,0,21,98,2,121,84,66,131,7,288,74,0,74,362
08/02/2010,TUS,AZ,AWP,WE,Towers with Radar,91,42,40,56,229,0,12,125,22,159,91,54,165,78,388,94,64,158,546
08/03/2010,TUS,AZ,AWP,WE,Towers with Radar,92,44,38,72,246,0,18,89,28,135,92,62,127,100,381,118,108,226,607
08/04/2010,TUS,AZ,AWP,WE,Towers with Radar,92,47,33,54,226,0,18,106,36,160,92,65,139,90,386,104,72,176,562
08/05/2010,TUS,AZ,AWP,WE,Towers with Radar,97,42,47,62,248,0,4,83,53,140,97,46,130,115,388,138,110,248,636
08/06/2010,TUS,AZ,AWP,WE,Towers with Radar,98,40,37,48,223,0,16,108,48,172,98,56,145,96,395,100,44,144,539
08/07/2010,TUS,AZ,AWP,WE,Towers with Radar,77,48,33,27,185,0,14,76,24,114,77,62,109,51,299,58,28,86,385
08/08/2010,TUS,AZ,AWP,WE,Towers with Radar,86,44,32,14,176,0,9,79,15,103,86,53,111,29,279,46,16,62,341
08/09/2010,TUS,AZ,AWP,WE,Towers with Radar,89,45,34,8,176,0,28,97,8,133,89,73,131,16,309,90,0,90,399
08/10/2010,TUS,AZ,AWP,WE,Towers with Radar,92,44,27,56,219,0,15,107,51,173,92,59,134,107,392,108,60,168,560
08/11/2010,TUS,AZ,AWP,WE,Towers with Radar,93,44,32,52,221,0,17,117,34,168,93,61,149,86,389,78,72,150,539
08/12/2010,TUS,AZ,AWP,WE,Towers with Radar,94,47,28,49,218,0,20,128,37,185,94,67,156,86,403,94,42,136,539
08/13/2010,TUS,AZ,AWP,WE,Towers with Radar,90,48,34,73,245,0,29,114,25,168,90,77,148,98,413,125,68,193,606
08/14/2010,TUS,AZ,AWP,WE,Towers with Radar,77,48,27,4,156,0,12,73,5,90,77,60,100,9,246,35,0,35,281
08/15/2010,TUS,AZ,AWP,WE,Towers with Radar,79,55,26,7,167,0,12,60,4,76,79,67,86,11,243,28,0,28,271
08/16/2010,TUS,AZ,AWP,WE,Towers with Radar,89,42,21,38,190,0,16,63,33,112,89,58,84,71,302,88,30,118,420
08/17/2010,TUS,AZ,AWP,WE,Towers with Radar,110,56,41,53,260,0,13,76,28,117,110,69,117,81,377,146,42,188,565
08/18/2010,TUS,AZ,AWP,WE,Towers with Radar,97,35,30,47,209,0,14,97,17,128,97,49,127,64,337,54,10,64,401
08/19/2010,TUS,AZ,AWP,WE,Towers with Radar,97,41,30,51,219,0,20,91,28,139,97,61,121,79,358,102,26,128,486
08/20/2010,TUS,AZ,AWP,WE,Towers with Radar,96,39,23,45,203,0,19,128,17,164,96,58,151,62,367,126,22,148,515
08/21/2010,TUS,AZ,AWP,WE,Towers with Radar,76,38,11,5,130,0,14,88,2,104,76,52,99,7,234,69,0,69,303
08/22/2010,TUS,AZ,AWP,WE,Towers with Radar,86,41,26,4,157,0,16,83,1,100,86,57,109,5,257,20,0,20,277
08/23/2010,TUS,AZ,AWP,WE,Towers with Radar,94,38,35,51,218,0,20,67,20,107,94,58,102,71,325,90,63,153,478
08/24/2010,TUS,AZ,AWP,WE,Towers with Radar,97,33,24,18,172,0,18,72,5,95,97,51,96,23,267,52,10,62,329
08/25/2010,TUS,AZ,AWP,WE,Towers with Radar,94,41,36,76,247,0,17,94,31,142,94,58,130,107,389,34,76,110,499
08/26/2010,TUS,AZ,AWP,WE,Towers with Radar,96,59,26,55,236,0,22,63,10,95,96,81,89,65,331,66,19,85,416
08/27/2010,TUS,AZ,AWP,WE,Towers with Radar,99,46,22,47,214,0,18,87,20,125,99,64,109,67,339,80,64,144,483
08/28/2010,TUS,AZ,AWP,WE,Towers with Radar,79,44,17,6,146,0,6,86,4,96,79,50,103,10,242,44,0,44,286
08/29/2010,TUS,AZ,AWP,WE,Towers with Radar,91,38,24,3,156,0,29,73,2,104,91,67,97,5,260,124,2,126,386
08/30/2010,TUS,AZ,AWP,WE,Towers with Radar,94,43,25,40,202,0,10,99,30,139,94,53,124,70,341,82,46,128,469
08/31/2010,TUS,AZ,AWP,WE,Towers with Radar,94,36,18,61,209,0,16,87,38,141,94,52,105,99,350,81,97,178,528
09/01/2010,TUS,AZ,AWP,WE,Towers with Radar,93,39,21,48,201,0,12,93,27,132,93,51,114,75,333,28,44,72,405
09/02/2010,TUS,AZ,AWP,WE,Towers with Radar,98,44,26,56,224,0,4,103,25,132,98,48,129,81,356,18,66,84,440
09/03/2010,TUS,AZ,AWP,WE,Towers with Radar,107,41,23,27,198,0,6,74,16,96,107,47,97,43,294,40,36,76,370
09/04/2010,TUS,AZ,AWP,WE,Towers with Radar,77,43,18,9,147,0,18,109,2,129,77,61,127,11,276,38,0,38,314
09/05/2010,TUS,AZ,AWP,WE,Towers with Radar,79,32,23,4,138,0,14,42,3,59,79,46,65,7,197,20,2,22,219
09/06/2010,TUS,AZ,AWP,WE,Towers with Radar,91,37,25,9,162,1,8,74,2,85,92,45,99,11,247,68,0,68,315
09/07/2010,TUS,AZ,AWP,WE,Towers with Radar,96,43,24,32,195,0,20,60,18,98,96,63,84,50,293,70,24,94,387
09/08/2010,TUS,AZ,AWP,WE,Towers with Radar,101,37,38,29,205,0,6,93,12,111,101,43,131,41,316,88,20,108,424
09/09/2010,TUS,AZ,AWP,WE,Towers with Radar,98,32,24,43,197,0,20,64,18,102,98,52,88,61,299,35,8,43,342
09/10/2010,TUS,AZ,AWP,WE,Towers with Radar,105,46,35,38,224,0,16,74,21,111,105,62,109,59,335,65,36,101,436
09/11/2010,TUS,AZ,AWP,WE,Towers with Radar,88,36,13,33,170,0,13,103,26,142,88,49,116,59,312,150,62,212,524
09/12/2010,TUS,AZ,AWP,WE,Towers with Radar,89,44,34,21,188,0,5,63,12,80,89,49,97,33,268,12,26,38,306
09/13/2010,TUS,AZ,AWP,WE,Towers with Radar,93,43,18,11,165,0,11,68,8,87,93,54,86,19,252,76,6,82,334
09/14/2010,TUS,AZ,AWP,WE,Towers with Radar,95,39,38,41,213,0,24,83,19,126,95,63,121,60,339,82,42,124,463
09/15/2010,TUS,AZ,AWP,WE,Towers with Radar,96,54,34,41,225,0,14,69,45,128,96,68,103,86,353,84,32,116,469
09/16/2010,TUS,AZ,AWP,WE,Towers with Radar,97,49,35,40,221,0,19,83,26,128,97,68,118,66,349,95,40,135,484
09/17/2010,TUS,AZ,AWP,WE,Towers with Radar,99,52,28,36,215,0,20,106,25,151,99,72,134,61,366,100,34,134,500
09/18/2010,TUS,AZ,AWP,WE,Towers with Radar,89,45,22,11,167,1,10,94,7,112,90,55,116,18,279,124,0,124,403
09/19/2010,TUS,AZ,AWP,WE,Towers with Radar,90,51,32,5,178,0,19,70,1,90,90,70,102,6,268,16,0,16,284
09/20/2010,TUS,AZ,AWP,WE,Towers with Radar,96,37,28,27,188,0,5,77,27,109,96,42,105,54,297,126,36,162,459
09/21/2010,TUS,AZ,AWP,WE,Towers with Radar,101,38,39,51,229,0,15,85,23,123,101,53,124,74,352,106,54,160,512
09/22/2010,TUS,AZ,AWP,WE,Towers with Radar,98,42,27,47,214,0,5,44,17,66,98,47,71,64,280,26,20,46,326
09/23/2010,TUS,AZ,AWP,WE,Towers with Radar,100,48,34,54,236,0,17,84,23,124,100,65,118,77,360,86,34,120,480
09/24/2010,TUS,AZ,AWP,WE,Towers with Radar,102,56,33,21,212,0,29,121,6,156,102,85,154,27,368,119,32,151,519
09/25/2010,TUS,AZ,AWP,WE,Towers with Radar,95,42,19,9,165,1,15,72,4,92,96,57,91,13,257,44,1,45,302
09/26/2010,TUS,AZ,AWP,WE,Towers with Radar,101,40,33,5,179,0,32,85,0,117,101,72,118,5,296,30,0,30,326
09/27/2010,TUS,AZ,AWP,WE,Towers with Radar,92,41,29,50,212,0,12,68,17,97,92,53,97,67,309,28,60,88,397
09/28/2010,TUS,AZ,AWP,WE,Towers with Radar,96,40,42,40,218,0,19,96,24,139,96,59,138,64,357,26,60,86,443
09/29/2010,TUS,AZ,AWP,WE,Towers with Radar,99,35,46,38,218,0,23,96,26,145,99,58,142,64,363,64,36,100,463
09/30/2010,TUS,AZ,AWP,WE,Towers with Radar,101,41,32,37,211,0,14,100,23,137,101,55,132,60,348,28,38,66,414
10/01/2010,TUS,AZ,AWP,WE,Towers with Radar,106,37,40,43,226,0,20,110,23,153,106,57,150,66,379,93,49,142,521
10/02/2010,TUS,AZ,AWP,WE,Towers with Radar,87,35,21,0,143,0,12,81,5,98,87,47,102,5,241,98,0,98,339
10/03/2010,TUS,AZ,AWP,WE,Towers with Radar,100,34,21,18,173,0,9,72,8,89,100,43,93,26,262,16,2,18,280
10/04/2010,TUS,AZ,AWP,WE,Towers with Radar,120,41,45,13,219,0,11,63,2,76,120,52,108,15,295,60,12,72,367
10/05/2010,TUS,AZ,AWP,WE,Towers with Radar,103,45,34,45,227,0,7,52,17,76,103,52,86,62,303,82,56,138,441
10/06/2010,TUS,AZ,AWP,WE,Towers with Radar,98,46,28,38,210,0,9,88,25,122,98,55,116,63,332,94,34,128,460
10/07/2010,TUS,AZ,AWP,WE,Towers with Radar,104,41,37,37,219,0,10,103,21,134,104,51,140,58,353,86,43,129,482
10/08/2010,TUS,AZ,AWP,WE,Towers with Radar,106,50,55,21,232,0,22,113,6,141,106,72,168,27,373,110,38,148,521
10/09/2010,TUS,AZ,AWP,WE,Towers with Radar,92,29,28,1,150,0,15,109,1,125,92,44,137,2,275,134,0,134,409
10/10/2010,TUS,AZ,AWP,WE,Towers with Radar,103,37,27,0,167,0,10,100,3,113,103,47,127,3,280,52,0,52,332
10/11/2010,TUS,AZ,AWP,WE,Towers with Radar,95,34,28,4,161,0,10,84,1,95,95,44,112,5,256,98,0,98,354
10/12/2010,TUS,AZ,AWP,WE,Towers with Radar,96,31,33,30,190,0,14,83,21,118,96,45,116,51,308,76,10,86,394
10/13/2010,TUS,AZ,AWP,WE,Towers with Radar,98,40,37,37,212,0,14,75,27,116,98,54,112,64,328,46,51,97,425
10/14/2010,TUS,AZ,AWP,WE,Towers with Radar,100,47,51,41,239,0,21,85,25,131,100,68,136,66,370,82,46,128,498
10/15/2010,TUS,AZ,AWP,WE,Towers with Radar,112,40,43,29,224,0,14,87,27,128,112,54,130,56,352,84,4,88,440
10/16/2010,TUS,AZ,AWP,WE,Towers with Radar,89,37,22,2,150,0,32,105,1,138,89,69,127,3,288,92,0,92,380
10/17/2010,TUS,AZ,AWP,WE,Towers with Radar,103,35,35,8,181,0,17,95,1,113,103,52,130,9,294,36,0,36,330
10/18/2010,TUS,AZ,AWP,WE,Towers with Radar,96,40,40,30,206,0,17,92,28,137,96,57,132,58,343,130,46,176,519
10/19/2010,TUS,AZ,AWP,WE,Towers with Radar,99,38,33,40,210,0,28,91,20,139,99,66,124,60,349,94,78,172,521
10/20/2010,TUS,AZ,AWP,WE,Towers with Radar,98,42,37,33,210,0,10,65,19,94,98,52,102,52,304,38,6,44,348
10/21/2010,TUS,AZ,AWP,WE,Towers with Radar,101,42,33,60,236,0,14,35,17,66,101,56,68,77,302,0,5,5,307
10/22/2010,TUS,AZ,AWP,WE,Towers with Radar,108,47,47,30,232,0,9,107,18,134,108,56,154,48,366,108,57,165,531
10/23/2010,TUS,AZ,AWP,WE,Towers with Radar,90,37,28,4,159,0,0,113,3,116,90,37,141,7,275,33,2,35,310
10/24/2010,TUS,AZ,AWP,WE,Towers with Radar,100,44,30,2,176,0,6,102,2,110,100,50,132,4,286,82,0,82,368
10/25/2010,TUS,AZ,AWP,WE,Towers with Radar,101,41,22,39,203,0,22,58,13,93,101,63,80,52,296,32,32,64,360
10/26/2010,TUS,AZ,AWP,WE,Towers with Radar,93,49,41,37,220,0,19,92,22,133,93,68,133,59,353,100,56,156,509
10/27/2010,TUS,AZ,AWP,WE,Towers with Radar,97,44,41,34,216,0,12,111,7,130,97,56,152,41,346,158,10,168,514
10/28/2010,TUS,AZ,AWP,WE,Towers with Radar,104,46,30,28,208,0,21,81,18,120,104,67,111,46,328,48,28,76,404
10/29/2010,TUS,AZ,AWP,WE,Towers with Radar,106,51,27,17,201,0,14,110,6,130,106,65,137,23,331,50,10,60,391
10/30/2010,TUS,AZ,AWP,WE,Towers with Radar,82,39,24,2,147,0,10,93,0,103,82,49,117,2,250,96,0,96,346
10/31/2010,TUS,AZ,AWP,WE,Towers with Radar,91,48,14,2,155,0,9,87,0,96,91,57,101,2,251,54,0,54,305
11/01/2010,TUS,AZ,AWP,WE,Towers with Radar,98,35,36,27,196,0,23,107,20,150,98,58,143,47,346,104,48,152,498
11/02/2010,TUS,AZ,AWP,WE,Towers with Radar,95,37,32,33,197,0,14,89,25,128,95,51,121,58,325,58,64,122,447
11/03/2010,TUS,AZ,AWP,WE,Towers with Radar,96,35,24,34,189,0,13,76,23,112,96,48,100,57,301,70,44,114,415
11/04/2010,TUS,AZ,AWP,WE,Towers with Radar,104,63,30,34,231,0,16,61,23,100,104,79,91,57,331,30,40,70,401
11/05/2010,TUS,AZ,AWP,WE,Towers with Radar,105,42,26,32,205,0,20,111,20,151,105,62,137,52,356,150,48,198,554
11/06/2010,TUS,AZ,AWP,WE,Towers with Radar,79,38,26,1,144,0,18,149,3,170,79,56,175,4,314,156,4,160,474
11/07/2010,TUS,AZ,AWP,WE,Towers with Radar,93,53,32,23,201,0,18,98,7,123,93,71,130,30,324,112,14,126,450
11/08/2010,TUS,AZ,AWP,WE,Towers with Radar,100,34,52,10,196,0,17,93,4,114,100,51,145,14,310,70,0,70,380
11/09/2010,TUS,AZ,AWP,WE,Towers with Radar,99,39,31,19,188,0,12,96,9,117,99,51,127,28,305,80,0,80,385
11/10/2010,TUS,AZ,AWP,WE,Towers with Radar,97,36,54,23,210,0,7,110,23,140,97,43,164,46,350,144,58,202,552
11/11/2010,TUS,AZ,AWP,WE,Towers with Radar,101,50,49,5,205,0,12,91,4,107,101,62,140,9,312,119,4,123,435
11/12/2010,TUS,AZ,AWP,WE,Towers with Radar,109,46,65,8,228,0,7,96,7,110,109,53,161,15,338,116,0,116,454
11/13/2010,TUS,AZ,AWP,WE,Towers with Radar,88,39,43,4,174,0,7,197,3,207,88,46,240,7,381,56,2,58,439
11/14/2010,TUS,AZ,AWP,WE,Towers with Radar,93,42,38,1,174,0,6,103,0,109,93,48,141,1,283,58,0,58,341
11/15/2010,TUS,AZ,AWP,WE,Towers with Radar,103,39,34,49,225,0,16,77,22,115,103,55,111,71,340,118,56,174,514
11/16/2010,TUS,AZ,AWP,WE,Towers with Radar,97,49,41,53,240,0,26,92,15,133,97,75,133,68,373,168,34,202,575
11/17/2010,TUS,AZ,AWP,WE,Towers with Radar,96,40,43,42,221,0,15,129,20,164,96,55,172,62,385,226,28,254,639
11/18/2010,TUS,AZ,AWP,WE,Towers with Radar,101,42,37,23,203,0,15,95,13,123,101,57,132,36,326,142,24,166,492
11/19/2010,TUS,AZ,AWP,WE,Towers with Radar,100,52,42,37,231,0,13,126,30,169,100,65,168,67,400,81,68,149,549
11/20/2010,TUS,AZ,AWP,WE,Towers with Radar,87,53,32,2,174,0,10,78,0,88,87,63,110,2,262,76,0,76,338
11/21/2010,TUS,AZ,AWP,WE,Towers with Radar,87,41,33,12,173,0,22,48,2,72,87,63,81,14,245,24,0,24,269
11/22/2010,TUS,AZ,AWP,WE,Towers with Radar,98,41,41,43,223,0,12,96,23,131,98,53,137,66,354,84,40,124,478
11/23/2010,TUS,AZ,AWP,WE,Towers with Radar,100,38,46,35,219,0,14,134,24,172,100,52,180,59,391,194,56,250,641
11/24/2010,TUS,AZ,AWP,WE,Towers with Radar,105,43,47,19,214,0,14,137,17,168,105,57,184,36,382,138,12,150,532
11/25/2010,TUS,AZ,AWP,WE,Towers with Radar,71,32,16,0,119,0,11,57,1,69,71,43,73,1,188,0,0,0,188
11/26/2010,TUS,AZ,AWP,WE,Towers with Radar,91,33,26,0,150,0,12,84,0,96,91,45,110,0,246,26,0,26,272
11/27/2010,TUS,AZ,AWP,WE,Towers with Radar,97,43,30,0,170,0,10,113,0,123,97,53,143,0,293,90,0,90,383
11/28/2010,TUS,AZ,AWP,WE,Towers with Radar,104,43,50,2,199,0,13,67,1,81,104,56,117,3,280,40,0,40,320
11/29/2010,TUS,AZ,AWP,WE,Towers with Radar,107,42,31,23,203,0,20,82,16,118,107,62,113,39,321,40,26,66,387
11/30/2010,TUS,AZ,AWP,WE,Towers with Radar,95,39,38,25,197,0,11,113,17,141,95,50,151,42,338,169,38,207,545
12/01/2010,TUS,AZ,AWP,WE,Towers with Radar,103,44,40,50,237,0,16,109,18,143,103,60,149,68,380,52,40,92,472
12/02/2010,TUS,AZ,AWP,WE,Towers with Radar,98,41,62,40,241,0,24,116,36,176,98,65,178,76,417,92,74,166,583
12/03/2010,TUS,AZ,AWP,WE,Towers with Radar,104,39,30,42,215,0,16,116,29,161,104,55,146,71,376,118,76,194,570
12/04/2010,TUS,AZ,AWP,WE,Towers with Radar,79,41,16,17,153,0,12,104,20,136,79,53,120,37,289,58,18,76,365
12/05/2010,TUS,AZ,AWP,WE,Towers with Radar,86,46,26,2,160,0,2,82,1,85,86,48,108,3,245,84,0,84,329
12/06/2010,TUS,AZ,AWP,WE,Towers with Radar,96,43,31,4,174,0,17,97,8,122,96,60,128,12,296,110,6,116,412
12/07/2010,TUS,AZ,AWP,WE,Towers with Radar,93,46,25,41,205,0,13,72,26,111,93,59,97,67,316,102,30,132,448
12/08/2010,TUS,AZ,AWP,WE,Towers with Radar,92,39,40,45,216,0,11,92,32,135,92,50,132,77,351,82,40,122,473
12/09/2010,TUS,AZ,AWP,WE,Towers with Radar,98,40,25,57,220,0,17,107,27,151,98,57,132,84,371,168,38,206,577
12/10/2010,TUS,AZ,AWP,WE,Towers with Radar,100,38,60,31,229,0,21,95,17,133,100,59,155,48,362,92,28,120,482
12/11/2010,TUS,AZ,AWP,WE,Towers with Radar,87,40,33,7,167,0,12,149,5,166,87,52,182,12,333,130,6,136,469
12/12/2010,TUS,AZ,AWP,WE,Towers with Radar,83,45,26,13,167,0,10,127,4,141,83,55,153,17,308,76,0,76,384
12/13/2010,TUS,AZ,AWP,WE,Towers with Radar,97,38,29,38,202,0,12,103,29,144,97,50,132,67,346,84,44,128,474
12/14/2010,TUS,AZ,AWP,WE,Towers with Radar,96,33,40,41,210,0,25,94,30,149,96,58,134,71,359,174,90,264,623
12/15/2010,TUS,AZ,AWP,WE,Towers with Radar,98,40,40,28,206,0,25,94,18,137,98,65,134,46,343,64,6,70,413
12/16/2010,TUS,AZ,AWP,WE,Towers with Radar,104,42,50,30,226,0,9,59,14,82,104,51,109,44,308,56,28,84,392
12/17/2010,TUS,AZ,AWP,WE,Towers with Radar,101,39,57,31,228,0,26,77,23,126,101,65,134,54,354,34,36,70,424
12/18/2010,TUS,AZ,AWP,WE,Towers with Radar,104,55,42,1,202,0,33,94,11,138,104,88,136,12,340,98,0,98,438
12/19/2010,TUS,AZ,AWP,WE,Towers with Radar,90,49,36,2,177,0,20,74,8,102,90,69,110,10,279,42,0,42,321
12/20/2010,TUS,AZ,AWP,WE,Towers with Radar,100,51,33,36,220,0,18,102,16,136,100,69,135,52,356,88,34,122,478
12/21/2010,TUS,AZ,AWP,WE,Towers with Radar,105,42,37,34,218,0,24,98,18,140,105,66,135,52,358,124,24,148,506
12/22/2010,TUS,AZ,AWP,WE,Towers with Radar,103,41,42,44,230,0,17,63,20,100,103,58,105,64,330,66,36,102,432
12/23/2010,TUS,AZ,AWP,WE,Towers with Radar,128,39,27,21,215,0,25,74,11,110,128,64,101,32,325,76,34,110,435
12/24/2010,TUS,AZ,AWP,WE,Towers with Radar,87,35,20,0,142,0,13,76,0,89,87,48,96,0,231,42,0,42,273
12/25/2010,TUS,AZ,AWP,WE,Towers with Radar,74,30,6,0,110,0,28,36,1,65,74,58,42,1,175,0,0,0,175
12/26/2010,TUS,AZ,AWP,WE,Towers with Radar,92,75,55,2,224,0,15,79,0,94,92,90,134,2,318,46,0,46,364
12/27/2010,TUS,AZ,AWP,WE,Towers with Radar,101,49,43,15,208,0,13,80,11,104,101,62,123,26,312,52,4,56,368
12/28/2010,TUS,AZ,AWP,WE,Towers with Radar,105,43,39,27,214,0,8,129,7,144,105,51,168,34,358,58,22,80,438
12/29/2010,TUS,AZ,AWP,WE,Towers with Radar,99,48,46,28,221,0,17,54,18,89,99,65,100,46,310,70,44,114,424
12/30/2010,TUS,AZ,AWP,WE,Towers with Radar,110,53,34,1,198,0,1,16,0,17,110,54,50,1,215,0,0,0,215
12/31/2010,TUS,AZ,AWP,WE,Towers with Radar,91,47,26,3,167,0,9,72,0,81,91,56,98,3,248,78,0,78,326
01/01/2011,TUS,AZ,AWP,WE,Towers with Radar,81,37,24,0,142,0,17,60,0,77,81,54,84,0,219,14,0,14,233
01/02/2011,TUS,AZ,AWP,WE,Towers with Radar,97,42,47,1,187,0,21,91,0,112,97,63,138,1,299,52,0,52,351
01/03/2011,TUS,AZ,AWP,WE,Towers with Radar,108,41,34,26,209,0,14,76,23,113,108,55,110,49,322,84,34,118,440
01/04/2011,TUS,AZ,AWP,WE,Towers with Radar,99,39,35,63,236,0,24,89,38,151,99,63,124,101,387,104,92,196,583
01/05/2011,TUS,AZ,AWP,WE,Towers with Radar,100,44,33,16,193,0,14,88,23,125,100,58,121,39,318,90,13,103,421
01/06/2011,TUS,AZ,AWP,WE,Towers with Radar,109,33,29,47,218,0,14,118,35,167,109,47,147,82,385,106,24,130,515
01/07/2011,TUS,AZ,AWP,WE,Towers with Radar,108,34,32,56,230,0,23,122,25,170,108,57,154,81,400,136,58,194,594
01/08/2011,TUS,AZ,AWP,WE,Towers with Radar,89,49,30,22,190,0,21,129,13,163,89,70,159,35,353,66,44,110,463
01/09/2011,TUS,AZ,AWP,WE,Towers with Radar,101,50,42,29,222,0,16,94,12,122,101,66,136,41,344,74,38,112,456
01/10/2011,TUS,AZ,AWP,WE,Towers with Radar,108,36,30,21,195,0,17,81,10,108,108,53,111,31,303,56,11,67,370
01/11/2011,TUS,AZ,AWP,WE,Towers with Radar,93,40,35,40,208,0,22,130,25,177,93,62,165,65,385,94,64,158,543
01/12/2011,TUS,AZ,AWP,WE,Towers with Radar,113,31,35,43,222,0,21,56,14,91,113,52,91,57,313,14,14,28,341
01/13/2011,TUS,AZ,AWP,WE,Towers with Radar,114,28,39,56,237,0,22,119,42,183,114,50,158,98,420,24,72,96,516
01/14/2011,TUS,AZ,AWP,WE,Towers with Radar,109,36,40,36,221,0,22,148,14,184,109,58,188,50,405,48,30,78,483
01/15/2011,TUS,AZ,AWP,WE,Towers with Radar,90,40,76,14,220,0,18,147,1,166,90,58,223,15,386,154,4,158,544
01/16/2011,TUS,AZ,AWP,WE,Towers with Radar,101,39,57,9,206,0,14,118,7,139,101,53,175,16,345,90,30,120,465
01/17/2011,TUS,AZ,AWP,WE,Towers with Radar,99,36,31,0,166,0,25,94,12,131,99,61,125,12,297,28,0,28,325
01/18/2011,TUS,AZ,AWP,WE,Towers with Radar,101,42,55,39,237,0,19,126,35,180,101,61,181,74,417,60,50,110,527
01/19/2011,TUS,AZ,AWP,WE,Towers with Radar,111,39,47,41,238,0,25,135,40,200,111,64,182,81,438,40,36,76,514
01/20/2011,TUS,AZ,AWP,WE,Towers with Radar,111,38,48,44,241,0,28,125,33,186,111,66,173,77,427,140,78,218,645
01/21/2011,TUS,AZ,AWP,WE,Towers with Radar,112,36,34,34,216,0,37,110,40,187,112,73,144,74,403,16,12,28,431
01/22/2011,TUS,AZ,AWP,WE,Towers with Radar,87,37,45,1,170,0,11,187,3,201,87,48,232,4,371,180,0,180,551
01/23/2011,TUS,AZ,AWP,WE,Towers with Radar,105,35,34,2,176,0,16,103,8,127,105,51,137,10,303,64,2,66,369
01/24/2011,TUS,AZ,AWP,WE,Towers with Radar,109,40,44,51,244,0,15,86,48,149,109,55,130,99,393,96,64,160,553
01/25/2011,TUS,AZ,AWP,WE,Towers with Radar,97,49,41,48,235,0,25,104,35,164,97,74,145,83,399,68,62,130,529
01/26/2011,TUS,AZ,AWP,WE,Towers with Radar,106,34,45,51,236,0,35,127,22,184,106,69,172,73,420,130,70,200,620
01/27/2011,TUS,AZ,AWP,WE,Towers with Radar,115,31,42,40,228,0,16,110,46,172,115,47,152,86,400,80,48,128,528
01/28/2011,TUS,AZ,AWP,WE,Towers with Radar,112,54,28,47,241,0,29,137,28,194,112,83,165,75,435,152,82,234,669
01/29/2011,TUS,AZ,AWP,WE,Towers with Radar,92,41,31,3,167,0,20,144,6,170,92,61,175,9,337,150,2,152,489
01/30/2011,TUS,AZ,AWP,WE,Towers with Radar,106,44,40,2,192,0,10,116,3,129,106,54,156,5,321,50,4,54,375
01/31/2011,TUS,AZ,AWP,WE,Towers with Radar,111,39,48,40,238,0,14,60,16,90,111,53,108,56,328,60,30,90,418
02/01/2011,TUS,AZ,AWP,WE,Towers with Radar,84,41,30,42,197,0,14,77,18,109,84,55,107,60,306,64,36,100,406
02/02/2011,TUS,AZ,AWP,WE,Towers with Radar,100,39,48,50,237,0,14,63,22,99,100,53,111,72,336,46,36,82,418
02/03/2011,TUS,AZ,AWP,WE,Towers with Radar,110,53,60,16,239,0,31,55,13,99,110,84,115,29,338,116,64,180,518
02/04/2011,TUS,AZ,AWP,WE,Towers with Radar,101,45,48,25,219,0,23,125,26,174,101,68,173,51,393,94,54,148,541
02/05/2011,TUS,AZ,AWP,WE,Towers with Radar,98,42,25,36,201,0,17,167,5,189,98,59,192,41,390,114,18,132,522
02/06/2011,TUS,AZ,AWP,WE,Towers with Radar,104,38,30,14,186,0,8,86,13,107,104,46,116,27,293,72,24,96,389
02/07/2011,TUS,AZ,AWP,WE,Towers with Radar,113,37,42,3,195,0,24,80,6,110,113,61,122,9,305,56,4,60,365
02/08/2011,TUS,AZ,AWP,WE,Towers with Radar,101,43,40,32,216,0,23,68,30,121,101,66,108,62,337,50,46,96,433
02/09/2011,TUS,AZ,AWP,WE,Towers with Radar,105,29,35,42,211,0,16,104,25,145,105,45,139,67,356,98,68,166,522
02/10/2011,TUS,AZ,AWP,WE,Towers with Radar,114,41,57,42,254,0,27,164,29,220,114,68,221,71,474,232,50,282,756
02/11/2011,TUS,AZ,AWP,WE,Towers with Radar,114,42,51,39,246,0,17,122,27,166,114,59,173,66,412,168,58,226,638
02/12/2011,TUS,AZ,AWP,WE,Towers with Radar,95,36,24,5,160,0,16,182,0,198,95,52,206,5,358,104,0,104,462
02/13/2011,TUS,AZ,AWP,WE,Towers with Radar,102,37,50,12,201,0,20,137,6,163,102,57,187,18,364,48,8,56,420
02/14/2011,TUS,AZ,AWP,WE,Towers with Radar,107,42,27,65,241,0,25,72,31,128,107,67,99,96,369,86,82,168,537
02/15/2011,TUS,AZ,AWP,WE,Towers with Radar,103,38,65,52,258,0,21,118,36,175,103,59,183,88,433,180,56,236,669
02/16/2011,TUS,AZ,AWP,WE,Towers with Radar,107,34,48,50,239,0,20,107,31,158,107,54,155,81,397,104,42,146,543
02/17/2011,TUS,AZ,AWP,WE,Towers with Radar,106,46,65,44,261,0,23,108,18,149,106,69,173,62,410,178,64,242,652
02/18/2011,TUS,AZ,AWP,WE,Towers with Radar,113,44,47,39,243,0,28,73,12,113,113,72,120,51,356,66,26,92,448
02/19/2011,TUS,AZ,AWP,WE,Towers with Radar,99,49,31,7,186,0,12,70,2,84,99,61,101,9,270,84,0,84,354
02/20/2011,TUS,AZ,AWP,WE,Towers with Radar,92,49,28,3,172,0,15,56,0,71,92,64,84,3,243,48,2,50,293
02/21/2011,TUS,AZ,AWP,WE,Towers with Radar,106,37,57,3,203,0,20,116,5,141,106,57,173,8,344,32,0,32,376
02/22/2011,TUS,AZ,AWP,WE,Towers with Radar,106,46,43,47,242,0,18,99,29,146,106,64,142,76,388,30,42,72,460
02/23/2011,TUS,AZ,AWP,WE,Towers with Radar,110,39,43,45,237,1,22,95,26,144,111,61,138,71,381,14,66,80,461
02/24/2011,TUS,AZ,AWP,WE,Towers with Radar,104,45,56,47,252,0,12,106,30,148,104,57,162,77,400,34,40,74,474
02/25/2011,TUS,AZ,AWP,WE,Towers with Radar,115,47,44,32,238,0,26,125,33,184,115,73,169,65,422,48,12,60,482
02/26/2011,TUS,AZ,AWP,WE,Towers with Radar,103,46,40,5,194,0,27,35,1,63,103,73,75,6,257,26,0,26,283
02/27/2011,TUS,AZ,AWP,WE,Towers with Radar,103,53,28,6,190,0,19,28,0,47,103,72,56,6,237,12,4,16,253
02/28/2011,TUS,AZ,AWP,WE,Towers with Radar,107,45,32,49,233,0,17,76,25,118,107,62,108,74,351,30,48,78,429
03/01/2011,TUS,AZ,AWP,WE,Towers with Radar,106,42,24,45,217,0,22,113,20,155,106,64,137,65,372,124,70,194,566
03/02/2011,TUS,AZ,AWP,WE,Towers with Radar,105,51,38,54,248,0,16,83,27,126,105,67,121,81,374,64,88,152,526
03/03/2011,TUS,AZ,AWP,WE,Towers with Radar,110,42,37,48,237,0,22,72,30,124,110,64,109,78,361,98,54,152,513
03/04/2011,TUS,AZ,AWP,WE,Towers with Radar,110,43,33,46,232,0,18,97,29,144,110,61,130,75,376,12,54,66,442
03/05/2011,TUS,AZ,AWP,WE,Towers with Radar,95,51,23,20,189,0,10,139,7,156,95,61,162,27,345,20,10,30,375
03/06/2011,TUS,AZ,AWP,WE,Towers with Radar,104,44,40,17,205,0,15,92,13,120,104,59,132,30,325,74,14,88,413
03/07/2011,TUS,AZ,AWP,WE,Towers with Radar,109,42,22,5,178,0,21,35,4,60,109,63,57,9,238,24,2,26,264
03/08/2011,TUS,AZ,AWP,WE,Towers with Radar,108,48,42,35,233,0,33,95,10,138,108,81,137,45,371,36,28,64,435
03/09/2011,TUS,AZ,AWP,WE,Towers with Radar,106,47,56,42,251,0,24,89,26,139,106,71,145,68,390,70,36,106,496
03/10/2011,TUS,AZ,AWP,WE,Towers with Radar,107,35,38,64,244,0,24,138,22,184,107,59,176,86,428,108,78,186,614
03/11/2011,TUS,AZ,AWP,WE,Towers with Radar,109,59,42,51,261,0,20,125,30,175,109,79,167,81,436,72,30,102,538
03/12/2011,TUS,AZ,AWP,WE,Towers with Radar,105,56,43,9,213,0,22,180,7,209,105,78,223,16,422,32,2,34,456
03/13/2011,TUS,AZ,AWP,WE,Towers with Radar,104,47,37,2,190,0,10,125,0,135,104,57,162,2,325,50,0,50,375
03/14/2011,TUS,AZ,AWP,WE,Towers with Radar,101,50,41,57,249,1,15,70,16,102,102,65,111,73,351,50,38,88,439
03/15/2011,TUS,AZ,AWP,WE,Towers with Radar,118,48,39,44,249,0,19,119,21,159,118,67,158,65,408,84,58,142,550
03/16/2011,TUS,AZ,AWP,WE,Towers with Radar,105,48,50,44,247,0,31,119,36,186,105,79,169,80,433,78,18,96,529
03/17/2011,TUS,AZ,AWP,WE,Towers with Radar,114,56,57,44,271,0,17,118,9,144,114,73,175,53,415,4,10,14,429
03/18/2011,TUS,AZ,AWP,WE,Towers with Radar,106,39,45,41,231,0,25,83,17,125,106,64,128,58,356,92,12,104,460
03/19/2011,TUS,AZ,AWP,WE,Towers with Radar,108,59,43,1,211,0,13,156,5,174,108,72,199,6,385,100,0,100,485
03/20/2011,TUS,AZ,AWP,WE,Towers with Radar,106,38,29,5,178,0,16,68,4,88,106,54,97,9,266,96,6,102,368
03/21/2011,TUS,AZ,AWP,WE,Towers with Radar,110,51,45,24,230,0,7,34,10,51,110,58,79,34,281,14,8,22,303
03/22/2011,TUS,AZ,AWP,WE,Towers with Radar,104,45,34,44,227,0,10,103,28,141,104,55,137,72,368,72,50,122,490
03/23/2011,TUS,AZ,AWP,WE,Towers with Radar,105,41,71,48,265,0,14,166,46,226,105,55,237,94,491,206,66,272,763
03/24/2011,TUS,AZ,AWP,WE,Towers with Radar,111,52,56,51,270,0,24,139,49,212,111,76,195,100,482,120,58,178,660
03/25/2011,TUS,AZ,AWP,WE,Towers with Radar,109,44,65,45,263,0,18,121,20,159,109,62,186,65,422,104,22,126,548
03/26/2011,TUS,AZ,AWP,WE,Towers with Radar,101,57,35,3,196,0,15,143,7,165,101,72,178,10,361,142,0,142,503
03/27/2011,TUS,AZ,AWP,WE,Towers with Radar,106,51,38,9,204,0,9,120,10,139,106,60,158,19,343,54,0,54,397
03/28/2011,TUS,AZ,AWP,WE,Towers with Radar,102,33,37,49,221,0,19,105,48,172,102,52,142,97,393,144,64,208,601
03/29/2011,TUS,AZ,AWP,WE,Towers with Radar,102,46,39,56,243,0,20,108,53,181,102,66,147,109,424,150,32,182,606
03/30/2011,TUS,AZ,AWP,WE,Towers with Radar,106,37,46,61,250,0,18,131,58,207,106,55,177,119,457,90,40,130,587
03/31/2011,TUS,AZ,AWP,WE,Towers with Radar,113,36,35,66,250,0,16,112,53,181,113,52,147,119,431,116,142,258,689
04/01/2011,TUS,AZ,AWP,WE,Towers with Radar,114,44,45,59,262,0,17,158,37,212,114,61,203,96,474,186,40,226,700
04/02/2011,TUS,AZ,AWP,WE,Towers with Radar,99,51,30,11,191,0,13,111,15,139,99,64,141,26,330,66,0,66,396
04/03/2011,TUS,AZ,AWP,WE,Towers with Radar,102,41,38,21,202,0,26,62,8,96,102,67,100,29,298,56,12,68,366
04/04/2011,TUS,AZ,AWP,WE,Towers with Radar,104,41,41,43,229,0,16,94,36,146,104,57,135,79,375,58,28,86,461
04/05/2011,TUS,AZ,AWP,WE,Towers with Radar,100,48,38,76,262,0,24,127,55,206,100,72,165,131,468,122,82,204,672
04/06/2011,TUS,AZ,AWP,WE,Towers with Radar,103,51,54,81,289,0,30,94,59,183,103,81,148,140,472,70,8,78,550
04/07/2011,TUS,AZ,AWP,WE,Towers with Radar,106,44,53,80,283,0,18,97,64,179,106,62,150,144,462,52,20,72,534
04/08/2011,TUS,AZ,AWP,WE,Towers with Radar,104,55,43,46,248,0,8,66,50,124,104,63,109,96,372,36,40,76,448
04/09/2011,TUS,AZ,AWP,WE,Towers with Radar,97,63,32,0,192,0,6,12,0,18,97,69,44,0,210,2,0,2,212
04/10/2011,TUS,AZ,AWP,WE,Towers with Radar,100,51,47,2,200,0,3,115,0,118,100,54,162,2,318,32,0,32,350
04/11/2011,TUS,AZ,AWP,WE,Towers with Radar,100,46,31,77,254,0,22,71,49,142,100,68,102,126,396,44,30,74,470
04/12/2011,TUS,AZ,AWP,WE,Towers with Radar,103,37,59,74,273,0,24,118,49,191,103,61,177,123,464,90,62,152,616
04/13/2011,TUS,AZ,AWP,WE,Towers with Radar,101,40,49,86,276,0,17,103,67,187,101,57,152,153,463,68,76,144,607
04/14/2011,TUS,AZ,AWP,WE,Towers with Radar,106,57,38,83,284,0,18,108,65,191,106,75,146,148,475,218,94,312,787
04/15/2011,TUS,AZ,AWP,WE,Towers with Radar,104,54,44,60,262,0,16,140,32,188,104,70,184,92,450,144,38,182,632
04/16/2011,TUS,AZ,AWP,WE,Towers with Radar,91,58,49,7,205,0,20,189,1,210,91,78,238,8,415,148,0,148,563
04/17/2011,TUS,AZ,AWP,WE,Towers with Radar,97,52,34,1,184,0,9,102,0,111,97,61,136,1,295,106,0,106,401
04/18/2011,TUS,AZ,AWP,WE,Towers with Radar,103,37,27,94,261,0,21,66,65,152,103,58,93,159,413,70,104,174,587
04/19/2011,TUS,AZ,AWP,WE,Towers with Radar,102,42,32,73,249,0,21,116,65,202,102,63,148,138,451,94,58,152,603
04/20/2011,TUS,AZ,AWP,WE,Towers with Radar,104,47,36,67,254,0,26,132,52,210,104,73,168,119,464,112,42,154,618
04/21/2011,TUS,AZ,AWP,WE,Towers with Radar,107,43,42,71,263,0,17,99,45,161,107,60,141,116,424,82,48,130,554
04/22/2011,TUS,AZ,AWP,WE,Towers with Radar,111,47,44,54,256,0,16,150,40,206,111,63,194,94,462,176,36,212,674
04/23/2011,TUS,AZ,AWP,WE,Towers with Radar,88,48,22,6,164,0,18,179,3,200,88,66,201,9,364,118,0,118,482
04/24/2011,TUS,AZ,AWP,WE,Towers with Radar,96,52,26,2,176,0,12,65,2,79,96,64,91,4,255,10,6,16,271
04/25/2011,TUS,AZ,AWP,WE,Towers with Radar,104,53,34,70,261,0,16,79,41,136,104,69,113,111,397,76,48,124,521
04/26/2011,TUS,AZ,AWP,WE,Towers with Radar,107,39,46,55,247,0,16,70,51,137,107,55,116,106,384,94,46,140,524
04/27/2011,TUS,AZ,AWP,WE,Towers with Radar,107,52,49,84,292,0,29,132,45,206,107,81,181,129,498,116,42,158,656
04/28/2011,TUS,AZ,AWP,WE,Towers with Radar,104,51,51,51,257,0,24,124,26,174,104,75,175,77,431,134,34,168,599
04/29/2011,TUS,AZ,AWP,WE,Towers with Radar,105,53,30,34,222,0,17,65,16,98,105,70,95,50,320,116,42,158,478
04/30/2011,TUS,AZ,AWP,WE,Towers with Radar,91,54,31,11,187,0,16,133,1,150,91,70,164,12,337,110,0,110,447
05/01/2011,TUS,AZ,AWP,WE,Towers with Radar,100,50,45,4,199,0,16,78,3,97,100,66,123,7,296,42,10,52,348
05/02/2011,TUS,AZ,AWP,WE,Towers with Radar,102,45,34,50,231,0,17,64,19,100,102,62,98,69,331,12,34,46,377
05/03/2011,TUS,AZ,AWP,WE,Towers with Radar,101,46,27,44,218,0,19,74,20,113,101,65,101,64,331,32,22,54,385
05/04/2011,TUS,AZ,AWP,WE,Towers with Radar,102,36,34,42,214,0,28,119,25,172,102,64,153,67,386,90,38,128,514
05/05/2011,TUS,AZ,AWP,WE,Towers with Radar,105,48,56,42,251,0,21,109,22,152,105,69,165,64,403,72,16,88,491
05/06/2011,TUS,AZ,AWP,WE,Towers with Radar,102,52,37,41,232,0,24,108,18,150,102,76,145,59,382,66,16,82,464
05/07/2011,TUS,AZ,AWP,WE,Towers with Radar,91,44,30,5,170,0,12,141,6,159,91,56,171,11,329,94,0,94,423
05/08/2011,TUS,AZ,AWP,WE,Towers with Radar,97,52,31,8,188,0,16,69,11,96,97,68,100,19,284,62,2,64,348
05/09/2011,TUS,AZ,AWP,WE,Towers with Radar,106,60,30,43,239,1,23,57,38,119,107,83,87,81,358,50,34,84,442
05/10/2011,TUS,AZ,AWP,WE,Towers with Radar,95,42,34,57,228,0,12,65,23,100,95,54,99,80,328,138,62,200,528
05/11/2011,TUS,AZ,AWP,WE,Towers with Radar,100,54,37,54,245,1,18,95,16,130,101,72,132,70,375,128,38,166,541
05/12/2011,TUS,AZ,AWP,WE,Towers with Radar,104,46,46,32,228,1,16,110,28,155,105,62,156,60,383,140,32,172,555
05/13/2011,TUS,AZ,AWP,WE,Towers with Radar,105,54,47,49,255,0,18,110,30,158,105,72,157,79,413,122,68,190,603
05/14/2011,TUS,AZ,AWP,WE,Towers with Radar,93,44,24,21,182,0,21,184,7,212,93,65,208,28,394,92,22,114,508
05/15/2011,TUS,AZ,AWP,WE,Towers with Radar,97,62,39,17,215,0,18,107,7,132,97,80,146,24,347,48,0,48,395
05/16/2011,TUS,AZ,AWP,WE,Towers with Radar,101,49,37,4,191,0,26,74,3,103,101,75,111,7,294,78,0,78,372
05/17/2011,TUS,AZ,AWP,WE,Towers with Radar,95,49,23,52,219,0,28,84,20,132,95,77,107,72,351,98,98,196,547
05/18/2011,TUS,AZ,AWP,WE,Towers with Radar,99,52,38,45,234,0,22,56,26,104,99,74,94,71,338,116,34,150,488
05/19/2011,TUS,AZ,AWP,WE,Towers with Radar,101,46,43,42,232,0,14,110,19,143,101,60,153,61,375,170,80,250,625
05/20/2011,TUS,AZ,AWP,WE,Towers with Radar,95,57,34,81,267,0,19,145,32,196,95,76,179,113,463,94,94,188,651
05/21/2011,TUS,AZ,AWP,WE,Towers with Radar,92,43,33,2,170,0,17,185,3,205,92,60,218,5,375,156,0,156,531
05/22/2011,TUS,AZ,AWP,WE,Towers with Radar,95,60,39,4,198,0,13,93,3,109,95,73,132,7,307,28,0,28,335
05/23/2011,TUS,AZ,AWP,WE,Towers with Radar,94,47,38,46,225,0,12,80,20,112,94,59,118,66,337,46,36,82,419
05/24/2011,TUS,AZ,AWP,WE,Towers with Radar,94,51,29,38,212,0,18,100,15,133,94,69,129,53,345,126,48,174,519
05/25/2011,TUS,AZ,AWP,WE,Towers with Radar,92,46,39,62,239,0,29,129,24,182,92,75,168,86,421,148,46,194,615
05/26/2011,TUS,AZ,AWP,WE,Towers with Radar,102,51,43,49,245,0,12,92,15,119,102,63,135,64,364,104,24,128,492
05/27/2011,TUS,AZ,AWP,WE,Towers with Radar,100,56,42,33,231,0,16,94,20,130,100,72,136,53,361,144,28,172,533
05/28/2011,TUS,AZ,AWP,WE,Towers with Radar,86,47,29,0,162,0,19,78,5,102,86,66,107,5,264,52,0,52,316
05/29/2011,TUS,AZ,AWP,WE,Towers with Radar,81,45,26,0,152,0,10,34,2,46,81,55,60,2,198,10,0,10,208
05/30/2011,TUS,AZ,AWP,WE,Towers with Radar,87,55,45,0,187,0,16,95,4,115,87,71,140,4,302,36,0,36,338
05/31/2011,TUS,AZ,AWP,WE,Towers with Radar,100,51,41,32,224,0,5,85,19,109,100,56,126,51,333,48,40,88,421
06/01/2011,TUS,AZ,AWP,WE,Towers with Radar,103,53,37,59,252,0,34,79,34,147,103,87,116,93,399,74,32,106,505
06/02/2011,TUS,AZ,AWP,WE,Towers with Radar,101,56,28,46,231,0,15,109,15,139,101,71,137,61,370,146,56,202,572
06/03/2011,TUS,AZ,AWP,WE,Towers with Radar,101,46,24,46,217,0,18,109,29,156,101,64,133,75,373,54,50,104,477
06/04/2011,TUS,AZ,AWP,WE,Towers with Radar,92,45,26,16,179,0,19,103,13,135,92,64,129,29,314,72,38,110,424
06/05/2011,TUS,AZ,AWP,WE,Towers with Radar,87,50,38,10,185,0,19,93,3,115,87,69,131,13,300,64,12,76,376
06/06/2011,TUS,AZ,AWP,WE,Towers with Radar,89,45,30,8,172,0,14,90,1,105,89,59,120,9,277,50,10,60,337
06/07/2011,TUS,AZ,AWP,WE,Towers with Radar,101,42,22,39,204,0,13,81,15,109,101,55,103,54,313,92,36,128,441
06/08/2011,TUS,AZ,AWP,WE,Towers with Radar,93,50,28,49,220,0,23,83,21,127,93,73,111,70,347,92,26,118,465
06/09/2011,TUS,AZ,AWP,WE,Towers with Radar,92,44,26,59,221,0,15,89,13,117,92,59,115,72,338,78,32,110,448
06/10/2011,TUS,AZ,AWP,WE,Towers with Radar,103,50,35,39,227,0,21,114,16,151,103,71,149,55,378,54,38,92,470
06/11/2011,TUS,AZ,AWP,WE,Towers with Radar,82,34,34,2,152,0,18,124,1,143,82,52,158,3,295,54,2,56,351
06/12/2011,TUS,AZ,AWP,WE,Towers with Radar,93,52,46,0,191,0,11,85,0,96,93,63,131,0,287,42,0,42,329
06/13/2011,TUS,AZ,AWP,WE,Towers with Radar,89,43,41,40,213,0,13,66,25,104,89,56,107,65,317,46,20,66,383
06/14/2011,TUS,AZ,AWP,WE,Towers with Radar,94,43,23,44,204,0,24,83,19,126,94,67,106,63,330,66,44,110,440
06/15/2011,TUS,AZ,AWP,WE,Towers with Radar,94,47,29,42,212,0,18,60,20,98,94,65,89,62,310,106,42,148,458
06/16/2011,TUS,AZ,AWP,WE,Towers with Radar,99,47,30,44,220,0,18,84,18,120,99,65,114,62,340,68,26,94,434
06/17/2011,TUS,AZ,AWP,WE,Towers with Radar,99,47,42,42,230,0,21,84,27,132,99,68,126,69,362,62,30,92,454
06/18/2011,TUS,AZ,AWP,WE,Towers with Radar,87,41,35,3,166,0,15,104,2,121,87,56,139,5,287,4,0,4,291
06/19/2011,TUS,AZ,AWP,WE,Towers with Radar,91,49,32,2,174,0,14,54,0,68,91,63,86,2,242,14,0,14,256
06/20/2011,TUS,AZ,AWP,WE,Towers with Radar,95,47,27,35,204,0,20,60,25,105,95,67,87,60,309,14,18,32,341
06/21/2011,TUS,AZ,AWP,WE,Towers with Radar,94,43,27,48,212,0,25,85,27,137,94,68,112,75,349,78,38,116,465
06/22/2011,TUS,AZ,AWP,WE,Towers with Radar,94,46,29,47,216,0,16,85,38,139,94,62,114,85,355,88,34,122,477
06/23/2011,TUS,AZ,AWP,WE,Towers with Radar,101,48,34,61,244,0,20,88,26,134,101,68,122,87,378,68,42,110,488
06/24/2011,TUS,AZ,AWP,WE,Towers with Radar,96,51,40,40,227,0,19,103,23,145,96,70,143,63,372,64,72,136,508
06/25/2011,TUS,AZ,AWP,WE,Towers with Radar,85,33,18,9,145,1,11,87,0,99,86,44,105,9,244,24,6,30,274
06/26/2011,TUS,AZ,AWP,WE,Towers with Radar,87,46,28,7,168,0,5,93,1,99,87,51,121,8,267,44,0,44,311
06/27/2011,TUS,AZ,AWP,WE,Towers with Radar,91,48,25,33,197,0,21,72,20,113,91,69,97,53,310,24,20,44,354
06/28/2011,TUS,AZ,AWP,WE,Towers with Radar,95,44,23,35,197,0,9,63,25,97,95,53,86,60,294,66,20,86,380
06/29/2011,TUS,AZ,AWP,WE,Towers with Radar,101,51,37,33,222,0,13,54,13,80,101,64,91,46,302,54,24,78,380
06/30/2011,TUS,AZ,AWP,WE,Towers with Radar,96,42,27,38,203,0,20,73,19,112,96,62,100,57,315,64,30,94,409
07/01/2011,TUS,AZ,AWP,WE,Towers with Radar,102,50,37,38,227,0,19,85,11,115,102,69,122,49,342,58,6,64,406
07/02/2011,TUS,AZ,AWP,WE,Towers with Radar,81,38,14,0,133,0,13,66,1,80,81,51,80,1,213,6,0,6,219
07/03/2011,TUS,AZ,AWP,WE,Towers with Radar,73,44,13,0,130,0,5,47,1,53,73,49,60,1,183,44,0,44,227
07/04/2011,TUS,AZ,AWP,WE,Towers with Radar,89,32,17,2,140,0,6,51,3,60,89,38,68,5,200,46,2,48,248
07/05/2011,TUS,AZ,AWP,WE,Towers with Radar,100,52,27,34,213,0,15,40,18,73,100,67,67,52,286,20,18,38,324
07/06/2011,TUS,AZ,AWP,WE,Towers with Radar,100,45,46,42,233,0,18,75,16,109,100,63,121,58,342,52,12,64,406
07/07/2011,TUS,AZ,AWP,WE,Towers with Radar,93,44,38,37,212,0,20,77,25,122,93,64,115,62,334,104,42,146,480
07/08/2011,TUS,AZ,AWP,WE,Towers with Radar,98,45,30,24,197,0,8,69,9,86,98,53,99,33,283,92,6,98,381
07/09/2011,TUS,AZ,AWP,WE,Towers with Radar,85,46,28,0,159,0,5,72,5,82,85,51,100,5,241,44,0,44,285
07/10/2011,TUS,AZ,AWP,WE,Towers with Radar,93,49,18,4,164,0,2,58,0,60,93,51,76,4,224,46,0,46,270
07/11/2011,TUS,AZ,AWP,WE,Towers with Radar,98,46,30,2,176,0,10,66,0,76,98,56,96,2,252,22,0,22,274
07/12/2011,TUS,AZ,AWP,WE,Towers with Radar,96,42,37,55,230,1,12,65,20,98,97,54,102,75,328,96,54,150,478
07/13/2011,TUS,AZ,AWP,WE,Towers with Radar,100,37,36,73,246,0,15,89,22,126,100,52,125,95,372,66,62,128,500
07/14/2011,TUS,AZ,AWP,WE,Towers with Radar,101,45,47,62,255,0,18,98,19,135,101,63,145,81,390,44,70,114,504
07/15/2011,TUS,AZ,AWP,WE,Towers with Radar,98,57,21,37,213,0,12,94,19,125,98,69,115,56,338,78,18,96,434
07/16/2011,TUS,AZ,AWP,WE,Towers with Radar,87,37,25,1,150,2,9,75,1,87,89,46,100,2,237,10,0,10,247
07/17/2011,TUS,AZ,AWP,WE,Towers with Radar,90,41,20,4,155,0,6,60,8,74,90,47,80,12,229,2,0,2,231
07/18/2011,TUS,AZ,AWP,WE,Towers with Radar,94,48,12,31,185,0,7,48,15,70,94,55,60,46,255,18,12,30,285
07/19/2011,TUS,AZ,AWP,WE,Towers with Radar,97,47,18,36,198,0,7,41,26,74,97,54,59,62,272,34,26,60,332
07/20/2011,TUS,AZ,AWP,WE,Towers with Radar,97,45,39,33,214,0,4,69,18,91,97,49,108,51,305,84,38,122,427
07/21/2011,TUS,AZ,AWP,WE,Towers with Radar,95,49,34,50,228,0,11,71,25,107,95,60,105,75,335,62,46,108,443
07/22/2011,TUS,AZ,AWP,WE,Towers with Radar,101,47,23,51,222,0,8,65,23,96,101,55,88,74,318,76,52,128,446
07/23/2011,TUS,AZ,AWP,WE,Towers with Radar,89,37,15,1,142,0,6,69,1,76,89,43,84,2,218,24,0,24,242
07/24/2011,TUS,AZ,AWP,WE,Towers with Radar,97,47,16,2,162,0,2,46,0,48,97,49,62,2,210,28,0,28,238
07/25/2011,TUS,AZ,AWP,WE,Towers with Radar,100,41,29,4,174,0,7,48,3,58,100,48,77,7,232,56,4,60,292
07/26/2011,TUS,AZ,AWP,WE,Towers with Radar,96,45,36,31,208,0,8,69,23,100,96,53,105,54,308,66,62,128,436
07/27/2011,TUS,AZ,AWP,WE,Towers with Radar,100,43,34,53,230,0,4,77,17,98,100,47,111,70,328,74,24,98,426
07/28/2011,TUS,AZ,AWP,WE,Towers with Radar,97,44,31,38,210,1,9,88,9,107,98,53,119,47,317,96,42,138,455
07/29/2011,TUS,AZ,AWP,WE,Towers with Radar,99,46,48,53,246,0,10,72,19,101,99,56,120,72,347,48,46,94,441
07/30/2011,TUS,AZ,AWP,WE,Towers with Radar,89,44,25,0,158,0,8,69,1,78,89,52,94,1,236,44,0,44,280
07/31/2011,TUS,AZ,AWP,WE,Towers with Radar,93,50,19,3,165,0,8,87,0,95,93,58,106,3,260,18,0,18,278
08/01/2011,TUS,AZ,AWP,WE,Towers with Radar,98,37,27,26,188,0,21,53,20,94,98,58,80,46,282,12,8,20,302
08/02/2011,TUS,AZ,AWP,WE,Towers with Radar,97,43,20,33,193,0,12,53,25,90,97,55,73,58,283,34,36,70,353
08/03/2011,TUS,AZ,AWP,WE,Towers with Radar,95,54,19,46,214,0,10,48,34,92,95,64,67,80,306,48,40,88,394
08/04/2011,TUS,AZ,AWP,WE,Towers with Radar,98,56,23,33,210,0,16,60,23,99,98,72,83,56,309,68,52,120,429
08/05/2011,TUS,AZ,AWP,WE,Towers with Radar,106,49,32,32,219,0,15,78,26,119,106,64,110,58,338,56,24,80,418
08/06/2011,TUS,AZ,AWP,WE,Towers with Radar,88,34,23,26,171,0,8,71,20,99,88,42,94,46,270,128,22,150,420
08/07/2011,TUS,AZ,AWP,WE,Towers with Radar,93,48,17,18,176,0,14,63,13,90,93,62,80,31,266,34,30,64,330
08/08/2011,TUS,AZ,AWP,WE,Towers with Radar,94,46,20,5,165,0,12,54,3,69,94,58,74,8,234,34,8,42,276
08/09/2011,TUS,AZ,AWP,WE,Towers with Radar,98,58,19,58,233,0,13,32,27,72,98,71,51,85,305,56,44,100,405
08/10/2011,TUS,AZ,AWP,WE,Towers with Radar,101,48,22,55,226,0,11,42,15,68,101,59,64,70,294,40,52,92,386
08/11/2011,TUS,AZ,AWP,WE,Towers with Radar,101,48,24,58,231,0,8,49,41,98,101,56,73,99,329,20,56,76,405
08/12/2011,TUS,AZ,AWP,WE,Towers with Radar,99,48,33,46,226,0,12,71,39,122,99,60,104,85,348,124,54,178,526
08/13/2011,TUS,AZ,AWP,WE,Towers with Radar,89,37,19,1,146,0,13,71,5,89,89,50,90,6,235,76,0,76,311
08/14/2011,TUS,AZ,AWP,WE,Towers with Radar,84,53,26,2,165,0,8,64,2,74,84,61,90,4,239,18,0,18,257
08/15/2011,TUS,AZ,AWP,WE,Towers with Radar,93,46,22,46,207,0,17,47,44,108,93,63,69,90,315,38,50,88,403
08/16/2011,TUS,AZ,AWP,WE,Towers with Radar,94,45,16,49,204,0,13,51,34,98,94,58,67,83,302,70,46,116,418
08/17/2011,TUS,AZ,AWP,WE,Towers with Radar,92,50,28,41,211,0,22,69,34,125,92,72,97,75,336,106,22,128,464
08/18/2011,TUS,AZ,AWP,WE,Towers with Radar,106,47,36,39,228,0,10,50,32,92,106,57,86,71,320,116,52,168,488
08/19/2011,TUS,AZ,AWP,WE,Towers with Radar,99,37,34,47,217,0,12,71,29,112,99,49,105,76,329,74,30,104,433
08/20/2011,TUS,AZ,AWP,WE,Towers with Radar,80,33,18,0,131,0,12,89,2,103,80,45,107,2,234,38,0,38,272
08/21/2011,TUS,AZ,AWP,WE,Towers with Radar,88,45,21,2,156,0,23,81,1,105,88,68,102,3,261,44,0,44,305
08/22/2011,TUS,AZ,AWP,WE,Towers with Radar,88,46,25,3,162,0,18,35,11,64,88,64,60,14,226,28,2,30,256
08/23/2011,TUS,AZ,AWP,WE,Towers with Radar,94,48,23,37,202,0,23,63,22,108,94,71,86,59,310,90,16,106,416
08/24/2011,TUS,AZ,AWP,WE,Towers with Radar,95,42,29,30,196,0,14,51,22,87,95,56,80,52,283,64,14,78,361
08/25/2011,TUS,AZ,AWP,WE,Towers with Radar,97,44,26,41,208,0,8,58,23,89,97,52,84,64,297,46,24,70,367
08/26/2011,TUS,AZ,AWP,WE,Towers with Radar,102,44,29,31,206,0,16,61,23,100,102,60,90,54,306,54,30,84,390
08/27/2011,TUS,AZ,AWP,WE,Towers with Radar,84,30,18,2,134,0,4,81,2,87,84,34,99,4,221,56,0,56,277
08/28/2011,TUS,AZ,AWP,WE,Towers with Radar,90,40,16,0,146,0,5,62,1,68,90,45,78,1,214,26,0,26,240
08/29/2011,TUS,AZ,AWP,WE,Towers with Radar,93,49,21,31,194,0,12,63,15,90,93,61,84,46,284,28,12,40,324
08/30/2011,TUS,AZ,AWP,WE,Towers with Radar,95,34,24,40,193,0,18,66,27,111,95,52,90,67,304,86,38,124,428
08/31/2011,TUS,AZ,AWP,WE,Towers with Radar,96,39,33,28,196,0,16,63,22,101,96,55,96,50,297,28,40,68,365
09/01/2011,TUS,AZ,AWP,WE,Towers with Radar,97,41,24,38,200,0,16,63,34,113,97,57,87,72,313,108,24,132,445
09/02/2011,TUS,AZ,AWP,WE,Towers with Radar,99,47,35,6,187,0,11,86,1,98,99,58,121,7,285,80,4,84,369
09/03/2011,TUS,AZ,AWP,WE,Towers with Radar,75,33,18,7,133,0,10,86,0,96,75,43,104,7,229,60,0,60,289
09/04/2011,TUS,AZ,AWP,WE,Towers with Radar,75,28,18,0,121,0,5,50,0,55,75,33,68,0,176,42,0,42,218
09/05/2011,TUS,AZ,AWP,WE,Towers with Radar,92,48,28,2,170,2,6,57,2,67,94,54,85,4,237,24,0,24,261
09/06/2011,TUS,AZ,AWP,WE,Towers with Radar,89,50,19,31,189,0,19,46,22,87,89,69,65,53,276,72,20,92,368
09/07/2011,TUS,AZ,AWP,WE,Towers with Radar,95,41,26,36,198,0,20,57,17,94,95,61,83,53,292,60,40,100,392
09/08/2011,TUS,AZ,AWP,WE,Towers with Radar,93,47,49,49,238,0,12,96,22,130,93,59,145,71,368,64,44,108,476
09/09/2011,TUS,AZ,AWP,WE,Towers with Radar,99,44,23,46,212,0,10,63,21,94,99,54,86,67,306,96,6,102,408
09/10/2011,TUS,AZ,AWP,WE,Towers with Radar,75,51,17,11,154,0,2,75,14,91,75,53,92,25,245,86,26,112,357
09/11/2011,TUS,AZ,AWP,WE,Towers with Radar,92,45,29,17,183,0,2,79,18,99,92,47,108,35,282,24,4,28,310
09/12/2011,TUS,AZ,AWP,WE,Towers with Radar,91,49,28,1,169,0,9,30,3,42,91,58,58,4,211,4,0,4,215
09/13/2011,TUS,AZ,AWP,WE,Towers with Radar,91,38,43,29,201,0,10,64,31,105,91,48,107,60,306,102,60,162,468
09/14/2011,TUS,AZ,AWP,WE,Towers with Radar,96,44,34,34,208,0,15,62,21,98,96,59,96,55,306,40,12,52,358
09/15/2011,TUS,AZ,AWP,WE,Towers with Radar,106,59,42,14,221,0,11,74,13,98,106,70,116,27,319,86,24,110,429
09/16/2011,TUS,AZ,AWP,WE,Towers with Radar,92,45,37,40,214,0,15,70,24,109,92,60,107,64,323,76,38,114,437
09/17/2011,TUS,AZ,AWP,WE,Towers with Radar,79,40,16,1,136,0,15,100,1,116,79,55,116,2,252,38,0,38,290
09/18/2011,TUS,AZ,AWP,WE,Towers with Radar,92,54,38,5,189,0,7,93,1,101,92,61,131,6,290,54,0,54,344
09/19/2011,TUS,AZ,AWP,WE,Towers with Radar,103,48,26,51,228,0,7,41,15,63,103,55,67,66,291,38,32,70,361
09/20/2011,TUS,AZ,AWP,WE,Towers with Radar,91,46,28,44,209,0,14,83,24,121,91,60,111,68,330,90,46,136,466
09/21/2011,TUS,AZ,AWP,WE,Towers with Radar,97,40,31,46,214,0,18,75,17,110,97,58,106,63,324,112,18,130,454
09/22/2011,TUS,AZ,AWP,WE,Towers with Radar,99,43,33,43,218,0,6,77,27,110,99,49,110,70,328,10,4,14,342
09/23/2011,TUS,AZ,AWP,WE,Towers with Radar,97,51,43,33,224,0,14,79,24,117,97,65,122,57,341,76,40,116,457
09/24/2011,TUS,AZ,AWP,WE,Towers with Radar,79,43,23,1,146,0,13,98,1,112,79,56,121,2,258,112,0,112,370
09/25/2011,TUS,AZ,AWP,WE,Towers with Radar,91,41,41,7,180,0,9,84,3,96,91,50,125,10,276,40,0,40,316
09/26/2011,TUS,AZ,AWP,WE,Towers with Radar,93,56,32,39,220,0,10,69,33,112,93,66,101,72,332,38,26,64,396
09/27/2011,TUS,AZ,AWP,WE,Towers with Radar,92,39,17,47,195,0,20,53,35,108,92,59,70,82,303,16,32,48,351
09/28/2011,TUS,AZ,AWP,WE,Towers with Radar,94,41,29,55,219,0,17,65,42,124,94,58,94,97,343,42,44,86,429
09/29/2011,TUS,AZ,AWP,WE,Towers with Radar,90,41,28,33,192,0,6,78,37,121,90,47,106,70,313,90,44,134,447
09/30/2011,TUS,AZ,AWP,WE,Towers with Radar,98,46,24,5,173,0,9,43,6,58,98,55,67,11,231,32,0,32,263
10/01/2011,TUS,AZ,AWP,WE,Towers with Radar,78,43,16,2,139,0,13,83,3,99,78,56,99,5,238,24,0,24,262
10/02/2011,TUS,AZ,AWP,WE,Towers with Radar,87,45,20,1,153,0,6,71,0,77,87,51,91,1,230,48,0,48,278
10/03/2011,TUS,AZ,AWP,WE,Towers with Radar,87,51,12,6,156,0,12,65,4,81,87,63,77,10,237,2,0,2,239
10/04/2011,TUS,AZ,AWP,WE,Towers with Radar,97,44,20,44,205,0,8,51,19,78,97,52,71,63,283,38,36,74,357
10/05/2011,TUS,AZ,AWP,WE,Towers with Radar,93,38,33,52,216,0,9,74,33,116,93,47,107,85,332,82,78,160,492
10/06/2011,TUS,AZ,AWP,WE,Towers with Radar,99,61,33,28,221,0,12,49,5,66,99,73,82,33,287,6,0,6,293
10/07/2011,TUS,AZ,AWP,WE,Towers with Radar,97,53,38,21,209,0,19,91,22,132,97,72,129,43,341,96,12,108,449
10/08/2011,TUS,AZ,AWP,WE,Towers with Radar,82,37,22,6,147,0,21,113,2,136,82,58,135,8,283,88,0,88,371
10/09/2011,TUS,AZ,AWP,WE,Towers with Radar,89,47,18,1,155,0,10,97,1,108,89,57,115,2,263,114,0,114,377
10/10/2011,TUS,AZ,AWP,WE,Towers with Radar,94,48,24,1,167,0,20,87,1,108,94,68,111,2,275,76,0,76,351
10/11/2011,TUS,AZ,AWP,WE,Towers with Radar,95,39,17,67,218,0,14,61,43,118,95,53,78,110,336,134,98,232,568
10/12/2011,TUS,AZ,AWP,WE,Towers with Radar,96,37,29,40,202,0,15,64,27,106,96,52,93,67,308,102,36,138,446
10/13/2011,TUS,AZ,AWP,WE,Towers with Radar,95,67,26,57,245,0,15,91,40,146,95,82,117,97,391,112,38,150,541
10/14/2011,TUS,AZ,AWP,WE,Towers with Radar,94,51,29,33,207,0,19,98,27,144,94,70,127,60,351,90,30,120,471
10/15/2011,TUS,AZ,AWP,WE,Towers with Radar,84,35,21,1,141,0,8,103,1,112,84,43,124,2,253,68,0,68,321
10/16/2011,TUS,AZ,AWP,WE,Towers with Radar,90,46,32,2,170,0,6,81,2,89,90,52,113,4,259,58,0,58,317
10/17/2011,TUS,AZ,AWP,WE,Towers with Radar,95,50,27,9,181,0,15,45,23,83,95,65,72,32,264,40,2,42,306
10/18/2011,TUS,AZ,AWP,WE,Towers with Radar,96,41,29,43,209,0,10,96,28,134,96,51,125,71,343,100,22,122,465
10/19/2011,TUS,AZ,AWP,WE,Towers with Radar,100,49,43,47,239,0,17,73,29,119,100,66,116,76,358,114,44,158,516
10/20/2011,TUS,AZ,AWP,WE,Towers with Radar,98,53,43,36,230,0,6,86,26,118,98,59,129,62,348,38,10,48,396
10/21/2011,TUS,AZ,AWP,WE,Towers with Radar,97,58,47,43,245,0,12,111,25,148,97,70,158,68,393,74,8,82,475
10/22/2011,TUS,AZ,AWP,WE,Towers with Radar,81,43,18,1,143,0,6,111,1,118,81,49,129,2,261,40,0,40,301
10/23/2011,TUS,AZ,AWP,WE,Towers with Radar,91,41,49,5,186,0,10,55,2,67,91,51,104,7,253,22,0,22,275
10/24/2011,TUS,AZ,AWP,WE,Towers with Radar,95,46,28,37,206,0,14,87,24,125,95,60,115,61,331,68,14,82,413
10/25/2011,TUS,AZ,AWP,WE,Towers with Radar,96,50,18,39,203,0,9,74,24,107,96,59,92,63,310,54,46,100,410
10/26/2011,TUS,AZ,AWP,WE,Towers with Radar,92,42,31,25,190,0,7,92,34,133,92,49,123,59,323,98,44,142,465
10/27/2011,TUS,AZ,AWP,WE,Towers with Radar,101,51,44,29,225,0,17,86,27,130,101,68,130,56,355,68,34,102,457
10/28/2011,TUS,AZ,AWP,WE,Towers with Radar,102,54,35,23,214,0,16,91,17,124,102,70,126,40,338,94,42,136,474
10/29/2011,TUS,AZ,AWP,WE,Towers with Radar,77,43,28,2,150,0,13,111,0,124,77,56,139,2,274,50,0,50,324
10/30/2011,TUS,AZ,AWP,WE,Towers with Radar,94,40,28,0,162,0,10,69,0,79,94,50,97,0,241,48,0,48,289
10/31/2011,TUS,AZ,AWP,WE,Towers with Radar,89,40,19,2,150,0,8,70,2,80,89,48,89,4,230,82,0,82,312
11/01/2011,TUS,AZ,AWP,WE,Towers with Radar,103,37,24,27,191,0,10,76,22,108,103,47,100,49,299,162,36,198,497
11/02/2011,TUS,AZ,AWP,WE,Towers with Radar,98,44,51,29,222,0,5,78,27,110,98,49,129,56,332,198,52,250,582
11/03/2011,TUS,AZ,AWP,WE,Towers with Radar,97,52,32,24,205,0,10,73,22,105,97,62,105,46,310,62,42,104,414
11/04/2011,TUS,AZ,AWP,WE,Towers with Radar,104,49,31,15,199,0,9,38,12,59,104,58,69,27,258,18,16,34,292
11/05/2011,TUS,AZ,AWP,WE,Towers with Radar,92,33,34,21,180,0,10,107,20,137,92,43,141,41,317,30,40,70,387
11/06/2011,TUS,AZ,AWP,WE,Towers with Radar,90,52,32,6,180,0,15,79,12,106,90,67,111,18,286,22,22,44,330
11/07/2011,TUS,AZ,AWP,WE,Towers with Radar,95,46,27,7,175,0,15,27,2,44,95,61,54,9,219,8,0,8,227
11/08/2011,TUS,AZ,AWP,WE,Towers with Radar,98,36,39,50,223,0,14,69,27,110,98,50,108,77,333,90,44,134,467
11/09/2011,TUS,AZ,AWP,WE,Towers with Radar,99,40,31,42,212,0,11,66,34,111,99,51,97,76,323,56,18,74,397
11/10/2011,TUS,AZ,AWP,WE,Towers with Radar,99,49,37,38,223,0,14,52,35,101,99,63,89,73,324,0,0,0,324
11/11/2011,TUS,AZ,AWP,WE,Towers with Radar,102,47,35,3,187,0,18,81,9,108,102,65,116,12,295,22,0,22,317
11/12/2011,TUS,AZ,AWP,WE,Towers with Radar,94,36,40,1,171,0,2,138,3,143,94,38,178,4,314,72,0,72,386
11/13/2011,TUS,AZ,AWP,WE,Towers with Radar,92,55,46,0,193,0,3,26,1,30,92,58,72,1,223,12,0,12,235
11/14/2011,TUS,AZ,AWP,WE,Towers with Radar,96,46,38,44,224,0,5,67,19,91,96,51,105,63,315,80,40,120,435
11/15/2011,TUS,AZ,AWP,WE,Towers with Radar,102,47,43,45,237,0,14,77,22,113,102,61,120,67,350,90,64,154,504
11/16/2011,TUS,AZ,AWP,WE,Towers with Radar,97,42,33,41,213,0,13,78,21,112,97,55,111,62,325,70,36,106,431
11/17/2011,TUS,AZ,AWP,WE,Towers with Radar,103,43,35,47,228,0,17,87,14,118,103,60,122,61,346,118,4,122,468
11/18/2011,TUS,AZ,AWP,WE,Towers with Radar,103,59,45,36,243,0,10,102,23,135,103,69,147,59,378,64,26,90,468
11/19/2011,TUS,AZ,AWP,WE,Towers with Radar,99,42,43,1,185,0,13,151,0,164,99,55,194,1,349,74,0,74,423
11/20/2011,TUS,AZ,AWP,WE,Towers with Radar,94,50,44,5,193,0,3,100,2,105,94,53,144,7,298,44,0,44,342
11/21/2011,TUS,AZ,AWP,WE,Towers with Radar,94,44,28,31,197,0,9,54,17,80,94,53,82,48,277,70,12,82,359
11/22/2011,TUS,AZ,AWP,WE,Towers with Radar,111,44,30,46,231,0,13,90,28,131,111,57,120,74,362,114,46,160,522
11/23/2011,TUS,AZ,AWP,WE,Towers with Radar,104,54,38,29,225,0,13,78,21,112,104,67,116,50,337,90,16,106,443
11/24/2011,TUS,AZ,AWP,WE,Towers with Radar,63,35,16,0,114,0,4,32,1,37,63,39,48,1,151,48,0,48,199
11/25/2011,TUS,AZ,AWP,WE,Towers with Radar,90,33,11,2,136,0,10,68,0,78,90,43,79,2,214,34,0,34,248
11/26/2011,TUS,AZ,AWP,WE,Towers with Radar,97,46,31,0,174,0,4,84,1,89,97,50,115,1,263,18,0,18,281
11/27/2011,TUS,AZ,AWP,WE,Towers with Radar,104,50,62,1,217,0,10,78,1,89,104,60,140,2,306,52,0,52,358
11/28/2011,TUS,AZ,AWP,WE,Towers with Radar,108,60,32,42,242,0,10,61,21,92,108,70,93,63,334,150,62,212,546
11/29/2011,TUS,AZ,AWP,WE,Towers with Radar,99,39,36,46,220,0,5,77,21,103,99,44,113,67,323,170,14,184,507
11/30/2011,TUS,AZ,AWP,WE,Towers with Radar,94,41,45,42,222,0,12,114,26,152,94,53,159,68,374,204,38,242,616
12/01/2011,TUS,AZ,AWP,WE,Towers with Radar,101,52,40,39,232,0,1,29,22,52,101,53,69,61,284,52,10,62,346
12/02/2011,TUS,AZ,AWP,WE,Towers with Radar,101,54,21,29,205,0,2,28,18,48,101,56,49,47,253,32,20,52,305
12/03/2011,TUS,AZ,AWP,WE,Towers with Radar,87,40,18,24,169,0,4,66,23,93,87,44,84,47,262,54,26,80,342
12/04/2011,TUS,AZ,AWP,WE,Towers with Radar,94,43,25,3,165,0,5,33,0,38,94,48,58,3,203,40,0,40,243
12/05/2011,TUS,AZ,AWP,WE,Towers with Radar,101,43,34,15,193,0,7,72,3,82,101,50,106,18,275,38,4,42,317
12/06/2011,TUS,AZ,AWP,WE,Towers with Radar,104,34,40,36,214,0,8,71,29,108,104,42,111,65,322,42,16,58,380
12/07/2011,TUS,AZ,AWP,WE,Towers with Radar,92,42,49,48,231,0,9,68,35,112,92,51,117,83,343,42,20,62,405
12/08/2011,TUS,AZ,AWP,WE,Towers with Radar,104,45,58,49,256,0,11,86,27,124,104,56,144,76,380,78,42,120,500
12/09/2011,TUS,AZ,AWP,WE,Towers with Radar,100,47,31,31,209,0,13,115,16,144,100,60,146,47,353,172,32,204,557
12/10/2011,TUS,AZ,AWP,WE,Towers with Radar,91,35,19,8,153,0,8,95,1,104,91,43,114,9,257,58,8,66,323
12/11/2011,TUS,AZ,AWP,WE,Towers with Radar,88,51,31,8,178,0,6,96,4,106,88,57,127,12,284,60,12,72,356
12/12/2011,TUS,AZ,AWP,WE,Towers with Radar,100,43,20,72,235,0,0,31,7,38,100,43,51,79,273,12,50,62,335
12/13/2011,TUS,AZ,AWP,WE,Towers with Radar,98,48,26,19,191,0,2,11,2,15,98,50,37,21,206,4,24,28,234
12/14/2011,TUS,AZ,AWP,WE,Towers with Radar,91,47,66,49,253,0,10,54,33,97,91,57,120,82,350,116,34,150,500
12/15/2011,TUS,AZ,AWP,WE,Towers with Radar,103,45,57,26,231,0,13,73,29,115,103,58,130,55,346,54,22,76,422
12/16/2011,TUS,AZ,AWP,WE,Towers with Radar,95,53,43,48,239,0,11,41,28,80,95,64,84,76,319,68,30,98,417
12/17/2011,TUS,AZ,AWP,WE,Towers with Radar,93,51,20,1,165,0,10,44,4,58,93,61,64,5,223,12,0,12,235
12/18/2011,TUS,AZ,AWP,WE,Towers with Radar,96,54,23,1,174,0,8,34,0,42,96,62,57,1,216,12,0,12,228
12/19/2011,TUS,AZ,AWP,WE,Towers with Radar,95,62,34,50,241,0,4,32,6,42,95,66,66,56,283,42,28,70,353
12/20/2011,TUS,AZ,AWP,WE,Towers with Radar,96,49,40,33,218,0,8,65,18,91,96,57,105,51,309,100,16,116,425
12/21/2011,TUS,AZ,AWP,WE,Towers with Radar,99,58,42,45,244,0,10,64,26,100,99,68,106,71,344,38,30,68,412
12/22/2011,TUS,AZ,AWP,WE,Towers with Radar,99,65,26,22,212,0,7,74,14,95,99,72,100,36,307,64,12,76,383
12/23/2011,TUS,AZ,AWP,WE,Towers with Radar,104,67,25,0,196,0,10,54,0,64,104,77,79,0,260,80,0,80,340
12/24/2011,TUS,AZ,AWP,WE,Towers with Radar,78,36,10,0,124,0,10,45,0,55,78,46,55,0,179,34,0,34,213
12/25/2011,TUS,AZ,AWP,WE,Towers with Radar,76,46,2,2,126,0,8,32,1,41,76,54,34,3,167,2,0,2,169
12/26/2011,TUS,AZ,AWP,WE,Towers with Radar,90,59,32,0,181,0,8,97,0,105,90,67,129,0,286,90,0,90,376
12/27/2011,TUS,AZ,AWP,WE,Towers with Radar,98,53,48,9,208,0,17,115,5,137,98,70,163,14,345,72,10,82,427
12/28/2011,TUS,AZ,AWP,WE,Towers with Radar,96,68,30,10,204,0,10,76,10,96,96,78,106,20,300,86,6,92,392
12/29/2011,TUS,AZ,AWP,WE,Towers with Radar,98,54,24,24,200,0,8,73,15,96,98,62,97,39,296,90,18,108,404
12/30/2011,TUS,AZ,AWP,WE,Towers with Radar,99,54,36,10,199,0,14,110,6,130,99,68,146,16,329,60,14,74,403
12/31/2011,TUS,AZ,AWP,WE,Towers with Radar,83,44,33,2,162,0,10,106,0,116,83,54,139,2,278,90,0,90,368
01/01/2012,TUS,AZ,AWP,WE,Towers with Radar,80,54,26,0,160,0,10,51,0,61,80,64,77,0,221,2,0,2,223
01/02/2012,TUS,AZ,AWP,WE,Towers with Radar,93,62,64,4,223,0,7,61,0,68,93,69,125,4,291,16,0,16,307
01/03/2012,TUS,AZ,AWP,WE,Towers with Radar,101,60,39,38,238,0,10,74,21,105,101,70,113,59,343,86,36,122,465
01/04/2012,TUS,AZ,AWP,WE,Towers with Radar,104,41,46,34,225,0,13,85,21,119,104,54,131,55,344,116,38,154,498
01/05/2012,TUS,AZ,AWP,WE,Towers with Radar,108,43,28,45,224,0,14,82,11,107,108,57,110,56,331,186,62,248,579
01/06/2012,TUS,AZ,AWP,WE,Towers with Radar,106,47,38,30,221,0,16,88,24,128,106,63,126,54,349,148,30,178,527
01/07/2012,TUS,AZ,AWP,WE,Towers with Radar,88,36,33,44,201,0,12,90,24,126,88,48,123,68,327,28,32,60,387
01/08/2012,TUS,AZ,AWP,WE,Towers with Radar,105,36,34,8,183,0,4,77,6,87,105,40,111,14,270,78,2,80,350
01/09/2012,TUS,AZ,AWP,WE,Towers with Radar,103,43,38,4,188,0,4,88,6,98,103,47,126,10,286,68,0,68,354
01/10/2012,TUS,AZ,AWP,WE,Towers with Radar,98,40,32,41,211,0,15,72,26,113,98,55,104,67,324,66,44,110,434
01/11/2012,TUS,AZ,AWP,WE,Towers with Radar,100,39,32,34,205,0,11,67,23,101,100,50,99,57,306,98,28,126,432
01/12/2012,TUS,AZ,AWP,WE,Towers with Radar,106,39,44,42,231,0,9,112,28,149,106,48,156,70,380,134,74,208,588
01/13/2012,TUS,AZ,AWP,WE,Towers with Radar,106,46,40,57,249,0,7,108,20,135,106,53,148,77,384,72,82,154,538
01/14/2012,TUS,AZ,AWP,WE,Towers with Radar,88,29,49,1,167,0,2,164,4,170,88,31,213,5,337,72,0,72,409
01/15/2012,TUS,AZ,AWP,WE,Towers with Radar,103,40,59,0,202,0,10,82,2,94,103,50,141,2,296,56,0,56,352
01/16/2012,TUS,AZ,AWP,WE,Towers with Radar,107,55,42,7,211,0,2,54,1,57,107,57,96,8,268,86,0,86,354
01/17/2012,TUS,AZ,AWP,WE,Towers with Radar,99,44,46,28,217,0,9,74,34,117,99,53,120,62,334,132,62,194,528
01/18/2012,TUS,AZ,AWP,WE,Towers with Radar,100,40,47,40,227,0,14,77,26,117,100,54,124,66,344,124,40,164,508
01/19/2012,TUS,AZ,AWP,WE,Towers with Radar,104,48,43,65,260,0,12,118,27,157,104,60,161,92,417,78,38,116,533
01/20/2012,TUS,AZ,AWP,WE,Towers with Radar,106,46,37,35,224,0,13,104,17,134,106,59,141,52,358,104,18,122,480
01/21/2012,TUS,AZ,AWP,WE,Towers with Radar,89,39,30,62,220,0,14,146,29,189,89,53,176,91,409,120,62,182,591
01/22/2012,TUS,AZ,AWP,WE,Towers with Radar,102,41,39,20,202,0,3,74,0,77,102,44,113,20,279,50,4,54,333
01/23/2012,TUS,AZ,AWP,WE,Towers with Radar,104,48,42,63,257,0,13,61,21,95,104,61,103,84,352,80,46,126,478
01/24/2012,TUS,AZ,AWP,WE,Towers with Radar,101,34,25,47,207,0,29,77,23,129,101,63,102,70,336,84,88,172,508
01/25/2012,TUS,AZ,AWP,WE,Towers with Radar,101,36,44,56,237,0,8,78,29,115,101,44,122,85,352,50,56,106,458
01/26/2012,TUS,AZ,AWP,WE,Towers with Radar,110,46,45,76,277,0,18,93,26,137,110,64,138,102,414,100,48,148,562
01/27/2012,TUS,AZ,AWP,WE,Towers with Radar,106,48,36,41,231,0,10,89,10,109,106,58,125,51,340,90,36,126,466
01/28/2012,TUS,AZ,AWP,WE,Towers with Radar,88,41,22,10,161,0,10,166,0,176,88,51,188,10,337,32,0,32,369
01/29/2012,TUS,AZ,AWP,WE,Towers with Radar,102,46,44,13,205,0,7,78,4,89,102,53,122,17,294,38,10,48,342
01/30/2012,TUS,AZ,AWP,WE,Towers with Radar,110,59,23,37,229,0,7,82,15,104,110,66,105,52,333,74,26,100,433
01/31/2012,TUS,AZ,AWP,WE,Towers with Radar,99,42,38,44,223,0,9,78,22,109,99,51,116,66,332,116,50,166,498
02/01/2012,TUS,AZ,AWP,WE,Towers with Radar,107,36,35,29,207,0,14,85,26,125,107,50,120,55,332,120,32,152,484
02/02/2012,TUS,AZ,AWP,WE,Towers with Radar,110,51,53,40,254,0,5,99,27,131,110,56,152,67,385,48,30,78,463
02/03/2012,TUS,AZ,AWP,WE,Towers with Radar,103,62,50,30,245,0,7,98,7,112,103,69,148,37,357,88,18,106,463
02/04/2012,TUS,AZ,AWP,WE,Towers with Radar,86,37,22,13,158,0,16,171,4,191,86,53,193,17,349,72,0,72,421
02/05/2012,TUS,AZ,AWP,WE,Towers with Radar,101,41,34,4,180,0,7,66,0,73,101,48,100,4,253,40,0,40,293
02/06/2012,TUS,AZ,AWP,WE,Towers with Radar,108,45,61,29,243,0,14,57,14,85,108,59,118,43,328,94,10,104,432
02/07/2012,TUS,AZ,AWP,WE,Towers with Radar,100,38,31,54,223,0,14,110,31,155,100,52,141,85,378,76,70,146,524
02/08/2012,TUS,AZ,AWP,WE,Towers with Radar,102,41,38,55,236,0,18,68,12,98,102,59,106,67,334,44,42,86,420
02/09/2012,TUS,AZ,AWP,WE,Towers with Radar,109,54,42,33,238,0,10,83,32,125,109,64,125,65,363,154,32,186,549
02/10/2012,TUS,AZ,AWP,WE,Towers with Radar,107,40,47,40,234,0,12,100,29,141,107,52,147,69,375,54,54,108,483
02/11/2012,TUS,AZ,AWP,WE,Towers with Radar,90,42,26,30,188,0,18,169,21,208,90,60,195,51,396,58,52,110,506
02/12/2012,TUS,AZ,AWP,WE,Towers with Radar,111,39,35,4,189,0,6,100,3,109,111,45,135,7,298,42,0,42,340
02/13/2012,TUS,AZ,AWP,WE,Towers with Radar,113,38,29,10,190,0,12,57,2,71,113,50,86,12,261,54,4,58,319
02/14/2012,TUS,AZ,AWP,WE,Towers with Radar,105,47,41,22,215,0,3,44,4,51,105,50,85,26,266,6,26,32,298
02/15/2012,TUS,AZ,AWP,WE,Towers with Radar,107,42,53,37,239,0,13,92,26,131,107,55,145,63,370,110,40,150,520
02/16/2012,TUS,AZ,AWP,WE,Towers with Radar,115,49,42,36,242,0,14,55,25,94,115,63,97,61,336,66,14,80,416
02/17/2012,TUS,AZ,AWP,WE,Towers with Radar,113,62,43,50,268,0,4,65,12,81,113,66,108,62,349,44,86,130,479
02/18/2012,TUS,AZ,AWP,WE,Towers with Radar,98,46,29,12,185,0,8,136,7,151,98,54,165,19,336,64,6,70,406
02/19/2012,TUS,AZ,AWP,WE,Towers with Radar,102,52,47,1,202,0,8,80,5,93,102,60,127,6,295,46,0,46,341
02/20/2012,TUS,AZ,AWP,WE,Towers with Radar,110,42,50,11,213,0,6,83,1,90,110,48,133,12,303,184,0,184,487
02/21/2012,TUS,AZ,AWP,WE,Towers with Radar,111,48,41,36,236,0,16,81,37,134,111,64,122,73,370,104,76,180,550
02/22/2012,TUS,AZ,AWP,WE,Towers with Radar,114,46,33,37,230,0,27,82,37,146,114,73,115,74,376,92,94,186,562
02/23/2012,TUS,AZ,AWP,WE,Towers with Radar,119,56,49,55,279,0,11,88,31,130,119,67,137,86,409,94,54,148,557
02/24/2012,TUS,AZ,AWP,WE,Towers with Radar,111,66,55,41,273,0,19,91,31,141,111,85,146,72,414,98,36,134,548
02/25/2012,TUS,AZ,AWP,WE,Towers with Radar,95,46,33,33,207,0,8,155,4,167,95,54,188,37,374,52,16,68,442
02/26/2012,TUS,AZ,AWP,WE,Towers with Radar,109,57,26,4,196,0,13,94,2,109,109,70,120,6,305,54,0,54,359
02/27/2012,TUS,AZ,AWP,WE,Towers with Radar,113,43,29,31,216,0,14,44,29,87,113,57,73,60,303,28,40,68,371
02/28/2012,TUS,AZ,AWP,WE,Towers with Radar,107,40,36,54,237,0,6,85,28,119,107,46,121,82,356,106,38,144,500
02/29/2012,TUS,AZ,AWP,WE,Towers with Radar,110,46,47,41,244,0,7,97,43,147,110,53,144,84,391,86,104,190,581
03/01/2012,TUS,AZ,AWP,WE,Towers with Radar,111,44,37,52,244,0,8,91,36,135,111,52,128,88,379,60,50,110,489
03/02/2012,TUS,AZ,AWP,WE,Towers with Radar,113,48,31,60,252,0,1,68,31,100,113,49,99,91,352,16,52,68,420
03/03/2012,TUS,AZ,AWP,WE,Towers with Radar,100,52,20,28,200,0,5,139,26,170,100,57,159,54,370,88,40,128,498
03/04/2012,TUS,AZ,AWP,WE,Towers with Radar,102,45,27,2,176,0,2,87,3,92,102,47,114,5,268,78,0,78,346
03/05/2012,TUS,AZ,AWP,WE,Towers with Radar,109,55,30,4,198,0,13,67,15,95,109,68,97,19,293,56,16,72,365
03/06/2012,TUS,AZ,AWP,WE,Towers with Radar,99,46,35,33,213,0,14,46,25,85,99,60,81,58,298,22,28,50,348
03/07/2012,TUS,AZ,AWP,WE,Towers with Radar,101,52,37,52,242,0,21,44,16,81,101,73,81,68,323,34,66,100,423
03/08/2012,TUS,AZ,AWP,WE,Towers with Radar,105,64,45,40,254,0,16,111,28,155,105,80,156,68,409,148,56,204,613
03/09/2012,TUS,AZ,AWP,WE,Towers with Radar,111,60,41,24,236,0,21,53,19,93,111,81,94,43,329,6,46,52,381
03/10/2012,TUS,AZ,AWP,WE,Towers with Radar,99,50,33,0,182,0,8,148,7,163,99,58,181,7,345,132,0,132,477
03/11/2012,TUS,AZ,AWP,WE,Towers with Radar,95,61,48,2,206,0,17,116,1,134,95,78,164,3,340,48,0,48,388
03/12/2012,TUS,AZ,AWP,WE,Towers with Radar,108,59,26,30,223,0,11,98,22,131,108,70,124,52,354,106,94,200,554
03/13/2012,TUS,AZ,AWP,WE,Towers with Radar,99,53,28,40,220,0,13,84,15,112,99,66,112,55,332,146,62,208,540
03/14/2012,TUS,AZ,AWP,WE,Towers with Radar,98,46,43,38,225,0,22,77,21,120,98,68,120,59,345,112,36,148,493
03/15/2012,TUS,AZ,AWP,WE,Towers with Radar,106,60,49,44,259,0,14,96,44,154,106,74,145,88,413,238,66,304,717
03/16/2012,TUS,AZ,AWP,WE,Towers with Radar,108,57,56,38,259,0,18,129,12,159,108,75,185,50,418,110,30,140,558
03/17/2012,TUS,AZ,AWP,WE,Towers with Radar,100,53,22,51,226,0,13,117,28,158,100,66,139,79,384,30,70,100,484
03/18/2012,TUS,AZ,AWP,WE,Towers with Radar,98,56,30,0,184,0,2,18,0,20,98,58,48,0,204,0,0,0,204
03/19/2012,TUS,AZ,AWP,WE,Towers with Radar,96,51,41,29,217,0,5,32,7,44,96,56,73,36,261,18,42,60,321
03/20/2012,TUS,AZ,AWP,WE,Towers with Radar,102,49,52,41,244,0,5,97,21,123,102,54,149,62,367,96,50,146,513
03/21/2012,TUS,AZ,AWP,WE,Towers with Radar,100,56,21,46,223,0,15,75,38,128,100,71,96,84,351,64,54,118,469
03/22/2012,TUS,AZ,AWP,WE,Towers with Radar,105,63,51,39,258,0,22,76,26,124,105,85,127,65,382,72,38,110,492
03/23/2012,TUS,AZ,AWP,WE,Towers with Radar,109,48,33,4,194,0,16,87,12,115,109,64,120,16,309,42,6,48,357
03/24/2012,TUS,AZ,AWP,WE,Towers with Radar,98,64,39,17,218,0,8,113,3,124,98,72,152,20,342,68,0,68,410
03/25/2012,TUS,AZ,AWP,WE,Towers with Radar,100,63,26,4,193,0,6,83,0,89,100,69,109,4,282,64,0,64,346
03/26/2012,TUS,AZ,AWP,WE,Towers with Radar,106,51,47,37,241,0,12,67,16,95,106,63,114,53,336,38,18,56,392
03/27/2012,TUS,AZ,AWP,WE,Towers with Radar,106,53,37,56,252,0,18,84,23,125,106,71,121,79,377,106,46,152,529
03/28/2012,TUS,AZ,AWP,WE,Towers with Radar,100,58,33,58,249,0,13,96,34,143,100,71,129,92,392,82,44,126,518
03/29/2012,TUS,AZ,AWP,WE,Towers with Radar,109,65,42,47,263,0,13,69,23,105,109,78,111,70,368,88,40,128,496
03/30/2012,TUS,AZ,AWP,WE,Towers with Radar,111,58,43,30,242,0,20,80,15,115,111,78,123,45,357,80,28,108,465
03/31/2012,TUS,AZ,AWP,WE,Towers with Radar,99,60,35,0,194,0,8,136,3,147,99,68,171,3,341,36,2,38,379
04/01/2012,TUS,AZ,AWP,WE,Towers with Radar,93,46,38,3,180,0,4,68,1,73,93,50,106,4,253,26,0,26,279
04/02/2012,TUS,AZ,AWP,WE,Towers with Radar,102,53,27,33,215,0,12,69,14,95,102,65,96,47,310,8,24,32,342
04/03/2012,TUS,AZ,AWP,WE,Towers with Radar,92,46,51,41,230,0,13,88,29,130,92,59,139,70,360,160,38,198,558
04/04/2012,TUS,AZ,AWP,WE,Towers with Radar,94,38,37,42,211,0,23,78,21,122,94,61,115,63,333,44,22,66,399
04/05/2012,TUS,AZ,AWP,WE,Towers with Radar,94,48,52,39,233,0,13,91,26,130,94,61,143,65,363,118,34,152,515
04/06/2012,TUS,AZ,AWP,WE,Towers with Radar,99,43,37,4,183,0,10,117,6,133,99,53,154,10,316,106,2,108,424
04/07/2012,TUS,AZ,AWP,WE,Towers with Radar,99,34,28,1,162,3,4,104,6,117,102,38,132,7,279,78,0,78,357
04/08/2012,TUS,AZ,AWP,WE,Towers with Radar,89,52,18,0,159,1,13,71,3,88,90,65,89,3,247,46,0,46,293
04/09/2012,TUS,AZ,AWP,WE,Towers with Radar,100,42,26,32,200,0,10,92,21,123,100,52,118,53,323,42,58,100,423
04/10/2012,TUS,AZ,AWP,WE,Towers with Radar,95,46,39,51,231,0,12,89,28,129,95,58,128,79,360,88,58,146,506
04/11/2012,TUS,AZ,AWP,WE,Towers with Radar,96,38,32,39,205,1,15,63,24,103,97,53,95,63,308,30,24,54,362
04/12/2012,TUS,AZ,AWP,WE,Towers with Radar,99,49,40,41,229,0,24,107,24,155,99,73,147,65,384,58,26,84,468
04/13/2012,TUS,AZ,AWP,WE,Towers with Radar,99,55,30,30,214,0,15,62,25,102,99,70,92,55,316,28,24,52,368
04/14/2012,TUS,AZ,AWP,WE,Towers with Radar,90,50,26,34,200,0,12,45,23,80,90,62,71,57,280,0,14,14,294
04/15/2012,TUS,AZ,AWP,WE,Towers with Radar,88,56,43,12,199,0,10,96,13,119,88,66,139,25,318,18,8,26,344
04/16/2012,TUS,AZ,AWP,WE,Towers with Radar,92,52,33,9,186,0,23,98,6,127,92,75,131,15,313,6,18,24,337
04/17/2012,TUS,AZ,AWP,WE,Towers with Radar,95,50,40,47,232,0,17,79,26,122,95,67,119,73,354,96,28,124,478
04/18/2012,TUS,AZ,AWP,WE,Towers with Radar,99,52,53,41,245,0,26,85,30,141,99,78,138,71,386,84,66,150,536
04/19/2012,TUS,AZ,AWP,WE,Towers with Radar,95,53,35,40,223,0,17,102,25,144,95,70,137,65,367,50,36,86,453
04/20/2012,TUS,AZ,AWP,WE,Towers with Radar,93,48,43,43,227,0,12,108,23,143,93,60,151,66,370,94,40,134,504
04/21/2012,TUS,AZ,AWP,WE,Towers with Radar,85,41,34,0,160,0,16,181,0,197,85,57,215,0,357,116,2,118,475
04/22/2012,TUS,AZ,AWP,WE,Towers with Radar,92,60,32,0,184,0,9,124,12,145,92,69,156,12,329,82,0,82,411
04/23/2012,TUS,AZ,AWP,WE,Towers with Radar,90,55,32,75,252,0,10,77,23,110,90,65,109,98,362,44,80,124,486
04/24/2012,TUS,AZ,AWP,WE,Towers with Radar,95,44,36,76,251,0,18,64,26,108,95,62,100,102,359,48,52,100,459
04/25/2012,TUS,AZ,AWP,WE,Towers with Radar,92,36,38,62,228,0,22,86,19,127,92,58,124,81,355,88,32,120,475
04/26/2012,TUS,AZ,AWP,WE,Towers with Radar,94,54,35,41,224,0,10,42,14,66,94,64,77,55,290,22,32,54,344
04/27/2012,TUS,AZ,AWP,WE,Towers with Radar,93,50,35,6,184,0,12,111,5,128,93,62,146,11,312,106,6,112,424
04/28/2012,TUS,AZ,AWP,WE,Towers with Radar,84,45,39,0,168,0,10,144,0,154,84,55,183,0,322,54,0,54,376
04/29/2012,TUS,AZ,AWP,WE,Towers with Radar,86,46,26,4,162,0,10,91,0,101,86,56,117,4,263,2,2,4,267
04/30/2012,TUS,AZ,AWP,WE,Towers with Radar,98,43,38,39,218,0,15,92,21,128,98,58,130,60,346,16,18,34,380
05/01/2012,TUS,AZ,AWP,WE,Towers with Radar,102,45,38,29,214,0,22,67,35,124,102,67,105,64,338,40,30,70,408
05/02/2012,TUS,AZ,AWP,WE,Towers with Radar,96,39,42,37,214,0,14,81,30,125,96,53,123,67,339,118,50,168,507
05/03/2012,TUS,AZ,AWP,WE,Towers with Radar,91,56,33,47,227,0,14,102,40,156,91,70,135,87,383,144,54,198,581
05/04/2012,TUS,AZ,AWP,WE,Towers with Radar,95,51,44,37,227,0,12,117,18,147,95,63,161,55,374,108,38,146,520
05/05/2012,TUS,AZ,AWP,WE,Towers with Radar,78,49,14,36,177,0,14,133,14,161,78,63,147,50,338,56,58,114,452
05/06/2012,TUS,AZ,AWP,WE,Towers with Radar,88,51,38,18,195,0,13,84,15,112,88,64,122,33,307,14,10,24,331
05/07/2012,TUS,AZ,AWP,WE,Towers with Radar,88,43,28,9,168,0,7,68,8,83,88,50,96,17,251,84,12,96,347
05/08/2012,TUS,AZ,AWP,WE,Towers with Radar,91,34,36,39,200,0,18,76,21,115,91,52,112,60,315,128,66,194,509
05/09/2012,TUS,AZ,AWP,WE,Towers with Radar,121,48,35,31,235,0,18,50,14,82,121,66,85,45,317,44,26,70,387
05/10/2012,TUS,AZ,AWP,WE,Towers with Radar,93,56,32,54,235,0,17,91,16,124,93,73,123,70,359,90,56,146,505
05/11/2012,TUS,AZ,AWP,WE,Towers with Radar,95,56,29,36,216,1,18,71,20,110,96,74,100,56,326,80,28,108,434
05/12/2012,TUS,AZ,AWP,WE,Towers with Radar,80,37,26,10,153,0,5,127,6,138,80,42,153,16,291,40,2,42,333
05/13/2012,TUS,AZ,AWP,WE,Towers with Radar,92,48,23,1,164,0,10,78,1,89,92,58,101,2,253,80,0,80,333
05/14/2012,TUS,AZ,AWP,WE,Towers with Radar,96,43,40,46,225,0,17,68,16,101,96,60,108,62,326,42,74,116,442
05/15/2012,TUS,AZ,AWP,WE,Towers with Radar,90,39,37,48,214,0,6,54,23,83,90,45,91,71,297,20,52,72,369
05/16/2012,TUS,AZ,AWP,WE,Towers with Radar,90,41,36,34,201,0,11,60,27,98,90,52,96,61,299,62,60,122,421
05/17/2012,TUS,AZ,AWP,WE,Towers with Radar,97,49,49,37,232,0,9,74,20,103,97,58,123,57,335,124,44,168,503
05/18/2012,TUS,AZ,AWP,WE,Towers with Radar,93,49,37,33,212,0,11,54,31,96,93,60,91,64,308,18,64,82,390
05/19/2012,TUS,AZ,AWP,WE,Towers with Radar,80,37,16,0,133,0,2,151,0,153,80,39,167,0,286,42,0,42,328
05/20/2012,TUS,AZ,AWP,WE,Towers with Radar,82,47,36,0,165,0,5,100,2,107,82,52,136,2,272,76,0,76,348
05/21/2012,TUS,AZ,AWP,WE,Towers with Radar,90,39,26,39,194,0,14,84,16,114,90,53,110,55,308,82,30,112,420
05/22/2012,TUS,AZ,AWP,WE,Towers with Radar,93,39,35,38,205,0,15,74,32,121,93,54,109,70,326,74,46,120,446
05/23/2012,TUS,AZ,AWP,WE,Towers with Radar,95,39,36,46,216,0,14,56,12,82,95,53,92,58,298,4,20,24,322
05/24/2012,TUS,AZ,AWP,WE,Towers with Radar,95,55,35,26,211,0,20,52,13,85,95,75,87,39,296,98,8,106,402
05/25/2012,TUS,AZ,AWP,WE,Towers with Radar,95,49,35,6,185,0,13,49,0,62,95,62,84,6,247,14,0,14,261
05/26/2012,TUS,AZ,AWP,WE,Towers with Radar,75,43,14,8,140,0,12,66,1,79,75,55,80,9,219,30,2,32,251
05/27/2012,TUS,AZ,AWP,WE,Towers with Radar,70,34,24,0,128,0,11,88,2,101,70,45,112,2,229,64,0,64,293
05/28/2012,TUS,AZ,AWP,WE,Towers with Radar,82,45,26,2,155,0,6,89,6,101,82,51,115,8,256,48,2,50,306
05/29/2012,TUS,AZ,AWP,WE,Towers with Radar,92,51,23,40,206,0,13,66,14,93,92,64,89,54,299,86,40,126,425
05/30/2012,TUS,AZ,AWP,WE,Towers with Radar,92,38,36,40,206,0,20,80,27,127,92,58,116,67,333,64,24,88,421
05/31/2012,TUS,AZ,AWP,WE,Towers with Radar,87,49,39,31,206,0,23,100,27,150,87,72,139,58,356,76,48,124,480
06/01/2012,TUS,AZ,AWP,WE,Towers with Radar,91,46,29,15,181,0,14,86,18,118,91,60,115,33,299,112,22,134,433
06/02/2012,TUS,AZ,AWP,WE,Towers with Radar,77,44,25,32,178,0,26,87,18,131,77,70,112,50,309,42,82,124,433
06/03/2012,TUS,AZ,AWP,WE,Towers with Radar,84,45,32,21,182,0,12,100,6,118,84,57,132,27,300,70,10,80,380
06/04/2012,TUS,AZ,AWP,WE,Towers with Radar,89,42,27,3,161,0,23,83,12,118,89,65,110,15,279,76,6,82,361
06/05/2012,TUS,AZ,AWP,WE,Towers with Radar,88,40,37,31,196,0,20,68,29,117,88,60,105,60,313,82,34,116,429
06/06/2012,TUS,AZ,AWP,WE,Towers with Radar,85,36,31,44,196,0,11,67,17,95,85,47,98,61,291,40,52,92,383
06/07/2012,TUS,AZ,AWP,WE,Towers with Radar,101,36,28,32,197,0,11,71,26,108,101,47,99,58,305,78,50,128,433
06/08/2012,TUS,AZ,AWP,WE,Towers with Radar,89,28,21,25,163,0,17,73,38,128,89,45,94,63,291,98,38,136,427
06/09/2012,TUS,AZ,AWP,WE,Towers with Radar,77,40,20,1,138,0,8,74,0,82,77,48,94,1,220,80,0,80,300
06/10/2012,TUS,AZ,AWP,WE,Towers with Radar,86,35,18,2,141,0,10,71,1,82,86,45,89,3,223,46,0,46,269
06/11/2012,TUS,AZ,AWP,WE,Towers with Radar,93,35,20,42,190,0,14,75,12,101,93,49,95,54,291,62,32,94,385
06/12/2012,TUS,AZ,AWP,WE,Towers with Radar,95,40,26,31,192,0,17,96,14,127,95,57,122,45,319,40,38,78,397
06/13/2012,TUS,AZ,AWP,WE,Towers with Radar,93,46,25,44,208,0,10,83,19,112,93,56,108,63,320,114,34,148,468
06/14/2012,TUS,AZ,AWP,WE,Towers with Radar,98,38,22,43,201,0,20,78,18,116,98,58,100,61,317,70,58,128,445
06/15/2012,TUS,AZ,AWP,WE,Towers with Radar,93,36,29,42,200,0,7,97,15,119,93,43,126,57,319,106,42,148,467
06/16/2012,TUS,AZ,AWP,WE,Towers with Radar,72,34,20,1,127,0,15,82,0,97,72,49,102,1,224,136,0,136,360
06/17/2012,TUS,AZ,AWP,WE,Towers with Radar,85,31,37,3,156,0,4,84,1,89,85,35,121,4,245,70,0,70,315
06/18/2012,TUS,AZ,AWP,WE,Towers with Radar,88,41,26,48,203,0,4,71,23,98,88,45,97,71,301,52,52,104,405
06/19/2012,TUS,AZ,AWP,WE,Towers with Radar,87,33,29,39,188,0,16,93,14,123,87,49,122,53,311,70,16,86,397
06/20/2012,TUS,AZ,AWP,WE,Towers with Radar,93,38,26,47,204,0,12,98,18,128,93,50,124,65,332,96,86,182,514
06/21/2012,TUS,AZ,AWP,WE,Towers with Radar,86,40,23,40,189,0,16,82,13,111,86,56,105,53,300,132,56,188,488
06/22/2012,TUS,AZ,AWP,WE,Towers with Radar,90,34,24,8,156,0,10,79,2,91,90,44,103,10,247,70,0,70,317
06/23/2012,TUS,AZ,AWP,WE,Towers with Radar,76,34,20,3,133,0,9,86,1,96,76,43,106,4,229,80,0,80,309
06/24/2012,TUS,AZ,AWP,WE,Towers with Radar,85,36,23,2,146,0,8,81,0,89,85,44,104,2,235,88,0,88,323
06/25/2012,TUS,AZ,AWP,WE,Towers with Radar,89,33,24,51,197,1,23,60,18,102,90,56,84,69,299,82,80,162,461
06/26/2012,TUS,AZ,AWP,WE,Towers with Radar,91,41,27,28,187,0,11,90,11,112,91,52,117,39,299,108,14,122,421
06/27/2012,TUS,AZ,AWP,WE,Towers with Radar,97,38,38,25,198,0,7,89,13,109,97,45,127,38,307,128,34,162,469
06/28/2012,TUS,AZ,AWP,WE,Towers with Radar,88,34,38,49,209,0,22,101,15,138,88,56,139,64,347,46,28,74,421
06/29/2012,TUS,AZ,AWP,WE,Towers with Radar,89,39,29,37,194,0,10,92,20,122,89,49,121,57,316,62,56,118,434
06/30/2012,TUS,AZ,AWP,WE,Towers with Radar,74,50,20,5,149,0,7,83,0,90,74,57,103,5,239,98,0,98,337
07/01/2012,TUS,AZ,AWP,WE,Towers with Radar,86,28,24,4,142,0,2,101,3,106,86,30,125,7,248,66,0,66,314
07/02/2012,TUS,AZ,AWP,WE,Towers with Radar,92,27,25,42,186,0,16,76,15,107,92,43,101,57,293,44,30,74,367
07/03/2012,TUS,AZ,AWP,WE,Towers with Radar,87,35,22,37,181,0,16,69,13,98,87,51,91,50,279,60,22,82,361
07/04/2012,TUS,AZ,AWP,WE,Towers with Radar,79,27,13,1,120,0,7,33,1,41,79,34,46,2,161,90,0,90,251
07/05/2012,TUS,AZ,AWP,WE,Towers with Radar,89,31,15,27,162,0,11,86,10,107,89,42,101,37,269,20,24,44,313
07/06/2012,TUS,AZ,AWP,WE,Towers with Radar,90,30,31,2,153,0,8,63,9,80,90,38,94,11,233,64,0,64,297
07/07/2012,TUS,AZ,AWP,WE,Towers with Radar,80,39,21,4,144,0,2,84,1,87,80,41,105,5,231,56,0,56,287
07/08/2012,TUS,AZ,AWP,WE,Towers with Radar,90,36,21,2,149,0,7,77,2,86,90,43,98,4,235,88,0,88,323
07/09/2012,TUS,AZ,AWP,WE,Towers with Radar,89,35,25,35,184,0,15,54,19,88,89,50,79,54,272,40,36,76,348
07/10/2012,TUS,AZ,AWP,WE,Towers with Radar,91,32,29,33,185,0,31,77,14,122,91,63,106,47,307,94,18,112,419
07/11/2012,TUS,AZ,AWP,WE,Towers with Radar,91,33,21,56,201,0,28,66,25,119,91,61,87,81,320,76,44,120,440
07/12/2012,TUS,AZ,AWP,WE,Towers with Radar,100,36,20,53,209,0,7,88,40,135,100,43,108,93,344,92,54,146,490
07/13/2012,TUS,AZ,AWP,WE,Towers with Radar,95,37,16,33,181,0,19,71,24,114,95,56,87,57,295,48,44,92,387
07/14/2012,TUS,AZ,AWP,WE,Towers with Radar,99,45,11,19,174,0,6,63,17,86,99,51,74,36,260,126,18,144,404
07/15/2012,TUS,AZ,AWP,WE,Towers with Radar,89,34,24,2,149,0,3,62,0,65,89,37,86,2,214,36,0,36,250
07/16/2012,TUS,AZ,AWP,WE,Towers with Radar,93,43,21,7,164,0,12,51,3,66,93,55,72,10,230,38,6,44,274
07/17/2012,TUS,AZ,AWP,WE,Towers with Radar,90,44,22,31,187,0,17,82,12,111,90,61,104,43,298,64,32,96,394
07/18/2012,TUS,AZ,AWP,WE,Towers with Radar,92,32,14,37,175,0,19,62,20,101,92,51,76,57,276,40,54,94,370
07/19/2012,TUS,AZ,AWP,WE,Towers with Radar,92,38,18,32,180,0,11,79,20,110,92,49,97,52,290,64,38,102,392
07/20/2012,TUS,AZ,AWP,WE,Towers with Radar,96,41,28,42,207,0,13,84,18,115,96,54,112,60,322,20,24,44,366
07/21/2012,TUS,AZ,AWP,WE,Towers with Radar,94,41,13,1,149,0,9,84,1,94,94,50,97,2,243,92,0,92,335
07/22/2012,TUS,AZ,AWP,WE,Towers with Radar,84,33,28,2,147,0,9,49,2,60,84,42,77,4,207,90,0,90,297
07/23/2012,TUS,AZ,AWP,WE,Towers with Radar,92,36,37,37,202,0,6,51,45,102,92,42,88,82,304,60,72,132,436
07/24/2012,TUS,AZ,AWP,WE,Towers with Radar,92,41,27,34,194,0,10,58,19,87,92,51,85,53,281,22,36,58,339
07/25/2012,TUS,AZ,AWP,WE,Towers with Radar,92,33,41,54,220,0,15,71,29,115,92,48,112,83,335,84,52,136,471
07/26/2012,TUS,AZ,AWP,WE,Towers with Radar,85,47,27,37,196,0,7,82,24,113,85,54,109,61,309,68,30,98,407
07/27/2012,TUS,AZ,AWP,WE,Towers with Radar,93,45,33,35,206,0,5,65,24,94,93,50,98,59,300,34,22,56,356
07/28/2012,TUS,AZ,AWP,WE,Towers with Radar,77,34,17,3,131,0,11,77,3,91,77,45,94,6,222,102,0,102,324
07/29/2012,TUS,AZ,AWP,WE,Towers with Radar,87,42,23,1,153,0,8,72,3,83,87,50,95,4,236,114,0,114,350
07/30/2012,TUS,AZ,AWP,WE,Towers with Radar,91,34,30,28,183,0,10,77,21,108,91,44,107,49,291,46,64,110,401
07/31/2012,TUS,AZ,AWP,WE,Towers with Radar,98,31,47,47,223,0,9,68,28,105,98,40,115,75,328,56,40,96,424
08/01/2012,TUS,AZ,AWP,WE,Towers with Radar,94,35,26,41,196,2,14,76,24,116,96,49,102,65,312,28,28,56,368
08/02/2012,TUS,AZ,AWP,WE,Towers with Radar,91,36,29,43,199,0,11,66,24,101,91,47,95,67,300,86,26,112,412
08/03/2012,TUS,AZ,AWP,WE,Towers with Radar,92,39,25,27,183,0,11,56,13,80,92,50,81,40,263,26,10,36,299
08/04/2012,TUS,AZ,AWP,WE,Towers with Radar,78,43,22,32,175,0,15,84,15,114,78,58,106,47,289,112,42,154,443
08/05/2012,TUS,AZ,AWP,WE,Towers with Radar,86,35,21,0,142,0,11,64,0,75,86,46,85,0,217,38,0,38,255
08/06/2012,TUS,AZ,AWP,WE,Towers with Radar,89,33,18,9,149,0,16,61,7,84,89,49,79,16,233,32,8,40,273
08/07/2012,TUS,AZ,AWP,WE,Towers with Radar,91,46,28,26,191,0,26,59,24,109,91,72,87,50,300,46,34,80,380
08/08/2012,TUS,AZ,AWP,WE,Towers with Radar,93,34,25,46,198,1,9,59,28,97,94,43,84,74,295,100,48,148,443
08/09/2012,TUS,AZ,AWP,WE,Towers with Radar,87,37,35,26,185,0,22,80,21,123,87,59,115,47,308,48,44,92,400
08/10/2012,TUS,AZ,AWP,WE,Towers with Radar,93,32,32,34,191,0,13,60,18,91,93,45,92,52,282,80,36,116,398
08/11/2012,TUS,AZ,AWP,WE,Towers with Radar,78,34,20,2,134,0,12,69,2,83,78,46,89,4,217,66,0,66,283
08/12/2012,TUS,AZ,AWP,WE,Towers with Radar,80,27,31,1,139,0,7,71,2,80,80,34,102,3,219,116,0,116,335
08/13/2012,TUS,AZ,AWP,WE,Towers with Radar,89,36,27,29,181,0,13,54,23,90,89,49,81,52,271,34,16,50,321
08/14/2012,TUS,AZ,AWP,WE,Towers with Radar,93,26,25,30,174,0,10,50,21,81,93,36,75,51,255,20,38,58,313
08/15/2012,TUS,AZ,AWP,WE,Towers with Radar,94,39,30,1,164,0,15,39,5,59,94,54,69,6,223,62,2,64,287
08/16/2012,TUS,AZ,AWP,WE,Towers with Radar,89,46,41,41,217,0,12,58,18,88,89,58,99,59,305,42,64,106,411
08/17/2012,TUS,AZ,AWP,WE,Towers with Radar,94,43,24,41,202,0,14,64,25,103,94,57,88,66,305,96,58,154,459
08/18/2012,TUS,AZ,AWP,WE,Towers with Radar,69,35,23,4,131,0,5,99,3,107,69,40,122,7,238,96,8,104,342
08/19/2012,TUS,AZ,AWP,WE,Towers with Radar,78,31,20,3,132,0,4,75,5,84,78,35,95,8,216,48,0,48,264
08/20/2012,TUS,AZ,AWP,WE,Towers with Radar,88,40,22,41,191,0,9,45,34,88,88,49,67,75,279,50,66,116,395
08/21/2012,TUS,AZ,AWP,WE,Towers with Radar,90,39,21,21,171,0,14,59,12,85,90,53,80,33,256,48,18,66,322
08/22/2012,TUS,AZ,AWP,WE,Towers with Radar,89,33,21,34,177,0,15,49,22,86,89,48,70,56,263,36,72,108,371
08/23/2012,TUS,AZ,AWP,WE,Towers with Radar,98,31,25,41,195,0,11,59,21,91,98,42,84,62,286,44,46,90,376
08/24/2012,TUS,AZ,AWP,WE,Towers with Radar,98,45,28,4,175,0,7,97,6,110,98,52,125,10,285,46,4,50,335
08/25/2012,TUS,AZ,AWP,WE,Towers with Radar,74,34,19,5,132,0,15,106,0,121,74,49,125,5,253,98,0,98,351
08/26/2012,TUS,AZ,AWP,WE,Towers with Radar,87,31,18,2,138,0,7,100,1,108,87,38,118,3,246,40,0,40,286
08/27/2012,TUS,AZ,AWP,WE,Towers with Radar,94,27,25,34,180,0,6,57,23,86,94,33,82,57,266,72,50,122,388
08/28/2012,TUS,AZ,AWP,WE,Towers with Radar,94,33,24,36,187,0,25,67,24,116,94,58,91,60,303,82,58,140,443
08/29/2012,TUS,AZ,AWP,WE,Towers with Radar,93,28,22,41,184,0,16,102,25,143,93,44,124,66,327,88,50,138,465
08/30/2012,TUS,AZ,AWP,WE,Towers with Radar,103,38,24,34,199,0,13,96,20,129,103,51,120,54,328,90,42,132,460
08/31/2012,TUS,AZ,AWP,WE,Towers with Radar,95,35,30,4,164,0,12,84,1,97,95,47,114,5,261,100,0,100,361
09/01/2012,TUS,AZ,AWP,WE,Towers with Radar,65,31,25,0,121,0,18,84,1,103,65,49,109,1,224,60,0,60,284
09/02/2012,TUS,AZ,AWP,WE,Towers with Radar,70,24,17,0,111,0,12,60,0,72,70,36,77,0,183,16,2,18,201
09/03/2012,TUS,AZ,AWP,WE,Towers with Radar,83,27,31,0,141,0,3,84,2,89,83,30,115,2,230,22,24,46,276
09/04/2012,TUS,AZ,AWP,WE,Towers with Radar,94,39,20,38,191,0,9,59,20,88,94,48,79,58,279,88,34,122,401
09/05/2012,TUS,AZ,AWP,WE,Towers with Radar,94,43,26,35,198,1,10,97,28,136,95,53,123,63,334,48,64,112,446
09/06/2012,TUS,AZ,AWP,WE,Towers with Radar,100,43,23,35,201,0,5,68,23,96,100,48,91,58,297,44,28,72,369
09/07/2012,TUS,AZ,AWP,WE,Towers with Radar,94,35,28,43,200,0,6,63,16,85,94,41,91,59,285,86,40,126,411
09/08/2012,TUS,AZ,AWP,WE,Towers with Radar,74,30,31,23,158,0,1,81,29,111,74,31,112,52,269,38,30,68,337
09/09/2012,TUS,AZ,AWP,WE,Towers with Radar,83,40,30,4,157,0,10,43,5,58,83,50,73,9,215,36,8,44,259
09/10/2012,TUS,AZ,AWP,WE,Towers with Radar,90,43,10,5,148,0,17,41,2,60,90,60,51,7,208,46,2,48,256
09/11/2012,TUS,AZ,AWP,WE,Towers with Radar,87,41,22,39,189,0,12,58,10,80,87,53,80,49,269,66,32,98,367
09/12/2012,TUS,AZ,AWP,WE,Towers with Radar,92,33,45,42,212,0,18,66,25,109,92,51,111,67,321,42,66,108,429
09/13/2012,TUS,AZ,AWP,WE,Towers with Radar,91,41,54,36,222,0,10,67,19,96,91,51,121,55,318,34,24,58,376
09/14/2012,TUS,AZ,AWP,WE,Towers with Radar,94,45,34,25,198,0,6,74,22,102,94,51,108,47,300,38,30,68,368
09/15/2012,TUS,AZ,AWP,WE,Towers with Radar,81,30,25,0,136,0,15,76,0,91,81,45,101,0,227,26,0,26,253
09/16/2012,TUS,AZ,AWP,WE,Towers with Radar,83,34,25,0,142,0,15,94,0,109,83,49,119,0,251,60,0,60,311
09/17/2012,TUS,AZ,AWP,WE,Towers with Radar,90,37,29,43,199,0,5,75,24,104,90,42,104,67,303,36,12,48,351
09/18/2012,TUS,AZ,AWP,WE,Towers with Radar,93,37,21,35,186,0,27,69,15,111,93,64,90,50,297,62,40,102,399
09/19/2012,TUS,AZ,AWP,WE,Towers with Radar,93,37,31,35,196,0,23,81,17,121,93,60,112,52,317,176,30,206,523
09/20/2012,TUS,AZ,AWP,WE,Towers with Radar,93,42,36,31,202,0,15,74,18,107,93,57,110,49,309,38,28,66,375
09/21/2012,TUS,AZ,AWP,WE,Towers with Radar,95,43,19,26,183,0,18,88,18,124,95,61,107,44,307,72,8,80,387
09/22/2012,TUS,AZ,AWP,WE,Towers with Radar,75,42,23,2,142,0,15,123,0,138,75,57,146,2,280,65,0,65,345
09/23/2012,TUS,AZ,AWP,WE,Towers with Radar,84,35,16,2,137,0,17,91,5,113,84,52,107,7,250,70,0,70,320
09/24/2012,TUS,AZ,AWP,WE,Towers with Radar,88,32,27,32,179,0,16,78,31,125,88,48,105,63,304,22,20,42,346
09/25/2012,TUS,AZ,AWP,WE,Towers with Radar,88,37,35,30,190,0,16,81,23,120,88,53,116,53,310,24,6,30,340
09/26/2012,TUS,AZ,AWP,WE,Towers with Radar,94,44,27,35,200,0,21,71,20,112,94,65,98,55,312,30,10,40,352
09/27/2012,TUS,AZ,AWP,WE,Towers with Radar,90,50,25,33,198,0,9,89,25,123,90,59,114,58,321,54,28,82,403
09/28/2012,TUS,AZ,AWP,WE,Towers with Radar,98,37,41,9,185,0,9,74,3,86,98,46,115,12,271,36,0,36,307
09/29/2012,TUS,AZ,AWP,WE,Towers with Radar,71,34,19,1,125,0,9,87,7,103,71,43,106,8,228,78,0,78,306
09/30/2012,TUS,AZ,AWP,WE,Towers with Radar,84,46,26,2,158,0,6,86,6,98,84,52,112,8,256,12,0,12,268
10/01/2012,TUS,AZ,AWP,WE,Towers with Radar,89,35,33,44,201,0,13,64,23,100,89,48,97,67,301,28,34,62,363
10/02/2012,TUS,AZ,AWP,WE,Towers with Radar,90,41,41,39,211,0,12,67,22,101,90,53,108,61,312,68,26,94,406
10/03/2012,TUS,AZ,AWP,WE,Towers with Radar,90,30,32,38,190,0,17,88,23,128,90,47,120,61,318,36,30,66,384
10/04/2012,TUS,AZ,AWP,WE,Towers with Radar,87,49,25,42,203,0,13,81,15,109,87,62,106,57,312,124,10,134,446
10/05/2012,TUS,AZ,AWP,WE,Towers with Radar,98,36,29,33,196,0,13,86,20,119,98,49,115,53,315,34,40,74,389
10/06/2012,TUS,AZ,AWP,WE,Towers with Radar,76,28,28,0,132,0,19,97,3,119,76,47,125,3,251,48,0,48,299
10/07/2012,TUS,AZ,AWP,WE,Towers with Radar,86,43,29,8,166,0,8,63,7,78,86,51,92,15,244,6,6,12,256
10/08/2012,TUS,AZ,AWP,WE,Towers with Radar,90,39,34,4,167,0,15,85,6,106,90,54,119,10,273,14,2,16,289
10/09/2012,TUS,AZ,AWP,WE,Towers with Radar,87,39,21,38,185,0,24,75,24,123,87,63,96,62,308,26,24,50,358
10/10/2012,TUS,AZ,AWP,WE,Towers with Radar,90,27,39,45,201,0,14,92,31,137,90,41,131,76,338,26,60,86,424
10/11/2012,TUS,AZ,AWP,WE,Towers with Radar,86,46,31,50,213,0,14,78,22,114,86,60,109,72,327,22,32,54,381
10/12/2012,TUS,AZ,AWP,WE,Towers with Radar,92,39,28,39,198,0,20,71,24,115,92,59,99,63,313,38,32,70,383
10/13/2012,TUS,AZ,AWP,WE,Towers with Radar,73,30,32,31,166,0,12,95,19,126,73,42,127,50,292,24,30,54,346
10/14/2012,TUS,AZ,AWP,WE,Towers with Radar,79,38,31,4,152,0,14,95,8,117,79,52,126,12,269,64,0,64,333
10/15/2012,TUS,AZ,AWP,WE,Towers with Radar,84,44,39,10,177,0,21,69,14,104,84,65,108,24,281,38,10,48,329
10/16/2012,TUS,AZ,AWP,WE,Towers with Radar,88,42,36,64,230,0,17,65,29,111,88,59,101,93,341,32,58,90,431
10/17/2012,TUS,AZ,AWP,WE,Towers with Radar,92,30,19,50,191,0,17,70,15,102,92,47,89,65,293,28,38,66,359
10/18/2012,TUS,AZ,AWP,WE,Towers with Radar,89,35,34,38,196,0,15,77,20,112,89,50,111,58,308,16,42,58,366
10/19/2012,TUS,AZ,AWP,WE,Towers with Radar,95,52,39,36,222,0,15,100,32,147,95,67,139,68,369,38,36,74,443
10/20/2012,TUS,AZ,AWP,WE,Towers with Radar,75,28,20,15,138,0,4,97,4,105,75,32,117,19,243,22,2,24,267
10/21/2012,TUS,AZ,AWP,WE,Towers with Radar,85,40,40,2,167,0,12,68,0,80,85,52,108,2,247,56,2,58,305
10/22/2012,TUS,AZ,AWP,WE,Towers with Radar,84,39,25,33,181,0,11,70,23,104,84,50,95,56,285,42,32,74,359
10/23/2012,TUS,AZ,AWP,WE,Towers with Radar,88,50,34,44,216,0,22,71,7,100,88,72,105,51,316,82,34,116,432
10/24/2012,TUS,AZ,AWP,WE,Towers with Radar,88,37,40,28,193,0,8,79,17,104,88,45,119,45,297,40,52,92,389
10/25/2012,TUS,AZ,AWP,WE,Towers with Radar,85,47,36,46,214,0,11,85,14,110,85,58,121,60,324,50,42,92,416
10/26/2012,TUS,AZ,AWP,WE,Towers with Radar,93,53,47,7,200,0,10,100,1,111,93,63,147,8,311,44,2,46,357
10/27/2012,TUS,AZ,AWP,WE,Towers with Radar,76,29,34,0,139,0,6,103,0,109,76,35,137,0,248,48,0,48,296
10/28/2012,TUS,AZ,AWP,WE,Towers with Radar,80,48,44,0,172,0,11,109,0,120,80,59,153,0,292,42,0,42,334
10/29/2012,TUS,AZ,AWP,WE,Towers with Radar,86,41,31,32,190,0,17,67,19,103,86,58,98,51,293,22,40,62,355
10/30/2012,TUS,AZ,AWP,WE,Towers with Radar,86,35,26,29,176,0,15,64,24,103,86,50,90,53,279,72,36,108,387
10/31/2012,TUS,AZ,AWP,WE,Towers with Radar,81,35,24,34,174,0,15,64,17,96,81,50,88,51,270,90,36,126,396
11/01/2012,TUS,AZ,AWP,WE,Towers with Radar,86,47,30,29,192,0,23,67,19,109,86,70,97,48,301,42,26,68,369
11/02/2012,TUS,AZ,AWP,WE,Towers with Radar,89,46,32,36,203,0,12,90,27,129,89,58,122,63,332,56,66,122,454
11/03/2012,TUS,AZ,AWP,WE,Towers with Radar,71,31,27,5,134,0,7,79,2,88,71,38,106,7,222,24,8,32,254
11/04/2012,TUS,AZ,AWP,WE,Towers with Radar,81,50,37,4,172,0,5,87,0,92,81,55,124,4,264,56,0,56,320
11/05/2012,TUS,AZ,AWP,WE,Towers with Radar,87,44,27,1,159,0,6,77,1,84,87,50,104,2,243,68,6,74,317
11/06/2012,TUS,AZ,AWP,WE,Towers with Radar,78,39,30,30,177,0,8,65,19,92,78,47,95,49,269,72,38,110,379
11/07/2012,TUS,AZ,AWP,WE,Towers with Radar,86,41,42,36,205,0,12,62,37,111,86,53,104,73,316,104,58,162,478
11/08/2012,TUS,AZ,AWP,WE,Towers with Radar,91,57,60,27,235,0,9,78,17,104,91,66,138,44,339,48,14,62,401
11/09/2012,TUS,AZ,AWP,WE,Towers with Radar,91,50,31,40,212,0,14,54,22,90,91,64,85,62,302,46,26,72,374
11/10/2012,TUS,AZ,AWP,WE,Towers with Radar,76,44,40,0,160,0,17,59,0,76,76,61,99,0,236,52,0,52,288
11/11/2012,TUS,AZ,AWP,WE,Towers with Radar,83,54,47,0,184,0,13,102,0,115,83,67,149,0,299,78,0,78,377
11/12/2012,TUS,AZ,AWP,WE,Towers with Radar,89,37,39,0,165,0,22,60,1,83,89,59,99,1,248,48,0,48,296
11/13/2012,TUS,AZ,AWP,WE,Towers with Radar,89,37,18,44,188,0,27,80,18,125,89,64,98,62,313,76,24,100,413
11/14/2012,TUS,AZ,AWP,WE,Towers with Radar,88,50,52,52,242,0,22,102,32,156,88,72,154,84,398,116,54,170,568
11/15/2012,TUS,AZ,AWP,WE,Towers with Radar,92,50,60,43,245,0,14,99,31,144,92,64,159,74,389,62,56,118,507
11/16/2012,TUS,AZ,AWP,WE,Towers with Radar,98,51,46,51,246,0,22,83,16,121,98,73,129,67,367,144,40,184,551
11/17/2012,TUS,AZ,AWP,WE,Towers with Radar,75,44,41,2,162,0,20,125,0,145,75,64,166,2,307,80,0,80,387
11/18/2012,TUS,AZ,AWP,WE,Towers with Radar,80,62,49,0,191,0,2,99,2,103,80,64,148,2,294,68,0,68,362
11/19/2012,TUS,AZ,AWP,WE,Towers with Radar,87,46,30,52,215,0,12,76,26,114,87,58,106,78,329,90,66,156,485
11/20/2012,TUS,AZ,AWP,WE,Towers with Radar,94,42,41,39,216,0,17,68,32,117,94,59,109,71,333,80,66,146,479
11/21/2012,TUS,AZ,AWP,WE,Towers with Radar,93,42,50,22,207,0,14,107,28,149,93,56,157,50,356,162,26,188,544
11/22/2012,TUS,AZ,AWP,WE,Towers with Radar,64,27,17,0,108,0,17,43,1,61,64,44,60,1,169,32,0,32,201
11/23/2012,TUS,AZ,AWP,WE,Towers with Radar,78,27,27,0,132,0,9,104,1,114,78,36,131,1,246,54,0,54,300
11/24/2012,TUS,AZ,AWP,WE,Towers with Radar,80,41,35,0,156,0,17,70,0,87,80,58,105,0,243,46,0,46,289
11/25/2012,TUS,AZ,AWP,WE,Towers with Radar,86,46,65,0,197,0,14,101,0,115,86,60,166,0,312,38,0,38,350
11/26/2012,TUS,AZ,AWP,WE,Towers with Radar,93,41,28,52,214,0,15,78,32,125,93,56,106,84,339,40,54,94,433
11/27/2012,TUS,AZ,AWP,WE,Towers with Radar,94,39,30,57,220,0,2,94,31,127,94,41,124,88,347,128,88,216,563
11/28/2012,TUS,AZ,AWP,WE,Towers with Radar,90,52,24,57,223,0,7,81,19,107,90,59,105,76,330,140,44,184,514
11/29/2012,TUS,AZ,AWP,WE,Towers with Radar,93,58,41,44,236,0,14,90,17,121,93,72,131,61,357,98,60,158,515
11/30/2012,TUS,AZ,AWP,WE,Towers with Radar,91,43,26,34,194,0,17,97,26,140,91,60,123,60,334,128,28,156,490
12/01/2012,TUS,AZ,AWP,WE,Towers with Radar,74,45,32,30,181,0,7,128,14,149,74,52,160,44,330,78,6,84,414
12/02/2012,TUS,AZ,AWP,WE,Towers with Radar,80,40,39,1,160,0,8,77,4,89,80,48,116,5,249,46,0,46,295
12/03/2012,TUS,AZ,AWP,WE,Towers with Radar,85,34,48,10,177,0,11,79,13,103,85,45,127,23,280,68,10,78,358
12/04/2012,TUS,AZ,AWP,WE,Towers with Radar,89,49,31,30,199,0,7,80,16,103,89,56,111,46,302,38,36,74,376
12/05/2012,TUS,AZ,AWP,WE,Towers with Radar,92,37,38,32,199,0,15,99,28,142,92,52,137,60,341,132,40,172,513
12/06/2012,TUS,AZ,AWP,WE,Towers with Radar,85,54,46,44,229,0,5,81,21,107,85,59,127,65,336,62,50,112,448
12/07/2012,TUS,AZ,AWP,WE,Towers with Radar,91,51,42,44,228,0,8,84,21,113,91,59,126,65,341,130,38,168,509
12/08/2012,TUS,AZ,AWP,WE,Towers with Radar,74,53,26,2,155,0,10,113,0,123,74,63,139,2,278,64,0,64,342
12/09/2012,TUS,AZ,AWP,WE,Towers with Radar,85,50,22,8,165,0,17,93,0,110,85,67,115,8,275,16,0,16,291
12/10/2012,TUS,AZ,AWP,WE,Towers with Radar,86,38,32,25,181,0,8,82,17,107,86,46,114,42,288,80,34,114,402
12/11/2012,TUS,AZ,AWP,WE,Towers with Radar,90,44,36,40,210,0,11,80,27,118,90,55,116,67,328,76,38,114,442
12/12/2012,TUS,AZ,AWP,WE,Towers with Radar,96,43,40,36,215,0,8,105,31,144,96,51,145,67,359,158,46,204,563
12/13/2012,TUS,AZ,AWP,WE,Towers with Radar,85,51,33,44,213,0,5,50,24,79,85,56,83,68,292,48,40,88,380
12/14/2012,TUS,AZ,AWP,WE,Towers with Radar,93,56,26,47,222,0,6,17,11,34,93,62,43,58,256,16,22,38,294
12/15/2012,TUS,AZ,AWP,WE,Towers with Radar,80,40,49,2,171,0,5,42,1,48,80,45,91,3,219,50,0,50,269
12/16/2012,TUS,AZ,AWP,WE,Towers with Radar,84,43,34,2,163,0,2,63,2,67,84,45,97,4,230,32,0,32,262
12/17/2012,TUS,AZ,AWP,WE,Towers with Radar,84,45,41,52,222,1,12,84,19,116,85,57,125,71,338,82,36,118,456
12/18/2012,TUS,AZ,AWP,WE,Towers with Radar,93,50,27,46,216,1,9,94,26,130,94,59,121,72,346,22,32,54,400
12/19/2012,TUS,AZ,AWP,WE,Towers with Radar,89,52,48,41,230,0,8,69,25,102,89,60,117,66,332,83,52,135,467
12/20/2012,TUS,AZ,AWP,WE,Towers with Radar,96,50,40,37,223,0,6,69,29,104,96,56,109,66,327,60,22,82,409
12/21/2012,TUS,AZ,AWP,WE,Towers with Radar,92,50,26,19,187,0,12,89,19,120,92,62,115,38,307,10,22,32,339
12/22/2012,TUS,AZ,AWP,WE,Towers with Radar,92,50,25,2,169,0,8,96,9,113,92,58,121,11,282,54,0,54,336
12/23/2012,TUS,AZ,AWP,WE,Towers with Radar,83,40,28,0,151,0,8,61,0,69,83,48,89,0,220,68,0,68,288
12/24/2012,TUS,AZ,AWP,WE,Towers with Radar,76,38,16,0,130,0,8,39,0,47,76,46,55,0,177,22,0,22,199
12/25/2012,TUS,AZ,AWP,WE,Towers with Radar,65,28,14,2,109,0,5,22,0,27,65,33,36,2,136,6,0,6,142
12/26/2012,TUS,AZ,AWP,WE,Towers with Radar,91,44,47,0,182,0,12,75,2,89,91,56,122,2,271,40,2,42,313
12/27/2012,TUS,AZ,AWP,WE,Towers with Radar,93,51,40,29,213,0,6,62,13,81,93,57,102,42,294,22,12,34,328
12/28/2012,TUS,AZ,AWP,WE,Towers with Radar,94,49,22,32,197,0,12,107,8,127,94,61,129,40,324,14,36,50,374
12/29/2012,TUS,AZ,AWP,WE,Towers with Radar,82,51,34,0,167,0,4,103,0,107,82,55,137,0,274,76,2,78,352
12/30/2012,TUS,AZ,AWP,WE,Towers with Radar,83,43,27,0,153,0,7,61,0,68,83,50,88,0,221,6,0,6,227
12/31/2012,TUS,AZ,AWP,WE,Towers with Radar,74,49,18,0,141,0,4,34,0,38,74,53,52,0,179,40,0,40,219
01/01/2013,TUS,AZ,AWP,WE,Towers with Radar,75,47,26,0,148,0,8,53,0,61,75,55,79,0,209,42,0,42,251
01/02/2013,TUS,AZ,AWP,WE,Towers with Radar,90,60,45,18,213,0,16,86,9,111,90,76,131,27,324,26,14,40,364
01/03/2013,TUS,AZ,AWP,WE,Towers with Radar,99,51,43,66,259,0,3,80,15,98,99,54,123,81,357,34,32,66,423
01/04/2013,TUS,AZ,AWP,WE,Towers with Radar,90,56,24,35,205,0,15,66,25,106,90,71,90,60,311,64,34,98,409
01/05/2013,TUS,AZ,AWP,WE,Towers with Radar,82,33,25,4,144,0,14,103,2,119,82,47,128,6,263,102,2,104,367
01/06/2013,TUS,AZ,AWP,WE,Towers with Radar,80,40,45,3,168,0,11,75,5,91,80,51,120,8,259,24,0,24,283
01/07/2013,TUS,AZ,AWP,WE,Towers with Radar,86,39,29,29,183,0,10,57,26,93,86,49,86,55,276,66,24,90,366
01/08/2013,TUS,AZ,AWP,WE,Towers with Radar,85,44,32,50,211,0,16,74,22,112,85,60,106,72,323,90,60,150,473
01/09/2013,TUS,AZ,AWP,WE,Towers with Radar,90,36,25,35,186,0,18,76,32,126,90,54,101,67,312,64,72,136,448
01/10/2013,TUS,AZ,AWP,WE,Towers with Radar,93,56,38,34,221,0,27,61,24,112,93,83,99,58,333,30,50,80,413
01/11/2013,TUS,AZ,AWP,WE,Towers with Radar,93,52,37,32,214,0,14,61,29,104,93,66,98,61,318,80,28,108,426
01/12/2013,TUS,AZ,AWP,WE,Towers with Radar,76,32,41,19,168,0,12,101,16,129,76,44,142,35,297,78,6,84,381
01/13/2013,TUS,AZ,AWP,WE,Towers with Radar,76,39,48,2,165,0,6,92,1,99,76,45,140,3,264,54,4,58,322
01/14/2013,TUS,AZ,AWP,WE,Towers with Radar,86,41,35,22,184,0,9,61,13,83,86,50,96,35,267,10,18,28,295
01/15/2013,TUS,AZ,AWP,WE,Towers with Radar,82,38,32,30,182,0,12,50,16,78,82,50,82,46,260,18,26,44,304
01/16/2013,TUS,AZ,AWP,WE,Towers with Radar,88,40,34,35,197,0,9,58,26,93,88,49,92,61,290,100,54,154,444
01/17/2013,TUS,AZ,AWP,WE,Towers with Radar,85,39,24,28,176,0,7,68,31,106,85,46,92,59,282,20,56,76,358
01/18/2013,TUS,AZ,AWP,WE,Towers with Radar,90,50,60,17,217,0,22,95,14,131,90,72,155,31,348,60,22,82,430
01/19/2013,TUS,AZ,AWP,WE,Towers with Radar,75,35,31,3,144,0,10,151,5,166,75,45,182,8,310,62,0,62,372
01/20/2013,TUS,AZ,AWP,WE,Towers with Radar,76,42,38,17,173,0,10,91,3,104,76,52,129,20,277,38,14,52,329
01/21/2013,TUS,AZ,AWP,WE,Towers with Radar,82,39,39,1,161,0,19,88,0,107,82,58,127,1,268,16,0,16,284
01/22/2013,TUS,AZ,AWP,WE,Towers with Radar,87,32,28,27,174,0,15,50,20,85,87,47,78,47,259,70,50,120,379
01/23/2013,TUS,AZ,AWP,WE,Towers with Radar,86,38,27,50,201,0,8,77,23,108,86,46,104,73,309,80,54,134,443
01/24/2013,TUS,AZ,AWP,WE,Towers with Radar,85,50,53,50,238,0,16,72,31,119,85,66,125,81,357,172,46,218,575
01/25/2013,TUS,AZ,AWP,WE,Towers with Radar,87,45,47,38,217,0,19,84,22,125,87,64,131,60,342,102,32,134,476
01/26/2013,TUS,AZ,AWP,WE,Towers with Radar,76,40,27,4,147,0,17,25,1,43,76,57,52,5,190,30,0,30,220
01/27/2013,TUS,AZ,AWP,WE,Towers with Radar,76,36,42,10,164,0,11,69,2,82,76,47,111,12,246,66,10,76,322
01/28/2013,TUS,AZ,AWP,WE,Towers with Radar,88,60,22,33,203,0,18,24,8,50,88,78,46,41,253,14,22,36,289
01/29/2013,TUS,AZ,AWP,WE,Towers with Radar,80,45,20,55,200,0,8,62,26,96,80,53,82,81,296,48,68,116,412
01/30/2013,TUS,AZ,AWP,WE,Towers with Radar,90,40,41,34,205,0,5,83,29,117,90,45,124,63,322,92,52,144,466
01/31/2013,TUS,AZ,AWP,WE,Towers with Radar,92,45,47,50,234,2,17,95,22,136,94,62,142,72,370,130,48,178,548
02/01/2013,TUS,AZ,AWP,WE,Towers with Radar,87,48,56,0,191,0,16,90,6,112,87,64,146,6,303,98,2,100,403
02/02/2013,TUS,AZ,AWP,WE,Towers with Radar,78,33,40,2,153,0,18,122,3,143,78,51,162,5,296,90,0,90,386
02/03/2013,TUS,AZ,AWP,WE,Towers with Radar,77,46,32,0,155,0,4,54,0,58,77,50,86,0,213,28,0,28,241
02/04/2013,TUS,AZ,AWP,WE,Towers with Radar,88,48,36,31,203,0,7,62,23,92,88,55,98,54,295,54,42,96,391
02/05/2013,TUS,AZ,AWP,WE,Towers with Radar,84,34,45,40,203,0,9,84,30,123,84,43,129,70,326,46,36,82,408
02/06/2013,TUS,AZ,AWP,WE,Towers with Radar,91,40,44,57,232,0,10,75,26,111,91,50,119,83,343,82,72,154,497
02/07/2013,TUS,AZ,AWP,WE,Towers with Radar,85,51,31,57,224,0,6,103,31,140,85,57,134,88,364,78,60,138,502
02/08/2013,TUS,AZ,AWP,WE,Towers with Radar,91,46,39,43,219,0,5,63,24,92,91,51,102,67,311,28,18,46,357
02/09/2013,TUS,AZ,AWP,WE,Towers with Radar,81,43,25,53,202,0,2,48,15,65,81,45,73,68,267,36,46,82,349
02/10/2013,TUS,AZ,AWP,WE,Towers with Radar,74,46,39,0,159,0,9,109,0,118,74,55,148,0,277,66,0,66,343
02/11/2013,TUS,AZ,AWP,WE,Towers with Radar,89,46,35,9,179,0,6,38,1,45,89,52,73,10,224,42,10,52,276
02/12/2013,TUS,AZ,AWP,WE,Towers with Radar,88,42,40,50,220,0,12,82,38,132,88,54,122,88,352,82,50,132,484
02/13/2013,TUS,AZ,AWP,WE,Towers with Radar,89,50,51,50,240,0,10,86,51,147,89,60,137,101,387,44,102,146,533
02/14/2013,TUS,AZ,AWP,WE,Towers with Radar,95,60,54,56,265,0,18,105,40,163,95,78,159,96,428,102,44,146,574
02/15/2013,TUS,AZ,AWP,WE,Towers with Radar,95,54,42,38,229,0,14,90,25,129,95,68,132,63,358,64,46,110,468
02/16/2013,TUS,AZ,AWP,WE,Towers with Radar,82,49,40,1,172,0,6,156,1,163,82,55,196,2,335,42,0,42,377
02/17/2013,TUS,AZ,AWP,WE,Towers with Radar,86,53,32,0,171,0,14,83,1,98,86,67,115,1,269,44,0,44,313
02/18/2013,TUS,AZ,AWP,WE,Towers with Radar,93,50,41,2,186,0,7,78,5,90,93,57,119,7,276,88,6,94,370
02/19/2013,TUS,AZ,AWP,WE,Towers with Radar,92,47,34,42,215,0,8,73,19,100,92,55,107,61,315,58,24,82,397
02/20/2013,TUS,AZ,AWP,WE,Towers with Radar,95,53,17,11,176,0,4,13,1,18,95,57,30,12,194,4,0,4,198
02/21/2013,TUS,AZ,AWP,WE,Towers with Radar,94,50,57,45,246,0,21,76,24,121,94,71,133,69,367,108,36,144,511
02/22/2013,TUS,AZ,AWP,WE,Towers with Radar,98,56,36,38,228,0,13,80,17,110,98,69,116,55,338,80,54,134,472
02/23/2013,TUS,AZ,AWP,WE,Towers with Radar,75,47,33,3,158,0,11,151,0,162,75,58,184,3,320,48,0,48,368
02/24/2013,TUS,AZ,AWP,WE,Towers with Radar,84,51,30,0,165,0,14,59,1,74,84,65,89,1,239,0,0,0,239
02/25/2013,TUS,AZ,AWP,WE,Towers with Radar,94,55,41,47,237,0,28,74,41,143,94,83,115,88,380,58,60,118,498
02/26/2013,TUS,AZ,AWP,WE,Towers with Radar,92,45,21,56,214,0,15,77,33,125,92,60,98,89,339,130,86,216,555
02/27/2013,TUS,AZ,AWP,WE,Towers with Radar,99,46,40,41,226,0,17,130,19,166,99,63,170,60,392,186,34,220,612
02/28/2013,TUS,AZ,AWP,WE,Towers with Radar,89,46,42,39,216,0,9,93,28,130,89,55,135,67,346,124,60,184,530
03/01/2013,TUS,AZ,AWP,WE,Towers with Radar,97,44,27,7,175,0,15,75,5,95,97,59,102,12,270,86,0,86,356
03/02/2013,TUS,AZ,AWP,WE,Towers with Radar,81,53,35,3,172,0,10,150,4,164,81,63,185,7,336,68,0,68,404
03/03/2013,TUS,AZ,AWP,WE,Towers with Radar,95,42,43,0,180,0,0,49,6,55,95,42,92,6,235,92,0,92,327
03/04/2013,TUS,AZ,AWP,WE,Towers with Radar,96,52,55,29,232,0,19,64,16,99,96,71,119,45,331,38,22,60,391
03/05/2013,TUS,AZ,AWP,WE,Towers with Radar,94,53,32,38,217,0,17,76,11,104,94,70,108,49,321,28,44,72,393
03/06/2013,TUS,AZ,AWP,WE,Towers with Radar,96,42,54,35,227,0,17,80,16,113,96,59,134,51,340,94,26,120,460
03/07/2013,TUS,AZ,AWP,WE,Towers with Radar,101,55,41,36,233,0,16,88,30,134,101,71,129,66,367,80,40,120,487
03/08/2013,TUS,AZ,AWP,WE,Towers with Radar,103,58,26,45,232,0,8,27,11,46,103,66,53,56,278,60,4,64,342
03/09/2013,TUS,AZ,AWP,WE,Towers with Radar,82,55,26,0,163,0,13,50,2,65,82,68,76,2,228,10,0,10,238
03/10/2013,TUS,AZ,AWP,WE,Towers with Radar,97,57,35,34,223,0,5,112,21,138,97,62,147,55,361,54,42,96,457
03/11/2013,TUS,AZ,AWP,WE,Towers with Radar,101,49,32,5,187,0,22,67,4,93,101,71,99,9,280,38,0,38,318
03/12/2013,TUS,AZ,AWP,WE,Towers with Radar,103,48,25,48,224,0,22,86,18,126,103,70,111,66,350,78,52,130,480
03/13/2013,TUS,AZ,AWP,WE,Towers with Radar,106,37,41,38,222,0,22,87,24,133,106,59,128,62,355,112,40,152,507
03/14/2013,TUS,AZ,AWP,WE,Towers with Radar,101,51,50,40,242,0,16,117,15,148,101,67,167,55,390,66,52,118,508
03/15/2013,TUS,AZ,AWP,WE,Towers with Radar,102,63,34,30,229,0,10,95,20,125,102,73,129,50,354,80,40,120,474
03/16/2013,TUS,AZ,AWP,WE,Towers with Radar,90,58,37,0,185,0,6,170,3,179,90,64,207,3,364,52,0,52,416
03/17/2013,TUS,AZ,AWP,WE,Towers with Radar,101,59,32,6,198,0,6,115,0,121,101,65,147,6,319,28,0,28,347
03/18/2013,TUS,AZ,AWP,WE,Towers with Radar,99,55,30,38,222,0,6,77,26,109,99,61,107,64,331,64,28,92,423
03/19/2013,TUS,AZ,AWP,WE,Towers with Radar,106,42,20,43,211,0,15,76,18,109,106,57,96,61,320,76,36,112,432
03/20/2013,TUS,AZ,AWP,WE,Towers with Radar,102,47,35,38,222,0,18,85,23,126,102,65,120,61,348,106,50,156,504
03/21/2013,TUS,AZ,AWP,WE,Towers with Radar,103,59,35,42,239,0,22,89,26,137,103,81,124,68,376,60,24,84,460
03/22/2013,TUS,AZ,AWP,WE,Towers with Radar,101,61,40,33,235,0,18,75,19,112,101,79,115,52,347,32,42,74,421
03/23/2013,TUS,AZ,AWP,WE,Towers with Radar,93,61,34,2,190,0,13,142,4,159,93,74,176,6,349,54,12,66,415
03/24/2013,TUS,AZ,AWP,WE,Towers with Radar,96,50,60,6,212,0,9,107,2,118,96,59,167,8,330,94,2,96,426
03/25/2013,TUS,AZ,AWP,WE,Towers with Radar,99,46,37,41,223,0,8,82,19,109,99,54,119,60,332,106,24,130,462
03/26/2013,TUS,AZ,AWP,WE,Towers with Radar,106,55,38,33,232,0,25,70,35,130,106,80,108,68,362,68,50,118,480
03/27/2013,TUS,AZ,AWP,WE,Towers with Radar,106,45,46,41,238,0,18,93,27,138,106,63,139,68,376,88,28,116,492
03/28/2013,TUS,AZ,AWP,WE,Towers with Radar,101,50,47,48,246,0,26,105,22,153,101,76,152,70,399,56,32,88,487
03/29/2013,TUS,AZ,AWP,WE,Towers with Radar,102,53,46,7,208,0,16,102,2,120,102,69,148,9,328,94,22,116,444
03/30/2013,TUS,AZ,AWP,WE,Towers with Radar,85,52,38,3,178,2,12,111,1,126,87,64,149,4,304,128,2,130,434
03/31/2013,TUS,AZ,AWP,WE,Towers with Radar,97,43,48,0,188,0,22,74,2,98,97,65,122,2,286,28,2,30,316
04/01/2013,TUS,AZ,AWP,WE,Towers with Radar,100,55,40,42,237,0,20,54,20,94,100,75,94,62,331,38,24,62,393
04/02/2013,TUS,AZ,AWP,WE,Towers with Radar,99,43,36,44,222,0,15,74,24,113,99,58,110,68,335,74,34,108,443
04/03/2013,TUS,AZ,AWP,WE,Towers with Radar,102,47,29,39,217,0,23,116,23,162,102,70,145,62,379,124,30,154,533
04/04/2013,TUS,AZ,AWP,WE,Towers with Radar,97,43,33,44,217,0,21,85,36,142,97,64,118,80,359,74,42,116,475
04/05/2013,TUS,AZ,AWP,WE,Towers with Radar,101,55,47,36,239,0,24,105,23,152,101,79,152,59,391,92,22,114,505
04/06/2013,TUS,AZ,AWP,WE,Towers with Radar,88,48,32,10,178,0,7,147,5,159,88,55,179,15,337,50,8,58,395
04/07/2013,TUS,AZ,AWP,WE,Towers with Radar,95,57,43,29,224,0,10,73,19,102,95,67,116,48,326,78,40,118,444
04/08/2013,TUS,AZ,AWP,WE,Towers with Radar,96,53,38,7,194,0,4,25,1,30,96,57,63,8,224,10,2,12,236
04/09/2013,TUS,AZ,AWP,WE,Towers with Radar,99,48,45,37,229,0,7,33,18,58,99,55,78,55,287,32,24,56,343
04/10/2013,TUS,AZ,AWP,WE,Towers with Radar,94,50,50,39,233,0,22,89,22,133,94,72,139,61,366,124,4,128,494
04/11/2013,TUS,AZ,AWP,WE,Towers with Radar,94,44,32,61,231,0,14,102,30,146,94,58,134,91,377,128,38,166,543
04/12/2013,TUS,AZ,AWP,WE,Towers with Radar,96,62,41,40,239,0,9,106,28,143,96,71,147,68,382,88,20,108,490
04/13/2013,TUS,AZ,AWP,WE,Towers with Radar,81,47,40,1,169,0,15,134,10,159,81,62,174,11,328,80,0,80,408
04/14/2013,TUS,AZ,AWP,WE,Towers with Radar,81,49,25,0,155,0,19,63,9,91,81,68,88,9,246,18,0,18,264
04/15/2013,TUS,AZ,AWP,WE,Towers with Radar,87,63,21,32,203,0,15,49,15,79,87,78,70,47,282,14,10,24,306
04/16/2013,TUS,AZ,AWP,WE,Towers with Radar,85,43,38,44,210,0,18,48,16,82,85,61,86,60,292,26,22,48,340
04/17/2013,TUS,AZ,AWP,WE,Towers with Radar,81,50,27,35,193,0,18,77,14,109,81,68,104,49,302,66,20,86,388
04/18/2013,TUS,AZ,AWP,WE,Towers with Radar,93,59,33,47,232,0,11,104,35,150,93,70,137,82,382,42,34,76,458
04/19/2013,TUS,AZ,AWP,WE,Towers with Radar,96,52,39,45,232,0,25,92,11,128,96,77,131,56,360,120,34,154,514
04/20/2013,TUS,AZ,AWP,WE,Towers with Radar,74,46,26,0,146,0,10,153,2,165,74,56,179,2,311,90,0,90,401
04/21/2013,TUS,AZ,AWP,WE,Towers with Radar,81,51,33,11,176,0,24,102,2,128,81,75,135,13,304,52,0,52,356
04/22/2013,TUS,AZ,AWP,WE,Towers with Radar,84,48,39,46,217,0,13,75,13,101,84,61,114,59,318,68,34,102,420
04/23/2013,TUS,AZ,AWP,WE,Towers with Radar,90,41,23,46,200,0,21,88,36,145,90,62,111,82,345,94,38,132,477
04/24/2013,TUS,AZ,AWP,WE,Towers with Radar,91,36,46,31,204,0,9,68,21,98,91,45,114,52,302,28,24,52,354
04/25/2013,TUS,AZ,AWP,WE,Towers with Radar,95,50,36,37,218,0,7,56,13,76,95,57,92,50,294,24,10,34,328
04/26/2013,TUS,AZ,AWP,WE,Towers with Radar,93,52,35,1,181,0,15,94,3,112,93,67,129,4,293,108,4,112,405
04/27/2013,TUS,AZ,AWP,WE,Towers with Radar,77,39,26,2,144,0,6,165,0,171,77,45,191,2,315,62,0,62,377
04/28/2013,TUS,AZ,AWP,WE,Towers with Radar,84,50,35,0,169,0,22,110,0,132,84,72,145,0,301,26,0,26,327
04/29/2013,TUS,AZ,AWP,WE,Towers with Radar,91,42,19,41,193,0,15,48,13,76,91,57,67,54,269,30,38,68,337
04/30/2013,TUS,AZ,AWP,WE,Towers with Radar,95,51,41,42,229,1,17,96,21,135,96,68,137,63,364,110,86,196,560
05/01/2013,TUS,AZ,AWP,WE,Towers with Radar,93,44,39,39,215,0,15,85,21,121,93,59,124,60,336,48,14,62,398
05/02/2013,TUS,AZ,AWP,WE,Towers with Radar,91,56,35,45,227,0,17,72,22,111,91,73,107,67,338,148,40,188,526
05/03/2013,TUS,AZ,AWP,WE,Towers with Radar,90,50,38,31,209,0,10,47,9,66,90,60,85,40,275,16,24,40,315
05/04/2013,TUS,AZ,AWP,WE,Towers with Radar,74,45,21,3,143,0,5,149,5,159,74,50,170,8,302,64,8,72,374
05/05/2013,TUS,AZ,AWP,WE,Towers with Radar,83,62,28,3,176,0,13,58,0,71,83,75,86,3,247,20,0,20,267
05/06/2013,TUS,AZ,AWP,WE,Towers with Radar,87,56,31,8,182,0,16,73,0,89,87,72,104,8,271,52,4,56,327
05/07/2013,TUS,AZ,AWP,WE,Towers with Radar,89,42,34,55,220,0,13,80,15,108,89,55,114,70,328,62,36,98,426
05/08/2013,TUS,AZ,AWP,WE,Towers with Radar,91,36,38,47,212,0,21,98,19,138,91,57,136,66,350,78,56,134,484
05/09/2013,TUS,AZ,AWP,WE,Towers with Radar,90,54,37,41,222,0,18,88,16,122,90,72,125,57,344,58,22,80,424
05/10/2013,TUS,AZ,AWP,WE,Towers with Radar,93,40,41,39,213,0,14,93,23,130,93,54,134,62,343,90,64,154,497
05/11/2013,TUS,AZ,AWP,WE,Towers with Radar,74,39,22,0,135,1,15,141,0,157,75,54,163,0,292,52,0,52,344
05/12/2013,TUS,AZ,AWP,WE,Towers with Radar,84,49,16,0,149,0,15,55,0,70,84,64,71,0,219,4,6,10,229
05/13/2013,TUS,AZ,AWP,WE,Towers with Radar,90,45,27,45,207,0,18,74,25,117,90,63,101,70,324,48,60,108,432
05/14/2013,TUS,AZ,AWP,WE,Towers with Radar,89,44,30,50,213,0,6,90,27,123,89,50,120,77,336,66,70,136,472
05/15/2013,TUS,AZ,AWP,WE,Towers with Radar,91,47,27,44,209,0,13,68,16,97,91,60,95,60,306,36,68,104,410
05/16/2013,TUS,AZ,AWP,WE,Towers with Radar,90,52,49,42,233,0,17,76,28,121,90,69,125,70,354,112,42,154,508
05/17/2013,TUS,AZ,AWP,WE,Towers with Radar,89,46,20,40,195,0,22,94,41,157,89,68,114,81,352,74,90,164,516
05/18/2013,TUS,AZ,AWP,WE,Towers with Radar,73,40,13,23,149,1,6,148,14,169,74,46,161,37,318,54,14,68,386
05/19/2013,TUS,AZ,AWP,WE,Towers with Radar,80,44,38,19,181,1,11,100,16,128,81,55,138,35,309,34,6,40,349
05/20/2013,TUS,AZ,AWP,WE,Towers with Radar,84,55,34,10,183,0,17,56,6,79,84,72,90,16,262,18,16,34,296
05/21/2013,TUS,AZ,AWP,WE,Towers with Radar,87,35,38,47,207,0,6,83,32,121,87,41,121,79,328,148,76,224,552
05/22/2013,TUS,AZ,AWP,WE,Towers with Radar,92,41,34,43,210,0,11,75,38,124,92,52,109,81,334,38,62,100,434
05/23/2013,TUS,AZ,AWP,WE,Towers with Radar,95,60,42,40,237,1,8,76,32,117,96,68,118,72,354,12,50,62,416
05/24/2013,TUS,AZ,AWP,WE,Towers with Radar,94,45,46,20,205,0,18,97,11,126,94,63,143,31,331,38,26,64,395
05/25/2013,TUS,AZ,AWP,WE,Towers with Radar,60,49,20,0,129,0,6,96,0,102,60,55,116,0,231,88,0,88,319
05/26/2013,TUS,AZ,AWP,WE,Towers with Radar,68,54,24,0,146,0,20,79,0,99,68,74,103,0,245,26,0,26,271
05/27/2013,TUS,AZ,AWP,WE,Towers with Radar,81,41,24,2,148,0,20,73,0,93,81,61,97,2,241,16,0,16,257
05/28/2013,TUS,AZ,AWP,WE,Towers with Radar,88,45,27,34,194,1,11,69,17,98,89,56,96,51,292,78,46,124,416
05/29/2013,TUS,AZ,AWP,WE,Towers with Radar,86,35,25,43,189,0,23,69,18,110,86,58,94,61,299,92,46,138,437
05/30/2013,TUS,AZ,AWP,WE,Towers with Radar,90,46,41,63,240,0,18,87,28,133,90,64,128,91,373,54,66,120,493
05/31/2013,TUS,AZ,AWP,WE,Towers with Radar,90,49,31,31,201,0,16,118,25,159,90,65,149,56,360,39,32,71,431
06/01/2013,TUS,AZ,AWP,WE,Towers with Radar,71,41,17,50,179,0,7,73,27,107,71,48,90,77,286,52,14,66,352
06/02/2013,TUS,AZ,AWP,WE,Towers with Radar,85,39,15,4,143,0,6,68,0,74,85,45,83,4,217,28,0,28,245
06/03/2013,TUS,AZ,AWP,WE,Towers with Radar,87,44,21,2,154,0,10,62,2,74,87,54,83,4,228,32,2,34,262
06/04/2013,TUS,AZ,AWP,WE,Towers with Radar,81,33,15,38,167,0,11,81,27,119,81,44,96,65,286,44,30,74,360
06/05/2013,TUS,AZ,AWP,WE,Towers with Radar,86,38,33,41,198,0,11,65,31,107,86,49,98,72,305,30,46,76,381
06/06/2013,TUS,AZ,AWP,WE,Towers with Radar,86,41,28,38,193,0,5,62,24,91,86,46,90,62,284,134,30,164,448
06/07/2013,TUS,AZ,AWP,WE,Towers with Radar,85,45,16,19,165,0,13,88,22,123,85,58,104,41,288,66,44,110,398
06/08/2013,TUS,AZ,AWP,WE,Towers with Radar,75,32,22,2,131,0,7,90,0,97,75,39,112,2,228,50,0,50,278
06/09/2013,TUS,AZ,AWP,WE,Towers with Radar,77,36,32,1,146,0,13,79,3,95,77,49,111,4,241,70,0,70,311
06/10/2013,TUS,AZ,AWP,WE,Towers with Radar,80,37,36,39,192,0,8,60,23,91,80,45,96,62,283,46,54,100,383
06/11/2013,TUS,AZ,AWP,WE,Towers with Radar,81,40,24,62,207,0,11,72,32,115,81,51,96,94,322,84,80,164,486
06/12/2013,TUS,AZ,AWP,WE,Towers with Radar,80,38,26,39,183,0,20,85,19,124,80,58,111,58,307,138,56,194,501
06/13/2013,TUS,AZ,AWP,WE,Towers with Radar,89,41,25,57,212,0,11,74,28,113,89,52,99,85,325,38,70,108,433
06/14/2013,TUS,AZ,AWP,WE,Towers with Radar,83,48,34,38,203,0,8,70,27,105,83,56,104,65,308,76,48,124,432
06/15/2013,TUS,AZ,AWP,WE,Towers with Radar,68,33,20,0,121,0,9,74,0,83,68,42,94,0,204,26,0,26,230
06/16/2013,TUS,AZ,AWP,WE,Towers with Radar,81,38,37,0,156,0,2,73,0,75,81,40,110,0,231,62,0,62,293
06/17/2013,TUS,AZ,AWP,WE,Towers with Radar,72,38,35,49,194,0,14,61,23,98,72,52,96,72,292,24,106,130,422
06/18/2013,TUS,AZ,AWP,WE,Towers with Radar,80,32,35,62,209,0,12,73,29,114,80,44,108,91,323,94,62,156,479
06/19/2013,TUS,AZ,AWP,WE,Towers with Radar,83,41,35,45,204,0,27,76,29,132,83,68,111,74,336,94,76,170,506
06/20/2013,TUS,AZ,AWP,WE,Towers with Radar,78,42,29,7,156,0,8,65,11,84,78,50,94,18,240,48,16,64,304
06/21/2013,TUS,AZ,AWP,WE,Towers with Radar,81,39,26,6,152,0,16,84,1,101,81,55,110,7,253,20,4,24,277
06/22/2013,TUS,AZ,AWP,WE,Towers with Radar,69,34,28,0,131,0,4,61,2,67,69,38,89,2,198,64,0,64,262
06/23/2013,TUS,AZ,AWP,WE,Towers with Radar,75,38,37,0,150,0,6,72,0,78,75,44,109,0,228,66,0,66,294
06/24/2013,TUS,AZ,AWP,WE,Towers with Radar,77,36,17,41,171,0,9,41,15,65,77,45,58,56,236,54,22,76,312
06/25/2013,TUS,AZ,AWP,WE,Towers with Radar,79,38,27,49,193,0,9,65,15,89,79,47,92,64,282,44,30,74,356
06/26/2013,TUS,AZ,AWP,WE,Towers with Radar,82,51,25,43,201,0,19,87,24,130,82,70,112,67,331,64,42,106,437
06/27/2013,TUS,AZ,AWP,WE,Towers with Radar,77,48,19,58,202,0,9,73,31,113,77,57,92,89,315,60,44,104,419
06/28/2013,TUS,AZ,AWP,WE,Towers with Radar,85,47,31,35,198,0,9,69,21,99,85,56,100,56,297,66,30,96,393
06/29/2013,TUS,AZ,AWP,WE,Towers with Radar,68,39,30,0,137,0,10,77,9,96,68,49,107,9,233,36,8,44,277
06/30/2013,TUS,AZ,AWP,WE,Towers with Radar,85,34,22,3,144,0,6,55,0,61,85,40,77,3,205,44,2,46,251
07/01/2013,TUS,AZ,AWP,WE,Towers with Radar,83,36,19,50,188,0,5,46,20,71,83,41,65,70,259,46,30,76,335
07/02/2013,TUS,AZ,AWP,WE,Towers with Radar,79,32,23,54,188,0,15,43,26,84,79,47,66,80,272,4,42,46,318
07/03/2013,TUS,AZ,AWP,WE,Towers with Radar,76,41,25,43,185,0,18,86,12,116,76,59,111,55,301,58,44,102,403
07/04/2013,TUS,AZ,AWP,WE,Towers with Radar,62,28,12,0,102,0,8,53,0,61,62,36,65,0,163,34,0,34,197
07/05/2013,TUS,AZ,AWP,WE,Towers with Radar,72,31,16,4,123,0,21,54,2,77,72,52,70,6,200,20,2,22,222
07/06/2013,TUS,AZ,AWP,WE,Towers with Radar,70,32,8,4,114,0,19,62,0,81,70,51,70,4,195,28,0,28,223
07/07/2013,TUS,AZ,AWP,WE,Towers with Radar,75,35,22,9,141,0,17,52,2,71,75,52,74,11,212,20,8,28,240
07/08/2013,TUS,AZ,AWP,WE,Towers with Radar,74,46,21,26,167,0,15,44,11,70,74,61,65,37,237,54,16,70,307
07/09/2013,TUS,AZ,AWP,WE,Towers with Radar,76,46,23,43,188,0,6,43,20,69,76,52,66,63,257,50,40,90,347
07/10/2013,TUS,AZ,AWP,WE,Towers with Radar,76,38,23,45,182,0,13,67,21,101,76,51,90,66,283,0,0,0,283
07/11/2013,TUS,AZ,AWP,WE,Towers with Radar,59,32,32,45,168,0,16,51,27,94,59,48,83,72,262,48,18,66,328
07/12/2013,TUS,AZ,AWP,WE,Towers with Radar,78,43,20,35,176,0,16,92,15,123,78,59,112,50,299,96,18,114,413
07/13/2013,TUS,AZ,AWP,WE,Towers with Radar,68,32,15,33,148,0,12,78,20,110,68,44,93,53,258,60,14,74,332
07/14/2013,TUS,AZ,AWP,WE,Towers with Radar,79,26,20,1,126,0,10,71,0,81,79,36,91,1,207,34,2,36,243
07/15/2013,TUS,AZ,AWP,WE,Towers with Radar,82,39,38,5,164,0,15,57,3,75,82,54,95,8,239,30,0,30,269
07/16/2013,TUS,AZ,AWP,WE,Towers with Radar,74,39,23,48,184,1,17,56,13,87,75,56,79,61,271,20,36,56,327
07/17/2013,TUS,AZ,AWP,WE,Towers with Radar,81,47,26,55,209,0,24,42,32,98,81,71,68,87,307,66,56,122,429
07/18/2013,TUS,AZ,AWP,WE,Towers with Radar,76,41,27,61,205,0,19,59,27,105,76,60,86,88,310,40,72,112,422
07/19/2013,TUS,AZ,AWP,WE,Towers with Radar,77,34,38,46,195,0,17,69,16,102,77,51,107,62,297,90,38,128,425
07/20/2013,TUS,AZ,AWP,WE,Towers with Radar,67,36,11,8,122,0,3,71,0,74,67,39,82,8,196,60,4,64,260
07/21/2013,TUS,AZ,AWP,WE,Towers with Radar,80,40,16,6,142,0,13,36,0,49,80,53,52,6,191,66,4,70,261
07/22/2013,TUS,AZ,AWP,WE,Towers with Radar,74,35,21,60,190,0,12,60,19,91,74,47,81,79,281,72,42,114,395
07/23/2013,TUS,AZ,AWP,WE,Towers with Radar,74,34,27,38,173,0,29,75,19,123,74,63,102,57,296,60,20,80,376
07/24/2013,TUS,AZ,AWP,WE,Towers with Radar,75,39,46,52,212,0,11,72,27,110,75,50,118,79,322,102,38,140,462
07/25/2013,TUS,AZ,AWP,WE,Towers with Radar,76,43,29,25,173,0,18,67,16,101,76,61,96,41,274,54,26,80,354
07/26/2013,TUS,AZ,AWP,WE,Towers with Radar,78,47,39,43,207,0,11,69,22,102,78,58,108,65,309,48,70,118,427
07/27/2013,TUS,AZ,AWP,WE,Towers with Radar,70,31,18,1,120,0,12,83,1,96,70,43,101,2,216,46,4,50,266
07/28/2013,TUS,AZ,AWP,WE,Towers with Radar,80,35,24,1,140,0,10,75,2,87,80,45,99,3,227,68,0,68,295
07/29/2013,TUS,AZ,AWP,WE,Towers with Radar,72,39,33,43,187,0,20,69,30,119,72,59,102,73,306,48,36,84,390
07/30/2013,TUS,AZ,AWP,WE,Towers with Radar,76,43,34,26,179,0,11,64,23,98,76,54,98,49,277,70,30,100,377
07/31/2013,TUS,AZ,AWP,WE,Towers with Radar,74,43,32,49,198,0,14,77,19,110,74,57,109,68,308,104,74,178,486
08/01/2013,TUS,AZ,AWP,WE,Towers with Radar,78,37,31,60,206,0,13,67,19,99,78,50,98,79,305,30,38,68,373
08/02/2013,TUS,AZ,AWP,WE,Towers with Radar,76,35,32,58,201,0,12,74,25,111,76,47,106,83,312,86,18,104,416
08/03/2013,TUS,AZ,AWP,WE,Towers with Radar,65,38,15,30,148,0,4,77,20,101,65,42,92,50,249,14,28,42,291
08/04/2013,TUS,AZ,AWP,WE,Towers with Radar,77,32,35,22,166,0,6,75,4,85,77,38,110,26,251,44,10,54,305
08/05/2013,TUS,AZ,AWP,WE,Towers with Radar,72,39,28,5,144,0,25,43,4,72,72,64,71,9,216,18,2,20,236
08/06/2013,TUS,AZ,AWP,WE,Towers with Radar,73,41,25,36,175,0,7,49,20,76,73,48,74,56,251,20,38,58,309
08/07/2013,TUS,AZ,AWP,WE,Towers with Radar,75,37,31,40,183,0,12,67,18,97,75,49,98,58,280,82,34,116,396
08/08/2013,TUS,AZ,AWP,WE,Towers with Radar,75,45,34,62,216,0,15,75,24,114,75,60,109,86,330,74,44,118,448
08/09/2013,TUS,AZ,AWP,WE,Towers with Radar,81,41,39,39,200,0,17,74,14,105,81,58,113,53,305,74,18,92,397
08/10/2013,TUS,AZ,AWP,WE,Towers with Radar,64,37,16,2,119,0,4,85,2,91,64,41,101,4,210,60,0,60,270
08/11/2013,TUS,AZ,AWP,WE,Towers with Radar,72,40,25,0,137,0,6,79,0,85,72,46,104,0,222,40,0,40,262
08/12/2013,TUS,AZ,AWP,WE,Towers with Radar,75,39,23,33,170,0,16,61,19,96,75,55,84,52,266,44,18,62,328
08/13/2013,TUS,AZ,AWP,WE,Towers with Radar,70,41,20,36,167,0,9,64,15,88,70,50,84,51,255,4,42,46,301
08/14/2013,TUS,AZ,AWP,WE,Towers with Radar,76,30,42,38,186,1,8,53,17,79,77,38,95,55,265,42,18,60,325
08/15/2013,TUS,AZ,AWP,WE,Towers with Radar,77,52,35,42,206,0,13,64,18,95,77,65,99,60,301,54,44,98,399
08/16/2013,TUS,AZ,AWP,WE,Towers with Radar,78,47,27,29,181,0,10,60,29,99,78,57,87,58,280,32,30,62,342
08/17/2013,TUS,AZ,AWP,WE,Towers with Radar,66,38,25,3,132,0,11,76,2,89,66,49,101,5,221,40,0,40,261
08/18/2013,TUS,AZ,AWP,WE,Towers with Radar,68,34,26,2,130,0,6,58,1,65,68,40,84,3,195,48,0,48,243
08/19/2013,TUS,AZ,AWP,WE,Towers with Radar,72,37,33,36,178,0,6,68,24,98,72,43,101,60,276,54,36,90,366
08/20/2013,TUS,AZ,AWP,WE,Towers with Radar,78,28,31,27,164,0,21,55,12,88,78,49,86,39,252,24,20,44,296
08/21/2013,TUS,AZ,AWP,WE,Towers with Radar,75,35,34,43,187,0,17,70,18,105,75,52,104,61,292,82,28,110,402
08/22/2013,TUS,AZ,AWP,WE,Towers with Radar,72,47,23,18,160,0,22,87,13,122,72,69,110,31,282,82,10,92,374
08/23/2013,TUS,AZ,AWP,WE,Towers with Radar,75,42,21,38,176,0,10,62,10,82,75,52,83,48,258,60,16,76,334
08/24/2013,TUS,AZ,AWP,WE,Towers with Radar,73,25,19,0,117,0,4,58,2,64,73,29,77,2,181,64,0,64,245
08/25/2013,TUS,AZ,AWP,WE,Towers with Radar,67,39,33,1,140,0,8,61,1,70,67,47,94,2,210,68,0,68,278
08/26/2013,TUS,AZ,AWP,WE,Towers with Radar,103,46,25,35,209,0,10,58,15,83,103,56,83,50,292,108,28,136,428
08/27/2013,TUS,AZ,AWP,WE,Towers with Radar,77,28,24,32,161,0,15,86,21,122,77,43,110,53,283,86,42,128,411
08/28/2013,TUS,AZ,AWP,WE,Towers with Radar,74,37,23,31,165,0,24,50,17,91,74,61,73,48,256,50,54,104,360
08/29/2013,TUS,AZ,AWP,WE,Towers with Radar,79,57,32,40,208,0,6,53,9,68,79,63,85,49,276,52,26,78,354
08/30/2013,TUS,AZ,AWP,WE,Towers with Radar,80,46,27,40,193,0,17,73,17,107,80,63,100,57,300,78,56,134,434
08/31/2013,TUS,AZ,AWP,WE,Towers with Radar,58,32,24,1,115,0,14,99,0,113,58,46,123,1,228,56,0,56,284
09/01/2013,TUS,AZ,AWP,WE,Towers with Radar,56,23,24,0,103,0,6,66,0,72,56,29,90,0,175,52,0,52,227
09/02/2013,TUS,AZ,AWP,WE,Towers with Radar,67,42,23,3,135,0,15,66,1,82,67,57,89,4,217,42,0,42,259
09/03/2013,TUS,AZ,AWP,WE,Towers with Radar,70,42,28,41,181,0,12,77,9,98,70,54,105,50,279,32,26,58,337
09/04/2013,TUS,AZ,AWP,WE,Towers with Radar,83,28,24,46,181,0,17,85,12,114,83,45,109,58,295,78,48,126,421
09/05/2013,TUS,AZ,AWP,WE,Towers with Radar,81,30,24,53,188,0,10,73,37,120,81,40,97,90,308,52,92,144,452
09/06/2013,TUS,AZ,AWP,WE,Towers with Radar,86,37,17,47,187,0,11,93,23,127,86,48,110,70,314,60,20,80,394
09/07/2013,TUS,AZ,AWP,WE,Towers with Radar,60,36,33,12,141,0,6,76,13,95,60,42,109,25,236,64,2,66,302
09/08/2013,TUS,AZ,AWP,WE,Towers with Radar,78,34,34,22,168,0,10,53,3,66,78,44,87,25,234,30,4,34,268
09/09/2013,TUS,AZ,AWP,WE,Towers with Radar,82,40,33,6,161,0,11,29,10,50,82,51,62,16,211,34,8,42,253
09/10/2013,TUS,AZ,AWP,WE,Towers with Radar,77,34,33,42,186,0,12,57,16,85,77,46,90,58,271,44,32,76,347
09/11/2013,TUS,AZ,AWP,WE,Towers with Radar,82,28,29,44,183,0,28,106,24,158,82,56,135,68,341,78,60,138,479
09/12/2013,TUS,AZ,AWP,WE,Towers with Radar,82,47,51,55,235,0,20,76,46,142,82,67,127,101,377,76,58,134,511
09/13/2013,TUS,AZ,AWP,WE,Towers with Radar,86,57,57,52,252,0,17,107,26,150,86,74,164,78,402,76,34,110,512
09/14/2013,TUS,AZ,AWP,WE,Towers with Radar,65,39,16,0,120,0,11,75,0,86,65,50,91,0,206,62,0,62,268
09/15/2013,TUS,AZ,AWP,WE,Towers with Radar,80,42,26,1,149,0,14,81,2,97,80,56,107,3,246,76,0,76,322
09/16/2013,TUS,AZ,AWP,WE,Towers with Radar,79,43,27,47,196,0,13,67,20,100,79,56,94,67,296,86,59,145,441
09/17/2013,TUS,AZ,AWP,WE,Towers with Radar,82,51,31,46,210,0,18,66,29,113,82,69,97,75,323,42,44,86,409
09/18/2013,TUS,AZ,AWP,WE,Towers with Radar,81,27,25,42,175,0,10,62,26,98,81,37,87,68,273,76,44,120,393
09/19/2013,TUS,AZ,AWP,WE,Towers with Radar,80,41,40,50,211,0,10,73,33,116,80,51,113,83,327,122,70,192,519
09/20/2013,TUS,AZ,AWP,WE,Towers with Radar,82,41,22,39,184,0,20,66,20,106,82,61,88,59,290,48,28,76,366
09/21/2013,TUS,AZ,AWP,WE,Towers with Radar,66,32,15,0,113,0,12,97,3,112,66,44,112,3,225,70,0,70,295
09/22/2013,TUS,AZ,AWP,WE,Towers with Radar,76,35,20,2,133,0,8,73,2,83,76,43,93,4,216,52,0,52,268
09/23/2013,TUS,AZ,AWP,WE,Towers with Radar,81,38,39,45,203,0,17,100,18,135,81,55,139,63,338,122,28,150,488
09/24/2013,TUS,AZ,AWP,WE,Towers with Radar,75,39,35,51,200,0,14,78,14,106,75,53,113,65,306,70,20,90,396
09/25/2013,TUS,AZ,AWP,WE,Towers with Radar,84,34,39,43,200,0,13,71,21,105,84,47,110,64,305,144,16,160,465
09/26/2013,TUS,AZ,AWP,WE,Towers with Radar,87,36,27,40,190,0,10,72,23,105,87,46,99,63,295,66,14,80,375
09/27/2013,TUS,AZ,AWP,WE,Towers with Radar,88,36,30,18,172,0,16,82,22,120,88,52,112,40,292,62,14,76,368
09/28/2013,TUS,AZ,AWP,WE,Towers with Radar,71,33,26,0,130,0,14,123,0,137,71,47,149,0,267,70,0,70,337
09/29/2013,TUS,AZ,AWP,WE,Towers with Radar,80,39,30,0,149,0,8,87,0,95,80,47,117,0,244,68,0,68,312
09/30/2013,TUS,AZ,AWP,WE,Towers with Radar,84,39,34,29,186,0,19,61,26,106,84,58,95,55,292,68,44,112,404
10/01/2013,TUS,AZ,AWP,WE,Towers with Radar,79,31,48,48,206,0,18,102,15,135,79,49,150,63,341,74,58,132,473
10/02/2013,TUS,AZ,AWP,WE,Towers with Radar,86,30,98,23,237,0,10,80,19,109,86,40,178,42,346,58,16,74,420
10/03/2013,TUS,AZ,AWP,WE,Towers with Radar,87,40,54,35,216,0,18,85,26,129,87,58,139,61,345,30,28,58,403
10/04/2013,TUS,AZ,AWP,WE,Towers with Radar,86,37,54,32,209,0,17,109,27,153,86,54,163,59,362,106,42,148,510
10/05/2013,TUS,AZ,AWP,WE,Towers with Radar,75,41,64,6,186,0,15,102,4,121,75,56,166,10,307,50,0,50,357
10/06/2013,TUS,AZ,AWP,WE,Towers with Radar,86,36,79,2,203,0,8,74,5,87,86,44,153,7,290,40,0,40,330
10/07/2013,TUS,AZ,AWP,WE,Towers with Radar,82,40,30,9,161,0,16,62,4,82,82,56,92,13,243,54,12,66,309
10/08/2013,TUS,AZ,AWP,WE,Towers with Radar,87,28,24,30,169,0,23,68,22,113,87,51,92,52,282,16,44,60,342
10/09/2013,TUS,AZ,AWP,WE,Towers with Radar,91,37,24,33,185,0,13,36,17,66,91,50,60,50,251,12,18,30,281
10/10/2013,TUS,AZ,AWP,WE,Towers with Radar,87,47,35,30,199,0,12,55,32,99,87,59,90,62,298,24,40,64,362
10/11/2013,TUS,AZ,AWP,WE,Towers with Radar,89,40,33,22,184,0,15,105,17,137,89,55,138,39,321,48,28,76,397
10/12/2013,TUS,AZ,AWP,WE,Towers with Radar,75,27,11,38,151,1,0,104,27,132,76,27,115,65,283,58,36,94,377
10/13/2013,TUS,AZ,AWP,WE,Towers with Radar,85,34,34,0,153,0,16,85,1,102,85,50,119,1,255,30,0,30,285
10/14/2013,TUS,AZ,AWP,WE,Towers with Radar,82,44,40,1,167,0,10,84,1,95,82,54,124,2,262,74,0,74,336
10/15/2013,TUS,AZ,AWP,WE,Towers with Radar,85,34,35,41,195,0,13,87,35,135,85,47,122,76,330,62,76,138,468
10/16/2013,TUS,AZ,AWP,WE,Towers with Radar,89,28,32,43,192,0,16,76,21,113,89,44,108,64,305,102,66,168,473
10/17/2013,TUS,AZ,AWP,WE,Towers with Radar,87,45,43,40,215,0,19,107,18,144,87,64,150,58,359,66,46,112,471
10/18/2013,TUS,AZ,AWP,WE,Towers with Radar,89,39,31,47,206,0,6,91,31,128,89,45,122,78,334,78,36,114,448
10/19/2013,TUS,AZ,AWP,WE,Towers with Radar,76,37,32,1,146,0,8,155,0,163,76,45,187,1,309,50,2,52,361
10/20/2013,TUS,AZ,AWP,WE,Towers with Radar,87,54,37,12,190,0,9,113,1,123,87,63,150,13,313,80,6,86,399
10/21/2013,TUS,AZ,AWP,WE,Towers with Radar,86,36,20,46,188,0,19,60,30,109,86,55,80,76,297,60,52,112,409
10/22/2013,TUS,AZ,AWP,WE,Towers with Radar,84,39,25,69,217,0,18,102,28,148,84,57,127,97,365,104,76,180,545
10/23/2013,TUS,AZ,AWP,WE,Towers with Radar,93,40,26,53,212,0,25,86,13,124,93,65,112,66,336,70,38,108,444
10/24/2013,TUS,AZ,AWP,WE,Towers with Radar,88,40,40,61,229,0,17,81,43,141,88,57,121,104,370,90,48,138,508
10/25/2013,TUS,AZ,AWP,WE,Towers with Radar,90,41,28,10,169,0,13,104,10,127,90,54,132,20,296,74,0,74,370
10/26/2013,TUS,AZ,AWP,WE,Towers with Radar,77,29,23,0,129,0,10,129,4,143,77,39,152,4,272,90,6,96,368
10/27/2013,TUS,AZ,AWP,WE,Towers with Radar,84,44,33,4,165,0,22,87,0,109,84,66,120,4,274,44,0,44,318
10/28/2013,TUS,AZ,AWP,WE,Towers with Radar,85,41,43,46,215,0,17,57,25,99,85,58,100,71,314,64,10,74,388
10/29/2013,TUS,AZ,AWP,WE,Towers with Radar,90,32,23,48,193,0,10,52,34,96,90,42,75,82,289,66,14,80,369
10/30/2013,TUS,AZ,AWP,WE,Towers with Radar,88,35,36,52,211,0,9,75,29,113,88,44,111,81,324,60,56,116,440
10/31/2013,TUS,AZ,AWP,WE,Towers with Radar,84,37,27,52,200,0,16,82,34,132,84,53,109,86,332,54,64,118,450
11/01/2013,TUS,AZ,AWP,WE,Towers with Radar,97,34,46,65,242,0,16,112,28,156,97,50,158,93,398,90,40,130,528
11/02/2013,TUS,AZ,AWP,WE,Towers with Radar,80,22,26,6,134,0,10,103,9,122,80,32,129,15,256,26,6,32,288
11/03/2013,TUS,AZ,AWP,WE,Towers with Radar,85,37,42,21,185,0,8,67,12,87,85,45,109,33,272,60,10,70,342
11/04/2013,TUS,AZ,AWP,WE,Towers with Radar,84,41,37,23,185,0,20,46,7,73,84,61,83,30,258,66,8,74,332
11/05/2013,TUS,AZ,AWP,WE,Towers with Radar,91,39,43,52,225,0,15,71,33,119,91,54,114,85,344,22,70,92,436
11/06/2013,TUS,AZ,AWP,WE,Towers with Radar,86,41,39,57,223,0,13,89,29,131,86,54,128,86,354,138,54,192,546
11/07/2013,TUS,AZ,AWP,WE,Towers with Radar,92,48,33,47,220,0,19,65,29,113,92,67,98,76,333,26,44,70,403
11/08/2013,TUS,AZ,AWP,WE,Towers with Radar,88,53,46,33,220,0,17,98,22,137,88,70,144,55,357,116,14,130,487
11/09/2013,TUS,AZ,AWP,WE,Towers with Radar,73,42,29,0,144,0,15,195,2,212,73,57,224,2,356,60,2,62,418
11/10/2013,TUS,AZ,AWP,WE,Towers with Radar,89,40,39,0,168,2,17,95,1,115,91,57,134,1,283,64,0,64,347
11/11/2013,TUS,AZ,AWP,WE,Towers with Radar,83,41,31,0,155,0,19,101,3,123,83,60,132,3,278,64,2,66,344
11/12/2013,TUS,AZ,AWP,WE,Towers with Radar,87,42,43,48,220,1,24,63,27,115,88,66,106,75,335,60,52,112,447
11/13/2013,TUS,AZ,AWP,WE,Towers with Radar,90,34,25,54,203,0,16,48,16,80,90,50,73,70,283,32,48,80,363
11/14/2013,TUS,AZ,AWP,WE,Towers with Radar,87,46,45,46,224,0,14,109,24,147,87,60,154,70,371,48,24,72,443
11/15/2013,TUS,AZ,AWP,WE,Towers with Radar,91,46,42,38,217,0,20,51,20,91,91,66,93,58,308,36,28,64,372
11/16/2013,TUS,AZ,AWP,WE,Towers with Radar,74,41,15,3,133,0,21,141,0,162,74,62,156,3,295,38,4,42,337
11/17/2013,TUS,AZ,AWP,WE,Towers with Radar,83,42,34,2,161,0,19,88,2,109,83,61,122,4,270,42,0,42,312
11/18/2013,TUS,AZ,AWP,WE,Towers with Radar,88,47,39,59,233,0,24,86,16,126,88,71,125,75,359,98,30,128,487
11/19/2013,TUS,AZ,AWP,WE,Towers with Radar,90,53,46,41,230,0,33,93,22,148,90,86,139,63,378,108,40,148,526
11/20/2013,TUS,AZ,AWP,WE,Towers with Radar,90,44,55,43,232,0,44,114,25,183,90,88,169,68,415,110,24,134,549
11/21/2013,TUS,AZ,AWP,WE,Towers with Radar,95,39,62,47,243,0,18,85,24,127,95,57,147,71,370,72,34,106,476
11/22/2013,TUS,AZ,AWP,WE,Towers with Radar,96,58,42,44,240,0,3,1,0,4,96,61,43,44,244,12,20,32,276
11/23/2013,TUS,AZ,AWP,WE,Towers with Radar,85,41,31,10,167,0,5,9,0,14,85,46,40,10,181,4,0,4,185
11/24/2013,TUS,AZ,AWP,WE,Towers with Radar,81,47,63,4,195,0,13,84,0,97,81,60,147,4,292,62,0,62,354
11/25/2013,TUS,AZ,AWP,WE,Towers with Radar,83,44,43,57,227,0,4,98,25,127,83,48,141,82,354,130,34,164,518
11/26/2013,TUS,AZ,AWP,WE,Towers with Radar,99,32,44,60,235,0,13,70,44,127,99,45,114,104,362,44,64,108,470
11/27/2013,TUS,AZ,AWP,WE,Towers with Radar,95,36,25,25,181,0,17,52,14,83,95,53,77,39,264,30,18,48,312
11/28/2013,TUS,AZ,AWP,WE,Towers with Radar,58,27,6,0,91,0,14,37,0,51,58,41,43,0,142,2,0,2,144
11/29/2013,TUS,AZ,AWP,WE,Towers with Radar,78,25,21,1,125,0,15,94,2,111,78,40,115,3,236,80,0,80,316
11/30/2013,TUS,AZ,AWP,WE,Towers with Radar,82,46,32,1,161,0,7,90,0,97,82,53,122,1,258,72,0,72,330
12/01/2013,TUS,AZ,AWP,WE,Towers with Radar,93,41,64,0,198,0,16,95,2,113,93,57,159,2,311,78,0,78,389
12/02/2013,TUS,AZ,AWP,WE,Towers with Radar,93,40,33,48,214,0,11,66,31,108,93,51,99,79,322,112,54,166,488
12/03/2013,TUS,AZ,AWP,WE,Towers with Radar,94,43,33,59,229,0,23,90,23,136,94,66,123,82,365,134,58,192,557
12/04/2013,TUS,AZ,AWP,WE,Towers with Radar,91,34,31,50,206,0,14,48,24,86,91,48,79,74,292,84,44,128,420
12/05/2013,TUS,AZ,AWP,WE,Towers with Radar,88,48,19,53,208,0,10,42,19,71,88,58,61,72,279,58,14,72,351
12/06/2013,TUS,AZ,AWP,WE,Towers with Radar,84,44,25,54,207,0,19,84,30,133,84,63,109,84,340,50,50,100,440
12/07/2013,TUS,AZ,AWP,WE,Towers with Radar,67,34,33,45,179,0,11,128,26,165,67,45,161,71,344,52,36,88,432
12/08/2013,TUS,AZ,AWP,WE,Towers with Radar,74,37,24,6,141,0,14,51,1,66,74,51,75,7,207,54,0,54,261
12/09/2013,TUS,AZ,AWP,WE,Towers with Radar,75,42,58,4,179,0,28,89,1,118,75,70,147,5,297,66,2,68,365
12/10/2013,TUS,AZ,AWP,WE,Towers with Radar,82,45,20,58,205,0,13,122,21,156,82,58,142,79,361,64,58,122,483
12/11/2013,TUS,AZ,AWP,WE,Towers with Radar,93,36,40,50,219,0,11,102,14,127,93,47,142,64,346,54,52,106,452
12/12/2013,TUS,AZ,AWP,WE,Towers with Radar,94,38,32,44,208,0,11,64,22,97,94,49,96,66,305,34,40,74,379
12/13/2013,TUS,AZ,AWP,WE,Towers with Radar,93,40,18,49,200,0,6,86,25,117,93,46,104,74,317,46,88,134,451
12/14/2013,TUS,AZ,AWP,WE,Towers with Radar,76,36,31,0,143,0,6,176,0,182,76,42,207,0,325,58,0,58,383
12/15/2013,TUS,AZ,AWP,WE,Towers with Radar,85,37,26,7,155,0,7,31,0,38,85,44,57,7,193,52,0,52,245
12/16/2013,TUS,AZ,AWP,WE,Towers with Radar,84,35,31,42,192,0,10,79,19,108,84,45,110,61,300,122,48,170,470
12/17/2013,TUS,AZ,AWP,WE,Towers with Radar,89,36,38,50,213,0,20,119,27,166,89,56,157,77,379,130,54,184,563
12/18/2013,TUS,AZ,AWP,WE,Towers with Radar,94,38,26,62,220,0,16,92,31,139,94,54,118,93,359,100,76,176,535
12/19/2013,TUS,AZ,AWP,WE,Towers with Radar,92,47,30,37,206,0,8,53,29,90,92,55,83,66,296,20,20,40,336
12/20/2013,TUS,AZ,AWP,WE,Towers with Radar,97,48,29,42,216,0,3,37,3,43,97,51,66,45,259,14,24,38,297
12/21/2013,TUS,AZ,AWP,WE,Towers with Radar,92,57,36,6,191,0,4,54,0,58,92,61,90,6,249,22,4,26,275
12/22/2013,TUS,AZ,AWP,WE,Towers with Radar,87,50,26,0,163,0,7,80,7,94,87,57,106,7,257,54,0,54,311
12/23/2013,TUS,AZ,AWP,WE,Towers with Radar,85,47,29,42,203,0,12,68,22,102,85,59,97,64,305,68,24,92,397
12/24/2013,TUS,AZ,AWP,WE,Towers with Radar,84,35,13,15,147,0,9,58,7,74,84,44,71,22,221,14,10,24,245
12/25/2013,TUS,AZ,AWP,WE,Towers with Radar,72,33,11,0,116,0,6,23,1,30,72,39,34,1,146,10,0,10,156
12/26/2013,TUS,AZ,AWP,WE,Towers with Radar,88,52,35,13,188,0,4,57,7,68,88,56,92,20,256,34,6,40,296
12/27/2013,TUS,AZ,AWP,WE,Towers with Radar,96,44,30,0,170,0,12,89,0,101,96,56,119,0,271,50,0,50,321
12/28/2013,TUS,AZ,AWP,WE,Towers with Radar,87,46,33,0,166,0,6,101,0,107,87,52,134,0,273,60,0,60,333
12/29/2013,TUS,AZ,AWP,WE,Towers with Radar,83,46,36,0,165,0,9,85,0,94,83,55,121,0,259,72,0,72,331
12/30/2013,TUS,AZ,AWP,WE,Towers with Radar,81,47,36,25,189,0,8,63,8,79,81,55,99,33,268,42,14,56,324
12/31/2013,TUS,AZ,AWP,WE,Towers with Radar,84,29,24,24,161,0,9,83,11,103,84,38,107,35,264,90,4,94,358
01/01/2014,TUS,AZ,AWP,WE,Towers with Radar,77,38,21,0,136,0,2,56,0,58,77,40,77,0,194,24,0,24,218
01/02/2014,TUS,AZ,AWP,WE,Towers with Radar,88,51,30,14,183,0,12,68,9,89,88,63,98,23,272,18,4,22,294
01/03/2014,TUS,AZ,AWP,WE,Towers with Radar,90,47,28,5,170,0,7,91,6,104,90,54,119,11,274,98,16,114,388
01/04/2014,TUS,AZ,AWP,WE,Towers with Radar,74,56,45,0,175,0,15,106,0,121,74,71,151,0,296,72,0,72,368
01/05/2014,TUS,AZ,AWP,WE,Towers with Radar,75,48,56,3,182,0,6,81,0,87,75,54,137,3,269,62,0,62,331
01/06/2014,TUS,AZ,AWP,WE,Towers with Radar,78,57,28,54,217,0,22,58,33,113,78,79,86,87,330,66,64,130,460
01/07/2014,TUS,AZ,AWP,WE,Towers with Radar,78,47,35,51,211,0,14,103,27,144,78,61,138,78,355,66,66,132,487
01/08/2014,TUS,AZ,AWP,WE,Towers with Radar,87,43,32,67,229,0,15,86,36,137,87,58,118,103,366,116,58,174,540
01/09/2014,TUS,AZ,AWP,WE,Towers with Radar,86,42,34,36,198,0,11,107,26,144,86,53,141,62,342,98,32,130,472
01/10/2014,TUS,AZ,AWP,WE,Towers with Radar,90,52,40,48,230,0,17,82,16,115,90,69,122,64,345,124,30,154,499
01/11/2014,TUS,AZ,AWP,WE,Towers with Radar,68,41,33,35,177,0,10,161,23,194,68,51,194,58,371,124,38,162,533
01/12/2014,TUS,AZ,AWP,WE,Towers with Radar,77,43,38,13,171,0,5,132,5,142,77,48,170,18,313,72,8,80,393
01/13/2014,TUS,AZ,AWP,WE,Towers with Radar,86,40,26,5,157,0,20,91,2,113,86,60,117,7,270,162,2,164,434
01/14/2014,TUS,AZ,AWP,WE,Towers with Radar,76,39,37,57,209,0,19,90,29,138,76,58,127,86,347,106,80,186,533
01/15/2014,TUS,AZ,AWP,WE,Towers with Radar,83,52,29,45,209,0,17,77,25,119,83,69,106,70,328,66,28,94,422
01/16/2014,TUS,AZ,AWP,WE,Towers with Radar,84,51,50,59,244,0,15,106,25,146,84,66,156,84,390,104,68,172,562
01/17/2014,TUS,AZ,AWP,WE,Towers with Radar,85,49,58,38,230,0,8,120,20,148,85,57,178,58,378,126,22,148,526
01/18/2014,TUS,AZ,AWP,WE,Towers with Radar,67,48,39,4,158,0,2,172,0,174,67,50,211,4,332,88,0,88,420
01/19/2014,TUS,AZ,AWP,WE,Towers with Radar,76,42,27,0,145,0,4,76,1,81,76,46,103,1,226,42,0,42,268
01/20/2014,TUS,AZ,AWP,WE,Towers with Radar,79,45,35,1,160,0,7,89,1,97,79,52,124,2,257,56,0,56,313
01/21/2014,TUS,AZ,AWP,WE,Towers with Radar,79,45,27,36,187,0,19,68,11,98,79,64,95,47,285,34,28,62,347
01/22/2014,TUS,AZ,AWP,WE,Towers with Radar,85,50,24,36,195,0,26,81,15,122,85,76,105,51,317,116,12,128,445
01/23/2014,TUS,AZ,AWP,WE,Towers with Radar,87,63,43,36,229,0,18,111,21,150,87,81,154,57,379,118,18,136,515
01/24/2014,TUS,AZ,AWP,WE,Towers with Radar,83,44,39,31,197,0,13,57,21,91,83,57,96,52,288,26,40,66,354
01/25/2014,TUS,AZ,AWP,WE,Towers with Radar,68,43,14,1,126,0,10,99,0,109,68,53,113,1,235,50,0,50,285
01/26/2014,TUS,AZ,AWP,WE,Towers with Radar,76,38,56,2,172,0,11,118,0,129,76,49,174,2,301,74,2,76,377
01/27/2014,TUS,AZ,AWP,WE,Towers with Radar,80,42,22,54,198,0,6,65,20,91,80,48,87,74,289,52,34,86,375
01/28/2014,TUS,AZ,AWP,WE,Towers with Radar,78,43,33,52,206,0,19,83,19,121,78,62,116,71,327,62,28,90,417
01/29/2014,TUS,AZ,AWP,WE,Towers with Radar,78,46,39,51,214,0,11,62,16,89,78,57,101,67,303,54,20,74,377
01/30/2014,TUS,AZ,AWP,WE,Towers with Radar,79,47,49,50,225,0,13,91,30,134,79,60,140,80,359,42,32,74,433
01/31/2014,TUS,AZ,AWP,WE,Towers with Radar,85,51,43,0,179,0,10,75,0,85,85,61,118,0,264,6,0,6,270
02/01/2014,TUS,AZ,AWP,WE,Towers with Radar,72,39,33,5,149,0,8,99,0,107,72,47,132,5,256,64,0,64,320
02/02/2014,TUS,AZ,AWP,WE,Towers with Radar,71,38,35,0,144,0,8,98,0,106,71,46,133,0,250,36,0,36,286
02/03/2014,TUS,AZ,AWP,WE,Towers with Radar,84,50,26,40,200,0,11,47,13,71,84,61,73,53,271,22,32,54,325
02/04/2014,TUS,AZ,AWP,WE,Towers with Radar,81,55,50,53,239,0,18,96,32,146,81,73,146,85,385,106,68,174,559
02/05/2014,TUS,AZ,AWP,WE,Towers with Radar,82,58,40,57,237,0,17,76,29,122,82,75,116,86,359,94,36,130,489
02/06/2014,TUS,AZ,AWP,WE,Towers with Radar,80,53,48,55,236,0,15,93,22,130,80,68,141,77,366,86,60,146,512
02/07/2014,TUS,AZ,AWP,WE,Towers with Radar,87,57,40,50,234,0,11,76,28,115,87,68,116,78,349,68,42,110,459
02/08/2014,TUS,AZ,AWP,WE,Towers with Radar,72,50,32,43,197,0,0,110,18,128,72,50,142,61,325,52,10,62,387
02/09/2014,TUS,AZ,AWP,WE,Towers with Radar,77,47,57,12,193,0,4,99,13,116,77,51,156,25,309,40,0,40,349
02/10/2014,TUS,AZ,AWP,WE,Towers with Radar,82,49,44,6,181,0,9,84,6,99,82,58,128,12,280,8,6,14,294
02/11/2014,TUS,AZ,AWP,WE,Towers with Radar,77,47,50,59,233,0,19,72,34,125,77,66,122,93,358,50,72,122,480
02/12/2014,TUS,AZ,AWP,WE,Towers with Radar,77,55,43,37,212,0,13,91,26,130,77,68,134,63,342,118,28,146,488
02/13/2014,TUS,AZ,AWP,WE,Towers with Radar,92,47,42,64,245,0,33,84,40,157,92,80,126,104,402,56,64,120,522
02/14/2014,TUS,AZ,AWP,WE,Towers with Radar,83,55,37,65,240,0,13,99,30,142,83,68,136,95,382,76,56,132,514
02/15/2014,TUS,AZ,AWP,WE,Towers with Radar,81,51,36,1,169,0,6,138,2,146,81,57,174,3,315,78,0,78,393
02/16/2014,TUS,AZ,AWP,WE,Towers with Radar,80,51,30,0,161,0,7,97,0,104,80,58,127,0,265,68,0,68,333
02/17/2014,TUS,AZ,AWP,WE,Towers with Radar,80,49,43,1,173,0,8,99,2,109,80,57,142,3,282,42,0,42,324
02/18/2014,TUS,AZ,AWP,WE,Towers with Radar,89,51,25,53,218,0,21,71,34,126,89,72,96,87,344,58,72,130,474
02/19/2014,TUS,AZ,AWP,WE,Towers with Radar,88,51,49,52,240,0,15,71,28,114,88,66,120,80,354,84,22,106,460
02/20/2014,TUS,AZ,AWP,WE,Towers with Radar,81,54,53,63,251,0,9,83,27,119,81,63,136,90,370,58,60,118,488
02/21/2014,TUS,AZ,AWP,WE,Towers with Radar,85,53,48,54,240,0,16,112,26,154,85,69,160,80,394,80,30,110,504
02/22/2014,TUS,AZ,AWP,WE,Towers with Radar,80,54,37,2,173,0,10,145,0,155,80,64,182,2,328,44,0,44,372
02/23/2014,TUS,AZ,AWP,WE,Towers with Radar,84,53,41,3,181,0,11,77,0,88,84,64,118,3,269,50,2,52,321
02/24/2014,TUS,AZ,AWP,WE,Towers with Radar,85,51,32,35,203,0,9,76,25,110,85,60,108,60,313,60,16,76,389
02/25/2014,TUS,AZ,AWP,WE,Towers with Radar,86,61,39,56,242,0,9,63,33,105,86,70,102,89,347,38,50,88,435
02/26/2014,TUS,AZ,AWP,WE,Towers with Radar,87,43,50,66,246,0,15,95,36,146,87,58,145,102,392,64,34,98,490
02/27/2014,TUS,AZ,AWP,WE,Towers with Radar,88,44,44,46,222,0,8,91,23,122,88,52,135,69,344,34,26,60,404
02/28/2014,TUS,AZ,AWP,WE,Towers with Radar,84,53,37,9,183,0,11,49,6,66,84,64,86,15,249,34,2,36,285
03/01/2014,TUS,AZ,AWP,WE,Towers with Radar,85,53,20,0,158,0,5,13,0,18,85,58,33,0,176,2,0,2,178
03/02/2014,TUS,AZ,AWP,WE,Towers with Radar,77,51,41,3,172,0,2,70,8,80,77,53,111,11,252,44,0,44,296
03/03/2014,TUS,AZ,AWP,WE,Towers with Radar,85,44,30,41,200,0,16,77,22,115,85,60,107,63,315,37,16,53,368
03/04/2014,TUS,AZ,AWP,WE,Towers with Radar,87,44,35,46,212,0,9,68,18,95,87,53,103,64,307,64,38,102,409
03/05/2014,TUS,AZ,AWP,WE,Towers with Radar,93,42,67,36,238,0,10,75,14,99,93,52,142,50,337,34,30,64,401
03/06/2014,TUS,AZ,AWP,WE,Towers with Radar,89,56,42,31,218,0,15,69,18,102,89,71,111,49,320,56,36,92,412
03/07/2014,TUS,AZ,AWP,WE,Towers with Radar,97,47,37,37,218,0,17,76,13,106,97,64,113,50,324,24,38,62,386
03/08/2014,TUS,AZ,AWP,WE,Towers with Radar,80,59,34,35,208,0,20,111,31,162,80,79,145,66,370,42,38,80,450
03/09/2014,TUS,AZ,AWP,WE,Towers with Radar,93,48,47,13,201,0,11,72,14,97,93,59,119,27,298,4,10,14,312
03/10/2014,TUS,AZ,AWP,WE,Towers with Radar,93,51,37,11,192,0,15,89,9,113,93,66,126,20,305,48,10,58,363
03/11/2014,TUS,AZ,AWP,WE,Towers with Radar,87,42,39,46,214,0,11,82,30,123,87,53,121,76,337,40,34,74,411
03/12/2014,TUS,AZ,AWP,WE,Towers with Radar,91,52,29,51,223,0,18,56,29,103,91,70,85,80,326,84,16,100,426
03/13/2014,TUS,AZ,AWP,WE,Towers with Radar,94,50,30,39,213,0,14,87,28,129,94,64,117,67,342,30,40,70,412
03/14/2014,TUS,AZ,AWP,WE,Towers with Radar,92,54,33,35,214,0,12,94,17,123,92,66,127,52,337,56,10,66,403
03/15/2014,TUS,AZ,AWP,WE,Towers with Radar,81,46,34,5,166,0,12,70,0,82,81,58,104,5,248,42,2,44,292
03/16/2014,TUS,AZ,AWP,WE,Towers with Radar,89,52,38,0,179,0,5,104,0,109,89,57,142,0,288,78,0,78,366
03/17/2014,TUS,AZ,AWP,WE,Towers with Radar,92,43,31,54,220,0,12,66,35,113,92,55,97,89,333,132,54,186,519
03/18/2014,TUS,AZ,AWP,WE,Towers with Radar,89,43,31,50,213,0,17,79,29,125,89,60,110,79,338,24,50,74,412
03/19/2014,TUS,AZ,AWP,WE,Towers with Radar,94,52,33,40,219,0,12,81,19,112,94,64,114,59,331,56,10,66,397
03/20/2014,TUS,AZ,AWP,WE,Towers with Radar,98,50,34,50,232,0,6,63,34,103,98,56,97,84,335,42,34,76,411
03/21/2014,TUS,AZ,AWP,WE,Towers with Radar,96,43,50,31,220,0,13,83,15,111,96,56,133,46,331,54,12,66,397
03/22/2014,TUS,AZ,AWP,WE,Towers with Radar,81,50,45,16,192,0,6,154,16,176,81,56,199,32,368,74,2,76,444
03/23/2014,TUS,AZ,AWP,WE,Towers with Radar,90,50,57,0,197,0,9,100,0,109,90,59,157,0,306,130,0,130,436
03/24/2014,TUS,AZ,AWP,WE,Towers with Radar,85,49,27,44,205,0,11,71,31,113,85,60,98,75,318,108,30,138,456
03/25/2014,TUS,AZ,AWP,WE,Towers with Radar,94,47,26,51,218,0,15,58,23,96,94,62,84,74,314,44,48,92,406
03/26/2014,TUS,AZ,AWP,WE,Towers with Radar,88,42,27,65,222,0,12,48,28,88,88,54,75,93,310,42,52,94,404
03/27/2014,TUS,AZ,AWP,WE,Towers with Radar,94,55,37,60,246,0,17,82,22,121,94,72,119,82,367,70,54,124,491
03/28/2014,TUS,AZ,AWP,WE,Towers with Radar,91,51,40,7,189,0,18,101,0,119,91,69,141,7,308,34,2,36,344
03/29/2014,TUS,AZ,AWP,WE,Towers with Radar,79,54,44,1,178,1,9,146,2,158,80,63,190,3,336,68,0,68,404
03/30/2014,TUS,AZ,AWP,WE,Towers with Radar,92,48,33,0,173,0,3,89,3,95,92,51,122,3,268,56,0,56,324
03/31/2014,TUS,AZ,AWP,WE,Towers with Radar,89,48,31,42,210,0,16,59,22,97,89,64,90,64,307,60,44,104,411
04/01/2014,TUS,AZ,AWP,WE,Towers with Radar,90,45,36,44,215,0,14,62,32,108,90,59,98,76,323,28,46,74,397
04/02/2014,TUS,AZ,AWP,WE,Towers with Radar,89,39,33,48,209,0,15,48,35,98,89,54,81,83,307,42,22,64,371
04/03/2014,TUS,AZ,AWP,WE,Towers with Radar,92,48,32,51,223,0,5,81,25,111,92,53,113,76,334,42,40,82,416
04/04/2014,TUS,AZ,AWP,WE,Towers with Radar,94,52,31,61,238,0,20,78,20,118,94,72,109,81,356,84,30,114,470
04/05/2014,TUS,AZ,AWP,WE,Towers with Radar,79,54,34,2,169,0,8,142,0,150,79,62,176,2,319,34,2,36,355
04/06/2014,TUS,AZ,AWP,WE,Towers with Radar,85,46,32,0,163,0,7,94,2,103,85,53,126,2,266,26,0,26,292
04/07/2014,TUS,AZ,AWP,WE,Towers with Radar,88,46,33,6,173,0,12,76,3,91,88,58,109,9,264,50,4,54,318
04/08/2014,TUS,AZ,AWP,WE,Towers with Radar,87,52,46,57,242,0,16,90,27,133,87,68,136,84,375,76,70,146,521
04/09/2014,TUS,AZ,AWP,WE,Towers with Radar,89,41,26,47,203,0,14,95,35,144,89,55,121,82,347,46,32,78,425
04/10/2014,TUS,AZ,AWP,WE,Towers with Radar,88,47,28,40,203,0,14,68,26,108,88,61,96,66,311,68,18,86,397
04/11/2014,TUS,AZ,AWP,WE,Towers with Radar,94,54,36,45,229,0,8,71,15,94,94,62,107,60,323,38,20,58,381
04/12/2014,TUS,AZ,AWP,WE,Towers with Radar,75,43,17,2,137,0,18,31,3,52,75,61,48,5,189,6,0,6,195
04/13/2014,TUS,AZ,AWP,WE,Towers with Radar,79,40,35,3,157,0,4,69,3,76,79,44,104,6,233,62,0,62,295
04/14/2014,TUS,AZ,AWP,WE,Towers with Radar,84,41,32,40,197,0,20,66,32,118,84,61,98,72,315,98,36,134,449
04/15/2014,TUS,AZ,AWP,WE,Towers with Radar,88,42,32,66,228,0,16,69,29,114,88,58,101,95,342,58,66,124,466
04/16/2014,TUS,AZ,AWP,WE,Towers with Radar,89,41,41,44,215,0,7,82,7,96,89,48,123,51,311,86,22,108,419
04/17/2014,TUS,AZ,AWP,WE,Towers with Radar,87,53,30,47,217,0,12,97,18,127,87,65,127,65,344,112,16,128,472
04/18/2014,TUS,AZ,AWP,WE,Towers with Radar,88,49,36,27,200,0,14,75,21,110,88,63,111,48,310,48,14,62,372
04/19/2014,TUS,AZ,AWP,WE,Towers with Radar,74,38,17,0,129,0,15,112,0,127,74,53,129,0,256,44,0,44,300
04/20/2014,TUS,AZ,AWP,WE,Towers with Radar,82,49,30,0,161,0,6,78,0,84,82,55,108,0,245,38,0,38,283
04/21/2014,TUS,AZ,AWP,WE,Towers with Radar,88,35,46,38,207,1,7,70,20,98,89,42,116,58,305,32,64,96,401
04/22/2014,TUS,AZ,AWP,WE,Towers with Radar,90,35,29,58,212,0,13,81,37,131,90,48,110,95,343,88,18,106,449
04/23/2014,TUS,AZ,AWP,WE,Towers with Radar,87,45,38,38,208,0,13,53,22,88,87,58,91,60,296,67,34,101,397
04/24/2014,TUS,AZ,AWP,WE,Towers with Radar,93,47,49,50,239,0,19,114,32,165,93,66,163,82,404,64,58,122,526
04/25/2014,TUS,AZ,AWP,WE,Towers with Radar,90,55,40,7,192,0,14,82,13,109,90,69,122,20,301,112,6,118,419
04/26/2014,TUS,AZ,AWP,WE,Towers with Radar,75,45,37,0,157,0,4,35,3,42,75,49,72,3,199,6,2,8,207
04/27/2014,TUS,AZ,AWP,WE,Towers with Radar,87,46,53,12,198,0,10,145,5,160,87,56,198,17,358,70,0,70,428
04/28/2014,TUS,AZ,AWP,WE,Towers with Radar,83,46,27,45,201,0,13,60,31,104,83,59,87,76,305,54,36,90,395
04/29/2014,TUS,AZ,AWP,WE,Towers with Radar,85,45,21,49,200,0,16,70,33,119,85,61,91,82,319,72,46,118,437
04/30/2014,TUS,AZ,AWP,WE,Towers with Radar,96,50,28,41,215,0,22,62,23,107,96,72,90,64,322,74,44,118,440
05/01/2014,TUS,AZ,AWP,WE,Towers with Radar,92,51,26,46,215,0,15,50,20,85,92,66,76,66,300,28,60,88,388
05/02/2014,TUS,AZ,AWP,WE,Towers with Radar,90,51,42,51,234,0,11,136,18,165,90,62,178,69,399,134,24,158,557
05/03/2014,TUS,AZ,AWP,WE,Towers with Radar,76,38,28,24,166,0,10,158,15,183,76,48,186,39,349,38,14,52,401
05/04/2014,TUS,AZ,AWP,WE,Towers with Radar,85,40,40,10,175,0,7,83,5,95,85,47,123,15,270,22,0,22,292
05/05/2014,TUS,AZ,AWP,WE,Towers with Radar,87,36,28,10,161,0,11,74,3,88,87,47,102,13,249,88,14,102,351
05/06/2014,TUS,AZ,AWP,WE,Towers with Radar,92,36,16,33,177,0,8,40,19,67,92,44,56,52,244,6,38,44,288
05/07/2014,TUS,AZ,AWP,WE,Towers with Radar,86,46,22,29,183,0,11,95,25,131,86,57,117,54,314,96,20,116,430
05/08/2014,TUS,AZ,AWP,WE,Towers with Radar,84,47,39,43,213,1,14,121,23,159,85,61,160,66,372,112,14,126,498
05/09/2014,TUS,AZ,AWP,WE,Towers with Radar,88,45,38,27,198,0,14,87,23,124,88,59,125,50,322,94,18,112,434
05/10/2014,TUS,AZ,AWP,WE,Towers with Radar,77,37,29,3,146,0,10,130,3,143,77,47,159,6,289,54,0,54,343
05/11/2014,TUS,AZ,AWP,WE,Towers with Radar,83,41,28,4,156,0,6,33,4,43,83,47,61,8,199,0,0,0,199
05/12/2014,TUS,AZ,AWP,WE,Towers with Radar,80,48,26,42,196,0,9,77,10,96,80,57,103,52,292,108,24,132,424
05/13/2014,TUS,AZ,AWP,WE,Towers with Radar,89,33,27,41,190,0,8,75,20,103,89,41,102,61,293,76,26,102,395
05/14/2014,TUS,AZ,AWP,WE,Towers with Radar,91,40,26,29,186,0,4,37,17,58,91,44,63,46,244,18,18,36,280
05/15/2014,TUS,AZ,AWP,WE,Towers with Radar,90,45,33,42,210,0,16,74,22,112,90,61,107,64,322,64,20,84,406
05/16/2014,TUS,AZ,AWP,WE,Towers with Radar,88,42,43,36,209,0,8,97,15,120,88,50,140,51,329,94,12,106,435
05/17/2014,TUS,AZ,AWP,WE,Towers with Radar,71,43,31,2,147,0,5,115,2,122,71,48,146,4,269,32,10,42,311
05/18/2014,TUS,AZ,AWP,WE,Towers with Radar,90,35,46,0,171,0,7,102,2,111,90,42,148,2,282,80,0,80,362
05/19/2014,TUS,AZ,AWP,WE,Towers with Radar,85,47,51,53,236,1,9,80,29,119,86,56,131,82,355,92,38,130,485
05/20/2014,TUS,AZ,AWP,WE,Towers with Radar,87,38,25,57,207,0,22,78,27,127,87,60,103,84,334,36,50,86,420
05/21/2014,TUS,AZ,AWP,WE,Towers with Radar,90,43,33,47,213,0,8,69,25,102,90,51,102,72,315,20,26,46,361
05/22/2014,TUS,AZ,AWP,WE,Towers with Radar,96,39,36,30,201,0,24,79,12,115,96,63,115,42,316,22,6,28,344
05/23/2014,TUS,AZ,AWP,WE,Towers with Radar,96,48,32,1,177,0,12,105,2,119,96,60,137,3,296,58,0,58,354
05/24/2014,TUS,AZ,AWP,WE,Towers with Radar,72,35,14,2,123,0,0,25,0,25,72,35,39,2,148,72,4,76,224
05/25/2014,TUS,AZ,AWP,WE,Towers with Radar,76,36,17,0,129,0,1,9,0,10,76,37,26,0,139,48,0,48,187
05/26/2014,TUS,AZ,AWP,WE,Towers with Radar,83,42,25,0,150,0,0,2,0,2,83,42,27,0,152,98,0,98,250
05/27/2014,TUS,AZ,AWP,WE,Towers with Radar,82,40,24,25,171,0,0,0,5,5,82,40,24,30,176,118,8,126,302
05/28/2014,TUS,AZ,AWP,WE,Towers with Radar,88,45,16,34,183,0,6,24,5,35,88,51,40,39,218,106,10,116,334
05/29/2014,TUS,AZ,AWP,WE,Towers with Radar,83,41,45,47,216,0,8,65,24,97,83,49,110,71,313,128,30,158,471
05/30/2014,TUS,AZ,AWP,WE,Towers with Radar,92,44,27,40,203,0,5,88,21,114,92,49,115,61,317,98,26,124,441
05/31/2014,TUS,AZ,AWP,WE,Towers with Radar,77,32,17,2,128,0,2,99,0,101,77,34,116,2,229,106,0,106,335
06/01/2014,TUS,AZ,AWP,WE,Towers with Radar,90,29,35,2,156,0,2,93,0,95,90,31,128,2,251,110,0,110,361
06/02/2014,TUS,AZ,AWP,WE,Towers with Radar,83,35,31,35,184,0,7,63,19,89,83,42,94,54,273,80,8,88,361
06/03/2014,TUS,AZ,AWP,WE,Towers with Radar,88,34,17,51,190,0,19,76,23,118,88,53,93,74,308,106,36,142,450
06/04/2014,TUS,AZ,AWP,WE,Towers with Radar,88,34,26,28,176,0,16,65,23,104,88,50,91,51,280,156,26,182,462
06/05/2014,TUS,AZ,AWP,WE,Towers with Radar,89,42,33,37,201,0,24,79,15,118,89,66,112,52,319,148,12,160,479
06/06/2014,TUS,AZ,AWP,WE,Towers with Radar,90,34,17,35,176,0,17,87,19,123,90,51,104,54,299,148,32,180,479
06/07/2014,TUS,AZ,AWP,WE,Towers with Radar,75,35,21,24,155,0,12,82,17,111,75,47,103,41,266,152,4,156,422
06/08/2014,TUS,AZ,AWP,WE,Towers with Radar,81,30,44,3,158,0,12,88,0,100,81,42,132,3,258,74,4,78,336
06/09/2014,TUS,AZ,AWP,WE,Towers with Radar,93,29,23,7,152,0,20,66,7,93,93,49,89,14,245,84,6,90,335
06/10/2014,TUS,AZ,AWP,WE,Towers with Radar,94,40,22,21,177,0,13,61,22,96,94,53,83,43,273,76,20,96,369
06/11/2014,TUS,AZ,AWP,WE,Towers with Radar,93,26,18,31,168,0,20,117,17,154,93,46,135,48,322,96,16,112,434
06/12/2014,TUS,AZ,AWP,WE,Towers with Radar,87,30,26,42,185,0,16,69,11,96,87,46,95,53,281,68,20,88,369
06/13/2014,TUS,AZ,AWP,WE,Towers with Radar,86,33,33,36,188,0,11,104,18,133,86,44,137,54,321,82,30,112,433
06/14/2014,TUS,AZ,AWP,WE,Towers with Radar,77,31,26,5,139,0,0,89,4,93,77,31,115,9,232,48,4,52,284
06/15/2014,TUS,AZ,AWP,WE,Towers with Radar,82,38,27,0,147,0,4,69,0,73,82,42,96,0,220,28,0,28,248
06/16/2014,TUS,AZ,AWP,WE,Towers with Radar,87,36,30,34,187,0,6,44,19,69,87,42,74,53,256,48,30,78,334
06/17/2014,TUS,AZ,AWP,WE,Towers with Radar,94,27,29,40,190,0,8,88,24,120,94,35,117,64,310,78,28,106,416
06/18/2014,TUS,AZ,AWP,WE,Towers with Radar,86,31,27,43,187,0,8,67,17,92,86,39,94,60,279,58,20,78,357
06/19/2014,TUS,AZ,AWP,WE,Towers with Radar,89,36,35,43,203,0,10,62,24,96,89,46,97,67,299,124,56,180,479
06/20/2014,TUS,AZ,AWP,WE,Towers with Radar,90,29,30,9,158,0,8,65,3,76,90,37,95,12,234,32,4,36,270
06/21/2014,TUS,AZ,AWP,WE,Towers with Radar,69,36,39,1,145,0,6,159,1,166,69,42,198,2,311,78,0,78,389
06/22/2014,TUS,AZ,AWP,WE,Towers with Radar,83,32,27,2,144,0,5,55,0,60,83,37,82,2,204,20,0,20,224
06/23/2014,TUS,AZ,AWP,WE,Towers with Radar,90,30,41,53,214,0,11,56,17,84,90,41,97,70,298,56,50,106,404
06/24/2014,TUS,AZ,AWP,WE,Towers with Radar,88,32,30,47,197,0,13,79,27,119,88,45,109,74,316,60,22,82,398
06/25/2014,TUS,AZ,AWP,WE,Towers with Radar,96,32,30,55,213,0,9,81,19,109,96,41,111,74,322,94,26,120,442
06/26/2014,TUS,AZ,AWP,WE,Towers with Radar,89,41,22,51,203,0,21,88,25,134,89,62,110,76,337,86,44,130,467
06/27/2014,TUS,AZ,AWP,WE,Towers with Radar,88,34,33,11,166,0,16,91,5,112,88,50,124,16,278,54,4,58,336
06/28/2014,TUS,AZ,AWP,WE,Towers with Radar,78,31,23,0,132,0,8,73,0,81,78,39,96,0,213,62,0,62,275
06/29/2014,TUS,AZ,AWP,WE,Towers with Radar,91,39,38,4,172,0,4,68,0,72,91,43,106,4,244,62,2,64,308
06/30/2014,TUS,AZ,AWP,WE,Towers with Radar,88,37,25,42,192,0,11,78,35,124,88,48,103,77,316,78,38,116,432
07/01/2014,TUS,AZ,AWP,WE,Towers with Radar,88,30,32,33,183,0,12,87,22,121,88,42,119,55,304,106,44,150,454
07/02/2014,TUS,AZ,AWP,WE,Towers with Radar,82,45,25,41,193,0,17,76,26,119,82,62,101,67,312,96,48,144,456
07/03/2014,TUS,AZ,AWP,WE,Towers with Radar,114,33,26,29,202,0,4,82,8,94,114,37,108,37,296,56,10,66,362
07/04/2014,TUS,AZ,AWP,WE,Towers with Radar,62,25,15,0,102,0,9,58,0,67,62,34,73,0,169,24,0,24,193
07/05/2014,TUS,AZ,AWP,WE,Towers with Radar,65,32,13,0,110,0,4,51,2,57,65,36,64,2,167,26,0,26,193
07/06/2014,TUS,AZ,AWP,WE,Towers with Radar,82,34,26,0,142,0,0,51,2,53,82,34,77,2,195,30,0,30,225
07/07/2014,TUS,AZ,AWP,WE,Towers with Radar,79,38,25,1,143,0,12,72,1,85,79,50,97,2,228,50,4,54,282
07/08/2014,TUS,AZ,AWP,WE,Towers with Radar,84,47,33,33,197,0,2,77,22,101,84,49,110,55,298,86,22,108,406
07/09/2014,TUS,AZ,AWP,WE,Towers with Radar,83,37,29,49,198,0,2,58,24,84,83,39,87,73,282,98,46,144,426
07/10/2014,TUS,AZ,AWP,WE,Towers with Radar,83,50,34,40,207,0,7,81,25,113,83,57,115,65,320,100,34,134,454
07/11/2014,TUS,AZ,AWP,WE,Towers with Radar,86,35,24,36,181,0,9,97,23,129,86,44,121,59,310,58,50,108,418
07/12/2014,TUS,AZ,AWP,WE,Towers with Radar,69,38,18,32,157,0,3,106,20,129,69,41,124,52,286,136,6,142,428
07/13/2014,TUS,AZ,AWP,WE,Towers with Radar,79,37,16,19,151,0,6,50,8,64,79,43,66,27,215,32,0,32,247
07/14/2014,TUS,AZ,AWP,WE,Towers with Radar,77,33,24,3,137,0,7,67,3,77,77,40,91,6,214,94,0,94,308
07/15/2014,TUS,AZ,AWP,WE,Towers with Radar,81,35,28,16,160,0,8,51,10,69,81,43,79,26,229,46,0,46,275
07/16/2014,TUS,AZ,AWP,WE,Towers with Radar,89,41,28,39,197,0,16,70,23,109,89,57,98,62,306,68,22,90,396
07/17/2014,TUS,AZ,AWP,WE,Towers with Radar,82,41,40,46,209,0,5,82,28,115,82,46,122,74,324,106,28,134,458
07/18/2014,TUS,AZ,AWP,WE,Towers with Radar,86,49,23,28,186,0,12,68,27,107,86,61,91,55,293,78,24,102,395
07/19/2014,TUS,AZ,AWP,WE,Towers with Radar,63,40,20,2,125,0,0,87,1,88,63,40,107,3,213,44,0,44,257
07/20/2014,TUS,AZ,AWP,WE,Towers with Radar,79,29,21,1,130,0,4,64,1,69,79,33,85,2,199,40,0,40,239
07/21/2014,TUS,AZ,AWP,WE,Towers with Radar,79,42,16,45,182,0,4,58,25,87,79,46,74,70,269,72,42,114,383
07/22/2014,TUS,AZ,AWP,WE,Towers with Radar,85,35,32,36,188,0,17,79,25,121,85,52,111,61,309,110,30,140,449
07/23/2014,TUS,AZ,AWP,WE,Towers with Radar,82,40,21,43,186,0,10,67,30,107,82,50,88,73,293,74,90,164,457
07/24/2014,TUS,AZ,AWP,WE,Towers with Radar,77,39,27,53,196,0,8,69,28,105,77,47,96,81,301,48,62,110,411
07/25/2014,TUS,AZ,AWP,WE,Towers with Radar,128,39,27,26,220,0,15,60,38,113,128,54,87,64,333,76,50,126,459
07/26/2014,TUS,AZ,AWP,WE,Towers with Radar,70,33,13,2,118,0,13,51,1,65,70,46,64,3,183,8,0,8,191
07/27/2014,TUS,AZ,AWP,WE,Towers with Radar,78,35,25,0,138,0,2,46,0,48,78,37,71,0,186,14,0,14,200
07/28/2014,TUS,AZ,AWP,WE,Towers with Radar,79,39,27,42,187,0,12,70,25,107,79,51,97,67,294,74,36,110,404
07/29/2014,TUS,AZ,AWP,WE,Towers with Radar,85,39,34,42,200,0,17,70,25,112,85,56,104,67,312,89,48,137,449
07/30/2014,TUS,AZ,AWP,WE,Towers with Radar,85,46,18,43,192,0,10,59,28,97,85,56,77,71,289,82,62,144,433
07/31/2014,TUS,AZ,AWP,WE,Towers with Radar,82,37,26,44,189,0,12,70,23,105,82,49,96,67,294,40,66,106,400
08/01/2014,TUS,AZ,AWP,WE,Towers with Radar,88,40,22,29,179,0,9,67,16,92,88,49,89,45,271,98,28,126,397
08/02/2014,TUS,AZ,AWP,WE,Towers with Radar,69,40,25,29,163,0,9,53,7,69,69,49,78,36,232,34,16,50,282
08/03/2014,TUS,AZ,AWP,WE,Towers with Radar,76,31,22,2,131,0,11,76,4,91,76,42,98,6,222,46,0,46,268
08/04/2014,TUS,AZ,AWP,WE,Towers with Radar,74,44,27,7,152,0,4,68,11,83,74,48,95,18,235,68,48,116,351
08/05/2014,TUS,AZ,AWP,WE,Towers with Radar,84,39,22,59,204,0,13,87,27,127,84,52,109,86,331,116,54,170,501
08/06/2014,TUS,AZ,AWP,WE,Towers with Radar,85,36,34,28,183,0,1,79,26,106,85,37,113,54,289,86,44,130,419
08/07/2014,TUS,AZ,AWP,WE,Towers with Radar,85,35,30,25,175,0,6,73,19,98,85,41,103,44,273,98,18,116,389
08/08/2014,TUS,AZ,AWP,WE,Towers with Radar,84,35,37,30,186,0,7,87,20,114,84,42,124,50,300,90,28,118,418
08/09/2014,TUS,AZ,AWP,WE,Towers with Radar,70,31,13,0,114,0,2,70,4,76,70,33,83,4,190,68,2,70,260
08/10/2014,TUS,AZ,AWP,WE,Towers with Radar,80,28,29,1,138,0,2,58,1,61,80,30,87,2,199,32,0,32,231
08/11/2014,TUS,AZ,AWP,WE,Towers with Radar,78,26,34,27,165,0,5,53,16,74,78,31,87,43,239,72,14,86,325
08/12/2014,TUS,AZ,AWP,WE,Towers with Radar,107,35,16,31,189,0,10,48,11,69,107,45,64,42,258,82,22,104,362
08/13/2014,TUS,AZ,AWP,WE,Towers with Radar,87,32,31,24,174,0,6,67,18,91,87,38,98,42,265,56,22,78,343
08/14/2014,TUS,AZ,AWP,WE,Towers with Radar,82,37,27,23,169,0,12,66,14,92,82,49,93,37,261,64,24,88,349
08/15/2014,TUS,AZ,AWP,WE,Towers with Radar,81,42,23,30,176,0,8,72,29,109,81,50,95,59,285,98,14,112,397
08/16/2014,TUS,AZ,AWP,WE,Towers with Radar,66,36,24,0,126,0,8,80,0,88,66,44,104,0,214,48,0,48,262
08/17/2014,TUS,AZ,AWP,WE,Towers with Radar,73,27,32,0,132,0,2,48,0,50,73,29,80,0,182,76,0,76,258
08/18/2014,TUS,AZ,AWP,WE,Towers with Radar,76,37,25,5,143,0,9,55,6,70,76,46,80,11,213,102,12,114,327
08/19/2014,TUS,AZ,AWP,WE,Towers with Radar,79,46,18,15,158,0,8,45,13,66,79,54,63,28,224,46,34,80,304
08/20/2014,TUS,AZ,AWP,WE,Towers with Radar,78,35,24,41,178,0,11,80,23,114,78,46,104,64,292,112,60,172,464
08/21/2014,TUS,AZ,AWP,WE,Towers with Radar,79,32,24,33,168,0,12,63,20,95,79,44,87,53,263,70,24,94,357
08/22/2014,TUS,AZ,AWP,WE,Towers with Radar,82,38,27,23,170,0,13,81,9,103,82,51,108,32,273,76,12,88,361
08/23/2014,TUS,AZ,AWP,WE,Towers with Radar,64,34,26,7,131,0,4,94,3,101,64,38,120,10,232,88,4,92,324
08/24/2014,TUS,AZ,AWP,WE,Towers with Radar,70,42,23,6,141,0,4,64,0,68,70,46,87,6,209,60,4,64,273
08/25/2014,TUS,AZ,AWP,WE,Towers with Radar,74,36,21,31,162,0,5,48,9,62,74,41,69,40,224,72,44,116,340
08/26/2014,TUS,AZ,AWP,WE,Towers with Radar,76,29,33,31,169,0,14,47,4,65,76,43,80,35,234,74,26,100,334
08/27/2014,TUS,AZ,AWP,WE,Towers with Radar,79,47,27,39,192,0,6,71,13,90,79,53,98,52,282,68,14,82,364
08/28/2014,TUS,AZ,AWP,WE,Towers with Radar,85,47,43,32,207,0,11,65,19,95,85,58,108,51,302,70,20,90,392
08/29/2014,TUS,AZ,AWP,WE,Towers with Radar,76,55,46,2,179,0,13,98,5,116,76,68,144,7,295,188,2,190,485
08/30/2014,TUS,AZ,AWP,WE,Towers with Radar,55,32,31,1,119,0,10,92,1,103,55,42,123,2,222,82,0,82,304
08/31/2014,TUS,AZ,AWP,WE,Towers with Radar,59,31,19,0,109,0,6,65,0,71,59,37,84,0,180,14,0,14,194
09/01/2014,TUS,AZ,AWP,WE,Towers with Radar,71,40,19,0,130,0,8,97,1,106,71,48,116,1,236,98,0,98,334
09/02/2014,TUS,AZ,AWP,WE,Towers with Radar,77,38,18,38,171,0,10,47,15,72,77,48,65,53,243,40,28,68,311
09/03/2014,TUS,AZ,AWP,WE,Towers with Radar,80,35,27,30,172,0,9,70,16,95,80,44,97,46,267,56,42,98,365
09/04/2014,TUS,AZ,AWP,WE,Towers with Radar,79,36,35,32,182,1,10,61,15,87,80,46,96,47,269,114,26,140,409
09/05/2014,TUS,AZ,AWP,WE,Towers with Radar,80,40,22,35,177,0,15,74,9,98,80,55,96,44,275,156,56,212,487
09/06/2014,TUS,AZ,AWP,WE,Towers with Radar,65,25,21,24,135,0,1,59,18,78,65,26,80,42,213,38,44,82,295
09/07/2014,TUS,AZ,AWP,WE,Towers with Radar,72,34,16,20,142,0,10,38,9,57,72,44,54,29,199,38,12,50,249
09/08/2014,TUS,AZ,AWP,WE,Towers with Radar,78,34,20,4,136,0,8,26,1,35,78,42,46,5,171,40,2,42,213
09/09/2014,TUS,AZ,AWP,WE,Towers with Radar,80,37,34,39,190,0,8,81,12,101,80,45,115,51,291,130,54,184,475
09/10/2014,TUS,AZ,AWP,WE,Towers with Radar,78,41,34,44,197,0,6,87,49,142,78,47,121,93,339,120,56,176,515
09/11/2014,TUS,AZ,AWP,WE,Towers with Radar,82,40,23,44,189,0,12,80,21,113,82,52,103,65,302,92,46,138,440
09/12/2014,TUS,AZ,AWP,WE,Towers with Radar,83,38,48,42,211,0,4,87,25,116,83,42,135,67,327,86,38,124,451
09/13/2014,TUS,AZ,AWP,WE,Towers with Radar,63,36,14,1,114,0,10,48,6,64,63,46,62,7,178,70,2,72,250
09/14/2014,TUS,AZ,AWP,WE,Towers with Radar,75,35,24,1,135,0,7,60,9,76,75,42,84,10,211,30,0,30,241
09/15/2014,TUS,AZ,AWP,WE,Towers with Radar,77,45,43,50,215,0,11,70,36,117,77,56,113,86,332,132,52,184,516
09/16/2014,TUS,AZ,AWP,WE,Towers with Radar,78,43,40,40,201,0,8,43,41,92,78,51,83,81,293,28,54,82,375
09/17/2014,TUS,AZ,AWP,WE,Towers with Radar,81,38,27,41,187,0,2,22,11,35,81,40,49,52,222,14,64,78,300
09/18/2014,TUS,AZ,AWP,WE,Towers with Radar,81,38,45,43,207,0,5,47,18,70,81,43,92,61,277,50,52,102,379
09/19/2014,TUS,AZ,AWP,WE,Towers with Radar,83,46,32,45,206,0,11,50,12,73,83,57,82,57,279,116,32,148,427
09/20/2014,TUS,AZ,AWP,WE,Towers with Radar,61,48,33,5,147,0,8,68,2,78,61,56,101,7,225,144,0,144,369
09/21/2014,TUS,AZ,AWP,WE,Towers with Radar,70,49,30,0,149,0,1,79,3,83,70,50,109,3,232,138,0,138,370
09/22/2014,TUS,AZ,AWP,WE,Towers with Radar,77,44,26,44,191,0,7,63,20,90,77,51,89,64,281,92,60,152,433
09/23/2014,TUS,AZ,AWP,WE,Towers with Radar,80,37,28,39,184,0,11,72,23,106,80,48,100,62,290,94,34,128,418
09/24/2014,TUS,AZ,AWP,WE,Towers with Radar,82,40,29,48,199,0,9,78,19,106,82,49,107,67,305,66,52,118,423
09/25/2014,TUS,AZ,AWP,WE,Towers with Radar,82,46,37,38,203,0,18,65,19,102,82,64,102,57,305,64,34,98,403
09/26/2014,TUS,AZ,AWP,WE,Towers with Radar,77,51,20,3,151,0,7,76,3,86,77,58,96,6,237,90,4,94,331
09/27/2014,TUS,AZ,AWP,WE,Towers with Radar,101,51,25,20,197,0,8,56,10,74,101,59,81,30,271,60,6,66,337
09/28/2014,TUS,AZ,AWP,WE,Towers with Radar,72,43,27,0,142,0,6,62,11,79,72,49,89,11,221,14,0,14,235
09/29/2014,TUS,AZ,AWP,WE,Towers with Radar,78,48,29,33,188,0,11,79,16,106,78,59,108,49,294,116,28,144,438
09/30/2014,TUS,AZ,AWP,WE,Towers with Radar,79,33,33,36,181,0,11,82,23,116,79,44,115,59,297,108,24,132,429
10/01/2014,TUS,AZ,AWP,WE,Towers with Radar,91,37,25,37,190,0,12,74,22,108,91,49,99,59,298,108,30,138,436
10/02/2014,TUS,AZ,AWP,WE,Towers with Radar,77,46,29,43,195,0,11,68,24,103,77,57,97,67,298,60,44,104,402
10/03/2014,TUS,AZ,AWP,WE,Towers with Radar,88,49,42,34,213,0,8,81,17,106,88,57,123,51,319,46,22,68,387
10/04/2014,TUS,AZ,AWP,WE,Towers with Radar,67,50,26,24,167,0,4,56,16,76,67,54,82,40,243,48,8,56,299
10/05/2014,TUS,AZ,AWP,WE,Towers with Radar,77,46,24,2,149,0,11,71,0,82,77,57,95,2,231,64,0,64,295
10/06/2014,TUS,AZ,AWP,WE,Towers with Radar,82,40,41,0,163,0,11,60,6,77,82,51,101,6,240,52,0,52,292
10/07/2014,TUS,AZ,AWP,WE,Towers with Radar,82,33,42,39,196,0,13,78,18,109,82,46,120,57,305,132,24,156,461
10/08/2014,TUS,AZ,AWP,WE,Towers with Radar,91,42,26,63,222,0,2,20,12,34,91,44,46,75,256,64,68,132,388
10/09/2014,TUS,AZ,AWP,WE,Towers with Radar,88,53,55,42,238,0,4,45,12,61,88,57,100,54,299,68,24,92,391
10/10/2014,TUS,AZ,AWP,WE,Towers with Radar,84,52,44,39,219,0,3,114,9,126,84,55,158,48,345,82,40,122,467
10/11/2014,TUS,AZ,AWP,WE,Towers with Radar,68,60,30,0,158,0,4,105,2,111,68,64,135,2,269,40,4,44,313
10/12/2014,TUS,AZ,AWP,WE,Towers with Radar,77,54,28,1,160,0,6,75,1,82,77,60,103,2,242,16,0,16,258
10/13/2014,TUS,AZ,AWP,WE,Towers with Radar,76,53,33,3,165,0,5,80,2,87,76,58,113,5,252,74,2,76,328
10/14/2014,TUS,AZ,AWP,WE,Towers with Radar,88,41,36,38,203,0,18,66,17,101,88,59,102,55,304,80,22,102,406
10/15/2014,TUS,AZ,AWP,WE,Towers with Radar,86,43,29,42,200,0,13,81,22,116,86,56,110,64,316,78,14,92,408
10/16/2014,TUS,AZ,AWP,WE,Towers with Radar,86,51,49,64,250,0,20,88,24,132,86,71,137,88,382,68,64,132,514
10/17/2014,TUS,AZ,AWP,WE,Towers with Radar,71,41,40,38,190,0,7,73,19,99,71,48,113,57,289,36,24,60,349
10/18/2014,TUS,AZ,AWP,WE,Towers with Radar,52,35,19,4,110,0,4,53,0,57,52,39,72,4,167,46,8,54,221
10/19/2014,TUS,AZ,AWP,WE,Towers with Radar,78,59,39,2,178,0,3,55,2,60,78,62,94,4,238,28,0,28,266
10/20/2014,TUS,AZ,AWP,WE,Towers with Radar,83,46,37,27,193,0,9,66,23,98,83,55,103,50,291,92,24,116,407
10/21/2014,TUS,AZ,AWP,WE,Towers with Radar,86,34,38,38,196,0,5,70,21,96,86,39,108,59,292,62,34,96,388
10/22/2014,TUS,AZ,AWP,WE,Towers with Radar,86,39,30,36,191,0,13,84,13,110,86,52,114,49,301,90,26,116,417
10/23/2014,TUS,AZ,AWP,WE,Towers with Radar,88,41,45,44,218,0,7,61,19,87,88,48,106,63,305,22,28,50,355
10/24/2014,TUS,AZ,AWP,WE,Towers with Radar,86,57,35,17,195,0,12,83,4,99,86,69,118,21,294,86,14,100,394
10/25/2014,TUS,AZ,AWP,WE,Towers with Radar,71,45,16,5,137,0,2,143,0,145,71,47,159,5,282,44,4,48,330
10/26/2014,TUS,AZ,AWP,WE,Towers with Radar,83,53,29,8,173,0,9,73,0,82,83,62,102,8,255,14,6,20,275
10/27/2014,TUS,AZ,AWP,WE,Towers with Radar,89,42,39,33,203,0,7,69,15,91,89,49,108,48,294,80,38,118,412
10/28/2014,TUS,AZ,AWP,WE,Towers with Radar,86,38,29,37,190,0,22,88,11,121,86,60,117,48,311,58,66,124,435
10/29/2014,TUS,AZ,AWP,WE,Towers with Radar,89,45,23,44,201,0,4,79,25,108,89,49,102,69,309,36,34,70,379
10/30/2014,TUS,AZ,AWP,WE,Towers with Radar,87,53,33,49,222,1,2,73,29,105,88,55,106,78,327,68,38,106,433
10/31/2014,TUS,AZ,AWP,WE,Towers with Radar,89,38,33,23,183,0,8,66,24,98,89,46,99,47,281,36,28,64,345
11/01/2014,TUS,AZ,AWP,WE,Towers with Radar,69,38,23,22,152,0,7,143,13,163,69,45,166,35,315,70,18,88,403
11/02/2014,TUS,AZ,AWP,WE,Towers with Radar,82,47,29,24,182,0,2,48,3,53,82,49,77,27,235,34,10,44,279
11/03/2014,TUS,AZ,AWP,WE,Towers with Radar,86,52,41,5,184,0,6,77,9,92,86,58,118,14,276,36,10,46,322
11/04/2014,TUS,AZ,AWP,WE,Towers with Radar,76,43,30,30,179,0,9,58,19,86,76,52,88,49,265,56,38,94,359
11/05/2014,TUS,AZ,AWP,WE,Towers with Radar,92,38,42,43,215,0,13,82,24,119,92,51,124,67,334,82,22,104,438
11/06/2014,TUS,AZ,AWP,WE,Towers with Radar,84,48,38,71,241,0,8,75,9,92,84,56,113,80,333,76,48,124,457
11/07/2014,TUS,AZ,AWP,WE,Towers with Radar,90,48,46,27,211,0,15,103,15,133,90,63,149,42,344,82,30,112,456
11/08/2014,TUS,AZ,AWP,WE,Towers with Radar,72,41,25,5,143,0,3,170,1,174,72,44,195,6,317,16,0,16,333
11/09/2014,TUS,AZ,AWP,WE,Towers with Radar,76,45,55,2,178,0,6,104,0,110,76,51,159,2,288,54,0,54,342
11/10/2014,TUS,AZ,AWP,WE,Towers with Radar,86,46,18,32,182,0,10,73,18,101,86,56,91,50,283,60,28,88,371
11/11/2014,TUS,AZ,AWP,WE,Towers with Radar,84,39,36,0,159,0,3,65,0,68,84,42,101,0,227,108,0,108,335
11/12/2014,TUS,AZ,AWP,WE,Towers with Radar,85,40,42,40,207,0,11,80,23,114,85,51,122,63,321,118,40,158,479
11/13/2014,TUS,AZ,AWP,WE,Towers with Radar,87,56,36,54,233,0,13,79,24,116,87,69,115,78,349,82,56,138,487
11/14/2014,TUS,AZ,AWP,WE,Towers with Radar,88,45,72,53,258,0,15,80,25,120,88,60,152,78,378,102,32,134,512
11/15/2014,TUS,AZ,AWP,WE,Towers with Radar,75,42,27,7,151,0,6,153,3,162,75,48,180,10,313,60,0,60,373
11/16/2014,TUS,AZ,AWP,WE,Towers with Radar,75,52,26,1,154,0,6,55,2,63,75,58,81,3,217,12,0,12,229
11/17/2014,TUS,AZ,AWP,WE,Towers with Radar,84,48,57,50,239,0,9,57,15,81,84,57,114,65,320,122,132,254,574
11/18/2014,TUS,AZ,AWP,WE,Towers with Radar,86,44,33,60,223,0,14,71,16,101,86,58,104,76,324,66,66,132,456
11/19/2014,TUS,AZ,AWP,WE,Towers with Radar,83,48,36,38,205,0,10,94,19,123,83,58,130,57,328,170,40,210,538
11/20/2014,TUS,AZ,AWP,WE,Towers with Radar,88,50,76,40,254,0,8,92,20,120,88,58,168,60,374,166,22,188,562
11/21/2014,TUS,AZ,AWP,WE,Towers with Radar,88,49,46,43,226,0,6,70,16,92,88,55,116,59,318,82,28,110,428
11/22/2014,TUS,AZ,AWP,WE,Towers with Radar,79,42,32,33,186,0,6,100,2,108,79,48,132,35,294,68,18,86,380
11/23/2014,TUS,AZ,AWP,WE,Towers with Radar,81,42,35,5,163,0,9,80,0,89,81,51,115,5,252,32,0,32,284
11/24/2014,TUS,AZ,AWP,WE,Towers with Radar,83,41,45,46,215,0,13,74,18,105,83,54,119,64,320,80,46,126,446
11/25/2014,TUS,AZ,AWP,WE,Towers with Radar,100,44,49,64,257,0,10,86,34,130,100,54,135,98,387,58,70,128,515
11/26/2014,TUS,AZ,AWP,WE,Towers with Radar,100,46,48,30,224,0,3,86,10,99,100,49,134,40,323,44,36,80,403
11/27/2014,TUS,AZ,AWP,WE,Towers with Radar,63,25,26,0,114,0,4,50,0,54,63,29,76,0,168,10,0,10,178
11/28/2014,TUS,AZ,AWP,WE,Towers with Radar,70,32,29,0,131,0,10,80,0,90,70,42,109,0,221,36,0,36,257
11/29/2014,TUS,AZ,AWP,WE,Towers with Radar,81,55,32,0,168,0,11,109,0,120,81,66,141,0,288,46,8,54,342
11/30/2014,TUS,AZ,AWP,WE,Towers with Radar,81,53,62,1,197,0,5,89,0,94,81,58,151,1,291,26,0,26,317
12/01/2014,TUS,AZ,AWP,WE,Towers with Radar,101,45,38,55,239,0,4,54,29,87,101,49,92,84,326,14,70,84,410
12/02/2014,TUS,AZ,AWP,WE,Towers with Radar,88,41,44,44,217,0,7,59,32,98,88,48,103,76,315,66,40,106,421
12/03/2014,TUS,AZ,AWP,WE,Towers with Radar,79,52,44,42,217,0,8,72,26,106,79,60,116,68,323,108,18,126,449
12/04/2014,TUS,AZ,AWP,WE,Towers with Radar,90,47,43,30,210,0,2,21,5,28,90,49,64,35,238,16,34,50,288
12/05/2014,TUS,AZ,AWP,WE,Towers with Radar,87,49,40,25,201,0,12,82,15,109,87,61,122,40,310,88,32,120,430
12/06/2014,TUS,AZ,AWP,WE,Towers with Radar,74,35,39,19,167,0,0,122,14,136,74,35,161,33,303,34,10,44,347
12/07/2014,TUS,AZ,AWP,WE,Towers with Radar,74,42,41,19,176,0,8,91,13,112,74,50,132,32,288,44,20,64,352
12/08/2014,TUS,AZ,AWP,WE,Towers with Radar,79,48,34,11,172,0,4,63,9,76,79,52,97,20,248,46,12,58,306
12/09/2014,TUS,AZ,AWP,WE,Towers with Radar,75,36,32,50,193,0,9,62,32,103,75,45,94,82,296,8,54,62,358
12/10/2014,TUS,AZ,AWP,WE,Towers with Radar,84,43,31,69,227,0,18,109,32,159,84,61,140,101,386,56,86,142,528
12/11/2014,TUS,AZ,AWP,WE,Towers with Radar,92,42,43,43,220,0,3,91,31,125,92,45,134,74,345,32,28,60,405
12/12/2014,TUS,AZ,AWP,WE,Towers with Radar,85,41,19,48,193,0,7,67,22,96,85,48,86,70,289,84,40,124,413
12/13/2014,TUS,AZ,AWP,WE,Towers with Radar,77,34,19,0,130,0,2,18,3,23,77,36,37,3,153,2,0,2,155
12/14/2014,TUS,AZ,AWP,WE,Towers with Radar,74,44,19,7,144,0,5,85,1,91,74,49,104,8,235,82,4,86,321
12/15/2014,TUS,AZ,AWP,WE,Towers with Radar,80,47,24,47,198,0,11,77,28,116,80,58,101,75,314,34,62,96,410
12/16/2014,TUS,AZ,AWP,WE,Towers with Radar,79,43,38,66,226,0,5,78,29,112,79,48,116,95,338,60,86,146,484
12/17/2014,TUS,AZ,AWP,WE,Towers with Radar,92,45,21,53,211,0,7,25,9,41,92,52,46,62,252,18,42,60,312
12/18/2014,TUS,AZ,AWP,WE,Towers with Radar,91,47,30,46,214,0,2,28,22,52,91,49,58,68,266,16,34,50,316
12/19/2014,TUS,AZ,AWP,WE,Towers with Radar,92,44,40,27,203,0,4,93,14,111,92,48,133,41,314,60,36,96,410
12/20/2014,TUS,AZ,AWP,WE,Towers with Radar,93,45,48,0,186,0,11,100,2,113,93,56,148,2,299,74,0,74,373
12/21/2014,TUS,AZ,AWP,WE,Towers with Radar,80,47,29,4,160,0,10,81,0,91,80,57,110,4,251,60,10,70,321
12/22/2014,TUS,AZ,AWP,WE,Towers with Radar,95,39,20,11,165,0,5,70,6,81,95,44,90,17,246,42,14,56,302
12/23/2014,TUS,AZ,AWP,WE,Towers with Radar,99,33,30,47,209,0,13,59,29,101,99,46,89,76,310,12,44,56,366
12/24/2014,TUS,AZ,AWP,WE,Towers with Radar,86,34,22,22,164,0,11,53,12,76,86,45,75,34,240,42,24,66,306
12/25/2014,TUS,AZ,AWP,WE,Towers with Radar,75,41,6,0,122,0,6,21,0,27,75,47,27,0,149,0,0,0,149
12/26/2014,TUS,AZ,AWP,WE,Towers with Radar,87,58,32,0,177,0,10,80,0,90,87,68,112,0,267,28,0,28,295
12/27/2014,TUS,AZ,AWP,WE,Towers with Radar,88,48,46,4,186,0,9,81,0,90,88,57,127,4,276,56,0,56,332
12/28/2014,TUS,AZ,AWP,WE,Towers with Radar,82,42,29,0,153,0,5,51,0,56,82,47,80,0,209,8,0,8,217
12/29/2014,TUS,AZ,AWP,WE,Towers with Radar,85,57,22,34,198,0,7,65,18,90,85,64,87,52,288,52,46,98,386
12/30/2014,TUS,AZ,AWP,WE,Towers with Radar,90,44,38,32,204,0,6,92,18,116,90,50,130,50,320,54,48,102,422
12/31/2014,TUS,AZ,AWP,WE,Towers with Radar,90,61,10,17,178,0,4,11,16,31,90,65,21,33,209,4,32,36,245
01/01/2015,TUS,AZ,AWP,WE,Towers with Radar,74,51,18,0,143,0,10,20,0,30,74,61,38,0,173,8,0,8,181
01/02/2015,TUS,AZ,AWP,WE,Towers with Radar,84,58,48,0,190,0,7,47,0,54,84,65,95,0,244,62,0,62,306
01/03/2015,TUS,AZ,AWP,WE,Towers with Radar,75,56,24,4,159,0,6,73,0,79,75,62,97,4,238,58,2,60,298
01/04/2015,TUS,AZ,AWP,WE,Towers with Radar,80,49,40,1,170,0,2,73,0,75,80,51,113,1,245,10,0,10,255
01/05/2015,TUS,AZ,AWP,WE,Towers with Radar,89,53,26,38,206,0,8,41,27,76,89,61,67,65,282,8,66,74,356
01/06/2015,TUS,AZ,AWP,WE,Towers with Radar,79,44,29,62,214,0,10,66,23,99,79,54,95,85,313,62,48,110,423
01/07/2015,TUS,AZ,AWP,WE,Towers with Radar,82,51,19,62,214,0,16,36,39,91,82,67,55,101,305,14,46,60,365
01/08/2015,TUS,AZ,AWP,WE,Towers with Radar,81,49,31,76,237,0,3,35,13,51,81,52,66,89,288,34,30,64,352
01/09/2015,TUS,AZ,AWP,WE,Towers with Radar,91,50,41,54,236,0,11,102,25,138,91,61,143,79,374,104,40,144,518
01/10/2015,TUS,AZ,AWP,WE,Towers with Radar,71,51,41,47,210,0,7,165,26,198,71,58,206,73,408,64,46,110,518
01/11/2015,TUS,AZ,AWP,WE,Towers with Radar,72,41,41,21,175,0,2,99,9,110,72,43,140,30,285,52,18,70,355
01/12/2015,TUS,AZ,AWP,WE,Towers with Radar,86,52,39,15,192,0,8,35,1,44,86,60,74,16,236,102,12,114,350
01/13/2015,TUS,AZ,AWP,WE,Towers with Radar,78,50,30,52,210,0,8,57,33,98,78,58,87,85,308,72,50,122,430
01/14/2015,TUS,AZ,AWP,WE,Towers with Radar,85,48,41,29,203,0,5,58,17,80,85,53,99,46,283,48,18,66,349
01/15/2015,TUS,AZ,AWP,WE,Towers with Radar,86,46,55,68,255,0,13,84,28,125,86,59,139,96,380,76,66,142,522
01/16/2015,TUS,AZ,AWP,WE,Towers with Radar,87,53,30,45,215,0,14,81,23,118,87,67,111,68,333,46,32,78,411
01/17/2015,TUS,AZ,AWP,WE,Towers with Radar,72,42,21,1,136,0,8,133,0,141,72,50,154,1,277,80,0,80,357
01/18/2015,TUS,AZ,AWP,WE,Towers with Radar,71,57,37,1,166,0,6,80,0,86,71,63,117,1,252,58,0,58,310
01/19/2015,TUS,AZ,AWP,WE,Towers with Radar,83,49,31,0,163,0,6,97,3,106,83,55,128,3,269,50,0,50,319
01/20/2015,TUS,AZ,AWP,WE,Towers with Radar,75,41,27,57,200,0,8,70,21,99,75,49,97,78,299,124,62,186,485
01/21/2015,TUS,AZ,AWP,WE,Towers with Radar,82,38,31,56,207,0,14,54,37,105,82,52,85,93,312,76,54,130,442
01/22/2015,TUS,AZ,AWP,WE,Towers with Radar,95,49,21,74,239,0,15,57,34,106,95,64,78,108,345,66,70,136,481
01/23/2015,TUS,AZ,AWP,WE,Towers with Radar,87,53,28,53,221,0,7,73,21,101,87,60,101,74,322,76,46,122,444
01/24/2015,TUS,AZ,AWP,WE,Towers with Radar,72,41,26,0,139,0,15,73,1,89,72,56,99,1,228,24,4,28,256
01/25/2015,TUS,AZ,AWP,WE,Towers with Radar,77,41,22,10,150,0,11,83,1,95,77,52,105,11,245,98,6,104,349
01/26/2015,TUS,AZ,AWP,WE,Towers with Radar,83,42,34,60,219,0,17,41,22,80,83,59,75,82,299,92,34,126,425
01/27/2015,TUS,AZ,AWP,WE,Towers with Radar,79,54,52,58,243,0,19,65,24,108,79,73,117,82,351,102,76,178,529
01/28/2015,TUS,AZ,AWP,WE,Towers with Radar,83,55,24,49,211,0,13,80,24,117,83,68,104,73,328,32,40,72,400
01/29/2015,TUS,AZ,AWP,WE,Towers with Radar,88,52,54,54,248,0,8,59,22,89,88,60,113,76,337,102,38,140,477
01/30/2015,TUS,AZ,AWP,WE,Towers with Radar,82,57,72,46,257,0,1,9,4,14,82,58,81,50,271,22,32,54,325
01/31/2015,TUS,AZ,AWP,WE,Towers with Radar,76,45,38,8,167,0,6,15,0,21,76,51,53,8,188,8,14,22,210
02/01/2015,TUS,AZ,AWP,WE,Towers with Radar,65,57,40,2,164,0,0,41,0,41,65,57,81,2,205,24,0,24,229
02/02/2015,TUS,AZ,AWP,WE,Towers with Radar,87,60,48,14,209,0,12,93,6,111,87,72,141,20,320,72,6,78,398
02/03/2015,TUS,AZ,AWP,WE,Towers with Radar,77,52,39,49,217,4,8,103,34,149,81,60,142,83,366,78,38,116,482
02/04/2015,TUS,AZ,AWP,WE,Towers with Radar,84,49,47,57,237,0,4,79,35,118,84,53,126,92,355,128,66,194,549
02/05/2015,TUS,AZ,AWP,WE,Towers with Radar,85,61,46,51,243,0,7,100,48,155,85,68,146,99,398,134,36,170,568
02/06/2015,TUS,AZ,AWP,WE,Towers with Radar,93,55,44,45,237,1,11,102,27,141,94,66,146,72,378,68,36,104,482
02/07/2015,TUS,AZ,AWP,WE,Towers with Radar,79,51,36,45,211,0,12,167,24,203,79,63,203,69,414,50,44,94,508
02/08/2015,TUS,AZ,AWP,WE,Towers with Radar,75,54,51,18,198,0,13,98,13,124,75,67,149,31,322,56,8,64,386
02/09/2015,TUS,AZ,AWP,WE,Towers with Radar,89,48,35,15,187,0,12,71,15,98,89,60,106,30,285,82,24,106,391
02/10/2015,TUS,AZ,AWP,WE,Towers with Radar,76,45,44,55,220,0,13,97,43,153,76,58,141,98,373,128,46,174,547
02/11/2015,TUS,AZ,AWP,WE,Towers with Radar,80,46,40,63,229,0,6,88,37,131,80,52,128,100,360,92,32,124,484
02/12/2015,TUS,AZ,AWP,WE,Towers with Radar,89,60,31,92,272,0,6,31,25,62,89,66,62,117,334,10,96,106,440
02/13/2015,TUS,AZ,AWP,WE,Towers with Radar,88,54,45,44,231,0,9,87,18,114,88,63,132,62,345,22,32,54,399
02/14/2015,TUS,AZ,AWP,WE,Towers with Radar,84,45,39,8,176,0,14,158,2,174,84,59,197,10,350,84,8,92,442
02/15/2015,TUS,AZ,AWP,WE,Towers with Radar,80,56,42,0,178,0,6,75,4,85,80,62,117,4,263,46,0,46,309
02/16/2015,TUS,AZ,AWP,WE,Towers with Radar,83,58,24,0,165,0,8,64,0,72,83,66,88,0,237,72,2,74,311
02/17/2015,TUS,AZ,AWP,WE,Towers with Radar,88,53,46,49,236,0,8,93,32,133,88,61,139,81,369,52,48,100,469
02/18/2015,TUS,AZ,AWP,WE,Towers with Radar,85,52,45,65,247,0,9,84,50,143,85,61,129,115,390,144,50,194,584
02/19/2015,TUS,AZ,AWP,WE,Towers with Radar,89,56,47,55,247,0,7,87,50,144,89,63,134,105,391,126,60,186,577
02/20/2015,TUS,AZ,AWP,WE,Towers with Radar,85,49,28,56,218,0,5,88,35,128,85,54,116,91,346,42,50,92,438
02/21/2015,TUS,AZ,AWP,WE,Towers with Radar,80,44,34,9,167,0,14,214,6,234,80,58,248,15,401,68,6,74,475
02/22/2015,TUS,AZ,AWP,WE,Towers with Radar,75,49,35,6,165,0,3,89,4,96,75,52,124,10,261,46,2,48,309
02/23/2015,TUS,AZ,AWP,WE,Towers with Radar,79,61,31,65,236,0,5,59,35,99,79,66,90,100,335,82,54,136,471
02/24/2015,TUS,AZ,AWP,WE,Towers with Radar,82,49,53,79,263,0,5,45,21,71,82,54,98,100,334,8,60,68,402
02/25/2015,TUS,AZ,AWP,WE,Towers with Radar,85,48,50,63,246,0,9,99,43,151,85,57,149,106,397,72,54,126,523
02/26/2015,TUS,AZ,AWP,WE,Towers with Radar,86,51,58,49,244,1,8,93,37,139,87,59,151,86,383,50,26,76,459
02/27/2015,TUS,AZ,AWP,WE,Towers with Radar,88,50,40,6,184,0,8,76,10,94,88,58,116,16,278,76,12,88,366
02/28/2015,TUS,AZ,AWP,WE,Towers with Radar,68,50,28,4,150,0,4,34,1,39,68,54,62,5,189,28,2,30,219
03/01/2015,TUS,AZ,AWP,WE,Towers with Radar,71,49,41,7,168,0,18,68,2,88,71,67,109,9,256,48,18,66,322
03/02/2015,TUS,AZ,AWP,WE,Towers with Radar,90,53,38,56,237,0,2,18,8,28,90,55,56,64,265,32,12,44,309
03/03/2015,TUS,AZ,AWP,WE,Towers with Radar,89,54,41,59,243,0,20,81,26,127,89,74,122,85,370,128,34,162,532
03/04/2015,TUS,AZ,AWP,WE,Towers with Radar,79,55,25,65,224,0,7,76,36,119,79,62,101,101,343,126,12,138,481
03/05/2015,TUS,AZ,AWP,WE,Towers with Radar,71,62,47,68,248,0,13,70,36,119,71,75,117,104,367,92,32,124,491
03/06/2015,TUS,AZ,AWP,WE,Towers with Radar,77,68,29,73,247,0,11,43,37,91,77,79,72,110,338,62,44,106,444
03/07/2015,TUS,AZ,AWP,WE,Towers with Radar,87,55,33,31,206,0,11,148,29,188,87,66,181,60,394,56,34,90,484
03/08/2015,TUS,AZ,AWP,WE,Towers with Radar,87,64,30,20,201,0,10,87,14,111,87,74,117,34,312,52,26,78,390
03/09/2015,TUS,AZ,AWP,WE,Towers with Radar,86,53,33,7,179,0,16,97,20,133,86,69,130,27,312,146,4,150,462
03/10/2015,TUS,AZ,AWP,WE,Towers with Radar,85,40,34,44,203,0,12,75,22,109,85,52,109,66,312,112,26,138,450
03/11/2015,TUS,AZ,AWP,WE,Towers with Radar,92,56,35,50,233,0,11,88,40,139,92,67,123,90,372,88,46,134,506
03/12/2015,TUS,AZ,AWP,WE,Towers with Radar,91,64,43,71,269,0,7,85,33,125,91,71,128,104,394,82,54,136,530
03/13/2015,TUS,AZ,AWP,WE,Towers with Radar,88,63,46,57,254,0,10,85,26,121,88,73,131,83,375,142,42,184,559
03/14/2015,TUS,AZ,AWP,WE,Towers with Radar,91,48,31,15,185,0,0,117,7,124,91,48,148,22,309,58,0,58,367
03/15/2015,TUS,AZ,AWP,WE,Towers with Radar,88,58,31,4,181,0,13,34,4,51,88,71,65,8,232,18,0,18,250
03/16/2015,TUS,AZ,AWP,WE,Towers with Radar,84,53,35,50,222,0,6,80,25,111,84,59,115,75,333,46,48,94,427
03/17/2015,TUS,AZ,AWP,WE,Towers with Radar,91,61,28,48,228,0,10,75,28,113,91,71,103,76,341,76,32,108,449
03/18/2015,TUS,AZ,AWP,WE,Towers with Radar,88,61,45,58,252,0,10,48,28,86,88,71,93,86,338,34,66,100,438
03/19/2015,TUS,AZ,AWP,WE,Towers with Radar,86,71,26,39,222,0,7,53,20,80,86,78,79,59,302,81,18,99,401
03/20/2015,TUS,AZ,AWP,WE,Towers with Radar,84,60,36,63,243,0,9,80,35,124,84,69,116,98,367,116,36,152,519
03/21/2015,TUS,AZ,AWP,WE,Towers with Radar,93,55,40,12,200,0,9,94,24,127,93,64,134,36,327,108,18,126,453
03/22/2015,TUS,AZ,AWP,WE,Towers with Radar,80,60,54,8,202,0,2,124,4,130,80,62,178,12,332,124,2,126,458
03/23/2015,TUS,AZ,AWP,WE,Towers with Radar,80,48,36,4,168,0,11,82,14,107,80,59,118,18,275,42,24,66,341
03/24/2015,TUS,AZ,AWP,WE,Towers with Radar,85,48,51,40,224,0,8,98,25,131,85,56,149,65,355,114,34,148,503
03/25/2015,TUS,AZ,AWP,WE,Towers with Radar,88,56,33,57,234,0,9,99,28,136,88,65,132,85,370,100,30,130,500
03/26/2015,TUS,AZ,AWP,WE,Towers with Radar,93,57,48,36,234,0,12,107,15,134,93,69,155,51,368,82,6,88,456
03/27/2015,TUS,AZ,AWP,WE,Towers with Radar,85,75,39,58,257,0,13,103,32,148,85,88,142,90,405,80,30,110,515
03/28/2015,TUS,AZ,AWP,WE,Towers with Radar,85,67,33,2,187,0,18,176,2,196,85,85,209,4,383,86,0,86,469
03/29/2015,TUS,AZ,AWP,WE,Towers with Radar,75,62,51,2,190,0,11,102,2,115,75,73,153,4,305,92,0,92,397
03/30/2015,TUS,AZ,AWP,WE,Towers with Radar,75,67,22,58,222,0,11,57,36,104,75,78,79,94,326,28,46,74,400
03/31/2015,TUS,AZ,AWP,WE,Towers with Radar,81,51,28,62,222,0,20,93,34,147,81,71,121,96,369,76,62,138,507
04/01/2015,TUS,AZ,AWP,WE,Towers with Radar,82,58,22,63,225,0,10,69,35,114,82,68,91,98,339,52,32,84,423
04/02/2015,TUS,AZ,AWP,WE,Towers with Radar,76,70,29,40,215,0,10,77,22,109,76,80,106,62,324,64,34,98,422
04/03/2015,TUS,AZ,AWP,WE,Towers with Radar,78,60,30,25,193,0,19,86,18,123,78,79,116,43,316,106,40,146,462
04/04/2015,TUS,AZ,AWP,WE,Towers with Radar,81,53,30,0,164,0,9,101,0,110,81,62,131,0,274,74,0,74,348
04/05/2015,TUS,AZ,AWP,WE,Towers with Radar,76,64,30,0,170,0,8,42,3,53,76,72,72,3,223,24,0,24,247
04/06/2015,TUS,AZ,AWP,WE,Towers with Radar,84,52,46,57,239,0,13,64,30,107,84,65,110,87,346,18,20,38,384
04/07/2015,TUS,AZ,AWP,WE,Towers with Radar,88,46,35,63,232,0,17,79,36,132,88,63,114,99,364,64,34,98,462
04/08/2015,TUS,AZ,AWP,WE,Towers with Radar,82,55,38,46,221,0,21,89,25,135,82,76,127,71,356,100,30,130,486
04/09/2015,TUS,AZ,AWP,WE,Towers with Radar,82,46,47,51,226,0,21,84,32,137,82,67,131,83,363,148,68,216,579
04/10/2015,TUS,AZ,AWP,WE,Towers with Radar,85,47,29,69,230,0,26,94,38,158,85,73,123,107,388,118,58,176,564
04/11/2015,TUS,AZ,AWP,WE,Towers with Radar,79,60,32,53,224,0,11,174,25,210,79,71,206,78,434,94,36,130,564
04/12/2015,TUS,AZ,AWP,WE,Towers with Radar,78,45,31,47,201,0,13,57,23,93,78,58,88,70,294,60,44,104,398
04/13/2015,TUS,AZ,AWP,WE,Towers with Radar,78,57,30,23,188,0,12,77,11,100,78,69,107,34,288,62,12,74,362
04/14/2015,TUS,AZ,AWP,WE,Towers with Radar,84,43,31,61,219,0,21,82,45,148,84,64,113,106,367,104,96,200,567
04/15/2015,TUS,AZ,AWP,WE,Towers with Radar,89,51,18,51,209,0,5,49,28,82,89,56,67,79,291,12,20,32,323
04/16/2015,TUS,AZ,AWP,WE,Towers with Radar,82,44,27,49,202,0,16,79,37,132,82,60,106,86,334,28,60,88,422
04/17/2015,TUS,AZ,AWP,WE,Towers with Radar,83,52,36,54,225,0,10,74,41,125,83,62,110,95,350,42,60,102,452
04/18/2015,TUS,AZ,AWP,WE,Towers with Radar,75,46,14,6,141,0,7,165,4,176,75,53,179,10,317,28,4,32,349
04/19/2015,TUS,AZ,AWP,WE,Towers with Radar,85,50,33,2,170,0,9,93,2,104,85,59,126,4,274,78,0,78,352
04/20/2015,TUS,AZ,AWP,WE,Towers with Radar,86,56,47,49,238,0,10,65,28,103,86,66,112,77,341,44,38,82,423
04/21/2015,TUS,AZ,AWP,WE,Towers with Radar,77,45,17,50,189,0,4,83,33,120,77,49,100,83,309,138,64,202,511
04/22/2015,TUS,AZ,AWP,WE,Towers with Radar,83,43,32,52,210,0,16,65,21,102,83,59,97,73,312,66,36,102,414
04/23/2015,TUS,AZ,AWP,WE,Towers with Radar,84,50,47,33,214,0,13,53,35,101,84,63,100,68,315,68,46,114,429
04/24/2015,TUS,AZ,AWP,WE,Towers with Radar,80,50,47,2,179,1,6,69,9,85,81,56,116,11,264,86,0,86,350
04/25/2015,TUS,AZ,AWP,WE,Towers with Radar,75,52,24,4,155,0,4,143,2,149,75,56,167,6,304,68,2,70,374
04/26/2015,TUS,AZ,AWP,WE,Towers with Radar,76,51,29,1,157,0,7,47,2,56,76,58,76,3,213,2,16,18,231
04/27/2015,TUS,AZ,AWP,WE,Towers with Radar,85,43,24,23,175,0,0,16,17,33,85,43,40,40,208,88,40,128,336
04/28/2015,TUS,AZ,AWP,WE,Towers with Radar,81,44,18,33,176,0,2,7,27,36,81,46,25,60,212,94,30,124,336
04/29/2015,TUS,AZ,AWP,WE,Towers with Radar,83,48,38,29,198,0,2,3,6,11,83,50,41,35,209,66,14,80,289
04/30/2015,TUS,AZ,AWP,WE,Towers with Radar,83,59,34,17,193,0,8,28,13,49,83,67,62,30,242,112,28,140,382
05/01/2015,TUS,AZ,AWP,WE,Towers with Radar,79,61,32,33,205,0,14,100,25,139,79,75,132,58,344,93,18,111,455
05/02/2015,TUS,AZ,AWP,WE,Towers with Radar,74,39,17,32,162,0,0,135,30,165,74,39,152,62,327,118,26,144,471
05/03/2015,TUS,AZ,AWP,WE,Towers with Radar,78,44,31,15,168,0,2,76,14,92,78,46,107,29,260,74,44,118,378
05/04/2015,TUS,AZ,AWP,WE,Towers with Radar,76,62,24,8,170,0,11,42,5,58,76,73,66,13,228,80,4,84,312
05/05/2015,TUS,AZ,AWP,WE,Towers with Radar,82,45,19,38,184,0,9,78,27,114,82,54,97,65,298,68,40,108,406
05/06/2015,TUS,AZ,AWP,WE,Towers with Radar,82,51,21,61,215,0,11,71,27,109,82,62,92,88,324,28,56,84,408
05/07/2015,TUS,AZ,AWP,WE,Towers with Radar,82,45,26,54,207,0,8,69,40,117,82,53,95,94,324,52,66,118,442
05/08/2015,TUS,AZ,AWP,WE,Towers with Radar,80,50,34,36,200,0,7,79,31,117,80,57,113,67,317,58,16,74,391
05/09/2015,TUS,AZ,AWP,WE,Towers with Radar,72,34,22,16,144,0,3,170,6,179,72,37,192,22,323,152,16,168,491
05/10/2015,TUS,AZ,AWP,WE,Towers with Radar,69,35,24,5,133,0,6,95,8,109,69,41,119,13,242,44,4,48,290
05/11/2015,TUS,AZ,AWP,WE,Towers with Radar,79,52,36,49,216,0,5,75,18,98,79,57,111,67,314,56,52,108,422
05/12/2015,TUS,AZ,AWP,WE,Towers with Radar,78,46,28,49,201,0,13,73,31,117,78,59,101,80,318,86,64,150,468
05/13/2015,TUS,AZ,AWP,WE,Towers with Radar,80,58,31,55,224,0,10,90,18,118,80,68,121,73,342,56,48,104,446
05/14/2015,TUS,AZ,AWP,WE,Towers with Radar,83,63,30,38,214,0,14,40,25,79,83,77,70,63,293,36,46,82,375
05/15/2015,TUS,AZ,AWP,WE,Towers with Radar,86,58,46,38,228,0,11,58,22,91,86,69,104,60,319,34,32,66,385
05/16/2015,TUS,AZ,AWP,WE,Towers with Radar,80,36,28,11,155,0,5,122,8,135,80,41,150,19,290,118,10,128,418
05/17/2015,TUS,AZ,AWP,WE,Towers with Radar,78,28,35,0,141,0,5,89,2,96,78,33,124,2,237,78,0,78,315
05/18/2015,TUS,AZ,AWP,WE,Towers with Radar,74,46,23,51,194,0,6,58,23,87,74,52,81,74,281,32,40,72,353
05/19/2015,TUS,AZ,AWP,WE,Towers with Radar,85,50,23,58,216,0,11,100,21,132,85,61,123,79,348,114,38,152,500
05/20/2015,TUS,AZ,AWP,WE,Towers with Radar,85,43,36,68,232,0,18,110,40,168,85,61,146,108,400,78,70,148,548
05/21/2015,TUS,AZ,AWP,WE,Towers with Radar,83,44,27,67,221,3,14,66,22,105,86,58,93,89,326,68,34,102,428
05/22/2015,TUS,AZ,AWP,WE,Towers with Radar,84,62,30,1,177,0,16,81,10,107,84,78,111,11,284,74,0,74,358
05/23/2015,TUS,AZ,AWP,WE,Towers with Radar,68,34,18,0,120,0,11,103,5,119,68,45,121,5,239,72,10,82,321
05/24/2015,TUS,AZ,AWP,WE,Towers with Radar,70,32,17,1,120,0,12,75,4,91,70,44,92,5,211,32,0,32,243
05/25/2015,TUS,AZ,AWP,WE,Towers with Radar,75,39,21,1,136,0,11,79,3,93,75,50,100,4,229,60,0,60,289
05/26/2015,TUS,AZ,AWP,WE,Towers with Radar,76,42,30,28,176,0,12,79,29,120,76,54,109,57,296,186,32,218,514
05/27/2015,TUS,AZ,AWP,WE,Towers with Radar,77,58,17,39,191,0,20,91,26,137,77,78,108,65,328,90,46,136,464
05/28/2015,TUS,AZ,AWP,WE,Towers with Radar,76,56,37,43,212,0,29,80,25,134,76,85,117,68,346,86,32,118,464
05/29/2015,TUS,AZ,AWP,WE,Towers with Radar,81,53,22,32,188,0,15,99,35,149,81,68,121,67,337,44,46,90,427
05/30/2015,TUS,AZ,AWP,WE,Towers with Radar,71,35,13,5,124,0,9,101,8,118,71,44,114,13,242,130,2,132,374
05/31/2015,TUS,AZ,AWP,WE,Towers with Radar,77,40,25,3,145,0,6,91,3,100,77,46,116,6,245,46,0,46,291
06/01/2015,TUS,AZ,AWP,WE,Towers with Radar,74,35,22,46,177,0,8,66,30,104,74,43,88,76,281,50,52,102,383
06/02/2015,TUS,AZ,AWP,WE,Towers with Radar,79,42,27,45,193,0,4,69,35,108,79,46,96,80,301,64,50,114,415
06/03/2015,TUS,AZ,AWP,WE,Towers with Radar,78,40,24,32,174,0,18,71,33,122,78,58,95,65,296,26,16,42,338
06/04/2015,TUS,AZ,AWP,WE,Towers with Radar,88,49,31,41,209,0,11,50,20,81,88,60,81,61,290,36,12,48,338
06/05/2015,TUS,AZ,AWP,WE,Towers with Radar,76,43,23,33,175,0,7,54,17,78,76,50,77,50,253,88,28,116,369
06/06/2015,TUS,AZ,AWP,WE,Towers with Radar,65,41,14,34,154,0,6,63,27,96,65,47,77,61,250,32,42,74,324
06/07/2015,TUS,AZ,AWP,WE,Towers with Radar,74,37,28,20,159,1,11,55,9,76,75,48,83,29,235,44,36,80,315
06/08/2015,TUS,AZ,AWP,WE,Towers with Radar,74,33,32,11,150,0,9,67,8,84,74,42,99,19,234,48,6,54,288
06/09/2015,TUS,AZ,AWP,WE,Towers with Radar,73,39,37,20,169,0,7,50,12,69,73,46,87,32,238,68,10,78,316
06/10/2015,TUS,AZ,AWP,WE,Towers with Radar,76,36,24,46,182,0,15,54,23,92,76,51,78,69,274,118,8,126,400
06/11/2015,TUS,AZ,AWP,WE,Towers with Radar,75,42,41,36,194,0,19,119,26,164,75,61,160,62,358,114,26,140,498
06/12/2015,TUS,AZ,AWP,WE,Towers with Radar,74,39,22,37,172,0,14,80,27,121,74,53,102,64,293,104,54,158,451
06/13/2015,TUS,AZ,AWP,WE,Towers with Radar,66,40,28,7,141,0,12,99,9,120,66,52,127,16,261,46,6,52,313
06/14/2015,TUS,AZ,AWP,WE,Towers with Radar,68,38,30,5,141,0,6,90,11,107,68,44,120,16,248,38,2,40,288
06/15/2015,TUS,AZ,AWP,WE,Towers with Radar,73,40,30,37,180,0,7,89,46,142,73,47,119,83,322,90,40,130,452
06/16/2015,TUS,AZ,AWP,WE,Towers with Radar,71,37,17,40,165,0,7,83,18,108,71,44,100,58,273,130,22,152,425
06/17/2015,TUS,AZ,AWP,WE,Towers with Radar,72,51,23,42,188,0,16,70,38,124,72,67,93,80,312,114,18,132,444
06/18/2015,TUS,AZ,AWP,WE,Towers with Radar,74,46,33,43,196,0,22,79,32,133,74,68,112,75,329,100,52,152,481
06/19/2015,TUS,AZ,AWP,WE,Towers with Radar,80,38,22,35,175,0,11,69,17,97,80,49,91,52,272,90,20,110,382
06/20/2015,TUS,AZ,AWP,WE,Towers with Radar,66,34,15,0,115,0,17,82,2,101,66,51,97,2,216,88,0,88,304
06/21/2015,TUS,AZ,AWP,WE,Towers with Radar,71,36,22,3,132,0,6,63,1,70,71,42,85,4,202,50,0,50,252
06/22/2015,TUS,AZ,AWP,WE,Towers with Radar,71,43,22,57,193,0,11,68,22,101,71,54,90,79,294,42,64,106,400
06/23/2015,TUS,AZ,AWP,WE,Towers with Radar,77,36,16,41,170,0,14,69,20,103,77,50,85,61,273,82,66,148,421
06/24/2015,TUS,AZ,AWP,WE,Towers with Radar,78,33,17,53,181,0,8,64,21,93,78,41,81,74,274,70,34,104,378
06/25/2015,TUS,AZ,AWP,WE,Towers with Radar,71,40,34,3,148,0,8,76,9,93,71,48,110,12,241,46,6,52,293
06/26/2015,TUS,AZ,AWP,WE,Towers with Radar,78,42,27,10,157,0,7,78,10,95,78,49,105,20,252,50,8,58,310
06/27/2015,TUS,AZ,AWP,WE,Towers with Radar,62,35,19,8,124,0,3,63,2,68,62,38,82,10,192,72,2,74,266
06/28/2015,TUS,AZ,AWP,WE,Towers with Radar,72,31,8,2,113,0,4,21,0,25,72,35,29,2,138,120,0,120,258
06/29/2015,TUS,AZ,AWP,WE,Towers with Radar,71,43,18,35,167,0,15,59,15,89,71,58,77,50,256,58,22,80,336
06/30/2015,TUS,AZ,AWP,WE,Towers with Radar,76,38,8,35,157,0,6,65,27,98,76,44,73,62,255,78,32,110,365
07/01/2015,TUS,AZ,AWP,WE,Towers with Radar,75,43,28,46,192,0,11,61,33,105,75,54,89,79,297,98,46,144,441
07/02/2015,TUS,AZ,AWP,WE,Towers with Radar,78,43,27,51,199,0,10,78,44,132,78,53,105,95,331,130,60,190,521
07/03/2015,TUS,AZ,AWP,WE,Towers with Radar,70,31,20,0,121,0,21,63,0,84,70,52,83,0,205,84,0,84,289
07/04/2015,TUS,AZ,AWP,WE,Towers with Radar,43,26,15,1,85,0,0,58,1,59,43,26,73,2,144,32,2,34,178
07/05/2015,TUS,AZ,AWP,WE,Towers with Radar,63,34,23,0,120,0,2,37,2,41,63,36,60,2,161,14,0,14,175
07/06/2015,TUS,AZ,AWP,WE,Towers with Radar,69,47,16,3,135,0,8,54,10,72,69,55,70,13,207,46,8,54,261
07/07/2015,TUS,AZ,AWP,WE,Towers with Radar,77,37,24,45,183,0,10,66,26,102,77,47,90,71,285,102,66,168,453
07/08/2015,TUS,AZ,AWP,WE,Towers with Radar,71,39,21,60,191,0,5,78,28,111,71,44,99,88,302,108,46,154,456
07/09/2015,TUS,AZ,AWP,WE,Towers with Radar,71,43,25,52,191,0,10,52,37,99,71,53,77,89,290,60,38,98,388
07/10/2015,TUS,AZ,AWP,WE,Towers with Radar,76,39,16,56,187,0,12,62,35,109,76,51,78,91,296,116,106,222,518
07/11/2015,TUS,AZ,AWP,WE,Towers with Radar,65,44,31,49,189,0,0,68,30,98,65,44,99,79,287,58,32,90,377
07/12/2015,TUS,AZ,AWP,WE,Towers with Radar,70,35,22,22,149,0,2,59,17,78,70,37,81,39,227,54,32,86,313
07/13/2015,TUS,AZ,AWP,WE,Towers with Radar,71,48,12,2,133,0,4,66,4,74,71,52,78,6,207,90,8,98,305
07/14/2015,TUS,AZ,AWP,WE,Towers with Radar,83,44,33,47,207,0,10,80,23,113,83,54,113,70,320,62,48,110,430
07/15/2015,TUS,AZ,AWP,WE,Towers with Radar,79,42,19,59,199,0,16,59,42,117,79,58,78,101,316,70,54,124,440
07/16/2015,TUS,AZ,AWP,WE,Towers with Radar,71,43,19,45,178,0,4,64,32,100,71,47,83,77,278,78,52,130,408
07/17/2015,TUS,AZ,AWP,WE,Towers with Radar,77,45,26,49,197,0,8,56,26,90,77,53,82,75,287,48,34,82,369
07/18/2015,TUS,AZ,AWP,WE,Towers with Radar,62,38,11,1,112,0,4,59,1,64,62,42,70,2,176,38,0,38,214
07/19/2015,TUS,AZ,AWP,WE,Towers with Radar,69,40,22,3,134,0,8,53,10,71,69,48,75,13,205,46,0,46,251
07/20/2015,TUS,AZ,AWP,WE,Towers with Radar,71,50,29,60,210,0,11,66,18,95,71,61,95,78,305,48,22,70,375
07/21/2015,TUS,AZ,AWP,WE,Towers with Radar,77,37,36,51,201,0,11,78,22,111,77,48,114,73,312,72,34,106,418
07/22/2015,TUS,AZ,AWP,WE,Towers with Radar,74,46,22,39,181,0,10,42,22,74,74,56,64,61,255,60,42,102,357
07/23/2015,TUS,AZ,AWP,WE,Towers with Radar,74,47,18,46,185,0,10,56,23,89,74,57,74,69,274,58,26,84,358
07/24/2015,TUS,AZ,AWP,WE,Towers with Radar,75,39,29,19,162,0,8,65,12,85,75,47,94,31,247,76,24,100,347
07/25/2015,TUS,AZ,AWP,WE,Towers with Radar,64,36,14,14,128,0,0,87,7,94,64,36,101,21,222,124,10,134,356
07/26/2015,TUS,AZ,AWP,WE,Towers with Radar,69,39,25,7,140,0,12,61,7,80,69,51,86,14,220,40,2,42,262
07/27/2015,TUS,AZ,AWP,WE,Towers with Radar,70,41,24,28,163,0,12,58,17,87,70,53,82,45,250,56,20,76,326
07/28/2015,TUS,AZ,AWP,WE,Towers with Radar,75,47,18,35,175,0,6,49,8,63,75,53,67,43,238,58,20,78,316
07/29/2015,TUS,AZ,AWP,WE,Towers with Radar,72,49,18,43,182,0,5,55,19,79,72,54,73,62,261,116,20,136,397
07/30/2015,TUS,AZ,AWP,WE,Towers with Radar,74,46,36,53,209,0,7,61,24,92,74,53,97,77,301,60,30,90,391
07/31/2015,TUS,AZ,AWP,WE,Towers with Radar,94,46,23,21,184,0,6,77,21,104,94,52,100,42,288,120,38,158,446
08/01/2015,TUS,AZ,AWP,WE,Towers with Radar,64,33,21,31,149,0,6,50,21,77,64,39,71,52,226,34,26,60,286
08/02/2015,TUS,AZ,AWP,WE,Towers with Radar,69,31,35,13,148,0,3,58,15,76,69,34,93,28,224,38,10,48,272
08/03/2015,TUS,AZ,AWP,WE,Towers with Radar,72,51,13,10,146,0,7,56,2,65,72,58,69,12,211,100,2,102,313
08/04/2015,TUS,AZ,AWP,WE,Towers with Radar,78,44,19,35,176,0,7,60,32,99,78,51,79,67,275,86,20,106,381
08/05/2015,TUS,AZ,AWP,WE,Towers with Radar,69,49,20,33,171,0,8,63,37,108,69,57,83,70,279,116,58,174,453
08/06/2015,TUS,AZ,AWP,WE,Towers with Radar,77,44,27,33,181,0,7,38,23,68,77,51,65,56,249,64,28,92,341
08/07/2015,TUS,AZ,AWP,WE,Towers with Radar,79,51,26,43,199,0,4,60,16,80,79,55,86,59,279,116,32,148,427
08/08/2015,TUS,AZ,AWP,WE,Towers with Radar,61,43,30,4,138,0,5,59,4,68,61,48,89,8,206,64,0,64,270
08/09/2015,TUS,AZ,AWP,WE,Towers with Radar,75,38,26,0,139,0,4,78,0,82,75,42,104,0,221,26,2,28,249
08/10/2015,TUS,AZ,AWP,WE,Towers with Radar,70,42,23,42,177,0,8,46,21,75,70,50,69,63,252,106,38,144,396
08/11/2015,TUS,AZ,AWP,WE,Towers with Radar,88,48,28,33,197,0,3,39,17,59,88,51,67,50,256,80,38,118,374
08/12/2015,TUS,AZ,AWP,WE,Towers with Radar,70,49,27,33,179,0,4,85,24,113,70,53,112,57,292,116,14,130,422
08/13/2015,TUS,AZ,AWP,WE,Towers with Radar,72,52,26,49,199,0,7,69,33,109,72,59,95,82,308,162,58,220,528
08/14/2015,TUS,AZ,AWP,WE,Towers with Radar,73,55,24,22,174,0,7,79,17,103,73,62,103,39,277,110,20,130,407
08/15/2015,TUS,AZ,AWP,WE,Towers with Radar,60,44,26,0,130,0,7,89,2,98,60,51,115,2,228,72,0,72,300
08/16/2015,TUS,AZ,AWP,WE,Towers with Radar,67,37,18,7,129,0,3,51,3,57,67,40,69,10,186,48,6,54,240
08/17/2015,TUS,AZ,AWP,WE,Towers with Radar,64,49,37,45,195,0,14,69,24,107,64,63,106,69,302,74,28,102,404
08/18/2015,TUS,AZ,AWP,WE,Towers with Radar,69,43,25,45,182,0,6,84,20,110,69,49,109,65,292,50,26,76,368
08/19/2015,TUS,AZ,AWP,WE,Towers with Radar,70,41,29,38,178,0,6,80,34,120,70,47,109,72,298,124,34,158,456
08/20/2015,TUS,AZ,AWP,WE,Towers with Radar,68,51,33,30,182,0,8,82,17,107,68,59,115,47,289,126,18,144,433
08/21/2015,TUS,AZ,AWP,WE,Towers with Radar,71,44,24,5,144,0,4,82,9,95,71,48,106,14,239,148,6,154,393
08/22/2015,TUS,AZ,AWP,WE,Towers with Radar,63,36,24,9,132,0,1,82,3,86,63,37,106,12,218,76,6,82,300
08/23/2015,TUS,AZ,AWP,WE,Towers with Radar,64,40,26,1,131,0,6,50,6,62,64,46,76,7,193,62,0,62,255
08/24/2015,TUS,AZ,AWP,WE,Towers with Radar,66,47,25,37,175,0,4,44,19,67,66,51,69,56,242,38,22,60,302
08/25/2015,TUS,AZ,AWP,WE,Towers with Radar,67,31,27,37,162,0,6,59,35,100,67,37,86,72,262,180,38,218,480
08/26/2015,TUS,AZ,AWP,WE,Towers with Radar,66,43,23,53,185,0,10,58,18,86,66,53,81,71,271,180,60,240,511
08/27/2015,TUS,AZ,AWP,WE,Towers with Radar,75,46,17,44,182,0,17,62,30,109,75,63,79,74,291,114,54,168,459
08/28/2015,TUS,AZ,AWP,WE,Towers with Radar,70,46,31,56,203,0,8,101,32,141,70,54,132,88,344,98,52,150,494
08/29/2015,TUS,AZ,AWP,WE,Towers with Radar,58,33,21,1,113,0,9,79,2,90,58,42,100,3,203,116,0,116,319
08/30/2015,TUS,AZ,AWP,WE,Towers with Radar,61,45,28,11,145,0,4,66,3,73,61,49,94,14,218,50,6,56,274
08/31/2015,TUS,AZ,AWP,WE,Towers with Radar,79,55,32,24,190,0,4,68,19,91,79,59,100,43,281,78,8,86,367
09/01/2015,TUS,AZ,AWP,WE,Towers with Radar,66,39,20,45,170,0,4,69,30,103,66,43,89,75,273,130,40,170,443
09/02/2015,TUS,AZ,AWP,WE,Towers with Radar,69,47,40,55,211,0,5,91,23,119,69,52,131,78,330,152,52,204,534
09/03/2015,TUS,AZ,AWP,WE,Towers with Radar,71,41,27,26,165,0,5,58,23,86,71,46,85,49,251,88,36,124,375
09/04/2015,TUS,AZ,AWP,WE,Towers with Radar,69,50,31,1,151,0,6,64,1,71,69,56,95,2,222,82,0,82,304
09/05/2015,TUS,AZ,AWP,WE,Towers with Radar,51,36,17,2,106,0,5,64,2,71,51,41,81,4,177,56,0,56,233
09/06/2015,TUS,AZ,AWP,WE,Towers with Radar,53,29,21,1,104,0,6,68,5,79,53,35,89,6,183,38,0,38,221
09/07/2015,TUS,AZ,AWP,WE,Towers with Radar,62,36,31,0,129,0,8,80,0,88,62,44,111,0,217,44,0,44,261
09/08/2015,TUS,AZ,AWP,WE,Towers with Radar,62,44,29,50,185,0,18,71,39,128,62,62,100,89,313,102,78,180,493
09/09/2015,TUS,AZ,AWP,WE,Towers with Radar,72,33,32,46,183,0,7,85,25,117,72,40,117,71,300,132,34,166,466
09/10/2015,TUS,AZ,AWP,WE,Towers with Radar,81,37,36,41,195,0,7,46,16,69,81,44,82,57,264,64,42,106,370
09/11/2015,TUS,AZ,AWP,WE,Towers with Radar,76,43,27,40,186,0,6,91,32,129,76,49,118,72,315,66,22,88,403
09/12/2015,TUS,AZ,AWP,WE,Towers with Radar,63,32,17,27,139,0,9,63,27,99,63,41,80,54,238,28,48,76,314
09/13/2015,TUS,AZ,AWP,WE,Towers with Radar,67,39,20,18,144,0,8,53,13,74,67,47,73,31,218,46,26,72,290
09/14/2015,TUS,AZ,AWP,WE,Towers with Radar,78,42,28,1,149,0,19,75,4,98,78,61,103,5,247,86,0,86,333
09/15/2015,TUS,AZ,AWP,WE,Towers with Radar,71,38,29,42,180,0,14,66,23,103,71,52,95,65,283,116,36,152,435
09/16/2015,TUS,AZ,AWP,WE,Towers with Radar,70,32,36,44,182,0,11,66,23,100,70,43,102,67,282,122,40,162,444
09/17/2015,TUS,AZ,AWP,WE,Towers with Radar,73,48,53,53,227,0,18,81,29,128,73,66,134,82,355,182,34,216,571
09/18/2015,TUS,AZ,AWP,WE,Towers with Radar,78,36,39,53,206,0,14,73,22,109,78,50,112,75,315,88,30,118,433
09/19/2015,TUS,AZ,AWP,WE,Towers with Radar,58,27,19,1,105,0,7,88,3,98,58,34,107,4,203,56,0,56,259
09/20/2015,TUS,AZ,AWP,WE,Towers with Radar,70,25,35,2,132,0,6,75,3,84,70,31,110,5,216,72,6,78,294
09/21/2015,TUS,AZ,AWP,WE,Towers with Radar,74,47,37,40,198,0,2,14,1,17,74,49,51,41,215,42,14,56,271
09/22/2015,TUS,AZ,AWP,WE,Towers with Radar,77,46,31,41,195,0,2,47,13,62,77,48,78,54,257,90,42,132,389
09/23/2015,TUS,AZ,AWP,WE,Towers with Radar,65,43,31,58,197,0,4,90,18,112,65,47,121,76,309,132,58,190,499
09/24/2015,TUS,AZ,AWP,WE,Towers with Radar,77,46,47,46,216,0,12,108,11,131,77,58,155,57,347,102,38,140,487
09/25/2015,TUS,AZ,AWP,WE,Towers with Radar,81,47,49,5,182,0,13,94,3,110,81,60,143,8,292,76,2,78,370
09/26/2015,TUS,AZ,AWP,WE,Towers with Radar,61,50,40,0,151,0,5,91,0,96,61,55,131,0,247,42,0,42,289
09/27/2015,TUS,AZ,AWP,WE,Towers with Radar,76,38,31,0,145,0,2,71,0,73,76,40,102,0,218,96,0,96,314
09/28/2015,TUS,AZ,AWP,WE,Towers with Radar,72,47,25,38,182,0,8,67,20,95,72,55,92,58,277,122,10,132,409
09/29/2015,TUS,AZ,AWP,WE,Towers with Radar,72,34,36,38,180,0,13,78,29,120,72,47,114,67,300,104,16,120,420
09/30/2015,TUS,AZ,AWP,WE,Towers with Radar,67,43,20,36,166,0,15,85,35,135,67,58,105,71,301,100,36,136,437
10/01/2015,TUS,AZ,AWP,WE,Towers with Radar,77,41,31,37,186,0,13,69,19,101,77,54,100,56,287,106,30,136,423
10/02/2015,TUS,AZ,AWP,WE,Towers with Radar,79,45,27,39,190,0,6,93,18,117,79,51,120,57,307,76,14,90,397
10/03/2015,TUS,AZ,AWP,WE,Towers with Radar,64,37,30,26,157,0,7,103,19,129,64,44,133,45,286,66,4,70,356
10/04/2015,TUS,AZ,AWP,WE,Towers with Radar,75,36,34,25,170,1,2,52,7,62,76,38,86,32,232,38,10,48,280
10/05/2015,TUS,AZ,AWP,WE,Towers with Radar,75,47,22,9,153,0,2,44,1,47,75,49,66,10,200,30,10,40,240
10/06/2015,TUS,AZ,AWP,WE,Towers with Radar,88,39,31,24,182,0,11,65,17,93,88,50,96,41,275,36,10,46,321
10/07/2015,TUS,AZ,AWP,WE,Towers with Radar,82,46,27,46,201,0,10,58,26,94,82,56,85,72,295,60,20,80,375
10/08/2015,TUS,AZ,AWP,WE,Towers with Radar,82,44,50,63,239,0,7,106,25,138,82,51,156,88,377,112,30,142,519
10/09/2015,TUS,AZ,AWP,WE,Towers with Radar,85,62,49,43,239,0,5,92,14,111,85,67,141,57,350,44,26,70,420
10/10/2015,TUS,AZ,AWP,WE,Towers with Radar,70,39,21,1,131,0,12,92,1,105,70,51,113,2,236,112,0,112,348
10/11/2015,TUS,AZ,AWP,WE,Towers with Radar,73,49,28,7,157,0,6,90,0,96,73,55,118,7,253,68,2,70,323
10/12/2015,TUS,AZ,AWP,WE,Towers with Radar,82,42,36,1,161,0,9,92,1,102,82,51,128,2,263,112,0,112,375
10/13/2015,TUS,AZ,AWP,WE,Towers with Radar,82,38,32,45,197,0,5,74,26,105,82,43,106,71,302,86,20,106,408
10/14/2015,TUS,AZ,AWP,WE,Towers with Radar,82,35,35,61,213,0,12,82,28,122,82,47,117,89,335,104,48,152,487
10/15/2015,TUS,AZ,AWP,WE,Towers with Radar,86,46,45,59,236,0,16,52,24,92,86,62,97,83,328,102,58,160,488
10/16/2015,TUS,AZ,AWP,WE,Towers with Radar,80,60,45,32,217,0,8,60,23,91,80,68,105,55,308,62,20,82,390
10/17/2015,TUS,AZ,AWP,WE,Towers with Radar,69,38,22,0,129,0,5,117,0,122,69,43,139,0,251,20,0,20,271
10/18/2015,TUS,AZ,AWP,WE,Towers with Radar,78,43,47,7,175,0,2,75,4,81,78,45,122,11,256,48,0,48,304
10/19/2015,TUS,AZ,AWP,WE,Towers with Radar,77,40,48,51,216,0,3,88,12,103,77,43,136,63,319,90,38,128,447
10/20/2015,TUS,AZ,AWP,WE,Towers with Radar,82,46,59,33,220,0,4,50,35,89,82,50,109,68,309,68,32,100,409
10/21/2015,TUS,AZ,AWP,WE,Towers with Radar,80,54,52,38,224,0,7,54,10,71,80,61,106,48,295,88,16,104,399
10/22/2015,TUS,AZ,AWP,WE,Towers with Radar,85,42,61,42,230,0,17,108,34,159,85,59,169,76,389,86,64,150,539
10/23/2015,TUS,AZ,AWP,WE,Towers with Radar,76,40,38,20,174,0,8,88,8,104,76,48,126,28,278,120,16,136,414
10/24/2015,TUS,AZ,AWP,WE,Towers with Radar,66,44,48,12,170,1,9,146,11,167,67,53,194,23,337,98,24,122,459
10/25/2015,TUS,AZ,AWP,WE,Towers with Radar,45,23,19,3,90,0,0,8,1,9,45,23,27,4,99,124,2,126,225
10/26/2015,TUS,AZ,AWP,WE,Towers with Radar,80,44,45,55,224,0,10,58,30,98,80,54,103,85,322,122,30,152,474
10/27/2015,TUS,AZ,AWP,WE,Towers with Radar,86,39,36,66,227,0,14,74,30,118,86,53,110,96,345,114,44,158,503
10/28/2015,TUS,AZ,AWP,WE,Towers with Radar,85,33,41,68,227,0,14,73,15,102,85,47,114,83,329,66,32,98,427
10/29/2015,TUS,AZ,AWP,WE,Towers with Radar,88,58,36,36,218,0,6,48,15,69,88,64,84,51,287,42,52,94,381
10/30/2015,TUS,AZ,AWP,WE,Towers with Radar,84,42,45,31,202,0,12,42,10,64,84,54,87,41,266,48,32,80,346
10/31/2015,TUS,AZ,AWP,WE,Towers with Radar,67,28,20,20,135,0,18,104,5,127,67,46,124,25,262,52,14,66,328
11/01/2015,TUS,AZ,AWP,WE,Towers with Radar,81,43,31,5,160,0,6,86,2,94,81,49,117,7,254,96,0,96,350
11/02/2015,TUS,AZ,AWP,WE,Towers with Radar,85,45,40,43,213,0,10,87,18,115,85,55,127,61,328,112,18,130,458
11/03/2015,TUS,AZ,AWP,WE,Towers with Radar,87,33,40,35,195,0,12,36,12,60,87,45,76,47,255,2,24,26,281
11/04/2015,TUS,AZ,AWP,WE,Towers with Radar,92,39,31,47,209,0,12,27,25,64,92,51,58,72,273,44,46,90,363
11/05/2015,TUS,AZ,AWP,WE,Towers with Radar,89,42,40,56,227,0,21,89,19,129,89,63,129,75,356,86,66,152,508
11/06/2015,TUS,AZ,AWP,WE,Towers with Radar,92,45,39,49,225,0,18,90,22,130,92,63,129,71,355,74,36,110,465
11/07/2015,TUS,AZ,AWP,WE,Towers with Radar,79,37,24,37,177,0,13,109,31,153,79,50,133,68,330,60,24,84,414
11/08/2015,TUS,AZ,AWP,WE,Towers with Radar,76,41,36,19,172,0,12,112,11,135,76,53,148,30,307,48,10,58,365
11/09/2015,TUS,AZ,AWP,WE,Towers with Radar,79,49,43,5,176,0,14,79,16,109,79,63,122,21,285,124,6,130,415
11/10/2015,TUS,AZ,AWP,WE,Towers with Radar,89,42,40,47,218,0,7,49,22,78,89,49,89,69,296,38,18,56,352
11/11/2015,TUS,AZ,AWP,WE,Towers with Radar,82,31,24,3,140,0,7,86,4,97,82,38,110,7,237,108,0,108,345
11/12/2015,TUS,AZ,AWP,WE,Towers with Radar,89,45,40,53,227,0,14,96,37,147,89,59,136,90,374,78,40,118,492
11/13/2015,TUS,AZ,AWP,WE,Towers with Radar,87,44,40,56,227,0,17,104,30,151,87,61,144,86,378,72,38,110,488
11/14/2015,TUS,AZ,AWP,WE,Towers with Radar,78,48,28,12,166,0,9,116,4,129,78,57,144,16,295,78,8,86,381
11/15/2015,TUS,AZ,AWP,WE,Towers with Radar,78,46,40,3,167,0,3,60,1,64,78,49,100,4,231,44,0,44,275
11/16/2015,TUS,AZ,AWP,WE,Towers with Radar,84,50,25,56,215,0,7,15,17,39,84,57,40,73,254,0,50,50,304
11/17/2015,TUS,AZ,AWP,WE,Towers with Radar,90,46,78,47,261,0,14,84,21,119,90,60,162,68,380,90,44,134,514
11/18/2015,TUS,AZ,AWP,WE,Towers with Radar,89,46,79,58,272,0,16,102,38,156,89,62,181,96,428,68,60,128,556
11/19/2015,TUS,AZ,AWP,WE,Towers with Radar,92,50,64,54,260,0,11,93,20,124,92,61,157,74,384,72,40,112,496
11/20/2015,TUS,AZ,AWP,WE,Towers with Radar,83,43,58,35,219,0,8,137,20,165,83,51,195,55,384,100,16,116,500
11/21/2015,TUS,AZ,AWP,WE,Towers with Radar,79,51,49,8,187,0,12,88,6,106,79,63,137,14,293,64,2,66,359
11/22/2015,TUS,AZ,AWP,WE,Towers with Radar,75,56,44,3,178,0,6,92,3,101,75,62,136,6,279,12,0,12,291
11/23/2015,TUS,AZ,AWP,WE,Towers with Radar,82,39,50,51,222,0,15,74,19,108,82,54,124,70,330,92,32,124,454
11/24/2015,TUS,AZ,AWP,WE,Towers with Radar,90,36,50,64,240,0,6,101,25,132,90,42,151,89,372,106,26,132,504
11/25/2015,TUS,AZ,AWP,WE,Towers with Radar,103,41,61,25,230,0,9,79,10,98,103,50,140,35,328,84,16,100,428
11/26/2015,TUS,AZ,AWP,WE,Towers with Radar,65,23,19,2,109,0,4,33,0,37,65,27,52,2,146,14,0,14,160
11/27/2015,TUS,AZ,AWP,WE,Towers with Radar,73,29,30,0,132,0,4,78,0,82,73,33,108,0,214,44,0,44,258
11/28/2015,TUS,AZ,AWP,WE,Towers with Radar,97,46,34,1,178,0,4,95,0,99,97,50,129,1,277,116,0,116,393
11/29/2015,TUS,AZ,AWP,WE,Towers with Radar,107,53,44,1,205,0,10,106,0,116,107,63,150,1,321,30,0,30,351
11/30/2015,TUS,AZ,AWP,WE,Towers with Radar,111,46,42,37,236,0,10,81,25,116,111,56,123,62,352,68,20,88,440
12/01/2015,TUS,AZ,AWP,WE,Towers with Radar,87,32,30,33,182,0,11,69,19,99,87,43,99,52,281,130,18,148,429
12/02/2015,TUS,AZ,AWP,WE,Towers with Radar,82,53,38,43,216,0,7,82,24,113,82,60,120,67,329,66,48,114,443
12/03/2015,TUS,AZ,AWP,WE,Towers with Radar,93,45,36,63,237,0,13,94,29,136,93,58,130,92,373,66,54,120,493
12/04/2015,TUS,AZ,AWP,WE,Towers with Radar,95,52,27,42,216,0,14,127,31,172,95,66,154,73,388,100,32,132,520
12/05/2015,TUS,AZ,AWP,WE,Towers with Radar,83,23,30,40,176,0,10,185,21,216,83,33,215,61,392,84,56,140,532
12/06/2015,TUS,AZ,AWP,WE,Towers with Radar,84,45,13,25,167,0,5,58,16,79,84,50,71,41,246,40,30,70,316
12/07/2015,TUS,AZ,AWP,WE,Towers with Radar,85,37,27,12,161,0,6,68,14,88,85,43,95,26,249,80,6,86,335
12/08/2015,TUS,AZ,AWP,WE,Towers with Radar,84,38,38,53,213,0,17,76,34,127,84,55,114,87,340,126,32,158,498
12/09/2015,TUS,AZ,AWP,WE,Towers with Radar,89,33,35,47,204,0,5,100,32,137,89,38,135,79,341,60,26,86,427
12/10/2015,TUS,AZ,AWP,WE,Towers with Radar,89,38,42,61,230,0,7,103,35,145,89,45,145,96,375,110,30,140,515
12/11/2015,TUS,AZ,AWP,WE,Towers with Radar,89,38,31,53,211,0,12,61,31,104,89,50,92,84,315,44,38,82,397
12/12/2015,TUS,AZ,AWP,WE,Towers with Radar,83,35,23,3,144,0,4,116,0,120,83,39,139,3,264,66,0,66,330
12/13/2015,TUS,AZ,AWP,WE,Towers with Radar,90,44,41,1,176,0,13,79,4,96,90,57,120,5,272,46,0,46,318
12/14/2015,TUS,AZ,AWP,WE,Towers with Radar,81,37,33,65,216,0,0,37,24,61,81,37,70,89,277,30,48,78,355
12/15/2015,TUS,AZ,AWP,WE,Towers with Radar,77,32,60,61,230,0,7,60,30,97,77,39,120,91,327,82,62,144,471
12/16/2015,TUS,AZ,AWP,WE,Towers with Radar,90,40,31,57,218,0,11,80,29,120,90,51,111,86,338,40,64,104,442
12/17/2015,TUS,AZ,AWP,WE,Towers with Radar,103,44,20,63,230,0,11,78,32,121,103,55,98,95,351,40,20,60,411
12/18/2015,TUS,AZ,AWP,WE,Towers with Radar,109,41,53,39,242,0,9,102,34,145,109,50,155,73,387,86,30,116,503
12/19/2015,TUS,AZ,AWP,WE,Towers with Radar,111,38,46,5,200,0,7,88,6,101,111,45,134,11,301,70,0,70,371
12/20/2015,TUS,AZ,AWP,WE,Towers with Radar,103,28,31,5,167,0,6,84,1,91,103,34,115,6,258,82,0,82,340
12/21/2015,TUS,AZ,AWP,WE,Towers with Radar,113,36,24,44,217,0,4,74,26,104,113,40,98,70,321,50,40,90,411
12/22/2015,TUS,AZ,AWP,WE,Towers with Radar,119,40,29,56,244,0,6,60,10,76,119,46,89,66,320,66,30,96,416
12/23/2015,TUS,AZ,AWP,WE,Towers with Radar,119,45,28,27,219,0,7,38,21,66,119,52,66,48,285,24,40,64,349
12/24/2015,TUS,AZ,AWP,WE,Towers with Radar,113,35,15,1,164,0,3,43,3,49,113,38,58,4,213,42,0,42,255
12/25/2015,TUS,AZ,AWP,WE,Towers with Radar,91,34,8,0,133,0,4,10,0,14,91,38,18,0,147,8,0,8,155
12/26/2015,TUS,AZ,AWP,WE,Towers with Radar,109,49,34,1,193,0,14,23,1,38,109,63,57,2,231,24,0,24,255
12/27/2015,TUS,AZ,AWP,WE,Towers with Radar,101,46,53,3,203,0,7,62,7,76,101,53,115,10,279,40,0,40,319
12/28/2015,TUS,AZ,AWP,WE,Towers with Radar,103,34,30,35,202,0,22,87,19,128,103,56,117,54,330,8,24,32,362
12/29/2015,TUS,AZ,AWP,WE,Towers with Radar,103,48,45,27,223,0,10,71,17,98,103,58,116,44,321,44,34,78,399
12/30/2015,TUS,AZ,AWP,WE,Towers with Radar,125,40,30,26,221,0,9,109,12,130,125,49,139,38,351,58,16,74,425
12/31/2015,TUS,AZ,AWP,WE,Towers with Radar,107,29,33,2,171,0,18,73,0,91,107,47,106,2,262,56,2,58,320
01/01/2016,TUS,AZ,AWP,WE,Towers with Radar,103,28,18,0,149,0,4,43,0,47,103,32,61,0,196,20,0,20,216
01/02/2016,TUS,AZ,AWP,WE,Towers with Radar,109,32,26,1,168,0,14,45,3,62,109,46,71,4,230,42,0,42,272
01/03/2016,TUS,AZ,AWP,WE,Towers with Radar,115,40,34,1,190,0,16,48,1,65,115,56,82,2,255,58,0,58,313
01/04/2016,TUS,AZ,AWP,WE,Towers with Radar,115,41,35,21,212,0,2,5,12,19,115,43,40,33,231,18,30,48,279
01/05/2016,TUS,AZ,AWP,WE,Towers with Radar,111,39,43,46,239,0,6,51,21,78,111,45,94,67,317,58,80,138,455
01/06/2016,TUS,AZ,AWP,WE,Towers with Radar,106,34,38,54,232,0,11,36,26,73,106,45,74,80,305,86,36,122,427
01/07/2016,TUS,AZ,AWP,WE,Towers with Radar,109,31,34,47,221,0,1,18,5,24,109,32,52,52,245,36,30,66,311
01/08/2016,TUS,AZ,AWP,WE,Towers with Radar,117,39,22,80,258,0,8,37,34,79,117,47,59,114,337,90,28,118,455
01/09/2016,TUS,AZ,AWP,WE,Towers with Radar,101,40,33,46,220,0,5,115,33,153,101,45,148,79,373,78,40,118,491
01/10/2016,TUS,AZ,AWP,WE,Towers with Radar,102,42,49,25,218,0,2,56,14,72,102,44,105,39,290,52,52,104,394
01/11/2016,TUS,AZ,AWP,WE,Towers with Radar,115,35,32,8,190,0,4,100,4,108,115,39,132,12,298,98,4,102,400
01/12/2016,TUS,AZ,AWP,WE,Towers with Radar,113,38,36,41,228,0,7,93,29,129,113,45,129,70,357,26,20,46,403
01/13/2016,TUS,AZ,AWP,WE,Towers with Radar,106,37,41,38,222,0,6,70,34,110,106,43,111,72,332,56,22,78,410
01/14/2016,TUS,AZ,AWP,WE,Towers with Radar,116,34,49,50,249,0,13,100,34,147,116,47,149,84,396,116,48,164,560
01/15/2016,TUS,AZ,AWP,WE,Towers with Radar,113,31,43,53,240,0,17,79,24,120,113,48,122,77,360,20,60,80,440
01/16/2016,TUS,AZ,AWP,WE,Towers with Radar,102,39,34,2,177,0,9,107,4,120,102,48,141,6,297,82,0,82,379
01/17/2016,TUS,AZ,AWP,WE,Towers with Radar,94,30,31,2,157,0,7,85,4,96,94,37,116,6,253,56,2,58,311
01/18/2016,TUS,AZ,AWP,WE,Towers with Radar,107,32,54,5,198,0,2,115,6,123,107,34,169,11,321,108,2,110,431
01/19/2016,TUS,AZ,AWP,WE,Towers with Radar,101,23,37,53,214,0,13,93,20,126,101,36,130,73,340,118,24,142,482
01/20/2016,TUS,AZ,AWP,WE,Towers with Radar,99,29,35,50,213,0,11,62,22,95,99,40,97,72,308,128,20,148,456
01/21/2016,TUS,AZ,AWP,WE,Towers with Radar,116,30,47,45,238,0,14,94,35,143,116,44,141,80,381,90,38,128,509
01/22/2016,TUS,AZ,AWP,WE,Towers with Radar,109,44,33,65,251,0,9,99,24,132,109,53,132,89,383,152,64,216,599
01/23/2016,TUS,AZ,AWP,WE,Towers with Radar,100,39,12,7,158,0,10,141,1,152,100,49,153,8,310,70,6,76,386
01/24/2016,TUS,AZ,AWP,WE,Towers with Radar,94,27,32,9,162,0,2,95,2,99,94,29,127,11,261,58,18,76,337
01/25/2016,TUS,AZ,AWP,WE,Towers with Radar,106,31,30,47,214,0,7,71,26,104,106,38,101,73,318,128,52,180,498
01/26/2016,TUS,AZ,AWP,WE,Towers with Radar,101,31,26,46,204,0,5,75,27,107,101,36,101,73,311,138,54,192,503
01/27/2016,TUS,AZ,AWP,WE,Towers with Radar,100,30,22,65,217,0,3,72,17,92,100,33,94,82,309,120,54,174,483
01/28/2016,TUS,AZ,AWP,WE,Towers with Radar,118,40,64,45,267,0,8,103,33,144,118,48,167,78,411,98,14,112,523
01/29/2016,TUS,AZ,AWP,WE,Towers with Radar,110,41,32,2,185,0,7,107,4,118,110,48,139,6,303,98,0,98,401
01/30/2016,TUS,AZ,AWP,WE,Towers with Radar,99,39,36,4,178,0,2,159,2,163,99,41,195,6,341,56,0,56,397
01/31/2016,TUS,AZ,AWP,WE,Towers with Radar,90,43,39,9,181,0,2,64,8,74,90,45,103,17,255,40,2,42,297
02/01/2016,TUS,AZ,AWP,WE,Towers with Radar,111,30,31,32,204,0,2,14,25,41,111,32,45,57,245,12,22,34,279
02/02/2016,TUS,AZ,AWP,WE,Towers with Radar,109,36,29,34,208,0,3,60,28,91,109,39,89,62,299,16,26,42,341
02/03/2016,TUS,AZ,AWP,WE,Towers with Radar,114,27,35,52,228,0,5,101,17,123,114,32,136,69,351,100,32,132,483
02/04/2016,TUS,AZ,AWP,WE,Towers with Radar,115,37,41,42,235,0,7,108,20,135,115,44,149,62,370,106,28,134,504
02/05/2016,TUS,AZ,AWP,WE,Towers with Radar,110,46,44,32,232,0,0,98,20,118,110,46,142,52,350,108,44,152,502
02/06/2016,TUS,AZ,AWP,WE,Towers with Radar,97,35,26,11,169,0,11,153,8,172,97,46,179,19,341,92,0,92,433
02/07/2016,TUS,AZ,AWP,WE,Towers with Radar,97,38,29,3,167,0,6,86,4,96,97,44,115,7,263,66,0,66,329
02/08/2016,TUS,AZ,AWP,WE,Towers with Radar,101,50,16,2,169,0,4,67,2,73,101,54,83,4,242,64,0,64,306
02/09/2016,TUS,AZ,AWP,WE,Towers with Radar,108,21,36,41,206,0,1,88,36,125,108,22,124,77,331,50,34,84,415
02/10/2016,TUS,AZ,AWP,WE,Towers with Radar,102,26,48,47,223,0,8,96,22,126,102,34,144,69,349,92,24,116,465
02/11/2016,TUS,AZ,AWP,WE,Towers with Radar,107,30,55,37,229,0,12,118,36,166,107,42,173,73,395,132,30,162,557
02/12/2016,TUS,AZ,AWP,WE,Towers with Radar,109,38,47,51,245,2,9,140,23,174,111,47,187,74,419,130,18,148,567
02/13/2016,TUS,AZ,AWP,WE,Towers with Radar,94,33,18,38,183,0,9,121,23,153,94,42,139,61,336,128,10,138,474
02/14/2016,TUS,AZ,AWP,WE,Towers with Radar,88,35,37,19,179,0,4,109,6,119,88,39,146,25,298,48,6,54,352
02/15/2016,TUS,AZ,AWP,WE,Towers with Radar,105,31,58,4,198,0,8,101,10,119,105,39,159,14,317,76,10,86,403
02/16/2016,TUS,AZ,AWP,WE,Towers with Radar,95,35,37,41,208,0,5,81,20,106,95,40,118,61,314,108,30,138,452
02/17/2016,TUS,AZ,AWP,WE,Towers with Radar,96,35,41,53,225,0,10,81,27,118,96,45,122,80,343,70,44,114,457
02/18/2016,TUS,AZ,AWP,WE,Towers with Radar,103,37,43,67,250,0,3,101,39,143,103,40,144,106,393,54,56,110,503
02/19/2016,TUS,AZ,AWP,WE,Towers with Radar,100,36,35,38,209,0,8,110,33,151,100,44,145,71,360,122,40,162,522
02/20/2016,TUS,AZ,AWP,WE,Towers with Radar,98,40,30,8,176,0,11,120,7,138,98,51,150,15,314,56,6,62,376
02/21/2016,TUS,AZ,AWP,WE,Towers with Radar,94,28,43,5,170,0,11,98,3,112,94,39,141,8,282,10,0,10,292
02/22/2016,TUS,AZ,AWP,WE,Towers with Radar,101,29,43,44,217,0,14,74,33,121,101,43,117,77,338,64,76,140,478
02/23/2016,TUS,AZ,AWP,WE,Towers with Radar,99,31,33,58,221,0,21,86,25,132,99,52,119,83,353,58,46,104,457
02/24/2016,TUS,AZ,AWP,WE,Towers with Radar,95,33,27,54,209,0,21,87,17,125,95,54,114,71,334,20,84,104,438
02/25/2016,TUS,AZ,AWP,WE,Towers with Radar,104,35,28,65,232,0,20,88,40,148,104,55,116,105,380,94,68,162,542
02/26/2016,TUS,AZ,AWP,WE,Towers with Radar,103,32,39,6,180,0,20,102,6,128,103,52,141,12,308,102,0,102,410
02/27/2016,TUS,AZ,AWP,WE,Towers with Radar,96,41,30,4,171,0,13,83,4,100,96,54,113,8,271,70,0,70,341
02/28/2016,TUS,AZ,AWP,WE,Towers with Radar,93,38,55,6,192,0,10,83,7,100,93,48,138,13,292,30,2,32,324
02/29/2016,TUS,AZ,AWP,WE,Towers with Radar,105,33,32,42,212,0,5,63,39,107,105,38,95,81,319,64,60,124,443
03/01/2016,TUS,AZ,AWP,WE,Towers with Radar,103,28,33,55,219,0,7,71,32,110,103,35,104,87,329,124,40,164,493
03/02/2016,TUS,AZ,AWP,WE,Towers with Radar,102,39,40,51,232,0,20,89,28,137,102,59,129,79,369,60,32,92,461
03/03/2016,TUS,AZ,AWP,WE,Towers with Radar,107,36,36,71,250,0,11,77,33,121,107,47,113,104,371,70,46,116,487
03/04/2016,TUS,AZ,AWP,WE,Towers with Radar,103,33,44,47,227,0,8,99,16,123,103,41,143,63,350,80,18,98,448
03/05/2016,TUS,AZ,AWP,WE,Towers with Radar,98,41,35,29,203,0,8,127,11,146,98,49,162,40,349,20,4,24,373
03/06/2016,TUS,AZ,AWP,WE,Towers with Radar,92,44,26,5,167,0,2,42,3,47,92,46,68,8,214,6,6,12,226
03/07/2016,TUS,AZ,AWP,WE,Towers with Radar,99,38,37,5,179,0,8,74,6,88,99,46,111,11,267,44,6,50,317
03/08/2016,TUS,AZ,AWP,WE,Towers with Radar,99,43,33,46,221,0,8,51,30,89,99,51,84,76,310,72,22,94,404
03/09/2016,TUS,AZ,AWP,WE,Towers with Radar,99,41,56,52,248,0,13,103,25,141,99,54,159,77,389,70,26,96,485
03/10/2016,TUS,AZ,AWP,WE,Towers with Radar,102,38,51,53,244,0,13,117,25,155,102,51,168,78,399,54,10,64,463
03/11/2016,TUS,AZ,AWP,WE,Towers with Radar,104,40,37,42,223,0,12,104,21,137,104,52,141,63,360,88,2,90,450
03/12/2016,TUS,AZ,AWP,WE,Towers with Radar,103,49,39,4,195,0,4,68,3,75,103,53,107,7,270,30,0,30,300
03/13/2016,TUS,AZ,AWP,WE,Towers with Radar,99,32,41,0,172,0,14,98,2,114,99,46,139,2,286,42,0,42,328
03/14/2016,TUS,AZ,AWP,WE,Towers with Radar,105,36,44,58,243,0,14,108,21,143,105,50,152,79,386,50,24,74,460
03/15/2016,TUS,AZ,AWP,WE,Towers with Radar,108,44,50,49,251,0,8,90,22,120,108,52,140,71,371,66,52,118,489
03/16/2016,TUS,AZ,AWP,WE,Towers with Radar,107,38,35,45,225,0,9,100,20,129,107,47,135,65,354,118,26,144,498
03/17/2016,TUS,AZ,AWP,WE,Towers with Radar,107,36,51,51,245,0,7,95,25,127,107,43,146,76,372,112,22,134,506
03/18/2016,TUS,AZ,AWP,WE,Towers with Radar,118,34,49,44,245,0,11,96,20,127,118,45,145,64,372,80,24,104,476
03/19/2016,TUS,AZ,AWP,WE,Towers with Radar,103,44,43,16,206,0,15,151,2,168,103,59,194,18,374,32,4,36,410
03/20/2016,TUS,AZ,AWP,WE,Towers with Radar,94,31,32,7,164,0,8,101,4,113,94,39,133,11,277,52,0,52,329
03/21/2016,TUS,AZ,AWP,WE,Towers with Radar,100,40,43,43,226,0,13,73,29,115,100,53,116,72,341,108,44,152,493
03/22/2016,TUS,AZ,AWP,WE,Towers with Radar,108,50,37,41,236,0,12,50,29,91,108,62,87,70,327,32,28,60,387
03/23/2016,TUS,AZ,AWP,WE,Towers with Radar,95,44,23,36,198,0,11,68,19,98,95,55,91,55,296,80,66,146,442
03/24/2016,TUS,AZ,AWP,WE,Towers with Radar,114,36,48,72,270,0,17,110,38,165,114,53,158,110,435,114,62,176,611
03/25/2016,TUS,AZ,AWP,WE,Towers with Radar,109,37,49,12,207,0,16,94,7,117,109,53,143,19,324,0,0,0,324
03/26/2016,TUS,AZ,AWP,WE,Towers with Radar,101,43,33,0,177,0,15,110,1,126,101,58,143,1,303,46,0,46,349
03/27/2016,TUS,AZ,AWP,WE,Towers with Radar,105,40,24,0,169,0,7,73,0,80,105,47,97,0,249,18,0,18,267
03/28/2016,TUS,AZ,AWP,WE,Towers with Radar,102,38,40,60,240,0,2,45,33,80,102,40,85,93,320,8,46,54,374
03/29/2016,TUS,AZ,AWP,WE,Towers with Radar,106,50,35,35,226,0,14,34,31,79,106,64,69,66,305,0,12,12,317
03/30/2016,TUS,AZ,AWP,WE,Towers with Radar,100,41,48,55,244,0,13,98,28,139,100,54,146,83,383,94,42,136,519
03/31/2016,TUS,AZ,AWP,WE,Towers with Radar,106,45,38,43,232,0,9,78,31,118,106,54,116,74,350,84,56,140,490
04/01/2016,TUS,AZ,AWP,WE,Towers with Radar,101,39,41,35,216,0,11,129,21,161,101,50,170,56,377,96,16,112,489
04/02/2016,TUS,AZ,AWP,WE,Towers with Radar,98,45,31,42,216,0,7,156,34,197,98,52,187,76,413,44,66,110,523
04/03/2016,TUS,AZ,AWP,WE,Towers with Radar,102,35,39,20,196,0,9,96,19,124,102,44,135,39,320,28,28,56,376
04/04/2016,TUS,AZ,AWP,WE,Towers with Radar,99,33,36,11,179,0,10,65,3,78,99,43,101,14,257,72,6,78,335
04/05/2016,TUS,AZ,AWP,WE,Towers with Radar,98,33,36,44,211,0,12,72,22,106,98,45,108,66,317,104,42,146,463
04/06/2016,TUS,AZ,AWP,WE,Towers with Radar,95,36,47,51,229,1,15,84,22,122,96,51,131,73,351,102,46,148,499
04/07/2016,TUS,AZ,AWP,WE,Towers with Radar,100,46,47,57,250,0,15,61,30,106,100,61,108,87,356,34,48,82,438
04/08/2016,TUS,AZ,AWP,WE,Towers with Radar,93,41,24,55,213,0,15,83,21,119,93,56,107,76,332,64,18,82,414
04/09/2016,TUS,AZ,AWP,WE,Towers with Radar,94,33,35,1,163,0,15,155,5,175,94,48,190,6,338,88,0,88,426
04/10/2016,TUS,AZ,AWP,WE,Towers with Radar,98,33,36,4,171,0,9,35,0,44,98,42,71,4,215,24,0,24,239
04/11/2016,TUS,AZ,AWP,WE,Towers with Radar,89,44,64,62,259,0,14,87,28,129,89,58,151,90,388,102,44,146,534
04/12/2016,TUS,AZ,AWP,WE,Towers with Radar,93,39,50,50,232,0,35,58,34,127,93,74,108,84,359,72,72,144,503
04/13/2016,TUS,AZ,AWP,WE,Towers with Radar,91,41,48,51,231,0,12,103,35,150,91,53,151,86,381,70,48,118,499
04/14/2016,TUS,AZ,AWP,WE,Towers with Radar,90,41,54,48,233,0,24,61,30,115,90,65,115,78,348,74,44,118,466
04/15/2016,TUS,AZ,AWP,WE,Towers with Radar,93,48,42,42,225,0,5,45,20,70,93,53,87,62,295,18,38,56,351
04/16/2016,TUS,AZ,AWP,WE,Towers with Radar,87,31,29,4,151,0,9,126,2,137,87,40,155,6,288,10,4,14,302
04/17/2016,TUS,AZ,AWP,WE,Towers with Radar,74,33,60,1,168,0,5,92,3,100,74,38,152,4,268,28,4,32,300
04/18/2016,TUS,AZ,AWP,WE,Towers with Radar,94,37,25,42,198,0,14,75,37,126,94,51,100,79,324,62,60,122,446
04/19/2016,TUS,AZ,AWP,WE,Towers with Radar,93,42,41,51,227,0,6,99,29,134,93,48,140,80,361,90,54,144,505
04/20/2016,TUS,AZ,AWP,WE,Towers with Radar,90,43,43,44,220,0,12,102,25,139,90,55,145,69,359,122,58,180,539
04/21/2016,TUS,AZ,AWP,WE,Towers with Radar,93,40,47,32,212,0,13,97,27,137,93,53,144,59,349,66,42,108,457
04/22/2016,TUS,AZ,AWP,WE,Towers with Radar,90,37,27,31,185,0,2,88,7,97,90,39,115,38,282,48,20,68,350
04/23/2016,TUS,AZ,AWP,WE,Towers with Radar,90,31,22,3,146,0,19,96,1,116,90,50,118,4,262,32,0,32,294
04/24/2016,TUS,AZ,AWP,WE,Towers with Radar,89,29,32,5,155,0,14,81,4,99,89,43,113,9,254,26,8,34,288
04/25/2016,TUS,AZ,AWP,WE,Towers with Radar,91,38,24,25,178,0,5,34,23,62,91,43,58,48,240,8,16,24,264
04/26/2016,TUS,AZ,AWP,WE,Towers with Radar,91,35,29,34,189,0,11,74,23,108,91,46,103,57,297,68,12,80,377
04/27/2016,TUS,AZ,AWP,WE,Towers with Radar,91,42,28,40,201,0,9,76,27,112,91,51,104,67,313,56,50,106,419
04/28/2016,TUS,AZ,AWP,WE,Towers with Radar,99,49,29,41,218,0,4,49,21,74,99,53,78,62,292,20,28,48,340
04/29/2016,TUS,AZ,AWP,WE,Towers with Radar,93,45,50,17,205,0,15,110,6,131,93,60,160,23,336,110,12,122,458
04/30/2016,TUS,AZ,AWP,WE,Towers with Radar,88,32,25,0,145,0,2,119,0,121,88,34,144,0,266,12,0,12,278
05/01/2016,TUS,AZ,AWP,WE,Towers with Radar,90,30,36,11,167,0,8,68,6,82,90,38,104,17,249,40,2,42,291
05/02/2016,TUS,AZ,AWP,WE,Towers with Radar,97,38,31,44,210,0,2,97,32,131,97,40,128,76,341,58,58,116,457
05/03/2016,TUS,AZ,AWP,WE,Towers with Radar,95,44,35,38,212,0,8,89,18,115,95,52,124,56,327,36,16,52,379
05/04/2016,TUS,AZ,AWP,WE,Towers with Radar,93,41,50,46,230,0,26,69,39,134,93,67,119,85,364,66,32,98,462
05/05/2016,TUS,AZ,AWP,WE,Towers with Radar,93,34,39,37,203,0,16,47,27,90,93,50,86,64,293,38,58,96,389
05/06/2016,TUS,AZ,AWP,WE,Towers with Radar,94,31,29,1,155,0,11,40,2,53,94,42,69,3,208,94,2,96,304
05/07/2016,TUS,AZ,AWP,WE,Towers with Radar,84,32,33,10,159,0,9,151,3,163,84,41,184,13,322,66,6,72,394
05/08/2016,TUS,AZ,AWP,WE,Towers with Radar,70,23,25,2,120,0,9,51,0,60,70,32,76,2,180,26,0,26,206
05/09/2016,TUS,AZ,AWP,WE,Towers with Radar,91,33,51,60,235,0,14,67,40,121,91,47,118,100,356,50,52,102,458
05/10/2016,TUS,AZ,AWP,WE,Towers with Radar,86,37,34,57,214,0,4,97,27,128,86,41,131,84,342,54,26,80,422
05/11/2016,TUS,AZ,AWP,WE,Towers with Radar,93,32,31,42,198,0,15,95,31,141,93,47,126,73,339,54,26,80,419
05/12/2016,TUS,AZ,AWP,WE,Towers with Radar,92,49,49,34,224,0,11,120,30,161,92,60,169,64,385,58,44,102,487
05/13/2016,TUS,AZ,AWP,WE,Towers with Radar,92,36,38,49,215,0,5,120,15,140,92,41,158,64,355,54,36,90,445
05/14/2016,TUS,AZ,AWP,WE,Towers with Radar,84,35,25,22,166,0,10,150,17,177,84,45,175,39,343,28,10,38,381
05/15/2016,TUS,AZ,AWP,WE,Towers with Radar,83,31,25,20,159,0,8,50,8,66,83,39,75,28,225,2,4,6,231
05/16/2016,TUS,AZ,AWP,WE,Towers with Radar,88,31,34,7,160,0,6,69,10,85,88,37,103,17,245,54,10,64,309
05/17/2016,TUS,AZ,AWP,WE,Towers with Radar,104,36,29,34,203,0,8,58,20,86,104,44,87,54,289,70,14,84,373
05/18/2016,TUS,AZ,AWP,WE,Towers with Radar,87,40,40,36,203,0,6,84,17,107,87,46,124,53,310,32,16,48,358
05/19/2016,TUS,AZ,AWP,WE,Towers with Radar,92,34,37,35,198,0,11,72,30,113,92,45,109,65,311,70,36,106,417
05/20/2016,TUS,AZ,AWP,WE,Towers with Radar,87,35,32,40,194,0,8,79,23,110,87,43,111,63,304,40,24,64,368
05/21/2016,TUS,AZ,AWP,WE,Towers with Radar,83,25,16,2,126,0,9,109,1,119,83,34,125,3,245,32,0,32,277
05/22/2016,TUS,AZ,AWP,WE,Towers with Radar,87,32,24,9,152,0,8,47,4,59,87,40,71,13,211,14,4,18,229
05/23/2016,TUS,AZ,AWP,WE,Towers with Radar,92,33,33,43,201,0,8,76,22,106,92,41,109,65,307,32,52,84,391
05/24/2016,TUS,AZ,AWP,WE,Towers with Radar,87,30,40,64,221,0,16,64,28,108,87,46,104,92,329,42,44,86,415
05/25/2016,TUS,AZ,AWP,WE,Towers with Radar,91,30,29,44,194,0,10,51,31,92,91,40,80,75,286,14,48,62,348
05/26/2016,TUS,AZ,AWP,WE,Towers with Radar,87,36,29,32,184,0,9,85,29,123,87,45,114,61,307,90,36,126,433
05/27/2016,TUS,AZ,AWP,WE,Towers with Radar,88,31,38,18,175,0,4,76,16,96,88,35,114,34,271,114,14,128,399
05/28/2016,TUS,AZ,AWP,WE,Towers with Radar,76,23,14,0,113,0,5,85,0,90,76,28,99,0,203,56,0,56,259
05/29/2016,TUS,AZ,AWP,WE,Towers with Radar,66,23,14,0,103,0,5,61,0,66,66,28,75,0,169,42,0,42,211
05/30/2016,TUS,AZ,AWP,WE,Towers with Radar,86,32,24,1,143,0,0,73,3,76,86,32,97,4,219,8,0,8,227
05/31/2016,TUS,AZ,AWP,WE,Towers with Radar,84,41,33,39,197,0,6,77,21,104,84,47,110,60,301,34,26,60,361
06/01/2016,TUS,AZ,AWP,WE,Towers with Radar,85,37,24,29,175,0,6,53,15,74,85,43,77,44,249,62,12,74,323
06/02/2016,TUS,AZ,AWP,WE,Towers with Radar,92,35,36,33,196,0,13,82,18,113,92,48,118,51,309,30,22,52,361
06/03/2016,TUS,AZ,AWP,WE,Towers with Radar,89,42,30,37,198,0,18,68,21,107,89,60,98,58,305,22,42,64,369
06/04/2016,TUS,AZ,AWP,WE,Towers with Radar,83,40,20,31,174,0,6,65,29,100,83,46,85,60,274,78,34,112,386
06/05/2016,TUS,AZ,AWP,WE,Towers with Radar,81,33,29,10,153,0,21,97,15,133,81,54,126,25,286,42,18,60,346
06/06/2016,TUS,AZ,AWP,WE,Towers with Radar,88,30,44,4,166,0,9,57,3,69,88,39,101,7,235,32,6,38,273
06/07/2016,TUS,AZ,AWP,WE,Towers with Radar,79,32,28,21,160,0,19,69,11,99,79,51,97,32,259,42,28,70,329
06/08/2016,TUS,AZ,AWP,WE,Towers with Radar,86,37,30,37,190,0,5,71,18,94,86,42,101,55,284,64,36,100,384
06/09/2016,TUS,AZ,AWP,WE,Towers with Radar,81,29,29,26,165,0,13,67,22,102,81,42,96,48,267,112,24,136,403
06/10/2016,TUS,AZ,AWP,WE,Towers with Radar,87,47,33,23,190,0,11,70,25,106,87,58,103,48,296,24,42,66,362
06/11/2016,TUS,AZ,AWP,WE,Towers with Radar,73,36,21,0,130,0,14,70,0,84,73,50,91,0,214,70,0,70,284
06/12/2016,TUS,AZ,AWP,WE,Towers with Radar,75,43,33,1,152,0,14,78,2,94,75,57,111,3,246,56,0,56,302
06/13/2016,TUS,AZ,AWP,WE,Towers with Radar,79,41,43,36,199,0,14,74,22,110,79,55,117,58,309,38,30,68,377
06/14/2016,TUS,AZ,AWP,WE,Towers with Radar,91,33,41,38,203,0,14,97,18,129,91,47,138,56,332,100,26,126,458
06/15/2016,TUS,AZ,AWP,WE,Towers with Radar,86,35,33,49,203,0,8,76,27,111,86,43,109,76,314,82,50,132,446
06/16/2016,TUS,AZ,AWP,WE,Towers with Radar,87,36,31,44,198,0,24,71,19,114,87,60,102,63,312,52,16,68,380
06/17/2016,TUS,AZ,AWP,WE,Towers with Radar,83,42,39,12,176,0,21,88,6,115,83,63,127,18,291,24,10,34,325
06/18/2016,TUS,AZ,AWP,WE,Towers with Radar,77,36,20,1,134,0,28,83,2,113,77,64,103,3,247,92,0,92,339
06/19/2016,TUS,AZ,AWP,WE,Towers with Radar,77,39,18,18,152,0,12,59,2,73,77,51,77,20,225,58,4,62,287
06/20/2016,TUS,AZ,AWP,WE,Towers with Radar,87,37,49,43,216,0,7,68,13,88,87,44,117,56,304,70,28,98,402
06/21/2016,TUS,AZ,AWP,WE,Towers with Radar,88,42,45,47,222,0,11,64,28,103,88,53,109,75,325,62,16,78,403
06/22/2016,TUS,AZ,AWP,WE,Towers with Radar,82,43,36,47,208,0,18,69,29,116,82,61,105,76,324,42,30,72,396
06/23/2016,TUS,AZ,AWP,WE,Towers with Radar,85,43,25,50,203,0,12,56,20,88,85,55,81,70,291,34,58,92,383
06/24/2016,TUS,AZ,AWP,WE,Towers with Radar,95,45,26,35,201,0,11,64,15,90,95,56,90,50,291,58,32,90,381
06/25/2016,TUS,AZ,AWP,WE,Towers with Radar,69,29,28,3,129,0,8,82,4,94,69,37,110,7,223,48,2,50,273
06/26/2016,TUS,AZ,AWP,WE,Towers with Radar,77,34,13,6,130,0,4,70,3,77,77,38,83,9,207,40,2,42,249
06/27/2016,TUS,AZ,AWP,WE,Towers with Radar,87,35,43,41,206,0,10,46,31,87,87,45,89,72,293,34,14,48,341
06/28/2016,TUS,AZ,AWP,WE,Towers with Radar,88,49,26,48,211,0,19,67,30,116,88,68,93,78,327,32,30,62,389
06/29/2016,TUS,AZ,AWP,WE,Towers with Radar,84,47,37,57,225,0,9,64,22,95,84,56,101,79,320,58,40,98,418
06/30/2016,TUS,AZ,AWP,WE,Towers with Radar,93,43,39,33,208,0,11,29,23,63,93,54,68,56,271,32,14,46,317
07/01/2016,TUS,AZ,AWP,WE,Towers with Radar,98,43,37,18,196,0,2,58,11,71,98,45,95,29,267,42,8,50,317
07/02/2016,TUS,AZ,AWP,WE,Towers with Radar,67,40,19,6,132,0,15,66,0,81,67,55,85,6,213,74,2,76,289
07/03/2016,TUS,AZ,AWP,WE,Towers with Radar,76,27,10,0,113,0,7,45,4,56,76,34,55,4,169,18,0,18,187
07/04/2016,TUS,AZ,AWP,WE,Towers with Radar,70,33,24,2,129,0,5,37,2,44,70,38,61,4,173,14,0,14,187
07/05/2016,TUS,AZ,AWP,WE,Towers with Radar,80,41,26,5,152,0,16,47,5,68,80,57,73,10,220,46,6,52,272
07/06/2016,TUS,AZ,AWP,WE,Towers with Radar,86,38,24,46,194,0,18,68,25,111,86,56,92,71,305,48,42,90,395
07/07/2016,TUS,AZ,AWP,WE,Towers with Radar,90,38,23,52,203,0,23,61,27,111,90,61,84,79,314,26,28,54,368
07/08/2016,TUS,AZ,AWP,WE,Towers with Radar,87,44,25,44,200,0,22,54,35,111,87,66,79,79,311,70,36,106,417
07/09/2016,TUS,AZ,AWP,WE,Towers with Radar,78,30,19,40,167,0,13,69,17,99,78,43,88,57,266,44,32,76,342
07/10/2016,TUS,AZ,AWP,WE,Towers with Radar,90,33,17,9,149,0,5,62,9,76,90,38,79,18,225,98,4,102,327
07/11/2016,TUS,AZ,AWP,WE,Towers with Radar,87,43,30,11,171,0,11,50,13,74,87,54,80,24,245,56,18,74,319
07/12/2016,TUS,AZ,AWP,WE,Towers with Radar,86,38,24,47,195,0,15,65,21,101,86,53,89,68,296,94,28,122,418
07/13/2016,TUS,AZ,AWP,WE,Towers with Radar,79,41,21,32,173,0,6,50,38,94,79,47,71,70,267,80,10,90,357
07/14/2016,TUS,AZ,AWP,WE,Towers with Radar,87,40,36,41,204,0,18,64,31,113,87,58,100,72,317,84,36,120,437
07/15/2016,TUS,AZ,AWP,WE,Towers with Radar,81,44,48,41,214,0,21,72,25,118,81,65,120,66,332,46,26,72,404
07/16/2016,TUS,AZ,AWP,WE,Towers with Radar,76,44,28,0,148,0,2,80,0,82,76,46,108,0,230,84,0,84,314
07/17/2016,TUS,AZ,AWP,WE,Towers with Radar,81,37,14,2,134,0,6,56,0,62,81,43,70,2,196,12,0,12,208
07/18/2016,TUS,AZ,AWP,WE,Towers with Radar,119,37,33,44,233,0,13,48,19,80,119,50,81,63,313,64,28,92,405
07/19/2016,TUS,AZ,AWP,WE,Towers with Radar,86,35,39,43,203,0,6,71,18,95,86,41,110,61,298,46,60,106,404
07/20/2016,TUS,AZ,AWP,WE,Towers with Radar,82,41,39,63,225,0,6,79,23,108,82,47,118,86,333,46,62,108,441
07/21/2016,TUS,AZ,AWP,WE,Towers with Radar,70,46,34,35,185,0,9,59,23,91,70,55,93,58,276,82,60,142,418
07/22/2016,TUS,AZ,AWP,WE,Towers with Radar,95,51,35,19,200,0,13,75,6,94,95,64,110,25,294,48,14,62,356
07/23/2016,TUS,AZ,AWP,WE,Towers with Radar,70,34,16,9,129,0,9,69,0,78,70,43,85,9,207,106,6,112,319
07/24/2016,TUS,AZ,AWP,WE,Towers with Radar,77,39,26,2,144,0,2,49,2,53,77,41,75,4,197,32,0,32,229
07/25/2016,TUS,AZ,AWP,WE,Towers with Radar,78,49,39,14,180,0,12,46,2,60,78,61,85,16,240,32,14,46,286
07/26/2016,TUS,AZ,AWP,WE,Towers with Radar,77,37,33,42,189,0,12,59,33,104,77,49,92,75,293,24,46,70,363
07/27/2016,TUS,AZ,AWP,WE,Towers with Radar,81,43,39,29,192,0,8,44,32,84,81,51,83,61,276,30,28,58,334
07/28/2016,TUS,AZ,AWP,WE,Towers with Radar,75,48,18,49,190,0,19,65,34,118,75,67,83,83,308,84,24,108,416
07/29/2016,TUS,AZ,AWP,WE,Towers with Radar,101,43,43,45,232,0,2,41,36,79,101,45,84,81,311,40,26,66,377
07/30/2016,TUS,AZ,AWP,WE,Towers with Radar,86,35,21,1,143,0,0,49,5,54,86,35,70,6,197,60,0,60,257
07/31/2016,TUS,AZ,AWP,WE,Towers with Radar,69,56,19,2,146,0,6,45,10,61,69,62,64,12,207,60,0,60,267
08/01/2016,TUS,AZ,AWP,WE,Towers with Radar,82,44,31,37,194,0,3,25,26,54,82,47,56,63,248,144,16,160,408
08/02/2016,TUS,AZ,AWP,WE,Towers with Radar,107,43,28,50,228,2,3,28,26,59,109,46,56,76,287,52,56,108,395
08/03/2016,TUS,AZ,AWP,WE,Towers with Radar,82,46,34,51,213,0,10,25,35,70,82,56,59,86,283,30,64,94,377
08/04/2016,TUS,AZ,AWP,WE,Towers with Radar,87,47,25,48,207,0,7,39,48,94,87,54,64,96,301,54,70,124,425
08/05/2016,TUS,AZ,AWP,WE,Towers with Radar,98,51,16,64,229,0,8,42,35,85,98,59,58,99,314,54,58,112,426
08/06/2016,TUS,AZ,AWP,WE,Towers with Radar,72,31,12,33,148,0,0,50,41,91,72,31,62,74,239,58,42,100,339
08/07/2016,TUS,AZ,AWP,WE,Towers with Radar,74,39,27,17,157,0,7,54,18,79,74,46,81,35,236,16,10,26,262
08/08/2016,TUS,AZ,AWP,WE,Towers with Radar,71,43,32,6,152,0,3,58,19,80,71,46,90,25,232,78,10,88,320
08/09/2016,TUS,AZ,AWP,WE,Towers with Radar,76,44,22,18,160,0,10,15,11,36,76,54,37,29,196,50,6,56,252
08/10/2016,TUS,AZ,AWP,WE,Towers with Radar,77,46,29,50,202,0,4,35,27,66,77,50,64,77,268,86,38,124,392
08/11/2016,TUS,AZ,AWP,WE,Towers with Radar,80,40,22,36,178,0,15,45,46,106,80,55,67,82,284,36,40,76,360
08/12/2016,TUS,AZ,AWP,WE,Towers with Radar,76,48,42,68,234,0,6,56,36,98,76,54,98,104,332,34,62,96,428
08/13/2016,TUS,AZ,AWP,WE,Towers with Radar,69,34,31,1,135,0,9,58,5,72,69,43,89,6,207,70,0,70,277
08/14/2016,TUS,AZ,AWP,WE,Towers with Radar,73,41,27,0,141,0,1,51,14,66,73,42,78,14,207,38,0,38,245
08/15/2016,TUS,AZ,AWP,WE,Towers with Radar,76,46,24,35,181,0,14,35,24,73,76,60,59,59,254,22,46,68,322
08/16/2016,TUS,AZ,AWP,WE,Towers with Radar,75,51,29,24,179,0,6,51,28,85,75,57,80,52,264,88,26,114,378
08/17/2016,TUS,AZ,AWP,WE,Towers with Radar,74,53,33,50,210,0,10,53,32,95,74,63,86,82,305,74,42,116,421
08/18/2016,TUS,AZ,AWP,WE,Towers with Radar,72,52,29,35,188,0,9,35,28,72,72,61,64,63,260,64,10,74,334
08/19/2016,TUS,AZ,AWP,WE,Towers with Radar,70,51,24,46,191,0,3,52,24,79,70,54,76,70,270,32,20,52,322
08/20/2016,TUS,AZ,AWP,WE,Towers with Radar,63,35,20,4,122,0,1,57,12,70,63,36,77,16,192,50,2,52,244
08/21/2016,TUS,AZ,AWP,WE,Towers with Radar,87,44,13,0,144,0,0,62,16,78,87,44,75,16,222,64,0,64,286
08/22/2016,TUS,AZ,AWP,WE,Towers with Radar,77,49,40,34,200,0,11,58,27,96,77,60,98,61,296,146,24,170,466
08/23/2016,TUS,AZ,AWP,WE,Towers with Radar,71,45,22,26,164,0,20,50,31,101,71,65,72,57,265,74,40,114,379
08/24/2016,TUS,AZ,AWP,WE,Towers with Radar,109,47,32,40,228,0,4,55,26,85,109,51,87,66,313,54,30,84,397
08/25/2016,TUS,AZ,AWP,WE,Towers with Radar,78,52,35,41,206,0,6,57,47,110,78,58,92,88,316,112,26,138,454
08/26/2016,TUS,AZ,AWP,WE,Towers with Radar,85,40,41,11,177,0,8,63,22,93,85,48,104,33,270,16,28,44,314
08/27/2016,TUS,AZ,AWP,WE,Towers with Radar,70,42,23,13,148,0,8,72,20,100,70,50,95,33,248,88,10,98,346
08/28/2016,TUS,AZ,AWP,WE,Towers with Radar,72,37,27,0,136,0,3,45,3,51,72,40,72,3,187,24,0,24,211
08/29/2016,TUS,AZ,AWP,WE,Towers with Radar,76,40,20,35,171,0,6,40,21,67,76,46,60,56,238,26,40,66,304
08/30/2016,TUS,AZ,AWP,WE,Towers with Radar,71,38,29,47,185,0,7,49,36,92,71,45,78,83,277,46,34,80,357
08/31/2016,TUS,AZ,AWP,WE,Towers with Radar,78,38,52,60,228,0,6,42,33,81,78,44,94,93,309,22,50,72,381
09/01/2016,TUS,AZ,AWP,WE,Towers with Radar,82,39,36,39,196,0,5,66,41,112,82,44,102,80,308,32,48,80,388
09/02/2016,TUS,AZ,AWP,WE,Towers with Radar,86,44,50,33,213,0,10,71,33,114,86,54,121,66,327,46,28,74,401
09/03/2016,TUS,AZ,AWP,WE,Towers with Radar,62,28,16,4,110,0,1,43,23,67,62,29,59,27,177,28,2,30,207
09/04/2016,TUS,AZ,AWP,WE,Towers with Radar,62,32,21,1,116,0,2,32,13,47,62,34,53,14,163,14,0,14,177
09/05/2016,TUS,AZ,AWP,WE,Towers with Radar,79,37,34,0,150,1,7,51,14,73,80,44,85,14,223,28,16,44,267
09/06/2016,TUS,AZ,AWP,WE,Towers with Radar,79,33,18,34,164,0,6,29,33,68,79,39,47,67,232,34,44,78,310
09/07/2016,TUS,AZ,AWP,WE,Towers with Radar,77,36,29,23,165,0,0,0,2,2,77,36,29,25,167,2,14,16,183
09/08/2016,TUS,AZ,AWP,WE,Towers with Radar,84,44,34,45,207,0,4,42,43,89,84,48,76,88,296,26,48,74,370
09/09/2016,TUS,AZ,AWP,WE,Towers with Radar,81,38,33,38,190,0,2,66,39,107,81,40,99,77,297,90,30,120,417
09/10/2016,TUS,AZ,AWP,WE,Towers with Radar,69,38,16,24,147,0,11,63,20,94,69,49,79,44,241,24,0,24,265
09/11/2016,TUS,AZ,AWP,WE,Towers with Radar,73,35,16,22,146,0,4,51,16,71,73,39,67,38,217,12,0,12,229
09/12/2016,TUS,AZ,AWP,WE,Towers with Radar,75,38,18,16,147,0,3,29,11,43,75,41,47,27,190,8,12,20,210
09/13/2016,TUS,AZ,AWP,WE,Towers with Radar,69,38,22,48,177,0,3,37,25,65,69,41,59,73,242,34,14,48,290
09/14/2016,TUS,AZ,AWP,WE,Towers with Radar,75,41,50,49,215,0,8,76,30,114,75,49,126,79,329,40,14,54,383
09/15/2016,TUS,AZ,AWP,WE,Towers with Radar,88,43,47,46,224,0,15,55,27,97,88,58,102,73,321,40,8,48,369
09/16/2016,TUS,AZ,AWP,WE,Towers with Radar,89,35,50,47,221,0,6,92,18,116,89,41,142,65,337,64,36,100,437
09/17/2016,TUS,AZ,AWP,WE,Towers with Radar,77,16,29,8,130,0,6,50,19,75,77,22,79,27,205,90,0,90,295
09/18/2016,TUS,AZ,AWP,WE,Towers with Radar,73,38,38,0,149,0,11,44,15,70,73,49,82,15,219,44,0,44,263
09/19/2016,TUS,AZ,AWP,WE,Towers with Radar,81,32,49,35,197,0,9,58,32,99,81,41,107,67,296,78,20,98,394
09/20/2016,TUS,AZ,AWP,WE,Towers with Radar,80,34,45,44,203,0,11,75,32,118,80,45,120,76,321,76,32,108,429
09/21/2016,TUS,AZ,AWP,WE,Towers with Radar,85,36,45,40,206,0,9,66,31,106,85,45,111,71,312,50,22,72,384
09/22/2016,TUS,AZ,AWP,WE,Towers with Radar,89,38,38,37,202,0,9,73,35,117,89,47,111,72,319,104,40,144,463
09/23/2016,TUS,AZ,AWP,WE,Towers with Radar,90,35,44,14,183,0,2,40,23,65,90,37,84,37,248,44,8,52,300
09/24/2016,TUS,AZ,AWP,WE,Towers with Radar,73,29,30,0,132,0,7,64,12,83,73,36,94,12,215,78,0,78,293
09/25/2016,TUS,AZ,AWP,WE,Towers with Radar,87,40,48,5,180,0,9,73,13,95,87,49,121,18,275,102,0,102,377
09/26/2016,TUS,AZ,AWP,WE,Towers with Radar,85,35,29,36,185,0,9,16,38,63,85,44,45,74,248,10,48,58,306
09/27/2016,TUS,AZ,AWP,WE,Towers with Radar,84,30,16,50,180,0,4,22,35,61,84,34,38,85,241,16,54,70,311
09/28/2016,TUS,AZ,AWP,WE,Towers with Radar,84,35,52,40,211,0,5,52,33,90,84,40,104,73,301,68,30,98,399
09/29/2016,TUS,AZ,AWP,WE,Towers with Radar,108,36,55,53,252,0,3,46,32,81,108,39,101,85,333,38,52,90,423
09/30/2016,TUS,AZ,AWP,WE,Towers with Radar,91,40,53,32,216,0,5,64,23,92,91,45,117,55,308,90,20,110,418
10/01/2016,TUS,AZ,AWP,WE,Towers with Radar,77,22,22,28,149,0,3,137,30,170,77,25,159,58,319,46,18,64,383
10/02/2016,TUS,AZ,AWP,WE,Towers with Radar,103,26,25,12,166,0,9,41,22,72,103,35,66,34,238,36,16,52,290
10/03/2016,TUS,AZ,AWP,WE,Towers with Radar,85,27,35,6,153,0,11,51,17,79,85,38,86,23,232,6,6,12,244
10/04/2016,TUS,AZ,AWP,WE,Towers with Radar,83,29,23,49,184,0,10,60,32,102,83,39,83,81,286,90,20,110,396
10/05/2016,TUS,AZ,AWP,WE,Towers with Radar,84,36,40,32,192,0,10,74,34,118,84,46,114,66,310,80,18,98,408
10/06/2016,TUS,AZ,AWP,WE,Towers with Radar,99,46,43,46,234,0,8,43,36,87,99,54,86,82,321,28,34,62,383
10/07/2016,TUS,AZ,AWP,WE,Towers with Radar,95,52,54,42,243,0,12,69,33,114,95,64,123,75,357,68,28,96,453
10/08/2016,TUS,AZ,AWP,WE,Towers with Radar,78,32,20,10,140,0,3,40,6,49,78,35,60,16,189,52,6,58,247
10/09/2016,TUS,AZ,AWP,WE,Towers with Radar,93,31,24,3,151,0,2,61,8,71,93,33,85,11,222,10,0,10,232
10/10/2016,TUS,AZ,AWP,WE,Towers with Radar,85,30,41,1,157,0,0,56,9,65,85,30,97,10,222,26,0,26,248
10/11/2016,TUS,AZ,AWP,WE,Towers with Radar,92,32,26,35,185,0,5,71,30,106,92,37,97,65,291,66,36,102,393
10/12/2016,TUS,AZ,AWP,WE,Towers with Radar,93,37,21,46,197,1,6,64,30,101,94,43,85,76,298,68,36,104,402
10/13/2016,TUS,AZ,AWP,WE,Towers with Radar,91,38,51,50,230,0,11,64,47,122,91,49,115,97,352,72,50,122,474
10/14/2016,TUS,AZ,AWP,WE,Towers with Radar,97,44,51,36,228,0,3,76,42,121,97,47,127,78,349,58,32,90,439
10/15/2016,TUS,AZ,AWP,WE,Towers with Radar,79,32,32,0,143,0,5,78,28,111,79,37,110,28,254,14,0,14,268
10/16/2016,TUS,AZ,AWP,WE,Towers with Radar,92,36,55,12,195,0,11,63,11,85,92,47,118,23,280,52,6,58,338
10/17/2016,TUS,AZ,AWP,WE,Towers with Radar,91,39,34,35,199,0,15,60,32,107,91,54,94,67,306,14,20,34,340
10/18/2016,TUS,AZ,AWP,WE,Towers with Radar,93,32,36,51,212,0,10,74,44,128,93,42,110,95,340,104,44,148,488
10/19/2016,TUS,AZ,AWP,WE,Towers with Radar,97,41,43,48,229,0,7,79,24,110,97,48,122,72,339,34,32,66,405
10/20/2016,TUS,AZ,AWP,WE,Towers with Radar,99,46,49,55,249,0,14,65,19,98,99,60,114,74,347,48,36,84,431
10/21/2016,TUS,AZ,AWP,WE,Towers with Radar,104,44,37,38,223,0,9,61,19,89,104,53,98,57,312,52,22,74,386
10/22/2016,TUS,AZ,AWP,WE,Towers with Radar,80,35,32,0,147,0,7,129,20,156,80,42,161,20,303,70,0,70,373
10/23/2016,TUS,AZ,AWP,WE,Towers with Radar,95,31,46,0,172,0,12,63,9,84,95,43,109,9,256,36,0,36,292
10/24/2016,TUS,AZ,AWP,WE,Towers with Radar,86,53,43,48,230,0,6,67,21,94,86,59,110,69,324,42,10,52,376
10/25/2016,TUS,AZ,AWP,WE,Towers with Radar,92,38,48,69,247,0,9,67,49,125,92,47,115,118,372,82,56,138,510
10/26/2016,TUS,AZ,AWP,WE,Towers with Radar,89,36,42,44,211,0,9,61,30,100,89,45,103,74,311,46,18,64,375
10/27/2016,TUS,AZ,AWP,WE,Towers with Radar,90,43,29,56,218,0,9,44,24,77,90,52,73,80,295,14,40,54,349
10/28/2016,TUS,AZ,AWP,WE,Towers with Radar,95,52,54,8,209,0,12,37,20,69,95,64,91,28,278,58,4,62,340
10/29/2016,TUS,AZ,AWP,WE,Towers with Radar,77,33,30,0,140,0,2,120,19,141,77,35,150,19,281,26,0,26,307
10/30/2016,TUS,AZ,AWP,WE,Towers with Radar,85,37,19,1,142,0,5,30,17,52,85,42,49,18,194,34,0,34,228
10/31/2016,TUS,AZ,AWP,WE,Towers with Radar,79,28,30,25,162,0,7,38,26,71,79,35,68,51,233,10,6,16,249
11/01/2016,TUS,AZ,AWP,WE,Towers with Radar,89,44,40,31,204,0,4,67,35,106,89,48,107,66,310,46,28,74,384
11/02/2016,TUS,AZ,AWP,WE,Towers with Radar,87,45,42,43,217,0,19,50,31,100,87,64,92,74,317,22,28,50,367
11/03/2016,TUS,AZ,AWP,WE,Towers with Radar,100,58,42,35,235,0,10,27,33,70,100,68,69,68,305,32,16,48,353
11/04/2016,TUS,AZ,AWP,WE,Towers with Radar,103,42,46,42,233,0,24,55,45,124,103,66,101,87,357,50,52,102,459
11/05/2016,TUS,AZ,AWP,WE,Towers with Radar,97,34,21,18,170,0,18,148,20,186,97,52,169,38,356,62,10,72,428
11/06/2016,TUS,AZ,AWP,WE,Towers with Radar,105,27,39,24,195,0,12,88,25,125,105,39,127,49,320,50,14,64,384
11/07/2016,TUS,AZ,AWP,WE,Towers with Radar,99,52,53,4,208,0,15,72,18,105,99,67,125,22,313,120,8,128,441
11/08/2016,TUS,AZ,AWP,WE,Towers with Radar,94,37,30,45,206,0,16,37,31,84,94,53,67,76,290,48,26,74,364
11/09/2016,TUS,AZ,AWP,WE,Towers with Radar,104,40,35,31,210,0,22,33,31,86,104,62,68,62,296,64,14,78,374
11/10/2016,TUS,AZ,AWP,WE,Towers with Radar,102,46,39,47,234,0,12,43,38,93,102,58,82,85,327,52,34,86,413
11/11/2016,TUS,AZ,AWP,WE,Towers with Radar,106,37,44,1,188,0,10,86,7,103,106,47,130,8,291,110,0,110,401
11/12/2016,TUS,AZ,AWP,WE,Towers with Radar,103,23,21,3,150,0,6,69,21,96,103,29,90,24,246,78,2,80,326
11/13/2016,TUS,AZ,AWP,WE,Towers with Radar,101,36,43,1,181,0,7,86,22,115,101,43,129,23,296,56,0,56,352
11/14/2016,TUS,AZ,AWP,WE,Towers with Radar,98,53,47,48,246,0,21,69,33,123,98,74,116,81,369,46,52,98,467
11/15/2016,TUS,AZ,AWP,WE,Towers with Radar,106,43,27,52,228,0,14,52,33,99,106,57,79,85,327,74,44,118,445
11/16/2016,TUS,AZ,AWP,WE,Towers with Radar,102,30,60,41,233,0,14,57,41,112,102,44,117,82,345,48,20,68,413
11/17/2016,TUS,AZ,AWP,WE,Towers with Radar,101,40,73,38,252,0,7,70,32,109,101,47,143,70,361,20,46,66,427
11/18/2016,TUS,AZ,AWP,WE,Towers with Radar,112,39,57,26,234,0,7,102,18,127,112,46,159,44,361,56,10,66,427
11/19/2016,TUS,AZ,AWP,WE,Towers with Radar,108,35,33,2,178,0,11,75,9,95,108,46,108,11,273,52,0,52,325
11/20/2016,TUS,AZ,AWP,WE,Towers with Radar,101,29,41,1,172,0,2,68,13,83,101,31,109,14,255,60,0,60,315
11/21/2016,TUS,AZ,AWP,WE,Towers with Radar,100,24,22,38,184,0,0,17,31,48,100,24,39,69,232,50,12,62,294
11/22/2016,TUS,AZ,AWP,WE,Towers with Radar,111,29,35,56,231,0,2,61,50,113,111,31,96,106,344,56,70,126,470
11/23/2016,TUS,AZ,AWP,WE,Towers with Radar,114,34,44,29,221,0,3,82,34,119,114,37,126,63,340,64,36,100,440
11/24/2016,TUS,AZ,AWP,WE,Towers with Radar,64,13,9,0,86,0,0,28,12,40,64,13,37,12,126,6,0,6,132
11/25/2016,TUS,AZ,AWP,WE,Towers with Radar,86,30,21,0,137,0,10,61,15,86,86,40,82,15,223,26,0,26,249
11/26/2016,TUS,AZ,AWP,WE,Towers with Radar,118,45,27,2,192,0,10,69,21,100,118,55,96,23,292,34,0,34,326
11/27/2016,TUS,AZ,AWP,WE,Towers with Radar,130,52,42,1,225,0,2,67,16,85,130,54,109,17,310,30,0,30,340
11/28/2016,TUS,AZ,AWP,WE,Towers with Radar,111,28,41,61,241,0,5,55,41,101,111,33,96,102,342,46,56,102,444
11/29/2016,TUS,AZ,AWP,WE,Towers with Radar,103,23,26,74,226,0,9,47,47,103,103,32,73,121,329,30,64,94,423
11/30/2016,TUS,AZ,AWP,WE,Towers with Radar,100,24,32,68,224,0,9,76,51,136,100,33,108,119,360,76,50,126,486
12/01/2016,TUS,AZ,AWP,WE,Towers with Radar,101,28,34,59,222,0,6,56,47,109,101,34,90,106,331,78,66,144,475
12/02/2016,TUS,AZ,AWP,WE,Towers with Radar,103,31,52,46,232,0,9,52,39,100,103,40,104,85,332,92,36,128,460
12/03/2016,TUS,AZ,AWP,WE,Towers with Radar,90,27,33,39,189,0,12,143,38,193,90,39,176,77,382,88,50,138,520
12/04/2016,TUS,AZ,AWP,WE,Towers with Radar,100,22,40,21,183,0,3,62,27,92,100,25,102,48,275,90,12,102,377
12/05/2016,TUS,AZ,AWP,WE,Towers with Radar,99,34,29,20,182,0,7,55,19,81,99,41,84,39,263,20,6,26,289
12/06/2016,TUS,AZ,AWP,WE,Towers with Radar,93,32,34,79,238,0,9,59,52,120,93,41,93,131,358,44,64,108,466
12/07/2016,TUS,AZ,AWP,WE,Towers with Radar,100,28,47,69,244,0,9,52,36,97,100,37,99,105,341,48,26,74,415
12/08/2016,TUS,AZ,AWP,WE,Towers with Radar,100,29,34,62,225,0,8,57,30,95,100,37,91,92,320,70,56,126,446
12/09/2016,TUS,AZ,AWP,WE,Towers with Radar,108,23,33,53,217,0,7,62,25,94,108,30,95,78,311,34,4,38,349
12/10/2016,TUS,AZ,AWP,WE,Towers with Radar,87,20,29,5,141,0,6,141,21,168,87,26,170,26,309,76,26,102,411
12/11/2016,TUS,AZ,AWP,WE,Towers with Radar,91,23,36,3,153,0,4,73,13,90,91,27,109,16,243,44,0,44,287
12/12/2016,TUS,AZ,AWP,WE,Towers with Radar,100,25,35,48,208,0,6,58,37,101,100,31,93,85,309,48,38,86,395
12/13/2016,TUS,AZ,AWP,WE,Towers with Radar,92,28,46,49,215,0,6,70,37,113,92,34,116,86,328,60,48,108,436
12/14/2016,TUS,AZ,AWP,WE,Towers with Radar,96,27,39,41,203,0,8,100,21,129,96,35,139,62,332,100,16,116,448
12/15/2016,TUS,AZ,AWP,WE,Towers with Radar,94,38,46,54,232,0,10,81,24,115,94,48,127,78,347,88,28,116,463
12/16/2016,TUS,AZ,AWP,WE,Towers with Radar,104,43,43,23,213,0,1,41,23,65,104,44,84,46,278,30,4,34,312
12/17/2016,TUS,AZ,AWP,WE,Towers with Radar,100,23,31,0,154,0,11,113,6,130,100,34,144,6,284,42,0,42,326
12/18/2016,TUS,AZ,AWP,WE,Towers with Radar,104,31,35,3,173,0,5,71,17,93,104,36,106,20,266,44,0,44,310
12/19/2016,TUS,AZ,AWP,WE,Towers with Radar,99,32,39,47,217,0,2,57,47,106,99,34,96,94,323,38,46,84,407
12/20/2016,TUS,AZ,AWP,WE,Towers with Radar,107,43,30,53,233,0,18,88,57,163,107,61,118,110,396,106,54,160,556
12/21/2016,TUS,AZ,AWP,WE,Towers with Radar,107,39,42,49,237,0,4,45,37,86,107,43,87,86,323,70,56,126,449
12/22/2016,TUS,AZ,AWP,WE,Towers with Radar,121,44,33,29,227,0,4,9,14,27,121,48,42,43,254,26,14,40,294
12/23/2016,TUS,AZ,AWP,WE,Towers with Radar,111,33,29,9,182,0,7,47,10,64,111,40,76,19,246,30,2,32,278
12/24/2016,TUS,AZ,AWP,WE,Towers with Radar,99,22,5,0,126,0,5,13,9,27,99,27,18,9,153,0,0,0,153
12/25/2016,TUS,AZ,AWP,WE,Towers with Radar,89,26,6,1,122,0,4,12,8,24,89,30,18,9,146,0,0,0,146
12/26/2016,TUS,AZ,AWP,WE,Towers with Radar,105,38,44,0,187,0,13,42,8,63,105,51,86,8,250,66,0,66,316
12/27/2016,TUS,AZ,AWP,WE,Towers with Radar,108,32,49,24,213,0,6,85,31,122,108,38,134,55,335,38,48,86,421
12/28/2016,TUS,AZ,AWP,WE,Towers with Radar,110,43,46,38,237,1,1,85,36,123,111,44,131,74,360,74,48,122,482
12/29/2016,TUS,AZ,AWP,WE,Towers with Radar,113,41,46,39,239,0,4,54,26,84,113,45,100,65,323,68,22,90,413
12/30/2016,TUS,AZ,AWP,WE,Towers with Radar,112,41,36,2,191,0,7,62,15,84,112,48,98,17,275,30,0,30,305
12/31/2016,TUS,AZ,AWP,WE,Towers with Radar,113,33,24,0,170,0,2,26,7,35,113,35,50,7,205,28,0,28,233
01/01/2017,TUS,AZ,AWP,WE,Towers with Radar,101,34,21,0,156,0,2,5,7,14,101,36,26,7,170,0,0,0,170
01/02/2017,TUS,AZ,AWP,WE,Towers with Radar,100,51,53,0,204,0,13,65,6,84,100,64,118,6,288,60,4,64,352
01/03/2017,TUS,AZ,AWP,WE,Towers with Radar,107,39,44,23,213,0,8,71,24,103,107,47,115,47,316,82,46,128,444
01/04/2017,TUS,AZ,AWP,WE,Towers with Radar,95,33,37,72,237,0,8,49,35,92,95,41,86,107,329,58,68,126,455
01/05/2017,TUS,AZ,AWP,WE,Towers with Radar,99,31,36,44,210,0,4,56,34,94,99,35,92,78,304,70,66,136,440
01/06/2017,TUS,AZ,AWP,WE,Towers with Radar,101,34,36,44,215,0,2,53,34,89,101,36,89,78,304,22,54,76,380
01/07/2017,TUS,AZ,AWP,WE,Towers with Radar,92,17,25,41,175,0,3,110,40,153,92,20,135,81,328,62,46,108,436
01/08/2017,TUS,AZ,AWP,WE,Towers with Radar,103,24,41,18,186,0,7,46,21,74,103,31,87,39,260,46,4,50,310
01/09/2017,TUS,AZ,AWP,WE,Towers with Radar,96,32,42,7,177,0,4,48,16,68,96,36,90,23,245,94,8,102,347
01/10/2017,TUS,AZ,AWP,WE,Towers with Radar,95,31,33,33,192,0,6,65,26,97,95,37,98,59,289,62,28,90,379
01/11/2017,TUS,AZ,AWP,WE,Towers with Radar,96,29,45,66,236,0,3,63,36,102,96,32,108,102,338,142,44,186,524
01/12/2017,TUS,AZ,AWP,WE,Towers with Radar,99,41,68,60,268,0,10,82,32,124,99,51,150,92,392,44,46,90,482
01/13/2017,TUS,AZ,AWP,WE,Towers with Radar,112,44,61,38,255,0,18,68,28,114,112,62,129,66,369,90,20,110,479
01/14/2017,TUS,AZ,AWP,WE,Towers with Radar,92,26,33,0,151,0,2,127,13,142,92,28,160,13,293,28,0,28,321
01/15/2017,TUS,AZ,AWP,WE,Towers with Radar,97,23,38,0,158,0,0,17,19,36,97,23,55,19,194,42,0,42,236
01/16/2017,TUS,AZ,AWP,WE,Towers with Radar,96,23,60,0,179,0,2,59,6,67,96,25,119,6,246,60,2,62,308
01/17/2017,TUS,AZ,AWP,WE,Towers with Radar,100,44,52,62,258,0,3,87,32,122,100,47,139,94,380,108,36,144,524
01/18/2017,TUS,AZ,AWP,WE,Towers with Radar,101,35,57,49,242,0,11,84,35,130,101,46,141,84,372,82,24,106,478
01/19/2017,TUS,AZ,AWP,WE,Towers with Radar,100,35,26,59,220,0,7,45,34,86,100,42,71,93,306,42,48,90,396
01/20/2017,TUS,AZ,AWP,WE,Towers with Radar,107,45,40,48,240,0,6,18,22,46,107,51,58,70,286,32,2,34,320
01/21/2017,TUS,AZ,AWP,WE,Towers with Radar,97,25,19,2,143,0,1,13,15,29,97,26,32,17,172,10,0,10,182
01/22/2017,TUS,AZ,AWP,WE,Towers with Radar,88,37,51,1,177,0,6,86,14,106,88,43,137,15,283,104,0,104,387
01/23/2017,TUS,AZ,AWP,WE,Towers with Radar,97,38,56,26,217,0,8,34,23,65,97,46,90,49,282,26,14,40,322
01/24/2017,TUS,AZ,AWP,WE,Towers with Radar,92,26,36,52,206,0,5,59,37,101,92,31,95,89,307,140,58,198,505
01/25/2017,TUS,AZ,AWP,WE,Towers with Radar,98,25,49,55,227,0,11,79,35,125,98,36,128,90,352,44,50,94,446
01/26/2017,TUS,AZ,AWP,WE,Towers with Radar,102,30,63,40,235,0,6,74,40,120,102,36,137,80,355,70,34,104,459
01/27/2017,TUS,AZ,AWP,WE,Towers with Radar,104,45,34,30,213,0,2,63,32,97,104,47,97,62,310,62,46,108,418
01/28/2017,TUS,AZ,AWP,WE,Towers with Radar,94,32,25,1,152,0,6,126,17,149,94,38,151,18,301,66,0,66,367
01/29/2017,TUS,AZ,AWP,WE,Towers with Radar,84,26,27,0,137,0,4,50,15,69,84,30,77,15,206,26,2,28,234
01/30/2017,TUS,AZ,AWP,WE,Towers with Radar,95,30,46,13,184,0,15,58,20,93,95,45,104,33,277,40,18,58,335
01/31/2017,TUS,AZ,AWP,WE,Towers with Radar,92,39,56,40,227,0,9,96,35,140,92,48,152,75,367,134,40,174,541
02/01/2017,TUS,AZ,AWP,WE,Towers with Radar,102,47,60,47,256,0,14,88,30,132,102,61,148,77,388,50,28,78,466
02/02/2017,TUS,AZ,AWP,WE,Towers with Radar,101,38,37,41,217,0,7,54,23,84,101,45,91,64,301,60,60,120,421
02/03/2017,TUS,AZ,AWP,WE,Towers with Radar,100,36,38,43,217,0,5,100,27,132,100,41,138,70,349,114,30,144,493
02/04/2017,TUS,AZ,AWP,WE,Towers with Radar,97,32,57,13,199,0,6,171,15,192,97,38,228,28,391,60,2,62,453
02/05/2017,TUS,AZ,AWP,WE,Towers with Radar,96,32,41,0,169,0,6,61,12,79,96,38,102,12,248,32,0,32,280
02/06/2017,TUS,AZ,AWP,WE,Towers with Radar,90,40,56,51,237,0,6,52,35,93,90,46,108,86,330,60,52,112,442
02/07/2017,TUS,AZ,AWP,WE,Towers with Radar,95,32,38,60,225,0,6,54,28,88,95,38,92,88,313,86,70,156,469
02/08/2017,TUS,AZ,AWP,WE,Towers with Radar,100,22,44,38,204,0,5,78,28,111,100,27,122,66,315,76,26,102,417
02/09/2017,TUS,AZ,AWP,WE,Towers with Radar,102,38,34,60,234,0,7,67,27,101,102,45,101,87,335,48,38,86,421
02/10/2017,TUS,AZ,AWP,WE,Towers with Radar,111,45,46,23,225,0,9,86,29,124,111,54,132,52,349,64,36,100,449
02/11/2017,TUS,AZ,AWP,WE,Towers with Radar,98,23,24,33,178,0,3,125,47,175,98,26,149,80,353,66,38,104,457
02/12/2017,TUS,AZ,AWP,WE,Towers with Radar,99,38,46,18,201,0,7,46,28,81,99,45,92,46,282,58,14,72,354
02/13/2017,TUS,AZ,AWP,WE,Towers with Radar,99,37,35,4,175,0,5,31,10,46,99,42,66,14,221,38,8,46,267
02/14/2017,TUS,AZ,AWP,WE,Towers with Radar,98,26,55,63,242,0,6,53,30,89,98,32,108,93,331,96,74,170,501
02/15/2017,TUS,AZ,AWP,WE,Towers with Radar,100,33,42,41,216,0,2,52,40,94,100,35,94,81,310,16,26,42,352
02/16/2017,TUS,AZ,AWP,WE,Towers with Radar,112,28,49,44,233,0,0,85,26,111,112,28,134,70,344,78,48,126,470
02/17/2017,TUS,AZ,AWP,WE,Towers with Radar,107,36,43,36,222,0,3,47,29,79,107,39,90,65,301,36,30,66,367
02/18/2017,TUS,AZ,AWP,WE,Towers with Radar,102,25,17,3,147,0,1,13,18,32,102,26,30,21,179,8,0,8,187
02/19/2017,TUS,AZ,AWP,WE,Towers with Radar,99,30,36,6,171,0,0,22,20,42,99,30,58,26,213,14,8,22,235
02/20/2017,TUS,AZ,AWP,WE,Towers with Radar,102,37,63,0,202,0,10,87,14,111,102,47,150,14,313,64,0,64,377
02/21/2017,TUS,AZ,AWP,WE,Towers with Radar,103,40,46,37,226,0,11,64,33,108,103,51,110,70,334,86,46,132,466
02/22/2017,TUS,AZ,AWP,WE,Towers with Radar,108,35,68,46,257,0,9,74,29,112,108,44,142,75,369,70,18,88,457
02/23/2017,TUS,AZ,AWP,WE,Towers with Radar,105,46,66,52,269,0,11,57,45,113,105,57,123,97,382,62,58,120,502
02/24/2017,TUS,AZ,AWP,WE,Towers with Radar,108,38,36,41,223,0,13,61,31,105,108,51,97,72,328,98,36,134,462
02/25/2017,TUS,AZ,AWP,WE,Towers with Radar,108,34,38,5,185,0,26,154,16,196,108,60,192,21,381,108,0,108,489
02/26/2017,TUS,AZ,AWP,WE,Towers with Radar,97,34,63,7,201,0,2,71,10,83,97,36,134,17,284,20,0,20,304
02/27/2017,TUS,AZ,AWP,WE,Towers with Radar,102,41,29,8,180,0,5,34,18,57,102,46,63,26,237,116,6,122,359
02/28/2017,TUS,AZ,AWP,WE,Towers with Radar,108,34,31,36,209,0,6,28,31,65,108,40,59,67,274,20,22,42,316
03/01/2017,TUS,AZ,AWP,WE,Towers with Radar,105,34,34,46,219,0,18,74,39,131,105,52,108,85,350,154,24,178,528
03/02/2017,TUS,AZ,AWP,WE,Towers with Radar,106,32,25,50,213,0,11,50,38,99,106,43,75,88,312,40,64,104,416
03/03/2017,TUS,AZ,AWP,WE,Towers with Radar,109,46,47,61,263,0,6,42,40,88,109,52,89,101,351,78,20,98,449
03/04/2017,TUS,AZ,AWP,WE,Towers with Radar,117,32,23,21,193,0,9,139,34,182,117,41,162,55,375,44,20,64,439
03/05/2017,TUS,AZ,AWP,WE,Towers with Radar,101,46,40,20,207,0,13,51,36,100,101,59,91,56,307,44,22,66,373
03/06/2017,TUS,AZ,AWP,WE,Towers with Radar,105,29,36,5,175,0,3,75,15,93,105,32,111,20,268,106,8,114,382
03/07/2017,TUS,AZ,AWP,WE,Towers with Radar,113,28,38,48,227,0,12,46,49,107,113,40,84,97,334,64,58,122,456
03/08/2017,TUS,AZ,AWP,WE,Towers with Radar,107,38,33,46,224,0,13,69,44,126,107,51,102,90,350,62,16,78,428
03/09/2017,TUS,AZ,AWP,WE,Towers with Radar,111,24,49,45,229,0,10,53,27,90,111,34,102,72,319,68,32,100,419
03/10/2017,TUS,AZ,AWP,WE,Towers with Radar,110,27,46,31,214,0,6,54,34,94,110,33,100,65,308,66,24,90,398
03/11/2017,TUS,AZ,AWP,WE,Towers with Radar,114,28,34,2,178,0,7,145,20,172,114,35,179,22,350,164,0,164,514
03/12/2017,TUS,AZ,AWP,WE,Towers with Radar,110,27,38,10,185,0,6,109,18,133,110,33,147,28,318,34,6,40,358
03/13/2017,TUS,AZ,AWP,WE,Towers with Radar,109,22,39,57,227,0,23,61,33,117,109,45,100,90,344,82,48,130,474
03/14/2017,TUS,AZ,AWP,WE,Towers with Radar,112,30,45,51,238,0,17,101,40,158,112,47,146,91,396,220,40,260,656
03/15/2017,TUS,AZ,AWP,WE,Towers with Radar,110,29,41,50,230,0,14,60,47,121,110,43,101,97,351,188,80,268,619
03/16/2017,TUS,AZ,AWP,WE,Towers with Radar,111,21,49,45,226,0,6,46,40,92,111,27,95,85,318,170,56,226,544
03/17/2017,TUS,AZ,AWP,WE,Towers with Radar,111,26,46,7,190,0,9,114,18,141,111,35,160,25,331,82,6,88,419
03/18/2017,TUS,AZ,AWP,WE,Towers with Radar,110,30,47,1,188,0,3,140,17,160,110,33,187,18,348,118,0,118,466
03/19/2017,TUS,AZ,AWP,WE,Towers with Radar,104,39,39,1,183,0,7,82,17,106,104,46,121,18,289,98,0,98,387
03/20/2017,TUS,AZ,AWP,WE,Towers with Radar,109,32,41,5,187,1,7,69,20,97,110,39,110,25,284,10,0,10,294
03/21/2017,TUS,AZ,AWP,WE,Towers with Radar,110,25,40,35,210,0,11,88,29,128,110,36,128,64,338,88,56,144,482
03/22/2017,TUS,AZ,AWP,WE,Towers with Radar,111,35,49,54,249,0,8,68,41,117,111,43,117,95,366,64,28,92,458
03/23/2017,TUS,AZ,AWP,WE,Towers with Radar,109,35,30,36,210,0,7,36,38,81,109,42,66,74,291,46,28,74,365
03/24/2017,TUS,AZ,AWP,WE,Towers with Radar,115,36,55,40,246,0,11,73,35,119,115,47,128,75,365,42,44,86,451
03/25/2017,TUS,AZ,AWP,WE,Towers with Radar,115,30,47,2,194,0,13,129,12,154,115,43,176,14,348,84,0,84,432
03/26/2017,TUS,AZ,AWP,WE,Towers with Radar,106,23,32,3,164,0,8,101,18,127,106,31,133,21,291,62,0,62,353
03/27/2017,TUS,AZ,AWP,WE,Towers with Radar,109,28,33,36,206,0,5,55,32,92,109,33,88,68,298,66,20,86,384
03/28/2017,TUS,AZ,AWP,WE,Towers with Radar,116,25,42,34,217,0,4,61,37,102,116,29,103,71,319,52,40,92,411
03/29/2017,TUS,AZ,AWP,WE,Towers with Radar,112,35,36,32,215,0,9,75,38,122,112,44,111,70,337,70,30,100,437
03/30/2017,TUS,AZ,AWP,WE,Towers with Radar,101,36,27,24,188,0,7,55,42,104,101,43,82,66,292,46,12,58,350
03/31/2017,TUS,AZ,AWP,WE,Towers with Radar,112,30,46,18,206,0,6,51,21,78,112,36,97,39,284,70,20,90,374
04/01/2017,TUS,AZ,AWP,WE,Towers with Radar,106,30,33,18,187,0,2,112,34,148,106,32,145,52,335,8,6,14,349
04/02/2017,TUS,AZ,AWP,WE,Towers with Radar,109,21,34,1,165,0,4,64,17,85,109,25,98,18,250,72,0,72,322
04/03/2017,TUS,AZ,AWP,WE,Towers with Radar,107,28,50,6,191,0,4,54,18,76,107,32,104,24,267,18,16,34,301
04/04/2017,TUS,AZ,AWP,WE,Towers with Radar,107,20,24,33,184,0,16,42,38,96,107,36,66,71,280,54,34,88,368
04/05/2017,TUS,AZ,AWP,WE,Towers with Radar,109,33,50,44,236,0,17,68,26,111,109,50,118,70,347,72,30,102,449
04/06/2017,TUS,AZ,AWP,WE,Towers with Radar,107,27,42,64,240,0,12,64,34,110,107,39,106,98,350,132,66,198,548
04/07/2017,TUS,AZ,AWP,WE,Towers with Radar,103,30,65,36,234,0,14,69,43,126,103,44,134,79,360,88,28,116,476
04/08/2017,TUS,AZ,AWP,WE,Towers with Radar,104,29,44,3,180,0,4,82,23,109,104,33,126,26,289,42,4,46,335
04/09/2017,TUS,AZ,AWP,WE,Towers with Radar,106,30,39,9,184,0,2,63,24,89,106,32,102,33,273,6,20,26,299
04/10/2017,TUS,AZ,AWP,WE,Towers with Radar,103,19,38,42,202,0,8,74,22,104,103,27,112,64,306,80,28,108,414
04/11/2017,TUS,AZ,AWP,WE,Towers with Radar,109,27,38,31,205,0,9,62,23,94,109,36,100,54,299,48,4,52,351
04/12/2017,TUS,AZ,AWP,WE,Towers with Radar,111,33,49,46,239,0,9,76,32,117,111,42,125,78,356,82,44,126,482
04/13/2017,TUS,AZ,AWP,WE,Towers with Radar,105,30,50,42,227,0,7,74,28,109,105,37,124,70,336,100,46,146,482
04/14/2017,TUS,AZ,AWP,WE,Towers with Radar,110,18,41,23,192,0,11,77,25,113,110,29,118,48,305,84,26,110,415
04/15/2017,TUS,AZ,AWP,WE,Towers with Radar,105,18,39,0,162,0,6,142,16,164,105,24,181,16,326,72,0,72,398
04/16/2017,TUS,AZ,AWP,WE,Towers with Radar,96,26,23,1,146,0,12,59,21,92,96,38,82,22,238,34,0,34,272
04/17/2017,TUS,AZ,AWP,WE,Towers with Radar,107,29,54,36,226,0,16,48,20,84,107,45,102,56,310,76,26,102,412
04/18/2017,TUS,AZ,AWP,WE,Towers with Radar,112,36,36,42,226,0,8,53,35,96,112,44,89,77,322,50,20,70,392
04/19/2017,TUS,AZ,AWP,WE,Towers with Radar,109,37,41,49,236,0,14,55,27,96,109,51,96,76,332,68,20,88,420
04/20/2017,TUS,AZ,AWP,WE,Towers with Radar,109,29,36,46,220,0,11,74,33,118,109,40,110,79,338,86,26,112,450
04/21/2017,TUS,AZ,AWP,WE,Towers with Radar,113,40,38,37,228,0,13,92,42,147,113,53,130,79,375,58,24,82,457
04/22/2017,TUS,AZ,AWP,WE,Towers with Radar,111,29,26,0,166,1,6,107,20,134,112,35,133,20,300,26,0,26,326
04/23/2017,TUS,AZ,AWP,WE,Towers with Radar,102,38,39,3,182,0,5,72,14,91,102,43,111,17,273,60,0,60,333
04/24/2017,TUS,AZ,AWP,WE,Towers with Radar,107,32,26,6,171,0,2,58,11,71,107,34,84,17,242,44,0,44,286
04/25/2017,TUS,AZ,AWP,WE,Towers with Radar,103,17,33,36,189,0,4,48,30,82,103,21,81,66,271,30,12,42,313
04/26/2017,TUS,AZ,AWP,WE,Towers with Radar,104,22,29,52,207,0,17,66,37,120,104,39,95,89,327,32,42,74,401
04/27/2017,TUS,AZ,AWP,WE,Towers with Radar,106,30,24,38,198,0,11,56,40,107,106,41,80,78,305,56,24,80,385
04/28/2017,TUS,AZ,AWP,WE,Towers with Radar,105,34,30,22,191,0,4,40,40,84,105,38,70,62,275,42,8,50,325
04/29/2017,TUS,AZ,AWP,WE,Towers with Radar,93,20,35,3,151,0,17,102,16,135,93,37,137,19,286,52,20,72,358
04/30/2017,TUS,AZ,AWP,WE,Towers with Radar,96,32,28,0,156,0,9,62,5,76,96,41,90,5,232,46,0,46,278
05/01/2017,TUS,AZ,AWP,WE,Towers with Radar,103,22,50,30,205,0,3,57,39,99,103,25,107,69,304,68,24,92,396
05/02/2017,TUS,AZ,AWP,WE,Towers with Radar,104,31,35,55,225,0,11,51,34,96,104,42,86,89,321,34,56,90,411
05/03/2017,TUS,AZ,AWP,WE,Towers with Radar,102,36,58,36,232,0,12,81,33,126,102,48,139,69,358,74,18,92,450
05/04/2017,TUS,AZ,AWP,WE,Towers with Radar,105,38,34,63,240,0,6,62,40,108,105,44,96,103,348,38,36,74,422
05/05/2017,TUS,AZ,AWP,WE,Towers with Radar,97,38,38,48,221,0,7,66,39,112,97,45,104,87,333,74,26,100,433
05/06/2017,TUS,AZ,AWP,WE,Towers with Radar,88,21,17,14,140,0,4,75,24,103,88,25,92,38,243,28,2,30,273
05/07/2017,TUS,AZ,AWP,WE,Towers with Radar,91,36,29,12,168,0,4,27,16,47,91,40,56,28,215,18,6,24,239
05/08/2017,TUS,AZ,AWP,WE,Towers with Radar,98,26,48,40,212,0,0,57,29,86,98,26,105,69,298,16,26,42,340
05/09/2017,TUS,AZ,AWP,WE,Towers with Radar,101,19,30,34,184,0,11,27,32,70,101,30,57,66,254,32,48,80,334
05/10/2017,TUS,AZ,AWP,WE,Towers with Radar,98,35,51,35,219,0,10,92,38,140,98,45,143,73,359,100,34,134,493
05/11/2017,TUS,AZ,AWP,WE,Towers with Radar,104,24,57,35,220,0,19,68,42,129,104,43,125,77,349,78,50,128,477
05/12/2017,TUS,AZ,AWP,WE,Towers with Radar,104,31,55,0,190,0,15,72,17,104,104,46,127,17,294,80,2,82,376
05/13/2017,TUS,AZ,AWP,WE,Towers with Radar,83,34,25,3,145,0,5,82,24,111,83,39,107,27,256,26,14,40,296
05/14/2017,TUS,AZ,AWP,WE,Towers with Radar,91,32,30,1,154,0,3,49,11,63,91,35,79,12,217,28,0,28,245
05/15/2017,TUS,AZ,AWP,WE,Towers with Radar,98,26,45,24,193,0,6,32,21,59,98,32,77,45,252,8,2,10,262
05/16/2017,TUS,AZ,AWP,WE,Towers with Radar,101,31,40,60,232,0,5,47,46,98,101,36,87,106,330,46,72,118,448
05/17/2017,TUS,AZ,AWP,WE,Towers with Radar,99,35,57,54,245,0,10,55,44,109,99,45,112,98,354,56,58,114,468
05/18/2017,TUS,AZ,AWP,WE,Towers with Radar,97,32,41,34,204,0,5,55,35,95,97,37,96,69,299,72,24,96,395
05/19/2017,TUS,AZ,AWP,WE,Towers with Radar,100,28,29,24,181,0,11,76,45,132,100,39,105,69,313,94,32,126,439
05/20/2017,TUS,AZ,AWP,WE,Towers with Radar,94,22,28,1,145,0,2,62,14,78,94,24,90,15,223,68,0,68,291
05/21/2017,TUS,AZ,AWP,WE,Towers with Radar,100,29,50,0,179,0,2,63,14,79,100,31,113,14,258,66,0,66,324
05/22/2017,TUS,AZ,AWP,WE,Towers with Radar,96,23,44,34,197,0,1,61,29,91,96,24,105,63,288,30,18,48,336
05/23/2017,TUS,AZ,AWP,WE,Towers with Radar,95,18,40,36,189,0,12,60,32,104,95,30,100,68,293,38,42,80,373
05/24/2017,TUS,AZ,AWP,WE,Towers with Radar,95,34,45,42,216,0,4,42,32,78,95,38,87,74,294,70,36,106,400
05/25/2017,TUS,AZ,AWP,WE,Towers with Radar,106,36,24,32,198,0,6,39,29,74,106,42,63,61,272,68,20,88,360
05/26/2017,TUS,AZ,AWP,WE,Towers with Radar,103,35,31,2,171,0,9,68,8,85,103,44,99,10,256,28,0,28,284
05/27/2017,TUS,AZ,AWP,WE,Towers with Radar,81,16,12,11,120,1,3,60,16,80,82,19,72,27,200,30,6,36,236
05/28/2017,TUS,AZ,AWP,WE,Towers with Radar,83,15,13,0,111,0,2,47,19,68,83,17,60,19,179,38,0,38,217
05/29/2017,TUS,AZ,AWP,WE,Towers with Radar,95,20,30,8,153,0,0,42,16,58,95,20,72,24,211,26,8,34,245
05/30/2017,TUS,AZ,AWP,WE,Towers with Radar,93,23,25,39,180,0,7,56,33,96,93,30,81,72,276,46,32,78,354
05/31/2017,TUS,AZ,AWP,WE,Towers with Radar,97,31,39,33,200,0,9,60,32,101,97,40,99,65,301,74,14,88,389
06/01/2017,TUS,AZ,AWP,WE,Towers with Radar,100,35,28,41,204,0,4,50,33,87,100,39,78,74,291,72,26,98,389
06/02/2017,TUS,AZ,AWP,WE,Towers with Radar,93,38,41,44,216,0,7,58,38,103,93,45,99,82,319,66,24,90,409
06/03/2017,TUS,AZ,AWP,WE,Towers with Radar,87,19,15,25,146,0,6,52,30,88,87,25,67,55,234,44,24,68,302
06/04/2017,TUS,AZ,AWP,WE,Towers with Radar,91,32,34,14,171,0,4,42,29,75,91,36,76,43,246,28,14,42,288
06/05/2017,TUS,AZ,AWP,WE,Towers with Radar,94,21,31,1,147,0,3,45,13,61,94,24,76,14,208,10,8,18,226
06/06/2017,TUS,AZ,AWP,WE,Towers with Radar,105,33,37,35,210,0,5,43,44,92,105,38,80,79,302,12,28,40,342
06/07/2017,TUS,AZ,AWP,WE,Towers with Radar,101,21,27,31,180,0,24,34,33,91,101,45,61,64,271,38,20,58,329
06/08/2017,TUS,AZ,AWP,WE,Towers with Radar,93,24,41,30,188,0,4,43,27,74,93,28,84,57,262,42,28,70,332
06/09/2017,TUS,AZ,AWP,WE,Towers with Radar,91,26,35,31,183,0,5,51,31,87,91,31,86,62,270,42,62,104,374
06/10/2017,TUS,AZ,AWP,WE,Towers with Radar,83,39,25,1,148,0,20,47,22,89,83,59,72,23,237,32,0,32,269
06/11/2017,TUS,AZ,AWP,WE,Towers with Radar,91,29,19,0,139,0,8,37,12,57,91,37,56,12,196,58,0,58,254
06/12/2017,TUS,AZ,AWP,WE,Towers with Radar,87,28,42,41,198,0,2,51,36,89,87,30,93,77,287,48,46,94,381
06/13/2017,TUS,AZ,AWP,WE,Towers with Radar,98,25,49,45,217,0,6,54,45,105,98,31,103,90,322,80,54,134,456
06/14/2017,TUS,AZ,AWP,WE,Towers with Radar,91,27,34,42,194,0,12,64,24,100,91,39,98,66,294,82,38,120,414
06/15/2017,TUS,AZ,AWP,WE,Towers with Radar,100,32,25,40,197,0,11,57,29,97,100,43,82,69,294,58,44,102,396
06/16/2017,TUS,AZ,AWP,WE,Towers with Radar,93,19,40,30,182,0,6,56,15,77,93,25,96,45,259,36,20,56,315
06/17/2017,TUS,AZ,AWP,WE,Towers with Radar,85,19,23,0,127,0,4,52,19,75,85,23,75,19,202,46,0,46,248
06/18/2017,TUS,AZ,AWP,WE,Towers with Radar,89,18,17,0,124,0,7,44,12,63,89,25,61,12,187,14,0,14,201
06/19/2017,TUS,AZ,AWP,WE,Towers with Radar,82,25,29,32,168,0,4,36,31,71,82,29,65,63,239,8,34,42,281
06/20/2017,TUS,AZ,AWP,WE,Towers with Radar,85,28,16,28,157,0,3,40,27,70,85,31,56,55,227,22,30,52,279
06/21/2017,TUS,AZ,AWP,WE,Towers with Radar,88,24,17,27,156,0,8,39,42,89,88,32,56,69,245,60,40,100,345
06/22/2017,TUS,AZ,AWP,WE,Towers with Radar,94,23,16,38,171,0,6,48,27,81,94,29,64,65,252,56,36,92,344
06/23/2017,TUS,AZ,AWP,WE,Towers with Radar,95,28,25,17,165,0,3,43,18,64,95,31,68,35,229,22,6,28,257
06/24/2017,TUS,AZ,AWP,WE,Towers with Radar,77,26,26,1,130,0,12,48,9,69,77,38,74,10,199,54,0,54,253
06/25/2017,TUS,AZ,AWP,WE,Towers with Radar,92,23,22,9,146,0,4,36,16,56,92,27,58,25,202,74,0,74,276
06/26/2017,TUS,AZ,AWP,WE,Towers with Radar,97,32,16,32,177,0,8,31,47,86,97,40,47,79,263,30,52,82,345
06/27/2017,TUS,AZ,AWP,WE,Towers with Radar,94,37,33,41,205,0,6,61,38,105,94,43,94,79,310,78,32,110,420
06/28/2017,TUS,AZ,AWP,WE,Towers with Radar,93,27,28,44,192,0,6,73,38,117,93,33,101,82,309,54,66,120,429
06/29/2017,TUS,AZ,AWP,WE,Towers with Radar,96,28,41,44,209,0,6,76,26,108,96,34,117,70,317,118,44,162,479
06/30/2017,TUS,AZ,AWP,WE,Towers with Radar,95,23,28,27,173,0,10,67,29,106,95,33,95,56,279,98,52,150,429
07/01/2017,TUS,AZ,AWP,WE,Towers with Radar,78,28,22,6,134,0,12,73,3,88,78,40,95,9,222,68,4,72,294
07/02/2017,TUS,AZ,AWP,WE,Towers with Radar,89,15,14,3,121,0,2,51,4,57,89,17,65,7,178,10,0,10,188
07/03/2017,TUS,AZ,AWP,WE,Towers with Radar,81,16,24,4,125,0,3,51,6,60,81,19,75,10,185,42,0,42,227
07/04/2017,TUS,AZ,AWP,WE,Towers with Radar,80,26,13,4,123,0,6,51,10,67,80,32,64,14,190,42,0,42,232
07/05/2017,TUS,AZ,AWP,WE,Towers with Radar,87,32,34,47,200,0,14,59,31,104,87,46,93,78,304,42,46,88,392
07/06/2017,TUS,AZ,AWP,WE,Towers with Radar,100,22,33,27,182,0,14,75,22,111,100,36,108,49,293,42,22,64,357
07/07/2017,TUS,AZ,AWP,WE,Towers with Radar,96,34,19,31,180,0,6,57,26,89,96,40,76,57,269,34,40,74,343
07/08/2017,TUS,AZ,AWP,WE,Towers with Radar,83,11,31,15,140,0,7,77,25,109,83,18,108,40,249,58,26,84,333
07/09/2017,TUS,AZ,AWP,WE,Towers with Radar,89,18,24,14,145,0,5,58,12,75,89,23,82,26,220,56,2,58,278
07/10/2017,TUS,AZ,AWP,WE,Towers with Radar,100,24,30,3,157,0,7,45,8,60,100,31,75,11,217,36,0,36,253
07/11/2017,TUS,AZ,AWP,WE,Towers with Radar,96,18,43,23,180,0,15,63,23,101,96,33,106,46,281,94,24,118,399
07/12/2017,TUS,AZ,AWP,WE,Towers with Radar,93,26,29,23,171,0,16,41,22,79,93,42,70,45,250,28,14,42,292
07/13/2017,TUS,AZ,AWP,WE,Towers with Radar,96,28,32,40,196,0,6,63,31,100,96,34,95,71,296,58,44,102,398
07/14/2017,TUS,AZ,AWP,WE,Towers with Radar,97,29,56,34,216,0,10,56,24,90,97,39,112,58,306,78,40,118,424
07/15/2017,TUS,AZ,AWP,WE,Towers with Radar,87,19,18,0,124,0,6,57,1,64,87,25,75,1,188,102,0,102,290
07/16/2017,TUS,AZ,AWP,WE,Towers with Radar,97,19,23,0,139,0,1,48,0,49,97,20,71,0,188,48,0,48,236
07/17/2017,TUS,AZ,AWP,WE,Towers with Radar,99,22,28,18,167,0,2,30,16,48,99,24,58,34,215,14,18,32,247
07/18/2017,TUS,AZ,AWP,WE,Towers with Radar,100,17,22,33,172,0,11,45,8,64,100,28,67,41,236,22,4,26,262
07/19/2017,TUS,AZ,AWP,WE,Towers with Radar,92,41,32,26,191,0,3,49,22,74,92,44,81,48,265,46,32,78,343
07/20/2017,TUS,AZ,AWP,WE,Towers with Radar,94,21,37,30,182,0,5,37,10,52,94,26,74,40,234,32,36,68,302
07/21/2017,TUS,AZ,AWP,WE,Towers with Radar,103,27,63,34,227,0,7,71,33,111,103,34,134,67,338,66,50,116,454
07/22/2017,TUS,AZ,AWP,WE,Towers with Radar,81,24,19,0,124,0,11,75,1,87,81,35,94,1,211,42,0,42,253
07/23/2017,TUS,AZ,AWP,WE,Towers with Radar,96,16,29,0,141,0,5,43,4,52,96,21,72,4,193,36,0,36,229
07/24/2017,TUS,AZ,AWP,WE,Towers with Radar,99,25,38,26,188,0,6,41,22,69,99,31,79,48,257,78,44,122,379
07/25/2017,TUS,AZ,AWP,WE,Towers with Radar,93,36,47,34,210,0,8,81,30,119,93,44,128,64,329,60,68,128,457
07/26/2017,TUS,AZ,AWP,WE,Towers with Radar,97,22,39,38,196,0,9,54,21,84,97,31,93,59,280,62,36,98,378
07/27/2017,TUS,AZ,AWP,WE,Towers with Radar,97,30,36,22,185,0,13,53,20,86,97,43,89,42,271,42,14,56,327
07/28/2017,TUS,AZ,AWP,WE,Towers with Radar,97,27,24,4,152,0,11,49,3,63,97,38,73,7,215,16,6,22,237
07/29/2017,TUS,AZ,AWP,WE,Towers with Radar,83,25,16,0,124,0,4,55,0,59,83,29,71,0,183,24,0,24,207
07/30/2017,TUS,AZ,AWP,WE,Towers with Radar,88,27,28,0,143,0,5,49,6,60,88,32,77,6,203,42,0,42,245
07/31/2017,TUS,AZ,AWP,WE,Towers with Radar,97,29,27,27,180,0,10,32,23,65,97,39,59,50,245,24,14,38,283
08/01/2017,TUS,AZ,AWP,WE,Towers with Radar,96,22,48,40,206,0,6,59,13,78,96,28,107,53,284,60,24,84,368
08/02/2017,TUS,AZ,AWP,WE,Towers with Radar,92,15,37,30,174,0,6,43,24,73,92,21,80,54,247,28,44,72,319
08/03/2017,TUS,AZ,AWP,WE,Towers with Radar,119,14,23,33,189,0,10,52,22,84,119,24,75,55,273,64,36,100,373
08/04/2017,TUS,AZ,AWP,WE,Towers with Radar,97,13,42,48,200,0,9,61,25,95,97,22,103,73,295,64,40,104,399
08/05/2017,TUS,AZ,AWP,WE,Towers with Radar,81,24,19,25,149,0,19,66,18,103,81,43,85,43,252,78,26,104,356
08/06/2017,TUS,AZ,AWP,WE,Towers with Radar,93,14,29,24,160,0,4,48,13,65,93,18,77,37,225,24,26,50,275
08/07/2017,TUS,AZ,AWP,WE,Towers with Radar,93,9,22,3,127,0,15,40,4,59,93,24,62,7,186,24,0,24,210
08/08/2017,TUS,AZ,AWP,WE,Towers with Radar,95,18,24,32,169,0,8,52,21,81,95,26,76,53,250,14,52,66,316
08/09/2017,TUS,AZ,AWP,WE,Towers with Radar,95,14,24,42,175,0,10,56,21,87,95,24,80,63,262,36,48,84,346
08/10/2017,TUS,AZ,AWP,WE,Towers with Radar,96,20,22,38,176,0,7,45,22,74,96,27,67,60,250,24,40,64,314
08/11/2017,TUS,AZ,AWP,WE,Towers with Radar,97,30,27,60,214,0,16,55,36,107,97,46,82,96,321,40,24,64,385
08/12/2017,TUS,AZ,AWP,WE,Towers with Radar,82,15,27,1,125,0,11,69,0,80,82,26,96,1,205,42,2,44,249
08/13/2017,TUS,AZ,AWP,WE,Towers with Radar,84,23,13,27,147,1,4,44,0,49,85,27,57,27,196,44,22,66,262
08/14/2017,TUS,AZ,AWP,WE,Towers with Radar,97,28,33,28,186,0,8,38,31,77,97,36,71,59,263,24,36,60,323
08/15/2017,TUS,AZ,AWP,WE,Towers with Radar,98,17,27,48,190,0,6,57,22,85,98,23,84,70,275,64,92,156,431
08/16/2017,TUS,AZ,AWP,WE,Towers with Radar,93,37,24,45,199,0,10,65,34,109,93,47,89,79,308,76,46,122,430
08/17/2017,TUS,AZ,AWP,WE,Towers with Radar,92,16,32,36,176,0,14,74,27,115,92,30,106,63,291,86,58,144,435
08/18/2017,TUS,AZ,AWP,WE,Towers with Radar,93,21,27,35,176,0,22,56,28,106,93,43,83,63,282,70,58,128,410
08/19/2017,TUS,AZ,AWP,WE,Towers with Radar,82,24,19,1,126,0,23,88,5,116,82,47,107,6,242,54,0,54,296
08/20/2017,TUS,AZ,AWP,WE,Towers with Radar,89,16,18,0,123,0,3,62,0,65,89,19,80,0,188,32,0,32,220
08/21/2017,TUS,AZ,AWP,WE,Towers with Radar,92,22,28,41,183,0,3,39,22,64,92,25,67,63,247,28,30,58,305
08/22/2017,TUS,AZ,AWP,WE,Towers with Radar,90,20,27,55,192,0,11,54,27,92,90,31,81,82,284,52,56,108,392
08/23/2017,TUS,AZ,AWP,WE,Towers with Radar,94,21,21,34,170,0,3,42,19,64,94,24,63,53,234,12,42,54,288
08/24/2017,TUS,AZ,AWP,WE,Towers with Radar,95,30,40,58,223,0,5,47,21,73,95,35,87,79,296,54,74,128,424
08/25/2017,TUS,AZ,AWP,WE,Towers with Radar,98,19,31,27,175,3,13,54,28,98,101,32,85,55,273,60,26,86,359
08/26/2017,TUS,AZ,AWP,WE,Towers with Radar,73,11,18,0,102,0,2,63,4,69,73,13,81,4,171,60,0,60,231
08/27/2017,TUS,AZ,AWP,WE,Towers with Radar,84,12,23,0,119,0,9,48,2,59,84,21,71,2,178,50,0,50,228
08/28/2017,TUS,AZ,AWP,WE,Towers with Radar,85,22,48,36,191,0,8,43,24,75,85,30,91,60,266,120,26,146,412
08/29/2017,TUS,AZ,AWP,WE,Towers with Radar,88,17,31,41,177,0,10,63,24,97,88,27,94,65,274,40,12,52,326
08/30/2017,TUS,AZ,AWP,WE,Towers with Radar,90,26,40,39,195,0,19,59,25,103,90,45,99,64,298,60,28,88,386
08/31/2017,TUS,AZ,AWP,WE,Towers with Radar,92,15,45,39,191,0,14,70,19,103,92,29,115,58,294,112,22,134,428
09/01/2017,TUS,AZ,AWP,WE,Towers with Radar,93,28,45,2,168,0,20,61,2,83,93,48,106,4,251,98,8,106,357
09/02/2017,TUS,AZ,AWP,WE,Towers with Radar,70,13,16,0,99,0,15,64,2,81,70,28,80,2,180,66,0,66,246
09/03/2017,TUS,AZ,AWP,WE,Towers with Radar,74,18,18,0,110,0,26,51,0,77,74,44,69,0,187,60,0,60,247
09/04/2017,TUS,AZ,AWP,WE,Towers with Radar,84,21,39,0,144,3,10,60,1,74,87,31,99,1,218,76,0,76,294
09/05/2017,TUS,AZ,AWP,WE,Towers with Radar,84,14,23,40,161,0,8,44,16,68,84,22,67,56,229,30,24,54,283
09/06/2017,TUS,AZ,AWP,WE,Towers with Radar,87,29,43,19,178,0,10,72,11,93,87,39,115,30,271,80,14,94,365
09/07/2017,TUS,AZ,AWP,WE,Towers with Radar,106,24,33,47,210,0,9,48,29,86,106,33,81,76,296,24,28,52,348
09/08/2017,TUS,AZ,AWP,WE,Towers with Radar,99,20,40,35,194,0,12,46,23,81,99,32,86,58,275,32,54,86,361
09/09/2017,TUS,AZ,AWP,WE,Towers with Radar,72,27,29,21,149,0,11,54,15,80,72,38,83,36,229,30,8,38,267
09/10/2017,TUS,AZ,AWP,WE,Towers with Radar,92,24,29,13,158,0,17,56,5,78,92,41,85,18,236,94,10,104,340
09/11/2017,TUS,AZ,AWP,WE,Towers with Radar,89,22,34,2,147,0,10,48,8,66,89,32,82,10,213,22,8,30,243
09/12/2017,TUS,AZ,AWP,WE,Towers with Radar,87,22,40,52,201,0,16,41,26,83,87,38,81,78,284,76,54,130,414
09/13/2017,TUS,AZ,AWP,WE,Towers with Radar,91,23,48,45,207,0,6,48,22,76,91,29,96,67,283,44,50,94,377
09/14/2017,TUS,AZ,AWP,WE,Towers with Radar,97,32,39,37,205,0,14,61,33,108,97,46,100,70,313,16,26,42,355
09/15/2017,TUS,AZ,AWP,WE,Towers with Radar,95,29,41,31,196,0,17,55,29,101,95,46,96,60,297,40,30,70,367
09/16/2017,TUS,AZ,AWP,WE,Towers with Radar,75,35,19,1,130,0,19,66,2,87,75,54,85,3,217,76,0,76,293
09/17/2017,TUS,AZ,AWP,WE,Towers with Radar,87,30,24,6,147,0,11,55,2,68,87,41,79,8,215,16,0,16,231
09/18/2017,TUS,AZ,AWP,WE,Towers with Radar,90,15,40,39,184,0,9,47,34,90,90,24,87,73,274,44,28,72,346
09/19/2017,TUS,AZ,AWP,WE,Towers with Radar,94,21,26,46,187,0,9,44,18,71,94,30,70,64,258,24,34,58,316
09/20/2017,TUS,AZ,AWP,WE,Towers with Radar,94,23,42,37,196,0,11,62,12,85,94,34,104,49,281,48,26,74,355
09/21/2017,TUS,AZ,AWP,WE,Towers with Radar,95,32,28,47,202,0,11,41,25,77,95,43,69,72,279,48,72,120,399
09/22/2017,TUS,AZ,AWP,WE,Towers with Radar,95,20,25,25,165,0,12,55,11,78,95,32,80,36,243,10,36,46,289
09/23/2017,TUS,AZ,AWP,WE,Towers with Radar,76,14,18,1,109,0,9,72,4,85,76,23,90,5,194,26,0,26,220
09/24/2017,TUS,AZ,AWP,WE,Towers with Radar,143,22,18,9,192,0,11,59,5,75,143,33,77,14,267,54,0,54,321
09/25/2017,TUS,AZ,AWP,WE,Towers with Radar,91,19,23,30,163,0,2,58,20,80,91,21,81,50,243,56,28,84,327
09/26/2017,TUS,AZ,AWP,WE,Towers with Radar,87,17,34,37,175,0,7,42,23,72,87,24,76,60,247,8,42,50,297
09/27/2017,TUS,AZ,AWP,WE,Towers with Radar,88,17,29,30,164,0,10,57,28,95,88,27,86,58,259,10,24,34,293
09/28/2017,TUS,AZ,AWP,WE,Towers with Radar,91,30,55,32,208,0,11,77,21,109,91,41,132,53,317,42,34,76,393
09/29/2017,TUS,AZ,AWP,WE,Towers with Radar,93,35,55,5,188,0,13,76,4,93,93,48,131,9,281,44,4,48,329
09/30/2017,TUS,AZ,AWP,WE,Towers with Radar,78,23,20,4,125,0,6,113,6,125,78,29,133,10,250,12,0,12,262
10/01/2017,TUS,AZ,AWP,WE,Towers with Radar,91,27,22,0,140,0,7,68,1,76,91,34,90,1,216,54,0,54,270
10/02/2017,TUS,AZ,AWP,WE,Towers with Radar,94,25,38,25,182,0,19,43,21,83,94,44,81,46,265,54,54,108,373
10/03/2017,TUS,AZ,AWP,WE,Towers with Radar,93,23,38,41,195,0,10,53,23,86,93,33,91,64,281,70,18,88,369
10/04/2017,TUS,AZ,AWP,WE,Towers with Radar,106,30,24,41,201,0,16,70,24,110,106,46,94,65,311,36,34,70,381
10/05/2017,TUS,AZ,AWP,WE,Towers with Radar,95,29,30,35,189,0,16,56,28,100,95,45,86,63,289,68,64,132,421
10/06/2017,TUS,AZ,AWP,WE,Towers with Radar,107,28,40,36,211,0,12,80,25,117,107,40,120,61,328,40,38,78,406
10/07/2017,TUS,AZ,AWP,WE,Towers with Radar,82,29,21,30,162,0,11,99,22,132,82,40,120,52,294,76,56,132,426
10/08/2017,TUS,AZ,AWP,WE,Towers with Radar,93,27,23,24,167,0,11,69,19,99,93,38,92,43,266,56,38,94,360
10/09/2017,TUS,AZ,AWP,WE,Towers with Radar,93,25,35,1,154,0,8,54,5,67,93,33,89,6,221,42,0,42,263
10/10/2017,TUS,AZ,AWP,WE,Towers with Radar,94,29,31,44,198,0,8,44,28,80,94,37,75,72,278,6,44,50,328
10/11/2017,TUS,AZ,AWP,WE,Towers with Radar,94,27,19,38,178,0,14,65,22,101,94,41,84,60,279,32,44,76,355
10/12/2017,TUS,AZ,AWP,WE,Towers with Radar,99,26,43,25,193,0,12,74,14,100,99,38,117,39,293,48,8,56,349
10/13/2017,TUS,AZ,AWP,WE,Towers with Radar,99,30,47,3,179,0,15,75,5,95,99,45,122,8,274,22,2,24,298
10/14/2017,TUS,AZ,AWP,WE,Towers with Radar,78,44,29,3,154,0,13,103,9,125,78,57,132,12,279,56,4,60,339
10/15/2017,TUS,AZ,AWP,WE,Towers with Radar,92,29,46,3,170,0,7,87,4,98,92,36,133,7,268,68,0,68,336
10/16/2017,TUS,AZ,AWP,WE,Towers with Radar,91,35,26,30,182,0,8,70,16,94,91,43,96,46,276,76,34,110,386
10/17/2017,TUS,AZ,AWP,WE,Towers with Radar,95,19,39,37,190,0,10,78,15,103,95,29,117,52,293,52,24,76,369
10/18/2017,TUS,AZ,AWP,WE,Towers with Radar,99,23,31,18,171,0,14,97,17,128,99,37,128,35,299,142,14,156,455
10/19/2017,TUS,AZ,AWP,WE,Towers with Radar,95,43,34,26,198,0,14,74,26,114,95,57,108,52,312,20,26,46,358
10/20/2017,TUS,AZ,AWP,WE,Towers with Radar,101,32,29,20,182,0,11,66,3,80,101,43,95,23,262,38,6,44,306
10/21/2017,TUS,AZ,AWP,WE,Towers with Radar,78,18,13,4,113,0,12,117,3,132,78,30,130,7,245,10,2,12,257
10/22/2017,TUS,AZ,AWP,WE,Towers with Radar,96,22,40,2,160,0,12,57,0,69,96,34,97,2,229,26,2,28,257
10/23/2017,TUS,AZ,AWP,WE,Towers with Radar,95,31,27,2,155,0,6,53,8,67,95,37,80,10,222,26,0,26,248
10/24/2017,TUS,AZ,AWP,WE,Towers with Radar,99,29,38,23,189,0,18,44,12,74,99,47,82,35,263,24,4,28,291
10/25/2017,TUS,AZ,AWP,WE,Towers with Radar,95,21,29,29,174,0,9,64,5,78,95,30,93,34,252,50,2,52,304
10/26/2017,TUS,AZ,AWP,WE,Towers with Radar,94,27,35,28,184,0,6,64,9,79,94,33,99,37,263,56,12,68,331
10/27/2017,TUS,AZ,AWP,WE,Towers with Radar,95,35,45,32,207,0,13,67,6,86,95,48,112,38,293,38,10,48,341
10/28/2017,TUS,AZ,AWP,WE,Towers with Radar,78,20,37,0,135,0,8,136,3,147,78,28,173,3,282,36,0,36,318
10/29/2017,TUS,AZ,AWP,WE,Towers with Radar,95,13,37,1,146,0,12,58,3,73,95,25,95,4,219,52,0,52,271
10/30/2017,TUS,AZ,AWP,WE,Towers with Radar,93,28,31,27,179,0,4,58,9,71,93,32,89,36,250,38,8,46,296
10/31/2017,TUS,AZ,AWP,WE,Towers with Radar,88,21,26,33,168,0,9,53,16,78,88,30,79,49,246,40,10,50,296
11/01/2017,TUS,AZ,AWP,WE,Towers with Radar,99,27,37,30,193,0,9,44,21,74,99,36,81,51,267,16,22,38,305
11/02/2017,TUS,AZ,AWP,WE,Towers with Radar,95,20,52,20,187,0,7,60,10,77,95,27,112,30,264,40,14,54,318
11/03/2017,TUS,AZ,AWP,WE,Towers with Radar,93,27,32,40,192,0,9,77,14,100,93,36,109,54,292,72,54,126,418
11/04/2017,TUS,AZ,AWP,WE,Towers with Radar,83,23,17,22,145,0,20,103,14,137,83,43,120,36,282,32,12,44,326
11/05/2017,TUS,AZ,AWP,WE,Towers with Radar,104,34,36,20,194,0,13,71,5,89,104,47,107,25,283,32,2,34,317
11/06/2017,TUS,AZ,AWP,WE,Towers with Radar,102,31,27,4,164,0,4,59,4,67,102,35,86,8,231,20,2,22,253
11/07/2017,TUS,AZ,AWP,WE,Towers with Radar,102,29,21,30,182,0,13,60,7,80,102,42,81,37,262,44,18,62,324
11/08/2017,TUS,AZ,AWP,WE,Towers with Radar,102,28,22,30,182,0,5,89,24,118,102,33,111,54,300,30,8,38,338
11/09/2017,TUS,AZ,AWP,WE,Towers with Radar,110,44,30,36,220,0,10,73,17,100,110,54,103,53,320,18,20,38,358
11/10/2017,TUS,AZ,AWP,WE,Towers with Radar,107,22,44,1,174,0,7,69,2,78,107,29,113,3,252,22,10,32,284
11/11/2017,TUS,AZ,AWP,WE,Towers with Radar,96,22,22,0,140,0,15,135,5,155,96,37,157,5,295,12,0,12,307
11/12/2017,TUS,AZ,AWP,WE,Towers with Radar,103,24,47,0,174,0,3,57,2,62,103,27,104,2,236,28,0,28,264
11/13/2017,TUS,AZ,AWP,WE,Towers with Radar,95,32,44,12,183,0,5,55,3,63,95,37,99,15,246,38,2,40,286
11/14/2017,TUS,AZ,AWP,WE,Towers with Radar,98,24,41,5,168,0,4,59,20,83,98,28,100,25,251,24,2,26,277
11/15/2017,TUS,AZ,AWP,WE,Towers with Radar,103,30,46,8,187,0,8,59,13,80,103,38,105,21,267,34,10,44,311
11/16/2017,TUS,AZ,AWP,WE,Towers with Radar,105,36,44,7,192,0,10,49,10,69,105,46,93,17,261,42,0,42,303
11/17/2017,TUS,AZ,AWP,WE,Towers with Radar,115,23,36,16,190,0,5,101,4,110,115,28,137,20,300,94,2,96,396
11/18/2017,TUS,AZ,AWP,WE,Towers with Radar,104,33,46,1,184,0,6,163,0,169,104,39,209,1,353,16,0,16,369
11/19/2017,TUS,AZ,AWP,WE,Towers with Radar,95,33,36,5,169,0,11,62,7,80,95,44,98,12,249,32,12,44,293
11/20/2017,TUS,AZ,AWP,WE,Towers with Radar,100,21,28,10,159,0,8,53,11,72,100,29,81,21,231,28,14,42,273
11/21/2017,TUS,AZ,AWP,WE,Towers with Radar,112,22,32,13,179,0,8,80,17,105,112,30,112,30,284,24,8,32,316
11/22/2017,TUS,AZ,AWP,WE,Towers with Radar,117,29,34,22,202,0,20,71,15,106,117,49,105,37,308,24,22,46,354
11/23/2017,TUS,AZ,AWP,WE,Towers with Radar,56,11,10,0,77,0,11,41,0,52,56,22,51,0,129,24,0,24,153
11/24/2017,TUS,AZ,AWP,WE,Towers with Radar,72,22,14,0,108,0,4,56,2,62,72,26,70,2,170,50,0,50,220
11/25/2017,TUS,AZ,AWP,WE,Towers with Radar,112,19,23,0,154,0,16,98,3,117,112,35,121,3,271,44,0,44,315
11/26/2017,TUS,AZ,AWP,WE,Towers with Radar,124,34,60,0,218,0,19,59,2,80,124,53,119,2,298,36,0,36,334
11/27/2017,TUS,AZ,AWP,WE,Towers with Radar,115,20,47,52,234,0,10,46,18,74,115,30,93,70,308,30,52,82,390
11/28/2017,TUS,AZ,AWP,WE,Towers with Radar,93,15,44,63,215,0,8,74,32,114,93,23,118,95,329,92,56,148,477
11/29/2017,TUS,AZ,AWP,WE,Towers with Radar,98,22,52,43,215,0,9,64,29,102,98,31,116,72,317,44,32,76,393
11/30/2017,TUS,AZ,AWP,WE,Towers with Radar,103,27,40,33,203,0,17,52,32,101,103,44,92,65,304,76,38,114,418
12/01/2017,TUS,AZ,AWP,WE,Towers with Radar,102,20,35,45,202,0,17,51,21,89,102,37,86,66,291,50,30,80,371
12/02/2017,TUS,AZ,AWP,WE,Towers with Radar,92,22,22,19,155,0,11,149,18,178,92,33,171,37,333,66,10,76,409
12/03/2017,TUS,AZ,AWP,WE,Towers with Radar,104,18,33,9,164,0,12,63,15,90,104,30,96,24,254,44,8,52,306
12/04/2017,TUS,AZ,AWP,WE,Towers with Radar,94,19,45,8,166,0,17,49,2,68,94,36,94,10,234,130,4,134,368
12/05/2017,TUS,AZ,AWP,WE,Towers with Radar,96,17,49,42,204,0,14,52,29,95,96,31,101,71,299,118,51,169,468
12/06/2017,TUS,AZ,AWP,WE,Towers with Radar,101,19,46,39,205,0,10,45,15,70,101,29,91,54,275,138,28,166,441
12/07/2017,TUS,AZ,AWP,WE,Towers with Radar,108,21,33,37,199,0,15,37,27,79,108,36,70,64,278,40,22,62,340
12/08/2017,TUS,AZ,AWP,WE,Towers with Radar,103,16,22,27,168,0,22,60,21,103,103,38,82,48,271,102,42,144,415
12/09/2017,TUS,AZ,AWP,WE,Towers with Radar,90,13,48,0,151,0,9,160,2,171,90,22,208,2,322,38,0,38,360
12/10/2017,TUS,AZ,AWP,WE,Towers with Radar,96,19,19,0,134,0,5,30,0,35,96,24,49,0,169,22,0,22,191
12/11/2017,TUS,AZ,AWP,WE,Towers with Radar,93,15,39,52,199,0,9,53,18,80,93,24,92,70,279,32,40,72,351
12/12/2017,TUS,AZ,AWP,WE,Towers with Radar,98,26,47,48,219,0,12,56,24,92,98,38,103,72,311,50,18,68,379
12/13/2017,TUS,AZ,AWP,WE,Towers with Radar,105,28,51,44,228,1,15,71,25,112,106,43,122,69,340,102,36,138,478
12/14/2017,TUS,AZ,AWP,WE,Towers with Radar,101,20,43,36,200,0,18,78,21,117,101,38,121,57,317,38,24,62,379
12/15/2017,TUS,AZ,AWP,WE,Towers with Radar,100,22,36,1,159,0,10,52,6,68,100,32,88,7,227,42,0,42,269
12/16/2017,TUS,AZ,AWP,WE,Towers with Radar,92,23,48,1,164,2,15,141,3,161,94,38,189,4,325,76,0,76,401
12/17/2017,TUS,AZ,AWP,WE,Towers with Radar,92,23,27,0,142,0,2,21,4,27,92,25,48,4,169,26,0,26,195
12/18/2017,TUS,AZ,AWP,WE,Towers with Radar,99,20,34,40,193,0,16,71,10,97,99,36,105,50,290,84,24,108,398
12/19/2017,TUS,AZ,AWP,WE,Towers with Radar,98,30,41,46,215,0,9,62,17,88,98,39,103,63,303,58,8,66,369
12/20/2017,TUS,AZ,AWP,WE,Towers with Radar,111,27,31,55,224,0,8,80,27,115,111,35,111,82,339,40,28,68,407
12/21/2017,TUS,AZ,AWP,WE,Towers with Radar,120,31,36,42,229,0,2,47,22,71,120,33,83,64,300,52,30,82,382
12/22/2017,TUS,AZ,AWP,WE,Towers with Radar,119,28,41,23,211,0,19,74,9,102,119,47,115,32,313,32,8,40,353
12/23/2017,TUS,AZ,AWP,WE,Towers with Radar,109,29,30,0,168,0,9,60,0,69,109,38,90,0,237,16,22,38,275
12/24/2017,TUS,AZ,AWP,WE,Towers with Radar,89,21,15,0,125,0,9,48,3,60,89,30,63,3,185,34,0,34,219
12/25/2017,TUS,AZ,AWP,WE,Towers with Radar,83,19,6,0,108,0,12,24,2,38,83,31,30,2,146,2,0,2,148
12/26/2017,TUS,AZ,AWP,WE,Towers with Radar,113,30,35,0,178,0,8,54,1,63,113,38,89,1,241,16,0,16,257
12/27/2017,TUS,AZ,AWP,WE,Towers with Radar,112,27,25,26,190,0,14,51,20,85,112,41,76,46,275,36,22,58,333
12/28/2017,TUS,AZ,AWP,WE,Towers with Radar,123,18,45,17,203,0,10,67,21,98,123,28,112,38,301,24,20,44,345
12/29/2017,TUS,AZ,AWP,WE,Towers with Radar,123,34,30,24,211,0,21,66,13,100,123,55,96,37,311,50,18,68,379
12/30/2017,TUS,AZ,AWP,WE,Towers with Radar,106,26,38,0,170,0,9,70,2,81,106,35,108,2,251,70,0,70,321
12/31/2017,TUS,AZ,AWP,WE,Towers with Radar,93,18,14,0,125,0,9,53,0,62,93,27,67,0,187,44,0,44,231
01/01/2018,TUS,AZ,AWP,WE,Towers with Radar,99,14,14,0,127,0,4,54,0,58,99,18,68,0,185,36,0,36,221
01/02/2018,TUS,AZ,AWP,WE,Towers with Radar,121,27,36,29,213,0,8,59,17,84,121,35,95,46,297,56,10,66,363
01/03/2018,TUS,AZ,AWP,WE,Towers with Radar,105,34,36,28,203,0,9,54,19,82,105,43,90,47,285,42,14,56,341
01/04/2018,TUS,AZ,AWP,WE,Towers with Radar,109,32,45,46,232,0,2,78,24,104,109,34,123,70,336,70,28,98,434
01/05/2018,TUS,AZ,AWP,WE,Towers with Radar,108,18,45,41,212,0,12,69,12,93,108,30,114,53,305,42,26,68,373
01/06/2018,TUS,AZ,AWP,WE,Towers with Radar,104,20,37,28,189,0,4,126,15,145,104,24,163,43,334,100,28,128,462
01/07/2018,TUS,AZ,AWP,WE,Towers with Radar,96,22,48,16,182,0,5,62,18,85,96,27,110,34,267,74,20,94,361
01/08/2018,TUS,AZ,AWP,WE,Towers with Radar,107,24,27,19,177,0,14,65,14,93,107,38,92,33,270,52,28,80,350
01/09/2018,TUS,AZ,AWP,WE,Towers with Radar,107,19,45,43,214,0,8,46,23,77,107,27,91,66,291,38,20,58,349
01/10/2018,TUS,AZ,AWP,WE,Towers with Radar,106,29,37,67,239,0,4,43,14,61,106,33,80,81,300,82,38,120,420
01/11/2018,TUS,AZ,AWP,WE,Towers with Radar,103,28,52,62,245,0,12,80,25,117,103,40,132,87,362,74,72,146,508
01/12/2018,TUS,AZ,AWP,WE,Towers with Radar,100,29,53,40,222,0,15,77,26,118,100,44,130,66,340,110,48,158,498
01/13/2018,TUS,AZ,AWP,WE,Towers with Radar,97,19,55,1,172,0,5,131,0,136,97,24,186,1,308,72,0,72,380
01/14/2018,TUS,AZ,AWP,WE,Towers with Radar,98,22,37,5,162,0,13,67,2,82,98,35,104,7,244,48,6,54,298
01/15/2018,TUS,AZ,AWP,WE,Towers with Radar,102,21,51,0,174,0,14,63,5,82,102,35,114,5,256,34,0,34,290
01/16/2018,TUS,AZ,AWP,WE,Towers with Radar,97,30,21,35,183,0,16,44,22,82,97,46,65,57,265,86,30,116,381
01/17/2018,TUS,AZ,AWP,WE,Towers with Radar,99,19,34,40,192,0,13,36,20,69,99,32,70,60,261,30,12,42,303
01/18/2018,TUS,AZ,AWP,WE,Towers with Radar,109,27,47,48,231,0,20,59,30,109,109,47,106,78,340,38,36,74,414
01/19/2018,TUS,AZ,AWP,WE,Towers with Radar,103,34,51,26,214,0,20,66,22,108,103,54,117,48,322,34,14,48,370
01/20/2018,TUS,AZ,AWP,WE,Towers with Radar,102,25,28,1,156,0,9,95,2,106,102,34,123,3,262,42,0,42,304
01/21/2018,TUS,AZ,AWP,WE,Towers with Radar,105,25,37,1,168,0,16,63,4,83,105,41,100,5,251,82,0,82,333
01/22/2018,TUS,AZ,AWP,WE,Towers with Radar,95,23,26,49,193,0,8,42,18,68,95,31,68,67,261,28,30,58,319
01/23/2018,TUS,AZ,AWP,WE,Towers with Radar,110,25,51,38,224,0,12,70,16,98,110,37,121,54,322,98,18,116,438
01/24/2018,TUS,AZ,AWP,WE,Towers with Radar,104,32,39,48,223,0,25,69,27,121,104,57,108,75,344,38,52,90,434
01/25/2018,TUS,AZ,AWP,WE,Towers with Radar,109,38,40,48,235,0,22,73,27,122,109,60,113,75,357,66,44,110,467
01/26/2018,TUS,AZ,AWP,WE,Towers with Radar,110,36,34,20,200,0,6,76,20,102,110,42,110,40,302,36,40,76,378
01/27/2018,TUS,AZ,AWP,WE,Towers with Radar,95,32,25,2,154,0,18,125,3,146,95,50,150,5,300,100,0,100,400
01/28/2018,TUS,AZ,AWP,WE,Towers with Radar,96,37,31,0,164,0,10,42,2,54,96,47,73,2,218,62,0,62,280
01/29/2018,TUS,AZ,AWP,WE,Towers with Radar,102,23,45,7,177,0,12,49,9,70,102,35,94,16,247,24,6,30,277
01/30/2018,TUS,AZ,AWP,WE,Towers with Radar,104,27,41,53,225,0,17,60,19,96,104,44,101,72,321,106,28,134,455
01/31/2018,TUS,AZ,AWP,WE,Towers with Radar,104,36,61,40,241,2,21,80,25,128,106,57,141,65,369,34,30,64,433
02/01/2018,TUS,AZ,AWP,WE,Towers with Radar,105,43,47,41,236,0,14,75,24,113,105,57,122,65,349,70,30,100,449
02/02/2018,TUS,AZ,AWP,WE,Towers with Radar,109,38,57,38,242,0,11,84,16,111,109,49,141,54,353,28,26,54,407
02/03/2018,TUS,AZ,AWP,WE,Towers with Radar,99,28,44,0,171,0,22,108,1,131,99,50,152,1,302,114,0,114,416
02/04/2018,TUS,AZ,AWP,WE,Towers with Radar,102,20,41,23,186,0,6,68,3,77,102,26,109,26,263,126,12,138,401
02/05/2018,TUS,AZ,AWP,WE,Towers with Radar,99,23,36,52,210,0,13,52,14,79,99,36,88,66,289,72,56,128,417
02/06/2018,TUS,AZ,AWP,WE,Towers with Radar,103,31,34,44,212,0,17,68,11,96,103,48,102,55,308,30,22,52,360
02/07/2018,TUS,AZ,AWP,WE,Towers with Radar,105,17,64,49,235,0,9,81,11,101,105,26,145,60,336,54,42,96,432
02/08/2018,TUS,AZ,AWP,WE,Towers with Radar,111,42,58,40,251,0,10,78,11,99,111,52,136,51,350,52,20,72,422
02/09/2018,TUS,AZ,AWP,WE,Towers with Radar,104,21,42,10,177,0,10,75,5,90,104,31,117,15,267,70,12,82,349
02/10/2018,TUS,AZ,AWP,WE,Towers with Radar,96,21,44,25,186,0,5,131,16,152,96,26,175,41,338,118,22,140,478
02/11/2018,TUS,AZ,AWP,WE,Towers with Radar,104,37,55,17,213,0,6,91,9,106,104,43,146,26,319,54,20,74,393
02/12/2018,TUS,AZ,AWP,WE,Towers with Radar,101,33,45,4,183,0,17,49,7,73,101,50,94,11,256,42,4,46,302
02/13/2018,TUS,AZ,AWP,WE,Towers with Radar,94,28,48,26,196,0,25,71,23,119,94,53,119,49,315,112,44,156,471
02/14/2018,TUS,AZ,AWP,WE,Towers with Radar,99,24,48,35,206,0,10,40,11,61,99,34,88,46,267,38,48,86,353
02/15/2018,TUS,AZ,AWP,WE,Towers with Radar,103,39,69,35,246,0,0,3,2,5,103,39,72,37,251,20,20,40,291
02/16/2018,TUS,AZ,AWP,WE,Towers with Radar,103,45,73,20,241,0,0,5,1,6,103,45,78,21,247,16,0,16,263
02/17/2018,TUS,AZ,AWP,WE,Towers with Radar,103,29,39,7,178,0,4,126,0,130,103,33,165,7,308,48,0,48,356
02/18/2018,TUS,AZ,AWP,WE,Towers with Radar,104,32,33,2,171,0,12,62,0,74,104,44,95,2,245,56,0,56,301
02/19/2018,TUS,AZ,AWP,WE,Towers with Radar,100,32,41,1,174,0,4,19,2,25,100,36,60,3,199,36,0,36,235
02/20/2018,TUS,AZ,AWP,WE,Towers with Radar,107,32,50,30,219,0,7,82,16,105,107,39,132,46,324,114,20,134,458
02/21/2018,TUS,AZ,AWP,WE,Towers with Radar,108,28,41,35,212,0,14,97,14,125,108,42,138,49,337,76,30,106,443
02/22/2018,TUS,AZ,AWP,WE,Towers with Radar,105,42,54,37,238,0,13,87,25,125,105,55,141,62,363,136,42,178,541
02/23/2018,TUS,AZ,AWP,WE,Towers with Radar,106,38,47,35,226,0,12,83,20,115,106,50,130,55,341,138,84,222,563
02/24/2018,TUS,AZ,AWP,WE,Towers with Radar,99,24,44,3,170,0,9,159,5,173,99,33,203,8,343,118,2,120,463
02/25/2018,TUS,AZ,AWP,WE,Towers with Radar,105,19,47,8,179,0,14,78,4,96,105,33,125,12,275,136,8,144,419
02/26/2018,TUS,AZ,AWP,WE,Towers with Radar,96,30,33,1,160,0,19,83,5,107,96,49,116,6,267,138,2,140,407
02/27/2018,TUS,AZ,AWP,WE,Towers with Radar,109,34,31,46,220,0,13,40,9,62,109,47,71,55,282,158,22,180,462
02/28/2018,TUS,AZ,AWP,WE,Towers with Radar,108,43,32,39,222,0,4,38,17,59,108,47,70,56,281,110,14,124,405
03/01/2018,TUS,AZ,AWP,WE,Towers with Radar,103,43,41,35,222,0,7,65,21,93,103,50,106,56,315,158,38,196,511
03/02/2018,TUS,AZ,AWP,WE,Towers with Radar,105,31,32,31,199,0,5,78,15,98,105,36,110,46,297,180,32,212,509
03/03/2018,TUS,AZ,AWP,WE,Towers with Radar,101,22,22,28,173,0,14,140,21,175,101,36,162,49,348,96,38,134,482
03/04/2018,TUS,AZ,AWP,WE,Towers with Radar,105,32,35,11,183,0,4,69,11,84,105,36,104,22,267,68,18,86,353
03/05/2018,TUS,AZ,AWP,WE,Towers with Radar,101,38,21,2,162,0,12,79,10,101,101,50,100,12,263,62,16,78,341
03/06/2018,TUS,AZ,AWP,WE,Towers with Radar,111,24,29,40,204,0,6,67,28,101,111,30,96,68,305,156,40,196,501
03/07/2018,TUS,AZ,AWP,WE,Towers with Radar,103,43,48,26,220,0,3,75,21,99,103,46,123,47,319,170,14,184,503
03/08/2018,TUS,AZ,AWP,WE,Towers with Radar,113,37,45,36,231,0,14,78,20,112,113,51,123,56,343,194,32,226,569
03/09/2018,TUS,AZ,AWP,WE,Towers with Radar,110,35,41,35,221,0,13,62,19,94,110,48,103,54,315,130,22,152,467
03/10/2018,TUS,AZ,AWP,WE,Towers with Radar,111,21,43,0,175,0,14,111,1,126,111,35,154,1,301,104,0,104,405
03/11/2018,TUS,AZ,AWP,WE,Towers with Radar,120,34,50,16,220,0,4,100,1,105,120,38,150,17,325,40,0,40,365
03/12/2018,TUS,AZ,AWP,WE,Towers with Radar,105,39,37,35,216,0,16,63,28,107,105,55,100,63,323,130,20,150,473
03/13/2018,TUS,AZ,AWP,WE,Towers with Radar,110,28,57,36,231,0,20,87,19,126,110,48,144,55,357,114,34,148,505
03/14/2018,TUS,AZ,AWP,WE,Towers with Radar,114,32,37,47,230,0,19,87,27,133,114,51,124,74,363,62,64,126,489
03/15/2018,TUS,AZ,AWP,WE,Towers with Radar,118,27,45,25,215,0,7,69,19,95,118,34,114,44,310,68,28,96,406
03/16/2018,TUS,AZ,AWP,WE,Towers with Radar,115,38,40,18,211,0,7,83,18,108,115,45,123,36,319,72,18,90,409
03/17/2018,TUS,AZ,AWP,WE,Towers with Radar,116,20,38,1,175,0,20,96,10,126,116,40,134,11,301,56,14,70,371
03/18/2018,TUS,AZ,AWP,WE,Towers with Radar,114,31,43,2,190,0,10,67,5,82,114,41,110,7,272,28,0,28,300
03/19/2018,TUS,AZ,AWP,WE,Towers with Radar,107,30,37,5,179,0,11,96,6,113,107,41,133,11,292,112,6,118,410
03/20/2018,TUS,AZ,AWP,WE,Towers with Radar,110,30,28,34,202,0,14,77,16,107,110,44,105,50,309,78,22,100,409
03/21/2018,TUS,AZ,AWP,WE,Towers with Radar,112,37,40,37,226,0,13,52,29,94,112,50,92,66,320,98,44,142,462
03/22/2018,TUS,AZ,AWP,WE,Towers with Radar,113,24,45,50,232,0,14,63,27,104,113,38,108,77,336,106,56,162,498
03/23/2018,TUS,AZ,AWP,WE,Towers with Radar,115,36,38,42,231,2,21,92,16,131,117,57,130,58,362,86,64,150,512
03/24/2018,TUS,AZ,AWP,WE,Towers with Radar,108,28,20,0,156,0,16,128,2,146,108,44,148,2,302,54,0,54,356
03/25/2018,TUS,AZ,AWP,WE,Towers with Radar,105,20,40,1,166,0,7,98,2,107,105,27,138,3,273,56,0,56,329
03/26/2018,TUS,AZ,AWP,WE,Towers with Radar,104,36,42,33,215,0,18,50,17,85,104,54,92,50,300,26,22,48,348
03/27/2018,TUS,AZ,AWP,WE,Towers with Radar,115,27,31,34,207,0,18,81,17,116,115,45,112,51,323,62,28,90,413
03/28/2018,TUS,AZ,AWP,WE,Towers with Radar,107,29,42,39,217,0,24,71,23,118,107,53,113,62,335,64,26,90,425
03/29/2018,TUS,AZ,AWP,WE,Towers with Radar,113,42,52,32,239,0,15,64,13,92,113,57,116,45,331,60,18,78,409
03/30/2018,TUS,AZ,AWP,WE,Towers with Radar,109,46,47,28,230,0,9,128,12,149,109,55,175,40,379,104,8,112,491
03/31/2018,TUS,AZ,AWP,WE,Towers with Radar,106,23,33,0,162,0,4,87,3,94,106,27,120,3,256,72,0,72,328
04/01/2018,TUS,AZ,AWP,WE,Towers with Radar,103,25,25,1,154,0,14,65,3,82,103,39,90,4,236,32,0,32,268
04/02/2018,TUS,AZ,AWP,WE,Towers with Radar,104,37,32,36,209,0,16,64,18,98,104,53,96,54,307,106,32,138,445
04/03/2018,TUS,AZ,AWP,WE,Towers with Radar,108,28,25,31,192,0,15,62,18,95,108,43,87,49,287,102,28,130,417
04/04/2018,TUS,AZ,AWP,WE,Towers with Radar,109,28,45,31,213,0,4,77,17,98,109,32,122,48,311,80,20,100,411
04/05/2018,TUS,AZ,AWP,WE,Towers with Radar,109,41,50,30,230,0,12,77,17,106,109,53,127,47,336,70,22,92,428
04/06/2018,TUS,AZ,AWP,WE,Towers with Radar,102,31,49,7,189,0,13,75,10,98,102,44,124,17,287,40,6,46,333
04/07/2018,TUS,AZ,AWP,WE,Towers with Radar,105,23,33,14,175,0,7,124,16,147,105,30,157,30,322,70,36,106,428
04/08/2018,TUS,AZ,AWP,WE,Towers with Radar,118,29,62,0,209,0,9,58,2,69,118,38,120,2,278,46,0,46,324
04/09/2018,TUS,AZ,AWP,WE,Towers with Radar,102,28,59,2,191,0,9,92,4,105,102,37,151,6,296,28,0,28,324
04/10/2018,TUS,AZ,AWP,WE,Towers with Radar,107,24,40,46,217,0,13,77,32,122,107,37,117,78,339,148,50,198,537
04/11/2018,TUS,AZ,AWP,WE,Towers with Radar,102,35,24,28,189,0,8,68,29,105,102,43,92,57,294,26,20,46,340
04/12/2018,TUS,AZ,AWP,WE,Towers with Radar,108,27,42,21,198,0,15,49,19,83,108,42,91,40,281,8,24,32,313
04/13/2018,TUS,AZ,AWP,WE,Towers with Radar,108,37,27,25,197,0,9,45,13,67,108,46,72,38,264,100,18,118,382
04/14/2018,TUS,AZ,AWP,WE,Towers with Radar,86,20,41,0,147,0,11,179,5,195,86,31,220,5,342,112,0,112,454
04/15/2018,TUS,AZ,AWP,WE,Towers with Radar,95,24,43,0,162,0,10,86,4,100,95,34,129,4,262,86,0,86,348
04/16/2018,TUS,AZ,AWP,WE,Towers with Radar,101,27,29,44,201,0,8,54,28,90,101,35,83,72,291,66,50,116,407
04/17/2018,TUS,AZ,AWP,WE,Towers with Radar,109,20,32,35,196,0,19,66,20,105,109,39,98,55,301,26,42,68,369
04/18/2018,TUS,AZ,AWP,WE,Towers with Radar,107,38,25,26,196,0,14,77,19,110,107,52,102,45,306,70,28,98,404
04/19/2018,TUS,AZ,AWP,WE,Towers with Radar,101,32,32,24,189,0,14,65,17,96,101,46,97,41,285,16,8,24,309
04/20/2018,TUS,AZ,AWP,WE,Towers with Radar,107,37,41,21,206,0,16,135,16,167,107,53,176,37,373,58,14,72,445
04/21/2018,TUS,AZ,AWP,WE,Towers with Radar,89,30,31,3,153,0,19,150,4,173,89,49,181,7,326,90,0,90,416
04/22/2018,TUS,AZ,AWP,WE,Towers with Radar,107,27,34,1,169,0,16,83,2,101,107,43,117,3,270,96,0,96,366
04/23/2018,TUS,AZ,AWP,WE,Towers with Radar,99,23,41,33,196,0,14,86,17,117,99,37,127,50,313,120,38,158,471
04/24/2018,TUS,AZ,AWP,WE,Towers with Radar,98,29,46,41,214,0,10,91,25,126,98,39,137,66,340,128,44,172,512
04/25/2018,TUS,AZ,AWP,WE,Towers with Radar,100,20,40,29,189,0,7,101,30,138,100,27,141,59,327,124,6,130,457
04/26/2018,TUS,AZ,AWP,WE,Towers with Radar,106,25,48,34,213,0,11,129,18,158,106,36,177,52,371,141,22,163,534
04/27/2018,TUS,AZ,AWP,WE,Towers with Radar,108,36,43,11,198,0,5,96,7,108,108,41,139,18,306,48,6,54,360
04/28/2018,TUS,AZ,AWP,WE,Towers with Radar,95,34,26,0,155,0,10,111,10,131,95,44,137,10,286,142,0,142,428
04/29/2018,TUS,AZ,AWP,WE,Towers with Radar,102,21,34,4,161,0,4,75,1,80,102,25,109,5,241,52,0,52,293
04/30/2018,TUS,AZ,AWP,WE,Towers with Radar,99,28,37,26,190,0,6,59,12,77,99,34,96,38,267,18,26,44,311
05/01/2018,TUS,AZ,AWP,WE,Towers with Radar,105,23,33,27,188,0,11,46,7,64,105,34,79,34,252,20,2,22,274
05/02/2018,TUS,AZ,AWP,WE,Towers with Radar,103,29,32,34,198,0,7,45,18,70,103,36,77,52,268,32,34,66,334
05/03/2018,TUS,AZ,AWP,WE,Towers with Radar,98,31,30,44,203,0,7,105,29,141,98,38,135,73,344,62,38,100,444
05/04/2018,TUS,AZ,AWP,WE,Towers with Radar,104,29,35,31,199,0,11,90,20,121,104,40,125,51,320,122,32,154,474
05/05/2018,TUS,AZ,AWP,WE,Towers with Radar,89,24,20,23,156,0,7,69,16,92,89,31,89,39,248,42,18,60,308
05/06/2018,TUS,AZ,AWP,WE,Towers with Radar,102,27,32,8,169,0,10,59,9,78,102,37,91,17,247,50,10,60,307
05/07/2018,TUS,AZ,AWP,WE,Towers with Radar,99,17,47,5,168,0,13,70,19,102,99,30,117,24,270,42,8,50,320
05/08/2018,TUS,AZ,AWP,WE,Towers with Radar,101,19,34,37,191,0,11,69,30,110,101,30,103,67,301,96,50,146,447
05/09/2018,TUS,AZ,AWP,WE,Towers with Radar,99,28,39,33,199,0,21,80,33,134,99,49,119,66,333,82,24,106,439
05/10/2018,TUS,AZ,AWP,WE,Towers with Radar,103,21,45,40,209,0,14,83,25,122,103,35,128,65,331,74,62,136,467
05/11/2018,TUS,AZ,AWP,WE,Towers with Radar,102,32,38,31,203,0,18,42,25,85,102,50,80,56,288,32,6,38,326
05/12/2018,TUS,AZ,AWP,WE,Towers with Radar,86,25,26,0,137,0,8,35,1,44,86,33,61,1,181,36,0,36,217
05/13/2018,TUS,AZ,AWP,WE,Towers with Radar,96,30,27,0,153,0,6,52,4,62,96,36,79,4,215,24,0,24,239
05/14/2018,TUS,AZ,AWP,WE,Towers with Radar,95,24,32,40,191,0,5,55,23,83,95,29,87,63,274,88,42,130,404
05/15/2018,TUS,AZ,AWP,WE,Towers with Radar,102,25,25,48,200,0,17,64,26,107,102,42,89,74,307,72,60,132,439
05/16/2018,TUS,AZ,AWP,WE,Towers with Radar,102,21,35,40,198,0,10,87,21,118,102,31,122,61,316,108,14,122,438
05/17/2018,TUS,AZ,AWP,WE,Towers with Radar,103,40,39,39,221,0,16,61,22,99,103,56,100,61,320,96,16,112,432
05/18/2018,TUS,AZ,AWP,WE,Towers with Radar,99,27,30,26,182,0,16,79,18,113,99,43,109,44,295,64,34,98,393
05/19/2018,TUS,AZ,AWP,WE,Towers with Radar,96,19,21,0,136,0,12,163,5,180,96,31,184,5,316,64,0,64,380
05/20/2018,TUS,AZ,AWP,WE,Towers with Radar,84,13,19,1,117,0,1,32,0,33,84,14,51,1,150,22,0,22,172
05/21/2018,TUS,AZ,AWP,WE,Towers with Radar,96,26,40,22,184,0,9,74,14,97,96,35,114,36,281,32,24,56,337
05/22/2018,TUS,AZ,AWP,WE,Towers with Radar,109,31,37,38,215,0,13,58,28,99,109,44,95,66,314,70,32,102,416
05/23/2018,TUS,AZ,AWP,WE,Towers with Radar,108,36,27,35,206,0,12,74,20,106,108,48,101,55,312,90,20,110,422
05/24/2018,TUS,AZ,AWP,WE,Towers with Radar,110,36,31,42,219,0,12,74,33,119,110,48,105,75,338,42,32,74,412
05/25/2018,TUS,AZ,AWP,WE,Towers with Radar,110,33,45,1,189,0,8,78,0,86,110,41,123,1,275,92,2,94,369
05/26/2018,TUS,AZ,AWP,WE,Towers with Radar,89,21,29,0,139,0,7,74,2,83,89,28,103,2,222,134,0,134,356
05/27/2018,TUS,AZ,AWP,WE,Towers with Radar,88,29,16,0,133,0,8,62,2,72,88,37,78,2,205,36,0,36,241
05/28/2018,TUS,AZ,AWP,WE,Towers with Radar,97,29,25,2,153,0,9,78,3,90,97,38,103,5,243,70,4,74,317
05/29/2018,TUS,AZ,AWP,WE,Towers with Radar,101,29,27,40,197,0,19,73,20,112,101,48,100,60,309,86,12,98,407
05/30/2018,TUS,AZ,AWP,WE,Towers with Radar,104,23,24,33,184,0,7,76,22,105,104,30,100,55,289,66,36,102,391
05/31/2018,TUS,AZ,AWP,WE,Towers with Radar,102,25,30,30,187,0,7,65,19,91,102,32,95,49,278,78,28,106,384
06/01/2018,TUS,AZ,AWP,WE,Towers with Radar,110,21,36,20,187,0,9,68,19,96,110,30,104,39,283,130,28,158,441
06/02/2018,TUS,AZ,AWP,WE,Towers with Radar,88,20,9,10,127,0,14,53,10,77,88,34,62,20,204,132,26,158,362
06/03/2018,TUS,AZ,AWP,WE,Towers with Radar,101,21,12,14,148,0,14,47,9,70,101,35,59,23,218,54,30,84,302
06/04/2018,TUS,AZ,AWP,WE,Towers with Radar,101,19,29,4,153,0,12,69,3,84,101,31,98,7,237,58,10,68,305
06/05/2018,TUS,AZ,AWP,WE,Towers with Radar,99,30,24,30,183,0,8,70,16,94,99,38,94,46,277,112,30,142,419
06/06/2018,TUS,AZ,AWP,WE,Towers with Radar,105,22,31,35,193,0,24,75,19,118,105,46,106,54,311,50,32,82,393
06/07/2018,TUS,AZ,AWP,WE,Towers with Radar,88,23,30,32,173,0,6,68,20,94,88,29,98,52,267,114,30,144,411
06/08/2018,TUS,AZ,AWP,WE,Towers with Radar,98,29,36,1,164,0,11,54,2,67,98,40,90,3,231,88,2,90,321
06/09/2018,TUS,AZ,AWP,WE,Towers with Radar,81,18,20,0,119,0,13,63,1,77,81,31,83,1,196,68,0,68,264
06/10/2018,TUS,AZ,AWP,WE,Towers with Radar,87,26,26,4,143,0,7,60,0,67,87,33,86,4,210,50,0,50,260
06/11/2018,TUS,AZ,AWP,WE,Towers with Radar,94,28,38,48,208,0,8,35,13,56,94,36,73,61,264,68,38,106,370
06/12/2018,TUS,AZ,AWP,WE,Towers with Radar,99,23,31,30,183,0,13,46,25,84,99,36,77,55,267,132,48,180,447
06/13/2018,TUS,AZ,AWP,WE,Towers with Radar,92,19,38,30,179,0,6,77,18,101,92,25,115,48,280,76,32,108,388
06/14/2018,TUS,AZ,AWP,WE,Towers with Radar,97,22,33,34,186,0,16,64,25,105,97,38,97,59,291,44,62,106,397
06/15/2018,TUS,AZ,AWP,WE,Towers with Radar,98,25,33,14,170,0,10,35,12,57,98,35,68,26,227,54,22,76,303
06/16/2018,TUS,AZ,AWP,WE,Towers with Radar,84,23,15,1,123,0,6,19,2,27,84,29,34,3,150,32,2,34,184
06/17/2018,TUS,AZ,AWP,WE,Towers with Radar,85,19,20,3,127,0,11,46,3,60,85,30,66,6,187,42,0,42,229
06/18/2018,TUS,AZ,AWP,WE,Towers with Radar,86,17,19,8,130,0,9,59,5,73,86,26,78,13,203,66,2,68,271
06/19/2018,TUS,AZ,AWP,WE,Towers with Radar,100,34,33,32,199,0,10,66,27,103,100,44,99,59,302,112,16,128,430
06/20/2018,TUS,AZ,AWP,WE,Towers with Radar,89,28,34,27,178,0,20,55,25,100,89,48,89,52,278,66,46,112,390
06/21/2018,TUS,AZ,AWP,WE,Towers with Radar,95,35,25,32,187,0,18,54,29,101,95,53,79,61,288,52,32,84,372
06/22/2018,TUS,AZ,AWP,WE,Towers with Radar,102,17,27,43,189,0,10,74,29,113,102,27,101,72,302,58,52,110,412
06/23/2018,TUS,AZ,AWP,WE,Towers with Radar,78,22,23,4,127,0,7,65,0,72,78,29,88,4,199,52,0,52,251
06/24/2018,TUS,AZ,AWP,WE,Towers with Radar,83,39,29,4,155,0,7,44,4,55,83,46,73,8,210,16,4,20,230
06/25/2018,TUS,AZ,AWP,WE,Towers with Radar,90,18,21,35,164,2,8,56,31,97,92,26,77,66,261,74,42,116,377
06/26/2018,TUS,AZ,AWP,WE,Towers with Radar,98,26,42,55,221,0,14,64,24,102,98,40,106,79,323,136,42,178,501
06/27/2018,TUS,AZ,AWP,WE,Towers with Radar,94,25,40,39,198,0,8,74,20,102,94,33,114,59,300,66,4,70,370
06/28/2018,TUS,AZ,AWP,WE,Towers with Radar,95,22,37,48,202,0,13,53,23,89,95,35,90,71,291,70,36,106,397
06/29/2018,TUS,AZ,AWP,WE,Towers with Radar,97,24,24,24,169,0,12,78,17,107,97,36,102,41,276,86,18,104,380
06/30/2018,TUS,AZ,AWP,WE,Towers with Radar,81,21,13,0,115,0,9,64,5,78,81,30,77,5,193,104,0,104,297
07/01/2018,TUS,AZ,AWP,WE,Towers with Radar,84,22,17,2,125,0,12,43,0,55,84,34,60,2,180,134,0,134,314
07/02/2018,TUS,AZ,AWP,WE,Towers with Radar,88,15,39,37,179,0,9,69,20,98,88,24,108,57,277,72,26,98,375
07/03/2018,TUS,AZ,AWP,WE,Towers with Radar,87,23,19,37,166,0,8,63,30,101,87,31,82,67,267,108,30,138,405
07/04/2018,TUS,AZ,AWP,WE,Towers with Radar,74,15,20,4,113,0,2,43,2,47,74,17,63,6,160,26,0,26,186
07/05/2018,TUS,AZ,AWP,WE,Towers with Radar,90,29,25,27,171,0,5,50,14,69,90,34,75,41,240,78,22,100,340
07/06/2018,TUS,AZ,AWP,WE,Towers with Radar,92,24,19,2,137,0,12,26,5,43,92,36,45,7,180,10,0,10,190
07/07/2018,TUS,AZ,AWP,WE,Towers with Radar,85,25,16,0,126,0,0,34,0,34,85,25,50,0,160,76,0,76,236
07/08/2018,TUS,AZ,AWP,WE,Towers with Radar,84,20,16,0,120,0,5,46,3,54,84,25,62,3,174,40,0,40,214
07/09/2018,TUS,AZ,AWP,WE,Towers with Radar,93,17,25,41,176,0,11,57,15,83,93,28,82,56,259,50,36,86,345
07/10/2018,TUS,AZ,AWP,WE,Towers with Radar,97,22,22,38,179,0,16,27,11,54,97,38,49,49,233,48,16,64,297
07/11/2018,TUS,AZ,AWP,WE,Towers with Radar,93,24,22,40,179,0,8,42,13,63,93,32,64,53,242,60,8,68,310
07/12/2018,TUS,AZ,AWP,WE,Towers with Radar,93,21,37,33,184,0,11,47,29,87,93,32,84,62,271,80,30,110,381
07/13/2018,TUS,AZ,AWP,WE,Towers with Radar,97,25,35,33,190,0,10,46,29,85,97,35,81,62,275,92,22,114,389
07/14/2018,TUS,AZ,AWP,WE,Towers with Radar,79,33,18,0,130,0,4,64,0,68,79,37,82,0,198,94,0,94,292
07/15/2018,TUS,AZ,AWP,WE,Towers with Radar,90,33,29,0,152,0,10,38,0,48,90,43,67,0,200,58,0,58,258
07/16/2018,TUS,AZ,AWP,WE,Towers with Radar,93,23,25,4,145,0,12,42,8,62,93,35,67,12,207,68,2,70,277
07/17/2018,TUS,AZ,AWP,WE,Towers with Radar,94,21,17,57,189,0,12,61,21,94,94,33,78,78,283,66,44,110,393
07/18/2018,TUS,AZ,AWP,WE,Towers with Radar,98,26,26,55,205,0,34,57,41,132,98,60,83,96,337,80,40,120,457
07/19/2018,TUS,AZ,AWP,WE,Towers with Radar,95,21,20,52,188,0,10,66,34,110,95,31,86,86,298,48,34,82,380
07/20/2018,TUS,AZ,AWP,WE,Towers with Radar,93,23,33,34,183,0,13,75,21,109,93,36,108,55,292,54,16,70,362
07/21/2018,TUS,AZ,AWP,WE,Towers with Radar,85,25,26,2,138,0,13,72,0,85,85,38,98,2,223,72,0,72,295
07/22/2018,TUS,AZ,AWP,WE,Towers with Radar,85,26,21,1,133,0,8,53,2,63,85,34,74,3,196,58,0,58,254
07/23/2018,TUS,AZ,AWP,WE,Towers with Radar,89,26,21,49,185,0,8,57,40,105,89,34,78,89,290,70,112,182,472
07/24/2018,TUS,AZ,AWP,WE,Towers with Radar,95,27,18,45,185,0,9,45,23,77,95,36,63,68,262,86,10,96,358
07/25/2018,TUS,AZ,AWP,WE,Towers with Radar,94,26,12,40,172,0,9,48,30,87,94,35,60,70,259,58,22,80,339
07/26/2018,TUS,AZ,AWP,WE,Towers with Radar,95,27,28,31,181,0,12,58,22,92,95,39,86,53,273,114,12,126,399
07/27/2018,TUS,AZ,AWP,WE,Towers with Radar,100,24,37,27,188,0,5,59,13,77,100,29,96,40,265,98,0,98,363
07/28/2018,TUS,AZ,AWP,WE,Towers with Radar,77,20,21,1,119,0,6,75,4,85,77,26,96,5,204,158,0,158,362
07/29/2018,TUS,AZ,AWP,WE,Towers with Radar,84,22,22,4,132,0,4,34,0,38,84,26,56,4,170,54,2,56,226
07/30/2018,TUS,AZ,AWP,WE,Towers with Radar,95,18,20,3,136,0,1,39,9,49,95,19,59,12,185,44,2,46,231
07/31/2018,TUS,AZ,AWP,WE,Towers with Radar,97,31,23,33,184,0,18,64,26,108,97,49,87,59,292,128,72,200,492
08/01/2018,TUS,AZ,AWP,WE,Towers with Radar,94,22,26,30,172,0,12,43,24,79,94,34,69,54,251,131,14,145,396
08/02/2018,TUS,AZ,AWP,WE,Towers with Radar,118,41,22,47,228,0,11,57,15,83,118,52,79,62,311,141,21,162,473
08/03/2018,TUS,AZ,AWP,WE,Towers with Radar,98,20,15,42,175,0,10,46,24,80,98,30,61,66,255,98,0,98,353
08/04/2018,TUS,AZ,AWP,WE,Towers with Radar,83,31,18,21,153,0,9,77,13,99,83,40,95,34,252,74,8,82,334
08/05/2018,TUS,AZ,AWP,WE,Towers with Radar,95,20,15,12,142,0,6,44,13,63,95,26,59,25,205,51,12,63,268
08/06/2018,TUS,AZ,AWP,WE,Towers with Radar,95,25,40,8,168,0,15,64,5,84,95,40,104,13,252,30,1,31,283
08/07/2018,TUS,AZ,AWP,WE,Towers with Radar,99,21,26,48,194,0,12,57,13,82,99,33,83,61,276,51,14,65,341
08/08/2018,TUS,AZ,AWP,WE,Towers with Radar,114,34,19,31,198,0,16,46,18,80,114,50,65,49,278,28,10,38,316
08/09/2018,TUS,AZ,AWP,WE,Towers with Radar,99,28,29,33,189,0,3,43,24,70,99,31,72,57,259,68,28,96,355
08/10/2018,TUS,AZ,AWP,WE,Towers with Radar,104,24,45,33,206,0,10,45,24,79,104,34,90,57,285,106,16,122,407
08/11/2018,TUS,AZ,AWP,WE,Towers with Radar,77,13,21,0,111,0,2,76,4,82,77,15,97,4,193,65,0,65,258
08/12/2018,TUS,AZ,AWP,WE,Towers with Radar,96,28,18,0,142,0,3,51,6,60,96,31,69,6,202,22,0,22,224
08/13/2018,TUS,AZ,AWP,WE,Towers with Radar,96,25,27,36,184,0,15,70,25,110,96,40,97,61,294,67,44,111,405
08/14/2018,TUS,AZ,AWP,WE,Towers with Radar,95,33,33,33,194,0,6,43,23,72,95,39,76,56,266,82,29,111,377
08/15/2018,TUS,AZ,AWP,WE,Towers with Radar,93,24,23,35,175,0,13,44,15,72,93,37,67,50,247,39,11,50,297
08/16/2018,TUS,AZ,AWP,WE,Towers with Radar,93,33,42,37,205,0,6,54,32,92,93,39,96,69,297,39,37,76,373
08/17/2018,TUS,AZ,AWP,WE,Towers with Radar,98,35,17,30,180,0,15,72,25,112,98,50,89,55,292,65,16,81,373
08/18/2018,TUS,AZ,AWP,WE,Towers with Radar,75,19,24,0,118,0,16,70,0,86,75,35,94,0,204,74,0,74,278
08/19/2018,TUS,AZ,AWP,WE,Towers with Radar,86,27,20,0,133,0,12,58,0,70,86,39,78,0,203,22,0,22,225
08/20/2018,TUS,AZ,AWP,WE,Towers with Radar,89,24,14,20,147,0,13,62,17,92,89,37,76,37,239,48,2,50,289
08/21/2018,TUS,AZ,AWP,WE,Towers with Radar,94,18,33,42,187,0,14,61,24,99,94,32,94,66,286,149,22,171,457
08/22/2018,TUS,AZ,AWP,WE,Towers with Radar,97,18,24,27,166,1,18,59,12,90,98,36,83,39,256,81,25,106,362
08/23/2018,TUS,AZ,AWP,WE,Towers with Radar,116,29,27,29,201,0,10,53,30,93,116,39,80,59,294,135,30,165,459
08/24/2018,TUS,AZ,AWP,WE,Towers with Radar,98,38,19,21,176,0,6,35,13,54,98,44,54,34,230,32,10,42,272
08/25/2018,TUS,AZ,AWP,WE,Towers with Radar,78,13,16,1,108,0,9,78,0,87,78,22,94,1,195,75,0,75,270
08/26/2018,TUS,AZ,AWP,WE,Towers with Radar,94,26,32,2,154,0,21,40,0,61,94,47,72,2,215,33,0,33,248
08/27/2018,TUS,AZ,AWP,WE,Towers with Radar,95,28,25,31,179,0,22,67,31,120,95,50,92,62,299,87,49,136,435
08/28/2018,TUS,AZ,AWP,WE,Towers with Radar,94,22,21,39,176,0,12,70,14,96,94,34,91,53,272,97,40,137,409
08/29/2018,TUS,AZ,AWP,WE,Towers with Radar,94,26,16,37,173,0,12,78,21,111,94,38,94,58,284,57,10,67,351
08/30/2018,TUS,AZ,AWP,WE,Towers with Radar,98,35,31,32,196,0,19,66,18,103,98,54,97,50,299,70,8,78,377
08/31/2018,TUS,AZ,AWP,WE,Towers with Radar,101,23,28,3,155,0,18,78,4,100,101,41,106,7,255,54,0,54,309
09/01/2018,TUS,AZ,AWP,WE,Towers with Radar,73,19,20,0,112,0,10,74,0,84,73,29,94,0,196,41,0,41,237
09/02/2018,TUS,AZ,AWP,WE,Towers with Radar,85,14,15,0,114,0,4,39,5,48,85,18,54,5,162,35,0,35,197
09/03/2018,TUS,AZ,AWP,WE,Towers with Radar,90,21,26,0,137,0,11,66,0,77,90,32,92,0,214,24,0,24,238
09/04/2018,TUS,AZ,AWP,WE,Towers with Radar,89,23,24,39,175,0,8,50,14,72,89,31,74,53,247,79,10,89,336
09/05/2018,TUS,AZ,AWP,WE,Towers with Radar,93,25,23,39,180,0,11,52,27,90,93,36,75,66,270,124,21,145,415
09/06/2018,TUS,AZ,AWP,WE,Towers with Radar,94,21,33,23,171,0,11,69,21,101,94,32,102,44,272,67,6,73,345
09/07/2018,TUS,AZ,AWP,WE,Towers with Radar,93,38,30,22,183,0,11,59,18,88,93,49,89,40,271,27,9,36,307
09/08/2018,TUS,AZ,AWP,WE,Towers with Radar,78,19,19,12,128,0,9,77,14,100,78,28,96,26,228,64,4,68,296
09/09/2018,TUS,AZ,AWP,WE,Towers with Radar,90,35,22,9,156,0,13,63,8,84,90,48,85,17,240,52,10,62,302
09/10/2018,TUS,AZ,AWP,WE,Towers with Radar,94,28,28,2,152,0,8,55,9,72,94,36,83,11,224,53,0,53,277
09/11/2018,TUS,AZ,AWP,WE,Towers with Radar,93,23,20,31,167,0,17,59,18,94,93,40,79,49,261,96,14,110,371
09/12/2018,TUS,AZ,AWP,WE,Towers with Radar,97,25,30,21,173,0,17,79,29,125,97,42,109,50,298,60,8,68,366
09/13/2018,TUS,AZ,AWP,WE,Towers with Radar,103,29,30,32,194,0,12,66,24,102,103,41,96,56,296,70,14,84,380
09/14/2018,TUS,AZ,AWP,WE,Towers with Radar,102,23,50,28,203,0,12,67,19,98,102,35,117,47,301,39,4,43,344
09/15/2018,TUS,AZ,AWP,WE,Towers with Radar,82,26,24,0,132,0,7,83,0,90,82,33,107,0,222,68,0,68,290
09/16/2018,TUS,AZ,AWP,WE,Towers with Radar,92,16,29,4,141,0,13,52,4,69,92,29,81,8,210,62,0,62,272
09/17/2018,TUS,AZ,AWP,WE,Towers with Radar,99,23,24,28,174,0,16,57,8,81,99,39,81,36,255,62,10,72,327
09/18/2018,TUS,AZ,AWP,WE,Towers with Radar,92,27,21,31,171,0,11,61,14,86,92,38,82,45,257,80,10,90,347
09/19/2018,TUS,AZ,AWP,WE,Towers with Radar,101,27,26,30,184,0,1,20,5,26,101,28,46,35,210,55,12,67,277
09/20/2018,TUS,AZ,AWP,WE,Towers with Radar,93,24,38,44,199,0,8,75,30,113,93,32,113,74,312,160,3,163,475
09/21/2018,TUS,AZ,AWP,WE,Towers with Radar,97,36,32,39,204,0,14,91,20,125,97,50,123,59,329,84,21,105,434
09/22/2018,TUS,AZ,AWP,WE,Towers with Radar,80,17,24,0,121,0,4,57,3,64,80,21,81,3,185,34,0,34,219
09/23/2018,TUS,AZ,AWP,WE,Towers with Radar,93,24,29,2,148,0,9,50,2,61,93,33,79,4,209,48,0,48,257
09/24/2018,TUS,AZ,AWP,WE,Towers with Radar,99,37,14,33,183,0,15,72,33,120,99,52,86,66,303,71,26,97,400
09/25/2018,TUS,AZ,AWP,WE,Towers with Radar,92,29,26,42,189,0,12,68,26,106,92,41,94,68,295,62,30,92,387
09/26/2018,TUS,AZ,AWP,WE,Towers with Radar,98,25,38,37,198,0,12,85,28,125,98,37,123,65,323,97,25,122,445
09/27/2018,TUS,AZ,AWP,WE,Towers with Radar,101,32,51,40,224,0,11,69,25,105,101,43,120,65,329,69,12,81,410
09/28/2018,TUS,AZ,AWP,WE,Towers with Radar,97,22,35,1,155,0,18,86,6,110,97,40,121,7,265,150,0,150,415
09/29/2018,TUS,AZ,AWP,WE,Towers with Radar,79,21,25,0,125,0,8,134,0,142,79,29,159,0,267,108,0,108,375
09/30/2018,TUS,AZ,AWP,WE,Towers with Radar,91,29,31,0,151,0,6,59,0,65,91,35,90,0,216,6,0,6,222
10/01/2018,TUS,AZ,AWP,WE,Towers with Radar,91,25,32,60,208,0,5,24,4,33,91,30,56,64,241,69,13,82,323
10/02/2018,TUS,AZ,AWP,WE,Towers with Radar,97,35,21,51,204,0,11,25,19,55,97,46,46,70,259,58,20,78,337
10/03/2018,TUS,AZ,AWP,WE,Towers with Radar,96,26,45,49,216,0,9,67,44,120,96,35,112,93,336,92,21,113,449
10/04/2018,TUS,AZ,AWP,WE,Towers with Radar,98,39,41,53,231,0,23,98,33,154,98,62,139,86,385,69,13,82,467
10/05/2018,TUS,AZ,AWP,WE,Towers with Radar,106,30,41,33,210,0,12,90,14,116,106,42,131,47,326,98,18,116,442
10/06/2018,TUS,AZ,AWP,WE,Towers with Radar,91,37,18,32,178,0,12,110,17,139,91,49,128,49,317,37,36,73,390
10/07/2018,TUS,AZ,AWP,WE,Towers with Radar,99,25,41,18,183,0,4,23,10,37,99,29,64,28,220,8,2,10,230
10/08/2018,TUS,AZ,AWP,WE,Towers with Radar,95,29,35,0,159,0,4,66,0,70,95,33,101,0,229,87,0,87,316
10/09/2018,TUS,AZ,AWP,WE,Towers with Radar,93,37,20,40,190,0,9,82,27,118,93,46,102,67,308,93,24,117,425
10/10/2018,TUS,AZ,AWP,WE,Towers with Radar,99,29,28,36,192,0,8,82,35,125,99,37,110,71,317,57,37,94,411
10/11/2018,TUS,AZ,AWP,WE,Towers with Radar,104,38,52,37,231,0,13,42,24,79,104,51,94,61,310,98,5,103,413
10/12/2018,TUS,AZ,AWP,WE,Towers with Radar,102,22,49,2,175,0,5,22,10,37,102,27,71,12,212,90,0,90,302
10/13/2018,TUS,AZ,AWP,WE,Towers with Radar,94,34,30,10,168,0,0,17,2,19,94,34,47,12,187,26,0,26,213
10/14/2018,TUS,AZ,AWP,WE,Towers with Radar,102,22,33,6,163,0,12,50,6,68,102,34,83,12,231,19,0,19,250
10/15/2018,TUS,AZ,AWP,WE,Towers with Radar,102,35,44,55,236,0,3,67,23,93,102,38,111,78,329,143,40,183,512
10/16/2018,TUS,AZ,AWP,WE,Towers with Radar,101,30,73,54,258,0,10,63,24,97,101,40,136,78,355,53,60,113,468
10/17/2018,TUS,AZ,AWP,WE,Towers with Radar,103,30,51,76,260,0,19,49,40,108,103,49,100,116,368,18,42,60,428
10/18/2018,TUS,AZ,AWP,WE,Towers with Radar,99,32,38,47,216,0,10,65,33,108,99,42,103,80,324,53,18,71,395
10/19/2018,TUS,AZ,AWP,WE,Towers with Radar,113,21,33,40,207,0,10,68,21,99,113,31,101,61,306,26,28,54,360
10/20/2018,TUS,AZ,AWP,WE,Towers with Radar,81,19,19,1,120,0,9,30,7,46,81,28,49,8,166,8,0,8,174
10/21/2018,TUS,AZ,AWP,WE,Towers with Radar,103,26,31,4,164,0,5,34,4,43,103,31,65,8,207,0,0,0,207
10/22/2018,TUS,AZ,AWP,WE,Towers with Radar,106,33,39,2,180,0,18,60,6,84,106,51,99,8,264,128,0,128,392
10/23/2018,TUS,AZ,AWP,WE,Towers with Radar,103,26,23,25,177,0,1,33,8,42,103,27,56,33,219,44,2,46,265
10/24/2018,TUS,AZ,AWP,WE,Towers with Radar,105,31,30,40,206,0,10,85,25,120,105,41,115,65,326,98,12,110,436
10/25/2018,TUS,AZ,AWP,WE,Towers with Radar,102,33,53,40,228,0,12,94,24,130,102,45,147,64,358,56,9,65,423
10/26/2018,TUS,AZ,AWP,WE,Towers with Radar,108,49,41,28,226,0,19,86,18,123,108,68,127,46,349,138,14,152,501
10/27/2018,TUS,AZ,AWP,WE,Towers with Radar,87,30,35,0,152,0,12,135,6,153,87,42,170,6,305,41,0,41,346
10/28/2018,TUS,AZ,AWP,WE,Towers with Radar,98,16,50,0,164,0,2,73,8,83,98,18,123,8,247,65,0,65,312
10/29/2018,TUS,AZ,AWP,WE,Towers with Radar,102,27,43,55,227,0,9,75,26,110,102,36,118,81,337,130,26,156,493
10/30/2018,TUS,AZ,AWP,WE,Towers with Radar,97,27,40,34,198,0,18,68,24,110,97,45,108,58,308,52,20,72,380
10/31/2018,TUS,AZ,AWP,WE,Towers with Radar,100,24,39,43,206,0,24,77,28,129,100,48,116,71,335,97,15,112,447
11/01/2018,TUS,AZ,AWP,WE,Towers with Radar,108,38,61,45,252,0,20,61,22,103,108,58,122,67,355,92,23,115,470
11/02/2018,TUS,AZ,AWP,WE,Towers with Radar,104,38,51,32,225,0,14,92,22,128,104,52,143,54,353,0,0,0,353
11/03/2018,TUS,AZ,AWP,WE,Towers with Radar,92,24,32,22,170,0,6,89,14,109,92,30,121,36,279,0,0,0,279
11/04/2018,TUS,AZ,AWP,WE,Towers with Radar,103,26,25,0,154,0,5,61,4,70,103,31,86,4,224,0,0,0,224
11/05/2018,TUS,AZ,AWP,WE,Towers with Radar,116,29,35,7,187,0,9,69,13,91,116,38,104,20,278,25,0,25,303
11/06/2018,TUS,AZ,AWP,WE,Towers with Radar,113,37,41,42,233,0,9,83,24,116,113,46,124,66,349,31,30,61,410
11/07/2018,TUS,AZ,AWP,WE,Towers with Radar,115,20,45,39,219,1,14,72,29,116,116,34,117,68,335,70,8,78,413
11/08/2018,TUS,AZ,AWP,WE,Towers with Radar,118,32,39,32,221,0,13,72,20,105,118,45,111,52,326,96,19,115,441
11/09/2018,TUS,AZ,AWP,WE,Towers with Radar,123,27,41,28,219,0,20,105,18,143,123,47,146,46,362,86,6,92,454
11/10/2018,TUS,AZ,AWP,WE,Towers with Radar,110,15,44,1,170,0,13,147,4,164,110,28,191,5,334,10,0,10,344
11/11/2018,TUS,AZ,AWP,WE,Towers with Radar,100,27,30,3,160,0,4,67,5,76,100,31,97,8,236,56,0,56,292
11/12/2018,TUS,AZ,AWP,WE,Towers with Radar,119,22,35,1,177,0,6,63,1,70,119,28,98,2,247,39,0,39,286
11/13/2018,TUS,AZ,AWP,WE,Towers with Radar,111,21,51,48,231,0,12,48,43,103,111,33,99,91,334,20,28,48,382
11/14/2018,TUS,AZ,AWP,WE,Towers with Radar,123,25,47,57,252,0,9,45,30,84,123,34,92,87,336,11,12,23,359
11/15/2018,TUS,AZ,AWP,WE,Towers with Radar,122,41,61,68,292,0,8,60,36,104,122,49,121,104,396,47,20,67,463
11/16/2018,TUS,AZ,AWP,WE,Towers with Radar,133,31,54,31,249,0,8,114,17,139,133,39,168,48,388,127,32,159,547
11/17/2018,TUS,AZ,AWP,WE,Towers with Radar,112,25,42,1,180,0,14,145,2,161,112,39,187,3,341,114,0,114,455
11/18/2018,TUS,AZ,AWP,WE,Towers with Radar,115,37,37,0,189,0,7,77,2,86,115,44,114,2,275,91,0,91,366
11/19/2018,TUS,AZ,AWP,WE,Towers with Radar,124,34,45,41,244,1,13,72,30,116,125,47,117,71,360,40,11,51,411
11/20/2018,TUS,AZ,AWP,WE,Towers with Radar,118,51,36,54,259,0,15,68,26,109,118,66,104,80,368,77,14,91,459
11/21/2018,TUS,AZ,AWP,WE,Towers with Radar,132,21,54,18,225,0,7,70,21,98,132,28,124,39,323,81,2,83,406
11/22/2018,TUS,AZ,AWP,WE,Towers with Radar,71,9,11,0,91,0,9,26,0,35,71,18,37,0,126,10,2,12,138
11/23/2018,TUS,AZ,AWP,WE,Towers with Radar,83,19,43,0,145,0,20,50,0,70,83,39,93,0,215,50,0,50,265
11/24/2018,TUS,AZ,AWP,WE,Towers with Radar,125,23,36,0,184,0,9,74,2,85,125,32,110,2,269,69,0,69,338
11/25/2018,TUS,AZ,AWP,WE,Towers with Radar,116,28,47,2,193,0,17,68,3,88,116,45,115,5,281,22,0,22,303
11/26/2018,TUS,AZ,AWP,WE,Towers with Radar,128,38,35,37,238,0,20,65,15,100,128,58,100,52,338,57,11,68,406
11/27/2018,TUS,AZ,AWP,WE,Towers with Radar,106,33,44,38,221,0,10,77,18,105,106,43,121,56,326,51,10,61,387
11/28/2018,TUS,AZ,AWP,WE,Towers with Radar,104,23,54,40,221,0,13,95,28,136,104,36,149,68,357,87,16,103,460
11/29/2018,TUS,AZ,AWP,WE,Towers with Radar,111,36,51,47,245,0,13,71,31,115,111,49,122,78,360,16,20,36,396
11/30/2018,TUS,AZ,AWP,WE,Towers with Radar,109,22,41,31,203,0,4,75,16,95,109,26,116,47,298,15,13,28,326
12/01/2018,TUS,AZ,AWP,WE,Towers with Radar,98,29,45,27,199,0,10,120,15,145,98,39,165,42,344,85,8,93,437
12/02/2018,TUS,AZ,AWP,WE,Towers with Radar,106,27,33,4,170,0,8,59,7,74,106,35,92,11,244,58,4,62,306
12/03/2018,TUS,AZ,AWP,WE,Towers with Radar,114,26,36,11,187,0,10,62,13,85,114,36,98,24,272,104,0,104,376
12/04/2018,TUS,AZ,AWP,WE,Towers with Radar,104,23,37,42,206,0,7,76,27,110,104,30,113,69,316,173,12,185,501
12/05/2018,TUS,AZ,AWP,WE,Towers with Radar,102,23,42,0,167,0,13,60,3,76,102,36,102,3,243,187,0,187,430
12/06/2018,TUS,AZ,AWP,WE,Towers with Radar,109,24,36,38,207,0,7,53,26,86,109,31,89,64,293,106,37,143,436
12/07/2018,TUS,AZ,AWP,WE,Towers with Radar,119,21,35,28,203,0,6,45,11,62,119,27,80,39,265,31,10,41,306
12/08/2018,TUS,AZ,AWP,WE,Towers with Radar,97,25,32,0,154,0,8,167,0,175,97,33,199,0,329,53,0,53,382
12/09/2018,TUS,AZ,AWP,WE,Towers with Radar,109,39,22,2,172,0,16,71,5,92,109,55,93,7,264,64,0,64,328
12/10/2018,TUS,AZ,AWP,WE,Towers with Radar,120,26,40,49,235,0,13,58,23,94,120,39,98,72,329,26,28,54,383
12/11/2018,TUS,AZ,AWP,WE,Towers with Radar,103,26,42,52,223,0,19,86,39,144,103,45,128,91,367,42,20,62,429
12/12/2018,TUS,AZ,AWP,WE,Towers with Radar,113,24,43,45,225,0,7,71,26,104,113,31,114,71,329,70,36,106,435
12/13/2018,TUS,AZ,AWP,WE,Towers with Radar,112,31,51,42,236,0,10,68,37,115,112,41,119,79,351,34,20,54,405
12/14/2018,TUS,AZ,AWP,WE,Towers with Radar,115,20,30,4,169,0,19,72,26,117,115,39,102,30,286,112,0,112,398
12/15/2018,TUS,AZ,AWP,WE,Towers with Radar,108,26,26,3,163,0,16,154,12,182,108,42,180,15,345,59,0,59,404
12/16/2018,TUS,AZ,AWP,WE,Towers with Radar,109,34,35,1,179,0,10,64,5,79,109,44,99,6,258,31,0,31,289
12/17/2018,TUS,AZ,AWP,WE,Towers with Radar,122,36,26,40,224,0,16,76,31,123,122,52,102,71,347,76,22,98,445
12/18/2018,TUS,AZ,AWP,WE,Towers with Radar,116,25,33,55,229,0,18,86,30,134,116,43,119,85,363,86,10,96,459
12/19/2018,TUS,AZ,AWP,WE,Towers with Radar,122,31,51,40,244,0,17,86,29,132,122,48,137,69,376,92,28,120,496
12/20/2018,TUS,AZ,AWP,WE,Towers with Radar,131,49,26,36,242,0,17,86,18,121,131,66,112,54,363,80,10,90,453
12/21/2018,TUS,AZ,AWP,WE,Towers with Radar,136,38,35,22,231,0,19,69,14,102,136,57,104,36,333,36,8,44,377
12/22/2018,TUS,AZ,AWP,WE,Towers with Radar,123,25,47,0,195,0,13,71,4,88,123,38,118,4,283,35,0,35,318
12/23/2018,TUS,AZ,AWP,WE,Towers with Radar,126,10,19,0,155,0,10,56,0,66,126,20,75,0,221,21,0,21,242
12/24/2018,TUS,AZ,AWP,WE,Towers with Radar,106,15,22,0,143,0,2,45,0,47,106,17,67,0,190,16,0,16,206
12/25/2018,TUS,AZ,AWP,WE,Towers with Radar,97,16,10,0,123,0,7,13,0,20,97,23,23,0,143,0,0,0,143
12/26/2018,TUS,AZ,AWP,WE,Towers with Radar,122,23,37,21,203,0,2,25,10,37,122,25,62,31,240,10,2,12,252
12/27/2018,TUS,AZ,AWP,WE,Towers with Radar,128,34,34,24,220,0,5,71,17,93,128,39,105,41,313,0,0,0,313
12/28/2018,TUS,AZ,AWP,WE,Towers with Radar,137,33,41,23,234,0,12,53,7,72,137,45,94,30,306,0,0,0,306
12/29/2018,TUS,AZ,AWP,WE,Towers with Radar,132,30,28,0,190,0,4,64,2,70,132,34,92,2,260,0,0,0,260
12/30/2018,TUS,AZ,AWP,WE,Towers with Radar,129,21,23,0,173,0,6,65,0,71,129,27,88,0,244,0,0,0,244
12/31/2018,TUS,AZ,AWP,WE,Towers with Radar,114,27,17,0,158,0,14,34,0,48,114,41,51,0,206,0,0,0,206
01/01/2019,TUS,AZ,AWP,WE,Towers with Radar,110,16,24,0,150,0,4,24,0,28,110,20,48,0,178,30,0,30,208
01/02/2019,TUS,AZ,AWP,WE,Towers with Radar,135,28,40,25,228,0,6,50,16,72,135,34,90,41,300,64,10,74,374
01/03/2019,TUS,AZ,AWP,WE,Towers with Radar,127,24,20,42,213,0,16,60,15,91,127,40,80,57,304,38,16,54,358
01/04/2019,TUS,AZ,AWP,WE,Towers with Radar,130,30,34,47,241,0,21,80,22,123,130,51,114,69,364,53,6,59,423
01/05/2019,TUS,AZ,AWP,WE,Towers with Radar,113,19,58,13,203,0,7,112,14,133,113,26,170,27,336,75,6,81,417
01/06/2019,TUS,AZ,AWP,WE,Towers with Radar,128,20,55,13,216,0,2,11,3,16,128,22,66,16,232,23,0,23,255
01/07/2019,TUS,AZ,AWP,WE,Towers with Radar,127,21,31,6,185,0,5,46,7,58,127,26,77,13,243,85,0,85,328
01/08/2019,TUS,AZ,AWP,WE,Towers with Radar,117,23,33,51,224,0,18,66,28,112,117,41,99,79,336,66,14,80,416
01/09/2019,TUS,AZ,AWP,WE,Towers with Radar,117,32,36,45,230,0,22,86,30,138,117,54,122,75,368,68,9,77,445
01/10/2019,TUS,AZ,AWP,WE,Towers with Radar,123,22,59,52,256,0,20,76,30,126,123,42,135,82,382,73,35,108,490
01/11/2019,TUS,AZ,AWP,WE,Towers with Radar,125,22,34,59,240,0,33,67,25,125,125,55,101,84,365,66,15,81,446
01/12/2019,TUS,AZ,AWP,WE,Towers with Radar,104,24,52,2,182,0,11,134,4,149,104,35,186,6,331,75,0,75,406
01/13/2019,TUS,AZ,AWP,WE,Towers with Radar,122,25,54,8,209,0,6,66,2,74,122,31,120,10,283,70,0,70,353
01/14/2019,TUS,AZ,AWP,WE,Towers with Radar,124,26,44,54,248,0,14,43,19,76,124,40,87,73,324,78,42,120,444
01/15/2019,TUS,AZ,AWP,WE,Towers with Radar,112,19,48,50,229,0,13,62,26,101,112,32,110,76,330,48,15,63,393
01/16/2019,TUS,AZ,AWP,WE,Towers with Radar,124,28,63,41,256,0,23,73,22,118,124,51,136,63,374,22,17,39,413
01/17/2019,TUS,AZ,AWP,WE,Towers with Radar,119,33,58,37,247,0,8,79,18,105,119,41,137,55,352,35,18,53,405
01/18/2019,TUS,AZ,AWP,WE,Towers with Radar,124,33,49,33,239,0,21,102,29,152,124,54,151,62,391,52,22,74,465
01/19/2019,TUS,AZ,AWP,WE,Towers with Radar,107,20,50,4,181,0,11,184,5,200,107,31,234,9,381,70,0,70,451
01/20/2019,TUS,AZ,AWP,WE,Towers with Radar,109,23,46,0,178,0,17,102,1,120,109,40,148,1,298,55,0,55,353
01/21/2019,TUS,AZ,AWP,WE,Towers with Radar,123,24,42,0,189,0,20,85,0,105,123,44,127,0,294,39,0,39,333
01/22/2019,TUS,AZ,AWP,WE,Towers with Radar,113,21,54,41,229,0,23,65,20,108,113,44,119,61,337,61,4,65,402
01/23/2019,TUS,AZ,AWP,WE,Towers with Radar,118,26,32,36,212,0,17,60,34,111,118,43,92,70,323,26,30,56,379
01/24/2019,TUS,AZ,AWP,WE,Towers with Radar,124,24,42,64,254,0,10,88,25,123,124,34,130,89,377,68,19,87,464
01/25/2019,TUS,AZ,AWP,WE,Towers with Radar,124,45,34,33,236,0,33,88,28,149,124,78,122,61,385,42,6,48,433
01/26/2019,TUS,AZ,AWP,WE,Towers with Radar,108,24,30,1,163,0,9,145,12,166,108,33,175,13,329,55,0,55,384
01/27/2019,TUS,AZ,AWP,WE,Towers with Radar,122,32,31,0,185,0,20,79,5,104,122,52,110,5,289,12,0,12,301
01/28/2019,TUS,AZ,AWP,WE,Towers with Radar,122,26,41,40,229,0,11,85,27,123,122,37,126,67,352,16,16,32,384
01/29/2019,TUS,AZ,AWP,WE,Towers with Radar,110,24,30,53,217,0,13,60,33,106,110,37,90,86,323,16,4,20,343
01/30/2019,TUS,AZ,AWP,WE,Towers with Radar,113,23,59,40,235,0,14,78,25,117,113,37,137,65,352,9,22,31,383
01/31/2019,TUS,AZ,AWP,WE,Towers with Radar,118,28,35,34,215,0,24,71,23,118,118,52,106,57,333,35,17,52,385
02/01/2019,TUS,AZ,AWP,WE,Towers with Radar,127,42,56,2,227,0,5,82,4,91,127,47,138,6,318,52,8,60,378
02/02/2019,TUS,AZ,AWP,WE,Towers with Radar,105,20,46,2,173,0,17,82,3,102,105,37,128,5,275,26,0,26,301
02/03/2019,TUS,AZ,AWP,WE,Towers with Radar,112,25,35,0,172,0,3,20,2,25,112,28,55,2,197,1,0,1,198
02/04/2019,TUS,AZ,AWP,WE,Towers with Radar,128,30,52,29,239,0,7,35,13,55,128,37,87,42,294,13,0,13,307
02/05/2019,TUS,AZ,AWP,WE,Towers with Radar,117,36,34,40,227,0,8,50,18,76,117,44,84,58,303,32,10,42,345
02/06/2019,TUS,AZ,AWP,WE,Towers with Radar,119,43,32,46,240,0,16,44,12,72,119,59,76,58,312,2,2,4,316
02/07/2019,TUS,AZ,AWP,WE,Towers with Radar,125,28,45,45,243,0,9,84,24,117,125,37,129,69,360,42,18,60,420
02/08/2019,TUS,AZ,AWP,WE,Towers with Radar,127,34,48,36,245,0,18,82,24,124,127,52,130,60,369,55,10,65,434
02/09/2019,TUS,AZ,AWP,WE,Towers with Radar,103,20,40,21,184,0,13,76,12,101,103,33,116,33,285,25,16,41,326
02/10/2019,TUS,AZ,AWP,WE,Towers with Radar,125,29,56,30,240,0,5,69,16,90,125,34,125,46,330,24,12,36,366
02/11/2019,TUS,AZ,AWP,WE,Towers with Radar,128,26,46,12,212,0,17,87,10,114,128,43,133,22,326,70,0,70,396
02/12/2019,TUS,AZ,AWP,WE,Towers with Radar,117,33,44,47,241,0,11,82,19,112,117,44,126,66,353,20,10,30,383
02/13/2019,TUS,AZ,AWP,WE,Towers with Radar,112,24,44,62,242,0,12,56,24,92,112,36,100,86,334,59,21,80,414
02/14/2019,TUS,AZ,AWP,WE,Towers with Radar,121,53,46,35,255,0,8,37,11,56,121,61,83,46,311,36,0,36,347
02/15/2019,TUS,AZ,AWP,WE,Towers with Radar,121,38,58,51,268,0,8,69,11,88,121,46,127,62,356,39,0,39,395
02/16/2019,TUS,AZ,AWP,WE,Towers with Radar,111,35,40,3,189,0,12,116,5,133,111,47,156,8,322,42,0,42,364
02/17/2019,TUS,AZ,AWP,WE,Towers with Radar,113,39,47,1,200,0,21,72,8,101,113,60,119,9,301,82,0,82,383
02/18/2019,TUS,AZ,AWP,WE,Towers with Radar,119,33,38,1,191,0,11,29,3,43,119,44,67,4,234,154,0,154,388
02/19/2019,TUS,AZ,AWP,WE,Towers with Radar,116,32,41,64,253,0,6,56,26,88,116,38,97,90,341,120,6,126,467
02/20/2019,TUS,AZ,AWP,WE,Towers with Radar,114,25,57,43,239,0,24,96,30,150,114,49,153,73,389,192,14,206,595
02/21/2019,TUS,AZ,AWP,WE,Towers with Radar,124,28,25,31,208,0,9,15,8,32,124,37,40,39,240,124,12,136,376
02/22/2019,TUS,AZ,AWP,WE,Towers with Radar,95,19,16,2,132,0,0,3,1,4,95,19,19,3,136,82,0,82,218
02/23/2019,TUS,AZ,AWP,WE,Towers with Radar,113,28,35,11,187,0,21,123,10,154,113,49,158,21,341,16,0,16,357
02/24/2019,TUS,AZ,AWP,WE,Towers with Radar,118,37,70,4,229,0,10,72,5,87,118,47,142,9,316,8,0,8,324
02/25/2019,TUS,AZ,AWP,WE,Towers with Radar,123,31,49,44,247,0,13,70,24,107,123,44,119,68,354,134,22,156,510
02/26/2019,TUS,AZ,AWP,WE,Towers with Radar,130,29,35,54,248,0,29,67,20,116,130,58,102,74,364,144,14,158,522
02/27/2019,TUS,AZ,AWP,WE,Towers with Radar,126,34,44,47,251,0,17,91,32,140,126,51,135,79,391,126,34,160,551
02/28/2019,TUS,AZ,AWP,WE,Towers with Radar,117,41,61,35,254,0,12,81,30,123,117,53,142,65,377,127,8,135,512
03/01/2019,TUS,AZ,AWP,WE,Towers with Radar,124,32,49,36,241,0,17,98,26,141,124,49,147,62,382,60,19,79,461
03/02/2019,TUS,AZ,AWP,WE,Towers with Radar,115,27,26,21,189,0,19,127,14,160,115,46,153,35,349,38,12,50,399
03/03/2019,TUS,AZ,AWP,WE,Towers with Radar,121,35,44,15,215,0,12,42,21,75,121,47,86,36,290,46,8,54,344
03/04/2019,TUS,AZ,AWP,WE,Towers with Radar,125,33,38,9,205,0,19,68,12,99,125,52,106,21,304,82,0,82,386
03/05/2019,TUS,AZ,AWP,WE,Towers with Radar,120,36,43,44,243,0,19,81,22,122,120,55,124,66,365,56,30,86,451
03/06/2019,TUS,AZ,AWP,WE,Towers with Radar,117,39,37,46,239,0,17,71,31,119,117,56,108,77,358,86,8,94,452
03/07/2019,TUS,AZ,AWP,WE,Towers with Radar,114,32,35,61,242,0,14,67,21,102,114,46,102,82,344,47,8,55,399
03/08/2019,TUS,AZ,AWP,WE,Towers with Radar,124,42,38,33,237,0,9,38,22,69,124,51,76,55,306,54,25,79,385
03/09/2019,TUS,AZ,AWP,WE,Towers with Radar,108,48,54,0,210,0,12,104,1,117,108,60,158,1,327,70,0,70,397
03/10/2019,TUS,AZ,AWP,WE,Towers with Radar,124,46,45,2,217,0,11,51,4,66,124,57,96,6,283,46,0,46,329
03/11/2019,TUS,AZ,AWP,WE,Towers with Radar,122,30,44,41,237,0,10,48,22,80,122,40,92,63,317,15,20,35,352
03/12/2019,TUS,AZ,AWP,WE,Towers with Radar,112,27,23,31,193,0,2,14,10,26,112,29,37,41,219,2,2,4,223
03/13/2019,TUS,AZ,AWP,WE,Towers with Radar,106,31,42,38,217,0,5,27,24,56,106,36,69,62,273,12,22,34,307
03/14/2019,TUS,AZ,AWP,WE,Towers with Radar,112,34,49,43,238,0,14,100,35,149,112,48,149,78,387,66,8,74,461
03/15/2019,TUS,AZ,AWP,WE,Towers with Radar,120,30,33,4,187,0,18,50,7,75,120,48,83,11,262,11,0,11,273
03/16/2019,TUS,AZ,AWP,WE,Towers with Radar,115,38,27,0,180,0,19,125,5,149,115,57,152,5,329,32,0,32,361
03/17/2019,TUS,AZ,AWP,WE,Towers with Radar,126,30,47,1,204,0,10,70,4,84,126,40,117,5,288,20,0,20,308
03/18/2019,TUS,AZ,AWP,WE,Towers with Radar,122,39,46,29,236,0,13,77,26,116,122,52,123,55,352,53,10,63,415
03/19/2019,TUS,AZ,AWP,WE,Towers with Radar,114,32,43,29,218,0,7,94,25,126,114,39,137,54,344,100,17,117,461
03/20/2019,TUS,AZ,AWP,WE,Towers with Radar,126,36,44,32,238,0,7,101,24,132,126,43,145,56,370,40,8,48,418
03/21/2019,TUS,AZ,AWP,WE,Towers with Radar,117,36,49,29,231,0,15,101,23,139,117,51,150,52,370,38,10,48,418
03/22/2019,TUS,AZ,AWP,WE,Towers with Radar,121,25,47,10,203,0,10,126,16,152,121,35,173,26,355,54,0,54,409
03/23/2019,TUS,AZ,AWP,WE,Towers with Radar,112,30,47,1,190,0,9,145,6,160,112,39,192,7,350,16,0,16,366
03/24/2019,TUS,AZ,AWP,WE,Towers with Radar,120,51,43,1,215,0,17,85,11,113,120,68,128,12,328,4,0,4,332
03/25/2019,TUS,AZ,AWP,WE,Towers with Radar,116,37,31,32,216,0,14,97,37,148,116,51,128,69,364,39,14,53,417
03/26/2019,TUS,AZ,AWP,WE,Towers with Radar,118,36,44,45,243,1,7,92,26,126,119,43,136,71,369,46,16,62,431
03/27/2019,TUS,AZ,AWP,WE,Towers with Radar,120,37,33,40,230,0,20,79,31,130,120,57,112,71,360,52,36,88,448
03/28/2019,TUS,AZ,AWP,WE,Towers with Radar,118,29,54,40,241,0,17,87,34,138,118,46,141,74,379,112,26,138,517
03/29/2019,TUS,AZ,AWP,WE,Towers with Radar,127,35,54,28,244,0,11,89,22,122,127,46,143,50,366,73,22,95,461
03/30/2019,TUS,AZ,AWP,WE,Towers with Radar,112,35,33,2,182,0,12,133,0,145,112,47,166,2,327,62,0,62,389
03/31/2019,TUS,AZ,AWP,WE,Towers with Radar,125,33,41,0,199,0,10,79,8,97,125,43,120,8,296,28,0,28,324
04/01/2019,TUS,AZ,AWP,WE,Towers with Radar,119,31,32,44,226,0,13,79,28,120,119,44,111,72,346,12,36,48,394
04/02/2019,TUS,AZ,AWP,WE,Towers with Radar,116,31,42,44,233,0,6,66,18,90,116,37,108,62,323,37,22,59,382
04/03/2019,TUS,AZ,AWP,WE,Towers with Radar,115,37,46,54,252,0,18,58,29,105,115,55,104,83,357,46,24,70,427
04/04/2019,TUS,AZ,AWP,WE,Towers with Radar,122,26,37,42,227,0,11,67,25,103,122,37,104,67,330,51,22,73,403
04/05/2019,TUS,AZ,AWP,WE,Towers with Radar,126,47,54,31,258,0,12,77,30,119,126,59,131,61,377,57,33,90,467
04/06/2019,TUS,AZ,AWP,WE,Towers with Radar,113,21,30,15,179,0,12,131,23,166,113,33,161,38,345,23,26,49,394
04/07/2019,TUS,AZ,AWP,WE,Towers with Radar,116,18,50,1,185,0,11,70,7,88,116,29,120,8,273,36,0,36,309
04/08/2019,TUS,AZ,AWP,WE,Towers with Radar,114,26,28,3,171,0,12,83,7,102,114,38,111,10,273,46,0,46,319
04/09/2019,TUS,AZ,AWP,WE,Towers with Radar,111,22,39,45,217,0,8,43,36,87,111,30,82,81,304,22,43,65,369
04/10/2019,TUS,AZ,AWP,WE,Towers with Radar,114,17,22,51,204,0,8,23,29,60,114,25,45,80,264,2,46,48,312
04/11/2019,TUS,AZ,AWP,WE,Towers with Radar,114,36,48,51,249,0,17,60,39,116,114,53,108,90,365,69,14,83,448
04/12/2019,TUS,AZ,AWP,WE,Towers with Radar,119,29,37,73,258,0,11,72,19,102,119,40,109,92,360,92,16,108,468
04/13/2019,TUS,AZ,AWP,WE,Towers with Radar,94,31,45,33,203,0,8,163,4,175,94,39,208,37,378,38,12,50,428
04/14/2019,TUS,AZ,AWP,WE,Towers with Radar,109,21,26,3,159,0,6,63,8,77,109,27,89,11,236,46,0,46,282
04/15/2019,TUS,AZ,AWP,WE,Towers with Radar,107,29,29,43,208,0,11,49,13,73,107,40,78,56,281,30,6,36,317
04/16/2019,TUS,AZ,AWP,WE,Towers with Radar,114,23,31,34,202,2,10,42,20,74,116,33,73,54,276,38,2,40,316
04/17/2019,TUS,AZ,AWP,WE,Towers with Radar,107,33,33,32,205,0,11,68,17,96,107,44,101,49,301,77,10,87,388
04/18/2019,TUS,AZ,AWP,WE,Towers with Radar,117,30,46,43,236,0,20,90,27,137,117,50,136,70,373,86,10,96,469
04/19/2019,TUS,AZ,AWP,WE,Towers with Radar,116,30,40,29,215,0,8,94,10,112,116,38,134,39,327,93,4,97,424
04/20/2019,TUS,AZ,AWP,WE,Towers with Radar,95,23,35,0,153,2,15,63,2,82,97,38,98,2,235,32,0,32,267
04/21/2019,TUS,AZ,AWP,WE,Towers with Radar,110,24,17,4,155,0,11,55,1,67,110,35,72,5,222,4,0,4,226
04/22/2019,TUS,AZ,AWP,WE,Towers with Radar,119,29,37,27,212,0,12,85,18,115,119,41,122,45,327,66,8,74,401
04/23/2019,TUS,AZ,AWP,WE,Towers with Radar,120,27,38,38,223,0,10,76,13,99,120,37,114,51,322,95,18,113,435
04/24/2019,TUS,AZ,AWP,WE,Towers with Radar,115,23,22,44,204,0,6,85,27,118,115,29,107,71,322,102,22,124,446
04/25/2019,TUS,AZ,AWP,WE,Towers with Radar,115,31,43,30,219,0,24,97,26,147,115,55,140,56,366,108,14,122,488
04/26/2019,TUS,AZ,AWP,WE,Towers with Radar,123,28,38,6,195,0,17,97,5,119,123,45,135,11,314,84,0,84,398
04/27/2019,TUS,AZ,AWP,WE,Towers with Radar,108,21,21,0,150,0,11,190,5,206,108,32,211,5,356,120,0,120,476
04/28/2019,TUS,AZ,AWP,WE,Towers with Radar,111,31,30,0,172,0,7,84,6,97,111,38,114,6,269,48,0,48,317
04/29/2019,TUS,AZ,AWP,WE,Towers with Radar,128,15,38,26,207,0,11,34,17,62,128,26,72,43,269,41,0,41,310
04/30/2019,TUS,AZ,AWP,WE,Towers with Radar,115,36,48,38,237,0,13,96,31,140,115,49,144,69,377,56,10,66,443
05/01/2019,TUS,AZ,AWP,WE,Towers with Radar,116,29,51,38,234,0,13,84,21,118,116,42,135,59,352,67,28,95,447
05/02/2019,TUS,AZ,AWP,WE,Towers with Radar,107,34,32,34,207,0,10,67,29,106,107,44,99,63,313,42,28,70,383
05/03/2019,TUS,AZ,AWP,WE,Towers with Radar,117,24,40,27,208,0,9,70,26,105,117,33,110,53,313,89,34,123,436
05/04/2019,TUS,AZ,AWP,WE,Towers with Radar,100,22,38,25,185,0,13,80,17,110,100,35,118,42,295,149,20,169,464
05/05/2019,TUS,AZ,AWP,WE,Towers with Radar,102,24,38,10,174,0,6,59,13,78,102,30,97,23,252,65,2,67,319
05/06/2019,TUS,AZ,AWP,WE,Towers with Radar,108,19,40,5,172,0,16,55,7,78,108,35,95,12,250,62,0,62,312
05/07/2019,TUS,AZ,AWP,WE,Towers with Radar,103,27,37,32,199,0,10,50,33,93,103,37,87,65,292,34,18,52,344
05/08/2019,TUS,AZ,AWP,WE,Towers with Radar,113,18,49,39,219,0,13,52,29,94,113,31,101,68,313,60,18,78,391
05/09/2019,TUS,AZ,AWP,WE,Towers with Radar,110,41,63,30,244,0,9,64,31,104,110,50,127,61,348,40,24,64,412
05/10/2019,TUS,AZ,AWP,WE,Towers with Radar,111,41,41,36,229,0,12,43,24,79,111,53,84,60,308,92,10,102,410
05/11/2019,TUS,AZ,AWP,WE,Towers with Radar,92,17,39,1,149,0,8,98,4,110,92,25,137,5,259,82,0,82,341
05/12/2019,TUS,AZ,AWP,WE,Towers with Radar,104,21,30,0,155,0,6,25,6,37,104,27,55,6,192,28,0,28,220
05/13/2019,TUS,AZ,AWP,WE,Towers with Radar,107,28,29,50,214,0,6,78,24,108,107,34,107,74,322,47,18,65,387
05/14/2019,TUS,AZ,AWP,WE,Towers with Radar,104,22,37,41,204,0,20,76,25,121,104,42,113,66,325,58,14,72,397
05/15/2019,TUS,AZ,AWP,WE,Towers with Radar,114,25,29,30,198,0,21,76,20,117,114,46,105,50,315,60,8,68,383
05/16/2019,TUS,AZ,AWP,WE,Towers with Radar,110,33,40,31,214,0,12,49,21,82,110,45,89,52,296,28,4,32,328
05/17/2019,TUS,AZ,AWP,WE,Towers with Radar,108,37,41,38,224,0,8,59,14,81,108,45,100,52,305,41,18,59,364
05/18/2019,TUS,AZ,AWP,WE,Towers with Radar,91,25,29,2,147,0,4,93,16,113,91,29,122,18,260,88,0,88,348
05/19/2019,TUS,AZ,AWP,WE,Towers with Radar,105,23,30,1,159,0,11,43,4,58,105,34,73,5,217,44,0,44,261
05/20/2019,TUS,AZ,AWP,WE,Towers with Radar,104,31,27,29,191,0,6,39,23,68,104,37,66,52,259,64,26,90,349
05/21/2019,TUS,AZ,AWP,WE,Towers with Radar,103,37,49,46,235,0,12,77,15,104,103,49,126,61,339,43,15,58,397
05/22/2019,TUS,AZ,AWP,WE,Towers with Radar,114,37,45,36,232,0,11,45,16,72,114,48,90,52,304,8,2,10,314
05/23/2019,TUS,AZ,AWP,WE,Towers with Radar,108,33,51,37,229,0,18,84,22,124,108,51,135,59,353,64,4,68,421
05/24/2019,TUS,AZ,AWP,WE,Towers with Radar,113,32,48,1,194,0,9,89,8,106,113,41,137,9,300,31,0,31,331
05/25/2019,TUS,AZ,AWP,WE,Towers with Radar,93,22,30,0,145,0,13,85,0,98,93,35,115,0,243,36,0,36,279
05/26/2019,TUS,AZ,AWP,WE,Towers with Radar,94,14,11,1,120,0,10,28,0,38,94,24,39,1,158,28,0,28,186
05/27/2019,TUS,AZ,AWP,WE,Towers with Radar,98,16,44,1,159,0,11,65,2,78,98,27,109,3,237,36,0,36,273
05/28/2019,TUS,AZ,AWP,WE,Towers with Radar,105,28,33,34,200,0,12,66,22,100,105,40,99,56,300,18,16,34,334
05/29/2019,TUS,AZ,AWP,WE,Towers with Radar,104,24,20,32,180,0,10,78,21,109,104,34,98,53,289,42,42,84,373
05/30/2019,TUS,AZ,AWP,WE,Towers with Radar,105,25,29,31,190,0,18,62,24,104,105,43,91,55,294,78,20,98,392
05/31/2019,TUS,AZ,AWP,WE,Towers with Radar,108,34,44,23,209,0,11,73,21,105,108,45,117,44,314,38,30,68,382
06/01/2019,TUS,AZ,AWP,WE,Towers with Radar,94,17,25,23,159,0,4,80,17,101,94,21,105,40,260,68,30,98,358
06/02/2019,TUS,AZ,AWP,WE,Towers with Radar,101,21,27,9,158,0,13,63,14,90,101,34,90,23,248,37,2,39,287
06/03/2019,TUS,AZ,AWP,WE,Towers with Radar,113,29,52,5,199,0,9,57,10,76,113,38,109,15,275,12,14,26,301
06/04/2019,TUS,AZ,AWP,WE,Towers with Radar,104,26,27,29,186,0,17,60,18,95,104,43,87,47,281,27,6,33,314
06/05/2019,TUS,AZ,AWP,WE,Towers with Radar,103,20,43,33,199,0,13,64,15,92,103,33,107,48,291,85,14,99,390
06/06/2019,TUS,AZ,AWP,WE,Towers with Radar,98,21,33,43,195,0,9,53,20,82,98,30,86,63,277,62,20,82,359
06/07/2019,TUS,AZ,AWP,WE,Towers with Radar,100,22,22,27,171,0,22,89,9,120,100,44,111,36,291,63,14,77,368
06/08/2019,TUS,AZ,AWP,WE,Towers with Radar,81,28,15,2,126,0,7,42,3,52,81,35,57,5,178,38,0,38,216
06/09/2019,TUS,AZ,AWP,WE,Towers with Radar,84,29,26,0,139,0,11,74,0,85,84,40,100,0,224,0,0,0,224
06/10/2019,TUS,AZ,AWP,WE,Towers with Radar,91,26,28,33,178,0,7,41,14,62,91,33,69,47,240,18,4,22,262
06/11/2019,TUS,AZ,AWP,WE,Towers with Radar,96,26,32,35,189,0,13,68,16,97,96,39,100,51,286,80,20,100,386
06/12/2019,TUS,AZ,AWP,WE,Towers with Radar,97,22,44,26,189,0,15,67,20,102,97,37,111,46,291,46,5,51,342
06/13/2019,TUS,AZ,AWP,WE,Towers with Radar,106,32,38,29,205,0,6,75,17,98,106,38,113,46,303,63,2,65,368
06/14/2019,TUS,AZ,AWP,WE,Towers with Radar,100,34,32,22,188,0,7,55,14,76,100,41,87,36,264,52,8,60,324
06/15/2019,TUS,AZ,AWP,WE,Towers with Radar,83,19,18,4,124,0,8,62,0,70,83,27,80,4,194,19,0,19,213
06/16/2019,TUS,AZ,AWP,WE,Towers with Radar,88,15,34,4,141,0,12,43,0,55,88,27,77,4,196,33,0,33,229
06/17/2019,TUS,AZ,AWP,WE,Towers with Radar,93,35,33,32,193,0,20,55,18,93,93,55,88,50,286,52,30,82,368
06/18/2019,TUS,AZ,AWP,WE,Towers with Radar,96,17,26,33,172,0,10,51,22,83,96,27,77,55,255,56,14,70,325
06/19/2019,TUS,AZ,AWP,WE,Towers with Radar,95,22,36,39,192,0,28,77,20,125,95,50,113,59,317,65,14,79,396
06/20/2019,TUS,AZ,AWP,WE,Towers with Radar,98,32,22,38,190,0,6,69,22,97,98,38,91,60,287,30,24,54,341
06/21/2019,TUS,AZ,AWP,WE,Towers with Radar,93,27,30,3,153,0,7,67,1,75,93,34,97,4,228,73,0,73,301
06/22/2019,TUS,AZ,AWP,WE,Towers with Radar,76,17,19,0,112,0,11,70,3,84,76,28,89,3,196,24,0,24,220
06/23/2019,TUS,AZ,AWP,WE,Towers with Radar,86,25,20,0,131,0,14,52,4,70,86,39,72,4,201,32,0,32,233
06/24/2019,TUS,AZ,AWP,WE,Towers with Radar,99,24,55,36,214,0,11,73,28,112,99,35,128,64,326,36,30,66,392
06/25/2019,TUS,AZ,AWP,WE,Towers with Radar,95,28,21,34,178,0,16,75,23,114,95,44,96,57,292,140,42,182,474
06/26/2019,TUS,AZ,AWP,WE,Towers with Radar,92,40,26,34,192,0,10,81,19,110,92,50,107,53,302,72,12,84,386
06/27/2019,TUS,AZ,AWP,WE,Towers with Radar,102,39,21,29,191,0,19,56,22,97,102,58,77,51,288,80,28,108,396
06/28/2019,TUS,AZ,AWP,WE,Towers with Radar,99,36,44,32,211,0,20,68,13,101,99,56,112,45,312,65,18,83,395
06/29/2019,TUS,AZ,AWP,WE,Towers with Radar,80,36,27,3,146,0,14,46,6,66,80,50,73,9,212,54,0,54,266
06/30/2019,TUS,AZ,AWP,WE,Towers with Radar,90,23,21,0,134,0,11,49,6,66,90,34,70,6,200,30,0,30,230
07/01/2019,TUS,AZ,AWP,WE,Towers with Radar,95,31,14,29,169,0,5,48,21,74,95,36,62,50,243,46,26,72,315
07/02/2019,TUS,AZ,AWP,WE,Towers with Radar,94,24,28,21,167,0,12,64,25,101,94,36,92,46,268,74,22,96,364
07/03/2019,TUS,AZ,AWP,WE,Towers with Radar,90,21,31,28,170,0,20,85,13,118,90,41,116,41,288,66,8,74,362
07/04/2019,TUS,AZ,AWP,WE,Towers with Radar,74,11,12,2,99,0,13,46,1,60,74,24,58,3,159,12,2,14,173
07/05/2019,TUS,AZ,AWP,WE,Towers with Radar,89,20,15,1,125,0,14,55,1,70,89,34,70,2,195,24,0,24,219
07/06/2019,TUS,AZ,AWP,WE,Towers with Radar,77,17,15,0,109,0,10,47,2,59,77,27,62,2,168,78,0,78,246
07/07/2019,TUS,AZ,AWP,WE,Towers with Radar,88,18,12,0,118,0,9,52,0,61,88,27,64,0,179,51,0,51,230
07/08/2019,TUS,AZ,AWP,WE,Towers with Radar,92,24,23,36,175,0,11,66,25,102,92,35,89,61,277,34,34,68,345
07/09/2019,TUS,AZ,AWP,WE,Towers with Radar,94,31,27,41,193,0,14,51,19,84,94,45,78,60,277,38,32,70,347
07/10/2019,TUS,AZ,AWP,WE,Towers with Radar,90,35,32,50,207,0,18,53,28,99,90,53,85,78,306,38,23,61,367
07/11/2019,TUS,AZ,AWP,WE,Towers with Radar,90,31,21,37,179,0,11,58,23,92,90,42,79,60,271,52,35,87,358
07/12/2019,TUS,AZ,AWP,WE,Towers with Radar,97,36,28,26,187,0,17,77,17,111,97,53,105,43,298,109,12,121,419
07/13/2019,TUS,AZ,AWP,WE,Towers with Radar,76,27,22,0,125,0,5,52,0,57,76,32,74,0,182,66,1,67,249
07/14/2019,TUS,AZ,AWP,WE,Towers with Radar,86,23,18,0,127,0,1,56,2,59,86,24,74,2,186,42,0,42,228
07/15/2019,TUS,AZ,AWP,WE,Towers with Radar,96,27,26,33,182,0,12,63,20,95,96,39,89,53,277,70,34,104,381
07/16/2019,TUS,AZ,AWP,WE,Towers with Radar,91,28,17,32,168,0,14,39,12,65,91,42,56,44,233,86,30,116,349
07/17/2019,TUS,AZ,AWP,WE,Towers with Radar,98,19,34,33,184,0,14,51,19,84,98,33,85,52,268,38,18,56,324
07/18/2019,TUS,AZ,AWP,WE,Towers with Radar,92,30,39,25,186,0,13,61,20,94,92,43,100,45,280,24,10,34,314
07/19/2019,TUS,AZ,AWP,WE,Towers with Radar,100,25,41,1,167,0,11,77,3,91,100,36,118,4,258,80,0,80,338
07/20/2019,TUS,AZ,AWP,WE,Towers with Radar,81,24,26,0,131,0,18,69,5,92,81,42,95,5,223,89,0,89,312
07/21/2019,TUS,AZ,AWP,WE,Towers with Radar,92,20,23,0,135,0,16,54,4,74,92,36,77,4,209,50,0,50,259
07/22/2019,TUS,AZ,AWP,WE,Towers with Radar,96,24,23,22,165,0,1,51,14,66,96,25,74,36,231,32,2,34,265
07/23/2019,TUS,AZ,AWP,WE,Towers with Radar,96,24,48,30,198,0,7,55,12,74,96,31,103,42,272,56,36,92,364
07/24/2019,TUS,AZ,AWP,WE,Towers with Radar,102,31,44,25,202,0,19,55,13,87,102,50,99,38,289,105,10,115,404
07/25/2019,TUS,AZ,AWP,WE,Towers with Radar,98,40,39,31,208,0,10,54,25,89,98,50,93,56,297,99,25,124,421
07/26/2019,TUS,AZ,AWP,WE,Towers with Radar,97,35,36,36,204,0,18,65,22,105,97,53,101,58,309,110,19,129,438
07/27/2019,TUS,AZ,AWP,WE,Towers with Radar,80,15,25,3,123,0,16,64,2,82,80,31,89,5,205,34,0,34,239
07/28/2019,TUS,AZ,AWP,WE,Towers with Radar,88,26,29,0,143,0,24,56,8,88,88,50,85,8,231,46,0,46,277
07/29/2019,TUS,AZ,AWP,WE,Towers with Radar,90,20,24,1,135,0,8,53,7,68,90,28,77,8,203,11,0,11,214
07/30/2019,TUS,AZ,AWP,WE,Towers with Radar,99,21,36,30,186,0,10,59,21,90,99,31,95,51,276,80,10,90,366
07/31/2019,TUS,AZ,AWP,WE,Towers with Radar,97,25,15,30,167,0,5,43,15,63,97,30,58,45,230,111,4,115,345
08/01/2019,TUS,AZ,AWP,WE,Towers with Radar,98,23,36,28,185,0,3,58,14,75,98,26,94,42,260,88,10,98,358
08/02/2019,TUS,AZ,AWP,WE,Towers with Radar,100,22,30,31,183,0,7,78,18,103,100,29,108,49,286,79,9,88,374
08/03/2019,TUS,AZ,AWP,WE,Towers with Radar,79,17,20,19,135,0,10,70,11,91,79,27,90,30,226,46,14,60,286
08/04/2019,TUS,AZ,AWP,WE,Towers with Radar,90,12,16,6,124,0,8,51,13,72,90,20,67,19,196,40,14,54,250
08/05/2019,TUS,AZ,AWP,WE,Towers with Radar,101,22,25,2,150,0,5,58,5,68,101,27,83,7,218,38,0,38,256
08/06/2019,TUS,AZ,AWP,WE,Towers with Radar,96,27,22,37,182,0,8,40,13,61,96,35,62,50,243,70,8,78,321
08/07/2019,TUS,AZ,AWP,WE,Towers with Radar,97,25,32,47,201,0,13,67,25,105,97,38,99,72,306,36,33,69,375
08/08/2019,TUS,AZ,AWP,WE,Towers with Radar,98,33,26,37,194,0,24,49,29,102,98,57,75,66,296,135,30,165,461
08/09/2019,TUS,AZ,AWP,WE,Towers with Radar,101,28,52,17,198,0,4,46,15,65,101,32,98,32,263,93,2,95,358
08/10/2019,TUS,AZ,AWP,WE,Towers with Radar,84,15,11,0,110,0,9,56,2,67,84,24,67,2,177,15,0,15,192
08/11/2019,TUS,AZ,AWP,WE,Towers with Radar,88,29,26,0,143,0,14,60,2,76,88,43,86,2,219,90,0,90,309
08/12/2019,TUS,AZ,AWP,WE,Towers with Radar,98,19,27,22,166,0,10,53,14,77,98,29,80,36,243,63,8,71,314
08/13/2019,TUS,AZ,AWP,WE,Towers with Radar,100,30,27,38,195,0,4,59,24,87,100,34,86,62,282,117,20,137,419
08/14/2019,TUS,AZ,AWP,WE,Towers with Radar,97,24,26,26,173,0,8,43,23,74,97,32,69,49,247,116,12,128,375
08/15/2019,TUS,AZ,AWP,WE,Towers with Radar,95,40,21,33,189,0,20,57,13,90,95,60,78,46,279,66,8,74,353
08/16/2019,TUS,AZ,AWP,WE,Towers with Radar,99,25,42,15,181,0,8,70,13,91,99,33,112,28,272,104,20,124,396
08/17/2019,TUS,AZ,AWP,WE,Towers with Radar,84,28,29,0,141,0,10,83,4,97,84,38,112,4,238,91,0,91,329
08/18/2019,TUS,AZ,AWP,WE,Towers with Radar,90,20,30,0,140,0,5,85,2,92,90,25,115,2,232,113,0,113,345
08/19/2019,TUS,AZ,AWP,WE,Towers with Radar,94,24,24,27,169,0,9,54,22,85,94,33,78,49,254,82,4,86,340
08/20/2019,TUS,AZ,AWP,WE,Towers with Radar,95,24,37,21,177,0,11,50,20,81,95,35,87,41,258,20,4,24,282
08/21/2019,TUS,AZ,AWP,WE,Towers with Radar,99,33,27,27,186,0,17,59,18,94,99,50,86,45,280,85,22,107,387
08/22/2019,TUS,AZ,AWP,WE,Towers with Radar,98,28,21,29,176,0,9,56,17,82,98,37,77,46,258,73,9,82,340
08/23/2019,TUS,AZ,AWP,WE,Towers with Radar,100,31,28,3,162,0,15,54,1,70,100,46,82,4,232,84,0,84,316
08/24/2019,TUS,AZ,AWP,WE,Towers with Radar,75,23,14,0,112,0,14,69,1,84,75,37,83,1,196,73,0,73,269
08/25/2019,TUS,AZ,AWP,WE,Towers with Radar,94,21,19,0,134,0,15,50,2,67,94,36,69,2,201,116,0,116,317
08/26/2019,TUS,AZ,AWP,WE,Towers with Radar,92,23,33,31,179,0,8,56,13,77,92,31,89,44,256,54,26,80,336
08/27/2019,TUS,AZ,AWP,WE,Towers with Radar,97,39,30,37,203,0,14,56,12,82,97,53,86,49,285,62,10,72,357
08/28/2019,TUS,AZ,AWP,WE,Towers with Radar,102,23,31,29,185,0,12,58,8,78,102,35,89,37,263,20,8,28,291
08/29/2019,TUS,AZ,AWP,WE,Towers with Radar,101,34,31,20,186,0,10,62,27,99,101,44,93,47,285,88,18,106,391
08/30/2019,TUS,AZ,AWP,WE,Towers with Radar,88,34,33,1,156,0,13,72,3,88,88,47,105,4,244,52,0,52,296
08/31/2019,TUS,AZ,AWP,WE,Towers with Radar,72,31,16,1,120,0,6,54,1,61,72,37,70,2,181,138,0,138,319
09/01/2019,TUS,AZ,AWP,WE,Towers with Radar,89,10,18,0,117,0,9,49,4,62,89,19,67,4,179,58,0,58,237
09/02/2019,TUS,AZ,AWP,WE,Towers with Radar,86,22,26,0,134,0,11,64,0,75,86,33,90,0,209,120,0,120,329
09/03/2019,TUS,AZ,AWP,WE,Towers with Radar,89,23,23,36,171,0,10,48,16,74,89,33,71,52,245,130,8,138,383
09/04/2019,TUS,AZ,AWP,WE,Towers with Radar,87,24,22,23,156,0,11,63,20,94,87,35,85,43,250,130,12,142,392
09/05/2019,TUS,AZ,AWP,WE,Towers with Radar,96,35,32,37,200,0,15,59,22,96,96,50,91,59,296,110,14,124,420
09/06/2019,TUS,AZ,AWP,WE,Towers with Radar,91,21,30,26,168,0,11,83,16,110,91,32,113,42,278,58,13,71,349
09/07/2019,TUS,AZ,AWP,WE,Towers with Radar,75,14,14,27,130,0,5,68,19,92,75,19,82,46,222,68,10,78,300
09/08/2019,TUS,AZ,AWP,WE,Towers with Radar,91,22,26,17,156,0,6,49,15,70,91,28,75,32,226,90,8,98,324
09/09/2019,TUS,AZ,AWP,WE,Towers with Radar,94,26,26,8,154,0,21,46,5,72,94,47,72,13,226,35,0,35,261
09/10/2019,TUS,AZ,AWP,WE,Towers with Radar,90,30,28,51,199,0,10,67,29,106,90,40,95,80,305,30,14,44,349
09/11/2019,TUS,AZ,AWP,WE,Towers with Radar,93,29,42,41,205,0,15,87,18,120,93,44,129,59,325,61,13,74,399
09/12/2019,TUS,AZ,AWP,WE,Towers with Radar,96,34,38,36,204,0,21,76,28,125,96,55,114,64,329,136,6,142,471
09/13/2019,TUS,AZ,AWP,WE,Towers with Radar,94,22,40,30,186,0,10,87,16,113,94,32,127,46,299,138,16,154,453
09/14/2019,TUS,AZ,AWP,WE,Towers with Radar,75,28,22,0,125,0,4,46,4,54,75,32,68,4,179,44,0,44,223
09/15/2019,TUS,AZ,AWP,WE,Towers with Radar,94,22,23,2,141,0,8,40,10,58,94,30,63,12,199,100,0,100,299
09/16/2019,TUS,AZ,AWP,WE,Towers with Radar,94,15,23,30,162,0,5,56,14,75,94,20,79,44,237,82,16,98,335
09/17/2019,TUS,AZ,AWP,WE,Towers with Radar,94,32,40,33,199,0,22,60,23,105,94,54,100,56,304,98,18,116,420
09/18/2019,TUS,AZ,AWP,WE,Towers with Radar,92,32,24,50,198,0,20,63,29,112,92,52,87,79,310,80,26,106,416
09/19/2019,TUS,AZ,AWP,WE,Towers with Radar,103,29,27,29,188,0,16,59,22,97,103,45,86,51,285,126,15,141,426
09/20/2019,TUS,AZ,AWP,WE,Towers with Radar,92,36,29,25,182,0,12,72,18,102,92,48,101,43,284,68,15,83,367
09/21/2019,TUS,AZ,AWP,WE,Towers with Radar,76,21,21,0,118,0,10,83,1,94,76,31,104,1,212,70,0,70,282
09/22/2019,TUS,AZ,AWP,WE,Towers with Radar,91,13,18,3,125,0,8,54,0,62,91,21,72,3,187,10,0,10,197
09/23/2019,TUS,AZ,AWP,WE,Towers with Radar,99,22,29,18,168,0,10,37,18,65,99,32,66,36,233,51,0,51,284
09/24/2019,TUS,AZ,AWP,WE,Towers with Radar,89,26,36,25,176,0,2,13,15,30,89,28,49,40,206,0,0,0,206
09/25/2019,TUS,AZ,AWP,WE,Towers with Radar,92,24,32,44,192,0,13,32,22,67,92,37,64,66,259,56,30,86,345
09/26/2019,TUS,AZ,AWP,WE,Towers with Radar,101,41,39,36,217,0,12,59,18,89,101,53,98,54,306,18,19,37,343
09/27/2019,TUS,AZ,AWP,WE,Towers with Radar,96,47,46,10,199,0,17,49,8,74,96,64,95,18,273,132,0,132,405
09/28/2019,TUS,AZ,AWP,WE,Towers with Radar,77,42,37,4,160,0,24,117,0,141,77,66,154,4,301,100,0,100,401
09/29/2019,TUS,AZ,AWP,WE,Towers with Radar,97,34,27,1,159,0,17,54,3,74,97,51,81,4,233,52,0,52,285
09/30/2019,TUS,AZ,AWP,WE,Towers with Radar,97,25,30,45,197,0,13,51,24,88,97,38,81,69,285,74,8,82,367
10/01/2019,TUS,AZ,AWP,WE,Towers with Radar,96,26,32,42,196,0,6,60,23,89,96,32,92,65,285,36,14,50,335
10/02/2019,TUS,AZ,AWP,WE,Towers with Radar,97,29,31,42,199,0,19,44,25,88,97,48,75,67,287,62,20,82,369
10/03/2019,TUS,AZ,AWP,WE,Towers with Radar,105,29,51,41,226,0,24,69,29,122,105,53,120,70,348,64,44,108,456
10/04/2019,TUS,AZ,AWP,WE,Towers with Radar,107,23,48,19,197,0,26,84,18,128,107,49,132,37,325,90,24,114,439
10/05/2019,TUS,AZ,AWP,WE,Towers with Radar,85,31,16,21,153,0,11,130,19,160,85,42,146,40,313,102,8,110,423
10/06/2019,TUS,AZ,AWP,WE,Towers with Radar,95,23,25,17,160,0,24,64,11,99,95,47,89,28,259,84,2,86,345
10/07/2019,TUS,AZ,AWP,WE,Towers with Radar,103,33,37,8,181,0,10,60,12,82,103,43,97,20,263,44,0,44,307
10/08/2019,TUS,AZ,AWP,WE,Towers with Radar,104,30,25,41,200,0,15,56,21,92,104,45,81,62,292,46,12,58,350
10/09/2019,TUS,AZ,AWP,WE,Towers with Radar,100,32,37,52,221,0,27,53,16,96,100,59,90,68,317,77,22,99,416
10/10/2019,TUS,AZ,AWP,WE,Towers with Radar,108,33,32,46,219,0,6,72,23,101,108,39,104,69,320,50,8,58,378
10/11/2019,TUS,AZ,AWP,WE,Towers with Radar,110,26,59,57,252,0,16,96,18,130,110,42,155,75,382,76,4,80,462
10/12/2019,TUS,AZ,AWP,WE,Towers with Radar,88,42,28,0,158,0,13,106,6,125,88,55,134,6,283,38,0,38,321
10/13/2019,TUS,AZ,AWP,WE,Towers with Radar,104,33,44,11,192,0,9,76,2,87,104,42,120,13,279,32,0,32,311
10/14/2019,TUS,AZ,AWP,WE,Towers with Radar,102,31,39,4,176,2,11,46,1,60,104,42,85,5,236,60,0,60,296
10/15/2019,TUS,AZ,AWP,WE,Towers with Radar,103,34,43,45,225,0,13,74,28,115,103,47,117,73,340,88,2,90,430
10/16/2019,TUS,AZ,AWP,WE,Towers with Radar,102,30,45,56,233,0,19,46,14,79,102,49,91,70,312,52,8,60,372
10/17/2019,TUS,AZ,AWP,WE,Towers with Radar,107,35,47,41,230,0,9,78,19,106,107,44,125,60,336,16,10,26,362
10/18/2019,TUS,AZ,AWP,WE,Towers with Radar,106,39,44,26,215,0,9,53,25,87,106,48,97,51,302,24,2,26,328
10/19/2019,TUS,AZ,AWP,WE,Towers with Radar,83,26,30,1,140,0,5,80,6,91,83,31,110,7,231,151,8,159,390
10/20/2019,TUS,AZ,AWP,WE,Towers with Radar,97,29,25,7,158,0,9,54,0,63,97,38,79,7,221,78,0,78,299
10/21/2019,TUS,AZ,AWP,WE,Towers with Radar,104,24,32,31,191,0,15,58,18,91,104,39,90,49,282,70,16,86,368
10/22/2019,TUS,AZ,AWP,WE,Towers with Radar,100,26,20,29,175,0,8,67,21,96,100,34,87,50,271,70,8,78,349
10/23/2019,TUS,AZ,AWP,WE,Towers with Radar,103,37,32,28,200,0,15,64,24,103,103,52,96,52,303,95,14,109,412
10/24/2019,TUS,AZ,AWP,WE,Towers with Radar,101,47,35,33,216,0,15,63,19,97,101,62,98,52,313,30,14,44,357
10/25/2019,TUS,AZ,AWP,WE,Towers with Radar,112,33,28,7,180,0,20,42,4,66,112,53,70,11,246,10,0,10,256
10/26/2019,TUS,AZ,AWP,WE,Towers with Radar,82,23,23,1,129,0,14,75,0,89,82,37,98,1,218,127,0,127,345
10/27/2019,TUS,AZ,AWP,WE,Towers with Radar,98,40,46,4,188,0,17,50,4,71,98,57,96,8,259,0,0,0,259
10/28/2019,TUS,AZ,AWP,WE,Towers with Radar,102,41,27,34,204,0,18,58,12,88,102,59,85,46,292,44,6,50,342
10/29/2019,TUS,AZ,AWP,WE,Towers with Radar,100,33,41,48,222,0,17,65,13,95,100,50,106,61,317,16,58,74,391
10/30/2019,TUS,AZ,AWP,WE,Towers with Radar,99,37,38,39,213,0,9,57,13,79,99,46,95,52,292,98,4,102,394
10/31/2019,TUS,AZ,AWP,WE,Towers with Radar,90,32,40,33,195,0,18,47,28,93,90,50,87,61,288,4,18,22,310
11/01/2019,TUS,AZ,AWP,WE,Towers with Radar,104,46,33,32,215,0,18,76,21,115,104,64,109,53,330,102,14,116,446
11/02/2019,TUS,AZ,AWP,WE,Towers with Radar,84,34,31,25,174,0,10,104,23,137,84,44,135,48,311,80,12,92,403
11/03/2019,TUS,AZ,AWP,WE,Towers with Radar,97,32,31,13,173,0,14,74,11,99,97,46,105,24,272,51,4,55,327
11/04/2019,TUS,AZ,AWP,WE,Towers with Radar,109,44,25,2,180,0,9,55,6,70,109,53,80,8,250,14,0,14,264
11/05/2019,TUS,AZ,AWP,WE,Towers with Radar,107,38,36,33,214,0,20,75,24,119,107,58,111,57,333,96,12,108,441
11/06/2019,TUS,AZ,AWP,WE,Towers with Radar,111,49,38,8,206,0,14,47,5,66,111,63,85,13,272,32,4,36,308
11/07/2019,TUS,AZ,AWP,WE,Towers with Radar,122,48,60,40,270,0,14,72,25,111,122,62,132,65,381,84,25,109,490
11/08/2019,TUS,AZ,AWP,WE,Towers with Radar,115,37,25,41,218,0,7,64,12,83,115,44,89,53,301,34,6,40,341
11/09/2019,TUS,AZ,AWP,WE,Towers with Radar,95,29,30,38,192,0,8,140,2,150,95,37,170,40,342,20,4,24,366
11/10/2019,TUS,AZ,AWP,WE,Towers with Radar,109,21,31,0,161,0,11,66,4,81,109,32,97,4,242,59,0,59,301
11/11/2019,TUS,AZ,AWP,WE,Towers with Radar,115,30,26,2,173,0,13,80,2,95,115,43,106,4,268,40,2,42,310
11/12/2019,TUS,AZ,AWP,WE,Towers with Radar,114,30,33,61,238,0,6,45,23,74,114,36,78,84,312,64,42,106,418
11/13/2019,TUS,AZ,AWP,WE,Towers with Radar,115,34,47,30,226,0,21,78,23,122,115,55,125,53,348,42,10,52,400
11/14/2019,TUS,AZ,AWP,WE,Towers with Radar,121,25,28,36,210,0,9,79,21,109,121,34,107,57,319,24,6,30,349
11/15/2019,TUS,AZ,AWP,WE,Towers with Radar,117,36,32,25,210,0,9,102,12,123,117,45,134,37,333,66,0,66,399
11/16/2019,TUS,AZ,AWP,WE,Towers with Radar,94,18,17,3,132,0,11,155,2,168,94,29,172,5,300,120,0,120,420
11/17/2019,TUS,AZ,AWP,WE,Towers with Radar,111,31,28,1,171,1,14,81,1,97,112,45,109,2,268,42,0,42,310
11/18/2019,TUS,AZ,AWP,WE,Towers with Radar,113,45,44,41,243,0,17,65,21,103,113,62,109,62,346,42,28,70,416
11/19/2019,TUS,AZ,AWP,WE,Towers with Radar,114,26,32,21,193,0,2,54,4,60,114,28,86,25,253,38,0,38,291
11/20/2019,TUS,AZ,AWP,WE,Towers with Radar,113,35,26,32,206,0,2,29,6,37,113,37,55,38,243,12,8,20,263
11/21/2019,TUS,AZ,AWP,WE,Towers with Radar,119,41,41,19,220,2,7,24,13,46,121,48,65,32,266,46,20,66,332
11/22/2019,TUS,AZ,AWP,WE,Towers with Radar,122,48,52,4,226,0,12,127,10,149,122,60,179,14,375,104,0,104,479
11/23/2019,TUS,AZ,AWP,WE,Towers with Radar,106,33,32,16,187,0,15,101,2,118,106,48,133,18,305,52,0,52,357
11/24/2019,TUS,AZ,AWP,WE,Towers with Radar,112,37,28,0,177,0,10,80,2,92,112,47,108,2,269,68,0,68,337
11/25/2019,TUS,AZ,AWP,WE,Towers with Radar,111,46,40,45,242,0,21,72,18,111,111,67,112,63,353,18,16,34,387
11/26/2019,TUS,AZ,AWP,WE,Towers with Radar,116,40,51,46,253,0,19,86,30,135,116,59,137,76,388,42,10,52,440
11/27/2019,TUS,AZ,AWP,WE,Towers with Radar,121,49,48,26,244,0,9,39,17,65,121,58,87,43,309,46,12,58,367
11/28/2019,TUS,AZ,AWP,WE,Towers with Radar,74,18,25,0,117,0,0,12,2,14,74,18,37,2,131,4,0,4,135
11/29/2019,TUS,AZ,AWP,WE,Towers with Radar,90,30,18,0,138,0,6,14,0,20,90,36,32,0,158,4,0,4,162
11/30/2019,TUS,AZ,AWP,WE,Towers with Radar,116,40,41,0,197,0,9,67,2,78,116,49,108,2,275,82,0,82,357
12/01/2019,TUS,AZ,AWP,WE,Towers with Radar,125,35,58,0,218,0,2,80,0,82,125,37,138,0,300,138,0,138,438
12/02/2019,TUS,AZ,AWP,WE,Towers with Radar,119,35,27,37,218,0,22,56,21,99,119,57,83,58,317,38,10,48,365
12/03/2019,TUS,AZ,AWP,WE,Towers with Radar,110,29,41,41,221,0,4,67,16,87,110,33,108,57,308,88,28,116,424
12/04/2019,TUS,AZ,AWP,WE,Towers with Radar,99,36,26,35,196,0,7,64,15,86,99,43,90,50,282,56,4,60,342
12/05/2019,TUS,AZ,AWP,WE,Towers with Radar,115,25,28,35,203,0,5,69,27,101,115,30,97,62,304,50,32,82,386
12/06/2019,TUS,AZ,AWP,WE,Towers with Radar,112,34,39,40,225,0,9,107,28,144,112,43,146,68,369,62,24,86,455
12/07/2019,TUS,AZ,AWP,WE,Towers with Radar,95,23,25,27,170,0,8,151,19,178,95,31,176,46,348,26,6,32,380
12/08/2019,TUS,AZ,AWP,WE,Towers with Radar,102,25,37,2,166,0,2,48,3,53,102,27,85,5,219,46,0,46,265
12/09/2019,TUS,AZ,AWP,WE,Towers with Radar,115,31,17,3,166,0,0,16,4,20,115,31,33,7,186,4,0,4,190
12/10/2019,TUS,AZ,AWP,WE,Towers with Radar,105,29,51,54,239,0,17,72,17,106,105,46,123,71,345,60,24,84,429
12/11/2019,TUS,AZ,AWP,WE,Towers with Radar,105,26,45,52,228,0,15,96,20,131,105,41,141,72,359,83,26,109,468
12/12/2019,TUS,AZ,AWP,WE,Towers with Radar,118,38,45,31,232,0,21,75,24,120,118,59,120,55,352,86,22,108,460
12/13/2019,TUS,AZ,AWP,WE,Towers with Radar,108,38,63,34,243,0,12,93,23,128,108,50,156,57,371,62,36,98,469
12/14/2019,TUS,AZ,AWP,WE,Towers with Radar,93,30,36,9,168,0,17,91,11,119,93,47,127,20,287,41,0,41,328
12/15/2019,TUS,AZ,AWP,WE,Towers with Radar,101,43,28,5,177,0,10,32,3,45,101,53,60,8,222,14,26,40,262
12/16/2019,TUS,AZ,AWP,WE,Towers with Radar,104,32,39,31,206,0,17,86,19,122,104,49,125,50,328,76,12,88,416
12/17/2019,TUS,AZ,AWP,WE,Towers with Radar,105,39,35,33,212,0,13,55,17,85,105,52,90,50,297,60,6,66,363
12/18/2019,TUS,AZ,AWP,WE,Towers with Radar,106,58,28,37,229,0,13,80,15,108,106,71,108,52,337,20,6,26,363
12/19/2019,TUS,AZ,AWP,WE,Towers with Radar,121,34,48,35,238,0,9,94,24,127,121,43,142,59,365,28,14,42,407
12/20/2019,TUS,AZ,AWP,WE,Towers with Radar,123,30,37,2,192,0,10,73,5,88,123,40,110,7,280,106,2,108,388
12/21/2019,TUS,AZ,AWP,WE,Towers with Radar,120,29,16,0,165,0,10,58,0,68,120,39,74,0,233,58,0,58,291
12/22/2019,TUS,AZ,AWP,WE,Towers with Radar,128,24,24,0,176,0,8,65,2,75,128,32,89,2,251,48,0,48,299
12/23/2019,TUS,AZ,AWP,WE,Towers with Radar,127,23,38,29,217,0,13,61,14,88,127,36,99,43,305,34,22,56,361
12/24/2019,TUS,AZ,AWP,WE,Towers with Radar,107,13,5,0,125,0,4,11,0,15,107,17,16,0,140,14,0,14,154
12/25/2019,TUS,AZ,AWP,WE,Towers with Radar,96,18,5,0,119,0,4,15,2,21,96,22,20,2,140,0,0,0,140
12/26/2019,TUS,AZ,AWP,WE,Towers with Radar,128,34,35,0,197,0,9,64,0,73,128,43,99,0,270,16,0,16,286
12/27/2019,TUS,AZ,AWP,WE,Towers with Radar,129,39,21,8,197,0,2,18,2,22,129,41,39,10,219,16,4,20,239
12/28/2019,TUS,AZ,AWP,WE,Towers with Radar,117,32,35,0,184,0,4,40,0,44,117,36,75,0,228,76,0,76,304
12/29/2019,TUS,AZ,AWP,WE,Towers with Radar,126,16,31,0,173,0,6,66,0,72,126,22,97,0,245,78,0,78,323
12/30/2019,TUS,AZ,AWP,WE,Towers with Radar,133,22,41,2,198,0,11,54,5,70,133,33,95,7,268,104,0,104,372
12/31/2019,TUS,AZ,AWP,WE,Towers with Radar,124,18,30,1,173,0,7,69,6,82,124,25,99,7,255,68,0,68,323
01/01/2020,TUS,AZ,AWP,WE,Towers with Radar,107,25,19,0,151,0,7,61,0,68,107,32,80,0,219,40,0,40,259
01/02/2020,TUS,AZ,AWP,WE,Towers with Radar,128,33,35,23,219,0,11,48,20,79,128,44,83,43,298,46,28,74,372
01/03/2020,TUS,AZ,AWP,WE,Towers with Radar,125,25,50,27,227,0,13,81,31,125,125,38,131,58,352,58,12,70,422
01/04/2020,TUS,AZ,AWP,WE,Towers with Radar,111,24,33,0,168,0,14,93,3,110,111,38,126,3,278,58,0,58,336
01/05/2020,TUS,AZ,AWP,WE,Towers with Radar,122,23,40,1,186,0,16,59,2,77,122,39,99,3,263,26,0,26,289
01/06/2020,TUS,AZ,AWP,WE,Towers with Radar,112,33,41,39,225,0,6,60,20,86,112,39,101,59,311,44,34,78,389
01/07/2020,TUS,AZ,AWP,WE,Towers with Radar,102,60,36,41,239,0,25,32,22,79,102,85,68,63,318,45,30,75,393
01/08/2020,TUS,AZ,AWP,WE,Towers with Radar,106,54,32,46,238,0,17,68,24,109,106,71,100,70,347,93,46,139,486
01/09/2020,TUS,AZ,AWP,WE,Towers with Radar,111,33,68,26,238,0,13,69,29,111,111,46,137,55,349,40,26,66,415
01/10/2020,TUS,AZ,AWP,WE,Towers with Radar,105,35,40,92,272,0,10,73,19,102,105,45,113,111,374,88,22,110,484
01/11/2020,TUS,AZ,AWP,WE,Towers with Radar,89,28,43,28,188,0,9,166,19,194,89,37,209,47,382,94,52,146,528
01/12/2020,TUS,AZ,AWP,WE,Towers with Radar,111,21,40,18,190,0,8,86,19,113,111,29,126,37,303,126,8,134,437
01/13/2020,TUS,AZ,AWP,WE,Towers with Radar,115,41,29,7,192,0,16,75,3,94,115,57,104,10,286,128,0,128,414
01/14/2020,TUS,AZ,AWP,WE,Towers with Radar,99,35,28,40,202,0,8,65,30,103,99,43,93,70,305,96,34,130,435
01/15/2020,TUS,AZ,AWP,WE,Towers with Radar,108,36,39,39,222,0,15,74,32,121,108,51,113,71,343,46,66,112,455
01/16/2020,TUS,AZ,AWP,WE,Towers with Radar,112,39,36,38,225,0,10,33,31,74,112,49,69,69,299,72,20,92,391
01/17/2020,TUS,AZ,AWP,WE,Towers with Radar,116,30,46,42,234,0,8,110,16,134,116,38,156,58,368,64,23,87,455
01/18/2020,TUS,AZ,AWP,WE,Towers with Radar,88,36,44,3,171,0,7,132,2,141,88,43,176,5,312,90,0,90,402
01/19/2020,TUS,AZ,AWP,WE,Towers with Radar,106,26,34,2,168,0,6,71,1,78,106,32,105,3,246,10,0,10,256
01/20/2020,TUS,AZ,AWP,WE,Towers with Radar,108,37,51,0,196,0,5,41,1,47,108,42,92,1,243,38,0,38,281
01/21/2020,TUS,AZ,AWP,WE,Towers with Radar,100,37,51,24,212,0,0,19,7,26,100,37,70,31,238,25,2,27,265
01/22/2020,TUS,AZ,AWP,WE,Towers with Radar,106,42,53,61,262,0,4,55,11,70,106,46,108,72,332,58,8,66,398
01/23/2020,TUS,AZ,AWP,WE,Towers with Radar,116,28,33,44,221,0,16,78,24,118,116,44,111,68,339,64,32,96,435
01/24/2020,TUS,AZ,AWP,WE,Towers with Radar,113,47,50,57,267,0,6,80,16,102,113,53,130,73,369,107,13,120,489
01/25/2020,TUS,AZ,AWP,WE,Towers with Radar,91,27,30,14,162,0,15,162,4,181,91,42,192,18,343,62,0,62,405
01/26/2020,TUS,AZ,AWP,WE,Towers with Radar,111,33,30,5,179,0,14,73,9,96,111,47,103,14,275,67,0,67,342
01/27/2020,TUS,AZ,AWP,WE,Towers with Radar,108,30,35,11,184,0,16,66,18,100,108,46,101,29,284,84,2,86,370
01/28/2020,TUS,AZ,AWP,WE,Towers with Radar,100,49,49,39,237,0,13,93,28,134,100,62,142,67,371,106,14,120,491
01/29/2020,TUS,AZ,AWP,WE,Towers with Radar,106,35,38,37,216,0,14,71,35,120,106,49,109,72,336,38,34,72,408
01/30/2020,TUS,AZ,AWP,WE,Towers with Radar,113,34,46,35,228,0,11,80,18,109,113,45,126,53,337,93,14,107,444
01/31/2020,TUS,AZ,AWP,WE,Towers with Radar,110,40,31,47,228,0,9,79,21,109,110,49,110,68,337,68,18,86,423
02/01/2020,TUS,AZ,AWP,CE,Towers with Radar,92,30,29,0,151,0,13,149,3,165,92,43,178,3,316,74,0,74,390
02/02/2020,TUS,AZ,AWP,CE,Towers with Radar,104,36,42,0,182,0,5,81,1,87,104,41,123,1,269,36,0,36,305
02/03/2020,TUS,AZ,AWP,CE,Towers with Radar,108,43,33,30,214,0,3,32,22,57,108,46,65,52,271,4,31,35,306
02/04/2020,TUS,AZ,AWP,CE,Towers with Radar,101,42,50,44,237,0,11,60,37,108,101,53,110,81,345,90,24,114,459
02/05/2020,TUS,AZ,AWP,CE,Towers with Radar,102,41,37,35,215,0,22,93,26,141,102,63,130,61,356,106,34,140,496
02/06/2020,TUS,AZ,AWP,CE,Towers with Radar,114,45,32,42,233,0,15,72,36,123,114,60,104,78,356,78,49,127,483
02/07/2020,TUS,AZ,AWP,CE,Towers with Radar,110,45,43,69,267,0,14,90,13,117,110,59,133,82,384,98,30,128,512
02/08/2020,TUS,AZ,AWP,CE,Towers with Radar,100,37,48,17,202,0,13,167,21,201,100,50,215,38,403,65,2,67,470
02/09/2020,TUS,AZ,AWP,CE,Towers with Radar,109,36,42,21,208,0,20,53,12,85,109,56,95,33,293,24,16,40,333
02/10/2020,TUS,AZ,AWP,CE,Towers with Radar,110,29,26,5,170,0,4,41,2,47,110,33,67,7,217,7,7,14,231
02/11/2020,TUS,AZ,AWP,CE,Towers with Radar,112,31,33,60,236,0,0,30,7,37,112,31,63,67,273,24,30,54,327
02/12/2020,TUS,AZ,AWP,CE,Towers with Radar,106,38,41,47,232,0,13,77,16,106,106,51,118,63,338,26,32,58,396
02/13/2020,TUS,AZ,AWP,CE,Towers with Radar,122,42,52,37,253,0,12,103,23,138,122,54,155,60,391,10,20,30,421
02/14/2020,TUS,AZ,AWP,CE,Towers with Radar,128,33,42,1,204,0,18,113,3,134,128,51,155,4,338,33,0,33,371
02/15/2020,TUS,AZ,AWP,CE,Towers with Radar,104,41,35,10,190,0,19,166,2,187,104,60,201,12,377,78,0,78,455
02/16/2020,TUS,AZ,AWP,CE,Towers with Radar,118,33,36,7,194,0,11,79,0,90,118,44,115,7,284,101,0,101,385
02/17/2020,TUS,AZ,AWP,CE,Towers with Radar,126,35,45,0,206,0,21,78,1,100,126,56,123,1,306,36,0,36,342
02/18/2020,TUS,AZ,AWP,CE,Towers with Radar,117,46,36,48,247,0,21,80,26,127,117,67,116,74,374,164,39,203,577
02/19/2020,TUS,AZ,AWP,CE,Towers with Radar,118,34,39,41,232,0,16,76,25,117,118,50,115,66,349,144,26,170,519
02/20/2020,TUS,AZ,AWP,CE,Towers with Radar,132,35,33,44,244,0,19,91,22,132,132,54,124,66,376,162,22,184,560
02/21/2020,TUS,AZ,AWP,CE,Towers with Radar,123,39,41,5,208,0,11,32,6,49,123,50,73,11,257,134,0,134,391
02/22/2020,TUS,AZ,AWP,CE,Towers with Radar,106,36,41,0,183,0,2,24,0,26,106,38,65,0,209,24,0,24,233
02/23/2020,TUS,AZ,AWP,CE,Towers with Radar,120,35,28,3,186,0,7,43,2,52,120,42,71,5,238,112,0,112,350
02/24/2020,TUS,AZ,AWP,CE,Towers with Radar,128,22,38,37,225,0,16,93,12,121,128,38,131,49,346,152,14,166,512
02/25/2020,TUS,AZ,AWP,CE,Towers with Radar,116,39,40,49,244,0,16,58,20,94,116,55,98,69,338,175,15,190,528
02/26/2020,TUS,AZ,AWP,CE,Towers with Radar,119,41,62,39,261,0,14,77,18,109,119,55,139,57,370,208,12,220,590
02/27/2020,TUS,AZ,AWP,CE,Towers with Radar,127,35,37,34,233,0,25,90,19,134,127,60,127,53,367,234,8,242,609
02/28/2020,TUS,AZ,AWP,CE,Towers with Radar,122,32,32,35,221,0,12,115,18,145,122,44,147,53,366,130,20,150,516
02/29/2020,TUS,AZ,AWP,CE,Towers with Radar,106,44,34,3,187,0,17,150,4,171,106,61,184,7,358,91,0,91,449
03/01/2020,TUS,AZ,AWP,CE,Towers with Radar,125,39,46,0,210,0,11,68,0,79,125,50,114,0,289,42,0,42,331
03/02/2020,TUS,AZ,AWP,CE,Towers with Radar,120,33,28,33,214,0,6,63,22,91,120,39,91,55,305,33,26,59,364
03/03/2020,TUS,AZ,AWP,CE,Towers with Radar,118,21,35,33,207,0,19,63,10,92,118,40,98,43,299,74,2,76,375
03/04/2020,TUS,AZ,AWP,CE,Towers with Radar,121,23,48,33,225,0,24,118,20,162,121,47,166,53,387,72,6,78,465
03/05/2020,TUS,AZ,AWP,CE,Towers with Radar,135,37,68,33,273,0,7,81,18,106,135,44,149,51,379,60,20,80,459
03/06/2020,TUS,AZ,AWP,CE,Towers with Radar,123,28,41,44,236,0,17,78,11,106,123,45,119,55,342,114,28,142,484
03/07/2020,TUS,AZ,AWP,CE,Towers with Radar,110,42,37,24,213,0,21,146,19,186,110,63,183,43,399,66,36,102,501
03/08/2020,TUS,AZ,AWP,CE,Towers with Radar,119,31,26,13,189,0,10,45,11,66,119,41,71,24,255,38,8,46,301
03/09/2020,TUS,AZ,AWP,CE,Towers with Radar,122,38,33,24,217,0,23,90,16,129,122,61,123,40,346,66,14,80,426
03/10/2020,TUS,AZ,AWP,CE,Towers with Radar,119,47,47,36,249,0,12,58,12,82,119,59,105,48,331,41,26,67,398
03/11/2020,TUS,AZ,AWP,CE,Towers with Radar,115,33,54,36,238,0,7,42,13,62,115,40,96,49,300,68,16,84,384
03/12/2020,TUS,AZ,AWP,CE,Towers with Radar,129,52,47,26,254,0,3,30,16,49,129,55,77,42,303,74,4,78,381
03/13/2020,TUS,AZ,AWP,CE,Towers with Radar,122,41,34,2,199,0,15,55,3,73,122,56,89,5,272,106,0,106,378
03/14/2020,TUS,AZ,AWP,CE,Towers with Radar,114,39,43,2,198,0,16,146,0,162,114,55,189,2,360,176,0,176,536
03/15/2020,TUS,AZ,AWP,CE,Towers with Radar,119,44,58,0,221,0,9,97,0,106,119,53,155,0,327,20,0,20,347
03/16/2020,TUS,AZ,AWP,CE,Towers with Radar,123,43,38,27,231,0,19,86,15,120,123,62,124,42,351,116,14,130,481
03/17/2020,TUS,AZ,AWP,CE,Towers with Radar,120,49,49,25,243,0,10,60,17,87,120,59,109,42,330,79,7,86,416
03/18/2020,TUS,AZ,AWP,CE,Towers with Radar,109,32,19,3,163,0,1,25,1,27,109,33,44,4,190,34,0,34,224
03/19/2020,TUS,AZ,AWP,CE,Towers with Radar,110,23,36,26,195,0,18,60,13,91,110,41,96,39,286,112,12,124,410
03/20/2020,TUS,AZ,AWP,CE,Towers with Radar,108,37,34,29,208,0,15,75,17,107,108,52,109,46,315,95,20,115,430
03/21/2020,TUS,AZ,AWP,CE,Towers with Radar,91,21,40,2,154,0,11,69,0,80,91,32,109,2,234,145,0,145,379
03/22/2020,TUS,AZ,AWP,CE,Towers with Radar,96,21,28,0,145,0,9,60,0,69,96,30,88,0,214,158,0,158,372
03/23/2020,TUS,AZ,AWP,CE,Towers with Radar,78,30,19,4,131,0,10,52,7,69,78,40,71,11,200,8,0,8,208
03/24/2020,TUS,AZ,AWP,CE,Towers with Radar,83,29,23,40,175,0,9,73,14,96,83,38,96,54,271,48,10,58,329
03/25/2020,TUS,AZ,AWP,CE,Towers with Radar,85,22,17,43,167,0,25,67,18,110,85,47,84,61,277,46,22,68,345
03/26/2020,TUS,AZ,AWP,CE,Towers with Radar,89,16,17,30,152,0,11,63,31,105,89,27,80,61,257,32,50,82,339
03/27/2020,TUS,AZ,AWP,CE,Towers with Radar,65,9,9,28,111,0,12,52,8,72,65,21,61,36,183,64,12,76,259
03/28/2020,TUS,AZ,AWP,CE,Towers with Radar,63,32,25,0,120,0,7,91,0,98,63,39,116,0,218,144,0,144,362
03/29/2020,TUS,AZ,AWP,CE,Towers with Radar,73,9,18,0,100,0,8,49,0,57,73,17,67,0,157,62,0,62,219
03/30/2020,TUS,AZ,AWP,CE,Towers with Radar,66,20,16,36,138,0,8,48,10,66,66,28,64,46,204,60,18,78,282
03/31/2020,TUS,AZ,AWP,CE,Towers with Radar,72,16,20,42,150,0,9,59,16,84,72,25,79,58,234,115,24,139,373
04/01/2020,TUS,AZ,AWP,CE,Towers with Radar,64,28,21,28,141,0,7,39,18,64,64,35,60,46,205,102,36,138,343
04/02/2020,TUS,AZ,AWP,CE,Towers with Radar,71,17,16,37,141,0,7,53,17,77,71,24,69,54,218,60,4,64,282
04/03/2020,TUS,AZ,AWP,CE,Towers with Radar,53,11,14,23,101,0,5,57,9,71,53,16,71,32,172,62,12,74,246
04/04/2020,TUS,AZ,AWP,CE,Towers with Radar,51,14,20,1,86,0,6,62,2,70,51,20,82,3,156,68,0,68,224
04/05/2020,TUS,AZ,AWP,CE,Towers with Radar,56,11,9,1,77,0,11,37,1,49,56,22,46,2,126,51,0,51,177
04/06/2020,TUS,AZ,AWP,CE,Towers with Radar,55,22,10,5,92,0,9,55,2,66,55,31,65,7,158,84,0,84,242
04/07/2020,TUS,AZ,AWP,CE,Towers with Radar,55,14,16,32,117,0,12,45,13,70,55,26,61,45,187,36,6,42,229
04/08/2020,TUS,AZ,AWP,CE,Towers with Radar,69,18,13,36,136,0,8,42,18,68,69,26,55,54,204,70,22,92,296
04/09/2020,TUS,AZ,AWP,CE,Towers with Radar,49,24,27,45,145,0,16,65,17,98,49,40,92,62,243,60,72,132,375
04/10/2020,TUS,AZ,AWP,CE,Towers with Radar,47,18,19,38,122,0,16,65,16,97,47,34,84,54,219,104,38,142,361
04/11/2020,TUS,AZ,AWP,CE,Towers with Radar,36,10,13,0,59,0,6,31,0,37,36,16,44,0,96,86,0,86,182
04/12/2020,TUS,AZ,AWP,CE,Towers with Radar,33,8,15,0,56,0,8,52,0,60,33,16,67,0,116,4,0,4,120
04/13/2020,TUS,AZ,AWP,CE,Towers with Radar,39,20,8,32,99,0,6,45,9,60,39,26,53,41,159,42,18,60,219
04/14/2020,TUS,AZ,AWP,CE,Towers with Radar,37,14,17,27,95,0,15,66,6,87,37,29,83,33,182,54,8,62,244
04/15/2020,TUS,AZ,AWP,CE,Towers with Radar,30,24,23,23,100,0,19,65,10,94,30,43,88,33,194,78,4,82,276
04/16/2020,TUS,AZ,AWP,CE,Towers with Radar,32,15,16,26,89,0,8,52,9,69,32,23,68,35,158,38,16,54,212
04/17/2020,TUS,AZ,AWP,CE,Towers with Radar,38,12,22,18,90,0,8,40,6,54,38,20,62,24,144,0,12,12,156
04/18/2020,TUS,AZ,AWP,CE,Towers with Radar,29,23,12,2,66,0,17,57,1,75,29,40,69,3,141,4,0,4,145
04/19/2020,TUS,AZ,AWP,CE,Towers with Radar,26,10,17,1,54,0,5,63,2,70,26,15,80,3,124,55,0,55,179
04/20/2020,TUS,AZ,AWP,CE,Towers with Radar,28,11,12,17,68,0,6,48,7,61,28,17,60,24,129,68,20,88,217
04/21/2020,TUS,AZ,AWP,CE,Towers with Radar,29,17,14,32,92,0,11,43,8,62,29,28,57,40,154,68,33,101,255
04/22/2020,TUS,AZ,AWP,CE,Towers with Radar,35,20,17,20,92,0,12,57,10,79,35,32,74,30,171,18,4,22,193
04/23/2020,TUS,AZ,AWP,CE,Towers with Radar,27,16,16,33,92,0,15,58,13,86,27,31,74,46,178,51,14,65,243
04/24/2020,TUS,AZ,AWP,CE,Towers with Radar,50,29,21,19,119,0,6,66,8,80,50,35,87,27,199,36,4,40,239
04/25/2020,TUS,AZ,AWP,CE,Towers with Radar,28,12,16,5,61,0,14,78,3,95,28,26,94,8,156,128,0,128,284
04/26/2020,TUS,AZ,AWP,CE,Towers with Radar,28,12,19,1,60,0,8,59,2,69,28,20,78,3,129,67,0,67,196
04/27/2020,TUS,AZ,AWP,CE,Towers with Radar,26,16,16,14,72,0,7,34,15,56,26,23,50,29,128,28,6,34,162
04/28/2020,TUS,AZ,AWP,CE,Towers with Radar,26,16,30,25,97,0,14,71,9,94,26,30,101,34,191,94,8,102,293
04/29/2020,TUS,AZ,AWP,CE,Towers with Radar,39,24,26,19,108,0,16,71,3,90,39,40,97,22,198,52,2,54,252
04/30/2020,TUS,AZ,AWP,CE,Towers with Radar,39,27,33,23,122,0,13,49,15,77,39,40,82,38,199,96,16,112,311
05/01/2020,TUS,AZ,AWP,CE,Towers with Radar,40,21,48,18,127,0,3,54,14,71,40,24,102,32,198,82,10,92,290
05/02/2020,TUS,AZ,AWP,CE,Towers with Radar,35,18,20,0,73,0,7,66,0,73,35,25,86,0,146,84,0,84,230
05/03/2020,TUS,AZ,AWP,CE,Towers with Radar,23,10,18,0,51,0,7,48,2,57,23,17,66,2,108,114,0,114,222
05/04/2020,TUS,AZ,AWP,CE,Towers with Radar,26,18,12,21,77,0,5,64,14,83,26,23,76,35,160,74,8,82,242
05/05/2020,TUS,AZ,AWP,CE,Towers with Radar,37,21,31,33,122,0,10,54,21,85,37,31,85,54,207,94,22,116,323
05/06/2020,TUS,AZ,AWP,CE,Towers with Radar,48,23,22,18,111,0,14,49,15,78,48,37,71,33,189,58,14,72,261
05/07/2020,TUS,AZ,AWP,CE,Towers with Radar,44,16,22,30,112,0,6,51,15,72,44,22,73,45,184,76,20,96,280
05/08/2020,TUS,AZ,AWP,CE,Towers with Radar,42,34,27,27,130,0,7,75,4,86,42,41,102,31,216,146,18,164,380
05/09/2020,TUS,AZ,AWP,CE,Towers with Radar,31,12,15,0,58,0,0,87,0,87,31,12,102,0,145,60,0,60,205
05/10/2020,TUS,AZ,AWP,CE,Towers with Radar,39,11,10,0,60,0,3,58,2,63,39,14,68,2,123,47,0,47,170
05/11/2020,TUS,AZ,AWP,CE,Towers with Radar,39,24,35,39,137,0,17,74,17,108,39,41,109,56,245,108,4,112,357
05/12/2020,TUS,AZ,AWP,CE,Towers with Radar,42,25,20,30,117,0,27,67,7,101,42,52,87,37,218,72,4,76,294
05/13/2020,TUS,AZ,AWP,CE,Towers with Radar,41,32,29,31,133,0,12,69,13,94,41,44,98,44,227,68,11,79,306
05/14/2020,TUS,AZ,AWP,CE,Towers with Radar,40,31,23,32,126,0,12,80,14,106,40,43,103,46,232,116,20,136,368
05/15/2020,TUS,AZ,AWP,CE,Towers with Radar,43,22,36,37,138,1,17,59,16,93,44,39,95,53,231,97,26,123,354
05/16/2020,TUS,AZ,AWP,CE,Towers with Radar,33,10,25,9,77,0,11,86,6,103,33,21,111,15,180,132,10,142,322
05/17/2020,TUS,AZ,AWP,CE,Towers with Radar,34,14,26,1,75,0,10,58,1,69,34,24,84,2,144,24,0,24,168
05/18/2020,TUS,AZ,AWP,CE,Towers with Radar,43,19,22,23,107,4,11,58,10,83,47,30,80,33,190,18,32,50,240
05/19/2020,TUS,AZ,AWP,CE,Towers with Radar,41,17,12,28,98,0,18,62,12,92,41,35,74,40,190,62,10,72,262
05/20/2020,TUS,AZ,AWP,CE,Towers with Radar,40,39,24,18,121,0,13,80,10,103,40,52,104,28,224,70,20,90,314
05/21/2020,TUS,AZ,AWP,CE,Towers with Radar,45,21,36,29,131,0,11,82,5,98,45,32,118,34,229,86,8,94,323
05/22/2020,TUS,AZ,AWP,CE,Towers with Radar,43,34,41,12,130,0,13,83,10,106,43,47,124,22,236,92,14,106,342
05/23/2020,TUS,AZ,AWP,CE,Towers with Radar,36,15,23,0,74,0,9,63,0,72,36,24,86,0,146,91,0,91,237
05/24/2020,TUS,AZ,AWP,CE,Towers with Radar,34,3,18,0,55,0,19,60,2,81,34,22,78,2,136,76,0,76,212
05/25/2020,TUS,AZ,AWP,CE,Towers with Radar,38,17,14,0,69,0,10,74,2,86,38,27,88,2,155,82,0,82,237
05/26/2020,TUS,AZ,AWP,CE,Towers with Radar,34,29,21,43,127,1,17,73,15,106,35,46,94,58,233,88,22,110,343
05/27/2020,TUS,AZ,AWP,CE,Towers with Radar,43,24,31,32,130,0,12,71,19,102,43,36,102,51,232,66,18,84,316
05/28/2020,TUS,AZ,AWP,CE,Towers with Radar,40,30,26,32,128,0,11,71,17,99,40,41,97,49,227,186,30,216,443
05/29/2020,TUS,AZ,AWP,CE,Towers with Radar,41,10,23,25,99,0,17,52,10,79,41,27,75,35,178,72,14,86,264
05/30/2020,TUS,AZ,AWP,CE,Towers with Radar,39,13,30,10,92,0,7,42,8,57,39,20,72,18,149,90,10,100,249
05/31/2020,TUS,AZ,AWP,CE,Towers with Radar,40,13,23,5,81,0,14,66,0,80,40,27,89,5,161,62,0,62,223
06/01/2020,TUS,AZ,AWP,CE,Towers with Radar,45,23,18,24,110,0,14,74,9,97,45,37,92,33,207,106,2,108,315
06/02/2020,TUS,AZ,AWP,CE,Towers with Radar,36,13,17,26,92,0,14,70,8,92,36,27,87,34,184,88,12,100,284
06/03/2020,TUS,AZ,AWP,CE,Towers with Radar,46,28,35,37,146,0,13,73,19,105,46,41,108,56,251,62,38,100,351
06/04/2020,TUS,AZ,AWP,CE,Towers with Radar,53,28,37,43,161,0,14,82,3,99,53,42,119,46,260,60,8,68,328
06/05/2020,TUS,AZ,AWP,CE,Towers with Radar,47,29,29,33,138,0,13,82,7,102,47,42,111,40,240,66,24,90,330
06/06/2020,TUS,AZ,AWP,CE,Towers with Radar,39,14,23,1,77,0,4,83,0,87,39,18,106,1,164,96,0,96,260
06/07/2020,TUS,AZ,AWP,CE,Towers with Radar,49,13,25,2,89,0,10,60,8,78,49,23,85,10,167,48,0,48,215
06/08/2020,TUS,AZ,AWP,CE,Towers with Radar,53,31,29,35,148,0,19,69,18,106,53,50,98,53,254,64,10,74,328
06/09/2020,TUS,AZ,AWP,CE,Towers with Radar,46,33,32,37,148,0,11,81,26,118,46,44,113,63,266,92,30,122,388
06/10/2020,TUS,AZ,AWP,CE,Towers with Radar,50,24,37,24,135,0,14,85,13,112,50,38,122,37,247,58,6,64,311
06/11/2020,TUS,AZ,AWP,CE,Towers with Radar,55,25,26,20,126,0,27,74,16,117,55,52,100,36,243,68,8,76,319
06/12/2020,TUS,AZ,AWP,CE,Towers with Radar,59,25,18,21,123,0,13,92,16,121,59,38,110,37,244,103,8,111,355
06/13/2020,TUS,AZ,AWP,CE,Towers with Radar,46,23,8,12,89,0,12,85,8,105,46,35,93,20,194,72,6,78,272
06/14/2020,TUS,AZ,AWP,CE,Towers with Radar,48,11,20,6,85,0,25,57,8,90,48,36,77,14,175,78,4,82,257
06/15/2020,TUS,AZ,AWP,CE,Towers with Radar,52,39,27,11,129,3,10,82,10,105,55,49,109,21,234,94,8,102,336
06/16/2020,TUS,AZ,AWP,CE,Towers with Radar,49,28,19,31,127,0,16,85,20,121,49,44,104,51,248,62,18,80,328
06/17/2020,TUS,AZ,AWP,CE,Towers with Radar,53,30,20,22,125,0,14,69,20,103,53,44,89,42,228,38,28,66,294
06/18/2020,TUS,AZ,AWP,CE,Towers with Radar,55,31,50,39,175,0,14,85,20,119,55,45,135,59,294,82,10,92,386
06/19/2020,TUS,AZ,AWP,CE,Towers with Radar,60,34,40,14,148,0,21,88,22,131,60,55,128,36,279,98,4,102,381
06/20/2020,TUS,AZ,AWP,CE,Towers with Radar,41,11,16,0,68,0,10,106,7,123,41,21,122,7,191,116,0,116,307
06/21/2020,TUS,AZ,AWP,CE,Towers with Radar,48,15,22,0,85,0,11,54,4,69,48,26,76,4,154,100,0,100,254
06/22/2020,TUS,AZ,AWP,CE,Towers with Radar,52,21,43,41,157,0,7,120,9,136,52,28,163,50,293,158,8,166,459
06/23/2020,TUS,AZ,AWP,CE,Towers with Radar,49,26,28,38,141,0,24,84,19,127,49,50,112,57,268,190,10,200,468
06/24/2020,TUS,AZ,AWP,CE,Towers with Radar,49,27,45,22,143,0,17,77,9,103,49,44,122,31,246,82,0,82,328
06/25/2020,TUS,AZ,AWP,CE,Towers with Radar,53,44,35,27,159,0,8,84,6,98,53,52,119,33,257,134,8,142,399
06/26/2020,TUS,AZ,AWP,CE,Towers with Radar,60,29,55,22,166,0,11,107,10,128,60,40,162,32,294,102,0,102,396
06/27/2020,TUS,AZ,AWP,CE,Towers with Radar,54,20,23,15,112,1,11,78,8,98,55,31,101,23,210,64,0,64,274
06/28/2020,TUS,AZ,AWP,CE,Towers with Radar,48,27,20,6,101,0,13,44,7,64,48,40,64,13,165,16,0,16,181
06/29/2020,TUS,AZ,AWP,CE,Towers with Radar,55,24,18,14,111,0,9,52,7,68,55,33,70,21,179,92,6,98,277
06/30/2020,TUS,AZ,AWP,CE,Towers with Radar,52,34,42,22,150,0,11,83,7,101,52,45,125,29,251,54,12,66,317
07/01/2020,TUS,AZ,AWP,CE,Towers with Radar,52,18,44,27,141,0,17,100,15,132,52,35,144,42,273,100,30,130,403
07/02/2020,TUS,AZ,AWP,CE,Towers with Radar,57,23,18,10,108,0,7,60,5,72,57,30,78,15,180,68,3,71,251
07/03/2020,TUS,AZ,AWP,CE,Towers with Radar,60,29,37,0,126,0,17,84,0,101,60,46,121,0,227,39,0,39,266
07/04/2020,TUS,AZ,AWP,CE,Towers with Radar,42,8,9,0,59,0,5,65,0,70,42,13,74,0,129,58,0,58,187
07/05/2020,TUS,AZ,AWP,CE,Towers with Radar,48,18,25,0,91,0,9,49,0,58,48,27,74,0,149,16,0,16,165
07/06/2020,TUS,AZ,AWP,CE,Towers with Radar,55,21,32,26,134,0,12,69,11,92,55,33,101,37,226,80,0,80,306
07/07/2020,TUS,AZ,AWP,CE,Towers with Radar,58,18,32,46,154,0,13,61,16,90,58,31,93,62,244,116,16,132,376
07/08/2020,TUS,AZ,AWP,CE,Towers with Radar,63,19,41,29,152,0,5,67,18,90,63,24,108,47,242,28,16,44,286
07/09/2020,TUS,AZ,AWP,CE,Towers with Radar,65,22,27,33,147,0,10,84,16,110,65,32,111,49,257,82,36,118,375
07/10/2020,TUS,AZ,AWP,CE,Towers with Radar,69,19,36,14,138,0,21,96,8,125,69,40,132,22,263,104,0,104,367
07/11/2020,TUS,AZ,AWP,CE,Towers with Radar,59,9,21,16,105,0,20,57,10,87,59,29,78,26,192,82,2,84,276
07/12/2020,TUS,AZ,AWP,CE,Towers with Radar,64,21,15,5,105,0,11,48,8,67,64,32,63,13,172,28,0,28,200
07/13/2020,TUS,AZ,AWP,CE,Towers with Radar,70,12,28,15,125,0,6,53,18,77,70,18,81,33,202,82,2,84,286
07/14/2020,TUS,AZ,AWP,CE,Towers with Radar,57,23,34,29,143,0,13,73,9,95,57,36,107,38,238,154,14,168,406
07/15/2020,TUS,AZ,AWP,CE,Towers with Radar,63,17,36,17,133,0,10,69,8,87,63,27,105,25,220,72,4,76,296
07/16/2020,TUS,AZ,AWP,CE,Towers with Radar,68,31,24,32,155,0,7,60,18,85,68,38,84,50,240,46,22,68,308
07/17/2020,TUS,AZ,AWP,CE,Towers with Radar,71,30,39,13,153,0,11,71,14,96,71,41,110,27,249,52,2,54,303
07/18/2020,TUS,AZ,AWP,CE,Towers with Radar,59,7,25,0,91,0,16,102,0,118,59,23,127,0,209,86,0,86,295
07/19/2020,TUS,AZ,AWP,CE,Towers with Radar,63,15,22,0,100,0,8,55,3,66,63,23,77,3,166,30,0,30,196
07/20/2020,TUS,AZ,AWP,CE,Towers with Radar,67,22,29,27,145,0,8,78,18,104,67,30,107,45,249,134,18,152,401
07/21/2020,TUS,AZ,AWP,CE,Towers with Radar,58,16,27,44,145,0,17,70,28,115,58,33,97,72,260,202,4,206,466
07/22/2020,TUS,AZ,AWP,CE,Towers with Radar,59,19,20,17,115,0,2,64,12,78,59,21,84,29,193,104,16,120,313
07/23/2020,TUS,AZ,AWP,CE,Towers with Radar,68,16,13,15,112,0,1,36,4,41,68,17,49,19,153,126,6,132,285
07/24/2020,TUS,AZ,AWP,CE,Towers with Radar,72,15,33,22,142,0,5,51,19,75,72,20,84,41,217,126,4,130,347
07/25/2020,TUS,AZ,AWP,CE,Towers with Radar,59,23,15,9,106,0,8,72,11,91,59,31,87,20,197,182,4,186,383
07/26/2020,TUS,AZ,AWP,CE,Towers with Radar,64,27,23,4,118,0,7,62,9,78,64,34,85,13,196,86,0,86,282
07/27/2020,TUS,AZ,AWP,CE,Towers with Radar,68,24,26,26,144,0,2,67,11,80,68,26,93,37,224,30,10,40,264
07/28/2020,TUS,AZ,AWP,CE,Towers with Radar,60,25,31,28,144,0,13,74,18,105,60,38,105,46,249,68,10,78,327
07/29/2020,TUS,AZ,AWP,CE,Towers with Radar,59,29,29,41,158,0,20,85,9,114,59,49,114,50,272,78,6,84,356
07/30/2020,TUS,AZ,AWP,CE,Towers with Radar,62,26,40,26,154,0,18,79,15,112,62,44,119,41,266,42,54,96,362
07/31/2020,TUS,AZ,AWP,CE,Towers with Radar,68,20,29,21,138,0,9,74,8,91,68,29,103,29,229,92,2,94,323
08/01/2020,TUS,AZ,AWP,CE,Towers with Radar,56,6,20,0,82,0,14,58,0,72,56,20,78,0,154,16,0,16,170
08/02/2020,TUS,AZ,AWP,CE,Towers with Radar,56,8,22,1,87,0,6,59,2,67,56,14,81,3,154,115,0,115,269
08/03/2020,TUS,AZ,AWP,CE,Towers with Radar,58,21,27,17,123,0,17,75,11,103,58,38,102,28,226,4,6,10,236
08/04/2020,TUS,AZ,AWP,CE,Towers with Radar,53,24,28,24,129,0,20,88,20,128,53,44,116,44,257,6,7,13,270
08/05/2020,TUS,AZ,AWP,CE,Towers with Radar,52,18,30,29,129,1,19,71,12,103,53,37,101,41,232,8,6,14,246
08/06/2020,TUS,AZ,AWP,CE,Towers with Radar,59,21,38,30,148,0,14,84,12,110,59,35,122,42,258,18,6,24,282
08/07/2020,TUS,AZ,AWP,CE,Towers with Radar,60,32,30,17,139,0,20,72,13,105,60,52,102,30,244,60,32,92,336
08/08/2020,TUS,AZ,AWP,CE,Towers with Radar,50,30,30,14,124,1,18,91,7,117,51,48,121,21,241,16,42,58,299
08/09/2020,TUS,AZ,AWP,CE,Towers with Radar,48,23,25,11,107,0,28,75,8,111,48,51,100,19,218,0,34,34,252
08/10/2020,TUS,AZ,AWP,CE,Towers with Radar,51,19,24,36,130,0,10,76,17,103,51,29,100,53,233,8,16,24,257
08/11/2020,TUS,AZ,AWP,CE,Towers with Radar,53,27,21,30,131,0,14,63,8,85,53,41,84,38,216,0,18,18,234
08/12/2020,TUS,AZ,AWP,CE,Towers with Radar,56,25,24,31,136,1,21,76,13,111,57,46,100,44,247,12,44,56,303
08/13/2020,TUS,AZ,AWP,CE,Towers with Radar,54,24,23,18,119,0,5,83,13,101,54,29,106,31,220,26,10,36,256
08/14/2020,TUS,AZ,AWP,CE,Towers with Radar,59,23,47,12,141,0,9,80,7,96,59,32,127,19,237,12,8,20,257
08/15/2020,TUS,AZ,AWP,CE,Towers with Radar,53,17,25,0,95,0,14,68,1,83,53,31,93,1,178,19,0,19,197
08/16/2020,TUS,AZ,AWP,CE,Towers with Radar,50,16,21,0,87,0,6,62,2,70,50,22,83,2,157,0,0,0,157
08/17/2020,TUS,AZ,AWP,CE,Towers with Radar,59,16,26,25,126,0,12,72,17,101,59,28,98,42,227,0,13,13,240
08/18/2020,TUS,AZ,AWP,CE,Towers with Radar,51,30,22,27,130,0,13,88,24,125,51,43,110,51,255,8,18,26,281
08/19/2020,TUS,AZ,AWP,CE,Towers with Radar,51,31,21,25,128,0,14,76,13,103,51,45,97,38,231,2,12,14,245
08/20/2020,TUS,AZ,AWP,CE,Towers with Radar,52,16,35,21,124,0,9,58,12,79,52,25,93,33,203,0,10,10,213
08/21/2020,TUS,AZ,AWP,CE,Towers with Radar,58,42,27,21,148,0,18,87,9,114,58,60,114,30,262,22,24,46,308
08/22/2020,TUS,AZ,AWP,CE,Towers with Radar,54,29,14,13,110,0,17,95,7,119,54,46,109,20,229,12,12,24,253
08/23/2020,TUS,AZ,AWP,CE,Towers with Radar,50,21,18,9,98,0,7,59,4,70,50,28,77,13,168,104,20,124,292
08/24/2020,TUS,AZ,AWP,CE,Towers with Radar,52,24,21,19,116,0,11,46,13,70,52,35,67,32,186,70,2,72,258
08/25/2020,TUS,AZ,AWP,CE,Towers with Radar,52,30,51,25,158,0,12,76,11,99,52,42,127,36,257,138,8,146,403
08/26/2020,TUS,AZ,AWP,CE,Towers with Radar,54,33,50,27,164,0,17,77,15,109,54,50,127,42,273,62,10,72,345
08/27/2020,TUS,AZ,AWP,CE,Towers with Radar,52,28,37,36,153,0,5,59,20,84,52,33,96,56,237,96,62,158,395
08/28/2020,TUS,AZ,AWP,CE,Towers with Radar,57,35,40,26,158,0,2,72,11,85,57,37,112,37,243,90,24,114,357
08/29/2020,TUS,AZ,AWP,CE,Towers with Radar,53,16,31,0,100,0,10,81,4,95,53,26,112,4,195,114,0,114,309
08/30/2020,TUS,AZ,AWP,CE,Towers with Radar,48,21,25,9,103,0,6,51,2,59,48,27,76,11,162,62,0,62,224
08/31/2020,TUS,AZ,AWP,CE,Towers with Radar,48,22,35,19,124,0,3,58,9,70,48,25,93,28,194,60,16,76,270
09/01/2020,TUS,AZ,AWP,CE,Towers with Radar,53,35,27,39,154,0,16,69,23,108,53,51,96,62,262,70,40,110,372
09/02/2020,TUS,AZ,AWP,CE,Towers with Radar,52,27,34,33,146,0,16,104,25,145,52,43,138,58,291,22,18,40,331
09/03/2020,TUS,AZ,AWP,CE,Towers with Radar,55,26,46,29,156,0,23,82,19,124,55,49,128,48,280,204,42,246,526
09/04/2020,TUS,AZ,AWP,CE,Towers with Radar,55,35,37,2,129,0,10,60,1,71,55,45,97,3,200,38,0,38,238
09/05/2020,TUS,AZ,AWP,CE,Towers with Radar,48,33,11,0,92,0,11,75,0,86,48,44,86,0,178,152,0,152,330
09/06/2020,TUS,AZ,AWP,CE,Towers with Radar,32,33,9,0,74,0,4,61,0,65,32,37,70,0,139,44,0,44,183
09/07/2020,TUS,AZ,AWP,CE,Towers with Radar,41,23,19,0,83,0,8,60,1,69,41,31,79,1,152,24,0,24,176
09/08/2020,TUS,AZ,AWP,CE,Towers with Radar,37,16,30,29,112,0,7,35,17,59,37,23,65,46,171,40,22,62,233
09/09/2020,TUS,AZ,AWP,CE,Towers with Radar,48,34,28,40,150,0,16,60,28,104,48,50,88,68,254,78,47,125,379
09/10/2020,TUS,AZ,AWP,CE,Towers with Radar,46,28,32,37,143,0,12,92,14,118,46,40,124,51,261,68,10,78,339
09/11/2020,TUS,AZ,AWP,CE,Towers with Radar,53,23,48,12,136,0,10,101,11,122,53,33,149,23,258,118,6,124,382
09/12/2020,TUS,AZ,AWP,CE,Towers with Radar,48,44,25,20,137,0,23,82,16,121,48,67,107,36,258,70,46,116,374
09/13/2020,TUS,AZ,AWP,CE,Towers with Radar,49,12,37,11,109,0,10,56,8,74,49,22,93,19,183,72,6,78,261
09/14/2020,TUS,AZ,AWP,CE,Towers with Radar,46,29,48,6,129,0,14,58,6,78,46,43,106,12,207,98,0,98,305
09/15/2020,TUS,AZ,AWP,CE,Towers with Radar,42,33,43,32,150,0,11,79,21,111,42,44,122,53,261,58,18,76,337
09/16/2020,TUS,AZ,AWP,CE,Towers with Radar,46,37,28,42,153,1,14,84,12,111,47,51,112,54,264,46,42,88,352
09/17/2020,TUS,AZ,AWP,CE,Towers with Radar,48,33,33,36,150,0,26,63,20,109,48,59,96,56,259,130,26,156,415
09/18/2020,TUS,AZ,AWP,CE,Towers with Radar,54,16,28,26,124,0,11,50,16,77,54,27,78,42,201,86,23,109,310
09/19/2020,TUS,AZ,AWP,CE,Towers with Radar,49,22,25,0,96,0,7,79,0,86,49,29,104,0,182,115,0,115,297
09/20/2020,TUS,AZ,AWP,CE,Towers with Radar,46,15,32,5,98,0,7,74,0,81,46,22,106,5,179,118,0,118,297
09/21/2020,TUS,AZ,AWP,CE,Towers with Radar,45,34,50,42,171,0,11,76,6,93,45,45,126,48,264,138,24,162,426
09/22/2020,TUS,AZ,AWP,CE,Towers with Radar,42,34,49,43,168,0,16,100,12,128,42,50,149,55,296,31,28,59,355
09/23/2020,TUS,AZ,AWP,CE,Towers with Radar,45,25,32,45,147,0,14,91,16,121,45,39,123,61,268,134,15,149,417
09/24/2020,TUS,AZ,AWP,CE,Towers with Radar,46,38,47,38,169,0,10,68,16,94,46,48,115,54,263,108,48,156,419
09/25/2020,TUS,AZ,AWP,CE,Towers with Radar,49,31,46,28,154,0,12,68,8,88,49,43,114,36,242,124,12,136,378
09/26/2020,TUS,AZ,AWP,CE,Towers with Radar,49,24,47,0,120,0,5,102,0,107,49,29,149,0,227,66,0,66,293
09/27/2020,TUS,AZ,AWP,CE,Towers with Radar,44,26,23,1,94,0,8,81,0,89,44,34,104,1,183,76,0,76,259
09/28/2020,TUS,AZ,AWP,CE,Towers with Radar,46,26,27,33,132,0,9,60,21,90,46,35,87,54,222,80,22,102,324
09/29/2020,TUS,AZ,AWP,CE,Towers with Radar,40,36,46,32,154,0,10,74,19,103,40,46,120,51,257,62,32,94,351
09/30/2020,TUS,AZ,AWP,CE,Towers with Radar,47,33,54,31,165,0,10,81,24,115,47,43,135,55,280,48,24,72,352
10/01/2020,TUS,AZ,AWP,CE,Towers with Radar,49,37,46,44,176,0,4,87,26,117,49,41,133,70,293,100,59,159,452
10/02/2020,TUS,AZ,AWP,CE,Towers with Radar,50,25,44,26,145,0,12,89,22,123,50,37,133,48,268,122,44,166,434
10/03/2020,TUS,AZ,AWP,CE,Towers with Radar,55,17,23,19,114,0,16,74,14,104,55,33,97,33,218,62,6,68,286
10/04/2020,TUS,AZ,AWP,CE,Towers with Radar,55,27,21,9,112,0,14,56,8,78,55,41,77,17,190,32,2,34,224
10/05/2020,TUS,AZ,AWP,CE,Towers with Radar,56,34,34,6,130,0,5,74,7,86,56,39,108,13,216,114,0,114,330
10/06/2020,TUS,AZ,AWP,CE,Towers with Radar,53,44,42,53,192,0,23,97,30,150,53,67,139,83,342,102,43,145,487
10/07/2020,TUS,AZ,AWP,CE,Towers with Radar,56,25,48,38,167,0,20,83,25,128,56,45,131,63,295,164,30,194,489
10/08/2020,TUS,AZ,AWP,CE,Towers with Radar,64,29,49,33,175,0,7,95,13,115,64,36,144,46,290,98,44,142,432
10/09/2020,TUS,AZ,AWP,CE,Towers with Radar,66,32,36,27,161,0,11,69,18,98,66,43,105,45,259,116,20,136,395
10/10/2020,TUS,AZ,AWP,CE,Towers with Radar,65,33,18,0,116,0,18,102,0,120,65,51,120,0,236,94,0,94,330
10/11/2020,TUS,AZ,AWP,CE,Towers with Radar,60,31,38,0,129,0,10,79,0,89,60,41,117,0,218,30,0,30,248
10/12/2020,TUS,AZ,AWP,CE,Towers with Radar,59,23,25,0,107,0,12,86,1,99,59,35,111,1,206,118,0,118,324
10/13/2020,TUS,AZ,AWP,CE,Towers with Radar,60,12,35,43,150,0,9,79,17,105,60,21,114,60,255,70,50,120,375
10/14/2020,TUS,AZ,AWP,CE,Towers with Radar,56,33,29,39,157,0,14,77,42,133,56,47,106,81,290,114,52,166,456
10/15/2020,TUS,AZ,AWP,CE,Towers with Radar,63,37,48,41,189,0,14,83,28,125,63,51,131,69,314,92,46,138,452
10/16/2020,TUS,AZ,AWP,CE,Towers with Radar,65,32,46,21,164,0,8,87,8,103,65,40,133,29,267,130,1,131,398
10/17/2020,TUS,AZ,AWP,CE,Towers with Radar,65,22,39,0,126,0,6,113,4,123,65,28,152,4,249,122,0,122,371
10/18/2020,TUS,AZ,AWP,CE,Towers with Radar,62,27,33,2,124,0,8,69,4,81,62,35,102,6,205,50,0,50,255
10/19/2020,TUS,AZ,AWP,CE,Towers with Radar,61,27,19,9,116,0,17,61,3,81,61,44,80,12,197,101,4,105,302
10/20/2020,TUS,AZ,AWP,CE,Towers with Radar,59,26,47,38,170,0,5,85,22,112,59,31,132,60,282,46,34,80,362
10/21/2020,TUS,AZ,AWP,CE,Towers with Radar,64,35,48,46,193,0,14,106,26,146,64,49,154,72,339,176,50,226,565
10/22/2020,TUS,AZ,AWP,CE,Towers with Radar,62,44,57,47,210,0,12,81,20,113,62,56,138,67,323,102,10,112,435
10/23/2020,TUS,AZ,AWP,CE,Towers with Radar,66,41,51,38,196,0,12,125,22,159,66,53,176,60,355,116,18,134,489
10/24/2020,TUS,AZ,AWP,CE,Towers with Radar,66,20,24,2,112,0,13,71,8,92,66,33,95,10,204,90,4,94,298
10/25/2020,TUS,AZ,AWP,CE,Towers with Radar,60,20,45,1,126,0,7,51,4,62,60,27,96,5,188,44,0,44,232
10/26/2020,TUS,AZ,AWP,CE,Towers with Radar,59,51,33,30,173,0,8,57,16,81,59,59,90,46,254,62,8,70,324
10/27/2020,TUS,AZ,AWP,CE,Towers with Radar,57,44,45,32,178,0,17,62,24,103,57,61,107,56,281,192,12,204,485
10/28/2020,TUS,AZ,AWP,CE,Towers with Radar,56,29,50,39,174,0,12,100,28,140,56,41,150,67,314,102,51,153,467
10/29/2020,TUS,AZ,AWP,CE,Towers with Radar,60,39,49,49,197,0,12,68,31,111,60,51,117,80,308,40,92,132,440
10/30/2020,TUS,AZ,AWP,CE,Towers with Radar,62,43,51,5,161,0,18,83,6,107,62,61,134,11,268,108,0,108,376
10/31/2020,TUS,AZ,AWP,CE,Towers with Radar,47,30,26,0,103,0,11,90,3,104,47,41,116,3,207,132,0,132,339
11/01/2020,TUS,AZ,AWP,CE,Towers with Radar,56,25,29,1,111,0,11,77,5,93,56,36,106,6,204,44,0,44,248
11/02/2020,TUS,AZ,AWP,CE,Towers with Radar,61,29,58,32,180,1,23,65,12,101,62,52,123,44,281,6,18,24,305
11/03/2020,TUS,AZ,AWP,CE,Towers with Radar,55,35,42,40,172,0,20,126,23,169,55,55,168,63,341,102,42,144,485
11/04/2020,TUS,AZ,AWP,CE,Towers with Radar,64,34,52,33,183,0,18,97,40,155,64,52,149,73,338,112,64,176,514
11/05/2020,TUS,AZ,AWP,CE,Towers with Radar,68,23,50,34,175,0,16,76,32,124,68,39,126,66,299,104,26,130,429
11/06/2020,TUS,AZ,AWP,CE,Towers with Radar,74,38,49,32,193,0,16,92,20,128,74,54,141,52,321,114,39,153,474
11/07/2020,TUS,AZ,AWP,CE,Towers with Radar,78,31,26,12,147,0,6,28,7,41,78,37,54,19,188,26,2,28,216
11/08/2020,TUS,AZ,AWP,CE,Towers with Radar,65,28,38,10,141,0,8,60,8,76,65,36,98,18,217,44,27,71,288
11/09/2020,TUS,AZ,AWP,CE,Towers with Radar,66,26,53,34,179,0,9,56,11,76,66,35,109,45,255,104,0,104,359
11/10/2020,TUS,AZ,AWP,CE,Towers with Radar,67,25,46,14,152,0,11,80,6,97,67,36,126,20,249,136,0,136,385
11/11/2020,TUS,AZ,AWP,CE,Towers with Radar,66,33,46,0,145,0,7,92,2,101,66,40,138,2,246,129,0,129,375
11/12/2020,TUS,AZ,AWP,CE,Towers with Radar,70,34,39,38,181,0,17,99,27,143,70,51,138,65,324,188,56,244,568
11/13/2020,TUS,AZ,AWP,CE,Towers with Radar,74,37,36,56,203,0,19,112,20,151,74,56,148,76,354,92,34,126,480
11/14/2020,TUS,AZ,AWP,CE,Towers with Radar,69,22,47,1,139,0,18,105,2,125,69,40,152,3,264,168,0,168,432
11/15/2020,TUS,AZ,AWP,CE,Towers with Radar,75,28,23,19,145,0,27,87,4,118,75,55,110,23,263,92,0,92,355
11/16/2020,TUS,AZ,AWP,CE,Towers with Radar,70,30,25,38,163,0,10,102,23,135,70,40,127,61,298,180,34,214,512
11/17/2020,TUS,AZ,AWP,CE,Towers with Radar,73,31,45,46,195,0,10,105,27,142,73,41,150,73,337,180,34,214,551
11/18/2020,TUS,AZ,AWP,CE,Towers with Radar,81,45,31,32,189,0,24,105,13,142,81,69,136,45,331,152,36,188,519
11/19/2020,TUS,AZ,AWP,CE,Towers with Radar,70,48,38,45,201,0,10,99,35,144,70,58,137,80,345,120,42,162,507
11/20/2020,TUS,AZ,AWP,CE,Towers with Radar,74,28,63,39,204,0,14,111,26,151,74,42,174,65,355,106,55,161,516
11/21/2020,TUS,AZ,AWP,CE,Towers with Radar,76,35,44,1,156,0,22,105,2,129,76,57,149,3,285,132,0,132,417
11/22/2020,TUS,AZ,AWP,CE,Towers with Radar,70,49,30,5,154,0,13,66,4,83,70,62,96,9,237,52,0,52,289
11/23/2020,TUS,AZ,AWP,CE,Towers with Radar,67,31,46,30,174,0,29,70,22,121,67,60,116,52,295,64,36,100,395
11/24/2020,TUS,AZ,AWP,CE,Towers with Radar,76,29,37,45,187,0,18,67,18,103,76,47,104,63,290,62,32,94,384
11/25/2020,TUS,AZ,AWP,CE,Towers with Radar,82,53,45,13,193,0,11,98,9,118,82,64,143,22,311,164,8,172,483
11/26/2020,TUS,AZ,AWP,CE,Towers with Radar,40,19,10,1,70,0,16,42,4,62,40,35,52,5,132,52,0,52,184
11/27/2020,TUS,AZ,AWP,CE,Towers with Radar,67,28,33,0,128,0,4,78,6,88,67,32,111,6,216,42,0,42,258
11/28/2020,TUS,AZ,AWP,CE,Towers with Radar,73,24,20,0,117,0,9,85,2,96,73,33,105,2,213,50,0,50,263
11/29/2020,TUS,AZ,AWP,CE,Towers with Radar,80,33,49,1,163,0,11,70,3,84,80,44,119,4,247,108,0,108,355
11/30/2020,TUS,AZ,AWP,CE,Towers with Radar,77,36,29,31,173,0,7,53,16,76,77,43,82,47,249,34,10,44,293
12/01/2020,TUS,AZ,AWP,CE,Towers with Radar,71,37,36,42,186,0,18,92,18,128,71,55,128,60,314,154,10,164,478
12/02/2020,TUS,AZ,AWP,CE,Towers with Radar,63,28,25,30,146,2,14,106,13,135,65,42,131,43,281,162,28,190,471
12/03/2020,TUS,AZ,AWP,CE,Towers with Radar,67,35,18,39,159,0,18,31,14,63,67,53,49,53,222,32,46,78,300
12/04/2020,TUS,AZ,AWP,CE,Towers with Radar,71,43,35,32,181,0,18,91,10,119,71,61,126,42,300,183,20,203,503
12/05/2020,TUS,AZ,AWP,CE,Towers with Radar,60,27,23,22,132,0,12,77,13,102,60,39,100,35,234,74,7,81,315
12/06/2020,TUS,AZ,AWP,CE,Towers with Radar,63,27,33,14,137,0,25,73,18,116,63,52,106,32,253,169,2,171,424
12/07/2020,TUS,AZ,AWP,CE,Towers with Radar,62,22,38,15,137,0,13,62,18,93,62,35,100,33,230,38,8,46,276
12/08/2020,TUS,AZ,AWP,CE,Towers with Radar,56,46,42,35,179,0,26,74,17,117,56,72,116,52,296,86,24,110,406
12/09/2020,TUS,AZ,AWP,CE,Towers with Radar,57,37,39,37,170,0,29,74,29,132,57,66,113,66,302,146,22,168,470
12/10/2020,TUS,AZ,AWP,CE,Towers with Radar,66,35,24,32,157,0,13,20,6,39,66,48,44,38,196,88,2,90,286
12/11/2020,TUS,AZ,AWP,CE,Towers with Radar,67,26,41,30,164,0,16,80,12,108,67,42,121,42,272,193,10,203,475
12/12/2020,TUS,AZ,AWP,CE,Towers with Radar,61,17,33,0,111,0,17,81,2,100,61,34,114,2,211,134,0,134,345
12/13/2020,TUS,AZ,AWP,CE,Towers with Radar,67,40,36,0,143,0,23,90,4,117,67,63,126,4,260,68,0,68,328
12/14/2020,TUS,AZ,AWP,CE,Towers with Radar,66,28,22,39,155,0,12,57,19,88,66,40,79,58,243,90,38,128,371
12/15/2020,TUS,AZ,AWP,CE,Towers with Radar,59,12,31,35,137,0,9,77,9,95,59,21,108,44,232,76,32,108,340
12/16/2020,TUS,AZ,AWP,CE,Towers with Radar,57,28,47,64,196,0,18,109,14,141,57,46,156,78,337,126,29,155,492
12/17/2020,TUS,AZ,AWP,CE,Towers with Radar,77,48,36,8,169,0,15,72,9,96,77,63,108,17,265,54,5,59,324
12/18/2020,TUS,AZ,AWP,CE,Towers with Radar,81,22,33,18,154,0,10,90,9,109,81,32,123,27,263,0,0,0,263
12/19/2020,TUS,AZ,AWP,CE,Towers with Radar,76,21,32,0,129,5,12,66,4,87,81,33,98,4,216,0,0,0,216
12/20/2020,TUS,AZ,AWP,CE,Towers with Radar,78,28,27,2,135,3,1,75,2,81,81,29,102,4,216,0,0,0,216
12/21/2020,TUS,AZ,AWP,CE,Towers with Radar,75,16,18,22,131,0,11,83,6,100,75,27,101,28,231,0,0,0,231
12/22/2020,TUS,AZ,AWP,CE,Towers with Radar,87,29,22,19,157,2,15,82,14,113,89,44,104,33,270,0,0,0,270
12/23/2020,TUS,AZ,AWP,CE,Towers with Radar,85,24,21,14,144,0,17,86,3,106,85,41,107,17,250,0,0,0,250
12/24/2020,TUS,AZ,AWP,CE,Towers with Radar,58,20,13,0,91,0,17,34,2,53,58,37,47,2,144,0,0,0,144
12/25/2020,TUS,AZ,AWP,CE,Towers with Radar,43,8,8,0,59,1,9,26,4,40,44,17,34,4,99,0,0,0,99
12/26/2020,TUS,AZ,AWP,CE,Towers with Radar,79,28,30,0,137,0,12,83,3,98,79,40,113,3,235,0,0,0,235
12/27/2020,TUS,AZ,AWP,CE,Towers with Radar,90,32,25,0,147,0,23,64,4,91,90,55,89,4,238,2,0,2,240
12/28/2020,TUS,AZ,AWP,CE,Towers with Radar,91,33,48,6,178,1,16,46,6,69,92,49,94,12,247,0,0,0,247
12/29/2020,TUS,AZ,AWP,CE,Towers with Radar,79,23,34,15,151,0,9,63,10,82,79,32,97,25,233,70,0,70,303
12/30/2020,TUS,AZ,AWP,CE,Towers with Radar,78,37,38,10,163,0,33,86,5,124,78,70,124,15,287,72,8,80,367
12/31/2020,TUS,AZ,AWP,CE,Towers with Radar,68,28,31,0,127,0,11,63,3,77,68,39,94,3,204,50,0,50,254
01/01/2021,TUS,AZ,AWP,CE,Towers with Radar,63,11,16,0,90,0,6,43,3,52,63,17,59,3,142,34,0,34,176
01/02/2021,TUS,AZ,AWP,CE,Towers with Radar,83,30,61,0,174,0,13,92,3,108,83,43,153,3,282,56,0,56,338
01/03/2021,TUS,AZ,AWP,CE,Towers with Radar,86,23,45,0,154,0,13,78,2,93,86,36,123,2,247,24,0,24,271
01/04/2021,TUS,AZ,AWP,CE,Towers with Radar,74,33,47,34,188,0,11,71,13,95,74,44,118,47,283,102,18,120,403
01/05/2021,TUS,AZ,AWP,CE,Towers with Radar,65,22,33,48,168,0,20,75,12,107,65,42,108,60,275,106,20,126,401
01/06/2021,TUS,AZ,AWP,CE,Towers with Radar,64,40,54,30,188,0,13,85,17,115,64,53,139,47,303,90,34,124,427
01/07/2021,TUS,AZ,AWP,CE,Towers with Radar,69,25,39,29,162,0,23,86,14,123,69,48,125,43,285,94,22,116,401
01/08/2021,TUS,AZ,AWP,CE,Towers with Radar,76,29,38,34,177,0,15,80,11,106,76,44,118,45,283,110,20,130,413
01/09/2021,TUS,AZ,AWP,CE,Towers with Radar,62,38,28,14,142,0,12,78,14,104,62,50,106,28,246,64,0,64,310
01/10/2021,TUS,AZ,AWP,CE,Towers with Radar,65,35,36,10,146,0,11,69,14,94,65,46,105,24,240,132,16,148,388
01/11/2021,TUS,AZ,AWP,CE,Towers with Radar,63,39,31,4,137,0,15,51,6,72,63,54,82,10,209,172,0,172,381
01/12/2021,TUS,AZ,AWP,CE,Towers with Radar,64,27,32,50,173,0,9,89,27,125,64,36,121,77,298,219,34,253,551
01/13/2021,TUS,AZ,AWP,CE,Towers with Radar,65,31,31,35,162,0,10,81,16,107,65,41,112,51,269,195,16,211,480
01/14/2021,TUS,AZ,AWP,CE,Towers with Radar,71,49,54,43,217,0,11,82,18,111,71,60,136,61,328,64,26,90,418
01/15/2021,TUS,AZ,AWP,CE,Towers with Radar,70,32,40,32,174,0,11,83,17,111,70,43,123,49,285,94,24,118,403
01/16/2021,TUS,AZ,AWP,CE,Towers with Radar,70,25,23,0,118,0,9,99,3,111,70,34,122,3,229,60,0,60,289
01/17/2021,TUS,AZ,AWP,CE,Towers with Radar,67,32,26,3,128,0,20,85,2,107,67,52,111,5,235,115,0,115,350
01/18/2021,TUS,AZ,AWP,CE,Towers with Radar,71,23,42,1,137,0,8,104,5,117,71,31,146,6,254,165,0,165,419
01/19/2021,TUS,AZ,AWP,CE,Towers with Radar,66,26,36,50,178,0,19,53,37,109,66,45,89,87,287,28,78,106,393
01/20/2021,TUS,AZ,AWP,CE,Towers with Radar,62,28,21,57,168,0,1,26,38,65,62,29,47,95,233,44,58,102,335
01/21/2021,TUS,AZ,AWP,CE,Towers with Radar,69,34,35,58,196,0,11,48,26,85,69,45,83,84,281,46,48,94,375
01/22/2021,TUS,AZ,AWP,CE,Towers with Radar,75,37,40,38,190,0,12,92,23,127,75,49,132,61,317,81,40,121,438
01/23/2021,TUS,AZ,AWP,CE,Towers with Radar,64,31,26,9,130,0,16,91,11,118,64,47,117,20,248,116,0,116,364
01/24/2021,TUS,AZ,AWP,CE,Towers with Radar,73,29,32,0,134,0,2,21,0,23,73,31,53,0,157,2,0,2,159
01/25/2021,TUS,AZ,AWP,CE,Towers with Radar,91,38,21,6,156,0,2,8,0,10,91,40,29,6,166,16,0,16,182
01/26/2021,TUS,AZ,AWP,CE,Towers with Radar,66,29,21,24,140,0,8,26,7,41,66,37,47,31,181,30,0,30,211
01/27/2021,TUS,AZ,AWP,CE,Towers with Radar,62,45,57,41,205,0,18,80,25,123,62,63,137,66,328,42,32,74,402
01/28/2021,TUS,AZ,AWP,CE,Towers with Radar,69,31,28,45,173,0,15,74,30,119,69,46,102,75,292,50,22,72,364
01/29/2021,TUS,AZ,AWP,CE,Towers with Radar,72,23,50,36,181,0,7,48,31,86,72,30,98,67,267,76,68,144,411
01/30/2021,TUS,AZ,AWP,CE,Towers with Radar,64,32,49,2,147,0,9,122,4,135,64,41,171,6,282,138,0,138,420
01/31/2021,TUS,AZ,AWP,CE,Towers with Radar,64,24,34,0,122,0,14,74,3,91,64,38,108,3,213,92,0,92,305
02/01/2021,TUS,AZ,AWP,CE,Towers with Radar,68,26,43,64,201,0,9,56,30,95,68,35,99,94,296,64,24,88,384
02/02/2021,TUS,AZ,AWP,CE,Towers with Radar,64,25,41,45,175,0,15,105,22,142,64,40,146,67,317,180,40,220,537
02/03/2021,TUS,AZ,AWP,CE,Towers with Radar,67,22,35,30,154,0,11,101,16,128,67,33,136,46,282,74,8,82,364
02/04/2021,TUS,AZ,AWP,CE,Towers with Radar,77,53,17,34,181,0,28,64,17,109,77,81,81,51,290,100,18,118,408
02/05/2021,TUS,AZ,AWP,CE,Towers with Radar,76,30,42,30,178,0,15,95,9,119,76,45,137,39,297,128,6,134,431
02/06/2021,TUS,AZ,AWP,CE,Towers with Radar,65,24,51,23,163,0,15,96,16,127,65,39,147,39,290,162,6,168,458
02/07/2021,TUS,AZ,AWP,CE,Towers with Radar,66,33,31,12,142,0,14,61,10,85,66,47,92,22,227,20,10,30,257
02/08/2021,TUS,AZ,AWP,CE,Towers with Radar,64,23,30,8,125,2,15,89,14,120,66,38,119,22,245,128,0,128,373
02/09/2021,TUS,AZ,AWP,CE,Towers with Radar,69,26,56,52,203,0,7,101,22,130,69,33,157,74,333,108,10,118,451
02/10/2021,TUS,AZ,AWP,CE,Towers with Radar,63,25,49,57,194,0,4,93,22,119,63,29,142,79,313,110,12,122,435
02/11/2021,TUS,AZ,AWP,CE,Towers with Radar,88,41,68,78,275,0,6,88,34,128,88,47,156,112,403,194,52,246,649
02/12/2021,TUS,AZ,AWP,CE,Towers with Radar,74,41,45,35,195,0,15,74,26,115,74,56,119,61,310,80,12,92,402
02/13/2021,TUS,AZ,AWP,CE,Towers with Radar,65,30,38,24,157,0,12,84,1,97,65,42,122,25,254,38,0,38,292
02/14/2021,TUS,AZ,AWP,CE,Towers with Radar,69,36,34,5,144,0,7,38,3,48,69,43,72,8,192,41,0,41,233
02/15/2021,TUS,AZ,AWP,CE,Towers with Radar,58,31,49,3,141,0,11,79,5,95,58,42,128,8,236,44,0,44,280
02/16/2021,TUS,AZ,AWP,CE,Towers with Radar,56,34,37,35,162,0,11,53,16,80,56,45,90,51,242,46,18,64,306
02/17/2021,TUS,AZ,AWP,CE,Towers with Radar,56,43,41,31,171,0,18,71,22,111,56,61,112,53,282,218,20,238,520
02/18/2021,TUS,AZ,AWP,CE,Towers with Radar,65,50,49,32,196,0,8,86,29,123,65,58,135,61,319,264,8,272,591
02/19/2021,TUS,AZ,AWP,CE,Towers with Radar,69,40,37,28,174,0,17,100,9,126,69,57,137,37,300,208,8,216,516
02/20/2021,TUS,AZ,AWP,CE,Towers with Radar,70,26,36,2,134,0,7,79,3,89,70,33,115,5,223,168,0,168,391
02/21/2021,TUS,AZ,AWP,CE,Towers with Radar,76,34,47,10,167,0,8,88,7,103,76,42,135,17,270,69,4,73,343
02/22/2021,TUS,AZ,AWP,CE,Towers with Radar,73,37,47,38,195,0,13,76,22,111,73,50,123,60,306,124,42,166,472
02/23/2021,TUS,AZ,AWP,CE,Towers with Radar,67,41,45,31,184,0,22,81,23,126,67,63,126,54,310,182,20,202,512
02/24/2021,TUS,AZ,AWP,CE,Towers with Radar,69,38,63,36,206,0,6,88,22,116,69,44,151,58,322,182,30,212,534
02/25/2021,TUS,AZ,AWP,CE,Towers with Radar,82,30,41,34,187,0,23,91,17,131,82,53,132,51,318,204,16,220,538
02/26/2021,TUS,AZ,AWP,CE,Towers with Radar,77,26,45,35,183,0,13,107,9,129,77,39,152,44,312,144,22,166,478
02/27/2021,TUS,AZ,AWP,CE,Towers with Radar,70,38,47,7,162,0,13,98,5,116,70,51,145,12,278,46,0,46,324
02/28/2021,TUS,AZ,AWP,CE,Towers with Radar,80,38,43,14,175,0,18,49,2,69,80,56,92,16,244,22,0,22,266
03/01/2021,TUS,AZ,AWP,CE,Towers with Radar,73,36,52,39,200,4,14,79,20,117,77,50,131,59,317,140,18,158,475
03/02/2021,TUS,AZ,AWP,CE,Towers with Radar,72,33,52,44,201,0,9,61,22,92,72,42,113,66,293,46,28,74,367
03/03/2021,TUS,AZ,AWP,CE,Towers with Radar,102,39,86,30,257,0,11,73,24,108,102,50,159,54,365,116,2,118,483
03/04/2021,TUS,AZ,AWP,CE,Towers with Radar,87,39,62,34,222,0,22,114,25,161,87,61,176,59,383,104,8,112,495
03/05/2021,TUS,AZ,AWP,CE,Towers with Radar,78,44,52,41,215,0,13,99,34,146,78,57,151,75,361,70,16,86,447
03/06/2021,TUS,AZ,AWP,CE,Towers with Radar,78,27,32,22,159,0,16,58,14,88,78,43,90,36,247,50,6,56,303
03/07/2021,TUS,AZ,AWP,CE,Towers with Radar,86,37,41,15,179,0,15,77,11,103,86,52,118,26,282,72,2,74,356
03/08/2021,TUS,AZ,AWP,CE,Towers with Radar,80,49,47,8,184,0,12,105,6,123,80,61,152,14,307,94,0,94,401
03/09/2021,TUS,AZ,AWP,CE,Towers with Radar,77,40,37,54,208,0,19,69,25,113,77,59,106,79,321,52,34,86,407
03/10/2021,TUS,AZ,AWP,CE,Towers with Radar,72,30,44,39,185,0,10,114,29,153,72,40,158,68,338,190,54,244,582
03/11/2021,TUS,AZ,AWP,CE,Towers with Radar,95,46,59,48,248,0,9,91,36,136,95,55,150,84,384,72,30,102,486
03/12/2021,TUS,AZ,AWP,CE,Towers with Radar,89,43,37,71,240,0,15,68,18,101,89,58,105,89,341,92,64,156,497
03/13/2021,TUS,AZ,AWP,CE,Towers with Radar,73,30,49,12,164,0,0,36,4,40,73,30,85,16,204,18,0,18,222
03/14/2021,TUS,AZ,AWP,CE,Towers with Radar,83,36,60,1,180,0,16,100,4,120,83,52,160,5,300,128,0,128,428
03/15/2021,TUS,AZ,AWP,CE,Towers with Radar,74,43,41,43,201,0,19,84,26,129,74,62,125,69,330,187,28,215,545
03/16/2021,TUS,AZ,AWP,CE,Towers with Radar,84,26,41,54,205,0,16,69,32,117,84,42,110,86,322,110,66,176,498
03/17/2021,TUS,AZ,AWP,CE,Towers with Radar,77,36,56,37,206,0,13,119,32,164,77,49,175,69,370,82,18,100,470
03/18/2021,TUS,AZ,AWP,CE,Towers with Radar,91,39,51,37,218,0,10,112,17,139,91,49,163,54,357,140,6,146,503
03/19/2021,TUS,AZ,AWP,CE,Towers with Radar,85,45,50,34,214,0,8,117,13,138,85,53,167,47,352,114,0,114,466
03/20/2021,TUS,AZ,AWP,CE,Towers with Radar,76,35,43,5,159,0,14,102,8,124,76,49,145,13,283,118,0,118,401
03/21/2021,TUS,AZ,AWP,CE,Towers with Radar,89,40,51,0,180,0,12,96,4,112,89,52,147,4,292,72,0,72,364
03/22/2021,TUS,AZ,AWP,CE,Towers with Radar,79,37,53,37,206,0,16,73,36,125,79,53,126,73,331,72,26,98,429
03/23/2021,TUS,AZ,AWP,CE,Towers with Radar,85,31,38,31,185,0,9,68,30,107,85,40,106,61,292,28,22,50,342
03/24/2021,TUS,AZ,AWP,CE,Towers with Radar,84,39,53,45,221,0,9,90,19,118,84,48,143,64,339,160,18,178,517
03/25/2021,TUS,AZ,AWP,CE,Towers with Radar,97,36,65,46,244,0,9,81,34,124,97,45,146,80,368,98,14,112,480
03/26/2021,TUS,AZ,AWP,CE,Towers with Radar,86,30,46,6,168,0,4,120,13,137,86,34,166,19,305,78,4,82,387
03/27/2021,TUS,AZ,AWP,CE,Towers with Radar,76,44,51,2,173,0,17,147,3,167,76,61,198,5,340,44,0,44,384
03/28/2021,TUS,AZ,AWP,CE,Towers with Radar,94,35,45,2,176,0,17,107,6,130,94,52,152,8,306,98,0,98,404
03/29/2021,TUS,AZ,AWP,CE,Towers with Radar,81,26,49,40,196,0,9,111,35,155,81,35,160,75,351,104,40,144,495
03/30/2021,TUS,AZ,AWP,CE,Towers with Radar,82,17,59,29,187,0,16,92,23,131,82,33,151,52,318,110,22,132,450
03/31/2021,TUS,AZ,AWP,CE,Towers with Radar,83,37,51,43,214,0,8,100,17,125,83,45,151,60,339,90,36,126,465
04/01/2021,TUS,AZ,AWP,CE,Towers with Radar,96,29,47,35,207,0,8,44,28,80,96,37,91,63,287,32,10,42,329
04/02/2021,TUS,AZ,AWP,CE,Towers with Radar,90,37,73,5,205,0,11,131,8,150,90,48,204,13,355,118,0,118,473
04/03/2021,TUS,AZ,AWP,CE,Towers with Radar,81,35,35,2,153,0,8,99,7,114,81,43,134,9,267,154,0,154,421
04/04/2021,TUS,AZ,AWP,CE,Towers with Radar,92,26,33,2,153,0,10,75,4,89,92,36,108,6,242,44,0,44,286
04/05/2021,TUS,AZ,AWP,CE,Towers with Radar,84,41,64,45,234,0,20,100,22,142,84,61,164,67,376,98,30,128,504
04/06/2021,TUS,AZ,AWP,CE,Towers with Radar,78,37,45,41,201,0,15,100,31,146,78,52,145,72,347,116,24,140,487
04/07/2021,TUS,AZ,AWP,CE,Towers with Radar,82,31,54,37,204,0,8,118,17,143,82,39,172,54,347,88,14,102,449
04/08/2021,TUS,AZ,AWP,CE,Towers with Radar,96,36,55,36,223,0,15,105,31,151,96,51,160,67,374,70,36,106,480
04/09/2021,TUS,AZ,AWP,CE,Towers with Radar,84,44,33,24,185,0,9,108,26,143,84,53,141,50,328,100,32,132,460
04/10/2021,TUS,AZ,AWP,CE,Towers with Radar,85,31,38,21,175,0,20,120,29,169,85,51,158,50,344,124,18,142,486
04/11/2021,TUS,AZ,AWP,CE,Towers with Radar,91,37,39,22,189,0,21,88,13,122,91,58,127,35,311,128,22,150,461
04/12/2021,TUS,AZ,AWP,CE,Towers with Radar,81,25,64,3,173,0,22,76,3,101,81,47,140,6,274,56,0,56,330
04/13/2021,TUS,AZ,AWP,CE,Towers with Radar,72,25,27,54,178,0,24,65,33,122,72,49,92,87,300,29,20,49,349
04/14/2021,TUS,AZ,AWP,CE,Towers with Radar,72,28,46,82,228,0,29,83,23,135,72,57,129,105,363,39,46,85,448
04/15/2021,TUS,AZ,AWP,CE,Towers with Radar,89,38,48,74,249,0,21,91,26,138,89,59,139,100,387,74,62,136,523
04/16/2021,TUS,AZ,AWP,CE,Towers with Radar,87,45,45,31,208,0,11,120,14,145,87,56,165,45,353,92,18,110,463
04/17/2021,TUS,AZ,AWP,CE,Towers with Radar,78,33,52,13,176,0,5,138,4,147,78,38,190,17,323,142,8,150,473
04/18/2021,TUS,AZ,AWP,CE,Towers with Radar,87,38,48,4,177,0,11,49,3,63,87,49,97,7,240,28,0,28,268
04/19/2021,TUS,AZ,AWP,CE,Towers with Radar,79,42,41,50,212,0,14,74,16,104,79,56,115,66,316,152,26,178,494
04/20/2021,TUS,AZ,AWP,CE,Towers with Radar,75,35,40,51,201,0,19,94,27,140,75,54,134,78,341,106,56,162,503
04/21/2021,TUS,AZ,AWP,CE,Towers with Radar,81,17,33,23,154,0,15,39,5,59,81,32,72,28,213,93,8,101,314
04/22/2021,TUS,AZ,AWP,CE,Towers with Radar,102,48,41,37,228,0,15,74,7,96,102,63,115,44,324,108,18,126,450
04/23/2021,TUS,AZ,AWP,CE,Towers with Radar,80,38,45,50,213,0,12,104,24,140,80,50,149,74,353,70,50,120,473
04/24/2021,TUS,AZ,AWP,CE,Towers with Radar,83,28,42,10,163,0,10,95,2,107,83,38,137,12,270,72,2,74,344
04/25/2021,TUS,AZ,AWP,CE,Towers with Radar,90,41,36,0,167,0,19,67,4,90,90,60,103,4,257,46,0,46,303
04/26/2021,TUS,AZ,AWP,CE,Towers with Radar,86,45,35,42,208,0,12,71,17,100,86,57,106,59,308,116,2,118,426
04/27/2021,TUS,AZ,AWP,CE,Towers with Radar,73,31,47,52,203,0,12,39,12,63,73,43,86,64,266,98,18,116,382
04/28/2021,TUS,AZ,AWP,CE,Towers with Radar,73,29,32,42,176,0,11,84,24,119,73,40,116,66,295,172,28,200,495
04/29/2021,TUS,AZ,AWP,CE,Towers with Radar,90,35,78,51,254,0,14,83,26,123,90,49,161,77,377,94,12,106,483
04/30/2021,TUS,AZ,AWP,CE,Towers with Radar,86,39,47,32,204,0,23,91,16,130,86,62,138,48,334,60,28,88,422
05/01/2021,TUS,AZ,AWP,CE,Towers with Radar,78,30,28,11,147,0,3,120,12,135,78,33,148,23,282,94,0,94,376
05/02/2021,TUS,AZ,AWP,CE,Towers with Radar,97,33,52,3,185,0,10,50,3,63,97,43,102,6,248,2,0,2,250
05/03/2021,TUS,AZ,AWP,CE,Towers with Radar,79,28,44,2,153,0,14,95,6,115,79,42,139,8,268,96,0,96,364
05/04/2021,TUS,AZ,AWP,CE,Towers with Radar,75,34,36,37,182,0,20,100,30,150,75,54,136,67,332,96,26,122,454
05/05/2021,TUS,AZ,AWP,CE,Towers with Radar,75,24,40,37,176,0,9,83,24,116,75,33,123,61,292,96,20,116,408
05/06/2021,TUS,AZ,AWP,CE,Towers with Radar,89,25,38,34,186,0,11,98,22,131,89,36,136,56,317,182,8,190,507
05/07/2021,TUS,AZ,AWP,CE,Towers with Radar,91,37,37,23,188,0,18,87,18,123,91,55,124,41,311,106,16,122,433
05/08/2021,TUS,AZ,AWP,CE,Towers with Radar,79,29,31,1,140,0,3,103,2,108,79,32,134,3,248,70,0,70,318
05/09/2021,TUS,AZ,AWP,CE,Towers with Radar,81,37,30,0,148,0,8,69,1,78,81,45,99,1,226,58,0,58,284
05/10/2021,TUS,AZ,AWP,CE,Towers with Radar,80,33,35,35,183,0,21,85,31,137,80,54,120,66,320,62,10,72,392
05/11/2021,TUS,AZ,AWP,CE,Towers with Radar,77,32,50,42,201,0,13,120,21,154,77,45,170,63,355,190,10,200,555
05/12/2021,TUS,AZ,AWP,CE,Towers with Radar,81,33,46,28,188,0,25,96,11,132,81,58,142,39,320,166,2,168,488
05/13/2021,TUS,AZ,AWP,CE,Towers with Radar,85,40,49,25,199,0,11,82,12,105,85,51,131,37,304,128,12,140,444
05/14/2021,TUS,AZ,AWP,CE,Towers with Radar,88,45,48,28,209,0,14,86,13,113,88,59,134,41,322,114,8,122,444
05/15/2021,TUS,AZ,AWP,CE,Towers with Radar,83,19,37,4,143,0,5,111,2,118,83,24,148,6,261,160,0,160,421
05/16/2021,TUS,AZ,AWP,CE,Towers with Radar,87,36,38,3,164,0,22,60,1,83,87,58,98,4,247,52,0,52,299
05/17/2021,TUS,AZ,AWP,CE,Towers with Radar,82,35,50,37,204,0,15,92,31,138,82,50,142,68,342,146,22,168,510
05/18/2021,TUS,AZ,AWP,CE,Towers with Radar,77,33,41,51,202,0,12,94,30,136,77,45,135,81,338,0,0,0,338
05/19/2021,TUS,AZ,AWP,CE,Towers with Radar,80,51,40,41,212,0,24,95,31,150,80,75,135,72,362,0,0,0,362
05/20/2021,TUS,AZ,AWP,CE,Towers with Radar,83,31,46,38,198,0,14,113,24,151,83,45,159,62,349,54,20,74,423
05/21/2021,TUS,AZ,AWP,CE,Towers with Radar,94,41,26,10,171,0,13,61,6,80,94,54,87,16,251,78,0,78,329
05/22/2021,TUS,AZ,AWP,CE,Towers with Radar,85,26,38,29,178,0,10,94,16,120,85,36,132,45,298,108,6,114,412
05/23/2021,TUS,AZ,AWP,CE,Towers with Radar,83,39,32,8,162,0,15,107,5,127,83,54,139,13,289,86,0,86,375
05/24/2021,TUS,AZ,AWP,CE,Towers with Radar,82,53,35,31,201,0,13,112,16,141,82,66,147,47,342,84,18,102,444
05/25/2021,TUS,AZ,AWP,CE,Towers with Radar,80,26,26,26,158,0,22,89,34,145,80,48,115,60,303,76,50,126,429
05/26/2021,TUS,AZ,AWP,CE,Towers with Radar,85,45,47,28,205,0,11,86,18,115,85,56,133,46,320,52,14,66,386
05/27/2021,TUS,AZ,AWP,CE,Towers with Radar,88,40,57,33,218,0,20,104,16,140,88,60,161,49,358,52,20,72,430
05/28/2021,TUS,AZ,AWP,CE,Towers with Radar,82,37,56,0,175,0,18,105,3,126,82,55,161,3,301,44,0,44,345
05/29/2021,TUS,AZ,AWP,CE,Towers with Radar,78,24,31,0,133,0,11,76,5,92,78,35,107,5,225,38,0,38,263
05/30/2021,TUS,AZ,AWP,CE,Towers with Radar,82,17,19,0,118,0,16,78,5,99,82,33,97,5,217,32,0,32,249
05/31/2021,TUS,AZ,AWP,CE,Towers with Radar,79,31,22,1,133,0,18,92,5,115,79,49,114,6,248,32,0,32,280
06/01/2021,TUS,AZ,AWP,CE,Towers with Radar,76,42,35,31,184,0,8,65,16,89,76,50,100,47,273,24,64,88,361
06/02/2021,TUS,AZ,AWP,CE,Towers with Radar,81,27,42,42,192,0,12,79,17,108,81,39,121,59,300,36,18,54,354
06/03/2021,TUS,AZ,AWP,CE,Towers with Radar,86,56,23,43,208,0,15,82,21,118,86,71,105,64,326,98,16,114,440
06/04/2021,TUS,AZ,AWP,CE,Towers with Radar,80,41,33,28,182,0,6,74,13,93,80,47,107,41,275,44,22,66,341
06/05/2021,TUS,AZ,AWP,CE,Towers with Radar,70,25,31,21,147,0,17,74,18,109,70,42,105,39,256,48,24,72,328
06/06/2021,TUS,AZ,AWP,CE,Towers with Radar,81,34,25,16,156,0,14,82,5,101,81,48,107,21,257,54,10,64,321
06/07/2021,TUS,AZ,AWP,CE,Towers with Radar,79,64,42,3,188,0,20,66,5,91,79,84,108,8,279,69,0,69,348
06/08/2021,TUS,AZ,AWP,CE,Towers with Radar,79,24,40,41,184,0,12,70,18,100,79,36,110,59,284,108,8,116,400
06/09/2021,TUS,AZ,AWP,CE,Towers with Radar,84,36,50,32,202,0,17,70,11,98,84,53,120,43,300,130,10,140,440
06/10/2021,TUS,AZ,AWP,CE,Towers with Radar,85,42,37,39,203,0,14,88,19,121,85,56,125,58,324,144,14,158,482
06/11/2021,TUS,AZ,AWP,CE,Towers with Radar,79,43,41,42,205,0,16,88,18,122,79,59,129,60,327,106,26,132,459
06/12/2021,TUS,AZ,AWP,CE,Towers with Radar,74,36,32,0,142,0,14,96,4,114,74,50,128,4,256,48,0,48,304
06/13/2021,TUS,AZ,AWP,CE,Towers with Radar,76,34,28,7,145,0,13,72,1,86,76,47,100,8,231,66,0,66,297
06/14/2021,TUS,AZ,AWP,CE,Towers with Radar,76,37,29,41,183,0,10,55,14,79,76,47,84,55,262,32,44,76,338
06/15/2021,TUS,AZ,AWP,CE,Towers with Radar,74,48,31,33,186,0,5,79,15,99,74,53,110,48,285,30,20,50,335
06/16/2021,TUS,AZ,AWP,CE,Towers with Radar,82,39,41,34,196,0,26,63,6,95,82,65,104,40,291,0,16,16,307
06/17/2021,TUS,AZ,AWP,CE,Towers with Radar,85,40,40,27,192,0,9,72,11,92,85,49,112,38,284,66,20,86,370
06/18/2021,TUS,AZ,AWP,CE,Towers with Radar,77,47,42,4,170,0,13,71,4,88,77,60,113,8,258,38,0,38,296
06/19/2021,TUS,AZ,AWP,CE,Towers with Radar,71,33,48,0,152,0,12,58,2,72,71,45,106,2,224,54,0,54,278
06/20/2021,TUS,AZ,AWP,CE,Towers with Radar,78,30,31,0,139,0,20,66,5,91,78,50,97,5,230,60,0,60,290
06/21/2021,TUS,AZ,AWP,CE,Towers with Radar,78,40,39,24,181,0,22,65,18,105,78,62,104,42,286,50,2,52,338
06/22/2021,TUS,AZ,AWP,CE,Towers with Radar,71,49,32,33,185,1,16,62,11,90,72,65,94,44,275,164,2,166,441
06/23/2021,TUS,AZ,AWP,CE,Towers with Radar,77,42,34,30,183,0,11,65,19,95,77,53,99,49,278,96,24,120,398
06/24/2021,TUS,AZ,AWP,CE,Towers with Radar,81,44,48,41,214,0,24,69,20,113,81,68,117,61,327,211,28,239,566
06/25/2021,TUS,AZ,AWP,CE,Towers with Radar,80,35,20,24,159,0,12,71,21,104,80,47,91,45,263,96,12,108,371
06/26/2021,TUS,AZ,AWP,CE,Towers with Radar,76,26,22,1,125,0,10,79,2,91,76,36,101,3,216,82,0,82,298
06/27/2021,TUS,AZ,AWP,CE,Towers with Radar,81,28,28,3,140,0,19,76,4,99,81,47,104,7,239,44,0,44,283
06/28/2021,TUS,AZ,AWP,CE,Towers with Radar,77,44,31,26,178,0,12,49,17,78,77,56,80,43,256,32,6,38,294
06/29/2021,TUS,AZ,AWP,CE,Towers with Radar,73,50,55,25,203,0,17,51,35,103,73,67,106,60,306,108,22,130,436
06/30/2021,TUS,AZ,AWP,CE,Towers with Radar,75,41,57,41,214,0,16,65,29,110,75,57,122,70,324,174,20,194,518
07/01/2021,TUS,AZ,AWP,CE,Towers with Radar,86,43,43,34,206,0,11,84,22,117,86,54,127,56,323,144,28,172,495
07/02/2021,TUS,AZ,AWP,CE,Towers with Radar,75,33,39,2,149,0,10,63,1,74,75,43,102,3,223,102,0,102,325
07/03/2021,TUS,AZ,AWP,CE,Towers with Radar,69,23,20,0,112,0,10,58,3,71,69,33,78,3,183,104,0,104,287
07/04/2021,TUS,AZ,AWP,CE,Towers with Radar,65,21,13,1,100,0,7,47,1,55,65,28,60,2,155,50,0,50,205
07/05/2021,TUS,AZ,AWP,CE,Towers with Radar,68,28,19,0,115,4,18,64,2,88,72,46,83,2,203,72,0,72,275
07/06/2021,TUS,AZ,AWP,CE,Towers with Radar,74,25,29,37,165,0,8,44,26,78,74,33,73,63,243,84,16,100,343
07/07/2021,TUS,AZ,AWP,CE,Towers with Radar,75,43,46,33,197,0,6,73,14,93,75,49,119,47,290,60,6,66,356
07/08/2021,TUS,AZ,AWP,CE,Towers with Radar,83,29,56,32,200,0,10,79,16,105,83,39,135,48,305,224,2,226,531
07/09/2021,TUS,AZ,AWP,CE,Towers with Radar,82,33,53,10,178,0,13,63,12,88,82,46,116,22,266,74,10,84,350
07/10/2021,TUS,AZ,AWP,CE,Towers with Radar,76,34,30,0,140,0,9,66,0,75,76,43,96,0,215,12,0,12,227
07/11/2021,TUS,AZ,AWP,CE,Towers with Radar,80,41,33,0,154,0,18,60,2,80,80,59,93,2,234,20,0,20,254
07/12/2021,TUS,AZ,AWP,CE,Towers with Radar,77,31,28,3,139,0,15,51,7,73,77,46,79,10,212,50,0,50,262
07/13/2021,TUS,AZ,AWP,CE,Towers with Radar,75,28,33,33,169,0,5,59,24,88,75,33,92,57,257,108,12,120,377
07/14/2021,TUS,AZ,AWP,CE,Towers with Radar,77,34,35,18,164,0,5,34,15,54,77,39,69,33,218,86,16,102,320
07/15/2021,TUS,AZ,AWP,CE,Towers with Radar,84,33,35,44,196,0,11,56,23,90,84,44,91,67,286,110,8,118,404
07/16/2021,TUS,AZ,AWP,CE,Towers with Radar,77,37,33,19,166,0,4,73,14,91,77,41,106,33,257,18,22,40,297
07/17/2021,TUS,AZ,AWP,CE,Towers with Radar,74,27,29,1,131,0,8,85,12,105,74,35,114,13,236,134,0,134,370
07/18/2021,TUS,AZ,AWP,CE,Towers with Radar,84,34,25,3,146,0,5,51,2,58,84,39,76,5,204,14,2,16,220
07/19/2021,TUS,AZ,AWP,CE,Towers with Radar,79,30,41,34,184,0,12,57,23,92,79,42,98,57,276,88,38,126,402
07/20/2021,TUS,AZ,AWP,CE,Towers with Radar,77,40,51,18,186,0,11,64,18,93,77,51,115,36,279,12,22,34,313
07/21/2021,TUS,AZ,AWP,CE,Towers with Radar,82,32,38,29,181,0,6,75,19,100,82,38,113,48,281,24,14,38,319
07/22/2021,TUS,AZ,AWP,CE,Towers with Radar,80,43,34,36,193,0,10,63,15,88,80,53,97,51,281,17,18,35,316
07/23/2021,TUS,AZ,AWP,CE,Towers with Radar,82,28,37,35,182,0,12,50,13,75,82,40,87,48,257,76,4,80,337
07/24/2021,TUS,AZ,AWP,CE,Towers with Radar,75,42,19,0,136,0,2,19,1,22,75,44,38,1,158,110,0,110,268
07/25/2021,TUS,AZ,AWP,CE,Towers with Radar,81,29,24,2,136,0,4,21,1,26,81,33,45,3,162,52,0,52,214
07/26/2021,TUS,AZ,AWP,CE,Towers with Radar,80,25,47,6,158,0,11,84,3,98,80,36,131,9,256,96,0,96,352
07/27/2021,TUS,AZ,AWP,CE,Towers with Radar,86,32,55,32,205,0,16,63,24,103,86,48,118,56,308,70,16,86,394
07/28/2021,TUS,AZ,AWP,CE,Towers with Radar,78,40,34,29,181,0,24,103,14,141,78,64,137,43,322,104,12,116,438
07/29/2021,TUS,AZ,AWP,CE,Towers with Radar,88,33,52,38,211,0,17,63,22,102,88,50,115,60,313,118,26,144,457
07/30/2021,TUS,AZ,AWP,CE,Towers with Radar,81,37,28,35,181,0,13,80,14,107,81,50,108,49,288,102,53,155,443
07/31/2021,TUS,AZ,AWP,CE,Towers with Radar,74,35,38,10,157,0,14,109,4,127,74,49,147,14,284,80,0,80,364
08/01/2021,TUS,AZ,AWP,CE,Towers with Radar,74,42,26,0,142,0,21,76,3,100,74,63,102,3,242,88,0,88,330
08/02/2021,TUS,AZ,AWP,CE,Towers with Radar,69,27,38,28,162,0,9,52,16,77,69,36,90,44,239,96,0,96,335
08/03/2021,TUS,AZ,AWP,CE,Towers with Radar,77,34,26,26,163,0,9,78,21,108,77,43,104,47,271,118,12,130,401
08/04/2021,TUS,AZ,AWP,CE,Towers with Radar,83,29,51,37,200,0,24,85,19,128,83,53,136,56,328,128,40,168,496
08/05/2021,TUS,AZ,AWP,CE,Towers with Radar,80,38,20,36,174,0,17,67,16,100,80,55,87,52,274,90,2,92,366
08/06/2021,TUS,AZ,AWP,CE,Towers with Radar,81,45,33,27,186,0,14,79,9,102,81,59,112,36,288,102,2,104,392
08/07/2021,TUS,AZ,AWP,CE,Towers with Radar,76,37,33,20,166,0,10,100,15,125,76,47,133,35,291,78,6,84,375
08/08/2021,TUS,AZ,AWP,CE,Towers with Radar,79,37,35,9,160,0,13,59,9,81,79,50,94,18,241,124,4,128,369
08/09/2021,TUS,AZ,AWP,CE,Towers with Radar,78,32,21,9,140,0,24,57,5,86,78,56,78,14,226,158,2,160,386
08/10/2021,TUS,AZ,AWP,CE,Towers with Radar,77,37,23,29,166,0,6,27,16,49,77,43,50,45,215,72,10,82,297
08/11/2021,TUS,AZ,AWP,CE,Towers with Radar,79,28,26,34,167,0,11,83,16,110,79,39,109,50,277,92,26,118,395
08/12/2021,TUS,AZ,AWP,CE,Towers with Radar,81,38,33,39,191,0,9,84,23,116,81,47,117,62,307,156,10,166,473
08/13/2021,TUS,AZ,AWP,CE,Towers with Radar,91,31,33,24,179,0,9,65,18,92,91,40,98,42,271,66,14,80,351
08/14/2021,TUS,AZ,AWP,CE,Towers with Radar,81,30,16,2,129,0,3,63,2,68,81,33,79,4,197,78,0,78,275
08/15/2021,TUS,AZ,AWP,CE,Towers with Radar,74,44,44,1,163,0,10,87,4,101,74,54,131,5,264,125,0,125,389
08/16/2021,TUS,AZ,AWP,CE,Towers with Radar,83,33,32,30,178,0,3,86,17,106,83,36,118,47,284,96,40,136,420
08/17/2021,TUS,AZ,AWP,CE,Towers with Radar,78,48,44,23,193,0,4,58,11,73,78,52,102,34,266,176,10,186,452
08/18/2021,TUS,AZ,AWP,CE,Towers with Radar,99,48,57,30,234,0,5,79,18,102,99,53,136,48,336,200,11,211,547
08/19/2021,TUS,AZ,AWP,CE,Towers with Radar,89,36,46,27,198,0,9,80,19,108,89,45,126,46,306,152,20,172,478
08/20/2021,TUS,AZ,AWP,CE,Towers with Radar,80,39,38,14,171,0,14,37,10,61,80,53,75,24,232,102,6,108,340
08/21/2021,TUS,AZ,AWP,CE,Towers with Radar,80,45,38,0,163,0,12,89,7,108,80,57,127,7,271,138,0,138,409
08/22/2021,TUS,AZ,AWP,CE,Towers with Radar,84,40,45,0,169,0,14,78,2,94,84,54,123,2,263,54,0,54,317
08/23/2021,TUS,AZ,AWP,CE,Towers with Radar,83,37,41,4,165,0,14,68,9,91,83,51,109,13,256,104,2,106,362
08/24/2021,TUS,AZ,AWP,CE,Towers with Radar,79,22,30,26,157,0,14,68,18,100,79,36,98,44,257,144,8,152,409
08/25/2021,TUS,AZ,AWP,CE,Towers with Radar,83,35,31,33,182,0,14,68,16,98,83,49,99,49,280,162,26,188,468
08/26/2021,TUS,AZ,AWP,CE,Towers with Radar,85,39,32,31,187,0,18,59,21,98,85,57,91,52,285,88,10,98,383
08/27/2021,TUS,AZ,AWP,CE,Towers with Radar,83,45,32,28,188,0,10,78,17,105,83,55,110,45,293,82,18,100,393
08/28/2021,TUS,AZ,AWP,CE,Towers with Radar,80,29,28,0,137,0,8,83,2,93,80,37,111,2,230,124,0,124,354
08/29/2021,TUS,AZ,AWP,CE,Towers with Radar,88,38,33,6,165,0,4,76,3,83,88,42,109,9,248,68,0,68,316
08/30/2021,TUS,AZ,AWP,CE,Towers with Radar,82,29,15,20,146,0,5,60,17,82,82,34,75,37,228,76,10,86,314
08/31/2021,TUS,AZ,AWP,CE,Towers with Radar,81,32,19,38,170,0,10,46,10,66,81,42,65,48,236,100,6,106,342
09/01/2021,TUS,AZ,AWP,CE,Towers with Radar,89,41,27,56,213,0,5,46,20,71,89,46,73,76,284,102,40,142,426
09/02/2021,TUS,AZ,AWP,CE,Towers with Radar,93,24,39,37,193,0,16,63,18,97,93,40,102,55,290,124,6,130,420
09/03/2021,TUS,AZ,AWP,CE,Towers with Radar,95,50,42,6,193,0,17,74,5,96,95,67,116,11,289,126,0,126,415
09/04/2021,TUS,AZ,AWP,CE,Towers with Radar,68,29,28,10,135,0,11,80,6,97,68,40,108,16,232,112,0,112,344
09/05/2021,TUS,AZ,AWP,CE,Towers with Radar,77,24,14,0,115,0,8,54,7,69,77,32,68,7,184,79,0,79,263
09/06/2021,TUS,AZ,AWP,CE,Towers with Radar,78,36,39,14,167,0,4,77,2,83,78,40,116,16,250,120,4,124,374
09/07/2021,TUS,AZ,AWP,CE,Towers with Radar,79,39,34,27,179,0,10,77,34,121,79,49,111,61,300,54,0,54,354
09/08/2021,TUS,AZ,AWP,CE,Towers with Radar,83,32,30,26,171,0,19,62,19,100,83,51,92,45,271,6,6,12,283
09/09/2021,TUS,AZ,AWP,CE,Towers with Radar,83,36,24,32,175,0,10,65,28,103,83,46,89,60,278,40,42,82,360
09/10/2021,TUS,AZ,AWP,CE,Towers with Radar,95,39,44,29,207,0,12,64,17,93,95,51,108,46,300,14,22,36,336
09/11/2021,TUS,AZ,AWP,CE,Towers with Radar,74,28,40,17,159,0,13,74,15,102,74,41,114,32,261,36,16,52,313
09/12/2021,TUS,AZ,AWP,CE,Towers with Radar,83,42,43,19,187,0,6,74,12,92,83,48,117,31,279,14,4,18,297
09/13/2021,TUS,AZ,AWP,CE,Towers with Radar,88,33,42,5,168,0,13,63,5,81,88,46,105,10,249,16,0,16,265
09/14/2021,TUS,AZ,AWP,CE,Towers with Radar,80,28,40,32,180,0,5,59,15,79,80,33,99,47,259,19,16,35,294
09/15/2021,TUS,AZ,AWP,CE,Towers with Radar,86,41,55,44,226,0,21,73,21,115,86,62,128,65,341,38,16,54,395
09/16/2021,TUS,AZ,AWP,CE,Towers with Radar,92,33,38,40,203,0,10,65,21,96,92,43,103,61,299,46,36,82,381
09/17/2021,TUS,AZ,AWP,CE,Towers with Radar,94,37,44,25,200,0,18,64,15,97,94,55,108,40,297,74,20,94,391
09/18/2021,TUS,AZ,AWP,CE,Towers with Radar,86,23,21,0,130,0,12,73,3,88,86,35,94,3,218,50,0,50,268
09/19/2021,TUS,AZ,AWP,CE,Towers with Radar,80,29,30,0,139,0,4,30,4,38,80,33,60,4,177,20,0,20,197
09/20/2021,TUS,AZ,AWP,CE,Towers with Radar,87,27,31,44,189,0,16,55,17,88,87,43,86,61,277,68,6,74,351
09/21/2021,TUS,AZ,AWP,CE,Towers with Radar,84,31,33,31,179,0,18,77,16,111,84,49,110,47,290,52,10,62,352
09/22/2021,TUS,AZ,AWP,CE,Towers with Radar,88,18,32,27,165,0,16,73,4,93,88,34,105,31,258,102,4,106,364
09/23/2021,TUS,AZ,AWP,CE,Towers with Radar,89,38,37,31,195,0,22,41,7,70,89,60,78,38,265,46,4,50,315
09/24/2021,TUS,AZ,AWP,CE,Towers with Radar,93,29,34,23,179,0,6,51,15,72,93,35,85,38,251,56,12,68,319
09/25/2021,TUS,AZ,AWP,CE,Towers with Radar,76,30,31,0,137,0,15,70,2,87,76,45,101,2,224,74,0,74,298
09/26/2021,TUS,AZ,AWP,CE,Towers with Radar,83,17,26,1,127,0,3,32,6,41,83,20,58,7,168,44,0,44,212
09/27/2021,TUS,AZ,AWP,CE,Towers with Radar,86,43,50,25,204,0,10,53,21,84,86,53,103,46,288,45,12,57,345
09/28/2021,TUS,AZ,AWP,CE,Towers with Radar,81,28,35,24,168,0,10,64,22,96,81,38,99,46,264,44,0,44,308
09/29/2021,TUS,AZ,AWP,CE,Towers with Radar,84,37,47,33,201,0,9,48,20,77,84,46,95,53,278,80,20,100,378
09/30/2021,TUS,AZ,AWP,CE,Towers with Radar,96,38,39,31,204,0,10,74,18,102,96,48,113,49,306,12,22,34,340
10/01/2021,TUS,AZ,AWP,CE,Towers with Radar,89,45,55,47,236,0,8,93,27,128,89,53,148,74,364,46,12,58,422
10/02/2021,TUS,AZ,AWP,CE,Towers with Radar,82,26,32,20,160,0,18,92,16,126,82,44,124,36,286,67,6,73,359
10/03/2021,TUS,AZ,AWP,CE,Towers with Radar,84,32,45,10,171,0,5,62,12,79,84,37,107,22,250,27,2,29,279
10/04/2021,TUS,AZ,AWP,CE,Towers with Radar,84,27,43,12,166,0,5,83,15,103,84,32,126,27,269,44,4,48,317
10/05/2021,TUS,AZ,AWP,CE,Towers with Radar,89,29,39,33,190,0,12,51,26,89,89,41,90,59,279,114,24,138,417
10/06/2021,TUS,AZ,AWP,CE,Towers with Radar,82,48,44,42,216,0,16,99,26,141,82,64,143,68,357,96,36,132,489
10/07/2021,TUS,AZ,AWP,CE,Towers with Radar,89,34,66,42,231,0,14,102,23,139,89,48,168,65,370,86,22,108,478
10/08/2021,TUS,AZ,AWP,CE,Towers with Radar,94,41,49,58,242,0,24,82,27,133,94,65,131,85,375,50,30,80,455
10/09/2021,TUS,AZ,AWP,CE,Towers with Radar,85,26,25,2,138,0,12,100,0,112,85,38,125,2,250,74,0,74,324
10/10/2021,TUS,AZ,AWP,CE,Towers with Radar,80,47,40,2,169,0,12,73,1,86,80,59,113,3,255,40,0,40,295
10/11/2021,TUS,AZ,AWP,CE,Towers with Radar,83,44,45,4,176,0,2,52,4,58,83,46,97,8,234,40,0,40,274
10/12/2021,TUS,AZ,AWP,CE,Towers with Radar,82,20,45,45,192,0,11,43,27,81,82,31,88,72,273,30,10,40,313
10/13/2021,TUS,AZ,AWP,CE,Towers with Radar,91,31,33,41,196,0,10,93,13,116,91,41,126,54,312,54,26,80,392
10/14/2021,TUS,AZ,AWP,CE,Towers with Radar,89,35,44,28,196,0,13,73,42,128,89,48,117,70,324,12,12,24,348
10/15/2021,TUS,AZ,AWP,CE,Towers with Radar,95,40,35,37,207,0,24,76,17,117,95,64,111,54,324,38,26,64,388
10/16/2021,TUS,AZ,AWP,CE,Towers with Radar,92,24,23,0,139,0,10,57,6,73,92,34,80,6,212,18,0,18,230
10/17/2021,TUS,AZ,AWP,CE,Towers with Radar,90,44,60,6,200,0,4,74,5,83,90,48,134,11,283,20,0,20,303
10/18/2021,TUS,AZ,AWP,CE,Towers with Radar,88,31,35,4,158,0,12,64,13,89,88,43,99,17,247,84,0,84,331
10/19/2021,TUS,AZ,AWP,CE,Towers with Radar,86,31,53,32,202,0,18,72,15,105,86,49,125,47,307,86,8,94,401
10/20/2021,TUS,AZ,AWP,CE,Towers with Radar,91,25,55,50,221,0,6,92,32,130,91,31,147,82,351,144,26,170,521
10/21/2021,TUS,AZ,AWP,CE,Towers with Radar,79,32,59,42,212,0,10,66,22,98,79,42,125,64,310,134,24,158,468
10/22/2021,TUS,AZ,AWP,CE,Towers with Radar,83,50,60,36,229,0,15,85,32,132,83,65,145,68,361,104,24,128,489
10/23/2021,TUS,AZ,AWP,CE,Towers with Radar,84,32,54,1,171,0,21,111,5,137,84,53,165,6,308,50,0,50,358
10/24/2021,TUS,AZ,AWP,CE,Towers with Radar,90,32,43,1,166,0,16,67,4,87,90,48,110,5,253,54,0,54,307
10/25/2021,TUS,AZ,AWP,CE,Towers with Radar,86,35,41,48,210,0,15,71,21,107,86,50,112,69,317,24,28,52,369
10/26/2021,TUS,AZ,AWP,CE,Towers with Radar,86,30,33,39,188,0,10,64,23,97,86,40,97,62,285,42,20,62,347
10/27/2021,TUS,AZ,AWP,CE,Towers with Radar,90,55,40,39,224,0,17,72,19,108,90,72,112,58,332,56,30,86,418
10/28/2021,TUS,AZ,AWP,CE,Towers with Radar,91,40,50,34,215,0,16,97,26,139,91,56,147,60,354,102,22,124,478
10/29/2021,TUS,AZ,AWP,CE,Towers with Radar,91,44,43,11,189,0,22,84,6,112,91,66,127,17,301,52,6,58,359
10/30/2021,TUS,AZ,AWP,CE,Towers with Radar,69,32,38,2,141,0,31,76,5,112,69,63,114,7,253,46,0,46,299
10/31/2021,TUS,AZ,AWP,CE,Towers with Radar,69,38,34,0,141,0,12,78,5,95,69,50,112,5,236,44,0,44,280
11/01/2021,TUS,AZ,AWP,CE,Towers with Radar,80,40,56,35,211,0,14,52,21,87,80,54,108,56,298,10,14,24,322
11/02/2021,TUS,AZ,AWP,CE,Towers with Radar,84,26,43,46,199,0,13,82,35,130,84,39,125,81,329,84,32,116,445
11/03/2021,TUS,AZ,AWP,CE,Towers with Radar,86,43,48,38,215,0,22,79,30,131,86,65,127,68,346,32,10,42,388
11/04/2021,TUS,AZ,AWP,CE,Towers with Radar,88,38,72,37,235,0,11,83,29,123,88,49,155,66,358,62,10,72,430
11/05/2021,TUS,AZ,AWP,CE,Towers with Radar,96,40,51,27,214,0,20,120,25,165,96,60,171,52,379,16,4,20,399
11/06/2021,TUS,AZ,AWP,CE,Towers with Radar,91,34,42,7,174,0,17,116,12,145,91,51,158,19,319,28,0,28,347
11/07/2021,TUS,AZ,AWP,CE,Towers with Radar,88,32,62,15,197,0,4,67,13,84,88,36,129,28,281,34,12,46,327
11/08/2021,TUS,AZ,AWP,CE,Towers with Radar,110,44,53,28,235,0,7,82,26,115,110,51,135,54,350,42,10,52,402
11/09/2021,TUS,AZ,AWP,CE,Towers with Radar,85,57,53,46,241,0,8,90,34,132,85,65,143,80,373,64,18,82,455
11/10/2021,TUS,AZ,AWP,CE,Towers with Radar,87,42,57,49,235,0,7,66,24,97,87,49,123,73,332,20,32,52,384
11/11/2021,TUS,AZ,AWP,CE,Towers with Radar,95,45,77,12,229,0,15,87,5,107,95,60,164,17,336,50,0,50,386
11/12/2021,TUS,AZ,AWP,CE,Towers with Radar,104,37,62,0,203,0,8,115,2,125,104,45,177,2,328,36,0,36,364
11/13/2021,TUS,AZ,AWP,CE,Towers with Radar,90,20,49,3,162,0,6,165,5,176,90,26,214,8,338,0,0,0,338
11/14/2021,TUS,AZ,AWP,CE,Towers with Radar,84,28,52,4,168,0,12,80,4,96,84,40,132,8,264,38,0,38,302
11/15/2021,TUS,AZ,AWP,CE,Towers with Radar,97,49,39,43,228,0,19,58,19,96,97,68,97,62,324,58,28,86,410
11/16/2021,TUS,AZ,AWP,CE,Towers with Radar,84,37,50,54,225,0,8,80,34,122,84,45,130,88,347,68,34,102,449
11/17/2021,TUS,AZ,AWP,CE,Towers with Radar,86,33,76,41,236,0,15,60,14,89,86,48,136,55,325,42,24,66,391
11/18/2021,TUS,AZ,AWP,CE,Towers with Radar,97,28,96,43,264,0,18,46,31,95,97,46,142,74,359,42,26,68,427
11/19/2021,TUS,AZ,AWP,CE,Towers with Radar,99,31,71,15,216,0,19,99,10,128,99,50,170,25,344,20,0,20,364
11/20/2021,TUS,AZ,AWP,CE,Towers with Radar,86,37,57,3,183,0,10,109,2,121,86,47,166,5,304,14,0,14,318
11/21/2021,TUS,AZ,AWP,CE,Towers with Radar,87,47,109,8,251,0,16,71,4,91,87,63,180,12,342,54,0,54,396
11/22/2021,TUS,AZ,AWP,CE,Towers with Radar,95,37,56,51,239,0,14,41,29,84,95,51,97,80,323,33,28,61,384
11/23/2021,TUS,AZ,AWP,CE,Towers with Radar,96,39,43,31,209,0,22,67,32,121,96,61,110,63,330,36,34,70,400
11/24/2021,TUS,AZ,AWP,CE,Towers with Radar,100,28,57,27,212,0,31,59,26,116,100,59,116,53,328,26,12,38,366
11/25/2021,TUS,AZ,AWP,CE,Towers with Radar,67,19,7,0,93,0,8,21,2,31,67,27,28,2,124,6,0,6,130
11/26/2021,TUS,AZ,AWP,CE,Towers with Radar,79,28,19,0,126,0,9,47,6,62,79,37,66,6,188,30,0,30,218
11/27/2021,TUS,AZ,AWP,CE,Towers with Radar,89,26,40,0,155,0,14,64,3,81,89,40,104,3,236,8,0,8,244
11/28/2021,TUS,AZ,AWP,CE,Towers with Radar,101,52,79,0,232,0,31,64,4,99,101,83,143,4,331,26,0,26,357
11/29/2021,TUS,AZ,AWP,CE,Towers with Radar,98,24,37,35,194,0,12,67,19,98,98,36,104,54,292,30,34,64,356
11/30/2021,TUS,AZ,AWP,CE,Towers with Radar,94,30,43,33,200,0,14,70,20,104,94,44,113,53,304,28,10,38,342
12/01/2021,TUS,AZ,AWP,CE,Towers with Radar,89,58,49,23,219,0,12,60,10,82,89,70,109,33,301,4,22,26,327
12/02/2021,TUS,AZ,AWP,CE,Towers with Radar,92,40,54,42,228,0,28,64,13,105,92,68,118,55,333,44,10,54,387
12/03/2021,TUS,AZ,AWP,CE,Towers with Radar,101,41,52,40,234,0,18,91,23,132,101,59,143,63,366,34,14,48,414
12/04/2021,TUS,AZ,AWP,CE,Towers with Radar,87,30,44,38,199,0,16,125,14,155,87,46,169,52,354,42,6,48,402
12/05/2021,TUS,AZ,AWP,CE,Towers with Radar,100,31,53,28,212,0,15,73,11,99,100,46,126,39,311,16,18,34,345
12/06/2021,TUS,AZ,AWP,CE,Towers with Radar,93,34,56,17,200,0,19,69,12,100,93,53,125,29,300,181,4,185,485
12/07/2021,TUS,AZ,AWP,CE,Towers with Radar,85,34,77,44,240,0,10,55,21,86,85,44,132,65,326,98,12,110,436
12/08/2021,TUS,AZ,AWP,CE,Towers with Radar,91,44,58,40,233,0,28,58,14,100,91,72,116,54,333,221,30,251,584
12/09/2021,TUS,AZ,AWP,CE,Towers with Radar,103,57,45,41,246,0,4,49,24,77,103,61,94,65,323,28,18,46,369
12/10/2021,TUS,AZ,AWP,CE,Towers with Radar,96,40,57,40,233,0,6,81,17,104,96,46,138,57,337,26,30,56,393
12/11/2021,TUS,AZ,AWP,CE,Towers with Radar,88,41,25,28,182,0,20,132,8,160,88,61,157,36,342,50,0,50,392
12/12/2021,TUS,AZ,AWP,CE,Towers with Radar,98,34,48,1,181,0,15,62,5,82,98,49,110,6,263,63,0,63,326
12/13/2021,TUS,AZ,AWP,CE,Towers with Radar,95,37,42,41,215,0,20,27,14,61,95,57,69,55,276,12,26,38,314
12/14/2021,TUS,AZ,AWP,CE,Towers with Radar,86,35,34,32,187,0,5,45,11,61,86,40,79,43,248,44,8,52,300
12/15/2021,TUS,AZ,AWP,CE,Towers with Radar,88,39,38,44,209,0,2,43,4,49,88,41,81,48,258,34,2,36,294
12/16/2021,TUS,AZ,AWP,CE,Towers with Radar,99,28,56,34,217,0,5,72,14,91,99,33,128,48,308,104,14,118,426
12/17/2021,TUS,AZ,AWP,CE,Towers with Radar,102,36,59,33,230,0,10,105,17,132,102,46,164,50,362,56,28,84,446
12/18/2021,TUS,AZ,AWP,CE,Towers with Radar,88,31,48,0,167,0,11,59,5,75,88,42,107,5,242,2,0,2,244
12/19/2021,TUS,AZ,AWP,CE,Towers with Radar,95,46,45,0,186,0,25,72,2,99,95,71,117,2,285,8,0,8,293
12/20/2021,TUS,AZ,AWP,CE,Towers with Radar,99,37,50,32,218,0,30,51,16,97,99,67,101,48,315,12,12,24,339
12/21/2021,TUS,AZ,AWP,CE,Towers with Radar,98,34,54,29,215,0,14,52,23,89,98,48,106,52,304,44,22,66,370
12/22/2021,TUS,AZ,AWP,CE,Towers with Radar,95,34,69,18,216,0,13,67,12,92,95,47,136,30,308,74,6,80,388
12/23/2021,TUS,AZ,AWP,CE,Towers with Radar,99,35,33,0,167,0,11,40,5,56,99,46,73,5,223,10,0,10,233
12/24/2021,TUS,AZ,AWP,CE,Towers with Radar,75,27,10,0,112,0,6,19,0,25,75,33,29,0,137,8,0,8,145
12/25/2021,TUS,AZ,AWP,CE,Towers with Radar,71,31,22,0,124,0,10,32,1,43,71,41,54,1,167,10,0,10,177
12/26/2021,TUS,AZ,AWP,CE,Towers with Radar,81,28,37,0,146,0,18,42,2,62,81,46,79,2,208,44,0,44,252
12/27/2021,TUS,AZ,AWP,CE,Towers with Radar,71,35,43,13,162,0,6,43,16,65,71,41,86,29,227,0,10,10,237
12/28/2021,TUS,AZ,AWP,CE,Towers with Radar,87,35,42,27,191,0,7,43,16,66,87,42,85,43,257,8,16,24,281
12/29/2021,TUS,AZ,AWP,CE,Towers with Radar,91,39,57,22,209,0,3,36,2,41,91,42,93,24,250,2,2,4,254
12/30/2021,TUS,AZ,AWP,CE,Towers with Radar,90,29,46,14,179,0,4,32,4,40,90,33,78,18,219,18,6,24,243
12/31/2021,TUS,AZ,AWP,CE,Towers with Radar,80,33,20,0,133,0,2,15,0,17,80,35,35,0,150,14,0,14,164
01/01/2022,TUS,AZ,AWP,CE,Towers with Radar,66,23,42,0,131,0,4,27,2,33,66,27,69,2,164,6,0,6,170
01/02/2022,TUS,AZ,AWP,CE,Towers with Radar,80,28,58,0,166,0,10,49,2,61,80,38,107,2,227,14,0,14,241
01/03/2022,TUS,AZ,AWP,CE,Towers with Radar,80,33,60,26,199,0,15,65,17,97,80,48,125,43,296,38,14,52,348
01/04/2022,TUS,AZ,AWP,CE,Towers with Radar,82,37,34,35,188,0,13,62,28,103,82,50,96,63,291,60,20,80,371
01/05/2022,TUS,AZ,AWP,CE,Towers with Radar,81,27,45,55,208,0,20,68,18,106,81,47,113,73,314,112,36,148,462
01/06/2022,TUS,AZ,AWP,CE,Towers with Radar,80,40,50,37,207,0,22,70,21,113,80,62,120,58,320,104,28,132,452
01/07/2022,TUS,AZ,AWP,CE,Towers with Radar,79,33,45,54,211,0,28,63,23,114,79,61,108,77,325,76,22,98,423
01/08/2022,TUS,AZ,AWP,CE,Towers with Radar,75,24,29,24,152,0,17,58,25,100,75,41,87,49,252,28,18,46,298
01/09/2022,TUS,AZ,AWP,CE,Towers with Radar,86,41,57,10,194,0,4,65,6,75,86,45,122,16,269,42,0,42,311
01/10/2022,TUS,AZ,AWP,CE,Towers with Radar,83,39,35,11,168,0,11,47,5,63,83,50,82,16,231,8,2,10,241
01/11/2022,TUS,AZ,AWP,CE,Towers with Radar,84,46,39,49,218,0,15,47,17,79,84,61,86,66,297,72,8,80,377
01/12/2022,TUS,AZ,AWP,CE,Towers with Radar,70,45,43,39,197,0,28,68,25,121,70,73,111,64,318,30,18,48,366
01/13/2022,TUS,AZ,AWP,CE,Towers with Radar,86,35,60,37,218,0,16,88,21,125,86,51,148,58,343,82,14,96,439
01/14/2022,TUS,AZ,AWP,CE,Towers with Radar,90,33,65,32,220,0,8,72,19,99,90,41,137,51,319,68,28,96,415
01/15/2022,TUS,AZ,AWP,CE,Towers with Radar,75,29,36,3,143,0,11,139,3,153,75,40,175,6,296,40,0,40,336
01/16/2022,TUS,AZ,AWP,CE,Towers with Radar,89,33,27,1,150,0,9,78,2,89,89,42,105,3,239,6,0,6,245
01/17/2022,TUS,AZ,AWP,CE,Towers with Radar,86,45,54,8,193,0,5,69,4,78,86,50,123,12,271,101,0,101,372
01/18/2022,TUS,AZ,AWP,CE,Towers with Radar,93,34,66,32,225,0,9,44,20,73,93,43,110,52,298,24,34,58,356
01/19/2022,TUS,AZ,AWP,CE,Towers with Radar,89,40,37,28,194,0,7,73,13,93,89,47,110,41,287,70,30,100,387
01/20/2022,TUS,AZ,AWP,CE,Towers with Radar,98,32,36,33,199,0,7,80,29,116,98,39,116,62,315,136,18,154,469
01/21/2022,TUS,AZ,AWP,CE,Towers with Radar,101,37,42,41,221,0,15,110,21,146,101,52,152,62,367,72,20,92,459
01/22/2022,TUS,AZ,AWP,CE,Towers with Radar,87,27,32,5,151,0,21,112,3,136,87,48,144,8,287,16,0,16,303
01/23/2022,TUS,AZ,AWP,CE,Towers with Radar,89,32,45,1,167,0,7,63,4,74,89,39,108,5,241,30,0,30,271
01/24/2022,TUS,AZ,AWP,CE,Towers with Radar,95,35,60,14,204,0,15,79,3,97,95,50,139,17,301,70,0,70,371
01/25/2022,TUS,AZ,AWP,CE,Towers with Radar,91,31,34,23,179,0,9,18,9,36,91,40,52,32,215,76,2,78,293
01/26/2022,TUS,AZ,AWP,CE,Towers with Radar,91,43,70,35,239,0,13,86,25,124,91,56,156,60,363,116,44,160,523
01/27/2022,TUS,AZ,AWP,CE,Towers with Radar,97,41,55,37,230,0,10,63,26,99,97,51,118,63,329,114,50,164,493
01/28/2022,TUS,AZ,AWP,CE,Towers with Radar,99,60,34,36,229,0,15,45,13,73,99,75,79,49,302,2,18,20,322
01/29/2022,TUS,AZ,AWP,CE,Towers with Radar,86,43,62,8,199,0,7,103,5,115,86,50,165,13,314,16,0,16,330
01/30/2022,TUS,AZ,AWP,CE,Towers with Radar,93,47,63,0,203,0,13,86,2,101,93,60,149,2,304,66,0,66,370
01/31/2022,TUS,AZ,AWP,CE,Towers with Radar,96,33,48,33,210,0,10,79,12,101,96,43,127,45,311,92,14,106,417
02/01/2022,TUS,AZ,AWP,CE,Towers with Radar,94,39,55,50,238,0,20,80,33,133,94,59,135,83,371,48,32,80,451
02/02/2022,TUS,AZ,AWP,CE,Towers with Radar,96,36,35,117,284,0,14,64,34,112,96,50,99,151,396,40,64,104,500
02/03/2022,TUS,AZ,AWP,CE,Towers with Radar,77,50,53,29,209,0,13,82,18,113,77,63,135,47,322,104,14,118,440
02/04/2022,TUS,AZ,AWP,CE,Towers with Radar,91,59,56,51,257,0,19,65,31,115,91,78,121,82,372,26,36,62,434
02/05/2022,TUS,AZ,AWP,CE,Towers with Radar,78,53,54,31,216,0,30,104,24,158,78,83,158,55,374,58,12,70,444
02/06/2022,TUS,AZ,AWP,CE,Towers with Radar,89,42,41,26,198,0,14,101,14,129,89,56,142,40,327,100,10,110,437
02/07/2022,TUS,AZ,AWP,CE,Towers with Radar,97,34,69,7,207,0,14,42,11,67,97,48,111,18,274,112,0,112,386
02/08/2022,TUS,AZ,AWP,CE,Towers with Radar,94,50,43,45,232,0,17,81,25,123,94,67,124,70,355,130,38,168,523
02/09/2022,TUS,AZ,AWP,CE,Towers with Radar,96,42,44,62,244,0,20,85,29,134,96,62,129,91,378,182,36,218,596
02/10/2022,TUS,AZ,AWP,CE,Towers with Radar,99,43,67,50,259,0,12,84,38,134,99,55,151,88,393,178,24,202,595
02/11/2022,TUS,AZ,AWP,CE,Towers with Radar,94,42,63,49,248,0,18,82,24,124,94,60,145,73,372,116,22,138,510
02/12/2022,TUS,AZ,AWP,CE,Towers with Radar,78,32,38,2,150,0,19,76,8,103,78,51,114,10,253,80,0,80,333
02/13/2022,TUS,AZ,AWP,CE,Towers with Radar,91,24,44,18,177,0,14,50,8,72,91,38,94,26,249,66,0,66,315
02/14/2022,TUS,AZ,AWP,CE,Towers with Radar,97,32,49,42,220,0,10,71,20,101,97,42,120,62,321,104,56,160,481
02/15/2022,TUS,AZ,AWP,CE,Towers with Radar,89,23,35,18,165,0,9,45,8,62,89,32,80,26,227,94,24,118,345
02/16/2022,TUS,AZ,AWP,CE,Towers with Radar,96,34,45,61,236,0,7,35,14,56,96,41,80,75,292,134,18,152,444
02/17/2022,TUS,AZ,AWP,CE,Towers with Radar,91,44,52,57,244,0,17,71,21,109,91,61,123,78,353,124,14,138,491
02/18/2022,TUS,AZ,AWP,CE,Towers with Radar,102,48,55,37,242,0,12,129,17,158,102,60,184,54,400,108,10,118,518
02/19/2022,TUS,AZ,AWP,CE,Towers with Radar,78,49,30,1,158,0,15,145,5,165,78,64,175,6,323,66,0,66,389
02/20/2022,TUS,AZ,AWP,CE,Towers with Radar,86,44,43,2,175,0,16,71,8,95,86,60,114,10,270,34,0,34,304
02/21/2022,TUS,AZ,AWP,CE,Towers with Radar,91,26,60,14,191,0,13,41,2,56,91,39,101,16,247,28,0,28,275
02/22/2022,TUS,AZ,AWP,CE,Towers with Radar,95,29,35,29,188,0,11,62,11,84,95,40,97,40,272,52,8,60,332
02/23/2022,TUS,AZ,AWP,CE,Towers with Radar,89,35,33,20,177,0,3,15,12,30,89,38,48,32,207,2,18,20,227
02/24/2022,TUS,AZ,AWP,CE,Towers with Radar,87,40,53,34,214,0,9,96,22,127,87,49,149,56,341,172,10,182,523
02/25/2022,TUS,AZ,AWP,CE,Towers with Radar,97,40,48,33,218,0,19,69,6,94,97,59,117,39,312,98,0,98,410
02/26/2022,TUS,AZ,AWP,CE,Towers with Radar,85,28,55,12,180,0,11,91,9,111,85,39,146,21,291,64,0,64,355
02/27/2022,TUS,AZ,AWP,CE,Towers with Radar,94,35,49,14,192,0,17,90,11,118,94,52,139,25,310,24,0,24,334
02/28/2022,TUS,AZ,AWP,CE,Towers with Radar,95,36,40,38,209,0,10,58,11,79,95,46,98,49,288,76,8,84,372
03/01/2022,TUS,AZ,AWP,CE,Towers with Radar,95,43,53,46,237,0,16,82,25,123,95,59,135,71,360,107,32,139,499
03/02/2022,TUS,AZ,AWP,CE,Towers with Radar,103,38,52,29,222,0,18,67,18,103,103,56,119,47,325,88,28,116,441
03/03/2022,TUS,AZ,AWP,CE,Towers with Radar,99,42,50,44,235,0,13,59,19,91,99,55,109,63,326,12,16,28,354
03/04/2022,TUS,AZ,AWP,CE,Towers with Radar,111,42,54,50,257,0,5,43,18,66,111,47,97,68,323,12,6,18,341
03/05/2022,TUS,AZ,AWP,CE,Towers with Radar,84,63,41,23,211,0,25,74,24,123,84,88,115,47,334,20,0,20,354
03/06/2022,TUS,AZ,AWP,CE,Towers with Radar,95,47,58,19,219,0,15,74,21,110,95,62,132,40,329,44,0,44,373
03/07/2022,TUS,AZ,AWP,CE,Towers with Radar,99,34,64,9,206,0,21,84,7,112,99,55,148,16,318,72,0,72,390
03/08/2022,TUS,AZ,AWP,CE,Towers with Radar,101,32,48,36,217,0,15,143,23,181,101,47,191,59,398,56,18,74,472
03/09/2022,TUS,AZ,AWP,CE,Towers with Radar,91,39,63,44,237,0,20,67,25,112,91,59,130,69,349,86,10,96,445
03/10/2022,TUS,AZ,AWP,CE,Towers with Radar,100,37,43,46,226,0,10,49,26,85,100,47,92,72,311,18,12,30,341
03/11/2022,TUS,AZ,AWP,CE,Towers with Radar,110,55,53,54,272,0,15,75,25,115,110,70,128,79,387,86,20,106,493
03/12/2022,TUS,AZ,AWP,CE,Towers with Radar,95,31,46,5,177,0,17,79,2,98,95,48,125,7,275,40,0,40,315
03/13/2022,TUS,AZ,AWP,CE,Towers with Radar,103,32,57,9,201,0,13,102,8,123,103,45,159,17,324,92,0,92,416
03/14/2022,TUS,AZ,AWP,CE,Towers with Radar,98,46,58,48,250,0,26,82,19,127,98,72,140,67,377,40,18,58,435
03/15/2022,TUS,AZ,AWP,CE,Towers with Radar,93,44,56,37,230,0,23,97,22,142,93,67,153,59,372,96,6,102,474
03/16/2022,TUS,AZ,AWP,CE,Towers with Radar,102,49,58,39,248,0,19,56,18,93,102,68,114,57,341,36,14,50,391
03/17/2022,TUS,AZ,AWP,CE,Towers with Radar,104,30,37,34,205,0,17,88,28,133,104,47,125,62,338,80,18,98,436
03/18/2022,TUS,AZ,AWP,CE,Towers with Radar,104,33,42,13,192,0,22,91,17,130,104,55,133,30,322,30,8,38,360
03/19/2022,TUS,AZ,AWP,CE,Towers with Radar,95,28,46,0,169,0,9,94,3,106,95,37,140,3,275,50,0,50,325
03/20/2022,TUS,AZ,AWP,CE,Towers with Radar,100,36,59,1,196,0,3,65,6,74,100,39,124,7,270,32,0,32,302
03/21/2022,TUS,AZ,AWP,CE,Towers with Radar,98,37,45,1,181,0,8,70,6,84,98,45,115,7,265,50,0,50,315
03/22/2022,TUS,AZ,AWP,CE,Towers with Radar,103,54,44,43,244,0,7,69,30,106,103,61,113,73,350,40,22,62,412
03/23/2022,TUS,AZ,AWP,CE,Towers with Radar,100,30,44,35,209,0,6,71,11,88,100,36,115,46,297,34,22,56,353
03/24/2022,TUS,AZ,AWP,CE,Towers with Radar,103,36,52,43,234,0,13,101,19,133,103,49,153,62,367,16,20,36,403
03/25/2022,TUS,AZ,AWP,CE,Towers with Radar,106,36,48,33,223,0,13,64,29,106,106,49,112,62,329,38,10,48,377
03/26/2022,TUS,AZ,AWP,CE,Towers with Radar,98,33,32,1,164,0,11,154,4,169,98,44,186,5,333,68,0,68,401
03/27/2022,TUS,AZ,AWP,CE,Towers with Radar,93,34,58,2,187,0,12,91,10,113,93,46,149,12,300,58,0,58,358
03/28/2022,TUS,AZ,AWP,CE,Towers with Radar,106,43,43,28,220,0,7,41,20,68,106,50,84,48,288,18,4,22,310
03/29/2022,TUS,AZ,AWP,CE,Towers with Radar,93,33,33,35,194,0,2,21,19,42,93,35,54,54,236,2,14,16,252
03/30/2022,TUS,AZ,AWP,CE,Towers with Radar,95,37,52,43,227,0,12,72,24,108,95,49,124,67,335,64,4,68,403
03/31/2022,TUS,AZ,AWP,CE,Towers with Radar,105,30,44,33,212,0,20,74,23,117,105,50,118,56,329,52,14,66,395
04/01/2022,TUS,AZ,AWP,CE,Towers with Radar,107,32,35,31,205,0,11,81,14,106,107,43,116,45,311,106,10,116,427
04/02/2022,TUS,AZ,AWP,CE,Towers with Radar,96,27,41,2,166,0,14,128,12,154,96,41,169,14,320,40,2,42,362
04/03/2022,TUS,AZ,AWP,CE,Towers with Radar,92,23,37,1,153,0,14,88,6,108,92,37,125,7,261,82,0,82,343
04/04/2022,TUS,AZ,AWP,CE,Towers with Radar,97,30,56,6,189,0,11,72,10,93,97,41,128,16,282,210,0,210,492
04/05/2022,TUS,AZ,AWP,CE,Towers with Radar,93,40,74,32,239,0,30,75,15,120,93,70,149,47,359,74,0,74,433
04/06/2022,TUS,AZ,AWP,CE,Towers with Radar,93,41,79,48,261,0,15,76,20,111,93,56,155,68,372,44,24,68,440
04/07/2022,TUS,AZ,AWP,CE,Towers with Radar,96,44,46,47,233,0,8,84,34,126,96,52,130,81,359,136,30,166,525
04/08/2022,TUS,AZ,AWP,CE,Towers with Radar,92,35,46,37,210,0,9,102,13,124,92,44,148,50,334,64,10,74,408
04/09/2022,TUS,AZ,AWP,CE,Towers with Radar,81,36,35,7,159,0,15,120,5,140,81,51,155,12,299,64,0,64,363
04/10/2022,TUS,AZ,AWP,CE,Towers with Radar,95,43,50,5,193,0,16,62,3,81,95,59,112,8,274,12,2,14,288
04/11/2022,TUS,AZ,AWP,CE,Towers with Radar,104,42,59,33,238,0,13,51,17,81,104,55,110,50,319,24,38,62,381
04/12/2022,TUS,AZ,AWP,CE,Towers with Radar,89,35,27,30,181,0,5,34,29,68,89,40,61,59,249,8,42,50,299
04/13/2022,TUS,AZ,AWP,CE,Towers with Radar,92,55,61,36,244,0,28,105,18,151,92,83,166,54,395,130,46,176,571
04/14/2022,TUS,AZ,AWP,CE,Towers with Radar,94,34,77,28,233,1,14,100,30,145,95,48,177,58,378,118,85,203,581
04/15/2022,TUS,AZ,AWP,CE,Towers with Radar,94,25,40,1,160,0,17,95,5,117,94,42,135,6,277,134,0,134,411
04/16/2022,TUS,AZ,AWP,CE,Towers with Radar,79,28,48,12,167,0,11,82,5,98,79,39,130,17,265,92,2,94,359
04/17/2022,TUS,AZ,AWP,CE,Towers with Radar,88,40,32,2,162,0,8,59,7,74,88,48,91,9,236,60,0,60,296
04/18/2022,TUS,AZ,AWP,CE,Towers with Radar,94,28,56,49,227,0,15,65,26,106,94,43,121,75,333,52,58,110,443
04/19/2022,TUS,AZ,AWP,CE,Towers with Radar,93,25,36,42,196,0,13,54,20,87,93,38,90,62,283,58,72,130,413
04/20/2022,TUS,AZ,AWP,CE,Towers with Radar,95,27,59,52,233,0,21,62,11,94,95,48,121,63,327,20,70,90,417
04/21/2022,TUS,AZ,AWP,CE,Towers with Radar,99,41,61,42,243,0,10,80,16,106,99,51,141,58,349,60,64,124,473
04/22/2022,TUS,AZ,AWP,CE,Towers with Radar,93,32,48,40,213,0,13,37,27,77,93,45,85,67,290,2,43,45,335
04/23/2022,TUS,AZ,AWP,CE,Towers with Radar,80,30,42,1,153,0,18,141,6,165,80,48,183,7,318,86,0,86,404
04/24/2022,TUS,AZ,AWP,CE,Towers with Radar,88,40,40,14,182,0,13,78,6,97,88,53,118,20,279,78,8,86,365
04/25/2022,TUS,AZ,AWP,CE,Towers with Radar,91,46,63,67,267,0,18,50,38,106,91,64,113,105,373,68,62,130,503
04/26/2022,TUS,AZ,AWP,CE,Towers with Radar,92,33,41,52,218,0,18,54,31,103,92,51,95,83,321,30,40,70,391
04/27/2022,TUS,AZ,AWP,CE,Towers with Radar,94,32,42,57,225,0,14,53,17,84,94,46,95,74,309,36,84,120,429
04/28/2022,TUS,AZ,AWP,CE,Towers with Radar,101,38,40,34,213,0,11,75,31,117,101,49,115,65,330,48,60,108,438
04/29/2022,TUS,AZ,AWP,CE,Towers with Radar,98,42,29,17,186,0,12,72,18,102,98,54,101,35,288,50,0,50,338
04/30/2022,TUS,AZ,AWP,CE,Towers with Radar,84,22,35,0,141,0,12,84,5,101,84,34,119,5,242,54,0,54,296
05/01/2022,TUS,AZ,AWP,CE,Towers with Radar,95,34,47,8,184,0,16,67,4,87,95,50,114,12,271,20,0,20,291
05/02/2022,TUS,AZ,AWP,CE,Towers with Radar,92,30,48,35,205,0,14,53,15,82,92,44,101,50,287,52,65,117,404
05/03/2022,TUS,AZ,AWP,CE,Towers with Radar,95,22,46,47,210,0,32,64,25,121,95,54,110,72,331,50,57,107,438
05/04/2022,TUS,AZ,AWP,CE,Towers with Radar,100,31,48,36,215,0,16,77,28,121,100,47,125,64,336,37,89,126,462
05/05/2022,TUS,AZ,AWP,CE,Towers with Radar,96,39,50,31,216,0,15,58,18,91,96,54,108,49,307,40,54,94,401
05/06/2022,TUS,AZ,AWP,CE,Towers with Radar,89,31,61,29,210,0,28,75,16,119,89,59,136,45,329,32,67,99,428
05/07/2022,TUS,AZ,AWP,CE,Towers with Radar,76,35,28,1,140,0,19,111,6,136,76,54,139,7,276,74,8,82,358
05/08/2022,TUS,AZ,AWP,CE,Towers with Radar,80,26,33,7,146,0,12,54,5,71,80,38,87,12,217,0,0,0,217
05/09/2022,TUS,AZ,AWP,CE,Towers with Radar,88,38,34,24,184,0,19,54,25,98,88,57,88,49,282,42,76,118,400
05/10/2022,TUS,AZ,AWP,CE,Towers with Radar,93,34,45,32,204,0,11,52,17,80,93,45,97,49,284,78,57,135,419
05/11/2022,TUS,AZ,AWP,CE,Towers with Radar,89,46,42,33,210,0,19,74,16,109,89,65,116,49,319,104,69,173,492
05/12/2022,TUS,AZ,AWP,CE,Towers with Radar,89,37,50,34,210,1,8,70,27,106,90,45,120,61,316,74,62,136,452
05/13/2022,TUS,AZ,AWP,CE,Towers with Radar,96,27,59,31,213,0,22,90,23,135,96,49,149,54,348,88,61,149,497
05/14/2022,TUS,AZ,AWP,CE,Towers with Radar,74,40,36,17,167,0,13,60,12,85,74,53,96,29,252,42,54,96,348
05/15/2022,TUS,AZ,AWP,CE,Towers with Radar,87,38,50,28,203,0,4,81,11,96,87,42,131,39,299,5,23,28,327
05/16/2022,TUS,AZ,AWP,CE,Towers with Radar,87,37,41,15,180,0,9,81,15,105,87,46,122,30,285,28,8,36,321
05/17/2022,TUS,AZ,AWP,CE,Towers with Radar,91,41,23,43,198,0,6,98,37,141,91,47,121,80,339,22,74,96,435
05/18/2022,TUS,AZ,AWP,CE,Towers with Radar,84,41,60,49,234,0,15,75,29,119,84,56,135,78,353,78,80,158,511
05/19/2022,TUS,AZ,AWP,CE,Towers with Radar,85,36,44,45,210,0,14,62,17,93,85,50,106,62,303,20,64,84,387
05/20/2022,TUS,AZ,AWP,CE,Towers with Radar,91,30,45,22,188,0,38,43,13,94,91,68,88,35,282,14,32,46,328
05/21/2022,TUS,AZ,AWP,CE,Towers with Radar,70,22,31,0,123,0,17,88,5,110,70,39,119,5,233,20,0,20,253
05/22/2022,TUS,AZ,AWP,CE,Towers with Radar,83,25,35,1,144,0,18,94,8,120,83,43,129,9,264,78,0,78,342
05/23/2022,TUS,AZ,AWP,CE,Towers with Radar,83,32,29,39,183,0,7,48,14,69,83,39,77,53,252,46,78,124,376
05/24/2022,TUS,AZ,AWP,CE,Towers with Radar,80,42,40,28,190,0,12,54,20,86,80,54,94,48,276,150,64,214,490
05/25/2022,TUS,AZ,AWP,CE,Towers with Radar,87,34,38,35,194,0,15,68,28,111,87,49,106,63,305,68,72,140,445
05/26/2022,TUS,AZ,AWP,CE,Towers with Radar,89,32,36,36,193,0,10,56,30,96,89,42,92,66,289,28,71,99,388
05/27/2022,TUS,AZ,AWP,CE,Towers with Radar,89,31,61,0,181,0,17,60,9,86,89,48,121,9,267,82,0,82,349
05/28/2022,TUS,AZ,AWP,CE,Towers with Radar,73,30,24,1,128,0,12,48,5,65,73,42,72,6,193,24,0,24,217
05/29/2022,TUS,AZ,AWP,CE,Towers with Radar,80,32,11,0,123,0,13,48,6,67,80,45,59,6,190,18,0,18,208
05/30/2022,TUS,AZ,AWP,CE,Towers with Radar,86,26,31,1,144,0,16,74,8,98,86,42,105,9,242,96,1,97,339
05/31/2022,TUS,AZ,AWP,CE,Towers with Radar,78,39,35,38,190,0,22,73,15,110,78,61,108,53,300,56,65,121,421
06/01/2022,TUS,AZ,AWP,CE,Towers with Radar,87,38,30,46,201,0,14,79,27,120,87,52,109,73,321,157,74,231,552
06/02/2022,TUS,AZ,AWP,CE,Towers with Radar,83,28,63,43,217,0,16,71,16,103,83,44,134,59,320,112,61,173,493
06/03/2022,TUS,AZ,AWP,CE,Towers with Radar,90,34,32,36,192,0,15,49,11,75,90,49,81,47,267,80,40,120,387
06/04/2022,TUS,AZ,AWP,CE,Towers with Radar,73,34,27,41,175,0,22,60,15,97,73,56,87,56,272,80,56,136,408
06/05/2022,TUS,AZ,AWP,CE,Towers with Radar,84,27,37,10,158,0,12,69,8,89,84,39,106,18,247,54,11,65,312
06/06/2022,TUS,AZ,AWP,CE,Towers with Radar,83,23,37,11,154,0,12,60,8,80,83,35,97,19,234,48,15,63,297
06/07/2022,TUS,AZ,AWP,CE,Towers with Radar,86,52,50,33,221,0,19,55,16,90,86,71,105,49,311,66,36,102,413
06/08/2022,TUS,AZ,AWP,CE,Towers with Radar,87,35,52,31,205,0,11,50,37,98,87,46,102,68,303,40,68,108,411
06/09/2022,TUS,AZ,AWP,CE,Towers with Radar,86,38,40,43,207,0,15,67,17,99,86,53,107,60,306,50,52,102,408
06/10/2022,TUS,AZ,AWP,CE,Towers with Radar,85,32,38,16,171,0,4,57,24,85,85,36,95,40,256,76,30,106,362
06/11/2022,TUS,AZ,AWP,CE,Towers with Radar,86,32,16,6,140,0,17,65,6,88,86,49,81,12,228,106,0,106,334
06/12/2022,TUS,AZ,AWP,CE,Towers with Radar,78,30,31,3,142,0,9,64,5,78,78,39,95,8,220,60,0,60,280
06/13/2022,TUS,AZ,AWP,CE,Towers with Radar,80,26,32,34,172,0,14,49,18,81,80,40,81,52,253,6,59,65,318
06/14/2022,TUS,AZ,AWP,CE,Towers with Radar,82,39,31,29,181,0,24,60,24,108,82,63,91,53,289,114,70,184,473
06/15/2022,TUS,AZ,AWP,CE,Towers with Radar,83,40,38,38,199,0,18,86,29,133,83,58,124,67,332,104,67,171,503
06/16/2022,TUS,AZ,AWP,CE,Towers with Radar,88,54,42,33,217,0,16,86,24,126,88,70,128,57,343,96,65,161,504
06/17/2022,TUS,AZ,AWP,CE,Towers with Radar,78,30,39,5,152,0,21,75,18,114,78,51,114,23,266,118,10,128,394
06/18/2022,TUS,AZ,AWP,CE,Towers with Radar,83,16,29,12,140,0,10,52,5,67,83,26,81,17,207,74,0,74,281
06/19/2022,TUS,AZ,AWP,CE,Towers with Radar,77,20,44,1,142,0,7,76,1,84,77,27,120,2,226,70,5,75,301
06/20/2022,TUS,AZ,AWP,CE,Towers with Radar,84,35,29,1,149,0,19,58,7,84,84,54,87,8,233,94,0,94,327
06/21/2022,TUS,AZ,AWP,CE,Towers with Radar,85,34,21,46,186,0,10,50,17,77,85,44,71,63,263,110,45,155,418
06/22/2022,TUS,AZ,AWP,CE,Towers with Radar,84,35,40,40,199,0,13,70,20,103,84,48,110,60,302,80,67,147,449
06/23/2022,TUS,AZ,AWP,CE,Towers with Radar,88,40,43,34,205,0,9,53,21,83,88,49,96,55,288,40,84,124,412
06/24/2022,TUS,AZ,AWP,CE,Towers with Radar,86,30,39,27,182,0,21,72,20,113,86,51,111,47,295,80,77,157,452
06/25/2022,TUS,AZ,AWP,CE,Towers with Radar,82,17,29,8,136,0,14,63,7,84,82,31,92,15,220,141,0,141,361
06/26/2022,TUS,AZ,AWP,CE,Towers with Radar,82,30,17,0,129,0,5,50,4,59,82,35,67,4,188,36,0,36,224
06/27/2022,TUS,AZ,AWP,CE,Towers with Radar,85,29,23,5,142,0,9,65,8,82,85,38,88,13,224,72,16,88,312
06/28/2022,TUS,AZ,AWP,CE,Towers with Radar,83,36,39,32,190,0,10,62,17,89,83,46,101,49,279,70,66,136,415
06/29/2022,TUS,AZ,AWP,CE,Towers with Radar,85,36,39,43,203,0,13,56,20,89,85,49,95,63,292,74,62,136,428
06/30/2022,TUS,AZ,AWP,CE,Towers with Radar,92,36,48,30,206,0,15,64,17,96,92,51,112,47,302,38,85,123,425
07/01/2022,TUS,AZ,AWP,CE,Towers with Radar,81,20,29,23,153,0,3,49,27,79,81,23,78,50,232,64,48,112,344
07/02/2022,TUS,AZ,AWP,CE,Towers with Radar,77,21,26,1,125,0,10,64,7,81,77,31,90,8,206,78,0,78,284
07/03/2022,TUS,AZ,AWP,CE,Towers with Radar,74,17,17,0,108,0,11,47,2,60,74,28,64,2,168,20,0,20,188
07/04/2022,TUS,AZ,AWP,CE,Towers with Radar,76,19,14,1,110,0,22,51,2,75,76,41,65,3,185,50,3,53,238
07/05/2022,TUS,AZ,AWP,CE,Towers with Radar,80,26,24,1,131,0,15,59,2,76,80,41,83,3,207,42,0,42,249
07/06/2022,TUS,AZ,AWP,CE,Towers with Radar,81,23,21,34,159,0,21,74,22,117,81,44,95,56,276,54,82,136,412
07/07/2022,TUS,AZ,AWP,CE,Towers with Radar,86,35,20,45,186,0,18,78,29,125,86,53,98,74,311,113,69,182,493
07/08/2022,TUS,AZ,AWP,CE,Towers with Radar,90,21,30,47,188,0,7,57,15,79,90,28,87,62,267,50,68,118,385
07/09/2022,TUS,AZ,AWP,CE,Towers with Radar,77,28,23,5,133,0,13,66,6,85,77,41,89,11,218,124,0,124,342
07/10/2022,TUS,AZ,AWP,CE,Towers with Radar,79,21,24,1,125,0,19,55,3,77,79,40,79,4,202,10,0,10,212
07/11/2022,TUS,AZ,AWP,CE,Towers with Radar,82,22,38,39,181,0,12,45,18,75,82,34,83,57,256,54,86,140,396
07/12/2022,TUS,AZ,AWP,CE,Towers with Radar,88,13,34,34,169,0,9,61,18,88,88,22,95,52,257,80,42,122,379
07/13/2022,TUS,AZ,AWP,CE,Towers with Radar,88,29,29,32,178,0,12,53,11,76,88,41,82,43,254,52,57,109,363
07/14/2022,TUS,AZ,AWP,CE,Towers with Radar,100,33,40,29,202,0,12,55,26,93,100,45,95,55,295,90,58,148,443
07/15/2022,TUS,AZ,AWP,CE,Towers with Radar,85,28,30,17,160,2,21,56,16,95,87,49,86,33,255,0,0,0,255
07/16/2022,TUS,AZ,AWP,CE,Towers with Radar,101,21,35,2,159,0,12,45,3,60,101,33,80,5,219,0,0,0,219
07/17/2022,TUS,AZ,AWP,CE,Towers with Radar,102,34,37,9,182,0,15,40,4,59,102,49,77,13,241,0,0,0,241
07/18/2022,TUS,AZ,AWP,CE,Towers with Radar,82,28,45,8,163,0,13,63,2,78,82,41,108,10,241,0,0,0,241
07/19/2022,TUS,AZ,AWP,CE,Towers with Radar,91,34,36,28,189,0,13,43,16,72,91,47,79,44,261,0,0,0,261
07/20/2022,TUS,AZ,AWP,CE,Towers with Radar,85,38,51,35,209,0,11,84,18,113,85,49,135,53,322,0,0,0,322
07/21/2022,TUS,AZ,AWP,CE,Towers with Radar,88,31,42,36,197,0,13,52,32,97,88,44,94,68,294,24,51,75,369
07/22/2022,TUS,AZ,AWP,CE,Towers with Radar,85,34,29,31,179,0,7,51,19,77,85,41,80,50,256,44,42,86,342
07/23/2022,TUS,AZ,AWP,CE,Towers with Radar,80,17,19,0,116,0,8,35,6,49,80,25,54,6,165,26,0,26,191
07/24/2022,TUS,AZ,AWP,CE,Towers with Radar,88,26,13,0,127,0,6,52,2,60,88,32,65,2,187,62,0,62,249
07/25/2022,TUS,AZ,AWP,CE,Towers with Radar,86,36,31,38,191,0,8,32,18,58,86,44,63,56,249,36,69,105,354
07/26/2022,TUS,AZ,AWP,CE,Towers with Radar,90,21,17,51,179,0,19,50,14,83,90,40,67,65,262,58,74,132,394
07/27/2022,TUS,AZ,AWP,CE,Towers with Radar,87,32,28,16,163,0,8,48,13,69,87,40,76,29,232,24,44,68,300
07/28/2022,TUS,AZ,AWP,CE,Towers with Radar,93,24,27,19,163,0,9,31,18,58,93,33,58,37,221,24,26,50,271
07/29/2022,TUS,AZ,AWP,CE,Towers with Radar,88,27,46,17,178,0,12,37,9,58,88,39,83,26,236,46,22,68,304
07/30/2022,TUS,AZ,AWP,CE,Towers with Radar,79,15,30,0,124,0,4,59,7,70,79,19,89,7,194,64,0,64,258
07/31/2022,TUS,AZ,AWP,CE,Towers with Radar,79,23,26,1,129,0,7,55,0,62,79,30,81,1,191,48,0,48,239
08/01/2022,TUS,AZ,AWP,CE,Towers with Radar,79,39,30,27,175,0,14,68,15,97,79,53,98,42,272,64,32,96,368
08/02/2022,TUS,AZ,AWP,CE,Towers with Radar,81,32,43,17,173,0,9,66,10,85,81,41,109,27,258,78,31,109,367
08/03/2022,TUS,AZ,AWP,CE,Towers with Radar,86,32,22,6,146,0,6,39,8,53,86,38,61,14,199,38,5,43,242
08/04/2022,TUS,AZ,AWP,CE,Towers with Radar,85,41,34,25,185,0,9,60,15,84,85,50,94,40,269,60,39,99,368
08/05/2022,TUS,AZ,AWP,CE,Towers with Radar,79,32,46,15,172,0,13,82,15,110,79,45,128,30,282,80,30,110,392
08/06/2022,TUS,AZ,AWP,CE,Towers with Radar,77,19,25,20,141,0,20,45,12,77,77,39,70,32,218,62,27,89,307
08/07/2022,TUS,AZ,AWP,CE,Towers with Radar,77,24,20,8,129,0,14,58,7,79,77,38,78,15,208,6,18,24,232
08/08/2022,TUS,AZ,AWP,CE,Towers with Radar,78,20,42,4,144,0,12,56,2,70,78,32,98,6,214,30,0,30,244
08/09/2022,TUS,AZ,AWP,CE,Towers with Radar,90,23,30,17,160,0,7,53,13,73,90,30,83,30,233,50,33,83,316
08/10/2022,TUS,AZ,AWP,CE,Towers with Radar,78,28,32,18,156,0,8,41,13,62,78,36,73,31,218,34,19,53,271
08/11/2022,TUS,AZ,AWP,CE,Towers with Radar,79,43,45,26,193,0,12,46,20,78,79,55,91,46,271,38,36,74,345
08/12/2022,TUS,AZ,AWP,CE,Towers with Radar,92,32,36,25,185,0,20,74,16,110,92,52,110,41,295,66,25,91,386
08/13/2022,TUS,AZ,AWP,CE,Towers with Radar,74,18,25,1,118,0,10,62,4,76,74,28,87,5,194,68,2,70,264
08/14/2022,TUS,AZ,AWP,CE,Towers with Radar,68,30,29,3,130,0,3,58,6,67,68,33,87,9,197,28,0,28,225
08/15/2022,TUS,AZ,AWP,CE,Towers with Radar,85,33,21,33,172,0,12,43,10,65,85,45,64,43,237,54,54,108,345
08/16/2022,TUS,AZ,AWP,CE,Towers with Radar,79,29,25,2,135,0,10,44,4,58,79,39,69,6,193,20,0,20,213
08/17/2022,TUS,AZ,AWP,CE,Towers with Radar,78,42,41,14,175,0,11,66,16,93,78,53,107,30,268,50,24,74,342
08/18/2022,TUS,AZ,AWP,CE,Towers with Radar,85,22,45,15,167,0,3,57,13,73,85,25,102,28,240,66,40,106,346
08/19/2022,TUS,AZ,AWP,CE,Towers with Radar,76,25,20,15,136,0,0,27,10,37,76,25,47,25,173,24,35,59,232
08/20/2022,TUS,AZ,AWP,CE,Towers with Radar,75,21,22,3,121,0,2,21,4,27,75,23,43,7,148,32,0,32,180
08/21/2022,TUS,AZ,AWP,CE,Towers with Radar,89,17,28,1,135,0,11,37,6,54,89,28,65,7,189,35,0,35,224
08/22/2022,TUS,AZ,AWP,CE,Towers with Radar,74,34,23,0,131,0,9,52,9,70,74,43,75,9,201,36,0,36,237
08/23/2022,TUS,AZ,AWP,CE,Towers with Radar,80,27,41,27,175,0,20,71,32,123,80,47,112,59,298,42,81,123,421
08/24/2022,TUS,AZ,AWP,CE,Towers with Radar,82,29,55,27,193,0,20,53,29,102,82,49,108,56,295,52,45,97,392
08/25/2022,TUS,AZ,AWP,CE,Towers with Radar,84,36,29,39,188,0,10,44,30,84,84,46,73,69,272,18,73,91,363
08/26/2022,TUS,AZ,AWP,CE,Towers with Radar,81,33,24,28,166,0,20,63,19,102,81,53,87,47,268,78,50,128,396
08/27/2022,TUS,AZ,AWP,CE,Towers with Radar,77,29,25,2,133,0,8,57,4,69,77,37,82,6,202,8,0,8,210
08/28/2022,TUS,AZ,AWP,CE,Towers with Radar,75,22,21,0,118,0,11,52,5,68,75,33,73,5,186,16,0,16,202
08/29/2022,TUS,AZ,AWP,CE,Towers with Radar,78,36,26,37,177,0,18,71,31,120,78,54,97,68,297,62,74,136,433
08/30/2022,TUS,AZ,AWP,CE,Towers with Radar,78,28,32,33,171,0,9,67,19,95,78,37,99,52,266,52,60,112,378
08/31/2022,TUS,AZ,AWP,CE,Towers with Radar,82,25,34,34,175,0,16,52,24,92,82,41,86,58,267,36,86,122,389
09/01/2022,TUS,AZ,AWP,CE,Towers with Radar,84,30,28,32,174,1,18,54,25,98,85,48,82,57,272,53,60,113,385
09/02/2022,TUS,AZ,AWP,CE,Towers with Radar,93,39,35,1,168,0,17,59,7,83,93,56,94,8,251,58,0,58,309
09/03/2022,TUS,AZ,AWP,CE,Towers with Radar,65,17,17,0,99,0,16,52,6,74,65,33,69,6,173,20,0,20,193
09/04/2022,TUS,AZ,AWP,CE,Towers with Radar,66,27,17,0,110,0,14,49,2,65,66,41,66,2,175,14,0,14,189
09/05/2022,TUS,AZ,AWP,CE,Towers with Radar,71,25,26,0,122,0,11,44,3,58,71,36,70,3,180,64,0,64,244
09/06/2022,TUS,AZ,AWP,CE,Towers with Radar,76,24,23,45,168,0,10,53,13,76,76,34,76,58,244,44,58,102,346
09/07/2022,TUS,AZ,AWP,CE,Towers with Radar,78,23,32,44,177,0,21,55,25,101,78,44,87,69,278,35,75,110,388
09/08/2022,TUS,AZ,AWP,CE,Towers with Radar,80,37,28,45,190,0,21,56,33,110,80,58,84,78,300,46,81,127,427
09/09/2022,TUS,AZ,AWP,CE,Towers with Radar,86,25,31,23,165,0,7,43,17,67,86,32,74,40,232,37,81,118,350
09/10/2022,TUS,AZ,AWP,CE,Towers with Radar,78,32,39,34,183,0,14,62,24,100,78,46,101,58,283,82,91,173,456
09/11/2022,TUS,AZ,AWP,CE,Towers with Radar,76,17,24,22,139,0,5,63,15,83,76,22,87,37,222,42,53,95,317
09/12/2022,TUS,AZ,AWP,CE,Towers with Radar,83,18,26,4,131,0,13,37,4,54,83,31,63,8,185,30,0,30,215
09/13/2022,TUS,AZ,AWP,CE,Towers with Radar,77,55,39,33,204,0,23,74,16,113,77,78,113,49,317,100,59,159,476
09/14/2022,TUS,AZ,AWP,CE,Towers with Radar,80,51,41,33,205,0,26,51,20,97,80,77,92,53,302,94,60,154,456
09/15/2022,TUS,AZ,AWP,CE,Towers with Radar,83,46,54,33,216,0,24,87,20,131,83,70,141,53,347,169,32,201,548
09/16/2022,TUS,AZ,AWP,CE,Towers with Radar,82,31,51,30,194,0,21,59,22,102,82,52,110,52,296,70,52,122,418
09/17/2022,TUS,AZ,AWP,CE,Towers with Radar,81,37,23,2,143,0,19,61,7,87,81,56,84,9,230,46,0,46,276
09/18/2022,TUS,AZ,AWP,CE,Towers with Radar,80,28,40,2,150,0,18,54,6,78,80,46,94,8,228,68,0,68,296
09/19/2022,TUS,AZ,AWP,CE,Towers with Radar,76,21,40,32,169,0,9,55,19,83,76,30,95,51,252,78,81,159,411
09/20/2022,TUS,AZ,AWP,CE,Towers with Radar,74,28,27,20,149,0,1,56,15,72,74,29,83,35,221,82,51,133,354
09/21/2022,TUS,AZ,AWP,CE,Towers with Radar,78,20,52,30,180,0,2,55,13,70,78,22,107,43,250,68,43,111,361
09/22/2022,TUS,AZ,AWP,CE,Towers with Radar,80,23,39,36,178,0,8,47,13,68,80,31,86,49,246,94,72,166,412
09/23/2022,TUS,AZ,AWP,CE,Towers with Radar,88,27,43,34,192,0,8,69,19,96,88,35,112,53,288,110,66,176,464
09/24/2022,TUS,AZ,AWP,CE,Towers with Radar,81,24,30,5,140,0,8,67,4,79,81,32,97,9,219,62,0,62,281
09/25/2022,TUS,AZ,AWP,CE,Towers with Radar,79,32,30,0,141,0,18,67,2,87,79,50,97,2,228,52,0,52,280
09/26/2022,TUS,AZ,AWP,CE,Towers with Radar,77,27,43,26,173,0,10,43,16,69,77,37,86,42,242,38,59,97,339
09/27/2022,TUS,AZ,AWP,CE,Towers with Radar,77,29,51,29,186,0,20,41,14,75,77,49,92,43,261,61,46,107,368
09/28/2022,TUS,AZ,AWP,CE,Towers with Radar,75,30,34,31,170,0,22,43,27,92,75,52,77,58,262,74,81,155,417
09/29/2022,TUS,AZ,AWP,CE,Towers with Radar,78,42,42,23,185,0,13,70,36,119,78,55,112,59,304,70,58,128,432
09/30/2022,TUS,AZ,AWP,CE,Towers with Radar,86,39,40,39,204,0,13,60,28,101,86,52,100,67,305,16,56,72,377
10/01/2022,TUS,AZ,AWP,CE,Towers with Radar,81,31,33,35,180,0,9,69,26,104,81,40,102,61,284,68,70,138,422
10/02/2022,TUS,AZ,AWP,CE,Towers with Radar,85,33,42,25,185,0,14,63,21,98,85,47,105,46,283,20,42,62,345
10/03/2022,TUS,AZ,AWP,CE,Towers with Radar,96,34,42,9,181,0,10,51,9,70,96,44,93,18,251,48,4,52,303
10/04/2022,TUS,AZ,AWP,CE,Towers with Radar,88,26,28,15,157,0,27,43,20,90,88,53,71,35,247,73,46,119,366
10/05/2022,TUS,AZ,AWP,CE,Towers with Radar,79,42,42,37,200,0,17,60,26,103,79,59,102,63,303,33,65,98,401
10/06/2022,TUS,AZ,AWP,CE,Towers with Radar,87,40,58,40,225,0,19,59,34,112,87,59,117,74,337,100,80,180,517
10/07/2022,TUS,AZ,AWP,CE,Towers with Radar,99,28,56,39,222,0,6,63,21,90,99,34,119,60,312,100,54,154,466
10/08/2022,TUS,AZ,AWP,CE,Towers with Radar,90,23,37,0,150,0,17,54,3,74,90,40,91,3,224,56,0,56,280
10/09/2022,TUS,AZ,AWP,CE,Towers with Radar,88,29,37,1,155,0,7,45,6,58,88,36,82,7,213,90,0,90,303
10/10/2022,TUS,AZ,AWP,CE,Towers with Radar,90,27,36,0,153,0,13,44,4,61,90,40,80,4,214,42,0,42,256
10/11/2022,TUS,AZ,AWP,CE,Towers with Radar,91,38,38,3,170,0,17,70,4,91,91,55,108,7,261,106,0,106,367
10/12/2022,TUS,AZ,AWP,CE,Towers with Radar,90,24,36,45,195,0,16,81,14,111,90,40,117,59,306,62,56,118,424
10/13/2022,TUS,AZ,AWP,CE,Towers with Radar,95,19,44,36,194,0,16,75,16,107,95,35,119,52,301,114,66,180,481
10/14/2022,TUS,AZ,AWP,CE,Towers with Radar,93,49,46,24,212,0,19,58,13,90,93,68,104,37,302,132,33,165,467
10/15/2022,TUS,AZ,AWP,CE,Towers with Radar,117,29,18,1,165,0,11,59,4,74,117,40,77,5,239,58,0,58,297
10/16/2022,TUS,AZ,AWP,CE,Towers with Radar,89,54,45,5,193,0,8,49,5,62,89,62,94,10,255,124,0,124,379
10/17/2022,TUS,AZ,AWP,CE,Towers with Radar,91,41,33,4,169,0,20,60,4,84,91,61,93,8,253,156,0,156,409
10/18/2022,TUS,AZ,AWP,CE,Towers with Radar,102,41,27,35,205,0,16,59,20,95,102,57,86,55,300,70,61,131,431
10/19/2022,TUS,AZ,AWP,CE,Towers with Radar,93,31,37,38,199,0,17,65,9,91,93,48,102,47,290,8,48,56,346
10/20/2022,TUS,AZ,AWP,CE,Towers with Radar,91,36,49,43,219,0,29,65,21,115,91,65,114,64,334,110,76,186,520
10/21/2022,TUS,AZ,AWP,CE,Towers with Radar,95,24,43,37,199,0,13,76,34,123,95,37,119,71,322,166,64,230,552
10/22/2022,TUS,AZ,AWP,CE,Towers with Radar,88,32,20,0,140,0,10,75,3,88,88,42,95,3,228,62,0,62,290
10/23/2022,TUS,AZ,AWP,CE,Towers with Radar,93,33,36,6,168,0,6,48,2,56,93,39,84,8,224,66,0,66,290
10/24/2022,TUS,AZ,AWP,CE,Towers with Radar,88,34,45,32,199,0,23,53,26,102,88,57,98,58,301,211,48,259,560
10/25/2022,TUS,AZ,AWP,CE,Towers with Radar,88,32,36,28,184,0,20,76,19,115,88,52,112,47,299,170,65,235,534
10/26/2022,TUS,AZ,AWP,CE,Towers with Radar,97,29,40,27,193,0,12,79,13,104,97,41,119,40,297,136,43,179,476
10/27/2022,TUS,AZ,AWP,CE,Towers with Radar,96,25,46,40,207,0,24,71,33,128,96,49,117,73,335,86,48,134,469
10/28/2022,TUS,AZ,AWP,CE,Towers with Radar,96,43,62,2,203,0,14,59,10,83,96,57,121,12,286,102,0,102,388
10/29/2022,TUS,AZ,AWP,CE,Towers with Radar,87,22,30,0,139,0,26,74,2,102,87,48,104,2,241,166,0,166,407
10/30/2022,TUS,AZ,AWP,CE,Towers with Radar,92,31,48,4,175,0,17,80,4,101,92,48,128,8,276,46,0,46,322
10/31/2022,TUS,AZ,AWP,CE,Towers with Radar,82,29,42,31,184,0,14,80,23,117,82,43,122,54,301,138,64,202,503
11/01/2022,TUS,AZ,AWP,CE,Towers with Radar,100,47,57,42,246,0,19,109,27,155,100,66,166,69,401,130,55,185,586
11/02/2022,TUS,AZ,AWP,CE,Towers with Radar,100,38,62,43,243,0,12,86,27,125,100,50,148,70,368,58,81,139,507
11/03/2022,TUS,AZ,AWP,CE,Towers with Radar,92,43,61,35,231,0,10,42,16,68,92,53,103,51,299,20,35,55,354
11/04/2022,TUS,AZ,AWP,CE,Towers with Radar,101,36,52,20,209,0,29,84,18,131,101,65,136,38,340,172,40,212,552
11/05/2022,TUS,AZ,AWP,CE,Towers with Radar,93,30,28,32,183,0,36,76,22,134,93,66,104,54,317,127,63,190,507
11/06/2022,TUS,AZ,AWP,CE,Towers with Radar,91,24,39,17,171,0,22,86,20,128,91,46,125,37,299,106,26,132,431
11/07/2022,TUS,AZ,AWP,CE,Towers with Radar,92,28,56,5,181,0,14,94,5,113,92,42,150,10,294,228,0,228,522
11/08/2022,TUS,AZ,AWP,CE,Towers with Radar,92,40,52,32,216,0,12,87,22,121,92,52,139,54,337,96,83,179,516
11/09/2022,TUS,AZ,AWP,CE,Towers with Radar,99,37,48,47,231,0,13,50,21,84,99,50,98,68,315,45,89,134,449
11/10/2022,TUS,AZ,AWP,CE,Towers with Radar,94,45,44,55,238,0,27,74,30,131,94,72,118,85,369,32,71,103,472
11/11/2022,TUS,AZ,AWP,CE,Towers with Radar,100,33,59,2,194,0,26,86,3,115,100,59,145,5,309,30,11,41,350
11/12/2022,TUS,AZ,AWP,CE,Towers with Radar,91,35,37,1,164,0,15,101,4,120,91,50,138,5,284,142,0,142,426
11/13/2022,TUS,AZ,AWP,CE,Towers with Radar,96,40,51,0,187,0,7,77,4,88,96,47,128,4,275,22,0,22,297
11/14/2022,TUS,AZ,AWP,CE,Towers with Radar,91,35,41,35,202,1,32,60,21,114,92,67,101,56,316,52,42,94,410
11/15/2022,TUS,AZ,AWP,CE,Towers with Radar,98,42,52,46,238,0,24,67,12,103,98,66,119,58,341,72,50,122,463
11/16/2022,TUS,AZ,AWP,CE,Towers with Radar,94,30,68,39,231,0,27,85,11,123,94,57,153,50,354,41,51,92,446
11/17/2022,TUS,AZ,AWP,CE,Towers with Radar,98,45,53,38,234,0,25,65,23,113,98,70,118,61,347,62,50,112,459
11/18/2022,TUS,AZ,AWP,CE,Towers with Radar,99,39,53,33,224,0,18,96,12,126,99,57,149,45,350,136,22,158,508
11/19/2022,TUS,AZ,AWP,CE,Towers with Radar,97,38,66,5,206,0,28,109,9,146,97,66,175,14,352,72,1,73,425
11/20/2022,TUS,AZ,AWP,CE,Towers with Radar,93,20,44,0,157,0,7,50,12,69,93,27,94,12,226,86,0,86,312
11/21/2022,TUS,AZ,AWP,CE,Towers with Radar,103,24,60,33,220,0,24,86,21,131,103,48,146,54,351,138,60,198,549
11/22/2022,TUS,AZ,AWP,CE,Towers with Radar,103,36,56,34,229,0,23,82,15,120,103,59,138,49,349,142,71,213,562
11/23/2022,TUS,AZ,AWP,CE,Towers with Radar,102,26,38,29,195,0,7,88,17,112,102,33,126,46,307,180,66,246,553
11/24/2022,TUS,AZ,AWP,CE,Towers with Radar,64,19,18,0,101,0,3,30,5,38,64,22,48,5,139,22,1,23,162
11/25/2022,TUS,AZ,AWP,CE,Towers with Radar,95,20,28,0,143,0,14,72,2,88,95,34,100,2,231,98,0,98,329
11/26/2022,TUS,AZ,AWP,CE,Towers with Radar,86,34,33,0,153,0,27,89,6,122,86,61,122,6,275,42,0,42,317
11/27/2022,TUS,AZ,AWP,CE,Towers with Radar,99,36,46,1,182,0,18,72,3,93,99,54,118,4,275,148,0,148,423
11/28/2022,TUS,AZ,AWP,CE,Towers with Radar,99,26,46,42,213,0,24,51,25,100,99,50,97,67,313,58,67,125,438
11/29/2022,TUS,AZ,AWP,CE,Towers with Radar,101,29,48,42,220,0,15,71,29,115,101,44,119,71,335,128,73,201,536
11/30/2022,TUS,AZ,AWP,CE,Towers with Radar,101,34,32,34,201,0,13,88,25,126,101,47,120,59,327,156,67,223,550
12/01/2022,TUS,AZ,AWP,CE,Towers with Radar,102,44,46,26,218,0,20,65,17,102,102,64,111,43,320,124,60,184,504
12/02/2022,TUS,AZ,AWP,CE,Towers with Radar,102,31,51,29,213,0,23,77,22,122,102,54,128,51,335,58,52,110,445
12/03/2022,TUS,AZ,AWP,CE,Towers with Radar,84,22,28,23,157,0,7,21,6,34,84,29,49,29,191,22,43,65,256
12/04/2022,TUS,AZ,AWP,CE,Towers with Radar,93,32,58,20,203,0,0,3,1,4,93,32,61,21,207,0,21,21,228
12/05/2022,TUS,AZ,AWP,CE,Towers with Radar,101,44,53,0,198,0,13,42,7,62,101,57,95,7,260,58,0,58,318
12/06/2022,TUS,AZ,AWP,CE,Towers with Radar,100,22,40,42,204,0,13,69,15,97,100,35,109,57,301,56,58,114,415
12/07/2022,TUS,AZ,AWP,CE,Towers with Radar,100,26,53,42,221,0,9,87,22,118,100,35,140,64,339,124,92,216,555
12/08/2022,TUS,AZ,AWP,CE,Towers with Radar,106,42,41,30,219,0,14,84,28,126,106,56,125,58,345,154,103,257,602
12/09/2022,TUS,AZ,AWP,CE,Towers with Radar,109,47,37,40,233,0,21,94,22,137,109,68,131,62,370,72,51,123,493
12/10/2022,TUS,AZ,AWP,CE,Towers with Radar,85,23,32,2,142,0,24,164,6,194,85,47,196,8,336,96,0,96,432
12/11/2022,TUS,AZ,AWP,CE,Towers with Radar,99,27,37,21,184,0,28,67,9,104,99,55,104,30,288,40,0,40,328
12/12/2022,TUS,AZ,AWP,CE,Towers with Radar,101,26,29,47,203,0,5,13,6,24,101,31,42,53,227,24,68,92,319
12/13/2022,TUS,AZ,AWP,CE,Towers with Radar,93,22,34,44,193,0,5,58,17,80,93,27,92,61,273,116,84,200,473
12/14/2022,TUS,AZ,AWP,CE,Towers with Radar,101,27,40,37,205,0,12,65,8,85,101,39,105,45,290,213,49,262,552
12/15/2022,TUS,AZ,AWP,CE,Towers with Radar,100,33,54,25,212,0,14,75,15,104,100,47,129,40,316,94,39,133,449
12/16/2022,TUS,AZ,AWP,CE,Towers with Radar,99,33,34,20,186,0,13,143,16,172,99,46,177,36,358,106,44,150,508
12/17/2022,TUS,AZ,AWP,CE,Towers with Radar,93,33,39,1,166,0,10,125,4,139,93,43,164,5,305,122,0,122,427
12/18/2022,TUS,AZ,AWP,CE,Towers with Radar,98,29,50,0,177,0,12,64,5,81,98,41,114,5,258,98,0,98,356
12/19/2022,TUS,AZ,AWP,CE,Towers with Radar,105,40,59,23,227,0,12,71,15,98,105,52,130,38,325,50,58,108,433
12/20/2022,TUS,AZ,AWP,CE,Towers with Radar,104,29,40,32,205,0,19,74,14,107,104,48,114,46,312,68,57,125,437
12/21/2022,TUS,AZ,AWP,CE,Towers with Radar,105,26,34,27,192,0,25,75,19,119,105,51,109,46,311,62,49,111,422
12/22/2022,TUS,AZ,AWP,CE,Towers with Radar,106,30,39,23,198,0,23,75,12,110,106,53,114,35,308,22,66,88,396
12/23/2022,TUS,AZ,AWP,CE,Towers with Radar,93,31,35,0,159,0,19,47,2,68,93,50,82,2,227,12,10,22,249
12/24/2022,TUS,AZ,AWP,CE,Towers with Radar,64,13,15,0,92,0,8,53,1,62,64,21,68,1,154,12,0,12,166
12/25/2022,TUS,AZ,AWP,CE,Towers with Radar,61,11,13,0,85,0,6,27,0,33,61,17,40,0,118,0,0,0,118
12/26/2022,TUS,AZ,AWP,CE,Towers with Radar,84,32,46,0,162,0,11,85,2,98,84,43,131,2,260,30,0,30,290
12/27/2022,TUS,AZ,AWP,CE,Towers with Radar,89,28,47,14,178,0,30,59,14,103,89,58,106,28,281,38,37,75,356
12/28/2022,TUS,AZ,AWP,CE,Towers with Radar,90,29,68,12,199,0,0,26,4,30,90,29,94,16,229,12,11,23,252
12/29/2022,TUS,AZ,AWP,CE,Towers with Radar,94,31,40,19,184,0,7,48,13,68,94,38,88,32,252,40,33,73,325
12/30/2022,TUS,AZ,AWP,CE,Towers with Radar,110,32,55,16,213,0,6,43,10,59,110,38,98,26,272,32,29,61,333
12/31/2022,TUS,AZ,AWP,CE,Towers with Radar,75,23,37,1,136,0,13,67,5,85,75,36,104,6,221,36,0,36,257
01/01/2023,TUS,AZ,AWP,CE,Towers with Radar,89,34,18,3,144,0,2,12,2,16,89,36,30,5,160,0,0,0,160
01/02/2023,TUS,AZ,AWP,CE,Towers with Radar,109,32,51,0,192,0,2,33,1,36,109,34,84,1,228,12,0,12,240
01/03/2023,TUS,AZ,AWP,CE,Towers with Radar,97,29,35,32,193,0,18,34,13,65,97,47,69,45,258,6,55,61,319
01/04/2023,TUS,AZ,AWP,CE,Towers with Radar,102,33,56,47,238,0,43,75,16,134,102,76,131,63,372,30,68,98,470
01/05/2023,TUS,AZ,AWP,CE,Towers with Radar,108,40,59,36,243,0,39,78,19,136,108,79,137,55,379,2,72,74,453
01/06/2023,TUS,AZ,AWP,CE,Towers with Radar,100,34,48,37,219,0,15,79,28,122,100,49,127,65,341,10,56,66,407
01/07/2023,TUS,AZ,AWP,CE,Towers with Radar,86,45,46,17,194,0,25,144,20,189,86,70,190,37,383,34,64,98,481
01/08/2023,TUS,AZ,AWP,CE,Towers with Radar,98,33,73,12,216,0,41,78,13,132,98,74,151,25,348,18,30,48,396
01/09/2023,TUS,AZ,AWP,CE,Towers with Radar,103,46,49,4,202,0,42,80,5,127,103,88,129,9,329,54,0,54,383
01/10/2023,TUS,AZ,AWP,CE,Towers with Radar,98,42,49,49,238,0,14,63,13,90,98,56,112,62,328,54,84,138,466
01/11/2023,TUS,AZ,AWP,CE,Towers with Radar,99,33,53,42,227,0,15,78,14,107,99,48,131,56,334,83,67,150,484
01/12/2023,TUS,AZ,AWP,CE,Towers with Radar,108,34,39,39,220,0,24,76,20,120,108,58,115,59,340,102,65,167,507
01/13/2023,TUS,AZ,AWP,CE,Towers with Radar,106,35,44,17,202,0,14,83,8,105,106,49,127,25,307,104,9,113,420
01/14/2023,TUS,AZ,AWP,CE,Towers with Radar,87,31,40,0,158,0,27,160,5,192,87,58,200,5,350,72,0,72,422
01/15/2023,TUS,AZ,AWP,CE,Towers with Radar,87,28,38,2,155,0,1,15,0,16,87,29,53,2,171,0,0,0,171
01/16/2023,TUS,AZ,AWP,CE,Towers with Radar,100,25,51,0,176,0,0,5,2,7,100,25,56,2,183,48,0,48,231
01/17/2023,TUS,AZ,AWP,CE,Towers with Radar,96,25,44,26,191,2,25,39,17,83,98,50,83,43,274,38,47,85,359
01/18/2023,TUS,AZ,AWP,CE,Towers with Radar,102,24,58,34,218,0,130,82,17,229,102,154,140,51,447,90,57,147,594
01/19/2023,TUS,AZ,AWP,CE,Towers with Radar,104,37,55,33,229,0,70,91,24,185,104,107,146,57,414,108,61,169,583
01/20/2023,TUS,AZ,AWP,CE,Towers with Radar,105,35,49,32,221,0,37,121,28,186,105,72,170,60,407,74,54,128,535
01/21/2023,TUS,AZ,AWP,CE,Towers with Radar,89,35,57,2,183,0,28,158,5,191,89,63,215,7,374,220,0,220,594
01/22/2023,TUS,AZ,AWP,CE,Towers with Radar,97,35,40,0,172,0,30,105,5,140,97,65,145,5,312,166,1,167,479
01/23/2023,TUS,AZ,AWP,CE,Towers with Radar,104,30,45,3,182,0,19,39,4,62,104,49,84,7,244,58,0,58,302
01/24/2023,TUS,AZ,AWP,CE,Towers with Radar,102,38,59,47,246,0,35,65,31,131,102,73,124,78,377,140,67,207,584
01/25/2023,TUS,AZ,AWP,CE,Towers with Radar,101,48,46,42,237,0,18,106,16,140,101,66,152,58,377,157,49,206,583
01/26/2023,TUS,AZ,AWP,CE,Towers with Radar,107,37,21,36,201,0,32,76,21,129,107,69,97,57,330,42,48,90,420
01/27/2023,TUS,AZ,AWP,CE,Towers with Radar,105,35,43,49,232,0,16,129,12,157,105,51,172,61,389,106,99,205,594
01/28/2023,TUS,AZ,AWP,CE,Towers with Radar,95,43,33,5,176,0,12,146,9,167,95,55,179,14,343,98,0,98,441
01/29/2023,TUS,AZ,AWP,CE,Towers with Radar,97,42,55,20,214,0,7,77,6,90,97,49,132,26,304,76,0,76,380
01/30/2023,TUS,AZ,AWP,CE,Towers with Radar,98,28,40,32,198,0,22,49,26,97,98,50,89,58,295,54,73,127,422
01/31/2023,TUS,AZ,AWP,CE,Towers with Radar,87,32,39,57,215,0,32,56,14,102,87,64,95,71,317,82,46,128,445
02/01/2023,TUS,AZ,AWP,CE,Towers with Radar,93,54,69,61,277,0,24,75,21,120,93,78,144,82,397,36,57,93,490
02/02/2023,TUS,AZ,AWP,CE,Towers with Radar,99,58,66,34,257,0,20,71,18,109,99,78,137,52,366,32,90,122,488
02/03/2023,TUS,AZ,AWP,CE,Towers with Radar,111,41,51,44,247,0,13,112,24,149,111,54,163,68,396,84,64,148,544
02/04/2023,TUS,AZ,AWP,CE,Towers with Radar,95,41,56,28,220,0,22,144,36,202,95,63,200,64,422,130,84,214,636
02/05/2023,TUS,AZ,AWP,CE,Towers with Radar,101,58,46,44,249,0,20,94,24,138,101,78,140,68,387,62,51,113,500
02/06/2023,TUS,AZ,AWP,CE,Towers with Radar,105,45,33,11,194,0,82,56,8,146,105,127,89,19,340,66,0,66,406
02/07/2023,TUS,AZ,AWP,CE,Towers with Radar,108,39,46,43,236,0,80,72,25,177,108,119,118,68,413,68,82,150,563
02/08/2023,TUS,AZ,AWP,CE,Towers with Radar,106,38,70,41,255,0,64,92,20,176,106,102,162,61,431,70,77,147,578
02/09/2023,TUS,AZ,AWP,CE,Towers with Radar,106,36,53,47,242,0,22,51,27,100,106,58,104,74,342,68,75,143,485
02/10/2023,TUS,AZ,AWP,CE,Towers with Radar,115,50,57,21,243,0,23,27,17,67,115,73,84,38,310,14,42,56,366
02/11/2023,TUS,AZ,AWP,CE,Towers with Radar,108,42,35,1,186,0,10,59,2,71,108,52,94,3,257,40,0,40,297
02/12/2023,TUS,AZ,AWP,CE,Towers with Radar,107,66,63,0,236,0,13,62,3,78,107,79,125,3,314,22,1,23,337
02/13/2023,TUS,AZ,AWP,CE,Towers with Radar,129,50,64,2,245,0,7,13,0,20,129,57,77,2,265,42,0,42,307
02/14/2023,TUS,AZ,AWP,CE,Towers with Radar,135,31,59,6,231,0,0,26,4,30,135,31,85,10,261,52,24,76,337
02/15/2023,TUS,AZ,AWP,CE,Towers with Radar,127,31,61,38,257,0,51,68,31,150,127,82,129,69,407,164,46,210,617
02/16/2023,TUS,AZ,AWP,CE,Towers with Radar,118,50,71,41,280,0,22,82,9,113,118,72,153,50,393,146,72,218,611
02/17/2023,TUS,AZ,AWP,CE,Towers with Radar,117,34,58,40,249,0,19,35,12,66,117,53,93,52,315,14,67,81,396
02/18/2023,TUS,AZ,AWP,CE,Towers with Radar,101,38,55,2,196,0,35,154,6,195,101,73,209,8,391,112,0,112,503
02/19/2023,TUS,AZ,AWP,CE,Towers with Radar,102,19,65,5,191,0,19,58,3,80,102,38,123,8,271,104,2,106,377
02/20/2023,TUS,AZ,AWP,CE,Towers with Radar,124,48,50,5,227,0,18,79,0,97,124,66,129,5,324,158,2,160,484
02/21/2023,TUS,AZ,AWP,CE,Towers with Radar,111,26,47,45,229,0,30,41,16,87,111,56,88,61,316,84,86,170,486
02/22/2023,TUS,AZ,AWP,CE,Towers with Radar,120,39,26,0,185,0,0,7,0,7,120,39,33,0,192,6,0,6,198
02/23/2023,TUS,AZ,AWP,CE,Towers with Radar,122,42,68,48,280,0,140,42,18,200,122,182,110,66,480,76,66,142,622
02/24/2023,TUS,AZ,AWP,CE,Towers with Radar,117,44,58,11,230,0,169,102,5,276,117,213,160,16,506,152,7,159,665
02/25/2023,TUS,AZ,AWP,CE,Towers with Radar,105,21,54,11,191,0,131,92,5,228,105,152,146,16,419,66,2,68,487
02/26/2023,TUS,AZ,AWP,CE,Towers with Radar,109,34,42,2,187,0,24,29,2,55,109,58,71,4,242,28,0,28,270
02/27/2023,TUS,AZ,AWP,CE,Towers with Radar,118,29,53,42,242,0,191,71,28,290,118,220,124,70,532,139,89,228,760
02/28/2023,TUS,AZ,AWP,CE,Towers with Radar,117,37,29,31,214,0,186,80,31,297,117,223,109,62,511,20,53,73,584
03/01/2023,TUS,AZ,AWP,CE,Towers with Radar,151,37,35,29,252,0,199,51,14,264,151,236,86,43,516,74,34,108,624
03/02/2023,TUS,AZ,AWP,CE,Towers with Radar,122,32,38,41,233,0,164,55,22,241,122,196,93,63,474,74,73,147,621
03/03/2023,TUS,AZ,AWP,CE,Towers with Radar,111,31,39,48,229,0,44,92,31,167,111,75,131,79,396,112,85,197,593
03/04/2023,TUS,AZ,AWP,CE,Towers with Radar,97,26,45,35,203,0,34,130,28,192,97,60,175,63,395,36,81,117,512
03/05/2023,TUS,AZ,AWP,CE,Towers with Radar,102,40,62,27,231,0,68,77,20,165,102,108,139,47,396,24,23,47,443
03/06/2023,TUS,AZ,AWP,CE,Towers with Radar,117,29,53,0,199,0,54,56,8,118,117,83,109,8,317,58,0,58,375
03/07/2023,TUS,AZ,AWP,CE,Towers with Radar,102,46,40,30,218,0,46,74,24,144,102,92,114,54,362,88,52,140,502
03/08/2023,TUS,AZ,AWP,CE,Towers with Radar,105,30,50,42,227,0,36,83,32,151,105,66,133,74,378,55,109,164,542
03/09/2023,TUS,AZ,AWP,CE,Towers with Radar,111,44,59,30,244,0,64,76,21,161,111,108,135,51,405,78,50,128,533
03/10/2023,TUS,AZ,AWP,CE,Towers with Radar,113,36,45,45,239,0,43,120,26,189,113,79,165,71,428,82,78,160,588
03/11/2023,TUS,AZ,AWP,CE,Towers with Radar,105,26,33,2,166,0,66,114,4,184,105,92,147,6,350,38,0,38,388
03/12/2023,TUS,AZ,AWP,CE,Towers with Radar,115,41,49,3,208,0,42,82,2,126,115,83,131,5,334,32,0,32,366
03/13/2023,TUS,AZ,AWP,CE,Towers with Radar,114,34,27,45,220,0,50,52,22,124,114,84,79,67,344,78,76,154,498
03/14/2023,TUS,AZ,AWP,CE,Towers with Radar,107,45,36,43,231,0,83,74,27,184,107,128,110,70,415,10,52,62,477
03/15/2023,TUS,AZ,AWP,CE,Towers with Radar,111,34,45,30,220,0,20,38,21,79,111,54,83,51,299,26,38,64,363
03/16/2023,TUS,AZ,AWP,CE,Towers with Radar,107,51,26,29,213,0,56,45,17,118,107,107,71,46,331,42,59,101,432
03/17/2023,TUS,AZ,AWP,CE,Towers with Radar,112,44,40,22,218,0,128,57,13,198,112,172,97,35,416,12,36,48,464
03/18/2023,TUS,AZ,AWP,CE,Towers with Radar,107,32,35,0,174,0,96,42,5,143,107,128,77,5,317,34,0,34,351
03/19/2023,TUS,AZ,AWP,CE,Towers with Radar,109,38,48,2,197,0,24,25,8,57,109,62,73,10,254,0,0,0,254
03/20/2023,TUS,AZ,AWP,CE,Towers with Radar,119,43,32,3,197,0,97,50,6,153,119,140,82,9,350,2,0,2,352
03/21/2023,TUS,AZ,AWP,CE,Towers with Radar,129,37,40,23,229,0,39,16,23,78,129,76,56,46,307,0,55,55,362
03/22/2023,TUS,AZ,AWP,CE,Towers with Radar,116,26,53,33,228,0,54,12,14,80,116,80,65,47,308,0,37,37,345
03/23/2023,TUS,AZ,AWP,CE,Towers with Radar,116,45,51,58,270,0,101,68,40,209,116,146,119,98,479,6,72,78,557
03/24/2023,TUS,AZ,AWP,CE,Towers with Radar,116,33,37,49,235,0,80,60,40,180,116,113,97,89,415,8,68,76,491
03/25/2023,TUS,AZ,AWP,CE,Towers with Radar,103,33,39,2,177,0,89,85,6,180,103,122,124,8,357,40,0,40,397
03/26/2023,TUS,AZ,AWP,CE,Towers with Radar,102,37,48,3,190,0,79,81,13,173,102,116,129,16,363,11,0,11,374
03/27/2023,TUS,AZ,AWP,CE,Towers with Radar,107,45,45,50,247,0,152,54,40,246,107,197,99,90,493,2,80,82,575
03/28/2023,TUS,AZ,AWP,CE,Towers with Radar,105,36,35,43,219,0,77,54,38,169,105,113,89,81,388,40,78,118,506
03/29/2023,TUS,AZ,AWP,CE,Towers with Radar,103,56,30,35,224,0,88,66,23,177,103,144,96,58,401,6,73,79,480
03/30/2023,TUS,AZ,AWP,CE,Towers with Radar,109,25,42,39,215,0,118,49,31,198,109,143,91,70,413,16,69,85,498
03/31/2023,TUS,AZ,AWP,CE,Towers with Radar,104,61,53,49,267,0,91,103,24,218,104,152,156,73,485,132,55,187,672
04/01/2023,TUS,AZ,AWP,CE,Towers with Radar,95,36,36,33,200,0,83,81,20,184,95,119,117,53,384,27,61,88,472
04/02/2023,TUS,AZ,AWP,CE,Towers with Radar,97,44,49,13,203,0,59,95,17,171,97,103,144,30,374,108,25,133,507
04/03/2023,TUS,AZ,AWP,CE,Towers with Radar,113,20,46,1,180,0,43,39,5,87,113,63,85,6,267,14,2,16,283
04/04/2023,TUS,AZ,AWP,CE,Towers with Radar,104,38,35,41,218,0,107,53,24,184,104,145,88,65,402,42,56,98,500
04/05/2023,TUS,AZ,AWP,CE,Towers with Radar,99,37,50,45,231,0,50,99,19,168,99,87,149,64,399,162,53,215,614
04/06/2023,TUS,AZ,AWP,CE,Towers with Radar,113,54,47,32,246,0,58,77,18,153,113,112,124,50,399,96,68,164,563
04/07/2023,TUS,AZ,AWP,CE,Towers with Radar,108,55,33,39,235,0,96,86,19,201,108,151,119,58,436,38,53,91,527
04/08/2023,TUS,AZ,AWP,CE,Towers with Radar,104,41,35,9,189,0,99,68,12,179,104,140,103,21,368,88,0,88,456
04/09/2023,TUS,AZ,AWP,CE,Towers with Radar,100,29,21,0,150,0,25,40,11,76,100,54,61,11,226,24,0,24,250
04/10/2023,TUS,AZ,AWP,CE,Towers with Radar,103,38,40,39,220,0,88,64,19,171,103,126,104,58,391,78,80,158,549
04/11/2023,TUS,AZ,AWP,CE,Towers with Radar,101,38,29,44,212,0,108,55,28,191,101,146,84,72,403,32,82,114,517
04/12/2023,TUS,AZ,AWP,CE,Towers with Radar,100,37,18,41,196,0,98,58,21,177,100,135,76,62,373,34,89,123,496
04/13/2023,TUS,AZ,AWP,CE,Towers with Radar,112,42,40,33,227,0,39,45,26,110,112,81,85,59,337,46,64,110,447
04/14/2023,TUS,AZ,AWP,CE,Towers with Radar,111,50,44,34,239,0,92,70,15,177,111,142,114,49,416,60,47,107,523
04/15/2023,TUS,AZ,AWP,CE,Towers with Radar,100,37,32,0,169,0,178,84,7,269,100,215,116,7,438,68,0,68,506
04/16/2023,TUS,AZ,AWP,CE,Towers with Radar,103,23,37,0,163,0,197,84,8,289,103,220,121,8,452,42,0,42,494
04/17/2023,TUS,AZ,AWP,CE,Towers with Radar,117,34,33,2,186,0,104,38,4,146,117,138,71,6,332,16,2,18,350
04/18/2023,TUS,AZ,AWP,CE,Towers with Radar,104,53,29,45,231,0,104,69,9,182,104,157,98,54,413,2,82,84,497
04/19/2023,TUS,AZ,AWP,CE,Towers with Radar,96,30,28,32,186,1,87,64,15,167,97,117,92,47,353,66,30,96,449
04/20/2023,TUS,AZ,AWP,CE,Towers with Radar,101,35,23,33,192,0,138,57,17,212,101,173,80,50,404,4,50,54,458
04/21/2023,TUS,AZ,AWP,CE,Towers with Radar,103,45,31,19,198,0,154,76,13,243,103,199,107,32,441,92,34,126,567
04/22/2023,TUS,AZ,AWP,CE,Towers with Radar,99,30,37,0,166,0,61,106,6,173,99,91,143,6,339,28,0,28,367
04/23/2023,TUS,AZ,AWP,CE,Towers with Radar,100,42,33,0,175,0,54,69,10,133,100,96,102,10,308,2,0,2,310
04/24/2023,TUS,AZ,AWP,CE,Towers with Radar,101,42,27,34,204,0,117,45,26,188,101,159,72,60,392,12,78,90,482
04/25/2023,TUS,AZ,AWP,CE,Towers with Radar,103,27,43,39,212,0,119,64,30,213,103,146,107,69,425,44,77,121,546
04/26/2023,TUS,AZ,AWP,CE,Towers with Radar,98,42,50,46,236,0,150,71,21,242,98,192,121,67,478,26,94,120,598
04/27/2023,TUS,AZ,AWP,CE,Towers with Radar,107,44,35,43,229,1,101,84,35,221,108,145,119,78,450,60,64,124,574
04/28/2023,TUS,AZ,AWP,CE,Towers with Radar,109,42,37,49,237,0,120,63,25,208,109,162,100,74,445,28,48,76,521
04/29/2023,TUS,AZ,AWP,CE,Towers with Radar,99,28,21,13,161,0,51,70,11,132,99,79,91,24,293,16,9,25,318
04/30/2023,TUS,AZ,AWP,CE,Towers with Radar,96,36,36,5,173,0,53,62,4,119,96,89,98,9,292,19,0,19,311
05/01/2023,TUS,AZ,AWP,CE,Towers with Radar,102,26,41,31,200,0,44,37,27,108,102,70,78,58,308,12,54,66,374
05/02/2023,TUS,AZ,AWP,CE,Towers with Radar,106,41,55,37,239,0,158,89,25,272,106,199,144,62,511,17,64,81,592
05/03/2023,TUS,AZ,AWP,CE,Towers with Radar,103,35,52,37,227,0,56,68,20,144,103,91,120,57,371,22,40,62,433
05/04/2023,TUS,AZ,AWP,CE,Towers with Radar,102,35,33,53,223,0,96,49,26,171,102,131,82,79,394,40,86,126,520
05/05/2023,TUS,AZ,AWP,CE,Towers with Radar,102,35,42,21,200,0,137,64,26,227,102,172,106,47,427,22,31,53,480
05/06/2023,TUS,AZ,AWP,CE,Towers with Radar,86,28,36,24,174,0,113,120,16,249,86,141,156,40,423,26,79,105,528
05/07/2023,TUS,AZ,AWP,CE,Towers with Radar,90,21,42,4,157,0,96,70,7,173,90,117,112,11,330,44,4,48,378
05/08/2023,TUS,AZ,AWP,CE,Towers with Radar,93,40,38,1,172,0,45,60,4,109,93,85,98,5,281,54,0,54,335
05/09/2023,TUS,AZ,AWP,CE,Towers with Radar,95,30,28,36,189,0,109,55,16,180,95,139,83,52,369,24,49,73,442
05/10/2023,TUS,AZ,AWP,CE,Towers with Radar,91,37,36,40,204,0,155,76,26,257,91,192,112,66,461,48,67,115,576
05/11/2023,TUS,AZ,AWP,CE,Towers with Radar,93,38,59,34,224,0,115,85,20,220,93,153,144,54,444,40,63,103,547
05/12/2023,TUS,AZ,AWP,CE,Towers with Radar,95,36,34,32,197,0,110,87,13,210,95,146,121,45,407,34,64,98,505
05/13/2023,TUS,AZ,AWP,CE,Towers with Radar,88,36,45,13,182,0,120,79,5,204,88,156,124,18,386,78,4,82,468
05/14/2023,TUS,AZ,AWP,CE,Towers with Radar,87,27,25,20,159,0,6,35,5,46,87,33,60,25,205,0,7,7,212
05/15/2023,TUS,AZ,AWP,CE,Towers with Radar,99,22,18,27,166,0,100,32,18,150,99,122,50,45,316,14,64,78,394
05/16/2023,TUS,AZ,AWP,CE,Towers with Radar,90,21,31,35,177,0,104,45,19,168,90,125,76,54,345,44,81,125,470
05/17/2023,TUS,AZ,AWP,CE,Towers with Radar,99,31,30,38,198,0,120,47,27,194,99,151,77,65,392,45,54,99,491
05/18/2023,TUS,AZ,AWP,CE,Towers with Radar,111,26,44,24,205,0,64,52,13,129,111,90,96,37,334,56,34,90,424
05/19/2023,TUS,AZ,AWP,CE,Towers with Radar,98,34,38,20,190,0,87,59,10,156,98,121,97,30,346,50,33,83,429
05/20/2023,TUS,AZ,AWP,CE,Towers with Radar,89,43,34,8,174,0,105,67,7,179,89,148,101,15,353,24,0,24,377
05/21/2023,TUS,AZ,AWP,CE,Towers with Radar,96,45,39,1,181,0,120,76,6,202,96,165,115,7,383,8,0,8,391
05/22/2023,TUS,AZ,AWP,CE,Towers with Radar,100,23,32,48,203,0,61,76,18,155,100,84,108,66,358,68,63,131,489
05/23/2023,TUS,AZ,AWP,CE,Towers with Radar,93,42,41,53,229,0,61,63,21,145,93,103,104,74,374,40,84,124,498
05/24/2023,TUS,AZ,AWP,CE,Towers with Radar,97,54,27,33,211,0,55,75,24,154,97,109,102,57,365,28,62,90,455
05/25/2023,TUS,AZ,AWP,CE,Towers with Radar,95,28,52,42,217,0,112,68,24,204,95,140,120,66,421,50,59,109,530
05/26/2023,TUS,AZ,AWP,CE,Towers with Radar,106,36,42,8,192,0,145,63,7,215,106,181,105,15,407,44,0,44,451
05/27/2023,TUS,AZ,AWP,CE,Towers with Radar,79,25,20,2,126,0,51,58,10,119,79,76,78,12,245,26,0,26,271
05/28/2023,TUS,AZ,AWP,CE,Towers with Radar,82,29,16,1,128,0,92,65,5,162,82,121,81,6,290,62,0,62,352
05/29/2023,TUS,AZ,AWP,CE,Towers with Radar,86,30,32,0,148,0,71,67,5,143,86,101,99,5,291,24,11,35,326
05/30/2023,TUS,AZ,AWP,CE,Towers with Radar,87,41,26,40,194,0,72,56,14,142,87,113,82,54,336,10,44,54,390
05/31/2023,TUS,AZ,AWP,CE,Towers with Radar,99,41,25,36,201,0,41,58,20,119,99,82,83,56,320,16,60,76,396
06/01/2023,TUS,AZ,AWP,CE,Towers with Radar,92,41,51,49,233,0,120,63,22,205,92,161,114,71,438,22,68,90,528
06/02/2023,TUS,AZ,AWP,CE,Towers with Radar,94,34,30,42,200,0,108,57,24,189,94,142,87,66,389,44,62,106,495
06/03/2023,TUS,AZ,AWP,CE,Towers with Radar,82,29,27,21,159,0,126,52,32,210,82,155,79,53,369,50,79,129,498
06/04/2023,TUS,AZ,AWP,CE,Towers with Radar,83,17,27,18,145,0,119,52,14,185,83,136,79,32,330,38,29,67,397
06/05/2023,TUS,AZ,AWP,CE,Towers with Radar,90,34,29,2,155,0,84,53,3,140,90,118,82,5,295,0,0,0,295
06/06/2023,TUS,AZ,AWP,CE,Towers with Radar,87,37,21,27,172,0,58,37,16,111,87,95,58,43,283,24,43,67,350
06/07/2023,TUS,AZ,AWP,CE,Towers with Radar,88,30,38,46,202,0,97,81,21,199,88,127,119,67,401,52,78,130,531
06/08/2023,TUS,AZ,AWP,CE,Towers with Radar,90,52,32,39,213,0,108,56,21,185,90,160,88,60,398,57,63,120,518
06/09/2023,TUS,AZ,AWP,CE,Towers with Radar,101,19,25,45,190,0,57,72,22,151,101,76,97,67,341,82,50,132,473
06/10/2023,TUS,AZ,AWP,CE,Towers with Radar,81,20,22,18,141,0,70,73,11,154,81,90,95,29,295,36,12,48,343
06/11/2023,TUS,AZ,AWP,CE,Towers with Radar,87,16,26,7,136,0,13,51,8,72,87,29,77,15,208,10,0,10,218
06/12/2023,TUS,AZ,AWP,CE,Towers with Radar,87,26,24,40,177,0,74,60,21,155,87,100,84,61,332,12,84,96,428
06/13/2023,TUS,AZ,AWP,CE,Towers with Radar,84,28,18,37,167,0,119,58,7,184,84,147,76,44,351,38,63,101,452
06/14/2023,TUS,AZ,AWP,CE,Towers with Radar,99,27,26,27,179,0,212,69,16,297,99,239,95,43,476,92,53,145,621
06/15/2023,TUS,AZ,AWP,CE,Towers with Radar,88,22,28,35,173,0,83,63,17,163,88,105,91,52,336,50,56,106,442
06/16/2023,TUS,AZ,AWP,CE,Towers with Radar,97,29,26,19,171,0,84,48,10,142,97,113,74,29,313,0,23,23,336
06/17/2023,TUS,AZ,AWP,CE,Towers with Radar,76,29,26,0,131,0,83,47,7,137,76,112,73,7,268,68,0,68,336
06/18/2023,TUS,AZ,AWP,CE,Towers with Radar,85,24,30,4,143,0,58,51,10,119,85,82,81,14,262,22,0,22,284
06/19/2023,TUS,AZ,AWP,CE,Towers with Radar,90,39,31,1,161,0,76,41,1,118,90,115,72,2,279,4,0,4,283
06/20/2023,TUS,AZ,AWP,CE,Towers with Radar,94,27,22,36,179,1,100,68,33,202,95,127,90,69,381,36,54,90,471
06/21/2023,TUS,AZ,AWP,CE,Towers with Radar,85,40,22,36,183,0,73,49,20,142,85,113,71,56,325,32,50,82,407
06/22/2023,TUS,AZ,AWP,CE,Towers with Radar,94,19,29,43,185,0,73,49,24,146,94,92,78,67,331,26,71,97,428
06/23/2023,TUS,AZ,AWP,CE,Towers with Radar,93,31,32,31,187,0,59,42,15,116,93,90,74,46,303,0,43,43,346
06/24/2023,TUS,AZ,AWP,CE,Towers with Radar,86,27,23,1,137,0,66,52,7,125,86,93,75,8,262,26,6,32,294
06/25/2023,TUS,AZ,AWP,CE,Towers with Radar,78,29,19,5,131,0,21,47,5,73,78,50,66,10,204,26,3,29,233
06/26/2023,TUS,AZ,AWP,CE,Towers with Radar,86,20,26,7,139,0,39,47,5,91,86,59,73,12,230,68,0,68,298
06/27/2023,TUS,AZ,AWP,CE,Towers with Radar,86,25,14,36,161,0,69,49,35,153,86,94,63,71,314,50,68,118,432
06/28/2023,TUS,AZ,AWP,CE,Towers with Radar,90,20,24,45,179,0,55,53,25,133,90,75,77,70,312,30,70,100,412
06/29/2023,TUS,AZ,AWP,CE,Towers with Radar,89,26,23,44,182,0,88,58,25,171,89,114,81,69,353,14,86,100,453
06/30/2023,TUS,AZ,AWP,CE,Towers with Radar,100,34,26,29,189,0,117,51,19,187,100,151,77,48,376,64,63,127,503
07/01/2023,TUS,AZ,AWP,CE,Towers with Radar,80,12,23,2,117,0,85,34,9,128,80,97,57,11,245,20,0,20,265
07/02/2023,TUS,AZ,AWP,CE,Towers with Radar,83,13,27,0,123,0,35,39,4,78,83,48,66,4,201,0,0,0,201
07/03/2023,TUS,AZ,AWP,CE,Towers with Radar,82,17,9,0,108,0,57,29,1,87,82,74,38,1,195,8,0,8,203
07/04/2023,TUS,AZ,AWP,CE,Towers with Radar,70,11,10,3,94,0,35,27,1,63,70,46,37,4,157,0,2,2,159
07/05/2023,TUS,AZ,AWP,CE,Towers with Radar,93,26,16,35,170,0,65,51,23,139,93,91,67,58,309,19,59,78,387
07/06/2023,TUS,AZ,AWP,CE,Towers with Radar,96,30,25,47,198,0,100,45,27,172,96,130,70,74,370,22,70,92,462
07/07/2023,TUS,AZ,AWP,CE,Towers with Radar,93,23,30,41,187,0,73,52,16,141,93,96,82,57,328,54,63,117,445
07/08/2023,TUS,AZ,AWP,CE,Towers with Radar,86,16,22,1,125,0,36,45,5,86,86,52,67,6,211,20,0,20,231
07/09/2023,TUS,AZ,AWP,CE,Towers with Radar,89,16,17,5,127,0,46,50,5,101,89,62,67,10,228,16,0,16,244
07/10/2023,TUS,AZ,AWP,CE,Towers with Radar,93,21,24,40,178,0,26,45,11,82,93,47,69,51,260,20,57,77,337
07/11/2023,TUS,AZ,AWP,CE,Towers with Radar,86,13,23,41,163,0,76,40,18,134,86,89,63,59,297,48,62,110,407
07/12/2023,TUS,AZ,AWP,CE,Towers with Radar,95,29,23,34,181,0,102,41,21,164,95,131,64,55,345,50,79,129,474
07/13/2023,TUS,AZ,AWP,CE,Towers with Radar,103,14,30,33,180,0,73,45,14,132,103,87,75,47,312,70,63,133,445
07/14/2023,TUS,AZ,AWP,CE,Towers with Radar,94,19,47,8,168,0,81,43,7,131,94,100,90,15,299,46,0,46,345
07/15/2023,TUS,AZ,AWP,CE,Towers with Radar,89,16,25,1,131,0,34,43,9,86,89,50,68,10,217,28,0,28,245
07/16/2023,TUS,AZ,AWP,CE,Towers with Radar,79,18,17,1,115,0,33,50,4,87,79,51,67,5,202,14,0,14,216
07/17/2023,TUS,AZ,AWP,CE,Towers with Radar,93,27,22,2,144,0,50,32,4,86,93,77,54,6,230,12,0,12,242
07/18/2023,TUS,AZ,AWP,CE,Towers with Radar,89,28,34,40,191,0,98,48,16,162,89,126,82,56,353,20,63,83,436
07/19/2023,TUS,AZ,AWP,CE,Towers with Radar,101,20,26,36,183,0,69,55,30,154,101,89,81,66,337,14,88,102,439
07/20/2023,TUS,AZ,AWP,CE,Towers with Radar,100,18,26,36,180,0,89,58,26,173,100,107,84,62,353,0,89,89,442
07/21/2023,TUS,AZ,AWP,CE,Towers with Radar,107,23,14,25,169,0,27,52,14,93,107,50,66,39,262,42,76,118,380
07/22/2023,TUS,AZ,AWP,CE,Towers with Radar,87,20,15,1,123,0,70,48,2,120,87,90,63,3,243,12,0,12,255
07/23/2023,TUS,AZ,AWP,CE,Towers with Radar,84,26,18,0,128,0,15,26,8,49,84,41,44,8,177,4,0,4,181
07/24/2023,TUS,AZ,AWP,CE,Towers with Radar,95,19,25,29,168,0,50,41,20,111,95,69,66,49,279,8,67,75,354
07/25/2023,TUS,AZ,AWP,CE,Towers with Radar,93,21,16,43,173,0,53,38,17,108,93,74,54,60,281,22,72,94,375
07/26/2023,TUS,AZ,AWP,CE,Towers with Radar,100,30,36,31,197,0,35,52,16,103,100,65,88,47,300,70,61,131,431
07/27/2023,TUS,AZ,AWP,CE,Towers with Radar,98,30,23,36,187,0,46,53,18,117,98,76,76,54,304,10,70,80,384
07/28/2023,TUS,AZ,AWP,CE,Towers with Radar,92,13,21,42,168,0,27,28,15,70,92,40,49,57,238,16,68,84,322
07/29/2023,TUS,AZ,AWP,CE,Towers with Radar,91,15,32,0,138,0,32,47,5,84,91,47,79,5,222,10,0,10,232
07/30/2023,TUS,AZ,AWP,CE,Towers with Radar,83,24,19,4,130,0,21,50,9,80,83,45,69,13,210,12,0,12,222
07/31/2023,TUS,AZ,AWP,CE,Towers with Radar,97,24,19,35,175,0,50,35,26,111,97,74,54,61,286,10,79,89,375
08/01/2023,TUS,AZ,AWP,CE,Towers with Radar,89,48,20,48,205,0,40,51,23,114,89,88,71,71,319,31,82,113,432
08/02/2023,TUS,AZ,AWP,CE,Towers with Radar,93,45,25,37,200,0,108,40,24,172,93,153,65,61,372,20,62,82,454
08/03/2023,TUS,AZ,AWP,CE,Towers with Radar,96,40,30,44,210,0,135,54,19,208,96,175,84,63,418,30,81,111,529
08/04/2023,TUS,AZ,AWP,CE,Towers with Radar,99,39,19,25,182,0,99,61,19,179,99,138,80,44,361,24,67,91,452
08/05/2023,TUS,AZ,AWP,CE,Towers with Radar,88,26,16,22,152,0,51,51,25,127,88,77,67,47,279,30,65,95,374
08/06/2023,TUS,AZ,AWP,CE,Towers with Radar,85,23,21,14,143,0,20,55,27,102,85,43,76,41,245,40,27,67,312
08/07/2023,TUS,AZ,AWP,CE,Towers with Radar,95,27,16,4,142,0,159,40,6,205,95,186,56,10,347,2,6,8,355
08/08/2023,TUS,AZ,AWP,CE,Towers with Radar,100,28,19,23,170,0,24,30,19,73,100,52,49,42,243,2,69,71,314
08/09/2023,TUS,AZ,AWP,CE,Towers with Radar,98,35,24,33,190,0,55,61,34,150,98,90,85,67,340,20,62,82,422
08/10/2023,TUS,AZ,AWP,CE,Towers with Radar,98,31,35,27,191,0,73,61,29,163,98,104,96,56,354,6,40,46,400
08/11/2023,TUS,AZ,AWP,CE,Towers with Radar,101,24,35,28,188,0,89,61,21,171,101,113,96,49,359,66,62,128,487
08/12/2023,TUS,AZ,AWP,CE,Towers with Radar,88,10,19,2,119,0,46,47,4,97,88,56,66,6,216,28,0,28,244
08/13/2023,TUS,AZ,AWP,CE,Towers with Radar,87,31,22,0,140,0,21,49,5,75,87,52,71,5,215,36,0,36,251
08/14/2023,TUS,AZ,AWP,CE,Towers with Radar,94,20,25,27,166,0,56,39,15,110,94,76,64,42,276,52,63,115,391
08/15/2023,TUS,AZ,AWP,CE,Towers with Radar,94,24,29,43,190,0,98,37,19,154,94,122,66,62,344,28,61,89,433
08/16/2023,TUS,AZ,AWP,CE,Towers with Radar,104,19,28,14,165,0,31,22,5,58,104,50,50,19,223,34,15,49,272
08/17/2023,TUS,AZ,AWP,CE,Towers with Radar,95,12,34,14,155,0,91,33,16,140,95,103,67,30,295,20,31,51,346
08/18/2023,TUS,AZ,AWP,CE,Towers with Radar,96,12,24,18,150,0,52,41,16,109,96,64,65,34,259,14,40,54,313
08/19/2023,TUS,AZ,AWP,CE,Towers with Radar,86,19,20,0,125,0,50,38,4,92,86,69,58,4,217,6,0,6,223
08/20/2023,TUS,AZ,AWP,CE,Towers with Radar,89,15,21,0,125,0,19,24,1,44,89,34,45,1,169,14,0,14,183
08/21/2023,TUS,AZ,AWP,CE,Towers with Radar,92,34,25,9,160,0,65,17,7,89,92,99,42,16,249,2,0,2,251
08/22/2023,TUS,AZ,AWP,CE,Towers with Radar,103,19,13,27,162,0,203,53,20,276,103,222,66,47,438,40,62,102,540
08/23/2023,TUS,AZ,AWP,CE,Towers with Radar,98,13,28,29,168,0,69,50,25,144,98,82,78,54,312,46,72,118,430
08/24/2023,TUS,AZ,AWP,CE,Towers with Radar,99,28,33,38,198,0,155,61,26,242,99,183,94,64,440,48,54,102,542
08/25/2023,TUS,AZ,AWP,CE,Towers with Radar,99,21,22,35,177,0,36,56,19,111,99,57,78,54,288,18,58,76,364
08/26/2023,TUS,AZ,AWP,CE,Towers with Radar,88,24,26,5,143,0,51,45,11,107,88,75,71,16,250,24,0,24,274
08/27/2023,TUS,AZ,AWP,CE,Towers with Radar,93,18,28,2,141,0,36,55,4,95,93,54,83,6,236,42,6,48,284
08/28/2023,TUS,AZ,AWP,CE,Towers with Radar,95,26,13,29,163,0,81,44,19,144,95,107,57,48,307,12,65,77,384
08/29/2023,TUS,AZ,AWP,CE,Towers with Radar,100,29,22,46,197,0,140,67,14,221,100,169,89,60,418,42,87,129,547
08/30/2023,TUS,AZ,AWP,CE,Towers with Radar,107,21,27,26,181,0,159,36,18,213,107,180,63,44,394,16,28,44,438
08/31/2023,TUS,AZ,AWP,CE,Towers with Radar,107,30,25,30,192,1,43,39,17,100,108,73,64,47,292,2,74,76,368
